,time,hash,latitude,longitude,serial,distance
0,2019-08-03T08:15:00Z,15918569de0a46a8eb56b43d8d39f7fc82619ff1006f00822c85745c,60.17918,24.95141,00000000675d5200,1.38
1,2019-08-03T08:15:00Z,165ebbb4090d47319ae370f0d0854fdc1f6b79499f8b2e4d3c3533c0,60.16544,24.95398,0000000038d83d41,27.28
2,2019-08-03T08:15:00Z,1d513a9eda6958eaa6394ca7a03bb7c0beb946191e40ea22378b96fa,60.16762,24.95415,000000006b44cce7,18.79
3,2019-08-03T08:15:00Z,2a93b61a3863ace54349d7a0937e4134fcc6d4dfcf064eefae2b7cf8,60.15432,24.9211,0000000019fb59c4,12.69
4,2019-08-03T08:15:00Z,2af9f18ec38ddcce3e687bdf1a0e3d95da68f65a2028ee4a3bdeddab,60.15432,24.9211,0000000019fb59c4,10.78
5,2019-08-03T08:15:00Z,3ad296e10983c2ed457632d45855aecf265b05873d87c94e1e462ba2,60.1638,24.96846,00000000d747f075,13.75
6,2019-08-03T08:15:00Z,40fb0155c91a3ab1736a6bd83f81cf77fe80177e68d799e0a845a1f1,60.14951,24.92138,0000000006dd41f6,17.4
7,2019-08-03T08:15:00Z,4186d6da68ebd511be3b61a558ed48d28d1c10eecd472a422b422ca2,60.16544,24.95398,0000000038d83d41,20.28
8,2019-08-03T08:15:00Z,42e4334e48cea326c698c8e5e640ba8310b01ed1ecf539425790c6c6,60.16829,24.94214,00000000afef4555,7.69
9,2019-08-03T08:15:00Z,48b63d4bb575eae6b236e4c9fb933e2fcddc7c7f1e3aed085c190364,60.16762,24.95415,000000006b44cce7,17.4
10,2019-08-03T08:15:00Z,4971b340d0be0c700f6f823fad8233412dad2c6fbc9c017a015603f1,60.16829,24.94214,00000000afef4555,12.69
11,2019-08-03T08:15:00Z,55486c7cbc7fe90013a13d912b76ac16b72f90eed0e6df18b56e8a3d,60.16629,24.95957,00000000fb7600be,18.79
12,2019-08-03T08:15:00Z,5bbb5184fded3e51bc78e45e39917794285e6bbc72da404802a9599a,60.16531,24.9442,00000000fdda10fe,21.87
13,2019-08-03T08:15:00Z,5d65719c4cbf045f068d084b72302f447d5fd034413d97d13be00d0e,60.18203,24.91341,00000000342570c2,16.1
14,2019-08-03T08:15:00Z,5eed115a984d490b02b602d73787aee8dc8c4e9365b77fbff3818a76,60.16629,24.95957,00000000fb7600be,20.28
15,2019-08-03T08:15:00Z,66ef74234cf65f7599ed219dbaeb5b7e77f6ef0657636785dddb554d,60.16829,24.94214,00000000afef4555,6.46
16,2019-08-03T08:15:00Z,6cafeff25cc9b66ae3d429da439cd956cfa8c12d6ae57b1870400fed,60.17918,24.95141,00000000675d5200,2.3
17,2019-08-03T08:15:00Z,6f06341f358e61699fe1e55e986dd0554bc8da28b91daf0c5ad99db6,60.16629,24.95957,00000000fb7600be,25.36
18,2019-08-03T08:15:00Z,79cae1a20c4e7e4d8b2b62e8f157171c639d9cf1ba41e44491d9c5c5,60.16897,24.95222,00000000aa852af1,23.56
19,2019-08-03T08:15:00Z,79f136afa0dd8717337c01c70b457c464aaf0fa25b440f51a394ec23,60.16762,24.95415,000000006b44cce7,13.75
20,2019-08-03T08:15:00Z,85ceed90800e62346ec513df33a49c092b0f2e3bcf84abbda866a1c6,60.17918,24.95141,00000000675d5200,1.88
21,2019-08-03T08:15:00Z,87dfaad29a9276ddddb1fa021d3bc23ad14824c1af16f7d87e713689,60.14951,24.92138,0000000006dd41f6,10.78
22,2019-08-03T08:15:00Z,8cd396d0a6167fdcf74585de2535035fe17edbc9094c997f14af2dd2,60.16829,24.94214,00000000afef4555,4.94
23,2019-08-03T08:15:00Z,8ff60f950161ed884860c37d18e95c683a57d568528f4083008a5dd8,60.15432,24.9211,0000000019fb59c4,12.69
24,2019-08-03T08:15:00Z,9590fbe7f7e9074b6dd825956de8c796ae92a16b43c9c6eff0730584,60.14951,24.92138,0000000006dd41f6,16.1
25,2019-08-03T08:15:00Z,9843c6216661048343a0e49cf3d8aa2883cf77f452666a1c873a1052,60.16448,24.97323,0000000053c6c2be,18.79
26,2019-08-03T08:15:00Z,a73feab15b1c10c8eb6ac983cefc02aa781faa64ce6ee51c480c831c,60.16829,24.94214,00000000afef4555,9.92
27,2019-08-03T08:15:00Z,ac0787f0e045c803e5210bda77cbd640b88135d83a2d295642033071,60.17002,24.94407,000000006b087f40,27.28
28,2019-08-03T08:15:00Z,b4faf2d3c4d2b199afeab6ab63b583fe3a2e81e14abbef6917f25129,60.15432,24.9211,0000000019fb59c4,16.1
29,2019-08-03T08:15:00Z,b5fd6b317890e5ab2d79e2cd1abe61626d45a753c7337d0d40728898,60.16762,24.95415,000000006b44cce7,9.12
30,2019-08-03T08:15:00Z,b7ebfe742e6f47764937a17ffe7f48638bd50e8a3f2c749fb04bce82,60.149,24.9843,00000000fffb8cf0,18.79
31,2019-08-03T08:15:00Z,b851f114e0210cafffc75aa26c1b276c900f4083e224367195561efa,60.16829,24.94214,00000000afef4555,29.32
32,2019-08-03T08:15:00Z,bb52abe4edeb7604c7a55e84373a051fe6adeac1849883eb0877f237,60.15432,24.9211,0000000019fb59c4,10.78
33,2019-08-03T08:15:00Z,bb98768dad0f7c52cf643f035a3e7e48f5cfe28557c66f2a75914b31,60.15432,24.9211,0000000019fb59c4,13.75
34,2019-08-03T08:15:00Z,bc8d5204f383d961b96ae6f2782767a060f81b7d117d022de644fe0e,60.16829,24.94214,00000000afef4555,12.69
35,2019-08-03T08:15:00Z,c40c37def6bf11a63a2556519a7c6233fd417cdeea2cf14f28e7c42c,60.16531,24.9442,00000000fdda10fe,23.56
36,2019-08-03T08:15:00Z,c8260290e209356851d93fbd13e00bd570577b205f94ea96cdebf8db,60.14699,24.922,00000000a53ed894,16.1
37,2019-08-03T08:15:00Z,cf05623e4d87ce0906c0b0b7dbf53aacc1228016cd27c341228b6e76,60.18203,24.91341,00000000342570c2,18.79
38,2019-08-03T08:15:00Z,ea2af410359f5c862dbc71554cc0b6ea29d823a91db3209fcd2a8c76,60.16762,24.95415,000000006b44cce7,16.1
39,2019-08-03T08:15:00Z,eb24ab9795f788b82685ca2492dd2f1fd9b93d8d15f84b69c3fdf0db,60.16829,24.94214,00000000afef4555,17.4
40,2019-08-03T08:15:00Z,ed740f442f5b4c0b7c6278bf30f66d4063bbb308276e4106f8ffc8da,60.17065,24.93641,000000000f4919c9,23.56
41,2019-08-03T08:15:00Z,f088630d7476dae7d4b7e2bb1f10575f2c89acb4b6e061f3d57c2b40,60.16531,24.9442,00000000fdda10fe,27.28
42,2019-08-03T08:15:00Z,fc4f3a44235f1cfc7b53f14ba2da599976a5a0a220d23b852688e485,60.17918,24.95141,00000000675d5200,13.75
43,2019-08-03T08:15:00Z,00218217c69598d7fa8cf3b8829dfdded905ea4dae197eb2e9710044,60.1638,24.96846,00000000d747f075,17.4
44,2019-08-03T08:15:00Z,0081d95cd4290d87a0959c683f1a354224d3fcf65aa3e40ddb80d89b,60.1638,24.96846,00000000d747f075,23.56
45,2019-08-03T08:15:00Z,02cac199b9c54b405273d052de2c21dcad176990157e415fc52d2d42,60.15432,24.9211,0000000019fb59c4,9.92
46,2019-08-03T08:15:00Z,058f5a5d1807eb9227a7af18a9fb2f140e24035eea4e8fcbd2649f7c,60.16829,24.94214,00000000afef4555,14.89
47,2019-08-03T08:15:00Z,0607e3e082e2275ee7cbbd3bda76674c172a31ec57b249c3a85d6b04,60.16897,24.95222,00000000aa852af1,20.28
48,2019-08-03T08:15:00Z,06179d0d0ee9729fb4dd89c4ac4f48a40e58fc6238d0e181a7ba72f6,60.16448,24.97323,0000000053c6c2be,23.56
49,2019-08-03T08:15:00Z,061ef742472c70397f7ae170d2927edd5a2103a06b89eac52b8d7ead,60.16897,24.95222,00000000aa852af1,29.32
50,2019-08-03T08:15:00Z,0757f04a2ceb28dcdf992b0e6de74f84656d23ddcd26a4f021f91f71,60.17918,24.95141,00000000675d5200,12.69
51,2019-08-03T08:15:00Z,075ee56d2fe6980b377f946785c6361e7aeea1a7f106c96d4f717b7b,60.14699,24.922,00000000a53ed894,16.1
52,2019-08-03T08:15:00Z,08eb7a27689ad0b7031ef2cc205b70ff2a8b01d84d759422b036f671,60.16829,24.94214,00000000afef4555,11.7
53,2019-08-03T08:15:00Z,08ede6f04def9a5ae8e34d95999f9da3c8de72cfb69e33ad4783357d,60.17918,24.95141,00000000675d5200,7.05
54,2019-08-03T08:15:00Z,09f930c82d36c9dbe1bb46ef6b3ef49fc9280d47783908eda4d16cf6,60.16629,24.95957,00000000fb7600be,13.75
55,2019-08-03T08:15:00Z,0ac6008a4b654e034d5ffa175c8076d5656236f1c5192549417c8081,60.173,24.92524,0000000096918cfa,20.28
56,2019-08-03T08:15:00Z,0b419a90e3c12b8b5b159f14ddb14cdd25b8f465666f61a4b0dd0c78,60.16448,24.97323,0000000053c6c2be,9.92
57,2019-08-03T08:15:00Z,0cd38f9c10aaed747180dac0113a1599479d13ab7325db2fa9fc4190,60.16544,24.95398,0000000038d83d41,20.28
58,2019-08-03T08:15:00Z,0d7f3f667376310b5a8af04a6f236b67a05c403f46191808e9254343,60.16629,24.95957,00000000fb7600be,10.78
59,2019-08-03T08:15:00Z,0db3d5e1c6505b680cad669f1b0dfb58f0e42be24bef71166ec1ef01,60.14947,24.91438,000000004ef3150d,27.28
60,2019-08-03T08:15:00Z,0ddc7f7f2692c303222f3b8b494c2831cb048e46646b5b82f54e70c2,60.16629,24.95957,00000000fb7600be,31.5
61,2019-08-03T08:15:00Z,0e8d7a9dac1def7239b785bc1398849e48771f2d024546aa8e5d9446,60.16629,24.95957,00000000fb7600be,20.28
62,2019-08-03T08:15:00Z,0f668e65a7799df8df267a21daf211a7882f66ff82ca86dfd2dba81c,60.1638,24.96846,00000000d747f075,21.87
63,2019-08-03T08:15:00Z,10098588e75a46513389a74b4bcbb3f65266f736683c033b527c6a82,60.16762,24.95415,000000006b44cce7,12.69
64,2019-08-03T08:15:00Z,10c51a586a5413e8c8dcf128681a7767afc753292407576cd9f32307,60.16829,24.94214,00000000afef4555,33.81
65,2019-08-03T08:15:00Z,120038c3991acd3a2a8d8a4e50e3d67c43674d1e2b7e2f59a49f5e9d,60.16897,24.95222,00000000aa852af1,11.7
66,2019-08-03T08:15:00Z,1263cc77681a0229bda2e22b6324a296afbc44ae67822b62cd67bf09,60.16762,24.95415,000000006b44cce7,5.91
67,2019-08-03T08:15:00Z,13a59c34488b94c671c2a5d158c22252cbc627a5c6a0bdbc5de8b5cc,60.149,24.9843,00000000fffb8cf0,31.5
68,2019-08-03T08:15:00Z,1435426fdad6ee5c10efd256482d5fb4d25793f7546d868e4b01d095,60.173,24.92524,0000000096918cfa,5.41
69,2019-08-03T08:15:00Z,1441f605bb6cc7fa20795610848fe612256c00fcfcf504bc02f541d9,60.15432,24.9211,0000000019fb59c4,10.78
70,2019-08-03T08:15:00Z,157f4897d4ef39718a259db1af3f666c83dc3992db1d7d81541d75cb,60.1638,24.96846,00000000d747f075,21.87
71,2019-08-03T08:15:00Z,16639b1c0fe8da28ad2a833a7d6f2f3abd660d44395d7702f1d23fdc,60.16544,24.95398,0000000038d83d41,17.4
72,2019-08-03T08:15:00Z,166931dc11c0b3b63b42ef55f873a63bdc84ac01eed6367621bf32f8,60.149,24.9843,00000000fffb8cf0,31.5
73,2019-08-03T08:15:00Z,17280e1e6915b95a1a2280d9395484b7c5e2c42f6b13e8ffae5746ad,60.17002,24.94407,000000006b087f40,21.87
74,2019-08-03T08:15:00Z,188dc931801150b1ac3babd8a440f6fa931b7d575a98fa2b500dfe6e,60.16448,24.97323,0000000053c6c2be,23.56
75,2019-08-03T08:15:00Z,191ca2b6ca6a099650447123a9300ef5e79a100707e815cc5b1d7279,60.1638,24.96846,00000000d747f075,5.91
76,2019-08-03T08:15:00Z,1997b4a7764c5cf3c809d82cd779ea011aefd53c68787458a434a500,60.16829,24.94214,00000000afef4555,23.56
77,2019-08-03T08:15:00Z,19d65e4deca71bee0685e1e21720170f20bb87399ad8f9fa7e6e20d9,60.16762,24.95415,000000006b44cce7,9.12
78,2019-08-03T08:15:00Z,1a4aacae75dec086efbe692ee1cc036370b482df150a904311723c90,60.16897,24.95222,00000000aa852af1,20.28
79,2019-08-03T08:15:00Z,1ac5bfa700b8f7582f019c091eea4002defe51c067400838f8d773b8,60.1638,24.96846,00000000d747f075,13.75
80,2019-08-03T08:15:00Z,1ce890f761d8020db1433d73acc5fc97bdea162e78f31b0305a351aa,60.16762,24.95415,000000006b44cce7,7.05
81,2019-08-03T08:15:00Z,1d988ba3b8d89ff3b80b16821dd3048882bcd77688e3efb737da5fee,60.16829,24.94214,00000000afef4555,17.4
82,2019-08-03T08:15:00Z,1e08e06f5088aac006b415dd0af5e9c327ff1b84f7fac990e0ef34f9,60.17918,24.95141,00000000675d5200,3.74
83,2019-08-03T08:15:00Z,1f2610b10c91e0d50b172f4c2358a0676cb499f74a1b94b98ceb9b15,60.17918,24.95141,00000000675d5200,2.08
84,2019-08-03T08:15:00Z,20198ab81849bb136d38b08919dab7c7e559a8e89f7d4cd050858fe6,60.16829,24.94214,00000000afef4555,25.36
85,2019-08-03T08:15:00Z,21b26bb480b67ed934fc0b9f145998a899c2bf54fcf288ecd034033c,60.16531,24.9442,00000000fdda10fe,31.5
86,2019-08-03T08:15:00Z,21c765fb958649a5eb91748c66ced588121ffc0d7822da767b97e6a0,60.16762,24.95415,000000006b44cce7,6.46
87,2019-08-03T08:15:00Z,22171d301693d7e62d90a7d759972987bad9f2e19118bc1f607e5aae,60.17002,24.94407,000000006b087f40,25.36
88,2019-08-03T08:15:00Z,2242be30b3c296495e1e5ea4ca54db584a147e845dbf7cbe41e19416,60.17919,24.95181,000000007b5207b6,17.4
89,2019-08-03T08:15:00Z,24d5d3c5a76ed63d48869f173a90c5a26833e751255d08aaae32bc50,60.16762,24.95415,000000006b44cce7,13.75
90,2019-08-03T08:15:00Z,2590022f03289aec93061f30dd74d4bc55efd262dc067656aa6243f5,60.17065,24.93641,000000000f4919c9,18.79
91,2019-08-03T08:15:00Z,271e7fb5f9c9268b062a621b0dac4f0eaa85d8b59e543ffa08b1841b,60.16762,24.95415,000000006b44cce7,17.4
92,2019-08-03T08:15:00Z,27eb4cd882331c60f0430f65a565a7f4cdefc210f30da06f703b8a62,60.14699,24.922,00000000a53ed894,6.46
93,2019-08-03T08:15:00Z,2806bc24a9eb1b0fdb49b35f56580813eae272c4c20c21af6f193a0c,60.16762,24.95415,000000006b44cce7,2.8
94,2019-08-03T08:15:00Z,2920b4eb01f353e315bbd1d65fd32ed8f4ce18e7bd320eae2fc81e95,60.17918,24.95141,00000000675d5200,10.78
95,2019-08-03T08:15:00Z,29bd6d05848b5ed854ce0a0d22e6fec61ab2c57c75a373632e006ccb,60.17918,24.95141,00000000675d5200,9.92
96,2019-08-03T08:15:00Z,29ec2dc0d3153e51d22e73900da7b8ccfddb0bf782fb1ef466a000cb,60.16762,24.95415,000000006b44cce7,12.69
97,2019-08-03T08:15:00Z,2a6bd8a2031c4ced9be128ccb009bc1487fa0f474d5e0484e444ddfd,60.17918,24.95141,00000000675d5200,9.12
98,2019-08-03T08:15:00Z,2a7bdc05fdfb3623896fe29bd201f26096127fa23d6b8e51b2010b73,60.17065,24.93641,000000000f4919c9,17.4
99,2019-08-03T08:15:00Z,2b32f7c4ca8e8d620d956253ba0d94f3c9d161b4f87f0e5dd4a432dc,60.16531,24.9442,00000000fdda10fe,16.1
100,2019-08-03T08:15:00Z,2bbd9bc6e961bebf01a64901003c738c1bf794dafe8b93180c1ee120,60.16629,24.95957,00000000fb7600be,27.28
101,2019-08-03T08:15:00Z,2be47217c984f482ab84c2b119a3ddcd4919d86b9c2557bbd492754e,60.1638,24.96846,00000000d747f075,27.28
102,2019-08-03T08:15:00Z,2d3c00dc62e7bc950315db141dfb297f5dccd5125b68d1d264b46471,60.16544,24.95398,0000000038d83d41,13.75
103,2019-08-03T08:15:00Z,2d7e7b077e5256aca93121c56d1d3073f3bb3860b1a0b8825e7330aa,60.14699,24.922,00000000a53ed894,25.36
104,2019-08-03T08:15:00Z,2e34362005b51089c4160b5e5508ee8fdcca4b7a72d2f590460bef76,60.1638,24.96846,00000000d747f075,21.87
105,2019-08-03T08:15:00Z,2f84eaaf54d7e44dd20422395b484dc6b73b16682a0eb536aabffcfc,60.16762,24.95415,000000006b44cce7,3.74
106,2019-08-03T08:15:00Z,30188808dedf58fc4ab784d0dfc9b7793cda5089d02a583a303d8dc7,60.16897,24.95222,00000000aa852af1,20.28
107,2019-08-03T08:15:00Z,303ab759d9c353710ad53aafb4d3c645d13dee949c55b0f11acfabfd,60.15432,24.9211,0000000019fb59c4,7.05
108,2019-08-03T08:15:00Z,31532f81bb8c789f7c6ceb2f7eceb391bbbbc3ac7add3c6d1ee2b393,60.16897,24.95222,00000000aa852af1,27.28
109,2019-08-03T08:15:00Z,3436d7e1245ce02af3ce9c68fc44d9691dc54af37433cc05855376c0,60.1638,24.96846,00000000d747f075,11.7
110,2019-08-03T08:15:00Z,3517ca06c79b029cce2e3a3ba4f4ac32f6fab21f17e5fbc580a06bcb,60.16544,24.95398,0000000038d83d41,29.32
111,2019-08-03T08:15:00Z,355612bb5dd9dc381516be452a748f3aa5fc22f6eba6768dc7f4afeb,60.18203,24.91341,00000000342570c2,23.56
112,2019-08-03T08:15:00Z,36396276bdd79073c90c6af147deecb9d33b4a7b504f58b40ad697c9,60.17919,24.95181,000000007b5207b6,3.4
113,2019-08-03T08:15:00Z,364fccad732512cf2e88444a9e716fe969e13606529c485c4691d9c3,60.16897,24.95222,00000000aa852af1,12.69
114,2019-08-03T08:15:00Z,368ec4e1a236ef0b1a6c4b9d13650c64187b8c75b92b992a7f2e082b,60.16897,24.95222,00000000aa852af1,3.4
115,2019-08-03T08:15:00Z,38fed8f593cc00c2c322cd1a6e6c399e8a7c923d13090e9eef860d16,60.16829,24.94214,00000000afef4555,8.38
116,2019-08-03T08:15:00Z,395371b9d4a240b65d50b84d2793489a2c7f277692bcd4ae767c84a3,60.16897,24.95222,00000000aa852af1,11.7
117,2019-08-03T08:15:00Z,396cf985926500391ff897cd8a8ed349b3d8fb29633767e005eb4ee0,60.1538,24.95595,0000000038bf9618,20.28
118,2019-08-03T08:15:00Z,3a14172de8b35ecbda757fc9f8bb93e7768a5e2b87b4a95714f52d18,60.16544,24.95398,0000000038d83d41,3.4
119,2019-08-03T08:15:00Z,3a1f8e0cf8e833d868ec797a4cd6da1aeba00fc7a70b696cee698aca,60.16544,24.95398,0000000038d83d41,16.1
120,2019-08-03T08:15:00Z,3a9b5a5d7c75760f81129612fb887492818dc9e7a0899d6586a9c188,60.17002,24.94407,000000006b087f40,7.69
121,2019-08-03T08:15:00Z,3cde744fc0b4ce1994bf98cd97480a4ad0647a5520f8e6194f280bab,60.16829,24.94214,00000000afef4555,18.79
122,2019-08-03T08:15:00Z,40d98398199079e94b4ee6c304b6acffe3e27fe72e3695116ffaf1ab,60.14699,24.922,00000000a53ed894,25.36
123,2019-08-03T08:15:00Z,415c8433468c2c7a152875abb9215f40a3d7367eef7ad62404323a65,60.1638,24.96846,00000000d747f075,29.32
124,2019-08-03T08:15:00Z,42567d3ba34184f59f11db1868a99f65f22c832f28383275d94f9946,60.16829,24.94214,00000000afef4555,27.28
125,2019-08-03T08:15:00Z,427a8592a240f6e0767ba3e149c3db6aab488a45c73a22bac7c68afe,60.16762,24.95415,000000006b44cce7,20.28
126,2019-08-03T08:15:00Z,42805952bf8dfb3907dc9019c1d3a2e1f548f617b23b852b4527d534,60.16544,24.95398,0000000038d83d41,25.36
127,2019-08-03T08:15:00Z,432895ceb95dbbefdc1c785f8b2cfe2981f36a4b814d040b6570e9cd,60.16762,24.95415,000000006b44cce7,13.75
128,2019-08-03T08:15:00Z,4348d81872a351f56c81a4c052a2341950a13e923cad6f474b6566b8,60.16897,24.95222,00000000aa852af1,11.7
129,2019-08-03T08:15:00Z,444917bc3b5401c324f509e8687e3e0bc861b2f70f2f662bdd60191d,60.1638,24.96846,00000000d747f075,27.28
130,2019-08-03T08:15:00Z,447fcca3d96a38f69ed0f54c9516713035c38e9fdc90f26d949c9519,60.16762,24.95415,000000006b44cce7,18.79
131,2019-08-03T08:15:00Z,44c6f983d61faaa88f5d5dfd0ec6e17b6da952e21b39b9e077ea9410,60.16897,24.95222,00000000aa852af1,21.87
132,2019-08-03T08:15:00Z,44f0a5be4668219a6a1353db96281df2bb8b02faae5af7e38a7f278a,60.18203,24.91341,00000000342570c2,14.89
133,2019-08-03T08:15:00Z,451ed24deb3546b1b353c10accf326745f41b8bd5f182eeb59318dab,60.17065,24.93641,000000000f4919c9,0.5
134,2019-08-03T08:15:00Z,451f433f5a70153b0fdefced0f2270c456ac2c76c160733b9a3fbdb2,60.16897,24.95222,00000000aa852af1,20.28
135,2019-08-03T08:15:00Z,45f86505ad65c5d72185ddce56aedf9f496a3a4eb3ee5025783d6f03,60.16762,24.95415,000000006b44cce7,9.12
136,2019-08-03T08:15:00Z,46211d1d932b5fd2b0a00122ce8c489561801decd15bda97fff45c3b,60.17918,24.95141,00000000675d5200,9.12
137,2019-08-03T08:15:00Z,46a742819d135f8d66caa2ff26e6ce7aa49944d94fde49b618dc3721,60.16897,24.95222,00000000aa852af1,8.38
138,2019-08-03T08:15:00Z,46f0a85b8b89abc6a4265efbe82a35d430116e3b33f9a5add8f52194,60.17065,24.93641,000000000f4919c9,13.75
139,2019-08-03T08:15:00Z,476538a24bab0d9ae6a1c9ed7241ddaf1dbcb0ed50cae890fd2741d2,60.1638,24.96846,00000000d747f075,36.27
140,2019-08-03T08:15:00Z,47b6f329c8866951b487507db6ecc5ff1276e65f703cf8268656c557,60.149,24.9843,00000000fffb8cf0,14.89
141,2019-08-03T08:15:00Z,4830ffd2e61b637965d8e855f7802bc0f665af9ab3d4a5d011c2c557,60.18203,24.91341,00000000342570c2,27.28
142,2019-08-03T08:15:00Z,48572b626590077d0b3db6e8ef34a45322d7c776a6c48c675fadae98,60.1638,24.96846,00000000d747f075,14.89
143,2019-08-03T08:15:00Z,48e784625971f1edca60abfc6fd29d49d917e09cd50695a9efd0737b,60.17918,24.95141,00000000675d5200,10.78
144,2019-08-03T08:15:00Z,494eed8a971817a03b9a6093184f56f5f0c8b94f8ff4ed3123959f3a,60.1538,24.95595,0000000038bf9618,5.91
145,2019-08-03T08:15:00Z,499bcd5081e6fdb724b9565ef1643a78c3af341459989c495ae998d6,60.16448,24.97323,0000000053c6c2be,9.92
146,2019-08-03T08:15:00Z,4b5a53fbedfe370b51ff479ec2cde1ac6efa15747bbbda4b2308148c,60.16829,24.94214,00000000afef4555,14.89
147,2019-08-03T08:15:00Z,4b9a59f7b53bd2eb85558a7c99782aa0348be1c08a5dcdf037056919,60.16629,24.95957,00000000fb7600be,20.28
148,2019-08-03T08:15:00Z,4bef5145af2697ceab0c0c6325241b4a45a34d4c38e31ad56372b8e1,60.16544,24.95398,0000000038d83d41,25.36
149,2019-08-03T08:15:00Z,4c7577d2a2d0f6de2362cdfb68e5de50b23657e1e36b46f112ad8689,60.1638,24.96846,00000000d747f075,10.78
150,2019-08-03T08:15:00Z,4dfd20d445b08adf37ad7f78a753421ef7a5e1aa467968f812187589,60.17918,24.95141,00000000675d5200,5.91
151,2019-08-03T08:15:00Z,4ec34ab3e6e7ab0d73efa99cb7c8f35f223b27c9a6dbb3c8d24c785b,60.16544,24.95398,0000000038d83d41,17.4
152,2019-08-03T08:15:00Z,4f5d3b6e9152050d9bd391df72c8bdeb57728d0de3525e3e3758b2b1,60.16829,24.94214,00000000afef4555,4.11
153,2019-08-03T08:15:00Z,50f153b109bc249079861bf1df74aad49b221a9b7e6da746ce694c78,60.16448,24.97323,0000000053c6c2be,23.56
154,2019-08-03T08:15:00Z,515a027a3ae22833cdec6d4fd69b604be2cbad1a56b7e78e296bf4cf,60.17002,24.94407,000000006b087f40,14.89
155,2019-08-03T08:15:00Z,51816245777d13e74255125590ea986dcd64fd4a77548dabd828ddda,60.16762,24.95415,000000006b44cce7,6.46
156,2019-08-03T08:15:00Z,52b21bdaf6d69d49350d06203539e2b5bb98ef0829056579cb66b200,60.16629,24.95957,00000000fb7600be,17.4
157,2019-08-03T08:15:00Z,5302bb3f1481fd0539387a5009db6cbdedc6601e5765446904f2e43c,60.16762,24.95415,000000006b44cce7,9.12
158,2019-08-03T08:15:00Z,5322301144e05503d6af7611054268bc751e1e5b356a317694fc73eb,60.16897,24.95222,00000000aa852af1,14.89
159,2019-08-03T08:15:00Z,53cababb0c5585673231b78eea53604138becbfda4489e76eb2fb5fa,60.1638,24.96846,00000000d747f075,9.92
160,2019-08-03T08:15:00Z,55ef8e8167c1654e71ad5f328e06677d7562d52176657cf57f4126ba,60.16897,24.95222,00000000aa852af1,18.79
161,2019-08-03T08:15:00Z,5651eacd2fb28d1c252fad0c251c80a6c3a28b966e3fc22ae08bac05,60.17918,24.95141,00000000675d5200,11.7
162,2019-08-03T08:15:00Z,5678e6539923a48f035ed1a5d390a763084a0cf99207bb767c0f572d,60.16897,24.95222,00000000aa852af1,20.28
163,2019-08-03T08:15:00Z,5683a1e3efcdf8596ddd2b4dc3df09166f7fb0f1463bb6fb6102146a,60.16762,24.95415,000000006b44cce7,8.38
164,2019-08-03T08:15:00Z,56bf8c69fbbf18a692dc804402a4b7fa6c8856085ea2e585aab7100b,60.173,24.92524,0000000096918cfa,11.7
165,2019-08-03T08:15:00Z,584cb0b0cdd14e608c8b57c8aecc9826f9b40027e365e2438a444ea2,60.16762,24.95415,000000006b44cce7,7.69
166,2019-08-03T08:15:00Z,58adf3640f323bf49b85ee0f965bdef4f8ef64101f7c73494926f979,60.17918,24.95141,00000000675d5200,6.46
167,2019-08-03T08:15:00Z,58df9dac466b58c4f5c728fc2f3e6630da72f3d20a9dd7852c1b4a39,60.16762,24.95415,000000006b44cce7,23.56
168,2019-08-03T08:15:00Z,59863840c72320d5cb29db6787086ca3794262e655aa8a08d11b34bc,60.1638,24.96846,00000000d747f075,11.7
169,2019-08-03T08:15:00Z,5a4677de8d29a2fff898061b5aac83eba1f83de86397126a0190112f,60.149,24.9843,00000000fffb8cf0,11.7
170,2019-08-03T08:15:00Z,5a4b4ea8af38da15ce0620780865619ba672c74d0dc90abf568808c9,60.14699,24.922,00000000a53ed894,21.87
171,2019-08-03T08:15:00Z,5ac0d9181957faf6af7c0e879bfcee41ed0d74f058536f0df02043a6,60.16531,24.9442,00000000fdda10fe,13.75
172,2019-08-03T08:15:00Z,5ac73b75d10cf89bf37c802ae3f1678a3905f21bce4ec528d95faba2,60.16762,24.95415,000000006b44cce7,10.78
173,2019-08-03T08:15:00Z,5ba0faab3457f3eea2f4b386ee394d8e0cadd98f9cba4a3ec10ba0e4,60.149,24.9843,00000000fffb8cf0,7.05
174,2019-08-03T08:15:00Z,5d28164de7c2493e331dcaba155342a53e0db335bebcf012a5b843b7,60.16829,24.94214,00000000afef4555,7.69
175,2019-08-03T08:15:00Z,5d805079af0e37954263f588b7c2e392dc228a0af24eea91aafeed48,60.16829,24.94214,00000000afef4555,6.46
176,2019-08-03T08:15:00Z,5deced184e490729142e2e737f7cae7c7f65ff5f56da10164ecc0d18,60.16531,24.9442,00000000fdda10fe,11.7
177,2019-08-03T08:15:00Z,5edb256b73872e08cffcc94f0e97927d9a3164cb9ba805c906d8e839,60.16544,24.95398,0000000038d83d41,29.32
178,2019-08-03T08:15:00Z,5f0a96da77fc3921ced2c77b9f77c0419c7bfbb8bf5321dd5d69a4f4,60.16762,24.95415,000000006b44cce7,10.78
179,2019-08-03T08:15:00Z,5f8cd883eedb01ea333e2a98d8e0c56525fdf87473b729efa5a3592b,60.17918,24.95141,00000000675d5200,14.89
180,2019-08-03T08:15:00Z,607df7eeef62756902f075bf859347f12ec54e87b84974b4115265a9,60.17002,24.94407,000000006b087f40,12.69
181,2019-08-03T08:15:00Z,639d06b9b1be90e9bf9befe3b0e10b060b8781cae96be428a1df4eff,60.17002,24.94407,000000006b087f40,10.78
182,2019-08-03T08:15:00Z,645910f0a1b28150cd171bc4666164f9066c1a51d396f96a887bc704,60.16448,24.97323,0000000053c6c2be,13.75
183,2019-08-03T08:15:00Z,649833818de21c6f574e9c0f9d2153513319a99a5efdce1ba17e89d6,60.16897,24.95222,00000000aa852af1,8.38
184,2019-08-03T08:15:00Z,65dc66fdf0f379c97f3a48357a7d8bed65376abb8567185868acef6a,60.17918,24.95141,00000000675d5200,8.38
185,2019-08-03T08:15:00Z,6787eef14339efc6fb32d46ac1624853c7963f718829a650301c8714,60.14699,24.922,00000000a53ed894,11.7
186,2019-08-03T08:15:00Z,68f6c4e9cfbbb6c65ff7b32eab7397b4926ae84f8ff4596eea46a369,60.16897,24.95222,00000000aa852af1,10.78
187,2019-08-03T08:15:00Z,6987f0ce68decb53c024c56f31ae180ff19b20bf14e28fea6337a606,60.16829,24.94214,00000000afef4555,17.4
188,2019-08-03T08:15:00Z,6a0b9a53279f2a2f5b6c0758d65f561e674c0de0854a1241db6b4c02,60.16448,24.97323,0000000053c6c2be,17.4
189,2019-08-03T08:15:00Z,6ca3dcdee5d5a042053d0b6fcbd9b7a5dac086ff86b5683c417aa86f,60.16762,24.95415,000000006b44cce7,7.69
190,2019-08-03T08:15:00Z,6cb07fe5f86550b94258d1b81986d2efbc72e2cd3b225612f8e562eb,60.16762,24.95415,000000006b44cce7,21.87
191,2019-08-03T08:15:00Z,6e6a92892d4dc11721575a4c4f93ce10e584ce9038ccb54b0ab43a67,60.1638,24.96846,00000000d747f075,23.56
192,2019-08-03T08:15:00Z,6efb1e780b342907bfd08f92344749e1d53af2cb60158113b039a65d,60.16829,24.94214,00000000afef4555,31.5
193,2019-08-03T08:15:00Z,6fe409f844444c915e72924f78c21bb14e5633917a2b93b88028954d,60.16829,24.94214,00000000afef4555,7.69
194,2019-08-03T08:15:00Z,70d08507ab36754ebd881828934e8ea860a156d3768f4f69837ecfbc,60.18203,24.91341,00000000342570c2,20.28
195,2019-08-03T08:15:00Z,72d616d0c819f501057cf39be92b0c44f9d9d1e17c0decd6555065aa,60.16829,24.94214,00000000afef4555,21.87
196,2019-08-03T08:15:00Z,7387c0902d5a616831d41fd49056077ac9bd0047bda661e7c90bb3f9,60.17919,24.95181,000000007b5207b6,9.12
197,2019-08-03T08:15:00Z,74454e3907a0c8d9ce0c86e43ea6967acece4ff241c2a22b9ca7d144,60.14951,24.92138,0000000006dd41f6,18.79
198,2019-08-03T08:15:00Z,746551b13314f8bb6083f71945ff9ff46118d9b4064c1ffcd13f9c7b,60.18203,24.91341,00000000342570c2,16.1
199,2019-08-03T08:15:00Z,761eac03c370e21bbe4ac00355ad89e3088e6be0eb437f1f79c81173,60.14699,24.922,00000000a53ed894,14.89
200,2019-08-03T08:15:00Z,76c396313f85991df7c55044dfd5aec11c8e1cec49824855a3f46e8b,60.149,24.9843,00000000fffb8cf0,21.87
201,2019-08-03T08:15:00Z,788b8d6cf16187c5efa91ceda38ece254abe719d6519fd6a04982208,60.16762,24.95415,000000006b44cce7,10.78
202,2019-08-03T08:15:00Z,78c22f62bcba1de613dac2632263b1e336075445218b341cac3898d9,60.16762,24.95415,000000006b44cce7,9.12
203,2019-08-03T08:15:00Z,7a6b36e24a5e4f333bbea15f3c6f912cdf0a8e45812f8b4b9e65e46f,60.14951,24.92138,0000000006dd41f6,31.5
204,2019-08-03T08:15:00Z,7acfd2edc30542365294bc589c9f97742b270d53c90dadbee60c2313,60.1638,24.96846,00000000d747f075,13.75
205,2019-08-03T08:15:00Z,7b352515ae47f948d47051c1906fb135f52b2a6389d16e1107ffd8af,60.16448,24.97323,0000000053c6c2be,23.56
206,2019-08-03T08:15:00Z,7b427dc1c5f66cc155fd16dab0b546d0aa164b27f99c65e4e0429391,60.16762,24.95415,000000006b44cce7,7.69
207,2019-08-03T08:15:00Z,7c6416ea11912ff3d080e797a61b27b71997e466db3e2ea20c90b165,60.17918,24.95141,00000000675d5200,12.69
208,2019-08-03T08:15:00Z,7c99179ba944dcb39e39ada2fe79e836d7e972cb85f09b72bae1a576,60.16762,24.95415,000000006b44cce7,17.4
209,2019-08-03T08:15:00Z,7d75cb2c095965cb242ae10cf5169c3688a2decb41ac58663ceb1656,60.14947,24.91438,000000004ef3150d,8.38
210,2019-08-03T08:15:00Z,7db3dd904a8375635e5376ee00e11afe69f4d432bac76087b3e9b528,60.16762,24.95415,000000006b44cce7,8.38
211,2019-08-03T08:15:00Z,7dbee6baf5f51ff6c58edc38f7cadca8f95171938fc9f5cf1abef9c7,60.16829,24.94214,00000000afef4555,11.7
212,2019-08-03T08:15:00Z,7e2229b77c49df9567afe817fa48dbfccd5267125c0556837609a6eb,60.16762,24.95415,000000006b44cce7,6.46
213,2019-08-03T08:15:00Z,7e34c6e8d44c46ac03f71b99f824a09297d62e5307b2f0dbeded5bd1,60.16629,24.95957,00000000fb7600be,20.28
214,2019-08-03T08:15:00Z,7e9afd2a38858cda9982b3f478ffb9bf1baf173c79c963df7224e42f,60.16762,24.95415,000000006b44cce7,12.69
215,2019-08-03T08:15:00Z,7f3c964201d061b963cb30cf1d179a262b0d78d44c4c99548619c137,60.17918,24.95141,00000000675d5200,3.74
216,2019-08-03T08:15:00Z,7f3eada35b71716cc7697c3d6c4776ae407c53079403edae33371907,60.17002,24.94407,000000006b087f40,18.79
217,2019-08-03T08:15:00Z,7f4fc381dbe0b2d2a9f84768420e352539667f68d7a2b49709da4df1,60.17918,24.95141,00000000675d5200,18.79
218,2019-08-03T08:15:00Z,81ce79e52f8123ac59d94101fdc2d7b2a98a34ea2887f9070a3f015a,60.16897,24.95222,00000000aa852af1,21.87
219,2019-08-03T08:15:00Z,82fdcb3f1acdf8c13a85b91df496d892c98b14f2630e8f818b15d4ab,60.16762,24.95415,000000006b44cce7,4.11
220,2019-08-03T08:15:00Z,8340a21f75d50d921583c56258092feee0f0eeed7dee6dc80fe7f078,60.173,24.92524,0000000096918cfa,16.1
221,2019-08-03T08:15:00Z,8363074fa6f3c4a7a794f9fe3c0dfc36844cf3e9bb2773893bbb49e2,60.16762,24.95415,000000006b44cce7,16.1
222,2019-08-03T08:15:00Z,847bcf4cf2544c9d7b09b0bcaa859fb538129241045c9db864f58f6f,60.1538,24.95595,0000000038bf9618,16.1
223,2019-08-03T08:15:00Z,84a61e5d6dc43b9822b4c37613a66c03391acc415ef801c8acee9ec8,60.17918,24.95141,00000000675d5200,18.79
224,2019-08-03T08:15:00Z,851bb04517f85b0e93e92215a99c7b4d596c624f328a982cbb5a8915,60.17918,24.95141,00000000675d5200,18.79
225,2019-08-03T08:15:00Z,8611085ba84e7c756b90c5dfc83ae40f33c18138bb85560c1193926b,60.17918,24.95141,00000000675d5200,4.11
226,2019-08-03T08:15:00Z,86b066ea755e9fd56188a608365c78bc7873db821770bdcfc83ed149,60.16762,24.95415,000000006b44cce7,13.75
227,2019-08-03T08:15:00Z,876fd72ebcca41bb9809ec32d6d9d78239be84fbea9e6338162555be,60.16829,24.94214,00000000afef4555,16.1
228,2019-08-03T08:15:00Z,87887073b3f4587ad3b7d846212bbe43c7036ac7ce91c793276557cb,60.149,24.9843,00000000fffb8cf0,18.79
229,2019-08-03T08:15:00Z,87f098b9a13bbb88f642e06476040c7bd1600f7bf842f6e811ae485a,60.16762,24.95415,000000006b44cce7,10.78
230,2019-08-03T08:15:00Z,8bbde64593c47633ea1248405423ea4cd449b0670193d65ce4cfa9fe,60.16829,24.94214,00000000afef4555,36.27
231,2019-08-03T08:15:00Z,8cb834e97440809b21891fe197b3d1dbd2a96ce6398bcf3571517dfd,60.14951,24.92138,0000000006dd41f6,13.75
232,2019-08-03T08:15:00Z,8d05d3ef399fcf420b9a4ab741cc4b7454c45347d75ab1368de51e90,60.16762,24.95415,000000006b44cce7,9.12
233,2019-08-03T08:15:00Z,8d293c6aed45a30df291a00fbe4bf7b2a5b1acacc607eace6737e8da,60.1638,24.96846,00000000d747f075,25.36
234,2019-08-03T08:15:00Z,8daad2c2e4c984923d2d2228f8c03d5c06b5a604dd72d8dd94e98b8a,60.16897,24.95222,00000000aa852af1,20.28
235,2019-08-03T08:15:00Z,90f4dd58b7b4418c330abbeee94e97b1535630f6960dfb7338ca7163,60.14951,24.92138,0000000006dd41f6,12.69
236,2019-08-03T08:15:00Z,916dbb0d137159f003d0837432d4ceb7f64775b53436fb109505f89c,60.16897,24.95222,00000000aa852af1,23.56
237,2019-08-03T08:15:00Z,9313da2e15106bfef2df9306bc29f8e3db1146a41b1a24fd404468a0,60.16762,24.95415,000000006b44cce7,18.79
238,2019-08-03T08:15:00Z,94553018cc8d34698ad37e411fe5808c97b12930592acad57b1e22c5,60.17918,24.95141,00000000675d5200,16.1
239,2019-08-03T08:15:00Z,947556a43371428c6c9500fb3657f1743220850de313140d13070236,60.16897,24.95222,00000000aa852af1,20.28
240,2019-08-03T08:15:00Z,9516ef2d52f1789e2786f33ec878afef40100d9fb1df700a4474fc21,60.16829,24.94214,00000000afef4555,14.89
241,2019-08-03T08:15:00Z,954cd926ecbce3babe5b6d68249aa85a2c4bead068d24fecd727ffee,60.17918,24.95141,00000000675d5200,2.08
242,2019-08-03T08:15:00Z,9590a8a9e83e3fdce9618c35adce4e0f7b4994d588c232d5b71c8784,60.173,24.92524,0000000096918cfa,27.28
243,2019-08-03T08:15:00Z,95c05916ea36a2a9b3aefd499b2e7c0fd870284331b9c95db8cf8e92,60.16531,24.9442,00000000fdda10fe,33.81
244,2019-08-03T08:15:00Z,95cf84f2ba252efd07da6d50e1445e165279eb3979aeaa55ed2110c9,60.1638,24.96846,00000000d747f075,12.69
245,2019-08-03T08:15:00Z,95e34184ced28c60d38a7d6dd04be103982651624eac6f011ce892b8,60.16897,24.95222,00000000aa852af1,6.46
246,2019-08-03T08:15:00Z,9665a4376cdd4e595dee03353bf9de09c169a9c5048ee2273dd3a700,60.16762,24.95415,000000006b44cce7,11.7
247,2019-08-03T08:15:00Z,9729f028abe23051bdad8d5c709df09df6926d1aa6b04bdf8f958d85,60.16762,24.95415,000000006b44cce7,21.87
248,2019-08-03T08:15:00Z,9ac9de45f4348c4b638fcf33fbdea744acd00b438e58992c8a5d9d9d,60.149,24.9843,00000000fffb8cf0,21.87
249,2019-08-03T08:15:00Z,9b128cdcb7e0cc1c788a2cc3fa6553e92a480c574ffabc2186bdf4f8,60.17919,24.95181,000000007b5207b6,21.87
250,2019-08-03T08:15:00Z,9c6be30fbb348a1daf59c218656e1f382836824fb1ebe6006030c31a,60.17918,24.95141,00000000675d5200,2.8
251,2019-08-03T08:15:00Z,9c7663ad5e201c097fdf9c7288f4b75b7ce110d00c0bfbdcbe260852,60.14699,24.922,00000000a53ed894,20.28
252,2019-08-03T08:15:00Z,9cf5178351106a41d49485fc3a46967e7cb02802afd5131587034e22,60.17918,24.95141,00000000675d5200,1.38
253,2019-08-03T08:15:00Z,9d0a06db3e6d69c813b8011ed350e08ef38e8625df20dc84bf92dd94,60.16544,24.95398,0000000038d83d41,21.87
254,2019-08-03T08:15:00Z,9d235ea1dc65ff45609fc0416f06e8d193c276ad0399b765dc290c54,60.16762,24.95415,000000006b44cce7,13.75
255,2019-08-03T08:15:00Z,9da1e1ef14dda06b93d4146a0c7e12808934a82e586039909acde8a2,60.16762,24.95415,000000006b44cce7,5.91
256,2019-08-03T08:15:00Z,9f71ff0f58332d907fce7185b46dbd807e040f75bc88ffc8ce7a3b8e,60.17918,24.95141,00000000675d5200,4.11
257,2019-08-03T08:15:00Z,9faeac584fe238bc798ba76d7964ba4f51091dac951e2809a5f9a85c,60.16762,24.95415,000000006b44cce7,9.12
258,2019-08-03T08:15:00Z,a1147fc2c8f10228c30024c47f89f9684d76cae27097db960887b85b,60.16544,24.95398,0000000038d83d41,11.7
259,2019-08-03T08:15:00Z,a16c4e020db8b92696041af2de882fc3615dc81f8033bb9897fd042b,60.16762,24.95415,000000006b44cce7,9.12
260,2019-08-03T08:15:00Z,a1a21b45277ffb02e2bce3deb23e83f94db1901680b69c6ff2ca6527,60.16829,24.94214,00000000afef4555,16.1
261,2019-08-03T08:15:00Z,a38aa9fe8195ef316c05a9b3ab8443a675c20bee8bc872d6ca53f310,60.149,24.9843,00000000fffb8cf0,21.87
262,2019-08-03T08:15:00Z,a39403b440a04e7330b33b62a4385008556dc4b9c2e47aab9b96ee6d,60.173,24.92524,0000000096918cfa,12.69
263,2019-08-03T08:15:00Z,a39482555f0f4d98bf2f45018e9cbf3b7d0fc1f28635f3f6ba9217ec,60.16544,24.95398,0000000038d83d41,13.75
264,2019-08-03T08:15:00Z,a3a21288af2826d4340853274ad0033a2521c39881ea8db0b28b3e27,60.14699,24.922,00000000a53ed894,27.28
265,2019-08-03T08:15:00Z,a3e5a1b8d6df7bf404144094df42ac39badfc87ab9c031bd2975d6c9,60.16544,24.95398,0000000038d83d41,25.36
266,2019-08-03T08:15:00Z,a5113d9f89207488a496b5f0a465fca549a964a8fc83d63ffdfe5e6b,60.16531,24.9442,00000000fdda10fe,2.54
267,2019-08-03T08:15:00Z,a530273ee47a3c136e18aee1c5f19ecb516c4ad6a1d6fd931b41a40c,60.1538,24.95595,0000000038bf9618,3.4
268,2019-08-03T08:15:00Z,a73a80870c387899a610412005da2812680d898ed29f1cbe83e5f06e,60.16829,24.94214,00000000afef4555,16.1
269,2019-08-03T08:15:00Z,a81296f969556900984af3dafd33536b2560e89b544c7523ad705ef6,60.14699,24.922,00000000a53ed894,20.28
270,2019-08-03T08:15:00Z,a8c56a2b3cee477f6ac372e5af39c21ff09a37cf27ea5488c01dfef2,60.173,24.92524,0000000096918cfa,29.32
271,2019-08-03T08:15:00Z,aa55054ae02ea1ffbce960ec79e1e9f91d0597e38caf08d325bd8008,60.14699,24.922,00000000a53ed894,13.75
272,2019-08-03T08:15:00Z,aa585581563302983b32340e11dc91da3dd7bbb9750d79c0e7ee7fb8,60.16762,24.95415,000000006b44cce7,6.46
273,2019-08-03T08:15:00Z,aa8ffd62087152abd87db01832bb3cb7cfb197aa350b21ad83822c3f,60.14699,24.922,00000000a53ed894,21.87
274,2019-08-03T08:15:00Z,ab294bf0b694f1b28e253d811e2b02dc598fdcc27cb7c94ad486c5a2,60.14699,24.922,00000000a53ed894,20.28
275,2019-08-03T08:15:00Z,ab557ac483b7ec82f6f60c7cbf8bbcfcf66fcfe63621bd945da61c99,60.16762,24.95415,000000006b44cce7,8.38
276,2019-08-03T08:15:00Z,ab5861d2efc0bff0d1c940cb827b8c15f32feab75bfb47ce963e8813,60.17002,24.94407,000000006b087f40,9.92
277,2019-08-03T08:15:00Z,ac2b90a8bb8a7f138331f6f136517fcadf3644d15d7f7fa301cffbe6,60.16629,24.95957,00000000fb7600be,18.79
278,2019-08-03T08:15:00Z,acaef12b1835229697b84c598632c1f9085ab2ceca4120623eca4da7,60.16829,24.94214,00000000afef4555,23.56
279,2019-08-03T08:15:00Z,accb0d403d45c16729d8225c4f9324c804df1236aca6dc06577e04b3,60.14951,24.92138,0000000006dd41f6,7.05
280,2019-08-03T08:15:00Z,ad14f4607a855b80047dcbd7a6d76a6098520eed972445fadc3f2233,60.173,24.92524,0000000096918cfa,16.1
281,2019-08-03T08:15:00Z,ae23b240265a06a3980fc3162f2369943e1c01f2613aaa1ff63fb806,60.14947,24.91438,000000004ef3150d,29.32
282,2019-08-03T08:15:00Z,ae6176b858b92a83a29cbfef53f03bdc274e6feaab03a8926f4b8c33,60.149,24.9843,00000000fffb8cf0,25.36
283,2019-08-03T08:15:00Z,b06fe884f3d2ca813b55aae28c03efd62d41942ed91df35021f50757,60.18203,24.91341,00000000342570c2,16.1
284,2019-08-03T08:15:00Z,b17bc07ffabf9b4ea191548282f1a796ebf5841f9eb05a18390440f6,60.16544,24.95398,0000000038d83d41,23.56
285,2019-08-03T08:15:00Z,b1c900f95ef3d4f4d9877d941adbaccfaa823df4aa7f0198a805cb17,60.16762,24.95415,000000006b44cce7,10.78
286,2019-08-03T08:15:00Z,b256f023e66a972435b31f5585aad9f90b41175bc5d30f448db6ccbd,60.16762,24.95415,000000006b44cce7,14.89
287,2019-08-03T08:15:00Z,b31b23c3a4c247fcf54b3e5d1d1d6bff42af1a8cbbe64737baa5686f,60.15432,24.9211,0000000019fb59c4,17.4
288,2019-08-03T08:15:00Z,b3250f5c4daf332a341ae74130c3f31650a2912dd2879a4243795a42,60.16829,24.94214,00000000afef4555,21.87
289,2019-08-03T08:15:00Z,b3741fb7bdf5bfbadbb7718d55e8601657215f3ea43db5a1727944c1,60.16544,24.95398,0000000038d83d41,20.28
290,2019-08-03T08:15:00Z,b6856bf925559e28c008f39ed4bac7e016af1e91b9e3073647d79b1b,60.173,24.92524,0000000096918cfa,12.69
291,2019-08-03T08:15:00Z,b780d132773e5a34db909b444dd8a11e121c52e1549f829e884eb7c5,60.16762,24.95415,000000006b44cce7,6.46
292,2019-08-03T08:15:00Z,b7f782eaaf0df768d9f14b62bd5872c14f86441ccd1af46176d19553,60.16762,24.95415,000000006b44cce7,3.4
293,2019-08-03T08:15:00Z,b9328456b350d3395b142e0dd89ea7bb0b7def3b519bd9dce930eec6,60.17918,24.95141,00000000675d5200,3.4
294,2019-08-03T08:15:00Z,b950cf98bf18c6993fd2c5844a19f1dc779f3f0fd5e996e926807b74,60.17919,24.95181,000000007b5207b6,6.46
295,2019-08-03T08:15:00Z,bc0b30c769b9b37d85fdba59b06e115638092bc4ad5576f12c24065d,60.1638,24.96846,00000000d747f075,11.7
296,2019-08-03T08:15:00Z,bc481cc9a3e9c05a6586a6e1aca0e6e5b602dca10cd83b5749af01d3,60.18203,24.91341,00000000342570c2,20.28
297,2019-08-03T08:15:00Z,bdb46b85aabae32e25aa87f73f9583e5c5a85e6c5b7cf7b6a7b2bce4,60.17918,24.95141,00000000675d5200,2.54
298,2019-08-03T08:15:00Z,c17a14a7fc47c9cddb28efb14800827387db2b2450b383cfdea308cb,60.16629,24.95957,00000000fb7600be,13.75
299,2019-08-03T08:15:00Z,c1a9e56edf7623f09064795598f91489f8cddda526794b7a6def094d,60.16829,24.94214,00000000afef4555,13.75
300,2019-08-03T08:15:00Z,c20df830dacb2886bce98013fb0c8e472af703e7de5668147c625392,60.14947,24.91438,000000004ef3150d,13.75
301,2019-08-03T08:15:00Z,c21c07bd74dd27a6a3a791636d50f1dbc3c8745d53aeb928d250b794,60.14699,24.922,00000000a53ed894,10.78
302,2019-08-03T08:15:00Z,c274b35e9d70d3eb6c8cf170621b923176859bb3258af9bda2a6d1c6,60.173,24.92524,0000000096918cfa,25.36
303,2019-08-03T08:15:00Z,c38d3ecc1f03d6798aec17b4c1800928951a47fd69bd58afad930ba1,60.1638,24.96846,00000000d747f075,14.89
304,2019-08-03T08:15:00Z,c3e48dc31cf5cbf7932f6c3870bff4308fdb675144cfc597ae0c470a,60.14951,24.92138,0000000006dd41f6,14.89
305,2019-08-03T08:15:00Z,c4a0016e1dc753afdd5e14f4eff9bf5b55fc2165f272e73cdad9ab96,60.16762,24.95415,000000006b44cce7,9.12
306,2019-08-03T08:15:00Z,c4abc0f908a590d93d561784bcc62f2d4e4be7586cee0818467e5c19,60.17918,24.95141,00000000675d5200,6.46
307,2019-08-03T08:15:00Z,c4ac5ccd2da7bdd30ff94a7e2caad6b0df1a2f6c13d4ba8e1bffec24,60.16544,24.95398,0000000038d83d41,29.32
308,2019-08-03T08:15:00Z,c5d859d59395608d3878e3f995e585a94b5bf93468cd972645285795,60.16762,24.95415,000000006b44cce7,9.12
309,2019-08-03T08:15:00Z,c63ee5b462d94d785be06186c773e22cfb002c23f03cbb3e47a911dc,60.16762,24.95415,000000006b44cce7,17.4
310,2019-08-03T08:15:00Z,c6475a05736c98d54f831f52474b9493cedd419503c1dfbcded73d2c,60.1538,24.95595,0000000038bf9618,20.28
311,2019-08-03T08:15:00Z,c6783d428e2e1128d936864b42955b7eadf92ec23041eb3907c0c3bc,60.17918,24.95141,00000000675d5200,12.69
312,2019-08-03T08:15:00Z,c6b945be818b05c24cb5713c0ea908c4430065bb2d275c75ea35ef25,60.16762,24.95415,000000006b44cce7,10.78
313,2019-08-03T08:15:00Z,c87fb9ac4b2fc0b07721291e1d4a65b4f9b3fef9899e3237c97a1e96,60.173,24.92524,0000000096918cfa,21.87
314,2019-08-03T08:15:00Z,c8ae77f3622f7613d12f9269b8c80bc6ea6e0aa8d3fc0db24489df72,60.16762,24.95415,000000006b44cce7,23.56
315,2019-08-03T08:15:00Z,c8d10390571a99f5b35b53904cb790d9c6505118b45c4ffe83bada15,60.17065,24.93641,000000000f4919c9,4.5
316,2019-08-03T08:15:00Z,c92bd7d6f5075cd50bb081b54c03a9e75344ed4a60a3ede4c3f3c0bc,60.17918,24.95141,00000000675d5200,9.12
317,2019-08-03T08:15:00Z,c99eb16c4ce8e84173eff10549688c7720f1a2c3d3027a9d72ad4060,60.16762,24.95415,000000006b44cce7,5.91
318,2019-08-03T08:15:00Z,ca92c024e0d99d24fe63f4ef5cf853e6f2bd4dbbe71891a3b64068f4,60.14699,24.922,00000000a53ed894,17.4
319,2019-08-03T08:15:00Z,cb481f23447ee0551cdf979ac7cc768272ef39404c56a827ff7a714c,60.16448,24.97323,0000000053c6c2be,20.28
320,2019-08-03T08:15:00Z,ce5a677c1118e9fc7629137a2cfc95afe9d2ff172f0285f1353202b2,60.17918,24.95141,00000000675d5200,13.75
321,2019-08-03T08:15:00Z,ce5def741fc7abb00214b3e115d14b849e55e5f8bdc1e10166c1b0ce,60.16897,24.95222,00000000aa852af1,31.5
322,2019-08-03T08:15:00Z,cf19b5e8b72fa360466e5a1bad5c530413583bed2ff469820e2b7be3,60.16897,24.95222,00000000aa852af1,13.75
323,2019-08-03T08:15:00Z,cf903122ca071eb5c00f072201821d7d9ec140d678ef25b148637b06,60.16829,24.94214,00000000afef4555,9.92
324,2019-08-03T08:15:00Z,d102a5916bf95e008bb963dff90cddc5e210b82d66e3ed8c74fa2453,60.17918,24.95141,00000000675d5200,8.38
325,2019-08-03T08:15:00Z,d2bdf13bd1ef406abaf8c2530c28a55e9232d61cc38868c9a82a6b52,60.18203,24.91341,00000000342570c2,25.36
326,2019-08-03T08:15:00Z,d370d0f9d16029e34f8a81a2560cc16feef32c2a0b752867843a368b,60.16448,24.97323,0000000053c6c2be,12.69
327,2019-08-03T08:15:00Z,d3f94987392eec78d4068072ee116ed9ad3d90a8424286fa16591dd0,60.17918,24.95141,00000000675d5200,9.12
