,time,hash,latitude,longitude,serial,distance
0,2019-08-04T12:06:00Z,002609eccfa6482109fb43966e0153bf6f371425cf715e49925348dd,60.14699,24.922,00000000a53ed894,8.38
1,2019-08-04T12:06:00Z,0152988639aaaa9cc27213280c8f0c0c8ec97ae6a45aaaf743c9c25d,60.16544,24.95398,0000000038d83d41,27.28
2,2019-08-04T12:06:00Z,1142f5b6806b1ec7d8d47d47013eb530d8a7418f6934d8867b20966a,60.16829,24.94214,00000000afef4555,23.56
3,2019-08-04T12:06:00Z,165ebbb4090d47319ae370f0d0854fdc1f6b79499f8b2e4d3c3533c0,60.16544,24.95398,0000000038d83d41,25.36
4,2019-08-04T12:06:00Z,16c994bb2e24124a910c247376d16e980a65626a94c4c0aaab27df60,60.16829,24.94214,00000000afef4555,18.79
5,2019-08-04T12:06:00Z,211f6b7b044343d0be369791b3fa3c144d0d0f391e2a42787712efb0,60.16448,24.97323,0000000053c6c2be,25.36
6,2019-08-04T12:06:00Z,22895893abe1536b0c8bf7ea93f32802c56735bac1bd5e8bb6f22471,60.1538,24.95595,0000000038bf9618,25.36
7,2019-08-04T12:06:00Z,248701d9a6cac10cd8639cb09dce2503c84e87676442812893f4c83c,60.16762,24.95415,000000006b44cce7,10.78
8,2019-08-04T12:06:00Z,25a7ff811c3c06e426c7c2cbb0433d9a2a3399b23afecbd35584ab0f,60.18203,24.91341,00000000342570c2,9.92
9,2019-08-04T12:06:00Z,3b5cafe90982db26cf737b2e4cd4275276f6a031bca3b2a1f73023b2,60.14699,24.922,00000000a53ed894,16.1
10,2019-08-04T12:06:00Z,3fe5f4ccfa5c777ceafda0674d7c9da6f509f6694b4c2fa254b32e73,60.16897,24.95222,00000000aa852af1,17.4
11,2019-08-04T12:06:00Z,43b676ed3aef4c2d8846694817e76117873be52e7f788e0cb366c1c4,60.16629,24.95957,00000000fb7600be,27.28
12,2019-08-04T12:06:00Z,44d0b94469070803869f229601e877beb613c3f5aafa009addf97a1a,60.16544,24.95398,0000000038d83d41,16.1
13,2019-08-04T12:06:00Z,4998a5497bd4ca502c435623255d485ecf16ed9f5a83a86d2c97187e,60.15432,24.9211,0000000019fb59c4,10.78
14,2019-08-04T12:06:00Z,55a3536995f14912a8f93d4c846c341a1593e7a3a57b15b53f99cef1,60.16531,24.9442,00000000fdda10fe,3.4
15,2019-08-04T12:06:00Z,5bbb5184fded3e51bc78e45e39917794285e6bbc72da404802a9599a,60.16531,24.9442,00000000fdda10fe,23.56
16,2019-08-04T12:06:00Z,5d65719c4cbf045f068d084b72302f447d5fd034413d97d13be00d0e,60.18203,24.91341,00000000342570c2,21.87
17,2019-08-04T12:06:00Z,5eed115a984d490b02b602d73787aee8dc8c4e9365b77fbff3818a76,60.16629,24.95957,00000000fb7600be,18.79
18,2019-08-04T12:06:00Z,5f1b2fb348a01c94e620bf154f10c755233bcc4a071968b1db66841f,60.18203,24.91341,00000000342570c2,25.36
19,2019-08-04T12:06:00Z,69219e9efa41ae9e732653e9eaf08e1a34cb853a9dafe76ddeea4d04,60.16897,24.95222,00000000aa852af1,12.69
20,2019-08-04T12:06:00Z,6a70e2fbced719333e21eff04fcb9cb36bae9a04d1a3d6ddd96f2c58,60.15432,24.9211,0000000019fb59c4,8.38
21,2019-08-04T12:06:00Z,6dbd066acf2b74570ddf596370847599635c4fed4a8f7265d4bebf6f,60.16829,24.94214,00000000afef4555,21.87
22,2019-08-04T12:06:00Z,70d8572458a1a103555bab897b6443e601e0ed211414b15ad0b56f60,60.16544,24.95398,0000000038d83d41,23.56
23,2019-08-04T12:06:00Z,737efc92e3419e9d96a8559ec341ea7e18ba6381fd8e4de3d06f82a0,60.14699,24.922,00000000a53ed894,14.89
24,2019-08-04T12:06:00Z,79f136afa0dd8717337c01c70b457c464aaf0fa25b440f51a394ec23,60.16762,24.95415,000000006b44cce7,13.75
25,2019-08-04T12:06:00Z,8066013f40bcb5a042eb3c2ce6c4a26c78539198c2cde3ae13c600cb,60.16531,24.9442,00000000fdda10fe,5.41
26,2019-08-04T12:06:00Z,87dfaad29a9276ddddb1fa021d3bc23ad14824c1af16f7d87e713689,60.14951,24.92138,0000000006dd41f6,9.12
27,2019-08-04T12:06:00Z,88808fe92573e9cdf022cc15b9689b6b4b9429f60513c8897b0ba4c7,60.16897,24.95222,00000000aa852af1,14.89
28,2019-08-04T12:06:00Z,89982a6acf91b79a282a6b63978e946ee205f303fcd20e944e06baf0,60.16544,24.95398,0000000038d83d41,20.28
29,2019-08-04T12:06:00Z,8c3b1ed0846e38cc84b863a80540c8a75bfd85c8bdda36563d153110,60.16544,24.95398,0000000038d83d41,25.36
30,2019-08-04T12:06:00Z,8c75c3289c84fe4493e1e272a77b615fe1985880c5dc68a7c1a17b53,60.16762,24.95415,000000006b44cce7,13.75
31,2019-08-04T12:06:00Z,9843c6216661048343a0e49cf3d8aa2883cf77f452666a1c873a1052,60.16448,24.97323,0000000053c6c2be,16.1
32,2019-08-04T12:06:00Z,9b93f6de5213f9490ff16d9e0064a5effdf8d2085528ae7c77569374,60.16762,24.95415,000000006b44cce7,12.69
33,2019-08-04T12:06:00Z,b1071f950d98395bccc89eff006948049d9c1753b93b65140199f162,60.16829,24.94214,00000000afef4555,3.09
34,2019-08-04T12:06:00Z,b5fd6b317890e5ab2d79e2cd1abe61626d45a753c7337d0d40728898,60.16762,24.95415,000000006b44cce7,9.92
35,2019-08-04T12:06:00Z,be41ebc5fb0d348fc1ef1166d44251c3112a78a4ea01aa980364ee7c,60.14699,24.922,00000000a53ed894,12.69
36,2019-08-04T12:06:00Z,c337cc4e5d0f5baa56268931f7dd177ac4d641d7d2fa7b7ab5e4e0c7,60.16075,24.95883,00000000f1124bca,16.1
37,2019-08-04T12:06:00Z,ca6927628f5ddda20036865c9345ad93d476d62ade3b181de568eed6,60.16897,24.95222,00000000aa852af1,23.56
38,2019-08-04T12:06:00Z,cf05623e4d87ce0906c0b0b7dbf53aacc1228016cd27c341228b6e76,60.18203,24.91341,00000000342570c2,17.4
39,2019-08-04T12:06:00Z,cfc0bedb78ded52749db3188cb188bf6a250ef5990da9c5afa9623fc,60.14951,24.92138,0000000006dd41f6,14.89
40,2019-08-04T12:06:00Z,d0a50f3001c258a38880550f6c0835fcaa85f0a6d36687dc5de98f3b,60.16762,24.95415,000000006b44cce7,10.78
41,2019-08-04T12:06:00Z,d366aa1925472f34a389921734c1777d6d7c2e812b0f284d78697edf,60.1538,24.95595,0000000038bf9618,36.27
42,2019-08-04T12:06:00Z,db2c41f283cd09199d0bf74c7f94bb950b851768d01afb0cc025ab57,60.16762,24.95415,000000006b44cce7,17.4
43,2019-08-04T12:06:00Z,e8e366e76c97944e23c0f80b4fd3ce6e5832744922297146a49f0c7e,60.16762,24.95415,000000006b44cce7,8.38
44,2019-08-04T12:06:00Z,e96bd269a48b822b06141c3362fcb6d5ed4d0d09a120f2e4a712d5c2,60.16897,24.95222,00000000aa852af1,12.69
45,2019-08-04T12:06:00Z,f088630d7476dae7d4b7e2bb1f10575f2c89acb4b6e061f3d57c2b40,60.16531,24.9442,00000000fdda10fe,21.87
46,2019-08-04T12:06:00Z,f6609ab1076b1105bb845595a03b41b8fbb282f79c337df5bbc9f841,60.14699,24.922,00000000a53ed894,10.78
47,2019-08-04T12:06:00Z,014a04fd55ac3d88a1c9493c2ecd7fe5e6b3d4ffd079a0340ed27e2e,60.16629,24.95957,00000000fb7600be,17.4
48,2019-08-04T12:06:00Z,061f9b69ec08345d1132197618fdcc25f06aa1b529f37f96d66d7e1c,60.16829,24.94214,00000000afef4555,11.7
49,2019-08-04T12:06:00Z,075bbad31aa307b2fb2f99b21e424ba629f53d29423043d402f24af9,60.14699,24.922,00000000a53ed894,4.94
50,2019-08-04T12:06:00Z,078bbcf29e1c790ca0dcea7a516e2d0d1001665a287f4ef8c301698e,60.17918,24.95141,00000000675d5200,21.87
51,2019-08-04T12:06:00Z,08a83ba7b2b1fb96a8088986111cfc2de63c18a580d7ce503e218643,60.16897,24.95222,00000000aa852af1,10.78
52,2019-08-04T12:06:00Z,097b282d8742974bcd9946954308914a58e25ee49ee9e86e114c92f4,60.14699,24.922,00000000a53ed894,9.92
53,2019-08-04T12:06:00Z,09d860c7528d7b2fe49e80929535e6218773e06bd69f3b9510284db6,60.16075,24.95883,00000000f1124bca,8.38
54,2019-08-04T12:06:00Z,0a389a7191f6e12eb76523a5c8639b54d5c5e1b5a9076dde7e0d5774,60.16629,24.95957,00000000fb7600be,23.56
55,2019-08-04T12:06:00Z,0a7016200d09b9d0e1460c73a915d630dc2a0175b2c316978ce72896,60.14699,24.922,00000000a53ed894,18.79
56,2019-08-04T12:06:00Z,0a8dfde9cbe594b3588b06d8e18ac3aaaee62136ddb21087a10f1cf6,60.16762,24.95415,000000006b44cce7,2.3
57,2019-08-04T12:06:00Z,0affc64656f9e31cdb3034a518c07fb0ad6dbda3a3f95e13eb1907ce,60.16762,24.95415,000000006b44cce7,3.4
58,2019-08-04T12:06:00Z,0b1e489d2c7e21278361e7223c5221d07fc377df8227e67511991b14,60.16829,24.94214,00000000afef4555,10.78
59,2019-08-04T12:06:00Z,0b3589e2e5a804ae5b88aa83b6a0e80a53133f39b71748d687156eac,60.16762,24.95415,000000006b44cce7,14.89
60,2019-08-04T12:06:00Z,0e2de59a19191e52ddd20ff926083416086b539ff42ad7146dcb5be1,60.16762,24.95415,000000006b44cce7,4.5
61,2019-08-04T12:06:00Z,0ff4a92c42e5704589a652c3687c3f2cdc39ac651dcb3f4f8f012e48,60.16762,24.95415,000000006b44cce7,4.94
62,2019-08-04T12:06:00Z,109182cf7924e66852c727d15d65487faf6478cb2f55d0240b7e3a11,60.16897,24.95222,00000000aa852af1,7.05
63,2019-08-04T12:06:00Z,10a99e791e27975dc1c9d73d3163cabacf3bd7bd05a4f7abf6365426,60.14699,24.922,00000000a53ed894,12.69
64,2019-08-04T12:06:00Z,11df4ad6d4e73922d3d449d2acee1c99da199ffaba41e041a3d0a3c8,60.16629,24.95957,00000000fb7600be,21.87
65,2019-08-04T12:06:00Z,13797b0050ea1f2a6312b00b5c008148ca28c14d9d25a68d4bf7801d,60.15432,24.9211,0000000019fb59c4,8.38
66,2019-08-04T12:06:00Z,1410fc3cfcff675c1e192a9fc91f3848d203f7c60f4c22b0dd2d0014,60.16531,24.9442,00000000fdda10fe,20.28
67,2019-08-04T12:06:00Z,14fb865445ee9bee9fcec41c17b107a99628c5e2613ff1038473b092,60.17919,24.95181,000000007b5207b6,20.28
68,2019-08-04T12:06:00Z,15e447cfc156a3fe2c4e020204ef4c2f5262f4dc33dac8aa8a7cd3ba,60.14699,24.922,00000000a53ed894,18.79
69,2019-08-04T12:06:00Z,161e117d16bd5052e11d6065153d8e39783dad8785f4f7db0b48ce65,60.14699,24.922,00000000a53ed894,16.1
70,2019-08-04T12:06:00Z,162520e99c1dd34a6318b0ed15ebcad7be2da25bd7d93ecca16b4544,60.16897,24.95222,00000000aa852af1,13.75
71,2019-08-04T12:06:00Z,16e079ec5a311a4cac38c37f42d11679504c8910447752870b2389c4,60.16897,24.95222,00000000aa852af1,21.87
72,2019-08-04T12:06:00Z,178cd48ea6feed08ccc6317bd7c60281babddba1b64fde62e69361fc,60.16629,24.95957,00000000fb7600be,16.1
73,2019-08-04T12:06:00Z,194b19a5933ae2dca270960b06552495d4a435ed1901379e43706961,60.16762,24.95415,000000006b44cce7,4.5
74,2019-08-04T12:06:00Z,19958e5aae166fb4c03f07e6440afdebf261f72179932e81047f7449,60.14699,24.922,00000000a53ed894,7.69
75,2019-08-04T12:06:00Z,1a98d6662f0f0ee62e3a18fb6fb1fe223218b579b94febd55d60e7a9,60.16075,24.95883,00000000f1124bca,14.89
76,2019-08-04T12:06:00Z,1ac0d265a2c5dc33eedc3bbd59f4301756066e22746ad3a32b795332,60.14699,24.922,00000000a53ed894,12.69
77,2019-08-04T12:06:00Z,1b5ab728853ddba1203dc4527502ef870d6d53e5478f485fc46ef42c,60.18203,24.91341,00000000342570c2,33.81
78,2019-08-04T12:06:00Z,1be3cc0148e9c9252b19c8d99b071c7f70d6266289f9738faf5fd35b,60.16897,24.95222,00000000aa852af1,14.89
79,2019-08-04T12:06:00Z,1cdaf81f3616c60fca5fff34fb4737944af2421b0e234a0c05393acd,60.17919,24.95181,000000007b5207b6,7.05
80,2019-08-04T12:06:00Z,1d97a09d86a48f38bdc74d4e6b6e3e0f31e143dee986c967093b5621,60.16762,24.95415,000000006b44cce7,13.75
81,2019-08-04T12:06:00Z,1dacfb371d75dd4f90f447aac2a00faad98beb4188a6971c19eb2375,60.16629,24.95957,00000000fb7600be,21.87
82,2019-08-04T12:06:00Z,1f7b252f89ba6456492b6d267c1f373d7715c2f975fd0265ac6c4a7b,60.17065,24.93641,000000000f4919c9,13.75
83,2019-08-04T12:06:00Z,2052269ba7d2719317e24d2c9ed0d9daa8a71aadbf161bab499ae321,60.16075,24.95883,00000000f1124bca,11.7
84,2019-08-04T12:06:00Z,20c5bf08f3342ba0d0c2cf9f7895fcda4de06569044ab956337e647f,60.17918,24.95141,00000000675d5200,4.11
85,2019-08-04T12:06:00Z,22d78fbfc8f5b253e0289c529151a5c4acb4ea164b2a02a4fd7ac2c7,60.14699,24.922,00000000a53ed894,9.92
86,2019-08-04T12:06:00Z,22ff2d3182f830696d56c5ce9548499fa06ea3ca7a7d2026b2d2d0d4,60.16762,24.95415,000000006b44cce7,8.38
87,2019-08-04T12:06:00Z,23b1343912198efa7673f461cae9846909eb5c832978f4d5da36170b,60.16544,24.95398,0000000038d83d41,27.28
88,2019-08-04T12:06:00Z,2504ec8aab7041f2cd94a0ab727531d3121b5db5e229627c2ac75205,60.16829,24.94214,00000000afef4555,13.75
89,2019-08-04T12:06:00Z,25b5626ac5402109ad57cf89a2ca1f0e940734915bd1ddc053074618,60.16829,24.94214,00000000afef4555,13.75
90,2019-08-04T12:06:00Z,267cf03159bc4c6574931b0e96a401658b3813fcec37aee2998fee5e,60.18203,24.91341,00000000342570c2,25.36
91,2019-08-04T12:06:00Z,273796b0c6091d42ef89dc21cbc16f2ad3d9f97a8b523756b02273dc,60.14699,24.922,00000000a53ed894,13.75
92,2019-08-04T12:06:00Z,27ca823fa5f9ab9a613e846897fffd0db856ec4a2f7165f8d51d543c,60.149,24.9843,00000000fffb8cf0,4.94
93,2019-08-04T12:06:00Z,2927f37a88abb78b4e754a71d8ca71ac9a2ed5ca35e0a8e44e18b9b2,60.14699,24.922,00000000a53ed894,9.92
94,2019-08-04T12:06:00Z,2941de9fefdec30417a2a5b1908e87992d1af860b8490273bbe76e38,60.149,24.9843,00000000fffb8cf0,5.41
95,2019-08-04T12:06:00Z,2969cdb120f2d285c556abfe5bac2f8090571f61aba227a474a534d2,60.17065,24.93641,000000000f4919c9,14.89
96,2019-08-04T12:06:00Z,299b3e8fb621f067c7bdb8034751e781112ad68ec836e835d4c93570,60.16762,24.95415,000000006b44cce7,7.05
97,2019-08-04T12:06:00Z,2a1f4edcb207f72999340ad8aa8b3549d5b3294dd71f180234919a63,60.149,24.9843,00000000fffb8cf0,16.1
98,2019-08-04T12:06:00Z,2b7109c74de91518330826ecb3e05ae942c6a5dfeb0db423069544eb,60.149,24.9843,00000000fffb8cf0,23.56
99,2019-08-04T12:06:00Z,2d884238734e0580b180382d1b6ae2a9a50d71373406dfc7ff2c07d9,60.16762,24.95415,000000006b44cce7,12.69
100,2019-08-04T12:06:00Z,2fda49faf3a5016c2f9b5c3d0ed511b2a25d70d9e7a34f273f8754a6,60.17002,24.94407,000000006b087f40,10.78
101,2019-08-04T12:06:00Z,2fdbea3dda35d9b94a82ed2bc8ef32930e5e0c83fc79bc5f3163a556,60.14699,24.922,00000000a53ed894,11.7
102,2019-08-04T12:06:00Z,2ff5975c53a6e07ad9d99fa3624c5273020d07967c703760d9d5548f,60.16762,24.95415,000000006b44cce7,3.09
103,2019-08-04T12:06:00Z,30b28cc8b584b66bb22b104bc8cb9242769c71f2ad0769b860bd3b4b,60.16075,24.95883,00000000f1124bca,8.38
104,2019-08-04T12:06:00Z,3121eba5cfc3cee3842595b390a4118bfb59bd93a80535a4d5c2291f,60.16762,24.95415,000000006b44cce7,31.5
105,2019-08-04T12:06:00Z,328d46f0e62ed64f8682d893123faa22cf3a0fd3bb6515111c5c70cc,60.16762,24.95415,000000006b44cce7,13.75
106,2019-08-04T12:06:00Z,335331cab6bc71668ab5f8c75bf4439c698c53d86f3fd3a7ab4bf1ab,60.14699,24.922,00000000a53ed894,13.75
107,2019-08-04T12:06:00Z,33c63bc056eeaf22180cb81e70daa3d3e4096991f7f8c853af108ca7,60.16829,24.94214,00000000afef4555,9.92
108,2019-08-04T12:06:00Z,3466a34b3d43a63488995cc395590d6d9151b38105e4db29fed4a37d,60.17002,24.94407,000000006b087f40,9.92
109,2019-08-04T12:06:00Z,346b69c839f86ebce31d180aa2fdcec49e933fd28be8b4f89f5907fc,60.16075,24.95883,00000000f1124bca,36.27
110,2019-08-04T12:06:00Z,34fd38649692cba0acf80110ff65815d782bb92813ad8e4f5e2b44d8,60.14699,24.922,00000000a53ed894,9.12
111,2019-08-04T12:06:00Z,35e2ddbffa0cd9db250405d7cb3ab67e24dc73a51b675300ed1a5bde,60.16829,24.94214,00000000afef4555,5.41
112,2019-08-04T12:06:00Z,398cf88cbb01abdfca1854f7146efef34ccb8354aeabb6e6f7ab5cc6,60.16897,24.95222,00000000aa852af1,7.05
113,2019-08-04T12:06:00Z,3a5dfc046cc8aad1624ca535d42204df981676b69333de5c1119fe92,60.16897,24.95222,00000000aa852af1,7.69
114,2019-08-04T12:06:00Z,3a6fac230fd0b79ed05a739576ff4b7acecd13ed2b037d46d1032f0b,60.17918,24.95141,00000000675d5200,8.38
115,2019-08-04T12:06:00Z,3dd943f55e80f0da9b115e06ea4343ce8ef452d246448656fab1e834,60.18203,24.91341,00000000342570c2,25.36
116,2019-08-04T12:06:00Z,3de5b4795a19b69029007c993a10f1a2af0e2501277dc85f13e4bb76,60.16762,24.95415,000000006b44cce7,4.5
117,2019-08-04T12:06:00Z,3ea3523fa483d826b7dfd820903e1d64c299f1d97b7b3073291e9c14,60.16075,24.95883,00000000f1124bca,5.91
118,2019-08-04T12:06:00Z,3eace2bb5f301ef216d6519fcacd7eac6e0f9e280b17f9938ad71cfa,60.16075,24.95883,00000000f1124bca,7.69
119,2019-08-04T12:06:00Z,3f97a46dc23470aa8910cd3da86f77ed7f5d9077db8fee2273bb506e,60.15432,24.9211,0000000019fb59c4,9.92
120,2019-08-04T12:06:00Z,40619b5ec1657f8c6811d652a8ad5500598d2cfe04e92cbd8b1fee91,60.14699,24.922,00000000a53ed894,7.69
121,2019-08-04T12:06:00Z,413e6a77677a3326e207a7d09233f858016297861cca5d84cded0796,60.16829,24.94214,00000000afef4555,18.79
122,2019-08-04T12:06:00Z,41c5568d1c2918982b841f6ea08f7aaee74c11e9a7c172b3344b876f,60.14947,24.91438,000000004ef3150d,14.89
123,2019-08-04T12:06:00Z,41e89407c7f8178644b6c66ea7b78c6861d0eb8196d28e16ce25c0b7,60.14947,24.91438,000000004ef3150d,4.94
124,2019-08-04T12:06:00Z,441ad7a869bc263e9e4e96ecdfd1241ede316b701069c0a1ae017e0c,60.16829,24.94214,00000000afef4555,20.28
125,2019-08-04T12:06:00Z,4457187b72045867654a085d7029113b2a4f08b1ee877a8d331cf84f,60.14951,24.92138,0000000006dd41f6,21.87
126,2019-08-04T12:06:00Z,44d0237d1d8b066068d7453c7881b3cf299565f299089d85887ed6a0,60.14699,24.922,00000000a53ed894,17.4
127,2019-08-04T12:06:00Z,458d41a101dbec07ba0ad0882e28d268469875e9ea6e4352066a9611,60.16544,24.95398,0000000038d83d41,21.87
128,2019-08-04T12:06:00Z,46fd54d3f1d6a23e48dcf3e02b943b820e0c08866fcbf57f21c14a26,60.16897,24.95222,00000000aa852af1,17.4
129,2019-08-04T12:06:00Z,4748435ad29b1350fd6ba6ee1e2eb10d8811eaa560e037d6be17427f,60.15432,24.9211,0000000019fb59c4,23.56
130,2019-08-04T12:06:00Z,47def9c74a2a3eee08c1b6aa6072c44fda414d41aa7c37875cdd6a6d,60.1538,24.95595,0000000038bf9618,27.28
131,2019-08-04T12:06:00Z,47f7f70c141846780e85ba54d9391e4c965976390a06d1ea0ec26be7,60.14699,24.922,00000000a53ed894,9.12
132,2019-08-04T12:06:00Z,4835d1fdb3ab3eef36d38b280e4894658fe86461f56254c76d5f5e51,60.16829,24.94214,00000000afef4555,27.28
133,2019-08-04T12:06:00Z,485e76d692dbf59317edc14e8fb5329d8e6cdd222f07e563327f0585,60.14699,24.922,00000000a53ed894,17.4
134,2019-08-04T12:06:00Z,4b6fc56ed20ac5fc0e03f3f02a32a594bb3a367170c0cae374fd1ed3,60.1538,24.95595,0000000038bf9618,25.36
135,2019-08-04T12:06:00Z,4c03230dedf9838bcd62a9a59551e4d1f4106046ce2341a8de02128a,60.16544,24.95398,0000000038d83d41,20.28
136,2019-08-04T12:06:00Z,4d4115f2971578ddc2428be944e2954c9e9a5472a818ec1805a022b2,60.16762,24.95415,000000006b44cce7,4.5
137,2019-08-04T12:06:00Z,4f10a91ddf61c481de832ec37e26b4a1adcbd3c6cc08984ef97634b7,60.16897,24.95222,00000000aa852af1,29.32
138,2019-08-04T12:06:00Z,5054091319b3f333c0238c98c6ec44345c965f37f141a254b9186041,60.16762,24.95415,000000006b44cce7,9.12
139,2019-08-04T12:06:00Z,510c16902005636f3036a0242dbfb823aca9255c693674d8b4291d43,60.14699,24.922,00000000a53ed894,10.78
140,2019-08-04T12:06:00Z,51c5467ca64c369d4b93cb45a5c847021b91b888526dbf1b3279520d,60.16531,24.9442,00000000fdda10fe,1.54
141,2019-08-04T12:06:00Z,525bf23817650fbf598cec960fbeab1535bc9643b6ee8bf3aca7c6e9,60.16762,24.95415,000000006b44cce7,3.74
142,2019-08-04T12:06:00Z,5286949b2a1c5c1a4aa28c7ce2185047e6142667d3f20705e606b05a,60.18203,24.91341,00000000342570c2,21.87
143,2019-08-04T12:06:00Z,539f7dd55b1bf9df02a7591d17be79c970ac9630c7fa5501eba1d960,60.18203,24.91341,00000000342570c2,33.81
144,2019-08-04T12:06:00Z,54a38dc5cc81b8c4f4fa68300aee9b8c2d102a7a041e7dbebdf69c95,60.14699,24.922,00000000a53ed894,16.1
145,2019-08-04T12:06:00Z,54f39b8f71d744cc045e42772f9fb530d2f8b62ba48c7dbaa6d778ee,60.16829,24.94214,00000000afef4555,5.41
146,2019-08-04T12:06:00Z,54fe81b49c20a20e5dd563f36ca9697d09bfc63f131803f393cb0a13,60.17065,24.93641,000000000f4919c9,9.12
147,2019-08-04T12:06:00Z,55a0144a1e6a0c9bbd82543d0ff1832db8f814725e66f53d7fc211b7,60.1538,24.95595,0000000038bf9618,14.89
148,2019-08-04T12:06:00Z,55ae614594136f5e739a2ceaef5b4175460041fa38cbc2a4dd7b47df,60.16762,24.95415,000000006b44cce7,9.12
149,2019-08-04T12:06:00Z,55b76662fc0bb836a1ea303ef194c8e9f2dc1b21986b139b906b7e15,60.16531,24.9442,00000000fdda10fe,16.1
150,2019-08-04T12:06:00Z,55ec6302fee902a29bffad0a42c72f6ce70cbbcb13b4d8f0857f7936,60.17065,24.93641,000000000f4919c9,1.88
151,2019-08-04T12:06:00Z,560a7b61e5984b75e6f0775d67a228e65332991e1972e7cfb2c9e35d,60.16531,24.9442,00000000fdda10fe,23.56
152,2019-08-04T12:06:00Z,568df4677c5baf2aae343d6f23ea36010d457637bd50295ac1e55e25,60.16762,24.95415,000000006b44cce7,11.7
153,2019-08-04T12:06:00Z,56b8eace741e5227a40ea0a64601a737648080c63d6240b0dca632c4,60.16075,24.95883,00000000f1124bca,4.94
154,2019-08-04T12:06:00Z,56e788c37a7efc718d5e4d55e964aada30cd54a0a6dd4e410e8fc6f4,60.16897,24.95222,00000000aa852af1,25.36
155,2019-08-04T12:06:00Z,571934189bf349efb6f596e76c21612cf9b82ed44913090169936048,60.17065,24.93641,000000000f4919c9,13.75
156,2019-08-04T12:06:00Z,571ecd75eb687dffaaaa1ba395c2fe2ba40adc52c9d092dc3f66579f,60.14699,24.922,00000000a53ed894,2.8
157,2019-08-04T12:06:00Z,57a07ba000081481916dd289c98155cb5f78c30d1bdf067f135b9737,60.14699,24.922,00000000a53ed894,23.56
158,2019-08-04T12:06:00Z,57c18d130ad69349b277ca5c9a8d08b8052199b006fd962607a95ba2,60.16762,24.95415,000000006b44cce7,20.28
159,2019-08-04T12:06:00Z,584cb0b0cdd14e608c8b57c8aecc9826f9b40027e365e2438a444ea2,60.16762,24.95415,000000006b44cce7,12.69
160,2019-08-04T12:06:00Z,5969ee76698ddb9ec3f93d9194481d497b2eeda2592c272cee8f441c,60.16075,24.95883,00000000f1124bca,9.12
161,2019-08-04T12:06:00Z,596a76895c1df16c05979ddf249bdb8e393c41d7e1c9be40b6554486,60.14699,24.922,00000000a53ed894,14.89
162,2019-08-04T12:06:00Z,5bc06d649413b843cd0e04a7920aff2d017783b89ee6642b7d29de04,60.16762,24.95415,000000006b44cce7,16.1
163,2019-08-04T12:06:00Z,5cd63d918ef7d37ce5817d8440072f552bfd43128a6e34c1ae657c8f,60.16829,24.94214,00000000afef4555,7.69
164,2019-08-04T12:06:00Z,5d0dcb3cb6cb2bd46a862402fe840307b8e6008814a3b451aa6ee821,60.16897,24.95222,00000000aa852af1,21.87
165,2019-08-04T12:06:00Z,5d23d955f859f03e9b6bd61ebc52f5586a29ba5a30b61a8961d02956,60.17002,24.94407,000000006b087f40,33.81
166,2019-08-04T12:06:00Z,5e4ce0ac0afa61b04ee354302e2013f2838aad1fe7f75126140c438d,60.14699,24.922,00000000a53ed894,5.91
167,2019-08-04T12:06:00Z,5ea8f284019912f77f5cc91c90d92dbaf5539c20ac1dec629aab8201,60.16629,24.95957,00000000fb7600be,12.69
168,2019-08-04T12:06:00Z,61f162b6e2412c7b0267628a8785bf976486d96f7f45a317398d55cf,60.16829,24.94214,00000000afef4555,13.75
169,2019-08-04T12:06:00Z,6238092ccae618906c9211fea6d75e92ed2aea547d4ec6c97f7d702d,60.14947,24.91438,000000004ef3150d,9.12
170,2019-08-04T12:06:00Z,63c79b3b230f5bd8422e695594c520a72a105aac8f8c75c09853ed50,60.16075,24.95883,00000000f1124bca,17.4
171,2019-08-04T12:06:00Z,6444027e7cdf24a56c8cfdd87699b6a8f70ef249bf3dfff03ca396fe,60.15432,24.9211,0000000019fb59c4,23.56
172,2019-08-04T12:06:00Z,6503762f2cac51cc2b74da1efa6b16583ed11c9a528d7716b7829c0b,60.16762,24.95415,000000006b44cce7,4.11
173,2019-08-04T12:06:00Z,653c8a14424a11c3f927799c4811d35e1203dd1d26ce1844a297bd0c,60.16829,24.94214,00000000afef4555,13.75
174,2019-08-04T12:06:00Z,66729ecda345d9c272516e1b2537becea727badadf756a2e7ffa50b8,60.17918,24.95141,00000000675d5200,4.5
175,2019-08-04T12:06:00Z,66cd1acba329b33a2a4d11abd99daa70de6c8d24424bdacf01fab005,60.16829,24.94214,00000000afef4555,0.1
176,2019-08-04T12:06:00Z,671b05034eefdba665b0ef6222e09b3eb6f686695daf7f8c584f2d81,60.1538,24.95595,0000000038bf9618,31.5
177,2019-08-04T12:06:00Z,67b21b3ce98b6e99f0ccfcbd8ac76067947f9cbd315cb90ceea13450,60.16075,24.95883,00000000f1124bca,6.46
178,2019-08-04T12:06:00Z,68a8ef49961507d686d8aa1d3a58fb0b627a6eb2eba0f91a5f151e99,60.16762,24.95415,000000006b44cce7,4.94
179,2019-08-04T12:06:00Z,693233f1589e7f24dab322aa8633dd3113e1c03427d3192b1b90825f,60.16762,24.95415,000000006b44cce7,13.75
180,2019-08-04T12:06:00Z,698b200b63a644828a7314691a16af2af1bccef75d52abb5591a5542,60.16897,24.95222,00000000aa852af1,5.41
181,2019-08-04T12:06:00Z,6b0bba50a9de0df870d76f5f5073f27d968785631c76bdcba4e2ae73,60.16762,24.95415,000000006b44cce7,8.38
182,2019-08-04T12:06:00Z,6b59ceea91aefd0288bf0adf2676c64c1bdfe29780de972b78566434,60.16829,24.94214,00000000afef4555,20.28
183,2019-08-04T12:06:00Z,6c32646ea5ea35f5c07ce10256383688b7bde2b39325b9938df52d09,60.16762,24.95415,000000006b44cce7,3.4
184,2019-08-04T12:06:00Z,6e674fc98782cf9a6cce1507bcad1c42ab24311c2648a31359a5ddde,60.17065,24.93641,000000000f4919c9,14.89
185,2019-08-04T12:06:00Z,6e79c492f2941ee62ff7a19e758226e504d1449b6e75837925caff50,60.14699,24.922,00000000a53ed894,12.69
186,2019-08-04T12:06:00Z,70860124ec6d128157ff1f407d3997952b72b8eedff63acc29e104a6,60.16629,24.95957,00000000fb7600be,11.7
187,2019-08-04T12:06:00Z,722c0ad323bc0bff1c4a9d512eeba9ca34949d31555e7209c1133ccb,60.17065,24.93641,000000000f4919c9,10.78
188,2019-08-04T12:06:00Z,74c2ec2adc228e5b4979284d730fd2de698242f0f06d90f870b8cde6,60.16762,24.95415,000000006b44cce7,11.7
189,2019-08-04T12:06:00Z,74cb545f76f0bfc5498607247e26e814276a11ce91f77208054ecbc5,60.17002,24.94407,000000006b087f40,25.36
190,2019-08-04T12:06:00Z,74daa1124e0408b8fe3f5704c31c9a774254a79ef692cf39ce6b0a94,60.16075,24.95883,00000000f1124bca,17.4
191,2019-08-04T12:06:00Z,74ec85390fc2c7359423b9cd4e45279ab4d6b7065d54ecae07a299cc,60.16762,24.95415,000000006b44cce7,25.36
192,2019-08-04T12:06:00Z,75062842e96b60c5ae6c51127f8160e69256c2eb1a6f33771f8f0bdb,60.16897,24.95222,00000000aa852af1,20.28
193,2019-08-04T12:06:00Z,75c1defe264f9758600d5e4eaf2261f218e65ced919c61c729c6251f,60.14699,24.922,00000000a53ed894,18.79
194,2019-08-04T12:06:00Z,76247dab37ceaa44a4ba9ffb8a0cc04d9140a204540dfb8dd1bd8a74,60.17065,24.93641,000000000f4919c9,21.87
195,2019-08-04T12:06:00Z,76b885ccb15ee5f5de0e80bd40ce3f5c44acd909b95e9264481fc18c,60.16897,24.95222,00000000aa852af1,17.4
196,2019-08-04T12:06:00Z,77ba04904073767a6021abbbc12e21ffdac39647decb018db9b79d88,60.14699,24.922,00000000a53ed894,5.41
197,2019-08-04T12:06:00Z,78354296a4f6b5be59e7f08d3ae449722331a23f27465490578d5ca8,60.16897,24.95222,00000000aa852af1,21.87
198,2019-08-04T12:06:00Z,79bde23c1a8980f93a65e14306f0d8ea89e164430d8b991e2bfee82e,60.16531,24.9442,00000000fdda10fe,10.78
199,2019-08-04T12:06:00Z,7a0bced3caa3d3d1361529f12a5fbd4f5f9153037d189b76831e7316,60.14699,24.922,00000000a53ed894,18.79
200,2019-08-04T12:06:00Z,7a93e3f382a5bc349af02f86923d41acc4a59206c0c2f33f904ca276,60.14947,24.91438,000000004ef3150d,23.56
201,2019-08-04T12:06:00Z,7c6f6407af6aafe9b806ffb20174ffd737d90e3055e339fcc23a6132,60.16897,24.95222,00000000aa852af1,23.56
202,2019-08-04T12:06:00Z,7d0199f7200033558986c8168e97d343062cabcaac1edaceb34a6690,60.16762,24.95415,000000006b44cce7,10.78
203,2019-08-04T12:06:00Z,7e177a91b5d8e47996598448e3423a37fb36eb7d874775f3216f8de0,60.16544,24.95398,0000000038d83d41,20.28
204,2019-08-04T12:06:00Z,7e3ccfaef18b57ec78235e33a18014f93a3131da5caba6c872d3f669,60.16448,24.97323,0000000053c6c2be,11.7
205,2019-08-04T12:06:00Z,7e59a32c14c16e1ec1880727b0f2ff6397d6dc6ffe05803b593a8410,60.1538,24.95595,0000000038bf9618,44.58
206,2019-08-04T12:06:00Z,7ec6f11006bcf02372bef51666251c05d43739c0c3f5a4ec8ffd3abc,60.16531,24.9442,00000000fdda10fe,27.28
207,2019-08-04T12:06:00Z,7fbd77c054faa1ea37e23a273a36889c98206a86b6529ac9825c4df0,60.1538,24.95595,0000000038bf9618,18.79
208,2019-08-04T12:06:00Z,80738ddb644fcacf62cf544ebdf634897a5bdc7fe59e1d417adce2d7,60.14947,24.91438,000000004ef3150d,4.94
209,2019-08-04T12:06:00Z,808c9294de9da272a6434b3660bebc7e1ea7099a45ec269fd3c4f5c1,60.16897,24.95222,00000000aa852af1,21.87
210,2019-08-04T12:06:00Z,8094807b204377065bed5e6e787074e69e2560948e4dd547c64dbbeb,60.16829,24.94214,00000000afef4555,18.79
211,2019-08-04T12:06:00Z,824ff2def5662cfe77984e0a05ab03abcdbb371f8573d3d423ab5250,60.16075,24.95883,00000000f1124bca,8.38
212,2019-08-04T12:06:00Z,846750bc54ca3082f50c5561986be4ef382eb9c098929492d5f4906d,60.15432,24.9211,0000000019fb59c4,5.91
213,2019-08-04T12:06:00Z,846fb8a400aef00a2eed3f23b420912b90a84ff378b3ec6d1153db53,60.16762,24.95415,000000006b44cce7,3.4
214,2019-08-04T12:06:00Z,852464806593dc552c8cf14ed846b177f06ae2defbb456a95cbd0059,60.16075,24.95883,00000000f1124bca,16.1
215,2019-08-04T12:06:00Z,85eb712fe867c3e2542f619d1c2a8d6dc166fcf6a1c9ab489d15df74,60.1538,24.95595,0000000038bf9618,14.89
216,2019-08-04T12:06:00Z,86071c36ef0f8379e6d5a2d3b9486b036dd12fa4bf03477839238d57,60.16897,24.95222,00000000aa852af1,18.79
217,2019-08-04T12:06:00Z,87780b539fa1d851d06f9de9a2a7b778dce6bbe248dbf9d8b8a033cd,60.17002,24.94407,000000006b087f40,20.28
218,2019-08-04T12:06:00Z,87abcd43a891ef7c7f94f2bee4bab467b6b6e0ea02f60425fc1ed400,60.16762,24.95415,000000006b44cce7,16.1
219,2019-08-04T12:06:00Z,89617c0f69d4b424d95192f7118121b2ad1ef34a8bbf4a7ee2fad20d,60.14699,24.922,00000000a53ed894,18.79
220,2019-08-04T12:06:00Z,8b624df7470031bef65a0f5c7fbae0315abc06862569f90fe5b09bc1,60.16762,24.95415,000000006b44cce7,2.54
221,2019-08-04T12:06:00Z,8ba6cfc17ca70e8304994e018ebd5eb2003177062cde05925d5cacb3,60.173,24.92524,0000000096918cfa,21.87
222,2019-08-04T12:06:00Z,8cc627f6c7c7e8f531565b67c3cce1eedef78d0ec8b6429a5d537c2f,60.14947,24.91438,000000004ef3150d,11.7
223,2019-08-04T12:06:00Z,8d192256b22e5fa425880823895f4187259c8eed4e95f78afc4170f1,60.16075,24.95883,00000000f1124bca,13.75
224,2019-08-04T12:06:00Z,8dae8c39d58b18df713713239222f2d512c9e912893f774a8db6a124,60.16629,24.95957,00000000fb7600be,25.36
225,2019-08-04T12:06:00Z,8e00006d1b0e9e7f860412636ec372e5fa442d0122b0b2f9ac67fb96,60.16829,24.94214,00000000afef4555,17.4
226,2019-08-04T12:06:00Z,8e5c796dbeed21684604f8347335bffe39e6b95a3106d670cd18e095,60.16829,24.94214,00000000afef4555,20.28
227,2019-08-04T12:06:00Z,8f18510db6f95159eed33ff1fc2b7110bc116b95e59555945cc4ff92,60.14699,24.922,00000000a53ed894,11.7
228,2019-08-04T12:06:00Z,8f1c983a8f51d24603c77710fdbf6b159e0f2ccd4760c45edac78841,60.16897,24.95222,00000000aa852af1,17.4
229,2019-08-04T12:06:00Z,91f15d89693a0e58c669b995ea9bed719f746dba4d24a6d0e0b0aae8,60.16762,24.95415,000000006b44cce7,14.89
230,2019-08-04T12:06:00Z,92add873ebde7651d0579793f1d814af446dbf8add946b76411b9fe6,60.16531,24.9442,00000000fdda10fe,1.38
231,2019-08-04T12:06:00Z,94ac9d6e79236013b9fa24e1c52123819228f6962b5952637ca80fcb,60.16762,24.95415,000000006b44cce7,10.78
232,2019-08-04T12:06:00Z,956235384ca0e91e128a876d14237304dd71bd44fd5b8f01938edaf4,60.17918,24.95141,00000000675d5200,13.75
233,2019-08-04T12:06:00Z,96764b1d8f5ef50d69e565e6d55774042b9ea6485d231182001d69ec,60.16531,24.9442,00000000fdda10fe,4.11
234,2019-08-04T12:06:00Z,96bd185a980f1b3b61a7f67b60a1ebcdbba253c2078981481d3eecf6,60.16762,24.95415,000000006b44cce7,16.1
235,2019-08-04T12:06:00Z,975e7585dbe543f9ba68a5df21088a79daa6661038d2828093e4e77f,60.17065,24.93641,000000000f4919c9,21.87
236,2019-08-04T12:06:00Z,9764e25b15f7292bf2ae038f2a2bfbb71f8929d1fb529af0f5e242b8,60.17919,24.95181,000000007b5207b6,21.87
237,2019-08-04T12:06:00Z,9936c0a373e4c2c7241aed187474e41858655fa847adaa2e30d829f7,60.149,24.9843,00000000fffb8cf0,27.28
238,2019-08-04T12:06:00Z,999ccde58b26d3dca0f268ae0fbd3a5c3ab31f630325966a86c7d736,60.17065,24.93641,000000000f4919c9,27.28
239,2019-08-04T12:06:00Z,99dcb689ec90c413c73f7d1d4fede6bfb31ce10c184e3de6f655e6f6,60.16762,24.95415,000000006b44cce7,5.91
240,2019-08-04T12:06:00Z,9a2e5295ebd774dc28751fb0be93c492125558401ba8c56dda7a9f0c,60.16897,24.95222,00000000aa852af1,9.12
241,2019-08-04T12:06:00Z,9a59aacfbabf5cb6313f4c49e55131479691d68ec2bb71dda2975e47,60.14699,24.922,00000000a53ed894,10.78
242,2019-08-04T12:06:00Z,9b35fb4e512311856f2e7d21c136b6d9cb947a11b500f17a2fe96490,60.16075,24.95883,00000000f1124bca,1.88
243,2019-08-04T12:06:00Z,9b3b5577ee52c8f8f871d8ff9d92698c359bc3809387fdabdeb3f272,60.17065,24.93641,000000000f4919c9,4.5
244,2019-08-04T12:06:00Z,9bd3b28502fbff2bdc93c202dcbb72048f050361e5501387f9f6ff4c,60.17065,24.93641,000000000f4919c9,6.46
245,2019-08-04T12:06:00Z,9c632aed20c215c20ea3aafd6e4b710cb27a4cfc63cde295275fe0ef,60.149,24.9843,00000000fffb8cf0,7.69
246,2019-08-04T12:06:00Z,9e1ea837176fd029b0089904137034087ee551a01933947bb00bee2d,60.17065,24.93641,000000000f4919c9,27.28
247,2019-08-04T12:06:00Z,9e89bb56e72d45feeb980da993a8c31b5d952dc320151d9336034f24,60.16829,24.94214,00000000afef4555,25.36
248,2019-08-04T12:06:00Z,9e9f5f62b699001f34dd454763ce56400e3e05786c872b26647ffd3e,60.16075,24.95883,00000000f1124bca,7.69
249,2019-08-04T12:06:00Z,9ee65e264343e5a24fdf1f050795dffc5cd7cffd071094f0cdf24590,60.16762,24.95415,000000006b44cce7,18.79
250,2019-08-04T12:06:00Z,9f1920350685b4cb747c535ba3c3dc1cb29587668bd507ab96e5692f,60.16762,24.95415,000000006b44cce7,14.89
251,2019-08-04T12:06:00Z,9f9310e5010440e24f9fc7e1c058ff7a013adcfb8854efbb1809d2a2,60.149,24.9843,00000000fffb8cf0,3.74
252,2019-08-04T12:06:00Z,a0124b8161a32fc12c9f8cd34a32ef8f1096d8285f10be6abfdeb9bf,60.16762,24.95415,000000006b44cce7,12.69
253,2019-08-04T12:06:00Z,a168a15444dedf9d61601c6c98b20c1b2e06f35181ee3f228800f5c0,60.16762,24.95415,000000006b44cce7,11.7
254,2019-08-04T12:06:00Z,a22dc95b7100b41e10114c689617b06e907f2385dc0b6cc2e8d41534,60.16544,24.95398,0000000038d83d41,21.87
255,2019-08-04T12:06:00Z,a242d0f4c40393300014042b5121ac7b9f8c839efd50431035b9002c,60.14699,24.922,00000000a53ed894,14.89
256,2019-08-04T12:06:00Z,a2432711fbbe3d2c3f3e97dbca2aaaa8810e6a201a668907e8ab9070,60.14699,24.922,00000000a53ed894,9.12
257,2019-08-04T12:06:00Z,a37554727ab4a7269ddc8380c0dd0a848cba991dde4c5a89c145cac5,60.14699,24.922,00000000a53ed894,10.78
258,2019-08-04T12:06:00Z,a3c1a4a58b9381c27b1d5076e0d8d72039afccfb0e58438a80247324,60.16762,24.95415,000000006b44cce7,9.12
259,2019-08-04T12:06:00Z,a4827f58be7f231e03b2fafabe88afa84276cc2a0c0016a8c06279cd,60.16897,24.95222,00000000aa852af1,21.87
260,2019-08-04T12:06:00Z,a5f038c127ca4872294d7de2b08e334af618534637cc64bf42a6438d,60.15432,24.9211,0000000019fb59c4,25.36
261,2019-08-04T12:06:00Z,a62de6b4e1ac19682c038eed889a4b9c5b0787b0e0e13b071e8dc4c2,60.1538,24.95595,0000000038bf9618,25.36
262,2019-08-04T12:06:00Z,a6ef7935bae57f60818caacaa6835fd7ac4ca1305fb935a799e7cea0,60.14699,24.922,00000000a53ed894,16.1
263,2019-08-04T12:06:00Z,a70a6a1f627009184f3fed0188858b9c2026eac1c6a347f027a77123,60.16897,24.95222,00000000aa852af1,9.12
264,2019-08-04T12:06:00Z,a777e3a0e19f7c17a5bca94b2802c4c39855e63d37067c13765f99eb,60.16075,24.95883,00000000f1124bca,20.28
265,2019-08-04T12:06:00Z,a7c0295fc5bdfd5a62b1658d1e9d990209dc5f949f5df9737befad29,60.149,24.9843,00000000fffb8cf0,3.09
266,2019-08-04T12:06:00Z,a995324fcd943ecf4e9a30ea271a19665a2fccd8eb19fd291864eb65,60.15432,24.9211,0000000019fb59c4,13.75
267,2019-08-04T12:06:00Z,a9d7e32c3ef1afe6dcf548900ee03cd95b61a1876dfa29157312fb65,60.1538,24.95595,0000000038bf9618,21.87
268,2019-08-04T12:06:00Z,aa076c3f0d09145aebbb750dde9849ba4eb6759e92ba5753280184d6,60.16762,24.95415,000000006b44cce7,13.75
269,2019-08-04T12:06:00Z,ab36a7eede45c2958bf61444db072e8029d3b34e1bb8a82295f99adb,60.16897,24.95222,00000000aa852af1,11.7
270,2019-08-04T12:06:00Z,ab5ee54354b24a04e4f2c1d394ff4942490e116c110e76b03ddcf5ab,60.14699,24.922,00000000a53ed894,9.92
271,2019-08-04T12:06:00Z,ad4453e0938c282fb9c6063c067085488f27d4f020e4b2ce77ae3dd1,60.14699,24.922,00000000a53ed894,9.12
272,2019-08-04T12:06:00Z,aee0b4aaae830549b8fe8a3003c173e52a0be0ee13be2f1a74f7b485,60.16829,24.94214,00000000afef4555,13.75
273,2019-08-04T12:06:00Z,aef85c481e1da45adb0e14f5a70f639386a3519f6c0d89c864d7df37,60.16897,24.95222,00000000aa852af1,9.92
274,2019-08-04T12:06:00Z,af67d25c81cc8237b816b385840065bdf94c2dd60b8e892b6ed2b265,60.14947,24.91438,000000004ef3150d,18.79
275,2019-08-04T12:06:00Z,af9b88bd721a0707f503b6cca99fcb8b6ae43540e23cf2a74686c3c9,60.16075,24.95883,00000000f1124bca,21.87
276,2019-08-04T12:06:00Z,afd9c908578037d60047b886196809b7df9fcfadcc14ff22edd2b74d,60.15432,24.9211,0000000019fb59c4,25.36
277,2019-08-04T12:06:00Z,afdf1bb8b1eb176b371b38e84b8596baa725b8e7998be6ac7840d897,60.149,24.9843,00000000fffb8cf0,33.81
278,2019-08-04T12:06:00Z,b08488b13ac09423e71df12c2c65f84aa7a8fa4c4b1ec25f79fb9f99,60.14699,24.922,00000000a53ed894,4.5
279,2019-08-04T12:06:00Z,b099c77ebdf516e30fc42bd242be3ffcaca02d41c8ebaf12e3cb019c,60.16762,24.95415,000000006b44cce7,20.28
280,2019-08-04T12:06:00Z,b09ddd1e2af12a5d93bf76f32cb0c5f21c15cad08019e54d15420e42,60.14699,24.922,00000000a53ed894,5.41
281,2019-08-04T12:06:00Z,b137eb2e57ef37466a26ce06524477be540daee8326dddcc4d04e3f9,60.1538,24.95595,0000000038bf9618,9.12
282,2019-08-04T12:06:00Z,b18f0bd6f68614b0cc3274fef3af9141fe8ad141e86b62ed7438272c,60.16762,24.95415,000000006b44cce7,6.46
283,2019-08-04T12:06:00Z,b1de7fc2eb488203a5ef18e08e58f4e649c3ae541dc1e08d20d50f4c,60.1538,24.95595,0000000038bf9618,29.32
284,2019-08-04T12:06:00Z,b378ccb1e882ca0e462ccab409abb08fe47aafb914d66973a6d3b7c5,60.16829,24.94214,00000000afef4555,8.38
285,2019-08-04T12:06:00Z,b41cc64d7ab4e16a03573bdc3b5863c4b402ec66c7780c7900c02877,60.16829,24.94214,00000000afef4555,16.1
286,2019-08-04T12:06:00Z,b56df5c89c5f394ddf6b58da57d37309456527ea5377e95f550b51b1,60.16762,24.95415,000000006b44cce7,4.11
287,2019-08-04T12:06:00Z,b574d696b356f452b20ac3d81d2907e6873de4fcfa0c869c3e5bbd96,60.149,24.9843,00000000fffb8cf0,20.28
288,2019-08-04T12:06:00Z,b65cc0f4123f54cbaa9bf1b94bad98d1b7dc022599437316f99c205e,60.15432,24.9211,0000000019fb59c4,25.36
289,2019-08-04T12:06:00Z,b73b20ec374449c05f513e9372b1665ed53e0d62e8a8c0a23731c72b,60.16762,24.95415,000000006b44cce7,13.75
290,2019-08-04T12:06:00Z,b7e4b66f347f66fa0c9f937ebeabe9de1efa734e41af1689c64e31c4,60.17918,24.95141,00000000675d5200,29.32
291,2019-08-04T12:06:00Z,b83616b16ad067fccf7122b5ae2b7a7941f0536a34a01d2781df015e,60.16075,24.95883,00000000f1124bca,3.74
292,2019-08-04T12:06:00Z,b99f2e3b02909c2eb9bec76d6b46f99d4de670c96e29d76810362b0c,60.15432,24.9211,0000000019fb59c4,21.87
293,2019-08-04T12:06:00Z,b9d4e87374f42172cc3f8e761e64589b9c7b698fde390d4b4dad0ccd,60.14699,24.922,00000000a53ed894,9.92
294,2019-08-04T12:06:00Z,ba41edadb3a9722bc59efaca71897a33593d0f17301c4bf560fd23e1,60.16762,24.95415,000000006b44cce7,12.69
295,2019-08-04T12:06:00Z,ba78ec845df59976410916087a686570c50d6fa2a466d74ea2428c87,60.16531,24.9442,00000000fdda10fe,2.8
296,2019-08-04T12:06:00Z,ba9750c782c58caf6e2d6063007a875fff719cebc047c9590bc3bf14,60.14699,24.922,00000000a53ed894,11.7
297,2019-08-04T12:06:00Z,bacda40acfcca02647899004f96e82d8bb7ec5bf108137c125604b92,60.16897,24.95222,00000000aa852af1,25.36
298,2019-08-04T12:06:00Z,bacff8e577cdd77fc6bad2f19ad0e0037d8a0c07abbaa61cf71e7d83,60.16075,24.95883,00000000f1124bca,21.87
299,2019-08-04T12:06:00Z,bb2a0ac5ff7b4f11d540bd87434404d56fcdce82c000176977298218,60.17002,24.94407,000000006b087f40,5.41
300,2019-08-04T12:06:00Z,bb33e59d78d5dee0fec9f4b9b200a1b04939f8b32413ae5153251a15,60.16762,24.95415,000000006b44cce7,9.12
301,2019-08-04T12:06:00Z,bb39fa46d817aa0bea839aff888fa51d1be056240fa1d3720e82eb45,60.16829,24.94214,00000000afef4555,25.36
302,2019-08-04T12:06:00Z,bbbd8346b2274cd48e7c316ba6a97c1b04b01e5a67161108200ae01e,60.14947,24.91438,000000004ef3150d,7.69
303,2019-08-04T12:06:00Z,bbcef83d0ffecfb2945f1ec40ca1074f37fc820c74d43ef017da154c,60.17919,24.95181,000000007b5207b6,16.1
304,2019-08-04T12:06:00Z,bc07df8cc395f6f4f5d483b2233caca5f93a6918f346e4cc3702f8cc,60.16531,24.9442,00000000fdda10fe,27.28
305,2019-08-04T12:06:00Z,bdfb9fd8bde98daf230e665944d4c0ddf54b92627409d5bd7e959ad3,60.149,24.9843,00000000fffb8cf0,29.32
306,2019-08-04T12:06:00Z,be47a0eb33a333ae138deda71e2f3209bfa4e17875794e15975f98db,60.16897,24.95222,00000000aa852af1,17.4
307,2019-08-04T12:06:00Z,c041c9ba0f5af86670d2852d20cb192119ac63353beec9a690d11b58,60.14699,24.922,00000000a53ed894,13.75
308,2019-08-04T12:06:00Z,c05f5fbeee5f2fe7208a163c485caa2c2d6e524ba310732a305e1e79,60.16829,24.94214,00000000afef4555,25.36
309,2019-08-04T12:06:00Z,c0a0ca3433586ed2ae0e448f2406fabac7292ac79d49562e0bd5cef8,60.16762,24.95415,000000006b44cce7,12.69
310,2019-08-04T12:06:00Z,c19813dcd328edeaddab4e1d779e026d3ed65bcade44748b1f0c9978,60.17065,24.93641,000000000f4919c9,25.36
311,2019-08-04T12:06:00Z,c1eb7a12af480871e1b5d94129e6a4ff53cba22dffcd4c18c2d63b20,60.16829,24.94214,00000000afef4555,33.81
312,2019-08-04T12:06:00Z,c225109f0c9ad7d11c4260471e4538c87521b4c276c0e1d7cce5b7dd,60.18203,24.91341,00000000342570c2,20.28
313,2019-08-04T12:06:00Z,c27fee8ae8d689338b043608280c83cfa6f3276d3837ecea5f742dc3,60.16762,24.95415,000000006b44cce7,9.92
314,2019-08-04T12:06:00Z,c307cfc243c968a1aa36e891ba29b91bc39ed29a4c440a3b0cfe9d90,60.17065,24.93641,000000000f4919c9,4.94
315,2019-08-04T12:06:00Z,c593e91b10da944a20d25c4237bda2fae759d288cea38bcaaee3abfa,60.16448,24.97323,0000000053c6c2be,27.28
316,2019-08-04T12:06:00Z,c5eff392a166f02283b34290d7335828251eea4bb69b77d3e485b480,60.14699,24.922,00000000a53ed894,7.69
317,2019-08-04T12:06:00Z,c637f15d9365f26e63bc9566e29e0ddfbfc85347af42d4415ecec718,60.16897,24.95222,00000000aa852af1,7.05
318,2019-08-04T12:06:00Z,c80aa1026a49fd4ceac4512b2ec3d59e931a0bd3a8232982f3330dc6,60.16897,24.95222,00000000aa852af1,21.87
319,2019-08-04T12:06:00Z,c8c1389909437dd7056dcab1768aae27ff23b745b071edb4b98f69a5,60.16629,24.95957,00000000fb7600be,25.36
320,2019-08-04T12:06:00Z,c9c782b1227c0aab396b5d1092f44d9cece1c82ffbe3306fc1e9fada,60.14699,24.922,00000000a53ed894,9.92
321,2019-08-04T12:06:00Z,cb1edcc2354030c4d5649eae6f98475cd52761113faf8f603e226876,60.16762,24.95415,000000006b44cce7,11.7
322,2019-08-04T12:06:00Z,cb24cc85a33e4d3f5bf27fb53c0cf3aa98bbeea6ff038df2a0d62a94,60.17065,24.93641,000000000f4919c9,1.01
323,2019-08-04T12:06:00Z,cb9798fccdbf65308ce1434c470fde14a019383a5e00c883aa146010,60.14699,24.922,00000000a53ed894,6.46
324,2019-08-04T12:06:00Z,cc4104cb6b7e6834ec0286ab2428b1ff5a673504541ae1c9ec91cd96,60.17065,24.93641,000000000f4919c9,3.4
325,2019-08-04T12:06:00Z,cc5851e802cbbf83674f34ea4f3c028448bd41377dfd6da5672a44b9,60.14699,24.922,00000000a53ed894,5.41
326,2019-08-04T12:06:00Z,ccb39658ca7667784cc17650a2c29df401973ea5cf3058038bddc48f,60.14699,24.922,00000000a53ed894,4.94
327,2019-08-04T12:06:00Z,cee4224fc81a229162dd45744f8b17a8bf357f073cadcbe50cbedc78,60.17065,24.93641,000000000f4919c9,16.1
