,time,hash,latitude,longitude,serial,distance
0,2019-08-01T09:15:00Z,03e0fc996a589ccdf1871b3c78e089c08c93ba1f2a02d740fb384aac,60.16531,24.9442,00000000fdda10fe,27.28
1,2019-08-01T09:15:00Z,0bc5d37416fd27c336d64358a660668746f2c088ea9bf78994076bf9,60.16829,24.94214,00000000afef4555,17.4
2,2019-08-01T09:15:00Z,0fff89885f08417f20aadfdbf62a372277e9085bcd024374b772ecac,60.16531,24.9442,00000000fdda10fe,17.4
3,2019-08-01T09:15:00Z,144afc51fc2443c7031a2912566eff2ce60226a49d6d2bd7c2923700,60.16544,24.95398,0000000038d83d41,18.79
4,2019-08-01T09:15:00Z,14c7e1511b70f4dd3359cbece1377aebb4d70531f5489eefe53d7c3c,60.16544,24.95398,0000000038d83d41,29.32
5,2019-08-01T09:15:00Z,15918569de0a46a8eb56b43d8d39f7fc82619ff1006f00822c85745c,60.17919,24.95181,000000007b5207b6,11.7
6,2019-08-01T09:15:00Z,165ebbb4090d47319ae370f0d0854fdc1f6b79499f8b2e4d3c3533c0,60.16544,24.95398,0000000038d83d41,20.28
7,2019-08-01T09:15:00Z,1f0f0628cdc688d76bde2b82bee5b9b4916bf0bbdfe76cf3213e1c65,60.15432,24.9211,0000000019fb59c4,12.69
8,2019-08-01T09:15:00Z,24d2f2ddd119efcb13abb0ab2cb53850e9788b6713967ccca4d6e071,60.16897,24.95222,00000000aa852af1,12.69
9,2019-08-01T09:15:00Z,2a93b61a3863ace54349d7a0937e4134fcc6d4dfcf064eefae2b7cf8,60.15432,24.9211,0000000019fb59c4,27.28
10,2019-08-01T09:15:00Z,2dd6ca2c889266702d554569764346cf583b74b0890b10e00ecd4f82,60.16544,24.95398,0000000038d83d41,31.5
11,2019-08-01T09:15:00Z,2efd972897e318100638d8474e49f7d4cbfb4d97c6ee232a20a417e2,60.16897,24.95222,00000000aa852af1,14.89
12,2019-08-01T09:15:00Z,5d65719c4cbf045f068d084b72302f447d5fd034413d97d13be00d0e,60.18203,24.91341,00000000342570c2,18.79
13,2019-08-01T09:15:00Z,6a657079c1bdc8114c289be1ddd83e5846d4279a920d1697b8ff0033,60.18203,24.91341,00000000342570c2,21.87
14,2019-08-01T09:15:00Z,6d22b751ff5173035dc85c52c3dff0780126adae67fe33dc62dd45ef,60.16531,24.9442,00000000fdda10fe,27.28
15,2019-08-01T09:15:00Z,6f06341f358e61699fe1e55e986dd0554bc8da28b91daf0c5ad99db6,60.16629,24.95957,00000000fb7600be,21.87
16,2019-08-01T09:15:00Z,6ff437688c444238352c28f64f9d2a7d0f14d19c9ea42c225380501e,60.16762,24.95415,000000006b44cce7,16.1
17,2019-08-01T09:15:00Z,70e87a8c3bcb505144cc59dbfa9978bf38af87dfaa6cc36f2bb619a7,60.17918,24.95141,00000000675d5200,16.1
18,2019-08-01T09:15:00Z,747113587b5e24470d7847afcbb4e92368ec8f645bb5c831f23b2bd9,60.16897,24.95222,00000000aa852af1,18.79
19,2019-08-01T09:15:00Z,76c7f42283513d0e289bf786d89463b5025b2ae0f4e13519a4cf228b,60.15432,24.9211,0000000019fb59c4,18.79
20,2019-08-01T09:15:00Z,78d5f60b36b59c06c3988b94e11744bb3aed5dcbc214f91f228bf892,60.16448,24.97323,0000000053c6c2be,25.36
21,2019-08-01T09:15:00Z,84fdfd8881f633c5f0c71c1480053953ca4b05e848052d97c063ad38,60.1538,24.95595,0000000038bf9618,27.28
22,2019-08-01T09:15:00Z,87dfaad29a9276ddddb1fa021d3bc23ad14824c1af16f7d87e713689,60.14951,24.92138,0000000006dd41f6,9.92
23,2019-08-01T09:15:00Z,8cc6ddaa460aeae8cc9e8a33f91a01c8cd4c0c8bf8a943210a28c84d,60.1538,24.95595,0000000038bf9618,21.87
24,2019-08-01T09:15:00Z,9843c6216661048343a0e49cf3d8aa2883cf77f452666a1c873a1052,60.16448,24.97323,0000000053c6c2be,12.69
25,2019-08-01T09:15:00Z,9d03d14afa49576281aa26db60e517f7c1ec8aa36f7756959a860a8a,60.16629,24.95957,00000000fb7600be,13.75
26,2019-08-01T09:15:00Z,9ff35a7f150d05ef75c3777dbae4f91e5b1a4d0830a984c50f6da1bc,60.16897,24.95222,00000000aa852af1,29.32
27,2019-08-01T09:15:00Z,a453a941fffbfcfb6281ef5ddf1f8502e208703634a656b2bc612613,60.16448,24.97323,0000000053c6c2be,29.32
28,2019-08-01T09:15:00Z,a9da1ee82e3b670e276c26b483dd50f4a6d0c6f77ef82245d3ae6086,60.18203,24.91341,00000000342570c2,23.56
29,2019-08-01T09:15:00Z,ab0f67c0c0e1ba5eac9013f9c314feadf340ddf08543b91e70483594,60.16544,24.95398,0000000038d83d41,17.4
30,2019-08-01T09:15:00Z,b4faf2d3c4d2b199afeab6ab63b583fe3a2e81e14abbef6917f25129,60.15432,24.9211,0000000019fb59c4,23.56
31,2019-08-01T09:15:00Z,b5fd6b317890e5ab2d79e2cd1abe61626d45a753c7337d0d40728898,60.16762,24.95415,000000006b44cce7,9.92
32,2019-08-01T09:15:00Z,ba42c72ea7c2663b3ea5044faf12173ab18e523dc35de0e24bf374ac,60.16544,24.95398,0000000038d83d41,21.87
33,2019-08-01T09:15:00Z,bd1984bc7e20af29a3c451245c3c26eaded77748a099bf3ab41fa87e,60.17919,24.95181,000000007b5207b6,7.69
34,2019-08-01T09:15:00Z,c40c37def6bf11a63a2556519a7c6233fd417cdeea2cf14f28e7c42c,60.16531,24.9442,00000000fdda10fe,14.89
35,2019-08-01T09:15:00Z,ce197d5eedb5498917afe7ca3f7275ffeb191f0c5d050bffa154c1d2,60.16531,24.9442,00000000fdda10fe,23.56
36,2019-08-01T09:15:00Z,ce783d3c1b06378e5c39c25687746a6f88fbb0ff2b36e3405fb61cf8,60.16762,24.95415,000000006b44cce7,18.79
37,2019-08-01T09:15:00Z,cf05623e4d87ce0906c0b0b7dbf53aacc1228016cd27c341228b6e76,60.18203,24.91341,00000000342570c2,18.79
38,2019-08-01T09:15:00Z,dd2c9c82cf3737146294aff6f814a1349fb0bc4bedf518715dacbe8f,60.18203,24.91341,00000000342570c2,13.75
39,2019-08-01T09:15:00Z,e80cbf89b4da91a80f5d887f9df50d31efca19c2d9d31eb261786884,60.14947,24.91438,000000004ef3150d,29.32
40,2019-08-01T09:15:00Z,ea4715639459336edc8b951a9e74d5ff258856f4f949b53673dafd63,60.149,24.9843,00000000fffb8cf0,31.5
41,2019-08-01T09:15:00Z,ec72ef080c605e71978aed0d3b5f22c3c3133677a43c614b72eedc6d,60.14699,24.922,00000000a53ed894,31.5
42,2019-08-01T09:15:00Z,ed70dda6b7faebd4340dacdb452ab224d9d3c308df417b7fa76f54e8,60.14951,24.92138,0000000006dd41f6,21.87
43,2019-08-01T09:15:00Z,f088630d7476dae7d4b7e2bb1f10575f2c89acb4b6e061f3d57c2b40,60.16531,24.9442,00000000fdda10fe,23.56
44,2019-08-01T09:15:00Z,f83d4b6b8ffbf8a674d212e32100b2360b80261b4e9207d77c0b0ed3,60.17918,24.95141,00000000675d5200,2.08
45,2019-08-01T09:15:00Z,fc4f3a44235f1cfc7b53f14ba2da599976a5a0a220d23b852688e485,60.17919,24.95181,000000007b5207b6,8.38
46,2019-08-01T09:15:00Z,004e629ca3509691ac02344a7846284819d8b63418a5f89ed575a101,60.15133,24.92329,00000000e8a064a4,21.87
47,2019-08-01T09:15:00Z,0122ef76dac4a54c5e14c6fa186b888872d6f0867ac1ae4256b748dd,60.149,24.9843,00000000fffb8cf0,21.87
48,2019-08-01T09:15:00Z,016431596508c98745a3b19643b4ed05ca1f8ca25ac76da992671507,60.149,24.9843,00000000fffb8cf0,10.78
49,2019-08-01T09:15:00Z,02050a536056486b1bf139282f0d0a3af63def1d56ff0c73ac51bb19,60.14947,24.91438,000000004ef3150d,9.12
50,2019-08-01T09:15:00Z,023083c44c772667f1727e01c74518889b2a82d78ceb28c08b6f8a20,60.16531,24.9442,00000000fdda10fe,12.69
51,2019-08-01T09:15:00Z,03d8f73b8751440a382692899d8be91ddf763d9c52cddf20b2af0250,60.16897,24.95222,00000000aa852af1,10.78
52,2019-08-01T09:15:00Z,03f427d436ba092925de462b11374bdbdab0443620037675621fbc11,60.17919,24.95181,000000007b5207b6,29.32
53,2019-08-01T09:15:00Z,0598202754ff25b82616fb44a895988b40f417326197f35a96f0b9a3,60.16544,24.95398,0000000038d83d41,25.36
54,2019-08-01T09:15:00Z,07663ff9d64a81be53a7426ea1645f31b259d52db8975b6466ec8091,60.16762,24.95415,000000006b44cce7,20.28
55,2019-08-01T09:15:00Z,07b807e7116454999b95b22e55aa3758c49da30b15f3e905a3bb40e2,60.16629,24.95957,00000000fb7600be,20.28
56,2019-08-01T09:15:00Z,07d9c7bb1bc79dfd42dfb648c4a8acae5f45e21463acf0e9d5ab8ee2,60.16448,24.97323,0000000053c6c2be,4.11
57,2019-08-01T09:15:00Z,0892a068a6448ab9a32667865622f64c737b41dbb678ce4eff83c94b,60.14947,24.91438,000000004ef3150d,9.92
58,2019-08-01T09:15:00Z,0a4545064081fa300763c6773f1d0bc94f50886af099201d626346bb,60.16897,24.95222,00000000aa852af1,21.87
59,2019-08-01T09:15:00Z,0d2308330c245f222c2b90fc8a517fc509859c0e3b8a5ea77d1e82be,60.16531,24.9442,00000000fdda10fe,17.4
60,2019-08-01T09:15:00Z,0d36588b0274c7fc1c33ed938ed6883bd98d7e2d5a66328940df8a94,60.14947,24.91438,000000004ef3150d,8.38
61,2019-08-01T09:15:00Z,0da2aae084c5d05e8c754eb5d94612ede5f11357be2d14c30b25ec9f,60.16762,24.95415,000000006b44cce7,12.69
62,2019-08-01T09:15:00Z,0e62c7194170ff5abcdede8e7bb2dc9370e053dcd7957fc62f077453,60.16829,24.94214,00000000afef4555,29.32
63,2019-08-01T09:15:00Z,0e696052e3f4d902f92fe6a254a76388e8c36a6a603c4dbacd5dc3a8,60.16629,24.95957,00000000fb7600be,10.78
64,2019-08-01T09:15:00Z,0f7d301dbe8f723cb5e7346346a993d2e9f39adef50274810688132a,60.17918,24.95141,00000000675d5200,9.12
65,2019-08-01T09:15:00Z,0f9da7b05f61d5bfc36449b21c36ba94481e658a525221e348e0d138,60.16829,24.94214,00000000afef4555,9.92
66,2019-08-01T09:15:00Z,1080f90228609dbf8a965e7df4c753b2a8a57d36951b0dd83ea6922e,60.17919,24.95181,000000007b5207b6,21.87
67,2019-08-01T09:15:00Z,13a759fd293cbde0d55db753d853768b718e59036c4007d2e3a8757a,60.16762,24.95415,000000006b44cce7,5.91
68,2019-08-01T09:15:00Z,146f35dd6b6f1ccb5076ac5e58ac7d8129c44e4e815d829e0405c995,60.14947,24.91438,000000004ef3150d,10.78
69,2019-08-01T09:15:00Z,1564db6ab71666bfe0865d19fd134f7018f49bc12ff1969853697784,60.16531,24.9442,00000000fdda10fe,17.4
70,2019-08-01T09:15:00Z,170bd675ad4c54fe2a4a163af4c650e6547b3d50599a975f64447f39,60.16829,24.94214,00000000afef4555,16.1
71,2019-08-01T09:15:00Z,1868610788304d745681b46ca6dd96fc80ad8c48a394480a76ddc39a,60.14947,24.91438,000000004ef3150d,8.38
72,2019-08-01T09:15:00Z,188d2e17eacbe726e4d834ba5fdd055045b0b5a38b32ad73ea7c5d9f,60.16762,24.95415,000000006b44cce7,17.4
73,2019-08-01T09:15:00Z,190cdde22bc3e3a41cd0f9da7efb3a917bc09e8034b05ca6064ea8a8,60.17919,24.95181,000000007b5207b6,20.28
74,2019-08-01T09:15:00Z,1ad9bdffafbbf8933ab6b3b695988ad31df32a874eddbf84de369e78,60.16448,24.97323,0000000053c6c2be,25.36
75,2019-08-01T09:15:00Z,1addaa56146e418f59e89969743982f1b0cf330353eddd9ca92f05c8,60.16629,24.95957,00000000fb7600be,9.92
76,2019-08-01T09:15:00Z,1ba75e750a1b5ba7dfb73e74450c9bb34acf62053dc805e96abcc298,60.173,24.92524,0000000096918cfa,21.87
77,2019-08-01T09:15:00Z,1d29c5673f0a4cff4d51341bb36b9d27ec6b6e4fd8d6012645eb46cc,60.16762,24.95415,000000006b44cce7,6.46
78,2019-08-01T09:15:00Z,1dbecade1f3540eb44c3d86cb1ffc73d5bf422ea0cf76927c2d5cd74,60.16829,24.94214,00000000afef4555,21.87
79,2019-08-01T09:15:00Z,1dca837556738e067d166cadce11124d82fe4cf048ba3daf71b9b5cf,60.16829,24.94214,00000000afef4555,18.79
80,2019-08-01T09:15:00Z,1e3af5697f0a2ae45f261da79e4ba71c868dc4d78008bd1995fe6259,60.16448,24.97323,0000000053c6c2be,13.75
81,2019-08-01T09:15:00Z,1f2b89d2de52e9896f0082c2e36246a9402b6ba0e3423e091a4be8f8,60.16829,24.94214,00000000afef4555,29.32
82,2019-08-01T09:15:00Z,1f9c3422b385b15bf05f211b6ef51a4b4104805f2a9968357bb47444,60.16629,24.95957,00000000fb7600be,20.28
83,2019-08-01T09:15:00Z,211d9375a81e0a10467dabc31d1f08946b10391ded624d7c61cb8747,60.14951,24.92138,0000000006dd41f6,31.5
84,2019-08-01T09:15:00Z,2283762fe3af8329ae65aec44de728da8f383810e9f2a3d3b84fa031,60.16897,24.95222,00000000aa852af1,21.87
85,2019-08-01T09:15:00Z,236511199fe69d76757a911ca7836901cc0c68cc1e0a3b78996f5251,60.149,24.9843,00000000fffb8cf0,4.5
86,2019-08-01T09:15:00Z,248abab878af34fc50083579bce694dfda792d5e74a4c91b74efd801,60.14947,24.91438,000000004ef3150d,6.46
87,2019-08-01T09:15:00Z,2552cb43d7990bde838673115a742078e343ce93f96257728311655d,60.16897,24.95222,00000000aa852af1,16.1
88,2019-08-01T09:15:00Z,25e32bf51593f7928b184ae4189bbc6f6fed9bfc0f3ec38e8e5b07c6,60.17002,24.94407,000000006b087f40,21.87
89,2019-08-01T09:15:00Z,2617ca57e94f086b6d765a2afb0333d0fff7cbf1d3a6f830095129a0,60.17918,24.95141,00000000675d5200,17.4
90,2019-08-01T09:15:00Z,262b2c1a09f59cee24b9d967e48b7d0adbae3a7c6265aeacdd250c80,60.16829,24.94214,00000000afef4555,7.69
91,2019-08-01T09:15:00Z,27b591b33a56a542440b53031a24f42290b0ec1a194af27700b75a3a,60.17918,24.95141,00000000675d5200,27.28
92,2019-08-01T09:15:00Z,2823bf6afde4a5cc05342c15e7417c9590ba52264be5793bb688faab,60.17065,24.93641,000000000f4919c9,23.56
93,2019-08-01T09:15:00Z,28f1b5463ae8d5cf8ebcf90e05258b85a05413941998844a0118d5a0,60.16897,24.95222,00000000aa852af1,13.75
94,2019-08-01T09:15:00Z,29795b9ff1f5a6605d8cd112953fbcc6f466c5eed26286a73fffba91,60.16544,24.95398,0000000038d83d41,17.4
95,2019-08-01T09:15:00Z,29b2500334259b9de01e92f8ae8d2695505434b59a61c735651d826c,60.17065,24.93641,000000000f4919c9,18.79
96,2019-08-01T09:15:00Z,2afa9ac588b2c55e8edf99ee96ecaf63451a7ab1e51571b7e2d1d491,60.16762,24.95415,000000006b44cce7,8.38
97,2019-08-01T09:15:00Z,2c1561ef90acc35c292021b93f4ae2cb327072040be4b34df4dd0716,60.17919,24.95181,000000007b5207b6,27.28
98,2019-08-01T09:15:00Z,2c1dcbe1930bbd0596b8dea9e2abc4e49a10db5a1fbd25f103aaf5a4,60.16762,24.95415,000000006b44cce7,20.28
99,2019-08-01T09:15:00Z,2eaa8d2ab6c6d28ea412a864a8c51d7b07b219cd2f2b691f9e786cd7,60.15432,24.9211,0000000019fb59c4,7.69
100,2019-08-01T09:15:00Z,2f79108a454c0072885ad1447280ed5098d061b229eaae61a8bb67be,60.15432,24.9211,0000000019fb59c4,13.75
101,2019-08-01T09:15:00Z,300e1ea98f63dfc6100a0acf9aaca83bccc833257620891bd9f636df,60.16829,24.94214,00000000afef4555,7.05
102,2019-08-01T09:15:00Z,318bfc5f09837493640981479505354c986a89753fc7704f9c2aafc7,60.16897,24.95222,00000000aa852af1,5.91
103,2019-08-01T09:15:00Z,33fa4cb82db5b44ffe6e7ae1039635187f90d1df328f8f139da0c693,60.17919,24.95181,000000007b5207b6,8.38
104,2019-08-01T09:15:00Z,347a79f8fed8b86991d7c87cd431b65357c9a91d3f682e1ff37c233b,60.14947,24.91438,000000004ef3150d,8.38
105,2019-08-01T09:15:00Z,34aa4c3c2f71b736426f6819c09b12c961bc996110fe1fa7c9772c5d,60.15432,24.9211,0000000019fb59c4,12.69
106,2019-08-01T09:15:00Z,34e96c7caa63e7ede8f428b18e8fb556ac235d61a50c9d6ac7ff268f,60.17919,24.95181,000000007b5207b6,6.46
107,2019-08-01T09:15:00Z,35f4f61b384de0bec92ce03fbc489fc6abf68919c06413d0997239ba,60.149,24.9843,00000000fffb8cf0,21.87
108,2019-08-01T09:15:00Z,3685ee6d322dcb2ad0ae181f66c3c5427d4531d7896d2f5f7571bb6d,60.16762,24.95415,000000006b44cce7,5.41
109,2019-08-01T09:15:00Z,36fe97cd2ec69118778c771a87593630f8a6a2cb77d9ce72f845cd3c,60.16762,24.95415,000000006b44cce7,10.78
110,2019-08-01T09:15:00Z,38b7e76d44d744d1b659f1bc8a82cbd27bfee073906fbcf4ad6de714,60.16544,24.95398,0000000038d83d41,18.79
111,2019-08-01T09:15:00Z,393d352508a0ba094826111fed2d27abfedc298857e518173e95a67d,60.173,24.92524,0000000096918cfa,27.28
112,2019-08-01T09:15:00Z,397073c773b9703dfb51bd20412422209a75ed17be3859f81c21d460,60.17919,24.95181,000000007b5207b6,18.79
113,2019-08-01T09:15:00Z,398bbd9bcac326f9ff3e3c100956d23d077bd988c0301a3b98b9db37,60.16897,24.95222,00000000aa852af1,16.1
114,2019-08-01T09:15:00Z,39f63cf5760b5bae69e8e4a32c6d9b96a1ed84e29cc868d27af934c0,60.149,24.9843,00000000fffb8cf0,4.94
115,2019-08-01T09:15:00Z,3b124e1851087531134d5e5d0a10b6afe3551982609a81a19dd969dd,60.16829,24.94214,00000000afef4555,18.79
116,2019-08-01T09:15:00Z,3b7b236b06b0fcba5f283fb6bfa479c35795ce3f36ca348de7ea17ab,60.17918,24.95141,00000000675d5200,3.4
117,2019-08-01T09:15:00Z,3d1892fe8f5c28b14b6f7f7a7ab95c14386639d417343de898ffb83b,60.17918,24.95141,00000000675d5200,9.92
118,2019-08-01T09:15:00Z,3da6f677b348b2ad416373b46ccce690da3a5b87560eba9ebcb5cb8d,60.16762,24.95415,000000006b44cce7,7.05
119,2019-08-01T09:15:00Z,3edf7939bb3e255b0e3dfa3ffb4de8c2674b2462b17c1d8c589891ca,60.16762,24.95415,000000006b44cce7,1.54
120,2019-08-01T09:15:00Z,3f37c30d8bcb145e8465747c06c271d5d7702ad4c85b3971017dfb3f,60.16629,24.95957,00000000fb7600be,8.38
121,2019-08-01T09:15:00Z,3fbc117866a1677c806dc1936818cfdbe58e2eccf233f908e2e2f629,60.16544,24.95398,0000000038d83d41,21.87
122,2019-08-01T09:15:00Z,40800921808c1a3470bc4bdd3f008bde741ab807c5ac20b75434505b,60.149,24.9843,00000000fffb8cf0,21.87
123,2019-08-01T09:15:00Z,40b439102d7c1d7e6b164fc2c95d92d4ed385d4229f4c83dba288fdb,60.17919,24.95181,000000007b5207b6,7.05
124,2019-08-01T09:15:00Z,40ce33547a436f71bbaa5edeb17863e11b5611c7f849c1336054be4e,60.16829,24.94214,00000000afef4555,11.7
125,2019-08-01T09:15:00Z,4256b81faf420b0636e1bfcf21e8b61482045aed964aae9089c67296,60.16829,24.94214,00000000afef4555,14.89
126,2019-08-01T09:15:00Z,432417b4972b744ded3410777a6bbb583cf56172bf3436ddbe48a21d,60.16762,24.95415,000000006b44cce7,3.4
127,2019-08-01T09:15:00Z,438f04d1d5e8aafe6335911de1069306cba7cf63385fc7aaf4853a95,60.15432,24.9211,0000000019fb59c4,3.74
128,2019-08-01T09:15:00Z,43e023a8726ec4c53a8cea6dcaa79e722da4677e37f3f6c9d3cc9873,60.16544,24.95398,0000000038d83d41,14.89
129,2019-08-01T09:15:00Z,44cd682aaef3e1d1bc2b0eac71d75bb3a951f74d7c93810d260dfd07,60.16762,24.95415,000000006b44cce7,9.12
130,2019-08-01T09:15:00Z,452475984750273ae04e1b91fc1b8c93fc81b2f4261c200c175e7ffc,60.149,24.9843,00000000fffb8cf0,31.5
131,2019-08-01T09:15:00Z,463cf56997f8ec90c985e7d0f597764e0db2763ad2a39af432c29ac9,60.17919,24.95181,000000007b5207b6,14.89
132,2019-08-01T09:15:00Z,4642dfa1df839f11e64f68bca4e3dce7bde2ff6dd68c54959fcb4788,60.17918,24.95141,00000000675d5200,14.89
133,2019-08-01T09:15:00Z,4658f835d560a7969be022ac88882206cdf791189cfc8172f4f42bbe,60.16762,24.95415,000000006b44cce7,11.7
134,2019-08-01T09:15:00Z,467345eebfe5383871bb0dde161c016f2c17878c4ce9c467fb7bfa9d,60.16897,24.95222,00000000aa852af1,10.78
135,2019-08-01T09:15:00Z,471647e1189359d683e374dd49379d0d20349c283524f879273c6408,60.17065,24.93641,000000000f4919c9,33.81
136,2019-08-01T09:15:00Z,48004849b2f48b2314aa9175433d754db1641b949bb8cf050e2dd128,60.17919,24.95181,000000007b5207b6,9.92
137,2019-08-01T09:15:00Z,483c5584dba56ba4b3b550bef6dd7123bb59a817fc46c4039e8d8493,60.17919,24.95181,000000007b5207b6,8.38
138,2019-08-01T09:15:00Z,4946e01e2f712c76bd829f67316b03d74d5c9883fc3724d768d71413,60.16897,24.95222,00000000aa852af1,11.7
139,2019-08-01T09:15:00Z,496c574893b60f4c154132fea04c98bfbd7ea8fa0dd6572d333bb2c5,60.16829,24.94214,00000000afef4555,4.5
140,2019-08-01T09:15:00Z,4d4104a2016b3a7c51bd87607989638ea13f2376f2d9e9d217c71d4a,60.16531,24.9442,00000000fdda10fe,10.78
141,2019-08-01T09:15:00Z,4f22d45802079590a47dbfed5c0c291ca196c6d1c43b97ac28a690fe,60.16897,24.95222,00000000aa852af1,10.78
142,2019-08-01T09:15:00Z,5001aabb6808b9fd96b705d1ebe8e7aca52713c2640100d81879dd86,60.17919,24.95181,000000007b5207b6,4.5
143,2019-08-01T09:15:00Z,500f1d9acf566d2e41c292b3bf110d11e4777af2a2feb1448df1603d,60.14947,24.91438,000000004ef3150d,13.75
144,2019-08-01T09:15:00Z,538d5d0e1f169041c4a7a0033d09eba2089fe9d128409e570be031a0,60.16629,24.95957,00000000fb7600be,13.75
145,2019-08-01T09:15:00Z,53d8fd3162d3b72ea9f77159ab356b46d40de1758d6388e60fe70985,60.16629,24.95957,00000000fb7600be,29.32
146,2019-08-01T09:15:00Z,5442957fb686e5b1d622d59ca9404a4767bfed84ee13395696cac345,60.149,24.9843,00000000fffb8cf0,20.28
147,2019-08-01T09:15:00Z,556cae6b2e2dec6fe691a835e8e08bd016b1a65797c0aca46879329f,60.17919,24.95181,000000007b5207b6,4.5
148,2019-08-01T09:15:00Z,559429bba23762a872fc7b1e2219d42125ab101e4355d43fdb94ed7b,60.17919,24.95181,000000007b5207b6,9.92
149,2019-08-01T09:15:00Z,55f63eaa8d4ea85ecaea0dfbb3af05b3ab24a665ed145fd24554130a,60.14947,24.91438,000000004ef3150d,9.12
150,2019-08-01T09:15:00Z,562b2d5146a413323b07bef97abfd3abad43ef9c04edb7124280d6f0,60.17002,24.94407,000000006b087f40,33.81
151,2019-08-01T09:15:00Z,5781b8b7a74d95ce717443cd88909f4249462fdb6bfabb488e1a174a,60.17919,24.95181,000000007b5207b6,20.28
152,2019-08-01T09:15:00Z,5805a787a7e3c160dedc3eacc0be2e3f6fc265149f45f572a99fe498,60.14947,24.91438,000000004ef3150d,17.4
153,2019-08-01T09:15:00Z,5830a481876da00686f25b17dad06258a39212c0816ed04dda2df1bd,60.16531,24.9442,00000000fdda10fe,18.79
154,2019-08-01T09:15:00Z,5a34b02faac3189217466888ef1d31cc80f721ac2f18638c5db88d53,60.14947,24.91438,000000004ef3150d,9.12
155,2019-08-01T09:15:00Z,5a6979114b3140fcc04656df40884e0b7e51b68719d4e33850a8898d,60.18203,24.91341,00000000342570c2,7.05
156,2019-08-01T09:15:00Z,5a8d671a78b976d212d9746d88b9a754a2d9c8341c529e88b7c6b8f4,60.17065,24.93641,000000000f4919c9,14.89
157,2019-08-01T09:15:00Z,5a9efbe8f65e35595e70adafcd4cf88fa573bb76f3759331cd95cab0,60.16762,24.95415,000000006b44cce7,8.38
158,2019-08-01T09:15:00Z,5abbc374c476b2780a817d778a7b19406b91f074eb187983199b0199,60.16448,24.97323,0000000053c6c2be,23.56
159,2019-08-01T09:15:00Z,5b06617477af6dcee75a94ac347364b50f6f3b5b7d747e5413d9ad58,60.14947,24.91438,000000004ef3150d,7.05
160,2019-08-01T09:15:00Z,5bfec75bad93038b03b1c837892a1bca87f0b8108d2afb2bf7d5d2e8,60.16762,24.95415,000000006b44cce7,20.28
161,2019-08-01T09:15:00Z,5c1f71098d5d7258d2971061c791c94e0138c8e02225c5f60d6a0428,60.149,24.9843,00000000fffb8cf0,20.28
162,2019-08-01T09:15:00Z,5daa76852f3e1be6c75fa2185d5787ab9010cf83d6671515769a8649,60.16531,24.9442,00000000fdda10fe,20.28
163,2019-08-01T09:15:00Z,5db183c8d6d74894655ff7e5aa8d9e35226aa0d0ca66fa285892fa30,60.16897,24.95222,00000000aa852af1,21.87
164,2019-08-01T09:15:00Z,5e2c5c20c88ccf362ed8749d1ddc041b1cb1c38d8dbeac7870179322,60.16629,24.95957,00000000fb7600be,7.69
165,2019-08-01T09:15:00Z,5f2a174e08c0c4a854d90a3afb97e90fff07037b63b50672b40cdd7b,60.149,24.9843,00000000fffb8cf0,25.36
166,2019-08-01T09:15:00Z,5fc2fafdb6649a869ffd226bfe99095b50996797c20447b63333997d,60.15133,24.92329,00000000e8a064a4,9.12
167,2019-08-01T09:15:00Z,5fe0284ec0eb11405b1a7060df33e93f8a659e348c4e7a21b3559267,60.16762,24.95415,000000006b44cce7,16.1
168,2019-08-01T09:15:00Z,61f53bab9eb8d4ebb57a9aaea9ccecc63dbf2a442c4d629c5348903f,60.16629,24.95957,00000000fb7600be,20.28
169,2019-08-01T09:15:00Z,62812c6d90d7584998780d0ccdc2bd843058492cead0d16d9cd44771,60.17065,24.93641,000000000f4919c9,0.41
170,2019-08-01T09:15:00Z,62b5a9efb6fdc023a7983ad5b6e14ffabc8b7a4c06272a13532aa24f,60.16829,24.94214,00000000afef4555,18.79
171,2019-08-01T09:15:00Z,63ff2439779051005c18876d20ed53ce060c1de9d7976821bd518fc6,60.15432,24.9211,0000000019fb59c4,18.79
172,2019-08-01T09:15:00Z,65b6b62b547e11e10f7f83ad497446bee2bb9653097d9d62e9b1b817,60.17065,24.93641,000000000f4919c9,14.89
173,2019-08-01T09:15:00Z,66df2725bc612196abbcffb110960eefab6062c376f1bc5a7757d215,60.17919,24.95181,000000007b5207b6,8.38
174,2019-08-01T09:15:00Z,67e824f107f27868c72051973d165ba68d74f4c3da3418ad44f283c2,60.1538,24.95595,0000000038bf9618,27.28
175,2019-08-01T09:15:00Z,684e7a868866e631c134ab5bd21b6ba738f6ebc6d5b5c169e366c6ee,60.16897,24.95222,00000000aa852af1,4.94
176,2019-08-01T09:15:00Z,695f3248901f8781a3fb4bea88934541b7b93d9326107f3563b0e7f1,60.15432,24.9211,0000000019fb59c4,8.38
177,2019-08-01T09:15:00Z,69e0d90b6108e76911a28f3eee4ff844015ee575067411f513aa75c1,60.16448,24.97323,0000000053c6c2be,20.28
178,2019-08-01T09:15:00Z,6ac9cebfda5fab64d51976cea1295ec71f387e7483bd5e0df6cb8c40,60.17002,24.94407,000000006b087f40,29.32
179,2019-08-01T09:15:00Z,6c5429af4f8db6be1ee22a624fc71e7cdec9b6f0a9d902908fc3fdcb,60.149,24.9843,00000000fffb8cf0,14.89
180,2019-08-01T09:15:00Z,6d56491192fa27047948db939f9876a2ce68a0ea1413bd8ce174e0e0,60.16544,24.95398,0000000038d83d41,21.87
181,2019-08-01T09:15:00Z,6d5d3225bea28cce9ca475c0b4d20dfa6978ec88aba3d2e1981c820f,60.16829,24.94214,00000000afef4555,20.28
182,2019-08-01T09:15:00Z,6fb266c0f147783fb2a1fbd346150c6f7062d00d631a4f56e1f8e482,60.16762,24.95415,000000006b44cce7,5.91
183,2019-08-01T09:15:00Z,7174a90bdede8f28833ae78fa6a17af3ffea7ec30f3ae762358b3252,60.16531,24.9442,00000000fdda10fe,29.32
184,2019-08-01T09:15:00Z,72439a1f997fd347d46394f31f5789edc877fe61ca34fcd31f9150b1,60.18203,24.91341,00000000342570c2,31.5
185,2019-08-01T09:15:00Z,7301a9b4d9d1c1e64881472c1707e2fdf435cc1e57889cc90491898c,60.149,24.9843,00000000fffb8cf0,16.1
186,2019-08-01T09:15:00Z,750297d0d8ff0ca837d9c2289c26302d62f38708617150431ab14509,60.16531,24.9442,00000000fdda10fe,7.69
187,2019-08-01T09:15:00Z,755127f13f74fbbfed9876efc0c2b92e54f24363273c2d0b2b785e5c,60.16629,24.95957,00000000fb7600be,23.56
188,2019-08-01T09:15:00Z,7563b91d728fe470bc4d89aa18128a87b92c747336dd2c70cfbf9e84,60.1538,24.95595,0000000038bf9618,29.32
189,2019-08-01T09:15:00Z,7727d07ee13b8ef89d3f60842c5403e5a50e7f5b1ea259b8f4bf2bd4,60.17918,24.95141,00000000675d5200,16.1
190,2019-08-01T09:15:00Z,772faf3dab706d1aaf532114a63ccd866191e9db4173dc7e0a375a10,60.17919,24.95181,000000007b5207b6,16.1
191,2019-08-01T09:15:00Z,78a9535148d256e36a93dcce58f6dac7864c3bcd43b255c37291aa30,60.17002,24.94407,000000006b087f40,23.56
192,2019-08-01T09:15:00Z,7a7b8429152bf5267a02628bbf01e8604cd3c6977c66d11e3207b972,60.16829,24.94214,00000000afef4555,17.4
193,2019-08-01T09:15:00Z,7ad88599a7131e681b2cb4252607d218fbc5714f72c145982077612f,60.16897,24.95222,00000000aa852af1,18.79
194,2019-08-01T09:15:00Z,7c69160ac7dbcfd2cef386efb187560ea01fc7816177b5bef7c6e63e,60.16531,24.9442,00000000fdda10fe,38.87
195,2019-08-01T09:15:00Z,7d415f4fd9093fb383b4ebb88961ad74e6a00d3ece39504712dad639,60.17919,24.95181,000000007b5207b6,17.4
196,2019-08-01T09:15:00Z,7dfc23136db56c15c981237c895551deeddff24f62858f069dc4e111,60.149,24.9843,00000000fffb8cf0,4.94
197,2019-08-01T09:15:00Z,7e2e3d07c939e3e76e7ce87678faf64e056afe54215e00488839100f,60.14947,24.91438,000000004ef3150d,5.91
198,2019-08-01T09:15:00Z,7f534fc0885ddf5a5c3814e4232de3356affd42f6c3560055079dc1c,60.16829,24.94214,00000000afef4555,16.1
199,2019-08-01T09:15:00Z,7faa4694aaf7084bb2134b7d6f09fc4f6e8a19dbcb8804b1e1d37de3,60.16897,24.95222,00000000aa852af1,4.94
200,2019-08-01T09:15:00Z,7faf8705e89a761625aaed50b89538581e25d5950ec8f051d36ed829,60.14947,24.91438,000000004ef3150d,5.91
201,2019-08-01T09:15:00Z,809bf2d7a0745ae512b934a578fd5fd47c13c5398b6d06ad350b9e7c,60.14947,24.91438,000000004ef3150d,14.89
202,2019-08-01T09:15:00Z,81548f78462a5daf740bfb42ad4b0a99c9fd3cfb19e774437bc902fb,60.16762,24.95415,000000006b44cce7,13.75
203,2019-08-01T09:15:00Z,85bdce5b262dbd94adcff03e6cad26a1152828b6ab27e6fdd56b2b13,60.16762,24.95415,000000006b44cce7,2.3
204,2019-08-01T09:15:00Z,85e30d54d92355b4c48fb05d7bf19da2a0d33866269789e6a5be49de,60.16762,24.95415,000000006b44cce7,9.92
205,2019-08-01T09:15:00Z,86fd99637b80a101fc5c51597d024fed78a957841837c6af835170ea,60.15432,24.9211,0000000019fb59c4,10.78
206,2019-08-01T09:15:00Z,875802bb853ca3f20ca3554ec6d04edc24660af1d5e7cf0da9e10588,60.16897,24.95222,00000000aa852af1,17.4
207,2019-08-01T09:15:00Z,8871b0e091939b70d5739e3265539c426dd998040063fec29eca4256,60.16829,24.94214,00000000afef4555,29.32
208,2019-08-01T09:15:00Z,88b3163848bddbd50bf20ba23b8450583dac15a8fb101cc9900b3f94,60.16897,24.95222,00000000aa852af1,20.28
209,2019-08-01T09:15:00Z,88c2bc6310f27465b9f08b28fb52075d7703ce7b097e5beb37c7437c,60.14947,24.91438,000000004ef3150d,9.12
210,2019-08-01T09:15:00Z,88f32b66b06a6a0d91319f5829ca77ff88d88b1576abdd494b85dbde,60.16762,24.95415,000000006b44cce7,2.8
211,2019-08-01T09:15:00Z,89283c98511d93de661466f06c1022705a75ffdeda8fc379aad5d60e,60.16448,24.97323,0000000053c6c2be,16.1
212,2019-08-01T09:15:00Z,898c0cfc198aad3d0592081ede8dd283b559f50d3ce6ec8fedb4d1a4,60.17065,24.93641,000000000f4919c9,25.36
213,2019-08-01T09:15:00Z,898cde3317c73907bb23b1b885828c4bf3187c3a757a18dc32abe970,60.16762,24.95415,000000006b44cce7,7.69
214,2019-08-01T09:15:00Z,8990e736f48ef0a2ac91797d995294a721ff17031189edaf371fa237,60.16448,24.97323,0000000053c6c2be,11.7
215,2019-08-01T09:15:00Z,89a913feed5110eeb578db9f3b50219a1f3f0288e3efbc9bea97649c,60.16762,24.95415,000000006b44cce7,18.79
216,2019-08-01T09:15:00Z,89e21e2168600f35dac006bd00122b68395207b007c5ee91b04c6fd8,60.17065,24.93641,000000000f4919c9,31.5
217,2019-08-01T09:15:00Z,8b720c20877bb19d86c8d250fd0cff9b85aebd3aee1841b9ef1029b2,60.16531,24.9442,00000000fdda10fe,5.41
218,2019-08-01T09:15:00Z,8c571538c285dba9d77edacfb1829b282d54b772b62209c6e4004237,60.17919,24.95181,000000007b5207b6,5.41
219,2019-08-01T09:15:00Z,8d5e893f77b3d167ebefad4ecab181fea08513599a6f9450f0b9a827,60.17919,24.95181,000000007b5207b6,21.87
220,2019-08-01T09:15:00Z,8e6b264350f00fd72d6628660b68722b07fe286ebaa28f71b47c777e,60.16762,24.95415,000000006b44cce7,2.8
221,2019-08-01T09:15:00Z,8ff038d2521ba9895dd51ec173283988249667ca25f11a1486edd49e,60.16829,24.94214,00000000afef4555,9.92
222,2019-08-01T09:15:00Z,907718891a09bcbe4bfd5ce834525f6ec4f3b444b7cb12df89670a43,60.17918,24.95141,00000000675d5200,6.46
223,2019-08-01T09:15:00Z,9086cc7683f088749edf213b777b728d866d4b0ec1990b875a1eefb0,60.16629,24.95957,00000000fb7600be,20.28
224,2019-08-01T09:15:00Z,912c94c82b77839501fd69ba0bb41dad747efdcebe05999193383c85,60.16544,24.95398,0000000038d83d41,20.28
225,2019-08-01T09:15:00Z,91b8ed7d173c79efbf28b7ecd807ec7193cb99415ba38193a1a4c7c1,60.173,24.92524,0000000096918cfa,29.32
226,2019-08-01T09:15:00Z,91e8fab61e8d51b22563d818b299edd9dd4d897ff3e768bebdbc1847,60.15432,24.9211,0000000019fb59c4,12.69
227,2019-08-01T09:15:00Z,9236c27efd200a9ad94ce53d3d2cd84e25047b2280d7e96d6c4d971b,60.16897,24.95222,00000000aa852af1,13.75
228,2019-08-01T09:15:00Z,934712123a5334069e0e6ada141835dc111fe156d6002fdad1afef19,60.15133,24.92329,00000000e8a064a4,20.28
229,2019-08-01T09:15:00Z,939c459d913b0b38838071a0d13671e83e4a751f44624b21e84daa69,60.16762,24.95415,000000006b44cce7,5.41
230,2019-08-01T09:15:00Z,941e13893853105c86bfbc6d31d62274937602143ce3bb530c8c17ed,60.17919,24.95181,000000007b5207b6,3.4
231,2019-08-01T09:15:00Z,94d0134c78d883121a7e06e18094d572c8f674376c94be77cc087513,60.16762,24.95415,000000006b44cce7,4.5
232,2019-08-01T09:15:00Z,972dc7ab84b9c2b4fe9b48b53fdee1f8fc4a78ca70222d1b54c338c5,60.16829,24.94214,00000000afef4555,3.74
233,2019-08-01T09:15:00Z,98cc3bc349725f8b09bf24aced7b656d7fe225a95ae528d4356b1fd8,60.14947,24.91438,000000004ef3150d,20.28
234,2019-08-01T09:15:00Z,990ca050d4d26902a6677a36e022a152f869b28d892a03e696df0fb0,60.149,24.9843,00000000fffb8cf0,25.36
235,2019-08-01T09:15:00Z,99a026b5100e23129fa529e9a57a3dbc8490dc03b58f2193f03e2dcf,60.14951,24.92138,0000000006dd41f6,6.46
236,2019-08-01T09:15:00Z,9b3e6848d8b34e802134d6da0e5a594897ec3fafbbf08b6d0b84068e,60.17919,24.95181,000000007b5207b6,3.74
237,2019-08-01T09:15:00Z,9ba2aa04fbaac518e5f95b81151f6b05b4c15dc81d81c7c3afc8ae56,60.14699,24.922,00000000a53ed894,31.5
238,2019-08-01T09:15:00Z,9bef8b28ea93ecaee57d05b037edbfe7f80014aaf56343345fedd7be,60.17919,24.95181,000000007b5207b6,9.92
239,2019-08-01T09:15:00Z,9c73a3aa5dfac0d868eb94c8267fea241b0699a90a0577bad6169c01,60.16897,24.95222,00000000aa852af1,23.56
240,2019-08-01T09:15:00Z,9ce214896068957a21bc57af08680d84debbd091b49ad5e6402c4cc8,60.16629,24.95957,00000000fb7600be,9.92
241,2019-08-01T09:15:00Z,9df13e4d0df496b2e5f5188f18d6f5223172bcade62bf772a67a9ad3,60.16448,24.97323,0000000053c6c2be,25.36
242,2019-08-01T09:15:00Z,9dfa59abe69383b6c14d63da0587886b232df3931a9afeaf392c22fd,60.17002,24.94407,000000006b087f40,23.56
243,2019-08-01T09:15:00Z,9ee671c0d222bfa93c8976deaa340cff39ee35735b224e5e05b6d70b,60.16762,24.95415,000000006b44cce7,3.74
244,2019-08-01T09:15:00Z,9f1c17cd13218e79ac54bd4b64b1964713477f28c0c17ea42261cc01,60.16762,24.95415,000000006b44cce7,7.69
245,2019-08-01T09:15:00Z,a09607edc17117a3069b79434e751f93a2a00d0d6f9aceb043e32074,60.16762,24.95415,000000006b44cce7,8.38
246,2019-08-01T09:15:00Z,a09f457895a8119d2ae1a9f846c2b0ad74390b9a5a34da57e387d1f0,60.16829,24.94214,00000000afef4555,18.79
247,2019-08-01T09:15:00Z,a0af15cb8910790ac8af904ddf7b0dbf5ef778ba6dd3b3e690926089,60.16762,24.95415,000000006b44cce7,9.92
248,2019-08-01T09:15:00Z,a39726118e589f94c1b30b3ca8c0d538e8cbdc821390530ccb36c478,60.16762,24.95415,000000006b44cce7,3.4
249,2019-08-01T09:15:00Z,a3ae54eaf07e5288b3cc78d8eacd2492227776c9ff07691c995f0018,60.16897,24.95222,00000000aa852af1,12.69
250,2019-08-01T09:15:00Z,a3e8d62675a8cb968a33cd21b5f8311acc9140b7cbc99770b1d51872,60.16762,24.95415,000000006b44cce7,7.05
251,2019-08-01T09:15:00Z,a403dc1eebc5d130e12a4c3e4298737c9e00b25b1b6b2cc36a6979c9,60.16629,24.95957,00000000fb7600be,17.4
252,2019-08-01T09:15:00Z,a4358dfb927057a31ed78e73bef63a46b245b8cde11dc894e5f0305f,60.16829,24.94214,00000000afef4555,12.69
253,2019-08-01T09:15:00Z,a4b9a00694382b49fb8fa27991ef4490fc7d7aca521f32d7ae73309f,60.16829,24.94214,00000000afef4555,14.89
254,2019-08-01T09:15:00Z,a4d399688bc5d108a7c45f14e6b39a61f9877c8f91468aa85d5cfc22,60.173,24.92524,0000000096918cfa,1.88
255,2019-08-01T09:15:00Z,a61a6156cbe24f1f3fc8708456044502186478f34ecccb0620788ac3,60.16762,24.95415,000000006b44cce7,6.46
256,2019-08-01T09:15:00Z,a808962cb511e5ed2d23e6e33efe252b1be29dc1d2f7c6154817f04f,60.16448,24.97323,0000000053c6c2be,17.4
257,2019-08-01T09:15:00Z,a83415babca8eac00f69a32371a230fdadda29bf40fd69f75cf2e8fb,60.17919,24.95181,000000007b5207b6,9.12
258,2019-08-01T09:15:00Z,a83703c80a4d58db87327a53b0d3664d23edf7350ff6b0afaa49c530,60.16629,24.95957,00000000fb7600be,16.1
259,2019-08-01T09:15:00Z,a83d333be4f4fec8edae86f8c335edb2a816953e994aa133c8d7f305,60.17919,24.95181,000000007b5207b6,3.74
260,2019-08-01T09:15:00Z,a8a4e32d99eee174bb3145405320d1737e82dbd26dfdf096bc09ff37,60.16762,24.95415,000000006b44cce7,17.4
261,2019-08-01T09:15:00Z,a962a9ce49c56b623f8775f708be3737ceeeb2c21c72021fded5a7d4,60.16531,24.9442,00000000fdda10fe,25.36
262,2019-08-01T09:15:00Z,a9b5faa4dab537c71643ef9015ba8e5df4678179c5128fbf4bbe0097,60.17065,24.93641,000000000f4919c9,23.56
263,2019-08-01T09:15:00Z,a9ee2aabbd32919adf0325ca2f2c5f8e0ba801bc168e8756cda957da,60.16629,24.95957,00000000fb7600be,21.87
264,2019-08-01T09:15:00Z,aa93cc15505e5c11704060205b5bd16583b09cd8b9d571526b1a65f6,60.17002,24.94407,000000006b087f40,20.28
265,2019-08-01T09:15:00Z,ab5068b7e09c2e74615e01226cecfabedc10f7ac6057e79437f76089,60.16829,24.94214,00000000afef4555,7.05
266,2019-08-01T09:15:00Z,ab6b60f340a20c97de07379c2211ef820b7ea662153b2f8959a62097,60.16897,24.95222,00000000aa852af1,8.38
267,2019-08-01T09:15:00Z,acc8deb293d49b05e96026c6f05c5eb61e18f9c783020e1d95d2a6c0,60.15432,24.9211,0000000019fb59c4,21.87
268,2019-08-01T09:15:00Z,ad457c8aaeae708c1252adc4d8f1ec3fcd5247fdc55931ecd9f99536,60.173,24.92524,0000000096918cfa,31.5
269,2019-08-01T09:15:00Z,adb0cb49ed0d2612c56779ba5d29270e999a4b249bd24280ca4a7d1b,60.17065,24.93641,000000000f4919c9,36.27
270,2019-08-01T09:15:00Z,b09e9bb62cc49c085c1aee3b752af1bec69dabc939323e5733f73933,60.17065,24.93641,000000000f4919c9,18.79
271,2019-08-01T09:15:00Z,b212312f7530a8efdab33abf6bdaa1ac56e4ec3c799b2de415470139,60.17919,24.95181,000000007b5207b6,23.56
272,2019-08-01T09:15:00Z,b32d22dd18cf9161a46f185f162147d8f4d9f2f6e1d121c3e5b0714e,60.16629,24.95957,00000000fb7600be,27.28
273,2019-08-01T09:15:00Z,b3c81280452a4b68245520ae53a46765616b4d346beceb2b3a1ab447,60.16762,24.95415,000000006b44cce7,11.7
274,2019-08-01T09:15:00Z,b3f3b04846def36c3f011f84cf3aff080a48bc195e21617730916103,60.16829,24.94214,00000000afef4555,9.12
275,2019-08-01T09:15:00Z,b416d9aaa3657313ec38b4a71d8a9b749d057e40ec1c5e909ab7cdd8,60.16829,24.94214,00000000afef4555,18.79
276,2019-08-01T09:15:00Z,b4ad2ae124ba06d650fd30de0b19851bff32daef16a95b7f1bb96a00,60.16897,24.95222,00000000aa852af1,27.28
277,2019-08-01T09:15:00Z,b4fa59f301401b63237647947fb31fba11693f1139cc87cc324375e1,60.16762,24.95415,000000006b44cce7,3.74
278,2019-08-01T09:15:00Z,b50a45ac0708e7b5cca42f3458430eb22ff70a81c575bafe99ffda23,60.17002,24.94407,000000006b087f40,7.69
279,2019-08-01T09:15:00Z,b63403593be0fc8c87a5e66ed93730278a0dc1410ca32d999f57a350,60.16897,24.95222,00000000aa852af1,12.69
280,2019-08-01T09:15:00Z,b64e03e584c7880be760f9c84fa1f5597962d1019ce9009db3bdcf2b,60.15432,24.9211,0000000019fb59c4,7.69
281,2019-08-01T09:15:00Z,b6c43126ca83e916a68e57d0178060c24fc61305836b6c8f188f7285,60.17919,24.95181,000000007b5207b6,10.78
282,2019-08-01T09:15:00Z,bb2187a4e20012ad694c768ef2c47c9a9055671024ebf4855d4e6243,60.16531,24.9442,00000000fdda10fe,2.54
283,2019-08-01T09:15:00Z,bc6d5082ca52e6dae7a1689a835434f3f6341e90afea565480eb9674,60.16829,24.94214,00000000afef4555,17.4
284,2019-08-01T09:15:00Z,bc82f76c979de19b559e9e3aa0cd6cbf5ac361e2d7b1ac9f81fe2f4f,60.17919,24.95181,000000007b5207b6,13.75
285,2019-08-01T09:15:00Z,bdf0a492e117836a57400eac835edee63974928b7280e275331ab4f5,60.17919,24.95181,000000007b5207b6,25.36
286,2019-08-01T09:15:00Z,beb0eaefd68a87b2162b159b699f9d3748c6d9d454ca7cd0d26f162b,60.16448,24.97323,0000000053c6c2be,23.56
287,2019-08-01T09:15:00Z,bee1b14ebea720137a43fde3f768a10e4b17bc7d11dd06b20b2bc98e,60.16829,24.94214,00000000afef4555,23.56
288,2019-08-01T09:15:00Z,bf9414bc8abee57056813496264681fad4b61b4fc03dbf47b5d14c5f,60.16829,24.94214,00000000afef4555,18.79
289,2019-08-01T09:15:00Z,c004fa64cb7de7e87d3b91639ae5f95304fb1a90b0a0e927cea958af,60.16762,24.95415,000000006b44cce7,21.87
290,2019-08-01T09:15:00Z,c1563761a2e48077c7f9b6ecc05ee3a9f1fd68d557cc190292db6062,60.16897,24.95222,00000000aa852af1,21.87
291,2019-08-01T09:15:00Z,c156e1155d579293d53cd4b0716796aca6999336809ab33ae7713f38,60.17002,24.94407,000000006b087f40,29.32
292,2019-08-01T09:15:00Z,c19294a0a6dd80604d1435e92cecc363af55f32ef9d41af8b67687e2,60.16897,24.95222,00000000aa852af1,36.27
293,2019-08-01T09:15:00Z,c1c0da43708716758b02bbfe453f0171993cd4749a4beb7a31ab7668,60.16829,24.94214,00000000afef4555,10.78
294,2019-08-01T09:15:00Z,c3320c19d0343faf8c298070dd061465dd6b2e745170ca7a14b0b01f,60.1538,24.95595,0000000038bf9618,25.36
295,2019-08-01T09:15:00Z,c434f18b802a764aad7a2dfb46e93546acb1b0975cf9b93fd47363f6,60.15432,24.9211,0000000019fb59c4,11.7
296,2019-08-01T09:15:00Z,c4a7bc970599e2b00112d400619fca63308341ca2837e278c857c369,60.17919,24.95181,000000007b5207b6,18.79
297,2019-08-01T09:15:00Z,c65c11ee6e8b5894ead3ea9b007a39127edb65a67be253aca6f78ed0,60.16448,24.97323,0000000053c6c2be,25.36
298,2019-08-01T09:15:00Z,c6ca46cb2e03ea5497a5bc914e648322642188b4ca556e940ed62531,60.17065,24.93641,000000000f4919c9,9.92
299,2019-08-01T09:15:00Z,c7618c49c4fee08a374eb4b3a5c6ff8790bcd82c45e2241d3625520e,60.16531,24.9442,00000000fdda10fe,21.87
300,2019-08-01T09:15:00Z,cb9f54c377262ff9bcf2162f7376c879870c973cf6b356b45ad913e0,60.16829,24.94214,00000000afef4555,4.5
301,2019-08-01T09:15:00Z,cccf3ba2a9d11b9330c18af8064a20aca9995473495bf119162a1619,60.16897,24.95222,00000000aa852af1,23.56
302,2019-08-01T09:15:00Z,cd5739510e444c01d8be7f4db2c836d1cddfe1dd066416fc9b413863,60.17065,24.93641,000000000f4919c9,16.1
303,2019-08-01T09:15:00Z,cdd23abf5d61337e2edefefd853dfc928b1840aed330813befb9f411,60.16629,24.95957,00000000fb7600be,16.1
304,2019-08-01T09:15:00Z,ce470fd3b282afb4cf055483d054f49cbb3c7bee06f1d41a8dec7ad2,60.17065,24.93641,000000000f4919c9,25.36
305,2019-08-01T09:15:00Z,ce7de55c7709396c70ce5930097e84449a4889700e605a0b062aaeae,60.16531,24.9442,00000000fdda10fe,18.79
306,2019-08-01T09:15:00Z,ced6e03e4154af43393a19bb018e4e21cee6afe07ebf31e4a4ec48b3,60.16762,24.95415,000000006b44cce7,5.91
307,2019-08-01T09:15:00Z,d0794d31b6ec88ace2cac2e6346f40f9899e3ca191a13c275e57ae18,60.16762,24.95415,000000006b44cce7,5.41
308,2019-08-01T09:15:00Z,d0e607248d8728deb0b1b4f29fda6d8cd954a8c837fdebf9df54dc02,60.14947,24.91438,000000004ef3150d,16.1
309,2019-08-01T09:15:00Z,d15a9d5fffd22c66b537c88a79b59ef7bbe50453a533a9b7658de752,60.17065,24.93641,000000000f4919c9,21.87
310,2019-08-01T09:15:00Z,d2687732132631a87ba889096d78b1437b010c08f88f8f9073814eb5,60.16897,24.95222,00000000aa852af1,11.7
311,2019-08-01T09:15:00Z,d2d93d0b6dc6d3cb3b49b433e6a90dd25b2bbb136dfac11e920089d2,60.16829,24.94214,00000000afef4555,18.79
312,2019-08-01T09:15:00Z,d3fac484723bf37e58657a12d1f279727c940f5511adba244bca2b1b,60.16762,24.95415,000000006b44cce7,13.75
313,2019-08-01T09:15:00Z,d47b7a1643400a5e8fe315b735f0f03b77037ffaf60c727cbf0de6a4,60.17919,24.95181,000000007b5207b6,7.05
314,2019-08-01T09:15:00Z,d487f816dc6ab83b0e34a37c67bb979facf7cba44114d6880d7ec111,60.15432,24.9211,0000000019fb59c4,9.92
315,2019-08-01T09:15:00Z,d562afdedae521be241c98441e436608a323fdb944dedc24c835e762,60.17065,24.93641,000000000f4919c9,8.38
316,2019-08-01T09:15:00Z,d65b8625c1f24304ff0e3c4a4dce7aa5d434d36be87be41834a49420,60.16531,24.9442,00000000fdda10fe,4.94
317,2019-08-01T09:15:00Z,d6e217c6592e449e2390b1a874e08cbc9126116901dbdbf84501c6b8,60.17065,24.93641,000000000f4919c9,10.78
318,2019-08-01T09:15:00Z,d7734ef0345fcffc0f4bd7579275af62987490aba012209832e92059,60.16629,24.95957,00000000fb7600be,17.4
319,2019-08-01T09:15:00Z,d8778698d75313bf43f7255696e14eda9502d5d7a6e7315071181cc8,60.16629,24.95957,00000000fb7600be,10.78
320,2019-08-01T09:15:00Z,d87c4d5dc2cd620de54fdd076d4f9b35245053d65b644d9e01f558b5,60.16762,24.95415,000000006b44cce7,12.69
321,2019-08-01T09:15:00Z,d8ef041b63c4604094f246f16462242609f01eb03fa5acdbbdba02bb,60.18203,24.91341,00000000342570c2,21.87
322,2019-08-01T09:15:00Z,d95956cedfc4dfe06014194cc1071864bd835fcc014c1fd6f4d33337,60.16897,24.95222,00000000aa852af1,10.78
323,2019-08-01T09:15:00Z,d983db67d9cd171123ba12eeb19c11f34a3ad1d75fc9214ac3ae8a26,60.17002,24.94407,000000006b087f40,3.4
324,2019-08-01T09:15:00Z,dac6d0cc930f1cee11219486e5e13dfb514556c6570eed4c624eaf33,60.16897,24.95222,00000000aa852af1,18.79
325,2019-08-01T09:15:00Z,dd04a669e614b28d6bf9d4cb32f1e817b76af1ab03052eea1bf4a263,60.15133,24.92329,00000000e8a064a4,25.36
326,2019-08-01T09:15:00Z,de3edfa75914706a4044f94b5646711392d5289f0fc8b2d55f9eb43b,60.17919,24.95181,000000007b5207b6,23.56
