,time,hash,latitude,longitude,serial,distance
0,2019-08-01T09:06:00Z,0fff89885f08417f20aadfdbf62a372277e9085bcd024374b772ecac,60.16531,24.9442,00000000fdda10fe,25.36
1,2019-08-01T09:06:00Z,14c7e1511b70f4dd3359cbece1377aebb4d70531f5489eefe53d7c3c,60.16544,24.95398,0000000038d83d41,31.5
2,2019-08-01T09:06:00Z,15918569de0a46a8eb56b43d8d39f7fc82619ff1006f00822c85745c,60.17918,24.95141,00000000675d5200,4.94
3,2019-08-01T09:06:00Z,165ebbb4090d47319ae370f0d0854fdc1f6b79499f8b2e4d3c3533c0,60.16544,24.95398,0000000038d83d41,27.28
4,2019-08-01T09:06:00Z,1951291ca064d0fb480d958037c1477427d2ca8db455fef0b741bf9f,60.16448,24.97323,0000000053c6c2be,25.36
5,2019-08-01T09:06:00Z,1f0f0628cdc688d76bde2b82bee5b9b4916bf0bbdfe76cf3213e1c65,60.15432,24.9211,0000000019fb59c4,9.92
6,2019-08-01T09:06:00Z,2359f881a4fe8163beed82355aabbba0b00b99f1e4a2a4ccd7186bc4,60.16897,24.95222,00000000aa852af1,23.56
7,2019-08-01T09:06:00Z,29f37c7486060f7f74f542c60cf9b1accfa544b255a22aee53b99cec,60.16897,24.95222,00000000aa852af1,23.56
8,2019-08-01T09:06:00Z,2a93b61a3863ace54349d7a0937e4134fcc6d4dfcf064eefae2b7cf8,60.15432,24.9211,0000000019fb59c4,21.87
9,2019-08-01T09:06:00Z,2f33dacc8bf2b0b809b88130b46696c922929e1eb8ea92017f05509a,60.16448,24.97323,0000000053c6c2be,27.28
10,2019-08-01T09:06:00Z,5d65719c4cbf045f068d084b72302f447d5fd034413d97d13be00d0e,60.18203,24.91341,00000000342570c2,20.28
11,2019-08-01T09:06:00Z,6a657079c1bdc8114c289be1ddd83e5846d4279a920d1697b8ff0033,60.18203,24.91341,00000000342570c2,17.4
12,2019-08-01T09:06:00Z,6d22b751ff5173035dc85c52c3dff0780126adae67fe33dc62dd45ef,60.16531,24.9442,00000000fdda10fe,16.1
13,2019-08-01T09:06:00Z,6ff437688c444238352c28f64f9d2a7d0f14d19c9ea42c225380501e,60.16762,24.95415,000000006b44cce7,16.1
14,2019-08-01T09:06:00Z,84fdfd8881f633c5f0c71c1480053953ca4b05e848052d97c063ad38,60.1538,24.95595,0000000038bf9618,25.36
15,2019-08-01T09:06:00Z,87dfaad29a9276ddddb1fa021d3bc23ad14824c1af16f7d87e713689,60.14951,24.92138,0000000006dd41f6,9.92
16,2019-08-01T09:06:00Z,8c75c3289c84fe4493e1e272a77b615fe1985880c5dc68a7c1a17b53,60.16762,24.95415,000000006b44cce7,9.92
17,2019-08-01T09:06:00Z,8cc6ddaa460aeae8cc9e8a33f91a01c8cd4c0c8bf8a943210a28c84d,60.1538,24.95595,0000000038bf9618,29.32
18,2019-08-01T09:06:00Z,9843c6216661048343a0e49cf3d8aa2883cf77f452666a1c873a1052,60.16448,24.97323,0000000053c6c2be,8.38
19,2019-08-01T09:06:00Z,9d03d14afa49576281aa26db60e517f7c1ec8aa36f7756959a860a8a,60.16629,24.95957,00000000fb7600be,10.78
20,2019-08-01T09:06:00Z,a794b5cd3dff23bb2fe621fa0fa64a9ad4be2ab820bff2b483489903,60.16897,24.95222,00000000aa852af1,25.36
21,2019-08-01T09:06:00Z,a91d379a4b57c5df22db0d7a041ff69f657b4b31f28554b1011fc03c,60.16544,24.95398,0000000038d83d41,33.81
22,2019-08-01T09:06:00Z,a9da1ee82e3b670e276c26b483dd50f4a6d0c6f77ef82245d3ae6086,60.18203,24.91341,00000000342570c2,18.79
23,2019-08-01T09:06:00Z,ab0f67c0c0e1ba5eac9013f9c314feadf340ddf08543b91e70483594,60.16544,24.95398,0000000038d83d41,18.79
24,2019-08-01T09:06:00Z,b4faf2d3c4d2b199afeab6ab63b583fe3a2e81e14abbef6917f25129,60.15432,24.9211,0000000019fb59c4,18.79
25,2019-08-01T09:06:00Z,b5fd6b317890e5ab2d79e2cd1abe61626d45a753c7337d0d40728898,60.16762,24.95415,000000006b44cce7,13.75
26,2019-08-01T09:06:00Z,cf05623e4d87ce0906c0b0b7dbf53aacc1228016cd27c341228b6e76,60.18203,24.91341,00000000342570c2,20.28
27,2019-08-01T09:06:00Z,d127ead865385b64ae537a703a26be15fae4b5332ce0fbf03d5e0c23,60.1538,24.95595,0000000038bf9618,31.5
28,2019-08-01T09:06:00Z,d178749a24c32676d0da0f51ae6ff63c456499d4b1814af8fa75ca9e,60.16448,24.97323,0000000053c6c2be,9.92
29,2019-08-01T09:06:00Z,dd2c9c82cf3737146294aff6f814a1349fb0bc4bedf518715dacbe8f,60.18203,24.91341,00000000342570c2,14.89
30,2019-08-01T09:06:00Z,ec72ef080c605e71978aed0d3b5f22c3c3133677a43c614b72eedc6d,60.14699,24.922,00000000a53ed894,36.27
31,2019-08-01T09:06:00Z,f088630d7476dae7d4b7e2bb1f10575f2c89acb4b6e061f3d57c2b40,60.16531,24.9442,00000000fdda10fe,23.56
32,2019-08-01T09:06:00Z,f7e45613ad966fea53fab73b435ba3a087c774e36596b3a5156a3487,60.16829,24.94214,00000000afef4555,1.7
33,2019-08-01T09:06:00Z,f83d4b6b8ffbf8a674d212e32100b2360b80261b4e9207d77c0b0ed3,60.17918,24.95141,00000000675d5200,4.94
34,2019-08-01T09:06:00Z,f99c5dd8cc08bd2353083d875ce8bc585fb2c2ff8427b90d92f571de,60.1538,24.95595,0000000038bf9618,25.36
35,2019-08-01T09:06:00Z,fc4f3a44235f1cfc7b53f14ba2da599976a5a0a220d23b852688e485,60.17919,24.95181,000000007b5207b6,7.69
36,2019-08-01T09:06:00Z,00787dad708490660b0b836fa415681cc57046fa521c0c0aaea14a9e,60.16762,24.95415,000000006b44cce7,7.69
37,2019-08-01T09:06:00Z,00d98e49fc01c16216b630f9fdf19ce9826d27552ce2fa4676de957b,60.16829,24.94214,00000000afef4555,4.94
38,2019-08-01T09:06:00Z,02050a536056486b1bf139282f0d0a3af63def1d56ff0c73ac51bb19,60.14947,24.91438,000000004ef3150d,16.1
39,2019-08-01T09:06:00Z,023083c44c772667f1727e01c74518889b2a82d78ceb28c08b6f8a20,60.16531,24.9442,00000000fdda10fe,9.92
40,2019-08-01T09:06:00Z,028149b8bfaf37d1f064cb0b4f23ae118f00d8eff41679fb8830396a,60.16531,24.9442,00000000fdda10fe,23.56
41,2019-08-01T09:06:00Z,0362cc670dcfab795a3911957b6a177416bf9b99d0e2732716796c4d,60.15432,24.9211,0000000019fb59c4,18.79
42,2019-08-01T09:06:00Z,03f427d436ba092925de462b11374bdbdab0443620037675621fbc11,60.17918,24.95141,00000000675d5200,21.87
43,2019-08-01T09:06:00Z,0483eb7342f4e704caa76b9bc3d6a7bd836282960dafc2c756247134,60.16762,24.95415,000000006b44cce7,18.79
44,2019-08-01T09:06:00Z,063935180fff0e58de5d319ecb9320cf794423e3c6aeac0cca8f1a9f,60.16897,24.95222,00000000aa852af1,11.7
45,2019-08-01T09:06:00Z,0670a01b5d0e505e7ec50165f157d60f57a5bb3b6c65922412509ab2,60.16829,24.94214,00000000afef4555,20.28
46,2019-08-01T09:06:00Z,08f10568d1e90d000e41196f141e0c1a52bab88fcf08f4753a3c055e,60.16897,24.95222,00000000aa852af1,25.36
47,2019-08-01T09:06:00Z,08f9fd60f852d3502bfa509c955e9963e73954f961d55ba8cd46cae9,60.16629,24.95957,00000000fb7600be,14.89
48,2019-08-01T09:06:00Z,0951ec0c700dba7330b8e8181fc852becde054d0dc7474d1488db3cd,60.17065,24.93641,000000000f4919c9,21.87
49,2019-08-01T09:06:00Z,0bbf3e8a8b496959ba413e4ebbe23719511fa4c9dd914960054d7c7f,60.16762,24.95415,000000006b44cce7,11.7
50,2019-08-01T09:06:00Z,0c1684b697a63d7f47ebaedcfa060b3b4af294fec1e62d613699291a,60.16897,24.95222,00000000aa852af1,9.12
51,2019-08-01T09:06:00Z,0f0a47457083121cf6392eb1d6d9a764f269d3c0e33d76403c446678,60.16829,24.94214,00000000afef4555,18.79
52,2019-08-01T09:06:00Z,0f8e18e52422d7fb71594f8dbfc8bb5ae986eb9f664407f954e275b4,60.16762,24.95415,000000006b44cce7,25.36
53,2019-08-01T09:06:00Z,1069967e3921871955b1b2b42e60f829c593a3e024401bfe61ae410e,60.16629,24.95957,00000000fb7600be,13.75
54,2019-08-01T09:06:00Z,1074ffc7b33a1a8b54ea8f31d0f43ba07ed2ad7841b548f9bd4b9bad,60.17065,24.93641,000000000f4919c9,23.56
55,2019-08-01T09:06:00Z,10d0fed0f7d40b253b5fc5a53297dc9af8bb76fa6f34d5e71383cb62,60.17918,24.95141,00000000675d5200,12.69
56,2019-08-01T09:06:00Z,139a5aa448338146cf9202768e1eeb804d164d71d9bc8c7fa8f5d06f,60.16531,24.9442,00000000fdda10fe,23.56
57,2019-08-01T09:06:00Z,13a759fd293cbde0d55db753d853768b718e59036c4007d2e3a8757a,60.16762,24.95415,000000006b44cce7,8.38
58,2019-08-01T09:06:00Z,13cbade1d832c78b1a0a68fd9a6559054370eeae58247347955ee632,60.16897,24.95222,00000000aa852af1,20.28
59,2019-08-01T09:06:00Z,141ffc858c3ea6a2e69c954115114304736a35dc25ec947323090dc0,60.16762,24.95415,000000006b44cce7,18.79
60,2019-08-01T09:06:00Z,15b314157b22b2a5bf8a39539a049ce73e7baa21b0ce24f21718ce4a,60.17002,24.94407,000000006b087f40,11.7
61,2019-08-01T09:06:00Z,16e18d478be872d2a9801fa885d08edeb3f5ae1840b38478f9baf535,60.17918,24.95141,00000000675d5200,13.75
62,2019-08-01T09:06:00Z,186333eb40fcc6f473b8fecb5ff31f07f082740eaef22f8594088862,60.16629,24.95957,00000000fb7600be,17.4
63,2019-08-01T09:06:00Z,190cdde22bc3e3a41cd0f9da7efb3a917bc09e8034b05ca6064ea8a8,60.17918,24.95141,00000000675d5200,12.69
64,2019-08-01T09:06:00Z,1a057a74ec50ab7dac4f29547e82a9c7f37192d592a42f63379e1d8f,60.16448,24.97323,0000000053c6c2be,27.28
65,2019-08-01T09:06:00Z,1ad9bdffafbbf8933ab6b3b695988ad31df32a874eddbf84de369e78,60.16448,24.97323,0000000053c6c2be,21.87
66,2019-08-01T09:06:00Z,1be12a4f71b98dc9509141bc1a766b833b6c15dc22303f7006afbe96,60.17065,24.93641,000000000f4919c9,20.28
67,2019-08-01T09:06:00Z,1d70ff49909e1d6fb653ae053aa78084daf385dbbd2ad22b05707309,60.16829,24.94214,00000000afef4555,8.38
68,2019-08-01T09:06:00Z,1da40c618e0432bb037d08723b65821f6223509e8b4033a4b4190047,60.17065,24.93641,000000000f4919c9,25.36
69,2019-08-01T09:06:00Z,1dcff36b6f83b08b6ea87c1c1018c542c270299839908ca446dffb39,60.16762,24.95415,000000006b44cce7,12.69
70,2019-08-01T09:06:00Z,1e3af5697f0a2ae45f261da79e4ba71c868dc4d78008bd1995fe6259,60.16448,24.97323,0000000053c6c2be,18.79
71,2019-08-01T09:06:00Z,1eadb2c1984aa73c3c2f13eab0a2e793331443c617681e36887f0bcc,60.16629,24.95957,00000000fb7600be,20.28
72,2019-08-01T09:06:00Z,1ecbc7c6afe89033252e5510cbb893666af2b3bc29f555a3a6287fdb,60.14951,24.92138,0000000006dd41f6,3.4
73,2019-08-01T09:06:00Z,1f813dc10021899138c12ca17c58ab3dc24db1750dcb1790f9c20e8f,60.15133,24.92329,00000000e8a064a4,21.87
74,2019-08-01T09:06:00Z,20b37aa6c3ad0dfea9c182498905a450537b0efbbd8563b205e93afd,60.16897,24.95222,00000000aa852af1,21.87
75,2019-08-01T09:06:00Z,2283762fe3af8329ae65aec44de728da8f383810e9f2a3d3b84fa031,60.16897,24.95222,00000000aa852af1,17.4
76,2019-08-01T09:06:00Z,22ac1ab1c590ea19b44c61c42f5e8da29a6acbabf56676527811507a,60.15432,24.9211,0000000019fb59c4,13.75
77,2019-08-01T09:06:00Z,22e3b4715b6fdd6eff3c160b461af233bf475f8f7139c890fcebc429,60.16897,24.95222,00000000aa852af1,21.87
78,2019-08-01T09:06:00Z,23717ba5992ad58dbcfa1d06edbd96bab6410d0fccc46410b0c1667d,60.16829,24.94214,00000000afef4555,29.32
79,2019-08-01T09:06:00Z,25479245e5a8b0fe47e2bd590cdd63256d84afd6c164781dc64e527d,60.149,24.9843,00000000fffb8cf0,5.41
80,2019-08-01T09:06:00Z,2552cb43d7990bde838673115a742078e343ce93f96257728311655d,60.16897,24.95222,00000000aa852af1,25.36
81,2019-08-01T09:06:00Z,25d340d14d855b8c18b2c6f2551ec98a1eb047d1fd3457ba881ddf28,60.17918,24.95141,00000000675d5200,20.28
82,2019-08-01T09:06:00Z,263559d1ab5f0cfc9e45233fc6af4c67ddb514738f39d8a4f2173239,60.17002,24.94407,000000006b087f40,29.32
83,2019-08-01T09:06:00Z,270749ab8e1a83f0dcbf45dc861bcc0e10361d103d7589841787e366,60.16531,24.9442,00000000fdda10fe,20.28
84,2019-08-01T09:06:00Z,272c160f908f30259011e0e3a4c2e3ea475ffb602ae6864364fe96be,60.149,24.9843,00000000fffb8cf0,16.1
85,2019-08-01T09:06:00Z,277fcf3cc917a89b46a34e0cf5164a78f5bcc88d92bb45ded60f1a91,60.17065,24.93641,000000000f4919c9,12.69
86,2019-08-01T09:06:00Z,2823bf6afde4a5cc05342c15e7417c9590ba52264be5793bb688faab,60.17065,24.93641,000000000f4919c9,25.36
87,2019-08-01T09:06:00Z,28296ae2b460df2f6807f8a84b81e5ebd24677a05bded29111dc33a4,60.17002,24.94407,000000006b087f40,16.1
88,2019-08-01T09:06:00Z,28ce50ca84cdcd4c17a36ac666e7ac0267b6ab5b77f4bfb08b2573a1,60.16762,24.95415,000000006b44cce7,3.4
89,2019-08-01T09:06:00Z,28d50861d92f962c7a49eabaa524431aebf52870e44b79f77d7167c6,60.17919,24.95181,000000007b5207b6,9.92
90,2019-08-01T09:06:00Z,29f1b87bc2ae164c0b2f27f03fea34e002c004764d233e987be597a7,60.15133,24.92329,00000000e8a064a4,33.81
91,2019-08-01T09:06:00Z,2a8ba80ac4fbda4f91ebfa759642c857fd090516070753d41bb7d6ad,60.16829,24.94214,00000000afef4555,17.4
92,2019-08-01T09:06:00Z,2afa9ac588b2c55e8edf99ee96ecaf63451a7ab1e51571b7e2d1d491,60.16762,24.95415,000000006b44cce7,9.92
93,2019-08-01T09:06:00Z,2bf8b355af7fc80970ed350e4579dfc9aa8ec85af6c13517cc2dab44,60.17002,24.94407,000000006b087f40,14.89
94,2019-08-01T09:06:00Z,2c6810efb2565383ca0a554f3c51f3f7905484357f5e00756dbf091a,60.17918,24.95141,00000000675d5200,2.54
95,2019-08-01T09:06:00Z,2dcc113a258bced083c9729d8e62d6001f909ce1c9dac69fa7bead83,60.17065,24.93641,000000000f4919c9,23.56
96,2019-08-01T09:06:00Z,2e94def094f120513b5a401acb099ee60415b5ba3a62dee97215f3b8,60.17065,24.93641,000000000f4919c9,33.81
97,2019-08-01T09:06:00Z,2ea9a23b1a04016fb4810d1ceb5731d90774224fd9235877005a4e1c,60.16897,24.95222,00000000aa852af1,20.28
98,2019-08-01T09:06:00Z,2f43b7a683b0d365a46b6259a032813c293472eaedcdbcc3507adee5,60.17918,24.95141,00000000675d5200,9.92
99,2019-08-01T09:06:00Z,2f79108a454c0072885ad1447280ed5098d061b229eaae61a8bb67be,60.15432,24.9211,0000000019fb59c4,21.87
100,2019-08-01T09:06:00Z,2f82b3546af2df53b58cddc668c9aa196554108cdf39120ea40b417c,60.16629,24.95957,00000000fb7600be,11.7
101,2019-08-01T09:06:00Z,31b02b3b271f6feef9e49d9285929ff1c25a11e608fc5d70bc6a1fac,60.16897,24.95222,00000000aa852af1,17.4
102,2019-08-01T09:06:00Z,32fcb1ab3a9fde533916ca28a0d5b56bbb45fd171dd5bae91f66ec6c,60.16897,24.95222,00000000aa852af1,29.32
103,2019-08-01T09:06:00Z,33fa4cb82db5b44ffe6e7ae1039635187f90d1df328f8f139da0c693,60.17918,24.95141,00000000675d5200,4.94
104,2019-08-01T09:06:00Z,3480c16a6649952c388d8902596e332f018e609b9585f483353ae026,60.17065,24.93641,000000000f4919c9,14.89
105,2019-08-01T09:06:00Z,34e96c7caa63e7ede8f428b18e8fb556ac235d61a50c9d6ac7ff268f,60.17918,24.95141,00000000675d5200,20.28
106,2019-08-01T09:06:00Z,359348d27f82b0270a68e954bff8bde5e1a2a32949c7088f12ce7dc8,60.15133,24.92329,00000000e8a064a4,25.36
107,2019-08-01T09:06:00Z,3609f484ad7e56259f60a61aba44f22dfca5c8b2564fce7e802ad342,60.16829,24.94214,00000000afef4555,1.25
108,2019-08-01T09:06:00Z,367b1989198ef11170dd9fcfa7e6ebb5ceb58aab87c613ee1bb86e8c,60.16531,24.9442,00000000fdda10fe,9.12
109,2019-08-01T09:06:00Z,3685ee6d322dcb2ad0ae181f66c3c5427d4531d7896d2f5f7571bb6d,60.16762,24.95415,000000006b44cce7,5.91
110,2019-08-01T09:06:00Z,36fe97cd2ec69118778c771a87593630f8a6a2cb77d9ce72f845cd3c,60.16762,24.95415,000000006b44cce7,9.12
111,2019-08-01T09:06:00Z,39c6456ee66fe96eee3d97cee2a70923cedb3da760bb5d4d413adb9c,60.17918,24.95141,00000000675d5200,1.88
112,2019-08-01T09:06:00Z,39e9fa7033887b7ab339887aa68753ff94d4771cda2bb8ff4ea7aa0a,60.17918,24.95141,00000000675d5200,13.75
113,2019-08-01T09:06:00Z,3a1afdcf7c2e5a52cdbcbbe29e8281c184037e8720920c6c75bee339,60.15133,24.92329,00000000e8a064a4,17.4
114,2019-08-01T09:06:00Z,3a2f1a2c6c645bd161943b3f19c171d021512d7a8c4273ed3022f5df,60.16829,24.94214,00000000afef4555,13.75
115,2019-08-01T09:06:00Z,3a38ba36c098f2741d6c5fb5a751fcd074d05d698ac592ca09ab443c,60.16448,24.97323,0000000053c6c2be,18.79
116,2019-08-01T09:06:00Z,3a8253a28c4af6e2cf96ebf7a4c561a674a8441695c354ac3735af42,60.16544,24.95398,0000000038d83d41,29.32
117,2019-08-01T09:06:00Z,3a97ae4dcab31eb5e15e5d036d286e9764e25bcf0ad8afcfba854c90,60.16762,24.95415,000000006b44cce7,13.75
118,2019-08-01T09:06:00Z,3be40c84926a525adbd09eeeb3a12b73b24c633942b2e1fbe8151ac3,60.16448,24.97323,0000000053c6c2be,21.87
119,2019-08-01T09:06:00Z,3cc82d532d2a768e0c987e2653e32825a8b11fc2f7ba36388535f6e2,60.16075,24.95883,00000000f1124bca,14.89
120,2019-08-01T09:06:00Z,3e38f81e326b0b05865281c970ada8f17e15292f3591242542bfb73e,60.16531,24.9442,00000000fdda10fe,23.56
121,2019-08-01T09:06:00Z,3eea43670f4f29a90ced59c1af122371340275fb61ff8f14c7120658,60.16762,24.95415,000000006b44cce7,6.46
122,2019-08-01T09:06:00Z,40825cb0d315c92e0e0a73cc8e86c3b763bbf7ce226f112913e05e0f,60.17065,24.93641,000000000f4919c9,27.28
123,2019-08-01T09:06:00Z,41a0ca2955e0ae0324f6e14aeb77ebfaac5305e31d86c42a20277b94,60.15133,24.92329,00000000e8a064a4,23.56
124,2019-08-01T09:06:00Z,4256b81faf420b0636e1bfcf21e8b61482045aed964aae9089c67296,60.16829,24.94214,00000000afef4555,11.7
125,2019-08-01T09:06:00Z,42844e90c7134ebb3ec325f57cd27cd24711c779548ebc8692a820d5,60.14951,24.92138,0000000006dd41f6,3.4
126,2019-08-01T09:06:00Z,432417b4972b744ded3410777a6bbb583cf56172bf3436ddbe48a21d,60.16762,24.95415,000000006b44cce7,4.11
127,2019-08-01T09:06:00Z,4470412c4b059a920f2699fbfb72b261e0847b3e1caa8c71d2edd5a2,60.16448,24.97323,0000000053c6c2be,18.79
128,2019-08-01T09:06:00Z,44cd682aaef3e1d1bc2b0eac71d75bb3a951f74d7c93810d260dfd07,60.16829,24.94214,00000000afef4555,18.79
129,2019-08-01T09:06:00Z,4642dfa1df839f11e64f68bca4e3dce7bde2ff6dd68c54959fcb4788,60.17918,24.95141,00000000675d5200,8.38
130,2019-08-01T09:06:00Z,478830e26b1b9314c3f35b4ca62aba9828872733abbc7f32b78daac3,60.16531,24.9442,00000000fdda10fe,38.87
131,2019-08-01T09:06:00Z,47bd1492244c444d45674eb48dd2e6f222cb109d820ba807c4e18c1a,60.16629,24.95957,00000000fb7600be,6.46
132,2019-08-01T09:06:00Z,48c0ea6615ac4c02fc9bc0e06f9ea9309f9bf7e73b4324d7a6b14610,60.16829,24.94214,00000000afef4555,11.7
133,2019-08-01T09:06:00Z,49bbad87e4d6cd03bdb073bde7be91193d74d29943badce7fc536916,60.16448,24.97323,0000000053c6c2be,7.69
134,2019-08-01T09:06:00Z,49df780a7f20a99ad2810fa4bbb46b5fac9bc5cbe3fc800cd572f63a,60.14947,24.91438,000000004ef3150d,14.89
135,2019-08-01T09:06:00Z,4ade4f0d92c6157a42d7fd8e353d1c93551324ba47cc134b840a6c63,60.16897,24.95222,00000000aa852af1,4.11
136,2019-08-01T09:06:00Z,4afcc27c652d3d50a44d060f84e33dd4b17529d982928dae936cf10f,60.16448,24.97323,0000000053c6c2be,23.56
137,2019-08-01T09:06:00Z,4b4afca270c22aae160d996711ae685b598b87871b3b4ab2f96786b6,60.14951,24.92138,0000000006dd41f6,29.32
138,2019-08-01T09:06:00Z,4ba529eeafb27285cbbade6e5ece0d4d04bd2d13c98b27a5d17abd22,60.16897,24.95222,00000000aa852af1,3.4
139,2019-08-01T09:06:00Z,4e0cd91ab267104ead6f9dcd1a840e19a1e215195b89c42ef74f1b90,60.17002,24.94407,000000006b087f40,23.56
140,2019-08-01T09:06:00Z,4f9125edf503fe3cb0ba1e1221fe6a67aafd99fcd89fd92d2bf20e97,60.16897,24.95222,00000000aa852af1,25.36
141,2019-08-01T09:06:00Z,5001aabb6808b9fd96b705d1ebe8e7aca52713c2640100d81879dd86,60.17918,24.95141,00000000675d5200,5.91
142,2019-08-01T09:06:00Z,504f910a0bd104a130b85d0c50467a15e74dc950bcc9eac3ebecc43e,60.16531,24.9442,00000000fdda10fe,17.4
143,2019-08-01T09:06:00Z,52a014f48d4cbea1c0f6d65fec5a422a1dcc3f4162b24164dc50d317,60.16762,24.95415,000000006b44cce7,18.79
144,2019-08-01T09:06:00Z,5372348389197e6c4bc4c5e3dab047e7384d562220e6295904bbda1b,60.17065,24.93641,000000000f4919c9,4.5
145,2019-08-01T09:06:00Z,53d8fd3162d3b72ea9f77159ab356b46d40de1758d6388e60fe70985,60.16629,24.95957,00000000fb7600be,23.56
146,2019-08-01T09:06:00Z,53fb53be4440aecb1a1fa63a9da1db08182cc7e252da14685e63373d,60.16762,24.95415,000000006b44cce7,8.38
147,2019-08-01T09:06:00Z,54bd709173219e8017f317b63ecc83d0a48f64542e6fa1b83c86a56c,60.17918,24.95141,00000000675d5200,11.7
148,2019-08-01T09:06:00Z,556cae6b2e2dec6fe691a835e8e08bd016b1a65797c0aca46879329f,60.17918,24.95141,00000000675d5200,25.36
149,2019-08-01T09:06:00Z,559429bba23762a872fc7b1e2219d42125ab101e4355d43fdb94ed7b,60.17918,24.95141,00000000675d5200,4.94
150,2019-08-01T09:06:00Z,559e6a5225ce35ab844c63ea0d0c1695dc490a3d9cfbafa5d35ac8d8,60.14947,24.91438,000000004ef3150d,10.78
151,2019-08-01T09:06:00Z,5830a481876da00686f25b17dad06258a39212c0816ed04dda2df1bd,60.16531,24.9442,00000000fdda10fe,18.79
152,2019-08-01T09:06:00Z,584cb0b0cdd14e608c8b57c8aecc9826f9b40027e365e2438a444ea2,60.16762,24.95415,000000006b44cce7,16.1
153,2019-08-01T09:06:00Z,5865a27b5b56a60bca38e4a1403655e3e7fd0232a3ff2079965aff81,60.15432,24.9211,0000000019fb59c4,20.28
154,2019-08-01T09:06:00Z,58754229cd3381042c5ffda79c0108c5f77aa1f0f6d1468b9cb42b4c,60.16829,24.94214,00000000afef4555,20.28
155,2019-08-01T09:06:00Z,5978726eeef638856dafd3a8d199287f8daf9e90ddde750b402f8bb0,60.17065,24.93641,000000000f4919c9,0.34
156,2019-08-01T09:06:00Z,5a3004325b5a058e02fb9f32ef4f7e9cc465240cbda7a7e4ec89d2de,60.16629,24.95957,00000000fb7600be,11.7
157,2019-08-01T09:06:00Z,5a34b02faac3189217466888ef1d31cc80f721ac2f18638c5db88d53,60.14947,24.91438,000000004ef3150d,20.28
158,2019-08-01T09:06:00Z,5a8d671a78b976d212d9746d88b9a754a2d9c8341c529e88b7c6b8f4,60.17065,24.93641,000000000f4919c9,18.79
159,2019-08-01T09:06:00Z,5b06617477af6dcee75a94ac347364b50f6f3b5b7d747e5413d9ad58,60.14947,24.91438,000000004ef3150d,18.79
160,2019-08-01T09:06:00Z,5c1f71098d5d7258d2971061c791c94e0138c8e02225c5f60d6a0428,60.149,24.9843,00000000fffb8cf0,16.1
161,2019-08-01T09:06:00Z,5dc7341101ac9a971ad3bd8764c172439aa3c351b8b6654e21e2c76f,60.16829,24.94214,00000000afef4555,4.5
162,2019-08-01T09:06:00Z,5e2c5c20c88ccf362ed8749d1ddc041b1cb1c38d8dbeac7870179322,60.16629,24.95957,00000000fb7600be,5.91
163,2019-08-01T09:06:00Z,61f53bab9eb8d4ebb57a9aaea9ccecc63dbf2a442c4d629c5348903f,60.16629,24.95957,00000000fb7600be,27.28
164,2019-08-01T09:06:00Z,626bf35ce16dba1054cfd175d09475d3ee751bf70e56f984ff5c7ab6,60.15133,24.92329,00000000e8a064a4,18.79
165,2019-08-01T09:06:00Z,63ff2439779051005c18876d20ed53ce060c1de9d7976821bd518fc6,60.15432,24.9211,0000000019fb59c4,8.38
166,2019-08-01T09:06:00Z,65b6b62b547e11e10f7f83ad497446bee2bb9653097d9d62e9b1b817,60.17065,24.93641,000000000f4919c9,5.41
167,2019-08-01T09:06:00Z,66ad74b1795a3f2db404e46e89b7cdeb3d6e231b6573e3fd29bb7eef,60.16897,24.95222,00000000aa852af1,16.1
168,2019-08-01T09:06:00Z,674355e17da9460e58566497be518f2eb537880c67c788fedb5067db,60.16629,24.95957,00000000fb7600be,7.69
169,2019-08-01T09:06:00Z,67e8c602d8f865c2db8c14219b04eab6062b149c7e0f2ed0331bc051,60.16897,24.95222,00000000aa852af1,23.56
170,2019-08-01T09:06:00Z,685af6b01bd180194d718801bb8b9c9de22050cc392d6c6441fe986b,60.18203,24.91341,00000000342570c2,18.79
171,2019-08-01T09:06:00Z,69e2854c78a472b462941ef730aa9fa7a9dba9c1cc22996396d4c78a,60.17918,24.95141,00000000675d5200,16.1
172,2019-08-01T09:06:00Z,6adce4d05e58232a97635a2fd7918e4e49d9295afc0989d727f9c712,60.17002,24.94407,000000006b087f40,17.4
173,2019-08-01T09:06:00Z,6d5a8ded89f26533ed851d1a0894f0d9045e9cd4baed439f7d9a922b,60.16629,24.95957,00000000fb7600be,16.1
174,2019-08-01T09:06:00Z,6d98ac1fea7056e5b96d6095caf0e3677a4ec30e9fbcc2e50ae1cf65,60.16629,24.95957,00000000fb7600be,9.12
175,2019-08-01T09:06:00Z,6dca84ddf4be668487766d17c5d13961ed713d24032f709ae87a497f,60.16829,24.94214,00000000afef4555,10.78
176,2019-08-01T09:06:00Z,6dd5463e670c352180c1e912300e21e59f5e2976266df8c3c92b0baf,60.16829,24.94214,00000000afef4555,17.4
177,2019-08-01T09:06:00Z,6e4022bd9bc9787525a7c6cc8527724ffa7e7ce29abbf296b28a9398,60.16762,24.95415,000000006b44cce7,20.28
178,2019-08-01T09:06:00Z,6eb390f743af2f8f87ce6c2ab53228450ccce1d21de54f8abba160df,60.16829,24.94214,00000000afef4555,23.56
179,2019-08-01T09:06:00Z,7003a7f6a5523b645634f014e04bea36016953a8af9324e35602bc2e,60.14947,24.91438,000000004ef3150d,17.4
180,2019-08-01T09:06:00Z,704c3f3075f13713c363014fa828e4a932e7a05676813b9963a1e554,60.17918,24.95141,00000000675d5200,5.41
181,2019-08-01T09:06:00Z,70d391038ec56b63a3737605c2c1db6ffbdca8e4490691776dc993f1,60.16829,24.94214,00000000afef4555,9.92
182,2019-08-01T09:06:00Z,7176ddd6f2dc9be71319e3a2ea67061af7b5277adc890f23882c0afd,60.16829,24.94214,00000000afef4555,20.28
183,2019-08-01T09:06:00Z,71b01bb8b8e877dc9ca40e756f441571d12ee3311a945417e8aaa116,60.16762,24.95415,000000006b44cce7,9.92
184,2019-08-01T09:06:00Z,75003dbce84bab66829b2489dc3bff3abc4ec7f1b136c28b0835fa0e,60.15133,24.92329,00000000e8a064a4,9.92
185,2019-08-01T09:06:00Z,750297d0d8ff0ca837d9c2289c26302d62f38708617150431ab14509,60.16531,24.9442,00000000fdda10fe,23.56
186,2019-08-01T09:06:00Z,76c2f7b3773d4bebd4dabada1c2b98fe4ea9762e9c98b4a6371d7746,60.16762,24.95415,000000006b44cce7,10.78
187,2019-08-01T09:06:00Z,774131d73accbbb31ec3c43c3501b7969645eb65df1839ca8116526e,60.15432,24.9211,0000000019fb59c4,13.75
188,2019-08-01T09:06:00Z,7803e2d46157a5482e745447d4c2c332fbd818d87a20b0f6187c628d,60.17065,24.93641,000000000f4919c9,21.87
189,2019-08-01T09:06:00Z,78a9535148d256e36a93dcce58f6dac7864c3bcd43b255c37291aa30,60.17002,24.94407,000000006b087f40,20.28
190,2019-08-01T09:06:00Z,79669159e96cc1cdf3879c3db8c5621167f92aaa10df4dd21a9be1de,60.16829,24.94214,00000000afef4555,11.7
191,2019-08-01T09:06:00Z,7a6e7ba82e6b0c07f13302099a2ffb55e08a56850ee8c1c6c1bd65d3,60.17065,24.93641,000000000f4919c9,20.28
192,2019-08-01T09:06:00Z,7c1534082e86ff4387878d813207626d8f728aa26b97248e00a3b8d7,60.16629,24.95957,00000000fb7600be,12.69
193,2019-08-01T09:06:00Z,7ccf0231e25c4a2ff5abcbb7cb3fe96604d014c3fa05c2829580801d,60.16829,24.94214,00000000afef4555,12.69
194,2019-08-01T09:06:00Z,7cd51189de07d01882cf0a9346f0830a9b21764875334d45e143fbd5,60.17002,24.94407,000000006b087f40,25.36
195,2019-08-01T09:06:00Z,7d415f4fd9093fb383b4ebb88961ad74e6a00d3ece39504712dad639,60.17918,24.95141,00000000675d5200,7.05
196,2019-08-01T09:06:00Z,7eb4a715919b3eb4085270535ce4d7b57112591ad7242eb189bf652a,60.17065,24.93641,000000000f4919c9,9.92
197,2019-08-01T09:06:00Z,7f534fc0885ddf5a5c3814e4232de3356affd42f6c3560055079dc1c,60.16829,24.94214,00000000afef4555,13.75
198,2019-08-01T09:06:00Z,7f59aaecea1eee6c703ec5d46d67b44289ddedf080defee495b73739,60.14947,24.91438,000000004ef3150d,11.7
199,2019-08-01T09:06:00Z,7faf8705e89a761625aaed50b89538581e25d5950ec8f051d36ed829,60.14947,24.91438,000000004ef3150d,25.36
200,2019-08-01T09:06:00Z,7fe96255e89da662cb4a10df4705f39989babea20fdc4ef0bf4fb395,60.14951,24.92138,0000000006dd41f6,17.4
201,2019-08-01T09:06:00Z,809bf2d7a0745ae512b934a578fd5fd47c13c5398b6d06ad350b9e7c,60.14947,24.91438,000000004ef3150d,14.89
202,2019-08-01T09:06:00Z,8165c5f8d06298ffd56f071c0ad1cc9f1d4f08084936937d712d0b61,60.15133,24.92329,00000000e8a064a4,17.4
203,2019-08-01T09:06:00Z,8176eaeb262de7f9113561a8e31b6cf6f4c74c882f7f18ba8bb5acf8,60.173,24.92524,0000000096918cfa,29.32
204,2019-08-01T09:06:00Z,81cabf0ecb3563f645298961619ca623084bb89ab4b7635ffe2de7c0,60.16829,24.94214,00000000afef4555,17.4
205,2019-08-01T09:06:00Z,8292ad97931f6462dc056eb92748496c2cfa3e22dbad610514a2deab,60.17002,24.94407,000000006b087f40,20.28
206,2019-08-01T09:06:00Z,82bab0a1bfd11576cf62159546b756e1da44125c76909e270ced391b,60.16897,24.95222,00000000aa852af1,21.87
207,2019-08-01T09:06:00Z,8524898e498c83bde4bc1848aa2b372da84e7b2266f36aabe128cc27,60.17919,24.95181,000000007b5207b6,9.92
208,2019-08-01T09:06:00Z,88c2bc6310f27465b9f08b28fb52075d7703ce7b097e5beb37c7437c,60.14947,24.91438,000000004ef3150d,21.87
209,2019-08-01T09:06:00Z,893080d82bb28aa3ab91e41ddd4569086c8135ade7be10aa644fca95,60.17065,24.93641,000000000f4919c9,23.56
210,2019-08-01T09:06:00Z,898cde3317c73907bb23b1b885828c4bf3187c3a757a18dc32abe970,60.16762,24.95415,000000006b44cce7,7.05
211,2019-08-01T09:06:00Z,8996f41485515f4fe2b7f60962df36a3421c9a14cdb3f381b1ce7052,60.16829,24.94214,00000000afef4555,10.78
212,2019-08-01T09:06:00Z,8a01e28fd327e5c56dcf2dc8b2b7762a96d77584c21990a073ceb11f,60.16829,24.94214,00000000afef4555,4.5
213,2019-08-01T09:06:00Z,8c2c35fb6ebc0f07014a3291523f291bea82160dee13d091314cde65,60.16762,24.95415,000000006b44cce7,9.12
214,2019-08-01T09:06:00Z,8c571538c285dba9d77edacfb1829b282d54b772b62209c6e4004237,60.17918,24.95141,00000000675d5200,12.69
215,2019-08-01T09:06:00Z,8d5e893f77b3d167ebefad4ecab181fea08513599a6f9450f0b9a827,60.17918,24.95141,00000000675d5200,31.5
216,2019-08-01T09:06:00Z,8e20d0d67339e3cf43e77c3a340d9dc6766de8d079197a08a1343ff0,60.17065,24.93641,000000000f4919c9,13.75
217,2019-08-01T09:06:00Z,8e6caf283696ed75a4aff0c3f528dad5878f6f4b82cbd3eae1164484,60.16897,24.95222,00000000aa852af1,14.89
218,2019-08-01T09:06:00Z,939c459d913b0b38838071a0d13671e83e4a751f44624b21e84daa69,60.16762,24.95415,000000006b44cce7,10.78
219,2019-08-01T09:06:00Z,941e13893853105c86bfbc6d31d62274937602143ce3bb530c8c17ed,60.17918,24.95141,00000000675d5200,17.4
220,2019-08-01T09:06:00Z,94a511f0495a2cff2df26ded8f6da40e7a15287287ccf3125b5affd1,60.16897,24.95222,00000000aa852af1,25.36
221,2019-08-01T09:06:00Z,94b54a06b97b71144684ec289acfd57fa5ef17038131748fe839f728,60.16762,24.95415,000000006b44cce7,13.75
222,2019-08-01T09:06:00Z,9609babe3114439a82f93f797f4a6e779b6bab625488b8ff5b63e674,60.16829,24.94214,00000000afef4555,21.87
223,2019-08-01T09:06:00Z,99a026b5100e23129fa529e9a57a3dbc8490dc03b58f2193f03e2dcf,60.14951,24.92138,0000000006dd41f6,6.46
224,2019-08-01T09:06:00Z,9a086bc209751cf0e44b4ba24e633962c6370eb8b1cb682d0b320da9,60.17918,24.95141,00000000675d5200,25.36
225,2019-08-01T09:06:00Z,9abbc86fb0fc1c0532042814af76a97e6a17121831d4394749a290a6,60.16762,24.95415,000000006b44cce7,7.05
226,2019-08-01T09:06:00Z,9b3e6848d8b34e802134d6da0e5a594897ec3fafbbf08b6d0b84068e,60.17918,24.95141,00000000675d5200,8.38
227,2019-08-01T09:06:00Z,9bdb503344071eddd74d821f537246d8a6c19468b05d38d0170377f9,60.16897,24.95222,00000000aa852af1,9.12
228,2019-08-01T09:06:00Z,9bef8b28ea93ecaee57d05b037edbfe7f80014aaf56343345fedd7be,60.17918,24.95141,00000000675d5200,17.4
229,2019-08-01T09:06:00Z,9e343a150f07bb3dcce5ecab8ac061b84d65b347b1af5a232e00eeb6,60.16829,24.94214,00000000afef4555,7.05
230,2019-08-01T09:06:00Z,9ed556989f4dece5f287131f182cdee15f49d25f285905ce809caf8b,60.17065,24.93641,000000000f4919c9,33.81
231,2019-08-01T09:06:00Z,9eee6d740f1d483c484d02f0995f35550c09e6a8cf01f02680db5efc,60.16448,24.97323,0000000053c6c2be,29.32
232,2019-08-01T09:06:00Z,9f2f5e6344efb60ffa5c79880ea57aeb636e51f86587e158039df6cc,60.16531,24.9442,00000000fdda10fe,11.7
233,2019-08-01T09:06:00Z,a04214b56cac7d70680703ee6a28fac742f3c3190b55b46a79c1f76d,60.149,24.9843,00000000fffb8cf0,14.89
234,2019-08-01T09:06:00Z,a1049deed97cd1989c882cb47bb39f0d93d1fddbac4e9307e8a4249e,60.16544,24.95398,0000000038d83d41,25.36
235,2019-08-01T09:06:00Z,a256ee4e61079f54581967787db25324859ef431207cb182cd468fbe,60.16829,24.94214,00000000afef4555,11.7
236,2019-08-01T09:06:00Z,a38c11c450b472b9dad2f076e2d9a63651292d3de806331d06af7f46,60.16531,24.9442,00000000fdda10fe,14.89
237,2019-08-01T09:06:00Z,a3d99fc570ed19522398a09fafe7d264d95d2cd387780feb931b4573,60.17065,24.93641,000000000f4919c9,16.1
238,2019-08-01T09:06:00Z,a786eb3b8a25c58099a428799e99d0b86401f803ee38d3e5d20e59d3,60.15432,24.9211,0000000019fb59c4,23.56
239,2019-08-01T09:06:00Z,a808962cb511e5ed2d23e6e33efe252b1be29dc1d2f7c6154817f04f,60.16448,24.97323,0000000053c6c2be,13.75
240,2019-08-01T09:06:00Z,a83415babca8eac00f69a32371a230fdadda29bf40fd69f75cf2e8fb,60.17918,24.95141,00000000675d5200,20.28
241,2019-08-01T09:06:00Z,a838fe521ed943ab5d8f7c5d408246fb2370ea139b12544208826ea9,60.16897,24.95222,00000000aa852af1,33.81
242,2019-08-01T09:06:00Z,aa05a7036c3586a79d23f426b78bf158357208bc82d7ddf9a1326dd2,60.16531,24.9442,00000000fdda10fe,7.05
243,2019-08-01T09:06:00Z,aa5281244780ac8f283c3452639d477cd76e31fc6f0b95b99c51a9b0,60.16762,24.95415,000000006b44cce7,3.09
244,2019-08-01T09:06:00Z,ab615ee5bbf567aee3505fbb360d09fc6b851f93fb15aef778b57128,60.16531,24.9442,00000000fdda10fe,11.7
245,2019-08-01T09:06:00Z,aca524ceb3c7373172ecd0d06b26e7d610d441f4a47ab78ae0ad3340,60.15133,24.92329,00000000e8a064a4,16.1
246,2019-08-01T09:06:00Z,acbbe4765d72f36b0323407c7dbe43db7b4ad5e2da0a6a9e5966db0b,60.16897,24.95222,00000000aa852af1,7.69
247,2019-08-01T09:06:00Z,ad22512fd6a5ad9e19fdfad7e02b2793ecb01875be243f894c637ae2,60.16829,24.94214,00000000afef4555,10.78
248,2019-08-01T09:06:00Z,af67ffa8b538058603b74f48e04ab914e8f6cd450f53c47f8c3d683d,60.15432,24.9211,0000000019fb59c4,7.05
249,2019-08-01T09:06:00Z,afaed9946dbc1509500c6f80f87eed8fe44a74ba3e14328c6efe3971,60.16829,24.94214,00000000afef4555,4.94
250,2019-08-01T09:06:00Z,b09e9bb62cc49c085c1aee3b752af1bec69dabc939323e5733f73933,60.17065,24.93641,000000000f4919c9,20.28
251,2019-08-01T09:06:00Z,b32d22dd18cf9161a46f185f162147d8f4d9f2f6e1d121c3e5b0714e,60.16629,24.95957,00000000fb7600be,20.28
252,2019-08-01T09:06:00Z,b32e57a6f5865a23d7a0e9fa346d5ec4e975f99c4df815fe8b1449b2,60.17918,24.95141,00000000675d5200,17.4
253,2019-08-01T09:06:00Z,b50a45ac0708e7b5cca42f3458430eb22ff70a81c575bafe99ffda23,60.17002,24.94407,000000006b087f40,11.7
254,2019-08-01T09:06:00Z,b5603e758440226e490d1d7d7271a7b0d5c261eccbad198f81110136,60.15432,24.9211,0000000019fb59c4,9.12
255,2019-08-01T09:06:00Z,b69604356a52f2b1b9c5de09a350f42d87f5b969e3e824d8b6b2368f,60.16829,24.94214,00000000afef4555,11.7
256,2019-08-01T09:06:00Z,b6b32d1744cab38523e13d061fa256f05d6e01d920275907327c3083,60.16829,24.94214,00000000afef4555,11.7
257,2019-08-01T09:06:00Z,b6c43126ca83e916a68e57d0178060c24fc61305836b6c8f188f7285,60.17918,24.95141,00000000675d5200,8.38
258,2019-08-01T09:06:00Z,b6f0f4101a1a258dcb1d82d77ca91000694d4fed15bd882a8e3bfe66,60.149,24.9843,00000000fffb8cf0,25.36
259,2019-08-01T09:06:00Z,b7c3b37b32d534f6824ac8d99b4c79d0cb915cab104fdb745550ea22,60.16762,24.95415,000000006b44cce7,17.4
260,2019-08-01T09:06:00Z,b8038854618ce49585b1b6da449b945625ada46d3a0e8942e9f8137f,60.16629,24.95957,00000000fb7600be,13.75
261,2019-08-01T09:06:00Z,b8fb70225ee0a2d655e2809da07a2f8cd2feb7295aa256f8b35fcf1e,60.16629,24.95957,00000000fb7600be,11.7
262,2019-08-01T09:06:00Z,bb2187a4e20012ad694c768ef2c47c9a9055671024ebf4855d4e6243,60.16531,24.9442,00000000fdda10fe,2.08
263,2019-08-01T09:06:00Z,bc82f76c979de19b559e9e3aa0cd6cbf5ac361e2d7b1ac9f81fe2f4f,60.17918,24.95141,00000000675d5200,11.7
264,2019-08-01T09:06:00Z,bd23c66c4df0bd849266a4429a24f23f2c9503cf31eb0cd9780248e6,60.18203,24.91341,00000000342570c2,23.56
265,2019-08-01T09:06:00Z,bee144e090a471427ec7878609f2446cb79f4c8d7e3c3bf0f67cf8d2,60.16762,24.95415,000000006b44cce7,9.12
266,2019-08-01T09:06:00Z,c004fa64cb7de7e87d3b91639ae5f95304fb1a90b0a0e927cea958af,60.16762,24.95415,000000006b44cce7,11.7
267,2019-08-01T09:06:00Z,c15da9ed244b57a27a083919c67d0edde078a31b18cb58f13581f173,60.1538,24.95595,0000000038bf9618,27.28
268,2019-08-01T09:06:00Z,c1674c59c49d5bf74e6808239a91d18a04e47697d298bc61a7618af2,60.16448,24.97323,0000000053c6c2be,13.75
269,2019-08-01T09:06:00Z,c1bf1bf699e9bc78ca15c9490d1ef02e3323f0c2c76bf0fca7955a69,60.14947,24.91438,000000004ef3150d,12.69
270,2019-08-01T09:06:00Z,c434f18b802a764aad7a2dfb46e93546acb1b0975cf9b93fd47363f6,60.15432,24.9211,0000000019fb59c4,6.46
271,2019-08-01T09:06:00Z,c46895857ca53c3362932d446a58c13b60d297f99ca237d4546589e8,60.16897,24.95222,00000000aa852af1,14.89
272,2019-08-01T09:06:00Z,c51beff15d228f2dab9416cadfcc60fe269ce3d9202a9cf2ec7e7647,60.16829,24.94214,00000000afef4555,12.69
273,2019-08-01T09:06:00Z,c65c11ee6e8b5894ead3ea9b007a39127edb65a67be253aca6f78ed0,60.16448,24.97323,0000000053c6c2be,20.28
274,2019-08-01T09:06:00Z,c8aef405537103b9d31a7e2dda43949f5844b9a36494f8defaf0d803,60.17002,24.94407,000000006b087f40,31.5
275,2019-08-01T09:06:00Z,c98bce1cc275ed0a1b833011f8cd251ac848fdc84501fe87eb8b5d54,60.17918,24.95141,00000000675d5200,20.28
276,2019-08-01T09:06:00Z,ca7719c7cd8d4496b666f608fc07ba9930e362a0b2d96890b0778618,60.16629,24.95957,00000000fb7600be,8.38
277,2019-08-01T09:06:00Z,cb9f54c377262ff9bcf2162f7376c879870c973cf6b356b45ad913e0,60.16762,24.95415,000000006b44cce7,18.79
278,2019-08-01T09:06:00Z,cccf3ba2a9d11b9330c18af8064a20aca9995473495bf119162a1619,60.16897,24.95222,00000000aa852af1,18.79
279,2019-08-01T09:06:00Z,cce3077cdfeedd0674391bec08ce94732557106542574c58a7f378bf,60.16829,24.94214,00000000afef4555,1.38
280,2019-08-01T09:06:00Z,d062562fed5ad0a61560e267310beb0b717d2a1e2a11d1d575507861,60.16897,24.95222,00000000aa852af1,17.4
281,2019-08-01T09:06:00Z,d16e16def718519430296afa23976c226aaf720722bce3d92a2aad43,60.14947,24.91438,000000004ef3150d,21.87
282,2019-08-01T09:06:00Z,d202b97007d597f3cc942268b02b84534ab9195b9ea38ca7fd236f63,60.17002,24.94407,000000006b087f40,20.28
283,2019-08-01T09:06:00Z,d29a5ebd00326d5dedb6c60cab75fd238bdaa9d7f703f6b5974edbc7,60.16762,24.95415,000000006b44cce7,5.91
284,2019-08-01T09:06:00Z,d327ac6c99e2bd3f17d3041840424e8568b4fbe6d3280c3e04504dac,60.16897,24.95222,00000000aa852af1,21.87
285,2019-08-01T09:06:00Z,d562afdedae521be241c98441e436608a323fdb944dedc24c835e762,60.17065,24.93641,000000000f4919c9,4.5
286,2019-08-01T09:06:00Z,d653ef8368d33df4fc7edeb5a381d5826be1471f1470aa9744d47901,60.173,24.92524,0000000096918cfa,2.8
287,2019-08-01T09:06:00Z,d65b8625c1f24304ff0e3c4a4dce7aa5d434d36be87be41834a49420,60.16531,24.9442,00000000fdda10fe,7.69
288,2019-08-01T09:06:00Z,d6e217c6592e449e2390b1a874e08cbc9126116901dbdbf84501c6b8,60.17065,24.93641,000000000f4919c9,7.69
289,2019-08-01T09:06:00Z,d74ea3c9e0aaa523c791aa01f4f9a7c1c43f01f585dc4146b19edf83,60.17918,24.95141,00000000675d5200,9.12
290,2019-08-01T09:06:00Z,d8778698d75313bf43f7255696e14eda9502d5d7a6e7315071181cc8,60.16629,24.95957,00000000fb7600be,17.4
291,2019-08-01T09:06:00Z,d95956cedfc4dfe06014194cc1071864bd835fcc014c1fd6f4d33337,60.16762,24.95415,000000006b44cce7,7.69
292,2019-08-01T09:06:00Z,d9608b9a2af02608a7ceee9bbb270e964b187a8cb489e91fb4638d31,60.14951,24.92138,0000000006dd41f6,41.64
293,2019-08-01T09:06:00Z,d9f8ff1809ebe23c7e68bb1cbb1aa6fdfaf22375abf2962da2d7cfab,60.16531,24.9442,00000000fdda10fe,13.75
294,2019-08-01T09:06:00Z,db09e59d30e841073faa26d5c3a781d50a29e13bff061b33681d6ba7,60.17918,24.95141,00000000675d5200,12.69
295,2019-08-01T09:06:00Z,dbedd81db3d59ee0c6948187e396a34e2fa5dd6670cf8d862bf5e1ff,60.16762,24.95415,000000006b44cce7,4.5
296,2019-08-01T09:06:00Z,dc00d45c0dd506326fb4dd3692d409df80cb3d871341ffff720dc834,60.16762,24.95415,000000006b44cce7,9.12
297,2019-08-01T09:06:00Z,ddae2128c72cf011df2a698a8254b8738fd07a971349ea8a5e8bfa9f,60.16829,24.94214,00000000afef4555,18.79
298,2019-08-01T09:06:00Z,deb8a213e1b4930e676ee8fdb394161ec46adb785171fa37437b4d44,60.15133,24.92329,00000000e8a064a4,10.78
299,2019-08-01T09:06:00Z,dfdad4781845931b68b01bf5d5e24743edd54d7c151a45be8a4db2ca,60.16544,24.95398,0000000038d83d41,29.32
300,2019-08-01T09:06:00Z,dfe80baf219bd267a459c954a8e3027b3f1ed29fea2a5355456d5652,60.16897,24.95222,00000000aa852af1,27.28
301,2019-08-01T09:06:00Z,e0fe7fe5854899c0eb42b75b300339808143419404558ed4d00b0f17,60.17918,24.95141,00000000675d5200,6.46
302,2019-08-01T09:06:00Z,e234769b1ce1634554f5fa4a290d11b2a30c3dfd009d4c39a2e9dd3d,60.17065,24.93641,000000000f4919c9,16.1
303,2019-08-01T09:06:00Z,e294dde431d68c7b73efcf1f9b916e40bf408111c79228032c7830a4,60.16544,24.95398,0000000038d83d41,27.28
304,2019-08-01T09:06:00Z,e2bb0ae74deee6cbc4f50c5f85da3f1779ca1db1ae7ff48ab4b33dbc,60.17918,24.95141,00000000675d5200,9.12
305,2019-08-01T09:06:00Z,e2f445c6711e0e7d48a6a045bec347587f9f398e8928a171cfa2ca38,60.16762,24.95415,000000006b44cce7,8.38
306,2019-08-01T09:06:00Z,e2f8b065913423b6cd370ba12adba60bad68b6ff2a97fbcb1d1614bf,60.16897,24.95222,00000000aa852af1,33.81
307,2019-08-01T09:06:00Z,e528235be3e5cc4945024d50d1ed43061e2e2f2845f2b41e081e1721,60.17918,24.95141,00000000675d5200,9.12
308,2019-08-01T09:06:00Z,e5cad8bb9a6c8dcc067948d7f869033aca5bdd062da175c8734092e6,60.17918,24.95141,00000000675d5200,6.46
309,2019-08-01T09:06:00Z,e729325b3fe611c9dc2290efdcb3efa71b6d425282d0e683f1435dbf,60.17918,24.95141,00000000675d5200,9.92
310,2019-08-01T09:06:00Z,e73dcccbc4dd6af49316f19a34c347cc94ff7ab079a93a2672d78a16,60.14947,24.91438,000000004ef3150d,27.28
311,2019-08-01T09:06:00Z,e8add7e8346b99cd4b67924113f3763441a1899897c6d1ac3a1a40a6,60.17918,24.95141,00000000675d5200,16.1
312,2019-08-01T09:06:00Z,e9064a62fac257836cb6fbcf0d84fab1ebdfa46bd6734632f1e6f116,60.16829,24.94214,00000000afef4555,13.75
313,2019-08-01T09:06:00Z,e9275b4d525e0593374e00e9cf9885062a1699ecb3462c758a025ef1,60.16762,24.95415,000000006b44cce7,9.12
314,2019-08-01T09:06:00Z,ea3f8412ed9c4d92448688dd9cc7ff9e3eeb5fe4373d0953bf0349c1,60.16531,24.9442,00000000fdda10fe,16.1
315,2019-08-01T09:06:00Z,ea94130fbb3464dc656765cfddbad802ddfafb1af8007cb5f42cd41f,60.16829,24.94214,00000000afef4555,4.94
316,2019-08-01T09:06:00Z,eaf572301dc5c1eaff007bc1886cce8f0f5e92a233b8686ed2a1a9cc,60.17065,24.93641,000000000f4919c9,20.28
317,2019-08-01T09:06:00Z,ec2dd83e04d225caca9f6b9d28bd3080ed37c5bf42e5f65123fa2394,60.17065,24.93641,000000000f4919c9,11.7
318,2019-08-01T09:06:00Z,ec7121833f0e4b509d683b00a9c5e992e4b84882cb857145102e14f4,60.16531,24.9442,00000000fdda10fe,2.08
319,2019-08-01T09:06:00Z,ec8c0160ac1ee5aeaf6204956c9db2ee4f98f55ae3fe1ec0af07fab8,60.16762,24.95415,000000006b44cce7,4.5
320,2019-08-01T09:06:00Z,ed86f884272a5a400b55bfd4f22bc8cc5d6fca7fe26eee3c39cb3c52,60.15432,24.9211,0000000019fb59c4,11.7
321,2019-08-01T09:06:00Z,eef621895ee74145a6d76c5f5493a93d7c728c80abe45a2e1933ae9f,60.16897,24.95222,00000000aa852af1,17.4
322,2019-08-01T09:06:00Z,ef67b9e4617f284b84167b4bdaff71108579a33ced0a2450ff25a1a1,60.16629,24.95957,00000000fb7600be,14.89
323,2019-08-01T09:06:00Z,f03d20d6bb80ce0745cb0fbed6619e0a6288bfffd08e9aabce1692ba,60.17065,24.93641,000000000f4919c9,21.87
324,2019-08-01T09:06:00Z,f1447725764ec0dca245fc67f2aa0a0c42e6b05808076aa74f0c1e7e,60.17918,24.95141,00000000675d5200,10.78
325,2019-08-01T09:06:00Z,f1b28329fc91f4708ca34857c5582c0bf1b7d0ab06127746029cd72c,60.17918,24.95141,00000000675d5200,7.05
326,2019-08-01T09:06:00Z,f20935810c1567a80c288016c4d4dd32fe86b3479f47ae7dd64d15cc,60.15432,24.9211,0000000019fb59c4,9.12
