,time,hash,latitude,longitude,serial,distance
0,2019-08-01T05:07:00Z,0e1416209fb028540d6cc9e92bac39c618b66675e940eae6cfc44bd3,60.14947,24.91438,000000004ef3150d,25.36
1,2019-08-01T05:07:00Z,14c7e1511b70f4dd3359cbece1377aebb4d70531f5489eefe53d7c3c,60.16544,24.95398,0000000038d83d41,23.56
2,2019-08-01T05:07:00Z,15918569de0a46a8eb56b43d8d39f7fc82619ff1006f00822c85745c,60.17919,24.95181,000000007b5207b6,12.69
3,2019-08-01T05:07:00Z,165ebbb4090d47319ae370f0d0854fdc1f6b79499f8b2e4d3c3533c0,60.16544,24.95398,0000000038d83d41,25.36
4,2019-08-01T05:07:00Z,1f0f0628cdc688d76bde2b82bee5b9b4916bf0bbdfe76cf3213e1c65,60.15432,24.9211,0000000019fb59c4,12.69
5,2019-08-01T05:07:00Z,2a93b61a3863ace54349d7a0937e4134fcc6d4dfcf064eefae2b7cf8,60.15432,24.9211,0000000019fb59c4,18.79
6,2019-08-01T05:07:00Z,2dd6ca2c889266702d554569764346cf583b74b0890b10e00ecd4f82,60.16544,24.95398,0000000038d83d41,27.28
7,2019-08-01T05:07:00Z,2fd87be7f3d38756587d5a0dd1ae934998ca065240c450d0538481e9,60.1538,24.95595,0000000038bf9618,38.87
8,2019-08-01T05:07:00Z,351f44e773650f6c4a68cd25c338d2bf5d9a1b20942961befe3b3f11,60.16448,24.97323,0000000053c6c2be,14.89
9,2019-08-01T05:07:00Z,384b4d96a26aae32d2af0c0f637cb59cc8470a36445623930229d524,60.16897,24.95222,00000000aa852af1,23.56
10,2019-08-01T05:07:00Z,427140db094a88d1033f8ee0e16865b0ca63c0d06e0aacf4d81cd1ea,60.17002,24.94407,000000006b087f40,29.32
11,2019-08-01T05:07:00Z,4abec48b53c4d82dc781a50af0676249c9d08be31b608a3f378109a6,60.1538,24.95595,0000000038bf9618,27.28
12,2019-08-01T05:07:00Z,4b84d794b4efac03294747e68f2120b71275e279197988b75a514274,60.14947,24.91438,000000004ef3150d,23.56
13,2019-08-01T05:07:00Z,59107c0fb745e0aacace35f3eb6888e9aa1cace3ca066219be32fe54,60.16897,24.95222,00000000aa852af1,23.56
14,2019-08-01T05:07:00Z,5ce5921cde4bac9ec288c0b100d5083ccee80ef9731e79cc3bc9015a,60.16762,24.95415,000000006b44cce7,31.5
15,2019-08-01T05:07:00Z,5d65719c4cbf045f068d084b72302f447d5fd034413d97d13be00d0e,60.18203,24.91341,00000000342570c2,18.79
16,2019-08-01T05:07:00Z,6066632ddc94b5c482a2d4f45ed2532e55e3fd63e414a084a596a737,60.16762,24.95415,000000006b44cce7,20.28
17,2019-08-01T05:07:00Z,6a657079c1bdc8114c289be1ddd83e5846d4279a920d1697b8ff0033,60.18203,24.91341,00000000342570c2,25.36
18,2019-08-01T05:07:00Z,6b805db93722b9bc795ba65b4418a352128c16588f565243c29cecbf,60.16762,24.95415,000000006b44cce7,25.36
19,2019-08-01T05:07:00Z,6bc875bb0f7bf4e5bc525aebc02f9c4e64a1da3433acb4c88d4cca5f,60.14947,24.91438,000000004ef3150d,14.89
20,2019-08-01T05:07:00Z,6d22b751ff5173035dc85c52c3dff0780126adae67fe33dc62dd45ef,60.16531,24.9442,00000000fdda10fe,18.79
21,2019-08-01T05:07:00Z,747f2d1ebff218c0ebbdc0fdaef4cbe56633dfb46ae1b1f8c8142201,60.16762,24.95415,000000006b44cce7,16.1
22,2019-08-01T05:07:00Z,76c7f42283513d0e289bf786d89463b5025b2ae0f4e13519a4cf228b,60.15432,24.9211,0000000019fb59c4,16.1
23,2019-08-01T05:07:00Z,79f136afa0dd8717337c01c70b457c464aaf0fa25b440f51a394ec23,60.16762,24.95415,000000006b44cce7,25.36
24,2019-08-01T05:07:00Z,84fdfd8881f633c5f0c71c1480053953ca4b05e848052d97c063ad38,60.1538,24.95595,0000000038bf9618,27.28
25,2019-08-01T05:07:00Z,87dfaad29a9276ddddb1fa021d3bc23ad14824c1af16f7d87e713689,60.14951,24.92138,0000000006dd41f6,7.05
26,2019-08-01T05:07:00Z,8c75c3289c84fe4493e1e272a77b615fe1985880c5dc68a7c1a17b53,60.16762,24.95415,000000006b44cce7,16.1
27,2019-08-01T05:07:00Z,8cc6ddaa460aeae8cc9e8a33f91a01c8cd4c0c8bf8a943210a28c84d,60.1538,24.95595,0000000038bf9618,17.4
28,2019-08-01T05:07:00Z,9041c42fbb1cf987ee209454d6f5fab418a20e06fd7625460be30fa6,60.16531,24.9442,00000000fdda10fe,33.81
29,2019-08-01T05:07:00Z,91d3b80de4439a4a49ddb8a04d72a0a2ec6c08f351d70232842af567,60.16762,24.95415,000000006b44cce7,23.56
30,2019-08-01T05:07:00Z,9843c6216661048343a0e49cf3d8aa2883cf77f452666a1c873a1052,60.16448,24.97323,0000000053c6c2be,18.79
31,2019-08-01T05:07:00Z,9d03d14afa49576281aa26db60e517f7c1ec8aa36f7756959a860a8a,60.16629,24.95957,00000000fb7600be,12.69
32,2019-08-01T05:07:00Z,a91d379a4b57c5df22db0d7a041ff69f657b4b31f28554b1011fc03c,60.16544,24.95398,0000000038d83d41,29.32
33,2019-08-01T05:07:00Z,a9da1ee82e3b670e276c26b483dd50f4a6d0c6f77ef82245d3ae6086,60.18203,24.91341,00000000342570c2,13.75
34,2019-08-01T05:07:00Z,af39edf2bb940054e6f0ba41fbd2dda73c80369a5559082bdc868dc6,60.16762,24.95415,000000006b44cce7,17.4
35,2019-08-01T05:07:00Z,b4faf2d3c4d2b199afeab6ab63b583fe3a2e81e14abbef6917f25129,60.15432,24.9211,0000000019fb59c4,27.28
36,2019-08-01T05:07:00Z,b5fd6b317890e5ab2d79e2cd1abe61626d45a753c7337d0d40728898,60.16762,24.95415,000000006b44cce7,11.7
37,2019-08-01T05:07:00Z,ba42c72ea7c2663b3ea5044faf12173ab18e523dc35de0e24bf374ac,60.16544,24.95398,0000000038d83d41,25.36
38,2019-08-01T05:07:00Z,ba69f08655251906a87fc162dea2d1eae4815dbe0413c0d0cea8c59d,60.17002,24.94407,000000006b087f40,23.56
39,2019-08-01T05:07:00Z,c13fecdae771ff79ec6d69d2ab671365c470b1ce294ffa25b12356e8,60.16897,24.95222,00000000aa852af1,25.36
40,2019-08-01T05:07:00Z,c40c37def6bf11a63a2556519a7c6233fd417cdeea2cf14f28e7c42c,60.16531,24.9442,00000000fdda10fe,10.78
41,2019-08-01T05:07:00Z,ce197d5eedb5498917afe7ca3f7275ffeb191f0c5d050bffa154c1d2,60.16531,24.9442,00000000fdda10fe,36.27
42,2019-08-01T05:07:00Z,ce783d3c1b06378e5c39c25687746a6f88fbb0ff2b36e3405fb61cf8,60.16762,24.95415,000000006b44cce7,27.28
43,2019-08-01T05:07:00Z,cf05623e4d87ce0906c0b0b7dbf53aacc1228016cd27c341228b6e76,60.18203,24.91341,00000000342570c2,17.4
44,2019-08-01T05:07:00Z,d127ead865385b64ae537a703a26be15fae4b5332ce0fbf03d5e0c23,60.1538,24.95595,0000000038bf9618,33.81
45,2019-08-01T05:07:00Z,dd2c9c82cf3737146294aff6f814a1349fb0bc4bedf518715dacbe8f,60.18203,24.91341,00000000342570c2,21.87
46,2019-08-01T05:07:00Z,e8530b27f394203b0e7d711bffc14cb4c9d40ecf9f4d0abeaad3ec66,60.16544,24.95398,0000000038d83d41,18.79
47,2019-08-01T05:07:00Z,eb6cbc362a8e2cbb3447e20b16565015f5e8f6c641fd8cea25ed2f57,60.14947,24.91438,000000004ef3150d,16.1
48,2019-08-01T05:07:00Z,ec72ef080c605e71978aed0d3b5f22c3c3133677a43c614b72eedc6d,60.14699,24.922,00000000a53ed894,14.89
49,2019-08-01T05:07:00Z,ef126d738f33ecb94228624904f678feec53bfbd1f6071d342ad93d4,60.16762,24.95415,000000006b44cce7,23.56
50,2019-08-01T05:07:00Z,f088630d7476dae7d4b7e2bb1f10575f2c89acb4b6e061f3d57c2b40,60.16531,24.9442,00000000fdda10fe,21.87
51,2019-08-01T05:07:00Z,f6609ab1076b1105bb845595a03b41b8fbb282f79c337df5bbc9f841,60.16629,24.95957,00000000fb7600be,21.87
52,2019-08-01T05:07:00Z,f99c5dd8cc08bd2353083d875ce8bc585fb2c2ff8427b90d92f571de,60.1538,24.95595,0000000038bf9618,38.87
53,2019-08-01T05:07:00Z,fb7211251231c86c75d74bedcc00af5a792dd8bfbe59e52f2ee93345,60.17918,24.95141,00000000675d5200,25.36
54,2019-08-01T05:07:00Z,fc4f3a44235f1cfc7b53f14ba2da599976a5a0a220d23b852688e485,60.17919,24.95181,000000007b5207b6,21.87
55,2019-08-01T05:07:00Z,fe57278ff97d8d72233dbc1b495b80d0bdae351ca445a26dda45a1fe,60.14947,24.91438,000000004ef3150d,20.28
56,2019-08-01T05:07:00Z,01593a228d6f104e4df89c02b096a5dc8bbeb86610ceadb9bf7b0987,60.16531,24.9442,00000000fdda10fe,23.56
57,2019-08-01T05:07:00Z,01f04476279cb9b2244b0711e6f936199a7ff1561267bc5ae1d3eae5,60.17919,24.95181,000000007b5207b6,13.75
58,2019-08-01T05:07:00Z,0661d212a81eecd9e876bdbce14f31e8f44a26b0877aaf4f482b3089,60.17065,24.93641,000000000f4919c9,25.36
59,2019-08-01T05:07:00Z,07d09fe57962d8d707a37c778587054cb9449cd88686b52cc3f8e347,60.14947,24.91438,000000004ef3150d,5.91
60,2019-08-01T05:07:00Z,0894d171e8e4d3bc5ea09f95ae296b378dd2016d42a68c9e6337b0a9,60.16531,24.9442,00000000fdda10fe,23.56
61,2019-08-01T05:07:00Z,0c8618890dd1a853ac499c08bb2bc16daff6a52b9dab0dec0f7138c6,60.16531,24.9442,00000000fdda10fe,18.79
62,2019-08-01T05:07:00Z,0df89735201e722b90cdb02acd7212050df67240f88e129ad7028161,60.16762,24.95415,000000006b44cce7,9.12
63,2019-08-01T05:07:00Z,0e692cc8156a8d21239d09a8466fb7ca86a943e888669b2bee0c3fae,60.14947,24.91438,000000004ef3150d,11.7
64,2019-08-01T05:07:00Z,116368d3d11412ef6da21630806fca30affc7a61a65556051dcc9dcb,60.16629,24.95957,00000000fb7600be,18.79
65,2019-08-01T05:07:00Z,11b01e2cc0ff875c84315d33ca6030436d673711c37dcf22c7250549,60.17919,24.95181,000000007b5207b6,21.87
66,2019-08-01T05:07:00Z,1371f3fcecaba1a0c59ae0e58138f2f102733a6255fc1d9f1716b2e0,60.14947,24.91438,000000004ef3150d,7.69
67,2019-08-01T05:07:00Z,1439301962ebda214b791f6fcfd14afba034d7a927d78799c12ad1c2,60.16897,24.95222,00000000aa852af1,11.7
68,2019-08-01T05:07:00Z,146f4b78382aea025a3ee05211e1632889d9321a3f7fb85e9bb7a5bd,60.14947,24.91438,000000004ef3150d,6.46
69,2019-08-01T05:07:00Z,15856a358b63984a9b11ad5e9df7624cb1101c6aeaeaf6243b7c971a,60.16897,24.95222,00000000aa852af1,25.36
70,2019-08-01T05:07:00Z,18ec14b2d63253e4c5bc3b3d67f37d6c844238d89b310fec5e7fa5ae,60.15432,24.9211,0000000019fb59c4,7.05
71,2019-08-01T05:07:00Z,1a5a208497d809b8687afe0ad65c1889256b3f175ff744e6c0b670f3,60.17065,24.93641,000000000f4919c9,25.36
72,2019-08-01T05:07:00Z,1bca92056265535a0ed53a4014439964aea4e99a2c0bdbcb06613ce5,60.16762,24.95415,000000006b44cce7,16.1
73,2019-08-01T05:07:00Z,1cf3c4c63143f205b6179f5d16643367ef077902024a8b9ad515599b,60.16897,24.95222,00000000aa852af1,9.92
74,2019-08-01T05:07:00Z,1e5b2b997afa8af1d86f0e789b20767b846da383f3ceac725e2da2c0,60.14947,24.91438,000000004ef3150d,13.75
75,2019-08-01T05:07:00Z,214176b1ff0677f305752db9771763757159b0ae2845fecf9877b267,60.16762,24.95415,000000006b44cce7,12.69
76,2019-08-01T05:07:00Z,2290e4e2282c749f5d14aefed3731fa5310534ab3721505f06713187,60.16762,24.95415,000000006b44cce7,13.75
77,2019-08-01T05:07:00Z,24c8ae919662aeb3c40b52c7bd4c02288e6c1b542cffd799d325a8b2,60.14947,24.91438,000000004ef3150d,9.92
78,2019-08-01T05:07:00Z,275307574cdd2fd31ca2293271379794220e35d7bab6a77decf54630,60.15432,24.9211,0000000019fb59c4,7.05
79,2019-08-01T05:07:00Z,28fcc745142f493bbbff34d86c32fc99664ff43dec8b1d2859f9be34,60.16762,24.95415,000000006b44cce7,27.28
80,2019-08-01T05:07:00Z,2916b2b63d2c396d6d8c81b314c4af2b787c81229f68ba37e218eedd,60.17002,24.94407,000000006b087f40,20.28
81,2019-08-01T05:07:00Z,2ad406cf85cf4779c909e9104fc5323fad9bb883c2b2fd5c56521ba7,60.16897,24.95222,00000000aa852af1,21.87
82,2019-08-01T05:07:00Z,2c3077b9bf95766c55ba52cc2d553e96138b52a55c4c4f5268833981,60.16829,24.94214,00000000afef4555,18.79
83,2019-08-01T05:07:00Z,3224531d2b2652a5fff015c2ecde644fb6d5000858483c932bed7193,60.14947,24.91438,000000004ef3150d,16.1
84,2019-08-01T05:07:00Z,36fbc74d4f17995ad903cc0621db32f6877450ae696cf3de25281621,60.14947,24.91438,000000004ef3150d,14.89
85,2019-08-01T05:07:00Z,398df6cd465c63e7765867a565e3c65eeddb60cfb62f04f9a574d433,60.16531,24.9442,00000000fdda10fe,16.1
86,2019-08-01T05:07:00Z,39d2883f216c35d8d24d92ae6b8646e4ef71a6fe0a28b2e68c23ca76,60.16762,24.95415,000000006b44cce7,25.36
87,2019-08-01T05:07:00Z,3e23fa2aa02977a4c1c776139f082047355a2fa5868b0f1a6c0d7cd7,60.14947,24.91438,000000004ef3150d,11.7
88,2019-08-01T05:07:00Z,3e31004c3f98c98637d117e35e63a4708869bfeb39c6035af11721f8,60.16629,24.95957,00000000fb7600be,9.92
89,2019-08-01T05:07:00Z,3ec0f09bda5c8e2602e740b73899f00738ce0fb800749ef8c25fa32c,60.14947,24.91438,000000004ef3150d,9.92
90,2019-08-01T05:07:00Z,418d71a59db1ff552abce47f491a136d4eb3a3fc801b67e5e4728eb7,60.14951,24.92138,0000000006dd41f6,21.87
91,2019-08-01T05:07:00Z,4285c0633c5db15825c8a369e9a5692a3a6af42b8a2169a4b8103d96,60.14947,24.91438,000000004ef3150d,9.92
92,2019-08-01T05:07:00Z,4342f79fd43eedc658e5e88f2993318b2b2ee5da6e150efb2fbb0cc8,60.14947,24.91438,000000004ef3150d,3.74
93,2019-08-01T05:07:00Z,4903e9f5453d2e71a5af44754c40a2921d5454d157cd41bb6a985511,60.14699,24.922,00000000a53ed894,21.87
94,2019-08-01T05:07:00Z,4c2087ae6a89f1aaa811498eb79e0246ef1bb5d22592519d1f3df9d4,60.16629,24.95957,00000000fb7600be,14.89
95,2019-08-01T05:07:00Z,4f2ee410fae343924332b7c45d23df66786e3599cf001d739702393e,60.16762,24.95415,000000006b44cce7,20.28
96,2019-08-01T05:07:00Z,504f105f59439e6d67eba7e2bb69f63dea7aba50d66042366ef662c1,60.16762,24.95415,000000006b44cce7,11.7
97,2019-08-01T05:07:00Z,5297efdc8197b944ab181f34275447b5949cb57d48e59619787622c0,60.14947,24.91438,000000004ef3150d,12.69
98,2019-08-01T05:07:00Z,5a0e84a64ad35ce2e3dff0ef15c7cd0ea46cdb53eddb79abe3cfe727,60.14947,24.91438,000000004ef3150d,29.32
99,2019-08-01T05:07:00Z,5aa0076d35b589a313b9506852d2c3b4785f95118c10132dd98ea6d1,60.17002,24.94407,000000006b087f40,18.79
100,2019-08-01T05:07:00Z,5f2ad47a344d7c38f776a106d5de01afd2c85cf86fafa328e91ea03f,60.16629,24.95957,00000000fb7600be,18.79
101,2019-08-01T05:07:00Z,649325bf39f51718595487a7e4b0cf502e657a02f6e43d2034acf106,60.16629,24.95957,00000000fb7600be,16.1
102,2019-08-01T05:07:00Z,65bac8219678c9983081bf6dbde1d6d17e1afd1827dfbb5912e1ae8c,60.16544,24.95398,0000000038d83d41,14.89
103,2019-08-01T05:07:00Z,671f9d77c767acb9f9d791833688903089ee1152c5884dd3dc1279ae,60.16531,24.9442,00000000fdda10fe,20.28
104,2019-08-01T05:07:00Z,6772ec3b2b43800de313517360cc0a5f6859608968256db9d8aa0c43,60.16762,24.95415,000000006b44cce7,18.79
105,2019-08-01T05:07:00Z,6bf25d5a7646292239ab06785c5b031f12ffff009b14ae75d2042652,60.16075,24.95883,00000000f1124bca,31.5
106,2019-08-01T05:07:00Z,6c685001efc801fafb433b43e74a52beafff5f7e1e571831026c038c,60.16897,24.95222,00000000aa852af1,8.38
107,2019-08-01T05:07:00Z,701ebe2f0c93e3d2d5f4c1b9f737199afb3f37f9b49809649903d665,60.16762,24.95415,000000006b44cce7,5.91
108,2019-08-01T05:07:00Z,74cb545f76f0bfc5498607247e26e814276a11ce91f77208054ecbc5,60.17002,24.94407,000000006b087f40,25.36
109,2019-08-01T05:07:00Z,76ef290be4946a495a8754633ccaa16a39ebaef5a136b88bf23d9510,60.16762,24.95415,000000006b44cce7,23.56
110,2019-08-01T05:07:00Z,77eee7442f7da7b853e64b75fa82aced3ce78b7dcbc8f0128d98e04e,60.17919,24.95181,000000007b5207b6,5.91
111,2019-08-01T05:07:00Z,7b94bf2ccba346eaf62cede76172646aef50b07d0b7649eb92a69f70,60.16762,24.95415,000000006b44cce7,16.1
112,2019-08-01T05:07:00Z,7facf1aacd7abb7b48a0c69d0e7762802f85d5bf2aed515b96bfde28,60.16762,24.95415,000000006b44cce7,17.4
113,2019-08-01T05:07:00Z,82c276b4d24253126b13ffa220a12ff6c1c57c5a5c4b4982e98ff89a,60.14699,24.922,00000000a53ed894,21.87
114,2019-08-01T05:07:00Z,85d03042474be3a27f0c565b9be68f2eb853143920517b5b950ccc9e,60.17919,24.95181,000000007b5207b6,2.54
115,2019-08-01T05:07:00Z,86b066ea755e9fd56188a608365c78bc7873db821770bdcfc83ed149,60.16762,24.95415,000000006b44cce7,13.75
116,2019-08-01T05:07:00Z,86b1214321cf3e75a47f44c0549da52e930d66687a684dfc50d3bc7e,60.16629,24.95957,00000000fb7600be,16.1
117,2019-08-01T05:07:00Z,8890d6fac2dfa6a1ca64cd7095fe777f6327c6dcc031b979d4228c5c,60.14947,24.91438,000000004ef3150d,21.87
118,2019-08-01T05:07:00Z,8a6d8f222bac27a45ae94b63822abdb48ba87fceea1ed359f90a34f5,60.16762,24.95415,000000006b44cce7,17.4
119,2019-08-01T05:07:00Z,911868021a496b336c4e9d33187bdd4eb02df979ef63ad6661706723,60.16629,24.95957,00000000fb7600be,13.75
120,2019-08-01T05:07:00Z,91ed4225593387e468b04b1a2c1de67ee3c0c694bcd73ebfe6667afe,60.17919,24.95181,000000007b5207b6,6.46
121,2019-08-01T05:07:00Z,94870e464bc3ac8c298f544fcd1419aa88aabc8ff5967bb136cce0c7,60.17065,24.93641,000000000f4919c9,23.56
122,2019-08-01T05:07:00Z,9584051ff9921e70b956c4a329f155d7db78eb27fc0b37623d619243,60.14699,24.922,00000000a53ed894,10.78
123,2019-08-01T05:07:00Z,96e29614c44de790baba84f3f45a19a9da70f6ef9be744c42214e3eb,60.16762,24.95415,000000006b44cce7,17.4
124,2019-08-01T05:07:00Z,97da5c949022935f7f0e24f9a599eeb02ec1f97694e1018decac8a2d,60.14951,24.92138,0000000006dd41f6,14.89
125,2019-08-01T05:07:00Z,99a026b5100e23129fa529e9a57a3dbc8490dc03b58f2193f03e2dcf,60.14951,24.92138,0000000006dd41f6,5.41
126,2019-08-01T05:07:00Z,9a3d810af3e10a1c674d13f2228245813ae31694d640b8074c26d8c5,60.16897,24.95222,00000000aa852af1,20.28
127,2019-08-01T05:07:00Z,9d30cd57b0a81019f53c1e870ea2e0dc8f3270c6eec42af95b81a362,60.14947,24.91438,000000004ef3150d,20.28
128,2019-08-01T05:07:00Z,9dd9b6d3d565fa3890e9bc1b3a1e41fdd338c777cfd0cc23ed549791,60.14947,24.91438,000000004ef3150d,17.4
129,2019-08-01T05:07:00Z,9e489492589affe11da27279807d3830bbde87250dc8aa9a038f481a,60.14947,24.91438,000000004ef3150d,18.79
130,2019-08-01T05:07:00Z,9e667336a666ccdbc0084e6c8785585293d7a75c275a228f6e37ace4,60.16762,24.95415,000000006b44cce7,27.28
131,2019-08-01T05:07:00Z,a15d887649eedb3629760b88861f9b46647e10579d04b651b4e6fdca,60.14947,24.91438,000000004ef3150d,31.5
132,2019-08-01T05:07:00Z,a59368f3d584c69e7108f2b1200111df955c64415dc0c663f5bff644,60.16531,24.9442,00000000fdda10fe,23.56
133,2019-08-01T05:07:00Z,a6d55993f1588f4aed626fe7cc4b737f18eab50b5f5d0b41b8bf1fc7,60.14947,24.91438,000000004ef3150d,6.46
134,2019-08-01T05:07:00Z,a86c102f289409f6efef56c9b116b4ad52d8e2d7b7ab23a6df2a0675,60.16762,24.95415,000000006b44cce7,4.11
135,2019-08-01T05:07:00Z,a9df27005b1205d1206f837f364769695d0424b9ced473bad126983a,60.16544,24.95398,0000000038d83d41,31.5
136,2019-08-01T05:07:00Z,aa86cdafb65c2c7e64558814851f271dd8bb9def1ac1c217a8d0a845,60.16762,24.95415,000000006b44cce7,16.1
137,2019-08-01T05:07:00Z,ad3ef351102e11119b6d3d5f7e5f252a8e08ebbe2073fe8f5b596543,60.14947,24.91438,000000004ef3150d,17.4
138,2019-08-01T05:07:00Z,b1ef65dfaf1a5bd78aa87196ab064eacf7d2d919e44a2ecc141f63ee,60.16629,24.95957,00000000fb7600be,21.87
139,2019-08-01T05:07:00Z,b4d85727ca82b90936bbdda1f45e778d8f6c449329f4ccd6b3131d73,60.17918,24.95141,00000000675d5200,20.28
140,2019-08-01T05:07:00Z,b610b10aae9cae3c23f61f75427fea3d77b7f5986c78dfe72031608c,60.16762,24.95415,000000006b44cce7,2.3
141,2019-08-01T05:07:00Z,b7c89bb541d7099a8c073c1c661e915173ab3fc6886eea3ed5689791,60.16762,24.95415,000000006b44cce7,16.1
142,2019-08-01T05:07:00Z,b7e44e4d917809b5fd2a9dc7b5a9bcf7a69d424341f0d15a11edd16a,60.16762,24.95415,000000006b44cce7,17.4
143,2019-08-01T05:07:00Z,b7f603e8b2e8afa207c5dfca78b4fc4016a6bdbb2ee17b9c66aaef7c,60.14947,24.91438,000000004ef3150d,11.7
144,2019-08-01T05:07:00Z,b82e314339cb261be1fde9621840aa5885a8277934a23e99f9ded33f,60.14947,24.91438,000000004ef3150d,17.4
145,2019-08-01T05:07:00Z,bc5aef3b8aa860bf895f2aad04ba0117d3e6b86504c7e64cff96d7fe,60.16531,24.9442,00000000fdda10fe,13.75
146,2019-08-01T05:07:00Z,bf17a447b89de15b1f3fea6f674d382cfa3c390e1a0d59a8de6ba28d,60.16762,24.95415,000000006b44cce7,12.69
147,2019-08-01T05:07:00Z,bf99f5daab055187360cb8e057e5049b6a29efc5aa4fd7b27b17a56b,60.16629,24.95957,00000000fb7600be,9.12
148,2019-08-01T05:07:00Z,c0a0ca3433586ed2ae0e448f2406fabac7292ac79d49562e0bd5cef8,60.16762,24.95415,000000006b44cce7,27.28
149,2019-08-01T05:07:00Z,c0af8cb5b781607596d233fa4050dd85179b0f811f3342641c43ca70,60.14947,24.91438,000000004ef3150d,10.78
150,2019-08-01T05:07:00Z,c17224f2be1326c89225d7cc0001a5f3b8ea94c10bbd7007cfbb1e11,60.14947,24.91438,000000004ef3150d,9.92
151,2019-08-01T05:07:00Z,c2bfe53c57304cf69769fe00983d44719e4f180eb97de916e30572a8,60.16531,24.9442,00000000fdda10fe,23.56
152,2019-08-01T05:07:00Z,c32f0c0c238a3acd9dc579fc42b97aa2e4e3b3cff2d3aefd41ea5f7a,60.14947,24.91438,000000004ef3150d,13.75
153,2019-08-01T05:07:00Z,c3a5c10c7668c30816c6f1e1237c96ab4ba53d9c7388dbe521c5bc45,60.16829,24.94214,00000000afef4555,27.28
154,2019-08-01T05:07:00Z,c5b1ebbc71f7a611a7415c126514bc92963d32b056ba093526802475,60.16762,24.95415,000000006b44cce7,17.4
155,2019-08-01T05:07:00Z,c6a36a39f0b7cc414acdea01d1233fd4481a62dda27f92c67ba8be87,60.15432,24.9211,0000000019fb59c4,18.79
156,2019-08-01T05:07:00Z,c72ed27c6e76c5f023d59fcaadb7e5d75db7a12cecf09c1bc9e3bac9,60.14947,24.91438,000000004ef3150d,4.5
157,2019-08-01T05:07:00Z,c7c51873b4133f49887e9b8a9a4ea674d6ac79577aaba5ef84182837,60.17002,24.94407,000000006b087f40,14.89
158,2019-08-01T05:07:00Z,c8da038dbc41a7a0be5f3caf0c5ac817d4d04964003f81aa51d012d7,60.14947,24.91438,000000004ef3150d,9.12
159,2019-08-01T05:07:00Z,c9ce14e0dbf0cf3c24f6a92a1930fa32de9a1de0ffe63082ccddb0d6,60.16448,24.97323,0000000053c6c2be,20.28
160,2019-08-01T05:07:00Z,d1132e1d320da21537de1e985ab90865f55aeb0b53a5b90409fbc37c,60.14947,24.91438,000000004ef3150d,14.89
161,2019-08-01T05:07:00Z,d2d97b414472c6d29b6448d92a37441db356d260551194d78f952ad3,60.14947,24.91438,000000004ef3150d,7.69
162,2019-08-01T05:07:00Z,d7b4b60c093541239260a0e0aefc8ddd9af83ab3c4b78ece6bc26bb2,60.16762,24.95415,000000006b44cce7,16.1
163,2019-08-01T05:07:00Z,d80d3702a5888cd029a4fadf924065ceacbef559466475ed6e41474b,60.14947,24.91438,000000004ef3150d,9.12
164,2019-08-01T05:07:00Z,dae434d100acd5efcd7d94b3d1822427ab252896caeee8bce6a8ad75,60.16629,24.95957,00000000fb7600be,16.1
165,2019-08-01T05:07:00Z,dd15bad648ab2704c333fe7776afe14fcfcd541d39a99a9f3b3f9a8e,60.16897,24.95222,00000000aa852af1,20.28
166,2019-08-01T05:07:00Z,ddc66f45c3c66ac3b725be49063da62a9aa8ca4dfa62ead61e8a4784,60.16629,24.95957,00000000fb7600be,13.75
167,2019-08-01T05:07:00Z,ddc801a50a9a89890709a9db86e347045d9ca8eddef34fa8d2bd6ec1,60.14947,24.91438,000000004ef3150d,7.69
168,2019-08-01T05:07:00Z,ddfbb534d4503c563fd12c026a7d068f4f7a8cc7a8cf44cd54fd97cb,60.1638,24.96846,00000000d747f075,33.81
169,2019-08-01T05:07:00Z,de246548c54f18219473def5563a05c26be22d19f3df1d9c4e417320,60.16762,24.95415,000000006b44cce7,18.79
170,2019-08-01T05:07:00Z,e005c23f2c6dde272f0afdc9d05021b03f5f2d3d9400b7e28a2b1d3c,60.14947,24.91438,000000004ef3150d,12.69
171,2019-08-01T05:07:00Z,e231d81e45d3fb1ddb4ac5b83a3130fd3dc0d55583b12ba28ad5e468,60.17919,24.95181,000000007b5207b6,10.78
172,2019-08-01T05:07:00Z,e4b9cb94b4ee41b101cb93636c5d677a1e45812e1675f218f5fa2cec,60.14947,24.91438,000000004ef3150d,11.7
173,2019-08-01T05:07:00Z,eb969d811e9bb9df02bde9154a663e0f77dac14775749938bdcbb9ca,60.16629,24.95957,00000000fb7600be,14.89
174,2019-08-01T05:07:00Z,edeff64266c34ea90c594fb9a9dfde57d91ddf7a3d218aff74bd8eb8,60.16897,24.95222,00000000aa852af1,29.32
175,2019-08-01T05:07:00Z,efe4cc65c1b7e062b6926b4b3f7482d17d29d74963924cb16d695d18,60.14947,24.91438,000000004ef3150d,14.89
176,2019-08-01T05:07:00Z,f0e5d20499e11043a87a2620eb1dd8961f693e3c4d0c6d4f0c1d1b53,60.16629,24.95957,00000000fb7600be,14.89
177,2019-08-01T05:07:00Z,f455e397523c83364dfe60bb4df8785f675d5894aa538025ab4df9f4,60.16762,24.95415,000000006b44cce7,14.89
178,2019-08-01T05:07:00Z,f50f4fe3aced72d94382a26938766f7870600c66204437d28e360f34,60.14947,24.91438,000000004ef3150d,17.4
179,2019-08-01T05:07:00Z,f7adfec0f2afb4311798f5b8f7bbd5abbf68d0b2795e24c9ea584fbf,60.16762,24.95415,000000006b44cce7,9.92
180,2019-08-01T05:07:00Z,f814230c10bc6d00d08074e45986c6f6f4470c0e46c10f69f791192b,60.16897,24.95222,00000000aa852af1,14.89
181,2019-08-01T05:07:00Z,f8a98bb5b4d1edb5d97f1f3f0f423cbb4e854286ed801bc23012dbd0,60.15133,24.92329,00000000e8a064a4,27.28
182,2019-08-01T05:07:00Z,f8ef260b0a853f6335deb0d163545a7c176e09c353b0def29e9d83c8,60.15432,24.9211,0000000019fb59c4,7.69
183,2019-08-01T05:07:00Z,fd30b66734217247a078a83bb94e278ba8e0c8a1245efbf00b1d778c,60.16762,24.95415,000000006b44cce7,4.5
184,2019-08-01T05:07:00Z,fe587658832396c80255ecb6745ae169b5119f78b8dfcabb3be72f5d,60.16829,24.94214,00000000afef4555,20.28
185,2019-08-01T05:07:00Z,ff0ff90b02d27578119b3481e0da3a8e73f4f21e3133076b2212d549,60.14947,24.91438,000000004ef3150d,10.78
186,2019-08-01T05:07:01Z,13534bdb1a63172c26bac1dae02585e89f6eeefc9e39c550db0d256c,60.16762,24.95415,000000006b44cce7,33.81
187,2019-08-01T05:07:01Z,144afc51fc2443c7031a2912566eff2ce60226a49d6d2bd7c2923700,60.16544,24.95398,0000000038d83d41,23.56
188,2019-08-01T05:07:01Z,14c7e1511b70f4dd3359cbece1377aebb4d70531f5489eefe53d7c3c,60.16544,24.95398,0000000038d83d41,20.28
189,2019-08-01T05:07:01Z,15918569de0a46a8eb56b43d8d39f7fc82619ff1006f00822c85745c,60.17919,24.95181,000000007b5207b6,5.91
190,2019-08-01T05:07:01Z,165ebbb4090d47319ae370f0d0854fdc1f6b79499f8b2e4d3c3533c0,60.16544,24.95398,0000000038d83d41,23.56
191,2019-08-01T05:07:01Z,1f0f0628cdc688d76bde2b82bee5b9b4916bf0bbdfe76cf3213e1c65,60.15432,24.9211,0000000019fb59c4,23.56
192,2019-08-01T05:07:01Z,2a93b61a3863ace54349d7a0937e4134fcc6d4dfcf064eefae2b7cf8,60.15432,24.9211,0000000019fb59c4,23.56
193,2019-08-01T05:07:01Z,2dd6ca2c889266702d554569764346cf583b74b0890b10e00ecd4f82,60.16544,24.95398,0000000038d83d41,23.56
194,2019-08-01T05:07:01Z,351f44e773650f6c4a68cd25c338d2bf5d9a1b20942961befe3b3f11,60.16448,24.97323,0000000053c6c2be,17.4
195,2019-08-01T05:07:01Z,384b4d96a26aae32d2af0c0f637cb59cc8470a36445623930229d524,60.16897,24.95222,00000000aa852af1,18.79
196,2019-08-01T05:07:01Z,427140db094a88d1033f8ee0e16865b0ca63c0d06e0aacf4d81cd1ea,60.17002,24.94407,000000006b087f40,21.87
197,2019-08-01T05:07:01Z,43b676ed3aef4c2d8846694817e76117873be52e7f788e0cb366c1c4,60.16629,24.95957,00000000fb7600be,23.56
198,2019-08-01T05:07:01Z,4abec48b53c4d82dc781a50af0676249c9d08be31b608a3f378109a6,60.1538,24.95595,0000000038bf9618,27.28
199,2019-08-01T05:07:01Z,4b84d794b4efac03294747e68f2120b71275e279197988b75a514274,60.14947,24.91438,000000004ef3150d,18.79
200,2019-08-01T05:07:01Z,59107c0fb745e0aacace35f3eb6888e9aa1cace3ca066219be32fe54,60.16897,24.95222,00000000aa852af1,16.1
201,2019-08-01T05:07:01Z,5b4e7343b536dcb21bf9b3efc94be6a1971886140d313adb0124768b,60.16829,24.94214,00000000afef4555,38.87
202,2019-08-01T05:07:01Z,5d65719c4cbf045f068d084b72302f447d5fd034413d97d13be00d0e,60.18203,24.91341,00000000342570c2,17.4
203,2019-08-01T05:07:01Z,6a657079c1bdc8114c289be1ddd83e5846d4279a920d1697b8ff0033,60.18203,24.91341,00000000342570c2,20.28
204,2019-08-01T05:07:01Z,6bc875bb0f7bf4e5bc525aebc02f9c4e64a1da3433acb4c88d4cca5f,60.14947,24.91438,000000004ef3150d,18.79
205,2019-08-01T05:07:01Z,6d22b751ff5173035dc85c52c3dff0780126adae67fe33dc62dd45ef,60.16531,24.9442,00000000fdda10fe,25.36
206,2019-08-01T05:07:01Z,747f2d1ebff218c0ebbdc0fdaef4cbe56633dfb46ae1b1f8c8142201,60.16762,24.95415,000000006b44cce7,16.1
207,2019-08-01T05:07:01Z,79f136afa0dd8717337c01c70b457c464aaf0fa25b440f51a394ec23,60.16762,24.95415,000000006b44cce7,20.28
208,2019-08-01T05:07:01Z,84fdfd8881f633c5f0c71c1480053953ca4b05e848052d97c063ad38,60.1538,24.95595,0000000038bf9618,25.36
209,2019-08-01T05:07:01Z,87dfaad29a9276ddddb1fa021d3bc23ad14824c1af16f7d87e713689,60.14951,24.92138,0000000006dd41f6,7.69
210,2019-08-01T05:07:01Z,8c75c3289c84fe4493e1e272a77b615fe1985880c5dc68a7c1a17b53,60.16762,24.95415,000000006b44cce7,12.69
211,2019-08-01T05:07:01Z,8cc6ddaa460aeae8cc9e8a33f91a01c8cd4c0c8bf8a943210a28c84d,60.1538,24.95595,0000000038bf9618,20.28
212,2019-08-01T05:07:01Z,91d3b80de4439a4a49ddb8a04d72a0a2ec6c08f351d70232842af567,60.16762,24.95415,000000006b44cce7,23.56
213,2019-08-01T05:07:01Z,9843c6216661048343a0e49cf3d8aa2883cf77f452666a1c873a1052,60.16448,24.97323,0000000053c6c2be,13.75
214,2019-08-01T05:07:01Z,9d03d14afa49576281aa26db60e517f7c1ec8aa36f7756959a860a8a,60.16629,24.95957,00000000fb7600be,10.78
215,2019-08-01T05:07:01Z,9d5da91dad893b62eea6f22a7092dd0552c6d3bf33f4c6110326b208,60.16897,24.95222,00000000aa852af1,38.87
216,2019-08-01T05:07:01Z,a9da1ee82e3b670e276c26b483dd50f4a6d0c6f77ef82245d3ae6086,60.18203,24.91341,00000000342570c2,11.7
217,2019-08-01T05:07:01Z,af39edf2bb940054e6f0ba41fbd2dda73c80369a5559082bdc868dc6,60.16762,24.95415,000000006b44cce7,16.1
218,2019-08-01T05:07:01Z,b33ae7715d6d2571066655c2c8954a5a364b5601869047de83410d9f,60.16629,24.95957,00000000fb7600be,25.36
219,2019-08-01T05:07:01Z,b4faf2d3c4d2b199afeab6ab63b583fe3a2e81e14abbef6917f25129,60.15432,24.9211,0000000019fb59c4,25.36
220,2019-08-01T05:07:01Z,b5fd6b317890e5ab2d79e2cd1abe61626d45a753c7337d0d40728898,60.16762,24.95415,000000006b44cce7,9.92
221,2019-08-01T05:07:01Z,ba42c72ea7c2663b3ea5044faf12173ab18e523dc35de0e24bf374ac,60.16544,24.95398,0000000038d83d41,36.27
222,2019-08-01T05:07:01Z,ce783d3c1b06378e5c39c25687746a6f88fbb0ff2b36e3405fb61cf8,60.16762,24.95415,000000006b44cce7,16.1
223,2019-08-01T05:07:01Z,cf05623e4d87ce0906c0b0b7dbf53aacc1228016cd27c341228b6e76,60.18203,24.91341,00000000342570c2,18.79
224,2019-08-01T05:07:01Z,d127ead865385b64ae537a703a26be15fae4b5332ce0fbf03d5e0c23,60.1538,24.95595,0000000038bf9618,29.32
225,2019-08-01T05:07:01Z,dd2c9c82cf3737146294aff6f814a1349fb0bc4bedf518715dacbe8f,60.18203,24.91341,00000000342570c2,23.56
226,2019-08-01T05:07:01Z,e8530b27f394203b0e7d711bffc14cb4c9d40ecf9f4d0abeaad3ec66,60.16544,24.95398,0000000038d83d41,17.4
227,2019-08-01T05:07:01Z,eb6cbc362a8e2cbb3447e20b16565015f5e8f6c641fd8cea25ed2f57,60.14947,24.91438,000000004ef3150d,17.4
228,2019-08-01T05:07:01Z,ec72ef080c605e71978aed0d3b5f22c3c3133677a43c614b72eedc6d,60.14699,24.922,00000000a53ed894,17.4
229,2019-08-01T05:07:01Z,ed70dda6b7faebd4340dacdb452ab224d9d3c308df417b7fa76f54e8,60.15133,24.92329,00000000e8a064a4,36.27
230,2019-08-01T05:07:01Z,f088630d7476dae7d4b7e2bb1f10575f2c89acb4b6e061f3d57c2b40,60.16531,24.9442,00000000fdda10fe,17.4
231,2019-08-01T05:07:01Z,f6609ab1076b1105bb845595a03b41b8fbb282f79c337df5bbc9f841,60.16629,24.95957,00000000fb7600be,23.56
232,2019-08-01T05:07:01Z,f7e57a5d0d71a1d49cbb4adaff9d131698ea0d51404053b4b9d29c85,60.14947,24.91438,000000004ef3150d,20.28
233,2019-08-01T05:07:01Z,fc4f3a44235f1cfc7b53f14ba2da599976a5a0a220d23b852688e485,60.17919,24.95181,000000007b5207b6,21.87
234,2019-08-01T05:07:01Z,fe57278ff97d8d72233dbc1b495b80d0bdae351ca445a26dda45a1fe,60.14947,24.91438,000000004ef3150d,27.28
235,2019-08-01T05:07:01Z,01593a228d6f104e4df89c02b096a5dc8bbeb86610ceadb9bf7b0987,60.16531,24.9442,00000000fdda10fe,20.28
236,2019-08-01T05:07:01Z,01f04476279cb9b2244b0711e6f936199a7ff1561267bc5ae1d3eae5,60.17918,24.95141,00000000675d5200,9.12
237,2019-08-01T05:07:01Z,074638205c93b776f8f5a0bbacecd480329f7c1a1fb6b5daeb48d6dd,60.16762,24.95415,000000006b44cce7,18.79
238,2019-08-01T05:07:01Z,07d09fe57962d8d707a37c778587054cb9449cd88686b52cc3f8e347,60.14947,24.91438,000000004ef3150d,5.91
239,2019-08-01T05:07:01Z,0894d171e8e4d3bc5ea09f95ae296b378dd2016d42a68c9e6337b0a9,60.16531,24.9442,00000000fdda10fe,12.69
240,2019-08-01T05:07:01Z,0df89735201e722b90cdb02acd7212050df67240f88e129ad7028161,60.16762,24.95415,000000006b44cce7,11.7
241,2019-08-01T05:07:01Z,0e692cc8156a8d21239d09a8466fb7ca86a943e888669b2bee0c3fae,60.14947,24.91438,000000004ef3150d,6.46
242,2019-08-01T05:07:01Z,116368d3d11412ef6da21630806fca30affc7a61a65556051dcc9dcb,60.16629,24.95957,00000000fb7600be,14.89
243,2019-08-01T05:07:01Z,11b01e2cc0ff875c84315d33ca6030436d673711c37dcf22c7250549,60.17919,24.95181,000000007b5207b6,25.36
244,2019-08-01T05:07:01Z,12afca792a5554a146af588580e1b6da5ed9c2be05b53fdec80ebd69,60.149,24.9843,00000000fffb8cf0,23.56
245,2019-08-01T05:07:01Z,1371f3fcecaba1a0c59ae0e58138f2f102733a6255fc1d9f1716b2e0,60.14947,24.91438,000000004ef3150d,10.78
246,2019-08-01T05:07:01Z,1439301962ebda214b791f6fcfd14afba034d7a927d78799c12ad1c2,60.16897,24.95222,00000000aa852af1,16.1
247,2019-08-01T05:07:01Z,146f4b78382aea025a3ee05211e1632889d9321a3f7fb85e9bb7a5bd,60.14947,24.91438,000000004ef3150d,4.94
248,2019-08-01T05:07:01Z,15856a358b63984a9b11ad5e9df7624cb1101c6aeaeaf6243b7c971a,60.16897,24.95222,00000000aa852af1,27.28
249,2019-08-01T05:07:01Z,18ec14b2d63253e4c5bc3b3d67f37d6c844238d89b310fec5e7fa5ae,60.15432,24.9211,0000000019fb59c4,20.28
250,2019-08-01T05:07:01Z,1bca92056265535a0ed53a4014439964aea4e99a2c0bdbcb06613ce5,60.16762,24.95415,000000006b44cce7,14.89
251,2019-08-01T05:07:01Z,1cf3c4c63143f205b6179f5d16643367ef077902024a8b9ad515599b,60.16897,24.95222,00000000aa852af1,10.78
252,2019-08-01T05:07:01Z,1e5b2b997afa8af1d86f0e789b20767b846da383f3ceac725e2da2c0,60.14947,24.91438,000000004ef3150d,9.92
253,2019-08-01T05:07:01Z,1ecbc7c6afe89033252e5510cbb893666af2b3bc29f555a3a6287fdb,60.14951,24.92138,0000000006dd41f6,3.4
254,2019-08-01T05:07:01Z,204e92a2ab9731c04fd137931ee7d6464c1557f3324f0d2a7af92349,60.14947,24.91438,000000004ef3150d,20.28
255,2019-08-01T05:07:01Z,214176b1ff0677f305752db9771763757159b0ae2845fecf9877b267,60.16762,24.95415,000000006b44cce7,13.75
256,2019-08-01T05:07:01Z,24c8ae919662aeb3c40b52c7bd4c02288e6c1b542cffd799d325a8b2,60.14947,24.91438,000000004ef3150d,13.75
257,2019-08-01T05:07:01Z,275307574cdd2fd31ca2293271379794220e35d7bab6a77decf54630,60.15432,24.9211,0000000019fb59c4,12.69
258,2019-08-01T05:07:01Z,28fcc745142f493bbbff34d86c32fc99664ff43dec8b1d2859f9be34,60.16762,24.95415,000000006b44cce7,18.79
259,2019-08-01T05:07:01Z,2916b2b63d2c396d6d8c81b314c4af2b787c81229f68ba37e218eedd,60.17002,24.94407,000000006b087f40,20.28
260,2019-08-01T05:07:01Z,2c3077b9bf95766c55ba52cc2d553e96138b52a55c4c4f5268833981,60.16829,24.94214,00000000afef4555,18.79
261,2019-08-01T05:07:01Z,3224531d2b2652a5fff015c2ecde644fb6d5000858483c932bed7193,60.14947,24.91438,000000004ef3150d,12.69
262,2019-08-01T05:07:01Z,3310cc0c77c95b668f238b54bf8ba9d548d4583e1157bc58407206c7,60.16762,24.95415,000000006b44cce7,13.75
263,2019-08-01T05:07:01Z,36fbc74d4f17995ad903cc0621db32f6877450ae696cf3de25281621,60.14947,24.91438,000000004ef3150d,17.4
264,2019-08-01T05:07:01Z,398df6cd465c63e7765867a565e3c65eeddb60cfb62f04f9a574d433,60.16531,24.9442,00000000fdda10fe,11.7
265,2019-08-01T05:07:01Z,39d2883f216c35d8d24d92ae6b8646e4ef71a6fe0a28b2e68c23ca76,60.16762,24.95415,000000006b44cce7,14.89
266,2019-08-01T05:07:01Z,3e23fa2aa02977a4c1c776139f082047355a2fa5868b0f1a6c0d7cd7,60.14947,24.91438,000000004ef3150d,21.87
267,2019-08-01T05:07:01Z,3e31004c3f98c98637d117e35e63a4708869bfeb39c6035af11721f8,60.16629,24.95957,00000000fb7600be,10.78
268,2019-08-01T05:07:01Z,3ec0f09bda5c8e2602e740b73899f00738ce0fb800749ef8c25fa32c,60.14947,24.91438,000000004ef3150d,11.7
269,2019-08-01T05:07:01Z,418d71a59db1ff552abce47f491a136d4eb3a3fc801b67e5e4728eb7,60.14951,24.92138,0000000006dd41f6,23.56
270,2019-08-01T05:07:01Z,42844e90c7134ebb3ec325f57cd27cd24711c779548ebc8692a820d5,60.14951,24.92138,0000000006dd41f6,3.4
271,2019-08-01T05:07:01Z,4285c0633c5db15825c8a369e9a5692a3a6af42b8a2169a4b8103d96,60.14947,24.91438,000000004ef3150d,2.8
272,2019-08-01T05:07:01Z,4342f79fd43eedc658e5e88f2993318b2b2ee5da6e150efb2fbb0cc8,60.14947,24.91438,000000004ef3150d,1.88
273,2019-08-01T05:07:01Z,478830e26b1b9314c3f35b4ca62aba9828872733abbc7f32b78daac3,60.16531,24.9442,00000000fdda10fe,31.5
274,2019-08-01T05:07:01Z,4903e9f5453d2e71a5af44754c40a2921d5454d157cd41bb6a985511,60.14699,24.922,00000000a53ed894,18.79
275,2019-08-01T05:07:01Z,4bb24c9ae308a43b85976631982c4a7ef3c3a8c2efc6d6e5cc54112e,60.14947,24.91438,000000004ef3150d,12.69
276,2019-08-01T05:07:01Z,4c2087ae6a89f1aaa811498eb79e0246ef1bb5d22592519d1f3df9d4,60.16629,24.95957,00000000fb7600be,11.7
277,2019-08-01T05:07:01Z,4f2ee410fae343924332b7c45d23df66786e3599cf001d739702393e,60.16762,24.95415,000000006b44cce7,14.89
278,2019-08-01T05:07:01Z,504f105f59439e6d67eba7e2bb69f63dea7aba50d66042366ef662c1,60.16762,24.95415,000000006b44cce7,5.91
279,2019-08-01T05:07:01Z,5297efdc8197b944ab181f34275447b5949cb57d48e59619787622c0,60.14947,24.91438,000000004ef3150d,11.7
280,2019-08-01T05:07:01Z,5f2ad47a344d7c38f776a106d5de01afd2c85cf86fafa328e91ea03f,60.16629,24.95957,00000000fb7600be,27.28
281,2019-08-01T05:07:01Z,5f422048a078331bb397fd8c7b727e58d63fae049897eb8def68b73a,60.149,24.9843,00000000fffb8cf0,23.56
282,2019-08-01T05:07:01Z,6109ecf340efb51cf5fe6552d3a5669d6498853238488bc6660cfeec,60.16762,24.95415,000000006b44cce7,7.69
283,2019-08-01T05:07:01Z,649325bf39f51718595487a7e4b0cf502e657a02f6e43d2034acf106,60.16629,24.95957,00000000fb7600be,17.4
284,2019-08-01T05:07:01Z,660ed791474b4713aace006f54dba0fba97a405bb228d6ddf3453164,60.16762,24.95415,000000006b44cce7,25.36
285,2019-08-01T05:07:01Z,671f9d77c767acb9f9d791833688903089ee1152c5884dd3dc1279ae,60.16531,24.9442,00000000fdda10fe,9.12
286,2019-08-01T05:07:01Z,6bf25d5a7646292239ab06785c5b031f12ffff009b14ae75d2042652,60.16075,24.95883,00000000f1124bca,33.81
287,2019-08-01T05:07:01Z,6c685001efc801fafb433b43e74a52beafff5f7e1e571831026c038c,60.16897,24.95222,00000000aa852af1,7.69
288,2019-08-01T05:07:01Z,701ebe2f0c93e3d2d5f4c1b9f737199afb3f37f9b49809649903d665,60.16762,24.95415,000000006b44cce7,6.46
289,2019-08-01T05:07:01Z,7076399e2a95d603b988192c320f1c827f2c64ab7fc1aaba1ca50be5,60.14947,24.91438,000000004ef3150d,9.92
290,2019-08-01T05:07:01Z,75b555c80395f77309cb184c5ce7ee47a895b70c345181b5e3e96edd,60.14947,24.91438,000000004ef3150d,18.79
291,2019-08-01T05:07:01Z,77eee7442f7da7b853e64b75fa82aced3ce78b7dcbc8f0128d98e04e,60.17919,24.95181,000000007b5207b6,5.41
292,2019-08-01T05:07:01Z,7b94bf2ccba346eaf62cede76172646aef50b07d0b7649eb92a69f70,60.16762,24.95415,000000006b44cce7,16.1
293,2019-08-01T05:07:01Z,7facf1aacd7abb7b48a0c69d0e7762802f85d5bf2aed515b96bfde28,60.16762,24.95415,000000006b44cce7,25.36
294,2019-08-01T05:07:01Z,8072c7a4f3c8fc44f5cc470c25e62219ea82498cbf2000aa8ed7ddc6,60.16629,24.95957,00000000fb7600be,27.28
295,2019-08-01T05:07:01Z,82c276b4d24253126b13ffa220a12ff6c1c57c5a5c4b4982e98ff89a,60.14699,24.922,00000000a53ed894,25.36
296,2019-08-01T05:07:01Z,85d03042474be3a27f0c565b9be68f2eb853143920517b5b950ccc9e,60.17919,24.95181,000000007b5207b6,2.8
297,2019-08-01T05:07:01Z,86b1214321cf3e75a47f44c0549da52e930d66687a684dfc50d3bc7e,60.16629,24.95957,00000000fb7600be,18.79
298,2019-08-01T05:07:01Z,8890d6fac2dfa6a1ca64cd7095fe777f6327c6dcc031b979d4228c5c,60.14947,24.91438,000000004ef3150d,14.89
299,2019-08-01T05:07:01Z,8a6d8f222bac27a45ae94b63822abdb48ba87fceea1ed359f90a34f5,60.16762,24.95415,000000006b44cce7,16.1
300,2019-08-01T05:07:01Z,911868021a496b336c4e9d33187bdd4eb02df979ef63ad6661706723,60.16629,24.95957,00000000fb7600be,12.69
301,2019-08-01T05:07:01Z,91ed4225593387e468b04b1a2c1de67ee3c0c694bcd73ebfe6667afe,60.17919,24.95181,000000007b5207b6,10.78
302,2019-08-01T05:07:01Z,940071e6dcc9f39450a88e66345666d1e920ea6e994ed4e5fb759586,60.16762,24.95415,000000006b44cce7,14.89
303,2019-08-01T05:07:01Z,94870e464bc3ac8c298f544fcd1419aa88aabc8ff5967bb136cce0c7,60.17065,24.93641,000000000f4919c9,21.87
304,2019-08-01T05:07:01Z,9584051ff9921e70b956c4a329f155d7db78eb27fc0b37623d619243,60.14699,24.922,00000000a53ed894,17.4
305,2019-08-01T05:07:01Z,99a026b5100e23129fa529e9a57a3dbc8490dc03b58f2193f03e2dcf,60.14951,24.92138,0000000006dd41f6,5.41
306,2019-08-01T05:07:01Z,9a3d810af3e10a1c674d13f2228245813ae31694d640b8074c26d8c5,60.16897,24.95222,00000000aa852af1,11.7
307,2019-08-01T05:07:01Z,9c571815e1bea0d68283c0195ce12879d958f6df016791cb8c64bb2b,60.16762,24.95415,000000006b44cce7,14.89
308,2019-08-01T05:07:01Z,9e489492589affe11da27279807d3830bbde87250dc8aa9a038f481a,60.14947,24.91438,000000004ef3150d,18.79
309,2019-08-01T05:07:01Z,9e667336a666ccdbc0084e6c8785585293d7a75c275a228f6e37ace4,60.16762,24.95415,000000006b44cce7,8.38
310,2019-08-01T05:07:01Z,a15d887649eedb3629760b88861f9b46647e10579d04b651b4e6fdca,60.14947,24.91438,000000004ef3150d,20.28
311,2019-08-01T05:07:01Z,a5571af4ae137dbc40dd04eee1e9804669143a8b39faef64c596d021,60.16762,24.95415,000000006b44cce7,17.4
312,2019-08-01T05:07:01Z,a59368f3d584c69e7108f2b1200111df955c64415dc0c663f5bff644,60.16531,24.9442,00000000fdda10fe,25.36
313,2019-08-01T05:07:01Z,a6d55993f1588f4aed626fe7cc4b737f18eab50b5f5d0b41b8bf1fc7,60.14947,24.91438,000000004ef3150d,8.38
314,2019-08-01T05:07:01Z,aa86cdafb65c2c7e64558814851f271dd8bb9def1ac1c217a8d0a845,60.16762,24.95415,000000006b44cce7,17.4
315,2019-08-01T05:07:01Z,ad3ef351102e11119b6d3d5f7e5f252a8e08ebbe2073fe8f5b596543,60.14947,24.91438,000000004ef3150d,7.05
316,2019-08-01T05:07:01Z,b2286cf68739cd2dc76d4af1fae2a68f1b9cc2189ace3c229721d2d6,60.17002,24.94407,000000006b087f40,31.5
317,2019-08-01T05:07:01Z,b4d85727ca82b90936bbdda1f45e778d8f6c449329f4ccd6b3131d73,60.17918,24.95141,00000000675d5200,21.87
318,2019-08-01T05:07:01Z,b610b10aae9cae3c23f61f75427fea3d77b7f5986c78dfe72031608c,60.16762,24.95415,000000006b44cce7,6.46
319,2019-08-01T05:07:01Z,b6cde4cf533c029172886d7f66e61b298a379d5ca42d4e71db30396c,60.16762,24.95415,000000006b44cce7,14.89
320,2019-08-01T05:07:01Z,b7f603e8b2e8afa207c5dfca78b4fc4016a6bdbb2ee17b9c66aaef7c,60.14947,24.91438,000000004ef3150d,12.69
321,2019-08-01T05:07:01Z,b82e314339cb261be1fde9621840aa5885a8277934a23e99f9ded33f,60.14947,24.91438,000000004ef3150d,10.78
322,2019-08-01T05:07:01Z,bc5aef3b8aa860bf895f2aad04ba0117d3e6b86504c7e64cff96d7fe,60.16531,24.9442,00000000fdda10fe,11.7
323,2019-08-01T05:07:01Z,bf99f5daab055187360cb8e057e5049b6a29efc5aa4fd7b27b17a56b,60.16629,24.95957,00000000fb7600be,9.12
324,2019-08-01T05:07:01Z,c0af8cb5b781607596d233fa4050dd85179b0f811f3342641c43ca70,60.14947,24.91438,000000004ef3150d,13.75
325,2019-08-01T05:07:01Z,c17224f2be1326c89225d7cc0001a5f3b8ea94c10bbd7007cfbb1e11,60.14947,24.91438,000000004ef3150d,21.87
326,2019-08-01T05:07:01Z,c32f0c0c238a3acd9dc579fc42b97aa2e4e3b3cff2d3aefd41ea5f7a,60.14947,24.91438,000000004ef3150d,13.75
