,time,hash,latitude,longitude,serial,distance
0,2019-08-01T01:07:00Z,03e0fc996a589ccdf1871b3c78e089c08c93ba1f2a02d740fb384aac,60.16531,24.9442,00000000fdda10fe,31.5
1,2019-08-01T01:07:00Z,144afc51fc2443c7031a2912566eff2ce60226a49d6d2bd7c2923700,60.16544,24.95398,0000000038d83d41,29.32
2,2019-08-01T01:07:00Z,14c7e1511b70f4dd3359cbece1377aebb4d70531f5489eefe53d7c3c,60.16544,24.95398,0000000038d83d41,21.87
3,2019-08-01T01:07:00Z,165ebbb4090d47319ae370f0d0854fdc1f6b79499f8b2e4d3c3533c0,60.16544,24.95398,0000000038d83d41,29.32
4,2019-08-01T01:07:00Z,297c725b456ef12d2712634b21546721cbe93224d3a5762d897404f2,60.16762,24.95415,000000006b44cce7,18.79
5,2019-08-01T01:07:00Z,2c94897aa62344f630952ad6032f5d7976419125d126b15c1386c8b1,60.16762,24.95415,000000006b44cce7,12.69
6,2019-08-01T01:07:00Z,2dd6ca2c889266702d554569764346cf583b74b0890b10e00ecd4f82,60.16544,24.95398,0000000038d83d41,25.36
7,2019-08-01T01:07:00Z,351f44e773650f6c4a68cd25c338d2bf5d9a1b20942961befe3b3f11,60.16448,24.97323,0000000053c6c2be,17.4
8,2019-08-01T01:07:00Z,384b4d96a26aae32d2af0c0f637cb59cc8470a36445623930229d524,60.16897,24.95222,00000000aa852af1,25.36
9,2019-08-01T01:07:00Z,3bc72eb57b16db26c4c3162f2936a8b53686d231b3cee1a4698e5839,60.16762,24.95415,000000006b44cce7,11.7
10,2019-08-01T01:07:00Z,427140db094a88d1033f8ee0e16865b0ca63c0d06e0aacf4d81cd1ea,60.17002,24.94407,000000006b087f40,23.56
11,2019-08-01T01:07:00Z,43b676ed3aef4c2d8846694817e76117873be52e7f788e0cb366c1c4,60.16629,24.95957,00000000fb7600be,23.56
12,2019-08-01T01:07:00Z,4abec48b53c4d82dc781a50af0676249c9d08be31b608a3f378109a6,60.1538,24.95595,0000000038bf9618,25.36
13,2019-08-01T01:07:00Z,4c5f18f9840338be4b03b398b0729b86a73a469d2e351ffb16a285ba,60.16897,24.95222,00000000aa852af1,27.28
14,2019-08-01T01:07:00Z,5bbb5184fded3e51bc78e45e39917794285e6bbc72da404802a9599a,60.16531,24.9442,00000000fdda10fe,25.36
15,2019-08-01T01:07:00Z,5d65719c4cbf045f068d084b72302f447d5fd034413d97d13be00d0e,60.18203,24.91341,00000000342570c2,21.87
16,2019-08-01T01:07:00Z,6066632ddc94b5c482a2d4f45ed2532e55e3fd63e414a084a596a737,60.16762,24.95415,000000006b44cce7,18.79
17,2019-08-01T01:07:00Z,66dabd3229229330d23c70e9e1737429ddfe69db01f4a6a00f70fa20,60.16762,24.95415,000000006b44cce7,20.28
18,2019-08-01T01:07:00Z,6a657079c1bdc8114c289be1ddd83e5846d4279a920d1697b8ff0033,60.18203,24.91341,00000000342570c2,17.4
19,2019-08-01T01:07:00Z,6b805db93722b9bc795ba65b4418a352128c16588f565243c29cecbf,60.16762,24.95415,000000006b44cce7,23.56
20,2019-08-01T01:07:00Z,6f06341f358e61699fe1e55e986dd0554bc8da28b91daf0c5ad99db6,60.16629,24.95957,00000000fb7600be,21.87
21,2019-08-01T01:07:00Z,6ff437688c444238352c28f64f9d2a7d0f14d19c9ea42c225380501e,60.16762,24.95415,000000006b44cce7,20.28
22,2019-08-01T01:07:00Z,747f2d1ebff218c0ebbdc0fdaef4cbe56633dfb46ae1b1f8c8142201,60.16762,24.95415,000000006b44cce7,12.69
23,2019-08-01T01:07:00Z,7d0fd2fd8adcdcfaf339b328e652c17c58f2c98e7b79448720a37dda,60.16897,24.95222,00000000aa852af1,29.32
24,2019-08-01T01:07:00Z,84fdfd8881f633c5f0c71c1480053953ca4b05e848052d97c063ad38,60.1538,24.95595,0000000038bf9618,21.87
25,2019-08-01T01:07:00Z,87dfaad29a9276ddddb1fa021d3bc23ad14824c1af16f7d87e713689,60.14951,24.92138,0000000006dd41f6,9.12
26,2019-08-01T01:07:00Z,8b0535dd90c15c8fd1b256e7a48369741b0fe9d58f8f05f6e46134b7,60.16544,24.95398,0000000038d83d41,36.27
27,2019-08-01T01:07:00Z,8c75c3289c84fe4493e1e272a77b615fe1985880c5dc68a7c1a17b53,60.16762,24.95415,000000006b44cce7,11.7
28,2019-08-01T01:07:00Z,8cc6ddaa460aeae8cc9e8a33f91a01c8cd4c0c8bf8a943210a28c84d,60.1538,24.95595,0000000038bf9618,13.75
29,2019-08-01T01:07:00Z,8ffeb52bff155eab19ca329d16be495cd44a08aa7f79b94db079caf9,60.15432,24.9211,0000000019fb59c4,33.81
30,2019-08-01T01:07:00Z,91d3b80de4439a4a49ddb8a04d72a0a2ec6c08f351d70232842af567,60.16762,24.95415,000000006b44cce7,23.56
31,2019-08-01T01:07:00Z,9843c6216661048343a0e49cf3d8aa2883cf77f452666a1c873a1052,60.16448,24.97323,0000000053c6c2be,11.7
32,2019-08-01T01:07:00Z,9d03d14afa49576281aa26db60e517f7c1ec8aa36f7756959a860a8a,60.16762,24.95415,000000006b44cce7,23.56
33,2019-08-01T01:07:00Z,a79af88ad05127e9c29a09f407406a364eb21dc127dc8d914e190418,60.16531,24.9442,00000000fdda10fe,31.5
34,2019-08-01T01:07:00Z,a91d379a4b57c5df22db0d7a041ff69f657b4b31f28554b1011fc03c,60.16544,24.95398,0000000038d83d41,23.56
35,2019-08-01T01:07:00Z,a9b50603a8ce82f4a65641e87bfdbed6f3e6e03894372af444a42f2c,60.16762,24.95415,000000006b44cce7,27.28
36,2019-08-01T01:07:00Z,a9da1ee82e3b670e276c26b483dd50f4a6d0c6f77ef82245d3ae6086,60.18203,24.91341,00000000342570c2,17.4
37,2019-08-01T01:07:00Z,b5fd6b317890e5ab2d79e2cd1abe61626d45a753c7337d0d40728898,60.16762,24.95415,000000006b44cce7,10.78
38,2019-08-01T01:07:00Z,ba42c72ea7c2663b3ea5044faf12173ab18e523dc35de0e24bf374ac,60.16544,24.95398,0000000038d83d41,25.36
39,2019-08-01T01:07:00Z,c40c37def6bf11a63a2556519a7c6233fd417cdeea2cf14f28e7c42c,60.16531,24.9442,00000000fdda10fe,21.87
40,2019-08-01T01:07:00Z,ce783d3c1b06378e5c39c25687746a6f88fbb0ff2b36e3405fb61cf8,60.16762,24.95415,000000006b44cce7,13.75
41,2019-08-01T01:07:00Z,cf05623e4d87ce0906c0b0b7dbf53aacc1228016cd27c341228b6e76,60.18203,24.91341,00000000342570c2,20.28
42,2019-08-01T01:07:00Z,dd2c9c82cf3737146294aff6f814a1349fb0bc4bedf518715dacbe8f,60.18203,24.91341,00000000342570c2,21.87
43,2019-08-01T01:07:00Z,ec72ef080c605e71978aed0d3b5f22c3c3133677a43c614b72eedc6d,60.14699,24.922,00000000a53ed894,18.79
44,2019-08-01T01:07:00Z,efd1806e1eee5eca948bc2537df8d816e2cce41009b41189c350ce74,60.16531,24.9442,00000000fdda10fe,31.5
45,2019-08-01T01:07:00Z,f088630d7476dae7d4b7e2bb1f10575f2c89acb4b6e061f3d57c2b40,60.16531,24.9442,00000000fdda10fe,17.4
46,2019-08-01T01:07:00Z,f6609ab1076b1105bb845595a03b41b8fbb282f79c337df5bbc9f841,60.16629,24.95957,00000000fb7600be,18.79
47,2019-08-01T01:07:00Z,f99c5dd8cc08bd2353083d875ce8bc585fb2c2ff8427b90d92f571de,60.1538,24.95595,0000000038bf9618,29.32
48,2019-08-01T01:07:00Z,fc4f3a44235f1cfc7b53f14ba2da599976a5a0a220d23b852688e485,60.17919,24.95181,000000007b5207b6,16.1
49,2019-08-01T01:07:00Z,09aed7267735f1d5aa1cc40846163b2e22579de37c9df4913833048e,60.16762,24.95415,000000006b44cce7,21.87
50,2019-08-01T01:07:00Z,13e4206d38eafb32822df97189167727a93c3fc19b187987f9af2d8a,60.14699,24.922,00000000a53ed894,21.87
51,2019-08-01T01:07:00Z,19f9ef12ceec87dda8cbf8100fa0e04b94f793330dc30573a021a7fe,60.14947,24.91438,000000004ef3150d,6.46
52,2019-08-01T01:07:00Z,1dacfb371d75dd4f90f447aac2a00faad98beb4188a6971c19eb2375,60.16629,24.95957,00000000fb7600be,29.32
53,2019-08-01T01:07:00Z,1ecbc7c6afe89033252e5510cbb893666af2b3bc29f555a3a6287fdb,60.14951,24.92138,0000000006dd41f6,3.09
54,2019-08-01T01:07:00Z,2082a19524d6827004aabe57afa07e3ecd10b0a18a727553ecc14913,60.16629,24.95957,00000000fb7600be,13.75
55,2019-08-01T01:07:00Z,2a00d75065d8348e30f1339974f62503bcba052c1377091c7020443d,60.14947,24.91438,000000004ef3150d,16.1
56,2019-08-01T01:07:00Z,2a9d40a33ed52ab9251fbb34ec3f0cd7cda99fa37dccfe14b15565f1,60.16762,24.95415,000000006b44cce7,1.54
57,2019-08-01T01:07:00Z,2ab97eb72424d3a245ddd77691854f564f939b5bacf84648d4211da2,60.16762,24.95415,000000006b44cce7,10.78
58,2019-08-01T01:07:00Z,2b0f56bb50709d759dc1051e0445ea521c8aa77c74a07b021d8eedf6,60.149,24.9843,00000000fffb8cf0,33.81
59,2019-08-01T01:07:00Z,387c89d9590ab98ca74364df89664cf690c4054a42ecfa422010ec42,60.16531,24.9442,00000000fdda10fe,9.12
60,2019-08-01T01:07:00Z,3a571740155bde46587953632db2b7ceb29ca92544dbe8e241ee371f,60.16762,24.95415,000000006b44cce7,18.79
61,2019-08-01T01:07:00Z,3c54bb215ac9289c18c5d9a7a1b57f702a81e5a449270c1ac8f0919a,60.16762,24.95415,000000006b44cce7,23.56
62,2019-08-01T01:07:00Z,42844e90c7134ebb3ec325f57cd27cd24711c779548ebc8692a820d5,60.14951,24.92138,0000000006dd41f6,3.09
63,2019-08-01T01:07:00Z,478830e26b1b9314c3f35b4ca62aba9828872733abbc7f32b78daac3,60.16531,24.9442,00000000fdda10fe,29.32
64,2019-08-01T01:07:00Z,4d723493c1a91cb88156a15985620fc847a4bb63a451a4907d86f887,60.16829,24.94214,00000000afef4555,18.79
65,2019-08-01T01:07:00Z,4f0c0489819078608920e225ff283b05f6bc4ed201a03696d71ff80e,60.17918,24.95141,00000000675d5200,29.32
66,2019-08-01T01:07:00Z,4f2ee410fae343924332b7c45d23df66786e3599cf001d739702393e,60.16762,24.95415,000000006b44cce7,11.7
67,2019-08-01T01:07:00Z,5160664f61c5088cd32ef296bbfc7594acdf4826053c53146eaa7db4,60.17919,24.95181,000000007b5207b6,23.56
68,2019-08-01T01:07:00Z,5bbc9230adadbd9730135bb21f61f5cdcf6d78849bb66a6750b91b91,60.16531,24.9442,00000000fdda10fe,7.69
69,2019-08-01T01:07:00Z,5f85120de1ced9172a3a1fdc8d4eb84e93b2d2e7fea82aa9810b5f04,60.16448,24.97323,0000000053c6c2be,36.27
70,2019-08-01T01:07:00Z,6678b11aa75c0fc3aed03d1a3fed54bcd294c138c24909b5f3eb6043,60.16531,24.9442,00000000fdda10fe,12.69
71,2019-08-01T01:07:00Z,701ebe2f0c93e3d2d5f4c1b9f737199afb3f37f9b49809649903d665,60.16762,24.95415,000000006b44cce7,10.78
72,2019-08-01T01:07:00Z,7aed6926bade45d7500557bbf609ee4b6c7d8c0b93965297dd4aa1fc,60.17918,24.95141,00000000675d5200,25.36
73,2019-08-01T01:07:00Z,99a026b5100e23129fa529e9a57a3dbc8490dc03b58f2193f03e2dcf,60.14951,24.92138,0000000006dd41f6,5.41
74,2019-08-01T01:07:00Z,af6c113c33fd7e296efef7597dc9217b6616bd95fc8d36b96de27138,60.17002,24.94407,000000006b087f40,23.56
75,2019-08-01T01:07:00Z,bcd39c037da0781e3f6e18fe98ffcd2430a8797aaff16237a4cbe406,60.16762,24.95415,000000006b44cce7,3.09
76,2019-08-01T01:07:00Z,c0a0ca3433586ed2ae0e448f2406fabac7292ac79d49562e0bd5cef8,60.16762,24.95415,000000006b44cce7,21.87
77,2019-08-01T01:07:00Z,c5b1ebbc71f7a611a7415c126514bc92963d32b056ba093526802475,60.16762,24.95415,000000006b44cce7,14.89
78,2019-08-01T01:07:00Z,c9ce14e0dbf0cf3c24f6a92a1930fa32de9a1de0ffe63082ccddb0d6,60.16448,24.97323,0000000053c6c2be,36.27
79,2019-08-01T01:07:00Z,d01ab2b99ca2d6e373c630bc0666c220aa0753785f57eba65dfab024,60.16544,24.95398,0000000038d83d41,23.56
80,2019-08-01T01:07:00Z,d14d80f8e94a08e9cdee92d40f2de42aa3fbd4ac48f45bea0baa5394,60.16629,24.95957,00000000fb7600be,16.1
81,2019-08-01T01:07:00Z,d81aa6ef42abe8b35442307a5233d69e2a38d3596e4e18d185d272b5,60.16531,24.9442,00000000fdda10fe,20.28
82,2019-08-01T01:07:00Z,dc06c49148f88624d7ec8fd1e71f95e9778dfcd3e1b604d7fd59e21e,60.16829,24.94214,00000000afef4555,14.89
83,2019-08-01T01:07:00Z,f2bea7d2dd42271842f5214ecbf4279fe85ddfb3d596c5f73a83e46c,60.17002,24.94407,000000006b087f40,41.64
84,2019-08-01T01:07:00Z,f7adfec0f2afb4311798f5b8f7bbd5abbf68d0b2795e24c9ea584fbf,60.16762,24.95415,000000006b44cce7,10.78
85,2019-08-01T01:07:01Z,03e0fc996a589ccdf1871b3c78e089c08c93ba1f2a02d740fb384aac,60.16531,24.9442,00000000fdda10fe,33.81
86,2019-08-01T01:07:01Z,144afc51fc2443c7031a2912566eff2ce60226a49d6d2bd7c2923700,60.16544,24.95398,0000000038d83d41,25.36
87,2019-08-01T01:07:01Z,14c7e1511b70f4dd3359cbece1377aebb4d70531f5489eefe53d7c3c,60.16544,24.95398,0000000038d83d41,21.87
88,2019-08-01T01:07:01Z,165ebbb4090d47319ae370f0d0854fdc1f6b79499f8b2e4d3c3533c0,60.16544,24.95398,0000000038d83d41,27.28
89,2019-08-01T01:07:01Z,17b28910b6cbc057680693633275c4ca53938281bc38178f96c44947,60.17002,24.94407,000000006b087f40,33.81
90,2019-08-01T01:07:01Z,297c725b456ef12d2712634b21546721cbe93224d3a5762d897404f2,60.16762,24.95415,000000006b44cce7,17.4
91,2019-08-01T01:07:01Z,2c94897aa62344f630952ad6032f5d7976419125d126b15c1386c8b1,60.16762,24.95415,000000006b44cce7,14.89
92,2019-08-01T01:07:01Z,2dd6ca2c889266702d554569764346cf583b74b0890b10e00ecd4f82,60.16544,24.95398,0000000038d83d41,29.32
93,2019-08-01T01:07:01Z,351f44e773650f6c4a68cd25c338d2bf5d9a1b20942961befe3b3f11,60.16448,24.97323,0000000053c6c2be,16.1
94,2019-08-01T01:07:01Z,384b4d96a26aae32d2af0c0f637cb59cc8470a36445623930229d524,60.16897,24.95222,00000000aa852af1,29.32
95,2019-08-01T01:07:01Z,3bc72eb57b16db26c4c3162f2936a8b53686d231b3cee1a4698e5839,60.16762,24.95415,000000006b44cce7,16.1
96,2019-08-01T01:07:01Z,427140db094a88d1033f8ee0e16865b0ca63c0d06e0aacf4d81cd1ea,60.17002,24.94407,000000006b087f40,20.28
97,2019-08-01T01:07:01Z,43b676ed3aef4c2d8846694817e76117873be52e7f788e0cb366c1c4,60.16629,24.95957,00000000fb7600be,23.56
98,2019-08-01T01:07:01Z,491b2670fa626c719c5624e2a013e9325dd599d02b93ca1a1b0e3416,60.17002,24.94407,000000006b087f40,31.5
99,2019-08-01T01:07:01Z,4abec48b53c4d82dc781a50af0676249c9d08be31b608a3f378109a6,60.1538,24.95595,0000000038bf9618,23.56
100,2019-08-01T01:07:01Z,4c5f18f9840338be4b03b398b0729b86a73a469d2e351ffb16a285ba,60.16897,24.95222,00000000aa852af1,27.28
101,2019-08-01T01:07:01Z,5b4e7343b536dcb21bf9b3efc94be6a1971886140d313adb0124768b,60.16829,24.94214,00000000afef4555,36.27
102,2019-08-01T01:07:01Z,5d65719c4cbf045f068d084b72302f447d5fd034413d97d13be00d0e,60.18203,24.91341,00000000342570c2,20.28
103,2019-08-01T01:07:01Z,5eed115a984d490b02b602d73787aee8dc8c4e9365b77fbff3818a76,60.16629,24.95957,00000000fb7600be,29.32
104,2019-08-01T01:07:01Z,66dabd3229229330d23c70e9e1737429ddfe69db01f4a6a00f70fa20,60.16762,24.95415,000000006b44cce7,21.87
105,2019-08-01T01:07:01Z,6a657079c1bdc8114c289be1ddd83e5846d4279a920d1697b8ff0033,60.18203,24.91341,00000000342570c2,18.79
106,2019-08-01T01:07:01Z,6d22b751ff5173035dc85c52c3dff0780126adae67fe33dc62dd45ef,60.16531,24.9442,00000000fdda10fe,23.56
107,2019-08-01T01:07:01Z,747f2d1ebff218c0ebbdc0fdaef4cbe56633dfb46ae1b1f8c8142201,60.16762,24.95415,000000006b44cce7,20.28
108,2019-08-01T01:07:01Z,77839e655f856d5295739c2388237a95b399c3b8a4f659cd1345d939,60.16829,24.94214,00000000afef4555,38.87
109,2019-08-01T01:07:01Z,84fdfd8881f633c5f0c71c1480053953ca4b05e848052d97c063ad38,60.1538,24.95595,0000000038bf9618,21.87
110,2019-08-01T01:07:01Z,87dfaad29a9276ddddb1fa021d3bc23ad14824c1af16f7d87e713689,60.14951,24.92138,0000000006dd41f6,7.69
111,2019-08-01T01:07:01Z,8b0535dd90c15c8fd1b256e7a48369741b0fe9d58f8f05f6e46134b7,60.16544,24.95398,0000000038d83d41,29.32
112,2019-08-01T01:07:01Z,8c75c3289c84fe4493e1e272a77b615fe1985880c5dc68a7c1a17b53,60.16762,24.95415,000000006b44cce7,9.92
113,2019-08-01T01:07:01Z,8cc6ddaa460aeae8cc9e8a33f91a01c8cd4c0c8bf8a943210a28c84d,60.1538,24.95595,0000000038bf9618,13.75
114,2019-08-01T01:07:01Z,8ffeb52bff155eab19ca329d16be495cd44a08aa7f79b94db079caf9,60.15432,24.9211,0000000019fb59c4,33.81
115,2019-08-01T01:07:01Z,91d3b80de4439a4a49ddb8a04d72a0a2ec6c08f351d70232842af567,60.16762,24.95415,000000006b44cce7,25.36
116,2019-08-01T01:07:01Z,9843c6216661048343a0e49cf3d8aa2883cf77f452666a1c873a1052,60.16448,24.97323,0000000053c6c2be,13.75
117,2019-08-01T01:07:01Z,9d5da91dad893b62eea6f22a7092dd0552c6d3bf33f4c6110326b208,60.16897,24.95222,00000000aa852af1,31.5
118,2019-08-01T01:07:01Z,a7bf60f4cfe8359d12d5bb7d69ea9850630a9c969a346f04a0ce1968,60.15432,24.9211,0000000019fb59c4,27.28
119,2019-08-01T01:07:01Z,a7c55bdd7685c223259f39c2f09bb61a33ba404b51d05e283aa167f2,60.16762,24.95415,000000006b44cce7,20.28
120,2019-08-01T01:07:01Z,a91d379a4b57c5df22db0d7a041ff69f657b4b31f28554b1011fc03c,60.16544,24.95398,0000000038d83d41,27.28
121,2019-08-01T01:07:01Z,a9b50603a8ce82f4a65641e87bfdbed6f3e6e03894372af444a42f2c,60.16762,24.95415,000000006b44cce7,25.36
122,2019-08-01T01:07:01Z,a9da1ee82e3b670e276c26b483dd50f4a6d0c6f77ef82245d3ae6086,60.18203,24.91341,00000000342570c2,23.56
123,2019-08-01T01:07:01Z,b1f358076ba79ef902a36ca8ae3f8ec7c93308a67c479345bfdbdecf,60.1538,24.95595,0000000038bf9618,29.32
124,2019-08-01T01:07:01Z,b5fd6b317890e5ab2d79e2cd1abe61626d45a753c7337d0d40728898,60.16762,24.95415,000000006b44cce7,9.12
125,2019-08-01T01:07:01Z,ce783d3c1b06378e5c39c25687746a6f88fbb0ff2b36e3405fb61cf8,60.16762,24.95415,000000006b44cce7,13.75
126,2019-08-01T01:07:01Z,cf05623e4d87ce0906c0b0b7dbf53aacc1228016cd27c341228b6e76,60.18203,24.91341,00000000342570c2,18.79
127,2019-08-01T01:07:01Z,d02aa66f07ad6bd65ba88baa552695671b5ebff881f4914c27d14c6a,60.16629,24.95957,00000000fb7600be,25.36
128,2019-08-01T01:07:01Z,d127ead865385b64ae537a703a26be15fae4b5332ce0fbf03d5e0c23,60.1538,24.95595,0000000038bf9618,44.58
129,2019-08-01T01:07:01Z,dd2c9c82cf3737146294aff6f814a1349fb0bc4bedf518715dacbe8f,60.18203,24.91341,00000000342570c2,21.87
130,2019-08-01T01:07:01Z,ec72ef080c605e71978aed0d3b5f22c3c3133677a43c614b72eedc6d,60.14699,24.922,00000000a53ed894,17.4
131,2019-08-01T01:07:01Z,ed70dda6b7faebd4340dacdb452ab224d9d3c308df417b7fa76f54e8,60.14951,24.92138,0000000006dd41f6,18.79
132,2019-08-01T01:07:01Z,efd1806e1eee5eca948bc2537df8d816e2cce41009b41189c350ce74,60.16531,24.9442,00000000fdda10fe,27.28
133,2019-08-01T01:07:01Z,f088630d7476dae7d4b7e2bb1f10575f2c89acb4b6e061f3d57c2b40,60.16531,24.9442,00000000fdda10fe,20.28
134,2019-08-01T01:07:01Z,f6609ab1076b1105bb845595a03b41b8fbb282f79c337df5bbc9f841,60.16629,24.95957,00000000fb7600be,18.79
135,2019-08-01T01:07:01Z,f99c5dd8cc08bd2353083d875ce8bc585fb2c2ff8427b90d92f571de,60.1538,24.95595,0000000038bf9618,29.32
136,2019-08-01T01:07:01Z,fc4f3a44235f1cfc7b53f14ba2da599976a5a0a220d23b852688e485,60.17919,24.95181,000000007b5207b6,17.4
137,2019-08-01T01:07:01Z,13e4206d38eafb32822df97189167727a93c3fc19b187987f9af2d8a,60.14699,24.922,00000000a53ed894,25.36
138,2019-08-01T01:07:01Z,19f9ef12ceec87dda8cbf8100fa0e04b94f793330dc30573a021a7fe,60.14947,24.91438,000000004ef3150d,17.4
139,2019-08-01T01:07:01Z,1dacfb371d75dd4f90f447aac2a00faad98beb4188a6971c19eb2375,60.16629,24.95957,00000000fb7600be,25.36
140,2019-08-01T01:07:01Z,1ecbc7c6afe89033252e5510cbb893666af2b3bc29f555a3a6287fdb,60.14951,24.92138,0000000006dd41f6,3.09
141,2019-08-01T01:07:01Z,2082a19524d6827004aabe57afa07e3ecd10b0a18a727553ecc14913,60.16629,24.95957,00000000fb7600be,14.89
142,2019-08-01T01:07:01Z,217516e6a517bc1e78f46586884aeeeae5825801f0d4524966f64546,60.16531,24.9442,00000000fdda10fe,33.81
143,2019-08-01T01:07:01Z,25b9a688fda1515f9ff250d01f89c4491af81e3721b9b2348d88d2e3,60.16762,24.95415,000000006b44cce7,25.36
144,2019-08-01T01:07:01Z,2a00d75065d8348e30f1339974f62503bcba052c1377091c7020443d,60.14947,24.91438,000000004ef3150d,16.1
145,2019-08-01T01:07:01Z,2a9d40a33ed52ab9251fbb34ec3f0cd7cda99fa37dccfe14b15565f1,60.16762,24.95415,000000006b44cce7,2.08
146,2019-08-01T01:07:01Z,2ab97eb72424d3a245ddd77691854f564f939b5bacf84648d4211da2,60.16762,24.95415,000000006b44cce7,12.69
147,2019-08-01T01:07:01Z,2fd23022bc1e7a1c98712257beaef3db061ef9e49e3efecd4ac83a54,60.17002,24.94407,000000006b087f40,27.28
148,2019-08-01T01:07:01Z,387c89d9590ab98ca74364df89664cf690c4054a42ecfa422010ec42,60.16531,24.9442,00000000fdda10fe,7.05
149,2019-08-01T01:07:01Z,3c54bb215ac9289c18c5d9a7a1b57f702a81e5a449270c1ac8f0919a,60.16762,24.95415,000000006b44cce7,16.1
150,2019-08-01T01:07:01Z,42844e90c7134ebb3ec325f57cd27cd24711c779548ebc8692a820d5,60.14951,24.92138,0000000006dd41f6,3.4
151,2019-08-01T01:07:01Z,478830e26b1b9314c3f35b4ca62aba9828872733abbc7f32b78daac3,60.16531,24.9442,00000000fdda10fe,29.32
152,2019-08-01T01:07:01Z,4d723493c1a91cb88156a15985620fc847a4bb63a451a4907d86f887,60.16829,24.94214,00000000afef4555,12.69
153,2019-08-01T01:07:01Z,4f0c0489819078608920e225ff283b05f6bc4ed201a03696d71ff80e,60.17918,24.95141,00000000675d5200,21.87
154,2019-08-01T01:07:01Z,5160664f61c5088cd32ef296bbfc7594acdf4826053c53146eaa7db4,60.17919,24.95181,000000007b5207b6,23.56
155,2019-08-01T01:07:01Z,5bbc9230adadbd9730135bb21f61f5cdcf6d78849bb66a6750b91b91,60.16531,24.9442,00000000fdda10fe,7.69
156,2019-08-01T01:07:01Z,6678b11aa75c0fc3aed03d1a3fed54bcd294c138c24909b5f3eb6043,60.16531,24.9442,00000000fdda10fe,14.89
157,2019-08-01T01:07:01Z,701ebe2f0c93e3d2d5f4c1b9f737199afb3f37f9b49809649903d665,60.16762,24.95415,000000006b44cce7,12.69
158,2019-08-01T01:07:01Z,74cb545f76f0bfc5498607247e26e814276a11ce91f77208054ecbc5,60.17002,24.94407,000000006b087f40,23.56
159,2019-08-01T01:07:01Z,943a43e1e35244772a26e8869cdb6f60f93d8c4b269adf12a54081d1,60.16762,24.95415,000000006b44cce7,25.36
160,2019-08-01T01:07:01Z,99a026b5100e23129fa529e9a57a3dbc8490dc03b58f2193f03e2dcf,60.14951,24.92138,0000000006dd41f6,4.94
161,2019-08-01T01:07:01Z,a86c102f289409f6efef56c9b116b4ad52d8e2d7b7ab23a6df2a0675,60.16762,24.95415,000000006b44cce7,5.41
162,2019-08-01T01:07:01Z,a8c7d85d397619b4a91c2655e8e50b1cfcbf2771d71b62b4681a20c8,60.16448,24.97323,0000000053c6c2be,25.36
163,2019-08-01T01:07:01Z,af6c113c33fd7e296efef7597dc9217b6616bd95fc8d36b96de27138,60.17002,24.94407,000000006b087f40,23.56
164,2019-08-01T01:07:01Z,bcd39c037da0781e3f6e18fe98ffcd2430a8797aaff16237a4cbe406,60.16762,24.95415,000000006b44cce7,3.4
165,2019-08-01T01:07:01Z,c0a0ca3433586ed2ae0e448f2406fabac7292ac79d49562e0bd5cef8,60.16762,24.95415,000000006b44cce7,27.28
166,2019-08-01T01:07:01Z,d14d80f8e94a08e9cdee92d40f2de42aa3fbd4ac48f45bea0baa5394,60.16629,24.95957,00000000fb7600be,16.1
167,2019-08-01T01:07:01Z,d81aa6ef42abe8b35442307a5233d69e2a38d3596e4e18d185d272b5,60.16531,24.9442,00000000fdda10fe,16.1
168,2019-08-01T01:07:01Z,dc06c49148f88624d7ec8fd1e71f95e9778dfcd3e1b604d7fd59e21e,60.16829,24.94214,00000000afef4555,21.87
169,2019-08-01T01:07:01Z,f7adfec0f2afb4311798f5b8f7bbd5abbf68d0b2795e24c9ea584fbf,60.16762,24.95415,000000006b44cce7,11.7
170,2019-08-01T01:07:02Z,03e0fc996a589ccdf1871b3c78e089c08c93ba1f2a02d740fb384aac,60.16531,24.9442,00000000fdda10fe,33.81
171,2019-08-01T01:07:02Z,112c36ba789fa57e2b19c9bff8bfe0b3eba19a431c3af4656c4cee5b,60.16531,24.9442,00000000fdda10fe,36.27
172,2019-08-01T01:07:02Z,144afc51fc2443c7031a2912566eff2ce60226a49d6d2bd7c2923700,60.16544,24.95398,0000000038d83d41,23.56
173,2019-08-01T01:07:02Z,14c7e1511b70f4dd3359cbece1377aebb4d70531f5489eefe53d7c3c,60.16544,24.95398,0000000038d83d41,27.28
174,2019-08-01T01:07:02Z,165ebbb4090d47319ae370f0d0854fdc1f6b79499f8b2e4d3c3533c0,60.16544,24.95398,0000000038d83d41,23.56
175,2019-08-01T01:07:02Z,17b28910b6cbc057680693633275c4ca53938281bc38178f96c44947,60.17002,24.94407,000000006b087f40,41.64
176,2019-08-01T01:07:02Z,297c725b456ef12d2712634b21546721cbe93224d3a5762d897404f2,60.16762,24.95415,000000006b44cce7,13.75
177,2019-08-01T01:07:02Z,2c94897aa62344f630952ad6032f5d7976419125d126b15c1386c8b1,60.16762,24.95415,000000006b44cce7,16.1
178,2019-08-01T01:07:02Z,2dd6ca2c889266702d554569764346cf583b74b0890b10e00ecd4f82,60.16544,24.95398,0000000038d83d41,25.36
179,2019-08-01T01:07:02Z,351f44e773650f6c4a68cd25c338d2bf5d9a1b20942961befe3b3f11,60.16448,24.97323,0000000053c6c2be,16.1
180,2019-08-01T01:07:02Z,384b4d96a26aae32d2af0c0f637cb59cc8470a36445623930229d524,60.16897,24.95222,00000000aa852af1,25.36
181,2019-08-01T01:07:02Z,3944bc7a301be7241d1f7bc4a97f221000d535ce3d8a9af9af9b23b5,60.16531,24.9442,00000000fdda10fe,38.87
182,2019-08-01T01:07:02Z,3bc72eb57b16db26c4c3162f2936a8b53686d231b3cee1a4698e5839,60.16762,24.95415,000000006b44cce7,16.1
183,2019-08-01T01:07:02Z,427140db094a88d1033f8ee0e16865b0ca63c0d06e0aacf4d81cd1ea,60.17002,24.94407,000000006b087f40,23.56
184,2019-08-01T01:07:02Z,43b676ed3aef4c2d8846694817e76117873be52e7f788e0cb366c1c4,60.16629,24.95957,00000000fb7600be,25.36
185,2019-08-01T01:07:02Z,4abec48b53c4d82dc781a50af0676249c9d08be31b608a3f378109a6,60.1538,24.95595,0000000038bf9618,25.36
186,2019-08-01T01:07:02Z,5bbb5184fded3e51bc78e45e39917794285e6bbc72da404802a9599a,60.16531,24.9442,00000000fdda10fe,29.32
187,2019-08-01T01:07:02Z,5d65719c4cbf045f068d084b72302f447d5fd034413d97d13be00d0e,60.18203,24.91341,00000000342570c2,20.28
188,2019-08-01T01:07:02Z,5eed115a984d490b02b602d73787aee8dc8c4e9365b77fbff3818a76,60.16629,24.95957,00000000fb7600be,25.36
189,2019-08-01T01:07:02Z,62742981e8529270ff72603e37f1d91125c1a7bd31fb8d3cb52591b8,60.17002,24.94407,000000006b087f40,50.98
190,2019-08-01T01:07:02Z,6a657079c1bdc8114c289be1ddd83e5846d4279a920d1697b8ff0033,60.18203,24.91341,00000000342570c2,18.79
191,2019-08-01T01:07:02Z,6f06341f358e61699fe1e55e986dd0554bc8da28b91daf0c5ad99db6,60.16629,24.95957,00000000fb7600be,23.56
192,2019-08-01T01:07:02Z,6ff437688c444238352c28f64f9d2a7d0f14d19c9ea42c225380501e,60.16762,24.95415,000000006b44cce7,20.28
193,2019-08-01T01:07:02Z,747f2d1ebff218c0ebbdc0fdaef4cbe56633dfb46ae1b1f8c8142201,60.16762,24.95415,000000006b44cce7,11.7
194,2019-08-01T01:07:02Z,84fdfd8881f633c5f0c71c1480053953ca4b05e848052d97c063ad38,60.1538,24.95595,0000000038bf9618,25.36
195,2019-08-01T01:07:02Z,87dfaad29a9276ddddb1fa021d3bc23ad14824c1af16f7d87e713689,60.14951,24.92138,0000000006dd41f6,9.92
196,2019-08-01T01:07:02Z,8c75c3289c84fe4493e1e272a77b615fe1985880c5dc68a7c1a17b53,60.16762,24.95415,000000006b44cce7,10.78
197,2019-08-01T01:07:02Z,8cc6ddaa460aeae8cc9e8a33f91a01c8cd4c0c8bf8a943210a28c84d,60.1538,24.95595,0000000038bf9618,16.1
198,2019-08-01T01:07:02Z,8ffeb52bff155eab19ca329d16be495cd44a08aa7f79b94db079caf9,60.15432,24.9211,0000000019fb59c4,25.36
199,2019-08-01T01:07:02Z,9843c6216661048343a0e49cf3d8aa2883cf77f452666a1c873a1052,60.16448,24.97323,0000000053c6c2be,21.87
200,2019-08-01T01:07:02Z,a08cae03363d2e483a6ea717973088f4bd4276de96a9d438a7358ff4,60.16897,24.95222,00000000aa852af1,29.32
201,2019-08-01T01:07:02Z,a794b5cd3dff23bb2fe621fa0fa64a9ad4be2ab820bff2b483489903,60.16897,24.95222,00000000aa852af1,31.5
202,2019-08-01T01:07:02Z,a9b50603a8ce82f4a65641e87bfdbed6f3e6e03894372af444a42f2c,60.16762,24.95415,000000006b44cce7,25.36
203,2019-08-01T01:07:02Z,a9da1ee82e3b670e276c26b483dd50f4a6d0c6f77ef82245d3ae6086,60.18203,24.91341,00000000342570c2,18.79
204,2019-08-01T01:07:02Z,b1f358076ba79ef902a36ca8ae3f8ec7c93308a67c479345bfdbdecf,60.1538,24.95595,0000000038bf9618,27.28
205,2019-08-01T01:07:02Z,b33ae7715d6d2571066655c2c8954a5a364b5601869047de83410d9f,60.16629,24.95957,00000000fb7600be,31.5
206,2019-08-01T01:07:02Z,b5fd6b317890e5ab2d79e2cd1abe61626d45a753c7337d0d40728898,60.16762,24.95415,000000006b44cce7,11.7
207,2019-08-01T01:07:02Z,ba42c72ea7c2663b3ea5044faf12173ab18e523dc35de0e24bf374ac,60.16544,24.95398,0000000038d83d41,21.87
208,2019-08-01T01:07:02Z,c40c37def6bf11a63a2556519a7c6233fd417cdeea2cf14f28e7c42c,60.16531,24.9442,00000000fdda10fe,27.28
209,2019-08-01T01:07:02Z,ce783d3c1b06378e5c39c25687746a6f88fbb0ff2b36e3405fb61cf8,60.16762,24.95415,000000006b44cce7,13.75
210,2019-08-01T01:07:02Z,cf05623e4d87ce0906c0b0b7dbf53aacc1228016cd27c341228b6e76,60.18203,24.91341,00000000342570c2,17.4
211,2019-08-01T01:07:02Z,d127ead865385b64ae537a703a26be15fae4b5332ce0fbf03d5e0c23,60.1538,24.95595,0000000038bf9618,33.81
212,2019-08-01T01:07:02Z,dd2c9c82cf3737146294aff6f814a1349fb0bc4bedf518715dacbe8f,60.18203,24.91341,00000000342570c2,23.56
213,2019-08-01T01:07:02Z,ec72ef080c605e71978aed0d3b5f22c3c3133677a43c614b72eedc6d,60.14699,24.922,00000000a53ed894,16.1
214,2019-08-01T01:07:02Z,ed70dda6b7faebd4340dacdb452ab224d9d3c308df417b7fa76f54e8,60.14951,24.92138,0000000006dd41f6,21.87
215,2019-08-01T01:07:02Z,efd1806e1eee5eca948bc2537df8d816e2cce41009b41189c350ce74,60.16531,24.9442,00000000fdda10fe,38.87
216,2019-08-01T01:07:02Z,f088630d7476dae7d4b7e2bb1f10575f2c89acb4b6e061f3d57c2b40,60.16531,24.9442,00000000fdda10fe,21.87
217,2019-08-01T01:07:02Z,f6609ab1076b1105bb845595a03b41b8fbb282f79c337df5bbc9f841,60.16629,24.95957,00000000fb7600be,25.36
218,2019-08-01T01:07:02Z,f99c5dd8cc08bd2353083d875ce8bc585fb2c2ff8427b90d92f571de,60.1538,24.95595,0000000038bf9618,29.32
219,2019-08-01T01:07:02Z,fc4f3a44235f1cfc7b53f14ba2da599976a5a0a220d23b852688e485,60.17919,24.95181,000000007b5207b6,17.4
220,2019-08-01T01:07:02Z,0d2e3e523cb0378798ea370ece42124e91568a28261cf6ee2c00cad9,60.16531,24.9442,00000000fdda10fe,27.28
221,2019-08-01T01:07:02Z,13e4206d38eafb32822df97189167727a93c3fc19b187987f9af2d8a,60.14699,24.922,00000000a53ed894,23.56
222,2019-08-01T01:07:02Z,19f9ef12ceec87dda8cbf8100fa0e04b94f793330dc30573a021a7fe,60.14947,24.91438,000000004ef3150d,5.41
223,2019-08-01T01:07:02Z,1ecbc7c6afe89033252e5510cbb893666af2b3bc29f555a3a6287fdb,60.14951,24.92138,0000000006dd41f6,4.5
224,2019-08-01T01:07:02Z,2082a19524d6827004aabe57afa07e3ecd10b0a18a727553ecc14913,60.16629,24.95957,00000000fb7600be,13.75
225,2019-08-01T01:07:02Z,2a00d75065d8348e30f1339974f62503bcba052c1377091c7020443d,60.14947,24.91438,000000004ef3150d,9.92
226,2019-08-01T01:07:02Z,2a9d40a33ed52ab9251fbb34ec3f0cd7cda99fa37dccfe14b15565f1,60.16762,24.95415,000000006b44cce7,4.94
227,2019-08-01T01:07:02Z,2ab97eb72424d3a245ddd77691854f564f939b5bacf84648d4211da2,60.16762,24.95415,000000006b44cce7,12.69
228,2019-08-01T01:07:02Z,2b0f56bb50709d759dc1051e0445ea521c8aa77c74a07b021d8eedf6,60.149,24.9843,00000000fffb8cf0,33.81
229,2019-08-01T01:07:02Z,387c89d9590ab98ca74364df89664cf690c4054a42ecfa422010ec42,60.16531,24.9442,00000000fdda10fe,14.89
230,2019-08-01T01:07:02Z,3c54bb215ac9289c18c5d9a7a1b57f702a81e5a449270c1ac8f0919a,60.16762,24.95415,000000006b44cce7,12.69
231,2019-08-01T01:07:02Z,42844e90c7134ebb3ec325f57cd27cd24711c779548ebc8692a820d5,60.14951,24.92138,0000000006dd41f6,3.09
232,2019-08-01T01:07:02Z,4d723493c1a91cb88156a15985620fc847a4bb63a451a4907d86f887,60.16829,24.94214,00000000afef4555,21.87
233,2019-08-01T01:07:02Z,4f0c0489819078608920e225ff283b05f6bc4ed201a03696d71ff80e,60.17918,24.95141,00000000675d5200,23.56
234,2019-08-01T01:07:02Z,4f2ee410fae343924332b7c45d23df66786e3599cf001d739702393e,60.16762,24.95415,000000006b44cce7,11.7
235,2019-08-01T01:07:02Z,5160664f61c5088cd32ef296bbfc7594acdf4826053c53146eaa7db4,60.17919,24.95181,000000007b5207b6,14.89
236,2019-08-01T01:07:02Z,5bbc9230adadbd9730135bb21f61f5cdcf6d78849bb66a6750b91b91,60.16531,24.9442,00000000fdda10fe,16.1
237,2019-08-01T01:07:02Z,6678b11aa75c0fc3aed03d1a3fed54bcd294c138c24909b5f3eb6043,60.16531,24.9442,00000000fdda10fe,17.4
238,2019-08-01T01:07:02Z,701ebe2f0c93e3d2d5f4c1b9f737199afb3f37f9b49809649903d665,60.16762,24.95415,000000006b44cce7,11.7
239,2019-08-01T01:07:02Z,99a026b5100e23129fa529e9a57a3dbc8490dc03b58f2193f03e2dcf,60.14951,24.92138,0000000006dd41f6,4.94
240,2019-08-01T01:07:02Z,99c20f74d99147b7a034e7aa14325a5adb5057df38c0748191d55fd2,60.16531,24.9442,00000000fdda10fe,29.32
241,2019-08-01T01:07:02Z,a8c7d85d397619b4a91c2655e8e50b1cfcbf2771d71b62b4681a20c8,60.16448,24.97323,0000000053c6c2be,25.36
242,2019-08-01T01:07:02Z,af6c113c33fd7e296efef7597dc9217b6616bd95fc8d36b96de27138,60.17002,24.94407,000000006b087f40,27.28
243,2019-08-01T01:07:02Z,bcd39c037da0781e3f6e18fe98ffcd2430a8797aaff16237a4cbe406,60.16762,24.95415,000000006b44cce7,1.54
244,2019-08-01T01:07:02Z,d14d80f8e94a08e9cdee92d40f2de42aa3fbd4ac48f45bea0baa5394,60.16629,24.95957,00000000fb7600be,14.89
245,2019-08-01T01:07:02Z,d81aa6ef42abe8b35442307a5233d69e2a38d3596e4e18d185d272b5,60.16531,24.9442,00000000fdda10fe,16.1
246,2019-08-01T01:07:02Z,db0e10943fcdd3914ddc764635ba11c29832c708b5f4f46493df0413,60.16762,24.95415,000000006b44cce7,20.28
247,2019-08-01T01:07:02Z,dc06c49148f88624d7ec8fd1e71f95e9778dfcd3e1b604d7fd59e21e,60.16829,24.94214,00000000afef4555,23.56
248,2019-08-01T01:07:02Z,ea7ccfc44160a009b82fe92986b034ae08e8a2a8a6fba509f091aeb1,60.17002,24.94407,000000006b087f40,25.36
249,2019-08-01T01:07:02Z,f7adfec0f2afb4311798f5b8f7bbd5abbf68d0b2795e24c9ea584fbf,60.16762,24.95415,000000006b44cce7,11.7
250,2019-08-01T01:07:03Z,03e0fc996a589ccdf1871b3c78e089c08c93ba1f2a02d740fb384aac,60.16531,24.9442,00000000fdda10fe,33.81
251,2019-08-01T01:07:03Z,144afc51fc2443c7031a2912566eff2ce60226a49d6d2bd7c2923700,60.16544,24.95398,0000000038d83d41,31.5
252,2019-08-01T01:07:03Z,14c7e1511b70f4dd3359cbece1377aebb4d70531f5489eefe53d7c3c,60.16544,24.95398,0000000038d83d41,23.56
253,2019-08-01T01:07:03Z,165ebbb4090d47319ae370f0d0854fdc1f6b79499f8b2e4d3c3533c0,60.16544,24.95398,0000000038d83d41,29.32
254,2019-08-01T01:07:03Z,297c725b456ef12d2712634b21546721cbe93224d3a5762d897404f2,60.16762,24.95415,000000006b44cce7,18.79
255,2019-08-01T01:07:03Z,2c94897aa62344f630952ad6032f5d7976419125d126b15c1386c8b1,60.16762,24.95415,000000006b44cce7,12.69
256,2019-08-01T01:07:03Z,2dd6ca2c889266702d554569764346cf583b74b0890b10e00ecd4f82,60.16544,24.95398,0000000038d83d41,31.5
257,2019-08-01T01:07:03Z,351f44e773650f6c4a68cd25c338d2bf5d9a1b20942961befe3b3f11,60.16448,24.97323,0000000053c6c2be,14.89
258,2019-08-01T01:07:03Z,384b4d96a26aae32d2af0c0f637cb59cc8470a36445623930229d524,60.16897,24.95222,00000000aa852af1,29.32
259,2019-08-01T01:07:03Z,3bc72eb57b16db26c4c3162f2936a8b53686d231b3cee1a4698e5839,60.16762,24.95415,000000006b44cce7,20.28
260,2019-08-01T01:07:03Z,427140db094a88d1033f8ee0e16865b0ca63c0d06e0aacf4d81cd1ea,60.17002,24.94407,000000006b087f40,21.87
261,2019-08-01T01:07:03Z,43b676ed3aef4c2d8846694817e76117873be52e7f788e0cb366c1c4,60.16629,24.95957,00000000fb7600be,21.87
262,2019-08-01T01:07:03Z,491b2670fa626c719c5624e2a013e9325dd599d02b93ca1a1b0e3416,60.17002,24.94407,000000006b087f40,36.27
263,2019-08-01T01:07:03Z,4abec48b53c4d82dc781a50af0676249c9d08be31b608a3f378109a6,60.1538,24.95595,0000000038bf9618,23.56
264,2019-08-01T01:07:03Z,4c5f18f9840338be4b03b398b0729b86a73a469d2e351ffb16a285ba,60.16897,24.95222,00000000aa852af1,29.32
265,2019-08-01T01:07:03Z,5d65719c4cbf045f068d084b72302f447d5fd034413d97d13be00d0e,60.18203,24.91341,00000000342570c2,21.87
266,2019-08-01T01:07:03Z,66dabd3229229330d23c70e9e1737429ddfe69db01f4a6a00f70fa20,60.16762,24.95415,000000006b44cce7,23.56
267,2019-08-01T01:07:03Z,6a657079c1bdc8114c289be1ddd83e5846d4279a920d1697b8ff0033,60.18203,24.91341,00000000342570c2,27.28
268,2019-08-01T01:07:03Z,6f06341f358e61699fe1e55e986dd0554bc8da28b91daf0c5ad99db6,60.16629,24.95957,00000000fb7600be,27.28
269,2019-08-01T01:07:03Z,6ff437688c444238352c28f64f9d2a7d0f14d19c9ea42c225380501e,60.16762,24.95415,000000006b44cce7,14.89
270,2019-08-01T01:07:03Z,747f2d1ebff218c0ebbdc0fdaef4cbe56633dfb46ae1b1f8c8142201,60.16762,24.95415,000000006b44cce7,20.28
271,2019-08-01T01:07:03Z,7d0fd2fd8adcdcfaf339b328e652c17c58f2c98e7b79448720a37dda,60.16897,24.95222,00000000aa852af1,27.28
272,2019-08-01T01:07:03Z,84fdfd8881f633c5f0c71c1480053953ca4b05e848052d97c063ad38,60.1538,24.95595,0000000038bf9618,25.36
273,2019-08-01T01:07:03Z,87dfaad29a9276ddddb1fa021d3bc23ad14824c1af16f7d87e713689,60.14951,24.92138,0000000006dd41f6,9.12
274,2019-08-01T01:07:03Z,8c75c3289c84fe4493e1e272a77b615fe1985880c5dc68a7c1a17b53,60.16762,24.95415,000000006b44cce7,11.7
275,2019-08-01T01:07:03Z,8cc6ddaa460aeae8cc9e8a33f91a01c8cd4c0c8bf8a943210a28c84d,60.1538,24.95595,0000000038bf9618,13.75
276,2019-08-01T01:07:03Z,8d48e703938d27ced83c767a1f815f2879d4793a7f242b9854294141,60.17002,24.94407,000000006b087f40,38.87
277,2019-08-01T01:07:03Z,8ffeb52bff155eab19ca329d16be495cd44a08aa7f79b94db079caf9,60.15432,24.9211,0000000019fb59c4,38.87
278,2019-08-01T01:07:03Z,9843c6216661048343a0e49cf3d8aa2883cf77f452666a1c873a1052,60.16448,24.97323,0000000053c6c2be,12.69
279,2019-08-01T01:07:03Z,9d5da91dad893b62eea6f22a7092dd0552c6d3bf33f4c6110326b208,60.16897,24.95222,00000000aa852af1,31.5
280,2019-08-01T01:07:03Z,a79af88ad05127e9c29a09f407406a364eb21dc127dc8d914e190418,60.16531,24.9442,00000000fdda10fe,29.32
281,2019-08-01T01:07:03Z,a9b50603a8ce82f4a65641e87bfdbed6f3e6e03894372af444a42f2c,60.16762,24.95415,000000006b44cce7,20.28
282,2019-08-01T01:07:03Z,a9da1ee82e3b670e276c26b483dd50f4a6d0c6f77ef82245d3ae6086,60.18203,24.91341,00000000342570c2,17.4
283,2019-08-01T01:07:03Z,b1f358076ba79ef902a36ca8ae3f8ec7c93308a67c479345bfdbdecf,60.1538,24.95595,0000000038bf9618,36.27
284,2019-08-01T01:07:03Z,b33ae7715d6d2571066655c2c8954a5a364b5601869047de83410d9f,60.16629,24.95957,00000000fb7600be,25.36
285,2019-08-01T01:07:03Z,b5fd6b317890e5ab2d79e2cd1abe61626d45a753c7337d0d40728898,60.16762,24.95415,000000006b44cce7,9.12
286,2019-08-01T01:07:03Z,ba42c72ea7c2663b3ea5044faf12173ab18e523dc35de0e24bf374ac,60.16544,24.95398,0000000038d83d41,27.28
287,2019-08-01T01:07:03Z,c40c37def6bf11a63a2556519a7c6233fd417cdeea2cf14f28e7c42c,60.16531,24.9442,00000000fdda10fe,25.36
288,2019-08-01T01:07:03Z,ce783d3c1b06378e5c39c25687746a6f88fbb0ff2b36e3405fb61cf8,60.16762,24.95415,000000006b44cce7,17.4
289,2019-08-01T01:07:03Z,cf05623e4d87ce0906c0b0b7dbf53aacc1228016cd27c341228b6e76,60.18203,24.91341,00000000342570c2,18.79
290,2019-08-01T01:07:03Z,dd2c9c82cf3737146294aff6f814a1349fb0bc4bedf518715dacbe8f,60.18203,24.91341,00000000342570c2,23.56
291,2019-08-01T01:07:03Z,ec72ef080c605e71978aed0d3b5f22c3c3133677a43c614b72eedc6d,60.14699,24.922,00000000a53ed894,18.79
292,2019-08-01T01:07:03Z,f088630d7476dae7d4b7e2bb1f10575f2c89acb4b6e061f3d57c2b40,60.16531,24.9442,00000000fdda10fe,18.79
293,2019-08-01T01:07:03Z,f6609ab1076b1105bb845595a03b41b8fbb282f79c337df5bbc9f841,60.16629,24.95957,00000000fb7600be,21.87
294,2019-08-01T01:07:03Z,f99c5dd8cc08bd2353083d875ce8bc585fb2c2ff8427b90d92f571de,60.1538,24.95595,0000000038bf9618,25.36
295,2019-08-01T01:07:03Z,fc4f3a44235f1cfc7b53f14ba2da599976a5a0a220d23b852688e485,60.17919,24.95181,000000007b5207b6,9.92
296,2019-08-01T01:07:03Z,13e4206d38eafb32822df97189167727a93c3fc19b187987f9af2d8a,60.14699,24.922,00000000a53ed894,21.87
297,2019-08-01T01:07:03Z,19f9ef12ceec87dda8cbf8100fa0e04b94f793330dc30573a021a7fe,60.14947,24.91438,000000004ef3150d,6.46
298,2019-08-01T01:07:03Z,1ecbc7c6afe89033252e5510cbb893666af2b3bc29f555a3a6287fdb,60.14951,24.92138,0000000006dd41f6,3.09
299,2019-08-01T01:07:03Z,2082a19524d6827004aabe57afa07e3ecd10b0a18a727553ecc14913,60.16629,24.95957,00000000fb7600be,13.75
300,2019-08-01T01:07:03Z,25aa5380b3982c514178c7ff9201f8ff4f1dfdf28c8fd5ce07db9a1f,60.16762,24.95415,000000006b44cce7,17.4
301,2019-08-01T01:07:03Z,2a00d75065d8348e30f1339974f62503bcba052c1377091c7020443d,60.14947,24.91438,000000004ef3150d,9.12
302,2019-08-01T01:07:03Z,2a9d40a33ed52ab9251fbb34ec3f0cd7cda99fa37dccfe14b15565f1,60.16762,24.95415,000000006b44cce7,3.74
303,2019-08-01T01:07:03Z,2ab97eb72424d3a245ddd77691854f564f939b5bacf84648d4211da2,60.16762,24.95415,000000006b44cce7,9.92
304,2019-08-01T01:07:03Z,2fd23022bc1e7a1c98712257beaef3db061ef9e49e3efecd4ac83a54,60.17002,24.94407,000000006b087f40,33.81
305,2019-08-01T01:07:03Z,387c89d9590ab98ca74364df89664cf690c4054a42ecfa422010ec42,60.16531,24.9442,00000000fdda10fe,17.4
306,2019-08-01T01:07:03Z,3af6f1ccc5e5eac1f8561bb44617828f6ef1453d79d4774ae35a783f,60.16762,24.95415,000000006b44cce7,23.56
307,2019-08-01T01:07:03Z,3c54bb215ac9289c18c5d9a7a1b57f702a81e5a449270c1ac8f0919a,60.16762,24.95415,000000006b44cce7,20.28
308,2019-08-01T01:07:03Z,42844e90c7134ebb3ec325f57cd27cd24711c779548ebc8692a820d5,60.14951,24.92138,0000000006dd41f6,4.11
309,2019-08-01T01:07:03Z,478830e26b1b9314c3f35b4ca62aba9828872733abbc7f32b78daac3,60.16531,24.9442,00000000fdda10fe,31.5
310,2019-08-01T01:07:03Z,4d723493c1a91cb88156a15985620fc847a4bb63a451a4907d86f887,60.16829,24.94214,00000000afef4555,20.28
311,2019-08-01T01:07:03Z,4f0c0489819078608920e225ff283b05f6bc4ed201a03696d71ff80e,60.17918,24.95141,00000000675d5200,23.56
312,2019-08-01T01:07:03Z,5160664f61c5088cd32ef296bbfc7594acdf4826053c53146eaa7db4,60.17919,24.95181,000000007b5207b6,20.28
313,2019-08-01T01:07:03Z,5bbc9230adadbd9730135bb21f61f5cdcf6d78849bb66a6750b91b91,60.16531,24.9442,00000000fdda10fe,17.4
314,2019-08-01T01:07:03Z,5f85120de1ced9172a3a1fdc8d4eb84e93b2d2e7fea82aa9810b5f04,60.16448,24.97323,0000000053c6c2be,36.27
315,2019-08-01T01:07:03Z,6678b11aa75c0fc3aed03d1a3fed54bcd294c138c24909b5f3eb6043,60.16531,24.9442,00000000fdda10fe,16.1
316,2019-08-01T01:07:03Z,701ebe2f0c93e3d2d5f4c1b9f737199afb3f37f9b49809649903d665,60.16762,24.95415,000000006b44cce7,13.75
317,2019-08-01T01:07:03Z,99a026b5100e23129fa529e9a57a3dbc8490dc03b58f2193f03e2dcf,60.14951,24.92138,0000000006dd41f6,7.05
318,2019-08-01T01:07:03Z,a86c102f289409f6efef56c9b116b4ad52d8e2d7b7ab23a6df2a0675,60.16762,24.95415,000000006b44cce7,5.41
319,2019-08-01T01:07:03Z,af6c113c33fd7e296efef7597dc9217b6616bd95fc8d36b96de27138,60.17002,24.94407,000000006b087f40,23.56
320,2019-08-01T01:07:03Z,b182f575d0c9218ba40baf5124991e3f53da4b1346b8acca4206278f,60.16531,24.9442,00000000fdda10fe,38.87
321,2019-08-01T01:07:03Z,bcd39c037da0781e3f6e18fe98ffcd2430a8797aaff16237a4cbe406,60.16762,24.95415,000000006b44cce7,3.09
322,2019-08-01T01:07:03Z,c0a0ca3433586ed2ae0e448f2406fabac7292ac79d49562e0bd5cef8,60.16762,24.95415,000000006b44cce7,21.87
323,2019-08-01T01:07:03Z,d14d80f8e94a08e9cdee92d40f2de42aa3fbd4ac48f45bea0baa5394,60.16629,24.95957,00000000fb7600be,16.1
324,2019-08-01T01:07:03Z,d81aa6ef42abe8b35442307a5233d69e2a38d3596e4e18d185d272b5,60.16531,24.9442,00000000fdda10fe,21.87
325,2019-08-01T01:07:03Z,db0e10943fcdd3914ddc764635ba11c29832c708b5f4f46493df0413,60.16762,24.95415,000000006b44cce7,20.28
326,2019-08-01T01:07:03Z,dc06c49148f88624d7ec8fd1e71f95e9778dfcd3e1b604d7fd59e21e,60.16829,24.94214,00000000afef4555,20.28
