,time,hash,latitude,longitude,serial,distance
0,2019-08-01T05:06:00Z,03e0fc996a589ccdf1871b3c78e089c08c93ba1f2a02d740fb384aac,60.16531,24.9442,00000000fdda10fe,25.36
1,2019-08-01T05:06:00Z,0e1416209fb028540d6cc9e92bac39c618b66675e940eae6cfc44bd3,60.14947,24.91438,000000004ef3150d,17.4
2,2019-08-01T05:06:00Z,144afc51fc2443c7031a2912566eff2ce60226a49d6d2bd7c2923700,60.16544,24.95398,0000000038d83d41,29.32
3,2019-08-01T05:06:00Z,14c7e1511b70f4dd3359cbece1377aebb4d70531f5489eefe53d7c3c,60.16544,24.95398,0000000038d83d41,27.28
4,2019-08-01T05:06:00Z,15918569de0a46a8eb56b43d8d39f7fc82619ff1006f00822c85745c,60.17919,24.95181,000000007b5207b6,5.91
5,2019-08-01T05:06:00Z,165ebbb4090d47319ae370f0d0854fdc1f6b79499f8b2e4d3c3533c0,60.16544,24.95398,0000000038d83d41,27.28
6,2019-08-01T05:06:00Z,1f0f0628cdc688d76bde2b82bee5b9b4916bf0bbdfe76cf3213e1c65,60.15432,24.9211,0000000019fb59c4,21.87
7,2019-08-01T05:06:00Z,257a5302158da978d72b801b5d7a463bbd4146a7b1c3e9f532779e62,60.17002,24.94407,000000006b087f40,18.79
8,2019-08-01T05:06:00Z,2a93b61a3863ace54349d7a0937e4134fcc6d4dfcf064eefae2b7cf8,60.15432,24.9211,0000000019fb59c4,18.79
9,2019-08-01T05:06:00Z,2dd6ca2c889266702d554569764346cf583b74b0890b10e00ecd4f82,60.16544,24.95398,0000000038d83d41,27.28
10,2019-08-01T05:06:00Z,351f44e773650f6c4a68cd25c338d2bf5d9a1b20942961befe3b3f11,60.16448,24.97323,0000000053c6c2be,13.75
11,2019-08-01T05:06:00Z,384b4d96a26aae32d2af0c0f637cb59cc8470a36445623930229d524,60.16897,24.95222,00000000aa852af1,18.79
12,2019-08-01T05:06:00Z,43b676ed3aef4c2d8846694817e76117873be52e7f788e0cb366c1c4,60.16629,24.95957,00000000fb7600be,25.36
13,2019-08-01T05:06:00Z,4abec48b53c4d82dc781a50af0676249c9d08be31b608a3f378109a6,60.1538,24.95595,0000000038bf9618,27.28
14,2019-08-01T05:06:00Z,54e7fd03bee1eb885df697829799de625b768641b054f4a1e3017350,60.16762,24.95415,000000006b44cce7,31.5
15,2019-08-01T05:06:00Z,59107c0fb745e0aacace35f3eb6888e9aa1cace3ca066219be32fe54,60.16897,24.95222,00000000aa852af1,27.28
16,2019-08-01T05:06:00Z,5d65719c4cbf045f068d084b72302f447d5fd034413d97d13be00d0e,60.18203,24.91341,00000000342570c2,17.4
17,2019-08-01T05:06:00Z,6066632ddc94b5c482a2d4f45ed2532e55e3fd63e414a084a596a737,60.16762,24.95415,000000006b44cce7,23.56
18,2019-08-01T05:06:00Z,6a657079c1bdc8114c289be1ddd83e5846d4279a920d1697b8ff0033,60.18203,24.91341,00000000342570c2,20.28
19,2019-08-01T05:06:00Z,6b805db93722b9bc795ba65b4418a352128c16588f565243c29cecbf,60.16762,24.95415,000000006b44cce7,25.36
20,2019-08-01T05:06:00Z,6d22b751ff5173035dc85c52c3dff0780126adae67fe33dc62dd45ef,60.16531,24.9442,00000000fdda10fe,25.36
21,2019-08-01T05:06:00Z,6ff437688c444238352c28f64f9d2a7d0f14d19c9ea42c225380501e,60.16762,24.95415,000000006b44cce7,21.87
22,2019-08-01T05:06:00Z,747f2d1ebff218c0ebbdc0fdaef4cbe56633dfb46ae1b1f8c8142201,60.16762,24.95415,000000006b44cce7,17.4
23,2019-08-01T05:06:00Z,76c7f42283513d0e289bf786d89463b5025b2ae0f4e13519a4cf228b,60.15432,24.9211,0000000019fb59c4,18.79
24,2019-08-01T05:06:00Z,79f136afa0dd8717337c01c70b457c464aaf0fa25b440f51a394ec23,60.16762,24.95415,000000006b44cce7,25.36
25,2019-08-01T05:06:00Z,84fdfd8881f633c5f0c71c1480053953ca4b05e848052d97c063ad38,60.1538,24.95595,0000000038bf9618,27.28
26,2019-08-01T05:06:00Z,87dfaad29a9276ddddb1fa021d3bc23ad14824c1af16f7d87e713689,60.14951,24.92138,0000000006dd41f6,7.69
27,2019-08-01T05:06:00Z,8c75c3289c84fe4493e1e272a77b615fe1985880c5dc68a7c1a17b53,60.16762,24.95415,000000006b44cce7,9.92
28,2019-08-01T05:06:00Z,8cc6ddaa460aeae8cc9e8a33f91a01c8cd4c0c8bf8a943210a28c84d,60.1538,24.95595,0000000038bf9618,16.1
29,2019-08-01T05:06:00Z,9041c42fbb1cf987ee209454d6f5fab418a20e06fd7625460be30fa6,60.16531,24.9442,00000000fdda10fe,33.81
30,2019-08-01T05:06:00Z,9843c6216661048343a0e49cf3d8aa2883cf77f452666a1c873a1052,60.16448,24.97323,0000000053c6c2be,16.1
31,2019-08-01T05:06:00Z,9d03d14afa49576281aa26db60e517f7c1ec8aa36f7756959a860a8a,60.16629,24.95957,00000000fb7600be,8.38
32,2019-08-01T05:06:00Z,9d5da91dad893b62eea6f22a7092dd0552c6d3bf33f4c6110326b208,60.16897,24.95222,00000000aa852af1,31.5
33,2019-08-01T05:06:00Z,a91d379a4b57c5df22db0d7a041ff69f657b4b31f28554b1011fc03c,60.16544,24.95398,0000000038d83d41,29.32
34,2019-08-01T05:06:00Z,a9da1ee82e3b670e276c26b483dd50f4a6d0c6f77ef82245d3ae6086,60.18203,24.91341,00000000342570c2,13.75
35,2019-08-01T05:06:00Z,b33ae7715d6d2571066655c2c8954a5a364b5601869047de83410d9f,60.16629,24.95957,00000000fb7600be,23.56
36,2019-08-01T05:06:00Z,b4faf2d3c4d2b199afeab6ab63b583fe3a2e81e14abbef6917f25129,60.15432,24.9211,0000000019fb59c4,16.1
37,2019-08-01T05:06:00Z,b5fd6b317890e5ab2d79e2cd1abe61626d45a753c7337d0d40728898,60.16762,24.95415,000000006b44cce7,11.7
38,2019-08-01T05:06:00Z,ba42c72ea7c2663b3ea5044faf12173ab18e523dc35de0e24bf374ac,60.16544,24.95398,0000000038d83d41,29.32
39,2019-08-01T05:06:00Z,c13fecdae771ff79ec6d69d2ab671365c470b1ce294ffa25b12356e8,60.16897,24.95222,00000000aa852af1,31.5
40,2019-08-01T05:06:00Z,ce197d5eedb5498917afe7ca3f7275ffeb191f0c5d050bffa154c1d2,60.16531,24.9442,00000000fdda10fe,29.32
41,2019-08-01T05:06:00Z,ce783d3c1b06378e5c39c25687746a6f88fbb0ff2b36e3405fb61cf8,60.16762,24.95415,000000006b44cce7,14.89
42,2019-08-01T05:06:00Z,cf05623e4d87ce0906c0b0b7dbf53aacc1228016cd27c341228b6e76,60.18203,24.91341,00000000342570c2,18.79
43,2019-08-01T05:06:00Z,d0fc0e103ebf23a337c2b0419616ac2a9c80972a7d137d23e876a794,60.16544,24.95398,0000000038d83d41,16.1
44,2019-08-01T05:06:00Z,d127ead865385b64ae537a703a26be15fae4b5332ce0fbf03d5e0c23,60.1538,24.95595,0000000038bf9618,36.27
45,2019-08-01T05:06:00Z,dd2c9c82cf3737146294aff6f814a1349fb0bc4bedf518715dacbe8f,60.18203,24.91341,00000000342570c2,25.36
46,2019-08-01T05:06:00Z,e8530b27f394203b0e7d711bffc14cb4c9d40ecf9f4d0abeaad3ec66,60.16544,24.95398,0000000038d83d41,16.1
47,2019-08-01T05:06:00Z,eb6cbc362a8e2cbb3447e20b16565015f5e8f6c641fd8cea25ed2f57,60.14947,24.91438,000000004ef3150d,17.4
48,2019-08-01T05:06:00Z,ec72ef080c605e71978aed0d3b5f22c3c3133677a43c614b72eedc6d,60.14699,24.922,00000000a53ed894,16.1
49,2019-08-01T05:06:00Z,ed70dda6b7faebd4340dacdb452ab224d9d3c308df417b7fa76f54e8,60.14951,24.92138,0000000006dd41f6,18.79
50,2019-08-01T05:06:00Z,f088630d7476dae7d4b7e2bb1f10575f2c89acb4b6e061f3d57c2b40,60.16531,24.9442,00000000fdda10fe,25.36
51,2019-08-01T05:06:00Z,fc4f3a44235f1cfc7b53f14ba2da599976a5a0a220d23b852688e485,60.17919,24.95181,000000007b5207b6,10.78
52,2019-08-01T05:06:00Z,01593a228d6f104e4df89c02b096a5dc8bbeb86610ceadb9bf7b0987,60.16531,24.9442,00000000fdda10fe,29.32
53,2019-08-01T05:06:00Z,01f04476279cb9b2244b0711e6f936199a7ff1561267bc5ae1d3eae5,60.17918,24.95141,00000000675d5200,13.75
54,2019-08-01T05:06:00Z,04f9d1fea7d1f462141554628141b6a8ed4e7397de06c7f16bdaedf3,60.16897,24.95222,00000000aa852af1,18.79
55,2019-08-01T05:06:00Z,07d09fe57962d8d707a37c778587054cb9449cd88686b52cc3f8e347,60.14947,24.91438,000000004ef3150d,5.91
56,2019-08-01T05:06:00Z,0894d171e8e4d3bc5ea09f95ae296b378dd2016d42a68c9e6337b0a9,60.16531,24.9442,00000000fdda10fe,4.11
57,2019-08-01T05:06:00Z,092dc7151f42897c7034b7a6d5c5d8b2923564cf260414187ff38586,60.16075,24.95883,00000000f1124bca,18.79
58,2019-08-01T05:06:00Z,0b8959bda94adb9fee9170055fc2724c90053f5ca5f646d173910567,60.14947,24.91438,000000004ef3150d,9.92
59,2019-08-01T05:06:00Z,0df89735201e722b90cdb02acd7212050df67240f88e129ad7028161,60.16762,24.95415,000000006b44cce7,11.7
60,2019-08-01T05:06:00Z,0e692cc8156a8d21239d09a8466fb7ca86a943e888669b2bee0c3fae,60.14947,24.91438,000000004ef3150d,3.74
61,2019-08-01T05:06:00Z,11b01e2cc0ff875c84315d33ca6030436d673711c37dcf22c7250549,60.17919,24.95181,000000007b5207b6,17.4
62,2019-08-01T05:06:00Z,12afca792a5554a146af588580e1b6da5ed9c2be05b53fdec80ebd69,60.149,24.9843,00000000fffb8cf0,23.56
63,2019-08-01T05:06:00Z,13443d7c7e9b8d31913587f3c7be41291b303f5cb9b7d475cbf78b88,60.17002,24.94407,000000006b087f40,36.27
64,2019-08-01T05:06:00Z,1439301962ebda214b791f6fcfd14afba034d7a927d78799c12ad1c2,60.16897,24.95222,00000000aa852af1,31.5
65,2019-08-01T05:06:00Z,1742d5b0a34123277e403a51a952400aa0e029c49973236322d29529,60.16897,24.95222,00000000aa852af1,17.4
66,2019-08-01T05:06:00Z,18ec14b2d63253e4c5bc3b3d67f37d6c844238d89b310fec5e7fa5ae,60.15432,24.9211,0000000019fb59c4,9.12
67,2019-08-01T05:06:00Z,1cf3c4c63143f205b6179f5d16643367ef077902024a8b9ad515599b,60.16897,24.95222,00000000aa852af1,6.46
68,2019-08-01T05:06:00Z,1e5b2b997afa8af1d86f0e789b20767b846da383f3ceac725e2da2c0,60.14947,24.91438,000000004ef3150d,11.7
69,2019-08-01T05:06:00Z,1ecbc7c6afe89033252e5510cbb893666af2b3bc29f555a3a6287fdb,60.14951,24.92138,0000000006dd41f6,3.09
70,2019-08-01T05:06:00Z,214176b1ff0677f305752db9771763757159b0ae2845fecf9877b267,60.16762,24.95415,000000006b44cce7,17.4
71,2019-08-01T05:06:00Z,217650fdb1673dd7177b8365480f9c834de572526505a0e71b6f9121,60.15432,24.9211,0000000019fb59c4,14.89
72,2019-08-01T05:06:00Z,2290e4e2282c749f5d14aefed3731fa5310534ab3721505f06713187,60.16762,24.95415,000000006b44cce7,11.7
73,2019-08-01T05:06:00Z,24bf16a4aafce17301372116335240b6e80f61cbc0634eff6ce77d19,60.16897,24.95222,00000000aa852af1,23.56
74,2019-08-01T05:06:00Z,24c8ae919662aeb3c40b52c7bd4c02288e6c1b542cffd799d325a8b2,60.14947,24.91438,000000004ef3150d,13.75
75,2019-08-01T05:06:00Z,2ad406cf85cf4779c909e9104fc5323fad9bb883c2b2fd5c56521ba7,60.16897,24.95222,00000000aa852af1,21.87
76,2019-08-01T05:06:00Z,2af2bbbbc4ee2d9170b226614def2a1945436ee4f39395d925313944,60.16762,24.95415,000000006b44cce7,14.89
77,2019-08-01T05:06:00Z,2c3077b9bf95766c55ba52cc2d553e96138b52a55c4c4f5268833981,60.16829,24.94214,00000000afef4555,16.1
78,2019-08-01T05:06:00Z,30f1dd0ade5a6bc0144bd2bd1aec2d3bfb4ebceafc4471f0d23f95ea,60.16629,24.95957,00000000fb7600be,9.12
79,2019-08-01T05:06:00Z,3224531d2b2652a5fff015c2ecde644fb6d5000858483c932bed7193,60.14947,24.91438,000000004ef3150d,3.4
80,2019-08-01T05:06:00Z,38e13ee57ccace7d2a0608955c28c478181dc92fa57c1fdb9288e88c,60.14947,24.91438,000000004ef3150d,10.78
81,2019-08-01T05:06:00Z,3cd6c94906378b82b69db78a481f20f2ec49d762396a83f8141093e1,60.14947,24.91438,000000004ef3150d,5.91
82,2019-08-01T05:06:00Z,3d9b7b8814539526be503613bfd69be6cf52bd51a86344fb5baddc39,60.16629,24.95957,00000000fb7600be,12.69
83,2019-08-01T05:06:00Z,3e31004c3f98c98637d117e35e63a4708869bfeb39c6035af11721f8,60.16629,24.95957,00000000fb7600be,4.94
84,2019-08-01T05:06:00Z,42844e90c7134ebb3ec325f57cd27cd24711c779548ebc8692a820d5,60.14951,24.92138,0000000006dd41f6,3.09
85,2019-08-01T05:06:00Z,4285c0633c5db15825c8a369e9a5692a3a6af42b8a2169a4b8103d96,60.14947,24.91438,000000004ef3150d,4.5
86,2019-08-01T05:06:00Z,4342f79fd43eedc658e5e88f2993318b2b2ee5da6e150efb2fbb0cc8,60.14947,24.91438,000000004ef3150d,6.46
87,2019-08-01T05:06:00Z,4562207b59aefa3103f7fe0ffb0580a4c02cf7f9f78306d1773d6834,60.14947,24.91438,000000004ef3150d,7.69
88,2019-08-01T05:06:00Z,462702fc53db3b1c215d1259378f0ea6f4c530e8140e64e7c43b889e,60.16897,24.95222,00000000aa852af1,29.32
89,2019-08-01T05:06:00Z,4903e9f5453d2e71a5af44754c40a2921d5454d157cd41bb6a985511,60.14699,24.922,00000000a53ed894,16.1
90,2019-08-01T05:06:00Z,4bb24c9ae308a43b85976631982c4a7ef3c3a8c2efc6d6e5cc54112e,60.14947,24.91438,000000004ef3150d,18.79
91,2019-08-01T05:06:00Z,4f2ee410fae343924332b7c45d23df66786e3599cf001d739702393e,60.16762,24.95415,000000006b44cce7,16.1
92,2019-08-01T05:06:00Z,504f105f59439e6d67eba7e2bb69f63dea7aba50d66042366ef662c1,60.16762,24.95415,000000006b44cce7,7.69
93,2019-08-01T05:06:00Z,5297efdc8197b944ab181f34275447b5949cb57d48e59619787622c0,60.14947,24.91438,000000004ef3150d,14.89
94,2019-08-01T05:06:00Z,550136d50163b4955cc5f6fd3773e8a7ee676c07459e12022b460848,60.15432,24.9211,0000000019fb59c4,33.81
95,2019-08-01T05:06:00Z,589bb20789d3241fc327df3545cd0d77dfc32c48ce3c98cc5ccd01e4,60.17002,24.94407,000000006b087f40,29.32
96,2019-08-01T05:06:00Z,5a0e84a64ad35ce2e3dff0ef15c7cd0ea46cdb53eddb79abe3cfe727,60.14947,24.91438,000000004ef3150d,21.87
97,2019-08-01T05:06:00Z,5f2ad47a344d7c38f776a106d5de01afd2c85cf86fafa328e91ea03f,60.16629,24.95957,00000000fb7600be,27.28
98,2019-08-01T05:06:00Z,649325bf39f51718595487a7e4b0cf502e657a02f6e43d2034acf106,60.16629,24.95957,00000000fb7600be,25.36
99,2019-08-01T05:06:00Z,660ed791474b4713aace006f54dba0fba97a405bb228d6ddf3453164,60.16762,24.95415,000000006b44cce7,20.28
100,2019-08-01T05:06:00Z,671f9d77c767acb9f9d791833688903089ee1152c5884dd3dc1279ae,60.16531,24.9442,00000000fdda10fe,10.78
101,2019-08-01T05:06:00Z,693e8a2d8170108444875342b55a0194bdb2378057e8a021ca0167cc,60.14699,24.922,00000000a53ed894,21.87
102,2019-08-01T05:06:00Z,6c685001efc801fafb433b43e74a52beafff5f7e1e571831026c038c,60.16897,24.95222,00000000aa852af1,7.69
103,2019-08-01T05:06:00Z,701ebe2f0c93e3d2d5f4c1b9f737199afb3f37f9b49809649903d665,60.16762,24.95415,000000006b44cce7,5.91
104,2019-08-01T05:06:00Z,75b555c80395f77309cb184c5ce7ee47a895b70c345181b5e3e96edd,60.14947,24.91438,000000004ef3150d,9.12
105,2019-08-01T05:06:00Z,77eee7442f7da7b853e64b75fa82aced3ce78b7dcbc8f0128d98e04e,60.17918,24.95141,00000000675d5200,31.5
106,2019-08-01T05:06:00Z,7816f2e9a14b1ab63489ea22b66c2f48aac3b0a03dbb2a0794595847,60.16762,24.95415,000000006b44cce7,21.87
107,2019-08-01T05:06:00Z,7ae7f31bccbc153ce9f900548d97d9d8e225e8de3aff0f1182889159,60.16629,24.95957,00000000fb7600be,25.36
108,2019-08-01T05:06:00Z,7b94bf2ccba346eaf62cede76172646aef50b07d0b7649eb92a69f70,60.16762,24.95415,000000006b44cce7,14.89
109,2019-08-01T05:06:00Z,7fb574a1940e57b45f66e8bff333e5244793935322a2f7f3d56e5855,60.14947,24.91438,000000004ef3150d,13.75
110,2019-08-01T05:06:00Z,84ee94120e34d89358f78efb3ccab2f4b63f1377c89bdb56e4fffe5f,60.16762,24.95415,000000006b44cce7,11.7
111,2019-08-01T05:06:00Z,85d03042474be3a27f0c565b9be68f2eb853143920517b5b950ccc9e,60.17918,24.95141,00000000675d5200,7.69
112,2019-08-01T05:06:00Z,8617e8f003bc263ca3fa0641e23da3562cb9abe3c842c8388db9e3c3,60.16762,24.95415,000000006b44cce7,16.1
113,2019-08-01T05:06:00Z,86b066ea755e9fd56188a608365c78bc7873db821770bdcfc83ed149,60.16762,24.95415,000000006b44cce7,13.75
114,2019-08-01T05:06:00Z,86b1214321cf3e75a47f44c0549da52e930d66687a684dfc50d3bc7e,60.16629,24.95957,00000000fb7600be,14.89
115,2019-08-01T05:06:00Z,8890d6fac2dfa6a1ca64cd7095fe777f6327c6dcc031b979d4228c5c,60.14947,24.91438,000000004ef3150d,17.4
116,2019-08-01T05:06:00Z,8a6d8f222bac27a45ae94b63822abdb48ba87fceea1ed359f90a34f5,60.16762,24.95415,000000006b44cce7,12.69
117,2019-08-01T05:06:00Z,91ed4225593387e468b04b1a2c1de67ee3c0c694bcd73ebfe6667afe,60.17919,24.95181,000000007b5207b6,7.69
118,2019-08-01T05:06:00Z,94870e464bc3ac8c298f544fcd1419aa88aabc8ff5967bb136cce0c7,60.17065,24.93641,000000000f4919c9,17.4
119,2019-08-01T05:06:00Z,97cb002e6606e42ee5d3639fd9f5f88c46ca8b439eee6069310d6125,60.16762,24.95415,000000006b44cce7,3.74
120,2019-08-01T05:06:00Z,99a026b5100e23129fa529e9a57a3dbc8490dc03b58f2193f03e2dcf,60.14951,24.92138,0000000006dd41f6,6.46
121,2019-08-01T05:06:00Z,9e489492589affe11da27279807d3830bbde87250dc8aa9a038f481a,60.14947,24.91438,000000004ef3150d,20.28
122,2019-08-01T05:06:00Z,9e667336a666ccdbc0084e6c8785585293d7a75c275a228f6e37ace4,60.16762,24.95415,000000006b44cce7,14.89
123,2019-08-01T05:06:00Z,a15d887649eedb3629760b88861f9b46647e10579d04b651b4e6fdca,60.14947,24.91438,000000004ef3150d,11.7
124,2019-08-01T05:06:00Z,a6d55993f1588f4aed626fe7cc4b737f18eab50b5f5d0b41b8bf1fc7,60.14947,24.91438,000000004ef3150d,13.75
125,2019-08-01T05:06:00Z,a8c7d85d397619b4a91c2655e8e50b1cfcbf2771d71b62b4681a20c8,60.16448,24.97323,0000000053c6c2be,31.5
126,2019-08-01T05:06:00Z,ab9bd71417cfdc209f901c6cb372a4e9350bc9d79b102159e5aa1fb4,60.14947,24.91438,000000004ef3150d,11.7
127,2019-08-01T05:06:00Z,ad3ef351102e11119b6d3d5f7e5f252a8e08ebbe2073fe8f5b596543,60.14947,24.91438,000000004ef3150d,13.75
128,2019-08-01T05:06:00Z,b13c677402d726136450615de134045a3d7ca15d965d981a40ddff71,60.14947,24.91438,000000004ef3150d,14.89
129,2019-08-01T05:06:00Z,b17cb42a42dd038fad0a3340327edf20932663b75f39e1846b92ef0a,60.16897,24.95222,00000000aa852af1,20.28
130,2019-08-01T05:06:00Z,b1ef65dfaf1a5bd78aa87196ab064eacf7d2d919e44a2ecc141f63ee,60.16629,24.95957,00000000fb7600be,23.56
131,2019-08-01T05:06:00Z,b304d5dfb9da0395ca900aedb94d7b8c65c438b7b784b16a7d8e0fab,60.17002,24.94407,000000006b087f40,29.32
132,2019-08-01T05:06:00Z,b4d85727ca82b90936bbdda1f45e778d8f6c449329f4ccd6b3131d73,60.17918,24.95141,00000000675d5200,23.56
133,2019-08-01T05:06:00Z,b610b10aae9cae3c23f61f75427fea3d77b7f5986c78dfe72031608c,60.16762,24.95415,000000006b44cce7,4.94
134,2019-08-01T05:06:00Z,b72d17f36a2e1bc4a18715a58331f7c7335229680366c7b40ec0c96c,60.14947,24.91438,000000004ef3150d,13.75
135,2019-08-01T05:06:00Z,b7e44e4d917809b5fd2a9dc7b5a9bcf7a69d424341f0d15a11edd16a,60.16762,24.95415,000000006b44cce7,10.78
136,2019-08-01T05:06:00Z,b7f603e8b2e8afa207c5dfca78b4fc4016a6bdbb2ee17b9c66aaef7c,60.14947,24.91438,000000004ef3150d,16.1
137,2019-08-01T05:06:00Z,b82e314339cb261be1fde9621840aa5885a8277934a23e99f9ded33f,60.14947,24.91438,000000004ef3150d,6.46
138,2019-08-01T05:06:00Z,bc5aef3b8aa860bf895f2aad04ba0117d3e6b86504c7e64cff96d7fe,60.16531,24.9442,00000000fdda10fe,14.89
139,2019-08-01T05:06:00Z,bf0193f8059a04d22637cebc33a924de3c00c60e9e5192fcd4d8ad31,60.16762,24.95415,000000006b44cce7,21.87
140,2019-08-01T05:06:00Z,bf17a447b89de15b1f3fea6f674d382cfa3c390e1a0d59a8de6ba28d,60.16762,24.95415,000000006b44cce7,21.87
141,2019-08-01T05:06:00Z,bf99f5daab055187360cb8e057e5049b6a29efc5aa4fd7b27b17a56b,60.16629,24.95957,00000000fb7600be,5.91
142,2019-08-01T05:06:00Z,c0a0ca3433586ed2ae0e448f2406fabac7292ac79d49562e0bd5cef8,60.16762,24.95415,000000006b44cce7,25.36
143,2019-08-01T05:06:00Z,c0af8cb5b781607596d233fa4050dd85179b0f811f3342641c43ca70,60.14947,24.91438,000000004ef3150d,9.92
144,2019-08-01T05:06:00Z,c17224f2be1326c89225d7cc0001a5f3b8ea94c10bbd7007cfbb1e11,60.14947,24.91438,000000004ef3150d,7.05
145,2019-08-01T05:06:00Z,c2bfe53c57304cf69769fe00983d44719e4f180eb97de916e30572a8,60.16531,24.9442,00000000fdda10fe,27.28
146,2019-08-01T05:06:00Z,c3a5c10c7668c30816c6f1e1237c96ab4ba53d9c7388dbe521c5bc45,60.16829,24.94214,00000000afef4555,33.81
147,2019-08-01T05:06:00Z,c5b1ebbc71f7a611a7415c126514bc92963d32b056ba093526802475,60.16762,24.95415,000000006b44cce7,18.79
148,2019-08-01T05:06:00Z,c72ed27c6e76c5f023d59fcaadb7e5d75db7a12cecf09c1bc9e3bac9,60.14947,24.91438,000000004ef3150d,5.41
149,2019-08-01T05:06:00Z,c8da038dbc41a7a0be5f3caf0c5ac817d4d04964003f81aa51d012d7,60.14947,24.91438,000000004ef3150d,4.5
150,2019-08-01T05:06:00Z,c90d4167a52621405ceef8b75a80f390a595edc1f9b9d4cf5a4ec60f,60.16629,24.95957,00000000fb7600be,21.87
151,2019-08-01T05:06:00Z,cbc3156994921658653773eb2a4f8551c5a69162781629976a59c411,60.16629,24.95957,00000000fb7600be,9.12
152,2019-08-01T05:06:00Z,cedd5683202f74806ef7c7a515b43ba8c8aca5d8bbc1dac65ada83a0,60.14947,24.91438,000000004ef3150d,17.4
153,2019-08-01T05:06:00Z,cfe85ee0ac853a08252d9c1e473330677cc564056cc0bf1e71fee0b2,60.14947,24.91438,000000004ef3150d,8.38
154,2019-08-01T05:06:00Z,d2d97b414472c6d29b6448d92a37441db356d260551194d78f952ad3,60.14947,24.91438,000000004ef3150d,7.69
155,2019-08-01T05:06:00Z,d6d7259514bc772934910ac9d6ff4a50f53df3d0bfbecc4a454710e6,60.17002,24.94407,000000006b087f40,23.56
156,2019-08-01T05:06:00Z,d80d3702a5888cd029a4fadf924065ceacbef559466475ed6e41474b,60.14947,24.91438,000000004ef3150d,17.4
157,2019-08-01T05:06:00Z,dae434d100acd5efcd7d94b3d1822427ab252896caeee8bce6a8ad75,60.16629,24.95957,00000000fb7600be,16.1
158,2019-08-01T05:06:00Z,ddc66f45c3c66ac3b725be49063da62a9aa8ca4dfa62ead61e8a4784,60.16629,24.95957,00000000fb7600be,27.28
159,2019-08-01T05:06:00Z,ddc801a50a9a89890709a9db86e347045d9ca8eddef34fa8d2bd6ec1,60.14947,24.91438,000000004ef3150d,9.92
160,2019-08-01T05:06:00Z,e0f4a2f0859a58ee9a42a5bdb0db6db78b964048ee079e7ccc999da4,60.16897,24.95222,00000000aa852af1,13.75
161,2019-08-01T05:06:00Z,e1798585bb1bdfde8d76f3269e02c8c698a1f835aeda3334c64bf17c,60.16629,24.95957,00000000fb7600be,29.32
162,2019-08-01T05:06:00Z,e231d81e45d3fb1ddb4ac5b83a3130fd3dc0d55583b12ba28ad5e468,60.17919,24.95181,000000007b5207b6,2.8
163,2019-08-01T05:06:00Z,e4b9cb94b4ee41b101cb93636c5d677a1e45812e1675f218f5fa2cec,60.14947,24.91438,000000004ef3150d,11.7
164,2019-08-01T05:06:00Z,e8e9e98a3df229d3eb981c3f2e2df827c1ddd82503c786afda025cdf,60.17002,24.94407,000000006b087f40,36.27
165,2019-08-01T05:06:00Z,eb969d811e9bb9df02bde9154a663e0f77dac14775749938bdcbb9ca,60.16629,24.95957,00000000fb7600be,16.1
166,2019-08-01T05:06:00Z,ec44f339ff0e84fce72ee1c95cc27bb99776e709bd9feb36f39019f4,60.16829,24.94214,00000000afef4555,21.87
167,2019-08-01T05:06:00Z,ed4da24ecdcb93d923d8b63266dfd37054c0f2c20c61d8c3a8eba411,60.16629,24.95957,00000000fb7600be,21.87
168,2019-08-01T05:06:00Z,efe4cc65c1b7e062b6926b4b3f7482d17d29d74963924cb16d695d18,60.14947,24.91438,000000004ef3150d,10.78
169,2019-08-01T05:06:00Z,f0e5d20499e11043a87a2620eb1dd8961f693e3c4d0c6d4f0c1d1b53,60.16629,24.95957,00000000fb7600be,17.4
170,2019-08-01T05:06:00Z,f17d2eeca81a011136da12bfcf3305a59c41692b043c32351718c3aa,60.14947,24.91438,000000004ef3150d,11.7
171,2019-08-01T05:06:00Z,f455e397523c83364dfe60bb4df8785f675d5894aa538025ab4df9f4,60.16762,24.95415,000000006b44cce7,23.56
172,2019-08-01T05:06:00Z,f50f4fe3aced72d94382a26938766f7870600c66204437d28e360f34,60.14947,24.91438,000000004ef3150d,20.28
173,2019-08-01T05:06:00Z,f7adfec0f2afb4311798f5b8f7bbd5abbf68d0b2795e24c9ea584fbf,60.16762,24.95415,000000006b44cce7,9.92
174,2019-08-01T05:06:00Z,f814230c10bc6d00d08074e45986c6f6f4470c0e46c10f69f791192b,60.16897,24.95222,00000000aa852af1,14.89
175,2019-08-01T05:06:00Z,f8ef260b0a853f6335deb0d163545a7c176e09c353b0def29e9d83c8,60.15432,24.9211,0000000019fb59c4,5.41
176,2019-08-01T05:06:00Z,fd30b66734217247a078a83bb94e278ba8e0c8a1245efbf00b1d778c,60.16762,24.95415,000000006b44cce7,4.11
177,2019-08-01T05:06:00Z,fffe676ac08524c05866db56149242da9e7bf7017272882994eb58a0,60.17002,24.94407,000000006b087f40,16.1
178,2019-08-01T05:06:01Z,0e1416209fb028540d6cc9e92bac39c618b66675e940eae6cfc44bd3,60.14947,24.91438,000000004ef3150d,16.1
179,2019-08-01T05:06:01Z,112c36ba789fa57e2b19c9bff8bfe0b3eba19a431c3af4656c4cee5b,60.16531,24.9442,00000000fdda10fe,31.5
180,2019-08-01T05:06:01Z,144afc51fc2443c7031a2912566eff2ce60226a49d6d2bd7c2923700,60.16544,24.95398,0000000038d83d41,25.36
181,2019-08-01T05:06:01Z,14c7e1511b70f4dd3359cbece1377aebb4d70531f5489eefe53d7c3c,60.16544,24.95398,0000000038d83d41,21.87
182,2019-08-01T05:06:01Z,15918569de0a46a8eb56b43d8d39f7fc82619ff1006f00822c85745c,60.17919,24.95181,000000007b5207b6,12.69
183,2019-08-01T05:06:01Z,165ebbb4090d47319ae370f0d0854fdc1f6b79499f8b2e4d3c3533c0,60.16544,24.95398,0000000038d83d41,29.32
184,2019-08-01T05:06:01Z,1f0f0628cdc688d76bde2b82bee5b9b4916bf0bbdfe76cf3213e1c65,60.15432,24.9211,0000000019fb59c4,13.75
185,2019-08-01T05:06:01Z,257a5302158da978d72b801b5d7a463bbd4146a7b1c3e9f532779e62,60.17002,24.94407,000000006b087f40,33.81
186,2019-08-01T05:06:01Z,2a93b61a3863ace54349d7a0937e4134fcc6d4dfcf064eefae2b7cf8,60.15432,24.9211,0000000019fb59c4,16.1
187,2019-08-01T05:06:01Z,2cbdb709bb456bc8bca60a86bfa0fd9e979051582401008738e2db26,60.16629,24.95957,00000000fb7600be,31.5
188,2019-08-01T05:06:01Z,2dd6ca2c889266702d554569764346cf583b74b0890b10e00ecd4f82,60.16544,24.95398,0000000038d83d41,31.5
189,2019-08-01T05:06:01Z,351f44e773650f6c4a68cd25c338d2bf5d9a1b20942961befe3b3f11,60.16448,24.97323,0000000053c6c2be,14.89
190,2019-08-01T05:06:01Z,384b4d96a26aae32d2af0c0f637cb59cc8470a36445623930229d524,60.16897,24.95222,00000000aa852af1,21.87
191,2019-08-01T05:06:01Z,4abec48b53c4d82dc781a50af0676249c9d08be31b608a3f378109a6,60.1538,24.95595,0000000038bf9618,27.28
192,2019-08-01T05:06:01Z,54e7fd03bee1eb885df697829799de625b768641b054f4a1e3017350,60.16762,24.95415,000000006b44cce7,25.36
193,2019-08-01T05:06:01Z,59107c0fb745e0aacace35f3eb6888e9aa1cace3ca066219be32fe54,60.16897,24.95222,00000000aa852af1,18.79
194,2019-08-01T05:06:01Z,5d65719c4cbf045f068d084b72302f447d5fd034413d97d13be00d0e,60.18203,24.91341,00000000342570c2,18.79
195,2019-08-01T05:06:01Z,6066632ddc94b5c482a2d4f45ed2532e55e3fd63e414a084a596a737,60.16762,24.95415,000000006b44cce7,27.28
196,2019-08-01T05:06:01Z,6a657079c1bdc8114c289be1ddd83e5846d4279a920d1697b8ff0033,60.18203,24.91341,00000000342570c2,20.28
197,2019-08-01T05:06:01Z,6d22b751ff5173035dc85c52c3dff0780126adae67fe33dc62dd45ef,60.16531,24.9442,00000000fdda10fe,33.81
198,2019-08-01T05:06:01Z,6ff437688c444238352c28f64f9d2a7d0f14d19c9ea42c225380501e,60.16762,24.95415,000000006b44cce7,20.28
199,2019-08-01T05:06:01Z,76c7f42283513d0e289bf786d89463b5025b2ae0f4e13519a4cf228b,60.15432,24.9211,0000000019fb59c4,17.4
200,2019-08-01T05:06:01Z,79f136afa0dd8717337c01c70b457c464aaf0fa25b440f51a394ec23,60.16762,24.95415,000000006b44cce7,17.4
201,2019-08-01T05:06:01Z,84fdfd8881f633c5f0c71c1480053953ca4b05e848052d97c063ad38,60.1538,24.95595,0000000038bf9618,25.36
202,2019-08-01T05:06:01Z,87dfaad29a9276ddddb1fa021d3bc23ad14824c1af16f7d87e713689,60.14951,24.92138,0000000006dd41f6,10.78
203,2019-08-01T05:06:01Z,8c75c3289c84fe4493e1e272a77b615fe1985880c5dc68a7c1a17b53,60.16762,24.95415,000000006b44cce7,18.79
204,2019-08-01T05:06:01Z,8cc6ddaa460aeae8cc9e8a33f91a01c8cd4c0c8bf8a943210a28c84d,60.1538,24.95595,0000000038bf9618,17.4
205,2019-08-01T05:06:01Z,9843c6216661048343a0e49cf3d8aa2883cf77f452666a1c873a1052,60.16448,24.97323,0000000053c6c2be,16.1
206,2019-08-01T05:06:01Z,9d03d14afa49576281aa26db60e517f7c1ec8aa36f7756959a860a8a,60.16629,24.95957,00000000fb7600be,8.38
207,2019-08-01T05:06:01Z,a91d379a4b57c5df22db0d7a041ff69f657b4b31f28554b1011fc03c,60.16544,24.95398,0000000038d83d41,27.28
208,2019-08-01T05:06:01Z,a9da1ee82e3b670e276c26b483dd50f4a6d0c6f77ef82245d3ae6086,60.18203,24.91341,00000000342570c2,27.28
209,2019-08-01T05:06:01Z,b33ae7715d6d2571066655c2c8954a5a364b5601869047de83410d9f,60.16629,24.95957,00000000fb7600be,25.36
210,2019-08-01T05:06:01Z,b4faf2d3c4d2b199afeab6ab63b583fe3a2e81e14abbef6917f25129,60.15432,24.9211,0000000019fb59c4,18.79
211,2019-08-01T05:06:01Z,b5fd6b317890e5ab2d79e2cd1abe61626d45a753c7337d0d40728898,60.16762,24.95415,000000006b44cce7,14.89
212,2019-08-01T05:06:01Z,ba42c72ea7c2663b3ea5044faf12173ab18e523dc35de0e24bf374ac,60.16544,24.95398,0000000038d83d41,29.32
213,2019-08-01T05:06:01Z,ce783d3c1b06378e5c39c25687746a6f88fbb0ff2b36e3405fb61cf8,60.16762,24.95415,000000006b44cce7,14.89
214,2019-08-01T05:06:01Z,cf05623e4d87ce0906c0b0b7dbf53aacc1228016cd27c341228b6e76,60.18203,24.91341,00000000342570c2,20.28
215,2019-08-01T05:06:01Z,d0fc0e103ebf23a337c2b0419616ac2a9c80972a7d137d23e876a794,60.16544,24.95398,0000000038d83d41,18.79
216,2019-08-01T05:06:01Z,d127ead865385b64ae537a703a26be15fae4b5332ce0fbf03d5e0c23,60.1538,24.95595,0000000038bf9618,27.28
217,2019-08-01T05:06:01Z,d1488bd0cc0cb3181e22420268c2b0cec6db349fe43fdd1cac965704,60.16531,24.9442,00000000fdda10fe,33.81
218,2019-08-01T05:06:01Z,dd2c9c82cf3737146294aff6f814a1349fb0bc4bedf518715dacbe8f,60.18203,24.91341,00000000342570c2,21.87
219,2019-08-01T05:06:01Z,e8530b27f394203b0e7d711bffc14cb4c9d40ecf9f4d0abeaad3ec66,60.16544,24.95398,0000000038d83d41,20.28
220,2019-08-01T05:06:01Z,ec72ef080c605e71978aed0d3b5f22c3c3133677a43c614b72eedc6d,60.14699,24.922,00000000a53ed894,20.28
221,2019-08-01T05:06:01Z,ed70dda6b7faebd4340dacdb452ab224d9d3c308df417b7fa76f54e8,60.15133,24.92329,00000000e8a064a4,31.5
222,2019-08-01T05:06:01Z,efd1806e1eee5eca948bc2537df8d816e2cce41009b41189c350ce74,60.16531,24.9442,00000000fdda10fe,31.5
223,2019-08-01T05:06:01Z,f088630d7476dae7d4b7e2bb1f10575f2c89acb4b6e061f3d57c2b40,60.16531,24.9442,00000000fdda10fe,20.28
224,2019-08-01T05:06:01Z,f99c5dd8cc08bd2353083d875ce8bc585fb2c2ff8427b90d92f571de,60.1538,24.95595,0000000038bf9618,38.87
225,2019-08-01T05:06:01Z,fc4f3a44235f1cfc7b53f14ba2da599976a5a0a220d23b852688e485,60.17919,24.95181,000000007b5207b6,20.28
226,2019-08-01T05:06:01Z,fe57278ff97d8d72233dbc1b495b80d0bdae351ca445a26dda45a1fe,60.14947,24.91438,000000004ef3150d,17.4
227,2019-08-01T05:06:01Z,01593a228d6f104e4df89c02b096a5dc8bbeb86610ceadb9bf7b0987,60.16531,24.9442,00000000fdda10fe,23.56
228,2019-08-01T05:06:01Z,01f04476279cb9b2244b0711e6f936199a7ff1561267bc5ae1d3eae5,60.17918,24.95141,00000000675d5200,9.92
229,2019-08-01T05:06:01Z,07d09fe57962d8d707a37c778587054cb9449cd88686b52cc3f8e347,60.14947,24.91438,000000004ef3150d,18.79
230,2019-08-01T05:06:01Z,0894d171e8e4d3bc5ea09f95ae296b378dd2016d42a68c9e6337b0a9,60.16531,24.9442,00000000fdda10fe,16.1
231,2019-08-01T05:06:01Z,092dc7151f42897c7034b7a6d5c5d8b2923564cf260414187ff38586,60.16075,24.95883,00000000f1124bca,17.4
232,2019-08-01T05:06:01Z,0b8959bda94adb9fee9170055fc2724c90053f5ca5f646d173910567,60.14947,24.91438,000000004ef3150d,4.94
233,2019-08-01T05:06:01Z,0df89735201e722b90cdb02acd7212050df67240f88e129ad7028161,60.16762,24.95415,000000006b44cce7,6.46
234,2019-08-01T05:06:01Z,0e692cc8156a8d21239d09a8466fb7ca86a943e888669b2bee0c3fae,60.14947,24.91438,000000004ef3150d,23.56
235,2019-08-01T05:06:01Z,11b01e2cc0ff875c84315d33ca6030436d673711c37dcf22c7250549,60.17919,24.95181,000000007b5207b6,16.1
236,2019-08-01T05:06:01Z,12afca792a5554a146af588580e1b6da5ed9c2be05b53fdec80ebd69,60.149,24.9843,00000000fffb8cf0,25.36
237,2019-08-01T05:06:01Z,1371f3fcecaba1a0c59ae0e58138f2f102733a6255fc1d9f1716b2e0,60.14947,24.91438,000000004ef3150d,38.87
238,2019-08-01T05:06:01Z,1394826a0b86f755c7be49b5753261ac1e86ccc317be4e81637e54e7,60.16531,24.9442,00000000fdda10fe,12.69
239,2019-08-01T05:06:01Z,1439301962ebda214b791f6fcfd14afba034d7a927d78799c12ad1c2,60.16897,24.95222,00000000aa852af1,17.4
240,2019-08-01T05:06:01Z,15856a358b63984a9b11ad5e9df7624cb1101c6aeaeaf6243b7c971a,60.16897,24.95222,00000000aa852af1,27.28
241,2019-08-01T05:06:01Z,16c2e889c792d212ebbdebac58a2abf380b2cf1272c7942fa2b85933,60.16762,24.95415,000000006b44cce7,18.79
242,2019-08-01T05:06:01Z,1742d5b0a34123277e403a51a952400aa0e029c49973236322d29529,60.16897,24.95222,00000000aa852af1,18.79
243,2019-08-01T05:06:01Z,18ec14b2d63253e4c5bc3b3d67f37d6c844238d89b310fec5e7fa5ae,60.15432,24.9211,0000000019fb59c4,8.38
244,2019-08-01T05:06:01Z,1bca92056265535a0ed53a4014439964aea4e99a2c0bdbcb06613ce5,60.16762,24.95415,000000006b44cce7,13.75
245,2019-08-01T05:06:01Z,1cf3c4c63143f205b6179f5d16643367ef077902024a8b9ad515599b,60.16897,24.95222,00000000aa852af1,10.78
246,2019-08-01T05:06:01Z,1e5b2b997afa8af1d86f0e789b20767b846da383f3ceac725e2da2c0,60.14947,24.91438,000000004ef3150d,9.12
247,2019-08-01T05:06:01Z,204e92a2ab9731c04fd137931ee7d6464c1557f3324f0d2a7af92349,60.14947,24.91438,000000004ef3150d,8.38
248,2019-08-01T05:06:01Z,214176b1ff0677f305752db9771763757159b0ae2845fecf9877b267,60.16762,24.95415,000000006b44cce7,17.4
249,2019-08-01T05:06:01Z,217650fdb1673dd7177b8365480f9c834de572526505a0e71b6f9121,60.15432,24.9211,0000000019fb59c4,7.05
250,2019-08-01T05:06:01Z,2290e4e2282c749f5d14aefed3731fa5310534ab3721505f06713187,60.16762,24.95415,000000006b44cce7,14.89
251,2019-08-01T05:06:01Z,24bf16a4aafce17301372116335240b6e80f61cbc0634eff6ce77d19,60.16897,24.95222,00000000aa852af1,27.28
252,2019-08-01T05:06:01Z,26ae5346995177879c43dcdfe3b41d829debc62c90eaf4b8297b921e,60.16762,24.95415,000000006b44cce7,25.36
253,2019-08-01T05:06:01Z,2ad406cf85cf4779c909e9104fc5323fad9bb883c2b2fd5c56521ba7,60.16897,24.95222,00000000aa852af1,23.56
254,2019-08-01T05:06:01Z,2af2bbbbc4ee2d9170b226614def2a1945436ee4f39395d925313944,60.16762,24.95415,000000006b44cce7,12.69
255,2019-08-01T05:06:01Z,2c3077b9bf95766c55ba52cc2d553e96138b52a55c4c4f5268833981,60.16829,24.94214,00000000afef4555,27.28
256,2019-08-01T05:06:01Z,30f1dd0ade5a6bc0144bd2bd1aec2d3bfb4ebceafc4471f0d23f95ea,60.16629,24.95957,00000000fb7600be,10.78
257,2019-08-01T05:06:01Z,3224531d2b2652a5fff015c2ecde644fb6d5000858483c932bed7193,60.14947,24.91438,000000004ef3150d,4.11
258,2019-08-01T05:06:01Z,374320cbdd5fb83471d17a9600c7a9dfc88f683aa93689f3b0a5ad0b,60.16829,24.94214,00000000afef4555,25.36
259,2019-08-01T05:06:01Z,38e13ee57ccace7d2a0608955c28c478181dc92fa57c1fdb9288e88c,60.14947,24.91438,000000004ef3150d,8.38
260,2019-08-01T05:06:01Z,39d2883f216c35d8d24d92ae6b8646e4ef71a6fe0a28b2e68c23ca76,60.16762,24.95415,000000006b44cce7,13.75
261,2019-08-01T05:06:01Z,3cd6c94906378b82b69db78a481f20f2ec49d762396a83f8141093e1,60.14947,24.91438,000000004ef3150d,9.92
262,2019-08-01T05:06:01Z,3d9b7b8814539526be503613bfd69be6cf52bd51a86344fb5baddc39,60.16629,24.95957,00000000fb7600be,13.75
263,2019-08-01T05:06:01Z,3e31004c3f98c98637d117e35e63a4708869bfeb39c6035af11721f8,60.16629,24.95957,00000000fb7600be,5.41
264,2019-08-01T05:06:01Z,418d71a59db1ff552abce47f491a136d4eb3a3fc801b67e5e4728eb7,60.14951,24.92138,0000000006dd41f6,14.89
265,2019-08-01T05:06:01Z,42844e90c7134ebb3ec325f57cd27cd24711c779548ebc8692a820d5,60.14951,24.92138,0000000006dd41f6,4.11
266,2019-08-01T05:06:01Z,4285c0633c5db15825c8a369e9a5692a3a6af42b8a2169a4b8103d96,60.14947,24.91438,000000004ef3150d,4.11
267,2019-08-01T05:06:01Z,4342f79fd43eedc658e5e88f2993318b2b2ee5da6e150efb2fbb0cc8,60.14947,24.91438,000000004ef3150d,7.05
268,2019-08-01T05:06:01Z,4562207b59aefa3103f7fe0ffb0580a4c02cf7f9f78306d1773d6834,60.14947,24.91438,000000004ef3150d,9.12
269,2019-08-01T05:06:01Z,462702fc53db3b1c215d1259378f0ea6f4c530e8140e64e7c43b889e,60.16897,24.95222,00000000aa852af1,21.87
270,2019-08-01T05:06:01Z,478830e26b1b9314c3f35b4ca62aba9828872733abbc7f32b78daac3,60.16531,24.9442,00000000fdda10fe,31.5
271,2019-08-01T05:06:01Z,4903e9f5453d2e71a5af44754c40a2921d5454d157cd41bb6a985511,60.14699,24.922,00000000a53ed894,23.56
272,2019-08-01T05:06:01Z,4bb24c9ae308a43b85976631982c4a7ef3c3a8c2efc6d6e5cc54112e,60.14947,24.91438,000000004ef3150d,16.1
273,2019-08-01T05:06:01Z,4f2ee410fae343924332b7c45d23df66786e3599cf001d739702393e,60.16762,24.95415,000000006b44cce7,16.1
274,2019-08-01T05:06:01Z,504f105f59439e6d67eba7e2bb69f63dea7aba50d66042366ef662c1,60.16762,24.95415,000000006b44cce7,7.05
275,2019-08-01T05:06:01Z,5297efdc8197b944ab181f34275447b5949cb57d48e59619787622c0,60.14947,24.91438,000000004ef3150d,13.75
276,2019-08-01T05:06:01Z,6109ecf340efb51cf5fe6552d3a5669d6498853238488bc6660cfeec,60.16544,24.95398,0000000038d83d41,36.27
277,2019-08-01T05:06:01Z,65bac8219678c9983081bf6dbde1d6d17e1afd1827dfbb5912e1ae8c,60.16544,24.95398,0000000038d83d41,27.28
278,2019-08-01T05:06:01Z,671f9d77c767acb9f9d791833688903089ee1152c5884dd3dc1279ae,60.16531,24.9442,00000000fdda10fe,9.12
279,2019-08-01T05:06:01Z,693e8a2d8170108444875342b55a0194bdb2378057e8a021ca0167cc,60.14699,24.922,00000000a53ed894,21.87
280,2019-08-01T05:06:01Z,6c685001efc801fafb433b43e74a52beafff5f7e1e571831026c038c,60.16897,24.95222,00000000aa852af1,7.69
281,2019-08-01T05:06:01Z,701ebe2f0c93e3d2d5f4c1b9f737199afb3f37f9b49809649903d665,60.16762,24.95415,000000006b44cce7,9.12
282,2019-08-01T05:06:01Z,7076399e2a95d603b988192c320f1c827f2c64ab7fc1aaba1ca50be5,60.14947,24.91438,000000004ef3150d,20.28
283,2019-08-01T05:06:01Z,74cb545f76f0bfc5498607247e26e814276a11ce91f77208054ecbc5,60.17002,24.94407,000000006b087f40,23.56
284,2019-08-01T05:06:01Z,75b555c80395f77309cb184c5ce7ee47a895b70c345181b5e3e96edd,60.14947,24.91438,000000004ef3150d,11.7
285,2019-08-01T05:06:01Z,77eee7442f7da7b853e64b75fa82aced3ce78b7dcbc8f0128d98e04e,60.17919,24.95181,000000007b5207b6,12.69
286,2019-08-01T05:06:01Z,7ae7f31bccbc153ce9f900548d97d9d8e225e8de3aff0f1182889159,60.16629,24.95957,00000000fb7600be,23.56
287,2019-08-01T05:06:01Z,7fb574a1940e57b45f66e8bff333e5244793935322a2f7f3d56e5855,60.14947,24.91438,000000004ef3150d,27.28
288,2019-08-01T05:06:01Z,82c276b4d24253126b13ffa220a12ff6c1c57c5a5c4b4982e98ff89a,60.14699,24.922,00000000a53ed894,21.87
289,2019-08-01T05:06:01Z,84ee94120e34d89358f78efb3ccab2f4b63f1377c89bdb56e4fffe5f,60.16762,24.95415,000000006b44cce7,12.69
290,2019-08-01T05:06:01Z,85d03042474be3a27f0c565b9be68f2eb853143920517b5b950ccc9e,60.17919,24.95181,000000007b5207b6,2.8
291,2019-08-01T05:06:01Z,8617e8f003bc263ca3fa0641e23da3562cb9abe3c842c8388db9e3c3,60.16762,24.95415,000000006b44cce7,14.89
292,2019-08-01T05:06:01Z,86b1214321cf3e75a47f44c0549da52e930d66687a684dfc50d3bc7e,60.16629,24.95957,00000000fb7600be,16.1
293,2019-08-01T05:06:01Z,8a2e9f33305031c33528eb73973f6871d847b584ffe384a1555e9127,60.14947,24.91438,000000004ef3150d,21.87
294,2019-08-01T05:06:01Z,8a6d8f222bac27a45ae94b63822abdb48ba87fceea1ed359f90a34f5,60.16762,24.95415,000000006b44cce7,18.79
295,2019-08-01T05:06:01Z,911868021a496b336c4e9d33187bdd4eb02df979ef63ad6661706723,60.16629,24.95957,00000000fb7600be,16.1
296,2019-08-01T05:06:01Z,91ed4225593387e468b04b1a2c1de67ee3c0c694bcd73ebfe6667afe,60.17919,24.95181,000000007b5207b6,7.05
297,2019-08-01T05:06:01Z,94870e464bc3ac8c298f544fcd1419aa88aabc8ff5967bb136cce0c7,60.17065,24.93641,000000000f4919c9,23.56
298,2019-08-01T05:06:01Z,9584051ff9921e70b956c4a329f155d7db78eb27fc0b37623d619243,60.14699,24.922,00000000a53ed894,21.87
299,2019-08-01T05:06:01Z,97cb002e6606e42ee5d3639fd9f5f88c46ca8b439eee6069310d6125,60.16762,24.95415,000000006b44cce7,3.74
300,2019-08-01T05:06:01Z,99a026b5100e23129fa529e9a57a3dbc8490dc03b58f2193f03e2dcf,60.14951,24.92138,0000000006dd41f6,5.91
301,2019-08-01T05:06:01Z,9a3d810af3e10a1c674d13f2228245813ae31694d640b8074c26d8c5,60.16897,24.95222,00000000aa852af1,9.92
302,2019-08-01T05:06:01Z,9d30cd57b0a81019f53c1e870ea2e0dc8f3270c6eec42af95b81a362,60.14947,24.91438,000000004ef3150d,16.1
303,2019-08-01T05:06:01Z,9e489492589affe11da27279807d3830bbde87250dc8aa9a038f481a,60.14947,24.91438,000000004ef3150d,14.89
304,2019-08-01T05:06:01Z,9e667336a666ccdbc0084e6c8785585293d7a75c275a228f6e37ace4,60.16762,24.95415,000000006b44cce7,12.69
305,2019-08-01T05:06:01Z,a15d887649eedb3629760b88861f9b46647e10579d04b651b4e6fdca,60.14947,24.91438,000000004ef3150d,17.4
306,2019-08-01T05:06:01Z,a6d55993f1588f4aed626fe7cc4b737f18eab50b5f5d0b41b8bf1fc7,60.14947,24.91438,000000004ef3150d,9.92
307,2019-08-01T05:06:01Z,ab9bd71417cfdc209f901c6cb372a4e9350bc9d79b102159e5aa1fb4,60.14947,24.91438,000000004ef3150d,7.69
308,2019-08-01T05:06:01Z,b13c677402d726136450615de134045a3d7ca15d965d981a40ddff71,60.14947,24.91438,000000004ef3150d,9.92
309,2019-08-01T05:06:01Z,b304d5dfb9da0395ca900aedb94d7b8c65c438b7b784b16a7d8e0fab,60.17002,24.94407,000000006b087f40,29.32
310,2019-08-01T05:06:01Z,b4d85727ca82b90936bbdda1f45e778d8f6c449329f4ccd6b3131d73,60.17918,24.95141,00000000675d5200,27.28
311,2019-08-01T05:06:01Z,b5235a10f5bde41f6c69ac545042bf3114c76282f9d1cbdab2d1d834,60.16897,24.95222,00000000aa852af1,31.5
312,2019-08-01T05:06:01Z,b610b10aae9cae3c23f61f75427fea3d77b7f5986c78dfe72031608c,60.16762,24.95415,000000006b44cce7,5.41
313,2019-08-01T05:06:01Z,b72d17f36a2e1bc4a18715a58331f7c7335229680366c7b40ec0c96c,60.14947,24.91438,000000004ef3150d,12.69
314,2019-08-01T05:06:01Z,b7f603e8b2e8afa207c5dfca78b4fc4016a6bdbb2ee17b9c66aaef7c,60.14947,24.91438,000000004ef3150d,16.1
315,2019-08-01T05:06:01Z,b82e314339cb261be1fde9621840aa5885a8277934a23e99f9ded33f,60.14947,24.91438,000000004ef3150d,4.94
316,2019-08-01T05:06:01Z,bc5aef3b8aa860bf895f2aad04ba0117d3e6b86504c7e64cff96d7fe,60.16531,24.9442,00000000fdda10fe,11.7
317,2019-08-01T05:06:01Z,bf0193f8059a04d22637cebc33a924de3c00c60e9e5192fcd4d8ad31,60.16762,24.95415,000000006b44cce7,16.1
318,2019-08-01T05:06:01Z,bf17a447b89de15b1f3fea6f674d382cfa3c390e1a0d59a8de6ba28d,60.16762,24.95415,000000006b44cce7,11.7
319,2019-08-01T05:06:01Z,bf99f5daab055187360cb8e057e5049b6a29efc5aa4fd7b27b17a56b,60.16629,24.95957,00000000fb7600be,4.94
320,2019-08-01T05:06:01Z,c0af8cb5b781607596d233fa4050dd85179b0f811f3342641c43ca70,60.14947,24.91438,000000004ef3150d,16.1
321,2019-08-01T05:06:01Z,c17224f2be1326c89225d7cc0001a5f3b8ea94c10bbd7007cfbb1e11,60.14947,24.91438,000000004ef3150d,8.38
322,2019-08-01T05:06:01Z,c32f0c0c238a3acd9dc579fc42b97aa2e4e3b3cff2d3aefd41ea5f7a,60.14947,24.91438,000000004ef3150d,7.69
323,2019-08-01T05:06:01Z,c72ed27c6e76c5f023d59fcaadb7e5d75db7a12cecf09c1bc9e3bac9,60.14947,24.91438,000000004ef3150d,5.41
324,2019-08-01T05:06:01Z,c7c50e68bc71abbff91d592ab5930d2f024f84bbc8616eb7cce10a7e,60.16762,24.95415,000000006b44cce7,23.56
325,2019-08-01T05:06:01Z,c8da038dbc41a7a0be5f3caf0c5ac817d4d04964003f81aa51d012d7,60.14947,24.91438,000000004ef3150d,3.74
326,2019-08-01T05:06:01Z,c951417da7c925b508679f1c66e74778777d9081202aead4febb5b65,60.17002,24.94407,000000006b087f40,31.5
