,time,hash,latitude,longitude,serial,distance
0,2019-08-04T03:06:00Z,14c7e1511b70f4dd3359cbece1377aebb4d70531f5489eefe53d7c3c,60.16544,24.95398,0000000038d83d41,25.36
1,2019-08-04T03:06:00Z,165ebbb4090d47319ae370f0d0854fdc1f6b79499f8b2e4d3c3533c0,60.16544,24.95398,0000000038d83d41,36.27
2,2019-08-04T03:06:00Z,17b28910b6cbc057680693633275c4ca53938281bc38178f96c44947,60.17002,24.94407,000000006b087f40,36.27
3,2019-08-04T03:06:00Z,297c725b456ef12d2712634b21546721cbe93224d3a5762d897404f2,60.16762,24.95415,000000006b44cce7,16.1
4,2019-08-04T03:06:00Z,3944bc7a301be7241d1f7bc4a97f221000d535ce3d8a9af9af9b23b5,60.16531,24.9442,00000000fdda10fe,31.5
5,2019-08-04T03:06:00Z,43b676ed3aef4c2d8846694817e76117873be52e7f788e0cb366c1c4,60.16629,24.95957,00000000fb7600be,21.87
6,2019-08-04T03:06:00Z,43ea43e1aaac8d6d523965f79fd32aa5e5942a98e66e9b6dbaf67f8d,60.16897,24.95222,00000000aa852af1,17.4
7,2019-08-04T03:06:00Z,5bbb5184fded3e51bc78e45e39917794285e6bbc72da404802a9599a,60.16531,24.9442,00000000fdda10fe,20.28
8,2019-08-04T03:06:00Z,5c833bdbbf1fd3a307bb37daa4021d8b3d3342b1552dcc0989fe9b16,60.16762,24.95415,000000006b44cce7,9.92
9,2019-08-04T03:06:00Z,5d65719c4cbf045f068d084b72302f447d5fd034413d97d13be00d0e,60.18203,24.91341,00000000342570c2,18.79
10,2019-08-04T03:06:00Z,6066632ddc94b5c482a2d4f45ed2532e55e3fd63e414a084a596a737,60.16762,24.95415,000000006b44cce7,17.4
11,2019-08-04T03:06:00Z,66dabd3229229330d23c70e9e1737429ddfe69db01f4a6a00f70fa20,60.16762,24.95415,000000006b44cce7,25.36
12,2019-08-04T03:06:00Z,6a70e2fbced719333e21eff04fcb9cb36bae9a04d1a3d6ddd96f2c58,60.15432,24.9211,0000000019fb59c4,18.79
13,2019-08-04T03:06:00Z,6c4c3fd8fa1c46dafdf6c420406a7ed41d85ebbdee767b1937ce6af0,60.16762,24.95415,000000006b44cce7,17.4
14,2019-08-04T03:06:00Z,6f06341f358e61699fe1e55e986dd0554bc8da28b91daf0c5ad99db6,60.16629,24.95957,00000000fb7600be,27.28
15,2019-08-04T03:06:00Z,6ff437688c444238352c28f64f9d2a7d0f14d19c9ea42c225380501e,60.16762,24.95415,000000006b44cce7,18.79
16,2019-08-04T03:06:00Z,7986470a464b3209b8bd8128aa284404949b052dd423b443746edcff,60.14951,24.92138,0000000006dd41f6,23.56
17,2019-08-04T03:06:00Z,79f136afa0dd8717337c01c70b457c464aaf0fa25b440f51a394ec23,60.16762,24.95415,000000006b44cce7,9.92
18,2019-08-04T03:06:00Z,87dfaad29a9276ddddb1fa021d3bc23ad14824c1af16f7d87e713689,60.14951,24.92138,0000000006dd41f6,9.12
19,2019-08-04T03:06:00Z,89982a6acf91b79a282a6b63978e946ee205f303fcd20e944e06baf0,60.16544,24.95398,0000000038d83d41,31.5
20,2019-08-04T03:06:00Z,8c75c3289c84fe4493e1e272a77b615fe1985880c5dc68a7c1a17b53,60.16762,24.95415,000000006b44cce7,16.1
21,2019-08-04T03:06:00Z,9041c42fbb1cf987ee209454d6f5fab418a20e06fd7625460be30fa6,60.16531,24.9442,00000000fdda10fe,38.87
22,2019-08-04T03:06:00Z,91d3b80de4439a4a49ddb8a04d72a0a2ec6c08f351d70232842af567,60.16762,24.95415,000000006b44cce7,25.36
23,2019-08-04T03:06:00Z,a91d379a4b57c5df22db0d7a041ff69f657b4b31f28554b1011fc03c,60.16544,24.95398,0000000038d83d41,33.81
24,2019-08-04T03:06:00Z,b5fd6b317890e5ab2d79e2cd1abe61626d45a753c7337d0d40728898,60.16762,24.95415,000000006b44cce7,18.79
25,2019-08-04T03:06:00Z,c40c37def6bf11a63a2556519a7c6233fd417cdeea2cf14f28e7c42c,60.16531,24.9442,00000000fdda10fe,21.87
26,2019-08-04T03:06:00Z,c9cb2b9de2b21abecad29584393bea94a97f282f234f310e2468d7a7,60.16075,24.95883,00000000f1124bca,25.36
27,2019-08-04T03:06:00Z,cf05623e4d87ce0906c0b0b7dbf53aacc1228016cd27c341228b6e76,60.18203,24.91341,00000000342570c2,17.4
28,2019-08-04T03:06:00Z,d0bb9fef9a0ef26adcdd4732c9c20361bce49826f32c2892242831b8,60.16762,24.95415,000000006b44cce7,16.1
29,2019-08-04T03:06:00Z,f088630d7476dae7d4b7e2bb1f10575f2c89acb4b6e061f3d57c2b40,60.16531,24.9442,00000000fdda10fe,25.36
30,2019-08-04T03:06:00Z,f31f5bdb4a4c81da52b05c2e91ed700307625920f573cdcf68c91d19,60.16897,24.95222,00000000aa852af1,31.5
31,2019-08-04T03:06:00Z,f6609ab1076b1105bb845595a03b41b8fbb282f79c337df5bbc9f841,60.14699,24.922,00000000a53ed894,17.4
32,2019-08-04T03:06:00Z,fc4f3a44235f1cfc7b53f14ba2da599976a5a0a220d23b852688e485,60.17918,24.95141,00000000675d5200,33.81
33,2019-08-04T03:06:00Z,1521b87b7a9e6ecc63baf18910e23b2edfa1d1f9397323c84e3df018,60.16762,24.95415,000000006b44cce7,13.75
34,2019-08-04T03:06:00Z,17f804b57a297c523edc893cce4d92d491d1fd7225e452e477c3452a,60.17918,24.95141,00000000675d5200,21.87
35,2019-08-04T03:06:00Z,2696f6a462520c8284659d993a9bf0545c2b2f278e1538f7f60dd1d3,60.17002,24.94407,000000006b087f40,10.78
36,2019-08-04T03:06:00Z,2c8032ee9c50a97b7159cef5e956491de77e522e8507bc52fb6cc1be,60.17918,24.95141,00000000675d5200,20.28
37,2019-08-04T03:06:00Z,3a12a20eb3b09492c0dfa44f8a12f1c4549893f7b837457fa489cf44,60.16762,24.95415,000000006b44cce7,4.11
38,2019-08-04T03:06:00Z,3abdca7f289a38321eced1d2c10bc40cfdad482969ebf9f5b070deeb,60.14699,24.922,00000000a53ed894,27.28
39,2019-08-04T03:06:00Z,41289794c25ffccdbd6a7a504b7ad3a48227b6daf873bc6d8a03e53d,60.16762,24.95415,000000006b44cce7,13.75
40,2019-08-04T03:06:00Z,426cdc34d09ffa24dee6f34182e9bc42c2c9e820d8dea4f1394aa0ed,60.14947,24.91438,000000004ef3150d,10.78
41,2019-08-04T03:06:00Z,584cb0b0cdd14e608c8b57c8aecc9826f9b40027e365e2438a444ea2,60.16762,24.95415,000000006b44cce7,23.56
42,2019-08-04T03:06:00Z,628acf46da1bbdbf44ac7df5f622c49dd50f450f7dd73449cbcce3c6,60.16762,24.95415,000000006b44cce7,38.87
43,2019-08-04T03:06:00Z,711064af4c0fcb1ffdcc72de359b4e6774650469487e7eb67b9b41bd,60.17002,24.94407,000000006b087f40,21.87
44,2019-08-04T03:06:00Z,76091bd44a2e593bbecc7956a630d68c929de57a9481ba93abf0ade2,60.14947,24.91438,000000004ef3150d,29.32
45,2019-08-04T03:06:00Z,7af0c77f50a36fde55c6116ce6fc95063a67a5db61e827b85739d62d,60.16762,24.95415,000000006b44cce7,18.79
46,2019-08-04T03:06:00Z,89b45bdebce09ecb1f557e953bd9ecdce161f85bfe7aa84b135bf374,60.16629,24.95957,00000000fb7600be,14.89
47,2019-08-04T03:06:00Z,9aa6011401452463ec819f07785394855c0b49c418b8e19d5fc768df,60.1538,24.95595,0000000038bf9618,27.28
48,2019-08-04T03:06:00Z,bb2c4de0510bfe060e738547c66e86f3a6e00fb924ab4edacd5e6bdb,60.16762,24.95415,000000006b44cce7,2.08
49,2019-08-04T03:06:00Z,bc07df8cc395f6f4f5d483b2233caca5f93a6918f346e4cc3702f8cc,60.16531,24.9442,00000000fdda10fe,7.05
50,2019-08-04T03:06:00Z,c0a0ca3433586ed2ae0e448f2406fabac7292ac79d49562e0bd5cef8,60.16762,24.95415,000000006b44cce7,23.56
51,2019-08-04T03:06:00Z,d00f32677e342c7dcb88c9fa30272e08ec9a4f49d8006dffbf598a03,60.16762,24.95415,000000006b44cce7,16.1
52,2019-08-04T03:06:00Z,e509022ba675358e831ecfb6238c726021b3d1d0332d8396d1395e6b,60.1538,24.95595,0000000038bf9618,14.89
53,2019-08-04T03:06:00Z,e7baeb3fa75db84982c28c08efcf29a123618b687c634aae2f7a2b1a,60.16531,24.9442,00000000fdda10fe,18.79
54,2019-08-04T03:06:00Z,ecd3f6878f10e201456713c185926a3d85ae8b5eb2484b73f155ec5a,60.16531,24.9442,00000000fdda10fe,9.92
55,2019-08-04T03:06:00Z,f8328584d8ffa1bdb2d8f40666c7141ff1286eed1cd559c95e85d707,60.149,24.9843,00000000fffb8cf0,16.1
56,2019-08-04T03:06:01Z,14c7e1511b70f4dd3359cbece1377aebb4d70531f5489eefe53d7c3c,60.16544,24.95398,0000000038d83d41,23.56
57,2019-08-04T03:06:01Z,165ebbb4090d47319ae370f0d0854fdc1f6b79499f8b2e4d3c3533c0,60.16544,24.95398,0000000038d83d41,31.5
58,2019-08-04T03:06:01Z,1e1b69bbd5271cb05d9dc603cfa6849cf04dee6947ffc8f585d00d59,60.16544,24.95398,0000000038d83d41,21.87
59,2019-08-04T03:06:01Z,3944bc7a301be7241d1f7bc4a97f221000d535ce3d8a9af9af9b23b5,60.16531,24.9442,00000000fdda10fe,31.5
60,2019-08-04T03:06:01Z,43b676ed3aef4c2d8846694817e76117873be52e7f788e0cb366c1c4,60.16629,24.95957,00000000fb7600be,29.32
61,2019-08-04T03:06:01Z,43ea43e1aaac8d6d523965f79fd32aa5e5942a98e66e9b6dbaf67f8d,60.16897,24.95222,00000000aa852af1,12.69
62,2019-08-04T03:06:01Z,5c833bdbbf1fd3a307bb37daa4021d8b3d3342b1552dcc0989fe9b16,60.16762,24.95415,000000006b44cce7,17.4
63,2019-08-04T03:06:01Z,5d65719c4cbf045f068d084b72302f447d5fd034413d97d13be00d0e,60.18203,24.91341,00000000342570c2,20.28
64,2019-08-04T03:06:01Z,5fecff186138a9b3e31c6086c33dcd5f1d209e64f0afeed7c688cab0,60.17002,24.94407,000000006b087f40,31.5
65,2019-08-04T03:06:01Z,6066632ddc94b5c482a2d4f45ed2532e55e3fd63e414a084a596a737,60.16762,24.95415,000000006b44cce7,18.79
66,2019-08-04T03:06:01Z,6a70e2fbced719333e21eff04fcb9cb36bae9a04d1a3d6ddd96f2c58,60.15432,24.9211,0000000019fb59c4,38.87
67,2019-08-04T03:06:01Z,6c4c3fd8fa1c46dafdf6c420406a7ed41d85ebbdee767b1937ce6af0,60.16762,24.95415,000000006b44cce7,27.28
68,2019-08-04T03:06:01Z,6f06341f358e61699fe1e55e986dd0554bc8da28b91daf0c5ad99db6,60.16629,24.95957,00000000fb7600be,21.87
69,2019-08-04T03:06:01Z,6ff437688c444238352c28f64f9d2a7d0f14d19c9ea42c225380501e,60.16762,24.95415,000000006b44cce7,20.28
70,2019-08-04T03:06:01Z,747f2d1ebff218c0ebbdc0fdaef4cbe56633dfb46ae1b1f8c8142201,60.16762,24.95415,000000006b44cce7,14.89
71,2019-08-04T03:06:01Z,87dfaad29a9276ddddb1fa021d3bc23ad14824c1af16f7d87e713689,60.14951,24.92138,0000000006dd41f6,8.38
72,2019-08-04T03:06:01Z,89982a6acf91b79a282a6b63978e946ee205f303fcd20e944e06baf0,60.16544,24.95398,0000000038d83d41,25.36
73,2019-08-04T03:06:01Z,8c75c3289c84fe4493e1e272a77b615fe1985880c5dc68a7c1a17b53,60.16762,24.95415,000000006b44cce7,11.7
74,2019-08-04T03:06:01Z,a91d379a4b57c5df22db0d7a041ff69f657b4b31f28554b1011fc03c,60.16544,24.95398,0000000038d83d41,31.5
75,2019-08-04T03:06:01Z,b5fd6b317890e5ab2d79e2cd1abe61626d45a753c7337d0d40728898,60.16762,24.95415,000000006b44cce7,10.78
76,2019-08-04T03:06:01Z,c9cb2b9de2b21abecad29584393bea94a97f282f234f310e2468d7a7,60.16075,24.95883,00000000f1124bca,27.28
77,2019-08-04T03:06:01Z,cf05623e4d87ce0906c0b0b7dbf53aacc1228016cd27c341228b6e76,60.18203,24.91341,00000000342570c2,17.4
78,2019-08-04T03:06:01Z,d0bb9fef9a0ef26adcdd4732c9c20361bce49826f32c2892242831b8,60.16762,24.95415,000000006b44cce7,11.7
79,2019-08-04T03:06:01Z,f088630d7476dae7d4b7e2bb1f10575f2c89acb4b6e061f3d57c2b40,60.16531,24.9442,00000000fdda10fe,25.36
80,2019-08-04T03:06:01Z,f31f5bdb4a4c81da52b05c2e91ed700307625920f573cdcf68c91d19,60.16897,24.95222,00000000aa852af1,31.5
81,2019-08-04T03:06:01Z,f6609ab1076b1105bb845595a03b41b8fbb282f79c337df5bbc9f841,60.14699,24.922,00000000a53ed894,12.69
82,2019-08-04T03:06:01Z,fc4f3a44235f1cfc7b53f14ba2da599976a5a0a220d23b852688e485,60.17918,24.95141,00000000675d5200,31.5
83,2019-08-04T03:06:01Z,1521b87b7a9e6ecc63baf18910e23b2edfa1d1f9397323c84e3df018,60.16762,24.95415,000000006b44cce7,29.32
84,2019-08-04T03:06:01Z,17f804b57a297c523edc893cce4d92d491d1fd7225e452e477c3452a,60.17918,24.95141,00000000675d5200,7.05
85,2019-08-04T03:06:01Z,189fd85c9d0ced7c38621d6fb1582d17a023f89af3c3a62e674b718a,60.16762,24.95415,000000006b44cce7,21.87
86,2019-08-04T03:06:01Z,1dacfb371d75dd4f90f447aac2a00faad98beb4188a6971c19eb2375,60.16629,24.95957,00000000fb7600be,29.32
87,2019-08-04T03:06:01Z,2696f6a462520c8284659d993a9bf0545c2b2f278e1538f7f60dd1d3,60.17002,24.94407,000000006b087f40,11.7
88,2019-08-04T03:06:01Z,2c8032ee9c50a97b7159cef5e956491de77e522e8507bc52fb6cc1be,60.17918,24.95141,00000000675d5200,20.28
89,2019-08-04T03:06:01Z,3a12a20eb3b09492c0dfa44f8a12f1c4549893f7b837457fa489cf44,60.16762,24.95415,000000006b44cce7,4.5
90,2019-08-04T03:06:01Z,41289794c25ffccdbd6a7a504b7ad3a48227b6daf873bc6d8a03e53d,60.16762,24.95415,000000006b44cce7,8.38
91,2019-08-04T03:06:01Z,426cdc34d09ffa24dee6f34182e9bc42c2c9e820d8dea4f1394aa0ed,60.14947,24.91438,000000004ef3150d,10.78
92,2019-08-04T03:06:01Z,584cb0b0cdd14e608c8b57c8aecc9826f9b40027e365e2438a444ea2,60.16762,24.95415,000000006b44cce7,13.75
93,2019-08-04T03:06:01Z,5de8e7ff1c1f4086c7c6407fdcef5df75bea3b7a9b4f3154ff423521,60.16897,24.95222,00000000aa852af1,33.81
94,2019-08-04T03:06:01Z,699b48bb93c5befb62ff0686e75f158406b659f14daec16ab66d4499,60.15432,24.9211,0000000019fb59c4,29.32
95,2019-08-04T03:06:01Z,70cc7b0a8e166380ca0fbc55a58d9a59c9de9f05a9f95ebb82482d5a,60.16762,24.95415,000000006b44cce7,18.79
96,2019-08-04T03:06:01Z,711064af4c0fcb1ffdcc72de359b4e6774650469487e7eb67b9b41bd,60.17002,24.94407,000000006b087f40,23.56
97,2019-08-04T03:06:01Z,74cb545f76f0bfc5498607247e26e814276a11ce91f77208054ecbc5,60.17002,24.94407,000000006b087f40,21.87
98,2019-08-04T03:06:01Z,76091bd44a2e593bbecc7956a630d68c929de57a9481ba93abf0ade2,60.14947,24.91438,000000004ef3150d,23.56
99,2019-08-04T03:06:01Z,7af0c77f50a36fde55c6116ce6fc95063a67a5db61e827b85739d62d,60.16762,24.95415,000000006b44cce7,18.79
100,2019-08-04T03:06:01Z,89b45bdebce09ecb1f557e953bd9ecdce161f85bfe7aa84b135bf374,60.16629,24.95957,00000000fb7600be,27.28
101,2019-08-04T03:06:01Z,915955f4626e60d9e1c94b685e0989df26ec2f6fb02117ead9e8a2fb,60.14947,24.91438,000000004ef3150d,33.81
102,2019-08-04T03:06:01Z,bb2c4de0510bfe060e738547c66e86f3a6e00fb924ab4edacd5e6bdb,60.16762,24.95415,000000006b44cce7,2.08
103,2019-08-04T03:06:01Z,bc07df8cc395f6f4f5d483b2233caca5f93a6918f346e4cc3702f8cc,60.16531,24.9442,00000000fdda10fe,7.05
104,2019-08-04T03:06:01Z,bcc9d17285b2d1d29c7b886abd1dbec580f583d913e117ec2215752f,60.16829,24.94214,00000000afef4555,27.28
105,2019-08-04T03:06:01Z,c0a0ca3433586ed2ae0e448f2406fabac7292ac79d49562e0bd5cef8,60.16762,24.95415,000000006b44cce7,23.56
106,2019-08-04T03:06:01Z,d00f32677e342c7dcb88c9fa30272e08ec9a4f49d8006dffbf598a03,60.16762,24.95415,000000006b44cce7,13.75
107,2019-08-04T03:06:01Z,d5fae08e8dbac66d2e49fc805d5db9e9bb6b14bad53722dabbe3eaa6,60.16448,24.97323,0000000053c6c2be,18.79
108,2019-08-04T03:06:01Z,e509022ba675358e831ecfb6238c726021b3d1d0332d8396d1395e6b,60.1538,24.95595,0000000038bf9618,8.38
109,2019-08-04T03:06:01Z,e7baeb3fa75db84982c28c08efcf29a123618b687c634aae2f7a2b1a,60.16531,24.9442,00000000fdda10fe,23.56
110,2019-08-04T03:06:01Z,ecd3f6878f10e201456713c185926a3d85ae8b5eb2484b73f155ec5a,60.16531,24.9442,00000000fdda10fe,8.38
111,2019-08-04T03:06:01Z,ed3b2eaece7e8846b296ad5c3f195aafb7410c95a88887d845982981,60.16762,24.95415,000000006b44cce7,16.1
112,2019-08-04T03:06:01Z,f8328584d8ffa1bdb2d8f40666c7141ff1286eed1cd559c95e85d707,60.149,24.9843,00000000fffb8cf0,14.89
113,2019-08-04T03:06:02Z,14c7e1511b70f4dd3359cbece1377aebb4d70531f5489eefe53d7c3c,60.16544,24.95398,0000000038d83d41,25.36
114,2019-08-04T03:06:02Z,17b28910b6cbc057680693633275c4ca53938281bc38178f96c44947,60.17002,24.94407,000000006b087f40,33.81
115,2019-08-04T03:06:02Z,297c725b456ef12d2712634b21546721cbe93224d3a5762d897404f2,60.16762,24.95415,000000006b44cce7,16.1
116,2019-08-04T03:06:02Z,3944bc7a301be7241d1f7bc4a97f221000d535ce3d8a9af9af9b23b5,60.16531,24.9442,00000000fdda10fe,23.56
117,2019-08-04T03:06:02Z,43b676ed3aef4c2d8846694817e76117873be52e7f788e0cb366c1c4,60.16629,24.95957,00000000fb7600be,27.28
118,2019-08-04T03:06:02Z,43ea43e1aaac8d6d523965f79fd32aa5e5942a98e66e9b6dbaf67f8d,60.16897,24.95222,00000000aa852af1,20.28
119,2019-08-04T03:06:02Z,5bbb5184fded3e51bc78e45e39917794285e6bbc72da404802a9599a,60.16531,24.9442,00000000fdda10fe,18.79
120,2019-08-04T03:06:02Z,5c833bdbbf1fd3a307bb37daa4021d8b3d3342b1552dcc0989fe9b16,60.16762,24.95415,000000006b44cce7,17.4
121,2019-08-04T03:06:02Z,5d65719c4cbf045f068d084b72302f447d5fd034413d97d13be00d0e,60.18203,24.91341,00000000342570c2,18.79
122,2019-08-04T03:06:02Z,5fecff186138a9b3e31c6086c33dcd5f1d209e64f0afeed7c688cab0,60.17002,24.94407,000000006b087f40,23.56
123,2019-08-04T03:06:02Z,6066632ddc94b5c482a2d4f45ed2532e55e3fd63e414a084a596a737,60.16762,24.95415,000000006b44cce7,25.36
124,2019-08-04T03:06:02Z,6a70e2fbced719333e21eff04fcb9cb36bae9a04d1a3d6ddd96f2c58,60.15432,24.9211,0000000019fb59c4,20.28
125,2019-08-04T03:06:02Z,6c4c3fd8fa1c46dafdf6c420406a7ed41d85ebbdee767b1937ce6af0,60.16762,24.95415,000000006b44cce7,16.1
126,2019-08-04T03:06:02Z,6f06341f358e61699fe1e55e986dd0554bc8da28b91daf0c5ad99db6,60.16629,24.95957,00000000fb7600be,27.28
127,2019-08-04T03:06:02Z,79f136afa0dd8717337c01c70b457c464aaf0fa25b440f51a394ec23,60.16762,24.95415,000000006b44cce7,21.87
128,2019-08-04T03:06:02Z,87dfaad29a9276ddddb1fa021d3bc23ad14824c1af16f7d87e713689,60.14951,24.92138,0000000006dd41f6,9.12
129,2019-08-04T03:06:02Z,89982a6acf91b79a282a6b63978e946ee205f303fcd20e944e06baf0,60.16544,24.95398,0000000038d83d41,27.28
130,2019-08-04T03:06:02Z,8b0535dd90c15c8fd1b256e7a48369741b0fe9d58f8f05f6e46134b7,60.16544,24.95398,0000000038d83d41,36.27
131,2019-08-04T03:06:02Z,8c75c3289c84fe4493e1e272a77b615fe1985880c5dc68a7c1a17b53,60.16762,24.95415,000000006b44cce7,11.7
132,2019-08-04T03:06:02Z,91d3b80de4439a4a49ddb8a04d72a0a2ec6c08f351d70232842af567,60.16762,24.95415,000000006b44cce7,25.36
133,2019-08-04T03:06:02Z,a0972d97514e29907d2ba46aa19e778b1b09a7e4eda4cf9e59e50cf7,60.14947,24.91438,000000004ef3150d,33.81
134,2019-08-04T03:06:02Z,a91d379a4b57c5df22db0d7a041ff69f657b4b31f28554b1011fc03c,60.16544,24.95398,0000000038d83d41,33.81
135,2019-08-04T03:06:02Z,b33ae7715d6d2571066655c2c8954a5a364b5601869047de83410d9f,60.16629,24.95957,00000000fb7600be,21.87
136,2019-08-04T03:06:02Z,b5fd6b317890e5ab2d79e2cd1abe61626d45a753c7337d0d40728898,60.16762,24.95415,000000006b44cce7,16.1
137,2019-08-04T03:06:02Z,c40c37def6bf11a63a2556519a7c6233fd417cdeea2cf14f28e7c42c,60.16531,24.9442,00000000fdda10fe,18.79
138,2019-08-04T03:06:02Z,c578a1f266f1ac8f40756ab095d6d81719f90b3a1d4c4808f72ce963,60.14951,24.92138,0000000006dd41f6,27.28
139,2019-08-04T03:06:02Z,c9cb2b9de2b21abecad29584393bea94a97f282f234f310e2468d7a7,60.16075,24.95883,00000000f1124bca,23.56
140,2019-08-04T03:06:02Z,cf05623e4d87ce0906c0b0b7dbf53aacc1228016cd27c341228b6e76,60.18203,24.91341,00000000342570c2,17.4
141,2019-08-04T03:06:02Z,d0bb9fef9a0ef26adcdd4732c9c20361bce49826f32c2892242831b8,60.16762,24.95415,000000006b44cce7,20.28
142,2019-08-04T03:06:02Z,f088630d7476dae7d4b7e2bb1f10575f2c89acb4b6e061f3d57c2b40,60.16531,24.9442,00000000fdda10fe,23.56
143,2019-08-04T03:06:02Z,f31f5bdb4a4c81da52b05c2e91ed700307625920f573cdcf68c91d19,60.16897,24.95222,00000000aa852af1,31.5
144,2019-08-04T03:06:02Z,f6609ab1076b1105bb845595a03b41b8fbb282f79c337df5bbc9f841,60.14699,24.922,00000000a53ed894,13.75
145,2019-08-04T03:06:02Z,fc4f3a44235f1cfc7b53f14ba2da599976a5a0a220d23b852688e485,60.17918,24.95141,00000000675d5200,29.32
146,2019-08-04T03:06:02Z,17f804b57a297c523edc893cce4d92d491d1fd7225e452e477c3452a,60.17918,24.95141,00000000675d5200,9.92
147,2019-08-04T03:06:02Z,189fd85c9d0ced7c38621d6fb1582d17a023f89af3c3a62e674b718a,60.16762,24.95415,000000006b44cce7,20.28
148,2019-08-04T03:06:02Z,1dacfb371d75dd4f90f447aac2a00faad98beb4188a6971c19eb2375,60.16629,24.95957,00000000fb7600be,29.32
149,2019-08-04T03:06:02Z,2c8032ee9c50a97b7159cef5e956491de77e522e8507bc52fb6cc1be,60.17918,24.95141,00000000675d5200,14.89
150,2019-08-04T03:06:02Z,3a12a20eb3b09492c0dfa44f8a12f1c4549893f7b837457fa489cf44,60.16762,24.95415,000000006b44cce7,7.05
151,2019-08-04T03:06:02Z,41289794c25ffccdbd6a7a504b7ad3a48227b6daf873bc6d8a03e53d,60.16762,24.95415,000000006b44cce7,4.5
152,2019-08-04T03:06:02Z,426cdc34d09ffa24dee6f34182e9bc42c2c9e820d8dea4f1394aa0ed,60.14947,24.91438,000000004ef3150d,11.7
153,2019-08-04T03:06:02Z,584cb0b0cdd14e608c8b57c8aecc9826f9b40027e365e2438a444ea2,60.16762,24.95415,000000006b44cce7,12.69
154,2019-08-04T03:06:02Z,628acf46da1bbdbf44ac7df5f622c49dd50f450f7dd73449cbcce3c6,60.16762,24.95415,000000006b44cce7,18.79
155,2019-08-04T03:06:02Z,699b48bb93c5befb62ff0686e75f158406b659f14daec16ab66d4499,60.15432,24.9211,0000000019fb59c4,20.28
156,2019-08-04T03:06:02Z,711064af4c0fcb1ffdcc72de359b4e6774650469487e7eb67b9b41bd,60.17002,24.94407,000000006b087f40,17.4
157,2019-08-04T03:06:02Z,76091bd44a2e593bbecc7956a630d68c929de57a9481ba93abf0ade2,60.14947,24.91438,000000004ef3150d,14.89
158,2019-08-04T03:06:02Z,89b45bdebce09ecb1f557e953bd9ecdce161f85bfe7aa84b135bf374,60.16629,24.95957,00000000fb7600be,13.75
159,2019-08-04T03:06:02Z,915955f4626e60d9e1c94b685e0989df26ec2f6fb02117ead9e8a2fb,60.14947,24.91438,000000004ef3150d,36.27
160,2019-08-04T03:06:02Z,9aa6011401452463ec819f07785394855c0b49c418b8e19d5fc768df,60.1538,24.95595,0000000038bf9618,27.28
161,2019-08-04T03:06:02Z,9d713c9ce415e473048b45bbb35d6dcdef35cabaca39aa54f2e781a3,60.16531,24.9442,00000000fdda10fe,41.64
162,2019-08-04T03:06:02Z,bb2c4de0510bfe060e738547c66e86f3a6e00fb924ab4edacd5e6bdb,60.16762,24.95415,000000006b44cce7,2.8
163,2019-08-04T03:06:02Z,bc07df8cc395f6f4f5d483b2233caca5f93a6918f346e4cc3702f8cc,60.16531,24.9442,00000000fdda10fe,8.38
164,2019-08-04T03:06:02Z,c0a0ca3433586ed2ae0e448f2406fabac7292ac79d49562e0bd5cef8,60.16762,24.95415,000000006b44cce7,11.7
165,2019-08-04T03:06:02Z,c9ce14e0dbf0cf3c24f6a92a1930fa32de9a1de0ffe63082ccddb0d6,60.16448,24.97323,0000000053c6c2be,25.36
166,2019-08-04T03:06:02Z,d00f32677e342c7dcb88c9fa30272e08ec9a4f49d8006dffbf598a03,60.16762,24.95415,000000006b44cce7,16.1
167,2019-08-04T03:06:02Z,d5fae08e8dbac66d2e49fc805d5db9e9bb6b14bad53722dabbe3eaa6,60.16448,24.97323,0000000053c6c2be,16.1
168,2019-08-04T03:06:02Z,e509022ba675358e831ecfb6238c726021b3d1d0332d8396d1395e6b,60.1538,24.95595,0000000038bf9618,8.38
169,2019-08-04T03:06:02Z,e5b564cf327f7db10f48bff6a13bbcb59e968da0f12c91756dfdfc09,60.16762,24.95415,000000006b44cce7,20.28
170,2019-08-04T03:06:02Z,e7baeb3fa75db84982c28c08efcf29a123618b687c634aae2f7a2b1a,60.16531,24.9442,00000000fdda10fe,21.87
171,2019-08-04T03:06:02Z,ecd3f6878f10e201456713c185926a3d85ae8b5eb2484b73f155ec5a,60.16531,24.9442,00000000fdda10fe,11.7
172,2019-08-04T03:06:02Z,ed3b2eaece7e8846b296ad5c3f195aafb7410c95a88887d845982981,60.16762,24.95415,000000006b44cce7,23.56
173,2019-08-04T03:06:02Z,f8328584d8ffa1bdb2d8f40666c7141ff1286eed1cd559c95e85d707,60.149,24.9843,00000000fffb8cf0,13.75
174,2019-08-04T03:06:03Z,14c7e1511b70f4dd3359cbece1377aebb4d70531f5489eefe53d7c3c,60.16544,24.95398,0000000038d83d41,23.56
175,2019-08-04T03:06:03Z,17b28910b6cbc057680693633275c4ca53938281bc38178f96c44947,60.17002,24.94407,000000006b087f40,50.98
176,2019-08-04T03:06:03Z,1e1b69bbd5271cb05d9dc603cfa6849cf04dee6947ffc8f585d00d59,60.16544,24.95398,0000000038d83d41,27.28
177,2019-08-04T03:06:03Z,297c725b456ef12d2712634b21546721cbe93224d3a5762d897404f2,60.16762,24.95415,000000006b44cce7,16.1
178,2019-08-04T03:06:03Z,3944bc7a301be7241d1f7bc4a97f221000d535ce3d8a9af9af9b23b5,60.16531,24.9442,00000000fdda10fe,33.81
179,2019-08-04T03:06:03Z,43b676ed3aef4c2d8846694817e76117873be52e7f788e0cb366c1c4,60.16629,24.95957,00000000fb7600be,31.5
180,2019-08-04T03:06:03Z,43ea43e1aaac8d6d523965f79fd32aa5e5942a98e66e9b6dbaf67f8d,60.16897,24.95222,00000000aa852af1,14.89
181,2019-08-04T03:06:03Z,5c833bdbbf1fd3a307bb37daa4021d8b3d3342b1552dcc0989fe9b16,60.16762,24.95415,000000006b44cce7,17.4
182,2019-08-04T03:06:03Z,5d65719c4cbf045f068d084b72302f447d5fd034413d97d13be00d0e,60.18203,24.91341,00000000342570c2,17.4
183,2019-08-04T03:06:03Z,5fecff186138a9b3e31c6086c33dcd5f1d209e64f0afeed7c688cab0,60.17002,24.94407,000000006b087f40,41.64
184,2019-08-04T03:06:03Z,6066632ddc94b5c482a2d4f45ed2532e55e3fd63e414a084a596a737,60.16762,24.95415,000000006b44cce7,18.79
185,2019-08-04T03:06:03Z,66dabd3229229330d23c70e9e1737429ddfe69db01f4a6a00f70fa20,60.16762,24.95415,000000006b44cce7,23.56
186,2019-08-04T03:06:03Z,6a70e2fbced719333e21eff04fcb9cb36bae9a04d1a3d6ddd96f2c58,60.15432,24.9211,0000000019fb59c4,18.79
187,2019-08-04T03:06:03Z,6c4c3fd8fa1c46dafdf6c420406a7ed41d85ebbdee767b1937ce6af0,60.16762,24.95415,000000006b44cce7,21.87
188,2019-08-04T03:06:03Z,793101e1460a163336a3cac64fab8c81000c19084220aefc41e83e08,60.14951,24.92138,0000000006dd41f6,33.81
189,2019-08-04T03:06:03Z,7986470a464b3209b8bd8128aa284404949b052dd423b443746edcff,60.14951,24.92138,0000000006dd41f6,29.32
190,2019-08-04T03:06:03Z,79f136afa0dd8717337c01c70b457c464aaf0fa25b440f51a394ec23,60.16762,24.95415,000000006b44cce7,10.78
191,2019-08-04T03:06:03Z,87dfaad29a9276ddddb1fa021d3bc23ad14824c1af16f7d87e713689,60.14951,24.92138,0000000006dd41f6,10.78
192,2019-08-04T03:06:03Z,89982a6acf91b79a282a6b63978e946ee205f303fcd20e944e06baf0,60.16544,24.95398,0000000038d83d41,23.56
193,2019-08-04T03:06:03Z,8c75c3289c84fe4493e1e272a77b615fe1985880c5dc68a7c1a17b53,60.16762,24.95415,000000006b44cce7,29.32
194,2019-08-04T03:06:03Z,91d3b80de4439a4a49ddb8a04d72a0a2ec6c08f351d70232842af567,60.16762,24.95415,000000006b44cce7,23.56
195,2019-08-04T03:06:03Z,b5fd6b317890e5ab2d79e2cd1abe61626d45a753c7337d0d40728898,60.16762,24.95415,000000006b44cce7,10.78
196,2019-08-04T03:06:03Z,c9cb2b9de2b21abecad29584393bea94a97f282f234f310e2468d7a7,60.16075,24.95883,00000000f1124bca,27.28
197,2019-08-04T03:06:03Z,ce197d5eedb5498917afe7ca3f7275ffeb191f0c5d050bffa154c1d2,60.16531,24.9442,00000000fdda10fe,29.32
198,2019-08-04T03:06:03Z,cf05623e4d87ce0906c0b0b7dbf53aacc1228016cd27c341228b6e76,60.18203,24.91341,00000000342570c2,18.79
199,2019-08-04T03:06:03Z,d0bb9fef9a0ef26adcdd4732c9c20361bce49826f32c2892242831b8,60.16762,24.95415,000000006b44cce7,17.4
200,2019-08-04T03:06:03Z,f088630d7476dae7d4b7e2bb1f10575f2c89acb4b6e061f3d57c2b40,60.16531,24.9442,00000000fdda10fe,23.56
201,2019-08-04T03:06:03Z,f31f5bdb4a4c81da52b05c2e91ed700307625920f573cdcf68c91d19,60.16897,24.95222,00000000aa852af1,38.87
202,2019-08-04T03:06:03Z,f6609ab1076b1105bb845595a03b41b8fbb282f79c337df5bbc9f841,60.14699,24.922,00000000a53ed894,11.7
203,2019-08-04T03:06:03Z,fc4f3a44235f1cfc7b53f14ba2da599976a5a0a220d23b852688e485,60.17919,24.95181,000000007b5207b6,21.87
204,2019-08-04T03:06:03Z,1521b87b7a9e6ecc63baf18910e23b2edfa1d1f9397323c84e3df018,60.16762,24.95415,000000006b44cce7,17.4
205,2019-08-04T03:06:03Z,17f804b57a297c523edc893cce4d92d491d1fd7225e452e477c3452a,60.17918,24.95141,00000000675d5200,7.05
206,2019-08-04T03:06:03Z,189fd85c9d0ced7c38621d6fb1582d17a023f89af3c3a62e674b718a,60.16762,24.95415,000000006b44cce7,23.56
207,2019-08-04T03:06:03Z,1dacfb371d75dd4f90f447aac2a00faad98beb4188a6971c19eb2375,60.16629,24.95957,00000000fb7600be,21.87
208,2019-08-04T03:06:03Z,2696f6a462520c8284659d993a9bf0545c2b2f278e1538f7f60dd1d3,60.17002,24.94407,000000006b087f40,12.69
209,2019-08-04T03:06:03Z,2c8032ee9c50a97b7159cef5e956491de77e522e8507bc52fb6cc1be,60.17918,24.95141,00000000675d5200,27.28
210,2019-08-04T03:06:03Z,3a12a20eb3b09492c0dfa44f8a12f1c4549893f7b837457fa489cf44,60.16762,24.95415,000000006b44cce7,4.11
211,2019-08-04T03:06:03Z,41289794c25ffccdbd6a7a504b7ad3a48227b6daf873bc6d8a03e53d,60.16762,24.95415,000000006b44cce7,7.05
212,2019-08-04T03:06:03Z,426cdc34d09ffa24dee6f34182e9bc42c2c9e820d8dea4f1394aa0ed,60.14947,24.91438,000000004ef3150d,9.12
213,2019-08-04T03:06:03Z,584cb0b0cdd14e608c8b57c8aecc9826f9b40027e365e2438a444ea2,60.16762,24.95415,000000006b44cce7,12.69
214,2019-08-04T03:06:03Z,699b48bb93c5befb62ff0686e75f158406b659f14daec16ab66d4499,60.15432,24.9211,0000000019fb59c4,18.79
215,2019-08-04T03:06:03Z,70cc7b0a8e166380ca0fbc55a58d9a59c9de9f05a9f95ebb82482d5a,60.16762,24.95415,000000006b44cce7,18.79
216,2019-08-04T03:06:03Z,711064af4c0fcb1ffdcc72de359b4e6774650469487e7eb67b9b41bd,60.17002,24.94407,000000006b087f40,20.28
217,2019-08-04T03:06:03Z,74cb545f76f0bfc5498607247e26e814276a11ce91f77208054ecbc5,60.17002,24.94407,000000006b087f40,20.28
218,2019-08-04T03:06:03Z,76091bd44a2e593bbecc7956a630d68c929de57a9481ba93abf0ade2,60.14947,24.91438,000000004ef3150d,20.28
219,2019-08-04T03:06:03Z,7af0c77f50a36fde55c6116ce6fc95063a67a5db61e827b85739d62d,60.16762,24.95415,000000006b44cce7,27.28
220,2019-08-04T03:06:03Z,89b45bdebce09ecb1f557e953bd9ecdce161f85bfe7aa84b135bf374,60.16629,24.95957,00000000fb7600be,16.1
221,2019-08-04T03:06:03Z,bb2c4de0510bfe060e738547c66e86f3a6e00fb924ab4edacd5e6bdb,60.16762,24.95415,000000006b44cce7,3.09
222,2019-08-04T03:06:03Z,bc07df8cc395f6f4f5d483b2233caca5f93a6918f346e4cc3702f8cc,60.16531,24.9442,00000000fdda10fe,9.12
223,2019-08-04T03:06:03Z,d5fae08e8dbac66d2e49fc805d5db9e9bb6b14bad53722dabbe3eaa6,60.16448,24.97323,0000000053c6c2be,16.1
224,2019-08-04T03:06:03Z,e509022ba675358e831ecfb6238c726021b3d1d0332d8396d1395e6b,60.1538,24.95595,0000000038bf9618,18.79
225,2019-08-04T03:06:03Z,e5b564cf327f7db10f48bff6a13bbcb59e968da0f12c91756dfdfc09,60.16762,24.95415,000000006b44cce7,21.87
226,2019-08-04T03:06:03Z,ecd3f6878f10e201456713c185926a3d85ae8b5eb2484b73f155ec5a,60.16531,24.9442,00000000fdda10fe,10.78
227,2019-08-04T03:06:03Z,ed3b2eaece7e8846b296ad5c3f195aafb7410c95a88887d845982981,60.16762,24.95415,000000006b44cce7,17.4
228,2019-08-04T03:06:03Z,f8328584d8ffa1bdb2d8f40666c7141ff1286eed1cd559c95e85d707,60.149,24.9843,00000000fffb8cf0,29.32
229,2019-08-04T03:06:04Z,14c7e1511b70f4dd3359cbece1377aebb4d70531f5489eefe53d7c3c,60.16544,24.95398,0000000038d83d41,21.87
230,2019-08-04T03:06:04Z,297c725b456ef12d2712634b21546721cbe93224d3a5762d897404f2,60.16762,24.95415,000000006b44cce7,14.89
231,2019-08-04T03:06:04Z,3944bc7a301be7241d1f7bc4a97f221000d535ce3d8a9af9af9b23b5,60.16531,24.9442,00000000fdda10fe,29.32
232,2019-08-04T03:06:04Z,43b676ed3aef4c2d8846694817e76117873be52e7f788e0cb366c1c4,60.16629,24.95957,00000000fb7600be,25.36
233,2019-08-04T03:06:04Z,43ea43e1aaac8d6d523965f79fd32aa5e5942a98e66e9b6dbaf67f8d,60.16897,24.95222,00000000aa852af1,13.75
234,2019-08-04T03:06:04Z,5bbb5184fded3e51bc78e45e39917794285e6bbc72da404802a9599a,60.16531,24.9442,00000000fdda10fe,20.28
235,2019-08-04T03:06:04Z,5c833bdbbf1fd3a307bb37daa4021d8b3d3342b1552dcc0989fe9b16,60.16762,24.95415,000000006b44cce7,17.4
236,2019-08-04T03:06:04Z,5d65719c4cbf045f068d084b72302f447d5fd034413d97d13be00d0e,60.18203,24.91341,00000000342570c2,17.4
237,2019-08-04T03:06:04Z,5fecff186138a9b3e31c6086c33dcd5f1d209e64f0afeed7c688cab0,60.17002,24.94407,000000006b087f40,23.56
238,2019-08-04T03:06:04Z,66dabd3229229330d23c70e9e1737429ddfe69db01f4a6a00f70fa20,60.16762,24.95415,000000006b44cce7,21.87
239,2019-08-04T03:06:04Z,6a70e2fbced719333e21eff04fcb9cb36bae9a04d1a3d6ddd96f2c58,60.15432,24.9211,0000000019fb59c4,17.4
240,2019-08-04T03:06:04Z,6c4c3fd8fa1c46dafdf6c420406a7ed41d85ebbdee767b1937ce6af0,60.16762,24.95415,000000006b44cce7,20.28
241,2019-08-04T03:06:04Z,6ff437688c444238352c28f64f9d2a7d0f14d19c9ea42c225380501e,60.16762,24.95415,000000006b44cce7,18.79
242,2019-08-04T03:06:04Z,747f2d1ebff218c0ebbdc0fdaef4cbe56633dfb46ae1b1f8c8142201,60.16762,24.95415,000000006b44cce7,16.1
243,2019-08-04T03:06:04Z,7986470a464b3209b8bd8128aa284404949b052dd423b443746edcff,60.14951,24.92138,0000000006dd41f6,25.36
244,2019-08-04T03:06:04Z,79f136afa0dd8717337c01c70b457c464aaf0fa25b440f51a394ec23,60.16762,24.95415,000000006b44cce7,21.87
245,2019-08-04T03:06:04Z,87dfaad29a9276ddddb1fa021d3bc23ad14824c1af16f7d87e713689,60.14951,24.92138,0000000006dd41f6,9.12
246,2019-08-04T03:06:04Z,89982a6acf91b79a282a6b63978e946ee205f303fcd20e944e06baf0,60.16544,24.95398,0000000038d83d41,21.87
247,2019-08-04T03:06:04Z,8c75c3289c84fe4493e1e272a77b615fe1985880c5dc68a7c1a17b53,60.16762,24.95415,000000006b44cce7,11.7
248,2019-08-04T03:06:04Z,a91d379a4b57c5df22db0d7a041ff69f657b4b31f28554b1011fc03c,60.16544,24.95398,0000000038d83d41,29.32
249,2019-08-04T03:06:04Z,b33ae7715d6d2571066655c2c8954a5a364b5601869047de83410d9f,60.16629,24.95957,00000000fb7600be,20.28
250,2019-08-04T03:06:04Z,b5fd6b317890e5ab2d79e2cd1abe61626d45a753c7337d0d40728898,60.16762,24.95415,000000006b44cce7,12.69
251,2019-08-04T03:06:04Z,c40c37def6bf11a63a2556519a7c6233fd417cdeea2cf14f28e7c42c,60.16531,24.9442,00000000fdda10fe,25.36
252,2019-08-04T03:06:04Z,c578a1f266f1ac8f40756ab095d6d81719f90b3a1d4c4808f72ce963,60.14951,24.92138,0000000006dd41f6,21.87
253,2019-08-04T03:06:04Z,c9cb2b9de2b21abecad29584393bea94a97f282f234f310e2468d7a7,60.16075,24.95883,00000000f1124bca,23.56
254,2019-08-04T03:06:04Z,cf05623e4d87ce0906c0b0b7dbf53aacc1228016cd27c341228b6e76,60.18203,24.91341,00000000342570c2,20.28
255,2019-08-04T03:06:04Z,d0bb9fef9a0ef26adcdd4732c9c20361bce49826f32c2892242831b8,60.16762,24.95415,000000006b44cce7,14.89
256,2019-08-04T03:06:04Z,f088630d7476dae7d4b7e2bb1f10575f2c89acb4b6e061f3d57c2b40,60.16531,24.9442,00000000fdda10fe,23.56
257,2019-08-04T03:06:04Z,f6609ab1076b1105bb845595a03b41b8fbb282f79c337df5bbc9f841,60.14699,24.922,00000000a53ed894,11.7
258,2019-08-04T03:06:04Z,fc4f3a44235f1cfc7b53f14ba2da599976a5a0a220d23b852688e485,60.17919,24.95181,000000007b5207b6,18.79
259,2019-08-04T03:06:04Z,1521b87b7a9e6ecc63baf18910e23b2edfa1d1f9397323c84e3df018,60.16762,24.95415,000000006b44cce7,16.1
260,2019-08-04T03:06:04Z,17f804b57a297c523edc893cce4d92d491d1fd7225e452e477c3452a,60.17918,24.95141,00000000675d5200,9.92
261,2019-08-04T03:06:04Z,2696f6a462520c8284659d993a9bf0545c2b2f278e1538f7f60dd1d3,60.17002,24.94407,000000006b087f40,12.69
262,2019-08-04T03:06:04Z,2c8032ee9c50a97b7159cef5e956491de77e522e8507bc52fb6cc1be,60.17918,24.95141,00000000675d5200,13.75
263,2019-08-04T03:06:04Z,3a12a20eb3b09492c0dfa44f8a12f1c4549893f7b837457fa489cf44,60.16762,24.95415,000000006b44cce7,3.4
264,2019-08-04T03:06:04Z,41289794c25ffccdbd6a7a504b7ad3a48227b6daf873bc6d8a03e53d,60.16762,24.95415,000000006b44cce7,6.46
265,2019-08-04T03:06:04Z,426cdc34d09ffa24dee6f34182e9bc42c2c9e820d8dea4f1394aa0ed,60.14947,24.91438,000000004ef3150d,9.92
266,2019-08-04T03:06:04Z,584cb0b0cdd14e608c8b57c8aecc9826f9b40027e365e2438a444ea2,60.16762,24.95415,000000006b44cce7,11.7
267,2019-08-04T03:06:04Z,699b48bb93c5befb62ff0686e75f158406b659f14daec16ab66d4499,60.15432,24.9211,0000000019fb59c4,21.87
268,2019-08-04T03:06:04Z,70cc7b0a8e166380ca0fbc55a58d9a59c9de9f05a9f95ebb82482d5a,60.16762,24.95415,000000006b44cce7,14.89
269,2019-08-04T03:06:04Z,76091bd44a2e593bbecc7956a630d68c929de57a9481ba93abf0ade2,60.14947,24.91438,000000004ef3150d,17.4
270,2019-08-04T03:06:04Z,89b45bdebce09ecb1f557e953bd9ecdce161f85bfe7aa84b135bf374,60.16629,24.95957,00000000fb7600be,14.89
271,2019-08-04T03:06:04Z,9aa6011401452463ec819f07785394855c0b49c418b8e19d5fc768df,60.1538,24.95595,0000000038bf9618,25.36
272,2019-08-04T03:06:04Z,bb2c4de0510bfe060e738547c66e86f3a6e00fb924ab4edacd5e6bdb,60.16762,24.95415,000000006b44cce7,4.94
273,2019-08-04T03:06:04Z,bc07df8cc395f6f4f5d483b2233caca5f93a6918f346e4cc3702f8cc,60.16531,24.9442,00000000fdda10fe,10.78
274,2019-08-04T03:06:04Z,bcc9d17285b2d1d29c7b886abd1dbec580f583d913e117ec2215752f,60.16829,24.94214,00000000afef4555,25.36
275,2019-08-04T03:06:04Z,c0a0ca3433586ed2ae0e448f2406fabac7292ac79d49562e0bd5cef8,60.16762,24.95415,000000006b44cce7,12.69
276,2019-08-04T03:06:04Z,d00f32677e342c7dcb88c9fa30272e08ec9a4f49d8006dffbf598a03,60.16762,24.95415,000000006b44cce7,14.89
277,2019-08-04T03:06:04Z,d5fae08e8dbac66d2e49fc805d5db9e9bb6b14bad53722dabbe3eaa6,60.16448,24.97323,0000000053c6c2be,17.4
278,2019-08-04T03:06:04Z,e509022ba675358e831ecfb6238c726021b3d1d0332d8396d1395e6b,60.1538,24.95595,0000000038bf9618,14.89
279,2019-08-04T03:06:04Z,ecd3f6878f10e201456713c185926a3d85ae8b5eb2484b73f155ec5a,60.16531,24.9442,00000000fdda10fe,9.92
280,2019-08-04T03:06:04Z,ed3b2eaece7e8846b296ad5c3f195aafb7410c95a88887d845982981,60.16762,24.95415,000000006b44cce7,16.1
281,2019-08-04T03:06:04Z,f8328584d8ffa1bdb2d8f40666c7141ff1286eed1cd559c95e85d707,60.149,24.9843,00000000fffb8cf0,16.1
282,2019-08-04T03:06:05Z,14c7e1511b70f4dd3359cbece1377aebb4d70531f5489eefe53d7c3c,60.16544,24.95398,0000000038d83d41,21.87
283,2019-08-04T03:06:05Z,165ebbb4090d47319ae370f0d0854fdc1f6b79499f8b2e4d3c3533c0,60.16544,24.95398,0000000038d83d41,29.32
284,2019-08-04T03:06:05Z,297c725b456ef12d2712634b21546721cbe93224d3a5762d897404f2,60.16762,24.95415,000000006b44cce7,16.1
285,2019-08-04T03:06:05Z,3944bc7a301be7241d1f7bc4a97f221000d535ce3d8a9af9af9b23b5,60.16531,24.9442,00000000fdda10fe,25.36
286,2019-08-04T03:06:05Z,43b676ed3aef4c2d8846694817e76117873be52e7f788e0cb366c1c4,60.16629,24.95957,00000000fb7600be,27.28
287,2019-08-04T03:06:05Z,43ea43e1aaac8d6d523965f79fd32aa5e5942a98e66e9b6dbaf67f8d,60.16897,24.95222,00000000aa852af1,16.1
288,2019-08-04T03:06:05Z,5c833bdbbf1fd3a307bb37daa4021d8b3d3342b1552dcc0989fe9b16,60.16762,24.95415,000000006b44cce7,17.4
289,2019-08-04T03:06:05Z,5d65719c4cbf045f068d084b72302f447d5fd034413d97d13be00d0e,60.18203,24.91341,00000000342570c2,21.87
290,2019-08-04T03:06:05Z,5fecff186138a9b3e31c6086c33dcd5f1d209e64f0afeed7c688cab0,60.17002,24.94407,000000006b087f40,25.36
291,2019-08-04T03:06:05Z,6066632ddc94b5c482a2d4f45ed2532e55e3fd63e414a084a596a737,60.16762,24.95415,000000006b44cce7,16.1
292,2019-08-04T03:06:05Z,66dabd3229229330d23c70e9e1737429ddfe69db01f4a6a00f70fa20,60.16762,24.95415,000000006b44cce7,20.28
293,2019-08-04T03:06:05Z,6a70e2fbced719333e21eff04fcb9cb36bae9a04d1a3d6ddd96f2c58,60.15432,24.9211,0000000019fb59c4,17.4
294,2019-08-04T03:06:05Z,6c4c3fd8fa1c46dafdf6c420406a7ed41d85ebbdee767b1937ce6af0,60.16762,24.95415,000000006b44cce7,23.56
295,2019-08-04T03:06:05Z,6f06341f358e61699fe1e55e986dd0554bc8da28b91daf0c5ad99db6,60.16629,24.95957,00000000fb7600be,23.56
296,2019-08-04T03:06:05Z,6ff437688c444238352c28f64f9d2a7d0f14d19c9ea42c225380501e,60.16762,24.95415,000000006b44cce7,21.87
297,2019-08-04T03:06:05Z,747f2d1ebff218c0ebbdc0fdaef4cbe56633dfb46ae1b1f8c8142201,60.16762,24.95415,000000006b44cce7,14.89
298,2019-08-04T03:06:05Z,7986470a464b3209b8bd8128aa284404949b052dd423b443746edcff,60.14951,24.92138,0000000006dd41f6,27.28
299,2019-08-04T03:06:05Z,79f136afa0dd8717337c01c70b457c464aaf0fa25b440f51a394ec23,60.16762,24.95415,000000006b44cce7,23.56
300,2019-08-04T03:06:05Z,7de75f59d3110cdf6e742fba9785ed0399f83ea50e4c5d255adb21ff,60.16897,24.95222,00000000aa852af1,23.56
301,2019-08-04T03:06:05Z,87dfaad29a9276ddddb1fa021d3bc23ad14824c1af16f7d87e713689,60.14951,24.92138,0000000006dd41f6,12.69
302,2019-08-04T03:06:05Z,89982a6acf91b79a282a6b63978e946ee205f303fcd20e944e06baf0,60.16544,24.95398,0000000038d83d41,21.87
303,2019-08-04T03:06:05Z,8c75c3289c84fe4493e1e272a77b615fe1985880c5dc68a7c1a17b53,60.16762,24.95415,000000006b44cce7,12.69
304,2019-08-04T03:06:05Z,91d3b80de4439a4a49ddb8a04d72a0a2ec6c08f351d70232842af567,60.16762,24.95415,000000006b44cce7,21.87
305,2019-08-04T03:06:05Z,a91d379a4b57c5df22db0d7a041ff69f657b4b31f28554b1011fc03c,60.16544,24.95398,0000000038d83d41,29.32
306,2019-08-04T03:06:05Z,b5fd6b317890e5ab2d79e2cd1abe61626d45a753c7337d0d40728898,60.16762,24.95415,000000006b44cce7,7.69
307,2019-08-04T03:06:05Z,c9cb2b9de2b21abecad29584393bea94a97f282f234f310e2468d7a7,60.16075,24.95883,00000000f1124bca,25.36
308,2019-08-04T03:06:05Z,ce197d5eedb5498917afe7ca3f7275ffeb191f0c5d050bffa154c1d2,60.16531,24.9442,00000000fdda10fe,31.5
309,2019-08-04T03:06:05Z,cf05623e4d87ce0906c0b0b7dbf53aacc1228016cd27c341228b6e76,60.18203,24.91341,00000000342570c2,20.28
310,2019-08-04T03:06:05Z,d0bb9fef9a0ef26adcdd4732c9c20361bce49826f32c2892242831b8,60.16762,24.95415,000000006b44cce7,11.7
311,2019-08-04T03:06:05Z,f088630d7476dae7d4b7e2bb1f10575f2c89acb4b6e061f3d57c2b40,60.16531,24.9442,00000000fdda10fe,25.36
312,2019-08-04T03:06:05Z,f6609ab1076b1105bb845595a03b41b8fbb282f79c337df5bbc9f841,60.14699,24.922,00000000a53ed894,16.1
313,2019-08-04T03:06:05Z,fc4f3a44235f1cfc7b53f14ba2da599976a5a0a220d23b852688e485,60.17919,24.95181,000000007b5207b6,20.28
314,2019-08-04T03:06:05Z,17f804b57a297c523edc893cce4d92d491d1fd7225e452e477c3452a,60.17919,24.95181,000000007b5207b6,14.89
315,2019-08-04T03:06:05Z,189fd85c9d0ced7c38621d6fb1582d17a023f89af3c3a62e674b718a,60.16762,24.95415,000000006b44cce7,25.36
316,2019-08-04T03:06:05Z,1dacfb371d75dd4f90f447aac2a00faad98beb4188a6971c19eb2375,60.16629,24.95957,00000000fb7600be,25.36
317,2019-08-04T03:06:05Z,26166cf5b9b16d54fc1561e096e46512a7b60243de6b9acdf28d33b1,60.16829,24.94214,00000000afef4555,21.87
318,2019-08-04T03:06:05Z,2696f6a462520c8284659d993a9bf0545c2b2f278e1538f7f60dd1d3,60.17002,24.94407,000000006b087f40,10.78
319,2019-08-04T03:06:05Z,2c8032ee9c50a97b7159cef5e956491de77e522e8507bc52fb6cc1be,60.17918,24.95141,00000000675d5200,16.1
320,2019-08-04T03:06:05Z,3a12a20eb3b09492c0dfa44f8a12f1c4549893f7b837457fa489cf44,60.16762,24.95415,000000006b44cce7,4.11
321,2019-08-04T03:06:05Z,41289794c25ffccdbd6a7a504b7ad3a48227b6daf873bc6d8a03e53d,60.16762,24.95415,000000006b44cce7,4.5
322,2019-08-04T03:06:05Z,426cdc34d09ffa24dee6f34182e9bc42c2c9e820d8dea4f1394aa0ed,60.14947,24.91438,000000004ef3150d,12.69
323,2019-08-04T03:06:05Z,584cb0b0cdd14e608c8b57c8aecc9826f9b40027e365e2438a444ea2,60.16762,24.95415,000000006b44cce7,13.75
324,2019-08-04T03:06:05Z,699b48bb93c5befb62ff0686e75f158406b659f14daec16ab66d4499,60.15432,24.9211,0000000019fb59c4,18.79
325,2019-08-04T03:06:05Z,711064af4c0fcb1ffdcc72de359b4e6774650469487e7eb67b9b41bd,60.17002,24.94407,000000006b087f40,18.79
326,2019-08-04T03:06:05Z,76091bd44a2e593bbecc7956a630d68c929de57a9481ba93abf0ade2,60.14947,24.91438,000000004ef3150d,18.79
