,time,hash,latitude,longitude,serial,distance
0,2019-08-01T15:15:00Z,0fff89885f08417f20aadfdbf62a372277e9085bcd024374b772ecac,60.16531,24.9442,00000000fdda10fe,20.28
1,2019-08-01T15:15:00Z,144afc51fc2443c7031a2912566eff2ce60226a49d6d2bd7c2923700,60.16544,24.95398,0000000038d83d41,18.79
2,2019-08-01T15:15:00Z,14c7e1511b70f4dd3359cbece1377aebb4d70531f5489eefe53d7c3c,60.16544,24.95398,0000000038d83d41,31.5
3,2019-08-01T15:15:00Z,165ebbb4090d47319ae370f0d0854fdc1f6b79499f8b2e4d3c3533c0,60.16544,24.95398,0000000038d83d41,27.28
4,2019-08-01T15:15:00Z,2017900753cae01f74883a76d438d06e542dbf17427001d0f1f45a75,60.16897,24.95222,00000000aa852af1,27.28
5,2019-08-01T15:15:00Z,22581e1d9764b88a01034a4cab1a6b02fa4aa770025b9bd340685163,60.15432,24.9211,0000000019fb59c4,9.92
6,2019-08-01T15:15:00Z,34e371f9936882e03a528ea3504222dbcfde9c17b8785e4e8ef20cf2,60.17065,24.93641,000000000f4919c9,14.89
7,2019-08-01T15:15:00Z,41d3af8da554a2f22a1c6596e0da84fd612b70022b5d295e6b4928e7,60.15432,24.9211,0000000019fb59c4,11.7
8,2019-08-01T15:15:00Z,48cc8e1367abdf3560902c17d5b6be9777b260df82df76aac56d492c,60.16897,24.95222,00000000aa852af1,25.36
9,2019-08-01T15:15:00Z,4de1234054c0ad564da4a96fa45a0531feaa109e9da645e55bf27afc,60.16629,24.95957,00000000fb7600be,13.75
10,2019-08-01T15:15:00Z,4ded67894b1dd7b8329a1b1736fb9a322bd5a0d9aecb9fab420db536,60.16762,24.95415,000000006b44cce7,14.89
11,2019-08-01T15:15:00Z,58b487989163ff4aee77f48aaf200197c07f8d71b38129b610e68f71,60.1538,24.95595,0000000038bf9618,18.79
12,2019-08-01T15:15:00Z,5d65719c4cbf045f068d084b72302f447d5fd034413d97d13be00d0e,60.18203,24.91341,00000000342570c2,20.28
13,2019-08-01T15:15:00Z,61355cfb495f6c371bd27a7a91ae3de3b619611d3fcc0ae194bf4ce3,60.149,24.9843,00000000fffb8cf0,11.7
14,2019-08-01T15:15:00Z,66dabd3229229330d23c70e9e1737429ddfe69db01f4a6a00f70fa20,60.16762,24.95415,000000006b44cce7,20.28
15,2019-08-01T15:15:00Z,693099b54f1d14b899f005c233a431270bde084ad2fe05abf597743a,60.16544,24.95398,0000000038d83d41,16.1
16,2019-08-01T15:15:00Z,6a54644283a4f5a6369abe947b4e9faf2ca3c25ef2ea42502cb60c5f,60.15432,24.9211,0000000019fb59c4,18.79
17,2019-08-01T15:15:00Z,6bb830c93f2195a49fb19ccc8f9673bd13c640aaead53dd9acd8b6b1,60.16762,24.95415,000000006b44cce7,8.38
18,2019-08-01T15:15:00Z,6d22b751ff5173035dc85c52c3dff0780126adae67fe33dc62dd45ef,60.16531,24.9442,00000000fdda10fe,18.79
19,2019-08-01T15:15:00Z,6f06341f358e61699fe1e55e986dd0554bc8da28b91daf0c5ad99db6,60.16629,24.95957,00000000fb7600be,17.4
20,2019-08-01T15:15:00Z,71f1ccf548a0ec676009a1185a36ad6c18191be59b397e8261d67443,60.16762,24.95415,000000006b44cce7,23.56
21,2019-08-01T15:15:00Z,747f2d1ebff218c0ebbdc0fdaef4cbe56633dfb46ae1b1f8c8142201,60.16762,24.95415,000000006b44cce7,29.32
22,2019-08-01T15:15:00Z,78d5f60b36b59c06c3988b94e11744bb3aed5dcbc214f91f228bf892,60.16448,24.97323,0000000053c6c2be,18.79
23,2019-08-01T15:15:00Z,7936aa9ca88d3763791437bdb1a6192164ef39788c06d87deffb3d9b,60.16897,24.95222,00000000aa852af1,20.28
24,2019-08-01T15:15:00Z,7c278cc694f6563a7d534992f9f05fa3a79f38635cbd980fdf50e9ac,60.16897,24.95222,00000000aa852af1,10.78
25,2019-08-01T15:15:00Z,87dfaad29a9276ddddb1fa021d3bc23ad14824c1af16f7d87e713689,60.14951,24.92138,0000000006dd41f6,9.92
26,2019-08-01T15:15:00Z,8c75c3289c84fe4493e1e272a77b615fe1985880c5dc68a7c1a17b53,60.16762,24.95415,000000006b44cce7,9.92
27,2019-08-01T15:15:00Z,8cc6ddaa460aeae8cc9e8a33f91a01c8cd4c0c8bf8a943210a28c84d,60.1538,24.95595,0000000038bf9618,18.79
28,2019-08-01T15:15:00Z,9843c6216661048343a0e49cf3d8aa2883cf77f452666a1c873a1052,60.16448,24.97323,0000000053c6c2be,7.69
29,2019-08-01T15:15:00Z,a1ba09b019cae8df2ec9396f46a163e5b29858a11380955ed9605985,60.15432,24.9211,0000000019fb59c4,21.87
30,2019-08-01T15:15:00Z,a1e3ac5a2348901dd3d74965f5e2a28d945be6f01df758bde5fb7b73,60.16531,24.9442,00000000fdda10fe,38.87
31,2019-08-01T15:15:00Z,a636fd4ceafbcc9ff56674809d114000f52980e5ee850c86c747c91c,60.1538,24.95595,0000000038bf9618,29.32
32,2019-08-01T15:15:00Z,ae2ac4d34758dbfe838ae296473b47f7d3e391454a16506cc8584f66,60.17002,24.94407,000000006b087f40,5.91
33,2019-08-01T15:15:00Z,b5fd6b317890e5ab2d79e2cd1abe61626d45a753c7337d0d40728898,60.16762,24.95415,000000006b44cce7,14.89
34,2019-08-01T15:15:00Z,ba9fa175f68371199486398e4d3d5be7e7aaf24b7ee617d0439862d4,60.17002,24.94407,000000006b087f40,23.56
35,2019-08-01T15:15:00Z,bc47f02c87cebb9928c25d0ad0c1e77fa507b77e58f60e2420264dea,60.15432,24.9211,0000000019fb59c4,17.4
36,2019-08-01T15:15:00Z,c129dd128e6475a9f19e37c93fa734358684320e32cd565e787b0fcb,60.16544,24.95398,0000000038d83d41,16.1
37,2019-08-01T15:15:00Z,cf05623e4d87ce0906c0b0b7dbf53aacc1228016cd27c341228b6e76,60.18203,24.91341,00000000342570c2,20.28
38,2019-08-01T15:15:00Z,d91f318f3a3b1a7efe587cde513162e2471bbe4489d02531c6f083f1,60.17002,24.94407,000000006b087f40,17.4
39,2019-08-01T15:15:00Z,dce15d9b6a7bf8880ef6f98a7621aef6c6d548ad75d3fbfc42dd2b69,60.15432,24.9211,0000000019fb59c4,23.56
40,2019-08-01T15:15:00Z,ed70dda6b7faebd4340dacdb452ab224d9d3c308df417b7fa76f54e8,60.14951,24.92138,0000000006dd41f6,21.87
41,2019-08-01T15:15:00Z,f088630d7476dae7d4b7e2bb1f10575f2c89acb4b6e061f3d57c2b40,60.16531,24.9442,00000000fdda10fe,16.1
42,2019-08-01T15:15:00Z,f99c5dd8cc08bd2353083d875ce8bc585fb2c2ff8427b90d92f571de,60.16762,24.95415,000000006b44cce7,25.36
43,2019-08-01T15:15:00Z,fc4f3a44235f1cfc7b53f14ba2da599976a5a0a220d23b852688e485,60.17919,24.95181,000000007b5207b6,14.89
44,2019-08-01T15:15:00Z,009b59c6bc0307a9bff0e564809bb20eee4e8d657276364cf276c163,60.15133,24.92329,00000000e8a064a4,23.56
45,2019-08-01T15:15:00Z,00e1cfc69cf45264881c41d437401b4f2543ba56192c06229fe9f02f,60.14699,24.922,00000000a53ed894,21.87
46,2019-08-01T15:15:00Z,019e82662da14c928c52caa2217773a7097f6a40f1cabb868e51e0fb,60.149,24.9843,00000000fffb8cf0,9.92
47,2019-08-01T15:15:00Z,024953a83ecd3189886003d8729aaecab4aa1a2bb9b9f4eee2d20bf9,60.16448,24.97323,0000000053c6c2be,27.28
48,2019-08-01T15:15:00Z,025d5c4bbd4911a0e007a954b552070f3200e14c10b87230a804169a,60.16829,24.94214,00000000afef4555,10.78
49,2019-08-01T15:15:00Z,030ccc7979876ce6149316c6fc0d9e3b7c3ec53f11e86da8483c4907,60.16762,24.95415,000000006b44cce7,12.69
50,2019-08-01T15:15:00Z,03873172a1500320f5f3f55e000ed8e28603b11d93ed768a0fb2a0c2,60.17919,24.95181,000000007b5207b6,10.78
51,2019-08-01T15:15:00Z,04ca389a006b141a268f1bfdc478787cffeaaeeba45269c3e9bea2e0,60.16531,24.9442,00000000fdda10fe,0.84
52,2019-08-01T15:15:00Z,05367b234c13a32487f43d7cd076d1cb3623d4fd05ca25353b1979dc,60.16544,24.95398,0000000038d83d41,20.28
53,2019-08-01T15:15:00Z,069cc9305d9d8503f9b445f40deb0cddec77a44196bdff7f38324947,60.16829,24.94214,00000000afef4555,23.56
54,2019-08-01T15:15:00Z,074cc070a727455f264cc663ec2dde06af702a4c199fd180b5469973,60.16897,24.95222,00000000aa852af1,18.79
55,2019-08-01T15:15:00Z,0794029cc1f862e3a0b993f66c58c81ff7e23addf98f62fd3e865f2f,60.16762,24.95415,000000006b44cce7,14.89
56,2019-08-01T15:15:00Z,0861115efb4d1c484028751faa437eb075a40751efda6f6897300eed,60.1538,24.95595,0000000038bf9618,18.79
57,2019-08-01T15:15:00Z,0a0a0ca03b70f6a15269fbd466f6ee4c7c11d04853d107a4abc9671a,60.16897,24.95222,00000000aa852af1,14.89
58,2019-08-01T15:15:00Z,0adb5f6d11cfb355be259acdbebe35e883e4a7a096eaea6e50b10833,60.149,24.9843,00000000fffb8cf0,25.36
59,2019-08-01T15:15:00Z,0bb3ea9220c77883c8199fe1e88473e4a384d973b3537cd190733e6b,60.1538,24.95595,0000000038bf9618,27.28
60,2019-08-01T15:15:00Z,0bb9730d33d6ae95ca3b6c7a90497831c36a3dae344aa8cd7e94c7be,60.17919,24.95181,000000007b5207b6,25.36
61,2019-08-01T15:15:00Z,0ca36115fbf37a682d6b07749d86d04957e16f331d7ae4200f5a4069,60.1538,24.95595,0000000038bf9618,23.56
62,2019-08-01T15:15:00Z,0eb3c3e6cc7579fe2e678447e9917634ee81e7525229eccd0978b7c6,60.16829,24.94214,00000000afef4555,14.89
63,2019-08-01T15:15:00Z,0fa9634e61703500c6a2479a16a140a33f75bdf63844e898d96d498a,60.17002,24.94407,000000006b087f40,11.7
64,2019-08-01T15:15:00Z,100ea8fd0db92ab3c73546ff254b4cfdd907ae1321f1597c6702af06,60.16829,24.94214,00000000afef4555,7.05
65,2019-08-01T15:15:00Z,10c90cc83cb14c8b46a8fb166152dc0cb03393e56a36b421f3ba3cbf,60.1538,24.95595,0000000038bf9618,33.81
66,2019-08-01T15:15:00Z,111d67b725ce35c5127e95cc1683d5e6e71ce3be5b160a40faa39358,60.1538,24.95595,0000000038bf9618,27.28
67,2019-08-01T15:15:00Z,11c2a8b670a7d7c70e013911191145e601aa59966398af69476a1bcb,60.17002,24.94407,000000006b087f40,17.4
68,2019-08-01T15:15:00Z,122408493783ed8a2f109b99f2979eb6d5fb9e22436a842d1f1e26f9,60.17918,24.95141,00000000675d5200,10.78
69,2019-08-01T15:15:00Z,136e07cffa877f65da2021540b3bc817a3beff10940710998b0b6f9d,60.16448,24.97323,0000000053c6c2be,23.56
70,2019-08-01T15:15:00Z,1370e6d32fa870bd0487ea5697638f4715090fac0bd1e5d3f5485d54,60.16531,24.9442,00000000fdda10fe,5.91
71,2019-08-01T15:15:00Z,141e9f21b2061b6fc8010621f58468caef8a95d211ce0ae8bad8bc88,60.17919,24.95181,000000007b5207b6,5.91
72,2019-08-01T15:15:00Z,145efe2c8596e00563ad78287ca5f5ac8238c1d1f8ae4eee15be92ae,60.1538,24.95595,0000000038bf9618,20.28
73,2019-08-01T15:15:00Z,14665f6c41b6c25cd03fa333ad8c6f7dc58536fb7f1b362f0bfc5013,60.14951,24.92138,0000000006dd41f6,5.91
74,2019-08-01T15:15:00Z,14f25c97b26d4610cd82113097c0e9d89052820be865b55960ee8a2e,60.16829,24.94214,00000000afef4555,18.79
75,2019-08-01T15:15:00Z,177176b955c28ebe05b1a888959f0e80007949821f3781b5b6277616,60.16762,24.95415,000000006b44cce7,2.54
76,2019-08-01T15:15:00Z,19014552a64877ea52b0dd88e692b1b21137db5a5aefcd9f23149fc0,60.16448,24.97323,0000000053c6c2be,27.28
77,2019-08-01T15:15:00Z,1a7d4a007f25ab4d72c5d7e68ceaa8e1adde2e9a1e8de69fc63165a4,60.16448,24.97323,0000000053c6c2be,7.05
78,2019-08-01T15:15:00Z,1b6dbabeac2a19d34dcfdb718d2116e0557c564621afdfcb4ac927e8,60.15432,24.9211,0000000019fb59c4,5.91
79,2019-08-01T15:15:00Z,1b76e562e1105f5eaf32e0f2c3f5ba01e2d1b9615b767859bfea15e0,60.16762,24.95415,000000006b44cce7,11.7
80,2019-08-01T15:15:00Z,1bb7e7c70e4b4ea065d83b03c902736594545f43d6ff490cc1ab42ff,60.16829,24.94214,00000000afef4555,20.28
81,2019-08-01T15:15:00Z,1bc8c7193161452434ff3c1e7d26772a5f4744767e7ebc1c6cdae599,60.14951,24.92138,0000000006dd41f6,17.4
82,2019-08-01T15:15:00Z,1cfc4ac91406906c6f21f2d2426e547692b67fdac932dbaa933b060c,60.17065,24.93641,000000000f4919c9,18.79
83,2019-08-01T15:15:00Z,1ecbc7c6afe89033252e5510cbb893666af2b3bc29f555a3a6287fdb,60.14951,24.92138,0000000006dd41f6,3.09
84,2019-08-01T15:15:00Z,1f0bdcfa11807dfcedbe939c9c88362a951d6041dd53c1012caf5a5e,60.16762,24.95415,000000006b44cce7,25.36
85,2019-08-01T15:15:00Z,21696f5fb63ab0bb70ec8d33d61e7ad304a08d7606089dfb24606a34,60.16531,24.9442,00000000fdda10fe,0.59
86,2019-08-01T15:15:00Z,2287d8425ad15c6a3cba51c0d872d5d68eda2793e73c4b244ee49773,60.149,24.9843,00000000fffb8cf0,2.8
87,2019-08-01T15:15:00Z,24684f8742d652c8b2343d06247c129eb214ec2c54b15262eafe6b25,60.17002,24.94407,000000006b087f40,9.12
88,2019-08-01T15:15:00Z,27185b4a5c8b5dd57ad6bdd01c4d9b51bb0f627cd6c620ecb5510766,60.16762,24.95415,000000006b44cce7,7.05
89,2019-08-01T15:15:00Z,27c5139ca6e45149c61ab88a87bb9b498fda761936df255fe98912d6,60.17002,24.94407,000000006b087f40,14.89
90,2019-08-01T15:15:00Z,2ad5ff587e38800cbe51b9539b3b3e1d786023c906be499c5ee3c0a4,60.16629,24.95957,00000000fb7600be,11.7
91,2019-08-01T15:15:00Z,2b6066392fa56d8a3615fd9fdc9ba8dfa0d494768e894c5d5d79735e,60.14947,24.91438,000000004ef3150d,8.38
92,2019-08-01T15:15:00Z,2b727c40025b1714d7154675201834287d385cddf3a0bcd49f79afb3,60.14947,24.91438,000000004ef3150d,10.78
93,2019-08-01T15:15:00Z,2ca50927282d891bba866ccd00a16600ea5fb1b51381e130f348ba72,60.1538,24.95595,0000000038bf9618,5.91
94,2019-08-01T15:15:00Z,2d044e7b97400a43ecd851476f556ee7dab7e27c318b2353cbe6eabc,60.149,24.9843,00000000fffb8cf0,11.7
95,2019-08-01T15:15:00Z,2d150acecd76c0332824e7d72987a2b5de54c08e88c9f2dc13b43d6c,60.149,24.9843,00000000fffb8cf0,12.69
96,2019-08-01T15:15:00Z,2d6352d52164e9974e06904b1368ce7361c86b70ff9d59a9c0db05c3,60.173,24.92524,0000000096918cfa,33.81
97,2019-08-01T15:15:00Z,2d68b60d29312ba4e13763068cc2a84263c22b2b940695a2713faad4,60.16629,24.95957,00000000fb7600be,11.7
98,2019-08-01T15:15:00Z,2d8a9a75812272d3bb3dd53cae4701f9a4d88dbda35dc28968233163,60.17002,24.94407,000000006b087f40,21.87
99,2019-08-01T15:15:00Z,2da7546d13346aaca031a1153277808cb3cf16b86723db183baac2a6,60.16531,24.9442,00000000fdda10fe,20.28
100,2019-08-01T15:15:00Z,2dc0402b58d38b21bee016f7d90d7a0df44f3bfd7255b424ecda2bd7,60.16762,24.95415,000000006b44cce7,9.12
101,2019-08-01T15:15:00Z,2e45fcbbd7c75cd577dad3520f284fe86733df594c490abab9b7d1dd,60.16897,24.95222,00000000aa852af1,17.4
102,2019-08-01T15:15:00Z,2f2446201cbd62b2919e239bd12a753b0e17a631e62d6c4bf9bd4677,60.16448,24.97323,0000000053c6c2be,21.87
103,2019-08-01T15:15:00Z,323b25d1a001f1aeae9179e604256470407d2aa2563921968fa81893,60.16629,24.95957,00000000fb7600be,13.75
104,2019-08-01T15:15:00Z,33a3a78fbd7657714aef414b194de37259eecb7ba93646260265d21d,60.14947,24.91438,000000004ef3150d,14.89
105,2019-08-01T15:15:00Z,34674c169527e24bc6c4e5097dd31be0636432031d8835c1014efc09,60.16629,24.95957,00000000fb7600be,25.36
106,2019-08-01T15:15:00Z,349ba40c4fd7b0d430dfa389e14e53ca211a2a64d4f9b9baf8297889,60.1538,24.95595,0000000038bf9618,18.79
107,2019-08-01T15:15:00Z,35678933465b81c83b15a088cea55f63db0ea484dd13385da3f86a68,60.16897,24.95222,00000000aa852af1,20.28
108,2019-08-01T15:15:00Z,3617f3f133e08c5c459476cf8dbd476582c47152b2b9feacf19d2fb8,60.149,24.9843,00000000fffb8cf0,6.46
109,2019-08-01T15:15:00Z,394ca1b01f9fce93dac35b589f71cb4368f84b61d0de84770b2caa7f,60.14951,24.92138,0000000006dd41f6,25.36
110,2019-08-01T15:15:00Z,3b799521ccea85474e0b6af30019638fd348c3b54f14fbb466becf26,60.1538,24.95595,0000000038bf9618,8.38
111,2019-08-01T15:15:00Z,3c1393f4df1931a3ce4f6340a6c67cc4e8e296ec2328c309b688ccce,60.16531,24.9442,00000000fdda10fe,13.75
112,2019-08-01T15:15:00Z,3e0436bfa97ad0672484abef5e2a58fdfddebb5a27a5d62e00ec5089,60.16829,24.94214,00000000afef4555,25.36
113,2019-08-01T15:15:00Z,3f4750c473a4352789be930a58bd856a05d4855af98ffd9fc5688b1d,60.17065,24.93641,000000000f4919c9,10.78
114,2019-08-01T15:15:00Z,40d9e0b8c827d51628a6718a3ce5b260f9edf5dfcf316d505c0eabec,60.17002,24.94407,000000006b087f40,14.89
115,2019-08-01T15:15:00Z,415609768c683f99b9270a37e1ee7b8e34916fccfa396f4084c57904,60.16762,24.95415,000000006b44cce7,4.94
116,2019-08-01T15:15:00Z,419a60f38faebc72c2449c7eb3107bb907dc38fcb444913ca068ebc0,60.16897,24.95222,00000000aa852af1,10.78
117,2019-08-01T15:15:00Z,45d34cb4111abd89b8c322021fd759700484d2cae7df086924a08078,60.16897,24.95222,00000000aa852af1,21.87
118,2019-08-01T15:15:00Z,463ebe21d6a306f3d779f105e4e9abb8ec4d3b7910e99f718f554f28,60.16448,24.97323,0000000053c6c2be,7.05
119,2019-08-01T15:15:00Z,464172b49695ab3e1de49670be0a92f576c0289e1c2351edf0e70b4e,60.17065,24.93641,000000000f4919c9,33.81
120,2019-08-01T15:15:00Z,46d85b7660dc82530eafc19f0733f0670c71043b07a5beafda9a67c0,60.17002,24.94407,000000006b087f40,9.92
121,2019-08-01T15:15:00Z,471c929645a3254da54c9b76ab7fa84c8da66bb1a6c597e66bf659de,60.16629,24.95957,00000000fb7600be,12.69
122,2019-08-01T15:15:00Z,476e4947e8bdc738679fbfc923b8942251265cbb270c10d07ebfb912,60.1538,24.95595,0000000038bf9618,21.87
123,2019-08-01T15:15:00Z,477b5ae31012e48d9bca3a85af152af9e24dd9e11a35733ee7832b6c,60.16531,24.9442,00000000fdda10fe,5.91
124,2019-08-01T15:15:00Z,4810b5156c11fc29fcabd3543cd1c62f8aaa10a548734537d3c7ecd9,60.16531,24.9442,00000000fdda10fe,31.5
125,2019-08-01T15:15:00Z,487dc8fc608a842fc8e439b9f84f81823b512c6f32c0bf2da1cf88f6,60.16448,24.97323,0000000053c6c2be,23.56
126,2019-08-01T15:15:00Z,49f78a6b6bcbad0b56d86c07cfdbfe66c3e4d4c806420f158aa950e8,60.16829,24.94214,00000000afef4555,11.7
127,2019-08-01T15:15:00Z,4ac5f1dbf6e1c425dc90fa2feff46cba84e5af922083ae7cab2c8793,60.16448,24.97323,0000000053c6c2be,20.28
128,2019-08-01T15:15:00Z,4c0ad38e1852083220a6f75fa36e7972144a8bbb6eb0333209989384,60.17065,24.93641,000000000f4919c9,12.69
129,2019-08-01T15:15:00Z,4c4b3f4d81f64adfc5968fb7570740c526453859aa80ea90c6d5d265,60.15133,24.92329,00000000e8a064a4,25.36
130,2019-08-01T15:15:00Z,4c613ff0c979268d9a0173feb07932ab93c06ffc517004b959b1959c,60.16629,24.95957,00000000fb7600be,20.28
131,2019-08-01T15:15:00Z,4c85f62b8207b7be4083f7add6e46c4938a9c1880a82d32778628f6b,60.17065,24.93641,000000000f4919c9,21.87
132,2019-08-01T15:15:00Z,4c9133e4541837a5d73ac3c2a41eb1f4afb5de082824a2f3a16535c2,60.149,24.9843,00000000fffb8cf0,4.5
133,2019-08-01T15:15:00Z,4d671e4bc21b62d816686926263c631b172ea487efca948ef84d9762,60.16762,24.95415,000000006b44cce7,14.89
134,2019-08-01T15:15:00Z,4ddb80590c93d241019a5f683bd41c779e5c35d328e80c4f2843317a,60.16531,24.9442,00000000fdda10fe,13.75
135,2019-08-01T15:15:00Z,4e0f2486a75690f51c21db0710469ef031b380e81ab2fdfda905e801,60.16829,24.94214,00000000afef4555,16.1
136,2019-08-01T15:15:00Z,4ec053fde9b2a8100fa4a08259949b889c68d1ce4f2bda645e627057,60.17002,24.94407,000000006b087f40,12.69
137,2019-08-01T15:15:00Z,4fe972582e772abda0fa30a1bbdff2faaf451070ebe126b3d929ec5e,60.16897,24.95222,00000000aa852af1,25.36
138,2019-08-01T15:15:00Z,5209cd89b3d3bc939aab2f48a8e2899e429a1b12af33e90c3df2a79c,60.16762,24.95415,000000006b44cce7,10.78
139,2019-08-01T15:15:00Z,523ab22caf50dba9137b7b8aedfd7401b8727906165287a9b7685610,60.14699,24.922,00000000a53ed894,29.32
140,2019-08-01T15:15:00Z,532d8815cf5fbffedf44350cbf51a4257aaf41578783e737c5e501ba,60.14947,24.91438,000000004ef3150d,9.92
141,2019-08-01T15:15:00Z,53b8d0eeb3ecd8e31c08b18c3591951e1aae3f743e6e3e67fbdee9ad,60.16629,24.95957,00000000fb7600be,29.32
142,2019-08-01T15:15:00Z,54c618e813b5e3e08df46cdc5de8c8294a6df6785cafbd803584b6b9,60.149,24.9843,00000000fffb8cf0,3.74
143,2019-08-01T15:15:00Z,54e25f7c8d3f034481db89666e549b43754e78e0b17659a568e7328b,60.17065,24.93641,000000000f4919c9,7.05
144,2019-08-01T15:15:00Z,5759455f67e89ed79a69f4888606a73730f42c29a053c6e6f7cb0aa1,60.16762,24.95415,000000006b44cce7,18.79
145,2019-08-01T15:15:00Z,5780e1ef4e587938e3fbf28417030767a6e177ad537b8d18a6702e26,60.16762,24.95415,000000006b44cce7,23.56
146,2019-08-01T15:15:00Z,584743ec67ad39bc24ae9f306653efa427056434479c3307f24372ff,60.16531,24.9442,00000000fdda10fe,17.4
147,2019-08-01T15:15:00Z,58bfc7d7278ef71875ba9825366a78a84ca7e5db1d7a9a0522d369bc,60.1538,24.95595,0000000038bf9618,8.38
148,2019-08-01T15:15:00Z,5a1e5bdfd49dc57b4490d9c61ff4d540d16fd4d1faf86f6d968c08ba,60.16829,24.94214,00000000afef4555,6.46
149,2019-08-01T15:15:00Z,5adb755b6f9de52423e3ff5429cc12400b65bb6b6f9ee0f3369e70f9,60.149,24.9843,00000000fffb8cf0,18.79
150,2019-08-01T15:15:00Z,5bb8d84670d75d8aaedf192566939cf263ef1d220314ba7b4b7e86ad,60.149,24.9843,00000000fffb8cf0,29.32
151,2019-08-01T15:15:00Z,5dfc3802c4a6eefa7e7347db62f807db46a5eac4c81bf7b4ef718b49,60.16762,24.95415,000000006b44cce7,21.87
152,2019-08-01T15:15:00Z,60b0f288e47a2e28a610725afbcda652d652312d7d539ba8d8024222,60.16897,24.95222,00000000aa852af1,17.4
153,2019-08-01T15:15:00Z,617223b5056d6fe63ec8291412c506361565738ed358bc2c4673e08e,60.16829,24.94214,00000000afef4555,33.81
154,2019-08-01T15:15:00Z,6407ba03e03497c9226bdb703b24f5be50005777d7dc34997d2a4ed6,60.16762,24.95415,000000006b44cce7,12.69
155,2019-08-01T15:15:00Z,642ef4ef3ee00e2c2816ce437d53912cb2bb7ad1a3799517b81477ab,60.16544,24.95398,0000000038d83d41,16.1
156,2019-08-01T15:15:00Z,64f44f8dae5b7c4282fb824783ca3e386eddd92e9e273d3601155486,60.16448,24.97323,0000000053c6c2be,25.36
157,2019-08-01T15:15:00Z,66104209e1f1ab4ef2a496f2ff5e96ef1c669d65f0f9a32e35155355,60.16829,24.94214,00000000afef4555,4.11
158,2019-08-01T15:15:00Z,6625965b9bdd11f90723261d0e603af1696ff34ebf136b48a6cb36b1,60.16829,24.94214,00000000afef4555,21.87
159,2019-08-01T15:15:00Z,677cfc6074c0fdd66a6d46a9f450a55168f1118e468c35566ee04017,60.16629,24.95957,00000000fb7600be,17.4
160,2019-08-01T15:15:00Z,67b73b2356dd41445ec5d3f0b590a3ac29155f225a31039a29b189b6,60.16829,24.94214,00000000afef4555,17.4
161,2019-08-01T15:15:00Z,695fcc38bc320a2f96ae6436e3a9c9f67ee8288e18a1e75463f903c9,60.1538,24.95595,0000000038bf9618,10.78
162,2019-08-01T15:15:00Z,6ac89e58b8c99145293c5a56846239bb3efe9727946b3c215eb9b8e2,60.16897,24.95222,00000000aa852af1,9.12
163,2019-08-01T15:15:00Z,6ad4b17331b7131aaf3d8d7e541f007a08117874349b53c6294dd568,60.16829,24.94214,00000000afef4555,16.1
164,2019-08-01T15:15:00Z,6bc62e6e2ad3ccc49f73a3a04c5ad8e79bf43005f741129fd6fbe5dd,60.16897,24.95222,00000000aa852af1,14.89
165,2019-08-01T15:15:00Z,6cdb8c58c46cb5943aad99ccc73e0af6bc64957f4e144ab205062f7b,60.16629,24.95957,00000000fb7600be,18.79
166,2019-08-01T15:15:00Z,6e73e5f0a8e8f49acea2268aaf69ffb859ab05cc8233005eca1f4c61,60.16762,24.95415,000000006b44cce7,20.28
167,2019-08-01T15:15:00Z,6f42992dd54a82bf3998020a5c6ab22df737e4df6cef86d102db6b57,60.16897,24.95222,00000000aa852af1,25.36
168,2019-08-01T15:15:00Z,6f643dd47fc2bdf62bcf452a9034c059baa80c16791bf5b2d6988b67,60.16897,24.95222,00000000aa852af1,18.79
169,2019-08-01T15:15:00Z,70520f8339b733b6c65025cb56b4ca0c9e65e6cb3c8a86cd0fa51bb5,60.1538,24.95595,0000000038bf9618,17.4
170,2019-08-01T15:15:00Z,70ad8b5fe559d1c2e423577733abf2ead014f38c59f02ca9040607af,60.17002,24.94407,000000006b087f40,27.28
171,2019-08-01T15:15:00Z,71986b5ba47e64982cc50b8296d5e5eb89bfd5b1af73655bf299f1eb,60.14951,24.92138,0000000006dd41f6,18.79
172,2019-08-01T15:15:00Z,720857a5194d8d81e0f032a774225dbcc168d7e32a1d8bf1b57f04a4,60.16762,24.95415,000000006b44cce7,7.05
173,2019-08-01T15:15:00Z,732418992d367114059603700233318c1cdb5e049e9778182bf1c096,60.16448,24.97323,0000000053c6c2be,7.69
174,2019-08-01T15:15:00Z,73848a14b2de1fad87f8742862c33fdbbca8abd60f7681392942c21b,60.16829,24.94214,00000000afef4555,14.89
175,2019-08-01T15:15:00Z,74dbaef15b092011e80c00d35afdbe28e845a4290c43d0058e3dc24e,60.1538,24.95595,0000000038bf9618,25.36
176,2019-08-01T15:15:00Z,74f9591d3a98e2aa9f52d90835e2e7166c558f1501ff537dcdeac911,60.16897,24.95222,00000000aa852af1,29.32
177,2019-08-01T15:15:00Z,750288fa7f00957225a0617bf5f9441f0b490370d581ed639c0a9c1d,60.16629,24.95957,00000000fb7600be,9.12
178,2019-08-01T15:15:00Z,7728ded0ec5e3699311503372ac405afad5d3cc39ea7a5fe91f17f4b,60.16897,24.95222,00000000aa852af1,23.56
179,2019-08-01T15:15:00Z,778e13877acb47f44ff2cb92c63fd9a20523ce1b064c0ac30d02cc23,60.16829,24.94214,00000000afef4555,25.36
180,2019-08-01T15:15:00Z,7808ed9780cbef488cd09b3c8b535cb8e161320e640764e5a7e0323c,60.14699,24.922,00000000a53ed894,31.5
181,2019-08-01T15:15:00Z,7b12544387dfedf21af219f4f68408edf1a22c8095ff153894683bd9,60.149,24.9843,00000000fffb8cf0,18.79
182,2019-08-01T15:15:00Z,7c97baf18a7a532d1c3d29fcedf4a8bf7489c5ec527c950efd607c4f,60.149,24.9843,00000000fffb8cf0,18.79
183,2019-08-01T15:15:00Z,7d8d64304ddbdaacb2c3bd7948a96b58187a6e0939c3a3309572fe6a,60.16897,24.95222,00000000aa852af1,20.28
184,2019-08-01T15:15:00Z,7f980bf4748e5b635cc66bbf3da79aa7ebfa080bf95853dada44d16b,60.14699,24.922,00000000a53ed894,23.56
185,2019-08-01T15:15:00Z,80afbcc40121b7db99817acf4038ce91c4420a77563ad2a9e6504ae8,60.16531,24.9442,00000000fdda10fe,4.11
186,2019-08-01T15:15:00Z,81bcb8cd7243ca1ae877e02639ba58c789e014ab5a3388c16d108905,60.1538,24.95595,0000000038bf9618,8.38
187,2019-08-01T15:15:00Z,82c4c3694424b55cf1b0ff3be2d15ff7e1f2c5c366ae685247a279f4,60.16829,24.94214,00000000afef4555,9.12
188,2019-08-01T15:15:00Z,82d55d7418d371e4bc8e5a1030bd65cd563a332083eaa48e07647ff4,60.1538,24.95595,0000000038bf9618,29.32
189,2019-08-01T15:15:00Z,835750ae9c30e8ae68faab085d4008c1f140f01b71aee8753f7af9e6,60.16448,24.97323,0000000053c6c2be,25.36
190,2019-08-01T15:15:00Z,836dd4665ed415c48e99b4f6d223a72bab4bc7925dc1391129019563,60.1538,24.95595,0000000038bf9618,31.5
191,2019-08-01T15:15:00Z,8375e7e7c501f27a4720fb996f1dc368a2a3eec34582d6093fba5971,60.1538,24.95595,0000000038bf9618,9.12
192,2019-08-01T15:15:00Z,83bbb4e7f9ad6aa0a72f3d67c2d433ea381dc7d720640892c13a9069,60.1538,24.95595,0000000038bf9618,25.36
193,2019-08-01T15:15:00Z,8452e0b152b0f078fc43914b8a65fbac077a04a5790787f79245bad3,60.16629,24.95957,00000000fb7600be,18.79
194,2019-08-01T15:15:00Z,8477677f6cc49075997ac5e8b7c92617b2287b3cddc01d774b930361,60.16531,24.9442,00000000fdda10fe,7.69
195,2019-08-01T15:15:00Z,84f3a02f116b3097904125e21b395a02c9cf61100a0bc469fef523c2,60.16629,24.95957,00000000fb7600be,17.4
196,2019-08-01T15:15:00Z,851182293f8e412b6378b5f174cbfdb4d2f9b0764e8f337b41ca4cbe,60.16448,24.97323,0000000053c6c2be,27.28
197,2019-08-01T15:15:00Z,856a1b87e64cdc128b71ded3193af5a0a931d1594e5636cab093d65f,60.149,24.9843,00000000fffb8cf0,12.69
198,2019-08-01T15:15:00Z,85abeebd1502ebefc6fe5380dbc5baa70272c510a31385f64955d890,60.16762,24.95415,000000006b44cce7,14.89
199,2019-08-01T15:15:00Z,874f847b2c8d787c3a08e27a53b4afd5999d22e554cc357284c1937d,60.149,24.9843,00000000fffb8cf0,16.1
200,2019-08-01T15:15:00Z,876a19fb8dc2146666485a3c3085f3f594e7b85e07dc702dd48c7bdd,60.16829,24.94214,00000000afef4555,20.28
201,2019-08-01T15:15:00Z,89d3405d88df7aa4439a8bf6d3e5fd60a49423cee9e960022589cbb8,60.18203,24.91341,00000000342570c2,23.56
202,2019-08-01T15:15:00Z,89dd9d92b8a7dd3e2dfd63728c68582e6e4132ddf0f6021ad7019175,60.17065,24.93641,000000000f4919c9,3.4
203,2019-08-01T15:15:00Z,8c687106cd1c8057e585b8ac79894a52861329bc6a07fa12bea15bd3,60.16448,24.97323,0000000053c6c2be,20.28
204,2019-08-01T15:15:00Z,8de36353a1279f2fe91f6175b7497e0dc0ca105c0e23b4b189d61c06,60.16829,24.94214,00000000afef4555,7.05
205,2019-08-01T15:15:00Z,904079f6053dde00735d5b62c456fd4470df94e224d140322b43ffe9,60.16897,24.95222,00000000aa852af1,27.28
206,2019-08-01T15:15:00Z,9444ab88916626120f8f2dce2eaa2b42ed9595f3c26efd9f1032db37,60.16762,24.95415,000000006b44cce7,9.92
207,2019-08-01T15:15:00Z,951a720738837f3bc7f40421b89e598d36dbefb514a216bcdea500ef,60.16531,24.9442,00000000fdda10fe,0.19
208,2019-08-01T15:15:00Z,971046c5f4374d0dd549c43c69c54f78111a08534642d2d498cf28c6,60.16762,24.95415,000000006b44cce7,14.89
209,2019-08-01T15:15:00Z,988ba5657f72e29411ab719f282c3d73d7f605da5b7be7fdfc61e663,60.1538,24.95595,0000000038bf9618,31.5
210,2019-08-01T15:15:00Z,99a6dce7873ed8fde7dedaa0666ae843caf4cb5647cf65078a8edc4f,60.17065,24.93641,000000000f4919c9,8.38
211,2019-08-01T15:15:00Z,9a1f1da8b9c79e9fefa0a99ddca78e5eae2ec6f0b355d5bb509fa0dd,60.16829,24.94214,00000000afef4555,17.4
212,2019-08-01T15:15:00Z,9a8f0e8f5c1439d059a6802bce98123689326b75ed015e7d3723a68a,60.16762,24.95415,000000006b44cce7,10.78
213,2019-08-01T15:15:00Z,9c347ef714370ea2c4f42a2e8d19a59f2123639aa9883594a57ab607,60.16897,24.95222,00000000aa852af1,17.4
214,2019-08-01T15:15:00Z,9ce59d5bd30dea022692554c2e348ec04d93228c8df70614affd31bc,60.16829,24.94214,00000000afef4555,12.69
215,2019-08-01T15:15:00Z,9e8814c01ad0327c686834deadfa1add772d455c49a69708b96738a4,60.16762,24.95415,000000006b44cce7,14.89
216,2019-08-01T15:15:00Z,9eebaa9082abb145f6fecd4274f73dedcc1eed3aec1d001e1247cc14,60.17065,24.93641,000000000f4919c9,7.05
217,2019-08-01T15:15:00Z,a07228532f253ebf971eeedb8b84551b8341ce3344c26d8b3df7fc5d,60.17065,24.93641,000000000f4919c9,27.28
218,2019-08-01T15:15:00Z,a4525ca8b2e3583c910fd9f57936a10ed716a3c92532f82597fac691,60.16829,24.94214,00000000afef4555,3.09
219,2019-08-01T15:15:00Z,a4b111e543e793065ef45d5e50d6a924e4953dd2b1c7e53a95358a12,60.14951,24.92138,0000000006dd41f6,3.74
220,2019-08-01T15:15:00Z,a55271194d956e239be3541ede6b970d190ad7618d65b9c6752dfb59,60.14947,24.91438,000000004ef3150d,9.92
221,2019-08-01T15:15:00Z,a6bd88ac594ee569411c8b87856e7b5352068b4c5236a2278f6499f6,60.16897,24.95222,00000000aa852af1,13.75
222,2019-08-01T15:15:00Z,a6e925829f09d24e8aae2c28cdafacac0fd18162a3484445f2579731,60.17918,24.95141,00000000675d5200,21.87
223,2019-08-01T15:15:00Z,a7c55360730032e0fe31ff103c318a2f936bf14ead359e81a86d56bc,60.18203,24.91341,00000000342570c2,23.56
224,2019-08-01T15:15:00Z,a7d4bdea123f98d19827a4bb53ca24c23d10d6cb3a07e2a3a4990574,60.1538,24.95595,0000000038bf9618,36.27
225,2019-08-01T15:15:00Z,a89c506c9906c2c1ab4f0b03a6754a73dd70dd87f08b876b5a495aff,60.1538,24.95595,0000000038bf9618,11.7
226,2019-08-01T15:15:00Z,a89d6c9b9bade1f3b77382764263c8c02ac6da48b4fb67870a2a98f4,60.17065,24.93641,000000000f4919c9,0.34
227,2019-08-01T15:15:00Z,abab6756d3f3e15c1bfecf22a476a6e8b16334ef428a3418077a0398,60.16762,24.95415,000000006b44cce7,23.56
228,2019-08-01T15:15:00Z,abeb0c9ff140a990210727f131e84222f1dc04e4e0def4623cf7d52f,60.16762,24.95415,000000006b44cce7,7.05
229,2019-08-01T15:15:00Z,ac2e33cc601f486ae5c3fcb5125953a4cc8005d9668858c563e07009,60.16829,24.94214,00000000afef4555,23.56
230,2019-08-01T15:15:00Z,ad419c3a62ec53f23fab7efe3313f9f1f6796fc8f0ae8ba9f2b8db27,60.14947,24.91438,000000004ef3150d,13.75
231,2019-08-01T15:15:00Z,ad56359150183330a082d751043808a87c353d878a2815d60b40a0b6,60.17002,24.94407,000000006b087f40,12.69
232,2019-08-01T15:15:00Z,adb0ef8e018afed33b08cfccc5160f07937efe5ec9d22a8315b6fe7b,60.16762,24.95415,000000006b44cce7,9.92
233,2019-08-01T15:15:00Z,ae02f54651e751464af27ce863a5386d8cc01a0360dafd64bd69cb56,60.16897,24.95222,00000000aa852af1,13.75
234,2019-08-01T15:15:00Z,ae5d8e25c51236fc52bfb307bf7d0f4e4300277f6fc308bcba38e47c,60.17918,24.95141,00000000675d5200,36.27
235,2019-08-01T15:15:00Z,b10df7b92447f0d352494e233baa72d275d86ee1566ed7df6feb6a2b,60.149,24.9843,00000000fffb8cf0,27.28
236,2019-08-01T15:15:00Z,b194bbe7738f1eb17dc7d58eb3dcef0c68a4852e567bdfe4efe6de5f,60.17065,24.93641,000000000f4919c9,23.56
237,2019-08-01T15:15:00Z,b411d8fa7fff05fccdf0df9baca2a28986377d6cb39e9a346d708c8a,60.14951,24.92138,0000000006dd41f6,5.41
238,2019-08-01T15:15:00Z,b55009afd56101b370c5620b4fa226801b708417fee3bd5cc0de7d9a,60.16829,24.94214,00000000afef4555,33.81
239,2019-08-01T15:15:00Z,b5550b237113df3a63e455831773a85275ec966beacb54992faf06b4,60.16531,24.9442,00000000fdda10fe,17.4
240,2019-08-01T15:15:00Z,b78cc308968d2c9d9c2024439303812552712fb0e2db54205834c450,60.17002,24.94407,000000006b087f40,17.4
241,2019-08-01T15:15:00Z,b8e4142478fcf843891887d371b03ee122bd2f45e68326d599961d01,60.1538,24.95595,0000000038bf9618,10.78
242,2019-08-01T15:15:00Z,b96f0e73033f4c40590d0fdf68656a86b9d98c69edc695e8fad78c3e,60.16762,24.95415,000000006b44cce7,10.78
243,2019-08-01T15:15:00Z,ba527687b4b14f40836761bf3160c79a391fcab4a1e9b261ed988701,60.16829,24.94214,00000000afef4555,7.69
244,2019-08-01T15:15:00Z,bae51b4e517b85472c65d40c317c3108bf28b4b308f75de9b25e72f4,60.16762,24.95415,000000006b44cce7,9.92
245,2019-08-01T15:15:00Z,bb549f71c6581e67c8ee447179863792d05afa1e5b2f13110ca12d3a,60.16897,24.95222,00000000aa852af1,17.4
246,2019-08-01T15:15:00Z,bc1b5f4043d35e423e13a17e6c61546c099b6fec1cdf27c891145caf,60.16762,24.95415,000000006b44cce7,14.89
247,2019-08-01T15:15:00Z,c01707d84009498e57b2b98f6e1e4c95ff898f8ec55ec131bbf182a8,60.16762,24.95415,000000006b44cce7,9.12
248,2019-08-01T15:15:00Z,c05985f7aea4bbb90cc7ac7a0e3378ff313ced79ac4dfa9d21873b21,60.16829,24.94214,00000000afef4555,27.28
249,2019-08-01T15:15:00Z,c1181b7acc85626d5c5349fea9e195a7fe1858fd21f91d50c1d13693,60.17002,24.94407,000000006b087f40,23.56
250,2019-08-01T15:15:00Z,c181847f4947dc027933f4b2a07379c34ef609765d8789d93d13d50e,60.17065,24.93641,000000000f4919c9,36.27
251,2019-08-01T15:15:00Z,c2c0229aa847108f404ea7ac2ee5d1d2bb4e09ef2cc74b51d1aa0fcd,60.16448,24.97323,0000000053c6c2be,17.4
252,2019-08-01T15:15:00Z,c2d634cb5b2d6341e357454cfc19c37140113a93a6dc1bc60734e8c6,60.16762,24.95415,000000006b44cce7,9.12
253,2019-08-01T15:15:00Z,c40d457598f38633fbc8b9426adccd9792f214d4644f8e16f567daa6,60.149,24.9843,00000000fffb8cf0,3.09
254,2019-08-01T15:15:00Z,c73096509148f512f0636d2fc8fe7a492e2d7ccd4dd0a50587b58d4c,60.16531,24.9442,00000000fdda10fe,25.36
255,2019-08-01T15:15:00Z,c77bf6deb344aa3cacdde473ccc998c703328752a4f0d523a1d97b4c,60.1538,24.95595,0000000038bf9618,17.4
256,2019-08-01T15:15:00Z,c933733a2d0e936030a31898eb90258c39d7e6bc1329a4e66e40b07c,60.16629,24.95957,00000000fb7600be,21.87
257,2019-08-01T15:15:00Z,c9e279a584fc48018245837606a42af1b9bb719fdd97b638db17551d,60.17919,24.95181,000000007b5207b6,23.56
258,2019-08-01T15:15:00Z,ca9fac18641b53594b9b12804633688518ef8439bced03b55b10a4bd,60.149,24.9843,00000000fffb8cf0,12.69
259,2019-08-01T15:15:00Z,caa745cd2f1f3b3be7305d4e7c78beb8407cb3101b35c40cf66def08,60.17065,24.93641,000000000f4919c9,5.41
260,2019-08-01T15:15:00Z,cab192fb0a4dff5ecbf6886aa529d44fdfe1219f02afb480a595b4d7,60.16829,24.94214,00000000afef4555,3.09
261,2019-08-01T15:15:00Z,cbfe5702deca3cc388d47fc3d8aaa09e4b46efb10299cd21ff2647db,60.16897,24.95222,00000000aa852af1,17.4
262,2019-08-01T15:15:00Z,cc950c3a466c35f86c7bfa063842fd4f92441971a1c372b8027b23ae,60.1538,24.95595,0000000038bf9618,4.5
263,2019-08-01T15:15:00Z,cdba148f34b38927d778e84c8e2d66ead6da5ff4fa359850d56ceb7a,60.18203,24.91341,00000000342570c2,12.69
264,2019-08-01T15:15:00Z,cea92cbab960fafdaf4118866f713944272db06e059f9245d5000098,60.16762,24.95415,000000006b44cce7,25.36
265,2019-08-01T15:15:00Z,ceab5ce6cdc591b8c3a07d0ac0d22a6442048091be2af9a837e338ce,60.17065,24.93641,000000000f4919c9,21.87
266,2019-08-01T15:15:00Z,d2a98a2d4dc868ec77afb481576c056fa91283ce6c0ec782bc000e08,60.17919,24.95181,000000007b5207b6,8.38
267,2019-08-01T15:15:00Z,d340075594cdab6e1167875fef4c0ed93e00174828d8b63a127fe33c,60.16531,24.9442,00000000fdda10fe,7.05
268,2019-08-01T15:15:00Z,d49a50ac3181d9b85b824cf18311d7de2a75e6a106cc209b28f651d8,60.16897,24.95222,00000000aa852af1,38.87
269,2019-08-01T15:15:00Z,d55d1326913bc6097bd76569841809cde4368d84a82bf24b6208359d,60.16829,24.94214,00000000afef4555,10.78
270,2019-08-01T15:15:00Z,d5f2b53404201b3233d2417a671029a833e453ebd7f8da0782622e7e,60.16629,24.95957,00000000fb7600be,27.28
271,2019-08-01T15:15:00Z,d678079a223787ba052d47147c926810c3ecd01410095c773a195cc3,60.149,24.9843,00000000fffb8cf0,10.78
272,2019-08-01T15:15:00Z,d6a16739739c96bab60872dd619960392d0d0dfdadced8e238b6747b,60.16762,24.95415,000000006b44cce7,13.75
273,2019-08-01T15:15:00Z,d916f85fa64b03748fdfc9b8f716a3515f3ca471d1c04803755037bc,60.16897,24.95222,00000000aa852af1,18.79
274,2019-08-01T15:15:00Z,da75217e416868c3fcffefa9dcb190c7dd032e698234484f685274a8,60.149,24.9843,00000000fffb8cf0,18.79
275,2019-08-01T15:15:00Z,dbea4769714d3787b6098684922f36453121615e8ffd0b576c749a65,60.16897,24.95222,00000000aa852af1,21.87
276,2019-08-01T15:15:00Z,dc25d32b9c4bbce553028f529a2a3c4d115d3fc7599efb3bc60c5543,60.16897,24.95222,00000000aa852af1,11.7
277,2019-08-01T15:15:00Z,de73b56c3bc2fbccbd6defe61992bf32ef985ab106a0c3cc7cce9a83,60.14947,24.91438,000000004ef3150d,10.78
278,2019-08-01T15:15:00Z,df41fae7b2a32cd255caa83914d00a832cf3b9473f8766f58115643e,60.16762,24.95415,000000006b44cce7,27.28
279,2019-08-01T15:15:00Z,e0d835520be17e5c9486f2bcf83f11eabdda49afc9c81ac0646384f0,60.1538,24.95595,0000000038bf9618,23.56
280,2019-08-01T15:15:00Z,e196cf9bf64865019bfaaf2e62e82a19c2c32ffcd4719137caecff1b,60.16829,24.94214,00000000afef4555,4.5
281,2019-08-01T15:15:00Z,e2378335360b64330a7bca8c78ed8e78ec08e9660b8ccf531150cf7b,60.16897,24.95222,00000000aa852af1,11.7
282,2019-08-01T15:15:00Z,e262d8663226f4c2e59f3b76453238df44f80343e208f348a8331be7,60.16762,24.95415,000000006b44cce7,9.92
283,2019-08-01T15:15:00Z,e541301e91244393174514cf09bd6cc761c5c993e9d5de53a95ae61e,60.16897,24.95222,00000000aa852af1,12.69
284,2019-08-01T15:15:00Z,e6721013ffc56edeef0e7b99b009303408ce21050504cb83ae312fb5,60.16629,24.95957,00000000fb7600be,23.56
285,2019-08-01T15:15:00Z,e7c0f9713e0649c98aad2b35c5638767f503270279279d89b9d28110,60.16762,24.95415,000000006b44cce7,12.69
286,2019-08-01T15:15:00Z,ea15ddc84babeee595da18f52ebafcf1d729cdc4d1451930378d8ef8,60.16829,24.94214,00000000afef4555,13.75
287,2019-08-01T15:15:00Z,ea1600d1948f4f632f765c84a155f533a948b97a0a8704220209ad4a,60.14947,24.91438,000000004ef3150d,25.36
288,2019-08-01T15:15:00Z,ea8c893aebb328b4fcf7f70105ee4b75a2d12e042b90644815f79186,60.16448,24.97323,0000000053c6c2be,14.89
289,2019-08-01T15:15:00Z,ea9a4bbf485d6bedcba0d3c2e550f265a63070f9e35b9241a9dfcda9,60.16629,24.95957,00000000fb7600be,17.4
290,2019-08-01T15:15:00Z,eac4a1a060dac1e784d76dfe84e2e906ae826d86820faa6fd819285e,60.16829,24.94214,00000000afef4555,8.38
291,2019-08-01T15:15:00Z,eb76175497d979f569fadd699741df6aeb956ff37e14bc4ec9f98bbd,60.16897,24.95222,00000000aa852af1,12.69
292,2019-08-01T15:15:00Z,eb7bb8b83090762aeb2d68f342ff3fe2767d783bda47404495e70161,60.14947,24.91438,000000004ef3150d,9.92
293,2019-08-01T15:15:00Z,ecf9fdd87097488fdbceebd9710966d7115b663b03cd36190220572c,60.16762,24.95415,000000006b44cce7,6.46
294,2019-08-01T15:15:00Z,f20c1296fce9a39950b4011908f306710ef38f8bfa603baaf275daaa,60.149,24.9843,00000000fffb8cf0,8.38
295,2019-08-01T15:15:00Z,f462debf7de0109c93c16dad0925ad8190ccfebfbc7b5e5cf403788c,60.16829,24.94214,00000000afef4555,16.1
296,2019-08-01T15:15:00Z,f508992c25946a9f40edfcac281fb4329fb4f7ffe96cd12ffa327ee7,60.14947,24.91438,000000004ef3150d,23.56
297,2019-08-01T15:15:00Z,f6aa21a6f4b287021607eea772570b707604e9b14e71e3260c102e65,60.16829,24.94214,00000000afef4555,17.4
298,2019-08-01T15:15:00Z,f6ce43e288e4a05f750be91f994502b1e470fc6d61f25f968d3afe99,60.16531,24.9442,00000000fdda10fe,21.87
299,2019-08-01T15:15:00Z,f73ac288c46ad84dda53ca64d1508017021007da1f51a62be935f0c1,60.1538,24.95595,0000000038bf9618,6.46
300,2019-08-01T15:15:00Z,f8fe816b2a8934c58236c8569ae661adbbedeeed74831c4197df4961,60.16829,24.94214,00000000afef4555,29.32
301,2019-08-01T15:15:00Z,f98bc1a24798c8ec7685a5fd41f696e7c08d2c9ada2b812773f6c964,60.16762,24.95415,000000006b44cce7,13.75
302,2019-08-01T15:15:00Z,ff9dd31e988b70040c12e8d3e866df073ae9cc557822c526aad2c36c,60.149,24.9843,00000000fffb8cf0,3.74
303,2019-08-01T15:15:01Z,0fff89885f08417f20aadfdbf62a372277e9085bcd024374b772ecac,60.16531,24.9442,00000000fdda10fe,17.4
304,2019-08-01T15:15:01Z,12f05bd60ee108463e2de7cb0b7643978a04d8132c3a3064978845ac,60.16762,24.95415,000000006b44cce7,14.89
305,2019-08-01T15:15:01Z,144afc51fc2443c7031a2912566eff2ce60226a49d6d2bd7c2923700,60.16544,24.95398,0000000038d83d41,18.79
306,2019-08-01T15:15:01Z,14c7e1511b70f4dd3359cbece1377aebb4d70531f5489eefe53d7c3c,60.16544,24.95398,0000000038d83d41,27.28
307,2019-08-01T15:15:01Z,2017900753cae01f74883a76d438d06e542dbf17427001d0f1f45a75,60.16897,24.95222,00000000aa852af1,23.56
308,2019-08-01T15:15:01Z,22581e1d9764b88a01034a4cab1a6b02fa4aa770025b9bd340685163,60.15432,24.9211,0000000019fb59c4,9.92
309,2019-08-01T15:15:01Z,34e371f9936882e03a528ea3504222dbcfde9c17b8785e4e8ef20cf2,60.17065,24.93641,000000000f4919c9,13.75
310,2019-08-01T15:15:01Z,36da9f89257a9396e4d745add999a0f0d60fd4dc2a38619e5761dc6b,60.16762,24.95415,000000006b44cce7,14.89
311,2019-08-01T15:15:01Z,41d3af8da554a2f22a1c6596e0da84fd612b70022b5d295e6b4928e7,60.15432,24.9211,0000000019fb59c4,14.89
312,2019-08-01T15:15:01Z,43b676ed3aef4c2d8846694817e76117873be52e7f788e0cb366c1c4,60.16629,24.95957,00000000fb7600be,23.56
313,2019-08-01T15:15:01Z,4de1234054c0ad564da4a96fa45a0531feaa109e9da645e55bf27afc,60.16629,24.95957,00000000fb7600be,16.1
314,2019-08-01T15:15:01Z,541cdde5332ed33dd6e2f47bc3091d8251b2992ea15305b741d7fa7c,60.16531,24.9442,00000000fdda10fe,44.58
315,2019-08-01T15:15:01Z,54ccae935029358b2332d1b84364c7755ba58d0ae195ae8b2c9a965b,60.16762,24.95415,000000006b44cce7,12.69
316,2019-08-01T15:15:01Z,58b487989163ff4aee77f48aaf200197c07f8d71b38129b610e68f71,60.1538,24.95595,0000000038bf9618,17.4
317,2019-08-01T15:15:01Z,5d65719c4cbf045f068d084b72302f447d5fd034413d97d13be00d0e,60.18203,24.91341,00000000342570c2,20.28
318,2019-08-01T15:15:01Z,61355cfb495f6c371bd27a7a91ae3de3b619611d3fcc0ae194bf4ce3,60.149,24.9843,00000000fffb8cf0,12.69
319,2019-08-01T15:15:01Z,693099b54f1d14b899f005c233a431270bde084ad2fe05abf597743a,60.16544,24.95398,0000000038d83d41,8.38
320,2019-08-01T15:15:01Z,6a54644283a4f5a6369abe947b4e9faf2ca3c25ef2ea42502cb60c5f,60.15432,24.9211,0000000019fb59c4,17.4
321,2019-08-01T15:15:01Z,6bb830c93f2195a49fb19ccc8f9673bd13c640aaead53dd9acd8b6b1,60.16762,24.95415,000000006b44cce7,7.05
322,2019-08-01T15:15:01Z,6d22b751ff5173035dc85c52c3dff0780126adae67fe33dc62dd45ef,60.16531,24.9442,00000000fdda10fe,13.75
323,2019-08-01T15:15:01Z,78d5f60b36b59c06c3988b94e11744bb3aed5dcbc214f91f228bf892,60.16448,24.97323,0000000053c6c2be,16.1
324,2019-08-01T15:15:01Z,7936aa9ca88d3763791437bdb1a6192164ef39788c06d87deffb3d9b,60.16897,24.95222,00000000aa852af1,18.79
325,2019-08-01T15:15:01Z,7ae5f6ff2740f713e642e9e19757d3e095d5abd55e7a8f2473dda723,60.149,24.9843,00000000fffb8cf0,8.38
326,2019-08-01T15:15:01Z,7c278cc694f6563a7d534992f9f05fa3a79f38635cbd980fdf50e9ac,60.16897,24.95222,00000000aa852af1,5.41
327,2019-08-01T15:15:01Z,87dfaad29a9276ddddb1fa021d3bc23ad14824c1af16f7d87e713689,60.14951,24.92138,0000000006dd41f6,9.12
