,time,hash,latitude,longitude,serial,distance
0,2019-08-01T10:06:00Z,0ffffc922d45d8063a1ee9f51760d94aa7e3f957374f5a86b3a18d09,60.16897,24.95222,00000000aa852af1,27.28
1,2019-08-01T10:06:00Z,144afc51fc2443c7031a2912566eff2ce60226a49d6d2bd7c2923700,60.16544,24.95398,0000000038d83d41,17.4
2,2019-08-01T10:06:00Z,14c7e1511b70f4dd3359cbece1377aebb4d70531f5489eefe53d7c3c,60.16544,24.95398,0000000038d83d41,29.32
3,2019-08-01T10:06:00Z,15918569de0a46a8eb56b43d8d39f7fc82619ff1006f00822c85745c,60.17918,24.95141,00000000675d5200,4.11
4,2019-08-01T10:06:00Z,2a93b61a3863ace54349d7a0937e4134fcc6d4dfcf064eefae2b7cf8,60.15432,24.9211,0000000019fb59c4,20.28
5,2019-08-01T10:06:00Z,541cdde5332ed33dd6e2f47bc3091d8251b2992ea15305b741d7fa7c,60.16531,24.9442,00000000fdda10fe,41.64
6,2019-08-01T10:06:00Z,5d65719c4cbf045f068d084b72302f447d5fd034413d97d13be00d0e,60.18203,24.91341,00000000342570c2,20.28
7,2019-08-01T10:06:00Z,6066632ddc94b5c482a2d4f45ed2532e55e3fd63e414a084a596a737,60.16762,24.95415,000000006b44cce7,17.4
8,2019-08-01T10:06:00Z,6a657079c1bdc8114c289be1ddd83e5846d4279a920d1697b8ff0033,60.18203,24.91341,00000000342570c2,29.32
9,2019-08-01T10:06:00Z,6d22b751ff5173035dc85c52c3dff0780126adae67fe33dc62dd45ef,60.16531,24.9442,00000000fdda10fe,20.28
10,2019-08-01T10:06:00Z,7117da509d8773188f002a50ac086e241b78c3afabfc404f49a2b028,60.15432,24.9211,0000000019fb59c4,10.78
11,2019-08-01T10:06:00Z,76c7f42283513d0e289bf786d89463b5025b2ae0f4e13519a4cf228b,60.15432,24.9211,0000000019fb59c4,11.7
12,2019-08-01T10:06:00Z,78d5f60b36b59c06c3988b94e11744bb3aed5dcbc214f91f228bf892,60.16448,24.97323,0000000053c6c2be,25.36
13,2019-08-01T10:06:00Z,84fdfd8881f633c5f0c71c1480053953ca4b05e848052d97c063ad38,60.1538,24.95595,0000000038bf9618,25.36
14,2019-08-01T10:06:00Z,87dfaad29a9276ddddb1fa021d3bc23ad14824c1af16f7d87e713689,60.14951,24.92138,0000000006dd41f6,9.12
15,2019-08-01T10:06:00Z,8c75c3289c84fe4493e1e272a77b615fe1985880c5dc68a7c1a17b53,60.16762,24.95415,000000006b44cce7,11.7
16,2019-08-01T10:06:00Z,8cc6ddaa460aeae8cc9e8a33f91a01c8cd4c0c8bf8a943210a28c84d,60.1538,24.95595,0000000038bf9618,17.4
17,2019-08-01T10:06:00Z,8dbc1e617b2fd8bc86f89aa9a163cd328fd4a369bb48eb6b3e16c2c1,60.173,24.92524,0000000096918cfa,6.46
18,2019-08-01T10:06:00Z,90778cdb407c97aacbb3fd01f29f2680b24f7e8b2365e56cf8d9b4c4,60.16531,24.9442,00000000fdda10fe,23.56
19,2019-08-01T10:06:00Z,9500bab795f51bdd64c3f0f2cd00ad5aa6d9b93195c29484e6e5f92a,60.16762,24.95415,000000006b44cce7,14.89
20,2019-08-01T10:06:00Z,9843c6216661048343a0e49cf3d8aa2883cf77f452666a1c873a1052,60.16448,24.97323,0000000053c6c2be,13.75
21,2019-08-01T10:06:00Z,9d03d14afa49576281aa26db60e517f7c1ec8aa36f7756959a860a8a,60.16629,24.95957,00000000fb7600be,11.7
22,2019-08-01T10:06:00Z,a0972d97514e29907d2ba46aa19e778b1b09a7e4eda4cf9e59e50cf7,60.14947,24.91438,000000004ef3150d,50.98
23,2019-08-01T10:06:00Z,a794b5cd3dff23bb2fe621fa0fa64a9ad4be2ab820bff2b483489903,60.16897,24.95222,00000000aa852af1,18.79
24,2019-08-01T10:06:00Z,a91d379a4b57c5df22db0d7a041ff69f657b4b31f28554b1011fc03c,60.16544,24.95398,0000000038d83d41,36.27
25,2019-08-01T10:06:00Z,a9da1ee82e3b670e276c26b483dd50f4a6d0c6f77ef82245d3ae6086,60.18203,24.91341,00000000342570c2,20.28
26,2019-08-01T10:06:00Z,ab0f67c0c0e1ba5eac9013f9c314feadf340ddf08543b91e70483594,60.16544,24.95398,0000000038d83d41,27.28
27,2019-08-01T10:06:00Z,b5fd6b317890e5ab2d79e2cd1abe61626d45a753c7337d0d40728898,60.16762,24.95415,000000006b44cce7,9.92
28,2019-08-01T10:06:00Z,ba42c72ea7c2663b3ea5044faf12173ab18e523dc35de0e24bf374ac,60.16544,24.95398,0000000038d83d41,23.56
29,2019-08-01T10:06:00Z,c40c37def6bf11a63a2556519a7c6233fd417cdeea2cf14f28e7c42c,60.16531,24.9442,00000000fdda10fe,21.87
30,2019-08-01T10:06:00Z,c9803a782a7001cf0feb256171e94ba6d9625eb5e65063a2074c579f,60.16762,24.95415,000000006b44cce7,5.91
31,2019-08-01T10:06:00Z,cf05623e4d87ce0906c0b0b7dbf53aacc1228016cd27c341228b6e76,60.18203,24.91341,00000000342570c2,21.87
32,2019-08-01T10:06:00Z,dac10d79c6913065dae99420fe6333941a1feb6578abe427c4ecd170,60.15432,24.9211,0000000019fb59c4,20.28
33,2019-08-01T10:06:00Z,dd2c9c82cf3737146294aff6f814a1349fb0bc4bedf518715dacbe8f,60.18203,24.91341,00000000342570c2,13.75
34,2019-08-01T10:06:00Z,ddc67f72e5e8f9a7d6b2da1da84e1837810b48e399bfa77518b37226,60.16531,24.9442,00000000fdda10fe,29.32
35,2019-08-01T10:06:00Z,e8ff983d3c674983a469ebc3e93ba2a1ef2357251f29880f2894fcf1,60.1538,24.95595,0000000038bf9618,21.87
36,2019-08-01T10:06:00Z,ed70dda6b7faebd4340dacdb452ab224d9d3c308df417b7fa76f54e8,60.14951,24.92138,0000000006dd41f6,20.28
37,2019-08-01T10:06:00Z,f088630d7476dae7d4b7e2bb1f10575f2c89acb4b6e061f3d57c2b40,60.16531,24.9442,00000000fdda10fe,23.56
38,2019-08-01T10:06:00Z,f905570b4632d32a9357a3b242512c9ae5185cde8da2d48a9e3df405,60.16897,24.95222,00000000aa852af1,10.78
39,2019-08-01T10:06:00Z,f99c5dd8cc08bd2353083d875ce8bc585fb2c2ff8427b90d92f571de,60.1538,24.95595,0000000038bf9618,27.28
40,2019-08-01T10:06:00Z,fc4f3a44235f1cfc7b53f14ba2da599976a5a0a220d23b852688e485,60.17919,24.95181,000000007b5207b6,12.69
41,2019-08-01T10:06:00Z,00ad277b4197363eaf9de09caf5174d0e14af0a3fa8426444debe1d9,60.16448,24.97323,0000000053c6c2be,4.5
42,2019-08-01T10:06:00Z,01052be4243f5b7bd4eb2c51056a76fff0ddaa9cd1df92493deb19ca,60.16762,24.95415,000000006b44cce7,4.94
43,2019-08-01T10:06:00Z,014c00090d1e3d58d66787b69f57403f9d170eee003b0198233bcbbe,60.16762,24.95415,000000006b44cce7,9.12
44,2019-08-01T10:06:00Z,01c279410292d445576e1e6df190646f136446b1cf742c5c388e6925,60.1538,24.95595,0000000038bf9618,29.32
45,2019-08-01T10:06:00Z,034af7b8f1aab89aaf1959056bbc9ba4c49ac8a9c6770308b54ac90e,60.17918,24.95141,00000000675d5200,4.94
46,2019-08-01T10:06:00Z,04236c1f703c4fcb1f806133b743262adf95359dddc1262d2ee8da09,60.16897,24.95222,00000000aa852af1,13.75
47,2019-08-01T10:06:00Z,05ee05bb515b5167c875aa6b6350974fbd8fb14247ddf4815929309c,60.17918,24.95141,00000000675d5200,17.4
48,2019-08-01T10:06:00Z,06cca73670232794c08e1103e1532d9ed7e8a200bd7494c0055bc153,60.17918,24.95141,00000000675d5200,1.7
49,2019-08-01T10:06:00Z,0700a8857998d7b34d9ba0125f8fbd92fdeba5c4bbe30272a38c2721,60.16897,24.95222,00000000aa852af1,4.11
50,2019-08-01T10:06:00Z,08050781a4d08b9a584dbcc1cb2932a5306d5825e9d52073fda13a63,60.16075,24.95883,00000000f1124bca,14.89
51,2019-08-01T10:06:00Z,0849a091b1aabe9b614b6b5c54dffd083dbb4473ca90dc972e4d37de,60.16897,24.95222,00000000aa852af1,20.28
52,2019-08-01T10:06:00Z,08dd99bfc7c2426c8b7a22391aa1a73361826741e35e4b81091d83eb,60.149,24.9843,00000000fffb8cf0,17.4
53,2019-08-01T10:06:00Z,0a433d4598d3686faa6ac2b28c8cb1adfa896e5c04994f3feddf1e3f,60.16762,24.95415,000000006b44cce7,16.1
54,2019-08-01T10:06:00Z,0c7cb8d9843d042cb8ca540150a8b4638aa927d239415b59d29fa67f,60.16762,24.95415,000000006b44cce7,17.4
55,2019-08-01T10:06:00Z,0f47f7aaf9af77bb5891df9f56ecb8244aade8760355ef06c75b8a0b,60.14947,24.91438,000000004ef3150d,14.89
56,2019-08-01T10:06:00Z,0fb3f4b6f190c8d813833f9babacdff2a367837d6bc0fefe324bb62e,60.14947,24.91438,000000004ef3150d,23.56
57,2019-08-01T10:06:00Z,101be508702db8d9f8956e6ff6535ad812d647ba27dba70e2ec820aa,60.16531,24.9442,00000000fdda10fe,20.28
58,2019-08-01T10:06:00Z,106603786427091f8f6ff2ca4ada83973ef370ae41d454d51e2eb945,60.17918,24.95141,00000000675d5200,4.94
59,2019-08-01T10:06:00Z,1080f90228609dbf8a965e7df4c753b2a8a57d36951b0dd83ea6922e,60.17919,24.95181,000000007b5207b6,11.7
60,2019-08-01T10:06:00Z,10c8bc58e5f7ca56f8bc110493e642c16e11da8ae1f7c6ec1fdf26f2,60.16897,24.95222,00000000aa852af1,17.4
61,2019-08-01T10:06:00Z,126a7b06e4e0aab10473d221e27ee51991f854066e5c6789a2935637,60.14947,24.91438,000000004ef3150d,8.38
62,2019-08-01T10:06:00Z,126b189e5095274cd5ce3281e880ecd57ebcb257b3d35c2093e7d32f,60.16829,24.94214,00000000afef4555,21.87
63,2019-08-01T10:06:00Z,14474da432737ee2f90d9e2a2aefdd39a7a3c327678ea1e5d8a7d90e,60.16629,24.95957,00000000fb7600be,17.4
64,2019-08-01T10:06:00Z,1563d42489695a6141397d74e232dbad311f305e064e06af3cba2f7b,60.16762,24.95415,000000006b44cce7,5.91
65,2019-08-01T10:06:00Z,15840b5f77a48ddddc505ddeaf855a7d5d05a557e146dd561220072a,60.16531,24.9442,00000000fdda10fe,16.1
66,2019-08-01T10:06:00Z,172b1482355d8337a8ad8e68ad5c2c73e01e5890f44bc3edcbcb5f87,60.16897,24.95222,00000000aa852af1,17.4
67,2019-08-01T10:06:00Z,176e420288b9288265a4644aa2a398742278e197afdc82ef88d57875,60.16762,24.95415,000000006b44cce7,4.94
68,2019-08-01T10:06:00Z,177d02fff6867089518d33da72f149a7b2b08173cc41e86a43a11c06,60.16531,24.9442,00000000fdda10fe,17.4
69,2019-08-01T10:06:00Z,1802c506e6404e9b54faf81ce11441c6464a6ccb6f256824a59c9123,60.16829,24.94214,00000000afef4555,7.05
70,2019-08-01T10:06:00Z,18239d333b77901ccdf664f255c85548551ac57d9b44a2a219be6108,60.14947,24.91438,000000004ef3150d,6.46
71,2019-08-01T10:06:00Z,1950cd9a05dc2ac77c3cc525a537e202f7902f102f55444381f5c7ab,60.17002,24.94407,000000006b087f40,10.78
72,2019-08-01T10:06:00Z,1a5275a20ce5f8ad1c6eb8b92767922767195e8a5e513c03dac9d712,60.16762,24.95415,000000006b44cce7,9.92
73,2019-08-01T10:06:00Z,1acddfdc506d24f1cac2b454163915529d354c818b657af0e9513ee7,60.16629,24.95957,00000000fb7600be,16.1
74,2019-08-01T10:06:00Z,1b500126e908a993fba8afdcfaa5bd7d8a6c3c97239416b18e21311e,60.16762,24.95415,000000006b44cce7,16.1
75,2019-08-01T10:06:00Z,1be12a4f71b98dc9509141bc1a766b833b6c15dc22303f7006afbe96,60.17065,24.93641,000000000f4919c9,21.87
76,2019-08-01T10:06:00Z,1cdbf93cd6abd5b0f6cf6fd895bd1cf8388f5a602f39bdecae441ef8,60.16762,24.95415,000000006b44cce7,9.12
77,2019-08-01T10:06:00Z,1ce076b3ff1470c272e44640ef83196c4370bac4700a746f829c1905,60.16531,24.9442,00000000fdda10fe,5.91
78,2019-08-01T10:06:00Z,1dca7140d841c462a2dc98a624c5693edf3a5fea8535af2e648cff72,60.16629,24.95957,00000000fb7600be,12.69
79,2019-08-01T10:06:00Z,1e700eb88d7294f02246ca0fc6ff9cb5b49df20124e4e1e377b15935,60.15432,24.9211,0000000019fb59c4,9.92
80,2019-08-01T10:06:00Z,1ecbc7c6afe89033252e5510cbb893666af2b3bc29f555a3a6287fdb,60.14951,24.92138,0000000006dd41f6,4.94
81,2019-08-01T10:06:00Z,1f561cfc29327079bd6b6969b92d01954d86953e47ee3f35932c6b48,60.149,24.9843,00000000fffb8cf0,16.1
82,2019-08-01T10:06:00Z,2055c7da56f32b4b5911d1d80ba478772a2ff84e1d74a44276a51d9b,60.16829,24.94214,00000000afef4555,23.56
83,2019-08-01T10:06:00Z,229467b49359e3591564f2b4cf8e78497ca2fae3c0f350687f9ec178,60.18203,24.91341,00000000342570c2,18.79
84,2019-08-01T10:06:00Z,23033bcda6b4be512ffd1c9a81d141d1dbba13a950a0ec5956ecd4ca,60.173,24.92524,0000000096918cfa,27.28
85,2019-08-01T10:06:00Z,240b06fafc7dfc3de21bb83ecf4ec04c392542c33182663e559c20ef,60.16531,24.9442,00000000fdda10fe,17.4
86,2019-08-01T10:06:00Z,2475e46d099b76ac39400a15f603d04491a02fa82d26687dc25f12fe,60.14951,24.92138,0000000006dd41f6,16.1
87,2019-08-01T10:06:00Z,247c84e6093ad1006f44561e4c3a14c88ef1fadce3a944aba3b8c787,60.149,24.9843,00000000fffb8cf0,16.1
88,2019-08-01T10:06:00Z,24d57b2dd4c2c268ce47dfbe7d62bc29a89b34ffaaa85fe46f019a5a,60.17918,24.95141,00000000675d5200,20.28
89,2019-08-01T10:06:00Z,25affa867bc07c7f530c5c851158e3929ef7f1be474af386fcf5a855,60.16762,24.95415,000000006b44cce7,9.12
90,2019-08-01T10:06:00Z,25ba1d935b732d84111de90372c411155869e76a90d96e5e5ea53b39,60.16762,24.95415,000000006b44cce7,11.7
91,2019-08-01T10:06:00Z,25bb5def59e54ea95904fd14d81b0707ddcf08828371b0e715dda5af,60.16829,24.94214,00000000afef4555,20.28
92,2019-08-01T10:06:00Z,261ca7e5e2b32371c575f8348ac4ae4beb5a6e129886f86d57b33046,60.16829,24.94214,00000000afef4555,21.87
93,2019-08-01T10:06:00Z,26b477838d0bde0d2f30342bf59dd467283320a76a28a6270f79279f,60.14699,24.922,00000000a53ed894,7.05
94,2019-08-01T10:06:00Z,26d50768df95b4d66f59d497b1c4cff5e4849f115e4a0bc36ef7df2f,60.16762,24.95415,000000006b44cce7,8.38
95,2019-08-01T10:06:00Z,27a404fbee5b512e85a38f72e090494a08a5c55bfebd95029e515cc8,60.16762,24.95415,000000006b44cce7,6.46
96,2019-08-01T10:06:00Z,27b8a3ef9646dbda3077657c78f90ae29b6702f25f202225ba26ff96,60.16897,24.95222,00000000aa852af1,16.1
97,2019-08-01T10:06:00Z,294c222a07cf500ce4476589179fc125f31eb30da42e12509a6888e6,60.17918,24.95141,00000000675d5200,7.69
98,2019-08-01T10:06:00Z,2a15c4b636f7378131aed0cd7d4fad71651d56a1fda33574634c1ef5,60.15432,24.9211,0000000019fb59c4,16.1
99,2019-08-01T10:06:00Z,2caaac60cc6003299da29950c5b5bac1896f61361ab05e0a72251ce7,60.16629,24.95957,00000000fb7600be,16.1
100,2019-08-01T10:06:00Z,3069d055d0210f33721d2e0638b02cda8b9e7af9b815b31cca178002,60.18203,24.91341,00000000342570c2,25.36
101,2019-08-01T10:06:00Z,3098242e5009ceaa94c02dac29be11b29c6cb9ec4bc60982e69419f1,60.16544,24.95398,0000000038d83d41,14.89
102,2019-08-01T10:06:00Z,30a9c1bea5159760108b8d17c10fc7a1322bdc3c2e1369e58324413e,60.16075,24.95883,00000000f1124bca,23.56
103,2019-08-01T10:06:00Z,315498049f3f86efca12f129313569248691aeaffbfe358efb180a87,60.16829,24.94214,00000000afef4555,7.69
104,2019-08-01T10:06:00Z,31e9af2d9c9b5d6dc915856b7ae0482f1cb2f9f656bdc1152d9db179,60.14947,24.91438,000000004ef3150d,27.28
105,2019-08-01T10:06:00Z,328652738469ae09f82552892b2392eeeb266333109e34dddf6876fc,60.16762,24.95415,000000006b44cce7,11.7
106,2019-08-01T10:06:00Z,33a49f07b9f59c9b5bb9d82bafa2cdb48cc503f8ddf633f099e720b9,60.18203,24.91341,00000000342570c2,14.89
107,2019-08-01T10:06:00Z,33c64212113f9e7544031a52b5d0c753eeeedb1455dfec1526398f1a,60.149,24.9843,00000000fffb8cf0,4.5
108,2019-08-01T10:06:00Z,3418905f4f9743f027ae2761e7797769bc1a8a63df2faa9807a00f39,60.16762,24.95415,000000006b44cce7,9.12
109,2019-08-01T10:06:00Z,3559305f9c9d33c214d845f0d1fa5627ddbfb0b1b0989e1db7f55577,60.1538,24.95595,0000000038bf9618,10.78
110,2019-08-01T10:06:00Z,3644b0f69b7ccb0900ae39872f4660a9f2d67de6e8d3d67031c9e5f8,60.17065,24.93641,000000000f4919c9,23.56
111,2019-08-01T10:06:00Z,366e5e3707cb5dc8f01a7f6214d6e1f3285a74a325ed2b69ecf6e31f,60.17919,24.95181,000000007b5207b6,10.78
112,2019-08-01T10:06:00Z,3685ee6d322dcb2ad0ae181f66c3c5427d4531d7896d2f5f7571bb6d,60.16762,24.95415,000000006b44cce7,11.7
113,2019-08-01T10:06:00Z,36c038eea7ec6d41fd6961b7479d0c454185f9c17fb5e8efa0321dc6,60.16762,24.95415,000000006b44cce7,8.38
114,2019-08-01T10:06:00Z,36d4750034eba6e4aaab815c4c4371f95691ce4319b5fefb8a5cb965,60.16762,24.95415,000000006b44cce7,5.91
115,2019-08-01T10:06:00Z,382025680f8875c4339ed0a6d3231d5563d28ee3bf10fe59abd57829,60.17002,24.94407,000000006b087f40,21.87
116,2019-08-01T10:06:00Z,3831056da7c31eb97b41e5b9c089930fea0d45f53b0966a653ea0b02,60.17065,24.93641,000000000f4919c9,5.41
117,2019-08-01T10:06:00Z,38b6d07f8e58b9be65d5c838943adb7a2049b226ba81b0f8ce398941,60.16762,24.95415,000000006b44cce7,16.1
118,2019-08-01T10:06:00Z,3a8f782e17fd347e6e7735307deecfddc94343206a79552fd5a1c358,60.149,24.9843,00000000fffb8cf0,7.69
119,2019-08-01T10:06:00Z,3b3b0a908583cf3afe872ec5e35c4eadcc09ace3b1e7b3e2e0b4b8bf,60.16897,24.95222,00000000aa852af1,10.78
120,2019-08-01T10:06:00Z,3b5d10b5161266ada0a73468564427f364d4e44cb41c2f65d9d1fa42,60.14947,24.91438,000000004ef3150d,8.38
121,2019-08-01T10:06:00Z,3c462a11973ea288521792b2bb9a192da6fb927037f28be907a10149,60.16897,24.95222,00000000aa852af1,18.79
122,2019-08-01T10:06:00Z,3c50e82664e287113f46475767f26b528c8bd65b0f4402114e7f7a0c,60.16829,24.94214,00000000afef4555,13.75
123,2019-08-01T10:06:00Z,3d235c88c2c3be3bd238242f5a72094c6027e87df6e588b9ec4d4cf8,60.16544,24.95398,0000000038d83d41,23.56
124,2019-08-01T10:06:00Z,3d8872e5451952ead05784b0761b6e21f2c369e7112f67575732d2e1,60.18203,24.91341,00000000342570c2,14.89
125,2019-08-01T10:06:00Z,3f3525886c0c3dace97aa8d2044a0f091b8768edc3e4f448b1801d12,60.16897,24.95222,00000000aa852af1,18.79
126,2019-08-01T10:06:00Z,40eaf426d1944816061bd345de46742f8175b7062cf784da553ed965,60.16762,24.95415,000000006b44cce7,10.78
127,2019-08-01T10:06:00Z,41233b263a7c6e22a10f9f28d466ba6d7b9b48e9c6c5ba0aa1881dc5,60.16075,24.95883,00000000f1124bca,10.78
128,2019-08-01T10:06:00Z,418f4f7f889b68996756f4eeeac3149fda4ba927e56c8d99cf7fd25a,60.1538,24.95595,0000000038bf9618,18.79
129,2019-08-01T10:06:00Z,421913c64beb3cca16def73f2b2d5fce045407e008705ac98c35d6e6,60.16829,24.94214,00000000afef4555,27.28
130,2019-08-01T10:06:00Z,422578b03ebfa29ecc9aba75c14b3e165c7cd6b73af689a16734f026,60.15432,24.9211,0000000019fb59c4,11.7
131,2019-08-01T10:06:00Z,42844e90c7134ebb3ec325f57cd27cd24711c779548ebc8692a820d5,60.14951,24.92138,0000000006dd41f6,3.4
132,2019-08-01T10:06:00Z,46d129f74ba2ec9ea5b3ac396b94d04d44c388caa2db33533377a483,60.149,24.9843,00000000fffb8cf0,12.69
133,2019-08-01T10:06:00Z,4818b6c6653364bf84df4ad134c466bf38f38eac5a197fbbe7f97aa2,60.16762,24.95415,000000006b44cce7,3.4
134,2019-08-01T10:06:00Z,48b292fa069ae518c2ca31a0a86a157f0398d00933f2d9a9c88cfd95,60.173,24.92524,0000000096918cfa,31.5
135,2019-08-01T10:06:00Z,4a1e6b64729c8b5c07802b7c8e1d1e94c65faa0355ed30e459d8beb1,60.16829,24.94214,00000000afef4555,9.92
136,2019-08-01T10:06:00Z,4b6aaca2163e084677d7ff24df03f05c3e31d9b42feb691ec846ca3e,60.173,24.92524,0000000096918cfa,6.46
137,2019-08-01T10:06:00Z,4c3503e484748dd28ca75f37c50be0e09f5faab307fdf5de8c35f8e1,60.1538,24.95595,0000000038bf9618,20.28
138,2019-08-01T10:06:00Z,50267146588d2ef25971898af0a8aa0b5fab216f5765474010efdd0b,60.15432,24.9211,0000000019fb59c4,20.28
139,2019-08-01T10:06:00Z,50bd5f8f8bad680c53457fbd451481b8522775d1ee14fa49ab33a911,60.17918,24.95141,00000000675d5200,11.7
140,2019-08-01T10:06:00Z,52cec51dc6b70a5c382e77a05d4c5302e70a6ee08ef466b53572757d,60.16629,24.95957,00000000fb7600be,14.89
141,2019-08-01T10:06:00Z,53e53bc550aef857a8700e089eee17e96d45fe2eb8c32e5876d22ed8,60.15432,24.9211,0000000019fb59c4,14.89
142,2019-08-01T10:06:00Z,55119c3175d57d5c20276d92385f02a1ef60904caae26ba8d6950f62,60.17918,24.95141,00000000675d5200,18.79
143,2019-08-01T10:06:00Z,561ae49510e31ed037a1a65b8a3d157b3eb9d0618193a837648ed7fd,60.16762,24.95415,000000006b44cce7,8.38
144,2019-08-01T10:06:00Z,56761a6baece2eb48541b3ba5c3742a7c59b75678c84e34f0ecb90e4,60.16448,24.97323,0000000053c6c2be,20.28
145,2019-08-01T10:06:00Z,5830a481876da00686f25b17dad06258a39212c0816ed04dda2df1bd,60.16531,24.9442,00000000fdda10fe,16.1
146,2019-08-01T10:06:00Z,584cb0b0cdd14e608c8b57c8aecc9826f9b40027e365e2438a444ea2,60.16762,24.95415,000000006b44cce7,9.92
147,2019-08-01T10:06:00Z,58a59b3ff262f055138a8daf006bbdcb6e3b1e8d45c53fe40d4caffe,60.17918,24.95141,00000000675d5200,31.5
148,2019-08-01T10:06:00Z,5947ecf3ddc51d88e8daa3e36516203cdc351671be239de141acfefe,60.16829,24.94214,00000000afef4555,12.69
149,2019-08-01T10:06:00Z,5ae3c50905677e5039a4622ea987de77cb5aae222b8a7f19e689e8ac,60.173,24.92524,0000000096918cfa,3.74
150,2019-08-01T10:06:00Z,5b3c706498f23ff9102b7f9a1cf15f740703d8c4df0ea4222b696297,60.14951,24.92138,0000000006dd41f6,16.1
151,2019-08-01T10:06:00Z,5c71e3de90492af178bc8d5a214722b83067eb995983ae393cc2f4ec,60.16897,24.95222,00000000aa852af1,13.75
152,2019-08-01T10:06:00Z,5c76712ee6e28835a4a8ce75086200a8e187d2302654f9ff4bd5acc1,60.14947,24.91438,000000004ef3150d,10.78
153,2019-08-01T10:06:00Z,5dadaccbf435b9c006c155638dee6a0421277654c8d9b8741dfd9029,60.17065,24.93641,000000000f4919c9,20.28
154,2019-08-01T10:06:00Z,5e683cd36f73335a16b3893d280f725d4d4af62fb0870d73cfb24763,60.17919,24.95181,000000007b5207b6,5.41
155,2019-08-01T10:06:00Z,5f47523802c6d02bc30a6aeedafad6ccaf7ad4bed1e194631d9b8c4c,60.16531,24.9442,00000000fdda10fe,12.69
156,2019-08-01T10:06:00Z,5fc2fafdb6649a869ffd226bfe99095b50996797c20447b63333997d,60.15133,24.92329,00000000e8a064a4,11.7
157,2019-08-01T10:06:00Z,608ce645d503685fd953a764ba1b0a07cb1dcda97331532a88836bd0,60.17065,24.93641,000000000f4919c9,0.84
158,2019-08-01T10:06:00Z,60d85264f0d62afd312ddc577c49d8561847bbcd4cc4a7de58cd6928,60.173,24.92524,0000000096918cfa,3.4
159,2019-08-01T10:06:00Z,628d3eb13412ffc619e8681632c823a68178a835c6abb63b68acc632,60.173,24.92524,0000000096918cfa,21.87
160,2019-08-01T10:06:00Z,65104202b4758d3a1fa382c25574071dfe56cc7a5c330927c3684548,60.16829,24.94214,00000000afef4555,21.87
161,2019-08-01T10:06:00Z,6596d12a0942d63822b71750af1142d1e68d6923837f8de5137c3c3b,60.18203,24.91341,00000000342570c2,16.1
162,2019-08-01T10:06:00Z,65ee127e9c33f78b0d1b2a84c7eb8063ec5cb6332f4284a2686c78db,60.17918,24.95141,00000000675d5200,7.05
163,2019-08-01T10:06:00Z,6635f5ae8ff146ffa37aeb5f7b10fea5f7787a7af6c486a8f6af4148,60.149,24.9843,00000000fffb8cf0,4.5
164,2019-08-01T10:06:00Z,66b04e62eb085e99d0d22bbbad405b75c3583a7c21b966a08d573be4,60.16762,24.95415,000000006b44cce7,8.38
165,2019-08-01T10:06:00Z,674fccaecf51d48efc25196d9be945bfe4320f6e4dd4339c825d24d3,60.16829,24.94214,00000000afef4555,21.87
166,2019-08-01T10:06:00Z,67a39c00e3376ec096ccffa1ec261024483c8b7f2bc34514546b6052,60.16829,24.94214,00000000afef4555,27.28
167,2019-08-01T10:06:00Z,682a907127a1e6d2a1db6a7841657154bdfb79122010342c7a4352ea,60.17002,24.94407,000000006b087f40,31.5
168,2019-08-01T10:06:00Z,68d8526b6022ae2e0d4150da17c7977af5b65f4e9881335c2ab46bea,60.16829,24.94214,00000000afef4555,20.28
169,2019-08-01T10:06:00Z,68d9a94b2afaff95e2af1fdb62e2c9529963ec463c058e75d9dfeb15,60.1538,24.95595,0000000038bf9618,29.32
170,2019-08-01T10:06:00Z,6adb2aa35bbbed6c9eea37b2282cb03461c6cb9d67c7b486cc6e6fa9,60.17918,24.95141,00000000675d5200,3.09
171,2019-08-01T10:06:00Z,6add65c22ac6ec2a22e1776f89e380f4f0da5093fb581e74d6fc55fc,60.17065,24.93641,000000000f4919c9,25.36
172,2019-08-01T10:06:00Z,6b4da280bf8fda10a7944617e6289dd3f4c3ad035c551821ac8a367d,60.16448,24.97323,0000000053c6c2be,18.79
173,2019-08-01T10:06:00Z,6b4e85b883029091f32b8edba641f7ae282ceaf2b47150c38c9f9de1,60.16762,24.95415,000000006b44cce7,3.74
174,2019-08-01T10:06:00Z,6bd8f29dd69224345723669424cf7a61a7315a6f812ef43e5a7a44da,60.16762,24.95415,000000006b44cce7,16.1
175,2019-08-01T10:06:00Z,6c169020a7fb6355a4dbee2f7d17d1cc30e9ba981d28f884a2736c68,60.16629,24.95957,00000000fb7600be,12.69
176,2019-08-01T10:06:00Z,6c257a95c138b601e659040d5f178a84bc3a91f8329fd064fc9e063b,60.16829,24.94214,00000000afef4555,20.28
177,2019-08-01T10:06:00Z,6c6034bdc64b97be6ed47a8cc17e227acb9221576b4d690900bcafd8,60.16544,24.95398,0000000038d83d41,11.7
178,2019-08-01T10:06:00Z,6cac009e944b9210e3d427722929d2b808b006bfec6b8efa40bb6d96,60.16829,24.94214,00000000afef4555,16.1
179,2019-08-01T10:06:00Z,6f8530414cd671b444db24d9a5e7f442e908706f039ba99d71e7bb9b,60.16829,24.94214,00000000afef4555,20.28
180,2019-08-01T10:06:00Z,70a8aa4da90560a5c365867afc6f1764bcfa1453ebe03e83d1a24966,60.16762,24.95415,000000006b44cce7,8.38
181,2019-08-01T10:06:00Z,70d21f2d57c193e3ae73b96c6f52decd305e1b46310b042daa7c5320,60.16829,24.94214,00000000afef4555,5.41
182,2019-08-01T10:06:00Z,71997ed672bd26676a8c55c0dbfdacdf23dd54fc4027b389d164e7c6,60.17002,24.94407,000000006b087f40,17.4
183,2019-08-01T10:06:00Z,724086875b82dcdde71d46398b5bba3c55f3edc3a4bf70b2d6f86022,60.16897,24.95222,00000000aa852af1,5.91
184,2019-08-01T10:06:00Z,7293625efa0f166b8b2f39637f76881ccd55c9842dcdcbdf7ccd5421,60.15133,24.92329,00000000e8a064a4,20.28
185,2019-08-01T10:06:00Z,72a23612f3a1de72f3446ac36528c6da6af4529dabf0d641b54e7f21,60.16762,24.95415,000000006b44cce7,8.38
186,2019-08-01T10:06:00Z,72ada64a130204eb2ec072cdc4e4daf4d1efb4da7f01c34560b9775c,60.16448,24.97323,0000000053c6c2be,18.79
187,2019-08-01T10:06:00Z,742f14472ab2a086028664d05477d1fdca8f9a1b918471e1561a380a,60.17002,24.94407,000000006b087f40,21.87
188,2019-08-01T10:06:00Z,759b7dead96213f38c551a3e73d4430b46d7b75d8b20bbb19f9a7fd6,60.16629,24.95957,00000000fb7600be,13.75
189,2019-08-01T10:06:00Z,76017c3afaccbac17a43f5fbd4ad2087421af9145757edcba155bf0f,60.15133,24.92329,00000000e8a064a4,20.28
190,2019-08-01T10:06:00Z,775d78c1b2bf17758307031143f46634dd9bb2d080061f0fceaeab29,60.17002,24.94407,000000006b087f40,20.28
191,2019-08-01T10:06:00Z,77a066fb053e45727b1eef80464d529da1e48b1040355419963a36a0,60.17918,24.95141,00000000675d5200,8.38
192,2019-08-01T10:06:00Z,77cd278802814c7b55d1d65e6a2ae2fda33f5c0d09c1d6ac6d670193,60.17918,24.95141,00000000675d5200,21.87
193,2019-08-01T10:06:00Z,77fa107b5f06dac4fc3d17a6774f6ca5c9fd8ef435d2b6a150877381,60.17919,24.95181,000000007b5207b6,21.87
194,2019-08-01T10:06:00Z,78a9535148d256e36a93dcce58f6dac7864c3bcd43b255c37291aa30,60.17002,24.94407,000000006b087f40,36.27
195,2019-08-01T10:06:00Z,79cfbb9e4bc8bd1bd5e206cee22d893866efc70fd26de8b0477ce456,60.14947,24.91438,000000004ef3150d,8.38
196,2019-08-01T10:06:00Z,7a251f73d18e9f4a1bf7a177aca54af153f2dca8eee890d915958d83,60.16762,24.95415,000000006b44cce7,4.94
197,2019-08-01T10:06:00Z,7bd5f385a6ac8db8664216a481deb543b8fb614bc5d953470dbf1f30,60.16762,24.95415,000000006b44cce7,7.69
198,2019-08-01T10:06:00Z,7c7e16c147aa213e5f51334c58d0ab18f5495eae31045c9bf0ef62ed,60.1538,24.95595,0000000038bf9618,25.36
199,2019-08-01T10:06:00Z,7cd51189de07d01882cf0a9346f0830a9b21764875334d45e143fbd5,60.17002,24.94407,000000006b087f40,13.75
200,2019-08-01T10:06:00Z,7fd26203745a0d07d4c0f10f6d777f2f912c495b739c22badd7b6b38,60.16629,24.95957,00000000fb7600be,16.1
201,2019-08-01T10:06:00Z,80451bc46f6e793a3694d9485ee14e4305f795f03d636f72a48ba7cb,60.17918,24.95141,00000000675d5200,0.71
202,2019-08-01T10:06:00Z,80b2431032bb5d151296f7d0f31f9c30c827ca2a00920aca7299c999,60.16829,24.94214,00000000afef4555,13.75
203,2019-08-01T10:06:00Z,80eef98c8c7adae678c90e84682b950bd9d7a64837b426f6ebc3e0b2,60.16762,24.95415,000000006b44cce7,11.7
204,2019-08-01T10:06:00Z,80efc2687c36a8e8a14aebc4448b44f01b66f5c13d8b254b35182c7f,60.17918,24.95141,00000000675d5200,5.41
205,2019-08-01T10:06:00Z,81f7b0b63cfd81786f25d80fb37246b1c814460fb2348dee1761f82e,60.16531,24.9442,00000000fdda10fe,31.5
206,2019-08-01T10:06:00Z,821418b45477094c194c0d392638b5004af11564a198f1e8a5c1a388,60.16829,24.94214,00000000afef4555,12.69
207,2019-08-01T10:06:00Z,83123ff542e2a391514c9a866a34564f796140996cb9d2ba5146aceb,60.16762,24.95415,000000006b44cce7,3.74
208,2019-08-01T10:06:00Z,848a1d8ed7d5005e8c1200b595dcbbb60c3b9069d3b3709718a8547d,60.16762,24.95415,000000006b44cce7,2.3
209,2019-08-01T10:06:00Z,84c2f81a4630036d33ea70735b49d99c2f4649bf65a9eef390d2cb33,60.1538,24.95595,0000000038bf9618,29.32
210,2019-08-01T10:06:00Z,84dc78e69ff3a773b52e0ebe01bf9ef1a5663912ec2eb7dff8db0f0a,60.16448,24.97323,0000000053c6c2be,11.7
211,2019-08-01T10:06:00Z,85bdce5b262dbd94adcff03e6cad26a1152828b6ab27e6fdd56b2b13,60.16762,24.95415,000000006b44cce7,2.8
212,2019-08-01T10:06:00Z,865db2b3052bfbe96ac50b6fd6cece356d7d6a4c813d281f84c42d4d,60.16762,24.95415,000000006b44cce7,9.92
213,2019-08-01T10:06:00Z,87a767d5956c13df6379686c2c3a9a016d3ff1016f2eb932889328b5,60.16829,24.94214,00000000afef4555,11.7
214,2019-08-01T10:06:00Z,88458b0713fd3d45c039527a2d28b52487a97166c02110b9cce4c187,60.16897,24.95222,00000000aa852af1,8.38
215,2019-08-01T10:06:00Z,88cf0006c3c2fdd9fc508d20d245f57fb4c2e2b062101270ab98a8b8,60.16762,24.95415,000000006b44cce7,12.69
216,2019-08-01T10:06:00Z,89ad3a9b9ee5b0a9c96f3b605651da4092867c52ba98cd1858960a19,60.16829,24.94214,00000000afef4555,18.79
217,2019-08-01T10:06:00Z,8bd0ce161a7c808f56c27ccb1d759330c0bf278faa49e6230c94a048,60.16448,24.97323,0000000053c6c2be,18.79
218,2019-08-01T10:06:00Z,8c1416b7dd3e3af58d06dffa6ade8fd67add92ac74f672de9ef6c924,60.16448,24.97323,0000000053c6c2be,23.56
219,2019-08-01T10:06:00Z,8c33876d697d8144c6e3fe744a7a99343e78d8d1ab586fe9248ff41e,60.17919,24.95181,000000007b5207b6,13.75
220,2019-08-01T10:06:00Z,8c35073c61b0ee0fab2c35f7526138c34412c0ec69afbb58ee240c2d,60.16829,24.94214,00000000afef4555,16.1
221,2019-08-01T10:06:00Z,8cdaf1ef2e21ba647c61317a49836b41cd7fc2728dd9282419b17618,60.15133,24.92329,00000000e8a064a4,36.27
222,2019-08-01T10:06:00Z,8dc2b2e585097af9190f8e92c46358a65ee8ea0e92db06bced120744,60.17002,24.94407,000000006b087f40,27.28
223,2019-08-01T10:06:00Z,8dc58fd909323e8930769007025b112aa3f77d6979b2db47ee4881f3,60.17918,24.95141,00000000675d5200,16.1
224,2019-08-01T10:06:00Z,8def7be9ee59a3a107449af2aeb81dcd6162290b39fc8b914808c95e,60.149,24.9843,00000000fffb8cf0,1.38
225,2019-08-01T10:06:00Z,8e6cdc8781250492e0070f3f8d971b4a53a22912772a1a236037ce09,60.17918,24.95141,00000000675d5200,17.4
226,2019-08-01T10:06:00Z,8e74f66ca69c62d4ae71edf21c90fd9c9d16f2a4d910e2552fd3a779,60.16448,24.97323,0000000053c6c2be,29.32
227,2019-08-01T10:06:00Z,8f1091be1d9228fe8e376d5bb1a55313a332f4cee67b697ad439841e,60.17919,24.95181,000000007b5207b6,7.69
228,2019-08-01T10:06:00Z,8f1b817ec6ffbe5b29d46087e6d0aea12bc5f3f3084be836cf1735a6,60.17002,24.94407,000000006b087f40,29.32
229,2019-08-01T10:06:00Z,91e5193560521c08e41855183d1e558908a7cec3649040017e64f738,60.17919,24.95181,000000007b5207b6,13.75
230,2019-08-01T10:06:00Z,942ef404a9efe51d2c4b0bb2f042ef3dee37af66420621538c726168,60.16762,24.95415,000000006b44cce7,7.69
231,2019-08-01T10:06:00Z,94cbec0b1c4259a9545ebb6242980d43d9f379f511ba5e4f3bfb3d8a,60.16829,24.94214,00000000afef4555,18.79
232,2019-08-01T10:06:00Z,94dbcd3a943059c2620a874e9216aafc86318ce605d391d053136de0,60.16762,24.95415,000000006b44cce7,7.69
233,2019-08-01T10:06:00Z,95260d00d3b47d579cff5a921c3dddeb88b24b7fda355c9383604814,60.17918,24.95141,00000000675d5200,10.78
234,2019-08-01T10:06:00Z,96121d2de926ee0dbde04452009ba5b85c6b2665af0b89a73b931317,60.16531,24.9442,00000000fdda10fe,31.5
235,2019-08-01T10:06:00Z,970daf4dd184bf5a670f102628746c5025c9029e408d19db1562e125,60.16829,24.94214,00000000afef4555,20.28
236,2019-08-01T10:06:00Z,9757eadf5c747eeac3a4ceec6049e26fe3da6d6ca7701e358ad5b8e7,60.16762,24.95415,000000006b44cce7,13.75
237,2019-08-01T10:06:00Z,97d4d9570dc24f185d1f0d1a7a7eaba4fef5abb3bd68551be6b4b492,60.15432,24.9211,0000000019fb59c4,7.05
238,2019-08-01T10:06:00Z,9816ba3e3a265c526e329d8b294b231ff4eb543551128efc0ca64982,60.17002,24.94407,000000006b087f40,11.7
239,2019-08-01T10:06:00Z,995622b36b5529900ff5f6a3a48dbd63bdf0e6c0050c53a1d6eef14c,60.17919,24.95181,000000007b5207b6,17.4
240,2019-08-01T10:06:00Z,99861cf536143ccd9159f31d6d5bbd26ff8485077e42a45cb9a33bc7,60.17919,24.95181,000000007b5207b6,7.69
241,2019-08-01T10:06:00Z,9c262ba852847e0ae400ae9040e8b27060d541210273c8f596a20400,60.17918,24.95141,00000000675d5200,4.94
242,2019-08-01T10:06:00Z,9c81399c4895d2753bbd7b67bf2e74baf5652d63863b9bb951198e32,60.16897,24.95222,00000000aa852af1,4.94
243,2019-08-01T10:06:00Z,9e3298b4466d768ad58e93500fb73a54156356f1e5cba6564e8b545c,60.15432,24.9211,0000000019fb59c4,25.36
244,2019-08-01T10:06:00Z,9e454cdd83db4fc6599e38b5b6eb23e188fe60052d92213646df4b10,60.16531,24.9442,00000000fdda10fe,29.32
245,2019-08-01T10:06:00Z,9f84e9d84bc93849764c37f8b05fed7af8e6d5643f900b92b23dd098,60.16531,24.9442,00000000fdda10fe,4.11
246,2019-08-01T10:06:00Z,a0842c996af775fb8a2c8680cbbc1264e322c4a030dac89a036b613e,60.16829,24.94214,00000000afef4555,3.74
247,2019-08-01T10:06:00Z,a366842b5a5f95b1da059642578513fff8a774874fbf2b5ffa0733a1,60.16544,24.95398,0000000038d83d41,17.4
248,2019-08-01T10:06:00Z,a4089c035a57c27b4f5693fdc2d2606efcffcbe01c05246d93f739a0,60.16762,24.95415,000000006b44cce7,10.78
249,2019-08-01T10:06:00Z,a56592b765d6a89aa8639d51a57da3fec73ca65be832ff42e5aaf284,60.16897,24.95222,00000000aa852af1,14.89
250,2019-08-01T10:06:00Z,a60f7a5b28256869120065e4a4257578c25ee91a728de2e20ab5ad24,60.15432,24.9211,0000000019fb59c4,11.7
251,2019-08-01T10:06:00Z,a69ed28476375afc228d979fe79cfed7ae73c12d9bec43d9f391ae8f,60.17919,24.95181,000000007b5207b6,27.28
252,2019-08-01T10:06:00Z,a6d010615b0732a971c180467cd17865327688c7e6c60628c3d452d3,60.16762,24.95415,000000006b44cce7,14.89
253,2019-08-01T10:06:00Z,a6d0b3c0509ac80c4fca2773ee3b519801d204dcc027b2ef80dade84,60.16897,24.95222,00000000aa852af1,8.38
254,2019-08-01T10:06:00Z,a73872936d5eaaa2c20f7c9ec5b1114bd0acb58444b5ddf261acef90,60.17002,24.94407,000000006b087f40,17.4
255,2019-08-01T10:06:00Z,a808962cb511e5ed2d23e6e33efe252b1be29dc1d2f7c6154817f04f,60.16448,24.97323,0000000053c6c2be,20.28
256,2019-08-01T10:06:00Z,aa105a9506ebf3071d54d7bc324fe6b82ca8a7c38be9232cc6b60f4c,60.16829,24.94214,00000000afef4555,11.7
257,2019-08-01T10:06:00Z,aa76dd5a73df12577a74d522a52fe2c87128b9061df87f8de5b1c3fb,60.16544,24.95398,0000000038d83d41,20.28
258,2019-08-01T10:06:00Z,aaa672a23a5d0d25b2b3529c6081959d74c6be86fb604cdd3123871b,60.15133,24.92329,00000000e8a064a4,25.36
259,2019-08-01T10:06:00Z,ab7c54276b2011c2edc69d313f2e5b41f0f367e8665f23a25a70ff93,60.1538,24.95595,0000000038bf9618,9.12
260,2019-08-01T10:06:00Z,acf792511ec7971ca21223b009599a1107233335ed47c7c54b2402b0,60.17065,24.93641,000000000f4919c9,13.75
261,2019-08-01T10:06:00Z,ae37ce282cc7d4b73e50134876e773c46fd20e9a37ded686a5ca9acf,60.17918,24.95141,00000000675d5200,12.69
262,2019-08-01T10:06:00Z,aeeaaa6fe3f6fb2ed7c2931cd25ce3e4c4799b88d76c5fee9002bf69,60.149,24.9843,00000000fffb8cf0,9.12
263,2019-08-01T10:06:00Z,af78f533f4e0b0da394889b38ed64f40530a3fa51be4e6c53acd2b05,60.16762,24.95415,000000006b44cce7,2.08
264,2019-08-01T10:06:00Z,afea15484e4876ef13f9349cfa7b6e1126a717ffe9617fd560d2caa0,60.17919,24.95181,000000007b5207b6,9.12
265,2019-08-01T10:06:00Z,b0549428598be139e81f9ac9b4225ff68ef32fed7c8da701b754e0f7,60.16897,24.95222,00000000aa852af1,10.78
266,2019-08-01T10:06:00Z,b056cfe304214c915adecff96fb6dc56cbc6e9f197fa6758a84115a7,60.16075,24.95883,00000000f1124bca,16.1
267,2019-08-01T10:06:00Z,b05a2433becc7edc06d17a8a8d38a3960a8b9c337031c9cfbd40575d,60.16897,24.95222,00000000aa852af1,17.4
268,2019-08-01T10:06:00Z,b1600a2692818b8e2085f9746b78a8090fcc288bf8350ab1415819d8,60.16762,24.95415,000000006b44cce7,16.1
269,2019-08-01T10:06:00Z,b18c652d4f7e3105251ab8d5d4d1ab445d33bf6f9c3fbd6e9e3121d3,60.14947,24.91438,000000004ef3150d,23.56
270,2019-08-01T10:06:00Z,b2cc2610b663d9b50a1d63043eb61d6181de7218181082254bf1d777,60.16531,24.9442,00000000fdda10fe,10.78
271,2019-08-01T10:06:00Z,b315785d0d8a960a3d87663aba3781efc3aac257544883ad3b8504ac,60.16762,24.95415,000000006b44cce7,3.4
272,2019-08-01T10:06:00Z,b359a8fcfefe49e0fd659440f6ea4cf5dcb33227db326d617fb42d36,60.16762,24.95415,000000006b44cce7,13.75
273,2019-08-01T10:06:00Z,b3ccb2161ca7e953fd095f790eac50313ca835b72717d310dfa14795,60.16762,24.95415,000000006b44cce7,25.36
274,2019-08-01T10:06:00Z,b43013dde6dcff900bcf75fe0a1f4212f4c2c0e404abab7549d0bae4,60.16448,24.97323,0000000053c6c2be,12.69
275,2019-08-01T10:06:00Z,b47518cb9b818c99128331bf6b7008cf4c68ade6438b075f754aa381,60.16829,24.94214,00000000afef4555,27.28
276,2019-08-01T10:06:00Z,b498290b5ec3f34f51329d2a42e0c0f89230752370f9378f3429cbbf,60.16829,24.94214,00000000afef4555,18.79
277,2019-08-01T10:06:00Z,b4c4f51cc31c8e350b0c35ca75b84bec44dd5126bfc287c3107ef03b,60.16762,24.95415,000000006b44cce7,14.89
278,2019-08-01T10:06:00Z,b792c7e0c08582b8c1f4e610d83bee7a96c222e98f1e4d092c43714a,60.16762,24.95415,000000006b44cce7,2.3
279,2019-08-01T10:06:00Z,b7f3c2a7f0b0475a15b9534a042043871fd0c8072870fc0281ab5b4c,60.16897,24.95222,00000000aa852af1,16.1
280,2019-08-01T10:06:00Z,b9665ead131ac93bc61e65fe3cd78425e71db534f3a43eb1d24a2b6b,60.16829,24.94214,00000000afef4555,25.36
281,2019-08-01T10:06:00Z,b9ce6e3e62701c1c10541029eaac8cefd39177a5e12be49215ca58b2,60.14699,24.922,00000000a53ed894,3.4
282,2019-08-01T10:06:00Z,bb23793d6f94157422c96a3aaebe8dfd7e57905c8b7d78d234606e1c,60.16629,24.95957,00000000fb7600be,16.1
283,2019-08-01T10:06:00Z,bb7f2633d54ff540dc48edeb5b00faac236aa02073d9c5fc8a620323,60.16829,24.94214,00000000afef4555,31.5
284,2019-08-01T10:06:00Z,bb8b7412cd2a921217fb2c3fdf76381a81307dd6367a363b083e737a,60.17919,24.95181,000000007b5207b6,8.38
285,2019-08-01T10:06:00Z,bc578dcbcea03e03dd60897200d82dfc979aa5c8815d9f7b51d3f186,60.16829,24.94214,00000000afef4555,4.94
286,2019-08-01T10:06:00Z,bc6251079d5f7cfe132de335120550d4dedf6fbaefa50dbb8f572e48,60.16897,24.95222,00000000aa852af1,21.87
287,2019-08-01T10:06:00Z,bd3a80691bcd41e768e9de61509e088a75f4fa2c7cfa630b0f6e2ae0,60.16762,24.95415,000000006b44cce7,7.05
288,2019-08-01T10:06:00Z,bd82fa27b29b09452666113827e5cb6881bc4f75ff359363c5d7311c,60.15432,24.9211,0000000019fb59c4,20.28
289,2019-08-01T10:06:00Z,be7b42a08e211635048ef001047749bd8c2b34db03485c3d8a3759a4,60.17065,24.93641,000000000f4919c9,9.92
290,2019-08-01T10:06:00Z,bf1529d6487f7387a71185be70ca66ba9a187973653fc05c43f0faf6,60.1538,24.95595,0000000038bf9618,29.32
291,2019-08-01T10:06:00Z,bf171d9ffcf42c8f64cb2fea196907603f796a62478421fcd91f6df3,60.16531,24.9442,00000000fdda10fe,11.7
292,2019-08-01T10:06:00Z,bf9b4bbd7407c0d56b711ab6b45f6973d6948e5a0ee5f88d3fe588da,60.16762,24.95415,000000006b44cce7,13.75
293,2019-08-01T10:06:00Z,c10f5235f26114ad636df3ccacc670670b3c2245a0b28ffa33aeb951,60.16075,24.95883,00000000f1124bca,3.09
294,2019-08-01T10:06:00Z,c17864c1cff2ba6816476a84d47aa5cb48a202bb9d36a008c4ab4573,60.16829,24.94214,00000000afef4555,9.12
295,2019-08-01T10:06:00Z,c34e2c18339b08f5753d81ce1fd49eefd02947a7674f1890d7c22c5a,60.16531,24.9442,00000000fdda10fe,3.4
296,2019-08-01T10:06:00Z,c58f52ef3e08067966e551d74af46d8e669bc24cac8ba50007ab3fb9,60.14699,24.922,00000000a53ed894,17.4
297,2019-08-01T10:06:00Z,c68a48dcb6c203e6424339d5a383c656daacb3fe13cadb1e330dc2d1,60.16531,24.9442,00000000fdda10fe,17.4
298,2019-08-01T10:06:00Z,c6e7a836fbf06df2201c4f0e42fa6ad9ed3eb3e2daf3eec3ca04e92f,60.17065,24.93641,000000000f4919c9,25.36
299,2019-08-01T10:06:00Z,c7b0eb79190bea6cddeac6f350b9c9ffc2af86a1bbf0bd99cad7f31c,60.18203,24.91341,00000000342570c2,13.75
300,2019-08-01T10:06:00Z,c8033cbf6d68a2b2d7b5bbbf1a2b0c16de05cc94a2670752019c5f3c,60.17918,24.95141,00000000675d5200,6.46
301,2019-08-01T10:06:00Z,c88386076840c26123f02c89510161e24c8e189c23b3f10b96e4d0b1,60.16762,24.95415,000000006b44cce7,6.46
302,2019-08-01T10:06:00Z,c94bf3dc3c036ef7139aad222cecf6da8e3d4c0a7c50ee127da1845c,60.16762,24.95415,000000006b44cce7,14.89
303,2019-08-01T10:06:00Z,c958ed4701ff4eb33ac843083d22ba8a5a6e37021ad8c5e90bfa4bec,60.14947,24.91438,000000004ef3150d,5.91
304,2019-08-01T10:06:00Z,c9fe2c29e10886f8bf2dcf5a0b6c4753d5827908cd223c79c7ac24da,60.17002,24.94407,000000006b087f40,33.81
305,2019-08-01T10:06:00Z,ca16f7b43a378cb23bbfe49888d9f2fe0f6be973eb12c0577db1a419,60.16897,24.95222,00000000aa852af1,20.28
306,2019-08-01T10:06:00Z,cbdad1e2364f02c161a65440041b9a1ca60a60f2ffed3b9469582a27,60.16897,24.95222,00000000aa852af1,21.87
307,2019-08-01T10:06:00Z,cd9019b5c2887b9acf9e5a505c66873ea64f86e07a4fac893663977e,60.15432,24.9211,0000000019fb59c4,7.69
308,2019-08-01T10:06:00Z,ce30c7b712ffc6f010c8a62ee91903d4ff74ae59a66ce09fd1897af5,60.16897,24.95222,00000000aa852af1,8.38
309,2019-08-01T10:06:00Z,ce85db547c464eb0054009b4855c9fb4f589d9267863e915cc0c84c7,60.17918,24.95141,00000000675d5200,1.7
310,2019-08-01T10:06:00Z,ceab88fbe9848ceae686cb391f792f192419b4d13a8dc6e1b1e7466d,60.17918,24.95141,00000000675d5200,7.05
311,2019-08-01T10:06:00Z,cf7722f3e1a6b83210525e821a5a270ce050828e4bc4b10f84cdec73,60.16897,24.95222,00000000aa852af1,21.87
312,2019-08-01T10:06:00Z,d01ab2b99ca2d6e373c630bc0666c220aa0753785f57eba65dfab024,60.16544,24.95398,0000000038d83d41,36.27
313,2019-08-01T10:06:00Z,d06a4f2f9bf8873e0f2dadf6c32eb52c44975f9c2715f9fed6394a7d,60.14951,24.92138,0000000006dd41f6,25.36
314,2019-08-01T10:06:00Z,d12fe8710b083a0ae0aba38835324cbaf1a86cabd3a9b1971de0132e,60.15432,24.9211,0000000019fb59c4,7.05
315,2019-08-01T10:06:00Z,d15a9d5fffd22c66b537c88a79b59ef7bbe50453a533a9b7658de752,60.17065,24.93641,000000000f4919c9,31.5
316,2019-08-01T10:06:00Z,d3fd8dd665b8ae46e832e57bd94e1d9c6505ed9f6ee9c278a9fb4072,60.14947,24.91438,000000004ef3150d,20.28
317,2019-08-01T10:06:00Z,d4b458043b6676e3863e99a9d90574c5e03ddb8d3df8ca419cf8675f,60.16897,24.95222,00000000aa852af1,21.87
318,2019-08-01T10:06:00Z,d57d418ec4526bed341a04005a83d3b9c37c6c1d6300e4e90305c056,60.14951,24.92138,0000000006dd41f6,5.41
319,2019-08-01T10:06:00Z,d6bda2b7d028fc491d3b1a6ca3f857fe0a2354bd5b5342e9debcb320,60.16448,24.97323,0000000053c6c2be,20.28
320,2019-08-01T10:06:00Z,d7422a77d7860b8485dc0831f3ba6a3e13ef11662688a35841c82c69,60.16897,24.95222,00000000aa852af1,20.28
321,2019-08-01T10:06:00Z,d781e89426c4c68b959acdc1510f9e00910b48109d10d7c906b1de2e,60.16829,24.94214,00000000afef4555,14.89
322,2019-08-01T10:06:00Z,d783787490a46c3bd813b997559b3c0c72202b71210258075567832c,60.17918,24.95141,00000000675d5200,4.5
323,2019-08-01T10:06:00Z,d80557ec59cb9bc000869e1a5bca64809a667832d7e89467bdf4db8d,60.16829,24.94214,00000000afef4555,17.4
324,2019-08-01T10:06:00Z,d9d3d6e552de7aa0ffef3e7a2acd2ba04412d03a3c47525ab8988eb9,60.17002,24.94407,000000006b087f40,8.38
325,2019-08-01T10:06:00Z,db1a3d689c2df2d292a6f668997392e13e9f55e1adb84ab8c6c95565,60.17919,24.95181,000000007b5207b6,18.79
326,2019-08-01T10:06:00Z,db8df359711daa0e6d96989b97fe696843daa4105447dbcee995529d,60.14951,24.92138,0000000006dd41f6,18.79
327,2019-08-01T10:06:00Z,dc3066a6927ffa291b77ce3a2045929ef2ec7193e162f96cfd2ba1dc,60.17002,24.94407,000000006b087f40,20.28
