,time,hash,latitude,longitude,serial,distance
0,2019-08-01T19:15:00Z,00e2528de3735734629aaa0557ee71711b4c3d81d84017102f3a7760,60.17002,24.94407,000000006b087f40,27.28
1,2019-08-01T19:15:00Z,075be70b0c9febdacbaeeb7cd5008912aad9ce85c22f5ee3d6b77e40,60.16897,24.95222,00000000aa852af1,25.36
2,2019-08-01T19:15:00Z,0add92bb629361fdf34a91a86a1f9e3aed5f10895edae2bd32f97fb0,60.14699,24.922,00000000a53ed894,20.28
3,2019-08-01T19:15:00Z,13d904f7b668478f637de162f9b00c68923ef8c75eb0a9c626bf1aed,60.17002,24.94407,000000006b087f40,27.28
4,2019-08-01T19:15:00Z,14c7e1511b70f4dd3359cbece1377aebb4d70531f5489eefe53d7c3c,60.16544,24.95398,0000000038d83d41,25.36
5,2019-08-01T19:15:00Z,22581e1d9764b88a01034a4cab1a6b02fa4aa770025b9bd340685163,60.15432,24.9211,0000000019fb59c4,16.1
6,2019-08-01T19:15:00Z,24d2f2ddd119efcb13abb0ab2cb53850e9788b6713967ccca4d6e071,60.16897,24.95222,00000000aa852af1,25.36
7,2019-08-01T19:15:00Z,297c725b456ef12d2712634b21546721cbe93224d3a5762d897404f2,60.16762,24.95415,000000006b44cce7,14.89
8,2019-08-01T19:15:00Z,2c94897aa62344f630952ad6032f5d7976419125d126b15c1386c8b1,60.1538,24.95595,0000000038bf9618,23.56
9,2019-08-01T19:15:00Z,351407b43e2d2cbb60e7481f6fea88dcd24a9ea0d5a0f63e5073d365,60.16544,24.95398,0000000038d83d41,25.36
10,2019-08-01T19:15:00Z,3944bc7a301be7241d1f7bc4a97f221000d535ce3d8a9af9af9b23b5,60.16531,24.9442,00000000fdda10fe,31.5
11,2019-08-01T19:15:00Z,41683b6bbbcddaf9ff2094b725e46eeabf2d9500509233d797effb08,60.16762,24.95415,000000006b44cce7,17.4
12,2019-08-01T19:15:00Z,41d3af8da554a2f22a1c6596e0da84fd612b70022b5d295e6b4928e7,60.15432,24.9211,0000000019fb59c4,13.75
13,2019-08-01T19:15:00Z,43b676ed3aef4c2d8846694817e76117873be52e7f788e0cb366c1c4,60.16629,24.95957,00000000fb7600be,23.56
14,2019-08-01T19:15:00Z,44f1947d0640fa977e6056a6b644c7fec2930ccd7ba2750d71429f00,60.16544,24.95398,0000000038d83d41,29.32
15,2019-08-01T19:15:00Z,5802343c3c4b09ee3631f03e16ebb38a3b1999d65e3713eb82377455,60.16544,24.95398,0000000038d83d41,17.4
16,2019-08-01T19:15:00Z,59107c0fb745e0aacace35f3eb6888e9aa1cace3ca066219be32fe54,60.16897,24.95222,00000000aa852af1,18.79
17,2019-08-01T19:15:00Z,5bbb5184fded3e51bc78e45e39917794285e6bbc72da404802a9599a,60.16531,24.9442,00000000fdda10fe,21.87
18,2019-08-01T19:15:00Z,5c53b5477992af1e0b2d1af467fc8df542695a341ea3ef9fd510fc53,60.17002,24.94407,000000006b087f40,23.56
19,2019-08-01T19:15:00Z,5d65719c4cbf045f068d084b72302f447d5fd034413d97d13be00d0e,60.18203,24.91341,00000000342570c2,20.28
20,2019-08-01T19:15:00Z,5eed115a984d490b02b602d73787aee8dc8c4e9365b77fbff3818a76,60.16629,24.95957,00000000fb7600be,20.28
21,2019-08-01T19:15:00Z,6066632ddc94b5c482a2d4f45ed2532e55e3fd63e414a084a596a737,60.16762,24.95415,000000006b44cce7,20.28
22,2019-08-01T19:15:00Z,66dabd3229229330d23c70e9e1737429ddfe69db01f4a6a00f70fa20,60.16762,24.95415,000000006b44cce7,25.36
23,2019-08-01T19:15:00Z,6a54644283a4f5a6369abe947b4e9faf2ca3c25ef2ea42502cb60c5f,60.15432,24.9211,0000000019fb59c4,13.75
24,2019-08-01T19:15:00Z,71f1ccf548a0ec676009a1185a36ad6c18191be59b397e8261d67443,60.16762,24.95415,000000006b44cce7,7.69
25,2019-08-01T19:15:00Z,747f2d1ebff218c0ebbdc0fdaef4cbe56633dfb46ae1b1f8c8142201,60.16762,24.95415,000000006b44cce7,12.69
26,2019-08-01T19:15:00Z,77839e655f856d5295739c2388237a95b399c3b8a4f659cd1345d939,60.16829,24.94214,00000000afef4555,25.36
27,2019-08-01T19:15:00Z,78d5f60b36b59c06c3988b94e11744bb3aed5dcbc214f91f228bf892,60.16448,24.97323,0000000053c6c2be,20.28
28,2019-08-01T19:15:00Z,7d32d63e6fe84de5c784329032dec6f424d79e9ac4a0a2f02fd4a485,60.149,24.9843,00000000fffb8cf0,33.81
29,2019-08-01T19:15:00Z,7e9a43fd9918108a1e1f68ee62b044bd361736c1b4ab9261f449fe31,60.15133,24.92329,00000000e8a064a4,17.4
30,2019-08-01T19:15:00Z,87dfaad29a9276ddddb1fa021d3bc23ad14824c1af16f7d87e713689,60.14951,24.92138,0000000006dd41f6,9.92
31,2019-08-01T19:15:00Z,8c75c3289c84fe4493e1e272a77b615fe1985880c5dc68a7c1a17b53,60.16762,24.95415,000000006b44cce7,12.69
32,2019-08-01T19:15:00Z,8cc6ddaa460aeae8cc9e8a33f91a01c8cd4c0c8bf8a943210a28c84d,60.1538,24.95595,0000000038bf9618,25.36
33,2019-08-01T19:15:00Z,9843c6216661048343a0e49cf3d8aa2883cf77f452666a1c873a1052,60.16448,24.97323,0000000053c6c2be,18.79
34,2019-08-01T19:15:00Z,9a3441615c7a95dad7af50ae16b0ac928f9d84ea590ac67cfa97ef1e,60.16544,24.95398,0000000038d83d41,20.28
35,2019-08-01T19:15:00Z,9c0e0fce4e83eb5a2feef838627befc33df2d59adb4eeec4f0be5147,60.16762,24.95415,000000006b44cce7,23.56
36,2019-08-01T19:15:00Z,a1ba09b019cae8df2ec9396f46a163e5b29858a11380955ed9605985,60.15432,24.9211,0000000019fb59c4,13.75
37,2019-08-01T19:15:00Z,a91d379a4b57c5df22db0d7a041ff69f657b4b31f28554b1011fc03c,60.16544,24.95398,0000000038d83d41,36.27
38,2019-08-01T19:15:00Z,b5fd6b317890e5ab2d79e2cd1abe61626d45a753c7337d0d40728898,60.16762,24.95415,000000006b44cce7,8.38
39,2019-08-01T19:15:00Z,bc47f02c87cebb9928c25d0ad0c1e77fa507b77e58f60e2420264dea,60.15432,24.9211,0000000019fb59c4,17.4
40,2019-08-01T19:15:00Z,c129dd128e6475a9f19e37c93fa734358684320e32cd565e787b0fcb,60.16544,24.95398,0000000038d83d41,20.28
41,2019-08-01T19:15:00Z,c40c37def6bf11a63a2556519a7c6233fd417cdeea2cf14f28e7c42c,60.16531,24.9442,00000000fdda10fe,16.1
42,2019-08-01T19:15:00Z,ce4d251a2c6b56d67533935f9c53278886ef447f18ddca76b92d9335,60.16897,24.95222,00000000aa852af1,11.7
43,2019-08-01T19:15:00Z,cf05623e4d87ce0906c0b0b7dbf53aacc1228016cd27c341228b6e76,60.18203,24.91341,00000000342570c2,16.1
44,2019-08-01T19:15:00Z,d49dd3c01ea8ff49e01fdabf4df5fe41f233e0efc0ee62803b2dbcf0,60.16762,24.95415,000000006b44cce7,29.32
45,2019-08-01T19:15:00Z,e2054d32cca62e6a7762e5583fde4d16233d4fc626f9ff9f3cdc7298,60.16762,24.95415,000000006b44cce7,23.56
46,2019-08-01T19:15:00Z,e4d5e4ce6948a7be641aea768bcfddad2dc69af202e3b5a2bd920370,60.16762,24.95415,000000006b44cce7,13.75
47,2019-08-01T19:15:00Z,f088630d7476dae7d4b7e2bb1f10575f2c89acb4b6e061f3d57c2b40,60.16531,24.9442,00000000fdda10fe,20.28
48,2019-08-01T19:15:00Z,fc4f3a44235f1cfc7b53f14ba2da599976a5a0a220d23b852688e485,60.17919,24.95181,000000007b5207b6,14.89
49,2019-08-01T19:15:00Z,08668b322dfc669ab925ac0ee2671f046f38d64b21a53a3803612709,60.16829,24.94214,00000000afef4555,14.89
50,2019-08-01T19:15:00Z,0acf3dae530edfb1c90bb572c4a83e2e31cebfda6b29b014e88b1525,60.14951,24.92138,0000000006dd41f6,21.87
51,2019-08-01T19:15:00Z,0adfd44abb936abeb23fa4e03868b5b31ceaf9cd66edfc7e9fa7d533,60.16762,24.95415,000000006b44cce7,18.79
52,2019-08-01T19:15:00Z,0aed5d4e842e5be04a3c1639bd9cde107f50c87f1a6f6935ca15354e,60.16531,24.9442,00000000fdda10fe,4.94
53,2019-08-01T19:15:00Z,118287e26d07ec5c0392e34555e0d4342d1eece00a82c8bf29e70a24,60.16629,24.95957,00000000fb7600be,18.79
54,2019-08-01T19:15:00Z,11bff99c469e0ecc5b7d59bf6e25dccd7ed482dae816627a2f63fa34,60.16897,24.95222,00000000aa852af1,17.4
55,2019-08-01T19:15:00Z,14d146ce47dda2274b20b2997b30ede3f9fe8d9ee00f3bce2be4b101,60.1538,24.95595,0000000038bf9618,29.32
56,2019-08-01T19:15:00Z,1b76e562e1105f5eaf32e0f2c3f5ba01e2d1b9615b767859bfea15e0,60.16762,24.95415,000000006b44cce7,14.89
57,2019-08-01T19:15:00Z,1bac9776486c96138f3fb023005a1eddcfd7881c397c594b6f731cee,60.14699,24.922,00000000a53ed894,25.36
58,2019-08-01T19:15:00Z,1dacfb371d75dd4f90f447aac2a00faad98beb4188a6971c19eb2375,60.16629,24.95957,00000000fb7600be,18.79
59,2019-08-01T19:15:00Z,1ecbc7c6afe89033252e5510cbb893666af2b3bc29f555a3a6287fdb,60.14951,24.92138,0000000006dd41f6,2.54
60,2019-08-01T19:15:00Z,1f316282c1a95f14bebcd959836c2d29a2948a8ee4b21bda4abe4fdf,60.16829,24.94214,00000000afef4555,23.56
61,2019-08-01T19:15:00Z,20ba207969ac705d3781b6ea0bfca167782b0f9f6377ac0f0f0d3d74,60.17002,24.94407,000000006b087f40,25.36
62,2019-08-01T19:15:00Z,291784e81531ce43d76bd8cfbc096e3b120bf30a8565aa8e74bb61f5,60.1538,24.95595,0000000038bf9618,12.69
63,2019-08-01T19:15:00Z,2970ecf01426390fc2f4e429f4eccfe3f7737b3d9c588d67fb9b7a93,60.16829,24.94214,00000000afef4555,17.4
64,2019-08-01T19:15:00Z,2a6472eeea5aea78947a58cd0e9d0480c6a7232a060fc28edc29377b,60.16762,24.95415,000000006b44cce7,27.28
65,2019-08-01T19:15:00Z,2b661ae43997975357669e2de3c026307d70422f6479fecdc826e8f8,60.17002,24.94407,000000006b087f40,20.28
66,2019-08-01T19:15:00Z,2bf5f9225c5c902bf47c53c03a98b5988a577c9688e1143db7aa3f3d,60.14947,24.91438,000000004ef3150d,18.79
67,2019-08-01T19:15:00Z,2cf8abb00c988832c843d58138022a959083fa08649b86c5504a059d,60.16531,24.9442,00000000fdda10fe,9.92
68,2019-08-01T19:15:00Z,2fc95ba281ad4124638141fdd4ac8e806cfc4981d06cc3eed579c40e,60.16762,24.95415,000000006b44cce7,4.5
69,2019-08-01T19:15:00Z,34246bb3780023343f57ea8f9090fd0cf8a3661fd326c5091fa07124,60.17002,24.94407,000000006b087f40,25.36
70,2019-08-01T19:15:00Z,3792b6094897e1a121b361887868fc2234faeeeb48476c63ee71153f,60.16531,24.9442,00000000fdda10fe,27.28
71,2019-08-01T19:15:00Z,386431c7abf8759f5545512694cb1b1bc482944b802a5355dcc9d3a1,60.1538,24.95595,0000000038bf9618,6.46
72,2019-08-01T19:15:00Z,3de79599f54ca4a1ccde99d1e01f2dd67b4b8ab7d82d7932ff86236a,60.14947,24.91438,000000004ef3150d,17.4
73,2019-08-01T19:15:00Z,3fb2808a5a40d360dd2aa7e1017d7be5d33d79a12e2c048d8e035d43,60.149,24.9843,00000000fffb8cf0,29.32
74,2019-08-01T19:15:00Z,41f185a159512f75044229841163324ad910cd0115a35840384308f7,60.16897,24.95222,00000000aa852af1,31.5
75,2019-08-01T19:15:00Z,46fef024fdc8d8cce7d6fc6de12c75a730dba034e76c527271829553,60.16762,24.95415,000000006b44cce7,20.28
76,2019-08-01T19:15:00Z,4a007a72a20dcb6f9c0c638b15060d1cc3122474297579bd398b4b2f,60.16897,24.95222,00000000aa852af1,5.91
77,2019-08-01T19:15:00Z,4c30fee7048f56111807013e1792dab18eb021fb885c2f5327c094a5,60.1538,24.95595,0000000038bf9618,10.78
78,2019-08-01T19:15:00Z,4e5a8cbd8b772f2f09f34b23b1aeb4693fa0d03dc17ef594ae838c4f,60.18203,24.91341,00000000342570c2,11.7
79,2019-08-01T19:15:00Z,4f842169d61058106b978b4ab09f503338f14cf2a4166b754dd1f08d,60.1538,24.95595,0000000038bf9618,16.1
80,2019-08-01T19:15:00Z,52c8aaec3d003002723db25b5ab47944acf7e4d7e46926ae72bfd5fb,60.16829,24.94214,00000000afef4555,16.1
81,2019-08-01T19:15:00Z,584743ec67ad39bc24ae9f306653efa427056434479c3307f24372ff,60.16531,24.9442,00000000fdda10fe,17.4
82,2019-08-01T19:15:00Z,584cb0b0cdd14e608c8b57c8aecc9826f9b40027e365e2438a444ea2,60.16762,24.95415,000000006b44cce7,10.78
83,2019-08-01T19:15:00Z,59362e2d758f4ae0b568e8ce3976f8ee73fff153f7dfc3f0e4c7abc6,60.16762,24.95415,000000006b44cce7,29.32
84,2019-08-01T19:15:00Z,59ddcdcf2128b058ecbb61e509ba342b0ffbb66826a8b226d741d53b,60.1538,24.95595,0000000038bf9618,36.27
85,2019-08-01T19:15:00Z,5bb7020c5523f951b7ccaea972b8b98d0a6b6b61da2186eda35569be,60.16531,24.9442,00000000fdda10fe,23.56
86,2019-08-01T19:15:00Z,5d17333d5eb06912295b54b55486da11c9fbe8e1669d9a921c1c3464,60.16762,24.95415,000000006b44cce7,13.75
87,2019-08-01T19:15:00Z,5e6934a7e5fbb6d4768eff5073a7538588f884b228a8ba08773fc6df,60.16897,24.95222,00000000aa852af1,17.4
88,2019-08-01T19:15:00Z,5ef4dab55fa30e6264954cb97f76d8ea4bb6ceade5f206dcf9e91ff8,60.16762,24.95415,000000006b44cce7,8.38
89,2019-08-01T19:15:00Z,5f57a7f392fc6a217ce71f8cb7cb0ebb0872bd5c710a5b3291ec2a8b,60.1538,24.95595,0000000038bf9618,23.56
90,2019-08-01T19:15:00Z,5fd0f09d3eb78b689cf6f902d9699a66432e5b5bbb729073273fab69,60.16829,24.94214,00000000afef4555,25.36
91,2019-08-01T19:15:00Z,60280fc868bccf3f2c857af4eb948bbf3bb03270a25b5b260bca0d81,60.16531,24.9442,00000000fdda10fe,29.32
92,2019-08-01T19:15:00Z,610cd151b260f616a3f93e7e37136452e03c657b0f20d300ed47c60d,60.16762,24.95415,000000006b44cce7,14.89
93,2019-08-01T19:15:00Z,618f07d72e710cbd1f56faffad23515a13ef033e6fdf070afca94704,60.16897,24.95222,00000000aa852af1,13.75
94,2019-08-01T19:15:00Z,63d6f3da0f2e8886680c6a9be86c0c998670046727063183477e6c5a,60.17002,24.94407,000000006b087f40,21.87
95,2019-08-01T19:15:00Z,65ff3037d8efc39f47c8bb0ebff3d6dc15a3068b4331001e7449ef51,60.16897,24.95222,00000000aa852af1,12.69
96,2019-08-01T19:15:00Z,68523ef73d93b9d78ff9d9d232b41ab874a3bc6dea93387c7a1791c3,60.16897,24.95222,00000000aa852af1,13.75
97,2019-08-01T19:15:00Z,689c473116970d6d7cea3baaaa0f9c98db7c7795977dda4d796d66b2,60.16531,24.9442,00000000fdda10fe,38.87
98,2019-08-01T19:15:00Z,6c11fa2ea037fcf94acc1d8fa882fece05858ccb512d4a0570755bcc,60.16448,24.97323,0000000053c6c2be,29.32
99,2019-08-01T19:15:00Z,6da3a01a790c72931d0a671140dd268c7b9674f634b9fefa179b1b0d,60.14947,24.91438,000000004ef3150d,10.78
100,2019-08-01T19:15:00Z,72708039662d9dccf00ae48c1fdb65cc8f287d989041d99cfd0cd2c6,60.1538,24.95595,0000000038bf9618,18.79
101,2019-08-01T19:15:00Z,74cb545f76f0bfc5498607247e26e814276a11ce91f77208054ecbc5,60.17002,24.94407,000000006b087f40,21.87
102,2019-08-01T19:15:00Z,75ecae2fa448f8e1a1a2d67cd7db011d306a23d91039f5826947d686,60.17002,24.94407,000000006b087f40,23.56
103,2019-08-01T19:15:00Z,77ca8225b8436f602b0692752c053cae0e99a448067e760dfc65ae44,60.17919,24.95181,000000007b5207b6,17.4
104,2019-08-01T19:15:00Z,809c8b33dc74e663160747fecad567b3b9b5756a33c45fb2122ba500,60.1538,24.95595,0000000038bf9618,33.81
105,2019-08-01T19:15:00Z,80e6a33a863d06ae981f0e38fc21796ca79cf7bd75eb70369070c4da,60.16762,24.95415,000000006b44cce7,29.32
106,2019-08-01T19:15:00Z,89bdbc093ba7e77dd70e9a4e117d2e63b2d2e1d0b0495f32f76d83e7,60.16897,24.95222,00000000aa852af1,23.56
107,2019-08-01T19:15:00Z,8d513b8d52223ee29c8f059cf92f47064bfa2f3778704363f226be74,60.16897,24.95222,00000000aa852af1,31.5
108,2019-08-01T19:15:00Z,905e93998d15d3a2cfe22f9400fdf5d90e0a3d471dd35b3cbd9f8379,60.16762,24.95415,000000006b44cce7,14.89
109,2019-08-01T19:15:00Z,92ef5b6a6fd7054c06dc6ec02c46012002f7e82ab23f3f8e50244a7b,60.149,24.9843,00000000fffb8cf0,27.28
110,2019-08-01T19:15:00Z,934d0b0814cf2cd73a714d825599c8753be59ed44d807a63ff49f0a7,60.16762,24.95415,000000006b44cce7,5.91
111,2019-08-01T19:15:00Z,93a59130ed9838d63f8eca342d789c6707ab5809e5def45160015eda,60.16531,24.9442,00000000fdda10fe,21.87
112,2019-08-01T19:15:00Z,970be98220ae3d2e7244e202092c08700560fded44bec088623157c7,60.16762,24.95415,000000006b44cce7,9.12
113,2019-08-01T19:15:00Z,9a819d330c335f00fee77d97ef0088e100957a56c3fa5df6f8cf69c3,60.16762,24.95415,000000006b44cce7,9.12
114,2019-08-01T19:15:00Z,9d1fc4aaeb12c04530cb6927de518c8c99ee71bbdd56f45fbc7e865e,60.16762,24.95415,000000006b44cce7,13.75
115,2019-08-01T19:15:00Z,a018fe0cac4e8d92a58794af2193a68a6a21b0f2f2443a2a5b425d97,60.16531,24.9442,00000000fdda10fe,20.28
116,2019-08-01T19:15:00Z,a22d5d76a4a808f739649eb3a85e6106e2008b343a0ca806df51c6c0,60.16762,24.95415,000000006b44cce7,14.89
117,2019-08-01T19:15:00Z,a9abbb33dbab7b55cbb4790c239941f4c56286c909f1d19e63d8c1e1,60.16544,24.95398,0000000038d83d41,29.32
118,2019-08-01T19:15:00Z,aa228e36846a88055d3c5d8f1c682f0860cdbd0ef0c3187a68491d16,60.16544,24.95398,0000000038d83d41,17.4
119,2019-08-01T19:15:00Z,ab63ef56277e8dab634248708f4e44d7d7daada6d926dc9ad14ddade,60.16762,24.95415,000000006b44cce7,12.69
120,2019-08-01T19:15:00Z,b0092451611f3c9599565bee907fa02b5a8a4f2240a1fb7403dc8468,60.16762,24.95415,000000006b44cce7,29.32
121,2019-08-01T19:15:00Z,b0287f9a2d12447788d21f8f378e9cad880fb028e3a780a1054e4089,60.16762,24.95415,000000006b44cce7,17.4
122,2019-08-01T19:15:00Z,b032b242c9484d9b568ec221b0aa7d15adaef3958f04665daa2578de,60.16629,24.95957,00000000fb7600be,17.4
123,2019-08-01T19:15:00Z,b313298f02c92d1d091963a2ef3e3a695390996fe64d60585b553c84,60.16448,24.97323,0000000053c6c2be,14.89
124,2019-08-01T19:15:00Z,b51b8a29a4ef5080e7b957b2a3c98a9dad65c9b90e17c80431ede68c,60.16897,24.95222,00000000aa852af1,25.36
125,2019-08-01T19:15:00Z,b79f0ebfd790327d71d1d8d1bc1890b63421a6130a063c83372490b9,60.16762,24.95415,000000006b44cce7,6.46
126,2019-08-01T19:15:00Z,b8d6211262e198a20be0b1fa39b2de20b788666f3436d4ed7aae4125,60.16762,24.95415,000000006b44cce7,21.87
127,2019-08-01T19:15:00Z,bd689a874eef067b4a0feb8b44f1ab92c400756e61c5c0ce711d2adc,60.16629,24.95957,00000000fb7600be,16.1
128,2019-08-01T19:15:00Z,c11a27c5c7b96ca3536f87bf76a083f54a002ae37fbb176287ff177e,60.16762,24.95415,000000006b44cce7,23.56
129,2019-08-01T19:15:00Z,c20fc6aa214a569b60dcdeadf1dc841792e2a91bc4c03261e73fcac5,60.16897,24.95222,00000000aa852af1,6.46
130,2019-08-01T19:15:00Z,c56536f00c78a48b227c216a9c8d71b8ba4b189d2d2c74b239bf6cc4,60.16762,24.95415,000000006b44cce7,17.4
131,2019-08-01T19:15:00Z,c5f8bc6d6b6de5616d1249c84545b66c4a990c178bdc290d8a42b31b,60.14951,24.92138,0000000006dd41f6,18.79
132,2019-08-01T19:15:00Z,c9629918d2d58c766dc74bd0394b43a6499bb8d33aa2aeb08c7b799f,60.16531,24.9442,00000000fdda10fe,16.1
133,2019-08-01T19:15:00Z,c98bb7fc7fdb30ac49d4c2d0b21737c53cfd859b5e7ad2ac0a2dc6fe,60.16629,24.95957,00000000fb7600be,14.89
134,2019-08-01T19:15:00Z,c9ce14e0dbf0cf3c24f6a92a1930fa32de9a1de0ffe63082ccddb0d6,60.16448,24.97323,0000000053c6c2be,31.5
135,2019-08-01T19:15:00Z,ca44a5d44e2008f62e43a199f1d50c538cabb20ff8f7baf6477a1f86,60.16829,24.94214,00000000afef4555,27.28
136,2019-08-01T19:15:00Z,d2b230be052a8036c8358cca63a00525c053737f3fc698542a2ad8b1,60.16762,24.95415,000000006b44cce7,11.7
137,2019-08-01T19:15:00Z,d2fa3474fb77bb04212777f2c21370f6f7b30948d253f36b3969c5de,60.17002,24.94407,000000006b087f40,36.27
138,2019-08-01T19:15:00Z,d409c1cb6da9500d0fb6d19fa381539bc3e8f0dd901a8bb2f099f6fd,60.16762,24.95415,000000006b44cce7,12.69
139,2019-08-01T19:15:00Z,d46d631d5045ce7177b273f9458009eb13abf5343474b624480ab719,60.16897,24.95222,00000000aa852af1,5.91
140,2019-08-01T19:15:00Z,d8e00cd4696ddb962d154f73157f06984cc6b5c8227eb2ceb76f97c0,60.17918,24.95141,00000000675d5200,18.79
141,2019-08-01T19:15:00Z,da38dbeedef8f4be62e379e44e939793b4a716b2795a7256d01009f6,60.16629,24.95957,00000000fb7600be,31.5
142,2019-08-01T19:15:00Z,daf7aa31d93b3102381ff954e43d42f502bfed27ed545cd3aec7b901,60.16531,24.9442,00000000fdda10fe,14.89
143,2019-08-01T19:15:00Z,dc0ce7b45cd493568eee052e8b3a56f90567a1fddbd920ace390b665,60.16762,24.95415,000000006b44cce7,14.89
144,2019-08-01T19:15:00Z,dca6c4beb57e99474b8f92f48c0545d0cf8e545a52d8f308c8dcaefd,60.14699,24.922,00000000a53ed894,25.36
145,2019-08-01T19:15:00Z,dd0069a685829ed63eca7ac2e47f21981f88f65111b749d07dc0739a,60.16531,24.9442,00000000fdda10fe,3.4
146,2019-08-01T19:15:00Z,de63d3a9703c8985e16c79061bab764d6049b77d5c65ef59067789fb,60.15133,24.92329,00000000e8a064a4,33.81
147,2019-08-01T19:15:00Z,e714a7b25f14aff4fd8a00c66115643c9a02bb869d3db9c1ace6bc10,60.16829,24.94214,00000000afef4555,3.4
148,2019-08-01T19:15:00Z,e814f3e927b33bc0d886da3245238b9247ac7e088372a63606852a75,60.16897,24.95222,00000000aa852af1,17.4
149,2019-08-01T19:15:00Z,ece3f5d05059cbaba7b8f22662ce2aba1c44154c2d3fe5235836c153,60.149,24.9843,00000000fffb8cf0,23.56
150,2019-08-01T19:15:00Z,ed3c8b728280e6d18a2537a07f2790ae708142014b37f59669319465,60.14947,24.91438,000000004ef3150d,14.89
151,2019-08-01T19:15:00Z,f0359c931a9865622778f87c1607f8eeef9791026da9d639a1fc09e5,60.16531,24.9442,00000000fdda10fe,21.87
152,2019-08-01T19:15:00Z,f0e71a7acbac0243c292505eeac366ebf2360637a039ae534a3a0612,60.16897,24.95222,00000000aa852af1,27.28
153,2019-08-01T19:15:00Z,f1eab055efb1e00edf46b414ff92ddfcc38b55cd9ea8febbbe1f23cb,60.16762,24.95415,000000006b44cce7,5.91
154,2019-08-01T19:15:00Z,f9399339c3de44774896319d3f291771cebcaf2666df1d6062469882,60.16531,24.9442,00000000fdda10fe,33.81
155,2019-08-01T19:15:00Z,fda4ecf3c90618a9bddc538a273edc4eecb934d19aadedb3058f3e72,60.16897,24.95222,00000000aa852af1,20.28
156,2019-08-01T19:15:00Z,fdb1edf664d1bb80aeafbcf78f0a162f17bd1e77351b0b58ea37e672,60.17002,24.94407,000000006b087f40,36.27
157,2019-08-01T19:15:01Z,075be70b0c9febdacbaeeb7cd5008912aad9ce85c22f5ee3d6b77e40,60.16897,24.95222,00000000aa852af1,18.79
158,2019-08-01T19:15:01Z,0add92bb629361fdf34a91a86a1f9e3aed5f10895edae2bd32f97fb0,60.14699,24.922,00000000a53ed894,20.28
159,2019-08-01T19:15:01Z,14c7e1511b70f4dd3359cbece1377aebb4d70531f5489eefe53d7c3c,60.16544,24.95398,0000000038d83d41,29.32
160,2019-08-01T19:15:01Z,19f93a4c6a106a8741d722aff5bbfc39abdf3ff733552b41ec367aa0,60.17002,24.94407,000000006b087f40,27.28
161,2019-08-01T19:15:01Z,22581e1d9764b88a01034a4cab1a6b02fa4aa770025b9bd340685163,60.15432,24.9211,0000000019fb59c4,17.4
162,2019-08-01T19:15:01Z,24d2f2ddd119efcb13abb0ab2cb53850e9788b6713967ccca4d6e071,60.16897,24.95222,00000000aa852af1,23.56
163,2019-08-01T19:15:01Z,297c725b456ef12d2712634b21546721cbe93224d3a5762d897404f2,60.16762,24.95415,000000006b44cce7,9.92
164,2019-08-01T19:15:01Z,2c94897aa62344f630952ad6032f5d7976419125d126b15c1386c8b1,60.1538,24.95595,0000000038bf9618,21.87
165,2019-08-01T19:15:01Z,351407b43e2d2cbb60e7481f6fea88dcd24a9ea0d5a0f63e5073d365,60.16544,24.95398,0000000038d83d41,27.28
166,2019-08-01T19:15:01Z,41d3af8da554a2f22a1c6596e0da84fd612b70022b5d295e6b4928e7,60.15432,24.9211,0000000019fb59c4,10.78
167,2019-08-01T19:15:01Z,43b676ed3aef4c2d8846694817e76117873be52e7f788e0cb366c1c4,60.16629,24.95957,00000000fb7600be,23.56
168,2019-08-01T19:15:01Z,44f1947d0640fa977e6056a6b644c7fec2930ccd7ba2750d71429f00,60.16544,24.95398,0000000038d83d41,23.56
169,2019-08-01T19:15:01Z,59107c0fb745e0aacace35f3eb6888e9aa1cace3ca066219be32fe54,60.16897,24.95222,00000000aa852af1,20.28
170,2019-08-01T19:15:01Z,5bbb5184fded3e51bc78e45e39917794285e6bbc72da404802a9599a,60.16531,24.9442,00000000fdda10fe,44.58
171,2019-08-01T19:15:01Z,5c53b5477992af1e0b2d1af467fc8df542695a341ea3ef9fd510fc53,60.17002,24.94407,000000006b087f40,21.87
172,2019-08-01T19:15:01Z,5d65719c4cbf045f068d084b72302f447d5fd034413d97d13be00d0e,60.18203,24.91341,00000000342570c2,17.4
173,2019-08-01T19:15:01Z,5eed115a984d490b02b602d73787aee8dc8c4e9365b77fbff3818a76,60.16629,24.95957,00000000fb7600be,21.87
174,2019-08-01T19:15:01Z,6011490fb2e02d0b9d936fa70a06572cb55ffd9a6a7c607cf75c5a71,60.16897,24.95222,00000000aa852af1,23.56
175,2019-08-01T19:15:01Z,6a54644283a4f5a6369abe947b4e9faf2ca3c25ef2ea42502cb60c5f,60.15432,24.9211,0000000019fb59c4,16.1
176,2019-08-01T19:15:01Z,6f06341f358e61699fe1e55e986dd0554bc8da28b91daf0c5ad99db6,60.16629,24.95957,00000000fb7600be,18.79
177,2019-08-01T19:15:01Z,6ff437688c444238352c28f64f9d2a7d0f14d19c9ea42c225380501e,60.16762,24.95415,000000006b44cce7,21.87
178,2019-08-01T19:15:01Z,71f1ccf548a0ec676009a1185a36ad6c18191be59b397e8261d67443,60.16762,24.95415,000000006b44cce7,6.46
179,2019-08-01T19:15:01Z,747f2d1ebff218c0ebbdc0fdaef4cbe56633dfb46ae1b1f8c8142201,60.16762,24.95415,000000006b44cce7,13.75
180,2019-08-01T19:15:01Z,77839e655f856d5295739c2388237a95b399c3b8a4f659cd1345d939,60.16829,24.94214,00000000afef4555,25.36
181,2019-08-01T19:15:01Z,78d5f60b36b59c06c3988b94e11744bb3aed5dcbc214f91f228bf892,60.16448,24.97323,0000000053c6c2be,27.28
182,2019-08-01T19:15:01Z,79f136afa0dd8717337c01c70b457c464aaf0fa25b440f51a394ec23,60.16762,24.95415,000000006b44cce7,29.32
183,2019-08-01T19:15:01Z,87dfaad29a9276ddddb1fa021d3bc23ad14824c1af16f7d87e713689,60.14951,24.92138,0000000006dd41f6,7.05
184,2019-08-01T19:15:01Z,89982a6acf91b79a282a6b63978e946ee205f303fcd20e944e06baf0,60.16544,24.95398,0000000038d83d41,25.36
185,2019-08-01T19:15:01Z,8c75c3289c84fe4493e1e272a77b615fe1985880c5dc68a7c1a17b53,60.16762,24.95415,000000006b44cce7,9.92
186,2019-08-01T19:15:01Z,8cc6ddaa460aeae8cc9e8a33f91a01c8cd4c0c8bf8a943210a28c84d,60.1538,24.95595,0000000038bf9618,14.89
187,2019-08-01T19:15:01Z,9843c6216661048343a0e49cf3d8aa2883cf77f452666a1c873a1052,60.16448,24.97323,0000000053c6c2be,16.1
188,2019-08-01T19:15:01Z,998cc03f527bf413fa7961e89d1a96fa7f80a1bd2c750c25c9b07284,60.16897,24.95222,00000000aa852af1,25.36
189,2019-08-01T19:15:01Z,9a3441615c7a95dad7af50ae16b0ac928f9d84ea590ac67cfa97ef1e,60.16544,24.95398,0000000038d83d41,20.28
190,2019-08-01T19:15:01Z,a1ba09b019cae8df2ec9396f46a163e5b29858a11380955ed9605985,60.15432,24.9211,0000000019fb59c4,13.75
191,2019-08-01T19:15:01Z,a3a21ef15e1883941a7ed2eb6150357ae068aa4b0b6ce6ca0482ea3a,60.16762,24.95415,000000006b44cce7,27.28
192,2019-08-01T19:15:01Z,a91d379a4b57c5df22db0d7a041ff69f657b4b31f28554b1011fc03c,60.16544,24.95398,0000000038d83d41,29.32
193,2019-08-01T19:15:01Z,b33ae7715d6d2571066655c2c8954a5a364b5601869047de83410d9f,60.16629,24.95957,00000000fb7600be,20.28
194,2019-08-01T19:15:01Z,b5fd6b317890e5ab2d79e2cd1abe61626d45a753c7337d0d40728898,60.16762,24.95415,000000006b44cce7,8.38
195,2019-08-01T19:15:01Z,bc47f02c87cebb9928c25d0ad0c1e77fa507b77e58f60e2420264dea,60.15432,24.9211,0000000019fb59c4,18.79
196,2019-08-01T19:15:01Z,c129dd128e6475a9f19e37c93fa734358684320e32cd565e787b0fcb,60.16544,24.95398,0000000038d83d41,20.28
197,2019-08-01T19:15:01Z,c40c37def6bf11a63a2556519a7c6233fd417cdeea2cf14f28e7c42c,60.16531,24.9442,00000000fdda10fe,20.28
198,2019-08-01T19:15:01Z,ce197d5eedb5498917afe7ca3f7275ffeb191f0c5d050bffa154c1d2,60.16531,24.9442,00000000fdda10fe,38.87
199,2019-08-01T19:15:01Z,ce4d251a2c6b56d67533935f9c53278886ef447f18ddca76b92d9335,60.16897,24.95222,00000000aa852af1,10.78
200,2019-08-01T19:15:01Z,cf05623e4d87ce0906c0b0b7dbf53aacc1228016cd27c341228b6e76,60.18203,24.91341,00000000342570c2,31.5
201,2019-08-01T19:15:01Z,d49dd3c01ea8ff49e01fdabf4df5fe41f233e0efc0ee62803b2dbcf0,60.16762,24.95415,000000006b44cce7,25.36
202,2019-08-01T19:15:01Z,e2054d32cca62e6a7762e5583fde4d16233d4fc626f9ff9f3cdc7298,60.16762,24.95415,000000006b44cce7,23.56
203,2019-08-01T19:15:01Z,e4d5e4ce6948a7be641aea768bcfddad2dc69af202e3b5a2bd920370,60.16762,24.95415,000000006b44cce7,20.28
204,2019-08-01T19:15:01Z,f088630d7476dae7d4b7e2bb1f10575f2c89acb4b6e061f3d57c2b40,60.16531,24.9442,00000000fdda10fe,21.87
205,2019-08-01T19:15:01Z,fc4f3a44235f1cfc7b53f14ba2da599976a5a0a220d23b852688e485,60.17919,24.95181,000000007b5207b6,21.87
206,2019-08-01T19:15:01Z,08668b322dfc669ab925ac0ee2671f046f38d64b21a53a3803612709,60.16829,24.94214,00000000afef4555,12.69
207,2019-08-01T19:15:01Z,0acf3dae530edfb1c90bb572c4a83e2e31cebfda6b29b014e88b1525,60.14951,24.92138,0000000006dd41f6,13.75
208,2019-08-01T19:15:01Z,0adfd44abb936abeb23fa4e03868b5b31ceaf9cd66edfc7e9fa7d533,60.16762,24.95415,000000006b44cce7,9.92
209,2019-08-01T19:15:01Z,0aed5d4e842e5be04a3c1639bd9cde107f50c87f1a6f6935ca15354e,60.16531,24.9442,00000000fdda10fe,4.5
210,2019-08-01T19:15:01Z,118287e26d07ec5c0392e34555e0d4342d1eece00a82c8bf29e70a24,60.16629,24.95957,00000000fb7600be,23.56
211,2019-08-01T19:15:01Z,11bff99c469e0ecc5b7d59bf6e25dccd7ed482dae816627a2f63fa34,60.16897,24.95222,00000000aa852af1,18.79
212,2019-08-01T19:15:01Z,1400eed09feb8e5ce736abb8f9fe80a74f14b09bc312aff639367682,60.16531,24.9442,00000000fdda10fe,23.56
213,2019-08-01T19:15:01Z,14d146ce47dda2274b20b2997b30ede3f9fe8d9ee00f3bce2be4b101,60.1538,24.95595,0000000038bf9618,29.32
214,2019-08-01T19:15:01Z,1b76e562e1105f5eaf32e0f2c3f5ba01e2d1b9615b767859bfea15e0,60.16762,24.95415,000000006b44cce7,14.89
215,2019-08-01T19:15:01Z,1ecbc7c6afe89033252e5510cbb893666af2b3bc29f555a3a6287fdb,60.14951,24.92138,0000000006dd41f6,5.41
216,2019-08-01T19:15:01Z,1f316282c1a95f14bebcd959836c2d29a2948a8ee4b21bda4abe4fdf,60.16829,24.94214,00000000afef4555,17.4
217,2019-08-01T19:15:01Z,20ba207969ac705d3781b6ea0bfca167782b0f9f6377ac0f0f0d3d74,60.17002,24.94407,000000006b087f40,21.87
218,2019-08-01T19:15:01Z,291784e81531ce43d76bd8cfbc096e3b120bf30a8565aa8e74bb61f5,60.1538,24.95595,0000000038bf9618,9.92
219,2019-08-01T19:15:01Z,29ef69cf590495126109faedcf471e23f58d61604458172c8d18d8d1,60.16531,24.9442,00000000fdda10fe,23.56
220,2019-08-01T19:15:01Z,2b661ae43997975357669e2de3c026307d70422f6479fecdc826e8f8,60.17002,24.94407,000000006b087f40,29.32
221,2019-08-01T19:15:01Z,2bf5f9225c5c902bf47c53c03a98b5988a577c9688e1143db7aa3f3d,60.14947,24.91438,000000004ef3150d,14.89
222,2019-08-01T19:15:01Z,2cf8abb00c988832c843d58138022a959083fa08649b86c5504a059d,60.16531,24.9442,00000000fdda10fe,9.92
223,2019-08-01T19:15:01Z,2fc95ba281ad4124638141fdd4ac8e806cfc4981d06cc3eed579c40e,60.16762,24.95415,000000006b44cce7,5.41
224,2019-08-01T19:15:01Z,34246bb3780023343f57ea8f9090fd0cf8a3661fd326c5091fa07124,60.17002,24.94407,000000006b087f40,21.87
225,2019-08-01T19:15:01Z,3792b6094897e1a121b361887868fc2234faeeeb48476c63ee71153f,60.16531,24.9442,00000000fdda10fe,25.36
226,2019-08-01T19:15:01Z,386431c7abf8759f5545512694cb1b1bc482944b802a5355dcc9d3a1,60.1538,24.95595,0000000038bf9618,9.12
227,2019-08-01T19:15:01Z,3de79599f54ca4a1ccde99d1e01f2dd67b4b8ab7d82d7932ff86236a,60.14947,24.91438,000000004ef3150d,9.12
228,2019-08-01T19:15:01Z,3fb2808a5a40d360dd2aa7e1017d7be5d33d79a12e2c048d8e035d43,60.149,24.9843,00000000fffb8cf0,31.5
229,2019-08-01T19:15:01Z,41f185a159512f75044229841163324ad910cd0115a35840384308f7,60.16897,24.95222,00000000aa852af1,29.32
230,2019-08-01T19:15:01Z,4a007a72a20dcb6f9c0c638b15060d1cc3122474297579bd398b4b2f,60.16897,24.95222,00000000aa852af1,9.12
231,2019-08-01T19:15:01Z,4c30fee7048f56111807013e1792dab18eb021fb885c2f5327c094a5,60.1538,24.95595,0000000038bf9618,7.69
232,2019-08-01T19:15:01Z,4e5a8cbd8b772f2f09f34b23b1aeb4693fa0d03dc17ef594ae838c4f,60.18203,24.91341,00000000342570c2,13.75
233,2019-08-01T19:15:01Z,4ebd20b919866ef8984ebf533b1d1d0ba9bb1973db624a9713526b9d,60.17065,24.93641,000000000f4919c9,33.81
234,2019-08-01T19:15:01Z,4f842169d61058106b978b4ab09f503338f14cf2a4166b754dd1f08d,60.1538,24.95595,0000000038bf9618,18.79
235,2019-08-01T19:15:01Z,52c8aaec3d003002723db25b5ab47944acf7e4d7e46926ae72bfd5fb,60.16829,24.94214,00000000afef4555,8.38
236,2019-08-01T19:15:01Z,584743ec67ad39bc24ae9f306653efa427056434479c3307f24372ff,60.16531,24.9442,00000000fdda10fe,18.79
237,2019-08-01T19:15:01Z,584cb0b0cdd14e608c8b57c8aecc9826f9b40027e365e2438a444ea2,60.16762,24.95415,000000006b44cce7,9.92
238,2019-08-01T19:15:01Z,5892d3572bc80cb167323582cdd0cf744de0b47025b5ff21997d26f1,60.17002,24.94407,000000006b087f40,20.28
239,2019-08-01T19:15:01Z,5bb7020c5523f951b7ccaea972b8b98d0a6b6b61da2186eda35569be,60.16531,24.9442,00000000fdda10fe,23.56
240,2019-08-01T19:15:01Z,5d17333d5eb06912295b54b55486da11c9fbe8e1669d9a921c1c3464,60.16762,24.95415,000000006b44cce7,14.89
241,2019-08-01T19:15:01Z,5e6934a7e5fbb6d4768eff5073a7538588f884b228a8ba08773fc6df,60.16897,24.95222,00000000aa852af1,20.28
242,2019-08-01T19:15:01Z,5e821f9dd03daed4e40fe697dbe6a95a563dc4255d56ace35997b7a2,60.16531,24.9442,00000000fdda10fe,23.56
243,2019-08-01T19:15:01Z,5ef4dab55fa30e6264954cb97f76d8ea4bb6ceade5f206dcf9e91ff8,60.16762,24.95415,000000006b44cce7,16.1
244,2019-08-01T19:15:01Z,5f57a7f392fc6a217ce71f8cb7cb0ebb0872bd5c710a5b3291ec2a8b,60.1538,24.95595,0000000038bf9618,31.5
245,2019-08-01T19:15:01Z,610cd151b260f616a3f93e7e37136452e03c657b0f20d300ed47c60d,60.16762,24.95415,000000006b44cce7,12.69
246,2019-08-01T19:15:01Z,63d6f3da0f2e8886680c6a9be86c0c998670046727063183477e6c5a,60.17002,24.94407,000000006b087f40,17.4
247,2019-08-01T19:15:01Z,65aab87b1fa944a817bd11cf5cb9b357609888203156c2a881600f8b,60.16762,24.95415,000000006b44cce7,11.7
248,2019-08-01T19:15:01Z,65ff3037d8efc39f47c8bb0ebff3d6dc15a3068b4331001e7449ef51,60.16897,24.95222,00000000aa852af1,18.79
249,2019-08-01T19:15:01Z,68523ef73d93b9d78ff9d9d232b41ab874a3bc6dea93387c7a1791c3,60.16897,24.95222,00000000aa852af1,13.75
250,2019-08-01T19:15:01Z,6d2a078f6b44197f6bf27ee213598a103c7aea15627afa9a6a99f6ec,60.16762,24.95415,000000006b44cce7,12.69
251,2019-08-01T19:15:01Z,6da3a01a790c72931d0a671140dd268c7b9674f634b9fefa179b1b0d,60.14947,24.91438,000000004ef3150d,9.12
252,2019-08-01T19:15:01Z,7182dcc0397b8357e3674c94162a94f14fab310ad622e47862b48105,60.16531,24.9442,00000000fdda10fe,44.58
253,2019-08-01T19:15:01Z,734216e11395871cc5898056a81e79894277dc3029dce6734b470a5d,60.15133,24.92329,00000000e8a064a4,17.4
254,2019-08-01T19:15:01Z,75ecae2fa448f8e1a1a2d67cd7db011d306a23d91039f5826947d686,60.17002,24.94407,000000006b087f40,23.56
255,2019-08-01T19:15:01Z,77ca8225b8436f602b0692752c053cae0e99a448067e760dfc65ae44,60.17918,24.95141,00000000675d5200,12.69
256,2019-08-01T19:15:01Z,789dd361c11ef135b94d6348f10d23c6ed9067270252bbf80e1e69cb,60.16762,24.95415,000000006b44cce7,13.75
257,2019-08-01T19:15:01Z,7faa0674bbffa6079229446644f093b9ead9973dc4b4711bde704d93,60.16531,24.9442,00000000fdda10fe,27.28
258,2019-08-01T19:15:01Z,8272f5bfa02e8735fb61088cce25018e2c192453eba67884b6304dbf,60.16531,24.9442,00000000fdda10fe,25.36
259,2019-08-01T19:15:01Z,89bdbc093ba7e77dd70e9a4e117d2e63b2d2e1d0b0495f32f76d83e7,60.16897,24.95222,00000000aa852af1,31.5
260,2019-08-01T19:15:01Z,905e93998d15d3a2cfe22f9400fdf5d90e0a3d471dd35b3cbd9f8379,60.16762,24.95415,000000006b44cce7,20.28
261,2019-08-01T19:15:01Z,92ef5b6a6fd7054c06dc6ec02c46012002f7e82ab23f3f8e50244a7b,60.149,24.9843,00000000fffb8cf0,31.5
262,2019-08-01T19:15:01Z,93a59130ed9838d63f8eca342d789c6707ab5809e5def45160015eda,60.16531,24.9442,00000000fdda10fe,27.28
263,2019-08-01T19:15:01Z,970be98220ae3d2e7244e202092c08700560fded44bec088623157c7,60.16762,24.95415,000000006b44cce7,11.7
264,2019-08-01T19:15:01Z,9d1fc4aaeb12c04530cb6927de518c8c99ee71bbdd56f45fbc7e865e,60.16762,24.95415,000000006b44cce7,13.75
265,2019-08-01T19:15:01Z,9f5578266e638d497c656730be4ee9142f31ec4386dcf21fa25e2c10,60.16897,24.95222,00000000aa852af1,25.36
266,2019-08-01T19:15:01Z,a3a3473623f7569515dc78b37f99cbc3a0db379d04a592503e1fc8c4,60.16762,24.95415,000000006b44cce7,25.36
267,2019-08-01T19:15:01Z,a481f9c6a52e3924e418765d4b1b375b0efa516625b51b7e94c2cbee,60.16544,24.95398,0000000038d83d41,25.36
268,2019-08-01T19:15:01Z,aa228e36846a88055d3c5d8f1c682f0860cdbd0ef0c3187a68491d16,60.16544,24.95398,0000000038d83d41,16.1
269,2019-08-01T19:15:01Z,aa8f84d7a35273e8313200573bb9435547087d7caa60687c1dd2609f,60.17918,24.95141,00000000675d5200,23.56
270,2019-08-01T19:15:01Z,b0092451611f3c9599565bee907fa02b5a8a4f2240a1fb7403dc8468,60.16762,24.95415,000000006b44cce7,21.87
271,2019-08-01T19:15:01Z,b032b242c9484d9b568ec221b0aa7d15adaef3958f04665daa2578de,60.16629,24.95957,00000000fb7600be,16.1
272,2019-08-01T19:15:01Z,b313298f02c92d1d091963a2ef3e3a695390996fe64d60585b553c84,60.16448,24.97323,0000000053c6c2be,25.36
273,2019-08-01T19:15:01Z,b79f0ebfd790327d71d1d8d1bc1890b63421a6130a063c83372490b9,60.16762,24.95415,000000006b44cce7,7.05
274,2019-08-01T19:15:01Z,b8d6211262e198a20be0b1fa39b2de20b788666f3436d4ed7aae4125,60.16762,24.95415,000000006b44cce7,31.5
275,2019-08-01T19:15:01Z,bd689a874eef067b4a0feb8b44f1ab92c400756e61c5c0ce711d2adc,60.16629,24.95957,00000000fb7600be,11.7
276,2019-08-01T19:15:01Z,c20fc6aa214a569b60dcdeadf1dc841792e2a91bc4c03261e73fcac5,60.16897,24.95222,00000000aa852af1,8.38
277,2019-08-01T19:15:01Z,c5f8bc6d6b6de5616d1249c84545b66c4a990c178bdc290d8a42b31b,60.14951,24.92138,0000000006dd41f6,18.79
278,2019-08-01T19:15:01Z,c9629918d2d58c766dc74bd0394b43a6499bb8d33aa2aeb08c7b799f,60.16531,24.9442,00000000fdda10fe,23.56
279,2019-08-01T19:15:01Z,c98bb7fc7fdb30ac49d4c2d0b21737c53cfd859b5e7ad2ac0a2dc6fe,60.16629,24.95957,00000000fb7600be,12.69
280,2019-08-01T19:15:01Z,ca3440615ba356654ce55d0a8d102c53236ddd0eedf4b3289f7506c6,60.1538,24.95595,0000000038bf9618,25.36
281,2019-08-01T19:15:01Z,ca44a5d44e2008f62e43a199f1d50c538cabb20ff8f7baf6477a1f86,60.16829,24.94214,00000000afef4555,23.56
282,2019-08-01T19:15:01Z,d46d631d5045ce7177b273f9458009eb13abf5343474b624480ab719,60.16897,24.95222,00000000aa852af1,5.41
283,2019-08-01T19:15:01Z,d8e00cd4696ddb962d154f73157f06984cc6b5c8227eb2ceb76f97c0,60.17918,24.95141,00000000675d5200,20.28
284,2019-08-01T19:15:01Z,daf7aa31d93b3102381ff954e43d42f502bfed27ed545cd3aec7b901,60.16531,24.9442,00000000fdda10fe,16.1
285,2019-08-01T19:15:01Z,dca6c4beb57e99474b8f92f48c0545d0cf8e545a52d8f308c8dcaefd,60.14699,24.922,00000000a53ed894,25.36
286,2019-08-01T19:15:01Z,dd0069a685829ed63eca7ac2e47f21981f88f65111b749d07dc0739a,60.16531,24.9442,00000000fdda10fe,2.8
287,2019-08-01T19:15:01Z,de63d3a9703c8985e16c79061bab764d6049b77d5c65ef59067789fb,60.15133,24.92329,00000000e8a064a4,33.81
288,2019-08-01T19:15:01Z,df02efa15a9c3cd03f94b2be5f46cd29a034366a185b051e5508aabe,60.14951,24.92138,0000000006dd41f6,23.56
289,2019-08-01T19:15:01Z,e5de12048569d70af77d8bae0f974893d04c084118149b0eeacf2b92,60.16531,24.9442,00000000fdda10fe,29.32
290,2019-08-01T19:15:01Z,e714a7b25f14aff4fd8a00c66115643c9a02bb869d3db9c1ace6bc10,60.16829,24.94214,00000000afef4555,4.94
291,2019-08-01T19:15:01Z,e814f3e927b33bc0d886da3245238b9247ac7e088372a63606852a75,60.16897,24.95222,00000000aa852af1,13.75
292,2019-08-01T19:15:01Z,ece3f5d05059cbaba7b8f22662ce2aba1c44154c2d3fe5235836c153,60.149,24.9843,00000000fffb8cf0,25.36
293,2019-08-01T19:15:01Z,ed3c8b728280e6d18a2537a07f2790ae708142014b37f59669319465,60.14947,24.91438,000000004ef3150d,29.32
294,2019-08-01T19:15:01Z,ed774105c7df3665854e0807c5cdd153cb723d14f8df962db353e447,60.16762,24.95415,000000006b44cce7,16.1
295,2019-08-01T19:15:01Z,f0e71a7acbac0243c292505eeac366ebf2360637a039ae534a3a0612,60.16897,24.95222,00000000aa852af1,17.4
296,2019-08-01T19:15:01Z,f1a30062532bba0819c7b9014f823fafab4bc99d262987616aad90ee,60.149,24.9843,00000000fffb8cf0,25.36
297,2019-08-01T19:15:01Z,f1eab055efb1e00edf46b414ff92ddfcc38b55cd9ea8febbbe1f23cb,60.16762,24.95415,000000006b44cce7,13.75
298,2019-08-01T19:15:01Z,f9399339c3de44774896319d3f291771cebcaf2666df1d6062469882,60.16531,24.9442,00000000fdda10fe,29.32
299,2019-08-01T19:15:01Z,f9913ba4b0a7633f650bcd056efd2ac94b2037ee0350a15e69c66b05,60.16762,24.95415,000000006b44cce7,9.12
300,2019-08-01T19:15:01Z,fdb1edf664d1bb80aeafbcf78f0a162f17bd1e77351b0b58ea37e672,60.17002,24.94407,000000006b087f40,29.32
301,2019-08-01T19:15:02Z,075be70b0c9febdacbaeeb7cd5008912aad9ce85c22f5ee3d6b77e40,60.16897,24.95222,00000000aa852af1,16.1
302,2019-08-01T19:15:02Z,0add92bb629361fdf34a91a86a1f9e3aed5f10895edae2bd32f97fb0,60.14699,24.922,00000000a53ed894,20.28
303,2019-08-01T19:15:02Z,14c7e1511b70f4dd3359cbece1377aebb4d70531f5489eefe53d7c3c,60.16544,24.95398,0000000038d83d41,25.36
304,2019-08-01T19:15:02Z,165ebbb4090d47319ae370f0d0854fdc1f6b79499f8b2e4d3c3533c0,60.16544,24.95398,0000000038d83d41,25.36
305,2019-08-01T19:15:02Z,19f93a4c6a106a8741d722aff5bbfc39abdf3ff733552b41ec367aa0,60.17002,24.94407,000000006b087f40,23.56
306,2019-08-01T19:15:02Z,22581e1d9764b88a01034a4cab1a6b02fa4aa770025b9bd340685163,60.15432,24.9211,0000000019fb59c4,9.92
307,2019-08-01T19:15:02Z,24d2f2ddd119efcb13abb0ab2cb53850e9788b6713967ccca4d6e071,60.16897,24.95222,00000000aa852af1,20.28
308,2019-08-01T19:15:02Z,297c725b456ef12d2712634b21546721cbe93224d3a5762d897404f2,60.16762,24.95415,000000006b44cce7,11.7
309,2019-08-01T19:15:02Z,2c94897aa62344f630952ad6032f5d7976419125d126b15c1386c8b1,60.1538,24.95595,0000000038bf9618,29.32
310,2019-08-01T19:15:02Z,351407b43e2d2cbb60e7481f6fea88dcd24a9ea0d5a0f63e5073d365,60.16544,24.95398,0000000038d83d41,33.81
311,2019-08-01T19:15:02Z,41d3af8da554a2f22a1c6596e0da84fd612b70022b5d295e6b4928e7,60.15432,24.9211,0000000019fb59c4,13.75
312,2019-08-01T19:15:02Z,43b676ed3aef4c2d8846694817e76117873be52e7f788e0cb366c1c4,60.16629,24.95957,00000000fb7600be,25.36
313,2019-08-01T19:15:02Z,541cdde5332ed33dd6e2f47bc3091d8251b2992ea15305b741d7fa7c,60.16531,24.9442,00000000fdda10fe,36.27
314,2019-08-01T19:15:02Z,5802343c3c4b09ee3631f03e16ebb38a3b1999d65e3713eb82377455,60.16544,24.95398,0000000038d83d41,21.87
315,2019-08-01T19:15:02Z,59107c0fb745e0aacace35f3eb6888e9aa1cace3ca066219be32fe54,60.16897,24.95222,00000000aa852af1,23.56
316,2019-08-01T19:15:02Z,5bbb5184fded3e51bc78e45e39917794285e6bbc72da404802a9599a,60.16531,24.9442,00000000fdda10fe,21.87
317,2019-08-01T19:15:02Z,5c2bebd0f61c326c3715812ed4dceacfca3133fdef2d37e3c06f45c4,60.14699,24.922,00000000a53ed894,17.4
318,2019-08-01T19:15:02Z,5c53b5477992af1e0b2d1af467fc8df542695a341ea3ef9fd510fc53,60.17002,24.94407,000000006b087f40,20.28
319,2019-08-01T19:15:02Z,5d65719c4cbf045f068d084b72302f447d5fd034413d97d13be00d0e,60.18203,24.91341,00000000342570c2,20.28
320,2019-08-01T19:15:02Z,5eed115a984d490b02b602d73787aee8dc8c4e9365b77fbff3818a76,60.16629,24.95957,00000000fb7600be,21.87
321,2019-08-01T19:15:02Z,693099b54f1d14b899f005c233a431270bde084ad2fe05abf597743a,60.16544,24.95398,0000000038d83d41,38.87
322,2019-08-01T19:15:02Z,6a54644283a4f5a6369abe947b4e9faf2ca3c25ef2ea42502cb60c5f,60.15432,24.9211,0000000019fb59c4,13.75
323,2019-08-01T19:15:02Z,6f06341f358e61699fe1e55e986dd0554bc8da28b91daf0c5ad99db6,60.16629,24.95957,00000000fb7600be,20.28
324,2019-08-01T19:15:02Z,6ff437688c444238352c28f64f9d2a7d0f14d19c9ea42c225380501e,60.16762,24.95415,000000006b44cce7,20.28
325,2019-08-01T19:15:02Z,71f1ccf548a0ec676009a1185a36ad6c18191be59b397e8261d67443,60.16762,24.95415,000000006b44cce7,5.91
326,2019-08-01T19:15:02Z,7a3db40d91e137d1381ac690a78039878e0baa317ed9a7cd6882df27,60.16762,24.95415,000000006b44cce7,21.87
