,time,hash,latitude,longitude,serial,distance
0,2019-08-01T12:07:00Z,04f9bf8e2e58659c9eec0f7fcb1f3bd40fddade0d10c99a288f0e723,60.16544,24.95398,0000000038d83d41,27.28
1,2019-08-01T12:07:00Z,0fff89885f08417f20aadfdbf62a372277e9085bcd024374b772ecac,60.16531,24.9442,00000000fdda10fe,20.28
2,2019-08-01T12:07:00Z,144afc51fc2443c7031a2912566eff2ce60226a49d6d2bd7c2923700,60.16544,24.95398,0000000038d83d41,13.75
3,2019-08-01T12:07:00Z,14c7e1511b70f4dd3359cbece1377aebb4d70531f5489eefe53d7c3c,60.16544,24.95398,0000000038d83d41,25.36
4,2019-08-01T12:07:00Z,165ebbb4090d47319ae370f0d0854fdc1f6b79499f8b2e4d3c3533c0,60.16544,24.95398,0000000038d83d41,23.56
5,2019-08-01T12:07:00Z,24d2f2ddd119efcb13abb0ab2cb53850e9788b6713967ccca4d6e071,60.16897,24.95222,00000000aa852af1,21.87
6,2019-08-01T12:07:00Z,2a633baacf4589235f2e77c9c7d84e1cd14248eb4b9e336ce1d3ba43,60.16897,24.95222,00000000aa852af1,20.28
7,2019-08-01T12:07:00Z,2a93b61a3863ace54349d7a0937e4134fcc6d4dfcf064eefae2b7cf8,60.15432,24.9211,0000000019fb59c4,16.1
8,2019-08-01T12:07:00Z,2cbdb709bb456bc8bca60a86bfa0fd9e979051582401008738e2db26,60.16897,24.95222,00000000aa852af1,14.89
9,2019-08-01T12:07:00Z,2efd972897e318100638d8474e49f7d4cbfb4d97c6ee232a20a417e2,60.16897,24.95222,00000000aa852af1,17.4
10,2019-08-01T12:07:00Z,40fc9d8668e795b50d753293b7981b8a8ada10369764a15e4c32ac34,60.1538,24.95595,0000000038bf9618,44.58
11,2019-08-01T12:07:00Z,43b676ed3aef4c2d8846694817e76117873be52e7f788e0cb366c1c4,60.16629,24.95957,00000000fb7600be,25.36
12,2019-08-01T12:07:00Z,4c90d667a8bf7ea1281fcb14f35adcd1497fb1ba95366b82b4b1d737,60.16629,24.95957,00000000fb7600be,18.79
13,2019-08-01T12:07:00Z,53dbe255fea37f5090b8b35afdd743747b903c68c20ae4df0817b98c,60.1538,24.95595,0000000038bf9618,21.87
14,2019-08-01T12:07:00Z,59107c0fb745e0aacace35f3eb6888e9aa1cace3ca066219be32fe54,60.16897,24.95222,00000000aa852af1,25.36
15,2019-08-01T12:07:00Z,5d65719c4cbf045f068d084b72302f447d5fd034413d97d13be00d0e,60.18203,24.91341,00000000342570c2,21.87
16,2019-08-01T12:07:00Z,62ba3ea518b5e78749f37fcd40a3f18f8059689f1df2d876536785b8,60.17065,24.93641,000000000f4919c9,17.4
17,2019-08-01T12:07:00Z,660c668edc3b239e521fc8d85ca6f442cec48702a08567ecb7f863d0,60.18203,24.91341,00000000342570c2,17.4
18,2019-08-01T12:07:00Z,6a657079c1bdc8114c289be1ddd83e5846d4279a920d1697b8ff0033,60.18203,24.91341,00000000342570c2,17.4
19,2019-08-01T12:07:00Z,6bc838096806d076bb45cfa041f4e6696c7a32170556ae75888c7fff,60.16531,24.9442,00000000fdda10fe,27.28
20,2019-08-01T12:07:00Z,6d22b751ff5173035dc85c52c3dff0780126adae67fe33dc62dd45ef,60.16531,24.9442,00000000fdda10fe,25.36
21,2019-08-01T12:07:00Z,6f06341f358e61699fe1e55e986dd0554bc8da28b91daf0c5ad99db6,60.16629,24.95957,00000000fb7600be,33.81
22,2019-08-01T12:07:00Z,76c7f42283513d0e289bf786d89463b5025b2ae0f4e13519a4cf228b,60.15432,24.9211,0000000019fb59c4,18.79
23,2019-08-01T12:07:00Z,8412b74b4bc1fab0813c0edb056928e3778209d54ebceaa2b90f8e75,60.16075,24.95883,00000000f1124bca,6.46
24,2019-08-01T12:07:00Z,87dfaad29a9276ddddb1fa021d3bc23ad14824c1af16f7d87e713689,60.14951,24.92138,0000000006dd41f6,13.75
25,2019-08-01T12:07:00Z,8ba5cfdde5ffd2bf602a3b2eb6b759777f2a9c5f63ecf1871f76cbde,60.17918,24.95141,00000000675d5200,8.38
26,2019-08-01T12:07:00Z,8c75c3289c84fe4493e1e272a77b615fe1985880c5dc68a7c1a17b53,60.16762,24.95415,000000006b44cce7,12.69
27,2019-08-01T12:07:00Z,8cc6ddaa460aeae8cc9e8a33f91a01c8cd4c0c8bf8a943210a28c84d,60.1538,24.95595,0000000038bf9618,16.1
28,2019-08-01T12:07:00Z,93778492a0780151c7bc974924999dd9b7c6e7f9d13209436d2ecfa5,60.16075,24.95883,00000000f1124bca,17.4
29,2019-08-01T12:07:00Z,9843c6216661048343a0e49cf3d8aa2883cf77f452666a1c873a1052,60.16448,24.97323,0000000053c6c2be,9.12
30,2019-08-01T12:07:00Z,9d03d14afa49576281aa26db60e517f7c1ec8aa36f7756959a860a8a,60.16629,24.95957,00000000fb7600be,25.36
31,2019-08-01T12:07:00Z,a9da1ee82e3b670e276c26b483dd50f4a6d0c6f77ef82245d3ae6086,60.18203,24.91341,00000000342570c2,10.78
32,2019-08-01T12:07:00Z,b5fd6b317890e5ab2d79e2cd1abe61626d45a753c7337d0d40728898,60.16762,24.95415,000000006b44cce7,9.92
33,2019-08-01T12:07:00Z,bcac6732baf63a1c593b125da7798665026db153c16c61737a0cdfbe,60.16544,24.95398,0000000038d83d41,20.28
34,2019-08-01T12:07:00Z,ce197d5eedb5498917afe7ca3f7275ffeb191f0c5d050bffa154c1d2,60.16531,24.9442,00000000fdda10fe,33.81
35,2019-08-01T12:07:00Z,cf05623e4d87ce0906c0b0b7dbf53aacc1228016cd27c341228b6e76,60.18203,24.91341,00000000342570c2,20.28
36,2019-08-01T12:07:00Z,dd2c9c82cf3737146294aff6f814a1349fb0bc4bedf518715dacbe8f,60.18203,24.91341,00000000342570c2,14.89
37,2019-08-01T12:07:00Z,df3e8aa90fa6c1087f1c85a819607c43d6fe65f29411ada3fdca065e,60.16531,24.9442,00000000fdda10fe,16.1
38,2019-08-01T12:07:00Z,ed70dda6b7faebd4340dacdb452ab224d9d3c308df417b7fa76f54e8,60.14951,24.92138,0000000006dd41f6,21.87
39,2019-08-01T12:07:00Z,f0658ab84466fd2b70b305787976c9cc96062ec03a830710452e9a77,60.16544,24.95398,0000000038d83d41,12.69
40,2019-08-01T12:07:00Z,fc4f3a44235f1cfc7b53f14ba2da599976a5a0a220d23b852688e485,60.17918,24.95141,00000000675d5200,18.79
41,2019-08-01T12:07:00Z,005a511974e37c1ea6ccc300f05ee3c7c4ba591e788007c1393c3bfd,60.16762,24.95415,000000006b44cce7,21.87
42,2019-08-01T12:07:00Z,02057e7f1472b34e15e62d4f036a621a4d8076aace7f52871e2249f1,60.16897,24.95222,00000000aa852af1,23.56
43,2019-08-01T12:07:00Z,02083dff86d6ca8825c6cbf118c60d37880302cc8500af49a6a3f1d8,60.16075,24.95883,00000000f1124bca,12.69
44,2019-08-01T12:07:00Z,043dccd76de4c8e9b16652c922767de1d8bb7d5461b09c9fd3b7203c,60.16544,24.95398,0000000038d83d41,18.79
45,2019-08-01T12:07:00Z,04dc961d8ffaf1d5647cd3619af8bf8cb72ff6073273edd4c00ed1cf,60.16829,24.94214,00000000afef4555,3.4
46,2019-08-01T12:07:00Z,0700f38e751350f615b56c19e6c6edb0a02c0dd9c673d7d54f789f21,60.16762,24.95415,000000006b44cce7,7.69
47,2019-08-01T12:07:00Z,071bf21815d017852235122466f707b1628a8e8cbb13ca9255420b27,60.15432,24.9211,0000000019fb59c4,5.41
48,2019-08-01T12:07:00Z,0743bb2655a229082f022f3fb871aea933c39a849cac73148e4a8dd2,60.16531,24.9442,00000000fdda10fe,21.87
49,2019-08-01T12:07:00Z,0817b93de9d99dcbc9c9dfb79eb4af7f7f7e36c8bd34b48b7071258a,60.16075,24.95883,00000000f1124bca,7.05
50,2019-08-01T12:07:00Z,0c876f6967de6fd925a91eb106da739e41883a0cd0e09c77e92a9307,60.16629,24.95957,00000000fb7600be,18.79
51,2019-08-01T12:07:00Z,0d112dd985b66de86c35df8f52e06d7121fc790ae0882de12581214b,60.16897,24.95222,00000000aa852af1,12.69
52,2019-08-01T12:07:00Z,0e4c038648ee23899b76befdddd03584c991c201f5450af1a33f9ece,60.16544,24.95398,0000000038d83d41,25.36
53,2019-08-01T12:07:00Z,119a3e43f3172701f8615eeecb3dc09f014f9d4fc49cafb84d28bf8c,60.16829,24.94214,00000000afef4555,10.78
54,2019-08-01T12:07:00Z,12301f75db0483745a72247533877ea48f658264f6a5b3b15921de26,60.16075,24.95883,00000000f1124bca,2.54
55,2019-08-01T12:07:00Z,1266659b9b4daa5eeec9a9ec6cb8b64efe6239ee6afad54c01d9e634,60.17918,24.95141,00000000675d5200,4.11
56,2019-08-01T12:07:00Z,12e0321c4a5c601f8fcbc192deef88ba140a04f5bc7ff10a0dfc669b,60.16075,24.95883,00000000f1124bca,3.74
57,2019-08-01T12:07:00Z,160af513aae7f9f4b7cbf8428260d9334dc15288505bc4345a796316,60.16897,24.95222,00000000aa852af1,14.89
58,2019-08-01T12:07:00Z,17ec9c0015e901bde1c99de9eb4559fe45c84d78359e2698dcdaa812,60.16531,24.9442,00000000fdda10fe,16.1
59,2019-08-01T12:07:00Z,181c7fa4fa7f693149ca81e1c57fbba459a8fc98325bc29dbb5c53b4,60.17065,24.93641,000000000f4919c9,5.91
60,2019-08-01T12:07:00Z,1d7b6a0822512c848b36ba097d2aebc370407a227dedcccdb8cb2ffc,60.16531,24.9442,00000000fdda10fe,3.4
61,2019-08-01T12:07:00Z,1ecbc7c6afe89033252e5510cbb893666af2b3bc29f555a3a6287fdb,60.14951,24.92138,0000000006dd41f6,3.4
62,2019-08-01T12:07:00Z,1ef6b48106199750e443c6c77c0b8533daaeef6e856132b9aa810daa,60.16897,24.95222,00000000aa852af1,27.28
63,2019-08-01T12:07:00Z,1f741d4bb08a2d703dced6219a74c177f5a87b3cc53406bba148ecc9,60.16629,24.95957,00000000fb7600be,12.69
64,2019-08-01T12:07:00Z,211a6d02a09e84ca47f703131a2b02f2dc83421a2e5724e36eb03752,60.149,24.9843,00000000fffb8cf0,13.75
65,2019-08-01T12:07:00Z,22a2ec6fa15899f12a6268147b2790a5b605170b9155c573fe464aa9,60.17065,24.93641,000000000f4919c9,25.36
66,2019-08-01T12:07:00Z,22abf3c7631e54c63714eee48e2a2b39093eb563b74669620b8f6a59,60.16629,24.95957,00000000fb7600be,20.28
67,2019-08-01T12:07:00Z,23747f25cfc5e8a9a11c25ffde7266293322ed9ec0279d829487eda5,60.1538,24.95595,0000000038bf9618,31.5
68,2019-08-01T12:07:00Z,23bbd711e9d3ca1453d13953e2492854694072ed5aca8c1c196c2b99,60.17002,24.94407,000000006b087f40,36.27
69,2019-08-01T12:07:00Z,246e8d9b776da6e72e76c63e9a6e8f169ae9a85b2b9e688c05f7567f,60.14947,24.91438,000000004ef3150d,23.56
70,2019-08-01T12:07:00Z,25bd44b06b2cedf03dfe76c5120748c99701b1c0fc66df276e25c6a1,60.17002,24.94407,000000006b087f40,29.32
71,2019-08-01T12:07:00Z,26d4b4a21d16154f826e3fbd6277df16a5f58ebf58beed7459a930df,60.16629,24.95957,00000000fb7600be,23.56
72,2019-08-01T12:07:00Z,27d9b57b7738171d491a81e126a9b2e0727b7f9e2120bce886910d0f,60.16762,24.95415,000000006b44cce7,16.1
73,2019-08-01T12:07:00Z,29f3450c482245f3be2181296b96711fd46cb9fb09c0867b964841f1,60.17918,24.95141,00000000675d5200,1.88
74,2019-08-01T12:07:00Z,2abec401ee16a0809327f730532168e14f9652505b49e6278781ea31,60.16629,24.95957,00000000fb7600be,31.5
75,2019-08-01T12:07:00Z,2bcc008c769d26e62595f2def5544c0123bdeb8925d0e3217fa60319,60.16762,24.95415,000000006b44cce7,7.05
76,2019-08-01T12:07:00Z,2bf855dd8dc37043061dbe82938ecdef9d3f3d11fefb2657bf22832a,60.16829,24.94214,00000000afef4555,16.1
77,2019-08-01T12:07:00Z,2c58632863ee37664459a2441ad8ddd3e327b39153b0027c13009f6e,60.16629,24.95957,00000000fb7600be,11.7
78,2019-08-01T12:07:00Z,2d0e899ceb9d6a19af0a5b54de2aaa08a8d27b00f85ffd069734eb87,60.16762,24.95415,000000006b44cce7,7.69
79,2019-08-01T12:07:00Z,2da14567b3fab34b918141962feba30fdb8fb1a5fefa1f2b7fe4a712,60.17065,24.93641,000000000f4919c9,13.75
80,2019-08-01T12:07:00Z,2de9cbb2b082097ece40704680dc4302641a1a351fe6bbf70cbe947f,60.149,24.9843,00000000fffb8cf0,10.78
81,2019-08-01T12:07:00Z,2f15975796a305e1d7cf6f052465dfec7c323259683223a154c011a4,60.16829,24.94214,00000000afef4555,5.41
82,2019-08-01T12:07:00Z,2ff20eab36017d25d6e07f99f7eab3a9d242040bb215f9e331d2fd04,60.17002,24.94407,000000006b087f40,18.79
83,2019-08-01T12:07:00Z,30fde4fbc908b3e2830bcef5b7d84a132cd21e3c61c67f32cd96c204,60.16829,24.94214,00000000afef4555,31.5
84,2019-08-01T12:07:00Z,325d82788610f52eae56f0843ef40b0f258659ed328ef4801063bb32,60.16075,24.95883,00000000f1124bca,14.89
85,2019-08-01T12:07:00Z,336a7e78d12e188027adb5f181b8bf0c306640743df45bae66acc669,60.16629,24.95957,00000000fb7600be,13.75
86,2019-08-01T12:07:00Z,33de28f59f4c89d3396a3db501979563886835d6343f933d220611d8,60.16829,24.94214,00000000afef4555,25.36
87,2019-08-01T12:07:00Z,34c55cd183775908cf51031619d12a46b4a7661e0d9843fd305e295f,60.17002,24.94407,000000006b087f40,9.92
88,2019-08-01T12:07:00Z,34d03b05c53ef10a6013b24d430af3e62d8ff417bd49351c0819dba8,60.16762,24.95415,000000006b44cce7,4.5
89,2019-08-01T12:07:00Z,356400e3a4e222244cccf34acdf304f803017e4141a9ef15920641b9,60.16829,24.94214,00000000afef4555,21.87
90,2019-08-01T12:07:00Z,356c147fbbd9fb34699ad84d8d1c5a247666c030ecd5db221e0376bf,60.16075,24.95883,00000000f1124bca,7.05
91,2019-08-01T12:07:00Z,35a2031f5f17b5bb23dc611cac12650cc868bd9967e3e2d0064d405c,60.16448,24.97323,0000000053c6c2be,21.87
92,2019-08-01T12:07:00Z,365f8e24253e12754996923698946d17ef77ebb5f8174f8644d290b6,60.14947,24.91438,000000004ef3150d,16.1
93,2019-08-01T12:07:00Z,36de67b11103f4830613c5242a76e0b5a9fbc74b0f6d23300f54ddcd,60.16897,24.95222,00000000aa852af1,17.4
94,2019-08-01T12:07:00Z,36fec5702b9a7144085e9d63c7e58e152172162bddfb08140c82fa98,60.16075,24.95883,00000000f1124bca,5.91
95,2019-08-01T12:07:00Z,3713ba52f121bf6d45032535d9c050c1f1de3f86dc56ff8ec80fee6b,60.16448,24.97323,0000000053c6c2be,9.92
96,2019-08-01T12:07:00Z,3768569158b46146b970062c5572f03a8cebe9b6b6f17991c987d912,60.17002,24.94407,000000006b087f40,12.69
97,2019-08-01T12:07:00Z,3869792f079bcc402d0ad2439ee3b73bfeabe99d092a02200c8f1ab4,60.16897,24.95222,00000000aa852af1,29.32
98,2019-08-01T12:07:00Z,38e871ea5a85af80789cc550d44845f95a49b5b8c83519331459965b,60.17065,24.93641,000000000f4919c9,17.4
99,2019-08-01T12:07:00Z,397f0d0ca63167f07fbb50a53b431cd8967143691d252ea1dcbb673c,60.16897,24.95222,00000000aa852af1,4.11
100,2019-08-01T12:07:00Z,3aa52dd6d90ce23e5409151f7453908e57b6275fc26f518c0879d832,60.16629,24.95957,00000000fb7600be,14.89
101,2019-08-01T12:07:00Z,3b48796ef6dc89a3a5451dd80ceef43637e1f2abc3371c678cb7377f,60.17918,24.95141,00000000675d5200,3.4
102,2019-08-01T12:07:00Z,3e205fe3e7bb652ea4330ff26aafb690e4462b5ae9bc07e638022bb4,60.16897,24.95222,00000000aa852af1,20.28
103,2019-08-01T12:07:00Z,3e3ca03a2f1e64292ba7254c92726980a23be85e8e096f7b62815805,60.17918,24.95141,00000000675d5200,16.1
104,2019-08-01T12:07:00Z,3e4206ea90c02ff9c06f664f6f001e577823834f7d9d636dc9124a6e,60.16531,24.9442,00000000fdda10fe,25.36
105,2019-08-01T12:07:00Z,4023774f5e41f76e4e64ed7739969d533a8419799e3eeb9b896d540f,60.16829,24.94214,00000000afef4555,9.92
106,2019-08-01T12:07:00Z,407bfa96eaabf88748df164375ef1128fb299d8a08a9f4b648aa3907,60.16829,24.94214,00000000afef4555,2.3
107,2019-08-01T12:07:00Z,407f1400f590222aec2c74851c59d0fab119f01e25f32fbae44eb993,60.16829,24.94214,00000000afef4555,5.91
108,2019-08-01T12:07:00Z,408d9e01a6bd7253b55c6b12a4f6d34bc13a993d89ed07ce7e2daedf,60.149,24.9843,00000000fffb8cf0,17.4
109,2019-08-01T12:07:00Z,413f98a575c4c30df01e370874903e39f9236f2d9f5bc784df648dc9,60.17918,24.95141,00000000675d5200,16.1
110,2019-08-01T12:07:00Z,41c986922b1ee7420bd4c955f21f9fdf2ee1acb6d5d6a2d25bcb8395,60.16829,24.94214,00000000afef4555,14.89
111,2019-08-01T12:07:00Z,423aeb69382e18c008a5960dba96446d8e2fc19d6867a51632b5ada4,60.16897,24.95222,00000000aa852af1,17.4
112,2019-08-01T12:07:00Z,4250be7b81077c58ded36279dd63f2e780de8f79a065138c6f354bf3,60.16531,24.9442,00000000fdda10fe,2.3
113,2019-08-01T12:07:00Z,42844e90c7134ebb3ec325f57cd27cd24711c779548ebc8692a820d5,60.14951,24.92138,0000000006dd41f6,3.09
114,2019-08-01T12:07:00Z,439d50acd8a8c6e5fb07462972713aa40aa3735e4ea03fe0cecac719,60.14947,24.91438,000000004ef3150d,18.79
115,2019-08-01T12:07:00Z,4570a98e43f0e8d836ab94cb7d0b84a87dfc9f0c49c73e0078fe20ac,60.17002,24.94407,000000006b087f40,17.4
116,2019-08-01T12:07:00Z,4582102bf4efb32508af491588263b55fd8ea293f8ebb2b6649d3996,60.16075,24.95883,00000000f1124bca,5.91
117,2019-08-01T12:07:00Z,49b9fd7be5e17a5056ee2d377fb8eb89b277ae199eb965374a1d01ab,60.17918,24.95141,00000000675d5200,9.12
118,2019-08-01T12:07:00Z,4b881de3a4b67c0f930ea62c3b8c59f0b01ad14a83253e752d241db4,60.16762,24.95415,000000006b44cce7,9.12
119,2019-08-01T12:07:00Z,4bc7598aeff62e9d07c0bc836c9fbf0baefad89b0784e0422522ce01,60.16829,24.94214,00000000afef4555,29.32
120,2019-08-01T12:07:00Z,4c13109287791d868e0c42c252bc4f445f061d28a565a3bbcd742b9e,60.16829,24.94214,00000000afef4555,5.41
121,2019-08-01T12:07:00Z,4d29e8cfd202c7f8ddc5d21966d34a908dd4aa28ef39be86711f4bda,60.16531,24.9442,00000000fdda10fe,20.28
122,2019-08-01T12:07:00Z,4daa4f7292ab15dfb820a7a0573a07d440c435ca9a5e11b751bc0c35,60.17065,24.93641,000000000f4919c9,20.28
123,2019-08-01T12:07:00Z,4df3889146c4172bb740b9f74e73332af3071a63b0e7c71ab06fb12c,60.16829,24.94214,00000000afef4555,20.28
124,2019-08-01T12:07:00Z,4eddc8cc484d71ccfdab79a38fb3d547418c12fd3c9391f28dac0853,60.16762,24.95415,000000006b44cce7,5.41
125,2019-08-01T12:07:00Z,4fa20a54b7e4d513b0fd7f3c449068f552c138ac56d59cd2ea5fe1f7,60.16897,24.95222,00000000aa852af1,12.69
126,2019-08-01T12:07:00Z,50bbdb652dea6aaa554ea5e09ce0ccdb1a20047c2988754de2cea522,60.16829,24.94214,00000000afef4555,13.75
127,2019-08-01T12:07:00Z,50ea2710b28d04de8b2f112845fce01486596ba976e028c78e78ba8a,60.16897,24.95222,00000000aa852af1,16.1
128,2019-08-01T12:07:00Z,51ad3f1d98776fee9364a0c437e7e40d1744616722487590bfd83147,60.16762,24.95415,000000006b44cce7,4.11
129,2019-08-01T12:07:00Z,54aec80f83440c64d4d326b4e132046c74f1427fff9bbbb689026132,60.16762,24.95415,000000006b44cce7,13.75
130,2019-08-01T12:07:00Z,55691c2fa557aa434c9188ad5352168ca06a9ebe5fca837529332c36,60.16829,24.94214,00000000afef4555,7.69
131,2019-08-01T12:07:00Z,560be4bc0cca412b68d5abb9da0e94a78528f0e37f2eb4229d268656,60.16762,24.95415,000000006b44cce7,5.91
132,2019-08-01T12:07:00Z,5727cbc429ef803401aa6875b875642c1265126d0d95896007224541,60.16544,24.95398,0000000038d83d41,27.28
133,2019-08-01T12:07:00Z,584cb0b0cdd14e608c8b57c8aecc9826f9b40027e365e2438a444ea2,60.16762,24.95415,000000006b44cce7,10.78
134,2019-08-01T12:07:00Z,58530856fb85f22fcad373c79a5e8db199099d684bb18a6cb46415c4,60.16829,24.94214,00000000afef4555,21.87
135,2019-08-01T12:07:00Z,58aa6a391a61460b1bc0d5805c5bef3516cf5f66dc0f680e78ad35df,60.149,24.9843,00000000fffb8cf0,3.4
136,2019-08-01T12:07:00Z,58c88bb9de9bca5f85bea77e166b49a9dd401118f1497530f41aa26a,60.16897,24.95222,00000000aa852af1,9.12
137,2019-08-01T12:07:00Z,5a4d78b6d7418a0dc7387b93d636aebf288f9fdc4a59a46d8a1ead99,60.14947,24.91438,000000004ef3150d,14.89
138,2019-08-01T12:07:00Z,5aac07a12f08c485afdd32f903cd8a42561e4a1ed4bce253403470cc,60.16762,24.95415,000000006b44cce7,7.69
139,2019-08-01T12:07:00Z,5af280c6994c089d639b7df44723bce8151a8b7fa7b4ab519f366b68,60.17065,24.93641,000000000f4919c9,21.87
140,2019-08-01T12:07:00Z,5b26cb0328976a0f7403b1598b5c8f237b6363d1a4a78b6e4539ff3f,60.16829,24.94214,00000000afef4555,12.69
141,2019-08-01T12:07:00Z,5bc6f08f757663003561dba2e9efd6e249fcaacd99f7f0aaeee52ff8,60.16897,24.95222,00000000aa852af1,27.28
142,2019-08-01T12:07:00Z,5cfff46403df43e80dff885d2a4c46e3ba49d402803c6b029e790d14,60.16897,24.95222,00000000aa852af1,20.28
143,2019-08-01T12:07:00Z,5ee9adf0fb458ff04ef4b628c1f744bf4444404f8db46063b740f955,60.16544,24.95398,0000000038d83d41,36.27
144,2019-08-01T12:07:00Z,5fb3577b5225100c473fff61d1217df59b496e7fee7a821e7b02ba7c,60.16762,24.95415,000000006b44cce7,11.7
145,2019-08-01T12:07:00Z,606710c0232415f3bff402479a88aee5e6c2a55c5126176b426217f0,60.17002,24.94407,000000006b087f40,25.36
146,2019-08-01T12:07:00Z,61609b62bcc3f8fe43282c196541201f33df4350c8d03a05273d73e5,60.16075,24.95883,00000000f1124bca,25.36
147,2019-08-01T12:07:00Z,619ff93126d9646f035816a871fdb5e81e1be569782cadc6b635e6cd,60.16762,24.95415,000000006b44cce7,25.36
148,2019-08-01T12:07:00Z,62b6f2542546821fe02f2d24e017a0117b1b0228c93e4e1e1decc4be,60.16762,24.95415,000000006b44cce7,9.92
149,2019-08-01T12:07:00Z,6302f18a8185608260855c0b0f5ce77147bf59f718a6455822e13675,60.16762,24.95415,000000006b44cce7,7.05
150,2019-08-01T12:07:00Z,630d68d670f9d320ca182ea39f128d120eb67da5e59d5e2fc890d768,60.16762,24.95415,000000006b44cce7,9.12
151,2019-08-01T12:07:00Z,633b905e2fcfeb8fc5eab9a132b038a693cdb7d905eab949f2f90fa9,60.16629,24.95957,00000000fb7600be,27.28
152,2019-08-01T12:07:00Z,6460baa2ab21db1c0468523c8993ab6fa38519409933bbb725f3e624,60.15432,24.9211,0000000019fb59c4,7.69
153,2019-08-01T12:07:00Z,647244a78e59264dec888aa5923f5fbbf0ed7645ac8c5fe7e3183c9a,60.16629,24.95957,00000000fb7600be,9.92
154,2019-08-01T12:07:00Z,66f23938cc56a08145f913024c34bb5d21ba783b2a7eb39b1da1231e,60.16448,24.97323,0000000053c6c2be,23.56
155,2019-08-01T12:07:00Z,691f113389b6d758bb4032d74d6ec690d15359430ede818447408033,60.16544,24.95398,0000000038d83d41,25.36
156,2019-08-01T12:07:00Z,6962dc089c12f10e47115051bea815592df2384f495f8d24312bea11,60.16531,24.9442,00000000fdda10fe,31.5
157,2019-08-01T12:07:00Z,69bb0e6d94f295ae2c503ed912ef15e4500ffd8afcd1cf1fe1391060,60.16544,24.95398,0000000038d83d41,23.56
158,2019-08-01T12:07:00Z,6abe3f394b4a3f6e43c35097218e9a73456f2b18fcdcd99862396ff7,60.149,24.9843,00000000fffb8cf0,31.5
159,2019-08-01T12:07:00Z,6c2fc746fdf79ce03b035e63d10b12dec804c5afe1ef9402d535fd60,60.16829,24.94214,00000000afef4555,14.89
160,2019-08-01T12:07:00Z,6d11f81939417547f8a76ffcb293a508b70e3c41007a6c4d8930ffe9,60.16448,24.97323,0000000053c6c2be,17.4
161,2019-08-01T12:07:00Z,6df9ebe36a158583f509a04dfeb2a621d5e454d838b558f23936643e,60.16897,24.95222,00000000aa852af1,23.56
162,2019-08-01T12:07:00Z,70accbcdb62ead9330c03719f149070a5e410a2467ba60c8ff4bfdea,60.16629,24.95957,00000000fb7600be,17.4
163,2019-08-01T12:07:00Z,70d41711456100f064c2d98c584830ebaf0cdfe71aed789a64ee6f4f,60.17918,24.95141,00000000675d5200,7.05
164,2019-08-01T12:07:00Z,7135842433a9da685468b7d834ea0e3371d0ead6acf35ceffc74536d,60.16762,24.95415,000000006b44cce7,17.4
165,2019-08-01T12:07:00Z,72a44a43a67e4f49843b5636b7babbf340cc71392eef4ecff5b0730a,60.15432,24.9211,0000000019fb59c4,21.87
166,2019-08-01T12:07:00Z,72ada64a130204eb2ec072cdc4e4daf4d1efb4da7f01c34560b9775c,60.16448,24.97323,0000000053c6c2be,18.79
167,2019-08-01T12:07:00Z,72b0f4cdeac55ec2e49da5c15a10f77ac18405d97ddfd4522fb6f75c,60.16544,24.95398,0000000038d83d41,18.79
168,2019-08-01T12:07:00Z,7355b16404ad998718e3a80620058bd06ff1e75ab514a47e4583cb91,60.149,24.9843,00000000fffb8cf0,1.38
169,2019-08-01T12:07:00Z,74082a84e13a42853fb30dfa6f11e966e6a7542b8639c2c9bf372d1a,60.16762,24.95415,000000006b44cce7,2.8
170,2019-08-01T12:07:00Z,74df363bb864cb70a7e524e52102041eef685ef7ebbfb45016215d6d,60.16075,24.95883,00000000f1124bca,5.91
171,2019-08-01T12:07:00Z,74ee80654832550fcb11de70f7d71df63d637fa8633b2fceb1c28c6c,60.16629,24.95957,00000000fb7600be,12.69
172,2019-08-01T12:07:00Z,76af05dc87ae14a6a6abd951105d27103a4afbb0f8ba4d772b588e61,60.16829,24.94214,00000000afef4555,17.4
173,2019-08-01T12:07:00Z,77882bc0ca24ba755e71d45941a0ac4459bf33424c3a937881a89f3a,60.17918,24.95141,00000000675d5200,5.41
174,2019-08-01T12:07:00Z,77a066fb053e45727b1eef80464d529da1e48b1040355419963a36a0,60.17918,24.95141,00000000675d5200,9.92
175,2019-08-01T12:07:00Z,77a0f094bf5fcbf9c2d27fbfb0852889f589a9797ccdcd4948edc1a2,60.16829,24.94214,00000000afef4555,21.87
176,2019-08-01T12:07:00Z,77a3fcff0d02bfa192203e4e227238386480e79790be7388585cc666,60.16829,24.94214,00000000afef4555,21.87
177,2019-08-01T12:07:00Z,77c412a7cb63c7cb5639a61fcca085a3dc47dfdfa1679d8319c24a14,60.149,24.9843,00000000fffb8cf0,17.4
178,2019-08-01T12:07:00Z,77d064c1c6c0c68458e02b3e59746e8fb9c4684ebfc9219840fcb812,60.16829,24.94214,00000000afef4555,12.69
179,2019-08-01T12:07:00Z,78d71c0287778c159b219f429d2e96e1f4edc6c5854532f49b7e1f49,60.17918,24.95141,00000000675d5200,25.36
180,2019-08-01T12:07:00Z,7cd51189de07d01882cf0a9346f0830a9b21764875334d45e143fbd5,60.17002,24.94407,000000006b087f40,16.1
181,2019-08-01T12:07:00Z,7dcc49af64098aedce91e4af0369c17775daa76130c438c68dd54023,60.16448,24.97323,0000000053c6c2be,17.4
182,2019-08-01T12:07:00Z,7e14e9a8ca02ae8f911febca89c231e699d1c62487eee0857c25ad4b,60.16762,24.95415,000000006b44cce7,9.92
183,2019-08-01T12:07:00Z,7e15f7b1db3e17a0f79082fd3fbb5ee5e13580e0ad1a86cc4baeaf7a,60.17918,24.95141,00000000675d5200,5.41
184,2019-08-01T12:07:00Z,7ef5fb89229717324aff0f555bd3601dcdc631bb316e91a5f8f9032b,60.16762,24.95415,000000006b44cce7,10.78
185,2019-08-01T12:07:00Z,7f9a962210b074028e15ce74e304e3ababd8d5aef8e3ebd9862a0a36,60.149,24.9843,00000000fffb8cf0,29.32
186,2019-08-01T12:07:00Z,7fead7453cdf01c82d0348fc911c09e255d5f170f0b74b5406ccccb0,60.16531,24.9442,00000000fdda10fe,3.09
187,2019-08-01T12:07:00Z,82b77e370197c154a5433eb42203905079c6ccf3c0aa3e5eda47d397,60.149,24.9843,00000000fffb8cf0,3.74
188,2019-08-01T12:07:00Z,82d700d307903efc9508111e8de6736cea50a4ddacef4e309819432a,60.16531,24.9442,00000000fdda10fe,25.36
189,2019-08-01T12:07:00Z,83098b3db4927f3e861467b94f780a0a84bc61379dfb9291533427e6,60.16075,24.95883,00000000f1124bca,5.91
190,2019-08-01T12:07:00Z,835750ae9c30e8ae68faab085d4008c1f140f01b71aee8753f7af9e6,60.18203,24.91341,00000000342570c2,9.92
191,2019-08-01T12:07:00Z,851db31bf27ec5ddb4463b0cd2d25fdde789b93217981c52287947fd,60.16829,24.94214,00000000afef4555,10.78
192,2019-08-01T12:07:00Z,85595671d86801846e4bcb4dc1ee02613867ea2dbbdc83df83d42c9e,60.16829,24.94214,00000000afef4555,4.94
193,2019-08-01T12:07:00Z,85a76c8df41a28d43ba3f03454e1957727fcddf04ee98af747c82404,60.17918,24.95141,00000000675d5200,11.7
194,2019-08-01T12:07:00Z,85c7f6608b238dcb5c489c8f4374e042949173c6222a65305c123004,60.16448,24.97323,0000000053c6c2be,25.36
195,2019-08-01T12:07:00Z,869debb543d9cfbe669d0b49c826b26a141565c895e009431094f0d9,60.16829,24.94214,00000000afef4555,16.1
196,2019-08-01T12:07:00Z,86ea57f3b05da43731c8da5d40b49d3b35a6a400a59243122e255f75,60.17918,24.95141,00000000675d5200,21.87
197,2019-08-01T12:07:00Z,878710cbd736c37f0bebed3a8cbb7fe9db1c2b8b32f53b7821072dbc,60.149,24.9843,00000000fffb8cf0,14.89
198,2019-08-01T12:07:00Z,87cae2d4b11a8f6e53b0bd9a930e52c1f5ae60da5b305ef78bba5ae0,60.16629,24.95957,00000000fb7600be,14.89
199,2019-08-01T12:07:00Z,882fba6f4e7213ca0d2572b3e3d73b12e0b9e46576486a15fb4d4ab5,60.16075,24.95883,00000000f1124bca,3.09
200,2019-08-01T12:07:00Z,892e0ecda1eaa212332c8f61846c3143750079e99baab7139a14450d,60.16762,24.95415,000000006b44cce7,10.78
201,2019-08-01T12:07:00Z,89f89bc961f4b06c6a3ef3eea5201a8b601e73280d08bf427406da7d,60.149,24.9843,00000000fffb8cf0,16.1
202,2019-08-01T12:07:00Z,8afddaf2f905d398a489af3505337204a31c8b431fe7af64a0995a6d,60.16897,24.95222,00000000aa852af1,21.87
203,2019-08-01T12:07:00Z,8b9c2b7b11d337710681eccb821776a6ab4344bd14ec6ec9e700aa4a,60.18203,24.91341,00000000342570c2,23.56
204,2019-08-01T12:07:00Z,8d22772f26af979fc1fcf113207296d11801cbfe605759631d20a158,60.17065,24.93641,000000000f4919c9,0.34
205,2019-08-01T12:07:00Z,8e6235e95562df5a843f9cd2468089eafb8fabb4545832ce07a2de17,60.17065,24.93641,000000000f4919c9,18.79
206,2019-08-01T12:07:00Z,8e9732271fb759794372c1b8f18a3a9e0b8ef8fee4d0bb1cefa06a49,60.16075,24.95883,00000000f1124bca,8.38
207,2019-08-01T12:07:00Z,8eeba5345cd99c40b2bedd8c6d5dd8b8503db2dfeeeb0bc971d4f02f,60.16762,24.95415,000000006b44cce7,20.28
208,2019-08-01T12:07:00Z,8f6d76cf3edf3a759949fcb1196e5b1787f0157b8b4b6445dfd7ed59,60.16762,24.95415,000000006b44cce7,7.69
209,2019-08-01T12:07:00Z,8feb3892f9e9fbc94f364a1f8950a9ae476bd4365faa2be969e888ad,60.16762,24.95415,000000006b44cce7,12.69
210,2019-08-01T12:07:00Z,90b090495d8b252ac19f57fcc1526218abd2257a565edab3b2094748,60.16897,24.95222,00000000aa852af1,4.11
211,2019-08-01T12:07:00Z,911df21962737c354493fd01c76c93070e1f5dccfdb5803c5f1eddb0,60.16762,24.95415,000000006b44cce7,13.75
212,2019-08-01T12:07:00Z,9127fdd63fa1ced028d226c390ee45e7d242d11e453fa723aba92264,60.15432,24.9211,0000000019fb59c4,20.28
213,2019-08-01T12:07:00Z,916289c62e07bb0ce5047c917513a8e702b4360aeb16b3c00edfcc24,60.16762,24.95415,000000006b44cce7,5.91
214,2019-08-01T12:07:00Z,9223303bb98d4364e84df6e1af9d497fe42fed95faac6d5131c619b6,60.16544,24.95398,0000000038d83d41,13.75
215,2019-08-01T12:07:00Z,929a4dabd596b680edcd2e14fd54de40868107c98001b91a5fee619b,60.149,24.9843,00000000fffb8cf0,11.7
216,2019-08-01T12:07:00Z,92d487ffba3e044718f3e4bda2782e06a6581e103142fe6f3991228f,60.16897,24.95222,00000000aa852af1,7.69
217,2019-08-01T12:07:00Z,92f542864595122564806406da3bd1a6193212117d756c4bef2701ab,60.16829,24.94214,00000000afef4555,25.36
218,2019-08-01T12:07:00Z,92ff4415e2b3c7606cbaf2a677edb3e074c6335dcb311f3eeb9c981a,60.16448,24.97323,0000000053c6c2be,13.75
219,2019-08-01T12:07:00Z,941ae9ee7e3b81b7cee350c534d24d49294910aaccfec7cf9a38fb2d,60.16629,24.95957,00000000fb7600be,20.28
220,2019-08-01T12:07:00Z,947bad8a475b3e7056b9fcec57b2c6c5e896ca7bdc4a9c84c190c479,60.16075,24.95883,00000000f1124bca,9.12
221,2019-08-01T12:07:00Z,9626a20420660fa79004f7d1cabfbfb6c429967cf7532fc4b49c3fdc,60.17918,24.95141,00000000675d5200,13.75
222,2019-08-01T12:07:00Z,96f371823690d779d81626c6b5204be04d96a1f70a11420444b9882b,60.17002,24.94407,000000006b087f40,23.56
223,2019-08-01T12:07:00Z,97168e77db8594e9335dc57f87a1a71d032f4812d086dd6a35452f9e,60.16762,24.95415,000000006b44cce7,10.78
224,2019-08-01T12:07:00Z,99a026b5100e23129fa529e9a57a3dbc8490dc03b58f2193f03e2dcf,60.14951,24.92138,0000000006dd41f6,6.46
225,2019-08-01T12:07:00Z,99b72e43ce45aafb58b3ad2ba111626afd1c5a7147ab71fe233b2ade,60.16531,24.9442,00000000fdda10fe,13.75
226,2019-08-01T12:07:00Z,9a13a9f87a7c747b48d3414db7c621b511d3f17444b882859229fb77,60.16075,24.95883,00000000f1124bca,3.4
227,2019-08-01T12:07:00Z,9a86e210b41d4dc5fcc1282dde294d196805c73eb41d320cb39ce615,60.17065,24.93641,000000000f4919c9,17.4
228,2019-08-01T12:07:00Z,9ca42993c57b319fc48a3cb4fb00b8f7014802e65b52a76dcc32341d,60.16629,24.95957,00000000fb7600be,7.05
229,2019-08-01T12:07:00Z,9cc6ba434deba12eee5dc05411611e50602d40193601c9057eacd775,60.17002,24.94407,000000006b087f40,20.28
230,2019-08-01T12:07:00Z,9d39ab81b0ac6563a4094f38bf169d099d34dbfb2b86fbde28d89d71,60.16075,24.95883,00000000f1124bca,3.74
231,2019-08-01T12:07:00Z,9e7d8dd3217e08eb47b3deff5a691cf9e2771b2a2b8df1d210409b01,60.16448,24.97323,0000000053c6c2be,17.4
232,2019-08-01T12:07:00Z,9eb2333c206fd9f953d99fe00478e8483e116075a052cc280a08a1e4,60.16829,24.94214,00000000afef4555,1.54
233,2019-08-01T12:07:00Z,9fe6a71a26aab711acb020b443798c3ddc9e4268eeafc132de872e33,60.14947,24.91438,000000004ef3150d,23.56
234,2019-08-01T12:07:00Z,a0c49e6f20a5f29e316ccc48a099a247eb577536f8e3bde15fcea457,60.16075,24.95883,00000000f1124bca,9.12
235,2019-08-01T12:07:00Z,a115946cb047bb9de6ea911ab9dbc9ed4f3a9d3a0b0d56e3b5c35938,60.18203,24.91341,00000000342570c2,7.05
236,2019-08-01T12:07:00Z,a12383322a0d363162b9c88e52ea7da2e86174ecad4effb27d51912a,60.16075,24.95883,00000000f1124bca,10.78
237,2019-08-01T12:07:00Z,a174f1a4c712ba77523db1c6657dee3cbd93b29cd1219e15938da32a,60.16531,24.9442,00000000fdda10fe,10.78
238,2019-08-01T12:07:00Z,a366842b5a5f95b1da059642578513fff8a774874fbf2b5ffa0733a1,60.1538,24.95595,0000000038bf9618,25.36
239,2019-08-01T12:07:00Z,a36f47887ad578d926301eff3dba7f146fea09fb1d54ea3d65e8ba4d,60.16075,24.95883,00000000f1124bca,6.46
240,2019-08-01T12:07:00Z,a38c11c450b472b9dad2f076e2d9a63651292d3de806331d06af7f46,60.16531,24.9442,00000000fdda10fe,25.36
241,2019-08-01T12:07:00Z,a3d8af73cfe313f32a5960dc7b1994ac88c77e00d90c4b8df0903278,60.14947,24.91438,000000004ef3150d,10.78
242,2019-08-01T12:07:00Z,a46127d7fb3ef52e6ecc4005a06f809fbdcac97a8a589e814380eb6d,60.17002,24.94407,000000006b087f40,29.32
243,2019-08-01T12:07:00Z,a4693917c926eccf0cff65dd2e21751a2b8bc4995643f38678ed24c7,60.15432,24.9211,0000000019fb59c4,9.92
244,2019-08-01T12:07:00Z,a4a0f4afd2541246505e9bccf494c4284f55f636b7987cd647c06471,60.16762,24.95415,000000006b44cce7,3.74
245,2019-08-01T12:07:00Z,a53d502c15f781695cd5b0b1d39724d4d52a22c863897c56d7ea74bc,60.149,24.9843,00000000fffb8cf0,3.4
246,2019-08-01T12:07:00Z,a5a021d73fda44e61d4140a814e29515a220fd624d756ded20531997,60.14947,24.91438,000000004ef3150d,3.09
247,2019-08-01T12:07:00Z,a613b56316bfc8afcc1ff25f48f4c67b34087cf67d1ee4863435be49,60.16829,24.94214,00000000afef4555,17.4
248,2019-08-01T12:07:00Z,a6b6df39346560cd05bd7b36f5fbad5accbf9b15f1f140e96b3998e0,60.17918,24.95141,00000000675d5200,3.09
249,2019-08-01T12:07:00Z,a7db758dce2c284414a35d776fc4d97527e9d399ab23ad28d8ccbd8f,60.16897,24.95222,00000000aa852af1,9.92
250,2019-08-01T12:07:00Z,a89564405e129364c32e65fb83524388e750f65b48e252591364ce8a,60.16897,24.95222,00000000aa852af1,29.32
251,2019-08-01T12:07:00Z,a9496fc64b4c29bbeddb3449ccaf5c9236fd09314a397ae830499dbf,60.16762,24.95415,000000006b44cce7,6.46
252,2019-08-01T12:07:00Z,a99775bac855bf5f95c913cf6076c3d13349acc8827af324d34fdd1c,60.14947,24.91438,000000004ef3150d,23.56
253,2019-08-01T12:07:00Z,a9dcfee59712b3d9bc41794fef18778e3b9e6be1654c907fd1da840e,60.16897,24.95222,00000000aa852af1,20.28
254,2019-08-01T12:07:00Z,a9ee2aabbd32919adf0325ca2f2c5f8e0ba801bc168e8756cda957da,60.16629,24.95957,00000000fb7600be,18.79
255,2019-08-01T12:07:00Z,abd9a1a6315781664de1e313c870729bb0f7f24379b568d80048fb7b,60.16829,24.94214,00000000afef4555,16.1
256,2019-08-01T12:07:00Z,ac8e9cea6340a602a72c730b0b6f742d7cf7d50457d9b0867e766fc8,60.16829,24.94214,00000000afef4555,14.89
257,2019-08-01T12:07:00Z,aef149cf4f0bb5a7d7b2112afc51648115861b9cb057d039991436e6,60.18203,24.91341,00000000342570c2,20.28
258,2019-08-01T12:07:00Z,aefdafd2d2b78888414dcda55c4d482b231edfdf141b343799b11518,60.16762,24.95415,000000006b44cce7,14.89
259,2019-08-01T12:07:00Z,afa44b33453142e34d8067ff5e6f943a8b9061f05e47d3fdbadc4bf5,60.17918,24.95141,00000000675d5200,7.69
260,2019-08-01T12:07:00Z,aff4b4515d909077ceec56f7275292ee6b206146b564880b3f499666,60.16897,24.95222,00000000aa852af1,18.79
261,2019-08-01T12:07:00Z,b05ae378a05c60bd210886734c99ef651a860c16baa090208c089481,60.16075,24.95883,00000000f1124bca,4.5
262,2019-08-01T12:07:00Z,b299afe9528adc2261c542788d77cdcd4a23f0d82e01583309e288ea,60.16075,24.95883,00000000f1124bca,2.08
263,2019-08-01T12:07:00Z,b35d8dc21dd251d27e07a187a99e7953130c2778a047a9d84086cdc0,60.17918,24.95141,00000000675d5200,4.11
264,2019-08-01T12:07:00Z,b4abc6be33b8fc0826bbda242f22e55dcff51940aa8e1f2bbe7743e0,60.16762,24.95415,000000006b44cce7,12.69
265,2019-08-01T12:07:00Z,b54a3b40d880ff3f7a3c2248ffc59c0066965fb1d57ae89bf271ac5c,60.14947,24.91438,000000004ef3150d,7.69
266,2019-08-01T12:07:00Z,b6c07e35af41975e8ee94ed939227da85a1cc853f6333c14f1acb4b6,60.173,24.92524,0000000096918cfa,3.74
267,2019-08-01T12:07:00Z,b75112d5e62fe58a157abe808425aab62dde06b6931361ce30ec719d,60.16075,24.95883,00000000f1124bca,3.4
268,2019-08-01T12:07:00Z,b7b8259c3c6e05c3630c37af6f73d43619d09909349d94426147938d,60.16075,24.95883,00000000f1124bca,7.05
269,2019-08-01T12:07:00Z,b7c4f8cfa03c86e05805668abf2104ed3a6b1005c5159669cee40b44,60.1538,24.95595,0000000038bf9618,21.87
270,2019-08-01T12:07:00Z,b910e6bb707755037b009c638cb04fffb7908fd133f62c05db2b9ec0,60.16829,24.94214,00000000afef4555,14.89
271,2019-08-01T12:07:00Z,b9eb9c1dd4069adf18ae7d947114c97ba1a3af1c81fa2fcb862ee47b,60.16829,24.94214,00000000afef4555,16.1
272,2019-08-01T12:07:00Z,ba046dd5dd5e384a7e576596f93aa7dee56b28a75e3edcdb21c5ff1c,60.16897,24.95222,00000000aa852af1,25.36
273,2019-08-01T12:07:00Z,bc501d7a0e4255dc16cee76a501973c63d9a5ab7520a8fcbc91ab348,60.16762,24.95415,000000006b44cce7,11.7
274,2019-08-01T12:07:00Z,bdb38202e7bf32bd5385a28b28dedf6fc565a791c2c83ad6c3203cc1,60.18203,24.91341,00000000342570c2,21.87
275,2019-08-01T12:07:00Z,bde79fb6fb9ef354087682386de443cd6b5c57f2324efe1417736db8,60.16629,24.95957,00000000fb7600be,14.89
276,2019-08-01T12:07:00Z,bebed4b33fed310f697fdfa1ddadb14e03ce371fac8c19ef8dac4b23,60.17918,24.95141,00000000675d5200,2.54
277,2019-08-01T12:07:00Z,c01048a0b65938f1b2d58ae467ce00e051bb6786338c44b7c9a67d52,60.16829,24.94214,00000000afef4555,3.09
278,2019-08-01T12:07:00Z,c02fcad5f10a2f661c28fa0a01ecea9f5f1715eccf5c67d8ac5f0e06,60.17918,24.95141,00000000675d5200,4.94
279,2019-08-01T12:07:00Z,c04a9cd0b4bfb0f46f746d09e6d9e9249de6681d46e3850a06cae164,60.16762,24.95415,000000006b44cce7,8.38
280,2019-08-01T12:07:00Z,c064295fd2861205e85dee346d014ed5f4e74d328eb63a1999112139,60.16829,24.94214,00000000afef4555,21.87
281,2019-08-01T12:07:00Z,c095ee9fae7d97c50647cc2d6d0bc7da18e69bd020f67dc46379d55f,60.16762,24.95415,000000006b44cce7,9.92
282,2019-08-01T12:07:00Z,c099745b5ce67d966f6604ab9b62854e7c453db847094ac13aeceb04,60.15432,24.9211,0000000019fb59c4,3.74
283,2019-08-01T12:07:00Z,c15d0c0e03dc027195667df730bbb05f657a02bad8cf489311e473b1,60.16075,24.95883,00000000f1124bca,13.75
284,2019-08-01T12:07:00Z,c220d1df74fa27df12aa0f470c19c8832b61b68e4716b66f7c4ec9ce,60.16531,24.9442,00000000fdda10fe,16.1
285,2019-08-01T12:07:00Z,c4181bd5c2989f1562f0d1ec81e1772cbe26ee011dad6714f6cd5652,60.16075,24.95883,00000000f1124bca,17.4
286,2019-08-01T12:07:00Z,c47af0b08e46522e0fdbd7185088aee9c76cdc01c5704e71692d12d0,60.16762,24.95415,000000006b44cce7,14.89
287,2019-08-01T12:07:00Z,c57950cd514ff00c0c4ee6fed94d588764f81f5674bfa1aad1d2e851,60.16075,24.95883,00000000f1124bca,29.32
288,2019-08-01T12:07:00Z,c636467870390aa93a23a599b1cb9135ff3b783ae3aaf5c919b63d4e,60.16897,24.95222,00000000aa852af1,4.5
289,2019-08-01T12:07:00Z,c8ad0cc3a15458bc2b922d40fd729d819c64952d94f719867f616236,60.16075,24.95883,00000000f1124bca,8.38
290,2019-08-01T12:07:00Z,c8eb5a5301624aee03c5aa50a8cde72b3d37bc6f6a0309508a0fd902,60.16829,24.94214,00000000afef4555,21.87
291,2019-08-01T12:07:00Z,ca3c07398b6d0f9af107bcac93d83f46605833cd73cd1eb5508446b5,60.16762,24.95415,000000006b44cce7,9.92
292,2019-08-01T12:07:00Z,cb0ba7a55b969023e11b9866da7b67db5b394f3c501e00451ebf150d,60.14947,24.91438,000000004ef3150d,17.4
293,2019-08-01T12:07:00Z,cb15bb89b6d921ab9d8da63397afc6c5adedd3846720bd7e76869743,60.16075,24.95883,00000000f1124bca,25.36
294,2019-08-01T12:07:00Z,cb44e5f8129667bea325c6edad24cdb182531789a256a64969d9639a,60.15432,24.9211,0000000019fb59c4,14.89
295,2019-08-01T12:07:00Z,cc2296bc8ed83eda63206db13f5a8b94e5f685eca1bfb7c3f19ff700,60.15432,24.9211,0000000019fb59c4,6.46
296,2019-08-01T12:07:00Z,cc3d50e5977444c33438f0d1de1a7380f4c59bbe19b40968794f9497,60.16829,24.94214,00000000afef4555,7.69
297,2019-08-01T12:07:00Z,cee80fefc225f152bdf5a23b7c6ae604749e150c33196f831bc4f8b7,60.16762,24.95415,000000006b44cce7,8.38
298,2019-08-01T12:07:00Z,d08d48a664b64e2e4bc7fd129d7fa7be0a1df85bb6021b44f4c0df11,60.16075,24.95883,00000000f1124bca,9.12
299,2019-08-01T12:07:00Z,d29524bcb8a805a4e0954b09960ec749f52f953999fc7b93415e509e,60.16829,24.94214,00000000afef4555,21.87
300,2019-08-01T12:07:00Z,d328e0aecd34549197e5b5edfb0366c07595244ce151325dc21ba4fd,60.16544,24.95398,0000000038d83d41,17.4
301,2019-08-01T12:07:00Z,d33e9da8497ddd3c936a4d99562a109afad96750ea24b8c9b8f8d149,60.17002,24.94407,000000006b087f40,25.36
302,2019-08-01T12:07:00Z,d5f875028f73ce2ba38ce17d0671de6486af7f60c6f78434b6062985,60.16075,24.95883,00000000f1124bca,4.94
303,2019-08-01T12:07:00Z,d913fad744cbd8d7a0c75724eaf2efc1c4824d31291a874fb9417242,60.16762,24.95415,000000006b44cce7,0.41
304,2019-08-01T12:07:00Z,d9dc0d0918ebb9788dd4698596ae14cb9c08a08ff7b1a1dc8e5ec102,60.16075,24.95883,00000000f1124bca,12.69
305,2019-08-01T12:07:00Z,dacc7d46a3c44566db9d3b0346eaa8765509d14eceb5a24203069786,60.16075,24.95883,00000000f1124bca,17.4
306,2019-08-01T12:07:00Z,dbae5136445d05381178c16450819c18ed50368f6d8eee0cbc822eca,60.16531,24.9442,00000000fdda10fe,9.92
307,2019-08-01T12:07:00Z,dc7b5eca61bf8e6badda9e44617b5dccf2a7c3b2d1757455df1d6483,60.17918,24.95141,00000000675d5200,4.11
308,2019-08-01T12:07:00Z,dcf8770da7b8ed2a948c1e1de9175b88908d8ac42d4a31849329818c,60.16762,24.95415,000000006b44cce7,11.7
309,2019-08-01T12:07:00Z,dd6a28a604bb1b7441e68d68b75fcfb175882d5a7b27d4e47ac6de10,60.16829,24.94214,00000000afef4555,14.89
310,2019-08-01T12:07:00Z,e0621e9d5ea540a1714217e8343e303583677f484ec6f43303e180c1,60.16531,24.9442,00000000fdda10fe,11.7
311,2019-08-01T12:07:00Z,e0ab5c8f5fc620fb84a8e025d46886284c59c7d0b04778717baa9823,60.17065,24.93641,000000000f4919c9,12.69
312,2019-08-01T12:07:00Z,e116b516dc51af7ad8174f35e760635e17e0290bb17222f904936879,60.16629,24.95957,00000000fb7600be,10.78
313,2019-08-01T12:07:00Z,e1a1b9d7222eff0fdc779e04051099f2b38169d8cd82885987aeedbe,60.149,24.9843,00000000fffb8cf0,27.28
314,2019-08-01T12:07:00Z,e26ce01498e54b026b8bb17d34d5eb3c9b70d8cc6dcb2ad2f3b5e951,60.16829,24.94214,00000000afef4555,20.28
315,2019-08-01T12:07:00Z,e303997b70f25457ba528ea1884159bc2e6ca6f9a7713ab138e56ca9,60.16762,24.95415,000000006b44cce7,10.78
316,2019-08-01T12:07:00Z,e4659b4d97cf3d550ab6bc33293b2c4cc0fa330e8f3fcbc96ed1ccc4,60.16762,24.95415,000000006b44cce7,10.78
317,2019-08-01T12:07:00Z,e4ae587628cda93e4bb6512d8fd6e485da0c5a46e4ea0fc520957628,60.16829,24.94214,00000000afef4555,14.89
318,2019-08-01T12:07:00Z,e5735f41992f52f2ea20385e464e2dee9568b0e67b17a76eb2722ef6,60.17002,24.94407,000000006b087f40,16.1
319,2019-08-01T12:07:00Z,e6404595df009ebfb0b1456815b29cff74f9f5119af229e320f3287b,60.15432,24.9211,0000000019fb59c4,11.7
320,2019-08-01T12:07:00Z,e6df9a8af814dfa5834d43d77577a4957f0f154b9843ecca36b54db3,60.16075,24.95883,00000000f1124bca,20.28
321,2019-08-01T12:07:00Z,e7943836341419a8691e7728e23f0f0dbde747df5f8f7f174822a7f8,60.16762,24.95415,000000006b44cce7,8.38
322,2019-08-01T12:07:00Z,e8958b7d5206fa6beff2eac1fc64e5b1145cfbd54e518c480f32d5f5,60.16829,24.94214,00000000afef4555,14.89
323,2019-08-01T12:07:00Z,e8a0f4631c87f355978658e914f2c472081f8811abeffda354026b8f,60.17918,24.95141,00000000675d5200,9.92
324,2019-08-01T12:07:00Z,ebebe15b57cbdac4c4d959501ceb240be45811e0f0d74f89e460078c,60.14947,24.91438,000000004ef3150d,41.64
325,2019-08-01T12:07:00Z,ecdace68e1f65eb87785dbf941fa20fa3a2b3effcacada387f990fca,60.16531,24.9442,00000000fdda10fe,13.75
326,2019-08-01T12:07:00Z,ed7fee49e452d0edaf3247716f36d700df03538844fada65fe7cdf54,60.16544,24.95398,0000000038d83d41,33.81
