,time,hash,latitude,longitude,serial,distance
0,2019-08-04T14:15:00Z,0baaf14b1b7a7924b64e4120c84d1f5960a661d3cd3d6b30d0d3557d,60.18203,24.91341,00000000342570c2,23.56
1,2019-08-04T14:15:00Z,0d85b598c652009b53aa870fe64aff1b95f84e796cde2c3b2ee49adf,60.14699,24.922,00000000a53ed894,18.79
2,2019-08-04T14:15:00Z,14c7e1511b70f4dd3359cbece1377aebb4d70531f5489eefe53d7c3c,60.16544,24.95398,0000000038d83d41,31.5
3,2019-08-04T14:15:00Z,1599d2c9070a6f05e1a5887c2d9209214c04818c6203fe75440734f2,60.1538,24.95595,0000000038bf9618,21.87
4,2019-08-04T14:15:00Z,211f6b7b044343d0be369791b3fa3c144d0d0f391e2a42787712efb0,60.16448,24.97323,0000000053c6c2be,23.56
5,2019-08-04T14:15:00Z,25a7ff811c3c06e426c7c2cbb0433d9a2a3399b23afecbd35584ab0f,60.18203,24.91341,00000000342570c2,16.1
6,2019-08-04T14:15:00Z,29113a3967bc167b1fd69f346c60a884baf31f91288e032e493eeac2,60.16762,24.95415,000000006b44cce7,17.4
7,2019-08-04T14:15:00Z,36b298bea3c27f30235cbc7de929f2f14ff5d457f395de64ea57b3c7,60.16762,24.95415,000000006b44cce7,13.75
8,2019-08-04T14:15:00Z,43b676ed3aef4c2d8846694817e76117873be52e7f788e0cb366c1c4,60.16629,24.95957,00000000fb7600be,23.56
9,2019-08-04T14:15:00Z,44d0b94469070803869f229601e877beb613c3f5aafa009addf97a1a,60.16544,24.95398,0000000038d83d41,18.79
10,2019-08-04T14:15:00Z,44f1947d0640fa977e6056a6b644c7fec2930ccd7ba2750d71429f00,60.1538,24.95595,0000000038bf9618,21.87
11,2019-08-04T14:15:00Z,47f7d6332f20652dbd38970d701dd6c9311cf6f61479559092e2837a,60.16897,24.95222,00000000aa852af1,23.56
12,2019-08-04T14:15:00Z,491b2670fa626c719c5624e2a013e9325dd599d02b93ca1a1b0e3416,60.16544,24.95398,0000000038d83d41,18.79
13,2019-08-04T14:15:00Z,4b842d60464228bdf8b8dfaefa4766148504b5565a809b7718dc5256,60.16762,24.95415,000000006b44cce7,12.69
14,2019-08-04T14:15:00Z,4dc50c632edb39628b706c87f03e48fbbb3e4f3ebe60fc4977610218,60.14699,24.922,00000000a53ed894,12.69
15,2019-08-04T14:15:00Z,567df3630b1c7b3174ed75181df61ded932bdb54d2eec81b73cb22e7,60.16829,24.94214,00000000afef4555,9.92
16,2019-08-04T14:15:00Z,5a80db7d2c67e0206d5c1a71ffc1e01217430c2db7ad14451803bac5,60.16829,24.94214,00000000afef4555,16.1
17,2019-08-04T14:15:00Z,5d65719c4cbf045f068d084b72302f447d5fd034413d97d13be00d0e,60.18203,24.91341,00000000342570c2,21.87
18,2019-08-04T14:15:00Z,5eed115a984d490b02b602d73787aee8dc8c4e9365b77fbff3818a76,60.16629,24.95957,00000000fb7600be,17.4
19,2019-08-04T14:15:00Z,5f18aad92859c1e50b5e41beee4a67a1d7d49602894736fbd032d878,60.14699,24.922,00000000a53ed894,16.1
20,2019-08-04T14:15:00Z,5fecff186138a9b3e31c6086c33dcd5f1d209e64f0afeed7c688cab0,60.16897,24.95222,00000000aa852af1,21.87
21,2019-08-04T14:15:00Z,6a70e2fbced719333e21eff04fcb9cb36bae9a04d1a3d6ddd96f2c58,60.15432,24.9211,0000000019fb59c4,7.69
22,2019-08-04T14:15:00Z,6f06341f358e61699fe1e55e986dd0554bc8da28b91daf0c5ad99db6,60.16629,24.95957,00000000fb7600be,23.56
23,2019-08-04T14:15:00Z,737efc92e3419e9d96a8559ec341ea7e18ba6381fd8e4de3d06f82a0,60.14699,24.922,00000000a53ed894,14.89
24,2019-08-04T14:15:00Z,79f136afa0dd8717337c01c70b457c464aaf0fa25b440f51a394ec23,60.16762,24.95415,000000006b44cce7,25.36
25,2019-08-04T14:15:00Z,7d93beb0fb40bd617a6f72b5feb2ff801d430879793160157aaf3f97,60.16762,24.95415,000000006b44cce7,21.87
26,2019-08-04T14:15:00Z,830dd864f9ea3eb93c411b7f188c92f6c750144c89f0c54664293271,60.16829,24.94214,00000000afef4555,18.79
27,2019-08-04T14:15:00Z,87dfaad29a9276ddddb1fa021d3bc23ad14824c1af16f7d87e713689,60.14951,24.92138,0000000006dd41f6,9.92
28,2019-08-04T14:15:00Z,89514d693b1bede7d473d1b7d714829147cb42615145a8351c675525,60.14699,24.922,00000000a53ed894,17.4
29,2019-08-04T14:15:00Z,89982a6acf91b79a282a6b63978e946ee205f303fcd20e944e06baf0,60.16544,24.95398,0000000038d83d41,23.56
30,2019-08-04T14:15:00Z,90d6efd3a2159b1cdb6db4003f355550d352f032d66f90e8641af30c,60.16897,24.95222,00000000aa852af1,25.36
31,2019-08-04T14:15:00Z,98239bf94ef54f747154b6cbe79cdbf3b87a27880fd23e82c8465dd2,60.14699,24.922,00000000a53ed894,9.92
32,2019-08-04T14:15:00Z,9843c6216661048343a0e49cf3d8aa2883cf77f452666a1c873a1052,60.16448,24.97323,0000000053c6c2be,21.87
33,2019-08-04T14:15:00Z,9d857805574f6cc42e08b5256cf5479cd2dcf45149c123beefb90697,60.16762,24.95415,000000006b44cce7,7.05
34,2019-08-04T14:15:00Z,a6b21dbcf0c83b09b4ad1e6b00f7d7d441da2e2a65a8760250ece5d7,60.16829,24.94214,00000000afef4555,9.92
35,2019-08-04T14:15:00Z,acd2647d413f41552b31b6e383da445c8902bc2a764d2b7791a7b164,60.16762,24.95415,000000006b44cce7,17.4
36,2019-08-04T14:15:00Z,ae556011c511e79ed2daac915308eebfe8e1f17c56850f7a1fc92ce1,60.14699,24.922,00000000a53ed894,27.28
37,2019-08-04T14:15:00Z,b33ae7715d6d2571066655c2c8954a5a364b5601869047de83410d9f,60.16629,24.95957,00000000fb7600be,25.36
38,2019-08-04T14:15:00Z,b464e4ae98771e06bae3096b0bfd83f32e6b6fa0f03f7762da9b8ee6,60.16897,24.95222,00000000aa852af1,23.56
39,2019-08-04T14:15:00Z,b5fd6b317890e5ab2d79e2cd1abe61626d45a753c7337d0d40728898,60.16762,24.95415,000000006b44cce7,10.78
40,2019-08-04T14:15:00Z,bb98768dad0f7c52cf643f035a3e7e48f5cfe28557c66f2a75914b31,60.14699,24.922,00000000a53ed894,13.75
41,2019-08-04T14:15:00Z,bd01ac8fc2992e9ca32f28c1f1b22983845e90918ba97584017978aa,60.14699,24.922,00000000a53ed894,21.87
42,2019-08-04T14:15:00Z,cc727d905612d6a2eb8c7388d62be22f5d607d4df70d5476f2d8e605,60.16829,24.94214,00000000afef4555,21.87
43,2019-08-04T14:15:00Z,cf05623e4d87ce0906c0b0b7dbf53aacc1228016cd27c341228b6e76,60.18203,24.91341,00000000342570c2,18.79
44,2019-08-04T14:15:00Z,cfc0bedb78ded52749db3188cb188bf6a250ef5990da9c5afa9623fc,60.14951,24.92138,0000000006dd41f6,25.36
45,2019-08-04T14:15:00Z,d366aa1925472f34a389921734c1777d6d7c2e812b0f284d78697edf,60.1538,24.95595,0000000038bf9618,44.58
46,2019-08-04T14:15:00Z,dbe1ab9b3adc7ade8384c4f564bd89b7373e8b0fe64da43081510322,60.16448,24.97323,0000000053c6c2be,18.79
47,2019-08-04T14:15:00Z,dbeb00942457ba3c5fb1984b57b1dedb268c0e761e80729b939f1fd8,60.16829,24.94214,00000000afef4555,31.5
48,2019-08-04T14:15:00Z,ded49640b591e73bff71f84fb99d2739eb6c9554164a015017725e03,60.16829,24.94214,00000000afef4555,17.4
49,2019-08-04T14:15:00Z,e8e366e76c97944e23c0f80b4fd3ce6e5832744922297146a49f0c7e,60.16762,24.95415,000000006b44cce7,13.75
50,2019-08-04T14:15:00Z,e96bd269a48b822b06141c3362fcb6d5ed4d0d09a120f2e4a712d5c2,60.16897,24.95222,00000000aa852af1,13.75
51,2019-08-04T14:15:00Z,ed70dda6b7faebd4340dacdb452ab224d9d3c308df417b7fa76f54e8,60.14951,24.92138,0000000006dd41f6,21.87
52,2019-08-04T14:15:00Z,f088630d7476dae7d4b7e2bb1f10575f2c89acb4b6e061f3d57c2b40,60.16531,24.9442,00000000fdda10fe,21.87
53,2019-08-04T14:15:00Z,f29ea15113ac0eea0be8ec41c633909de4b0b9ab6c7b9898b128080c,60.16897,24.95222,00000000aa852af1,23.56
54,2019-08-04T14:15:00Z,f479c155ef1f3156d0bbd79b6767609a1865b21d50c3ada449e2c421,60.16531,24.9442,00000000fdda10fe,8.38
55,2019-08-04T14:15:00Z,f6609ab1076b1105bb845595a03b41b8fbb282f79c337df5bbc9f841,60.14699,24.922,00000000a53ed894,20.28
56,2019-08-04T14:15:00Z,f91c7fdd271a21415af3df2d9f194ceeb956e22818075c7c1e2508a3,60.16897,24.95222,00000000aa852af1,18.79
57,2019-08-04T14:15:00Z,fc4f3a44235f1cfc7b53f14ba2da599976a5a0a220d23b852688e485,60.17918,24.95141,00000000675d5200,23.56
58,2019-08-04T14:15:00Z,005609df2b68b578e4a168bfc3595f68a35a9f71959e70f1bc2e2598,60.16762,24.95415,000000006b44cce7,8.38
59,2019-08-04T14:15:00Z,0278ef1418110701122d82279a8ba2df97ecd9e5e7e2fe13488968a2,60.16531,24.9442,00000000fdda10fe,2.3
60,2019-08-04T14:15:00Z,028c13e6f971841b599e2f949cadc22766c08ff1c74733fa28295514,60.16829,24.94214,00000000afef4555,17.4
61,2019-08-04T14:15:00Z,02978cd5cb7127a718d3d775079ab940a3e81885ce6106495cca5ee4,60.1538,24.95595,0000000038bf9618,17.4
62,2019-08-04T14:15:00Z,02c3f5641fe788fc54f35f426fc584887313d519fcb8cff7378ff6e4,60.16448,24.97323,0000000053c6c2be,10.78
63,2019-08-04T14:15:00Z,0413805762399525f916572e0de4852c934500b4a8465ac67a535d41,60.16762,24.95415,000000006b44cce7,14.89
64,2019-08-04T14:15:00Z,042efa2cd076bb75375fce902051ef135b035fb4789d0b4337028228,60.1638,24.96846,00000000d747f075,25.36
65,2019-08-04T14:15:00Z,049c12daa60f0c0f55285ba4057a715119d372f4279e9d662d0f2437,60.14951,24.92138,0000000006dd41f6,25.36
66,2019-08-04T14:15:00Z,058630fcd940fce960a2053544d30633f9692ee4e5b1e9710662fab5,60.149,24.9843,00000000fffb8cf0,23.56
67,2019-08-04T14:15:00Z,05d7e13f4baf6b275614ebdc4a513196f5135da39add1d6fe73ec5f9,60.16531,24.9442,00000000fdda10fe,9.92
68,2019-08-04T14:15:00Z,07d285243b1a01be1db931e4f94641446a6e251dc22babf61ac55e06,60.16762,24.95415,000000006b44cce7,12.69
69,2019-08-04T14:15:00Z,0939c029de925830ae67b8ff89226c06c83deb2347a66c4eed9857a0,60.17065,24.93641,000000000f4919c9,17.4
70,2019-08-04T14:15:00Z,097f3a694a4d7e7cd52fe7f04a03018b0335fa014ed5103562e7df89,60.149,24.9843,00000000fffb8cf0,33.81
71,2019-08-04T14:15:00Z,0ad3c855a2c49bb8e7424e22b65f348e2ed5eb12db392fd929bf3f2a,60.149,24.9843,00000000fffb8cf0,20.28
72,2019-08-04T14:15:00Z,0b704f4b94e7ab3e764b2b0db2981b21e9691f99670a969f45880183,60.16829,24.94214,00000000afef4555,7.05
73,2019-08-04T14:15:00Z,0ba86db9222481fa3d4fed90723ce74a93b6db9885d45842f645c568,60.16762,24.95415,000000006b44cce7,18.79
74,2019-08-04T14:15:00Z,0c1ece1219914b8837aaf2dee8bc7ec288733db9b83513d62cfa2e91,60.16897,24.95222,00000000aa852af1,13.75
75,2019-08-04T14:15:00Z,0e73f570b1e26edaf3aefddffa3fbba20c93fed2485dc92a0b0af364,60.16762,24.95415,000000006b44cce7,9.92
76,2019-08-04T14:15:00Z,0e8a9b6e3868580836f45c1f67b1f8f00e37c3023acc2cef5b339cc1,60.16544,24.95398,0000000038d83d41,12.69
77,2019-08-04T14:15:00Z,103001f91e9affb07c701617c66f944572722f15b384695344935dea,60.16762,24.95415,000000006b44cce7,17.4
78,2019-08-04T14:15:00Z,1106c8ce3b874c0699925b492f083869364769603d3e79c0512f63d1,60.16448,24.97323,0000000053c6c2be,21.87
79,2019-08-04T14:15:00Z,11649f90130a8ce6272900526b47aa842afc34cc119eb1bb8207ea89,60.16448,24.97323,0000000053c6c2be,13.75
80,2019-08-04T14:15:00Z,11ad4a75ed4b0b5cf3a11b2047cbed2f7a2dd5c78c959aa3c97f6ffa,60.16448,24.97323,0000000053c6c2be,11.7
81,2019-08-04T14:15:00Z,1201fe0c0159ad6a3762abb79b7d39be00070232756a5d7d9b8a272b,60.16829,24.94214,00000000afef4555,20.28
82,2019-08-04T14:15:00Z,12d0aa8b527571f9975b652996947a659fdbacbe3ce80f77d65a3b9c,60.16762,24.95415,000000006b44cce7,5.91
83,2019-08-04T14:15:00Z,143a7e89aabd1ec1a862b7a7386f4394442da03df28d2ed609146810,60.16897,24.95222,00000000aa852af1,23.56
84,2019-08-04T14:15:00Z,16636dbff4c6392fbf8b86b4f9b7459f7777c22ea91b7aab1bf22ea5,60.16762,24.95415,000000006b44cce7,17.4
85,2019-08-04T14:15:00Z,175b88e15481aab3165d4913a75aa531c774d0d7e211bb0946c37d70,60.14947,24.91438,000000004ef3150d,9.12
86,2019-08-04T14:15:00Z,17c55774b0505f288cc6b14f292666f1f4dc9b028febc0c0c3a4cb14,60.16448,24.97323,0000000053c6c2be,29.32
87,2019-08-04T14:15:00Z,1929e47a3ce2f43be01c2860a981552bd1c2b69809d252e75c032c56,60.16762,24.95415,000000006b44cce7,20.28
88,2019-08-04T14:15:00Z,1a204f4e02a7d77b6dfd0ff10415c37b1387ca0baae1a5e6f8eb10af,60.16762,24.95415,000000006b44cce7,18.79
89,2019-08-04T14:15:00Z,1a7c2ad6c275c876d733bcd7f29a026d64c30e70e52828b1722377ce,60.16448,24.97323,0000000053c6c2be,17.4
90,2019-08-04T14:15:00Z,1adf84d9071ea4b3b2ba5911ce98d106ce1fdbee55bd6d15e24b9cd2,60.16897,24.95222,00000000aa852af1,21.87
91,2019-08-04T14:15:00Z,1bcb1311c161c89f623e58a6c45a9f5592c72847cf096d4e95451480,60.16829,24.94214,00000000afef4555,20.28
92,2019-08-04T14:15:00Z,1dacfb371d75dd4f90f447aac2a00faad98beb4188a6971c19eb2375,60.16629,24.95957,00000000fb7600be,20.28
93,2019-08-04T14:15:00Z,1eb9a781a8a7c7f9fa0c1ec4ec994c4125b59813632db4cc52e5c1cc,60.16897,24.95222,00000000aa852af1,25.36
94,2019-08-04T14:15:00Z,20495e3630c6ef9520a740d4f710bf17a462e1a879ceee46c1e02f9d,60.1538,24.95595,0000000038bf9618,25.36
95,2019-08-04T14:15:00Z,2127be615e497dc260736b4e55bc457006741bc52994e17b42787703,60.16829,24.94214,00000000afef4555,9.92
96,2019-08-04T14:15:00Z,22a94f5a85cd53e991fc8f9faa033162da7828fdfee5b5c3b663717b,60.16829,24.94214,00000000afef4555,9.92
97,2019-08-04T14:15:00Z,24a68005e148b50fa32b1cb5e91a630d094705d93b1deefb9123e99f,60.16897,24.95222,00000000aa852af1,18.79
98,2019-08-04T14:15:00Z,2502b529c47b74e2727edfe3349f51f59305f176f4ee56fd7e750af2,60.16829,24.94214,00000000afef4555,16.1
99,2019-08-04T14:15:00Z,25a2ede31ed31bc40391a2f06c4b3fb8ac70575bb0cc09d2f740a8ca,60.18203,24.91341,00000000342570c2,9.12
100,2019-08-04T14:15:00Z,26c49cf26f887c529f50937cd789563c2e0bb2fa811ce4aeacf2f054,60.16829,24.94214,00000000afef4555,20.28
101,2019-08-04T14:15:00Z,26d4465f8640ec0288fdaf0e858da325de1602d7b6a5d9d7b9fa5462,60.16897,24.95222,00000000aa852af1,27.28
102,2019-08-04T14:15:00Z,28bb2bfca648eb02ab029011445504568dc97dd1f7577868445c4608,60.16448,24.97323,0000000053c6c2be,18.79
103,2019-08-04T14:15:00Z,292b65e073c7d0dabb31a749288b8dbd9ac6b1579292a6e3d36f9897,60.16829,24.94214,00000000afef4555,23.56
104,2019-08-04T14:15:00Z,29bbf6a55bbba42c371f5544df64aecebb1a8c2f163649be9a27a10d,60.16897,24.95222,00000000aa852af1,12.69
105,2019-08-04T14:15:00Z,2c2eb256b50cdae03f59bfe79a5bff1a8220417cbea509d054993415,60.16531,24.9442,00000000fdda10fe,3.74
106,2019-08-04T14:15:00Z,2c9a3b21b60c797a2cb537a690bad4e7231983ef2de14d3951a59945,60.17918,24.95141,00000000675d5200,20.28
107,2019-08-04T14:15:00Z,2e4cbbb986024b594f86c5b6f1cb9f46834774890cfc71106a28961d,60.16448,24.97323,0000000053c6c2be,20.28
108,2019-08-04T14:15:00Z,2e664fd47950d8a2fb36663343257c6796a447615d1e54ba189c02ae,60.16829,24.94214,00000000afef4555,5.41
109,2019-08-04T14:15:00Z,314ccd53edc83a5ddf71c8a27071ad783551eaabf1ecd4d3ba270925,60.16762,24.95415,000000006b44cce7,10.78
110,2019-08-04T14:15:00Z,324edef9dc0593a2fc78c9e7b6272fbd8081c59c4bde300d5ebe7b9a,60.16448,24.97323,0000000053c6c2be,3.74
111,2019-08-04T14:15:00Z,32a40b72e1e8fef433a338e569579ae9653ff1d03b3e80f011170c79,60.14951,24.92138,0000000006dd41f6,23.56
112,2019-08-04T14:15:00Z,3a87885b7194d4bfefc329b7c3b0adc570d680be6e2f9e84adc501cf,60.16762,24.95415,000000006b44cce7,3.74
113,2019-08-04T14:15:00Z,3b99763903bd37df1ad752ebe01b5f675c342923d0918deae0281145,60.16897,24.95222,00000000aa852af1,17.4
114,2019-08-04T14:15:00Z,3c07d479f246634352c587f2314666684c8a1beb2eacb8d12c588188,60.16762,24.95415,000000006b44cce7,7.05
115,2019-08-04T14:15:00Z,3cbf81a592742f7a6a4289c08658e91a39bc589d467452d9278b317d,60.16829,24.94214,00000000afef4555,3.4
116,2019-08-04T14:15:00Z,3e2613d36a8874c90dd78555c4a21a5914f218c51389fed1120e2654,60.16448,24.97323,0000000053c6c2be,21.87
117,2019-08-04T14:15:00Z,3e4ae8455d9dd64dbe5552d69d404adb9c0428afde94aa83705a0f59,60.16448,24.97323,0000000053c6c2be,23.56
118,2019-08-04T14:15:00Z,3fa54ad4401a11e2d3f53339096d7935efdfc95f9828f15943539b3c,60.18203,24.91341,00000000342570c2,23.56
119,2019-08-04T14:15:00Z,41402686a9e28e8c6444b6fa1733da97d6f89bfc5e22e8f1f051f94b,60.1538,24.95595,0000000038bf9618,29.32
120,2019-08-04T14:15:00Z,43c510da117f35756f56ac6c76dc0342ff94f81a57aa47e047715307,60.14947,24.91438,000000004ef3150d,7.69
121,2019-08-04T14:15:00Z,44c05294564f042812bd961f1a53e91e4eabd63b92eb595994867cf9,60.16629,24.95957,00000000fb7600be,13.75
122,2019-08-04T14:15:00Z,45ef4d1d796bd8c4a663bd5188b688092651a7657d72ebec8c29f8a3,60.16544,24.95398,0000000038d83d41,9.12
123,2019-08-04T14:15:00Z,49cada399c97fe9467bd6538dc047969fbdeb4e2e87988dc51326d92,60.1638,24.96846,00000000d747f075,29.32
124,2019-08-04T14:15:00Z,4a565a7be2bb822523480c6ca86154a466bf189290f87a0ef118f8b7,60.149,24.9843,00000000fffb8cf0,23.56
125,2019-08-04T14:15:00Z,4aecd66a5aee3bea34b73be12106cc8dcc77ede5aced06554e1ac770,60.16448,24.97323,0000000053c6c2be,31.5
126,2019-08-04T14:15:00Z,4df634c7a15c41016fb7277a1f3c7675f31fcd2cea41e183f55eb10a,60.16829,24.94214,00000000afef4555,12.69
127,2019-08-04T14:15:00Z,4e335f5ce11c14448cae6703bd1d97c3eca31c5133c6e5d8ac41dec6,60.16762,24.95415,000000006b44cce7,20.28
128,2019-08-04T14:15:00Z,4e3624e199f52b3112422ac873f0e1a33fdc7110367ef20ea2ad161b,60.16448,24.97323,0000000053c6c2be,20.28
129,2019-08-04T14:15:00Z,4e6721b209547f36bca947906d9c07ba3ff60b943f3ccb9498109b17,60.16762,24.95415,000000006b44cce7,13.75
130,2019-08-04T14:15:00Z,505182d3698d765d25de681bd0ed77fc2d5abfbd5e37125d53a770f8,60.16897,24.95222,00000000aa852af1,7.05
131,2019-08-04T14:15:00Z,5072f2166b59f929ef10cb2ca6e9e1e40993caedb1d63fd133c5547e,60.1538,24.95595,0000000038bf9618,25.36
132,2019-08-04T14:15:00Z,5216b19f4659c978f8df06b5bf79a201f576000083c3945eee3f32c5,60.16448,24.97323,0000000053c6c2be,6.46
133,2019-08-04T14:15:00Z,52676663cb8a200a90ec1494efc25eb082dfd862629b245464e93901,60.16897,24.95222,00000000aa852af1,20.28
134,2019-08-04T14:15:00Z,535b779bd522612dab511cffdaaafb454c9f26df51d25d3ea219cf65,60.18203,24.91341,00000000342570c2,33.81
135,2019-08-04T14:15:00Z,54a3a9d1e4952d27439d99f1aedf8810e64365616ee18b1fc5a2de3a,60.16897,24.95222,00000000aa852af1,27.28
136,2019-08-04T14:15:00Z,550da0cd753000750c0650c486f6912769d78f419ae41e4076a06e1a,60.16897,24.95222,00000000aa852af1,25.36
137,2019-08-04T14:15:00Z,5741a3819295a53dc1f4e65a26fb093d1104db78f0d83b5caf957289,60.16762,24.95415,000000006b44cce7,29.32
138,2019-08-04T14:15:00Z,5794bdcb91bea4800e928f67ad623e86e960402ad2851aae79b0eb75,60.16762,24.95415,000000006b44cce7,21.87
139,2019-08-04T14:15:00Z,583a43cdcb160e17fe8056b3d9f4027c516eaaf4f5dcd2fb6b6ef884,60.14699,24.922,00000000a53ed894,18.79
140,2019-08-04T14:15:00Z,584cb0b0cdd14e608c8b57c8aecc9826f9b40027e365e2438a444ea2,60.16762,24.95415,000000006b44cce7,12.69
141,2019-08-04T14:15:00Z,5a5cc04e3a333fa0113b21283233a1e0d4399f930f6b4c9b7fed7e69,60.16448,24.97323,0000000053c6c2be,12.69
142,2019-08-04T14:15:00Z,5c10eb6140de1cd293b66b7d5d187eeb2a9983c4934051eec88239c5,60.16762,24.95415,000000006b44cce7,17.4
143,2019-08-04T14:15:00Z,5ce4923d2b631f3ee93f7c0defe2b88558a9ea80b69ba4b479ba3d23,60.17002,24.94407,000000006b087f40,25.36
144,2019-08-04T14:15:00Z,5d49ce1b609b7c9716f76cafd881cd46450872330990806f1a11cc48,60.16448,24.97323,0000000053c6c2be,7.69
145,2019-08-04T14:15:00Z,5e0a99eba1a39de65a248c0ce910839b8bdf2670c3989f96a4bef29e,60.1638,24.96846,00000000d747f075,31.5
146,2019-08-04T14:15:00Z,6069846d71bcaf8855285010b81162c02509913b33dfe73f37259f8e,60.16762,24.95415,000000006b44cce7,3.4
147,2019-08-04T14:15:00Z,61eaaa928451058352752783d5b2e4635057ad8fa79a5df7300f5f50,60.16829,24.94214,00000000afef4555,23.56
148,2019-08-04T14:15:00Z,63ce2d2fe624ab8ba34d332bbfd1e2a781e10a7de95bd2c259a71499,60.16829,24.94214,00000000afef4555,23.56
149,2019-08-04T14:15:00Z,642e8d7958e674672c570303ce7c01cba2cc6743bb63593a81ea59fa,60.16762,24.95415,000000006b44cce7,18.79
150,2019-08-04T14:15:00Z,6454096cab0b6b97fbaef051f5df3105d9d11895e8cce36eb8686efa,60.16448,24.97323,0000000053c6c2be,20.28
151,2019-08-04T14:15:00Z,66c144b38593e96ce43edff3cdf72320c42dc4c43986ccf7b080e7f5,60.16762,24.95415,000000006b44cce7,16.1
152,2019-08-04T14:15:00Z,674174faec63cd1060882a827a0cd90d4722ba45e7c52c7ac7db3100,60.16762,24.95415,000000006b44cce7,9.12
153,2019-08-04T14:15:00Z,67c381676f4cf14148b8aa61c942b5e69ffd2ff2af80c8d20c081ea9,60.17002,24.94407,000000006b087f40,17.4
154,2019-08-04T14:15:00Z,699627a448439be4d0adb373925a29837c0f14397a013e1495cbb6ff,60.16829,24.94214,00000000afef4555,1.12
155,2019-08-04T14:15:00Z,6be074015dffbe6f5c6470d35845edd35caff5b43602d64645def43c,60.16629,24.95957,00000000fb7600be,27.28
156,2019-08-04T14:15:00Z,6c1c11768ebd084ad32f067f6f87257f517de762e1a1f39e6cd2e05a,60.1638,24.96846,00000000d747f075,11.7
157,2019-08-04T14:15:00Z,6d50587d05bec0f62017ed540b328f0cbf75fdec3f9465c6473ea8b6,60.16448,24.97323,0000000053c6c2be,21.87
158,2019-08-04T14:15:00Z,7033848a444a34daeab65407c4c24cfdb4730b03b77a1907d88b464b,60.17065,24.93641,000000000f4919c9,17.4
159,2019-08-04T14:15:00Z,70d4e063b578e53f328caf4ddabe3a763c9a3e5c5065968bb81d458c,60.16629,24.95957,00000000fb7600be,27.28
160,2019-08-04T14:15:00Z,70e0b8012be36629a8414b599cc56cdc9313d5f2de79d0a2042bdd28,60.16762,24.95415,000000006b44cce7,8.38
161,2019-08-04T14:15:00Z,72cd498053f592e7048acc13f2e089abb1b70d4829acf4aeb0ae605f,60.16448,24.97323,0000000053c6c2be,9.12
162,2019-08-04T14:15:00Z,74725f2eba86206cce2ce5c317fad5c31b9cf2c1c16f71b16d307a86,60.16544,24.95398,0000000038d83d41,16.1
163,2019-08-04T14:15:00Z,74cb545f76f0bfc5498607247e26e814276a11ce91f77208054ecbc5,60.17002,24.94407,000000006b087f40,27.28
164,2019-08-04T14:15:00Z,770f24e22b41725098e76a46609c702cc970e5f72667a3dc5bba1820,60.16829,24.94214,00000000afef4555,11.7
165,2019-08-04T14:15:00Z,77ef84f99314b4ab3e2c1da2f946c802d3a5e7925f3ee4077e18a7f4,60.16762,24.95415,000000006b44cce7,23.56
166,2019-08-04T14:15:00Z,7910d04606277b8a68355a56700effd672ae92eb1f39707d7ccd8abd,60.16531,24.9442,00000000fdda10fe,9.12
167,2019-08-04T14:15:00Z,79bde23c1a8980f93a65e14306f0d8ea89e164430d8b991e2bfee82e,60.16531,24.9442,00000000fdda10fe,18.79
168,2019-08-04T14:15:00Z,7a59ebbfc3fa07c8a3bad4b7fe6f0c8039d0ebd7d7240d51a74d8d51,60.14947,24.91438,000000004ef3150d,27.28
169,2019-08-04T14:15:00Z,7a7e3e7cf2233821f0715aa7ff7609c5d7917905a17c290772749358,60.16829,24.94214,00000000afef4555,38.87
170,2019-08-04T14:15:00Z,7b1d4880012258b36902312de5bc9f8f704c8f28560ed2ee7f349644,60.16762,24.95415,000000006b44cce7,21.87
171,2019-08-04T14:15:00Z,7ee89b0af95eef40af870b831c2244c3ad5a9758d90c36ee7d1de807,60.173,24.92524,0000000096918cfa,33.81
172,2019-08-04T14:15:00Z,82b800f217ae93826f77750d0b51f9b7ec425d81f95543a44b3485b8,60.16762,24.95415,000000006b44cce7,7.69
173,2019-08-04T14:15:00Z,82e1642e398b13217e32ec4dc03b54afd6380b5b3d6e67a1b56fef04,60.16897,24.95222,00000000aa852af1,18.79
174,2019-08-04T14:15:00Z,8300bea3b6ce9760eb27be396e2b7670b48ec38f60efe4702467003d,60.149,24.9843,00000000fffb8cf0,7.05
175,2019-08-04T14:15:00Z,83073c017c8293e4b6eab781fbc2147fafa144d33b3618abd1ae5d90,60.17065,24.93641,000000000f4919c9,18.79
176,2019-08-04T14:15:00Z,83345cf0eb224e23625aa723b0a37ce6f1f7157ad731327716fe8755,60.1538,24.95595,0000000038bf9618,25.36
177,2019-08-04T14:15:00Z,83bd78e43174faa40ce275442f4f994bd1ef7a7335b3da502f7c149f,60.14947,24.91438,000000004ef3150d,12.69
178,2019-08-04T14:15:00Z,84bce2e1282459c2d98393aaa6d9cba1e0b7d8bf2599224066199a85,60.16629,24.95957,00000000fb7600be,27.28
179,2019-08-04T14:15:00Z,851450c088bc61baeb9a34aef1657f84240eb0aba02385e51e9a526d,60.1538,24.95595,0000000038bf9618,17.4
180,2019-08-04T14:15:00Z,853c9155245e28a3324d702b5b7679a3b7f32fae6b2ba40f3baa65e7,60.16829,24.94214,00000000afef4555,18.79
181,2019-08-04T14:15:00Z,87466cb1b69e7cb8b5a9f6e5ad3be5a616b3d690ec9e704afbda1e08,60.16762,24.95415,000000006b44cce7,5.91
182,2019-08-04T14:15:00Z,875e8c962f7d27b93f5a438e8fe100b268071c60541d21b3873eeaaf,60.18203,24.91341,00000000342570c2,23.56
183,2019-08-04T14:15:00Z,87d5e7f59c10eaeb6edc49c737c6dd7b0a5a3ec5c0cb50e6841f3acf,60.14951,24.92138,0000000006dd41f6,17.4
184,2019-08-04T14:15:00Z,87dceb1ca59b85bc3b5d0842033f06b68434c260d814fd50645121e8,60.16629,24.95957,00000000fb7600be,20.28
185,2019-08-04T14:15:00Z,892b1ebbddede5037a58f259fc32b588da8b797f4d6f90d3d308d3ea,60.16829,24.94214,00000000afef4555,18.79
186,2019-08-04T14:15:00Z,8af69dc632c24285a7613a2752a3647c167cf1ab7fdcb8a7bd148f37,60.16762,24.95415,000000006b44cce7,11.7
187,2019-08-04T14:15:00Z,8b6cf66cb3534b2249afd81b9adcabee6dce08a4ecc25e8134b9eae4,60.16829,24.94214,00000000afef4555,16.1
188,2019-08-04T14:15:00Z,8c8b0fde9924abd1d4b02fb5fa8cd38c1bba6c201fdeb5e7186905c0,60.16762,24.95415,000000006b44cce7,12.69
189,2019-08-04T14:15:00Z,8dc42e98553e38a7910fda8350b7de79e83fa9a07719945474e7d0f7,60.16897,24.95222,00000000aa852af1,17.4
190,2019-08-04T14:15:00Z,8ebd63c733c500bb310937b83cf535000ca778f066d581a7e1846054,60.149,24.9843,00000000fffb8cf0,36.27
191,2019-08-04T14:15:00Z,8eda44c00877e7084fee2bfbf6fa6f92a8c28ca660269367164fa05b,60.16897,24.95222,00000000aa852af1,20.28
192,2019-08-04T14:15:00Z,8eddc54fd62afd1cc777d4119dbe9c976232e1e249e9ad89bc47d920,60.16762,24.95415,000000006b44cce7,3.74
193,2019-08-04T14:15:00Z,8fed54d1bd168ce5dc687627d3f9a1ae5a525a77d7becd5098618b67,60.16448,24.97323,0000000053c6c2be,9.92
194,2019-08-04T14:15:00Z,9048faae3855a6dafb3edba24c5d903fb154d8f2fea5d0643d2e0ec5,60.17002,24.94407,000000006b087f40,20.28
195,2019-08-04T14:15:00Z,90a48ade8a82b3132382458c7af3b4590a96242f924e7db8d9d93153,60.17918,24.95141,00000000675d5200,8.38
196,2019-08-04T14:15:00Z,93fe1b3b0d48ceec204c2d5feb19e6364af65e7c2aa34dfd3f4cdf64,60.149,24.9843,00000000fffb8cf0,7.05
197,2019-08-04T14:15:00Z,9628e1044a65e4cbe9bd953c73eeac41b196668199ea0605b29b6d21,60.17002,24.94407,000000006b087f40,21.87
198,2019-08-04T14:15:00Z,97a3fdb93531ce433b4df4fd97b5147bdf4147af1dce7929a7012fef,60.173,24.92524,0000000096918cfa,25.36
199,2019-08-04T14:15:00Z,9800c97c6a22c4301b65e21c3737d8bdfff682338b0215eee719d551,60.16829,24.94214,00000000afef4555,25.36
200,2019-08-04T14:15:00Z,993a75a3ccfb1af1e4a5454d1fb1532af687877296a7aed3cbcd2d1d,60.17065,24.93641,000000000f4919c9,13.75
201,2019-08-04T14:15:00Z,9a137dcc642eb50a778945d5c511d8598fc507a5da124c33cf013efb,60.17002,24.94407,000000006b087f40,17.4
202,2019-08-04T14:15:00Z,9d0500a58ee17c3858a13f9f5583a6d568a0c3697725dfcdfd9b100e,60.1538,24.95595,0000000038bf9618,27.28
203,2019-08-04T14:15:00Z,9f99b7a05b10fe0e7875940fdaae2d198f3acafc990073eaa0958027,60.16897,24.95222,00000000aa852af1,8.38
204,2019-08-04T14:15:00Z,a031e44793c5edc0ea99c036b46f63ff7eeef32846fa9b8d72093114,60.17002,24.94407,000000006b087f40,23.56
205,2019-08-04T14:15:00Z,a0584a0390a2dbd8713bb5b9644b681e3e49a8c7b91885c9425f8efc,60.16762,24.95415,000000006b44cce7,3.4
206,2019-08-04T14:15:00Z,a0b34310f35affe1e0c38d57865ae3032a3703d4bc7145ae40f383cf,60.16762,24.95415,000000006b44cce7,11.7
207,2019-08-04T14:15:00Z,a14869fbaf46b3dc35fad74c6e6c8f714ef65ac97608f91c1f7656f1,60.16448,24.97323,0000000053c6c2be,12.69
208,2019-08-04T14:15:00Z,a2ec0ba14fb81b1e3da1a403ab6ca4e3018eb138856fec0fffc1ea64,60.16629,24.95957,00000000fb7600be,21.87
209,2019-08-04T14:15:00Z,a68e86e8f6e748abc23dba004c48d833e4e1ff0c62ac3448050ea2c4,60.16829,24.94214,00000000afef4555,20.28
210,2019-08-04T14:15:00Z,a8d06837b35dc55354dfcbf5ba01cca6c0ff3c0545a85eb49a951e88,60.17065,24.93641,000000000f4919c9,29.32
211,2019-08-04T14:15:00Z,ab47141e701bbe9c40e3411399cf7e8abf782072100a6e5d73477a95,60.14947,24.91438,000000004ef3150d,10.78
212,2019-08-04T14:15:00Z,ac61012e7a36c8f8e7437705e15ee45a0e673016ea172d3aebbfa8e3,60.16897,24.95222,00000000aa852af1,16.1
213,2019-08-04T14:15:00Z,adb8dc20fdd803d347bc5dfa3e08bc28d42decee6be98b877881af3c,60.149,24.9843,00000000fffb8cf0,38.87
214,2019-08-04T14:15:00Z,b05048cd14d375be6095e3ac49bf5b96b6f89e56f4d7561d25cea804,60.16897,24.95222,00000000aa852af1,18.79
215,2019-08-04T14:15:00Z,b113e9fef14716941515dce3c30bbe535e60ea76f796bb2122a59887,60.16829,24.94214,00000000afef4555,10.78
216,2019-08-04T14:15:00Z,b1ce970944d4fcdd7dc0fc71a1f1b0f517a933b8673ca7983c2035da,60.16897,24.95222,00000000aa852af1,16.1
217,2019-08-04T14:15:00Z,b253bd80814ccfb75c3aaf29b9665e84a63e0bb87e8cddec1ca062f4,60.16629,24.95957,00000000fb7600be,23.56
218,2019-08-04T14:15:00Z,b3ffa3ff24f68c5e5e8fed5f9c5351b418fa5df59c760cb902c650a0,60.16448,24.97323,0000000053c6c2be,14.89
219,2019-08-04T14:15:00Z,b794f4e9af9b6dab04b27937723209e7c4fb075a16e6f94c3b158ae3,60.16829,24.94214,00000000afef4555,21.87
220,2019-08-04T14:15:00Z,b84e860596c16d6ce53b36cc93fe0dd9712cc78699f9955aebd44f9d,60.16829,24.94214,00000000afef4555,21.87
221,2019-08-04T14:15:00Z,b854157b9f408c3c44831715c1ede5cbc5c9b49de45cea9864002e0c,60.16762,24.95415,000000006b44cce7,7.69
222,2019-08-04T14:15:00Z,bed5c59ee21bfd756684de4fcd8383e3740b49c3ffb8af1200a0a084,60.1638,24.96846,00000000d747f075,9.92
223,2019-08-04T14:15:00Z,bf9a0bffddc9e735d47e1b61d36fc60098274bfe7f6e52c49b2cd59a,60.173,24.92524,0000000096918cfa,18.79
224,2019-08-04T14:15:00Z,c01170e0ae55f23bb4944dcb20bb382ddf76eac3816197990c8f4885,60.16829,24.94214,00000000afef4555,18.79
225,2019-08-04T14:15:00Z,c0540323b1c8b000f85870bf5de0e19d5a58a9d486ecf8dc287781ca,60.16762,24.95415,000000006b44cce7,17.4
226,2019-08-04T14:15:00Z,c05dfe7e912e4191d80242068f1ae1a5123943827ad5c62b185f8809,60.16829,24.94214,00000000afef4555,20.28
227,2019-08-04T14:15:00Z,c0a0ca3433586ed2ae0e448f2406fabac7292ac79d49562e0bd5cef8,60.16762,24.95415,000000006b44cce7,12.69
228,2019-08-04T14:15:00Z,c25af6082f352c75803d3ffb0adbfc48398d0bb2c2a4c92d07386742,60.16762,24.95415,000000006b44cce7,8.38
229,2019-08-04T14:15:00Z,c3fcefd731d5479201f8673ab70c7c895cb6a00b4d8e2a809665b18c,60.1538,24.95595,0000000038bf9618,23.56
230,2019-08-04T14:15:00Z,c50f7da71c128f6f84aca073620096b772c95187390d5aa1d3f1480f,60.16897,24.95222,00000000aa852af1,7.69
231,2019-08-04T14:15:00Z,c531107857dfbe00f0133df573b61676a5615c0c94f5ebd97f7a4289,60.17002,24.94407,000000006b087f40,23.56
232,2019-08-04T14:15:00Z,c614f834a181cfe513b01f5d7d6c4346874e1726b68e40c0154d1dcf,60.1538,24.95595,0000000038bf9618,7.69
233,2019-08-04T14:15:00Z,c64f6f6c0669746daef47ff0e71f93c914bfec8f55cce010f1aff8f8,60.17918,24.95141,00000000675d5200,10.78
234,2019-08-04T14:15:00Z,c6cd17b2bd1b87ac91bf98c456cc0f4677e427250ae223a4a6b0306e,60.16448,24.97323,0000000053c6c2be,17.4
235,2019-08-04T14:15:00Z,c73e81cc4e05c110538c636ffc1180bdfa0127fe09a8d0975d6f3b7c,60.149,24.9843,00000000fffb8cf0,23.56
236,2019-08-04T14:15:00Z,c8a239ecd9ce370320a67f87a4661797a23f01c1d5bcef430b37b9b1,60.16897,24.95222,00000000aa852af1,11.7
237,2019-08-04T14:15:00Z,ca780d1f280a84380c3ae16d399aaffd20a446710dee9779aa7f1d10,60.16897,24.95222,00000000aa852af1,12.69
238,2019-08-04T14:15:00Z,cab64c0ef6f10577d22304941cf3df2dba8b1fc15ac9850d790dec1f,60.16448,24.97323,0000000053c6c2be,3.4
239,2019-08-04T14:15:00Z,cc6b453224b481d7e8e0ac0c5b2b5eebb658ca9400ead85bff72f4c3,60.149,24.9843,00000000fffb8cf0,5.41
240,2019-08-04T14:15:00Z,cce3d05411006ffd012c99f243c3f7ab3a00af7dc73918b97a4eeee3,60.16629,24.95957,00000000fb7600be,21.87
241,2019-08-04T14:15:00Z,cd170c4f4fd150eab607ee30b0b3ad68e85471d5aeb2d4abcb38a97f,60.16829,24.94214,00000000afef4555,11.7
242,2019-08-04T14:15:00Z,cd7cf796fc7ef95cbacba5a0def8eed35e28b4861459e1c146fd5034,60.16829,24.94214,00000000afef4555,25.36
243,2019-08-04T14:15:00Z,cf6d62e0b45096fbab79d5265a753da42efe860c7101294a0a0a5d16,60.16897,24.95222,00000000aa852af1,16.1
244,2019-08-04T14:15:00Z,cfa923aa10fc435c3d80f11df4f808b5a99c41c1766dd219edbdcb69,60.17002,24.94407,000000006b087f40,9.92
245,2019-08-04T14:15:00Z,cfac571c8332129c57c875cc27f24c3fc3d3d3c317fc53b8827768fd,60.16629,24.95957,00000000fb7600be,23.56
246,2019-08-04T14:15:00Z,d06ffcac835f25349d4280eda7183571891e793faadf6f29b8d2c7f7,60.17065,24.93641,000000000f4919c9,3.09
247,2019-08-04T14:15:00Z,d3020a44e9847ade84ea557cc8e857a11fc460e89c029ab853e30b7b,60.16762,24.95415,000000006b44cce7,11.7
248,2019-08-04T14:15:00Z,d4700e09f31dfbcd165df3ea7df33b521735fc7c5506eabbb4cf3943,60.1638,24.96846,00000000d747f075,18.79
249,2019-08-04T14:15:00Z,d563b02daa312f5ac79debf04dd507273ebd2406bb142e156aaaf4da,60.16897,24.95222,00000000aa852af1,12.69
250,2019-08-04T14:15:00Z,d640f14017f40489c1cdd1557617640f7dd47702dd6c7aca0439a96d,60.16448,24.97323,0000000053c6c2be,12.69
251,2019-08-04T14:15:00Z,d657fd6a32210ff878632fe6a8a8196dd0fee587dc95ebf1e17e06a2,60.17002,24.94407,000000006b087f40,14.89
252,2019-08-04T14:15:00Z,d8891d8aa5c7071f86feac0cc50c04e6dbd7373b3dcc42d125f90adf,60.16829,24.94214,00000000afef4555,11.7
253,2019-08-04T14:15:00Z,d93e2a8048b0c19e4715dfc7e78ac4aed7f3408db5da86b2a56ee98b,60.16829,24.94214,00000000afef4555,9.92
254,2019-08-04T14:15:00Z,d9fbd2f3af178c33db2d59982828e9eb611fdb0ee0da89069ad6a617,60.173,24.92524,0000000096918cfa,14.89
255,2019-08-04T14:15:00Z,da742917a231149eee9ea4871a4248f90bae5f16ec781b266734fc4c,60.14947,24.91438,000000004ef3150d,17.4
256,2019-08-04T14:15:00Z,daa625f2f1c33377c71935a9228bd013e1a3f8174d55895b3d8312a9,60.16448,24.97323,0000000053c6c2be,4.94
257,2019-08-04T14:15:00Z,df078953d6f98f8513f6de04bce9c766e649e6274877431b69b4774e,60.16829,24.94214,00000000afef4555,3.09
258,2019-08-04T14:15:00Z,df0bcc69067817e17421f57c9d1f50527a8a18621febbbe5b9abcb4e,60.16448,24.97323,0000000053c6c2be,8.38
259,2019-08-04T14:15:00Z,df5af665e9726550bcb558553da5bd73db20848d6d179db72961f786,60.16762,24.95415,000000006b44cce7,4.5
260,2019-08-04T14:15:00Z,e0f1a47e57839eac9f744ba1bc474a227fd411d41c27274c6b98e7ab,60.17065,24.93641,000000000f4919c9,2.54
261,2019-08-04T14:15:00Z,e183028a4e3fa54a83f6166bfb4fdbe03cf12f52734b725722ec20f9,60.18203,24.91341,00000000342570c2,14.89
262,2019-08-04T14:15:00Z,e26de4e176db0916abfe090e9fedf85268dc49874023dfcf50faa8b3,60.16762,24.95415,000000006b44cce7,8.38
263,2019-08-04T14:15:00Z,e49a989f79696c709992578008a6bcd450c8ac03fb30078419dea550,60.17002,24.94407,000000006b087f40,21.87
264,2019-08-04T14:15:00Z,e4df2b1d9552b6da29876f0dec3f2be1c09d6840929c5f501430c9d0,60.16629,24.95957,00000000fb7600be,21.87
265,2019-08-04T14:15:00Z,e4f0bb54a55ea5ba83b5551564d5f1f6250eb0f8a85619dc1941e1a5,60.16762,24.95415,000000006b44cce7,12.69
266,2019-08-04T14:15:00Z,e594fe6b64f2f632914eb42879c4758aa3068ca628da07d2093633bc,60.16897,24.95222,00000000aa852af1,16.1
267,2019-08-04T14:15:00Z,e7e63d0913c5de6b15fff7a72d9cad41f7317f04f4eb5ac9e15178bc,60.16762,24.95415,000000006b44cce7,6.46
268,2019-08-04T14:15:00Z,e80b2607dc7a253d91f9633f1a7ffd90b67d8eb81914ce4229f1fbe7,60.18203,24.91341,00000000342570c2,11.7
269,2019-08-04T14:15:00Z,e9bee4d1b5260154d6c977af1d388b84419f3d14cb86ba9db1c0dcfe,60.16897,24.95222,00000000aa852af1,4.5
270,2019-08-04T14:15:00Z,e9cc956d097054aabd8a81f83ef61596970f1d9f18ab202a48da37ba,60.149,24.9843,00000000fffb8cf0,29.32
271,2019-08-04T14:15:00Z,eb95af0b89dea126c656caa3bbddbbbadc61f2ed0485155963064192,60.16762,24.95415,000000006b44cce7,13.75
272,2019-08-04T14:15:00Z,ecf841faa901dd435d88955ccc9a274d9d636dd2c788e95cc50bc750,60.149,24.9843,00000000fffb8cf0,20.28
273,2019-08-04T14:15:00Z,f086c9fb201f08266139583b1aa41842e0ff6a41bd241ba9e009ffb7,60.15432,24.9211,0000000019fb59c4,21.87
274,2019-08-04T14:15:00Z,f0a5cf004cb809910e95a8be561550813ff293dbcd9b72131bed2b58,60.16897,24.95222,00000000aa852af1,14.89
275,2019-08-04T14:15:00Z,f1bbb5576cc75f3eb2be8e97f22dc5d261c82de85d0695cf477c9647,60.16897,24.95222,00000000aa852af1,20.28
276,2019-08-04T14:15:00Z,f1ee16e451926ba2015af90950d78ba22f7a386fafb166e7653f8243,60.16762,24.95415,000000006b44cce7,20.28
277,2019-08-04T14:15:00Z,f2569ccb18412239b3caa80868645d97318919b93b73751e8b61b6e1,60.16448,24.97323,0000000053c6c2be,23.56
278,2019-08-04T14:15:00Z,f4aa74e1f9196fdf10b30b774045e15a99e9ec008a795550cb73f875,60.16448,24.97323,0000000053c6c2be,17.4
279,2019-08-04T14:15:00Z,f68907ce7af7c5794d8dd4de01452be3d726ffbea71dcc851a219335,60.1638,24.96846,00000000d747f075,7.69
280,2019-08-04T14:15:00Z,f6e3d2110fa05d032e90aaf3d8fac258faf3237b72e9ba4afaa426c8,60.16629,24.95957,00000000fb7600be,17.4
281,2019-08-04T14:15:00Z,fa90d18702ae28aaffd47da5f3accdee12901e3620382af740d202ab,60.16897,24.95222,00000000aa852af1,20.28
282,2019-08-04T14:15:00Z,fabbe1b9639a5062133905a8abefa6a64479f24e6b091b13cb4430d1,60.16448,24.97323,0000000053c6c2be,8.38
283,2019-08-04T14:15:00Z,fbb03be5b11395d84bac24638ae2bd4cbe82c2a0c027890971b8d700,60.17065,24.93641,000000000f4919c9,11.7
284,2019-08-04T14:15:00Z,fc2b86c22fb65c05e3915c28f2440c04311d3164bc2461d3de963fcb,60.16829,24.94214,00000000afef4555,20.28
285,2019-08-04T14:15:00Z,fd9888df11d75d5e989a32cbeafdcec9e29549eed334e5206042f819,60.16829,24.94214,00000000afef4555,18.79
286,2019-08-04T14:15:00Z,fe7cd73c5c29cae3bae1c650fe5ac7416f87f15a4fe542892eec9ff4,60.16629,24.95957,00000000fb7600be,12.69
287,2019-08-04T14:15:01Z,0d85b598c652009b53aa870fe64aff1b95f84e796cde2c3b2ee49adf,60.14699,24.922,00000000a53ed894,18.79
288,2019-08-04T14:15:01Z,112c36ba789fa57e2b19c9bff8bfe0b3eba19a431c3af4656c4cee5b,60.16531,24.9442,00000000fdda10fe,38.87
289,2019-08-04T14:15:01Z,14c7e1511b70f4dd3359cbece1377aebb4d70531f5489eefe53d7c3c,60.16544,24.95398,0000000038d83d41,25.36
290,2019-08-04T14:15:01Z,1599d2c9070a6f05e1a5887c2d9209214c04818c6203fe75440734f2,60.1538,24.95595,0000000038bf9618,31.5
291,2019-08-04T14:15:01Z,25a7ff811c3c06e426c7c2cbb0433d9a2a3399b23afecbd35584ab0f,60.18203,24.91341,00000000342570c2,9.92
292,2019-08-04T14:15:01Z,29113a3967bc167b1fd69f346c60a884baf31f91288e032e493eeac2,60.16762,24.95415,000000006b44cce7,23.56
293,2019-08-04T14:15:01Z,36b298bea3c27f30235cbc7de929f2f14ff5d457f395de64ea57b3c7,60.16762,24.95415,000000006b44cce7,11.7
294,2019-08-04T14:15:01Z,402f8edce2e4dcc34a418a83e568dd491c14d450d63a3f35850d9c2e,60.16762,24.95415,000000006b44cce7,7.69
295,2019-08-04T14:15:01Z,43b676ed3aef4c2d8846694817e76117873be52e7f788e0cb366c1c4,60.16629,24.95957,00000000fb7600be,25.36
296,2019-08-04T14:15:01Z,44d0b94469070803869f229601e877beb613c3f5aafa009addf97a1a,60.16544,24.95398,0000000038d83d41,16.1
297,2019-08-04T14:15:01Z,44f1947d0640fa977e6056a6b644c7fec2930ccd7ba2750d71429f00,60.1538,24.95595,0000000038bf9618,14.89
298,2019-08-04T14:15:01Z,47f7d6332f20652dbd38970d701dd6c9311cf6f61479559092e2837a,60.16897,24.95222,00000000aa852af1,25.36
299,2019-08-04T14:15:01Z,491b2670fa626c719c5624e2a013e9325dd599d02b93ca1a1b0e3416,60.16544,24.95398,0000000038d83d41,14.89
300,2019-08-04T14:15:01Z,4b842d60464228bdf8b8dfaefa4766148504b5565a809b7718dc5256,60.16762,24.95415,000000006b44cce7,13.75
301,2019-08-04T14:15:01Z,4d0904d4c643bccbb6d713622102e1368450741279ba96657bb01202,60.16829,24.94214,00000000afef4555,21.87
302,2019-08-04T14:15:01Z,4dc50c632edb39628b706c87f03e48fbbb3e4f3ebe60fc4977610218,60.14699,24.922,00000000a53ed894,17.4
303,2019-08-04T14:15:01Z,567df3630b1c7b3174ed75181df61ded932bdb54d2eec81b73cb22e7,60.16829,24.94214,00000000afef4555,14.89
304,2019-08-04T14:15:01Z,5a80db7d2c67e0206d5c1a71ffc1e01217430c2db7ad14451803bac5,60.16829,24.94214,00000000afef4555,12.69
305,2019-08-04T14:15:01Z,5d65719c4cbf045f068d084b72302f447d5fd034413d97d13be00d0e,60.18203,24.91341,00000000342570c2,17.4
306,2019-08-04T14:15:01Z,5eed115a984d490b02b602d73787aee8dc8c4e9365b77fbff3818a76,60.16629,24.95957,00000000fb7600be,21.87
307,2019-08-04T14:15:01Z,5f18aad92859c1e50b5e41beee4a67a1d7d49602894736fbd032d878,60.14699,24.922,00000000a53ed894,13.75
308,2019-08-04T14:15:01Z,6066632ddc94b5c482a2d4f45ed2532e55e3fd63e414a084a596a737,60.16762,24.95415,000000006b44cce7,20.28
309,2019-08-04T14:15:01Z,6492a661d3ffe4008e4adb414afb91e1c0edb87475ce6ad481bc79c3,60.16544,24.95398,0000000038d83d41,18.79
310,2019-08-04T14:15:01Z,66dabd3229229330d23c70e9e1737429ddfe69db01f4a6a00f70fa20,60.16762,24.95415,000000006b44cce7,21.87
311,2019-08-04T14:15:01Z,6a70e2fbced719333e21eff04fcb9cb36bae9a04d1a3d6ddd96f2c58,60.15432,24.9211,0000000019fb59c4,7.69
312,2019-08-04T14:15:01Z,6e54aa3ec95b9ac30834ee134c4d7f08d086dddaa52d6ac7c9f8e803,60.16762,24.95415,000000006b44cce7,20.28
313,2019-08-04T14:15:01Z,70d8572458a1a103555bab897b6443e601e0ed211414b15ad0b56f60,60.16762,24.95415,000000006b44cce7,18.79
314,2019-08-04T14:15:01Z,737efc92e3419e9d96a8559ec341ea7e18ba6381fd8e4de3d06f82a0,60.14699,24.922,00000000a53ed894,12.69
315,2019-08-04T14:15:01Z,79f136afa0dd8717337c01c70b457c464aaf0fa25b440f51a394ec23,60.16762,24.95415,000000006b44cce7,12.69
316,2019-08-04T14:15:01Z,830dd864f9ea3eb93c411b7f188c92f6c750144c89f0c54664293271,60.16829,24.94214,00000000afef4555,20.28
317,2019-08-04T14:15:01Z,87dfaad29a9276ddddb1fa021d3bc23ad14824c1af16f7d87e713689,60.14951,24.92138,0000000006dd41f6,13.75
318,2019-08-04T14:15:01Z,89514d693b1bede7d473d1b7d714829147cb42615145a8351c675525,60.14699,24.922,00000000a53ed894,13.75
319,2019-08-04T14:15:01Z,89982a6acf91b79a282a6b63978e946ee205f303fcd20e944e06baf0,60.16544,24.95398,0000000038d83d41,23.56
320,2019-08-04T14:15:01Z,90d6efd3a2159b1cdb6db4003f355550d352f032d66f90e8641af30c,60.16897,24.95222,00000000aa852af1,21.87
321,2019-08-04T14:15:01Z,98239bf94ef54f747154b6cbe79cdbf3b87a27880fd23e82c8465dd2,60.14699,24.922,00000000a53ed894,8.38
322,2019-08-04T14:15:01Z,9d857805574f6cc42e08b5256cf5479cd2dcf45149c123beefb90697,60.16762,24.95415,000000006b44cce7,10.78
323,2019-08-04T14:15:01Z,a6b21dbcf0c83b09b4ad1e6b00f7d7d441da2e2a65a8760250ece5d7,60.16829,24.94214,00000000afef4555,21.87
324,2019-08-04T14:15:01Z,acd2647d413f41552b31b6e383da445c8902bc2a764d2b7791a7b164,60.16762,24.95415,000000006b44cce7,13.75
325,2019-08-04T14:15:01Z,ae556011c511e79ed2daac915308eebfe8e1f17c56850f7a1fc92ce1,60.14699,24.922,00000000a53ed894,27.28
326,2019-08-04T14:15:01Z,b464e4ae98771e06bae3096b0bfd83f32e6b6fa0f03f7762da9b8ee6,60.16897,24.95222,00000000aa852af1,27.28
