,time,hash,latitude,longitude,serial,distance
0,2019-08-01T11:15:00Z,0c421dd53bb7a80ec3dd2363194aa7a67a21419a1e0d55330a21b496,60.16531,24.9442,00000000fdda10fe,20.28
1,2019-08-01T11:15:00Z,144afc51fc2443c7031a2912566eff2ce60226a49d6d2bd7c2923700,60.16544,24.95398,0000000038d83d41,12.69
2,2019-08-01T11:15:00Z,14c7e1511b70f4dd3359cbece1377aebb4d70531f5489eefe53d7c3c,60.16544,24.95398,0000000038d83d41,27.28
3,2019-08-01T11:15:00Z,2a93b61a3863ace54349d7a0937e4134fcc6d4dfcf064eefae2b7cf8,60.15432,24.9211,0000000019fb59c4,13.75
4,2019-08-01T11:15:00Z,2efd972897e318100638d8474e49f7d4cbfb4d97c6ee232a20a417e2,60.16897,24.95222,00000000aa852af1,18.79
5,2019-08-01T11:15:00Z,319cc1d5bc5e13c13c0feb12cee9a0b55b676d665a4f2a4bd11c7f78,60.15432,24.9211,0000000019fb59c4,21.87
6,2019-08-01T11:15:00Z,411c7ffbe11a55cda92a5038f358b702c5d0d5eaeb053a05aaff6604,60.14699,24.922,00000000a53ed894,16.1
7,2019-08-01T11:15:00Z,4c90d667a8bf7ea1281fcb14f35adcd1497fb1ba95366b82b4b1d737,60.16629,24.95957,00000000fb7600be,17.4
8,2019-08-01T11:15:00Z,5d65719c4cbf045f068d084b72302f447d5fd034413d97d13be00d0e,60.18203,24.91341,00000000342570c2,21.87
9,2019-08-01T11:15:00Z,5eed115a984d490b02b602d73787aee8dc8c4e9365b77fbff3818a76,60.16629,24.95957,00000000fb7600be,18.79
10,2019-08-01T11:15:00Z,6bc838096806d076bb45cfa041f4e6696c7a32170556ae75888c7fff,60.16531,24.9442,00000000fdda10fe,21.87
11,2019-08-01T11:15:00Z,6d22b751ff5173035dc85c52c3dff0780126adae67fe33dc62dd45ef,60.16531,24.9442,00000000fdda10fe,16.1
12,2019-08-01T11:15:00Z,76c7f42283513d0e289bf786d89463b5025b2ae0f4e13519a4cf228b,60.15432,24.9211,0000000019fb59c4,14.89
13,2019-08-01T11:15:00Z,77485f066d78e9bfe22214cf144e4825fdc8324833ce784fa2e2a26e,60.17065,24.93641,000000000f4919c9,31.5
14,2019-08-01T11:15:00Z,78d5f60b36b59c06c3988b94e11744bb3aed5dcbc214f91f228bf892,60.16448,24.97323,0000000053c6c2be,29.32
15,2019-08-01T11:15:00Z,87dfaad29a9276ddddb1fa021d3bc23ad14824c1af16f7d87e713689,60.14951,24.92138,0000000006dd41f6,7.69
16,2019-08-01T11:15:00Z,8c75c3289c84fe4493e1e272a77b615fe1985880c5dc68a7c1a17b53,60.16762,24.95415,000000006b44cce7,9.12
17,2019-08-01T11:15:00Z,8cc6ddaa460aeae8cc9e8a33f91a01c8cd4c0c8bf8a943210a28c84d,60.1538,24.95595,0000000038bf9618,14.89
18,2019-08-01T11:15:00Z,9843c6216661048343a0e49cf3d8aa2883cf77f452666a1c873a1052,60.16448,24.97323,0000000053c6c2be,9.92
19,2019-08-01T11:15:00Z,9d03d14afa49576281aa26db60e517f7c1ec8aa36f7756959a860a8a,60.16629,24.95957,00000000fb7600be,11.7
20,2019-08-01T11:15:00Z,a08cae03363d2e483a6ea717973088f4bd4276de96a9d438a7358ff4,60.16897,24.95222,00000000aa852af1,21.87
21,2019-08-01T11:15:00Z,a9da1ee82e3b670e276c26b483dd50f4a6d0c6f77ef82245d3ae6086,60.18203,24.91341,00000000342570c2,18.79
22,2019-08-01T11:15:00Z,b4c20e932f0317cbd4dbd1d7a37b44a5db1d3098f60e35f17c5732ef,60.16544,24.95398,0000000038d83d41,25.36
23,2019-08-01T11:15:00Z,b5fd6b317890e5ab2d79e2cd1abe61626d45a753c7337d0d40728898,60.16762,24.95415,000000006b44cce7,11.7
24,2019-08-01T11:15:00Z,ba42c72ea7c2663b3ea5044faf12173ab18e523dc35de0e24bf374ac,60.16544,24.95398,0000000038d83d41,20.28
25,2019-08-01T11:15:00Z,c40c37def6bf11a63a2556519a7c6233fd417cdeea2cf14f28e7c42c,60.16531,24.9442,00000000fdda10fe,29.32
26,2019-08-01T11:15:00Z,cf05623e4d87ce0906c0b0b7dbf53aacc1228016cd27c341228b6e76,60.18203,24.91341,00000000342570c2,20.28
27,2019-08-01T11:15:00Z,d156dc0f9b0cab9b6038bbb8f868b886d1df75bae05d46797b90e51e,60.16897,24.95222,00000000aa852af1,14.89
28,2019-08-01T11:15:00Z,dd2c9c82cf3737146294aff6f814a1349fb0bc4bedf518715dacbe8f,60.18203,24.91341,00000000342570c2,13.75
29,2019-08-01T11:15:00Z,f088630d7476dae7d4b7e2bb1f10575f2c89acb4b6e061f3d57c2b40,60.16531,24.9442,00000000fdda10fe,23.56
30,2019-08-01T11:15:00Z,fbee23a804f3617eb763e70fab49e56be0acb7b058efe128ad78e58e,60.16829,24.94214,00000000afef4555,17.4
31,2019-08-01T11:15:00Z,fc4f3a44235f1cfc7b53f14ba2da599976a5a0a220d23b852688e485,60.17919,24.95181,000000007b5207b6,17.4
32,2019-08-01T11:15:00Z,0024c06e4a6eb42a70cd40d9e938b8f7d6e3e4db458046d425ad75a0,60.16829,24.94214,00000000afef4555,12.69
33,2019-08-01T11:15:00Z,0050961c516becfa4328565be3a3b70da775a370c22a78241c354830,60.149,24.9843,00000000fffb8cf0,16.1
34,2019-08-01T11:15:00Z,00cecf7dcc46823d45ea3455f14370dcf5fb67b0e71b193d967d7869,60.17002,24.94407,000000006b087f40,9.92
35,2019-08-01T11:15:00Z,0171388cfec9066571e6ec21d730a3e50504bb08daffb97573d4188d,60.17919,24.95181,000000007b5207b6,14.89
36,2019-08-01T11:15:00Z,03e40502abd441e0ebd9b9557648666b00d119c2dfd5e19bfcf982fe,60.16075,24.95883,00000000f1124bca,21.87
37,2019-08-01T11:15:00Z,043dccd76de4c8e9b16652c922767de1d8bb7d5461b09c9fd3b7203c,60.16897,24.95222,00000000aa852af1,8.38
38,2019-08-01T11:15:00Z,04ca92c2f0b6c95cf0d0b7a33406dc6336f930c01c744b14e684572c,60.17065,24.93641,000000000f4919c9,9.92
39,2019-08-01T11:15:00Z,05ca5316eb4214ffee2d697a6702e4125965a83d5f4e5df56ed94cfb,60.16762,24.95415,000000006b44cce7,7.69
40,2019-08-01T11:15:00Z,05d43456da6dbba2b26f49e90844237207ec0c72345f53bc5a2cf036,60.16829,24.94214,00000000afef4555,16.1
41,2019-08-01T11:15:00Z,073d2e40810a4bf689371069203077caa350070235556dc58ed1f893,60.16762,24.95415,000000006b44cce7,18.79
42,2019-08-01T11:15:00Z,0762764588b858e2d136b5312fe8b8c5c0182db864664bba8fdfbf5b,60.15432,24.9211,0000000019fb59c4,7.05
43,2019-08-01T11:15:00Z,089f4f5c8b59793d5abebdf6dcff887b24d4c4295a95180b19c9382d,60.16897,24.95222,00000000aa852af1,11.7
44,2019-08-01T11:15:00Z,09508d0d9d6dbe615c399e6520b759acb20a40ba5ed329253bb06244,60.16897,24.95222,00000000aa852af1,17.4
45,2019-08-01T11:15:00Z,0a615ea51bac9d45a02a9dd2e715c2c4eef4ea23ce4185dd212f8e89,60.16531,24.9442,00000000fdda10fe,18.79
46,2019-08-01T11:15:00Z,0ac204d0910f0e32ef502847ae1f9ee0c94ba91e443cc65f3333fbb8,60.16897,24.95222,00000000aa852af1,25.36
47,2019-08-01T11:15:00Z,0ae0918a52f31e768e244beb8877103689c0e07f81d88378afe87991,60.17919,24.95181,000000007b5207b6,11.7
48,2019-08-01T11:15:00Z,0c7250f859b7b43027261f0457c8b96d239904973c036fa8947b26a4,60.16897,24.95222,00000000aa852af1,10.78
49,2019-08-01T11:15:00Z,0d444b11a5ddaea201afc9647071800605ccac65c217a355c14ab747,60.17919,24.95181,000000007b5207b6,18.79
50,2019-08-01T11:15:00Z,101315ce2200da15b8467a2793c00eb5b387eeb53050fa98210e6984,60.16897,24.95222,00000000aa852af1,33.81
51,2019-08-01T11:15:00Z,103376893d9a0e735fd52763893d110ba308340a5d39d3a9c2ea956b,60.16897,24.95222,00000000aa852af1,33.81
52,2019-08-01T11:15:00Z,106603786427091f8f6ff2ca4ada83973ef370ae41d454d51e2eb945,60.17002,24.94407,000000006b087f40,29.32
53,2019-08-01T11:15:00Z,114ba0cd68b6ad5a4a065a99c4bc7e6977592cda5743876da0535c50,60.17065,24.93641,000000000f4919c9,9.92
54,2019-08-01T11:15:00Z,118d907506c2ee2b2662f6e3ef465b2c56ad0ce65ac83a2d8f3d70ef,60.1538,24.95595,0000000038bf9618,23.56
55,2019-08-01T11:15:00Z,12a6d95ba73e5e19d7ca05faa8ba88c8bdc227925e31ffdf37b5f7f3,60.17919,24.95181,000000007b5207b6,12.69
56,2019-08-01T11:15:00Z,136e75e4dacd9aded81d4e4c1b4d388fb160ff35679992060102c818,60.16762,24.95415,000000006b44cce7,4.11
57,2019-08-01T11:15:00Z,13b83721cbcfd53baa072798c06fbe7e061fb0221d08fd0d8d70f661,60.16762,24.95415,000000006b44cce7,9.12
58,2019-08-01T11:15:00Z,1477846086bd051dc8d3da2ae829d70ec5ee19ad78f4771cf8dda4b3,60.17065,24.93641,000000000f4919c9,25.36
59,2019-08-01T11:15:00Z,14815646609b81f3912fd908069b68df0df2b966e4af0c5ed5ced9ef,60.16829,24.94214,00000000afef4555,11.7
60,2019-08-01T11:15:00Z,16c41c872ed91b3123a6da830de73c6a788ecdc261a1b589ba60ec15,60.16897,24.95222,00000000aa852af1,16.1
61,2019-08-01T11:15:00Z,16cc03288551f31f6e6ce761f3a3fda863a6b16779b65ac26d1fe226,60.149,24.9843,00000000fffb8cf0,17.4
62,2019-08-01T11:15:00Z,184e3f925e375e03451f9908d0ab6eaee6dbcb12fae42388c7f4666f,60.16762,24.95415,000000006b44cce7,13.75
63,2019-08-01T11:15:00Z,185143c43e27f81f2bbba3c8393e0cdd024e3be73c60ccd4ae685c8e,60.149,24.9843,00000000fffb8cf0,29.32
64,2019-08-01T11:15:00Z,1917b58adb31cde32aaf0faf90ad6d268e61130cb3ff1390e8e01de3,60.16897,24.95222,00000000aa852af1,29.32
65,2019-08-01T11:15:00Z,19274e4e2c8d00ce8bf20e9c3ebeea2efaf042526bd9a85a1eb188e2,60.16829,24.94214,00000000afef4555,4.94
66,2019-08-01T11:15:00Z,1a12411c88ffc019d1642392e3a6a9eb0b00414873e733c30e750916,60.14947,24.91438,000000004ef3150d,11.7
67,2019-08-01T11:15:00Z,1a472f0126bf07e18d6c06c47600b45f59df09d4f836d60384f345ed,60.17002,24.94407,000000006b087f40,23.56
68,2019-08-01T11:15:00Z,1b1d243998c880ac777381ac96462a104f69f0f4be1954b764c11289,60.16829,24.94214,00000000afef4555,7.69
69,2019-08-01T11:15:00Z,1b6ee95433ba0c29aca896aa923a6097b471ed6132c1b775d7e3a671,60.18203,24.91341,00000000342570c2,31.5
70,2019-08-01T11:15:00Z,1b8edde9d1a4892ca4555930e5543597bc9b6f3331393c1418b6d0b6,60.16829,24.94214,00000000afef4555,1.7
71,2019-08-01T11:15:00Z,1c04b7dcdf2479fe2a257634dbda617a5c63072eba3142d9ff87c446,60.16448,24.97323,0000000053c6c2be,16.1
72,2019-08-01T11:15:00Z,1c1d6610f9043d111cffad104f037cd50172e60d29b0052dd3d0d135,60.16829,24.94214,00000000afef4555,17.4
73,2019-08-01T11:15:00Z,1c484ecccdc6eeafb5edc2834f58f490f0ccd24127696ceafc80ac96,60.16762,24.95415,000000006b44cce7,7.69
74,2019-08-01T11:15:00Z,1d4b7ca3638c58b0e81d82f93f95154ca29535188320fa39d0f3da22,60.17919,24.95181,000000007b5207b6,14.89
75,2019-08-01T11:15:00Z,1d7b6a0822512c848b36ba097d2aebc370407a227dedcccdb8cb2ffc,60.16531,24.9442,00000000fdda10fe,5.91
76,2019-08-01T11:15:00Z,1ecbc7c6afe89033252e5510cbb893666af2b3bc29f555a3a6287fdb,60.14951,24.92138,0000000006dd41f6,3.4
77,2019-08-01T11:15:00Z,1f377c805dfcd2d1e38d5f70e03bfdf8fd60c16973cb4d0028fe61a6,60.17919,24.95181,000000007b5207b6,8.38
78,2019-08-01T11:15:00Z,1f6f2d69a2efba0e5c629049fe208a0f74c40e16c9459f49d708d2e9,60.16075,24.95883,00000000f1124bca,18.79
79,2019-08-01T11:15:00Z,21434387cfcb54fb2d42cd0b3e42cc9e96839405d1079887992eedc6,60.16829,24.94214,00000000afef4555,11.7
80,2019-08-01T11:15:00Z,2170061fb0baf1d90c0b41d87b5d6bbecb733a7beb46486353d68287,60.16762,24.95415,000000006b44cce7,12.69
81,2019-08-01T11:15:00Z,22f8937aa6a7a44f8b491cd2238c03c71ae6d02a8ed5fe1a5b7e29bf,60.16629,24.95957,00000000fb7600be,12.69
82,2019-08-01T11:15:00Z,2360a244a5c8e773742751f72a735aa03cdb3b6b900e6554fda9a218,60.17919,24.95181,000000007b5207b6,2.8
83,2019-08-01T11:15:00Z,240b06fafc7dfc3de21bb83ecf4ec04c392542c33182663e559c20ef,60.16531,24.9442,00000000fdda10fe,21.87
84,2019-08-01T11:15:00Z,24e6e669af40f4cb76990ad4c2a72337a6eafff3db0818256dc46339,60.1538,24.95595,0000000038bf9618,8.38
85,2019-08-01T11:15:00Z,25be47b15376ec6cd0d43f8bb20a003a39b436d2ce25e1512052c2f5,60.149,24.9843,00000000fffb8cf0,4.5
86,2019-08-01T11:15:00Z,25f0fa5ff403fec28bf636d55c0d726eef1cb1bab0a9f4838528d58b,60.17919,24.95181,000000007b5207b6,21.87
87,2019-08-01T11:15:00Z,262931558d3294fe11b69b4fdf420f46e79d4032347e8bb6e2365156,60.17002,24.94407,000000006b087f40,21.87
88,2019-08-01T11:15:00Z,264dfc03122bdd40aa37a7fcddde9f43c5fe0c461c3dca2aa36ae7c1,60.17918,24.95141,00000000675d5200,16.1
89,2019-08-01T11:15:00Z,265d07e9e5530982503dac4e918dc4e0e618e41bbeebd7bf67b8e6a1,60.17065,24.93641,000000000f4919c9,9.12
90,2019-08-01T11:15:00Z,268037845b90aa42f70e92b8c3724b2d77f04e84153d86e5861a18ad,60.16762,24.95415,000000006b44cce7,7.05
91,2019-08-01T11:15:00Z,299bafa2c63277d2eef8eeca122150765f11e3a6468b273dec063544,60.17919,24.95181,000000007b5207b6,3.74
92,2019-08-01T11:15:00Z,2c3d38e33ebb3018c972c8fcae449cc68502c57ebddadc06862c2ed7,60.149,24.9843,00000000fffb8cf0,3.4
93,2019-08-01T11:15:00Z,2d187064a5da54d452cb519639211f2e6d87595b430d39db9c43075b,60.16531,24.9442,00000000fdda10fe,3.4
94,2019-08-01T11:15:00Z,2de9cbb2b082097ece40704680dc4302641a1a351fe6bbf70cbe947f,60.149,24.9843,00000000fffb8cf0,14.89
95,2019-08-01T11:15:00Z,2e198f4f35f113f7691a8e3c4d245a3a253604b1c7f1f609937347e1,60.16762,24.95415,000000006b44cce7,5.91
96,2019-08-01T11:15:00Z,2e1b8e91a8fa76f32be23e920f5085339d91577b6db1b2b320779904,60.16531,24.9442,00000000fdda10fe,10.78
97,2019-08-01T11:15:00Z,305c1a685ea94593f8adbbe47c612a5a0bd85ce9fb56b582c34b3fed,60.16762,24.95415,000000006b44cce7,9.92
98,2019-08-01T11:15:00Z,31c4056f5520b1d061104650c5faccc3cd13ebd2dce791c5fb6ce750,60.16762,24.95415,000000006b44cce7,5.41
99,2019-08-01T11:15:00Z,32058e65e83060e63b63d4d83b1c4ec45bd5e3f1127a2dde44e3e59f,60.15432,24.9211,0000000019fb59c4,7.69
100,2019-08-01T11:15:00Z,32aa7dcba7c20db6e44b6348eaae733225133050bc6831498213e2c8,60.149,24.9843,00000000fffb8cf0,25.36
101,2019-08-01T11:15:00Z,32f23c14cd27239e4d5346cbe7b1148f3e30d9ff3ce59e6abe415dad,60.17919,24.95181,000000007b5207b6,7.69
102,2019-08-01T11:15:00Z,3371f3a1a734761785c4e66aecfe4599488e762b7a1592e1f0271cdf,60.16897,24.95222,00000000aa852af1,18.79
103,2019-08-01T11:15:00Z,342983b398c6db7020f2e0109cda4019fc92c5e5c5d7ba749612fbf2,60.16544,24.95398,0000000038d83d41,17.4
104,2019-08-01T11:15:00Z,3574fe133b05abb8d55e3544d8d9189ef383e2987432c15e18095e99,60.16629,24.95957,00000000fb7600be,8.38
105,2019-08-01T11:15:00Z,3578e7b0107b04bfffb787a037d3d674ac858e0381b67b5b40f5d051,60.16075,24.95883,00000000f1124bca,5.41
106,2019-08-01T11:15:00Z,358efdfa94b5fd2a90562eac923ddf4b51f2766456ccca1261846b4e,60.149,24.9843,00000000fffb8cf0,20.28
107,2019-08-01T11:15:00Z,35eeb507b6ca22803b77b838192c2969be4cf82387fb141dfa6141dc,60.17919,24.95181,000000007b5207b6,6.46
108,2019-08-01T11:15:00Z,36835c324d6c0cacd67744c2e4a3f3ce39fa1c28658bde3da068e02d,60.14699,24.922,00000000a53ed894,31.5
109,2019-08-01T11:15:00Z,38860ef3751d6be55616f954d6b135102f41d2d6e72235e17fe3dd53,60.18203,24.91341,00000000342570c2,13.75
110,2019-08-01T11:15:00Z,39a38fdae4b56e110c3d0c2faba52fdd04e177de183d1b8029900947,60.16829,24.94214,00000000afef4555,11.7
111,2019-08-01T11:15:00Z,3c89a93df9e0965bfca8ebb113f84903ac3de2f30d5e5a3ba71b2d3c,60.16897,24.95222,00000000aa852af1,4.5
112,2019-08-01T11:15:00Z,3cbee5ba59cd469cb77bde4be8eeb80a2a9bb2c6288054691c27b393,60.14951,24.92138,0000000006dd41f6,17.4
113,2019-08-01T11:15:00Z,3d83bf738870d7d77ff0a53c075081c3e1c081c5385d4196cfe8ac77,60.16762,24.95415,000000006b44cce7,9.12
114,2019-08-01T11:15:00Z,3e34ceeb9f64549f0591b94a9607f8f77da1b731f651a2a2ef573862,60.16762,24.95415,000000006b44cce7,13.75
115,2019-08-01T11:15:00Z,3f43e37bcac3621dee4b58ac167401a5d2d221d97d1bd5790c712c49,60.17918,24.95141,00000000675d5200,16.1
116,2019-08-01T11:15:00Z,3ff1ea013d48ffa5edf776823a12720dd895e0ae6815b95e6634f49b,60.16629,24.95957,00000000fb7600be,27.28
117,2019-08-01T11:15:00Z,400994f56a64cf7164c6b07e101c3f2b86e1c2e6929212108dddcdfb,60.14947,24.91438,000000004ef3150d,17.4
118,2019-08-01T11:15:00Z,40bd6aa03152fe04e9d3edcfd596f385897be05681882219ba8d2a0f,60.16629,24.95957,00000000fb7600be,38.87
119,2019-08-01T11:15:00Z,413ba511633b8262e0e91878864ac5756fc40b447c0fa441ec60ef56,60.16897,24.95222,00000000aa852af1,18.79
120,2019-08-01T11:15:00Z,41a9c63ab4ad1b552bb0b3ce335e7293441ceefbbff1980e2588cbef,60.16829,24.94214,00000000afef4555,18.79
121,2019-08-01T11:15:00Z,41bfb90b0b6c16c23cad614ff5010a3d45e456780f9f332c8c3cc9af,60.16544,24.95398,0000000038d83d41,23.56
122,2019-08-01T11:15:00Z,42844e90c7134ebb3ec325f57cd27cd24711c779548ebc8692a820d5,60.14951,24.92138,0000000006dd41f6,3.74
123,2019-08-01T11:15:00Z,42d824ab152b5572156a0d86b03c016da8a30f5bd4c1cf1f231bc723,60.16448,24.97323,0000000053c6c2be,21.87
124,2019-08-01T11:15:00Z,43abce4b0c66956edf97d4b13ca49245d788f554288a6afd722a4a36,60.16762,24.95415,000000006b44cce7,8.38
125,2019-08-01T11:15:00Z,4459aa54dd2f7385430036a6d72977576155a7903b26ff5a4175132b,60.16829,24.94214,00000000afef4555,21.87
126,2019-08-01T11:15:00Z,44b7a5c9870b935c5190e9f92270a0347f4f35e9ce578f8d5dc9fbc2,60.17919,24.95181,000000007b5207b6,20.28
127,2019-08-01T11:15:00Z,44e8c4a3ecd3a82b8ad90bc7a071dc4c5cbd570b9870d51e808566b8,60.16762,24.95415,000000006b44cce7,18.79
128,2019-08-01T11:15:00Z,4588c1fce7b444ffcf98e573b3723010ed2aedda4233c3823795fbc4,60.16897,24.95222,00000000aa852af1,9.12
129,2019-08-01T11:15:00Z,46994ddd1839a7564bb2290abdcdbc2efc0a2bb17af0c0e1944a38fc,60.16531,24.9442,00000000fdda10fe,11.7
130,2019-08-01T11:15:00Z,475947d79ae60534ab670173045306022d1bb8a7b6858eacd0ff87d6,60.17065,24.93641,000000000f4919c9,0.34
131,2019-08-01T11:15:00Z,47f399bb61312517e24934d7f80236c9459cff7b77ea3eea476615ce,60.17065,24.93641,000000000f4919c9,7.69
132,2019-08-01T11:15:00Z,480f18fb8975ebf29455acd912cb627fa660d17fdf988a078b88c4a9,60.16531,24.9442,00000000fdda10fe,5.91
133,2019-08-01T11:15:00Z,4991fccd7043dc0cb6549c05a4b60e29bdaa414f7de5fcc572534c50,60.1538,24.95595,0000000038bf9618,17.4
134,2019-08-01T11:15:00Z,49a783a2debfcb3f9b406cc8ae69ed6cfbaf1152c87bcbd270ca63f9,60.16448,24.97323,0000000053c6c2be,20.28
135,2019-08-01T11:15:00Z,4b0bf89eadaa67d5f789e119ba8cbb0103e324687518d3f841395529,60.16762,24.95415,000000006b44cce7,9.92
136,2019-08-01T11:15:00Z,4b7ae766285a9e5d2b15fe6102532c99b76929a54b773e8a11b0c89c,60.16829,24.94214,00000000afef4555,9.92
137,2019-08-01T11:15:00Z,4b8ce8528c55fb01cdace15aa8d23cf0df497474103ae547794daa60,60.17065,24.93641,000000000f4919c9,14.89
138,2019-08-01T11:15:00Z,4d3084ac38378a9b1a1e7cf1ccd8a6b441321704eb115168d90c137f,60.16629,24.95957,00000000fb7600be,13.75
139,2019-08-01T11:15:00Z,4d965fd3d6267ab937f3d3ffadecc9b4fbbd47d49b398c0af1ded24a,60.16762,24.95415,000000006b44cce7,14.89
140,2019-08-01T11:15:00Z,4daa4f7292ab15dfb820a7a0573a07d440c435ca9a5e11b751bc0c35,60.17065,24.93641,000000000f4919c9,18.79
141,2019-08-01T11:15:00Z,4e21a3471a747ec77f884d45e297aefca693a127e897ba631755f0e2,60.16075,24.95883,00000000f1124bca,9.92
142,2019-08-01T11:15:00Z,4e3836ed8fe889aa49b4cd1a3f88b2e556294bb9cf0d899c0cadb154,60.16762,24.95415,000000006b44cce7,4.94
143,2019-08-01T11:15:00Z,4e7170d35829b9c9feb36bdddd46beb0a3a3376aafd5249fc476e16c,60.16897,24.95222,00000000aa852af1,21.87
144,2019-08-01T11:15:00Z,507bdd4cf5d3bbd4d8554912a7c23a836b45351562847c4083089f1c,60.16762,24.95415,000000006b44cce7,12.69
145,2019-08-01T11:15:00Z,50cb6b3273bf13fa81766081f9f670f553db6b307c67b1c665a86a54,60.17919,24.95181,000000007b5207b6,4.94
146,2019-08-01T11:15:00Z,5119204c88862798e4d4a2d7e21dfca3e19d46896bc10508a57db7b3,60.1538,24.95595,0000000038bf9618,8.38
147,2019-08-01T11:15:00Z,5126063e9881ef89b4ee9e86aa4dcb322379c5a7b6da4fb30ceda5ac,60.16762,24.95415,000000006b44cce7,9.92
148,2019-08-01T11:15:00Z,5192090ae4dba834146877017d1f3c6e97f42430627326e52f8f9daa,60.17002,24.94407,000000006b087f40,23.56
149,2019-08-01T11:15:00Z,519cfdc0edba065d1b21b1b2833c13858a76b88feb6600ab2cf4eb01,60.16544,24.95398,0000000038d83d41,23.56
150,2019-08-01T11:15:00Z,5333373be7a45990367d51e628ebc887173ade00f28da28126a88772,60.16897,24.95222,00000000aa852af1,9.92
151,2019-08-01T11:15:00Z,5477d8c9aaf8f55df1b54b7cf766e2384aa2844d1398442b5997e594,60.16897,24.95222,00000000aa852af1,10.78
152,2019-08-01T11:15:00Z,547f1e2bfe5aac3205d2df94032c8daf1310ba7dad8b30626ef0c0a1,60.16762,24.95415,000000006b44cce7,23.56
153,2019-08-01T11:15:00Z,54f4397235efc607e89c12e91dd5dd9a33df4562c7ae6c8bd92ad2f8,60.17002,24.94407,000000006b087f40,25.36
154,2019-08-01T11:15:00Z,57f33276dd9e285628e6741c0eadbc5221deb2d343c738366db5af40,60.14947,24.91438,000000004ef3150d,5.41
155,2019-08-01T11:15:00Z,586c70ce92f323d3ca5905f1a3966d1db05ef5c4afdc6efeb4d65d93,60.1538,24.95595,0000000038bf9618,36.27
156,2019-08-01T11:15:00Z,58752434e65305116ebed967ac346ddf513a9676295000d0c0d5e9ad,60.17065,24.93641,000000000f4919c9,23.56
157,2019-08-01T11:15:00Z,587b8ad2d597454e22b4a8cf1b30b78f2c958189492de235d9b16579,60.16829,24.94214,00000000afef4555,29.32
158,2019-08-01T11:15:00Z,587c33ac21b509f15df70b30bd3db7d16df85339fc4430056e2a3933,60.16762,24.95415,000000006b44cce7,21.87
159,2019-08-01T11:15:00Z,58ca90c07ce7ca341958a9fc675b9407e503408ec329562370916c4b,60.16448,24.97323,0000000053c6c2be,21.87
160,2019-08-01T11:15:00Z,5af280c6994c089d639b7df44723bce8151a8b7fa7b4ab519f366b68,60.17065,24.93641,000000000f4919c9,23.56
161,2019-08-01T11:15:00Z,5bb856ccfb9de47fdd66d7727633e068f645068f486d6723e800251c,60.17919,24.95181,000000007b5207b6,17.4
162,2019-08-01T11:15:00Z,5c3537c789da6f434851e373d6910ccee86da55a6acfa3c80691a3de,60.16531,24.9442,00000000fdda10fe,7.69
163,2019-08-01T11:15:00Z,5c8d43c0483fb47ac75d45180377fd4b67d88c139ae73ba0d834f955,60.17918,24.95141,00000000675d5200,16.1
164,2019-08-01T11:15:00Z,5c8ed27422d1d55d0df4c87b4e4897dc6682b13216bf3c3d9d225f6a,60.16762,24.95415,000000006b44cce7,12.69
165,2019-08-01T11:15:00Z,5d22f332c756212d62b17cfded09c34283fc015be318f14d8c6ce749,60.16075,24.95883,00000000f1124bca,7.05
166,2019-08-01T11:15:00Z,5d71ad6711e05342657385656eba166e5b3adcacce09046292e39782,60.16897,24.95222,00000000aa852af1,29.32
167,2019-08-01T11:15:00Z,5e627e36035170362769e64eec34b17ea52f98de21a5e39becd67d38,60.14947,24.91438,000000004ef3150d,25.36
168,2019-08-01T11:15:00Z,5f56a5210441f109578b85e248b707c90cfd9012956df1ae8325970e,60.16897,24.95222,00000000aa852af1,21.87
169,2019-08-01T11:15:00Z,60078951deaf9b5ff9386784ba526e870293d383293e9d9b966a8231,60.17002,24.94407,000000006b087f40,20.28
170,2019-08-01T11:15:00Z,61f590670632e9d44797932a440159676fc31fab4df8ed278dcde25c,60.16762,24.95415,000000006b44cce7,9.92
171,2019-08-01T11:15:00Z,6343b8d4d04b8b4f5d11bb5a7df7293675ecd9f7d98f2494a863baa0,60.14947,24.91438,000000004ef3150d,11.7
172,2019-08-01T11:15:00Z,636b9fa95b46a3cfa60223490a44a52379fe184e3ccd6d03987f7353,60.16897,24.95222,00000000aa852af1,17.4
173,2019-08-01T11:15:00Z,63bbb0ae510033dfcb4feb8eebaf3aa9c0dbe41de51a17af5f3a152a,60.17065,24.93641,000000000f4919c9,31.5
174,2019-08-01T11:15:00Z,66051c4dd2b825639c15b950bf85c49dbc99c1234872593f3a4ff5db,60.17919,24.95181,000000007b5207b6,21.87
175,2019-08-01T11:15:00Z,6742ab06a5012139b1b7c86926a16eedb1bd7893fb07ef940f988d4a,60.1538,24.95595,0000000038bf9618,23.56
176,2019-08-01T11:15:00Z,67fe2351e54dd3f577a5cc23030f2a8e3a0a3a82d42fc57baa2642c1,60.17002,24.94407,000000006b087f40,25.36
177,2019-08-01T11:15:00Z,6861128f013836aff63ba9fc579e06cab86ea1d680472bca2209f05b,60.16829,24.94214,00000000afef4555,7.69
178,2019-08-01T11:15:00Z,69ec727d0ccba6f0777993e81c0e88c5d2b77ea77e10cd2728dde545,60.16762,24.95415,000000006b44cce7,9.92
179,2019-08-01T11:15:00Z,6a24965768717610446aeb01fe1210257c0f204c86ad94a0937b44a9,60.16829,24.94214,00000000afef4555,12.69
180,2019-08-01T11:15:00Z,6a42e66b93d082d85b1f71267100561b3ea707e9161bfc9fe6497c32,60.16897,24.95222,00000000aa852af1,13.75
181,2019-08-01T11:15:00Z,6a6cf18f36abbce82818617aa7a0e881aa0928e1dc6b4e348268faae,60.15432,24.9211,0000000019fb59c4,9.92
182,2019-08-01T11:15:00Z,6bd8f29dd69224345723669424cf7a61a7315a6f812ef43e5a7a44da,60.16762,24.95415,000000006b44cce7,23.56
183,2019-08-01T11:15:00Z,6e463430c00b126f498b4401d5d25e8ec90618640fc2b17871820e44,60.16829,24.94214,00000000afef4555,16.1
184,2019-08-01T11:15:00Z,6e4911ca80ca5317459fa0c8232a315903e9dfdcb929960e9039fa87,60.15133,24.92329,00000000e8a064a4,27.28
185,2019-08-01T11:15:00Z,6e8788e91011906d5c153c5bf05bc13bb1eaa1d55443c98c2f96032f,60.14947,24.91438,000000004ef3150d,7.69
186,2019-08-01T11:15:00Z,6f5a1c3836d9ec6bda8995c0a1a5194ef65c99b771a9d104ff395c3c,60.15432,24.9211,0000000019fb59c4,7.69
187,2019-08-01T11:15:00Z,6ffeba878e9ad0875b40e91e5f7a00f488c3e9fcaa52c338b431f322,60.15432,24.9211,0000000019fb59c4,23.56
188,2019-08-01T11:15:00Z,70a9dc5588fd74fbef2523a4411bdaeb57d23d9ceff97f6a8bd73998,60.16531,24.9442,00000000fdda10fe,38.87
189,2019-08-01T11:15:00Z,72ada64a130204eb2ec072cdc4e4daf4d1efb4da7f01c34560b9775c,60.16448,24.97323,0000000053c6c2be,20.28
190,2019-08-01T11:15:00Z,72b377e50c94ac581c9164a363088e524af85fc3bf91f82b1c448dd0,60.16531,24.9442,00000000fdda10fe,5.91
191,2019-08-01T11:15:00Z,730cc6d27a79a43ad6559749026d34be51ea8e8dbf63363b119dfa37,60.16762,24.95415,000000006b44cce7,7.05
192,2019-08-01T11:15:00Z,7355b16404ad998718e3a80620058bd06ff1e75ab514a47e4583cb91,60.149,24.9843,00000000fffb8cf0,1.25
193,2019-08-01T11:15:00Z,7359b78108664255061a59bc9603833389ee3867de5c7522adcf6cec,60.14947,24.91438,000000004ef3150d,9.92
194,2019-08-01T11:15:00Z,7430bda7c3d92aa46035af3f4a40bd58218e158305743d5c31819cdf,60.16629,24.95957,00000000fb7600be,18.79
195,2019-08-01T11:15:00Z,743437b1b242e8d559ecaabf1ac0a59f7279bb2fc66ef09f28f88165,60.1538,24.95595,0000000038bf9618,16.1
196,2019-08-01T11:15:00Z,7457f10c58fe3f390d978b082ecd679906bfe8cf976b7818174808ac,60.15432,24.9211,0000000019fb59c4,14.89
197,2019-08-01T11:15:00Z,74cb545f76f0bfc5498607247e26e814276a11ce91f77208054ecbc5,60.17002,24.94407,000000006b087f40,25.36
198,2019-08-01T11:15:00Z,75ab522f47a8f445f57f7d745090a79b0e1c59c8b33e5434d68e7361,60.15432,24.9211,0000000019fb59c4,4.11
199,2019-08-01T11:15:00Z,7766f1d111402b614f5cf0892dbf4b5df182b45e15a25cf2b566a128,60.16829,24.94214,00000000afef4555,14.89
200,2019-08-01T11:15:00Z,77a066fb053e45727b1eef80464d529da1e48b1040355419963a36a0,60.17919,24.95181,000000007b5207b6,3.4
201,2019-08-01T11:15:00Z,77dd88ae4370d25c7cb53ac56242e959a92c14b7f787e4caf13a268c,60.16897,24.95222,00000000aa852af1,16.1
202,2019-08-01T11:15:00Z,7b2801c5cd717d2ac7e4a846cf0a965ac29ffe8dbbb7b0bf716a4502,60.17918,24.95141,00000000675d5200,20.28
203,2019-08-01T11:15:00Z,7b7718794ef2e4c2e916439cfd449330b420f5a044d92119ae5f6448,60.16829,24.94214,00000000afef4555,23.56
204,2019-08-01T11:15:00Z,7c56c0077ab4d9ebb709ff2b068b7389baa76e75bde279ba9bcb87b6,60.1538,24.95595,0000000038bf9618,11.7
205,2019-08-01T11:15:00Z,7d72dbd7ec61834ac7d8849c49ea5a2a00caa29edbcb012cd1a752ed,60.16897,24.95222,00000000aa852af1,18.79
206,2019-08-01T11:15:00Z,7e58e67714685e90b7c20d4c5e0c57583da2ec3d00d35ea929b39825,60.16897,24.95222,00000000aa852af1,25.36
207,2019-08-01T11:15:00Z,7ebdaceda450d688cdd93224581911a7de8a91cf22d78f82f37b60a5,60.16448,24.97323,0000000053c6c2be,11.7
208,2019-08-01T11:15:00Z,7ef5fb89229717324aff0f555bd3601dcdc631bb316e91a5f8f9032b,60.16762,24.95415,000000006b44cce7,9.92
209,2019-08-01T11:15:00Z,7f42eb769661ebea93eb0d1a2c993997d68f402ab87499e9c6a843e2,60.17919,24.95181,000000007b5207b6,3.74
210,2019-08-01T11:15:00Z,7fed98e4f49bb7e767a10c39eddcda83e71b453e437f2276a44eb3cd,60.16897,24.95222,00000000aa852af1,5.91
211,2019-08-01T11:15:00Z,805f674bce0a13a29f5d5e25f04a1cd238fa6dc7f4b583812feb9399,60.16762,24.95415,000000006b44cce7,8.38
212,2019-08-01T11:15:00Z,812bcf72ef14d45252cbdeef05e75a093d74472711d8bfe5cb6a5ef1,60.17919,24.95181,000000007b5207b6,12.69
213,2019-08-01T11:15:00Z,82232f6372d7f506024581fb4d2484026d15ae6e958865495d8ce524,60.17002,24.94407,000000006b087f40,20.28
214,2019-08-01T11:15:00Z,837ca52d71427e78ac8406b6ce1e606771acf7efea5a60720f278bec,60.14947,24.91438,000000004ef3150d,21.87
215,2019-08-01T11:15:00Z,83c7708bc854cc6d3841189b81e7ef85477c773cd785f07bccc66260,60.16762,24.95415,000000006b44cce7,4.94
216,2019-08-01T11:15:00Z,83ec86efc60bfc7b08f9a938bf12fb410c25b77ff5bc4dd1bd327443,60.17919,24.95181,000000007b5207b6,12.69
217,2019-08-01T11:15:00Z,8413aa010d41dd3fe142aea463f6e79e83e8e41ebf2db988775c13bd,60.14947,24.91438,000000004ef3150d,16.1
218,2019-08-01T11:15:00Z,848c03653f67c99008a4ff8bcf1c95a71dc6080492d102d6218dbd29,60.17002,24.94407,000000006b087f40,21.87
219,2019-08-01T11:15:00Z,84eb26cdb55d00102675c5afa886f0528700faf92366a5a63e3899db,60.16762,24.95415,000000006b44cce7,9.92
220,2019-08-01T11:15:00Z,8542e82a974f256c31afceb3f929ff42c379d833269cfcf2e9782f96,60.17002,24.94407,000000006b087f40,27.28
221,2019-08-01T11:15:00Z,88491a5695ae668867c429548285df0039c98a158ddc3822039270e4,60.14947,24.91438,000000004ef3150d,25.36
222,2019-08-01T11:15:00Z,884f7ec91111188d92db3bb8abf9f0c9bae653cb383725d0f640d5ed,60.1638,24.96846,00000000d747f075,25.36
223,2019-08-01T11:15:00Z,886cf22b80fb946a07b066198c87d0c19c18b9097c7a8ac2d5b3339b,60.1538,24.95595,0000000038bf9618,25.36
224,2019-08-01T11:15:00Z,89dd7ec6c6555f0b5c4279e22a2f47c786d3d1ecce9036bd4907fa86,60.16897,24.95222,00000000aa852af1,14.89
225,2019-08-01T11:15:00Z,89f89bc961f4b06c6a3ef3eea5201a8b601e73280d08bf427406da7d,60.149,24.9843,00000000fffb8cf0,18.79
226,2019-08-01T11:15:00Z,8a901722cc693f32da7862f3ec74bae2bb546536a38302e854c3cb88,60.17919,24.95181,000000007b5207b6,17.4
227,2019-08-01T11:15:00Z,8b40169fe5b714e265d419c26de1df1bc4f668a5770c72bece5426a2,60.16762,24.95415,000000006b44cce7,7.69
228,2019-08-01T11:15:00Z,8c0630e691e2747355419ac817031c32d045cb18b307f79201a7c45e,60.14947,24.91438,000000004ef3150d,13.75
229,2019-08-01T11:15:00Z,8ccb95df8bba4710cb75eb0143990797b43077263c6f37b5bc8ec865,60.17919,24.95181,000000007b5207b6,11.7
230,2019-08-01T11:15:00Z,8cccd205d55f8d95101bed4ebb67669527e7f295fad9536bfe20af35,60.17919,24.95181,000000007b5207b6,18.79
231,2019-08-01T11:15:00Z,8daaf35198c3dd1612545288aacbb51259f7283311085324f27d56b3,60.18203,24.91341,00000000342570c2,11.7
232,2019-08-01T11:15:00Z,8e6cdc8781250492e0070f3f8d971b4a53a22912772a1a236037ce09,60.17918,24.95141,00000000675d5200,14.89
233,2019-08-01T11:15:00Z,9049a3a5f016da5740249a3a4c7bbc21b760249e5039eede1f2198e1,60.16762,24.95415,000000006b44cce7,16.1
234,2019-08-01T11:15:00Z,906e39956e5ce4269d1c2075f7870a98bd44f53730905b223c14d2a0,60.16897,24.95222,00000000aa852af1,17.4
235,2019-08-01T11:15:00Z,908d17ff119c16f8d7a326d81205675ed5ffb555a78f1b1d33b1dc23,60.173,24.92524,0000000096918cfa,3.74
236,2019-08-01T11:15:00Z,9176c824d0c2d1f493a90e393bc79f2e48c0579a6efc6ccc3df21d29,60.16762,24.95415,000000006b44cce7,3.4
237,2019-08-01T11:15:00Z,92ca2d4a7649b4b2b3539653966b7e0143a9e08ee75f9c9951380adc,60.16762,24.95415,000000006b44cce7,6.46
238,2019-08-01T11:15:00Z,96556421e3aa1b84af7110f45d7c58833cc6d14bfed8d952bdb109ca,60.1538,24.95595,0000000038bf9618,18.79
239,2019-08-01T11:15:00Z,96ca0fcd2334c74cdeb03143a323454c08ed85d0124ff2403004484c,60.16897,24.95222,00000000aa852af1,11.7
240,2019-08-01T11:15:00Z,98ba8925959f90f97c609d62fe7241fdc0a64a39b394a85fb5d2be18,60.149,24.9843,00000000fffb8cf0,27.28
241,2019-08-01T11:15:00Z,9928271d490e28349b250d0e09fa1fb8ca852ca368858a962f826b4e,60.16762,24.95415,000000006b44cce7,13.75
242,2019-08-01T11:15:00Z,997e6bd76d33cb2766aa59edbefb6e3c12a5c491bafbd54582a7beb6,60.16762,24.95415,000000006b44cce7,5.41
243,2019-08-01T11:15:00Z,99a026b5100e23129fa529e9a57a3dbc8490dc03b58f2193f03e2dcf,60.14951,24.92138,0000000006dd41f6,5.91
244,2019-08-01T11:15:00Z,9a826c01b71d0a4edbbbe89de2929ff4df97ab6f928e3887e0438506,60.16829,24.94214,00000000afef4555,5.91
245,2019-08-01T11:15:00Z,9ac5919cb4bbf710009bb439dcbbd7c73a394f9fa39f966a430c3c28,60.16829,24.94214,00000000afef4555,10.78
246,2019-08-01T11:15:00Z,9b973109a63e44d362f4a373a3e2267d7bd539fef276ff8afbb687b2,60.15133,24.92329,00000000e8a064a4,20.28
247,2019-08-01T11:15:00Z,9bea46528a986e3875047c0aba3740c6f39a80eb4e6dc775c8fb65cd,60.16629,24.95957,00000000fb7600be,14.89
248,2019-08-01T11:15:00Z,9c4b360b295e3b41ca9ca619cf2b9ae9c3b60b350767de4f0c360e74,60.16629,24.95957,00000000fb7600be,4.11
249,2019-08-01T11:15:00Z,9c8b14a58c7892bd7224681df3169d18b0c81fd5b3cbb5036c0bd4de,60.16075,24.95883,00000000f1124bca,11.7
250,2019-08-01T11:15:00Z,9cb0d27d99864e84d591cdb93bedf85bc87fdcf4a1e83b158e93e2bb,60.16762,24.95415,000000006b44cce7,9.92
251,2019-08-01T11:15:00Z,9d0beebe648af9a69b7ef48d45ecf909da3ca86832cd86ba27c3ee41,60.16897,24.95222,00000000aa852af1,4.94
252,2019-08-01T11:15:00Z,9e844b55fb3ef8ed52357738a9403376c5e490de7f0c742765198854,60.16531,24.9442,00000000fdda10fe,17.4
253,2019-08-01T11:15:00Z,a2640611eb166d313dc1708fbfc7f1cb3a52f0a0111c5add39d8a6cd,60.16075,24.95883,00000000f1124bca,10.78
254,2019-08-01T11:15:00Z,a2df06bb0a428aa2eae13dcea9507a2a6985ecef49ec7f776678a1ad,60.16075,24.95883,00000000f1124bca,25.36
255,2019-08-01T11:15:00Z,a35af3686e4d1e0ba1a42f0a90c1246f25187fddfa7c306586ffba8e,60.17065,24.93641,000000000f4919c9,17.4
256,2019-08-01T11:15:00Z,a38c11c450b472b9dad2f076e2d9a63651292d3de806331d06af7f46,60.16531,24.9442,00000000fdda10fe,31.5
257,2019-08-01T11:15:00Z,a3c1aceecdead715a1822f77229d842a8a5b54bd7013cce430ddff2c,60.16829,24.94214,00000000afef4555,20.28
258,2019-08-01T11:15:00Z,a3ca31dbae17373931bb4191351318b0b4c004284f0a66036a048ea7,60.16762,24.95415,000000006b44cce7,25.36
259,2019-08-01T11:15:00Z,a3df0b201eee423b345fa9a7379b42b6446dbe8e9bac80d6e122ceb6,60.14947,24.91438,000000004ef3150d,23.56
260,2019-08-01T11:15:00Z,a6108bc1c4a4b9848e670ac501a426ae35ef5ac63af10b69136a3d9c,60.14947,24.91438,000000004ef3150d,13.75
261,2019-08-01T11:15:00Z,a6d010615b0732a971c180467cd17865327688c7e6c60628c3d452d3,60.16762,24.95415,000000006b44cce7,12.69
262,2019-08-01T11:15:00Z,a83c925318201b456a8d0f7d7a2f51aeea28f26e1ffc061036df9e54,60.16629,24.95957,00000000fb7600be,8.38
263,2019-08-01T11:15:00Z,a8f4ca5b50beeeb653a687c74a770a1e4097f521af7c456bdcaea124,60.16829,24.94214,00000000afef4555,17.4
264,2019-08-01T11:15:00Z,a9ee2aabbd32919adf0325ca2f2c5f8e0ba801bc168e8756cda957da,60.16629,24.95957,00000000fb7600be,14.89
265,2019-08-01T11:15:00Z,ab1b646a5b576c2ad79c842018baaaec94b4af671091664cfb0db55c,60.16829,24.94214,00000000afef4555,4.94
266,2019-08-01T11:15:00Z,ab946639869fedbb8dfe2ba1a4da9189ca58baffb3925a6554799187,60.15432,24.9211,0000000019fb59c4,8.38
267,2019-08-01T11:15:00Z,ac16f9a403bebe530098004c00aaf2d6854cf2fa3e97a5f2a633b838,60.16762,24.95415,000000006b44cce7,13.75
268,2019-08-01T11:15:00Z,ac70f3ed12f0944a2fc7472ca44b1b8983db7ae2fe3af78179ffeef3,60.1538,24.95595,0000000038bf9618,27.28
269,2019-08-01T11:15:00Z,aec49e1247c8689c2958f5c9e65071753b48543513a454df01fde530,60.16897,24.95222,00000000aa852af1,17.4
270,2019-08-01T11:15:00Z,afecdef10717be5ed9c2f26744015bcc2b783d409ae7f050f08e63e5,60.17919,24.95181,000000007b5207b6,12.69
271,2019-08-01T11:15:00Z,b26901cf150a8b707584a8413ebebd28fb0dc5beb79ae659eee11792,60.16762,24.95415,000000006b44cce7,3.74
272,2019-08-01T11:15:00Z,b27409d3a315ee4326c7ae319c46ab91b6ab1fbb577661e2ec96ed21,60.17919,24.95181,000000007b5207b6,31.5
273,2019-08-01T11:15:00Z,b4f457ab9cd419c06b0b85a02e7aaa542ab3fccc9722229d6f14c5f2,60.14947,24.91438,000000004ef3150d,21.87
274,2019-08-01T11:15:00Z,b5bc9a27198531a5a92a252041b66c2fa18b4a407dd1ed8337e266b4,60.16762,24.95415,000000006b44cce7,12.69
275,2019-08-01T11:15:00Z,b5f3d0dc45c8eb157b169b474b06339d2fe8f8b2c48d1843c85831d6,60.17002,24.94407,000000006b087f40,21.87
276,2019-08-01T11:15:00Z,b6832b5d8721175df8b662b6fdec205572e38cf69286d65046be388d,60.16762,24.95415,000000006b44cce7,7.05
277,2019-08-01T11:15:00Z,b73e1101022661f2f4324f66a2194c2be42d7f403aa446fade5131e9,60.17002,24.94407,000000006b087f40,25.36
278,2019-08-01T11:15:00Z,b74aed3dc20eddde24523aedd9a189bdbcdd861d5032541fd5ce235e,60.16762,24.95415,000000006b44cce7,5.41
279,2019-08-01T11:15:00Z,b7de4e97f177d17f1ac6e93ae9b4849e841ac2a12f6c6ace38dbe6f6,60.16762,24.95415,000000006b44cce7,7.69
280,2019-08-01T11:15:00Z,bd1dba9da75456d5440a59b390064e573b46a55a28b97fe81e5d580d,60.16762,24.95415,000000006b44cce7,7.05
281,2019-08-01T11:15:00Z,be5175ee0bf7db3f02bd612af3872a70608b9339846bd1302731bba3,60.16075,24.95883,00000000f1124bca,23.56
282,2019-08-01T11:15:00Z,bfb9918a44131e64ce370c985079c6a5d1a542265216c1a50d9e9549,60.149,24.9843,00000000fffb8cf0,16.1
283,2019-08-01T11:15:00Z,c0409a6976e974676c8bbfe97a128e2e339981e2cc368df96bd428f3,60.16829,24.94214,00000000afef4555,9.12
284,2019-08-01T11:15:00Z,c2f972ea7dc922ac0e92cfbb7120465b3ce7c5b5cb8454707c83cf20,60.14699,24.922,00000000a53ed894,20.28
285,2019-08-01T11:15:00Z,c352f0334d15e6f0389df824043bb7c2ed38f52e0bb73cf61040f558,60.16531,24.9442,00000000fdda10fe,29.32
286,2019-08-01T11:15:00Z,c36d87135ea0c43da8f0f951e53f15f6adbab125c0c8fbd09d636058,60.16897,24.95222,00000000aa852af1,21.87
287,2019-08-01T11:15:00Z,c41fb1b08fcac159395bf89c8dc6886d6fcd0598219390735fa709e6,60.16762,24.95415,000000006b44cce7,12.69
288,2019-08-01T11:15:00Z,c4aceefc60d79085bfbb1957506f8c529262cde9705773d6c17d6fe6,60.16629,24.95957,00000000fb7600be,14.89
289,2019-08-01T11:15:00Z,c4ba8afc74037cfb30d0b05473b4ca9e838701cc7c0402309e8386b9,60.16829,24.94214,00000000afef4555,1.88
290,2019-08-01T11:15:00Z,c4eed4c4b84593ddc5bba94c3e5f24edd9fc710ed2bdf1873d9aefc8,60.16829,24.94214,00000000afef4555,16.1
291,2019-08-01T11:15:00Z,c530fe2284a298574a7d91ed648c01de111438eebadd9941a6cfe21f,60.16762,24.95415,000000006b44cce7,13.75
292,2019-08-01T11:15:00Z,c68a48dcb6c203e6424339d5a383c656daacb3fe13cadb1e330dc2d1,60.16531,24.9442,00000000fdda10fe,20.28
293,2019-08-01T11:15:00Z,c7a7c42e11cdc46861041e41fc309d73b9342b74633fde6d44efdd67,60.16829,24.94214,00000000afef4555,12.69
294,2019-08-01T11:15:00Z,c7cb13e34589510511a0af7a12de360ba9e19c6632d643f8588007eb,60.149,24.9843,00000000fffb8cf0,8.38
295,2019-08-01T11:15:00Z,c888c11afad91acd3f6ba125ceb067a8d6f404c1fbc110bd4a2b70fb,60.16829,24.94214,00000000afef4555,21.87
296,2019-08-01T11:15:00Z,c8d1dfc2c0878c7e2216c2e9469923031b836a3b518a33939d75a728,60.16629,24.95957,00000000fb7600be,16.1
297,2019-08-01T11:15:00Z,c9d2ece79110eabcd2cf8f6addcf616a79dea7ab91ed6153b3100a6a,60.17919,24.95181,000000007b5207b6,12.69
298,2019-08-01T11:15:00Z,cb53a5aab82eeaaf444fc1dca67dc5e13cb63c0c7171b3c3602d929e,60.149,24.9843,00000000fffb8cf0,12.69
299,2019-08-01T11:15:00Z,cb780c179c95920ab8489fd6d9a9ff1ebcbb630258b21ac7fb531138,60.15432,24.9211,0000000019fb59c4,5.91
300,2019-08-01T11:15:00Z,cb9d5ad3c7970f6ece9dee6af54134d8d25d32383e51c6c5b05b2178,60.16762,24.95415,000000006b44cce7,8.38
301,2019-08-01T11:15:00Z,cc2a62c467c0d50b73142e6fe0b6bb8b7f94787cf7c495491004cd03,60.16897,24.95222,00000000aa852af1,8.38
302,2019-08-01T11:15:00Z,cdaa8d612a4beb218a3ab47866616044bd863438f5f6da6515a70730,60.16762,24.95415,000000006b44cce7,9.92
303,2019-08-01T11:15:00Z,ce3ae5d4a5c796fbafb1e98d0abd3fe38ac43991c2ab32466a28c470,60.16762,24.95415,000000006b44cce7,5.91
304,2019-08-01T11:15:00Z,cee80fefc225f152bdf5a23b7c6ae604749e150c33196f831bc4f8b7,60.16762,24.95415,000000006b44cce7,9.12
305,2019-08-01T11:15:00Z,cf2e772c9f0a0ac13a2246f1de4d275400c395e49e3c151f9f79b0a8,60.149,24.9843,00000000fffb8cf0,27.28
306,2019-08-01T11:15:00Z,cf6a551a534dca0d8d1db87c9afd1b564f76da1bf2bf23492e51f884,60.16897,24.95222,00000000aa852af1,9.12
307,2019-08-01T11:15:00Z,d04e3478d7cf6d97f913fab339deca3ba4d76d7ba347f6640f301988,60.16829,24.94214,00000000afef4555,25.36
308,2019-08-01T11:15:00Z,d2e377743f26e40ccf41c4178ab6ac24071b40591450eb2710c16402,60.149,24.9843,00000000fffb8cf0,27.28
309,2019-08-01T11:15:00Z,d41a75de7bb918a169bc714da81305f9d7f14b82aa66998521070cd0,60.18203,24.91341,00000000342570c2,18.79
310,2019-08-01T11:15:00Z,d625fabcff2dbedb80ec47dc34757015f489db6ec311859d14ccb422,60.17065,24.93641,000000000f4919c9,23.56
311,2019-08-01T11:15:00Z,d6522f5c8404b57d80e6ee6f483968e0b807c965e06e187a68260295,60.16897,24.95222,00000000aa852af1,25.36
312,2019-08-01T11:15:00Z,d7e9d5e1f2bae68e2fb2d4404fed903879850cc8f2c3b2d5ba84c1f5,60.16829,24.94214,00000000afef4555,21.87
313,2019-08-01T11:15:00Z,d80395ba830bbd0e76d744a1d4d005f508622950415f73bb64fb16d7,60.17002,24.94407,000000006b087f40,18.79
314,2019-08-01T11:15:00Z,dadf6a4ec9c8074aad680a0728bcb146a4e1828b016e5955d8d3b991,60.149,24.9843,00000000fffb8cf0,21.87
315,2019-08-01T11:15:00Z,dbae9ccb6e21bf4ef8f6c8c8191dd84aa7069ac13f439611ea37c87d,60.16762,24.95415,000000006b44cce7,13.75
316,2019-08-01T11:15:00Z,dc08f761364d9641e15d40bac57f8dfcc72e04e83481c71bd4e0e65d,60.16762,24.95415,000000006b44cce7,13.75
317,2019-08-01T11:15:00Z,dc65c02b6fce55d81a42a584fdeafcc1ad6d73b724e83535eb5f8e66,60.16829,24.94214,00000000afef4555,16.1
318,2019-08-01T11:15:00Z,dca2b656b55f7acca4cb008f2872120ade1462f32ba2a543e8542b4e,60.14699,24.922,00000000a53ed894,18.79
319,2019-08-01T11:15:00Z,dcc4df2660f08f9603bed18646e9ae0e532c964bdfdf9dd9b1f923b5,60.17002,24.94407,000000006b087f40,21.87
320,2019-08-01T11:15:00Z,dcfede07e3e9c44e6ccd29599307720707c820f3c60545a27771f89e,60.17919,24.95181,000000007b5207b6,21.87
321,2019-08-01T11:15:00Z,dd9a5fc86076a50a2da36511198aede00d218ecfe16addca1696eb00,60.17002,24.94407,000000006b087f40,21.87
322,2019-08-01T11:15:00Z,dfbf9e8963b282f56345a8191195ab28aec6eb2760126b9c2f475f5c,60.16762,24.95415,000000006b44cce7,5.91
323,2019-08-01T11:15:00Z,e03bc61b4d500208c765b042d2f8c13afa01a5026a16fd3ca450d652,60.1538,24.95595,0000000038bf9618,18.79
324,2019-08-01T11:15:00Z,e1075b7c4a47b4caac7df4f77d0ae172847b080f468e71073b0d505e,60.16897,24.95222,00000000aa852af1,16.1
325,2019-08-01T11:15:00Z,e2006c8775c5cff606cb594c64b9ffe1c6b259bfd4fd84841b61d159,60.16829,24.94214,00000000afef4555,5.91
326,2019-08-01T11:15:00Z,e208607801469072409331570260a9f8b9369c034c87c973ce696e22,60.16629,24.95957,00000000fb7600be,17.4
