,time,hash,latitude,longitude,serial,distance
0,2019-08-04T20:06:00Z,002609eccfa6482109fb43966e0153bf6f371425cf715e49925348dd,60.14699,24.922,00000000a53ed894,17.4
1,2019-08-04T20:06:00Z,0104097a4a93055d6feae9bad4c28bff4954a25c3f3dc183822a2a28,60.16544,24.95398,0000000038d83d41,21.87
2,2019-08-04T20:06:00Z,0dc8c9fd6c6ca193d5326d70d6f9efc1963bcd534fc7c80032f0e192,60.16544,24.95398,0000000038d83d41,25.36
3,2019-08-04T20:06:00Z,107ff02ae50ba9cd6c9786f94e49b00c78a869a58f37f6f253c90e56,60.16762,24.95415,000000006b44cce7,18.79
4,2019-08-04T20:06:00Z,14c7e1511b70f4dd3359cbece1377aebb4d70531f5489eefe53d7c3c,60.16544,24.95398,0000000038d83d41,23.56
5,2019-08-04T20:06:00Z,165ebbb4090d47319ae370f0d0854fdc1f6b79499f8b2e4d3c3533c0,60.16544,24.95398,0000000038d83d41,27.28
6,2019-08-04T20:06:00Z,18a7cc18e342213704ea064466030587974195a1405c322d3118dcf3,60.14699,24.922,00000000a53ed894,18.79
7,2019-08-04T20:06:00Z,19882f7eb60b2bbe4df9b48d27f047426a641e74eea690915e2b2288,60.16544,24.95398,0000000038d83d41,29.32
8,2019-08-04T20:06:00Z,25a7ff811c3c06e426c7c2cbb0433d9a2a3399b23afecbd35584ab0f,60.18203,24.91341,00000000342570c2,16.1
9,2019-08-04T20:06:00Z,297c725b456ef12d2712634b21546721cbe93224d3a5762d897404f2,60.16762,24.95415,000000006b44cce7,10.78
10,2019-08-04T20:06:00Z,2c7447fb0268b612e12243f64ab499d0e98b62adeee251409b316f5c,60.16897,24.95222,00000000aa852af1,23.56
11,2019-08-04T20:06:00Z,2c7cb33a1d5aeed6b1f2e9731589deaaeaa1f23489d56c14fa34eac1,60.14951,24.92138,0000000006dd41f6,18.79
12,2019-08-04T20:06:00Z,3763dbba0710e5f35aae6c2f5043debbfd529b4c513eebb4875c2c46,60.16762,24.95415,000000006b44cce7,21.87
13,2019-08-04T20:06:00Z,3944bc7a301be7241d1f7bc4a97f221000d535ce3d8a9af9af9b23b5,60.16531,24.9442,00000000fdda10fe,21.87
14,2019-08-04T20:06:00Z,43b676ed3aef4c2d8846694817e76117873be52e7f788e0cb366c1c4,60.16629,24.95957,00000000fb7600be,23.56
15,2019-08-04T20:06:00Z,491b2670fa626c719c5624e2a013e9325dd599d02b93ca1a1b0e3416,60.16544,24.95398,0000000038d83d41,12.69
16,2019-08-04T20:06:00Z,5bbb5184fded3e51bc78e45e39917794285e6bbc72da404802a9599a,60.16531,24.9442,00000000fdda10fe,27.28
17,2019-08-04T20:06:00Z,5d65719c4cbf045f068d084b72302f447d5fd034413d97d13be00d0e,60.18203,24.91341,00000000342570c2,17.4
18,2019-08-04T20:06:00Z,5eed115a984d490b02b602d73787aee8dc8c4e9365b77fbff3818a76,60.16629,24.95957,00000000fb7600be,29.32
19,2019-08-04T20:06:00Z,6066632ddc94b5c482a2d4f45ed2532e55e3fd63e414a084a596a737,60.16762,24.95415,000000006b44cce7,18.79
20,2019-08-04T20:06:00Z,6f06341f358e61699fe1e55e986dd0554bc8da28b91daf0c5ad99db6,60.16629,24.95957,00000000fb7600be,21.87
21,2019-08-04T20:06:00Z,6ff437688c444238352c28f64f9d2a7d0f14d19c9ea42c225380501e,60.16762,24.95415,000000006b44cce7,23.56
22,2019-08-04T20:06:00Z,747f2d1ebff218c0ebbdc0fdaef4cbe56633dfb46ae1b1f8c8142201,60.16762,24.95415,000000006b44cce7,13.75
23,2019-08-04T20:06:00Z,77fa23db90c6958e3854966083bac2b8dc1d0956757a06b8484b0613,60.16544,24.95398,0000000038d83d41,21.87
24,2019-08-04T20:06:00Z,7876e65f126121713ab8aded48e44b64ad5dd53b4c6e52536c374874,60.14951,24.92138,0000000006dd41f6,21.87
25,2019-08-04T20:06:00Z,79f136afa0dd8717337c01c70b457c464aaf0fa25b440f51a394ec23,60.16762,24.95415,000000006b44cce7,23.56
26,2019-08-04T20:06:00Z,87dfaad29a9276ddddb1fa021d3bc23ad14824c1af16f7d87e713689,60.14951,24.92138,0000000006dd41f6,10.78
27,2019-08-04T20:06:00Z,89982a6acf91b79a282a6b63978e946ee205f303fcd20e944e06baf0,60.16544,24.95398,0000000038d83d41,23.56
28,2019-08-04T20:06:00Z,8c75c3289c84fe4493e1e272a77b615fe1985880c5dc68a7c1a17b53,60.16762,24.95415,000000006b44cce7,20.28
29,2019-08-04T20:06:00Z,9843c6216661048343a0e49cf3d8aa2883cf77f452666a1c873a1052,60.16448,24.97323,0000000053c6c2be,12.69
30,2019-08-04T20:06:00Z,a91d379a4b57c5df22db0d7a041ff69f657b4b31f28554b1011fc03c,60.16544,24.95398,0000000038d83d41,27.28
31,2019-08-04T20:06:00Z,ae556011c511e79ed2daac915308eebfe8e1f17c56850f7a1fc92ce1,60.14699,24.922,00000000a53ed894,21.87
32,2019-08-04T20:06:00Z,b3b17bf82f820d254d30fe39c17e00651c61c59dddae585cd8b918c0,60.1538,24.95595,0000000038bf9618,27.28
33,2019-08-04T20:06:00Z,b5fd6b317890e5ab2d79e2cd1abe61626d45a753c7337d0d40728898,60.16762,24.95415,000000006b44cce7,9.92
34,2019-08-04T20:06:00Z,cf05623e4d87ce0906c0b0b7dbf53aacc1228016cd27c341228b6e76,60.18203,24.91341,00000000342570c2,20.28
35,2019-08-04T20:06:00Z,d466739295da5e108e9f8a1a4f387f1cec8bde1ff3a78529697bdcc2,60.16829,24.94214,00000000afef4555,23.56
36,2019-08-04T20:06:00Z,d723dbb4c28e8fa58a2b3998f7c15760553bbf7838fd86c170c882ae,60.17002,24.94407,000000006b087f40,27.28
37,2019-08-04T20:06:00Z,d73d0854198e184ee42ff4f9e9da255df0af90985363aea6a02d33d7,60.16762,24.95415,000000006b44cce7,7.05
38,2019-08-04T20:06:00Z,ed70dda6b7faebd4340dacdb452ab224d9d3c308df417b7fa76f54e8,60.14951,24.92138,0000000006dd41f6,20.28
39,2019-08-04T20:06:00Z,f088630d7476dae7d4b7e2bb1f10575f2c89acb4b6e061f3d57c2b40,60.16531,24.9442,00000000fdda10fe,38.87
40,2019-08-04T20:06:00Z,fc4f3a44235f1cfc7b53f14ba2da599976a5a0a220d23b852688e485,60.17919,24.95181,000000007b5207b6,23.56
41,2019-08-04T20:06:00Z,020bb8ab99d39cacd26dc4131610353ae0914b061fb12b02b899e379,60.17002,24.94407,000000006b087f40,27.28
42,2019-08-04T20:06:00Z,0ec24ba344ff1d53c4c3ef0ebf1ae9ff94d24aee600d097facaeb894,60.16544,24.95398,0000000038d83d41,16.1
43,2019-08-04T20:06:00Z,147dbea3f58a2aa09aaebd56ca6d300178540b77a5846bea64ff8167,60.16762,24.95415,000000006b44cce7,7.69
44,2019-08-04T20:06:00Z,1faaaeff6423708e06d94b904af4be93e399939fbdfd3b3091dc8bd2,60.15432,24.9211,0000000019fb59c4,12.69
45,2019-08-04T20:06:00Z,254e9b9512b6f350eb6e5125230f382e9434169d73cf0cd709d9d9f7,60.16531,24.9442,00000000fdda10fe,9.92
46,2019-08-04T20:06:00Z,25e5c752e3953d2785209d418e112d85ff1fa3e2e9b94214ffbbedc5,60.16762,24.95415,000000006b44cce7,4.11
47,2019-08-04T20:06:00Z,2dd4cc21bf852a1ecc633b470299ab2a358e1ad0551c456d77fd3a5c,60.16629,24.95957,00000000fb7600be,21.87
48,2019-08-04T20:06:00Z,2e939bb81b86d400b523300a5c725e7b2942603f4952d876c115e97c,60.17002,24.94407,000000006b087f40,29.32
49,2019-08-04T20:06:00Z,34c355df9802a31784fa19d230c9e3c7e413806cab80212f8c1b07d2,60.16762,24.95415,000000006b44cce7,7.05
50,2019-08-04T20:06:00Z,417c34a47749cc2b5fc43093bf7cb577236716319b3ede5a8b02b87b,60.17918,24.95141,00000000675d5200,18.79
51,2019-08-04T20:06:00Z,44b6df3c70bfbf06fef21bcbf0a1c19d9c0af9a0a67257ec743eb3ae,60.16762,24.95415,000000006b44cce7,25.36
52,2019-08-04T20:06:00Z,584cb0b0cdd14e608c8b57c8aecc9826f9b40027e365e2438a444ea2,60.16762,24.95415,000000006b44cce7,12.69
53,2019-08-04T20:06:00Z,597ed8ac3dd94ca22077e16e6c634b9f54ad4336892d3649121128b7,60.16629,24.95957,00000000fb7600be,20.28
54,2019-08-04T20:06:00Z,620f8fed62d375e5f213a0bad4987f45dfc6932ba035564ada3ebccf,60.17918,24.95141,00000000675d5200,7.05
55,2019-08-04T20:06:00Z,637444cccbc28160d6b34e9f414caeac4ace95d16ac6c068c9762759,60.14699,24.922,00000000a53ed894,13.75
56,2019-08-04T20:06:00Z,6ee5005786208ab0be9c2a83a468620a3d9821243d98db52b7d95594,60.14699,24.922,00000000a53ed894,27.28
57,2019-08-04T20:06:00Z,72f5e8d4f6e4517e176887a14b9a0c73d856e8bf6674e01741520c7a,60.16762,24.95415,000000006b44cce7,21.87
58,2019-08-04T20:06:00Z,988d5de1e2ba6991c682644046f67019a036f03b6fe622188964551f,60.17002,24.94407,000000006b087f40,18.79
59,2019-08-04T20:06:00Z,9af805c5e7150ddef901cb8865b6ba6b9691155c788dd3d1012bf232,60.14699,24.922,00000000a53ed894,21.87
60,2019-08-04T20:06:00Z,9cf981dfab9ed58bc94571550a7e602dd8b47cdadaa7259565879acf,60.17065,24.93641,000000000f4919c9,27.28
61,2019-08-04T20:06:00Z,ad08480986a4ce9262955d2262e8b8d7c40fa0ca6a3174f2eb328137,60.14947,24.91438,000000004ef3150d,13.75
62,2019-08-04T20:06:00Z,b0dc3cc5fdea8d9df2e85958022ef5dbb62f036b201f88b7722a539e,60.17002,24.94407,000000006b087f40,18.79
63,2019-08-04T20:06:00Z,bc07df8cc395f6f4f5d483b2233caca5f93a6918f346e4cc3702f8cc,60.16531,24.9442,00000000fdda10fe,7.05
64,2019-08-04T20:06:00Z,c0a0ca3433586ed2ae0e448f2406fabac7292ac79d49562e0bd5cef8,60.16762,24.95415,000000006b44cce7,12.69
65,2019-08-04T20:06:00Z,c1b8c5b51dca30acae60dedf54940ffa32fc67da9eabc0a8da92ca6d,60.16762,24.95415,000000006b44cce7,17.4
66,2019-08-04T20:06:00Z,d2440f788ab12cbd5c2b800f2f237ea0bd64e38e6bda9f1412d70166,60.17002,24.94407,000000006b087f40,23.56
67,2019-08-04T20:06:00Z,d6342bc41974768d61659fe4abfa910ad096c51e8c526bfba30d8b3a,60.149,24.9843,00000000fffb8cf0,27.28
68,2019-08-04T20:06:00Z,da5c13465c78f7d835ed03a820236b91527e240c5d51a3aaea8ea3fb,60.14699,24.922,00000000a53ed894,25.36
69,2019-08-04T20:06:00Z,e2e42fdf0cb7953db695eec44320e68b5fa81ab283dde26d9d30f5ec,60.14947,24.91438,000000004ef3150d,10.78
70,2019-08-04T20:06:00Z,e534395bbbae3a9c926845b5fa9634181e9c1565486e552b820db9e5,60.16762,24.95415,000000006b44cce7,5.91
71,2019-08-04T20:06:00Z,e9c247475b0151d8242b2af20ef12f513bddb0fc45a040b79b200663,60.16829,24.94214,00000000afef4555,17.4
72,2019-08-04T20:06:00Z,f7d64c691f351a03be4448cbdc02efbcb294a23c38960e2aae58fe55,60.17002,24.94407,000000006b087f40,47.69
73,2019-08-04T20:06:00Z,f9399339c3de44774896319d3f291771cebcaf2666df1d6062469882,60.16531,24.9442,00000000fdda10fe,27.28
74,2019-08-04T20:06:00Z,fae110163df9febfe658f0c12602ea4322d18496d0b205fca3c65f8f,60.16629,24.95957,00000000fb7600be,29.32
75,2019-08-04T20:06:00Z,fbf4a4c385e7e0f21aab5dc0e4065b17758bbef7901be65b6bd4c72b,60.16897,24.95222,00000000aa852af1,21.87
76,2019-08-04T20:06:00Z,fcb74da92304f1a172b40180f20025203d0b10ffecab33a733f35f67,60.14951,24.92138,0000000006dd41f6,11.7
77,2019-08-04T20:06:01Z,002609eccfa6482109fb43966e0153bf6f371425cf715e49925348dd,60.14699,24.922,00000000a53ed894,16.1
78,2019-08-04T20:06:01Z,0104097a4a93055d6feae9bad4c28bff4954a25c3f3dc183822a2a28,60.16544,24.95398,0000000038d83d41,20.28
79,2019-08-04T20:06:01Z,0dc8c9fd6c6ca193d5326d70d6f9efc1963bcd534fc7c80032f0e192,60.16544,24.95398,0000000038d83d41,23.56
80,2019-08-04T20:06:01Z,107ff02ae50ba9cd6c9786f94e49b00c78a869a58f37f6f253c90e56,60.16762,24.95415,000000006b44cce7,21.87
81,2019-08-04T20:06:01Z,14c7e1511b70f4dd3359cbece1377aebb4d70531f5489eefe53d7c3c,60.16544,24.95398,0000000038d83d41,21.87
82,2019-08-04T20:06:01Z,165ebbb4090d47319ae370f0d0854fdc1f6b79499f8b2e4d3c3533c0,60.16544,24.95398,0000000038d83d41,29.32
83,2019-08-04T20:06:01Z,18a7cc18e342213704ea064466030587974195a1405c322d3118dcf3,60.14699,24.922,00000000a53ed894,21.87
84,2019-08-04T20:06:01Z,19882f7eb60b2bbe4df9b48d27f047426a641e74eea690915e2b2288,60.16544,24.95398,0000000038d83d41,25.36
85,2019-08-04T20:06:01Z,25a7ff811c3c06e426c7c2cbb0433d9a2a3399b23afecbd35584ab0f,60.18203,24.91341,00000000342570c2,12.69
86,2019-08-04T20:06:01Z,297c725b456ef12d2712634b21546721cbe93224d3a5762d897404f2,60.16762,24.95415,000000006b44cce7,9.92
87,2019-08-04T20:06:01Z,2c7447fb0268b612e12243f64ab499d0e98b62adeee251409b316f5c,60.16897,24.95222,00000000aa852af1,25.36
88,2019-08-04T20:06:01Z,2c7cb33a1d5aeed6b1f2e9731589deaaeaa1f23489d56c14fa34eac1,60.14951,24.92138,0000000006dd41f6,16.1
89,2019-08-04T20:06:01Z,3944bc7a301be7241d1f7bc4a97f221000d535ce3d8a9af9af9b23b5,60.16531,24.9442,00000000fdda10fe,23.56
90,2019-08-04T20:06:01Z,43b676ed3aef4c2d8846694817e76117873be52e7f788e0cb366c1c4,60.16629,24.95957,00000000fb7600be,27.28
91,2019-08-04T20:06:01Z,491b2670fa626c719c5624e2a013e9325dd599d02b93ca1a1b0e3416,60.16544,24.95398,0000000038d83d41,13.75
92,2019-08-04T20:06:01Z,5bbb5184fded3e51bc78e45e39917794285e6bbc72da404802a9599a,60.16531,24.9442,00000000fdda10fe,23.56
93,2019-08-04T20:06:01Z,5d65719c4cbf045f068d084b72302f447d5fd034413d97d13be00d0e,60.18203,24.91341,00000000342570c2,20.28
94,2019-08-04T20:06:01Z,6066632ddc94b5c482a2d4f45ed2532e55e3fd63e414a084a596a737,60.16762,24.95415,000000006b44cce7,16.1
95,2019-08-04T20:06:01Z,6ff437688c444238352c28f64f9d2a7d0f14d19c9ea42c225380501e,60.16762,24.95415,000000006b44cce7,25.36
96,2019-08-04T20:06:01Z,737efc92e3419e9d96a8559ec341ea7e18ba6381fd8e4de3d06f82a0,60.14951,24.92138,0000000006dd41f6,25.36
97,2019-08-04T20:06:01Z,747f2d1ebff218c0ebbdc0fdaef4cbe56633dfb46ae1b1f8c8142201,60.16762,24.95415,000000006b44cce7,13.75
98,2019-08-04T20:06:01Z,7a3db40d91e137d1381ac690a78039878e0baa317ed9a7cd6882df27,60.16762,24.95415,000000006b44cce7,29.32
99,2019-08-04T20:06:01Z,87dfaad29a9276ddddb1fa021d3bc23ad14824c1af16f7d87e713689,60.14951,24.92138,0000000006dd41f6,21.87
100,2019-08-04T20:06:01Z,8c75c3289c84fe4493e1e272a77b615fe1985880c5dc68a7c1a17b53,60.16762,24.95415,000000006b44cce7,14.89
101,2019-08-04T20:06:01Z,91d3b80de4439a4a49ddb8a04d72a0a2ec6c08f351d70232842af567,60.16762,24.95415,000000006b44cce7,21.87
102,2019-08-04T20:06:01Z,9843c6216661048343a0e49cf3d8aa2883cf77f452666a1c873a1052,60.16448,24.97323,0000000053c6c2be,21.87
103,2019-08-04T20:06:01Z,a28ab699dc505d3a0c490fae63a8ebb958574e13f1f64250d91db769,60.16762,24.95415,000000006b44cce7,27.28
104,2019-08-04T20:06:01Z,a91d379a4b57c5df22db0d7a041ff69f657b4b31f28554b1011fc03c,60.16544,24.95398,0000000038d83d41,27.28
105,2019-08-04T20:06:01Z,ae556011c511e79ed2daac915308eebfe8e1f17c56850f7a1fc92ce1,60.14699,24.922,00000000a53ed894,23.56
106,2019-08-04T20:06:01Z,b3b17bf82f820d254d30fe39c17e00651c61c59dddae585cd8b918c0,60.1538,24.95595,0000000038bf9618,27.28
107,2019-08-04T20:06:01Z,b5fd6b317890e5ab2d79e2cd1abe61626d45a753c7337d0d40728898,60.16762,24.95415,000000006b44cce7,6.46
108,2019-08-04T20:06:01Z,cf05623e4d87ce0906c0b0b7dbf53aacc1228016cd27c341228b6e76,60.18203,24.91341,00000000342570c2,17.4
109,2019-08-04T20:06:01Z,d466739295da5e108e9f8a1a4f387f1cec8bde1ff3a78529697bdcc2,60.16829,24.94214,00000000afef4555,25.36
110,2019-08-04T20:06:01Z,d723dbb4c28e8fa58a2b3998f7c15760553bbf7838fd86c170c882ae,60.17002,24.94407,000000006b087f40,31.5
111,2019-08-04T20:06:01Z,d73d0854198e184ee42ff4f9e9da255df0af90985363aea6a02d33d7,60.16762,24.95415,000000006b44cce7,9.92
112,2019-08-04T20:06:01Z,ed70dda6b7faebd4340dacdb452ab224d9d3c308df417b7fa76f54e8,60.14951,24.92138,0000000006dd41f6,21.87
113,2019-08-04T20:06:01Z,f088630d7476dae7d4b7e2bb1f10575f2c89acb4b6e061f3d57c2b40,60.16531,24.9442,00000000fdda10fe,23.56
114,2019-08-04T20:06:01Z,fc4f3a44235f1cfc7b53f14ba2da599976a5a0a220d23b852688e485,60.17919,24.95181,000000007b5207b6,18.79
115,2019-08-04T20:06:01Z,0012021d39ddbf9918b3c75a2cd060adf664c02ddca242b13581f4ac,60.14699,24.922,00000000a53ed894,21.87
116,2019-08-04T20:06:01Z,020bb8ab99d39cacd26dc4131610353ae0914b061fb12b02b899e379,60.17002,24.94407,000000006b087f40,33.81
117,2019-08-04T20:06:01Z,058a2281ce2f328930af937ccaeb4884f595a159e8c5f8310ca57063,60.16897,24.95222,00000000aa852af1,23.56
118,2019-08-04T20:06:01Z,0ec24ba344ff1d53c4c3ef0ebf1ae9ff94d24aee600d097facaeb894,60.16544,24.95398,0000000038d83d41,13.75
119,2019-08-04T20:06:01Z,147dbea3f58a2aa09aaebd56ca6d300178540b77a5846bea64ff8167,60.16762,24.95415,000000006b44cce7,4.5
120,2019-08-04T20:06:01Z,1ca2a3dc3dfc4b7c43e5c2670f235bdd61b23459d91984dde3e5afff,60.14699,24.922,00000000a53ed894,13.75
121,2019-08-04T20:06:01Z,1dacfb371d75dd4f90f447aac2a00faad98beb4188a6971c19eb2375,60.16629,24.95957,00000000fb7600be,31.5
122,2019-08-04T20:06:01Z,1faaaeff6423708e06d94b904af4be93e399939fbdfd3b3091dc8bd2,60.15432,24.9211,0000000019fb59c4,14.89
123,2019-08-04T20:06:01Z,208087926f57d6adc787b2189dfb636091b008c102fb62f6366aa112,60.16762,24.95415,000000006b44cce7,13.75
124,2019-08-04T20:06:01Z,254e9b9512b6f350eb6e5125230f382e9434169d73cf0cd709d9d9f7,60.16531,24.9442,00000000fdda10fe,9.92
125,2019-08-04T20:06:01Z,25e5c752e3953d2785209d418e112d85ff1fa3e2e9b94214ffbbedc5,60.16762,24.95415,000000006b44cce7,4.5
126,2019-08-04T20:06:01Z,2dd4cc21bf852a1ecc633b470299ab2a358e1ad0551c456d77fd3a5c,60.16629,24.95957,00000000fb7600be,13.75
127,2019-08-04T20:06:01Z,34c355df9802a31784fa19d230c9e3c7e413806cab80212f8c1b07d2,60.16762,24.95415,000000006b44cce7,7.69
128,2019-08-04T20:06:01Z,3ee24e8723b3590e5c8110756317c12be69101f0915ceb8b69cab208,60.17002,24.94407,000000006b087f40,20.28
129,2019-08-04T20:06:01Z,417c34a47749cc2b5fc43093bf7cb577236716319b3ede5a8b02b87b,60.17918,24.95141,00000000675d5200,20.28
130,2019-08-04T20:06:01Z,435ef54c685df981f0b2ff02ae35a5a3f7796a10ec5abf0f67251258,60.16897,24.95222,00000000aa852af1,27.28
131,2019-08-04T20:06:01Z,4d3eae1e3099754c5ebba1b8ba25c78f4fb6ce656cc734f536e7c7ac,60.16448,24.97323,0000000053c6c2be,25.36
132,2019-08-04T20:06:01Z,4f05fc37ea28b38e6559296162ef0c6aefe205e8023cd709da1f28ea,60.16762,24.95415,000000006b44cce7,25.36
133,2019-08-04T20:06:01Z,584cb0b0cdd14e608c8b57c8aecc9826f9b40027e365e2438a444ea2,60.16762,24.95415,000000006b44cce7,18.79
134,2019-08-04T20:06:01Z,586b1c1ec8effd07011c0ca2b947dc802c0b2d41ef531f9a2b5f655a,60.16762,24.95415,000000006b44cce7,12.69
135,2019-08-04T20:06:01Z,597ed8ac3dd94ca22077e16e6c634b9f54ad4336892d3649121128b7,60.16629,24.95957,00000000fb7600be,18.79
136,2019-08-04T20:06:01Z,5c778d8dbfd411b7c89e91b8e94be50b84fbf3317039d0cc1ab4389b,60.16829,24.94214,00000000afef4555,38.87
137,2019-08-04T20:06:01Z,620f8fed62d375e5f213a0bad4987f45dfc6932ba035564ada3ebccf,60.17918,24.95141,00000000675d5200,9.12
138,2019-08-04T20:06:01Z,721660bc852c6c9f982ee6fefecb27c459374740396425b2b34494f8,60.14947,24.91438,000000004ef3150d,27.28
139,2019-08-04T20:06:01Z,72f5e8d4f6e4517e176887a14b9a0c73d856e8bf6674e01741520c7a,60.16762,24.95415,000000006b44cce7,21.87
140,2019-08-04T20:06:01Z,8cac8d6641114ec8ac73dc26fd61aca903c8e9952002cf6ffb085308,60.1538,24.95595,0000000038bf9618,18.79
141,2019-08-04T20:06:01Z,9af805c5e7150ddef901cb8865b6ba6b9691155c788dd3d1012bf232,60.14699,24.922,00000000a53ed894,23.56
142,2019-08-04T20:06:01Z,9cf981dfab9ed58bc94571550a7e602dd8b47cdadaa7259565879acf,60.17065,24.93641,000000000f4919c9,25.36
143,2019-08-04T20:06:01Z,ad08480986a4ce9262955d2262e8b8d7c40fa0ca6a3174f2eb328137,60.14947,24.91438,000000004ef3150d,8.38
144,2019-08-04T20:06:01Z,b0dc3cc5fdea8d9df2e85958022ef5dbb62f036b201f88b7722a539e,60.17002,24.94407,000000006b087f40,21.87
145,2019-08-04T20:06:01Z,bc07df8cc395f6f4f5d483b2233caca5f93a6918f346e4cc3702f8cc,60.16531,24.9442,00000000fdda10fe,7.69
146,2019-08-04T20:06:01Z,c0a0ca3433586ed2ae0e448f2406fabac7292ac79d49562e0bd5cef8,60.16762,24.95415,000000006b44cce7,16.1
147,2019-08-04T20:06:01Z,d2440f788ab12cbd5c2b800f2f237ea0bd64e38e6bda9f1412d70166,60.17002,24.94407,000000006b087f40,20.28
148,2019-08-04T20:06:01Z,d6342bc41974768d61659fe4abfa910ad096c51e8c526bfba30d8b3a,60.149,24.9843,00000000fffb8cf0,23.56
149,2019-08-04T20:06:01Z,da5c13465c78f7d835ed03a820236b91527e240c5d51a3aaea8ea3fb,60.14699,24.922,00000000a53ed894,23.56
150,2019-08-04T20:06:01Z,e146a005895fb34bd6ba171e992a110e3768e607872add67faa900fa,60.16762,24.95415,000000006b44cce7,21.87
151,2019-08-04T20:06:01Z,e2e42fdf0cb7953db695eec44320e68b5fa81ab283dde26d9d30f5ec,60.14947,24.91438,000000004ef3150d,5.41
152,2019-08-04T20:06:01Z,e534395bbbae3a9c926845b5fa9634181e9c1565486e552b820db9e5,60.16762,24.95415,000000006b44cce7,3.74
153,2019-08-04T20:06:01Z,e9c247475b0151d8242b2af20ef12f513bddb0fc45a040b79b200663,60.16829,24.94214,00000000afef4555,18.79
154,2019-08-04T20:06:01Z,ebd463f41d2dfa9e111eee2122ea57fc58564966cda82a86d9b4eb5f,60.16531,24.9442,00000000fdda10fe,25.36
155,2019-08-04T20:06:01Z,f7d64c691f351a03be4448cbdc02efbcb294a23c38960e2aae58fe55,60.17002,24.94407,000000006b087f40,25.36
156,2019-08-04T20:06:01Z,fae110163df9febfe658f0c12602ea4322d18496d0b205fca3c65f8f,60.16629,24.95957,00000000fb7600be,20.28
157,2019-08-04T20:06:01Z,fbf4a4c385e7e0f21aab5dc0e4065b17758bbef7901be65b6bd4c72b,60.16897,24.95222,00000000aa852af1,21.87
158,2019-08-04T20:06:01Z,fcb74da92304f1a172b40180f20025203d0b10ffecab33a733f35f67,60.14951,24.92138,0000000006dd41f6,11.7
159,2019-08-04T20:06:01Z,fff6222906735485ea8a5ba898c1d0444af3a6b68db3544b74c26132,60.15432,24.9211,0000000019fb59c4,29.32
160,2019-08-04T20:06:02Z,002609eccfa6482109fb43966e0153bf6f371425cf715e49925348dd,60.14699,24.922,00000000a53ed894,11.7
161,2019-08-04T20:06:02Z,0104097a4a93055d6feae9bad4c28bff4954a25c3f3dc183822a2a28,60.16544,24.95398,0000000038d83d41,23.56
162,2019-08-04T20:06:02Z,0dc8c9fd6c6ca193d5326d70d6f9efc1963bcd534fc7c80032f0e192,60.16544,24.95398,0000000038d83d41,25.36
163,2019-08-04T20:06:02Z,107ff02ae50ba9cd6c9786f94e49b00c78a869a58f37f6f253c90e56,60.16762,24.95415,000000006b44cce7,21.87
164,2019-08-04T20:06:02Z,14c7e1511b70f4dd3359cbece1377aebb4d70531f5489eefe53d7c3c,60.16544,24.95398,0000000038d83d41,23.56
165,2019-08-04T20:06:02Z,165ebbb4090d47319ae370f0d0854fdc1f6b79499f8b2e4d3c3533c0,60.16544,24.95398,0000000038d83d41,33.81
166,2019-08-04T20:06:02Z,16962a7bb036a995c8cf0c2bc17153c812c23d9af2eaf2207425da3b,60.14951,24.92138,0000000006dd41f6,23.56
167,2019-08-04T20:06:02Z,18a7cc18e342213704ea064466030587974195a1405c322d3118dcf3,60.14699,24.922,00000000a53ed894,14.89
168,2019-08-04T20:06:02Z,19882f7eb60b2bbe4df9b48d27f047426a641e74eea690915e2b2288,60.16544,24.95398,0000000038d83d41,25.36
169,2019-08-04T20:06:02Z,25a7ff811c3c06e426c7c2cbb0433d9a2a3399b23afecbd35584ab0f,60.18203,24.91341,00000000342570c2,13.75
170,2019-08-04T20:06:02Z,297c725b456ef12d2712634b21546721cbe93224d3a5762d897404f2,60.16762,24.95415,000000006b44cce7,10.78
171,2019-08-04T20:06:02Z,2c7447fb0268b612e12243f64ab499d0e98b62adeee251409b316f5c,60.16897,24.95222,00000000aa852af1,21.87
172,2019-08-04T20:06:02Z,2c7cb33a1d5aeed6b1f2e9731589deaaeaa1f23489d56c14fa34eac1,60.14951,24.92138,0000000006dd41f6,16.1
173,2019-08-04T20:06:02Z,3763dbba0710e5f35aae6c2f5043debbfd529b4c513eebb4875c2c46,60.16762,24.95415,000000006b44cce7,18.79
174,2019-08-04T20:06:02Z,3944bc7a301be7241d1f7bc4a97f221000d535ce3d8a9af9af9b23b5,60.16531,24.9442,00000000fdda10fe,21.87
175,2019-08-04T20:06:02Z,491b2670fa626c719c5624e2a013e9325dd599d02b93ca1a1b0e3416,60.16544,24.95398,0000000038d83d41,12.69
176,2019-08-04T20:06:02Z,5bbb5184fded3e51bc78e45e39917794285e6bbc72da404802a9599a,60.16531,24.9442,00000000fdda10fe,20.28
177,2019-08-04T20:06:02Z,5d65719c4cbf045f068d084b72302f447d5fd034413d97d13be00d0e,60.18203,24.91341,00000000342570c2,20.28
178,2019-08-04T20:06:02Z,5eed115a984d490b02b602d73787aee8dc8c4e9365b77fbff3818a76,60.16629,24.95957,00000000fb7600be,25.36
179,2019-08-04T20:06:02Z,6f06341f358e61699fe1e55e986dd0554bc8da28b91daf0c5ad99db6,60.16629,24.95957,00000000fb7600be,25.36
180,2019-08-04T20:06:02Z,6ff437688c444238352c28f64f9d2a7d0f14d19c9ea42c225380501e,60.16762,24.95415,000000006b44cce7,20.28
181,2019-08-04T20:06:02Z,747f2d1ebff218c0ebbdc0fdaef4cbe56633dfb46ae1b1f8c8142201,60.16762,24.95415,000000006b44cce7,14.89
182,2019-08-04T20:06:02Z,77fa23db90c6958e3854966083bac2b8dc1d0956757a06b8484b0613,60.16544,24.95398,0000000038d83d41,21.87
183,2019-08-04T20:06:02Z,7876e65f126121713ab8aded48e44b64ad5dd53b4c6e52536c374874,60.14951,24.92138,0000000006dd41f6,23.56
184,2019-08-04T20:06:02Z,79f136afa0dd8717337c01c70b457c464aaf0fa25b440f51a394ec23,60.16762,24.95415,000000006b44cce7,12.69
185,2019-08-04T20:06:02Z,7a3db40d91e137d1381ac690a78039878e0baa317ed9a7cd6882df27,60.16762,24.95415,000000006b44cce7,21.87
186,2019-08-04T20:06:02Z,7b0161728235a5ae8ab965ad670c34d640fdd76aa238943cc640c875,60.17002,24.94407,000000006b087f40,31.5
187,2019-08-04T20:06:02Z,87dfaad29a9276ddddb1fa021d3bc23ad14824c1af16f7d87e713689,60.14951,24.92138,0000000006dd41f6,13.75
188,2019-08-04T20:06:02Z,89982a6acf91b79a282a6b63978e946ee205f303fcd20e944e06baf0,60.16544,24.95398,0000000038d83d41,23.56
189,2019-08-04T20:06:02Z,8c75c3289c84fe4493e1e272a77b615fe1985880c5dc68a7c1a17b53,60.16762,24.95415,000000006b44cce7,9.92
190,2019-08-04T20:06:02Z,91d3b80de4439a4a49ddb8a04d72a0a2ec6c08f351d70232842af567,60.16762,24.95415,000000006b44cce7,27.28
191,2019-08-04T20:06:02Z,9843c6216661048343a0e49cf3d8aa2883cf77f452666a1c873a1052,60.16448,24.97323,0000000053c6c2be,20.28
192,2019-08-04T20:06:02Z,a28ab699dc505d3a0c490fae63a8ebb958574e13f1f64250d91db769,60.16762,24.95415,000000006b44cce7,27.28
193,2019-08-04T20:06:02Z,a91d379a4b57c5df22db0d7a041ff69f657b4b31f28554b1011fc03c,60.16544,24.95398,0000000038d83d41,29.32
194,2019-08-04T20:06:02Z,ae556011c511e79ed2daac915308eebfe8e1f17c56850f7a1fc92ce1,60.14699,24.922,00000000a53ed894,23.56
195,2019-08-04T20:06:02Z,b33ae7715d6d2571066655c2c8954a5a364b5601869047de83410d9f,60.16629,24.95957,00000000fb7600be,21.87
196,2019-08-04T20:06:02Z,b3b17bf82f820d254d30fe39c17e00651c61c59dddae585cd8b918c0,60.1538,24.95595,0000000038bf9618,25.36
197,2019-08-04T20:06:02Z,b5fd6b317890e5ab2d79e2cd1abe61626d45a753c7337d0d40728898,60.16762,24.95415,000000006b44cce7,10.78
198,2019-08-04T20:06:02Z,cf05623e4d87ce0906c0b0b7dbf53aacc1228016cd27c341228b6e76,60.18203,24.91341,00000000342570c2,18.79
199,2019-08-04T20:06:02Z,cfc0bedb78ded52749db3188cb188bf6a250ef5990da9c5afa9623fc,60.14951,24.92138,0000000006dd41f6,31.5
200,2019-08-04T20:06:02Z,d466739295da5e108e9f8a1a4f387f1cec8bde1ff3a78529697bdcc2,60.16829,24.94214,00000000afef4555,29.32
201,2019-08-04T20:06:02Z,d723dbb4c28e8fa58a2b3998f7c15760553bbf7838fd86c170c882ae,60.17002,24.94407,000000006b087f40,23.56
202,2019-08-04T20:06:02Z,d73d0854198e184ee42ff4f9e9da255df0af90985363aea6a02d33d7,60.16762,24.95415,000000006b44cce7,7.05
203,2019-08-04T20:06:02Z,ed70dda6b7faebd4340dacdb452ab224d9d3c308df417b7fa76f54e8,60.14951,24.92138,0000000006dd41f6,20.28
204,2019-08-04T20:06:02Z,f088630d7476dae7d4b7e2bb1f10575f2c89acb4b6e061f3d57c2b40,60.16531,24.9442,00000000fdda10fe,31.5
205,2019-08-04T20:06:02Z,fc4f3a44235f1cfc7b53f14ba2da599976a5a0a220d23b852688e485,60.17918,24.95141,00000000675d5200,25.36
206,2019-08-04T20:06:02Z,020bb8ab99d39cacd26dc4131610353ae0914b061fb12b02b899e379,60.17002,24.94407,000000006b087f40,23.56
207,2019-08-04T20:06:02Z,058a2281ce2f328930af937ccaeb4884f595a159e8c5f8310ca57063,60.16897,24.95222,00000000aa852af1,23.56
208,2019-08-04T20:06:02Z,0ec24ba344ff1d53c4c3ef0ebf1ae9ff94d24aee600d097facaeb894,60.16544,24.95398,0000000038d83d41,23.56
209,2019-08-04T20:06:02Z,147dbea3f58a2aa09aaebd56ca6d300178540b77a5846bea64ff8167,60.16762,24.95415,000000006b44cce7,9.92
210,2019-08-04T20:06:02Z,1ca2a3dc3dfc4b7c43e5c2670f235bdd61b23459d91984dde3e5afff,60.14699,24.922,00000000a53ed894,17.4
211,2019-08-04T20:06:02Z,1dacfb371d75dd4f90f447aac2a00faad98beb4188a6971c19eb2375,60.16629,24.95957,00000000fb7600be,31.5
212,2019-08-04T20:06:02Z,1faaaeff6423708e06d94b904af4be93e399939fbdfd3b3091dc8bd2,60.15432,24.9211,0000000019fb59c4,13.75
213,2019-08-04T20:06:02Z,208087926f57d6adc787b2189dfb636091b008c102fb62f6366aa112,60.16762,24.95415,000000006b44cce7,13.75
214,2019-08-04T20:06:02Z,21b9cd7af6e86592ca07574d1ad9cc9143fbc44a1948fb2ee6818dcc,60.17065,24.93641,000000000f4919c9,31.5
215,2019-08-04T20:06:02Z,254e9b9512b6f350eb6e5125230f382e9434169d73cf0cd709d9d9f7,60.16531,24.9442,00000000fdda10fe,5.91
216,2019-08-04T20:06:02Z,25b9a688fda1515f9ff250d01f89c4491af81e3721b9b2348d88d2e3,60.16762,24.95415,000000006b44cce7,21.87
217,2019-08-04T20:06:02Z,25e5c752e3953d2785209d418e112d85ff1fa3e2e9b94214ffbbedc5,60.16762,24.95415,000000006b44cce7,3.74
218,2019-08-04T20:06:02Z,27dbb9a68a5fa889b910d7b70892c3f942e35c5e4fd3ce3f1bea5a63,60.16629,24.95957,00000000fb7600be,29.32
219,2019-08-04T20:06:02Z,2dd4cc21bf852a1ecc633b470299ab2a358e1ad0551c456d77fd3a5c,60.16629,24.95957,00000000fb7600be,16.1
220,2019-08-04T20:06:02Z,34c355df9802a31784fa19d230c9e3c7e413806cab80212f8c1b07d2,60.16762,24.95415,000000006b44cce7,7.05
221,2019-08-04T20:06:02Z,3a96ecd4e6f46f3eddfc682ac37562cd2ae7973437506dee2ce1dafa,60.16829,24.94214,00000000afef4555,13.75
222,2019-08-04T20:06:02Z,417c34a47749cc2b5fc43093bf7cb577236716319b3ede5a8b02b87b,60.17918,24.95141,00000000675d5200,21.87
223,2019-08-04T20:06:02Z,4c834f938b042df7bf0a523a715532fa57eca0b2746b0af1997830b5,60.16829,24.94214,00000000afef4555,23.56
224,2019-08-04T20:06:02Z,4d3eae1e3099754c5ebba1b8ba25c78f4fb6ce656cc734f536e7c7ac,60.16448,24.97323,0000000053c6c2be,23.56
225,2019-08-04T20:06:02Z,584cb0b0cdd14e608c8b57c8aecc9826f9b40027e365e2438a444ea2,60.16762,24.95415,000000006b44cce7,16.1
226,2019-08-04T20:06:02Z,586b1c1ec8effd07011c0ca2b947dc802c0b2d41ef531f9a2b5f655a,60.16762,24.95415,000000006b44cce7,11.7
227,2019-08-04T20:06:02Z,597ed8ac3dd94ca22077e16e6c634b9f54ad4336892d3649121128b7,60.16629,24.95957,00000000fb7600be,23.56
228,2019-08-04T20:06:02Z,5c778d8dbfd411b7c89e91b8e94be50b84fbf3317039d0cc1ab4389b,60.16829,24.94214,00000000afef4555,31.5
229,2019-08-04T20:06:02Z,620f8fed62d375e5f213a0bad4987f45dfc6932ba035564ada3ebccf,60.17918,24.95141,00000000675d5200,9.92
230,2019-08-04T20:06:02Z,6ee5005786208ab0be9c2a83a468620a3d9821243d98db52b7d95594,60.14699,24.922,00000000a53ed894,38.87
231,2019-08-04T20:06:02Z,721660bc852c6c9f982ee6fefecb27c459374740396425b2b34494f8,60.14947,24.91438,000000004ef3150d,27.28
232,2019-08-04T20:06:02Z,72f5e8d4f6e4517e176887a14b9a0c73d856e8bf6674e01741520c7a,60.16762,24.95415,000000006b44cce7,20.28
233,2019-08-04T20:06:02Z,8cac8d6641114ec8ac73dc26fd61aca903c8e9952002cf6ffb085308,60.1538,24.95595,0000000038bf9618,17.4
234,2019-08-04T20:06:02Z,94af9e6ec36255ac4d8d44951854beee1631c902f19a4f7a2f3128bd,60.17002,24.94407,000000006b087f40,23.56
235,2019-08-04T20:06:02Z,988d5de1e2ba6991c682644046f67019a036f03b6fe622188964551f,60.17002,24.94407,000000006b087f40,21.87
236,2019-08-04T20:06:02Z,9af805c5e7150ddef901cb8865b6ba6b9691155c788dd3d1012bf232,60.14699,24.922,00000000a53ed894,25.36
237,2019-08-04T20:06:02Z,ad08480986a4ce9262955d2262e8b8d7c40fa0ca6a3174f2eb328137,60.14947,24.91438,000000004ef3150d,12.69
238,2019-08-04T20:06:02Z,b0dc3cc5fdea8d9df2e85958022ef5dbb62f036b201f88b7722a539e,60.17002,24.94407,000000006b087f40,14.89
239,2019-08-04T20:06:02Z,b89d04ce745e67675e428d073774713117cab8ed96ebb622e7e577b7,60.16762,24.95415,000000006b44cce7,13.75
240,2019-08-04T20:06:02Z,bc07df8cc395f6f4f5d483b2233caca5f93a6918f346e4cc3702f8cc,60.16531,24.9442,00000000fdda10fe,11.7
241,2019-08-04T20:06:02Z,c1b8c5b51dca30acae60dedf54940ffa32fc67da9eabc0a8da92ca6d,60.16762,24.95415,000000006b44cce7,16.1
242,2019-08-04T20:06:02Z,d0bd7c10135fe977d3a60fd2a141b1b6199d072207edf0b29cab4687,60.16762,24.95415,000000006b44cce7,7.69
243,2019-08-04T20:06:02Z,d2440f788ab12cbd5c2b800f2f237ea0bd64e38e6bda9f1412d70166,60.17002,24.94407,000000006b087f40,27.28
244,2019-08-04T20:06:02Z,d6342bc41974768d61659fe4abfa910ad096c51e8c526bfba30d8b3a,60.149,24.9843,00000000fffb8cf0,23.56
245,2019-08-04T20:06:02Z,da5c13465c78f7d835ed03a820236b91527e240c5d51a3aaea8ea3fb,60.14699,24.922,00000000a53ed894,25.36
246,2019-08-04T20:06:02Z,e2e42fdf0cb7953db695eec44320e68b5fa81ab283dde26d9d30f5ec,60.14947,24.91438,000000004ef3150d,5.91
247,2019-08-04T20:06:02Z,e534395bbbae3a9c926845b5fa9634181e9c1565486e552b820db9e5,60.16762,24.95415,000000006b44cce7,4.5
248,2019-08-04T20:06:02Z,e80477155cb38de1585675ecd61a385c3c60792d63fee3525f8ba4f7,60.14699,24.922,00000000a53ed894,11.7
249,2019-08-04T20:06:02Z,e9c247475b0151d8242b2af20ef12f513bddb0fc45a040b79b200663,60.16829,24.94214,00000000afef4555,17.4
250,2019-08-04T20:06:02Z,f671ce0be811c62ad7d8a78751b0baaaa934840d18030062de9b3169,60.16762,24.95415,000000006b44cce7,21.87
251,2019-08-04T20:06:02Z,f7d64c691f351a03be4448cbdc02efbcb294a23c38960e2aae58fe55,60.17002,24.94407,000000006b087f40,27.28
252,2019-08-04T20:06:02Z,fbf4a4c385e7e0f21aab5dc0e4065b17758bbef7901be65b6bd4c72b,60.16897,24.95222,00000000aa852af1,21.87
253,2019-08-04T20:06:02Z,fcb74da92304f1a172b40180f20025203d0b10ffecab33a733f35f67,60.14951,24.92138,0000000006dd41f6,11.7
254,2019-08-04T20:06:03Z,002609eccfa6482109fb43966e0153bf6f371425cf715e49925348dd,60.14699,24.922,00000000a53ed894,16.1
255,2019-08-04T20:06:03Z,0104097a4a93055d6feae9bad4c28bff4954a25c3f3dc183822a2a28,60.16544,24.95398,0000000038d83d41,25.36
256,2019-08-04T20:06:03Z,0c72b1f9959b8321818d99b8477e69b951d4ca0b61addbb958c32039,60.16544,24.95398,0000000038d83d41,18.79
257,2019-08-04T20:06:03Z,0dc8c9fd6c6ca193d5326d70d6f9efc1963bcd534fc7c80032f0e192,60.16544,24.95398,0000000038d83d41,23.56
258,2019-08-04T20:06:03Z,14c7e1511b70f4dd3359cbece1377aebb4d70531f5489eefe53d7c3c,60.16544,24.95398,0000000038d83d41,25.36
259,2019-08-04T20:06:03Z,18a7cc18e342213704ea064466030587974195a1405c322d3118dcf3,60.14699,24.922,00000000a53ed894,16.1
260,2019-08-04T20:06:03Z,19882f7eb60b2bbe4df9b48d27f047426a641e74eea690915e2b2288,60.16544,24.95398,0000000038d83d41,27.28
261,2019-08-04T20:06:03Z,25a7ff811c3c06e426c7c2cbb0433d9a2a3399b23afecbd35584ab0f,60.18203,24.91341,00000000342570c2,11.7
262,2019-08-04T20:06:03Z,297c725b456ef12d2712634b21546721cbe93224d3a5762d897404f2,60.16762,24.95415,000000006b44cce7,11.7
263,2019-08-04T20:06:03Z,2c7447fb0268b612e12243f64ab499d0e98b62adeee251409b316f5c,60.16897,24.95222,00000000aa852af1,25.36
264,2019-08-04T20:06:03Z,2c7cb33a1d5aeed6b1f2e9731589deaaeaa1f23489d56c14fa34eac1,60.14951,24.92138,0000000006dd41f6,18.79
265,2019-08-04T20:06:03Z,3763dbba0710e5f35aae6c2f5043debbfd529b4c513eebb4875c2c46,60.16762,24.95415,000000006b44cce7,20.28
266,2019-08-04T20:06:03Z,3944bc7a301be7241d1f7bc4a97f221000d535ce3d8a9af9af9b23b5,60.16531,24.9442,00000000fdda10fe,21.87
267,2019-08-04T20:06:03Z,43b676ed3aef4c2d8846694817e76117873be52e7f788e0cb366c1c4,60.16629,24.95957,00000000fb7600be,31.5
268,2019-08-04T20:06:03Z,491b2670fa626c719c5624e2a013e9325dd599d02b93ca1a1b0e3416,60.16544,24.95398,0000000038d83d41,13.75
269,2019-08-04T20:06:03Z,5bbb5184fded3e51bc78e45e39917794285e6bbc72da404802a9599a,60.16531,24.9442,00000000fdda10fe,23.56
270,2019-08-04T20:06:03Z,5d65719c4cbf045f068d084b72302f447d5fd034413d97d13be00d0e,60.18203,24.91341,00000000342570c2,17.4
271,2019-08-04T20:06:03Z,5eed115a984d490b02b602d73787aee8dc8c4e9365b77fbff3818a76,60.16629,24.95957,00000000fb7600be,23.56
272,2019-08-04T20:06:03Z,6066632ddc94b5c482a2d4f45ed2532e55e3fd63e414a084a596a737,60.16762,24.95415,000000006b44cce7,20.28
273,2019-08-04T20:06:03Z,66dabd3229229330d23c70e9e1737429ddfe69db01f4a6a00f70fa20,60.16762,24.95415,000000006b44cce7,23.56
274,2019-08-04T20:06:03Z,6ff437688c444238352c28f64f9d2a7d0f14d19c9ea42c225380501e,60.16762,24.95415,000000006b44cce7,23.56
275,2019-08-04T20:06:03Z,737efc92e3419e9d96a8559ec341ea7e18ba6381fd8e4de3d06f82a0,60.14951,24.92138,0000000006dd41f6,23.56
276,2019-08-04T20:06:03Z,747f2d1ebff218c0ebbdc0fdaef4cbe56633dfb46ae1b1f8c8142201,60.16762,24.95415,000000006b44cce7,13.75
277,2019-08-04T20:06:03Z,77fa23db90c6958e3854966083bac2b8dc1d0956757a06b8484b0613,60.16544,24.95398,0000000038d83d41,25.36
278,2019-08-04T20:06:03Z,7876e65f126121713ab8aded48e44b64ad5dd53b4c6e52536c374874,60.14951,24.92138,0000000006dd41f6,21.87
279,2019-08-04T20:06:03Z,79f136afa0dd8717337c01c70b457c464aaf0fa25b440f51a394ec23,60.16762,24.95415,000000006b44cce7,36.27
280,2019-08-04T20:06:03Z,7b0161728235a5ae8ab965ad670c34d640fdd76aa238943cc640c875,60.17002,24.94407,000000006b087f40,23.56
281,2019-08-04T20:06:03Z,7df8ec5a88dc8a3821619187191a17a27cf3e1d8ca54bbf372e28bbf,60.16829,24.94214,00000000afef4555,29.32
282,2019-08-04T20:06:03Z,87dfaad29a9276ddddb1fa021d3bc23ad14824c1af16f7d87e713689,60.14951,24.92138,0000000006dd41f6,12.69
283,2019-08-04T20:06:03Z,89982a6acf91b79a282a6b63978e946ee205f303fcd20e944e06baf0,60.16544,24.95398,0000000038d83d41,23.56
284,2019-08-04T20:06:03Z,8c75c3289c84fe4493e1e272a77b615fe1985880c5dc68a7c1a17b53,60.16762,24.95415,000000006b44cce7,14.89
285,2019-08-04T20:06:03Z,91d3b80de4439a4a49ddb8a04d72a0a2ec6c08f351d70232842af567,60.16762,24.95415,000000006b44cce7,25.36
286,2019-08-04T20:06:03Z,9843c6216661048343a0e49cf3d8aa2883cf77f452666a1c873a1052,60.16448,24.97323,0000000053c6c2be,12.69
287,2019-08-04T20:06:03Z,a91d379a4b57c5df22db0d7a041ff69f657b4b31f28554b1011fc03c,60.16544,24.95398,0000000038d83d41,27.28
288,2019-08-04T20:06:03Z,b33ae7715d6d2571066655c2c8954a5a364b5601869047de83410d9f,60.16629,24.95957,00000000fb7600be,20.28
289,2019-08-04T20:06:03Z,b3b17bf82f820d254d30fe39c17e00651c61c59dddae585cd8b918c0,60.1538,24.95595,0000000038bf9618,27.28
290,2019-08-04T20:06:03Z,b5fd6b317890e5ab2d79e2cd1abe61626d45a753c7337d0d40728898,60.16762,24.95415,000000006b44cce7,6.46
291,2019-08-04T20:06:03Z,cf05623e4d87ce0906c0b0b7dbf53aacc1228016cd27c341228b6e76,60.18203,24.91341,00000000342570c2,17.4
292,2019-08-04T20:06:03Z,d466739295da5e108e9f8a1a4f387f1cec8bde1ff3a78529697bdcc2,60.16829,24.94214,00000000afef4555,25.36
293,2019-08-04T20:06:03Z,d73d0854198e184ee42ff4f9e9da255df0af90985363aea6a02d33d7,60.16762,24.95415,000000006b44cce7,7.69
294,2019-08-04T20:06:03Z,ed70dda6b7faebd4340dacdb452ab224d9d3c308df417b7fa76f54e8,60.14951,24.92138,0000000006dd41f6,20.28
295,2019-08-04T20:06:03Z,f088630d7476dae7d4b7e2bb1f10575f2c89acb4b6e061f3d57c2b40,60.16531,24.9442,00000000fdda10fe,20.28
296,2019-08-04T20:06:03Z,fc4f3a44235f1cfc7b53f14ba2da599976a5a0a220d23b852688e485,60.17918,24.95141,00000000675d5200,25.36
297,2019-08-04T20:06:03Z,058a2281ce2f328930af937ccaeb4884f595a159e8c5f8310ca57063,60.16897,24.95222,00000000aa852af1,29.32
298,2019-08-04T20:06:03Z,0ec24ba344ff1d53c4c3ef0ebf1ae9ff94d24aee600d097facaeb894,60.16544,24.95398,0000000038d83d41,27.28
299,2019-08-04T20:06:03Z,147dbea3f58a2aa09aaebd56ca6d300178540b77a5846bea64ff8167,60.16762,24.95415,000000006b44cce7,5.91
300,2019-08-04T20:06:03Z,1ca2a3dc3dfc4b7c43e5c2670f235bdd61b23459d91984dde3e5afff,60.14699,24.922,00000000a53ed894,14.89
301,2019-08-04T20:06:03Z,1dacfb371d75dd4f90f447aac2a00faad98beb4188a6971c19eb2375,60.16629,24.95957,00000000fb7600be,21.87
302,2019-08-04T20:06:03Z,1faaaeff6423708e06d94b904af4be93e399939fbdfd3b3091dc8bd2,60.15432,24.9211,0000000019fb59c4,13.75
303,2019-08-04T20:06:03Z,208087926f57d6adc787b2189dfb636091b008c102fb62f6366aa112,60.16762,24.95415,000000006b44cce7,12.69
304,2019-08-04T20:06:03Z,254e9b9512b6f350eb6e5125230f382e9434169d73cf0cd709d9d9f7,60.16531,24.9442,00000000fdda10fe,5.91
305,2019-08-04T20:06:03Z,25b9a688fda1515f9ff250d01f89c4491af81e3721b9b2348d88d2e3,60.16762,24.95415,000000006b44cce7,21.87
306,2019-08-04T20:06:03Z,25e5c752e3953d2785209d418e112d85ff1fa3e2e9b94214ffbbedc5,60.16762,24.95415,000000006b44cce7,4.94
307,2019-08-04T20:06:03Z,32f6160c74ce18cb2d97eb7e8c61e3b0627bd6e6066a06a170897d09,60.14699,24.922,00000000a53ed894,27.28
308,2019-08-04T20:06:03Z,34c355df9802a31784fa19d230c9e3c7e413806cab80212f8c1b07d2,60.16762,24.95415,000000006b44cce7,9.12
309,2019-08-04T20:06:03Z,38fcba44152d5d8d1b47a6523309442fde2aafae2f49ccd421d76470,60.14699,24.922,00000000a53ed894,21.87
310,2019-08-04T20:06:03Z,3a96ecd4e6f46f3eddfc682ac37562cd2ae7973437506dee2ce1dafa,60.16829,24.94214,00000000afef4555,8.38
311,2019-08-04T20:06:03Z,3ee24e8723b3590e5c8110756317c12be69101f0915ceb8b69cab208,60.17002,24.94407,000000006b087f40,21.87
312,2019-08-04T20:06:03Z,417c34a47749cc2b5fc43093bf7cb577236716319b3ede5a8b02b87b,60.17918,24.95141,00000000675d5200,18.79
313,2019-08-04T20:06:03Z,435ef54c685df981f0b2ff02ae35a5a3f7796a10ec5abf0f67251258,60.16897,24.95222,00000000aa852af1,31.5
314,2019-08-04T20:06:03Z,44b6df3c70bfbf06fef21bcbf0a1c19d9c0af9a0a67257ec743eb3ae,60.16762,24.95415,000000006b44cce7,21.87
315,2019-08-04T20:06:03Z,4a679fd466dd98f0916a931344a3e816425bc4c807d1ef73a8924fa9,60.14699,24.922,00000000a53ed894,25.36
316,2019-08-04T20:06:03Z,4d3eae1e3099754c5ebba1b8ba25c78f4fb6ce656cc734f536e7c7ac,60.16448,24.97323,0000000053c6c2be,27.28
317,2019-08-04T20:06:03Z,584cb0b0cdd14e608c8b57c8aecc9826f9b40027e365e2438a444ea2,60.16762,24.95415,000000006b44cce7,18.79
318,2019-08-04T20:06:03Z,586b1c1ec8effd07011c0ca2b947dc802c0b2d41ef531f9a2b5f655a,60.16762,24.95415,000000006b44cce7,25.36
319,2019-08-04T20:06:03Z,597ed8ac3dd94ca22077e16e6c634b9f54ad4336892d3649121128b7,60.16629,24.95957,00000000fb7600be,23.56
320,2019-08-04T20:06:03Z,620f8fed62d375e5f213a0bad4987f45dfc6932ba035564ada3ebccf,60.17918,24.95141,00000000675d5200,7.05
321,2019-08-04T20:06:03Z,637444cccbc28160d6b34e9f414caeac4ace95d16ac6c068c9762759,60.14699,24.922,00000000a53ed894,21.87
322,2019-08-04T20:06:03Z,68370011a72807bc957d2a182fcd1e317fe1eedefebc05ae5cc11374,60.16448,24.97323,0000000053c6c2be,29.32
323,2019-08-04T20:06:03Z,6a93508c8a8f368adaf541fea82fc22cd4c3608bf2ee98ab5c6d0045,60.16531,24.9442,00000000fdda10fe,25.36
324,2019-08-04T20:06:03Z,6ee5005786208ab0be9c2a83a468620a3d9821243d98db52b7d95594,60.14699,24.922,00000000a53ed894,23.56
325,2019-08-04T20:06:03Z,721660bc852c6c9f982ee6fefecb27c459374740396425b2b34494f8,60.14947,24.91438,000000004ef3150d,25.36
326,2019-08-04T20:06:03Z,72f5e8d4f6e4517e176887a14b9a0c73d856e8bf6674e01741520c7a,60.16762,24.95415,000000006b44cce7,23.56
