,time,hash,latitude,longitude,serial,distance
0,2019-08-01T04:06:00Z,14c7e1511b70f4dd3359cbece1377aebb4d70531f5489eefe53d7c3c,60.16544,24.95398,0000000038d83d41,20.28
1,2019-08-01T04:06:00Z,165ebbb4090d47319ae370f0d0854fdc1f6b79499f8b2e4d3c3533c0,60.16544,24.95398,0000000038d83d41,25.36
2,2019-08-01T04:06:00Z,2dd6ca2c889266702d554569764346cf583b74b0890b10e00ecd4f82,60.16544,24.95398,0000000038d83d41,31.5
3,2019-08-01T04:06:00Z,351f44e773650f6c4a68cd25c338d2bf5d9a1b20942961befe3b3f11,60.16448,24.97323,0000000053c6c2be,14.89
4,2019-08-01T04:06:00Z,384b4d96a26aae32d2af0c0f637cb59cc8470a36445623930229d524,60.16897,24.95222,00000000aa852af1,36.27
5,2019-08-01T04:06:00Z,427140db094a88d1033f8ee0e16865b0ca63c0d06e0aacf4d81cd1ea,60.17002,24.94407,000000006b087f40,29.32
6,2019-08-01T04:06:00Z,43b676ed3aef4c2d8846694817e76117873be52e7f788e0cb366c1c4,60.16629,24.95957,00000000fb7600be,21.87
7,2019-08-01T04:06:00Z,4abec48b53c4d82dc781a50af0676249c9d08be31b608a3f378109a6,60.1538,24.95595,0000000038bf9618,25.36
8,2019-08-01T04:06:00Z,54e7fd03bee1eb885df697829799de625b768641b054f4a1e3017350,60.16762,24.95415,000000006b44cce7,20.28
9,2019-08-01T04:06:00Z,5bbb5184fded3e51bc78e45e39917794285e6bbc72da404802a9599a,60.16531,24.9442,00000000fdda10fe,29.32
10,2019-08-01T04:06:00Z,5d65719c4cbf045f068d084b72302f447d5fd034413d97d13be00d0e,60.18203,24.91341,00000000342570c2,20.28
11,2019-08-01T04:06:00Z,747f2d1ebff218c0ebbdc0fdaef4cbe56633dfb46ae1b1f8c8142201,60.16762,24.95415,000000006b44cce7,21.87
12,2019-08-01T04:06:00Z,79f136afa0dd8717337c01c70b457c464aaf0fa25b440f51a394ec23,60.16762,24.95415,000000006b44cce7,23.56
13,2019-08-01T04:06:00Z,84fdfd8881f633c5f0c71c1480053953ca4b05e848052d97c063ad38,60.1538,24.95595,0000000038bf9618,36.27
14,2019-08-01T04:06:00Z,87dfaad29a9276ddddb1fa021d3bc23ad14824c1af16f7d87e713689,60.14951,24.92138,0000000006dd41f6,9.92
15,2019-08-01T04:06:00Z,8c75c3289c84fe4493e1e272a77b615fe1985880c5dc68a7c1a17b53,60.16762,24.95415,000000006b44cce7,11.7
16,2019-08-01T04:06:00Z,8cc6ddaa460aeae8cc9e8a33f91a01c8cd4c0c8bf8a943210a28c84d,60.1538,24.95595,0000000038bf9618,20.28
17,2019-08-01T04:06:00Z,8ffeb52bff155eab19ca329d16be495cd44a08aa7f79b94db079caf9,60.15432,24.9211,0000000019fb59c4,29.32
18,2019-08-01T04:06:00Z,91d3b80de4439a4a49ddb8a04d72a0a2ec6c08f351d70232842af567,60.16762,24.95415,000000006b44cce7,21.87
19,2019-08-01T04:06:00Z,9843c6216661048343a0e49cf3d8aa2883cf77f452666a1c873a1052,60.16448,24.97323,0000000053c6c2be,13.75
20,2019-08-01T04:06:00Z,9d03d14afa49576281aa26db60e517f7c1ec8aa36f7756959a860a8a,60.16629,24.95957,00000000fb7600be,17.4
21,2019-08-01T04:06:00Z,a91d379a4b57c5df22db0d7a041ff69f657b4b31f28554b1011fc03c,60.16544,24.95398,0000000038d83d41,36.27
22,2019-08-01T04:06:00Z,a9da1ee82e3b670e276c26b483dd50f4a6d0c6f77ef82245d3ae6086,60.18203,24.91341,00000000342570c2,21.87
23,2019-08-01T04:06:00Z,b5fd6b317890e5ab2d79e2cd1abe61626d45a753c7337d0d40728898,60.16762,24.95415,000000006b44cce7,10.78
24,2019-08-01T04:06:00Z,ba42c72ea7c2663b3ea5044faf12173ab18e523dc35de0e24bf374ac,60.16544,24.95398,0000000038d83d41,31.5
25,2019-08-01T04:06:00Z,ce197d5eedb5498917afe7ca3f7275ffeb191f0c5d050bffa154c1d2,60.16531,24.9442,00000000fdda10fe,18.79
26,2019-08-01T04:06:00Z,ce783d3c1b06378e5c39c25687746a6f88fbb0ff2b36e3405fb61cf8,60.16762,24.95415,000000006b44cce7,11.7
27,2019-08-01T04:06:00Z,cf05623e4d87ce0906c0b0b7dbf53aacc1228016cd27c341228b6e76,60.18203,24.91341,00000000342570c2,18.79
28,2019-08-01T04:06:00Z,d127ead865385b64ae537a703a26be15fae4b5332ce0fbf03d5e0c23,60.1538,24.95595,0000000038bf9618,33.81
29,2019-08-01T04:06:00Z,d1488bd0cc0cb3181e22420268c2b0cec6db349fe43fdd1cac965704,60.16531,24.9442,00000000fdda10fe,33.81
30,2019-08-01T04:06:00Z,d5e71ab7afcf8209129927c7a87c89a2239ae30715efcb72e718b15c,60.16762,24.95415,000000006b44cce7,21.87
31,2019-08-01T04:06:00Z,dd2c9c82cf3737146294aff6f814a1349fb0bc4bedf518715dacbe8f,60.18203,24.91341,00000000342570c2,27.28
32,2019-08-01T04:06:00Z,ea2af410359f5c862dbc71554cc0b6ea29d823a91db3209fcd2a8c76,60.16762,24.95415,000000006b44cce7,16.1
33,2019-08-01T04:06:00Z,ec72ef080c605e71978aed0d3b5f22c3c3133677a43c614b72eedc6d,60.14699,24.922,00000000a53ed894,20.28
34,2019-08-01T04:06:00Z,f088630d7476dae7d4b7e2bb1f10575f2c89acb4b6e061f3d57c2b40,60.16531,24.9442,00000000fdda10fe,20.28
35,2019-08-01T04:06:00Z,f6609ab1076b1105bb845595a03b41b8fbb282f79c337df5bbc9f841,60.16629,24.95957,00000000fb7600be,18.79
36,2019-08-01T04:06:00Z,f99c5dd8cc08bd2353083d875ce8bc585fb2c2ff8427b90d92f571de,60.1538,24.95595,0000000038bf9618,29.32
37,2019-08-01T04:06:00Z,fc4f3a44235f1cfc7b53f14ba2da599976a5a0a220d23b852688e485,60.17919,24.95181,000000007b5207b6,29.32
38,2019-08-01T04:06:00Z,0b54d7500ee0e6c588013408d82820c7b507fd116ad615950da75825,60.16629,24.95957,00000000fb7600be,18.79
39,2019-08-01T04:06:00Z,0e5ca7a90633a63d601f4cdb05649cff2dac2cf9a400c7962be50d1b,60.16829,24.94214,00000000afef4555,9.92
40,2019-08-01T04:06:00Z,0f0637ee1a6c4af0b43a79f0dbff889e9ed59346aeddc562b6e18981,60.17065,24.93641,000000000f4919c9,20.28
41,2019-08-01T04:06:00Z,13e4206d38eafb32822df97189167727a93c3fc19b187987f9af2d8a,60.14699,24.922,00000000a53ed894,25.36
42,2019-08-01T04:06:00Z,178d1a5f92c9712e4ab7f9b29ee6b266a2a084c52ae50daa0d5d92ef,60.16897,24.95222,00000000aa852af1,25.36
43,2019-08-01T04:06:00Z,19f9085bbc4ee634ed4d7858c20a78a37c2f56663e9ef154fc91597a,60.17002,24.94407,000000006b087f40,29.32
44,2019-08-01T04:06:00Z,1a93ea97a4c1a65d81746819a5a81c89327b69f1a536fc313e0de97e,60.16897,24.95222,00000000aa852af1,21.87
45,2019-08-01T04:06:00Z,1dacfb371d75dd4f90f447aac2a00faad98beb4188a6971c19eb2375,60.16629,24.95957,00000000fb7600be,29.32
46,2019-08-01T04:06:00Z,1ecbc7c6afe89033252e5510cbb893666af2b3bc29f555a3a6287fdb,60.14951,24.92138,0000000006dd41f6,4.5
47,2019-08-01T04:06:00Z,239dd0497850a89a37538ba03650a939b5738c6853a6857656e594f9,60.14947,24.91438,000000004ef3150d,13.75
48,2019-08-01T04:06:00Z,25588abaf15fc295461e12e3867a5e9fe843b9201a856f9245de73dc,60.16531,24.9442,00000000fdda10fe,33.81
49,2019-08-01T04:06:00Z,2667d59920dfea4de6fc82ec2a31b83751fc32fafe28ed6808aabcfb,60.16531,24.9442,00000000fdda10fe,18.79
50,2019-08-01T04:06:00Z,268c49ee7567ea6800e49f01cac98788f89ed3f87c0727969e352168,60.14947,24.91438,000000004ef3150d,10.78
51,2019-08-01T04:06:00Z,2ab97eb72424d3a245ddd77691854f564f939b5bacf84648d4211da2,60.16762,24.95415,000000006b44cce7,17.4
52,2019-08-01T04:06:00Z,2eb49650433971c3e0afa600babd85fdd77149dca0713174c2c417c8,60.14699,24.922,00000000a53ed894,27.28
53,2019-08-01T04:06:00Z,2ed8e3d63bc8f03c25e546b9cc4499793b4e5c6841ea4651db2070c2,60.14947,24.91438,000000004ef3150d,11.7
54,2019-08-01T04:06:00Z,2efc49895adf8377701a80155c6e83540153dd25d97ad11dc1c069b3,60.14947,24.91438,000000004ef3150d,21.87
55,2019-08-01T04:06:00Z,33ac9d0996fa492307b5836584f1a861d084a489b7985455ef33ac4f,60.14947,24.91438,000000004ef3150d,21.87
56,2019-08-01T04:06:00Z,358da7177867d58cadbd60052f5c18085817b211168c157f38cef420,60.14947,24.91438,000000004ef3150d,14.89
57,2019-08-01T04:06:00Z,35ebf29d323f34e73e7f753d8d84dee8d0b738ec272df62e4416fe2d,60.14947,24.91438,000000004ef3150d,16.1
58,2019-08-01T04:06:00Z,39d2883f216c35d8d24d92ae6b8646e4ef71a6fe0a28b2e68c23ca76,60.16762,24.95415,000000006b44cce7,4.5
59,2019-08-01T04:06:00Z,39db9a8cc0acaf7a75476ae720094892df5ec53f96b3ddc6a7088538,60.16531,24.9442,00000000fdda10fe,33.81
60,2019-08-01T04:06:00Z,3a905a4ed941c4a0dd04df16cf3f1374ffcf2fca69b120b326631a46,60.14947,24.91438,000000004ef3150d,12.69
61,2019-08-01T04:06:00Z,3c16aa906185cd059deeef7e6558c2809c4f9bd3325c233f48b0d135,60.16629,24.95957,00000000fb7600be,12.69
62,2019-08-01T04:06:00Z,3cbf81a592742f7a6a4289c08658e91a39bc589d467452d9278b317d,60.16829,24.94214,00000000afef4555,6.46
63,2019-08-01T04:06:00Z,42844e90c7134ebb3ec325f57cd27cd24711c779548ebc8692a820d5,60.14951,24.92138,0000000006dd41f6,4.11
64,2019-08-01T04:06:00Z,4a282fc6ce6a99facf1ebac2176c0334278aef84be0c6714877e092a,60.14947,24.91438,000000004ef3150d,18.79
65,2019-08-01T04:06:00Z,4bdb9fe0a978e00bccddcce794de0f75ea9a83fdf0e847c4e6a9906e,60.16544,24.95398,0000000038d83d41,31.5
66,2019-08-01T04:06:00Z,4ca8da2a185f4d8e04295fb4ad34c6892deaa815cf02ee545b882a0e,60.14947,24.91438,000000004ef3150d,17.4
67,2019-08-01T04:06:00Z,4f2ee410fae343924332b7c45d23df66786e3599cf001d739702393e,60.16762,24.95415,000000006b44cce7,17.4
68,2019-08-01T04:06:00Z,4f437a75efa7598527e4821821421646c0b38e981828e9ff78ad85b1,60.17918,24.95141,00000000675d5200,31.5
69,2019-08-01T04:06:00Z,5526044f629c2fe3faa477a6db74914992ba7a2e253acaf4941a7e48,60.16829,24.94214,00000000afef4555,20.28
70,2019-08-01T04:06:00Z,585c8a0ee62b54014110ca277f3a3b6b379ea6afcf76e4bc98478d96,60.14947,24.91438,000000004ef3150d,14.89
71,2019-08-01T04:06:00Z,59708d7b3e21094293f1131941e6d65a89afcc05b73711eb6d8e971a,60.14947,24.91438,000000004ef3150d,8.38
72,2019-08-01T04:06:00Z,5bf4dc9ddfc2309de5b38711ea0c816435f591a29aa7bddc90c0ceea,60.17002,24.94407,000000006b087f40,27.28
73,2019-08-01T04:06:00Z,64f19e9bb44c74656794cf8fbebb6f90470294d583977925466f510c,60.14947,24.91438,000000004ef3150d,10.78
74,2019-08-01T04:06:00Z,658b6411ce0e4fd284ec584fb491992af0c07d9769694674e4c24d5b,60.14699,24.922,00000000a53ed894,41.64
75,2019-08-01T04:06:00Z,671f9d77c767acb9f9d791833688903089ee1152c5884dd3dc1279ae,60.16531,24.9442,00000000fdda10fe,9.92
76,2019-08-01T04:06:00Z,680f6c0edc8450eb4f8a392f5068255d1c3d580ae83e867788a35195,60.1538,24.95595,0000000038bf9618,33.81
77,2019-08-01T04:06:00Z,701ebe2f0c93e3d2d5f4c1b9f737199afb3f37f9b49809649903d665,60.16762,24.95415,000000006b44cce7,5.91
78,2019-08-01T04:06:00Z,709259b8fe81b341ab66e34556e818429e237a8d622f6d0566e551f3,60.16897,24.95222,00000000aa852af1,9.12
79,2019-08-01T04:06:00Z,74cb545f76f0bfc5498607247e26e814276a11ce91f77208054ecbc5,60.17002,24.94407,000000006b087f40,21.87
80,2019-08-01T04:06:00Z,7933316c103afda20c5263080df2e9d89ceaeba15278941ee58cc2ab,60.14947,24.91438,000000004ef3150d,17.4
81,2019-08-01T04:06:00Z,7cc04b302a8e03b07ec7e9cce866eb2c5de4a7af4d38a01e2b2335fe,60.14951,24.92138,0000000006dd41f6,10.78
82,2019-08-01T04:06:00Z,7eefbdc40fb69e0bb58055bca67ba51774af0d557519ec78afeb7f0f,60.14947,24.91438,000000004ef3150d,14.89
83,2019-08-01T04:06:00Z,819d6517349be2b42beaef470295253fbcf0a81e333e5a76fc4a5cc8,60.14947,24.91438,000000004ef3150d,8.38
84,2019-08-01T04:06:00Z,83a355f6f7cb4d79b9303e359500abef0ca4c3b0633d5c5e1f7d0203,60.16762,24.95415,000000006b44cce7,9.92
85,2019-08-01T04:06:00Z,8617e8f003bc263ca3fa0641e23da3562cb9abe3c842c8388db9e3c3,60.16762,24.95415,000000006b44cce7,17.4
86,2019-08-01T04:06:00Z,90b4d7235fb9eac173d8c8618058c1a5f09a144657c97a5f1c016462,60.14947,24.91438,000000004ef3150d,14.89
87,2019-08-01T04:06:00Z,942ace491c8f301039e8382f65361806bb2a816856ebaac0fac91345,60.14947,24.91438,000000004ef3150d,14.89
88,2019-08-01T04:06:00Z,95047181ef5b127a8f77accf7673f4126a2b6c3b5f293207ae696ac7,60.16629,24.95957,00000000fb7600be,16.1
89,2019-08-01T04:06:00Z,99a026b5100e23129fa529e9a57a3dbc8490dc03b58f2193f03e2dcf,60.14951,24.92138,0000000006dd41f6,5.91
90,2019-08-01T04:06:00Z,9a6b0c37a7a59fa79df7608c724d4bb2d7f25c343eaca846a9637a5a,60.17918,24.95141,00000000675d5200,14.89
91,2019-08-01T04:06:00Z,9d30cd57b0a81019f53c1e870ea2e0dc8f3270c6eec42af95b81a362,60.14947,24.91438,000000004ef3150d,16.1
92,2019-08-01T04:06:00Z,9d713c9ce415e473048b45bbb35d6dcdef35cabaca39aa54f2e781a3,60.16531,24.9442,00000000fdda10fe,38.87
93,2019-08-01T04:06:00Z,a4b65e035e427b0c56c10072f7f2e48b5f85e1bd10d3a73fa1ff42f1,60.16897,24.95222,00000000aa852af1,9.92
94,2019-08-01T04:06:00Z,a7a36db8d8a60667073aea1d994ef3311ccfb7ec4d3b0e89fbb7e50f,60.14951,24.92138,0000000006dd41f6,20.28
95,2019-08-01T04:06:00Z,a8c7d85d397619b4a91c2655e8e50b1cfcbf2771d71b62b4681a20c8,60.16448,24.97323,0000000053c6c2be,25.36
96,2019-08-01T04:06:00Z,abbc36dc47046c08cb004ed228b0d806dec1d213dea8dfb32af22b59,60.14947,24.91438,000000004ef3150d,9.92
97,2019-08-01T04:06:00Z,b0a0ebb56168ca8f4c792d7379a0ce6a80bdc0efc18a7bbcd24aab6a,60.17002,24.94407,000000006b087f40,14.89
98,2019-08-01T04:06:00Z,b0e07e0371341fe2662c332a2ca1121d9150992552ce27f9ba817b9e,60.14947,24.91438,000000004ef3150d,13.75
99,2019-08-01T04:06:00Z,b204b58b3bea774ddd84e87b84f42a793430b5c8bf2470e08fedff18,60.14947,24.91438,000000004ef3150d,9.92
100,2019-08-01T04:06:00Z,bd43868a65907053bc381953774480a6a9a5a397e44621ba239ad935,60.16829,24.94214,00000000afef4555,18.79
101,2019-08-01T04:06:00Z,be75d33addbf9003626c9f9488ebae2e7cd86d1fe6ff9a87ff15b892,60.14947,24.91438,000000004ef3150d,20.28
102,2019-08-01T04:06:00Z,bf17a447b89de15b1f3fea6f674d382cfa3c390e1a0d59a8de6ba28d,60.16762,24.95415,000000006b44cce7,18.79
103,2019-08-01T04:06:00Z,c0670f797600536e8e5a5e1a2bbf4778ac7b0c8bf210d08ca749e547,60.14947,24.91438,000000004ef3150d,7.05
104,2019-08-01T04:06:00Z,c4ffd1374e30b2e63502449b73b967cb15f01137e97f6b850ae81814,60.16629,24.95957,00000000fb7600be,16.1
105,2019-08-01T04:06:00Z,c5b1ebbc71f7a611a7415c126514bc92963d32b056ba093526802475,60.16762,24.95415,000000006b44cce7,16.1
106,2019-08-01T04:06:00Z,cf254af2bb4967d5eaea512db54e2145291d9ee1180fcd8d8523e9a9,60.14947,24.91438,000000004ef3150d,8.38
107,2019-08-01T04:06:00Z,d5872645dff960ccab87e593c8d1b95c95be07e4004ee7a4e71a7630,60.14947,24.91438,000000004ef3150d,17.4
108,2019-08-01T04:06:00Z,d86ab9c9c34e183bcc1c503650a13727a6f02264cc533119a19918a4,60.14947,24.91438,000000004ef3150d,27.28
109,2019-08-01T04:06:00Z,f16984cfcc068d3fb1afb6003705a89cf4789ae08503712a1b73bf83,60.14947,24.91438,000000004ef3150d,16.1
110,2019-08-01T04:06:00Z,f16dc8784ce6221870478f7fe09896352699843255de7b59c6c2a1fe,60.15133,24.92329,00000000e8a064a4,33.81
111,2019-08-01T04:06:00Z,f7adfec0f2afb4311798f5b8f7bbd5abbf68d0b2795e24c9ea584fbf,60.16762,24.95415,000000006b44cce7,10.78
112,2019-08-01T04:06:00Z,f9035e329bde8ddef7d8f98a2cee4d3c3815837260827a786938c54c,60.14947,24.91438,000000004ef3150d,20.28
113,2019-08-01T04:06:00Z,fd30b66734217247a078a83bb94e278ba8e0c8a1245efbf00b1d778c,60.16762,24.95415,000000006b44cce7,3.74
114,2019-08-01T04:06:00Z,feda7f4b347e9051c0697a26e540bc597544729ac52f0a160ea3f4c5,60.14947,24.91438,000000004ef3150d,7.05
115,2019-08-01T04:06:00Z,fef4ed04adcddb3ff6555804343d9f8671e8ef4a4244293e8782733e,60.16762,24.95415,000000006b44cce7,4.11
116,2019-08-01T04:06:01Z,03e0fc996a589ccdf1871b3c78e089c08c93ba1f2a02d740fb384aac,60.16531,24.9442,00000000fdda10fe,27.28
117,2019-08-01T04:06:01Z,14c7e1511b70f4dd3359cbece1377aebb4d70531f5489eefe53d7c3c,60.16544,24.95398,0000000038d83d41,23.56
118,2019-08-01T04:06:01Z,297c725b456ef12d2712634b21546721cbe93224d3a5762d897404f2,60.16762,24.95415,000000006b44cce7,18.79
119,2019-08-01T04:06:01Z,351f44e773650f6c4a68cd25c338d2bf5d9a1b20942961befe3b3f11,60.16448,24.97323,0000000053c6c2be,14.89
120,2019-08-01T04:06:01Z,43b676ed3aef4c2d8846694817e76117873be52e7f788e0cb366c1c4,60.16629,24.95957,00000000fb7600be,23.56
121,2019-08-01T04:06:01Z,4abec48b53c4d82dc781a50af0676249c9d08be31b608a3f378109a6,60.1538,24.95595,0000000038bf9618,31.5
122,2019-08-01T04:06:01Z,54e7fd03bee1eb885df697829799de625b768641b054f4a1e3017350,60.16762,24.95415,000000006b44cce7,18.79
123,2019-08-01T04:06:01Z,5d65719c4cbf045f068d084b72302f447d5fd034413d97d13be00d0e,60.18203,24.91341,00000000342570c2,20.28
124,2019-08-01T04:06:01Z,5eed115a984d490b02b602d73787aee8dc8c4e9365b77fbff3818a76,60.16629,24.95957,00000000fb7600be,23.56
125,2019-08-01T04:06:01Z,6a657079c1bdc8114c289be1ddd83e5846d4279a920d1697b8ff0033,60.18203,24.91341,00000000342570c2,25.36
126,2019-08-01T04:06:01Z,6ff437688c444238352c28f64f9d2a7d0f14d19c9ea42c225380501e,60.16762,24.95415,000000006b44cce7,21.87
127,2019-08-01T04:06:01Z,84fdfd8881f633c5f0c71c1480053953ca4b05e848052d97c063ad38,60.1538,24.95595,0000000038bf9618,23.56
128,2019-08-01T04:06:01Z,87dfaad29a9276ddddb1fa021d3bc23ad14824c1af16f7d87e713689,60.14951,24.92138,0000000006dd41f6,9.12
129,2019-08-01T04:06:01Z,89982a6acf91b79a282a6b63978e946ee205f303fcd20e944e06baf0,60.16544,24.95398,0000000038d83d41,33.81
130,2019-08-01T04:06:01Z,8c75c3289c84fe4493e1e272a77b615fe1985880c5dc68a7c1a17b53,60.16762,24.95415,000000006b44cce7,12.69
131,2019-08-01T04:06:01Z,8cc6ddaa460aeae8cc9e8a33f91a01c8cd4c0c8bf8a943210a28c84d,60.1538,24.95595,0000000038bf9618,16.1
132,2019-08-01T04:06:01Z,8ffeb52bff155eab19ca329d16be495cd44a08aa7f79b94db079caf9,60.15432,24.9211,0000000019fb59c4,31.5
133,2019-08-01T04:06:01Z,9041c42fbb1cf987ee209454d6f5fab418a20e06fd7625460be30fa6,60.16531,24.9442,00000000fdda10fe,33.81
134,2019-08-01T04:06:01Z,91d3b80de4439a4a49ddb8a04d72a0a2ec6c08f351d70232842af567,60.16762,24.95415,000000006b44cce7,20.28
135,2019-08-01T04:06:01Z,9843c6216661048343a0e49cf3d8aa2883cf77f452666a1c873a1052,60.16448,24.97323,0000000053c6c2be,18.79
136,2019-08-01T04:06:01Z,9d03d14afa49576281aa26db60e517f7c1ec8aa36f7756959a860a8a,60.16629,24.95957,00000000fb7600be,7.05
137,2019-08-01T04:06:01Z,a08cae03363d2e483a6ea717973088f4bd4276de96a9d438a7358ff4,60.16897,24.95222,00000000aa852af1,38.87
138,2019-08-01T04:06:01Z,a91d379a4b57c5df22db0d7a041ff69f657b4b31f28554b1011fc03c,60.16544,24.95398,0000000038d83d41,29.32
139,2019-08-01T04:06:01Z,a9da1ee82e3b670e276c26b483dd50f4a6d0c6f77ef82245d3ae6086,60.18203,24.91341,00000000342570c2,18.79
140,2019-08-01T04:06:01Z,b5fd6b317890e5ab2d79e2cd1abe61626d45a753c7337d0d40728898,60.16762,24.95415,000000006b44cce7,14.89
141,2019-08-01T04:06:01Z,c40c37def6bf11a63a2556519a7c6233fd417cdeea2cf14f28e7c42c,60.16531,24.9442,00000000fdda10fe,31.5
142,2019-08-01T04:06:01Z,ce783d3c1b06378e5c39c25687746a6f88fbb0ff2b36e3405fb61cf8,60.16762,24.95415,000000006b44cce7,13.75
143,2019-08-01T04:06:01Z,cf05623e4d87ce0906c0b0b7dbf53aacc1228016cd27c341228b6e76,60.18203,24.91341,00000000342570c2,17.4
144,2019-08-01T04:06:01Z,dd2c9c82cf3737146294aff6f814a1349fb0bc4bedf518715dacbe8f,60.18203,24.91341,00000000342570c2,21.87
145,2019-08-01T04:06:01Z,e7810b3ffa8428097e905f12a75fd88f0ac2299db24148b8ffecde30,60.16762,24.95415,000000006b44cce7,21.87
146,2019-08-01T04:06:01Z,ea2af410359f5c862dbc71554cc0b6ea29d823a91db3209fcd2a8c76,60.16762,24.95415,000000006b44cce7,18.79
147,2019-08-01T04:06:01Z,ec72ef080c605e71978aed0d3b5f22c3c3133677a43c614b72eedc6d,60.14699,24.922,00000000a53ed894,16.1
148,2019-08-01T04:06:01Z,ed70dda6b7faebd4340dacdb452ab224d9d3c308df417b7fa76f54e8,60.14951,24.92138,0000000006dd41f6,27.28
149,2019-08-01T04:06:01Z,f088630d7476dae7d4b7e2bb1f10575f2c89acb4b6e061f3d57c2b40,60.16531,24.9442,00000000fdda10fe,18.79
150,2019-08-01T04:06:01Z,f6609ab1076b1105bb845595a03b41b8fbb282f79c337df5bbc9f841,60.16629,24.95957,00000000fb7600be,18.79
151,2019-08-01T04:06:01Z,f99c5dd8cc08bd2353083d875ce8bc585fb2c2ff8427b90d92f571de,60.1538,24.95595,0000000038bf9618,31.5
152,2019-08-01T04:06:01Z,fc4f3a44235f1cfc7b53f14ba2da599976a5a0a220d23b852688e485,60.17919,24.95181,000000007b5207b6,9.92
153,2019-08-01T04:06:01Z,0b54d7500ee0e6c588013408d82820c7b507fd116ad615950da75825,60.16629,24.95957,00000000fb7600be,20.28
154,2019-08-01T04:06:01Z,0d48aefbbf3f2b592c5f40e3996d03d3cca2051ed368da1426163126,60.16544,24.95398,0000000038d83d41,23.56
155,2019-08-01T04:06:01Z,0e5ca7a90633a63d601f4cdb05649cff2dac2cf9a400c7962be50d1b,60.16829,24.94214,00000000afef4555,8.38
156,2019-08-01T04:06:01Z,0f0637ee1a6c4af0b43a79f0dbff889e9ed59346aeddc562b6e18981,60.17065,24.93641,000000000f4919c9,21.87
157,2019-08-01T04:06:01Z,13e4206d38eafb32822df97189167727a93c3fc19b187987f9af2d8a,60.14699,24.922,00000000a53ed894,27.28
158,2019-08-01T04:06:01Z,178d1a5f92c9712e4ab7f9b29ee6b266a2a084c52ae50daa0d5d92ef,60.16897,24.95222,00000000aa852af1,27.28
159,2019-08-01T04:06:01Z,1b3e86bfa1b22a96569b41da71802ccf64b1633342ecc8930826c08b,60.14947,24.91438,000000004ef3150d,29.32
160,2019-08-01T04:06:01Z,1c7abd36e5fa56eaeeccd31bc56d342487ef6c3f1f9e9a34c8e9ecc4,60.16762,24.95415,000000006b44cce7,18.79
161,2019-08-01T04:06:01Z,1dacfb371d75dd4f90f447aac2a00faad98beb4188a6971c19eb2375,60.16629,24.95957,00000000fb7600be,27.28
162,2019-08-01T04:06:01Z,1ecbc7c6afe89033252e5510cbb893666af2b3bc29f555a3a6287fdb,60.14951,24.92138,0000000006dd41f6,3.4
163,2019-08-01T04:06:01Z,239dd0497850a89a37538ba03650a939b5738c6853a6857656e594f9,60.14947,24.91438,000000004ef3150d,14.89
164,2019-08-01T04:06:01Z,25588abaf15fc295461e12e3867a5e9fe843b9201a856f9245de73dc,60.16531,24.9442,00000000fdda10fe,27.28
165,2019-08-01T04:06:01Z,2667d59920dfea4de6fc82ec2a31b83751fc32fafe28ed6808aabcfb,60.16531,24.9442,00000000fdda10fe,18.79
166,2019-08-01T04:06:01Z,268c49ee7567ea6800e49f01cac98788f89ed3f87c0727969e352168,60.14947,24.91438,000000004ef3150d,9.92
167,2019-08-01T04:06:01Z,26ae5346995177879c43dcdfe3b41d829debc62c90eaf4b8297b921e,60.16762,24.95415,000000006b44cce7,18.79
168,2019-08-01T04:06:01Z,2ab97eb72424d3a245ddd77691854f564f939b5bacf84648d4211da2,60.16762,24.95415,000000006b44cce7,11.7
169,2019-08-01T04:06:01Z,2c01a9062fa70d3766b18ab4071438171a3ce24633b80fef3103ce35,60.17002,24.94407,000000006b087f40,33.81
170,2019-08-01T04:06:01Z,2ed8e3d63bc8f03c25e546b9cc4499793b4e5c6841ea4651db2070c2,60.14947,24.91438,000000004ef3150d,23.56
171,2019-08-01T04:06:01Z,2efc49895adf8377701a80155c6e83540153dd25d97ad11dc1c069b3,60.14947,24.91438,000000004ef3150d,23.56
172,2019-08-01T04:06:01Z,33ac9d0996fa492307b5836584f1a861d084a489b7985455ef33ac4f,60.14947,24.91438,000000004ef3150d,23.56
173,2019-08-01T04:06:01Z,387903999e5563d864754fb098faca304323175514073ccd11497b70,60.16762,24.95415,000000006b44cce7,27.28
174,2019-08-01T04:06:01Z,39db9a8cc0acaf7a75476ae720094892df5ec53f96b3ddc6a7088538,60.16531,24.9442,00000000fdda10fe,33.81
175,2019-08-01T04:06:01Z,3c16aa906185cd059deeef7e6558c2809c4f9bd3325c233f48b0d135,60.16629,24.95957,00000000fb7600be,13.75
176,2019-08-01T04:06:01Z,3d59145441f0aee0c1d5cd2d4aa97e02819497e74da5bdc0fff02fab,60.16629,24.95957,00000000fb7600be,17.4
177,2019-08-01T04:06:01Z,42844e90c7134ebb3ec325f57cd27cd24711c779548ebc8692a820d5,60.14951,24.92138,0000000006dd41f6,3.09
178,2019-08-01T04:06:01Z,4a282fc6ce6a99facf1ebac2176c0334278aef84be0c6714877e092a,60.14947,24.91438,000000004ef3150d,21.87
179,2019-08-01T04:06:01Z,4ca8da2a185f4d8e04295fb4ad34c6892deaa815cf02ee545b882a0e,60.14947,24.91438,000000004ef3150d,17.4
180,2019-08-01T04:06:01Z,4f437a75efa7598527e4821821421646c0b38e981828e9ff78ad85b1,60.17918,24.95141,00000000675d5200,25.36
181,2019-08-01T04:06:01Z,5526044f629c2fe3faa477a6db74914992ba7a2e253acaf4941a7e48,60.16829,24.94214,00000000afef4555,14.89
182,2019-08-01T04:06:01Z,585c8a0ee62b54014110ca277f3a3b6b379ea6afcf76e4bc98478d96,60.14947,24.91438,000000004ef3150d,8.38
183,2019-08-01T04:06:01Z,59708d7b3e21094293f1131941e6d65a89afcc05b73711eb6d8e971a,60.14947,24.91438,000000004ef3150d,14.89
184,2019-08-01T04:06:01Z,64f19e9bb44c74656794cf8fbebb6f90470294d583977925466f510c,60.14947,24.91438,000000004ef3150d,7.05
185,2019-08-01T04:06:01Z,671f9d77c767acb9f9d791833688903089ee1152c5884dd3dc1279ae,60.16531,24.9442,00000000fdda10fe,17.4
186,2019-08-01T04:06:01Z,6931e7ade79c18188b2cedeefe0b121db7349a967e272155350d6a19,60.16075,24.95883,00000000f1124bca,41.64
187,2019-08-01T04:06:01Z,6ecf8714a935bdcffe83ca14308e27141df96dff68e99a6bd3fa0ffa,60.18203,24.91341,00000000342570c2,33.81
188,2019-08-01T04:06:01Z,701ebe2f0c93e3d2d5f4c1b9f737199afb3f37f9b49809649903d665,60.16762,24.95415,000000006b44cce7,6.46
189,2019-08-01T04:06:01Z,709259b8fe81b341ab66e34556e818429e237a8d622f6d0566e551f3,60.16897,24.95222,00000000aa852af1,9.92
190,2019-08-01T04:06:01Z,7933316c103afda20c5263080df2e9d89ceaeba15278941ee58cc2ab,60.14947,24.91438,000000004ef3150d,9.92
191,2019-08-01T04:06:01Z,7cc04b302a8e03b07ec7e9cce866eb2c5de4a7af4d38a01e2b2335fe,60.14951,24.92138,0000000006dd41f6,21.87
192,2019-08-01T04:06:01Z,7eefbdc40fb69e0bb58055bca67ba51774af0d557519ec78afeb7f0f,60.14947,24.91438,000000004ef3150d,11.7
193,2019-08-01T04:06:01Z,819d6517349be2b42beaef470295253fbcf0a81e333e5a76fc4a5cc8,60.14947,24.91438,000000004ef3150d,7.69
194,2019-08-01T04:06:01Z,83a355f6f7cb4d79b9303e359500abef0ca4c3b0633d5c5e1f7d0203,60.16762,24.95415,000000006b44cce7,9.92
195,2019-08-01T04:06:01Z,8617e8f003bc263ca3fa0641e23da3562cb9abe3c842c8388db9e3c3,60.16762,24.95415,000000006b44cce7,9.92
196,2019-08-01T04:06:01Z,8ee60b1bab845ac167e90e6026876330565c65f7a6c2167ff40e696a,60.14699,24.922,00000000a53ed894,31.5
197,2019-08-01T04:06:01Z,90b4d7235fb9eac173d8c8618058c1a5f09a144657c97a5f1c016462,60.14947,24.91438,000000004ef3150d,12.69
198,2019-08-01T04:06:01Z,942ace491c8f301039e8382f65361806bb2a816856ebaac0fac91345,60.14947,24.91438,000000004ef3150d,21.87
199,2019-08-01T04:06:01Z,95047181ef5b127a8f77accf7673f4126a2b6c3b5f293207ae696ac7,60.16629,24.95957,00000000fb7600be,17.4
200,2019-08-01T04:06:01Z,99a026b5100e23129fa529e9a57a3dbc8490dc03b58f2193f03e2dcf,60.14951,24.92138,0000000006dd41f6,4.94
201,2019-08-01T04:06:01Z,9a6b0c37a7a59fa79df7608c724d4bb2d7f25c343eaca846a9637a5a,60.17918,24.95141,00000000675d5200,23.56
202,2019-08-01T04:06:01Z,a4b65e035e427b0c56c10072f7f2e48b5f85e1bd10d3a73fa1ff42f1,60.16897,24.95222,00000000aa852af1,6.46
203,2019-08-01T04:06:01Z,a86c102f289409f6efef56c9b116b4ad52d8e2d7b7ab23a6df2a0675,60.16762,24.95415,000000006b44cce7,4.94
204,2019-08-01T04:06:01Z,abbc36dc47046c08cb004ed228b0d806dec1d213dea8dfb32af22b59,60.14947,24.91438,000000004ef3150d,9.12
205,2019-08-01T04:06:01Z,b0a0ebb56168ca8f4c792d7379a0ce6a80bdc0efc18a7bbcd24aab6a,60.17002,24.94407,000000006b087f40,10.78
206,2019-08-01T04:06:01Z,b0e07e0371341fe2662c332a2ca1121d9150992552ce27f9ba817b9e,60.14947,24.91438,000000004ef3150d,14.89
207,2019-08-01T04:06:01Z,b204b58b3bea774ddd84e87b84f42a793430b5c8bf2470e08fedff18,60.14947,24.91438,000000004ef3150d,6.46
208,2019-08-01T04:06:01Z,bd43868a65907053bc381953774480a6a9a5a397e44621ba239ad935,60.16829,24.94214,00000000afef4555,12.69
209,2019-08-01T04:06:01Z,c0670f797600536e8e5a5e1a2bbf4778ac7b0c8bf210d08ca749e547,60.14947,24.91438,000000004ef3150d,4.94
210,2019-08-01T04:06:01Z,c4ffd1374e30b2e63502449b73b967cb15f01137e97f6b850ae81814,60.16629,24.95957,00000000fb7600be,23.56
211,2019-08-01T04:06:01Z,cf254af2bb4967d5eaea512db54e2145291d9ee1180fcd8d8523e9a9,60.14947,24.91438,000000004ef3150d,8.38
212,2019-08-01T04:06:01Z,d5872645dff960ccab87e593c8d1b95c95be07e4004ee7a4e71a7630,60.14947,24.91438,000000004ef3150d,20.28
213,2019-08-01T04:06:01Z,e1030b1cc715f8e7c0e062d1e91aebcd5fc829c8dc0dc8a189c2db3f,60.17002,24.94407,000000006b087f40,27.28
214,2019-08-01T04:06:01Z,f16984cfcc068d3fb1afb6003705a89cf4789ae08503712a1b73bf83,60.14947,24.91438,000000004ef3150d,21.87
215,2019-08-01T04:06:01Z,f7adfec0f2afb4311798f5b8f7bbd5abbf68d0b2795e24c9ea584fbf,60.16762,24.95415,000000006b44cce7,10.78
216,2019-08-01T04:06:01Z,f9035e329bde8ddef7d8f98a2cee4d3c3815837260827a786938c54c,60.14947,24.91438,000000004ef3150d,16.1
217,2019-08-01T04:06:01Z,fd30b66734217247a078a83bb94e278ba8e0c8a1245efbf00b1d778c,60.16762,24.95415,000000006b44cce7,4.11
218,2019-08-01T04:06:01Z,febd281417fc5892a4a707eab57c541684a3fe684d687f5c097babee,60.17002,24.94407,000000006b087f40,23.56
219,2019-08-01T04:06:01Z,feda7f4b347e9051c0697a26e540bc597544729ac52f0a160ea3f4c5,60.14947,24.91438,000000004ef3150d,5.91
220,2019-08-01T04:06:01Z,fef4ed04adcddb3ff6555804343d9f8671e8ef4a4244293e8782733e,60.16762,24.95415,000000006b44cce7,2.54
221,2019-08-01T04:06:02Z,144afc51fc2443c7031a2912566eff2ce60226a49d6d2bd7c2923700,60.16544,24.95398,0000000038d83d41,31.5
222,2019-08-01T04:06:02Z,14c7e1511b70f4dd3359cbece1377aebb4d70531f5489eefe53d7c3c,60.16544,24.95398,0000000038d83d41,23.56
223,2019-08-01T04:06:02Z,165ebbb4090d47319ae370f0d0854fdc1f6b79499f8b2e4d3c3533c0,60.16544,24.95398,0000000038d83d41,27.28
224,2019-08-01T04:06:02Z,26a7f422e4d26aeb0cb519e9d16d5e57537056caa23982d5aae127fb,60.16762,24.95415,000000006b44cce7,23.56
225,2019-08-01T04:06:02Z,2dd6ca2c889266702d554569764346cf583b74b0890b10e00ecd4f82,60.16544,24.95398,0000000038d83d41,31.5
226,2019-08-01T04:06:02Z,351f44e773650f6c4a68cd25c338d2bf5d9a1b20942961befe3b3f11,60.16448,24.97323,0000000053c6c2be,13.75
227,2019-08-01T04:06:02Z,384b4d96a26aae32d2af0c0f637cb59cc8470a36445623930229d524,60.16897,24.95222,00000000aa852af1,25.36
228,2019-08-01T04:06:02Z,43b676ed3aef4c2d8846694817e76117873be52e7f788e0cb366c1c4,60.16629,24.95957,00000000fb7600be,23.56
229,2019-08-01T04:06:02Z,4abec48b53c4d82dc781a50af0676249c9d08be31b608a3f378109a6,60.1538,24.95595,0000000038bf9618,31.5
230,2019-08-01T04:06:02Z,54e7fd03bee1eb885df697829799de625b768641b054f4a1e3017350,60.16762,24.95415,000000006b44cce7,18.79
231,2019-08-01T04:06:02Z,5d65719c4cbf045f068d084b72302f447d5fd034413d97d13be00d0e,60.18203,24.91341,00000000342570c2,18.79
232,2019-08-01T04:06:02Z,66dabd3229229330d23c70e9e1737429ddfe69db01f4a6a00f70fa20,60.16762,24.95415,000000006b44cce7,25.36
233,2019-08-01T04:06:02Z,6d22b751ff5173035dc85c52c3dff0780126adae67fe33dc62dd45ef,60.16531,24.9442,00000000fdda10fe,33.81
234,2019-08-01T04:06:02Z,6f06341f358e61699fe1e55e986dd0554bc8da28b91daf0c5ad99db6,60.16629,24.95957,00000000fb7600be,23.56
235,2019-08-01T04:06:02Z,6ff437688c444238352c28f64f9d2a7d0f14d19c9ea42c225380501e,60.16762,24.95415,000000006b44cce7,23.56
236,2019-08-01T04:06:02Z,79f136afa0dd8717337c01c70b457c464aaf0fa25b440f51a394ec23,60.16762,24.95415,000000006b44cce7,21.87
237,2019-08-01T04:06:02Z,84fdfd8881f633c5f0c71c1480053953ca4b05e848052d97c063ad38,60.1538,24.95595,0000000038bf9618,25.36
238,2019-08-01T04:06:02Z,87dfaad29a9276ddddb1fa021d3bc23ad14824c1af16f7d87e713689,60.14951,24.92138,0000000006dd41f6,7.69
239,2019-08-01T04:06:02Z,89982a6acf91b79a282a6b63978e946ee205f303fcd20e944e06baf0,60.16544,24.95398,0000000038d83d41,29.32
240,2019-08-01T04:06:02Z,8cc6ddaa460aeae8cc9e8a33f91a01c8cd4c0c8bf8a943210a28c84d,60.1538,24.95595,0000000038bf9618,31.5
241,2019-08-01T04:06:02Z,8ffeb52bff155eab19ca329d16be495cd44a08aa7f79b94db079caf9,60.15432,24.9211,0000000019fb59c4,29.32
242,2019-08-01T04:06:02Z,91d3b80de4439a4a49ddb8a04d72a0a2ec6c08f351d70232842af567,60.16762,24.95415,000000006b44cce7,21.87
243,2019-08-01T04:06:02Z,9843c6216661048343a0e49cf3d8aa2883cf77f452666a1c873a1052,60.16448,24.97323,0000000053c6c2be,11.7
244,2019-08-01T04:06:02Z,9d03d14afa49576281aa26db60e517f7c1ec8aa36f7756959a860a8a,60.16629,24.95957,00000000fb7600be,7.05
245,2019-08-01T04:06:02Z,9d5da91dad893b62eea6f22a7092dd0552c6d3bf33f4c6110326b208,60.16897,24.95222,00000000aa852af1,36.27
246,2019-08-01T04:06:02Z,a79af88ad05127e9c29a09f407406a364eb21dc127dc8d914e190418,60.16531,24.9442,00000000fdda10fe,31.5
247,2019-08-01T04:06:02Z,a91d379a4b57c5df22db0d7a041ff69f657b4b31f28554b1011fc03c,60.16544,24.95398,0000000038d83d41,29.32
248,2019-08-01T04:06:02Z,a9da1ee82e3b670e276c26b483dd50f4a6d0c6f77ef82245d3ae6086,60.18203,24.91341,00000000342570c2,21.87
249,2019-08-01T04:06:02Z,b5fd6b317890e5ab2d79e2cd1abe61626d45a753c7337d0d40728898,60.16762,24.95415,000000006b44cce7,11.7
250,2019-08-01T04:06:02Z,ce197d5eedb5498917afe7ca3f7275ffeb191f0c5d050bffa154c1d2,60.16531,24.9442,00000000fdda10fe,31.5
251,2019-08-01T04:06:02Z,ce783d3c1b06378e5c39c25687746a6f88fbb0ff2b36e3405fb61cf8,60.16762,24.95415,000000006b44cce7,10.78
252,2019-08-01T04:06:02Z,cf05623e4d87ce0906c0b0b7dbf53aacc1228016cd27c341228b6e76,60.18203,24.91341,00000000342570c2,33.81
253,2019-08-01T04:06:02Z,dd2c9c82cf3737146294aff6f814a1349fb0bc4bedf518715dacbe8f,60.18203,24.91341,00000000342570c2,23.56
254,2019-08-01T04:06:02Z,e7810b3ffa8428097e905f12a75fd88f0ac2299db24148b8ffecde30,60.16762,24.95415,000000006b44cce7,14.89
255,2019-08-01T04:06:02Z,ea2af410359f5c862dbc71554cc0b6ea29d823a91db3209fcd2a8c76,60.16762,24.95415,000000006b44cce7,20.28
256,2019-08-01T04:06:02Z,ec72ef080c605e71978aed0d3b5f22c3c3133677a43c614b72eedc6d,60.14699,24.922,00000000a53ed894,18.79
257,2019-08-01T04:06:02Z,f6609ab1076b1105bb845595a03b41b8fbb282f79c337df5bbc9f841,60.16629,24.95957,00000000fb7600be,20.28
258,2019-08-01T04:06:02Z,f99c5dd8cc08bd2353083d875ce8bc585fb2c2ff8427b90d92f571de,60.1538,24.95595,0000000038bf9618,25.36
259,2019-08-01T04:06:02Z,fc4f3a44235f1cfc7b53f14ba2da599976a5a0a220d23b852688e485,60.17919,24.95181,000000007b5207b6,25.36
260,2019-08-01T04:06:02Z,0d48aefbbf3f2b592c5f40e3996d03d3cca2051ed368da1426163126,60.16544,24.95398,0000000038d83d41,23.56
261,2019-08-01T04:06:02Z,0e5ca7a90633a63d601f4cdb05649cff2dac2cf9a400c7962be50d1b,60.16829,24.94214,00000000afef4555,9.12
262,2019-08-01T04:06:02Z,0f0637ee1a6c4af0b43a79f0dbff889e9ed59346aeddc562b6e18981,60.17065,24.93641,000000000f4919c9,17.4
263,2019-08-01T04:06:02Z,13e4206d38eafb32822df97189167727a93c3fc19b187987f9af2d8a,60.14699,24.922,00000000a53ed894,31.5
264,2019-08-01T04:06:02Z,178d1a5f92c9712e4ab7f9b29ee6b266a2a084c52ae50daa0d5d92ef,60.16897,24.95222,00000000aa852af1,23.56
265,2019-08-01T04:06:02Z,19f9085bbc4ee634ed4d7858c20a78a37c2f56663e9ef154fc91597a,60.17002,24.94407,000000006b087f40,25.36
266,2019-08-01T04:06:02Z,1a93ea97a4c1a65d81746819a5a81c89327b69f1a536fc313e0de97e,60.16897,24.95222,00000000aa852af1,20.28
267,2019-08-01T04:06:02Z,1b3e86bfa1b22a96569b41da71802ccf64b1633342ecc8930826c08b,60.14947,24.91438,000000004ef3150d,33.81
268,2019-08-01T04:06:02Z,1ecbc7c6afe89033252e5510cbb893666af2b3bc29f555a3a6287fdb,60.14951,24.92138,0000000006dd41f6,4.94
269,2019-08-01T04:06:02Z,239dd0497850a89a37538ba03650a939b5738c6853a6857656e594f9,60.14947,24.91438,000000004ef3150d,14.89
270,2019-08-01T04:06:02Z,25588abaf15fc295461e12e3867a5e9fe843b9201a856f9245de73dc,60.16531,24.9442,00000000fdda10fe,23.56
271,2019-08-01T04:06:02Z,2667d59920dfea4de6fc82ec2a31b83751fc32fafe28ed6808aabcfb,60.16531,24.9442,00000000fdda10fe,16.1
272,2019-08-01T04:06:02Z,268c49ee7567ea6800e49f01cac98788f89ed3f87c0727969e352168,60.14947,24.91438,000000004ef3150d,14.89
273,2019-08-01T04:06:02Z,2ab97eb72424d3a245ddd77691854f564f939b5bacf84648d4211da2,60.16762,24.95415,000000006b44cce7,11.7
274,2019-08-01T04:06:02Z,2efc49895adf8377701a80155c6e83540153dd25d97ad11dc1c069b3,60.14947,24.91438,000000004ef3150d,25.36
275,2019-08-01T04:06:02Z,33ac9d0996fa492307b5836584f1a861d084a489b7985455ef33ac4f,60.14947,24.91438,000000004ef3150d,18.79
276,2019-08-01T04:06:02Z,35ebf29d323f34e73e7f753d8d84dee8d0b738ec272df62e4416fe2d,60.14947,24.91438,000000004ef3150d,27.28
277,2019-08-01T04:06:02Z,387903999e5563d864754fb098faca304323175514073ccd11497b70,60.16762,24.95415,000000006b44cce7,9.12
278,2019-08-01T04:06:02Z,39d2883f216c35d8d24d92ae6b8646e4ef71a6fe0a28b2e68c23ca76,60.16762,24.95415,000000006b44cce7,7.69
279,2019-08-01T04:06:02Z,39db9a8cc0acaf7a75476ae720094892df5ec53f96b3ddc6a7088538,60.16531,24.9442,00000000fdda10fe,29.32
280,2019-08-01T04:06:02Z,3a905a4ed941c4a0dd04df16cf3f1374ffcf2fca69b120b326631a46,60.14947,24.91438,000000004ef3150d,7.69
281,2019-08-01T04:06:02Z,3c16aa906185cd059deeef7e6558c2809c4f9bd3325c233f48b0d135,60.16629,24.95957,00000000fb7600be,13.75
282,2019-08-01T04:06:02Z,3cbf81a592742f7a6a4289c08658e91a39bc589d467452d9278b317d,60.16829,24.94214,00000000afef4555,3.74
283,2019-08-01T04:06:02Z,3d59145441f0aee0c1d5cd2d4aa97e02819497e74da5bdc0fff02fab,60.16629,24.95957,00000000fb7600be,16.1
284,2019-08-01T04:06:02Z,42844e90c7134ebb3ec325f57cd27cd24711c779548ebc8692a820d5,60.14951,24.92138,0000000006dd41f6,3.4
285,2019-08-01T04:06:02Z,4a282fc6ce6a99facf1ebac2176c0334278aef84be0c6714877e092a,60.14947,24.91438,000000004ef3150d,21.87
286,2019-08-01T04:06:02Z,4ca8da2a185f4d8e04295fb4ad34c6892deaa815cf02ee545b882a0e,60.14947,24.91438,000000004ef3150d,11.7
287,2019-08-01T04:06:02Z,4f2ee410fae343924332b7c45d23df66786e3599cf001d739702393e,60.16762,24.95415,000000006b44cce7,11.7
288,2019-08-01T04:06:02Z,4f437a75efa7598527e4821821421646c0b38e981828e9ff78ad85b1,60.17918,24.95141,00000000675d5200,27.28
289,2019-08-01T04:06:02Z,5526044f629c2fe3faa477a6db74914992ba7a2e253acaf4941a7e48,60.16829,24.94214,00000000afef4555,12.69
290,2019-08-01T04:06:02Z,585c8a0ee62b54014110ca277f3a3b6b379ea6afcf76e4bc98478d96,60.14947,24.91438,000000004ef3150d,9.12
291,2019-08-01T04:06:02Z,59708d7b3e21094293f1131941e6d65a89afcc05b73711eb6d8e971a,60.14947,24.91438,000000004ef3150d,6.46
292,2019-08-01T04:06:02Z,64f19e9bb44c74656794cf8fbebb6f90470294d583977925466f510c,60.14947,24.91438,000000004ef3150d,17.4
293,2019-08-01T04:06:02Z,680f6c0edc8450eb4f8a392f5068255d1c3d580ae83e867788a35195,60.1538,24.95595,0000000038bf9618,29.32
294,2019-08-01T04:06:02Z,6ecf8714a935bdcffe83ca14308e27141df96dff68e99a6bd3fa0ffa,60.18203,24.91341,00000000342570c2,20.28
295,2019-08-01T04:06:02Z,701ebe2f0c93e3d2d5f4c1b9f737199afb3f37f9b49809649903d665,60.16762,24.95415,000000006b44cce7,8.38
296,2019-08-01T04:06:02Z,709259b8fe81b341ab66e34556e818429e237a8d622f6d0566e551f3,60.16897,24.95222,00000000aa852af1,8.38
297,2019-08-01T04:06:02Z,74cb545f76f0bfc5498607247e26e814276a11ce91f77208054ecbc5,60.17002,24.94407,000000006b087f40,29.32
298,2019-08-01T04:06:02Z,7933316c103afda20c5263080df2e9d89ceaeba15278941ee58cc2ab,60.14947,24.91438,000000004ef3150d,12.69
299,2019-08-01T04:06:02Z,7b95b0287c65400f6eb39510a5839927d662c90109af99e195034f7e,60.16762,24.95415,000000006b44cce7,27.28
300,2019-08-01T04:06:02Z,7cc04b302a8e03b07ec7e9cce866eb2c5de4a7af4d38a01e2b2335fe,60.14951,24.92138,0000000006dd41f6,8.38
301,2019-08-01T04:06:02Z,7eefbdc40fb69e0bb58055bca67ba51774af0d557519ec78afeb7f0f,60.14947,24.91438,000000004ef3150d,14.89
302,2019-08-01T04:06:02Z,819d6517349be2b42beaef470295253fbcf0a81e333e5a76fc4a5cc8,60.14947,24.91438,000000004ef3150d,10.78
303,2019-08-01T04:06:02Z,83a355f6f7cb4d79b9303e359500abef0ca4c3b0633d5c5e1f7d0203,60.16762,24.95415,000000006b44cce7,7.69
304,2019-08-01T04:06:02Z,8617e8f003bc263ca3fa0641e23da3562cb9abe3c842c8388db9e3c3,60.16762,24.95415,000000006b44cce7,16.1
305,2019-08-01T04:06:02Z,90b4d7235fb9eac173d8c8618058c1a5f09a144657c97a5f1c016462,60.14947,24.91438,000000004ef3150d,21.87
306,2019-08-01T04:06:02Z,95047181ef5b127a8f77accf7673f4126a2b6c3b5f293207ae696ac7,60.16629,24.95957,00000000fb7600be,16.1
307,2019-08-01T04:06:02Z,99a026b5100e23129fa529e9a57a3dbc8490dc03b58f2193f03e2dcf,60.14951,24.92138,0000000006dd41f6,5.91
308,2019-08-01T04:06:02Z,9a6b0c37a7a59fa79df7608c724d4bb2d7f25c343eaca846a9637a5a,60.17918,24.95141,00000000675d5200,9.92
309,2019-08-01T04:06:02Z,9d30cd57b0a81019f53c1e870ea2e0dc8f3270c6eec42af95b81a362,60.14947,24.91438,000000004ef3150d,9.12
310,2019-08-01T04:06:02Z,9d713c9ce415e473048b45bbb35d6dcdef35cabaca39aa54f2e781a3,60.16531,24.9442,00000000fdda10fe,33.81
311,2019-08-01T04:06:02Z,a4b65e035e427b0c56c10072f7f2e48b5f85e1bd10d3a73fa1ff42f1,60.16897,24.95222,00000000aa852af1,7.05
312,2019-08-01T04:06:02Z,a86c102f289409f6efef56c9b116b4ad52d8e2d7b7ab23a6df2a0675,60.16762,24.95415,000000006b44cce7,12.69
313,2019-08-01T04:06:02Z,abbc36dc47046c08cb004ed228b0d806dec1d213dea8dfb32af22b59,60.14947,24.91438,000000004ef3150d,11.7
314,2019-08-01T04:06:02Z,b0a0ebb56168ca8f4c792d7379a0ce6a80bdc0efc18a7bbcd24aab6a,60.17002,24.94407,000000006b087f40,10.78
315,2019-08-01T04:06:02Z,b0e07e0371341fe2662c332a2ca1121d9150992552ce27f9ba817b9e,60.14947,24.91438,000000004ef3150d,16.1
316,2019-08-01T04:06:02Z,b204b58b3bea774ddd84e87b84f42a793430b5c8bf2470e08fedff18,60.14947,24.91438,000000004ef3150d,9.92
317,2019-08-01T04:06:02Z,bd43868a65907053bc381953774480a6a9a5a397e44621ba239ad935,60.16829,24.94214,00000000afef4555,13.75
318,2019-08-01T04:06:02Z,be75d33addbf9003626c9f9488ebae2e7cd86d1fe6ff9a87ff15b892,60.14947,24.91438,000000004ef3150d,14.89
319,2019-08-01T04:06:02Z,bf17a447b89de15b1f3fea6f674d382cfa3c390e1a0d59a8de6ba28d,60.16762,24.95415,000000006b44cce7,17.4
320,2019-08-01T04:06:02Z,c0670f797600536e8e5a5e1a2bbf4778ac7b0c8bf210d08ca749e547,60.14947,24.91438,000000004ef3150d,8.38
321,2019-08-01T04:06:02Z,c4ffd1374e30b2e63502449b73b967cb15f01137e97f6b850ae81814,60.16629,24.95957,00000000fb7600be,25.36
322,2019-08-01T04:06:02Z,c5b1ebbc71f7a611a7415c126514bc92963d32b056ba093526802475,60.16762,24.95415,000000006b44cce7,14.89
323,2019-08-01T04:06:02Z,cf254af2bb4967d5eaea512db54e2145291d9ee1180fcd8d8523e9a9,60.14947,24.91438,000000004ef3150d,10.78
324,2019-08-01T04:06:02Z,d5872645dff960ccab87e593c8d1b95c95be07e4004ee7a4e71a7630,60.14947,24.91438,000000004ef3150d,29.32
325,2019-08-01T04:06:02Z,e1030b1cc715f8e7c0e062d1e91aebcd5fc829c8dc0dc8a189c2db3f,60.17002,24.94407,000000006b087f40,20.28
326,2019-08-01T04:06:02Z,e93753d475fa8d95f0a9b583e89f3955406575e6db4b8aa0d0d61da5,60.16629,24.95957,00000000fb7600be,23.56
