,time,hash,latitude,longitude,serial,distance
0,2019-08-01T23:15:00Z,03e0fc996a589ccdf1871b3c78e089c08c93ba1f2a02d740fb384aac,60.16531,24.9442,00000000fdda10fe,38.87
1,2019-08-01T23:15:00Z,075be70b0c9febdacbaeeb7cd5008912aad9ce85c22f5ee3d6b77e40,60.16897,24.95222,00000000aa852af1,16.1
2,2019-08-01T23:15:00Z,0add92bb629361fdf34a91a86a1f9e3aed5f10895edae2bd32f97fb0,60.14699,24.922,00000000a53ed894,21.87
3,2019-08-01T23:15:00Z,14c7e1511b70f4dd3359cbece1377aebb4d70531f5489eefe53d7c3c,60.16544,24.95398,0000000038d83d41,25.36
4,2019-08-01T23:15:00Z,165ebbb4090d47319ae370f0d0854fdc1f6b79499f8b2e4d3c3533c0,60.16544,24.95398,0000000038d83d41,29.32
5,2019-08-01T23:15:00Z,22581e1d9764b88a01034a4cab1a6b02fa4aa770025b9bd340685163,60.15432,24.9211,0000000019fb59c4,13.75
6,2019-08-01T23:15:00Z,24d2f2ddd119efcb13abb0ab2cb53850e9788b6713967ccca4d6e071,60.16897,24.95222,00000000aa852af1,29.32
7,2019-08-01T23:15:00Z,297c725b456ef12d2712634b21546721cbe93224d3a5762d897404f2,60.16762,24.95415,000000006b44cce7,12.69
8,2019-08-01T23:15:00Z,2c94897aa62344f630952ad6032f5d7976419125d126b15c1386c8b1,60.1538,24.95595,0000000038bf9618,29.32
9,2019-08-01T23:15:00Z,351407b43e2d2cbb60e7481f6fea88dcd24a9ea0d5a0f63e5073d365,60.16544,24.95398,0000000038d83d41,23.56
10,2019-08-01T23:15:00Z,3944bc7a301be7241d1f7bc4a97f221000d535ce3d8a9af9af9b23b5,60.16531,24.9442,00000000fdda10fe,29.32
11,2019-08-01T23:15:00Z,41d3af8da554a2f22a1c6596e0da84fd612b70022b5d295e6b4928e7,60.15432,24.9211,0000000019fb59c4,10.78
12,2019-08-01T23:15:00Z,43b676ed3aef4c2d8846694817e76117873be52e7f788e0cb366c1c4,60.16629,24.95957,00000000fb7600be,29.32
13,2019-08-01T23:15:00Z,5802343c3c4b09ee3631f03e16ebb38a3b1999d65e3713eb82377455,60.16544,24.95398,0000000038d83d41,23.56
14,2019-08-01T23:15:00Z,59107c0fb745e0aacace35f3eb6888e9aa1cace3ca066219be32fe54,60.16897,24.95222,00000000aa852af1,23.56
15,2019-08-01T23:15:00Z,5bbb5184fded3e51bc78e45e39917794285e6bbc72da404802a9599a,60.16531,24.9442,00000000fdda10fe,31.5
16,2019-08-01T23:15:00Z,5d65719c4cbf045f068d084b72302f447d5fd034413d97d13be00d0e,60.18203,24.91341,00000000342570c2,18.79
17,2019-08-01T23:15:00Z,5eed115a984d490b02b602d73787aee8dc8c4e9365b77fbff3818a76,60.16629,24.95957,00000000fb7600be,25.36
18,2019-08-01T23:15:00Z,6011490fb2e02d0b9d936fa70a06572cb55ffd9a6a7c607cf75c5a71,60.16897,24.95222,00000000aa852af1,27.28
19,2019-08-01T23:15:00Z,6066632ddc94b5c482a2d4f45ed2532e55e3fd63e414a084a596a737,60.16762,24.95415,000000006b44cce7,21.87
20,2019-08-01T23:15:00Z,66dabd3229229330d23c70e9e1737429ddfe69db01f4a6a00f70fa20,60.16762,24.95415,000000006b44cce7,25.36
21,2019-08-01T23:15:00Z,693099b54f1d14b899f005c233a431270bde084ad2fe05abf597743a,60.16544,24.95398,0000000038d83d41,17.4
22,2019-08-01T23:15:00Z,6a54644283a4f5a6369abe947b4e9faf2ca3c25ef2ea42502cb60c5f,60.15432,24.9211,0000000019fb59c4,21.87
23,2019-08-01T23:15:00Z,6f06341f358e61699fe1e55e986dd0554bc8da28b91daf0c5ad99db6,60.16629,24.95957,00000000fb7600be,21.87
24,2019-08-01T23:15:00Z,6ff437688c444238352c28f64f9d2a7d0f14d19c9ea42c225380501e,60.16762,24.95415,000000006b44cce7,17.4
25,2019-08-01T23:15:00Z,71f1ccf548a0ec676009a1185a36ad6c18191be59b397e8261d67443,60.16762,24.95415,000000006b44cce7,5.91
26,2019-08-01T23:15:00Z,747f2d1ebff218c0ebbdc0fdaef4cbe56633dfb46ae1b1f8c8142201,60.16762,24.95415,000000006b44cce7,18.79
27,2019-08-01T23:15:00Z,77839e655f856d5295739c2388237a95b399c3b8a4f659cd1345d939,60.16829,24.94214,00000000afef4555,23.56
28,2019-08-01T23:15:00Z,7a3db40d91e137d1381ac690a78039878e0baa317ed9a7cd6882df27,60.16762,24.95415,000000006b44cce7,31.5
29,2019-08-01T23:15:00Z,87dfaad29a9276ddddb1fa021d3bc23ad14824c1af16f7d87e713689,60.14951,24.92138,0000000006dd41f6,7.05
30,2019-08-01T23:15:00Z,8c75c3289c84fe4493e1e272a77b615fe1985880c5dc68a7c1a17b53,60.16762,24.95415,000000006b44cce7,10.78
31,2019-08-01T23:15:00Z,8cc6ddaa460aeae8cc9e8a33f91a01c8cd4c0c8bf8a943210a28c84d,60.1538,24.95595,0000000038bf9618,21.87
32,2019-08-01T23:15:00Z,91d3b80de4439a4a49ddb8a04d72a0a2ec6c08f351d70232842af567,60.16762,24.95415,000000006b44cce7,23.56
33,2019-08-01T23:15:00Z,9843c6216661048343a0e49cf3d8aa2883cf77f452666a1c873a1052,60.16448,24.97323,0000000053c6c2be,16.1
34,2019-08-01T23:15:00Z,9a3441615c7a95dad7af50ae16b0ac928f9d84ea590ac67cfa97ef1e,60.16544,24.95398,0000000038d83d41,21.87
35,2019-08-01T23:15:00Z,9e542b3a7effec1e348e152448282ff99d56cacba9ecdb492a7dd572,60.1538,24.95595,0000000038bf9618,13.75
36,2019-08-01T23:15:00Z,9f7cb23ce3a16f334771054bddba9ed61cf6f35712d26f2bcaca8bad,60.16762,24.95415,000000006b44cce7,14.89
37,2019-08-01T23:15:00Z,a1ba09b019cae8df2ec9396f46a163e5b29858a11380955ed9605985,60.15432,24.9211,0000000019fb59c4,13.75
38,2019-08-01T23:15:00Z,a91d379a4b57c5df22db0d7a041ff69f657b4b31f28554b1011fc03c,60.16544,24.95398,0000000038d83d41,29.32
39,2019-08-01T23:15:00Z,b33ae7715d6d2571066655c2c8954a5a364b5601869047de83410d9f,60.16629,24.95957,00000000fb7600be,31.5
40,2019-08-01T23:15:00Z,b5fd6b317890e5ab2d79e2cd1abe61626d45a753c7337d0d40728898,60.16762,24.95415,000000006b44cce7,6.46
41,2019-08-01T23:15:00Z,bc47f02c87cebb9928c25d0ad0c1e77fa507b77e58f60e2420264dea,60.15432,24.9211,0000000019fb59c4,13.75
42,2019-08-01T23:15:00Z,c40c37def6bf11a63a2556519a7c6233fd417cdeea2cf14f28e7c42c,60.16531,24.9442,00000000fdda10fe,29.32
43,2019-08-01T23:15:00Z,c4987065b4c4cb235c676c77aac913aa95281a4e8a18412aceaaea00,60.17002,24.94407,000000006b087f40,27.28
44,2019-08-01T23:15:00Z,cf05623e4d87ce0906c0b0b7dbf53aacc1228016cd27c341228b6e76,60.18203,24.91341,00000000342570c2,18.79
45,2019-08-01T23:15:00Z,ed70dda6b7faebd4340dacdb452ab224d9d3c308df417b7fa76f54e8,60.14951,24.92138,0000000006dd41f6,23.56
46,2019-08-01T23:15:00Z,fc4f3a44235f1cfc7b53f14ba2da599976a5a0a220d23b852688e485,60.17919,24.95181,000000007b5207b6,18.79
47,2019-08-01T23:15:00Z,0b7618ec03a406a34467aebecff79d730b0d71ba9edb3b56a3212294,60.16762,24.95415,000000006b44cce7,14.89
48,2019-08-01T23:15:00Z,0c5c2ba9c57744bf9b368cb3aa564739eaad9adad1a377b9be3b2237,60.16897,24.95222,00000000aa852af1,11.7
49,2019-08-01T23:15:00Z,0ebe47149111f63047637d03120300de9da981196d5490fcd315b3f1,60.14947,24.91438,000000004ef3150d,10.78
50,2019-08-01T23:15:00Z,13042881f8938e4fe5da971b75e2202f321bcbcf4ba1cf3d0c3a0bfe,60.16531,24.9442,00000000fdda10fe,27.28
51,2019-08-01T23:15:00Z,1383eef8480b4be0e3801d66d4f5cf57a214b400e259e18ad3106fb1,60.16762,24.95415,000000006b44cce7,18.79
52,2019-08-01T23:15:00Z,139061e8a6c5cfbae30c82545ac7ea95fa7319c265609e4656c099bd,60.16762,24.95415,000000006b44cce7,21.87
53,2019-08-01T23:15:00Z,16bd553aa7c5bd513f241d2cafdbc64075cf4a4a30d59cdc750163a7,60.16629,24.95957,00000000fb7600be,20.28
54,2019-08-01T23:15:00Z,17e773c0046ac69b3b5c6085a5dcf5f4c85c5e59330d48385bc2f67e,60.17002,24.94407,000000006b087f40,33.81
55,2019-08-01T23:15:00Z,1adbd427eb3f704b000acb64b6bf5019535e44085acfc419471616d7,60.16762,24.95415,000000006b44cce7,9.12
56,2019-08-01T23:15:00Z,1dacfb371d75dd4f90f447aac2a00faad98beb4188a6971c19eb2375,60.16629,24.95957,00000000fb7600be,17.4
57,2019-08-01T23:15:00Z,1ecbc7c6afe89033252e5510cbb893666af2b3bc29f555a3a6287fdb,60.14951,24.92138,0000000006dd41f6,3.09
58,2019-08-01T23:15:00Z,2146af3aac045904e08c8159b49f231d87f68461f48f9ed2ee5bf983,60.16629,24.95957,00000000fb7600be,13.75
59,2019-08-01T23:15:00Z,21a7462a98791b9224655b7f6b7358ec1997aac75f5939f49bf01fd2,60.16762,24.95415,000000006b44cce7,13.75
60,2019-08-01T23:15:00Z,25b9a688fda1515f9ff250d01f89c4491af81e3721b9b2348d88d2e3,60.16762,24.95415,000000006b44cce7,21.87
61,2019-08-01T23:15:00Z,29dc7c0cc6fb615aeaf2d64f842f963d2abe995905106214bc52912a,60.16897,24.95222,00000000aa852af1,23.56
62,2019-08-01T23:15:00Z,2b3f636658a1455185b5562bcd003371824214cd6b285ff9a6c7c6bb,60.16762,24.95415,000000006b44cce7,21.87
63,2019-08-01T23:15:00Z,2b41681a82679fe3505e1fcd38e58466763200b730049165c21311b0,60.16762,24.95415,000000006b44cce7,23.56
64,2019-08-01T23:15:00Z,2c899a1979d50e2e4f86cab08388394de4a1ef66a4fc976e245336ec,60.16762,24.95415,000000006b44cce7,16.1
65,2019-08-01T23:15:00Z,2e649d606616757525a36cb50649902d99919d04124ed4c9c64b0d6a,60.16762,24.95415,000000006b44cce7,16.1
66,2019-08-01T23:15:00Z,36e082da43878b2708d6f28bac4e850ede1894b47b26c60ae8c1907c,60.16762,24.95415,000000006b44cce7,10.78
67,2019-08-01T23:15:00Z,3f3c44b533e507af42dfc079d301fb233fa321ee919fc6160955b0c3,60.16762,24.95415,000000006b44cce7,9.92
68,2019-08-01T23:15:00Z,3f3eb2a641eec45c79d566c65ba758b98bdb3352aff147867ef4ed6c,60.16762,24.95415,000000006b44cce7,17.4
69,2019-08-01T23:15:00Z,4b5c0ff6b07a20306f9bbea60c08100e0d5c4f0cd00c268e1d31ef7c,60.16762,24.95415,000000006b44cce7,13.75
70,2019-08-01T23:15:00Z,4fc602de362a5bcbdcf601e9e99c17275b31ab55bb9e2d4f0fbc0c8e,60.17002,24.94407,000000006b087f40,29.32
71,2019-08-01T23:15:00Z,4fe349a987e7d5b97c7eb12ba6df6179c8560fb347b7dac64d255ce7,60.16762,24.95415,000000006b44cce7,9.12
72,2019-08-01T23:15:00Z,510dab9a122d788d9c8650724620bd3856ca9c78e2c6dbd98ba480c0,60.16629,24.95957,00000000fb7600be,17.4
73,2019-08-01T23:15:00Z,531d07cf3f27c64d1d03f9f619148a8976c022d37cc5960b35accffb,60.17918,24.95141,00000000675d5200,17.4
74,2019-08-01T23:15:00Z,584cb0b0cdd14e608c8b57c8aecc9826f9b40027e365e2438a444ea2,60.16762,24.95415,000000006b44cce7,9.92
75,2019-08-01T23:15:00Z,5875c3b9cfd8adc5c95cb3afb29953d5f1bb503359459b7ed6de6f66,60.16762,24.95415,000000006b44cce7,7.69
76,2019-08-01T23:15:00Z,5950023e7197b9d02472a557da298281614320fbbe9dcb3fdf9eb54c,60.16762,24.95415,000000006b44cce7,20.28
77,2019-08-01T23:15:00Z,635f3f3573fcfe87914d1bcd6d8db2fe903fa2db09b21d5cde6cd5c3,60.17002,24.94407,000000006b087f40,31.5
78,2019-08-01T23:15:00Z,7174e7c42815a6a21ff0028133e0e285b9b6372d2cae11ee3437d3fc,60.17919,24.95181,000000007b5207b6,16.1
79,2019-08-01T23:15:00Z,74cb545f76f0bfc5498607247e26e814276a11ce91f77208054ecbc5,60.17002,24.94407,000000006b087f40,21.87
80,2019-08-01T23:15:00Z,7edc05ef0308ce74cf183340e3a2f71d4cd2bad9fc111a5df5035f55,60.16762,24.95415,000000006b44cce7,18.79
81,2019-08-01T23:15:00Z,826b5622468a5d1742b313a0e68273af001a1d62c551414c3956398c,60.16897,24.95222,00000000aa852af1,9.92
82,2019-08-01T23:15:00Z,934d0b0814cf2cd73a714d825599c8753be59ed44d807a63ff49f0a7,60.16762,24.95415,000000006b44cce7,14.89
83,2019-08-01T23:15:00Z,94ad1649cd025d8fac0082817ef94fcd412716d6d0860d268ca11e77,60.16762,24.95415,000000006b44cce7,12.69
84,2019-08-01T23:15:00Z,951fa685e6bffae5a92bebcb2a779f050312d9161992ebbf635d6157,60.16762,24.95415,000000006b44cce7,23.56
85,2019-08-01T23:15:00Z,9b99494a75993ef96b448e7d1ea74cd4d67f737140f630f8663fd839,60.14947,24.91438,000000004ef3150d,14.89
86,2019-08-01T23:15:00Z,9e0616b33296c5d48eb88567e1ddbf46b4b9599aad51ea847167b1d9,60.149,24.9843,00000000fffb8cf0,18.79
87,2019-08-01T23:15:00Z,a6390a4c08376a7864ad53f4d9ba3dbdb39688d0d7291d5f7cce44cd,60.16897,24.95222,00000000aa852af1,16.1
88,2019-08-01T23:15:00Z,a9eedc4b4c1707d19096a8ca1a9c4afbaee91ecf9eb1160b12c7a930,60.16762,24.95415,000000006b44cce7,10.78
89,2019-08-01T23:15:00Z,b211162ea33baa637e51b442bc7057c47ddcfaf63fee6342745d9497,60.16531,24.9442,00000000fdda10fe,5.91
90,2019-08-01T23:15:00Z,b6b19c3283a0fe626d5c8e3cd689156518aec5b91e2bc1bead1a81e9,60.16531,24.9442,00000000fdda10fe,14.89
91,2019-08-01T23:15:00Z,c5b1ebbc71f7a611a7415c126514bc92963d32b056ba093526802475,60.16762,24.95415,000000006b44cce7,9.12
92,2019-08-01T23:15:00Z,c9a7cc26e709fd143a850c40a6d5f892996d451cca14e8c46932ad7d,60.16897,24.95222,00000000aa852af1,25.36
93,2019-08-01T23:15:00Z,d316d2e30046810caeebd63d9aae35c57d69249dabdfd3eb4a505417,60.16762,24.95415,000000006b44cce7,18.79
94,2019-08-01T23:15:00Z,d35e73c1d44ad9ce43e6c11b6d0f19eab7f851d69a735a27eb38756f,60.1538,24.95595,0000000038bf9618,41.64
95,2019-08-01T23:15:00Z,d6c88e868c91caa89e7c5352afc0271137b1da3e943fcef9c9dbb235,60.16762,24.95415,000000006b44cce7,16.1
96,2019-08-01T23:15:00Z,df62291450fba336f210db04c2170783ee136480c088922937c951bd,60.16762,24.95415,000000006b44cce7,14.89
97,2019-08-01T23:15:00Z,e1df6c0a3632944bfa6891d08394d903fc82b5ff40a01e14cfcc80e1,60.16762,24.95415,000000006b44cce7,10.78
98,2019-08-01T23:15:00Z,ee3be5158d6cbdf62e0b60c6bd4533b993cf6495fa71b2410cc16415,60.16762,24.95415,000000006b44cce7,14.89
99,2019-08-01T23:15:00Z,f9399339c3de44774896319d3f291771cebcaf2666df1d6062469882,60.16531,24.9442,00000000fdda10fe,27.28
100,2019-08-01T23:15:01Z,03e0fc996a589ccdf1871b3c78e089c08c93ba1f2a02d740fb384aac,60.16531,24.9442,00000000fdda10fe,25.36
101,2019-08-01T23:15:01Z,075be70b0c9febdacbaeeb7cd5008912aad9ce85c22f5ee3d6b77e40,60.16897,24.95222,00000000aa852af1,18.79
102,2019-08-01T23:15:01Z,0add92bb629361fdf34a91a86a1f9e3aed5f10895edae2bd32f97fb0,60.14699,24.922,00000000a53ed894,27.28
103,2019-08-01T23:15:01Z,14c7e1511b70f4dd3359cbece1377aebb4d70531f5489eefe53d7c3c,60.16544,24.95398,0000000038d83d41,29.32
104,2019-08-01T23:15:01Z,22581e1d9764b88a01034a4cab1a6b02fa4aa770025b9bd340685163,60.15432,24.9211,0000000019fb59c4,9.12
105,2019-08-01T23:15:01Z,297c725b456ef12d2712634b21546721cbe93224d3a5762d897404f2,60.16762,24.95415,000000006b44cce7,11.7
106,2019-08-01T23:15:01Z,2c94897aa62344f630952ad6032f5d7976419125d126b15c1386c8b1,60.1538,24.95595,0000000038bf9618,21.87
107,2019-08-01T23:15:01Z,41d3af8da554a2f22a1c6596e0da84fd612b70022b5d295e6b4928e7,60.15432,24.9211,0000000019fb59c4,10.78
108,2019-08-01T23:15:01Z,43b676ed3aef4c2d8846694817e76117873be52e7f788e0cb366c1c4,60.16629,24.95957,00000000fb7600be,23.56
109,2019-08-01T23:15:01Z,5802343c3c4b09ee3631f03e16ebb38a3b1999d65e3713eb82377455,60.16544,24.95398,0000000038d83d41,21.87
110,2019-08-01T23:15:01Z,59107c0fb745e0aacace35f3eb6888e9aa1cace3ca066219be32fe54,60.16897,24.95222,00000000aa852af1,20.28
111,2019-08-01T23:15:01Z,5b91abc1d452431fdb7bc15f638eee91a54034b6327f40e58ccacda6,60.14947,24.91438,000000004ef3150d,36.27
112,2019-08-01T23:15:01Z,5bbb5184fded3e51bc78e45e39917794285e6bbc72da404802a9599a,60.16531,24.9442,00000000fdda10fe,21.87
113,2019-08-01T23:15:01Z,5d65719c4cbf045f068d084b72302f447d5fd034413d97d13be00d0e,60.18203,24.91341,00000000342570c2,17.4
114,2019-08-01T23:15:01Z,5eed115a984d490b02b602d73787aee8dc8c4e9365b77fbff3818a76,60.16629,24.95957,00000000fb7600be,23.56
115,2019-08-01T23:15:01Z,6011490fb2e02d0b9d936fa70a06572cb55ffd9a6a7c607cf75c5a71,60.16897,24.95222,00000000aa852af1,23.56
116,2019-08-01T23:15:01Z,693099b54f1d14b899f005c233a431270bde084ad2fe05abf597743a,60.16544,24.95398,0000000038d83d41,16.1
117,2019-08-01T23:15:01Z,6a54644283a4f5a6369abe947b4e9faf2ca3c25ef2ea42502cb60c5f,60.15432,24.9211,0000000019fb59c4,18.79
118,2019-08-01T23:15:01Z,6f06341f358e61699fe1e55e986dd0554bc8da28b91daf0c5ad99db6,60.16629,24.95957,00000000fb7600be,17.4
119,2019-08-01T23:15:01Z,6ff437688c444238352c28f64f9d2a7d0f14d19c9ea42c225380501e,60.16762,24.95415,000000006b44cce7,20.28
120,2019-08-01T23:15:01Z,71f1ccf548a0ec676009a1185a36ad6c18191be59b397e8261d67443,60.16762,24.95415,000000006b44cce7,9.12
121,2019-08-01T23:15:01Z,747f2d1ebff218c0ebbdc0fdaef4cbe56633dfb46ae1b1f8c8142201,60.16762,24.95415,000000006b44cce7,23.56
122,2019-08-01T23:15:01Z,77839e655f856d5295739c2388237a95b399c3b8a4f659cd1345d939,60.16829,24.94214,00000000afef4555,23.56
123,2019-08-01T23:15:01Z,78d5f60b36b59c06c3988b94e11744bb3aed5dcbc214f91f228bf892,60.16448,24.97323,0000000053c6c2be,23.56
124,2019-08-01T23:15:01Z,87dfaad29a9276ddddb1fa021d3bc23ad14824c1af16f7d87e713689,60.14951,24.92138,0000000006dd41f6,11.7
125,2019-08-01T23:15:01Z,8c75c3289c84fe4493e1e272a77b615fe1985880c5dc68a7c1a17b53,60.16762,24.95415,000000006b44cce7,14.89
126,2019-08-01T23:15:01Z,8cc6ddaa460aeae8cc9e8a33f91a01c8cd4c0c8bf8a943210a28c84d,60.1538,24.95595,0000000038bf9618,23.56
127,2019-08-01T23:15:01Z,9041c42fbb1cf987ee209454d6f5fab418a20e06fd7625460be30fa6,60.16531,24.9442,00000000fdda10fe,36.27
128,2019-08-01T23:15:01Z,9843c6216661048343a0e49cf3d8aa2883cf77f452666a1c873a1052,60.16448,24.97323,0000000053c6c2be,18.79
129,2019-08-01T23:15:01Z,9a3441615c7a95dad7af50ae16b0ac928f9d84ea590ac67cfa97ef1e,60.16544,24.95398,0000000038d83d41,17.4
130,2019-08-01T23:15:01Z,9e542b3a7effec1e348e152448282ff99d56cacba9ecdb492a7dd572,60.1538,24.95595,0000000038bf9618,14.89
131,2019-08-01T23:15:01Z,a1ba09b019cae8df2ec9396f46a163e5b29858a11380955ed9605985,60.15432,24.9211,0000000019fb59c4,14.89
132,2019-08-01T23:15:01Z,a91d379a4b57c5df22db0d7a041ff69f657b4b31f28554b1011fc03c,60.16544,24.95398,0000000038d83d41,27.28
133,2019-08-01T23:15:01Z,b33ae7715d6d2571066655c2c8954a5a364b5601869047de83410d9f,60.16629,24.95957,00000000fb7600be,20.28
134,2019-08-01T23:15:01Z,b5fd6b317890e5ab2d79e2cd1abe61626d45a753c7337d0d40728898,60.16762,24.95415,000000006b44cce7,7.05
135,2019-08-01T23:15:01Z,bc47f02c87cebb9928c25d0ad0c1e77fa507b77e58f60e2420264dea,60.15432,24.9211,0000000019fb59c4,29.32
136,2019-08-01T23:15:01Z,c40c37def6bf11a63a2556519a7c6233fd417cdeea2cf14f28e7c42c,60.16531,24.9442,00000000fdda10fe,25.36
137,2019-08-01T23:15:01Z,c4987065b4c4cb235c676c77aac913aa95281a4e8a18412aceaaea00,60.17002,24.94407,000000006b087f40,23.56
138,2019-08-01T23:15:01Z,cf05623e4d87ce0906c0b0b7dbf53aacc1228016cd27c341228b6e76,60.18203,24.91341,00000000342570c2,18.79
139,2019-08-01T23:15:01Z,f1baf2e6f8f8efc9540b843a94791574ccbcb6268d9607cca31510af,60.16762,24.95415,000000006b44cce7,41.64
140,2019-08-01T23:15:01Z,fc4f3a44235f1cfc7b53f14ba2da599976a5a0a220d23b852688e485,60.17919,24.95181,000000007b5207b6,16.1
141,2019-08-01T23:15:01Z,0b7618ec03a406a34467aebecff79d730b0d71ba9edb3b56a3212294,60.16762,24.95415,000000006b44cce7,17.4
142,2019-08-01T23:15:01Z,0c5c2ba9c57744bf9b368cb3aa564739eaad9adad1a377b9be3b2237,60.16897,24.95222,00000000aa852af1,20.28
143,2019-08-01T23:15:01Z,0ebe47149111f63047637d03120300de9da981196d5490fcd315b3f1,60.14947,24.91438,000000004ef3150d,10.78
144,2019-08-01T23:15:01Z,1383eef8480b4be0e3801d66d4f5cf57a214b400e259e18ad3106fb1,60.16762,24.95415,000000006b44cce7,9.12
145,2019-08-01T23:15:01Z,139061e8a6c5cfbae30c82545ac7ea95fa7319c265609e4656c099bd,60.16762,24.95415,000000006b44cce7,21.87
146,2019-08-01T23:15:01Z,16bd553aa7c5bd513f241d2cafdbc64075cf4a4a30d59cdc750163a7,60.16629,24.95957,00000000fb7600be,16.1
147,2019-08-01T23:15:01Z,1adbd427eb3f704b000acb64b6bf5019535e44085acfc419471616d7,60.16762,24.95415,000000006b44cce7,20.28
148,2019-08-01T23:15:01Z,1dacfb371d75dd4f90f447aac2a00faad98beb4188a6971c19eb2375,60.16629,24.95957,00000000fb7600be,20.28
149,2019-08-01T23:15:01Z,1ecbc7c6afe89033252e5510cbb893666af2b3bc29f555a3a6287fdb,60.14951,24.92138,0000000006dd41f6,4.94
150,2019-08-01T23:15:01Z,2146af3aac045904e08c8159b49f231d87f68461f48f9ed2ee5bf983,60.16629,24.95957,00000000fb7600be,27.28
151,2019-08-01T23:15:01Z,21a7462a98791b9224655b7f6b7358ec1997aac75f5939f49bf01fd2,60.16762,24.95415,000000006b44cce7,16.1
152,2019-08-01T23:15:01Z,25aa5380b3982c514178c7ff9201f8ff4f1dfdf28c8fd5ce07db9a1f,60.16762,24.95415,000000006b44cce7,20.28
153,2019-08-01T23:15:01Z,25b9a688fda1515f9ff250d01f89c4491af81e3721b9b2348d88d2e3,60.16762,24.95415,000000006b44cce7,21.87
154,2019-08-01T23:15:01Z,2794247b7135fccd480d80de2c369081d0e8b2332b87a42925b1d3cf,60.16762,24.95415,000000006b44cce7,10.78
155,2019-08-01T23:15:01Z,2970ecf01426390fc2f4e429f4eccfe3f7737b3d9c588d67fb9b7a93,60.16829,24.94214,00000000afef4555,23.56
156,2019-08-01T23:15:01Z,29dc7c0cc6fb615aeaf2d64f842f963d2abe995905106214bc52912a,60.16897,24.95222,00000000aa852af1,18.79
157,2019-08-01T23:15:01Z,2c899a1979d50e2e4f86cab08388394de4a1ef66a4fc976e245336ec,60.16762,24.95415,000000006b44cce7,11.7
158,2019-08-01T23:15:01Z,354918dd58f88e6ecebbdcbf46761e8670987bf791d02cddee560477,60.16762,24.95415,000000006b44cce7,8.38
159,2019-08-01T23:15:01Z,36e082da43878b2708d6f28bac4e850ede1894b47b26c60ae8c1907c,60.16762,24.95415,000000006b44cce7,9.12
160,2019-08-01T23:15:01Z,3df6f88e72746c905519ec624dbb6ede05d25d030324effab2d5253b,60.16762,24.95415,000000006b44cce7,13.75
161,2019-08-01T23:15:01Z,3ef7f7fe21a6665f0de8cb0df21c8d3fee763d9c48d566dc1fc3f331,60.16762,24.95415,000000006b44cce7,11.7
162,2019-08-01T23:15:01Z,3f3c44b533e507af42dfc079d301fb233fa321ee919fc6160955b0c3,60.16762,24.95415,000000006b44cce7,18.79
163,2019-08-01T23:15:01Z,4b5c0ff6b07a20306f9bbea60c08100e0d5c4f0cd00c268e1d31ef7c,60.16762,24.95415,000000006b44cce7,9.12
164,2019-08-01T23:15:01Z,4fc602de362a5bcbdcf601e9e99c17275b31ab55bb9e2d4f0fbc0c8e,60.17002,24.94407,000000006b087f40,29.32
165,2019-08-01T23:15:01Z,510dab9a122d788d9c8650724620bd3856ca9c78e2c6dbd98ba480c0,60.16629,24.95957,00000000fb7600be,18.79
166,2019-08-01T23:15:01Z,531d07cf3f27c64d1d03f9f619148a8976c022d37cc5960b35accffb,60.17918,24.95141,00000000675d5200,20.28
167,2019-08-01T23:15:01Z,584cb0b0cdd14e608c8b57c8aecc9826f9b40027e365e2438a444ea2,60.16762,24.95415,000000006b44cce7,14.89
168,2019-08-01T23:15:01Z,599911539bd9c809d19e0f2e915348a0c7dda4291496a7fa96916d0f,60.16897,24.95222,00000000aa852af1,17.4
169,2019-08-01T23:15:01Z,7174e7c42815a6a21ff0028133e0e285b9b6372d2cae11ee3437d3fc,60.17919,24.95181,000000007b5207b6,14.89
170,2019-08-01T23:15:01Z,73c2bea8e876a6352c89fc430665900b8c5ff4a9e6024ca8d904b978,60.16762,24.95415,000000006b44cce7,17.4
171,2019-08-01T23:15:01Z,7edc05ef0308ce74cf183340e3a2f71d4cd2bad9fc111a5df5035f55,60.16762,24.95415,000000006b44cce7,9.92
172,2019-08-01T23:15:01Z,808fc61547c08ee48346e2398a4281c3d25624664af89badb26ff456,60.16897,24.95222,00000000aa852af1,31.5
173,2019-08-01T23:15:01Z,826b5622468a5d1742b313a0e68273af001a1d62c551414c3956398c,60.16897,24.95222,00000000aa852af1,17.4
174,2019-08-01T23:15:01Z,834946a4b34375f0b5ec562c1fa58f01171b5ded493e0790dac63910,60.16762,24.95415,000000006b44cce7,23.56
175,2019-08-01T23:15:01Z,951fa685e6bffae5a92bebcb2a779f050312d9161992ebbf635d6157,60.16762,24.95415,000000006b44cce7,21.87
176,2019-08-01T23:15:01Z,99a026b5100e23129fa529e9a57a3dbc8490dc03b58f2193f03e2dcf,60.16531,24.9442,00000000fdda10fe,11.7
177,2019-08-01T23:15:01Z,9b99494a75993ef96b448e7d1ea74cd4d67f737140f630f8663fd839,60.14947,24.91438,000000004ef3150d,7.69
178,2019-08-01T23:15:01Z,9d713c9ce415e473048b45bbb35d6dcdef35cabaca39aa54f2e781a3,60.16531,24.9442,00000000fdda10fe,31.5
179,2019-08-01T23:15:01Z,9e0616b33296c5d48eb88567e1ddbf46b4b9599aad51ea847167b1d9,60.149,24.9843,00000000fffb8cf0,23.56
180,2019-08-01T23:15:01Z,a02aad66b2e01c47439390fc5e94a5d531319bfcf2548933f2f06561,60.16762,24.95415,000000006b44cce7,12.69
181,2019-08-01T23:15:01Z,a40797c9c14ae5aabedada16dd37dc37d395e609c8be9e1943e0be2a,60.16762,24.95415,000000006b44cce7,12.69
182,2019-08-01T23:15:01Z,a5846765b471f9cf042430dd92f637b7326a42312ef1a3884ec6e73a,60.16762,24.95415,000000006b44cce7,16.1
183,2019-08-01T23:15:01Z,b060c09ae05e9767c72b294b15a8b1cc6a28ac7c753e24659815eb79,60.16762,24.95415,000000006b44cce7,11.7
184,2019-08-01T23:15:01Z,b211162ea33baa637e51b442bc7057c47ddcfaf63fee6342745d9497,60.16531,24.9442,00000000fdda10fe,7.69
185,2019-08-01T23:15:01Z,b2b39f614736f9c42daddcbbc5526e51c7919a65d77e28814226e71e,60.16762,24.95415,000000006b44cce7,16.1
186,2019-08-01T23:15:01Z,b6b19c3283a0fe626d5c8e3cd689156518aec5b91e2bc1bead1a81e9,60.16531,24.9442,00000000fdda10fe,25.36
187,2019-08-01T23:15:01Z,ba6ebcfadd56ccfea730feb068bc4158e3ee41fda1c566d907342229,60.16762,24.95415,000000006b44cce7,18.79
188,2019-08-01T23:15:01Z,c5b1ebbc71f7a611a7415c126514bc92963d32b056ba093526802475,60.16762,24.95415,000000006b44cce7,10.78
189,2019-08-01T23:15:01Z,cb3f97a7696388d86e0295acb6ba8ab1822941fca31a786ebcee1772,60.16762,24.95415,000000006b44cce7,16.1
190,2019-08-01T23:15:01Z,d316d2e30046810caeebd63d9aae35c57d69249dabdfd3eb4a505417,60.16762,24.95415,000000006b44cce7,18.79
191,2019-08-01T23:15:01Z,d6c88e868c91caa89e7c5352afc0271137b1da3e943fcef9c9dbb235,60.16762,24.95415,000000006b44cce7,9.92
192,2019-08-01T23:15:01Z,df62291450fba336f210db04c2170783ee136480c088922937c951bd,60.16762,24.95415,000000006b44cce7,14.89
193,2019-08-01T23:15:01Z,ee3be5158d6cbdf62e0b60c6bd4533b993cf6495fa71b2410cc16415,60.16762,24.95415,000000006b44cce7,14.89
194,2019-08-01T23:15:02Z,075be70b0c9febdacbaeeb7cd5008912aad9ce85c22f5ee3d6b77e40,60.16897,24.95222,00000000aa852af1,16.1
195,2019-08-01T23:15:02Z,0add92bb629361fdf34a91a86a1f9e3aed5f10895edae2bd32f97fb0,60.14699,24.922,00000000a53ed894,20.28
196,2019-08-01T23:15:02Z,14c7e1511b70f4dd3359cbece1377aebb4d70531f5489eefe53d7c3c,60.16544,24.95398,0000000038d83d41,23.56
197,2019-08-01T23:15:02Z,165ebbb4090d47319ae370f0d0854fdc1f6b79499f8b2e4d3c3533c0,60.16544,24.95398,0000000038d83d41,29.32
198,2019-08-01T23:15:02Z,22581e1d9764b88a01034a4cab1a6b02fa4aa770025b9bd340685163,60.15432,24.9211,0000000019fb59c4,16.1
199,2019-08-01T23:15:02Z,24d2f2ddd119efcb13abb0ab2cb53850e9788b6713967ccca4d6e071,60.16897,24.95222,00000000aa852af1,21.87
200,2019-08-01T23:15:02Z,297c725b456ef12d2712634b21546721cbe93224d3a5762d897404f2,60.16762,24.95415,000000006b44cce7,12.69
201,2019-08-01T23:15:02Z,2c94897aa62344f630952ad6032f5d7976419125d126b15c1386c8b1,60.1538,24.95595,0000000038bf9618,20.28
202,2019-08-01T23:15:02Z,351407b43e2d2cbb60e7481f6fea88dcd24a9ea0d5a0f63e5073d365,60.16544,24.95398,0000000038d83d41,21.87
203,2019-08-01T23:15:02Z,3944bc7a301be7241d1f7bc4a97f221000d535ce3d8a9af9af9b23b5,60.16531,24.9442,00000000fdda10fe,25.36
204,2019-08-01T23:15:02Z,41d3af8da554a2f22a1c6596e0da84fd612b70022b5d295e6b4928e7,60.15432,24.9211,0000000019fb59c4,9.92
205,2019-08-01T23:15:02Z,43b676ed3aef4c2d8846694817e76117873be52e7f788e0cb366c1c4,60.16629,24.95957,00000000fb7600be,23.56
206,2019-08-01T23:15:02Z,5802343c3c4b09ee3631f03e16ebb38a3b1999d65e3713eb82377455,60.16544,24.95398,0000000038d83d41,25.36
207,2019-08-01T23:15:02Z,59107c0fb745e0aacace35f3eb6888e9aa1cace3ca066219be32fe54,60.16897,24.95222,00000000aa852af1,23.56
208,2019-08-01T23:15:02Z,5bbb5184fded3e51bc78e45e39917794285e6bbc72da404802a9599a,60.16531,24.9442,00000000fdda10fe,18.79
209,2019-08-01T23:15:02Z,5d65719c4cbf045f068d084b72302f447d5fd034413d97d13be00d0e,60.18203,24.91341,00000000342570c2,18.79
210,2019-08-01T23:15:02Z,5eed115a984d490b02b602d73787aee8dc8c4e9365b77fbff3818a76,60.16629,24.95957,00000000fb7600be,20.28
211,2019-08-01T23:15:02Z,6011490fb2e02d0b9d936fa70a06572cb55ffd9a6a7c607cf75c5a71,60.16897,24.95222,00000000aa852af1,25.36
212,2019-08-01T23:15:02Z,6066632ddc94b5c482a2d4f45ed2532e55e3fd63e414a084a596a737,60.16762,24.95415,000000006b44cce7,20.28
213,2019-08-01T23:15:02Z,693099b54f1d14b899f005c233a431270bde084ad2fe05abf597743a,60.16544,24.95398,0000000038d83d41,14.89
214,2019-08-01T23:15:02Z,6a54644283a4f5a6369abe947b4e9faf2ca3c25ef2ea42502cb60c5f,60.15432,24.9211,0000000019fb59c4,18.79
215,2019-08-01T23:15:02Z,6f06341f358e61699fe1e55e986dd0554bc8da28b91daf0c5ad99db6,60.16629,24.95957,00000000fb7600be,23.56
216,2019-08-01T23:15:02Z,6ff437688c444238352c28f64f9d2a7d0f14d19c9ea42c225380501e,60.16762,24.95415,000000006b44cce7,20.28
217,2019-08-01T23:15:02Z,71f1ccf548a0ec676009a1185a36ad6c18191be59b397e8261d67443,60.16762,24.95415,000000006b44cce7,7.05
218,2019-08-01T23:15:02Z,747f2d1ebff218c0ebbdc0fdaef4cbe56633dfb46ae1b1f8c8142201,60.16762,24.95415,000000006b44cce7,18.79
219,2019-08-01T23:15:02Z,77839e655f856d5295739c2388237a95b399c3b8a4f659cd1345d939,60.16829,24.94214,00000000afef4555,21.87
220,2019-08-01T23:15:02Z,7a3db40d91e137d1381ac690a78039878e0baa317ed9a7cd6882df27,60.16762,24.95415,000000006b44cce7,27.28
221,2019-08-01T23:15:02Z,87dfaad29a9276ddddb1fa021d3bc23ad14824c1af16f7d87e713689,60.14951,24.92138,0000000006dd41f6,7.05
222,2019-08-01T23:15:02Z,8c75c3289c84fe4493e1e272a77b615fe1985880c5dc68a7c1a17b53,60.16762,24.95415,000000006b44cce7,9.92
223,2019-08-01T23:15:02Z,8cc6ddaa460aeae8cc9e8a33f91a01c8cd4c0c8bf8a943210a28c84d,60.1538,24.95595,0000000038bf9618,21.87
224,2019-08-01T23:15:02Z,91d3b80de4439a4a49ddb8a04d72a0a2ec6c08f351d70232842af567,60.16762,24.95415,000000006b44cce7,23.56
225,2019-08-01T23:15:02Z,9843c6216661048343a0e49cf3d8aa2883cf77f452666a1c873a1052,60.16448,24.97323,0000000053c6c2be,14.89
226,2019-08-01T23:15:02Z,9a3441615c7a95dad7af50ae16b0ac928f9d84ea590ac67cfa97ef1e,60.16544,24.95398,0000000038d83d41,16.1
227,2019-08-01T23:15:02Z,9e542b3a7effec1e348e152448282ff99d56cacba9ecdb492a7dd572,60.1538,24.95595,0000000038bf9618,14.89
228,2019-08-01T23:15:02Z,a1ba09b019cae8df2ec9396f46a163e5b29858a11380955ed9605985,60.15432,24.9211,0000000019fb59c4,20.28
229,2019-08-01T23:15:02Z,a91d379a4b57c5df22db0d7a041ff69f657b4b31f28554b1011fc03c,60.16544,24.95398,0000000038d83d41,33.81
230,2019-08-01T23:15:02Z,b5fd6b317890e5ab2d79e2cd1abe61626d45a753c7337d0d40728898,60.16762,24.95415,000000006b44cce7,7.69
231,2019-08-01T23:15:02Z,bc47f02c87cebb9928c25d0ad0c1e77fa507b77e58f60e2420264dea,60.15432,24.9211,0000000019fb59c4,12.69
232,2019-08-01T23:15:02Z,c40c37def6bf11a63a2556519a7c6233fd417cdeea2cf14f28e7c42c,60.16531,24.9442,00000000fdda10fe,27.28
233,2019-08-01T23:15:02Z,c4987065b4c4cb235c676c77aac913aa95281a4e8a18412aceaaea00,60.17002,24.94407,000000006b087f40,29.32
234,2019-08-01T23:15:02Z,cf05623e4d87ce0906c0b0b7dbf53aacc1228016cd27c341228b6e76,60.18203,24.91341,00000000342570c2,20.28
235,2019-08-01T23:15:02Z,ed70dda6b7faebd4340dacdb452ab224d9d3c308df417b7fa76f54e8,60.14951,24.92138,0000000006dd41f6,20.28
236,2019-08-01T23:15:02Z,fc4f3a44235f1cfc7b53f14ba2da599976a5a0a220d23b852688e485,60.17919,24.95181,000000007b5207b6,16.1
237,2019-08-01T23:15:02Z,0b7618ec03a406a34467aebecff79d730b0d71ba9edb3b56a3212294,60.16762,24.95415,000000006b44cce7,13.75
238,2019-08-01T23:15:02Z,0c5c2ba9c57744bf9b368cb3aa564739eaad9adad1a377b9be3b2237,60.16897,24.95222,00000000aa852af1,12.69
239,2019-08-01T23:15:02Z,0ebe47149111f63047637d03120300de9da981196d5490fcd315b3f1,60.14947,24.91438,000000004ef3150d,8.38
240,2019-08-01T23:15:02Z,1383eef8480b4be0e3801d66d4f5cf57a214b400e259e18ad3106fb1,60.16762,24.95415,000000006b44cce7,20.28
241,2019-08-01T23:15:02Z,16bd553aa7c5bd513f241d2cafdbc64075cf4a4a30d59cdc750163a7,60.16629,24.95957,00000000fb7600be,18.79
242,2019-08-01T23:15:02Z,1adbd427eb3f704b000acb64b6bf5019535e44085acfc419471616d7,60.16762,24.95415,000000006b44cce7,16.1
243,2019-08-01T23:15:02Z,1dacfb371d75dd4f90f447aac2a00faad98beb4188a6971c19eb2375,60.16629,24.95957,00000000fb7600be,20.28
244,2019-08-01T23:15:02Z,1ecbc7c6afe89033252e5510cbb893666af2b3bc29f555a3a6287fdb,60.14951,24.92138,0000000006dd41f6,2.8
245,2019-08-01T23:15:02Z,2146af3aac045904e08c8159b49f231d87f68461f48f9ed2ee5bf983,60.16629,24.95957,00000000fb7600be,12.69
246,2019-08-01T23:15:02Z,25b9a688fda1515f9ff250d01f89c4491af81e3721b9b2348d88d2e3,60.16762,24.95415,000000006b44cce7,23.56
247,2019-08-01T23:15:02Z,2970ecf01426390fc2f4e429f4eccfe3f7737b3d9c588d67fb9b7a93,60.16829,24.94214,00000000afef4555,16.1
248,2019-08-01T23:15:02Z,29dc7c0cc6fb615aeaf2d64f842f963d2abe995905106214bc52912a,60.16897,24.95222,00000000aa852af1,21.87
249,2019-08-01T23:15:02Z,2c899a1979d50e2e4f86cab08388394de4a1ef66a4fc976e245336ec,60.16762,24.95415,000000006b44cce7,13.75
250,2019-08-01T23:15:02Z,3f3c44b533e507af42dfc079d301fb233fa321ee919fc6160955b0c3,60.16762,24.95415,000000006b44cce7,11.7
251,2019-08-01T23:15:02Z,428192339d7424e308a6321af9671d424f1eebe48b43cd4415556f90,60.16897,24.95222,00000000aa852af1,33.81
252,2019-08-01T23:15:02Z,4b5c0ff6b07a20306f9bbea60c08100e0d5c4f0cd00c268e1d31ef7c,60.16762,24.95415,000000006b44cce7,10.78
253,2019-08-01T23:15:02Z,4fe349a987e7d5b97c7eb12ba6df6179c8560fb347b7dac64d255ce7,60.16762,24.95415,000000006b44cce7,9.92
254,2019-08-01T23:15:02Z,510dab9a122d788d9c8650724620bd3856ca9c78e2c6dbd98ba480c0,60.16629,24.95957,00000000fb7600be,18.79
255,2019-08-01T23:15:02Z,531d07cf3f27c64d1d03f9f619148a8976c022d37cc5960b35accffb,60.17918,24.95141,00000000675d5200,29.32
256,2019-08-01T23:15:02Z,54aec80f83440c64d4d326b4e132046c74f1427fff9bbbb689026132,60.16762,24.95415,000000006b44cce7,21.87
257,2019-08-01T23:15:02Z,584cb0b0cdd14e608c8b57c8aecc9826f9b40027e365e2438a444ea2,60.16762,24.95415,000000006b44cce7,9.12
258,2019-08-01T23:15:02Z,599911539bd9c809d19e0f2e915348a0c7dda4291496a7fa96916d0f,60.16897,24.95222,00000000aa852af1,18.79
259,2019-08-01T23:15:02Z,67395891d80a78329dc1a61443351cd2eb90ba835da1eda53ffa6069,60.16762,24.95415,000000006b44cce7,16.1
260,2019-08-01T23:15:02Z,6c11fa2ea037fcf94acc1d8fa882fece05858ccb512d4a0570755bcc,60.16448,24.97323,0000000053c6c2be,23.56
261,2019-08-01T23:15:02Z,7174e7c42815a6a21ff0028133e0e285b9b6372d2cae11ee3437d3fc,60.17919,24.95181,000000007b5207b6,14.89
262,2019-08-01T23:15:02Z,73c2bea8e876a6352c89fc430665900b8c5ff4a9e6024ca8d904b978,60.16762,24.95415,000000006b44cce7,8.38
263,2019-08-01T23:15:02Z,74cb545f76f0bfc5498607247e26e814276a11ce91f77208054ecbc5,60.17002,24.94407,000000006b087f40,23.56
264,2019-08-01T23:15:02Z,7c849b3929445c29c7f60e344b450a18c25bf25651deebeb1e25923d,60.16762,24.95415,000000006b44cce7,31.5
265,2019-08-01T23:15:02Z,7edc05ef0308ce74cf183340e3a2f71d4cd2bad9fc111a5df5035f55,60.16762,24.95415,000000006b44cce7,18.79
266,2019-08-01T23:15:02Z,808fc61547c08ee48346e2398a4281c3d25624664af89badb26ff456,60.16897,24.95222,00000000aa852af1,31.5
267,2019-08-01T23:15:02Z,826b5622468a5d1742b313a0e68273af001a1d62c551414c3956398c,60.16897,24.95222,00000000aa852af1,17.4
268,2019-08-01T23:15:02Z,834946a4b34375f0b5ec562c1fa58f01171b5ded493e0790dac63910,60.16762,24.95415,000000006b44cce7,25.36
269,2019-08-01T23:15:02Z,934d0b0814cf2cd73a714d825599c8753be59ed44d807a63ff49f0a7,60.16762,24.95415,000000006b44cce7,18.79
270,2019-08-01T23:15:02Z,951fa685e6bffae5a92bebcb2a779f050312d9161992ebbf635d6157,60.16762,24.95415,000000006b44cce7,17.4
271,2019-08-01T23:15:02Z,99a026b5100e23129fa529e9a57a3dbc8490dc03b58f2193f03e2dcf,60.16531,24.9442,00000000fdda10fe,27.28
272,2019-08-01T23:15:02Z,9b99494a75993ef96b448e7d1ea74cd4d67f737140f630f8663fd839,60.14947,24.91438,000000004ef3150d,14.89
273,2019-08-01T23:15:02Z,9e0616b33296c5d48eb88567e1ddbf46b4b9599aad51ea847167b1d9,60.149,24.9843,00000000fffb8cf0,23.56
274,2019-08-01T23:15:02Z,a02aad66b2e01c47439390fc5e94a5d531319bfcf2548933f2f06561,60.16762,24.95415,000000006b44cce7,16.1
275,2019-08-01T23:15:02Z,a40797c9c14ae5aabedada16dd37dc37d395e609c8be9e1943e0be2a,60.16762,24.95415,000000006b44cce7,7.69
276,2019-08-01T23:15:02Z,b211162ea33baa637e51b442bc7057c47ddcfaf63fee6342745d9497,60.16531,24.9442,00000000fdda10fe,9.12
277,2019-08-01T23:15:02Z,b6b19c3283a0fe626d5c8e3cd689156518aec5b91e2bc1bead1a81e9,60.16531,24.9442,00000000fdda10fe,21.87
278,2019-08-01T23:15:02Z,c520ac06134b87ebcf8ad71293403091f9999444146e350b0aa207e9,60.16448,24.97323,0000000053c6c2be,17.4
279,2019-08-01T23:15:02Z,c5b1ebbc71f7a611a7415c126514bc92963d32b056ba093526802475,60.16762,24.95415,000000006b44cce7,8.38
280,2019-08-01T23:15:02Z,d6c88e868c91caa89e7c5352afc0271137b1da3e943fcef9c9dbb235,60.16762,24.95415,000000006b44cce7,13.75
281,2019-08-01T23:15:02Z,d8dc6e1a39289a8bff387c465827fa3aeac4aab17162f3d5e9d4f049,60.16897,24.95222,00000000aa852af1,23.56
282,2019-08-01T23:15:02Z,df62291450fba336f210db04c2170783ee136480c088922937c951bd,60.16762,24.95415,000000006b44cce7,23.56
283,2019-08-01T23:15:02Z,e9557ad1f5f71503294dda25dd418451ee9a309b55e3a4018dd06746,60.16762,24.95415,000000006b44cce7,25.36
284,2019-08-01T23:15:02Z,ead8a9712515c5d2aa3bb97df62a9c270b9b9eb3833341a9e1cdb848,60.16897,24.95222,00000000aa852af1,25.36
285,2019-08-01T23:15:02Z,ee3be5158d6cbdf62e0b60c6bd4533b993cf6495fa71b2410cc16415,60.16762,24.95415,000000006b44cce7,12.69
286,2019-08-01T23:15:02Z,f9399339c3de44774896319d3f291771cebcaf2666df1d6062469882,60.16531,24.9442,00000000fdda10fe,31.5
287,2019-08-01T23:15:03Z,075be70b0c9febdacbaeeb7cd5008912aad9ce85c22f5ee3d6b77e40,60.16897,24.95222,00000000aa852af1,21.87
288,2019-08-01T23:15:03Z,0add92bb629361fdf34a91a86a1f9e3aed5f10895edae2bd32f97fb0,60.14699,24.922,00000000a53ed894,27.28
289,2019-08-01T23:15:03Z,14c7e1511b70f4dd3359cbece1377aebb4d70531f5489eefe53d7c3c,60.16544,24.95398,0000000038d83d41,23.56
290,2019-08-01T23:15:03Z,22581e1d9764b88a01034a4cab1a6b02fa4aa770025b9bd340685163,60.15432,24.9211,0000000019fb59c4,9.92
291,2019-08-01T23:15:03Z,24d2f2ddd119efcb13abb0ab2cb53850e9788b6713967ccca4d6e071,60.16897,24.95222,00000000aa852af1,21.87
292,2019-08-01T23:15:03Z,297c725b456ef12d2712634b21546721cbe93224d3a5762d897404f2,60.16762,24.95415,000000006b44cce7,12.69
293,2019-08-01T23:15:03Z,2c94897aa62344f630952ad6032f5d7976419125d126b15c1386c8b1,60.1538,24.95595,0000000038bf9618,17.4
294,2019-08-01T23:15:03Z,351407b43e2d2cbb60e7481f6fea88dcd24a9ea0d5a0f63e5073d365,60.16544,24.95398,0000000038d83d41,27.28
295,2019-08-01T23:15:03Z,41d3af8da554a2f22a1c6596e0da84fd612b70022b5d295e6b4928e7,60.15432,24.9211,0000000019fb59c4,9.92
296,2019-08-01T23:15:03Z,43b676ed3aef4c2d8846694817e76117873be52e7f788e0cb366c1c4,60.16629,24.95957,00000000fb7600be,25.36
297,2019-08-01T23:15:03Z,48b63d4bb575eae6b236e4c9fb933e2fcddc7c7f1e3aed085c190364,60.16897,24.95222,00000000aa852af1,27.28
298,2019-08-01T23:15:03Z,5802343c3c4b09ee3631f03e16ebb38a3b1999d65e3713eb82377455,60.16544,24.95398,0000000038d83d41,25.36
299,2019-08-01T23:15:03Z,59107c0fb745e0aacace35f3eb6888e9aa1cace3ca066219be32fe54,60.16897,24.95222,00000000aa852af1,23.56
300,2019-08-01T23:15:03Z,5bbb5184fded3e51bc78e45e39917794285e6bbc72da404802a9599a,60.16531,24.9442,00000000fdda10fe,21.87
301,2019-08-01T23:15:03Z,5d65719c4cbf045f068d084b72302f447d5fd034413d97d13be00d0e,60.18203,24.91341,00000000342570c2,20.28
302,2019-08-01T23:15:03Z,5eed115a984d490b02b602d73787aee8dc8c4e9365b77fbff3818a76,60.16629,24.95957,00000000fb7600be,25.36
303,2019-08-01T23:15:03Z,6011490fb2e02d0b9d936fa70a06572cb55ffd9a6a7c607cf75c5a71,60.16897,24.95222,00000000aa852af1,23.56
304,2019-08-01T23:15:03Z,6066632ddc94b5c482a2d4f45ed2532e55e3fd63e414a084a596a737,60.16762,24.95415,000000006b44cce7,18.79
305,2019-08-01T23:15:03Z,693099b54f1d14b899f005c233a431270bde084ad2fe05abf597743a,60.16544,24.95398,0000000038d83d41,16.1
306,2019-08-01T23:15:03Z,6a54644283a4f5a6369abe947b4e9faf2ca3c25ef2ea42502cb60c5f,60.15432,24.9211,0000000019fb59c4,20.28
307,2019-08-01T23:15:03Z,6f06341f358e61699fe1e55e986dd0554bc8da28b91daf0c5ad99db6,60.16629,24.95957,00000000fb7600be,25.36
308,2019-08-01T23:15:03Z,71f1ccf548a0ec676009a1185a36ad6c18191be59b397e8261d67443,60.16762,24.95415,000000006b44cce7,6.46
309,2019-08-01T23:15:03Z,747f2d1ebff218c0ebbdc0fdaef4cbe56633dfb46ae1b1f8c8142201,60.16762,24.95415,000000006b44cce7,21.87
310,2019-08-01T23:15:03Z,77839e655f856d5295739c2388237a95b399c3b8a4f659cd1345d939,60.16829,24.94214,00000000afef4555,29.32
311,2019-08-01T23:15:03Z,78d5f60b36b59c06c3988b94e11744bb3aed5dcbc214f91f228bf892,60.16448,24.97323,0000000053c6c2be,29.32
312,2019-08-01T23:15:03Z,87dfaad29a9276ddddb1fa021d3bc23ad14824c1af16f7d87e713689,60.14951,24.92138,0000000006dd41f6,11.7
313,2019-08-01T23:15:03Z,89982a6acf91b79a282a6b63978e946ee205f303fcd20e944e06baf0,60.16544,24.95398,0000000038d83d41,33.81
314,2019-08-01T23:15:03Z,8c75c3289c84fe4493e1e272a77b615fe1985880c5dc68a7c1a17b53,60.16762,24.95415,000000006b44cce7,10.78
315,2019-08-01T23:15:03Z,8cc6ddaa460aeae8cc9e8a33f91a01c8cd4c0c8bf8a943210a28c84d,60.1538,24.95595,0000000038bf9618,21.87
316,2019-08-01T23:15:03Z,9041c42fbb1cf987ee209454d6f5fab418a20e06fd7625460be30fa6,60.16531,24.9442,00000000fdda10fe,41.64
317,2019-08-01T23:15:03Z,91d3b80de4439a4a49ddb8a04d72a0a2ec6c08f351d70232842af567,60.16762,24.95415,000000006b44cce7,21.87
318,2019-08-01T23:15:03Z,9843c6216661048343a0e49cf3d8aa2883cf77f452666a1c873a1052,60.16448,24.97323,0000000053c6c2be,20.28
319,2019-08-01T23:15:03Z,9a3441615c7a95dad7af50ae16b0ac928f9d84ea590ac67cfa97ef1e,60.16544,24.95398,0000000038d83d41,17.4
320,2019-08-01T23:15:03Z,9e542b3a7effec1e348e152448282ff99d56cacba9ecdb492a7dd572,60.1538,24.95595,0000000038bf9618,17.4
321,2019-08-01T23:15:03Z,a1ba09b019cae8df2ec9396f46a163e5b29858a11380955ed9605985,60.15432,24.9211,0000000019fb59c4,14.89
322,2019-08-01T23:15:03Z,a91d379a4b57c5df22db0d7a041ff69f657b4b31f28554b1011fc03c,60.16544,24.95398,0000000038d83d41,31.5
323,2019-08-01T23:15:03Z,b33ae7715d6d2571066655c2c8954a5a364b5601869047de83410d9f,60.16629,24.95957,00000000fb7600be,18.79
324,2019-08-01T23:15:03Z,b5fd6b317890e5ab2d79e2cd1abe61626d45a753c7337d0d40728898,60.16762,24.95415,000000006b44cce7,5.41
325,2019-08-01T23:15:03Z,bc47f02c87cebb9928c25d0ad0c1e77fa507b77e58f60e2420264dea,60.15432,24.9211,0000000019fb59c4,12.69
326,2019-08-01T23:15:03Z,c40c37def6bf11a63a2556519a7c6233fd417cdeea2cf14f28e7c42c,60.16531,24.9442,00000000fdda10fe,25.36
