,time,hash,latitude,longitude,serial,distance
0,2019-08-04T11:15:00Z,004c3624f943830bc6a9f17173a2cd0996622cade5184ad2b9fba729,60.16897,24.95222,00000000aa852af1,5.91
1,2019-08-04T11:15:00Z,0152988639aaaa9cc27213280c8f0c0c8ec97ae6a45aaaf743c9c25d,60.16544,24.95398,0000000038d83d41,29.32
2,2019-08-04T11:15:00Z,03e0fc996a589ccdf1871b3c78e089c08c93ba1f2a02d740fb384aac,60.16531,24.9442,00000000fdda10fe,36.27
3,2019-08-04T11:15:00Z,112c36ba789fa57e2b19c9bff8bfe0b3eba19a431c3af4656c4cee5b,60.16531,24.9442,00000000fdda10fe,38.87
4,2019-08-04T11:15:00Z,1142f5b6806b1ec7d8d47d47013eb530d8a7418f6934d8867b20966a,60.16829,24.94214,00000000afef4555,23.56
5,2019-08-04T11:15:00Z,128f1b89d7a534aa206a7823b692594bbd4d349761baa04c0fc72f2c,60.14947,24.91438,000000004ef3150d,8.38
6,2019-08-04T11:15:00Z,14c7e1511b70f4dd3359cbece1377aebb4d70531f5489eefe53d7c3c,60.16544,24.95398,0000000038d83d41,29.32
7,2019-08-04T11:15:00Z,165ebbb4090d47319ae370f0d0854fdc1f6b79499f8b2e4d3c3533c0,60.16544,24.95398,0000000038d83d41,21.87
8,2019-08-04T11:15:00Z,1bba37ee9376f8052f3606bb777546c2c4d1e84dad7afd93d4cffa45,60.16762,24.95415,000000006b44cce7,16.1
9,2019-08-04T11:15:00Z,25a7ff811c3c06e426c7c2cbb0433d9a2a3399b23afecbd35584ab0f,60.18203,24.91341,00000000342570c2,13.75
10,2019-08-04T11:15:00Z,3fe5f4ccfa5c777ceafda0674d7c9da6f509f6694b4c2fa254b32e73,60.16897,24.95222,00000000aa852af1,20.28
11,2019-08-04T11:15:00Z,43b676ed3aef4c2d8846694817e76117873be52e7f788e0cb366c1c4,60.16629,24.95957,00000000fb7600be,27.28
12,2019-08-04T11:15:00Z,44d0b94469070803869f229601e877beb613c3f5aafa009addf97a1a,60.16544,24.95398,0000000038d83d41,14.89
13,2019-08-04T11:15:00Z,4774d3de2115f3cfeff91dc17ed763964fe86825629003f82ee45b2b,60.16762,24.95415,000000006b44cce7,13.75
14,2019-08-04T11:15:00Z,540383b911031111a312918957adf147407bab92bbbb999d551d269f,60.14947,24.91438,000000004ef3150d,14.89
15,2019-08-04T11:15:00Z,5d65719c4cbf045f068d084b72302f447d5fd034413d97d13be00d0e,60.18203,24.91341,00000000342570c2,20.28
16,2019-08-04T11:15:00Z,5eed115a984d490b02b602d73787aee8dc8c4e9365b77fbff3818a76,60.16629,24.95957,00000000fb7600be,17.4
17,2019-08-04T11:15:00Z,6194c7507f3361af2168ea62f9a4d97856c22a771424fe6367e75513,60.14951,24.92138,0000000006dd41f6,31.5
18,2019-08-04T11:15:00Z,69219e9efa41ae9e732653e9eaf08e1a34cb853a9dafe76ddeea4d04,60.16897,24.95222,00000000aa852af1,16.1
19,2019-08-04T11:15:00Z,6a70e2fbced719333e21eff04fcb9cb36bae9a04d1a3d6ddd96f2c58,60.15432,24.9211,0000000019fb59c4,4.5
20,2019-08-04T11:15:00Z,79f136afa0dd8717337c01c70b457c464aaf0fa25b440f51a394ec23,60.16762,24.95415,000000006b44cce7,12.69
21,2019-08-04T11:15:00Z,87dfaad29a9276ddddb1fa021d3bc23ad14824c1af16f7d87e713689,60.14951,24.92138,0000000006dd41f6,10.78
22,2019-08-04T11:15:00Z,88808fe92573e9cdf022cc15b9689b6b4b9429f60513c8897b0ba4c7,60.16897,24.95222,00000000aa852af1,16.1
23,2019-08-04T11:15:00Z,89982a6acf91b79a282a6b63978e946ee205f303fcd20e944e06baf0,60.16544,24.95398,0000000038d83d41,25.36
24,2019-08-04T11:15:00Z,8c75c3289c84fe4493e1e272a77b615fe1985880c5dc68a7c1a17b53,60.16762,24.95415,000000006b44cce7,8.38
25,2019-08-04T11:15:00Z,92a4351b20078e469332532ec495e838559c62590b166cce41762939,60.16897,24.95222,00000000aa852af1,16.1
26,2019-08-04T11:15:00Z,92aae21a6e0dd2ff71fc591b64e878502bd4677b64ac413632e9f7c6,60.149,24.9843,00000000fffb8cf0,12.69
27,2019-08-04T11:15:00Z,9843c6216661048343a0e49cf3d8aa2883cf77f452666a1c873a1052,60.16448,24.97323,0000000053c6c2be,18.79
28,2019-08-04T11:15:00Z,9937b5bd15c1637e51b1f21a0a8e3ef7b92e07703d2bc860eab8af67,60.16762,24.95415,000000006b44cce7,13.75
29,2019-08-04T11:15:00Z,9b93f6de5213f9490ff16d9e0064a5effdf8d2085528ae7c77569374,60.16762,24.95415,000000006b44cce7,12.69
30,2019-08-04T11:15:00Z,9f60230dcd9ee75653a787edcbf9e48c36b5650f21d09b13268503da,60.14951,24.92138,0000000006dd41f6,27.28
31,2019-08-04T11:15:00Z,9fc0711d7e7722eff7faa0cb6f17846680c06515c1eb93dd49ebcf25,60.14699,24.922,00000000a53ed894,16.1
32,2019-08-04T11:15:00Z,acd2647d413f41552b31b6e383da445c8902bc2a764d2b7791a7b164,60.16762,24.95415,000000006b44cce7,10.78
33,2019-08-04T11:15:00Z,b5fd6b317890e5ab2d79e2cd1abe61626d45a753c7337d0d40728898,60.16762,24.95415,000000006b44cce7,9.92
34,2019-08-04T11:15:00Z,b86596d318cede493ab2eeac155de660b440ac52097b2ead947d3042,60.17002,24.94407,000000006b087f40,4.11
35,2019-08-04T11:15:00Z,b936e41d8712ae967f3ebb413fc44f060bb10613f95537757886ede2,60.16762,24.95415,000000006b44cce7,16.1
36,2019-08-04T11:15:00Z,bca443064699e0ac05c40e587aef06d7fd580817e739133a501490bc,60.14699,24.922,00000000a53ed894,20.28
37,2019-08-04T11:15:00Z,be41ebc5fb0d348fc1ef1166d44251c3112a78a4ea01aa980364ee7c,60.14699,24.922,00000000a53ed894,38.87
38,2019-08-04T11:15:00Z,c40c37def6bf11a63a2556519a7c6233fd417cdeea2cf14f28e7c42c,60.16531,24.9442,00000000fdda10fe,27.28
39,2019-08-04T11:15:00Z,ca6927628f5ddda20036865c9345ad93d476d62ade3b181de568eed6,60.16897,24.95222,00000000aa852af1,27.28
40,2019-08-04T11:15:00Z,cf05623e4d87ce0906c0b0b7dbf53aacc1228016cd27c341228b6e76,60.18203,24.91341,00000000342570c2,17.4
41,2019-08-04T11:15:00Z,cfc0bedb78ded52749db3188cb188bf6a250ef5990da9c5afa9623fc,60.14951,24.92138,0000000006dd41f6,27.28
42,2019-08-04T11:15:00Z,d366aa1925472f34a389921734c1777d6d7c2e812b0f284d78697edf,60.1538,24.95595,0000000038bf9618,27.28
43,2019-08-04T11:15:00Z,e224ae5ea47af2e3048f83b13a1f45dc135c0ca6be72547b01729086,60.1538,24.95595,0000000038bf9618,17.4
44,2019-08-04T11:15:00Z,e8e366e76c97944e23c0f80b4fd3ce6e5832744922297146a49f0c7e,60.16762,24.95415,000000006b44cce7,16.1
45,2019-08-04T11:15:00Z,e96bd269a48b822b06141c3362fcb6d5ed4d0d09a120f2e4a712d5c2,60.16897,24.95222,00000000aa852af1,27.28
46,2019-08-04T11:15:00Z,f30a5193aa7850aac581b8dd71512a8712c96f36fdef78d8292d4788,60.16544,24.95398,0000000038d83d41,21.87
47,2019-08-04T11:15:00Z,f405a7c4a3a4339f8e3f7e552f6492d6eed76f7d08c54943286213de,60.16762,24.95415,000000006b44cce7,17.4
48,2019-08-04T11:15:00Z,fc4f3a44235f1cfc7b53f14ba2da599976a5a0a220d23b852688e485,60.17919,24.95181,000000007b5207b6,10.78
49,2019-08-04T11:15:00Z,00dae8e6c0b169e69db1d1435e478728f9318e16ee31ff03e5572236,60.16762,24.95415,000000006b44cce7,13.75
50,2019-08-04T11:15:00Z,0202c7d07f464d78fa1278b61e3cb66abd866f5a3570fbf3484b096a,60.17918,24.95141,00000000675d5200,31.5
51,2019-08-04T11:15:00Z,02433506da90b195e2d77d7fea6a8893de5eb2b7b128a8553870e0b5,60.17065,24.93641,000000000f4919c9,23.56
52,2019-08-04T11:15:00Z,0625280cf414aa015aa8b4d504d6fc74879a1144b913e254fec5db9d,60.16762,24.95415,000000006b44cce7,17.4
53,2019-08-04T11:15:00Z,069d6b6e69c43b236aecba56659cd7382ac641da5351f265f08d4bf7,60.16829,24.94214,00000000afef4555,5.41
54,2019-08-04T11:15:00Z,0747055bf2d7c83581c8e31bc0082583ca0764a4b414cc558e52a1d1,60.14947,24.91438,000000004ef3150d,7.05
55,2019-08-04T11:15:00Z,07914428b15fa5cf60e5d9ce6f8c0bd902e29cb36902a7c237e6d652,60.149,24.9843,00000000fffb8cf0,16.1
56,2019-08-04T11:15:00Z,07c827c08889c8b6e0608c8836a6af2d74a5b555adcd5b1b2c5eafec,60.16762,24.95415,000000006b44cce7,5.41
57,2019-08-04T11:15:00Z,07ca1c5bf0929416f7327690a0bf907a47b260178fa23155ba3ab0d3,60.17065,24.93641,000000000f4919c9,31.5
58,2019-08-04T11:15:00Z,08833115ba0f62666fee594662c171563759459bb5f65ffdfeaeaed1,60.18203,24.91341,00000000342570c2,21.87
59,2019-08-04T11:15:00Z,08e7f4fc53b98be4e95eaeb77f5ed8a847d798cfeb168b26e94178d6,60.14699,24.922,00000000a53ed894,29.32
60,2019-08-04T11:15:00Z,0cb8cb3f94ea8b34916cf9879d299272b185ab38064c2a3fc46088c3,60.16829,24.94214,00000000afef4555,16.1
61,2019-08-04T11:15:00Z,0d1a5e5f2014695204b3acc4118f31e208702b6f6f8806ba09ae0ef3,60.16829,24.94214,00000000afef4555,25.36
62,2019-08-04T11:15:00Z,0d2490ed58c11eb4a754a30cc4bcb21c7243d322a2caf7cc360e4e8c,60.17065,24.93641,000000000f4919c9,23.56
63,2019-08-04T11:15:00Z,0d76b333b58230df9054f9656fc1ef4ca985d6ef86bc5d84fc85fbe9,60.16629,24.95957,00000000fb7600be,14.89
64,2019-08-04T11:15:00Z,0d84da6bff50f7ab6e90b6720b36cf264111030bcdbf4d8092efacaa,60.149,24.9843,00000000fffb8cf0,16.1
65,2019-08-04T11:15:00Z,103e596ccbbe3422403a38786a0bee588f55208bb343963e67ba6ba0,60.149,24.9843,00000000fffb8cf0,12.69
66,2019-08-04T11:15:00Z,1127119e7794170983cf8596358f6c5e312948e7044e505b3ba6b75b,60.16897,24.95222,00000000aa852af1,23.56
67,2019-08-04T11:15:00Z,119d481da824fb0df999007117ca40889497f35b20128ba527bb3786,60.16897,24.95222,00000000aa852af1,18.79
68,2019-08-04T11:15:00Z,135b81a7a5a9dd70569656553c100af6fdc760bcf92d9b7b48261cb1,60.16897,24.95222,00000000aa852af1,18.79
69,2019-08-04T11:15:00Z,146ba26c68a56cad26d37c799d57db715bb008aed37d7e14431cb69f,60.16829,24.94214,00000000afef4555,4.94
70,2019-08-04T11:15:00Z,152c5f924ffb9c7f56882e3be072cb918b27af781b6fef3d9808c838,60.15432,24.9211,0000000019fb59c4,4.94
71,2019-08-04T11:15:00Z,15d7b7f25a3cea02bd09f4b0e06033dc8820df553d79806442bbdeec,60.16531,24.9442,00000000fdda10fe,21.87
72,2019-08-04T11:15:00Z,17f04f0fd4d6ec757a6cadbb46ad87f7d631e800c43b6a908f339cf0,60.16762,24.95415,000000006b44cce7,11.7
73,2019-08-04T11:15:00Z,19dea4c3ae877a795efafae81ed8314e19403c36db7042e4e2b2241b,60.16762,24.95415,000000006b44cce7,10.78
74,2019-08-04T11:15:00Z,1a9a0f74c353624c42c19c007e82c9c2547b7285d8353d0e375e3f05,60.14699,24.922,00000000a53ed894,31.5
75,2019-08-04T11:15:00Z,1ae71579af44efd5a1718399d2683922c52e4a08789c789bea7ad8bc,60.16762,24.95415,000000006b44cce7,10.78
76,2019-08-04T11:15:00Z,1af79f51f541e3a5e2337eaddd7105090653c0ebe190377f60aba4a4,60.1638,24.96846,00000000d747f075,29.32
77,2019-08-04T11:15:00Z,1b3954b0a85bb1343cd8d35f2131bf15d317f037cb087de903b097c8,60.16829,24.94214,00000000afef4555,27.28
78,2019-08-04T11:15:00Z,1c8c3befa38b65f707dd4933a68e5e3c9e7c82592fd382779127416b,60.16897,24.95222,00000000aa852af1,8.38
79,2019-08-04T11:15:00Z,1cd41cce1f4ab7bd3267071cbc1fa4eb84eb8c65d29e84354010846d,60.16762,24.95415,000000006b44cce7,13.75
80,2019-08-04T11:15:00Z,1e3fa11ac10c07395d1456966b411617159f7b3736741a28e9e3e52a,60.16762,24.95415,000000006b44cce7,7.05
81,2019-08-04T11:15:00Z,226a7735808f542ffdc8b2ee4f1c940d7d7d7d9f1896866e32a29b9b,60.17002,24.94407,000000006b087f40,25.36
82,2019-08-04T11:15:00Z,227b93698b29687beea48184f42aab63a21fa362af7251be32db2e15,60.16531,24.9442,00000000fdda10fe,2.08
83,2019-08-04T11:15:00Z,22c62b57ffa16a38a46e6c43086ad1ab28165d9e0322b2056b1b834b,60.14699,24.922,00000000a53ed894,8.38
84,2019-08-04T11:15:00Z,23b7c1b09dfbcbf722a4c48303dd0435cf9885a516d5eebb6538844f,60.16762,24.95415,000000006b44cce7,21.87
85,2019-08-04T11:15:00Z,24698e0a5f8c136e6b47ea67e0688badb2cf286d01e71781dc2bb315,60.16897,24.95222,00000000aa852af1,23.56
86,2019-08-04T11:15:00Z,253d28b0c6d86a09cae3f522026955a5b5cd6cc2e8edaf8f712efb43,60.16075,24.95883,00000000f1124bca,27.28
87,2019-08-04T11:15:00Z,25d3fe54d851512395d196cf59d69d7f64824432dd26e83429a804fa,60.16762,24.95415,000000006b44cce7,7.05
88,2019-08-04T11:15:00Z,2671a156fa8d8bb05970481c8f83bcf9f261f73dae27f2bb9ac88aeb,60.14699,24.922,00000000a53ed894,18.79
89,2019-08-04T11:15:00Z,26d19587f6663e99477f76944b9a5158f2d06ecf07d6fbf4a4684c28,60.14947,24.91438,000000004ef3150d,11.7
90,2019-08-04T11:15:00Z,271dd65b4cca7dc619591bbe2567c772ef05f37f1dc2a4626b610ba7,60.16829,24.94214,00000000afef4555,20.28
91,2019-08-04T11:15:00Z,2724e42551f43106ea58a8fcc6a43953baa1294cd65e17a90012f706,60.17065,24.93641,000000000f4919c9,3.74
92,2019-08-04T11:15:00Z,284881e4f5c374805df1b0bf3167c91edc97eada4394c96bfaf5000b,60.16544,24.95398,0000000038d83d41,29.32
93,2019-08-04T11:15:00Z,296a0ffe230305a3d37818a0369b56c99dacdd5df5a161bf238e1084,60.16762,24.95415,000000006b44cce7,7.69
94,2019-08-04T11:15:00Z,29f5adc4d67413b7d368e8e94a41cf48339e3f5f0903f660170c4fe8,60.17918,24.95141,00000000675d5200,11.7
95,2019-08-04T11:15:00Z,2b01e506e9a701a13467f62b2a689618db1a4a0a32ee229ca8f07dff,60.16829,24.94214,00000000afef4555,8.38
96,2019-08-04T11:15:00Z,2c666d236d25eedac2d7950efcf10a82c0bbfe08eb74a996ef55f498,60.16897,24.95222,00000000aa852af1,17.4
97,2019-08-04T11:15:00Z,2d21259996e0d149ff9bd68bfb020c3076f3f46b41fc3397bd21ec9d,60.17002,24.94407,000000006b087f40,29.32
98,2019-08-04T11:15:00Z,2de87ef94604fb63bec05eefb71b6cdd0b9807f8551159c2a35e7259,60.17065,24.93641,000000000f4919c9,3.4
99,2019-08-04T11:15:00Z,2e310631b38292cc92e85d66f2ba806b814e5426f399f097026583ec,60.14699,24.922,00000000a53ed894,16.1
100,2019-08-04T11:15:00Z,342309934e2d5db024f68544435df6982160c9c3f56b8a566245509c,60.16629,24.95957,00000000fb7600be,31.5
101,2019-08-04T11:15:00Z,3467b4bf57facaf597acd247a8ab83e90bfe67e588c7269f7bbc2961,60.16544,24.95398,0000000038d83d41,25.36
102,2019-08-04T11:15:00Z,367d3c786785799c42663317cfae5d458d6fe676b67ea0807d0c0923,60.17918,24.95141,00000000675d5200,6.46
103,2019-08-04T11:15:00Z,3749aa1e3b00b91afdd8adebe183a8f2e875d847680d7eaa03ee78ab,60.16762,24.95415,000000006b44cce7,9.12
104,2019-08-04T11:15:00Z,37e3eb4406e7100f2db4acef31d681daccc87dd9e3f1314f8d5d1e93,60.17918,24.95141,00000000675d5200,18.79
105,2019-08-04T11:15:00Z,37ed57b9dd6430343b571520471a46c2b408976f090fefbda108dd35,60.16075,24.95883,00000000f1124bca,16.1
106,2019-08-04T11:15:00Z,386dea4944e0b83648b4b6faf510fd47b0e9e29a2bb9311fe8a80ee2,60.17918,24.95141,00000000675d5200,13.75
107,2019-08-04T11:15:00Z,39316320e4e79c64f142712bf8ab35d90a63b43720801fc7833a029c,60.16762,24.95415,000000006b44cce7,3.74
108,2019-08-04T11:15:00Z,3ac9d056b0f04f774b238a125eb996d46437f7a8c5f6ba6712e971cf,60.17918,24.95141,00000000675d5200,11.7
109,2019-08-04T11:15:00Z,3b355c039877bd4883845f3fc6ad8dd6f41f170274042f1397585680,60.149,24.9843,00000000fffb8cf0,23.56
110,2019-08-04T11:15:00Z,3b5030adc7c303403a6333a1a6d35474c2f21c1d20ece72180660423,60.14947,24.91438,000000004ef3150d,9.92
111,2019-08-04T11:15:00Z,3cb63237c8a43d21d81f89f642b88fbf7aa9e9ddd56dd8b46b003476,60.16762,24.95415,000000006b44cce7,16.1
112,2019-08-04T11:15:00Z,3dc0c23243b25c9bb851d7d486442b4c9c84fb29d7ab6201a0fe3bab,60.16829,24.94214,00000000afef4555,18.79
113,2019-08-04T11:15:00Z,3f5d3aed90718f7fb8e8a13ac7002718cc22cbe190beb96821ba52e6,60.17065,24.93641,000000000f4919c9,14.89
114,2019-08-04T11:15:00Z,3ff7266615db0c7fc18a3ab92509cd79bc07dc77b5d81f740d55a3f7,60.149,24.9843,00000000fffb8cf0,23.56
115,2019-08-04T11:15:00Z,4072234192c240b679f3a87c1d6ae6854bea54f85d5425c6526d3738,60.16897,24.95222,00000000aa852af1,23.56
116,2019-08-04T11:15:00Z,41fffd70db0364ae9e08f76f74848590a4ed6784433df3a7ff00d7a5,60.16762,24.95415,000000006b44cce7,14.89
117,2019-08-04T11:15:00Z,42033344b6ffbe4da5fa02015642579c22a6cf20c0263c8f097b96d3,60.16762,24.95415,000000006b44cce7,7.05
118,2019-08-04T11:15:00Z,4250dca9df5a94bd790ad83d3dedebf6ac16cc06fb12ebc6509d29b2,60.16897,24.95222,00000000aa852af1,23.56
119,2019-08-04T11:15:00Z,42d34a6c595760e51052178acc978bdb2b6348e0405f7b58c57f0915,60.16829,24.94214,00000000afef4555,10.78
120,2019-08-04T11:15:00Z,435bde72b33f30d029922190d9978935634efc6d8abe32a6978d46b3,60.16762,24.95415,000000006b44cce7,10.78
121,2019-08-04T11:15:00Z,44703b8dd01d3bd79585c9c7e12217e1ac152f86e2b0c9ed6be4bc19,60.16544,24.95398,0000000038d83d41,17.4
122,2019-08-04T11:15:00Z,4529201d9efc2a619ae3d025c7fa6ab5a5904939fb5536f63bad917a,60.14947,24.91438,000000004ef3150d,4.5
123,2019-08-04T11:15:00Z,464a1dbb5a6e9c0ae5f4f2cd401b53521a476f901fe9780da1d535d9,60.16762,24.95415,000000006b44cce7,11.7
124,2019-08-04T11:15:00Z,46bb380f3a2d43ff9b8a363ce5ce17fae4774b7993123e3994aa616e,60.16829,24.94214,00000000afef4555,12.69
125,2019-08-04T11:15:00Z,47b28de5d590181ea4b06f07e54e435b0aee6ab8660dbb123d4d2ecb,60.16829,24.94214,00000000afef4555,14.89
126,2019-08-04T11:15:00Z,49d6f6bd5878bfac30a67fe92d1501b5b09cab38ab2b35b661902f0d,60.14947,24.91438,000000004ef3150d,16.1
127,2019-08-04T11:15:00Z,4a2286eca689d9c867cfa19d43b9b917d29769b66b9e0a968f6c3859,60.16897,24.95222,00000000aa852af1,13.75
128,2019-08-04T11:15:00Z,4cf634fc84e128c3b9bce07a4b726d136e18f0eea4229fdbb48f6db1,60.16897,24.95222,00000000aa852af1,11.7
129,2019-08-04T11:15:00Z,4ec1d21263bb826a9d9b2da52c6073f4b5cf86c89894aad36059eaf6,60.16762,24.95415,000000006b44cce7,7.69
130,2019-08-04T11:15:00Z,4f70e840d6af52421579bfccf58986134f2c0076d3cbbfbfe52ee972,60.16762,24.95415,000000006b44cce7,13.75
131,2019-08-04T11:15:00Z,501372783a19bc1ebdcadc1baf80209955d9c64ef17958fe62a4a2bf,60.16829,24.94214,00000000afef4555,11.7
132,2019-08-04T11:15:00Z,56101419005237b836e4ed14d91dfa6f9edc4c92b5fcb419943897bb,60.16762,24.95415,000000006b44cce7,5.41
133,2019-08-04T11:15:00Z,565a35900ed1794a9d566f6fc12f2710875a10eb7c8e6fa0ddd92626,60.14699,24.922,00000000a53ed894,9.92
134,2019-08-04T11:15:00Z,56d473e2a8c6e4edede96e4d51006d4608d8087f1bdcfbb7232338b6,60.16762,24.95415,000000006b44cce7,10.78
135,2019-08-04T11:15:00Z,571934189bf349efb6f596e76c21612cf9b82ed44913090169936048,60.17065,24.93641,000000000f4919c9,16.1
136,2019-08-04T11:15:00Z,5ba49080af673536194085ff448eef382b573c5a02cba0905ab2eb46,60.17918,24.95141,00000000675d5200,7.69
137,2019-08-04T11:15:00Z,5c404f374a48548bfe8b02859d12ae59c4ae608fae2139fd71ef51b1,60.16762,24.95415,000000006b44cce7,10.78
138,2019-08-04T11:15:00Z,5de51602b56e93750da5fce1c2b102760c7f655d8cb820bca4ede2c1,60.16762,24.95415,000000006b44cce7,17.4
139,2019-08-04T11:15:00Z,5f06b3646e6da155a86e1679f197df7b08fe5df6324e56bd5c4b5921,60.17065,24.93641,000000000f4919c9,23.56
140,2019-08-04T11:15:00Z,5fa844a305f8ec334c82bc06554ce09b36d631a7c7389f387b1b053a,60.16897,24.95222,00000000aa852af1,16.1
141,2019-08-04T11:15:00Z,61b94e6a512bd1f5aaa188d91073d28904d575e917321e64530fdeb4,60.1538,24.95595,0000000038bf9618,27.28
142,2019-08-04T11:15:00Z,6237f2ae9c92abacd21d3a54091e41d8db2991a117cdb5689f94d04f,60.16762,24.95415,000000006b44cce7,3.74
143,2019-08-04T11:15:00Z,634c8d85357e60613f015add40b3f762f4191a70c627f8e39abf403f,60.149,24.9843,00000000fffb8cf0,14.89
144,2019-08-04T11:15:00Z,63b820f8b31bf24dec25870dfd49ab833719642e99abb2dc3f173137,60.16762,24.95415,000000006b44cce7,8.38
145,2019-08-04T11:15:00Z,641278428fe9332730ebe5088185492f950affa9931fe46498279dec,60.149,24.9843,00000000fffb8cf0,16.1
146,2019-08-04T11:15:00Z,64bfbcd6089fe701b4db414e2c1409415d36eac60af9b549e4534c46,60.16897,24.95222,00000000aa852af1,38.87
147,2019-08-04T11:15:00Z,6503762f2cac51cc2b74da1efa6b16583ed11c9a528d7716b7829c0b,60.16762,24.95415,000000006b44cce7,5.91
148,2019-08-04T11:15:00Z,6516a10850095847a8156717b0fba05a9bdc9b5bfedd691ddb07f119,60.16762,24.95415,000000006b44cce7,5.91
149,2019-08-04T11:15:00Z,65c34e7ad16df9f953e156762ae92b54ac1881f30f5093eba1880525,60.17002,24.94407,000000006b087f40,20.28
150,2019-08-04T11:15:00Z,65dc64d364b7477906425e1e30c931bd257b79fcca64348b8ebe6bf2,60.16829,24.94214,00000000afef4555,21.87
151,2019-08-04T11:15:00Z,66d9a5653ea7d4c07bdda64d09ebed9bdee433a7fc778e4e44631321,60.14699,24.922,00000000a53ed894,1.88
152,2019-08-04T11:15:00Z,66e96d2cf70690f1bb054fed67b7fe8d3f710833de8e182a82a73188,60.14699,24.922,00000000a53ed894,27.28
153,2019-08-04T11:15:00Z,69852d528034ea6fc746ed8942c32f1c90bc33a7a7317dfac3c9b1c1,60.14699,24.922,00000000a53ed894,23.56
154,2019-08-04T11:15:00Z,6990b912b53e2278e4a3d421330e44169d05b275ad57d86ff4ad1615,60.14699,24.922,00000000a53ed894,14.89
155,2019-08-04T11:15:00Z,6e492dbc3f10157e7ff00826a839a97262ab36244ccc57b702a89999,60.16531,24.9442,00000000fdda10fe,3.4
156,2019-08-04T11:15:00Z,6e6d28c8835157a731c24c90104e972e6ccaad396d718d2a7e0763ab,60.17002,24.94407,000000006b087f40,38.87
157,2019-08-04T11:15:00Z,6e82d59a788bedaa8d959ef24b087ffc5ad8ed51687f7441e7a6594c,60.17065,24.93641,000000000f4919c9,20.28
158,2019-08-04T11:15:00Z,6ec94defadbc5f73d79270eb7a611d3b858189a963a2d9376b863cdf,60.16897,24.95222,00000000aa852af1,16.1
159,2019-08-04T11:15:00Z,6f01673aa506c80d2de3e4cdfaaa09c0755a4ae7f9a674edceae4e72,60.16762,24.95415,000000006b44cce7,10.78
160,2019-08-04T11:15:00Z,6f735df418a9330bcb95c84da9d3de9b3d5a20e55a7aa084da1eef03,60.16762,24.95415,000000006b44cce7,2.54
161,2019-08-04T11:15:00Z,70ffae2b8178e0915c5de7816f8dd8bcc3af745ee49df8ac4da4adba,60.17918,24.95141,00000000675d5200,13.75
162,2019-08-04T11:15:00Z,71516fc8349cfaf2b5c4ab80ade6078494d93d13e9953af15e5ced30,60.18203,24.91341,00000000342570c2,31.5
163,2019-08-04T11:15:00Z,71c72bb0c1d20dc598a1d85ffbf282fcc35442ca030eb76b886dc8d1,60.16829,24.94214,00000000afef4555,16.1
164,2019-08-04T11:15:00Z,732d1828056ea7f810de3f8d540e2c0f39e59f7b2d5b85064e349e15,60.16829,24.94214,00000000afef4555,21.87
165,2019-08-04T11:15:00Z,74cb545f76f0bfc5498607247e26e814276a11ce91f77208054ecbc5,60.17002,24.94407,000000006b087f40,23.56
166,2019-08-04T11:15:00Z,75569cb15de7a0a9d616f5ea727dd7d4b9efe48f2073258ca1f73fae,60.16762,24.95415,000000006b44cce7,11.7
167,2019-08-04T11:15:00Z,76d22bdaa03c903d5e72d14fe9c993589e1796b086523c54976a2acd,60.16762,24.95415,000000006b44cce7,20.28
168,2019-08-04T11:15:00Z,783fadf73d2d6cd418b4ab7ae55e3ab2c3d0a04eff52b4e17c11dfc6,60.16762,24.95415,000000006b44cce7,6.46
169,2019-08-04T11:15:00Z,79773ee1ebdf8252053d8ffb326b77bb05a7cdb76041102e73d3767c,60.16762,24.95415,000000006b44cce7,8.38
170,2019-08-04T11:15:00Z,79bde23c1a8980f93a65e14306f0d8ea89e164430d8b991e2bfee82e,60.16531,24.9442,00000000fdda10fe,31.5
171,2019-08-04T11:15:00Z,7b2adeea7d39fb3fbc75510b01ed9e4dcd0efb031e37d823ed621906,60.1638,24.96846,00000000d747f075,25.36
172,2019-08-04T11:15:00Z,7c54a2b3743def9287caccd19dc542caf569d06507bbfc885490ac27,60.17918,24.95141,00000000675d5200,20.28
173,2019-08-04T11:15:00Z,7cdbb358b205ba1bb0f36b1365cbbd13790091b4d76b3b9ba87937ec,60.16897,24.95222,00000000aa852af1,21.87
174,2019-08-04T11:15:00Z,7d1cd84750a8d7bdf29c5676e1a6d90930808c81e1d8e6a750a7f17b,60.1538,24.95595,0000000038bf9618,41.64
175,2019-08-04T11:15:00Z,7d705fa00a13c5ec06b74a33e1ecabb150afcf04ab78ea6c623d9bd7,60.17918,24.95141,00000000675d5200,4.94
176,2019-08-04T11:15:00Z,7e28813cf3d5b42779cf26ed766240938842f10e847cfcab8dd65668,60.17065,24.93641,000000000f4919c9,7.69
177,2019-08-04T11:15:00Z,7e9e32e67c2f06d083d572af4ce730240cfdb5d1fe38850b0a75e772,60.16629,24.95957,00000000fb7600be,18.79
178,2019-08-04T11:15:00Z,7eefc5581c616491b78192b28b519ba727dc884a87bc06b8df1ea4f2,60.14699,24.922,00000000a53ed894,9.12
179,2019-08-04T11:15:00Z,82cddd3b9f58762d36efe78da4e2722ee587cfdb3fdbc58b52673082,60.16629,24.95957,00000000fb7600be,11.7
180,2019-08-04T11:15:00Z,830b30579029e60100b21741a9714012574776284e4fd859c0d8d3dd,60.16762,24.95415,000000006b44cce7,16.1
181,2019-08-04T11:15:00Z,841cb6868dca649aea3df6587436711c6b9216de4c4b68b3dc8a169d,60.17918,24.95141,00000000675d5200,18.79
182,2019-08-04T11:15:00Z,844b8ad6ebf530978d1139d527a681991f4d3eed6be5bc723f0b2192,60.16531,24.9442,00000000fdda10fe,1.54
183,2019-08-04T11:15:00Z,86fc239c63744fae6ee98a540afe8d214a6907ed83104ef6b76dc096,60.16762,24.95415,000000006b44cce7,3.09
184,2019-08-04T11:15:00Z,871b84e7da8db0119b6aec48258675722f4ae55dc0d94d1db56e47a6,60.16762,24.95415,000000006b44cce7,6.46
185,2019-08-04T11:15:00Z,8856f7aeff46b13e24e030351b5422834e38e31df4ed0a62cfed6bf2,60.16829,24.94214,00000000afef4555,14.89
186,2019-08-04T11:15:00Z,89810aff87e854ea857d3e9b1c5c77b9fbed02a00806dca7f281bc32,60.14699,24.922,00000000a53ed894,18.79
187,2019-08-04T11:15:00Z,89acd9d3306ca8191959bb9927ba5a85878808d2196a5355c7ebeae6,60.1538,24.95595,0000000038bf9618,17.4
188,2019-08-04T11:15:00Z,89df1daad350e46d526e113019214d2e1a19d8f48da761bb3583399b,60.16762,24.95415,000000006b44cce7,13.75
189,2019-08-04T11:15:00Z,8a7f5012c000c420f0a336a3988c72cf2b373818f4f3f369e994d8e4,60.16829,24.94214,00000000afef4555,21.87
190,2019-08-04T11:15:00Z,8c5591552d72c7fe90e4ec1269d6f2ed5281c44b8c7a6aa19ee1de6c,60.16075,24.95883,00000000f1124bca,10.78
191,2019-08-04T11:15:00Z,8ceb39d520c4c6afed02717ae1d4106a2798a76ef646e708d7568ed5,60.16897,24.95222,00000000aa852af1,17.4
192,2019-08-04T11:15:00Z,8cf66a9a202397367a23ea0da5d611e1a20cfacfadc46e09677fb502,60.17002,24.94407,000000006b087f40,20.28
193,2019-08-04T11:15:00Z,8f3d9ab893ae4a48fd3417f3a749c21e792779990ae0ad75a8f211de,60.1538,24.95595,0000000038bf9618,27.28
194,2019-08-04T11:15:00Z,8fb67e662a185b9e45646e1b6da691119969e3551c41e5aa2e4dccfb,60.16897,24.95222,00000000aa852af1,23.56
195,2019-08-04T11:15:00Z,8fb8a8e35dce43ba0af0492e8029b1599a705d58a607c6bc3e716e91,60.17065,24.93641,000000000f4919c9,17.4
196,2019-08-04T11:15:00Z,90d37d4316242ded80a015610683d513796d70b5e6ecbd13192d3636,60.14951,24.92138,0000000006dd41f6,21.87
197,2019-08-04T11:15:00Z,91602a694bc74a2874ba7f02a7bae062a3a77cd869b86a74800415b8,60.17918,24.95141,00000000675d5200,18.79
198,2019-08-04T11:15:00Z,92dd8256d8c8a98e4b88fc2609cc3bb3c90bb731beb6c450270aec10,60.16762,24.95415,000000006b44cce7,7.05
199,2019-08-04T11:15:00Z,92df20d921f76c63470e3f5afbe201d3ae15f5133f66c291db796082,60.16629,24.95957,00000000fb7600be,27.28
200,2019-08-04T11:15:00Z,943d2bbd5c3272d276925fc8a886f59224e72eb3a6b51c95117322bf,60.16829,24.94214,00000000afef4555,13.75
201,2019-08-04T11:15:00Z,97490f522f1a0226c8f7e8ed7bca08dd71b63d80b46d38020127b868,60.14699,24.922,00000000a53ed894,9.12
202,2019-08-04T11:15:00Z,9864a47d1da826a08ea72a27e51e7ac20df72633facf81c39d2a94c6,60.14699,24.922,00000000a53ed894,4.11
203,2019-08-04T11:15:00Z,998a30ee5f5ff6d2bc9ed04420591e525ded59ad66d09eefa240cc8e,60.16762,24.95415,000000006b44cce7,5.91
204,2019-08-04T11:15:00Z,998ac46ad73c197bab1f36dca67d8bcaa3aca92249185a5e3715043f,60.17065,24.93641,000000000f4919c9,4.5
205,2019-08-04T11:15:00Z,99fcf34525e49fe46a4e426e731b39bd1c706b30380f875f2cfaa9f0,60.16897,24.95222,00000000aa852af1,36.27
206,2019-08-04T11:15:00Z,9a1afcf80ae04455086d3eb23d690c287114c88d77f5db0fe564e675,60.17918,24.95141,00000000675d5200,1.88
207,2019-08-04T11:15:00Z,9b4b0705e58750d2bcbd71ad65d85677f7e77db5dfe69d1a70b5d31f,60.17918,24.95141,00000000675d5200,5.91
208,2019-08-04T11:15:00Z,9bef562c292174f1eb3933116effff74a8733a78e5c1df140de3fd6c,60.17919,24.95181,000000007b5207b6,21.87
209,2019-08-04T11:15:00Z,9c80b7fc8299151f4c44bdddbe73c21a2bf384da6bf0b86ccee3d854,60.16762,24.95415,000000006b44cce7,12.69
210,2019-08-04T11:15:00Z,9c91148a1a00413c8c7458487957f6a42e7e612205919c7fa6b9ccd7,60.16762,24.95415,000000006b44cce7,11.7
211,2019-08-04T11:15:00Z,9fce48a16f1a23d51269bf2382a37c00ad037a637f640a1931a5546b,60.16829,24.94214,00000000afef4555,13.75
212,2019-08-04T11:15:00Z,a25b897b52089b243421b68349d3f15e60ce8249d11c889a4626bfc7,60.18203,24.91341,00000000342570c2,16.1
213,2019-08-04T11:15:00Z,a2c52a50a1b33576fbd17761ec04bf1dfac80eb33bc4cdebefbef909,60.1638,24.96846,00000000d747f075,21.87
214,2019-08-04T11:15:00Z,a30c1aad1fa2876275a4c1e3bc611db5c16a230b85493aebad877ba0,60.17002,24.94407,000000006b087f40,7.69
215,2019-08-04T11:15:00Z,a412c1db4d856492d87faaaa5c18585caf76568cdb5ffc23618e842c,60.18203,24.91341,00000000342570c2,11.7
216,2019-08-04T11:15:00Z,a44eda7b8ec58e1cd7c078a73c4da7fb0037d59453aa6bfe69b7cbdd,60.16762,24.95415,000000006b44cce7,8.38
217,2019-08-04T11:15:00Z,a488d8700d0761c51d771677bb82a9a5bbb86e97e0d5835aeff65d2b,60.16629,24.95957,00000000fb7600be,11.7
218,2019-08-04T11:15:00Z,a51bdfa1f1e7a707557042f18c1c1a0bdec06d8d24457685683c19e4,60.14699,24.922,00000000a53ed894,7.69
219,2019-08-04T11:15:00Z,a5d632ac8ffc19a626de034d3c9444fd262ee6edada285c816ea9266,60.16531,24.9442,00000000fdda10fe,18.79
220,2019-08-04T11:15:00Z,a60429c8370f37bbf33f5dabb55e806346f4397f8bf5af5d5a73f450,60.16629,24.95957,00000000fb7600be,10.78
221,2019-08-04T11:15:00Z,a8872b35dabaec606db33f26fd2cb3821afb3cbe74f64ba247c4af11,60.17002,24.94407,000000006b087f40,23.56
222,2019-08-04T11:15:00Z,aa4547c0b6b8be30776e08d524ceeacfbc9930ad720e11fa4cb20882,60.16531,24.9442,00000000fdda10fe,1.12
223,2019-08-04T11:15:00Z,aa45859d6157e9e86470ec8b81957acc35bafb1b7f419d79357a38cf,60.16829,24.94214,00000000afef4555,12.69
224,2019-08-04T11:15:00Z,ac452e1fa70d3e0bceea91ab7164d58208cbdf5fad204a8f293ba6a7,60.1538,24.95595,0000000038bf9618,25.36
225,2019-08-04T11:15:00Z,ac475e1ae2da9a14c86f51f50fe252a098002e720e19f8f9ef7fdecc,60.17002,24.94407,000000006b087f40,21.87
226,2019-08-04T11:15:00Z,ac53b5bc50764921dce36cc4de06a771f4b1b7bd030ad2e5934efac2,60.16762,24.95415,000000006b44cce7,7.69
227,2019-08-04T11:15:00Z,acb3f63fe0879b2640a9d68a248a15f85777e30652945d7740bb95f4,60.16762,24.95415,000000006b44cce7,1.88
228,2019-08-04T11:15:00Z,ad2b097ae8db82bb9dafa39150a5009360303f7fb6cc04ce046ea1d2,60.16762,24.95415,000000006b44cce7,13.75
229,2019-08-04T11:15:00Z,ae3cda5066e455d4b1e58860e8fb7a35efad69b9964a676b476b0687,60.14951,24.92138,0000000006dd41f6,17.4
230,2019-08-04T11:15:00Z,af67d25c81cc8237b816b385840065bdf94c2dd60b8e892b6ed2b265,60.14947,24.91438,000000004ef3150d,29.32
231,2019-08-04T11:15:00Z,b13bc1d177c1a075f0715f7862ae770581aa647b27714ae144a09a3d,60.16829,24.94214,00000000afef4555,29.32
232,2019-08-04T11:15:00Z,b1c46b35a1667ba263868d803743275be782738cc3703e39ad165aa7,60.14699,24.922,00000000a53ed894,20.28
233,2019-08-04T11:15:00Z,b3266ecf36a984b814e1b2d31b447438bd948a9c116721480104792f,60.16829,24.94214,00000000afef4555,21.87
234,2019-08-04T11:15:00Z,b3a5fe4e8a701605284fcfc69eed9a739a9c9b632e16758c5665bbd1,60.16829,24.94214,00000000afef4555,16.1
235,2019-08-04T11:15:00Z,b4c8900041e9f8751755d3940ceac58419e6370cd81cdb90d7800de1,60.14699,24.922,00000000a53ed894,25.36
236,2019-08-04T11:15:00Z,b574d696b356f452b20ac3d81d2907e6873de4fcfa0c869c3e5bbd96,60.16762,24.95415,000000006b44cce7,2.8
237,2019-08-04T11:15:00Z,b61c6a5634cffe7dead72d5f6730e8439bee6dd2286d9df8f3052e3c,60.16762,24.95415,000000006b44cce7,4.94
238,2019-08-04T11:15:00Z,b76c52706e1ff4881642dd4b24e46cad364d04fd36f901ce7dc66d8f,60.16762,24.95415,000000006b44cce7,13.75
239,2019-08-04T11:15:00Z,b8328ca2891895e211e908502566eed5e9e025ea4bf3b5eeb2032e33,60.16829,24.94214,00000000afef4555,10.78
240,2019-08-04T11:15:00Z,b8f8aa1644c54b47d52d3a8a51be476583f88f3fa5036a324c8ff9a5,60.14699,24.922,00000000a53ed894,20.28
241,2019-08-04T11:15:00Z,b95bd055a5c876dfc9b2d5ea0ea648d4de4307210afa74ad0614c547,60.16075,24.95883,00000000f1124bca,4.94
242,2019-08-04T11:15:00Z,bb2db917ab132ffb3de316e2ffba18fcaf5d537720ab3e0ef7fa2387,60.16762,24.95415,000000006b44cce7,10.78
243,2019-08-04T11:15:00Z,bb3660c200e7e992f7fcbe31003e03b342a26ab05ab281f9d4db72a9,60.16762,24.95415,000000006b44cce7,7.69
244,2019-08-04T11:15:00Z,bbd0dacd6367c474085122a7deea3a43b7c850b536774586a1a57861,60.17002,24.94407,000000006b087f40,31.5
245,2019-08-04T11:15:00Z,bbd86ed1978fae12e566122ae986fcd622309973eaf8ebcd7768f79e,60.16762,24.95415,000000006b44cce7,3.74
246,2019-08-04T11:15:00Z,bbffc530ace87292f71f43ac53cc50f7c14b8316ba93a168d190fe5a,60.16762,24.95415,000000006b44cce7,2.8
247,2019-08-04T11:15:00Z,bc07df8cc395f6f4f5d483b2233caca5f93a6918f346e4cc3702f8cc,60.16531,24.9442,00000000fdda10fe,25.36
248,2019-08-04T11:15:00Z,bc8949a1d80f785d7de9b8cd8c73631a056f7d96fc9ff600dac5913e,60.16829,24.94214,00000000afef4555,20.28
249,2019-08-04T11:15:00Z,bd315b6960d6a312eb4a1ff401657024285910b43703a9d5854543e3,60.14947,24.91438,000000004ef3150d,9.12
250,2019-08-04T11:15:00Z,bdfbe75a6b170e6d3a6ce10694595cf2680cb1ae189dabc447fccb46,60.16897,24.95222,00000000aa852af1,6.46
251,2019-08-04T11:15:00Z,bf25c01d361aa997cece4ac4a6de7bd29aca1be0e9307ac3126a6ed4,60.14699,24.922,00000000a53ed894,7.05
252,2019-08-04T11:15:00Z,bf94fbc3726ae4ee09fdd6f2a21475a80c17bc6681201612ef1cd13d,60.17002,24.94407,000000006b087f40,16.1
253,2019-08-04T11:15:00Z,c012e9e2caf1002d24e53817bb1279becdfc4aa9dba085e93ddd88e9,60.17002,24.94407,000000006b087f40,21.87
254,2019-08-04T11:15:00Z,c0a0ca3433586ed2ae0e448f2406fabac7292ac79d49562e0bd5cef8,60.16762,24.95415,000000006b44cce7,12.69
255,2019-08-04T11:15:00Z,c15d595510bf19a72942673480f6f5d04a24c23e5e84e3329cedb33b,60.16531,24.9442,00000000fdda10fe,29.32
256,2019-08-04T11:15:00Z,c239e27b985c23449b6aa84b78560b1b4e535975f3ba059d7987efe4,60.16762,24.95415,000000006b44cce7,6.46
257,2019-08-04T11:15:00Z,c2bbe672e3d2e66e31ec7fab0a97b886f90480e42194f1cbfb105b34,60.16762,24.95415,000000006b44cce7,14.89
258,2019-08-04T11:15:00Z,c2cc33e5b1b8d254d4bcbc0ffa13c9200676a39a191cc31a38d28d8d,60.17065,24.93641,000000000f4919c9,23.56
259,2019-08-04T11:15:00Z,c3d1fd163062880acf41d6fcd8c4a4f067fb17705701d67766a571a7,60.16829,24.94214,00000000afef4555,8.38
260,2019-08-04T11:15:00Z,c6b252ab659e97962d72a4aea13aea99ac7dbfb7e4e87ec77e9a4db6,60.16629,24.95957,00000000fb7600be,21.87
261,2019-08-04T11:15:00Z,c6c3f59768e35adbd31df80689e4f4b137db64056afda7e2eaa6219a,60.16762,24.95415,000000006b44cce7,7.69
262,2019-08-04T11:15:00Z,c7a039976c289eb1e34c3008b1df020d1a4be69f84439ffd29ea75b1,60.18203,24.91341,00000000342570c2,29.32
263,2019-08-04T11:15:00Z,c8348938d0ebafd342c966ca86c2bbd8e8e661471ae04ba49b5516d8,60.16762,24.95415,000000006b44cce7,7.05
264,2019-08-04T11:15:00Z,c936ffb38c9d3ddaca4504e785c5df67b1bf807382bcef4e5780834e,60.16762,24.95415,000000006b44cce7,8.38
265,2019-08-04T11:15:00Z,c9a51e71b23c30b6873ddae988c2139861eb011cedb61e9c65c76f01,60.149,24.9843,00000000fffb8cf0,14.89
266,2019-08-04T11:15:00Z,cc340a72fcf24c251ac85e041e787cac958e396ae500c3acf4022721,60.16829,24.94214,00000000afef4555,27.28
267,2019-08-04T11:15:00Z,cc88c150123e6d03c6c7e9c9be15d36b3d5cfc8f27aba474a457f2ce,60.16762,24.95415,000000006b44cce7,10.78
268,2019-08-04T11:15:00Z,cca6f9d863291c2a3151552b8490ef0f466e37ad30e961381c5571c5,60.16762,24.95415,000000006b44cce7,23.56
269,2019-08-04T11:15:00Z,cd19c5e28b754a3d0c1de3c254676b401b23cd98318b1e3fc10d8275,60.16897,24.95222,00000000aa852af1,23.56
270,2019-08-04T11:15:00Z,cff666e5138aca03cfb48430475ac9e570c85afcb0c72fc6cd660aa0,60.16762,24.95415,000000006b44cce7,14.89
271,2019-08-04T11:15:00Z,d029cbe41ab4aa825c8b53d907d38a80090ec9803efa037972cd251b,60.1638,24.96846,00000000d747f075,20.28
272,2019-08-04T11:15:00Z,d0370a728404b8bfb98a62dc896d3e1f7d666cc618a86396520a4b06,60.149,24.9843,00000000fffb8cf0,21.87
273,2019-08-04T11:15:00Z,d0bb294e434cf3d7a5fd391e049fb5412e08b24594a614893480b5f9,60.16629,24.95957,00000000fb7600be,11.7
274,2019-08-04T11:15:00Z,d1176fd212980c56ca02deaa7fdebf5934d7ac879aee0f295d60919b,60.173,24.92524,0000000096918cfa,20.28
275,2019-08-04T11:15:00Z,d162ad46250f7d87af446db22df4aa6b2eb2bf22f83beca34e857743,60.16762,24.95415,000000006b44cce7,8.38
276,2019-08-04T11:15:00Z,d3c7c3560faa345d4f261417aaaacca2e3b5dd33784727e0b80bd582,60.16762,24.95415,000000006b44cce7,11.7
277,2019-08-04T11:15:00Z,d43c4519d4b15478765118b80656fd6293bc13b532de6965a4b3b0ce,60.16829,24.94214,00000000afef4555,16.1
278,2019-08-04T11:15:00Z,d4c9ea46d58288bf42808788e668072465d91dd3c874a8a51de5794e,60.16897,24.95222,00000000aa852af1,14.89
279,2019-08-04T11:15:00Z,d71a315bac918f9a18fcd820731e6d9eb54fb0d01c324ca088ef8858,60.149,24.9843,00000000fffb8cf0,41.64
280,2019-08-04T11:15:00Z,d83c1c2d3a3876c948e277bace6d013eafc0c4e118958e138f8b1257,60.16448,24.97323,0000000053c6c2be,21.87
281,2019-08-04T11:15:00Z,d8af6fdcad1835beca8a2bece3f93d61b02cf122e4e92c7caaae986d,60.16762,24.95415,000000006b44cce7,6.46
282,2019-08-04T11:15:00Z,d8b9ce0ac7f6d9686dca0e6d8e4fcf5da874bad8d4d882ea2146713e,60.16829,24.94214,00000000afef4555,9.92
283,2019-08-04T11:15:00Z,da77b9133a03622b7f486f939586a1106e0bf001c0946689ea8bbd24,60.17065,24.93641,000000000f4919c9,25.36
284,2019-08-04T11:15:00Z,dab7015659d0cd7c18f681d6089a503f9c418ae9b1dc9077084a6bcb,60.16762,24.95415,000000006b44cce7,5.91
285,2019-08-04T11:15:00Z,dabb7edec36f560d07547c2595765be02b0731b3826f93f5c41b7120,60.16544,24.95398,0000000038d83d41,25.36
286,2019-08-04T11:15:00Z,db45583e1f7aaaf54e100214986dfc86aa755383e86d361639a5b19b,60.16762,24.95415,000000006b44cce7,7.69
287,2019-08-04T11:15:00Z,db4c5168049a86d1bcea9557b363b32fd98b70bd2dd6d51876440d6f,60.16829,24.94214,00000000afef4555,9.92
288,2019-08-04T11:15:00Z,dc3c8c084807172f5442b6d2fe9130470b6591816c5a6d87b4232134,60.16829,24.94214,00000000afef4555,12.69
289,2019-08-04T11:15:00Z,dc503bc5461e5a515199368378c17fc0088b08c896746d099aa66b7e,60.149,24.9843,00000000fffb8cf0,16.1
290,2019-08-04T11:15:00Z,dc816e92e4a2eceea03f41fc379fda0e3d57b5d0fbd9a06430432022,60.16762,24.95415,000000006b44cce7,4.94
291,2019-08-04T11:15:00Z,dcb8f3c3c5136c4abc8757fcb34fedc553ea044b0928f945d89334d5,60.16762,24.95415,000000006b44cce7,10.78
292,2019-08-04T11:15:00Z,de778808bee172e748248741cc9d807e5285640e184d6bfc55d5b5b2,60.17918,24.95141,00000000675d5200,31.5
293,2019-08-04T11:15:00Z,dfa5d351c0aa643a9fdf6f7adfbee766bbd67f5bcd5ca297ed0bed79,60.16829,24.94214,00000000afef4555,2.3
294,2019-08-04T11:15:00Z,e081e4b3252ca91bbf1cbb70faa116d60317fbf3a991a67bc99b4bfa,60.149,24.9843,00000000fffb8cf0,13.75
295,2019-08-04T11:15:00Z,e22ba8aa7298a883ec3eb5df04e5e56695cededffee730dbbaa369a3,60.16897,24.95222,00000000aa852af1,27.28
296,2019-08-04T11:15:00Z,e305610124e16ed1411a221b29ce69a076cc47982efd6c098b0599ab,60.14947,24.91438,000000004ef3150d,14.89
297,2019-08-04T11:15:00Z,e32457efc0c5a8d28ef71db0d192841d49d40f449b5d7c0defb76e7c,60.16897,24.95222,00000000aa852af1,23.56
298,2019-08-04T11:15:00Z,e3c514fa5f30d2ef8824402381f22243ea831b44a02e60cb52e555e4,60.17918,24.95141,00000000675d5200,5.41
299,2019-08-04T11:15:00Z,e44d7228cecbdb2474e1cc396a6c13943f09c08c19d0ffab1997d509,60.17919,24.95181,000000007b5207b6,9.92
300,2019-08-04T11:15:00Z,e4a94080ed94b727f327cb3e8f491b8ec4df65c6540eda35bdb83582,60.16762,24.95415,000000006b44cce7,6.46
301,2019-08-04T11:15:00Z,e53a901aed874016e1cd1ed3e9b2891fca850986cb2fa04f5162cf52,60.16762,24.95415,000000006b44cce7,3.09
302,2019-08-04T11:15:00Z,e557e164cd52fd817b02cad6587a294d72b0974d9b014ad69ea5e08e,60.17918,24.95141,00000000675d5200,2.54
303,2019-08-04T11:15:00Z,e675f053b5e39f622f919daf44b8b27ec63646d34ce88f291a97158f,60.16762,24.95415,000000006b44cce7,21.87
304,2019-08-04T11:15:00Z,e8530b87d248fb9f6f44200a9b5634e7517e8d6d835e921280db51fb,60.16897,24.95222,00000000aa852af1,29.32
305,2019-08-04T11:15:00Z,e90feaaac74ccbc388ba469a3d64fc96ef1be6f5ef6a2de33046f2da,60.16829,24.94214,00000000afef4555,9.12
306,2019-08-04T11:15:00Z,e9212d0ead454f8053a296a5168652d45ad486e6d0fd4c9cfc57dded,60.149,24.9843,00000000fffb8cf0,23.56
307,2019-08-04T11:15:00Z,ea1ec7bc409f8e40f3ab304e41bdbf339378d1a8437c38ae00684767,60.16531,24.9442,00000000fdda10fe,23.56
308,2019-08-04T11:15:00Z,eb261026c6f65b651ddf21bed629a1e164cfb500d0b78062704ec15c,60.16762,24.95415,000000006b44cce7,2.8
309,2019-08-04T11:15:00Z,eb3dde73e84f5016b5545e9fa2e08d04257ebe448619783f90edcd23,60.16762,24.95415,000000006b44cce7,11.7
310,2019-08-04T11:15:00Z,ec485175d2b7a2c53d03bf546aee134c116d998976601b069570c6f9,60.14699,24.922,00000000a53ed894,13.75
311,2019-08-04T11:15:00Z,ede84f027e2577209640b0dc015c5b74f0505c8e54de9a66492a47e3,60.16829,24.94214,00000000afef4555,20.28
312,2019-08-04T11:15:00Z,f02d9baf60b5bbead9c8ee4d423b393216a0777fd7b5c0500017beeb,60.16897,24.95222,00000000aa852af1,27.28
313,2019-08-04T11:15:00Z,f04251ace2b79d56bee25fce26175de1bea524d390dd5cdb6b2652a8,60.14699,24.922,00000000a53ed894,25.36
314,2019-08-04T11:15:00Z,f18044d5121de9a6aee20532d8b30324092688ee474def5d3e8fb80f,60.16762,24.95415,000000006b44cce7,13.75
315,2019-08-04T11:15:00Z,f1d44b9d3710849eba7eab0b6646053378aa5f8ee3491ec2522f3c44,60.14947,24.91438,000000004ef3150d,8.38
316,2019-08-04T11:15:00Z,f2e347e0d53450a0004eccf445a30914243ce8073b37344ff0732efe,60.17002,24.94407,000000006b087f40,25.36
317,2019-08-04T11:15:00Z,f411fce47438146ed049486f442a70cfc09b8260fd0277fda8855427,60.14947,24.91438,000000004ef3150d,20.28
318,2019-08-04T11:15:00Z,f42c49e76a710a2aa5bf58aa8654625ca2a454e5f47595ff7ebe8205,60.14947,24.91438,000000004ef3150d,23.56
319,2019-08-04T11:15:00Z,f4af80b7ff36d3b68e630189858606e1f074ffe43dc3fb77eec334af,60.17918,24.95141,00000000675d5200,5.41
320,2019-08-04T11:15:00Z,f594de3633add7f11d879bb851dcbcc1cd11c2e3db9a9c30b0219099,60.16829,24.94214,00000000afef4555,9.12
321,2019-08-04T11:15:00Z,f77d86d6fcfc6cc5ce50a14177a7100c8967fa5947fc13e3a198e345,60.16762,24.95415,000000006b44cce7,1.01
322,2019-08-04T11:15:00Z,f855918d61069661cbf8633b228a5fb9e5cd5ea7b2946bfc5b9fc315,60.16829,24.94214,00000000afef4555,12.69
323,2019-08-04T11:15:00Z,f976310450d18f86ce25129b7f63048e3981c250d3f7969e2c8be300,60.149,24.9843,00000000fffb8cf0,23.56
324,2019-08-04T11:15:00Z,fa1579394f4980e1fe11248f7be4e646b601a3d8cdb9361f182d066c,60.16762,24.95415,000000006b44cce7,7.05
325,2019-08-04T11:15:00Z,fa7594968b834a0d1060ee249e05338446068c7bcfc0800a6f73af06,60.14699,24.922,00000000a53ed894,12.69
326,2019-08-04T11:15:00Z,fa911010334c0260321adf676baf4d470f400d97eea1d09dec82f0b9,60.16897,24.95222,00000000aa852af1,17.4
327,2019-08-04T11:15:00Z,faee9c7cf21aa61809c94dd68268377841712fc4e488b094972b6a38,60.1538,24.95595,0000000038bf9618,29.32
