,time,hash,latitude,longitude,serial,distance
0,2019-08-01T02:06:00Z,144afc51fc2443c7031a2912566eff2ce60226a49d6d2bd7c2923700,60.16544,24.95398,0000000038d83d41,23.56
1,2019-08-01T02:06:00Z,14c7e1511b70f4dd3359cbece1377aebb4d70531f5489eefe53d7c3c,60.16544,24.95398,0000000038d83d41,20.28
2,2019-08-01T02:06:00Z,165ebbb4090d47319ae370f0d0854fdc1f6b79499f8b2e4d3c3533c0,60.16544,24.95398,0000000038d83d41,23.56
3,2019-08-01T02:06:00Z,2dd6ca2c889266702d554569764346cf583b74b0890b10e00ecd4f82,60.16544,24.95398,0000000038d83d41,21.87
4,2019-08-01T02:06:00Z,351f44e773650f6c4a68cd25c338d2bf5d9a1b20942961befe3b3f11,60.16448,24.97323,0000000053c6c2be,14.89
5,2019-08-01T02:06:00Z,384b4d96a26aae32d2af0c0f637cb59cc8470a36445623930229d524,60.16897,24.95222,00000000aa852af1,23.56
6,2019-08-01T02:06:00Z,43b676ed3aef4c2d8846694817e76117873be52e7f788e0cb366c1c4,60.16629,24.95957,00000000fb7600be,25.36
7,2019-08-01T02:06:00Z,4abec48b53c4d82dc781a50af0676249c9d08be31b608a3f378109a6,60.1538,24.95595,0000000038bf9618,41.64
8,2019-08-01T02:06:00Z,5bbb5184fded3e51bc78e45e39917794285e6bbc72da404802a9599a,60.16531,24.9442,00000000fdda10fe,21.87
9,2019-08-01T02:06:00Z,5d65719c4cbf045f068d084b72302f447d5fd034413d97d13be00d0e,60.18203,24.91341,00000000342570c2,21.87
10,2019-08-01T02:06:00Z,5eed115a984d490b02b602d73787aee8dc8c4e9365b77fbff3818a76,60.16629,24.95957,00000000fb7600be,23.56
11,2019-08-01T02:06:00Z,6a657079c1bdc8114c289be1ddd83e5846d4279a920d1697b8ff0033,60.18203,24.91341,00000000342570c2,18.79
12,2019-08-01T02:06:00Z,6ff437688c444238352c28f64f9d2a7d0f14d19c9ea42c225380501e,60.16762,24.95415,000000006b44cce7,20.28
13,2019-08-01T02:06:00Z,747f2d1ebff218c0ebbdc0fdaef4cbe56633dfb46ae1b1f8c8142201,60.16762,24.95415,000000006b44cce7,10.78
14,2019-08-01T02:06:00Z,79f136afa0dd8717337c01c70b457c464aaf0fa25b440f51a394ec23,60.16762,24.95415,000000006b44cce7,20.28
15,2019-08-01T02:06:00Z,84fdfd8881f633c5f0c71c1480053953ca4b05e848052d97c063ad38,60.1538,24.95595,0000000038bf9618,21.87
16,2019-08-01T02:06:00Z,85a8fb8d0cbfa20676973f921a9b58a8c6391d63ad631d4db18156e9,60.16762,24.95415,000000006b44cce7,23.56
17,2019-08-01T02:06:00Z,87dfaad29a9276ddddb1fa021d3bc23ad14824c1af16f7d87e713689,60.14951,24.92138,0000000006dd41f6,9.92
18,2019-08-01T02:06:00Z,8c75c3289c84fe4493e1e272a77b615fe1985880c5dc68a7c1a17b53,60.16762,24.95415,000000006b44cce7,13.75
19,2019-08-01T02:06:00Z,8cc6ddaa460aeae8cc9e8a33f91a01c8cd4c0c8bf8a943210a28c84d,60.1538,24.95595,0000000038bf9618,20.28
20,2019-08-01T02:06:00Z,8ffeb52bff155eab19ca329d16be495cd44a08aa7f79b94db079caf9,60.15432,24.9211,0000000019fb59c4,31.5
21,2019-08-01T02:06:00Z,9843c6216661048343a0e49cf3d8aa2883cf77f452666a1c873a1052,60.16448,24.97323,0000000053c6c2be,18.79
22,2019-08-01T02:06:00Z,9d5da91dad893b62eea6f22a7092dd0552c6d3bf33f4c6110326b208,60.16897,24.95222,00000000aa852af1,27.28
23,2019-08-01T02:06:00Z,a08cae03363d2e483a6ea717973088f4bd4276de96a9d438a7358ff4,60.16897,24.95222,00000000aa852af1,27.28
24,2019-08-01T02:06:00Z,a7bf60f4cfe8359d12d5bb7d69ea9850630a9c969a346f04a0ce1968,60.15432,24.9211,0000000019fb59c4,29.32
25,2019-08-01T02:06:00Z,a91d379a4b57c5df22db0d7a041ff69f657b4b31f28554b1011fc03c,60.16544,24.95398,0000000038d83d41,25.36
26,2019-08-01T02:06:00Z,a9da1ee82e3b670e276c26b483dd50f4a6d0c6f77ef82245d3ae6086,60.18203,24.91341,00000000342570c2,17.4
27,2019-08-01T02:06:00Z,b1f358076ba79ef902a36ca8ae3f8ec7c93308a67c479345bfdbdecf,60.1538,24.95595,0000000038bf9618,29.32
28,2019-08-01T02:06:00Z,b33ae7715d6d2571066655c2c8954a5a364b5601869047de83410d9f,60.16629,24.95957,00000000fb7600be,23.56
29,2019-08-01T02:06:00Z,b5fd6b317890e5ab2d79e2cd1abe61626d45a753c7337d0d40728898,60.16762,24.95415,000000006b44cce7,12.69
30,2019-08-01T02:06:00Z,ba42c72ea7c2663b3ea5044faf12173ab18e523dc35de0e24bf374ac,60.16544,24.95398,0000000038d83d41,23.56
31,2019-08-01T02:06:00Z,ce783d3c1b06378e5c39c25687746a6f88fbb0ff2b36e3405fb61cf8,60.16762,24.95415,000000006b44cce7,17.4
32,2019-08-01T02:06:00Z,cf05623e4d87ce0906c0b0b7dbf53aacc1228016cd27c341228b6e76,60.18203,24.91341,00000000342570c2,20.28
33,2019-08-01T02:06:00Z,d127ead865385b64ae537a703a26be15fae4b5332ce0fbf03d5e0c23,60.1538,24.95595,0000000038bf9618,33.81
34,2019-08-01T02:06:00Z,ec72ef080c605e71978aed0d3b5f22c3c3133677a43c614b72eedc6d,60.14699,24.922,00000000a53ed894,16.1
35,2019-08-01T02:06:00Z,efd1806e1eee5eca948bc2537df8d816e2cce41009b41189c350ce74,60.16531,24.9442,00000000fdda10fe,27.28
36,2019-08-01T02:06:00Z,f088630d7476dae7d4b7e2bb1f10575f2c89acb4b6e061f3d57c2b40,60.16531,24.9442,00000000fdda10fe,18.79
37,2019-08-01T02:06:00Z,f6609ab1076b1105bb845595a03b41b8fbb282f79c337df5bbc9f841,60.16629,24.95957,00000000fb7600be,17.4
38,2019-08-01T02:06:00Z,f99c5dd8cc08bd2353083d875ce8bc585fb2c2ff8427b90d92f571de,60.1538,24.95595,0000000038bf9618,29.32
39,2019-08-01T02:06:00Z,fc4f3a44235f1cfc7b53f14ba2da599976a5a0a220d23b852688e485,60.17919,24.95181,000000007b5207b6,10.78
40,2019-08-01T02:06:00Z,0d2e3e523cb0378798ea370ece42124e91568a28261cf6ee2c00cad9,60.16531,24.9442,00000000fdda10fe,29.32
41,2019-08-01T02:06:00Z,13e4206d38eafb32822df97189167727a93c3fc19b187987f9af2d8a,60.14699,24.922,00000000a53ed894,23.56
42,2019-08-01T02:06:00Z,1508f6c9c92008a7758356d1649d21bc9f9ad9c7546aec2361507619,60.17002,24.94407,000000006b087f40,33.81
43,2019-08-01T02:06:00Z,1ecbc7c6afe89033252e5510cbb893666af2b3bc29f555a3a6287fdb,60.14951,24.92138,0000000006dd41f6,3.4
44,2019-08-01T02:06:00Z,2ab97eb72424d3a245ddd77691854f564f939b5bacf84648d4211da2,60.16762,24.95415,000000006b44cce7,7.69
45,2019-08-01T02:06:00Z,3c37f9009ada930dfe63c124094a2ef96cafacbcf264e464686c5dc8,60.16629,24.95957,00000000fb7600be,13.75
46,2019-08-01T02:06:00Z,42844e90c7134ebb3ec325f57cd27cd24711c779548ebc8692a820d5,60.14951,24.92138,0000000006dd41f6,4.94
47,2019-08-01T02:06:00Z,45ad2a8a093d436fd63a26394f6a2da7ec3e26ec1574ef7119ee55d4,60.17002,24.94407,000000006b087f40,33.81
48,2019-08-01T02:06:00Z,478830e26b1b9314c3f35b4ca62aba9828872733abbc7f32b78daac3,60.16531,24.9442,00000000fdda10fe,29.32
49,2019-08-01T02:06:00Z,4841c98e346836d829c602149d720069670f8ed6748a0cb8c112c9d4,60.16531,24.9442,00000000fdda10fe,11.7
50,2019-08-01T02:06:00Z,505898587a2aeb6f9ce0b104258b59bac105074bf1d0cc4af76124c4,60.16544,24.95398,0000000038d83d41,18.79
51,2019-08-01T02:06:00Z,57b30ae72e460cb12c1d3ce68e51af40d17739c2ee6cf9847f3cdf8f,60.14947,24.91438,000000004ef3150d,7.05
52,2019-08-01T02:06:00Z,5f85120de1ced9172a3a1fdc8d4eb84e93b2d2e7fea82aa9810b5f04,60.16448,24.97323,0000000053c6c2be,21.87
53,2019-08-01T02:06:00Z,643e4cdf7a3a7aa20cd88a12ecd369619877072c658fa30a1ab9cf61,60.16629,24.95957,00000000fb7600be,18.79
54,2019-08-01T02:06:00Z,671f9d77c767acb9f9d791833688903089ee1152c5884dd3dc1279ae,60.16531,24.9442,00000000fdda10fe,8.38
55,2019-08-01T02:06:00Z,6816d8a81aa5826ec235ec386a6ca6ae26a5be06a80210c78977f677,60.17002,24.94407,000000006b087f40,25.36
56,2019-08-01T02:06:00Z,68f7855395b90b5c950122c0a7c339c60a027f614098c0384b94cb3a,60.17919,24.95181,000000007b5207b6,25.36
57,2019-08-01T02:06:00Z,6dc879799b37afd32039de04ff13afb46a4108bb836c571bb82a34a7,60.17918,24.95141,00000000675d5200,20.28
58,2019-08-01T02:06:00Z,701ebe2f0c93e3d2d5f4c1b9f737199afb3f37f9b49809649903d665,60.16762,24.95415,000000006b44cce7,9.12
59,2019-08-01T02:06:00Z,74cb545f76f0bfc5498607247e26e814276a11ce91f77208054ecbc5,60.17002,24.94407,000000006b087f40,20.28
60,2019-08-01T02:06:00Z,8b2b96529d76994286079867228e8d38c43855d520b627c2c965e8d2,60.16762,24.95415,000000006b44cce7,13.75
61,2019-08-01T02:06:00Z,99a026b5100e23129fa529e9a57a3dbc8490dc03b58f2193f03e2dcf,60.14951,24.92138,0000000006dd41f6,7.05
62,2019-08-01T02:06:00Z,a11c8ada58e5b9662b1b54ae81993c65917531bc567b546057a41cea,60.16762,24.95415,000000006b44cce7,29.32
63,2019-08-01T02:06:00Z,a86c102f289409f6efef56c9b116b4ad52d8e2d7b7ab23a6df2a0675,60.16762,24.95415,000000006b44cce7,7.05
64,2019-08-01T02:06:00Z,a8c7d85d397619b4a91c2655e8e50b1cfcbf2771d71b62b4681a20c8,60.16448,24.97323,0000000053c6c2be,23.56
65,2019-08-01T02:06:00Z,b80652917702b9a4d520f2690ce2e1f579aa0b9a62d7e8d2ac56bdf1,60.16762,24.95415,000000006b44cce7,5.91
66,2019-08-01T02:06:00Z,bee526950bbee6d3016e55b8c1e97c377cce98e61098449f836f04dd,60.14947,24.91438,000000004ef3150d,17.4
67,2019-08-01T02:06:00Z,c9ce14e0dbf0cf3c24f6a92a1930fa32de9a1de0ffe63082ccddb0d6,60.16448,24.97323,0000000053c6c2be,41.64
68,2019-08-01T02:06:00Z,f7adfec0f2afb4311798f5b8f7bbd5abbf68d0b2795e24c9ea584fbf,60.16762,24.95415,000000006b44cce7,9.92
69,2019-08-01T02:06:00Z,febd281417fc5892a4a707eab57c541684a3fe684d687f5c097babee,60.17002,24.94407,000000006b087f40,23.56
70,2019-08-01T02:06:01Z,144afc51fc2443c7031a2912566eff2ce60226a49d6d2bd7c2923700,60.16544,24.95398,0000000038d83d41,33.81
71,2019-08-01T02:06:01Z,14c7e1511b70f4dd3359cbece1377aebb4d70531f5489eefe53d7c3c,60.16544,24.95398,0000000038d83d41,27.28
72,2019-08-01T02:06:01Z,165ebbb4090d47319ae370f0d0854fdc1f6b79499f8b2e4d3c3533c0,60.16544,24.95398,0000000038d83d41,29.32
73,2019-08-01T02:06:01Z,17b28910b6cbc057680693633275c4ca53938281bc38178f96c44947,60.17002,24.94407,000000006b087f40,36.27
74,2019-08-01T02:06:01Z,2dd6ca2c889266702d554569764346cf583b74b0890b10e00ecd4f82,60.16544,24.95398,0000000038d83d41,21.87
75,2019-08-01T02:06:01Z,351f44e773650f6c4a68cd25c338d2bf5d9a1b20942961befe3b3f11,60.16448,24.97323,0000000053c6c2be,14.89
76,2019-08-01T02:06:01Z,384b4d96a26aae32d2af0c0f637cb59cc8470a36445623930229d524,60.16897,24.95222,00000000aa852af1,31.5
77,2019-08-01T02:06:01Z,43b676ed3aef4c2d8846694817e76117873be52e7f788e0cb366c1c4,60.16629,24.95957,00000000fb7600be,27.28
78,2019-08-01T02:06:01Z,4abec48b53c4d82dc781a50af0676249c9d08be31b608a3f378109a6,60.1538,24.95595,0000000038bf9618,33.81
79,2019-08-01T02:06:01Z,5bbb5184fded3e51bc78e45e39917794285e6bbc72da404802a9599a,60.16531,24.9442,00000000fdda10fe,31.5
80,2019-08-01T02:06:01Z,5d65719c4cbf045f068d084b72302f447d5fd034413d97d13be00d0e,60.18203,24.91341,00000000342570c2,18.79
81,2019-08-01T02:06:01Z,6066632ddc94b5c482a2d4f45ed2532e55e3fd63e414a084a596a737,60.16762,24.95415,000000006b44cce7,17.4
82,2019-08-01T02:06:01Z,6a657079c1bdc8114c289be1ddd83e5846d4279a920d1697b8ff0033,60.18203,24.91341,00000000342570c2,23.56
83,2019-08-01T02:06:01Z,6d22b751ff5173035dc85c52c3dff0780126adae67fe33dc62dd45ef,60.16531,24.9442,00000000fdda10fe,18.79
84,2019-08-01T02:06:01Z,6ff437688c444238352c28f64f9d2a7d0f14d19c9ea42c225380501e,60.16762,24.95415,000000006b44cce7,21.87
85,2019-08-01T02:06:01Z,747f2d1ebff218c0ebbdc0fdaef4cbe56633dfb46ae1b1f8c8142201,60.16762,24.95415,000000006b44cce7,11.7
86,2019-08-01T02:06:01Z,79f136afa0dd8717337c01c70b457c464aaf0fa25b440f51a394ec23,60.16762,24.95415,000000006b44cce7,20.28
87,2019-08-01T02:06:01Z,7a3db40d91e137d1381ac690a78039878e0baa317ed9a7cd6882df27,60.16762,24.95415,000000006b44cce7,23.56
88,2019-08-01T02:06:01Z,7c8f26bc5798cd7c96354a307abd0150b5f502868a2ab99c93467091,60.16629,24.95957,00000000fb7600be,33.81
89,2019-08-01T02:06:01Z,84fdfd8881f633c5f0c71c1480053953ca4b05e848052d97c063ad38,60.1538,24.95595,0000000038bf9618,29.32
90,2019-08-01T02:06:01Z,87dfaad29a9276ddddb1fa021d3bc23ad14824c1af16f7d87e713689,60.14951,24.92138,0000000006dd41f6,9.12
91,2019-08-01T02:06:01Z,8c75c3289c84fe4493e1e272a77b615fe1985880c5dc68a7c1a17b53,60.16762,24.95415,000000006b44cce7,10.78
92,2019-08-01T02:06:01Z,8cc6ddaa460aeae8cc9e8a33f91a01c8cd4c0c8bf8a943210a28c84d,60.1538,24.95595,0000000038bf9618,21.87
93,2019-08-01T02:06:01Z,8ffeb52bff155eab19ca329d16be495cd44a08aa7f79b94db079caf9,60.15432,24.9211,0000000019fb59c4,33.81
94,2019-08-01T02:06:01Z,91d3b80de4439a4a49ddb8a04d72a0a2ec6c08f351d70232842af567,60.16762,24.95415,000000006b44cce7,21.87
95,2019-08-01T02:06:01Z,9843c6216661048343a0e49cf3d8aa2883cf77f452666a1c873a1052,60.16448,24.97323,0000000053c6c2be,21.87
96,2019-08-01T02:06:01Z,a08cae03363d2e483a6ea717973088f4bd4276de96a9d438a7358ff4,60.16897,24.95222,00000000aa852af1,29.32
97,2019-08-01T02:06:01Z,a69f31917ca2b9a822026045d4476ab5a3e1b72ff84c15777a89b51a,60.16762,24.95415,000000006b44cce7,41.64
98,2019-08-01T02:06:01Z,a7bf60f4cfe8359d12d5bb7d69ea9850630a9c969a346f04a0ce1968,60.15432,24.9211,0000000019fb59c4,33.81
99,2019-08-01T02:06:01Z,a91d379a4b57c5df22db0d7a041ff69f657b4b31f28554b1011fc03c,60.16544,24.95398,0000000038d83d41,27.28
100,2019-08-01T02:06:01Z,a9da1ee82e3b670e276c26b483dd50f4a6d0c6f77ef82245d3ae6086,60.18203,24.91341,00000000342570c2,13.75
101,2019-08-01T02:06:01Z,b1f358076ba79ef902a36ca8ae3f8ec7c93308a67c479345bfdbdecf,60.1538,24.95595,0000000038bf9618,31.5
102,2019-08-01T02:06:01Z,b5fd6b317890e5ab2d79e2cd1abe61626d45a753c7337d0d40728898,60.16762,24.95415,000000006b44cce7,17.4
103,2019-08-01T02:06:01Z,ba42c72ea7c2663b3ea5044faf12173ab18e523dc35de0e24bf374ac,60.16544,24.95398,0000000038d83d41,23.56
104,2019-08-01T02:06:01Z,ce783d3c1b06378e5c39c25687746a6f88fbb0ff2b36e3405fb61cf8,60.16762,24.95415,000000006b44cce7,16.1
105,2019-08-01T02:06:01Z,cf05623e4d87ce0906c0b0b7dbf53aacc1228016cd27c341228b6e76,60.18203,24.91341,00000000342570c2,17.4
106,2019-08-01T02:06:01Z,d127ead865385b64ae537a703a26be15fae4b5332ce0fbf03d5e0c23,60.1538,24.95595,0000000038bf9618,36.27
107,2019-08-01T02:06:01Z,dd2c9c82cf3737146294aff6f814a1349fb0bc4bedf518715dacbe8f,60.18203,24.91341,00000000342570c2,25.36
108,2019-08-01T02:06:01Z,ec72ef080c605e71978aed0d3b5f22c3c3133677a43c614b72eedc6d,60.14699,24.922,00000000a53ed894,18.79
109,2019-08-01T02:06:01Z,f088630d7476dae7d4b7e2bb1f10575f2c89acb4b6e061f3d57c2b40,60.16531,24.9442,00000000fdda10fe,27.28
110,2019-08-01T02:06:01Z,f6609ab1076b1105bb845595a03b41b8fbb282f79c337df5bbc9f841,60.16629,24.95957,00000000fb7600be,21.87
111,2019-08-01T02:06:01Z,f99c5dd8cc08bd2353083d875ce8bc585fb2c2ff8427b90d92f571de,60.1538,24.95595,0000000038bf9618,27.28
112,2019-08-01T02:06:01Z,fc4f3a44235f1cfc7b53f14ba2da599976a5a0a220d23b852688e485,60.17919,24.95181,000000007b5207b6,29.32
113,2019-08-01T02:06:01Z,13e4206d38eafb32822df97189167727a93c3fc19b187987f9af2d8a,60.14699,24.922,00000000a53ed894,21.87
114,2019-08-01T02:06:01Z,1dacfb371d75dd4f90f447aac2a00faad98beb4188a6971c19eb2375,60.16629,24.95957,00000000fb7600be,27.28
115,2019-08-01T02:06:01Z,24d4cbe44e8ad8a86bb202c3199740e2cff9a0957e45c5b3a24e4c69,60.17002,24.94407,000000006b087f40,17.4
116,2019-08-01T02:06:01Z,2ab97eb72424d3a245ddd77691854f564f939b5bacf84648d4211da2,60.16762,24.95415,000000006b44cce7,9.12
117,2019-08-01T02:06:01Z,3c37f9009ada930dfe63c124094a2ef96cafacbcf264e464686c5dc8,60.16629,24.95957,00000000fb7600be,13.75
118,2019-08-01T02:06:01Z,42844e90c7134ebb3ec325f57cd27cd24711c779548ebc8692a820d5,60.14951,24.92138,0000000006dd41f6,3.09
119,2019-08-01T02:06:01Z,4841c98e346836d829c602149d720069670f8ed6748a0cb8c112c9d4,60.16531,24.9442,00000000fdda10fe,11.7
120,2019-08-01T02:06:01Z,57b30ae72e460cb12c1d3ce68e51af40d17739c2ee6cf9847f3cdf8f,60.14947,24.91438,000000004ef3150d,5.91
121,2019-08-01T02:06:01Z,5ec05b59ab37f5afbc1c3ec6ade485f00c50bae51a91e5e98972d2e3,60.17002,24.94407,000000006b087f40,29.32
122,2019-08-01T02:06:01Z,643e4cdf7a3a7aa20cd88a12ecd369619877072c658fa30a1ab9cf61,60.16629,24.95957,00000000fb7600be,16.1
123,2019-08-01T02:06:01Z,671f9d77c767acb9f9d791833688903089ee1152c5884dd3dc1279ae,60.16531,24.9442,00000000fdda10fe,9.92
124,2019-08-01T02:06:01Z,6816d8a81aa5826ec235ec386a6ca6ae26a5be06a80210c78977f677,60.17002,24.94407,000000006b087f40,21.87
125,2019-08-01T02:06:01Z,68f7855395b90b5c950122c0a7c339c60a027f614098c0384b94cb3a,60.17919,24.95181,000000007b5207b6,20.28
126,2019-08-01T02:06:01Z,6dc879799b37afd32039de04ff13afb46a4108bb836c571bb82a34a7,60.17918,24.95141,00000000675d5200,20.28
127,2019-08-01T02:06:01Z,701ebe2f0c93e3d2d5f4c1b9f737199afb3f37f9b49809649903d665,60.16762,24.95415,000000006b44cce7,9.12
128,2019-08-01T02:06:01Z,8b2b96529d76994286079867228e8d38c43855d520b627c2c965e8d2,60.16762,24.95415,000000006b44cce7,3.09
129,2019-08-01T02:06:01Z,99a026b5100e23129fa529e9a57a3dbc8490dc03b58f2193f03e2dcf,60.14951,24.92138,0000000006dd41f6,4.94
130,2019-08-01T02:06:01Z,b80652917702b9a4d520f2690ce2e1f579aa0b9a62d7e8d2ac56bdf1,60.16762,24.95415,000000006b44cce7,4.11
131,2019-08-01T02:06:01Z,bee526950bbee6d3016e55b8c1e97c377cce98e61098449f836f04dd,60.14947,24.91438,000000004ef3150d,9.92
132,2019-08-01T02:06:01Z,c0a0ca3433586ed2ae0e448f2406fabac7292ac79d49562e0bd5cef8,60.16762,24.95415,000000006b44cce7,27.28
133,2019-08-01T02:06:01Z,d01ab2b99ca2d6e373c630bc0666c220aa0753785f57eba65dfab024,60.16544,24.95398,0000000038d83d41,29.32
134,2019-08-01T02:06:01Z,db0e10943fcdd3914ddc764635ba11c29832c708b5f4f46493df0413,60.16762,24.95415,000000006b44cce7,25.36
135,2019-08-01T02:06:01Z,dbed44affd9645c082abbf329bb826cfe1e679645968a6957aec1ccf,60.17918,24.95141,00000000675d5200,36.27
136,2019-08-01T02:06:01Z,eeaf79c148257ce871186d98d63a43b571e9103358390750bc0a86cd,60.16762,24.95415,000000006b44cce7,23.56
137,2019-08-01T02:06:01Z,f7adfec0f2afb4311798f5b8f7bbd5abbf68d0b2795e24c9ea584fbf,60.16762,24.95415,000000006b44cce7,13.75
138,2019-08-01T02:06:02Z,14c7e1511b70f4dd3359cbece1377aebb4d70531f5489eefe53d7c3c,60.16544,24.95398,0000000038d83d41,23.56
139,2019-08-01T02:06:02Z,165ebbb4090d47319ae370f0d0854fdc1f6b79499f8b2e4d3c3533c0,60.16544,24.95398,0000000038d83d41,27.28
140,2019-08-01T02:06:02Z,2cbdb709bb456bc8bca60a86bfa0fd9e979051582401008738e2db26,60.16629,24.95957,00000000fb7600be,27.28
141,2019-08-01T02:06:02Z,2dd6ca2c889266702d554569764346cf583b74b0890b10e00ecd4f82,60.16544,24.95398,0000000038d83d41,23.56
142,2019-08-01T02:06:02Z,351f44e773650f6c4a68cd25c338d2bf5d9a1b20942961befe3b3f11,60.16448,24.97323,0000000053c6c2be,13.75
143,2019-08-01T02:06:02Z,384b4d96a26aae32d2af0c0f637cb59cc8470a36445623930229d524,60.16897,24.95222,00000000aa852af1,21.87
144,2019-08-01T02:06:02Z,43b676ed3aef4c2d8846694817e76117873be52e7f788e0cb366c1c4,60.16629,24.95957,00000000fb7600be,27.28
145,2019-08-01T02:06:02Z,4abec48b53c4d82dc781a50af0676249c9d08be31b608a3f378109a6,60.1538,24.95595,0000000038bf9618,23.56
146,2019-08-01T02:06:02Z,5bbb5184fded3e51bc78e45e39917794285e6bbc72da404802a9599a,60.16531,24.9442,00000000fdda10fe,29.32
147,2019-08-01T02:06:02Z,5d65719c4cbf045f068d084b72302f447d5fd034413d97d13be00d0e,60.18203,24.91341,00000000342570c2,18.79
148,2019-08-01T02:06:02Z,6a657079c1bdc8114c289be1ddd83e5846d4279a920d1697b8ff0033,60.18203,24.91341,00000000342570c2,23.56
149,2019-08-01T02:06:02Z,6d22b751ff5173035dc85c52c3dff0780126adae67fe33dc62dd45ef,60.16531,24.9442,00000000fdda10fe,16.1
150,2019-08-01T02:06:02Z,6f06341f358e61699fe1e55e986dd0554bc8da28b91daf0c5ad99db6,60.16629,24.95957,00000000fb7600be,23.56
151,2019-08-01T02:06:02Z,747f2d1ebff218c0ebbdc0fdaef4cbe56633dfb46ae1b1f8c8142201,60.16762,24.95415,000000006b44cce7,9.12
152,2019-08-01T02:06:02Z,77839e655f856d5295739c2388237a95b399c3b8a4f659cd1345d939,60.16829,24.94214,00000000afef4555,31.5
153,2019-08-01T02:06:02Z,7d0fd2fd8adcdcfaf339b328e652c17c58f2c98e7b79448720a37dda,60.16897,24.95222,00000000aa852af1,31.5
154,2019-08-01T02:06:02Z,7e0d3e70e42ae3b88d2440369011c2e531e9bb6a530a855127b4d2dc,60.16762,24.95415,000000006b44cce7,21.87
155,2019-08-01T02:06:02Z,84fdfd8881f633c5f0c71c1480053953ca4b05e848052d97c063ad38,60.1538,24.95595,0000000038bf9618,21.87
156,2019-08-01T02:06:02Z,87dfaad29a9276ddddb1fa021d3bc23ad14824c1af16f7d87e713689,60.14951,24.92138,0000000006dd41f6,7.69
157,2019-08-01T02:06:02Z,8c75c3289c84fe4493e1e272a77b615fe1985880c5dc68a7c1a17b53,60.16762,24.95415,000000006b44cce7,14.89
158,2019-08-01T02:06:02Z,8cc6ddaa460aeae8cc9e8a33f91a01c8cd4c0c8bf8a943210a28c84d,60.1538,24.95595,0000000038bf9618,11.7
159,2019-08-01T02:06:02Z,8ffeb52bff155eab19ca329d16be495cd44a08aa7f79b94db079caf9,60.15432,24.9211,0000000019fb59c4,29.32
160,2019-08-01T02:06:02Z,9843c6216661048343a0e49cf3d8aa2883cf77f452666a1c873a1052,60.16448,24.97323,0000000053c6c2be,13.75
161,2019-08-01T02:06:02Z,9d5da91dad893b62eea6f22a7092dd0552c6d3bf33f4c6110326b208,60.16897,24.95222,00000000aa852af1,29.32
162,2019-08-01T02:06:02Z,a91d379a4b57c5df22db0d7a041ff69f657b4b31f28554b1011fc03c,60.16544,24.95398,0000000038d83d41,25.36
163,2019-08-01T02:06:02Z,a9da1ee82e3b670e276c26b483dd50f4a6d0c6f77ef82245d3ae6086,60.18203,24.91341,00000000342570c2,20.28
164,2019-08-01T02:06:02Z,b1f358076ba79ef902a36ca8ae3f8ec7c93308a67c479345bfdbdecf,60.1538,24.95595,0000000038bf9618,33.81
165,2019-08-01T02:06:02Z,b5fd6b317890e5ab2d79e2cd1abe61626d45a753c7337d0d40728898,60.16762,24.95415,000000006b44cce7,13.75
166,2019-08-01T02:06:02Z,ba42c72ea7c2663b3ea5044faf12173ab18e523dc35de0e24bf374ac,60.16544,24.95398,0000000038d83d41,25.36
167,2019-08-01T02:06:02Z,ce783d3c1b06378e5c39c25687746a6f88fbb0ff2b36e3405fb61cf8,60.16762,24.95415,000000006b44cce7,12.69
168,2019-08-01T02:06:02Z,cf05623e4d87ce0906c0b0b7dbf53aacc1228016cd27c341228b6e76,60.18203,24.91341,00000000342570c2,18.79
169,2019-08-01T02:06:02Z,d127ead865385b64ae537a703a26be15fae4b5332ce0fbf03d5e0c23,60.1538,24.95595,0000000038bf9618,33.81
170,2019-08-01T02:06:02Z,ec72ef080c605e71978aed0d3b5f22c3c3133677a43c614b72eedc6d,60.14699,24.922,00000000a53ed894,18.79
171,2019-08-01T02:06:02Z,efd1806e1eee5eca948bc2537df8d816e2cce41009b41189c350ce74,60.16531,24.9442,00000000fdda10fe,38.87
172,2019-08-01T02:06:02Z,f088630d7476dae7d4b7e2bb1f10575f2c89acb4b6e061f3d57c2b40,60.16531,24.9442,00000000fdda10fe,23.56
173,2019-08-01T02:06:02Z,f6609ab1076b1105bb845595a03b41b8fbb282f79c337df5bbc9f841,60.16629,24.95957,00000000fb7600be,21.87
174,2019-08-01T02:06:02Z,f99c5dd8cc08bd2353083d875ce8bc585fb2c2ff8427b90d92f571de,60.1538,24.95595,0000000038bf9618,25.36
175,2019-08-01T02:06:02Z,fc4f3a44235f1cfc7b53f14ba2da599976a5a0a220d23b852688e485,60.17919,24.95181,000000007b5207b6,11.7
176,2019-08-01T02:06:02Z,13e4206d38eafb32822df97189167727a93c3fc19b187987f9af2d8a,60.14699,24.922,00000000a53ed894,21.87
177,2019-08-01T02:06:02Z,1ecbc7c6afe89033252e5510cbb893666af2b3bc29f555a3a6287fdb,60.14951,24.92138,0000000006dd41f6,3.09
178,2019-08-01T02:06:02Z,24d4cbe44e8ad8a86bb202c3199740e2cff9a0957e45c5b3a24e4c69,60.17002,24.94407,000000006b087f40,13.75
179,2019-08-01T02:06:02Z,2ab97eb72424d3a245ddd77691854f564f939b5bacf84648d4211da2,60.16762,24.95415,000000006b44cce7,8.38
180,2019-08-01T02:06:02Z,3c37f9009ada930dfe63c124094a2ef96cafacbcf264e464686c5dc8,60.16629,24.95957,00000000fb7600be,13.75
181,2019-08-01T02:06:02Z,42844e90c7134ebb3ec325f57cd27cd24711c779548ebc8692a820d5,60.14951,24.92138,0000000006dd41f6,3.4
182,2019-08-01T02:06:02Z,505898587a2aeb6f9ce0b104258b59bac105074bf1d0cc4af76124c4,60.16544,24.95398,0000000038d83d41,27.28
183,2019-08-01T02:06:02Z,57b30ae72e460cb12c1d3ce68e51af40d17739c2ee6cf9847f3cdf8f,60.14947,24.91438,000000004ef3150d,5.41
184,2019-08-01T02:06:02Z,643e4cdf7a3a7aa20cd88a12ecd369619877072c658fa30a1ab9cf61,60.16629,24.95957,00000000fb7600be,14.89
185,2019-08-01T02:06:02Z,671f9d77c767acb9f9d791833688903089ee1152c5884dd3dc1279ae,60.16531,24.9442,00000000fdda10fe,13.75
186,2019-08-01T02:06:02Z,6816d8a81aa5826ec235ec386a6ca6ae26a5be06a80210c78977f677,60.17002,24.94407,000000006b087f40,27.28
187,2019-08-01T02:06:02Z,68f7855395b90b5c950122c0a7c339c60a027f614098c0384b94cb3a,60.17919,24.95181,000000007b5207b6,14.89
188,2019-08-01T02:06:02Z,6dc879799b37afd32039de04ff13afb46a4108bb836c571bb82a34a7,60.17918,24.95141,00000000675d5200,21.87
189,2019-08-01T02:06:02Z,701ebe2f0c93e3d2d5f4c1b9f737199afb3f37f9b49809649903d665,60.16762,24.95415,000000006b44cce7,10.78
190,2019-08-01T02:06:02Z,8b2b96529d76994286079867228e8d38c43855d520b627c2c965e8d2,60.16762,24.95415,000000006b44cce7,1.7
191,2019-08-01T02:06:02Z,99a026b5100e23129fa529e9a57a3dbc8490dc03b58f2193f03e2dcf,60.14951,24.92138,0000000006dd41f6,5.41
192,2019-08-01T02:06:02Z,a11c8ada58e5b9662b1b54ae81993c65917531bc567b546057a41cea,60.16762,24.95415,000000006b44cce7,31.5
193,2019-08-01T02:06:02Z,b80652917702b9a4d520f2690ce2e1f579aa0b9a62d7e8d2ac56bdf1,60.16762,24.95415,000000006b44cce7,9.92
194,2019-08-01T02:06:02Z,bee526950bbee6d3016e55b8c1e97c377cce98e61098449f836f04dd,60.14947,24.91438,000000004ef3150d,17.4
195,2019-08-01T02:06:02Z,d01ab2b99ca2d6e373c630bc0666c220aa0753785f57eba65dfab024,60.16544,24.95398,0000000038d83d41,31.5
196,2019-08-01T02:06:02Z,eeaf79c148257ce871186d98d63a43b571e9103358390750bc0a86cd,60.16762,24.95415,000000006b44cce7,25.36
197,2019-08-01T02:06:02Z,f7adfec0f2afb4311798f5b8f7bbd5abbf68d0b2795e24c9ea584fbf,60.16762,24.95415,000000006b44cce7,10.78
198,2019-08-01T02:06:02Z,febd281417fc5892a4a707eab57c541684a3fe684d687f5c097babee,60.17002,24.94407,000000006b087f40,27.28
199,2019-08-01T02:06:03Z,144afc51fc2443c7031a2912566eff2ce60226a49d6d2bd7c2923700,60.16544,24.95398,0000000038d83d41,36.27
200,2019-08-01T02:06:03Z,14c7e1511b70f4dd3359cbece1377aebb4d70531f5489eefe53d7c3c,60.16544,24.95398,0000000038d83d41,21.87
201,2019-08-01T02:06:03Z,165ebbb4090d47319ae370f0d0854fdc1f6b79499f8b2e4d3c3533c0,60.16544,24.95398,0000000038d83d41,23.56
202,2019-08-01T02:06:03Z,2becc116b6903367f24fb8033b421a173af04cdaca16ac8b2f91be52,60.16629,24.95957,00000000fb7600be,33.81
203,2019-08-01T02:06:03Z,2dd6ca2c889266702d554569764346cf583b74b0890b10e00ecd4f82,60.16544,24.95398,0000000038d83d41,23.56
204,2019-08-01T02:06:03Z,351f44e773650f6c4a68cd25c338d2bf5d9a1b20942961befe3b3f11,60.16448,24.97323,0000000053c6c2be,17.4
205,2019-08-01T02:06:03Z,384b4d96a26aae32d2af0c0f637cb59cc8470a36445623930229d524,60.16897,24.95222,00000000aa852af1,25.36
206,2019-08-01T02:06:03Z,427140db094a88d1033f8ee0e16865b0ca63c0d06e0aacf4d81cd1ea,60.17002,24.94407,000000006b087f40,27.28
207,2019-08-01T02:06:03Z,43b676ed3aef4c2d8846694817e76117873be52e7f788e0cb366c1c4,60.16629,24.95957,00000000fb7600be,27.28
208,2019-08-01T02:06:03Z,4abec48b53c4d82dc781a50af0676249c9d08be31b608a3f378109a6,60.1538,24.95595,0000000038bf9618,25.36
209,2019-08-01T02:06:03Z,5bbb5184fded3e51bc78e45e39917794285e6bbc72da404802a9599a,60.16531,24.9442,00000000fdda10fe,36.27
210,2019-08-01T02:06:03Z,5d65719c4cbf045f068d084b72302f447d5fd034413d97d13be00d0e,60.18203,24.91341,00000000342570c2,18.79
211,2019-08-01T02:06:03Z,5eed115a984d490b02b602d73787aee8dc8c4e9365b77fbff3818a76,60.16629,24.95957,00000000fb7600be,31.5
212,2019-08-01T02:06:03Z,6a657079c1bdc8114c289be1ddd83e5846d4279a920d1697b8ff0033,60.18203,24.91341,00000000342570c2,25.36
213,2019-08-01T02:06:03Z,6d22b751ff5173035dc85c52c3dff0780126adae67fe33dc62dd45ef,60.16531,24.9442,00000000fdda10fe,17.4
214,2019-08-01T02:06:03Z,6f06341f358e61699fe1e55e986dd0554bc8da28b91daf0c5ad99db6,60.16629,24.95957,00000000fb7600be,36.27
215,2019-08-01T02:06:03Z,6ff437688c444238352c28f64f9d2a7d0f14d19c9ea42c225380501e,60.16762,24.95415,000000006b44cce7,18.79
216,2019-08-01T02:06:03Z,747f2d1ebff218c0ebbdc0fdaef4cbe56633dfb46ae1b1f8c8142201,60.16762,24.95415,000000006b44cce7,11.7
217,2019-08-01T02:06:03Z,79f136afa0dd8717337c01c70b457c464aaf0fa25b440f51a394ec23,60.16762,24.95415,000000006b44cce7,23.56
218,2019-08-01T02:06:03Z,7a3db40d91e137d1381ac690a78039878e0baa317ed9a7cd6882df27,60.16762,24.95415,000000006b44cce7,21.87
219,2019-08-01T02:06:03Z,7d0fd2fd8adcdcfaf339b328e652c17c58f2c98e7b79448720a37dda,60.16897,24.95222,00000000aa852af1,29.32
220,2019-08-01T02:06:03Z,84fdfd8881f633c5f0c71c1480053953ca4b05e848052d97c063ad38,60.1538,24.95595,0000000038bf9618,20.28
221,2019-08-01T02:06:03Z,87dfaad29a9276ddddb1fa021d3bc23ad14824c1af16f7d87e713689,60.14951,24.92138,0000000006dd41f6,10.78
222,2019-08-01T02:06:03Z,8c75c3289c84fe4493e1e272a77b615fe1985880c5dc68a7c1a17b53,60.16762,24.95415,000000006b44cce7,13.75
223,2019-08-01T02:06:03Z,8cc6ddaa460aeae8cc9e8a33f91a01c8cd4c0c8bf8a943210a28c84d,60.1538,24.95595,0000000038bf9618,25.36
224,2019-08-01T02:06:03Z,8ffeb52bff155eab19ca329d16be495cd44a08aa7f79b94db079caf9,60.15432,24.9211,0000000019fb59c4,29.32
225,2019-08-01T02:06:03Z,9843c6216661048343a0e49cf3d8aa2883cf77f452666a1c873a1052,60.16448,24.97323,0000000053c6c2be,18.79
226,2019-08-01T02:06:03Z,987e83b8bf78f756fa09dbeb561bf778fd00003818fbe7a45de52b6c,60.16531,24.9442,00000000fdda10fe,38.87
227,2019-08-01T02:06:03Z,9d5da91dad893b62eea6f22a7092dd0552c6d3bf33f4c6110326b208,60.16897,24.95222,00000000aa852af1,31.5
228,2019-08-01T02:06:03Z,a7bf60f4cfe8359d12d5bb7d69ea9850630a9c969a346f04a0ce1968,60.15432,24.9211,0000000019fb59c4,29.32
229,2019-08-01T02:06:03Z,a91d379a4b57c5df22db0d7a041ff69f657b4b31f28554b1011fc03c,60.16544,24.95398,0000000038d83d41,27.28
230,2019-08-01T02:06:03Z,a9da1ee82e3b670e276c26b483dd50f4a6d0c6f77ef82245d3ae6086,60.18203,24.91341,00000000342570c2,20.28
231,2019-08-01T02:06:03Z,b1f358076ba79ef902a36ca8ae3f8ec7c93308a67c479345bfdbdecf,60.1538,24.95595,0000000038bf9618,27.28
232,2019-08-01T02:06:03Z,b5fd6b317890e5ab2d79e2cd1abe61626d45a753c7337d0d40728898,60.16762,24.95415,000000006b44cce7,17.4
233,2019-08-01T02:06:03Z,ba42c72ea7c2663b3ea5044faf12173ab18e523dc35de0e24bf374ac,60.16544,24.95398,0000000038d83d41,27.28
234,2019-08-01T02:06:03Z,ce783d3c1b06378e5c39c25687746a6f88fbb0ff2b36e3405fb61cf8,60.16762,24.95415,000000006b44cce7,17.4
235,2019-08-01T02:06:03Z,cf05623e4d87ce0906c0b0b7dbf53aacc1228016cd27c341228b6e76,60.18203,24.91341,00000000342570c2,31.5
236,2019-08-01T02:06:03Z,d02aa66f07ad6bd65ba88baa552695671b5ebff881f4914c27d14c6a,60.16629,24.95957,00000000fb7600be,25.36
237,2019-08-01T02:06:03Z,d127ead865385b64ae537a703a26be15fae4b5332ce0fbf03d5e0c23,60.1538,24.95595,0000000038bf9618,31.5
238,2019-08-01T02:06:03Z,dd2c9c82cf3737146294aff6f814a1349fb0bc4bedf518715dacbe8f,60.18203,24.91341,00000000342570c2,23.56
239,2019-08-01T02:06:03Z,ec72ef080c605e71978aed0d3b5f22c3c3133677a43c614b72eedc6d,60.14699,24.922,00000000a53ed894,18.79
240,2019-08-01T02:06:03Z,f088630d7476dae7d4b7e2bb1f10575f2c89acb4b6e061f3d57c2b40,60.16531,24.9442,00000000fdda10fe,25.36
241,2019-08-01T02:06:03Z,f6609ab1076b1105bb845595a03b41b8fbb282f79c337df5bbc9f841,60.16629,24.95957,00000000fb7600be,18.79
242,2019-08-01T02:06:03Z,f99c5dd8cc08bd2353083d875ce8bc585fb2c2ff8427b90d92f571de,60.1538,24.95595,0000000038bf9618,25.36
243,2019-08-01T02:06:03Z,fc4f3a44235f1cfc7b53f14ba2da599976a5a0a220d23b852688e485,60.17919,24.95181,000000007b5207b6,17.4
244,2019-08-01T02:06:03Z,0d2e3e523cb0378798ea370ece42124e91568a28261cf6ee2c00cad9,60.16531,24.9442,00000000fdda10fe,38.87
245,2019-08-01T02:06:03Z,13e4206d38eafb32822df97189167727a93c3fc19b187987f9af2d8a,60.14699,24.922,00000000a53ed894,44.58
246,2019-08-01T02:06:03Z,1dacfb371d75dd4f90f447aac2a00faad98beb4188a6971c19eb2375,60.16629,24.95957,00000000fb7600be,27.28
247,2019-08-01T02:06:03Z,1ecbc7c6afe89033252e5510cbb893666af2b3bc29f555a3a6287fdb,60.14951,24.92138,0000000006dd41f6,3.09
248,2019-08-01T02:06:03Z,24d4cbe44e8ad8a86bb202c3199740e2cff9a0957e45c5b3a24e4c69,60.17002,24.94407,000000006b087f40,20.28
249,2019-08-01T02:06:03Z,25b9a688fda1515f9ff250d01f89c4491af81e3721b9b2348d88d2e3,60.16762,24.95415,000000006b44cce7,29.32
250,2019-08-01T02:06:03Z,26ae5346995177879c43dcdfe3b41d829debc62c90eaf4b8297b921e,60.16762,24.95415,000000006b44cce7,18.79
251,2019-08-01T02:06:03Z,2ab97eb72424d3a245ddd77691854f564f939b5bacf84648d4211da2,60.16762,24.95415,000000006b44cce7,9.92
252,2019-08-01T02:06:03Z,3c37f9009ada930dfe63c124094a2ef96cafacbcf264e464686c5dc8,60.16629,24.95957,00000000fb7600be,12.69
253,2019-08-01T02:06:03Z,42844e90c7134ebb3ec325f57cd27cd24711c779548ebc8692a820d5,60.14951,24.92138,0000000006dd41f6,3.09
254,2019-08-01T02:06:03Z,4841c98e346836d829c602149d720069670f8ed6748a0cb8c112c9d4,60.16531,24.9442,00000000fdda10fe,17.4
255,2019-08-01T02:06:03Z,505898587a2aeb6f9ce0b104258b59bac105074bf1d0cc4af76124c4,60.16544,24.95398,0000000038d83d41,21.87
256,2019-08-01T02:06:03Z,57b30ae72e460cb12c1d3ce68e51af40d17739c2ee6cf9847f3cdf8f,60.14947,24.91438,000000004ef3150d,5.91
257,2019-08-01T02:06:03Z,5da52e2796a53c68523fe7c870014536f2f48c4e953de2f6e73983b3,60.16762,24.95415,000000006b44cce7,23.56
258,2019-08-01T02:06:03Z,643e4cdf7a3a7aa20cd88a12ecd369619877072c658fa30a1ab9cf61,60.16629,24.95957,00000000fb7600be,17.4
259,2019-08-01T02:06:03Z,671f9d77c767acb9f9d791833688903089ee1152c5884dd3dc1279ae,60.16531,24.9442,00000000fdda10fe,7.69
260,2019-08-01T02:06:03Z,6816d8a81aa5826ec235ec386a6ca6ae26a5be06a80210c78977f677,60.17002,24.94407,000000006b087f40,27.28
261,2019-08-01T02:06:03Z,68f7855395b90b5c950122c0a7c339c60a027f614098c0384b94cb3a,60.17919,24.95181,000000007b5207b6,16.1
262,2019-08-01T02:06:03Z,6dc879799b37afd32039de04ff13afb46a4108bb836c571bb82a34a7,60.17918,24.95141,00000000675d5200,23.56
263,2019-08-01T02:06:03Z,701ebe2f0c93e3d2d5f4c1b9f737199afb3f37f9b49809649903d665,60.16762,24.95415,000000006b44cce7,10.78
264,2019-08-01T02:06:03Z,8b2b96529d76994286079867228e8d38c43855d520b627c2c965e8d2,60.16762,24.95415,000000006b44cce7,1.7
265,2019-08-01T02:06:03Z,99a026b5100e23129fa529e9a57a3dbc8490dc03b58f2193f03e2dcf,60.14951,24.92138,0000000006dd41f6,6.46
266,2019-08-01T02:06:03Z,a86c102f289409f6efef56c9b116b4ad52d8e2d7b7ab23a6df2a0675,60.16762,24.95415,000000006b44cce7,18.79
267,2019-08-01T02:06:03Z,b80652917702b9a4d520f2690ce2e1f579aa0b9a62d7e8d2ac56bdf1,60.16762,24.95415,000000006b44cce7,9.12
268,2019-08-01T02:06:03Z,bee526950bbee6d3016e55b8c1e97c377cce98e61098449f836f04dd,60.14947,24.91438,000000004ef3150d,9.92
269,2019-08-01T02:06:03Z,f7adfec0f2afb4311798f5b8f7bbd5abbf68d0b2795e24c9ea584fbf,60.16762,24.95415,000000006b44cce7,12.69
270,2019-08-01T02:06:03Z,ffc9351c73ed8a2a194e9c7afb0bbe02d06dd70c6bd345dc29bcc7a5,60.16448,24.97323,0000000053c6c2be,38.87
271,2019-08-01T02:06:04Z,144afc51fc2443c7031a2912566eff2ce60226a49d6d2bd7c2923700,60.16544,24.95398,0000000038d83d41,25.36
272,2019-08-01T02:06:04Z,14c7e1511b70f4dd3359cbece1377aebb4d70531f5489eefe53d7c3c,60.16544,24.95398,0000000038d83d41,23.56
273,2019-08-01T02:06:04Z,165ebbb4090d47319ae370f0d0854fdc1f6b79499f8b2e4d3c3533c0,60.16544,24.95398,0000000038d83d41,29.32
274,2019-08-01T02:06:04Z,17b28910b6cbc057680693633275c4ca53938281bc38178f96c44947,60.17002,24.94407,000000006b087f40,38.87
275,2019-08-01T02:06:04Z,26a7f422e4d26aeb0cb519e9d16d5e57537056caa23982d5aae127fb,60.16762,24.95415,000000006b44cce7,29.32
276,2019-08-01T02:06:04Z,2dd6ca2c889266702d554569764346cf583b74b0890b10e00ecd4f82,60.16544,24.95398,0000000038d83d41,23.56
277,2019-08-01T02:06:04Z,351f44e773650f6c4a68cd25c338d2bf5d9a1b20942961befe3b3f11,60.16448,24.97323,0000000053c6c2be,14.89
278,2019-08-01T02:06:04Z,384b4d96a26aae32d2af0c0f637cb59cc8470a36445623930229d524,60.16897,24.95222,00000000aa852af1,23.56
279,2019-08-01T02:06:04Z,43b676ed3aef4c2d8846694817e76117873be52e7f788e0cb366c1c4,60.16629,24.95957,00000000fb7600be,23.56
280,2019-08-01T02:06:04Z,4abec48b53c4d82dc781a50af0676249c9d08be31b608a3f378109a6,60.1538,24.95595,0000000038bf9618,21.87
281,2019-08-01T02:06:04Z,4c5f18f9840338be4b03b398b0729b86a73a469d2e351ffb16a285ba,60.16897,24.95222,00000000aa852af1,25.36
282,2019-08-01T02:06:04Z,5bbb5184fded3e51bc78e45e39917794285e6bbc72da404802a9599a,60.16531,24.9442,00000000fdda10fe,31.5
283,2019-08-01T02:06:04Z,5d65719c4cbf045f068d084b72302f447d5fd034413d97d13be00d0e,60.18203,24.91341,00000000342570c2,18.79
284,2019-08-01T02:06:04Z,5eed115a984d490b02b602d73787aee8dc8c4e9365b77fbff3818a76,60.16629,24.95957,00000000fb7600be,25.36
285,2019-08-01T02:06:04Z,6d22b751ff5173035dc85c52c3dff0780126adae67fe33dc62dd45ef,60.16531,24.9442,00000000fdda10fe,18.79
286,2019-08-01T02:06:04Z,6ff437688c444238352c28f64f9d2a7d0f14d19c9ea42c225380501e,60.16762,24.95415,000000006b44cce7,20.28
287,2019-08-01T02:06:04Z,747f2d1ebff218c0ebbdc0fdaef4cbe56633dfb46ae1b1f8c8142201,60.16762,24.95415,000000006b44cce7,10.78
288,2019-08-01T02:06:04Z,7c8f26bc5798cd7c96354a307abd0150b5f502868a2ab99c93467091,60.16629,24.95957,00000000fb7600be,33.81
289,2019-08-01T02:06:04Z,84fdfd8881f633c5f0c71c1480053953ca4b05e848052d97c063ad38,60.1538,24.95595,0000000038bf9618,36.27
290,2019-08-01T02:06:04Z,87dfaad29a9276ddddb1fa021d3bc23ad14824c1af16f7d87e713689,60.14951,24.92138,0000000006dd41f6,9.92
291,2019-08-01T02:06:04Z,8c75c3289c84fe4493e1e272a77b615fe1985880c5dc68a7c1a17b53,60.16762,24.95415,000000006b44cce7,9.12
292,2019-08-01T02:06:04Z,8cc6ddaa460aeae8cc9e8a33f91a01c8cd4c0c8bf8a943210a28c84d,60.1538,24.95595,0000000038bf9618,16.1
293,2019-08-01T02:06:04Z,8ffeb52bff155eab19ca329d16be495cd44a08aa7f79b94db079caf9,60.15432,24.9211,0000000019fb59c4,31.5
294,2019-08-01T02:06:04Z,91d3b80de4439a4a49ddb8a04d72a0a2ec6c08f351d70232842af567,60.16762,24.95415,000000006b44cce7,23.56
295,2019-08-01T02:06:04Z,9843c6216661048343a0e49cf3d8aa2883cf77f452666a1c873a1052,60.16448,24.97323,0000000053c6c2be,12.69
296,2019-08-01T02:06:04Z,9d5da91dad893b62eea6f22a7092dd0552c6d3bf33f4c6110326b208,60.16897,24.95222,00000000aa852af1,25.36
297,2019-08-01T02:06:04Z,a08cae03363d2e483a6ea717973088f4bd4276de96a9d438a7358ff4,60.16897,24.95222,00000000aa852af1,25.36
298,2019-08-01T02:06:04Z,a7bf60f4cfe8359d12d5bb7d69ea9850630a9c969a346f04a0ce1968,60.15432,24.9211,0000000019fb59c4,33.81
299,2019-08-01T02:06:04Z,a91d379a4b57c5df22db0d7a041ff69f657b4b31f28554b1011fc03c,60.16544,24.95398,0000000038d83d41,31.5
300,2019-08-01T02:06:04Z,a9da1ee82e3b670e276c26b483dd50f4a6d0c6f77ef82245d3ae6086,60.18203,24.91341,00000000342570c2,17.4
301,2019-08-01T02:06:04Z,b5fd6b317890e5ab2d79e2cd1abe61626d45a753c7337d0d40728898,60.16762,24.95415,000000006b44cce7,17.4
302,2019-08-01T02:06:04Z,ba42c72ea7c2663b3ea5044faf12173ab18e523dc35de0e24bf374ac,60.16544,24.95398,0000000038d83d41,25.36
303,2019-08-01T02:06:04Z,ce783d3c1b06378e5c39c25687746a6f88fbb0ff2b36e3405fb61cf8,60.16762,24.95415,000000006b44cce7,12.69
304,2019-08-01T02:06:04Z,cf05623e4d87ce0906c0b0b7dbf53aacc1228016cd27c341228b6e76,60.18203,24.91341,00000000342570c2,16.1
305,2019-08-01T02:06:04Z,d127ead865385b64ae537a703a26be15fae4b5332ce0fbf03d5e0c23,60.1538,24.95595,0000000038bf9618,29.32
306,2019-08-01T02:06:04Z,dd2c9c82cf3737146294aff6f814a1349fb0bc4bedf518715dacbe8f,60.18203,24.91341,00000000342570c2,25.36
307,2019-08-01T02:06:04Z,ec72ef080c605e71978aed0d3b5f22c3c3133677a43c614b72eedc6d,60.14699,24.922,00000000a53ed894,21.87
308,2019-08-01T02:06:04Z,ed70dda6b7faebd4340dacdb452ab224d9d3c308df417b7fa76f54e8,60.15133,24.92329,00000000e8a064a4,33.81
309,2019-08-01T02:06:04Z,efd1806e1eee5eca948bc2537df8d816e2cce41009b41189c350ce74,60.16531,24.9442,00000000fdda10fe,27.28
310,2019-08-01T02:06:04Z,f6609ab1076b1105bb845595a03b41b8fbb282f79c337df5bbc9f841,60.16629,24.95957,00000000fb7600be,20.28
311,2019-08-01T02:06:04Z,f99c5dd8cc08bd2353083d875ce8bc585fb2c2ff8427b90d92f571de,60.1538,24.95595,0000000038bf9618,25.36
312,2019-08-01T02:06:04Z,fc4f3a44235f1cfc7b53f14ba2da599976a5a0a220d23b852688e485,60.17919,24.95181,000000007b5207b6,11.7
313,2019-08-01T02:06:04Z,1dacfb371d75dd4f90f447aac2a00faad98beb4188a6971c19eb2375,60.16629,24.95957,00000000fb7600be,31.5
314,2019-08-01T02:06:04Z,1ecbc7c6afe89033252e5510cbb893666af2b3bc29f555a3a6287fdb,60.14951,24.92138,0000000006dd41f6,3.09
315,2019-08-01T02:06:04Z,25b9a688fda1515f9ff250d01f89c4491af81e3721b9b2348d88d2e3,60.16762,24.95415,000000006b44cce7,23.56
316,2019-08-01T02:06:04Z,2ab97eb72424d3a245ddd77691854f564f939b5bacf84648d4211da2,60.16762,24.95415,000000006b44cce7,9.12
317,2019-08-01T02:06:04Z,3c37f9009ada930dfe63c124094a2ef96cafacbcf264e464686c5dc8,60.16629,24.95957,00000000fb7600be,14.89
318,2019-08-01T02:06:04Z,42844e90c7134ebb3ec325f57cd27cd24711c779548ebc8692a820d5,60.14951,24.92138,0000000006dd41f6,3.4
319,2019-08-01T02:06:04Z,4841c98e346836d829c602149d720069670f8ed6748a0cb8c112c9d4,60.16531,24.9442,00000000fdda10fe,16.1
320,2019-08-01T02:06:04Z,57b30ae72e460cb12c1d3ce68e51af40d17739c2ee6cf9847f3cdf8f,60.14947,24.91438,000000004ef3150d,16.1
321,2019-08-01T02:06:04Z,5da52e2796a53c68523fe7c870014536f2f48c4e953de2f6e73983b3,60.16762,24.95415,000000006b44cce7,21.87
322,2019-08-01T02:06:04Z,5f85120de1ced9172a3a1fdc8d4eb84e93b2d2e7fea82aa9810b5f04,60.16448,24.97323,0000000053c6c2be,27.28
323,2019-08-01T02:06:04Z,643e4cdf7a3a7aa20cd88a12ecd369619877072c658fa30a1ab9cf61,60.16629,24.95957,00000000fb7600be,16.1
324,2019-08-01T02:06:04Z,671f9d77c767acb9f9d791833688903089ee1152c5884dd3dc1279ae,60.16531,24.9442,00000000fdda10fe,9.12
325,2019-08-01T02:06:04Z,68f7855395b90b5c950122c0a7c339c60a027f614098c0384b94cb3a,60.17919,24.95181,000000007b5207b6,16.1
326,2019-08-01T02:06:04Z,6dc879799b37afd32039de04ff13afb46a4108bb836c571bb82a34a7,60.17918,24.95141,00000000675d5200,33.81
