,time,hash,latitude,longitude,serial,distance
0,2019-08-01T13:15:00Z,05e9970b8f0fdc2c3708524115e7112503c0fc6180b4f5b042038c60,60.15432,24.9211,0000000019fb59c4,13.75
1,2019-08-01T13:15:00Z,0fff89885f08417f20aadfdbf62a372277e9085bcd024374b772ecac,60.16531,24.9442,00000000fdda10fe,17.4
2,2019-08-01T13:15:00Z,144afc51fc2443c7031a2912566eff2ce60226a49d6d2bd7c2923700,60.16544,24.95398,0000000038d83d41,14.89
3,2019-08-01T13:15:00Z,15918569de0a46a8eb56b43d8d39f7fc82619ff1006f00822c85745c,60.17918,24.95141,00000000675d5200,1.54
4,2019-08-01T13:15:00Z,24d2f2ddd119efcb13abb0ab2cb53850e9788b6713967ccca4d6e071,60.16897,24.95222,00000000aa852af1,18.79
5,2019-08-01T13:15:00Z,4667ad9a5bbd06a7ae36527495c7ad65e5f7c50c2f311b25f1002975,60.16629,24.95957,00000000fb7600be,20.28
6,2019-08-01T13:15:00Z,4de1234054c0ad564da4a96fa45a0531feaa109e9da645e55bf27afc,60.16629,24.95957,00000000fb7600be,12.69
7,2019-08-01T13:15:00Z,541cdde5332ed33dd6e2f47bc3091d8251b2992ea15305b741d7fa7c,60.16531,24.9442,00000000fdda10fe,27.28
8,2019-08-01T13:15:00Z,55f57fdf7fee8ac08f26e2e2f01b8669825dc3775f315980f1e68937,60.1538,24.95595,0000000038bf9618,17.4
9,2019-08-01T13:15:00Z,5d65719c4cbf045f068d084b72302f447d5fd034413d97d13be00d0e,60.18203,24.91341,00000000342570c2,20.28
10,2019-08-01T13:15:00Z,62ba3ea518b5e78749f37fcd40a3f18f8059689f1df2d876536785b8,60.17065,24.93641,000000000f4919c9,27.28
11,2019-08-01T13:15:00Z,660c668edc3b239e521fc8d85ca6f442cec48702a08567ecb7f863d0,60.18203,24.91341,00000000342570c2,23.56
12,2019-08-01T13:15:00Z,6a657079c1bdc8114c289be1ddd83e5846d4279a920d1697b8ff0033,60.18203,24.91341,00000000342570c2,13.75
13,2019-08-01T13:15:00Z,6bc838096806d076bb45cfa041f4e6696c7a32170556ae75888c7fff,60.16531,24.9442,00000000fdda10fe,18.79
14,2019-08-01T13:15:00Z,6d22b751ff5173035dc85c52c3dff0780126adae67fe33dc62dd45ef,60.16531,24.9442,00000000fdda10fe,18.79
15,2019-08-01T13:15:00Z,79f136afa0dd8717337c01c70b457c464aaf0fa25b440f51a394ec23,60.16762,24.95415,000000006b44cce7,16.1
16,2019-08-01T13:15:00Z,816565799b96c3597e367d3dd9294179fb126e459a270da04f6ac6f9,60.16829,24.94214,00000000afef4555,12.69
17,2019-08-01T13:15:00Z,87dfaad29a9276ddddb1fa021d3bc23ad14824c1af16f7d87e713689,60.14951,24.92138,0000000006dd41f6,10.78
18,2019-08-01T13:15:00Z,8c75c3289c84fe4493e1e272a77b615fe1985880c5dc68a7c1a17b53,60.16762,24.95415,000000006b44cce7,9.12
19,2019-08-01T13:15:00Z,8cc6ddaa460aeae8cc9e8a33f91a01c8cd4c0c8bf8a943210a28c84d,60.1538,24.95595,0000000038bf9618,25.36
20,2019-08-01T13:15:00Z,8d526241977a41780adfcc4988973ae0cf4edf334ec0ca41ab29ff2d,60.16075,24.95883,00000000f1124bca,29.32
21,2019-08-01T13:15:00Z,96885d6478d05a6eeb6f82e24c8f9482a4d33b031de6d9c827b31150,60.1538,24.95595,0000000038bf9618,29.32
22,2019-08-01T13:15:00Z,9843c6216661048343a0e49cf3d8aa2883cf77f452666a1c873a1052,60.16448,24.97323,0000000053c6c2be,10.78
23,2019-08-01T13:15:00Z,987e83b8bf78f756fa09dbeb561bf778fd00003818fbe7a45de52b6c,60.16531,24.9442,00000000fdda10fe,33.81
24,2019-08-01T13:15:00Z,99fd45d12dac633f5df9fb97ff21d14f1f5358d6e8b9288d355d3e47,60.17918,24.95141,00000000675d5200,7.69
25,2019-08-01T13:15:00Z,a9da1ee82e3b670e276c26b483dd50f4a6d0c6f77ef82245d3ae6086,60.18203,24.91341,00000000342570c2,23.56
26,2019-08-01T13:15:00Z,b33ae7715d6d2571066655c2c8954a5a364b5601869047de83410d9f,60.16629,24.95957,00000000fb7600be,21.87
27,2019-08-01T13:15:00Z,b5fd6b317890e5ab2d79e2cd1abe61626d45a753c7337d0d40728898,60.16762,24.95415,000000006b44cce7,12.69
28,2019-08-01T13:15:00Z,b72b0bf2a1351f79a3a4123b3db0ca3906e6062e29c4f0ff65a9aa02,60.16762,24.95415,000000006b44cce7,4.94
29,2019-08-01T13:15:00Z,bf92a3b592049dac70688696fc5a02f457ec4cd03dece3e20d7e4af5,60.16629,24.95957,00000000fb7600be,17.4
30,2019-08-01T13:15:00Z,c00710a2a551aa3064a02f3b8e8deed21f428a777bd3f5f9fa673fef,60.16829,24.94214,00000000afef4555,9.92
31,2019-08-01T13:15:00Z,c25dcec72409a5a037fc1284543bded839f02d50daad8054a3a3cd5b,60.17002,24.94407,000000006b087f40,23.56
32,2019-08-01T13:15:00Z,ca5e086833a5599b83c43037cd5c884adc50f83e4199d0dcea4cf17c,60.15432,24.9211,0000000019fb59c4,25.36
33,2019-08-01T13:15:00Z,ce197d5eedb5498917afe7ca3f7275ffeb191f0c5d050bffa154c1d2,60.16531,24.9442,00000000fdda10fe,29.32
34,2019-08-01T13:15:00Z,cf05623e4d87ce0906c0b0b7dbf53aacc1228016cd27c341228b6e76,60.18203,24.91341,00000000342570c2,21.87
35,2019-08-01T13:15:00Z,dce15d9b6a7bf8880ef6f98a7621aef6c6d548ad75d3fbfc42dd2b69,60.15432,24.9211,0000000019fb59c4,18.79
36,2019-08-01T13:15:00Z,dd2c9c82cf3737146294aff6f814a1349fb0bc4bedf518715dacbe8f,60.18203,24.91341,00000000342570c2,14.89
37,2019-08-01T13:15:00Z,e8ef0cbf51b24169abb90df590796ed240038d52c8b5f99413bbf8ba,60.16829,24.94214,00000000afef4555,21.87
38,2019-08-01T13:15:00Z,efd1806e1eee5eca948bc2537df8d816e2cce41009b41189c350ce74,60.16531,24.9442,00000000fdda10fe,33.81
39,2019-08-01T13:15:00Z,f088630d7476dae7d4b7e2bb1f10575f2c89acb4b6e061f3d57c2b40,60.16531,24.9442,00000000fdda10fe,21.87
40,2019-08-01T13:15:00Z,f3c61ba73d049e24d957c452ef1e95e2d5b5d44d932f5987baab1a64,60.1538,24.95595,0000000038bf9618,29.32
41,2019-08-01T13:15:00Z,fc4f3a44235f1cfc7b53f14ba2da599976a5a0a220d23b852688e485,60.17918,24.95141,00000000675d5200,21.87
42,2019-08-01T13:15:00Z,0094a360f2f6f1444f85e7fdc290d57a5e8d6610a2b8c687bd46e69a,60.1538,24.95595,0000000038bf9618,20.28
43,2019-08-01T13:15:00Z,00d1bfad023ca71aaae1e26eceedb10a16cc9c921799f5397ea42966,60.17918,24.95141,00000000675d5200,9.12
44,2019-08-01T13:15:00Z,01dee6c9164ffea36306e6df96edf64b8d99850a5b099e3147e86546,60.17065,24.93641,000000000f4919c9,2.8
45,2019-08-01T13:15:00Z,0274adc0884465f7b460b55bb050f26445c59c492fc7cc372a55471c,60.15432,24.9211,0000000019fb59c4,23.56
46,2019-08-01T13:15:00Z,035aa83c5d9673c54be644feb4b6353959c263ce7218f25dc285a222,60.16897,24.95222,00000000aa852af1,18.79
47,2019-08-01T13:15:00Z,039b1cfe159cf7cd394923479b6d0d73154fdc2cb8f053084e1ef0df,60.16629,24.95957,00000000fb7600be,20.28
48,2019-08-01T13:15:00Z,048caea4da92e032c633024e48b4eacea658dee60f4abea9cdcfc280,60.16762,24.95415,000000006b44cce7,14.89
49,2019-08-01T13:15:00Z,049ebbc37e148e1fd667491165583f40bc415c1b97935e496f43d2f6,60.1538,24.95595,0000000038bf9618,25.36
50,2019-08-01T13:15:00Z,0508b83953da16b26e8bda2dcaf39e34a2fe1bff72baed2074a73cc6,60.15133,24.92329,00000000e8a064a4,27.28
51,2019-08-01T13:15:00Z,05b22952170b2caf0d7dcdff792e8107d93323c5865ae5d718ed197d,60.16075,24.95883,00000000f1124bca,20.28
52,2019-08-01T13:15:00Z,071b7df38035fea6f150086b6268c531b6129912b943102d81934796,60.16829,24.94214,00000000afef4555,10.78
53,2019-08-01T13:15:00Z,08cbc809dd3c78a51aa8908eefe928d1a418c30f1f566a685f790102,60.16762,24.95415,000000006b44cce7,7.69
54,2019-08-01T13:15:00Z,08e2792b0f978a541734bcace01333126610051e7869c72d582a33ad,60.17002,24.94407,000000006b087f40,20.28
55,2019-08-01T13:15:00Z,091719796217128f66071c42f666f88421dc107dbec06bc392d7243a,60.16897,24.95222,00000000aa852af1,14.89
56,2019-08-01T13:15:00Z,091a540a10badce2a4dcc93aa39f8f938c63de24425a7477ab12862c,60.16829,24.94214,00000000afef4555,7.69
57,2019-08-01T13:15:00Z,091df3c190d579cb9b43a4509eaac238fff39a48208f521f7c8dac3e,60.16075,24.95883,00000000f1124bca,10.78
58,2019-08-01T13:15:00Z,0932ee4033d067a38905b258f0c3dc6644aa7e8b04f5477d98f7e019,60.14699,24.922,00000000a53ed894,18.79
59,2019-08-01T13:15:00Z,0a7301615eed7b7ac6ea8fec0208121d33bf8c5b56c3d085d8c8d417,60.16448,24.97323,0000000053c6c2be,27.28
60,2019-08-01T13:15:00Z,0ab6ed817568600555e0208c295334f3f705a366b5ba6a66aaad1636,60.149,24.9843,00000000fffb8cf0,27.28
61,2019-08-01T13:15:00Z,0c9fb45a47a2a771b99329002e262a676d32eb6f8e7a852a5b1c8ecd,60.17918,24.95141,00000000675d5200,4.94
62,2019-08-01T13:15:00Z,0d32a6790f13ccf7f3917f353737e61d29f209b7f8649aa3507de1e3,60.16531,24.9442,00000000fdda10fe,8.38
63,2019-08-01T13:15:00Z,0d9ab33964223e1229989353a454840e6db6cd9141451ca5f56aa69f,60.15432,24.9211,0000000019fb59c4,5.91
64,2019-08-01T13:15:00Z,0e41dc4b9b375e4f2bc5c54741bd3023772cd749ec100810f56b0162,60.16448,24.97323,0000000053c6c2be,20.28
65,2019-08-01T13:15:00Z,0f2e66b0238ebdb4467bdaee2d9adedae15de6fa4ef0b553bd108c53,60.16075,24.95883,00000000f1124bca,12.69
66,2019-08-01T13:15:00Z,1060da7718f569dec87a7135303be520055f9214339b0ba25d8b569a,60.16897,24.95222,00000000aa852af1,3.74
67,2019-08-01T13:15:00Z,1132ddc0f3b2beec352d7cc76c62c2c811da971d8e8ff2b168c4b8e0,60.16762,24.95415,000000006b44cce7,16.1
68,2019-08-01T13:15:00Z,114a900cd5c406169fc7b4c465ffca590c553f58e931486e06650d4a,60.16762,24.95415,000000006b44cce7,4.11
69,2019-08-01T13:15:00Z,11504ddc3ba6292c8d112522f160e835919fdfdd9a8dd02f0d342ae8,60.16829,24.94214,00000000afef4555,11.7
70,2019-08-01T13:15:00Z,11914e0403b4ff32944492542b11b787f10469a1eb449fdfbfc86f62,60.16829,24.94214,00000000afef4555,9.12
71,2019-08-01T13:15:00Z,1199760ec38ff058a8492c8788130813aa67a61f610a5c414bc75408,60.16762,24.95415,000000006b44cce7,9.12
72,2019-08-01T13:15:00Z,11be7402cd79afa3a4c77970044291fdc62dbcd3cc2a01bab8a725c3,60.15432,24.9211,0000000019fb59c4,18.79
73,2019-08-01T13:15:00Z,120a682b828b282b03ef22cb0866beba14eba156af10f42d4e0772f8,60.16829,24.94214,00000000afef4555,13.75
74,2019-08-01T13:15:00Z,1462e02a5a56248d87bc300586175975ea4667d45f06e2f2cd1dde71,60.16075,24.95883,00000000f1124bca,11.7
75,2019-08-01T13:15:00Z,15a58faf9755f6c918d4d5f63d07593a3e3cefa5304f342291e53b8e,60.16829,24.94214,00000000afef4555,23.56
76,2019-08-01T13:15:00Z,16c362ecf75c32e574482d71f6173d28ec2ffad18548bca63099b3c4,60.15133,24.92329,00000000e8a064a4,27.28
77,2019-08-01T13:15:00Z,185aafb15e00dd51296b35ba83803de840cd91a0d81ed31429b7114a,60.16762,24.95415,000000006b44cce7,11.7
78,2019-08-01T13:15:00Z,190a9d5a948c8cb0b9234498d0927e938209d69f0edc881af50bd379,60.16829,24.94214,00000000afef4555,17.4
79,2019-08-01T13:15:00Z,19dd5000b12f5c4f23504930f48b75c7a8581e23ad3569eaca768337,60.16829,24.94214,00000000afef4555,27.28
80,2019-08-01T13:15:00Z,1a022e3f24e9875e866b614492b8a65ed991ef252c25bf3299ea3248,60.16829,24.94214,00000000afef4555,11.7
81,2019-08-01T13:15:00Z,1a56bce8f2761c53987ffc9060f38529cff44f176c6388c079069868,60.16762,24.95415,000000006b44cce7,4.5
82,2019-08-01T13:15:00Z,1bb2c32866ddb1adf0f5a9f1ef6146430b28b40fd23f764bcfbc8f41,60.16829,24.94214,00000000afef4555,9.12
83,2019-08-01T13:15:00Z,1c73d372f0e621daf09031bdeacd2d9585a03d0149fb190afb41e003,60.16762,24.95415,000000006b44cce7,20.28
84,2019-08-01T13:15:00Z,1d3285a54b86e33f823db3ca6909cc1be2b83c313aca6cd41b79e72b,60.16448,24.97323,0000000053c6c2be,18.79
85,2019-08-01T13:15:00Z,1d9de50109b56af7bf7a2b238004fa008449f7de64e2c73ac50212b5,60.16762,24.95415,000000006b44cce7,23.56
86,2019-08-01T13:15:00Z,1e08c34a0c3a2e4e2dfa4f9642d8477d820b9cbc56e6f3f2ba2916be,60.149,24.9843,00000000fffb8cf0,3.09
87,2019-08-01T13:15:00Z,1e64c5a9f906dc10d58bba55dd00b06cf25a7811c9fc69f384d1e783,60.16897,24.95222,00000000aa852af1,16.1
88,2019-08-01T13:15:00Z,1e923f83dca7debf13cc5cc9890418f394a780ddc23ef94926f57e19,60.17918,24.95141,00000000675d5200,16.1
89,2019-08-01T13:15:00Z,1e9dd8ddf1f4e437bb630fa8e6fac059c375e92e684bc47e6373403f,60.16897,24.95222,00000000aa852af1,11.7
90,2019-08-01T13:15:00Z,1f818b7c1737ed490180c16ca9485607b21dc4195775443b213f6975,60.16448,24.97323,0000000053c6c2be,10.78
91,2019-08-01T13:15:00Z,201de544b26ea9406bc73013822923c361927668515bc01624017e6a,60.16829,24.94214,00000000afef4555,17.4
92,2019-08-01T13:15:00Z,20a5325f47ed08dee2bd57aa4806f218c025e9bb09972c3d9e8bbe08,60.16629,24.95957,00000000fb7600be,21.87
93,2019-08-01T13:15:00Z,23f0b1e8a7ab43c81e450677ccbaca9e346cc187076805d8188ae727,60.18203,24.91341,00000000342570c2,36.27
94,2019-08-01T13:15:00Z,26182da29aadd3016119f01adc7cc6ab3063e0861710947f6b8d88e9,60.16075,24.95883,00000000f1124bca,18.79
95,2019-08-01T13:15:00Z,262f912ebc402b44be446d7f393242296794598a6231535c6545a9d0,60.149,24.9843,00000000fffb8cf0,16.1
96,2019-08-01T13:15:00Z,2698509f35f9542ec81cc8257b409c6d59de8c537f5ebe887d83caca,60.149,24.9843,00000000fffb8cf0,25.36
97,2019-08-01T13:15:00Z,270a69a005cf31ee21ce40f463901e69d80de4382ca0d513a583525b,60.16829,24.94214,00000000afef4555,12.69
98,2019-08-01T13:15:00Z,27b7c1a805d61bdd254cfb6a4bff106f9e69a401da5f1c3285ee5605,60.16762,24.95415,000000006b44cce7,11.7
99,2019-08-01T13:15:00Z,292298aeb4f9840177e7d8d5ca7ff154eb401d0fc248d4d5930bc408,60.149,24.9843,00000000fffb8cf0,21.87
100,2019-08-01T13:15:00Z,2949982919497c7b939a49828ec608ba5ae315006930991e361eb951,60.16897,24.95222,00000000aa852af1,21.87
101,2019-08-01T13:15:00Z,29af3ecb4c0566686a484992ce12a8d987802e3f99d3508184369421,60.17002,24.94407,000000006b087f40,25.36
102,2019-08-01T13:15:00Z,2a355eb0cec67d74a5f5cf5b2c11252770cbdd130912b7f4dc6a7375,60.16829,24.94214,00000000afef4555,23.56
103,2019-08-01T13:15:00Z,2c94734f80f1d238754a3a53bd87c0ad08dda701eba5f5b6f0c3853f,60.17918,24.95141,00000000675d5200,29.32
104,2019-08-01T13:15:00Z,2dd8629ffd0febc378ab0be71b61f76f8e00c491314f927a760e35f3,60.16762,24.95415,000000006b44cce7,11.7
105,2019-08-01T13:15:00Z,3004b57f95861dcbc505cbe89ab781674966526a063bee7072de8aba,60.16829,24.94214,00000000afef4555,11.7
106,2019-08-01T13:15:00Z,31ee4605d07a46ed8853efb17585bebdc7fcee83459b18be0f20f26a,60.15432,24.9211,0000000019fb59c4,4.5
107,2019-08-01T13:15:00Z,3250f060fab756ffa6f1148d1e94ceb839d19875b5bd92972060d6d7,60.16075,24.95883,00000000f1124bca,7.69
108,2019-08-01T13:15:00Z,33799cf4f258e3a6ce3dd943ee1287f5ff35b1d19d1259938f87bf39,60.15432,24.9211,0000000019fb59c4,9.12
109,2019-08-01T13:15:00Z,34b4fbbdb092ec9c01f3e3a66e75fdec8c8a77a15f01239873c775a2,60.16829,24.94214,00000000afef4555,16.1
110,2019-08-01T13:15:00Z,3596de141e5c269f66e0f890cd73b2faa89939bb10ad6ba0977034e7,60.16829,24.94214,00000000afef4555,13.75
111,2019-08-01T13:15:00Z,36835c324d6c0cacd67744c2e4a3f3ce39fa1c28658bde3da068e02d,60.16544,24.95398,0000000038d83d41,16.1
112,2019-08-01T13:15:00Z,37b9603fac2a6b5092d4802c1e423b23a2ffa4d6a21d8c06da96a536,60.16829,24.94214,00000000afef4555,7.05
113,2019-08-01T13:15:00Z,38b5283940531f989a46960ee3b6f0572b82b5c1c0c5ecd3687638c0,60.16829,24.94214,00000000afef4555,13.75
114,2019-08-01T13:15:00Z,38e0eea542076939b6a19a16ead0d25bd0a24fadb695a6aad59d46df,60.16629,24.95957,00000000fb7600be,14.89
115,2019-08-01T13:15:00Z,394c358676d0130dd2405b7d9e537f4b6abdf0d99b61e934bfade845,60.16531,24.9442,00000000fdda10fe,27.28
116,2019-08-01T13:15:00Z,3a690a9d1fdcc8154b98e91772bfc8bc248adc7a518b9a264ab65f5c,60.15432,24.9211,0000000019fb59c4,11.7
117,2019-08-01T13:15:00Z,3c7d5a5447cfbaf6f1c3563f040293973c6db6d2dc4019a1020b351e,60.1538,24.95595,0000000038bf9618,14.89
118,2019-08-01T13:15:00Z,3c9583df188a2aa0d035f35f79a0e63b008d4132a6455972107e5291,60.16629,24.95957,00000000fb7600be,12.69
119,2019-08-01T13:15:00Z,3ce24b6cc1dbf1ab912ccde03c6743034af4626cc8446471445639c8,60.16829,24.94214,00000000afef4555,3.74
120,2019-08-01T13:15:00Z,3dbc51e322f3fdc9007b90f0271a259203918444b037c4dc698ca66d,60.17918,24.95141,00000000675d5200,11.7
121,2019-08-01T13:15:00Z,3e3ca03a2f1e64292ba7254c92726980a23be85e8e096f7b62815805,60.17918,24.95141,00000000675d5200,7.05
122,2019-08-01T13:15:00Z,3e4206ea90c02ff9c06f664f6f001e577823834f7d9d636dc9124a6e,60.16531,24.9442,00000000fdda10fe,31.5
123,2019-08-01T13:15:00Z,3f5566bec7a2a88eb812babbb5abf06aca3c242f5e388152deadc79d,60.16629,24.95957,00000000fb7600be,13.75
124,2019-08-01T13:15:00Z,40128536c834ebfaecfc10a1962725e199e947d401e433d4e5962eac,60.16531,24.9442,00000000fdda10fe,21.87
125,2019-08-01T13:15:00Z,4167b87459ffe0fa6a494d8b22c0b2ef6dd8cc1b5a9660aec0230186,60.16629,24.95957,00000000fb7600be,21.87
126,2019-08-01T13:15:00Z,42844e90c7134ebb3ec325f57cd27cd24711c779548ebc8692a820d5,60.14951,24.92138,0000000006dd41f6,3.4
127,2019-08-01T13:15:00Z,428a8411c703b4a29d1d4f3424689e6c1a8abc6df563f02850cac927,60.17065,24.93641,000000000f4919c9,17.4
128,2019-08-01T13:15:00Z,458657f18d88f6910c03b6aa0f1ddebcc9ee0598975ada9e01f509cc,60.17918,24.95141,00000000675d5200,11.7
129,2019-08-01T13:15:00Z,478203956843e1e2d6f10f676eb632a074903d241145a93008e1bdec,60.15432,24.9211,0000000019fb59c4,29.32
130,2019-08-01T13:15:00Z,478830e26b1b9314c3f35b4ca62aba9828872733abbc7f32b78daac3,60.16531,24.9442,00000000fdda10fe,29.32
131,2019-08-01T13:15:00Z,4806a30d6ab375e1c7dcbcc822d0e64ab92e12dacff6f683d50674f3,60.16829,24.94214,00000000afef4555,31.5
132,2019-08-01T13:15:00Z,48533cbcc14fad8a10034c834ebf13b2ad602a06f04c1df8abecc091,60.17065,24.93641,000000000f4919c9,21.87
133,2019-08-01T13:15:00Z,485e32d5c35f6c8e18f9291bf6ef001b26c933c880346c3109687ef4,60.16531,24.9442,00000000fdda10fe,23.56
134,2019-08-01T13:15:00Z,488a95a1caf6634d4ab58c9b51766806204f6b05830afe1837deb250,60.16829,24.94214,00000000afef4555,21.87
135,2019-08-01T13:15:00Z,48f25973e0f7bdbab9bb650f3e7f167cef6bf6773921aed059a9264a,60.17918,24.95141,00000000675d5200,9.92
136,2019-08-01T13:15:00Z,49feaf79362a12469992e2f371dce32dfcf9e823c87b1e09a4b6c58d,60.149,24.9843,00000000fffb8cf0,12.69
137,2019-08-01T13:15:00Z,4a811e5300327e13cff41cf1a7920b06a41a4b4e55be6ee248aec840,60.16448,24.97323,0000000053c6c2be,16.1
138,2019-08-01T13:15:00Z,4bca9f64d617c6c7037ec63e289fcaa9306f65cf2d1dcf23c9a602e8,60.18203,24.91341,00000000342570c2,29.32
139,2019-08-01T13:15:00Z,4c1017bb82f132481e02ba67ff3a6fc858a57971e9902f7fb5c6392c,60.16448,24.97323,0000000053c6c2be,21.87
140,2019-08-01T13:15:00Z,4cc8f891d89ee2bcbe4f35d772b42fa4b69c0eaf212615f1232ee7d1,60.16075,24.95883,00000000f1124bca,6.46
141,2019-08-01T13:15:00Z,4d9d5ce2609d67c20e3022bb0b76aad27285c8854a1689eead686da7,60.1538,24.95595,0000000038bf9618,27.28
142,2019-08-01T13:15:00Z,50b6957615cd54815ad42bc562252fd517c26091bd6f7e34c59b9bf6,60.16829,24.94214,00000000afef4555,18.79
143,2019-08-01T13:15:00Z,50d818afeaeeb5d2d33fc16c0581679987af2c7374e7d9329b93aded,60.16762,24.95415,000000006b44cce7,16.1
144,2019-08-01T13:15:00Z,5176a0b1e1150323afc27edb48c3b172e6f57bbcb0d648f07a7697b6,60.16075,24.95883,00000000f1124bca,16.1
145,2019-08-01T13:15:00Z,522c7ba522e05cf2beb750b8cd9a27b71d447bace64e3ca42a336809,60.17065,24.93641,000000000f4919c9,18.79
146,2019-08-01T13:15:00Z,532a6e90b5cb889acae2bf4c124b6d8462b9632b79c5a5776c287b2e,60.16829,24.94214,00000000afef4555,16.1
147,2019-08-01T13:15:00Z,538e4e88ef5fb26000d392506bf8ad594d1a7a29b98dadd2b1123a79,60.149,24.9843,00000000fffb8cf0,13.75
148,2019-08-01T13:15:00Z,546d87fe883248abf808edcb893c3a2228b18604a010ed3141d7bf28,60.16762,24.95415,000000006b44cce7,17.4
149,2019-08-01T13:15:00Z,54ec607eec332ec9db07ea223f914716de4ae631fbebbc65aeaf66bb,60.1538,24.95595,0000000038bf9618,14.89
150,2019-08-01T13:15:00Z,5685b8076fad0c5f578fd09a0916ff193bd2e2a03724a697003ff80d,60.17918,24.95141,00000000675d5200,12.69
151,2019-08-01T13:15:00Z,57c51d062b12f8db981cb2ab7e784c69ccba69302bc32cfded8c65f2,60.17065,24.93641,000000000f4919c9,18.79
152,2019-08-01T13:15:00Z,59657bd7712f48f8a84cc3e9ab039b19c7ca2569483e8253a014005c,60.15432,24.9211,0000000019fb59c4,18.79
153,2019-08-01T13:15:00Z,5a0c882d8f875e871e9c1a177b0764c28dc885969c4a4d719dbca04f,60.16762,24.95415,000000006b44cce7,9.12
154,2019-08-01T13:15:00Z,5a6f1fbf04afab47e4c2b8fcf39d7df9735f71d156df2b740474516e,60.16762,24.95415,000000006b44cce7,16.1
155,2019-08-01T13:15:00Z,5af470415e88423c705189a68dc0db3877719c18837eb5394dd1882c,60.16075,24.95883,00000000f1124bca,23.56
156,2019-08-01T13:15:00Z,5b0946b6b515ccedd994f9f4a356cd07b9de28167ff46bf7b307795a,60.16448,24.97323,0000000053c6c2be,17.4
157,2019-08-01T13:15:00Z,5b0e396b62f67a2de403a46974277c0dd5c537611ac2a06e34f24a42,60.16629,24.95957,00000000fb7600be,16.1
158,2019-08-01T13:15:00Z,5bac256ac503c89654461404a31f17f03b020b2162b47a46b734f747,60.16531,24.9442,00000000fdda10fe,18.79
159,2019-08-01T13:15:00Z,5c203e68f95611b147573fc43d01f7a8489243076bd1685a52bec291,60.16829,24.94214,00000000afef4555,16.1
160,2019-08-01T13:15:00Z,5c41c60b72c733adcc585d94bc6580a053533675ea72d46a5d0babd7,60.16448,24.97323,0000000053c6c2be,23.56
161,2019-08-01T13:15:00Z,5d7adc711d4435e96f65a7081b65b7a388d3f2cd82e1b7bc5233ddb4,60.17919,24.95181,000000007b5207b6,7.69
162,2019-08-01T13:15:00Z,5dcaf2344ea26636f0d5026587038c0b6baf9d37a050971068c78034,60.173,24.92524,0000000096918cfa,2.54
163,2019-08-01T13:15:00Z,5dcdcce3e9f71354838e40f2a5750bf28e795001376ff44e8e94afd8,60.16531,24.9442,00000000fdda10fe,33.81
164,2019-08-01T13:15:00Z,5f64d085f8f76a4ebad94e8338ef890b0227b7a4dfad5e06dac4b178,60.16531,24.9442,00000000fdda10fe,9.92
165,2019-08-01T13:15:00Z,5fb3577b5225100c473fff61d1217df59b496e7fee7a821e7b02ba7c,60.16762,24.95415,000000006b44cce7,17.4
166,2019-08-01T13:15:00Z,601728828f25dd384ea89cba48eb68f8304b8868980f10a353da5546,60.1538,24.95595,0000000038bf9618,3.4
167,2019-08-01T13:15:00Z,61681882cc52b4d194358d6becf5a794245249240fad4e5ab4c3c12b,60.14699,24.922,00000000a53ed894,31.5
168,2019-08-01T13:15:00Z,61e87855d75b642a5298384251046cd90c7dcff44a078eb0414ece3c,60.16629,24.95957,00000000fb7600be,18.79
169,2019-08-01T13:15:00Z,62ba570e948aa4076c1ca63dee643c01375c98907f9bad9fe0f6d489,60.16448,24.97323,0000000053c6c2be,10.78
170,2019-08-01T13:15:00Z,65c359ab6556c2a4ac9982d844eb01ee0e83209528f095dfa0e8f61b,60.16762,24.95415,000000006b44cce7,12.69
171,2019-08-01T13:15:00Z,662fb0f8eaa32e37cb162d0e0ad6590289b51b2fec5023db90a9a87a,60.1638,24.96846,00000000d747f075,27.28
172,2019-08-01T13:15:00Z,663c4caec4af5ef2ff3c97f8c27568c4717dfc9f8d9641f686452964,60.16897,24.95222,00000000aa852af1,27.28
173,2019-08-01T13:15:00Z,6640468c9798a419d2bcd8f3382d39c1f46aa6cef9046fed16ec6753,60.16629,24.95957,00000000fb7600be,17.4
174,2019-08-01T13:15:00Z,66d251b9ff0cc78b0f920206c5f78340ce286e96873e33f49a306792,60.16897,24.95222,00000000aa852af1,23.56
175,2019-08-01T13:15:00Z,66eac2c2f64bf22d7e62089c801e1794554efd566f8adfa7545065bb,60.16829,24.94214,00000000afef4555,6.46
176,2019-08-01T13:15:00Z,684712349ba91161c0ed70c8b889ef684f10bdad1b87426471bf822b,60.16829,24.94214,00000000afef4555,13.75
177,2019-08-01T13:15:00Z,68d9c929ddbc18c83ade51258e562c115400eec4bf8eb3de5db53f8b,60.173,24.92524,0000000096918cfa,20.28
178,2019-08-01T13:15:00Z,68e7550961e89ff3bced8b033e89b7ea2b089ab2be4553f0c969ea84,60.16762,24.95415,000000006b44cce7,4.11
179,2019-08-01T13:15:00Z,68f68455311ece1640c59129f54baadeb86c7e661a066ee35a8c6ca9,60.16629,24.95957,00000000fb7600be,12.69
180,2019-08-01T13:15:00Z,69b3e455b6bb2dc4780383bef7e87f87a2c79a6783cc25ea76b34497,60.16448,24.97323,0000000053c6c2be,13.75
181,2019-08-01T13:15:00Z,6a3882a8bc692018abae840e1c7cc6d499e0bf0c618bd7b7923011b7,60.16829,24.94214,00000000afef4555,4.94
182,2019-08-01T13:15:00Z,6a4a97e3104d97e48d9fc1c9cc0bb74b008a975a252046989c52a26d,60.16075,24.95883,00000000f1124bca,17.4
183,2019-08-01T13:15:00Z,6a64483a568760a71f097b883f4c54a865f2cc79b95454de9917a555,60.16897,24.95222,00000000aa852af1,20.28
184,2019-08-01T13:15:00Z,6cedec6363d8accbabe4807f722379752fc2b476d30845181962c7c4,60.16762,24.95415,000000006b44cce7,6.46
185,2019-08-01T13:15:00Z,6d5949d3dd8400d6fdc9e718400262a91df1e94e01e8dac5ebba9525,60.14699,24.922,00000000a53ed894,29.32
186,2019-08-01T13:15:00Z,6f594b18e91aa80e00c1886d31d1361cad9b7b037d0ec9ee1c3fcf62,60.17065,24.93641,000000000f4919c9,17.4
187,2019-08-01T13:15:00Z,70bf9e5ff09417b71c091566ac9a6c5c2b6f17c95aa02c04217fdb3f,60.16075,24.95883,00000000f1124bca,9.12
188,2019-08-01T13:15:00Z,70e67101baaf5ab0f228b1bab452ac79ea497539440a4cfebecc6604,60.17918,24.95141,00000000675d5200,10.78
189,2019-08-01T13:15:00Z,71093e3b4ddc656807a3776c9a60caefa4894c0c5f48cdf0bc9beaa7,60.16762,24.95415,000000006b44cce7,9.12
190,2019-08-01T13:15:00Z,719bbebd75e647ba8fe1b266b622d6a3a44878a7de7d07eb805954ab,60.16629,24.95957,00000000fb7600be,16.1
191,2019-08-01T13:15:00Z,71c6d3b45a2cdcab94c0f621aa674bd7ccb2fce19c07f4fb79800eb1,60.17919,24.95181,000000007b5207b6,27.28
192,2019-08-01T13:15:00Z,72ada64a130204eb2ec072cdc4e4daf4d1efb4da7f01c34560b9775c,60.16448,24.97323,0000000053c6c2be,20.28
193,2019-08-01T13:15:00Z,74a556ecd5401aaf2deca9bbede903b70f4f5ea80bc1c25566fd8b5a,60.16075,24.95883,00000000f1124bca,9.92
194,2019-08-01T13:15:00Z,74acae7f23dcf5bb1d551c97b9286fff3a56348f238741518b2bda47,60.16829,24.94214,00000000afef4555,11.7
195,2019-08-01T13:15:00Z,7575a6a949ec8750e39ab5fbe8bc074eddd07c39bacf13a905960630,60.16448,24.97323,0000000053c6c2be,14.89
196,2019-08-01T13:15:00Z,75a25de3940731673462076e968176808255b2dc6f0c6617cf24070b,60.16448,24.97323,0000000053c6c2be,17.4
197,2019-08-01T13:15:00Z,767222f204ff9793879986d127a07e1086b75a0a610471fc590c6e6f,60.14947,24.91438,000000004ef3150d,21.87
198,2019-08-01T13:15:00Z,76b1abeb5c352811b96ff35cef64b9347d8256b78a22f59bcd4680e8,60.16829,24.94214,00000000afef4555,25.36
199,2019-08-01T13:15:00Z,76b9e2ab98cb5ebf504d9320ede0c8492d5fedb0cb2e4afc72658d86,60.149,24.9843,00000000fffb8cf0,25.36
200,2019-08-01T13:15:00Z,77925502d514d797d52af090eb210b71404434e842c80e927c116ae1,60.17918,24.95141,00000000675d5200,12.69
201,2019-08-01T13:15:00Z,7796349bb96e90f81e6ba377689857092111fadee74b424bf1f6e913,60.16762,24.95415,000000006b44cce7,4.94
202,2019-08-01T13:15:00Z,782f7631549523635280add8c9971d502b45e2e2884b8d819c529273,60.16897,24.95222,00000000aa852af1,20.28
203,2019-08-01T13:15:00Z,7884b4bea9be559fb7e105b00b414d859150a99c115863a13e111b36,60.1638,24.96846,00000000d747f075,16.1
204,2019-08-01T13:15:00Z,79c5703379900f781d7a0e8b47ae75447b3c375cc3805cf0f30c0411,60.16897,24.95222,00000000aa852af1,25.36
205,2019-08-01T13:15:00Z,79f5e68ff69ca0664470e324379b8ba4d86529530b003dec1d790508,60.14947,24.91438,000000004ef3150d,7.69
206,2019-08-01T13:15:00Z,7a34bda135d457e83031cc3aea62e4e789e0e2d0e19ba88108b15ea2,60.16531,24.9442,00000000fdda10fe,13.75
207,2019-08-01T13:15:00Z,7ab48526a33d968ea2f8c81e0411b98ed66638ba288e2c054fcc57f5,60.14699,24.922,00000000a53ed894,21.87
208,2019-08-01T13:15:00Z,7c4040850d4442ff193c5745050a5dae85ba277f915fe073375fa752,60.15432,24.9211,0000000019fb59c4,4.94
209,2019-08-01T13:15:00Z,7d290d49bb75e54e452a4e16b39c840f0f49208530fddd773e38fd8a,60.173,24.92524,0000000096918cfa,3.4
210,2019-08-01T13:15:00Z,7daebab9aae69df1336c32f996b42ad8a021c8fe6c71b95cfba9a1d3,60.16762,24.95415,000000006b44cce7,16.1
211,2019-08-01T13:15:00Z,7ebc9d51fc9aacf4d2135f2f4e86efa71faf8b81cb489a832be7711f,60.16448,24.97323,0000000053c6c2be,13.75
212,2019-08-01T13:15:00Z,7f5661df22583124394beb67de469f1051a50501d39ef63e024421a0,60.149,24.9843,00000000fffb8cf0,3.74
213,2019-08-01T13:15:00Z,7fd0e4df7563b9c1953bc88bab7e783512e40f83147fe1482cc1a21c,60.16075,24.95883,00000000f1124bca,13.75
214,2019-08-01T13:15:00Z,81e97afeee93e0d8cb0ea39f3f137f77f97e73fb48cd48d7c88ae483,60.17918,24.95141,00000000675d5200,8.38
215,2019-08-01T13:15:00Z,8313d956350f80e947ad5135b0cdca6070b77c3195e04c344f03d8a2,60.14947,24.91438,000000004ef3150d,7.69
216,2019-08-01T13:15:00Z,83444dd6e41efa02e946b4649d3ef7d774878ba381ed9cb407cb2464,60.17918,24.95141,00000000675d5200,12.69
217,2019-08-01T13:15:00Z,842d340f97f082321e1f35b60d3c45c1409a4eda5c9d5a398bb53a64,60.16448,24.97323,0000000053c6c2be,9.12
218,2019-08-01T13:15:00Z,84887f114539d4e28b5690a9c3b84be2d29e9fb5c23200cd49587fce,60.17918,24.95141,00000000675d5200,21.87
219,2019-08-01T13:15:00Z,84e605fc4329908b6cec62ac631a1bb821b249421fcdee5de8897875,60.15432,24.9211,0000000019fb59c4,3.4
220,2019-08-01T13:15:00Z,859cb06e67d7c508efcc2ea1af65042eb00a2a8f0eac13280a22add7,60.17918,24.95141,00000000675d5200,14.89
221,2019-08-01T13:15:00Z,86b026e41420026efe94f0a44dbd8b6567cd8cfbdaadcc641475c831,60.16075,24.95883,00000000f1124bca,11.7
222,2019-08-01T13:15:00Z,87a767d5956c13df6379686c2c3a9a016d3ff1016f2eb932889328b5,60.16829,24.94214,00000000afef4555,20.28
223,2019-08-01T13:15:00Z,889846133b7e722da091d3aeae90d3ee4cb59c2a60a8b7d5b1e58887,60.16829,24.94214,00000000afef4555,16.1
224,2019-08-01T13:15:00Z,8940d913eb18b9140a46739db499e8c61c0eda1aae538c0bac668522,60.1638,24.96846,00000000d747f075,25.36
225,2019-08-01T13:15:00Z,8a620fa47e75a9ee0d7341b2c6ca6326a6879dbf3c3915b68a6655e3,60.17918,24.95141,00000000675d5200,16.1
226,2019-08-01T13:15:00Z,8ab1f080899b61f0a7055ad5e744fe49ee08b3a8c0f1693a5a7adbe4,60.16762,24.95415,000000006b44cce7,4.5
227,2019-08-01T13:15:00Z,8b4bfbd51ed0e4019e7dd22f5623d11fc08e2a6caeb63ba60a1c5628,60.16829,24.94214,00000000afef4555,6.46
228,2019-08-01T13:15:00Z,8cf0169589133f79b6b296bfc116c17243430c05bf325f323ab5c871,60.16829,24.94214,00000000afef4555,9.92
229,2019-08-01T13:15:00Z,8d840b46195d8e883688007ea17fc354383ac0bdb4fb66825a63d6ac,60.15432,24.9211,0000000019fb59c4,11.7
230,2019-08-01T13:15:00Z,8ead00a5d1e7d874261607aaea36e002e7382e8a73761256bb39e12c,60.149,24.9843,00000000fffb8cf0,10.78
231,2019-08-01T13:15:00Z,8fcf0f3bcef88511c3386998ba149b05f9e246991ced3c40c57fd404,60.16897,24.95222,00000000aa852af1,21.87
232,2019-08-01T13:15:00Z,8febd8f3291ff1dfae07950e23ea2c1825e3935cd00bf76275f5129e,60.15432,24.9211,0000000019fb59c4,18.79
233,2019-08-01T13:15:00Z,904d8442b63b4b928d3cd185efab0018fcb5d5104542135180bfb8c4,60.16075,24.95883,00000000f1124bca,16.1
234,2019-08-01T13:15:00Z,912b4be91cf398ef264c60cf89d491e915ff145a1865f901eadb8aed,60.16531,24.9442,00000000fdda10fe,6.46
235,2019-08-01T13:15:00Z,9158ba8a117390be49d90c56214766a663e130844b68960d5606bee5,60.14951,24.92138,0000000006dd41f6,18.79
236,2019-08-01T13:15:00Z,915c54c44f3b7db3d87439d734a11408f7e7c3198eb4ec2541c641f0,60.14947,24.91438,000000004ef3150d,14.89
237,2019-08-01T13:15:00Z,91f0bed0078f0296b8d9bfa041709f349cca5ef5c47f62fc2c818e3f,60.15432,24.9211,0000000019fb59c4,17.4
238,2019-08-01T13:15:00Z,93f445a675d6ef6bf590e730a16c16056dfbc4cc84879c9eec14c5cb,60.17918,24.95141,00000000675d5200,16.1
239,2019-08-01T13:15:00Z,956995c7e1bef05311b698ef27143571447de1b69bea23f2b26236f4,60.16762,24.95415,000000006b44cce7,5.41
240,2019-08-01T13:15:00Z,9581f6cb877328fc1652540b0115c9e752281b9f04e6a1dc2c14534c,60.16829,24.94214,00000000afef4555,17.4
241,2019-08-01T13:15:00Z,95df839f7c4ab4371efbe4f103f440b1a8f25452663fbf66c3b2f242,60.16531,24.9442,00000000fdda10fe,3.09
242,2019-08-01T13:15:00Z,96d1196ed5523f49f5f7c94f41aceaef6354c5adff0195599ec68bb4,60.17002,24.94407,000000006b087f40,4.94
243,2019-08-01T13:15:00Z,97b427b58bcb18b196e8eb8cb191bb73e3573b37b3ee8a47a830b947,60.16897,24.95222,00000000aa852af1,8.38
244,2019-08-01T13:15:00Z,994c65b8cea99405d64da1bd9dffdfb659aeffd73c10d9afb49fd67b,60.16762,24.95415,000000006b44cce7,9.12
245,2019-08-01T13:15:00Z,99a026b5100e23129fa529e9a57a3dbc8490dc03b58f2193f03e2dcf,60.14951,24.92138,0000000006dd41f6,6.46
246,2019-08-01T13:15:00Z,9a86e210b41d4dc5fcc1282dde294d196805c73eb41d320cb39ce615,60.17065,24.93641,000000000f4919c9,21.87
247,2019-08-01T13:15:00Z,9b1182ffc14cdebe5175955b65da2d45743e3cbd0ecbe1c8cdd8005d,60.16075,24.95883,00000000f1124bca,21.87
248,2019-08-01T13:15:00Z,9b4cffec1e75bae91dfa0651d72d2fc21ea836a8c6d4f9b618e728e9,60.149,24.9843,00000000fffb8cf0,14.89
249,2019-08-01T13:15:00Z,9b6d73f76e27f6de9dc5d4f12b225669c43327f2a8674e62d6b89921,60.16544,24.95398,0000000038d83d41,16.1
250,2019-08-01T13:15:00Z,9c0f702d07edab71a648c9daa3c4b2e54e5f84cbf1077c7e204d91af,60.17919,24.95181,000000007b5207b6,16.1
251,2019-08-01T13:15:00Z,9c5f76b05153f2016aadea16024e7b563c7c189963642dc8017b184c,60.16448,24.97323,0000000053c6c2be,13.75
252,2019-08-01T13:15:00Z,9c94c6e4e251e3cb754ac1e15bceb377c5bd6c19c3edbd4b18eed4ec,60.16629,24.95957,00000000fb7600be,17.4
253,2019-08-01T13:15:00Z,9ced11f19a20b65c72872116543a830153706d1c66ca9b7564bd3eff,60.16629,24.95957,00000000fb7600be,21.87
254,2019-08-01T13:15:00Z,9d1129dce89376a838c4150532cd1ba918670aa33986b90c58779b0c,60.16897,24.95222,00000000aa852af1,13.75
255,2019-08-01T13:15:00Z,9dcd512bbf5a7dd4849b5f495ce49c951e724a1cd224ababe64f2aca,60.16075,24.95883,00000000f1124bca,11.7
256,2019-08-01T13:15:00Z,9e5021dffc4f4ee1fb689781e1c1692658ba46b3e8b1e59c7ed8b687,60.16829,24.94214,00000000afef4555,7.05
257,2019-08-01T13:15:00Z,9e76be572add57c445ff0d72c34bd4c841efdfea50ddb5b798fcd2bd,60.16075,24.95883,00000000f1124bca,13.75
258,2019-08-01T13:15:00Z,9ea22cba5692099146ce44564357ca9453f6ab06191e2c219ef5ed6b,60.16762,24.95415,000000006b44cce7,11.7
259,2019-08-01T13:15:00Z,9ebbe2fb51669807b30a52927d5d2870addb431c66b91dcc01828987,60.1638,24.96846,00000000d747f075,25.36
260,2019-08-01T13:15:00Z,9ef09e84b73f7baecbeae755a66d7aec581025f2a3ed93448b7865bb,60.149,24.9843,00000000fffb8cf0,31.5
261,2019-08-01T13:15:00Z,a03604ed331adec05c324f4030435562e44d9365ac001664c3e26870,60.16829,24.94214,00000000afef4555,0.34
262,2019-08-01T13:15:00Z,a05234b0b13f1c10e4976bbb734790f200aa2997bd9f092020eaf916,60.16629,24.95957,00000000fb7600be,7.05
263,2019-08-01T13:15:00Z,a1b93dc818569c64ab9ded48daa69838cd3fefbcbbdcec82744e8b1b,60.16762,24.95415,000000006b44cce7,9.12
264,2019-08-01T13:15:00Z,a36f47887ad578d926301eff3dba7f146fea09fb1d54ea3d65e8ba4d,60.16075,24.95883,00000000f1124bca,7.05
265,2019-08-01T13:15:00Z,a3e91df0fc93deae052e572015e6cdc75cbb7f0118cbdd757e1f52e4,60.16544,24.95398,0000000038d83d41,23.56
266,2019-08-01T13:15:00Z,a61a327986acdc508c8a38093ced48fb6c6096dad1d3a542aaad6cb1,60.16762,24.95415,000000006b44cce7,12.69
267,2019-08-01T13:15:00Z,a6c1cae1f00b4b1dd8634c5b7b70cfa97422fd55128364adc677d706,60.16075,24.95883,00000000f1124bca,4.94
268,2019-08-01T13:15:00Z,a6d010615b0732a971c180467cd17865327688c7e6c60628c3d452d3,60.16762,24.95415,000000006b44cce7,10.78
269,2019-08-01T13:15:00Z,a83b1f1a47ec3ae669042429278a092adf15a64c40968d247e5f44eb,60.14947,24.91438,000000004ef3150d,8.38
270,2019-08-01T13:15:00Z,a8ff212715a35cd222a373fbf6147b1c860b19625196cff8a4aaded0,60.16448,24.97323,0000000053c6c2be,14.89
271,2019-08-01T13:15:00Z,aab01fd69b5c71b1555c096b242be50ed96159b8f6e89e84e5f2a4ee,60.16762,24.95415,000000006b44cce7,14.89
272,2019-08-01T13:15:00Z,ac802f03ff8fe605f99030d5ba183f0c872cef5c4ef0b76344841a35,60.16629,24.95957,00000000fb7600be,8.38
273,2019-08-01T13:15:00Z,ad0e7dfab0c5e6ee3d125f271186e7a890adee947de0cdae347d7b08,60.16531,24.9442,00000000fdda10fe,13.75
274,2019-08-01T13:15:00Z,ad6ec863eb11a05b34ee260747ab6ac02e0f7adfb4bc72dc5320b5f2,60.16762,24.95415,000000006b44cce7,11.7
275,2019-08-01T13:15:00Z,aeaac8da62d141ccd74264b964daa8fbbdbe2e2d17e195e24a23e56a,60.16897,24.95222,00000000aa852af1,21.87
276,2019-08-01T13:15:00Z,af7e45c7201cb2c310813e449001dbd8985bbea537c3490bd09ccee3,60.15432,24.9211,0000000019fb59c4,5.41
277,2019-08-01T13:15:00Z,afa44b33453142e34d8067ff5e6f943a8b9061f05e47d3fdbadc4bf5,60.17918,24.95141,00000000675d5200,10.78
278,2019-08-01T13:15:00Z,b016c46e409ff991e9eb4d6ccef1580850ed26d1a029ac3b1ca2b711,60.18203,24.91341,00000000342570c2,33.81
279,2019-08-01T13:15:00Z,b01d3c526317f0d7000d20bfd2cffb4d818290948739b0d50be3aad1,60.16075,24.95883,00000000f1124bca,8.38
280,2019-08-01T13:15:00Z,b0572c4a01b329665d3543058f9da1660bbaaba467b8bc60594180c0,60.17002,24.94407,000000006b087f40,31.5
281,2019-08-01T13:15:00Z,b17a8af473d88b03b6d9517fb6b728c61c6bcc43a3de1e03bc363e09,60.16829,24.94214,00000000afef4555,18.79
282,2019-08-01T13:15:00Z,b215425391757bf00ef72f12c39ac46c822a90d444e38134993314a9,60.149,24.9843,00000000fffb8cf0,13.75
283,2019-08-01T13:15:00Z,b42d164416373fc3a3087c22f2cb547bdbd496340b304277399e7e77,60.16448,24.97323,0000000053c6c2be,7.69
284,2019-08-01T13:15:00Z,b432c205a992faaa734384432dcd5c5a93b754681b551e9e078de252,60.15432,24.9211,0000000019fb59c4,6.46
285,2019-08-01T13:15:00Z,b4597a06f7e102f6ca0bcdc8e270cc6779c5553271602feebff0ab43,60.16762,24.95415,000000006b44cce7,5.91
286,2019-08-01T13:15:00Z,b46ebefa5a00bc4c7c9df9509640a7fe2c2228c410f001bde91f2406,60.1638,24.96846,00000000d747f075,31.5
287,2019-08-01T13:15:00Z,b5d53c6301bd8595654bc1d47918d989aabd5c6131a65c54ed2be65a,60.17065,24.93641,000000000f4919c9,9.12
288,2019-08-01T13:15:00Z,b62bffd124b0982ba446179c21beb0af278f4d29d43b08484b3e612b,60.17918,24.95141,00000000675d5200,9.12
289,2019-08-01T13:15:00Z,b6f004eeee67043a59a8c7c7f6c6322ce7fbd20f0086f40dede6901a,60.16897,24.95222,00000000aa852af1,10.78
290,2019-08-01T13:15:00Z,b78acdbb7e7d850f4562ff4e800f0fad7f0f533091672bedf9b42e81,60.15133,24.92329,00000000e8a064a4,18.79
291,2019-08-01T13:15:00Z,b7fe0b04e713610144553650ada3eaede26c460eaffc549b1a311d78,60.15432,24.9211,0000000019fb59c4,4.94
292,2019-08-01T13:15:00Z,b83ab20dc2f823305e755671fa8c32df205637a69a58386b72451ed5,60.16762,24.95415,000000006b44cce7,7.05
293,2019-08-01T13:15:00Z,b9edc52de7f86eddec2d8e6d9cc07fbcab320684484c2a64f7866e4c,60.16897,24.95222,00000000aa852af1,7.05
294,2019-08-01T13:15:00Z,b9f8fb96fe4112fff7203be0fcf5674899290c28581c1e176943071e,60.16829,24.94214,00000000afef4555,18.79
295,2019-08-01T13:15:00Z,b9fe73a066d0bca9019005d0c757c841bc4c14774ef6f04db138f0d9,60.16762,24.95415,000000006b44cce7,17.4
296,2019-08-01T13:15:00Z,ba38cef1f976af3cbc487bc182307ffaccd88ae300d7be79880dbae5,60.149,24.9843,00000000fffb8cf0,12.69
297,2019-08-01T13:15:00Z,ba4afd3ba64e6be6da5b6432f3423836b7e9cbb74f9daf9dde92f8b1,60.16897,24.95222,00000000aa852af1,17.4
298,2019-08-01T13:15:00Z,bb644aa629f488e8006897cc34ab36b1c1a5c667b3ac38b2f44809d2,60.16075,24.95883,00000000f1124bca,7.05
299,2019-08-01T13:15:00Z,bd9a97ac9cf53b7978e69a3b4556d3c810427bce68b7b5fd26474694,60.16762,24.95415,000000006b44cce7,8.38
300,2019-08-01T13:15:00Z,be2c1ba1a2dba70d0ba777c50e920d36b2e418a4e1de397ea2666827,60.17919,24.95181,000000007b5207b6,13.75
301,2019-08-01T13:15:00Z,c0c8541358eae5b7c1e19b714597141b60e2407cf14f73aae1df8734,60.16448,24.97323,0000000053c6c2be,18.79
302,2019-08-01T13:15:00Z,c122a932f8041c32d62602bda7678e6661ff0fe6e2eb6670e09bf47f,60.16829,24.94214,00000000afef4555,8.38
303,2019-08-01T13:15:00Z,c1dd3dfb229825aac5823fd0e546a20fed746901c28c0ee9fa825a80,60.149,24.9843,00000000fffb8cf0,18.79
304,2019-08-01T13:15:00Z,c2f972ea7dc922ac0e92cfbb7120465b3ce7c5b5cb8454707c83cf20,60.16544,24.95398,0000000038d83d41,18.79
305,2019-08-01T13:15:00Z,c30f21714bb72916cef2d5ed8abe1d67e56a896258eeb3d8f863d59a,60.16762,24.95415,000000006b44cce7,8.38
306,2019-08-01T13:15:00Z,c359568c443a629fc03bd49b2dd59575718b241144c99d79231a9ded,60.16829,24.94214,00000000afef4555,12.69
307,2019-08-01T13:15:00Z,c4181bd5c2989f1562f0d1ec81e1772cbe26ee011dad6714f6cd5652,60.16075,24.95883,00000000f1124bca,2.3
308,2019-08-01T13:15:00Z,c4e94f7b94e11812c00664f4a11cf98785af388916d9238e63ff63c7,60.18203,24.91341,00000000342570c2,21.87
309,2019-08-01T13:15:00Z,c80e7c310a56074094f6e6ed35ea132002cafeaea1c14b3647e8814a,60.16762,24.95415,000000006b44cce7,12.69
310,2019-08-01T13:15:00Z,c827586c6279fffb7b478dd833044fca24983465e9478709a55d1d84,60.17918,24.95141,00000000675d5200,8.38
311,2019-08-01T13:15:00Z,c922ea600fd5657a799e65c7a8f873daf4dc198373388f72cc2a5872,60.16629,24.95957,00000000fb7600be,8.38
312,2019-08-01T13:15:00Z,cba0410a57235a3648edef35fda340dd59de39da59d8d19b3385fe46,60.16897,24.95222,00000000aa852af1,27.28
313,2019-08-01T13:15:00Z,cc7a64cd202f5d106ea2548fdec96620018e289cc829316f3113e0b1,60.16829,24.94214,00000000afef4555,9.12
314,2019-08-01T13:15:00Z,cc93f2b72758aa385d491e78287ca782af87d76084f4c1bb4a0b0252,60.16629,24.95957,00000000fb7600be,18.79
315,2019-08-01T13:15:00Z,cc950c3a466c35f86c7bfa063842fd4f92441971a1c372b8027b23ae,60.1538,24.95595,0000000038bf9618,5.41
316,2019-08-01T13:15:00Z,cc9892a374fdc91dfa7332dfb3cd00f2b9bb14274b4e6b2465c07e6e,60.16629,24.95957,00000000fb7600be,12.69
317,2019-08-01T13:15:00Z,cca1fa08aef9ebb2014cdded18714ad1158eb51ac8787ea42d44211f,60.16829,24.94214,00000000afef4555,0.34
318,2019-08-01T13:15:00Z,cd7abcc478a57b632060eff1e4dac207cb644c9b7a1e2d00387394f0,60.149,24.9843,00000000fffb8cf0,31.5
319,2019-08-01T13:15:00Z,ce3899ddf827542f5f0f0c208cf936c0ac300eb5575e79e14e1d65c4,60.16629,24.95957,00000000fb7600be,11.7
320,2019-08-01T13:15:00Z,ce8fadf30c6b48fb09cc3cbd8f9231486cc37ccbff1ca750538ec741,60.15432,24.9211,0000000019fb59c4,38.87
321,2019-08-01T13:15:00Z,ceb9fda4b19bd0e74d96860cf72ccd97e62b5db0f7a67493701a972e,60.16448,24.97323,0000000053c6c2be,10.78
322,2019-08-01T13:15:00Z,cf2fd933ebc1cbf4a6986185a829517c382f7abd5a3d7277dd1ca56e,60.14947,24.91438,000000004ef3150d,14.89
323,2019-08-01T13:15:00Z,cf71fa442f2ba09a473935a6d7b57f1d3f2a60af2266d5a117e73251,60.18203,24.91341,00000000342570c2,9.92
324,2019-08-01T13:15:00Z,d18fbf4ebf077833de9319b6113e3c8f3ed0e5b37a7cbfd591114293,60.16829,24.94214,00000000afef4555,9.12
325,2019-08-01T13:15:00Z,d4ed743c9e813c2854f20bbce5162a1192dbfe5aa176c42844c96e9a,60.16075,24.95883,00000000f1124bca,5.91
326,2019-08-01T13:15:00Z,d57b29f2c79ae996787f12731f284110fb900b10b0f24a2d931cdfe9,60.16448,24.97323,0000000053c6c2be,29.32
327,2019-08-01T13:15:00Z,d692df530e76e5dafaf648097d979136dd45ad05b4cc29074a0fac53,60.15432,24.9211,0000000019fb59c4,4.5
