,time,hash,latitude,longitude,serial,distance
0,2019-08-04T08:15:00Z,0d767c57ddb21e71889207548938359b6820ec48093823d1ee2de8ad,60.16762,24.95415,000000006b44cce7,2.8
1,2019-08-04T08:15:00Z,0f63eeb9ec9f8cb436cf6d1dabee79a65605e920219c47beb90039b3,60.16762,24.95415,000000006b44cce7,12.69
2,2019-08-04T08:15:00Z,14c7e1511b70f4dd3359cbece1377aebb4d70531f5489eefe53d7c3c,60.16544,24.95398,0000000038d83d41,23.56
3,2019-08-04T08:15:00Z,1f12b7a08c4c6b707a86eaa729298ae2aca521c938256b0bf3033761,60.17919,24.95181,000000007b5207b6,14.89
4,2019-08-04T08:15:00Z,3944bc7a301be7241d1f7bc4a97f221000d535ce3d8a9af9af9b23b5,60.16531,24.9442,00000000fdda10fe,29.32
5,2019-08-04T08:15:00Z,3b5cafe90982db26cf737b2e4cd4275276f6a031bca3b2a1f73023b2,60.14699,24.922,00000000a53ed894,11.7
6,2019-08-04T08:15:00Z,43b676ed3aef4c2d8846694817e76117873be52e7f788e0cb366c1c4,60.16629,24.95957,00000000fb7600be,33.81
7,2019-08-04T08:15:00Z,461e905f0d14e021c2cf09f9a5e21d63a744917cada5ffec55cf4372,60.1638,24.96846,00000000d747f075,11.7
8,2019-08-04T08:15:00Z,5bbb5184fded3e51bc78e45e39917794285e6bbc72da404802a9599a,60.16531,24.9442,00000000fdda10fe,33.81
9,2019-08-04T08:15:00Z,5d65719c4cbf045f068d084b72302f447d5fd034413d97d13be00d0e,60.18203,24.91341,00000000342570c2,21.87
10,2019-08-04T08:15:00Z,5eed115a984d490b02b602d73787aee8dc8c4e9365b77fbff3818a76,60.16629,24.95957,00000000fb7600be,13.75
11,2019-08-04T08:15:00Z,636c1441ba9030f42aef0db0329bc80c66402b486079e40b1960547e,60.16762,24.95415,000000006b44cce7,17.4
12,2019-08-04T08:15:00Z,6a70e2fbced719333e21eff04fcb9cb36bae9a04d1a3d6ddd96f2c58,60.15432,24.9211,0000000019fb59c4,18.79
13,2019-08-04T08:15:00Z,6dfa522a6ac4035ec6cd4366586d43bf050a11306d2e07ed7af22f9c,60.17918,24.95141,00000000675d5200,7.05
14,2019-08-04T08:15:00Z,6f06341f358e61699fe1e55e986dd0554bc8da28b91daf0c5ad99db6,60.16629,24.95957,00000000fb7600be,18.79
15,2019-08-04T08:15:00Z,747f2d1ebff218c0ebbdc0fdaef4cbe56633dfb46ae1b1f8c8142201,60.16762,24.95415,000000006b44cce7,13.75
16,2019-08-04T08:15:00Z,793101e1460a163336a3cac64fab8c81000c19084220aefc41e83e08,60.14951,24.92138,0000000006dd41f6,21.87
17,2019-08-04T08:15:00Z,79f136afa0dd8717337c01c70b457c464aaf0fa25b440f51a394ec23,60.16762,24.95415,000000006b44cce7,14.89
18,2019-08-04T08:15:00Z,7de75f59d3110cdf6e742fba9785ed0399f83ea50e4c5d255adb21ff,60.16897,24.95222,00000000aa852af1,29.32
19,2019-08-04T08:15:00Z,814f98f5b7f1dcc5fda2e6aff53136550f6a33fe49f0e4c50bb08576,60.16762,24.95415,000000006b44cce7,21.87
20,2019-08-04T08:15:00Z,87dfaad29a9276ddddb1fa021d3bc23ad14824c1af16f7d87e713689,60.14951,24.92138,0000000006dd41f6,12.69
21,2019-08-04T08:15:00Z,89982a6acf91b79a282a6b63978e946ee205f303fcd20e944e06baf0,60.16544,24.95398,0000000038d83d41,16.1
22,2019-08-04T08:15:00Z,9843c6216661048343a0e49cf3d8aa2883cf77f452666a1c873a1052,60.16448,24.97323,0000000053c6c2be,16.1
23,2019-08-04T08:15:00Z,a506a154c6c5b283e4a4d0fd34829d9c1a11ba0feede5f3cea1dd336,60.16897,24.95222,00000000aa852af1,44.58
24,2019-08-04T08:15:00Z,b4c20e932f0317cbd4dbd1d7a37b44a5db1d3098f60e35f17c5732ef,60.17002,24.94407,000000006b087f40,25.36
25,2019-08-04T08:15:00Z,b5fd6b317890e5ab2d79e2cd1abe61626d45a753c7337d0d40728898,60.16762,24.95415,000000006b44cce7,9.12
26,2019-08-04T08:15:00Z,c40c37def6bf11a63a2556519a7c6233fd417cdeea2cf14f28e7c42c,60.16531,24.9442,00000000fdda10fe,18.79
27,2019-08-04T08:15:00Z,cf05623e4d87ce0906c0b0b7dbf53aacc1228016cd27c341228b6e76,60.18203,24.91341,00000000342570c2,21.87
28,2019-08-04T08:15:00Z,d214b7932f7f94b2d62ea6709b15238081f582bbd18187fbfb136a7c,60.1638,24.96846,00000000d747f075,7.05
29,2019-08-04T08:15:00Z,e8a3f9989b92ca25b37254bbeed32fd40c4e06d6322ba4b873eae590,60.16448,24.97323,0000000053c6c2be,29.32
30,2019-08-04T08:15:00Z,f088630d7476dae7d4b7e2bb1f10575f2c89acb4b6e061f3d57c2b40,60.16531,24.9442,00000000fdda10fe,23.56
31,2019-08-04T08:15:00Z,f4f32dda3197b468dc53715c126170fca3f15aa14c5434524f7af8cb,60.16762,24.95415,000000006b44cce7,3.74
32,2019-08-04T08:15:00Z,f6609ab1076b1105bb845595a03b41b8fbb282f79c337df5bbc9f841,60.14699,24.922,00000000a53ed894,12.69
33,2019-08-04T08:15:00Z,fc4f3a44235f1cfc7b53f14ba2da599976a5a0a220d23b852688e485,60.17919,24.95181,000000007b5207b6,14.89
34,2019-08-04T08:15:00Z,0058b13d09cb010f08b8b75af8d29a775309f5c4fff94c6cbdb7d153,60.16762,24.95415,000000006b44cce7,11.7
35,2019-08-04T08:15:00Z,01137cc11b1b24efb5903c6b8bd523efad4b7c3e2331150b881c61fc,60.17065,24.93641,000000000f4919c9,31.5
36,2019-08-04T08:15:00Z,01f1e5ab2781aee1ff4b1a69c65d8d6e21b576dabeccce4530527c93,60.16762,24.95415,000000006b44cce7,9.92
37,2019-08-04T08:15:00Z,046d1efbbc60035abe71fd9a4174023425c7b4dc5c5d964e9361ede1,60.1638,24.96846,00000000d747f075,12.69
38,2019-08-04T08:15:00Z,04cc80c5581f8bc59dbf628b8c1dfb30a8332e3f0e601bc5e102043b,60.16829,24.94214,00000000afef4555,6.46
39,2019-08-04T08:15:00Z,0520865617d82ddba2f279543bc2c13c8ad27289dac6cdac1272dab5,60.16762,24.95415,000000006b44cce7,7.05
40,2019-08-04T08:15:00Z,054098cfce91d98814d5280bfea59e72830d8a9c8403c53e1bfb5383,60.16544,24.95398,0000000038d83d41,14.89
41,2019-08-04T08:15:00Z,058679041253a179b0efb6b10e9c884c6326278194e21f821365dc63,60.16762,24.95415,000000006b44cce7,17.4
42,2019-08-04T08:15:00Z,06058b1c805701e846ea82427e713f337a06afc0b9ac87fa143a2a18,60.14699,24.922,00000000a53ed894,9.92
43,2019-08-04T08:15:00Z,067ade86cd4cac6fd4c64c41006f59e898f48761cd082b6fff906995,60.1538,24.95595,0000000038bf9618,18.79
44,2019-08-04T08:15:00Z,06eb911c9fdce66005f78b68d8c3303289bdbe0b51146a90047da7d5,60.16544,24.95398,0000000038d83d41,23.56
45,2019-08-04T08:15:00Z,07e47e1d515550dd965554b20d38af247238e03ae5f2c726da16cfe9,60.17918,24.95141,00000000675d5200,23.56
46,2019-08-04T08:15:00Z,08a9ed98437b9897ec4721d36c648b8ea80a3bd48951b192abe73a91,60.18203,24.91341,00000000342570c2,16.1
47,2019-08-04T08:15:00Z,09192e1d5999592e5cff979f10b3d029d6ce82b52b3164ea10b18358,60.14699,24.922,00000000a53ed894,16.1
48,2019-08-04T08:15:00Z,0a54ac18300b4dce0a944130268f8f91c41f28353a7ed833c2573c61,60.16762,24.95415,000000006b44cce7,13.75
49,2019-08-04T08:15:00Z,0ad2c5c16a4c3f4f56b91a058a79d9e6edf5635d3a46fbe467d284e9,60.17065,24.93641,000000000f4919c9,20.28
50,2019-08-04T08:15:00Z,0da6c2ddbf606d0becaa665338e2c0112f1201b78d99a47e406f68a9,60.1638,24.96846,00000000d747f075,20.28
51,2019-08-04T08:15:00Z,0fed0b42a1947f2ca84a86d54df59eb1ff2050c983e94f2e2a0578b5,60.16897,24.95222,00000000aa852af1,38.87
52,2019-08-04T08:15:00Z,1059eb5abc1f25f4d2b3f2ef44e79bb433b684e4ff4277e4deb6330f,60.17065,24.93641,000000000f4919c9,9.12
53,2019-08-04T08:15:00Z,1263c84a3aefec4eed5098eed04648ca69958fac0784ed022a6c647c,60.14699,24.922,00000000a53ed894,21.87
54,2019-08-04T08:15:00Z,1514bef104f493b8323027a9e15f7351d4bb33acdd695c15f41ae7ff,60.16629,24.95957,00000000fb7600be,16.1
55,2019-08-04T08:15:00Z,1582eadadac231c65ed84e8e7f1c91cec4dc34bb6d2f61b9fff761f8,60.16762,24.95415,000000006b44cce7,20.28
56,2019-08-04T08:15:00Z,158847cbe05cdd64beea2ea4df038d13dc6b36b4fb3ce85049e695af,60.17918,24.95141,00000000675d5200,23.56
57,2019-08-04T08:15:00Z,168d54a78aad7522460fdf9190d2a789fd97706821301f2771777224,60.17919,24.95181,000000007b5207b6,10.78
58,2019-08-04T08:15:00Z,185a1c83613af881de3c7fc7a831291412d99b1fbde5516fe1d21dcc,60.14699,24.922,00000000a53ed894,16.1
59,2019-08-04T08:15:00Z,1a52cb424f9368f3822032165fdcd5adde8b5db51c9b2c390091a985,60.17002,24.94407,000000006b087f40,16.1
60,2019-08-04T08:15:00Z,1b38c66ba8709c8fd13b3a269e92a23fb4ecf4972113fd556c0fe1ce,60.173,24.92524,0000000096918cfa,21.87
61,2019-08-04T08:15:00Z,1c4160ae618b9347c4e43e84f17ce77f77040f36d379669dbe132c69,60.1638,24.96846,00000000d747f075,18.79
62,2019-08-04T08:15:00Z,1ccdbda2f913c5a3ca8a9784681ddd62376e6de8d9b9960161062464,60.16629,24.95957,00000000fb7600be,21.87
63,2019-08-04T08:15:00Z,1d79177fe11572184af7fecfa01581baaa6bb5f367ed7aa1d9d3a489,60.14699,24.922,00000000a53ed894,10.78
64,2019-08-04T08:15:00Z,1dacfb371d75dd4f90f447aac2a00faad98beb4188a6971c19eb2375,60.16629,24.95957,00000000fb7600be,25.36
65,2019-08-04T08:15:00Z,1e6e0dd50140548049f36c22845e92b140c9c8b4f2d31179f65ccf47,60.14699,24.922,00000000a53ed894,20.28
66,2019-08-04T08:15:00Z,1fab3763b0c32ac9dd774733e3c2d217328561c6444262a1afd61ded,60.16762,24.95415,000000006b44cce7,8.38
67,2019-08-04T08:15:00Z,1fb596d24103ce737c414fddadeb743ff5170c1db8e134cf49e4d5b4,60.17919,24.95181,000000007b5207b6,14.89
68,2019-08-04T08:15:00Z,2189ae5117e72a906e6a0e7697093173cbba8897800b908da7d7adac,60.1638,24.96846,00000000d747f075,27.28
69,2019-08-04T08:15:00Z,21c48590143946c9345a1e3e0474087fe9caaa6147d89549c9376a48,60.16897,24.95222,00000000aa852af1,16.1
70,2019-08-04T08:15:00Z,235390f659850d786bf88ca794b9698779a30f1a1f21a306ddcbe8d6,60.17919,24.95181,000000007b5207b6,10.78
71,2019-08-04T08:15:00Z,240c85ddaf93ded7caea3cea0c5f0cb6ec2ba49db2869a596e7250db,60.14699,24.922,00000000a53ed894,8.38
72,2019-08-04T08:15:00Z,24477cb8974e016085e9d0ed8da5b7f25b9ebfafc2b9621e1c4765c4,60.16762,24.95415,000000006b44cce7,10.78
73,2019-08-04T08:15:00Z,260252f5d0558d619cc870712f2a33349042825fc51a42178a80dc4b,60.14699,24.922,00000000a53ed894,4.11
74,2019-08-04T08:15:00Z,2723b5c85233525710e21d7f8633f7fbcf0bf72b2a2ecfe2d9638016,60.16762,24.95415,000000006b44cce7,20.28
75,2019-08-04T08:15:00Z,27b4821bd98dc7d448107e081b5b927b58e73f92cb7c97cf510b6f23,60.1638,24.96846,00000000d747f075,27.28
76,2019-08-04T08:15:00Z,28b50d0e674f3cf75e4e250610db90fe40fa5b373195e445c6714a21,60.16897,24.95222,00000000aa852af1,18.79
77,2019-08-04T08:15:00Z,290c7a658b3c893d5c1a89260e62f13907c5f276f74bdf2d50119a6c,60.1638,24.96846,00000000d747f075,11.7
78,2019-08-04T08:15:00Z,2b92737eac119fd554daecdc689c3bcd7b9b687f0a620a7f470bebc4,60.16762,24.95415,000000006b44cce7,7.69
79,2019-08-04T08:15:00Z,2c1431275aca089afdddfe44ea143c2dabe0f1b35010c2a4277f04d6,60.16762,24.95415,000000006b44cce7,10.78
80,2019-08-04T08:15:00Z,2e09fcc07c5939ecc2098a6e01ef49f6b26db745fbdab0bf3555d2eb,60.16829,24.94214,00000000afef4555,20.28
81,2019-08-04T08:15:00Z,2e4892575d3082ad8e35b30c800b10168d13c8bc449b193e3476ed83,60.1538,24.95595,0000000038bf9618,27.28
82,2019-08-04T08:15:00Z,2ea4dedcb9c4c1affd0b1b778d7ded4449ae2247346ac0b378371da4,60.14699,24.922,00000000a53ed894,9.92
83,2019-08-04T08:15:00Z,2fb33b31f4c100c69026355e1341aeb2b6966c7f7909f064d424c3c5,60.16829,24.94214,00000000afef4555,7.05
84,2019-08-04T08:15:00Z,2fc11c9de33d36a80ae7248e9855daf4645bbfdefc32f51985ad0452,60.14947,24.91438,000000004ef3150d,3.74
85,2019-08-04T08:15:00Z,33172c8ddec0b0f718853110078c522415d9829ff626377a28f2c66f,60.17002,24.94407,000000006b087f40,20.28
86,2019-08-04T08:15:00Z,35db56674826200ef4c5e135a221233123b957181115772b92c4702b,60.16629,24.95957,00000000fb7600be,14.89
87,2019-08-04T08:15:00Z,3630104c5c410c637030e5e496bf9bfd3a0d4031cafb604fbf63d570,60.17919,24.95181,000000007b5207b6,8.38
88,2019-08-04T08:15:00Z,37fbfd387eeb42005cdb4a9af0ca1b6de9fefdaed81ae7ff2931d52c,60.16075,24.95883,00000000f1124bca,3.4
89,2019-08-04T08:15:00Z,38b410d34a44befef584a81ba77d8b5bd3d6697f711a44e2cd85d718,60.14699,24.922,00000000a53ed894,17.4
90,2019-08-04T08:15:00Z,3a645e44f96df344a3a4bd4ee011988ce03895320708a60c2d7fa7aa,60.16897,24.95222,00000000aa852af1,25.36
91,2019-08-04T08:15:00Z,3a999b83302f115f157ea6b3887461f59b37eb42891013b9b593a705,60.16762,24.95415,000000006b44cce7,20.28
92,2019-08-04T08:15:00Z,3bcfbab3a622e92962bc1041ca2b9bc2c6fc4376ee7082fa336a199b,60.17002,24.94407,000000006b087f40,25.36
93,2019-08-04T08:15:00Z,3cd37d7a50f872a920af3451ded96b2efd4d8992dea8dac3a11cf7b7,60.14947,24.91438,000000004ef3150d,5.91
94,2019-08-04T08:15:00Z,3d5da00bf40991d7ace416d0cb7439fc1de49ed1898b47da4b721e5a,60.14699,24.922,00000000a53ed894,38.87
95,2019-08-04T08:15:00Z,3e510c7ad8607a35fdc8a19bad48a761411af0c1e09e6c5ab5a0025a,60.14699,24.922,00000000a53ed894,21.87
96,2019-08-04T08:15:00Z,3fd09bf1ac1a7a8bd8d7873561c1354f5ef38cd7b74356233fbad023,60.16829,24.94214,00000000afef4555,17.4
97,2019-08-04T08:15:00Z,40d155512460e5623d59c1de22ce4eac8d63f09a9ede12c073f1ce00,60.16897,24.95222,00000000aa852af1,23.56
98,2019-08-04T08:15:00Z,416e74169924ad9683cce6354001940f2ea7fb0b76909515752cd1c1,60.1638,24.96846,00000000d747f075,6.46
99,2019-08-04T08:15:00Z,43d6d25e83b63bf6a89b197f10fb6bb9dc4a6e903f238d2a8ea48cfb,60.16829,24.94214,00000000afef4555,29.32
100,2019-08-04T08:15:00Z,45720c6a414f48efa2d4bb86f901fd2d38382ca616c42563cb3f9af6,60.1638,24.96846,00000000d747f075,20.28
101,2019-08-04T08:15:00Z,46235e75ef4d2e32bef0535a7d7d3159af5ef386c3550f467b2afe09,60.17919,24.95181,000000007b5207b6,7.05
102,2019-08-04T08:15:00Z,492f12efa60dff9fd11455844ea984fc2b0dbf66a548fa4736803b2e,60.16829,24.94214,00000000afef4555,11.7
103,2019-08-04T08:15:00Z,49484c40e471e87723ceb0bce72fabff96dc4d4f239c3c0ea45d5e1c,60.14699,24.922,00000000a53ed894,23.56
104,2019-08-04T08:15:00Z,4999d4f8e79840d1173cd0b5ff565c1705d1273e80be9b16a725f261,60.1638,24.96846,00000000d747f075,12.69
105,2019-08-04T08:15:00Z,49a64071383963d17c647c328da9dbed5fb676b9dcd71ee0e9104a32,60.16762,24.95415,000000006b44cce7,18.79
106,2019-08-04T08:15:00Z,4acd1f26c0a0ed2ab2c0765a0741e2f7fd917c50c6a90904ddef3b8b,60.17065,24.93641,000000000f4919c9,4.94
107,2019-08-04T08:15:00Z,4b74f791ce6e015651a9ea55322565b56b0c9b71d0a0033d9c94d438,60.14699,24.922,00000000a53ed894,33.81
108,2019-08-04T08:15:00Z,4e654821d53260c2b0e93853f5e1182a4715f927cf858dd9fdecc96a,60.1638,24.96846,00000000d747f075,9.92
109,2019-08-04T08:15:00Z,4e9fb3c5d9de0ddbd81be6e20b5d83694d1e1f7a499dc5ba41b7c52b,60.1638,24.96846,00000000d747f075,27.28
110,2019-08-04T08:15:00Z,4f067299bfa2794bc42d819aa35e39beb1eee30386d8ab32052c459d,60.16762,24.95415,000000006b44cce7,7.05
111,2019-08-04T08:15:00Z,4f12f7d458873ed1e5d2356d39ce5eec0c42a06f62411350761ace5b,60.14699,24.922,00000000a53ed894,18.79
112,2019-08-04T08:15:00Z,4f316322918ae6ce75163dde60578d2bd045f3708224e00840ebeff7,60.16762,24.95415,000000006b44cce7,9.92
113,2019-08-04T08:15:00Z,514cafd8ca407d0850896ee0691c6144a58598640a805c4c14c1e7c6,60.14699,24.922,00000000a53ed894,17.4
114,2019-08-04T08:15:00Z,5332641005a94bd9543a308161515b50764fa0e96eec9becf725ec8b,60.18203,24.91341,00000000342570c2,12.69
115,2019-08-04T08:15:00Z,53610e04a626f099136b886f7667535ebc6a9d756a6453b31a8cfebc,60.14699,24.922,00000000a53ed894,14.89
116,2019-08-04T08:15:00Z,53d9aca7c6fd18266620c7c3931803f14ec2e935cd4aca2093d76c15,60.18203,24.91341,00000000342570c2,27.28
117,2019-08-04T08:15:00Z,5446f527893c5a300267e2ab312234f579770e331d5633cf5fd00f0d,60.16829,24.94214,00000000afef4555,25.36
118,2019-08-04T08:15:00Z,56b04b4e7285afac79376ebc8729f139de2dceaa319660b9c80b7f7c,60.16762,24.95415,000000006b44cce7,2.3
119,2019-08-04T08:15:00Z,584cb0b0cdd14e608c8b57c8aecc9826f9b40027e365e2438a444ea2,60.16762,24.95415,000000006b44cce7,12.69
120,2019-08-04T08:15:00Z,58bdc886d982d9549ed23f0ae1725772e5fb5ac63fe78f1da9ed393d,60.1638,24.96846,00000000d747f075,23.56
121,2019-08-04T08:15:00Z,5a2749f0e44623b770e3d953df19e2356c15510476da0e68fb6bef97,60.16762,24.95415,000000006b44cce7,17.4
122,2019-08-04T08:15:00Z,5ae3668d8d031d4f976faeffcd1bfda258456f06789ce24dd2b3f348,60.14699,24.922,00000000a53ed894,16.1
123,2019-08-04T08:15:00Z,5ae973e91b1fe9c9fadca5b8ea35133f1a48954cdbfcc79b8f5daca3,60.17918,24.95141,00000000675d5200,10.78
124,2019-08-04T08:15:00Z,5b58c00f328e91f104f58629a154f2f738ff560967e8a89c57062085,60.17002,24.94407,000000006b087f40,14.89
125,2019-08-04T08:15:00Z,5dbde215243fd20ae5f346de756f630fbb8059a5b74ee6c14e0884e1,60.17002,24.94407,000000006b087f40,13.75
126,2019-08-04T08:15:00Z,5fd4e3bf4d305563afd38d09e5ff14d9653f35b1bd4cdd18653b0c53,60.16629,24.95957,00000000fb7600be,38.87
127,2019-08-04T08:15:00Z,60e6cf91c99f3e8c10263d0c24da47ff9cae07dff7b1ef62c9795c50,60.17919,24.95181,000000007b5207b6,9.12
128,2019-08-04T08:15:00Z,61a4bca40b7f0b37ea49e5d2dc1deb838feb297d80660ce6bd0fbab5,60.14699,24.922,00000000a53ed894,18.79
129,2019-08-04T08:15:00Z,61a6d6d6a246f95d399757bcfd501948aa99202c30cacc886c7cfacc,60.149,24.9843,00000000fffb8cf0,25.36
130,2019-08-04T08:15:00Z,62b3a5005951546307420cdbe76813d0ac5f84a2828f432fa61d768b,60.1638,24.96846,00000000d747f075,10.78
131,2019-08-04T08:15:00Z,6301d35c3c1abc68ccd14eb1fedb4b4ab1c3dbb56dc1b8b45a93537e,60.18203,24.91341,00000000342570c2,23.56
132,2019-08-04T08:15:00Z,6336eebb333c8a13bd6c71ccb79b0da976c81df2cec6e20f9a3199ed,60.14699,24.922,00000000a53ed894,6.46
133,2019-08-04T08:15:00Z,642f1d38149df2d69d4fbcd4df40ed639149a3cfba3c4c3eb258ea77,60.16762,24.95415,000000006b44cce7,17.4
134,2019-08-04T08:15:00Z,64d7fd7f86dbe0fab98b4abab1a8081623a98d1a0dc7163abd84ef93,60.16629,24.95957,00000000fb7600be,16.1
135,2019-08-04T08:15:00Z,64ff67e285b0eae6c2a4996a440c29164c4ad3b2e772a80b124f1291,60.18203,24.91341,00000000342570c2,12.69
136,2019-08-04T08:15:00Z,658233bbcf6f143298bf63d7987f33f2a0ac3e5f9d38909104ee2449,60.1638,24.96846,00000000d747f075,29.32
137,2019-08-04T08:15:00Z,65c4c5f3c2e63a82e470d71fab482622e1126fa5c5656e2d6c368f10,60.17919,24.95181,000000007b5207b6,9.92
138,2019-08-04T08:15:00Z,661e5484394f6f60a641b7b27456c36e739550a57260d45f3d588ea5,60.16897,24.95222,00000000aa852af1,12.69
139,2019-08-04T08:15:00Z,6638d4aca5a5c4e07fb336515a355594d99d6ecc19cb2635cd7d8008,60.16897,24.95222,00000000aa852af1,20.28
140,2019-08-04T08:15:00Z,668572cf563d25f9f6754f5c85279dc8b0dcb5fb7b498f56be245d9f,60.16762,24.95415,000000006b44cce7,6.46
141,2019-08-04T08:15:00Z,66e01f8f306c269ee3ca38520b529924e3d4163268301767b02988fe,60.16829,24.94214,00000000afef4555,29.32
142,2019-08-04T08:15:00Z,66e251234fdedbe7397152d7aab1dc1413b317020a1d345f6d314273,60.14699,24.922,00000000a53ed894,17.4
143,2019-08-04T08:15:00Z,679dc1836f61cbb11750d0f961f24a2e8fd4fb8d566cf97d098d6c07,60.17918,24.95141,00000000675d5200,5.41
144,2019-08-04T08:15:00Z,6898513f74919a9e200cfc73bee93a9a0767f0c0b4d048ad4bcf2223,60.1638,24.96846,00000000d747f075,16.1
145,2019-08-04T08:15:00Z,691c36883facd01e7185be9f8fd8a826e22be05fde81faaaea2ed8ac,60.16829,24.94214,00000000afef4555,11.7
146,2019-08-04T08:15:00Z,69bf63f24c9cdbfea17e5de3678bef669ce942beddbb41f0775e47d4,60.17065,24.93641,000000000f4919c9,8.38
147,2019-08-04T08:15:00Z,6a92258b8f2c5df4025dfb4b2a4bd3937803dc41a62f64c6a002d2c6,60.16762,24.95415,000000006b44cce7,7.05
148,2019-08-04T08:15:00Z,6b3a9a694f36e3eabde1a0d73d3f60e087af14a888657bfc98ca8258,60.149,24.9843,00000000fffb8cf0,27.28
149,2019-08-04T08:15:00Z,6c641c0420f071d99d5fa232e098c5f148514d210d8c4003bb1e171f,60.14947,24.91438,000000004ef3150d,16.1
150,2019-08-04T08:15:00Z,6dbbe6ef437b168cc59bdbf83d6ec582f160195f152ae9872f33bca4,60.14699,24.922,00000000a53ed894,5.41
151,2019-08-04T08:15:00Z,6ea2c21dd8b634a4673c9194d1299a13f2cd17cce550adf7537b6fa9,60.18203,24.91341,00000000342570c2,8.38
152,2019-08-04T08:15:00Z,71e968e588e7a20d7ee06a92b2ec0894a1d196cf54a863c2373eaeb2,60.17919,24.95181,000000007b5207b6,4.11
153,2019-08-04T08:15:00Z,71f05ba3c7cc31984bb30f8fd8770039789271cc3209b83e9e4489fe,60.18203,24.91341,00000000342570c2,25.36
154,2019-08-04T08:15:00Z,72496f0f0a3ba4ccf22dc1f1ad0c18f2bb9e641315aa52913a8e8adc,60.16762,24.95415,000000006b44cce7,10.78
155,2019-08-04T08:15:00Z,72503376bac7742fc0e4d2e3531ffe80c8868bcf19f45ad7112af3c2,60.16762,24.95415,000000006b44cce7,20.28
156,2019-08-04T08:15:00Z,72cfde5dd6469eb0092325f64403a50229f6555360eb6ddaacf34415,60.16762,24.95415,000000006b44cce7,10.78
157,2019-08-04T08:15:00Z,73f0f6c76264e0b8c3ffd135a3e314e8246aa5f068feedbbd936d22e,60.16762,24.95415,000000006b44cce7,11.7
158,2019-08-04T08:15:00Z,740f386b171127228319b949bd9fae2322791d040519d5d420c98f9e,60.16762,24.95415,000000006b44cce7,17.4
159,2019-08-04T08:15:00Z,74df0a6bad246f128e38c95a305a603d6e28003db63d26e4d74d8e49,60.16762,24.95415,000000006b44cce7,9.12
160,2019-08-04T08:15:00Z,765cc542c145fae24d2e5ff0f50ec3ff553c5e36f414617f60e0f938,60.16762,24.95415,000000006b44cce7,13.75
161,2019-08-04T08:15:00Z,77602645e7dfc4956733d780852c948af426fd55f996fd214aafcc22,60.14947,24.91438,000000004ef3150d,11.7
162,2019-08-04T08:15:00Z,77d040a02921240c21c4a7d60c647e111d1b5eef0e4e2b86e1558d3f,60.149,24.9843,00000000fffb8cf0,7.05
163,2019-08-04T08:15:00Z,794608aad0100de3d3b64d46060e086f86b8478d9986238afc57fccb,60.16762,24.95415,000000006b44cce7,2.3
164,2019-08-04T08:15:00Z,79485c40ee0015857956d2e9bc1fb022ae1d0dc2b5ec7176c4479fed,60.14699,24.922,00000000a53ed894,33.81
165,2019-08-04T08:15:00Z,7a7164b01ea6e57cae6f05c2b1bc5b3174b54d31366542a7f02ff227,60.16762,24.95415,000000006b44cce7,14.89
166,2019-08-04T08:15:00Z,7a71a198a2878fcc1f55b91896b9c0ee498a4360bb82f79e77795f54,60.149,24.9843,00000000fffb8cf0,5.91
167,2019-08-04T08:15:00Z,7bbacf32c56dddf808f70152ab54b54fb22122eb38868b201afb2ad2,60.16897,24.95222,00000000aa852af1,11.7
168,2019-08-04T08:15:00Z,7f050238a8a0e5647b198c1d77e097b047835c6d973c2265ce5afbf3,60.16762,24.95415,000000006b44cce7,14.89
169,2019-08-04T08:15:00Z,800b80b3274ad0238cadbb28bdbea38dc6f7dad338266ea9194c98a9,60.1638,24.96846,00000000d747f075,13.75
170,2019-08-04T08:15:00Z,801674dc6e001f681a36af7e56908ab92aca837bc7ac06dced5b1a40,60.1638,24.96846,00000000d747f075,14.89
171,2019-08-04T08:15:00Z,8100979c81e91a65fb3e4475a6c81fc76491a05d64d632f0831e984e,60.16629,24.95957,00000000fb7600be,18.79
172,2019-08-04T08:15:00Z,8161a9938b2a12f991f97e3b5d7e4709ab0392058d1a854e5f85a0bd,60.16762,24.95415,000000006b44cce7,10.78
173,2019-08-04T08:15:00Z,816643d7b71b5bbc5336290198606f7fb46396bf58e5e3d4b2f83de9,60.1638,24.96846,00000000d747f075,20.28
174,2019-08-04T08:15:00Z,81ea6ba914731637e93313fe13c98740acd8c970445a690fc7e55519,60.17065,24.93641,000000000f4919c9,27.28
175,2019-08-04T08:15:00Z,828d5f611f74c0be40f9c0045d8fe8c5110569c8e46a8d274291a7b1,60.1538,24.95595,0000000038bf9618,25.36
176,2019-08-04T08:15:00Z,834c95011db75337bb092f6de2c536ab5d180b771bada8c529e4b0f3,60.16762,24.95415,000000006b44cce7,8.38
177,2019-08-04T08:15:00Z,8411a3d3b99f062cec6ab2ca6c04fa5082fbcf23f9b12732154b43c6,60.16897,24.95222,00000000aa852af1,23.56
178,2019-08-04T08:15:00Z,85a127d6f2be2d424c12fb883b3526a9ccff2be7d082f22c89572f4c,60.16829,24.94214,00000000afef4555,23.56
179,2019-08-04T08:15:00Z,85d2f010c6790d6f85bd97dcdbac2beb81c1907eee8f79ef4a9c3cad,60.14699,24.922,00000000a53ed894,11.7
180,2019-08-04T08:15:00Z,8614b563709a89f6a5207fe4cdf01dcef6f924127715d59c1979a66c,60.16829,24.94214,00000000afef4555,7.69
181,2019-08-04T08:15:00Z,8695e33a5acfdf794a92253248f77d646c9f73e367b16c9ef546db70,60.14699,24.922,00000000a53ed894,7.69
182,2019-08-04T08:15:00Z,897fd2c58b9c520fa608d569c0a182d127cf2ba5faa7bd39787a042b,60.16762,24.95415,000000006b44cce7,17.4
183,2019-08-04T08:15:00Z,8a65b5f13b507b9179278c5cb736f03ac3e31bc47b1a4efe29ff64e1,60.16829,24.94214,00000000afef4555,18.79
184,2019-08-04T08:15:00Z,8a95ae7ff7558f92657a5e1dca128906f11adaa4e799d7e145cff9e0,60.16762,24.95415,000000006b44cce7,9.92
185,2019-08-04T08:15:00Z,8b4096cc1001ae9893ea63d6c4fedca8eb563ec958ad58153e7aa25b,60.14699,24.922,00000000a53ed894,21.87
186,2019-08-04T08:15:00Z,8c5f8ad9c7b8dc071bf9b1b0cdb5f32ad7b936c6774a71b8f044e0a5,60.14699,24.922,00000000a53ed894,18.79
187,2019-08-04T08:15:00Z,8d07d0ee249273319e909d6c2f21c138668c383d1db2d0d8391543f1,60.16762,24.95415,000000006b44cce7,11.7
188,2019-08-04T08:15:00Z,8d448f62a52c81d6457b37daefe5e73e63e1e1d643ec70e89fac636f,60.16762,24.95415,000000006b44cce7,2.8
189,2019-08-04T08:15:00Z,8e7014a03b41f7d07f25f48b353c4aae9ef406f540db27c020bcaae1,60.149,24.9843,00000000fffb8cf0,27.28
190,2019-08-04T08:15:00Z,8f00abc3d0bb03e292fe7120b20e0678276926c77a37b913a1ec4c91,60.17918,24.95141,00000000675d5200,5.91
191,2019-08-04T08:15:00Z,8f0775d872d039e9eeaa6360d76ab19d4d33ab9c22b3d857a9a28abb,60.16762,24.95415,000000006b44cce7,4.94
192,2019-08-04T08:15:00Z,8fbd521583259d88fe8ed95f2c1fb3b1abd62ebac8797ee0def9a779,60.16897,24.95222,00000000aa852af1,16.1
193,2019-08-04T08:15:00Z,90e622395a3db5efcc3ce24a7679fa1d01aca8eab7fb649c1f177a14,60.14947,24.91438,000000004ef3150d,7.69
194,2019-08-04T08:15:00Z,91adb2c798267e4a6c1cf25bf5d1f31ab61292f6686e7d19f73faf25,60.14947,24.91438,000000004ef3150d,3.4
195,2019-08-04T08:15:00Z,9349ef7f273484d61a5684c9579e07ebe176b09c5e0409f3b6172b3e,60.17918,24.95141,00000000675d5200,7.05
196,2019-08-04T08:15:00Z,9383e3e7dd94d6378e69ced77607feb6545e786120d11a5129d52a0d,60.16762,24.95415,000000006b44cce7,9.12
197,2019-08-04T08:15:00Z,9427ed9143e1611405692e464156791fc2985dde6729367c63c1e428,60.17918,24.95141,00000000675d5200,18.79
198,2019-08-04T08:15:00Z,948fdf4b90a2109aac72d6a77547f50d82be8a4dfaadc54129a5385e,60.16629,24.95957,00000000fb7600be,20.28
199,2019-08-04T08:15:00Z,94a3a1befb7ae3c7f678e3b2b9a021653e79504270aae82b10f0df23,60.16762,24.95415,000000006b44cce7,4.5
200,2019-08-04T08:15:00Z,950986c687fb9bf8aeca3e9e456fa9618b7f7e00a76351d4ff2976ad,60.149,24.9843,00000000fffb8cf0,23.56
201,2019-08-04T08:15:00Z,95499d5542ae51b2c4b2f1a4a88bc9cc6adfd96e0c7c0332be1b3d25,60.16762,24.95415,000000006b44cce7,8.38
202,2019-08-04T08:15:00Z,95d2b26a5520fbb466a64cb837bdb2507f575acc02fa603717a8f47a,60.16762,24.95415,000000006b44cce7,13.75
203,2019-08-04T08:15:00Z,98d5df976dfbbdb918d695facfeb35ec99755c9c7ffc8cc5e2276bf2,60.16762,24.95415,000000006b44cce7,8.38
204,2019-08-04T08:15:00Z,98e9134e105801661225649140274493e9aea0ca3783a3c7e10f285b,60.16897,24.95222,00000000aa852af1,23.56
205,2019-08-04T08:15:00Z,99276003c8e0d49cd1894c42a7f238a7ba5ee2ef7295818e1221d49e,60.14699,24.922,00000000a53ed894,11.7
206,2019-08-04T08:15:00Z,99dcfef942ec045490c3ac453020fe2d15e9b7a4c0d399c8c0b70109,60.16762,24.95415,000000006b44cce7,16.1
207,2019-08-04T08:15:00Z,9b40de4f1fbea9d3c609c9bfb1d28c83c73170ad505528eab9d15dfc,60.17918,24.95141,00000000675d5200,18.79
208,2019-08-04T08:15:00Z,9c17339b402be4c052d9ffd758e923ebd0a7fd0baeb57e6dd93805c8,60.16762,24.95415,000000006b44cce7,8.38
209,2019-08-04T08:15:00Z,9d582e9df39e6b416adb0ee7b48272175a140052c4995b01af6c5058,60.1638,24.96846,00000000d747f075,21.87
210,2019-08-04T08:15:00Z,9d86d4bf356b8363dce3120af62729ca5e34299cf9741768b487d59a,60.14947,24.91438,000000004ef3150d,7.05
211,2019-08-04T08:15:00Z,9e086a37fe13e475a53c4c80dd2df8a62b59ac740fae1fddb1e793c9,60.16531,24.9442,00000000fdda10fe,11.7
212,2019-08-04T08:15:00Z,9e3f144bfc023d7837a533ca1158761537ed2790df446ca0b892cf59,60.17065,24.93641,000000000f4919c9,6.46
213,2019-08-04T08:15:00Z,9e4164cc57759e2711cf65a178fe420431fb4844c4856f3c492806e9,60.17919,24.95181,000000007b5207b6,21.87
214,2019-08-04T08:15:00Z,9f9d72a175d5d74c5e0ddc38a5d5fc7ff7dfc0db27a030bc481b090b,60.14699,24.922,00000000a53ed894,3.09
215,2019-08-04T08:15:00Z,a0b32c232cc63295246304d907503b5401c94111d17e6c7024b76995,60.1638,24.96846,00000000d747f075,33.81
216,2019-08-04T08:15:00Z,a15565652ed1510562d8ebb88362a12934576c9699d32603e2c97989,60.14699,24.922,00000000a53ed894,20.28
217,2019-08-04T08:15:00Z,a1b0ced0d602ddce461fc967908e97e668d94417701d9f10f1e11b17,60.16829,24.94214,00000000afef4555,5.91
218,2019-08-04T08:15:00Z,a1d77c729783293b77a4f3e364fcd51899d6dc858aa93a6da9848e6f,60.16762,24.95415,000000006b44cce7,12.69
219,2019-08-04T08:15:00Z,a54fd476794d66630100ff5bd66179976f6c0dab55f5a40d9b794604,60.14699,24.922,00000000a53ed894,27.28
220,2019-08-04T08:15:00Z,ae638159e7d75a0aa1f8065899e30e9fa4bc46c8fa665b6946a029e9,60.16762,24.95415,000000006b44cce7,25.36
221,2019-08-04T08:15:00Z,ae8105bc4291cf75a96deb4be431a381f4ee48caa8510a4a57f2b5ce,60.16762,24.95415,000000006b44cce7,11.7
222,2019-08-04T08:15:00Z,af8a187f65687035906f75ffb3a30ad4220bb917d767943fbeee81cc,60.14699,24.922,00000000a53ed894,7.05
223,2019-08-04T08:15:00Z,afe6021ab6c00941c77528f9260317e403bfc63ad081d1388100b83a,60.1638,24.96846,00000000d747f075,20.28
224,2019-08-04T08:15:00Z,b033ea2430301ac433524b6f69760b272fefd16ce765d4f688c16a26,60.16762,24.95415,000000006b44cce7,25.36
225,2019-08-04T08:15:00Z,b0eefe5d7a0c0fb18abdf8923799f52a386833e526db194dac19cd1d,60.16762,24.95415,000000006b44cce7,4.5
226,2019-08-04T08:15:00Z,b138c41d8699e7e31e8cea8f9aeff70d137705e5096c4b5a238a4f5e,60.1638,24.96846,00000000d747f075,29.32
227,2019-08-04T08:15:00Z,b2262dffb6411673c58824a3e958c1863353e062427cd9932ef72a2c,60.16829,24.94214,00000000afef4555,12.69
228,2019-08-04T08:15:00Z,b244d1bac047b69b1ca93230099e32044a66d9e344f86ee27c2c30e7,60.16829,24.94214,00000000afef4555,16.1
229,2019-08-04T08:15:00Z,b2f24674dccd93ee6adb2399690827ce5ab4788f78d50aca5f54d42f,60.16762,24.95415,000000006b44cce7,14.89
230,2019-08-04T08:15:00Z,b4bd3a29d81d56dc71ea8b74b2768366700cd01eb74ac7b81f590ddc,60.1638,24.96846,00000000d747f075,14.89
231,2019-08-04T08:15:00Z,b6fce1e035733a7e20865bca2186c7f689413f6e2fef3b2f73fd7536,60.14699,24.922,00000000a53ed894,11.7
232,2019-08-04T08:15:00Z,b759ed04e745205451ac8080bdbf0130e81e51ef91bc87f9b8284bd0,60.14699,24.922,00000000a53ed894,20.28
233,2019-08-04T08:15:00Z,b792765e8d536d3c25d0cba0ea9aca36bf62f76cd1afead42b71dc6e,60.18203,24.91341,00000000342570c2,17.4
234,2019-08-04T08:15:00Z,b7e63feb2f3f4de7a2248d3837721bd21525d3bf9c2624ced94704a7,60.16762,24.95415,000000006b44cce7,12.69
235,2019-08-04T08:15:00Z,b856d3849bf8cbfb98969a22ecaf5e0205e6ebd4a842d2691d790766,60.149,24.9843,00000000fffb8cf0,16.1
236,2019-08-04T08:15:00Z,b86ce0c9b3347c373b81ce54912c626cfdb15ceb8bc28e81c68fcf88,60.16897,24.95222,00000000aa852af1,20.28
237,2019-08-04T08:15:00Z,b8862ef52dc526bf9094adf6028514755569d74737dd17575e4af61e,60.16762,24.95415,000000006b44cce7,4.5
238,2019-08-04T08:15:00Z,baacfd214ddc476a5f7841dc9967067a10491a28c6135bdf342e2ec6,60.16629,24.95957,00000000fb7600be,9.92
239,2019-08-04T08:15:00Z,bb6a42eb3cd6fb74953b9393b83283f008aaa97240146dc7adead8c4,60.16448,24.97323,0000000053c6c2be,36.27
240,2019-08-04T08:15:00Z,bc07df8cc395f6f4f5d483b2233caca5f93a6918f346e4cc3702f8cc,60.16531,24.9442,00000000fdda10fe,9.12
241,2019-08-04T08:15:00Z,bc42df37e3879a5645752291eeb00da1b89c47d28a9cc4cb8fc1b491,60.1538,24.95595,0000000038bf9618,31.5
242,2019-08-04T08:15:00Z,bccecd1ace24ef58d8fcaeae7703226764219aa7fad3d662aa1777ab,60.16897,24.95222,00000000aa852af1,21.87
243,2019-08-04T08:15:00Z,becafe67ec0f08656fa935afd340220386ea71465170d63be7f5e393,60.16897,24.95222,00000000aa852af1,21.87
244,2019-08-04T08:15:00Z,bf7c3a3b3e54c4c90bfedaa8c67bc543f9d0e9a18a49272f15dcd7dd,60.16629,24.95957,00000000fb7600be,25.36
245,2019-08-04T08:15:00Z,c021f6ddd5743ee6b01915a094add1ba729b2e9fbeeae1d9af4b01d5,60.17918,24.95141,00000000675d5200,20.28
246,2019-08-04T08:15:00Z,c02a7df34eeaf50aceb37c8244a6b8543d2d321c3f4c012acf3dfd59,60.16629,24.95957,00000000fb7600be,25.36
247,2019-08-04T08:15:00Z,c0c55c8db7d7401d5612f28059da67f069f1742adbd1cc1c16cb6d10,60.16544,24.95398,0000000038d83d41,14.89
248,2019-08-04T08:15:00Z,c18d4016ae983b6287465b01329bc6705633b87e163f9b850c841ceb,60.16897,24.95222,00000000aa852af1,20.28
249,2019-08-04T08:15:00Z,c1ce6d2ef79400cf56c3ca0ec6535ed83aeb577da00fa92c9163f37e,60.14699,24.922,00000000a53ed894,36.27
250,2019-08-04T08:15:00Z,c22627dc5948bb96e7aac7f15ac150fbabb6e35ff246c29b3e83c5bd,60.16762,24.95415,000000006b44cce7,7.05
251,2019-08-04T08:15:00Z,c237da259a5606bc6b63655c767fd6d54b7a32209a12660347711ede,60.14699,24.922,00000000a53ed894,16.1
252,2019-08-04T08:15:00Z,c2ec03362e467a4640dff12f3a584dd5efcef9f05f447d3a54f15429,60.16762,24.95415,000000006b44cce7,5.91
253,2019-08-04T08:15:00Z,c6ac0916f619df209e38a8c245891f869fbad17dd7461b53449e7374,60.16829,24.94214,00000000afef4555,23.56
254,2019-08-04T08:15:00Z,c6ddcfcd685fb102bc9cd5ba6e3b8c2bafdf3f550d1ae1b4f6d7e87d,60.14699,24.922,00000000a53ed894,11.7
255,2019-08-04T08:15:00Z,c7ba4be0aa8a99f4442ec1adb2f9d862c8e3c2ad0aef84ee9911cc64,60.1638,24.96846,00000000d747f075,9.12
256,2019-08-04T08:15:00Z,ca98e46fcce4d174429dab3ebd9c0dc890b6c3382038ba59dd913628,60.16762,24.95415,000000006b44cce7,12.69
257,2019-08-04T08:15:00Z,cadba6e3623c457eeccf40ab17bed37a0f24c28edb55494b7640d3e3,60.17002,24.94407,000000006b087f40,21.87
258,2019-08-04T08:15:00Z,cb5833dd4abeceb58dd9bd75e5b16e2d65cfa991d0a17f7ccc29a031,60.173,24.92524,0000000096918cfa,12.69
259,2019-08-04T08:15:00Z,cb73e6704d8aaf6a3e21c01a0da44624ba178503f99d07da35d2aa28,60.16762,24.95415,000000006b44cce7,11.7
260,2019-08-04T08:15:00Z,ccf260d75c138e992c59b17ae1ed53679026746099fa458e39226522,60.16629,24.95957,00000000fb7600be,21.87
261,2019-08-04T08:15:00Z,cf6b3149c2cc5b1fea050eb4bd71433b196bb9330d4ca7bd36954bd2,60.16762,24.95415,000000006b44cce7,3.74
262,2019-08-04T08:15:00Z,d142962eca9abacd3f2d646d581231813dce968164bfe0ee42812c9d,60.16829,24.94214,00000000afef4555,27.28
263,2019-08-04T08:15:00Z,d35d4293ffe6b32fcd76138eda6fbc54a4c3d985f89ab2caed68528d,60.16829,24.94214,00000000afef4555,14.89
264,2019-08-04T08:15:00Z,d401586cec522c2b605184983638357c6345d193162caaf30c736ca0,60.17919,24.95181,000000007b5207b6,13.75
265,2019-08-04T08:15:00Z,d40b098979d5ca9123b9467c7cf1ef92a3c5b0d1aca704ab82efd692,60.16762,24.95415,000000006b44cce7,9.12
266,2019-08-04T08:15:00Z,d4f741beaa0ed90deba55504b12c4e30eb62a2d46e73c851e0ad99fa,60.17918,24.95141,00000000675d5200,20.28
267,2019-08-04T08:15:00Z,d4f7a51dd1291577d1e2e4453d2f81a5bebf67d828beda0976ff436e,60.17065,24.93641,000000000f4919c9,7.05
268,2019-08-04T08:15:00Z,d532008201abdf3244c8dd2eecec7f65ce579562331345d3c18dfeac,60.17065,24.93641,000000000f4919c9,0.34
269,2019-08-04T08:15:00Z,d53c2c5c0a8747a598826bd29632d77c2d2620cbf4d517da7df8772e,60.16897,24.95222,00000000aa852af1,27.28
270,2019-08-04T08:15:00Z,d55ca8f2b6cc1bee29bf443b1d172448c1ac55c098e4c28141aba8c1,60.14951,24.92138,0000000006dd41f6,20.28
271,2019-08-04T08:15:00Z,d6bdf7b1c359cc76b57d01cca4aea63cba5f11b1162d1144a3aa42b3,60.16897,24.95222,00000000aa852af1,25.36
272,2019-08-04T08:15:00Z,d6e95eaa0863e2c1c3db0e6004eec97dfa85312d5182fe20bc5ed110,60.16829,24.94214,00000000afef4555,18.79
273,2019-08-04T08:15:00Z,d6f97325eae4f5bf4e1a14e204a4179c62c1a4b2715982be7774dd22,60.18203,24.91341,00000000342570c2,20.28
274,2019-08-04T08:15:00Z,d715956d61ec50e1362b901c6968ba8b73561d2fed3ddd0eaee502db,60.16762,24.95415,000000006b44cce7,7.05
275,2019-08-04T08:15:00Z,d83d4d689476f151f84012ce17aa7c54fb6b0b4cf274f62437df75f4,60.1638,24.96846,00000000d747f075,12.69
276,2019-08-04T08:15:00Z,d8e1cc0d5da9a3b984d4b17862a7304720b2a07c44649465ee4d3bec,60.14699,24.922,00000000a53ed894,16.1
277,2019-08-04T08:15:00Z,d8fc357a9354d9d537e1cba8febf182c562a99e02adea64627d03aa4,60.1638,24.96846,00000000d747f075,23.56
278,2019-08-04T08:15:00Z,d9c3d2ecd098a1893383cc2c56b02d808e71c6482d645c1d61bf2c4f,60.14699,24.922,00000000a53ed894,25.36
279,2019-08-04T08:15:00Z,db04d7c8ba7e1f7f7ed5846ef1b45204b046459df65e2eb4adff29ab,60.1638,24.96846,00000000d747f075,13.75
280,2019-08-04T08:15:00Z,db5ca46735c12837634c0b2ecad9cbbdb85fef310d31f6dd036086a2,60.16762,24.95415,000000006b44cce7,11.7
281,2019-08-04T08:15:00Z,dc015098101be49941eded61897d8647906bd030eae7737bfdb914b7,60.1638,24.96846,00000000d747f075,27.28
282,2019-08-04T08:15:00Z,dc3f1b81dafe732eb857c07c4cc92e580dafbcdb5d29e8e247c83321,60.16762,24.95415,000000006b44cce7,6.46
283,2019-08-04T08:15:00Z,dc750311a35ff9c79b033c52268ead63e51c850886c0a73f641b1d2b,60.16629,24.95957,00000000fb7600be,20.28
284,2019-08-04T08:15:00Z,dd85e3e409ff6d14fdafe2093fde254cf3dd4a90d942fcc4b07f4937,60.16897,24.95222,00000000aa852af1,5.91
285,2019-08-04T08:15:00Z,ddb3c131f71154de94180bbac853178692699d802f9e940c59ac1db1,60.16075,24.95883,00000000f1124bca,12.69
286,2019-08-04T08:15:00Z,de0ec6cf70a40c122be02c617f531bfe65422461cbe851f1a1e06bff,60.18203,24.91341,00000000342570c2,23.56
287,2019-08-04T08:15:00Z,df55f1e2ddbc2bdd50f58f698418c765a850e014556f1970c0d1ccc6,60.14947,24.91438,000000004ef3150d,8.38
288,2019-08-04T08:15:00Z,e0af165908df5d8ec5feba09e7557eead0406fedcbb7e9a6511e6c0a,60.149,24.9843,00000000fffb8cf0,14.89
289,2019-08-04T08:15:00Z,e0f2447948ad5f9939a98467638c9c5bfbafe8ebbd08e687e28d7f9a,60.17919,24.95181,000000007b5207b6,6.46
290,2019-08-04T08:15:00Z,e1074db28c04204010695f0132d882fec65f684ffcefd58c8c6ec6ed,60.16762,24.95415,000000006b44cce7,8.38
291,2019-08-04T08:15:00Z,e20e6154c4127dc2bfe369698d4019c124e48e25183f216653b3ad72,60.16897,24.95222,00000000aa852af1,13.75
292,2019-08-04T08:15:00Z,e2a503f76715dae5c9da90357a670fe9fdf206b5a636b09768bff96b,60.1638,24.96846,00000000d747f075,13.75
293,2019-08-04T08:15:00Z,e330f7a2553beaf3d29583f9c4649789bfe89976407a8048689f4f3b,60.17918,24.95141,00000000675d5200,12.69
294,2019-08-04T08:15:00Z,e35b70ad9fee91a2c5d3bb9ab2cca4371464cecabc19833b0a27b5c9,60.16762,24.95415,000000006b44cce7,7.05
295,2019-08-04T08:15:00Z,e367eefbe1347713855c722bbc038c783c03382bede6aac8193519bb,60.17919,24.95181,000000007b5207b6,21.87
296,2019-08-04T08:15:00Z,e544838aa8f4f4ab703e6b71e0fc4e101693608810d09b3ca732f74f,60.1638,24.96846,00000000d747f075,9.92
297,2019-08-04T08:15:00Z,e68e8c8f411947c9ad324c8b566bdeb41348db944ca2560347f4cd33,60.16762,24.95415,000000006b44cce7,11.7
298,2019-08-04T08:15:00Z,e70090b031b4d65f03d1a2ae6cc01e6423dde8b37fd4297501734f02,60.17918,24.95141,00000000675d5200,9.12
299,2019-08-04T08:15:00Z,e78d5dda58582f3f6e5177098d94e60feb22f677d7ee269634afa680,60.17918,24.95141,00000000675d5200,8.38
300,2019-08-04T08:15:00Z,e7a1574c85bd313a1f3e036a7e957fed1cea8864f62aac7113c1245d,60.14947,24.91438,000000004ef3150d,23.56
301,2019-08-04T08:15:00Z,e952280209840fa15e0a20b2db558009bfc3140abc0f7ed24f972105,60.16629,24.95957,00000000fb7600be,20.28
302,2019-08-04T08:15:00Z,e99f12d0bb0fd0e2239a3927fb66d1f11350c2dc716e8d9eb78c981d,60.16629,24.95957,00000000fb7600be,9.92
303,2019-08-04T08:15:00Z,ea754ef80bd4b970add21756d403fa61ee99121c2f8f659419791298,60.16897,24.95222,00000000aa852af1,29.32
304,2019-08-04T08:15:00Z,eb761008737fe9df89b8a17eeb1acca31db89e873203a9e955adae29,60.16897,24.95222,00000000aa852af1,23.56
305,2019-08-04T08:15:00Z,ebbf0803148156d6b481f3acf2327f1822873d8f098c3f6c93ecff40,60.16762,24.95415,000000006b44cce7,6.46
306,2019-08-04T08:15:00Z,ecdceb10707c563c8937e859c2c56a2794f9b0075e99a78b6714c4a0,60.1638,24.96846,00000000d747f075,31.5
307,2019-08-04T08:15:00Z,ed4e91928073c55192ec05b697f72564ebe181fac8ce231ea516c499,60.1638,24.96846,00000000d747f075,21.87
308,2019-08-04T08:15:00Z,eda9863fb3b93a1bda17ec2f07270342031da20e327d7a96afea2c1c,60.149,24.9843,00000000fffb8cf0,10.78
309,2019-08-04T08:15:00Z,f003871242d83c08a644ec523d242e2f442b57fb8f36b8f1336a867f,60.16762,24.95415,000000006b44cce7,6.46
310,2019-08-04T08:15:00Z,f0f920711e92ac98c91ca34a2d63cc4fd83147a277921bb876261d73,60.18203,24.91341,00000000342570c2,10.78
311,2019-08-04T08:15:00Z,f13e84dd0ad45ecf75527030179b0edfbbc459288d1c0724a0674013,60.16075,24.95883,00000000f1124bca,12.69
312,2019-08-04T08:15:00Z,f311ac58d3c02294b08387bae61935ad134e367dd3e898193b730c7a,60.16829,24.94214,00000000afef4555,8.38
313,2019-08-04T08:15:00Z,f412f9e4fb124085843845dbff75c951977c1035ddb0afb447ea5ed5,60.1638,24.96846,00000000d747f075,18.79
314,2019-08-04T08:15:00Z,f4da26cdec37b977cc1cd144d8f7697ae1530638a86695d2bf2ff2e6,60.16629,24.95957,00000000fb7600be,31.5
315,2019-08-04T08:15:00Z,f5c3e77b320987c45b074690037929af4a22426aab08075c24c9ac7f,60.17918,24.95141,00000000675d5200,2.54
316,2019-08-04T08:15:00Z,f679ffd2d47c7c8e0fcbd1cbf727e8bdbcf2a2caf3e7e7b0cc7668ed,60.149,24.9843,00000000fffb8cf0,29.32
317,2019-08-04T08:15:00Z,f6fafd5016784724cd0fa0cd8d4330b128518c26103aed2947bb4537,60.1638,24.96846,00000000d747f075,27.28
318,2019-08-04T08:15:00Z,f77aa60ef5568cc8234601baf97f65ff195de7ba5acaae51db6b567c,60.18203,24.91341,00000000342570c2,25.36
319,2019-08-04T08:15:00Z,f7adf850a865ec2d3dfb043db74138fe63abbbf950135a8ac4f8c0be,60.16897,24.95222,00000000aa852af1,21.87
320,2019-08-04T08:15:00Z,f902890d06b1fdf81083b06e633e4aa68788ef0b1e9d1a0a763a0aa3,60.18203,24.91341,00000000342570c2,25.36
321,2019-08-04T08:15:00Z,fc7b732bcde875e8e82950bc12725a6c4543c11ade175c18605531c3,60.17919,24.95181,000000007b5207b6,17.4
322,2019-08-04T08:15:00Z,fcd26dd2dad5568c6a1679b1d24b916c77c2535a258361a6d6d0397d,60.1638,24.96846,00000000d747f075,5.91
323,2019-08-04T08:15:00Z,fe35150d20c5f73f15ad412a8804d6f849d00d374e6f9a3408025136,60.16629,24.95957,00000000fb7600be,23.56
324,2019-08-04T08:15:01Z,0933d98ed76d82d313004710229cd5a8730a655a85748452a8132edf,60.1638,24.96846,00000000d747f075,27.28
325,2019-08-04T08:15:01Z,14c7e1511b70f4dd3359cbece1377aebb4d70531f5489eefe53d7c3c,60.16544,24.95398,0000000038d83d41,21.87
326,2019-08-04T08:15:01Z,165ebbb4090d47319ae370f0d0854fdc1f6b79499f8b2e4d3c3533c0,60.16544,24.95398,0000000038d83d41,21.87
327,2019-08-04T08:15:01Z,1f12b7a08c4c6b707a86eaa729298ae2aca521c938256b0bf3033761,60.17919,24.95181,000000007b5207b6,14.89
