,time,hash,latitude,longitude,serial,distance
0,2019-08-03T11:15:00Z,14c7e1511b70f4dd3359cbece1377aebb4d70531f5489eefe53d7c3c,60.16544,24.95398,0000000038d83d41,23.56
1,2019-08-03T11:15:00Z,15918569de0a46a8eb56b43d8d39f7fc82619ff1006f00822c85745c,60.17918,24.95141,00000000675d5200,1.38
2,2019-08-03T11:15:00Z,2af9f18ec38ddcce3e687bdf1a0e3d95da68f65a2028ee4a3bdeddab,60.15432,24.9211,0000000019fb59c4,8.38
3,2019-08-03T11:15:00Z,32c8ff11270c51d5bf5da51726b9173fcf8acdad00c1d609934a0636,60.14947,24.91438,000000004ef3150d,20.28
4,2019-08-03T11:15:00Z,36b200d1452ff33c97aa6f1a42ddc7968f8e9a90f46fcd62db10f381,60.16629,24.95957,00000000fb7600be,14.89
5,2019-08-03T11:15:00Z,3c6265ffe84e832004be61128bb37b14aa7b0e1387993a89568656aa,60.17919,24.95181,000000007b5207b6,3.4
6,2019-08-03T11:15:00Z,4186d6da68ebd511be3b61a558ed48d28d1c10eecd472a422b422ca2,60.16544,24.95398,0000000038d83d41,11.7
7,2019-08-03T11:15:00Z,43b676ed3aef4c2d8846694817e76117873be52e7f788e0cb366c1c4,60.16629,24.95957,00000000fb7600be,27.28
8,2019-08-03T11:15:00Z,48fc10b1c898842a641fdef310599d6d5eb7cbb53c7d9fb5932933d7,60.16762,24.95415,000000006b44cce7,16.1
9,2019-08-03T11:15:00Z,55486c7cbc7fe90013a13d912b76ac16b72f90eed0e6df18b56e8a3d,60.16629,24.95957,00000000fb7600be,17.4
10,2019-08-03T11:15:00Z,59aca46ac9201f9d96634b669e0b543a76f72bb94e5d75647b03ec64,60.1538,24.95595,0000000038bf9618,20.28
11,2019-08-03T11:15:00Z,5c5b8ebf392d3a1a9eded11c6d68af45797c4c0cf5f8cb94fc541df4,60.16762,24.95415,000000006b44cce7,12.69
12,2019-08-03T11:15:00Z,5c77f394cda292f3a78666fd4883fcab89f9f6dce59d30554bf74166,60.16829,24.94214,00000000afef4555,23.56
13,2019-08-03T11:15:00Z,5d65719c4cbf045f068d084b72302f447d5fd034413d97d13be00d0e,60.18203,24.91341,00000000342570c2,21.87
14,2019-08-03T11:15:00Z,5eed115a984d490b02b602d73787aee8dc8c4e9365b77fbff3818a76,60.16629,24.95957,00000000fb7600be,16.1
15,2019-08-03T11:15:00Z,6f06341f358e61699fe1e55e986dd0554bc8da28b91daf0c5ad99db6,60.16629,24.95957,00000000fb7600be,18.79
16,2019-08-03T11:15:00Z,76308dc069c8050ff1a3bef9da278fdcbea2d8100b85c357f6397311,60.1538,24.95595,0000000038bf9618,29.32
17,2019-08-03T11:15:00Z,79f136afa0dd8717337c01c70b457c464aaf0fa25b440f51a394ec23,60.16762,24.95415,000000006b44cce7,17.4
18,2019-08-03T11:15:00Z,7a41c0da24cc7a006a46c9082bd764683040c87e785036dd79b668bb,60.16544,24.95398,0000000038d83d41,17.4
19,2019-08-03T11:15:00Z,7f0710b937c820fc58401c954ae1355b8845468594335889b0d3d265,60.14951,24.92138,0000000006dd41f6,29.32
20,2019-08-03T11:15:00Z,87dfaad29a9276ddddb1fa021d3bc23ad14824c1af16f7d87e713689,60.14951,24.92138,0000000006dd41f6,8.38
21,2019-08-03T11:15:00Z,8c75c3289c84fe4493e1e272a77b615fe1985880c5dc68a7c1a17b53,60.16762,24.95415,000000006b44cce7,13.75
22,2019-08-03T11:15:00Z,8ff60f950161ed884860c37d18e95c683a57d568528f4083008a5dd8,60.15432,24.9211,0000000019fb59c4,12.69
23,2019-08-03T11:15:00Z,9590fbe7f7e9074b6dd825956de8c796ae92a16b43c9c6eff0730584,60.14951,24.92138,0000000006dd41f6,7.69
24,2019-08-03T11:15:00Z,9843c6216661048343a0e49cf3d8aa2883cf77f452666a1c873a1052,60.16448,24.97323,0000000053c6c2be,16.1
25,2019-08-03T11:15:00Z,9b1d852769282f25d10ddde03a126b625dec3c943d955a630eed7f18,60.16762,24.95415,000000006b44cce7,16.1
26,2019-08-03T11:15:00Z,9c70f63994c497898e0531c8b26306caf96256ac9c91447703037dee,60.17918,24.95141,00000000675d5200,14.89
27,2019-08-03T11:15:00Z,b5fd6b317890e5ab2d79e2cd1abe61626d45a753c7337d0d40728898,60.16762,24.95415,000000006b44cce7,10.78
28,2019-08-03T11:15:00Z,b734bc961ea4cb78906a3fc81a5def85f532c889a581fa9d5253a182,60.16762,24.95415,000000006b44cce7,9.92
29,2019-08-03T11:15:00Z,b90577926dd52437738dad5f00d4049f63b26d870442dd6efe495a67,60.16829,24.94214,00000000afef4555,18.79
30,2019-08-03T11:15:00Z,bb98768dad0f7c52cf643f035a3e7e48f5cfe28557c66f2a75914b31,60.15432,24.9211,0000000019fb59c4,17.4
31,2019-08-03T11:15:00Z,c40c37def6bf11a63a2556519a7c6233fd417cdeea2cf14f28e7c42c,60.16531,24.9442,00000000fdda10fe,18.79
32,2019-08-03T11:15:00Z,cf05623e4d87ce0906c0b0b7dbf53aacc1228016cd27c341228b6e76,60.18203,24.91341,00000000342570c2,20.28
33,2019-08-03T11:15:00Z,d1e2a2f34af95038976aaad223f988af276a42bb3decc0078733fa76,60.16829,24.94214,00000000afef4555,18.79
34,2019-08-03T11:15:00Z,e6a26117471c519e8ea291a6e4fad4c62d6d66bae3396b37a697eb2d,60.15432,24.9211,0000000019fb59c4,17.4
35,2019-08-03T11:15:00Z,eb24ab9795f788b82685ca2492dd2f1fd9b93d8d15f84b69c3fdf0db,60.16829,24.94214,00000000afef4555,10.78
36,2019-08-03T11:15:00Z,ed740f442f5b4c0b7c6278bf30f66d4063bbb308276e4106f8ffc8da,60.17065,24.93641,000000000f4919c9,14.89
37,2019-08-03T11:15:00Z,f088630d7476dae7d4b7e2bb1f10575f2c89acb4b6e061f3d57c2b40,60.16531,24.9442,00000000fdda10fe,18.79
38,2019-08-03T11:15:00Z,f35078038bacab63ad3070596b94bb3a7f0194dca33f52d641b73d1d,60.16762,24.95415,000000006b44cce7,10.78
39,2019-08-03T11:15:00Z,f6fd6f2098c9860e84460086d2381ff143c63785709cfd13a1f4dab1,60.16544,24.95398,0000000038d83d41,21.87
40,2019-08-03T11:15:00Z,fc4f3a44235f1cfc7b53f14ba2da599976a5a0a220d23b852688e485,60.17918,24.95141,00000000675d5200,17.4
41,2019-08-03T11:15:00Z,00097d80fa9b17df3125fff6d934ae4a090524e6477fbabd59fc5928,60.18203,24.91341,00000000342570c2,18.79
42,2019-08-03T11:15:00Z,032d76590b59c2515317ebc4211c7f78d2a63f5a0fd802ee8c47fee8,60.14951,24.92138,0000000006dd41f6,12.69
43,2019-08-03T11:15:00Z,0380085c9af56ca306753dcc0274c4fb7f59aeddfa5e60da7079f85f,60.16829,24.94214,00000000afef4555,11.7
44,2019-08-03T11:15:00Z,048ae17e2128148e5bf60c4ff85ed42e78689a8274fc6cf33081cf2d,60.16829,24.94214,00000000afef4555,10.78
45,2019-08-03T11:15:00Z,048e26a82d7566ed356ad74889bfa6512cd1a62e044eb87d791dbd1b,60.16829,24.94214,00000000afef4555,9.12
46,2019-08-03T11:15:00Z,055b390207a4afa55e8aeca8cd4ffe5609cbffca9cdee4f590d5aef8,60.16629,24.95957,00000000fb7600be,25.36
47,2019-08-03T11:15:00Z,063c51b6c445410db58a0bd694850ad260c18fdbba5c5569a129a4a6,60.16762,24.95415,000000006b44cce7,4.11
48,2019-08-03T11:15:00Z,06e993731bd9eb4942e5c71cebe4093009415c4763b2332a3cb9c15b,60.14699,24.922,00000000a53ed894,8.38
49,2019-08-03T11:15:00Z,072cf00583264d433bd438eff048cb1cb1ba993b4cccdb1a704e3476,60.149,24.9843,00000000fffb8cf0,20.28
50,2019-08-03T11:15:00Z,07b7589d4642b46c97a7cfd76707c243b77fcdab89137fa686ea693f,60.16897,24.95222,00000000aa852af1,23.56
51,2019-08-03T11:15:00Z,08241f0febb549e501a02315eab0b3f319bd1cfb86caa7fcaf3d851c,60.149,24.9843,00000000fffb8cf0,20.28
52,2019-08-03T11:15:00Z,08f5393792400cb3905cd9955279fe5799825d1d067d57e4e9c1037b,60.16897,24.95222,00000000aa852af1,27.28
53,2019-08-03T11:15:00Z,09231d9365e74509fc2a1e17da528971e108b4f7b9edfcaeddd76988,60.16762,24.95415,000000006b44cce7,5.41
54,2019-08-03T11:15:00Z,0b831a095d7d9689984b2108fb361cb3fd8c69f9e1d5444ee7be99c5,60.14699,24.922,00000000a53ed894,18.79
55,2019-08-03T11:15:00Z,0c63c80a8acaf35f17b868647636f44a21bc9a875623e8724c1f99bd,60.17065,24.93641,000000000f4919c9,13.75
56,2019-08-03T11:15:00Z,0dc14fb15f8e82f0bdfc9378ae009d0204db4d1d4279dfd7b078bbb0,60.16762,24.95415,000000006b44cce7,13.75
57,2019-08-03T11:15:00Z,0de7dcaa39600cd172389f12cee1f6ea168bead84e1a97392545f571,60.17002,24.94407,000000006b087f40,18.79
58,2019-08-03T11:15:00Z,0e5f62761d3249f7db049cb3ffa57afcddef838e786b4efe4ffc1390,60.16897,24.95222,00000000aa852af1,20.28
59,2019-08-03T11:15:00Z,0f55408ddcf273d7e014a743d1bdeaf14f563a76c326fd599a58f82d,60.14947,24.91438,000000004ef3150d,9.92
60,2019-08-03T11:15:00Z,10170cd4d61c54fd4e89b36e91343239dfdf86b35741ee21594ef634,60.16897,24.95222,00000000aa852af1,29.32
61,2019-08-03T11:15:00Z,1053fa072a30b25252436a117ec699fc838a9edb51396cb906fc5c0c,60.16544,24.95398,0000000038d83d41,17.4
62,2019-08-03T11:15:00Z,1099bc796a0a5804d738b3e8a587ef9e93d2e8d3c80643098a49170a,60.17919,24.95181,000000007b5207b6,36.27
63,2019-08-03T11:15:00Z,11f6e8cf6bf70d09d41043e12d1eb4f1912c94669ea1c4768fabb187,60.16897,24.95222,00000000aa852af1,18.79
64,2019-08-03T11:15:00Z,12b0ac7372408e9d6a82fa70ef9e1aedca2058be1573d2e0643d42fc,60.16762,24.95415,000000006b44cce7,6.46
65,2019-08-03T11:15:00Z,12ec135f0e320654fe8be3edc195bb6711677f871dcbe2109f8b7c5c,60.16829,24.94214,00000000afef4555,17.4
66,2019-08-03T11:15:00Z,13f5678a14cb2e50abb8214bcefb3593ae0932c2930030ecfd21181f,60.14951,24.92138,0000000006dd41f6,10.78
67,2019-08-03T11:15:00Z,14124ca7667c5577ed385b9fd27aed83c8177941255eb8b031683a96,60.17918,24.95141,00000000675d5200,13.75
68,2019-08-03T11:15:00Z,147c2a855e5e5880dc2c21a7d5f9237c5f73fab056b814c1e78ecb6a,60.14699,24.922,00000000a53ed894,27.28
69,2019-08-03T11:15:00Z,14c3aa9fb1b226a0d88452beaf0168e07bdbcb59b054b847d3f38150,60.14951,24.92138,0000000006dd41f6,13.75
70,2019-08-03T11:15:00Z,180e34fa5257fdd7f32b41e4bd80e1fa3f81b71e8314a3016fac467f,60.17002,24.94407,000000006b087f40,14.89
71,2019-08-03T11:15:00Z,1846e5975437efb13c78192a4f18514dff1b9ddfde794b2cfdfc2940,60.16829,24.94214,00000000afef4555,17.4
72,2019-08-03T11:15:00Z,19c79f2951dbc96c1624713ec7360bfcb9ff32b5cb232d0819d4f7aa,60.14951,24.92138,0000000006dd41f6,5.41
73,2019-08-03T11:15:00Z,1a33eca327f1bfc592857594d8fae4f1850d8b1d2306e634f8d129e4,60.1538,24.95595,0000000038bf9618,33.81
74,2019-08-03T11:15:00Z,1a81ab794da543335f122e4b109ad3b0738c60d2180071e47496f740,60.17065,24.93641,000000000f4919c9,21.87
75,2019-08-03T11:15:00Z,1a9550a87f1cde0b5fcd7547c004f76e05d92a5f53ca1e31c328aae5,60.17918,24.95141,00000000675d5200,9.12
76,2019-08-03T11:15:00Z,1bd15d24a959eac7230c513a1ba7583dd1573efcb43d66f8d13e1d38,60.14947,24.91438,000000004ef3150d,21.87
77,2019-08-03T11:15:00Z,1d416ff061ff15774d06607a652b37a9c285af1b8a29b3dbc035ddd6,60.16897,24.95222,00000000aa852af1,20.28
78,2019-08-03T11:15:00Z,1da7e8f53c1c916de67a2cf68ee78c9a58ae46f28df537f7b5ed9fa4,60.17002,24.94407,000000006b087f40,4.5
79,2019-08-03T11:15:00Z,1ea2e49a5ebb64311f0010d6dc847e96ae56603a3a901bd47cfdf78e,60.17918,24.95141,00000000675d5200,8.38
80,2019-08-03T11:15:00Z,1f8c92cf17a18bd475e1cd158d39177d4b06238f37dfecb1d36b3a6f,60.16762,24.95415,000000006b44cce7,16.1
81,2019-08-03T11:15:00Z,205f04c2f8f4a54ca2832e5bdec36207c675cca3960503f2b83797ac,60.16762,24.95415,000000006b44cce7,8.38
82,2019-08-03T11:15:00Z,2094579b54ca0be17362a4718ce03099ba8a318308b42063cf80de63,60.1538,24.95595,0000000038bf9618,41.64
83,2019-08-03T11:15:00Z,20fba604f50b419115dbad0b170b88f1a91cdbcf47e7fd310aa711ef,60.149,24.9843,00000000fffb8cf0,13.75
84,2019-08-03T11:15:00Z,211d4942688b08248a4c92f4794c71bc189ca1048ad09e9d91692755,60.16829,24.94214,00000000afef4555,17.4
85,2019-08-03T11:15:00Z,2142821dbdfd0c8de0dfc0067db2d17aa9b3989b72fc0f1e8db8cf04,60.15432,24.9211,0000000019fb59c4,17.4
86,2019-08-03T11:15:00Z,21b96d90fb000a9cd41adcc78230ae524d9d89142b6f95c06da02807,60.17918,24.95141,00000000675d5200,18.79
87,2019-08-03T11:15:00Z,21f1a9d7d2851d26f959801aa88f288c1ede1b9a48e8c7ac91047288,60.149,24.9843,00000000fffb8cf0,12.69
88,2019-08-03T11:15:00Z,22a4c29e5a96b23604b58fade4ae3cb59b73a9503f40d266a830c440,60.17919,24.95181,000000007b5207b6,7.05
89,2019-08-03T11:15:00Z,22c8fc440419aabe550f4f8ffa95312c1a57596c380ae139c440a31b,60.17919,24.95181,000000007b5207b6,11.7
90,2019-08-03T11:15:00Z,23926fafdc8126415f603d9baa520b441f99198045013d36cd67e087,60.14951,24.92138,0000000006dd41f6,7.05
91,2019-08-03T11:15:00Z,23dc67e261819f5c99b2245b2ccfb3f616f0ab385c04065f1b915c0e,60.16762,24.95415,000000006b44cce7,6.46
92,2019-08-03T11:15:00Z,25807b6c588a0ae96048e03adb8751219e6a0ce2226db704824c9764,60.17919,24.95181,000000007b5207b6,21.87
93,2019-08-03T11:15:00Z,265b4dec36dee2505deca44e224d208b8a16ee4dbd7f6299fea3e975,60.16629,24.95957,00000000fb7600be,17.4
94,2019-08-03T11:15:00Z,2696f6a462520c8284659d993a9bf0545c2b2f278e1538f7f60dd1d3,60.17002,24.94407,000000006b087f40,9.92
95,2019-08-03T11:15:00Z,278e32aa936db7564e93a06dc65651307e3f614a2a1b7be42b83c3d4,60.15432,24.9211,0000000019fb59c4,29.32
96,2019-08-03T11:15:00Z,286243a422afc710cf095cfb16fbb3793a0ad29ea12036879028c969,60.15432,24.9211,0000000019fb59c4,8.38
97,2019-08-03T11:15:00Z,2907ac12fae92639682b26d39d29c13c7a09d6f86b59f9f8d162ee9e,60.14699,24.922,00000000a53ed894,13.75
98,2019-08-03T11:15:00Z,2907c34a7812419b8d70644bfdcd41ed6e26f5f655bf8e19a79cad76,60.14947,24.91438,000000004ef3150d,9.92
99,2019-08-03T11:15:00Z,2af3131cd036c821dd08b788e02c0bb32f7ac6089f1546907ce0c32f,60.1538,24.95595,0000000038bf9618,18.79
100,2019-08-03T11:15:00Z,2b5257ad39ace1d2926f77a832fdf0c0c5e9ba174a63140794e06695,60.16762,24.95415,000000006b44cce7,31.5
101,2019-08-03T11:15:00Z,2b53ec5dfd286f82e77b21c185a935b93b4b96f936a449b88ede76c2,60.16629,24.95957,00000000fb7600be,11.7
102,2019-08-03T11:15:00Z,2b768c8a9a0dc7b7778f032cd1542858fb76e347eee945986e0bdcf9,60.17065,24.93641,000000000f4919c9,3.74
103,2019-08-03T11:15:00Z,2c8b5f47b6d38df7afde50077a8fa56d8c9e3a355b05a019af7c6484,60.1538,24.95595,0000000038bf9618,21.87
104,2019-08-03T11:15:00Z,2dac5595407152fa28c669f078b257f3a6ccb6fb7d28dcf68cd12cd2,60.16829,24.94214,00000000afef4555,16.1
105,2019-08-03T11:15:00Z,2e0281793561f35746c214ea6800faeafedb87707e950a432f4ac060,60.16897,24.95222,00000000aa852af1,27.28
106,2019-08-03T11:15:00Z,2e4018da952a60b0d54396f3cb90354f9e74719a4f4c143fd9bedd8e,60.16762,24.95415,000000006b44cce7,16.1
107,2019-08-03T11:15:00Z,2e5180d1c793b181dc02ec3b663caac97215dbb8e38687c56f331c0c,60.16544,24.95398,0000000038d83d41,18.79
108,2019-08-03T11:15:00Z,2ea8e09aba28acdbcf9ed44b237a57c467ff62305d488b01df42554d,60.16531,24.9442,00000000fdda10fe,29.32
109,2019-08-03T11:15:00Z,2f17b61e2d5166444759e6fecb7c243552cd45cb1bff8430195f9a43,60.14699,24.922,00000000a53ed894,23.56
110,2019-08-03T11:15:00Z,2f9d1178884ad0dcc3b17ce0bdbea82010a911d2940f9aef78d20c98,60.16762,24.95415,000000006b44cce7,16.1
111,2019-08-03T11:15:00Z,2fe2275d1cd60e440e5a8ee1189370e6a6e48d6a128dac0409b9a490,60.14947,24.91438,000000004ef3150d,2.54
112,2019-08-03T11:15:00Z,2fe780ff50e180488ee2c538cf6948488bce2b75040b1d51f019e1fe,60.16762,24.95415,000000006b44cce7,4.5
113,2019-08-03T11:15:00Z,30208a3509b61be27ffc65c21915a227ed695216c39611589f035b86,60.16544,24.95398,0000000038d83d41,3.09
114,2019-08-03T11:15:00Z,30397d933af1562c8e42cd0ba2d0cc899395dc7be88f768d93da7909,60.16897,24.95222,00000000aa852af1,16.1
115,2019-08-03T11:15:00Z,30e2c8c16207f3e6120c8a620df8710c2ef7289cdaf025d9d3dc6bd2,60.149,24.9843,00000000fffb8cf0,20.28
116,2019-08-03T11:15:00Z,33c5bb34a408e0a76b240f73ed1bc08b680e15e76a42a0ce3fb1fd4c,60.17065,24.93641,000000000f4919c9,20.28
117,2019-08-03T11:15:00Z,35975dd649e3393ac95fd7d4e81f9b934433fe17bd71800b74e0c781,60.16531,24.9442,00000000fdda10fe,16.1
118,2019-08-03T11:15:00Z,36396276bdd79073c90c6af147deecb9d33b4a7b504f58b40ad697c9,60.17918,24.95141,00000000675d5200,6.46
119,2019-08-03T11:15:00Z,36bc11fcf1ee0e4cb54af1ac9f1459d49793e0259b1a9fa795af2f6e,60.17065,24.93641,000000000f4919c9,8.38
120,2019-08-03T11:15:00Z,36e21080ab2dbb3523049bfc14d7ea9c5aa547b5e2bf10f46f1d4fa2,60.16762,24.95415,000000006b44cce7,17.4
121,2019-08-03T11:15:00Z,36ff02e66125f61efe6c37f318056d7711a025769cf6f780dad0265b,60.16544,24.95398,0000000038d83d41,25.36
122,2019-08-03T11:15:00Z,3727d4f4ef8b8ba6ce0b0e55bf9f5da6920e66a75b9b949033afc701,60.17065,24.93641,000000000f4919c9,0.28
123,2019-08-03T11:15:00Z,375aab3189636944b93f4cce01e955279cf5f1f2a4754c8bb77c08b3,60.14699,24.922,00000000a53ed894,16.1
124,2019-08-03T11:15:00Z,37640ad5dd8c5cb5ac5ca70d3397951f0a013be4716f87c016c7c7fe,60.16544,24.95398,0000000038d83d41,16.1
125,2019-08-03T11:15:00Z,3798c6b558a8dce642ad19bc8947542999bc31e2746362b1677c09f5,60.14951,24.92138,0000000006dd41f6,25.36
126,2019-08-03T11:15:00Z,379b225773e09287f176c4753d38f03235a6e7c3db41ee6434567a55,60.16829,24.94214,00000000afef4555,5.41
127,2019-08-03T11:15:00Z,38aa298244cadeae33e04e1259742166c2d51a665549e38a7149730e,60.17065,24.93641,000000000f4919c9,25.36
128,2019-08-03T11:15:00Z,3999c6ab965f41aa7c652ad98be2c8723c7671f3979d5b69af4d34aa,60.18203,24.91341,00000000342570c2,27.28
129,2019-08-03T11:15:00Z,3aa750c3b6c64bccd240db985777c33130e1df55cfa22d6c204d2c69,60.14951,24.92138,0000000006dd41f6,18.79
130,2019-08-03T11:15:00Z,3ae77449db45bfc9d49a3e330451609a09c6070a0906a05132bb3d93,60.16629,24.95957,00000000fb7600be,23.56
131,2019-08-03T11:15:00Z,3b665c3210ae9ea1ce32487829ec2d733ae02658d24a42761bb36288,60.14951,24.92138,0000000006dd41f6,25.36
132,2019-08-03T11:15:00Z,3b764cbbe862fbf5a54f5c537519f989298cebde0cbcd29a79841a4c,60.16897,24.95222,00000000aa852af1,20.28
133,2019-08-03T11:15:00Z,3beb2a9a91d76345b55411a2c1efd5e9564b2c70f1df5972d5323480,60.16544,24.95398,0000000038d83d41,14.89
134,2019-08-03T11:15:00Z,3c1f362e24e0cded2ffa15a8b91f98f1527644ca0f869f661e83b24c,60.16897,24.95222,00000000aa852af1,8.38
135,2019-08-03T11:15:00Z,3d56eacb50ec4e55f7e286afe3466dc033917da4137efb0388e4872c,60.17002,24.94407,000000006b087f40,17.4
136,2019-08-03T11:15:00Z,3d614cd042c58283c97418982850a94e201112146aec3e399cb51b94,60.14699,24.922,00000000a53ed894,18.79
137,2019-08-03T11:15:00Z,3dff61d62f0122ef1ee8c553c0069aab4ab06d741bf72aeb89403a3e,60.14951,24.92138,0000000006dd41f6,10.78
138,2019-08-03T11:15:00Z,3e9df9df0051eb3bd7f43076d5656ddf6c438a50c3e7548bdb7d11a1,60.14951,24.92138,0000000006dd41f6,16.1
139,2019-08-03T11:15:00Z,3f872d0f05f40b097f19c5aaed12e05ee5efadf7944ecef7bcaf9138,60.16629,24.95957,00000000fb7600be,21.87
140,2019-08-03T11:15:00Z,4010d9b2cce09673183ccc21096f2913b29d4547728e1849001c38e9,60.17918,24.95141,00000000675d5200,9.92
141,2019-08-03T11:15:00Z,4029fc79719d5d9165d6856ebc38386a49419bde2bfdfd3a232a1fcf,60.149,24.9843,00000000fffb8cf0,10.78
142,2019-08-03T11:15:00Z,416940e48660a5f841ec8eeaea4d8eca7285daeb4dcb47965088885a,60.14951,24.92138,0000000006dd41f6,12.69
143,2019-08-03T11:15:00Z,41d73485dd374f89d8c5e1dc7e3e47b7e1e603a2bae613305466f29a,60.16531,24.9442,00000000fdda10fe,0.84
144,2019-08-03T11:15:00Z,41ee281998ba9d3f7d1b9d96249c98b226d77288a82b06ed9caa0d30,60.16762,24.95415,000000006b44cce7,13.75
145,2019-08-03T11:15:00Z,4239374600411de510e5c3010333148470a67bb8a484f11dd77596eb,60.16762,24.95415,000000006b44cce7,6.46
146,2019-08-03T11:15:00Z,43e144a42fdf8db497a9b6165b36cb258e7bf665d7b0f7c5572f1ba3,60.16829,24.94214,00000000afef4555,27.28
147,2019-08-03T11:15:00Z,44bca7532eda7340e917de79550ee0f11c4a8620f0f59c1ef2cf1a91,60.16762,24.95415,000000006b44cce7,12.69
148,2019-08-03T11:15:00Z,4575e02bf9b9b7ec79f7dbbf917958dbb6187436abd0c27cb53a9597,60.15133,24.92329,00000000e8a064a4,25.36
149,2019-08-03T11:15:00Z,46224d8e06f7b5e0f1b5e6a07501ff6659403ce2ca10a4623cf46652,60.16829,24.94214,00000000afef4555,13.75
150,2019-08-03T11:15:00Z,4622a093bc038c60ff68faf0ff58a676c4e1ba328c145fd078dce94f,60.16829,24.94214,00000000afef4555,4.94
151,2019-08-03T11:15:00Z,46987ca2f61315fb314c0e9a1b523e150c108557d5f930d4a9f1b7d2,60.149,24.9843,00000000fffb8cf0,9.12
152,2019-08-03T11:15:00Z,471be5fab72e859ed839975ab6da46dfdd85e5ff6c05a9dcc0253681,60.17918,24.95141,00000000675d5200,6.46
153,2019-08-03T11:15:00Z,49b5ce9479d29bc296616844dfc19bc82ccded4b8142e7f7dc497c8d,60.16829,24.94214,00000000afef4555,7.05
154,2019-08-03T11:15:00Z,4a4051b79834e51bc3c4fa96d1b9bf07da53074035d95e6cb5a84bb1,60.16531,24.9442,00000000fdda10fe,9.92
155,2019-08-03T11:15:00Z,4a4a09701cc5e2ac9871a6c1cdfaf79a237b8fb9f26c478b5a914989,60.16829,24.94214,00000000afef4555,23.56
156,2019-08-03T11:15:00Z,4aa2fd849d8a41a6ace55851843d5536bbb61c0593c64714d57c71b9,60.16897,24.95222,00000000aa852af1,18.79
157,2019-08-03T11:15:00Z,4b026c3b8faef6f49997f4dad86660b3fe5dfa69b8e9b82b6d836a69,60.16544,24.95398,0000000038d83d41,21.87
158,2019-08-03T11:15:00Z,4b7bb038adce34a079c38807357cd410c4a4c2a89cd7d599c36fdd92,60.16544,24.95398,0000000038d83d41,17.4
159,2019-08-03T11:15:00Z,4ba80db1d58159511d36ff660b758379d475f846be732d9c139e719a,60.14951,24.92138,0000000006dd41f6,9.12
160,2019-08-03T11:15:00Z,4bb23e6d015fa2b598214b52ea8bbd3a509cf7e7d60960a39af64676,60.14951,24.92138,0000000006dd41f6,10.78
161,2019-08-03T11:15:00Z,4d815b70504cf1a8626a77f61f6ab8f76aaa6a6a8f95a23aa3dc5940,60.14699,24.922,00000000a53ed894,14.89
162,2019-08-03T11:15:00Z,4dc3a2e580c074f16e95591b3f6f24f407dfd9f801aea588716cb8e4,60.14951,24.92138,0000000006dd41f6,10.78
163,2019-08-03T11:15:00Z,4eb04844fa589a40c512fd60634e0cde7834176d712b7437225ae3aa,60.16762,24.95415,000000006b44cce7,7.05
164,2019-08-03T11:15:00Z,4eba6652eb5c5d631dda3655ca5704eb558814764917d3f5abcdf43f,60.16762,24.95415,000000006b44cce7,16.1
165,2019-08-03T11:15:00Z,4f1b036feb84e4cb98800a4a0cb36accaf42f5a1ff59c7183bed0e55,60.17918,24.95141,00000000675d5200,9.12
166,2019-08-03T11:15:00Z,4f6ffd86007006275e7e9921462231b84a2aed9c46f633fd7cb43119,60.16897,24.95222,00000000aa852af1,20.28
167,2019-08-03T11:15:00Z,4f9cd0faf6a4fcf08c69312ec565f7628219ee56f7b949d47366f25f,60.16762,24.95415,000000006b44cce7,7.69
168,2019-08-03T11:15:00Z,5044bedf0a57ab3d42d4e3c1b49a4e6d0e5d77742f8c139f190e56d3,60.16544,24.95398,0000000038d83d41,29.32
169,2019-08-03T11:15:00Z,50525e4cb78e5011c99582d3d25f243cc98e24952cbb28e76c6810d3,60.16829,24.94214,00000000afef4555,27.28
170,2019-08-03T11:15:00Z,509cb1874f15331355c339ea6b45279a92c3f25a1d4fcd32b2f85498,60.16829,24.94214,00000000afef4555,7.69
171,2019-08-03T11:15:00Z,51a0daf02655cbcca91bdd6437f5bbe656f0fa71cacf4d554516ee32,60.16897,24.95222,00000000aa852af1,13.75
172,2019-08-03T11:15:00Z,522fc312462834670951dcd888894214222b36680a7adba612d29bb4,60.16897,24.95222,00000000aa852af1,17.4
173,2019-08-03T11:15:00Z,524d0d0f83231d8f2a93ccb929c8ff900361160c14da552967051b69,60.16762,24.95415,000000006b44cce7,18.79
174,2019-08-03T11:15:00Z,5269a414bcf2a49300ca86627c3cb29dbafc867620dc27c75c6dd9df,60.16897,24.95222,00000000aa852af1,13.75
175,2019-08-03T11:15:00Z,526bbed573d601aebd63d0b1ab9c859c5e59c0d1007c2e546c21e5aa,60.17002,24.94407,000000006b087f40,29.32
176,2019-08-03T11:15:00Z,534a8de1c6b952bd605d6e8dfd0704bb77c4b7302c4ab44173cfb0d3,60.16762,24.95415,000000006b44cce7,18.79
177,2019-08-03T11:15:00Z,534eeecb0397bc3089c1e07bb941750ba4c3db84f8dc38a05bab4544,60.17918,24.95141,00000000675d5200,18.79
178,2019-08-03T11:15:00Z,539dffa8a0a29f5bcd3d859caa70a8ace1a63dd48188d83a77a3e000,60.16762,24.95415,000000006b44cce7,7.69
179,2019-08-03T11:15:00Z,53a0004dc6f2dec4d84c20dd36551c17e387608da1d5d2546556ec63,60.16762,24.95415,000000006b44cce7,12.69
180,2019-08-03T11:15:00Z,5415539ad5169668926f94f7f365c02c46375dab7e6a5e7099ec293f,60.14951,24.92138,0000000006dd41f6,20.28
181,2019-08-03T11:15:00Z,544e415e93cb8faa1ae0488eebd3920536b8fb0b7707412ac070597d,60.14951,24.92138,0000000006dd41f6,18.79
182,2019-08-03T11:15:00Z,567822f808d8715eb3285b22e91425c4314f293cab3de618edc2046a,60.16762,24.95415,000000006b44cce7,6.46
183,2019-08-03T11:15:00Z,5712088bbd6224e5adfe033053a41972e75f4aff63610cae1aa7db8b,60.16544,24.95398,0000000038d83d41,29.32
184,2019-08-03T11:15:00Z,5713912512c31aa02c475cad6d7b143c559b91e1305518dd9e1f587b,60.16762,24.95415,000000006b44cce7,2.08
185,2019-08-03T11:15:00Z,579303e8b29e56f5f58012e11f8d5fd2282c14d2c8f36c59ac703bdc,60.16629,24.95957,00000000fb7600be,12.69
186,2019-08-03T11:15:00Z,57b1863863a114a578aed6eeccb7c2f7382fef6d6195a75f73b6d804,60.14951,24.92138,0000000006dd41f6,14.89
187,2019-08-03T11:15:00Z,587ec1afa77ba1c4dc4c814e80114571100f42fa0bf0e833a02d597e,60.14951,24.92138,0000000006dd41f6,3.74
188,2019-08-03T11:15:00Z,58c436d490033a59aa0260ff28ccd956f94b833dc6082aedbd018422,60.149,24.9843,00000000fffb8cf0,33.81
189,2019-08-03T11:15:00Z,59488aa51c2b4db5ee7aebe774bd6936e69ba8f7b497f4e6560679db,60.16544,24.95398,0000000038d83d41,17.4
190,2019-08-03T11:15:00Z,59c516d99dc12924aee7cb88ac668abfe6fc376543cb513875ed8b9c,60.149,24.9843,00000000fffb8cf0,14.89
191,2019-08-03T11:15:00Z,5a384a6320e7406d49488771c105a97c821c385fd7dc4cbcf7cdd346,60.16762,24.95415,000000006b44cce7,0.59
192,2019-08-03T11:15:00Z,5ae2551b7265cfef08f829410a772fa346da3b1cdc28457b6e9a1c25,60.16762,24.95415,000000006b44cce7,7.69
193,2019-08-03T11:15:00Z,5b10ee760337659cb1165828cddf0c573066ac47981b48c368715172,60.16762,24.95415,000000006b44cce7,7.69
194,2019-08-03T11:15:00Z,5b1c2277c66b3077253f322f9b2623aaebb9535cda1277189d084ff3,60.16829,24.94214,00000000afef4555,20.28
195,2019-08-03T11:15:00Z,5c3e5c06bb1b7c6b33cee88c3c5fdda710977b99c75184397953a92a,60.14951,24.92138,0000000006dd41f6,23.56
196,2019-08-03T11:15:00Z,5c5f79c0312abff4c8251925d6b3ac5923d8e4c409afef31a755fe81,60.16762,24.95415,000000006b44cce7,6.46
197,2019-08-03T11:15:00Z,5caf16336e1295a9618327c78657903051213f495f38d5665532a86a,60.149,24.9843,00000000fffb8cf0,17.4
198,2019-08-03T11:15:00Z,5cc86f2ada501de8782a63289c7ac992e04fb045965328f625dc10f4,60.16829,24.94214,00000000afef4555,27.28
199,2019-08-03T11:15:00Z,5ee3632401dbbae71cadb8b781b296fd2fbbf6afba7da3dcbf55d9ad,60.16829,24.94214,00000000afef4555,29.32
200,2019-08-03T11:15:00Z,5eff650cf8dcae04593f5216d3a4382dcc41ca71858f05ce36e23756,60.16448,24.97323,0000000053c6c2be,41.64
201,2019-08-03T11:15:00Z,5f1b7b64c2d0ec54bcb23982b15fc075598d0699ee885b85e60202b0,60.16075,24.95883,00000000f1124bca,9.12
202,2019-08-03T11:15:00Z,5fb240619e42513fccbb6ccd0b066f41fae4f44b33ddcfe9782cc83a,60.14951,24.92138,0000000006dd41f6,8.38
203,2019-08-03T11:15:00Z,609ca6a1e985f51fc8d1868671bcacce438b34ecded6356f14f17e5e,60.17918,24.95141,00000000675d5200,11.7
204,2019-08-03T11:15:00Z,619208bbe786b0ae7b31e85019bfa90624d41c72e6da53e482421f2e,60.16762,24.95415,000000006b44cce7,9.12
205,2019-08-03T11:15:00Z,62939913c022e4f73f1e5a30785c9703c92560ca794dfc7391c2fc05,60.14951,24.92138,0000000006dd41f6,10.78
206,2019-08-03T11:15:00Z,62c170b11dc214dcfc7b99bf8f11d74c5eea742770669318d6e88bae,60.16897,24.95222,00000000aa852af1,16.1
207,2019-08-03T11:15:00Z,63298385a5146bbdd76135653e4e52a66609c8badc09a257df97a227,60.16762,24.95415,000000006b44cce7,8.38
208,2019-08-03T11:15:00Z,6372b3e74f3fb1a5c536b44a4f3f27e061875bb605dec9763a602769,60.17918,24.95141,00000000675d5200,2.3
209,2019-08-03T11:15:00Z,6483d6b9ea7f3bf17b8cd8be1d48b01255f7f69fed7fd53583277f6a,60.16829,24.94214,00000000afef4555,21.87
210,2019-08-03T11:15:00Z,65dc3920a21b15d045d35889bf4d93837ad89b6f5e67d1ba2724e7b5,60.16762,24.95415,000000006b44cce7,4.11
211,2019-08-03T11:15:00Z,6695cba99b2c9af84556797e54fc44cd9a9b7e00c369998cf3089e0b,60.1538,24.95595,0000000038bf9618,20.28
212,2019-08-03T11:15:00Z,6696a2c484b7249382629d814e07f6305e29c9ee6e0fc66ea88a11c1,60.14951,24.92138,0000000006dd41f6,13.75
213,2019-08-03T11:15:00Z,66cdff508a4c76ae9f4f4a7ddee9d9df9b61a7268f26b955739618dc,60.16544,24.95398,0000000038d83d41,21.87
214,2019-08-03T11:15:00Z,66e0ca79b6f02a13fd4fa14e003f65e37a43ed20e1fb702cc98bfdc0,60.16544,24.95398,0000000038d83d41,16.1
215,2019-08-03T11:15:00Z,6722c0908b7774c48f3f45fc3707b1d7efec0d8c378c341d16102260,60.17918,24.95141,00000000675d5200,14.89
216,2019-08-03T11:15:00Z,68036c97a005a980ae66204f7fbf9c8830f3f96a9ddf7116fd9b3bd4,60.16544,24.95398,0000000038d83d41,14.89
217,2019-08-03T11:15:00Z,698d03522e9ba9952249af6e01484b8bc60539192bac8ffbea5020a3,60.17002,24.94407,000000006b087f40,12.69
218,2019-08-03T11:15:00Z,69cc6c95e47cb263cf9bda7c0786b262947705d974281719b7c4798c,60.16762,24.95415,000000006b44cce7,10.78
219,2019-08-03T11:15:00Z,6a5d94a20346f9009cc98945b633a78dc82b8b7cbd0eae08d11dd749,60.16544,24.95398,0000000038d83d41,18.79
220,2019-08-03T11:15:00Z,6a729a88b214738e015ad0fbeb44f0756706f1cd88bbed756af7529c,60.17002,24.94407,000000006b087f40,1.88
221,2019-08-03T11:15:00Z,6b47a5e3616e974c6c88858d742da16bccc92642e8a8819657ef9b11,60.16544,24.95398,0000000038d83d41,3.74
222,2019-08-03T11:15:00Z,6ce8fb289e4983dd9c1ddc5d0a852a3245c33425682c2f2b5b832e4f,60.16762,24.95415,000000006b44cce7,5.41
223,2019-08-03T11:15:00Z,6d46f0634b74ec478e351fd6bb076411555a27b5355e35f1c03b6e82,60.149,24.9843,00000000fffb8cf0,27.28
224,2019-08-03T11:15:00Z,6e49356fc25aca8ade241aa5bc01cb1d20960fcafe77abfabad3b5ee,60.14699,24.922,00000000a53ed894,11.7
225,2019-08-03T11:15:00Z,6f2475ba18562f7b303af5edb0d60efa544ce028c84710d613ade816,60.16762,24.95415,000000006b44cce7,5.41
226,2019-08-03T11:15:00Z,70d625af4a32e914200cc4d68eda19b586fe4c39f87dd0df5fc114ca,60.16762,24.95415,000000006b44cce7,10.78
227,2019-08-03T11:15:00Z,7112dc079db3f1c96990cf1724c3816498b6e5dad2c8c8cc1629c07b,60.16762,24.95415,000000006b44cce7,7.05
228,2019-08-03T11:15:00Z,723cdf41784660e68b9ddd547c9c36ce30886c612b4bcc96a8cdacf6,60.16762,24.95415,000000006b44cce7,23.56
229,2019-08-03T11:15:00Z,765c7a869df59977ef66169bef7b90d91ad761b66cd1e21c22b1a105,60.16531,24.9442,00000000fdda10fe,2.08
230,2019-08-03T11:15:00Z,767550d6bfcc61eb6e70af5d14c9c63d5cab436d1af9fb57f0ca7054,60.16762,24.95415,000000006b44cce7,6.46
231,2019-08-03T11:15:00Z,7709feb73a1cf3f5aea462e983d9c7a76b1074c1bd092bf3cf911fb5,60.17919,24.95181,000000007b5207b6,20.28
232,2019-08-03T11:15:00Z,7881b51b78fd895c5a3ad799b81f8101b6c09f607dba68cb279f98fa,60.16762,24.95415,000000006b44cce7,9.92
233,2019-08-03T11:15:00Z,7ae2bf03bb25840fae21db6cc5a72a551a1b5c939f53b6826d8249f0,60.16629,24.95957,00000000fb7600be,21.87
234,2019-08-03T11:15:00Z,7b6afd099081ead61b945a1ad5e32ae0f52de4177d00a385b66f756e,60.16544,24.95398,0000000038d83d41,17.4
235,2019-08-03T11:15:00Z,7b9624da10f45e5a6a5cba09c660bdf1477537c2c363b0e98cd1c350,60.16829,24.94214,00000000afef4555,20.28
236,2019-08-03T11:15:00Z,7ba7ca141eb957fe17b159ccf7a4fff255c31720f2aae09c2c6b0f23,60.14951,24.92138,0000000006dd41f6,16.1
237,2019-08-03T11:15:00Z,7cd54abc22fc721985b110611fe997d352218e5a96e23ab094ae4e9b,60.16897,24.95222,00000000aa852af1,11.7
238,2019-08-03T11:15:00Z,7dbe8906c9109df4cf434873f798782ccbb64896563f8e5b0c87081b,60.16544,24.95398,0000000038d83d41,27.28
239,2019-08-03T11:15:00Z,7de9eec3e545b2661e7c4591b26da944db31bb955c274087b3f350b0,60.16897,24.95222,00000000aa852af1,13.75
240,2019-08-03T11:15:00Z,7e8be9b822fe7a45a49b1a6ed9d59bdc3bf39e12d8a1261af0bd63f2,60.14951,24.92138,0000000006dd41f6,16.1
241,2019-08-03T11:15:00Z,7ee35c1395ad21b6c0855b0da9f0b8a42d4ccff6109ce0ac4bc76a23,60.16897,24.95222,00000000aa852af1,18.79
242,2019-08-03T11:15:00Z,7f03c8c702f670dfa57e0b3fc1e6be0df2b59cd97efbe682e529b18c,60.16629,24.95957,00000000fb7600be,10.78
243,2019-08-03T11:15:00Z,7f64211fa83b31a2e3b288db3276b7925854491f34d6f6d3b777633d,60.14699,24.922,00000000a53ed894,18.79
244,2019-08-03T11:15:00Z,7f754c6e9fc5b872af0347814df41a0458338e94052f4fdc6dd2ab26,60.16531,24.9442,00000000fdda10fe,16.1
245,2019-08-03T11:15:00Z,8015dc26e330831a0111599b155e4cbcb91fc692567d123d594cea26,60.17918,24.95141,00000000675d5200,16.1
246,2019-08-03T11:15:00Z,80f1443ecef004614071c215d6944746be04947cbd9857bd6cfe34ab,60.16829,24.94214,00000000afef4555,7.69
247,2019-08-03T11:15:00Z,81b716e6d7edcc5a4e0e1bbaf4d9afd61f799c74d7ec2bd674b61ab9,60.14699,24.922,00000000a53ed894,12.69
248,2019-08-03T11:15:00Z,822d8f5152544f221137bd9abea9f782f39a5923d3832370142ca7e8,60.16829,24.94214,00000000afef4555,17.4
249,2019-08-03T11:15:00Z,8269da3abaedc198b29e11668a3263af6aab6447719731f03e6ee827,60.17918,24.95141,00000000675d5200,9.92
250,2019-08-03T11:15:00Z,83c822dcdf1f00c8b02f3a28808c7417b7b73f61cbd5f26db6b86863,60.16448,24.97323,0000000053c6c2be,27.28
251,2019-08-03T11:15:00Z,841826468b028f7ab159b263ae92f4773d2637a99f4d0a58f820a7ed,60.14699,24.922,00000000a53ed894,8.38
252,2019-08-03T11:15:00Z,846776c2e2b3d96fce5d5943407e96f6d3f7e285fca13920157c9abd,60.16531,24.9442,00000000fdda10fe,29.32
253,2019-08-03T11:15:00Z,86090e9698de34492426cc5c39b64f8ac4978fe5bb49fc706c6aaf86,60.16762,24.95415,000000006b44cce7,13.75
254,2019-08-03T11:15:00Z,863f47830b1cddb41656c109a0b1692b68eec6e89983de3cca7c6dc9,60.1538,24.95595,0000000038bf9618,29.32
255,2019-08-03T11:15:00Z,866da1cd3a79e774f4105e30fbc0e416f554ca65b6b7889084b38dfa,60.14951,24.92138,0000000006dd41f6,25.36
256,2019-08-03T11:15:00Z,886f8901321eee9dc2f00fe5e18c466ce3dbda32cab2f70a973caca9,60.16762,24.95415,000000006b44cce7,8.38
257,2019-08-03T11:15:00Z,89fb1c34b959c69ac94b669d0ce78b96f0a4fd47eea89f6087ecb592,60.14699,24.922,00000000a53ed894,6.46
258,2019-08-03T11:15:00Z,89ffe70f1c0088e0ce948d6051e9a8185bae2b0b0b93b9b81bbe50cb,60.16762,24.95415,000000006b44cce7,11.7
259,2019-08-03T11:15:00Z,8ba1f349d344756fa60ff1121d63aaf06b70071987bf509ceecd4ee4,60.17918,24.95141,00000000675d5200,14.89
260,2019-08-03T11:15:00Z,8d3dfffe975e1e88779bb179eb484b5f7d817a6a5972d4313c32825b,60.149,24.9843,00000000fffb8cf0,9.12
261,2019-08-03T11:15:00Z,8d4862506b07ca32287063ac9be3e0f44b6fc7e457bc9f1ef25b0376,60.16544,24.95398,0000000038d83d41,20.28
262,2019-08-03T11:15:00Z,8dbdaaa1418bdbbb6eec0e70660fd59feab69c2ba07613043a8f9bc6,60.16897,24.95222,00000000aa852af1,11.7
263,2019-08-03T11:15:00Z,8dbeff6d9f8dd4a3bf5bc64d6044f9838172c68e6c60cd702dfe2d45,60.16897,24.95222,00000000aa852af1,23.56
264,2019-08-03T11:15:00Z,8e21b1cd06342f0575ecd20306acfda01b683fb5563c0e2d9853325a,60.16629,24.95957,00000000fb7600be,16.1
265,2019-08-03T11:15:00Z,8f4779633cb77f35f19ce9a73d25b64f21540a363898c51417833ac5,60.17002,24.94407,000000006b087f40,11.7
266,2019-08-03T11:15:00Z,8f4d07fbfd0a58b8ae79fccd3f6f47dfd3a300a84fbf471d2f1ea67d,60.17065,24.93641,000000000f4919c9,33.81
267,2019-08-03T11:15:00Z,8f4e5d20ca792f7da4411e1d7b60e854398d7c59ae8e2da3d996f183,60.16897,24.95222,00000000aa852af1,33.81
268,2019-08-03T11:15:00Z,929e7a6112bd33a13f8e45c0bfcc972a065bd9b99d08b273f453cf91,60.16544,24.95398,0000000038d83d41,18.79
269,2019-08-03T11:15:00Z,943cb1914b36f99cb13987ed6b3c952edcbf2ecb6b92b4b5e05cdbe3,60.16897,24.95222,00000000aa852af1,11.7
270,2019-08-03T11:15:00Z,94cbe8bc63f374eada3bf9829b7f9449fc7dd27abc1f8d702d5b5cbd,60.16762,24.95415,000000006b44cce7,20.28
271,2019-08-03T11:15:00Z,973605723ab5a277244e5c94d349dd310b51ba5970df5698e476997f,60.16762,24.95415,000000006b44cce7,12.69
272,2019-08-03T11:15:00Z,985f053faa42f6076b7fc8f9aa801a943b7bc343ff40b9fd2ad05f2c,60.16448,24.97323,0000000053c6c2be,23.56
273,2019-08-03T11:15:00Z,98859c51f4aa1bd9defbe51c5c9c2f17cc903d068daf8f348a53650e,60.14699,24.922,00000000a53ed894,5.91
274,2019-08-03T11:15:00Z,9b25b4141d6e9880ecff50ca29f5a4e3f526ee8a6406fc1ad06af867,60.16075,24.95883,00000000f1124bca,31.5
275,2019-08-03T11:15:00Z,9b3e276a6957f9ecc127b25ce76acee3b839ffc6dc952921a704e339,60.14951,24.92138,0000000006dd41f6,17.4
276,2019-08-03T11:15:00Z,9b4539953a95febc204467ecbd7dc495b49eb68037deea6a421e348b,60.16448,24.97323,0000000053c6c2be,29.32
277,2019-08-03T11:15:00Z,9b598eea8c76d802d81ed527212ed06a0973276fc4b419de1a5b1a02,60.14951,24.92138,0000000006dd41f6,13.75
278,2019-08-03T11:15:00Z,9bb35f5fa632c4d9788e6356c6681abdac6abd1c3e061397b3cc205c,60.149,24.9843,00000000fffb8cf0,14.89
279,2019-08-03T11:15:00Z,9c418148e811405d517d0d127fb7c3b9a39f31676a389a5fd8cd4706,60.14951,24.92138,0000000006dd41f6,9.12
280,2019-08-03T11:15:00Z,9ce3da50b8874c89107fe464d8b16cde85fe28d141b878c72ffc2cb0,60.14947,24.91438,000000004ef3150d,5.91
281,2019-08-03T11:15:00Z,9ced2963ad25e47f07c60bcbc159b65189400d0472a715983adad21f,60.16829,24.94214,00000000afef4555,16.1
282,2019-08-03T11:15:00Z,9db96ed74216f993b24b48c958f0a506f3387973cc295e4bcdcc8a6b,60.16762,24.95415,000000006b44cce7,1.88
283,2019-08-03T11:15:00Z,9dd3726aaaa5f891ddba7323242e6e849c28b3ff672ca83c4ee83f6a,60.16829,24.94214,00000000afef4555,7.69
284,2019-08-03T11:15:00Z,9e97a3119eb5218fa4b7902e66cb310b1c0021c785b791202fd99e88,60.16829,24.94214,00000000afef4555,13.75
285,2019-08-03T11:15:00Z,9e995020384ea8cc443eb1f0d51c62658a653f89f6d705fe321cdc1a,60.17002,24.94407,000000006b087f40,8.38
286,2019-08-03T11:15:00Z,9ed229dff9f59e389bc5d4a5d80f383dc610c71f68c358ddeb413ce5,60.17002,24.94407,000000006b087f40,5.91
287,2019-08-03T11:15:00Z,9f3ec65a7aec304bd08d6b48d6fcc314ee3f2254e74e9dc18b49750b,60.17065,24.93641,000000000f4919c9,4.5
288,2019-08-03T11:15:00Z,a162e5d54a3ca954815b50a08fc2bfbacc35d572ba067be45d3f15f9,60.14951,24.92138,0000000006dd41f6,7.05
289,2019-08-03T11:15:00Z,a1a882940d05d0143206bbf6241cd2d2b2a77edd28614396b5589c4c,60.17002,24.94407,000000006b087f40,12.69
290,2019-08-03T11:15:00Z,a1b77a2c3d63515f7f4d60d58d0922ca05b9c1adb78582774ac58b5a,60.14699,24.922,00000000a53ed894,18.79
291,2019-08-03T11:15:00Z,a25b6283b691e9c862dccc773c86be5d15ae39ebaf22d05ead1b8472,60.16829,24.94214,00000000afef4555,20.28
292,2019-08-03T11:15:00Z,a2ad96f7879ada6a2c0e3e3523f3971ac50dc3c1ddb2ef9af5c84d71,60.16629,24.95957,00000000fb7600be,14.89
293,2019-08-03T11:15:00Z,a332e8373133883fce43b637f33ad14a42e8a402c6cf21dcd8591a43,60.17065,24.93641,000000000f4919c9,23.56
294,2019-08-03T11:15:00Z,a47d2f363f058ce6c0de3d753f7cb8a1504ada28a3892eca96e87b3a,60.16762,24.95415,000000006b44cce7,1.54
295,2019-08-03T11:15:00Z,a5102969178117d9688c0ea8d700b34ad5b0de0f891f9382c751add3,60.16762,24.95415,000000006b44cce7,6.46
296,2019-08-03T11:15:00Z,a6b61d86986cd7f2ee6aafcb84e53e94118dc1e05da04e084f0c6377,60.14951,24.92138,0000000006dd41f6,4.11
297,2019-08-03T11:15:00Z,a8db658d043504f8547e8ef1ad7c55af1aa38dae48b6d1e07d2158f8,60.17918,24.95141,00000000675d5200,6.46
298,2019-08-03T11:15:00Z,aa16b6363325797eed6d630d2031983429921cc59d0dba8abaa74faa,60.17002,24.94407,000000006b087f40,13.75
299,2019-08-03T11:15:00Z,aa3a851444fe6cbea912135e8caba3ee1e45824627cf87b4455006bc,60.16762,24.95415,000000006b44cce7,17.4
300,2019-08-03T11:15:00Z,aa98081e90916a6e009f49b6e2cce120b3027ebb9321cb7851da97bc,60.17065,24.93641,000000000f4919c9,9.92
301,2019-08-03T11:15:00Z,aaa78f9b23310e853a454333681fa47f44febeb2ec04bd3f051d925b,60.16762,24.95415,000000006b44cce7,4.5
302,2019-08-03T11:15:00Z,ab11fcc8e65e31ca258d8ccfd5a9c1948031043c158a7497aecca6ff,60.14947,24.91438,000000004ef3150d,29.32
303,2019-08-03T11:15:00Z,acb3e1acef5fa6e7462ccfa174d11e7d1cff122a1c2ec491c1d14fe7,60.16762,24.95415,000000006b44cce7,16.1
304,2019-08-03T11:15:00Z,ad11fb18a4c102450a8cffb6ad9ee90402478d59bebbd60f45147d99,60.16531,24.9442,00000000fdda10fe,5.41
305,2019-08-03T11:15:00Z,ad7ed45bc6675aceb5f135491476176f82ab13b4eb629ff1d12b2972,60.16762,24.95415,000000006b44cce7,3.74
306,2019-08-03T11:15:00Z,adb76f22a95461aaf53f122d2518ade8360eb3354b8958c0ddbaa411,60.16629,24.95957,00000000fb7600be,17.4
307,2019-08-03T11:15:00Z,af269d6165ba14b9eae662b16911f22d0e8273316034c78a3aa3ebbb,60.16829,24.94214,00000000afef4555,16.1
308,2019-08-03T11:15:00Z,af57800497c2b5fa75af2f260e875bff92a6867f1692a73fd74a583d,60.16829,24.94214,00000000afef4555,20.28
309,2019-08-03T11:15:00Z,b12f561f81eda10fa8003d9ac49433319e8b63e6e13fb156a5a4d4a2,60.16531,24.9442,00000000fdda10fe,16.1
310,2019-08-03T11:15:00Z,b19e75191ff3f5a87363fd1f58f11f899c3acc0de9f64d5ec61a39f5,60.16762,24.95415,000000006b44cce7,11.7
311,2019-08-03T11:15:00Z,b291bdec61c7f06e0ef0ed0aa18796b01a842980c654ccb57d7493f6,60.16629,24.95957,00000000fb7600be,25.36
312,2019-08-03T11:15:00Z,b2ddde75c0a55415f320eaca9aaa2d3fcb0f304e91d75f4c2e4b94d1,60.16897,24.95222,00000000aa852af1,27.28
313,2019-08-03T11:15:00Z,b3259859c19bd6965a1bac4387cbfdc357180dd18643a32e8de24aab,60.14947,24.91438,000000004ef3150d,25.36
314,2019-08-03T11:15:00Z,b559850eb98a6feeabaef231c1f57524967c51e3d691d9e4a9f627e1,60.16762,24.95415,000000006b44cce7,16.1
315,2019-08-03T11:15:00Z,b56c5f625b7913b631885b4b6490d8a6dbfa47e6183a69de577a3bb7,60.16829,24.94214,00000000afef4555,27.28
316,2019-08-03T11:15:00Z,b5f98a783461e0c56f512899b1e367dad03825486a45f6d9b9592432,60.16829,24.94214,00000000afef4555,25.36
317,2019-08-03T11:15:00Z,b65520df84c0e428cd44346b95a809aedba47cb14b19b0ec98fc7a06,60.17918,24.95141,00000000675d5200,7.05
318,2019-08-03T11:15:00Z,b695392392699321c47d90b794637c599f28b018dfb7a6af0cf57532,60.16762,24.95415,000000006b44cce7,10.78
319,2019-08-03T11:15:00Z,b78ac9ce66e064354d1021a08e93459decc96435984ae0e9a97a327c,60.16531,24.9442,00000000fdda10fe,17.4
320,2019-08-03T11:15:00Z,b9b8c70a805aa2c2cd5120eea34cd8a70489d78aab16f51e230b7870,60.16448,24.97323,0000000053c6c2be,27.28
321,2019-08-03T11:15:00Z,ba0f74ef58452fa3ca3bd3ae9ff4f69f22de9415be339ae8deab3d23,60.16829,24.94214,00000000afef4555,9.92
322,2019-08-03T11:15:00Z,bab6e654291bd558bb5186651da1c2d75a60f01a5b911c6dec6631cc,60.17918,24.95141,00000000675d5200,13.75
323,2019-08-03T11:15:00Z,bb01bba0bbcdd64e4383f73e237d8da87c99a0608bcacb3430028bc1,60.17918,24.95141,00000000675d5200,6.46
324,2019-08-03T11:15:00Z,bb4be7a10b57bb98293265298b4a231710ddcf4e95caac0f2029bf64,60.16531,24.9442,00000000fdda10fe,29.32
325,2019-08-03T11:15:00Z,be3c65e000945cf95d9c8e23deee09b520b36a7600008dfdb6c3862a,60.15432,24.9211,0000000019fb59c4,9.12
326,2019-08-03T11:15:00Z,bf775f3df3bd6a179e34e862ab87288ac13975a86dafc6099ad886eb,60.16762,24.95415,000000006b44cce7,2.54
