,time,hash,latitude,longitude,serial,distance
0,2019-08-01T20:07:00Z,075be70b0c9febdacbaeeb7cd5008912aad9ce85c22f5ee3d6b77e40,60.16897,24.95222,00000000aa852af1,25.36
1,2019-08-01T20:07:00Z,0add92bb629361fdf34a91a86a1f9e3aed5f10895edae2bd32f97fb0,60.14699,24.922,00000000a53ed894,20.28
2,2019-08-01T20:07:00Z,14c7e1511b70f4dd3359cbece1377aebb4d70531f5489eefe53d7c3c,60.16544,24.95398,0000000038d83d41,27.28
3,2019-08-01T20:07:00Z,22581e1d9764b88a01034a4cab1a6b02fa4aa770025b9bd340685163,60.15432,24.9211,0000000019fb59c4,16.1
4,2019-08-01T20:07:00Z,297c725b456ef12d2712634b21546721cbe93224d3a5762d897404f2,60.16762,24.95415,000000006b44cce7,11.7
5,2019-08-01T20:07:00Z,2c94897aa62344f630952ad6032f5d7976419125d126b15c1386c8b1,60.1538,24.95595,0000000038bf9618,23.56
6,2019-08-01T20:07:00Z,2f120bf2fdf8c860f6b71af3557e74561a72b06f0c3eb16b4c81123e,60.1538,24.95595,0000000038bf9618,14.89
7,2019-08-01T20:07:00Z,351407b43e2d2cbb60e7481f6fea88dcd24a9ea0d5a0f63e5073d365,60.16544,24.95398,0000000038d83d41,27.28
8,2019-08-01T20:07:00Z,3944bc7a301be7241d1f7bc4a97f221000d535ce3d8a9af9af9b23b5,60.16531,24.9442,00000000fdda10fe,33.81
9,2019-08-01T20:07:00Z,41d3af8da554a2f22a1c6596e0da84fd612b70022b5d295e6b4928e7,60.15432,24.9211,0000000019fb59c4,11.7
10,2019-08-01T20:07:00Z,43acfaf266d852466b58a09836f83dab001c14b5e1533185cb45ca51,60.1538,24.95595,0000000038bf9618,25.36
11,2019-08-01T20:07:00Z,43b676ed3aef4c2d8846694817e76117873be52e7f788e0cb366c1c4,60.16629,24.95957,00000000fb7600be,21.87
12,2019-08-01T20:07:00Z,44f1947d0640fa977e6056a6b644c7fec2930ccd7ba2750d71429f00,60.16544,24.95398,0000000038d83d41,17.4
13,2019-08-01T20:07:00Z,59107c0fb745e0aacace35f3eb6888e9aa1cace3ca066219be32fe54,60.16897,24.95222,00000000aa852af1,17.4
14,2019-08-01T20:07:00Z,5bbb5184fded3e51bc78e45e39917794285e6bbc72da404802a9599a,60.16531,24.9442,00000000fdda10fe,25.36
15,2019-08-01T20:07:00Z,5c53b5477992af1e0b2d1af467fc8df542695a341ea3ef9fd510fc53,60.16762,24.95415,000000006b44cce7,20.28
16,2019-08-01T20:07:00Z,5d65719c4cbf045f068d084b72302f447d5fd034413d97d13be00d0e,60.18203,24.91341,00000000342570c2,20.28
17,2019-08-01T20:07:00Z,5eed115a984d490b02b602d73787aee8dc8c4e9365b77fbff3818a76,60.16629,24.95957,00000000fb7600be,20.28
18,2019-08-01T20:07:00Z,6011490fb2e02d0b9d936fa70a06572cb55ffd9a6a7c607cf75c5a71,60.16897,24.95222,00000000aa852af1,29.32
19,2019-08-01T20:07:00Z,66dabd3229229330d23c70e9e1737429ddfe69db01f4a6a00f70fa20,60.16762,24.95415,000000006b44cce7,23.56
20,2019-08-01T20:07:00Z,693099b54f1d14b899f005c233a431270bde084ad2fe05abf597743a,60.16544,24.95398,0000000038d83d41,13.75
21,2019-08-01T20:07:00Z,6a54644283a4f5a6369abe947b4e9faf2ca3c25ef2ea42502cb60c5f,60.15432,24.9211,0000000019fb59c4,12.69
22,2019-08-01T20:07:00Z,6f06341f358e61699fe1e55e986dd0554bc8da28b91daf0c5ad99db6,60.16629,24.95957,00000000fb7600be,31.5
23,2019-08-01T20:07:00Z,6ff437688c444238352c28f64f9d2a7d0f14d19c9ea42c225380501e,60.16762,24.95415,000000006b44cce7,18.79
24,2019-08-01T20:07:00Z,71f1ccf548a0ec676009a1185a36ad6c18191be59b397e8261d67443,60.16762,24.95415,000000006b44cce7,9.12
25,2019-08-01T20:07:00Z,747f2d1ebff218c0ebbdc0fdaef4cbe56633dfb46ae1b1f8c8142201,60.16762,24.95415,000000006b44cce7,17.4
26,2019-08-01T20:07:00Z,75f824cedbbc71e84fb94fd235eb1831b88602670af5dcafa2d47953,60.16762,24.95415,000000006b44cce7,18.79
27,2019-08-01T20:07:00Z,77839e655f856d5295739c2388237a95b399c3b8a4f659cd1345d939,60.16829,24.94214,00000000afef4555,25.36
28,2019-08-01T20:07:00Z,7a3db40d91e137d1381ac690a78039878e0baa317ed9a7cd6882df27,60.16762,24.95415,000000006b44cce7,20.28
29,2019-08-01T20:07:00Z,87dfaad29a9276ddddb1fa021d3bc23ad14824c1af16f7d87e713689,60.14951,24.92138,0000000006dd41f6,7.69
30,2019-08-01T20:07:00Z,8c75c3289c84fe4493e1e272a77b615fe1985880c5dc68a7c1a17b53,60.16762,24.95415,000000006b44cce7,9.92
31,2019-08-01T20:07:00Z,8cc6ddaa460aeae8cc9e8a33f91a01c8cd4c0c8bf8a943210a28c84d,60.1538,24.95595,0000000038bf9618,20.28
32,2019-08-01T20:07:00Z,8e998bef021347edbc78419fa964fb76bc0cdea50aa77ee02829f6d1,60.17065,24.93641,000000000f4919c9,33.81
33,2019-08-01T20:07:00Z,9843c6216661048343a0e49cf3d8aa2883cf77f452666a1c873a1052,60.16448,24.97323,0000000053c6c2be,16.1
34,2019-08-01T20:07:00Z,9a3441615c7a95dad7af50ae16b0ac928f9d84ea590ac67cfa97ef1e,60.16544,24.95398,0000000038d83d41,18.79
35,2019-08-01T20:07:00Z,9bc8068948a5b881e1bded553efe012fe129e3e4df62f64a6724917e,60.16829,24.94214,00000000afef4555,38.87
36,2019-08-01T20:07:00Z,a1ba09b019cae8df2ec9396f46a163e5b29858a11380955ed9605985,60.15432,24.9211,0000000019fb59c4,16.1
37,2019-08-01T20:07:00Z,a91d379a4b57c5df22db0d7a041ff69f657b4b31f28554b1011fc03c,60.16544,24.95398,0000000038d83d41,31.5
38,2019-08-01T20:07:00Z,b5fd6b317890e5ab2d79e2cd1abe61626d45a753c7337d0d40728898,60.16762,24.95415,000000006b44cce7,7.69
39,2019-08-01T20:07:00Z,bb668d87f86c93df4748372d157d62397ebd76935a4a7d28bb120111,60.17002,24.94407,000000006b087f40,20.28
40,2019-08-01T20:07:00Z,bc47f02c87cebb9928c25d0ad0c1e77fa507b77e58f60e2420264dea,60.15432,24.9211,0000000019fb59c4,12.69
41,2019-08-01T20:07:00Z,c129dd128e6475a9f19e37c93fa734358684320e32cd565e787b0fcb,60.16544,24.95398,0000000038d83d41,20.28
42,2019-08-01T20:07:00Z,c40c37def6bf11a63a2556519a7c6233fd417cdeea2cf14f28e7c42c,60.16531,24.9442,00000000fdda10fe,23.56
43,2019-08-01T20:07:00Z,ce4d251a2c6b56d67533935f9c53278886ef447f18ddca76b92d9335,60.16897,24.95222,00000000aa852af1,11.7
44,2019-08-01T20:07:00Z,cf05623e4d87ce0906c0b0b7dbf53aacc1228016cd27c341228b6e76,60.18203,24.91341,00000000342570c2,18.79
45,2019-08-01T20:07:00Z,ed70dda6b7faebd4340dacdb452ab224d9d3c308df417b7fa76f54e8,60.14951,24.92138,0000000006dd41f6,36.27
46,2019-08-01T20:07:00Z,f088630d7476dae7d4b7e2bb1f10575f2c89acb4b6e061f3d57c2b40,60.16531,24.9442,00000000fdda10fe,27.28
47,2019-08-01T20:07:00Z,f1507f65150a51cff97b5ff1db03142ad3ef592badea854ae86ba220,60.16897,24.95222,00000000aa852af1,33.81
48,2019-08-01T20:07:00Z,fc4f3a44235f1cfc7b53f14ba2da599976a5a0a220d23b852688e485,60.17919,24.95181,000000007b5207b6,20.28
49,2019-08-01T20:07:00Z,01db34ac8d8896a934fd0eb93d100b93f84fe91bc138868e6ed91c5d,60.17918,24.95141,00000000675d5200,17.4
50,2019-08-01T20:07:00Z,073d6e48e38fa145a90a9a0bda092254c3330b12c18901b6552898fe,60.16897,24.95222,00000000aa852af1,23.56
51,2019-08-01T20:07:00Z,07b9e615e499010234d4deab93534a9ee9a9279417c9eae196218959,60.16762,24.95415,000000006b44cce7,17.4
52,2019-08-01T20:07:00Z,0c60893f7d389507de55444377e132bd88eb24473391cc86b042f6b8,60.17065,24.93641,000000000f4919c9,17.4
53,2019-08-01T20:07:00Z,0f7a4078e5971bf2bcc181730dbfb6f0a997610775021e0bd81c60d9,60.1538,24.95595,0000000038bf9618,23.56
54,2019-08-01T20:07:00Z,1b76e562e1105f5eaf32e0f2c3f5ba01e2d1b9615b767859bfea15e0,60.16762,24.95415,000000006b44cce7,13.75
55,2019-08-01T20:07:00Z,1e162cd855c36d13dc9f3da65c9712a77ffc0ddcc483e20a6587cc03,60.16531,24.9442,00000000fdda10fe,18.79
56,2019-08-01T20:07:00Z,1ecbc7c6afe89033252e5510cbb893666af2b3bc29f555a3a6287fdb,60.14951,24.92138,0000000006dd41f6,5.41
57,2019-08-01T20:07:00Z,206add9fe854b805193c97af7da527f90642dcf06988948f6fd55142,60.1538,24.95595,0000000038bf9618,18.79
58,2019-08-01T20:07:00Z,21b3ca4aea713f6c9f85fb35b408cc9a6003b7e414977b38c5b8de10,60.149,24.9843,00000000fffb8cf0,25.36
59,2019-08-01T20:07:00Z,25cd19db2054498bc4b970f9774f436a2fb7da2e035b13713fbe4808,60.17002,24.94407,000000006b087f40,33.81
60,2019-08-01T20:07:00Z,2970ecf01426390fc2f4e429f4eccfe3f7737b3d9c588d67fb9b7a93,60.16829,24.94214,00000000afef4555,13.75
61,2019-08-01T20:07:00Z,2baddb86f66b305a5703453784ad320e2ef1cbfd6f820a5889b477e3,60.16762,24.95415,000000006b44cce7,11.7
62,2019-08-01T20:07:00Z,2d6f07b159b22ba91e6f82f4776bc40dfb379a53d80e218c5426357c,60.16629,24.95957,00000000fb7600be,13.75
63,2019-08-01T20:07:00Z,34f7cadb008d801285379ec2f85ab037add8c82aabcaa489ca1f01cb,60.16629,24.95957,00000000fb7600be,20.28
64,2019-08-01T20:07:00Z,3994e834598e7f8d8cfc4815effa3325a0ea2cfb0ab24617218f4877,60.16762,24.95415,000000006b44cce7,17.4
65,2019-08-01T20:07:00Z,4209ec3d72ac0de70b937ab89d03feef15b5d27a96c81ea5de2e15df,60.17002,24.94407,000000006b087f40,13.75
66,2019-08-01T20:07:00Z,4f6baf35b6c7a7c05f93debb9ee2539bd30ee291471ec39f9e30064d,60.16762,24.95415,000000006b44cce7,6.46
67,2019-08-01T20:07:00Z,4fb2df7bbd5e902c54effd9b3402e92f67c8e60b45157bdd5b7fe722,60.17002,24.94407,000000006b087f40,25.36
68,2019-08-01T20:07:00Z,584743ec67ad39bc24ae9f306653efa427056434479c3307f24372ff,60.16531,24.9442,00000000fdda10fe,5.41
69,2019-08-01T20:07:00Z,584cb0b0cdd14e608c8b57c8aecc9826f9b40027e365e2438a444ea2,60.16762,24.95415,000000006b44cce7,9.92
70,2019-08-01T20:07:00Z,58509221631ccda41916c2875655981ca120227df54f2efed1576a5f,60.16544,24.95398,0000000038d83d41,29.32
71,2019-08-01T20:07:00Z,659b3c26912bdbebaf0c38d1022f95884ac70c78e87c8353a7156c14,60.17002,24.94407,000000006b087f40,33.81
72,2019-08-01T20:07:00Z,665969e68433717ccdb82c32dcd37df3f304da01f576255f2f41b9ba,60.17919,24.95181,000000007b5207b6,23.56
73,2019-08-01T20:07:00Z,697135354d2049e82361ef3045dbaeed46c4a70fe86462b665d8228e,60.16531,24.9442,00000000fdda10fe,27.28
74,2019-08-01T20:07:00Z,6e4536e10182a9267890f2b4e43b55aa7f89da824f4cde53e75be6d0,60.149,24.9843,00000000fffb8cf0,21.87
75,2019-08-01T20:07:00Z,74cb545f76f0bfc5498607247e26e814276a11ce91f77208054ecbc5,60.17002,24.94407,000000006b087f40,21.87
76,2019-08-01T20:07:00Z,77d8c670ddd2d436b5b2fa0fa98e8bcca8bf63e213166e5630cfc6c3,60.16629,24.95957,00000000fb7600be,18.79
77,2019-08-01T20:07:00Z,a43115b8763e7e7beae098c0cf898b06bdd02ab83962c9df09638bf7,60.16829,24.94214,00000000afef4555,14.89
78,2019-08-01T20:07:00Z,a619b8a29e18ced5c5d98dec03bdf7d000f09df29f21a25d96a458aa,60.15133,24.92329,00000000e8a064a4,31.5
79,2019-08-01T20:07:00Z,ae3df145fcce8058c56c16954c74ae628be2df6a2874e5c413e0cda4,60.16531,24.9442,00000000fdda10fe,29.32
80,2019-08-01T20:07:00Z,b302c76d98251b2dd42f5f157aca38a00331a2904c285f554d3176f6,60.1538,24.95595,0000000038bf9618,25.36
81,2019-08-01T20:07:00Z,b6b19c3283a0fe626d5c8e3cd689156518aec5b91e2bc1bead1a81e9,60.16531,24.9442,00000000fdda10fe,17.4
82,2019-08-01T20:07:00Z,c0a0ca3433586ed2ae0e448f2406fabac7292ac79d49562e0bd5cef8,60.16762,24.95415,000000006b44cce7,23.56
83,2019-08-01T20:07:00Z,c6c3c06904bffe0a48f3f598928b49643276ad9eda5967b6a7a80784,60.16897,24.95222,00000000aa852af1,21.87
84,2019-08-01T20:07:00Z,cff56824fb41a8a3038643baa6a275349cac6d3bb007642410b7c562,60.16531,24.9442,00000000fdda10fe,14.89
85,2019-08-01T20:07:00Z,d0897fcc660a885b94af1c6c36c44d8dac669c2a0e20887b97f849de,60.16531,24.9442,00000000fdda10fe,31.5
86,2019-08-01T20:07:00Z,d5b134a31d483ecc7450f9645d0264bff8cf83592e42df80b1c31cf3,60.16531,24.9442,00000000fdda10fe,12.69
87,2019-08-01T20:07:00Z,dd062313dd34db4bd683e90761b0ce3db4770898f8fdb6284dc9fe34,60.14947,24.91438,000000004ef3150d,8.38
88,2019-08-01T20:07:00Z,dfec865f188933db405e0473067680306d61db741fe9c011f93be0ea,60.14947,24.91438,000000004ef3150d,7.05
89,2019-08-01T20:07:00Z,ee2ee6963dc34f7e1d2455c64616c320c17a6682e2634e7b47865144,60.17002,24.94407,000000006b087f40,18.79
90,2019-08-01T20:07:00Z,f9979ac1b0a85f87b88db188495c5112b7c842880301b331fd372df2,60.1538,24.95595,0000000038bf9618,29.32
91,2019-08-01T20:07:00Z,fcf29ab2efc9909baee9ded7c1ee6f9b602a58404b8180e7864e2cc9,60.1538,24.95595,0000000038bf9618,21.87
92,2019-08-01T20:07:00Z,fe7d970a3692839a05461189bed923fd364dffb280e922934da14116,60.16762,24.95415,000000006b44cce7,18.79
93,2019-08-01T20:07:01Z,075be70b0c9febdacbaeeb7cd5008912aad9ce85c22f5ee3d6b77e40,60.16897,24.95222,00000000aa852af1,21.87
94,2019-08-01T20:07:01Z,0add92bb629361fdf34a91a86a1f9e3aed5f10895edae2bd32f97fb0,60.14699,24.922,00000000a53ed894,18.79
95,2019-08-01T20:07:01Z,14c7e1511b70f4dd3359cbece1377aebb4d70531f5489eefe53d7c3c,60.16544,24.95398,0000000038d83d41,25.36
96,2019-08-01T20:07:01Z,22581e1d9764b88a01034a4cab1a6b02fa4aa770025b9bd340685163,60.15432,24.9211,0000000019fb59c4,9.12
97,2019-08-01T20:07:01Z,297c725b456ef12d2712634b21546721cbe93224d3a5762d897404f2,60.16762,24.95415,000000006b44cce7,12.69
98,2019-08-01T20:07:01Z,2c94897aa62344f630952ad6032f5d7976419125d126b15c1386c8b1,60.1538,24.95595,0000000038bf9618,21.87
99,2019-08-01T20:07:01Z,2f120bf2fdf8c860f6b71af3557e74561a72b06f0c3eb16b4c81123e,60.1538,24.95595,0000000038bf9618,16.1
100,2019-08-01T20:07:01Z,351407b43e2d2cbb60e7481f6fea88dcd24a9ea0d5a0f63e5073d365,60.16544,24.95398,0000000038d83d41,21.87
101,2019-08-01T20:07:01Z,41d3af8da554a2f22a1c6596e0da84fd612b70022b5d295e6b4928e7,60.15432,24.9211,0000000019fb59c4,13.75
102,2019-08-01T20:07:01Z,43acfaf266d852466b58a09836f83dab001c14b5e1533185cb45ca51,60.1538,24.95595,0000000038bf9618,23.56
103,2019-08-01T20:07:01Z,43b676ed3aef4c2d8846694817e76117873be52e7f788e0cb366c1c4,60.16629,24.95957,00000000fb7600be,23.56
104,2019-08-01T20:07:01Z,44f1947d0640fa977e6056a6b644c7fec2930ccd7ba2750d71429f00,60.16544,24.95398,0000000038d83d41,23.56
105,2019-08-01T20:07:01Z,59107c0fb745e0aacace35f3eb6888e9aa1cace3ca066219be32fe54,60.16897,24.95222,00000000aa852af1,18.79
106,2019-08-01T20:07:01Z,5bbb5184fded3e51bc78e45e39917794285e6bbc72da404802a9599a,60.16531,24.9442,00000000fdda10fe,21.87
107,2019-08-01T20:07:01Z,5d65719c4cbf045f068d084b72302f447d5fd034413d97d13be00d0e,60.18203,24.91341,00000000342570c2,20.28
108,2019-08-01T20:07:01Z,5eed115a984d490b02b602d73787aee8dc8c4e9365b77fbff3818a76,60.16629,24.95957,00000000fb7600be,23.56
109,2019-08-01T20:07:01Z,6011490fb2e02d0b9d936fa70a06572cb55ffd9a6a7c607cf75c5a71,60.16897,24.95222,00000000aa852af1,27.28
110,2019-08-01T20:07:01Z,6066632ddc94b5c482a2d4f45ed2532e55e3fd63e414a084a596a737,60.16762,24.95415,000000006b44cce7,20.28
111,2019-08-01T20:07:01Z,66dabd3229229330d23c70e9e1737429ddfe69db01f4a6a00f70fa20,60.16762,24.95415,000000006b44cce7,17.4
112,2019-08-01T20:07:01Z,693099b54f1d14b899f005c233a431270bde084ad2fe05abf597743a,60.16544,24.95398,0000000038d83d41,20.28
113,2019-08-01T20:07:01Z,6a54644283a4f5a6369abe947b4e9faf2ca3c25ef2ea42502cb60c5f,60.15432,24.9211,0000000019fb59c4,13.75
114,2019-08-01T20:07:01Z,6f06341f358e61699fe1e55e986dd0554bc8da28b91daf0c5ad99db6,60.16629,24.95957,00000000fb7600be,31.5
115,2019-08-01T20:07:01Z,6ff437688c444238352c28f64f9d2a7d0f14d19c9ea42c225380501e,60.16762,24.95415,000000006b44cce7,21.87
116,2019-08-01T20:07:01Z,71f1ccf548a0ec676009a1185a36ad6c18191be59b397e8261d67443,60.16762,24.95415,000000006b44cce7,7.05
117,2019-08-01T20:07:01Z,747f2d1ebff218c0ebbdc0fdaef4cbe56633dfb46ae1b1f8c8142201,60.16762,24.95415,000000006b44cce7,13.75
118,2019-08-01T20:07:01Z,77839e655f856d5295739c2388237a95b399c3b8a4f659cd1345d939,60.16829,24.94214,00000000afef4555,21.87
119,2019-08-01T20:07:01Z,7a3db40d91e137d1381ac690a78039878e0baa317ed9a7cd6882df27,60.16762,24.95415,000000006b44cce7,21.87
120,2019-08-01T20:07:01Z,87dfaad29a9276ddddb1fa021d3bc23ad14824c1af16f7d87e713689,60.14951,24.92138,0000000006dd41f6,7.69
121,2019-08-01T20:07:01Z,89982a6acf91b79a282a6b63978e946ee205f303fcd20e944e06baf0,60.16544,24.95398,0000000038d83d41,29.32
122,2019-08-01T20:07:01Z,8c75c3289c84fe4493e1e272a77b615fe1985880c5dc68a7c1a17b53,60.16762,24.95415,000000006b44cce7,9.92
123,2019-08-01T20:07:01Z,8cc6ddaa460aeae8cc9e8a33f91a01c8cd4c0c8bf8a943210a28c84d,60.1538,24.95595,0000000038bf9618,33.81
124,2019-08-01T20:07:01Z,9843c6216661048343a0e49cf3d8aa2883cf77f452666a1c873a1052,60.16448,24.97323,0000000053c6c2be,16.1
125,2019-08-01T20:07:01Z,9a3441615c7a95dad7af50ae16b0ac928f9d84ea590ac67cfa97ef1e,60.16544,24.95398,0000000038d83d41,17.4
126,2019-08-01T20:07:01Z,a1ba09b019cae8df2ec9396f46a163e5b29858a11380955ed9605985,60.15432,24.9211,0000000019fb59c4,14.89
127,2019-08-01T20:07:01Z,a3a21ef15e1883941a7ed2eb6150357ae068aa4b0b6ce6ca0482ea3a,60.16762,24.95415,000000006b44cce7,23.56
128,2019-08-01T20:07:01Z,a91d379a4b57c5df22db0d7a041ff69f657b4b31f28554b1011fc03c,60.16544,24.95398,0000000038d83d41,27.28
129,2019-08-01T20:07:01Z,b33ae7715d6d2571066655c2c8954a5a364b5601869047de83410d9f,60.16629,24.95957,00000000fb7600be,29.32
130,2019-08-01T20:07:01Z,b5fd6b317890e5ab2d79e2cd1abe61626d45a753c7337d0d40728898,60.16762,24.95415,000000006b44cce7,6.46
131,2019-08-01T20:07:01Z,bb668d87f86c93df4748372d157d62397ebd76935a4a7d28bb120111,60.17002,24.94407,000000006b087f40,18.79
132,2019-08-01T20:07:01Z,bc47f02c87cebb9928c25d0ad0c1e77fa507b77e58f60e2420264dea,60.15432,24.9211,0000000019fb59c4,13.75
133,2019-08-01T20:07:01Z,c129dd128e6475a9f19e37c93fa734358684320e32cd565e787b0fcb,60.16544,24.95398,0000000038d83d41,25.36
134,2019-08-01T20:07:01Z,c40c37def6bf11a63a2556519a7c6233fd417cdeea2cf14f28e7c42c,60.16531,24.9442,00000000fdda10fe,23.56
135,2019-08-01T20:07:01Z,cd1cd9b58ad2e42f3cf2c00d38a368e9c6575b9f5f2bb0737ea49771,60.16544,24.95398,0000000038d83d41,33.81
136,2019-08-01T20:07:01Z,ce197d5eedb5498917afe7ca3f7275ffeb191f0c5d050bffa154c1d2,60.16531,24.9442,00000000fdda10fe,33.81
137,2019-08-01T20:07:01Z,ce4d251a2c6b56d67533935f9c53278886ef447f18ddca76b92d9335,60.16897,24.95222,00000000aa852af1,10.78
138,2019-08-01T20:07:01Z,cf05623e4d87ce0906c0b0b7dbf53aacc1228016cd27c341228b6e76,60.18203,24.91341,00000000342570c2,18.79
139,2019-08-01T20:07:01Z,ed70dda6b7faebd4340dacdb452ab224d9d3c308df417b7fa76f54e8,60.14951,24.92138,0000000006dd41f6,21.87
140,2019-08-01T20:07:01Z,f088630d7476dae7d4b7e2bb1f10575f2c89acb4b6e061f3d57c2b40,60.16531,24.9442,00000000fdda10fe,25.36
141,2019-08-01T20:07:01Z,fc4f3a44235f1cfc7b53f14ba2da599976a5a0a220d23b852688e485,60.17919,24.95181,000000007b5207b6,18.79
142,2019-08-01T20:07:01Z,01db34ac8d8896a934fd0eb93d100b93f84fe91bc138868e6ed91c5d,60.17918,24.95141,00000000675d5200,18.79
143,2019-08-01T20:07:01Z,073d6e48e38fa145a90a9a0bda092254c3330b12c18901b6552898fe,60.16897,24.95222,00000000aa852af1,23.56
144,2019-08-01T20:07:01Z,07b9e615e499010234d4deab93534a9ee9a9279417c9eae196218959,60.16762,24.95415,000000006b44cce7,16.1
145,2019-08-01T20:07:01Z,0f7a4078e5971bf2bcc181730dbfb6f0a997610775021e0bd81c60d9,60.1538,24.95595,0000000038bf9618,8.38
146,2019-08-01T20:07:01Z,1b76e562e1105f5eaf32e0f2c3f5ba01e2d1b9615b767859bfea15e0,60.16762,24.95415,000000006b44cce7,13.75
147,2019-08-01T20:07:01Z,1dacfb371d75dd4f90f447aac2a00faad98beb4188a6971c19eb2375,60.16629,24.95957,00000000fb7600be,20.28
148,2019-08-01T20:07:01Z,1e162cd855c36d13dc9f3da65c9712a77ffc0ddcc483e20a6587cc03,60.16531,24.9442,00000000fdda10fe,17.4
149,2019-08-01T20:07:01Z,1ecbc7c6afe89033252e5510cbb893666af2b3bc29f555a3a6287fdb,60.14951,24.92138,0000000006dd41f6,2.8
150,2019-08-01T20:07:01Z,206add9fe854b805193c97af7da527f90642dcf06988948f6fd55142,60.1538,24.95595,0000000038bf9618,29.32
151,2019-08-01T20:07:01Z,2970ecf01426390fc2f4e429f4eccfe3f7737b3d9c588d67fb9b7a93,60.16829,24.94214,00000000afef4555,20.28
152,2019-08-01T20:07:01Z,2baddb86f66b305a5703453784ad320e2ef1cbfd6f820a5889b477e3,60.16762,24.95415,000000006b44cce7,12.69
153,2019-08-01T20:07:01Z,2d6f07b159b22ba91e6f82f4776bc40dfb379a53d80e218c5426357c,60.16629,24.95957,00000000fb7600be,13.75
154,2019-08-01T20:07:01Z,2f4a194672967af55d86a9032f90175d8df82f2f67a4bfa744467f13,60.16897,24.95222,00000000aa852af1,29.32
155,2019-08-01T20:07:01Z,317a6a83030a94190161f930951cd9c2c4d74dff54f05b465a99841f,60.16531,24.9442,00000000fdda10fe,17.4
156,2019-08-01T20:07:01Z,33d473fef6cbdc7fa3c2c118bbba067fa8a442f729874bf9ecd7649d,60.17002,24.94407,000000006b087f40,23.56
157,2019-08-01T20:07:01Z,34f7cadb008d801285379ec2f85ab037add8c82aabcaa489ca1f01cb,60.16629,24.95957,00000000fb7600be,20.28
158,2019-08-01T20:07:01Z,3994e834598e7f8d8cfc4815effa3325a0ea2cfb0ab24617218f4877,60.16544,24.95398,0000000038d83d41,31.5
159,2019-08-01T20:07:01Z,4f6baf35b6c7a7c05f93debb9ee2539bd30ee291471ec39f9e30064d,60.16762,24.95415,000000006b44cce7,8.38
160,2019-08-01T20:07:01Z,54aec80f83440c64d4d326b4e132046c74f1427fff9bbbb689026132,60.16762,24.95415,000000006b44cce7,25.36
161,2019-08-01T20:07:01Z,584743ec67ad39bc24ae9f306653efa427056434479c3307f24372ff,60.16531,24.9442,00000000fdda10fe,5.41
162,2019-08-01T20:07:01Z,584cb0b0cdd14e608c8b57c8aecc9826f9b40027e365e2438a444ea2,60.16762,24.95415,000000006b44cce7,9.92
163,2019-08-01T20:07:01Z,5fd0f09d3eb78b689cf6f902d9699a66432e5b5bbb729073273fab69,60.16829,24.94214,00000000afef4555,20.28
164,2019-08-01T20:07:01Z,659b3c26912bdbebaf0c38d1022f95884ac70c78e87c8353a7156c14,60.17002,24.94407,000000006b087f40,31.5
165,2019-08-01T20:07:01Z,665969e68433717ccdb82c32dcd37df3f304da01f576255f2f41b9ba,60.17919,24.95181,000000007b5207b6,17.4
166,2019-08-01T20:07:01Z,697135354d2049e82361ef3045dbaeed46c4a70fe86462b665d8228e,60.16531,24.9442,00000000fdda10fe,23.56
167,2019-08-01T20:07:01Z,6c11fa2ea037fcf94acc1d8fa882fece05858ccb512d4a0570755bcc,60.16448,24.97323,0000000053c6c2be,31.5
168,2019-08-01T20:07:01Z,6e4536e10182a9267890f2b4e43b55aa7f89da824f4cde53e75be6d0,60.149,24.9843,00000000fffb8cf0,23.56
169,2019-08-01T20:07:01Z,77d8c670ddd2d436b5b2fa0fa98e8bcca8bf63e213166e5630cfc6c3,60.16629,24.95957,00000000fb7600be,17.4
170,2019-08-01T20:07:01Z,80e6a33a863d06ae981f0e38fc21796ca79cf7bd75eb70369070c4da,60.16762,24.95415,000000006b44cce7,20.28
171,2019-08-01T20:07:01Z,8f0b7fc31a204e69db90269ae5f8003ef1fbabcfbc9afdec7655708b,60.16829,24.94214,00000000afef4555,29.32
172,2019-08-01T20:07:01Z,934d0b0814cf2cd73a714d825599c8753be59ed44d807a63ff49f0a7,60.16762,24.95415,000000006b44cce7,4.94
173,2019-08-01T20:07:01Z,9d713c9ce415e473048b45bbb35d6dcdef35cabaca39aa54f2e781a3,60.16531,24.9442,00000000fdda10fe,27.28
174,2019-08-01T20:07:01Z,ae2972ed6e7af20e49f34b9c8a2b8f9d8e8a1a4ec33eb83823cb7879,60.17065,24.93641,000000000f4919c9,29.32
175,2019-08-01T20:07:01Z,ae3df145fcce8058c56c16954c74ae628be2df6a2874e5c413e0cda4,60.16531,24.9442,00000000fdda10fe,14.89
176,2019-08-01T20:07:01Z,b302c76d98251b2dd42f5f157aca38a00331a2904c285f554d3176f6,60.1538,24.95595,0000000038bf9618,29.32
177,2019-08-01T20:07:01Z,b6b19c3283a0fe626d5c8e3cd689156518aec5b91e2bc1bead1a81e9,60.16531,24.9442,00000000fdda10fe,10.78
178,2019-08-01T20:07:01Z,c61e342a0bd4b94815f3cd2005ccc46569a1a0726d848b321f54afc3,60.1538,24.95595,0000000038bf9618,18.79
179,2019-08-01T20:07:01Z,c6c3c06904bffe0a48f3f598928b49643276ad9eda5967b6a7a80784,60.16897,24.95222,00000000aa852af1,21.87
180,2019-08-01T20:07:01Z,c9ce14e0dbf0cf3c24f6a92a1930fa32de9a1de0ffe63082ccddb0d6,60.16448,24.97323,0000000053c6c2be,23.56
181,2019-08-01T20:07:01Z,cff56824fb41a8a3038643baa6a275349cac6d3bb007642410b7c562,60.16531,24.9442,00000000fdda10fe,20.28
182,2019-08-01T20:07:01Z,d0897fcc660a885b94af1c6c36c44d8dac669c2a0e20887b97f849de,60.16531,24.9442,00000000fdda10fe,25.36
183,2019-08-01T20:07:01Z,d5b134a31d483ecc7450f9645d0264bff8cf83592e42df80b1c31cf3,60.16531,24.9442,00000000fdda10fe,16.1
184,2019-08-01T20:07:01Z,dd062313dd34db4bd683e90761b0ce3db4770898f8fdb6284dc9fe34,60.14947,24.91438,000000004ef3150d,10.78
185,2019-08-01T20:07:01Z,df859562003d5b4950491e076c00968b4a0e3a1e924b53c8c7918963,60.16829,24.94214,00000000afef4555,36.27
186,2019-08-01T20:07:01Z,dfec865f188933db405e0473067680306d61db741fe9c011f93be0ea,60.14947,24.91438,000000004ef3150d,16.1
187,2019-08-01T20:07:01Z,f7bf8dd4d495709e7a5d5e596462e29fc5fb337a7a2681453e3d3f86,60.17002,24.94407,000000006b087f40,36.27
188,2019-08-01T20:07:01Z,f9399339c3de44774896319d3f291771cebcaf2666df1d6062469882,60.16531,24.9442,00000000fdda10fe,36.27
189,2019-08-01T20:07:01Z,fcf29ab2efc9909baee9ded7c1ee6f9b602a58404b8180e7864e2cc9,60.1538,24.95595,0000000038bf9618,29.32
190,2019-08-01T20:07:02Z,075be70b0c9febdacbaeeb7cd5008912aad9ce85c22f5ee3d6b77e40,60.16897,24.95222,00000000aa852af1,25.36
191,2019-08-01T20:07:02Z,0add92bb629361fdf34a91a86a1f9e3aed5f10895edae2bd32f97fb0,60.14699,24.922,00000000a53ed894,29.32
192,2019-08-01T20:07:02Z,120b564531d97aac787e1ccc1e81a4cbfe9948e62ed14fc3802b0b74,60.16075,24.95883,00000000f1124bca,36.27
193,2019-08-01T20:07:02Z,14c7e1511b70f4dd3359cbece1377aebb4d70531f5489eefe53d7c3c,60.16544,24.95398,0000000038d83d41,23.56
194,2019-08-01T20:07:02Z,165ebbb4090d47319ae370f0d0854fdc1f6b79499f8b2e4d3c3533c0,60.16544,24.95398,0000000038d83d41,33.81
195,2019-08-01T20:07:02Z,22581e1d9764b88a01034a4cab1a6b02fa4aa770025b9bd340685163,60.15432,24.9211,0000000019fb59c4,9.92
196,2019-08-01T20:07:02Z,24d2f2ddd119efcb13abb0ab2cb53850e9788b6713967ccca4d6e071,60.16897,24.95222,00000000aa852af1,21.87
197,2019-08-01T20:07:02Z,297c725b456ef12d2712634b21546721cbe93224d3a5762d897404f2,60.16762,24.95415,000000006b44cce7,10.78
198,2019-08-01T20:07:02Z,2c94897aa62344f630952ad6032f5d7976419125d126b15c1386c8b1,60.1538,24.95595,0000000038bf9618,20.28
199,2019-08-01T20:07:02Z,2f120bf2fdf8c860f6b71af3557e74561a72b06f0c3eb16b4c81123e,60.1538,24.95595,0000000038bf9618,17.4
200,2019-08-01T20:07:02Z,351407b43e2d2cbb60e7481f6fea88dcd24a9ea0d5a0f63e5073d365,60.16544,24.95398,0000000038d83d41,27.28
201,2019-08-01T20:07:02Z,41d3af8da554a2f22a1c6596e0da84fd612b70022b5d295e6b4928e7,60.15432,24.9211,0000000019fb59c4,9.92
202,2019-08-01T20:07:02Z,43acfaf266d852466b58a09836f83dab001c14b5e1533185cb45ca51,60.1538,24.95595,0000000038bf9618,23.56
203,2019-08-01T20:07:02Z,43b676ed3aef4c2d8846694817e76117873be52e7f788e0cb366c1c4,60.16629,24.95957,00000000fb7600be,27.28
204,2019-08-01T20:07:02Z,44f1947d0640fa977e6056a6b644c7fec2930ccd7ba2750d71429f00,60.16544,24.95398,0000000038d83d41,21.87
205,2019-08-01T20:07:02Z,59107c0fb745e0aacace35f3eb6888e9aa1cace3ca066219be32fe54,60.16897,24.95222,00000000aa852af1,23.56
206,2019-08-01T20:07:02Z,5c53b5477992af1e0b2d1af467fc8df542695a341ea3ef9fd510fc53,60.16762,24.95415,000000006b44cce7,18.79
207,2019-08-01T20:07:02Z,5d65719c4cbf045f068d084b72302f447d5fd034413d97d13be00d0e,60.18203,24.91341,00000000342570c2,17.4
208,2019-08-01T20:07:02Z,5eed115a984d490b02b602d73787aee8dc8c4e9365b77fbff3818a76,60.16629,24.95957,00000000fb7600be,18.79
209,2019-08-01T20:07:02Z,6011490fb2e02d0b9d936fa70a06572cb55ffd9a6a7c607cf75c5a71,60.16897,24.95222,00000000aa852af1,23.56
210,2019-08-01T20:07:02Z,66dabd3229229330d23c70e9e1737429ddfe69db01f4a6a00f70fa20,60.16762,24.95415,000000006b44cce7,25.36
211,2019-08-01T20:07:02Z,693099b54f1d14b899f005c233a431270bde084ad2fe05abf597743a,60.16544,24.95398,0000000038d83d41,16.1
212,2019-08-01T20:07:02Z,6a54644283a4f5a6369abe947b4e9faf2ca3c25ef2ea42502cb60c5f,60.15432,24.9211,0000000019fb59c4,13.75
213,2019-08-01T20:07:02Z,6f06341f358e61699fe1e55e986dd0554bc8da28b91daf0c5ad99db6,60.16629,24.95957,00000000fb7600be,27.28
214,2019-08-01T20:07:02Z,6ff437688c444238352c28f64f9d2a7d0f14d19c9ea42c225380501e,60.16762,24.95415,000000006b44cce7,18.79
215,2019-08-01T20:07:02Z,71f1ccf548a0ec676009a1185a36ad6c18191be59b397e8261d67443,60.16762,24.95415,000000006b44cce7,9.12
216,2019-08-01T20:07:02Z,747f2d1ebff218c0ebbdc0fdaef4cbe56633dfb46ae1b1f8c8142201,60.16762,24.95415,000000006b44cce7,21.87
217,2019-08-01T20:07:02Z,77839e655f856d5295739c2388237a95b399c3b8a4f659cd1345d939,60.16829,24.94214,00000000afef4555,23.56
218,2019-08-01T20:07:02Z,7a3db40d91e137d1381ac690a78039878e0baa317ed9a7cd6882df27,60.16762,24.95415,000000006b44cce7,21.87
219,2019-08-01T20:07:02Z,87dfaad29a9276ddddb1fa021d3bc23ad14824c1af16f7d87e713689,60.14951,24.92138,0000000006dd41f6,7.05
220,2019-08-01T20:07:02Z,89982a6acf91b79a282a6b63978e946ee205f303fcd20e944e06baf0,60.16544,24.95398,0000000038d83d41,25.36
221,2019-08-01T20:07:02Z,8c75c3289c84fe4493e1e272a77b615fe1985880c5dc68a7c1a17b53,60.16762,24.95415,000000006b44cce7,9.92
222,2019-08-01T20:07:02Z,8cc6ddaa460aeae8cc9e8a33f91a01c8cd4c0c8bf8a943210a28c84d,60.1538,24.95595,0000000038bf9618,25.36
223,2019-08-01T20:07:02Z,91d3b80de4439a4a49ddb8a04d72a0a2ec6c08f351d70232842af567,60.16762,24.95415,000000006b44cce7,25.36
224,2019-08-01T20:07:02Z,9843c6216661048343a0e49cf3d8aa2883cf77f452666a1c873a1052,60.16448,24.97323,0000000053c6c2be,14.89
225,2019-08-01T20:07:02Z,9a3441615c7a95dad7af50ae16b0ac928f9d84ea590ac67cfa97ef1e,60.16544,24.95398,0000000038d83d41,16.1
226,2019-08-01T20:07:02Z,a1ba09b019cae8df2ec9396f46a163e5b29858a11380955ed9605985,60.15432,24.9211,0000000019fb59c4,14.89
227,2019-08-01T20:07:02Z,a91d379a4b57c5df22db0d7a041ff69f657b4b31f28554b1011fc03c,60.16544,24.95398,0000000038d83d41,29.32
228,2019-08-01T20:07:02Z,b5fd6b317890e5ab2d79e2cd1abe61626d45a753c7337d0d40728898,60.16762,24.95415,000000006b44cce7,9.92
229,2019-08-01T20:07:02Z,bb668d87f86c93df4748372d157d62397ebd76935a4a7d28bb120111,60.17002,24.94407,000000006b087f40,21.87
230,2019-08-01T20:07:02Z,bc47f02c87cebb9928c25d0ad0c1e77fa507b77e58f60e2420264dea,60.15432,24.9211,0000000019fb59c4,17.4
231,2019-08-01T20:07:02Z,c129dd128e6475a9f19e37c93fa734358684320e32cd565e787b0fcb,60.16544,24.95398,0000000038d83d41,18.79
232,2019-08-01T20:07:02Z,ce197d5eedb5498917afe7ca3f7275ffeb191f0c5d050bffa154c1d2,60.16531,24.9442,00000000fdda10fe,33.81
233,2019-08-01T20:07:02Z,ce4d251a2c6b56d67533935f9c53278886ef447f18ddca76b92d9335,60.16897,24.95222,00000000aa852af1,9.92
234,2019-08-01T20:07:02Z,cf05623e4d87ce0906c0b0b7dbf53aacc1228016cd27c341228b6e76,60.18203,24.91341,00000000342570c2,18.79
235,2019-08-01T20:07:02Z,f088630d7476dae7d4b7e2bb1f10575f2c89acb4b6e061f3d57c2b40,60.16531,24.9442,00000000fdda10fe,20.28
236,2019-08-01T20:07:02Z,f1507f65150a51cff97b5ff1db03142ad3ef592badea854ae86ba220,60.16897,24.95222,00000000aa852af1,25.36
237,2019-08-01T20:07:02Z,fc4f3a44235f1cfc7b53f14ba2da599976a5a0a220d23b852688e485,60.17919,24.95181,000000007b5207b6,18.79
238,2019-08-01T20:07:02Z,01db34ac8d8896a934fd0eb93d100b93f84fe91bc138868e6ed91c5d,60.17918,24.95141,00000000675d5200,18.79
239,2019-08-01T20:07:02Z,073d6e48e38fa145a90a9a0bda092254c3330b12c18901b6552898fe,60.16897,24.95222,00000000aa852af1,21.87
240,2019-08-01T20:07:02Z,0c60893f7d389507de55444377e132bd88eb24473391cc86b042f6b8,60.17065,24.93641,000000000f4919c9,23.56
241,2019-08-01T20:07:02Z,0f7a4078e5971bf2bcc181730dbfb6f0a997610775021e0bd81c60d9,60.1538,24.95595,0000000038bf9618,20.28
242,2019-08-01T20:07:02Z,1b76e562e1105f5eaf32e0f2c3f5ba01e2d1b9615b767859bfea15e0,60.16762,24.95415,000000006b44cce7,13.75
243,2019-08-01T20:07:02Z,1dacfb371d75dd4f90f447aac2a00faad98beb4188a6971c19eb2375,60.16629,24.95957,00000000fb7600be,29.32
244,2019-08-01T20:07:02Z,1e162cd855c36d13dc9f3da65c9712a77ffc0ddcc483e20a6587cc03,60.16531,24.9442,00000000fdda10fe,14.89
245,2019-08-01T20:07:02Z,1ecbc7c6afe89033252e5510cbb893666af2b3bc29f555a3a6287fdb,60.14951,24.92138,0000000006dd41f6,2.8
246,2019-08-01T20:07:02Z,206add9fe854b805193c97af7da527f90642dcf06988948f6fd55142,60.1538,24.95595,0000000038bf9618,27.28
247,2019-08-01T20:07:02Z,2baddb86f66b305a5703453784ad320e2ef1cbfd6f820a5889b477e3,60.16762,24.95415,000000006b44cce7,14.89
248,2019-08-01T20:07:02Z,2d6f07b159b22ba91e6f82f4776bc40dfb379a53d80e218c5426357c,60.16629,24.95957,00000000fb7600be,14.89
249,2019-08-01T20:07:02Z,2f4a194672967af55d86a9032f90175d8df82f2f67a4bfa744467f13,60.16897,24.95222,00000000aa852af1,33.81
250,2019-08-01T20:07:02Z,317a6a83030a94190161f930951cd9c2c4d74dff54f05b465a99841f,60.16531,24.9442,00000000fdda10fe,17.4
251,2019-08-01T20:07:02Z,34f7cadb008d801285379ec2f85ab037add8c82aabcaa489ca1f01cb,60.16629,24.95957,00000000fb7600be,21.87
252,2019-08-01T20:07:02Z,4209ec3d72ac0de70b937ab89d03feef15b5d27a96c81ea5de2e15df,60.17002,24.94407,000000006b087f40,21.87
253,2019-08-01T20:07:02Z,459ac98e484bbb8000e6449ca3f0039144dbbff14fe76c1f062ade61,60.16897,24.95222,00000000aa852af1,25.36
254,2019-08-01T20:07:02Z,4f6baf35b6c7a7c05f93debb9ee2539bd30ee291471ec39f9e30064d,60.16762,24.95415,000000006b44cce7,13.75
255,2019-08-01T20:07:02Z,4fb2df7bbd5e902c54effd9b3402e92f67c8e60b45157bdd5b7fe722,60.17002,24.94407,000000006b087f40,27.28
256,2019-08-01T20:07:02Z,54aec80f83440c64d4d326b4e132046c74f1427fff9bbbb689026132,60.16762,24.95415,000000006b44cce7,18.79
257,2019-08-01T20:07:02Z,584743ec67ad39bc24ae9f306653efa427056434479c3307f24372ff,60.16531,24.9442,00000000fdda10fe,5.41
258,2019-08-01T20:07:02Z,584cb0b0cdd14e608c8b57c8aecc9826f9b40027e365e2438a444ea2,60.16762,24.95415,000000006b44cce7,9.92
259,2019-08-01T20:07:02Z,64b5c17cb6276fe302b009990ceca144eb0fa7aa3e028d1971352f2b,60.16544,24.95398,0000000038d83d41,25.36
260,2019-08-01T20:07:02Z,665969e68433717ccdb82c32dcd37df3f304da01f576255f2f41b9ba,60.17919,24.95181,000000007b5207b6,23.56
261,2019-08-01T20:07:02Z,695af3dc1f291d27b50bdfaaaa74b8f003aeff7c39132cf3306451be,60.17002,24.94407,000000006b087f40,25.36
262,2019-08-01T20:07:02Z,6e4536e10182a9267890f2b4e43b55aa7f89da824f4cde53e75be6d0,60.149,24.9843,00000000fffb8cf0,18.79
263,2019-08-01T20:07:02Z,77d8c670ddd2d436b5b2fa0fa98e8bcca8bf63e213166e5630cfc6c3,60.16629,24.95957,00000000fb7600be,17.4
264,2019-08-01T20:07:02Z,80e6a33a863d06ae981f0e38fc21796ca79cf7bd75eb70369070c4da,60.16762,24.95415,000000006b44cce7,23.56
265,2019-08-01T20:07:02Z,9d713c9ce415e473048b45bbb35d6dcdef35cabaca39aa54f2e781a3,60.16531,24.9442,00000000fdda10fe,29.32
266,2019-08-01T20:07:02Z,a43115b8763e7e7beae098c0cf898b06bdd02ab83962c9df09638bf7,60.16829,24.94214,00000000afef4555,21.87
267,2019-08-01T20:07:02Z,a619b8a29e18ced5c5d98dec03bdf7d000f09df29f21a25d96a458aa,60.15133,24.92329,00000000e8a064a4,41.64
268,2019-08-01T20:07:02Z,ae3df145fcce8058c56c16954c74ae628be2df6a2874e5c413e0cda4,60.16531,24.9442,00000000fdda10fe,14.89
269,2019-08-01T20:07:02Z,b5746feb36678e5948418448a06721eb295416fb6c3d7d43b2682fbb,60.17065,24.93641,000000000f4919c9,31.5
270,2019-08-01T20:07:02Z,b6b19c3283a0fe626d5c8e3cd689156518aec5b91e2bc1bead1a81e9,60.16531,24.9442,00000000fdda10fe,11.7
271,2019-08-01T20:07:02Z,c6c3c06904bffe0a48f3f598928b49643276ad9eda5967b6a7a80784,60.16897,24.95222,00000000aa852af1,23.56
272,2019-08-01T20:07:02Z,d5b134a31d483ecc7450f9645d0264bff8cf83592e42df80b1c31cf3,60.16531,24.9442,00000000fdda10fe,12.69
273,2019-08-01T20:07:02Z,dd062313dd34db4bd683e90761b0ce3db4770898f8fdb6284dc9fe34,60.14947,24.91438,000000004ef3150d,8.38
274,2019-08-01T20:07:02Z,dfec865f188933db405e0473067680306d61db741fe9c011f93be0ea,60.14947,24.91438,000000004ef3150d,7.69
275,2019-08-01T20:07:02Z,ee2ee6963dc34f7e1d2455c64616c320c17a6682e2634e7b47865144,60.17002,24.94407,000000006b087f40,27.28
276,2019-08-01T20:07:02Z,f9399339c3de44774896319d3f291771cebcaf2666df1d6062469882,60.16531,24.9442,00000000fdda10fe,27.28
277,2019-08-01T20:07:02Z,f9979ac1b0a85f87b88db188495c5112b7c842880301b331fd372df2,60.1538,24.95595,0000000038bf9618,20.28
278,2019-08-01T20:07:02Z,fadc93c753235f6d37c47b94c1edca81274937924a79b47c822de553,60.18203,24.91341,00000000342570c2,25.36
279,2019-08-01T20:07:02Z,fe7d970a3692839a05461189bed923fd364dffb280e922934da14116,60.16762,24.95415,000000006b44cce7,20.28
280,2019-08-01T20:07:03Z,075be70b0c9febdacbaeeb7cd5008912aad9ce85c22f5ee3d6b77e40,60.16897,24.95222,00000000aa852af1,23.56
281,2019-08-01T20:07:03Z,0add92bb629361fdf34a91a86a1f9e3aed5f10895edae2bd32f97fb0,60.14699,24.922,00000000a53ed894,23.56
282,2019-08-01T20:07:03Z,14c7e1511b70f4dd3359cbece1377aebb4d70531f5489eefe53d7c3c,60.16544,24.95398,0000000038d83d41,25.36
283,2019-08-01T20:07:03Z,22581e1d9764b88a01034a4cab1a6b02fa4aa770025b9bd340685163,60.15432,24.9211,0000000019fb59c4,9.92
284,2019-08-01T20:07:03Z,24d2f2ddd119efcb13abb0ab2cb53850e9788b6713967ccca4d6e071,60.16897,24.95222,00000000aa852af1,27.28
285,2019-08-01T20:07:03Z,297c725b456ef12d2712634b21546721cbe93224d3a5762d897404f2,60.16762,24.95415,000000006b44cce7,11.7
286,2019-08-01T20:07:03Z,2c94897aa62344f630952ad6032f5d7976419125d126b15c1386c8b1,60.1538,24.95595,0000000038bf9618,23.56
287,2019-08-01T20:07:03Z,2f120bf2fdf8c860f6b71af3557e74561a72b06f0c3eb16b4c81123e,60.1538,24.95595,0000000038bf9618,16.1
288,2019-08-01T20:07:03Z,351407b43e2d2cbb60e7481f6fea88dcd24a9ea0d5a0f63e5073d365,60.16544,24.95398,0000000038d83d41,23.56
289,2019-08-01T20:07:03Z,3944bc7a301be7241d1f7bc4a97f221000d535ce3d8a9af9af9b23b5,60.16531,24.9442,00000000fdda10fe,33.81
290,2019-08-01T20:07:03Z,41d3af8da554a2f22a1c6596e0da84fd612b70022b5d295e6b4928e7,60.15432,24.9211,0000000019fb59c4,10.78
291,2019-08-01T20:07:03Z,43acfaf266d852466b58a09836f83dab001c14b5e1533185cb45ca51,60.1538,24.95595,0000000038bf9618,17.4
292,2019-08-01T20:07:03Z,43b676ed3aef4c2d8846694817e76117873be52e7f788e0cb366c1c4,60.16629,24.95957,00000000fb7600be,25.36
293,2019-08-01T20:07:03Z,44f1947d0640fa977e6056a6b644c7fec2930ccd7ba2750d71429f00,60.16544,24.95398,0000000038d83d41,16.1
294,2019-08-01T20:07:03Z,59107c0fb745e0aacace35f3eb6888e9aa1cace3ca066219be32fe54,60.16897,24.95222,00000000aa852af1,21.87
295,2019-08-01T20:07:03Z,5bbb5184fded3e51bc78e45e39917794285e6bbc72da404802a9599a,60.16531,24.9442,00000000fdda10fe,18.79
296,2019-08-01T20:07:03Z,5c53b5477992af1e0b2d1af467fc8df542695a341ea3ef9fd510fc53,60.16762,24.95415,000000006b44cce7,16.1
297,2019-08-01T20:07:03Z,5d65719c4cbf045f068d084b72302f447d5fd034413d97d13be00d0e,60.18203,24.91341,00000000342570c2,18.79
298,2019-08-01T20:07:03Z,5eed115a984d490b02b602d73787aee8dc8c4e9365b77fbff3818a76,60.16629,24.95957,00000000fb7600be,20.28
299,2019-08-01T20:07:03Z,6011490fb2e02d0b9d936fa70a06572cb55ffd9a6a7c607cf75c5a71,60.16897,24.95222,00000000aa852af1,27.28
300,2019-08-01T20:07:03Z,66dabd3229229330d23c70e9e1737429ddfe69db01f4a6a00f70fa20,60.16762,24.95415,000000006b44cce7,20.28
301,2019-08-01T20:07:03Z,693099b54f1d14b899f005c233a431270bde084ad2fe05abf597743a,60.16544,24.95398,0000000038d83d41,12.69
302,2019-08-01T20:07:03Z,6a54644283a4f5a6369abe947b4e9faf2ca3c25ef2ea42502cb60c5f,60.15432,24.9211,0000000019fb59c4,20.28
303,2019-08-01T20:07:03Z,6f06341f358e61699fe1e55e986dd0554bc8da28b91daf0c5ad99db6,60.16629,24.95957,00000000fb7600be,18.79
304,2019-08-01T20:07:03Z,6ff437688c444238352c28f64f9d2a7d0f14d19c9ea42c225380501e,60.16762,24.95415,000000006b44cce7,25.36
305,2019-08-01T20:07:03Z,71f1ccf548a0ec676009a1185a36ad6c18191be59b397e8261d67443,60.16762,24.95415,000000006b44cce7,7.05
306,2019-08-01T20:07:03Z,747f2d1ebff218c0ebbdc0fdaef4cbe56633dfb46ae1b1f8c8142201,60.16762,24.95415,000000006b44cce7,23.56
307,2019-08-01T20:07:03Z,77839e655f856d5295739c2388237a95b399c3b8a4f659cd1345d939,60.16829,24.94214,00000000afef4555,25.36
308,2019-08-01T20:07:03Z,7a3db40d91e137d1381ac690a78039878e0baa317ed9a7cd6882df27,60.16762,24.95415,000000006b44cce7,20.28
309,2019-08-01T20:07:03Z,87dfaad29a9276ddddb1fa021d3bc23ad14824c1af16f7d87e713689,60.14951,24.92138,0000000006dd41f6,10.78
310,2019-08-01T20:07:03Z,8c75c3289c84fe4493e1e272a77b615fe1985880c5dc68a7c1a17b53,60.16762,24.95415,000000006b44cce7,11.7
311,2019-08-01T20:07:03Z,8cc6ddaa460aeae8cc9e8a33f91a01c8cd4c0c8bf8a943210a28c84d,60.1538,24.95595,0000000038bf9618,13.75
312,2019-08-01T20:07:03Z,9843c6216661048343a0e49cf3d8aa2883cf77f452666a1c873a1052,60.16448,24.97323,0000000053c6c2be,16.1
313,2019-08-01T20:07:03Z,9a3441615c7a95dad7af50ae16b0ac928f9d84ea590ac67cfa97ef1e,60.16544,24.95398,0000000038d83d41,18.79
314,2019-08-01T20:07:03Z,a1ba09b019cae8df2ec9396f46a163e5b29858a11380955ed9605985,60.15432,24.9211,0000000019fb59c4,20.28
315,2019-08-01T20:07:03Z,a91d379a4b57c5df22db0d7a041ff69f657b4b31f28554b1011fc03c,60.16544,24.95398,0000000038d83d41,29.32
316,2019-08-01T20:07:03Z,b33ae7715d6d2571066655c2c8954a5a364b5601869047de83410d9f,60.16629,24.95957,00000000fb7600be,21.87
317,2019-08-01T20:07:03Z,b5fd6b317890e5ab2d79e2cd1abe61626d45a753c7337d0d40728898,60.16762,24.95415,000000006b44cce7,7.05
318,2019-08-01T20:07:03Z,bb668d87f86c93df4748372d157d62397ebd76935a4a7d28bb120111,60.17002,24.94407,000000006b087f40,18.79
319,2019-08-01T20:07:03Z,bc47f02c87cebb9928c25d0ad0c1e77fa507b77e58f60e2420264dea,60.15432,24.9211,0000000019fb59c4,18.79
320,2019-08-01T20:07:03Z,c129dd128e6475a9f19e37c93fa734358684320e32cd565e787b0fcb,60.16544,24.95398,0000000038d83d41,18.79
321,2019-08-01T20:07:03Z,c40c37def6bf11a63a2556519a7c6233fd417cdeea2cf14f28e7c42c,60.16531,24.9442,00000000fdda10fe,21.87
322,2019-08-01T20:07:03Z,ce4d251a2c6b56d67533935f9c53278886ef447f18ddca76b92d9335,60.16897,24.95222,00000000aa852af1,9.12
323,2019-08-01T20:07:03Z,cf05623e4d87ce0906c0b0b7dbf53aacc1228016cd27c341228b6e76,60.18203,24.91341,00000000342570c2,18.79
324,2019-08-01T20:07:03Z,ed70dda6b7faebd4340dacdb452ab224d9d3c308df417b7fa76f54e8,60.14951,24.92138,0000000006dd41f6,21.87
325,2019-08-01T20:07:03Z,f088630d7476dae7d4b7e2bb1f10575f2c89acb4b6e061f3d57c2b40,60.16531,24.9442,00000000fdda10fe,23.56
326,2019-08-01T20:07:03Z,f1507f65150a51cff97b5ff1db03142ad3ef592badea854ae86ba220,60.16897,24.95222,00000000aa852af1,25.36
