,time,hash,latitude,longitude,serial,distance
0,2019-08-01T07:07:00Z,03e0fc996a589ccdf1871b3c78e089c08c93ba1f2a02d740fb384aac,60.16531,24.9442,00000000fdda10fe,27.28
1,2019-08-01T07:07:00Z,144afc51fc2443c7031a2912566eff2ce60226a49d6d2bd7c2923700,60.16544,24.95398,0000000038d83d41,17.4
2,2019-08-01T07:07:00Z,14c7e1511b70f4dd3359cbece1377aebb4d70531f5489eefe53d7c3c,60.16544,24.95398,0000000038d83d41,29.32
3,2019-08-01T07:07:00Z,15918569de0a46a8eb56b43d8d39f7fc82619ff1006f00822c85745c,60.17918,24.95141,00000000675d5200,3.74
4,2019-08-01T07:07:00Z,1bbb91ce3fba92d6f6c2ab886da498121807c1c32ab3d6be5f42845b,60.1638,24.96846,00000000d747f075,18.79
5,2019-08-01T07:07:00Z,1f0f0628cdc688d76bde2b82bee5b9b4916bf0bbdfe76cf3213e1c65,60.15432,24.9211,0000000019fb59c4,13.75
6,2019-08-01T07:07:00Z,297c725b456ef12d2712634b21546721cbe93224d3a5762d897404f2,60.16762,24.95415,000000006b44cce7,23.56
7,2019-08-01T07:07:00Z,2a93b61a3863ace54349d7a0937e4134fcc6d4dfcf064eefae2b7cf8,60.15432,24.9211,0000000019fb59c4,18.79
8,2019-08-01T07:07:00Z,5bbb5184fded3e51bc78e45e39917794285e6bbc72da404802a9599a,60.16531,24.9442,00000000fdda10fe,25.36
9,2019-08-01T07:07:00Z,5d65719c4cbf045f068d084b72302f447d5fd034413d97d13be00d0e,60.18203,24.91341,00000000342570c2,20.28
10,2019-08-01T07:07:00Z,6a657079c1bdc8114c289be1ddd83e5846d4279a920d1697b8ff0033,60.18203,24.91341,00000000342570c2,23.56
11,2019-08-01T07:07:00Z,6f06341f358e61699fe1e55e986dd0554bc8da28b91daf0c5ad99db6,60.16629,24.95957,00000000fb7600be,21.87
12,2019-08-01T07:07:00Z,76c7f42283513d0e289bf786d89463b5025b2ae0f4e13519a4cf228b,60.15432,24.9211,0000000019fb59c4,21.87
13,2019-08-01T07:07:00Z,77839e655f856d5295739c2388237a95b399c3b8a4f659cd1345d939,60.16829,24.94214,00000000afef4555,23.56
14,2019-08-01T07:07:00Z,7b0d0a1f661e56dfe5ec493ef958364f578bc549543afc84bf388307,60.15133,24.92329,00000000e8a064a4,25.36
15,2019-08-01T07:07:00Z,7d0fd2fd8adcdcfaf339b328e652c17c58f2c98e7b79448720a37dda,60.16897,24.95222,00000000aa852af1,23.56
16,2019-08-01T07:07:00Z,84fdfd8881f633c5f0c71c1480053953ca4b05e848052d97c063ad38,60.1538,24.95595,0000000038bf9618,21.87
17,2019-08-01T07:07:00Z,87dfaad29a9276ddddb1fa021d3bc23ad14824c1af16f7d87e713689,60.14951,24.92138,0000000006dd41f6,7.69
18,2019-08-01T07:07:00Z,8c75c3289c84fe4493e1e272a77b615fe1985880c5dc68a7c1a17b53,60.16762,24.95415,000000006b44cce7,12.69
19,2019-08-01T07:07:00Z,8cc6ddaa460aeae8cc9e8a33f91a01c8cd4c0c8bf8a943210a28c84d,60.1538,24.95595,0000000038bf9618,29.32
20,2019-08-01T07:07:00Z,90778cdb407c97aacbb3fd01f29f2680b24f7e8b2365e56cf8d9b4c4,60.16531,24.9442,00000000fdda10fe,20.28
21,2019-08-01T07:07:00Z,9d03d14afa49576281aa26db60e517f7c1ec8aa36f7756959a860a8a,60.16629,24.95957,00000000fb7600be,13.75
22,2019-08-01T07:07:00Z,a9da1ee82e3b670e276c26b483dd50f4a6d0c6f77ef82245d3ae6086,60.18203,24.91341,00000000342570c2,18.79
23,2019-08-01T07:07:00Z,ab0f67c0c0e1ba5eac9013f9c314feadf340ddf08543b91e70483594,60.16544,24.95398,0000000038d83d41,18.79
24,2019-08-01T07:07:00Z,b1f358076ba79ef902a36ca8ae3f8ec7c93308a67c479345bfdbdecf,60.1538,24.95595,0000000038bf9618,31.5
25,2019-08-01T07:07:00Z,b350f548059723491cc264af62c4ac8e0001664429232023a20674b9,60.16762,24.95415,000000006b44cce7,11.7
26,2019-08-01T07:07:00Z,b4faf2d3c4d2b199afeab6ab63b583fe3a2e81e14abbef6917f25129,60.15432,24.9211,0000000019fb59c4,16.1
27,2019-08-01T07:07:00Z,b5fd6b317890e5ab2d79e2cd1abe61626d45a753c7337d0d40728898,60.16762,24.95415,000000006b44cce7,12.69
28,2019-08-01T07:07:00Z,c3a89b5eda0f946c8da5c173e375437e1dd833aa7d674612e0541ebf,60.17918,24.95141,00000000675d5200,14.89
29,2019-08-01T07:07:00Z,c40c37def6bf11a63a2556519a7c6233fd417cdeea2cf14f28e7c42c,60.16531,24.9442,00000000fdda10fe,23.56
30,2019-08-01T07:07:00Z,c7a46a29625e83d2e76b58a9c017196603a0ef794804f5ba4306b4e7,60.16762,24.95415,000000006b44cce7,18.79
31,2019-08-01T07:07:00Z,ce783d3c1b06378e5c39c25687746a6f88fbb0ff2b36e3405fb61cf8,60.16762,24.95415,000000006b44cce7,18.79
32,2019-08-01T07:07:00Z,cf05623e4d87ce0906c0b0b7dbf53aacc1228016cd27c341228b6e76,60.18203,24.91341,00000000342570c2,18.79
33,2019-08-01T07:07:00Z,d127ead865385b64ae537a703a26be15fae4b5332ce0fbf03d5e0c23,60.1538,24.95595,0000000038bf9618,33.81
34,2019-08-01T07:07:00Z,d5434d0dd3751f358d28d224cf4837b247b122f7e7ea566601c6dddd,60.17065,24.93641,000000000f4919c9,4.5
35,2019-08-01T07:07:00Z,d97b8c7fe3fb576de87ee95dc8687379962a385369468f3e6799bfcf,60.16762,24.95415,000000006b44cce7,10.78
36,2019-08-01T07:07:00Z,dd2c9c82cf3737146294aff6f814a1349fb0bc4bedf518715dacbe8f,60.18203,24.91341,00000000342570c2,13.75
37,2019-08-01T07:07:00Z,e161876542744ef77a8ba39bb11b57539b2292c58892a0d24bb759da,60.16762,24.95415,000000006b44cce7,16.1
38,2019-08-01T07:07:00Z,ec72ef080c605e71978aed0d3b5f22c3c3133677a43c614b72eedc6d,60.14699,24.922,00000000a53ed894,14.89
39,2019-08-01T07:07:00Z,ed70dda6b7faebd4340dacdb452ab224d9d3c308df417b7fa76f54e8,60.14951,24.92138,0000000006dd41f6,25.36
40,2019-08-01T07:07:00Z,f088630d7476dae7d4b7e2bb1f10575f2c89acb4b6e061f3d57c2b40,60.16531,24.9442,00000000fdda10fe,25.36
41,2019-08-01T07:07:00Z,f99c5dd8cc08bd2353083d875ce8bc585fb2c2ff8427b90d92f571de,60.1538,24.95595,0000000038bf9618,27.28
42,2019-08-01T07:07:00Z,fc4f3a44235f1cfc7b53f14ba2da599976a5a0a220d23b852688e485,60.17918,24.95141,00000000675d5200,18.79
43,2019-08-01T07:07:00Z,01737f4583ba34748ab3024eef5b1749876f615140b56ae437995150,60.17918,24.95141,00000000675d5200,7.05
44,2019-08-01T07:07:00Z,064ec58a66103618f54e1acb1fa166277bf98834db8235902541054d,60.16762,24.95415,000000006b44cce7,13.75
45,2019-08-01T07:07:00Z,06809ca7b3877c8439b8ce12edef936228071ebdb6b3e060ef2c5301,60.17918,24.95141,00000000675d5200,7.69
46,2019-08-01T07:07:00Z,0865664987c121ef134b38518fb66e781fef152a313eb801fec7dd23,60.17918,24.95141,00000000675d5200,7.69
47,2019-08-01T07:07:00Z,09d1d8d3724c61ef249233389fbf9f34d3227bc2438e20a3771f3173,60.16762,24.95415,000000006b44cce7,12.69
48,2019-08-01T07:07:00Z,0ae0163e9e1dca53994afe17b1231d9cd432fdf21aee9405091c488d,60.16629,24.95957,00000000fb7600be,14.89
49,2019-08-01T07:07:00Z,0d6ea1720eed98e117fe31c4ed61dc8fb74a6f6f1137125190f669a2,60.14699,24.922,00000000a53ed894,18.79
50,2019-08-01T07:07:00Z,0e40ceeb41dd8f36dfe83d2e9ff59ac41c5a4ab12f8ae1634c868c5b,60.14947,24.91438,000000004ef3150d,8.38
51,2019-08-01T07:07:00Z,0fd626c1b3924675e2b625b10d42eae4b265758c49c7378efd02cfb8,60.17918,24.95141,00000000675d5200,4.94
52,2019-08-01T07:07:00Z,107005ee341008ff5821d9ce426ceca45250c7af522f0be93be14456,60.14947,24.91438,000000004ef3150d,7.05
53,2019-08-01T07:07:00Z,121bf067e8458067c19aea55d2c666658ec01fc02f3071b53696b4d0,60.173,24.92524,0000000096918cfa,3.4
54,2019-08-01T07:07:00Z,125686cdd714c03a46a57e799bea4c2324f93e3d22d8d8d42083a2b2,60.16762,24.95415,000000006b44cce7,16.1
55,2019-08-01T07:07:00Z,129629abed8bb616775111b4489bdd4a2e979e432abdf2763c7b93be,60.17918,24.95141,00000000675d5200,9.92
56,2019-08-01T07:07:00Z,134faff2d5058ed1ea2f707f4abbbcc50e6e57cbe8e563f7f9258671,60.16897,24.95222,00000000aa852af1,11.7
57,2019-08-01T07:07:00Z,153a4a9c63709eb5086141eb7069ae30d2496116c22c7766f96f0b78,60.16762,24.95415,000000006b44cce7,11.7
58,2019-08-01T07:07:00Z,156ad97e890cdc482ab3637bc6f2b82e5e10af701f08db647fb930c8,60.17918,24.95141,00000000675d5200,9.12
59,2019-08-01T07:07:00Z,15c44a63d3b41e1313f462ecde6f29995fe4a36f35e31f4040b52bf7,60.16762,24.95415,000000006b44cce7,9.12
60,2019-08-01T07:07:00Z,15ed29be271334d4fea4c8012df87f9d1a4d0679079852fa57674ab8,60.16897,24.95222,00000000aa852af1,9.12
61,2019-08-01T07:07:00Z,16f94a07ab2b8a20a84c895b99d8beff3b97a650631fee479c045fe2,60.14947,24.91438,000000004ef3150d,10.78
62,2019-08-01T07:07:00Z,175527a7e53c22917995a0029514c67e54298602450801777ccd78c7,60.16829,24.94214,00000000afef4555,7.69
63,2019-08-01T07:07:00Z,1b1139dd5ba77b5494d1bdbd667a7a4fcf2b013660412bc9307672f4,60.16448,24.97323,0000000053c6c2be,13.75
64,2019-08-01T07:07:00Z,1bb0bea9f9b9ddf5863ef20421884f6061e8c384636b5045bbd4dfbc,60.16829,24.94214,00000000afef4555,11.7
65,2019-08-01T07:07:00Z,1be12a4f71b98dc9509141bc1a766b833b6c15dc22303f7006afbe96,60.17065,24.93641,000000000f4919c9,20.28
66,2019-08-01T07:07:00Z,1d84b23e051fecc3e6d9b9d337fc83a010572501c109702a2dc51021,60.16531,24.9442,00000000fdda10fe,2.8
67,2019-08-01T07:07:00Z,1deb1e86f255163aa0edb60fd3b094bead826e2a9e57a5846ca967e7,60.16897,24.95222,00000000aa852af1,11.7
68,2019-08-01T07:07:00Z,1ecbc7c6afe89033252e5510cbb893666af2b3bc29f555a3a6287fdb,60.14951,24.92138,0000000006dd41f6,3.09
69,2019-08-01T07:07:00Z,1f7f41e5765d712fc6e51f22bf40f3e35a033f2b7580e9b130b5bbae,60.16448,24.97323,0000000053c6c2be,23.56
70,2019-08-01T07:07:00Z,1f9c1b1f161a85fffd50006cb2758afc18661fedde88b1b56e792493,60.16762,24.95415,000000006b44cce7,8.38
71,2019-08-01T07:07:00Z,2100793120dac148839aacd552d5cf8033b17be4293f36a6ee27ee35,60.16897,24.95222,00000000aa852af1,20.28
72,2019-08-01T07:07:00Z,220d67874314c3b7e6feb9c99618991f5a0664c1ee510b1439a65b16,60.16762,24.95415,000000006b44cce7,23.56
73,2019-08-01T07:07:00Z,2323c02e934f027e661ea45668dd961c5912c4f177e97f587780e520,60.14947,24.91438,000000004ef3150d,18.79
74,2019-08-01T07:07:00Z,23640c10ea5f21c712f48dff4519ed29367a64245d82003892aaf502,60.14947,24.91438,000000004ef3150d,8.38
75,2019-08-01T07:07:00Z,25d7b50381d6c7b474ed6fb606a44ad320ce57a198e371619058e893,60.16544,24.95398,0000000038d83d41,29.32
76,2019-08-01T07:07:00Z,279a66fc94c076e56de18c080476fcfa8b66eff1c3e9671e578cfecb,60.16762,24.95415,000000006b44cce7,18.79
77,2019-08-01T07:07:00Z,279b8b3c6df279978290a2a1bcbe7d350724dab360bf690dc26213b0,60.14947,24.91438,000000004ef3150d,16.1
78,2019-08-01T07:07:00Z,28a4389ab2f325b228685cd35449629ed69237ba5df564549487e2a5,60.16544,24.95398,0000000038d83d41,23.56
79,2019-08-01T07:07:00Z,2a368a24f733dddacf4af2a9e7f7ab48c4e10c3e707da70ed31a7f9a,60.15133,24.92329,00000000e8a064a4,23.56
80,2019-08-01T07:07:00Z,2ab8a22a57d248fc962660a63fcdb95ddae8b9b61689c80d7dd5633e,60.16075,24.95883,00000000f1124bca,4.94
81,2019-08-01T07:07:00Z,2b48e230b7f81c62a47958aa5239a526fd9888fdc001944b32774054,60.16897,24.95222,00000000aa852af1,21.87
82,2019-08-01T07:07:00Z,2d3f8a9b336cee674429155853e1f640fe0b8d07baa419192aa44c13,60.14947,24.91438,000000004ef3150d,12.69
83,2019-08-01T07:07:00Z,2e22cba9fa105e13d2e6f13ddca3f96bb3c2e6511fe7b8640c378d6c,60.16762,24.95415,000000006b44cce7,7.05
84,2019-08-01T07:07:00Z,3230d06e4cd3728a2e48a651a835bd7a318cfb06b07bab226ff4226d,60.1638,24.96846,00000000d747f075,10.78
85,2019-08-01T07:07:00Z,336c1ac0066ad9a49aa3eb6fb6ddba6af108a5b423fc751be3173a18,60.16762,24.95415,000000006b44cce7,4.5
86,2019-08-01T07:07:00Z,343e5cc734e192fb6b3fe0b6cc68d014c837a9720ad5bf6d904fbac2,60.16762,24.95415,000000006b44cce7,20.28
87,2019-08-01T07:07:00Z,34995a84f8be12dac7ddcb910678454f9f4bbe826e08279772bf9241,60.16897,24.95222,00000000aa852af1,6.46
88,2019-08-01T07:07:00Z,355d6d0458d3083eaa07aaae2fb8a4768c9dcbf1cf4212b3b7fbeead,60.14947,24.91438,000000004ef3150d,9.92
89,2019-08-01T07:07:00Z,382008de8e87fd296208af474f2158174f7b86da92f9583ccac90c1c,60.16762,24.95415,000000006b44cce7,9.92
90,2019-08-01T07:07:00Z,3a9bb7fb570271c87fbaca1beff8a16dc1a000eef7f839e8f23a884b,60.14947,24.91438,000000004ef3150d,12.69
91,2019-08-01T07:07:00Z,3ad08f5eb166ce37f12b3537bae19ae62161c3aaffcf2a5864e62864,60.16762,24.95415,000000006b44cce7,8.38
92,2019-08-01T07:07:00Z,3c278f020ef48fbf018b001e9a90fd78068655f85c3af6f2567c03f8,60.16075,24.95883,00000000f1124bca,12.69
93,2019-08-01T07:07:00Z,3e699c14e29af270d2dd1be36dcbe4461f96630728a0fb659ceae491,60.16897,24.95222,00000000aa852af1,10.78
94,2019-08-01T07:07:00Z,3e99dd8c93c61af0beafc2b7c8a26663bb9689c159b89965ea73bb03,60.16897,24.95222,00000000aa852af1,9.12
95,2019-08-01T07:07:00Z,3ee32ab7dfa59e0f5945ad77fd9d65fa06d870e52d8affb44a905696,60.16075,24.95883,00000000f1124bca,25.36
96,2019-08-01T07:07:00Z,3f46fba1951114337dc7c4c00e1d96d3e56f3649eaad9c77994579b0,60.16531,24.9442,00000000fdda10fe,36.27
97,2019-08-01T07:07:00Z,45411e478b85ab69f3d1fbe6db3a41fc43beebbf31e5ca57b76f62e3,60.15432,24.9211,0000000019fb59c4,6.46
98,2019-08-01T07:07:00Z,45601090ecd5b057bd1e36af857419536ca4fab098f8d9861bba56f5,60.17918,24.95141,00000000675d5200,16.1
99,2019-08-01T07:07:00Z,46237059805b4987d23eb829ebad993838982c45a51d62973156d8fc,60.16762,24.95415,000000006b44cce7,14.89
100,2019-08-01T07:07:00Z,474b9f2afb7f1702f527db657eb52980b46cadf592fae64727e079d2,60.17919,24.95181,000000007b5207b6,25.36
101,2019-08-01T07:07:00Z,478830e26b1b9314c3f35b4ca62aba9828872733abbc7f32b78daac3,60.16531,24.9442,00000000fdda10fe,23.56
102,2019-08-01T07:07:00Z,47bd99bc6771ad0085c000f11aea5d7ea0324d13d0b3853d7f0b0caf,60.17918,24.95141,00000000675d5200,9.92
103,2019-08-01T07:07:00Z,49312be66ff2d3ec4cf9ef3c24226014bd5cb5ed692be0ce054ab006,60.16897,24.95222,00000000aa852af1,3.4
104,2019-08-01T07:07:00Z,498d44ad1519a8965a754493e7913b523a66260c83674d006cd24569,60.16897,24.95222,00000000aa852af1,21.87
105,2019-08-01T07:07:00Z,4ade0f3a4687b86f8ff12799be816aa2c13b17eda8dbe4f2bee3496c,60.16897,24.95222,00000000aa852af1,21.87
106,2019-08-01T07:07:00Z,4b6cf389e19470a0688beb649fc50cf8178e1d101d0bb22e1b6f3d00,60.16531,24.9442,00000000fdda10fe,27.28
107,2019-08-01T07:07:00Z,4e478b9802cd4a23c6fb9019ac273718af2a43982bcb6b7e17aa407a,60.16762,24.95415,000000006b44cce7,20.28
108,2019-08-01T07:07:00Z,4ea21b8399a83044e483cc41f547c1575baad9606e18713ceb37f386,60.17002,24.94407,000000006b087f40,25.36
109,2019-08-01T07:07:00Z,4ec2760b0556d793d9bac1dcc43ccadf1aed96a34c8ebdce8c97d8fd,60.18203,24.91341,00000000342570c2,10.78
110,2019-08-01T07:07:00Z,4f521ac229227a0e7108604994922aa0e134fdb2f1cbf1f358f9c80f,60.16829,24.94214,00000000afef4555,21.87
111,2019-08-01T07:07:00Z,4f853aab35700d0f6d2f479f0833b99e5bdcb481698943d0bc99eef6,60.16897,24.95222,00000000aa852af1,17.4
112,2019-08-01T07:07:00Z,5010462b4bfc68dbc4b9dd774dd993170b8633bfe1bdb3cc55d8e5dd,60.16629,24.95957,00000000fb7600be,13.75
113,2019-08-01T07:07:00Z,511bd10c75abbb3828d45360ef3b0b665560373f6cd55cbd26f43791,60.14951,24.92138,0000000006dd41f6,25.36
114,2019-08-01T07:07:00Z,55541104d5e585d15b979379faba42998062f979c8f6d6c40eef07b9,60.1638,24.96846,00000000d747f075,27.28
115,2019-08-01T07:07:00Z,5770610d9de61905ff6d0bcc1ec27a903b60015166dd649991d14c85,60.1638,24.96846,00000000d747f075,13.75
116,2019-08-01T07:07:00Z,5862c3db5e0178efc96d9edf22ba2d28a93b692ede7f80831c49b811,60.16629,24.95957,00000000fb7600be,9.92
117,2019-08-01T07:07:00Z,59675fb4b7f96fba5736718b87388b4b283a32722c174f9cf655774d,60.16544,24.95398,0000000038d83d41,7.69
118,2019-08-01T07:07:00Z,597f13b5c6c389fe3893d267a6011a9e8e1059717954347713dd99c2,60.17918,24.95141,00000000675d5200,20.28
119,2019-08-01T07:07:00Z,5a4cc15375f35718c9b8b5996246a8404171890af1bf94f76df1d1d2,60.16075,24.95883,00000000f1124bca,4.5
120,2019-08-01T07:07:00Z,5bc97d10306069d26f1b56cb2a696768876bc67edef329cb231cf00c,60.17918,24.95141,00000000675d5200,14.89
121,2019-08-01T07:07:00Z,5c9a25bf2bf466ff5470ac70b4de0203d03cfe4b511ce908815171fe,60.14947,24.91438,000000004ef3150d,10.78
122,2019-08-01T07:07:00Z,5cd36cd3df266d9aec6e97e8dbabd5a07fb3d6ebd844991ed7fffbd7,60.14699,24.922,00000000a53ed894,18.79
123,2019-08-01T07:07:00Z,5f63d747ba6df64c7bf1249d5eac73186b2ce16f5851900e3e305072,60.16762,24.95415,000000006b44cce7,5.91
124,2019-08-01T07:07:00Z,5fdcda6e97483291a92a321ecd08ae4e10c68e176ed753b191e36b91,60.14947,24.91438,000000004ef3150d,11.7
125,2019-08-01T07:07:00Z,6374165690259bf0bbdf4c3aeea2db8de45933247b6421e33e5df628,60.16531,24.9442,00000000fdda10fe,9.92
126,2019-08-01T07:07:00Z,671f9d77c767acb9f9d791833688903089ee1152c5884dd3dc1279ae,60.16531,24.9442,00000000fdda10fe,9.92
127,2019-08-01T07:07:00Z,672a93a4fc0b76d84ef25614c58c5ea6c8272c499661ab64a935086c,60.17918,24.95141,00000000675d5200,9.92
128,2019-08-01T07:07:00Z,687c856f49a11f8c90b7d6ff4ebd81c29509b01af8e4d5d0dc2c9cd4,60.16762,24.95415,000000006b44cce7,7.69
129,2019-08-01T07:07:00Z,6a57fa60acddcd5e32834e465e2fa2c795a5c228201397fb8ce604da,60.16762,24.95415,000000006b44cce7,13.75
130,2019-08-01T07:07:00Z,6abd59f4ae93b81b248a8f99b50bb7011f2b4c540a6a7fdb00998dc7,60.17918,24.95141,00000000675d5200,5.41
131,2019-08-01T07:07:00Z,6e72e26b5b05c1b97b3907b6ccce542578a712bca335948d731767b0,60.14947,24.91438,000000004ef3150d,14.89
132,2019-08-01T07:07:00Z,6f137d4d9eda477f2ac024f867ef33164e0ab4c2ff925ff99c7aac5b,60.16897,24.95222,00000000aa852af1,25.36
133,2019-08-01T07:07:00Z,701ebe2f0c93e3d2d5f4c1b9f737199afb3f37f9b49809649903d665,60.16762,24.95415,000000006b44cce7,7.69
134,2019-08-01T07:07:00Z,709b7216aadc5bdcecfe02f84505a0d2d86f61fcd2251f97b3799c5e,60.16448,24.97323,0000000053c6c2be,13.75
135,2019-08-01T07:07:00Z,71c1b8dec1ff4716a8099e1e63ba810f3b4a50c030679b7ceb7dd6e6,60.14947,24.91438,000000004ef3150d,38.87
136,2019-08-01T07:07:00Z,7376246dd7a07d8e0e94ab6134633183df5751e67109688aa11be9f6,60.16897,24.95222,00000000aa852af1,9.12
137,2019-08-01T07:07:00Z,7435ddb1113768b9f168ac2e761ad50fb5000c1b72c35c4be327388b,60.16762,24.95415,000000006b44cce7,5.91
138,2019-08-01T07:07:00Z,74cb545f76f0bfc5498607247e26e814276a11ce91f77208054ecbc5,60.17002,24.94407,000000006b087f40,21.87
139,2019-08-01T07:07:00Z,7658eea87bf0e3e661c9651840f85c04f9a62ff66149d66a29aede4e,60.15432,24.9211,0000000019fb59c4,4.5
140,2019-08-01T07:07:00Z,782d79ade072a9271ab3bc592547ef79535a545f01ccbc546c5031a4,60.17918,24.95141,00000000675d5200,7.05
141,2019-08-01T07:07:00Z,785873f754fb2e5604aa990e85f139f4e90423330e4565a677c6126a,60.149,24.9843,00000000fffb8cf0,31.5
142,2019-08-01T07:07:00Z,78685f955ff4d84512f358dd2cf6fb872d0f5eb5da889224f26a4fd0,60.16762,24.95415,000000006b44cce7,11.7
143,2019-08-01T07:07:00Z,79e5b455f5e72a0d97cf3e779004f7b78566aca65a029f03230c4d5b,60.14947,24.91438,000000004ef3150d,9.92
144,2019-08-01T07:07:00Z,7ab8aa76186beaf6de497ffcb725ad804cd4dba7c697a9e1f2de9896,60.16531,24.9442,00000000fdda10fe,5.91
145,2019-08-01T07:07:00Z,7b1c204d3a5ffe6656edea7b8107a7150907ab3df697266754a5dfb5,60.16531,24.9442,00000000fdda10fe,23.56
146,2019-08-01T07:07:00Z,7bbcdefddee56dab2ec26fa34023b040a3fa3f61198701b0f4e5032b,60.16829,24.94214,00000000afef4555,23.56
147,2019-08-01T07:07:00Z,7d5d60a1b8b6cbdbeba72360b1c6fd2571b3765c563ba72c559a4386,60.16629,24.95957,00000000fb7600be,27.28
148,2019-08-01T07:07:00Z,7d705cd974bc57f57e8d4cb6a621eb03ee5d981efd418862e9e81a73,60.15432,24.9211,0000000019fb59c4,9.92
149,2019-08-01T07:07:00Z,7dffa93e8362933cc764e0e842e4ce7c4780fc4ff5a2cc000039ebfa,60.14947,24.91438,000000004ef3150d,16.1
150,2019-08-01T07:07:00Z,8073fb278284a5f0975125a1a07e0f316bcd84a6f93b98041db0dc01,60.14947,24.91438,000000004ef3150d,13.75
151,2019-08-01T07:07:00Z,825ea7c18067b94b44a18a9c18575072f1fb8754682fd90416fe0ff4,60.16897,24.95222,00000000aa852af1,11.7
152,2019-08-01T07:07:00Z,82f3e503849340a8677f650d97f8d724dbea7209c4a2b4a0426c4a44,60.16448,24.97323,0000000053c6c2be,36.27
153,2019-08-01T07:07:00Z,8485eb5bb88c74f11a9a63655a0fa4a3cd7695baded28d8c33b13ae3,60.17918,24.95141,00000000675d5200,18.79
154,2019-08-01T07:07:00Z,84909eba0f84fad245be43ed4b48fd6464055c228427aafd55a5d10a,60.173,24.92524,0000000096918cfa,11.7
155,2019-08-01T07:07:00Z,85085fb5f39e767daf0113d3b81b96d0d768a4724dd289a4333a0329,60.16448,24.97323,0000000053c6c2be,21.87
156,2019-08-01T07:07:00Z,85b7b56b30483da925afa959abf1b3a9adf427d61d0aac89c80bda0f,60.16762,24.95415,000000006b44cce7,12.69
157,2019-08-01T07:07:00Z,85c2e18a9bace810d3c21d93077db0a464b43c9288500cca519b1ec9,60.18203,24.91341,00000000342570c2,23.56
158,2019-08-01T07:07:00Z,8617e8f003bc263ca3fa0641e23da3562cb9abe3c842c8388db9e3c3,60.16762,24.95415,000000006b44cce7,13.75
159,2019-08-01T07:07:00Z,8687df6e6a2ea15e1ce3531f9a77499c41f5e5d91fca7fc4f03e062e,60.1638,24.96846,00000000d747f075,21.87
160,2019-08-01T07:07:00Z,8707cb61c7a4ebe814b6c6ed46ad6a0070fe3a06c1ecf52c18fb5e6a,60.17065,24.93641,000000000f4919c9,20.28
161,2019-08-01T07:07:00Z,8887faa92f3fd12269dae14430a433a366bf0f3cae19ad05c2e85a1d,60.16762,24.95415,000000006b44cce7,16.1
162,2019-08-01T07:07:00Z,88c57e2c66274215e4c6e8f7fa8e67c3fe4ae6407bf62cba3bfb3ea9,60.16531,24.9442,00000000fdda10fe,8.38
163,2019-08-01T07:07:00Z,89ad37e5d847c5d95cfd2bf006299d7b00d1009a756bf4878a75e4a4,60.17918,24.95141,00000000675d5200,18.79
164,2019-08-01T07:07:00Z,8d068b13520890c694484766331b0fbed80a64b87c7f00f62e368f9a,60.16829,24.94214,00000000afef4555,20.28
165,2019-08-01T07:07:00Z,8d1fba0a125006e92750f11b64fa19477eec10f6ab293771613388f2,60.16075,24.95883,00000000f1124bca,4.5
166,2019-08-01T07:07:00Z,8f0231ead447161908aa6da3c59140835793f9e50c142f91781ca5e9,60.14699,24.922,00000000a53ed894,10.78
167,2019-08-01T07:07:00Z,90429419afe30cac3908170a4f4469088a47369124cc0c5f3fab5333,60.16075,24.95883,00000000f1124bca,25.36
168,2019-08-01T07:07:00Z,904da1f3af411cfe3d394c7c1348e7feea1e02c94b3eb76da19e7d7f,60.16762,24.95415,000000006b44cce7,14.89
169,2019-08-01T07:07:00Z,90f00ce0be3d4102a16482ea7e246c7bb33197405d3fdb805c08d1a7,60.16897,24.95222,00000000aa852af1,16.1
170,2019-08-01T07:07:00Z,93b73b8173e012d26a7f9f10dd6da1ee3c9760f0d002ca157f35ebaa,60.17918,24.95141,00000000675d5200,9.12
171,2019-08-01T07:07:00Z,93db3dd35ca44099e85df5a5e30c0b46eda60bdb4127871bbb49564f,60.14699,24.922,00000000a53ed894,14.89
172,2019-08-01T07:07:00Z,94a31944ac5b5f3aecb9e423ed279448ebd338db29b98574a0acddd3,60.16897,24.95222,00000000aa852af1,20.28
173,2019-08-01T07:07:00Z,94bc7a7d11e2691748b63a7d3b6349f2b2e23c93569db057e304fc24,60.173,24.92524,0000000096918cfa,25.36
174,2019-08-01T07:07:00Z,9640f8b7c732af5f218a31196db058eaed51d863341d5b1e948e20df,60.16544,24.95398,0000000038d83d41,16.1
175,2019-08-01T07:07:00Z,969f674a715de5f21ece8f1d5c71c9b6550e25839b05c5792d9d442f,60.16075,24.95883,00000000f1124bca,12.69
176,2019-08-01T07:07:00Z,98c30e4228fbaa4577fec1c362563623f09f335026c072c3acfb8bf7,60.16629,24.95957,00000000fb7600be,10.78
177,2019-08-01T07:07:00Z,9992b658f717c757d67fdc364d35339e44eac2e89f61e179967f29b0,60.16897,24.95222,00000000aa852af1,21.87
178,2019-08-01T07:07:00Z,99a026b5100e23129fa529e9a57a3dbc8490dc03b58f2193f03e2dcf,60.14951,24.92138,0000000006dd41f6,4.94
179,2019-08-01T07:07:00Z,9a54f507c9a9665aed71538cbf8ea79c9220cc17503252d13ede433f,60.16629,24.95957,00000000fb7600be,13.75
180,2019-08-01T07:07:00Z,9b2425a1977824c9897f0973bb7bc2d58d876d3168d586542f1a222f,60.1638,24.96846,00000000d747f075,18.79
181,2019-08-01T07:07:00Z,9c4c2e264220fb5697c5563f5e7827e4eb4b25cec4831e3a72dbbc25,60.14947,24.91438,000000004ef3150d,16.1
182,2019-08-01T07:07:00Z,9c63fb79a079004093297083cfe90b864e6d7b598301e6dab5e4cdc0,60.14947,24.91438,000000004ef3150d,12.69
183,2019-08-01T07:07:00Z,9d1c29c383fa67a94340d8aa5fb6e19c6d77f7d272139feba61a91b2,60.14947,24.91438,000000004ef3150d,23.56
184,2019-08-01T07:07:00Z,9d7e657c59d30a4d6560f0b90f424cc40a338a73079d7131bf39adce,60.16629,24.95957,00000000fb7600be,5.41
185,2019-08-01T07:07:00Z,9e9239dd3e52af67d2186b6b936066029bc03625ed21b52b9cfc229d,60.16762,24.95415,000000006b44cce7,11.7
186,2019-08-01T07:07:00Z,9fa4b16d3bf64baca632f7bedff0f4d9260e8c39077f9829ecb6c436,60.16531,24.9442,00000000fdda10fe,4.5
187,2019-08-01T07:07:00Z,a01bcfe4fed6fa38ff14ff9b63a9bc17ab93adc8e8b0134947154959,60.17002,24.94407,000000006b087f40,27.28
188,2019-08-01T07:07:00Z,a068aa4da55b95902ef753b80ce5028d89a94c30bb5ba800fb8f9932,60.16448,24.97323,0000000053c6c2be,7.05
189,2019-08-01T07:07:00Z,a0aec72fec0e84040de62f064183a219e1178d49c2f45248083bff20,60.16629,24.95957,00000000fb7600be,20.28
190,2019-08-01T07:07:00Z,a341e36e1596a80414febc90773110e2b37486d97842f82daf44e926,60.16762,24.95415,000000006b44cce7,8.38
191,2019-08-01T07:07:00Z,a36ebb6fcb80bf8b4c199d4bd427548be963222b2aef09c66bcb50b4,60.14947,24.91438,000000004ef3150d,17.4
192,2019-08-01T07:07:00Z,a50cc63544072e47e141b1eb94cb17bebcc1b46b6e461d70e21f19fd,60.14947,24.91438,000000004ef3150d,9.92
193,2019-08-01T07:07:00Z,a5a0aab9a9c5afa37acc0fedfbe595e891df8af859be593fdd1df4fc,60.16762,24.95415,000000006b44cce7,5.91
194,2019-08-01T07:07:00Z,a5dbb495d6b8c12dac1198aab844b06b300b81219d2d9262f185678b,60.16629,24.95957,00000000fb7600be,20.28
195,2019-08-01T07:07:00Z,a6d010615b0732a971c180467cd17865327688c7e6c60628c3d452d3,60.16762,24.95415,000000006b44cce7,10.78
196,2019-08-01T07:07:00Z,a6d0b3c0509ac80c4fca2773ee3b519801d204dcc027b2ef80dade84,60.173,24.92524,0000000096918cfa,16.1
197,2019-08-01T07:07:00Z,a6d650e5f9cb284a27decb610bc81d7fbda0d788b820ca53189ee20b,60.17918,24.95141,00000000675d5200,9.12
198,2019-08-01T07:07:00Z,a7a57d29b2bf1da7c2c375c328e58f8f3c5354655dc8671df6dcae6a,60.16762,24.95415,000000006b44cce7,17.4
199,2019-08-01T07:07:00Z,a7ecf9897dd95d3e0ee85f876818f3acbfaba191c9d915e28e7876d8,60.16829,24.94214,00000000afef4555,20.28
200,2019-08-01T07:07:00Z,a80aac9dea75be7d94d520e7ba36456e33594364096529e787bcdcfd,60.16075,24.95883,00000000f1124bca,3.09
201,2019-08-01T07:07:00Z,a814aed89acf2703e511e48bdfb1e734069389f683e6242468aaf994,60.16448,24.97323,0000000053c6c2be,20.28
202,2019-08-01T07:07:00Z,a86c102f289409f6efef56c9b116b4ad52d8e2d7b7ab23a6df2a0675,60.16762,24.95415,000000006b44cce7,9.12
203,2019-08-01T07:07:00Z,a885abb478781771e7b506cc63de95b364caf87343c3b8dc41a97d70,60.16762,24.95415,000000006b44cce7,5.41
204,2019-08-01T07:07:00Z,ab2d55512f4204531c48eacb4dba37514af2853e3fbee6430b661f2b,60.16629,24.95957,00000000fb7600be,16.1
205,2019-08-01T07:07:00Z,aba7449fc34c51b08188f9eb0d6b2d745bbff6bfc1288dfd779fe9c5,60.18203,24.91341,00000000342570c2,27.28
206,2019-08-01T07:07:00Z,abb2a3fad97d80b7667d5e916810dbd202214c9eb541fd69c270393f,60.16762,24.95415,000000006b44cce7,10.78
207,2019-08-01T07:07:00Z,ad2782c80a87ec2c2cdf554f16cc91c7bd8fa9d652ee44205f9c22e0,60.16629,24.95957,00000000fb7600be,18.79
208,2019-08-01T07:07:00Z,ad2b5af20106b4e552707f67a7c80aac35540a6e329b4b66d538e657,60.16829,24.94214,00000000afef4555,18.79
209,2019-08-01T07:07:00Z,ad59e7018443300bce698e200fa80c747e06fb8c1b2ce58f28e7035c,60.17918,24.95141,00000000675d5200,10.78
210,2019-08-01T07:07:00Z,add5419ec9da653f695a55a0b5edf420f39f700b7d941729c66862b8,60.14699,24.922,00000000a53ed894,27.28
211,2019-08-01T07:07:00Z,af0c191b98fac668593cf6f209495f0def3508e70fe5a3b524db599b,60.17918,24.95141,00000000675d5200,23.56
212,2019-08-01T07:07:00Z,af6504abc9cf89ee5e3e8351758100eae54a72cda34b968741dc98ed,60.16897,24.95222,00000000aa852af1,20.28
213,2019-08-01T07:07:00Z,b1ab766d43091e090eb44b92a3882ab14d2761d0f7128da0564851c4,60.1638,24.96846,00000000d747f075,13.75
214,2019-08-01T07:07:00Z,b63facf176a7ccd47696837142e822a0635dc19ce7a1d0e3c470359d,60.16829,24.94214,00000000afef4555,20.28
215,2019-08-01T07:07:00Z,b7d49339bd0d124f6c6fca0995edd3fce6223895b2703ec8fe9cf081,60.16897,24.95222,00000000aa852af1,23.56
216,2019-08-01T07:07:00Z,bac9ae5954542339ab48e8242c1ef41a4f9ab1f623f95f2fe4ee18e7,60.17065,24.93641,000000000f4919c9,5.91
217,2019-08-01T07:07:00Z,bb950ac1c4d04e98ad305755dd21d0cd49e91ea4a2eafc890b597c98,60.16448,24.97323,0000000053c6c2be,18.79
218,2019-08-01T07:07:00Z,bbd980ff91c47e36757c94e2a6b033225bf1eb474efc6e3f0820d7c6,60.16531,24.9442,00000000fdda10fe,11.7
219,2019-08-01T07:07:00Z,bc384bbbf1b2b631cf27066787a32985e9ede5c94a64dc3cab8b6855,60.14699,24.922,00000000a53ed894,12.69
220,2019-08-01T07:07:00Z,bc5abb3e363cc1631ac2027995912663ee2cc345e82011df97c925f0,60.16629,24.95957,00000000fb7600be,23.56
221,2019-08-01T07:07:00Z,bc7b0b706e24a265e6d9c4a3babde5a84cc35dd083051044823618bd,60.17918,24.95141,00000000675d5200,3.74
222,2019-08-01T07:07:00Z,bde2c5483eca2b16545b689f12f1054c5fd6a412a6af5070c56c2744,60.16897,24.95222,00000000aa852af1,29.32
223,2019-08-01T07:07:00Z,bf84d195138780d4fc3332ca97d092790d70ea9c20e5fa306d285864,60.14947,24.91438,000000004ef3150d,18.79
224,2019-08-01T07:07:00Z,c09fcfb2696507cf3170a988f7de0d610987ab76b37816c3026db3c5,60.16629,24.95957,00000000fb7600be,12.69
225,2019-08-01T07:07:00Z,c1884ec31b4f3a9c66de7552b4ad3a4d118ebe5a7e2ed45b17404129,60.16629,24.95957,00000000fb7600be,20.28
226,2019-08-01T07:07:00Z,c1c9f1f8774cc2f97e2b1fad7ddb7ae570a6097ad870a9261138e2d0,60.16762,24.95415,000000006b44cce7,10.78
227,2019-08-01T07:07:00Z,c2fee20b583f9eba58ef84ff67111ec6e14cc9c29f121cbcd862707f,60.16629,24.95957,00000000fb7600be,14.89
228,2019-08-01T07:07:00Z,c3bddd785b916331376cd63d39cb0f4621fc6d69a3d6be584d7160ff,60.14951,24.92138,0000000006dd41f6,16.1
229,2019-08-01T07:07:00Z,c49af3b8700917832f909df5a79d53dbe9f8c0b1ead2065e494f467d,60.15432,24.9211,0000000019fb59c4,7.05
230,2019-08-01T07:07:00Z,c6a628086a6947aefbbf29fe42315f110dbc0169ca3cc52c2a8d30e7,60.16897,24.95222,00000000aa852af1,12.69
231,2019-08-01T07:07:00Z,c7788c894f8764f198d0d11345e6d8e90574174fabc6d241c095db0e,60.17918,24.95141,00000000675d5200,14.89
232,2019-08-01T07:07:00Z,c839a9303a147ec15718fa80427a7494fe7f678156b64eca24b3df31,60.17065,24.93641,000000000f4919c9,23.56
233,2019-08-01T07:07:00Z,c8820382f419ac74b45d1a917238a3fb57cb84515e5dc36c5c14a6b6,60.14947,24.91438,000000004ef3150d,9.12
234,2019-08-01T07:07:00Z,c98be4cc9aa2996a6975748bb02d05d323e5a106ddf89bb950b38298,60.14947,24.91438,000000004ef3150d,14.89
235,2019-08-01T07:07:00Z,cac3a745fb16968730c74d383b4814ff797c83ed218ed32fe3909347,60.17065,24.93641,000000000f4919c9,3.09
236,2019-08-01T07:07:00Z,cb76c65173b6438f61f71741ee64de19010130673da940b2db78382f,60.173,24.92524,0000000096918cfa,27.28
237,2019-08-01T07:07:00Z,cbebd03e072621c7c757eb93b293ad8bfe11558aafb2fe62061c3ec6,60.14947,24.91438,000000004ef3150d,8.38
238,2019-08-01T07:07:00Z,cd13e7140c322714d8fe7f1502b3911d2a216198f1a6bec89229f476,60.16829,24.94214,00000000afef4555,29.32
239,2019-08-01T07:07:00Z,cd1a74fd76f39b12f595a30f0da29b1628596f39f1acbe6912a6c9c1,60.15133,24.92329,00000000e8a064a4,47.69
240,2019-08-01T07:07:00Z,cda4164e120392e7c73045371fd4a51272969a946aaf4b4851c79362,60.16762,24.95415,000000006b44cce7,13.75
241,2019-08-01T07:07:00Z,cdb1e8ea17ad70e39b61ace11215da3e29e5fc962e28638c2cac6c6c,60.14947,24.91438,000000004ef3150d,25.36
242,2019-08-01T07:07:00Z,cfae047c3d44112a040d831d5fa49bf71692065e7836ae4f8aa9dc6a,60.14947,24.91438,000000004ef3150d,11.7
243,2019-08-01T07:07:00Z,cfd59d85b619d416020f626dee67614c64b5ef39dd85c9dfa85ede45,60.16762,24.95415,000000006b44cce7,12.69
244,2019-08-01T07:07:00Z,d02d28f74437e5b917c53d6407fbb06c740018041bf7e1e7bc08935a,60.16448,24.97323,0000000053c6c2be,29.32
245,2019-08-01T07:07:00Z,d13ef4fcae3cd58f9c496d7f8854edd2c5cb66d100149afcfef9715f,60.16897,24.95222,00000000aa852af1,13.75
246,2019-08-01T07:07:00Z,d38844f26e3b2facd840c5b2827a65a759136c52758ce6e9affd2b12,60.17918,24.95141,00000000675d5200,20.28
247,2019-08-01T07:07:00Z,d470cd253fa24127dfe6ca13d974c5e385d60156f5af210df040f7db,60.1638,24.96846,00000000d747f075,11.7
248,2019-08-01T07:07:00Z,d5ba7412e865b2e92189938c7ced9d1f0df9eee87a57e8dc1ae9c481,60.18203,24.91341,00000000342570c2,27.28
249,2019-08-01T07:07:00Z,da471c79c57dd94a9a79eea3c395d0f5857eb2ddb6d5b7cdcee34b77,60.14947,24.91438,000000004ef3150d,13.75
250,2019-08-01T07:07:00Z,db0dc4c280dd6be8a36db33e475da4fb3d7ecbb37d419596387f6abf,60.16762,24.95415,000000006b44cce7,7.69
251,2019-08-01T07:07:00Z,db48cd685bce461ac287d3edc3954e0ca963542c35bb07ee67b5705e,60.15133,24.92329,00000000e8a064a4,21.87
252,2019-08-01T07:07:00Z,db9788ceffc5dda13b00e1bdcb40f8ca93964d5473cf06a1f96b7d22,60.16448,24.97323,0000000053c6c2be,20.28
253,2019-08-01T07:07:00Z,dbc49c0acdfc478a36d2540112191fe7743e3a58d86c577354c32359,60.16762,24.95415,000000006b44cce7,4.5
254,2019-08-01T07:07:00Z,ddb0b7e54ea799b8fdff8c87198d866411b4d3ab1f766cc6a89d93e1,60.16629,24.95957,00000000fb7600be,13.75
255,2019-08-01T07:07:00Z,de6cbf9b6090607f00f973178b139886e802c3ea2412bd9807b3db1d,60.16762,24.95415,000000006b44cce7,9.92
256,2019-08-01T07:07:00Z,de887d776d0969e6f99a324566e7aba958bf0017ca324b61a68bff1b,60.14947,24.91438,000000004ef3150d,8.38
257,2019-08-01T07:07:00Z,dfcfff5984df123841c50a87af2ed56121de5098d37fae9f720ea0dc,60.17918,24.95141,00000000675d5200,6.46
258,2019-08-01T07:07:00Z,e1b757f4284a6c41aec0c41b7e2188ef682c01be4fc868901e2e81de,60.16544,24.95398,0000000038d83d41,18.79
259,2019-08-01T07:07:00Z,e1c02943530f4b64d7f39be28c013ccc4b0c49ff6d34757942d9d5aa,60.1538,24.95595,0000000038bf9618,20.28
260,2019-08-01T07:07:00Z,e22f04aaa018d026c2109a6169e1a60e74303d28f7593de81a585333,60.16897,24.95222,00000000aa852af1,16.1
261,2019-08-01T07:07:00Z,e24de0d892c8a882c5c13814687edb89005743dea0d15203149489ba,60.16829,24.94214,00000000afef4555,20.28
262,2019-08-01T07:07:00Z,e5d809877fe16887c3f29114246c636d97e64c245cdb3364df5a90ae,60.14947,24.91438,000000004ef3150d,9.92
263,2019-08-01T07:07:00Z,e72373df28d628a6a71ba41a99e04e6662de5d17caf01a549214d049,60.14947,24.91438,000000004ef3150d,13.75
264,2019-08-01T07:07:00Z,e8803b245f8015444ce6c00095e3c24713c6f9376f69cb6321f4465f,60.14947,24.91438,000000004ef3150d,18.79
265,2019-08-01T07:07:00Z,e8a0b81fbf834c4c8430094eda2aa26d250700468e72e405e067393a,60.16762,24.95415,000000006b44cce7,5.91
266,2019-08-01T07:07:00Z,e9786a806d8faad02960cfd8040d725b6ef69896c3b4b9bff4361077,60.16762,24.95415,000000006b44cce7,13.75
267,2019-08-01T07:07:00Z,ebfa27ee7f6de1a7862ef1049761d9654a099547b4e79c8e7684b0f3,60.16897,24.95222,00000000aa852af1,27.28
268,2019-08-01T07:07:00Z,ed2f64991fcf7d88ce9997f54342c4c81f6b2e3c100ff93676c6a5e0,60.16629,24.95957,00000000fb7600be,7.69
269,2019-08-01T07:07:00Z,efc853b13fd0f54b6ebf4089919547e6f901bc7967fc8338eca919d3,60.14947,24.91438,000000004ef3150d,5.91
270,2019-08-01T07:07:00Z,efcefc8be9e994e3588b753a0c34f1ac307879a85bd4f43e00cabdca,60.1638,24.96846,00000000d747f075,25.36
271,2019-08-01T07:07:00Z,f01fbfa389ce98d9bb42ea79fea991cf8195bdc18ed2cadaf0b4fd99,60.16629,24.95957,00000000fb7600be,12.69
272,2019-08-01T07:07:00Z,f03224b20952f5fcd56537be7fbba242c249cd2a0b62956e22ebc900,60.1638,24.96846,00000000d747f075,16.1
273,2019-08-01T07:07:00Z,f0394a41da574dbccd017773679d671cc20197ae1bbcc78e20c756d4,60.14951,24.92138,0000000006dd41f6,27.28
274,2019-08-01T07:07:00Z,f0cc27564510e8c2b3815a25d9041c78d97c3cb27d8b5e84dde4a3c3,60.16531,24.9442,00000000fdda10fe,12.69
275,2019-08-01T07:07:00Z,f250dd9153f6cfaba93444f8d81c88f2e9cbf2bfc0b6a900b74692a4,60.16544,24.95398,0000000038d83d41,21.87
276,2019-08-01T07:07:00Z,f2d33f19ba3ce409d4b6f37a9bdcb3ae96816d5eb17966858cd97922,60.14947,24.91438,000000004ef3150d,16.1
277,2019-08-01T07:07:00Z,f36af7c501e6656adda9f7263037e82b4c41ce1b39ef7065e0a0d449,60.17918,24.95141,00000000675d5200,25.36
278,2019-08-01T07:07:00Z,f7adfec0f2afb4311798f5b8f7bbd5abbf68d0b2795e24c9ea584fbf,60.16762,24.95415,000000006b44cce7,12.69
279,2019-08-01T07:07:00Z,f819c8c923daddfb13d4dbc92b6b2f9c81a901b9084173afcc6ce71b,60.15432,24.9211,0000000019fb59c4,13.75
280,2019-08-01T07:07:00Z,f96a948466727eb548aba822eaadcef2554da84b2d9f0196e4b0f25f,60.16829,24.94214,00000000afef4555,16.1
281,2019-08-01T07:07:00Z,fa2ba42d537c4437e33765b3c67dd5a4612c13641bc267daa2cd1482,60.14699,24.922,00000000a53ed894,27.28
282,2019-08-01T07:07:00Z,fca6e8cf880115cc89660cdf2b6eaf54c72de3823ecc7db7db14f227,60.17065,24.93641,000000000f4919c9,9.12
283,2019-08-01T07:07:00Z,fd883ab7ac0ffeeaf08e5f201b107361bfa608325aa48b8d3dc933fe,60.16762,24.95415,000000006b44cce7,21.87
284,2019-08-01T07:07:00Z,fee2c124db999661acc2c44c4c788bae6c5f3ef459a0692a9e65898c,60.14947,24.91438,000000004ef3150d,10.78
285,2019-08-01T07:07:00Z,ff48a0c3cc3599d259c9e97d1bb4efb907cd0ec6bc8f9817e79e8c02,60.17065,24.93641,000000000f4919c9,10.78
286,2019-08-01T07:07:00Z,ff9045e60e3e466791b0371ff6720147d878d78f7f486ceb732dd711,60.16448,24.97323,0000000053c6c2be,14.89
287,2019-08-01T07:07:00Z,ffcef168b4cce873b52b0980f02e6286f44187a6b1616473dd2de332,60.16629,24.95957,00000000fb7600be,14.89
288,2019-08-01T07:07:01Z,03e0fc996a589ccdf1871b3c78e089c08c93ba1f2a02d740fb384aac,60.16531,24.9442,00000000fdda10fe,25.36
289,2019-08-01T07:07:01Z,14c7e1511b70f4dd3359cbece1377aebb4d70531f5489eefe53d7c3c,60.16544,24.95398,0000000038d83d41,23.56
290,2019-08-01T07:07:01Z,15918569de0a46a8eb56b43d8d39f7fc82619ff1006f00822c85745c,60.17919,24.95181,000000007b5207b6,17.4
291,2019-08-01T07:07:01Z,1f0f0628cdc688d76bde2b82bee5b9b4916bf0bbdfe76cf3213e1c65,60.15432,24.9211,0000000019fb59c4,17.4
292,2019-08-01T07:07:01Z,2a93b61a3863ace54349d7a0937e4134fcc6d4dfcf064eefae2b7cf8,60.15432,24.9211,0000000019fb59c4,20.28
293,2019-08-01T07:07:01Z,2dd6ca2c889266702d554569764346cf583b74b0890b10e00ecd4f82,60.16544,24.95398,0000000038d83d41,29.32
294,2019-08-01T07:07:01Z,5bbb5184fded3e51bc78e45e39917794285e6bbc72da404802a9599a,60.16531,24.9442,00000000fdda10fe,31.5
295,2019-08-01T07:07:01Z,5d42a05d31c95a0db25a4dd7e764c765290060db1934e5828ba5c329,60.16829,24.94214,00000000afef4555,27.28
296,2019-08-01T07:07:01Z,5d65719c4cbf045f068d084b72302f447d5fd034413d97d13be00d0e,60.18203,24.91341,00000000342570c2,18.79
297,2019-08-01T07:07:01Z,6a657079c1bdc8114c289be1ddd83e5846d4279a920d1697b8ff0033,60.18203,24.91341,00000000342570c2,17.4
298,2019-08-01T07:07:01Z,6d22b751ff5173035dc85c52c3dff0780126adae67fe33dc62dd45ef,60.16531,24.9442,00000000fdda10fe,23.56
299,2019-08-01T07:07:01Z,747f2d1ebff218c0ebbdc0fdaef4cbe56633dfb46ae1b1f8c8142201,60.16762,24.95415,000000006b44cce7,21.87
300,2019-08-01T07:07:01Z,76c7f42283513d0e289bf786d89463b5025b2ae0f4e13519a4cf228b,60.15432,24.9211,0000000019fb59c4,20.28
301,2019-08-01T07:07:01Z,77839e655f856d5295739c2388237a95b399c3b8a4f659cd1345d939,60.16829,24.94214,00000000afef4555,25.36
302,2019-08-01T07:07:01Z,7d0fd2fd8adcdcfaf339b328e652c17c58f2c98e7b79448720a37dda,60.16897,24.95222,00000000aa852af1,29.32
303,2019-08-01T07:07:01Z,84fdfd8881f633c5f0c71c1480053953ca4b05e848052d97c063ad38,60.1538,24.95595,0000000038bf9618,27.28
304,2019-08-01T07:07:01Z,87dfaad29a9276ddddb1fa021d3bc23ad14824c1af16f7d87e713689,60.14951,24.92138,0000000006dd41f6,7.69
305,2019-08-01T07:07:01Z,8c75c3289c84fe4493e1e272a77b615fe1985880c5dc68a7c1a17b53,60.16762,24.95415,000000006b44cce7,9.92
306,2019-08-01T07:07:01Z,8cc6ddaa460aeae8cc9e8a33f91a01c8cd4c0c8bf8a943210a28c84d,60.1538,24.95595,0000000038bf9618,14.89
307,2019-08-01T07:07:01Z,90778cdb407c97aacbb3fd01f29f2680b24f7e8b2365e56cf8d9b4c4,60.16531,24.9442,00000000fdda10fe,23.56
308,2019-08-01T07:07:01Z,9d03d14afa49576281aa26db60e517f7c1ec8aa36f7756959a860a8a,60.16629,24.95957,00000000fb7600be,12.69
309,2019-08-01T07:07:01Z,9d5da91dad893b62eea6f22a7092dd0552c6d3bf33f4c6110326b208,60.16897,24.95222,00000000aa852af1,21.87
310,2019-08-01T07:07:01Z,a9da1ee82e3b670e276c26b483dd50f4a6d0c6f77ef82245d3ae6086,60.18203,24.91341,00000000342570c2,20.28
311,2019-08-01T07:07:01Z,ab0f67c0c0e1ba5eac9013f9c314feadf340ddf08543b91e70483594,60.16544,24.95398,0000000038d83d41,17.4
312,2019-08-01T07:07:01Z,b4faf2d3c4d2b199afeab6ab63b583fe3a2e81e14abbef6917f25129,60.15432,24.9211,0000000019fb59c4,21.87
313,2019-08-01T07:07:01Z,b5fd6b317890e5ab2d79e2cd1abe61626d45a753c7337d0d40728898,60.16762,24.95415,000000006b44cce7,12.69
314,2019-08-01T07:07:01Z,c3a89b5eda0f946c8da5c173e375437e1dd833aa7d674612e0541ebf,60.17918,24.95141,00000000675d5200,17.4
315,2019-08-01T07:07:01Z,c40c37def6bf11a63a2556519a7c6233fd417cdeea2cf14f28e7c42c,60.16531,24.9442,00000000fdda10fe,25.36
316,2019-08-01T07:07:01Z,ce783d3c1b06378e5c39c25687746a6f88fbb0ff2b36e3405fb61cf8,60.16762,24.95415,000000006b44cce7,20.28
317,2019-08-01T07:07:01Z,cf05623e4d87ce0906c0b0b7dbf53aacc1228016cd27c341228b6e76,60.18203,24.91341,00000000342570c2,18.79
318,2019-08-01T07:07:01Z,d127ead865385b64ae537a703a26be15fae4b5332ce0fbf03d5e0c23,60.1538,24.95595,0000000038bf9618,31.5
319,2019-08-01T07:07:01Z,d40b1466008dddce5b65c4968663164e130feaafa6e35f043ae710fa,60.1538,24.95595,0000000038bf9618,21.87
320,2019-08-01T07:07:01Z,d5434d0dd3751f358d28d224cf4837b247b122f7e7ea566601c6dddd,60.17065,24.93641,000000000f4919c9,6.46
321,2019-08-01T07:07:01Z,dd2c9c82cf3737146294aff6f814a1349fb0bc4bedf518715dacbe8f,60.18203,24.91341,00000000342570c2,14.89
322,2019-08-01T07:07:01Z,e161876542744ef77a8ba39bb11b57539b2292c58892a0d24bb759da,60.16762,24.95415,000000006b44cce7,10.78
323,2019-08-01T07:07:01Z,e90b46e24e960419637b1c7a47ca051a70af5e4d3d6c3955f58d95bf,60.16448,24.97323,0000000053c6c2be,10.78
324,2019-08-01T07:07:01Z,ec72ef080c605e71978aed0d3b5f22c3c3133677a43c614b72eedc6d,60.14699,24.922,00000000a53ed894,21.87
325,2019-08-01T07:07:01Z,fc4f3a44235f1cfc7b53f14ba2da599976a5a0a220d23b852688e485,60.17919,24.95181,000000007b5207b6,11.7
326,2019-08-01T07:07:01Z,01737f4583ba34748ab3024eef5b1749876f615140b56ae437995150,60.17919,24.95181,000000007b5207b6,6.46
