,time,hash,latitude,longitude,serial,distance
0,2019-08-01T08:06:00Z,03e0fc996a589ccdf1871b3c78e089c08c93ba1f2a02d740fb384aac,60.16531,24.9442,00000000fdda10fe,23.56
1,2019-08-01T08:06:00Z,0fff89885f08417f20aadfdbf62a372277e9085bcd024374b772ecac,60.16531,24.9442,00000000fdda10fe,25.36
2,2019-08-01T08:06:00Z,142cbbed4b11014bc32e829854e52667aa567c44af02d23c03e14b4b,60.16897,24.95222,00000000aa852af1,12.69
3,2019-08-01T08:06:00Z,14c7e1511b70f4dd3359cbece1377aebb4d70531f5489eefe53d7c3c,60.16544,24.95398,0000000038d83d41,23.56
4,2019-08-01T08:06:00Z,165ebbb4090d47319ae370f0d0854fdc1f6b79499f8b2e4d3c3533c0,60.16544,24.95398,0000000038d83d41,27.28
5,2019-08-01T08:06:00Z,1f0f0628cdc688d76bde2b82bee5b9b4916bf0bbdfe76cf3213e1c65,60.15432,24.9211,0000000019fb59c4,18.79
6,2019-08-01T08:06:00Z,2463af2a75fbe41d5968e65ea24f012ea06e820a2f4fac309897557b,60.17918,24.95141,00000000675d5200,9.12
7,2019-08-01T08:06:00Z,297c725b456ef12d2712634b21546721cbe93224d3a5762d897404f2,60.16762,24.95415,000000006b44cce7,23.56
8,2019-08-01T08:06:00Z,2a93b61a3863ace54349d7a0937e4134fcc6d4dfcf064eefae2b7cf8,60.15432,24.9211,0000000019fb59c4,29.32
9,2019-08-01T08:06:00Z,2cd20573e23d666e34b1cf2cd93b97b6b683787904f5e1f1db3493fa,60.16531,24.9442,00000000fdda10fe,7.05
10,2019-08-01T08:06:00Z,30e8bcc4a3c010e996b04c54d9d755c9f54cda847ccde332e96acb6f,60.16897,24.95222,00000000aa852af1,20.28
11,2019-08-01T08:06:00Z,41ded820ac772ffc265c90b0be2837ab4ebaf2440ba328f91325bea3,60.16448,24.97323,0000000053c6c2be,20.28
12,2019-08-01T08:06:00Z,5b91abc1d452431fdb7bc15f638eee91a54034b6327f40e58ccacda6,60.14947,24.91438,000000004ef3150d,31.5
13,2019-08-01T08:06:00Z,5d65719c4cbf045f068d084b72302f447d5fd034413d97d13be00d0e,60.18203,24.91341,00000000342570c2,25.36
14,2019-08-01T08:06:00Z,5eed115a984d490b02b602d73787aee8dc8c4e9365b77fbff3818a76,60.16629,24.95957,00000000fb7600be,20.28
15,2019-08-01T08:06:00Z,6066632ddc94b5c482a2d4f45ed2532e55e3fd63e414a084a596a737,60.16762,24.95415,000000006b44cce7,17.4
16,2019-08-01T08:06:00Z,608e5004ee8018575532581e55d2c737aeaddd1a650f0ddb42582eec,60.14951,24.92138,0000000006dd41f6,20.28
17,2019-08-01T08:06:00Z,69ff78895c4884f7ca42a503ee31416a584d0ef87a1d64e0495efe77,60.16829,24.94214,00000000afef4555,6.46
18,2019-08-01T08:06:00Z,6a657079c1bdc8114c289be1ddd83e5846d4279a920d1697b8ff0033,60.18203,24.91341,00000000342570c2,27.28
19,2019-08-01T08:06:00Z,6bc838096806d076bb45cfa041f4e6696c7a32170556ae75888c7fff,60.16531,24.9442,00000000fdda10fe,20.28
20,2019-08-01T08:06:00Z,76c7f42283513d0e289bf786d89463b5025b2ae0f4e13519a4cf228b,60.15432,24.9211,0000000019fb59c4,13.75
21,2019-08-01T08:06:00Z,84fdfd8881f633c5f0c71c1480053953ca4b05e848052d97c063ad38,60.1538,24.95595,0000000038bf9618,21.87
22,2019-08-01T08:06:00Z,87dfaad29a9276ddddb1fa021d3bc23ad14824c1af16f7d87e713689,60.14951,24.92138,0000000006dd41f6,8.38
23,2019-08-01T08:06:00Z,8c75c3289c84fe4493e1e272a77b615fe1985880c5dc68a7c1a17b53,60.16762,24.95415,000000006b44cce7,9.92
24,2019-08-01T08:06:00Z,8cc6ddaa460aeae8cc9e8a33f91a01c8cd4c0c8bf8a943210a28c84d,60.1538,24.95595,0000000038bf9618,21.87
25,2019-08-01T08:06:00Z,8ffeb52bff155eab19ca329d16be495cd44a08aa7f79b94db079caf9,60.15432,24.9211,0000000019fb59c4,27.28
26,2019-08-01T08:06:00Z,9128f3730ac88e73247489c0e354927c8869b12941441657821034ea,60.16762,24.95415,000000006b44cce7,11.7
27,2019-08-01T08:06:00Z,9d03d14afa49576281aa26db60e517f7c1ec8aa36f7756959a860a8a,60.16629,24.95957,00000000fb7600be,9.92
28,2019-08-01T08:06:00Z,9ff35a7f150d05ef75c3777dbae4f91e5b1a4d0830a984c50f6da1bc,60.16897,24.95222,00000000aa852af1,25.36
29,2019-08-01T08:06:00Z,a5302e72a58b038ac7633e65863bac48d8153d8837533ac7b5409f37,60.16629,24.95957,00000000fb7600be,13.75
30,2019-08-01T08:06:00Z,a9da1ee82e3b670e276c26b483dd50f4a6d0c6f77ef82245d3ae6086,60.18203,24.91341,00000000342570c2,16.1
31,2019-08-01T08:06:00Z,ab0f67c0c0e1ba5eac9013f9c314feadf340ddf08543b91e70483594,60.16544,24.95398,0000000038d83d41,18.79
32,2019-08-01T08:06:00Z,b1f358076ba79ef902a36ca8ae3f8ec7c93308a67c479345bfdbdecf,60.1538,24.95595,0000000038bf9618,33.81
33,2019-08-01T08:06:00Z,b33ae7715d6d2571066655c2c8954a5a364b5601869047de83410d9f,60.16629,24.95957,00000000fb7600be,25.36
34,2019-08-01T08:06:00Z,b4faf2d3c4d2b199afeab6ab63b583fe3a2e81e14abbef6917f25129,60.15432,24.9211,0000000019fb59c4,21.87
35,2019-08-01T08:06:00Z,ba42c72ea7c2663b3ea5044faf12173ab18e523dc35de0e24bf374ac,60.16544,24.95398,0000000038d83d41,36.27
36,2019-08-01T08:06:00Z,c40c37def6bf11a63a2556519a7c6233fd417cdeea2cf14f28e7c42c,60.16531,24.9442,00000000fdda10fe,14.89
37,2019-08-01T08:06:00Z,cf05623e4d87ce0906c0b0b7dbf53aacc1228016cd27c341228b6e76,60.18203,24.91341,00000000342570c2,21.87
38,2019-08-01T08:06:00Z,dd2c9c82cf3737146294aff6f814a1349fb0bc4bedf518715dacbe8f,60.18203,24.91341,00000000342570c2,18.79
39,2019-08-01T08:06:00Z,df89b51aeaaa1a8c64db45d6c35f918b650806b37aea9b50246a3267,60.16829,24.94214,00000000afef4555,31.5
40,2019-08-01T08:06:00Z,e161876542744ef77a8ba39bb11b57539b2292c58892a0d24bb759da,60.16448,24.97323,0000000053c6c2be,9.12
41,2019-08-01T08:06:00Z,e8530b27f394203b0e7d711bffc14cb4c9d40ecf9f4d0abeaad3ec66,60.16629,24.95957,00000000fb7600be,25.36
42,2019-08-01T08:06:00Z,ec72ef080c605e71978aed0d3b5f22c3c3133677a43c614b72eedc6d,60.14699,24.922,00000000a53ed894,20.28
43,2019-08-01T08:06:00Z,f99c5dd8cc08bd2353083d875ce8bc585fb2c2ff8427b90d92f571de,60.1538,24.95595,0000000038bf9618,27.28
44,2019-08-01T08:06:00Z,fc4f3a44235f1cfc7b53f14ba2da599976a5a0a220d23b852688e485,60.17918,24.95141,00000000675d5200,12.69
45,2019-08-01T08:06:00Z,016324adf978b9e548eec3b550d4f8eacca9463cde807ad5eb5076e3,60.17918,24.95141,00000000675d5200,14.89
46,2019-08-01T08:06:00Z,01a311cec9f5a1c53c66b94a626e2837182080ee2370ae4c976b5527,60.16448,24.97323,0000000053c6c2be,10.78
47,2019-08-01T08:06:00Z,024b53422e616fb403f5ffd7293e247f86a8b42e8562e59a2df01f9b,60.173,24.92524,0000000096918cfa,20.28
48,2019-08-01T08:06:00Z,02e580c0b06f4a8839893cb3e3ae13ea5a76fbce23086f519141c1ac,60.18203,24.91341,00000000342570c2,17.4
49,2019-08-01T08:06:00Z,030f5b11ce601d910abccf53481bc23e714d95df53ca16d6ecc1f00f,60.16448,24.97323,0000000053c6c2be,13.75
50,2019-08-01T08:06:00Z,038b4a75457f9ab663e7d653ffcabd0d9c77e0674eebbce01e863e85,60.17065,24.93641,000000000f4919c9,23.56
51,2019-08-01T08:06:00Z,03b2e5f2a97e9d8a93cced790dfa02258d91ee556255a773fb6724ef,60.17002,24.94407,000000006b087f40,27.28
52,2019-08-01T08:06:00Z,0437207db63ce8cffa776825cad730d847ee70f1c04d2dfeb78cfb7e,60.149,24.9843,00000000fffb8cf0,23.56
53,2019-08-01T08:06:00Z,04c18ed63713eca4aca14414ed149020c68b4610f87173fd17fe2f53,60.16829,24.94214,00000000afef4555,18.79
54,2019-08-01T08:06:00Z,04db790d82068f971c14c531de253236939adf7db788305d36cea9b7,60.16629,24.95957,00000000fb7600be,4.5
55,2019-08-01T08:06:00Z,051d7c60d27be28501156f47dcf464849a1142934816297b2821854a,60.173,24.92524,0000000096918cfa,13.75
56,2019-08-01T08:06:00Z,0718066ffc641d3da842d97cc1291facf589e7b18d296514f458e1fb,60.14947,24.91438,000000004ef3150d,36.27
57,2019-08-01T08:06:00Z,086dbdc127f902f62eb0a5bd77d234def060188b0c4dfc53b54c4797,60.17918,24.95141,00000000675d5200,16.1
58,2019-08-01T08:06:00Z,08ef61b57e76b07ab7763adfcef28aee56ec30432a89756ef7942208,60.17065,24.93641,000000000f4919c9,29.32
59,2019-08-01T08:06:00Z,09144bb4701e36782261166169f1b191f4e453349d9d60ac015d179e,60.16448,24.97323,0000000053c6c2be,18.79
60,2019-08-01T08:06:00Z,096484cd0ca32d6abdc2f6039797f4a6d8124b82b6862d96bb2deae1,60.15432,24.9211,0000000019fb59c4,27.28
61,2019-08-01T08:06:00Z,0b5be258615764b8198b8702e0b1ed26068eb4fb7387873db870d232,60.16762,24.95415,000000006b44cce7,5.91
62,2019-08-01T08:06:00Z,0b970c257f6d6cdeba7760e29e1326ebb4db14c42fb0fa9070891d47,60.16829,24.94214,00000000afef4555,3.09
63,2019-08-01T08:06:00Z,0c4b7c7301aab1e961bf9bdecf4c85274f742c55902bd8fd3429d062,60.16531,24.9442,00000000fdda10fe,23.56
64,2019-08-01T08:06:00Z,0cb7c471c137406bc7e99793504a7a6ba2950f58bc20511f38d9b204,60.16829,24.94214,00000000afef4555,21.87
65,2019-08-01T08:06:00Z,0cecf8db17ad507b18d4c1818aff551ebdff545c2f5e6d7e1d68df71,60.17065,24.93641,000000000f4919c9,6.46
66,2019-08-01T08:06:00Z,0d1980afbe99836a5db522a71d86e47b30c31118fa80e7736f3cd053,60.17918,24.95141,00000000675d5200,9.92
67,2019-08-01T08:06:00Z,0e5211bdbc8c0caa0215860d349a45c0362a713c687709b1e88351ba,60.16762,24.95415,000000006b44cce7,18.79
68,2019-08-01T08:06:00Z,0ecefce213eef443bd682488077179aacda5e543525e2b7142f2c864,60.14947,24.91438,000000004ef3150d,18.79
69,2019-08-01T08:06:00Z,0ef1cbc223ee77a19eb8e9d82016f936e852067d8d3873f637bd84a2,60.16762,24.95415,000000006b44cce7,4.94
70,2019-08-01T08:06:00Z,0f6a7a0af91ba88df4a522b2df02604841088da311c09c48aad8d840,60.17918,24.95141,00000000675d5200,16.1
71,2019-08-01T08:06:00Z,10e745135ad40601f4af5650e15a22bcbee329f7c43de51a8adaef71,60.16075,24.95883,00000000f1124bca,5.41
72,2019-08-01T08:06:00Z,11042d94441428a60c1fe70568d305a2d867ac927b2a6e7cb8eed38a,60.16829,24.94214,00000000afef4555,27.28
73,2019-08-01T08:06:00Z,114e0235f17f3ea972c37d8b2f55d9f73ea83b93c1629215fe1107d6,60.17065,24.93641,000000000f4919c9,4.5
74,2019-08-01T08:06:00Z,11a6d569be7a8bbc4dd297e2223956dda0c4d281e762a79bfeb5881b,60.14947,24.91438,000000004ef3150d,17.4
75,2019-08-01T08:06:00Z,11aa0ba839705a7fde087e5b2dc2fe119229d44e497a23a4cffb5972,60.16897,24.95222,00000000aa852af1,17.4
76,2019-08-01T08:06:00Z,126c6d193e5f57ee2e72abb31ba85887bb2d948f1078bbad695220d1,60.16629,24.95957,00000000fb7600be,13.75
77,2019-08-01T08:06:00Z,1313f0abda6d7ae2ffd1eb44cf66bc628c4c0546bdd033c6016531f2,60.17919,24.95181,000000007b5207b6,4.5
78,2019-08-01T08:06:00Z,137ed292f0c12f70ebc805d41feb89270521b895ba9fa158d2001020,60.16762,24.95415,000000006b44cce7,18.79
79,2019-08-01T08:06:00Z,13d2f62c9985ba22f761aca15562d10e66bd067144914558cf456412,60.16762,24.95415,000000006b44cce7,7.69
80,2019-08-01T08:06:00Z,1448e30a3b1f04c8453babd83d083313a1026dc114407538f0f31bd4,60.14947,24.91438,000000004ef3150d,9.12
81,2019-08-01T08:06:00Z,163767fe5ab139838f529ac43b7ee443e65d8c9abbaadd5de3f3d7f2,60.15432,24.9211,0000000019fb59c4,11.7
82,2019-08-01T08:06:00Z,163efb8510c54c03516931e5eb8b0464bf1f50e961c369d35e20f6b7,60.16448,24.97323,0000000053c6c2be,20.28
83,2019-08-01T08:06:00Z,18dde4781266f02b8daf82a513fc6176d5a0e8efc085f79a425f99c5,60.16897,24.95222,00000000aa852af1,20.28
84,2019-08-01T08:06:00Z,1b5de070241cd731ade8c5639a3c7978ccf3b389529e84e8cfcd26c2,60.16762,24.95415,000000006b44cce7,2.8
85,2019-08-01T08:06:00Z,1d26d7fd57f3849c336929c2cd63eb230d4407873e7eb25fae7157a8,60.16762,24.95415,000000006b44cce7,27.28
86,2019-08-01T08:06:00Z,1d414a3583c4adae26fc8cd7f413e8adfcde2b5d354b646a677f95d6,60.173,24.92524,0000000096918cfa,23.56
87,2019-08-01T08:06:00Z,1dacfb371d75dd4f90f447aac2a00faad98beb4188a6971c19eb2375,60.16629,24.95957,00000000fb7600be,17.4
88,2019-08-01T08:06:00Z,1dccf70d921aac5ea951186e9098d397e8f5a80029f2652e1de11323,60.16897,24.95222,00000000aa852af1,16.1
89,2019-08-01T08:06:00Z,1e0df8b2a2f9861e8eb93eb5446bcf451da60d721888bd9a1fded7d2,60.17918,24.95141,00000000675d5200,20.28
90,2019-08-01T08:06:00Z,1e654ab93c5aecea7823a73871d80956daa0eaebdf8105562f38dc03,60.16531,24.9442,00000000fdda10fe,11.7
91,2019-08-01T08:06:00Z,1ecbc7c6afe89033252e5510cbb893666af2b3bc29f555a3a6287fdb,60.14951,24.92138,0000000006dd41f6,4.5
92,2019-08-01T08:06:00Z,1f403d0021cabffb9946e1efc601d44288f4b9a26e77e6fbdf927f1d,60.16531,24.9442,00000000fdda10fe,9.92
93,2019-08-01T08:06:00Z,1f9aecae40856d4630565024483c8db955f740f55963d00c86bc0586,60.14947,24.91438,000000004ef3150d,10.78
94,2019-08-01T08:06:00Z,20df8b5007f9c490b8c713be7e8c9a51c2a0538f25c9948e756e803c,60.18203,24.91341,00000000342570c2,25.36
95,2019-08-01T08:06:00Z,2107fe0d112ef790fa937dc1ec61574bccc2cc254e6c9da286e61532,60.173,24.92524,0000000096918cfa,4.94
96,2019-08-01T08:06:00Z,21197cb181f13775cf75c803f9dec643033c8ca7499abd87c0d2407d,60.16531,24.9442,00000000fdda10fe,17.4
97,2019-08-01T08:06:00Z,213b7282c396063f85f6f0f24ba3ebbb249d0af51561a0a2e76f5ad3,60.16897,24.95222,00000000aa852af1,21.87
98,2019-08-01T08:06:00Z,220d67874314c3b7e6feb9c99618991f5a0664c1ee510b1439a65b16,60.16762,24.95415,000000006b44cce7,13.75
99,2019-08-01T08:06:00Z,22c78672a39bb453362d8d4e4f0bc7855a2b973ac63a3c8aa52362e1,60.14951,24.92138,0000000006dd41f6,25.36
100,2019-08-01T08:06:00Z,22deaf0a799973905a197ae92577be33f326e6f5f3792af8c9f20c73,60.16897,24.95222,00000000aa852af1,18.79
101,2019-08-01T08:06:00Z,23b9c56a9365e17fdee813c6f6715ff5837e882759d929ad0fc5f28b,60.16762,24.95415,000000006b44cce7,13.75
102,2019-08-01T08:06:00Z,246b887236b5d9e90772ec802da4b53ec030edc00ee303035aed94c9,60.16762,24.95415,000000006b44cce7,5.91
103,2019-08-01T08:06:00Z,246ecc1d114ee8e7f205f8883e28da5a14ffc17d719ceb95d3769f08,60.16762,24.95415,000000006b44cce7,17.4
104,2019-08-01T08:06:00Z,24c1a3a15d81f56338fc8588af388b8d9f7e488d7064acf0fb5c4b27,60.16762,24.95415,000000006b44cce7,5.91
105,2019-08-01T08:06:00Z,24ec61819633d0aa096c4e7349181f18b64c2547473b898e4056eaf1,60.16531,24.9442,00000000fdda10fe,33.81
106,2019-08-01T08:06:00Z,2506fc6dc94a21d178085c1137d020d0fe137bd8b99fab0b68e53b99,60.16762,24.95415,000000006b44cce7,17.4
107,2019-08-01T08:06:00Z,270749ab8e1a83f0dcbf45dc861bcc0e10361d103d7589841787e366,60.16531,24.9442,00000000fdda10fe,14.89
108,2019-08-01T08:06:00Z,2743e749e7b387bb3ef1fd1d7d05b94c5458825fa70c23e5bee72edd,60.16829,24.94214,00000000afef4555,13.75
109,2019-08-01T08:06:00Z,2832565094d8e4bd54c7a2442ac8807d97669bc460c1cb75a831bbb8,60.16762,24.95415,000000006b44cce7,16.1
110,2019-08-01T08:06:00Z,2839dae4ab7f136c80f311a39152c7be4add20271913767b6c3e4e1f,60.16829,24.94214,00000000afef4555,16.1
111,2019-08-01T08:06:00Z,28a4389ab2f325b228685cd35449629ed69237ba5df564549487e2a5,60.16762,24.95415,000000006b44cce7,13.75
112,2019-08-01T08:06:00Z,2b2be3e013649c956dd5b92acbde63a8ae95efda5ef75e43d2683ca6,60.16897,24.95222,00000000aa852af1,17.4
113,2019-08-01T08:06:00Z,2b9dae3785afb75b4cdecd1bb4a4ab77224baac5d87f7b298959d6a6,60.16629,24.95957,00000000fb7600be,12.69
114,2019-08-01T08:06:00Z,2bd963bcb7fb825f57d18ab15e150c80e2cd952a70488e1ec521c4a5,60.16829,24.94214,00000000afef4555,17.4
115,2019-08-01T08:06:00Z,2c73c88486b250d46ea01a47c49a12aa7cc22122edbfdd08df4b2dba,60.149,24.9843,00000000fffb8cf0,9.92
116,2019-08-01T08:06:00Z,2e0c583fe72ba7dc1aef5ab53e1e5f6bf47ccced438b37df2581ac2a,60.17002,24.94407,000000006b087f40,6.46
117,2019-08-01T08:06:00Z,2e16a8c00f775ecb4b26dc2caf4d00117caa868a712ce41cfeb32b13,60.16448,24.97323,0000000053c6c2be,7.05
118,2019-08-01T08:06:00Z,2e87149d1afa486c757776f60d68279d8ec52c88bfcd5a91423a14e3,60.16448,24.97323,0000000053c6c2be,13.75
119,2019-08-01T08:06:00Z,2f452a5f8ec863d58ba03645edba772e17e91fff32f822ccc87cf818,60.16762,24.95415,000000006b44cce7,18.79
120,2019-08-01T08:06:00Z,303faa470ab0d64afc6542d09ef9a54e339856fe2d711e175865e8bb,60.16897,24.95222,00000000aa852af1,10.78
121,2019-08-01T08:06:00Z,310bd5b2193218e7232248aa892191e6f7a7b590ef65f80a472bb0fc,60.16829,24.94214,00000000afef4555,14.89
122,2019-08-01T08:06:00Z,32638d1f0d0e32b618802bc3a0bea9c134f7f67d25dbea5f487b2d67,60.16829,24.94214,00000000afef4555,8.38
123,2019-08-01T08:06:00Z,33383370d37f4cd1ac91746b4270372b5996d8a9beba27188dab21a4,60.15133,24.92329,00000000e8a064a4,16.1
124,2019-08-01T08:06:00Z,339c59fa132b785b2b1df2dee5fc83f3cb633378aa3b226e9d87cb59,60.16629,24.95957,00000000fb7600be,16.1
125,2019-08-01T08:06:00Z,33eb8bc6512a8a0e59b94d3c8961f5450d7e2bb341977e01cc30b6ff,60.16531,24.9442,00000000fdda10fe,7.05
126,2019-08-01T08:06:00Z,3435380993c5e72920cdf5684bd0211e1ca4185ad7a588c9e0190fe0,60.16829,24.94214,00000000afef4555,13.75
127,2019-08-01T08:06:00Z,3685ee6d322dcb2ad0ae181f66c3c5427d4531d7896d2f5f7571bb6d,60.16762,24.95415,000000006b44cce7,11.7
128,2019-08-01T08:06:00Z,370205c30937d4b5c2cb3b1b067e7d316984b6c9c200f0a0345f9483,60.16897,24.95222,00000000aa852af1,21.87
129,2019-08-01T08:06:00Z,3740dc0f7f4a63094add55427fd7096a227657fda9151d52298cfe45,60.16829,24.94214,00000000afef4555,1.01
130,2019-08-01T08:06:00Z,387169a63bde1990d903b70d2148fcd72715ccda71b9c1b46921ecc5,60.14951,24.92138,0000000006dd41f6,17.4
131,2019-08-01T08:06:00Z,38fb20c6d55b10dd10a39c0fb41ad61297453e25afda81cf32313ae3,60.16531,24.9442,00000000fdda10fe,10.78
132,2019-08-01T08:06:00Z,3a08e46fd9bb170ce43d0e53faed326dc484fd3f251ed7c9def50bfc,60.17918,24.95141,00000000675d5200,11.7
133,2019-08-01T08:06:00Z,3a157223647d09893dd14124df202b0cd4f475074646a46695500492,60.16762,24.95415,000000006b44cce7,12.69
134,2019-08-01T08:06:00Z,3aba292cc17f7d51a84e620cb35c14ed5523d345b89b57cf828edd1a,60.15432,24.9211,0000000019fb59c4,9.92
135,2019-08-01T08:06:00Z,3b22863efa274cd6b3a023a1a9fda3440f2c8747460b9f7cd8ba35f4,60.16531,24.9442,00000000fdda10fe,6.46
136,2019-08-01T08:06:00Z,3cffe51db8f9c07528ad67834a9e25b4af97dc5845614184c940e40f,60.16544,24.95398,0000000038d83d41,23.56
137,2019-08-01T08:06:00Z,3ea97b93bfe55e696ca96744476fe530027a445db2f725c1d2815806,60.16448,24.97323,0000000053c6c2be,14.89
138,2019-08-01T08:06:00Z,41c25f55780b3eb29383bf3e6e59bdcf86a96bc077963fdaabd6d140,60.15133,24.92329,00000000e8a064a4,18.79
139,2019-08-01T08:06:00Z,41f9480cfe765132892420493af7f726ddec61a422324066f4c1ebe6,60.16897,24.95222,00000000aa852af1,3.74
140,2019-08-01T08:06:00Z,42844e90c7134ebb3ec325f57cd27cd24711c779548ebc8692a820d5,60.14951,24.92138,0000000006dd41f6,3.4
141,2019-08-01T08:06:00Z,439193aab43dc3dce26066f85e49fa6a600a6cdba1cb30e5a41fea02,60.16448,24.97323,0000000053c6c2be,18.79
142,2019-08-01T08:06:00Z,443630cc8e4c8b1a340dedaaae71a1fb82403422089aa05384a5a093,60.16448,24.97323,0000000053c6c2be,17.4
143,2019-08-01T08:06:00Z,44458b7457ea653165983753941462f75451f9c548f208cfbc152e30,60.16448,24.97323,0000000053c6c2be,18.79
144,2019-08-01T08:06:00Z,449c57d83da8594d48fbae68252b927478de94b3d82d470c699b91fd,60.16762,24.95415,000000006b44cce7,7.69
145,2019-08-01T08:06:00Z,45b8e8c2f858e87f8c1526369239b5aca16f965f687397902c487739,60.16531,24.9442,00000000fdda10fe,16.1
146,2019-08-01T08:06:00Z,465c41551046a8bef0ea236406282ff3e7f419c988f511389248142b,60.16448,24.97323,0000000053c6c2be,3.74
147,2019-08-01T08:06:00Z,46a3a27c29551f8735ab02fb6ca2357f8d3c63e3b607043bcb95f415,60.16762,24.95415,000000006b44cce7,11.7
148,2019-08-01T08:06:00Z,472c32ee1c1bb880a8d227e98cb172e124a4cf1297bcf4cfacf4f4ff,60.17002,24.94407,000000006b087f40,21.87
149,2019-08-01T08:06:00Z,4767919078623e0423a4f381cfa27d7b9a61376339b8170e080a0614,60.16448,24.97323,0000000053c6c2be,8.38
150,2019-08-01T08:06:00Z,4a90a03d5e3b0d2e2a05390b0850e14e163d4fecc0776f5259b3395f,60.16448,24.97323,0000000053c6c2be,16.1
151,2019-08-01T08:06:00Z,4a913987529baae0940b6f4a7c39d1e4333e608d49b1cef98400b134,60.17002,24.94407,000000006b087f40,21.87
152,2019-08-01T08:06:00Z,4ae8ee480a872946991de7403a5ede161df66ab5dc74b86e462a4756,60.16829,24.94214,00000000afef4555,2.8
153,2019-08-01T08:06:00Z,4bc8f75e682eb7ab6f6c03bfdbcca425c3e9caf615bf7e71b7f89747,60.16829,24.94214,00000000afef4555,7.69
154,2019-08-01T08:06:00Z,4de6e32b12ab8e6a14d9691e5351e708066bdc7caafeaf46f9ed60f9,60.16448,24.97323,0000000053c6c2be,12.69
155,2019-08-01T08:06:00Z,4f4227f9a20e8f1d18112164b7229f611c6486d57ebbb1ddff632d1e,60.16762,24.95415,000000006b44cce7,3.74
156,2019-08-01T08:06:00Z,50be88ca1388c6d81b142411025685d30604bdbc4715857577729592,60.16531,24.9442,00000000fdda10fe,18.79
157,2019-08-01T08:06:00Z,50f3b2a1ab66ea9d7663c4b94b5346f58993dae8fb35bb01d644bf3c,60.16629,24.95957,00000000fb7600be,23.56
158,2019-08-01T08:06:00Z,5111ecc6b500fd4c38edd20d2637ac1134b0e51b7f9848cc31f350a1,60.16897,24.95222,00000000aa852af1,3.74
159,2019-08-01T08:06:00Z,51bc384ff7390538f6deb7cb239564cadc0c38bbee771fe9574b2d3b,60.173,24.92524,0000000096918cfa,16.1
160,2019-08-01T08:06:00Z,51ec42fdd85671ae93876c3d875b24e56cb45699e9c3d2b623dca70d,60.16762,24.95415,000000006b44cce7,5.91
161,2019-08-01T08:06:00Z,51ec9dc90d7508ffdf9879222de5be63822b8dbff84b5cd23268f5c5,60.14699,24.922,00000000a53ed894,33.81
162,2019-08-01T08:06:00Z,5380ab49b81c86cd0daa77367b272f8b19d38e62ad217c366921b0b1,60.17918,24.95141,00000000675d5200,12.69
163,2019-08-01T08:06:00Z,540121775e64f64b81ea8dc7b5a392d6beff3ad384fe58e7ed8999fd,60.17065,24.93641,000000000f4919c9,9.92
164,2019-08-01T08:06:00Z,54ccee3db70f9ed6f96547d8b0f4f48e09829c40fa607260b8f273e6,60.16448,24.97323,0000000053c6c2be,9.92
165,2019-08-01T08:06:00Z,556cae6b2e2dec6fe691a835e8e08bd016b1a65797c0aca46879329f,60.17918,24.95141,00000000675d5200,11.7
166,2019-08-01T08:06:00Z,55ee202cabaf03b30c84208d204b466ed96bac5e9fad47a81716207e,60.173,24.92524,0000000096918cfa,18.79
167,2019-08-01T08:06:00Z,572d34c98acefa43387b5dfdc85668cc6cf1968d66a8616f91e56245,60.15133,24.92329,00000000e8a064a4,25.36
168,2019-08-01T08:06:00Z,585d641e0090f4bac10b94d48dd1c0aadbc7b246fa0ed9914e1f60a8,60.15133,24.92329,00000000e8a064a4,20.28
169,2019-08-01T08:06:00Z,59e92a8e81095a2080310bda3758061b3844d1fe9b9ca3fe7d15e122,60.16762,24.95415,000000006b44cce7,16.1
170,2019-08-01T08:06:00Z,5a5baa4baf640a0ccba5a56562321bca50a6ec62da206c9650738a4d,60.18203,24.91341,00000000342570c2,9.12
171,2019-08-01T08:06:00Z,5a5e1b31f33ff5aed7b4a8c63a0cac51669f2e014c0ec4e0e8ba3906,60.17002,24.94407,000000006b087f40,11.7
172,2019-08-01T08:06:00Z,5bb5ccbc439505424361ba6a7bc7c2811aaffbab13ae667fd266783c,60.16762,24.95415,000000006b44cce7,4.11
173,2019-08-01T08:06:00Z,5c92f5a8e05156cb683b63877f1a4b8ecb3e9c16cb0b43581274701c,60.16448,24.97323,0000000053c6c2be,16.1
174,2019-08-01T08:06:00Z,5c951392ef4d5052dd50db793e33c082b9eaefb43346affab113edbd,60.17002,24.94407,000000006b087f40,23.56
175,2019-08-01T08:06:00Z,5cdc114d07dec0a61b8b12edfde441a91bce9d2f3064c74a85f4c29a,60.16897,24.95222,00000000aa852af1,20.28
176,2019-08-01T08:06:00Z,5cee962f37d31043719b66293fd40fd62d5afbf0091c212006b3db4c,60.16897,24.95222,00000000aa852af1,5.91
177,2019-08-01T08:06:00Z,5e41ac004fef7743614df49e210408a740eeb6c3d0fe945ce1af5717,60.16448,24.97323,0000000053c6c2be,10.78
178,2019-08-01T08:06:00Z,60d55040045a84d4b4c8c21827d9e1374b65cffa251fb8d375805577,60.16448,24.97323,0000000053c6c2be,10.78
179,2019-08-01T08:06:00Z,61506aed64899229a000f5edafc21b7c2d41b4648fec42f7b8336971,60.16762,24.95415,000000006b44cce7,13.75
180,2019-08-01T08:06:00Z,627f7031d3d1dba9b53324c8c66e9e06723010ba920308e3fa8bdd6b,60.16762,24.95415,000000006b44cce7,23.56
181,2019-08-01T08:06:00Z,65a7f70144ab36193a282e270c69b482ee053e7d8d8c822d42cc6301,60.16829,24.94214,00000000afef4555,12.69
182,2019-08-01T08:06:00Z,66036ef0fabcb0e45be1e48901918c9c16a48d882f3e1c821cc84db6,60.17918,24.95141,00000000675d5200,14.89
183,2019-08-01T08:06:00Z,6762478a7a4ae7a4be7c020a282a12fd914ad4ede5a1e14533e24bfd,60.16448,24.97323,0000000053c6c2be,4.94
184,2019-08-01T08:06:00Z,67b49482404636a67cf605bc9dfefb05a1a8dd9361e0959b9df53ae0,60.16829,24.94214,00000000afef4555,10.78
185,2019-08-01T08:06:00Z,67c0a8b23be11cfee9b8363ce440b8fe5d00902945a80db8222d5368,60.16829,24.94214,00000000afef4555,17.4
186,2019-08-01T08:06:00Z,67dc4cd3b6fc9884ddb792893afece6a68b4a9e82710e230a802b9dd,60.16762,24.95415,000000006b44cce7,18.79
187,2019-08-01T08:06:00Z,6814d670c245ca212694f4839863118152962cf9fe124f3c660909ad,60.14951,24.92138,0000000006dd41f6,14.89
188,2019-08-01T08:06:00Z,68786521f8d8e424be9a28a5c8d69b4e3a19b4ddf87c6b7c444cb29f,60.16762,24.95415,000000006b44cce7,20.28
189,2019-08-01T08:06:00Z,69783d21a2cbdcb32a08c56ff30133599317ceb2728d8cc7aa442fa6,60.16829,24.94214,00000000afef4555,25.36
190,2019-08-01T08:06:00Z,6c57d7f430e587542d58e34694033936c1e6c1b49c78d3ca8da94c42,60.16897,24.95222,00000000aa852af1,18.79
191,2019-08-01T08:06:00Z,6e50ed9a95363d5d8d138e9b4c6f843da618c481d5be2010c74ab31f,60.16897,24.95222,00000000aa852af1,31.5
192,2019-08-01T08:06:00Z,6ee59c66aec6975a3dbd266f32ed43fcf8a11c52c62543a596fc6fd4,60.16075,24.95883,00000000f1124bca,23.56
193,2019-08-01T08:06:00Z,701ebe2f0c93e3d2d5f4c1b9f737199afb3f37f9b49809649903d665,60.16762,24.95415,000000006b44cce7,7.05
194,2019-08-01T08:06:00Z,70548e5203c8e971b50e06b56ab211bfead9eb8f87c1ec668c94f2fd,60.14947,24.91438,000000004ef3150d,16.1
195,2019-08-01T08:06:00Z,71460f8ebcff7dd5aa541920ab5a69c659a59de2a1afea4c27354e51,60.17918,24.95141,00000000675d5200,3.4
196,2019-08-01T08:06:00Z,7353fe00c835087c3fa5775405a9f7f2b4405c8d3cdedfdc05995944,60.16762,24.95415,000000006b44cce7,7.69
197,2019-08-01T08:06:00Z,759ea2fc417c2a51734edbd8d1b7ac03290cdf63f5a1e2b2e026a386,60.173,24.92524,0000000096918cfa,29.32
198,2019-08-01T08:06:00Z,75e5bd2776187f02f676cc03f14e7d3fc4899bf50d9a0d44ad6909e5,60.16829,24.94214,00000000afef4555,7.69
199,2019-08-01T08:06:00Z,762455414323a19bf03c4c01e1785691dfe62769e38605dd6b93918d,60.16829,24.94214,00000000afef4555,29.32
200,2019-08-01T08:06:00Z,775291d77d874bb3c3d3f2bce57cabfbe944c8eb5e00b47dcd72238c,60.16448,24.97323,0000000053c6c2be,17.4
201,2019-08-01T08:06:00Z,7769183ab93c69c2bc195989ce1433497561eaf2159e86b2c35fdb42,60.17918,24.95141,00000000675d5200,4.11
202,2019-08-01T08:06:00Z,779634596909112351c633534ff8e18d370938e2a8ebefa66e936276,60.16629,24.95957,00000000fb7600be,20.28
203,2019-08-01T08:06:00Z,78371b7179de302e1760d3b6d927b8ec55d819e584ca9f88402fdad8,60.16897,24.95222,00000000aa852af1,31.5
204,2019-08-01T08:06:00Z,7863e4d05a642a3a4ae13006b28e9463385e5c7a752a1ac685060ace,60.16629,24.95957,00000000fb7600be,23.56
205,2019-08-01T08:06:00Z,7898f53cef71c5d8e66c41a3771790bb7f8c60876548e4ce87244175,60.16448,24.97323,0000000053c6c2be,21.87
206,2019-08-01T08:06:00Z,78d2de44dec5b82e9b41cdc2d3fdf6a5366a8ef67e89df95afac968b,60.16448,24.97323,0000000053c6c2be,11.7
207,2019-08-01T08:06:00Z,7a94cb8ed7fae8b162af9ed3324b311a8d0dbde1a199037a38c7669e,60.16629,24.95957,00000000fb7600be,16.1
208,2019-08-01T08:06:00Z,7b74338f3b772b008ab9068bba189a34d3f618934525713a13fb5f62,60.16897,24.95222,00000000aa852af1,25.36
209,2019-08-01T08:06:00Z,7deb3ec7417a4a496416489d2556f59315bd825d0e563cc07701b882,60.17918,24.95141,00000000675d5200,2.8
210,2019-08-01T08:06:00Z,7eed37253ef62dabe3fea09932af69b87154a62e440d4836bb5f4a0d,60.1638,24.96846,00000000d747f075,17.4
211,2019-08-01T08:06:00Z,8166c88c40bce58abfc052f9ce4b8855b6864db5d4800fea12f1fd31,60.16897,24.95222,00000000aa852af1,25.36
212,2019-08-01T08:06:00Z,81bec459b4233408f9228b116a61f6d45d3c96f88f87d4311bc40824,60.16544,24.95398,0000000038d83d41,23.56
213,2019-08-01T08:06:00Z,820c9bb00d0523273a24deebbf5b864920a385bd01c7609df0cd1dcb,60.16829,24.94214,00000000afef4555,20.28
214,2019-08-01T08:06:00Z,8216b54cd10ee7fb5999643c4bf6d097955738734e4471db2157a6f9,60.16762,24.95415,000000006b44cce7,13.75
215,2019-08-01T08:06:00Z,83d93efbba47c278bed16ad41791be65a3c16646f74abad03620d1e9,60.16075,24.95883,00000000f1124bca,14.89
216,2019-08-01T08:06:00Z,85384788f4a57d3233eda31407e13258c6ff1c368fcc45a0ae61c79b,60.17065,24.93641,000000000f4919c9,31.5
217,2019-08-01T08:06:00Z,85f5eb0f9a34045f6dcee30c334763900298d7601e2eec19114ced72,60.16448,24.97323,0000000053c6c2be,18.79
218,2019-08-01T08:06:00Z,863d7491f4e3dc6a78fdfc908d4a46209bdecabcec295aa5bbed103d,60.16762,24.95415,000000006b44cce7,10.78
219,2019-08-01T08:06:00Z,8707cb61c7a4ebe814b6c6ed46ad6a0070fe3a06c1ecf52c18fb5e6a,60.17065,24.93641,000000000f4919c9,36.27
220,2019-08-01T08:06:00Z,874bc05ec0dfd2aa93077744dc212d04a8fec8035ba77e2bacff0304,60.17065,24.93641,000000000f4919c9,12.69
221,2019-08-01T08:06:00Z,87aae3ede594c9680c74051c63c37a9e4c536e7e8df56109bc87574b,60.1538,24.95595,0000000038bf9618,29.32
222,2019-08-01T08:06:00Z,88461be31cb5a6d09b874de309b62d47117edeb110c6d6a2d71af0d0,60.16448,24.97323,0000000053c6c2be,20.28
223,2019-08-01T08:06:00Z,8b9ed2c205a4443dd909d9dde8ad662775ab489100d8a1cdedee391b,60.16829,24.94214,00000000afef4555,3.09
224,2019-08-01T08:06:00Z,8d182709d7af07381b6019a0406cce35ac9df32c77c87f9796cb5a57,60.16762,24.95415,000000006b44cce7,9.12
225,2019-08-01T08:06:00Z,8d8e3a2d2eb019d0f7bd6d2a2be94dc7221bfc037a3bde4063fa37a7,60.16448,24.97323,0000000053c6c2be,11.7
226,2019-08-01T08:06:00Z,8e17c486f4e28b3e72f45f9514f3cdca383ada56e1671030d8725936,60.16829,24.94214,00000000afef4555,14.89
227,2019-08-01T08:06:00Z,8e404518a9dd246071a593f46ab5fa73c5069fa1cf08e5a428aa46ae,60.16544,24.95398,0000000038d83d41,27.28
228,2019-08-01T08:06:00Z,8f15c550b7aedfe9eb820386fcf313b0b9284c24fbb22873eb54efbe,60.17918,24.95141,00000000675d5200,9.12
229,2019-08-01T08:06:00Z,901bda647b75a1e69c83f0e3e1d76aae8f692230753272f055e32cf4,60.16448,24.97323,0000000053c6c2be,4.94
230,2019-08-01T08:06:00Z,903e41e60ba5fd21d41de55b84040d41aad986172d86a552a5740379,60.15432,24.9211,0000000019fb59c4,21.87
231,2019-08-01T08:06:00Z,90a44cbd1a957cc59a6986cff9b6b7b8e151d379e17da645069428b8,60.17065,24.93641,000000000f4919c9,2.8
232,2019-08-01T08:06:00Z,918561a80c4246c580bedd13863c04b4db90984de3d7fa11222c8bc2,60.15432,24.9211,0000000019fb59c4,8.38
233,2019-08-01T08:06:00Z,929a4dabd596b680edcd2e14fd54de40868107c98001b91a5fee619b,60.16762,24.95415,000000006b44cce7,6.46
234,2019-08-01T08:06:00Z,934712123a5334069e0e6ada141835dc111fe156d6002fdad1afef19,60.15133,24.92329,00000000e8a064a4,18.79
235,2019-08-01T08:06:00Z,93ceae9b70e409ed0f562c08ad3f55d414823ef31956a2c84b346f35,60.16829,24.94214,00000000afef4555,16.1
236,2019-08-01T08:06:00Z,93eb92e0cc0cbe67f802c915ad9f68d4c5d874e878674c506276e1b5,60.16762,24.95415,000000006b44cce7,4.11
237,2019-08-01T08:06:00Z,950b24586f9e289c405a1cb6267df31f7d31fbdc4efaefbdc5b60e9d,60.16762,24.95415,000000006b44cce7,11.7
238,2019-08-01T08:06:00Z,953dc9acc0da5d160875301aa2f1c01ef72ab41f469b765f254e9c79,60.16629,24.95957,00000000fb7600be,18.79
239,2019-08-01T08:06:00Z,9609babe3114439a82f93f797f4a6e779b6bab625488b8ff5b63e674,60.16829,24.94214,00000000afef4555,14.89
240,2019-08-01T08:06:00Z,98399891c18d85f34cc80a09f133ed223e50849d6da32db64ce38412,60.16897,24.95222,00000000aa852af1,16.1
241,2019-08-01T08:06:00Z,984f778d5a8fabd3a1d72d38d09750039dbd278f328061ec93a4f2ab,60.16829,24.94214,00000000afef4555,5.91
242,2019-08-01T08:06:00Z,994b65eb48266419e1c62bb75452702769c0da935619103c64f05126,60.16762,24.95415,000000006b44cce7,20.28
243,2019-08-01T08:06:00Z,99a026b5100e23129fa529e9a57a3dbc8490dc03b58f2193f03e2dcf,60.14951,24.92138,0000000006dd41f6,5.91
244,2019-08-01T08:06:00Z,99c9a8f3ff8b8ea117f75fbc2d105ca511a0e1babee5a4c1d6ea702f,60.16448,24.97323,0000000053c6c2be,10.78
245,2019-08-01T08:06:00Z,9a2f475e8dc18183010cf96fa6d49dc28d6be88fa7e66ce3f046973c,60.16762,24.95415,000000006b44cce7,20.28
246,2019-08-01T08:06:00Z,9ac0687ee96d738066aa55be1f45e8234756aebf53e79336129253b0,60.1638,24.96846,00000000d747f075,27.28
247,2019-08-01T08:06:00Z,9e892dca029a9a29b91e1305052b44ecfe7e36a2f59ea1e39a02e618,60.17002,24.94407,000000006b087f40,27.28
248,2019-08-01T08:06:00Z,a01bcfe4fed6fa38ff14ff9b63a9bc17ab93adc8e8b0134947154959,60.16762,24.95415,000000006b44cce7,13.75
249,2019-08-01T08:06:00Z,a050f87e624ba292e0a0f06bc8b1ddb59aa4eb7a11d7254e7861bc03,60.16531,24.9442,00000000fdda10fe,4.94
250,2019-08-01T08:06:00Z,a0eaa86f9bd9e29fb8dbcb16515b6819caf63db0bdbdd588ff25dd49,60.14951,24.92138,0000000006dd41f6,23.56
251,2019-08-01T08:06:00Z,a167c60280e1fd4cc153c84a58af72ed7030d8508e358152459caba1,60.18203,24.91341,00000000342570c2,11.7
252,2019-08-01T08:06:00Z,a26c3383eeb0b6195f0390c7a5ecd588a838f7a36cb7bb8a734ac008,60.16897,24.95222,00000000aa852af1,14.89
253,2019-08-01T08:06:00Z,a32f78377b2189615ff347cf616f18a3609c687c99e839b2437d171d,60.16829,24.94214,00000000afef4555,14.89
254,2019-08-01T08:06:00Z,a38c11c450b472b9dad2f076e2d9a63651292d3de806331d06af7f46,60.16531,24.9442,00000000fdda10fe,17.4
255,2019-08-01T08:06:00Z,a39ae85003ddeae9fccd9b7e9a636e317d080327c5091329a1d5f7b1,60.16829,24.94214,00000000afef4555,18.79
256,2019-08-01T08:06:00Z,a47d47b3ae5ae912471a78ba62f44982a2ad569f1e905e64a55b38e3,60.16448,24.97323,0000000053c6c2be,7.05
257,2019-08-01T08:06:00Z,a4e0ced9447fd3e97205c4c5645b9a8b9823d1ae07747a325214c71a,60.17919,24.95181,000000007b5207b6,8.38
258,2019-08-01T08:06:00Z,a4f8f234b135464c89a524e28ac958cabea3941242613e0674dd62db,60.17918,24.95141,00000000675d5200,3.09
259,2019-08-01T08:06:00Z,a564c82a3e5259680b7bef083673d18de7a82ee0a55144dd27f08f25,60.16762,24.95415,000000006b44cce7,7.69
260,2019-08-01T08:06:00Z,a5a328e61821c28734d6c6cd17da01127663b5df322df594707f1b23,60.17002,24.94407,000000006b087f40,29.32
261,2019-08-01T08:06:00Z,a6e840f65323e1b5f3f227e7610745cfef0b81c717f0714723001953,60.17918,24.95141,00000000675d5200,7.05
262,2019-08-01T08:06:00Z,a721c415819e294c7bad56068203e5d02e81942e5724da27e2f47b87,60.16075,24.95883,00000000f1124bca,17.4
263,2019-08-01T08:06:00Z,a7eb782a18241139c96d832dcc10bbab57ecd83830688dc653d0af55,60.17918,24.95141,00000000675d5200,23.56
264,2019-08-01T08:06:00Z,a86c102f289409f6efef56c9b116b4ad52d8e2d7b7ab23a6df2a0675,60.16762,24.95415,000000006b44cce7,1.25
265,2019-08-01T08:06:00Z,a96ddb7286bc96ec97a47c95da83e209d21ada2c2d1cbd5c02f55d2b,60.16762,24.95415,000000006b44cce7,4.94
266,2019-08-01T08:06:00Z,ac8e57a62e4cb9ade132ccee81cb1c705ff5a60be5ab53293e14c65a,60.15432,24.9211,0000000019fb59c4,21.87
267,2019-08-01T08:06:00Z,ad48138e6e3286d15be6e1e16a35baa38eb6df58ceb6832f8b18a30a,60.16829,24.94214,00000000afef4555,18.79
268,2019-08-01T08:06:00Z,ae24eed1d506dd00bb2b2601534573213c6faa4b1c6864873ef74ac3,60.17918,24.95141,00000000675d5200,13.75
269,2019-08-01T08:06:00Z,af8f476b09b9da558e16154db281b57b4816c0a8f3db88cf4c1d9b91,60.16829,24.94214,00000000afef4555,20.28
270,2019-08-01T08:06:00Z,b3567a19323213a001b3407add0c58d4e7b2ef20dc8eb94f9f82443f,60.16829,24.94214,00000000afef4555,16.1
271,2019-08-01T08:06:00Z,b36b965d41eedc4f096bef5f0b1696e57093056826306653c939917c,60.16448,24.97323,0000000053c6c2be,20.28
272,2019-08-01T08:06:00Z,b419dc9191d0c8ba7db9c8d3a12af4f3ed124b311d1314395c4b4194,60.16075,24.95883,00000000f1124bca,38.87
273,2019-08-01T08:06:00Z,b4964ca7fe17788dd89978f468e3e700922eba64f74f03677a76fe07,60.16897,24.95222,00000000aa852af1,18.79
274,2019-08-01T08:06:00Z,b7bbecda7766fcb6d8ec437d1824cd6a3bb4eda5fb2cfe0958049f3d,60.16762,24.95415,000000006b44cce7,5.91
275,2019-08-01T08:06:00Z,b85a109996da24312dfcfb387b6c439ed1a84790e4087f934b1d31d6,60.16762,24.95415,000000006b44cce7,20.28
276,2019-08-01T08:06:00Z,b8a1184acfc807eec86a9fa23d7f8e301100961e49f00623e91d3402,60.16762,24.95415,000000006b44cce7,7.69
277,2019-08-01T08:06:00Z,b9290a30c6c42f668ed476818d2e8f19d831a7cecd8266807a8e7474,60.16629,24.95957,00000000fb7600be,20.28
278,2019-08-01T08:06:00Z,b9b756e5dd9230fc769d7778507bebf76f5f3c17e96fdc1858fe4335,60.17002,24.94407,000000006b087f40,33.81
279,2019-08-01T08:06:00Z,b9fe7df7f2f403b18f872731d0f3d21e82a1addfe2dbc079efba666b,60.16762,24.95415,000000006b44cce7,16.1
280,2019-08-01T08:06:00Z,ba0ce01f55f4dba7a91bc01f055de967f4a03503b1435abd3f570d97,60.16531,24.9442,00000000fdda10fe,13.75
281,2019-08-01T08:06:00Z,ba58db8ca9cb34c9eb76943a88dfebee401b0c568a239e98eeb148b0,60.17918,24.95141,00000000675d5200,6.46
282,2019-08-01T08:06:00Z,bac28bba9b9163bcae921618a9841d71f10acf406a48e79fa5e89287,60.16762,24.95415,000000006b44cce7,21.87
283,2019-08-01T08:06:00Z,bafcbc5424daf51c338ef937f27d6c46b1c7d142d211d99da10923ca,60.16762,24.95415,000000006b44cce7,16.1
284,2019-08-01T08:06:00Z,bc0da43c3f23570a43e584ecf9f626642f932006b61b672d0b2c6d32,60.15432,24.9211,0000000019fb59c4,12.69
285,2019-08-01T08:06:00Z,bcb567a594ea3ce6fb54a4cf48a6f54645143f1c0c57e5b159a949a8,60.16897,24.95222,00000000aa852af1,23.56
286,2019-08-01T08:06:00Z,bdfaea66eb028449ac423e0a0ceb50118ddb6cde9ac20e01a7b44b9e,60.14951,24.92138,0000000006dd41f6,18.79
287,2019-08-01T08:06:00Z,bee144e090a471427ec7878609f2446cb79f4c8d7e3c3bf0f67cf8d2,60.16762,24.95415,000000006b44cce7,12.69
288,2019-08-01T08:06:00Z,bfbc9e9c93ad12fcc8e0faebd07e9aaf14ff93eac56b2c3353fe61e8,60.16448,24.97323,0000000053c6c2be,10.78
289,2019-08-01T08:06:00Z,bfefcd99420a8820a71bae06d522d3ed1b673380ddd4249fee4a4c98,60.17918,24.95141,00000000675d5200,4.94
290,2019-08-01T08:06:00Z,c17e632b080a242a2cdf33a0bbee5cbb74e4bc8506fdd6edacb94463,60.15432,24.9211,0000000019fb59c4,3.74
291,2019-08-01T08:06:00Z,c35535f7cba45c63ac0f2a53352bb900045870cdefd355413d6e9442,60.15133,24.92329,00000000e8a064a4,27.28
292,2019-08-01T08:06:00Z,c3a93dc385c8d0d1368fa0cc53e157b86e988cfe913762b1622dcd5a,60.17065,24.93641,000000000f4919c9,14.89
293,2019-08-01T08:06:00Z,c67f0b6623a62324194306f55300d3cf607183b0d2adaa94696873e7,60.16897,24.95222,00000000aa852af1,20.28
294,2019-08-01T08:06:00Z,c6a8c8efde553428e14ee1db8ad697cee32ea7e0453c1600f1bc1d4a,60.15432,24.9211,0000000019fb59c4,21.87
295,2019-08-01T08:06:00Z,c6cbdd62ab82ce6cc125e0c779b645dfe1066b3f043218956e37048c,60.16448,24.97323,0000000053c6c2be,13.75
296,2019-08-01T08:06:00Z,c6f8a7cfac54367d31218fbc50ceec6f7bd466eecd6251f4d166263a,60.173,24.92524,0000000096918cfa,29.32
297,2019-08-01T08:06:00Z,c74c28369997e7cc0f4bd3a7a8bc057343a0e345c93be104c0e7dbe0,60.173,24.92524,0000000096918cfa,6.46
298,2019-08-01T08:06:00Z,c7b313ff6fb149acb1e5af775f87376de13fd8cef92063ae11a7f270,60.17002,24.94407,000000006b087f40,20.28
299,2019-08-01T08:06:00Z,c8a2a1e35d6191d9eb6b42bbc45ff8dc9a551fcb6c3b086d01896004,60.16629,24.95957,00000000fb7600be,13.75
300,2019-08-01T08:06:00Z,c8a42cfdd80593e9e6c1d721caacc3583bda84f627af692a447cc0ba,60.17918,24.95141,00000000675d5200,9.12
301,2019-08-01T08:06:00Z,c8ed7894aa4e66321edd21e97a47916b97c80d1ff075aeb0bf463645,60.16629,24.95957,00000000fb7600be,27.28
302,2019-08-01T08:06:00Z,c8ff7503a634a5108a61e030aadfd95e696a3f764758bc00f789d7c7,60.1638,24.96846,00000000d747f075,29.32
303,2019-08-01T08:06:00Z,c9422c66d3ec19530f5ecc9ab461bf86005643c204472bc43217b0c4,60.16897,24.95222,00000000aa852af1,20.28
304,2019-08-01T08:06:00Z,ce26d6a84a496c30d0853c70aedd666601599adf227aa13b8779fb86,60.17065,24.93641,000000000f4919c9,9.12
305,2019-08-01T08:06:00Z,cff5a61383caa1338d6cce823b7e94060cd72562b5607f035ae46552,60.16762,24.95415,000000006b44cce7,17.4
306,2019-08-01T08:06:00Z,d18849ccb6e2682e57079bd8b72f98f0471276621359d1d041346a1b,60.16762,24.95415,000000006b44cce7,16.1
307,2019-08-01T08:06:00Z,d2c8e2abb3b108ebba8cc908b8d326e12fd5c89ef78658aac2b596f3,60.18203,24.91341,00000000342570c2,31.5
308,2019-08-01T08:06:00Z,d2e2b5a9f16d1576e42b259152dc95bc86b017a28524e8b46b98c0f3,60.16762,24.95415,000000006b44cce7,6.46
309,2019-08-01T08:06:00Z,d3823b86246365dc1e57ef57b9329bd171152cd1cee13dd2e3666e5a,60.16531,24.9442,00000000fdda10fe,4.5
310,2019-08-01T08:06:00Z,d7865237680648af51a2bb0edb8909c3a5c9fb5f08937b69a941343a,60.17918,24.95141,00000000675d5200,12.69
311,2019-08-01T08:06:00Z,d7c37b774b26d5fc52bb5b5e1953056d5c4e8c7ddc38e359c0581d04,60.149,24.9843,00000000fffb8cf0,18.79
312,2019-08-01T08:06:00Z,d846e4c047a579efdd8873855d05c6f22d18b42a2eb664ee910adfce,60.1638,24.96846,00000000d747f075,21.87
313,2019-08-01T08:06:00Z,d8e0abcc972b49f412b64ca3b62bc1a7c23daeeaec1be8a865911acb,60.16762,24.95415,000000006b44cce7,13.75
314,2019-08-01T08:06:00Z,da9b4a5c998e97f85b74845c7963e2337c6562ee10245689a55a8865,60.17918,24.95141,00000000675d5200,4.94
315,2019-08-01T08:06:00Z,de62a360aee5baaffc599143fa2d7aaa8ad866816cd5b52b7f5007d5,60.16897,24.95222,00000000aa852af1,16.1
316,2019-08-01T08:06:00Z,de75446e5795c4e6b5ed960749288aef705de0952a568e62b83d044e,60.14947,24.91438,000000004ef3150d,16.1
317,2019-08-01T08:06:00Z,def235dab804ecee45d54798ae03068a4e216b2ef6e1541e461f2a6b,60.1538,24.95595,0000000038bf9618,23.56
318,2019-08-01T08:06:00Z,def659978f46d01bfe821e6f47af97a4b2ee4fdd0e9b0ad2717ebe99,60.16762,24.95415,000000006b44cce7,13.75
319,2019-08-01T08:06:00Z,df4b6895357b9e105b68d72f84cd87aa83f57bdf84135b7814c3a324,60.16897,24.95222,00000000aa852af1,29.32
320,2019-08-01T08:06:00Z,e38e39b27f0a61a00449f83d7684710e3964739089fa7b7d4bdc78a7,60.17002,24.94407,000000006b087f40,25.36
321,2019-08-01T08:06:00Z,e4071e7f61d606a98144e19e35425cf8f9caac9e99d5fd2c9950c3d3,60.16762,24.95415,000000006b44cce7,5.91
322,2019-08-01T08:06:00Z,e4bf91c2eb23b348c72678bccd7ffa4ae4433340de6794e22d1d48e0,60.15133,24.92329,00000000e8a064a4,23.56
323,2019-08-01T08:06:00Z,e4fcb47b33e647c07d4573d851a34c610af741935576720dc08cafe1,60.16762,24.95415,000000006b44cce7,10.78
324,2019-08-01T08:06:00Z,e5bea1e16fa517e568f47c104cdf83e85b774348c49597b215247263,60.17065,24.93641,000000000f4919c9,25.36
325,2019-08-01T08:06:00Z,e67d856ec208d54b83a04fdf1b03e6078837b98e163f74f364f18225,60.16762,24.95415,000000006b44cce7,10.78
326,2019-08-01T08:06:00Z,e74b5c20d3e33c6c23aa29187d6198cc56e31c68fcfed44ffd0bf03c,60.14947,24.91438,000000004ef3150d,9.12
