,time,hash,latitude,longitude,serial,distance
0,2019-08-01T22:15:00Z,075be70b0c9febdacbaeeb7cd5008912aad9ce85c22f5ee3d6b77e40,60.16897,24.95222,00000000aa852af1,18.79
1,2019-08-01T22:15:00Z,0add92bb629361fdf34a91a86a1f9e3aed5f10895edae2bd32f97fb0,60.14699,24.922,00000000a53ed894,21.87
2,2019-08-01T22:15:00Z,14c7e1511b70f4dd3359cbece1377aebb4d70531f5489eefe53d7c3c,60.16544,24.95398,0000000038d83d41,25.36
3,2019-08-01T22:15:00Z,165ebbb4090d47319ae370f0d0854fdc1f6b79499f8b2e4d3c3533c0,60.16544,24.95398,0000000038d83d41,23.56
4,2019-08-01T22:15:00Z,1d0b0d9002f8f2b7d37394813a510f9162bf378d09c63295b10f3a19,60.17002,24.94407,000000006b087f40,17.4
5,2019-08-01T22:15:00Z,22581e1d9764b88a01034a4cab1a6b02fa4aa770025b9bd340685163,60.15432,24.9211,0000000019fb59c4,17.4
6,2019-08-01T22:15:00Z,24d2f2ddd119efcb13abb0ab2cb53850e9788b6713967ccca4d6e071,60.16897,24.95222,00000000aa852af1,29.32
7,2019-08-01T22:15:00Z,297c725b456ef12d2712634b21546721cbe93224d3a5762d897404f2,60.16762,24.95415,000000006b44cce7,12.69
8,2019-08-01T22:15:00Z,2c94897aa62344f630952ad6032f5d7976419125d126b15c1386c8b1,60.1538,24.95595,0000000038bf9618,21.87
9,2019-08-01T22:15:00Z,3944bc7a301be7241d1f7bc4a97f221000d535ce3d8a9af9af9b23b5,60.16531,24.9442,00000000fdda10fe,27.28
10,2019-08-01T22:15:00Z,3a0b806cc80aa40bb0bf60877e444313b79bfea0bb0eb170a4da6bb8,60.16897,24.95222,00000000aa852af1,12.69
11,2019-08-01T22:15:00Z,41d3af8da554a2f22a1c6596e0da84fd612b70022b5d295e6b4928e7,60.15432,24.9211,0000000019fb59c4,10.78
12,2019-08-01T22:15:00Z,43b676ed3aef4c2d8846694817e76117873be52e7f788e0cb366c1c4,60.16629,24.95957,00000000fb7600be,23.56
13,2019-08-01T22:15:00Z,5802343c3c4b09ee3631f03e16ebb38a3b1999d65e3713eb82377455,60.16544,24.95398,0000000038d83d41,27.28
14,2019-08-01T22:15:00Z,59107c0fb745e0aacace35f3eb6888e9aa1cace3ca066219be32fe54,60.16897,24.95222,00000000aa852af1,21.87
15,2019-08-01T22:15:00Z,5bbb5184fded3e51bc78e45e39917794285e6bbc72da404802a9599a,60.16531,24.9442,00000000fdda10fe,21.87
16,2019-08-01T22:15:00Z,5d65719c4cbf045f068d084b72302f447d5fd034413d97d13be00d0e,60.18203,24.91341,00000000342570c2,18.79
17,2019-08-01T22:15:00Z,5eed115a984d490b02b602d73787aee8dc8c4e9365b77fbff3818a76,60.16629,24.95957,00000000fb7600be,20.28
18,2019-08-01T22:15:00Z,6011490fb2e02d0b9d936fa70a06572cb55ffd9a6a7c607cf75c5a71,60.16897,24.95222,00000000aa852af1,21.87
19,2019-08-01T22:15:00Z,6066632ddc94b5c482a2d4f45ed2532e55e3fd63e414a084a596a737,60.16762,24.95415,000000006b44cce7,20.28
20,2019-08-01T22:15:00Z,693099b54f1d14b899f005c233a431270bde084ad2fe05abf597743a,60.16544,24.95398,0000000038d83d41,18.79
21,2019-08-01T22:15:00Z,6a54644283a4f5a6369abe947b4e9faf2ca3c25ef2ea42502cb60c5f,60.15432,24.9211,0000000019fb59c4,31.5
22,2019-08-01T22:15:00Z,6f06341f358e61699fe1e55e986dd0554bc8da28b91daf0c5ad99db6,60.16629,24.95957,00000000fb7600be,18.79
23,2019-08-01T22:15:00Z,6ff437688c444238352c28f64f9d2a7d0f14d19c9ea42c225380501e,60.16762,24.95415,000000006b44cce7,18.79
24,2019-08-01T22:15:00Z,71f1ccf548a0ec676009a1185a36ad6c18191be59b397e8261d67443,60.16762,24.95415,000000006b44cce7,7.05
25,2019-08-01T22:15:00Z,747f2d1ebff218c0ebbdc0fdaef4cbe56633dfb46ae1b1f8c8142201,60.16762,24.95415,000000006b44cce7,21.87
26,2019-08-01T22:15:00Z,77839e655f856d5295739c2388237a95b399c3b8a4f659cd1345d939,60.16829,24.94214,00000000afef4555,21.87
27,2019-08-01T22:15:00Z,7a3db40d91e137d1381ac690a78039878e0baa317ed9a7cd6882df27,60.16762,24.95415,000000006b44cce7,23.56
28,2019-08-01T22:15:00Z,7e9a43fd9918108a1e1f68ee62b044bd361736c1b4ab9261f449fe31,60.15133,24.92329,00000000e8a064a4,25.36
29,2019-08-01T22:15:00Z,87dfaad29a9276ddddb1fa021d3bc23ad14824c1af16f7d87e713689,60.14951,24.92138,0000000006dd41f6,7.05
30,2019-08-01T22:15:00Z,89982a6acf91b79a282a6b63978e946ee205f303fcd20e944e06baf0,60.16544,24.95398,0000000038d83d41,27.28
31,2019-08-01T22:15:00Z,8c75c3289c84fe4493e1e272a77b615fe1985880c5dc68a7c1a17b53,60.16762,24.95415,000000006b44cce7,17.4
32,2019-08-01T22:15:00Z,8cc6ddaa460aeae8cc9e8a33f91a01c8cd4c0c8bf8a943210a28c84d,60.1538,24.95595,0000000038bf9618,23.56
33,2019-08-01T22:15:00Z,9843c6216661048343a0e49cf3d8aa2883cf77f452666a1c873a1052,60.16448,24.97323,0000000053c6c2be,29.32
34,2019-08-01T22:15:00Z,9a3441615c7a95dad7af50ae16b0ac928f9d84ea590ac67cfa97ef1e,60.16544,24.95398,0000000038d83d41,20.28
35,2019-08-01T22:15:00Z,9e542b3a7effec1e348e152448282ff99d56cacba9ecdb492a7dd572,60.1538,24.95595,0000000038bf9618,14.89
36,2019-08-01T22:15:00Z,a1ba09b019cae8df2ec9396f46a163e5b29858a11380955ed9605985,60.15432,24.9211,0000000019fb59c4,12.69
37,2019-08-01T22:15:00Z,a91d379a4b57c5df22db0d7a041ff69f657b4b31f28554b1011fc03c,60.16544,24.95398,0000000038d83d41,27.28
38,2019-08-01T22:15:00Z,b33ae7715d6d2571066655c2c8954a5a364b5601869047de83410d9f,60.16629,24.95957,00000000fb7600be,29.32
39,2019-08-01T22:15:00Z,b5026d7cf52e7ab96df2ba76a516d819fb11765e520b765d373d186b,60.16448,24.97323,0000000053c6c2be,25.36
40,2019-08-01T22:15:00Z,b5fd6b317890e5ab2d79e2cd1abe61626d45a753c7337d0d40728898,60.16762,24.95415,000000006b44cce7,7.69
41,2019-08-01T22:15:00Z,bc47f02c87cebb9928c25d0ad0c1e77fa507b77e58f60e2420264dea,60.15432,24.9211,0000000019fb59c4,12.69
42,2019-08-01T22:15:00Z,c40c37def6bf11a63a2556519a7c6233fd417cdeea2cf14f28e7c42c,60.16531,24.9442,00000000fdda10fe,21.87
43,2019-08-01T22:15:00Z,ce4d251a2c6b56d67533935f9c53278886ef447f18ddca76b92d9335,60.16897,24.95222,00000000aa852af1,12.69
44,2019-08-01T22:15:00Z,cf05623e4d87ce0906c0b0b7dbf53aacc1228016cd27c341228b6e76,60.18203,24.91341,00000000342570c2,17.4
45,2019-08-01T22:15:00Z,db2c41f283cd09199d0bf74c7f94bb950b851768d01afb0cc025ab57,60.17002,24.94407,000000006b087f40,29.32
46,2019-08-01T22:15:00Z,fc4f3a44235f1cfc7b53f14ba2da599976a5a0a220d23b852688e485,60.17918,24.95141,00000000675d5200,25.36
47,2019-08-01T22:15:00Z,12d93be066967a6e3658b976b2d174658a4e939675ac240c6cd7d084,60.16629,24.95957,00000000fb7600be,16.1
48,2019-08-01T22:15:00Z,139061e8a6c5cfbae30c82545ac7ea95fa7319c265609e4656c099bd,60.16762,24.95415,000000006b44cce7,13.75
49,2019-08-01T22:15:00Z,18567525c56d0b09e72badfaa78b053244e1b27bb4e531aedc1dcd51,60.16897,24.95222,00000000aa852af1,29.32
50,2019-08-01T22:15:00Z,1dacfb371d75dd4f90f447aac2a00faad98beb4188a6971c19eb2375,60.16629,24.95957,00000000fb7600be,23.56
51,2019-08-01T22:15:00Z,1ecbc7c6afe89033252e5510cbb893666af2b3bc29f555a3a6287fdb,60.14951,24.92138,0000000006dd41f6,2.8
52,2019-08-01T22:15:00Z,25b9a688fda1515f9ff250d01f89c4491af81e3721b9b2348d88d2e3,60.16762,24.95415,000000006b44cce7,23.56
53,2019-08-01T22:15:00Z,36d1b964ad525e3a74988ce7f6ee673087768bebc267cd17e34c21df,60.16629,24.95957,00000000fb7600be,14.89
54,2019-08-01T22:15:00Z,3a56520041fa98e24528b53c611f4f6adcef8f823cf76d4f3d6239a8,60.16762,24.95415,000000006b44cce7,17.4
55,2019-08-01T22:15:00Z,3d683ddf0327552d69512f8cee9f1829d339478ab4c3843894d0acc2,60.17918,24.95141,00000000675d5200,16.1
56,2019-08-01T22:15:00Z,4b00dd7056a4d971149c8e093198564ca37f458510e125c128a237a3,60.149,24.9843,00000000fffb8cf0,27.28
57,2019-08-01T22:15:00Z,516dff8473654f6d3f21c6eb188ffaf003f7742d48768b3a665843d8,60.17918,24.95141,00000000675d5200,8.38
58,2019-08-01T22:15:00Z,53663e5001a2538f40dea5c64009dc6c0037d16bd71c1a2f7c5b8513,60.16531,24.9442,00000000fdda10fe,38.87
59,2019-08-01T22:15:00Z,584cb0b0cdd14e608c8b57c8aecc9826f9b40027e365e2438a444ea2,60.16762,24.95415,000000006b44cce7,11.7
60,2019-08-01T22:15:00Z,599911539bd9c809d19e0f2e915348a0c7dda4291496a7fa96916d0f,60.16897,24.95222,00000000aa852af1,17.4
61,2019-08-01T22:15:00Z,6339692cb55d50bcbcf07e66710de8481d7d58e5259e19e311e6904d,60.16629,24.95957,00000000fb7600be,20.28
62,2019-08-01T22:15:00Z,6d68d344ed3309959ce5e04496a67ab8dc8d64febe45f00a95323ac7,60.16762,24.95415,000000006b44cce7,20.28
63,2019-08-01T22:15:00Z,73e7715ad2846670aa311f93fca1198ef073052fccad54c28c68038d,60.15133,24.92329,00000000e8a064a4,17.4
64,2019-08-01T22:15:00Z,74cb545f76f0bfc5498607247e26e814276a11ce91f77208054ecbc5,60.17002,24.94407,000000006b087f40,27.28
65,2019-08-01T22:15:00Z,79149b5369bbeb282d0140592fadd1b72a19d2a39208604e9a6c0db2,60.17002,24.94407,000000006b087f40,33.81
66,2019-08-01T22:15:00Z,7dbee7a80e06b25736187bd0e623bbc4547ebaaf3a44799ed5ade22c,60.14947,24.91438,000000004ef3150d,7.05
67,2019-08-01T22:15:00Z,89aacf57a9502d030c80b9529e692124fab33d2e4703fc86b40a509c,60.16897,24.95222,00000000aa852af1,12.69
68,2019-08-01T22:15:00Z,929349ca5834fe59c1307018d2123c78162434af2791c58564226785,60.16762,24.95415,000000006b44cce7,9.12
69,2019-08-01T22:15:00Z,9c6fe5ca735a0b3df18abae8d01dc43a3a1398f1a1e1e29824c51eb4,60.14947,24.91438,000000004ef3150d,8.38
70,2019-08-01T22:15:00Z,9d713c9ce415e473048b45bbb35d6dcdef35cabaca39aa54f2e781a3,60.16531,24.9442,00000000fdda10fe,29.32
71,2019-08-01T22:15:00Z,a724e9432ae52e6795e669fbc75cf6df4653fa55cb50a53c275f5ebc,60.16762,24.95415,000000006b44cce7,21.87
72,2019-08-01T22:15:00Z,b211162ea33baa637e51b442bc7057c47ddcfaf63fee6342745d9497,60.16531,24.9442,00000000fdda10fe,8.38
73,2019-08-01T22:15:00Z,b6b19c3283a0fe626d5c8e3cd689156518aec5b91e2bc1bead1a81e9,60.16531,24.9442,00000000fdda10fe,6.46
74,2019-08-01T22:15:00Z,c281d8697c535bbc8a1b61e0ffb527061fc2fd78a8da7034c03a9ed9,60.16762,24.95415,000000006b44cce7,14.89
75,2019-08-01T22:15:00Z,c9a7cc26e709fd143a850c40a6d5f892996d451cca14e8c46932ad7d,60.16897,24.95222,00000000aa852af1,20.28
76,2019-08-01T22:15:00Z,ed41dbd556c15b85e9b77568173d9e64b56c6aa76cf2333114de5c2a,60.16531,24.9442,00000000fdda10fe,25.36
77,2019-08-01T22:15:00Z,f9399339c3de44774896319d3f291771cebcaf2666df1d6062469882,60.16531,24.9442,00000000fdda10fe,31.5
78,2019-08-01T22:15:01Z,075be70b0c9febdacbaeeb7cd5008912aad9ce85c22f5ee3d6b77e40,60.16897,24.95222,00000000aa852af1,21.87
79,2019-08-01T22:15:01Z,0add92bb629361fdf34a91a86a1f9e3aed5f10895edae2bd32f97fb0,60.14699,24.922,00000000a53ed894,23.56
80,2019-08-01T22:15:01Z,14c7e1511b70f4dd3359cbece1377aebb4d70531f5489eefe53d7c3c,60.16544,24.95398,0000000038d83d41,21.87
81,2019-08-01T22:15:01Z,165ebbb4090d47319ae370f0d0854fdc1f6b79499f8b2e4d3c3533c0,60.16544,24.95398,0000000038d83d41,27.28
82,2019-08-01T22:15:01Z,1d0b0d9002f8f2b7d37394813a510f9162bf378d09c63295b10f3a19,60.17002,24.94407,000000006b087f40,14.89
83,2019-08-01T22:15:01Z,22581e1d9764b88a01034a4cab1a6b02fa4aa770025b9bd340685163,60.15432,24.9211,0000000019fb59c4,11.7
84,2019-08-01T22:15:01Z,24d2f2ddd119efcb13abb0ab2cb53850e9788b6713967ccca4d6e071,60.16897,24.95222,00000000aa852af1,25.36
85,2019-08-01T22:15:01Z,297c725b456ef12d2712634b21546721cbe93224d3a5762d897404f2,60.16762,24.95415,000000006b44cce7,11.7
86,2019-08-01T22:15:01Z,2c94897aa62344f630952ad6032f5d7976419125d126b15c1386c8b1,60.1538,24.95595,0000000038bf9618,21.87
87,2019-08-01T22:15:01Z,351407b43e2d2cbb60e7481f6fea88dcd24a9ea0d5a0f63e5073d365,60.16544,24.95398,0000000038d83d41,23.56
88,2019-08-01T22:15:01Z,3944bc7a301be7241d1f7bc4a97f221000d535ce3d8a9af9af9b23b5,60.16531,24.9442,00000000fdda10fe,25.36
89,2019-08-01T22:15:01Z,3a0b806cc80aa40bb0bf60877e444313b79bfea0bb0eb170a4da6bb8,60.16897,24.95222,00000000aa852af1,12.69
90,2019-08-01T22:15:01Z,41d3af8da554a2f22a1c6596e0da84fd612b70022b5d295e6b4928e7,60.15432,24.9211,0000000019fb59c4,11.7
91,2019-08-01T22:15:01Z,43b676ed3aef4c2d8846694817e76117873be52e7f788e0cb366c1c4,60.16629,24.95957,00000000fb7600be,25.36
92,2019-08-01T22:15:01Z,48b63d4bb575eae6b236e4c9fb933e2fcddc7c7f1e3aed085c190364,60.16897,24.95222,00000000aa852af1,31.5
93,2019-08-01T22:15:01Z,5802343c3c4b09ee3631f03e16ebb38a3b1999d65e3713eb82377455,60.16544,24.95398,0000000038d83d41,25.36
94,2019-08-01T22:15:01Z,59107c0fb745e0aacace35f3eb6888e9aa1cace3ca066219be32fe54,60.16897,24.95222,00000000aa852af1,18.79
95,2019-08-01T22:15:01Z,5bbb5184fded3e51bc78e45e39917794285e6bbc72da404802a9599a,60.16531,24.9442,00000000fdda10fe,20.28
96,2019-08-01T22:15:01Z,5d65719c4cbf045f068d084b72302f447d5fd034413d97d13be00d0e,60.18203,24.91341,00000000342570c2,18.79
97,2019-08-01T22:15:01Z,5eed115a984d490b02b602d73787aee8dc8c4e9365b77fbff3818a76,60.16629,24.95957,00000000fb7600be,21.87
98,2019-08-01T22:15:01Z,6011490fb2e02d0b9d936fa70a06572cb55ffd9a6a7c607cf75c5a71,60.16897,24.95222,00000000aa852af1,25.36
99,2019-08-01T22:15:01Z,6066632ddc94b5c482a2d4f45ed2532e55e3fd63e414a084a596a737,60.16762,24.95415,000000006b44cce7,18.79
100,2019-08-01T22:15:01Z,693099b54f1d14b899f005c233a431270bde084ad2fe05abf597743a,60.16544,24.95398,0000000038d83d41,18.79
101,2019-08-01T22:15:01Z,6a54644283a4f5a6369abe947b4e9faf2ca3c25ef2ea42502cb60c5f,60.15432,24.9211,0000000019fb59c4,25.36
102,2019-08-01T22:15:01Z,6f06341f358e61699fe1e55e986dd0554bc8da28b91daf0c5ad99db6,60.16629,24.95957,00000000fb7600be,29.32
103,2019-08-01T22:15:01Z,6ff437688c444238352c28f64f9d2a7d0f14d19c9ea42c225380501e,60.16762,24.95415,000000006b44cce7,20.28
104,2019-08-01T22:15:01Z,71f1ccf548a0ec676009a1185a36ad6c18191be59b397e8261d67443,60.16762,24.95415,000000006b44cce7,9.12
105,2019-08-01T22:15:01Z,747f2d1ebff218c0ebbdc0fdaef4cbe56633dfb46ae1b1f8c8142201,60.16762,24.95415,000000006b44cce7,20.28
106,2019-08-01T22:15:01Z,77839e655f856d5295739c2388237a95b399c3b8a4f659cd1345d939,60.16829,24.94214,00000000afef4555,23.56
107,2019-08-01T22:15:01Z,7a3db40d91e137d1381ac690a78039878e0baa317ed9a7cd6882df27,60.16762,24.95415,000000006b44cce7,21.87
108,2019-08-01T22:15:01Z,7e9a43fd9918108a1e1f68ee62b044bd361736c1b4ab9261f449fe31,60.15133,24.92329,00000000e8a064a4,17.4
109,2019-08-01T22:15:01Z,87dfaad29a9276ddddb1fa021d3bc23ad14824c1af16f7d87e713689,60.14951,24.92138,0000000006dd41f6,7.05
110,2019-08-01T22:15:01Z,8c75c3289c84fe4493e1e272a77b615fe1985880c5dc68a7c1a17b53,60.16762,24.95415,000000006b44cce7,9.92
111,2019-08-01T22:15:01Z,8cc6ddaa460aeae8cc9e8a33f91a01c8cd4c0c8bf8a943210a28c84d,60.1538,24.95595,0000000038bf9618,23.56
112,2019-08-01T22:15:01Z,91d3b80de4439a4a49ddb8a04d72a0a2ec6c08f351d70232842af567,60.16762,24.95415,000000006b44cce7,21.87
113,2019-08-01T22:15:01Z,9843c6216661048343a0e49cf3d8aa2883cf77f452666a1c873a1052,60.16448,24.97323,0000000053c6c2be,14.89
114,2019-08-01T22:15:01Z,9a3441615c7a95dad7af50ae16b0ac928f9d84ea590ac67cfa97ef1e,60.16544,24.95398,0000000038d83d41,17.4
115,2019-08-01T22:15:01Z,9bc8068948a5b881e1bded553efe012fe129e3e4df62f64a6724917e,60.16829,24.94214,00000000afef4555,33.81
116,2019-08-01T22:15:01Z,9e542b3a7effec1e348e152448282ff99d56cacba9ecdb492a7dd572,60.1538,24.95595,0000000038bf9618,14.89
117,2019-08-01T22:15:01Z,a1ba09b019cae8df2ec9396f46a163e5b29858a11380955ed9605985,60.15432,24.9211,0000000019fb59c4,16.1
118,2019-08-01T22:15:01Z,a91d379a4b57c5df22db0d7a041ff69f657b4b31f28554b1011fc03c,60.16544,24.95398,0000000038d83d41,36.27
119,2019-08-01T22:15:01Z,b33ae7715d6d2571066655c2c8954a5a364b5601869047de83410d9f,60.16629,24.95957,00000000fb7600be,29.32
120,2019-08-01T22:15:01Z,b5fd6b317890e5ab2d79e2cd1abe61626d45a753c7337d0d40728898,60.16762,24.95415,000000006b44cce7,7.05
121,2019-08-01T22:15:01Z,bc47f02c87cebb9928c25d0ad0c1e77fa507b77e58f60e2420264dea,60.15432,24.9211,0000000019fb59c4,12.69
122,2019-08-01T22:15:01Z,c40c37def6bf11a63a2556519a7c6233fd417cdeea2cf14f28e7c42c,60.16531,24.9442,00000000fdda10fe,25.36
123,2019-08-01T22:15:01Z,c4987065b4c4cb235c676c77aac913aa95281a4e8a18412aceaaea00,60.17002,24.94407,000000006b087f40,27.28
124,2019-08-01T22:15:01Z,ce4d251a2c6b56d67533935f9c53278886ef447f18ddca76b92d9335,60.16897,24.95222,00000000aa852af1,11.7
125,2019-08-01T22:15:01Z,cf05623e4d87ce0906c0b0b7dbf53aacc1228016cd27c341228b6e76,60.18203,24.91341,00000000342570c2,17.4
126,2019-08-01T22:15:01Z,f088630d7476dae7d4b7e2bb1f10575f2c89acb4b6e061f3d57c2b40,60.16531,24.9442,00000000fdda10fe,36.27
127,2019-08-01T22:15:01Z,fc4f3a44235f1cfc7b53f14ba2da599976a5a0a220d23b852688e485,60.17918,24.95141,00000000675d5200,27.28
128,2019-08-01T22:15:01Z,12d93be066967a6e3658b976b2d174658a4e939675ac240c6cd7d084,60.16629,24.95957,00000000fb7600be,17.4
129,2019-08-01T22:15:01Z,139061e8a6c5cfbae30c82545ac7ea95fa7319c265609e4656c099bd,60.16762,24.95415,000000006b44cce7,14.89
130,2019-08-01T22:15:01Z,1dacfb371d75dd4f90f447aac2a00faad98beb4188a6971c19eb2375,60.16629,24.95957,00000000fb7600be,21.87
131,2019-08-01T22:15:01Z,1ecbc7c6afe89033252e5510cbb893666af2b3bc29f555a3a6287fdb,60.14951,24.92138,0000000006dd41f6,5.41
132,2019-08-01T22:15:01Z,2970ecf01426390fc2f4e429f4eccfe3f7737b3d9c588d67fb9b7a93,60.16829,24.94214,00000000afef4555,16.1
133,2019-08-01T22:15:01Z,36d1b964ad525e3a74988ce7f6ee673087768bebc267cd17e34c21df,60.16629,24.95957,00000000fb7600be,11.7
134,2019-08-01T22:15:01Z,3d683ddf0327552d69512f8cee9f1829d339478ab4c3843894d0acc2,60.17918,24.95141,00000000675d5200,31.5
135,2019-08-01T22:15:01Z,4b00dd7056a4d971149c8e093198564ca37f458510e125c128a237a3,60.149,24.9843,00000000fffb8cf0,25.36
136,2019-08-01T22:15:01Z,516dff8473654f6d3f21c6eb188ffaf003f7742d48768b3a665843d8,60.17918,24.95141,00000000675d5200,16.1
137,2019-08-01T22:15:01Z,53663e5001a2538f40dea5c64009dc6c0037d16bd71c1a2f7c5b8513,60.16531,24.9442,00000000fdda10fe,33.81
138,2019-08-01T22:15:01Z,562cb8f6e35ed1f148784dba0ec444de0bfe82890def30e57d2cea56,60.16762,24.95415,000000006b44cce7,20.28
139,2019-08-01T22:15:01Z,584cb0b0cdd14e608c8b57c8aecc9826f9b40027e365e2438a444ea2,60.16762,24.95415,000000006b44cce7,9.92
140,2019-08-01T22:15:01Z,62b3d7f4e9feb930b5bcc8228543b2325bfbaa13681cb2426419c223,60.16762,24.95415,000000006b44cce7,27.28
141,2019-08-01T22:15:01Z,6339692cb55d50bcbcf07e66710de8481d7d58e5259e19e311e6904d,60.16629,24.95957,00000000fb7600be,18.79
142,2019-08-01T22:15:01Z,666f5bf7caf1c480777644bc630cac3c297e7a582c233938bd366c17,60.16448,24.97323,0000000053c6c2be,38.87
143,2019-08-01T22:15:01Z,6d68d344ed3309959ce5e04496a67ab8dc8d64febe45f00a95323ac7,60.16762,24.95415,000000006b44cce7,21.87
144,2019-08-01T22:15:01Z,73e7715ad2846670aa311f93fca1198ef073052fccad54c28c68038d,60.15133,24.92329,00000000e8a064a4,17.4
145,2019-08-01T22:15:01Z,7dbee7a80e06b25736187bd0e623bbc4547ebaaf3a44799ed5ade22c,60.14947,24.91438,000000004ef3150d,7.05
146,2019-08-01T22:15:01Z,85702fc6eb80e93f4f30f44e9f50a7a39db67084d3e9a905d8559c28,60.16897,24.95222,00000000aa852af1,20.28
147,2019-08-01T22:15:01Z,89aacf57a9502d030c80b9529e692124fab33d2e4703fc86b40a509c,60.16897,24.95222,00000000aa852af1,13.75
148,2019-08-01T22:15:01Z,929349ca5834fe59c1307018d2123c78162434af2791c58564226785,60.16762,24.95415,000000006b44cce7,11.7
149,2019-08-01T22:15:01Z,934d0b0814cf2cd73a714d825599c8753be59ed44d807a63ff49f0a7,60.16762,24.95415,000000006b44cce7,5.41
150,2019-08-01T22:15:01Z,99a026b5100e23129fa529e9a57a3dbc8490dc03b58f2193f03e2dcf,60.16531,24.9442,00000000fdda10fe,20.28
151,2019-08-01T22:15:01Z,9c6fe5ca735a0b3df18abae8d01dc43a3a1398f1a1e1e29824c51eb4,60.14947,24.91438,000000004ef3150d,8.38
152,2019-08-01T22:15:01Z,9de83fd47c68d3fc3b29b34751a9b5765ee7917312ef0f83a0e93c2e,60.17002,24.94407,000000006b087f40,23.56
153,2019-08-01T22:15:01Z,a724e9432ae52e6795e669fbc75cf6df4653fa55cb50a53c275f5ebc,60.16762,24.95415,000000006b44cce7,21.87
154,2019-08-01T22:15:01Z,b211162ea33baa637e51b442bc7057c47ddcfaf63fee6342745d9497,60.16531,24.9442,00000000fdda10fe,9.12
155,2019-08-01T22:15:01Z,b6b19c3283a0fe626d5c8e3cd689156518aec5b91e2bc1bead1a81e9,60.16531,24.9442,00000000fdda10fe,7.05
156,2019-08-01T22:15:01Z,c281d8697c535bbc8a1b61e0ffb527061fc2fd78a8da7034c03a9ed9,60.16762,24.95415,000000006b44cce7,13.75
157,2019-08-01T22:15:01Z,c9a7cc26e709fd143a850c40a6d5f892996d451cca14e8c46932ad7d,60.16897,24.95222,00000000aa852af1,13.75
158,2019-08-01T22:15:01Z,cc14045498af3891266542001ea0451e9d76ae0f84829f749bb16f7e,60.18203,24.91341,00000000342570c2,31.5
159,2019-08-01T22:15:01Z,d12d0f24ae6b28b3a7721f30ee94fc876fe07633d7cedbfa3d861306,60.14699,24.922,00000000a53ed894,23.56
160,2019-08-01T22:15:01Z,f9399339c3de44774896319d3f291771cebcaf2666df1d6062469882,60.16531,24.9442,00000000fdda10fe,23.56
161,2019-08-01T22:15:02Z,075be70b0c9febdacbaeeb7cd5008912aad9ce85c22f5ee3d6b77e40,60.16897,24.95222,00000000aa852af1,18.79
162,2019-08-01T22:15:02Z,0add92bb629361fdf34a91a86a1f9e3aed5f10895edae2bd32f97fb0,60.14699,24.922,00000000a53ed894,21.87
163,2019-08-01T22:15:02Z,14c7e1511b70f4dd3359cbece1377aebb4d70531f5489eefe53d7c3c,60.16544,24.95398,0000000038d83d41,23.56
164,2019-08-01T22:15:02Z,165ebbb4090d47319ae370f0d0854fdc1f6b79499f8b2e4d3c3533c0,60.16544,24.95398,0000000038d83d41,27.28
165,2019-08-01T22:15:02Z,1d0b0d9002f8f2b7d37394813a510f9162bf378d09c63295b10f3a19,60.17002,24.94407,000000006b087f40,16.1
166,2019-08-01T22:15:02Z,22581e1d9764b88a01034a4cab1a6b02fa4aa770025b9bd340685163,60.15432,24.9211,0000000019fb59c4,14.89
167,2019-08-01T22:15:02Z,24d2f2ddd119efcb13abb0ab2cb53850e9788b6713967ccca4d6e071,60.16897,24.95222,00000000aa852af1,25.36
168,2019-08-01T22:15:02Z,297c725b456ef12d2712634b21546721cbe93224d3a5762d897404f2,60.16762,24.95415,000000006b44cce7,11.7
169,2019-08-01T22:15:02Z,2c94897aa62344f630952ad6032f5d7976419125d126b15c1386c8b1,60.1538,24.95595,0000000038bf9618,25.36
170,2019-08-01T22:15:02Z,351407b43e2d2cbb60e7481f6fea88dcd24a9ea0d5a0f63e5073d365,60.16544,24.95398,0000000038d83d41,25.36
171,2019-08-01T22:15:02Z,3a0b806cc80aa40bb0bf60877e444313b79bfea0bb0eb170a4da6bb8,60.16897,24.95222,00000000aa852af1,17.4
172,2019-08-01T22:15:02Z,41d3af8da554a2f22a1c6596e0da84fd612b70022b5d295e6b4928e7,60.15432,24.9211,0000000019fb59c4,11.7
173,2019-08-01T22:15:02Z,43b676ed3aef4c2d8846694817e76117873be52e7f788e0cb366c1c4,60.16629,24.95957,00000000fb7600be,23.56
174,2019-08-01T22:15:02Z,48b63d4bb575eae6b236e4c9fb933e2fcddc7c7f1e3aed085c190364,60.16897,24.95222,00000000aa852af1,31.5
175,2019-08-01T22:15:02Z,59107c0fb745e0aacace35f3eb6888e9aa1cace3ca066219be32fe54,60.16897,24.95222,00000000aa852af1,20.28
176,2019-08-01T22:15:02Z,5bbb5184fded3e51bc78e45e39917794285e6bbc72da404802a9599a,60.16531,24.9442,00000000fdda10fe,20.28
177,2019-08-01T22:15:02Z,5d65719c4cbf045f068d084b72302f447d5fd034413d97d13be00d0e,60.18203,24.91341,00000000342570c2,17.4
178,2019-08-01T22:15:02Z,5eed115a984d490b02b602d73787aee8dc8c4e9365b77fbff3818a76,60.16629,24.95957,00000000fb7600be,21.87
179,2019-08-01T22:15:02Z,6011490fb2e02d0b9d936fa70a06572cb55ffd9a6a7c607cf75c5a71,60.16897,24.95222,00000000aa852af1,23.56
180,2019-08-01T22:15:02Z,6066632ddc94b5c482a2d4f45ed2532e55e3fd63e414a084a596a737,60.16762,24.95415,000000006b44cce7,20.28
181,2019-08-01T22:15:02Z,693099b54f1d14b899f005c233a431270bde084ad2fe05abf597743a,60.16544,24.95398,0000000038d83d41,10.78
182,2019-08-01T22:15:02Z,6a54644283a4f5a6369abe947b4e9faf2ca3c25ef2ea42502cb60c5f,60.15432,24.9211,0000000019fb59c4,14.89
183,2019-08-01T22:15:02Z,6f06341f358e61699fe1e55e986dd0554bc8da28b91daf0c5ad99db6,60.16629,24.95957,00000000fb7600be,20.28
184,2019-08-01T22:15:02Z,71f1ccf548a0ec676009a1185a36ad6c18191be59b397e8261d67443,60.16762,24.95415,000000006b44cce7,5.91
185,2019-08-01T22:15:02Z,747f2d1ebff218c0ebbdc0fdaef4cbe56633dfb46ae1b1f8c8142201,60.16762,24.95415,000000006b44cce7,20.28
186,2019-08-01T22:15:02Z,77839e655f856d5295739c2388237a95b399c3b8a4f659cd1345d939,60.16829,24.94214,00000000afef4555,20.28
187,2019-08-01T22:15:02Z,78d5f60b36b59c06c3988b94e11744bb3aed5dcbc214f91f228bf892,60.16448,24.97323,0000000053c6c2be,27.28
188,2019-08-01T22:15:02Z,7e9a43fd9918108a1e1f68ee62b044bd361736c1b4ab9261f449fe31,60.15133,24.92329,00000000e8a064a4,18.79
189,2019-08-01T22:15:02Z,87dfaad29a9276ddddb1fa021d3bc23ad14824c1af16f7d87e713689,60.14951,24.92138,0000000006dd41f6,11.7
190,2019-08-01T22:15:02Z,89982a6acf91b79a282a6b63978e946ee205f303fcd20e944e06baf0,60.16544,24.95398,0000000038d83d41,27.28
191,2019-08-01T22:15:02Z,8c75c3289c84fe4493e1e272a77b615fe1985880c5dc68a7c1a17b53,60.16762,24.95415,000000006b44cce7,9.92
192,2019-08-01T22:15:02Z,8cc6ddaa460aeae8cc9e8a33f91a01c8cd4c0c8bf8a943210a28c84d,60.1538,24.95595,0000000038bf9618,25.36
193,2019-08-01T22:15:02Z,9041c42fbb1cf987ee209454d6f5fab418a20e06fd7625460be30fa6,60.16531,24.9442,00000000fdda10fe,36.27
194,2019-08-01T22:15:02Z,91d3b80de4439a4a49ddb8a04d72a0a2ec6c08f351d70232842af567,60.16762,24.95415,000000006b44cce7,25.36
195,2019-08-01T22:15:02Z,9843c6216661048343a0e49cf3d8aa2883cf77f452666a1c873a1052,60.16448,24.97323,0000000053c6c2be,14.89
196,2019-08-01T22:15:02Z,9a3441615c7a95dad7af50ae16b0ac928f9d84ea590ac67cfa97ef1e,60.16544,24.95398,0000000038d83d41,18.79
197,2019-08-01T22:15:02Z,9e542b3a7effec1e348e152448282ff99d56cacba9ecdb492a7dd572,60.1538,24.95595,0000000038bf9618,25.36
198,2019-08-01T22:15:02Z,a1ba09b019cae8df2ec9396f46a163e5b29858a11380955ed9605985,60.15432,24.9211,0000000019fb59c4,12.69
199,2019-08-01T22:15:02Z,a91d379a4b57c5df22db0d7a041ff69f657b4b31f28554b1011fc03c,60.16544,24.95398,0000000038d83d41,33.81
200,2019-08-01T22:15:02Z,b33ae7715d6d2571066655c2c8954a5a364b5601869047de83410d9f,60.16629,24.95957,00000000fb7600be,21.87
201,2019-08-01T22:15:02Z,b5fd6b317890e5ab2d79e2cd1abe61626d45a753c7337d0d40728898,60.16762,24.95415,000000006b44cce7,7.69
202,2019-08-01T22:15:02Z,bc47f02c87cebb9928c25d0ad0c1e77fa507b77e58f60e2420264dea,60.15432,24.9211,0000000019fb59c4,18.79
203,2019-08-01T22:15:02Z,c40c37def6bf11a63a2556519a7c6233fd417cdeea2cf14f28e7c42c,60.16531,24.9442,00000000fdda10fe,21.87
204,2019-08-01T22:15:02Z,c4987065b4c4cb235c676c77aac913aa95281a4e8a18412aceaaea00,60.17002,24.94407,000000006b087f40,25.36
205,2019-08-01T22:15:02Z,ce4d251a2c6b56d67533935f9c53278886ef447f18ddca76b92d9335,60.16897,24.95222,00000000aa852af1,9.92
206,2019-08-01T22:15:02Z,cf05623e4d87ce0906c0b0b7dbf53aacc1228016cd27c341228b6e76,60.18203,24.91341,00000000342570c2,18.79
207,2019-08-01T22:15:02Z,fc4f3a44235f1cfc7b53f14ba2da599976a5a0a220d23b852688e485,60.17918,24.95141,00000000675d5200,31.5
208,2019-08-01T22:15:02Z,12d93be066967a6e3658b976b2d174658a4e939675ac240c6cd7d084,60.16629,24.95957,00000000fb7600be,16.1
209,2019-08-01T22:15:02Z,139061e8a6c5cfbae30c82545ac7ea95fa7319c265609e4656c099bd,60.16762,24.95415,000000006b44cce7,14.89
210,2019-08-01T22:15:02Z,18567525c56d0b09e72badfaa78b053244e1b27bb4e531aedc1dcd51,60.16897,24.95222,00000000aa852af1,25.36
211,2019-08-01T22:15:02Z,1bc8c7193161452434ff3c1e7d26772a5f4744767e7ebc1c6cdae599,60.17002,24.94407,000000006b087f40,27.28
212,2019-08-01T22:15:02Z,1dacfb371d75dd4f90f447aac2a00faad98beb4188a6971c19eb2375,60.16629,24.95957,00000000fb7600be,29.32
213,2019-08-01T22:15:02Z,1ecbc7c6afe89033252e5510cbb893666af2b3bc29f555a3a6287fdb,60.14951,24.92138,0000000006dd41f6,3.09
214,2019-08-01T22:15:02Z,2970ecf01426390fc2f4e429f4eccfe3f7737b3d9c588d67fb9b7a93,60.16829,24.94214,00000000afef4555,14.89
215,2019-08-01T22:15:02Z,36d1b964ad525e3a74988ce7f6ee673087768bebc267cd17e34c21df,60.16629,24.95957,00000000fb7600be,14.89
216,2019-08-01T22:15:02Z,3a56520041fa98e24528b53c611f4f6adcef8f823cf76d4f3d6239a8,60.16762,24.95415,000000006b44cce7,18.79
217,2019-08-01T22:15:02Z,3d683ddf0327552d69512f8cee9f1829d339478ab4c3843894d0acc2,60.17918,24.95141,00000000675d5200,14.89
218,2019-08-01T22:15:02Z,4b00dd7056a4d971149c8e093198564ca37f458510e125c128a237a3,60.149,24.9843,00000000fffb8cf0,21.87
219,2019-08-01T22:15:02Z,516dff8473654f6d3f21c6eb188ffaf003f7742d48768b3a665843d8,60.17918,24.95141,00000000675d5200,9.12
220,2019-08-01T22:15:02Z,584cb0b0cdd14e608c8b57c8aecc9826f9b40027e365e2438a444ea2,60.16762,24.95415,000000006b44cce7,17.4
221,2019-08-01T22:15:02Z,599911539bd9c809d19e0f2e915348a0c7dda4291496a7fa96916d0f,60.16897,24.95222,00000000aa852af1,18.79
222,2019-08-01T22:15:02Z,6339692cb55d50bcbcf07e66710de8481d7d58e5259e19e311e6904d,60.16629,24.95957,00000000fb7600be,21.87
223,2019-08-01T22:15:02Z,6d68d344ed3309959ce5e04496a67ab8dc8d64febe45f00a95323ac7,60.16762,24.95415,000000006b44cce7,21.87
224,2019-08-01T22:15:02Z,73e7715ad2846670aa311f93fca1198ef073052fccad54c28c68038d,60.15133,24.92329,00000000e8a064a4,18.79
225,2019-08-01T22:15:02Z,7dbee7a80e06b25736187bd0e623bbc4547ebaaf3a44799ed5ade22c,60.14947,24.91438,000000004ef3150d,7.05
226,2019-08-01T22:15:02Z,89aacf57a9502d030c80b9529e692124fab33d2e4703fc86b40a509c,60.16897,24.95222,00000000aa852af1,14.89
227,2019-08-01T22:15:02Z,929349ca5834fe59c1307018d2123c78162434af2791c58564226785,60.16762,24.95415,000000006b44cce7,16.1
228,2019-08-01T22:15:02Z,9b6de9c14afd68a17b50651584a96379623af0f880c4ac4e5a84ee93,60.16531,24.9442,00000000fdda10fe,33.81
229,2019-08-01T22:15:02Z,9c6fe5ca735a0b3df18abae8d01dc43a3a1398f1a1e1e29824c51eb4,60.14947,24.91438,000000004ef3150d,8.38
230,2019-08-01T22:15:02Z,9d713c9ce415e473048b45bbb35d6dcdef35cabaca39aa54f2e781a3,60.16531,24.9442,00000000fdda10fe,33.81
231,2019-08-01T22:15:02Z,9de83fd47c68d3fc3b29b34751a9b5765ee7917312ef0f83a0e93c2e,60.17002,24.94407,000000006b087f40,21.87
232,2019-08-01T22:15:02Z,a724e9432ae52e6795e669fbc75cf6df4653fa55cb50a53c275f5ebc,60.16762,24.95415,000000006b44cce7,23.56
233,2019-08-01T22:15:02Z,b211162ea33baa637e51b442bc7057c47ddcfaf63fee6342745d9497,60.16531,24.9442,00000000fdda10fe,8.38
234,2019-08-01T22:15:02Z,b50a22065c73b3e378103b2992915bf5176dcc0d5661b131114901a8,60.16829,24.94214,00000000afef4555,31.5
235,2019-08-01T22:15:02Z,b6b19c3283a0fe626d5c8e3cd689156518aec5b91e2bc1bead1a81e9,60.16531,24.9442,00000000fdda10fe,13.75
236,2019-08-01T22:15:02Z,c281d8697c535bbc8a1b61e0ffb527061fc2fd78a8da7034c03a9ed9,60.16762,24.95415,000000006b44cce7,14.89
237,2019-08-01T22:15:02Z,c9a7cc26e709fd143a850c40a6d5f892996d451cca14e8c46932ad7d,60.16897,24.95222,00000000aa852af1,13.75
238,2019-08-01T22:15:02Z,c9ce14e0dbf0cf3c24f6a92a1930fa32de9a1de0ffe63082ccddb0d6,60.16448,24.97323,0000000053c6c2be,18.79
239,2019-08-01T22:15:02Z,d12d0f24ae6b28b3a7721f30ee94fc876fe07633d7cedbfa3d861306,60.14699,24.922,00000000a53ed894,20.28
240,2019-08-01T22:15:02Z,d8dc6e1a39289a8bff387c465827fa3aeac4aab17162f3d5e9d4f049,60.16897,24.95222,00000000aa852af1,20.28
241,2019-08-01T22:15:02Z,e2d43796a0f24e2af9b825ed0f9113b500fef21e5a0f586f4a6c428e,60.16762,24.95415,000000006b44cce7,20.28
242,2019-08-01T22:15:02Z,ed41dbd556c15b85e9b77568173d9e64b56c6aa76cf2333114de5c2a,60.16531,24.9442,00000000fdda10fe,21.87
243,2019-08-01T22:15:02Z,f9399339c3de44774896319d3f291771cebcaf2666df1d6062469882,60.16531,24.9442,00000000fdda10fe,27.28
244,2019-08-01T22:15:03Z,075be70b0c9febdacbaeeb7cd5008912aad9ce85c22f5ee3d6b77e40,60.16897,24.95222,00000000aa852af1,23.56
245,2019-08-01T22:15:03Z,0add92bb629361fdf34a91a86a1f9e3aed5f10895edae2bd32f97fb0,60.14699,24.922,00000000a53ed894,20.28
246,2019-08-01T22:15:03Z,14c7e1511b70f4dd3359cbece1377aebb4d70531f5489eefe53d7c3c,60.16544,24.95398,0000000038d83d41,21.87
247,2019-08-01T22:15:03Z,165ebbb4090d47319ae370f0d0854fdc1f6b79499f8b2e4d3c3533c0,60.16544,24.95398,0000000038d83d41,33.81
248,2019-08-01T22:15:03Z,1d0b0d9002f8f2b7d37394813a510f9162bf378d09c63295b10f3a19,60.17002,24.94407,000000006b087f40,16.1
249,2019-08-01T22:15:03Z,22581e1d9764b88a01034a4cab1a6b02fa4aa770025b9bd340685163,60.15432,24.9211,0000000019fb59c4,18.79
250,2019-08-01T22:15:03Z,24d2f2ddd119efcb13abb0ab2cb53850e9788b6713967ccca4d6e071,60.16897,24.95222,00000000aa852af1,29.32
251,2019-08-01T22:15:03Z,297c725b456ef12d2712634b21546721cbe93224d3a5762d897404f2,60.16762,24.95415,000000006b44cce7,10.78
252,2019-08-01T22:15:03Z,2c94897aa62344f630952ad6032f5d7976419125d126b15c1386c8b1,60.1538,24.95595,0000000038bf9618,21.87
253,2019-08-01T22:15:03Z,351407b43e2d2cbb60e7481f6fea88dcd24a9ea0d5a0f63e5073d365,60.16544,24.95398,0000000038d83d41,31.5
254,2019-08-01T22:15:03Z,3944bc7a301be7241d1f7bc4a97f221000d535ce3d8a9af9af9b23b5,60.16531,24.9442,00000000fdda10fe,29.32
255,2019-08-01T22:15:03Z,3a0b806cc80aa40bb0bf60877e444313b79bfea0bb0eb170a4da6bb8,60.16897,24.95222,00000000aa852af1,13.75
256,2019-08-01T22:15:03Z,41d3af8da554a2f22a1c6596e0da84fd612b70022b5d295e6b4928e7,60.15432,24.9211,0000000019fb59c4,25.36
257,2019-08-01T22:15:03Z,43b676ed3aef4c2d8846694817e76117873be52e7f788e0cb366c1c4,60.16629,24.95957,00000000fb7600be,25.36
258,2019-08-01T22:15:03Z,541cdde5332ed33dd6e2f47bc3091d8251b2992ea15305b741d7fa7c,60.16531,24.9442,00000000fdda10fe,36.27
259,2019-08-01T22:15:03Z,59107c0fb745e0aacace35f3eb6888e9aa1cace3ca066219be32fe54,60.16897,24.95222,00000000aa852af1,18.79
260,2019-08-01T22:15:03Z,5bbb5184fded3e51bc78e45e39917794285e6bbc72da404802a9599a,60.16531,24.9442,00000000fdda10fe,18.79
261,2019-08-01T22:15:03Z,5d65719c4cbf045f068d084b72302f447d5fd034413d97d13be00d0e,60.18203,24.91341,00000000342570c2,20.28
262,2019-08-01T22:15:03Z,5eed115a984d490b02b602d73787aee8dc8c4e9365b77fbff3818a76,60.16629,24.95957,00000000fb7600be,20.28
263,2019-08-01T22:15:03Z,6011490fb2e02d0b9d936fa70a06572cb55ffd9a6a7c607cf75c5a71,60.16897,24.95222,00000000aa852af1,29.32
264,2019-08-01T22:15:03Z,693099b54f1d14b899f005c233a431270bde084ad2fe05abf597743a,60.16544,24.95398,0000000038d83d41,17.4
265,2019-08-01T22:15:03Z,6a54644283a4f5a6369abe947b4e9faf2ca3c25ef2ea42502cb60c5f,60.15432,24.9211,0000000019fb59c4,14.89
266,2019-08-01T22:15:03Z,6f06341f358e61699fe1e55e986dd0554bc8da28b91daf0c5ad99db6,60.16629,24.95957,00000000fb7600be,20.28
267,2019-08-01T22:15:03Z,6ff437688c444238352c28f64f9d2a7d0f14d19c9ea42c225380501e,60.16762,24.95415,000000006b44cce7,21.87
268,2019-08-01T22:15:03Z,71f1ccf548a0ec676009a1185a36ad6c18191be59b397e8261d67443,60.16762,24.95415,000000006b44cce7,9.12
269,2019-08-01T22:15:03Z,747f2d1ebff218c0ebbdc0fdaef4cbe56633dfb46ae1b1f8c8142201,60.16762,24.95415,000000006b44cce7,23.56
270,2019-08-01T22:15:03Z,78d5f60b36b59c06c3988b94e11744bb3aed5dcbc214f91f228bf892,60.16448,24.97323,0000000053c6c2be,31.5
271,2019-08-01T22:15:03Z,7a3db40d91e137d1381ac690a78039878e0baa317ed9a7cd6882df27,60.16762,24.95415,000000006b44cce7,21.87
272,2019-08-01T22:15:03Z,87dfaad29a9276ddddb1fa021d3bc23ad14824c1af16f7d87e713689,60.14951,24.92138,0000000006dd41f6,7.69
273,2019-08-01T22:15:03Z,89982a6acf91b79a282a6b63978e946ee205f303fcd20e944e06baf0,60.16544,24.95398,0000000038d83d41,31.5
274,2019-08-01T22:15:03Z,8c75c3289c84fe4493e1e272a77b615fe1985880c5dc68a7c1a17b53,60.16762,24.95415,000000006b44cce7,9.92
275,2019-08-01T22:15:03Z,8cc6ddaa460aeae8cc9e8a33f91a01c8cd4c0c8bf8a943210a28c84d,60.1538,24.95595,0000000038bf9618,38.87
276,2019-08-01T22:15:03Z,9041c42fbb1cf987ee209454d6f5fab418a20e06fd7625460be30fa6,60.16531,24.9442,00000000fdda10fe,33.81
277,2019-08-01T22:15:03Z,91d3b80de4439a4a49ddb8a04d72a0a2ec6c08f351d70232842af567,60.16762,24.95415,000000006b44cce7,21.87
278,2019-08-01T22:15:03Z,9843c6216661048343a0e49cf3d8aa2883cf77f452666a1c873a1052,60.16448,24.97323,0000000053c6c2be,16.1
279,2019-08-01T22:15:03Z,9a3441615c7a95dad7af50ae16b0ac928f9d84ea590ac67cfa97ef1e,60.16544,24.95398,0000000038d83d41,17.4
280,2019-08-01T22:15:03Z,9e542b3a7effec1e348e152448282ff99d56cacba9ecdb492a7dd572,60.1538,24.95595,0000000038bf9618,16.1
281,2019-08-01T22:15:03Z,a1ba09b019cae8df2ec9396f46a163e5b29858a11380955ed9605985,60.15432,24.9211,0000000019fb59c4,13.75
282,2019-08-01T22:15:03Z,a91d379a4b57c5df22db0d7a041ff69f657b4b31f28554b1011fc03c,60.16544,24.95398,0000000038d83d41,29.32
283,2019-08-01T22:15:03Z,b33ae7715d6d2571066655c2c8954a5a364b5601869047de83410d9f,60.16629,24.95957,00000000fb7600be,29.32
284,2019-08-01T22:15:03Z,b5fd6b317890e5ab2d79e2cd1abe61626d45a753c7337d0d40728898,60.16762,24.95415,000000006b44cce7,7.05
285,2019-08-01T22:15:03Z,bc47f02c87cebb9928c25d0ad0c1e77fa507b77e58f60e2420264dea,60.15432,24.9211,0000000019fb59c4,12.69
286,2019-08-01T22:15:03Z,c40c37def6bf11a63a2556519a7c6233fd417cdeea2cf14f28e7c42c,60.16531,24.9442,00000000fdda10fe,29.32
287,2019-08-01T22:15:03Z,c4987065b4c4cb235c676c77aac913aa95281a4e8a18412aceaaea00,60.17002,24.94407,000000006b087f40,25.36
288,2019-08-01T22:15:03Z,ce4d251a2c6b56d67533935f9c53278886ef447f18ddca76b92d9335,60.16897,24.95222,00000000aa852af1,11.7
289,2019-08-01T22:15:03Z,cf05623e4d87ce0906c0b0b7dbf53aacc1228016cd27c341228b6e76,60.18203,24.91341,00000000342570c2,20.28
290,2019-08-01T22:15:03Z,ed70dda6b7faebd4340dacdb452ab224d9d3c308df417b7fa76f54e8,60.15133,24.92329,00000000e8a064a4,47.69
291,2019-08-01T22:15:03Z,fc4f3a44235f1cfc7b53f14ba2da599976a5a0a220d23b852688e485,60.17918,24.95141,00000000675d5200,29.32
292,2019-08-01T22:15:03Z,12d93be066967a6e3658b976b2d174658a4e939675ac240c6cd7d084,60.16629,24.95957,00000000fb7600be,16.1
293,2019-08-01T22:15:03Z,18567525c56d0b09e72badfaa78b053244e1b27bb4e531aedc1dcd51,60.16897,24.95222,00000000aa852af1,27.28
294,2019-08-01T22:15:03Z,1bc8c7193161452434ff3c1e7d26772a5f4744767e7ebc1c6cdae599,60.17002,24.94407,000000006b087f40,27.28
295,2019-08-01T22:15:03Z,1dacfb371d75dd4f90f447aac2a00faad98beb4188a6971c19eb2375,60.16629,24.95957,00000000fb7600be,27.28
296,2019-08-01T22:15:03Z,1ecbc7c6afe89033252e5510cbb893666af2b3bc29f555a3a6287fdb,60.14951,24.92138,0000000006dd41f6,5.91
297,2019-08-01T22:15:03Z,2970ecf01426390fc2f4e429f4eccfe3f7737b3d9c588d67fb9b7a93,60.16829,24.94214,00000000afef4555,18.79
298,2019-08-01T22:15:03Z,2b3f636658a1455185b5562bcd003371824214cd6b285ff9a6c7c6bb,60.16762,24.95415,000000006b44cce7,16.1
299,2019-08-01T22:15:03Z,36d1b964ad525e3a74988ce7f6ee673087768bebc267cd17e34c21df,60.16629,24.95957,00000000fb7600be,13.75
300,2019-08-01T22:15:03Z,3a56520041fa98e24528b53c611f4f6adcef8f823cf76d4f3d6239a8,60.16762,24.95415,000000006b44cce7,25.36
301,2019-08-01T22:15:03Z,3d683ddf0327552d69512f8cee9f1829d339478ab4c3843894d0acc2,60.17918,24.95141,00000000675d5200,33.81
302,2019-08-01T22:15:03Z,4b00dd7056a4d971149c8e093198564ca37f458510e125c128a237a3,60.149,24.9843,00000000fffb8cf0,23.56
303,2019-08-01T22:15:03Z,516dff8473654f6d3f21c6eb188ffaf003f7742d48768b3a665843d8,60.17918,24.95141,00000000675d5200,8.38
304,2019-08-01T22:15:03Z,53663e5001a2538f40dea5c64009dc6c0037d16bd71c1a2f7c5b8513,60.16531,24.9442,00000000fdda10fe,31.5
305,2019-08-01T22:15:03Z,54aec80f83440c64d4d326b4e132046c74f1427fff9bbbb689026132,60.16762,24.95415,000000006b44cce7,17.4
306,2019-08-01T22:15:03Z,584cb0b0cdd14e608c8b57c8aecc9826f9b40027e365e2438a444ea2,60.16762,24.95415,000000006b44cce7,9.92
307,2019-08-01T22:15:03Z,599911539bd9c809d19e0f2e915348a0c7dda4291496a7fa96916d0f,60.16897,24.95222,00000000aa852af1,18.79
308,2019-08-01T22:15:03Z,6339692cb55d50bcbcf07e66710de8481d7d58e5259e19e311e6904d,60.16629,24.95957,00000000fb7600be,20.28
309,2019-08-01T22:15:03Z,6c11fa2ea037fcf94acc1d8fa882fece05858ccb512d4a0570755bcc,60.16448,24.97323,0000000053c6c2be,31.5
310,2019-08-01T22:15:03Z,73e7715ad2846670aa311f93fca1198ef073052fccad54c28c68038d,60.15133,24.92329,00000000e8a064a4,20.28
311,2019-08-01T22:15:03Z,74cb545f76f0bfc5498607247e26e814276a11ce91f77208054ecbc5,60.17002,24.94407,000000006b087f40,25.36
312,2019-08-01T22:15:03Z,7dbee7a80e06b25736187bd0e623bbc4547ebaaf3a44799ed5ade22c,60.14947,24.91438,000000004ef3150d,7.69
313,2019-08-01T22:15:03Z,85702fc6eb80e93f4f30f44e9f50a7a39db67084d3e9a905d8559c28,60.16897,24.95222,00000000aa852af1,18.79
314,2019-08-01T22:15:03Z,89aacf57a9502d030c80b9529e692124fab33d2e4703fc86b40a509c,60.16897,24.95222,00000000aa852af1,11.7
315,2019-08-01T22:15:03Z,8b97b49c1b06b260d85adee43bf3169fbbb732f2681c9aabe3b156b0,60.16762,24.95415,000000006b44cce7,12.69
316,2019-08-01T22:15:03Z,934d0b0814cf2cd73a714d825599c8753be59ed44d807a63ff49f0a7,60.16762,24.95415,000000006b44cce7,5.41
317,2019-08-01T22:15:03Z,9b6de9c14afd68a17b50651584a96379623af0f880c4ac4e5a84ee93,60.16531,24.9442,00000000fdda10fe,23.56
318,2019-08-01T22:15:03Z,9c6fe5ca735a0b3df18abae8d01dc43a3a1398f1a1e1e29824c51eb4,60.14947,24.91438,000000004ef3150d,8.38
319,2019-08-01T22:15:03Z,9d713c9ce415e473048b45bbb35d6dcdef35cabaca39aa54f2e781a3,60.16531,24.9442,00000000fdda10fe,38.87
320,2019-08-01T22:15:03Z,b211162ea33baa637e51b442bc7057c47ddcfaf63fee6342745d9497,60.16531,24.9442,00000000fdda10fe,7.69
321,2019-08-01T22:15:03Z,b50a22065c73b3e378103b2992915bf5176dcc0d5661b131114901a8,60.16829,24.94214,00000000afef4555,18.79
322,2019-08-01T22:15:03Z,b6b19c3283a0fe626d5c8e3cd689156518aec5b91e2bc1bead1a81e9,60.16531,24.9442,00000000fdda10fe,11.7
323,2019-08-01T22:15:03Z,c281d8697c535bbc8a1b61e0ffb527061fc2fd78a8da7034c03a9ed9,60.16762,24.95415,000000006b44cce7,17.4
324,2019-08-01T22:15:03Z,c9a7cc26e709fd143a850c40a6d5f892996d451cca14e8c46932ad7d,60.16897,24.95222,00000000aa852af1,20.28
325,2019-08-01T22:15:03Z,d12d0f24ae6b28b3a7721f30ee94fc876fe07633d7cedbfa3d861306,60.14699,24.922,00000000a53ed894,36.27
326,2019-08-01T22:15:03Z,d8dc6e1a39289a8bff387c465827fa3aeac4aab17162f3d5e9d4f049,60.16897,24.95222,00000000aa852af1,29.32
