,time,hash,latitude,longitude,serial,distance
0,2019-08-03T13:07:00Z,052fbd61477f2be3e27ca5fd118b7ae47830d59071b2a14bef98d760,60.16897,24.95222,00000000aa852af1,18.79
1,2019-08-03T13:07:00Z,14c7e1511b70f4dd3359cbece1377aebb4d70531f5489eefe53d7c3c,60.16544,24.95398,0000000038d83d41,25.36
2,2019-08-03T13:07:00Z,15918569de0a46a8eb56b43d8d39f7fc82619ff1006f00822c85745c,60.17919,24.95181,000000007b5207b6,4.11
3,2019-08-03T13:07:00Z,1d31d5abf0afdc3cf858665f9c31f3d6458b48544326b1badd2d81f6,60.15432,24.9211,0000000019fb59c4,18.79
4,2019-08-03T13:07:00Z,1d4016aa3cbe96715baeb4ab0e4273652d8cb3609bc4a07aceb57726,60.1538,24.95595,0000000038bf9618,29.32
5,2019-08-03T13:07:00Z,34a2872f6eac51b5411e4a30114ae19dbd475d87061b063772cd730d,60.16897,24.95222,00000000aa852af1,14.89
6,2019-08-03T13:07:00Z,4186d6da68ebd511be3b61a558ed48d28d1c10eecd472a422b422ca2,60.16544,24.95398,0000000038d83d41,17.4
7,2019-08-03T13:07:00Z,42cb2bdb548c6c18ece0868e8616483aefed387d1f09fb26b78437a0,60.15432,24.9211,0000000019fb59c4,12.69
8,2019-08-03T13:07:00Z,43b676ed3aef4c2d8846694817e76117873be52e7f788e0cb366c1c4,60.16629,24.95957,00000000fb7600be,20.28
9,2019-08-03T13:07:00Z,4de5a6f9aacd3fbc28253de5caeb59fd205c4bb84a1b07e355af62b4,60.16762,24.95415,000000006b44cce7,25.36
10,2019-08-03T13:07:00Z,55486c7cbc7fe90013a13d912b76ac16b72f90eed0e6df18b56e8a3d,60.16629,24.95957,00000000fb7600be,16.1
11,2019-08-03T13:07:00Z,5b8da6887d8adad8b4ef0131af833a39b9cbf1c3b922269f92b4888c,60.17002,24.94407,000000006b087f40,16.1
12,2019-08-03T13:07:00Z,5c5b8ebf392d3a1a9eded11c6d68af45797c4c0cf5f8cb94fc541df4,60.16762,24.95415,000000006b44cce7,13.75
13,2019-08-03T13:07:00Z,5d65719c4cbf045f068d084b72302f447d5fd034413d97d13be00d0e,60.18203,24.91341,00000000342570c2,20.28
14,2019-08-03T13:07:00Z,5eed115a984d490b02b602d73787aee8dc8c4e9365b77fbff3818a76,60.16629,24.95957,00000000fb7600be,17.4
15,2019-08-03T13:07:00Z,76308dc069c8050ff1a3bef9da278fdcbea2d8100b85c357f6397311,60.1538,24.95595,0000000038bf9618,33.81
16,2019-08-03T13:07:00Z,7856cd9a8241b470ce46295386b13c33e1948a956b3f18b7b3497cdb,60.17002,24.94407,000000006b087f40,23.56
17,2019-08-03T13:07:00Z,78aef42ea07c92463d4c3a932b6e43b3b7efbb008888554190aa5d09,60.149,24.9843,00000000fffb8cf0,25.36
18,2019-08-03T13:07:00Z,79f136afa0dd8717337c01c70b457c464aaf0fa25b440f51a394ec23,60.16762,24.95415,000000006b44cce7,17.4
19,2019-08-03T13:07:00Z,7a41c0da24cc7a006a46c9082bd764683040c87e785036dd79b668bb,60.16544,24.95398,0000000038d83d41,17.4
20,2019-08-03T13:07:00Z,7a7e97957ddbc046ff4e3790fa1a4e4fc8d6fe1aeba0bd9e873b9ee0,60.15432,24.9211,0000000019fb59c4,25.36
21,2019-08-03T13:07:00Z,87dfaad29a9276ddddb1fa021d3bc23ad14824c1af16f7d87e713689,60.14951,24.92138,0000000006dd41f6,9.12
22,2019-08-03T13:07:00Z,8c75c3289c84fe4493e1e272a77b615fe1985880c5dc68a7c1a17b53,60.16762,24.95415,000000006b44cce7,11.7
23,2019-08-03T13:07:00Z,9843c6216661048343a0e49cf3d8aa2883cf77f452666a1c873a1052,60.16448,24.97323,0000000053c6c2be,21.87
24,2019-08-03T13:07:00Z,a91d379a4b57c5df22db0d7a041ff69f657b4b31f28554b1011fc03c,60.16544,24.95398,0000000038d83d41,29.32
25,2019-08-03T13:07:00Z,b531650be0ab9e39bac59714d21155e32f86dbcb08713b4fef6d15ed,60.16762,24.95415,000000006b44cce7,2.8
26,2019-08-03T13:07:00Z,b5fd6b317890e5ab2d79e2cd1abe61626d45a753c7337d0d40728898,60.16762,24.95415,000000006b44cce7,11.7
27,2019-08-03T13:07:00Z,b90577926dd52437738dad5f00d4049f63b26d870442dd6efe495a67,60.16829,24.94214,00000000afef4555,12.69
28,2019-08-03T13:07:00Z,bcdd50349e4c179a808e3be7b01f1a45e3ea02c1ee89862e45654e83,60.17002,24.94407,000000006b087f40,21.87
29,2019-08-03T13:07:00Z,bd83bdf065383ada0f6486bd4cb707191ca6ad2172e9e2957b3ea5ed,60.16762,24.95415,000000006b44cce7,8.38
30,2019-08-03T13:07:00Z,bda6d5cf94a9fae3ffd02687367a635390a91e3f733fecbab7485c86,60.1538,24.95595,0000000038bf9618,17.4
31,2019-08-03T13:07:00Z,c9cb2b9de2b21abecad29584393bea94a97f282f234f310e2468d7a7,60.16075,24.95883,00000000f1124bca,25.36
32,2019-08-03T13:07:00Z,cf05623e4d87ce0906c0b0b7dbf53aacc1228016cd27c341228b6e76,60.18203,24.91341,00000000342570c2,17.4
33,2019-08-03T13:07:00Z,d7d88acd9832740ad5b489b4524f758cb00437b14b11559810dfa043,60.17919,24.95181,000000007b5207b6,23.56
34,2019-08-03T13:07:00Z,db32d0ce99d7ebc67babe8250ed35c8bad5f74b6c549485be5c0112a,60.16544,24.95398,0000000038d83d41,21.87
35,2019-08-03T13:07:00Z,df2c82a340e12a849bfba9d3a791c30bab4487341c1e7e48fca06cca,60.15432,24.9211,0000000019fb59c4,20.28
36,2019-08-03T13:07:00Z,e6a26117471c519e8ea291a6e4fad4c62d6d66bae3396b37a697eb2d,60.15432,24.9211,0000000019fb59c4,16.1
37,2019-08-03T13:07:00Z,ea2af410359f5c862dbc71554cc0b6ea29d823a91db3209fcd2a8c76,60.16762,24.95415,000000006b44cce7,12.69
38,2019-08-03T13:07:00Z,eb239ee4b6921a31c7980410884e1f36e1ded2d674583040a8fb6347,60.17002,24.94407,000000006b087f40,21.87
39,2019-08-03T13:07:00Z,ed740f442f5b4c0b7c6278bf30f66d4063bbb308276e4106f8ffc8da,60.17065,24.93641,000000000f4919c9,12.69
40,2019-08-03T13:07:00Z,f05099278495af3e65971c3803d2d57aae4ffb24668e7bdf6a372033,60.17002,24.94407,000000006b087f40,47.69
41,2019-08-03T13:07:00Z,f088630d7476dae7d4b7e2bb1f10575f2c89acb4b6e061f3d57c2b40,60.16531,24.9442,00000000fdda10fe,27.28
42,2019-08-03T13:07:00Z,f6609ab1076b1105bb845595a03b41b8fbb282f79c337df5bbc9f841,60.14699,24.922,00000000a53ed894,18.79
43,2019-08-03T13:07:00Z,fc4f3a44235f1cfc7b53f14ba2da599976a5a0a220d23b852688e485,60.17918,24.95141,00000000675d5200,21.87
44,2019-08-03T13:07:00Z,00097d80fa9b17df3125fff6d934ae4a090524e6477fbabd59fc5928,60.16762,24.95415,000000006b44cce7,11.7
45,2019-08-03T13:07:00Z,00fd31933755c86141f28f6bb89339550782e125f9ac69c6ec72b81e,60.15432,24.9211,0000000019fb59c4,12.69
46,2019-08-03T13:07:00Z,016bd0f6e8fb46c4fe52fd6fa507c4e28feccd60ccdc971559e23fd6,60.16829,24.94214,00000000afef4555,21.87
47,2019-08-03T13:07:00Z,019d55572df131b03de67ef39539f12c43312fe4bb4cc9c68e186d23,60.17002,24.94407,000000006b087f40,25.36
48,2019-08-03T13:07:00Z,01d9e81855b6d3fb3c42847018cac2c63c8fb3555bfa67d597d3bf1e,60.16762,24.95415,000000006b44cce7,20.28
49,2019-08-03T13:07:00Z,0294b4b01306cd5895985485586636e9b43949d0116dda923803ad0a,60.16829,24.94214,00000000afef4555,16.1
50,2019-08-03T13:07:00Z,032a2886115594040272e96ce70f1eabdfc7f5f8b33d59d538da8453,60.14699,24.922,00000000a53ed894,20.28
51,2019-08-03T13:07:00Z,042b90ebbc4f61eb39c732ea733664046cf0648481f84b7a2bd4e44d,60.17918,24.95141,00000000675d5200,25.36
52,2019-08-03T13:07:00Z,043d22a5345e2d311543fe299989ceaa0161f451871b8c9bb0f36ed2,60.16829,24.94214,00000000afef4555,5.91
53,2019-08-03T13:07:00Z,050ccf9ec55885f454edc16fa1961231a502da8e2a6baeef04e58659,60.16897,24.95222,00000000aa852af1,20.28
54,2019-08-03T13:07:00Z,05230eddec95f4d5808accba24dd0d30841a7b8533c7ef56b5f60510,60.17002,24.94407,000000006b087f40,18.79
55,2019-08-03T13:07:00Z,05ae5cab4041ab96892d9ddfda82b1aaf1ea76e3751f19b288b8dbd6,60.17918,24.95141,00000000675d5200,16.1
56,2019-08-03T13:07:00Z,06b16c020c6fffd5645552bc9aac62c6a5f2407a5f34a4e615ec42c3,60.16829,24.94214,00000000afef4555,7.69
57,2019-08-03T13:07:00Z,071507fbce78cb0257ce75a6411bcf889840be973f75f30086ae4eea,60.16897,24.95222,00000000aa852af1,13.75
58,2019-08-03T13:07:00Z,0795ae1e952efc894c3346d86d20e28453a692ad2e446a69ca02e1d7,60.16829,24.94214,00000000afef4555,13.75
59,2019-08-03T13:07:00Z,08c806d9ae7c26c36aec75352be7bcc2765c2d6e10940323096a1baf,60.1538,24.95595,0000000038bf9618,23.56
60,2019-08-03T13:07:00Z,090d0a4dfb0d31158b2b8debc121bfc7b1393ad7924e06b3394e9000,60.17002,24.94407,000000006b087f40,7.69
61,2019-08-03T13:07:00Z,09eea497f68c32991a4029ffc73bb267fd943f325f7b251c56556886,60.14699,24.922,00000000a53ed894,27.28
62,2019-08-03T13:07:00Z,0a031ffba8a62ba45ece10c6ab1794530deb5ef16ab79f6caf89014a,60.16531,24.9442,00000000fdda10fe,33.81
63,2019-08-03T13:07:00Z,0bc0e34d27e84340da45edb254887d245a00dffae0ee66b6538f75b4,60.16829,24.94214,00000000afef4555,12.69
64,2019-08-03T13:07:00Z,0becf1f1c225bf726bfa1c67bb22f354e1117b8a878028099dfa4e61,60.17065,24.93641,000000000f4919c9,2.54
65,2019-08-03T13:07:00Z,0d40a5316dfd7a241e753abb19201d34b8c1d5a22c7da35a5e3b015a,60.14699,24.922,00000000a53ed894,25.36
66,2019-08-03T13:07:00Z,0d9845a421ce3a9887d97dae82e87edaa21e59bf7966876e8af7edd8,60.16544,24.95398,0000000038d83d41,18.79
67,2019-08-03T13:07:00Z,0da6a54766620ca3b8654a903baff3c6d88c38a9a9edc6feab19d138,60.1538,24.95595,0000000038bf9618,31.5
68,2019-08-03T13:07:00Z,0e29249df578bc148e7509f6046217c6fa0419f0d28e0f1f9ffd624b,60.15432,24.9211,0000000019fb59c4,5.91
69,2019-08-03T13:07:00Z,0ea57f6e64f336ab1e2cdc258c9dfca937b1d450fdd7d7c7a22be870,60.149,24.9843,00000000fffb8cf0,23.56
70,2019-08-03T13:07:00Z,0edade14865ba92d48d77f241b5c1a255736c2657a1e6b0f360a9291,60.14699,24.922,00000000a53ed894,17.4
71,2019-08-03T13:07:00Z,0f823641f3d8e7703b26d53b14b5e438d53b03c9deb53257f463ce92,60.149,24.9843,00000000fffb8cf0,16.1
72,2019-08-03T13:07:00Z,0f9544e3c7f251467869e571124ab3227d864b7238138d23f4508e63,60.17065,24.93641,000000000f4919c9,23.56
73,2019-08-03T13:07:00Z,0ff42e8958778cbf7780dba8892bc8939dc884559eb5fd06bc97bda3,60.15432,24.9211,0000000019fb59c4,17.4
74,2019-08-03T13:07:00Z,0ff6ccd29bb93c54719a17b68ab083672acdabd583f0cdc1b081618d,60.149,24.9843,00000000fffb8cf0,9.92
75,2019-08-03T13:07:00Z,115c8ca4b7bfd53275ec01a52ee4b9a7d84db3a3a5f0fac35ed363cd,60.149,24.9843,00000000fffb8cf0,12.69
76,2019-08-03T13:07:00Z,11948809a92697f3b76d30379b92ca2f90774370ad8646a961655c6c,60.16829,24.94214,00000000afef4555,8.38
77,2019-08-03T13:07:00Z,129931e1dec0ac9229abe38d43662d5dcb2b5ceaded57a239eef777a,60.17002,24.94407,000000006b087f40,23.56
78,2019-08-03T13:07:00Z,12ef53069918b6ae1639cd925bce24be68634be0183c5b72fb93852a,60.17002,24.94407,000000006b087f40,21.87
79,2019-08-03T13:07:00Z,132f871582d022f5488a6baffb45ed6799496e51ae5a8bf98ae7d5db,60.16629,24.95957,00000000fb7600be,21.87
80,2019-08-03T13:07:00Z,1336e26c6901561293de72f8f629baa2c0f165ed361c635d93697902,60.14699,24.922,00000000a53ed894,10.78
81,2019-08-03T13:07:00Z,14213fd16a14ecefd00c7c82e373fc85527a3e54e3dd1279788dfd7d,60.16829,24.94214,00000000afef4555,16.1
82,2019-08-03T13:07:00Z,15958674abf8371c8a489a46c3fc5865d38902533983e0bcded75bda,60.16762,24.95415,000000006b44cce7,2.8
83,2019-08-03T13:07:00Z,1600dcb85733eca769daad33da8068208c2accba5feedc16407918fa,60.16531,24.9442,00000000fdda10fe,0.5
84,2019-08-03T13:07:00Z,17bddb78d00c21c2518780d5f44d2b354c7856f8fdec9a640276171d,60.1638,24.96846,00000000d747f075,36.27
85,2019-08-03T13:07:00Z,17de5a8986e182f20b09d46a8c8a69d8b4083f13904df7915eb9ef2b,60.14699,24.922,00000000a53ed894,2.54
86,2019-08-03T13:07:00Z,188a2d470a01e05a8ced49191f49a02678f1fbdde288145e26918717,60.17919,24.95181,000000007b5207b6,4.94
87,2019-08-03T13:07:00Z,19e13b7959600211592fbea1e7a01b7e57790198394359b2cc272a49,60.14947,24.91438,000000004ef3150d,18.79
88,2019-08-03T13:07:00Z,1c35a5671733df653d3d994ef7b972999613a099979aba985cc7613e,60.16762,24.95415,000000006b44cce7,7.69
89,2019-08-03T13:07:00Z,1c8ab53523238f9ef6c6e9038f18842dbf92769bc0c238de7acfb78f,60.16762,24.95415,000000006b44cce7,20.28
90,2019-08-03T13:07:00Z,1ca609a122758267e366c7fb8e20589434e43f50c589904a2935ac39,60.17002,24.94407,000000006b087f40,10.78
91,2019-08-03T13:07:00Z,1d48edacbfa437d98e61213a2cfceed827f29dbc63fe40f35c9fc858,60.18203,24.91341,00000000342570c2,7.05
92,2019-08-03T13:07:00Z,1dacfb371d75dd4f90f447aac2a00faad98beb4188a6971c19eb2375,60.16629,24.95957,00000000fb7600be,33.81
93,2019-08-03T13:07:00Z,1fa5963650abd97f8ae81e16e7b7bc5bfdf8ebcb6f70e3776bad4ed3,60.1538,24.95595,0000000038bf9618,23.56
94,2019-08-03T13:07:00Z,2035a0e0f56d1bd7deb850d8a372da3d483e7d3eff9ecce05bdaf22e,60.14699,24.922,00000000a53ed894,29.32
95,2019-08-03T13:07:00Z,20540b704d93387df0473978fc6eb1c6d95bff1e954ae1ddb8116a04,60.16762,24.95415,000000006b44cce7,8.38
96,2019-08-03T13:07:00Z,20be9b8c3786d65e6b3907638b0e7961881de4122e8dfa3b00ee2564,60.14699,24.922,00000000a53ed894,10.78
97,2019-08-03T13:07:00Z,2142821dbdfd0c8de0dfc0067db2d17aa9b3989b72fc0f1e8db8cf04,60.15432,24.9211,0000000019fb59c4,27.28
98,2019-08-03T13:07:00Z,21f965f7570381031aebcfe222376ac268ddf1a1dd6c0b178d91c0bd,60.16762,24.95415,000000006b44cce7,17.4
99,2019-08-03T13:07:00Z,230731b629423bf2035fb942ffc7b8cf373311097cd556e2eb0b64c3,60.14699,24.922,00000000a53ed894,9.92
100,2019-08-03T13:07:00Z,233bc4b2ddcc2cecad94d7f9e5c165fedc4c109e3acd19a142bb0844,60.17002,24.94407,000000006b087f40,23.56
101,2019-08-03T13:07:00Z,2367b3bd232f09d038f6842aa114e4b9b418bebc2e64e958e613f84b,60.14699,24.922,00000000a53ed894,8.38
102,2019-08-03T13:07:00Z,266db30e5b0bcc0bc489c59d5a9fdaeef3f2bdc86943f233bbd3556e,60.16897,24.95222,00000000aa852af1,14.89
103,2019-08-03T13:07:00Z,26ef9f4346dbaf96cf2f7def26c2ce10593bc87111c2c8a5a45e2b90,60.17919,24.95181,000000007b5207b6,9.92
104,2019-08-03T13:07:00Z,2c287a8e739e8c73de87440e86cc9d77cdff76050308feedb9594877,60.17065,24.93641,000000000f4919c9,14.89
105,2019-08-03T13:07:00Z,2e8e9317a8f5736cde1ba5cd4284314fa967ca2726585bc5177e1542,60.16829,24.94214,00000000afef4555,1.25
106,2019-08-03T13:07:00Z,2ee3e02707161bc969403555ab2c24e8d50e5c3fc10fdc1eb11a4e52,60.149,24.9843,00000000fffb8cf0,18.79
107,2019-08-03T13:07:00Z,2f17e36fb8f68751054c1da6a25fcb7cd401ca134fb141515773c413,60.16544,24.95398,0000000038d83d41,25.36
108,2019-08-03T13:07:00Z,2f6a9f9d7da446f2a718e2d3f93f62af322d462ada34d2925ef65b37,60.14699,24.922,00000000a53ed894,23.56
109,2019-08-03T13:07:00Z,30c7b01ec690d1fdde9f632c7c4fc744c1dfa3ac7d572bc7d1f43086,60.14947,24.91438,000000004ef3150d,25.36
110,2019-08-03T13:07:00Z,31eafc93ad7a91a062174f81ddf5237fe81b6e3b6bbd6352a3d78619,60.15432,24.9211,0000000019fb59c4,29.32
111,2019-08-03T13:07:00Z,321697748c54ec22807187f4eb40ee4f4eeeb1329ff9c4becbcebbfb,60.14947,24.91438,000000004ef3150d,8.38
112,2019-08-03T13:07:00Z,3335b696bc53c3cc78411f84771c859ba0fdd39a1d09493aa03a498d,60.17918,24.95141,00000000675d5200,20.28
113,2019-08-03T13:07:00Z,3390c3bd897900cdbb36c7e536d268013d7dd1e4722f62decd6e43ca,60.14947,24.91438,000000004ef3150d,33.81
114,2019-08-03T13:07:00Z,33d5e3243f551725660fccd05740ba171928f09c9f615e44e0340100,60.15432,24.9211,0000000019fb59c4,25.36
115,2019-08-03T13:07:00Z,33e5cdee9a7ee50908ea0d8c750e9fbfaea1be2f73abc2ad0fc9adf7,60.173,24.92524,0000000096918cfa,23.56
116,2019-08-03T13:07:00Z,34a503ce3d8a5eeeafbc89f0445bf80f84d85d34d3a3e75f5f2863b4,60.15432,24.9211,0000000019fb59c4,6.46
117,2019-08-03T13:07:00Z,34f4a826c9637458a0a10321dc0da8dcfbf219a22286b9a9d927e572,60.149,24.9843,00000000fffb8cf0,14.89
118,2019-08-03T13:07:00Z,351e0c7cbe9f59669df4379ed5af1c3e820a0a9840fd92538c8c2333,60.14699,24.922,00000000a53ed894,17.4
119,2019-08-03T13:07:00Z,380e50f58f12e0f5a30154548c2948571ad553facad727611e59540d,60.17919,24.95181,000000007b5207b6,7.69
120,2019-08-03T13:07:00Z,3a55d283085bd9c9512d1a019a81fb1d5c143a2bdc76ed1618e1ab27,60.16531,24.9442,00000000fdda10fe,12.69
121,2019-08-03T13:07:00Z,3b000eda701b307cadb533a038dc4bb9033eab67d2f2bc40a20144fa,60.16829,24.94214,00000000afef4555,18.79
122,2019-08-03T13:07:00Z,3b0dba003f6f6ebf29fd40b5df378a7e84fd31877938037441443b51,60.16448,24.97323,0000000053c6c2be,14.89
123,2019-08-03T13:07:00Z,3b215472a50dca1ab8592409758639430d64cdbbb7a2c58310da130d,60.15432,24.9211,0000000019fb59c4,10.78
124,2019-08-03T13:07:00Z,3c70d46cd76f05af789a5010e5c178186f6f151ccfeeca0665e6b1ed,60.17065,24.93641,000000000f4919c9,20.28
125,2019-08-03T13:07:00Z,3d2698aac59bdcacca8d3640a7f18d36332ce8e0c3f3c60e0a34b58f,60.16897,24.95222,00000000aa852af1,18.79
126,2019-08-03T13:07:00Z,3dca40e61806414736eeb890e9c728bc7f46ad09061f63eec3fa64e3,60.16897,24.95222,00000000aa852af1,25.36
127,2019-08-03T13:07:00Z,3de24d8bf1dd66af4ad4cbd31b11969336ff54ca351d465624f2f579,60.16829,24.94214,00000000afef4555,20.28
128,2019-08-03T13:07:00Z,3e5088696900fc4806f5601146e2792d82e3c554e5305917d88842ae,60.17065,24.93641,000000000f4919c9,29.32
129,2019-08-03T13:07:00Z,3f01592da4a47303f5cdea18c4e6b8ed8df7cb58a2acab2d7d98f48c,60.16762,24.95415,000000006b44cce7,11.7
130,2019-08-03T13:07:00Z,3fa9d7d46b45eac5a6fb4b41e737505c3bcd269b7f5de9f222c12968,60.16531,24.9442,00000000fdda10fe,3.09
131,2019-08-03T13:07:00Z,400c1d36a4bcdd722c558ee6623fd3f4c0649136fd1e30fd75610adc,60.17919,24.95181,000000007b5207b6,9.92
132,2019-08-03T13:07:00Z,42e9a5f30a7470b8816a58dea2082fdee45cb7a65dcf4e69ad1c4794,60.149,24.9843,00000000fffb8cf0,9.92
133,2019-08-03T13:07:00Z,431a17bc52f91d288cb4965c7dd9e0f76b46169c9ff45c1a8e55e5ae,60.149,24.9843,00000000fffb8cf0,20.28
134,2019-08-03T13:07:00Z,43320a90825d98353c60457b8fd3fe9fa60617fd5a93b87caffe665d,60.17065,24.93641,000000000f4919c9,27.28
135,2019-08-03T13:07:00Z,43e684d84d66813a73f4b303a9d391f648c8de43ee2f3c52dcd31573,60.16897,24.95222,00000000aa852af1,27.28
136,2019-08-03T13:07:00Z,449dfb4214859fb5aeb97376b8e376596a5102f2339cc9ac33c33a15,60.14699,24.922,00000000a53ed894,13.75
137,2019-08-03T13:07:00Z,44f8eb6bc784e0e93708a43cead7247bdf3e449446a8b4b3852867a6,60.14699,24.922,00000000a53ed894,31.5
138,2019-08-03T13:07:00Z,458f8294f2f8858e57f1e6f599710e53b77df2c53a2d8ac882971351,60.16075,24.95883,00000000f1124bca,20.28
139,2019-08-03T13:07:00Z,45b2f6f90ff5b94cf617c41c28aaf99ebc630bd8b5d794da2d1d5073,60.16762,24.95415,000000006b44cce7,20.28
140,2019-08-03T13:07:00Z,4622e795bf168394c49f748aa6b8af78003e28dbd49576556d16d16f,60.1538,24.95595,0000000038bf9618,29.32
141,2019-08-03T13:07:00Z,475a319512f144e16538f8569109c536b4da41aeecbe12d3d84b847e,60.16762,24.95415,000000006b44cce7,7.69
142,2019-08-03T13:07:00Z,49d3e1a306db6a45f3ce6c882e0e0bfce579ff0749ce8d66454dc9c0,60.17919,24.95181,000000007b5207b6,20.28
143,2019-08-03T13:07:00Z,49e11c4c43019947afb9afdf418d5eaab45e7efbbfd03516e49e59d3,60.16897,24.95222,00000000aa852af1,25.36
144,2019-08-03T13:07:00Z,4a036c4f004de0a65da30075005f3d84de85b827aadf6ff75e5092af,60.16897,24.95222,00000000aa852af1,25.36
145,2019-08-03T13:07:00Z,4a482ebac5029f6d374bfa3fac2ff20e5eb9c0ab9a99eeb4b09abcb9,60.16829,24.94214,00000000afef4555,10.78
146,2019-08-03T13:07:00Z,4af07ca79f63495fc8683ed988d39de42bf520db3c947a88c98172d4,60.149,24.9843,00000000fffb8cf0,16.1
147,2019-08-03T13:07:00Z,4b0ae3810f8f8f80652bf418a35560b40d9916b9ab9e04205fd7141a,60.16762,24.95415,000000006b44cce7,4.94
148,2019-08-03T13:07:00Z,4ce642e37b57977261e87fcbb77d5b0e8fdaba901b29dc195347e79b,60.16829,24.94214,00000000afef4555,21.87
149,2019-08-03T13:07:00Z,4d3e09533bae40d712b9d89a948131cab5ccc2b8fb32ac84450f40b8,60.16762,24.95415,000000006b44cce7,23.56
150,2019-08-03T13:07:00Z,4e1e8d9630b3f75ff361f2ab72b517e068e31e204d6241cfcb129f10,60.16897,24.95222,00000000aa852af1,20.28
151,2019-08-03T13:07:00Z,4e4268047ce7de15594f5d3d899285dc690bd4a5dd173d5fdbada851,60.17065,24.93641,000000000f4919c9,16.1
152,2019-08-03T13:07:00Z,4e855d7ef4a9b7d373e3a310e0bff2b7ac74d0887c848fef43e575ae,60.16762,24.95415,000000006b44cce7,18.79
153,2019-08-03T13:07:00Z,4ec7ac61fdf1542270444f7d0f2e3dd14265bd5259e9f70cfe303acf,60.16762,24.95415,000000006b44cce7,9.12
154,2019-08-03T13:07:00Z,4ecebee32a437afc5d8ea0dc8e31e6e4daa8d63f05b97f8802fbed60,60.17919,24.95181,000000007b5207b6,17.4
155,2019-08-03T13:07:00Z,4f2fe1139d765a632d0ae753128ca88fe1002c654a7efbc5e2138519,60.14951,24.92138,0000000006dd41f6,17.4
156,2019-08-03T13:07:00Z,4f6910f31b0d697700586cfb2f741e892eae6d5020377d9c422cc51c,60.15432,24.9211,0000000019fb59c4,8.38
157,2019-08-03T13:07:00Z,4f9997c65e3c4e18f354c976d86c5857ab803017d4094499fa7ea748,60.16762,24.95415,000000006b44cce7,23.56
158,2019-08-03T13:07:00Z,4fdf7d5dcc75112efcefe17e29135a55bb89adb47133ae457864535b,60.16544,24.95398,0000000038d83d41,17.4
159,2019-08-03T13:07:00Z,4ff2213562ab165770cfe58ccdd21f10e47988c094853a5238333238,60.173,24.92524,0000000096918cfa,8.38
160,2019-08-03T13:07:00Z,507f3217f0ceb70cb66aafc1e2198e5332b69feaa82bdeb2bf2cae01,60.16829,24.94214,00000000afef4555,8.38
161,2019-08-03T13:07:00Z,50912414f15e30760fbfcbe3357027293947ea93795d738ca7fbca0d,60.14699,24.922,00000000a53ed894,20.28
162,2019-08-03T13:07:00Z,51001af2281b65a8ebfa3e0633d23784c4795e8c385d15c0d9a5b8e1,60.16829,24.94214,00000000afef4555,2.54
163,2019-08-03T13:07:00Z,51ab64e56910c3ade1321b626eda68b0231e3c35d2cb42cd19dde8b8,60.15432,24.9211,0000000019fb59c4,12.69
164,2019-08-03T13:07:00Z,520000788efa0cd10cf7e88b4f774f5d1c3501ea07c3fea00d28d424,60.17002,24.94407,000000006b087f40,14.89
165,2019-08-03T13:07:00Z,52238549fe8d8b49ed1becabb4e11139a9e2502d9032cbf99ff8a1bf,60.17918,24.95141,00000000675d5200,13.75
166,2019-08-03T13:07:00Z,55427c19fa723a142841472a7c59aa5dcceffb72150bc1820228fa6a,60.16762,24.95415,000000006b44cce7,5.41
167,2019-08-03T13:07:00Z,57ff523493d62afab0e5521c4e50783824381aba3bb7a72beea595f7,60.1538,24.95595,0000000038bf9618,20.28
168,2019-08-03T13:07:00Z,58aed05c1211292e0caa3897521fefc5de52c449c1e8e7b7063758eb,60.16629,24.95957,00000000fb7600be,27.28
169,2019-08-03T13:07:00Z,58cb7f6176be0db612eab862cbb4e7df69142c2d81ce061eea19dd78,60.16075,24.95883,00000000f1124bca,8.38
170,2019-08-03T13:07:00Z,5b4310fcab104986a081da875276e8fd5b1c8232e9ed42a8fa66dcc3,60.16629,24.95957,00000000fb7600be,20.28
171,2019-08-03T13:07:00Z,5d42c07671c9cdd3e6725f38210c0acb0c91b1db00b5c57e61e43a4c,60.16897,24.95222,00000000aa852af1,13.75
172,2019-08-03T13:07:00Z,5d7a6c336af6d94f1a399f0dac3048dc094b56e1e1f53751fc9e7877,60.17919,24.95181,000000007b5207b6,17.4
173,2019-08-03T13:07:00Z,5e0c36bf4c1879067a54753400c9ac403ac80e6313f48fb6262ac4fe,60.16897,24.95222,00000000aa852af1,6.46
174,2019-08-03T13:07:00Z,5f74cdb21daef3dbe96d2eaed1f99ade636d2e40dad125a762dd32af,60.1538,24.95595,0000000038bf9618,20.28
175,2019-08-03T13:07:00Z,602d6a1802293147ec03e1818226ea96fb1a89859a7a8676148df150,60.17919,24.95181,000000007b5207b6,20.28
176,2019-08-03T13:07:00Z,60b3760a4306e24e2930329d0a10a0c804b1988febfeb9d800ec24af,60.1638,24.96846,00000000d747f075,18.79
177,2019-08-03T13:07:00Z,62b61ef7dd5ab9158e81c4237ac5600ad8524637ddee58d5f25df74a,60.16544,24.95398,0000000038d83d41,16.1
178,2019-08-03T13:07:00Z,634a04b4128c8f49c0f8700a58ff90f7c8ce875d0edc03842a521374,60.16075,24.95883,00000000f1124bca,3.4
179,2019-08-03T13:07:00Z,635e270a72b6301c49a81fc4d4533f68b9ae3c38bc5e940ed19e3226,60.16075,24.95883,00000000f1124bca,3.74
180,2019-08-03T13:07:00Z,64dc9a4854d5476f69e83e7ac846397084994bf94bb2d53b6700473e,60.17918,24.95141,00000000675d5200,18.79
181,2019-08-03T13:07:00Z,65bf56ad48023a849370e21eb3ff78f9ba1b7d08b4c0a36ba83abc62,60.16075,24.95883,00000000f1124bca,18.79
182,2019-08-03T13:07:00Z,66b8413f6300b16675e7f3db83b944f18f2708b907707668c27b7678,60.16829,24.94214,00000000afef4555,10.78
183,2019-08-03T13:07:00Z,674d019625786df781c815683158e6ea1babc6abf84e7125dce0a536,60.16544,24.95398,0000000038d83d41,23.56
184,2019-08-03T13:07:00Z,67b27bb692daee7d7beed0fa7c42a165a4ebc73df3b68b878f1055a1,60.16897,24.95222,00000000aa852af1,8.38
185,2019-08-03T13:07:00Z,682216c93082a27c0e74737ebe10746911fb3170f90f1eb01a89f818,60.14699,24.922,00000000a53ed894,21.87
186,2019-08-03T13:07:00Z,68a46803e2bdaa57148daa9da54b5c88e96fdc97568e49cb1e1a395f,60.16829,24.94214,00000000afef4555,23.56
187,2019-08-03T13:07:00Z,68c30fae8a696404fab566cec97222b0e39c3fd92cae5d21cb25cad3,60.17002,24.94407,000000006b087f40,25.36
188,2019-08-03T13:07:00Z,68d461ede9c7379f289b6d9d0e88d1d5746d00e09b66de512cf51fe6,60.14699,24.922,00000000a53ed894,18.79
189,2019-08-03T13:07:00Z,69101de57f0985b0bc0e48a486368a62c46571a3acbfcbe05cf9876b,60.16762,24.95415,000000006b44cce7,23.56
190,2019-08-03T13:07:00Z,691187f01357926c3a76dd604ec1d9dc08bf8b6ed3cf0170d5b7654d,60.15432,24.9211,0000000019fb59c4,17.4
191,2019-08-03T13:07:00Z,6ab8a4accde0845a0b7180f5c12175f7d645a12df5abf726b445719f,60.1538,24.95595,0000000038bf9618,4.5
192,2019-08-03T13:07:00Z,6bcb19088e2478664cdaea817556693df60496cd3a622648a4f31739,60.16762,24.95415,000000006b44cce7,4.11
193,2019-08-03T13:07:00Z,6c159f7483a28c7d815acd6ec719c0d667d444a61bdcd68da544f3e2,60.1538,24.95595,0000000038bf9618,29.32
194,2019-08-03T13:07:00Z,6cb41748b0699b4bfee8185d03074d52ccc9c46d5831a726fc646159,60.16897,24.95222,00000000aa852af1,17.4
195,2019-08-03T13:07:00Z,6de18dcfac2135be0daeb01b3b0cdea15ba55cb077f798eb9397ad5f,60.16829,24.94214,00000000afef4555,9.92
196,2019-08-03T13:07:00Z,6e8df5b0d83dcd589c0bfb580aa742afc28a715489b15c5dfe49b619,60.16531,24.9442,00000000fdda10fe,11.7
197,2019-08-03T13:07:00Z,7075f3a9f2bb2a0b35a9b19d01bb3668a92020960ddf5a5fe3cb3283,60.17919,24.95181,000000007b5207b6,10.78
198,2019-08-03T13:07:00Z,70cd0257905a91dbeea10f35d1fc89a9c16a97cc827a90b955ffad39,60.17065,24.93641,000000000f4919c9,27.28
199,2019-08-03T13:07:00Z,711a245e6c9acd9b8f89ce886363890ed97c41fd9139bfb1c98d6e04,60.16897,24.95222,00000000aa852af1,38.87
200,2019-08-03T13:07:00Z,717b2e301526516f84837b6eae6c05801639fa10dc9f57c3b72e85c2,60.14699,24.922,00000000a53ed894,5.41
201,2019-08-03T13:07:00Z,71c34cbebfd067d5653e1495fb0f9bd2e89ccd16d2b1072a464db2cd,60.16075,24.95883,00000000f1124bca,12.69
202,2019-08-03T13:07:00Z,71e72d9aa62019c64774042aa91e03d8d4ab2b3d8d774f9c09879a75,60.16762,24.95415,000000006b44cce7,17.4
203,2019-08-03T13:07:00Z,74ee06577e917391fda5dee396a5a975fe5a3b6877f17f2b4efc0694,60.16829,24.94214,00000000afef4555,17.4
204,2019-08-03T13:07:00Z,74f8953f63c51fb405f26f8a59729be76cb36adf407cd86319e250bb,60.16829,24.94214,00000000afef4555,20.28
205,2019-08-03T13:07:00Z,764f5418755bf6ef4951c26f331f7a35d923e20efacbf714cca8e881,60.149,24.9843,00000000fffb8cf0,18.79
206,2019-08-03T13:07:00Z,76db20819a6ad04c6868ab9b086468bb24c088550ffc68165136fea4,60.16897,24.95222,00000000aa852af1,27.28
207,2019-08-03T13:07:00Z,77c56a2e7f5618344a4a919ab38fe9ecdb89b59b33fa62d28947e873,60.16829,24.94214,00000000afef4555,18.79
208,2019-08-03T13:07:00Z,78c9a20662763771a7c723c55b2252d0b6530d4024a816552d194072,60.15432,24.9211,0000000019fb59c4,12.69
209,2019-08-03T13:07:00Z,7aeee189e9af999fdccef568a9897013959ca48867776e6e16e80d6a,60.18203,24.91341,00000000342570c2,25.36
210,2019-08-03T13:07:00Z,7b3e7700e5d05ca1a8b78665dca79a6137b217db2b416a472fd42df0,60.17065,24.93641,000000000f4919c9,14.89
211,2019-08-03T13:07:00Z,7c51b85ea6ef3f8645c70ffcae60d6cb81a3a6ea2c5384ea973b3541,60.17065,24.93641,000000000f4919c9,0.19
212,2019-08-03T13:07:00Z,7d936b6b2642b4dee360e1acccc89cd1b1e41f88474289c01072b534,60.14699,24.922,00000000a53ed894,23.56
213,2019-08-03T13:07:00Z,7da2af00a866f3de50e54769b2e4ecb9f02a41ed7bd0221997d67831,60.14699,24.922,00000000a53ed894,25.36
214,2019-08-03T13:07:00Z,7e439a8e86b4592a6fa63c1dec95618718b01d3a92594cd89665cdfa,60.16762,24.95415,000000006b44cce7,2.8
215,2019-08-03T13:07:00Z,7e796b6568337ba41ad7f9ecd6564baf776d2d3bb167029d5c80e5c1,60.1538,24.95595,0000000038bf9618,20.28
216,2019-08-03T13:07:00Z,7ec90115da48910f578edfcc6bcb934c68e5b2b9e9d4fcf9b356fede,60.149,24.9843,00000000fffb8cf0,14.89
217,2019-08-03T13:07:00Z,7f007af30ef8aac93a7d21a2fb97ff345717ced05e7e60675a2d8f6d,60.14699,24.922,00000000a53ed894,7.05
218,2019-08-03T13:07:00Z,7f80612b7e4ef05a9d51c0df072143b8a8d3ea22328c9829cf352543,60.173,24.92524,0000000096918cfa,9.92
219,2019-08-03T13:07:00Z,80977ef541db5f5d0b214eef7efddb341496c373b8dcf9869a98d705,60.16762,24.95415,000000006b44cce7,10.78
220,2019-08-03T13:07:00Z,80b9fd4c969b07c93b48c1063fdb417e1cf1dd34033b55c7daa7c49e,60.16829,24.94214,00000000afef4555,5.91
221,2019-08-03T13:07:00Z,80f1a3d7bb8bade2597cee60f1aead10718dbed821913c94f86c44cb,60.173,24.92524,0000000096918cfa,20.28
222,2019-08-03T13:07:00Z,8194d51bd93f5abde72316a141c553c76b98ba7bf0c554b66c04466e,60.173,24.92524,0000000096918cfa,23.56
223,2019-08-03T13:07:00Z,81ea4bfd8dc712d1e894ee73ac823501d25897032ef475e92b5d9a9d,60.16075,24.95883,00000000f1124bca,25.36
224,2019-08-03T13:07:00Z,8269da3abaedc198b29e11668a3263af6aab6447719731f03e6ee827,60.17918,24.95141,00000000675d5200,21.87
225,2019-08-03T13:07:00Z,82c9529dd4bb29dbef612fccc0d17f0b0eade1d7c0cef3741b408ec5,60.14699,24.922,00000000a53ed894,25.36
226,2019-08-03T13:07:00Z,833fbb779dc003317df18bceffaa33faef2cba278e52c1c4f69a0cf5,60.17065,24.93641,000000000f4919c9,18.79
227,2019-08-03T13:07:00Z,837bef3b639951392e3cac872c729c37a04547e7622d8b62ed7f4b2d,60.16762,24.95415,000000006b44cce7,9.12
228,2019-08-03T13:07:00Z,84770ac1eb74c079e1f43c76976d2bd064dd28cf44e2bf7401bb54dd,60.17065,24.93641,000000000f4919c9,2.8
229,2019-08-03T13:07:00Z,86914a289fb9eb6f409a32d215ad57a8f7fe82036774c6743c648725,60.1538,24.95595,0000000038bf9618,17.4
230,2019-08-03T13:07:00Z,86db1ce1e74a8ba9df2c06c2354c000281a50bab304508058ae3e8a3,60.16762,24.95415,000000006b44cce7,8.38
231,2019-08-03T13:07:00Z,87875acce7634c3ccffdd1dfd42d61d78bf43cea492336aefcabd51d,60.149,24.9843,00000000fffb8cf0,7.69
232,2019-08-03T13:07:00Z,88cc1dac78729b2939a31e83347c00e3852ad25a43935ebecf12ff8e,60.16829,24.94214,00000000afef4555,13.75
233,2019-08-03T13:07:00Z,88dc83b5750e6ea74a2242df1fbef88ffddec1c5d89e2aab70db3d78,60.16075,24.95883,00000000f1124bca,23.56
234,2019-08-03T13:07:00Z,89010060311d8afa32ef1d08dc18ab6cf29b4351521953c35b2f9a8f,60.15432,24.9211,0000000019fb59c4,9.92
235,2019-08-03T13:07:00Z,89acd82c9e67397d7d944387236a0c6c1c45b33c69e71700353ef267,60.14947,24.91438,000000004ef3150d,9.92
236,2019-08-03T13:07:00Z,8afcef3fb85ae3a2034c536328332b470ca99f1ad872ddbeb434612a,60.16829,24.94214,00000000afef4555,9.12
237,2019-08-03T13:07:00Z,8b150d43b13ead566cfc6b0a163d7b31648254eb8439470be01c0e56,60.1638,24.96846,00000000d747f075,33.81
238,2019-08-03T13:07:00Z,8c53c7365b70f259e057fc6c169aac0275ba4c792e09877fb8e5d5d0,60.15432,24.9211,0000000019fb59c4,12.69
239,2019-08-03T13:07:00Z,8d0297af6cf965bc3d88915b61b3830a071864737acc0a02829bc89e,60.16762,24.95415,000000006b44cce7,11.7
240,2019-08-03T13:07:00Z,8d10fea320b847ecfe4b081f20d46897a51ec993b071317e7c8d8cff,60.16762,24.95415,000000006b44cce7,12.69
241,2019-08-03T13:07:00Z,8d62ad8b1fac12f9e015f411a6c7c6886d6fa6268f6f1e2d6af47a4a,60.15432,24.9211,0000000019fb59c4,11.7
242,2019-08-03T13:07:00Z,8d980499d9a995d457034f65e24b92e8bb30125ca66b32f5a0b2beb5,60.16897,24.95222,00000000aa852af1,9.12
243,2019-08-03T13:07:00Z,8dec00e06f60c8f6e52efdf7b659c7cf142b3ed8a8b63bb4ef536e6c,60.17065,24.93641,000000000f4919c9,3.4
244,2019-08-03T13:07:00Z,8e30d526b7513c6d42b36bfb2021a04aa33840be218ca8a4638beed3,60.14699,24.922,00000000a53ed894,20.28
245,2019-08-03T13:07:00Z,8fc12d7ae847fa880037252ae0c3a597b5dcb4d2b248b8f33d8cabfd,60.14699,24.922,00000000a53ed894,17.4
246,2019-08-03T13:07:00Z,90abf971fefdbc28b26520f2949ad569e64a0cd1eba5c481fe7b11ed,60.149,24.9843,00000000fffb8cf0,18.79
247,2019-08-03T13:07:00Z,9201c3298d8a583be0f6bef3b7c94253c5b7e20a3cce66e9a075b368,60.14951,24.92138,0000000006dd41f6,17.4
248,2019-08-03T13:07:00Z,920aee434343cb8c976931ef5d91d5ac4701fc5952316f2746a95117,60.16762,24.95415,000000006b44cce7,16.1
249,2019-08-03T13:07:00Z,9305adec82ca33ac9e72834ac61aee0759b729edad70efa64c9703f9,60.14947,24.91438,000000004ef3150d,8.38
250,2019-08-03T13:07:00Z,94140d36afeb1206462aab0bf2ee7c25cbe2458a34fe055b83c69c90,60.1638,24.96846,00000000d747f075,17.4
251,2019-08-03T13:07:00Z,9476a1c9cf9be5176b13dac3048eb951c224117189079ff230ec0205,60.16762,24.95415,000000006b44cce7,17.4
252,2019-08-03T13:07:00Z,9620af574a4331378c53b4c7f3342b215e355fc67a72910c94ec78a4,60.14951,24.92138,0000000006dd41f6,23.56
253,2019-08-03T13:07:00Z,98561a3fdd04d616cb741e0816445712e7397f8396d8ec2746b65d5f,60.1538,24.95595,0000000038bf9618,25.36
254,2019-08-03T13:07:00Z,98c7e4ed761fa2fc3c74023ea2c57aea5a0883b0de8b5018557a9d64,60.16544,24.95398,0000000038d83d41,13.75
255,2019-08-03T13:07:00Z,99790f8875cad2411a9d7d24a41f7dc4f57f87f02b7bd31713552ef0,60.16829,24.94214,00000000afef4555,25.36
256,2019-08-03T13:07:00Z,9aa1347e6392f5daf52849b6d96b2e8102845d6c6bd5b9f3a8b60511,60.16762,24.95415,000000006b44cce7,8.38
257,2019-08-03T13:07:00Z,9b9a0de94ad62eb9f11dfd1931a8f3ba21ea151b28a9888eb881e11a,60.16762,24.95415,000000006b44cce7,10.78
258,2019-08-03T13:07:00Z,9c600a118c5e4b65c14a7a462de29d7473803b8d1e5366ae7df71fcf,60.18203,24.91341,00000000342570c2,13.75
259,2019-08-03T13:07:00Z,9c8e7445c330bbcb161c69db282fd3ba15526b5d009e4efc7217e194,60.16762,24.95415,000000006b44cce7,18.79
260,2019-08-03T13:07:00Z,9cdfe621431c4f8d87c2faeb788350cffc583800023ca5ef98e98920,60.16531,24.9442,00000000fdda10fe,5.41
261,2019-08-03T13:07:00Z,9e14a9c0121ef595c4917e91dde5c8509ec0c8bd1c12f45096482413,60.15432,24.9211,0000000019fb59c4,9.92
262,2019-08-03T13:07:00Z,9e6e2299675fd3c0ccdd14347ce913ba8b9577aa1295e68152823a21,60.16829,24.94214,00000000afef4555,4.5
263,2019-08-03T13:07:00Z,9f38f5e4a171849bacbbe8673793482610d0ce839179a4dbbda95b5e,60.16897,24.95222,00000000aa852af1,20.28
264,2019-08-03T13:07:00Z,9f57ef6f3e5f591696d6e3416aa8c5b5bfda9fbe8c5f230262601b5b,60.17918,24.95141,00000000675d5200,29.32
265,2019-08-03T13:07:00Z,a03906d919d4c23cf9ee892f5f2b2d52d858cfea34b36fb64216d8cb,60.14699,24.922,00000000a53ed894,9.92
266,2019-08-03T13:07:00Z,a1b19d5b7cf5907674f5b8fafb9abd44b2b102e9804ac5cafa583892,60.16762,24.95415,000000006b44cce7,17.4
267,2019-08-03T13:07:00Z,a274bca262c127dd28f9b9a9e2af8f07a53cb5618b7aed56fd8af8f6,60.17918,24.95141,00000000675d5200,4.94
268,2019-08-03T13:07:00Z,a37521e33e50f87aae6bef2e519c1e807c1d8e24ae8a9f6b524d310c,60.16762,24.95415,000000006b44cce7,10.78
269,2019-08-03T13:07:00Z,a45d58e0a15f42b1dae2a6dae0be4dd3ce2a8c2d317260a996fec8a5,60.16544,24.95398,0000000038d83d41,23.56
270,2019-08-03T13:07:00Z,a5437cc9f15b9044876c0092b7cb4c54efe0d9c00d051d1e1d4ca3d7,60.16075,24.95883,00000000f1124bca,36.27
271,2019-08-03T13:07:00Z,a5717f9fa9be8da5b65815689f7eda6b05bea9076ed86e9007c92f84,60.16075,24.95883,00000000f1124bca,5.91
272,2019-08-03T13:07:00Z,a5c1f27112c777e9f6f6f03d52d21aa6a978c2128015acca4c8b3a61,60.16829,24.94214,00000000afef4555,25.36
273,2019-08-03T13:07:00Z,a5eb8a66c471fea2f635f58a062b651cb8543f66a4cbd301f23781c1,60.16531,24.9442,00000000fdda10fe,3.74
274,2019-08-03T13:07:00Z,a6806d544d1b7e39ecdb9cebbb65853f95f8df356be32ea683ad6c7a,60.16762,24.95415,000000006b44cce7,13.75
275,2019-08-03T13:07:00Z,a6c413e33b9e9657675f00dce8b286312b34a738dc6ea98cd7b55feb,60.16829,24.94214,00000000afef4555,6.46
276,2019-08-03T13:07:00Z,a6e82d1db226f07cd2932a84df885ef343ad97544deffcf69e12dacf,60.149,24.9843,00000000fffb8cf0,6.46
277,2019-08-03T13:07:00Z,a7addcb61b7c18a832d980d99e74697ae5c0a05ba9ad1c7a9803386e,60.14699,24.922,00000000a53ed894,18.79
278,2019-08-03T13:07:00Z,a8286998513ff40e6ef18f6c72c04fb9c52112cf494e85e1c39d9e12,60.16544,24.95398,0000000038d83d41,8.38
279,2019-08-03T13:07:00Z,aa844be407050776418dcb57c8e5caf76b0257f7dd7d8171ddd0cf16,60.1638,24.96846,00000000d747f075,23.56
280,2019-08-03T13:07:00Z,ab51f63e6d8eab4b01c5d5423e627231ec2cc400b5c35b9edb547a31,60.16829,24.94214,00000000afef4555,25.36
281,2019-08-03T13:07:00Z,ae523a30eb1b90d1f25ec37a7286c4bb00beb55201b439f9da50ed96,60.16762,24.95415,000000006b44cce7,11.7
282,2019-08-03T13:07:00Z,aedcc1ad4c8734080828c4b7c38ac82fdf0d6702791d66862ecc14fd,60.149,24.9843,00000000fffb8cf0,29.32
283,2019-08-03T13:07:00Z,aee2b367719dc26189b29fbe1674eba0c15e3aafe5264d97a0465df8,60.16448,24.97323,0000000053c6c2be,11.7
284,2019-08-03T13:07:00Z,af6ba64fec381329108c2a88645b5297efba3d039d0619f168049eec,60.17002,24.94407,000000006b087f40,27.28
285,2019-08-03T13:07:00Z,b008c27e23d1555e1844878c702b77d4c5f3347fad083944f337fd47,60.16762,24.95415,000000006b44cce7,13.75
286,2019-08-03T13:07:00Z,b0ebbd349db8cc802dddf08539f09cfa89199ebc4e76ffed44d67449,60.1538,24.95595,0000000038bf9618,41.64
287,2019-08-03T13:07:00Z,b172bd53ceb53f7020ebf0e54c1eb958d1d571c862f234208596b55c,60.16762,24.95415,000000006b44cce7,9.12
288,2019-08-03T13:07:00Z,b27a7c7bd61419208eaf6efa277b34c3ac0f67ca1c0f62c8769f6c8d,60.16897,24.95222,00000000aa852af1,23.56
289,2019-08-03T13:07:00Z,b33e03f8ccdc66a9023a6e4245b015ac77ad8db5049c3902aa13c404,60.16762,24.95415,000000006b44cce7,8.38
290,2019-08-03T13:07:00Z,b458512c600c1befe2c8dee3ebfdab674c453a7f544811a7701e61bc,60.16762,24.95415,000000006b44cce7,20.28
291,2019-08-03T13:07:00Z,b50397c681fd98add473280b02d4797b78c5b7384a8673f5e608f4be,60.16829,24.94214,00000000afef4555,11.7
292,2019-08-03T13:07:00Z,b57bbe8a813ca98b14037974890e9252c0601935c0487bf95d81afc2,60.15432,24.9211,0000000019fb59c4,5.91
293,2019-08-03T13:07:00Z,b58ef9aa675b1dd36a0efd601c44597ac7ee4189cd074b5831d35fac,60.16897,24.95222,00000000aa852af1,17.4
294,2019-08-03T13:07:00Z,b84dee2100337bf367177bcd12b69660db6800c27f65ffafe564ea62,60.16829,24.94214,00000000afef4555,2.3
295,2019-08-03T13:07:00Z,b87ccaa1f8b7297b37397ea3ebb9f6927eb3d12db532727a1e470103,60.14699,24.922,00000000a53ed894,12.69
296,2019-08-03T13:07:00Z,b91a609c66eddcb215e478d18502b615264e9b0c22caddf161c1e73e,60.14699,24.922,00000000a53ed894,8.38
297,2019-08-03T13:07:00Z,b9f019839fde23ebe8b1a0bb1b6664f6e986c60e812afa08a3110fda,60.16897,24.95222,00000000aa852af1,18.79
298,2019-08-03T13:07:00Z,bae0147b42a44cd3d4696e9396efa460e0849d17e1c2662d71321a24,60.15432,24.9211,0000000019fb59c4,18.79
299,2019-08-03T13:07:00Z,bcd2cd52f66702ef4483f61a2b38ac6ad15a996591118c31d329d9bc,60.14699,24.922,00000000a53ed894,18.79
300,2019-08-03T13:07:00Z,bebe533895aa9aeb8b5223d0f0f1058bb20609748ba60e49f961ca8a,60.16762,24.95415,000000006b44cce7,7.69
301,2019-08-03T13:07:00Z,bec98a1d69d8c70fc69def23a6d5c3ba4726dc52f91b964228323ecf,60.17002,24.94407,000000006b087f40,27.28
302,2019-08-03T13:07:00Z,bf01e188a9403fdefc7d2509dcca8e88248c8c4954bab8dec44d3c8a,60.14699,24.922,00000000a53ed894,18.79
303,2019-08-03T13:07:00Z,c13c6e91c50115599dffe4b495b37a9ce01531d078f830540d5f393d,60.14699,24.922,00000000a53ed894,17.4
304,2019-08-03T13:07:00Z,c212502855b03f6ac94d2e2ce0c4e3f22feb4b1349be71a61131568a,60.15432,24.9211,0000000019fb59c4,17.4
305,2019-08-03T13:07:00Z,c21c07bd74dd27a6a3a791636d50f1dbc3c8745d53aeb928d250b794,60.14699,24.922,00000000a53ed894,20.28
306,2019-08-03T13:07:00Z,c25af5b2ce7290965e9f9ab0364b1e2dc230168112a7b028aafe28af,60.14699,24.922,00000000a53ed894,14.89
307,2019-08-03T13:07:00Z,c2c6428e93f06abfccb1316bf10130cd9214f0875e84f27bb3c87dbe,60.173,24.92524,0000000096918cfa,12.69
308,2019-08-03T13:07:00Z,c382fb4e82a29e5c986356e38bcbd293b78f87d075cd81bbe6714d3b,60.16829,24.94214,00000000afef4555,20.28
309,2019-08-03T13:07:00Z,c3e4a228f5cc6bc68e9653e08ef29d85412f11c9f1817ec8ef937992,60.17065,24.93641,000000000f4919c9,31.5
310,2019-08-03T13:07:00Z,c3e4b5aa0932582da00b8e712673f60fa20b18d995f7ce43952a2bc6,60.173,24.92524,0000000096918cfa,17.4
311,2019-08-03T13:07:00Z,c41f44a33fe099a911be87465f8266bd1cc659605cfe21dbbf08735d,60.16544,24.95398,0000000038d83d41,14.89
312,2019-08-03T13:07:00Z,c59d104c373c5ead5691df7c8d8f3b689c79c33039059e9b3aa4b29a,60.17002,24.94407,000000006b087f40,7.05
313,2019-08-03T13:07:00Z,c5f1398bea9846bf90dd97473d41c70ec643f5989fce2b40cf804f18,60.16762,24.95415,000000006b44cce7,7.69
314,2019-08-03T13:07:00Z,c5f625aa65b3648c6cee3b386150613e9cd9eaaaa3a2cdd3b4c8b586,60.16829,24.94214,00000000afef4555,4.5
315,2019-08-03T13:07:00Z,c750b18c597aaeb3805b39592ebd0954954070c57a5999fcd6b8f78f,60.149,24.9843,00000000fffb8cf0,12.69
316,2019-08-03T13:07:00Z,c8fc69edb4009d6e9b309ce111f0350ea55944e11faf5b1969e9b5f0,60.16829,24.94214,00000000afef4555,21.87
317,2019-08-03T13:07:00Z,c948c8c6e147aadd398f9ad71d809481a3611ff4d49cbf1534d2ef58,60.17002,24.94407,000000006b087f40,16.1
318,2019-08-03T13:07:00Z,c9b1ffb1929a1e389e9c7453ccfa0eb53601412d84a2f3e5228344dd,60.16897,24.95222,00000000aa852af1,17.4
319,2019-08-03T13:07:00Z,cb0b6156b4298e57cf68469da50ed3dd853c219ba5c41dbfefe208bd,60.149,24.9843,00000000fffb8cf0,20.28
320,2019-08-03T13:07:00Z,cb53f0002cb527bcf37500e6fc16ef4b18bcac4e419815a4b19eaccf,60.16829,24.94214,00000000afef4555,18.79
321,2019-08-03T13:07:00Z,cb9ab51563109c29afabb638d8178aeda36a24562586df858b3dd406,60.1638,24.96846,00000000d747f075,20.28
322,2019-08-03T13:07:00Z,cbcab088f66bcc3492916096f2c0e98c95543c1926d3d875c309b79a,60.17002,24.94407,000000006b087f40,1.38
323,2019-08-03T13:07:00Z,cbf335b71f63ecdb27433268f8f3a8bc40762dd52c2b196807a43b52,60.173,24.92524,0000000096918cfa,21.87
324,2019-08-03T13:07:00Z,cca8e87ca022a7b55845f0972783e1fedf6c367c35f4fb0fd8269640,60.16762,24.95415,000000006b44cce7,9.92
325,2019-08-03T13:07:00Z,cd9fa1cd2cf7ba5def9c35ef976c446d7cdb6798faffdfe060d18e8b,60.14699,24.922,00000000a53ed894,12.69
326,2019-08-03T13:07:00Z,ce07054486d607446312d0165b5b6135fce4cc027c6adfef10d3a476,60.17918,24.95141,00000000675d5200,21.87
327,2019-08-03T13:07:00Z,cf0e964de21171a656361bca3aca9237c5148d99eedc05ea07a48130,60.1538,24.95595,0000000038bf9618,17.4
