,time,hash,latitude,longitude,serial,distance
0,2019-08-01T12:15:00Z,0fff89885f08417f20aadfdbf62a372277e9085bcd024374b772ecac,60.16531,24.9442,00000000fdda10fe,21.87
1,2019-08-01T12:15:00Z,144afc51fc2443c7031a2912566eff2ce60226a49d6d2bd7c2923700,60.16544,24.95398,0000000038d83d41,16.1
2,2019-08-01T12:15:00Z,1a495c3ea0eb4551aaa85260bbe375ba4616819ecdf94da177740d16,60.17002,24.94407,000000006b087f40,21.87
3,2019-08-01T12:15:00Z,2a93b61a3863ace54349d7a0937e4134fcc6d4dfcf064eefae2b7cf8,60.15432,24.9211,0000000019fb59c4,13.75
4,2019-08-01T12:15:00Z,2efd972897e318100638d8474e49f7d4cbfb4d97c6ee232a20a417e2,60.16897,24.95222,00000000aa852af1,20.28
5,2019-08-01T12:15:00Z,319cc1d5bc5e13c13c0feb12cee9a0b55b676d665a4f2a4bd11c7f78,60.15432,24.9211,0000000019fb59c4,17.4
6,2019-08-01T12:15:00Z,4c90d667a8bf7ea1281fcb14f35adcd1497fb1ba95366b82b4b1d737,60.16629,24.95957,00000000fb7600be,21.87
7,2019-08-01T12:15:00Z,53dbe255fea37f5090b8b35afdd743747b903c68c20ae4df0817b98c,60.1538,24.95595,0000000038bf9618,25.36
8,2019-08-01T12:15:00Z,550534e45b2c130b5fe0c57978a29a8efc3d42d657bdffc49469b85b,60.173,24.92524,0000000096918cfa,18.79
9,2019-08-01T12:15:00Z,5d65719c4cbf045f068d084b72302f447d5fd034413d97d13be00d0e,60.18203,24.91341,00000000342570c2,18.79
10,2019-08-01T12:15:00Z,62ba3ea518b5e78749f37fcd40a3f18f8059689f1df2d876536785b8,60.17065,24.93641,000000000f4919c9,25.36
11,2019-08-01T12:15:00Z,660c668edc3b239e521fc8d85ca6f442cec48702a08567ecb7f863d0,60.18203,24.91341,00000000342570c2,25.36
12,2019-08-01T12:15:00Z,6a657079c1bdc8114c289be1ddd83e5846d4279a920d1697b8ff0033,60.18203,24.91341,00000000342570c2,27.28
13,2019-08-01T12:15:00Z,72a2c6fc75837c2f0b1c81a3f702a0e3ecf85e154dd09b517d93660c,60.16829,24.94214,00000000afef4555,12.69
14,2019-08-01T12:15:00Z,74ac9e70d8bf05deee7213a3556dcfb5614ac8ff325c6f2bbe888b49,60.17065,24.93641,000000000f4919c9,29.32
15,2019-08-01T12:15:00Z,76c7f42283513d0e289bf786d89463b5025b2ae0f4e13519a4cf228b,60.15432,24.9211,0000000019fb59c4,13.75
16,2019-08-01T12:15:00Z,77839e655f856d5295739c2388237a95b399c3b8a4f659cd1345d939,60.16829,24.94214,00000000afef4555,20.28
17,2019-08-01T12:15:00Z,78d5f60b36b59c06c3988b94e11744bb3aed5dcbc214f91f228bf892,60.16448,24.97323,0000000053c6c2be,23.56
18,2019-08-01T12:15:00Z,835eb774ba4395f75800df54f89aef17a19903c568a6c2a026874641,60.16762,24.95415,000000006b44cce7,9.12
19,2019-08-01T12:15:00Z,8412b74b4bc1fab0813c0edb056928e3778209d54ebceaa2b90f8e75,60.16075,24.95883,00000000f1124bca,5.41
20,2019-08-01T12:15:00Z,87dfaad29a9276ddddb1fa021d3bc23ad14824c1af16f7d87e713689,60.14951,24.92138,0000000006dd41f6,13.75
21,2019-08-01T12:15:00Z,8c75c3289c84fe4493e1e272a77b615fe1985880c5dc68a7c1a17b53,60.16762,24.95415,000000006b44cce7,9.12
22,2019-08-01T12:15:00Z,8cc6ddaa460aeae8cc9e8a33f91a01c8cd4c0c8bf8a943210a28c84d,60.1538,24.95595,0000000038bf9618,33.81
23,2019-08-01T12:15:00Z,9843c6216661048343a0e49cf3d8aa2883cf77f452666a1c873a1052,60.16448,24.97323,0000000053c6c2be,13.75
24,2019-08-01T12:15:00Z,9d03d14afa49576281aa26db60e517f7c1ec8aa36f7756959a860a8a,60.16629,24.95957,00000000fb7600be,8.38
25,2019-08-01T12:15:00Z,a483328346d8f5e744af7a6285403a81c4d96c9d71077d7a76dcb513,60.16762,24.95415,000000006b44cce7,11.7
26,2019-08-01T12:15:00Z,a794b5cd3dff23bb2fe621fa0fa64a9ad4be2ab820bff2b483489903,60.16897,24.95222,00000000aa852af1,17.4
27,2019-08-01T12:15:00Z,a91d379a4b57c5df22db0d7a041ff69f657b4b31f28554b1011fc03c,60.16544,24.95398,0000000038d83d41,29.32
28,2019-08-01T12:15:00Z,a9da1ee82e3b670e276c26b483dd50f4a6d0c6f77ef82245d3ae6086,60.18203,24.91341,00000000342570c2,14.89
29,2019-08-01T12:15:00Z,c13fecdae771ff79ec6d69d2ab671365c470b1ce294ffa25b12356e8,60.16897,24.95222,00000000aa852af1,21.87
30,2019-08-01T12:15:00Z,c40c37def6bf11a63a2556519a7c6233fd417cdeea2cf14f28e7c42c,60.16531,24.9442,00000000fdda10fe,14.89
31,2019-08-01T12:15:00Z,cf05623e4d87ce0906c0b0b7dbf53aacc1228016cd27c341228b6e76,60.18203,24.91341,00000000342570c2,18.79
32,2019-08-01T12:15:00Z,dd2c9c82cf3737146294aff6f814a1349fb0bc4bedf518715dacbe8f,60.18203,24.91341,00000000342570c2,13.75
33,2019-08-01T12:15:00Z,ed70dda6b7faebd4340dacdb452ab224d9d3c308df417b7fa76f54e8,60.15133,24.92329,00000000e8a064a4,33.81
34,2019-08-01T12:15:00Z,f0658ab84466fd2b70b305787976c9cc96062ec03a830710452e9a77,60.16544,24.95398,0000000038d83d41,23.56
35,2019-08-01T12:15:00Z,f088630d7476dae7d4b7e2bb1f10575f2c89acb4b6e061f3d57c2b40,60.16531,24.9442,00000000fdda10fe,31.5
36,2019-08-01T12:15:00Z,fc4f3a44235f1cfc7b53f14ba2da599976a5a0a220d23b852688e485,60.17919,24.95181,000000007b5207b6,12.69
37,2019-08-01T12:15:00Z,00a93403997c7540d60734e0ede6dc1d7f120022a42fffb948af10ca,60.149,24.9843,00000000fffb8cf0,10.78
38,2019-08-01T12:15:00Z,02083dff86d6ca8825c6cbf118c60d37880302cc8500af49a6a3f1d8,60.16075,24.95883,00000000f1124bca,9.92
39,2019-08-01T12:15:00Z,0230f25976fd0d8dbb22cb171b321eb824e251e7ef01337d1cb683ca,60.17919,24.95181,000000007b5207b6,7.05
40,2019-08-01T12:15:00Z,034f8f01b4e31f1e0e8c96510f0f601cfd54d0d81b25765eb39abe93,60.17002,24.94407,000000006b087f40,14.89
41,2019-08-01T12:15:00Z,04a63c58c16f6551dc4da3dfbba8db6c109ad0c78a35d10bd75855bf,60.1638,24.96846,00000000d747f075,23.56
42,2019-08-01T12:15:00Z,04b25ec23582ffdab25db557f9d2f26b79bdd336822d1748d99c84cc,60.16829,24.94214,00000000afef4555,10.78
43,2019-08-01T12:15:00Z,054ede2020d75c0dd705916fa166f87e93cb0254172d45bfe4234ee3,60.15432,24.9211,0000000019fb59c4,7.69
44,2019-08-01T12:15:00Z,063993e48236651bd94982f9de9c908b1ddf27f1cdb1d73095717eb0,60.17919,24.95181,000000007b5207b6,10.78
45,2019-08-01T12:15:00Z,06afc10afd43d3fc2a356c5212e1d27804cb066a74d0c7390a4b8140,60.16762,24.95415,000000006b44cce7,21.87
46,2019-08-01T12:15:00Z,0700f38e751350f615b56c19e6c6edb0a02c0dd9c673d7d54f789f21,60.16762,24.95415,000000006b44cce7,14.89
47,2019-08-01T12:15:00Z,0743bb2655a229082f022f3fb871aea933c39a849cac73148e4a8dd2,60.16531,24.9442,00000000fdda10fe,12.69
48,2019-08-01T12:15:00Z,07ad198fd6e58b778b8e970230621205c93fcdfb49f34a54d36e2fe9,60.16075,24.95883,00000000f1124bca,31.5
49,2019-08-01T12:15:00Z,08049e54c820282d128bf7b38ca3e71ecdbe8def8676cafa36fd9f6e,60.16762,24.95415,000000006b44cce7,4.11
50,2019-08-01T12:15:00Z,0817b93de9d99dcbc9c9dfb79eb4af7f7f7e36c8bd34b48b7071258a,60.16075,24.95883,00000000f1124bca,9.92
51,2019-08-01T12:15:00Z,0970152384119ce6c760f3f5e747992cab019634bfaf04d4597ce13f,60.16897,24.95222,00000000aa852af1,11.7
52,2019-08-01T12:15:00Z,0a12991061173064d2a2900209a04be3d839d48ef052974f0bb57c9a,60.16829,24.94214,00000000afef4555,13.75
53,2019-08-01T12:15:00Z,0a49f0edbc78fa7ea7c66e923ddda5fa5b056fba756d6fa4868f713d,60.16629,24.95957,00000000fb7600be,16.1
54,2019-08-01T12:15:00Z,0a5f9babcac997182995fe7d56f6e7bff18200b87faf5e8a06a63c5c,60.17002,24.94407,000000006b087f40,16.1
55,2019-08-01T12:15:00Z,0ae632c6ae20c40ddd73fe0cfffbe26305b1d8a38260c80d87b90cdc,60.16897,24.95222,00000000aa852af1,17.4
56,2019-08-01T12:15:00Z,0b85f6dbb2bf4e7de62e02ad1ba6226673bf3179c73a7425481bac96,60.16762,24.95415,000000006b44cce7,12.69
57,2019-08-01T12:15:00Z,0c4d06392de10a12812d59384d366aec4afb157bee3cfcb9cdd4a598,60.16531,24.9442,00000000fdda10fe,5.91
58,2019-08-01T12:15:00Z,0c876f6967de6fd925a91eb106da739e41883a0cd0e09c77e92a9307,60.16544,24.95398,0000000038d83d41,20.28
59,2019-08-01T12:15:00Z,0e4c038648ee23899b76befdddd03584c991c201f5450af1a33f9ece,60.16544,24.95398,0000000038d83d41,21.87
60,2019-08-01T12:15:00Z,0e5819ea2df3d28aff8b7a565c2a93e0738c6decca039603d78bf5e3,60.149,24.9843,00000000fffb8cf0,23.56
61,2019-08-01T12:15:00Z,0e96e3cc5da6beaceab22ca561155ba67bca7227f31c4a9c8507ec7b,60.16448,24.97323,0000000053c6c2be,16.1
62,2019-08-01T12:15:00Z,0f9a4547e6a5717bdc103258a8b917c68d7bbc42e2b9bc39a3805db2,60.16629,24.95957,00000000fb7600be,16.1
63,2019-08-01T12:15:00Z,11622b5a87ac33dc71bcc4f964b8e747c5bb9209a5069e7362179338,60.16544,24.95398,0000000038d83d41,18.79
64,2019-08-01T12:15:00Z,11c7f5182f3b6450be222d77daa761f99479c075e1d3de858488d64d,60.14947,24.91438,000000004ef3150d,20.28
65,2019-08-01T12:15:00Z,12301f75db0483745a72247533877ea48f658264f6a5b3b15921de26,60.16075,24.95883,00000000f1124bca,5.91
66,2019-08-01T12:15:00Z,123c54ff6a65297fe8a960d490549fb531e39110785309dd4af7f4b6,60.17065,24.93641,000000000f4919c9,11.7
67,2019-08-01T12:15:00Z,13d41a063d4f71276d479461f331d22b3144f919cfbc80c861094bf7,60.16544,24.95398,0000000038d83d41,29.32
68,2019-08-01T12:15:00Z,13dde711691147b485b62c78d0a5621c1489fec67b233f2d981808ad,60.16897,24.95222,00000000aa852af1,25.36
69,2019-08-01T12:15:00Z,15b46b270141c6486401ca56596a58634ad019d3d51c80dedf6322b7,60.149,24.9843,00000000fffb8cf0,20.28
70,2019-08-01T12:15:00Z,176181d982abe489e184494d6044aa8b92cd42c8383f2ec00a645586,60.16829,24.94214,00000000afef4555,10.78
71,2019-08-01T12:15:00Z,17ec9c0015e901bde1c99de9eb4559fe45c84d78359e2698dcdaa812,60.16531,24.9442,00000000fdda10fe,7.69
72,2019-08-01T12:15:00Z,181c7fa4fa7f693149ca81e1c57fbba459a8fc98325bc29dbb5c53b4,60.17065,24.93641,000000000f4919c9,5.91
73,2019-08-01T12:15:00Z,1a442666c2a1171b6971226415ffc27b059d9f44ab2af831cb9f2c7a,60.16762,24.95415,000000006b44cce7,16.1
74,2019-08-01T12:15:00Z,1b053f8af6a03a34d572db8f35971a672cdc62b5528ff6fff5b40c5d,60.16075,24.95883,00000000f1124bca,2.8
75,2019-08-01T12:15:00Z,1b76e562e1105f5eaf32e0f2c3f5ba01e2d1b9615b767859bfea15e0,60.16762,24.95415,000000006b44cce7,16.1
76,2019-08-01T12:15:00Z,1c103b140f099f7cd5d8e9b907fdfe677741efe1b5b67daa2474cc66,60.149,24.9843,00000000fffb8cf0,17.4
77,2019-08-01T12:15:00Z,1d1ae81ada5a72e8e223ef7a4b03bd570c7c051ea67a8fc61f256d05,60.16531,24.9442,00000000fdda10fe,5.41
78,2019-08-01T12:15:00Z,1d7b6a0822512c848b36ba097d2aebc370407a227dedcccdb8cb2ffc,60.16531,24.9442,00000000fdda10fe,3.09
79,2019-08-01T12:15:00Z,1dacfb371d75dd4f90f447aac2a00faad98beb4188a6971c19eb2375,60.16629,24.95957,00000000fb7600be,20.28
80,2019-08-01T12:15:00Z,1e3c802cbb2eb474834e97f8f1e337eefe871df74132a618f92c7f99,60.16762,24.95415,000000006b44cce7,6.46
81,2019-08-01T12:15:00Z,1ecbc7c6afe89033252e5510cbb893666af2b3bc29f555a3a6287fdb,60.14951,24.92138,0000000006dd41f6,5.41
82,2019-08-01T12:15:00Z,1fb88b88ac72df59d6e3654844d1dd496ca66f0893b8f529515435e0,60.16629,24.95957,00000000fb7600be,11.7
83,2019-08-01T12:15:00Z,1fc5adae3ae65f9b70fe725e41c526cde113171ae2973a06bdae3b6b,60.17002,24.94407,000000006b087f40,20.28
84,2019-08-01T12:15:00Z,21e21955a0d6721cb60e13d90cff53b38a6f5e8dc379edb793b4e531,60.16762,24.95415,000000006b44cce7,14.89
85,2019-08-01T12:15:00Z,21f25069141e3364f978d6030771fb6a1aac09e35e85f47c6724d1db,60.17918,24.95141,00000000675d5200,17.4
86,2019-08-01T12:15:00Z,23747f25cfc5e8a9a11c25ffde7266293322ed9ec0279d829487eda5,60.1538,24.95595,0000000038bf9618,20.28
87,2019-08-01T12:15:00Z,24eeff1a5a823d627ab2f8ddf9820a97ed787be8054fcd846998fb52,60.16629,24.95957,00000000fb7600be,12.69
88,2019-08-01T12:15:00Z,259020c5b97d311880ee36abc85c4c84cd0c2db5c011abff7d57a825,60.149,24.9843,00000000fffb8cf0,17.4
89,2019-08-01T12:15:00Z,28f4c85f582b668b51506cabd1481345e9c9a7b860da7b10d5a0daf5,60.17002,24.94407,000000006b087f40,21.87
90,2019-08-01T12:15:00Z,29938fae67f94ac7492738a6cb50899d94ab4527eec4b77977407465,60.16897,24.95222,00000000aa852af1,11.7
91,2019-08-01T12:15:00Z,29f784674878866b42431e80fd75312930d1df4375e5be41b04ed317,60.16897,24.95222,00000000aa852af1,20.28
92,2019-08-01T12:15:00Z,2a1653debdc7aefd81006996de4ee912d486d476b1381c829a1cbec7,60.17919,24.95181,000000007b5207b6,7.05
93,2019-08-01T12:15:00Z,2a5779a594e110624c89da4054dc61a732b604265de3db0b0c308705,60.16829,24.94214,00000000afef4555,4.94
94,2019-08-01T12:15:00Z,2abec401ee16a0809327f730532168e14f9652505b49e6278781ea31,60.16629,24.95957,00000000fb7600be,25.36
95,2019-08-01T12:15:00Z,2b1c0b53aad52e67b0cb91ecb9f2463f24922912f82503067db48733,60.16762,24.95415,000000006b44cce7,9.92
96,2019-08-01T12:15:00Z,2b95b8c5592762c5b6f9708cf0a91a58b42b85733b2675e5b0ea3e3a,60.16829,24.94214,00000000afef4555,6.46
97,2019-08-01T12:15:00Z,2bf855dd8dc37043061dbe82938ecdef9d3f3d11fefb2657bf22832a,60.16829,24.94214,00000000afef4555,16.1
98,2019-08-01T12:15:00Z,2c6440902c9989db41a412e9937b0d147c0c94d0f00bab3466835d2b,60.18203,24.91341,00000000342570c2,8.38
99,2019-08-01T12:15:00Z,2d0e899ceb9d6a19af0a5b54de2aaa08a8d27b00f85ffd069734eb87,60.16762,24.95415,000000006b44cce7,11.7
100,2019-08-01T12:15:00Z,2e83d5721922cac2bb772fc95ca40a3fc79191f6e4e8b0a4b1115269,60.1538,24.95595,0000000038bf9618,27.28
101,2019-08-01T12:15:00Z,2ebaae5df8699be1a4b195632d17e4f729d59635a0899c03bf7a3dee,60.16897,24.95222,00000000aa852af1,11.7
102,2019-08-01T12:15:00Z,2efe6ea6ff1e17a021626cd28700aa8d6eaf61ad68015cb306055a38,60.16762,24.95415,000000006b44cce7,5.41
103,2019-08-01T12:15:00Z,2f00986c7e07ec7e9ca01a5574719fd9d459c84b72235cd412e59481,60.15432,24.9211,0000000019fb59c4,5.91
104,2019-08-01T12:15:00Z,30c44a32332434b51397562cbcd2bc69f73ba7299f9a2435a4cab278,60.17002,24.94407,000000006b087f40,20.28
105,2019-08-01T12:15:00Z,30cf63a684803208511f021976199d8e84ddc34fca9c7c462893ccb1,60.149,24.9843,00000000fffb8cf0,18.79
106,2019-08-01T12:15:00Z,312e0e131be96ba91ec5e009ece77fbad184153ca6e59c81d27e9a7c,60.16897,24.95222,00000000aa852af1,18.79
107,2019-08-01T12:15:00Z,325d82788610f52eae56f0843ef40b0f258659ed328ef4801063bb32,60.16075,24.95883,00000000f1124bca,2.8
108,2019-08-01T12:15:00Z,32aa7dcba7c20db6e44b6348eaae733225133050bc6831498213e2c8,60.149,24.9843,00000000fffb8cf0,23.56
109,2019-08-01T12:15:00Z,32ade81da218e6220ef386a198858877a0e55b1740fc281535d930e0,60.16829,24.94214,00000000afef4555,4.5
110,2019-08-01T12:15:00Z,32e6c026e7a8a43199cb44fa4f721aa862d9dc1ea68dfd37ecd97046,60.16762,24.95415,000000006b44cce7,4.94
111,2019-08-01T12:15:00Z,33fe1e5a37d7e12c886e5580eda21fdb164579519b57a9041e6b284f,60.16762,24.95415,000000006b44cce7,23.56
112,2019-08-01T12:15:00Z,358a3bcfaeb2e20979b121e9ce352ade5ac27c9b204f1416545db9ae,60.16075,24.95883,00000000f1124bca,9.12
113,2019-08-01T12:15:00Z,35a2031f5f17b5bb23dc611cac12650cc868bd9967e3e2d0064d405c,60.16448,24.97323,0000000053c6c2be,16.1
114,2019-08-01T12:15:00Z,365f8e24253e12754996923698946d17ef77ebb5f8174f8644d290b6,60.14947,24.91438,000000004ef3150d,7.05
115,2019-08-01T12:15:00Z,36835c324d6c0cacd67744c2e4a3f3ce39fa1c28658bde3da068e02d,60.16544,24.95398,0000000038d83d41,17.4
116,2019-08-01T12:15:00Z,39106e22fbfaa46ebb224aa168b3aca29fa79611174a201a7710942d,60.173,24.92524,0000000096918cfa,18.79
117,2019-08-01T12:15:00Z,39b447c822856a03075a40c39dcf815f0f7a6ffed303f7a35de2d11a,60.16075,24.95883,00000000f1124bca,8.38
118,2019-08-01T12:15:00Z,3a4eddd33b20f384fee55f84965561799747fc5ec7275c158389f0c8,60.16897,24.95222,00000000aa852af1,31.5
119,2019-08-01T12:15:00Z,3a742a0fc8615105dfb77e8d8c8f9f45716ac34351548d5e212c3620,60.16075,24.95883,00000000f1124bca,9.12
120,2019-08-01T12:15:00Z,3a8eb8f67979c3eee73d5c718507373d7585acff2bc8babe6ea8fa77,60.16075,24.95883,00000000f1124bca,8.38
121,2019-08-01T12:15:00Z,3b7907ac00313254d0904acc743ba6f38f1ab75cf00a4832d84055d4,60.16762,24.95415,000000006b44cce7,4.5
122,2019-08-01T12:15:00Z,3e23739b40f921f35109b5001c136d74c399f3b7016c5bacf642e746,60.16897,24.95222,00000000aa852af1,25.36
123,2019-08-01T12:15:00Z,3e3ca03a2f1e64292ba7254c92726980a23be85e8e096f7b62815805,60.17919,24.95181,000000007b5207b6,21.87
124,2019-08-01T12:15:00Z,3e879ea29aff2432eb813665fd4da549a82f24b6ab331463d14c8871,60.149,24.9843,00000000fffb8cf0,18.79
125,2019-08-01T12:15:00Z,3effe998b0e5b1b02ab85926c28586f11c25e0fd2e4816cc7ac7699b,60.17919,24.95181,000000007b5207b6,12.69
126,2019-08-01T12:15:00Z,409e4a65a9f754048b7cc2ba66c876bf284cdaa0e2eb13b6a9c10bdf,60.18203,24.91341,00000000342570c2,25.36
127,2019-08-01T12:15:00Z,413f98a575c4c30df01e370874903e39f9236f2d9f5bc784df648dc9,60.17918,24.95141,00000000675d5200,20.28
128,2019-08-01T12:15:00Z,4250be7b81077c58ded36279dd63f2e780de8f79a065138c6f354bf3,60.16531,24.9442,00000000fdda10fe,2.54
129,2019-08-01T12:15:00Z,42844e90c7134ebb3ec325f57cd27cd24711c779548ebc8692a820d5,60.14951,24.92138,0000000006dd41f6,3.4
130,2019-08-01T12:15:00Z,4339794dfdc9ecbbef4d609b1dfd5dc00556ae501c66758ac32c4a0c,60.16075,24.95883,00000000f1124bca,2.8
131,2019-08-01T12:15:00Z,437eefc54dd4eef52689f95b593299858a00a740a9ee0384b0ba5146,60.149,24.9843,00000000fffb8cf0,14.89
132,2019-08-01T12:15:00Z,447b6cd845c7dc69b8b81933a6cecad3207b58488d2d590ca6a96a72,60.16762,24.95415,000000006b44cce7,13.75
133,2019-08-01T12:15:00Z,4576c131a23afdfadde6dafe488b624fc5c4433529cee0e05a7adbc6,60.16762,24.95415,000000006b44cce7,9.92
134,2019-08-01T12:15:00Z,4582102bf4efb32508af491588263b55fd8ea293f8ebb2b6649d3996,60.16075,24.95883,00000000f1124bca,7.05
135,2019-08-01T12:15:00Z,47f80dd7e30b03f59c5db40cb521a2af08f2e379ce022c0e60929f0b,60.16829,24.94214,00000000afef4555,18.79
136,2019-08-01T12:15:00Z,49ab55c618c948ffec4b0a67c1683d0cf2c040aed824a563ed9e90f1,60.16075,24.95883,00000000f1124bca,20.28
137,2019-08-01T12:15:00Z,49abe708bcae982959a928fbe6d295c350df3a4dd0ef8883ac66ad6e,60.17002,24.94407,000000006b087f40,3.09
138,2019-08-01T12:15:00Z,49b86123ba547ec361df62dfcfe2fdcd1c881b66c3520537e71646c1,60.16544,24.95398,0000000038d83d41,27.28
139,2019-08-01T12:15:00Z,49b9fd7be5e17a5056ee2d377fb8eb89b277ae199eb965374a1d01ab,60.17919,24.95181,000000007b5207b6,10.78
140,2019-08-01T12:15:00Z,4b2e096431daf24803c379ee9c1a2f9bd003db0bcb20a95f2c3a21d1,60.16762,24.95415,000000006b44cce7,2.54
141,2019-08-01T12:15:00Z,4c6de75d7a661c44a4c70fe5f515c9ded29f8a75b05823fb419ff477,60.16629,24.95957,00000000fb7600be,5.91
142,2019-08-01T12:15:00Z,4daa4f7292ab15dfb820a7a0573a07d440c435ca9a5e11b751bc0c35,60.17065,24.93641,000000000f4919c9,9.12
143,2019-08-01T12:15:00Z,4dc9c22fd080d8d04a736713c7508b6b138c1faf25920fd91f228a28,60.17002,24.94407,000000006b087f40,9.92
144,2019-08-01T12:15:00Z,4e22f9f6f0a121d7461b48f8a6a590783d62ccf54a80bf9fcb1504c3,60.16829,24.94214,00000000afef4555,21.87
145,2019-08-01T12:15:00Z,4ffa107beeb38c761a31aa7e01d34ebd57e68443e6f1d13d543df8fe,60.16762,24.95415,000000006b44cce7,5.91
146,2019-08-01T12:15:00Z,50ac65404c2dee198becf716cd3e7c9ca0ffe6c5fc56f5cceffb64f4,60.16762,24.95415,000000006b44cce7,4.5
147,2019-08-01T12:15:00Z,5216cbfa8e2e4b204bb806f303e98fdfdef1d49b4723f2b9ee465370,60.16075,24.95883,00000000f1124bca,3.09
148,2019-08-01T12:15:00Z,526c71bee5fc46f68273357786af332598b61865b6295710a61392b6,60.16629,24.95957,00000000fb7600be,18.79
149,2019-08-01T12:15:00Z,528970493c647e53e14b48f1b1e271b5317bb48989681bb8707a063e,60.16629,24.95957,00000000fb7600be,4.11
150,2019-08-01T12:15:00Z,5333373be7a45990367d51e628ebc887173ade00f28da28126a88772,60.16544,24.95398,0000000038d83d41,18.79
151,2019-08-01T12:15:00Z,5499d2607cf49af28e475572f88d3617c698434794356a9fdbadfbdd,60.16629,24.95957,00000000fb7600be,9.12
152,2019-08-01T12:15:00Z,54a985cd53c2e7970f27d95316719689eb590a044d36ebf5e2e53e27,60.17919,24.95181,000000007b5207b6,4.11
153,2019-08-01T12:15:00Z,584cb0b0cdd14e608c8b57c8aecc9826f9b40027e365e2438a444ea2,60.16762,24.95415,000000006b44cce7,9.92
154,2019-08-01T12:15:00Z,58699a63439372666f59859fca61ced7f7220cb2f66283662fa9bd5f,60.16897,24.95222,00000000aa852af1,6.46
155,2019-08-01T12:15:00Z,58aa6a391a61460b1bc0d5805c5bef3516cf5f66dc0f680e78ad35df,60.149,24.9843,00000000fffb8cf0,6.46
156,2019-08-01T12:15:00Z,58bf1992525e112a3efbf797be890af669902346707fb6df66c686e3,60.17919,24.95181,000000007b5207b6,2.3
157,2019-08-01T12:15:00Z,58bf494bf88e9eabfb19a2bea282d1cbeee657decfa579caca214440,60.16075,24.95883,00000000f1124bca,4.94
158,2019-08-01T12:15:00Z,598620adf21c2f6b470bfe3b6ae38e25f1323c933d6244d209013c5d,60.17919,24.95181,000000007b5207b6,23.56
159,2019-08-01T12:15:00Z,5a4d78b6d7418a0dc7387b93d636aebf288f9fdc4a59a46d8a1ead99,60.14947,24.91438,000000004ef3150d,14.89
160,2019-08-01T12:15:00Z,5af280c6994c089d639b7df44723bce8151a8b7fa7b4ab519f366b68,60.17065,24.93641,000000000f4919c9,11.7
161,2019-08-01T12:15:00Z,5bab2c3fe4928550dcfdd6576cc943e70493ac4f9c9b72271b62c728,60.16897,24.95222,00000000aa852af1,21.87
162,2019-08-01T12:15:00Z,5e72bc4345903e6161ab8615b179e8a7cce3647d295b4fad6ae656f2,60.16762,24.95415,000000006b44cce7,12.69
163,2019-08-01T12:15:00Z,5fb3577b5225100c473fff61d1217df59b496e7fee7a821e7b02ba7c,60.16762,24.95415,000000006b44cce7,10.78
164,2019-08-01T12:15:00Z,6179f66d035997993be52551c9f71194be6a309955e2d2e8b16af075,60.17065,24.93641,000000000f4919c9,9.12
165,2019-08-01T12:15:00Z,63328be4932d53d2e052ec5444bdb3a845e1c3621b103224907c01ff,60.16829,24.94214,00000000afef4555,11.7
166,2019-08-01T12:15:00Z,6460baa2ab21db1c0468523c8993ab6fa38519409933bbb725f3e624,60.15432,24.9211,0000000019fb59c4,11.7
167,2019-08-01T12:15:00Z,65421f0e4b0ae12c96157f0b2c89c157170bdd9d6d46844b8dc7895c,60.16897,24.95222,00000000aa852af1,29.32
168,2019-08-01T12:15:00Z,660c96823d6a143b506bae4f6ce3fe1b3fbd7a0f4b6b7f98aa51331a,60.15432,24.9211,0000000019fb59c4,44.58
169,2019-08-01T12:15:00Z,665bcd7d9b7f401282dd9afd2f2ef832584237f343ebb3942523b358,60.16629,24.95957,00000000fb7600be,14.89
170,2019-08-01T12:15:00Z,668c5ec21b76c6261bafdc88ae74c59d76842422f5b0aa2f3b9578f9,60.16829,24.94214,00000000afef4555,10.78
171,2019-08-01T12:15:00Z,6b0c07628cb01cd17f84f5662d16e25eb6fef8b944d6a324c24adbba,60.16075,24.95883,00000000f1124bca,14.89
172,2019-08-01T12:15:00Z,6ccb6617769c978e078fd53ac5e32a9cb8ccea439430cbd7834859a2,60.18203,24.91341,00000000342570c2,21.87
173,2019-08-01T12:15:00Z,6d05b9ba461d4227ed98f814ebe77ee144b5256cd89907d52e25e101,60.173,24.92524,0000000096918cfa,25.36
174,2019-08-01T12:15:00Z,6d751927caeaf52e3264923267290126215b2156486f89959355968c,60.16762,24.95415,000000006b44cce7,6.46
175,2019-08-01T12:15:00Z,6e7b2ed1748c05584073a130dcec2eb578df156f1795a522e563b503,60.16829,24.94214,00000000afef4555,16.1
176,2019-08-01T12:15:00Z,6fe242bb704a33e03ab37bf31e1c07ac234a128e7d55dfd26a5db6b3,60.16629,24.95957,00000000fb7600be,27.28
177,2019-08-01T12:15:00Z,70d41711456100f064c2d98c584830ebaf0cdfe71aed789a64ee6f4f,60.17919,24.95181,000000007b5207b6,12.69
178,2019-08-01T12:15:00Z,71eae22276dee8be744e467735cc8d162332d6a613b93329c8b3a5f3,60.16762,24.95415,000000006b44cce7,9.92
179,2019-08-01T12:15:00Z,726934a6320c0b1918b8cdc349bfbbc8e1c87c1f2fd3a3fc9acb96a8,60.16897,24.95222,00000000aa852af1,18.79
180,2019-08-01T12:15:00Z,72ada64a130204eb2ec072cdc4e4daf4d1efb4da7f01c34560b9775c,60.16448,24.97323,0000000053c6c2be,14.89
181,2019-08-01T12:15:00Z,7355b16404ad998718e3a80620058bd06ff1e75ab514a47e4583cb91,60.149,24.9843,00000000fffb8cf0,2.08
182,2019-08-01T12:15:00Z,7359fb0de8db52bb205348b20717e23d1b8c4564047765a6d4bd0899,60.17065,24.93641,000000000f4919c9,27.28
183,2019-08-01T12:15:00Z,7460e381f74454f981dd644dacd40703aaf371aaeb4905734021ccd4,60.16829,24.94214,00000000afef4555,20.28
184,2019-08-01T12:15:00Z,74ee80654832550fcb11de70f7d71df63d637fa8633b2fceb1c28c6c,60.16629,24.95957,00000000fb7600be,10.78
185,2019-08-01T12:15:00Z,75b5577a28cf22e528845d8174765594cab3d661a0c033023675e6ba,60.16897,24.95222,00000000aa852af1,16.1
186,2019-08-01T12:15:00Z,7653abe8720102438558ac70316ddfe1619f147eab0b2e406e7f5643,60.16075,24.95883,00000000f1124bca,0.41
187,2019-08-01T12:15:00Z,7698f8ab6c7e4ac117475aef652c725a9770ba473ec439a616570b9c,60.16448,24.97323,0000000053c6c2be,23.56
188,2019-08-01T12:15:00Z,77019742a5eb49b6e48783b3b9a15d9ad2216ee2d1dce2f0eac9cc15,60.16762,24.95415,000000006b44cce7,9.92
189,2019-08-01T12:15:00Z,77882bc0ca24ba755e71d45941a0ac4459bf33424c3a937881a89f3a,60.17919,24.95181,000000007b5207b6,9.92
190,2019-08-01T12:15:00Z,77a066fb053e45727b1eef80464d529da1e48b1040355419963a36a0,60.17919,24.95181,000000007b5207b6,3.4
191,2019-08-01T12:15:00Z,77c411cff26854bb4190586fb428c2e2d8ca5a65fe8331656744bab0,60.17919,24.95181,000000007b5207b6,10.78
192,2019-08-01T12:15:00Z,78a9535148d256e36a93dcce58f6dac7864c3bcd43b255c37291aa30,60.17002,24.94407,000000006b087f40,25.36
193,2019-08-01T12:15:00Z,797f66a86691b5bcc6345d224f53aa178b026bee8c4b6ece6745fb53,60.16829,24.94214,00000000afef4555,4.11
194,2019-08-01T12:15:00Z,7ad88599a7131e681b2cb4252607d218fbc5714f72c145982077612f,60.14947,24.91438,000000004ef3150d,13.75
195,2019-08-01T12:15:00Z,7d35ca2e92289f924e645ee0dc0a7881c17a0c2666198b237c6daf4c,60.16531,24.9442,00000000fdda10fe,29.32
196,2019-08-01T12:15:00Z,7dc239de02691caaa815726feb250153cf8c0cfb18b655454b12d35a,60.16829,24.94214,00000000afef4555,16.1
197,2019-08-01T12:15:00Z,7dcc49af64098aedce91e4af0369c17775daa76130c438c68dd54023,60.16448,24.97323,0000000053c6c2be,17.4
198,2019-08-01T12:15:00Z,814d4423c8b8a2bfb022d6a490d925e61bfae02961ac39a50dc2d982,60.16629,24.95957,00000000fb7600be,29.32
199,2019-08-01T12:15:00Z,82b77e370197c154a5433eb42203905079c6ccf3c0aa3e5eda47d397,60.149,24.9843,00000000fffb8cf0,5.91
200,2019-08-01T12:15:00Z,82d700d307903efc9508111e8de6736cea50a4ddacef4e309819432a,60.16531,24.9442,00000000fdda10fe,25.36
201,2019-08-01T12:15:00Z,83098b3db4927f3e861467b94f780a0a84bc61379dfb9291533427e6,60.16075,24.95883,00000000f1124bca,5.41
202,2019-08-01T12:15:00Z,83ad884f43747159283deb6edb8c026f32b22525af5cd9e052d038cf,60.16075,24.95883,00000000f1124bca,4.11
203,2019-08-01T12:15:00Z,85a76c8df41a28d43ba3f03454e1957727fcddf04ee98af747c82404,60.17919,24.95181,000000007b5207b6,17.4
204,2019-08-01T12:15:00Z,85ab3c389beeda9c941ac403c5d1d714e4525200c34b902a2f3bca6d,60.16531,24.9442,00000000fdda10fe,31.5
205,2019-08-01T12:15:00Z,86ea57f3b05da43731c8da5d40b49d3b35a6a400a59243122e255f75,60.17918,24.95141,00000000675d5200,18.79
206,2019-08-01T12:15:00Z,8743e5b2b662febd9c442a3df62d8068dececdcad7d9fc12987378f8,60.1538,24.95595,0000000038bf9618,20.28
207,2019-08-01T12:15:00Z,876362064ca72ba254bfe3b734476a5bbeaf640c5cd0f3b949280de9,60.16897,24.95222,00000000aa852af1,23.56
208,2019-08-01T12:15:00Z,882fba6f4e7213ca0d2572b3e3d73b12e0b9e46576486a15fb4d4ab5,60.16075,24.95883,00000000f1124bca,3.4
209,2019-08-01T12:15:00Z,88a36a368977b24a38c17401d4dab58b7f7868e95a0d2e2edfa8dd02,60.16897,24.95222,00000000aa852af1,6.46
210,2019-08-01T12:15:00Z,892e0ecda1eaa212332c8f61846c3143750079e99baab7139a14450d,60.16762,24.95415,000000006b44cce7,1.38
211,2019-08-01T12:15:00Z,892fe5735e18708ecd7f45675003b2134d0c21051b4fddaf1b805b5e,60.16829,24.94214,00000000afef4555,13.75
212,2019-08-01T12:15:00Z,8d22772f26af979fc1fcf113207296d11801cbfe605759631d20a158,60.17065,24.93641,000000000f4919c9,1.25
213,2019-08-01T12:15:00Z,8e307799156ba4fcc7b9f4df05fb7ea009f840355259527f74584e2a,60.16829,24.94214,00000000afef4555,18.79
214,2019-08-01T12:15:00Z,90a0aa461f0bed991d42652ab03e521fceb19aec391a8c8a5d88d0cb,60.16762,24.95415,000000006b44cce7,12.69
215,2019-08-01T12:15:00Z,90b090495d8b252ac19f57fcc1526218abd2257a565edab3b2094748,60.16897,24.95222,00000000aa852af1,3.74
216,2019-08-01T12:15:00Z,9127fdd63fa1ced028d226c390ee45e7d242d11e453fa723aba92264,60.15432,24.9211,0000000019fb59c4,16.1
217,2019-08-01T12:15:00Z,9248528171d19bdbb15ecae42c1494aba3d24a0f5a846b573210f3aa,60.16762,24.95415,000000006b44cce7,12.69
218,2019-08-01T12:15:00Z,929a4dabd596b680edcd2e14fd54de40868107c98001b91a5fee619b,60.149,24.9843,00000000fffb8cf0,18.79
219,2019-08-01T12:15:00Z,92d487ffba3e044718f3e4bda2782e06a6581e103142fe6f3991228f,60.16897,24.95222,00000000aa852af1,5.91
220,2019-08-01T12:15:00Z,9474f22bc77d6756b2d947bbb4f0b701a4011b6110df1c3c5cdd16b6,60.16544,24.95398,0000000038d83d41,17.4
221,2019-08-01T12:15:00Z,949a8341fd4833d64e1f412952246ca42bed95d4f48be408ddd68688,60.17002,24.94407,000000006b087f40,20.28
222,2019-08-01T12:15:00Z,949fd7fd0d87aa52d3ad4f1b77323e483cf311735d19dc917e38995a,60.16629,24.95957,00000000fb7600be,20.28
223,2019-08-01T12:15:00Z,961f0fea826061e3fdea1a74475b1e27be61115a9608976ffc91fff4,60.16897,24.95222,00000000aa852af1,18.79
224,2019-08-01T12:15:00Z,97168e77db8594e9335dc57f87a1a71d032f4812d086dd6a35452f9e,60.16762,24.95415,000000006b44cce7,9.92
225,2019-08-01T12:15:00Z,983a72c836e2e6d7b063d9244cfb0ffd26c8e2d46bd76299b4b07d20,60.173,24.92524,0000000096918cfa,29.32
226,2019-08-01T12:15:00Z,997e6bd76d33cb2766aa59edbefb6e3c12a5c491bafbd54582a7beb6,60.16762,24.95415,000000006b44cce7,4.5
227,2019-08-01T12:15:00Z,99a026b5100e23129fa529e9a57a3dbc8490dc03b58f2193f03e2dcf,60.14951,24.92138,0000000006dd41f6,5.91
228,2019-08-01T12:15:00Z,99b72e43ce45aafb58b3ad2ba111626afd1c5a7147ab71fe233b2ade,60.16531,24.9442,00000000fdda10fe,11.7
229,2019-08-01T12:15:00Z,9a13a9f87a7c747b48d3414db7c621b511d3f17444b882859229fb77,60.16075,24.95883,00000000f1124bca,21.87
230,2019-08-01T12:15:00Z,9a153c5eddc1c2ddab211a3412fe8484cfdb07bed80b61b414fdfeb2,60.16544,24.95398,0000000038d83d41,17.4
231,2019-08-01T12:15:00Z,9a376ef39d6430a93da74e49c1b5bf893e28a7e7f3dea3ceff636fc6,60.16762,24.95415,000000006b44cce7,13.75
232,2019-08-01T12:15:00Z,9a47c2a8c8c176b02373a77473d048b7fe3f5806cc4d37ced5d728cc,60.16897,24.95222,00000000aa852af1,18.79
233,2019-08-01T12:15:00Z,9a86e210b41d4dc5fcc1282dde294d196805c73eb41d320cb39ce615,60.17065,24.93641,000000000f4919c9,27.28
234,2019-08-01T12:15:00Z,9b588f4ae9bcabebb496877ff6fd181227605ac962b74c2e9e69f288,60.18203,24.91341,00000000342570c2,16.1
235,2019-08-01T12:15:00Z,9e25b8299a7547c8f11a495aaf940ae7354568ff8724654f6d394b8a,60.16829,24.94214,00000000afef4555,20.28
236,2019-08-01T12:15:00Z,9ea22cba5692099146ce44564357ca9453f6ab06191e2c219ef5ed6b,60.16762,24.95415,000000006b44cce7,25.36
237,2019-08-01T12:15:00Z,9eb2333c206fd9f953d99fe00478e8483e116075a052cc280a08a1e4,60.16829,24.94214,00000000afef4555,21.87
238,2019-08-01T12:15:00Z,9fe6a71a26aab711acb020b443798c3ddc9e4268eeafc132de872e33,60.14947,24.91438,000000004ef3150d,25.36
239,2019-08-01T12:15:00Z,a00cc618c439081ce96016eabe2340ec1fbe9b555152615c3758656e,60.173,24.92524,0000000096918cfa,13.75
240,2019-08-01T12:15:00Z,a0c49e6f20a5f29e316ccc48a099a247eb577536f8e3bde15fcea457,60.16075,24.95883,00000000f1124bca,5.41
241,2019-08-01T12:15:00Z,a110a9ae9b754c7247554e2ea72ed596f6c78ec997d4a4b7c839ab4b,60.149,24.9843,00000000fffb8cf0,16.1
242,2019-08-01T12:15:00Z,a16477ababae4a1f02c8ec3980365601261291b8a7a571bacc28c3ee,60.17919,24.95181,000000007b5207b6,33.81
243,2019-08-01T12:15:00Z,a174f1a4c712ba77523db1c6657dee3cbd93b29cd1219e15938da32a,60.16531,24.9442,00000000fdda10fe,17.4
244,2019-08-01T12:15:00Z,a24c30553e5f3ba68296de1cf66f26eac27f829c494f3d2f742ab019,60.17919,24.95181,000000007b5207b6,16.1
245,2019-08-01T12:15:00Z,a31b87e8878874a89943279254bfcc5dad25b3650ff1643f8c3657d5,60.16762,24.95415,000000006b44cce7,6.46
246,2019-08-01T12:15:00Z,a36f47887ad578d926301eff3dba7f146fea09fb1d54ea3d65e8ba4d,60.16075,24.95883,00000000f1124bca,18.79
247,2019-08-01T12:15:00Z,a378b78450fe237475a2f367305568bc0f3dbef5623f26a211f2e94c,60.14947,24.91438,000000004ef3150d,29.32
248,2019-08-01T12:15:00Z,a38c11c450b472b9dad2f076e2d9a63651292d3de806331d06af7f46,60.16531,24.9442,00000000fdda10fe,20.28
249,2019-08-01T12:15:00Z,a3d8af73cfe313f32a5960dc7b1994ac88c77e00d90c4b8df0903278,60.14947,24.91438,000000004ef3150d,16.1
250,2019-08-01T12:15:00Z,a47ca46d396617811d6aa35d632e288f7c1ee151ebabff86f04c4a52,60.1538,24.95595,0000000038bf9618,29.32
251,2019-08-01T12:15:00Z,a47fbddd6eac49b18c69e3e509cfd2d6d45572481d58883ae90a8bb0,60.149,24.9843,00000000fffb8cf0,17.4
252,2019-08-01T12:15:00Z,a4fb036c386850fa26007ae4348ea26600298f98c6173de519332cf2,60.16075,24.95883,00000000f1124bca,3.74
253,2019-08-01T12:15:00Z,a5089bbad3556bbb2c33f0a4a33a3bad825ecfaa687dfbdc66d4b527,60.16829,24.94214,00000000afef4555,16.1
254,2019-08-01T12:15:00Z,a5a021d73fda44e61d4140a814e29515a220fd624d756ded20531997,60.14947,24.91438,000000004ef3150d,5.41
255,2019-08-01T12:15:00Z,a5c7534e3435912e1aeaa7da6a5296a0b4a523b1c9ceea9263cc9bc0,60.149,24.9843,00000000fffb8cf0,16.1
256,2019-08-01T12:15:00Z,a5d3f3d0cd0481818bb0d7803f6415d1add25143bb8b424e29888cd0,60.16829,24.94214,00000000afef4555,21.87
257,2019-08-01T12:15:00Z,a6b6df39346560cd05bd7b36f5fbad5accbf9b15f1f140e96b3998e0,60.17918,24.95141,00000000675d5200,4.94
258,2019-08-01T12:15:00Z,a6d010615b0732a971c180467cd17865327688c7e6c60628c3d452d3,60.16762,24.95415,000000006b44cce7,21.87
259,2019-08-01T12:15:00Z,a7c937de775459e856c596a4ca86f1f0d23faeaba41b1c839099228f,60.16629,24.95957,00000000fb7600be,13.75
260,2019-08-01T12:15:00Z,a8cd7fb1fcf5584141c1b3b0c23d3810c81d0cca8a9cc529ae33d7d5,60.14699,24.922,00000000a53ed894,14.89
261,2019-08-01T12:15:00Z,a8f53b007f68359dab8b31d4a7067cb691b8639ded0545917618442a,60.16629,24.95957,00000000fb7600be,18.79
262,2019-08-01T12:15:00Z,a9496fc64b4c29bbeddb3449ccaf5c9236fd09314a397ae830499dbf,60.16762,24.95415,000000006b44cce7,5.91
263,2019-08-01T12:15:00Z,a97dd75f207a06107637631329b41675f33eac022b2532043854717c,60.16762,24.95415,000000006b44cce7,9.12
264,2019-08-01T12:15:00Z,a9dcfee59712b3d9bc41794fef18778e3b9e6be1654c907fd1da840e,60.16897,24.95222,00000000aa852af1,23.56
265,2019-08-01T12:15:00Z,a9ed7c98e55dd1ae6ec7c9f78e6c49dc1ba6694de093bfc68711467b,60.15432,24.9211,0000000019fb59c4,16.1
266,2019-08-01T12:15:00Z,a9ee2aabbd32919adf0325ca2f2c5f8e0ba801bc168e8756cda957da,60.16629,24.95957,00000000fb7600be,17.4
267,2019-08-01T12:15:00Z,aafe5f6a19c0e15d818c7bec220809126665b5db0158027f383dfe61,60.16762,24.95415,000000006b44cce7,3.4
268,2019-08-01T12:15:00Z,ad28743a2bfabb77fc844dab50131037e490e3528d64d407ab4c7be6,60.16629,24.95957,00000000fb7600be,18.79
269,2019-08-01T12:15:00Z,ade7d0fecbb2d4c162b3f140d9332af537d886e1b9df98e87280ac74,60.16829,24.94214,00000000afef4555,9.92
270,2019-08-01T12:15:00Z,ade96cd004c6ade77233c5b8efde603f2ca52da054961936efb17c62,60.16897,24.95222,00000000aa852af1,11.7
271,2019-08-01T12:15:00Z,ae10a4aaab13b8f4d41021bfbb7c7ab38fce38ab2d27fafd025ee6a6,60.15432,24.9211,0000000019fb59c4,12.69
272,2019-08-01T12:15:00Z,ae4898b1515f8278607d05996cb29f2aab6098a0070bc1635149885d,60.16448,24.97323,0000000053c6c2be,17.4
273,2019-08-01T12:15:00Z,ae4c06cd506cb7724439bc923773ceea944f1e1461f441c9e1ac82b0,60.16075,24.95883,00000000f1124bca,17.4
274,2019-08-01T12:15:00Z,afa44b33453142e34d8067ff5e6f943a8b9061f05e47d3fdbadc4bf5,60.17919,24.95181,000000007b5207b6,3.74
275,2019-08-01T12:15:00Z,afc90c52cf754e4c38269491e99f69d9b1a5642638af43c409cbb0e8,60.16762,24.95415,000000006b44cce7,12.69
276,2019-08-01T12:15:00Z,aff4b4515d909077ceec56f7275292ee6b206146b564880b3f499666,60.16897,24.95222,00000000aa852af1,29.32
277,2019-08-01T12:15:00Z,b036af25b6013637382bd22b327237c67c3991e587fed89c6763aa54,60.16531,24.9442,00000000fdda10fe,33.81
278,2019-08-01T12:15:00Z,b03c428533f574a3ed381e31ba837b5848b5ee8708544e7aae480d7f,60.16629,24.95957,00000000fb7600be,23.56
279,2019-08-01T12:15:00Z,b05ae378a05c60bd210886734c99ef651a860c16baa090208c089481,60.16075,24.95883,00000000f1124bca,4.11
280,2019-08-01T12:15:00Z,b0a8d831a2fedf16ba713b04a242ac7b5d3e6d6c47d1b99b08000bed,60.17919,24.95181,000000007b5207b6,14.89
281,2019-08-01T12:15:00Z,b17a8af473d88b03b6d9517fb6b728c61c6bcc43a3de1e03bc363e09,60.16762,24.95415,000000006b44cce7,13.75
282,2019-08-01T12:15:00Z,b275388895df147724604da9493dcdc59e5ad244f5d9405d94ca8494,60.16897,24.95222,00000000aa852af1,13.75
283,2019-08-01T12:15:00Z,b324fe06cd422f7de0e11c5296fa2c6024550007731b194f15b8e357,60.16829,24.94214,00000000afef4555,21.87
284,2019-08-01T12:15:00Z,b35d8dc21dd251d27e07a187a99e7953130c2778a047a9d84086cdc0,60.17919,24.95181,000000007b5207b6,17.4
285,2019-08-01T12:15:00Z,b3e46a6037c6363a8e841e031ffbe24b0294be51ca5c81fb85a89b3a,60.17002,24.94407,000000006b087f40,16.1
286,2019-08-01T12:15:00Z,b4dcbb38eec67e872022565b24e0b62519cce4c642f32cf082b2d2dc,60.16897,24.95222,00000000aa852af1,21.87
287,2019-08-01T12:15:00Z,b51dfeb80849d8fed5dad82662d81a5c6b88528188e01172c056192f,60.16075,24.95883,00000000f1124bca,2.08
288,2019-08-01T12:15:00Z,b6c07e35af41975e8ee94ed939227da85a1cc853f6333c14f1acb4b6,60.173,24.92524,0000000096918cfa,1.88
289,2019-08-01T12:15:00Z,b7b8259c3c6e05c3630c37af6f73d43619d09909349d94426147938d,60.16075,24.95883,00000000f1124bca,27.28
290,2019-08-01T12:15:00Z,b928f84bbe4694fa4caec5804fe2422a07a011808ef883e87cbcbb3f,60.16897,24.95222,00000000aa852af1,18.79
291,2019-08-01T12:15:00Z,bebed4b33fed310f697fdfa1ddadb14e03ce371fac8c19ef8dac4b23,60.17919,24.95181,000000007b5207b6,23.56
292,2019-08-01T12:15:00Z,bfdf27d60c7100153dde6686fab1c438b9812367823445e386438ba2,60.16075,24.95883,00000000f1124bca,7.05
293,2019-08-01T12:15:00Z,c02fcad5f10a2f661c28fa0a01ecea9f5f1715eccf5c67d8ac5f0e06,60.17919,24.95181,000000007b5207b6,3.74
294,2019-08-01T12:15:00Z,c099745b5ce67d966f6604ab9b62854e7c453db847094ac13aeceb04,60.15432,24.9211,0000000019fb59c4,3.4
295,2019-08-01T12:15:00Z,c0a0ca3433586ed2ae0e448f2406fabac7292ac79d49562e0bd5cef8,60.16762,24.95415,000000006b44cce7,16.1
296,2019-08-01T12:15:00Z,c0f927499d4ede793c2aee143d8f8d8b7ec4f01c0901569fdcb10a67,60.16762,24.95415,000000006b44cce7,14.89
297,2019-08-01T12:15:00Z,c0fc4b568a32bd186e71d8b0757b55234f7a9fcfdab8802466eec3ea,60.16762,24.95415,000000006b44cce7,8.38
298,2019-08-01T12:15:00Z,c4181bd5c2989f1562f0d1ec81e1772cbe26ee011dad6714f6cd5652,60.16075,24.95883,00000000f1124bca,6.46
299,2019-08-01T12:15:00Z,c47af0b08e46522e0fdbd7185088aee9c76cdc01c5704e71692d12d0,60.16762,24.95415,000000006b44cce7,1.54
300,2019-08-01T12:15:00Z,c4ddb4e9cb190f9ea6dd7008b6f280683bd878f9bc2afc2f0eeffb94,60.18203,24.91341,00000000342570c2,20.28
301,2019-08-01T12:15:00Z,c61d6c3d9af21966ec20384de3c76b9fee560c7fc74c33a4a134f4b1,60.149,24.9843,00000000fffb8cf0,21.87
302,2019-08-01T12:15:00Z,c636467870390aa93a23a599b1cb9135ff3b783ae3aaf5c919b63d4e,60.16897,24.95222,00000000aa852af1,6.46
303,2019-08-01T12:15:00Z,c6990c1fafaf9f074a4e0f730ccdcc326a4f1120e3f81deee7864b62,60.16762,24.95415,000000006b44cce7,9.92
304,2019-08-01T12:15:00Z,c6a57898f910f9773f162fab3d1ee4da8fa7a90a65ac4facbd477530,60.17002,24.94407,000000006b087f40,21.87
305,2019-08-01T12:15:00Z,c8ad0cc3a15458bc2b922d40fd729d819c64952d94f719867f616236,60.16075,24.95883,00000000f1124bca,8.38
306,2019-08-01T12:15:00Z,c9dcb28821561944111eb217c6fb2ccc8cf688a3d0b0184d22fba868,60.15432,24.9211,0000000019fb59c4,9.12
307,2019-08-01T12:15:00Z,ca3f5ec9ca56222c2c96786c47873d304863d90e10d822da94cbb680,60.16544,24.95398,0000000038d83d41,21.87
308,2019-08-01T12:15:00Z,ca4f8af8eaafc7e80a32278348ed38975d97682c022fa5512f4b3b38,60.16829,24.94214,00000000afef4555,21.87
309,2019-08-01T12:15:00Z,cb0ba7a55b969023e11b9866da7b67db5b394f3c501e00451ebf150d,60.14947,24.91438,000000004ef3150d,21.87
310,2019-08-01T12:15:00Z,cb15bb89b6d921ab9d8da63397afc6c5adedd3846720bd7e76869743,60.16075,24.95883,00000000f1124bca,10.78
311,2019-08-01T12:15:00Z,cb44e5f8129667bea325c6edad24cdb182531789a256a64969d9639a,60.15432,24.9211,0000000019fb59c4,16.1
312,2019-08-01T12:15:00Z,cee80fefc225f152bdf5a23b7c6ae604749e150c33196f831bc4f8b7,60.16762,24.95415,000000006b44cce7,5.91
313,2019-08-01T12:15:00Z,cffca74e31b51d06c10ca64be11d62f4bdba33230a8ba11671f12beb,60.17002,24.94407,000000006b087f40,23.56
314,2019-08-01T12:15:00Z,d01ab2b99ca2d6e373c630bc0666c220aa0753785f57eba65dfab024,60.16544,24.95398,0000000038d83d41,21.87
315,2019-08-01T12:15:00Z,d08d48a664b64e2e4bc7fd129d7fa7be0a1df85bb6021b44f4c0df11,60.16075,24.95883,00000000f1124bca,8.38
316,2019-08-01T12:15:00Z,d0d39527ac66e8d1a234971047771340f0a800a3d6652f5e3b31ec88,60.17918,24.95141,00000000675d5200,16.1
317,2019-08-01T12:15:00Z,d328e0aecd34549197e5b5edfb0366c07595244ce151325dc21ba4fd,60.16544,24.95398,0000000038d83d41,27.28
318,2019-08-01T12:15:00Z,d366963b044cf8403a7b69966ec0f68737fb79d36b606e88a39cbc2a,60.16075,24.95883,00000000f1124bca,10.78
319,2019-08-01T12:15:00Z,d4a963570a3f915ac2741001038bc13231ac85318dd0d047e156cf10,60.16075,24.95883,00000000f1124bca,6.46
320,2019-08-01T12:15:00Z,d5a214ea038c747b3ad32f09077e6938e8dfdef1e93dca09cc5e978b,60.16829,24.94214,00000000afef4555,12.69
321,2019-08-01T12:15:00Z,d5f875028f73ce2ba38ce17d0671de6486af7f60c6f78434b6062985,60.16075,24.95883,00000000f1124bca,3.4
322,2019-08-01T12:15:00Z,d610e4fbd42dca51fa809dbb12227d9d1601a88b263065143cef505d,60.16762,24.95415,000000006b44cce7,20.28
323,2019-08-01T12:15:00Z,d67ac31e1a8c52f770c5f1e4146f6fe23667df7cb715d0e42cf3c4c7,60.16829,24.94214,00000000afef4555,20.28
324,2019-08-01T12:15:00Z,da058abc81e93b97d98b3dd6248d49414b77ba18b98ed61db548ccf6,60.16544,24.95398,0000000038d83d41,36.27
325,2019-08-01T12:15:00Z,dacc7d46a3c44566db9d3b0346eaa8765509d14eceb5a24203069786,60.16075,24.95883,00000000f1124bca,7.05
326,2019-08-01T12:15:00Z,dbae5136445d05381178c16450819c18ed50368f6d8eee0cbc822eca,60.16531,24.9442,00000000fdda10fe,6.46
