,time,hash,latitude,longitude,serial,distance
0,2019-08-01T13:07:00Z,0fff89885f08417f20aadfdbf62a372277e9085bcd024374b772ecac,60.16531,24.9442,00000000fdda10fe,21.87
1,2019-08-01T13:07:00Z,144afc51fc2443c7031a2912566eff2ce60226a49d6d2bd7c2923700,60.16544,24.95398,0000000038d83d41,16.1
2,2019-08-01T13:07:00Z,14c7e1511b70f4dd3359cbece1377aebb4d70531f5489eefe53d7c3c,60.16544,24.95398,0000000038d83d41,29.32
3,2019-08-01T13:07:00Z,15918569de0a46a8eb56b43d8d39f7fc82619ff1006f00822c85745c,60.17918,24.95141,00000000675d5200,2.8
4,2019-08-01T13:07:00Z,339d2d05c10842db92f993df26e98997dae8cab6d70e9f96cd4f8de0,60.16897,24.95222,00000000aa852af1,16.1
5,2019-08-01T13:07:00Z,43f0d68a3f592dab1f4aab487760d9715ea115f2013ea99e2f62a9a9,60.16629,24.95957,00000000fb7600be,18.79
6,2019-08-01T13:07:00Z,4de1234054c0ad564da4a96fa45a0531feaa109e9da645e55bf27afc,60.16629,24.95957,00000000fb7600be,17.4
7,2019-08-01T13:07:00Z,50b99218181af6179ba7073012456f89620fa0ebe27706b17f83090c,60.14699,24.922,00000000a53ed894,20.28
8,2019-08-01T13:07:00Z,5bbb5184fded3e51bc78e45e39917794285e6bbc72da404802a9599a,60.16531,24.9442,00000000fdda10fe,36.27
9,2019-08-01T13:07:00Z,5d65719c4cbf045f068d084b72302f447d5fd034413d97d13be00d0e,60.18203,24.91341,00000000342570c2,20.28
10,2019-08-01T13:07:00Z,5eed115a984d490b02b602d73787aee8dc8c4e9365b77fbff3818a76,60.16629,24.95957,00000000fb7600be,20.28
11,2019-08-01T13:07:00Z,62ba3ea518b5e78749f37fcd40a3f18f8059689f1df2d876536785b8,60.17065,24.93641,000000000f4919c9,27.28
12,2019-08-01T13:07:00Z,660c668edc3b239e521fc8d85ca6f442cec48702a08567ecb7f863d0,60.18203,24.91341,00000000342570c2,16.1
13,2019-08-01T13:07:00Z,6a657079c1bdc8114c289be1ddd83e5846d4279a920d1697b8ff0033,60.18203,24.91341,00000000342570c2,20.28
14,2019-08-01T13:07:00Z,6bc838096806d076bb45cfa041f4e6696c7a32170556ae75888c7fff,60.16531,24.9442,00000000fdda10fe,27.28
15,2019-08-01T13:07:00Z,6d22b751ff5173035dc85c52c3dff0780126adae67fe33dc62dd45ef,60.16531,24.9442,00000000fdda10fe,13.75
16,2019-08-01T13:07:00Z,6f06341f358e61699fe1e55e986dd0554bc8da28b91daf0c5ad99db6,60.16629,24.95957,00000000fb7600be,17.4
17,2019-08-01T13:07:00Z,7e2db24dbf67496db3ab5e060b256d7e4e875edaee3d5daca43ebe59,60.14951,24.92138,0000000006dd41f6,21.87
18,2019-08-01T13:07:00Z,816565799b96c3597e367d3dd9294179fb126e459a270da04f6ac6f9,60.16829,24.94214,00000000afef4555,9.12
19,2019-08-01T13:07:00Z,87dfaad29a9276ddddb1fa021d3bc23ad14824c1af16f7d87e713689,60.14951,24.92138,0000000006dd41f6,10.78
20,2019-08-01T13:07:00Z,8b254887c1c12a5f2e2d5eb9fd8729cbfd426135e35bd9118bd2b07d,60.16897,24.95222,00000000aa852af1,9.12
21,2019-08-01T13:07:00Z,8c75c3289c84fe4493e1e272a77b615fe1985880c5dc68a7c1a17b53,60.16762,24.95415,000000006b44cce7,9.12
22,2019-08-01T13:07:00Z,8cc6ddaa460aeae8cc9e8a33f91a01c8cd4c0c8bf8a943210a28c84d,60.1538,24.95595,0000000038bf9618,23.56
23,2019-08-01T13:07:00Z,95ee04b9caccb9dc4efebaebb2eae31a75464ad17f617a5f9fff9ee2,60.16829,24.94214,00000000afef4555,17.4
24,2019-08-01T13:07:00Z,9843c6216661048343a0e49cf3d8aa2883cf77f452666a1c873a1052,60.16448,24.97323,0000000053c6c2be,16.1
25,2019-08-01T13:07:00Z,99fd45d12dac633f5df9fb97ff21d14f1f5358d6e8b9288d355d3e47,60.17918,24.95141,00000000675d5200,7.69
26,2019-08-01T13:07:00Z,a9da1ee82e3b670e276c26b483dd50f4a6d0c6f77ef82245d3ae6086,60.18203,24.91341,00000000342570c2,27.28
27,2019-08-01T13:07:00Z,bf92a3b592049dac70688696fc5a02f457ec4cd03dece3e20d7e4af5,60.16629,24.95957,00000000fb7600be,25.36
28,2019-08-01T13:07:00Z,c22f44d95135162deaa9994c2e7de383e045e7e3eff81b75c8990ab5,60.17918,24.95141,00000000675d5200,11.7
29,2019-08-01T13:07:00Z,cf05623e4d87ce0906c0b0b7dbf53aacc1228016cd27c341228b6e76,60.18203,24.91341,00000000342570c2,27.28
30,2019-08-01T13:07:00Z,dce15d9b6a7bf8880ef6f98a7621aef6c6d548ad75d3fbfc42dd2b69,60.15432,24.9211,0000000019fb59c4,23.56
31,2019-08-01T13:07:00Z,dd2c9c82cf3737146294aff6f814a1349fb0bc4bedf518715dacbe8f,60.18203,24.91341,00000000342570c2,14.89
32,2019-08-01T13:07:00Z,ed70dda6b7faebd4340dacdb452ab224d9d3c308df417b7fa76f54e8,60.14951,24.92138,0000000006dd41f6,21.87
33,2019-08-01T13:07:00Z,f088630d7476dae7d4b7e2bb1f10575f2c89acb4b6e061f3d57c2b40,60.16531,24.9442,00000000fdda10fe,23.56
34,2019-08-01T13:07:00Z,f7cd1e65bcf4a122c02cf6d255a5262ad9f0675432e53c89538cc774,60.149,24.9843,00000000fffb8cf0,29.32
35,2019-08-01T13:07:00Z,fc4f3a44235f1cfc7b53f14ba2da599976a5a0a220d23b852688e485,60.17918,24.95141,00000000675d5200,14.89
36,2019-08-01T13:07:00Z,00dd02a1809726ca9078a27a0dacce0c90de50a49a221a6dbc2c711b,60.16762,24.95415,000000006b44cce7,5.91
37,2019-08-01T13:07:00Z,010ca94b562561a6f4a9615633e43fdfe03793d7a13a84f3bc973e4d,60.16829,24.94214,00000000afef4555,17.4
38,2019-08-01T13:07:00Z,026ae62ea7a1aa57398fb04d004dbb3340644e96ceb07ac8cf6a6c97,60.16448,24.97323,0000000053c6c2be,31.5
39,2019-08-01T13:07:00Z,03c5bdee71b4d474ef072d86ddbd950c41e17ff54a9842bdec0213fd,60.16829,24.94214,00000000afef4555,20.28
40,2019-08-01T13:07:00Z,050207d759fff9e3c6a831d422489612c87e1c865e1a12a341455c5a,60.16829,24.94214,00000000afef4555,9.12
41,2019-08-01T13:07:00Z,0508b83953da16b26e8bda2dcaf39e34a2fe1bff72baed2074a73cc6,60.15133,24.92329,00000000e8a064a4,8.38
42,2019-08-01T13:07:00Z,05b22952170b2caf0d7dcdff792e8107d93323c5865ae5d718ed197d,60.16075,24.95883,00000000f1124bca,7.05
43,2019-08-01T13:07:00Z,076c7c43c5991dcb8a5b626201afae43eed567efbaa976b7a6f033bd,60.15432,24.9211,0000000019fb59c4,2.54
44,2019-08-01T13:07:00Z,0777e5e5e5547fdeabaa936293b7e08bee919d87be88332ef7d55bb5,60.16762,24.95415,000000006b44cce7,18.79
45,2019-08-01T13:07:00Z,088ef7c16c75aae71601ed3e06d9bad83611b5a0bead8b51a22c5e8e,60.16829,24.94214,00000000afef4555,9.12
46,2019-08-01T13:07:00Z,091a540a10badce2a4dcc93aa39f8f938c63de24425a7477ab12862c,60.16829,24.94214,00000000afef4555,3.4
47,2019-08-01T13:07:00Z,09e653c0887f2757978186e516936ae1a83bcf03653567da8e1d7144,60.16897,24.95222,00000000aa852af1,18.79
48,2019-08-01T13:07:00Z,0a37f54bcad1350b55b4b5bc58a40d0783e1db9f168bf3542746a6f5,60.16629,24.95957,00000000fb7600be,25.36
49,2019-08-01T13:07:00Z,0ac59e9368550476918c272703b108ab8ee2666ef4a9ee5fffabec49,60.16829,24.94214,00000000afef4555,13.75
50,2019-08-01T13:07:00Z,0b144c69978350f5c6dcd01fed45dce204ae174fd2d812f5488ab6e6,60.16829,24.94214,00000000afef4555,14.89
51,2019-08-01T13:07:00Z,0d32a6790f13ccf7f3917f353737e61d29f209b7f8649aa3507de1e3,60.16531,24.9442,00000000fdda10fe,6.46
52,2019-08-01T13:07:00Z,0dbdf21e0d09e09b772648fc4405c6b5a109840cb537befb2acb9977,60.15432,24.9211,0000000019fb59c4,21.87
53,2019-08-01T13:07:00Z,0e41dc4b9b375e4f2bc5c54741bd3023772cd749ec100810f56b0162,60.16448,24.97323,0000000053c6c2be,16.1
54,2019-08-01T13:07:00Z,1060da7718f569dec87a7135303be520055f9214339b0ba25d8b569a,60.16897,24.95222,00000000aa852af1,9.92
55,2019-08-01T13:07:00Z,11454ec5db26143aa62a24458fd7889f277e4af654c288e02a527d68,60.16762,24.95415,000000006b44cce7,23.56
56,2019-08-01T13:07:00Z,1234366133f8f7dec93aae980bef9deb1ff93fbb2d1f7a5d732cbebc,60.16075,24.95883,00000000f1124bca,4.11
57,2019-08-01T13:07:00Z,1240e521926d6567e9f439cf917dd64323ec3d8ff991eb6b0ce59059,60.17918,24.95141,00000000675d5200,9.12
58,2019-08-01T13:07:00Z,127b54069fd807dd7d99eec8736c63ad1cfa6242406b236a8d18c3fa,60.16531,24.9442,00000000fdda10fe,9.92
59,2019-08-01T13:07:00Z,130bc6db9e2c26356bc51792dd76cffda99aed7de36853966ab1900f,60.16829,24.94214,00000000afef4555,14.89
60,2019-08-01T13:07:00Z,1409f69fd1e08d32dc723e4a802140807c91eb1af398287575128eb5,60.16531,24.9442,00000000fdda10fe,25.36
61,2019-08-01T13:07:00Z,142a44f757645be01ed51a3b294ae13e1f2c83504f6a594a03301d4f,60.17918,24.95141,00000000675d5200,4.11
62,2019-08-01T13:07:00Z,1496b97b72f480cbaf7a7e4b6db0e5dd081e6b7de92f8f3999dca8ad,60.16762,24.95415,000000006b44cce7,12.69
63,2019-08-01T13:07:00Z,149a7c1d546c882b8ddb4eb6a8612872f374060af04f69cdc5e05853,60.16075,24.95883,00000000f1124bca,12.69
64,2019-08-01T13:07:00Z,1546bcedfea7b88e7d4048c0082c1e61c4910723436ead48f374cc74,60.17002,24.94407,000000006b087f40,14.89
65,2019-08-01T13:07:00Z,165b7b72eed44596b9d0ddd5fb94bc9fb3d12bb0616627860245e42e,60.16629,24.95957,00000000fb7600be,14.89
66,2019-08-01T13:07:00Z,1722259684aeece108bb6d5ade03faff1525bbab123cba955bbfaac7,60.16829,24.94214,00000000afef4555,29.32
67,2019-08-01T13:07:00Z,17e8f6f912efa41f6092ba05aadcfd9a9af588112ecfd751d975b75c,60.16829,24.94214,00000000afef4555,3.74
68,2019-08-01T13:07:00Z,185aafb15e00dd51296b35ba83803de840cd91a0d81ed31429b7114a,60.16762,24.95415,000000006b44cce7,6.46
69,2019-08-01T13:07:00Z,18c7c50fa5f75a3c41010425984ff78683007f628a04932e7f32a1e0,60.16829,24.94214,00000000afef4555,1.7
70,2019-08-01T13:07:00Z,191a78f82f2c8aa56a08ce4b059ef53707c7d1eb12f1ea4069fde300,60.16075,24.95883,00000000f1124bca,10.78
71,2019-08-01T13:07:00Z,1979ceb0624d66c78dc1331a49819c322072c7b33eefdc3dea3c1c7a,60.16829,24.94214,00000000afef4555,36.27
72,2019-08-01T13:07:00Z,1a56bce8f2761c53987ffc9060f38529cff44f176c6388c079069868,60.16762,24.95415,000000006b44cce7,7.69
73,2019-08-01T13:07:00Z,1b0a0ac6453ba35e70f3028c1bb34eaa07d69dd6ae285e7baca57584,60.16762,24.95415,000000006b44cce7,18.79
74,2019-08-01T13:07:00Z,1bcdfc3109880181a7d38f229ec705b6f818de990e660bf347118b37,60.17002,24.94407,000000006b087f40,23.56
75,2019-08-01T13:07:00Z,1be4c8760a7a18deca4406a6147b1be5c7575ff13c8c30efd4c6977c,60.1638,24.96846,00000000d747f075,13.75
76,2019-08-01T13:07:00Z,1c40bcfe4d157be84fe0acc1232f2b57c240cfe39599ef96ffec9a99,60.16762,24.95415,000000006b44cce7,13.75
77,2019-08-01T13:07:00Z,1cc3e0682d407c3453143420092cd79bffa5a2f9a99c1a0eb2cbef28,60.16629,24.95957,00000000fb7600be,18.79
78,2019-08-01T13:07:00Z,1d3285a54b86e33f823db3ca6909cc1be2b83c313aca6cd41b79e72b,60.16448,24.97323,0000000053c6c2be,21.87
79,2019-08-01T13:07:00Z,1e46812d0992af270689a19c71223d09b7790e6c7a85aea682c57d98,60.16762,24.95415,000000006b44cce7,13.75
80,2019-08-01T13:07:00Z,1e4bde15936f2be5c17b5a25aca1e7cb01bfa9c41d4f52ab7b2f954b,60.14699,24.922,00000000a53ed894,33.81
81,2019-08-01T13:07:00Z,1e64c5a9f906dc10d58bba55dd00b06cf25a7811c9fc69f384d1e783,60.16762,24.95415,000000006b44cce7,13.75
82,2019-08-01T13:07:00Z,1ecbc7c6afe89033252e5510cbb893666af2b3bc29f555a3a6287fdb,60.14951,24.92138,0000000006dd41f6,3.74
83,2019-08-01T13:07:00Z,2184ab854875071231171afb0cbba33da88a7672a710295deaf35795,60.16829,24.94214,00000000afef4555,9.92
84,2019-08-01T13:07:00Z,22f8f56e7ebf994895196e32bc2f8eb537eec97ad3ba6ce3aacc8bbf,60.17065,24.93641,000000000f4919c9,21.87
85,2019-08-01T13:07:00Z,24445b0bfb8fa7302153db2cf7c27f0a59557a71c9c832e415a75168,60.16762,24.95415,000000006b44cce7,18.79
86,2019-08-01T13:07:00Z,252e682a071a5f87c82df213d2551e9ac21b4273c4df12cef38c5449,60.1638,24.96846,00000000d747f075,20.28
87,2019-08-01T13:07:00Z,2542481b9cae72081831c43a74655c4467b5a9c36afb2946253cb3a2,60.16075,24.95883,00000000f1124bca,16.1
88,2019-08-01T13:07:00Z,263cb736f81a6d9f438037efbd9c6dbedb70a8ed84a1b87f623f43dd,60.16762,24.95415,000000006b44cce7,12.69
89,2019-08-01T13:07:00Z,26609dda14e8e852dfd42cfdbc138540dadf43fb5d2d9e6e3540ac31,60.14951,24.92138,0000000006dd41f6,25.36
90,2019-08-01T13:07:00Z,2742118c265f88f8432d3ad13a4a46d75454b8c469b4651fb24cc6e4,60.149,24.9843,00000000fffb8cf0,5.41
91,2019-08-01T13:07:00Z,293ebbb306bc45a33c7792f49a6c140c4ce786fffdfd6d76ec78ec79,60.17918,24.95141,00000000675d5200,13.75
92,2019-08-01T13:07:00Z,2949982919497c7b939a49828ec608ba5ae315006930991e361eb951,60.16897,24.95222,00000000aa852af1,17.4
93,2019-08-01T13:07:00Z,29b76fc6f0192bc553de403160f650d9e02a32d550062a8f6c02e7fc,60.16762,24.95415,000000006b44cce7,8.38
94,2019-08-01T13:07:00Z,2b21c313fe4ee95e5e1a3f9ab85092d53b42ab7faf8a4ecc3321982a,60.16762,24.95415,000000006b44cce7,12.69
95,2019-08-01T13:07:00Z,2c94734f80f1d238754a3a53bd87c0ad08dda701eba5f5b6f0c3853f,60.17918,24.95141,00000000675d5200,14.89
96,2019-08-01T13:07:00Z,2ed6b2b9ae6b31df8824dad83c7acf352cb29f5d26f21107667fa97a,60.16544,24.95398,0000000038d83d41,18.79
97,2019-08-01T13:07:00Z,2f6c1ca004c8a91405c9d3de7d43925e1914a9ec1a1178559a782ddb,60.16075,24.95883,00000000f1124bca,18.79
98,2019-08-01T13:07:00Z,2f94f566f3d85970e65b02d98e918d45aad8ac49cd9fd5d86d0e8942,60.17918,24.95141,00000000675d5200,12.69
99,2019-08-01T13:07:00Z,306c74dc6b22fa15cedde37faae0ee6a86f1dccffb6961eb5638f6f7,60.16762,24.95415,000000006b44cce7,4.5
100,2019-08-01T13:07:00Z,30de995644c7a2424ecb91eb1f747ebe17c54d74317227873329a79a,60.16762,24.95415,000000006b44cce7,18.79
101,2019-08-01T13:07:00Z,30ec04c84bf1ef39c1982c41b81ef0ee1c3a5c15031b10791249e867,60.16897,24.95222,00000000aa852af1,11.7
102,2019-08-01T13:07:00Z,3143259b34da58f411938919812148a4620ce248171855b26febe313,60.17918,24.95141,00000000675d5200,11.7
103,2019-08-01T13:07:00Z,3250f060fab756ffa6f1148d1e94ceb839d19875b5bd92972060d6d7,60.16075,24.95883,00000000f1124bca,12.69
104,2019-08-01T13:07:00Z,33edd4bb621e36ba1c717f515bc9fb11b9b36ecc19bb4bc3a2968d53,60.149,24.9843,00000000fffb8cf0,4.11
105,2019-08-01T13:07:00Z,3417f8e7603b6cdb843a16c8b61fa3c6e4ee528cd95f657890c00846,60.16762,24.95415,000000006b44cce7,3.74
106,2019-08-01T13:07:00Z,343e773885ce682c308c78dea07f24d3c16ea51235eb833e15f40ecb,60.15432,24.9211,0000000019fb59c4,4.11
107,2019-08-01T13:07:00Z,3440a8648a7f755f8be32912668e7d073ad295d7a84bc34226a74513,60.16829,24.94214,00000000afef4555,3.74
108,2019-08-01T13:07:00Z,34b4fbbdb092ec9c01f3e3a66e75fdec8c8a77a15f01239873c775a2,60.16829,24.94214,00000000afef4555,11.7
109,2019-08-01T13:07:00Z,360416b181efa40802a29b1508abff731fb681865927d250a83868d8,60.14947,24.91438,000000004ef3150d,10.78
110,2019-08-01T13:07:00Z,36efecdb3cb119bd66487972ffc02f0a4fd2d3061602682395bd325e,60.16629,24.95957,00000000fb7600be,17.4
111,2019-08-01T13:07:00Z,37d78f2e7c44c734bcce56dc5bf98dc827e003149773141ac69288dc,60.16829,24.94214,00000000afef4555,5.41
112,2019-08-01T13:07:00Z,386b1415794dbccc60f5e0ef85ef877d6c23d75bc25f2c3dd65b65f8,60.149,24.9843,00000000fffb8cf0,20.28
113,2019-08-01T13:07:00Z,388b4d226e499a9638dbae51603c529aadc057b55f3bd6aa8c551295,60.16897,24.95222,00000000aa852af1,31.5
114,2019-08-01T13:07:00Z,38b5acac15d0b3defa57310f16ac7b31908b6b55470d160ca6eb1f30,60.16762,24.95415,000000006b44cce7,3.74
115,2019-08-01T13:07:00Z,395e4174b76467368799971c596ed7eba45cc554b085dbc11e1810b4,60.16762,24.95415,000000006b44cce7,14.89
116,2019-08-01T13:07:00Z,39cbe3d06735666518e201c1feb4846bb8e81625b6ab86c2b525faf5,60.17918,24.95141,00000000675d5200,7.05
117,2019-08-01T13:07:00Z,3a6512480fc9897c45bb1a815dd7b4ad5330977fa23bd75828be1339,60.15432,24.9211,0000000019fb59c4,4.11
118,2019-08-01T13:07:00Z,3ab887bdd87ce6744b3db18a42a8481be5865d58ed71bc87d3dcb3c6,60.16829,24.94214,00000000afef4555,4.11
119,2019-08-01T13:07:00Z,3bad710dc651616d4443350982695a82f22f34e38081a3f00c48fe8a,60.16829,24.94214,00000000afef4555,31.5
120,2019-08-01T13:07:00Z,3c5630e2616eea4d935e31b3187e04d846adfb1093655e8df36c73db,60.16762,24.95415,000000006b44cce7,17.4
121,2019-08-01T13:07:00Z,3e3ca03a2f1e64292ba7254c92726980a23be85e8e096f7b62815805,60.17918,24.95141,00000000675d5200,13.75
122,2019-08-01T13:07:00Z,3ee6b110858d4f4d2eaee49e7bc090e33df234244601d21efda51c07,60.173,24.92524,0000000096918cfa,29.32
123,2019-08-01T13:07:00Z,40128536c834ebfaecfc10a1962725e199e947d401e433d4e5962eac,60.16531,24.9442,00000000fdda10fe,16.1
124,2019-08-01T13:07:00Z,408daae5e3d121dabed11f2ec9427ac698d2cdcd98f52c9fbdcc855c,60.16829,24.94214,00000000afef4555,17.4
125,2019-08-01T13:07:00Z,40cd1183118ef9cec16e409bb44c11d2f1d94e8ed4db4c4d25a8f5c3,60.17918,24.95141,00000000675d5200,25.36
126,2019-08-01T13:07:00Z,413f98a575c4c30df01e370874903e39f9236f2d9f5bc784df648dc9,60.17919,24.95181,000000007b5207b6,10.78
127,2019-08-01T13:07:00Z,42844e90c7134ebb3ec325f57cd27cd24711c779548ebc8692a820d5,60.14951,24.92138,0000000006dd41f6,3.74
128,2019-08-01T13:07:00Z,428a8411c703b4a29d1d4f3424689e6c1a8abc6df563f02850cac927,60.17065,24.93641,000000000f4919c9,23.56
129,2019-08-01T13:07:00Z,44a48fff1b0b4b2d2a20897fb253cee7ca1e3200193a8b484f4b4c86,60.14951,24.92138,0000000006dd41f6,31.5
130,2019-08-01T13:07:00Z,460b5eb033176d2fb62a01f07ba8992c2981cc3442a857c6bdce44ab,60.16829,24.94214,00000000afef4555,13.75
131,2019-08-01T13:07:00Z,46832f390e3f2585974ab950950345d59b6eb493a034976d54a4de4c,60.1538,24.95595,0000000038bf9618,16.1
132,2019-08-01T13:07:00Z,476d6cd5eb1ab2cec303eb9fc6cd1b225344c1d5a15d021e7882ac75,60.18203,24.91341,00000000342570c2,20.28
133,2019-08-01T13:07:00Z,48533cbcc14fad8a10034c834ebf13b2ad602a06f04c1df8abecc091,60.17065,24.93641,000000000f4919c9,29.32
134,2019-08-01T13:07:00Z,485e32d5c35f6c8e18f9291bf6ef001b26c933c880346c3109687ef4,60.16531,24.9442,00000000fdda10fe,16.1
135,2019-08-01T13:07:00Z,489b396a09dfd47d3583a7eb9934df7c13a118ae6f3cf9eccca13aae,60.14699,24.922,00000000a53ed894,21.87
136,2019-08-01T13:07:00Z,48f25973e0f7bdbab9bb650f3e7f167cef6bf6773921aed059a9264a,60.17918,24.95141,00000000675d5200,2.8
137,2019-08-01T13:07:00Z,49c03305b8589080d004dc2bd91d17f3c31b30d77ab91c2c9f9ec4e2,60.16075,24.95883,00000000f1124bca,18.79
138,2019-08-01T13:07:00Z,4a5954e4eab7a4d8c97a5e6b102f23989beb0a2da3c5c858d9237a8e,60.16531,24.9442,00000000fdda10fe,20.28
139,2019-08-01T13:07:00Z,4bd538c59fb238e26e8e861c986e846a7bcb77a9031af70157a31a74,60.16629,24.95957,00000000fb7600be,17.4
140,2019-08-01T13:07:00Z,4bf7452d101e81123c8ef62a20d7996cf147f13c360e4d3f584ec59a,60.149,24.9843,00000000fffb8cf0,23.56
141,2019-08-01T13:07:00Z,4c59e355de7b907873bdd08f9e7ddfc8cecb95c3ce3e0d54631e6b9f,60.16531,24.9442,00000000fdda10fe,41.64
142,2019-08-01T13:07:00Z,4c8a24f3050ef68a0eca2e32572a73c7929272d387403c9816c05996,60.16075,24.95883,00000000f1124bca,9.92
143,2019-08-01T13:07:00Z,4cb30a6d8502314db8791e7105fec75242e1a6f06c0be7d87914ef0c,60.16075,24.95883,00000000f1124bca,20.28
144,2019-08-01T13:07:00Z,4daa4f7292ab15dfb820a7a0573a07d440c435ca9a5e11b751bc0c35,60.17065,24.93641,000000000f4919c9,16.1
145,2019-08-01T13:07:00Z,4dbf1af895ea4121f54303eb8f6e99c032f25cf2aaa5331c853d4c4c,60.16829,24.94214,00000000afef4555,11.7
146,2019-08-01T13:07:00Z,4dd27899b03d14e742f27a39f102974cf1d06ac81bb4d4833172151d,60.17918,24.95141,00000000675d5200,9.92
147,2019-08-01T13:07:00Z,4e976b756de588f0d998ba15de97db9d815ca217d7d605cfe5336e5a,60.149,24.9843,00000000fffb8cf0,44.58
148,2019-08-01T13:07:00Z,4eb72c510e3798f5acb959b53a24abcaab2d27bb844633136f4b482b,60.16829,24.94214,00000000afef4555,18.79
149,2019-08-01T13:07:00Z,4f4419695ebdeea23f637d7a2035764532f3d0c058d33f1ea65e465a,60.16829,24.94214,00000000afef4555,20.28
150,2019-08-01T13:07:00Z,4fb824133441d5bcfac5d67ad3f8283fd9e372ec59fee5b30db03253,60.16762,24.95415,000000006b44cce7,9.12
151,2019-08-01T13:07:00Z,50b6957615cd54815ad42bc562252fd517c26091bd6f7e34c59b9bf6,60.16829,24.94214,00000000afef4555,11.7
152,2019-08-01T13:07:00Z,50cc797d74e0f3e63892068e329cf48fd7fb0d7d49875cbe460eac55,60.16897,24.95222,00000000aa852af1,23.56
153,2019-08-01T13:07:00Z,50d354b3ece16c2a4fff3184e6318bb9665c7d5a68cd2704b0e47687,60.16829,24.94214,00000000afef4555,16.1
154,2019-08-01T13:07:00Z,50d818afeaeeb5d2d33fc16c0581679987af2c7374e7d9329b93aded,60.16762,24.95415,000000006b44cce7,14.89
155,2019-08-01T13:07:00Z,5121cfcf8fbbed555f7967700d3cfedc173c84e25772bfbde116c026,60.16762,24.95415,000000006b44cce7,13.75
156,2019-08-01T13:07:00Z,51aaf5d89671302b2a9dbb5a8949051d0cb98a346698a86e94025903,60.16762,24.95415,000000006b44cce7,6.46
157,2019-08-01T13:07:00Z,51ba1b244f729476a4c3e63345ea2851df4dbf32026712cf0b00792a,60.16762,24.95415,000000006b44cce7,18.79
158,2019-08-01T13:07:00Z,528970493c647e53e14b48f1b1e271b5317bb48989681bb8707a063e,60.16762,24.95415,000000006b44cce7,14.89
159,2019-08-01T13:07:00Z,53c3e459e06cf1f7c1378904e55347c534405b97b7e234966de8045b,60.16762,24.95415,000000006b44cce7,18.79
160,2019-08-01T13:07:00Z,555c23897c259ebbc9cb3d29c2bb0f8161784fb3673124c8c4494fc9,60.14951,24.92138,0000000006dd41f6,20.28
161,2019-08-01T13:07:00Z,555d7cb049fc3c6b8f23c753b9289237848aea8b004a1441d0925706,60.16075,24.95883,00000000f1124bca,12.69
162,2019-08-01T13:07:00Z,565e3a4cd07a0a684c32c679549e574954f5dceb828495e922ada0e9,60.1638,24.96846,00000000d747f075,9.12
163,2019-08-01T13:07:00Z,5685b8076fad0c5f578fd09a0916ff193bd2e2a03724a697003ff80d,60.17918,24.95141,00000000675d5200,13.75
164,2019-08-01T13:07:00Z,57ac81b6a627adff6d15ab4f5f76669c84ca03d6318ea7054e980630,60.16829,24.94214,00000000afef4555,4.5
165,2019-08-01T13:07:00Z,584743ec67ad39bc24ae9f306653efa427056434479c3307f24372ff,60.16531,24.9442,00000000fdda10fe,16.1
166,2019-08-01T13:07:00Z,584cb0b0cdd14e608c8b57c8aecc9826f9b40027e365e2438a444ea2,60.16762,24.95415,000000006b44cce7,10.78
167,2019-08-01T13:07:00Z,58aa6a391a61460b1bc0d5805c5bef3516cf5f66dc0f680e78ad35df,60.149,24.9843,00000000fffb8cf0,4.5
168,2019-08-01T13:07:00Z,59657bd7712f48f8a84cc3e9ab039b19c7ca2569483e8253a014005c,60.15432,24.9211,0000000019fb59c4,6.46
169,2019-08-01T13:07:00Z,5972b38aa2b641a53cb3d4e30e8b945a292af13a861633fc65f079b1,60.16075,24.95883,00000000f1124bca,20.28
170,2019-08-01T13:07:00Z,5a629665f818dc5a535c16d9656ffeac52e7ca54d68623e70ee53b34,60.16762,24.95415,000000006b44cce7,10.78
171,2019-08-01T13:07:00Z,5ab27201263f718365ea7187fe807a951794fe2a0f7338c2abb63354,60.16762,24.95415,000000006b44cce7,17.4
172,2019-08-01T13:07:00Z,5acf85382c66c226ce705f25896cc6a70f370eb3bb2dcf181ade6ad2,60.17065,24.93641,000000000f4919c9,9.12
173,2019-08-01T13:07:00Z,5b7942b5c031ff3f846e75a0aee4d28c06687a3373d5a97b68e799c6,60.17002,24.94407,000000006b087f40,31.5
174,2019-08-01T13:07:00Z,5b91cb0d41d352916d8ee7f67579dd18ef973eec6479559d350bbee6,60.16829,24.94214,00000000afef4555,29.32
175,2019-08-01T13:07:00Z,5bc095657badb674c3f30de902d70f37a31b9cdd58bc6bf16bac8fc8,60.16829,24.94214,00000000afef4555,10.78
176,2019-08-01T13:07:00Z,5c018d481c50f3dc118caa39f25f336ca16853e931ebc7c3ca81daaa,60.149,24.9843,00000000fffb8cf0,7.69
177,2019-08-01T13:07:00Z,5c0231a8f3b53990f409464d4c644cee504842dca101aa50b6efae41,60.16829,24.94214,00000000afef4555,6.46
178,2019-08-01T13:07:00Z,5d1d41625b21fc0566bd1236d507507da0fc67d20bed8f0fa87f6e69,60.17002,24.94407,000000006b087f40,16.1
179,2019-08-01T13:07:00Z,5dd95ea62b2967f1080b6d54110ee8a35ace3a7d70ea236aec9edb61,60.1538,24.95595,0000000038bf9618,21.87
180,2019-08-01T13:07:00Z,5e1e9909fd4d0230ea2241b03528a638a46bbfe97aa69a323fe95d7f,60.16762,24.95415,000000006b44cce7,2.3
181,2019-08-01T13:07:00Z,5e4e14d97e8d665204fbe204cafd49af2e37905d748ec9bb5211fa00,60.16829,24.94214,00000000afef4555,20.28
182,2019-08-01T13:07:00Z,5e6934a7e5fbb6d4768eff5073a7538588f884b228a8ba08773fc6df,60.18203,24.91341,00000000342570c2,16.1
183,2019-08-01T13:07:00Z,5f64d085f8f76a4ebad94e8338ef890b0227b7a4dfad5e06dac4b178,60.16531,24.9442,00000000fdda10fe,11.7
184,2019-08-01T13:07:00Z,5f98449a4c233fb432897ed86ee136a13d24fbb4fc1222c79533b469,60.16629,24.95957,00000000fb7600be,11.7
185,2019-08-01T13:07:00Z,601728828f25dd384ea89cba48eb68f8304b8868980f10a353da5546,60.1538,24.95595,0000000038bf9618,7.05
186,2019-08-01T13:07:00Z,609aa4a3e5185bcb58e6f990ac5fdaa0f02895cff9217ac89b5d94ef,60.16829,24.94214,00000000afef4555,4.94
187,2019-08-01T13:07:00Z,613944448184d8e29be1e1e054c0ab009e73635e6476a351508f3a0d,60.149,24.9843,00000000fffb8cf0,27.28
188,2019-08-01T13:07:00Z,616757e1a5e169253cd7a1c2e17236abc2ab7e1681801730cfc3e578,60.16075,24.95883,00000000f1124bca,14.89
189,2019-08-01T13:07:00Z,62744e2c81677831c655fb47f4b6f906373d60ca7f88260d097512b1,60.16629,24.95957,00000000fb7600be,25.36
190,2019-08-01T13:07:00Z,631f6b09b0a0d86f061ea8381cd29545cca67de564b62d1c7ccd5076,60.16762,24.95415,000000006b44cce7,10.78
191,2019-08-01T13:07:00Z,6348064f71a4093e54930fccffc25e7e289c6e83379db2fe58cde6e9,60.149,24.9843,00000000fffb8cf0,13.75
192,2019-08-01T13:07:00Z,63de54e5046d152c792399202f58711cdbfde4bed9af1a0b3a5e1229,60.16897,24.95222,00000000aa852af1,9.12
193,2019-08-01T13:07:00Z,65641327410e97c7a411feb5b8d3cb1382ab504e5fea0e2fa1684b80,60.16075,24.95883,00000000f1124bca,13.75
194,2019-08-01T13:07:00Z,65c359ab6556c2a4ac9982d844eb01ee0e83209528f095dfa0e8f61b,60.16762,24.95415,000000006b44cce7,2.8
195,2019-08-01T13:07:00Z,65f92956b589ac7b5ca7dff817c6fb4adae5bd5a4aa990726f42bfc7,60.16762,24.95415,000000006b44cce7,18.79
196,2019-08-01T13:07:00Z,6724693d21a7fe38c0346cc78ec700c7d04414e1b2a91f9faf798352,60.16829,24.94214,00000000afef4555,12.69
197,2019-08-01T13:07:00Z,673d20196be239678383a530eec2668a54af037c44aabe905dd35fc6,60.17065,24.93641,000000000f4919c9,23.56
198,2019-08-01T13:07:00Z,67729984749a16a2633daeb05e50f1bc1f503d2278581c89566f7496,60.17065,24.93641,000000000f4919c9,25.36
199,2019-08-01T13:07:00Z,678a2b6b7f754ab32c0ed30505e784ba1c54ecf3ce4ed161fa4a0fc9,60.16075,24.95883,00000000f1124bca,31.5
200,2019-08-01T13:07:00Z,678b7d38eb09476feb80b461b370e204c6ae391e8b1b04b2da037247,60.14699,24.922,00000000a53ed894,29.32
201,2019-08-01T13:07:00Z,67a181d47da87f3970b32255a1656e6d70aeaa3179621844880e6a09,60.16762,24.95415,000000006b44cce7,21.87
202,2019-08-01T13:07:00Z,69b97e2c3c57fc6b80b685167d6b458366b11188047a3f8e43c07bf9,60.1538,24.95595,0000000038bf9618,18.79
203,2019-08-01T13:07:00Z,6a4a97e3104d97e48d9fc1c9cc0bb74b008a975a252046989c52a26d,60.16075,24.95883,00000000f1124bca,14.89
204,2019-08-01T13:07:00Z,6a9d45fc333248e9dedac23a1baaa8397f9332bc84294fdf32a385c1,60.16762,24.95415,000000006b44cce7,12.69
205,2019-08-01T13:07:00Z,6b3cf02e733210d23caff48f98284e05485cb77e851a30c88138495d,60.16762,24.95415,000000006b44cce7,12.69
206,2019-08-01T13:07:00Z,6b4393cc843576259c2450f879aa482eb48ca9b5fc9c62742f70b5e9,60.16531,24.9442,00000000fdda10fe,23.56
207,2019-08-01T13:07:00Z,6c6b23d312babc65e4cf7ab9296d797fb3a0b9c163bd3961965eec40,60.18203,24.91341,00000000342570c2,20.28
208,2019-08-01T13:07:00Z,6d8742f1c3dc84be530ce11d25fb80a809f37a9c3806bef7d23b7776,60.16762,24.95415,000000006b44cce7,4.94
209,2019-08-01T13:07:00Z,6db64ba12090998e6532edae4355d140d254cfdac9c365fba4cfed4b,60.17918,24.95141,00000000675d5200,14.89
210,2019-08-01T13:07:00Z,6e926361530f32c38706c0035a19e064c9e5e2d92af9a0522d8b3b63,60.16075,24.95883,00000000f1124bca,17.4
211,2019-08-01T13:07:00Z,6edeb15731fd5f17a3ce53d13b4d78e5c46e6ed24633f0e536230abc,60.16075,24.95883,00000000f1124bca,17.4
212,2019-08-01T13:07:00Z,6ee8a586b5d86276aa990469dea534ec8bcbcb491dfb6a8173955f4a,60.17918,24.95141,00000000675d5200,7.69
213,2019-08-01T13:07:00Z,6f594b18e91aa80e00c1886d31d1361cad9b7b037d0ec9ee1c3fcf62,60.17065,24.93641,000000000f4919c9,25.36
214,2019-08-01T13:07:00Z,6f657d737e1e77462dbafc87fa191e37a7b38c9908e13ccece66847f,60.16075,24.95883,00000000f1124bca,20.28
215,2019-08-01T13:07:00Z,6f9c78636cc0f031a1fe2e8a81ae2c49a9c8b46c4d70895098215e1b,60.149,24.9843,00000000fffb8cf0,20.28
216,2019-08-01T13:07:00Z,707efe84ece36b16def749e09d1bddcab2dbd62dcb55473c95833b0a,60.16762,24.95415,000000006b44cce7,12.69
217,2019-08-01T13:07:00Z,70e67101baaf5ab0f228b1bab452ac79ea497539440a4cfebecc6604,60.17918,24.95141,00000000675d5200,9.12
218,2019-08-01T13:07:00Z,71bad1d2eb94599e31c1135f249534b8e463de15efc574e7a458520d,60.16762,24.95415,000000006b44cce7,11.7
219,2019-08-01T13:07:00Z,72acaef575f272cf7d68ada7d1a2763657f6ab76010d981a5a2b3582,60.18203,24.91341,00000000342570c2,13.75
220,2019-08-01T13:07:00Z,72acf0f0c9b963aeeffd267de2c8fc9ae584459a15b151d982f46d40,60.17002,24.94407,000000006b087f40,17.4
221,2019-08-01T13:07:00Z,72ada64a130204eb2ec072cdc4e4daf4d1efb4da7f01c34560b9775c,60.16448,24.97323,0000000053c6c2be,20.28
222,2019-08-01T13:07:00Z,73b759c67e48d9aa55f4cd10905955c523f4f2ab97a63a93e80d1802,60.17002,24.94407,000000006b087f40,11.7
223,2019-08-01T13:07:00Z,7487872b79a6bfc66977fd63962a95bed68182e068b50b037fe2ee2b,60.16448,24.97323,0000000053c6c2be,21.87
224,2019-08-01T13:07:00Z,74cb545f76f0bfc5498607247e26e814276a11ce91f77208054ecbc5,60.17002,24.94407,000000006b087f40,23.56
225,2019-08-01T13:07:00Z,754d6df12233aa6547c17e92f1dd857b3bf1ee485f17a760cfe20754,60.16762,24.95415,000000006b44cce7,2.08
226,2019-08-01T13:07:00Z,767222f204ff9793879986d127a07e1086b75a0a610471fc590c6e6f,60.14947,24.91438,000000004ef3150d,18.79
227,2019-08-01T13:07:00Z,76b9e2ab98cb5ebf504d9320ede0c8492d5fedb0cb2e4afc72658d86,60.149,24.9843,00000000fffb8cf0,8.38
228,2019-08-01T13:07:00Z,76ba32bf264a93899b6ec5b40578b1638fed31cbcbf1229d43331fd6,60.16075,24.95883,00000000f1124bca,23.56
229,2019-08-01T13:07:00Z,7805a44b0c4d7699c5478c92f861dad5003cd99e4802d70d5dc34617,60.18203,24.91341,00000000342570c2,29.32
230,2019-08-01T13:07:00Z,782f7631549523635280add8c9971d502b45e2e2884b8d819c529273,60.16897,24.95222,00000000aa852af1,14.89
231,2019-08-01T13:07:00Z,785e6088c0d01c9622213484510830976bde0a7d79e6199040108746,60.16629,24.95957,00000000fb7600be,25.36
232,2019-08-01T13:07:00Z,788921fae1ee78b7a17c90442c51b21838c342ef710e9387bc7ae6a1,60.16448,24.97323,0000000053c6c2be,14.89
233,2019-08-01T13:07:00Z,79f5e68ff69ca0664470e324379b8ba4d86529530b003dec1d790508,60.14947,24.91438,000000004ef3150d,8.38
234,2019-08-01T13:07:00Z,7bbda35a7b086a7e795c4023c6b82b315857c462f381abcd705f59c5,60.16897,24.95222,00000000aa852af1,5.41
235,2019-08-01T13:07:00Z,7c3e127afa2cbaeb8c9293d0337826b2643832be5732284d9fe2a8d5,60.1638,24.96846,00000000d747f075,14.89
236,2019-08-01T13:07:00Z,7d290d49bb75e54e452a4e16b39c840f0f49208530fddd773e38fd8a,60.173,24.92524,0000000096918cfa,4.5
237,2019-08-01T13:07:00Z,7daebab9aae69df1336c32f996b42ad8a021c8fe6c71b95cfba9a1d3,60.16762,24.95415,000000006b44cce7,16.1
238,2019-08-01T13:07:00Z,7e73607ce1e60086f5ae180ccbc8fb7649adc7a052340ddf5dd808a5,60.16897,24.95222,00000000aa852af1,4.11
239,2019-08-01T13:07:00Z,7f5de144e7805c5a438f1d9bd428e849e9c756865236eff10c90a1c8,60.16829,24.94214,00000000afef4555,20.28
240,2019-08-01T13:07:00Z,7fd0e4df7563b9c1953bc88bab7e783512e40f83147fe1482cc1a21c,60.16075,24.95883,00000000f1124bca,23.56
241,2019-08-01T13:07:00Z,8085cbfb6cfb388bf34ca260342a912245d8ac13274a0c9d38544df7,60.16762,24.95415,000000006b44cce7,14.89
242,2019-08-01T13:07:00Z,81634c45c4479dbfabbf0d699c9d1017a053dd2f11d2269ef98805d4,60.16897,24.95222,00000000aa852af1,20.28
243,2019-08-01T13:07:00Z,81b310036f44c185ab20cac3ee393b4b6330aaae2a56b7d9efb91d35,60.1538,24.95595,0000000038bf9618,16.1
244,2019-08-01T13:07:00Z,82d5466e2c78086c4e4059d4ff21e6fcd8d4817cd56f3673ba6eb69d,60.16762,24.95415,000000006b44cce7,5.91
245,2019-08-01T13:07:00Z,8313d956350f80e947ad5135b0cdca6070b77c3195e04c344f03d8a2,60.14947,24.91438,000000004ef3150d,4.11
246,2019-08-01T13:07:00Z,83444dd6e41efa02e946b4649d3ef7d774878ba381ed9cb407cb2464,60.17918,24.95141,00000000675d5200,4.94
247,2019-08-01T13:07:00Z,8442e454604b4d538c3444471182e2ab8dd8e70eb399ce9248e405a7,60.17002,24.94407,000000006b087f40,23.56
248,2019-08-01T13:07:00Z,84a41d38991a09aa021b34ba8592b6ac09a3652e7e712ec9da0fd293,60.16629,24.95957,00000000fb7600be,10.78
249,2019-08-01T13:07:00Z,859cb06e67d7c508efcc2ea1af65042eb00a2a8f0eac13280a22add7,60.17918,24.95141,00000000675d5200,18.79
250,2019-08-01T13:07:00Z,85f7b0fdbb572619b1f86196f25d58a6c5b8432c8b72e2f01e378728,60.16829,24.94214,00000000afef4555,20.28
251,2019-08-01T13:07:00Z,889846133b7e722da091d3aeae90d3ee4cb59c2a60a8b7d5b1e58887,60.16829,24.94214,00000000afef4555,21.87
252,2019-08-01T13:07:00Z,8d840b46195d8e883688007ea17fc354383ac0bdb4fb66825a63d6ac,60.15432,24.9211,0000000019fb59c4,4.5
253,2019-08-01T13:07:00Z,8ead00a5d1e7d874261607aaea36e002e7382e8a73761256bb39e12c,60.149,24.9843,00000000fffb8cf0,11.7
254,2019-08-01T13:07:00Z,8f892c65ea58e51a01c5dbce012e7c23275e1b3a4014186f67bc2252,60.16762,24.95415,000000006b44cce7,4.11
255,2019-08-01T13:07:00Z,8fcf0f3bcef88511c3386998ba149b05f9e246991ced3c40c57fd404,60.16897,24.95222,00000000aa852af1,17.4
256,2019-08-01T13:07:00Z,904d8442b63b4b928d3cd185efab0018fcb5d5104542135180bfb8c4,60.16075,24.95883,00000000f1124bca,18.79
257,2019-08-01T13:07:00Z,9148e61f2dfe83b050c177d1eebbfb959daaf5808e027a10ebfe7b01,60.16762,24.95415,000000006b44cce7,20.28
258,2019-08-01T13:07:00Z,91f0bed0078f0296b8d9bfa041709f349cca5ef5c47f62fc2c818e3f,60.15432,24.9211,0000000019fb59c4,9.12
259,2019-08-01T13:07:00Z,9390866d2404ae5ae3181e0499797ac772417ece1c4e18286ef6df8b,60.16075,24.95883,00000000f1124bca,23.56
260,2019-08-01T13:07:00Z,93f445a675d6ef6bf590e730a16c16056dfbc4cc84879c9eec14c5cb,60.17918,24.95141,00000000675d5200,17.4
261,2019-08-01T13:07:00Z,93f4af8f5505aa599f665fa4765b0a23150dfc5e7b23eb9431551599,60.16075,24.95883,00000000f1124bca,4.94
262,2019-08-01T13:07:00Z,9537f03edc67402c65554e856ba0e39bbb5f28f6fb6c7ca07d01b0be,60.17002,24.94407,000000006b087f40,8.38
263,2019-08-01T13:07:00Z,955fae910b929a9d2d755322581045aec4ff28c315f7006a1cbe5326,60.16829,24.94214,00000000afef4555,9.12
264,2019-08-01T13:07:00Z,95d2167af0f5e3fb87d8195a573a4bf9e04fe2c5f38df2f62d11f60f,60.15432,24.9211,0000000019fb59c4,25.36
265,2019-08-01T13:07:00Z,95df839f7c4ab4371efbe4f103f440b1a8f25452663fbf66c3b2f242,60.16531,24.9442,00000000fdda10fe,3.09
266,2019-08-01T13:07:00Z,98beeacbbed940548eaab2862e35f2a9cc5e62308eb12f273fbe1034,60.16075,24.95883,00000000f1124bca,36.27
267,2019-08-01T13:07:00Z,99309f4f5ba07ce7ff4a7f93fad664c6a686b0013f0dadec704ea16c,60.16762,24.95415,000000006b44cce7,29.32
268,2019-08-01T13:07:00Z,99a026b5100e23129fa529e9a57a3dbc8490dc03b58f2193f03e2dcf,60.14951,24.92138,0000000006dd41f6,5.91
269,2019-08-01T13:07:00Z,99aca08d5b6bdd50d95a589bbfc64f266c79c51f25fc2e296e9f8885,60.17065,24.93641,000000000f4919c9,10.78
270,2019-08-01T13:07:00Z,9a86e210b41d4dc5fcc1282dde294d196805c73eb41d320cb39ce615,60.17065,24.93641,000000000f4919c9,23.56
271,2019-08-01T13:07:00Z,9ac4f6d3bdc817fee67b2b3309c98b87b1b0bb2a59d721afc6db1a74,60.16075,24.95883,00000000f1124bca,21.87
272,2019-08-01T13:07:00Z,9acad223a4945561f1d871acabb72ef007a2bcda5de9186add009075,60.15432,24.9211,0000000019fb59c4,9.12
273,2019-08-01T13:07:00Z,9b6d73f76e27f6de9dc5d4f12b225669c43327f2a8674e62d6b89921,60.16544,24.95398,0000000038d83d41,16.1
274,2019-08-01T13:07:00Z,9bd55e2b8507eb88f7d3b6f4a56d0669976ab8846dcb2df9d3446bfa,60.16762,24.95415,000000006b44cce7,9.12
275,2019-08-01T13:07:00Z,9c05156812773576481c2a9c7c7c28ba4331e6efdcaaeb8394cdcff2,60.16762,24.95415,000000006b44cce7,5.91
276,2019-08-01T13:07:00Z,9c0f702d07edab71a648c9daa3c4b2e54e5f84cbf1077c7e204d91af,60.17918,24.95141,00000000675d5200,16.1
277,2019-08-01T13:07:00Z,9c94c6e4e251e3cb754ac1e15bceb377c5bd6c19c3edbd4b18eed4ec,60.16629,24.95957,00000000fb7600be,20.28
278,2019-08-01T13:07:00Z,9d49adeef507cf7268e5d6d57fda29343952f14001073ff26f2a4eb7,60.16762,24.95415,000000006b44cce7,11.7
279,2019-08-01T13:07:00Z,9dcd512bbf5a7dd4849b5f495ce49c951e724a1cd224ababe64f2aca,60.16075,24.95883,00000000f1124bca,10.78
280,2019-08-01T13:07:00Z,9f43ce22c00f543a190b83edeaad8f73e1411e3f0696c4f9386eadef,60.16829,24.94214,00000000afef4555,6.46
281,2019-08-01T13:07:00Z,a04dd0e194624da54761eb22fdcbfeccde3361a164b53c65141cde7c,60.17918,24.95141,00000000675d5200,10.78
282,2019-08-01T13:07:00Z,a0541d9ffcd409809cbcf709ace5254f8e70ec361af348c6e06b5762,60.16629,24.95957,00000000fb7600be,21.87
283,2019-08-01T13:07:00Z,a0588e18c20a7428077547b26965e07d8982b64148aa8f30aa87912a,60.16762,24.95415,000000006b44cce7,4.94
284,2019-08-01T13:07:00Z,a1ad72a2fd30cff0062386e12ea6eff405b29503d03bff7201508e7f,60.16829,24.94214,00000000afef4555,23.56
285,2019-08-01T13:07:00Z,a20e7618de0c65dbc991651ea0eac93e321d9e251324ae55037ff020,60.17002,24.94407,000000006b087f40,16.1
286,2019-08-01T13:07:00Z,a36f47887ad578d926301eff3dba7f146fea09fb1d54ea3d65e8ba4d,60.16075,24.95883,00000000f1124bca,13.75
287,2019-08-01T13:07:00Z,a37e8b2c2433a70549b4750feeb73a3953a0e24fa752b0c83d846c6f,60.16448,24.97323,0000000053c6c2be,20.28
288,2019-08-01T13:07:00Z,a3b7bbbbf59bd48614b8d48126d49a6eadab5294a7b8f1c01ecc6ff0,60.17918,24.95141,00000000675d5200,11.7
289,2019-08-01T13:07:00Z,a3e91df0fc93deae052e572015e6cdc75cbb7f0118cbdd757e1f52e4,60.16544,24.95398,0000000038d83d41,23.56
290,2019-08-01T13:07:00Z,a4eda6c85724494bfcc86b804e23faacf45661f89917e08f788b98cb,60.16075,24.95883,00000000f1124bca,17.4
291,2019-08-01T13:07:00Z,a61a327986acdc508c8a38093ced48fb6c6096dad1d3a542aaad6cb1,60.16762,24.95415,000000006b44cce7,7.69
292,2019-08-01T13:07:00Z,a6c1cae1f00b4b1dd8634c5b7b70cfa97422fd55128364adc677d706,60.16075,24.95883,00000000f1124bca,4.94
293,2019-08-01T13:07:00Z,a7b53dd3fbb46fda5f9fb78c1f5918c7be0eb4c2f0e10a3ca6998b3a,60.16531,24.9442,00000000fdda10fe,11.7
294,2019-08-01T13:07:00Z,a8cb116ca4b1a65f81433288c0c3dbed819d65584e8e936b71804685,60.17002,24.94407,000000006b087f40,9.92
295,2019-08-01T13:07:00Z,a9492d58c2aa5eb83e8cec2756fd5f01ab3d4833f5eaf37a6b403efb,60.16075,24.95883,00000000f1124bca,18.79
296,2019-08-01T13:07:00Z,a9747a58c4ad67b8e58817a3f6d2fdfe7a440dc03d9764a5a2ec439c,60.16762,24.95415,000000006b44cce7,20.28
297,2019-08-01T13:07:00Z,abeadfa6a65c136457a63dffc3ff86a3ceee7cd22ab229cfb8f32209,60.14699,24.922,00000000a53ed894,25.36
298,2019-08-01T13:07:00Z,ac521e06905677fa9228f7fe41b4bdc2e0b2645f9a632638b4214bac,60.173,24.92524,0000000096918cfa,4.11
299,2019-08-01T13:07:00Z,ac79f7015d803ece658fce3ca4ac2af07dddfcc84404cde4a5315412,60.17065,24.93641,000000000f4919c9,1.88
300,2019-08-01T13:07:00Z,acdf6fdf39e97b5bef1cce34613e6c3e7ea4ca6ae5e9dc152da0814a,60.16762,24.95415,000000006b44cce7,11.7
301,2019-08-01T13:07:00Z,ad0e7dfab0c5e6ee3d125f271186e7a890adee947de0cdae347d7b08,60.16531,24.9442,00000000fdda10fe,5.91
302,2019-08-01T13:07:00Z,ad622f8bf1a8be46232cabfbb1bd0461b5abee47d8f5f5aadbc59d08,60.16629,24.95957,00000000fb7600be,23.56
303,2019-08-01T13:07:00Z,adbed3cbc5e6dd3053b437ade1689f38f8e253a7c97ba3dbb4972fdd,60.16897,24.95222,00000000aa852af1,21.87
304,2019-08-01T13:07:00Z,adff2eccad14d7ab0e13d83f9491d4b82f2b36401eda0f552fcdaea1,60.16829,24.94214,00000000afef4555,11.7
305,2019-08-01T13:07:00Z,ae62789788042b18a34084615a4afb15171147c188b71a141e9d820f,60.17065,24.93641,000000000f4919c9,27.28
306,2019-08-01T13:07:00Z,ae7a8b86488040741a4ec295b8d7f01b88e2267f890d3b2fa4e3c972,60.16075,24.95883,00000000f1124bca,17.4
307,2019-08-01T13:07:00Z,afa44b33453142e34d8067ff5e6f943a8b9061f05e47d3fdbadc4bf5,60.17918,24.95141,00000000675d5200,14.89
308,2019-08-01T13:07:00Z,b01d3c526317f0d7000d20bfd2cffb4d818290948739b0d50be3aad1,60.16075,24.95883,00000000f1124bca,13.75
309,2019-08-01T13:07:00Z,b42d164416373fc3a3087c22f2cb547bdbd496340b304277399e7e77,60.16448,24.97323,0000000053c6c2be,14.89
310,2019-08-01T13:07:00Z,b46ebefa5a00bc4c7c9df9509640a7fe2c2228c410f001bde91f2406,60.1638,24.96846,00000000d747f075,18.79
311,2019-08-01T13:07:00Z,b5483394331e6b365d41bec39b0cb637b6f9b2469cfc134f1fd6cb7c,60.16762,24.95415,000000006b44cce7,2.8
312,2019-08-01T13:07:00Z,b5d53c6301bd8595654bc1d47918d989aabd5c6131a65c54ed2be65a,60.17065,24.93641,000000000f4919c9,21.87
313,2019-08-01T13:07:00Z,b6f5fb567b6b2b167e24a43df4b2e68cffc50b17b30386898da74eb0,60.16762,24.95415,000000006b44cce7,9.92
314,2019-08-01T13:07:00Z,b71e3a5fa31cd62a2ab810acb40bf6ccf35362deea8962bffa6ac28f,60.16829,24.94214,00000000afef4555,4.94
315,2019-08-01T13:07:00Z,b78acdbb7e7d850f4562ff4e800f0fad7f0f533091672bedf9b42e81,60.15133,24.92329,00000000e8a064a4,31.5
316,2019-08-01T13:07:00Z,b944231c6c790fd0983d0c0ded56e39d0d6f726beb59cb464c70134d,60.16075,24.95883,00000000f1124bca,12.69
317,2019-08-01T13:07:00Z,ba4afd3ba64e6be6da5b6432f3423836b7e9cbb74f9daf9dde92f8b1,60.16897,24.95222,00000000aa852af1,17.4
318,2019-08-01T13:07:00Z,bafcfdd40e4e395b42090178435c5095aa301acdb0bd3eb81649027b,60.149,24.9843,00000000fffb8cf0,17.4
319,2019-08-01T13:07:00Z,bc081e2b85a58929f0460505291370fdb59d8b4ab18bb456e2bfacc0,60.15432,24.9211,0000000019fb59c4,7.05
320,2019-08-01T13:07:00Z,bd3a555f8645e4a64cbd330dba239ec28b13da8be9323e9fd58ba125,60.17002,24.94407,000000006b087f40,27.28
321,2019-08-01T13:07:00Z,bde47d21466c3d50d0995a744b53cbc0b0be1f6b4f2c8e4149d3d140,60.16075,24.95883,00000000f1124bca,23.56
322,2019-08-01T13:07:00Z,be2c1ba1a2dba70d0ba777c50e920d36b2e418a4e1de397ea2666827,60.17918,24.95141,00000000675d5200,13.75
323,2019-08-01T13:07:00Z,be43c1c2e87f391e71f23346685108dc6c7467ba4f3c2ac5cff73e72,60.15432,24.9211,0000000019fb59c4,12.69
324,2019-08-01T13:07:00Z,c014dec75ea38d1fd29b3774177633fe67aa2a5200fc6f4b2f6eb1af,60.149,24.9843,00000000fffb8cf0,9.92
325,2019-08-01T13:07:00Z,c044ad64e71bc66be59fe0fcff1da75f3776873c0631eb32bd496dbf,60.15432,24.9211,0000000019fb59c4,5.91
326,2019-08-01T13:07:00Z,c05fc68c564f4bf0e9aeb86328366d6f1702c0bab1f87b0efa12488a,60.16829,24.94214,00000000afef4555,5.41
