,time,hash,latitude,longitude,serial,distance
0,2019-08-01T23:07:00Z,075be70b0c9febdacbaeeb7cd5008912aad9ce85c22f5ee3d6b77e40,60.16897,24.95222,00000000aa852af1,25.36
1,2019-08-01T23:07:00Z,0add92bb629361fdf34a91a86a1f9e3aed5f10895edae2bd32f97fb0,60.14699,24.922,00000000a53ed894,25.36
2,2019-08-01T23:07:00Z,14c7e1511b70f4dd3359cbece1377aebb4d70531f5489eefe53d7c3c,60.16544,24.95398,0000000038d83d41,25.36
3,2019-08-01T23:07:00Z,17b28910b6cbc057680693633275c4ca53938281bc38178f96c44947,60.17002,24.94407,000000006b087f40,41.64
4,2019-08-01T23:07:00Z,22581e1d9764b88a01034a4cab1a6b02fa4aa770025b9bd340685163,60.15432,24.9211,0000000019fb59c4,9.12
5,2019-08-01T23:07:00Z,297c725b456ef12d2712634b21546721cbe93224d3a5762d897404f2,60.16762,24.95415,000000006b44cce7,10.78
6,2019-08-01T23:07:00Z,2c94897aa62344f630952ad6032f5d7976419125d126b15c1386c8b1,60.1538,24.95595,0000000038bf9618,21.87
7,2019-08-01T23:07:00Z,351407b43e2d2cbb60e7481f6fea88dcd24a9ea0d5a0f63e5073d365,60.16544,24.95398,0000000038d83d41,23.56
8,2019-08-01T23:07:00Z,3944bc7a301be7241d1f7bc4a97f221000d535ce3d8a9af9af9b23b5,60.16531,24.9442,00000000fdda10fe,27.28
9,2019-08-01T23:07:00Z,3a0b806cc80aa40bb0bf60877e444313b79bfea0bb0eb170a4da6bb8,60.16897,24.95222,00000000aa852af1,10.78
10,2019-08-01T23:07:00Z,41d3af8da554a2f22a1c6596e0da84fd612b70022b5d295e6b4928e7,60.15432,24.9211,0000000019fb59c4,9.92
11,2019-08-01T23:07:00Z,43b676ed3aef4c2d8846694817e76117873be52e7f788e0cb366c1c4,60.16629,24.95957,00000000fb7600be,23.56
12,2019-08-01T23:07:00Z,5802343c3c4b09ee3631f03e16ebb38a3b1999d65e3713eb82377455,60.16544,24.95398,0000000038d83d41,18.79
13,2019-08-01T23:07:00Z,59107c0fb745e0aacace35f3eb6888e9aa1cace3ca066219be32fe54,60.16897,24.95222,00000000aa852af1,21.87
14,2019-08-01T23:07:00Z,5bbb5184fded3e51bc78e45e39917794285e6bbc72da404802a9599a,60.16531,24.9442,00000000fdda10fe,20.28
15,2019-08-01T23:07:00Z,5d65719c4cbf045f068d084b72302f447d5fd034413d97d13be00d0e,60.18203,24.91341,00000000342570c2,18.79
16,2019-08-01T23:07:00Z,5eed115a984d490b02b602d73787aee8dc8c4e9365b77fbff3818a76,60.16629,24.95957,00000000fb7600be,23.56
17,2019-08-01T23:07:00Z,6011490fb2e02d0b9d936fa70a06572cb55ffd9a6a7c607cf75c5a71,60.16897,24.95222,00000000aa852af1,21.87
18,2019-08-01T23:07:00Z,66dabd3229229330d23c70e9e1737429ddfe69db01f4a6a00f70fa20,60.16762,24.95415,000000006b44cce7,21.87
19,2019-08-01T23:07:00Z,693099b54f1d14b899f005c233a431270bde084ad2fe05abf597743a,60.16544,24.95398,0000000038d83d41,29.32
20,2019-08-01T23:07:00Z,6a54644283a4f5a6369abe947b4e9faf2ca3c25ef2ea42502cb60c5f,60.15432,24.9211,0000000019fb59c4,12.69
21,2019-08-01T23:07:00Z,6f06341f358e61699fe1e55e986dd0554bc8da28b91daf0c5ad99db6,60.16629,24.95957,00000000fb7600be,21.87
22,2019-08-01T23:07:00Z,6ff437688c444238352c28f64f9d2a7d0f14d19c9ea42c225380501e,60.16762,24.95415,000000006b44cce7,20.28
23,2019-08-01T23:07:00Z,71f1ccf548a0ec676009a1185a36ad6c18191be59b397e8261d67443,60.16762,24.95415,000000006b44cce7,5.91
24,2019-08-01T23:07:00Z,747f2d1ebff218c0ebbdc0fdaef4cbe56633dfb46ae1b1f8c8142201,60.16762,24.95415,000000006b44cce7,11.7
25,2019-08-01T23:07:00Z,77839e655f856d5295739c2388237a95b399c3b8a4f659cd1345d939,60.16829,24.94214,00000000afef4555,25.36
26,2019-08-01T23:07:00Z,87dfaad29a9276ddddb1fa021d3bc23ad14824c1af16f7d87e713689,60.14951,24.92138,0000000006dd41f6,7.05
27,2019-08-01T23:07:00Z,8c75c3289c84fe4493e1e272a77b615fe1985880c5dc68a7c1a17b53,60.16762,24.95415,000000006b44cce7,8.38
28,2019-08-01T23:07:00Z,8cc6ddaa460aeae8cc9e8a33f91a01c8cd4c0c8bf8a943210a28c84d,60.1538,24.95595,0000000038bf9618,29.32
29,2019-08-01T23:07:00Z,9041c42fbb1cf987ee209454d6f5fab418a20e06fd7625460be30fa6,60.16531,24.9442,00000000fdda10fe,36.27
30,2019-08-01T23:07:00Z,91d3b80de4439a4a49ddb8a04d72a0a2ec6c08f351d70232842af567,60.16762,24.95415,000000006b44cce7,21.87
31,2019-08-01T23:07:00Z,9843c6216661048343a0e49cf3d8aa2883cf77f452666a1c873a1052,60.16448,24.97323,0000000053c6c2be,29.32
32,2019-08-01T23:07:00Z,9a3441615c7a95dad7af50ae16b0ac928f9d84ea590ac67cfa97ef1e,60.16544,24.95398,0000000038d83d41,17.4
33,2019-08-01T23:07:00Z,9e542b3a7effec1e348e152448282ff99d56cacba9ecdb492a7dd572,60.1538,24.95595,0000000038bf9618,20.28
34,2019-08-01T23:07:00Z,a1ba09b019cae8df2ec9396f46a163e5b29858a11380955ed9605985,60.15432,24.9211,0000000019fb59c4,14.89
35,2019-08-01T23:07:00Z,b33ae7715d6d2571066655c2c8954a5a364b5601869047de83410d9f,60.16629,24.95957,00000000fb7600be,21.87
36,2019-08-01T23:07:00Z,b5fd6b317890e5ab2d79e2cd1abe61626d45a753c7337d0d40728898,60.16762,24.95415,000000006b44cce7,7.69
37,2019-08-01T23:07:00Z,bc47f02c87cebb9928c25d0ad0c1e77fa507b77e58f60e2420264dea,60.15432,24.9211,0000000019fb59c4,18.79
38,2019-08-01T23:07:00Z,c40c37def6bf11a63a2556519a7c6233fd417cdeea2cf14f28e7c42c,60.16531,24.9442,00000000fdda10fe,21.87
39,2019-08-01T23:07:00Z,ce4d251a2c6b56d67533935f9c53278886ef447f18ddca76b92d9335,60.16897,24.95222,00000000aa852af1,9.92
40,2019-08-01T23:07:00Z,cf05623e4d87ce0906c0b0b7dbf53aacc1228016cd27c341228b6e76,60.18203,24.91341,00000000342570c2,18.79
41,2019-08-01T23:07:00Z,db2c41f283cd09199d0bf74c7f94bb950b851768d01afb0cc025ab57,60.17002,24.94407,000000006b087f40,36.27
42,2019-08-01T23:07:00Z,ed70dda6b7faebd4340dacdb452ab224d9d3c308df417b7fa76f54e8,60.14951,24.92138,0000000006dd41f6,21.87
43,2019-08-01T23:07:00Z,fc4f3a44235f1cfc7b53f14ba2da599976a5a0a220d23b852688e485,60.17919,24.95181,000000007b5207b6,20.28
44,2019-08-01T23:07:00Z,037778e5b86f938d41ba864d0552c116507dcef055b18bab1b257fff,60.17002,24.94407,000000006b087f40,29.32
45,2019-08-01T23:07:00Z,0ebe47149111f63047637d03120300de9da981196d5490fcd315b3f1,60.14947,24.91438,000000004ef3150d,8.38
46,2019-08-01T23:07:00Z,0fdaf122a58888715ce659eb3316135d3095de0faf4cb7ad6a26c5b6,60.16629,24.95957,00000000fb7600be,12.69
47,2019-08-01T23:07:00Z,139061e8a6c5cfbae30c82545ac7ea95fa7319c265609e4656c099bd,60.16762,24.95415,000000006b44cce7,20.28
48,2019-08-01T23:07:00Z,1dacfb371d75dd4f90f447aac2a00faad98beb4188a6971c19eb2375,60.16629,24.95957,00000000fb7600be,27.28
49,2019-08-01T23:07:00Z,1ecbc7c6afe89033252e5510cbb893666af2b3bc29f555a3a6287fdb,60.14951,24.92138,0000000006dd41f6,2.8
50,2019-08-01T23:07:00Z,25b9a688fda1515f9ff250d01f89c4491af81e3721b9b2348d88d2e3,60.16762,24.95415,000000006b44cce7,21.87
51,2019-08-01T23:07:00Z,28b32fde1d7c7bd51968e015ae150a6a0b3a761d2f4e860e23f8af49,60.17002,24.94407,000000006b087f40,23.56
52,2019-08-01T23:07:00Z,2970ecf01426390fc2f4e429f4eccfe3f7737b3d9c588d67fb9b7a93,60.16829,24.94214,00000000afef4555,16.1
53,2019-08-01T23:07:00Z,29dc7c0cc6fb615aeaf2d64f842f963d2abe995905106214bc52912a,60.16897,24.95222,00000000aa852af1,9.92
54,2019-08-01T23:07:00Z,2e054a78e844deb03a123123eb044e293bb7028aefb058a8d7f3111d,60.16762,24.95415,000000006b44cce7,10.78
55,2019-08-01T23:07:00Z,32aba927c44b41566988e9e7e7a57e350f113f80205b47c4ca61eee2,60.16897,24.95222,00000000aa852af1,20.28
56,2019-08-01T23:07:00Z,3921db3a677dc7e53b3d9d36ad530fd7bb605f2d09f030e5fc737936,60.149,24.9843,00000000fffb8cf0,18.79
57,2019-08-01T23:07:00Z,3eb5cf27da48879eee1c3d9a8e6f01ee5878f424a64d439c7cb31261,60.14947,24.91438,000000004ef3150d,7.05
58,2019-08-01T23:07:00Z,510dab9a122d788d9c8650724620bd3856ca9c78e2c6dbd98ba480c0,60.16629,24.95957,00000000fb7600be,17.4
59,2019-08-01T23:07:00Z,54aec80f83440c64d4d326b4e132046c74f1427fff9bbbb689026132,60.16762,24.95415,000000006b44cce7,20.28
60,2019-08-01T23:07:00Z,584cb0b0cdd14e608c8b57c8aecc9826f9b40027e365e2438a444ea2,60.16762,24.95415,000000006b44cce7,12.69
61,2019-08-01T23:07:00Z,7174e7c42815a6a21ff0028133e0e285b9b6372d2cae11ee3437d3fc,60.17919,24.95181,000000007b5207b6,21.87
62,2019-08-01T23:07:00Z,7edc05ef0308ce74cf183340e3a2f71d4cd2bad9fc111a5df5035f55,60.16762,24.95415,000000006b44cce7,16.1
63,2019-08-01T23:07:00Z,83fb80c32f2f87cf3e310eba688d99abbc0c726f46a7c6bd739df0a9,60.14699,24.922,00000000a53ed894,31.5
64,2019-08-01T23:07:00Z,85702fc6eb80e93f4f30f44e9f50a7a39db67084d3e9a905d8559c28,60.16897,24.95222,00000000aa852af1,17.4
65,2019-08-01T23:07:00Z,a5f161a29e52a2cedeb4149f42e0bb94a3ac746fbb77f3f17ce5fe6b,60.16762,24.95415,000000006b44cce7,31.5
66,2019-08-01T23:07:00Z,a6390a4c08376a7864ad53f4d9ba3dbdb39688d0d7291d5f7cce44cd,60.16897,24.95222,00000000aa852af1,17.4
67,2019-08-01T23:07:00Z,b211162ea33baa637e51b442bc7057c47ddcfaf63fee6342745d9497,60.16531,24.9442,00000000fdda10fe,9.12
68,2019-08-01T23:07:00Z,b6b19c3283a0fe626d5c8e3cd689156518aec5b91e2bc1bead1a81e9,60.16531,24.9442,00000000fdda10fe,13.75
69,2019-08-01T23:07:00Z,c145c3249c972923e5e6cfe303f99db05811e81c8e8f74c5396ba9e5,60.17918,24.95141,00000000675d5200,17.4
70,2019-08-01T23:07:00Z,c9a7cc26e709fd143a850c40a6d5f892996d451cca14e8c46932ad7d,60.16897,24.95222,00000000aa852af1,13.75
71,2019-08-01T23:07:00Z,c9ce14e0dbf0cf3c24f6a92a1930fa32de9a1de0ffe63082ccddb0d6,60.16448,24.97323,0000000053c6c2be,23.56
72,2019-08-01T23:07:00Z,d12d0f24ae6b28b3a7721f30ee94fc876fe07633d7cedbfa3d861306,60.14699,24.922,00000000a53ed894,29.32
73,2019-08-01T23:07:00Z,df62291450fba336f210db04c2170783ee136480c088922937c951bd,60.16762,24.95415,000000006b44cce7,20.28
74,2019-08-01T23:07:00Z,ead8a9712515c5d2aa3bb97df62a9c270b9b9eb3833341a9e1cdb848,60.16897,24.95222,00000000aa852af1,25.36
75,2019-08-01T23:07:00Z,ee3be5158d6cbdf62e0b60c6bd4533b993cf6495fa71b2410cc16415,60.16762,24.95415,000000006b44cce7,16.1
76,2019-08-01T23:07:00Z,ef925a2694dbbbb64c88d0d2243be684318f870aa6f0a6a21efdaf61,60.16629,24.95957,00000000fb7600be,18.79
77,2019-08-01T23:07:00Z,f7f23d77443c8294510f78b5fac65b5f4b4c6f4e1a1928d51205aa4b,60.16897,24.95222,00000000aa852af1,27.28
78,2019-08-01T23:07:00Z,f9399339c3de44774896319d3f291771cebcaf2666df1d6062469882,60.16531,24.9442,00000000fdda10fe,29.32
79,2019-08-01T23:07:00Z,fef8d359683f5f649a36519e34df8e1e38aed4ac34b6a9c1af9ea7d3,60.16829,24.94214,00000000afef4555,25.36
80,2019-08-01T23:07:01Z,075be70b0c9febdacbaeeb7cd5008912aad9ce85c22f5ee3d6b77e40,60.16897,24.95222,00000000aa852af1,17.4
81,2019-08-01T23:07:01Z,0add92bb629361fdf34a91a86a1f9e3aed5f10895edae2bd32f97fb0,60.14699,24.922,00000000a53ed894,25.36
82,2019-08-01T23:07:01Z,14c7e1511b70f4dd3359cbece1377aebb4d70531f5489eefe53d7c3c,60.16544,24.95398,0000000038d83d41,33.81
83,2019-08-01T23:07:01Z,22581e1d9764b88a01034a4cab1a6b02fa4aa770025b9bd340685163,60.15432,24.9211,0000000019fb59c4,17.4
84,2019-08-01T23:07:01Z,24d2f2ddd119efcb13abb0ab2cb53850e9788b6713967ccca4d6e071,60.16897,24.95222,00000000aa852af1,23.56
85,2019-08-01T23:07:01Z,297c725b456ef12d2712634b21546721cbe93224d3a5762d897404f2,60.16762,24.95415,000000006b44cce7,11.7
86,2019-08-01T23:07:01Z,2c94897aa62344f630952ad6032f5d7976419125d126b15c1386c8b1,60.1538,24.95595,0000000038bf9618,23.56
87,2019-08-01T23:07:01Z,351407b43e2d2cbb60e7481f6fea88dcd24a9ea0d5a0f63e5073d365,60.16544,24.95398,0000000038d83d41,31.5
88,2019-08-01T23:07:01Z,3944bc7a301be7241d1f7bc4a97f221000d535ce3d8a9af9af9b23b5,60.16531,24.9442,00000000fdda10fe,25.36
89,2019-08-01T23:07:01Z,3a0b806cc80aa40bb0bf60877e444313b79bfea0bb0eb170a4da6bb8,60.16897,24.95222,00000000aa852af1,13.75
90,2019-08-01T23:07:01Z,41d3af8da554a2f22a1c6596e0da84fd612b70022b5d295e6b4928e7,60.15432,24.9211,0000000019fb59c4,10.78
91,2019-08-01T23:07:01Z,43b676ed3aef4c2d8846694817e76117873be52e7f788e0cb366c1c4,60.16629,24.95957,00000000fb7600be,25.36
92,2019-08-01T23:07:01Z,5802343c3c4b09ee3631f03e16ebb38a3b1999d65e3713eb82377455,60.16544,24.95398,0000000038d83d41,21.87
93,2019-08-01T23:07:01Z,59107c0fb745e0aacace35f3eb6888e9aa1cace3ca066219be32fe54,60.16897,24.95222,00000000aa852af1,21.87
94,2019-08-01T23:07:01Z,5bbb5184fded3e51bc78e45e39917794285e6bbc72da404802a9599a,60.16531,24.9442,00000000fdda10fe,25.36
95,2019-08-01T23:07:01Z,5d65719c4cbf045f068d084b72302f447d5fd034413d97d13be00d0e,60.18203,24.91341,00000000342570c2,20.28
96,2019-08-01T23:07:01Z,5eed115a984d490b02b602d73787aee8dc8c4e9365b77fbff3818a76,60.16629,24.95957,00000000fb7600be,21.87
97,2019-08-01T23:07:01Z,6011490fb2e02d0b9d936fa70a06572cb55ffd9a6a7c607cf75c5a71,60.16897,24.95222,00000000aa852af1,23.56
98,2019-08-01T23:07:01Z,693099b54f1d14b899f005c233a431270bde084ad2fe05abf597743a,60.16544,24.95398,0000000038d83d41,17.4
99,2019-08-01T23:07:01Z,6a54644283a4f5a6369abe947b4e9faf2ca3c25ef2ea42502cb60c5f,60.15432,24.9211,0000000019fb59c4,18.79
100,2019-08-01T23:07:01Z,6f06341f358e61699fe1e55e986dd0554bc8da28b91daf0c5ad99db6,60.16629,24.95957,00000000fb7600be,18.79
101,2019-08-01T23:07:01Z,6ff437688c444238352c28f64f9d2a7d0f14d19c9ea42c225380501e,60.16762,24.95415,000000006b44cce7,18.79
102,2019-08-01T23:07:01Z,71f1ccf548a0ec676009a1185a36ad6c18191be59b397e8261d67443,60.16762,24.95415,000000006b44cce7,7.05
103,2019-08-01T23:07:01Z,747f2d1ebff218c0ebbdc0fdaef4cbe56633dfb46ae1b1f8c8142201,60.16762,24.95415,000000006b44cce7,20.28
104,2019-08-01T23:07:01Z,77839e655f856d5295739c2388237a95b399c3b8a4f659cd1345d939,60.16829,24.94214,00000000afef4555,23.56
105,2019-08-01T23:07:01Z,7a3db40d91e137d1381ac690a78039878e0baa317ed9a7cd6882df27,60.16762,24.95415,000000006b44cce7,25.36
106,2019-08-01T23:07:01Z,87dfaad29a9276ddddb1fa021d3bc23ad14824c1af16f7d87e713689,60.14951,24.92138,0000000006dd41f6,10.78
107,2019-08-01T23:07:01Z,8c75c3289c84fe4493e1e272a77b615fe1985880c5dc68a7c1a17b53,60.16762,24.95415,000000006b44cce7,7.05
108,2019-08-01T23:07:01Z,8cc6ddaa460aeae8cc9e8a33f91a01c8cd4c0c8bf8a943210a28c84d,60.1538,24.95595,0000000038bf9618,29.32
109,2019-08-01T23:07:01Z,9843c6216661048343a0e49cf3d8aa2883cf77f452666a1c873a1052,60.16448,24.97323,0000000053c6c2be,20.28
110,2019-08-01T23:07:01Z,9a3441615c7a95dad7af50ae16b0ac928f9d84ea590ac67cfa97ef1e,60.16544,24.95398,0000000038d83d41,16.1
111,2019-08-01T23:07:01Z,9e542b3a7effec1e348e152448282ff99d56cacba9ecdb492a7dd572,60.1538,24.95595,0000000038bf9618,17.4
112,2019-08-01T23:07:01Z,a1ba09b019cae8df2ec9396f46a163e5b29858a11380955ed9605985,60.15432,24.9211,0000000019fb59c4,16.1
113,2019-08-01T23:07:01Z,a91d379a4b57c5df22db0d7a041ff69f657b4b31f28554b1011fc03c,60.16544,24.95398,0000000038d83d41,25.36
114,2019-08-01T23:07:01Z,b33ae7715d6d2571066655c2c8954a5a364b5601869047de83410d9f,60.16629,24.95957,00000000fb7600be,21.87
115,2019-08-01T23:07:01Z,b5fd6b317890e5ab2d79e2cd1abe61626d45a753c7337d0d40728898,60.16762,24.95415,000000006b44cce7,9.12
116,2019-08-01T23:07:01Z,bc47f02c87cebb9928c25d0ad0c1e77fa507b77e58f60e2420264dea,60.15432,24.9211,0000000019fb59c4,12.69
117,2019-08-01T23:07:01Z,c40c37def6bf11a63a2556519a7c6233fd417cdeea2cf14f28e7c42c,60.16531,24.9442,00000000fdda10fe,29.32
118,2019-08-01T23:07:01Z,c4987065b4c4cb235c676c77aac913aa95281a4e8a18412aceaaea00,60.17002,24.94407,000000006b087f40,25.36
119,2019-08-01T23:07:01Z,ce4d251a2c6b56d67533935f9c53278886ef447f18ddca76b92d9335,60.16897,24.95222,00000000aa852af1,9.92
120,2019-08-01T23:07:01Z,cf05623e4d87ce0906c0b0b7dbf53aacc1228016cd27c341228b6e76,60.18203,24.91341,00000000342570c2,20.28
121,2019-08-01T23:07:01Z,fc4f3a44235f1cfc7b53f14ba2da599976a5a0a220d23b852688e485,60.17919,24.95181,000000007b5207b6,18.79
122,2019-08-01T23:07:01Z,0ebe47149111f63047637d03120300de9da981196d5490fcd315b3f1,60.14947,24.91438,000000004ef3150d,10.78
123,2019-08-01T23:07:01Z,0fdaf122a58888715ce659eb3316135d3095de0faf4cb7ad6a26c5b6,60.16629,24.95957,00000000fb7600be,13.75
124,2019-08-01T23:07:01Z,139061e8a6c5cfbae30c82545ac7ea95fa7319c265609e4656c099bd,60.16762,24.95415,000000006b44cce7,14.89
125,2019-08-01T23:07:01Z,1dacfb371d75dd4f90f447aac2a00faad98beb4188a6971c19eb2375,60.16629,24.95957,00000000fb7600be,17.4
126,2019-08-01T23:07:01Z,1ecbc7c6afe89033252e5510cbb893666af2b3bc29f555a3a6287fdb,60.14951,24.92138,0000000006dd41f6,3.09
127,2019-08-01T23:07:01Z,2970ecf01426390fc2f4e429f4eccfe3f7737b3d9c588d67fb9b7a93,60.16829,24.94214,00000000afef4555,14.89
128,2019-08-01T23:07:01Z,29dc7c0cc6fb615aeaf2d64f842f963d2abe995905106214bc52912a,60.16897,24.95222,00000000aa852af1,9.12
129,2019-08-01T23:07:01Z,2e054a78e844deb03a123123eb044e293bb7028aefb058a8d7f3111d,60.16762,24.95415,000000006b44cce7,9.12
130,2019-08-01T23:07:01Z,32aba927c44b41566988e9e7e7a57e350f113f80205b47c4ca61eee2,60.16897,24.95222,00000000aa852af1,23.56
131,2019-08-01T23:07:01Z,3921db3a677dc7e53b3d9d36ad530fd7bb605f2d09f030e5fc737936,60.149,24.9843,00000000fffb8cf0,25.36
132,2019-08-01T23:07:01Z,3a55cbd0c41804a6750d9e44273a91a00fcf24102ed5992c73f072fc,60.16531,24.9442,00000000fdda10fe,31.5
133,2019-08-01T23:07:01Z,3eb5cf27da48879eee1c3d9a8e6f01ee5878f424a64d439c7cb31261,60.14947,24.91438,000000004ef3150d,7.05
134,2019-08-01T23:07:01Z,510dab9a122d788d9c8650724620bd3856ca9c78e2c6dbd98ba480c0,60.16629,24.95957,00000000fb7600be,16.1
135,2019-08-01T23:07:01Z,584cb0b0cdd14e608c8b57c8aecc9826f9b40027e365e2438a444ea2,60.16762,24.95415,000000006b44cce7,7.05
136,2019-08-01T23:07:01Z,592b8ef29c030840e377f6424c6b474224860deace3b746795e51f67,60.16762,24.95415,000000006b44cce7,20.28
137,2019-08-01T23:07:01Z,599911539bd9c809d19e0f2e915348a0c7dda4291496a7fa96916d0f,60.16897,24.95222,00000000aa852af1,20.28
138,2019-08-01T23:07:01Z,7174e7c42815a6a21ff0028133e0e285b9b6372d2cae11ee3437d3fc,60.17919,24.95181,000000007b5207b6,14.89
139,2019-08-01T23:07:01Z,73f28367684e4dd4162c2e90c0a41e85e9302694f69f9fb9db1de92b,60.16897,24.95222,00000000aa852af1,31.5
140,2019-08-01T23:07:01Z,74cb545f76f0bfc5498607247e26e814276a11ce91f77208054ecbc5,60.17002,24.94407,000000006b087f40,23.56
141,2019-08-01T23:07:01Z,7edc05ef0308ce74cf183340e3a2f71d4cd2bad9fc111a5df5035f55,60.16762,24.95415,000000006b44cce7,16.1
142,2019-08-01T23:07:01Z,934d0b0814cf2cd73a714d825599c8753be59ed44d807a63ff49f0a7,60.16762,24.95415,000000006b44cce7,7.05
143,2019-08-01T23:07:01Z,94f0e9aef8a235574c353749bb4cb7ab23cff7dd4bf369a12fd523e5,60.16531,24.9442,00000000fdda10fe,20.28
144,2019-08-01T23:07:01Z,951fa685e6bffae5a92bebcb2a779f050312d9161992ebbf635d6157,60.16762,24.95415,000000006b44cce7,23.56
145,2019-08-01T23:07:01Z,9d713c9ce415e473048b45bbb35d6dcdef35cabaca39aa54f2e781a3,60.16531,24.9442,00000000fdda10fe,33.81
146,2019-08-01T23:07:01Z,a5f161a29e52a2cedeb4149f42e0bb94a3ac746fbb77f3f17ce5fe6b,60.16762,24.95415,000000006b44cce7,31.5
147,2019-08-01T23:07:01Z,b211162ea33baa637e51b442bc7057c47ddcfaf63fee6342745d9497,60.16531,24.9442,00000000fdda10fe,5.41
148,2019-08-01T23:07:01Z,b6b19c3283a0fe626d5c8e3cd689156518aec5b91e2bc1bead1a81e9,60.16531,24.9442,00000000fdda10fe,18.79
149,2019-08-01T23:07:01Z,bb269b64aded48a093df804758db203c3d2eafd89f260ab813cbea14,60.16629,24.95957,00000000fb7600be,31.5
150,2019-08-01T23:07:01Z,c145c3249c972923e5e6cfe303f99db05811e81c8e8f74c5396ba9e5,60.17918,24.95141,00000000675d5200,17.4
151,2019-08-01T23:07:01Z,c9a7cc26e709fd143a850c40a6d5f892996d451cca14e8c46932ad7d,60.16897,24.95222,00000000aa852af1,12.69
152,2019-08-01T23:07:01Z,d12d0f24ae6b28b3a7721f30ee94fc876fe07633d7cedbfa3d861306,60.14699,24.922,00000000a53ed894,29.32
153,2019-08-01T23:07:01Z,d8dc6e1a39289a8bff387c465827fa3aeac4aab17162f3d5e9d4f049,60.16897,24.95222,00000000aa852af1,21.87
154,2019-08-01T23:07:01Z,df62291450fba336f210db04c2170783ee136480c088922937c951bd,60.16762,24.95415,000000006b44cce7,11.7
155,2019-08-01T23:07:01Z,e2d43796a0f24e2af9b825ed0f9113b500fef21e5a0f586f4a6c428e,60.16762,24.95415,000000006b44cce7,25.36
156,2019-08-01T23:07:01Z,ead8a9712515c5d2aa3bb97df62a9c270b9b9eb3833341a9e1cdb848,60.16897,24.95222,00000000aa852af1,23.56
157,2019-08-01T23:07:01Z,ee3be5158d6cbdf62e0b60c6bd4533b993cf6495fa71b2410cc16415,60.16762,24.95415,000000006b44cce7,13.75
158,2019-08-01T23:07:01Z,ef925a2694dbbbb64c88d0d2243be684318f870aa6f0a6a21efdaf61,60.16629,24.95957,00000000fb7600be,18.79
159,2019-08-01T23:07:01Z,f7f23d77443c8294510f78b5fac65b5f4b4c6f4e1a1928d51205aa4b,60.16897,24.95222,00000000aa852af1,25.36
160,2019-08-01T23:07:01Z,f9399339c3de44774896319d3f291771cebcaf2666df1d6062469882,60.16531,24.9442,00000000fdda10fe,36.27
161,2019-08-01T23:07:02Z,075be70b0c9febdacbaeeb7cd5008912aad9ce85c22f5ee3d6b77e40,60.16897,24.95222,00000000aa852af1,17.4
162,2019-08-01T23:07:02Z,0add92bb629361fdf34a91a86a1f9e3aed5f10895edae2bd32f97fb0,60.14699,24.922,00000000a53ed894,23.56
163,2019-08-01T23:07:02Z,14c7e1511b70f4dd3359cbece1377aebb4d70531f5489eefe53d7c3c,60.16544,24.95398,0000000038d83d41,25.36
164,2019-08-01T23:07:02Z,165ebbb4090d47319ae370f0d0854fdc1f6b79499f8b2e4d3c3533c0,60.16544,24.95398,0000000038d83d41,33.81
165,2019-08-01T23:07:02Z,22581e1d9764b88a01034a4cab1a6b02fa4aa770025b9bd340685163,60.15432,24.9211,0000000019fb59c4,14.89
166,2019-08-01T23:07:02Z,297c725b456ef12d2712634b21546721cbe93224d3a5762d897404f2,60.16762,24.95415,000000006b44cce7,10.78
167,2019-08-01T23:07:02Z,2c94897aa62344f630952ad6032f5d7976419125d126b15c1386c8b1,60.1538,24.95595,0000000038bf9618,36.27
168,2019-08-01T23:07:02Z,351407b43e2d2cbb60e7481f6fea88dcd24a9ea0d5a0f63e5073d365,60.16544,24.95398,0000000038d83d41,31.5
169,2019-08-01T23:07:02Z,3944bc7a301be7241d1f7bc4a97f221000d535ce3d8a9af9af9b23b5,60.16531,24.9442,00000000fdda10fe,29.32
170,2019-08-01T23:07:02Z,3a0b806cc80aa40bb0bf60877e444313b79bfea0bb0eb170a4da6bb8,60.16897,24.95222,00000000aa852af1,11.7
171,2019-08-01T23:07:02Z,41d3af8da554a2f22a1c6596e0da84fd612b70022b5d295e6b4928e7,60.15432,24.9211,0000000019fb59c4,16.1
172,2019-08-01T23:07:02Z,43b676ed3aef4c2d8846694817e76117873be52e7f788e0cb366c1c4,60.16629,24.95957,00000000fb7600be,27.28
173,2019-08-01T23:07:02Z,48b63d4bb575eae6b236e4c9fb933e2fcddc7c7f1e3aed085c190364,60.16897,24.95222,00000000aa852af1,31.5
174,2019-08-01T23:07:02Z,5802343c3c4b09ee3631f03e16ebb38a3b1999d65e3713eb82377455,60.16544,24.95398,0000000038d83d41,21.87
175,2019-08-01T23:07:02Z,59107c0fb745e0aacace35f3eb6888e9aa1cace3ca066219be32fe54,60.16897,24.95222,00000000aa852af1,21.87
176,2019-08-01T23:07:02Z,5bbb5184fded3e51bc78e45e39917794285e6bbc72da404802a9599a,60.16531,24.9442,00000000fdda10fe,20.28
177,2019-08-01T23:07:02Z,5d65719c4cbf045f068d084b72302f447d5fd034413d97d13be00d0e,60.18203,24.91341,00000000342570c2,20.28
178,2019-08-01T23:07:02Z,5eed115a984d490b02b602d73787aee8dc8c4e9365b77fbff3818a76,60.16629,24.95957,00000000fb7600be,20.28
179,2019-08-01T23:07:02Z,6011490fb2e02d0b9d936fa70a06572cb55ffd9a6a7c607cf75c5a71,60.16897,24.95222,00000000aa852af1,23.56
180,2019-08-01T23:07:02Z,6066632ddc94b5c482a2d4f45ed2532e55e3fd63e414a084a596a737,60.16762,24.95415,000000006b44cce7,17.4
181,2019-08-01T23:07:02Z,66dabd3229229330d23c70e9e1737429ddfe69db01f4a6a00f70fa20,60.16762,24.95415,000000006b44cce7,20.28
182,2019-08-01T23:07:02Z,693099b54f1d14b899f005c233a431270bde084ad2fe05abf597743a,60.16544,24.95398,0000000038d83d41,16.1
183,2019-08-01T23:07:02Z,6a54644283a4f5a6369abe947b4e9faf2ca3c25ef2ea42502cb60c5f,60.15432,24.9211,0000000019fb59c4,20.28
184,2019-08-01T23:07:02Z,6f06341f358e61699fe1e55e986dd0554bc8da28b91daf0c5ad99db6,60.16629,24.95957,00000000fb7600be,17.4
185,2019-08-01T23:07:02Z,6ff437688c444238352c28f64f9d2a7d0f14d19c9ea42c225380501e,60.16762,24.95415,000000006b44cce7,18.79
186,2019-08-01T23:07:02Z,71f1ccf548a0ec676009a1185a36ad6c18191be59b397e8261d67443,60.16762,24.95415,000000006b44cce7,5.91
187,2019-08-01T23:07:02Z,747f2d1ebff218c0ebbdc0fdaef4cbe56633dfb46ae1b1f8c8142201,60.16762,24.95415,000000006b44cce7,21.87
188,2019-08-01T23:07:02Z,77839e655f856d5295739c2388237a95b399c3b8a4f659cd1345d939,60.16829,24.94214,00000000afef4555,23.56
189,2019-08-01T23:07:02Z,78d5f60b36b59c06c3988b94e11744bb3aed5dcbc214f91f228bf892,60.16448,24.97323,0000000053c6c2be,27.28
190,2019-08-01T23:07:02Z,87dfaad29a9276ddddb1fa021d3bc23ad14824c1af16f7d87e713689,60.14951,24.92138,0000000006dd41f6,7.05
191,2019-08-01T23:07:02Z,89982a6acf91b79a282a6b63978e946ee205f303fcd20e944e06baf0,60.16544,24.95398,0000000038d83d41,33.81
192,2019-08-01T23:07:02Z,8c75c3289c84fe4493e1e272a77b615fe1985880c5dc68a7c1a17b53,60.16762,24.95415,000000006b44cce7,7.69
193,2019-08-01T23:07:02Z,8cc6ddaa460aeae8cc9e8a33f91a01c8cd4c0c8bf8a943210a28c84d,60.1538,24.95595,0000000038bf9618,23.56
194,2019-08-01T23:07:02Z,91d3b80de4439a4a49ddb8a04d72a0a2ec6c08f351d70232842af567,60.16762,24.95415,000000006b44cce7,23.56
195,2019-08-01T23:07:02Z,9843c6216661048343a0e49cf3d8aa2883cf77f452666a1c873a1052,60.16448,24.97323,0000000053c6c2be,17.4
196,2019-08-01T23:07:02Z,9a3441615c7a95dad7af50ae16b0ac928f9d84ea590ac67cfa97ef1e,60.16544,24.95398,0000000038d83d41,17.4
197,2019-08-01T23:07:02Z,9e542b3a7effec1e348e152448282ff99d56cacba9ecdb492a7dd572,60.1538,24.95595,0000000038bf9618,12.69
198,2019-08-01T23:07:02Z,a1ba09b019cae8df2ec9396f46a163e5b29858a11380955ed9605985,60.15432,24.9211,0000000019fb59c4,14.89
199,2019-08-01T23:07:02Z,a91d379a4b57c5df22db0d7a041ff69f657b4b31f28554b1011fc03c,60.16544,24.95398,0000000038d83d41,29.32
200,2019-08-01T23:07:02Z,b33ae7715d6d2571066655c2c8954a5a364b5601869047de83410d9f,60.16629,24.95957,00000000fb7600be,21.87
201,2019-08-01T23:07:02Z,b5fd6b317890e5ab2d79e2cd1abe61626d45a753c7337d0d40728898,60.16762,24.95415,000000006b44cce7,7.69
202,2019-08-01T23:07:02Z,bc47f02c87cebb9928c25d0ad0c1e77fa507b77e58f60e2420264dea,60.15432,24.9211,0000000019fb59c4,25.36
203,2019-08-01T23:07:02Z,c40c37def6bf11a63a2556519a7c6233fd417cdeea2cf14f28e7c42c,60.16531,24.9442,00000000fdda10fe,23.56
204,2019-08-01T23:07:02Z,c4987065b4c4cb235c676c77aac913aa95281a4e8a18412aceaaea00,60.17002,24.94407,000000006b087f40,25.36
205,2019-08-01T23:07:02Z,ce197d5eedb5498917afe7ca3f7275ffeb191f0c5d050bffa154c1d2,60.16531,24.9442,00000000fdda10fe,33.81
206,2019-08-01T23:07:02Z,ce4d251a2c6b56d67533935f9c53278886ef447f18ddca76b92d9335,60.16897,24.95222,00000000aa852af1,9.92
207,2019-08-01T23:07:02Z,cf05623e4d87ce0906c0b0b7dbf53aacc1228016cd27c341228b6e76,60.18203,24.91341,00000000342570c2,18.79
208,2019-08-01T23:07:02Z,db2c41f283cd09199d0bf74c7f94bb950b851768d01afb0cc025ab57,60.17002,24.94407,000000006b087f40,25.36
209,2019-08-01T23:07:02Z,fc4f3a44235f1cfc7b53f14ba2da599976a5a0a220d23b852688e485,60.17919,24.95181,000000007b5207b6,16.1
210,2019-08-01T23:07:02Z,01bb50bdff994fdf197c3e8ef271a7d94e760b92d45920f4d0180afd,60.16531,24.9442,00000000fdda10fe,36.27
211,2019-08-01T23:07:02Z,0ebe47149111f63047637d03120300de9da981196d5490fcd315b3f1,60.14947,24.91438,000000004ef3150d,8.38
212,2019-08-01T23:07:02Z,0fdaf122a58888715ce659eb3316135d3095de0faf4cb7ad6a26c5b6,60.16629,24.95957,00000000fb7600be,13.75
213,2019-08-01T23:07:02Z,139061e8a6c5cfbae30c82545ac7ea95fa7319c265609e4656c099bd,60.16762,24.95415,000000006b44cce7,13.75
214,2019-08-01T23:07:02Z,1dacfb371d75dd4f90f447aac2a00faad98beb4188a6971c19eb2375,60.16629,24.95957,00000000fb7600be,27.28
215,2019-08-01T23:07:02Z,25b9a688fda1515f9ff250d01f89c4491af81e3721b9b2348d88d2e3,60.16762,24.95415,000000006b44cce7,21.87
216,2019-08-01T23:07:02Z,28b32fde1d7c7bd51968e015ae150a6a0b3a761d2f4e860e23f8af49,60.17002,24.94407,000000006b087f40,29.32
217,2019-08-01T23:07:02Z,2970ecf01426390fc2f4e429f4eccfe3f7737b3d9c588d67fb9b7a93,60.16829,24.94214,00000000afef4555,16.1
218,2019-08-01T23:07:02Z,29dc7c0cc6fb615aeaf2d64f842f963d2abe995905106214bc52912a,60.16897,24.95222,00000000aa852af1,12.69
219,2019-08-01T23:07:02Z,2b3f636658a1455185b5562bcd003371824214cd6b285ff9a6c7c6bb,60.16762,24.95415,000000006b44cce7,21.87
220,2019-08-01T23:07:02Z,2e054a78e844deb03a123123eb044e293bb7028aefb058a8d7f3111d,60.16762,24.95415,000000006b44cce7,17.4
221,2019-08-01T23:07:02Z,3921db3a677dc7e53b3d9d36ad530fd7bb605f2d09f030e5fc737936,60.149,24.9843,00000000fffb8cf0,25.36
222,2019-08-01T23:07:02Z,3eb5cf27da48879eee1c3d9a8e6f01ee5878f424a64d439c7cb31261,60.14947,24.91438,000000004ef3150d,7.69
223,2019-08-01T23:07:02Z,584cb0b0cdd14e608c8b57c8aecc9826f9b40027e365e2438a444ea2,60.16762,24.95415,000000006b44cce7,6.46
224,2019-08-01T23:07:02Z,5c9f7f32f07a06e3470423c2e36bb78c13c06c5e9ec3bc4e4fd245f6,60.16762,24.95415,000000006b44cce7,27.28
225,2019-08-01T23:07:02Z,7174e7c42815a6a21ff0028133e0e285b9b6372d2cae11ee3437d3fc,60.17919,24.95181,000000007b5207b6,16.1
226,2019-08-01T23:07:02Z,934d0b0814cf2cd73a714d825599c8753be59ed44d807a63ff49f0a7,60.16762,24.95415,000000006b44cce7,4.94
227,2019-08-01T23:07:02Z,a5f161a29e52a2cedeb4149f42e0bb94a3ac746fbb77f3f17ce5fe6b,60.16762,24.95415,000000006b44cce7,23.56
228,2019-08-01T23:07:02Z,a6390a4c08376a7864ad53f4d9ba3dbdb39688d0d7291d5f7cce44cd,60.16897,24.95222,00000000aa852af1,18.79
229,2019-08-01T23:07:02Z,b211162ea33baa637e51b442bc7057c47ddcfaf63fee6342745d9497,60.16531,24.9442,00000000fdda10fe,5.41
230,2019-08-01T23:07:02Z,b6b19c3283a0fe626d5c8e3cd689156518aec5b91e2bc1bead1a81e9,60.16531,24.9442,00000000fdda10fe,18.79
231,2019-08-01T23:07:02Z,c145c3249c972923e5e6cfe303f99db05811e81c8e8f74c5396ba9e5,60.17918,24.95141,00000000675d5200,17.4
232,2019-08-01T23:07:02Z,c9a7cc26e709fd143a850c40a6d5f892996d451cca14e8c46932ad7d,60.16897,24.95222,00000000aa852af1,13.75
233,2019-08-01T23:07:02Z,c9ce14e0dbf0cf3c24f6a92a1930fa32de9a1de0ffe63082ccddb0d6,60.16448,24.97323,0000000053c6c2be,20.28
234,2019-08-01T23:07:02Z,d12d0f24ae6b28b3a7721f30ee94fc876fe07633d7cedbfa3d861306,60.14699,24.922,00000000a53ed894,25.36
235,2019-08-01T23:07:02Z,ead8a9712515c5d2aa3bb97df62a9c270b9b9eb3833341a9e1cdb848,60.16897,24.95222,00000000aa852af1,31.5
236,2019-08-01T23:07:02Z,ee3be5158d6cbdf62e0b60c6bd4533b993cf6495fa71b2410cc16415,60.16762,24.95415,000000006b44cce7,14.89
237,2019-08-01T23:07:02Z,ef925a2694dbbbb64c88d0d2243be684318f870aa6f0a6a21efdaf61,60.16629,24.95957,00000000fb7600be,17.4
238,2019-08-01T23:07:02Z,f7f23d77443c8294510f78b5fac65b5f4b4c6f4e1a1928d51205aa4b,60.16897,24.95222,00000000aa852af1,21.87
239,2019-08-01T23:07:02Z,f9399339c3de44774896319d3f291771cebcaf2666df1d6062469882,60.16531,24.9442,00000000fdda10fe,27.28
240,2019-08-01T23:07:03Z,075be70b0c9febdacbaeeb7cd5008912aad9ce85c22f5ee3d6b77e40,60.16897,24.95222,00000000aa852af1,17.4
241,2019-08-01T23:07:03Z,0add92bb629361fdf34a91a86a1f9e3aed5f10895edae2bd32f97fb0,60.14699,24.922,00000000a53ed894,23.56
242,2019-08-01T23:07:03Z,14c7e1511b70f4dd3359cbece1377aebb4d70531f5489eefe53d7c3c,60.16544,24.95398,0000000038d83d41,20.28
243,2019-08-01T23:07:03Z,165ebbb4090d47319ae370f0d0854fdc1f6b79499f8b2e4d3c3533c0,60.16544,24.95398,0000000038d83d41,25.36
244,2019-08-01T23:07:03Z,22581e1d9764b88a01034a4cab1a6b02fa4aa770025b9bd340685163,60.15432,24.9211,0000000019fb59c4,9.92
245,2019-08-01T23:07:03Z,297c725b456ef12d2712634b21546721cbe93224d3a5762d897404f2,60.16762,24.95415,000000006b44cce7,10.78
246,2019-08-01T23:07:03Z,2c94897aa62344f630952ad6032f5d7976419125d126b15c1386c8b1,60.1538,24.95595,0000000038bf9618,21.87
247,2019-08-01T23:07:03Z,351407b43e2d2cbb60e7481f6fea88dcd24a9ea0d5a0f63e5073d365,60.16544,24.95398,0000000038d83d41,21.87
248,2019-08-01T23:07:03Z,3944bc7a301be7241d1f7bc4a97f221000d535ce3d8a9af9af9b23b5,60.16531,24.9442,00000000fdda10fe,25.36
249,2019-08-01T23:07:03Z,3a0b806cc80aa40bb0bf60877e444313b79bfea0bb0eb170a4da6bb8,60.16897,24.95222,00000000aa852af1,10.78
250,2019-08-01T23:07:03Z,41d3af8da554a2f22a1c6596e0da84fd612b70022b5d295e6b4928e7,60.15432,24.9211,0000000019fb59c4,10.78
251,2019-08-01T23:07:03Z,5802343c3c4b09ee3631f03e16ebb38a3b1999d65e3713eb82377455,60.16544,24.95398,0000000038d83d41,21.87
252,2019-08-01T23:07:03Z,59107c0fb745e0aacace35f3eb6888e9aa1cace3ca066219be32fe54,60.16897,24.95222,00000000aa852af1,23.56
253,2019-08-01T23:07:03Z,5bbb5184fded3e51bc78e45e39917794285e6bbc72da404802a9599a,60.16531,24.9442,00000000fdda10fe,31.5
254,2019-08-01T23:07:03Z,5d65719c4cbf045f068d084b72302f447d5fd034413d97d13be00d0e,60.18203,24.91341,00000000342570c2,18.79
255,2019-08-01T23:07:03Z,5eed115a984d490b02b602d73787aee8dc8c4e9365b77fbff3818a76,60.16629,24.95957,00000000fb7600be,27.28
256,2019-08-01T23:07:03Z,6011490fb2e02d0b9d936fa70a06572cb55ffd9a6a7c607cf75c5a71,60.16897,24.95222,00000000aa852af1,20.28
257,2019-08-01T23:07:03Z,6066632ddc94b5c482a2d4f45ed2532e55e3fd63e414a084a596a737,60.16762,24.95415,000000006b44cce7,17.4
258,2019-08-01T23:07:03Z,693099b54f1d14b899f005c233a431270bde084ad2fe05abf597743a,60.16544,24.95398,0000000038d83d41,16.1
259,2019-08-01T23:07:03Z,6a54644283a4f5a6369abe947b4e9faf2ca3c25ef2ea42502cb60c5f,60.15432,24.9211,0000000019fb59c4,14.89
260,2019-08-01T23:07:03Z,6ff437688c444238352c28f64f9d2a7d0f14d19c9ea42c225380501e,60.16762,24.95415,000000006b44cce7,18.79
261,2019-08-01T23:07:03Z,71f1ccf548a0ec676009a1185a36ad6c18191be59b397e8261d67443,60.16762,24.95415,000000006b44cce7,5.91
262,2019-08-01T23:07:03Z,747f2d1ebff218c0ebbdc0fdaef4cbe56633dfb46ae1b1f8c8142201,60.16762,24.95415,000000006b44cce7,11.7
263,2019-08-01T23:07:03Z,77839e655f856d5295739c2388237a95b399c3b8a4f659cd1345d939,60.16829,24.94214,00000000afef4555,33.81
264,2019-08-01T23:07:03Z,78d5f60b36b59c06c3988b94e11744bb3aed5dcbc214f91f228bf892,60.16448,24.97323,0000000053c6c2be,31.5
265,2019-08-01T23:07:03Z,87dfaad29a9276ddddb1fa021d3bc23ad14824c1af16f7d87e713689,60.14951,24.92138,0000000006dd41f6,7.05
266,2019-08-01T23:07:03Z,8c75c3289c84fe4493e1e272a77b615fe1985880c5dc68a7c1a17b53,60.16762,24.95415,000000006b44cce7,7.05
267,2019-08-01T23:07:03Z,8cc6ddaa460aeae8cc9e8a33f91a01c8cd4c0c8bf8a943210a28c84d,60.1538,24.95595,0000000038bf9618,23.56
268,2019-08-01T23:07:03Z,91d3b80de4439a4a49ddb8a04d72a0a2ec6c08f351d70232842af567,60.16762,24.95415,000000006b44cce7,21.87
269,2019-08-01T23:07:03Z,9843c6216661048343a0e49cf3d8aa2883cf77f452666a1c873a1052,60.16448,24.97323,0000000053c6c2be,14.89
270,2019-08-01T23:07:03Z,9a3441615c7a95dad7af50ae16b0ac928f9d84ea590ac67cfa97ef1e,60.16544,24.95398,0000000038d83d41,21.87
271,2019-08-01T23:07:03Z,9e542b3a7effec1e348e152448282ff99d56cacba9ecdb492a7dd572,60.1538,24.95595,0000000038bf9618,21.87
272,2019-08-01T23:07:03Z,a1ba09b019cae8df2ec9396f46a163e5b29858a11380955ed9605985,60.15432,24.9211,0000000019fb59c4,16.1
273,2019-08-01T23:07:03Z,a91d379a4b57c5df22db0d7a041ff69f657b4b31f28554b1011fc03c,60.16544,24.95398,0000000038d83d41,29.32
274,2019-08-01T23:07:03Z,b5fd6b317890e5ab2d79e2cd1abe61626d45a753c7337d0d40728898,60.16762,24.95415,000000006b44cce7,9.92
275,2019-08-01T23:07:03Z,bc47f02c87cebb9928c25d0ad0c1e77fa507b77e58f60e2420264dea,60.15432,24.9211,0000000019fb59c4,21.87
276,2019-08-01T23:07:03Z,c40c37def6bf11a63a2556519a7c6233fd417cdeea2cf14f28e7c42c,60.16531,24.9442,00000000fdda10fe,17.4
277,2019-08-01T23:07:03Z,c4987065b4c4cb235c676c77aac913aa95281a4e8a18412aceaaea00,60.17002,24.94407,000000006b087f40,25.36
278,2019-08-01T23:07:03Z,ce4d251a2c6b56d67533935f9c53278886ef447f18ddca76b92d9335,60.16897,24.95222,00000000aa852af1,9.92
279,2019-08-01T23:07:03Z,cf05623e4d87ce0906c0b0b7dbf53aacc1228016cd27c341228b6e76,60.18203,24.91341,00000000342570c2,17.4
280,2019-08-01T23:07:03Z,efd1806e1eee5eca948bc2537df8d816e2cce41009b41189c350ce74,60.16531,24.9442,00000000fdda10fe,31.5
281,2019-08-01T23:07:03Z,fc4f3a44235f1cfc7b53f14ba2da599976a5a0a220d23b852688e485,60.17919,24.95181,000000007b5207b6,18.79
282,2019-08-01T23:07:03Z,0ebe47149111f63047637d03120300de9da981196d5490fcd315b3f1,60.14947,24.91438,000000004ef3150d,8.38
283,2019-08-01T23:07:03Z,0fdaf122a58888715ce659eb3316135d3095de0faf4cb7ad6a26c5b6,60.16629,24.95957,00000000fb7600be,14.89
284,2019-08-01T23:07:03Z,13042881f8938e4fe5da971b75e2202f321bcbcf4ba1cf3d0c3a0bfe,60.16531,24.9442,00000000fdda10fe,27.28
285,2019-08-01T23:07:03Z,139061e8a6c5cfbae30c82545ac7ea95fa7319c265609e4656c099bd,60.16762,24.95415,000000006b44cce7,16.1
286,2019-08-01T23:07:03Z,1dacfb371d75dd4f90f447aac2a00faad98beb4188a6971c19eb2375,60.16629,24.95957,00000000fb7600be,27.28
287,2019-08-01T23:07:03Z,1ecbc7c6afe89033252e5510cbb893666af2b3bc29f555a3a6287fdb,60.14951,24.92138,0000000006dd41f6,3.09
288,2019-08-01T23:07:03Z,2970ecf01426390fc2f4e429f4eccfe3f7737b3d9c588d67fb9b7a93,60.16829,24.94214,00000000afef4555,25.36
289,2019-08-01T23:07:03Z,29dc7c0cc6fb615aeaf2d64f842f963d2abe995905106214bc52912a,60.16897,24.95222,00000000aa852af1,12.69
290,2019-08-01T23:07:03Z,2e054a78e844deb03a123123eb044e293bb7028aefb058a8d7f3111d,60.16762,24.95415,000000006b44cce7,17.4
291,2019-08-01T23:07:03Z,32aba927c44b41566988e9e7e7a57e350f113f80205b47c4ca61eee2,60.16897,24.95222,00000000aa852af1,18.79
292,2019-08-01T23:07:03Z,3921db3a677dc7e53b3d9d36ad530fd7bb605f2d09f030e5fc737936,60.149,24.9843,00000000fffb8cf0,25.36
293,2019-08-01T23:07:03Z,3eb5cf27da48879eee1c3d9a8e6f01ee5878f424a64d439c7cb31261,60.14947,24.91438,000000004ef3150d,16.1
294,2019-08-01T23:07:03Z,428192339d7424e308a6321af9671d424f1eebe48b43cd4415556f90,60.16897,24.95222,00000000aa852af1,23.56
295,2019-08-01T23:07:03Z,510dab9a122d788d9c8650724620bd3856ca9c78e2c6dbd98ba480c0,60.16629,24.95957,00000000fb7600be,18.79
296,2019-08-01T23:07:03Z,584cb0b0cdd14e608c8b57c8aecc9826f9b40027e365e2438a444ea2,60.16762,24.95415,000000006b44cce7,8.38
297,2019-08-01T23:07:03Z,592b8ef29c030840e377f6424c6b474224860deace3b746795e51f67,60.16762,24.95415,000000006b44cce7,23.56
298,2019-08-01T23:07:03Z,6fbcdf9b79141302332c89b97b05b4167d655cb2f5122bff61360f02,60.18203,24.91341,00000000342570c2,29.32
299,2019-08-01T23:07:03Z,7174e7c42815a6a21ff0028133e0e285b9b6372d2cae11ee3437d3fc,60.17919,24.95181,000000007b5207b6,14.89
300,2019-08-01T23:07:03Z,74cb545f76f0bfc5498607247e26e814276a11ce91f77208054ecbc5,60.17002,24.94407,000000006b087f40,21.87
301,2019-08-01T23:07:03Z,7edc05ef0308ce74cf183340e3a2f71d4cd2bad9fc111a5df5035f55,60.16762,24.95415,000000006b44cce7,13.75
302,2019-08-01T23:07:03Z,934d0b0814cf2cd73a714d825599c8753be59ed44d807a63ff49f0a7,60.16762,24.95415,000000006b44cce7,5.91
303,2019-08-01T23:07:03Z,95d28d6e0d075fe81612812994485f04d069e56080517488179c9f90,60.17002,24.94407,000000006b087f40,25.36
304,2019-08-01T23:07:03Z,a6390a4c08376a7864ad53f4d9ba3dbdb39688d0d7291d5f7cce44cd,60.16897,24.95222,00000000aa852af1,20.28
305,2019-08-01T23:07:03Z,b211162ea33baa637e51b442bc7057c47ddcfaf63fee6342745d9497,60.16531,24.9442,00000000fdda10fe,9.12
306,2019-08-01T23:07:03Z,b6b19c3283a0fe626d5c8e3cd689156518aec5b91e2bc1bead1a81e9,60.16531,24.9442,00000000fdda10fe,7.05
307,2019-08-01T23:07:03Z,c145c3249c972923e5e6cfe303f99db05811e81c8e8f74c5396ba9e5,60.17918,24.95141,00000000675d5200,17.4
308,2019-08-01T23:07:03Z,c9a7cc26e709fd143a850c40a6d5f892996d451cca14e8c46932ad7d,60.16897,24.95222,00000000aa852af1,13.75
309,2019-08-01T23:07:03Z,d8dc6e1a39289a8bff387c465827fa3aeac4aab17162f3d5e9d4f049,60.16897,24.95222,00000000aa852af1,20.28
310,2019-08-01T23:07:03Z,df62291450fba336f210db04c2170783ee136480c088922937c951bd,60.16762,24.95415,000000006b44cce7,20.28
311,2019-08-01T23:07:03Z,e2d43796a0f24e2af9b825ed0f9113b500fef21e5a0f586f4a6c428e,60.16762,24.95415,000000006b44cce7,14.89
312,2019-08-01T23:07:03Z,ead8a9712515c5d2aa3bb97df62a9c270b9b9eb3833341a9e1cdb848,60.16897,24.95222,00000000aa852af1,21.87
313,2019-08-01T23:07:03Z,ee3be5158d6cbdf62e0b60c6bd4533b993cf6495fa71b2410cc16415,60.16762,24.95415,000000006b44cce7,14.89
314,2019-08-01T23:07:03Z,ef925a2694dbbbb64c88d0d2243be684318f870aa6f0a6a21efdaf61,60.16629,24.95957,00000000fb7600be,17.4
315,2019-08-01T23:07:03Z,f9399339c3de44774896319d3f291771cebcaf2666df1d6062469882,60.16531,24.9442,00000000fdda10fe,27.28
316,2019-08-01T23:07:03Z,fe7d970a3692839a05461189bed923fd364dffb280e922934da14116,60.16762,24.95415,000000006b44cce7,25.36
317,2019-08-01T23:07:03Z,fef8d359683f5f649a36519e34df8e1e38aed4ac34b6a9c1af9ea7d3,60.16829,24.94214,00000000afef4555,29.32
318,2019-08-01T23:07:04Z,075be70b0c9febdacbaeeb7cd5008912aad9ce85c22f5ee3d6b77e40,60.16897,24.95222,00000000aa852af1,17.4
319,2019-08-01T23:07:04Z,0add92bb629361fdf34a91a86a1f9e3aed5f10895edae2bd32f97fb0,60.14699,24.922,00000000a53ed894,23.56
320,2019-08-01T23:07:04Z,14c7e1511b70f4dd3359cbece1377aebb4d70531f5489eefe53d7c3c,60.16544,24.95398,0000000038d83d41,27.28
321,2019-08-01T23:07:04Z,22581e1d9764b88a01034a4cab1a6b02fa4aa770025b9bd340685163,60.15432,24.9211,0000000019fb59c4,16.1
322,2019-08-01T23:07:04Z,24d2f2ddd119efcb13abb0ab2cb53850e9788b6713967ccca4d6e071,60.16897,24.95222,00000000aa852af1,25.36
323,2019-08-01T23:07:04Z,297c725b456ef12d2712634b21546721cbe93224d3a5762d897404f2,60.16762,24.95415,000000006b44cce7,12.69
324,2019-08-01T23:07:04Z,2c94897aa62344f630952ad6032f5d7976419125d126b15c1386c8b1,60.1538,24.95595,0000000038bf9618,21.87
325,2019-08-01T23:07:04Z,351407b43e2d2cbb60e7481f6fea88dcd24a9ea0d5a0f63e5073d365,60.16544,24.95398,0000000038d83d41,23.56
326,2019-08-01T23:07:04Z,3944bc7a301be7241d1f7bc4a97f221000d535ce3d8a9af9af9b23b5,60.16531,24.9442,00000000fdda10fe,27.28
