,time,hash,latitude,longitude,serial,distance
0,2019-08-01T11:06:00Z,144afc51fc2443c7031a2912566eff2ce60226a49d6d2bd7c2923700,60.16544,24.95398,0000000038d83d41,16.1
1,2019-08-01T11:06:00Z,14c7e1511b70f4dd3359cbece1377aebb4d70531f5489eefe53d7c3c,60.16544,24.95398,0000000038d83d41,27.28
2,2019-08-01T11:06:00Z,15918569de0a46a8eb56b43d8d39f7fc82619ff1006f00822c85745c,60.17918,24.95141,00000000675d5200,3.09
3,2019-08-01T11:06:00Z,2a93b61a3863ace54349d7a0937e4134fcc6d4dfcf064eefae2b7cf8,60.15432,24.9211,0000000019fb59c4,20.28
4,2019-08-01T11:06:00Z,2dd6ca2c889266702d554569764346cf583b74b0890b10e00ecd4f82,60.16544,24.95398,0000000038d83d41,20.28
5,2019-08-01T11:06:00Z,2fd87be7f3d38756587d5a0dd1ae934998ca065240c450d0538481e9,60.1538,24.95595,0000000038bf9618,33.81
6,2019-08-01T11:06:00Z,32352a474c44ae3314657e178e00dba41235ddfcbe4ce5ee97bd7fb8,60.16762,24.95415,000000006b44cce7,18.79
7,2019-08-01T11:06:00Z,4c90d667a8bf7ea1281fcb14f35adcd1497fb1ba95366b82b4b1d737,60.16629,24.95957,00000000fb7600be,16.1
8,2019-08-01T11:06:00Z,52fb82c92a29d15f45eef3420c709c86a9b925187c44cb065d2317eb,60.16762,24.95415,000000006b44cce7,5.41
9,2019-08-01T11:06:00Z,5bc4ad240e0f84b3ede7e1fc437711005ad4eade908dbd249a0247b9,60.16897,24.95222,00000000aa852af1,20.28
10,2019-08-01T11:06:00Z,5d65719c4cbf045f068d084b72302f447d5fd034413d97d13be00d0e,60.18203,24.91341,00000000342570c2,21.87
11,2019-08-01T11:06:00Z,6a657079c1bdc8114c289be1ddd83e5846d4279a920d1697b8ff0033,60.18203,24.91341,00000000342570c2,20.28
12,2019-08-01T11:06:00Z,6b5e11650298c25304b7da0e39544ae02193f6859fef1dc05494e6d3,60.16762,24.95415,000000006b44cce7,16.1
13,2019-08-01T11:06:00Z,6d22b751ff5173035dc85c52c3dff0780126adae67fe33dc62dd45ef,60.16531,24.9442,00000000fdda10fe,23.56
14,2019-08-01T11:06:00Z,6f06341f358e61699fe1e55e986dd0554bc8da28b91daf0c5ad99db6,60.16629,24.95957,00000000fb7600be,29.32
15,2019-08-01T11:06:00Z,6ff437688c444238352c28f64f9d2a7d0f14d19c9ea42c225380501e,60.16762,24.95415,000000006b44cce7,11.7
16,2019-08-01T11:06:00Z,76c7f42283513d0e289bf786d89463b5025b2ae0f4e13519a4cf228b,60.15432,24.9211,0000000019fb59c4,11.7
17,2019-08-01T11:06:00Z,77485f066d78e9bfe22214cf144e4825fdc8324833ce784fa2e2a26e,60.17065,24.93641,000000000f4919c9,33.81
18,2019-08-01T11:06:00Z,77839e655f856d5295739c2388237a95b399c3b8a4f659cd1345d939,60.16829,24.94214,00000000afef4555,31.5
19,2019-08-01T11:06:00Z,78d5f60b36b59c06c3988b94e11744bb3aed5dcbc214f91f228bf892,60.16448,24.97323,0000000053c6c2be,25.36
20,2019-08-01T11:06:00Z,79f136afa0dd8717337c01c70b457c464aaf0fa25b440f51a394ec23,60.16762,24.95415,000000006b44cce7,18.79
21,2019-08-01T11:06:00Z,87dfaad29a9276ddddb1fa021d3bc23ad14824c1af16f7d87e713689,60.14951,24.92138,0000000006dd41f6,8.38
22,2019-08-01T11:06:00Z,8cc6ddaa460aeae8cc9e8a33f91a01c8cd4c0c8bf8a943210a28c84d,60.1538,24.95595,0000000038bf9618,17.4
23,2019-08-01T11:06:00Z,9500bab795f51bdd64c3f0f2cd00ad5aa6d9b93195c29484e6e5f92a,60.16762,24.95415,000000006b44cce7,18.79
24,2019-08-01T11:06:00Z,9843c6216661048343a0e49cf3d8aa2883cf77f452666a1c873a1052,60.16448,24.97323,0000000053c6c2be,10.78
25,2019-08-01T11:06:00Z,9d03d14afa49576281aa26db60e517f7c1ec8aa36f7756959a860a8a,60.16629,24.95957,00000000fb7600be,17.4
26,2019-08-01T11:06:00Z,a14995de8d7238548ad864b3af34ee5e2003a3e4df9d516744be66a9,60.16544,24.95398,0000000038d83d41,31.5
27,2019-08-01T11:06:00Z,a91d379a4b57c5df22db0d7a041ff69f657b4b31f28554b1011fc03c,60.16544,24.95398,0000000038d83d41,33.81
28,2019-08-01T11:06:00Z,a9da1ee82e3b670e276c26b483dd50f4a6d0c6f77ef82245d3ae6086,60.18203,24.91341,00000000342570c2,16.1
29,2019-08-01T11:06:00Z,b4c20e932f0317cbd4dbd1d7a37b44a5db1d3098f60e35f17c5732ef,60.16544,24.95398,0000000038d83d41,27.28
30,2019-08-01T11:06:00Z,b5fd6b317890e5ab2d79e2cd1abe61626d45a753c7337d0d40728898,60.16762,24.95415,000000006b44cce7,7.69
31,2019-08-01T11:06:00Z,c2045160457e9ad795c71c9359017025e906d5945040f462c854f6fb,60.16544,24.95398,0000000038d83d41,18.79
32,2019-08-01T11:06:00Z,cf05623e4d87ce0906c0b0b7dbf53aacc1228016cd27c341228b6e76,60.18203,24.91341,00000000342570c2,21.87
33,2019-08-01T11:06:00Z,dd2c9c82cf3737146294aff6f814a1349fb0bc4bedf518715dacbe8f,60.18203,24.91341,00000000342570c2,18.79
34,2019-08-01T11:06:00Z,e33bd14bb7869464919cb5860434787924bcab3ad2d4e665c333ad52,60.17918,24.95141,00000000675d5200,12.69
35,2019-08-01T11:06:00Z,eb377ccab99aa4c55c641583f92b4cdd9cee629e627dd727d0aa8b3a,60.14947,24.91438,000000004ef3150d,6.46
36,2019-08-01T11:06:00Z,ed70dda6b7faebd4340dacdb452ab224d9d3c308df417b7fa76f54e8,60.15133,24.92329,00000000e8a064a4,33.81
37,2019-08-01T11:06:00Z,f088630d7476dae7d4b7e2bb1f10575f2c89acb4b6e061f3d57c2b40,60.16531,24.9442,00000000fdda10fe,23.56
38,2019-08-01T11:06:00Z,fc4f3a44235f1cfc7b53f14ba2da599976a5a0a220d23b852688e485,60.17919,24.95181,000000007b5207b6,7.69
39,2019-08-01T11:06:00Z,00cecf7dcc46823d45ea3455f14370dcf5fb67b0e71b193d967d7869,60.17002,24.94407,000000006b087f40,7.05
40,2019-08-01T11:06:00Z,0171388cfec9066571e6ec21d730a3e50504bb08daffb97573d4188d,60.17918,24.95141,00000000675d5200,10.78
41,2019-08-01T11:06:00Z,01d2afa31c9c10921251f7bbe6241bcb94ae501033bb5e5bf939633c,60.14947,24.91438,000000004ef3150d,13.75
42,2019-08-01T11:06:00Z,031a93d136a416e1428b17eab67bd73897dc716a823352a78f4086eb,60.16762,24.95415,000000006b44cce7,3.74
43,2019-08-01T11:06:00Z,03b419a53c589ed25da82e4738ba7c64bfc0cce08492a1d8c1af667b,60.17918,24.95141,00000000675d5200,4.94
44,2019-08-01T11:06:00Z,03e40502abd441e0ebd9b9557648666b00d119c2dfd5e19bfcf982fe,60.16075,24.95883,00000000f1124bca,12.69
45,2019-08-01T11:06:00Z,0489f24293c70b35d24238f2e6180c4ab79db837c01d47018d55d04f,60.16762,24.95415,000000006b44cce7,18.79
46,2019-08-01T11:06:00Z,04ca92c2f0b6c95cf0d0b7a33406dc6336f930c01c744b14e684572c,60.17065,24.93641,000000000f4919c9,18.79
47,2019-08-01T11:06:00Z,05b4bf092ce485026f5535807a94e528b74e3d2ea13428437f82933d,60.16829,24.94214,00000000afef4555,8.38
48,2019-08-01T11:06:00Z,05f18c81058a42f6656b054054adf42d739f103e4e2bb81dcea612d7,60.15432,24.9211,0000000019fb59c4,8.38
49,2019-08-01T11:06:00Z,063ef92429d21551098e5c5a597f92c498375bf01f440b65139bb3ae,60.14699,24.922,00000000a53ed894,33.81
50,2019-08-01T11:06:00Z,06bd16ac4de546c2563e405bf831a7c28d8f0c859acf7023f480af8e,60.16897,24.95222,00000000aa852af1,5.41
51,2019-08-01T11:06:00Z,08f1fd7282643866f4dde73f9782ca98275462271f5c230b8676deb2,60.17918,24.95141,00000000675d5200,6.46
52,2019-08-01T11:06:00Z,091a540a10badce2a4dcc93aa39f8f938c63de24425a7477ab12862c,60.16829,24.94214,00000000afef4555,1.38
53,2019-08-01T11:06:00Z,09f41848036afece336897aa1cfa3e6791c759961a44d0d2d73bbb5c,60.17065,24.93641,000000000f4919c9,23.56
54,2019-08-01T11:06:00Z,0a1ee6cc4600ce21d0faba99c9b387e9ceb8edeec1b83096f1a88496,60.15432,24.9211,0000000019fb59c4,13.75
55,2019-08-01T11:06:00Z,0aa848ef41e15719d41b277ae606a531b8fdc86632a2d2cfe405e39b,60.16897,24.95222,00000000aa852af1,20.28
56,2019-08-01T11:06:00Z,0c3f5309ee06f9b0f65b1823beb21b0654f02ba6a5c847fd9748a54f,60.16897,24.95222,00000000aa852af1,18.79
57,2019-08-01T11:06:00Z,0d444b11a5ddaea201afc9647071800605ccac65c217a355c14ab747,60.17918,24.95141,00000000675d5200,4.11
58,2019-08-01T11:06:00Z,101315ce2200da15b8467a2793c00eb5b387eeb53050fa98210e6984,60.16897,24.95222,00000000aa852af1,20.28
59,2019-08-01T11:06:00Z,107353dc1ea36029100a26efe422c809548e430f18aa7bde6aacccae,60.15432,24.9211,0000000019fb59c4,29.32
60,2019-08-01T11:06:00Z,10c7c7feb1ba4ea05ba0a4fa11c79077edae3bb129c2823fd9b948aa,60.16897,24.95222,00000000aa852af1,16.1
61,2019-08-01T11:06:00Z,118d907506c2ee2b2662f6e3ef465b2c56ad0ce65ac83a2d8f3d70ef,60.1538,24.95595,0000000038bf9618,8.38
62,2019-08-01T11:06:00Z,12af6ac1c478ddaceaddbbe303b931fc695644cbd411c6906eb21c0b,60.15133,24.92329,00000000e8a064a4,23.56
63,2019-08-01T11:06:00Z,12ea64a0e9961a5897d2fc3b852837a69c4f1f216882649978935c50,60.16762,24.95415,000000006b44cce7,2.8
64,2019-08-01T11:06:00Z,12f1960911d5263d8de50b1dd43b146e82d6b0654ce9ea0803c25795,60.14947,24.91438,000000004ef3150d,11.7
65,2019-08-01T11:06:00Z,14ecff0f500123b5cd892b768c369db1e92f1fc60bf49e4d2ef909ea,60.17002,24.94407,000000006b087f40,27.28
66,2019-08-01T11:06:00Z,15706d73beef36921c7f3442f7ef6b8d82034c827e770a96e3080538,60.16762,24.95415,000000006b44cce7,20.28
67,2019-08-01T11:06:00Z,1751460d3289cf0c412fa8af9b64ea09ee89dcc852981b2b1ed99757,60.14951,24.92138,0000000006dd41f6,23.56
68,2019-08-01T11:06:00Z,18265cc82334aa43db63d079ab5d6d72d2692fb76c612091af09d0fb,60.16829,24.94214,00000000afef4555,17.4
69,2019-08-01T11:06:00Z,18a396d3264b95417b19e01178df3704567eeeb8d9a861ccfab70d9e,60.14947,24.91438,000000004ef3150d,27.28
70,2019-08-01T11:06:00Z,18b14de2a955cf94696a895949669e339268b4e4e59f8853c43e7c3a,60.16829,24.94214,00000000afef4555,4.5
71,2019-08-01T11:06:00Z,19274e4e2c8d00ce8bf20e9c3ebeea2efaf042526bd9a85a1eb188e2,60.16829,24.94214,00000000afef4555,4.94
72,2019-08-01T11:06:00Z,193274f015bdadbbeef88c5487a05b78cf3978e618a8c8717793ea18,60.16829,24.94214,00000000afef4555,18.79
73,2019-08-01T11:06:00Z,1a602a5ed931f3c5f33624604da93f0fd15307b328997fcc68b5d919,60.16544,24.95398,0000000038d83d41,25.36
74,2019-08-01T11:06:00Z,1ae424f13e5b41634fb0676e628ba4a6304161215a920c820b8a559b,60.16448,24.97323,0000000053c6c2be,18.79
75,2019-08-01T11:06:00Z,1bc7ebedb6da9c0e24bfd828885ea2cf8e7f3b8fa0ee015cdaf11f56,60.16531,24.9442,00000000fdda10fe,44.58
76,2019-08-01T11:06:00Z,1be2db40536bc34edf3185432a47310a4be27907af6c8d2c68e8e9c6,60.16629,24.95957,00000000fb7600be,31.5
77,2019-08-01T11:06:00Z,1c04b7dcdf2479fe2a257634dbda617a5c63072eba3142d9ff87c446,60.16448,24.97323,0000000053c6c2be,16.1
78,2019-08-01T11:06:00Z,1cb8329545d8338d328bb968806fd496cb56305d9416d26928da1bab,60.16829,24.94214,00000000afef4555,25.36
79,2019-08-01T11:06:00Z,1d7b6a0822512c848b36ba097d2aebc370407a227dedcccdb8cb2ffc,60.16531,24.9442,00000000fdda10fe,7.05
80,2019-08-01T11:06:00Z,1e02493eea42aa72f1804edf601a108ecd73878c07d5d12753e960c0,60.14947,24.91438,000000004ef3150d,33.81
81,2019-08-01T11:06:00Z,1e72f85b22603872cfdb3f85f7b1fe7ea7c0cf53ab3d11e025276bea,60.16762,24.95415,000000006b44cce7,10.78
82,2019-08-01T11:06:00Z,1e7b687a5b025d6616488a9d529d3d52beb15dd55494bf2aed0a276b,60.16762,24.95415,000000006b44cce7,13.75
83,2019-08-01T11:06:00Z,1f377c805dfcd2d1e38d5f70e03bfdf8fd60c16973cb4d0028fe61a6,60.17919,24.95181,000000007b5207b6,7.69
84,2019-08-01T11:06:00Z,20697a45757ddda2c87fc5ead6907438eff4d06c8fa910e0030b813a,60.149,24.9843,00000000fffb8cf0,9.12
85,2019-08-01T11:06:00Z,2360a244a5c8e773742751f72a735aa03cdb3b6b900e6554fda9a218,60.17918,24.95141,00000000675d5200,18.79
86,2019-08-01T11:06:00Z,240a48786b552200223b34757ede322aa6c54af4810d0ad523414d33,60.16762,24.95415,000000006b44cce7,3.09
87,2019-08-01T11:06:00Z,240b06fafc7dfc3de21bb83ecf4ec04c392542c33182663e559c20ef,60.16531,24.9442,00000000fdda10fe,21.87
88,2019-08-01T11:06:00Z,24517514c1c2b4f73a9ed719314e20a0d707437b8316facebd0bfa73,60.16762,24.95415,000000006b44cce7,0.71
89,2019-08-01T11:06:00Z,246cf59d1ef679ddf410aeba7bcc4390bb0c0418ed9099df35b8da48,60.16829,24.94214,00000000afef4555,20.28
90,2019-08-01T11:06:00Z,2644797c9c3a2fed35b7185479bc4b24c519a8b348d55e1c60a0f9a9,60.16762,24.95415,000000006b44cce7,10.78
91,2019-08-01T11:06:00Z,264dfc03122bdd40aa37a7fcddde9f43c5fe0c461c3dca2aa36ae7c1,60.17919,24.95181,000000007b5207b6,17.4
92,2019-08-01T11:06:00Z,268037845b90aa42f70e92b8c3724b2d77f04e84153d86e5861a18ad,60.16762,24.95415,000000006b44cce7,2.3
93,2019-08-01T11:06:00Z,26b477838d0bde0d2f30342bf59dd467283320a76a28a6270f79279f,60.14699,24.922,00000000a53ed894,6.46
94,2019-08-01T11:06:00Z,2abec401ee16a0809327f730532168e14f9652505b49e6278781ea31,60.16629,24.95957,00000000fb7600be,23.56
95,2019-08-01T11:06:00Z,2afe5ee3f3410b61c5a6995d3061c66caf34eaa2763d8dbe10ce1303,60.16897,24.95222,00000000aa852af1,17.4
96,2019-08-01T11:06:00Z,2c3d38e33ebb3018c972c8fcae449cc68502c57ebddadc06862c2ed7,60.149,24.9843,00000000fffb8cf0,3.09
97,2019-08-01T11:06:00Z,2d7c2347ad33f4fe9e8610cffbc36146afb2dedbda60cedbe1951e79,60.149,24.9843,00000000fffb8cf0,20.28
98,2019-08-01T11:06:00Z,2da14567b3fab34b918141962feba30fdb8fb1a5fefa1f2b7fe4a712,60.17065,24.93641,000000000f4919c9,18.79
99,2019-08-01T11:06:00Z,2e086cad109cbc4f28cb20baf66ed2788b4db3cc64855d64979191d2,60.17918,24.95141,00000000675d5200,31.5
100,2019-08-01T11:06:00Z,2e0b7d8311032a1ac2242f8731de9d549ccb0b48b2d9edcc4dcf41d4,60.16629,24.95957,00000000fb7600be,17.4
101,2019-08-01T11:06:00Z,2e1b8e91a8fa76f32be23e920f5085339d91577b6db1b2b320779904,60.16531,24.9442,00000000fdda10fe,29.32
102,2019-08-01T11:06:00Z,2e6f8babede5831ed24f6431b0d0535ca8703809be65a80582139c8f,60.16829,24.94214,00000000afef4555,16.1
103,2019-08-01T11:06:00Z,2f23135f9b9cb5fe133ca74d6fea0191ccaa628437f5c4265d40ee66,60.16897,24.95222,00000000aa852af1,21.87
104,2019-08-01T11:06:00Z,2fe5dd87e54aab2bca8f467f00d90420cbe5433098a7779cd3c57f93,60.16897,24.95222,00000000aa852af1,14.89
105,2019-08-01T11:06:00Z,3004b57f95861dcbc505cbe89ab781674966526a063bee7072de8aba,60.16829,24.94214,00000000afef4555,21.87
106,2019-08-01T11:06:00Z,304f458b0d190762fde331ba2608a22895383e82cfcd98e40a64a440,60.18203,24.91341,00000000342570c2,12.69
107,2019-08-01T11:06:00Z,305c1a685ea94593f8adbbe47c612a5a0bd85ce9fb56b582c34b3fed,60.16762,24.95415,000000006b44cce7,9.12
108,2019-08-01T11:06:00Z,32058e65e83060e63b63d4d83b1c4ec45bd5e3f1127a2dde44e3e59f,60.15432,24.9211,0000000019fb59c4,8.38
109,2019-08-01T11:06:00Z,32bb82267ec12fe0f05c30db4e6ab0647a022972bb8f792cf24e5b2a,60.17002,24.94407,000000006b087f40,33.81
110,2019-08-01T11:06:00Z,32f23c14cd27239e4d5346cbe7b1148f3e30d9ff3ce59e6abe415dad,60.17918,24.95141,00000000675d5200,7.69
111,2019-08-01T11:06:00Z,335196a6fc4dfb178b5adb44c1160b3a6f833abc5bbb4e751dc7a3a9,60.16531,24.9442,00000000fdda10fe,4.5
112,2019-08-01T11:06:00Z,3371f3a1a734761785c4e66aecfe4599488e762b7a1592e1f0271cdf,60.16897,24.95222,00000000aa852af1,8.38
113,2019-08-01T11:06:00Z,3578e7b0107b04bfffb787a037d3d674ac858e0381b67b5b40f5d051,60.16075,24.95883,00000000f1124bca,7.05
114,2019-08-01T11:06:00Z,367833d9edd8b353a5607a00453ff406da416ad741baac13bfc51d6a,60.16829,24.94214,00000000afef4555,9.92
115,2019-08-01T11:06:00Z,37aad3e9c8ad80919f0c2b18d39bd189bafca6fac9abbc3693127f8e,60.15432,24.9211,0000000019fb59c4,9.92
116,2019-08-01T11:06:00Z,37e03d2e11a323053898caa2253ad62c352154896b790e0bd3a16fad,60.16762,24.95415,000000006b44cce7,12.69
117,2019-08-01T11:06:00Z,38f87ababfb155658a09b2b4da96d3d5293af210d2e7f2b2a742d0e1,60.16897,24.95222,00000000aa852af1,16.1
118,2019-08-01T11:06:00Z,391e105a84ff3fda290ec37b5dd2faac9821aaa62c5ab723a9126db7,60.17065,24.93641,000000000f4919c9,31.5
119,2019-08-01T11:06:00Z,393d398cadbb233ce58d5e9623cbb0e9e6dfb3b88b471fcb292b7c77,60.17918,24.95141,00000000675d5200,2.3
120,2019-08-01T11:06:00Z,39550baf6fb987a80b0783c5850f67e2859509c02eefadd7d15651c1,60.149,24.9843,00000000fffb8cf0,23.56
121,2019-08-01T11:06:00Z,3958476bfc568a3e404ef7bfb8d7eeb95be1f861fefc9bfeb0de67a0,60.16829,24.94214,00000000afef4555,9.92
122,2019-08-01T11:06:00Z,39ca21100678eb5b64a2c5fea470dc329dcb49622ef774c0188f8746,60.17918,24.95141,00000000675d5200,18.79
123,2019-08-01T11:06:00Z,3b60faaf7032c742f74defdb8644304aa1b1e9c48b7f44a01c84e9aa,60.14947,24.91438,000000004ef3150d,4.5
124,2019-08-01T11:06:00Z,3c5265b542e5b8631ce2ab76d0c088c7d8a31a82051cad966bd0e05a,60.16629,24.95957,00000000fb7600be,23.56
125,2019-08-01T11:06:00Z,3cbee5ba59cd469cb77bde4be8eeb80a2a9bb2c6288054691c27b393,60.14951,24.92138,0000000006dd41f6,16.1
126,2019-08-01T11:06:00Z,3e7efc45af8232ced0e667291fa86f9a0b652f0478444a304a8750a1,60.16829,24.94214,00000000afef4555,16.1
127,2019-08-01T11:06:00Z,3ee8003b5811ece63083526070c1a87126c84dea2e403078e43e2986,60.16829,24.94214,00000000afef4555,10.78
128,2019-08-01T11:06:00Z,3f43e37bcac3621dee4b58ac167401a5d2d221d97d1bd5790c712c49,60.17918,24.95141,00000000675d5200,12.69
129,2019-08-01T11:06:00Z,3fee2b85399dc10e9799f4f769e0619bb77d0b2f9319adc318bb487b,60.14947,24.91438,000000004ef3150d,12.69
130,2019-08-01T11:06:00Z,411d0c313a18ccd6d923775256f6dabe8d208d95bc6647828347106f,60.16829,24.94214,00000000afef4555,4.5
131,2019-08-01T11:06:00Z,42844e90c7134ebb3ec325f57cd27cd24711c779548ebc8692a820d5,60.14951,24.92138,0000000006dd41f6,3.09
132,2019-08-01T11:06:00Z,43f383e0b49ae4b2216f45c333f6a4f24d9a8f438e95f5a30c81dea4,60.16629,24.95957,00000000fb7600be,13.75
133,2019-08-01T11:06:00Z,43f94329ff48277ba49388840f5add3213e722a589822e2a93338b0c,60.16448,24.97323,0000000053c6c2be,6.46
134,2019-08-01T11:06:00Z,443b15af1cffc25ee105127299eb7bfbaf32ffaee65392b141c2a777,60.16075,24.95883,00000000f1124bca,23.56
135,2019-08-01T11:06:00Z,44b7a5c9870b935c5190e9f92270a0347f4f35e9ce578f8d5dc9fbc2,60.17918,24.95141,00000000675d5200,25.36
136,2019-08-01T11:06:00Z,44bdf68bc1d049cea20f0a01e84f1e5858ad3aca6b304b3dee42e6a3,60.149,24.9843,00000000fffb8cf0,7.05
137,2019-08-01T11:06:00Z,4588c1fce7b444ffcf98e573b3723010ed2aedda4233c3823795fbc4,60.16897,24.95222,00000000aa852af1,4.94
138,2019-08-01T11:06:00Z,458e8ccdf6108acb45def0ff4f3f67b957c52ec95666f12eca52f7db,60.17065,24.93641,000000000f4919c9,16.1
139,2019-08-01T11:06:00Z,46bd397273695195466a15fbd4ccbdccdd6cb7d6566f0f11b24a8d81,60.16762,24.95415,000000006b44cce7,2.3
140,2019-08-01T11:06:00Z,475947d79ae60534ab670173045306022d1bb8a7b6858eacd0ff87d6,60.17065,24.93641,000000000f4919c9,1.25
141,2019-08-01T11:06:00Z,47f399bb61312517e24934d7f80236c9459cff7b77ea3eea476615ce,60.17065,24.93641,000000000f4919c9,13.75
142,2019-08-01T11:06:00Z,488bbf1f136f02eddb86e54fe4b266d7f65755570b432a07519d126f,60.16629,24.95957,00000000fb7600be,12.69
143,2019-08-01T11:06:00Z,49a783a2debfcb3f9b406cc8ae69ed6cfbaf1152c87bcbd270ca63f9,60.16448,24.97323,0000000053c6c2be,21.87
144,2019-08-01T11:06:00Z,49adae4641c2fa981daa1b581e3043c358945dc9fa87af974c630224,60.16829,24.94214,00000000afef4555,6.46
145,2019-08-01T11:06:00Z,49c75a8ccb27a20bfb7edd2bd9f776ba3a747ce649bfa9e2dfb03ab8,60.15432,24.9211,0000000019fb59c4,12.69
146,2019-08-01T11:06:00Z,4b693cd2e05aea9a80c32aa5730be593466693e09e5fc6185f04bdc9,60.16762,24.95415,000000006b44cce7,9.12
147,2019-08-01T11:06:00Z,4b8fcb4850ad29636322c17af2d943fed6a2b2b97d936453f80e7599,60.1538,24.95595,0000000038bf9618,13.75
148,2019-08-01T11:06:00Z,4ca264dd473bbcdbe74e879bf801ce5e59551154665fe60c820b43b3,60.16762,24.95415,000000006b44cce7,6.46
149,2019-08-01T11:06:00Z,4cc6421e9b0af1f05f1f49ee535eea78845163a5451bec69b4f159d5,60.16762,24.95415,000000006b44cce7,9.92
150,2019-08-01T11:06:00Z,4d70e82926d54af5214c496c22935867e758e56f46d546ebbcc572b5,60.16762,24.95415,000000006b44cce7,3.4
151,2019-08-01T11:06:00Z,4daa4f7292ab15dfb820a7a0573a07d440c435ca9a5e11b751bc0c35,60.17065,24.93641,000000000f4919c9,25.36
152,2019-08-01T11:06:00Z,4e21a3471a747ec77f884d45e297aefca693a127e897ba631755f0e2,60.16075,24.95883,00000000f1124bca,18.79
153,2019-08-01T11:06:00Z,4e3836ed8fe889aa49b4cd1a3f88b2e556294bb9cf0d899c0cadb154,60.16762,24.95415,000000006b44cce7,5.91
154,2019-08-01T11:06:00Z,4efaed74a312275414b870a7fb3e7a019283bda16624fa6a2468953d,60.16629,24.95957,00000000fb7600be,10.78
155,2019-08-01T11:06:00Z,4fc70cb6051f9db378d2e70c86f84d5b91de406d266229d0f0eec3be,60.16531,24.9442,00000000fdda10fe,5.41
156,2019-08-01T11:06:00Z,501fa208a4851f8567bc0756e6640b492761e30bb3e28b5eb350e8ab,60.17918,24.95141,00000000675d5200,9.92
157,2019-08-01T11:06:00Z,505e93de3f3dfdd3b59a64d0262f4cbeded4cdd9ef2d7422df6bf892,60.16762,24.95415,000000006b44cce7,5.41
158,2019-08-01T11:06:00Z,50b973b2850f26be95a8850d4bcc1261068343962292fe6f89b8b3b3,60.16829,24.94214,00000000afef4555,11.7
159,2019-08-01T11:06:00Z,50d4a65b8e49323b06ef27e31ad76571eea5584d91c04cf224ee79c5,60.16762,24.95415,000000006b44cce7,14.89
160,2019-08-01T11:06:00Z,51bc384ff7390538f6deb7cb239564cadc0c38bbee771fe9574b2d3b,60.16829,24.94214,00000000afef4555,9.12
161,2019-08-01T11:06:00Z,51ee1b0ef25837967e2f59a890a209e51d2d7c3087c7b1e27a2cc8ff,60.16629,24.95957,00000000fb7600be,11.7
162,2019-08-01T11:06:00Z,525ee7c3bfc36901769760181af8de13a25f0bb289d8c5c4cba2ad96,60.17918,24.95141,00000000675d5200,4.11
163,2019-08-01T11:06:00Z,52d7ba81f624e67785990080c7c0ffbb033166ded9ba303a49a6fec2,60.14947,24.91438,000000004ef3150d,11.7
164,2019-08-01T11:06:00Z,5333373be7a45990367d51e628ebc887173ade00f28da28126a88772,60.16897,24.95222,00000000aa852af1,18.79
165,2019-08-01T11:06:00Z,537ca4f15fb534d7698c739e4f66ae25297a478f1c120e55afa5d4ee,60.15133,24.92329,00000000e8a064a4,20.28
166,2019-08-01T11:06:00Z,5427eb04977037baf01d35dc1137f0b6eeeb9bde3a59f4a8204152dc,60.17002,24.94407,000000006b087f40,25.36
167,2019-08-01T11:06:00Z,553bc2b2fa3831ad035622392695e3faf80078155b6b5e5ed65ff269,60.16531,24.9442,00000000fdda10fe,11.7
168,2019-08-01T11:06:00Z,56d2457a1378a435b0515b2553989d10bfaeffc877f67781d32dc602,60.17002,24.94407,000000006b087f40,18.79
169,2019-08-01T11:06:00Z,57f33276dd9e285628e6741c0eadbc5221deb2d343c738366db5af40,60.14947,24.91438,000000004ef3150d,25.36
170,2019-08-01T11:06:00Z,584cb0b0cdd14e608c8b57c8aecc9826f9b40027e365e2438a444ea2,60.16762,24.95415,000000006b44cce7,8.38
171,2019-08-01T11:06:00Z,58520d3a4ed69894ffcba6dc06067e358b3933a9b62ecb48b261156e,60.16531,24.9442,00000000fdda10fe,9.12
172,2019-08-01T11:06:00Z,585379839d1c3bb526c7210be7e08870384bc1efb6a18a5f53e2e03c,60.17918,24.95141,00000000675d5200,27.28
173,2019-08-01T11:06:00Z,58580d4fc0ca36af91183b2b8bd32956c65e45dc61ae7debfcab23c3,60.17002,24.94407,000000006b087f40,18.79
174,2019-08-01T11:06:00Z,59525545e2356c0cbb7756318cc70e3a44e54015e2196ed5da2531d6,60.16897,24.95222,00000000aa852af1,33.81
175,2019-08-01T11:06:00Z,5af280c6994c089d639b7df44723bce8151a8b7fa7b4ab519f366b68,60.17065,24.93641,000000000f4919c9,17.4
176,2019-08-01T11:06:00Z,5bb856ccfb9de47fdd66d7727633e068f645068f486d6723e800251c,60.17918,24.95141,00000000675d5200,10.78
177,2019-08-01T11:06:00Z,5bed7590ef5fbcf6ea3b38f0e976737be7b2b94ab1bc2ab7d420e7c6,60.16531,24.9442,00000000fdda10fe,27.28
178,2019-08-01T11:06:00Z,5d22f332c756212d62b17cfded09c34283fc015be318f14d8c6ce749,60.16075,24.95883,00000000f1124bca,13.75
179,2019-08-01T11:06:00Z,5f8a423ba1f9bc3d097f485faef4a2c79995727026ce427bdf8a7bc3,60.16762,24.95415,000000006b44cce7,5.41
180,2019-08-01T11:06:00Z,610b6fdf84dd4c5a836855b97f02f02c9dc1c6c73055383b90a7d2d2,60.18203,24.91341,00000000342570c2,21.87
181,2019-08-01T11:06:00Z,62e4fdcbafd33bf302b203c01d1517d05902f284c2cc1fbdb4871f79,60.16829,24.94214,00000000afef4555,20.28
182,2019-08-01T11:06:00Z,6409fa682b35b90eb4c07cc76a971a094ae10b1f1bb839262609636d,60.14947,24.91438,000000004ef3150d,10.78
183,2019-08-01T11:06:00Z,6494be3c1e2bd50f0fe1c19aa0e51ba2ffec3bd4c313534c30342b65,60.16544,24.95398,0000000038d83d41,16.1
184,2019-08-01T11:06:00Z,6521aa1dcc60be51792ca4e5bfb632943c058367ca1c3f6a0baaf1c2,60.17065,24.93641,000000000f4919c9,21.87
185,2019-08-01T11:06:00Z,65a1f5b0b436d2f280aeac750eecfb0130c123b6593c8c800e7779cc,60.17002,24.94407,000000006b087f40,17.4
186,2019-08-01T11:06:00Z,66051c4dd2b825639c15b950bf85c49dbc99c1234872593f3a4ff5db,60.17918,24.95141,00000000675d5200,21.87
187,2019-08-01T11:06:00Z,665d190f16f6dadeb9d2ebb2439f3f6a9ff34b6959910ac03b1c8bf9,60.16897,24.95222,00000000aa852af1,23.56
188,2019-08-01T11:06:00Z,66ee81babccddf4a6b24c343659873b5be4a6e2641102f6aa5bdbe0a,60.1538,24.95595,0000000038bf9618,23.56
189,2019-08-01T11:06:00Z,676427dff24af643ba0d3edf98ef5f377778b8ea7dd5fa893293d176,60.149,24.9843,00000000fffb8cf0,13.75
190,2019-08-01T11:06:00Z,6981f753b810d3d838da3a7c4f78587408b80dfd98aeba9a5f381526,60.17002,24.94407,000000006b087f40,25.36
191,2019-08-01T11:06:00Z,6a24965768717610446aeb01fe1210257c0f204c86ad94a0937b44a9,60.16829,24.94214,00000000afef4555,12.69
192,2019-08-01T11:06:00Z,6d03c7d50c7e3489c88695f432a12dbd69deff8d0b2fed717202014a,60.149,24.9843,00000000fffb8cf0,18.79
193,2019-08-01T11:06:00Z,6d2b44ce35f7995506a3837ca81db4be55dcc9e3ce4e1d4a66afadfe,60.16829,24.94214,00000000afef4555,17.4
194,2019-08-01T11:06:00Z,6dd040bdaca1ece9f10efa12feaf8eb1f725023697f3cbdb769c371d,60.17002,24.94407,000000006b087f40,17.4
195,2019-08-01T11:06:00Z,6f50c9b6ab739c76fb3c872946f1628c48a01e68f9eee31ba37a16e6,60.14947,24.91438,000000004ef3150d,17.4
196,2019-08-01T11:06:00Z,6fa0ee9c96381a432d7fbf2924dbdb078674bbfb07afa958f162321b,60.15133,24.92329,00000000e8a064a4,27.28
197,2019-08-01T11:06:00Z,72ada64a130204eb2ec072cdc4e4daf4d1efb4da7f01c34560b9775c,60.16448,24.97323,0000000053c6c2be,20.28
198,2019-08-01T11:06:00Z,72f68f3019046b6246671f7872f7106c68dbefa9841a5f297d6fa540,60.17918,24.95141,00000000675d5200,11.7
199,2019-08-01T11:06:00Z,7340f6323fb944b40396c121b5519e22164bf950479a0806e577698c,60.17065,24.93641,000000000f4919c9,23.56
200,2019-08-01T11:06:00Z,7355b16404ad998718e3a80620058bd06ff1e75ab514a47e4583cb91,60.149,24.9843,00000000fffb8cf0,1.7
201,2019-08-01T11:06:00Z,743437b1b242e8d559ecaabf1ac0a59f7279bb2fc66ef09f28f88165,60.1538,24.95595,0000000038bf9618,23.56
202,2019-08-01T11:06:00Z,77a066fb053e45727b1eef80464d529da1e48b1040355419963a36a0,60.17918,24.95141,00000000675d5200,8.38
203,2019-08-01T11:06:00Z,77dd88ae4370d25c7cb53ac56242e959a92c14b7f787e4caf13a268c,60.16897,24.95222,00000000aa852af1,27.28
204,2019-08-01T11:06:00Z,7899b98bc4bd2c361d94ff15ff735b3b1a258a4878be0f95c9857989,60.16897,24.95222,00000000aa852af1,21.87
205,2019-08-01T11:06:00Z,79d55f702b7a5641fa115206920afde56e25f44a15fa643106650e26,60.16762,24.95415,000000006b44cce7,7.69
206,2019-08-01T11:06:00Z,79eb9010e17d9cb6fc690df727fafd5cd8c3f20029140e6e1246ab4f,60.16897,24.95222,00000000aa852af1,10.78
207,2019-08-01T11:06:00Z,7b896a033f56345ca1a4d3b231c7c3cb6025b464d092c90269f5c21c,60.149,24.9843,00000000fffb8cf0,21.87
208,2019-08-01T11:06:00Z,7b970160ef7997c3837626924beb7fc7c5ad616721b5aa78fbfd2ce4,60.17918,24.95141,00000000675d5200,6.46
209,2019-08-01T11:06:00Z,7beb535f924ed87664a9e923c50ece14ba4c99ccc4b6e0e31a838967,60.18203,24.91341,00000000342570c2,16.1
210,2019-08-01T11:06:00Z,7c56c0077ab4d9ebb709ff2b068b7389baa76e75bde279ba9bcb87b6,60.1538,24.95595,0000000038bf9618,29.32
211,2019-08-01T11:06:00Z,7c7937a79fac52b4fb5afa6b9339f30030eb384669cac82dc3381b53,60.16075,24.95883,00000000f1124bca,14.89
212,2019-08-01T11:06:00Z,7cd51189de07d01882cf0a9346f0830a9b21764875334d45e143fbd5,60.17002,24.94407,000000006b087f40,18.79
213,2019-08-01T11:06:00Z,7d54800f5dfe497cb785796558c753e0c15b72d30d5f5fd92b5576a5,60.17918,24.95141,00000000675d5200,7.69
214,2019-08-01T11:06:00Z,7daa1473f13cc343458a274409793ea1a079901e2279c64e259f6b4f,60.16829,24.94214,00000000afef4555,7.69
215,2019-08-01T11:06:00Z,7f02a073e5029e6a5832a4f3fbec005bd3cb0ab37c96e88de70eb156,60.16762,24.95415,000000006b44cce7,17.4
216,2019-08-01T11:06:00Z,7f3c44280490e96f8e3e246fb24e2c45c7d6108d27b99c9081887fdc,60.16762,24.95415,000000006b44cce7,8.38
217,2019-08-01T11:06:00Z,7fed98e4f49bb7e767a10c39eddcda83e71b453e437f2276a44eb3cd,60.16897,24.95222,00000000aa852af1,7.05
218,2019-08-01T11:06:00Z,806d65ebb16c91c614c9d5e9969618906c6ed2ae1f4f4642729c0571,60.16829,24.94214,00000000afef4555,23.56
219,2019-08-01T11:06:00Z,812bcf72ef14d45252cbdeef05e75a093d74472711d8bfe5cb6a5ef1,60.17918,24.95141,00000000675d5200,6.46
220,2019-08-01T11:06:00Z,81e45621e8aa0f3f587caf9b6594ec901f4eb6aed9e4cdecd94e06b1,60.16762,24.95415,000000006b44cce7,8.38
221,2019-08-01T11:06:00Z,82e5025aa0bf0760d598e07a57bcb1fd12c2b815e5cd820ab5657e71,60.16829,24.94214,00000000afef4555,23.56
222,2019-08-01T11:06:00Z,84eb26cdb55d00102675c5afa886f0528700faf92366a5a63e3899db,60.16762,24.95415,000000006b44cce7,12.69
223,2019-08-01T11:06:00Z,861dcaeeb2e6b8b87bd1a594971b6ade9c489089d1cabe6cc617cba5,60.16897,24.95222,00000000aa852af1,29.32
224,2019-08-01T11:06:00Z,88a29f59ecf09231fc9087de6330589b264341162c624d0301c7a8ca,60.16544,24.95398,0000000038d83d41,20.28
225,2019-08-01T11:06:00Z,88ba698395efab6ed9b7782b2eecddc2606c5c58dee7c31c837fb7d9,60.16531,24.9442,00000000fdda10fe,23.56
226,2019-08-01T11:06:00Z,891feda38718e9de0e223f4a6acd0df316b33140d33cf129f3be7ac3,60.17918,24.95141,00000000675d5200,14.89
227,2019-08-01T11:06:00Z,8a0035b6b80086ed76c14f9f2845491aec074bb2374f64c2035e8b1a,60.16531,24.9442,00000000fdda10fe,20.28
228,2019-08-01T11:06:00Z,8a901722cc693f32da7862f3ec74bae2bb546536a38302e854c3cb88,60.17918,24.95141,00000000675d5200,14.89
229,2019-08-01T11:06:00Z,8b40169fe5b714e265d419c26de1df1bc4f668a5770c72bece5426a2,60.16762,24.95415,000000006b44cce7,11.7
230,2019-08-01T11:06:00Z,8c0e15cf57016940ed4f12161d956f19e21926350701e9afce96cdb2,60.16629,24.95957,00000000fb7600be,16.1
231,2019-08-01T11:06:00Z,8ccb95df8bba4710cb75eb0143990797b43077263c6f37b5bc8ec865,60.17918,24.95141,00000000675d5200,10.78
232,2019-08-01T11:06:00Z,8cccd205d55f8d95101bed4ebb67669527e7f295fad9536bfe20af35,60.17918,24.95141,00000000675d5200,4.94
233,2019-08-01T11:06:00Z,8e1d03e5c9625ced702ccd05d593901a94438214548eee35c7786658,60.17918,24.95141,00000000675d5200,13.75
234,2019-08-01T11:06:00Z,8e6f29f3db81d9024860175e518c8b3553ee77ba197d3e26cbe24d85,60.1538,24.95595,0000000038bf9618,31.5
235,2019-08-01T11:06:00Z,8f23896ca0de7a6f931869f6276ff90c7dfa861427e3556f8b20fe9a,60.18203,24.91341,00000000342570c2,21.87
236,2019-08-01T11:06:00Z,90317755533aaa8bdbe1354821d0aac167237d4e718bb815998f8aac,60.16531,24.9442,00000000fdda10fe,0.08
237,2019-08-01T11:06:00Z,908d17ff119c16f8d7a326d81205675ed5ffb555a78f1b1d33b1dc23,60.173,24.92524,0000000096918cfa,3.74
238,2019-08-01T11:06:00Z,909494711c20adffb6cb26f04ddf508a685f5e52cfa32fd4d44a8c23,60.149,24.9843,00000000fffb8cf0,2.08
239,2019-08-01T11:06:00Z,91566c1736481fd147ed50294099cc5d04333f58ac227ec162211504,60.1538,24.95595,0000000038bf9618,27.28
240,2019-08-01T11:06:00Z,915f9caa682a4e9333fac985c70be9dd00dba8748c1bed34c6394fe8,60.16448,24.97323,0000000053c6c2be,36.27
241,2019-08-01T11:06:00Z,934a98adafc4c5d8bf22ac70f67c8e2bcb8623a27ccffde11f6a0980,60.16829,24.94214,00000000afef4555,13.75
242,2019-08-01T11:06:00Z,93c2f5a0533c9e1dfbc9e7a11470cda04c34e18be6bede2ed78b6df2,60.1538,24.95595,0000000038bf9618,27.28
243,2019-08-01T11:06:00Z,94d1f9bc9c499ae22b91d1dc7fe62595515a58d6930aa1edc9153d6e,60.16829,24.94214,00000000afef4555,17.4
244,2019-08-01T11:06:00Z,98bd9eaf994100883d4b45ad113fc6c1122776f4da853900e8a9d176,60.16829,24.94214,00000000afef4555,21.87
245,2019-08-01T11:06:00Z,997e6bd76d33cb2766aa59edbefb6e3c12a5c491bafbd54582a7beb6,60.16762,24.95415,000000006b44cce7,4.5
246,2019-08-01T11:06:00Z,9b27a64be48c81dd66d8e5845b31228a064a5a841c6f05df41ff51e1,60.16544,24.95398,0000000038d83d41,18.79
247,2019-08-01T11:06:00Z,9b973109a63e44d362f4a373a3e2267d7bd539fef276ff8afbb687b2,60.15133,24.92329,00000000e8a064a4,27.28
248,2019-08-01T11:06:00Z,9c5b97f2ac04d38ee0af4f8a83e4ba46d1852a67d4f24ab9f85bf40f,60.16762,24.95415,000000006b44cce7,18.79
249,2019-08-01T11:06:00Z,9c73eb419810397bea1f74bb2ab638000f0865f5cba76bf138b25dbd,60.16897,24.95222,00000000aa852af1,20.28
250,2019-08-01T11:06:00Z,9c8b14a58c7892bd7224681df3169d18b0c81fd5b3cbb5036c0bd4de,60.16075,24.95883,00000000f1124bca,21.87
251,2019-08-01T11:06:00Z,9e70bc62b9fd2ffe9a5e34257210d23dbebfc27d48282d2037ea89ab,60.17918,24.95141,00000000675d5200,2.54
252,2019-08-01T11:06:00Z,9e844b55fb3ef8ed52357738a9403376c5e490de7f0c742765198854,60.16531,24.9442,00000000fdda10fe,13.75
253,2019-08-01T11:06:00Z,9e927b1e87f45b2c89a694c49da8922ce180a737f0e8a7cd1476ad29,60.15432,24.9211,0000000019fb59c4,29.32
254,2019-08-01T11:06:00Z,a0e0958c72dc2b1332739a29e382baacadd9e798e400c74f0715e7e0,60.16829,24.94214,00000000afef4555,23.56
255,2019-08-01T11:06:00Z,a0ea749265b8c445c1a224c49133e6b655fd645bb55bd49fd89dc786,60.16762,24.95415,000000006b44cce7,8.38
256,2019-08-01T11:06:00Z,a14ea4df771f0dc1e3c297f5d566ec2f82714689d336b8dfa566806f,60.16897,24.95222,00000000aa852af1,10.78
257,2019-08-01T11:06:00Z,a1ae1629a38579d0150697ff1e8f034efb6a1d0624f06464f437777b,60.16762,24.95415,000000006b44cce7,7.69
258,2019-08-01T11:06:00Z,a2640611eb166d313dc1708fbfc7f1cb3a52f0a0111c5add39d8a6cd,60.16075,24.95883,00000000f1124bca,13.75
259,2019-08-01T11:06:00Z,a2b02c6e4afce0d9ce9dafbb942a20ed4f9af205dc1ece41663f7d93,60.15432,24.9211,0000000019fb59c4,23.56
260,2019-08-01T11:06:00Z,a3b613df5be67bc0c1250cdf1352714bdd43c1b62d80277ce2f3e280,60.16629,24.95957,00000000fb7600be,7.05
261,2019-08-01T11:06:00Z,a4f3b2e966c06c61d88cfe12770b5dc0c12c97a1d5abd7749cd473a3,60.16897,24.95222,00000000aa852af1,25.36
262,2019-08-01T11:06:00Z,a68287788363d45febe3382efcf8e1254c82eccbef30ed8d57a2d20d,60.16897,24.95222,00000000aa852af1,20.28
263,2019-08-01T11:06:00Z,a6db72a893c48cf98befc2fb086fc16665006513f52204e9bd3cd975,60.149,24.9843,00000000fffb8cf0,20.28
264,2019-08-01T11:06:00Z,a7d54de96388d679c89f57928bc25c9878cd8cc533f8b5c75c311910,60.17918,24.95141,00000000675d5200,6.46
265,2019-08-01T11:06:00Z,a80a0dbda92911af0da7ef7b8a2ac7d1b889b969167ee348dde4a2b4,60.16075,24.95883,00000000f1124bca,27.28
266,2019-08-01T11:06:00Z,a99bb016fb0257a755d554f8756df2ab4267fdbfbee355fa95a6ba2c,60.17918,24.95141,00000000675d5200,9.12
267,2019-08-01T11:06:00Z,a9dfad8541dc47aa8ccc584f7a7bb450976098a1c65f339a172c4af6,60.18203,24.91341,00000000342570c2,29.32
268,2019-08-01T11:06:00Z,a9ee2aabbd32919adf0325ca2f2c5f8e0ba801bc168e8756cda957da,60.16629,24.95957,00000000fb7600be,16.1
269,2019-08-01T11:06:00Z,aa77b873b12e2bbe49c25ddc8bc64a3ded67010dbc36cd1d03b2bb71,60.14947,24.91438,000000004ef3150d,9.92
270,2019-08-01T11:06:00Z,afcd00ff99e0fe0a7297962ab8d97381329d2bd32f02ed28904e1855,60.16544,24.95398,0000000038d83d41,29.32
271,2019-08-01T11:06:00Z,afecdef10717be5ed9c2f26744015bcc2b783d409ae7f050f08e63e5,60.17918,24.95141,00000000675d5200,17.4
272,2019-08-01T11:06:00Z,b03488b436187fd91995e540e7b546a7f1a7707f218ae49bf638267a,60.16629,24.95957,00000000fb7600be,11.7
273,2019-08-01T11:06:00Z,b14c0395cab92431e1891dddbf72cedbca03b61d0caafd53d4664f3e,60.14947,24.91438,000000004ef3150d,13.75
274,2019-08-01T11:06:00Z,b224f3829f9707af59fea65c2881fd094827f2cf2f270fa8d54bd0d3,60.16629,24.95957,00000000fb7600be,11.7
275,2019-08-01T11:06:00Z,b26901cf150a8b707584a8413ebebd28fb0dc5beb79ae659eee11792,60.16762,24.95415,000000006b44cce7,20.28
276,2019-08-01T11:06:00Z,b342e213637281a000af37d3b5d1dc5617cc438e6f436badab0a92e0,60.16829,24.94214,00000000afef4555,7.69
277,2019-08-01T11:06:00Z,b4d7407382d20e504edbc607c2205f38df051b854891b30571a89070,60.16897,24.95222,00000000aa852af1,25.36
278,2019-08-01T11:06:00Z,b63c19e0cffafeaa6a33d8bc7e65e63e8abae5decedd1af10bd6618b,60.16829,24.94214,00000000afef4555,20.28
279,2019-08-01T11:06:00Z,b6832b5d8721175df8b662b6fdec205572e38cf69286d65046be388d,60.16762,24.95415,000000006b44cce7,12.69
280,2019-08-01T11:06:00Z,b725cb15cc237676a711950aae5ab119daa519d97156b57068b74779,60.16762,24.95415,000000006b44cce7,1.54
281,2019-08-01T11:06:00Z,b7de4e97f177d17f1ac6e93ae9b4849e841ac2a12f6c6ace38dbe6f6,60.16762,24.95415,000000006b44cce7,9.92
282,2019-08-01T11:06:00Z,bc442bc422458d97a53133cf5b770fa94aa617db21bfecfe43e4733b,60.16829,24.94214,00000000afef4555,9.92
283,2019-08-01T11:06:00Z,bca067abf428972a3f732caf7593d88c21ef0ac012d98f3274507655,60.17918,24.95141,00000000675d5200,21.87
284,2019-08-01T11:06:00Z,bd89ef3a97696d68e8aeaf08046ef79acfbd14928d6e7b60226e1ff1,60.17002,24.94407,000000006b087f40,23.56
285,2019-08-01T11:06:00Z,bfdbbae0043b11f78ab4af2919a4e79c2af9f537d57f7a58047e79bc,60.16544,24.95398,0000000038d83d41,27.28
286,2019-08-01T11:06:00Z,c04a9cd0b4bfb0f46f746d09e6d9e9249de6681d46e3850a06cae164,60.16762,24.95415,000000006b44cce7,3.4
287,2019-08-01T11:06:00Z,c0861e7005fa97a3df85a8bc2af1679015178c37a82e4b4e4e0ea9fb,60.16762,24.95415,000000006b44cce7,12.69
288,2019-08-01T11:06:00Z,c352f0334d15e6f0389df824043bb7c2ed38f52e0bb73cf61040f558,60.16531,24.9442,00000000fdda10fe,13.75
289,2019-08-01T11:06:00Z,c51696a380c84dfe92a242f4957a7cb2da9da079896a3f8c8bb40364,60.16762,24.95415,000000006b44cce7,11.7
290,2019-08-01T11:06:00Z,c58f52ef3e08067966e551d74af46d8e669bc24cac8ba50007ab3fb9,60.14699,24.922,00000000a53ed894,11.7
291,2019-08-01T11:06:00Z,c700386efa97bac548322f872733ae2fb6059feb3a831881d2eed7f9,60.15432,24.9211,0000000019fb59c4,20.28
292,2019-08-01T11:06:00Z,c8841ec2377109439ffa5cebedb1231d780b674516052a72b861b311,60.16829,24.94214,00000000afef4555,17.4
293,2019-08-01T11:06:00Z,c8a766cb45e5fcda5f505cd921f5930365ee0ba810d47cec1234bc8a,60.16762,24.95415,000000006b44cce7,5.91
294,2019-08-01T11:06:00Z,c8d25e585aa4832d093334be23825a0a3fa28bad9633f3c7a01f8ef1,60.16829,24.94214,00000000afef4555,21.87
295,2019-08-01T11:06:00Z,c9598413127df8d72d23fe701756ee10a85631d13e068bfde2177e03,60.14947,24.91438,000000004ef3150d,10.78
296,2019-08-01T11:06:00Z,c9d2ece79110eabcd2cf8f6addcf616a79dea7ab91ed6153b3100a6a,60.17918,24.95141,00000000675d5200,3.09
297,2019-08-01T11:06:00Z,ca8d624fae74cf4a0d25c3bb6dd2f992b68eb3d4b3551a0a71fbe7c0,60.17002,24.94407,000000006b087f40,27.28
298,2019-08-01T11:06:00Z,cb4760ed20bc7ba422db96733312bfea440fe6c38d02f3b54b9716d2,60.17065,24.93641,000000000f4919c9,13.75
299,2019-08-01T11:06:00Z,cb9d5ad3c7970f6ece9dee6af54134d8d25d32383e51c6c5b05b2178,60.16762,24.95415,000000006b44cce7,11.7
300,2019-08-01T11:06:00Z,cc9b6aaf8e4f7fef4405e8b8658661bcbe70f001e1b4c41a590aff72,60.16762,24.95415,000000006b44cce7,2.08
301,2019-08-01T11:06:00Z,cdaa8d612a4beb218a3ab47866616044bd863438f5f6da6515a70730,60.16762,24.95415,000000006b44cce7,6.46
302,2019-08-01T11:06:00Z,ce3ae5d4a5c796fbafb1e98d0abd3fe38ac43991c2ab32466a28c470,60.16762,24.95415,000000006b44cce7,8.38
303,2019-08-01T11:06:00Z,cee80fefc225f152bdf5a23b7c6ae604749e150c33196f831bc4f8b7,60.16762,24.95415,000000006b44cce7,11.7
304,2019-08-01T11:06:00Z,d03f90e46082421fca21e0f0fb6d465abb1b252750528132ae4bc8ba,60.16829,24.94214,00000000afef4555,13.75
305,2019-08-01T11:06:00Z,d17a8cee2ceb7e7cfacedc088978dc678de9ab8b8edcaf69d6bdf0bd,60.16762,24.95415,000000006b44cce7,8.38
306,2019-08-01T11:06:00Z,d1ac0ad2d16fbcc1a44cb99d9bd66abf7f3710ea8880166ade57a7de,60.16829,24.94214,00000000afef4555,17.4
307,2019-08-01T11:06:00Z,d3265c893c1c4403d6ea17003757d590a07e75d9f4ce359a9dc3952b,60.16829,24.94214,00000000afef4555,21.87
308,2019-08-01T11:06:00Z,d32b539a511075eafe3167b83dea1a6b7b8e91abd5ad18ad81590cb7,60.14947,24.91438,000000004ef3150d,5.91
309,2019-08-01T11:06:00Z,d50f2ef0a7047c13f0c1813f2d459433ab618ea1c8cfa8ff18161d20,60.14947,24.91438,000000004ef3150d,7.69
310,2019-08-01T11:06:00Z,d56304ec81e6279adb9d22031c8a57343ab42f8304674b9742704c5d,60.14947,24.91438,000000004ef3150d,14.89
311,2019-08-01T11:06:00Z,d625fabcff2dbedb80ec47dc34757015f489db6ec311859d14ccb422,60.17065,24.93641,000000000f4919c9,29.32
312,2019-08-01T11:06:00Z,d747315224b8189cb762b8eeff5352473fea99aca12c8e2bb134651d,60.16448,24.97323,0000000053c6c2be,14.89
313,2019-08-01T11:06:00Z,d79817808cba9be19f30a1163bb779c8b48efb0a047bd2da5d10a607,60.15133,24.92329,00000000e8a064a4,31.5
314,2019-08-01T11:06:00Z,d8424a1db15d1d2fab7bb96627c66676c98d7b1478d67d39c11827be,60.16897,24.95222,00000000aa852af1,23.56
315,2019-08-01T11:06:00Z,dcfede07e3e9c44e6ccd29599307720707c820f3c60545a27771f89e,60.17918,24.95141,00000000675d5200,8.38
316,2019-08-01T11:06:00Z,dd12676afb927e8c26d054040a6a0115a9645d8f2c05a87e171549fe,60.1538,24.95595,0000000038bf9618,21.87
317,2019-08-01T11:06:00Z,dd4c04983a35622750167fcc019a505ce13807f1cf257d9e8a307dac,60.16629,24.95957,00000000fb7600be,16.1
318,2019-08-01T11:06:00Z,df0b2f8f48aa08402b53e28ad4a5b15cdee94cd5baa8035b48de79e2,60.16829,24.94214,00000000afef4555,10.78
319,2019-08-01T11:06:00Z,dfbf9e8963b282f56345a8191195ab28aec6eb2760126b9c2f475f5c,60.16762,24.95415,000000006b44cce7,13.75
320,2019-08-01T11:06:00Z,e1357f19d42173ff90a311d05fdd7181d16b9fabee481a1f00f0d199,60.16448,24.97323,0000000053c6c2be,18.79
321,2019-08-01T11:06:00Z,e208607801469072409331570260a9f8b9369c034c87c973ce696e22,60.16629,24.95957,00000000fb7600be,13.75
322,2019-08-01T11:06:00Z,e2094d0f7854118e2e288f4d54982b964bd8b7d32d4b34438a1126bf,60.16544,24.95398,0000000038d83d41,25.36
323,2019-08-01T11:06:00Z,e2b32d660b81786d49c467fe5e3f52a84efad3e6f5367b1d8ba2526c,60.16762,24.95415,000000006b44cce7,17.4
324,2019-08-01T11:06:00Z,e3f98f71c1b1eeef9ea5d82ebc418bff452d2886c7d840821629b643,60.16762,24.95415,000000006b44cce7,12.69
325,2019-08-01T11:06:00Z,e4d1987b8165b422b58bea02135429bc7cd8099f08414b47d2b70001,60.14947,24.91438,000000004ef3150d,14.89
326,2019-08-01T11:06:00Z,e4d9cd062588471a7cd827c0eba0691441986909f8d0de165c007c61,60.17002,24.94407,000000006b087f40,21.87
