,time,hash,latitude,longitude,serial,distance
0,2019-08-04T07:07:00Z,004c3624f943830bc6a9f17173a2cd0996622cade5184ad2b9fba729,60.16075,24.95883,00000000f1124bca,4.94
1,2019-08-04T07:07:00Z,09ddbf38333e76a79fd836112bd8c3f8bf7f3dadfb3d49945ad4c486,60.16075,24.95883,00000000f1124bca,2.8
2,2019-08-04T07:07:00Z,14c7e1511b70f4dd3359cbece1377aebb4d70531f5489eefe53d7c3c,60.16544,24.95398,0000000038d83d41,25.36
3,2019-08-04T07:07:00Z,165ebbb4090d47319ae370f0d0854fdc1f6b79499f8b2e4d3c3533c0,60.16544,24.95398,0000000038d83d41,25.36
4,2019-08-04T07:07:00Z,17b28910b6cbc057680693633275c4ca53938281bc38178f96c44947,60.17002,24.94407,000000006b087f40,36.27
5,2019-08-04T07:07:00Z,1f1fbb8caf607ca2a7bf52c61098e264cdfed2988a563409ce7bc040,60.14699,24.922,00000000a53ed894,6.46
6,2019-08-04T07:07:00Z,269109af99b12861eeb19ab8698033d9c00895687da47af3f4310e9d,60.149,24.9843,00000000fffb8cf0,21.87
7,2019-08-04T07:07:00Z,2d3d031189abfaea69cd551a97b2b2d056a908f19bc56701010a2304,60.16075,24.95883,00000000f1124bca,6.46
8,2019-08-04T07:07:00Z,2ea39f1a14cb8bda2882f46af07ff30087f416163bd86ae23f436289,60.18203,24.91341,00000000342570c2,7.05
9,2019-08-04T07:07:00Z,3944bc7a301be7241d1f7bc4a97f221000d535ce3d8a9af9af9b23b5,60.16531,24.9442,00000000fdda10fe,27.28
10,2019-08-04T07:07:00Z,3b5cafe90982db26cf737b2e4cd4275276f6a031bca3b2a1f73023b2,60.14699,24.922,00000000a53ed894,9.12
11,2019-08-04T07:07:00Z,43b676ed3aef4c2d8846694817e76117873be52e7f788e0cb366c1c4,60.16629,24.95957,00000000fb7600be,27.28
12,2019-08-04T07:07:00Z,4b1ebe419aebd6b7ddca5240934e4b7a0ecf3e4432eff48d52da5d97,60.17065,24.93641,000000000f4919c9,31.5
13,2019-08-04T07:07:00Z,4c2124b1533d74472d58e16b72feeb957f8da3d9fe9fc3652e2cb5fe,60.18203,24.91341,00000000342570c2,13.75
14,2019-08-04T07:07:00Z,533457a150795ee9fead8ba023df1c73a55ff4c09b31d7dbf86625fb,60.18203,24.91341,00000000342570c2,14.89
15,2019-08-04T07:07:00Z,5bbb5184fded3e51bc78e45e39917794285e6bbc72da404802a9599a,60.16531,24.9442,00000000fdda10fe,18.79
16,2019-08-04T07:07:00Z,5d65719c4cbf045f068d084b72302f447d5fd034413d97d13be00d0e,60.18203,24.91341,00000000342570c2,20.28
17,2019-08-04T07:07:00Z,6a70e2fbced719333e21eff04fcb9cb36bae9a04d1a3d6ddd96f2c58,60.15432,24.9211,0000000019fb59c4,27.28
18,2019-08-04T07:07:00Z,793101e1460a163336a3cac64fab8c81000c19084220aefc41e83e08,60.14951,24.92138,0000000006dd41f6,25.36
19,2019-08-04T07:07:00Z,79f136afa0dd8717337c01c70b457c464aaf0fa25b440f51a394ec23,60.16762,24.95415,000000006b44cce7,12.69
20,2019-08-04T07:07:00Z,7de75f59d3110cdf6e742fba9785ed0399f83ea50e4c5d255adb21ff,60.16897,24.95222,00000000aa852af1,31.5
21,2019-08-04T07:07:00Z,87dfaad29a9276ddddb1fa021d3bc23ad14824c1af16f7d87e713689,60.14951,24.92138,0000000006dd41f6,11.7
22,2019-08-04T07:07:00Z,89982a6acf91b79a282a6b63978e946ee205f303fcd20e944e06baf0,60.16544,24.95398,0000000038d83d41,20.28
23,2019-08-04T07:07:00Z,8c75c3289c84fe4493e1e272a77b615fe1985880c5dc68a7c1a17b53,60.16762,24.95415,000000006b44cce7,13.75
24,2019-08-04T07:07:00Z,8ee6927655eef67d517ef8929101286bffe82afb2be8d07faa5c27dc,60.16829,24.94214,00000000afef4555,25.36
25,2019-08-04T07:07:00Z,8ffcd0a9cc2642c24d8a085745788c31dc6e717c15b23f18e909a4b9,60.16762,24.95415,000000006b44cce7,3.74
26,2019-08-04T07:07:00Z,9843c6216661048343a0e49cf3d8aa2883cf77f452666a1c873a1052,60.16448,24.97323,0000000053c6c2be,13.75
27,2019-08-04T07:07:00Z,99e2e374006ef5e33260626b9ce7146f90689eab11436fee95e12f96,60.16075,24.95883,00000000f1124bca,25.36
28,2019-08-04T07:07:00Z,9a99f035d52fdd83b6be108bfaf04f42cc91f8bca25cbdc243e2b1ed,60.16829,24.94214,00000000afef4555,23.56
29,2019-08-04T07:07:00Z,a3a21ef15e1883941a7ed2eb6150357ae068aa4b0b6ce6ca0482ea3a,60.1538,24.95595,0000000038bf9618,44.58
30,2019-08-04T07:07:00Z,a91d379a4b57c5df22db0d7a041ff69f657b4b31f28554b1011fc03c,60.16544,24.95398,0000000038d83d41,31.5
31,2019-08-04T07:07:00Z,b4c20e932f0317cbd4dbd1d7a37b44a5db1d3098f60e35f17c5732ef,60.17002,24.94407,000000006b087f40,31.5
32,2019-08-04T07:07:00Z,b5fd6b317890e5ab2d79e2cd1abe61626d45a753c7337d0d40728898,60.16762,24.95415,000000006b44cce7,9.92
33,2019-08-04T07:07:00Z,b8fde975d2e694a6835b825a7ead2c852614419afd696106dec69ee1,60.16762,24.95415,000000006b44cce7,12.69
34,2019-08-04T07:07:00Z,bedde70080278440cf33f510482f5dbd45ad8321fdcb248b929437f7,60.16762,24.95415,000000006b44cce7,11.7
35,2019-08-04T07:07:00Z,c19720c3227ab4565624b2f3af6a50186d5c63ffb97e53dba4bc066d,60.149,24.9843,00000000fffb8cf0,12.69
36,2019-08-04T07:07:00Z,ca6927628f5ddda20036865c9345ad93d476d62ade3b181de568eed6,60.16897,24.95222,00000000aa852af1,25.36
37,2019-08-04T07:07:00Z,cf05623e4d87ce0906c0b0b7dbf53aacc1228016cd27c341228b6e76,60.18203,24.91341,00000000342570c2,20.28
38,2019-08-04T07:07:00Z,f088630d7476dae7d4b7e2bb1f10575f2c89acb4b6e061f3d57c2b40,60.16531,24.9442,00000000fdda10fe,23.56
39,2019-08-04T07:07:00Z,f29ea15113ac0eea0be8ec41c633909de4b0b9ab6c7b9898b128080c,60.16075,24.95883,00000000f1124bca,7.05
40,2019-08-04T07:07:00Z,f6609ab1076b1105bb845595a03b41b8fbb282f79c337df5bbc9f841,60.14699,24.922,00000000a53ed894,12.69
41,2019-08-04T07:07:00Z,fc4f3a44235f1cfc7b53f14ba2da599976a5a0a220d23b852688e485,60.17918,24.95141,00000000675d5200,20.28
42,2019-08-04T07:07:00Z,0018934c9837b231e71804e2d01eae04f0c572c7ebd8a26b34deaf6d,60.14699,24.922,00000000a53ed894,10.78
43,2019-08-04T07:07:00Z,023fbd62580fc24f5d985576f223211d06f22cfda3b17d70cbabbe60,60.16762,24.95415,000000006b44cce7,17.4
44,2019-08-04T07:07:00Z,02677b8bc3cedbe0a3a74853993a675831df87ff1b904ff5a8fe21c0,60.14699,24.922,00000000a53ed894,10.78
45,2019-08-04T07:07:00Z,0470bc37f40058e0af56b6fd3f42a0c07122dd60a6dbcbfa5ccd583f,60.16897,24.95222,00000000aa852af1,7.05
46,2019-08-04T07:07:00Z,053819a490f12cf046b3aa86dafb78bb19268ad2ae00551d7ee00129,60.16897,24.95222,00000000aa852af1,17.4
47,2019-08-04T07:07:00Z,054061e0a99efe0107e62e3d53ecb4ad31368a59e8692d23a93b6185,60.18203,24.91341,00000000342570c2,14.89
48,2019-08-04T07:07:00Z,05ebb73b249836a1bcf671b5f66b1fec6dd47dd29ca235ad1a1d139b,60.16829,24.94214,00000000afef4555,31.5
49,2019-08-04T07:07:00Z,078b1b79b3d4250401f1ad4a8cb453efe287391d8ae3fb5e581860d9,60.16897,24.95222,00000000aa852af1,13.75
50,2019-08-04T07:07:00Z,095ebd21cd2f7e891a730304729af372613e0257496636025d43fcf8,60.14699,24.922,00000000a53ed894,31.5
51,2019-08-04T07:07:00Z,09e138c9b94a10d3df4b3a799da57ecadcb8e8ecd20e54da9c9debac,60.149,24.9843,00000000fffb8cf0,27.28
52,2019-08-04T07:07:00Z,0a29e2802b84da3f0bf45f3fdd5dba1e96924a58c9fafe2865df4cdd,60.16897,24.95222,00000000aa852af1,12.69
53,2019-08-04T07:07:00Z,0c56b68bdbe3a6e8d7487fbe77667a645525cdb3907077ea8ca43f2a,60.149,24.9843,00000000fffb8cf0,4.94
54,2019-08-04T07:07:00Z,0d7a555115e5bc39bba8ba24aa60c5b2c7f9d1fcb9d55aaf17c7bbc6,60.16897,24.95222,00000000aa852af1,17.4
55,2019-08-04T07:07:00Z,0d893fbf2ecff69938b1a380c2bc1e46d364c6c15a1e78e2888ff569,60.16075,24.95883,00000000f1124bca,27.28
56,2019-08-04T07:07:00Z,0d9ebfd180e35aa34a68e8229ce741bdc0ad7e3dafd93e61727a25f5,60.16762,24.95415,000000006b44cce7,16.1
57,2019-08-04T07:07:00Z,0e94be31caa876e03da57625b4c26508607b8858c5bce990ff0d9da8,60.16829,24.94214,00000000afef4555,17.4
58,2019-08-04T07:07:00Z,0eb0764e3dd7aa2293701fe0ed8f51108e93d49a96009de99e90430d,60.14699,24.922,00000000a53ed894,18.79
59,2019-08-04T07:07:00Z,0fd454b338525d5f70b480e5257d05aca04b86737fadf32bbad8ddf2,60.16897,24.95222,00000000aa852af1,25.36
60,2019-08-04T07:07:00Z,1040720c20fb2f4d079445f18d155da7b8f6bd2653240f04da40e5cc,60.16829,24.94214,00000000afef4555,12.69
61,2019-08-04T07:07:00Z,10d903f47294d1831a9334ef105790b74a5f30413496a2528bd525b0,60.16897,24.95222,00000000aa852af1,17.4
62,2019-08-04T07:07:00Z,12af40a6d9f716152dc12959d9a056961ec767a0fb66061bb61873e0,60.16897,24.95222,00000000aa852af1,11.7
63,2019-08-04T07:07:00Z,1312ad51862541bc9d0d0bead881bbe13738e9aaf45a39564a8aac7e,60.16075,24.95883,00000000f1124bca,7.69
64,2019-08-04T07:07:00Z,1552917171e799e474b9639f88e46b7009581da3464aae06c734d6ae,60.16897,24.95222,00000000aa852af1,18.79
65,2019-08-04T07:07:00Z,15bfed3657710b04d67068aaeaa7172b5d70dedf2be41abb6dead085,60.16762,24.95415,000000006b44cce7,2.8
66,2019-08-04T07:07:00Z,1780705dd588045517f5d0bad1149dc6af18294f2175a85625777379,60.1638,24.96846,00000000d747f075,27.28
67,2019-08-04T07:07:00Z,1a14a0e1a35a3d2faca41047e26664cb577924f9cc91b50e44198d19,60.18203,24.91341,00000000342570c2,27.28
68,2019-08-04T07:07:00Z,1b38a7a62130bc7325f125e88d59e6be16db97db133c17e10566f77e,60.149,24.9843,00000000fffb8cf0,14.89
69,2019-08-04T07:07:00Z,1b933aeacf908b471cdb62444803e54404b9c71a48806e3b22b1e7bc,60.14699,24.922,00000000a53ed894,18.79
70,2019-08-04T07:07:00Z,1d2496c90dafce21aa95222055f37fce3a5881648f8df64ee96f3ae0,60.17002,24.94407,000000006b087f40,23.56
71,2019-08-04T07:07:00Z,1d32ecf0677705bca9070eee9c58fb77b0f2e744f8878c3e11aa2e6d,60.17918,24.95141,00000000675d5200,18.79
72,2019-08-04T07:07:00Z,1d6d1e89e7ea827fb78040b850ba3abf4a45c8c2d8c72b02be0f4ac1,60.16762,24.95415,000000006b44cce7,11.7
73,2019-08-04T07:07:00Z,1dacfb371d75dd4f90f447aac2a00faad98beb4188a6971c19eb2375,60.16629,24.95957,00000000fb7600be,18.79
74,2019-08-04T07:07:00Z,1eb490c9d347ddfcc37979b5d56a98ab0a646306d737a9e3341fa162,60.16897,24.95222,00000000aa852af1,7.69
75,2019-08-04T07:07:00Z,21d85d70995e264d5caf397f96a02327158bada5880c3c46df5882de,60.18203,24.91341,00000000342570c2,13.75
76,2019-08-04T07:07:00Z,22fc4751952f8186e9ca97d10891475edf172ae5a59b0f348231ea06,60.14699,24.922,00000000a53ed894,9.12
77,2019-08-04T07:07:00Z,231a6813389985c4dcae7068406567f6ef4ae1ccd5ea9c625818bb43,60.16629,24.95957,00000000fb7600be,25.36
78,2019-08-04T07:07:00Z,244959f4eb11a04aa3918d8467131a370e9b90eeae5547f84704fd16,60.149,24.9843,00000000fffb8cf0,17.4
79,2019-08-04T07:07:00Z,2696f6a462520c8284659d993a9bf0545c2b2f278e1538f7f60dd1d3,60.17002,24.94407,000000006b087f40,7.69
80,2019-08-04T07:07:00Z,26bd1c037304881c1f4458161e8be55cc26cf77adc661ffc31b7a9a1,60.18203,24.91341,00000000342570c2,14.89
81,2019-08-04T07:07:00Z,26d16ae9aaa548ba88f2e201c490a67f21d3f336f428d1d86da4e6bd,60.14699,24.922,00000000a53ed894,9.12
82,2019-08-04T07:07:00Z,2789a56fdc19664fd73986310000fa1993ab7a911f68f77aa1ebd693,60.14699,24.922,00000000a53ed894,7.69
83,2019-08-04T07:07:00Z,2b14cc327a0b9732cc190e1ffbfb11d3e93854b04e11886e24554242,60.16075,24.95883,00000000f1124bca,6.46
84,2019-08-04T07:07:00Z,2bf5f9225c5c902bf47c53c03a98b5988a577c9688e1143db7aa3f3d,60.14947,24.91438,000000004ef3150d,12.69
85,2019-08-04T07:07:00Z,2c6cc074b53131b139dcd4a790d3ae87a806430daa45e8e06a62d49f,60.16762,24.95415,000000006b44cce7,4.94
86,2019-08-04T07:07:00Z,2c8aa9bb638068cfbb255c79d951466e3578eb26208a6d75169b9622,60.16629,24.95957,00000000fb7600be,29.32
87,2019-08-04T07:07:00Z,2d6b4adc9b54a2a8e473156800a97c39b4969ceb75a873f02cfd4e6f,60.16897,24.95222,00000000aa852af1,14.89
88,2019-08-04T07:07:00Z,2e84ae508f33224ff2f9b454a5e3eceb8d8d4a259dfdae47ec395e7d,60.16075,24.95883,00000000f1124bca,27.28
89,2019-08-04T07:07:00Z,2eb0afcff040b809455e9fe0f7764b08a5ac098d7824ec8ae4f84aaf,60.14699,24.922,00000000a53ed894,21.87
90,2019-08-04T07:07:00Z,2f36ec26da223ebab1b815862cdee1432f7afa4df5b077b351e51ebe,60.14699,24.922,00000000a53ed894,8.38
91,2019-08-04T07:07:00Z,30934eed402c9b7b25715d4c6d1c7046d2269e2af5e0bb543fd52dc2,60.16762,24.95415,000000006b44cce7,13.75
92,2019-08-04T07:07:00Z,309bde136e0877299c24f453e4c51cbe7708867891a8dd78f3ce94c5,60.14699,24.922,00000000a53ed894,6.46
93,2019-08-04T07:07:00Z,30e7d6c6ad87cfaaa02c29f8d6b9d71dd233748e125162eb39b47d4f,60.16829,24.94214,00000000afef4555,17.4
94,2019-08-04T07:07:00Z,31ceb8df46252950eb3cf7fa670f0f1228b5f855b8148485f728a5c3,60.16762,24.95415,000000006b44cce7,9.12
95,2019-08-04T07:07:00Z,32d72449018494576f1950a927db189c12aaee588137d54bca1d1ad8,60.14699,24.922,00000000a53ed894,16.1
96,2019-08-04T07:07:00Z,3396747bd542202a500c051c53adec7dd6af705823e911994b75aa05,60.14699,24.922,00000000a53ed894,17.4
97,2019-08-04T07:07:00Z,33d0a57d73e2ff8ed05834369873291ecdeebad59158f3736bd75d7c,60.16075,24.95883,00000000f1124bca,10.78
98,2019-08-04T07:07:00Z,340198d5bf84725eb4a9dc5a84d4cf19418d4e171ccda663d1a02f64,60.16897,24.95222,00000000aa852af1,13.75
99,2019-08-04T07:07:00Z,379788496989c1ca3cfa0fa778b23f086c12562c8e5e2e1e60e618ee,60.16897,24.95222,00000000aa852af1,17.4
100,2019-08-04T07:07:00Z,384a680be8822cb9d6bb83efcdeb9bf48df4d017424912f02f6ad785,60.18203,24.91341,00000000342570c2,38.87
101,2019-08-04T07:07:00Z,3acd80f0ff2d4ac3d0e9d85a9fc93e82d5b8f68054ff09129af42fd0,60.14699,24.922,00000000a53ed894,21.87
102,2019-08-04T07:07:00Z,3b4678e32926057997742085ccf72b65c0d22acc4cecb00280cab0e6,60.16762,24.95415,000000006b44cce7,9.12
103,2019-08-04T07:07:00Z,3c1bdc4dd7bd5aaf919e75b674ce81cb1267429efe5e4a15f587299a,60.16075,24.95883,00000000f1124bca,9.92
104,2019-08-04T07:07:00Z,3c4907d3bd3b7f4c2459565fdfded39ab9b7e5f19b1d6188851cb8f2,60.16544,24.95398,0000000038d83d41,8.38
105,2019-08-04T07:07:00Z,3df837580863087ddfe49134f8f6ab290d2f48806a102c2460b734e3,60.149,24.9843,00000000fffb8cf0,12.69
106,2019-08-04T07:07:00Z,3ff94e05ceb7c7685be41d220084bd36e89a196204d3e6e68ce6b1ca,60.16829,24.94214,00000000afef4555,17.4
107,2019-08-04T07:07:00Z,40a2a061688e8d512307a9547511882d3912f63ab3394ecf3206fe81,60.14699,24.922,00000000a53ed894,9.92
108,2019-08-04T07:07:00Z,413257011a27b483d5392276dd3a4b9040dbd38a20b4668b490919ee,60.18203,24.91341,00000000342570c2,11.7
109,2019-08-04T07:07:00Z,417f3b3a993ddee3d9bacef7e1ed18e637c1c929e16ea863c51775c2,60.16829,24.94214,00000000afef4555,18.79
110,2019-08-04T07:07:00Z,4228f4c5d62c4b331854304d279b4e83e6c05d7f791b2f3433f9db42,60.16075,24.95883,00000000f1124bca,12.69
111,2019-08-04T07:07:00Z,42bf171ab17aefdaba11c613a16b7a8e92c1fbd87af99ef3b079bb8f,60.14699,24.922,00000000a53ed894,9.12
112,2019-08-04T07:07:00Z,43230a522761dc1d315ef1451eae7fb0e0b70e87d0995bda35a5014e,60.16762,24.95415,000000006b44cce7,25.36
113,2019-08-04T07:07:00Z,432f6d8c23bbc3451ad8dd5253054ab6e2c72c29d3f869f2a1feade6,60.16762,24.95415,000000006b44cce7,14.89
114,2019-08-04T07:07:00Z,43742dcdd81fe548d84058df752223d51d9f0106a5b2cd967743e9cd,60.16075,24.95883,00000000f1124bca,11.7
115,2019-08-04T07:07:00Z,438ee8a27c2c8e2258b43490cd4ce48b00204b93381ca23ef3021324,60.18203,24.91341,00000000342570c2,11.7
116,2019-08-04T07:07:00Z,4444fd53e4e71222455b1f5a7bda1c4c9e842da0baa83b14d57edf44,60.16075,24.95883,00000000f1124bca,11.7
117,2019-08-04T07:07:00Z,463953b7465308cf9b0f45ce5966e1b1107728a4778ebae7ebe4e04d,60.18203,24.91341,00000000342570c2,5.91
118,2019-08-04T07:07:00Z,4640e2a5dbccd260213e42a4f7e02427a2f2a4a0111329c579f43a94,60.14699,24.922,00000000a53ed894,8.38
119,2019-08-04T07:07:00Z,4977e09a73283531fb1726ab9c3e13fa2d9a8a974616d6014f10fadc,60.1638,24.96846,00000000d747f075,29.32
120,2019-08-04T07:07:00Z,497b14b89533f56c5015a50beab1a42422701a10fabf191d7324dba6,60.16762,24.95415,000000006b44cce7,5.91
121,2019-08-04T07:07:00Z,49d152481170598f2466f0cece79d8174cc9d45fbc839994846b6c93,60.14699,24.922,00000000a53ed894,18.79
122,2019-08-04T07:07:00Z,4be254d2c463dd4611ee874318f8cb9ac1cc8ece735e81b696c2f547,60.14699,24.922,00000000a53ed894,4.5
123,2019-08-04T07:07:00Z,4c2c5ff75bb6a3f39205d54a2b5d5f39fbbe0643407cf43388376129,60.14699,24.922,00000000a53ed894,8.38
124,2019-08-04T07:07:00Z,4ecc2807a75170836291f41d9e6b61f5559b7ef80cc73046a077349e,60.16075,24.95883,00000000f1124bca,20.28
125,2019-08-04T07:07:00Z,4ee99aa15574e38845b606a2ede0894075d065d1947018e8045b43a2,60.149,24.9843,00000000fffb8cf0,4.11
126,2019-08-04T07:07:00Z,5061516bc1b022ef80c98ebafd1e3c281edb5894325f851f63ce0313,60.16762,24.95415,000000006b44cce7,10.78
127,2019-08-04T07:07:00Z,515987e931677ab52ba237f29b6f480399915cd335a374864ecf67b2,60.16897,24.95222,00000000aa852af1,16.1
128,2019-08-04T07:07:00Z,51c1df0eec4684e919023b18edf12e63da24161d8fee5eb0b8fef3cd,60.16075,24.95883,00000000f1124bca,5.41
129,2019-08-04T07:07:00Z,536978240b3370d6bdf75b1e7ec7ea12fd9e30eda805538805d98ec3,60.149,24.9843,00000000fffb8cf0,17.4
130,2019-08-04T07:07:00Z,54650cd4e42ba1f11f266c33876277d580ebb59ceef9388df4792e22,60.16762,24.95415,000000006b44cce7,18.79
131,2019-08-04T07:07:00Z,54884d1a9cf65a44e2c480ceffd97159f8ebf65aa723435fffc12260,60.16897,24.95222,00000000aa852af1,17.4
132,2019-08-04T07:07:00Z,54bbaf1ee6488b1ea8efdc169b9dac41a7a239146570b60309f69b34,60.16897,24.95222,00000000aa852af1,4.94
133,2019-08-04T07:07:00Z,54cb15501faa883f3282936459770c8909119b2e6329af5972309c84,60.149,24.9843,00000000fffb8cf0,6.46
134,2019-08-04T07:07:00Z,55355b7cc4c5df3bfd81105471b9ee25a301db956d57798253c58391,60.16075,24.95883,00000000f1124bca,7.05
135,2019-08-04T07:07:00Z,560ad30aa7c290915cd964e5aefccfc6db4e8c4def59b34a4a72b406,60.16762,24.95415,000000006b44cce7,10.78
136,2019-08-04T07:07:00Z,57aecd5c26776311900d346373ceb36bf494cef080b81ea4570c4e83,60.14947,24.91438,000000004ef3150d,29.32
137,2019-08-04T07:07:00Z,57f06e71229e0b80e55805b79d7cf7e4c1c9fb1712b9d70b7108897b,60.16897,24.95222,00000000aa852af1,13.75
138,2019-08-04T07:07:00Z,584cb0b0cdd14e608c8b57c8aecc9826f9b40027e365e2438a444ea2,60.16762,24.95415,000000006b44cce7,13.75
139,2019-08-04T07:07:00Z,5a4727e7b659bdde5164dcf74bca77e17bf0336d5ac81b13db041800,60.14699,24.922,00000000a53ed894,13.75
140,2019-08-04T07:07:00Z,5b18616f80031ee23307f0e3373f3e60eeb5cf3f39f7c33bcd00ca45,60.16762,24.95415,000000006b44cce7,4.11
141,2019-08-04T07:07:00Z,5bace2f8c85f87779b575d794f2762f61ff2a2cbf9cff1071156e393,60.149,24.9843,00000000fffb8cf0,14.89
142,2019-08-04T07:07:00Z,5bebb34f08b5ef9de875b5949d2ea2c4362df910562ec823e21b0e30,60.14699,24.922,00000000a53ed894,7.69
143,2019-08-04T07:07:00Z,5c25180e50713b00fe2a40e0f5aa3f8b70fb21b04125a7617438abbd,60.14699,24.922,00000000a53ed894,7.69
144,2019-08-04T07:07:00Z,5e252c98d0b95d2654020afabdaa3d705f6a22586fa0a55cae648395,60.14699,24.922,00000000a53ed894,10.78
145,2019-08-04T07:07:00Z,5e26be3fe8132725fff14a03b122e896359a602219b0e610d9ea55a8,60.18203,24.91341,00000000342570c2,12.69
146,2019-08-04T07:07:00Z,5ff411cbc1427e17048f100e25f64e1d57cb304c75b9b508981816c3,60.16897,24.95222,00000000aa852af1,31.5
147,2019-08-04T07:07:00Z,605d5ac8f7c3b415810595e5f2908ae51835dfa22f850f9ce2357e86,60.14699,24.922,00000000a53ed894,11.7
148,2019-08-04T07:07:00Z,60f2bf498287369c491670d29a0a5f883965cb762fd34af9f7b10310,60.16762,24.95415,000000006b44cce7,2.54
149,2019-08-04T07:07:00Z,612229178df110a07341f0c772acf3920bcd543406dbd57ead89acea,60.17002,24.94407,000000006b087f40,21.87
150,2019-08-04T07:07:00Z,64c75212f74d7a397626209215ad326b603a0f6f0054b4656512059f,60.14699,24.922,00000000a53ed894,21.87
151,2019-08-04T07:07:00Z,64d32d6aae010892b68464862359c3c1ee9399743a2aac129b677ec4,60.14699,24.922,00000000a53ed894,12.69
152,2019-08-04T07:07:00Z,650346549c02259cf5269e3b7641f45dc6eb54b08b8ec1cd0233f83a,60.17002,24.94407,000000006b087f40,17.4
153,2019-08-04T07:07:00Z,65585af8b269f2536c008b67eea111293b489544be4860610eccee1c,60.14699,24.922,00000000a53ed894,13.75
154,2019-08-04T07:07:00Z,65a93ff0dbc7e7e6cd47b9069ae21ff3fdd1338465dcd6f3f091c574,60.149,24.9843,00000000fffb8cf0,21.87
155,2019-08-04T07:07:00Z,6673b8f5ddb4a3e35fe7390f90ca795f0629c14ccd845c26dfa4fdce,60.16762,24.95415,000000006b44cce7,18.79
156,2019-08-04T07:07:00Z,667831bf83c652e7a252d59853362142133a14997cebfc473086bd32,60.16762,24.95415,000000006b44cce7,3.09
157,2019-08-04T07:07:00Z,67367ead6f9e576b104dced0ed0264656e450b40047c0df2406b1f58,60.16762,24.95415,000000006b44cce7,1.25
158,2019-08-04T07:07:00Z,697c939367cdf6240643f8e26e08166463809496ed30a4a19ba832dc,60.17002,24.94407,000000006b087f40,20.28
159,2019-08-04T07:07:00Z,69a272195883fcedac402e5993017afdb1b35db21ec84eeb0da4bdfa,60.17918,24.95141,00000000675d5200,10.78
160,2019-08-04T07:07:00Z,6a1db05872bcf6831dbfa7c9081a0b38fc5a773f2f145067616ff806,60.14699,24.922,00000000a53ed894,6.46
161,2019-08-04T07:07:00Z,6b60eeaadeb71581008ec33c57ddc376b571f3e58de4f701ee559813,60.16897,24.95222,00000000aa852af1,9.12
162,2019-08-04T07:07:00Z,6f38d166ab868eb941423cc7362ac4042b80932da5fae6724b75bb03,60.17918,24.95141,00000000675d5200,7.05
163,2019-08-04T07:07:00Z,6f61cd5850760679396670acd7fb2e11e28f76e6fe813de18343f1fe,60.16762,24.95415,000000006b44cce7,9.92
164,2019-08-04T07:07:00Z,705888e86f1d8db7bb97ac2ef32af72c490faf365be363938545893c,60.17918,24.95141,00000000675d5200,20.28
165,2019-08-04T07:07:00Z,717e3088a8973ad7e7a790ce860f3dae51ed84d038e493bff192563b,60.16897,24.95222,00000000aa852af1,9.92
166,2019-08-04T07:07:00Z,73b4556c389031af5697075429ad0080de531872158c9f4cd06c4e8c,60.16762,24.95415,000000006b44cce7,21.87
167,2019-08-04T07:07:00Z,74001bc003a4cd4053f66d62aab1c8e1792025b3b957c7b5595cf24c,60.16897,24.95222,00000000aa852af1,17.4
168,2019-08-04T07:07:00Z,748f8da6c0c7d8797a04fd3d2fe745e516f5ca682046b9aeccdbfdbe,60.149,24.9843,00000000fffb8cf0,21.87
169,2019-08-04T07:07:00Z,760e0cbc62b282012eb8b6d958683405fed8bd0b41fa760355c354c2,60.16075,24.95883,00000000f1124bca,9.92
170,2019-08-04T07:07:00Z,770c3b182d6b64327862d3d1dcf5184c6b7d8e9ce2081d523e1b8621,60.14699,24.922,00000000a53ed894,10.78
171,2019-08-04T07:07:00Z,77886124e40985be8d1801392cdd53b25ce5824edd381ce8563aa7af,60.16762,24.95415,000000006b44cce7,20.28
172,2019-08-04T07:07:00Z,784bfeb77577a6833bfb2e3d33cc474d594d72fe57ef5731fba6849f,60.14699,24.922,00000000a53ed894,16.1
173,2019-08-04T07:07:00Z,78957170237cc244cad9fb91de2ac31f58965d6876dd51528499e1aa,60.1638,24.96846,00000000d747f075,11.7
174,2019-08-04T07:07:00Z,792ebb561aa17ddf32a861cbb86cc26a82b92f1515071583e202caa3,60.16897,24.95222,00000000aa852af1,14.89
175,2019-08-04T07:07:00Z,794db42bdc9e15fd1c9a6ceec015f6e122d249981aeb896f5966cebf,60.17002,24.94407,000000006b087f40,29.32
176,2019-08-04T07:07:00Z,7b40f8b1d63d67581b358afa6e1ffbb58466a9e59dcee4fbd3e5b039,60.16075,24.95883,00000000f1124bca,9.92
177,2019-08-04T07:07:00Z,7bcea2ef70e42510e954c1e3c711ce493343392477bb9f29cb886ea5,60.16762,24.95415,000000006b44cce7,9.12
178,2019-08-04T07:07:00Z,7c4cf9d141090e3b57bae3df7516987296910aba17a0061dd2173b76,60.18203,24.91341,00000000342570c2,18.79
179,2019-08-04T07:07:00Z,7c54ca283afd39100bd260e4f978a62684ffc3c9e88a946c2d90a5bf,60.16829,24.94214,00000000afef4555,20.28
180,2019-08-04T07:07:00Z,7c8b9dee87572b44e52437d2f59ab9c64bf7bbe70f28426115fcdb1c,60.18203,24.91341,00000000342570c2,33.81
181,2019-08-04T07:07:00Z,7cf80ed37456cea151fa86833f74092426d9035cad49acdf61cb9594,60.18203,24.91341,00000000342570c2,8.38
182,2019-08-04T07:07:00Z,813cae51589b6cb0f9856ddf722f2aaa97d91fe992292a17b0f39354,60.16829,24.94214,00000000afef4555,18.79
183,2019-08-04T07:07:00Z,81fb64eb3de34b894c4cd60de4c62c252628ab40498644009a273771,60.18203,24.91341,00000000342570c2,16.1
184,2019-08-04T07:07:00Z,839a49fb205f77430f1180eabc5c869ab12e86fc94b4682f24d842aa,60.16762,24.95415,000000006b44cce7,3.4
185,2019-08-04T07:07:00Z,83b872d716303add10a351e602a0cc2013c94e7cf21b50ffa8e5648a,60.16897,24.95222,00000000aa852af1,7.69
186,2019-08-04T07:07:00Z,83e470f856476868796c8ca3b71ba99cb256af69107d054490eae63e,60.16075,24.95883,00000000f1124bca,25.36
187,2019-08-04T07:07:00Z,85077788fb7b516d03bb255d56a913ddd700df5dd9ac6593dad2182f,60.16897,24.95222,00000000aa852af1,16.1
188,2019-08-04T07:07:00Z,86318cff0b5fd93ddab20bbc90288fd8a9c111f2faf6841bf3af204e,60.16762,24.95415,000000006b44cce7,3.74
189,2019-08-04T07:07:00Z,87a2b02646873236a61f7a52e333e4be741dae287b47b430b0de657b,60.16762,24.95415,000000006b44cce7,9.92
190,2019-08-04T07:07:00Z,87de45452dff37b3ffa376ccf7bb49085f658ee009951e386eabdd66,60.18203,24.91341,00000000342570c2,11.7
191,2019-08-04T07:07:00Z,8a5ed10d2d7765081f4cde213a1c2aecffd4cc00b3fbf6bc7a646ce8,60.16075,24.95883,00000000f1124bca,13.75
192,2019-08-04T07:07:00Z,8ab3687f3b440c0b071c08a153813b9653f96927ef12325565655dcb,60.17918,24.95141,00000000675d5200,25.36
193,2019-08-04T07:07:00Z,8b80e85485e4324f021ec482f0e97a74cc3be36656f93875add68b09,60.14699,24.922,00000000a53ed894,20.28
194,2019-08-04T07:07:00Z,8cf5358c4f26d65ca6310ecca5f956ae2b288198bba607365c48009f,60.16762,24.95415,000000006b44cce7,10.78
195,2019-08-04T07:07:00Z,8dcfa5789215b9650f4cb5f8bf0d99492d0728351e58e688491080b5,60.16629,24.95957,00000000fb7600be,18.79
196,2019-08-04T07:07:00Z,8e6e6d6b0a445459d43e17f9f272479eef11fee361f28a9c9c9b42d9,60.16629,24.95957,00000000fb7600be,23.56
197,2019-08-04T07:07:00Z,8e772be92f8184c6c00f1559c8a81fa101f3a8b31dc2c847d566223b,60.18203,24.91341,00000000342570c2,16.1
198,2019-08-04T07:07:00Z,8f12798a8a384a9c35cb31952fb65f64ecb5ce1247930c1c13cf6e43,60.16762,24.95415,000000006b44cce7,9.12
199,2019-08-04T07:07:00Z,9028fbcea1d0f0a7ede012f5df517f0b4ee2b4c22998a9a5e805c170,60.16762,24.95415,000000006b44cce7,14.89
200,2019-08-04T07:07:00Z,90b773ecb2cbd0313a0613872e4a4727725d3e07ed27c82607f86f00,60.14947,24.91438,000000004ef3150d,18.79
201,2019-08-04T07:07:00Z,92eb4e66dbfa61f234d6aacbc52f90dcae352c9c1c8989c6afb8a7e4,60.16075,24.95883,00000000f1124bca,11.7
202,2019-08-04T07:07:00Z,94168e6ef69ac6eb3b1b9c3b17129458f015493213258b4cc3270bd4,60.18203,24.91341,00000000342570c2,10.78
203,2019-08-04T07:07:00Z,948b2ea008309c946277dcf8b3ff44186e10fb93144936d6e0749cf4,60.16897,24.95222,00000000aa852af1,25.36
204,2019-08-04T07:07:00Z,94c87263f55126c31e134623c0c09e35566176e6fe184ec883e4b529,60.149,24.9843,00000000fffb8cf0,6.46
205,2019-08-04T07:07:00Z,95b44a7f457d14af174e9cdbf2519dadbdb968e7edaf1f005008af73,60.16897,24.95222,00000000aa852af1,9.92
206,2019-08-04T07:07:00Z,962855cf26ffb04bb595ccc42d8985f929553ce52109e5d98eccfb8e,60.16829,24.94214,00000000afef4555,5.91
207,2019-08-04T07:07:00Z,989b72ac217acff0e8e7460014857e0fda87c431379b62dd70a34ada,60.16075,24.95883,00000000f1124bca,3.74
208,2019-08-04T07:07:00Z,99c139b9f524d693f9dcf70d74b4991e2dbe1b47f36a5799fa76e198,60.14699,24.922,00000000a53ed894,20.28
209,2019-08-04T07:07:00Z,9a8d2aeb50e444ee976af0d761d1fcda5b4b97e19be3dce0b401a9cd,60.16075,24.95883,00000000f1124bca,7.69
210,2019-08-04T07:07:00Z,9ad252873ae023e735e714ceaa1a9b0642119ae12d9e2dc09ffd516c,60.14699,24.922,00000000a53ed894,17.4
211,2019-08-04T07:07:00Z,9c9562a9d87a002062185bf937b0ddb15ab6c482d0d4b3653e95c813,60.16762,24.95415,000000006b44cce7,4.94
212,2019-08-04T07:07:00Z,9d6e55259c65924cca88898e45c7ce0b7e6911a392ad35bbb091edf9,60.14699,24.922,00000000a53ed894,11.7
213,2019-08-04T07:07:00Z,9d713c9ce415e473048b45bbb35d6dcdef35cabaca39aa54f2e781a3,60.16531,24.9442,00000000fdda10fe,44.58
214,2019-08-04T07:07:00Z,9d77ce29bbc33223286e14b5a255016ea39361f8a7c28c9770347364,60.16897,24.95222,00000000aa852af1,12.69
215,2019-08-04T07:07:00Z,9e086a37fe13e475a53c4c80dd2df8a62b59ac740fae1fddb1e793c9,60.16531,24.9442,00000000fdda10fe,10.78
216,2019-08-04T07:07:00Z,a06138f15d850d00703a17e1c1fba9bfb2aea1ce8bc26c6ecf6b9408,60.16762,24.95415,000000006b44cce7,13.75
217,2019-08-04T07:07:00Z,a161558ece7e73a0e31d8230da40e92f89116f19d5126e217fb9d111,60.18203,24.91341,00000000342570c2,20.28
218,2019-08-04T07:07:00Z,a3bf1cb1a08505529c5adbfc9c186be11f233095f6774c92a7984496,60.16762,24.95415,000000006b44cce7,5.91
219,2019-08-04T07:07:00Z,a4d549b9da016c20c0d623dece4ac407dbe90e4ff6508753ca595cc5,60.14699,24.922,00000000a53ed894,25.36
220,2019-08-04T07:07:00Z,a5adeb0295d50575fc3838ffd30f83f3319342763428d2b8c5ca4a27,60.14699,24.922,00000000a53ed894,14.89
221,2019-08-04T07:07:00Z,a6a13624952013355376cd9c386c58ab709cdcbf503da6abff478824,60.16897,24.95222,00000000aa852af1,13.75
222,2019-08-04T07:07:00Z,a6de0fdb6353a2ceec5723784604957b4c9003c2bfc4d9a07c1b54a1,60.16762,24.95415,000000006b44cce7,12.69
223,2019-08-04T07:07:00Z,a76f2d9d9c4e2574e02a6168125f990ab406aeb3187498cdccafc996,60.14699,24.922,00000000a53ed894,12.69
224,2019-08-04T07:07:00Z,a7bbaea62cf98061218d8f48a8bdfa08f6705fa4c9c6e45889b33aee,60.1538,24.95595,0000000038bf9618,27.28
225,2019-08-04T07:07:00Z,a85f1ed69087d8a1bdeacfc168e7ab8996169426a3426fa36057000c,60.14699,24.922,00000000a53ed894,12.69
226,2019-08-04T07:07:00Z,a87068e92922633a32a0c832d985001d1b325643649a5a6c7af6969b,60.149,24.9843,00000000fffb8cf0,23.56
227,2019-08-04T07:07:00Z,a9a37ac2877bf086a1013ff9239e5dce35b3a1a24c5ab9885666bc34,60.16762,24.95415,000000006b44cce7,9.12
228,2019-08-04T07:07:00Z,ac1fc7e34672dc2f0d7e4e573a38724ca7d207687ad85b54c5956fb8,60.1538,24.95595,0000000038bf9618,21.87
229,2019-08-04T07:07:00Z,accb7cd8852e1c838511db6dd333e28704951d80fcae985aa06efb2b,60.14699,24.922,00000000a53ed894,13.75
230,2019-08-04T07:07:00Z,aeda388d28ff0e511a7bbdc7daf4693982443985ed829bc986cb3cfb,60.18203,24.91341,00000000342570c2,25.36
231,2019-08-04T07:07:00Z,af85fcef7a9def15decbd57a54612a808c442f8c35876d81c4b5fa9a,60.16075,24.95883,00000000f1124bca,2.54
232,2019-08-04T07:07:00Z,afd62cbfce59139ded57a04ffa867d45ef83e1604553efb206caf6cf,60.14699,24.922,00000000a53ed894,14.89
233,2019-08-04T07:07:00Z,affb663b71a2b62d326913e2d551f9fdefdecec53e8ba970d6a32224,60.16829,24.94214,00000000afef4555,16.1
234,2019-08-04T07:07:00Z,b0f2b8979af544d55ef595d377f9acc6e8e5b0f2fc24530e34dbcb3a,60.16629,24.95957,00000000fb7600be,18.79
235,2019-08-04T07:07:00Z,b1d7901f31c357794721e1f7e39ea8c8bb45e9a9ed7a0abbbe3fa50f,60.16762,24.95415,000000006b44cce7,10.78
236,2019-08-04T07:07:00Z,b2228ad494d2c061ece7c4e1c46f2c3e9d1ac5927e543f900b225017,60.149,24.9843,00000000fffb8cf0,17.4
237,2019-08-04T07:07:00Z,b2b156fdba4f779071a5720244d152a8b4ef9b23a108f95a79e92252,60.16897,24.95222,00000000aa852af1,9.12
238,2019-08-04T07:07:00Z,b389798494d3f0996f72e997839bf23b84b2db7eea5446117d43a318,60.16448,24.97323,0000000053c6c2be,25.36
239,2019-08-04T07:07:00Z,b4b75ba76abddd45894590a588d1478ff5b8e18120094593cee1a393,60.16075,24.95883,00000000f1124bca,13.75
240,2019-08-04T07:07:00Z,b53b891fdb66f150bfc58ee19b4bcac9ae317ba36c231bf56d13068c,60.14699,24.922,00000000a53ed894,16.1
241,2019-08-04T07:07:00Z,b68c4f7e8b9c651e10e172670cf11761cf82b8f3e024ac563e4be92a,60.16762,24.95415,000000006b44cce7,27.28
242,2019-08-04T07:07:00Z,b6a7fde1021948d2f71d83040bc72844f9fe89ab93c02261d6f6f840,60.14699,24.922,00000000a53ed894,16.1
243,2019-08-04T07:07:00Z,b6fce1e035733a7e20865bca2186c7f689413f6e2fef3b2f73fd7536,60.14699,24.922,00000000a53ed894,25.36
244,2019-08-04T07:07:00Z,b743590fd0e66bc96d76326140ea1b61032e6f7d2f38cab54b60fa24,60.18203,24.91341,00000000342570c2,18.79
245,2019-08-04T07:07:00Z,b7b77c5c23668b8d6fc595a2f3058c092eceb999de107ef34040f4f1,60.16762,24.95415,000000006b44cce7,5.91
246,2019-08-04T07:07:00Z,b850e1a4c3cd985b5c1aff1391da55bdb360bd6c42144860f1d4fe65,60.149,24.9843,00000000fffb8cf0,4.5
247,2019-08-04T07:07:00Z,b888e4756defbadb679e388ab631a1cc3297525c9ca7537a342a128c,60.16762,24.95415,000000006b44cce7,17.4
248,2019-08-04T07:07:00Z,b8aa694816fdf50ae3134f033e8e408833d6d85a5d6ac9fc168067f9,60.16075,24.95883,00000000f1124bca,9.12
249,2019-08-04T07:07:00Z,b9246a45d78851f5530ab0bd97fc849dd750989a9211e9a3c312123d,60.16762,24.95415,000000006b44cce7,4.11
250,2019-08-04T07:07:00Z,b953b0fb0fe912c938e98aed4e807c90b22ff805627c426844c2a53c,60.17002,24.94407,000000006b087f40,17.4
251,2019-08-04T07:07:00Z,ba9a49116317730163c21cfb7f5cb2639dc71e06940a6cb3ba5f2e4e,60.16829,24.94214,00000000afef4555,18.79
252,2019-08-04T07:07:00Z,bad7e89177df3322155da3efdb883e4c96b66c1b4b8247f3f86d5cc4,60.14947,24.91438,000000004ef3150d,7.69
253,2019-08-04T07:07:00Z,bc07df8cc395f6f4f5d483b2233caca5f93a6918f346e4cc3702f8cc,60.16531,24.9442,00000000fdda10fe,6.46
254,2019-08-04T07:07:00Z,bcd3033280950689404c096a59051573f93a0cac0ebababaa1ca5cc2,60.16829,24.94214,00000000afef4555,25.36
255,2019-08-04T07:07:00Z,bf129639f5c58e7093e2f8108ccf1fac1f8545e844960825a3848d6f,60.16897,24.95222,00000000aa852af1,14.89
256,2019-08-04T07:07:00Z,bf726218dad658dfe448198749e1ef92ef60ae03650408e4876e2f7f,60.16897,24.95222,00000000aa852af1,21.87
257,2019-08-04T07:07:00Z,bf8c54a4dd78a826d5ff2580946f3c9fd3bb7e43fe32acda9b55da2b,60.14699,24.922,00000000a53ed894,11.7
258,2019-08-04T07:07:00Z,bfadae12cd2eca0b707293d3b97061e68b4cb683ea0ed90a5960f9f9,60.16897,24.95222,00000000aa852af1,20.28
259,2019-08-04T07:07:00Z,bfb13ead1c83b2f46d3d5c8d389b51d28573a330f62b90d3be3c999e,60.16075,24.95883,00000000f1124bca,23.56
260,2019-08-04T07:07:00Z,c329d98e773aeeece2cf7f272f906648507382070cce5b120e353c17,60.1638,24.96846,00000000d747f075,12.69
261,2019-08-04T07:07:00Z,c3a42aa6f3cdd524dd4f13931c0e4c40dcb9d0dde2369166f5b573cb,60.16544,24.95398,0000000038d83d41,25.36
262,2019-08-04T07:07:00Z,c417dd493f732cd2f40406a270cf272f8aab0add5425694741d51494,60.14699,24.922,00000000a53ed894,9.12
263,2019-08-04T07:07:00Z,c4679ea499f0a80cf6b9e3addfaf8bb30e13de20fdd3ae5eaca103f5,60.14699,24.922,00000000a53ed894,11.7
264,2019-08-04T07:07:00Z,c6599562c738481e83b967b78392b384b904b28fc7c4ac6a4e0db87d,60.1538,24.95595,0000000038bf9618,17.4
265,2019-08-04T07:07:00Z,c83aade5f75fbfa3a6a37002431305c20fedfc055d09dafbd42fce78,60.14699,24.922,00000000a53ed894,9.92
266,2019-08-04T07:07:00Z,c90cb6faf1d9f7cb28b5a3b0571f9902ae317013a31920ecf3fdb0b3,60.18203,24.91341,00000000342570c2,25.36
267,2019-08-04T07:07:00Z,c9ce14e0dbf0cf3c24f6a92a1930fa32de9a1de0ffe63082ccddb0d6,60.16448,24.97323,0000000053c6c2be,29.32
268,2019-08-04T07:07:00Z,cb81f4633ae94b1804dc5e16a87462aa5cd0612bb1c31c8d2033ceb3,60.16897,24.95222,00000000aa852af1,20.28
269,2019-08-04T07:07:00Z,cc2c5cfab0c83eea4c7583c064d641f1bccd184bb82181de8dce8563,60.18203,24.91341,00000000342570c2,20.28
270,2019-08-04T07:07:00Z,cc5cb279ff4ac2f13c8038568fb5170c96095b2582bfb101837532ff,60.17919,24.95181,000000007b5207b6,10.78
271,2019-08-04T07:07:00Z,cf61eea22419b220268da20414b7d75d656a87c7424080992fb27cb1,60.16829,24.94214,00000000afef4555,21.87
272,2019-08-04T07:07:00Z,cfa61ffbfbfadf3d1972da0dfc99f5ea1ab6422b05ecfa1fcd8e74f4,60.16629,24.95957,00000000fb7600be,20.28
273,2019-08-04T07:07:00Z,d190342e74fe21788ba341b85d34d343de785108602865c13f4fc54b,60.16544,24.95398,0000000038d83d41,12.69
274,2019-08-04T07:07:00Z,d1987f3d3ceba64231e1a7db25945dcd4e0273f70dcf8869e092995a,60.17918,24.95141,00000000675d5200,16.1
275,2019-08-04T07:07:00Z,d3af56669e0391217df2f2e4847730238fe741273b6543b4ce14afd2,60.16762,24.95415,000000006b44cce7,20.28
276,2019-08-04T07:07:00Z,d3e084ef038ca020a069c361b81d2496742387ebf247bbc81617e647,60.16629,24.95957,00000000fb7600be,21.87
277,2019-08-04T07:07:00Z,d5c86f1b829a9ea7ab9150a1a12fb709b0305837a614e11d3b6957b8,60.14699,24.922,00000000a53ed894,5.41
278,2019-08-04T07:07:00Z,d6254227af1089165299c2769e5ed1819d2d713af92741e3323be258,60.14699,24.922,00000000a53ed894,13.75
279,2019-08-04T07:07:00Z,d7ac7f64bd10119e8a4d9c70ef6c7fc341355147fed6b67684b10282,60.16897,24.95222,00000000aa852af1,23.56
280,2019-08-04T07:07:00Z,d7cd9fe27ab8264a9221de6576fbb919c6d4be26c0bed13b84232643,60.16762,24.95415,000000006b44cce7,2.8
281,2019-08-04T07:07:00Z,d864ffc11b5c431ddeab084c1fc2e7500097a9ce09780eccfcc222f1,60.14699,24.922,00000000a53ed894,18.79
282,2019-08-04T07:07:00Z,db703d96666754a5d51771e36c00cc5229f878d4c14671939524d8d5,60.16762,24.95415,000000006b44cce7,9.12
283,2019-08-04T07:07:00Z,dbf1c8a158dc9744d7b3e6e570178e45d0b3b45ae53ba77e1704cd9a,60.16629,24.95957,00000000fb7600be,17.4
284,2019-08-04T07:07:00Z,dc7fde16f7609d051b0e50e779774cacac1978c7429cf638a01e046d,60.16448,24.97323,0000000053c6c2be,23.56
285,2019-08-04T07:07:00Z,deba9f961051014c1fc13748e6c654ef076b3723e0ee4cda9d0f670e,60.16762,24.95415,000000006b44cce7,11.7
286,2019-08-04T07:07:00Z,df175a201d710d28b7f2d5f33dff17adef59fb5ef8ecefe2eb12e447,60.16897,24.95222,00000000aa852af1,9.92
287,2019-08-04T07:07:00Z,df8e5cc59ce5c6029208b367206b81c6f5f64b7b4437e3b4431fd02b,60.16897,24.95222,00000000aa852af1,21.87
288,2019-08-04T07:07:00Z,e0296609d9dd663b30ff37dcd8caa7bda5098f70db4da89cc3c3c0cb,60.14699,24.922,00000000a53ed894,4.94
289,2019-08-04T07:07:00Z,e44383f65a392b894a5b4b8eeb9d9b8bea0ac95755a5bbe63dd38c28,60.17918,24.95141,00000000675d5200,3.74
290,2019-08-04T07:07:00Z,e5711826c000181701b9ea893d9f9695fe7e64a47357f386b2ff2bb3,60.18203,24.91341,00000000342570c2,29.32
291,2019-08-04T07:07:00Z,e5fa7d4fedfeb428a60f8a67e4cf1784c61bbace628329e0a1dc8741,60.17918,24.95141,00000000675d5200,10.78
292,2019-08-04T07:07:00Z,e8ca0c1b84c2822e3d206474ea16da5c72713353641cdd18f65b37b3,60.16897,24.95222,00000000aa852af1,21.87
293,2019-08-04T07:07:00Z,e9bf1a9b990f4a8b455e0a4281036792330fae25e0a41de0198c638a,60.16075,24.95883,00000000f1124bca,4.11
294,2019-08-04T07:07:00Z,ea58b0adb1a0cef8a97fb14d4b44c19378b9a47ec3dfc551ed302dd6,60.14947,24.91438,000000004ef3150d,11.7
295,2019-08-04T07:07:00Z,ea846d9c7c332be04260889176f2564f5e5caa55538faa188d3f0ceb,60.16762,24.95415,000000006b44cce7,1.12
296,2019-08-04T07:07:00Z,eb6892f417e952f989c094137c3e1dba59884a6fa4214c62124b049f,60.18203,24.91341,00000000342570c2,7.69
297,2019-08-04T07:07:00Z,eba943ebe91a39ad88b474e6170b16e7420509821fc58c211db771a3,60.14699,24.922,00000000a53ed894,2.08
298,2019-08-04T07:07:00Z,ec6143b765ae4c00e176ed321906a122fa7a8b10e5e8c1a02930df0a,60.16897,24.95222,00000000aa852af1,16.1
299,2019-08-04T07:07:00Z,ee292833d605d1f3598ef14e4d48ff6fb65dad6bf2cb1aaa7d9c025e,60.149,24.9843,00000000fffb8cf0,16.1
300,2019-08-04T07:07:00Z,ef6713378845256805ed4ac5be3c3418da8d0967891c2266656da730,60.14699,24.922,00000000a53ed894,13.75
301,2019-08-04T07:07:00Z,efdae15cc10476ee1a7021c5f7d03cbd9fb59d6ed1fd60eb0f12d49d,60.16897,24.95222,00000000aa852af1,8.38
302,2019-08-04T07:07:00Z,f132eede75d645f30c07739e2e6217fb5392fc425c4dbbfc3021f2a9,60.16897,24.95222,00000000aa852af1,18.79
303,2019-08-04T07:07:00Z,f1b5018a8b9d8d22a7060c771663ccfd70177c37ea376feb0a99faf4,60.16829,24.94214,00000000afef4555,29.32
304,2019-08-04T07:07:00Z,f2a1fcaee4d6d051b2d222ec4d7c63076f545f8b2a2025f797b30433,60.16829,24.94214,00000000afef4555,11.7
305,2019-08-04T07:07:00Z,f330c882b0c187dfcb87308d2e3bdb510769bca80e916ad0d0710e4f,60.16829,24.94214,00000000afef4555,25.36
306,2019-08-04T07:07:00Z,f38f7704ec529381daaa1115a902de5ab942addf627e0e0d017f7cc5,60.14699,24.922,00000000a53ed894,6.46
307,2019-08-04T07:07:00Z,f475f3f0c51487c6b67b7387c1c81b1f545943ae752de1a9286e8935,60.1638,24.96846,00000000d747f075,25.36
308,2019-08-04T07:07:00Z,f4c8131a080edd54239f55d537075eab4f56e39cb0e9ee7a333baa49,60.14699,24.922,00000000a53ed894,13.75
309,2019-08-04T07:07:00Z,f60a97207a4c37cb581b24b796eb50441833ab8918a50249ddf9465c,60.16897,24.95222,00000000aa852af1,9.92
310,2019-08-04T07:07:00Z,f6221c2470f91bace67b3842f25ce216caec09f80ecf1da5ceb675ad,60.16762,24.95415,000000006b44cce7,14.89
311,2019-08-04T07:07:00Z,f632b4d21e5f551949e83975fdec61f67520389e24fccb62afebc2d0,60.16829,24.94214,00000000afef4555,23.56
312,2019-08-04T07:07:00Z,f69d8b06e3145ee5e24290009fd018742962ce7cadd00deef2ecb160,60.16629,24.95957,00000000fb7600be,13.75
313,2019-08-04T07:07:00Z,f74af1cd7a5c6bcdea1ff50ee4a5dab139ee31ed581277b24f124d59,60.14699,24.922,00000000a53ed894,14.89
314,2019-08-04T07:07:00Z,f81aa9aff1dcabc7ba72dad2304edc16e556ee4424b3a544e6dc117c,60.16762,24.95415,000000006b44cce7,7.69
315,2019-08-04T07:07:00Z,f8ba3e263b0a6c651df27dcf4b374eb3f747b5991c4aa5788e86b7d9,60.16762,24.95415,000000006b44cce7,9.92
316,2019-08-04T07:07:00Z,f9399339c3de44774896319d3f291771cebcaf2666df1d6062469882,60.16531,24.9442,00000000fdda10fe,36.27
317,2019-08-04T07:07:00Z,f95d27e7233649a14b0f4387343c78463122348b49ced7b0766ae95d,60.16075,24.95883,00000000f1124bca,29.32
318,2019-08-04T07:07:00Z,f9ee33a72c1b87ed1c330787d4d6214b223e75071a81b55062efe924,60.14699,24.922,00000000a53ed894,16.1
319,2019-08-04T07:07:00Z,fa9c66bc8bd71a5a6bb084117dd365ddfcdfaa175cdbc30f2e11e9b2,60.16075,24.95883,00000000f1124bca,9.92
320,2019-08-04T07:07:00Z,fb49009f646665bd6dab8c16dd7fbd6bad02276044043f8b77fc3e06,60.14699,24.922,00000000a53ed894,7.69
321,2019-08-04T07:07:00Z,fc7ebaee16589ab7b59b06b4ddf8e691e0e7089366bce65cec024705,60.149,24.9843,00000000fffb8cf0,16.1
322,2019-08-04T07:07:00Z,fc93f21f6e1672dca5b7e14a92ac546c90e7101ad7283430a3779f95,60.16762,24.95415,000000006b44cce7,11.7
323,2019-08-04T07:07:00Z,fdb138d34f50bf8c84c86e8ca6ca7f3e5dec1bf12588de6a009907ef,60.16075,24.95883,00000000f1124bca,21.87
324,2019-08-04T07:07:00Z,fdf77edfb048779c946e6523bb2b9cdb8a3eaf85b15c2c88d89ad0b3,60.16897,24.95222,00000000aa852af1,9.92
325,2019-08-04T07:07:00Z,fe0224689950a5b8d75d0e8f53858e32753abc8c4b1acf4a147a1bf1,60.16762,24.95415,000000006b44cce7,18.79
326,2019-08-04T07:07:00Z,fecf016cfd86b77cb2dde44b90c4584b736d381d1150b2b72d87afe5,60.16448,24.97323,0000000053c6c2be,23.56
327,2019-08-04T07:07:00Z,ff0b7b7bbb65d0313735140a3a86f5f123eda3fb281f9b4499a85a8c,60.17918,24.95141,00000000675d5200,9.12
