,time,hash,latitude,longitude,serial,distance
0,2019-08-01T12:06:00Z,0fff89885f08417f20aadfdbf62a372277e9085bcd024374b772ecac,60.16531,24.9442,00000000fdda10fe,23.56
1,2019-08-01T12:06:00Z,144afc51fc2443c7031a2912566eff2ce60226a49d6d2bd7c2923700,60.16544,24.95398,0000000038d83d41,12.69
2,2019-08-01T12:06:00Z,14c7e1511b70f4dd3359cbece1377aebb4d70531f5489eefe53d7c3c,60.16544,24.95398,0000000038d83d41,33.81
3,2019-08-01T12:06:00Z,24d2f2ddd119efcb13abb0ab2cb53850e9788b6713967ccca4d6e071,60.16897,24.95222,00000000aa852af1,20.28
4,2019-08-01T12:06:00Z,297c725b456ef12d2712634b21546721cbe93224d3a5762d897404f2,60.16762,24.95415,000000006b44cce7,23.56
5,2019-08-01T12:06:00Z,2a633baacf4589235f2e77c9c7d84e1cd14248eb4b9e336ce1d3ba43,60.16897,24.95222,00000000aa852af1,27.28
6,2019-08-01T12:06:00Z,2a93b61a3863ace54349d7a0937e4134fcc6d4dfcf064eefae2b7cf8,60.15432,24.9211,0000000019fb59c4,18.79
7,2019-08-01T12:06:00Z,2cbdb709bb456bc8bca60a86bfa0fd9e979051582401008738e2db26,60.16897,24.95222,00000000aa852af1,25.36
8,2019-08-01T12:06:00Z,2efd972897e318100638d8474e49f7d4cbfb4d97c6ee232a20a417e2,60.16897,24.95222,00000000aa852af1,20.28
9,2019-08-01T12:06:00Z,4c90d667a8bf7ea1281fcb14f35adcd1497fb1ba95366b82b4b1d737,60.16629,24.95957,00000000fb7600be,18.79
10,2019-08-01T12:06:00Z,50b1c5e0a9cfb6c07854609807fcc4830d3fca43e65cfb6e8a049532,60.16531,24.9442,00000000fdda10fe,47.69
11,2019-08-01T12:06:00Z,53dbe255fea37f5090b8b35afdd743747b903c68c20ae4df0817b98c,60.1538,24.95595,0000000038bf9618,23.56
12,2019-08-01T12:06:00Z,550534e45b2c130b5fe0c57978a29a8efc3d42d657bdffc49469b85b,60.173,24.92524,0000000096918cfa,9.12
13,2019-08-01T12:06:00Z,5d65719c4cbf045f068d084b72302f447d5fd034413d97d13be00d0e,60.18203,24.91341,00000000342570c2,21.87
14,2019-08-01T12:06:00Z,61c3eee1bc43560a5b12d8da0e036ca91393ddc85e0d2d2a38cbf527,60.16762,24.95415,000000006b44cce7,12.69
15,2019-08-01T12:06:00Z,62ba3ea518b5e78749f37fcd40a3f18f8059689f1df2d876536785b8,60.17065,24.93641,000000000f4919c9,29.32
16,2019-08-01T12:06:00Z,660c668edc3b239e521fc8d85ca6f442cec48702a08567ecb7f863d0,60.18203,24.91341,00000000342570c2,20.28
17,2019-08-01T12:06:00Z,6a657079c1bdc8114c289be1ddd83e5846d4279a920d1697b8ff0033,60.18203,24.91341,00000000342570c2,20.28
18,2019-08-01T12:06:00Z,6bc838096806d076bb45cfa041f4e6696c7a32170556ae75888c7fff,60.16531,24.9442,00000000fdda10fe,25.36
19,2019-08-01T12:06:00Z,6d22b751ff5173035dc85c52c3dff0780126adae67fe33dc62dd45ef,60.16531,24.9442,00000000fdda10fe,23.56
20,2019-08-01T12:06:00Z,719ee50f5fc38afcab4d32cf0c20fb7cdc801b44803e56c17e227cfe,60.16829,24.94214,00000000afef4555,17.4
21,2019-08-01T12:06:00Z,76c7f42283513d0e289bf786d89463b5025b2ae0f4e13519a4cf228b,60.15432,24.9211,0000000019fb59c4,11.7
22,2019-08-01T12:06:00Z,78d5f60b36b59c06c3988b94e11744bb3aed5dcbc214f91f228bf892,60.16448,24.97323,0000000053c6c2be,27.28
23,2019-08-01T12:06:00Z,81a4986dfaad24ef59c0c8c5c6613c46bc95633fd499fd66abd71bf5,60.173,24.92524,0000000096918cfa,21.87
24,2019-08-01T12:06:00Z,8412b74b4bc1fab0813c0edb056928e3778209d54ebceaa2b90f8e75,60.16075,24.95883,00000000f1124bca,9.92
25,2019-08-01T12:06:00Z,84b0c61d1c0e28c01937a2e690a3288f5b2bf945fc421983947cfa35,60.17918,24.95141,00000000675d5200,29.32
26,2019-08-01T12:06:00Z,87dfaad29a9276ddddb1fa021d3bc23ad14824c1af16f7d87e713689,60.14951,24.92138,0000000006dd41f6,12.69
27,2019-08-01T12:06:00Z,8ba5cfdde5ffd2bf602a3b2eb6b759777f2a9c5f63ecf1871f76cbde,60.17919,24.95181,000000007b5207b6,4.94
28,2019-08-01T12:06:00Z,8c75c3289c84fe4493e1e272a77b615fe1985880c5dc68a7c1a17b53,60.16762,24.95415,000000006b44cce7,16.1
29,2019-08-01T12:06:00Z,8c8ba5480ccea760e503f6c864e04b5036a860a883369aac89169e6d,60.16829,24.94214,00000000afef4555,17.4
30,2019-08-01T12:06:00Z,8cc6ddaa460aeae8cc9e8a33f91a01c8cd4c0c8bf8a943210a28c84d,60.1538,24.95595,0000000038bf9618,23.56
31,2019-08-01T12:06:00Z,9843c6216661048343a0e49cf3d8aa2883cf77f452666a1c873a1052,60.16448,24.97323,0000000053c6c2be,9.92
32,2019-08-01T12:06:00Z,9d03d14afa49576281aa26db60e517f7c1ec8aa36f7756959a860a8a,60.16629,24.95957,00000000fb7600be,13.75
33,2019-08-01T12:06:00Z,a14995de8d7238548ad864b3af34ee5e2003a3e4df9d516744be66a9,60.16544,24.95398,0000000038d83d41,27.28
34,2019-08-01T12:06:00Z,a91d379a4b57c5df22db0d7a041ff69f657b4b31f28554b1011fc03c,60.16544,24.95398,0000000038d83d41,27.28
35,2019-08-01T12:06:00Z,a9da1ee82e3b670e276c26b483dd50f4a6d0c6f77ef82245d3ae6086,60.18203,24.91341,00000000342570c2,14.89
36,2019-08-01T12:06:00Z,b5fd6b317890e5ab2d79e2cd1abe61626d45a753c7337d0d40728898,60.16762,24.95415,000000006b44cce7,8.38
37,2019-08-01T12:06:00Z,c0a315976f3d77e96da0c030e9c860cae4af809d4096127e5c195247,60.15432,24.9211,0000000019fb59c4,16.1
38,2019-08-01T12:06:00Z,c13fecdae771ff79ec6d69d2ab671365c470b1ce294ffa25b12356e8,60.16897,24.95222,00000000aa852af1,21.87
39,2019-08-01T12:06:00Z,cf05623e4d87ce0906c0b0b7dbf53aacc1228016cd27c341228b6e76,60.18203,24.91341,00000000342570c2,20.28
40,2019-08-01T12:06:00Z,d045caa141ceb2011126335c8c211a2284db043f4ae273ba22e6cc81,60.16075,24.95883,00000000f1124bca,20.28
41,2019-08-01T12:06:00Z,dd2c9c82cf3737146294aff6f814a1349fb0bc4bedf518715dacbe8f,60.18203,24.91341,00000000342570c2,16.1
42,2019-08-01T12:06:00Z,ddc67f72e5e8f9a7d6b2da1da84e1837810b48e399bfa77518b37226,60.16531,24.9442,00000000fdda10fe,27.28
43,2019-08-01T12:06:00Z,e7f91f8b1557441bc625c36c5625c9f9e896ff4471614d559a491517,60.17002,24.94407,000000006b087f40,9.92
44,2019-08-01T12:06:00Z,f0658ab84466fd2b70b305787976c9cc96062ec03a830710452e9a77,60.16544,24.95398,0000000038d83d41,11.7
45,2019-08-01T12:06:00Z,fc4f3a44235f1cfc7b53f14ba2da599976a5a0a220d23b852688e485,60.17918,24.95141,00000000675d5200,18.79
46,2019-08-01T12:06:00Z,fcd8e6daead07f6e92195c616261a6f9dd5118f14f69a19d27fe8a3c,60.17002,24.94407,000000006b087f40,13.75
47,2019-08-01T12:06:00Z,00cecf7dcc46823d45ea3455f14370dcf5fb67b0e71b193d967d7869,60.17002,24.94407,000000006b087f40,3.4
48,2019-08-01T12:06:00Z,012847ddea25766b67cc4d78a2493ff67ae97204cfd0efbd5d6cea08,60.173,24.92524,0000000096918cfa,29.32
49,2019-08-01T12:06:00Z,022b3ba5bc3ab4f355893b127d9ddec0aa832b71d573da31287fbd88,60.173,24.92524,0000000096918cfa,20.28
50,2019-08-01T12:06:00Z,039d2fbecd1c794b3775686d5829452184f96e360e87705fabd34dce,60.17918,24.95141,00000000675d5200,9.92
51,2019-08-01T12:06:00Z,043dccd76de4c8e9b16652c922767de1d8bb7d5461b09c9fd3b7203c,60.16544,24.95398,0000000038d83d41,21.87
52,2019-08-01T12:06:00Z,05988e95d4dd51129d02e6fcf4d82b6d710bd540971c18af1fd58b26,60.17002,24.94407,000000006b087f40,20.28
53,2019-08-01T12:06:00Z,0700f38e751350f615b56c19e6c6edb0a02c0dd9c673d7d54f789f21,60.16762,24.95415,000000006b44cce7,7.05
54,2019-08-01T12:06:00Z,0743bb2655a229082f022f3fb871aea933c39a849cac73148e4a8dd2,60.16531,24.9442,00000000fdda10fe,12.69
55,2019-08-01T12:06:00Z,0817b93de9d99dcbc9c9dfb79eb4af7f7f7e36c8bd34b48b7071258a,60.16075,24.95883,00000000f1124bca,4.5
56,2019-08-01T12:06:00Z,0dcf870569c58e57824672847a4628d3b60633aff8ce9d7874e49290,60.16762,24.95415,000000006b44cce7,14.89
57,2019-08-01T12:06:00Z,0e6acd67fb86627199c32b93b8edab4c2ff34480a1988188a5c52f1b,60.16829,24.94214,00000000afef4555,14.89
58,2019-08-01T12:06:00Z,0ecbf9e90e0003693b2c76f4ec6549a604b6b1b8b2db947d76f5d535,60.16762,24.95415,000000006b44cce7,13.75
59,2019-08-01T12:06:00Z,0f82e31c458cec0fd7370d093ac40332c622d45ad3b9fefa53420bae,60.16762,24.95415,000000006b44cce7,20.28
60,2019-08-01T12:06:00Z,10a4bf8efc1112cedea6b0d24dc1c3d6d41cd8995a5763854066ea7d,60.16075,24.95883,00000000f1124bca,13.75
61,2019-08-01T12:06:00Z,10ffea5ccc1257cf06505385a1deb864913cca732dffb034deb84175,60.16829,24.94214,00000000afef4555,17.4
62,2019-08-01T12:06:00Z,1125459f23ec0792e605b7426595f3a6007a1caf356e92dc34fde22d,60.16762,24.95415,000000006b44cce7,14.89
63,2019-08-01T12:06:00Z,115f1201f98181cfffcf21d011fe2327f800afb03ed8342cdc496ba6,60.1538,24.95595,0000000038bf9618,36.27
64,2019-08-01T12:06:00Z,12301f75db0483745a72247533877ea48f658264f6a5b3b15921de26,60.16075,24.95883,00000000f1124bca,5.41
65,2019-08-01T12:06:00Z,123c54ff6a65297fe8a960d490549fb531e39110785309dd4af7f4b6,60.17065,24.93641,000000000f4919c9,27.28
66,2019-08-01T12:06:00Z,1266659b9b4daa5eeec9a9ec6cb8b64efe6239ee6afad54c01d9e634,60.17918,24.95141,00000000675d5200,12.69
67,2019-08-01T12:06:00Z,12e0321c4a5c601f8fcbc192deef88ba140a04f5bc7ff10a0dfc669b,60.16075,24.95883,00000000f1124bca,7.69
68,2019-08-01T12:06:00Z,14883d9f391444715a1300666c21e52728f4beabd54cab3a5f8f4740,60.16762,24.95415,000000006b44cce7,6.46
69,2019-08-01T12:06:00Z,160af513aae7f9f4b7cbf8428260d9334dc15288505bc4345a796316,60.16897,24.95222,00000000aa852af1,9.92
70,2019-08-01T12:06:00Z,16a14f4de367750e5ceed7b18fdc55fcb4dbf23864215ac26311acc0,60.16829,24.94214,00000000afef4555,9.12
71,2019-08-01T12:06:00Z,181c7fa4fa7f693149ca81e1c57fbba459a8fc98325bc29dbb5c53b4,60.17065,24.93641,000000000f4919c9,9.92
72,2019-08-01T12:06:00Z,18aeda083f1988086306403dbaa0ec183dd6a01a5c1f22ca736668f5,60.17918,24.95141,00000000675d5200,10.78
73,2019-08-01T12:06:00Z,1d7b6a0822512c848b36ba097d2aebc370407a227dedcccdb8cb2ffc,60.16531,24.9442,00000000fdda10fe,4.11
74,2019-08-01T12:06:00Z,1e5f5ae27144aedfc646165be45e43549b94ea0796bfee9128d580ca,60.16762,24.95415,000000006b44cce7,16.1
75,2019-08-01T12:06:00Z,1ecbc7c6afe89033252e5510cbb893666af2b3bc29f555a3a6287fdb,60.14951,24.92138,0000000006dd41f6,4.94
76,2019-08-01T12:06:00Z,1ef62418f7ac7505c22760827c5b2fa7f8f55670afdd5871e8c11fa8,60.16897,24.95222,00000000aa852af1,20.28
77,2019-08-01T12:06:00Z,1f64008d96bdcc767a41891785a273ed5b5d95d231895c1225d7a2d6,60.17065,24.93641,000000000f4919c9,25.36
78,2019-08-01T12:06:00Z,1f741d4bb08a2d703dced6219a74c177f5a87b3cc53406bba148ecc9,60.16629,24.95957,00000000fb7600be,12.69
79,2019-08-01T12:06:00Z,22abf3c7631e54c63714eee48e2a2b39093eb563b74669620b8f6a59,60.16629,24.95957,00000000fb7600be,18.79
80,2019-08-01T12:06:00Z,23747f25cfc5e8a9a11c25ffde7266293322ed9ec0279d829487eda5,60.1538,24.95595,0000000038bf9618,25.36
81,2019-08-01T12:06:00Z,246e8d9b776da6e72e76c63e9a6e8f169ae9a85b2b9e688c05f7567f,60.14947,24.91438,000000004ef3150d,23.56
82,2019-08-01T12:06:00Z,247f92b85eb57f88e2441617250d4e0e0a641c3ff0f34557a2200caa,60.16829,24.94214,00000000afef4555,18.79
83,2019-08-01T12:06:00Z,25056640012110568314b1aae089972a555ca54ee775fd69d7ad735a,60.16829,24.94214,00000000afef4555,21.87
84,2019-08-01T12:06:00Z,25bd44b06b2cedf03dfe76c5120748c99701b1c0fc66df276e25c6a1,60.17002,24.94407,000000006b087f40,20.28
85,2019-08-01T12:06:00Z,25d98141134dfbfb1ff53283f373674d22a7fe612e31a8c347f928b6,60.17002,24.94407,000000006b087f40,18.79
86,2019-08-01T12:06:00Z,26d4b4a21d16154f826e3fbd6277df16a5f58ebf58beed7459a930df,60.16629,24.95957,00000000fb7600be,18.79
87,2019-08-01T12:06:00Z,29f3450c482245f3be2181296b96711fd46cb9fb09c0867b964841f1,60.17918,24.95141,00000000675d5200,1.7
88,2019-08-01T12:06:00Z,2bcc008c769d26e62595f2def5544c0123bdeb8925d0e3217fa60319,60.16762,24.95415,000000006b44cce7,11.7
89,2019-08-01T12:06:00Z,2c3efe672d1351a975c069c5b81a00d537e9774aa8249b625626910c,60.16075,24.95883,00000000f1124bca,17.4
90,2019-08-01T12:06:00Z,2c8ac8ee1798effae61c470dd5b564772bf6514bcd58b2021892f0fa,60.16075,24.95883,00000000f1124bca,5.41
91,2019-08-01T12:06:00Z,2cabee68c8e7d6b9a4702e535b39343e17129fb1c692beaea869e8f5,60.16897,24.95222,00000000aa852af1,17.4
92,2019-08-01T12:06:00Z,2da14567b3fab34b918141962feba30fdb8fb1a5fefa1f2b7fe4a712,60.17065,24.93641,000000000f4919c9,16.1
93,2019-08-01T12:06:00Z,2dc1d06e498c59efa87c8929b8b9945ca73da252cd97d96da27aba64,60.16629,24.95957,00000000fb7600be,9.92
94,2019-08-01T12:06:00Z,2de9cbb2b082097ece40704680dc4302641a1a351fe6bbf70cbe947f,60.149,24.9843,00000000fffb8cf0,10.78
95,2019-08-01T12:06:00Z,2fc068ba4acfdff4cc4338e5aad0d17439ad6f6b1925819a6b279a4c,60.16629,24.95957,00000000fb7600be,18.79
96,2019-08-01T12:06:00Z,30fde4fbc908b3e2830bcef5b7d84a132cd21e3c61c67f32cd96c204,60.16829,24.94214,00000000afef4555,23.56
97,2019-08-01T12:06:00Z,3168abe2a843a62d369e09e8682e764176b1af7918bac629ec2647e0,60.14951,24.92138,0000000006dd41f6,21.87
98,2019-08-01T12:06:00Z,3171615eed2f0fc432cd35403bc6c2ab72e43ebffe0f045b73a5625e,60.16829,24.94214,00000000afef4555,13.75
99,2019-08-01T12:06:00Z,31bab851371a5e31f44996f2ac97d95768b4e54a1a6c70aac1b80cda,60.173,24.92524,0000000096918cfa,25.36
100,2019-08-01T12:06:00Z,325d82788610f52eae56f0843ef40b0f258659ed328ef4801063bb32,60.16075,24.95883,00000000f1124bca,13.75
101,2019-08-01T12:06:00Z,32aa7dcba7c20db6e44b6348eaae733225133050bc6831498213e2c8,60.149,24.9843,00000000fffb8cf0,6.46
102,2019-08-01T12:06:00Z,336a7e78d12e188027adb5f181b8bf0c306640743df45bae66acc669,60.16629,24.95957,00000000fb7600be,11.7
103,2019-08-01T12:06:00Z,33858b15e2e7edd6659226c0300c8747e76921866df1a8dbbed0761d,60.16629,24.95957,00000000fb7600be,20.28
104,2019-08-01T12:06:00Z,34d03b05c53ef10a6013b24d430af3e62d8ff417bd49351c0819dba8,60.16762,24.95415,000000006b44cce7,3.4
105,2019-08-01T12:06:00Z,35a2031f5f17b5bb23dc611cac12650cc868bd9967e3e2d0064d405c,60.16448,24.97323,0000000053c6c2be,20.28
106,2019-08-01T12:06:00Z,365f8e24253e12754996923698946d17ef77ebb5f8174f8644d290b6,60.14947,24.91438,000000004ef3150d,16.1
107,2019-08-01T12:06:00Z,36835c324d6c0cacd67744c2e4a3f3ce39fa1c28658bde3da068e02d,60.16544,24.95398,0000000038d83d41,18.79
108,2019-08-01T12:06:00Z,36fec5702b9a7144085e9d63c7e58e152172162bddfb08140c82fa98,60.16075,24.95883,00000000f1124bca,11.7
109,2019-08-01T12:06:00Z,3768569158b46146b970062c5572f03a8cebe9b6b6f17991c987d912,60.17002,24.94407,000000006b087f40,20.28
110,2019-08-01T12:06:00Z,397f0d0ca63167f07fbb50a53b431cd8967143691d252ea1dcbb673c,60.16897,24.95222,00000000aa852af1,14.89
111,2019-08-01T12:06:00Z,39915cc482dbee06f168218153c99fd87ac8d620d02c0ad17c940033,60.16544,24.95398,0000000038d83d41,29.32
112,2019-08-01T12:06:00Z,3a39144b14fc0e4620a4fe9bb12d58f37d455b09d699d3281c994ace,60.16897,24.95222,00000000aa852af1,18.79
113,2019-08-01T12:06:00Z,3a4eddd33b20f384fee55f84965561799747fc5ec7275c158389f0c8,60.16897,24.95222,00000000aa852af1,16.1
114,2019-08-01T12:06:00Z,3a8c55bcb70d0d8785ab1b3b3e7fd811f765f12b4ca94574922542c8,60.16897,24.95222,00000000aa852af1,8.38
115,2019-08-01T12:06:00Z,3b48796ef6dc89a3a5451dd80ceef43637e1f2abc3371c678cb7377f,60.17918,24.95141,00000000675d5200,2.3
116,2019-08-01T12:06:00Z,3baabd5c94c34ea13734bf764fc9c0ae3da4840d3ad777ae03321e6b,60.16762,24.95415,000000006b44cce7,1.7
117,2019-08-01T12:06:00Z,3bd89badfe5933ee6c7b83b3e557c4b386862ea7e81e2e2cf3268af2,60.16829,24.94214,00000000afef4555,23.56
118,2019-08-01T12:06:00Z,3e3ca03a2f1e64292ba7254c92726980a23be85e8e096f7b62815805,60.17918,24.95141,00000000675d5200,17.4
119,2019-08-01T12:06:00Z,407bfa96eaabf88748df164375ef1128fb299d8a08a9f4b648aa3907,60.16829,24.94214,00000000afef4555,3.74
120,2019-08-01T12:06:00Z,407f1400f590222aec2c74851c59d0fab119f01e25f32fbae44eb993,60.16829,24.94214,00000000afef4555,0.59
121,2019-08-01T12:06:00Z,413f98a575c4c30df01e370874903e39f9236f2d9f5bc784df648dc9,60.17918,24.95141,00000000675d5200,23.56
122,2019-08-01T12:06:00Z,4250be7b81077c58ded36279dd63f2e780de8f79a065138c6f354bf3,60.16531,24.9442,00000000fdda10fe,2.8
123,2019-08-01T12:06:00Z,42844e90c7134ebb3ec325f57cd27cd24711c779548ebc8692a820d5,60.14951,24.92138,0000000006dd41f6,3.4
124,2019-08-01T12:06:00Z,432422e7250b02abdbb6732fbb2041f54bfb7c9557bcef095ace74bb,60.16829,24.94214,00000000afef4555,9.92
125,2019-08-01T12:06:00Z,4339794dfdc9ecbbef4d609b1dfd5dc00556ae501c66758ac32c4a0c,60.16075,24.95883,00000000f1124bca,18.79
126,2019-08-01T12:06:00Z,439d50acd8a8c6e5fb07462972713aa40aa3735e4ea03fe0cecac719,60.14947,24.91438,000000004ef3150d,12.69
127,2019-08-01T12:06:00Z,454098c9338d1ff81513e088ce8131a9bbe7a004afcbfe0113a5800f,60.17002,24.94407,000000006b087f40,25.36
128,2019-08-01T12:06:00Z,4582102bf4efb32508af491588263b55fd8ea293f8ebb2b6649d3996,60.16075,24.95883,00000000f1124bca,3.74
129,2019-08-01T12:06:00Z,4702ebb874772562347b72bfc3b7a54a9739c1c72c08a3e87748f1d6,60.16762,24.95415,000000006b44cce7,14.89
130,2019-08-01T12:06:00Z,47678f965e597a226d1e47a77f22aa6a1065e5373ead54159fdf5482,60.16531,24.9442,00000000fdda10fe,27.28
131,2019-08-01T12:06:00Z,49b9fd7be5e17a5056ee2d377fb8eb89b277ae199eb965374a1d01ab,60.17918,24.95141,00000000675d5200,11.7
132,2019-08-01T12:06:00Z,4aa69863c384fd305d74909683ac66f5a11ad8a890c9770ec8a267ee,60.16897,24.95222,00000000aa852af1,11.7
133,2019-08-01T12:06:00Z,4b2032b1aff78dbdd06ef500d8091c9e51eceb3571c3344f119c35a9,60.16544,24.95398,0000000038d83d41,29.32
134,2019-08-01T12:06:00Z,4bf1a968c24a8dd912e1b833defe35a9c28c7ef135e33b0e3d7d4393,60.16829,24.94214,00000000afef4555,20.28
135,2019-08-01T12:06:00Z,4c13109287791d868e0c42c252bc4f445f061d28a565a3bbcd742b9e,60.16829,24.94214,00000000afef4555,11.7
136,2019-08-01T12:06:00Z,4c7be96e90f5aa31b0c9bf07d879fbdaacce0e099dde4a10fc843ba1,60.16829,24.94214,00000000afef4555,23.56
137,2019-08-01T12:06:00Z,4daa4f7292ab15dfb820a7a0573a07d440c435ca9a5e11b751bc0c35,60.17065,24.93641,000000000f4919c9,9.12
138,2019-08-01T12:06:00Z,4ed9f2c206828ff35d9193db1c0bfa59223cc227e0ca78a633a37148,60.16897,24.95222,00000000aa852af1,16.1
139,2019-08-01T12:06:00Z,4eddc8cc484d71ccfdab79a38fb3d547418c12fd3c9391f28dac0853,60.16762,24.95415,000000006b44cce7,3.74
140,2019-08-01T12:06:00Z,50bbdb652dea6aaa554ea5e09ce0ccdb1a20047c2988754de2cea522,60.16829,24.94214,00000000afef4555,8.38
141,2019-08-01T12:06:00Z,51a6977650df455297845c93faf2f86de3e21bd43e26c4a0c4829093,60.16897,24.95222,00000000aa852af1,17.4
142,2019-08-01T12:06:00Z,526c71bee5fc46f68273357786af332598b61865b6295710a61392b6,60.16629,24.95957,00000000fb7600be,21.87
143,2019-08-01T12:06:00Z,5340c8353afcbca262e4914cf48d420a7ccff14e0b4aa0829bab2c3f,60.17002,24.94407,000000006b087f40,25.36
144,2019-08-01T12:06:00Z,5477d8c9aaf8f55df1b54b7cf766e2384aa2844d1398442b5997e594,60.16544,24.95398,0000000038d83d41,25.36
145,2019-08-01T12:06:00Z,54a661d90ad90e9c43f28b5cc5e104e9a3eeaabb0667bb3166e35e83,60.16075,24.95883,00000000f1124bca,18.79
146,2019-08-01T12:06:00Z,54aec80f83440c64d4d326b4e132046c74f1427fff9bbbb689026132,60.16762,24.95415,000000006b44cce7,13.75
147,2019-08-01T12:06:00Z,54f437c38e6b9613740fcaed5f3aa68515ab32ea95f3dec289e93de5,60.149,24.9843,00000000fffb8cf0,27.28
148,2019-08-01T12:06:00Z,56761a6baece2eb48541b3ba5c3742a7c59b75678c84e34f0ecb90e4,60.16897,24.95222,00000000aa852af1,14.89
149,2019-08-01T12:06:00Z,57b5b89004c8c035f7dd79f9913e673886cf691386e74ec9da2d0769,60.16829,24.94214,00000000afef4555,21.87
150,2019-08-01T12:06:00Z,58118e70f36105420883a95dd64e7d399dfc56248fbfc3b01c867852,60.16829,24.94214,00000000afef4555,7.69
151,2019-08-01T12:06:00Z,58aa6a391a61460b1bc0d5805c5bef3516cf5f66dc0f680e78ad35df,60.149,24.9843,00000000fffb8cf0,3.09
152,2019-08-01T12:06:00Z,58c29504b4d45649fdac123e118ec818042d3ebd400d26a02ee28ca5,60.1538,24.95595,0000000038bf9618,16.1
153,2019-08-01T12:06:00Z,58c88bb9de9bca5f85bea77e166b49a9dd401118f1497530f41aa26a,60.16897,24.95222,00000000aa852af1,7.05
154,2019-08-01T12:06:00Z,5a4d78b6d7418a0dc7387b93d636aebf288f9fdc4a59a46d8a1ead99,60.14947,24.91438,000000004ef3150d,8.38
155,2019-08-01T12:06:00Z,5af280c6994c089d639b7df44723bce8151a8b7fa7b4ab519f366b68,60.17065,24.93641,000000000f4919c9,13.75
156,2019-08-01T12:06:00Z,5bc6f08f757663003561dba2e9efd6e249fcaacd99f7f0aaeee52ff8,60.16897,24.95222,00000000aa852af1,23.56
157,2019-08-01T12:06:00Z,5ff5fe1f7c9d078a0f6e0d814f2a7fb6db5fb57a42d079172db81422,60.16544,24.95398,0000000038d83d41,27.28
158,2019-08-01T12:06:00Z,612c1b5d43ec1b81a8153534d70234387149574f7bd569832058dbb4,60.16762,24.95415,000000006b44cce7,11.7
159,2019-08-01T12:06:00Z,61609b62bcc3f8fe43282c196541201f33df4350c8d03a05273d73e5,60.16075,24.95883,00000000f1124bca,20.28
160,2019-08-01T12:06:00Z,62f8cc2186594754fc1c42392a065e7f6ab62393463a6a4a57ab4dbf,60.16897,24.95222,00000000aa852af1,20.28
161,2019-08-01T12:06:00Z,6302f18a8185608260855c0b0f5ce77147bf59f718a6455822e13675,60.16762,24.95415,000000006b44cce7,4.5
162,2019-08-01T12:06:00Z,630d68d670f9d320ca182ea39f128d120eb67da5e59d5e2fc890d768,60.16762,24.95415,000000006b44cce7,11.7
163,2019-08-01T12:06:00Z,647244a78e59264dec888aa5923f5fbbf0ed7645ac8c5fe7e3183c9a,60.16629,24.95957,00000000fb7600be,16.1
164,2019-08-01T12:06:00Z,6510ed468ce004535944528414bca8440bf0ec69631ee38a2cfebc4f,60.16829,24.94214,00000000afef4555,25.36
165,2019-08-01T12:06:00Z,663c4caec4af5ef2ff3c97f8c27568c4717dfc9f8d9641f686452964,60.16897,24.95222,00000000aa852af1,23.56
166,2019-08-01T12:06:00Z,66e550425ee7e98fb8d2af16fa7cb2a363b7686604a3e2d17dc6cf7f,60.149,24.9843,00000000fffb8cf0,23.56
167,2019-08-01T12:06:00Z,66f23938cc56a08145f913024c34bb5d21ba783b2a7eb39b1da1231e,60.16448,24.97323,0000000053c6c2be,21.87
168,2019-08-01T12:06:00Z,68e46f44cbcffa02239652fb4aedd2d3113a7b72469f9be76a9cceec,60.16897,24.95222,00000000aa852af1,5.41
169,2019-08-01T12:06:00Z,691f113389b6d758bb4032d74d6ec690d15359430ede818447408033,60.16544,24.95398,0000000038d83d41,25.36
170,2019-08-01T12:06:00Z,6962dc089c12f10e47115051bea815592df2384f495f8d24312bea11,60.16531,24.9442,00000000fdda10fe,14.89
171,2019-08-01T12:06:00Z,6d11f81939417547f8a76ffcb293a508b70e3c41007a6c4d8930ffe9,60.16448,24.97323,0000000053c6c2be,13.75
172,2019-08-01T12:06:00Z,70accbcdb62ead9330c03719f149070a5e410a2467ba60c8ff4bfdea,60.16629,24.95957,00000000fb7600be,20.28
173,2019-08-01T12:06:00Z,70d41711456100f064c2d98c584830ebaf0cdfe71aed789a64ee6f4f,60.17918,24.95141,00000000675d5200,33.81
174,2019-08-01T12:06:00Z,713e3a8ed22cf856f3e8c62722a530a4138d66eda6723054d8abec1c,60.16629,24.95957,00000000fb7600be,14.89
175,2019-08-01T12:06:00Z,72a44a43a67e4f49843b5636b7babbf340cc71392eef4ecff5b0730a,60.15432,24.9211,0000000019fb59c4,27.28
176,2019-08-01T12:06:00Z,72ada64a130204eb2ec072cdc4e4daf4d1efb4da7f01c34560b9775c,60.16448,24.97323,0000000053c6c2be,21.87
177,2019-08-01T12:06:00Z,72b0f4cdeac55ec2e49da5c15a10f77ac18405d97ddfd4522fb6f75c,60.16544,24.95398,0000000038d83d41,9.92
178,2019-08-01T12:06:00Z,7355b16404ad998718e3a80620058bd06ff1e75ab514a47e4583cb91,60.149,24.9843,00000000fffb8cf0,1.54
179,2019-08-01T12:06:00Z,74082a84e13a42853fb30dfa6f11e966e6a7542b8639c2c9bf372d1a,60.16762,24.95415,000000006b44cce7,8.38
180,2019-08-01T12:06:00Z,74df363bb864cb70a7e524e52102041eef685ef7ebbfb45016215d6d,60.16075,24.95883,00000000f1124bca,8.38
181,2019-08-01T12:06:00Z,74ee80654832550fcb11de70f7d71df63d637fa8633b2fceb1c28c6c,60.16629,24.95957,00000000fb7600be,12.69
182,2019-08-01T12:06:00Z,7653abe8720102438558ac70316ddfe1619f147eab0b2e406e7f5643,60.16075,24.95883,00000000f1124bca,4.94
183,2019-08-01T12:06:00Z,76af05dc87ae14a6a6abd951105d27103a4afbb0f8ba4d772b588e61,60.16829,24.94214,00000000afef4555,9.92
184,2019-08-01T12:06:00Z,77882bc0ca24ba755e71d45941a0ac4459bf33424c3a937881a89f3a,60.17918,24.95141,00000000675d5200,5.41
185,2019-08-01T12:06:00Z,77a066fb053e45727b1eef80464d529da1e48b1040355419963a36a0,60.17918,24.95141,00000000675d5200,17.4
186,2019-08-01T12:06:00Z,77a3fcff0d02bfa192203e4e227238386480e79790be7388585cc666,60.16829,24.94214,00000000afef4555,4.94
187,2019-08-01T12:06:00Z,77c412a7cb63c7cb5639a61fcca085a3dc47dfdfa1679d8319c24a14,60.149,24.9843,00000000fffb8cf0,25.36
188,2019-08-01T12:06:00Z,77d064c1c6c0c68458e02b3e59746e8fb9c4684ebfc9219840fcb812,60.16829,24.94214,00000000afef4555,5.91
189,2019-08-01T12:06:00Z,78d71c0287778c159b219f429d2e96e1f4edc6c5854532f49b7e1f49,60.17918,24.95141,00000000675d5200,21.87
190,2019-08-01T12:06:00Z,7932c3d9b04621e27f42ad0bb70842de8485ad80e0c483863a4a6c74,60.17002,24.94407,000000006b087f40,20.28
191,2019-08-01T12:06:00Z,7b40561de477b162c0d2dd4904e6857a3d76fc90dac7627b3b988ff9,60.17065,24.93641,000000000f4919c9,7.05
192,2019-08-01T12:06:00Z,7bc3f45db3b94fab4ea7358e9669e11483fb44ef9785123a60e689b0,60.16544,24.95398,0000000038d83d41,13.75
193,2019-08-01T12:06:00Z,7d35ca2e92289f924e645ee0dc0a7881c17a0c2666198b237c6daf4c,60.16531,24.9442,00000000fdda10fe,9.12
194,2019-08-01T12:06:00Z,7dcc49af64098aedce91e4af0369c17775daa76130c438c68dd54023,60.16448,24.97323,0000000053c6c2be,21.87
195,2019-08-01T12:06:00Z,7ddad587fe5a21f4ae99080730d17c4a05bda524d968437e758d066e,60.16829,24.94214,00000000afef4555,11.7
196,2019-08-01T12:06:00Z,7e14e9a8ca02ae8f911febca89c231e699d1c62487eee0857c25ad4b,60.16762,24.95415,000000006b44cce7,9.12
197,2019-08-01T12:06:00Z,7e15f7b1db3e17a0f79082fd3fbb5ee5e13580e0ad1a86cc4baeaf7a,60.17918,24.95141,00000000675d5200,10.78
198,2019-08-01T12:06:00Z,7ef5fb89229717324aff0f555bd3601dcdc631bb316e91a5f8f9032b,60.16762,24.95415,000000006b44cce7,9.92
199,2019-08-01T12:06:00Z,7f141118271efb9729412ee97406f4d640729cf790dc34f34edbda26,60.149,24.9843,00000000fffb8cf0,38.87
200,2019-08-01T12:06:00Z,7fda5b47f9fd64fefa9ed1e3fc6df06b8aba99e535b633315e7ef949,60.14947,24.91438,000000004ef3150d,31.5
201,2019-08-01T12:06:00Z,7fead7453cdf01c82d0348fc911c09e255d5f170f0b74b5406ccccb0,60.16531,24.9442,00000000fdda10fe,4.5
202,2019-08-01T12:06:00Z,8089cb6b93cd0bca8f1b1aa547fa49033a4b3b298049d9a7d30b6cdc,60.16762,24.95415,000000006b44cce7,3.74
203,2019-08-01T12:06:00Z,813e9ade3e6267ecb400d227ca6ff95f03f7e0d962a5b947fb3c9a35,60.16544,24.95398,0000000038d83d41,23.56
204,2019-08-01T12:06:00Z,82b77e370197c154a5433eb42203905079c6ccf3c0aa3e5eda47d397,60.149,24.9843,00000000fffb8cf0,3.74
205,2019-08-01T12:06:00Z,83098b3db4927f3e861467b94f780a0a84bc61379dfb9291533427e6,60.16075,24.95883,00000000f1124bca,4.94
206,2019-08-01T12:06:00Z,851db31bf27ec5ddb4463b0cd2d25fdde789b93217981c52287947fd,60.16829,24.94214,00000000afef4555,21.87
207,2019-08-01T12:06:00Z,85595671d86801846e4bcb4dc1ee02613867ea2dbbdc83df83d42c9e,60.16829,24.94214,00000000afef4555,7.05
208,2019-08-01T12:06:00Z,85a76c8df41a28d43ba3f03454e1957727fcddf04ee98af747c82404,60.17918,24.95141,00000000675d5200,7.69
209,2019-08-01T12:06:00Z,869debb543d9cfbe669d0b49c826b26a141565c895e009431094f0d9,60.16829,24.94214,00000000afef4555,12.69
210,2019-08-01T12:06:00Z,876362064ca72ba254bfe3b734476a5bbeaf640c5cd0f3b949280de9,60.16897,24.95222,00000000aa852af1,25.36
211,2019-08-01T12:06:00Z,878710cbd736c37f0bebed3a8cbb7fe9db1c2b8b32f53b7821072dbc,60.149,24.9843,00000000fffb8cf0,14.89
212,2019-08-01T12:06:00Z,87cae2d4b11a8f6e53b0bd9a930e52c1f5ae60da5b305ef78bba5ae0,60.16629,24.95957,00000000fb7600be,16.1
213,2019-08-01T12:06:00Z,89f89bc961f4b06c6a3ef3eea5201a8b601e73280d08bf427406da7d,60.149,24.9843,00000000fffb8cf0,16.1
214,2019-08-01T12:06:00Z,8afddaf2f905d398a489af3505337204a31c8b431fe7af64a0995a6d,60.16897,24.95222,00000000aa852af1,18.79
215,2019-08-01T12:06:00Z,8b3ddd6a475217b0c8de97b75d818fcd1ee193e1bdc9e08e9a66a35c,60.16897,24.95222,00000000aa852af1,12.69
216,2019-08-01T12:06:00Z,8b90075788b565e930ab94b02f7e3c369eb067e532d71ef2994e8e13,60.149,24.9843,00000000fffb8cf0,17.4
217,2019-08-01T12:06:00Z,8b9c2b7b11d337710681eccb821776a6ab4344bd14ec6ec9e700aa4a,60.18203,24.91341,00000000342570c2,14.89
218,2019-08-01T12:06:00Z,8e9732271fb759794372c1b8f18a3a9e0b8ef8fee4d0bb1cefa06a49,60.16075,24.95883,00000000f1124bca,14.89
219,2019-08-01T12:06:00Z,8f6d76cf3edf3a759949fcb1196e5b1787f0157b8b4b6445dfd7ed59,60.16762,24.95415,000000006b44cce7,3.74
220,2019-08-01T12:06:00Z,8fd593f0deaf1f8671ce6c46440669e5594903b174fea52bb5bd9450,60.17002,24.94407,000000006b087f40,13.75
221,2019-08-01T12:06:00Z,90b090495d8b252ac19f57fcc1526218abd2257a565edab3b2094748,60.16897,24.95222,00000000aa852af1,8.38
222,2019-08-01T12:06:00Z,911df21962737c354493fd01c76c93070e1f5dccfdb5803c5f1eddb0,60.16762,24.95415,000000006b44cce7,14.89
223,2019-08-01T12:06:00Z,9127fdd63fa1ced028d226c390ee45e7d242d11e453fa723aba92264,60.15432,24.9211,0000000019fb59c4,20.28
224,2019-08-01T12:06:00Z,9167d1b06bbd4588b1dc8aa357777a19e84a58701a932d1ffa57a6c0,60.16829,24.94214,00000000afef4555,21.87
225,2019-08-01T12:06:00Z,9223303bb98d4364e84df6e1af9d497fe42fed95faac6d5131c619b6,60.16544,24.95398,0000000038d83d41,25.36
226,2019-08-01T12:06:00Z,929a4dabd596b680edcd2e14fd54de40868107c98001b91a5fee619b,60.149,24.9843,00000000fffb8cf0,31.5
227,2019-08-01T12:06:00Z,92b9cbdb504105eaf867c33cb8e360f0980c0b840f4fe18c28c11b56,60.16762,24.95415,000000006b44cce7,17.4
228,2019-08-01T12:06:00Z,92ccac326452e06f559c461cf93716f142163aabbf281ba756d687e1,60.14699,24.922,00000000a53ed894,29.32
229,2019-08-01T12:06:00Z,92d487ffba3e044718f3e4bda2782e06a6581e103142fe6f3991228f,60.16897,24.95222,00000000aa852af1,8.38
230,2019-08-01T12:06:00Z,92f542864595122564806406da3bd1a6193212117d756c4bef2701ab,60.16829,24.94214,00000000afef4555,20.28
231,2019-08-01T12:06:00Z,92ff4415e2b3c7606cbaf2a677edb3e074c6335dcb311f3eeb9c981a,60.16448,24.97323,0000000053c6c2be,8.38
232,2019-08-01T12:06:00Z,947bad8a475b3e7056b9fcec57b2c6c5e896ca7bdc4a9c84c190c479,60.16075,24.95883,00000000f1124bca,10.78
233,2019-08-01T12:06:00Z,9626a20420660fa79004f7d1cabfbfb6c429967cf7532fc4b49c3fdc,60.17918,24.95141,00000000675d5200,5.41
234,2019-08-01T12:06:00Z,997e6bd76d33cb2766aa59edbefb6e3c12a5c491bafbd54582a7beb6,60.16762,24.95415,000000006b44cce7,3.09
235,2019-08-01T12:06:00Z,99a026b5100e23129fa529e9a57a3dbc8490dc03b58f2193f03e2dcf,60.14951,24.92138,0000000006dd41f6,5.41
236,2019-08-01T12:06:00Z,99b72e43ce45aafb58b3ad2ba111626afd1c5a7147ab71fe233b2ade,60.16531,24.9442,00000000fdda10fe,11.7
237,2019-08-01T12:06:00Z,9a86e210b41d4dc5fcc1282dde294d196805c73eb41d320cb39ce615,60.17065,24.93641,000000000f4919c9,33.81
238,2019-08-01T12:06:00Z,9a8dec52d7807aa4bf5a02c295319ce34ea68735a7d136475029d6ea,60.14947,24.91438,000000004ef3150d,27.28
239,2019-08-01T12:06:00Z,9c5d5cebded22b871f81cf69c1a19014c0995d288d901109bf4b920e,60.16897,24.95222,00000000aa852af1,18.79
240,2019-08-01T12:06:00Z,9ca42993c57b319fc48a3cb4fb00b8f7014802e65b52a76dcc32341d,60.16629,24.95957,00000000fb7600be,2.8
241,2019-08-01T12:06:00Z,9d39ab81b0ac6563a4094f38bf169d099d34dbfb2b86fbde28d89d71,60.16075,24.95883,00000000f1124bca,7.69
242,2019-08-01T12:06:00Z,9e16fb1d5ac726f386435a0c8c463b4fbbd0304054c47c40f8b36374,60.16829,24.94214,00000000afef4555,12.69
243,2019-08-01T12:06:00Z,9e24462deff9c647c5ca37d604b9bb08419b792ee5a642f8e24406cc,60.16762,24.95415,000000006b44cce7,8.38
244,2019-08-01T12:06:00Z,9e7d8dd3217e08eb47b3deff5a691cf9e2771b2a2b8df1d210409b01,60.16448,24.97323,0000000053c6c2be,20.28
245,2019-08-01T12:06:00Z,9eb2333c206fd9f953d99fe00478e8483e116075a052cc280a08a1e4,60.16829,24.94214,00000000afef4555,1.7
246,2019-08-01T12:06:00Z,9fcf29c63ae3d5457b68f2ad4d10271e3b629e005ae735466f0239f9,60.16829,24.94214,00000000afef4555,17.4
247,2019-08-01T12:06:00Z,9fe6a71a26aab711acb020b443798c3ddc9e4268eeafc132de872e33,60.14947,24.91438,000000004ef3150d,29.32
248,2019-08-01T12:06:00Z,a0c49e6f20a5f29e316ccc48a099a247eb577536f8e3bde15fcea457,60.16075,24.95883,00000000f1124bca,5.91
249,2019-08-01T12:06:00Z,a16477ababae4a1f02c8ec3980365601261291b8a7a571bacc28c3ee,60.17918,24.95141,00000000675d5200,18.79
250,2019-08-01T12:06:00Z,a16cd667aed8d7b899ec1c89ed746508def005e12cefa431301ffd4d,60.15432,24.9211,0000000019fb59c4,27.28
251,2019-08-01T12:06:00Z,a174f1a4c712ba77523db1c6657dee3cbd93b29cd1219e15938da32a,60.16531,24.9442,00000000fdda10fe,7.05
252,2019-08-01T12:06:00Z,a2a236ba864855bfb7e4c61f053310f0c51f1f85bf4783fc330c2455,60.16829,24.94214,00000000afef4555,9.92
253,2019-08-01T12:06:00Z,a36f47887ad578d926301eff3dba7f146fea09fb1d54ea3d65e8ba4d,60.16075,24.95883,00000000f1124bca,9.92
254,2019-08-01T12:06:00Z,a3d8af73cfe313f32a5960dc7b1994ac88c77e00d90c4b8df0903278,60.14947,24.91438,000000004ef3150d,11.7
255,2019-08-01T12:06:00Z,a4693917c926eccf0cff65dd2e21751a2b8bc4995643f38678ed24c7,60.15432,24.9211,0000000019fb59c4,11.7
256,2019-08-01T12:06:00Z,a4a0f4afd2541246505e9bccf494c4284f55f636b7987cd647c06471,60.16762,24.95415,000000006b44cce7,3.4
257,2019-08-01T12:06:00Z,a5793c02fda857799284bc5234ccd98c43412b61efda1b2697469dd7,60.16629,24.95957,00000000fb7600be,23.56
258,2019-08-01T12:06:00Z,a5a021d73fda44e61d4140a814e29515a220fd624d756ded20531997,60.14947,24.91438,000000004ef3150d,9.12
259,2019-08-01T12:06:00Z,a613b56316bfc8afcc1ff25f48f4c67b34087cf67d1ee4863435be49,60.16829,24.94214,00000000afef4555,2.8
260,2019-08-01T12:06:00Z,a6b6df39346560cd05bd7b36f5fbad5accbf9b15f1f140e96b3998e0,60.17918,24.95141,00000000675d5200,4.11
261,2019-08-01T12:06:00Z,a6d010615b0732a971c180467cd17865327688c7e6c60628c3d452d3,60.16762,24.95415,000000006b44cce7,14.89
262,2019-08-01T12:06:00Z,a8842c61fb45bdfdb5164f2821c03b7649b900db626dc6d954f66d5f,60.16762,24.95415,000000006b44cce7,18.79
263,2019-08-01T12:06:00Z,a9496fc64b4c29bbeddb3449ccaf5c9236fd09314a397ae830499dbf,60.16762,24.95415,000000006b44cce7,7.69
264,2019-08-01T12:06:00Z,a99775bac855bf5f95c913cf6076c3d13349acc8827af324d34fdd1c,60.14947,24.91438,000000004ef3150d,13.75
265,2019-08-01T12:06:00Z,a9ee2aabbd32919adf0325ca2f2c5f8e0ba801bc168e8756cda957da,60.16629,24.95957,00000000fb7600be,18.79
266,2019-08-01T12:06:00Z,ac16f9a403bebe530098004c00aaf2d6854cf2fa3e97a5f2a633b838,60.16897,24.95222,00000000aa852af1,9.12
267,2019-08-01T12:06:00Z,afa44b33453142e34d8067ff5e6f943a8b9061f05e47d3fdbadc4bf5,60.17918,24.95141,00000000675d5200,5.41
268,2019-08-01T12:06:00Z,aff4b4515d909077ceec56f7275292ee6b206146b564880b3f499666,60.16897,24.95222,00000000aa852af1,20.28
269,2019-08-01T12:06:00Z,b05ae378a05c60bd210886734c99ef651a860c16baa090208c089481,60.16075,24.95883,00000000f1124bca,7.69
270,2019-08-01T12:06:00Z,b299afe9528adc2261c542788d77cdcd4a23f0d82e01583309e288ea,60.16075,24.95883,00000000f1124bca,6.46
271,2019-08-01T12:06:00Z,b35d8dc21dd251d27e07a187a99e7953130c2778a047a9d84086cdc0,60.17918,24.95141,00000000675d5200,16.1
272,2019-08-01T12:06:00Z,b54a3b40d880ff3f7a3c2248ffc59c0066965fb1d57ae89bf271ac5c,60.14947,24.91438,000000004ef3150d,7.05
273,2019-08-01T12:06:00Z,b6c07e35af41975e8ee94ed939227da85a1cc853f6333c14f1acb4b6,60.173,24.92524,0000000096918cfa,3.4
274,2019-08-01T12:06:00Z,b75112d5e62fe58a157abe808425aab62dde06b6931361ce30ec719d,60.16075,24.95883,00000000f1124bca,4.94
275,2019-08-01T12:06:00Z,b7b8259c3c6e05c3630c37af6f73d43619d09909349d94426147938d,60.16075,24.95883,00000000f1124bca,16.1
276,2019-08-01T12:06:00Z,b7ffedef74b26af9cd1cb52f55a0bf4b7706734cdb6785524d71050a,60.14699,24.922,00000000a53ed894,25.36
277,2019-08-01T12:06:00Z,b888e00491743966ed693cd97c69778b9fc9c75ff097be6ff0462755,60.16762,24.95415,000000006b44cce7,10.78
278,2019-08-01T12:06:00Z,b9eb9c1dd4069adf18ae7d947114c97ba1a3af1c81fa2fcb862ee47b,60.16829,24.94214,00000000afef4555,12.69
279,2019-08-01T12:06:00Z,bc501d7a0e4255dc16cee76a501973c63d9a5ab7520a8fcbc91ab348,60.16762,24.95415,000000006b44cce7,13.75
280,2019-08-01T12:06:00Z,bd0a036a53540aba7f6831803dbe4652ffb3828e824097bf559f0a1e,60.16762,24.95415,000000006b44cce7,18.79
281,2019-08-01T12:06:00Z,bde79fb6fb9ef354087682386de443cd6b5c57f2324efe1417736db8,60.16629,24.95957,00000000fb7600be,13.75
282,2019-08-01T12:06:00Z,bebed4b33fed310f697fdfa1ddadb14e03ce371fac8c19ef8dac4b23,60.17918,24.95141,00000000675d5200,4.11
283,2019-08-01T12:06:00Z,c02fcad5f10a2f661c28fa0a01ecea9f5f1715eccf5c67d8ac5f0e06,60.17918,24.95141,00000000675d5200,2.54
284,2019-08-01T12:06:00Z,c095ee9fae7d97c50647cc2d6d0bc7da18e69bd020f67dc46379d55f,60.16762,24.95415,000000006b44cce7,1.88
285,2019-08-01T12:06:00Z,c099745b5ce67d966f6604ab9b62854e7c453db847094ac13aeceb04,60.15432,24.9211,0000000019fb59c4,3.74
286,2019-08-01T12:06:00Z,c0a0ca3433586ed2ae0e448f2406fabac7292ac79d49562e0bd5cef8,60.16762,24.95415,000000006b44cce7,20.28
287,2019-08-01T12:06:00Z,c0b4d374b7fc4840e02af1b784203e20cb25f5ec258de9e454d830d3,60.15432,24.9211,0000000019fb59c4,9.12
288,2019-08-01T12:06:00Z,c15d0c0e03dc027195667df730bbb05f657a02bad8cf489311e473b1,60.16075,24.95883,00000000f1124bca,21.87
289,2019-08-01T12:06:00Z,c338facdcc6134244d202e0efc59c097133730bd1887f2e5aea8ab22,60.16829,24.94214,00000000afef4555,14.89
290,2019-08-01T12:06:00Z,c385326cdee4b8b60f74940bda4c49585f0fabbf9dbfb21b98ca29b3,60.17002,24.94407,000000006b087f40,7.69
291,2019-08-01T12:06:00Z,c4181bd5c2989f1562f0d1ec81e1772cbe26ee011dad6714f6cd5652,60.16075,24.95883,00000000f1124bca,13.75
292,2019-08-01T12:06:00Z,c6990c1fafaf9f074a4e0f730ccdcc326a4f1120e3f81deee7864b62,60.16762,24.95415,000000006b44cce7,9.92
293,2019-08-01T12:06:00Z,c748e2d07e27d3955e36d6160f7c5f606924272a26a75a4c113ad85c,60.16897,24.95222,00000000aa852af1,4.5
294,2019-08-01T12:06:00Z,c7d2ab82e9c674225a01b23c31ebab926d69e94453d96caf37cdbc59,60.16762,24.95415,000000006b44cce7,16.1
295,2019-08-01T12:06:00Z,c8ad0cc3a15458bc2b922d40fd729d819c64952d94f719867f616236,60.16075,24.95883,00000000f1124bca,9.12
296,2019-08-01T12:06:00Z,c8eb5a5301624aee03c5aa50a8cde72b3d37bc6f6a0309508a0fd902,60.16829,24.94214,00000000afef4555,8.38
297,2019-08-01T12:06:00Z,ca7d7b4e10ab8d3282155b170983467237842ae01b292b54ea9eada1,60.16762,24.95415,000000006b44cce7,18.79
298,2019-08-01T12:06:00Z,cb0ba7a55b969023e11b9866da7b67db5b394f3c501e00451ebf150d,60.14947,24.91438,000000004ef3150d,16.1
299,2019-08-01T12:06:00Z,cb15bb89b6d921ab9d8da63397afc6c5adedd3846720bd7e76869743,60.16075,24.95883,00000000f1124bca,16.1
300,2019-08-01T12:06:00Z,cb44e5f8129667bea325c6edad24cdb182531789a256a64969d9639a,60.15432,24.9211,0000000019fb59c4,12.69
301,2019-08-01T12:06:00Z,cb4b088ddc61b598987a57c0a6043001ee435c702153e8e272be4cbd,60.16829,24.94214,00000000afef4555,25.36
302,2019-08-01T12:06:00Z,cd4580631f7a589b68ec238fa11307d0e3347fc36e0b3ce6c99e813d,60.16897,24.95222,00000000aa852af1,20.28
303,2019-08-01T12:06:00Z,cda630c0fc48903b1a6c807c29762f666848e091d662ed50519c8f2b,60.16075,24.95883,00000000f1124bca,23.56
304,2019-08-01T12:06:00Z,d1728b866d0d3c9eea07d41b071d315ccf763ba430fbd56b788a5c77,60.16897,24.95222,00000000aa852af1,21.87
305,2019-08-01T12:06:00Z,d328e0aecd34549197e5b5edfb0366c07595244ce151325dc21ba4fd,60.16544,24.95398,0000000038d83d41,12.69
306,2019-08-01T12:06:00Z,d402e109f2a7f629a922bd6149a66e99aaa68a5452b2ee4cf21bf30d,60.17002,24.94407,000000006b087f40,20.28
307,2019-08-01T12:06:00Z,d550a5cd3f6d5dcbcd4b80a305444dc21d09ecf3bef5cb42bfa463e9,60.16762,24.95415,000000006b44cce7,9.12
308,2019-08-01T12:06:00Z,d5d6d483ffb23d3707770fcd69a3ddc0682e878f48a76877f193bdab,60.17065,24.93641,000000000f4919c9,1.01
309,2019-08-01T12:06:00Z,d5f875028f73ce2ba38ce17d0671de6486af7f60c6f78434b6062985,60.16075,24.95883,00000000f1124bca,7.69
310,2019-08-01T12:06:00Z,d610e4fbd42dca51fa809dbb12227d9d1601a88b263065143cef505d,60.16762,24.95415,000000006b44cce7,9.92
311,2019-08-01T12:06:00Z,d659090eaa97cd3e00da7216835521925d54034452d4c96f1f4bb717,60.16829,24.94214,00000000afef4555,20.28
312,2019-08-01T12:06:00Z,d913fad744cbd8d7a0c75724eaf2efc1c4824d31291a874fb9417242,60.16762,24.95415,000000006b44cce7,1.88
313,2019-08-01T12:06:00Z,d9dc0d0918ebb9788dd4698596ae14cb9c08a08ff7b1a1dc8e5ec102,60.16075,24.95883,00000000f1124bca,12.69
314,2019-08-01T12:06:00Z,dac888ef82c11ce16d1953a5b33baabcdf1f8be05154833faae9dc79,60.149,24.9843,00000000fffb8cf0,31.5
315,2019-08-01T12:06:00Z,dacc7d46a3c44566db9d3b0346eaa8765509d14eceb5a24203069786,60.16075,24.95883,00000000f1124bca,21.87
316,2019-08-01T12:06:00Z,dbae5136445d05381178c16450819c18ed50368f6d8eee0cbc822eca,60.16531,24.9442,00000000fdda10fe,7.05
317,2019-08-01T12:06:00Z,dbfa058a3a8855948f8842ef95c2466b2e9b314f50e484a871433a82,60.16897,24.95222,00000000aa852af1,18.79
318,2019-08-01T12:06:00Z,dc7b5eca61bf8e6badda9e44617b5dccf2a7c3b2d1757455df1d6483,60.17918,24.95141,00000000675d5200,13.75
319,2019-08-01T12:06:00Z,dd3949a4a0366afe32d5b0df86e0edb43e028b32b7c6c631cb34b358,60.17919,24.95181,000000007b5207b6,13.75
320,2019-08-01T12:06:00Z,e0ab5c8f5fc620fb84a8e025d46886284c59c7d0b04778717baa9823,60.17065,24.93641,000000000f4919c9,11.7
321,2019-08-01T12:06:00Z,e116b516dc51af7ad8174f35e760635e17e0290bb17222f904936879,60.16629,24.95957,00000000fb7600be,9.92
322,2019-08-01T12:06:00Z,e303997b70f25457ba528ea1884159bc2e6ca6f9a7713ab138e56ca9,60.16762,24.95415,000000006b44cce7,10.78
323,2019-08-01T12:06:00Z,e3681a30c70445ba990f8c1ea94beb5273769354d469ea591498803b,60.16629,24.95957,00000000fb7600be,21.87
324,2019-08-01T12:06:00Z,e3ee6176fd964259de5699264f88789b3ec7533567b2a0cd8c32de65,60.16897,24.95222,00000000aa852af1,16.1
325,2019-08-01T12:06:00Z,e4659b4d97cf3d550ab6bc33293b2c4cc0fa330e8f3fcbc96ed1ccc4,60.16762,24.95415,000000006b44cce7,4.5
326,2019-08-01T12:06:00Z,e6848dd20c81c9938792df31dc1c43f011a859c1b3cb6a9f15463c84,60.149,24.9843,00000000fffb8cf0,12.69
