,time,hash,latitude,longitude,serial,distance
0,2019-08-01T10:07:00Z,0fff89885f08417f20aadfdbf62a372277e9085bcd024374b772ecac,60.16531,24.9442,00000000fdda10fe,23.56
1,2019-08-01T10:07:00Z,144afc51fc2443c7031a2912566eff2ce60226a49d6d2bd7c2923700,60.16544,24.95398,0000000038d83d41,17.4
2,2019-08-01T10:07:00Z,14c7e1511b70f4dd3359cbece1377aebb4d70531f5489eefe53d7c3c,60.16544,24.95398,0000000038d83d41,29.32
3,2019-08-01T10:07:00Z,15918569de0a46a8eb56b43d8d39f7fc82619ff1006f00822c85745c,60.17919,24.95181,000000007b5207b6,4.94
4,2019-08-01T10:07:00Z,2a93b61a3863ace54349d7a0937e4134fcc6d4dfcf064eefae2b7cf8,60.15432,24.9211,0000000019fb59c4,17.4
5,2019-08-01T10:07:00Z,2dd6ca2c889266702d554569764346cf583b74b0890b10e00ecd4f82,60.16544,24.95398,0000000038d83d41,23.56
6,2019-08-01T10:07:00Z,2fd87be7f3d38756587d5a0dd1ae934998ca065240c450d0538481e9,60.1538,24.95595,0000000038bf9618,36.27
7,2019-08-01T10:07:00Z,30a01ca6bd425efa94599bb6dde07f4c09c69aa049736121da873ce1,60.15133,24.92329,00000000e8a064a4,10.78
8,2019-08-01T10:07:00Z,4c90d667a8bf7ea1281fcb14f35adcd1497fb1ba95366b82b4b1d737,60.16629,24.95957,00000000fb7600be,17.4
9,2019-08-01T10:07:00Z,57aefeebf97ed514640eb4251d83bcd28e7ce4dd07acd3f6d3662a06,60.16897,24.95222,00000000aa852af1,14.89
10,2019-08-01T10:07:00Z,59107c0fb745e0aacace35f3eb6888e9aa1cace3ca066219be32fe54,60.16897,24.95222,00000000aa852af1,36.27
11,2019-08-01T10:07:00Z,5d65719c4cbf045f068d084b72302f447d5fd034413d97d13be00d0e,60.18203,24.91341,00000000342570c2,21.87
12,2019-08-01T10:07:00Z,6a657079c1bdc8114c289be1ddd83e5846d4279a920d1697b8ff0033,60.18203,24.91341,00000000342570c2,21.87
13,2019-08-01T10:07:00Z,6d22b751ff5173035dc85c52c3dff0780126adae67fe33dc62dd45ef,60.16531,24.9442,00000000fdda10fe,23.56
14,2019-08-01T10:07:00Z,7117da509d8773188f002a50ac086e241b78c3afabfc404f49a2b028,60.15432,24.9211,0000000019fb59c4,5.41
15,2019-08-01T10:07:00Z,76c7f42283513d0e289bf786d89463b5025b2ae0f4e13519a4cf228b,60.15432,24.9211,0000000019fb59c4,14.89
16,2019-08-01T10:07:00Z,84fdfd8881f633c5f0c71c1480053953ca4b05e848052d97c063ad38,60.1538,24.95595,0000000038bf9618,31.5
17,2019-08-01T10:07:00Z,87dfaad29a9276ddddb1fa021d3bc23ad14824c1af16f7d87e713689,60.14951,24.92138,0000000006dd41f6,12.69
18,2019-08-01T10:07:00Z,8c75c3289c84fe4493e1e272a77b615fe1985880c5dc68a7c1a17b53,60.16762,24.95415,000000006b44cce7,13.75
19,2019-08-01T10:07:00Z,8cc6ddaa460aeae8cc9e8a33f91a01c8cd4c0c8bf8a943210a28c84d,60.1538,24.95595,0000000038bf9618,25.36
20,2019-08-01T10:07:00Z,9843c6216661048343a0e49cf3d8aa2883cf77f452666a1c873a1052,60.16448,24.97323,0000000053c6c2be,10.78
21,2019-08-01T10:07:00Z,9d03d14afa49576281aa26db60e517f7c1ec8aa36f7756959a860a8a,60.16629,24.95957,00000000fb7600be,12.69
22,2019-08-01T10:07:00Z,a08cae03363d2e483a6ea717973088f4bd4276de96a9d438a7358ff4,60.16897,24.95222,00000000aa852af1,25.36
23,2019-08-01T10:07:00Z,a2fe7e1208d3de3130bacbc61997268915aa2f9b3f0022c9fd6c2f61,60.16544,24.95398,0000000038d83d41,27.28
24,2019-08-01T10:07:00Z,a91d379a4b57c5df22db0d7a041ff69f657b4b31f28554b1011fc03c,60.16544,24.95398,0000000038d83d41,31.5
25,2019-08-01T10:07:00Z,a9da1ee82e3b670e276c26b483dd50f4a6d0c6f77ef82245d3ae6086,60.18203,24.91341,00000000342570c2,20.28
26,2019-08-01T10:07:00Z,b012c52039b5adae8b3a0b3f7f998566bd78be16662c0f82e3d14e05,60.16829,24.94214,00000000afef4555,6.46
27,2019-08-01T10:07:00Z,b5fd6b317890e5ab2d79e2cd1abe61626d45a753c7337d0d40728898,60.16762,24.95415,000000006b44cce7,16.1
28,2019-08-01T10:07:00Z,b6ff19507caf4e0933b92e880a240f6b373a5f61b654b0b6a78e3a06,60.16762,24.95415,000000006b44cce7,16.1
29,2019-08-01T10:07:00Z,ba42c72ea7c2663b3ea5044faf12173ab18e523dc35de0e24bf374ac,60.16544,24.95398,0000000038d83d41,25.36
30,2019-08-01T10:07:00Z,cf05623e4d87ce0906c0b0b7dbf53aacc1228016cd27c341228b6e76,60.18203,24.91341,00000000342570c2,20.28
31,2019-08-01T10:07:00Z,d127ead865385b64ae537a703a26be15fae4b5332ce0fbf03d5e0c23,60.1538,24.95595,0000000038bf9618,31.5
32,2019-08-01T10:07:00Z,d21960fee7129107cebb196e9609d5fd31170772b139080bdae27260,60.16762,24.95415,000000006b44cce7,7.05
33,2019-08-01T10:07:00Z,dd2c9c82cf3737146294aff6f814a1349fb0bc4bedf518715dacbe8f,60.18203,24.91341,00000000342570c2,16.1
34,2019-08-01T10:07:00Z,e4abdb5fea303ce8fdf3bab6fa840e3d8828eb164b48a4c9f48e635e,60.16829,24.94214,00000000afef4555,20.28
35,2019-08-01T10:07:00Z,efd1806e1eee5eca948bc2537df8d816e2cce41009b41189c350ce74,60.16531,24.9442,00000000fdda10fe,36.27
36,2019-08-01T10:07:00Z,f088630d7476dae7d4b7e2bb1f10575f2c89acb4b6e061f3d57c2b40,60.16531,24.9442,00000000fdda10fe,21.87
37,2019-08-01T10:07:00Z,fc4f3a44235f1cfc7b53f14ba2da599976a5a0a220d23b852688e485,60.17918,24.95141,00000000675d5200,13.75
38,2019-08-01T10:07:00Z,00fb9f431e9e32c9229b8f9ea71eb470a3b7023943d5ee1a0fee81ae,60.16829,24.94214,00000000afef4555,2.54
39,2019-08-01T10:07:00Z,01052be4243f5b7bd4eb2c51056a76fff0ddaa9cd1df92493deb19ca,60.16762,24.95415,000000006b44cce7,7.05
40,2019-08-01T10:07:00Z,014c00090d1e3d58d66787b69f57403f9d170eee003b0198233bcbbe,60.16762,24.95415,000000006b44cce7,21.87
41,2019-08-01T10:07:00Z,01a20056f9847334ae659f30c427270c088d4a85119f55976b5517fc,60.16762,24.95415,000000006b44cce7,4.11
42,2019-08-01T10:07:00Z,01c279410292d445576e1e6df190646f136446b1cf742c5c388e6925,60.1538,24.95595,0000000038bf9618,23.56
43,2019-08-01T10:07:00Z,01cfe3e201522f3476ab40e058d7274579d48654536eb8ed2b1c20b0,60.17002,24.94407,000000006b087f40,20.28
44,2019-08-01T10:07:00Z,01d276ecc71782633d2f98dc5bc345aa4c80b8b4264c212fa694fb25,60.16829,24.94214,00000000afef4555,25.36
45,2019-08-01T10:07:00Z,034af7b8f1aab89aaf1959056bbc9ba4c49ac8a9c6770308b54ac90e,60.17918,24.95141,00000000675d5200,5.41
46,2019-08-01T10:07:00Z,041360e375b7fa3876c4225b8d6e0c14cc834021c9a3123171623846,60.16531,24.9442,00000000fdda10fe,16.1
47,2019-08-01T10:07:00Z,04236c1f703c4fcb1f806133b743262adf95359dddc1262d2ee8da09,60.16897,24.95222,00000000aa852af1,18.79
48,2019-08-01T10:07:00Z,05ee05bb515b5167c875aa6b6350974fbd8fb14247ddf4815929309c,60.17918,24.95141,00000000675d5200,13.75
49,2019-08-01T10:07:00Z,06cca73670232794c08e1103e1532d9ed7e8a200bd7494c0055bc153,60.17919,24.95181,000000007b5207b6,10.78
50,2019-08-01T10:07:00Z,0700a8857998d7b34d9ba0125f8fbd92fdeba5c4bbe30272a38c2721,60.16897,24.95222,00000000aa852af1,17.4
51,2019-08-01T10:07:00Z,0f47f7aaf9af77bb5891df9f56ecb8244aade8760355ef06c75b8a0b,60.14947,24.91438,000000004ef3150d,20.28
52,2019-08-01T10:07:00Z,0fb3f4b6f190c8d813833f9babacdff2a367837d6bc0fefe324bb62e,60.14947,24.91438,000000004ef3150d,17.4
53,2019-08-01T10:07:00Z,0feb845b738c4a8cde363dc008b3c9f1211ffa4561082b56d8389e0d,60.16829,24.94214,00000000afef4555,13.75
54,2019-08-01T10:07:00Z,106603786427091f8f6ff2ca4ada83973ef370ae41d454d51e2eb945,60.17918,24.95141,00000000675d5200,3.4
55,2019-08-01T10:07:00Z,1080f90228609dbf8a965e7df4c753b2a8a57d36951b0dd83ea6922e,60.17919,24.95181,000000007b5207b6,14.89
56,2019-08-01T10:07:00Z,126a7b06e4e0aab10473d221e27ee51991f854066e5c6789a2935637,60.14947,24.91438,000000004ef3150d,3.4
57,2019-08-01T10:07:00Z,14474da432737ee2f90d9e2a2aefdd39a7a3c327678ea1e5d8a7d90e,60.16629,24.95957,00000000fb7600be,13.75
58,2019-08-01T10:07:00Z,172b1482355d8337a8ad8e68ad5c2c73e01e5890f44bc3edcbcb5f87,60.16897,24.95222,00000000aa852af1,16.1
59,2019-08-01T10:07:00Z,177d02fff6867089518d33da72f149a7b2b08173cc41e86a43a11c06,60.16531,24.9442,00000000fdda10fe,25.36
60,2019-08-01T10:07:00Z,18239d333b77901ccdf664f255c85548551ac57d9b44a2a219be6108,60.14947,24.91438,000000004ef3150d,16.1
61,2019-08-01T10:07:00Z,189149e5234f56273bea05e782b81fe1230a3ef8740f9fbd66b6babf,60.14947,24.91438,000000004ef3150d,20.28
62,2019-08-01T10:07:00Z,1a0348849301e37303b6fa52cb2aaf34485410f78ecf57531a41cd6b,60.16762,24.95415,000000006b44cce7,13.75
63,2019-08-01T10:07:00Z,1a5275a20ce5f8ad1c6eb8b92767922767195e8a5e513c03dac9d712,60.16762,24.95415,000000006b44cce7,10.78
64,2019-08-01T10:07:00Z,1b7890b0353a6a02af874fcfc318110d0e60336470070bad8d2efa3e,60.16531,24.9442,00000000fdda10fe,16.1
65,2019-08-01T10:07:00Z,1c1aba00cd335cf66758bef72e87165a21fa71634125cd6088eff341,60.14947,24.91438,000000004ef3150d,12.69
66,2019-08-01T10:07:00Z,1ce076b3ff1470c272e44640ef83196c4370bac4700a746f829c1905,60.16531,24.9442,00000000fdda10fe,6.46
67,2019-08-01T10:07:00Z,1dacfb371d75dd4f90f447aac2a00faad98beb4188a6971c19eb2375,60.16629,24.95957,00000000fb7600be,20.28
68,2019-08-01T10:07:00Z,1dca7140d841c462a2dc98a624c5693edf3a5fea8535af2e648cff72,60.16629,24.95957,00000000fb7600be,23.56
69,2019-08-01T10:07:00Z,1e700eb88d7294f02246ca0fc6ff9cb5b49df20124e4e1e377b15935,60.15432,24.9211,0000000019fb59c4,17.4
70,2019-08-01T10:07:00Z,1ecbc7c6afe89033252e5510cbb893666af2b3bc29f555a3a6287fdb,60.14951,24.92138,0000000006dd41f6,5.41
71,2019-08-01T10:07:00Z,1f9117b6839400f7954193f13ebfdb56c17e8e34450226d83043802b,60.16829,24.94214,00000000afef4555,17.4
72,2019-08-01T10:07:00Z,20966bb56ed52a5fd886ec71a4a450d9e21ad3555640ab47abb07c36,60.16762,24.95415,000000006b44cce7,10.78
73,2019-08-01T10:07:00Z,21105eb57de0db4e8753c5038cc4bc0264291fcf3e7374f0f871ea93,60.149,24.9843,00000000fffb8cf0,27.28
74,2019-08-01T10:07:00Z,216d5eebc3eb7d7ec1ce3695b2aaac093aef49f055bfb9f8c1521e61,60.16829,24.94214,00000000afef4555,7.05
75,2019-08-01T10:07:00Z,2311374d381cba8c508c7f2bfb5f9f55e94c6440d006645c3e61f123,60.149,24.9843,00000000fffb8cf0,27.28
76,2019-08-01T10:07:00Z,232b26dd8fe3813da231c75a3b9b3998a614ff40f0e2e4ad055fad8c,60.16544,24.95398,0000000038d83d41,16.1
77,2019-08-01T10:07:00Z,233738a42a8d6e5fcff0494aee5f6d9b5593b9004af20b58926a6e9b,60.17065,24.93641,000000000f4919c9,23.56
78,2019-08-01T10:07:00Z,23dd269ef49a459bfd35b4b824e4bbe084b6f0b60b721ac66ae4dded,60.17065,24.93641,000000000f4919c9,10.78
79,2019-08-01T10:07:00Z,2475e46d099b76ac39400a15f603d04491a02fa82d26687dc25f12fe,60.14951,24.92138,0000000006dd41f6,20.28
80,2019-08-01T10:07:00Z,247c84e6093ad1006f44561e4c3a14c88ef1fadce3a944aba3b8c787,60.149,24.9843,00000000fffb8cf0,17.4
81,2019-08-01T10:07:00Z,24d57b2dd4c2c268ce47dfbe7d62bc29a89b34ffaaa85fe46f019a5a,60.17918,24.95141,00000000675d5200,16.1
82,2019-08-01T10:07:00Z,25affa867bc07c7f530c5c851158e3929ef7f1be474af386fcf5a855,60.16762,24.95415,000000006b44cce7,9.92
83,2019-08-01T10:07:00Z,25ba1d935b732d84111de90372c411155869e76a90d96e5e5ea53b39,60.16762,24.95415,000000006b44cce7,12.69
84,2019-08-01T10:07:00Z,261ca7e5e2b32371c575f8348ac4ae4beb5a6e129886f86d57b33046,60.16829,24.94214,00000000afef4555,18.79
85,2019-08-01T10:07:00Z,26b477838d0bde0d2f30342bf59dd467283320a76a28a6270f79279f,60.14699,24.922,00000000a53ed894,5.41
86,2019-08-01T10:07:00Z,26d50768df95b4d66f59d497b1c4cff5e4849f115e4a0bc36ef7df2f,60.16762,24.95415,000000006b44cce7,8.38
87,2019-08-01T10:07:00Z,270749ab8e1a83f0dcbf45dc861bcc0e10361d103d7589841787e366,60.16531,24.9442,00000000fdda10fe,16.1
88,2019-08-01T10:07:00Z,294c222a07cf500ce4476589179fc125f31eb30da42e12509a6888e6,60.17919,24.95181,000000007b5207b6,12.69
89,2019-08-01T10:07:00Z,29795b9ff1f5a6605d8cd112953fbcc6f466c5eed26286a73fffba91,60.16762,24.95415,000000006b44cce7,12.69
90,2019-08-01T10:07:00Z,2a15c4b636f7378131aed0cd7d4fad71651d56a1fda33574634c1ef5,60.15432,24.9211,0000000019fb59c4,5.91
91,2019-08-01T10:07:00Z,2a2b7cc8bcaa14784f84859e24710c2ff917b7b0852902516ae6cdce,60.16897,24.95222,00000000aa852af1,23.56
92,2019-08-01T10:07:00Z,2ab773a0e27a3abdc056432e0b6f038d20deb42253579220dddcf1b9,60.16544,24.95398,0000000038d83d41,20.28
93,2019-08-01T10:07:00Z,2aefed500b9798ad89352ad1753a23e5c0a14c06422e56db4ff75fba,60.16629,24.95957,00000000fb7600be,21.87
94,2019-08-01T10:07:00Z,2c1f0c18231e147ff95d6fa5b4396910a8a3976e4014f1476311851c,60.16762,24.95415,000000006b44cce7,17.4
95,2019-08-01T10:07:00Z,2caaac60cc6003299da29950c5b5bac1896f61361ab05e0a72251ce7,60.16629,24.95957,00000000fb7600be,17.4
96,2019-08-01T10:07:00Z,2d747e413358a708952abad2ac8553a8f9170eb1829ed917e7189d96,60.16448,24.97323,0000000053c6c2be,20.28
97,2019-08-01T10:07:00Z,2f4c5791f02008231daa8e4177f9e3f155cdd4688e271d7b7f40c5a7,60.15133,24.92329,00000000e8a064a4,23.56
98,2019-08-01T10:07:00Z,3069d055d0210f33721d2e0638b02cda8b9e7af9b815b31cca178002,60.18203,24.91341,00000000342570c2,27.28
99,2019-08-01T10:07:00Z,30a9c1bea5159760108b8d17c10fc7a1322bdc3c2e1369e58324413e,60.16075,24.95883,00000000f1124bca,27.28
100,2019-08-01T10:07:00Z,315498049f3f86efca12f129313569248691aeaffbfe358efb180a87,60.16829,24.94214,00000000afef4555,9.92
101,2019-08-01T10:07:00Z,31e9af2d9c9b5d6dc915856b7ae0482f1cb2f9f656bdc1152d9db179,60.14947,24.91438,000000004ef3150d,29.32
102,2019-08-01T10:07:00Z,3285c0d7061e793758b34b2e12cc9c1670ddd142417e5c5654800927,60.16897,24.95222,00000000aa852af1,23.56
103,2019-08-01T10:07:00Z,32b5ea33f232196790267595f36e21d6a081d4367286fab5fdbd7a0c,60.16829,24.94214,00000000afef4555,11.7
104,2019-08-01T10:07:00Z,32ee33854f453c3f1c5cb42c76d02f4ef5f0d7d2917abaae5cfa4aac,60.16762,24.95415,000000006b44cce7,10.78
105,2019-08-01T10:07:00Z,3418905f4f9743f027ae2761e7797769bc1a8a63df2faa9807a00f39,60.16762,24.95415,000000006b44cce7,4.11
106,2019-08-01T10:07:00Z,34f1a209df0feacc311b1906ec881ec1282896ac408b9224f322e45d,60.16762,24.95415,000000006b44cce7,9.12
107,2019-08-01T10:07:00Z,3513ff0bf50635831265dd6d7da4e92d9aec8cdaac6c6ec126adab09,60.15432,24.9211,0000000019fb59c4,29.32
108,2019-08-01T10:07:00Z,3559305f9c9d33c214d845f0d1fa5627ddbfb0b1b0989e1db7f55577,60.1538,24.95595,0000000038bf9618,14.89
109,2019-08-01T10:07:00Z,35f893a4651150e2cd9edc5949c05f8a89849eb223f57920d316a43f,60.16829,24.94214,00000000afef4555,7.69
110,2019-08-01T10:07:00Z,366e5e3707cb5dc8f01a7f6214d6e1f3285a74a325ed2b69ecf6e31f,60.17918,24.95141,00000000675d5200,23.56
111,2019-08-01T10:07:00Z,3685ee6d322dcb2ad0ae181f66c3c5427d4531d7896d2f5f7571bb6d,60.16762,24.95415,000000006b44cce7,4.94
112,2019-08-01T10:07:00Z,36d4750034eba6e4aaab815c4c4371f95691ce4319b5fefb8a5cb965,60.16762,24.95415,000000006b44cce7,6.46
113,2019-08-01T10:07:00Z,3a0fc5c0ad176442db0e83d9a7098d8f400dfc2ce7060a3a9dc64dda,60.16448,24.97323,0000000053c6c2be,29.32
114,2019-08-01T10:07:00Z,3b5d10b5161266ada0a73468564427f364d4e44cb41c2f65d9d1fa42,60.14947,24.91438,000000004ef3150d,20.28
115,2019-08-01T10:07:00Z,3c47025dacacfde6df2efd10166dc2d8ab7f80ee006180efec1c2295,60.16762,24.95415,000000006b44cce7,7.05
116,2019-08-01T10:07:00Z,3d8872e5451952ead05784b0761b6e21f2c369e7112f67575732d2e1,60.18203,24.91341,00000000342570c2,20.28
117,2019-08-01T10:07:00Z,3f2d1b2faa4d23eb44e17787888dbfef81fea256fe86b85bd98c6ad2,60.16829,24.94214,00000000afef4555,11.7
118,2019-08-01T10:07:00Z,418f4f7f889b68996756f4eeeac3149fda4ba927e56c8d99cf7fd25a,60.1538,24.95595,0000000038bf9618,16.1
119,2019-08-01T10:07:00Z,421913c64beb3cca16def73f2b2d5fce045407e008705ac98c35d6e6,60.16829,24.94214,00000000afef4555,17.4
120,2019-08-01T10:07:00Z,422578b03ebfa29ecc9aba75c14b3e165c7cd6b73af689a16734f026,60.15432,24.9211,0000000019fb59c4,9.12
121,2019-08-01T10:07:00Z,42844e90c7134ebb3ec325f57cd27cd24711c779548ebc8692a820d5,60.14951,24.92138,0000000006dd41f6,3.4
122,2019-08-01T10:07:00Z,451173e48db185ea9d9d85129160949b23d856aa2d72b40ffef496a5,60.16448,24.97323,0000000053c6c2be,16.1
123,2019-08-01T10:07:00Z,4757f25bbf87135844481a5fc355a6930c7e7fe6f426ca21e969f503,60.16531,24.9442,00000000fdda10fe,20.28
124,2019-08-01T10:07:00Z,4818b6c6653364bf84df4ad134c466bf38f38eac5a197fbbe7f97aa2,60.16762,24.95415,000000006b44cce7,1.38
125,2019-08-01T10:07:00Z,482afff7301c278be3d71ad47b7b425c722ba57388a0db54be769e34,60.16829,24.94214,00000000afef4555,7.05
126,2019-08-01T10:07:00Z,4c8786c97eabf0ea1ee80b131b83c0381332177425a9b92e731ad64c,60.16762,24.95415,000000006b44cce7,13.75
127,2019-08-01T10:07:00Z,4ca82fa5647f9b69b3c35dad6f66a1e0594498258099339ac1cdfdcf,60.17065,24.93641,000000000f4919c9,8.38
128,2019-08-01T10:07:00Z,4d7ea2badf0bc44fab208031fb8fe8315123c1323512d023fd01f353,60.17918,24.95141,00000000675d5200,9.92
129,2019-08-01T10:07:00Z,4f0178c989546ffa151609be0916cf2bb3bf90a186a0f4f564e3b26f,60.16829,24.94214,00000000afef4555,14.89
130,2019-08-01T10:07:00Z,4f2c3e4597bbc5bd33e3589e966c0a36068bb6166e92f5230497e3e0,60.14947,24.91438,000000004ef3150d,11.7
131,2019-08-01T10:07:00Z,50267146588d2ef25971898af0a8aa0b5fab216f5765474010efdd0b,60.15432,24.9211,0000000019fb59c4,11.7
132,2019-08-01T10:07:00Z,50bd5f8f8bad680c53457fbd451481b8522775d1ee14fa49ab33a911,60.17918,24.95141,00000000675d5200,20.28
133,2019-08-01T10:07:00Z,52cec51dc6b70a5c382e77a05d4c5302e70a6ee08ef466b53572757d,60.16629,24.95957,00000000fb7600be,20.28
134,2019-08-01T10:07:00Z,53a4deb039e3d187058f54d17e9e42f389cd94547ca8c681d40db3e8,60.16762,24.95415,000000006b44cce7,17.4
135,2019-08-01T10:07:00Z,53e53bc550aef857a8700e089eee17e96d45fe2eb8c32e5876d22ed8,60.15432,24.9211,0000000019fb59c4,16.1
136,2019-08-01T10:07:00Z,561ae49510e31ed037a1a65b8a3d157b3eb9d0618193a837648ed7fd,60.16762,24.95415,000000006b44cce7,1.7
137,2019-08-01T10:07:00Z,56761a6baece2eb48541b3ba5c3742a7c59b75678c84e34f0ecb90e4,60.16448,24.97323,0000000053c6c2be,18.79
138,2019-08-01T10:07:00Z,568a3ae3435977ed20e58386e607dd0a54f9cdb0a24bbe296450495f,60.16897,24.95222,00000000aa852af1,27.28
139,2019-08-01T10:07:00Z,5795eabb5d112d14f41e4af87926b9592668a6cfc3985fa74004763b,60.17065,24.93641,000000000f4919c9,21.87
140,2019-08-01T10:07:00Z,584cb0b0cdd14e608c8b57c8aecc9826f9b40027e365e2438a444ea2,60.16762,24.95415,000000006b44cce7,12.69
141,2019-08-01T10:07:00Z,58a59b3ff262f055138a8daf006bbdcb6e3b1e8d45c53fe40d4caffe,60.17919,24.95181,000000007b5207b6,13.75
142,2019-08-01T10:07:00Z,58cc85f8755321ea2ffac2dac43a4830a11cd76e0e935e6a42691863,60.16829,24.94214,00000000afef4555,29.32
143,2019-08-01T10:07:00Z,5947ecf3ddc51d88e8daa3e36516203cdc351671be239de141acfefe,60.16829,24.94214,00000000afef4555,9.92
144,2019-08-01T10:07:00Z,59d86c0fde3dd63b3f2fd1022a35c39a15a2cbd9560e11ed304931cb,60.16829,24.94214,00000000afef4555,18.79
145,2019-08-01T10:07:00Z,5abbc374c476b2780a817d778a7b19406b91f074eb187983199b0199,60.16448,24.97323,0000000053c6c2be,23.56
146,2019-08-01T10:07:00Z,5b3c706498f23ff9102b7f9a1cf15f740703d8c4df0ea4222b696297,60.14951,24.92138,0000000006dd41f6,17.4
147,2019-08-01T10:07:00Z,5c26ec38261057883cffb1f3f09511707ae1ae0978c026c7a7a098c6,60.16762,24.95415,000000006b44cce7,12.69
148,2019-08-01T10:07:00Z,5dadaccbf435b9c006c155638dee6a0421277654c8d9b8741dfd9029,60.17065,24.93641,000000000f4919c9,23.56
149,2019-08-01T10:07:00Z,5e683cd36f73335a16b3893d280f725d4d4af62fb0870d73cfb24763,60.17918,24.95141,00000000675d5200,20.28
150,2019-08-01T10:07:00Z,5f47523802c6d02bc30a6aeedafad6ccaf7ad4bed1e194631d9b8c4c,60.16531,24.9442,00000000fdda10fe,5.41
151,2019-08-01T10:07:00Z,608ce645d503685fd953a764ba1b0a07cb1dcda97331532a88836bd0,60.17065,24.93641,000000000f4919c9,0.5
152,2019-08-01T10:07:00Z,61f1fa79af285b443c8950e3f54121afe3794d6cf133c516ee0fc66f,60.1538,24.95595,0000000038bf9618,33.81
153,2019-08-01T10:07:00Z,64fead54c23ffedead303fc750b32923243e6f6340ba81fad7fe4aed,60.16448,24.97323,0000000053c6c2be,16.1
154,2019-08-01T10:07:00Z,65104202b4758d3a1fa382c25574071dfe56cc7a5c330927c3684548,60.16829,24.94214,00000000afef4555,13.75
155,2019-08-01T10:07:00Z,6596f26b88c936dd973db1c902b17a85377f236117418e5417a6e8be,60.16762,24.95415,000000006b44cce7,6.46
156,2019-08-01T10:07:00Z,65ee127e9c33f78b0d1b2a84c7eb8063ec5cb6332f4284a2686c78db,60.17919,24.95181,000000007b5207b6,3.4
157,2019-08-01T10:07:00Z,66b04e62eb085e99d0d22bbbad405b75c3583a7c21b966a08d573be4,60.16762,24.95415,000000006b44cce7,12.69
158,2019-08-01T10:07:00Z,674fccaecf51d48efc25196d9be945bfe4320f6e4dd4339c825d24d3,60.16829,24.94214,00000000afef4555,17.4
159,2019-08-01T10:07:00Z,6851aa51a2a3bde0e69ddc1e853f561f161d4852a89a0c122f2ad201,60.14951,24.92138,0000000006dd41f6,25.36
160,2019-08-01T10:07:00Z,686605c5f1019d350d47696bfabce84d0df1a07354cfcd4cd1abca5e,60.16544,24.95398,0000000038d83d41,16.1
161,2019-08-01T10:07:00Z,68d9a94b2afaff95e2af1fdb62e2c9529963ec463c058e75d9dfeb15,60.1538,24.95595,0000000038bf9618,25.36
162,2019-08-01T10:07:00Z,6adb2aa35bbbed6c9eea37b2282cb03461c6cb9d67c7b486cc6e6fa9,60.17919,24.95181,000000007b5207b6,13.75
163,2019-08-01T10:07:00Z,6b4e85b883029091f32b8edba641f7ae282ceaf2b47150c38c9f9de1,60.16762,24.95415,000000006b44cce7,3.09
164,2019-08-01T10:07:00Z,6d9f2983e5e85bc8de500e3b87808b310b4bf821c34f7381427816b7,60.149,24.9843,00000000fffb8cf0,21.87
165,2019-08-01T10:07:00Z,6e7715a3df45ceffc0af7d0e9c3c0eddc20205b3f1a9850b88ba55cb,60.16897,24.95222,00000000aa852af1,27.28
166,2019-08-01T10:07:00Z,70a8aa4da90560a5c365867afc6f1764bcfa1453ebe03e83d1a24966,60.16762,24.95415,000000006b44cce7,17.4
167,2019-08-01T10:07:00Z,70d21f2d57c193e3ae73b96c6f52decd305e1b46310b042daa7c5320,60.16829,24.94214,00000000afef4555,20.28
168,2019-08-01T10:07:00Z,724086875b82dcdde71d46398b5bba3c55f3edc3a4bf70b2d6f86022,60.16897,24.95222,00000000aa852af1,13.75
169,2019-08-01T10:07:00Z,726e0f20bd75476d2642919c31682c62c0d2063aeeb1a398008fed40,60.14699,24.922,00000000a53ed894,21.87
170,2019-08-01T10:07:00Z,7293625efa0f166b8b2f39637f76881ccd55c9842dcdcbdf7ccd5421,60.15133,24.92329,00000000e8a064a4,18.79
171,2019-08-01T10:07:00Z,72a514f6bb6b4a40454a9573c09f3aa1f5db338373ae24d4e836edfa,60.16762,24.95415,000000006b44cce7,9.12
172,2019-08-01T10:07:00Z,72dd6b2bea9ac4526f31d9c68f9a2ee12d8f8701b715177f09d999c5,60.16762,24.95415,000000006b44cce7,9.12
173,2019-08-01T10:07:00Z,73c755c222bb14f0dd017007cbbe741103f9197689e9f00fbbb08aac,60.16448,24.97323,0000000053c6c2be,14.89
174,2019-08-01T10:07:00Z,74cb545f76f0bfc5498607247e26e814276a11ce91f77208054ecbc5,60.17002,24.94407,000000006b087f40,25.36
175,2019-08-01T10:07:00Z,77a066fb053e45727b1eef80464d529da1e48b1040355419963a36a0,60.17919,24.95181,000000007b5207b6,2.8
176,2019-08-01T10:07:00Z,77cd278802814c7b55d1d65e6a2ae2fda33f5c0d09c1d6ac6d670193,60.17918,24.95141,00000000675d5200,17.4
177,2019-08-01T10:07:00Z,77fa107b5f06dac4fc3d17a6774f6ca5c9fd8ef435d2b6a150877381,60.17919,24.95181,000000007b5207b6,4.5
178,2019-08-01T10:07:00Z,78dab71669e969b852ac6838f02d344357d21e9d6f06cf27af589428,60.15133,24.92329,00000000e8a064a4,29.32
179,2019-08-01T10:07:00Z,78e4dcceb828046435cfe37e513d19f8ca258220357258d4b331408b,60.16829,24.94214,00000000afef4555,4.5
180,2019-08-01T10:07:00Z,790daa1eb58a94469ac131c1c9b615c84d9565ee9f0bc38b5c8591c6,60.16829,24.94214,00000000afef4555,11.7
181,2019-08-01T10:07:00Z,79cfbb9e4bc8bd1bd5e206cee22d893866efc70fd26de8b0477ce456,60.14947,24.91438,000000004ef3150d,9.92
182,2019-08-01T10:07:00Z,7a0d3ec7b655cecfac3a704f228dbd70963761d3d1157f29b173da13,60.16762,24.95415,000000006b44cce7,3.74
183,2019-08-01T10:07:00Z,7a251f73d18e9f4a1bf7a177aca54af153f2dca8eee890d915958d83,60.16762,24.95415,000000006b44cce7,6.46
184,2019-08-01T10:07:00Z,7afe2b13abce25180fbf8b5de35cf8570952bb7958de2820e9e75012,60.16762,24.95415,000000006b44cce7,9.12
185,2019-08-01T10:07:00Z,7b149d4f0a22a3594a8cfff570165a56919b95ed605569213c284e63,60.16762,24.95415,000000006b44cce7,14.89
186,2019-08-01T10:07:00Z,80451bc46f6e793a3694d9485ee14e4305f795f03d636f72a48ba7cb,60.17918,24.95141,00000000675d5200,5.41
187,2019-08-01T10:07:00Z,80efc2687c36a8e8a14aebc4448b44f01b66f5c13d8b254b35182c7f,60.17918,24.95141,00000000675d5200,11.7
188,2019-08-01T10:07:00Z,81db366436d9aa8cc8e7445e0c41bb803eb4a5c0573e01c9005ad4a8,60.1538,24.95595,0000000038bf9618,27.28
189,2019-08-01T10:07:00Z,821418b45477094c194c0d392638b5004af11564a198f1e8a5c1a388,60.16829,24.94214,00000000afef4555,10.78
190,2019-08-01T10:07:00Z,83123ff542e2a391514c9a866a34564f796140996cb9d2ba5146aceb,60.16762,24.95415,000000006b44cce7,3.09
191,2019-08-01T10:07:00Z,84c2f81a4630036d33ea70735b49d99c2f4649bf65a9eef390d2cb33,60.1538,24.95595,0000000038bf9618,20.28
192,2019-08-01T10:07:00Z,84dc78e69ff3a773b52e0ebe01bf9ef1a5663912ec2eb7dff8db0f0a,60.16448,24.97323,0000000053c6c2be,11.7
193,2019-08-01T10:07:00Z,85a0c4779e909b15504250c8443c05a5b715bf2a09b1f59244377d2d,60.16762,24.95415,000000006b44cce7,9.12
194,2019-08-01T10:07:00Z,85a3947e6328ce6ea7fa652960b21f99f734ca763720cbb479b60c7b,60.16829,24.94214,00000000afef4555,18.79
195,2019-08-01T10:07:00Z,8632d446cc779fcc4575bb1d76c8842d4e63662802aacf940df7e641,60.16829,24.94214,00000000afef4555,16.1
196,2019-08-01T10:07:00Z,865db2b3052bfbe96ac50b6fd6cece356d7d6a4c813d281f84c42d4d,60.16762,24.95415,000000006b44cce7,6.46
197,2019-08-01T10:07:00Z,86bab40bbf443857b4ba6d5314d148376aec7b7c3520ec6eb5922c9f,60.16829,24.94214,00000000afef4555,13.75
198,2019-08-01T10:07:00Z,89ad3a9b9ee5b0a9c96f3b605651da4092867c52ba98cd1858960a19,60.16829,24.94214,00000000afef4555,18.79
199,2019-08-01T10:07:00Z,8bb349cbd3b7291f59162a132444b95197a8923a0052144238bacb7a,60.16762,24.95415,000000006b44cce7,4.11
200,2019-08-01T10:07:00Z,8bd0ce161a7c808f56c27ccb1d759330c0bf278faa49e6230c94a048,60.16448,24.97323,0000000053c6c2be,20.28
201,2019-08-01T10:07:00Z,8c1416b7dd3e3af58d06dffa6ade8fd67add92ac74f672de9ef6c924,60.16448,24.97323,0000000053c6c2be,23.56
202,2019-08-01T10:07:00Z,8c68a4fa5f043e783db2c481feba785fe4683d9da0783e36752e38e3,60.1538,24.95595,0000000038bf9618,62.07
203,2019-08-01T10:07:00Z,8d103c6da1557836b8af72c3eb05ca25c8e0c6c9d002f7f00b29be01,60.16762,24.95415,000000006b44cce7,9.92
204,2019-08-01T10:07:00Z,8d5e893f77b3d167ebefad4ecab181fea08513599a6f9450f0b9a827,60.17919,24.95181,000000007b5207b6,21.87
205,2019-08-01T10:07:00Z,8dc2b2e585097af9190f8e92c46358a65ee8ea0e92db06bced120744,60.17002,24.94407,000000006b087f40,29.32
206,2019-08-01T10:07:00Z,8dc58fd909323e8930769007025b112aa3f77d6979b2db47ee4881f3,60.17918,24.95141,00000000675d5200,9.12
207,2019-08-01T10:07:00Z,8e6cdc8781250492e0070f3f8d971b4a53a22912772a1a236037ce09,60.17919,24.95181,000000007b5207b6,17.4
208,2019-08-01T10:07:00Z,8e74f66ca69c62d4ae71edf21c90fd9c9d16f2a4d910e2552fd3a779,60.16448,24.97323,0000000053c6c2be,17.4
209,2019-08-01T10:07:00Z,8f1091be1d9228fe8e376d5bb1a55313a332f4cee67b697ad439841e,60.17918,24.95141,00000000675d5200,7.69
210,2019-08-01T10:07:00Z,8f6d76cf3edf3a759949fcb1196e5b1787f0157b8b4b6445dfd7ed59,60.16762,24.95415,000000006b44cce7,14.89
211,2019-08-01T10:07:00Z,8fa58e44a9ecdbc595baae120a0fbda793e533593c20cd004eb84ce3,60.16829,24.94214,00000000afef4555,8.38
212,2019-08-01T10:07:00Z,8fafb390a31ff8aca342e9fd7c46c8fde8f708b497501c9918619601,60.16829,24.94214,00000000afef4555,8.38
213,2019-08-01T10:07:00Z,91e5193560521c08e41855183d1e558908a7cec3649040017e64f738,60.17919,24.95181,000000007b5207b6,13.75
214,2019-08-01T10:07:00Z,91ebda4ad9b96cdea155805bc5a3ad25fec36256bac044fde0745272,60.16762,24.95415,000000006b44cce7,6.46
215,2019-08-01T10:07:00Z,942ef404a9efe51d2c4b0bb2f042ef3dee37af66420621538c726168,60.16762,24.95415,000000006b44cce7,2.8
216,2019-08-01T10:07:00Z,94dbcd3a943059c2620a874e9216aafc86318ce605d391d053136de0,60.16762,24.95415,000000006b44cce7,6.46
217,2019-08-01T10:07:00Z,95260d00d3b47d579cff5a921c3dddeb88b24b7fda355c9383604814,60.17918,24.95141,00000000675d5200,13.75
218,2019-08-01T10:07:00Z,95a56fb1428086afa58155270e963c32f28576c58adb0d5298e8c1f5,60.16762,24.95415,000000006b44cce7,16.1
219,2019-08-01T10:07:00Z,96c3f0f3124a230c9b7de0c38bb7c5f385181b4a8b4b58c444c15796,60.16762,24.95415,000000006b44cce7,3.09
220,2019-08-01T10:07:00Z,970daf4dd184bf5a670f102628746c5025c9029e408d19db1562e125,60.16829,24.94214,00000000afef4555,20.28
221,2019-08-01T10:07:00Z,9757eadf5c747eeac3a4ceec6049e26fe3da6d6ca7701e358ad5b8e7,60.16762,24.95415,000000006b44cce7,18.79
222,2019-08-01T10:07:00Z,97d4d9570dc24f185d1f0d1a7a7eaba4fef5abb3bd68551be6b4b492,60.15432,24.9211,0000000019fb59c4,20.28
223,2019-08-01T10:07:00Z,97df1af971f73523f7a1039346db15210ca1fb0105efd705a9af4758,60.16829,24.94214,00000000afef4555,7.05
224,2019-08-01T10:07:00Z,9816ba3e3a265c526e329d8b294b231ff4eb543551128efc0ca64982,60.17002,24.94407,000000006b087f40,7.69
225,2019-08-01T10:07:00Z,985a8730baaa797ff9a0cd92821b1840e1a10d0847c6bb3880e4e57d,60.16531,24.9442,00000000fdda10fe,27.28
226,2019-08-01T10:07:00Z,9862e06de79414ec71ca037e52649ee43e5f7e8870ba99804ac3cff1,60.16897,24.95222,00000000aa852af1,27.28
227,2019-08-01T10:07:00Z,995622b36b5529900ff5f6a3a48dbd63bdf0e6c0050c53a1d6eef14c,60.17919,24.95181,000000007b5207b6,17.4
228,2019-08-01T10:07:00Z,99861cf536143ccd9159f31d6d5bbd26ff8485077e42a45cb9a33bc7,60.17919,24.95181,000000007b5207b6,9.12
229,2019-08-01T10:07:00Z,99a026b5100e23129fa529e9a57a3dbc8490dc03b58f2193f03e2dcf,60.14951,24.92138,0000000006dd41f6,6.46
230,2019-08-01T10:07:00Z,9ac1adfc085cc1cc0f04b4a45375f37e69b16db41f7d26e8f5a548cc,60.17002,24.94407,000000006b087f40,4.94
231,2019-08-01T10:07:00Z,9b348ffa0b0479aa2b00e86dcd8b0ec55978d717626a85062ff34982,60.16829,24.94214,00000000afef4555,9.12
232,2019-08-01T10:07:00Z,9c262ba852847e0ae400ae9040e8b27060d541210273c8f596a20400,60.17919,24.95181,000000007b5207b6,4.94
233,2019-08-01T10:07:00Z,9c81399c4895d2753bbd7b67bf2e74baf5652d63863b9bb951198e32,60.16897,24.95222,00000000aa852af1,4.94
234,2019-08-01T10:07:00Z,9db34e89d6e0e9f9376d1d5e3db6916d129fe6958c5eea42e5fb8ed5,60.16897,24.95222,00000000aa852af1,13.75
235,2019-08-01T10:07:00Z,9e3298b4466d768ad58e93500fb73a54156356f1e5cba6564e8b545c,60.15432,24.9211,0000000019fb59c4,16.1
236,2019-08-01T10:07:00Z,9e927b1e87f45b2c89a694c49da8922ce180a737f0e8a7cd1476ad29,60.15432,24.9211,0000000019fb59c4,27.28
237,2019-08-01T10:07:00Z,a0842c996af775fb8a2c8680cbbc1264e322c4a030dac89a036b613e,60.16829,24.94214,00000000afef4555,3.74
238,2019-08-01T10:07:00Z,a174867d4413da4eb9fa26054b2c20cb1d069e56d1856b35a578ebe8,60.16531,24.9442,00000000fdda10fe,31.5
239,2019-08-01T10:07:00Z,a1ea1868c2aa3cc38a975a01e525b1d4fdfd5400252147539af666b5,60.16829,24.94214,00000000afef4555,4.5
240,2019-08-01T10:07:00Z,a3e223f4dc80d6b43c4a1b10db65effadfdcbe87c45d315fdbb9b9ae,60.16629,24.95957,00000000fb7600be,20.28
241,2019-08-01T10:07:00Z,a4089c035a57c27b4f5693fdc2d2606efcffcbe01c05246d93f739a0,60.16762,24.95415,000000006b44cce7,4.11
242,2019-08-01T10:07:00Z,a60f7a5b28256869120065e4a4257578c25ee91a728de2e20ab5ad24,60.15432,24.9211,0000000019fb59c4,7.69
243,2019-08-01T10:07:00Z,a62c20ef43b2f322ec9526ce6b42a0eea48f06694d86fdff7bc7d411,60.16897,24.95222,00000000aa852af1,18.79
244,2019-08-01T10:07:00Z,a69ed28476375afc228d979fe79cfed7ae73c12d9bec43d9f391ae8f,60.17919,24.95181,000000007b5207b6,20.28
245,2019-08-01T10:07:00Z,a6d0b3c0509ac80c4fca2773ee3b519801d204dcc027b2ef80dade84,60.16897,24.95222,00000000aa852af1,12.69
246,2019-08-01T10:07:00Z,a808962cb511e5ed2d23e6e33efe252b1be29dc1d2f7c6154817f04f,60.16448,24.97323,0000000053c6c2be,17.4
247,2019-08-01T10:07:00Z,a82157d3bc5df03d6567768ab5026298e3d367e6977987e8f6ff833e,60.16531,24.9442,00000000fdda10fe,13.75
248,2019-08-01T10:07:00Z,a838fe521ed943ab5d8f7c5d408246fb2370ea139b12544208826ea9,60.16762,24.95415,000000006b44cce7,9.12
249,2019-08-01T10:07:00Z,a895d2f615934f3af92fd2ea9a5caddfa1b1092f75441844fffeb34c,60.16762,24.95415,000000006b44cce7,9.92
250,2019-08-01T10:07:00Z,ab2e9fe2b9767c48b5fdf298d636e80a2fd7ed6bf8374d45f60a6081,60.17002,24.94407,000000006b087f40,25.36
251,2019-08-01T10:07:00Z,ab7c54276b2011c2edc69d313f2e5b41f0f367e8665f23a25a70ff93,60.1538,24.95595,0000000038bf9618,41.64
252,2019-08-01T10:07:00Z,ae37ce282cc7d4b73e50134876e773c46fd20e9a37ded686a5ca9acf,60.17919,24.95181,000000007b5207b6,27.28
253,2019-08-01T10:07:00Z,af78f533f4e0b0da394889b38ed64f40530a3fa51be4e6c53acd2b05,60.16762,24.95415,000000006b44cce7,3.4
254,2019-08-01T10:07:00Z,afea15484e4876ef13f9349cfa7b6e1126a717ffe9617fd560d2caa0,60.17919,24.95181,000000007b5207b6,5.41
255,2019-08-01T10:07:00Z,b0549428598be139e81f9ac9b4225ff68ef32fed7c8da701b754e0f7,60.16897,24.95222,00000000aa852af1,7.05
256,2019-08-01T10:07:00Z,b18c652d4f7e3105251ab8d5d4d1ab445d33bf6f9c3fbd6e9e3121d3,60.14947,24.91438,000000004ef3150d,13.75
257,2019-08-01T10:07:00Z,b315785d0d8a960a3d87663aba3781efc3aac257544883ad3b8504ac,60.16762,24.95415,000000006b44cce7,3.09
258,2019-08-01T10:07:00Z,b47518cb9b818c99128331bf6b7008cf4c68ade6438b075f754aa381,60.16829,24.94214,00000000afef4555,29.32
259,2019-08-01T10:07:00Z,b47610a7eec81baf05646cab83cb4caf78845d3d6f0d89cd0f140049,60.16544,24.95398,0000000038d83d41,27.28
260,2019-08-01T10:07:00Z,b498290b5ec3f34f51329d2a42e0c0f89230752370f9378f3429cbbf,60.16829,24.94214,00000000afef4555,13.75
261,2019-08-01T10:07:00Z,b4bca1b1a0ebdf640f8678aab841cb1f91ae7b3bc3a724ad8c175525,60.16897,24.95222,00000000aa852af1,21.87
262,2019-08-01T10:07:00Z,b4c4f51cc31c8e350b0c35ca75b84bec44dd5126bfc287c3107ef03b,60.16762,24.95415,000000006b44cce7,9.12
263,2019-08-01T10:07:00Z,b5349596c6dd26c742b458ec05aca7ac3f8e6b4bad0c10b59903e2ac,60.17002,24.94407,000000006b087f40,7.69
264,2019-08-01T10:07:00Z,b638d8d494cf90178be466d800bd276905852529db83cbad901440e3,60.16897,24.95222,00000000aa852af1,18.79
265,2019-08-01T10:07:00Z,b65cff598ff50d0b21144d5ff7b87d06006db215b16134c9de6e4ad7,60.16531,24.9442,00000000fdda10fe,31.5
266,2019-08-01T10:07:00Z,b732942784e38fb622f2cb43ac988d5e6f3a6e6b9971c799b9bf53ce,60.16762,24.95415,000000006b44cce7,12.69
267,2019-08-01T10:07:00Z,b792c7e0c08582b8c1f4e610d83bee7a96c222e98f1e4d092c43714a,60.16762,24.95415,000000006b44cce7,5.41
268,2019-08-01T10:07:00Z,b7f3c2a7f0b0475a15b9534a042043871fd0c8072870fc0281ab5b4c,60.16897,24.95222,00000000aa852af1,17.4
269,2019-08-01T10:07:00Z,b9ce6e3e62701c1c10541029eaac8cefd39177a5e12be49215ca58b2,60.14699,24.922,00000000a53ed894,3.74
270,2019-08-01T10:07:00Z,bb23793d6f94157422c96a3aaebe8dfd7e57905c8b7d78d234606e1c,60.16629,24.95957,00000000fb7600be,18.79
271,2019-08-01T10:07:00Z,bb8b7412cd2a921217fb2c3fdf76381a81307dd6367a363b083e737a,60.17919,24.95181,000000007b5207b6,5.91
272,2019-08-01T10:07:00Z,bc6251079d5f7cfe132de335120550d4dedf6fbaefa50dbb8f572e48,60.16897,24.95222,00000000aa852af1,23.56
273,2019-08-01T10:07:00Z,bd3a80691bcd41e768e9de61509e088a75f4fa2c7cfa630b0f6e2ae0,60.16762,24.95415,000000006b44cce7,4.11
274,2019-08-01T10:07:00Z,bd82fa27b29b09452666113827e5cb6881bc4f75ff359363c5d7311c,60.15432,24.9211,0000000019fb59c4,23.56
275,2019-08-01T10:07:00Z,bf171d9ffcf42c8f64cb2fea196907603f796a62478421fcd91f6df3,60.16531,24.9442,00000000fdda10fe,6.46
276,2019-08-01T10:07:00Z,c17864c1cff2ba6816476a84d47aa5cb48a202bb9d36a008c4ab4573,60.16829,24.94214,00000000afef4555,14.89
277,2019-08-01T10:07:00Z,c1eef635d3ffea99ff078c6020a28dd0ccbc9668773003f2fe09e460,60.16762,24.95415,000000006b44cce7,12.69
278,2019-08-01T10:07:00Z,c3412873ab0d739a9099e5a51e4bda3f328b047befc321c77c26f11e,60.16629,24.95957,00000000fb7600be,12.69
279,2019-08-01T10:07:00Z,c57950cd514ff00c0c4ee6fed94d588764f81f5674bfa1aad1d2e851,60.16075,24.95883,00000000f1124bca,29.32
280,2019-08-01T10:07:00Z,c6780142a176532ec25a5d17529ba599c498a5a997d843ece81f6619,60.16531,24.9442,00000000fdda10fe,16.1
281,2019-08-01T10:07:00Z,c68a48dcb6c203e6424339d5a383c656daacb3fe13cadb1e330dc2d1,60.16531,24.9442,00000000fdda10fe,13.75
282,2019-08-01T10:07:00Z,c8033cbf6d68a2b2d7b5bbbf1a2b0c16de05cc94a2670752019c5f3c,60.17919,24.95181,000000007b5207b6,8.38
283,2019-08-01T10:07:00Z,c88386076840c26123f02c89510161e24c8e189c23b3f10b96e4d0b1,60.16762,24.95415,000000006b44cce7,8.38
284,2019-08-01T10:07:00Z,c90ec8018ad346526ae2acbe12851906d4c2b5a5842f0316caf588c7,60.16629,24.95957,00000000fb7600be,10.78
285,2019-08-01T10:07:00Z,c958ed4701ff4eb33ac843083d22ba8a5a6e37021ad8c5e90bfa4bec,60.14947,24.91438,000000004ef3150d,14.89
286,2019-08-01T10:07:00Z,ca3627123b880de6c83c56ff9dcf3591ce09bb901419561d89040844,60.16829,24.94214,00000000afef4555,17.4
287,2019-08-01T10:07:00Z,caea38923b586454facda21a11bf7e4e559790600e2260a0ae2277fe,60.17919,24.95181,000000007b5207b6,23.56
288,2019-08-01T10:07:00Z,cb52f72ac3558516275a84b8d2f17e8d049c3fec98be05558af36c00,60.16448,24.97323,0000000053c6c2be,27.28
289,2019-08-01T10:07:00Z,cba8f99c7e52a0af0ecf8ee5cbed41debd46c4b8771e2968809f9a0d,60.17002,24.94407,000000006b087f40,25.36
290,2019-08-01T10:07:00Z,cc74ed6ad9e3e8ee40924c588f1681b6e0b3f0e539511479b1337856,60.16829,24.94214,00000000afef4555,13.75
291,2019-08-01T10:07:00Z,ce30c7b712ffc6f010c8a62ee91903d4ff74ae59a66ce09fd1897af5,60.16897,24.95222,00000000aa852af1,8.38
292,2019-08-01T10:07:00Z,ce85db547c464eb0054009b4855c9fb4f589d9267863e915cc0c84c7,60.17918,24.95141,00000000675d5200,2.08
293,2019-08-01T10:07:00Z,ceab88fbe9848ceae686cb391f792f192419b4d13a8dc6e1b1e7466d,60.17918,24.95141,00000000675d5200,4.94
294,2019-08-01T10:07:00Z,d062be61ad0b337d2b1ab170b561c4b9b8012f19418bbd7e21d802a3,60.16829,24.94214,00000000afef4555,3.4
295,2019-08-01T10:07:00Z,d0ae4fabf429edbfdad59f8183cc6e5929f68633315448c9b83d4c16,60.16762,24.95415,000000006b44cce7,5.41
296,2019-08-01T10:07:00Z,d12fe8710b083a0ae0aba38835324cbaf1a86cabd3a9b1971de0132e,60.15432,24.9211,0000000019fb59c4,10.78
297,2019-08-01T10:07:00Z,d15a9d5fffd22c66b537c88a79b59ef7bbe50453a533a9b7658de752,60.17065,24.93641,000000000f4919c9,31.5
298,2019-08-01T10:07:00Z,d2e851e027b648aad165c7a75ad409a968b2a0ca9a88522ad8c96f23,60.15432,24.9211,0000000019fb59c4,7.05
299,2019-08-01T10:07:00Z,d39ced77d0456e94fefae3a7f5c52357a9b109662b9f09009a2fc961,60.16829,24.94214,00000000afef4555,23.56
300,2019-08-01T10:07:00Z,d3fd8dd665b8ae46e832e57bd94e1d9c6505ed9f6ee9c278a9fb4072,60.14947,24.91438,000000004ef3150d,16.1
301,2019-08-01T10:07:00Z,d4b458043b6676e3863e99a9d90574c5e03ddb8d3df8ca419cf8675f,60.16897,24.95222,00000000aa852af1,21.87
302,2019-08-01T10:07:00Z,d6723285267406873704fdb7d82c8e255ae106035c1f02a8c93b81d2,60.16544,24.95398,0000000038d83d41,25.36
303,2019-08-01T10:07:00Z,d6bda2b7d028fc491d3b1a6ca3f857fe0a2354bd5b5342e9debcb320,60.16448,24.97323,0000000053c6c2be,18.79
304,2019-08-01T10:07:00Z,d7422a77d7860b8485dc0831f3ba6a3e13ef11662688a35841c82c69,60.16897,24.95222,00000000aa852af1,17.4
305,2019-08-01T10:07:00Z,d783787490a46c3bd813b997559b3c0c72202b71210258075567832c,60.17918,24.95141,00000000675d5200,10.78
306,2019-08-01T10:07:00Z,d80557ec59cb9bc000869e1a5bca64809a667832d7e89467bdf4db8d,60.16829,24.94214,00000000afef4555,17.4
307,2019-08-01T10:07:00Z,da5a7a95251e4c3a23f613fdef4130e7191114e1ddb817442f9c8e59,60.16762,24.95415,000000006b44cce7,27.28
308,2019-08-01T10:07:00Z,db1a3d689c2df2d292a6f668997392e13e9f55e1adb84ab8c6c95565,60.17919,24.95181,000000007b5207b6,7.05
309,2019-08-01T10:07:00Z,ddb0e1d567e25c1283affa02ce3c532e4066cfa6afe16946bea7b181,60.17918,24.95141,00000000675d5200,9.12
310,2019-08-01T10:07:00Z,dea87c3baaee9dbc9d332bd75cc2ed0920c11312ca402f5670928bd2,60.16629,24.95957,00000000fb7600be,14.89
311,2019-08-01T10:07:00Z,df0875ef1539aff446403009c8179fbd518afe391fda084355c15d35,60.17919,24.95181,000000007b5207b6,16.1
312,2019-08-01T10:07:00Z,df3e114b08b0a3d45d4156b267de2f1c77d041e504672e01ae7efb5f,60.16762,24.95415,000000006b44cce7,12.69
313,2019-08-01T10:07:00Z,e006f5e879fab11ad09cedcbd8e02c197db94d3e2634e3100e8f5221,60.16829,24.94214,00000000afef4555,7.05
314,2019-08-01T10:07:00Z,e050d9f2e0ab6048e839deac9be42e2107934d5ff6b7a4d4997f36bd,60.16829,24.94214,00000000afef4555,10.78
315,2019-08-01T10:07:00Z,e0ac6a908d78b1322d269cf69bbc658bc57ccbc0f15cbc25bc493010,60.16762,24.95415,000000006b44cce7,6.46
316,2019-08-01T10:07:00Z,e0c761fe43dfed352e929821aa9b53eb88d1c5f48c5ebff29c288417,60.16829,24.94214,00000000afef4555,17.4
317,2019-08-01T10:07:00Z,e1a5dd44723354c9d81f4ed3f64c964c1eb00c873960d11fac1bb3f4,60.16544,24.95398,0000000038d83d41,21.87
318,2019-08-01T10:07:00Z,e218a6ae8a57b97b66fc1ac169b652d8599cea741250dfe1c40dc41e,60.16829,24.94214,00000000afef4555,9.92
319,2019-08-01T10:07:00Z,e27118baa60e1ca7733e37e1830b045480747bc9c9c97960855cde91,60.16629,24.95957,00000000fb7600be,20.28
320,2019-08-01T10:07:00Z,e2d7dac8db1da56acac4849f9a1467c68240a6fcdb740f554b1cfc83,60.16629,24.95957,00000000fb7600be,23.56
321,2019-08-01T10:07:00Z,e320bf3db5e307c0f0c598be33b6ee3d5c013ef07ff083a81c030caa,60.16544,24.95398,0000000038d83d41,25.36
322,2019-08-01T10:07:00Z,e442eea16d9ecfc06c96f6a591df46cf804a87b9633f1416dba1556d,60.1538,24.95595,0000000038bf9618,25.36
323,2019-08-01T10:07:00Z,e4b73f37632c36ad424fcfe9f8a3d98f7c0ffcaf8d5fafdc72a4cf61,60.16762,24.95415,000000006b44cce7,7.69
324,2019-08-01T10:07:00Z,e4b953adcfdb83e4dfd36b574e9bdf793f233c19410121409f36af23,60.16762,24.95415,000000006b44cce7,12.69
325,2019-08-01T10:07:00Z,e4c4ad81e034bf1b88ab3be597214f22764d867940332296e87ce540,60.17002,24.94407,000000006b087f40,31.5
326,2019-08-01T10:07:00Z,e4c8657e84a635e778d2d8c51f6c7ed525912977e4937fc6e0c00648,60.16762,24.95415,000000006b44cce7,8.38
