,time,hash,latitude,longitude,serial,distance
0,2019-08-04T11:06:00Z,004c3624f943830bc6a9f17173a2cd0996622cade5184ad2b9fba729,60.16897,24.95222,00000000aa852af1,7.69
1,2019-08-04T11:06:00Z,0152988639aaaa9cc27213280c8f0c0c8ec97ae6a45aaaf743c9c25d,60.16544,24.95398,0000000038d83d41,23.56
2,2019-08-04T11:06:00Z,09a0d89e977eac08cb8877af0472d861a9c86439072251d53a13d931,60.16829,24.94214,00000000afef4555,14.89
3,2019-08-04T11:06:00Z,09ddbf38333e76a79fd836112bd8c3f8bf7f3dadfb3d49945ad4c486,60.16897,24.95222,00000000aa852af1,8.38
4,2019-08-04T11:06:00Z,126e7fa4dd9205201617bdc0c7c346bfb57e1a75d3d7d3d9c260d51b,60.16629,24.95957,00000000fb7600be,21.87
5,2019-08-04T11:06:00Z,128f1b89d7a534aa206a7823b692594bbd4d349761baa04c0fc72f2c,60.14947,24.91438,000000004ef3150d,4.5
6,2019-08-04T11:06:00Z,14c7e1511b70f4dd3359cbece1377aebb4d70531f5489eefe53d7c3c,60.16544,24.95398,0000000038d83d41,23.56
7,2019-08-04T11:06:00Z,165ebbb4090d47319ae370f0d0854fdc1f6b79499f8b2e4d3c3533c0,60.16544,24.95398,0000000038d83d41,25.36
8,2019-08-04T11:06:00Z,1bba37ee9376f8052f3606bb777546c2c4d1e84dad7afd93d4cffa45,60.16762,24.95415,000000006b44cce7,11.7
9,2019-08-04T11:06:00Z,25a7ff811c3c06e426c7c2cbb0433d9a2a3399b23afecbd35584ab0f,60.18203,24.91341,00000000342570c2,14.89
10,2019-08-04T11:06:00Z,269109af99b12861eeb19ab8698033d9c00895687da47af3f4310e9d,60.16762,24.95415,000000006b44cce7,5.91
11,2019-08-04T11:06:00Z,32dd92b5a658392a4ec84eaf95152ee72258b6b0fb670b97882ac902,60.16829,24.94214,00000000afef4555,8.38
12,2019-08-04T11:06:00Z,3b5cafe90982db26cf737b2e4cd4275276f6a031bca3b2a1f73023b2,60.14699,24.922,00000000a53ed894,13.75
13,2019-08-04T11:06:00Z,3fe5f4ccfa5c777ceafda0674d7c9da6f509f6694b4c2fa254b32e73,60.16897,24.95222,00000000aa852af1,20.28
14,2019-08-04T11:06:00Z,44d0b94469070803869f229601e877beb613c3f5aafa009addf97a1a,60.16544,24.95398,0000000038d83d41,18.79
15,2019-08-04T11:06:00Z,4656bad9b5e6dfc3977eca308fc1db3dbf8b0204b90d09b001da242e,60.1638,24.96846,00000000d747f075,18.79
16,2019-08-04T11:06:00Z,54f040219b954e68101c83a5a6bacf046961c7a1d9a779fa291fa47b,60.16531,24.9442,00000000fdda10fe,17.4
17,2019-08-04T11:06:00Z,5d65719c4cbf045f068d084b72302f447d5fd034413d97d13be00d0e,60.18203,24.91341,00000000342570c2,23.56
18,2019-08-04T11:06:00Z,5eed115a984d490b02b602d73787aee8dc8c4e9365b77fbff3818a76,60.16629,24.95957,00000000fb7600be,18.79
19,2019-08-04T11:06:00Z,69219e9efa41ae9e732653e9eaf08e1a34cb853a9dafe76ddeea4d04,60.16897,24.95222,00000000aa852af1,18.79
20,2019-08-04T11:06:00Z,6a70e2fbced719333e21eff04fcb9cb36bae9a04d1a3d6ddd96f2c58,60.15432,24.9211,0000000019fb59c4,4.5
21,2019-08-04T11:06:00Z,6f06341f358e61699fe1e55e986dd0554bc8da28b91daf0c5ad99db6,60.16629,24.95957,00000000fb7600be,21.87
22,2019-08-04T11:06:00Z,7b86b21e27718933d3208d5e25607c06d83191230a570a61f8b8a40f,60.16762,24.95415,000000006b44cce7,25.36
23,2019-08-04T11:06:00Z,85ef35aecf2ff804be3d958b592705ec41c6df9c128c132c65bb283d,60.16897,24.95222,00000000aa852af1,20.28
24,2019-08-04T11:06:00Z,87dfaad29a9276ddddb1fa021d3bc23ad14824c1af16f7d87e713689,60.14951,24.92138,0000000006dd41f6,9.12
25,2019-08-04T11:06:00Z,88808fe92573e9cdf022cc15b9689b6b4b9429f60513c8897b0ba4c7,60.16897,24.95222,00000000aa852af1,20.28
26,2019-08-04T11:06:00Z,89982a6acf91b79a282a6b63978e946ee205f303fcd20e944e06baf0,60.16544,24.95398,0000000038d83d41,23.56
27,2019-08-04T11:06:00Z,92aae21a6e0dd2ff71fc591b64e878502bd4677b64ac413632e9f7c6,60.149,24.9843,00000000fffb8cf0,10.78
28,2019-08-04T11:06:00Z,9843c6216661048343a0e49cf3d8aa2883cf77f452666a1c873a1052,60.16448,24.97323,0000000053c6c2be,27.28
29,2019-08-04T11:06:00Z,9992834418850939882f3b334eee492eb98d4f9d6d6118f9ee108793,60.16762,24.95415,000000006b44cce7,10.78
30,2019-08-04T11:06:00Z,9fc0711d7e7722eff7faa0cb6f17846680c06515c1eb93dd49ebcf25,60.14699,24.922,00000000a53ed894,16.1
31,2019-08-04T11:06:00Z,b5fd6b317890e5ab2d79e2cd1abe61626d45a753c7337d0d40728898,60.16762,24.95415,000000006b44cce7,9.12
32,2019-08-04T11:06:00Z,b936e41d8712ae967f3ebb413fc44f060bb10613f95537757886ede2,60.16762,24.95415,000000006b44cce7,14.89
33,2019-08-04T11:06:00Z,c40c37def6bf11a63a2556519a7c6233fd417cdeea2cf14f28e7c42c,60.16531,24.9442,00000000fdda10fe,23.56
34,2019-08-04T11:06:00Z,ca6927628f5ddda20036865c9345ad93d476d62ade3b181de568eed6,60.16897,24.95222,00000000aa852af1,21.87
35,2019-08-04T11:06:00Z,cf05623e4d87ce0906c0b0b7dbf53aacc1228016cd27c341228b6e76,60.18203,24.91341,00000000342570c2,18.79
36,2019-08-04T11:06:00Z,cfc0bedb78ded52749db3188cb188bf6a250ef5990da9c5afa9623fc,60.14951,24.92138,0000000006dd41f6,23.56
37,2019-08-04T11:06:00Z,d15e7dd5136b83a36b80f68b15b4163e9a4e277740c84a30cc7a4bcc,60.16829,24.94214,00000000afef4555,14.89
38,2019-08-04T11:06:00Z,dbeb00942457ba3c5fb1984b57b1dedb268c0e761e80729b939f1fd8,60.16544,24.95398,0000000038d83d41,25.36
39,2019-08-04T11:06:00Z,de70f4707e34262e09161e7b3a8459b6f250e5462f70ff48f3178bb9,60.16829,24.94214,00000000afef4555,9.92
40,2019-08-04T11:06:00Z,e224ae5ea47af2e3048f83b13a1f45dc135c0ca6be72547b01729086,60.1538,24.95595,0000000038bf9618,29.32
41,2019-08-04T11:06:00Z,e764c1a69976425ee9c1982ca445db7a575a9d610bcb2215eeb2a728,60.14947,24.91438,000000004ef3150d,11.7
42,2019-08-04T11:06:00Z,e8e366e76c97944e23c0f80b4fd3ce6e5832744922297146a49f0c7e,60.16762,24.95415,000000006b44cce7,11.7
43,2019-08-04T11:06:00Z,ed70dda6b7faebd4340dacdb452ab224d9d3c308df417b7fa76f54e8,60.14951,24.92138,0000000006dd41f6,23.56
44,2019-08-04T11:06:00Z,f088630d7476dae7d4b7e2bb1f10575f2c89acb4b6e061f3d57c2b40,60.16531,24.9442,00000000fdda10fe,20.28
45,2019-08-04T11:06:00Z,f30a5193aa7850aac581b8dd71512a8712c96f36fdef78d8292d4788,60.16762,24.95415,000000006b44cce7,4.11
46,2019-08-04T11:06:00Z,f31cfded6f566f9c032c80c52ea642407be312c5d42521ab7a8d3e2a,60.16897,24.95222,00000000aa852af1,17.4
47,2019-08-04T11:06:00Z,fc4f3a44235f1cfc7b53f14ba2da599976a5a0a220d23b852688e485,60.17919,24.95181,000000007b5207b6,5.91
48,2019-08-04T11:06:00Z,fd7203c2b437c6f4c5e2a7219bfb817d33d3f2d10f8d30abcad9075a,60.16897,24.95222,00000000aa852af1,27.28
49,2019-08-04T11:06:00Z,000888f4e876e6cb8d50b0bb1a3deaee0655733968eb5065d779e88e,60.16762,24.95415,000000006b44cce7,16.1
50,2019-08-04T11:06:00Z,0043f38f4fb6545d7c033c9a8f8c18106aa0c2c841f28a15dd722e9d,60.14699,24.922,00000000a53ed894,14.89
51,2019-08-04T11:06:00Z,00dae8e6c0b169e69db1d1435e478728f9318e16ee31ff03e5572236,60.16629,24.95957,00000000fb7600be,12.69
52,2019-08-04T11:06:00Z,0236a1d5b9b9d2249407a79705eee38de360ceb0530a8959ba5bc15b,60.149,24.9843,00000000fffb8cf0,11.7
53,2019-08-04T11:06:00Z,02a354db29cd5bc16976a9d933e03a41be350f9cc78098829a7dcfd4,60.14947,24.91438,000000004ef3150d,21.87
54,2019-08-04T11:06:00Z,0656a0c0a353f164b57fbdd9e648d71fab429964d97ed07ab2c5dc30,60.18203,24.91341,00000000342570c2,29.32
55,2019-08-04T11:06:00Z,08833115ba0f62666fee594662c171563759459bb5f65ffdfeaeaed1,60.18203,24.91341,00000000342570c2,25.36
56,2019-08-04T11:06:00Z,08b10b51864dc039f0a07c997e66e7a263ee1cde5b0b88b2a1178c58,60.16829,24.94214,00000000afef4555,10.78
57,2019-08-04T11:06:00Z,096c3b0de1dab1407cd4d3330546404c0d62ce025924420496380f89,60.16762,24.95415,000000006b44cce7,9.12
58,2019-08-04T11:06:00Z,0a949aafc0be15c68d73a5dd186d726aa6b921f44303a712ac6ddcb8,60.16762,24.95415,000000006b44cce7,14.89
59,2019-08-04T11:06:00Z,0b45b52bc137c31ce83561c857f809296ec70f5537976a4a4d573d4f,60.16829,24.94214,00000000afef4555,7.69
60,2019-08-04T11:06:00Z,0b49dcea1b7eab22f4ebd0c7666ded5b59fe092b8bdd4aa9eda6326d,60.16762,24.95415,000000006b44cce7,1.54
61,2019-08-04T11:06:00Z,0c959027ce302054b09087cac97a83aa7e24fb9e4fa2710763f912cb,60.16829,24.94214,00000000afef4555,7.05
62,2019-08-04T11:06:00Z,0d2490ed58c11eb4a754a30cc4bcb21c7243d322a2caf7cc360e4e8c,60.17065,24.93641,000000000f4919c9,13.75
63,2019-08-04T11:06:00Z,0dc12f22306d5f6622fc786011f32f1961a5f94018be9c2236fb2e52,60.14699,24.922,00000000a53ed894,20.28
64,2019-08-04T11:06:00Z,0e113c5ed3abcdfb31d27c3125f6cf01e3b96e4ed7eca1aaea855f77,60.14947,24.91438,000000004ef3150d,12.69
65,2019-08-04T11:06:00Z,0e3bcec531b83d72df713981bece9d261112230cdc7831774c5643c0,60.16829,24.94214,00000000afef4555,25.36
66,2019-08-04T11:06:00Z,0e9170bc93107bf16cd12839eca9ea157f19169d66085e8a435b0f1d,60.16762,24.95415,000000006b44cce7,14.89
67,2019-08-04T11:06:00Z,0fd26c6e46f4d73b276223942e56c38bc9b8e4566239f8a77261657b,60.17002,24.94407,000000006b087f40,18.79
68,2019-08-04T11:06:00Z,1067b041807277ecf9cea5b55c265a37808239544e559e2cfdfcb3ce,60.16762,24.95415,000000006b44cce7,3.74
69,2019-08-04T11:06:00Z,1327ce24f157334f864f913637993c80380ce5f5c911e4b0d31c5eb7,60.149,24.9843,00000000fffb8cf0,13.75
70,2019-08-04T11:06:00Z,1374f31e71652faf3e69316a295c22d59e560f15e35f42b003a89222,60.14699,24.922,00000000a53ed894,27.28
71,2019-08-04T11:06:00Z,13b0a8ca1414d7b2b0e8d5f80069a5d26c6f62a68b58eda25a4b85f4,60.16829,24.94214,00000000afef4555,9.12
72,2019-08-04T11:06:00Z,1556d4a76070c26554efa12b4b9c53766a4cc394e8b74ee37f2fff65,60.17065,24.93641,000000000f4919c9,25.36
73,2019-08-04T11:06:00Z,194589f782f667221677ae0f6ec500e2f9255a8f6f6f41d32f122ca5,60.1538,24.95595,0000000038bf9618,29.32
74,2019-08-04T11:06:00Z,19db84758eba08a5f9bb56b0ff91d05286765c8e8dfa31bd0b2aaa1c,60.14947,24.91438,000000004ef3150d,20.28
75,2019-08-04T11:06:00Z,1a623175e52f0b1da44bc24027c8d374dbd7710157b6a78e417b7cda,60.16762,24.95415,000000006b44cce7,13.75
76,2019-08-04T11:06:00Z,1c8c3befa38b65f707dd4933a68e5e3c9e7c82592fd382779127416b,60.16897,24.95222,00000000aa852af1,25.36
77,2019-08-04T11:06:00Z,1fa2c533bba37b249a0105001153733e67a559d40c22cab67f135f64,60.14947,24.91438,000000004ef3150d,4.11
78,2019-08-04T11:06:00Z,227b93698b29687beea48184f42aab63a21fa362af7251be32db2e15,60.16531,24.9442,00000000fdda10fe,2.54
79,2019-08-04T11:06:00Z,23786c82e2641aed0e0b004658480a212bf0397568e914487819045c,60.16897,24.95222,00000000aa852af1,20.28
80,2019-08-04T11:06:00Z,23b7c1b09dfbcbf722a4c48303dd0435cf9885a516d5eebb6538844f,60.16762,24.95415,000000006b44cce7,9.12
81,2019-08-04T11:06:00Z,2535cb5c89ec66044a005b03dd769ca8d0022164a816c06db0e49892,60.16762,24.95415,000000006b44cce7,11.7
82,2019-08-04T11:06:00Z,2671a156fa8d8bb05970481c8f83bcf9f261f73dae27f2bb9ac88aeb,60.14699,24.922,00000000a53ed894,13.75
83,2019-08-04T11:06:00Z,26a4ff30aad95332c4b603e9e728a10486413889de9d2c4573524923,60.14699,24.922,00000000a53ed894,17.4
84,2019-08-04T11:06:00Z,2724e42551f43106ea58a8fcc6a43953baa1294cd65e17a90012f706,60.17065,24.93641,000000000f4919c9,0.84
85,2019-08-04T11:06:00Z,277125506ba4ea1afb2c696256b262e0708d43c30c769a1d4a382a76,60.16762,24.95415,000000006b44cce7,14.89
86,2019-08-04T11:06:00Z,28741c2e5e348fe81dec0518a21c0930c98a25b6fcece61a262d50de,60.14699,24.922,00000000a53ed894,17.4
87,2019-08-04T11:06:00Z,29f5adc4d67413b7d368e8e94a41cf48339e3f5f0903f660170c4fe8,60.17919,24.95181,000000007b5207b6,10.78
88,2019-08-04T11:06:00Z,2a80aed2c40e7e70ca12152ac812abd79aa1d13efcec25a6d3395136,60.16762,24.95415,000000006b44cce7,4.5
89,2019-08-04T11:06:00Z,2acbdfb5e555a9668c446767fc5d82728d254a45d17dff85e3342cb0,60.16629,24.95957,00000000fb7600be,14.89
90,2019-08-04T11:06:00Z,2ccaeb30423977ff22b6afc29243b861b476a5f4ffafdf200d326d78,60.17002,24.94407,000000006b087f40,11.7
91,2019-08-04T11:06:00Z,2de87ef94604fb63bec05eefb71b6cdd0b9807f8551159c2a35e7259,60.17065,24.93641,000000000f4919c9,7.05
92,2019-08-04T11:06:00Z,2f83e4cad2d924faecb3def25f54727f3e612bc5040c493dd6eccb1d,60.16897,24.95222,00000000aa852af1,21.87
93,2019-08-04T11:06:00Z,3004b57f95861dcbc505cbe89ab781674966526a063bee7072de8aba,60.16829,24.94214,00000000afef4555,16.1
94,2019-08-04T11:06:00Z,30bee351808d5e8082ce012b57f5bc0efc80f8394491a182e0eeee32,60.17919,24.95181,000000007b5207b6,14.89
95,2019-08-04T11:06:00Z,3226c88241c6ac9d643c1843f44b6e5ee10df5f15a695e360582a9be,60.16829,24.94214,00000000afef4555,12.69
96,2019-08-04T11:06:00Z,3262259981b4d615793e8692d3b8461ab7cc2c63789b0ce72c75075f,60.17918,24.95141,00000000675d5200,23.56
97,2019-08-04T11:06:00Z,32f77f5019e5fce30881c214487361e2e34b8c93277f6e546de72012,60.1638,24.96846,00000000d747f075,21.87
98,2019-08-04T11:06:00Z,33a5da4eacfc49fefa067790c9fada1a86d9793367ded845a46f0779,60.16829,24.94214,00000000afef4555,25.36
99,2019-08-04T11:06:00Z,3417d8a6b53687e70f126ebeb1d26a2ff6369dc9a551c3c35c5a04f9,60.17002,24.94407,000000006b087f40,13.75
100,2019-08-04T11:06:00Z,34cf37df412ff36df19ebe47ecdd31e5a22355a1fa723a748ac901fd,60.16762,24.95415,000000006b44cce7,12.69
101,2019-08-04T11:06:00Z,3670a148a52771f0ff5af161725f65b86873c09eea1a7697861c0438,60.14699,24.922,00000000a53ed894,13.75
102,2019-08-04T11:06:00Z,374083907dd8980893623726af5633afd59b519c885ad12ba5c674eb,60.17002,24.94407,000000006b087f40,3.09
103,2019-08-04T11:06:00Z,386dea4944e0b83648b4b6faf510fd47b0e9e29a2bb9311fe8a80ee2,60.17918,24.95141,00000000675d5200,25.36
104,2019-08-04T11:06:00Z,399c89d38707c522dfc1c6f596506daea1a2d8189c1ed2deb91b992d,60.16629,24.95957,00000000fb7600be,33.81
105,2019-08-04T11:06:00Z,3ac9d056b0f04f774b238a125eb996d46437f7a8c5f6ba6712e971cf,60.17919,24.95181,000000007b5207b6,18.79
106,2019-08-04T11:06:00Z,3b5030adc7c303403a6333a1a6d35474c2f21c1d20ece72180660423,60.14947,24.91438,000000004ef3150d,21.87
107,2019-08-04T11:06:00Z,3bd8214bd5284efaf354ec2a0dd2847f6051ceaace6a2691ff085d3d,60.17065,24.93641,000000000f4919c9,21.87
108,2019-08-04T11:06:00Z,3d30fee9b8d261e48f2751481d420879a4ae47073273d8ad4c3ffcda,60.16762,24.95415,000000006b44cce7,11.7
109,2019-08-04T11:06:00Z,3e36420df19c06796a79acdad84551653de9b0132cb0987329f75291,60.16897,24.95222,00000000aa852af1,23.56
110,2019-08-04T11:06:00Z,3fe4e214448b0c9a8dfbee81c347d82a8f0b26859201fb1d77f40fa9,60.16762,24.95415,000000006b44cce7,8.38
111,2019-08-04T11:06:00Z,4029e2bbe80e82503738f9d22280145b28581d920fce25bfcf52a5c8,60.16762,24.95415,000000006b44cce7,18.79
112,2019-08-04T11:06:00Z,40d64df305477f26745a445a97098d36570a8e02616b93a3f562bb21,60.16629,24.95957,00000000fb7600be,25.36
113,2019-08-04T11:06:00Z,430556d4eef13a613b121237f9ab54ee052861f79a950f54e0810dab,60.149,24.9843,00000000fffb8cf0,29.32
114,2019-08-04T11:06:00Z,44703b8dd01d3bd79585c9c7e12217e1ac152f86e2b0c9ed6be4bc19,60.16544,24.95398,0000000038d83d41,16.1
115,2019-08-04T11:06:00Z,44cd8828dd4aa11ea599139af3d3aafbcd09ca0c2558f26ed1c72e17,60.14699,24.922,00000000a53ed894,16.1
116,2019-08-04T11:06:00Z,44d01b24bde0f8031d7cf15bb66e661ad9bd92807f3213fabf920fa1,60.16762,24.95415,000000006b44cce7,4.11
117,2019-08-04T11:06:00Z,4538bf4d0ca02f13fad76c46f7b34e72978c49b0cdfe4ea9fe151a50,60.16762,24.95415,000000006b44cce7,9.92
118,2019-08-04T11:06:00Z,465eab28635efe98500085ceb161cf941d02272a0107fbbfb2203c29,60.16829,24.94214,00000000afef4555,4.94
119,2019-08-04T11:06:00Z,46b81e0dd10fe05195c050bacd41d57feeca0e044b6b317ac22a8656,60.16762,24.95415,000000006b44cce7,13.75
120,2019-08-04T11:06:00Z,47cd1dcac88434ffdc4b868e7f1d8d8a604700564bc83a7c0a3928be,60.16762,24.95415,000000006b44cce7,12.69
121,2019-08-04T11:06:00Z,47f787c639f2eed345eb5dca409ffcd989850399a1ab781500dd6e82,60.17919,24.95181,000000007b5207b6,7.05
122,2019-08-04T11:06:00Z,4800d49ec59e1cde34360defcce4c2a0c6a58919303c1fe6fdebceec,60.16762,24.95415,000000006b44cce7,16.1
123,2019-08-04T11:06:00Z,4833b1ea4f519407574f5a838d93a39de28c756c5f53de7ee273b577,60.14947,24.91438,000000004ef3150d,9.12
124,2019-08-04T11:06:00Z,49b391c05bd4e5231579392d798036a0139a8ea4e4d4509a7cb3901f,60.16829,24.94214,00000000afef4555,7.69
125,2019-08-04T11:06:00Z,4a54cbed9c373a4136f8851f3f5736eb2fadd5766d316eb5ebbdd231,60.17919,24.95181,000000007b5207b6,11.7
126,2019-08-04T11:06:00Z,4ae55b5046b30303930ee339fa9c70c922844d1bfe89a2e7180d53ad,60.16829,24.94214,00000000afef4555,23.56
127,2019-08-04T11:06:00Z,4b5b3e8f2b484bc08b196c265f65c70151bd69f6263318eb29125db2,60.16829,24.94214,00000000afef4555,10.78
128,2019-08-04T11:06:00Z,4cf634fc84e128c3b9bce07a4b726d136e18f0eea4229fdbb48f6db1,60.16897,24.95222,00000000aa852af1,9.12
129,2019-08-04T11:06:00Z,4d31b0561dbfc9ef5acbd44ba92acb4ca7bad86b948634f005173ece,60.14699,24.922,00000000a53ed894,4.5
130,2019-08-04T11:06:00Z,4f64a0a452cd28e15e79c60cbb361761817de946431b04ad87c6d513,60.16897,24.95222,00000000aa852af1,25.36
131,2019-08-04T11:06:00Z,508ee0778f7d5571ac4aa05211272911339b293ff62069f14cd4aa0a,60.16897,24.95222,00000000aa852af1,21.87
132,2019-08-04T11:06:00Z,51789c3026ccfe7e846e44fcd833d006941c2789b9693c77df5a7c98,60.16762,24.95415,000000006b44cce7,8.38
133,2019-08-04T11:06:00Z,52ca3ac5f0a00a82a02d8245c8d7527d59a77722572efe60e9cd481f,60.16762,24.95415,000000006b44cce7,9.92
134,2019-08-04T11:06:00Z,52daa31a2b3c1c07f78d96ebb4de3a965da5ef0a8035afbd0f7451fb,60.16531,24.9442,00000000fdda10fe,20.28
135,2019-08-04T11:06:00Z,52ebd53e0477c70dd129c946d58792e5069c7db14c369581ee07ed33,60.16762,24.95415,000000006b44cce7,11.7
136,2019-08-04T11:06:00Z,53bf4aef7ad5f3eb0cd9b94cfb1cc694f85edd4a413a376c49b57ea0,60.16897,24.95222,00000000aa852af1,33.81
137,2019-08-04T11:06:00Z,549e8785d3249c38e0c577947392ab324d318a5a9b125b5d03e023d2,60.17065,24.93641,000000000f4919c9,25.36
138,2019-08-04T11:06:00Z,5518b2315c236d486c7a5a4fc27c44987672b2f9a0751ffdaa9cbf78,60.16829,24.94214,00000000afef4555,3.4
139,2019-08-04T11:06:00Z,55f047531784bdfb349239ad705090dfe4fce836942569dac1d34cd3,60.16762,24.95415,000000006b44cce7,17.4
140,2019-08-04T11:06:00Z,56318cc7f3616fceec2564cbb1f6ca8b88ea861935a1ada93aafd7b0,60.16897,24.95222,00000000aa852af1,12.69
141,2019-08-04T11:06:00Z,571934189bf349efb6f596e76c21612cf9b82ed44913090169936048,60.17065,24.93641,000000000f4919c9,10.78
142,2019-08-04T11:06:00Z,586f70961bf72597ce00f89d3602178ecc6ac8838a8acec48bba7f9f,60.14699,24.922,00000000a53ed894,17.4
143,2019-08-04T11:06:00Z,59b87e6921598d25b092b66e140328fa03c9f06fe4e697dd344f378a,60.17002,24.94407,000000006b087f40,25.36
144,2019-08-04T11:06:00Z,5a6d2f34f7f677bf47ee3d08ac1371b3ad3d7f7f027685cf4740ab78,60.16762,24.95415,000000006b44cce7,10.78
145,2019-08-04T11:06:00Z,5a755f0653ee0e334448418099ed85023db0a9984c280cfbadd74160,60.173,24.92524,0000000096918cfa,31.5
146,2019-08-04T11:06:00Z,5b3d706018287c0b59ea341821814ec23f2ee7e3227bb79e3c2c1114,60.16762,24.95415,000000006b44cce7,12.69
147,2019-08-04T11:06:00Z,5c404f374a48548bfe8b02859d12ae59c4ae608fae2139fd71ef51b1,60.16762,24.95415,000000006b44cce7,13.75
148,2019-08-04T11:06:00Z,5e1b81ba9814d7b5cb5e067b8278209360ca1db4a0230562e652dc0c,60.16762,24.95415,000000006b44cce7,23.56
149,2019-08-04T11:06:00Z,6022019a95573b888ca7b3161da098935ea0ad7793437ee40a32a5f3,60.14699,24.922,00000000a53ed894,11.7
150,2019-08-04T11:06:00Z,60f982521b3cf63a23ce97156f686572b3c936ebe5a76c0d78269fd9,60.16762,24.95415,000000006b44cce7,27.28
151,2019-08-04T11:06:00Z,6138e6ab3e1e74425af8945a6fcc294c1469a0b9c448b780bcf9d2e2,60.14699,24.922,00000000a53ed894,9.12
152,2019-08-04T11:06:00Z,62cac4a0e252305e1128942dc3ec48baaa514c6737c415f85abb3665,60.1538,24.95595,0000000038bf9618,25.36
153,2019-08-04T11:06:00Z,62d86ee13e6ae7a5c41ffc2de746df72d4ef6e8d2b6a51ce1c68965f,60.16829,24.94214,00000000afef4555,16.1
154,2019-08-04T11:06:00Z,62e27092b58abcaf80564c408d0d4a7b821abaee92dc2f02ccb11e61,60.16762,24.95415,000000006b44cce7,8.38
155,2019-08-04T11:06:00Z,6322c32adc9b2822352856beddebff48bcee2ac06c326509646a1c6b,60.16531,24.9442,00000000fdda10fe,25.36
156,2019-08-04T11:06:00Z,63e498fd789abe431cdf86f184a50616c85717e1efc893da1e1a2222,60.16897,24.95222,00000000aa852af1,18.79
157,2019-08-04T11:06:00Z,658aacab016460cfc38879944e374640737b32d7291a40aed8b8845c,60.16897,24.95222,00000000aa852af1,27.28
158,2019-08-04T11:06:00Z,6656d2ce0a18f92aca4d99810ecaefe94dbe9a0e2ea987f1702aeecb,60.16762,24.95415,000000006b44cce7,8.38
159,2019-08-04T11:06:00Z,66755836036c771e53ffd9d0dc09b8575231b53b80af22e868691a2a,60.14699,24.922,00000000a53ed894,9.92
160,2019-08-04T11:06:00Z,675c19fa88e446a423d3396a15abe22971d1ce207ada2ca102fb7189,60.16897,24.95222,00000000aa852af1,14.89
161,2019-08-04T11:06:00Z,67b49046c3bb96e9e2f8d9396871ed7976dd35efb6c386141325f95a,60.16897,24.95222,00000000aa852af1,27.28
162,2019-08-04T11:06:00Z,69852d528034ea6fc746ed8942c32f1c90bc33a7a7317dfac3c9b1c1,60.14699,24.922,00000000a53ed894,11.7
163,2019-08-04T11:06:00Z,69d8c906060e226ff0f0f7e78029575f2ee07ebec657a3b641419268,60.14699,24.922,00000000a53ed894,5.91
164,2019-08-04T11:06:00Z,6a611aaa1fa77baf03191f0143c2a00dd06c9730c67d30c1eb06afcc,60.16762,24.95415,000000006b44cce7,13.75
165,2019-08-04T11:06:00Z,6ac1903c80e63433e4bc744dc0e801bff647117d38d3753fb9a6a4c1,60.173,24.92524,0000000096918cfa,21.87
166,2019-08-04T11:06:00Z,6c637347d64659d1b29b0461397fccfbff09339872c14e32469fbd0f,60.16762,24.95415,000000006b44cce7,9.12
167,2019-08-04T11:06:00Z,6c97da4ba9462e7fe786a472989dab23340d31809dd78d5617204da4,60.16829,24.94214,00000000afef4555,12.69
168,2019-08-04T11:06:00Z,6e2fbf091d5c86667e060d7ec44f48f0f5d7b1d55b1899f2939f247a,60.16762,24.95415,000000006b44cce7,6.46
169,2019-08-04T11:06:00Z,6e492dbc3f10157e7ff00826a839a97262ab36244ccc57b702a89999,60.16531,24.9442,00000000fdda10fe,7.05
170,2019-08-04T11:06:00Z,6ed478b9924df6bb6e6abe0b376f750b2c4abd0bf4f3d32b71b07446,60.16829,24.94214,00000000afef4555,27.28
171,2019-08-04T11:06:00Z,6eeb71c74d753822f920829149d942cf52b726b0b83c5aa3e6cb132e,60.16762,24.95415,000000006b44cce7,14.89
172,2019-08-04T11:06:00Z,70ffae2b8178e0915c5de7816f8dd8bcc3af745ee49df8ac4da4adba,60.17918,24.95141,00000000675d5200,20.28
173,2019-08-04T11:06:00Z,714e80a1e3c0fee43e312f314b2faec47e582ee8dac47e4818dbc2f9,60.149,24.9843,00000000fffb8cf0,12.69
174,2019-08-04T11:06:00Z,71516fc8349cfaf2b5c4ab80ade6078494d93d13e9953af15e5ced30,60.18203,24.91341,00000000342570c2,21.87
175,2019-08-04T11:06:00Z,71c1367c7dea4dfa243172e02b9092c7a0810bef003216681759891e,60.16897,24.95222,00000000aa852af1,27.28
176,2019-08-04T11:06:00Z,7285e58a9eac860dc84d8a6eba1430bc8b811d38677f5f91a312ad16,60.16629,24.95957,00000000fb7600be,23.56
177,2019-08-04T11:06:00Z,738973c9b5f9882f29075e47ca10e50ba3fb9883da779f41545175f4,60.17919,24.95181,000000007b5207b6,9.92
178,2019-08-04T11:06:00Z,7484ecf89e24efb4a366562730f7341391f930dad7b216184022d0da,60.173,24.92524,0000000096918cfa,21.87
179,2019-08-04T11:06:00Z,74c2ec2adc228e5b4979284d730fd2de698242f0f06d90f870b8cde6,60.16762,24.95415,000000006b44cce7,1.7
180,2019-08-04T11:06:00Z,7552783317be1ef797980c3a9ee9c5967d4e7b32765f23c51ffda02d,60.16897,24.95222,00000000aa852af1,18.79
181,2019-08-04T11:06:00Z,79773ee1ebdf8252053d8ffb326b77bb05a7cdb76041102e73d3767c,60.16762,24.95415,000000006b44cce7,9.92
182,2019-08-04T11:06:00Z,79bde23c1a8980f93a65e14306f0d8ea89e164430d8b991e2bfee82e,60.16531,24.9442,00000000fdda10fe,21.87
183,2019-08-04T11:06:00Z,7a7443a2060675f4b9755ab53cca1f1053bdfe0e4f98acd95b61544b,60.17065,24.93641,000000000f4919c9,29.32
184,2019-08-04T11:06:00Z,7bdbfc042dd024cb5630bef515de25ef67819b5acb44ef00df4695d4,60.149,24.9843,00000000fffb8cf0,20.28
185,2019-08-04T11:06:00Z,7c55ecf165387948602e82b684a55be093691849fde2d96ad6574475,60.17065,24.93641,000000000f4919c9,16.1
186,2019-08-04T11:06:00Z,7de4ba54f0d667a69cb0b6d625856bc6b040f51a42f91beae366a269,60.16762,24.95415,000000006b44cce7,5.91
187,2019-08-04T11:06:00Z,7e78b2348d9576c63ebb626030ee9d43e2bf07e860782adf3f1c452b,60.16829,24.94214,00000000afef4555,9.92
188,2019-08-04T11:06:00Z,7ea276abbe2f1bfd85b2493f7b4c801189e673c0b4dc987d2c8e30dc,60.14699,24.922,00000000a53ed894,11.7
189,2019-08-04T11:06:00Z,7eefc5581c616491b78192b28b519ba727dc884a87bc06b8df1ea4f2,60.14699,24.922,00000000a53ed894,11.7
190,2019-08-04T11:06:00Z,7f546f0776433ed1b76ea74186c0aad95eca5439e6cefda07922ef14,60.16762,24.95415,000000006b44cce7,7.05
191,2019-08-04T11:06:00Z,80ffa6235c9fd84bd35d46706c7d0c4126ee0e241a070c5ae5f30d14,60.16762,24.95415,000000006b44cce7,6.46
192,2019-08-04T11:06:00Z,822590bd49bcf7ed4de4f8389586915c343b29c4283ff8b90d7c1d39,60.17065,24.93641,000000000f4919c9,11.7
193,2019-08-04T11:06:00Z,82ac749474448abac333d00869cb8b508872f86293913d95eae26a05,60.15432,24.9211,0000000019fb59c4,7.69
194,2019-08-04T11:06:00Z,82cddd3b9f58762d36efe78da4e2722ee587cfdb3fdbc58b52673082,60.16629,24.95957,00000000fb7600be,20.28
195,2019-08-04T11:06:00Z,844b8ad6ebf530978d1139d527a681991f4d3eed6be5bc723f0b2192,60.16531,24.9442,00000000fdda10fe,1.12
196,2019-08-04T11:06:00Z,8452ada2a714598cdd911988eec301cf7bccb236b29686e0e8b1d0ed,60.1538,24.95595,0000000038bf9618,20.28
197,2019-08-04T11:06:00Z,849d6a476563b352092dcda35e816833b571b7f630e7ff8617d9b7da,60.16829,24.94214,00000000afef4555,13.75
198,2019-08-04T11:06:00Z,87ea10367f1569e575dc4bc60f0f4238eafb52ba8a2cc8e5e4584232,60.16829,24.94214,00000000afef4555,23.56
199,2019-08-04T11:06:00Z,87f4cf4baea8c5dfe1bc7812cc969574058bd4d2dda215192bcfc53f,60.14699,24.922,00000000a53ed894,3.4
200,2019-08-04T11:06:00Z,8838042aa011fa35218bd1800a2e2ddda11da574560e1fb1eac464a1,60.17002,24.94407,000000006b087f40,20.28
201,2019-08-04T11:06:00Z,88ee7d98af3d9470df5daf433cfa0405f6225cb56b98b7c48d260fd4,60.17002,24.94407,000000006b087f40,18.79
202,2019-08-04T11:06:00Z,89df1daad350e46d526e113019214d2e1a19d8f48da761bb3583399b,60.16762,24.95415,000000006b44cce7,4.5
203,2019-08-04T11:06:00Z,8a7f5012c000c420f0a336a3988c72cf2b373818f4f3f369e994d8e4,60.16829,24.94214,00000000afef4555,10.78
204,2019-08-04T11:06:00Z,8ad180674aa6d08b03238aaf8757517ad2e107e8906f097e12f17487,60.149,24.9843,00000000fffb8cf0,12.69
205,2019-08-04T11:06:00Z,8bffe034066821502092859341756212a0dcb6b2c605852c0c40fdeb,60.16762,24.95415,000000006b44cce7,10.78
206,2019-08-04T11:06:00Z,8ca6cbf91a04db796810f40ee019369f331d79472e4acd09f75cbac8,60.16829,24.94214,00000000afef4555,16.1
207,2019-08-04T11:06:00Z,8f3d9ab893ae4a48fd3417f3a749c21e792779990ae0ad75a8f211de,60.1538,24.95595,0000000038bf9618,27.28
208,2019-08-04T11:06:00Z,91602a694bc74a2874ba7f02a7bae062a3a77cd869b86a74800415b8,60.17919,24.95181,000000007b5207b6,9.92
209,2019-08-04T11:06:00Z,92df20d921f76c63470e3f5afbe201d3ae15f5133f66c291db796082,60.16629,24.95957,00000000fb7600be,14.89
210,2019-08-04T11:06:00Z,93272ad17155ea9499641eda7c5560691582116096278b82738ab21e,60.14699,24.922,00000000a53ed894,5.91
211,2019-08-04T11:06:00Z,93be2ffbdd44740291e9e0b73792e85df915264539f1f8f2e7ec7235,60.16629,24.95957,00000000fb7600be,20.28
212,2019-08-04T11:06:00Z,94ac9d6e79236013b9fa24e1c52123819228f6962b5952637ca80fcb,60.16762,24.95415,000000006b44cce7,7.69
213,2019-08-04T11:06:00Z,96c2df1bba9699518ad1f9cce8f910f076467a5aad1b365611c93a1a,60.16897,24.95222,00000000aa852af1,12.69
214,2019-08-04T11:06:00Z,97490f522f1a0226c8f7e8ed7bca08dd71b63d80b46d38020127b868,60.14699,24.922,00000000a53ed894,10.78
215,2019-08-04T11:06:00Z,9759894c6f46d9e82992282b211a84549983c7a9995cd91fb1178818,60.16829,24.94214,00000000afef4555,17.4
216,2019-08-04T11:06:00Z,998a30ee5f5ff6d2bc9ed04420591e525ded59ad66d09eefa240cc8e,60.16762,24.95415,000000006b44cce7,13.75
217,2019-08-04T11:06:00Z,998ac46ad73c197bab1f36dca67d8bcaa3aca92249185a5e3715043f,60.17065,24.93641,000000000f4919c9,18.79
218,2019-08-04T11:06:00Z,99b998b07243afd316e6fa57636b0ab6761b9c2a6f0fe050eae40c08,60.16762,24.95415,000000006b44cce7,5.91
219,2019-08-04T11:06:00Z,9aa588cb6f425117e45726b6b9adb7ef86c8f7c8113b547dc61f068a,60.16897,24.95222,00000000aa852af1,14.89
220,2019-08-04T11:06:00Z,9b24f69458294d27d07a0169665965135fd02f4c953f85bcebf4ba87,60.16762,24.95415,000000006b44cce7,9.92
221,2019-08-04T11:06:00Z,9b4b0705e58750d2bcbd71ad65d85677f7e77db5dfe69d1a70b5d31f,60.17919,24.95181,000000007b5207b6,16.1
222,2019-08-04T11:06:00Z,9bc50d931d6c1678284177395958d15f05b45d60ae7bc09fe1e1694e,60.16762,24.95415,000000006b44cce7,5.41
223,2019-08-04T11:06:00Z,9bef562c292174f1eb3933116effff74a8733a78e5c1df140de3fd6c,60.17919,24.95181,000000007b5207b6,8.38
224,2019-08-04T11:06:00Z,9c0b1d2c4c67c07e547e810a94efeaaa1187ae82977e03748470281c,60.16897,24.95222,00000000aa852af1,14.89
225,2019-08-04T11:06:00Z,9c40a1c76be950694e1b5448f8ad2337198d9a75090bfebc30c7392e,60.16629,24.95957,00000000fb7600be,25.36
226,2019-08-04T11:06:00Z,9f1920350685b4cb747c535ba3c3dc1cb29587668bd507ab96e5692f,60.16629,24.95957,00000000fb7600be,20.28
227,2019-08-04T11:06:00Z,a066e2044b486819fe2185765f63ed87f8d10c502f26a01be1f1a758,60.149,24.9843,00000000fffb8cf0,29.32
228,2019-08-04T11:06:00Z,a1439b6683d0598c7a05080c3693a17c198f7b8c3297c77324ef4859,60.16829,24.94214,00000000afef4555,2.54
229,2019-08-04T11:06:00Z,a20a11944d9440f1f8e4ea6262408f673f2a8380c4e13dda1a073d8d,60.16897,24.95222,00000000aa852af1,13.75
230,2019-08-04T11:06:00Z,a25b897b52089b243421b68349d3f15e60ce8249d11c889a4626bfc7,60.18203,24.91341,00000000342570c2,29.32
231,2019-08-04T11:06:00Z,a2f0adf51cb9d2a5417cc0797183513a8bbcecfbc717a1b63e42027d,60.16762,24.95415,000000006b44cce7,10.78
232,2019-08-04T11:06:00Z,a30740fbf4b7e21f6fe2996e9325c90936de161cb2165e87cd96fd35,60.149,24.9843,00000000fffb8cf0,23.56
233,2019-08-04T11:06:00Z,a44eda7b8ec58e1cd7c078a73c4da7fb0037d59453aa6bfe69b7cbdd,60.16762,24.95415,000000006b44cce7,11.7
234,2019-08-04T11:06:00Z,a50e0bb8fd1ad4ad264c3246b210a0c6285faae591c1bd2c2c3458af,60.16829,24.94214,00000000afef4555,13.75
235,2019-08-04T11:06:00Z,a5835ce352a1e6d8fb6bdc410fae1076c756f7dac8e202465add9277,60.16762,24.95415,000000006b44cce7,17.4
236,2019-08-04T11:06:00Z,a5d632ac8ffc19a626de034d3c9444fd262ee6edada285c816ea9266,60.16531,24.9442,00000000fdda10fe,7.05
237,2019-08-04T11:06:00Z,a80fe50725ab5a84d231e40a8544a8ffb4dca218d9e4d930b24c8809,60.16544,24.95398,0000000038d83d41,23.56
238,2019-08-04T11:06:00Z,a81c19fb85eebf853246cdc4d8e38245dfa5ba15c180eaa1bcc0378d,60.16829,24.94214,00000000afef4555,21.87
239,2019-08-04T11:06:00Z,aa4547c0b6b8be30776e08d524ceeacfbc9930ad720e11fa4cb20882,60.16531,24.9442,00000000fdda10fe,1.12
240,2019-08-04T11:06:00Z,aa45859d6157e9e86470ec8b81957acc35bafb1b7f419d79357a38cf,60.16829,24.94214,00000000afef4555,14.89
241,2019-08-04T11:06:00Z,ab1377ddf669bb806f8db586f4ce5ab9f0f4257dda61fe800d8509f5,60.17065,24.93641,000000000f4919c9,25.36
242,2019-08-04T11:06:00Z,ab6e8769f50a15ea5e0d64f48aaa12886b7599a18cc0eb071a21ae5f,60.16762,24.95415,000000006b44cce7,6.46
243,2019-08-04T11:06:00Z,ab7697ba77150d46c95d1b02fef085ed91925d425393d8ad1097adcc,60.17002,24.94407,000000006b087f40,25.36
244,2019-08-04T11:06:00Z,ac4679e3db131ec2ea8e1111c8aa0d71020cf8796ecb11f142478394,60.14947,24.91438,000000004ef3150d,7.69
245,2019-08-04T11:06:00Z,ac5c7e04b55d6d70659e5b8f4705309b9367c78a0edb7ce85f42c181,60.1538,24.95595,0000000038bf9618,27.28
246,2019-08-04T11:06:00Z,ac921373f49635f5207c61b2f91377ca1cd682be527d3b5fbc78ed7b,60.16829,24.94214,00000000afef4555,13.75
247,2019-08-04T11:06:00Z,acb3f63fe0879b2640a9d68a248a15f85777e30652945d7740bb95f4,60.16762,24.95415,000000006b44cce7,12.69
248,2019-08-04T11:06:00Z,ae3cda5066e455d4b1e58860e8fb7a35efad69b9964a676b476b0687,60.14947,24.91438,000000004ef3150d,7.69
249,2019-08-04T11:06:00Z,b02a0be9ec3a2bb1acba16daee232202f9a06ac84e0dcc9a80dddf6a,60.16762,24.95415,000000006b44cce7,13.75
250,2019-08-04T11:06:00Z,b11934f5ec9ce5dcba592061c1c914fccc0b4115143b9d8cc77dd2d9,60.16762,24.95415,000000006b44cce7,18.79
251,2019-08-04T11:06:00Z,b2298fc6f63c02481610f9aef24f1a0c1711c255adc43c0fe135c1ca,60.14947,24.91438,000000004ef3150d,11.7
252,2019-08-04T11:06:00Z,b3266ecf36a984b814e1b2d31b447438bd948a9c116721480104792f,60.16829,24.94214,00000000afef4555,14.89
253,2019-08-04T11:06:00Z,b364afaf81164cbf2af22967b068e3f61253af381895a3a452fc9e57,60.16762,24.95415,000000006b44cce7,14.89
254,2019-08-04T11:06:00Z,b4c8900041e9f8751755d3940ceac58419e6370cd81cdb90d7800de1,60.14699,24.922,00000000a53ed894,21.87
255,2019-08-04T11:06:00Z,b5cdbcdc30e0bf653ce353c867708b0067db5e394c8cbe848d978a77,60.14699,24.922,00000000a53ed894,8.38
256,2019-08-04T11:06:00Z,b81e65168ea3278486b1c954ab229bc2eda3fe07098e824f05cd0ac4,60.149,24.9843,00000000fffb8cf0,23.56
257,2019-08-04T11:06:00Z,b8f5834e6b992cf5568ae3153fb4b07e97b7f6dd01250851134c1824,60.149,24.9843,00000000fffb8cf0,13.75
258,2019-08-04T11:06:00Z,b9447a524f5b5bf98585b27b92195b09869ee9cd9da3cf8d2b59c57d,60.16829,24.94214,00000000afef4555,23.56
259,2019-08-04T11:06:00Z,ba288a5fd2befbc9ed08e7876ad7cb2bd8bfe6f5756d2ffe8e2dc558,60.17002,24.94407,000000006b087f40,17.4
260,2019-08-04T11:06:00Z,ba3787a9ca3b1ba5b2e7a2106ca14645bc9d96cb1db3ad74b0a3db53,60.16762,24.95415,000000006b44cce7,14.89
261,2019-08-04T11:06:00Z,bac5abd66caf627f4579d5c2cddad074267cd5bac95bd0e68a1e1fb7,60.16897,24.95222,00000000aa852af1,38.87
262,2019-08-04T11:06:00Z,bac6fd7f18308fc08447b3cd85ecae45fcad4dae9500db0cf36a7460,60.16897,24.95222,00000000aa852af1,27.28
263,2019-08-04T11:06:00Z,bb30b0664e62eef3c447616c0dda85239f95004f38ca8361037cc529,60.17065,24.93641,000000000f4919c9,33.81
264,2019-08-04T11:06:00Z,bbf7d8b9085ddcd3b94f55f93b52cb40a251c44f5df4099ba5b61471,60.16829,24.94214,00000000afef4555,10.78
265,2019-08-04T11:06:00Z,bc07df8cc395f6f4f5d483b2233caca5f93a6918f346e4cc3702f8cc,60.16531,24.9442,00000000fdda10fe,20.28
266,2019-08-04T11:06:00Z,bf1bf5222ce141fbaa484d3bbf568d521b90699d69ec5fc413c9d716,60.17002,24.94407,000000006b087f40,25.36
267,2019-08-04T11:06:00Z,bf4235c977b63f07c70679988ae6990db3734c8bde50741c636155b9,60.16762,24.95415,000000006b44cce7,9.92
268,2019-08-04T11:06:00Z,bfd5c2630b36fde15de01ea74e598d035402cf1edb7c9230617927e0,60.16762,24.95415,000000006b44cce7,4.94
269,2019-08-04T11:06:00Z,c0a0ca3433586ed2ae0e448f2406fabac7292ac79d49562e0bd5cef8,60.16762,24.95415,000000006b44cce7,21.87
270,2019-08-04T11:06:00Z,c190b2b98438e2e79fb5d2add3c063bbf98d30d208518a2fd9296add,60.16762,24.95415,000000006b44cce7,12.69
271,2019-08-04T11:06:00Z,c239e27b985c23449b6aa84b78560b1b4e535975f3ba059d7987efe4,60.16762,24.95415,000000006b44cce7,9.92
272,2019-08-04T11:06:00Z,c2cc33e5b1b8d254d4bcbc0ffa13c9200676a39a191cc31a38d28d8d,60.17065,24.93641,000000000f4919c9,8.38
273,2019-08-04T11:06:00Z,c2e135ad2c160277e290705658ac41d7cd35b11ebf61d829fdd0b428,60.14699,24.922,00000000a53ed894,9.92
274,2019-08-04T11:06:00Z,c45e3c4e8ec0fc85457d3b4ed4c49ed0116b4cf447e2983f353abcd8,60.16829,24.94214,00000000afef4555,10.78
275,2019-08-04T11:06:00Z,c4c3ad738ca47920bb66939f620126c87f730c644813158554916827,60.16762,24.95415,000000006b44cce7,8.38
276,2019-08-04T11:06:00Z,c55894159f2080031cda702c78ee54463c3c15ab1b3638afdf687f08,60.16531,24.9442,00000000fdda10fe,4.94
277,2019-08-04T11:06:00Z,c6084def1a2422f6fc267582e4ed73f2df4fc2ff8039ba70782741e6,60.16897,24.95222,00000000aa852af1,13.75
278,2019-08-04T11:06:00Z,c6b0ea433c3fdc73e0bac7e3faa2690506c4e8ec7fc54210446a7ffa,60.14947,24.91438,000000004ef3150d,10.78
279,2019-08-04T11:06:00Z,c7ced11121537f55bcd7d7ab67312226dafe7c85320c5357a35d5ab7,60.17002,24.94407,000000006b087f40,25.36
280,2019-08-04T11:06:00Z,c990a15d27cfc21e63b7c96b95949254f1194e8b27118386a589e2bd,60.16897,24.95222,00000000aa852af1,13.75
281,2019-08-04T11:06:00Z,ca38047e041c74bc9e84aa4687e19233b85cdc213ac43164f9ab322b,60.16762,24.95415,000000006b44cce7,14.89
282,2019-08-04T11:06:00Z,cb37b8fad0bc758cf37d7ea1052f3a98f29282ae37ec635d6eb2c511,60.16762,24.95415,000000006b44cce7,8.38
283,2019-08-04T11:06:00Z,cd7d0e9404c9f4e8fab0742460b9acb4d5bbb97f44df80d4a8b973cd,60.17002,24.94407,000000006b087f40,6.46
284,2019-08-04T11:06:00Z,cddbfc3b0a1459f0ea8d553779cf320d512cac6e64976182f2f0b3b7,60.16829,24.94214,00000000afef4555,18.79
285,2019-08-04T11:06:00Z,d04b5065ec93818b731141027d11e6a1cf53de69b9737d7aea0c34da,60.14947,24.91438,000000004ef3150d,13.75
286,2019-08-04T11:06:00Z,d162ad46250f7d87af446db22df4aa6b2eb2bf22f83beca34e857743,60.16762,24.95415,000000006b44cce7,4.5
287,2019-08-04T11:06:00Z,d20f68571773330f7b6490b006b2e952c9912b4ee05e20f0fc434698,60.16629,24.95957,00000000fb7600be,14.89
288,2019-08-04T11:06:00Z,d2e3bf982b10b2079eaa464127a286409c5030b21ffe9a2ce08bbb9c,60.16762,24.95415,000000006b44cce7,9.92
289,2019-08-04T11:06:00Z,d2fd0c6415d2d8e49fef3415fb8747b524191b4400a4fbb66428cb12,60.14699,24.922,00000000a53ed894,13.75
290,2019-08-04T11:06:00Z,d31a67e0c8e32009391b9c56acd3a3e2470c0e4dc9d09d352792d822,60.16829,24.94214,00000000afef4555,29.32
291,2019-08-04T11:06:00Z,d4c9ea46d58288bf42808788e668072465d91dd3c874a8a51de5794e,60.16897,24.95222,00000000aa852af1,14.89
292,2019-08-04T11:06:00Z,d68f1946805ba3d30f9ba25280986fbe003f3b5dce7245b633e0cb5c,60.16762,24.95415,000000006b44cce7,17.4
293,2019-08-04T11:06:00Z,d6a8c97f1ec18c7a90d3beae358bad67f8d53626258a852e15b08c5d,60.14699,24.922,00000000a53ed894,8.38
294,2019-08-04T11:06:00Z,d71a315bac918f9a18fcd820731e6d9eb54fb0d01c324ca088ef8858,60.149,24.9843,00000000fffb8cf0,20.28
295,2019-08-04T11:06:00Z,d79a5330748b0a060acd4098b181332f368b9ade11164b81f36c9cf6,60.16629,24.95957,00000000fb7600be,18.79
296,2019-08-04T11:06:00Z,d81024e88bb9b04be64c793e92836ac82bec9eed4bfeef83accf8109,60.14951,24.92138,0000000006dd41f6,29.32
297,2019-08-04T11:06:00Z,d83c1c2d3a3876c948e277bace6d013eafc0c4e118958e138f8b1257,60.16448,24.97323,0000000053c6c2be,27.28
298,2019-08-04T11:06:00Z,d9020a2da08de6392df0d106c3501d4ad163939fd231321855645680,60.16629,24.95957,00000000fb7600be,21.87
299,2019-08-04T11:06:00Z,da2398acaae7f39c7b80c220d4e6917bdc7655f4c71b6e36d06cb859,60.18203,24.91341,00000000342570c2,18.79
300,2019-08-04T11:06:00Z,dba25c18a94a20a35b9a27ff605b1c40fd45b0263d884645052918e5,60.16829,24.94214,00000000afef4555,20.28
301,2019-08-04T11:06:00Z,dbd2fa33dbaac339a8c9d8e04576b1088999b9314914676a2247737c,60.1638,24.96846,00000000d747f075,14.89
302,2019-08-04T11:06:00Z,dc4043efe103db9ce55ad4d987a45cf9821cdc3e63cf7b15b6d48baf,60.16897,24.95222,00000000aa852af1,16.1
303,2019-08-04T11:06:00Z,dc816e92e4a2eceea03f41fc379fda0e3d57b5d0fbd9a06430432022,60.16762,24.95415,000000006b44cce7,4.5
304,2019-08-04T11:06:00Z,dc82f9648bb5ba21e766e0923f5fa7ca2d77662ab0edbe22a3d95631,60.14699,24.922,00000000a53ed894,12.69
305,2019-08-04T11:06:00Z,dcbd150d7326dc22a8ab087a0555b9c9549addd07f54aa909aa8ec1f,60.149,24.9843,00000000fffb8cf0,29.32
306,2019-08-04T11:06:00Z,dd8e0699822b1a8a3f8a91fcb10729f6f7cd0a4736f36dc60974c36e,60.16762,24.95415,000000006b44cce7,7.69
307,2019-08-04T11:06:00Z,ddd0e663eb31ac94858d2a4e9af5e4782781e88c92102042190e6fcf,60.14699,24.922,00000000a53ed894,17.4
308,2019-08-04T11:06:00Z,de48adf9d49eb3bc1d61dea4047618f6c77086fc44bd2b535d56504d,60.16762,24.95415,000000006b44cce7,9.92
309,2019-08-04T11:06:00Z,de71e27b55ef6f2f51f05838a2fcab596f1dd93a14ece5ce4548f5c7,60.14699,24.922,00000000a53ed894,12.69
310,2019-08-04T11:06:00Z,e01908a975abc95425179eadafdba31d371f1d64674c967686df87a3,60.149,24.9843,00000000fffb8cf0,3.74
311,2019-08-04T11:06:00Z,e081e4b3252ca91bbf1cbb70faa116d60317fbf3a991a67bc99b4bfa,60.149,24.9843,00000000fffb8cf0,21.87
312,2019-08-04T11:06:00Z,e0859a9c906151023376d86762070f38ba1b3859e671531b0edac6cd,60.16075,24.95883,00000000f1124bca,18.79
313,2019-08-04T11:06:00Z,e0d7e8b332ca8514428ab10acf6d3a6b777da62ff8ea3e18d9b32989,60.16762,24.95415,000000006b44cce7,12.69
314,2019-08-04T11:06:00Z,e1da87aea335bcd04e4c876158b96ebc7ba4206bc216c3aa27a2f4af,60.17919,24.95181,000000007b5207b6,4.94
315,2019-08-04T11:06:00Z,e2308d94332f82ea38141cb428231a51fc38ac78118b71c897b650d5,60.16629,24.95957,00000000fb7600be,18.79
316,2019-08-04T11:06:00Z,e26862fdcdd4688d81b8fe05d1ac94c5f9b3192ddc50d4c66ad12cc1,60.16897,24.95222,00000000aa852af1,33.81
317,2019-08-04T11:06:00Z,e305610124e16ed1411a221b29ce69a076cc47982efd6c098b0599ab,60.14947,24.91438,000000004ef3150d,8.38
318,2019-08-04T11:06:00Z,e32e078697e70d6e3cb4b156ada3a4756315227b125615d7b5c116a7,60.16762,24.95415,000000006b44cce7,8.38
319,2019-08-04T11:06:00Z,e44d7228cecbdb2474e1cc396a6c13943f09c08c19d0ffab1997d509,60.17919,24.95181,000000007b5207b6,13.75
320,2019-08-04T11:06:00Z,e53a901aed874016e1cd1ed3e9b2891fca850986cb2fa04f5162cf52,60.16762,24.95415,000000006b44cce7,1.01
321,2019-08-04T11:06:00Z,e557e164cd52fd817b02cad6587a294d72b0974d9b014ad69ea5e08e,60.17919,24.95181,000000007b5207b6,23.56
322,2019-08-04T11:06:00Z,e5928057da667903de0b6c1245e1f58273dd85d63d8af0f4eaa771de,60.16762,24.95415,000000006b44cce7,9.12
323,2019-08-04T11:06:00Z,e5b9b4813c081a31fb498e7f9adb94918c267dfa125c63790c0d9488,60.149,24.9843,00000000fffb8cf0,21.87
324,2019-08-04T11:06:00Z,e92e9e46c4d4067617b8dad0cc70baa43463d1abc4d623d0e103c6b7,60.16762,24.95415,000000006b44cce7,14.89
325,2019-08-04T11:06:00Z,e9d59e25b58f33f70aad6832863cb59d7485ca55a1575558f92b74e7,60.16897,24.95222,00000000aa852af1,13.75
326,2019-08-04T11:06:00Z,ea156c99dd8945ef87da4c332787a6202e9eedc69f726cafae8d3258,60.1538,24.95595,0000000038bf9618,36.27
