,time,hash,latitude,longitude,serial,distance
0,2019-08-03T12:07:00Z,052fbd61477f2be3e27ca5fd118b7ae47830d59071b2a14bef98d760,60.16897,24.95222,00000000aa852af1,11.7
1,2019-08-03T12:07:00Z,09901816e6581c910bb76b3b3305d72deca37e6b1367389ca76168dd,60.16544,24.95398,0000000038d83d41,23.56
2,2019-08-03T12:07:00Z,0cb3a7fa117e63774ceec2b0d29b61f5ada8450991f3e7f3284d4705,60.16829,24.94214,00000000afef4555,11.7
3,2019-08-03T12:07:00Z,112c36ba789fa57e2b19c9bff8bfe0b3eba19a431c3af4656c4cee5b,60.16531,24.9442,00000000fdda10fe,31.5
4,2019-08-03T12:07:00Z,14c7e1511b70f4dd3359cbece1377aebb4d70531f5489eefe53d7c3c,60.16544,24.95398,0000000038d83d41,23.56
5,2019-08-03T12:07:00Z,15918569de0a46a8eb56b43d8d39f7fc82619ff1006f00822c85745c,60.17918,24.95141,00000000675d5200,1.12
6,2019-08-03T12:07:00Z,165ebbb4090d47319ae370f0d0854fdc1f6b79499f8b2e4d3c3533c0,60.16544,24.95398,0000000038d83d41,25.36
7,2019-08-03T12:07:00Z,2e0edfa3b2566464eade40d23d6fb958b50b5971efe724835cf9d85f,60.16897,24.95222,00000000aa852af1,33.81
8,2019-08-03T12:07:00Z,3369d3cecce5d477826856d4c19039f557a6fdf3eada3d75b544ec6c,60.16897,24.95222,00000000aa852af1,23.56
9,2019-08-03T12:07:00Z,4186d6da68ebd511be3b61a558ed48d28d1c10eecd472a422b422ca2,60.16544,24.95398,0000000038d83d41,21.87
10,2019-08-03T12:07:00Z,43b676ed3aef4c2d8846694817e76117873be52e7f788e0cb366c1c4,60.16629,24.95957,00000000fb7600be,25.36
11,2019-08-03T12:07:00Z,4459e2b071b64aaae64f5358533fd551fda6e3ce9a674775384b1d3d,60.16075,24.95883,00000000f1124bca,13.75
12,2019-08-03T12:07:00Z,55486c7cbc7fe90013a13d912b76ac16b72f90eed0e6df18b56e8a3d,60.16629,24.95957,00000000fb7600be,18.79
13,2019-08-03T12:07:00Z,59aca46ac9201f9d96634b669e0b543a76f72bb94e5d75647b03ec64,60.1538,24.95595,0000000038bf9618,21.87
14,2019-08-03T12:07:00Z,5d65719c4cbf045f068d084b72302f447d5fd034413d97d13be00d0e,60.18203,24.91341,00000000342570c2,25.36
15,2019-08-03T12:07:00Z,5eed115a984d490b02b602d73787aee8dc8c4e9365b77fbff3818a76,60.16629,24.95957,00000000fb7600be,21.87
16,2019-08-03T12:07:00Z,76308dc069c8050ff1a3bef9da278fdcbea2d8100b85c357f6397311,60.1538,24.95595,0000000038bf9618,29.32
17,2019-08-03T12:07:00Z,7856cd9a8241b470ce46295386b13c33e1948a956b3f18b7b3497cdb,60.17002,24.94407,000000006b087f40,29.32
18,2019-08-03T12:07:00Z,7a41c0da24cc7a006a46c9082bd764683040c87e785036dd79b668bb,60.16544,24.95398,0000000038d83d41,12.69
19,2019-08-03T12:07:00Z,7f0710b937c820fc58401c954ae1355b8845468594335889b0d3d265,60.14951,24.92138,0000000006dd41f6,27.28
20,2019-08-03T12:07:00Z,85a8fb8d0cbfa20676973f921a9b58a8c6391d63ad631d4db18156e9,60.14947,24.91438,000000004ef3150d,31.5
21,2019-08-03T12:07:00Z,87dfaad29a9276ddddb1fa021d3bc23ad14824c1af16f7d87e713689,60.14951,24.92138,0000000006dd41f6,8.38
22,2019-08-03T12:07:00Z,89982a6acf91b79a282a6b63978e946ee205f303fcd20e944e06baf0,60.16544,24.95398,0000000038d83d41,25.36
23,2019-08-03T12:07:00Z,8b0535dd90c15c8fd1b256e7a48369741b0fe9d58f8f05f6e46134b7,60.16544,24.95398,0000000038d83d41,33.81
24,2019-08-03T12:07:00Z,8c75c3289c84fe4493e1e272a77b615fe1985880c5dc68a7c1a17b53,60.16762,24.95415,000000006b44cce7,17.4
25,2019-08-03T12:07:00Z,8e85aef4322c634dcec5594b89db7e5ef3d3d93d05d38a2b8d0335ed,60.16762,24.95415,000000006b44cce7,8.38
26,2019-08-03T12:07:00Z,9590fbe7f7e9074b6dd825956de8c796ae92a16b43c9c6eff0730584,60.14951,24.92138,0000000006dd41f6,14.89
27,2019-08-03T12:07:00Z,95c48b40d4fabccc29c267737d7c7066262f59e40a426b566a34c34f,60.16762,24.95415,000000006b44cce7,17.4
28,2019-08-03T12:07:00Z,9843c6216661048343a0e49cf3d8aa2883cf77f452666a1c873a1052,60.16448,24.97323,0000000053c6c2be,20.28
29,2019-08-03T12:07:00Z,ad10200c292b074b9971590b22ffe424b4621e81f226d3b3c96147a6,60.16897,24.95222,00000000aa852af1,21.87
30,2019-08-03T12:07:00Z,b5fd6b317890e5ab2d79e2cd1abe61626d45a753c7337d0d40728898,60.16762,24.95415,000000006b44cce7,10.78
31,2019-08-03T12:07:00Z,c40c37def6bf11a63a2556519a7c6233fd417cdeea2cf14f28e7c42c,60.16531,24.9442,00000000fdda10fe,23.56
32,2019-08-03T12:07:00Z,cf05623e4d87ce0906c0b0b7dbf53aacc1228016cd27c341228b6e76,60.18203,24.91341,00000000342570c2,20.28
33,2019-08-03T12:07:00Z,d1e2a2f34af95038976aaad223f988af276a42bb3decc0078733fa76,60.16829,24.94214,00000000afef4555,14.89
34,2019-08-03T12:07:00Z,e6a26117471c519e8ea291a6e4fad4c62d6d66bae3396b37a697eb2d,60.15432,24.9211,0000000019fb59c4,12.69
35,2019-08-03T12:07:00Z,eb715334f364cdec5902ef720cd954251e1168047bd115160767d782,60.16897,24.95222,00000000aa852af1,21.87
36,2019-08-03T12:07:00Z,ed740f442f5b4c0b7c6278bf30f66d4063bbb308276e4106f8ffc8da,60.17065,24.93641,000000000f4919c9,14.89
37,2019-08-03T12:07:00Z,f088630d7476dae7d4b7e2bb1f10575f2c89acb4b6e061f3d57c2b40,60.16531,24.9442,00000000fdda10fe,23.56
38,2019-08-03T12:07:00Z,f1d796deab3ec2f0d965c9b7cf8e9064d0b772462ffda475a8fb4366,60.149,24.9843,00000000fffb8cf0,23.56
39,2019-08-03T12:07:00Z,f237103f284dc6c51c64f9728c4f56e0c855dbb1bf8c4165758c3ef0,60.16897,24.95222,00000000aa852af1,16.1
40,2019-08-03T12:07:00Z,f35078038bacab63ad3070596b94bb3a7f0194dca33f52d641b73d1d,60.16762,24.95415,000000006b44cce7,13.75
41,2019-08-03T12:07:00Z,f5455934456d4c6b21f0640b3d88573e61ab79e1688e4f702180b441,60.16544,24.95398,0000000038d83d41,20.28
42,2019-08-03T12:07:00Z,f6609ab1076b1105bb845595a03b41b8fbb282f79c337df5bbc9f841,60.14699,24.922,00000000a53ed894,14.89
43,2019-08-03T12:07:00Z,fa174c07354fca0bb5a193097c3a41f5c79ba61efc1b2f1dd7ae2312,60.16762,24.95415,000000006b44cce7,13.75
44,2019-08-03T12:07:00Z,fc4f3a44235f1cfc7b53f14ba2da599976a5a0a220d23b852688e485,60.17919,24.95181,000000007b5207b6,12.69
45,2019-08-03T12:07:00Z,0046dc532a2a94762e46ef4f39e2741288b5c806f37f721a939b3ea9,60.16544,24.95398,0000000038d83d41,27.28
46,2019-08-03T12:07:00Z,004e846a2fdfd0a24d12fb231e602821c8e640fc0e2082299daf1364,60.16629,24.95957,00000000fb7600be,17.4
47,2019-08-03T12:07:00Z,00e4c15b0c6be95cec5fff32aebe9b66dc448c3761c5d547462104ac,60.16829,24.94214,00000000afef4555,25.36
48,2019-08-03T12:07:00Z,0187367fe790cab89299a619bfe3f90223e20e791453e8413c500f5f,60.16544,24.95398,0000000038d83d41,31.5
49,2019-08-03T12:07:00Z,023e540dc5029f48682bffa63b7adcb1fca687334f0a7ebc70f8d074,60.14699,24.922,00000000a53ed894,2.54
50,2019-08-03T12:07:00Z,0588bff80aea360ec32886d9c693747bad90b9b4d67b7e6061bad4c3,60.16531,24.9442,00000000fdda10fe,7.05
51,2019-08-03T12:07:00Z,093346548902dd52e01923fba2c3b3e6f966b3a9b7630409cba642e7,60.16075,24.95883,00000000f1124bca,3.4
52,2019-08-03T12:07:00Z,0a056ed06c57efa029d58bf3749c66e8f0126c1bb3f743c5ad8d05ad,60.17002,24.94407,000000006b087f40,10.78
53,2019-08-03T12:07:00Z,0aa01bd688306a4091d763510bc72ceec05b81ff2e7739fe741fff24,60.16531,24.9442,00000000fdda10fe,20.28
54,2019-08-03T12:07:00Z,0ae43cdcbc7e42fd5cc40373b82b2c67dbb0ee084f66d3f3e7c65198,60.17918,24.95141,00000000675d5200,8.38
55,2019-08-03T12:07:00Z,0b4db2101153d33f39ea959924d5bf68454f8713c40e60cae89314de,60.17002,24.94407,000000006b087f40,20.28
56,2019-08-03T12:07:00Z,0bad2331daf3b0d53efa15ecb26d2ff2d309d9a29e9f2fd4101cbadf,60.17065,24.93641,000000000f4919c9,18.79
57,2019-08-03T12:07:00Z,0bf1cb383e929d63aa13a81e7ac78470df2e2dbca9eecb56c3a15e41,60.149,24.9843,00000000fffb8cf0,25.36
58,2019-08-03T12:07:00Z,0c1087bdfc5c0fb50af29cf8c12f9ad7ad41129f11a2cb09422e7b70,60.14699,24.922,00000000a53ed894,13.75
59,2019-08-03T12:07:00Z,0dc6f1876ffaaa0d7999322e15cfc28bc0aff36201bf5d2155a6a52c,60.149,24.9843,00000000fffb8cf0,4.5
60,2019-08-03T12:07:00Z,0e18219fc0993f87723b97537b415ab59e55f54a8e3446798d75ec33,60.14951,24.92138,0000000006dd41f6,21.87
61,2019-08-03T12:07:00Z,0e7034171bd360b135b8b9d850b5c7990d429ee11c91f3538926d978,60.16544,24.95398,0000000038d83d41,17.4
62,2019-08-03T12:07:00Z,10724398b790f836d35227ad921f96efeae333d88c63e020b997f016,60.16531,24.9442,00000000fdda10fe,2.08
63,2019-08-03T12:07:00Z,10ab7a01af616388090ce3d0021d8e58cb88319c3f3fd5ee7d425f90,60.16629,24.95957,00000000fb7600be,25.36
64,2019-08-03T12:07:00Z,10be39ced403a8d9168ec41ffb2e6494d11f749ecfe072b5aca8cd9e,60.16897,24.95222,00000000aa852af1,16.1
65,2019-08-03T12:07:00Z,10c2558948490b0f0584099b1bd91038e39bd391a27c9d3d556e8845,60.16829,24.94214,00000000afef4555,23.56
66,2019-08-03T12:07:00Z,10c77d11547be971a9a5eb304bbcb9cfc2373e88d154517dc9f19f02,60.16629,24.95957,00000000fb7600be,7.69
67,2019-08-03T12:07:00Z,112bfd8fb994bd7ed79e3e7ecea7bff91a5721fa992e47f4a57fd994,60.17918,24.95141,00000000675d5200,6.46
68,2019-08-03T12:07:00Z,1142edc820ef82a69116554f507454f865a109dc89ae4e2361015a0d,60.16829,24.94214,00000000afef4555,17.4
69,2019-08-03T12:07:00Z,114950dd907623db41270f55d70f73760f54724ffe7baeba3dbd6436,60.16762,24.95415,000000006b44cce7,17.4
70,2019-08-03T12:07:00Z,132f871582d022f5488a6baffb45ed6799496e51ae5a8bf98ae7d5db,60.149,24.9843,00000000fffb8cf0,14.89
71,2019-08-03T12:07:00Z,13bdca8fbf4173eb5c656ce0506f4c7feef69ea19945a1d7d4dfd363,60.16897,24.95222,00000000aa852af1,25.36
72,2019-08-03T12:07:00Z,155afcfc4da5eda2dcd0f9cf8ab3585a22bdd5d88591768613fac58c,60.17919,24.95181,000000007b5207b6,12.69
73,2019-08-03T12:07:00Z,15958674abf8371c8a489a46c3fc5865d38902533983e0bcded75bda,60.16762,24.95415,000000006b44cce7,1.54
74,2019-08-03T12:07:00Z,16d1ce6ca80989e55753a62da5a853b997db44cdebfe168cd461051a,60.16629,24.95957,00000000fb7600be,14.89
75,2019-08-03T12:07:00Z,1701a0a4ac6409d8d54d9197f7be0fb3f06dc36724b5af6abadea670,60.16762,24.95415,000000006b44cce7,8.38
76,2019-08-03T12:07:00Z,1b487535146979af18f5c125af1cd0bb85590f83874df7bc5c2981a4,60.16897,24.95222,00000000aa852af1,9.92
77,2019-08-03T12:07:00Z,1ce890f761d8020db1433d73acc5fc97bdea162e78f31b0305a351aa,60.17002,24.94407,000000006b087f40,20.28
78,2019-08-03T12:07:00Z,1d49b46d3a4df05fc93274003c9583b8c962498802452a9b97cd91c7,60.16531,24.9442,00000000fdda10fe,17.4
79,2019-08-03T12:07:00Z,1e10d86bfd4189e80d856c3ad05836916578d7da7d53396e7e1c069a,60.149,24.9843,00000000fffb8cf0,11.7
80,2019-08-03T12:07:00Z,1fa8446d1c3b866ca183dd6ad0af593df4e5854c5ee5e7cd47ea2e67,60.16531,24.9442,00000000fdda10fe,4.94
81,2019-08-03T12:07:00Z,1ffb761a7bd48cfd5a128285bdf4403456b4742ec65ee26893002d33,60.14947,24.91438,000000004ef3150d,21.87
82,2019-08-03T12:07:00Z,205f11577f2bbf1444a37029af07fa8440c446f2c209ed5372c9224f,60.16629,24.95957,00000000fb7600be,17.4
83,2019-08-03T12:07:00Z,214aa32f3172bff3709d63f336b0cbcb8919319f9f520ad43674b419,60.16531,24.9442,00000000fdda10fe,7.05
84,2019-08-03T12:07:00Z,21a1badee3d46e1bda4f5f2146c121b8100bbdb2d86308452b5c6e47,60.14947,24.91438,000000004ef3150d,16.1
85,2019-08-03T12:07:00Z,226a5e1697434b4b7d7c144950ca9bf329024fa90d030c14c3cc3e99,60.17918,24.95141,00000000675d5200,9.92
86,2019-08-03T12:07:00Z,22a4c29e5a96b23604b58fade4ae3cb59b73a9503f40d266a830c440,60.17918,24.95141,00000000675d5200,20.28
87,2019-08-03T12:07:00Z,22c9b61c80ba53167ac021021e505486d4451d87ba4ec5a6f959f45e,60.16762,24.95415,000000006b44cce7,10.78
88,2019-08-03T12:07:00Z,232dc2ce9698e08e285f61694d365c8da3078df01848ec6e5cc1232d,60.16544,24.95398,0000000038d83d41,18.79
89,2019-08-03T12:07:00Z,239a51ee3fb03463e6bcbfa8a4a48a220de52c7a5bc20a6a99474af9,60.17918,24.95141,00000000675d5200,4.5
90,2019-08-03T12:07:00Z,23d9f535d64c07f0ae2e28cef2f11607e66623b00c428246916d3edc,60.14699,24.922,00000000a53ed894,9.92
91,2019-08-03T12:07:00Z,2456cde5eff8fd21bb3251208f9f476e729e7cb0f0749cdaa8ee6fe2,60.16897,24.95222,00000000aa852af1,14.89
92,2019-08-03T12:07:00Z,2662252f2192997b25aeb5ab9b6036b2763afa35838d5a3bb1e8e18e,60.16829,24.94214,00000000afef4555,16.1
93,2019-08-03T12:07:00Z,2696f6a462520c8284659d993a9bf0545c2b2f278e1538f7f60dd1d3,60.17002,24.94407,000000006b087f40,12.69
94,2019-08-03T12:07:00Z,280351ce955e30f359be635bea934ac5ea7de139892532094bb37bed,60.17065,24.93641,000000000f4919c9,21.87
95,2019-08-03T12:07:00Z,29125d7232320af6909f90a3a8f4c5fe73f08b4e6c50d74250b6049d,60.14947,24.91438,000000004ef3150d,7.05
96,2019-08-03T12:07:00Z,29a47d40d8f5c7160eb5b2fef547811931dc570d404e472098fc6027,60.16762,24.95415,000000006b44cce7,13.75
97,2019-08-03T12:07:00Z,2a8254a9ed1007b50caa0bc66969fd4a1a5459db0b9b6d3fc2101769,60.17919,24.95181,000000007b5207b6,11.7
98,2019-08-03T12:07:00Z,2a9a691715e2ae0f653a3023b5dc633aba79387285fd482f603d4f7a,60.16075,24.95883,00000000f1124bca,38.87
99,2019-08-03T12:07:00Z,2aad3bef749584b78e1f2eae9cae7db97acf52986fa8977244268eb4,60.16629,24.95957,00000000fb7600be,23.56
100,2019-08-03T12:07:00Z,2ab8af8aef2600d0152aec00565359af011927295e2be705d44210a4,60.1538,24.95595,0000000038bf9618,44.58
101,2019-08-03T12:07:00Z,2be43128d0b200c5560cdb598777e55b81743df12968bd26b8ba8ff4,60.14699,24.922,00000000a53ed894,12.69
102,2019-08-03T12:07:00Z,2d39d7bca89cddc8578efb2d8acdacb717ea0f7a4a504d3ec395a17c,60.173,24.92524,0000000096918cfa,12.69
103,2019-08-03T12:07:00Z,2d5caf87edf8e4d8a6b9bf7266835117e59cf92eafcfa036947653ea,60.16897,24.95222,00000000aa852af1,20.28
104,2019-08-03T12:07:00Z,2f2fa67b395e053fbb11001a1f170b55aad5ce34f0fe0897ac1f6dd1,60.1538,24.95595,0000000038bf9618,5.41
105,2019-08-03T12:07:00Z,2fc5d89dcb9a4f020e404c5df9fb58c3828bad1b9c43158019f8ea90,60.17918,24.95141,00000000675d5200,10.78
106,2019-08-03T12:07:00Z,30a8e937a215f98396d635d65244ec7492adefb374715d6c898286ed,60.14951,24.92138,0000000006dd41f6,13.75
107,2019-08-03T12:07:00Z,30c7b01ec690d1fdde9f632c7c4fc744c1dfa3ac7d572bc7d1f43086,60.14947,24.91438,000000004ef3150d,11.7
108,2019-08-03T12:07:00Z,316b325580c0a271a4aeed1d28f4d3df34df24ee6e8b04a5a7008b4d,60.14951,24.92138,0000000006dd41f6,21.87
109,2019-08-03T12:07:00Z,330d0b42123ffa0f796aba3dbf5f6c0fb8bd58d533d91ad597ad829f,60.16762,24.95415,000000006b44cce7,10.78
110,2019-08-03T12:07:00Z,34a8e7b18a93c3c653c6731e491104ce9d10572f6b59c0c3ad610c06,60.16075,24.95883,00000000f1124bca,16.1
111,2019-08-03T12:07:00Z,36396276bdd79073c90c6af147deecb9d33b4a7b504f58b40ad697c9,60.17918,24.95141,00000000675d5200,18.79
112,2019-08-03T12:07:00Z,36fd91df19745255cfca7113f06cf8343e93d4a0a9dceaba334d88a0,60.16531,24.9442,00000000fdda10fe,27.28
113,2019-08-03T12:07:00Z,370980556c49f669cdeba7ecdc0049b495bc1f9e4ef33f298d64a35b,60.18203,24.91341,00000000342570c2,29.32
114,2019-08-03T12:07:00Z,37640fda8331ef79c729ca312deef37089beab642c3f6e631b67ef83,60.14951,24.92138,0000000006dd41f6,7.69
115,2019-08-03T12:07:00Z,37fa2c3656f8f80888d8a88649d9e05dbe0a6de87a629d58fefc087f,60.14699,24.922,00000000a53ed894,18.79
116,2019-08-03T12:07:00Z,37fbe7a4a658bb00e5e6031a08a1bb28d4d2cae75285a8e051187ca4,60.14951,24.92138,0000000006dd41f6,20.28
117,2019-08-03T12:07:00Z,39cfa65b24ce006731c71193d0d16284e5c84ce65cdbe6abd771017f,60.17065,24.93641,000000000f4919c9,5.91
118,2019-08-03T12:07:00Z,3b919e3bf76f7f1f3166f38947d221284f834d6d2721efaab6f460ce,60.17918,24.95141,00000000675d5200,13.75
119,2019-08-03T12:07:00Z,3bf2f8cc16dba4f0121828b6783770a78092b1d2568ac52a689ed2b5,60.16897,24.95222,00000000aa852af1,17.4
120,2019-08-03T12:07:00Z,3e365929d27ce29c4d65870563d978ae9ed7c6f8cc1acc3c458c5f87,60.14699,24.922,00000000a53ed894,5.41
121,2019-08-03T12:07:00Z,3e4fbd3a5d2c0c6eff797ec06e1685938b5c473f64e9d3b2cc111508,60.14699,24.922,00000000a53ed894,11.7
122,2019-08-03T12:07:00Z,3ec8315b95efc4d4f13541ddc28f221a689fb4bcb7aca5154fa340e3,60.14699,24.922,00000000a53ed894,14.89
123,2019-08-03T12:07:00Z,3fa5051a18ff0aa83bceab18ed7ed0092201abb92d075d19d0d1a328,60.16762,24.95415,000000006b44cce7,4.11
124,2019-08-03T12:07:00Z,4026e5edd9962e3795aac17a957bd2602e85c40308a8c5b880d35edf,60.14947,24.91438,000000004ef3150d,11.7
125,2019-08-03T12:07:00Z,40a30551a7192adeb6e3d0c44002f22a1ddb64ed0e99e3306a1682e5,60.16762,24.95415,000000006b44cce7,21.87
126,2019-08-03T12:07:00Z,40cc344f87be7d628195a9d9f3a26f974ff5fce9fcb7b6575b313ea9,60.14699,24.922,00000000a53ed894,13.75
127,2019-08-03T12:07:00Z,4104a761968f56b1679e1da1ee3af1d2aa4050126e69e27166617c8e,60.16075,24.95883,00000000f1124bca,25.36
128,2019-08-03T12:07:00Z,41491da780048968fe5b04048abeb1a71a8e69ea133ccdeb27b5ced3,60.17918,24.95141,00000000675d5200,7.05
129,2019-08-03T12:07:00Z,42b5f1d0fbfd0fc6b85bf32c53ebb7431b430614a5d1020a4b748b7f,60.16531,24.9442,00000000fdda10fe,13.75
130,2019-08-03T12:07:00Z,4363a185c4565e858e787148530a2744591a049c3e3e4cd27acd043b,60.16762,24.95415,000000006b44cce7,9.92
131,2019-08-03T12:07:00Z,439e7da80cb4a1fabffaef679c54cf2629b5e433c571add9d493f9a7,60.16762,24.95415,000000006b44cce7,11.7
132,2019-08-03T12:07:00Z,4493ca63c683b586b3cade447dc336f8c5ac7a79998da126643015f4,60.16829,24.94214,00000000afef4555,18.79
133,2019-08-03T12:07:00Z,449dfb4214859fb5aeb97376b8e376596a5102f2339cc9ac33c33a15,60.16897,24.95222,00000000aa852af1,21.87
134,2019-08-03T12:07:00Z,45b61cc8febf93a38f77a1ced73ea68aad888eb6310548cf9e8b29de,60.16829,24.94214,00000000afef4555,20.28
135,2019-08-03T12:07:00Z,46ab02a19573c0b0e8f53d360e46628a44126abd140366c68794fa14,60.17065,24.93641,000000000f4919c9,3.74
136,2019-08-03T12:07:00Z,489b0473cd910053220f444530ec9cb44035a259a12747226ac10d8c,60.16762,24.95415,000000006b44cce7,12.69
137,2019-08-03T12:07:00Z,48b97824d0c3ddf05c95051c437f3a312405b8759a93e3d64cc989f6,60.16075,24.95883,00000000f1124bca,12.69
138,2019-08-03T12:07:00Z,48c6fd9e42a9a07f77c99970b5efc54daffd271d2b1f8c6b0e381c49,60.16829,24.94214,00000000afef4555,16.1
139,2019-08-03T12:07:00Z,4a12098491a4b792c9d598edb144adcdd7f3fc024b5f0b664ccc2dfc,60.16762,24.95415,000000006b44cce7,5.91
140,2019-08-03T12:07:00Z,4a7b5269e6466938694cb8729a1fc2f421ef66994ce493f64ad67128,60.16829,24.94214,00000000afef4555,11.7
141,2019-08-03T12:07:00Z,4b83098b322ed41e711c289d07250668a801d4ad51e814da67fbc7dd,60.16531,24.9442,00000000fdda10fe,0.5
142,2019-08-03T12:07:00Z,4b9f1f418c23cd35aab882e6e0870c674541ed0da512480aaa6855d0,60.1538,24.95595,0000000038bf9618,17.4
143,2019-08-03T12:07:00Z,4c47e514b5a4246c80e27637b628ddbf10e40786deaedbe11a29d1e9,60.149,24.9843,00000000fffb8cf0,29.32
144,2019-08-03T12:07:00Z,4c5b451a8d54adb59f0dfbe17cbbd10c0b6c9195f5342adfe9ce5d9b,60.16531,24.9442,00000000fdda10fe,12.69
145,2019-08-03T12:07:00Z,4c9b06a4fe0d345c1142b2e5ad747806036d0f07c1e428e01bf82c4d,60.14947,24.91438,000000004ef3150d,9.12
146,2019-08-03T12:07:00Z,4d3910a6185e5e369126c993876e87dc03b2579171963da625081890,60.17919,24.95181,000000007b5207b6,20.28
147,2019-08-03T12:07:00Z,4e7480a85e1e4debd294d4aba9c32916dece43b7a7a83bed0d6e4d78,60.16829,24.94214,00000000afef4555,21.87
148,2019-08-03T12:07:00Z,4f4b2cae8a7fc924a736bd6fd209299a22945f42cceb9ab5ab407287,60.16829,24.94214,00000000afef4555,23.56
149,2019-08-03T12:07:00Z,4f86ef411b462925873602966861032ffec0b07683291c787e03a73b,60.16897,24.95222,00000000aa852af1,23.56
150,2019-08-03T12:07:00Z,5030258df37317647a56f658adf48341db0ee93f5a38677629d0aeef,60.16762,24.95415,000000006b44cce7,8.38
151,2019-08-03T12:07:00Z,510eb9c0a63443ea6bf252131f205b37995a6d24759c5a31cd668bc4,60.16762,24.95415,000000006b44cce7,6.46
152,2019-08-03T12:07:00Z,5127b81013cd3cc20c315016b8738a0a4a0a2c6315bc24138cdfabd7,60.16544,24.95398,0000000038d83d41,20.28
153,2019-08-03T12:07:00Z,52394b45ec93e87224cccc16836705e90aba72ee0149cabc1933c794,60.14951,24.92138,0000000006dd41f6,13.75
154,2019-08-03T12:07:00Z,526094b42cdeb8380798a4b08551ce2084197128c1bf15c801467ad6,60.16531,24.9442,00000000fdda10fe,10.78
155,2019-08-03T12:07:00Z,53cd7000cd4fefd383d4421458778a36c5dc782a1e5ad62e05868116,60.16762,24.95415,000000006b44cce7,6.46
156,2019-08-03T12:07:00Z,542fb0001ca9a86bf234b738cefe7a5d0483942b023b66cff23af466,60.14951,24.92138,0000000006dd41f6,7.69
157,2019-08-03T12:07:00Z,5449e50e6de5f9ac3d0c5a07377e0d120864a0bc84158e02c22a55af,60.17918,24.95141,00000000675d5200,31.5
158,2019-08-03T12:07:00Z,54a5699ffee251183882ae9e91d33e9524a0b2f715103eee3f1a1b07,60.16531,24.9442,00000000fdda10fe,25.36
159,2019-08-03T12:07:00Z,55738a9debf966cd62bbc55109726ce7c8b7297e6323c822f7d9a0ad,60.16448,24.97323,0000000053c6c2be,21.87
160,2019-08-03T12:07:00Z,5676abf78ba7a8b2ac0a2b7f9f8fe65030b6ab32b38d1f7aa841c293,60.149,24.9843,00000000fffb8cf0,9.92
161,2019-08-03T12:07:00Z,56e46becb2c749bd4f0ed2b9dc1ad5a1873253022d7d93c127d6af32,60.16531,24.9442,00000000fdda10fe,4.94
162,2019-08-03T12:07:00Z,575115aa12f2b76005981618c832e808d3b84885afb755022ec5422e,60.17918,24.95141,00000000675d5200,10.78
163,2019-08-03T12:07:00Z,584cb0b0cdd14e608c8b57c8aecc9826f9b40027e365e2438a444ea2,60.16762,24.95415,000000006b44cce7,14.89
164,2019-08-03T12:07:00Z,594b0cdba2f8e4d9a219af501642e47e2ef3e7272293d6d8d6c97a4f,60.17002,24.94407,000000006b087f40,29.32
165,2019-08-03T12:07:00Z,5974c164bdcfbb5d0e046c5287d03005e24c9938401ad749e6c78f6a,60.16762,24.95415,000000006b44cce7,10.78
166,2019-08-03T12:07:00Z,59d3f1e543ec8872074b2f8c716ee0d476a07f910ae7d2e1d8b435d4,60.16544,24.95398,0000000038d83d41,20.28
167,2019-08-03T12:07:00Z,5aa2e29aff6cde5f97b515986c01892736fb477e4991d15e7ca91b50,60.14947,24.91438,000000004ef3150d,13.75
168,2019-08-03T12:07:00Z,5b83630526073667100408af01fa8c4143ab6a1a2cc25f11de2cd515,60.16075,24.95883,00000000f1124bca,11.7
169,2019-08-03T12:07:00Z,5c69d951a56dbeb23ee0c0601b20888fe93d6354bdfdeea4f8c96a59,60.14699,24.922,00000000a53ed894,9.12
170,2019-08-03T12:07:00Z,5cb4ec72220f5dcb7d79fdb6c4d5a61899237b0da1d29e3c30e1df8d,60.16897,24.95222,00000000aa852af1,9.92
171,2019-08-03T12:07:00Z,5d58057492176558a01916813c938e59d158266f1ad721cc2eb7fc45,60.16075,24.95883,00000000f1124bca,20.28
172,2019-08-03T12:07:00Z,5d697ebf676bf59b4caccd1f3bec3cf669bd2dfae9bc61c5289682b4,60.16762,24.95415,000000006b44cce7,3.74
173,2019-08-03T12:07:00Z,5dcbd974817a8c136ccc2c7008ee23f83db97d01676ec2df7dfdc6f6,60.17918,24.95141,00000000675d5200,17.4
174,2019-08-03T12:07:00Z,5ddbe663f0be1a26c2e3626a8210f58e93b076ca8e2565d8621e45a0,60.149,24.9843,00000000fffb8cf0,16.1
175,2019-08-03T12:07:00Z,5de787aec44ebe7c8277035d6cbfa349b8e1c6d4e5aa704d88260bf1,60.17918,24.95141,00000000675d5200,4.11
176,2019-08-03T12:07:00Z,5e8cca5da6d1f906e006c31dd24b3571a1778c09631218f2f31883ee,60.16075,24.95883,00000000f1124bca,18.79
177,2019-08-03T12:07:00Z,5f10e68c15ca1388f92342afc11d250b9eb14fa36f57fdc8fb70e355,60.16762,24.95415,000000006b44cce7,9.12
178,2019-08-03T12:07:00Z,5fb3d144aeb27aa600c9cff5d2bc866c68d4a9ae82fa5a3a4c360574,60.16762,24.95415,000000006b44cce7,14.89
179,2019-08-03T12:07:00Z,600290e2cf8f4295cf3f81996d6d20ceac9acf5f46214ef7ebf3cde2,60.16075,24.95883,00000000f1124bca,6.46
180,2019-08-03T12:07:00Z,60319cb25e153162c47725aff32296ce1fae96ca1258c1284c036d9b,60.16075,24.95883,00000000f1124bca,20.28
181,2019-08-03T12:07:00Z,60e682cb5735507e5f9fc6b71c83e7260d211f9205afd4ae7dec9a57,60.17919,24.95181,000000007b5207b6,27.28
182,2019-08-03T12:07:00Z,61fc47e5a7ce31f1a28205cd35f0752f2e29466105a4edb342c8cab9,60.16075,24.95883,00000000f1124bca,23.56
183,2019-08-03T12:07:00Z,635c3bef7dcb45ee6fee20e30017a850e34689b6f07946ce63eb95de,60.14699,24.922,00000000a53ed894,18.79
184,2019-08-03T12:07:00Z,63c5673091e7dc60b81968db527488754a430c32ac6f344cab834fab,60.14699,24.922,00000000a53ed894,17.4
185,2019-08-03T12:07:00Z,6401adf8d55ba02762f3b539e1c7525a74c904e02744ff30c4746dac,60.16762,24.95415,000000006b44cce7,7.69
186,2019-08-03T12:07:00Z,64d34c7c50a44005a3711e0983149bb6ef7b89abca8967c7b96f0aa4,60.16762,24.95415,000000006b44cce7,9.12
187,2019-08-03T12:07:00Z,6697f30ee769df6b764547d141866ee2f63908e4e2e4cfea8d3bc607,60.16829,24.94214,00000000afef4555,7.05
188,2019-08-03T12:07:00Z,66bfc0be3374d0de8a37b3cb93b6093efb4488b967a7bb1f8fa21c22,60.16075,24.95883,00000000f1124bca,21.87
189,2019-08-03T12:07:00Z,6813cad9583cdc0d0ba17b71ddc84a075d66e25181e1ad9ac1fa2f35,60.18203,24.91341,00000000342570c2,31.5
190,2019-08-03T12:07:00Z,685e350a22f66d13a62175c1c093c12c6212394d070c6876550dae14,60.17918,24.95141,00000000675d5200,1.38
191,2019-08-03T12:07:00Z,68a06e2c45eb7c319ec9288a8d3aefedd49d4120fdd4efc891d1ebb6,60.149,24.9843,00000000fffb8cf0,20.28
192,2019-08-03T12:07:00Z,6b005a62de49aca4d817ad8bee2b8a9100451f3d472fb3917c9bf0d4,60.16762,24.95415,000000006b44cce7,5.91
193,2019-08-03T12:07:00Z,6bec507eec8c08a67967055872b1e47200b2827d9013e22eb8571904,60.16075,24.95883,00000000f1124bca,7.05
194,2019-08-03T12:07:00Z,6dfbcb69a42d0a362406f8f82f9d5f0f3065e9bc5bbdd0363e2842b6,60.17065,24.93641,000000000f4919c9,25.36
195,2019-08-03T12:07:00Z,6eb27ad978ca784e17d231fc935938f23e7b9a87190dff38ba34c4b1,60.17002,24.94407,000000006b087f40,21.87
196,2019-08-03T12:07:00Z,6f638a70e11e5bfbac635976a360cf9c52b9456e94f8e040683cfea6,60.16897,24.95222,00000000aa852af1,20.28
197,2019-08-03T12:07:00Z,6f9655b2e1c8936f827a8df216d936bdb09e034899b9aa0e5d74c1e6,60.16762,24.95415,000000006b44cce7,5.41
198,2019-08-03T12:07:00Z,70f67a4977b0e31848205c1498bdc76b6dbbdc54794f7b143bce33c3,60.16897,24.95222,00000000aa852af1,20.28
199,2019-08-03T12:07:00Z,726441c81ea1c9dcc22f3ca7a97f44497f910196fe87714309050279,60.17918,24.95141,00000000675d5200,5.91
200,2019-08-03T12:07:00Z,74cb545f76f0bfc5498607247e26e814276a11ce91f77208054ecbc5,60.17002,24.94407,000000006b087f40,23.56
201,2019-08-03T12:07:00Z,74df124b099057222bbeae9d70b3043def9f1616f9d3f60eaafd6b0d,60.16544,24.95398,0000000038d83d41,18.79
202,2019-08-03T12:07:00Z,74f9258c387c4d8203d6e86b4913c5da5025e9f2a7e232275f0d24a7,60.17002,24.94407,000000006b087f40,20.28
203,2019-08-03T12:07:00Z,767aa54552a8e6102beee7964f5ac11cd1c589ad3185703d2c25ff97,60.16762,24.95415,000000006b44cce7,7.05
204,2019-08-03T12:07:00Z,770bf19d30f25333e96b80559c23f2e0a42e8e87ecdfabf3ba43b920,60.16897,24.95222,00000000aa852af1,16.1
205,2019-08-03T12:07:00Z,77119a9ccfd23ad4029d004c4821b903f096ac8e1b12627eb4991f46,60.149,24.9843,00000000fffb8cf0,14.89
206,2019-08-03T12:07:00Z,795530286954d57d3c3e3d7aaf1da99ca17a68ae5a28fe870f0e50da,60.16762,24.95415,000000006b44cce7,5.41
207,2019-08-03T12:07:00Z,7960257ac298fb34b90baaacd3133986057852b1669b255be6d38e7f,60.16897,24.95222,00000000aa852af1,20.28
208,2019-08-03T12:07:00Z,79c2ce5536b61e2dc166ffe2d350b597b51a73ca19ee5f4112eaced3,60.17918,24.95141,00000000675d5200,12.69
209,2019-08-03T12:07:00Z,7aeee189e9af999fdccef568a9897013959ca48867776e6e16e80d6a,60.18203,24.91341,00000000342570c2,25.36
210,2019-08-03T12:07:00Z,7b1cc74fd9c133b8fe61b8c8c98e7915cbd68f9e8eddc6f35899d82d,60.14699,24.922,00000000a53ed894,17.4
211,2019-08-03T12:07:00Z,7b7aeb0f760e8bd4de12dabba95e9c8878ff729bdbd13e12d2f3291e,60.16075,24.95883,00000000f1124bca,29.32
212,2019-08-03T12:07:00Z,7e67804d598ef4427aa71099931821e93aa456e50e6364ce26b1dc8f,60.16762,24.95415,000000006b44cce7,6.46
213,2019-08-03T12:07:00Z,8015dc26e330831a0111599b155e4cbcb91fc692567d123d594cea26,60.17918,24.95141,00000000675d5200,21.87
214,2019-08-03T12:07:00Z,80c1dc0139ca4f435230e98d23cb70a7d1f3780ce68db18b6d3a5a0f,60.14951,24.92138,0000000006dd41f6,7.05
215,2019-08-03T12:07:00Z,817d2000215a44fecf8118fdbe8aa0718f793cfdd91b3ec9b66c148e,60.17065,24.93641,000000000f4919c9,27.28
216,2019-08-03T12:07:00Z,822d35140f41313f34aef13e8b628631923027d5dcb2932d90d586d4,60.15432,24.9211,0000000019fb59c4,12.69
217,2019-08-03T12:07:00Z,8269da3abaedc198b29e11668a3263af6aab6447719731f03e6ee827,60.17918,24.95141,00000000675d5200,2.8
218,2019-08-03T12:07:00Z,8280d64e063c9254ca3ae41cfa0959fefeb430df7716fb8407b186ee,60.16531,24.9442,00000000fdda10fe,21.87
219,2019-08-03T12:07:00Z,831b166c5213ccf46f07284d0d99f25aa5a146efb111bbc261f6478d,60.16897,24.95222,00000000aa852af1,18.79
220,2019-08-03T12:07:00Z,847590f5090cf556cdd5523cfab0b19705044d8c1a2cfa2a8abdf659,60.16897,24.95222,00000000aa852af1,16.1
221,2019-08-03T12:07:00Z,84789c14a9a9489607edab7f3b9b30adf30fdd14db913241d7e922e8,60.16897,24.95222,00000000aa852af1,12.69
222,2019-08-03T12:07:00Z,86647e4a55efbac5e29d66faf905e05bc47076f3891cf9bd3c37efcb,60.17918,24.95141,00000000675d5200,9.92
223,2019-08-03T12:07:00Z,86fab35eb7eb2cc6ecc1476d19701aeb37f950501833165d77972aed,60.16897,24.95222,00000000aa852af1,25.36
224,2019-08-03T12:07:00Z,8739a1ab84920d38cb8b49dd5ce138e77a4dcbe2b666a22e46149ec2,60.14947,24.91438,000000004ef3150d,18.79
225,2019-08-03T12:07:00Z,882be2de2d72287f432d1232109d7250018881d7fe9aeb36579f54f0,60.16762,24.95415,000000006b44cce7,21.87
226,2019-08-03T12:07:00Z,886f8901321eee9dc2f00fe5e18c466ce3dbda32cab2f70a973caca9,60.149,24.9843,00000000fffb8cf0,20.28
227,2019-08-03T12:07:00Z,88c0daab7221a73c8b8e924e2e26f9a5491d12f23dac42366effc0b0,60.16075,24.95883,00000000f1124bca,14.89
228,2019-08-03T12:07:00Z,88c9a46af75d8b10aed35bd1d91fedee9d39c69663cc6bc6a8a34cad,60.17065,24.93641,000000000f4919c9,29.32
229,2019-08-03T12:07:00Z,89a457421b44d355ec2907c6fa900b28480608f183a9745cc081585b,60.16544,24.95398,0000000038d83d41,14.89
230,2019-08-03T12:07:00Z,8a0efed53b1e9fee3e5ebbe087ad687d26ae9edea353a1f7de5c1421,60.16762,24.95415,000000006b44cce7,14.89
231,2019-08-03T12:07:00Z,8a2bab131a64c032e3bb19fd6327f5d1ad8a1188d27a220612e936c6,60.16762,24.95415,000000006b44cce7,16.1
232,2019-08-03T12:07:00Z,8a4f34761e927396f73970d9cf2baef245b11ee387be5d801c3af4eb,60.16829,24.94214,00000000afef4555,20.28
233,2019-08-03T12:07:00Z,8aa8bf5513163bdce0d85e35067c9d584d8d5624319443bcebd2ebc4,60.14699,24.922,00000000a53ed894,16.1
234,2019-08-03T12:07:00Z,8afcef3fb85ae3a2034c536328332b470ca99f1ad872ddbeb434612a,60.16829,24.94214,00000000afef4555,7.69
235,2019-08-03T12:07:00Z,8ca6929be98fb18e776582f1efcd1ae48141cd782cfe10eed8ef4dff,60.17919,24.95181,000000007b5207b6,20.28
236,2019-08-03T12:07:00Z,8d272ea9aecfb88915d83f2def7c865a4ac0bba769ab5621c4a02759,60.14947,24.91438,000000004ef3150d,11.7
237,2019-08-03T12:07:00Z,8d75b67a28d98c1ce44d56ef365dd50e2aee9771454a01dd2395e163,60.16762,24.95415,000000006b44cce7,8.38
238,2019-08-03T12:07:00Z,8dd07a7abf9fb59d2ae0d4e2399f1d8911d93b21470ba049c10f5e27,60.16762,24.95415,000000006b44cce7,10.78
239,2019-08-03T12:07:00Z,8e3fbac4f6e51bfb07d1615a52ce0462df0f27653f77961b6e48cde8,60.16629,24.95957,00000000fb7600be,17.4
240,2019-08-03T12:07:00Z,8ee52ef4919f1d483a4a682301eff775f39ad83ebab898505627eb76,60.14947,24.91438,000000004ef3150d,16.1
241,2019-08-03T12:07:00Z,8f0229ce1205a8efbe7ed85e338f2da8080104f43da4d4c5adc31295,60.16829,24.94214,00000000afef4555,23.56
242,2019-08-03T12:07:00Z,90b518681d5842a0c8bfd694ff0ec55568ebdc4edf280d7acc8c2884,60.16762,24.95415,000000006b44cce7,17.4
243,2019-08-03T12:07:00Z,915266ee9c29cfac5ae8169c50358341f5d93a2d542fea59d359151c,60.16762,24.95415,000000006b44cce7,17.4
244,2019-08-03T12:07:00Z,9164d72debd5d1b9564bcd15f2422aa776aadddb53be2a87947a5251,60.15432,24.9211,0000000019fb59c4,16.1
245,2019-08-03T12:07:00Z,91cd0e0a8ed6d3b899f4ef195cb2216ea2d115617543392e5d2ce513,60.16544,24.95398,0000000038d83d41,8.38
246,2019-08-03T12:07:00Z,91ef52925617cd01a510ace0cba8da134524f5072adb44385944d93e,60.16762,24.95415,000000006b44cce7,7.05
247,2019-08-03T12:07:00Z,922622e6b98d88229866ff86f737698b7b515af7b70212bb16712fda,60.15432,24.9211,0000000019fb59c4,18.79
248,2019-08-03T12:07:00Z,929e7a6112bd33a13f8e45c0bfcc972a065bd9b99d08b273f453cf91,60.16544,24.95398,0000000038d83d41,9.12
249,2019-08-03T12:07:00Z,92b925790166fb2bcd50b3f91b7d1e3f3cea6d0b0d56a4cdeecedf06,60.16829,24.94214,00000000afef4555,11.7
250,2019-08-03T12:07:00Z,94e03c9b4995da22d4288dfcf464500d0e282ea6dbee2539c0b1171f,60.16829,24.94214,00000000afef4555,23.56
251,2019-08-03T12:07:00Z,957618c6eec9b21710bd6e6f2db9d6ac53bcec1857bf968831e652ed,60.14699,24.922,00000000a53ed894,13.75
252,2019-08-03T12:07:00Z,95cc708b21321c32a3a2e7fcb383d19dcea145f664df7c1d7c1e98ca,60.17918,24.95141,00000000675d5200,14.89
253,2019-08-03T12:07:00Z,967bcad045baa3e074e9338b0542bc63b5ef41c912f03a9a3a7d4792,60.16829,24.94214,00000000afef4555,23.56
254,2019-08-03T12:07:00Z,96d2134b64b5e447ed6fdb1acf4a94ddc903ce9bedbd0247da6f2577,60.17918,24.95141,00000000675d5200,2.08
255,2019-08-03T12:07:00Z,9708db04daea2230fed3df5d696a878521b1d6c6aeabb4e30a5d594c,60.17918,24.95141,00000000675d5200,27.28
256,2019-08-03T12:07:00Z,9775974809cadca8799443dc88e0d532d89430d2125e00f8fe4a2efa,60.16762,24.95415,000000006b44cce7,5.41
257,2019-08-03T12:07:00Z,97a08dbcbbd01f2c3b4c1807c5f0f2fa05f4e2da404953ca6810ea61,60.14951,24.92138,0000000006dd41f6,16.1
258,2019-08-03T12:07:00Z,9800565e8306c7b508a9a95cabab2e5bb9218b3e31b3039280c2786c,60.16762,24.95415,000000006b44cce7,5.41
259,2019-08-03T12:07:00Z,99075071507b875f3ec8dae07b5bc6e38b2010da632d4743beca9674,60.18203,24.91341,00000000342570c2,27.28
260,2019-08-03T12:07:00Z,9a3f34f407eb65a58dadc1ee2d136a65879446a946e7deba7847f391,60.16829,24.94214,00000000afef4555,25.36
261,2019-08-03T12:07:00Z,9b219315bf11bf2152eabdcf5dbbe86597f8423928783c431205dd58,60.16544,24.95398,0000000038d83d41,29.32
262,2019-08-03T12:07:00Z,9b25b4141d6e9880ecff50ca29f5a4e3f526ee8a6406fc1ad06af867,60.16629,24.95957,00000000fb7600be,18.79
263,2019-08-03T12:07:00Z,9b268f47f398d2091acfdd112864736ad2d378d0faf980214c9ade28,60.14699,24.922,00000000a53ed894,4.94
264,2019-08-03T12:07:00Z,9c42d67c15afb013ce160f19c13e80790eafcf46fec38f64f59c8db4,60.16829,24.94214,00000000afef4555,1.38
265,2019-08-03T12:07:00Z,9c865f44cf7d9f8b6b82460bce5d8758a74c9345e903c68cf3a54ec4,60.14699,24.922,00000000a53ed894,31.5
266,2019-08-03T12:07:00Z,9cab91e54ef99190fc568fbb7992b29dccb10afc9909d023464ea9a4,60.16448,24.97323,0000000053c6c2be,23.56
267,2019-08-03T12:07:00Z,9d713c9ce415e473048b45bbb35d6dcdef35cabaca39aa54f2e781a3,60.16531,24.9442,00000000fdda10fe,29.32
268,2019-08-03T12:07:00Z,9d851e85fdcfd72e89f824ce3c1b957a7d9ff19ed863ebb06ce19fbe,60.16829,24.94214,00000000afef4555,18.79
269,2019-08-03T12:07:00Z,9e8c1f995b716202a3a6c96cf98d1b69548f3353bba11371ee2e0155,60.14951,24.92138,0000000006dd41f6,13.75
270,2019-08-03T12:07:00Z,9e995020384ea8cc443eb1f0d51c62658a653f89f6d705fe321cdc1a,60.17002,24.94407,000000006b087f40,11.7
271,2019-08-03T12:07:00Z,9f3ec65a7aec304bd08d6b48d6fcc314ee3f2254e74e9dc18b49750b,60.17065,24.93641,000000000f4919c9,20.28
272,2019-08-03T12:07:00Z,9f5795e0d9618ad9fee69c6736375e2f172f4aed9a7039eaa004967d,60.15133,24.92329,00000000e8a064a4,41.64
273,2019-08-03T12:07:00Z,9f93d57e078b7b84becd2bee22915d0e2852fddc5b2111ab6d9c4e04,60.14947,24.91438,000000004ef3150d,13.75
274,2019-08-03T12:07:00Z,9fc3b902968beb4b4c837e3f5072a39e001d4601c033d6ea92460eba,60.15432,24.9211,0000000019fb59c4,27.28
275,2019-08-03T12:07:00Z,a00b621ac10ab2b97da64d498e5370dcafc4ab9031939eff98564224,60.16897,24.95222,00000000aa852af1,23.56
276,2019-08-03T12:07:00Z,a06b894daaa50fa615763e5e85587d4b96f3563f01100321cf58f2e6,60.149,24.9843,00000000fffb8cf0,31.5
277,2019-08-03T12:07:00Z,a0acdfbdfcc6ba7dce2b8eada58c798c2cbbd123a54fb2ced98e3d8d,60.16897,24.95222,00000000aa852af1,17.4
278,2019-08-03T12:07:00Z,a2cd1710c4d938d2fdaf84d5f9ff8182e897c5e9e54297588da71fe2,60.14699,24.922,00000000a53ed894,6.46
279,2019-08-03T12:07:00Z,a62a1c0d36a0458aa37076f7a0d673ebddea00df0b2f6f3130b4e068,60.17918,24.95141,00000000675d5200,12.69
280,2019-08-03T12:07:00Z,a6cefc6215d7c6656c79983863faefefc48c02d8465d9175e18e3cfb,60.14951,24.92138,0000000006dd41f6,7.69
281,2019-08-03T12:07:00Z,a8db658d043504f8547e8ef1ad7c55af1aa38dae48b6d1e07d2158f8,60.17918,24.95141,00000000675d5200,9.92
282,2019-08-03T12:07:00Z,a977b2eb5306f36ad3516f1118df1ba9e576df7574f28df69ed12b37,60.14951,24.92138,0000000006dd41f6,25.36
283,2019-08-03T12:07:00Z,aa93cd3b3d666d47d83dec3aa19bbbbc4e2fde01c615ae334e130aec,60.14951,24.92138,0000000006dd41f6,9.12
284,2019-08-03T12:07:00Z,aacaec05b4df730939be68fc5eb2b5025a2a645a62d35d522d71eef0,60.16762,24.95415,000000006b44cce7,5.41
285,2019-08-03T12:07:00Z,ab2e6bc3019d53ddff7c50dad5f627955c8419c49acfc33ff69b7d5d,60.14947,24.91438,000000004ef3150d,7.05
286,2019-08-03T12:07:00Z,acca21f8790b0f65098eaaa2bcd9264fd45e4ae75d2230c60b77f719,60.17918,24.95141,00000000675d5200,10.78
287,2019-08-03T12:07:00Z,ae18c41eb4df4ac6ba661bc8f35ac4bd98be981dc9fcd1ab6e86b40c,60.14947,24.91438,000000004ef3150d,18.79
288,2019-08-03T12:07:00Z,ae6f877413ff06f35461518cd8f5a0ef55a9228d65359bd9b7db5c2b,60.16829,24.94214,00000000afef4555,18.79
289,2019-08-03T12:07:00Z,aea0c267f7fc164955ceb86ebc3b2aad3ce43f01dd088b16b38b4339,60.16762,24.95415,000000006b44cce7,11.7
290,2019-08-03T12:07:00Z,afd6d2b388ff5bc0d79681be19170c94164c53fdd8900efbe6d542d5,60.16762,24.95415,000000006b44cce7,11.7
291,2019-08-03T12:07:00Z,b025bedd2e436afcd6f4765e70ccd8917e3a5ca9bf22195128505c5c,60.16762,24.95415,000000006b44cce7,16.1
292,2019-08-03T12:07:00Z,b092d7f8cb984bd4edc3a3a4b2643c6c5eb7e6e2875d8b49f33a2fcd,60.16544,24.95398,0000000038d83d41,29.32
293,2019-08-03T12:07:00Z,b172ef8c1f3424ed7c3293b8de25f7abd419d8688d2c9ca7c8fea913,60.17002,24.94407,000000006b087f40,12.69
294,2019-08-03T12:07:00Z,b23f21bb99e7b9120caa82782c52f2516a22d46816143259ef2d7167,60.16075,24.95883,00000000f1124bca,3.4
295,2019-08-03T12:07:00Z,b2dc34d8f38689e60792124ee9c99920282356b417b26a5f22a57067,60.17065,24.93641,000000000f4919c9,17.4
296,2019-08-03T12:07:00Z,b2f844e44f614267dba4b195c03204725352280e6b4db0d0105086aa,60.17065,24.93641,000000000f4919c9,9.92
297,2019-08-03T12:07:00Z,b4650697a9f3b4de25b479328a66cc01596bd36282780b974b28e8ac,60.16762,24.95415,000000006b44cce7,11.7
298,2019-08-03T12:07:00Z,b5656421431d51455c3ab75e8854f1bb6a11621469e43f2ed9c45764,60.17919,24.95181,000000007b5207b6,8.38
299,2019-08-03T12:07:00Z,b5ffb8e435ff3cc33b2519d804c33b308fcf93e37e49c2c0e0709e7e,60.1538,24.95595,0000000038bf9618,23.56
300,2019-08-03T12:07:00Z,b85943f641130e5a34f7f94788bbc23bd377cb0ab67b4eec332370fe,60.16829,24.94214,00000000afef4555,16.1
301,2019-08-03T12:07:00Z,b87a0eeec73e3cabca1089a19bd83a937fd52156d354e1d027b601c2,60.16762,24.95415,000000006b44cce7,14.89
302,2019-08-03T12:07:00Z,b88337f6fb061a18892c5513dfe09d90cf4f38932868ee34b3f6ccb3,60.17065,24.93641,000000000f4919c9,12.69
303,2019-08-03T12:07:00Z,b91a609c66eddcb215e478d18502b615264e9b0c22caddf161c1e73e,60.14699,24.922,00000000a53ed894,7.69
304,2019-08-03T12:07:00Z,b9225089a004755c44d551e963242e0be7d37408d67d914c2e0262ac,60.16897,24.95222,00000000aa852af1,21.87
305,2019-08-03T12:07:00Z,b96f59cf97eb90649ed46e0deaed16ccdb6d4ecf23a1eb3fe5b1c33b,60.16762,24.95415,000000006b44cce7,7.05
306,2019-08-03T12:07:00Z,b99b5029e96ed8da3664d5fa95d7efb07b0088bdf72b79fb02cd1aa3,60.14699,24.922,00000000a53ed894,9.92
307,2019-08-03T12:07:00Z,ba28dcef254ba895e60bc9497b521cf072bc1f4dd4425f728d4222fe,60.14699,24.922,00000000a53ed894,13.75
308,2019-08-03T12:07:00Z,bab6e654291bd558bb5186651da1c2d75a60f01a5b911c6dec6631cc,60.17918,24.95141,00000000675d5200,20.28
309,2019-08-03T12:07:00Z,bc4d1c1654e2b9bc4338cf5ea79434659c9b8b31fc33ba87bcf137a7,60.16762,24.95415,000000006b44cce7,12.69
310,2019-08-03T12:07:00Z,bc5800c14d40c79edb3381e7fa158bded8e2768ed6499745eba9489e,60.17918,24.95141,00000000675d5200,12.69
311,2019-08-03T12:07:00Z,bcd50fd90c8f007fa2ccf1dbc6b28fb77bc996806043a434212c8405,60.16829,24.94214,00000000afef4555,13.75
312,2019-08-03T12:07:00Z,bd6fb657a2e3b931e8a3b1f162e04dbc798fc8fe08a963af7114d506,60.16829,24.94214,00000000afef4555,13.75
313,2019-08-03T12:07:00Z,be5f4b3bc8356ba208d448feae505f7a547792bb7b1976616018e8d9,60.17918,24.95141,00000000675d5200,13.75
314,2019-08-03T12:07:00Z,bed327a1e8a62c726f9c3bc6f5c58d9b8e9b86a4e79b5964e379c57c,60.16897,24.95222,00000000aa852af1,27.28
315,2019-08-03T12:07:00Z,bf6aab7847bbc292259a4b7ccfde39df788b6c1bb44434656c559f32,60.149,24.9843,00000000fffb8cf0,3.74
316,2019-08-03T12:07:00Z,c0228c8508c67720568aae749886680da750417171911155a25e41a7,60.17002,24.94407,000000006b087f40,21.87
317,2019-08-03T12:07:00Z,c0c00d77c6464eadc35210b35646c70e59d2f7f228be35f9e5531e07,60.1538,24.95595,0000000038bf9618,23.56
318,2019-08-03T12:07:00Z,c0ebf95f2e9255140d5eeddc6d276057bea1076ecadc99727cf2ef36,60.17918,24.95141,00000000675d5200,11.7
319,2019-08-03T12:07:00Z,c1a195f742aec1ee2b97bcee432f18a438db08b328d9589197723c97,60.14699,24.922,00000000a53ed894,9.92
320,2019-08-03T12:07:00Z,c21c07bd74dd27a6a3a791636d50f1dbc3c8745d53aeb928d250b794,60.14699,24.922,00000000a53ed894,13.75
321,2019-08-03T12:07:00Z,c22b5bf90c194cfa6a4d5d229f86b9971371e1464b8c3b73d1a0a580,60.17918,24.95141,00000000675d5200,7.05
322,2019-08-03T12:07:00Z,c3a7aff9aaf45d9895887461944cb818283d1a6ce1ebae9b49a1bfb8,60.16897,24.95222,00000000aa852af1,12.69
323,2019-08-03T12:07:00Z,c55001237a5b261246e8f7cd0219f26a80b960a7844ff4a9c1e78bb9,60.16629,24.95957,00000000fb7600be,20.28
324,2019-08-03T12:07:00Z,c566d79b7485f81e0d7a4cdedc1b146618d28c5945b94db675df6335,60.14951,24.92138,0000000006dd41f6,6.46
325,2019-08-03T12:07:00Z,c66b81d325391ace3ad5f6384847dc63bbcf08a00af9cf4c5d0872ef,60.16829,24.94214,00000000afef4555,17.4
326,2019-08-03T12:07:00Z,c6d20171ec99191d12cd3ed565580570d9db2d441d9046daac6ae38f,60.17002,24.94407,000000006b087f40,11.7
