,time,hash,latitude,longitude,serial,distance
0,2019-08-03T00:06:00Z,03e0fc996a589ccdf1871b3c78e089c08c93ba1f2a02d740fb384aac,60.16531,24.9442,00000000fdda10fe,27.28
1,2019-08-03T00:06:00Z,072dc794e212cfe9866e1242d801701f299d36f4aea2da25e22246cc,60.16762,24.95415,000000006b44cce7,8.38
2,2019-08-03T00:06:00Z,11881d6fc4d60023a5faa152e5e173d13804ebda525625de58e1ff83,60.16762,24.95415,000000006b44cce7,20.28
3,2019-08-03T00:06:00Z,129dad6828fb3e17a08cbc4f37bc09bbf2759d63eefc3cd646806e36,60.16897,24.95222,00000000aa852af1,29.32
4,2019-08-03T00:06:00Z,14c7e1511b70f4dd3359cbece1377aebb4d70531f5489eefe53d7c3c,60.16544,24.95398,0000000038d83d41,20.28
5,2019-08-03T00:06:00Z,2596202d2c842b8546832c3b5ad0c64635e1d0e2b48133a1581da93e,60.16829,24.94214,00000000afef4555,25.36
6,2019-08-03T00:06:00Z,27391f5fe0d6372b87fd8909e6325800f7d4a552f40b0bad20ffa5f0,60.16762,24.95415,000000006b44cce7,14.89
7,2019-08-03T00:06:00Z,297c725b456ef12d2712634b21546721cbe93224d3a5762d897404f2,60.16762,24.95415,000000006b44cce7,9.92
8,2019-08-03T00:06:00Z,2a93b61a3863ace54349d7a0937e4134fcc6d4dfcf064eefae2b7cf8,60.15432,24.9211,0000000019fb59c4,12.69
9,2019-08-03T00:06:00Z,2af9f18ec38ddcce3e687bdf1a0e3d95da68f65a2028ee4a3bdeddab,60.15432,24.9211,0000000019fb59c4,14.89
10,2019-08-03T00:06:00Z,3193ebc4e01b4451b1242fd69a62b4a3af31c0150312780985ad1d1a,60.16762,24.95415,000000006b44cce7,8.38
11,2019-08-03T00:06:00Z,34e39641e24c15f4fb6138d01f5a1295b7fc464cbac35de85ca7050b,60.16762,24.95415,000000006b44cce7,18.79
12,2019-08-03T00:06:00Z,43b676ed3aef4c2d8846694817e76117873be52e7f788e0cb366c1c4,60.16629,24.95957,00000000fb7600be,27.28
13,2019-08-03T00:06:00Z,4fae813e8e5c00dd59035a1c04f9dba3f686f3bdb70d05eec42c093c,60.17002,24.94407,000000006b087f40,33.81
14,2019-08-03T00:06:00Z,52f6a3a3aa57239ef1fb406b6d276ffea0771b2d59b02598092b8971,60.16762,24.95415,000000006b44cce7,18.79
15,2019-08-03T00:06:00Z,5bbb5184fded3e51bc78e45e39917794285e6bbc72da404802a9599a,60.16531,24.9442,00000000fdda10fe,25.36
16,2019-08-03T00:06:00Z,5d65719c4cbf045f068d084b72302f447d5fd034413d97d13be00d0e,60.18203,24.91341,00000000342570c2,20.28
17,2019-08-03T00:06:00Z,5e949d74f5d299b302e8a43cfeaa887af012fb17b3d7834f07c59efe,60.17002,24.94407,000000006b087f40,29.32
18,2019-08-03T00:06:00Z,5eed115a984d490b02b602d73787aee8dc8c4e9365b77fbff3818a76,60.16629,24.95957,00000000fb7600be,21.87
19,2019-08-03T00:06:00Z,6cfbfcaa0537a5f069c07cbe6de6e4a7152da71e916ab408bfd02971,60.16762,24.95415,000000006b44cce7,21.87
20,2019-08-03T00:06:00Z,747f2d1ebff218c0ebbdc0fdaef4cbe56633dfb46ae1b1f8c8142201,60.16762,24.95415,000000006b44cce7,14.89
21,2019-08-03T00:06:00Z,852a4f409e3d5bb1c5c01f3bf1568bb4d1de7173a1cc20f178fc55ea,60.16762,24.95415,000000006b44cce7,17.4
22,2019-08-03T00:06:00Z,87dfaad29a9276ddddb1fa021d3bc23ad14824c1af16f7d87e713689,60.14951,24.92138,0000000006dd41f6,9.92
23,2019-08-03T00:06:00Z,89eb0ceacf045c977620b367105bca866d88eac38cc218f77442eeda,60.16829,24.94214,00000000afef4555,12.69
24,2019-08-03T00:06:00Z,8c75c3289c84fe4493e1e272a77b615fe1985880c5dc68a7c1a17b53,60.16762,24.95415,000000006b44cce7,11.7
25,2019-08-03T00:06:00Z,8ff60f950161ed884860c37d18e95c683a57d568528f4083008a5dd8,60.15432,24.9211,0000000019fb59c4,14.89
26,2019-08-03T00:06:00Z,91d3b80de4439a4a49ddb8a04d72a0a2ec6c08f351d70232842af567,60.16762,24.95415,000000006b44cce7,25.36
27,2019-08-03T00:06:00Z,94512cd21b284eddaddc0be0d385bf5072dbeaa7e3eb345b3c161aa6,60.16762,24.95415,000000006b44cce7,16.1
28,2019-08-03T00:06:00Z,9843c6216661048343a0e49cf3d8aa2883cf77f452666a1c873a1052,60.16448,24.97323,0000000053c6c2be,23.56
29,2019-08-03T00:06:00Z,a406256e97e44cd5d29d17c9e83901297c54bc0b9f5950341e2b23e8,60.16762,24.95415,000000006b44cce7,12.69
30,2019-08-03T00:06:00Z,b4faf2d3c4d2b199afeab6ab63b583fe3a2e81e14abbef6917f25129,60.15432,24.9211,0000000019fb59c4,12.69
31,2019-08-03T00:06:00Z,b5026d7cf52e7ab96df2ba76a516d819fb11765e520b765d373d186b,60.16448,24.97323,0000000053c6c2be,31.5
32,2019-08-03T00:06:00Z,b5fd6b317890e5ab2d79e2cd1abe61626d45a753c7337d0d40728898,60.16762,24.95415,000000006b44cce7,5.91
33,2019-08-03T00:06:00Z,bb52abe4edeb7604c7a55e84373a051fe6adeac1849883eb0877f237,60.15432,24.9211,0000000019fb59c4,9.12
34,2019-08-03T00:06:00Z,bb98768dad0f7c52cf643f035a3e7e48f5cfe28557c66f2a75914b31,60.15432,24.9211,0000000019fb59c4,16.1
35,2019-08-03T00:06:00Z,c0f4fab6444e2374d8f07376b5132573fc3803066d1519bbcd319f42,60.15432,24.9211,0000000019fb59c4,20.28
36,2019-08-03T00:06:00Z,c40c37def6bf11a63a2556519a7c6233fd417cdeea2cf14f28e7c42c,60.16531,24.9442,00000000fdda10fe,18.79
37,2019-08-03T00:06:00Z,c651fc214f7007b284b59fd933ac3a1c3b372fc8f47cd0f3245ba316,60.17002,24.94407,000000006b087f40,33.81
38,2019-08-03T00:06:00Z,ca94ea8bc22f07965f543cd3ead8a37fbd78a987bb93b7742ed6febe,60.16829,24.94214,00000000afef4555,20.28
39,2019-08-03T00:06:00Z,cf05623e4d87ce0906c0b0b7dbf53aacc1228016cd27c341228b6e76,60.18203,24.91341,00000000342570c2,18.79
40,2019-08-03T00:06:00Z,ea2af410359f5c862dbc71554cc0b6ea29d823a91db3209fcd2a8c76,60.16762,24.95415,000000006b44cce7,12.69
41,2019-08-03T00:06:00Z,ec5a99c9f83b787a5e9746ea7ffbbb74ef636e8bf511704ecb7af252,60.17002,24.94407,000000006b087f40,27.28
42,2019-08-03T00:06:00Z,f088630d7476dae7d4b7e2bb1f10575f2c89acb4b6e061f3d57c2b40,60.16531,24.9442,00000000fdda10fe,25.36
43,2019-08-03T00:06:00Z,fa174c07354fca0bb5a193097c3a41f5c79ba61efc1b2f1dd7ae2312,60.16762,24.95415,000000006b44cce7,10.78
44,2019-08-03T00:06:00Z,fc4f3a44235f1cfc7b53f14ba2da599976a5a0a220d23b852688e485,60.17919,24.95181,000000007b5207b6,23.56
45,2019-08-03T00:06:00Z,04d373ddce4e3377907b367e4f8b96c8f3c15614d41c0928b562515e,60.1538,24.95595,0000000038bf9618,6.46
46,2019-08-03T00:06:00Z,0be133927bd680eaf51ae2be0a596457828f79dca874f627b6f3cef5,60.16829,24.94214,00000000afef4555,16.1
47,2019-08-03T00:06:00Z,139faf5d0632e05f0b47e124c04dc7317fc22d53cb9d1550b98863d0,60.1538,24.95595,0000000038bf9618,8.38
48,2019-08-03T00:06:00Z,1609222874021ede6d2b779807ac2b8fc07f933f5c27580078417165,60.1538,24.95595,0000000038bf9618,13.75
49,2019-08-03T00:06:00Z,18674bec29cf231339b3528ad5740050340ca40a0d5cc91cfbcc1ca1,60.1538,24.95595,0000000038bf9618,5.91
50,2019-08-03T00:06:00Z,1b64817673252e1b665e457e673d0e815ae61685900d32d18a84c1ba,60.1538,24.95595,0000000038bf9618,18.79
51,2019-08-03T00:06:00Z,1dacfb371d75dd4f90f447aac2a00faad98beb4188a6971c19eb2375,60.16629,24.95957,00000000fb7600be,29.32
52,2019-08-03T00:06:00Z,1f141a9285a5fbc16062e181796571546aeeb3acac5774e738fd4932,60.16448,24.97323,0000000053c6c2be,27.28
53,2019-08-03T00:06:00Z,1f234b2dde6fc5db06631e8b207bd87d140b9cc5c3996124bf952f20,60.16629,24.95957,00000000fb7600be,17.4
54,2019-08-03T00:06:00Z,2105d9d79d547dc9cdbc9971b3aa932b16d16b19bd44155aeae18586,60.16762,24.95415,000000006b44cce7,14.89
55,2019-08-03T00:06:00Z,21bd1e9b38fddee778ccb7a02c6b396438b768157d15fb82dd6a208e,60.1538,24.95595,0000000038bf9618,18.79
56,2019-08-03T00:06:00Z,23e9f6fd89c835581c99c72ce7514e6b272dc9b67843bba66aad7dda,60.17002,24.94407,000000006b087f40,21.87
57,2019-08-03T00:06:00Z,28a1e61dca8880e92494039a5b1f8886c133bccb56635dafb1d96459,60.1538,24.95595,0000000038bf9618,16.1
58,2019-08-03T00:06:00Z,2a502e27359a9ea4fdcf88ce068ff802cf04736ce15441be5354f3ea,60.17918,24.95141,00000000675d5200,8.38
59,2019-08-03T00:06:00Z,2b32f7c4ca8e8d620d956253ba0d94f3c9d161b4f87f0e5dd4a432dc,60.16531,24.9442,00000000fdda10fe,8.38
60,2019-08-03T00:06:00Z,2b507ac0673a0f914f077735a2170dee25913fe99a44fd091fc9a631,60.1538,24.95595,0000000038bf9618,13.75
61,2019-08-03T00:06:00Z,2d76ce238a1794e406e76c6ed6a60cf708b1a16d58779870202af020,60.16544,24.95398,0000000038d83d41,27.28
62,2019-08-03T00:06:00Z,2eb093ab50ea1c9d01c3698244546e000a362dae2ef62837105c5db0,60.1538,24.95595,0000000038bf9618,6.46
63,2019-08-03T00:06:00Z,33e2124277b506c6a6dd7ad3a6f7769c9f655f3f4900997048d2838f,60.17002,24.94407,000000006b087f40,20.28
64,2019-08-03T00:06:00Z,386b7fa7084dc0c31331e6bb2cbe8864eea029e0633f36c5865712b4,60.17002,24.94407,000000006b087f40,25.36
65,2019-08-03T00:06:00Z,3a6de0594a2985ed64218c810b397abdcf4c0954462b044a50ebf8dc,60.1538,24.95595,0000000038bf9618,17.4
66,2019-08-03T00:06:00Z,3c059a3a4267b7060c9417ace61b408c312db92a633ad44877d62431,60.16897,24.95222,00000000aa852af1,33.81
67,2019-08-03T00:06:00Z,40c1e6f756e4953dc10c6781b16961768c7f255e088a8296297ded8d,60.1538,24.95595,0000000038bf9618,18.79
68,2019-08-03T00:06:00Z,43c07f66de0d495c7f2af55a7c8ac488c4275e3a929159b955292a54,60.1538,24.95595,0000000038bf9618,27.28
69,2019-08-03T00:06:00Z,43fff4674189b46b7656dc06a3d40dfb72db53f1084ea0859fbfa441,60.17002,24.94407,000000006b087f40,23.56
70,2019-08-03T00:06:00Z,47fb1d44ab56f44efe34dd9a1922020359bb39f796a900b4496a548a,60.16531,24.9442,00000000fdda10fe,7.69
71,2019-08-03T00:06:00Z,4b59894ed1a31418531311196b43dd31e86600deccfa9dd9e14b1de9,60.1538,24.95595,0000000038bf9618,20.28
72,2019-08-03T00:06:00Z,4fd88aa37e9eca8d20a943bdd6b5f3720b5ee02645e6af774644c875,60.1538,24.95595,0000000038bf9618,27.28
73,2019-08-03T00:06:00Z,584cb0b0cdd14e608c8b57c8aecc9826f9b40027e365e2438a444ea2,60.16762,24.95415,000000006b44cce7,12.69
74,2019-08-03T00:06:00Z,5a2e78ea45d18fbd9192e3b757318f96ef4dd48c5dff3ff10a3a69e1,60.16897,24.95222,00000000aa852af1,11.7
75,2019-08-03T00:06:00Z,62983f4491fa0a46229e9666a0d1b1b622ab73d7edf279cba80cddeb,60.1538,24.95595,0000000038bf9618,9.92
76,2019-08-03T00:06:00Z,631c9af1c491a004e506d00ef3ed5f790b2ac6e57005d3e7d8ac4246,60.1538,24.95595,0000000038bf9618,9.12
77,2019-08-03T00:06:00Z,69fb5575d05fab63effb6533736b08e61aab369155fb66ea44f2c3e4,60.1538,24.95595,0000000038bf9618,9.92
78,2019-08-03T00:06:00Z,71481a07f538cfe38bd224aa1d1e93fe2019d8cbd651848fc3b334d8,60.1538,24.95595,0000000038bf9618,16.1
79,2019-08-03T00:06:00Z,72356924217bde1065538629621a7e3adfbfe2f16ceaea114fdcd4c3,60.14947,24.91438,000000004ef3150d,9.12
80,2019-08-03T00:06:00Z,72b08265d64b72a5e018e68571c031713fca1228c612eec83b928e06,60.1538,24.95595,0000000038bf9618,21.87
81,2019-08-03T00:06:00Z,7703ccb7a569df1632a4101ec1447199e48ccab817c436f49a6064b2,60.1538,24.95595,0000000038bf9618,14.89
82,2019-08-03T00:06:00Z,7c06ea0bff9b5a1000743195107f38f193c5f64379c3ea877a92e55d,60.16897,24.95222,00000000aa852af1,25.36
83,2019-08-03T00:06:00Z,7f73e928ec487c01f840583c2d9090f9c7eab3061e9df2a2d5d33c2c,60.1538,24.95595,0000000038bf9618,27.28
84,2019-08-03T00:06:00Z,81ac95dd212dde95b99b560ec6bac54fa590dd5e4d4bb90b116f3110,60.1538,24.95595,0000000038bf9618,16.1
85,2019-08-03T00:06:00Z,8535fb4a79359623c56a2264e276b218ec5eb2dab39dbd1e45f7f2d5,60.1538,24.95595,0000000038bf9618,18.79
86,2019-08-03T00:06:00Z,85dad5392219a1ff37346c7e5da32357a4c7a4b7861b6f2a68d5dd79,60.1538,24.95595,0000000038bf9618,12.69
87,2019-08-03T00:06:00Z,86cc0727e43e2e4970a8b2a548e451bbc3bbb74f4a2d9706712b109a,60.1538,24.95595,0000000038bf9618,13.75
88,2019-08-03T00:06:00Z,878cf758034944e70ae42a98d567126935917b5d61a073e38f817b76,60.1538,24.95595,0000000038bf9618,23.56
89,2019-08-03T00:06:00Z,8879124d54ac3eb20802507bd818290fe8efbeb5dbe6d71249443679,60.1538,24.95595,0000000038bf9618,18.79
90,2019-08-03T00:06:00Z,88c0d8bb21881f4f9e334055a92ca99d38921a4f462aa4fae3a83a7d,60.16762,24.95415,000000006b44cce7,16.1
91,2019-08-03T00:06:00Z,8962c21eddea75feaceab6fdd99b150cb34c64c955415ae2c6681f90,60.16762,24.95415,000000006b44cce7,14.89
92,2019-08-03T00:06:00Z,8ab0bf8aabff539233f9ce2b43a1955903f20c107b1040169ed0a063,60.1538,24.95595,0000000038bf9618,16.1
93,2019-08-03T00:06:00Z,8b8ac0e6596dafc284798c0c9d0f63ff0f0f543fa73ccd222b9a2b1a,60.17002,24.94407,000000006b087f40,36.27
94,2019-08-03T00:06:00Z,91caf67153f7cf3e94c90797b30a95031dde3e8cbcdd448303e3a464,60.1538,24.95595,0000000038bf9618,8.38
95,2019-08-03T00:06:00Z,9344b7d738e5426869b2acf8d43d1d6f1c30b4d0df9d89e7b943694a,60.1538,24.95595,0000000038bf9618,21.87
96,2019-08-03T00:06:00Z,96edab940c99a489f5786b6beaea5fb1820022e267b3ec85340366c5,60.1538,24.95595,0000000038bf9618,31.5
97,2019-08-03T00:06:00Z,99b033c7796a63ea9807e74b852b8f1f41dac665fe3d1e3059c27542,60.16897,24.95222,00000000aa852af1,9.12
98,2019-08-03T00:06:00Z,9f7a7e8a85fa48b85f7da90128d535cbd7b2dc35f46a8be837d80c44,60.1538,24.95595,0000000038bf9618,5.41
99,2019-08-03T00:06:00Z,a3859fa68d2256cede0452ba70a9f5fc092b56cb7d481cf635a5b18b,60.16762,24.95415,000000006b44cce7,14.89
100,2019-08-03T00:06:00Z,a3cd550d8f5a7460974c2fe02256638e074e36fce99f383528b158b3,60.1538,24.95595,0000000038bf9618,36.27
101,2019-08-03T00:06:00Z,a68b3ce9a81f81a3aff45c4b7d357294246c7bb8a348495853851d90,60.1538,24.95595,0000000038bf9618,21.87
102,2019-08-03T00:06:00Z,a7b0f7c03a1d531d308bbf8a36e4a5995b4b495ad27069d0709d5d8b,60.1538,24.95595,0000000038bf9618,9.12
103,2019-08-03T00:06:00Z,afff1fbeec4f887ac4d3d94f2f4cd714e5e073b96d03c34d525c2f33,60.1538,24.95595,0000000038bf9618,14.89
104,2019-08-03T00:06:00Z,b328d27953f2674edb252865cf0fd2ca9b3cc24b883d63f1fdf256f4,60.14699,24.922,00000000a53ed894,20.28
105,2019-08-03T00:06:00Z,b65c44e4374d8696758a70c1086157cd4326e66c377a7b75319789e4,60.17918,24.95141,00000000675d5200,27.28
106,2019-08-03T00:06:00Z,b8d5b36846e7473e45243731ee922bf2eea2df28fedaeddaba07490f,60.16762,24.95415,000000006b44cce7,13.75
107,2019-08-03T00:06:00Z,bd34c67d09b7fefbb2a17c1e4f2080f47f86717d6db80882c8668802,60.14947,24.91438,000000004ef3150d,5.91
108,2019-08-03T00:06:00Z,c0cf4c97ca9676a09692da44b214c9405408a536e8e3ccb1d157c2b6,60.149,24.9843,00000000fffb8cf0,21.87
109,2019-08-03T00:06:00Z,c52c73b33f452a60745772b51a5ebb87f61d53caed9630782c110f43,60.1538,24.95595,0000000038bf9618,17.4
110,2019-08-03T00:06:00Z,c630ed11f933f51354e6b1c96bd8fe45ce0006a9eeadf0853207d81c,60.1538,24.95595,0000000038bf9618,12.69
111,2019-08-03T00:06:00Z,c7e700b48a4d1d0f7a1c08cf3aeecab40de0b1f98152c9d090e2112a,60.1538,24.95595,0000000038bf9618,5.91
112,2019-08-03T00:06:00Z,ca3f39b7eeeaee8d26e8babfb75bde851751dfa9ff44e1ff0c007fd3,60.1538,24.95595,0000000038bf9618,21.87
113,2019-08-03T00:06:00Z,cb5cb6a906042fccb6f5dea49991c21a9fe39f9e8247532f670d74ee,60.1538,24.95595,0000000038bf9618,29.32
114,2019-08-03T00:06:00Z,cb5e5e1193600540e8e973308fa6c503e0266e1f53662f28ab3e366f,60.1538,24.95595,0000000038bf9618,4.5
115,2019-08-03T00:06:00Z,cc02b07710b2bb1160e8fc4d08c672d7a3d910361df0361fd74cb623,60.1538,24.95595,0000000038bf9618,7.05
116,2019-08-03T00:06:00Z,d1241d58031856ef624b5c6b712b87fb05e56c51d22191eac5e174da,60.1538,24.95595,0000000038bf9618,21.87
117,2019-08-03T00:06:00Z,daa0da4aa0862ef3ca301e7bc6ec3203ecd942502071b13eeed749e0,60.16544,24.95398,0000000038d83d41,21.87
118,2019-08-03T00:06:00Z,dcf2e84ffdb5e551f2afad33420c28aee8ae50b3b081f9cd1b8ef23e,60.1538,24.95595,0000000038bf9618,12.69
119,2019-08-03T00:06:00Z,e03c67ea049fecbd9cc08719863ae39fee0ce5f3441aeb783dc95196,60.1538,24.95595,0000000038bf9618,18.79
120,2019-08-03T00:06:00Z,e5fb0bf4a43eb9136157466977db3300e3c3ccbbf69423951c922fab,60.1538,24.95595,0000000038bf9618,7.69
121,2019-08-03T00:06:00Z,eb67941f32380b64bd3ac62c103a2fd900238d7095144711253f6641,60.1538,24.95595,0000000038bf9618,25.36
122,2019-08-03T00:06:00Z,f17e19591be6cbff3d0f0f80a1b52995a4c261af480b02da2a876d24,60.1538,24.95595,0000000038bf9618,9.92
123,2019-08-03T00:06:00Z,f184631595cda9cb8e389260a614bdc4fb0ddda20dee6b2b497244b5,60.1538,24.95595,0000000038bf9618,11.7
124,2019-08-03T00:06:00Z,f19ffff5eae00755aebcabe47a69bb857a8d5213895af43a5bd45db7,60.1538,24.95595,0000000038bf9618,12.69
125,2019-08-03T00:06:00Z,f56809e6431af50176d6c42916b4914dd189eff25eb8fa2bec32b129,60.1538,24.95595,0000000038bf9618,16.1
126,2019-08-03T00:06:00Z,f6407e103c3bb6f5637a05a5eed61bb27188bf97231e33fc5594af49,60.16531,24.9442,00000000fdda10fe,33.81
127,2019-08-03T00:06:00Z,f9399339c3de44774896319d3f291771cebcaf2666df1d6062469882,60.16531,24.9442,00000000fdda10fe,23.56
128,2019-08-03T00:06:00Z,fcf0cbbc36eb3d3ad3acd8494651b8e3350a78f4a9a9e3a87a39ade6,60.16897,24.95222,00000000aa852af1,16.1
129,2019-08-03T00:06:00Z,fd9c90867c8852b5928ba52e52df427798edb0841960f8db57647d42,60.16762,24.95415,000000006b44cce7,23.56
130,2019-08-03T00:06:01Z,03e0fc996a589ccdf1871b3c78e089c08c93ba1f2a02d740fb384aac,60.16531,24.9442,00000000fdda10fe,25.36
131,2019-08-03T00:06:01Z,072dc794e212cfe9866e1242d801701f299d36f4aea2da25e22246cc,60.16762,24.95415,000000006b44cce7,7.05
132,2019-08-03T00:06:01Z,0a14c5d2b78ccdcf2d3a340ea5154a0a10b0befebb1fd0dc3ae4d6a6,60.16829,24.94214,00000000afef4555,21.87
133,2019-08-03T00:06:01Z,11881d6fc4d60023a5faa152e5e173d13804ebda525625de58e1ff83,60.16762,24.95415,000000006b44cce7,21.87
134,2019-08-03T00:06:01Z,129dad6828fb3e17a08cbc4f37bc09bbf2759d63eefc3cd646806e36,60.16897,24.95222,00000000aa852af1,31.5
135,2019-08-03T00:06:01Z,13d904f7b668478f637de162f9b00c68923ef8c75eb0a9c626bf1aed,60.16762,24.95415,000000006b44cce7,29.32
136,2019-08-03T00:06:01Z,14c7e1511b70f4dd3359cbece1377aebb4d70531f5489eefe53d7c3c,60.16544,24.95398,0000000038d83d41,21.87
137,2019-08-03T00:06:01Z,165ebbb4090d47319ae370f0d0854fdc1f6b79499f8b2e4d3c3533c0,60.16544,24.95398,0000000038d83d41,27.28
138,2019-08-03T00:06:01Z,1d513a9eda6958eaa6394ca7a03bb7c0beb946191e40ea22378b96fa,60.16762,24.95415,000000006b44cce7,10.78
139,2019-08-03T00:06:01Z,2448a4a7bacce376bf9041799fcd0ba60e3c1179e1fdfc9d7463f44f,60.15432,24.9211,0000000019fb59c4,33.81
140,2019-08-03T00:06:01Z,2596202d2c842b8546832c3b5ad0c64635e1d0e2b48133a1581da93e,60.16829,24.94214,00000000afef4555,10.78
141,2019-08-03T00:06:01Z,27391f5fe0d6372b87fd8909e6325800f7d4a552f40b0bad20ffa5f0,60.16762,24.95415,000000006b44cce7,14.89
142,2019-08-03T00:06:01Z,297c725b456ef12d2712634b21546721cbe93224d3a5762d897404f2,60.16762,24.95415,000000006b44cce7,12.69
143,2019-08-03T00:06:01Z,2a93b61a3863ace54349d7a0937e4134fcc6d4dfcf064eefae2b7cf8,60.15432,24.9211,0000000019fb59c4,14.89
144,2019-08-03T00:06:01Z,2af9f18ec38ddcce3e687bdf1a0e3d95da68f65a2028ee4a3bdeddab,60.15432,24.9211,0000000019fb59c4,16.1
145,2019-08-03T00:06:01Z,3193ebc4e01b4451b1242fd69a62b4a3af31c0150312780985ad1d1a,60.16762,24.95415,000000006b44cce7,9.92
146,2019-08-03T00:06:01Z,3944bc7a301be7241d1f7bc4a97f221000d535ce3d8a9af9af9b23b5,60.16531,24.9442,00000000fdda10fe,38.87
147,2019-08-03T00:06:01Z,43b676ed3aef4c2d8846694817e76117873be52e7f788e0cb366c1c4,60.16629,24.95957,00000000fb7600be,23.56
148,2019-08-03T00:06:01Z,52f6a3a3aa57239ef1fb406b6d276ffea0771b2d59b02598092b8971,60.16762,24.95415,000000006b44cce7,18.79
149,2019-08-03T00:06:01Z,5d65719c4cbf045f068d084b72302f447d5fd034413d97d13be00d0e,60.18203,24.91341,00000000342570c2,18.79
150,2019-08-03T00:06:01Z,5e949d74f5d299b302e8a43cfeaa887af012fb17b3d7834f07c59efe,60.17002,24.94407,000000006b087f40,31.5
151,2019-08-03T00:06:01Z,5eed115a984d490b02b602d73787aee8dc8c4e9365b77fbff3818a76,60.16629,24.95957,00000000fb7600be,29.32
152,2019-08-03T00:06:01Z,66dabd3229229330d23c70e9e1737429ddfe69db01f4a6a00f70fa20,60.16762,24.95415,000000006b44cce7,21.87
153,2019-08-03T00:06:01Z,6cfbfcaa0537a5f069c07cbe6de6e4a7152da71e916ab408bfd02971,60.16762,24.95415,000000006b44cce7,14.89
154,2019-08-03T00:06:01Z,6f06341f358e61699fe1e55e986dd0554bc8da28b91daf0c5ad99db6,60.16629,24.95957,00000000fb7600be,25.36
155,2019-08-03T00:06:01Z,747f2d1ebff218c0ebbdc0fdaef4cbe56633dfb46ae1b1f8c8142201,60.16762,24.95415,000000006b44cce7,13.75
156,2019-08-03T00:06:01Z,77839e655f856d5295739c2388237a95b399c3b8a4f659cd1345d939,60.16829,24.94214,00000000afef4555,23.56
157,2019-08-03T00:06:01Z,852a4f409e3d5bb1c5c01f3bf1568bb4d1de7173a1cc20f178fc55ea,60.16762,24.95415,000000006b44cce7,13.75
158,2019-08-03T00:06:01Z,87dfaad29a9276ddddb1fa021d3bc23ad14824c1af16f7d87e713689,60.14951,24.92138,0000000006dd41f6,7.69
159,2019-08-03T00:06:01Z,89eb0ceacf045c977620b367105bca866d88eac38cc218f77442eeda,60.16829,24.94214,00000000afef4555,13.75
160,2019-08-03T00:06:01Z,8c75c3289c84fe4493e1e272a77b615fe1985880c5dc68a7c1a17b53,60.16762,24.95415,000000006b44cce7,11.7
161,2019-08-03T00:06:01Z,8ff60f950161ed884860c37d18e95c683a57d568528f4083008a5dd8,60.15432,24.9211,0000000019fb59c4,14.89
162,2019-08-03T00:06:01Z,94512cd21b284eddaddc0be0d385bf5072dbeaa7e3eb345b3c161aa6,60.16762,24.95415,000000006b44cce7,17.4
163,2019-08-03T00:06:01Z,9843c6216661048343a0e49cf3d8aa2883cf77f452666a1c873a1052,60.16448,24.97323,0000000053c6c2be,14.89
164,2019-08-03T00:06:01Z,a406256e97e44cd5d29d17c9e83901297c54bc0b9f5950341e2b23e8,60.16762,24.95415,000000006b44cce7,12.69
165,2019-08-03T00:06:01Z,a91d379a4b57c5df22db0d7a041ff69f657b4b31f28554b1011fc03c,60.16544,24.95398,0000000038d83d41,25.36
166,2019-08-03T00:06:01Z,b33ae7715d6d2571066655c2c8954a5a364b5601869047de83410d9f,60.16629,24.95957,00000000fb7600be,21.87
167,2019-08-03T00:06:01Z,b4faf2d3c4d2b199afeab6ab63b583fe3a2e81e14abbef6917f25129,60.15432,24.9211,0000000019fb59c4,11.7
168,2019-08-03T00:06:01Z,b5fd6b317890e5ab2d79e2cd1abe61626d45a753c7337d0d40728898,60.16762,24.95415,000000006b44cce7,9.12
169,2019-08-03T00:06:01Z,bb52abe4edeb7604c7a55e84373a051fe6adeac1849883eb0877f237,60.15432,24.9211,0000000019fb59c4,9.12
170,2019-08-03T00:06:01Z,bb98768dad0f7c52cf643f035a3e7e48f5cfe28557c66f2a75914b31,60.15432,24.9211,0000000019fb59c4,16.1
171,2019-08-03T00:06:01Z,c0f4fab6444e2374d8f07376b5132573fc3803066d1519bbcd319f42,60.15432,24.9211,0000000019fb59c4,20.28
172,2019-08-03T00:06:01Z,c651fc214f7007b284b59fd933ac3a1c3b372fc8f47cd0f3245ba316,60.17002,24.94407,000000006b087f40,25.36
173,2019-08-03T00:06:01Z,ca94ea8bc22f07965f543cd3ead8a37fbd78a987bb93b7742ed6febe,60.16829,24.94214,00000000afef4555,9.92
174,2019-08-03T00:06:01Z,cf05623e4d87ce0906c0b0b7dbf53aacc1228016cd27c341228b6e76,60.18203,24.91341,00000000342570c2,17.4
175,2019-08-03T00:06:01Z,da3f8a9924ac789c223fe629d063aa23403ffed3bf8166bd44e4d0d0,60.16762,24.95415,000000006b44cce7,16.1
176,2019-08-03T00:06:01Z,ea2af410359f5c862dbc71554cc0b6ea29d823a91db3209fcd2a8c76,60.16762,24.95415,000000006b44cce7,7.05
177,2019-08-03T00:06:01Z,ec5a99c9f83b787a5e9746ea7ffbbb74ef636e8bf511704ecb7af252,60.17002,24.94407,000000006b087f40,27.28
178,2019-08-03T00:06:01Z,ed70dda6b7faebd4340dacdb452ab224d9d3c308df417b7fa76f54e8,60.14951,24.92138,0000000006dd41f6,25.36
179,2019-08-03T00:06:01Z,f088630d7476dae7d4b7e2bb1f10575f2c89acb4b6e061f3d57c2b40,60.16531,24.9442,00000000fdda10fe,31.5
180,2019-08-03T00:06:01Z,fa174c07354fca0bb5a193097c3a41f5c79ba61efc1b2f1dd7ae2312,60.16762,24.95415,000000006b44cce7,10.78
181,2019-08-03T00:06:01Z,fc4f3a44235f1cfc7b53f14ba2da599976a5a0a220d23b852688e485,60.17919,24.95181,000000007b5207b6,12.69
182,2019-08-03T00:06:01Z,04d373ddce4e3377907b367e4f8b96c8f3c15614d41c0928b562515e,60.1538,24.95595,0000000038bf9618,7.69
183,2019-08-03T00:06:01Z,05f29ae34c06b157ccf4fab0c8d1655e719dd5936dbf130725cb7c62,60.1538,24.95595,0000000038bf9618,36.27
184,2019-08-03T00:06:01Z,0eea03ff3b7e72b42289bbf2f2a4cd6c1665ab96448887e3f1e56b6c,60.16829,24.94214,00000000afef4555,25.36
185,2019-08-03T00:06:01Z,1328564eee9521c3d49dbf4479e69f46024d2dc010a0f17a4ae03828,60.1538,24.95595,0000000038bf9618,14.89
186,2019-08-03T00:06:01Z,139faf5d0632e05f0b47e124c04dc7317fc22d53cb9d1550b98863d0,60.1538,24.95595,0000000038bf9618,12.69
187,2019-08-03T00:06:01Z,18674bec29cf231339b3528ad5740050340ca40a0d5cc91cfbcc1ca1,60.1538,24.95595,0000000038bf9618,9.92
188,2019-08-03T00:06:01Z,1b64817673252e1b665e457e673d0e815ae61685900d32d18a84c1ba,60.1538,24.95595,0000000038bf9618,18.79
189,2019-08-03T00:06:01Z,1dacfb371d75dd4f90f447aac2a00faad98beb4188a6971c19eb2375,60.16629,24.95957,00000000fb7600be,41.64
190,2019-08-03T00:06:01Z,1f234b2dde6fc5db06631e8b207bd87d140b9cc5c3996124bf952f20,60.16629,24.95957,00000000fb7600be,16.1
191,2019-08-03T00:06:01Z,2105d9d79d547dc9cdbc9971b3aa932b16d16b19bd44155aeae18586,60.16762,24.95415,000000006b44cce7,25.36
192,2019-08-03T00:06:01Z,21bd1e9b38fddee778ccb7a02c6b396438b768157d15fb82dd6a208e,60.1538,24.95595,0000000038bf9618,33.81
193,2019-08-03T00:06:01Z,23e9f6fd89c835581c99c72ce7514e6b272dc9b67843bba66aad7dda,60.17002,24.94407,000000006b087f40,31.5
194,2019-08-03T00:06:01Z,28a1e61dca8880e92494039a5b1f8886c133bccb56635dafb1d96459,60.1538,24.95595,0000000038bf9618,21.87
195,2019-08-03T00:06:01Z,2a502e27359a9ea4fdcf88ce068ff802cf04736ce15441be5354f3ea,60.17918,24.95141,00000000675d5200,8.38
196,2019-08-03T00:06:01Z,2b32f7c4ca8e8d620d956253ba0d94f3c9d161b4f87f0e5dd4a432dc,60.16531,24.9442,00000000fdda10fe,7.69
197,2019-08-03T00:06:01Z,2b507ac0673a0f914f077735a2170dee25913fe99a44fd091fc9a631,60.1538,24.95595,0000000038bf9618,18.79
198,2019-08-03T00:06:01Z,2eb093ab50ea1c9d01c3698244546e000a362dae2ef62837105c5db0,60.1538,24.95595,0000000038bf9618,3.09
199,2019-08-03T00:06:01Z,33e2124277b506c6a6dd7ad3a6f7769c9f655f3f4900997048d2838f,60.17002,24.94407,000000006b087f40,23.56
200,2019-08-03T00:06:01Z,386b7fa7084dc0c31331e6bb2cbe8864eea029e0633f36c5865712b4,60.17002,24.94407,000000006b087f40,27.28
201,2019-08-03T00:06:01Z,3a6de0594a2985ed64218c810b397abdcf4c0954462b044a50ebf8dc,60.1538,24.95595,0000000038bf9618,29.32
202,2019-08-03T00:06:01Z,3aa554b60bf70db0e04f0bdf6cfe49f2026829a5216a8c0d64d1434e,60.1538,24.95595,0000000038bf9618,16.1
203,2019-08-03T00:06:01Z,3ddf5b15ad8481c049dd60eda78bbfc98ea111445bd175112bc2899f,60.1538,24.95595,0000000038bf9618,31.5
204,2019-08-03T00:06:01Z,40c1e6f756e4953dc10c6781b16961768c7f255e088a8296297ded8d,60.1538,24.95595,0000000038bf9618,13.75
205,2019-08-03T00:06:01Z,43c07f66de0d495c7f2af55a7c8ac488c4275e3a929159b955292a54,60.1538,24.95595,0000000038bf9618,21.87
206,2019-08-03T00:06:01Z,43fff4674189b46b7656dc06a3d40dfb72db53f1084ea0859fbfa441,60.17002,24.94407,000000006b087f40,38.87
207,2019-08-03T00:06:01Z,47fb1d44ab56f44efe34dd9a1922020359bb39f796a900b4496a548a,60.16531,24.9442,00000000fdda10fe,6.46
208,2019-08-03T00:06:01Z,48623ac81d1a71628cb26d880708581d6fddc022db81612f760886cd,60.16629,24.95957,00000000fb7600be,29.32
209,2019-08-03T00:06:01Z,49c452d5deb50895a285e28ebc36a02084fcafaebe13e130cecce618,60.1538,24.95595,0000000038bf9618,2.08
210,2019-08-03T00:06:01Z,584cb0b0cdd14e608c8b57c8aecc9826f9b40027e365e2438a444ea2,60.16762,24.95415,000000006b44cce7,11.7
211,2019-08-03T00:06:01Z,5a2e78ea45d18fbd9192e3b757318f96ef4dd48c5dff3ff10a3a69e1,60.16897,24.95222,00000000aa852af1,12.69
212,2019-08-03T00:06:01Z,62983f4491fa0a46229e9666a0d1b1b622ab73d7edf279cba80cddeb,60.1538,24.95595,0000000038bf9618,9.92
213,2019-08-03T00:06:01Z,631c9af1c491a004e506d00ef3ed5f790b2ac6e57005d3e7d8ac4246,60.1538,24.95595,0000000038bf9618,29.32
214,2019-08-03T00:06:01Z,651a0b468f80832d69f342f64413b718c9faba6fdc05392084987b3c,60.1538,24.95595,0000000038bf9618,20.28
215,2019-08-03T00:06:01Z,69fb5575d05fab63effb6533736b08e61aab369155fb66ea44f2c3e4,60.1538,24.95595,0000000038bf9618,6.46
216,2019-08-03T00:06:01Z,71481a07f538cfe38bd224aa1d1e93fe2019d8cbd651848fc3b334d8,60.1538,24.95595,0000000038bf9618,17.4
217,2019-08-03T00:06:01Z,72356924217bde1065538629621a7e3adfbfe2f16ceaea114fdcd4c3,60.14947,24.91438,000000004ef3150d,9.92
218,2019-08-03T00:06:01Z,72b08265d64b72a5e018e68571c031713fca1228c612eec83b928e06,60.1538,24.95595,0000000038bf9618,20.28
219,2019-08-03T00:06:01Z,7f73e928ec487c01f840583c2d9090f9c7eab3061e9df2a2d5d33c2c,60.1538,24.95595,0000000038bf9618,33.81
220,2019-08-03T00:06:01Z,81ac95dd212dde95b99b560ec6bac54fa590dd5e4d4bb90b116f3110,60.1538,24.95595,0000000038bf9618,14.89
221,2019-08-03T00:06:01Z,8535fb4a79359623c56a2264e276b218ec5eb2dab39dbd1e45f7f2d5,60.1538,24.95595,0000000038bf9618,12.69
222,2019-08-03T00:06:01Z,85dad5392219a1ff37346c7e5da32357a4c7a4b7861b6f2a68d5dd79,60.1538,24.95595,0000000038bf9618,11.7
223,2019-08-03T00:06:01Z,86cc0727e43e2e4970a8b2a548e451bbc3bbb74f4a2d9706712b109a,60.1538,24.95595,0000000038bf9618,23.56
224,2019-08-03T00:06:01Z,8879124d54ac3eb20802507bd818290fe8efbeb5dbe6d71249443679,60.1538,24.95595,0000000038bf9618,31.5
225,2019-08-03T00:06:01Z,8962c21eddea75feaceab6fdd99b150cb34c64c955415ae2c6681f90,60.16762,24.95415,000000006b44cce7,14.89
226,2019-08-03T00:06:01Z,8ab0bf8aabff539233f9ce2b43a1955903f20c107b1040169ed0a063,60.1538,24.95595,0000000038bf9618,13.75
227,2019-08-03T00:06:01Z,91caf67153f7cf3e94c90797b30a95031dde3e8cbcdd448303e3a464,60.1538,24.95595,0000000038bf9618,18.79
228,2019-08-03T00:06:01Z,9344b7d738e5426869b2acf8d43d1d6f1c30b4d0df9d89e7b943694a,60.1538,24.95595,0000000038bf9618,18.79
229,2019-08-03T00:06:01Z,940b5d8803d8353dfeaa475c67e620ded78327a10156848a7ed3338f,60.1538,24.95595,0000000038bf9618,9.12
230,2019-08-03T00:06:01Z,96edab940c99a489f5786b6beaea5fb1820022e267b3ec85340366c5,60.1538,24.95595,0000000038bf9618,27.28
231,2019-08-03T00:06:01Z,99b033c7796a63ea9807e74b852b8f1f41dac665fe3d1e3059c27542,60.16897,24.95222,00000000aa852af1,9.92
232,2019-08-03T00:06:01Z,9f7a7e8a85fa48b85f7da90128d535cbd7b2dc35f46a8be837d80c44,60.1538,24.95595,0000000038bf9618,11.7
233,2019-08-03T00:06:01Z,a7b0f7c03a1d531d308bbf8a36e4a5995b4b495ad27069d0709d5d8b,60.1538,24.95595,0000000038bf9618,29.32
234,2019-08-03T00:06:01Z,afff1fbeec4f887ac4d3d94f2f4cd714e5e073b96d03c34d525c2f33,60.1538,24.95595,0000000038bf9618,25.36
235,2019-08-03T00:06:01Z,b328d27953f2674edb252865cf0fd2ca9b3cc24b883d63f1fdf256f4,60.14699,24.922,00000000a53ed894,13.75
236,2019-08-03T00:06:01Z,b65c44e4374d8696758a70c1086157cd4326e66c377a7b75319789e4,60.17918,24.95141,00000000675d5200,23.56
237,2019-08-03T00:06:01Z,b87e6fc8912b70e2b823be2eedcf3b570911a253a1022c8cb956cd74,60.1538,24.95595,0000000038bf9618,17.4
238,2019-08-03T00:06:01Z,b8bfe4c6613896e0ecf1a57dcfa956a94d5e3556979170537321da50,60.1538,24.95595,0000000038bf9618,20.28
239,2019-08-03T00:06:01Z,b8d5b36846e7473e45243731ee922bf2eea2df28fedaeddaba07490f,60.16762,24.95415,000000006b44cce7,16.1
240,2019-08-03T00:06:01Z,bc06e54fefcedc75fbbe816d9773ff79338e20f01833c51a95027d47,60.1538,24.95595,0000000038bf9618,14.89
241,2019-08-03T00:06:01Z,bd34c67d09b7fefbb2a17c1e4f2080f47f86717d6db80882c8668802,60.14947,24.91438,000000004ef3150d,8.38
242,2019-08-03T00:06:01Z,c0788d5d41603ef31c36091fb9167a5c0bf8abd4a1ce99b29c6318ec,60.1538,24.95595,0000000038bf9618,27.28
243,2019-08-03T00:06:01Z,c0cf4c97ca9676a09692da44b214c9405408a536e8e3ccb1d157c2b6,60.149,24.9843,00000000fffb8cf0,27.28
244,2019-08-03T00:06:01Z,c630ed11f933f51354e6b1c96bd8fe45ce0006a9eeadf0853207d81c,60.1538,24.95595,0000000038bf9618,17.4
245,2019-08-03T00:06:01Z,ca3f39b7eeeaee8d26e8babfb75bde851751dfa9ff44e1ff0c007fd3,60.1538,24.95595,0000000038bf9618,20.28
246,2019-08-03T00:06:01Z,cb5e5e1193600540e8e973308fa6c503e0266e1f53662f28ab3e366f,60.1538,24.95595,0000000038bf9618,5.91
247,2019-08-03T00:06:01Z,cc02b07710b2bb1160e8fc4d08c672d7a3d910361df0361fd74cb623,60.1538,24.95595,0000000038bf9618,9.12
248,2019-08-03T00:06:01Z,d1241d58031856ef624b5c6b712b87fb05e56c51d22191eac5e174da,60.1538,24.95595,0000000038bf9618,17.4
249,2019-08-03T00:06:01Z,dcf2e84ffdb5e551f2afad33420c28aee8ae50b3b081f9cd1b8ef23e,60.1538,24.95595,0000000038bf9618,11.7
250,2019-08-03T00:06:01Z,dd91c0e5704e58295ed36fb375b798250c7b9430ff7f987c9dc1130d,60.1538,24.95595,0000000038bf9618,16.1
251,2019-08-03T00:06:01Z,e03c67ea049fecbd9cc08719863ae39fee0ce5f3441aeb783dc95196,60.1538,24.95595,0000000038bf9618,17.4
252,2019-08-03T00:06:01Z,f0ab8766f1e802b9fdc599271e999b326fe775b8635070ddee1b7ffe,60.1538,24.95595,0000000038bf9618,13.75
253,2019-08-03T00:06:01Z,f17e19591be6cbff3d0f0f80a1b52995a4c261af480b02da2a876d24,60.1538,24.95595,0000000038bf9618,16.1
254,2019-08-03T00:06:01Z,f184631595cda9cb8e389260a614bdc4fb0ddda20dee6b2b497244b5,60.1538,24.95595,0000000038bf9618,14.89
255,2019-08-03T00:06:01Z,f19ffff5eae00755aebcabe47a69bb857a8d5213895af43a5bd45db7,60.1538,24.95595,0000000038bf9618,7.69
256,2019-08-03T00:06:01Z,f4ba37140342d1ca013d000be314e385637d8644d9c25ea0e8a907cf,60.1538,24.95595,0000000038bf9618,9.92
257,2019-08-03T00:06:01Z,f9399339c3de44774896319d3f291771cebcaf2666df1d6062469882,60.16531,24.9442,00000000fdda10fe,21.87
258,2019-08-03T00:06:01Z,fcf0cbbc36eb3d3ad3acd8494651b8e3350a78f4a9a9e3a87a39ade6,60.16897,24.95222,00000000aa852af1,18.79
259,2019-08-03T00:06:02Z,03e0fc996a589ccdf1871b3c78e089c08c93ba1f2a02d740fb384aac,60.16531,24.9442,00000000fdda10fe,29.32
260,2019-08-03T00:06:02Z,072dc794e212cfe9866e1242d801701f299d36f4aea2da25e22246cc,60.16762,24.95415,000000006b44cce7,7.69
261,2019-08-03T00:06:02Z,0a14c5d2b78ccdcf2d3a340ea5154a0a10b0befebb1fd0dc3ae4d6a6,60.16829,24.94214,00000000afef4555,25.36
262,2019-08-03T00:06:02Z,129dad6828fb3e17a08cbc4f37bc09bbf2759d63eefc3cd646806e36,60.16897,24.95222,00000000aa852af1,36.27
263,2019-08-03T00:06:02Z,14c7e1511b70f4dd3359cbece1377aebb4d70531f5489eefe53d7c3c,60.16544,24.95398,0000000038d83d41,21.87
264,2019-08-03T00:06:02Z,165ebbb4090d47319ae370f0d0854fdc1f6b79499f8b2e4d3c3533c0,60.16544,24.95398,0000000038d83d41,27.28
265,2019-08-03T00:06:02Z,1d513a9eda6958eaa6394ca7a03bb7c0beb946191e40ea22378b96fa,60.16762,24.95415,000000006b44cce7,12.69
266,2019-08-03T00:06:02Z,2596202d2c842b8546832c3b5ad0c64635e1d0e2b48133a1581da93e,60.16829,24.94214,00000000afef4555,10.78
267,2019-08-03T00:06:02Z,27391f5fe0d6372b87fd8909e6325800f7d4a552f40b0bad20ffa5f0,60.16762,24.95415,000000006b44cce7,13.75
268,2019-08-03T00:06:02Z,297c725b456ef12d2712634b21546721cbe93224d3a5762d897404f2,60.16762,24.95415,000000006b44cce7,8.38
269,2019-08-03T00:06:02Z,2a93b61a3863ace54349d7a0937e4134fcc6d4dfcf064eefae2b7cf8,60.15432,24.9211,0000000019fb59c4,13.75
270,2019-08-03T00:06:02Z,2af9f18ec38ddcce3e687bdf1a0e3d95da68f65a2028ee4a3bdeddab,60.15432,24.9211,0000000019fb59c4,13.75
271,2019-08-03T00:06:02Z,3193ebc4e01b4451b1242fd69a62b4a3af31c0150312780985ad1d1a,60.16762,24.95415,000000006b44cce7,8.38
272,2019-08-03T00:06:02Z,34e39641e24c15f4fb6138d01f5a1295b7fc464cbac35de85ca7050b,60.16762,24.95415,000000006b44cce7,18.79
273,2019-08-03T00:06:02Z,3944bc7a301be7241d1f7bc4a97f221000d535ce3d8a9af9af9b23b5,60.16531,24.9442,00000000fdda10fe,29.32
274,2019-08-03T00:06:02Z,48b63d4bb575eae6b236e4c9fb933e2fcddc7c7f1e3aed085c190364,60.16897,24.95222,00000000aa852af1,31.5
275,2019-08-03T00:06:02Z,4fae813e8e5c00dd59035a1c04f9dba3f686f3bdb70d05eec42c093c,60.17002,24.94407,000000006b087f40,29.32
276,2019-08-03T00:06:02Z,52f6a3a3aa57239ef1fb406b6d276ffea0771b2d59b02598092b8971,60.16762,24.95415,000000006b44cce7,17.4
277,2019-08-03T00:06:02Z,5bbb5184fded3e51bc78e45e39917794285e6bbc72da404802a9599a,60.16531,24.9442,00000000fdda10fe,27.28
278,2019-08-03T00:06:02Z,5d65719c4cbf045f068d084b72302f447d5fd034413d97d13be00d0e,60.18203,24.91341,00000000342570c2,18.79
279,2019-08-03T00:06:02Z,5e949d74f5d299b302e8a43cfeaa887af012fb17b3d7834f07c59efe,60.17002,24.94407,000000006b087f40,23.56
280,2019-08-03T00:06:02Z,5eed115a984d490b02b602d73787aee8dc8c4e9365b77fbff3818a76,60.16629,24.95957,00000000fb7600be,33.81
281,2019-08-03T00:06:02Z,66dabd3229229330d23c70e9e1737429ddfe69db01f4a6a00f70fa20,60.16762,24.95415,000000006b44cce7,18.79
282,2019-08-03T00:06:02Z,6cfbfcaa0537a5f069c07cbe6de6e4a7152da71e916ab408bfd02971,60.16762,24.95415,000000006b44cce7,13.75
283,2019-08-03T00:06:02Z,6ff437688c444238352c28f64f9d2a7d0f14d19c9ea42c225380501e,60.16762,24.95415,000000006b44cce7,17.4
284,2019-08-03T00:06:02Z,747f2d1ebff218c0ebbdc0fdaef4cbe56633dfb46ae1b1f8c8142201,60.16762,24.95415,000000006b44cce7,17.4
285,2019-08-03T00:06:02Z,77839e655f856d5295739c2388237a95b399c3b8a4f659cd1345d939,60.16829,24.94214,00000000afef4555,25.36
286,2019-08-03T00:06:02Z,7e5ff7135bfbe1d2a54cbb205746027e9360d49fdcc983d3756b5529,60.16762,24.95415,000000006b44cce7,20.28
287,2019-08-03T00:06:02Z,852a4f409e3d5bb1c5c01f3bf1568bb4d1de7173a1cc20f178fc55ea,60.16762,24.95415,000000006b44cce7,18.79
288,2019-08-03T00:06:02Z,87dfaad29a9276ddddb1fa021d3bc23ad14824c1af16f7d87e713689,60.14951,24.92138,0000000006dd41f6,9.92
289,2019-08-03T00:06:02Z,89eb0ceacf045c977620b367105bca866d88eac38cc218f77442eeda,60.16829,24.94214,00000000afef4555,11.7
290,2019-08-03T00:06:02Z,8c75c3289c84fe4493e1e272a77b615fe1985880c5dc68a7c1a17b53,60.16762,24.95415,000000006b44cce7,9.92
291,2019-08-03T00:06:02Z,8ff60f950161ed884860c37d18e95c683a57d568528f4083008a5dd8,60.15432,24.9211,0000000019fb59c4,14.89
292,2019-08-03T00:06:02Z,94512cd21b284eddaddc0be0d385bf5072dbeaa7e3eb345b3c161aa6,60.16762,24.95415,000000006b44cce7,20.28
293,2019-08-03T00:06:02Z,9843c6216661048343a0e49cf3d8aa2883cf77f452666a1c873a1052,60.16448,24.97323,0000000053c6c2be,17.4
294,2019-08-03T00:06:02Z,a3bd485a94d2ee8a8f9705cd9c7c8d0a0b42fe95071ecae0521cdec7,60.16762,24.95415,000000006b44cce7,21.87
295,2019-08-03T00:06:02Z,a406256e97e44cd5d29d17c9e83901297c54bc0b9f5950341e2b23e8,60.16762,24.95415,000000006b44cce7,12.69
296,2019-08-03T00:06:02Z,a91d379a4b57c5df22db0d7a041ff69f657b4b31f28554b1011fc03c,60.16544,24.95398,0000000038d83d41,27.28
297,2019-08-03T00:06:02Z,b33ae7715d6d2571066655c2c8954a5a364b5601869047de83410d9f,60.16629,24.95957,00000000fb7600be,18.79
298,2019-08-03T00:06:02Z,b4faf2d3c4d2b199afeab6ab63b583fe3a2e81e14abbef6917f25129,60.15432,24.9211,0000000019fb59c4,14.89
299,2019-08-03T00:06:02Z,b5026d7cf52e7ab96df2ba76a516d819fb11765e520b765d373d186b,60.16448,24.97323,0000000053c6c2be,29.32
300,2019-08-03T00:06:02Z,b5fd6b317890e5ab2d79e2cd1abe61626d45a753c7337d0d40728898,60.16762,24.95415,000000006b44cce7,5.91
301,2019-08-03T00:06:02Z,bb52abe4edeb7604c7a55e84373a051fe6adeac1849883eb0877f237,60.15432,24.9211,0000000019fb59c4,9.12
302,2019-08-03T00:06:02Z,bb98768dad0f7c52cf643f035a3e7e48f5cfe28557c66f2a75914b31,60.15432,24.9211,0000000019fb59c4,18.79
303,2019-08-03T00:06:02Z,c0f4fab6444e2374d8f07376b5132573fc3803066d1519bbcd319f42,60.15432,24.9211,0000000019fb59c4,20.28
304,2019-08-03T00:06:02Z,c40c37def6bf11a63a2556519a7c6233fd417cdeea2cf14f28e7c42c,60.16531,24.9442,00000000fdda10fe,18.79
305,2019-08-03T00:06:02Z,ca94ea8bc22f07965f543cd3ead8a37fbd78a987bb93b7742ed6febe,60.16829,24.94214,00000000afef4555,14.89
306,2019-08-03T00:06:02Z,cf05623e4d87ce0906c0b0b7dbf53aacc1228016cd27c341228b6e76,60.18203,24.91341,00000000342570c2,16.1
307,2019-08-03T00:06:02Z,da3f8a9924ac789c223fe629d063aa23403ffed3bf8166bd44e4d0d0,60.16762,24.95415,000000006b44cce7,14.89
308,2019-08-03T00:06:02Z,ea2af410359f5c862dbc71554cc0b6ea29d823a91db3209fcd2a8c76,60.16762,24.95415,000000006b44cce7,7.69
309,2019-08-03T00:06:02Z,ec5a99c9f83b787a5e9746ea7ffbbb74ef636e8bf511704ecb7af252,60.17002,24.94407,000000006b087f40,27.28
310,2019-08-03T00:06:02Z,ed70dda6b7faebd4340dacdb452ab224d9d3c308df417b7fa76f54e8,60.14951,24.92138,0000000006dd41f6,21.87
311,2019-08-03T00:06:02Z,f088630d7476dae7d4b7e2bb1f10575f2c89acb4b6e061f3d57c2b40,60.16531,24.9442,00000000fdda10fe,27.28
312,2019-08-03T00:06:02Z,fa174c07354fca0bb5a193097c3a41f5c79ba61efc1b2f1dd7ae2312,60.16762,24.95415,000000006b44cce7,14.89
313,2019-08-03T00:06:02Z,fc4f3a44235f1cfc7b53f14ba2da599976a5a0a220d23b852688e485,60.17919,24.95181,000000007b5207b6,14.89
314,2019-08-03T00:06:02Z,02b767d8ca4593c22d5329e25f3cd8dd548f75220f6b35de098a7d6b,60.1538,24.95595,0000000038bf9618,17.4
315,2019-08-03T00:06:02Z,04d373ddce4e3377907b367e4f8b96c8f3c15614d41c0928b562515e,60.1538,24.95595,0000000038bf9618,3.74
316,2019-08-03T00:06:02Z,05f29ae34c06b157ccf4fab0c8d1655e719dd5936dbf130725cb7c62,60.1538,24.95595,0000000038bf9618,23.56
317,2019-08-03T00:06:02Z,067fd6984412ca4ab2b6ed8c134372c3ed390dd58d998f487eac429c,60.17002,24.94407,000000006b087f40,20.28
318,2019-08-03T00:06:02Z,0be133927bd680eaf51ae2be0a596457828f79dca874f627b6f3cef5,60.16829,24.94214,00000000afef4555,20.28
319,2019-08-03T00:06:02Z,0eea03ff3b7e72b42289bbf2f2a4cd6c1665ab96448887e3f1e56b6c,60.16829,24.94214,00000000afef4555,21.87
320,2019-08-03T00:06:02Z,1609222874021ede6d2b779807ac2b8fc07f933f5c27580078417165,60.1538,24.95595,0000000038bf9618,18.79
321,2019-08-03T00:06:02Z,18674bec29cf231339b3528ad5740050340ca40a0d5cc91cfbcc1ca1,60.1538,24.95595,0000000038bf9618,18.79
322,2019-08-03T00:06:02Z,1b64817673252e1b665e457e673d0e815ae61685900d32d18a84c1ba,60.1538,24.95595,0000000038bf9618,13.75
323,2019-08-03T00:06:02Z,1f141a9285a5fbc16062e181796571546aeeb3acac5774e738fd4932,60.16448,24.97323,0000000053c6c2be,29.32
324,2019-08-03T00:06:02Z,1f234b2dde6fc5db06631e8b207bd87d140b9cc5c3996124bf952f20,60.16629,24.95957,00000000fb7600be,18.79
325,2019-08-03T00:06:02Z,2105d9d79d547dc9cdbc9971b3aa932b16d16b19bd44155aeae18586,60.16762,24.95415,000000006b44cce7,9.92
326,2019-08-03T00:06:02Z,2142821dbdfd0c8de0dfc0067db2d17aa9b3989b72fc0f1e8db8cf04,60.15432,24.9211,0000000019fb59c4,16.1
327,2019-08-03T00:06:02Z,21bd1e9b38fddee778ccb7a02c6b396438b768157d15fb82dd6a208e,60.1538,24.95595,0000000038bf9618,20.28
