,time,hash,latitude,longitude,serial,distance
0,2019-08-01T13:06:00Z,032aedd138ae5319b1d03df982982c64a41ffc95b31dc8b49d9656ad,60.16762,24.95415,000000006b44cce7,17.4
1,2019-08-01T13:06:00Z,0fff89885f08417f20aadfdbf62a372277e9085bcd024374b772ecac,60.16531,24.9442,00000000fdda10fe,27.28
2,2019-08-01T13:06:00Z,144afc51fc2443c7031a2912566eff2ce60226a49d6d2bd7c2923700,60.16544,24.95398,0000000038d83d41,14.89
3,2019-08-01T13:06:00Z,14c7e1511b70f4dd3359cbece1377aebb4d70531f5489eefe53d7c3c,60.16544,24.95398,0000000038d83d41,25.36
4,2019-08-01T13:06:00Z,15918569de0a46a8eb56b43d8d39f7fc82619ff1006f00822c85745c,60.17918,24.95141,00000000675d5200,4.11
5,2019-08-01T13:06:00Z,16d7bc8784dc7a0dabd67c958cb3c0ddf6b6e02d2737a30d2a4a1fed,60.14951,24.92138,0000000006dd41f6,17.4
6,2019-08-01T13:06:00Z,2f50e3c9370fbafaf50744116aa46242282028cb458bdc8ec027020b,60.14951,24.92138,0000000006dd41f6,8.38
7,2019-08-01T13:06:00Z,43f0d68a3f592dab1f4aab487760d9715ea115f2013ea99e2f62a9a9,60.16629,24.95957,00000000fb7600be,14.89
8,2019-08-01T13:06:00Z,4de1234054c0ad564da4a96fa45a0531feaa109e9da645e55bf27afc,60.16629,24.95957,00000000fb7600be,9.12
9,2019-08-01T13:06:00Z,541cdde5332ed33dd6e2f47bc3091d8251b2992ea15305b741d7fa7c,60.16531,24.9442,00000000fdda10fe,25.36
10,2019-08-01T13:06:00Z,5d65719c4cbf045f068d084b72302f447d5fd034413d97d13be00d0e,60.18203,24.91341,00000000342570c2,17.4
11,2019-08-01T13:06:00Z,5eed115a984d490b02b602d73787aee8dc8c4e9365b77fbff3818a76,60.16629,24.95957,00000000fb7600be,17.4
12,2019-08-01T13:06:00Z,62ba3ea518b5e78749f37fcd40a3f18f8059689f1df2d876536785b8,60.17065,24.93641,000000000f4919c9,18.79
13,2019-08-01T13:06:00Z,660c668edc3b239e521fc8d85ca6f442cec48702a08567ecb7f863d0,60.18203,24.91341,00000000342570c2,16.1
14,2019-08-01T13:06:00Z,6baa2d9cee33c5e965cb5771bd1d14857971cb03254ec7fd754c0ec0,60.16829,24.94214,00000000afef4555,8.38
15,2019-08-01T13:06:00Z,6bb830c93f2195a49fb19ccc8f9673bd13c640aaead53dd9acd8b6b1,60.14951,24.92138,0000000006dd41f6,9.92
16,2019-08-01T13:06:00Z,6d22b751ff5173035dc85c52c3dff0780126adae67fe33dc62dd45ef,60.16531,24.9442,00000000fdda10fe,7.69
17,2019-08-01T13:06:00Z,78d5f60b36b59c06c3988b94e11744bb3aed5dcbc214f91f228bf892,60.16448,24.97323,0000000053c6c2be,21.87
18,2019-08-01T13:06:00Z,79865d1a11c15994333540c59926b902b9419b92e59457e6247142f8,60.16829,24.94214,00000000afef4555,29.32
19,2019-08-01T13:06:00Z,7e2db24dbf67496db3ab5e060b256d7e4e875edaee3d5daca43ebe59,60.14951,24.92138,0000000006dd41f6,16.1
20,2019-08-01T13:06:00Z,816565799b96c3597e367d3dd9294179fb126e459a270da04f6ac6f9,60.16829,24.94214,00000000afef4555,9.12
21,2019-08-01T13:06:00Z,87dfaad29a9276ddddb1fa021d3bc23ad14824c1af16f7d87e713689,60.14951,24.92138,0000000006dd41f6,4.94
22,2019-08-01T13:06:00Z,89982a6acf91b79a282a6b63978e946ee205f303fcd20e944e06baf0,60.16544,24.95398,0000000038d83d41,29.32
23,2019-08-01T13:06:00Z,8c75c3289c84fe4493e1e272a77b615fe1985880c5dc68a7c1a17b53,60.16762,24.95415,000000006b44cce7,9.12
24,2019-08-01T13:06:00Z,8cc6ddaa460aeae8cc9e8a33f91a01c8cd4c0c8bf8a943210a28c84d,60.1538,24.95595,0000000038bf9618,20.28
25,2019-08-01T13:06:00Z,9843c6216661048343a0e49cf3d8aa2883cf77f452666a1c873a1052,60.16448,24.97323,0000000053c6c2be,12.69
26,2019-08-01T13:06:00Z,99583df0eba44a852d20bd33507b6a7a7c74fa19cbec3ad889eedeae,60.16897,24.95222,00000000aa852af1,31.5
27,2019-08-01T13:06:00Z,99fd45d12dac633f5df9fb97ff21d14f1f5358d6e8b9288d355d3e47,60.17918,24.95141,00000000675d5200,4.94
28,2019-08-01T13:06:00Z,a9da1ee82e3b670e276c26b483dd50f4a6d0c6f77ef82245d3ae6086,60.18203,24.91341,00000000342570c2,21.87
29,2019-08-01T13:06:00Z,b5fd6b317890e5ab2d79e2cd1abe61626d45a753c7337d0d40728898,60.16762,24.95415,000000006b44cce7,14.89
30,2019-08-01T13:06:00Z,bf92a3b592049dac70688696fc5a02f457ec4cd03dece3e20d7e4af5,60.16629,24.95957,00000000fb7600be,20.28
31,2019-08-01T13:06:00Z,c22f44d95135162deaa9994c2e7de383e045e7e3eff81b75c8990ab5,60.17919,24.95181,000000007b5207b6,17.4
32,2019-08-01T13:06:00Z,c40c37def6bf11a63a2556519a7c6233fd417cdeea2cf14f28e7c42c,60.16531,24.9442,00000000fdda10fe,17.4
33,2019-08-01T13:06:00Z,cd6bb1a488cb15407d98f34f29ee6dc9aecb4c720f99dd47c0c54584,60.16531,24.9442,00000000fdda10fe,20.28
34,2019-08-01T13:06:00Z,cf05623e4d87ce0906c0b0b7dbf53aacc1228016cd27c341228b6e76,60.18203,24.91341,00000000342570c2,27.28
35,2019-08-01T13:06:00Z,d944d9730c28168a735e57206b5a844b392fdb383243c889aeef5993,60.14951,24.92138,0000000006dd41f6,5.91
36,2019-08-01T13:06:00Z,dce15d9b6a7bf8880ef6f98a7621aef6c6d548ad75d3fbfc42dd2b69,60.15432,24.9211,0000000019fb59c4,18.79
37,2019-08-01T13:06:00Z,dd2c9c82cf3737146294aff6f814a1349fb0bc4bedf518715dacbe8f,60.18203,24.91341,00000000342570c2,17.4
38,2019-08-01T13:06:00Z,ea2af410359f5c862dbc71554cc0b6ea29d823a91db3209fcd2a8c76,60.16629,24.95957,00000000fb7600be,16.1
39,2019-08-01T13:06:00Z,ed70dda6b7faebd4340dacdb452ab224d9d3c308df417b7fa76f54e8,60.14951,24.92138,0000000006dd41f6,23.56
40,2019-08-01T13:06:00Z,f088630d7476dae7d4b7e2bb1f10575f2c89acb4b6e061f3d57c2b40,60.16531,24.9442,00000000fdda10fe,20.28
41,2019-08-01T13:06:00Z,f1f7b52845876f30642a66e5014615e91d05b70e771d5ea25341dc8c,60.16448,24.97323,0000000053c6c2be,20.28
42,2019-08-01T13:06:00Z,f2867b5b7d0d457ed49007bbf58f055dc0d0b3a913cd200be27e46fb,60.16829,24.94214,00000000afef4555,4.94
43,2019-08-01T13:06:00Z,f7cd1e65bcf4a122c02cf6d255a5262ad9f0675432e53c89538cc774,60.149,24.9843,00000000fffb8cf0,16.1
44,2019-08-01T13:06:00Z,fc4f3a44235f1cfc7b53f14ba2da599976a5a0a220d23b852688e485,60.17918,24.95141,00000000675d5200,16.1
45,2019-08-01T13:06:00Z,010ca94b562561a6f4a9615633e43fdfe03793d7a13a84f3bc973e4d,60.16829,24.94214,00000000afef4555,18.79
46,2019-08-01T13:06:00Z,026ae62ea7a1aa57398fb04d004dbb3340644e96ceb07ac8cf6a6c97,60.16448,24.97323,0000000053c6c2be,27.28
47,2019-08-01T13:06:00Z,03c5bdee71b4d474ef072d86ddbd950c41e17ff54a9842bdec0213fd,60.16829,24.94214,00000000afef4555,21.87
48,2019-08-01T13:06:00Z,048caea4da92e032c633024e48b4eacea658dee60f4abea9cdcfc280,60.16762,24.95415,000000006b44cce7,18.79
49,2019-08-01T13:06:00Z,050207d759fff9e3c6a831d422489612c87e1c865e1a12a341455c5a,60.16829,24.94214,00000000afef4555,10.78
50,2019-08-01T13:06:00Z,0508b83953da16b26e8bda2dcaf39e34a2fe1bff72baed2074a73cc6,60.15133,24.92329,00000000e8a064a4,14.89
51,2019-08-01T13:06:00Z,05b22952170b2caf0d7dcdff792e8107d93323c5865ae5d718ed197d,60.16075,24.95883,00000000f1124bca,13.75
52,2019-08-01T13:06:00Z,06c1c1c0fad256d962f27b95915f3efe3f974824728781c80716f829,60.16629,24.95957,00000000fb7600be,9.92
53,2019-08-01T13:06:00Z,076c7c43c5991dcb8a5b626201afae43eed567efbaa976b7a6f033bd,60.15432,24.9211,0000000019fb59c4,1.7
54,2019-08-01T13:06:00Z,08b069a50a1c9247cc9ee59dbeb4faf71d6e4979954129a7f476efa5,60.16531,24.9442,00000000fdda10fe,25.36
55,2019-08-01T13:06:00Z,09eaf30391e7a263f1b0e13b208b060387a2735d303c166394da1c79,60.16897,24.95222,00000000aa852af1,18.79
56,2019-08-01T13:06:00Z,0aa9f42d4860a0c093475e3dae51070918723c76168fcefab90460cc,60.16897,24.95222,00000000aa852af1,18.79
57,2019-08-01T13:06:00Z,0b144c69978350f5c6dcd01fed45dce204ae174fd2d812f5488ab6e6,60.16829,24.94214,00000000afef4555,4.11
58,2019-08-01T13:06:00Z,0ca68f06ab616da583d313377e47f10c1c3434c5f96019a6d81a6740,60.16762,24.95415,000000006b44cce7,21.87
59,2019-08-01T13:06:00Z,0d32a6790f13ccf7f3917f353737e61d29f209b7f8649aa3507de1e3,60.16531,24.9442,00000000fdda10fe,7.05
60,2019-08-01T13:06:00Z,0e5fad5b5eeaae0f876e2c13d208794d6b0e07af7d63ac3ec531eeee,60.16829,24.94214,00000000afef4555,20.28
61,2019-08-01T13:06:00Z,114a900cd5c406169fc7b4c465ffca590c553f58e931486e06650d4a,60.16762,24.95415,000000006b44cce7,6.46
62,2019-08-01T13:06:00Z,1234366133f8f7dec93aae980bef9deb1ff93fbb2d1f7a5d732cbebc,60.16075,24.95883,00000000f1124bca,2.54
63,2019-08-01T13:06:00Z,123c54ff6a65297fe8a960d490549fb531e39110785309dd4af7f4b6,60.17065,24.93641,000000000f4919c9,13.75
64,2019-08-01T13:06:00Z,125c75e69f60414fb088dae920eea1eb7f0407fa3ddc78ed4b170eb9,60.16629,24.95957,00000000fb7600be,21.87
65,2019-08-01T13:06:00Z,127b54069fd807dd7d99eec8736c63ad1cfa6242406b236a8d18c3fa,60.16531,24.9442,00000000fdda10fe,9.92
66,2019-08-01T13:06:00Z,1281cdf7b74287486d7823b8eb868a2d1ee6d75d911a0f9ed7a9443b,60.16897,24.95222,00000000aa852af1,27.28
67,2019-08-01T13:06:00Z,1462b8374de7b459ad91bd6224f8da4975e92e9f03f50b3a6fa20a3c,60.16829,24.94214,00000000afef4555,6.46
68,2019-08-01T13:06:00Z,1496b97b72f480cbaf7a7e4b6db0e5dd081e6b7de92f8f3999dca8ad,60.16762,24.95415,000000006b44cce7,5.91
69,2019-08-01T13:06:00Z,15602f46fc182248451becc6b526ac4c6b78ada971648b606458622f,60.16629,24.95957,00000000fb7600be,17.4
70,2019-08-01T13:06:00Z,159b2aedc2beec96b9762c98e9b0ead9d459ecbd51b38aea071b3651,60.15432,24.9211,0000000019fb59c4,3.74
71,2019-08-01T13:06:00Z,15a58faf9755f6c918d4d5f63d07593a3e3cefa5304f342291e53b8e,60.16829,24.94214,00000000afef4555,16.1
72,2019-08-01T13:06:00Z,17e8f6f912efa41f6092ba05aadcfd9a9af588112ecfd751d975b75c,60.16829,24.94214,00000000afef4555,1.25
73,2019-08-01T13:06:00Z,191a78f82f2c8aa56a08ce4b059ef53707c7d1eb12f1ea4069fde300,60.16075,24.95883,00000000f1124bca,18.79
74,2019-08-01T13:06:00Z,1b5892e8e119c3336fe914f46fb82c4f9e8fb1903294917d5316a423,60.16762,24.95415,000000006b44cce7,7.05
75,2019-08-01T13:06:00Z,1ba2a0e9e1c89b176a8b9f0bbcd34d52257c10f030d1bd189c0f240d,60.16829,24.94214,00000000afef4555,31.5
76,2019-08-01T13:06:00Z,1c40bcfe4d157be84fe0acc1232f2b57c240cfe39599ef96ffec9a99,60.16762,24.95415,000000006b44cce7,7.05
77,2019-08-01T13:06:00Z,1d3285a54b86e33f823db3ca6909cc1be2b83c313aca6cd41b79e72b,60.16448,24.97323,0000000053c6c2be,21.87
78,2019-08-01T13:06:00Z,1dd6745514b80984aa0875d75f302c8956ee126c6e4483610e9a8d1c,60.16544,24.95398,0000000038d83d41,20.28
79,2019-08-01T13:06:00Z,1e918497932413cac059dd95abb69329c0acaf56a5baa04f10158267,60.16762,24.95415,000000006b44cce7,20.28
80,2019-08-01T13:06:00Z,1f07afbebc312a7b7d5ed20175323a552b7e2c691d06d688eebbdf1a,60.16075,24.95883,00000000f1124bca,29.32
81,2019-08-01T13:06:00Z,1fd42acb730067b58318e0c20d24220be732bf8777539eb1fd455803,60.17065,24.93641,000000000f4919c9,27.28
82,2019-08-01T13:06:00Z,21c03815ccb69aa0932bdc24a50b7e039b7cbd8ec77d0d3033ab2b72,60.16762,24.95415,000000006b44cce7,9.92
83,2019-08-01T13:06:00Z,22aaa670a3aa26878986bcf3de737fc91397f93ca67810b4c23d3615,60.16762,24.95415,000000006b44cce7,6.46
84,2019-08-01T13:06:00Z,22f8f56e7ebf994895196e32bc2f8eb537eec97ad3ba6ce3aacc8bbf,60.17065,24.93641,000000000f4919c9,23.56
85,2019-08-01T13:06:00Z,2392a2ef4fa6c91aa2fb9b89c39f43d9c5cca2cd17037ee95aac9efb,60.1538,24.95595,0000000038bf9618,23.56
86,2019-08-01T13:06:00Z,2542481b9cae72081831c43a74655c4467b5a9c36afb2946253cb3a2,60.16075,24.95883,00000000f1124bca,16.1
87,2019-08-01T13:06:00Z,259636923504d6a1b5f6bc34404a0080f95075bf998818f919c28881,60.16762,24.95415,000000006b44cce7,16.1
88,2019-08-01T13:06:00Z,25fd64e836c6b26b007fad4f4494df78a9421d57bf95be8def6d40cc,60.17002,24.94407,000000006b087f40,2.8
89,2019-08-01T13:06:00Z,263cb736f81a6d9f438037efbd9c6dbedb70a8ed84a1b87f623f43dd,60.16762,24.95415,000000006b44cce7,5.91
90,2019-08-01T13:06:00Z,2742118c265f88f8432d3ad13a4a46d75454b8c469b4651fb24cc6e4,60.149,24.9843,00000000fffb8cf0,10.78
91,2019-08-01T13:06:00Z,2780bad0ebc59a9c8aad7a7d56d33e1de0b0912f57cb181ce22e8864,60.16829,24.94214,00000000afef4555,36.27
92,2019-08-01T13:06:00Z,293ebbb306bc45a33c7792f49a6c140c4ce786fffdfd6d76ec78ec79,60.17918,24.95141,00000000675d5200,7.69
93,2019-08-01T13:06:00Z,295dba6f89c923d96f448492084b4ff315c6c51d533724e27e9befe0,60.16762,24.95415,000000006b44cce7,12.69
94,2019-08-01T13:06:00Z,29b76fc6f0192bc553de403160f650d9e02a32d550062a8f6c02e7fc,60.16762,24.95415,000000006b44cce7,10.78
95,2019-08-01T13:06:00Z,2abb2475b99a4ecab9de936355d35e8e10d42b377b4cb1802ed4b72f,60.149,24.9843,00000000fffb8cf0,10.78
96,2019-08-01T13:06:00Z,2b21c313fe4ee95e5e1a3f9ab85092d53b42ab7faf8a4ecc3321982a,60.16762,24.95415,000000006b44cce7,17.4
97,2019-08-01T13:06:00Z,2c94734f80f1d238754a3a53bd87c0ad08dda701eba5f5b6f0c3853f,60.17918,24.95141,00000000675d5200,18.79
98,2019-08-01T13:06:00Z,2d382413f696274919861a6cb0cbfdfc699552bfabe839a392bf54d4,60.16829,24.94214,00000000afef4555,8.38
99,2019-08-01T13:06:00Z,2ed6b2b9ae6b31df8824dad83c7acf352cb29f5d26f21107667fa97a,60.16544,24.95398,0000000038d83d41,27.28
100,2019-08-01T13:06:00Z,2f6c1ca004c8a91405c9d3de7d43925e1914a9ec1a1178559a782ddb,60.16075,24.95883,00000000f1124bca,18.79
101,2019-08-01T13:06:00Z,2f94f566f3d85970e65b02d98e918d45aad8ac49cd9fd5d86d0e8942,60.17918,24.95141,00000000675d5200,13.75
102,2019-08-01T13:06:00Z,30de995644c7a2424ecb91eb1f747ebe17c54d74317227873329a79a,60.16762,24.95415,000000006b44cce7,3.4
103,2019-08-01T13:06:00Z,3112cde6bf4e01084c8ce7cc541cca59858d99b6897f04a646dbb53a,60.17065,24.93641,000000000f4919c9,20.28
104,2019-08-01T13:06:00Z,3143259b34da58f411938919812148a4620ce248171855b26febe313,60.17918,24.95141,00000000675d5200,12.69
105,2019-08-01T13:06:00Z,3250f060fab756ffa6f1148d1e94ceb839d19875b5bd92972060d6d7,60.16075,24.95883,00000000f1124bca,5.91
106,2019-08-01T13:06:00Z,33edd4bb621e36ba1c717f515bc9fb11b9b36ecc19bb4bc3a2968d53,60.149,24.9843,00000000fffb8cf0,18.79
107,2019-08-01T13:06:00Z,343e773885ce682c308c78dea07f24d3c16ea51235eb833e15f40ecb,60.15432,24.9211,0000000019fb59c4,4.5
108,2019-08-01T13:06:00Z,3440a8648a7f755f8be32912668e7d073ad295d7a84bc34226a74513,60.16829,24.94214,00000000afef4555,5.41
109,2019-08-01T13:06:00Z,34b4fbbdb092ec9c01f3e3a66e75fdec8c8a77a15f01239873c775a2,60.16829,24.94214,00000000afef4555,10.78
110,2019-08-01T13:06:00Z,360416b181efa40802a29b1508abff731fb681865927d250a83868d8,60.14947,24.91438,000000004ef3150d,11.7
111,2019-08-01T13:06:00Z,36835c324d6c0cacd67744c2e4a3f3ce39fa1c28658bde3da068e02d,60.16544,24.95398,0000000038d83d41,27.28
112,2019-08-01T13:06:00Z,36efecdb3cb119bd66487972ffc02f0a4fd2d3061602682395bd325e,60.16629,24.95957,00000000fb7600be,18.79
113,2019-08-01T13:06:00Z,37d78f2e7c44c734bcce56dc5bf98dc827e003149773141ac69288dc,60.16829,24.94214,00000000afef4555,5.41
114,2019-08-01T13:06:00Z,386b1415794dbccc60f5e0ef85ef877d6c23d75bc25f2c3dd65b65f8,60.149,24.9843,00000000fffb8cf0,31.5
115,2019-08-01T13:06:00Z,395e4174b76467368799971c596ed7eba45cc554b085dbc11e1810b4,60.16762,24.95415,000000006b44cce7,8.38
116,2019-08-01T13:06:00Z,3a673f393f0f376b726997147419514c25f67c1f5b4c6538864b8e14,60.16762,24.95415,000000006b44cce7,14.89
117,2019-08-01T13:06:00Z,3ab887bdd87ce6744b3db18a42a8481be5865d58ed71bc87d3dcb3c6,60.16829,24.94214,00000000afef4555,2.08
118,2019-08-01T13:06:00Z,3c5630e2616eea4d935e31b3187e04d846adfb1093655e8df36c73db,60.16762,24.95415,000000006b44cce7,21.87
119,2019-08-01T13:06:00Z,3e3ca03a2f1e64292ba7254c92726980a23be85e8e096f7b62815805,60.17918,24.95141,00000000675d5200,5.91
120,2019-08-01T13:06:00Z,3e7258c8b4942da3395f1b5236b9583f4e538de51a5cc3cbc778c3b0,60.15432,24.9211,0000000019fb59c4,29.32
121,2019-08-01T13:06:00Z,3fc3a6769a6cee2467f4b40f3aa0226f4902dd8bae9adf12ca076e2e,60.16531,24.9442,00000000fdda10fe,18.79
122,2019-08-01T13:06:00Z,40128536c834ebfaecfc10a1962725e199e947d401e433d4e5962eac,60.16531,24.9442,00000000fdda10fe,12.69
123,2019-08-01T13:06:00Z,4094c01ec943d807d0ec5b374c0dbeeaea22d0f49aed94467e61ad7e,60.16897,24.95222,00000000aa852af1,14.89
124,2019-08-01T13:06:00Z,40cd1183118ef9cec16e409bb44c11d2f1d94e8ed4db4c4d25a8f5c3,60.17918,24.95141,00000000675d5200,9.12
125,2019-08-01T13:06:00Z,42844e90c7134ebb3ec325f57cd27cd24711c779548ebc8692a820d5,60.14951,24.92138,0000000006dd41f6,3.4
126,2019-08-01T13:06:00Z,43e925d25e70f506c341d59050226aa1ebffa9c093e5630f113468c9,60.16075,24.95883,00000000f1124bca,16.1
127,2019-08-01T13:06:00Z,44d7c0a2cfce27f12d88046f99f6afb125b14697833a8fd00e531273,60.16629,24.95957,00000000fb7600be,18.79
128,2019-08-01T13:06:00Z,452d522f707207b226426205e46d5b2da13295f095c362062f2a0b7e,60.149,24.9843,00000000fffb8cf0,12.69
129,2019-08-01T13:06:00Z,457965aaef4c8c271af29a89e74efb6c076feb49b00b16bd9ba0109a,60.16829,24.94214,00000000afef4555,25.36
130,2019-08-01T13:06:00Z,460b5eb033176d2fb62a01f07ba8992c2981cc3442a857c6bdce44ab,60.16829,24.94214,00000000afef4555,18.79
131,2019-08-01T13:06:00Z,476d6cd5eb1ab2cec303eb9fc6cd1b225344c1d5a15d021e7882ac75,60.18203,24.91341,00000000342570c2,18.79
132,2019-08-01T13:06:00Z,48533cbcc14fad8a10034c834ebf13b2ad602a06f04c1df8abecc091,60.17065,24.93641,000000000f4919c9,31.5
133,2019-08-01T13:06:00Z,485e32d5c35f6c8e18f9291bf6ef001b26c933c880346c3109687ef4,60.16531,24.9442,00000000fdda10fe,12.69
134,2019-08-01T13:06:00Z,48f25973e0f7bdbab9bb650f3e7f167cef6bf6773921aed059a9264a,60.17919,24.95181,000000007b5207b6,8.38
135,2019-08-01T13:06:00Z,4be699596c26ce100f802864f8ba808e4a6be7099b5aa9ffb7f4dccd,60.16075,24.95883,00000000f1124bca,18.79
136,2019-08-01T13:06:00Z,4c8a24f3050ef68a0eca2e32572a73c7929272d387403c9816c05996,60.16075,24.95883,00000000f1124bca,4.5
137,2019-08-01T13:06:00Z,4d997821b7a70750df2c04a27a9bbc70fd702b743516e60f43077754,60.16829,24.94214,00000000afef4555,18.79
138,2019-08-01T13:06:00Z,4d9d5ce2609d67c20e3022bb0b76aad27285c8854a1689eead686da7,60.1538,24.95595,0000000038bf9618,25.36
139,2019-08-01T13:06:00Z,4daa4f7292ab15dfb820a7a0573a07d440c435ca9a5e11b751bc0c35,60.17065,24.93641,000000000f4919c9,13.75
140,2019-08-01T13:06:00Z,4dd27899b03d14e742f27a39f102974cf1d06ac81bb4d4833172151d,60.17918,24.95141,00000000675d5200,16.1
141,2019-08-01T13:06:00Z,4f39351fff400d676a01fad62645f838a0dcb785265d8e31c2b35f33,60.17065,24.93641,000000000f4919c9,29.32
142,2019-08-01T13:06:00Z,4f4419695ebdeea23f637d7a2035764532f3d0c058d33f1ea65e465a,60.16829,24.94214,00000000afef4555,11.7
143,2019-08-01T13:06:00Z,4f6530a9b8ca6b5ba71db2105b7962ff87bf9eb6cf80a6b8f7802682,60.16829,24.94214,00000000afef4555,13.75
144,2019-08-01T13:06:00Z,50b6957615cd54815ad42bc562252fd517c26091bd6f7e34c59b9bf6,60.16829,24.94214,00000000afef4555,7.69
145,2019-08-01T13:06:00Z,50cc797d74e0f3e63892068e329cf48fd7fb0d7d49875cbe460eac55,60.16897,24.95222,00000000aa852af1,9.92
146,2019-08-01T13:06:00Z,50d354b3ece16c2a4fff3184e6318bb9665c7d5a68cd2704b0e47687,60.16829,24.94214,00000000afef4555,18.79
147,2019-08-01T13:06:00Z,51aaf5d89671302b2a9dbb5a8949051d0cb98a346698a86e94025903,60.16762,24.95415,000000006b44cce7,13.75
148,2019-08-01T13:06:00Z,51ba1b244f729476a4c3e63345ea2851df4dbf32026712cf0b00792a,60.16762,24.95415,000000006b44cce7,12.69
149,2019-08-01T13:06:00Z,533f9f7fffc3ae2366695bb54fd56fffb25305b6cdf93221d1df018f,60.17918,24.95141,00000000675d5200,6.46
150,2019-08-01T13:06:00Z,53c3e459e06cf1f7c1378904e55347c534405b97b7e234966de8045b,60.16762,24.95415,000000006b44cce7,8.38
151,2019-08-01T13:06:00Z,53f86e370d80a99924d1f89428b06a844f1bb79312d76106b38060d9,60.16897,24.95222,00000000aa852af1,18.79
152,2019-08-01T13:06:00Z,5486e236cc629d38de2684d664cdede3499be3c0e8298d39064a78fb,60.16829,24.94214,00000000afef4555,8.38
153,2019-08-01T13:06:00Z,548819ff522bb37ce61628b6598b371e0b395d6db83202ef6fd9d1c8,60.16829,24.94214,00000000afef4555,17.4
154,2019-08-01T13:06:00Z,555c23897c259ebbc9cb3d29c2bb0f8161784fb3673124c8c4494fc9,60.14951,24.92138,0000000006dd41f6,21.87
155,2019-08-01T13:06:00Z,555d7cb049fc3c6b8f23c753b9289237848aea8b004a1441d0925706,60.16075,24.95883,00000000f1124bca,25.36
156,2019-08-01T13:06:00Z,565e3a4cd07a0a684c32c679549e574954f5dceb828495e922ada0e9,60.1638,24.96846,00000000d747f075,9.12
157,2019-08-01T13:06:00Z,5685b8076fad0c5f578fd09a0916ff193bd2e2a03724a697003ff80d,60.17918,24.95141,00000000675d5200,12.69
158,2019-08-01T13:06:00Z,57ac81b6a627adff6d15ab4f5f76669c84ca03d6318ea7054e980630,60.16829,24.94214,00000000afef4555,4.94
159,2019-08-01T13:06:00Z,584743ec67ad39bc24ae9f306653efa427056434479c3307f24372ff,60.16531,24.9442,00000000fdda10fe,13.75
160,2019-08-01T13:06:00Z,584cb0b0cdd14e608c8b57c8aecc9826f9b40027e365e2438a444ea2,60.16762,24.95415,000000006b44cce7,12.69
161,2019-08-01T13:06:00Z,588bab2b89ee2f726d52d0092258d5502f4b83254fc5d9f521b45a55,60.16762,24.95415,000000006b44cce7,7.69
162,2019-08-01T13:06:00Z,58aa6a391a61460b1bc0d5805c5bef3516cf5f66dc0f680e78ad35df,60.149,24.9843,00000000fffb8cf0,3.74
163,2019-08-01T13:06:00Z,593d4e5ddd275f2e8b5f39c2d1bfe00a6107cca17163eb3dc2e755c0,60.17002,24.94407,000000006b087f40,12.69
164,2019-08-01T13:06:00Z,59657bd7712f48f8a84cc3e9ab039b19c7ca2569483e8253a014005c,60.15432,24.9211,0000000019fb59c4,12.69
165,2019-08-01T13:06:00Z,5dd95ea62b2967f1080b6d54110ee8a35ace3a7d70ea236aec9edb61,60.1538,24.95595,0000000038bf9618,18.79
166,2019-08-01T13:06:00Z,5e1e9909fd4d0230ea2241b03528a638a46bbfe97aa69a323fe95d7f,60.16762,24.95415,000000006b44cce7,7.05
167,2019-08-01T13:06:00Z,5e6934a7e5fbb6d4768eff5073a7538588f884b228a8ba08773fc6df,60.18203,24.91341,00000000342570c2,14.89
168,2019-08-01T13:06:00Z,5f64d085f8f76a4ebad94e8338ef890b0227b7a4dfad5e06dac4b178,60.16531,24.9442,00000000fdda10fe,5.91
169,2019-08-01T13:06:00Z,5f98449a4c233fb432897ed86ee136a13d24fbb4fc1222c79533b469,60.16629,24.95957,00000000fb7600be,21.87
170,2019-08-01T13:06:00Z,5fb3577b5225100c473fff61d1217df59b496e7fee7a821e7b02ba7c,60.16762,24.95415,000000006b44cce7,14.89
171,2019-08-01T13:06:00Z,601728828f25dd384ea89cba48eb68f8304b8868980f10a353da5546,60.1538,24.95595,0000000038bf9618,5.91
172,2019-08-01T13:06:00Z,60234ee23016efd8cdee87f5017e489879f07558a530e41e5bef87b0,60.173,24.92524,0000000096918cfa,9.12
173,2019-08-01T13:06:00Z,609aa4a3e5185bcb58e6f990ac5fdaa0f02895cff9217ac89b5d94ef,60.16829,24.94214,00000000afef4555,9.12
174,2019-08-01T13:06:00Z,60c073c8ecc12c13420ea827026cccce4d43176ce18940a10399d892,60.16829,24.94214,00000000afef4555,9.92
175,2019-08-01T13:06:00Z,616757e1a5e169253cd7a1c2e17236abc2ab7e1681801730cfc3e578,60.16075,24.95883,00000000f1124bca,18.79
176,2019-08-01T13:06:00Z,63182e1bc0c4c8269c8f3df7fb35e25325e245b2b3a1d14115591990,60.18203,24.91341,00000000342570c2,17.4
177,2019-08-01T13:06:00Z,638aaa2492fa988474692c3e14f087e8f5fbd3aa6430c32364ac20e6,60.17919,24.95181,000000007b5207b6,17.4
178,2019-08-01T13:06:00Z,65c359ab6556c2a4ac9982d844eb01ee0e83209528f095dfa0e8f61b,60.16762,24.95415,000000006b44cce7,4.11
179,2019-08-01T13:06:00Z,65ec990dc2dd5b6e91c39fa2ca0608161e944d3bcc7a14bbc69a9784,60.16531,24.9442,00000000fdda10fe,8.38
180,2019-08-01T13:06:00Z,663c4caec4af5ef2ff3c97f8c27568c4717dfc9f8d9641f686452964,60.16762,24.95415,000000006b44cce7,17.4
181,2019-08-01T13:06:00Z,669a89cf0f36be21efb4fd3c4834c07b4f7fa18c5ae511287b6f9325,60.16897,24.95222,00000000aa852af1,25.36
182,2019-08-01T13:06:00Z,673d20196be239678383a530eec2668a54af037c44aabe905dd35fc6,60.17065,24.93641,000000000f4919c9,23.56
183,2019-08-01T13:06:00Z,67592551dacd27d3a7786b78fd138a2d14690eace60f86102a975cef,60.16762,24.95415,000000006b44cce7,13.75
184,2019-08-01T13:06:00Z,67729984749a16a2633daeb05e50f1bc1f503d2278581c89566f7496,60.17065,24.93641,000000000f4919c9,31.5
185,2019-08-01T13:06:00Z,67a181d47da87f3970b32255a1656e6d70aeaa3179621844880e6a09,60.16762,24.95415,000000006b44cce7,7.05
186,2019-08-01T13:06:00Z,6a4a97e3104d97e48d9fc1c9cc0bb74b008a975a252046989c52a26d,60.16075,24.95883,00000000f1124bca,17.4
187,2019-08-01T13:06:00Z,6a5251e632826a1d7aa697a37614134644f31b4d4686d04ef8e275e3,60.16829,24.94214,00000000afef4555,16.1
188,2019-08-01T13:06:00Z,6a691a30a198f49d25b7de655d18d5ae7bdb3813224dfe793f70759f,60.17002,24.94407,000000006b087f40,23.56
189,2019-08-01T13:06:00Z,6a9d45fc333248e9dedac23a1baaa8397f9332bc84294fdf32a385c1,60.16762,24.95415,000000006b44cce7,7.69
190,2019-08-01T13:06:00Z,6af804396061cbaaf45d020ca042b242ecd949271b08800e2b67ceed,60.14951,24.92138,0000000006dd41f6,18.79
191,2019-08-01T13:06:00Z,6b3cf02e733210d23caff48f98284e05485cb77e851a30c88138495d,60.16762,24.95415,000000006b44cce7,18.79
192,2019-08-01T13:06:00Z,6b4393cc843576259c2450f879aa482eb48ca9b5fc9c62742f70b5e9,60.16531,24.9442,00000000fdda10fe,25.36
193,2019-08-01T13:06:00Z,6ba82732c3c4e373f4b3ff24208452e1a9cf16c66c192c4ca2685340,60.16897,24.95222,00000000aa852af1,18.79
194,2019-08-01T13:06:00Z,6c2f12b4b733dac90b8d8ebc6eac084164f610a85b4f3ea3012610c6,60.1538,24.95595,0000000038bf9618,21.87
195,2019-08-01T13:06:00Z,6c5cf0623c263b5fd4d27f7b2b8bc38b5e13f0659dc12875b276b62b,60.16448,24.97323,0000000053c6c2be,14.89
196,2019-08-01T13:06:00Z,6c6b23d312babc65e4cf7ab9296d797fb3a0b9c163bd3961965eec40,60.18203,24.91341,00000000342570c2,17.4
197,2019-08-01T13:06:00Z,6d8742f1c3dc84be530ce11d25fb80a809f37a9c3806bef7d23b7776,60.16762,24.95415,000000006b44cce7,7.05
198,2019-08-01T13:06:00Z,6db64ba12090998e6532edae4355d140d254cfdac9c365fba4cfed4b,60.17918,24.95141,00000000675d5200,11.7
199,2019-08-01T13:06:00Z,6edeb15731fd5f17a3ce53d13b4d78e5c46e6ed24633f0e536230abc,60.16075,24.95883,00000000f1124bca,4.94
200,2019-08-01T13:06:00Z,6f594b18e91aa80e00c1886d31d1361cad9b7b037d0ec9ee1c3fcf62,60.17065,24.93641,000000000f4919c9,21.87
201,2019-08-01T13:06:00Z,6f657d737e1e77462dbafc87fa191e37a7b38c9908e13ccece66847f,60.16075,24.95883,00000000f1124bca,17.4
202,2019-08-01T13:06:00Z,6fedb87a7e19bccb889a36cee89df2168fe256a47041932f3a375771,60.16762,24.95415,000000006b44cce7,9.92
203,2019-08-01T13:06:00Z,70e67101baaf5ab0f228b1bab452ac79ea497539440a4cfebecc6604,60.17918,24.95141,00000000675d5200,14.89
204,2019-08-01T13:06:00Z,712de70d145f03980a0b509a9c477635dbc91abe9fc5897659a6a951,60.16829,24.94214,00000000afef4555,13.75
205,2019-08-01T13:06:00Z,71bad1d2eb94599e31c1135f249534b8e463de15efc574e7a458520d,60.16762,24.95415,000000006b44cce7,4.94
206,2019-08-01T13:06:00Z,72acaef575f272cf7d68ada7d1a2763657f6ab76010d981a5a2b3582,60.18203,24.91341,00000000342570c2,13.75
207,2019-08-01T13:06:00Z,72ada64a130204eb2ec072cdc4e4daf4d1efb4da7f01c34560b9775c,60.16448,24.97323,0000000053c6c2be,21.87
208,2019-08-01T13:06:00Z,733a5326ee6c927c6f5f88e6a89e899bae2f9f1899d0f8b4105aeed6,60.17065,24.93641,000000000f4919c9,20.28
209,2019-08-01T13:06:00Z,754d6df12233aa6547c17e92f1dd857b3bf1ee485f17a760cfe20754,60.16762,24.95415,000000006b44cce7,3.74
210,2019-08-01T13:06:00Z,767222f204ff9793879986d127a07e1086b75a0a610471fc590c6e6f,60.14947,24.91438,000000004ef3150d,21.87
211,2019-08-01T13:06:00Z,76b9e2ab98cb5ebf504d9320ede0c8492d5fedb0cb2e4afc72658d86,60.149,24.9843,00000000fffb8cf0,21.87
212,2019-08-01T13:06:00Z,7805a44b0c4d7699c5478c92f861dad5003cd99e4802d70d5dc34617,60.18203,24.91341,00000000342570c2,23.56
213,2019-08-01T13:06:00Z,782f7631549523635280add8c9971d502b45e2e2884b8d819c529273,60.16897,24.95222,00000000aa852af1,13.75
214,2019-08-01T13:06:00Z,7855817719048ab66e35b827e70d1736b982a11e58130c97f3ebfb9b,60.16762,24.95415,000000006b44cce7,10.78
215,2019-08-01T13:06:00Z,78ecdd81f01b070962b75f73a88286988428a7c9dba68d2231198044,60.18203,24.91341,00000000342570c2,25.36
216,2019-08-01T13:06:00Z,79f5e68ff69ca0664470e324379b8ba4d86529530b003dec1d790508,60.14947,24.91438,000000004ef3150d,20.28
217,2019-08-01T13:06:00Z,7a0f1fa03d9e23fcbc3743feb9021e24e689d671f8fcb45790d14319,60.16829,24.94214,00000000afef4555,23.56
218,2019-08-01T13:06:00Z,7a34bda135d457e83031cc3aea62e4e789e0e2d0e19ba88108b15ea2,60.16531,24.9442,00000000fdda10fe,21.87
219,2019-08-01T13:06:00Z,7ab48526a33d968ea2f8c81e0411b98ed66638ba288e2c054fcc57f5,60.14699,24.922,00000000a53ed894,31.5
220,2019-08-01T13:06:00Z,7adaa1fdf47f34c534650dd43658f456a7ce4d1f6b1e3011193ef75a,60.16897,24.95222,00000000aa852af1,25.36
221,2019-08-01T13:06:00Z,7b40561de477b162c0d2dd4904e6857a3d76fc90dac7627b3b988ff9,60.16829,24.94214,00000000afef4555,8.38
222,2019-08-01T13:06:00Z,7bbda35a7b086a7e795c4023c6b82b315857c462f381abcd705f59c5,60.16897,24.95222,00000000aa852af1,2.54
223,2019-08-01T13:06:00Z,7c3e127afa2cbaeb8c9293d0337826b2643832be5732284d9fe2a8d5,60.1638,24.96846,00000000d747f075,16.1
224,2019-08-01T13:06:00Z,7ca8128f60e24bc9bdce1b5e17e41179abc611ebe13e14c6fb2dbcff,60.18203,24.91341,00000000342570c2,17.4
225,2019-08-01T13:06:00Z,7d290d49bb75e54e452a4e16b39c840f0f49208530fddd773e38fd8a,60.173,24.92524,0000000096918cfa,13.75
226,2019-08-01T13:06:00Z,7e73607ce1e60086f5ae180ccbc8fb7649adc7a052340ddf5dd808a5,60.16897,24.95222,00000000aa852af1,9.92
227,2019-08-01T13:06:00Z,8085cbfb6cfb388bf34ca260342a912245d8ac13274a0c9d38544df7,60.16762,24.95415,000000006b44cce7,5.41
228,2019-08-01T13:06:00Z,81634c45c4479dbfabbf0d699c9d1017a053dd2f11d2269ef98805d4,60.16897,24.95222,00000000aa852af1,23.56
229,2019-08-01T13:06:00Z,81e97afeee93e0d8cb0ea39f3f137f77f97e73fb48cd48d7c88ae483,60.17919,24.95181,000000007b5207b6,12.69
230,2019-08-01T13:06:00Z,82d5466e2c78086c4e4059d4ff21e6fcd8d4817cd56f3673ba6eb69d,60.16762,24.95415,000000006b44cce7,12.69
231,2019-08-01T13:06:00Z,82f86cdbafd473cbc20d7d7c1aae705ac06a5dbbd0cdb54f8dbee0ac,60.16829,24.94214,00000000afef4555,11.7
232,2019-08-01T13:06:00Z,8313d956350f80e947ad5135b0cdca6070b77c3195e04c344f03d8a2,60.14947,24.91438,000000004ef3150d,7.69
233,2019-08-01T13:06:00Z,83444dd6e41efa02e946b4649d3ef7d774878ba381ed9cb407cb2464,60.17918,24.95141,00000000675d5200,3.09
234,2019-08-01T13:06:00Z,83cac0eab8c9e2177837555979cd919f17925e9a831e2a2099a0288d,60.16075,24.95883,00000000f1124bca,23.56
235,2019-08-01T13:06:00Z,84a41d38991a09aa021b34ba8592b6ac09a3652e7e712ec9da0fd293,60.16629,24.95957,00000000fb7600be,12.69
236,2019-08-01T13:06:00Z,877886bd0b11ab7e867147afafe85c14931f82f3ee983b6b59735f85,60.16629,24.95957,00000000fb7600be,12.69
237,2019-08-01T13:06:00Z,87793c3dbad6932bfc62d4c670420650a7e2d7dcbda6eeb6e6187826,60.17918,24.95141,00000000675d5200,16.1
238,2019-08-01T13:06:00Z,8888734daccc02e85cd901d76b78d4562d7856a97587886f064ef2b9,60.16075,24.95883,00000000f1124bca,17.4
239,2019-08-01T13:06:00Z,889846133b7e722da091d3aeae90d3ee4cb59c2a60a8b7d5b1e58887,60.16829,24.94214,00000000afef4555,21.87
240,2019-08-01T13:06:00Z,8983a364b03408fe525cbb48c1b28dd5acfa8363f961fc5af95350e8,60.16829,24.94214,00000000afef4555,12.69
241,2019-08-01T13:06:00Z,8a10d98d444eaad26bb529c872768c1a54996345699c582291976791,60.16531,24.9442,00000000fdda10fe,23.56
242,2019-08-01T13:06:00Z,8a1285980fc2189ed7d4017f43d475567c664016e768bb144a06be8c,60.16829,24.94214,00000000afef4555,25.36
243,2019-08-01T13:06:00Z,8be2e96618ad14a66e3e2c2aacabbe1c6c6fd22d890917cb193a3c94,60.15432,24.9211,0000000019fb59c4,2.3
244,2019-08-01T13:06:00Z,8ca9a5a3022e9e746010ab9eaee513a3e61930ff6068b59a5a849c30,60.16829,24.94214,00000000afef4555,27.28
245,2019-08-01T13:06:00Z,8d840b46195d8e883688007ea17fc354383ac0bdb4fb66825a63d6ac,60.15432,24.9211,0000000019fb59c4,2.08
246,2019-08-01T13:06:00Z,8e090075e2874a62ce99d18b634717a573839664e35355b345d88cc0,60.16829,24.94214,00000000afef4555,16.1
247,2019-08-01T13:06:00Z,8ead00a5d1e7d874261607aaea36e002e7382e8a73761256bb39e12c,60.149,24.9843,00000000fffb8cf0,18.79
248,2019-08-01T13:06:00Z,8f089f472fdd96ec66c3f49512a354e704a53d63ab46e025533aae65,60.14951,24.92138,0000000006dd41f6,17.4
249,2019-08-01T13:06:00Z,8f892c65ea58e51a01c5dbce012e7c23275e1b3a4014186f67bc2252,60.16762,24.95415,000000006b44cce7,4.94
250,2019-08-01T13:06:00Z,8fcf0f3bcef88511c3386998ba149b05f9e246991ced3c40c57fd404,60.16897,24.95222,00000000aa852af1,21.87
251,2019-08-01T13:06:00Z,9020318192bf6198400432a9008f9f316bf889452d16d6910d22dd31,60.16448,24.97323,0000000053c6c2be,6.46
252,2019-08-01T13:06:00Z,919884c7f59c9ebc5eea530eea662c0f8bdf314e4a994e8696234bd4,60.16629,24.95957,00000000fb7600be,17.4
253,2019-08-01T13:06:00Z,91a7aea713875a38d25f8caf363252f080434d1674f5bf9e7fae7d9f,60.173,24.92524,0000000096918cfa,18.79
254,2019-08-01T13:06:00Z,91f0bed0078f0296b8d9bfa041709f349cca5ef5c47f62fc2c818e3f,60.15432,24.9211,0000000019fb59c4,7.05
255,2019-08-01T13:06:00Z,91f4f930522e50527b1b9e12af1a415a3c5df9608329d8d521b726bd,60.16629,24.95957,00000000fb7600be,18.79
256,2019-08-01T13:06:00Z,929a4dabd596b680edcd2e14fd54de40868107c98001b91a5fee619b,60.16762,24.95415,000000006b44cce7,12.69
257,2019-08-01T13:06:00Z,9390866d2404ae5ae3181e0499797ac772417ece1c4e18286ef6df8b,60.16075,24.95883,00000000f1124bca,9.92
258,2019-08-01T13:06:00Z,93f445a675d6ef6bf590e730a16c16056dfbc4cc84879c9eec14c5cb,60.17918,24.95141,00000000675d5200,12.69
259,2019-08-01T13:06:00Z,93f4af8f5505aa599f665fa4765b0a23150dfc5e7b23eb9431551599,60.16075,24.95883,00000000f1124bca,7.69
260,2019-08-01T13:06:00Z,94756793aa48b392ed9920f4fbe2e6e4036aaec6ee9bfba94a4db54c,60.16448,24.97323,0000000053c6c2be,18.79
261,2019-08-01T13:06:00Z,9537f03edc67402c65554e856ba0e39bbb5f28f6fb6c7ca07d01b0be,60.17002,24.94407,000000006b087f40,14.89
262,2019-08-01T13:06:00Z,955fae910b929a9d2d755322581045aec4ff28c315f7006a1cbe5326,60.16829,24.94214,00000000afef4555,9.12
263,2019-08-01T13:06:00Z,95df839f7c4ab4371efbe4f103f440b1a8f25452663fbf66c3b2f242,60.16531,24.9442,00000000fdda10fe,3.09
264,2019-08-01T13:06:00Z,982e52a9d9936f737bf6f1c63f77c39daf770fcfb9cd48afa3d55401,60.14699,24.922,00000000a53ed894,21.87
265,2019-08-01T13:06:00Z,987e8fadf4d3ea48ee5cb850dbe9097b73ca1113d92d25f3e5eb53bb,60.16762,24.95415,000000006b44cce7,5.91
266,2019-08-01T13:06:00Z,99309f4f5ba07ce7ff4a7f93fad664c6a686b0013f0dadec704ea16c,60.16762,24.95415,000000006b44cce7,9.12
267,2019-08-01T13:06:00Z,994c65b8cea99405d64da1bd9dffdfb659aeffd73c10d9afb49fd67b,60.16762,24.95415,000000006b44cce7,14.89
268,2019-08-01T13:06:00Z,99a026b5100e23129fa529e9a57a3dbc8490dc03b58f2193f03e2dcf,60.14951,24.92138,0000000006dd41f6,5.91
269,2019-08-01T13:06:00Z,99aca08d5b6bdd50d95a589bbfc64f266c79c51f25fc2e296e9f8885,60.17065,24.93641,000000000f4919c9,10.78
270,2019-08-01T13:06:00Z,99b968d11c3f159876c44e4ed51e2a17020d78dfd03fc6f60910e159,60.16829,24.94214,00000000afef4555,13.75
271,2019-08-01T13:06:00Z,9a86e210b41d4dc5fcc1282dde294d196805c73eb41d320cb39ce615,60.17065,24.93641,000000000f4919c9,16.1
272,2019-08-01T13:06:00Z,9ac4f6d3bdc817fee67b2b3309c98b87b1b0bb2a59d721afc6db1a74,60.16075,24.95883,00000000f1124bca,23.56
273,2019-08-01T13:06:00Z,9bb8b30c82039aeb4b1f1f1fa2b03203d312f9f1a3944b5107c0a62f,60.149,24.9843,00000000fffb8cf0,25.36
274,2019-08-01T13:06:00Z,9bd55e2b8507eb88f7d3b6f4a56d0669976ab8846dcb2df9d3446bfa,60.16762,24.95415,000000006b44cce7,4.11
275,2019-08-01T13:06:00Z,9bee36a68decd34242e32a605765e375ba6751420880cc2bbeaca5a6,60.16531,24.9442,00000000fdda10fe,17.4
276,2019-08-01T13:06:00Z,9bf69dcb5e67dd1a1a2b7ac0f180352f1d83931079dfbba8f311ccf5,60.16762,24.95415,000000006b44cce7,4.11
277,2019-08-01T13:06:00Z,9c05156812773576481c2a9c7c7c28ba4331e6efdcaaeb8394cdcff2,60.16762,24.95415,000000006b44cce7,3.74
278,2019-08-01T13:06:00Z,9c94c6e4e251e3cb754ac1e15bceb377c5bd6c19c3edbd4b18eed4ec,60.16629,24.95957,00000000fb7600be,29.32
279,2019-08-01T13:06:00Z,9d29cf5a8823f48725569b858843fdffd482f6660d3de8f02ac037f9,60.16829,24.94214,00000000afef4555,33.81
280,2019-08-01T13:06:00Z,9dcd512bbf5a7dd4849b5f495ce49c951e724a1cd224ababe64f2aca,60.16075,24.95883,00000000f1124bca,13.75
281,2019-08-01T13:06:00Z,9edd49ded2de04b2fb5236ff9c4a961adecd4834d706369b4f4b1666,60.16829,24.94214,00000000afef4555,41.64
282,2019-08-01T13:06:00Z,9f43ce22c00f543a190b83edeaad8f73e1411e3f0696c4f9386eadef,60.16829,24.94214,00000000afef4555,20.28
283,2019-08-01T13:06:00Z,9fcf29e2f7143c8c29761956e7cd228a3271251d29089a3fd61a21e6,60.16075,24.95883,00000000f1124bca,25.36
284,2019-08-01T13:06:00Z,a0354ffca4e982de4f020e82d97b93851cbc9197b2db17036a8b933d,60.16075,24.95883,00000000f1124bca,17.4
285,2019-08-01T13:06:00Z,a04dd0e194624da54761eb22fdcbfeccde3361a164b53c65141cde7c,60.17918,24.95141,00000000675d5200,14.89
286,2019-08-01T13:06:00Z,a0588e18c20a7428077547b26965e07d8982b64148aa8f30aa87912a,60.16762,24.95415,000000006b44cce7,5.41
287,2019-08-01T13:06:00Z,a20e7618de0c65dbc991651ea0eac93e321d9e251324ae55037ff020,60.17002,24.94407,000000006b087f40,20.28
288,2019-08-01T13:06:00Z,a36f47887ad578d926301eff3dba7f146fea09fb1d54ea3d65e8ba4d,60.16075,24.95883,00000000f1124bca,7.69
289,2019-08-01T13:06:00Z,a37e8b2c2433a70549b4750feeb73a3953a0e24fa752b0c83d846c6f,60.16448,24.97323,0000000053c6c2be,18.79
290,2019-08-01T13:06:00Z,a3b7bbbbf59bd48614b8d48126d49a6eadab5294a7b8f1c01ecc6ff0,60.17918,24.95141,00000000675d5200,10.78
291,2019-08-01T13:06:00Z,a447c3fdb0cf6755664f45eec130d5e310335ff281de58e90801582b,60.16829,24.94214,00000000afef4555,5.41
292,2019-08-01T13:06:00Z,a45c4e74602e43877e1918e85048266311b1a5c87f8936f06139545b,60.16762,24.95415,000000006b44cce7,4.94
293,2019-08-01T13:06:00Z,a498ef13ca820cb42895235e8330177a1fac8b75d115950f9efcc2b8,60.18203,24.91341,00000000342570c2,18.79
294,2019-08-01T13:06:00Z,a4c3430faaa13ef72fd53a6afba9a333ec4c9d092d1124f6e9b68bb3,60.16829,24.94214,00000000afef4555,9.12
295,2019-08-01T13:06:00Z,a5e7936baa65fd5972819f2376ea8b28a881ec71f763f8f0f0994f43,60.15432,24.9211,0000000019fb59c4,5.41
296,2019-08-01T13:06:00Z,a6c1cae1f00b4b1dd8634c5b7b70cfa97422fd55128364adc677d706,60.16075,24.95883,00000000f1124bca,16.1
297,2019-08-01T13:06:00Z,a8222cb5818f43c542ad7c16037046ea6fda2ca54a9dbe8c84f489ac,60.17002,24.94407,000000006b087f40,12.69
298,2019-08-01T13:06:00Z,a9492d58c2aa5eb83e8cec2756fd5f01ab3d4833f5eaf37a6b403efb,60.16075,24.95883,00000000f1124bca,6.46
299,2019-08-01T13:06:00Z,a9ee2aabbd32919adf0325ca2f2c5f8e0ba801bc168e8756cda957da,60.16629,24.95957,00000000fb7600be,33.81
300,2019-08-01T13:06:00Z,abcc0c5456916a29e589c49ef93456d61dd8e16527c9ba3cb9e6213f,60.16897,24.95222,00000000aa852af1,25.36
301,2019-08-01T13:06:00Z,ac521e06905677fa9228f7fe41b4bdc2e0b2645f9a632638b4214bac,60.173,24.92524,0000000096918cfa,2.54
302,2019-08-01T13:06:00Z,ac6a42c32e2c6c1e8e28c98bb26275bc58c266e9480b9a2c97e81881,60.16531,24.9442,00000000fdda10fe,12.69
303,2019-08-01T13:06:00Z,ac79f7015d803ece658fce3ca4ac2af07dddfcc84404cde4a5315412,60.17065,24.93641,000000000f4919c9,0.28
304,2019-08-01T13:06:00Z,ad0e7dfab0c5e6ee3d125f271186e7a890adee947de0cdae347d7b08,60.16531,24.9442,00000000fdda10fe,5.91
305,2019-08-01T13:06:00Z,ae2206a286e87c54b264acfb192eb142dd007f53da8571cf8121b51c,60.16544,24.95398,0000000038d83d41,31.5
306,2019-08-01T13:06:00Z,ae62789788042b18a34084615a4afb15171147c188b71a141e9d820f,60.17065,24.93641,000000000f4919c9,33.81
307,2019-08-01T13:06:00Z,afa44b33453142e34d8067ff5e6f943a8b9061f05e47d3fdbadc4bf5,60.17918,24.95141,00000000675d5200,9.92
308,2019-08-01T13:06:00Z,aff525e81d149816961214a12792ca0228df88b19b41d263d2b01f84,60.16829,24.94214,00000000afef4555,10.78
309,2019-08-01T13:06:00Z,b01d3c526317f0d7000d20bfd2cffb4d818290948739b0d50be3aad1,60.16075,24.95883,00000000f1124bca,10.78
310,2019-08-01T13:06:00Z,b2da35fa72cfe80b0abe00e41431ea7560d7e279579ac3d966cffa27,60.17002,24.94407,000000006b087f40,12.69
311,2019-08-01T13:06:00Z,b3725891be058b4bf402a5cb4a9a349492955e85aac755743cf1d1e9,60.16075,24.95883,00000000f1124bca,4.94
312,2019-08-01T13:06:00Z,b42d164416373fc3a3087c22f2cb547bdbd496340b304277399e7e77,60.16448,24.97323,0000000053c6c2be,13.75
313,2019-08-01T13:06:00Z,b46ebefa5a00bc4c7c9df9509640a7fe2c2228c410f001bde91f2406,60.1638,24.96846,00000000d747f075,14.89
314,2019-08-01T13:06:00Z,b475530fc8adbf9a2f480b88d9163f4c0754c6abd3ee02fecc7ef5a9,60.173,24.92524,0000000096918cfa,18.79
315,2019-08-01T13:06:00Z,b5d53c6301bd8595654bc1d47918d989aabd5c6131a65c54ed2be65a,60.17065,24.93641,000000000f4919c9,13.75
316,2019-08-01T13:06:00Z,b71e3a5fa31cd62a2ab810acb40bf6ccf35362deea8962bffa6ac28f,60.16829,24.94214,00000000afef4555,7.69
317,2019-08-01T13:06:00Z,b74f66ed140a154a1ba83b29a69765f314c9d8b0a0411a4803505117,60.16897,24.95222,00000000aa852af1,25.36
318,2019-08-01T13:06:00Z,b77bbbdea84ef50ec4eea60a628252385e7682debd12404d45d28ec8,60.16629,24.95957,00000000fb7600be,18.79
319,2019-08-01T13:06:00Z,b78acdbb7e7d850f4562ff4e800f0fad7f0f533091672bedf9b42e81,60.15133,24.92329,00000000e8a064a4,23.56
320,2019-08-01T13:06:00Z,b93b95725acdad7b3dc178b57b4a8ace98dd52b5720a3fca9f4afb9b,60.14699,24.922,00000000a53ed894,25.36
321,2019-08-01T13:06:00Z,b944231c6c790fd0983d0c0ded56e39d0d6f726beb59cb464c70134d,60.16075,24.95883,00000000f1124bca,11.7
322,2019-08-01T13:06:00Z,b9b5a2e607705a13765de95357f6bfa941f2bfa3777f85be6cf79649,60.17919,24.95181,000000007b5207b6,21.87
323,2019-08-01T13:06:00Z,ba4afd3ba64e6be6da5b6432f3423836b7e9cbb74f9daf9dde92f8b1,60.16897,24.95222,00000000aa852af1,16.1
324,2019-08-01T13:06:00Z,bddcfd8f68389da0b5e2de7add708928259510d5281bc690e0268199,60.16829,24.94214,00000000afef4555,7.05
325,2019-08-01T13:06:00Z,be2c1ba1a2dba70d0ba777c50e920d36b2e418a4e1de397ea2666827,60.17918,24.95141,00000000675d5200,11.7
326,2019-08-01T13:06:00Z,be43c1c2e87f391e71f23346685108dc6c7467ba4f3c2ac5cff73e72,60.15432,24.9211,0000000019fb59c4,4.11
