,time,hash,latitude,longitude,serial,distance
0,2019-08-04T08:07:00Z,14c7e1511b70f4dd3359cbece1377aebb4d70531f5489eefe53d7c3c,60.16544,24.95398,0000000038d83d41,21.87
1,2019-08-04T08:07:00Z,165ebbb4090d47319ae370f0d0854fdc1f6b79499f8b2e4d3c3533c0,60.16544,24.95398,0000000038d83d41,29.32
2,2019-08-04T08:07:00Z,1f8e0ffece3e5784bfff2550da4cfe18d0ebf128425315decbb2913b,60.1638,24.96846,00000000d747f075,21.87
3,2019-08-04T08:07:00Z,3944bc7a301be7241d1f7bc4a97f221000d535ce3d8a9af9af9b23b5,60.16531,24.9442,00000000fdda10fe,29.32
4,2019-08-04T08:07:00Z,4e0064938e409ef306a53eb9b7408d13ed566b6c16edce93184feb02,60.17919,24.95181,000000007b5207b6,11.7
5,2019-08-04T08:07:00Z,5bbb5184fded3e51bc78e45e39917794285e6bbc72da404802a9599a,60.16531,24.9442,00000000fdda10fe,27.28
6,2019-08-04T08:07:00Z,5d65719c4cbf045f068d084b72302f447d5fd034413d97d13be00d0e,60.18203,24.91341,00000000342570c2,21.87
7,2019-08-04T08:07:00Z,5eed115a984d490b02b602d73787aee8dc8c4e9365b77fbff3818a76,60.16629,24.95957,00000000fb7600be,17.4
8,2019-08-04T08:07:00Z,6a70e2fbced719333e21eff04fcb9cb36bae9a04d1a3d6ddd96f2c58,60.15432,24.9211,0000000019fb59c4,18.79
9,2019-08-04T08:07:00Z,6dfa522a6ac4035ec6cd4366586d43bf050a11306d2e07ed7af22f9c,60.17918,24.95141,00000000675d5200,3.4
10,2019-08-04T08:07:00Z,6ff437688c444238352c28f64f9d2a7d0f14d19c9ea42c225380501e,60.16762,24.95415,000000006b44cce7,23.56
11,2019-08-04T08:07:00Z,87dfaad29a9276ddddb1fa021d3bc23ad14824c1af16f7d87e713689,60.14951,24.92138,0000000006dd41f6,11.7
12,2019-08-04T08:07:00Z,89982a6acf91b79a282a6b63978e946ee205f303fcd20e944e06baf0,60.16544,24.95398,0000000038d83d41,18.79
13,2019-08-04T08:07:00Z,9843c6216661048343a0e49cf3d8aa2883cf77f452666a1c873a1052,60.16448,24.97323,0000000053c6c2be,12.69
14,2019-08-04T08:07:00Z,99e2e374006ef5e33260626b9ce7146f90689eab11436fee95e12f96,60.16075,24.95883,00000000f1124bca,9.92
15,2019-08-04T08:07:00Z,9bc8068948a5b881e1bded553efe012fe129e3e4df62f64a6724917e,60.16829,24.94214,00000000afef4555,23.56
16,2019-08-04T08:07:00Z,9d03d14afa49576281aa26db60e517f7c1ec8aa36f7756959a860a8a,60.16762,24.95415,000000006b44cce7,13.75
17,2019-08-04T08:07:00Z,a4ae919b403f4612d3063796c94ec7d7923a8860e68a7a217745dc41,60.14699,24.922,00000000a53ed894,18.79
18,2019-08-04T08:07:00Z,a91d379a4b57c5df22db0d7a041ff69f657b4b31f28554b1011fc03c,60.16544,24.95398,0000000038d83d41,29.32
19,2019-08-04T08:07:00Z,b4c20e932f0317cbd4dbd1d7a37b44a5db1d3098f60e35f17c5732ef,60.17002,24.94407,000000006b087f40,21.87
20,2019-08-04T08:07:00Z,b5fd6b317890e5ab2d79e2cd1abe61626d45a753c7337d0d40728898,60.16762,24.95415,000000006b44cce7,20.28
21,2019-08-04T08:07:00Z,bb2527b81cce7366ee882365fee842d201a5744916036b841e67d3b3,60.17918,24.95141,00000000675d5200,21.87
22,2019-08-04T08:07:00Z,bca443064699e0ac05c40e587aef06d7fd580817e739133a501490bc,60.14699,24.922,00000000a53ed894,21.87
23,2019-08-04T08:07:00Z,beefc00a44f01af69cdf9b121a53e570dda97e6463eb81b159e9cbd2,60.16762,24.95415,000000006b44cce7,11.7
24,2019-08-04T08:07:00Z,c40c37def6bf11a63a2556519a7c6233fd417cdeea2cf14f28e7c42c,60.16531,24.9442,00000000fdda10fe,20.28
25,2019-08-04T08:07:00Z,cf05623e4d87ce0906c0b0b7dbf53aacc1228016cd27c341228b6e76,60.18203,24.91341,00000000342570c2,18.79
26,2019-08-04T08:07:00Z,f405a7c4a3a4339f8e3f7e552f6492d6eed76f7d08c54943286213de,60.16762,24.95415,000000006b44cce7,13.75
27,2019-08-04T08:07:00Z,fc4f3a44235f1cfc7b53f14ba2da599976a5a0a220d23b852688e485,60.17919,24.95181,000000007b5207b6,8.38
28,2019-08-04T08:07:00Z,0108643fbd765f42d5fc0947a2514f7e6254694a19d44430242683e4,60.16629,24.95957,00000000fb7600be,9.12
29,2019-08-04T08:07:00Z,01137cc11b1b24efb5903c6b8bd523efad4b7c3e2331150b881c61fc,60.17065,24.93641,000000000f4919c9,16.1
30,2019-08-04T08:07:00Z,01306f932f0ea5b447b02b24e9ed218853f376bdcdbbd1841380e7b1,60.17002,24.94407,000000006b087f40,33.81
31,2019-08-04T08:07:00Z,015f4461808380d93c9872b2b7ab4ae7ad27dc7d65976b5650849899,60.16897,24.95222,00000000aa852af1,16.1
32,2019-08-04T08:07:00Z,02b30bd412dbc20bf322fd955f4768e20c5d2dd8ec0aaeedc3ad64f7,60.149,24.9843,00000000fffb8cf0,16.1
33,2019-08-04T08:07:00Z,02cbff2dc63551a14b567bfd621638e38d19bd7911ecb4b83bc822d1,60.16629,24.95957,00000000fb7600be,5.91
34,2019-08-04T08:07:00Z,0303f616cf9bc09ef7e87eacb308b71e61f498a04b7b8a5bba5da19c,60.16544,24.95398,0000000038d83d41,25.36
35,2019-08-04T08:07:00Z,0410d6637252718962f6cb1d93539a8287b61383384f44f4943294b7,60.16629,24.95957,00000000fb7600be,17.4
36,2019-08-04T08:07:00Z,0532e410ff12c9f8d7e0b79102ff9ed326a2201c6abed7b113545814,60.16762,24.95415,000000006b44cce7,12.69
37,2019-08-04T08:07:00Z,05424d93e621a4edbebf7d4f4aef521b0231666c7dd1bded6efc758c,60.14947,24.91438,000000004ef3150d,7.05
38,2019-08-04T08:07:00Z,05f14f2c38d35686ce03e154f3268353b42e15fd5164d605c7f78db7,60.149,24.9843,00000000fffb8cf0,21.87
39,2019-08-04T08:07:00Z,06176997374ed5f414391949cdb906ea264b0f6e572b7d0f144a0688,60.18203,24.91341,00000000342570c2,21.87
40,2019-08-04T08:07:00Z,0d9bb2d904646ec5ff14b3147d286acd4ad1343d6f153c683b11d12d,60.16762,24.95415,000000006b44cce7,5.91
41,2019-08-04T08:07:00Z,0f74d10f77ff6d80a3f55629907426c2718bdfc62402db8af8277dab,60.17002,24.94407,000000006b087f40,17.4
42,2019-08-04T08:07:00Z,10ecd09d6c61a7902f76f2acdd9c2a3bed8b72581a42be6141a4d239,60.14699,24.922,00000000a53ed894,20.28
43,2019-08-04T08:07:00Z,11063146cbb077960f635db26f174ffe359b74994a09faef27a86053,60.16762,24.95415,000000006b44cce7,18.79
44,2019-08-04T08:07:00Z,125c984a9e3a347992f2da816d2756cc56b45ad311daa99db89a37ab,60.16544,24.95398,0000000038d83d41,16.1
45,2019-08-04T08:07:00Z,14c54306250196e9df24bfdecaa38e8fa611e4be80d59f4734e98449,60.16829,24.94214,00000000afef4555,18.79
46,2019-08-04T08:07:00Z,14d6002d0f8970af887496a516aaee5e11dd96358ffed9779433f0b2,60.149,24.9843,00000000fffb8cf0,21.87
47,2019-08-04T08:07:00Z,158847cbe05cdd64beea2ea4df038d13dc6b36b4fb3ce85049e695af,60.17918,24.95141,00000000675d5200,20.28
48,2019-08-04T08:07:00Z,1595c99807b2f8280ea0e8e4224f917b47de6d6d958c774411058b80,60.14699,24.922,00000000a53ed894,8.38
49,2019-08-04T08:07:00Z,15e4a46d4024e3128aee1a09b4e00a1c5422dc9336adea21e98d7f97,60.16897,24.95222,00000000aa852af1,20.28
50,2019-08-04T08:07:00Z,1667250a80930bba73325abe1038a69d9f3e2ebcb3595afe78c90070,60.16762,24.95415,000000006b44cce7,20.28
51,2019-08-04T08:07:00Z,16e261b2f1a4c4e73140e85ba67586d41c43ce92e9e22e7a8deac645,60.17918,24.95141,00000000675d5200,12.69
52,2019-08-04T08:07:00Z,170d30b2253650b70ba1cc3594be53d23816f4a1544bd91c7c2d5d7b,60.16762,24.95415,000000006b44cce7,20.28
53,2019-08-04T08:07:00Z,1873a621a14ed3c1b4f8c0496b47024234e7a9f15700523ff1d68801,60.14699,24.922,00000000a53ed894,8.38
54,2019-08-04T08:07:00Z,18c4d26c2e64c01d3b8ebb729e699ecf19374e709638f2418490a8e7,60.16829,24.94214,00000000afef4555,29.32
55,2019-08-04T08:07:00Z,18dccd55d999ce1cffa2c4cf30cc815abd2944cd039c32b6123308ec,60.17065,24.93641,000000000f4919c9,17.4
56,2019-08-04T08:07:00Z,190d92cac4f7d0d284a37c5f37a3982032fb6d265c079488bd42556e,60.17918,24.95141,00000000675d5200,14.89
57,2019-08-04T08:07:00Z,19aafda6077e2398475086a1024cfe1d051c473c7753bd6319af3b13,60.16762,24.95415,000000006b44cce7,12.69
58,2019-08-04T08:07:00Z,1cdb1a33f1a67a3d840bed2251999140cf1f6cc514fd530daed303c9,60.16897,24.95222,00000000aa852af1,20.28
59,2019-08-04T08:07:00Z,1d2496c90dafce21aa95222055f37fce3a5881648f8df64ee96f3ae0,60.17002,24.94407,000000006b087f40,4.5
60,2019-08-04T08:07:00Z,1d79177fe11572184af7fecfa01581baaa6bb5f367ed7aa1d9d3a489,60.14699,24.922,00000000a53ed894,17.4
61,2019-08-04T08:07:00Z,1e1477cd24e1b5809c6f34c054172776420aa94aaa42186bc2ad3eba,60.16448,24.97323,0000000053c6c2be,10.78
62,2019-08-04T08:07:00Z,1efbde58ce24d4728715b2fee94e044244a95e2fc964cc54f7aca359,60.16762,24.95415,000000006b44cce7,10.78
63,2019-08-04T08:07:00Z,1effa26b44abf403d9c60d379df42b9b9325223ec3bd2a8db4a6fe5f,60.149,24.9843,00000000fffb8cf0,10.78
64,2019-08-04T08:07:00Z,1fa090a01177ba51d7bda5987da93caee9e9faeb840ea2b1395d30f7,60.16629,24.95957,00000000fb7600be,11.7
65,2019-08-04T08:07:00Z,1fe6c0651f8bdfd774aabef32571e8eb7ce43fe6a5b4580ec009c3c8,60.14699,24.922,00000000a53ed894,6.46
66,2019-08-04T08:07:00Z,2061d1c3d2181c0ed3377c691bc3c1ea8ef1d7bfb475405d6eb0911a,60.16448,24.97323,0000000053c6c2be,17.4
67,2019-08-04T08:07:00Z,21048000e51fca94fec1df8ca56a162d9a9ef4e42ac813a51f1b7b89,60.16531,24.9442,00000000fdda10fe,21.87
68,2019-08-04T08:07:00Z,21c48590143946c9345a1e3e0474087fe9caaa6147d89549c9376a48,60.16897,24.95222,00000000aa852af1,18.79
69,2019-08-04T08:07:00Z,22f35844e870a8d86ff72441d6a42dd416ed9a1b3555fccc4ccf7933,60.149,24.9843,00000000fffb8cf0,16.1
70,2019-08-04T08:07:00Z,235390f659850d786bf88ca794b9698779a30f1a1f21a306ddcbe8d6,60.17918,24.95141,00000000675d5200,4.11
71,2019-08-04T08:07:00Z,24dd0bc090b39b10a9f63ee454259c5a5394002842af49d7c8974ac5,60.18203,24.91341,00000000342570c2,20.28
72,2019-08-04T08:07:00Z,25377c01f2ae0c376575b771fa94c91cc80fcda9b1c24b0d5c9bd6d9,60.14699,24.922,00000000a53ed894,16.1
73,2019-08-04T08:07:00Z,28cb3234604cbf89ce78adf5268dcc32466393a5aa502edad9d23f29,60.16829,24.94214,00000000afef4555,9.92
74,2019-08-04T08:07:00Z,2a6f77b9dbdda30002cd56dc38747d0427cb6eaf857919ec788ada94,60.18203,24.91341,00000000342570c2,12.69
75,2019-08-04T08:07:00Z,2b82daddf48068c02c03a77f15c3a194c3021a6045bec221fe7b4647,60.16762,24.95415,000000006b44cce7,11.7
76,2019-08-04T08:07:00Z,2be11c11aeac965bf0aaaaa75c4204ef76054f420b66d73fa5916b4f,60.14699,24.922,00000000a53ed894,12.69
77,2019-08-04T08:07:00Z,2cba9012a0f47a44a191e0dd5df56701251bd9f64571f04fccf7dc79,60.16829,24.94214,00000000afef4555,13.75
78,2019-08-04T08:07:00Z,2d644f457272f331c2e6961d42cd132ce2fbdc6bfdad586aad66bb9c,60.16629,24.95957,00000000fb7600be,12.69
79,2019-08-04T08:07:00Z,2e09fcc07c5939ecc2098a6e01ef49f6b26db745fbdab0bf3555d2eb,60.16829,24.94214,00000000afef4555,17.4
80,2019-08-04T08:07:00Z,2f2d86ef19096e259a2942d55464710318bda8cb5cf46ddcb41c3be7,60.14947,24.91438,000000004ef3150d,13.75
81,2019-08-04T08:07:00Z,2fe2e4165984d7880628aec591ce4747f18947da70312e6afca2946b,60.16897,24.95222,00000000aa852af1,17.4
82,2019-08-04T08:07:00Z,32d4b434fce5b7de56b58294ead0b3a047651db4d6075ab67ae689e1,60.16829,24.94214,00000000afef4555,20.28
83,2019-08-04T08:07:00Z,33172c8ddec0b0f718853110078c522415d9829ff626377a28f2c66f,60.17002,24.94407,000000006b087f40,13.75
84,2019-08-04T08:07:00Z,33d0f2c36355b73c07ce2e770838c9da4123d18726179edb9edd64cb,60.16762,24.95415,000000006b44cce7,14.89
85,2019-08-04T08:07:00Z,3412083e5877e29d3e0b1c8bd08ff34556fc130ef6f0b6390a9cf494,60.149,24.9843,00000000fffb8cf0,12.69
86,2019-08-04T08:07:00Z,3549a944f28300b7e37969b764d5149d1f233ebff9bca7cee54d9a59,60.18203,24.91341,00000000342570c2,29.32
87,2019-08-04T08:07:00Z,3569def7007a07fc7aa80b38b436b986a88166c6aa92c0d5f42292fa,60.14699,24.922,00000000a53ed894,7.69
88,2019-08-04T08:07:00Z,35edebc6c9fde852c917a2eef67a0eed9d32edfd72df11db7643718d,60.14699,24.922,00000000a53ed894,27.28
89,2019-08-04T08:07:00Z,361f937ab1057efd291aadfbf88395a903b0bbcfff8ee3afe1431a31,60.16544,24.95398,0000000038d83d41,29.32
90,2019-08-04T08:07:00Z,393782b4588f92be66a5ff1747a392e8f2cd1e4ab6e31692795001d1,60.16531,24.9442,00000000fdda10fe,20.28
91,2019-08-04T08:07:00Z,3b553ff925121f3ea303fd54b36a7e90f5ec327a06365f95f7dca453,60.16762,24.95415,000000006b44cce7,14.89
92,2019-08-04T08:07:00Z,3bb49dc6c2c92648526c5e35b76856ca46c23060e411fa4256203b77,60.14699,24.922,00000000a53ed894,25.36
93,2019-08-04T08:07:00Z,3bcfbab3a622e92962bc1041ca2b9bc2c6fc4376ee7082fa336a199b,60.17002,24.94407,000000006b087f40,11.7
94,2019-08-04T08:07:00Z,3c588d0746b57c3ffdde7420a795cb480e0582b84247c56dd1978160,60.14699,24.922,00000000a53ed894,20.28
95,2019-08-04T08:07:00Z,3cd37d7a50f872a920af3451ded96b2efd4d8992dea8dac3a11cf7b7,60.14947,24.91438,000000004ef3150d,4.5
96,2019-08-04T08:07:00Z,3e50f674a331b966805d8c95cb57bab8f5dd8038e7f9f19cff803f0b,60.16829,24.94214,00000000afef4555,36.27
97,2019-08-04T08:07:00Z,3ece7c95e6666a1b6b2196c6918d124d05b194df8a393beea897751a,60.1538,24.95595,0000000038bf9618,27.28
98,2019-08-04T08:07:00Z,3fd09bf1ac1a7a8bd8d7873561c1354f5ef38cd7b74356233fbad023,60.16829,24.94214,00000000afef4555,16.1
99,2019-08-04T08:07:00Z,40cc9d83bd5fbde863b582f8e58af022d325899d619db0b632f82fc9,60.16762,24.95415,000000006b44cce7,9.92
100,2019-08-04T08:07:00Z,42f0fcd741b6c48b6d79426a339edf84b33576658b849324486db619,60.17002,24.94407,000000006b087f40,16.1
101,2019-08-04T08:07:00Z,43134cd45b7c45755bfdcf390054ebd857363e78cb5736bef00a9148,60.16762,24.95415,000000006b44cce7,16.1
102,2019-08-04T08:07:00Z,43bc62d88f62b332a6b81373fff8e7cce93a863ffeb431f26eebe547,60.17918,24.95141,00000000675d5200,7.69
103,2019-08-04T08:07:00Z,46fa1b84ab3ff47e0439d7b213056bff82cbd781b514a55a151363a2,60.14951,24.92138,0000000006dd41f6,20.28
104,2019-08-04T08:07:00Z,499d364a53106014ee6f9d37f5608b44ff9cabf99b79b8e2f1a8c3a2,60.16762,24.95415,000000006b44cce7,17.4
105,2019-08-04T08:07:00Z,49a83ddb16d19a155584c9d18bac43702bdeb6c5a88c323ec09bc9b4,60.1638,24.96846,00000000d747f075,21.87
106,2019-08-04T08:07:00Z,49ae1da1960656c27aca42732c5811caf45bdba9aeba4435934cd3f0,60.16448,24.97323,0000000053c6c2be,29.32
107,2019-08-04T08:07:00Z,49dafd172be3f0423c6ad13c3edccfa17a6d9be77c36d52bd0064fd0,60.16897,24.95222,00000000aa852af1,21.87
108,2019-08-04T08:07:00Z,4b6d082014f51f7c57fc235ce80559c95a1210fb73569f49eb815559,60.16829,24.94214,00000000afef4555,4.5
109,2019-08-04T08:07:00Z,4d05435a41896c7f496a9b4f473cc42137793669a72127dfa322693f,60.16448,24.97323,0000000053c6c2be,18.79
110,2019-08-04T08:07:00Z,4e7376a1ccb31a3511539e9a499e84e8d9df151038219871f824e455,60.18203,24.91341,00000000342570c2,12.69
111,2019-08-04T08:07:00Z,4f12f7d458873ed1e5d2356d39ce5eec0c42a06f62411350761ace5b,60.14699,24.922,00000000a53ed894,9.12
112,2019-08-04T08:07:00Z,514511ee4a89419de026e91eb8334db15f66859b205060a5a31fe6c6,60.18203,24.91341,00000000342570c2,25.36
113,2019-08-04T08:07:00Z,522b5fc8e1b259816f44bf2c65301f90cc9a3a7602a2f18c0854e27b,60.18203,24.91341,00000000342570c2,17.4
114,2019-08-04T08:07:00Z,52cb409ce24205d057ab5624759d839c3bd501f925e3b48040d2aced,60.14699,24.922,00000000a53ed894,20.28
115,2019-08-04T08:07:00Z,539fb79d690dabb4e2fb7704224dca1f50377bbb23f617500c702cde,60.16829,24.94214,00000000afef4555,12.69
116,2019-08-04T08:07:00Z,53ec4da9ec51d28d1411bc2f278330fbabbe553eb95d65f1cd2cfdd9,60.16829,24.94214,00000000afef4555,25.36
117,2019-08-04T08:07:00Z,54688a5171f751c397d5ec9521acb0d66813fde70bf6e596605f7810,60.149,24.9843,00000000fffb8cf0,11.7
118,2019-08-04T08:07:00Z,54afd02884903c577b287c4e3c645f44745a93608d97402f630d835f,60.16829,24.94214,00000000afef4555,13.75
119,2019-08-04T08:07:00Z,54dd1a346233cdc46a9bb1b28fe47469af40de12a90f44d728d76b7c,60.14699,24.922,00000000a53ed894,31.5
120,2019-08-04T08:07:00Z,5786198d3b158747d5c86816c68199606eae883b8cb008cc5f065d05,60.18203,24.91341,00000000342570c2,21.87
121,2019-08-04T08:07:00Z,584086b41b0581d98992d0f3344ce23e6adba19cef5954d768f2b615,60.16762,24.95415,000000006b44cce7,14.89
122,2019-08-04T08:07:00Z,58e2d77327ee3a012c74e9b93b5f394bcd484f29f30a824699a8b3ee,60.14699,24.922,00000000a53ed894,29.32
123,2019-08-04T08:07:00Z,597fe3ab73460a7297de87d1b830ea52f7f90605bae78d842aa8907f,60.17919,24.95181,000000007b5207b6,17.4
124,2019-08-04T08:07:00Z,599c549cb18e40b88c834afd3c46deee1f733bc50f07c6708bc693ee,60.17918,24.95141,00000000675d5200,0.28
125,2019-08-04T08:07:00Z,5a02c1ac975a51a1dbed310b2b5a46ed9c3af958e47587fc8d678cdf,60.16762,24.95415,000000006b44cce7,17.4
126,2019-08-04T08:07:00Z,5a172ad3060bd5d916f497be6ffaa1a04306b30fc1a35501c03be515,60.14947,24.91438,000000004ef3150d,17.4
127,2019-08-04T08:07:00Z,5b2302706d4c0ca223933f749957739a2066c59ac75203aa959637f2,60.16762,24.95415,000000006b44cce7,12.69
128,2019-08-04T08:07:00Z,5c8dbfcfb891f8c1bacf5a8d59bea55d4bb9e6465d6dd3aad3a28ebd,60.1638,24.96846,00000000d747f075,13.75
129,2019-08-04T08:07:00Z,5d947344e0b896f7adefbf34159f03456ca29eb745a3cc47e6cc6e9d,60.18203,24.91341,00000000342570c2,25.36
130,2019-08-04T08:07:00Z,5dbde215243fd20ae5f346de756f630fbb8059a5b74ee6c14e0884e1,60.17002,24.94407,000000006b087f40,27.28
131,2019-08-04T08:07:00Z,5e5c407309c4b2d7ef5391ca2360f0a5b1e364a60cf2b9d3c652a9df,60.14699,24.922,00000000a53ed894,7.05
132,2019-08-04T08:07:00Z,5ed836ddb4c0ad16c30a8e25b74ab49548610f1f6831e95fb486fbc3,60.16762,24.95415,000000006b44cce7,7.05
133,2019-08-04T08:07:00Z,5fb484f046b0583a8eede66e93b62caa0a5cf837c085f6839b94c8ed,60.16897,24.95222,00000000aa852af1,16.1
134,2019-08-04T08:07:00Z,60315e41fa66652e233e60aab94c5575ceb0ceea30644d7e830cdcf4,60.16829,24.94214,00000000afef4555,27.28
135,2019-08-04T08:07:00Z,60e6cf91c99f3e8c10263d0c24da47ff9cae07dff7b1ef62c9795c50,60.17919,24.95181,000000007b5207b6,11.7
136,2019-08-04T08:07:00Z,6146a45b9e8a2e9a6ec7965df5485e8c2e25b8ca01c22bee54b4b02c,60.1538,24.95595,0000000038bf9618,31.5
137,2019-08-04T08:07:00Z,627c875034fa9619e696e7e71d8a763fa6ff9d6686f39faa29c537e6,60.16829,24.94214,00000000afef4555,9.12
138,2019-08-04T08:07:00Z,63c03ed7c0101906054129be5ca23d857dd3af984aab9f4af1daf4ef,60.16762,24.95415,000000006b44cce7,13.75
139,2019-08-04T08:07:00Z,64a8453f0f15bb12d532c86bb06821490efd4770b58bb0634dcf4f9a,60.16829,24.94214,00000000afef4555,9.12
140,2019-08-04T08:07:00Z,64d7fd7f86dbe0fab98b4abab1a8081623a98d1a0dc7163abd84ef93,60.16629,24.95957,00000000fb7600be,18.79
141,2019-08-04T08:07:00Z,66187c215407bce274bd390f133cc82dd9e5286b36addc61b45ec445,60.1638,24.96846,00000000d747f075,25.36
142,2019-08-04T08:07:00Z,66c2b1e4291d8513ef553a05d846552f6704fa5bf19711df9bba96cc,60.16762,24.95415,000000006b44cce7,25.36
143,2019-08-04T08:07:00Z,677486e85867ee6841a46d1b1dcf1cca3f4f4634a55966649a864d7b,60.16897,24.95222,00000000aa852af1,23.56
144,2019-08-04T08:07:00Z,679dc1836f61cbb11750d0f961f24a2e8fd4fb8d566cf97d098d6c07,60.17918,24.95141,00000000675d5200,8.38
145,2019-08-04T08:07:00Z,680840869a525adeab813c1104e57141f9a5443009984abdcbc7a645,60.149,24.9843,00000000fffb8cf0,31.5
146,2019-08-04T08:07:00Z,68686c19b40cf1e98c64bba12600124ad0dde39409ffef973d33d992,60.16762,24.95415,000000006b44cce7,0.71
147,2019-08-04T08:07:00Z,68ccd2ea124a3af263697549184e2f3c9587d4207aa5e4efb1051ebf,60.149,24.9843,00000000fffb8cf0,5.41
148,2019-08-04T08:07:00Z,68dcacffe996736d3f78e961dd304906e541c46f62c128c5e5fc8efa,60.149,24.9843,00000000fffb8cf0,7.69
149,2019-08-04T08:07:00Z,6977d79661a6dda3f84a293521713f44f90083e3e5407ee098ede37e,60.16448,24.97323,0000000053c6c2be,31.5
150,2019-08-04T08:07:00Z,6cebc7d0005ac46ed929e54ce7d9b56f23ab6d54725827a680e646a6,60.14699,24.922,00000000a53ed894,9.12
151,2019-08-04T08:07:00Z,6e00ae0f12947c2bc6f2339edb5ad388f8203be3784c204c113e3230,60.16897,24.95222,00000000aa852af1,9.92
152,2019-08-04T08:07:00Z,6e9fe33ae366e66420baa56b77088fe6b5a771c45cff47e7664b43f6,60.16544,24.95398,0000000038d83d41,25.36
153,2019-08-04T08:07:00Z,6ff6f294a18de88c24c1be57cb45537fe8158aaba284a01a6c7a28b4,60.18203,24.91341,00000000342570c2,21.87
154,2019-08-04T08:07:00Z,71d029cdb83ab9683f5490545a8bdd8739133e59cb6c9410b5075018,60.16897,24.95222,00000000aa852af1,11.7
155,2019-08-04T08:07:00Z,7238fca0db31a1f7c1b994b4a9274a3a6f9a12dd21e796d1dfc1f4ef,60.16897,24.95222,00000000aa852af1,14.89
156,2019-08-04T08:07:00Z,740f386b171127228319b949bd9fae2322791d040519d5d420c98f9e,60.16762,24.95415,000000006b44cce7,10.78
157,2019-08-04T08:07:00Z,742e87aa5f5c7ec4bf3db167cc5a19af1ef8421071da79ac46c29450,60.149,24.9843,00000000fffb8cf0,21.87
158,2019-08-04T08:07:00Z,7534380088e0c129238031aea5851a3b51f41333d3539329c0452dca,60.16897,24.95222,00000000aa852af1,20.28
159,2019-08-04T08:07:00Z,76398d508ba260fc47bdf9676973b72f1a147fafa40dc42c3f233851,60.16829,24.94214,00000000afef4555,25.36
160,2019-08-04T08:07:00Z,76b2d18e81252ba422f2ac3ebbc4bfc2619cccf5438074e6c565511f,60.14699,24.922,00000000a53ed894,6.46
161,2019-08-04T08:07:00Z,76b4d3246c0742bb4858268f00db766a04950d5cc0308ce29fab68f8,60.16829,24.94214,00000000afef4555,17.4
162,2019-08-04T08:07:00Z,77602645e7dfc4956733d780852c948af426fd55f996fd214aafcc22,60.14947,24.91438,000000004ef3150d,14.89
163,2019-08-04T08:07:00Z,77e13a4e894d7d7e0856efc3fd05d75902277d1a4a99fc22e29095a6,60.17002,24.94407,000000006b087f40,11.7
164,2019-08-04T08:07:00Z,794608aad0100de3d3b64d46060e086f86b8478d9986238afc57fccb,60.16762,24.95415,000000006b44cce7,12.69
165,2019-08-04T08:07:00Z,797065a07a5efbebecee1571f05638f661caa4efb101133cb95d0c10,60.16829,24.94214,00000000afef4555,13.75
166,2019-08-04T08:07:00Z,79c23c54047061fe354806a9a7cb1f47bba147897774da53c6b808d1,60.14699,24.922,00000000a53ed894,8.38
167,2019-08-04T08:07:00Z,7aca5964e9f3b9377c57b0a6ae151aa7d25c9c07e4ee63288ad01376,60.16829,24.94214,00000000afef4555,20.28
168,2019-08-04T08:07:00Z,7bafd7fbb6fcccf5aee1a9638bcfeffea9fb990d590c7302c2015fdd,60.16762,24.95415,000000006b44cce7,11.7
169,2019-08-04T08:07:00Z,7bbacf32c56dddf808f70152ab54b54fb22122eb38868b201afb2ad2,60.16897,24.95222,00000000aa852af1,11.7
170,2019-08-04T08:07:00Z,7cf428ccf7fe457cad82c89ff4206a4d6b6c70f9eb7d88ec713bc609,60.17065,24.93641,000000000f4919c9,21.87
171,2019-08-04T08:07:00Z,7d506a3929a039a91d4a54d21fcf3493a3f1da5c4213778a578c6e05,60.18203,24.91341,00000000342570c2,21.87
172,2019-08-04T08:07:00Z,7ee47ce47faeb6bf5ccdc93513c1cc8ad6c128fb3678d5f337604630,60.14699,24.922,00000000a53ed894,5.91
173,2019-08-04T08:07:00Z,7fd0c32024bed62521679429917d6ff8bb4199a4725aaa118a716cb3,60.16762,24.95415,000000006b44cce7,13.75
174,2019-08-04T08:07:00Z,8138d55a71218b5d0c903d2223b0b7e69de3c4cf1ba54896c4f142d9,60.16448,24.97323,0000000053c6c2be,12.69
175,2019-08-04T08:07:00Z,81a566e0b4630e8a2e1fd3c7a743c76cef31de5b9bfcd083ff28a94c,60.17918,24.95141,00000000675d5200,0.59
176,2019-08-04T08:07:00Z,82eacf66c468cb50227594c0810e3be68998800d559ab81b67b61c56,60.149,24.9843,00000000fffb8cf0,31.5
177,2019-08-04T08:07:00Z,84900d699a0a7b4f923b4f49c505c2f4fa962722d8f1ec9f452684a8,60.16762,24.95415,000000006b44cce7,2.54
178,2019-08-04T08:07:00Z,8501566db032375be9cc6bd76b04d0661e95a25c4d23245f42959bb3,60.16762,24.95415,000000006b44cce7,21.87
179,2019-08-04T08:07:00Z,85077788fb7b516d03bb255d56a913ddd700df5dd9ac6593dad2182f,60.14699,24.922,00000000a53ed894,10.78
180,2019-08-04T08:07:00Z,853326cae8772cb245a2bd908f38c311e1e76324d3440218dc21939e,60.16762,24.95415,000000006b44cce7,27.28
181,2019-08-04T08:07:00Z,85d2f010c6790d6f85bd97dcdbac2beb81c1907eee8f79ef4a9c3cad,60.14699,24.922,00000000a53ed894,7.69
182,2019-08-04T08:07:00Z,865ddcfd8ba9d47d68f984ebfae9013c0a5481906ee8abc5d821b996,60.16762,24.95415,000000006b44cce7,5.91
183,2019-08-04T08:07:00Z,87d80baf9016444a2013b82781d06211582700ac13fdd43370728d9a,60.17002,24.94407,000000006b087f40,6.46
184,2019-08-04T08:07:00Z,8866b576c8939fb0a4a7ffd74a25b49a164362e1499d62e6734ed81c,60.14699,24.922,00000000a53ed894,4.11
185,2019-08-04T08:07:00Z,88bae6f23e2e64b3267b6f77c1849d499ba5e5bb74dffcdd183a1bf8,60.16897,24.95222,00000000aa852af1,9.12
186,2019-08-04T08:07:00Z,8a50c3674c489e4e89d012db67ec9db32431d56c9eb7df760273e483,60.16829,24.94214,00000000afef4555,31.5
187,2019-08-04T08:07:00Z,8ae564e0093bacb4df88996d32aa0ddc4ed89296af8240214cdf2ce0,60.17919,24.95181,000000007b5207b6,20.28
188,2019-08-04T08:07:00Z,8b70cc72388b295f718f537326c9224820cea463d5407b3794169f39,60.18203,24.91341,00000000342570c2,18.79
189,2019-08-04T08:07:00Z,8c5f8ad9c7b8dc071bf9b1b0cdb5f32ad7b936c6774a71b8f044e0a5,60.14699,24.922,00000000a53ed894,11.7
190,2019-08-04T08:07:00Z,8d464e519c1692e8eb88fedf32687a9db21186c31e9f2d5c4f971340,60.16762,24.95415,000000006b44cce7,13.75
191,2019-08-04T08:07:00Z,8f00abc3d0bb03e292fe7120b20e0678276926c77a37b913a1ec4c91,60.17918,24.95141,00000000675d5200,16.1
192,2019-08-04T08:07:00Z,8f0775d872d039e9eeaa6360d76ab19d4d33ab9c22b3d857a9a28abb,60.16762,24.95415,000000006b44cce7,14.89
193,2019-08-04T08:07:00Z,8f444a29e8975de677877021a3ba8809fd21fa546bebdce5161131cd,60.14699,24.922,00000000a53ed894,13.75
194,2019-08-04T08:07:00Z,90643342124a10faab4773682b8bc5d3afffff21faf5bbeb7348fa95,60.16762,24.95415,000000006b44cce7,14.89
195,2019-08-04T08:07:00Z,91adb2c798267e4a6c1cf25bf5d1f31ab61292f6686e7d19f73faf25,60.14947,24.91438,000000004ef3150d,16.1
196,2019-08-04T08:07:00Z,91cf48c7a77ae9d8c7a7657510f4c46ba8bc05a077ac8e2529ef6b90,60.16829,24.94214,00000000afef4555,16.1
197,2019-08-04T08:07:00Z,9427ed9143e1611405692e464156791fc2985dde6729367c63c1e428,60.17918,24.95141,00000000675d5200,3.74
198,2019-08-04T08:07:00Z,94303dc01a05f805ec3285eab597a02dab169562cb6402e59fab6d87,60.16762,24.95415,000000006b44cce7,4.5
199,2019-08-04T08:07:00Z,94a3a1befb7ae3c7f678e3b2b9a021653e79504270aae82b10f0df23,60.16762,24.95415,000000006b44cce7,3.4
200,2019-08-04T08:07:00Z,94bd0774075009687b620febf71ad7626e4d61154f0a38a3cca8bb9d,60.17918,24.95141,00000000675d5200,20.28
201,2019-08-04T08:07:00Z,955f32cae6b9b4c7da817c719eb6b32b4586ad2d581edbd09dd5abd9,60.18203,24.91341,00000000342570c2,20.28
202,2019-08-04T08:07:00Z,95b628e52649e41ebb850ae8b6b43e32330fe00b87328f1d00e34238,60.16448,24.97323,0000000053c6c2be,11.7
203,2019-08-04T08:07:00Z,95f74a3744bd0d5748f29ee10ba190f19c476b29cf51bff01e819ce7,60.16897,24.95222,00000000aa852af1,8.38
204,2019-08-04T08:07:00Z,9698d86a76de7818c5358ef9cc9f739799aa79925f957fd7b537c28f,60.16762,24.95415,000000006b44cce7,2.08
205,2019-08-04T08:07:00Z,97f609419099b9c53ee2277fd8b308e5a303f46daedce5a9783d4a25,60.18203,24.91341,00000000342570c2,21.87
206,2019-08-04T08:07:00Z,98d5df976dfbbdb918d695facfeb35ec99755c9c7ffc8cc5e2276bf2,60.16762,24.95415,000000006b44cce7,9.92
207,2019-08-04T08:07:00Z,99dcfef942ec045490c3ac453020fe2d15e9b7a4c0d399c8c0b70109,60.16762,24.95415,000000006b44cce7,12.69
208,2019-08-04T08:07:00Z,99f62c44ea9ea22c931ad2f568eac3f8c51bb51a5bcdcafde219089c,60.16762,24.95415,000000006b44cce7,16.1
209,2019-08-04T08:07:00Z,9b40de4f1fbea9d3c609c9bfb1d28c83c73170ad505528eab9d15dfc,60.17918,24.95141,00000000675d5200,18.79
210,2019-08-04T08:07:00Z,9bce0bec4211652b3d2bbda9f163a7b5a7eb01642ae099d2e9485eb6,60.14947,24.91438,000000004ef3150d,18.79
211,2019-08-04T08:07:00Z,9c17339b402be4c052d9ffd758e923ebd0a7fd0baeb57e6dd93805c8,60.16762,24.95415,000000006b44cce7,12.69
212,2019-08-04T08:07:00Z,9e086a37fe13e475a53c4c80dd2df8a62b59ac740fae1fddb1e793c9,60.16531,24.9442,00000000fdda10fe,7.69
213,2019-08-04T08:07:00Z,9f83eedc45a4d50f19581df88ac7b7488e61eefe0466afdea5911643,60.14699,24.922,00000000a53ed894,21.87
214,2019-08-04T08:07:00Z,9fbeaf164d3fa00f7e75a846135dc34993ca6fa3e30ab1fc61bbf713,60.16762,24.95415,000000006b44cce7,6.46
215,2019-08-04T08:07:00Z,a0bbfe58093c4808b7c532b38fd49a71b294a88c67cb253f6a7f771e,60.14699,24.922,00000000a53ed894,9.12
216,2019-08-04T08:07:00Z,a19b7b17f2313a081da62e9962923a42abbcac99afa99c1e0c7bebdf,60.16762,24.95415,000000006b44cce7,21.87
217,2019-08-04T08:07:00Z,a33d524fbb72a3a920dc228211a661720e6bb0202c3e058fe3a6bc0e,60.16762,24.95415,000000006b44cce7,10.78
218,2019-08-04T08:07:00Z,a386a8dc7635428fbc9fa19f881bca0ed0fec9b676b1a2fc9981c32c,60.14699,24.922,00000000a53ed894,12.69
219,2019-08-04T08:07:00Z,a52f1c6709ccabe99dcc93ffdee0abee27a9000c1ac8793f2c3afe2a,60.16762,24.95415,000000006b44cce7,13.75
220,2019-08-04T08:07:00Z,a601af89e3d568b9354a9aa743a47ce597481133249f762a1082afa9,60.18203,24.91341,00000000342570c2,8.38
221,2019-08-04T08:07:00Z,a61c08d237e31538fd7f817e0d30554478e5868ad2f0fe2e13f75494,60.14699,24.922,00000000a53ed894,11.7
222,2019-08-04T08:07:00Z,a6dcd13fcbae93123acda1dd986388c6b295756926a55296de083fb5,60.16897,24.95222,00000000aa852af1,18.79
223,2019-08-04T08:07:00Z,a6e3d640566df6a51505606471d5e4335b842c3814b5cef23febc88d,60.17918,24.95141,00000000675d5200,5.91
224,2019-08-04T08:07:00Z,a792fe72b44d76683e371275ce35ab8367e9ec5cac7544130aa0858e,60.16829,24.94214,00000000afef4555,29.32
225,2019-08-04T08:07:00Z,a8fd3c4a2f80efd150f3c99c88c119576ff3a05c1edfeabb654a119f,60.16897,24.95222,00000000aa852af1,27.28
226,2019-08-04T08:07:00Z,ad29bf51eaadeb2fbe52f8b02c10cdfa26d9c5668705ce088ec16473,60.16829,24.94214,00000000afef4555,18.79
227,2019-08-04T08:07:00Z,af5143569f4d1008bdf28f1b081102824a647b132c45427d9a49ac09,60.16448,24.97323,0000000053c6c2be,21.87
228,2019-08-04T08:07:00Z,af630db5c5d9c6275d1d7eb994231ca8279ef999e910b04342f44ee1,60.149,24.9843,00000000fffb8cf0,10.78
229,2019-08-04T08:07:00Z,aff7b02a082c0d41f7d4a4cc32b8292594daa02158b98db3f6fa072e,60.16762,24.95415,000000006b44cce7,7.05
230,2019-08-04T08:07:00Z,b3874db21b13ef369d3754de75b4a3a7dfac95d990025e8b7ee72d32,60.16448,24.97323,0000000053c6c2be,10.78
231,2019-08-04T08:07:00Z,b44da98bd9fa90855d8b3d6d35a3501e6fb71b3f7295f93f428a6a40,60.17918,24.95141,00000000675d5200,13.75
232,2019-08-04T08:07:00Z,b4eda9e213b45f58bbcf704fbf302f3a1a95e815623001f6f4f09e70,60.14699,24.922,00000000a53ed894,20.28
233,2019-08-04T08:07:00Z,b56d7aec06b6adde391b5a2857469912d5f44f40322b8fd698d1262a,60.14699,24.922,00000000a53ed894,11.7
234,2019-08-04T08:07:00Z,b696e444552736fd469c4f9132def830c638c45d4693774e339c6fc2,60.16762,24.95415,000000006b44cce7,9.12
235,2019-08-04T08:07:00Z,b6fce1e035733a7e20865bca2186c7f689413f6e2fef3b2f73fd7536,60.14699,24.922,00000000a53ed894,11.7
236,2019-08-04T08:07:00Z,b71a7a8d364ece21dc081bb7d85837ad6f126ae403339d5524abafb0,60.16629,24.95957,00000000fb7600be,29.32
237,2019-08-04T08:07:00Z,b759ed04e745205451ac8080bdbf0130e81e51ef91bc87f9b8284bd0,60.14699,24.922,00000000a53ed894,20.28
238,2019-08-04T08:07:00Z,b765ee6609c21cc0ca625bc2905c41d4360d15b78805310ce1b09209,60.16762,24.95415,000000006b44cce7,23.56
239,2019-08-04T08:07:00Z,b7c0d00d113f620403efb79ef1ae1e695d1c3b2ae24910f2d7db295c,60.16829,24.94214,00000000afef4555,2.54
240,2019-08-04T08:07:00Z,b8158e33316e4b7766d0e71825ce9cc27e24f06c8e3609fe3a885b65,60.14699,24.922,00000000a53ed894,10.78
241,2019-08-04T08:07:00Z,b8c5063d4cea8772d563e5147b0ec84b3159019cacecb3cacdb4fa89,60.16897,24.95222,00000000aa852af1,14.89
242,2019-08-04T08:07:00Z,b9f88c326905f314403c60279d191c1d8ccb907c0c5fcb741cd55eb5,60.16762,24.95415,000000006b44cce7,14.89
243,2019-08-04T08:07:00Z,ba1dea802c2411cc1671a8e6b5d5f17112e43b9b7a4f441cbd6dd396,60.17918,24.95141,00000000675d5200,20.28
244,2019-08-04T08:07:00Z,bac336dab9eb12819c7b868003afb1f244ecbfed635ecd026f5dc1c5,60.16762,24.95415,000000006b44cce7,21.87
245,2019-08-04T08:07:00Z,bac36cd5b7ef22918c7a8fba3246d7d1dcdf83bff097b7ae185225fa,60.18203,24.91341,00000000342570c2,23.56
246,2019-08-04T08:07:00Z,bc07df8cc395f6f4f5d483b2233caca5f93a6918f346e4cc3702f8cc,60.16531,24.9442,00000000fdda10fe,8.38
247,2019-08-04T08:07:00Z,bd6eceb6cde2f6582ce26d45f75f1292c00729e96dbf974e18aa30be,60.16829,24.94214,00000000afef4555,4.5
248,2019-08-04T08:07:00Z,bd971dbf754b1bc9fc45cf5be59eb04bbeae3ece424c0e4e61cf33ca,60.149,24.9843,00000000fffb8cf0,10.78
249,2019-08-04T08:07:00Z,bf0618f17e6bc4124ef49e8f77ea31df41f7360d996d3c7412deab17,60.16829,24.94214,00000000afef4555,27.28
250,2019-08-04T08:07:00Z,bfd0f5d0dbb79335325629ee01df5292bf70a3acd50442b1e70a0c97,60.16762,24.95415,000000006b44cce7,18.79
251,2019-08-04T08:07:00Z,c0a0ca3433586ed2ae0e448f2406fabac7292ac79d49562e0bd5cef8,60.16762,24.95415,000000006b44cce7,13.75
252,2019-08-04T08:07:00Z,c189a4eefcb77845b0f8263da67a1e5c320e4d3e8ad007628e0b1767,60.16829,24.94214,00000000afef4555,17.4
253,2019-08-04T08:07:00Z,c1e17e73d3fafc1c49e3b414d373d3c6410b304b65f16ed77725032c,60.16762,24.95415,000000006b44cce7,8.38
254,2019-08-04T08:07:00Z,c2ec03362e467a4640dff12f3a584dd5efcef9f05f447d3a54f15429,60.16762,24.95415,000000006b44cce7,11.7
255,2019-08-04T08:07:00Z,c2f4cc1e7c738fa31a879f58dba953ea65c715aaec7e95e2eeeaf8ef,60.149,24.9843,00000000fffb8cf0,3.4
256,2019-08-04T08:07:00Z,c3dc36bfff42fd8f24b1162c0d51574c8a75207e793b190f6cf70357,60.16829,24.94214,00000000afef4555,9.12
257,2019-08-04T08:07:00Z,c4b9156dab66e520b74bd8475ce74b0c13090f49e0865590da0cf684,60.149,24.9843,00000000fffb8cf0,11.7
258,2019-08-04T08:07:00Z,c57d3cf9bfbc0c52c3d47172704e5a944850952fceafc037d50d6f2b,60.16897,24.95222,00000000aa852af1,16.1
259,2019-08-04T08:07:00Z,c5c6aa5be8c6d3985f6f46293b1a6e942e2fb6fa77886463ca5b4c60,60.14699,24.922,00000000a53ed894,12.69
260,2019-08-04T08:07:00Z,c5dbe84971799deadcef3891348ce66810dcf9e50953fd2fba11f2ff,60.17065,24.93641,000000000f4919c9,33.81
261,2019-08-04T08:07:00Z,c7c36edbad5b704cf932f690fbda09b19e1eb920cc7bbae5984e49ea,60.16762,24.95415,000000006b44cce7,3.4
262,2019-08-04T08:07:00Z,cbe0232718b39d532d0db8871aa632164223043b2f9205fd32c68828,60.1538,24.95595,0000000038bf9618,31.5
263,2019-08-04T08:07:00Z,ccf260d75c138e992c59b17ae1ed53679026746099fa458e39226522,60.16629,24.95957,00000000fb7600be,18.79
264,2019-08-04T08:07:00Z,cedd458ff946b2936b4136365d19a65ac5bccc384245536decb36605,60.16762,24.95415,000000006b44cce7,9.12
265,2019-08-04T08:07:00Z,cf291fc4283b6bd7f22fbca85a1bc2eb144676386916e9710a95406a,60.1638,24.96846,00000000d747f075,29.32
266,2019-08-04T08:07:00Z,d0af1412082b21dafba79c80996b5579f7552bcb1c23f773f59d41c4,60.14699,24.922,00000000a53ed894,6.46
267,2019-08-04T08:07:00Z,d1d9550c51cdbce90708ef44e2c1697e09d2a98ae5745b730feaede2,60.16629,24.95957,00000000fb7600be,21.87
268,2019-08-04T08:07:00Z,d2d9638a41d477a336f3521903597f8029f6035574d8ca08953e695d,60.17918,24.95141,00000000675d5200,7.69
269,2019-08-04T08:07:00Z,d30e7edde32ab070b7ac125688bb30166815f72df984bceb5458df60,60.149,24.9843,00000000fffb8cf0,23.56
270,2019-08-04T08:07:00Z,d3e769c4c80507b004f1089f6743e5687a2098ec34929b15ecb6bbc1,60.16762,24.95415,000000006b44cce7,9.92
271,2019-08-04T08:07:00Z,d401586cec522c2b605184983638357c6345d193162caaf30c736ca0,60.17918,24.95141,00000000675d5200,1.54
272,2019-08-04T08:07:00Z,d4f741beaa0ed90deba55504b12c4e30eb62a2d46e73c851e0ad99fa,60.17918,24.95141,00000000675d5200,12.69
273,2019-08-04T08:07:00Z,d4f7a51dd1291577d1e2e4453d2f81a5bebf67d828beda0976ff436e,60.17065,24.93641,000000000f4919c9,3.74
274,2019-08-04T08:07:00Z,d532008201abdf3244c8dd2eecec7f65ce579562331345d3c18dfeac,60.17065,24.93641,000000000f4919c9,0.13
275,2019-08-04T08:07:00Z,d588c8c1113d75e4bf21a88e409550f944da197c43370f48e75ffe5c,60.14699,24.922,00000000a53ed894,7.69
276,2019-08-04T08:07:00Z,d7b7eb8e63d2f4afe6ec2e68606b5d7a0149f24082479bba6f3d7e85,60.149,24.9843,00000000fffb8cf0,33.81
277,2019-08-04T08:07:00Z,d8c2fa6bc07951a03f5c1e888dfbfcc773d6ef97681399a9f78b9650,60.16829,24.94214,00000000afef4555,3.74
278,2019-08-04T08:07:00Z,d949ce3b1cc917fd35c7c59a2c9d668a668eb228a137cd61fdd14a60,60.18203,24.91341,00000000342570c2,20.28
279,2019-08-04T08:07:00Z,da19a2a148815c80961a6010218856ba89697d99582f1b02ac84ebd6,60.16897,24.95222,00000000aa852af1,23.56
280,2019-08-04T08:07:00Z,dbed2fc08dba1d327a75992629da10d030fb03bee7f826530e8f1736,60.18203,24.91341,00000000342570c2,17.4
281,2019-08-04T08:07:00Z,dc3f1b81dafe732eb857c07c4cc92e580dafbcdb5d29e8e247c83321,60.16762,24.95415,000000006b44cce7,16.1
282,2019-08-04T08:07:00Z,dcab562cf163a26cf790e3e57348e1a983ebfd61629a971a65c03486,60.16448,24.97323,0000000053c6c2be,21.87
283,2019-08-04T08:07:00Z,dd968f88f39ad1876a62f086c4414aace2bef9964626784df15fa706,60.149,24.9843,00000000fffb8cf0,7.69
284,2019-08-04T08:07:00Z,ddb3c131f71154de94180bbac853178692699d802f9e940c59ac1db1,60.16075,24.95883,00000000f1124bca,12.69
285,2019-08-04T08:07:00Z,de3df1b75f884597fe14bc3c2b83b43619b4c60f4d7f7cd316e623d9,60.14699,24.922,00000000a53ed894,9.92
286,2019-08-04T08:07:00Z,df55f1e2ddbc2bdd50f58f698418c765a850e014556f1970c0d1ccc6,60.14947,24.91438,000000004ef3150d,5.41
287,2019-08-04T08:07:00Z,df653c09ca7ffc24e1e5b5b418ad92cdb65eab5b75bf3ae5a9002a15,60.14699,24.922,00000000a53ed894,13.75
288,2019-08-04T08:07:00Z,e04ecc02c9c7532941246462b2e7cc38951affe6d41912f47ce7bfb7,60.16448,24.97323,0000000053c6c2be,31.5
289,2019-08-04T08:07:00Z,e073557fd119e5b4e67bdcf8fb4c0267ce66e05da20e09964e7a487e,60.16762,24.95415,000000006b44cce7,16.1
290,2019-08-04T08:07:00Z,e0af165908df5d8ec5feba09e7557eead0406fedcbb7e9a6511e6c0a,60.149,24.9843,00000000fffb8cf0,27.28
291,2019-08-04T08:07:00Z,e358d57c112192f41f37b1e75ace2d8134c7ca23815d3fbe233e8e8b,60.18203,24.91341,00000000342570c2,9.92
292,2019-08-04T08:07:00Z,e35b70ad9fee91a2c5d3bb9ab2cca4371464cecabc19833b0a27b5c9,60.16762,24.95415,000000006b44cce7,7.05
293,2019-08-04T08:07:00Z,e3626eaad00a5eb0321e2240bd21d3de22d42f71a3c249c680799316,60.149,24.9843,00000000fffb8cf0,7.05
294,2019-08-04T08:07:00Z,e367eefbe1347713855c722bbc038c783c03382bede6aac8193519bb,60.17918,24.95141,00000000675d5200,1.7
295,2019-08-04T08:07:00Z,e47d66ac95d4d965924ee5c0c9376f2c9ea0ada1d2c4cdbe39dfcc0a,60.14699,24.922,00000000a53ed894,16.1
296,2019-08-04T08:07:00Z,e4c48dc8776f63bdf7d36f13796b2716e172eebf18b8e1ecd9c5a80a,60.16531,24.9442,00000000fdda10fe,27.28
297,2019-08-04T08:07:00Z,e70090b031b4d65f03d1a2ae6cc01e6423dde8b37fd4297501734f02,60.17918,24.95141,00000000675d5200,2.54
298,2019-08-04T08:07:00Z,e70dda5678946336c75f190f6766904f1a62d6e4681ef7461d1c4dc4,60.14699,24.922,00000000a53ed894,13.75
299,2019-08-04T08:07:00Z,e72b9b71424cfa07b1be4de6cb8c540c88cf4d2252a4eeb2fbd6577b,60.14699,24.922,00000000a53ed894,11.7
300,2019-08-04T08:07:00Z,e78d5dda58582f3f6e5177098d94e60feb22f677d7ee269634afa680,60.17918,24.95141,00000000675d5200,9.12
301,2019-08-04T08:07:00Z,e952280209840fa15e0a20b2db558009bfc3140abc0f7ed24f972105,60.16762,24.95415,000000006b44cce7,10.78
302,2019-08-04T08:07:00Z,e99f12d0bb0fd0e2239a3927fb66d1f11350c2dc716e8d9eb78c981d,60.16629,24.95957,00000000fb7600be,12.69
303,2019-08-04T08:07:00Z,eb3ce249c88d9ffa390a2828f00c8783753d2b142d4963315ce1060f,60.16762,24.95415,000000006b44cce7,14.89
304,2019-08-04T08:07:00Z,eb761008737fe9df89b8a17eeb1acca31db89e873203a9e955adae29,60.16762,24.95415,000000006b44cce7,3.09
305,2019-08-04T08:07:00Z,ebbf0803148156d6b481f3acf2327f1822873d8f098c3f6c93ecff40,60.16762,24.95415,000000006b44cce7,5.41
306,2019-08-04T08:07:00Z,ec60425f7eaeb89dd1045df02aae77bdb661c8fd638012b751053916,60.17918,24.95141,00000000675d5200,10.78
307,2019-08-04T08:07:00Z,ec9abd3a95664a15ad5c6f54b3d9ed0588c7a15cde0ebd762df58bd6,60.14699,24.922,00000000a53ed894,20.28
308,2019-08-04T08:07:00Z,ed9e106e79ac83940fe647e972ccfef3bdccbc1058d4e8903eaac6e9,60.1638,24.96846,00000000d747f075,25.36
309,2019-08-04T08:07:00Z,edd6bba3aa086484260ab3ffeb64f9cdbeaa8105e9e334bd816149e3,60.16629,24.95957,00000000fb7600be,18.79
310,2019-08-04T08:07:00Z,ee3150fed648534f120feab0447a2fadb47ad9a03ee9c9303b62f6ec,60.16897,24.95222,00000000aa852af1,23.56
311,2019-08-04T08:07:00Z,f0cdd50782a7e711c1e3ebfc02d40ccba5084cf75148add54a9078c6,60.16762,24.95415,000000006b44cce7,4.5
312,2019-08-04T08:07:00Z,f0f920711e92ac98c91ca34a2d63cc4fd83147a277921bb876261d73,60.18203,24.91341,00000000342570c2,10.78
313,2019-08-04T08:07:00Z,f10778cf44b08cde64ae149762b73b2fa20bf07cc50b1af3492d1005,60.16762,24.95415,000000006b44cce7,17.4
314,2019-08-04T08:07:00Z,f136a14b620b62547fbaca13b609f74dc0b87c9198282b82464909b1,60.18203,24.91341,00000000342570c2,18.79
315,2019-08-04T08:07:00Z,f16283a56d217ca51efd315c65dd3a171e3ac3594acf047a4fa0e5e4,60.16762,24.95415,000000006b44cce7,11.7
316,2019-08-04T08:07:00Z,f16300bc38c62bd2cf6b71d2d22b3b5813cdf59441b38b19edc6fd22,60.16762,24.95415,000000006b44cce7,6.46
317,2019-08-04T08:07:00Z,f2545e4402c8f831445468408f504c8fd7616e7a6787ff26b0c06c70,60.16829,24.94214,00000000afef4555,18.79
318,2019-08-04T08:07:00Z,f2f4ec0fba4c4ca94c577e075f295e12437346644d03ebc8bc852c6b,60.14699,24.922,00000000a53ed894,14.89
319,2019-08-04T08:07:00Z,f408f79f287b35cca9eb07661e6998e3f27e753a7e3ae999154d2230,60.16531,24.9442,00000000fdda10fe,13.75
320,2019-08-04T08:07:00Z,f4510e37f31615953ef3d97385ad472f3773491feeec1932d9d493a7,60.14699,24.922,00000000a53ed894,7.69
321,2019-08-04T08:07:00Z,f4b9024da520051c6e3271a3337bdd83a492a36bcb7c6cf2c43ad2db,60.14699,24.922,00000000a53ed894,13.75
322,2019-08-04T08:07:00Z,f5448e51a0c719854b0f9369e2c2e5dd9149f7d9510ae115f03b69ec,60.14699,24.922,00000000a53ed894,20.28
323,2019-08-04T08:07:00Z,f55e0ff579f710147b205c6a66d0a850af8d633a9db31d24869dc8af,60.16629,24.95957,00000000fb7600be,27.28
324,2019-08-04T08:07:00Z,f679ffd2d47c7c8e0fcbd1cbf727e8bdbcf2a2caf3e7e7b0cc7668ed,60.149,24.9843,00000000fffb8cf0,25.36
325,2019-08-04T08:07:00Z,f7b75efa77313dd61b43d62d02a713f514a32d703222a7c5f9a3dc33,60.17002,24.94407,000000006b087f40,16.1
326,2019-08-04T08:07:00Z,f7f663b269189089984abd148d9e0c7fd0642cb852932f66c9cf4fd5,60.149,24.9843,00000000fffb8cf0,18.79
327,2019-08-04T08:07:00Z,f8039c86aeae1f49727f005ddb645b5b89b829a6c97533b0435819d7,60.17918,24.95141,00000000675d5200,0.59
