,time,hash,latitude,longitude,serial,distance
0,2019-08-01T19:07:00Z,03e0fc996a589ccdf1871b3c78e089c08c93ba1f2a02d740fb384aac,60.16531,24.9442,00000000fdda10fe,27.28
1,2019-08-01T19:07:00Z,075be70b0c9febdacbaeeb7cd5008912aad9ce85c22f5ee3d6b77e40,60.16897,24.95222,00000000aa852af1,25.36
2,2019-08-01T19:07:00Z,0add92bb629361fdf34a91a86a1f9e3aed5f10895edae2bd32f97fb0,60.14699,24.922,00000000a53ed894,25.36
3,2019-08-01T19:07:00Z,13d904f7b668478f637de162f9b00c68923ef8c75eb0a9c626bf1aed,60.17002,24.94407,000000006b087f40,27.28
4,2019-08-01T19:07:00Z,14c7e1511b70f4dd3359cbece1377aebb4d70531f5489eefe53d7c3c,60.16544,24.95398,0000000038d83d41,23.56
5,2019-08-01T19:07:00Z,22581e1d9764b88a01034a4cab1a6b02fa4aa770025b9bd340685163,60.15432,24.9211,0000000019fb59c4,14.89
6,2019-08-01T19:07:00Z,297c725b456ef12d2712634b21546721cbe93224d3a5762d897404f2,60.16762,24.95415,000000006b44cce7,10.78
7,2019-08-01T19:07:00Z,2c94897aa62344f630952ad6032f5d7976419125d126b15c1386c8b1,60.1538,24.95595,0000000038bf9618,29.32
8,2019-08-01T19:07:00Z,351407b43e2d2cbb60e7481f6fea88dcd24a9ea0d5a0f63e5073d365,60.16544,24.95398,0000000038d83d41,25.36
9,2019-08-01T19:07:00Z,38e06a6f110b1c26791fe1f73f15bc39088d2786aca6b6e305278e78,60.16762,24.95415,000000006b44cce7,7.69
10,2019-08-01T19:07:00Z,41d3af8da554a2f22a1c6596e0da84fd612b70022b5d295e6b4928e7,60.15432,24.9211,0000000019fb59c4,12.69
11,2019-08-01T19:07:00Z,43b676ed3aef4c2d8846694817e76117873be52e7f788e0cb366c1c4,60.16629,24.95957,00000000fb7600be,25.36
12,2019-08-01T19:07:00Z,5802343c3c4b09ee3631f03e16ebb38a3b1999d65e3713eb82377455,60.16544,24.95398,0000000038d83d41,21.87
13,2019-08-01T19:07:00Z,59107c0fb745e0aacace35f3eb6888e9aa1cace3ca066219be32fe54,60.16897,24.95222,00000000aa852af1,21.87
14,2019-08-01T19:07:00Z,5d65719c4cbf045f068d084b72302f447d5fd034413d97d13be00d0e,60.18203,24.91341,00000000342570c2,18.79
15,2019-08-01T19:07:00Z,5eed115a984d490b02b602d73787aee8dc8c4e9365b77fbff3818a76,60.16629,24.95957,00000000fb7600be,20.28
16,2019-08-01T19:07:00Z,6011490fb2e02d0b9d936fa70a06572cb55ffd9a6a7c607cf75c5a71,60.16897,24.95222,00000000aa852af1,23.56
17,2019-08-01T19:07:00Z,693099b54f1d14b899f005c233a431270bde084ad2fe05abf597743a,60.16544,24.95398,0000000038d83d41,18.79
18,2019-08-01T19:07:00Z,6a54644283a4f5a6369abe947b4e9faf2ca3c25ef2ea42502cb60c5f,60.15432,24.9211,0000000019fb59c4,13.75
19,2019-08-01T19:07:00Z,6f06341f358e61699fe1e55e986dd0554bc8da28b91daf0c5ad99db6,60.16629,24.95957,00000000fb7600be,23.56
20,2019-08-01T19:07:00Z,71f1ccf548a0ec676009a1185a36ad6c18191be59b397e8261d67443,60.16762,24.95415,000000006b44cce7,7.05
21,2019-08-01T19:07:00Z,747f2d1ebff218c0ebbdc0fdaef4cbe56633dfb46ae1b1f8c8142201,60.16762,24.95415,000000006b44cce7,13.75
22,2019-08-01T19:07:00Z,77839e655f856d5295739c2388237a95b399c3b8a4f659cd1345d939,60.16829,24.94214,00000000afef4555,23.56
23,2019-08-01T19:07:00Z,7e9a43fd9918108a1e1f68ee62b044bd361736c1b4ab9261f449fe31,60.15133,24.92329,00000000e8a064a4,17.4
24,2019-08-01T19:07:00Z,87dfaad29a9276ddddb1fa021d3bc23ad14824c1af16f7d87e713689,60.14951,24.92138,0000000006dd41f6,10.78
25,2019-08-01T19:07:00Z,8c75c3289c84fe4493e1e272a77b615fe1985880c5dc68a7c1a17b53,60.16762,24.95415,000000006b44cce7,8.38
26,2019-08-01T19:07:00Z,8cc6ddaa460aeae8cc9e8a33f91a01c8cd4c0c8bf8a943210a28c84d,60.1538,24.95595,0000000038bf9618,21.87
27,2019-08-01T19:07:00Z,9843c6216661048343a0e49cf3d8aa2883cf77f452666a1c873a1052,60.16448,24.97323,0000000053c6c2be,16.1
28,2019-08-01T19:07:00Z,998cc03f527bf413fa7961e89d1a96fa7f80a1bd2c750c25c9b07284,60.16897,24.95222,00000000aa852af1,25.36
29,2019-08-01T19:07:00Z,9a3441615c7a95dad7af50ae16b0ac928f9d84ea590ac67cfa97ef1e,60.16544,24.95398,0000000038d83d41,23.56
30,2019-08-01T19:07:00Z,a1ba09b019cae8df2ec9396f46a163e5b29858a11380955ed9605985,60.15432,24.9211,0000000019fb59c4,14.89
31,2019-08-01T19:07:00Z,b1d0bb34482e18b4ffa8d09dade09b8c8ecf3065c1666f2a77a51201,60.16531,24.9442,00000000fdda10fe,12.69
32,2019-08-01T19:07:00Z,b5fd6b317890e5ab2d79e2cd1abe61626d45a753c7337d0d40728898,60.16762,24.95415,000000006b44cce7,9.92
33,2019-08-01T19:07:00Z,bc47f02c87cebb9928c25d0ad0c1e77fa507b77e58f60e2420264dea,60.15432,24.9211,0000000019fb59c4,17.4
34,2019-08-01T19:07:00Z,c129dd128e6475a9f19e37c93fa734358684320e32cd565e787b0fcb,60.16544,24.95398,0000000038d83d41,29.32
35,2019-08-01T19:07:00Z,c40c37def6bf11a63a2556519a7c6233fd417cdeea2cf14f28e7c42c,60.16531,24.9442,00000000fdda10fe,18.79
36,2019-08-01T19:07:00Z,ce4d251a2c6b56d67533935f9c53278886ef447f18ddca76b92d9335,60.16897,24.95222,00000000aa852af1,7.69
37,2019-08-01T19:07:00Z,cf05623e4d87ce0906c0b0b7dbf53aacc1228016cd27c341228b6e76,60.18203,24.91341,00000000342570c2,21.87
38,2019-08-01T19:07:00Z,e2054d32cca62e6a7762e5583fde4d16233d4fc626f9ff9f3cdc7298,60.16762,24.95415,000000006b44cce7,13.75
39,2019-08-01T19:07:00Z,e4d5e4ce6948a7be641aea768bcfddad2dc69af202e3b5a2bd920370,60.16762,24.95415,000000006b44cce7,12.69
40,2019-08-01T19:07:00Z,ed70dda6b7faebd4340dacdb452ab224d9d3c308df417b7fa76f54e8,60.14951,24.92138,0000000006dd41f6,18.79
41,2019-08-01T19:07:00Z,edf33dc7691a7d53214cb5ce3adcbd52bcbdc039402d3b3a40e445c0,60.16829,24.94214,00000000afef4555,13.75
42,2019-08-01T19:07:00Z,f088630d7476dae7d4b7e2bb1f10575f2c89acb4b6e061f3d57c2b40,60.16531,24.9442,00000000fdda10fe,25.36
43,2019-08-01T19:07:00Z,fc4f3a44235f1cfc7b53f14ba2da599976a5a0a220d23b852688e485,60.17919,24.95181,000000007b5207b6,20.28
44,2019-08-01T19:07:00Z,03f96ba5924665936ec8289dec67456c5aee9a0187f2c4515296f35a,60.16531,24.9442,00000000fdda10fe,1.7
45,2019-08-01T19:07:00Z,07132fd6d81169bbae2102de1791e11dbd3cb72643b6647c96bbfbd4,60.16897,24.95222,00000000aa852af1,21.87
46,2019-08-01T19:07:00Z,0aed5d4e842e5be04a3c1639bd9cde107f50c87f1a6f6935ca15354e,60.16531,24.9442,00000000fdda10fe,8.38
47,2019-08-01T19:07:00Z,0c3ca7689cde0aff8144dee35b9e057c2ac0fb3073e0196798600496,60.16897,24.95222,00000000aa852af1,11.7
48,2019-08-01T19:07:00Z,0ccb4372b2b2991eccd111fd81d9947c676aa7558d364bf42cfdc4c2,60.16762,24.95415,000000006b44cce7,4.11
49,2019-08-01T19:07:00Z,118287e26d07ec5c0392e34555e0d4342d1eece00a82c8bf29e70a24,60.16629,24.95957,00000000fb7600be,20.28
50,2019-08-01T19:07:00Z,14d146ce47dda2274b20b2997b30ede3f9fe8d9ee00f3bce2be4b101,60.1538,24.95595,0000000038bf9618,38.87
51,2019-08-01T19:07:00Z,15255cd1b3cb9f0e0faf5b5fec3f2a81636b5e4d0a40d8203c83ff70,60.16762,24.95415,000000006b44cce7,8.38
52,2019-08-01T19:07:00Z,1bac9776486c96138f3fb023005a1eddcfd7881c397c594b6f731cee,60.14699,24.922,00000000a53ed894,29.32
53,2019-08-01T19:07:00Z,1c2ffb033cdb150d9b618a00007473ae74b8092be1fb5d4f5437a4d2,60.17002,24.94407,000000006b087f40,41.64
54,2019-08-01T19:07:00Z,1dacfb371d75dd4f90f447aac2a00faad98beb4188a6971c19eb2375,60.16629,24.95957,00000000fb7600be,18.79
55,2019-08-01T19:07:00Z,1ecbc7c6afe89033252e5510cbb893666af2b3bc29f555a3a6287fdb,60.14951,24.92138,0000000006dd41f6,5.91
56,2019-08-01T19:07:00Z,247683e7dd1def863837db2ccf65f6682b20f8ac4f7169260667925e,60.16829,24.94214,00000000afef4555,13.75
57,2019-08-01T19:07:00Z,255adcec322fd7ee6f361e4de31e0a9b6f3f6418405f1b19c20ae78f,60.16531,24.9442,00000000fdda10fe,20.28
58,2019-08-01T19:07:00Z,25b9a688fda1515f9ff250d01f89c4491af81e3721b9b2348d88d2e3,60.16762,24.95415,000000006b44cce7,25.36
59,2019-08-01T19:07:00Z,291784e81531ce43d76bd8cfbc096e3b120bf30a8565aa8e74bb61f5,60.1538,24.95595,0000000038bf9618,17.4
60,2019-08-01T19:07:00Z,2970ecf01426390fc2f4e429f4eccfe3f7737b3d9c588d67fb9b7a93,60.16829,24.94214,00000000afef4555,18.79
61,2019-08-01T19:07:00Z,2bdf98d678eaf96651dbfe1a47b1425e0c3c37446adf6aa3fbbde71b,60.16829,24.94214,00000000afef4555,21.87
62,2019-08-01T19:07:00Z,2cf8abb00c988832c843d58138022a959083fa08649b86c5504a059d,60.16531,24.9442,00000000fdda10fe,18.79
63,2019-08-01T19:07:00Z,34c44ace3a9bf9c8de31de56f041da3f04991de56bfbb7dc29bfd84f,60.14947,24.91438,000000004ef3150d,8.38
64,2019-08-01T19:07:00Z,363e43f689cb7ee0631e93affe9d6ba2b2fef3b4abd93391ee9c4e6e,60.17002,24.94407,000000006b087f40,14.89
65,2019-08-01T19:07:00Z,37c3ed19205317d3f6ed1f1dadaaca14eaf22aae96e62fe156ba382c,60.16075,24.95883,00000000f1124bca,25.36
66,2019-08-01T19:07:00Z,38e968afb5933a07062ca4edadb5d6da2f46acc639644db47f5354fe,60.18203,24.91341,00000000342570c2,27.28
67,2019-08-01T19:07:00Z,3b614525e93f3ab2533d66ad19e77ccdd2d80988b29ddfdc9502de28,60.149,24.9843,00000000fffb8cf0,29.32
68,2019-08-01T19:07:00Z,3d6e07410c94383b653ae4efbf06b5b2512150e084fc3978e8d97d91,60.16897,24.95222,00000000aa852af1,16.1
69,2019-08-01T19:07:00Z,41f185a159512f75044229841163324ad910cd0115a35840384308f7,60.16897,24.95222,00000000aa852af1,20.28
70,2019-08-01T19:07:00Z,42f7e3a58b6be24f97099bfa70a7cbb8e8eb9487322477913f031df1,60.16829,24.94214,00000000afef4555,27.28
71,2019-08-01T19:07:00Z,4912ef37f65a8449117ceab308632a71b6a02f8aa3808d89c53849f6,60.16897,24.95222,00000000aa852af1,9.12
72,2019-08-01T19:07:00Z,4b9591e8db0a05bf233b38affe49ecce25d52c960750ca08704d00af,60.16762,24.95415,000000006b44cce7,21.87
73,2019-08-01T19:07:00Z,4c30fee7048f56111807013e1792dab18eb021fb885c2f5327c094a5,60.1538,24.95595,0000000038bf9618,9.92
74,2019-08-01T19:07:00Z,4f842169d61058106b978b4ab09f503338f14cf2a4166b754dd1f08d,60.1538,24.95595,0000000038bf9618,10.78
75,2019-08-01T19:07:00Z,52c8aaec3d003002723db25b5ab47944acf7e4d7e46926ae72bfd5fb,60.16762,24.95415,000000006b44cce7,13.75
76,2019-08-01T19:07:00Z,53de79efc3c269460da7fcee64d23fcfe3f9d24314f1c1612b33b3ab,60.16762,24.95415,000000006b44cce7,18.79
77,2019-08-01T19:07:00Z,560b115f78074a86b0e4e28761eca8dcbae1ed13f8030590c301de09,60.16897,24.95222,00000000aa852af1,7.05
78,2019-08-01T19:07:00Z,56173a95f0c478a9d73b45eedce9bbb647356bdda54da2db8c0dd3d8,60.16762,24.95415,000000006b44cce7,21.87
79,2019-08-01T19:07:00Z,584743ec67ad39bc24ae9f306653efa427056434479c3307f24372ff,60.16531,24.9442,00000000fdda10fe,7.69
80,2019-08-01T19:07:00Z,584cb0b0cdd14e608c8b57c8aecc9826f9b40027e365e2438a444ea2,60.16762,24.95415,000000006b44cce7,9.92
81,2019-08-01T19:07:00Z,59ddcdcf2128b058ecbb61e509ba342b0ffbb66826a8b226d741d53b,60.1538,24.95595,0000000038bf9618,25.36
82,2019-08-01T19:07:00Z,5aacae7644a389923b9fb672ba94025b607be2b544269da253fcc963,60.16762,24.95415,000000006b44cce7,12.69
83,2019-08-01T19:07:00Z,5e6934a7e5fbb6d4768eff5073a7538588f884b228a8ba08773fc6df,60.16897,24.95222,00000000aa852af1,23.56
84,2019-08-01T19:07:00Z,5ef4dab55fa30e6264954cb97f76d8ea4bb6ceade5f206dcf9e91ff8,60.16762,24.95415,000000006b44cce7,7.69
85,2019-08-01T19:07:00Z,5f847124915dda1a5b04794d70ba107dad1dd4d59348e2128a67f618,60.17002,24.94407,000000006b087f40,38.87
86,2019-08-01T19:07:00Z,61b5d0a1226c5c0e4d65a98bbb7e104d037bb97ee63a1ff0852e007c,60.16897,24.95222,00000000aa852af1,21.87
87,2019-08-01T19:07:00Z,62e36a9980aa763404dd733d95f886b514e31e818c86c5dc60bb062f,60.16531,24.9442,00000000fdda10fe,18.79
88,2019-08-01T19:07:00Z,65ff3037d8efc39f47c8bb0ebff3d6dc15a3068b4331001e7449ef51,60.16897,24.95222,00000000aa852af1,27.28
89,2019-08-01T19:07:00Z,665440f73250f3a6d381626fb356d4bf0470563bf2a0d254fc588720,60.1538,24.95595,0000000038bf9618,21.87
90,2019-08-01T19:07:00Z,68523ef73d93b9d78ff9d9d232b41ab874a3bc6dea93387c7a1791c3,60.16897,24.95222,00000000aa852af1,9.92
91,2019-08-01T19:07:00Z,6d68ff31b087ee737ba2f13848a02e28c13408ba09cedb7641571aed,60.1538,24.95595,0000000038bf9618,25.36
92,2019-08-01T19:07:00Z,6da3a01a790c72931d0a671140dd268c7b9674f634b9fefa179b1b0d,60.14947,24.91438,000000004ef3150d,10.78
93,2019-08-01T19:07:00Z,6e97ca4f6008d64b455e6909038cd353e0148a1e38e8cb39cb7ea4c6,60.16897,24.95222,00000000aa852af1,27.28
94,2019-08-01T19:07:00Z,70d5afb92d867700fe60f438f195cee478ca5453dbd7b2fa37fb2a31,60.16762,24.95415,000000006b44cce7,9.12
95,2019-08-01T19:07:00Z,71f482a740b7a9148aea158b699f43f16fe07bc8ad2d273cce7355fb,60.149,24.9843,00000000fffb8cf0,33.81
96,2019-08-01T19:07:00Z,72708039662d9dccf00ae48c1fdb65cc8f287d989041d99cfd0cd2c6,60.1538,24.95595,0000000038bf9618,31.5
97,2019-08-01T19:07:00Z,734875c9c30292297c30727abdfe9e7d3822f8618e6c5225279fd9de,60.17002,24.94407,000000006b087f40,23.56
98,2019-08-01T19:07:00Z,7492d533a10d6810d4055cd52f0138aa93cc44c28526989dbe88f63a,60.17002,24.94407,000000006b087f40,16.1
99,2019-08-01T19:07:00Z,77ca8225b8436f602b0692752c053cae0e99a448067e760dfc65ae44,60.17919,24.95181,000000007b5207b6,14.89
100,2019-08-01T19:07:00Z,79053c02a11247d374c19010b5e05d42a6eefa1152638f95acf9abef,60.16897,24.95222,00000000aa852af1,12.69
101,2019-08-01T19:07:00Z,81e78b7ea7361085379dcd3f70dbebfacda5c046991f62107138b30c,60.16897,24.95222,00000000aa852af1,21.87
102,2019-08-01T19:07:00Z,837b721a68b097bf7a8848ea08004edb583f750e6016046f72e686c3,60.16531,24.9442,00000000fdda10fe,23.56
103,2019-08-01T19:07:00Z,89bdbc093ba7e77dd70e9a4e117d2e63b2d2e1d0b0495f32f76d83e7,60.16544,24.95398,0000000038d83d41,25.36
104,2019-08-01T19:07:00Z,89cb358537872e4a41e5f0aa2100ee72d879db18676d6651cb3e5dae,60.16762,24.95415,000000006b44cce7,3.74
105,2019-08-01T19:07:00Z,89f729a721c27e98e1db5389144f00ffa0082578fbac083137ede0b4,60.16829,24.94214,00000000afef4555,14.89
106,2019-08-01T19:07:00Z,8b0c02919149486e07c0e958dd77d73a00b804fef482e231ddaef7f0,60.16762,24.95415,000000006b44cce7,8.38
107,2019-08-01T19:07:00Z,91865d3a1b0b7dca513f3cbe10296f43380d826d3e7cf8fb28738c5a,60.16762,24.95415,000000006b44cce7,13.75
108,2019-08-01T19:07:00Z,9901499c16716c4be544b8efc39433c5e660ca6aab8200d7f23f8521,60.16897,24.95222,00000000aa852af1,18.79
109,2019-08-01T19:07:00Z,9a227705c9b7d2b05aca895261ed2388da086f22dbfd50060aad127b,60.16897,24.95222,00000000aa852af1,25.36
110,2019-08-01T19:07:00Z,9d1fc4aaeb12c04530cb6927de518c8c99ee71bbdd56f45fbc7e865e,60.16762,24.95415,000000006b44cce7,16.1
111,2019-08-01T19:07:00Z,9f5578266e638d497c656730be4ee9142f31ec4386dcf21fa25e2c10,60.16897,24.95222,00000000aa852af1,23.56
112,2019-08-01T19:07:00Z,a1b0b77eb69f75796906a7c21a499c9a8d219ba441f49826c631e042,60.16762,24.95415,000000006b44cce7,11.7
113,2019-08-01T19:07:00Z,ac1ee07e82327d649fe767491624785d7ffa30daf7db084602f8c35d,60.16629,24.95957,00000000fb7600be,13.75
114,2019-08-01T19:07:00Z,ad961d3dc9e13cd242bc3e160f03d40d0dc8daf6db1d51367a21ab0f,60.16629,24.95957,00000000fb7600be,17.4
115,2019-08-01T19:07:00Z,b244b3378025bb58bc5d26e90185a31dec0ea643654fc19b3886f35b,60.16762,24.95415,000000006b44cce7,14.89
116,2019-08-01T19:07:00Z,b302c76d98251b2dd42f5f157aca38a00331a2904c285f554d3176f6,60.1538,24.95595,0000000038bf9618,29.32
117,2019-08-01T19:07:00Z,b313298f02c92d1d091963a2ef3e3a695390996fe64d60585b553c84,60.16762,24.95415,000000006b44cce7,8.38
118,2019-08-01T19:07:00Z,b36e374b18e35706fb2d104853711a1df1cbeeb31d07c53bfb9b399d,60.16762,24.95415,000000006b44cce7,18.79
119,2019-08-01T19:07:00Z,b3784ca392dd6f10e9b2c47d8563c7f832c9d44608df71902b618d06,60.16075,24.95883,00000000f1124bca,36.27
120,2019-08-01T19:07:00Z,b496f0728c9fa2410c3f73bf4752342886fe2099f69145861d7978c8,60.16762,24.95415,000000006b44cce7,14.89
121,2019-08-01T19:07:00Z,c0a0ca3433586ed2ae0e448f2406fabac7292ac79d49562e0bd5cef8,60.16762,24.95415,000000006b44cce7,23.56
122,2019-08-01T19:07:00Z,c20fc6aa214a569b60dcdeadf1dc841792e2a91bc4c03261e73fcac5,60.16897,24.95222,00000000aa852af1,27.28
123,2019-08-01T19:07:00Z,c52413bc3e78f00cb86a2b512a4759da2d414c2b09f8167b33121a06,60.1538,24.95595,0000000038bf9618,29.32
124,2019-08-01T19:07:00Z,c601b219c6e7dae3f1dc9c836ee5ce5edd557c4b0324d664491fd634,60.16762,24.95415,000000006b44cce7,8.38
125,2019-08-01T19:07:00Z,ca3440615ba356654ce55d0a8d102c53236ddd0eedf4b3289f7506c6,60.1538,24.95595,0000000038bf9618,17.4
126,2019-08-01T19:07:00Z,cebe05f587a072f4de1c8b133de90a9155d5ed2e72722e3b2967a859,60.16762,24.95415,000000006b44cce7,17.4
127,2019-08-01T19:07:00Z,d21e778f1e27519837c417e7d7a0c360a00636d87ad3cef40fd5b5f6,60.1538,24.95595,0000000038bf9618,27.28
128,2019-08-01T19:07:00Z,d7de0e81e4b141935743c5ee907fdb1cd6027c5a32b738a58c06f611,60.16829,24.94214,00000000afef4555,29.32
129,2019-08-01T19:07:00Z,d8e00cd4696ddb962d154f73157f06984cc6b5c8227eb2ceb76f97c0,60.17918,24.95141,00000000675d5200,13.75
130,2019-08-01T19:07:00Z,db447edd8e5a949ef7d5e3ea4f161ae0d020c4fbd94a3461ce75ff75,60.16762,24.95415,000000006b44cce7,7.69
131,2019-08-01T19:07:00Z,dc2fab85df15fc96fce4b807702322f958d0fc2771eb78a7be4896eb,60.16762,24.95415,000000006b44cce7,2.8
132,2019-08-01T19:07:00Z,dd75ec617876458bb20b477b7a782b4aead786b9a518a631ffc79fcf,60.16531,24.9442,00000000fdda10fe,16.1
133,2019-08-01T19:07:00Z,de63d3a9703c8985e16c79061bab764d6049b77d5c65ef59067789fb,60.15133,24.92329,00000000e8a064a4,18.79
134,2019-08-01T19:07:00Z,e00ecb28d63a35f8ceba30b0fbb7308a8eb2852a86e3674da8620d42,60.16829,24.94214,00000000afef4555,17.4
135,2019-08-01T19:07:00Z,e3031466fc7a78cddb927fb6af3d0531e4a127f7f64a40d7a335b4ad,60.16897,24.95222,00000000aa852af1,18.79
136,2019-08-01T19:07:00Z,e8f90fca547bf45c2b7b61a872f4db93fbb0b89ba741734d363d4741,60.16544,24.95398,0000000038d83d41,21.87
137,2019-08-01T19:07:00Z,ed3435e26a8e27ead9c6ecbe7e8ee67d9b5e27ba6f39cedc6b4264a6,60.16897,24.95222,00000000aa852af1,18.79
138,2019-08-01T19:07:00Z,ed3c8b728280e6d18a2537a07f2790ae708142014b37f59669319465,60.14947,24.91438,000000004ef3150d,9.92
139,2019-08-01T19:07:00Z,f1eab055efb1e00edf46b414ff92ddfcc38b55cd9ea8febbbe1f23cb,60.16762,24.95415,000000006b44cce7,9.12
140,2019-08-01T19:07:00Z,ffd10647cca66fe1ef7318e268bbd767e4c56d2f736665307f3f099a,60.15133,24.92329,00000000e8a064a4,31.5
141,2019-08-01T19:07:01Z,075be70b0c9febdacbaeeb7cd5008912aad9ce85c22f5ee3d6b77e40,60.16897,24.95222,00000000aa852af1,20.28
142,2019-08-01T19:07:01Z,0add92bb629361fdf34a91a86a1f9e3aed5f10895edae2bd32f97fb0,60.14699,24.922,00000000a53ed894,18.79
143,2019-08-01T19:07:01Z,13d904f7b668478f637de162f9b00c68923ef8c75eb0a9c626bf1aed,60.17002,24.94407,000000006b087f40,25.36
144,2019-08-01T19:07:01Z,14c7e1511b70f4dd3359cbece1377aebb4d70531f5489eefe53d7c3c,60.16544,24.95398,0000000038d83d41,25.36
145,2019-08-01T19:07:01Z,22581e1d9764b88a01034a4cab1a6b02fa4aa770025b9bd340685163,60.15432,24.9211,0000000019fb59c4,16.1
146,2019-08-01T19:07:01Z,24d2f2ddd119efcb13abb0ab2cb53850e9788b6713967ccca4d6e071,60.16897,24.95222,00000000aa852af1,21.87
147,2019-08-01T19:07:01Z,297c725b456ef12d2712634b21546721cbe93224d3a5762d897404f2,60.16762,24.95415,000000006b44cce7,12.69
148,2019-08-01T19:07:01Z,2a49257321c18afc371542fe24c8635bd87935fd575743c7373b0a5d,60.16897,24.95222,00000000aa852af1,14.89
149,2019-08-01T19:07:01Z,2c94897aa62344f630952ad6032f5d7976419125d126b15c1386c8b1,60.1538,24.95595,0000000038bf9618,21.87
150,2019-08-01T19:07:01Z,351407b43e2d2cbb60e7481f6fea88dcd24a9ea0d5a0f63e5073d365,60.16544,24.95398,0000000038d83d41,21.87
151,2019-08-01T19:07:01Z,38e06a6f110b1c26791fe1f73f15bc39088d2786aca6b6e305278e78,60.16762,24.95415,000000006b44cce7,12.69
152,2019-08-01T19:07:01Z,41d3af8da554a2f22a1c6596e0da84fd612b70022b5d295e6b4928e7,60.15432,24.9211,0000000019fb59c4,10.78
153,2019-08-01T19:07:01Z,43b676ed3aef4c2d8846694817e76117873be52e7f788e0cb366c1c4,60.16629,24.95957,00000000fb7600be,29.32
154,2019-08-01T19:07:01Z,44f1947d0640fa977e6056a6b644c7fec2930ccd7ba2750d71429f00,60.16544,24.95398,0000000038d83d41,29.32
155,2019-08-01T19:07:01Z,5802343c3c4b09ee3631f03e16ebb38a3b1999d65e3713eb82377455,60.16544,24.95398,0000000038d83d41,21.87
156,2019-08-01T19:07:01Z,59107c0fb745e0aacace35f3eb6888e9aa1cace3ca066219be32fe54,60.16897,24.95222,00000000aa852af1,17.4
157,2019-08-01T19:07:01Z,5d65719c4cbf045f068d084b72302f447d5fd034413d97d13be00d0e,60.18203,24.91341,00000000342570c2,18.79
158,2019-08-01T19:07:01Z,5eed115a984d490b02b602d73787aee8dc8c4e9365b77fbff3818a76,60.16629,24.95957,00000000fb7600be,27.28
159,2019-08-01T19:07:01Z,6011490fb2e02d0b9d936fa70a06572cb55ffd9a6a7c607cf75c5a71,60.16897,24.95222,00000000aa852af1,25.36
160,2019-08-01T19:07:01Z,66dabd3229229330d23c70e9e1737429ddfe69db01f4a6a00f70fa20,60.16762,24.95415,000000006b44cce7,27.28
161,2019-08-01T19:07:01Z,693099b54f1d14b899f005c233a431270bde084ad2fe05abf597743a,60.16544,24.95398,0000000038d83d41,25.36
162,2019-08-01T19:07:01Z,6a54644283a4f5a6369abe947b4e9faf2ca3c25ef2ea42502cb60c5f,60.15432,24.9211,0000000019fb59c4,12.69
163,2019-08-01T19:07:01Z,6f06341f358e61699fe1e55e986dd0554bc8da28b91daf0c5ad99db6,60.16629,24.95957,00000000fb7600be,38.87
164,2019-08-01T19:07:01Z,71f1ccf548a0ec676009a1185a36ad6c18191be59b397e8261d67443,60.16762,24.95415,000000006b44cce7,14.89
165,2019-08-01T19:07:01Z,77839e655f856d5295739c2388237a95b399c3b8a4f659cd1345d939,60.16829,24.94214,00000000afef4555,21.87
166,2019-08-01T19:07:01Z,7a3db40d91e137d1381ac690a78039878e0baa317ed9a7cd6882df27,60.16762,24.95415,000000006b44cce7,27.28
167,2019-08-01T19:07:01Z,7e9a43fd9918108a1e1f68ee62b044bd361736c1b4ab9261f449fe31,60.15133,24.92329,00000000e8a064a4,21.87
168,2019-08-01T19:07:01Z,87dfaad29a9276ddddb1fa021d3bc23ad14824c1af16f7d87e713689,60.14951,24.92138,0000000006dd41f6,7.69
169,2019-08-01T19:07:01Z,89982a6acf91b79a282a6b63978e946ee205f303fcd20e944e06baf0,60.16544,24.95398,0000000038d83d41,31.5
170,2019-08-01T19:07:01Z,8c75c3289c84fe4493e1e272a77b615fe1985880c5dc68a7c1a17b53,60.16762,24.95415,000000006b44cce7,13.75
171,2019-08-01T19:07:01Z,8cc6ddaa460aeae8cc9e8a33f91a01c8cd4c0c8bf8a943210a28c84d,60.1538,24.95595,0000000038bf9618,14.89
172,2019-08-01T19:07:01Z,9843c6216661048343a0e49cf3d8aa2883cf77f452666a1c873a1052,60.16448,24.97323,0000000053c6c2be,16.1
173,2019-08-01T19:07:01Z,998cc03f527bf413fa7961e89d1a96fa7f80a1bd2c750c25c9b07284,60.16897,24.95222,00000000aa852af1,21.87
174,2019-08-01T19:07:01Z,9a3441615c7a95dad7af50ae16b0ac928f9d84ea590ac67cfa97ef1e,60.16544,24.95398,0000000038d83d41,23.56
175,2019-08-01T19:07:01Z,9c0e0fce4e83eb5a2feef838627befc33df2d59adb4eeec4f0be5147,60.16762,24.95415,000000006b44cce7,20.28
176,2019-08-01T19:07:01Z,a1ba09b019cae8df2ec9396f46a163e5b29858a11380955ed9605985,60.15432,24.9211,0000000019fb59c4,21.87
177,2019-08-01T19:07:01Z,a91d379a4b57c5df22db0d7a041ff69f657b4b31f28554b1011fc03c,60.16544,24.95398,0000000038d83d41,23.56
178,2019-08-01T19:07:01Z,b1d0bb34482e18b4ffa8d09dade09b8c8ecf3065c1666f2a77a51201,60.16531,24.9442,00000000fdda10fe,13.75
179,2019-08-01T19:07:01Z,b33ae7715d6d2571066655c2c8954a5a364b5601869047de83410d9f,60.16629,24.95957,00000000fb7600be,18.79
180,2019-08-01T19:07:01Z,b5fd6b317890e5ab2d79e2cd1abe61626d45a753c7337d0d40728898,60.16762,24.95415,000000006b44cce7,7.69
181,2019-08-01T19:07:01Z,bc47f02c87cebb9928c25d0ad0c1e77fa507b77e58f60e2420264dea,60.15432,24.9211,0000000019fb59c4,12.69
182,2019-08-01T19:07:01Z,c129dd128e6475a9f19e37c93fa734358684320e32cd565e787b0fcb,60.16544,24.95398,0000000038d83d41,27.28
183,2019-08-01T19:07:01Z,c40c37def6bf11a63a2556519a7c6233fd417cdeea2cf14f28e7c42c,60.16531,24.9442,00000000fdda10fe,25.36
184,2019-08-01T19:07:01Z,ce4d251a2c6b56d67533935f9c53278886ef447f18ddca76b92d9335,60.16897,24.95222,00000000aa852af1,9.12
185,2019-08-01T19:07:01Z,cf05623e4d87ce0906c0b0b7dbf53aacc1228016cd27c341228b6e76,60.18203,24.91341,00000000342570c2,18.79
186,2019-08-01T19:07:01Z,e2054d32cca62e6a7762e5583fde4d16233d4fc626f9ff9f3cdc7298,60.16762,24.95415,000000006b44cce7,17.4
187,2019-08-01T19:07:01Z,e4d5e4ce6948a7be641aea768bcfddad2dc69af202e3b5a2bd920370,60.16762,24.95415,000000006b44cce7,18.79
188,2019-08-01T19:07:01Z,edf33dc7691a7d53214cb5ce3adcbd52bcbdc039402d3b3a40e445c0,60.16829,24.94214,00000000afef4555,25.36
189,2019-08-01T19:07:01Z,f088630d7476dae7d4b7e2bb1f10575f2c89acb4b6e061f3d57c2b40,60.16531,24.9442,00000000fdda10fe,20.28
190,2019-08-01T19:07:01Z,fc4f3a44235f1cfc7b53f14ba2da599976a5a0a220d23b852688e485,60.17918,24.95141,00000000675d5200,31.5
191,2019-08-01T19:07:01Z,02eac02a3e757bfd2d4ce7efabd2e80b6cf310c309d50a1a05710c2f,60.16762,24.95415,000000006b44cce7,20.28
192,2019-08-01T19:07:01Z,03f96ba5924665936ec8289dec67456c5aee9a0187f2c4515296f35a,60.16531,24.9442,00000000fdda10fe,1.7
193,2019-08-01T19:07:01Z,07132fd6d81169bbae2102de1791e11dbd3cb72643b6647c96bbfbd4,60.16897,24.95222,00000000aa852af1,12.69
194,2019-08-01T19:07:01Z,0c3ca7689cde0aff8144dee35b9e057c2ac0fb3073e0196798600496,60.16897,24.95222,00000000aa852af1,18.79
195,2019-08-01T19:07:01Z,0ccb4372b2b2991eccd111fd81d9947c676aa7558d364bf42cfdc4c2,60.16762,24.95415,000000006b44cce7,7.69
196,2019-08-01T19:07:01Z,0e2d7bd874345dcf99df5ddabdf67fd7a7aaa7eb569b6698e9e3f70b,60.16531,24.9442,00000000fdda10fe,17.4
197,2019-08-01T19:07:01Z,118287e26d07ec5c0392e34555e0d4342d1eece00a82c8bf29e70a24,60.16629,24.95957,00000000fb7600be,20.28
198,2019-08-01T19:07:01Z,15255cd1b3cb9f0e0faf5b5fec3f2a81636b5e4d0a40d8203c83ff70,60.16762,24.95415,000000006b44cce7,11.7
199,2019-08-01T19:07:01Z,1b76e562e1105f5eaf32e0f2c3f5ba01e2d1b9615b767859bfea15e0,60.16762,24.95415,000000006b44cce7,17.4
200,2019-08-01T19:07:01Z,1bac9776486c96138f3fb023005a1eddcfd7881c397c594b6f731cee,60.14699,24.922,00000000a53ed894,31.5
201,2019-08-01T19:07:01Z,1c2ffb033cdb150d9b618a00007473ae74b8092be1fb5d4f5437a4d2,60.17002,24.94407,000000006b087f40,25.36
202,2019-08-01T19:07:01Z,1ce822ea78b77a35751868e6845e67554982a6df656b3f4074a5c30f,60.14699,24.922,00000000a53ed894,29.32
203,2019-08-01T19:07:01Z,1d12a65466e88a60212505f5d49aadf65e10cbfad6587e298456f042,60.16762,24.95415,000000006b44cce7,9.92
204,2019-08-01T19:07:01Z,1dacfb371d75dd4f90f447aac2a00faad98beb4188a6971c19eb2375,60.16629,24.95957,00000000fb7600be,20.28
205,2019-08-01T19:07:01Z,1ecbc7c6afe89033252e5510cbb893666af2b3bc29f555a3a6287fdb,60.14951,24.92138,0000000006dd41f6,2.8
206,2019-08-01T19:07:01Z,247683e7dd1def863837db2ccf65f6682b20f8ac4f7169260667925e,60.16829,24.94214,00000000afef4555,17.4
207,2019-08-01T19:07:01Z,24d4ce288887545fa455005b2e985a7ae2b08d5c2832ecba6a1b8ff2,60.18203,24.91341,00000000342570c2,20.28
208,2019-08-01T19:07:01Z,255adcec322fd7ee6f361e4de31e0a9b6f3f6418405f1b19c20ae78f,60.16531,24.9442,00000000fdda10fe,21.87
209,2019-08-01T19:07:01Z,25b9a688fda1515f9ff250d01f89c4491af81e3721b9b2348d88d2e3,60.16762,24.95415,000000006b44cce7,20.28
210,2019-08-01T19:07:01Z,2970ecf01426390fc2f4e429f4eccfe3f7737b3d9c588d67fb9b7a93,60.16829,24.94214,00000000afef4555,27.28
211,2019-08-01T19:07:01Z,2bdf98d678eaf96651dbfe1a47b1425e0c3c37446adf6aa3fbbde71b,60.16829,24.94214,00000000afef4555,13.75
212,2019-08-01T19:07:01Z,2cf8abb00c988832c843d58138022a959083fa08649b86c5504a059d,60.16531,24.9442,00000000fdda10fe,16.1
213,2019-08-01T19:07:01Z,34c44ace3a9bf9c8de31de56f041da3f04991de56bfbb7dc29bfd84f,60.14947,24.91438,000000004ef3150d,7.05
214,2019-08-01T19:07:01Z,363e43f689cb7ee0631e93affe9d6ba2b2fef3b4abd93391ee9c4e6e,60.17002,24.94407,000000006b087f40,23.56
215,2019-08-01T19:07:01Z,3b614525e93f3ab2533d66ad19e77ccdd2d80988b29ddfdc9502de28,60.149,24.9843,00000000fffb8cf0,17.4
216,2019-08-01T19:07:01Z,3d6e07410c94383b653ae4efbf06b5b2512150e084fc3978e8d97d91,60.16897,24.95222,00000000aa852af1,14.89
217,2019-08-01T19:07:01Z,4084b226beb3a2a78006c88aea9e71f6f973aabee7a84af7b2ae6c1f,60.16762,24.95415,000000006b44cce7,9.92
218,2019-08-01T19:07:01Z,42f7e3a58b6be24f97099bfa70a7cbb8e8eb9487322477913f031df1,60.16829,24.94214,00000000afef4555,33.81
219,2019-08-01T19:07:01Z,4912ef37f65a8449117ceab308632a71b6a02f8aa3808d89c53849f6,60.16897,24.95222,00000000aa852af1,9.12
220,2019-08-01T19:07:01Z,4b9591e8db0a05bf233b38affe49ecce25d52c960750ca08704d00af,60.16762,24.95415,000000006b44cce7,23.56
221,2019-08-01T19:07:01Z,4c30fee7048f56111807013e1792dab18eb021fb885c2f5327c094a5,60.1538,24.95595,0000000038bf9618,5.91
222,2019-08-01T19:07:01Z,4f842169d61058106b978b4ab09f503338f14cf2a4166b754dd1f08d,60.1538,24.95595,0000000038bf9618,9.92
223,2019-08-01T19:07:01Z,52c8aaec3d003002723db25b5ab47944acf7e4d7e46926ae72bfd5fb,60.16762,24.95415,000000006b44cce7,17.4
224,2019-08-01T19:07:01Z,54aec80f83440c64d4d326b4e132046c74f1427fff9bbbb689026132,60.16762,24.95415,000000006b44cce7,17.4
225,2019-08-01T19:07:01Z,560b115f78074a86b0e4e28761eca8dcbae1ed13f8030590c301de09,60.16897,24.95222,00000000aa852af1,6.46
226,2019-08-01T19:07:01Z,584743ec67ad39bc24ae9f306653efa427056434479c3307f24372ff,60.16531,24.9442,00000000fdda10fe,9.12
227,2019-08-01T19:07:01Z,584cb0b0cdd14e608c8b57c8aecc9826f9b40027e365e2438a444ea2,60.16762,24.95415,000000006b44cce7,9.92
228,2019-08-01T19:07:01Z,59ddcdcf2128b058ecbb61e509ba342b0ffbb66826a8b226d741d53b,60.1538,24.95595,0000000038bf9618,20.28
229,2019-08-01T19:07:01Z,5c81fe7926d96c141ab00ec89d14d7a2168a1d266120d470ea8a5235,60.16762,24.95415,000000006b44cce7,11.7
230,2019-08-01T19:07:01Z,5c840325fc0d74d95cde5d92af1ad4ffe9253951f16218410ad11a58,60.18203,24.91341,00000000342570c2,17.4
231,2019-08-01T19:07:01Z,5e6934a7e5fbb6d4768eff5073a7538588f884b228a8ba08773fc6df,60.16897,24.95222,00000000aa852af1,27.28
232,2019-08-01T19:07:01Z,62e36a9980aa763404dd733d95f886b514e31e818c86c5dc60bb062f,60.16531,24.9442,00000000fdda10fe,21.87
233,2019-08-01T19:07:01Z,665440f73250f3a6d381626fb356d4bf0470563bf2a0d254fc588720,60.1538,24.95595,0000000038bf9618,33.81
234,2019-08-01T19:07:01Z,68523ef73d93b9d78ff9d9d232b41ab874a3bc6dea93387c7a1791c3,60.16897,24.95222,00000000aa852af1,18.79
235,2019-08-01T19:07:01Z,6c11fa2ea037fcf94acc1d8fa882fece05858ccb512d4a0570755bcc,60.16448,24.97323,0000000053c6c2be,27.28
236,2019-08-01T19:07:01Z,6d68ff31b087ee737ba2f13848a02e28c13408ba09cedb7641571aed,60.1538,24.95595,0000000038bf9618,36.27
237,2019-08-01T19:07:01Z,6da3a01a790c72931d0a671140dd268c7b9674f634b9fefa179b1b0d,60.14947,24.91438,000000004ef3150d,11.7
238,2019-08-01T19:07:01Z,6e97ca4f6008d64b455e6909038cd353e0148a1e38e8cb39cb7ea4c6,60.16897,24.95222,00000000aa852af1,29.32
239,2019-08-01T19:07:01Z,70d5afb92d867700fe60f438f195cee478ca5453dbd7b2fa37fb2a31,60.16762,24.95415,000000006b44cce7,3.4
240,2019-08-01T19:07:01Z,72708039662d9dccf00ae48c1fdb65cc8f287d989041d99cfd0cd2c6,60.1538,24.95595,0000000038bf9618,23.56
241,2019-08-01T19:07:01Z,734875c9c30292297c30727abdfe9e7d3822f8618e6c5225279fd9de,60.17002,24.94407,000000006b087f40,31.5
242,2019-08-01T19:07:01Z,7492d533a10d6810d4055cd52f0138aa93cc44c28526989dbe88f63a,60.17002,24.94407,000000006b087f40,38.87
243,2019-08-01T19:07:01Z,77ca8225b8436f602b0692752c053cae0e99a448067e760dfc65ae44,60.17918,24.95141,00000000675d5200,18.79
244,2019-08-01T19:07:01Z,79053c02a11247d374c19010b5e05d42a6eefa1152638f95acf9abef,60.16897,24.95222,00000000aa852af1,21.87
245,2019-08-01T19:07:01Z,7d6565fd3b3000b56ca4f6cb24fdf58ca3f647b9db8f8759c37d83e2,60.16762,24.95415,000000006b44cce7,18.79
246,2019-08-01T19:07:01Z,7f01654c51d95658c9fe7585e852f358acd86a2ef3f1532c0a8111e0,60.16762,24.95415,000000006b44cce7,0.59
247,2019-08-01T19:07:01Z,81e78b7ea7361085379dcd3f70dbebfacda5c046991f62107138b30c,60.16897,24.95222,00000000aa852af1,10.78
248,2019-08-01T19:07:01Z,837b721a68b097bf7a8848ea08004edb583f750e6016046f72e686c3,60.16531,24.9442,00000000fdda10fe,17.4
249,2019-08-01T19:07:01Z,849093b4a341bb93ef4a63b45f01026ed838cc87d7507a7821e2ca51,60.16897,24.95222,00000000aa852af1,27.28
250,2019-08-01T19:07:01Z,88dcac6264af7ef42c230d33614164edb55255aa0b9a8962ece42089,60.16762,24.95415,000000006b44cce7,2.08
251,2019-08-01T19:07:01Z,89bdbc093ba7e77dd70e9a4e117d2e63b2d2e1d0b0495f32f76d83e7,60.16544,24.95398,0000000038d83d41,31.5
252,2019-08-01T19:07:01Z,89f729a721c27e98e1db5389144f00ffa0082578fbac083137ede0b4,60.16829,24.94214,00000000afef4555,18.79
253,2019-08-01T19:07:01Z,8a05f0b00264eeb31fc7c6ab766c2d79ff86aec7152f579fb84b4307,60.16762,24.95415,000000006b44cce7,14.89
254,2019-08-01T19:07:01Z,8b0c02919149486e07c0e958dd77d73a00b804fef482e231ddaef7f0,60.16762,24.95415,000000006b44cce7,8.38
255,2019-08-01T19:07:01Z,8dfb9e8ca68491f5231116ccdfdb085e09137324b8ab8834eb983e78,60.16829,24.94214,00000000afef4555,17.4
256,2019-08-01T19:07:01Z,91865d3a1b0b7dca513f3cbe10296f43380d826d3e7cf8fb28738c5a,60.16762,24.95415,000000006b44cce7,12.69
257,2019-08-01T19:07:01Z,9232f877393731ce75d59bf0a914ef055c65411f51e7e238fcc62890,60.16897,24.95222,00000000aa852af1,21.87
258,2019-08-01T19:07:01Z,9901499c16716c4be544b8efc39433c5e660ca6aab8200d7f23f8521,60.16897,24.95222,00000000aa852af1,12.69
259,2019-08-01T19:07:01Z,99a026b5100e23129fa529e9a57a3dbc8490dc03b58f2193f03e2dcf,60.16531,24.9442,00000000fdda10fe,17.4
260,2019-08-01T19:07:01Z,9d1fc4aaeb12c04530cb6927de518c8c99ee71bbdd56f45fbc7e865e,60.16762,24.95415,000000006b44cce7,12.69
261,2019-08-01T19:07:01Z,9f5578266e638d497c656730be4ee9142f31ec4386dcf21fa25e2c10,60.16897,24.95222,00000000aa852af1,23.56
262,2019-08-01T19:07:01Z,ac1ee07e82327d649fe767491624785d7ffa30daf7db084602f8c35d,60.16629,24.95957,00000000fb7600be,12.69
263,2019-08-01T19:07:01Z,ad961d3dc9e13cd242bc3e160f03d40d0dc8daf6db1d51367a21ab0f,60.16629,24.95957,00000000fb7600be,18.79
264,2019-08-01T19:07:01Z,b302c76d98251b2dd42f5f157aca38a00331a2904c285f554d3176f6,60.1538,24.95595,0000000038bf9618,17.4
265,2019-08-01T19:07:01Z,b313298f02c92d1d091963a2ef3e3a695390996fe64d60585b553c84,60.16762,24.95415,000000006b44cce7,5.91
266,2019-08-01T19:07:01Z,b496f0728c9fa2410c3f73bf4752342886fe2099f69145861d7978c8,60.16762,24.95415,000000006b44cce7,11.7
267,2019-08-01T19:07:01Z,c35d5748c8c821a5741397460220c321b1edc28b9bc60708d949eddd,60.16544,24.95398,0000000038d83d41,27.28
268,2019-08-01T19:07:01Z,c52413bc3e78f00cb86a2b512a4759da2d414c2b09f8167b33121a06,60.1538,24.95595,0000000038bf9618,36.27
269,2019-08-01T19:07:01Z,c601b219c6e7dae3f1dc9c836ee5ce5edd557c4b0324d664491fd634,60.16762,24.95415,000000006b44cce7,18.79
270,2019-08-01T19:07:01Z,ca3440615ba356654ce55d0a8d102c53236ddd0eedf4b3289f7506c6,60.1538,24.95595,0000000038bf9618,20.28
271,2019-08-01T19:07:01Z,cebe05f587a072f4de1c8b133de90a9155d5ed2e72722e3b2967a859,60.16762,24.95415,000000006b44cce7,14.89
272,2019-08-01T19:07:01Z,d1ff045b793625402a94dadbc018b7e33d3370dc21063f2bc5d89fa8,60.16762,24.95415,000000006b44cce7,18.79
273,2019-08-01T19:07:01Z,d5037e6108ec3af97821da4a069997e760fa391d75f1a9d0e22432dd,60.16897,24.95222,00000000aa852af1,31.5
274,2019-08-01T19:07:01Z,d8e00cd4696ddb962d154f73157f06984cc6b5c8227eb2ceb76f97c0,60.17918,24.95141,00000000675d5200,14.89
275,2019-08-01T19:07:01Z,db447edd8e5a949ef7d5e3ea4f161ae0d020c4fbd94a3461ce75ff75,60.16762,24.95415,000000006b44cce7,4.94
276,2019-08-01T19:07:01Z,dd75ec617876458bb20b477b7a782b4aead786b9a518a631ffc79fcf,60.16531,24.9442,00000000fdda10fe,29.32
277,2019-08-01T19:07:01Z,de63d3a9703c8985e16c79061bab764d6049b77d5c65ef59067789fb,60.15133,24.92329,00000000e8a064a4,38.87
278,2019-08-01T19:07:01Z,e00ecb28d63a35f8ceba30b0fbb7308a8eb2852a86e3674da8620d42,60.16829,24.94214,00000000afef4555,17.4
279,2019-08-01T19:07:01Z,e3031466fc7a78cddb927fb6af3d0531e4a127f7f64a40d7a335b4ad,60.16897,24.95222,00000000aa852af1,9.92
280,2019-08-01T19:07:01Z,e33b5b73fc330a4ae9557a8f2cc6e585f36f1d371f1718fd053f50bf,60.149,24.9843,00000000fffb8cf0,31.5
281,2019-08-01T19:07:01Z,ed3c8b728280e6d18a2537a07f2790ae708142014b37f59669319465,60.14947,24.91438,000000004ef3150d,9.92
282,2019-08-01T19:07:01Z,ed8def8519c7c105349c5906e1d076b2cb93f3b823fdd76241c4a31a,60.16762,24.95415,000000006b44cce7,14.89
283,2019-08-01T19:07:01Z,f1a30062532bba0819c7b9014f823fafab4bc99d262987616aad90ee,60.149,24.9843,00000000fffb8cf0,27.28
284,2019-08-01T19:07:01Z,f1eab055efb1e00edf46b414ff92ddfcc38b55cd9ea8febbbe1f23cb,60.16762,24.95415,000000006b44cce7,9.92
285,2019-08-01T19:07:02Z,075be70b0c9febdacbaeeb7cd5008912aad9ce85c22f5ee3d6b77e40,60.16897,24.95222,00000000aa852af1,21.87
286,2019-08-01T19:07:02Z,0add92bb629361fdf34a91a86a1f9e3aed5f10895edae2bd32f97fb0,60.14699,24.922,00000000a53ed894,17.4
287,2019-08-01T19:07:02Z,14c7e1511b70f4dd3359cbece1377aebb4d70531f5489eefe53d7c3c,60.16544,24.95398,0000000038d83d41,27.28
288,2019-08-01T19:07:02Z,165ebbb4090d47319ae370f0d0854fdc1f6b79499f8b2e4d3c3533c0,60.16544,24.95398,0000000038d83d41,29.32
289,2019-08-01T19:07:02Z,22581e1d9764b88a01034a4cab1a6b02fa4aa770025b9bd340685163,60.15432,24.9211,0000000019fb59c4,18.79
290,2019-08-01T19:07:02Z,24d2f2ddd119efcb13abb0ab2cb53850e9788b6713967ccca4d6e071,60.16897,24.95222,00000000aa852af1,27.28
291,2019-08-01T19:07:02Z,297c725b456ef12d2712634b21546721cbe93224d3a5762d897404f2,60.16762,24.95415,000000006b44cce7,11.7
292,2019-08-01T19:07:02Z,2a49257321c18afc371542fe24c8635bd87935fd575743c7373b0a5d,60.16897,24.95222,00000000aa852af1,17.4
293,2019-08-01T19:07:02Z,2c94897aa62344f630952ad6032f5d7976419125d126b15c1386c8b1,60.1538,24.95595,0000000038bf9618,23.56
294,2019-08-01T19:07:02Z,351407b43e2d2cbb60e7481f6fea88dcd24a9ea0d5a0f63e5073d365,60.16544,24.95398,0000000038d83d41,31.5
295,2019-08-01T19:07:02Z,38e06a6f110b1c26791fe1f73f15bc39088d2786aca6b6e305278e78,60.16762,24.95415,000000006b44cce7,7.05
296,2019-08-01T19:07:02Z,3944bc7a301be7241d1f7bc4a97f221000d535ce3d8a9af9af9b23b5,60.16531,24.9442,00000000fdda10fe,25.36
297,2019-08-01T19:07:02Z,41d3af8da554a2f22a1c6596e0da84fd612b70022b5d295e6b4928e7,60.15432,24.9211,0000000019fb59c4,13.75
298,2019-08-01T19:07:02Z,43b676ed3aef4c2d8846694817e76117873be52e7f788e0cb366c1c4,60.16629,24.95957,00000000fb7600be,27.28
299,2019-08-01T19:07:02Z,5802343c3c4b09ee3631f03e16ebb38a3b1999d65e3713eb82377455,60.16544,24.95398,0000000038d83d41,18.79
300,2019-08-01T19:07:02Z,59107c0fb745e0aacace35f3eb6888e9aa1cace3ca066219be32fe54,60.16897,24.95222,00000000aa852af1,21.87
301,2019-08-01T19:07:02Z,5bbb5184fded3e51bc78e45e39917794285e6bbc72da404802a9599a,60.16531,24.9442,00000000fdda10fe,20.28
302,2019-08-01T19:07:02Z,5d65719c4cbf045f068d084b72302f447d5fd034413d97d13be00d0e,60.18203,24.91341,00000000342570c2,17.4
303,2019-08-01T19:07:02Z,5eed115a984d490b02b602d73787aee8dc8c4e9365b77fbff3818a76,60.16629,24.95957,00000000fb7600be,23.56
304,2019-08-01T19:07:02Z,6011490fb2e02d0b9d936fa70a06572cb55ffd9a6a7c607cf75c5a71,60.16897,24.95222,00000000aa852af1,25.36
305,2019-08-01T19:07:02Z,693099b54f1d14b899f005c233a431270bde084ad2fe05abf597743a,60.16544,24.95398,0000000038d83d41,23.56
306,2019-08-01T19:07:02Z,6a54644283a4f5a6369abe947b4e9faf2ca3c25ef2ea42502cb60c5f,60.15432,24.9211,0000000019fb59c4,25.36
307,2019-08-01T19:07:02Z,6f06341f358e61699fe1e55e986dd0554bc8da28b91daf0c5ad99db6,60.16629,24.95957,00000000fb7600be,31.5
308,2019-08-01T19:07:02Z,71f1ccf548a0ec676009a1185a36ad6c18191be59b397e8261d67443,60.16762,24.95415,000000006b44cce7,9.92
309,2019-08-01T19:07:02Z,747f2d1ebff218c0ebbdc0fdaef4cbe56633dfb46ae1b1f8c8142201,60.16762,24.95415,000000006b44cce7,18.79
310,2019-08-01T19:07:02Z,77839e655f856d5295739c2388237a95b399c3b8a4f659cd1345d939,60.16829,24.94214,00000000afef4555,23.56
311,2019-08-01T19:07:02Z,7a3db40d91e137d1381ac690a78039878e0baa317ed9a7cd6882df27,60.16762,24.95415,000000006b44cce7,18.79
312,2019-08-01T19:07:02Z,7d32d63e6fe84de5c784329032dec6f424d79e9ac4a0a2f02fd4a485,60.149,24.9843,00000000fffb8cf0,38.87
313,2019-08-01T19:07:02Z,87dfaad29a9276ddddb1fa021d3bc23ad14824c1af16f7d87e713689,60.14951,24.92138,0000000006dd41f6,7.05
314,2019-08-01T19:07:02Z,8c75c3289c84fe4493e1e272a77b615fe1985880c5dc68a7c1a17b53,60.16762,24.95415,000000006b44cce7,10.78
315,2019-08-01T19:07:02Z,8cc6ddaa460aeae8cc9e8a33f91a01c8cd4c0c8bf8a943210a28c84d,60.1538,24.95595,0000000038bf9618,14.89
316,2019-08-01T19:07:02Z,9843c6216661048343a0e49cf3d8aa2883cf77f452666a1c873a1052,60.16448,24.97323,0000000053c6c2be,13.75
317,2019-08-01T19:07:02Z,998cc03f527bf413fa7961e89d1a96fa7f80a1bd2c750c25c9b07284,60.16897,24.95222,00000000aa852af1,25.36
318,2019-08-01T19:07:02Z,9a3441615c7a95dad7af50ae16b0ac928f9d84ea590ac67cfa97ef1e,60.16544,24.95398,0000000038d83d41,29.32
319,2019-08-01T19:07:02Z,9c0e0fce4e83eb5a2feef838627befc33df2d59adb4eeec4f0be5147,60.16762,24.95415,000000006b44cce7,14.89
320,2019-08-01T19:07:02Z,a1ba09b019cae8df2ec9396f46a163e5b29858a11380955ed9605985,60.15432,24.9211,0000000019fb59c4,12.69
321,2019-08-01T19:07:02Z,a3a21ef15e1883941a7ed2eb6150357ae068aa4b0b6ce6ca0482ea3a,60.16762,24.95415,000000006b44cce7,23.56
322,2019-08-01T19:07:02Z,b1d0bb34482e18b4ffa8d09dade09b8c8ecf3065c1666f2a77a51201,60.16531,24.9442,00000000fdda10fe,18.79
323,2019-08-01T19:07:02Z,b33ae7715d6d2571066655c2c8954a5a364b5601869047de83410d9f,60.16629,24.95957,00000000fb7600be,21.87
324,2019-08-01T19:07:02Z,bc47f02c87cebb9928c25d0ad0c1e77fa507b77e58f60e2420264dea,60.15432,24.9211,0000000019fb59c4,12.69
325,2019-08-01T19:07:02Z,c129dd128e6475a9f19e37c93fa734358684320e32cd565e787b0fcb,60.16544,24.95398,0000000038d83d41,33.81
326,2019-08-01T19:07:02Z,c40c37def6bf11a63a2556519a7c6233fd417cdeea2cf14f28e7c42c,60.16531,24.9442,00000000fdda10fe,21.87
