,time,hash,latitude,longitude,serial,distance
0,2019-08-03T01:15:00Z,072dc794e212cfe9866e1242d801701f299d36f4aea2da25e22246cc,60.16762,24.95415,000000006b44cce7,9.12
1,2019-08-03T01:15:00Z,126e7fa4dd9205201617bdc0c7c346bfb57e1a75d3d7d3d9c260d51b,60.16897,24.95222,00000000aa852af1,14.89
2,2019-08-03T01:15:00Z,129dad6828fb3e17a08cbc4f37bc09bbf2759d63eefc3cd646806e36,60.16897,24.95222,00000000aa852af1,27.28
3,2019-08-03T01:15:00Z,14c7e1511b70f4dd3359cbece1377aebb4d70531f5489eefe53d7c3c,60.16544,24.95398,0000000038d83d41,20.28
4,2019-08-03T01:15:00Z,165ebbb4090d47319ae370f0d0854fdc1f6b79499f8b2e4d3c3533c0,60.16544,24.95398,0000000038d83d41,44.58
5,2019-08-03T01:15:00Z,17b28910b6cbc057680693633275c4ca53938281bc38178f96c44947,60.17002,24.94407,000000006b087f40,31.5
6,2019-08-03T01:15:00Z,1d513a9eda6958eaa6394ca7a03bb7c0beb946191e40ea22378b96fa,60.16762,24.95415,000000006b44cce7,14.89
7,2019-08-03T01:15:00Z,2448a4a7bacce376bf9041799fcd0ba60e3c1179e1fdfc9d7463f44f,60.15432,24.9211,0000000019fb59c4,29.32
8,2019-08-03T01:15:00Z,27391f5fe0d6372b87fd8909e6325800f7d4a552f40b0bad20ffa5f0,60.16762,24.95415,000000006b44cce7,10.78
9,2019-08-03T01:15:00Z,297c725b456ef12d2712634b21546721cbe93224d3a5762d897404f2,60.16762,24.95415,000000006b44cce7,18.79
10,2019-08-03T01:15:00Z,2a93b61a3863ace54349d7a0937e4134fcc6d4dfcf064eefae2b7cf8,60.15432,24.9211,0000000019fb59c4,13.75
11,2019-08-03T01:15:00Z,2af9f18ec38ddcce3e687bdf1a0e3d95da68f65a2028ee4a3bdeddab,60.15432,24.9211,0000000019fb59c4,16.1
12,2019-08-03T01:15:00Z,3193ebc4e01b4451b1242fd69a62b4a3af31c0150312780985ad1d1a,60.16762,24.95415,000000006b44cce7,9.12
13,2019-08-03T01:15:00Z,43b676ed3aef4c2d8846694817e76117873be52e7f788e0cb366c1c4,60.16629,24.95957,00000000fb7600be,25.36
14,2019-08-03T01:15:00Z,52f6a3a3aa57239ef1fb406b6d276ffea0771b2d59b02598092b8971,60.16762,24.95415,000000006b44cce7,18.79
15,2019-08-03T01:15:00Z,5b40777f3d5dd1d46096c212f6ee450c32147d35646aafa682f23e5c,60.16762,24.95415,000000006b44cce7,31.5
16,2019-08-03T01:15:00Z,5bbb5184fded3e51bc78e45e39917794285e6bbc72da404802a9599a,60.16531,24.9442,00000000fdda10fe,23.56
17,2019-08-03T01:15:00Z,5d65719c4cbf045f068d084b72302f447d5fd034413d97d13be00d0e,60.18203,24.91341,00000000342570c2,20.28
18,2019-08-03T01:15:00Z,5eed115a984d490b02b602d73787aee8dc8c4e9365b77fbff3818a76,60.16629,24.95957,00000000fb7600be,27.28
19,2019-08-03T01:15:00Z,6f06341f358e61699fe1e55e986dd0554bc8da28b91daf0c5ad99db6,60.16629,24.95957,00000000fb7600be,31.5
20,2019-08-03T01:15:00Z,6ff437688c444238352c28f64f9d2a7d0f14d19c9ea42c225380501e,60.16762,24.95415,000000006b44cce7,17.4
21,2019-08-03T01:15:00Z,747f2d1ebff218c0ebbdc0fdaef4cbe56633dfb46ae1b1f8c8142201,60.16762,24.95415,000000006b44cce7,18.79
22,2019-08-03T01:15:00Z,77839e655f856d5295739c2388237a95b399c3b8a4f659cd1345d939,60.16829,24.94214,00000000afef4555,25.36
23,2019-08-03T01:15:00Z,7a3db40d91e137d1381ac690a78039878e0baa317ed9a7cd6882df27,60.16762,24.95415,000000006b44cce7,21.87
24,2019-08-03T01:15:00Z,87dfaad29a9276ddddb1fa021d3bc23ad14824c1af16f7d87e713689,60.14951,24.92138,0000000006dd41f6,9.12
25,2019-08-03T01:15:00Z,8c75c3289c84fe4493e1e272a77b615fe1985880c5dc68a7c1a17b53,60.16762,24.95415,000000006b44cce7,10.78
26,2019-08-03T01:15:00Z,8ff60f950161ed884860c37d18e95c683a57d568528f4083008a5dd8,60.15432,24.9211,0000000019fb59c4,16.1
27,2019-08-03T01:15:00Z,91c0db5a8cd889a1464ea18808322bd2e22fd8c273667c689d23c9eb,60.16629,24.95957,00000000fb7600be,20.28
28,2019-08-03T01:15:00Z,9843c6216661048343a0e49cf3d8aa2883cf77f452666a1c873a1052,60.16448,24.97323,0000000053c6c2be,16.1
29,2019-08-03T01:15:00Z,9bb380fc9f080144be8ae30a8eff5d11da1fcf4623972f245c104e10,60.17002,24.94407,000000006b087f40,29.32
30,2019-08-03T01:15:00Z,a406256e97e44cd5d29d17c9e83901297c54bc0b9f5950341e2b23e8,60.16762,24.95415,000000006b44cce7,20.28
31,2019-08-03T01:15:00Z,a91d379a4b57c5df22db0d7a041ff69f657b4b31f28554b1011fc03c,60.16544,24.95398,0000000038d83d41,36.27
32,2019-08-03T01:15:00Z,b33ae7715d6d2571066655c2c8954a5a364b5601869047de83410d9f,60.16629,24.95957,00000000fb7600be,21.87
33,2019-08-03T01:15:00Z,b4faf2d3c4d2b199afeab6ab63b583fe3a2e81e14abbef6917f25129,60.15432,24.9211,0000000019fb59c4,9.92
34,2019-08-03T01:15:00Z,b5fd6b317890e5ab2d79e2cd1abe61626d45a753c7337d0d40728898,60.16762,24.95415,000000006b44cce7,12.69
35,2019-08-03T01:15:00Z,bb52abe4edeb7604c7a55e84373a051fe6adeac1849883eb0877f237,60.15432,24.9211,0000000019fb59c4,25.36
36,2019-08-03T01:15:00Z,bb98768dad0f7c52cf643f035a3e7e48f5cfe28557c66f2a75914b31,60.15432,24.9211,0000000019fb59c4,14.89
37,2019-08-03T01:15:00Z,c40c37def6bf11a63a2556519a7c6233fd417cdeea2cf14f28e7c42c,60.16531,24.9442,00000000fdda10fe,17.4
38,2019-08-03T01:15:00Z,cd2288af5307ba6b18d35c31efd81779139b87e55c43bdef4f5cc438,60.16762,24.95415,000000006b44cce7,17.4
39,2019-08-03T01:15:00Z,ce197d5eedb5498917afe7ca3f7275ffeb191f0c5d050bffa154c1d2,60.16531,24.9442,00000000fdda10fe,36.27
40,2019-08-03T01:15:00Z,cf05623e4d87ce0906c0b0b7dbf53aacc1228016cd27c341228b6e76,60.18203,24.91341,00000000342570c2,16.1
41,2019-08-03T01:15:00Z,da3f8a9924ac789c223fe629d063aa23403ffed3bf8166bd44e4d0d0,60.16762,24.95415,000000006b44cce7,12.69
42,2019-08-03T01:15:00Z,ea2af410359f5c862dbc71554cc0b6ea29d823a91db3209fcd2a8c76,60.16762,24.95415,000000006b44cce7,12.69
43,2019-08-03T01:15:00Z,ed70dda6b7faebd4340dacdb452ab224d9d3c308df417b7fa76f54e8,60.14951,24.92138,0000000006dd41f6,21.87
44,2019-08-03T01:15:00Z,f088630d7476dae7d4b7e2bb1f10575f2c89acb4b6e061f3d57c2b40,60.16531,24.9442,00000000fdda10fe,21.87
45,2019-08-03T01:15:00Z,fa174c07354fca0bb5a193097c3a41f5c79ba61efc1b2f1dd7ae2312,60.16762,24.95415,000000006b44cce7,12.69
46,2019-08-03T01:15:00Z,fc4f3a44235f1cfc7b53f14ba2da599976a5a0a220d23b852688e485,60.17919,24.95181,000000007b5207b6,20.28
47,2019-08-03T01:15:00Z,0b464f5848688dceb8d22849922348a6c03ac9767322bbc7a5fa98df,60.14947,24.91438,000000004ef3150d,9.12
48,2019-08-03T01:15:00Z,2142821dbdfd0c8de0dfc0067db2d17aa9b3989b72fc0f1e8db8cf04,60.15432,24.9211,0000000019fb59c4,14.89
49,2019-08-03T01:15:00Z,2b32f7c4ca8e8d620d956253ba0d94f3c9d161b4f87f0e5dd4a432dc,60.16531,24.9442,00000000fdda10fe,7.69
50,2019-08-03T01:15:00Z,2d941d6bfbfdebdec214f627545a61fb909cd296b573e7f0aefbef22,60.17918,24.95141,00000000675d5200,8.38
51,2019-08-03T01:15:00Z,2fa090220a8a7a13ff7267e4c72efcb4e66c4f84b667d36ff8cdfb82,60.14947,24.91438,000000004ef3150d,12.69
52,2019-08-03T01:15:00Z,361f937ab1057efd291aadfbf88395a903b0bbcfff8ee3afe1431a31,60.16544,24.95398,0000000038d83d41,31.5
53,2019-08-03T01:15:00Z,3a44b2ba7b97340b1705fd0b603bda999a092b5424e505944f41cbb0,60.16762,24.95415,000000006b44cce7,5.91
54,2019-08-03T01:15:00Z,40bb1221a28250b70848ca32b6e9b42e065a06cac983aec508eecee0,60.17918,24.95141,00000000675d5200,25.36
55,2019-08-03T01:15:00Z,47fb1d44ab56f44efe34dd9a1922020359bb39f796a900b4496a548a,60.16531,24.9442,00000000fdda10fe,29.32
56,2019-08-03T01:15:00Z,48623ac81d1a71628cb26d880708581d6fddc022db81612f760886cd,60.16629,24.95957,00000000fb7600be,29.32
57,2019-08-03T01:15:00Z,574a2628fc57840e59a9dcec20c69db0cec5b0daddd41bb9076cf378,60.1538,24.95595,0000000038bf9618,16.1
58,2019-08-03T01:15:00Z,584cb0b0cdd14e608c8b57c8aecc9826f9b40027e365e2438a444ea2,60.16762,24.95415,000000006b44cce7,10.78
59,2019-08-03T01:15:00Z,6f4e097600e942507d9ab35bbc08fd188cbc4da1abf81619e6f15cf3,60.17002,24.94407,000000006b087f40,31.5
60,2019-08-03T01:15:00Z,74cb545f76f0bfc5498607247e26e814276a11ce91f77208054ecbc5,60.17002,24.94407,000000006b087f40,25.36
61,2019-08-03T01:15:00Z,8dba986c01f748d7f8c0a2c427f507f8c2802a66084f257e077d7504,60.149,24.9843,00000000fffb8cf0,18.79
62,2019-08-03T01:15:00Z,95f0c89d6a052599843c4003914c43b71680f01e86a56ceb95515a9b,60.16629,24.95957,00000000fb7600be,20.28
63,2019-08-03T01:15:00Z,a8d7bab5f9f93fe6033dd47c6ed83c9a44dde5533a47a1ac1814611c,60.14699,24.922,00000000a53ed894,23.56
64,2019-08-03T01:15:00Z,bce618a5fc01539a46b6b58601821e9d0abecff0c5ccecc0a9ffcdf6,60.17002,24.94407,000000006b087f40,31.5
65,2019-08-03T01:15:00Z,cd98e74aac9a19bc49fd0b669013d5f13d6052a81f2a92262ba75816,60.17002,24.94407,000000006b087f40,21.87
66,2019-08-03T01:15:00Z,d74d0801a8669acf93bbe667cb5b7a44be3ba08eeb1b7bdba11f8849,60.16448,24.97323,0000000053c6c2be,29.32
67,2019-08-03T01:15:00Z,f5fdff009149aa84bee9835c2bab4d9d2b15e786e3beafb86a531932,60.16544,24.95398,0000000038d83d41,29.32
68,2019-08-03T01:15:00Z,f879023c1a69a70cedc036f1f2d82cc4f60cd0ccf45ce31e4382e977,60.17002,24.94407,000000006b087f40,21.87
69,2019-08-03T01:15:00Z,f9399339c3de44774896319d3f291771cebcaf2666df1d6062469882,60.16531,24.9442,00000000fdda10fe,23.56
70,2019-08-03T01:15:01Z,03e0fc996a589ccdf1871b3c78e089c08c93ba1f2a02d740fb384aac,60.16531,24.9442,00000000fdda10fe,31.5
71,2019-08-03T01:15:01Z,072dc794e212cfe9866e1242d801701f299d36f4aea2da25e22246cc,60.16762,24.95415,000000006b44cce7,9.92
72,2019-08-03T01:15:01Z,126e7fa4dd9205201617bdc0c7c346bfb57e1a75d3d7d3d9c260d51b,60.16897,24.95222,00000000aa852af1,16.1
73,2019-08-03T01:15:01Z,129dad6828fb3e17a08cbc4f37bc09bbf2759d63eefc3cd646806e36,60.16897,24.95222,00000000aa852af1,31.5
74,2019-08-03T01:15:01Z,14c7e1511b70f4dd3359cbece1377aebb4d70531f5489eefe53d7c3c,60.16544,24.95398,0000000038d83d41,23.56
75,2019-08-03T01:15:01Z,165ebbb4090d47319ae370f0d0854fdc1f6b79499f8b2e4d3c3533c0,60.16544,24.95398,0000000038d83d41,25.36
76,2019-08-03T01:15:01Z,1d513a9eda6958eaa6394ca7a03bb7c0beb946191e40ea22378b96fa,60.16762,24.95415,000000006b44cce7,16.1
77,2019-08-03T01:15:01Z,2448a4a7bacce376bf9041799fcd0ba60e3c1179e1fdfc9d7463f44f,60.15432,24.9211,0000000019fb59c4,31.5
78,2019-08-03T01:15:01Z,27391f5fe0d6372b87fd8909e6325800f7d4a552f40b0bad20ffa5f0,60.16762,24.95415,000000006b44cce7,10.78
79,2019-08-03T01:15:01Z,297c725b456ef12d2712634b21546721cbe93224d3a5762d897404f2,60.16762,24.95415,000000006b44cce7,18.79
80,2019-08-03T01:15:01Z,2a93b61a3863ace54349d7a0937e4134fcc6d4dfcf064eefae2b7cf8,60.15432,24.9211,0000000019fb59c4,14.89
81,2019-08-03T01:15:01Z,2af9f18ec38ddcce3e687bdf1a0e3d95da68f65a2028ee4a3bdeddab,60.15432,24.9211,0000000019fb59c4,13.75
82,2019-08-03T01:15:01Z,2d3f70bf9904705b22193edbe99c008905f24c3a9c9db1fd5cf19119,60.17002,24.94407,000000006b087f40,27.28
83,2019-08-03T01:15:01Z,3193ebc4e01b4451b1242fd69a62b4a3af31c0150312780985ad1d1a,60.16762,24.95415,000000006b44cce7,8.38
84,2019-08-03T01:15:01Z,52f6a3a3aa57239ef1fb406b6d276ffea0771b2d59b02598092b8971,60.16762,24.95415,000000006b44cce7,17.4
85,2019-08-03T01:15:01Z,5bbb5184fded3e51bc78e45e39917794285e6bbc72da404802a9599a,60.16531,24.9442,00000000fdda10fe,29.32
86,2019-08-03T01:15:01Z,5d65719c4cbf045f068d084b72302f447d5fd034413d97d13be00d0e,60.18203,24.91341,00000000342570c2,17.4
87,2019-08-03T01:15:01Z,5eed115a984d490b02b602d73787aee8dc8c4e9365b77fbff3818a76,60.16629,24.95957,00000000fb7600be,17.4
88,2019-08-03T01:15:01Z,6ff437688c444238352c28f64f9d2a7d0f14d19c9ea42c225380501e,60.16762,24.95415,000000006b44cce7,17.4
89,2019-08-03T01:15:01Z,747f2d1ebff218c0ebbdc0fdaef4cbe56633dfb46ae1b1f8c8142201,60.16762,24.95415,000000006b44cce7,13.75
90,2019-08-03T01:15:01Z,77839e655f856d5295739c2388237a95b399c3b8a4f659cd1345d939,60.16829,24.94214,00000000afef4555,29.32
91,2019-08-03T01:15:01Z,87dfaad29a9276ddddb1fa021d3bc23ad14824c1af16f7d87e713689,60.14951,24.92138,0000000006dd41f6,7.69
92,2019-08-03T01:15:01Z,8b0535dd90c15c8fd1b256e7a48369741b0fe9d58f8f05f6e46134b7,60.16544,24.95398,0000000038d83d41,31.5
93,2019-08-03T01:15:01Z,8c75c3289c84fe4493e1e272a77b615fe1985880c5dc68a7c1a17b53,60.16762,24.95415,000000006b44cce7,16.1
94,2019-08-03T01:15:01Z,8ff60f950161ed884860c37d18e95c683a57d568528f4083008a5dd8,60.15432,24.9211,0000000019fb59c4,14.89
95,2019-08-03T01:15:01Z,91c0db5a8cd889a1464ea18808322bd2e22fd8c273667c689d23c9eb,60.16629,24.95957,00000000fb7600be,23.56
96,2019-08-03T01:15:01Z,94512cd21b284eddaddc0be0d385bf5072dbeaa7e3eb345b3c161aa6,60.16762,24.95415,000000006b44cce7,18.79
97,2019-08-03T01:15:01Z,9843c6216661048343a0e49cf3d8aa2883cf77f452666a1c873a1052,60.16448,24.97323,0000000053c6c2be,16.1
98,2019-08-03T01:15:01Z,9bb380fc9f080144be8ae30a8eff5d11da1fcf4623972f245c104e10,60.17002,24.94407,000000006b087f40,36.27
99,2019-08-03T01:15:01Z,a91d379a4b57c5df22db0d7a041ff69f657b4b31f28554b1011fc03c,60.16544,24.95398,0000000038d83d41,25.36
100,2019-08-03T01:15:01Z,b4faf2d3c4d2b199afeab6ab63b583fe3a2e81e14abbef6917f25129,60.15432,24.9211,0000000019fb59c4,9.12
101,2019-08-03T01:15:01Z,b5fd6b317890e5ab2d79e2cd1abe61626d45a753c7337d0d40728898,60.16762,24.95415,000000006b44cce7,12.69
102,2019-08-03T01:15:01Z,bb52abe4edeb7604c7a55e84373a051fe6adeac1849883eb0877f237,60.15432,24.9211,0000000019fb59c4,9.92
103,2019-08-03T01:15:01Z,bb98768dad0f7c52cf643f035a3e7e48f5cfe28557c66f2a75914b31,60.15432,24.9211,0000000019fb59c4,17.4
104,2019-08-03T01:15:01Z,c40c37def6bf11a63a2556519a7c6233fd417cdeea2cf14f28e7c42c,60.16531,24.9442,00000000fdda10fe,18.79
105,2019-08-03T01:15:01Z,cf05623e4d87ce0906c0b0b7dbf53aacc1228016cd27c341228b6e76,60.18203,24.91341,00000000342570c2,16.1
106,2019-08-03T01:15:01Z,da3f8a9924ac789c223fe629d063aa23403ffed3bf8166bd44e4d0d0,60.16762,24.95415,000000006b44cce7,18.79
107,2019-08-03T01:15:01Z,ea2af410359f5c862dbc71554cc0b6ea29d823a91db3209fcd2a8c76,60.16762,24.95415,000000006b44cce7,13.75
108,2019-08-03T01:15:01Z,ed70dda6b7faebd4340dacdb452ab224d9d3c308df417b7fa76f54e8,60.15133,24.92329,00000000e8a064a4,38.87
109,2019-08-03T01:15:01Z,f088630d7476dae7d4b7e2bb1f10575f2c89acb4b6e061f3d57c2b40,60.16531,24.9442,00000000fdda10fe,27.28
110,2019-08-03T01:15:01Z,fa174c07354fca0bb5a193097c3a41f5c79ba61efc1b2f1dd7ae2312,60.16762,24.95415,000000006b44cce7,9.92
111,2019-08-03T01:15:01Z,fc4f3a44235f1cfc7b53f14ba2da599976a5a0a220d23b852688e485,60.17919,24.95181,000000007b5207b6,11.7
112,2019-08-03T01:15:01Z,043a655959e4a843e667ea56f161cd394e22c03199dadd4652a62cad,60.16762,24.95415,000000006b44cce7,20.28
113,2019-08-03T01:15:01Z,0b464f5848688dceb8d22849922348a6c03ac9767322bbc7a5fa98df,60.14947,24.91438,000000004ef3150d,9.12
114,2019-08-03T01:15:01Z,1dacfb371d75dd4f90f447aac2a00faad98beb4188a6971c19eb2375,60.16629,24.95957,00000000fb7600be,31.5
115,2019-08-03T01:15:01Z,1f091cb4b73e4be71c84853fb968294f588ef7ddb5992037fce1cb75,60.17002,24.94407,000000006b087f40,20.28
116,2019-08-03T01:15:01Z,204a3e4f06844b1e4baa4dab0c57b386a528efca9406f0808d49764e,60.17002,24.94407,000000006b087f40,21.87
117,2019-08-03T01:15:01Z,2afe7cd9dcd538812147c9ac90e0b2c0bfff8a78f0b1b3ac3d3baac1,60.16762,24.95415,000000006b44cce7,18.79
118,2019-08-03T01:15:01Z,2b32f7c4ca8e8d620d956253ba0d94f3c9d161b4f87f0e5dd4a432dc,60.16531,24.9442,00000000fdda10fe,7.69
119,2019-08-03T01:15:01Z,2d941d6bfbfdebdec214f627545a61fb909cd296b573e7f0aefbef22,60.17919,24.95181,000000007b5207b6,12.69
120,2019-08-03T01:15:01Z,2fa090220a8a7a13ff7267e4c72efcb4e66c4f84b667d36ff8cdfb82,60.14947,24.91438,000000004ef3150d,8.38
121,2019-08-03T01:15:01Z,3a44b2ba7b97340b1705fd0b603bda999a092b5424e505944f41cbb0,60.16762,24.95415,000000006b44cce7,8.38
122,2019-08-03T01:15:01Z,3f0a5b36cfbed380e4ac1ff835be9012a9c889e663ac58966ef7a919,60.17002,24.94407,000000006b087f40,38.87
123,2019-08-03T01:15:01Z,40bb1221a28250b70848ca32b6e9b42e065a06cac983aec508eecee0,60.17918,24.95141,00000000675d5200,14.89
124,2019-08-03T01:15:01Z,47fb1d44ab56f44efe34dd9a1922020359bb39f796a900b4496a548a,60.16531,24.9442,00000000fdda10fe,7.05
125,2019-08-03T01:15:01Z,490fe1b46b6da9137682926300e32e14666fbb4a32af682f350edc8e,60.16544,24.95398,0000000038d83d41,20.28
126,2019-08-03T01:15:01Z,574a2628fc57840e59a9dcec20c69db0cec5b0daddd41bb9076cf378,60.1538,24.95595,0000000038bf9618,8.38
127,2019-08-03T01:15:01Z,584cb0b0cdd14e608c8b57c8aecc9826f9b40027e365e2438a444ea2,60.16762,24.95415,000000006b44cce7,11.7
128,2019-08-03T01:15:01Z,6c2731a555107bd51b86b499f16e8dc994bfb6f527ebb7bdc72a0bc9,60.14699,24.922,00000000a53ed894,38.87
129,2019-08-03T01:15:01Z,7e3eccb58f28bab91087c6d721f5310a6034cc6734ba75d04b4bdff9,60.17002,24.94407,000000006b087f40,23.56
130,2019-08-03T01:15:01Z,81f3b0c3db02ba7d89e652050269e0c5a7c8d029bcb697c76c4b436f,60.16762,24.95415,000000006b44cce7,16.1
131,2019-08-03T01:15:01Z,8962c21eddea75feaceab6fdd99b150cb34c64c955415ae2c6681f90,60.16762,24.95415,000000006b44cce7,13.75
132,2019-08-03T01:15:01Z,8dba986c01f748d7f8c0a2c427f507f8c2802a66084f257e077d7504,60.149,24.9843,00000000fffb8cf0,20.28
133,2019-08-03T01:15:01Z,95f0c89d6a052599843c4003914c43b71680f01e86a56ceb95515a9b,60.16629,24.95957,00000000fb7600be,20.28
134,2019-08-03T01:15:01Z,a37142df033dbc899bf47c2e30e2d21401ec7186889f1e1a5564695c,60.16762,24.95415,000000006b44cce7,1.7
135,2019-08-03T01:15:01Z,a63505ec6d9b3521bee5959cb14efa7c3fa8263fe82cb3aa58574997,60.16544,24.95398,0000000038d83d41,23.56
136,2019-08-03T01:15:01Z,a8d7bab5f9f93fe6033dd47c6ed83c9a44dde5533a47a1ac1814611c,60.14699,24.922,00000000a53ed894,21.87
137,2019-08-03T01:15:01Z,cd98e74aac9a19bc49fd0b669013d5f13d6052a81f2a92262ba75816,60.17002,24.94407,000000006b087f40,31.5
138,2019-08-03T01:15:01Z,f5fdff009149aa84bee9835c2bab4d9d2b15e786e3beafb86a531932,60.16544,24.95398,0000000038d83d41,18.79
139,2019-08-03T01:15:01Z,f9399339c3de44774896319d3f291771cebcaf2666df1d6062469882,60.16531,24.9442,00000000fdda10fe,23.56
140,2019-08-03T01:15:02Z,072dc794e212cfe9866e1242d801701f299d36f4aea2da25e22246cc,60.16762,24.95415,000000006b44cce7,7.69
141,2019-08-03T01:15:02Z,126e7fa4dd9205201617bdc0c7c346bfb57e1a75d3d7d3d9c260d51b,60.16897,24.95222,00000000aa852af1,13.75
142,2019-08-03T01:15:02Z,129dad6828fb3e17a08cbc4f37bc09bbf2759d63eefc3cd646806e36,60.16897,24.95222,00000000aa852af1,36.27
143,2019-08-03T01:15:02Z,14c7e1511b70f4dd3359cbece1377aebb4d70531f5489eefe53d7c3c,60.16544,24.95398,0000000038d83d41,20.28
144,2019-08-03T01:15:02Z,165ebbb4090d47319ae370f0d0854fdc1f6b79499f8b2e4d3c3533c0,60.16544,24.95398,0000000038d83d41,33.81
145,2019-08-03T01:15:02Z,1d513a9eda6958eaa6394ca7a03bb7c0beb946191e40ea22378b96fa,60.16762,24.95415,000000006b44cce7,13.75
146,2019-08-03T01:15:02Z,27391f5fe0d6372b87fd8909e6325800f7d4a552f40b0bad20ffa5f0,60.16762,24.95415,000000006b44cce7,9.92
147,2019-08-03T01:15:02Z,297c725b456ef12d2712634b21546721cbe93224d3a5762d897404f2,60.16762,24.95415,000000006b44cce7,21.87
148,2019-08-03T01:15:02Z,2a93b61a3863ace54349d7a0937e4134fcc6d4dfcf064eefae2b7cf8,60.15432,24.9211,0000000019fb59c4,16.1
149,2019-08-03T01:15:02Z,2af9f18ec38ddcce3e687bdf1a0e3d95da68f65a2028ee4a3bdeddab,60.15432,24.9211,0000000019fb59c4,17.4
150,2019-08-03T01:15:02Z,3193ebc4e01b4451b1242fd69a62b4a3af31c0150312780985ad1d1a,60.16762,24.95415,000000006b44cce7,16.1
151,2019-08-03T01:15:02Z,34e39641e24c15f4fb6138d01f5a1295b7fc464cbac35de85ca7050b,60.16762,24.95415,000000006b44cce7,20.28
152,2019-08-03T01:15:02Z,43b676ed3aef4c2d8846694817e76117873be52e7f788e0cb366c1c4,60.16629,24.95957,00000000fb7600be,25.36
153,2019-08-03T01:15:02Z,52f6a3a3aa57239ef1fb406b6d276ffea0771b2d59b02598092b8971,60.16762,24.95415,000000006b44cce7,17.4
154,2019-08-03T01:15:02Z,5b40777f3d5dd1d46096c212f6ee450c32147d35646aafa682f23e5c,60.16762,24.95415,000000006b44cce7,31.5
155,2019-08-03T01:15:02Z,5bbb5184fded3e51bc78e45e39917794285e6bbc72da404802a9599a,60.16531,24.9442,00000000fdda10fe,25.36
156,2019-08-03T01:15:02Z,5d65719c4cbf045f068d084b72302f447d5fd034413d97d13be00d0e,60.18203,24.91341,00000000342570c2,18.79
157,2019-08-03T01:15:02Z,6066632ddc94b5c482a2d4f45ed2532e55e3fd63e414a084a596a737,60.16762,24.95415,000000006b44cce7,21.87
158,2019-08-03T01:15:02Z,6f06341f358e61699fe1e55e986dd0554bc8da28b91daf0c5ad99db6,60.16629,24.95957,00000000fb7600be,33.81
159,2019-08-03T01:15:02Z,6ff437688c444238352c28f64f9d2a7d0f14d19c9ea42c225380501e,60.16762,24.95415,000000006b44cce7,17.4
160,2019-08-03T01:15:02Z,747f2d1ebff218c0ebbdc0fdaef4cbe56633dfb46ae1b1f8c8142201,60.16762,24.95415,000000006b44cce7,14.89
161,2019-08-03T01:15:02Z,77839e655f856d5295739c2388237a95b399c3b8a4f659cd1345d939,60.16829,24.94214,00000000afef4555,25.36
162,2019-08-03T01:15:02Z,7a3db40d91e137d1381ac690a78039878e0baa317ed9a7cd6882df27,60.16762,24.95415,000000006b44cce7,25.36
163,2019-08-03T01:15:02Z,87dfaad29a9276ddddb1fa021d3bc23ad14824c1af16f7d87e713689,60.14951,24.92138,0000000006dd41f6,9.12
164,2019-08-03T01:15:02Z,8c75c3289c84fe4493e1e272a77b615fe1985880c5dc68a7c1a17b53,60.16762,24.95415,000000006b44cce7,10.78
165,2019-08-03T01:15:02Z,8ff60f950161ed884860c37d18e95c683a57d568528f4083008a5dd8,60.15432,24.9211,0000000019fb59c4,14.89
166,2019-08-03T01:15:02Z,94512cd21b284eddaddc0be0d385bf5072dbeaa7e3eb345b3c161aa6,60.16762,24.95415,000000006b44cce7,18.79
167,2019-08-03T01:15:02Z,9843c6216661048343a0e49cf3d8aa2883cf77f452666a1c873a1052,60.16448,24.97323,0000000053c6c2be,16.1
168,2019-08-03T01:15:02Z,a91d379a4b57c5df22db0d7a041ff69f657b4b31f28554b1011fc03c,60.16544,24.95398,0000000038d83d41,31.5
169,2019-08-03T01:15:02Z,b33ae7715d6d2571066655c2c8954a5a364b5601869047de83410d9f,60.16629,24.95957,00000000fb7600be,21.87
170,2019-08-03T01:15:02Z,b4faf2d3c4d2b199afeab6ab63b583fe3a2e81e14abbef6917f25129,60.15432,24.9211,0000000019fb59c4,9.92
171,2019-08-03T01:15:02Z,b5fd6b317890e5ab2d79e2cd1abe61626d45a753c7337d0d40728898,60.16762,24.95415,000000006b44cce7,12.69
172,2019-08-03T01:15:02Z,bb52abe4edeb7604c7a55e84373a051fe6adeac1849883eb0877f237,60.15432,24.9211,0000000019fb59c4,31.5
173,2019-08-03T01:15:02Z,bb98768dad0f7c52cf643f035a3e7e48f5cfe28557c66f2a75914b31,60.15432,24.9211,0000000019fb59c4,9.92
174,2019-08-03T01:15:02Z,c40c37def6bf11a63a2556519a7c6233fd417cdeea2cf14f28e7c42c,60.16531,24.9442,00000000fdda10fe,25.36
175,2019-08-03T01:15:02Z,cd2288af5307ba6b18d35c31efd81779139b87e55c43bdef4f5cc438,60.16762,24.95415,000000006b44cce7,14.89
176,2019-08-03T01:15:02Z,ce197d5eedb5498917afe7ca3f7275ffeb191f0c5d050bffa154c1d2,60.16531,24.9442,00000000fdda10fe,33.81
177,2019-08-03T01:15:02Z,cf05623e4d87ce0906c0b0b7dbf53aacc1228016cd27c341228b6e76,60.18203,24.91341,00000000342570c2,17.4
178,2019-08-03T01:15:02Z,da3f8a9924ac789c223fe629d063aa23403ffed3bf8166bd44e4d0d0,60.16762,24.95415,000000006b44cce7,17.4
179,2019-08-03T01:15:02Z,ea2af410359f5c862dbc71554cc0b6ea29d823a91db3209fcd2a8c76,60.16762,24.95415,000000006b44cce7,13.75
180,2019-08-03T01:15:02Z,ed70dda6b7faebd4340dacdb452ab224d9d3c308df417b7fa76f54e8,60.14951,24.92138,0000000006dd41f6,23.56
181,2019-08-03T01:15:02Z,f088630d7476dae7d4b7e2bb1f10575f2c89acb4b6e061f3d57c2b40,60.16531,24.9442,00000000fdda10fe,23.56
182,2019-08-03T01:15:02Z,fa174c07354fca0bb5a193097c3a41f5c79ba61efc1b2f1dd7ae2312,60.16762,24.95415,000000006b44cce7,13.75
183,2019-08-03T01:15:02Z,fc4f3a44235f1cfc7b53f14ba2da599976a5a0a220d23b852688e485,60.17919,24.95181,000000007b5207b6,17.4
184,2019-08-03T01:15:02Z,0b464f5848688dceb8d22849922348a6c03ac9767322bbc7a5fa98df,60.14947,24.91438,000000004ef3150d,9.12
185,2019-08-03T01:15:02Z,1dacfb371d75dd4f90f447aac2a00faad98beb4188a6971c19eb2375,60.16629,24.95957,00000000fb7600be,27.28
186,2019-08-03T01:15:02Z,1f091cb4b73e4be71c84853fb968294f588ef7ddb5992037fce1cb75,60.17002,24.94407,000000006b087f40,25.36
187,2019-08-03T01:15:02Z,204a3e4f06844b1e4baa4dab0c57b386a528efca9406f0808d49764e,60.17002,24.94407,000000006b087f40,25.36
188,2019-08-03T01:15:02Z,25b9a688fda1515f9ff250d01f89c4491af81e3721b9b2348d88d2e3,60.16762,24.95415,000000006b44cce7,21.87
189,2019-08-03T01:15:02Z,2b32f7c4ca8e8d620d956253ba0d94f3c9d161b4f87f0e5dd4a432dc,60.16531,24.9442,00000000fdda10fe,9.92
190,2019-08-03T01:15:02Z,2d941d6bfbfdebdec214f627545a61fb909cd296b573e7f0aefbef22,60.17919,24.95181,000000007b5207b6,12.69
191,2019-08-03T01:15:02Z,2fa090220a8a7a13ff7267e4c72efcb4e66c4f84b667d36ff8cdfb82,60.14947,24.91438,000000004ef3150d,5.41
192,2019-08-03T01:15:02Z,361f937ab1057efd291aadfbf88395a903b0bbcfff8ee3afe1431a31,60.16544,24.95398,0000000038d83d41,41.64
193,2019-08-03T01:15:02Z,3a44b2ba7b97340b1705fd0b603bda999a092b5424e505944f41cbb0,60.16762,24.95415,000000006b44cce7,5.91
194,2019-08-03T01:15:02Z,3ca6df93228ece5549067500351e414027a3df355542a0acd59d5ef3,60.16629,24.95957,00000000fb7600be,31.5
195,2019-08-03T01:15:02Z,40bb1221a28250b70848ca32b6e9b42e065a06cac983aec508eecee0,60.17918,24.95141,00000000675d5200,23.56
196,2019-08-03T01:15:02Z,47fb1d44ab56f44efe34dd9a1922020359bb39f796a900b4496a548a,60.16531,24.9442,00000000fdda10fe,7.05
197,2019-08-03T01:15:02Z,490fe1b46b6da9137682926300e32e14666fbb4a32af682f350edc8e,60.16544,24.95398,0000000038d83d41,23.56
198,2019-08-03T01:15:02Z,574a2628fc57840e59a9dcec20c69db0cec5b0daddd41bb9076cf378,60.1538,24.95595,0000000038bf9618,7.69
199,2019-08-03T01:15:02Z,584cb0b0cdd14e608c8b57c8aecc9826f9b40027e365e2438a444ea2,60.16762,24.95415,000000006b44cce7,10.78
200,2019-08-03T01:15:02Z,7951ac7eee04d20d49abde86360e4034ea5929b333bd2a97a144bcae,60.16448,24.97323,0000000053c6c2be,29.32
201,2019-08-03T01:15:02Z,81f3b0c3db02ba7d89e652050269e0c5a7c8d029bcb697c76c4b436f,60.16762,24.95415,000000006b44cce7,16.1
202,2019-08-03T01:15:02Z,8dba986c01f748d7f8c0a2c427f507f8c2802a66084f257e077d7504,60.149,24.9843,00000000fffb8cf0,18.79
203,2019-08-03T01:15:02Z,95f0c89d6a052599843c4003914c43b71680f01e86a56ceb95515a9b,60.16629,24.95957,00000000fb7600be,21.87
204,2019-08-03T01:15:02Z,a37142df033dbc899bf47c2e30e2d21401ec7186889f1e1a5564695c,60.16762,24.95415,000000006b44cce7,9.12
205,2019-08-03T01:15:02Z,a3859fa68d2256cede0452ba70a9f5fc092b56cb7d481cf635a5b18b,60.16762,24.95415,000000006b44cce7,16.1
206,2019-08-03T01:15:02Z,a8d7bab5f9f93fe6033dd47c6ed83c9a44dde5533a47a1ac1814611c,60.14699,24.922,00000000a53ed894,20.28
207,2019-08-03T01:15:02Z,deef9309f3f0e6712cda1e74ac7da969ddfbf5e4c15026af52ffd1e3,60.16829,24.94214,00000000afef4555,36.27
208,2019-08-03T01:15:02Z,e3916df454770c8a1dd42b9bc3db0dc693b63332ddefb735feb08c8e,60.17002,24.94407,000000006b087f40,25.36
209,2019-08-03T01:15:02Z,f5fdff009149aa84bee9835c2bab4d9d2b15e786e3beafb86a531932,60.16544,24.95398,0000000038d83d41,27.28
210,2019-08-03T01:15:02Z,f9399339c3de44774896319d3f291771cebcaf2666df1d6062469882,60.16531,24.9442,00000000fdda10fe,20.28
211,2019-08-03T01:15:02Z,fd9c90867c8852b5928ba52e52df427798edb0841960f8db57647d42,60.16762,24.95415,000000006b44cce7,23.56
212,2019-08-03T01:15:03Z,03e0fc996a589ccdf1871b3c78e089c08c93ba1f2a02d740fb384aac,60.16531,24.9442,00000000fdda10fe,36.27
213,2019-08-03T01:15:03Z,072dc794e212cfe9866e1242d801701f299d36f4aea2da25e22246cc,60.16762,24.95415,000000006b44cce7,9.12
214,2019-08-03T01:15:03Z,126e7fa4dd9205201617bdc0c7c346bfb57e1a75d3d7d3d9c260d51b,60.16897,24.95222,00000000aa852af1,14.89
215,2019-08-03T01:15:03Z,129dad6828fb3e17a08cbc4f37bc09bbf2759d63eefc3cd646806e36,60.16897,24.95222,00000000aa852af1,38.87
216,2019-08-03T01:15:03Z,14c7e1511b70f4dd3359cbece1377aebb4d70531f5489eefe53d7c3c,60.16544,24.95398,0000000038d83d41,21.87
217,2019-08-03T01:15:03Z,165ebbb4090d47319ae370f0d0854fdc1f6b79499f8b2e4d3c3533c0,60.16544,24.95398,0000000038d83d41,18.79
218,2019-08-03T01:15:03Z,1d513a9eda6958eaa6394ca7a03bb7c0beb946191e40ea22378b96fa,60.16762,24.95415,000000006b44cce7,12.69
219,2019-08-03T01:15:03Z,2448a4a7bacce376bf9041799fcd0ba60e3c1179e1fdfc9d7463f44f,60.15432,24.9211,0000000019fb59c4,31.5
220,2019-08-03T01:15:03Z,27391f5fe0d6372b87fd8909e6325800f7d4a552f40b0bad20ffa5f0,60.16762,24.95415,000000006b44cce7,11.7
221,2019-08-03T01:15:03Z,2a93b61a3863ace54349d7a0937e4134fcc6d4dfcf064eefae2b7cf8,60.15432,24.9211,0000000019fb59c4,14.89
222,2019-08-03T01:15:03Z,2af9f18ec38ddcce3e687bdf1a0e3d95da68f65a2028ee4a3bdeddab,60.15432,24.9211,0000000019fb59c4,13.75
223,2019-08-03T01:15:03Z,3193ebc4e01b4451b1242fd69a62b4a3af31c0150312780985ad1d1a,60.16762,24.95415,000000006b44cce7,8.38
224,2019-08-03T01:15:03Z,43b676ed3aef4c2d8846694817e76117873be52e7f788e0cb366c1c4,60.16629,24.95957,00000000fb7600be,25.36
225,2019-08-03T01:15:03Z,52f6a3a3aa57239ef1fb406b6d276ffea0771b2d59b02598092b8971,60.16762,24.95415,000000006b44cce7,18.79
226,2019-08-03T01:15:03Z,5bbb5184fded3e51bc78e45e39917794285e6bbc72da404802a9599a,60.16531,24.9442,00000000fdda10fe,23.56
227,2019-08-03T01:15:03Z,5d65719c4cbf045f068d084b72302f447d5fd034413d97d13be00d0e,60.18203,24.91341,00000000342570c2,20.28
228,2019-08-03T01:15:03Z,5eed115a984d490b02b602d73787aee8dc8c4e9365b77fbff3818a76,60.16629,24.95957,00000000fb7600be,21.87
229,2019-08-03T01:15:03Z,6ff437688c444238352c28f64f9d2a7d0f14d19c9ea42c225380501e,60.16762,24.95415,000000006b44cce7,18.79
230,2019-08-03T01:15:03Z,747f2d1ebff218c0ebbdc0fdaef4cbe56633dfb46ae1b1f8c8142201,60.16762,24.95415,000000006b44cce7,25.36
231,2019-08-03T01:15:03Z,77839e655f856d5295739c2388237a95b399c3b8a4f659cd1345d939,60.16829,24.94214,00000000afef4555,25.36
232,2019-08-03T01:15:03Z,7a3db40d91e137d1381ac690a78039878e0baa317ed9a7cd6882df27,60.16762,24.95415,000000006b44cce7,27.28
233,2019-08-03T01:15:03Z,87dfaad29a9276ddddb1fa021d3bc23ad14824c1af16f7d87e713689,60.14951,24.92138,0000000006dd41f6,8.38
234,2019-08-03T01:15:03Z,8c75c3289c84fe4493e1e272a77b615fe1985880c5dc68a7c1a17b53,60.16762,24.95415,000000006b44cce7,13.75
235,2019-08-03T01:15:03Z,8ff60f950161ed884860c37d18e95c683a57d568528f4083008a5dd8,60.15432,24.9211,0000000019fb59c4,18.79
236,2019-08-03T01:15:03Z,91c0db5a8cd889a1464ea18808322bd2e22fd8c273667c689d23c9eb,60.16629,24.95957,00000000fb7600be,21.87
237,2019-08-03T01:15:03Z,94512cd21b284eddaddc0be0d385bf5072dbeaa7e3eb345b3c161aa6,60.16762,24.95415,000000006b44cce7,21.87
238,2019-08-03T01:15:03Z,9843c6216661048343a0e49cf3d8aa2883cf77f452666a1c873a1052,60.16448,24.97323,0000000053c6c2be,17.4
239,2019-08-03T01:15:03Z,a406256e97e44cd5d29d17c9e83901297c54bc0b9f5950341e2b23e8,60.16762,24.95415,000000006b44cce7,18.79
240,2019-08-03T01:15:03Z,b33ae7715d6d2571066655c2c8954a5a364b5601869047de83410d9f,60.16629,24.95957,00000000fb7600be,23.56
241,2019-08-03T01:15:03Z,b4faf2d3c4d2b199afeab6ab63b583fe3a2e81e14abbef6917f25129,60.15432,24.9211,0000000019fb59c4,12.69
242,2019-08-03T01:15:03Z,b5fd6b317890e5ab2d79e2cd1abe61626d45a753c7337d0d40728898,60.16762,24.95415,000000006b44cce7,11.7
243,2019-08-03T01:15:03Z,bb52abe4edeb7604c7a55e84373a051fe6adeac1849883eb0877f237,60.15432,24.9211,0000000019fb59c4,9.92
244,2019-08-03T01:15:03Z,bb98768dad0f7c52cf643f035a3e7e48f5cfe28557c66f2a75914b31,60.15432,24.9211,0000000019fb59c4,18.79
245,2019-08-03T01:15:03Z,c40c37def6bf11a63a2556519a7c6233fd417cdeea2cf14f28e7c42c,60.16531,24.9442,00000000fdda10fe,18.79
246,2019-08-03T01:15:03Z,cd2288af5307ba6b18d35c31efd81779139b87e55c43bdef4f5cc438,60.16762,24.95415,000000006b44cce7,29.32
247,2019-08-03T01:15:03Z,cf05623e4d87ce0906c0b0b7dbf53aacc1228016cd27c341228b6e76,60.18203,24.91341,00000000342570c2,18.79
248,2019-08-03T01:15:03Z,d82a2334460c0ca3ef9c8de84d1477ef3ef22a06649717191545f7a7,60.17002,24.94407,000000006b087f40,25.36
249,2019-08-03T01:15:03Z,da3f8a9924ac789c223fe629d063aa23403ffed3bf8166bd44e4d0d0,60.16762,24.95415,000000006b44cce7,25.36
250,2019-08-03T01:15:03Z,e27b2bbb94836789dead796ee5a231f1e9bb43ebec0b0b43228c4226,60.17002,24.94407,000000006b087f40,29.32
251,2019-08-03T01:15:03Z,ea2af410359f5c862dbc71554cc0b6ea29d823a91db3209fcd2a8c76,60.16762,24.95415,000000006b44cce7,10.78
252,2019-08-03T01:15:03Z,ed70dda6b7faebd4340dacdb452ab224d9d3c308df417b7fa76f54e8,60.14951,24.92138,0000000006dd41f6,25.36
253,2019-08-03T01:15:03Z,f088630d7476dae7d4b7e2bb1f10575f2c89acb4b6e061f3d57c2b40,60.16531,24.9442,00000000fdda10fe,23.56
254,2019-08-03T01:15:03Z,fa174c07354fca0bb5a193097c3a41f5c79ba61efc1b2f1dd7ae2312,60.16762,24.95415,000000006b44cce7,12.69
255,2019-08-03T01:15:03Z,fc4f3a44235f1cfc7b53f14ba2da599976a5a0a220d23b852688e485,60.17919,24.95181,000000007b5207b6,25.36
256,2019-08-03T01:15:03Z,043a655959e4a843e667ea56f161cd394e22c03199dadd4652a62cad,60.16762,24.95415,000000006b44cce7,31.5
257,2019-08-03T01:15:03Z,0b464f5848688dceb8d22849922348a6c03ac9767322bbc7a5fa98df,60.14947,24.91438,000000004ef3150d,9.12
258,2019-08-03T01:15:03Z,204a3e4f06844b1e4baa4dab0c57b386a528efca9406f0808d49764e,60.17002,24.94407,000000006b087f40,27.28
259,2019-08-03T01:15:03Z,2142821dbdfd0c8de0dfc0067db2d17aa9b3989b72fc0f1e8db8cf04,60.15432,24.9211,0000000019fb59c4,21.87
260,2019-08-03T01:15:03Z,2b32f7c4ca8e8d620d956253ba0d94f3c9d161b4f87f0e5dd4a432dc,60.16531,24.9442,00000000fdda10fe,7.69
261,2019-08-03T01:15:03Z,2d941d6bfbfdebdec214f627545a61fb909cd296b573e7f0aefbef22,60.17918,24.95141,00000000675d5200,8.38
262,2019-08-03T01:15:03Z,2fa090220a8a7a13ff7267e4c72efcb4e66c4f84b667d36ff8cdfb82,60.14947,24.91438,000000004ef3150d,11.7
263,2019-08-03T01:15:03Z,361f937ab1057efd291aadfbf88395a903b0bbcfff8ee3afe1431a31,60.16544,24.95398,0000000038d83d41,25.36
264,2019-08-03T01:15:03Z,3a44b2ba7b97340b1705fd0b603bda999a092b5424e505944f41cbb0,60.16762,24.95415,000000006b44cce7,9.12
265,2019-08-03T01:15:03Z,40bb1221a28250b70848ca32b6e9b42e065a06cac983aec508eecee0,60.17918,24.95141,00000000675d5200,16.1
266,2019-08-03T01:15:03Z,47fb1d44ab56f44efe34dd9a1922020359bb39f796a900b4496a548a,60.16531,24.9442,00000000fdda10fe,7.69
267,2019-08-03T01:15:03Z,574a2628fc57840e59a9dcec20c69db0cec5b0daddd41bb9076cf378,60.1538,24.95595,0000000038bf9618,21.87
268,2019-08-03T01:15:03Z,584cb0b0cdd14e608c8b57c8aecc9826f9b40027e365e2438a444ea2,60.16762,24.95415,000000006b44cce7,9.92
269,2019-08-03T01:15:03Z,8dba986c01f748d7f8c0a2c427f507f8c2802a66084f257e077d7504,60.149,24.9843,00000000fffb8cf0,29.32
270,2019-08-03T01:15:03Z,8dcc863fb697b4e3e5ab1d1f207b3b8ea08af45c4bb9d37c22ee13cf,60.14699,24.922,00000000a53ed894,27.28
271,2019-08-03T01:15:03Z,95f0c89d6a052599843c4003914c43b71680f01e86a56ceb95515a9b,60.16629,24.95957,00000000fb7600be,16.1
272,2019-08-03T01:15:03Z,a37142df033dbc899bf47c2e30e2d21401ec7186889f1e1a5564695c,60.16762,24.95415,000000006b44cce7,7.05
273,2019-08-03T01:15:03Z,a3859fa68d2256cede0452ba70a9f5fc092b56cb7d481cf635a5b18b,60.16762,24.95415,000000006b44cce7,20.28
274,2019-08-03T01:15:03Z,a63505ec6d9b3521bee5959cb14efa7c3fa8263fe82cb3aa58574997,60.16629,24.95957,00000000fb7600be,29.32
275,2019-08-03T01:15:03Z,a8d7bab5f9f93fe6033dd47c6ed83c9a44dde5533a47a1ac1814611c,60.14699,24.922,00000000a53ed894,20.28
276,2019-08-03T01:15:03Z,aa815549e2d7678d89a14e3fe20db8f8890043ee05d83b457a8a418f,60.17065,24.93641,000000000f4919c9,29.32
277,2019-08-03T01:15:03Z,deef9309f3f0e6712cda1e74ac7da969ddfbf5e4c15026af52ffd1e3,60.16829,24.94214,00000000afef4555,29.32
278,2019-08-03T01:15:03Z,e3916df454770c8a1dd42b9bc3db0dc693b63332ddefb735feb08c8e,60.17002,24.94407,000000006b087f40,21.87
279,2019-08-03T01:15:03Z,f5fdff009149aa84bee9835c2bab4d9d2b15e786e3beafb86a531932,60.16544,24.95398,0000000038d83d41,20.28
280,2019-08-03T01:15:03Z,f9399339c3de44774896319d3f291771cebcaf2666df1d6062469882,60.16531,24.9442,00000000fdda10fe,21.87
281,2019-08-03T01:15:04Z,072dc794e212cfe9866e1242d801701f299d36f4aea2da25e22246cc,60.16762,24.95415,000000006b44cce7,9.92
282,2019-08-03T01:15:04Z,126e7fa4dd9205201617bdc0c7c346bfb57e1a75d3d7d3d9c260d51b,60.16897,24.95222,00000000aa852af1,13.75
283,2019-08-03T01:15:04Z,14c7e1511b70f4dd3359cbece1377aebb4d70531f5489eefe53d7c3c,60.16544,24.95398,0000000038d83d41,25.36
284,2019-08-03T01:15:04Z,1d513a9eda6958eaa6394ca7a03bb7c0beb946191e40ea22378b96fa,60.16762,24.95415,000000006b44cce7,12.69
285,2019-08-03T01:15:04Z,27391f5fe0d6372b87fd8909e6325800f7d4a552f40b0bad20ffa5f0,60.16762,24.95415,000000006b44cce7,12.69
286,2019-08-03T01:15:04Z,297c725b456ef12d2712634b21546721cbe93224d3a5762d897404f2,60.16762,24.95415,000000006b44cce7,20.28
287,2019-08-03T01:15:04Z,2a93b61a3863ace54349d7a0937e4134fcc6d4dfcf064eefae2b7cf8,60.15432,24.9211,0000000019fb59c4,12.69
288,2019-08-03T01:15:04Z,2af9f18ec38ddcce3e687bdf1a0e3d95da68f65a2028ee4a3bdeddab,60.15432,24.9211,0000000019fb59c4,14.89
289,2019-08-03T01:15:04Z,3193ebc4e01b4451b1242fd69a62b4a3af31c0150312780985ad1d1a,60.16762,24.95415,000000006b44cce7,7.05
290,2019-08-03T01:15:04Z,3944bc7a301be7241d1f7bc4a97f221000d535ce3d8a9af9af9b23b5,60.16531,24.9442,00000000fdda10fe,33.81
291,2019-08-03T01:15:04Z,43b676ed3aef4c2d8846694817e76117873be52e7f788e0cb366c1c4,60.16629,24.95957,00000000fb7600be,20.28
292,2019-08-03T01:15:04Z,52f6a3a3aa57239ef1fb406b6d276ffea0771b2d59b02598092b8971,60.16762,24.95415,000000006b44cce7,17.4
293,2019-08-03T01:15:04Z,541cdde5332ed33dd6e2f47bc3091d8251b2992ea15305b741d7fa7c,60.16531,24.9442,00000000fdda10fe,36.27
294,2019-08-03T01:15:04Z,5bbb5184fded3e51bc78e45e39917794285e6bbc72da404802a9599a,60.16531,24.9442,00000000fdda10fe,27.28
295,2019-08-03T01:15:04Z,5d65719c4cbf045f068d084b72302f447d5fd034413d97d13be00d0e,60.18203,24.91341,00000000342570c2,20.28
296,2019-08-03T01:15:04Z,5eed115a984d490b02b602d73787aee8dc8c4e9365b77fbff3818a76,60.16629,24.95957,00000000fb7600be,27.28
297,2019-08-03T01:15:04Z,6066632ddc94b5c482a2d4f45ed2532e55e3fd63e414a084a596a737,60.16762,24.95415,000000006b44cce7,20.28
298,2019-08-03T01:15:04Z,6f06341f358e61699fe1e55e986dd0554bc8da28b91daf0c5ad99db6,60.16629,24.95957,00000000fb7600be,27.28
299,2019-08-03T01:15:04Z,6ff437688c444238352c28f64f9d2a7d0f14d19c9ea42c225380501e,60.16762,24.95415,000000006b44cce7,20.28
300,2019-08-03T01:15:04Z,747f2d1ebff218c0ebbdc0fdaef4cbe56633dfb46ae1b1f8c8142201,60.16762,24.95415,000000006b44cce7,14.89
301,2019-08-03T01:15:04Z,77839e655f856d5295739c2388237a95b399c3b8a4f659cd1345d939,60.16829,24.94214,00000000afef4555,25.36
302,2019-08-03T01:15:04Z,7a3db40d91e137d1381ac690a78039878e0baa317ed9a7cd6882df27,60.16762,24.95415,000000006b44cce7,29.32
303,2019-08-03T01:15:04Z,87dfaad29a9276ddddb1fa021d3bc23ad14824c1af16f7d87e713689,60.14951,24.92138,0000000006dd41f6,8.38
304,2019-08-03T01:15:04Z,8c75c3289c84fe4493e1e272a77b615fe1985880c5dc68a7c1a17b53,60.16762,24.95415,000000006b44cce7,9.92
305,2019-08-03T01:15:04Z,8ff60f950161ed884860c37d18e95c683a57d568528f4083008a5dd8,60.15432,24.9211,0000000019fb59c4,14.89
306,2019-08-03T01:15:04Z,91c0db5a8cd889a1464ea18808322bd2e22fd8c273667c689d23c9eb,60.16629,24.95957,00000000fb7600be,20.28
307,2019-08-03T01:15:04Z,91d3b80de4439a4a49ddb8a04d72a0a2ec6c08f351d70232842af567,60.16762,24.95415,000000006b44cce7,21.87
308,2019-08-03T01:15:04Z,94512cd21b284eddaddc0be0d385bf5072dbeaa7e3eb345b3c161aa6,60.16762,24.95415,000000006b44cce7,18.79
309,2019-08-03T01:15:04Z,9843c6216661048343a0e49cf3d8aa2883cf77f452666a1c873a1052,60.16448,24.97323,0000000053c6c2be,23.56
310,2019-08-03T01:15:04Z,b33ae7715d6d2571066655c2c8954a5a364b5601869047de83410d9f,60.16629,24.95957,00000000fb7600be,23.56
311,2019-08-03T01:15:04Z,b4faf2d3c4d2b199afeab6ab63b583fe3a2e81e14abbef6917f25129,60.15432,24.9211,0000000019fb59c4,12.69
312,2019-08-03T01:15:04Z,b5fd6b317890e5ab2d79e2cd1abe61626d45a753c7337d0d40728898,60.16762,24.95415,000000006b44cce7,11.7
313,2019-08-03T01:15:04Z,bb52abe4edeb7604c7a55e84373a051fe6adeac1849883eb0877f237,60.15432,24.9211,0000000019fb59c4,9.12
314,2019-08-03T01:15:04Z,bb98768dad0f7c52cf643f035a3e7e48f5cfe28557c66f2a75914b31,60.15432,24.9211,0000000019fb59c4,18.79
315,2019-08-03T01:15:04Z,c40c37def6bf11a63a2556519a7c6233fd417cdeea2cf14f28e7c42c,60.16531,24.9442,00000000fdda10fe,27.28
316,2019-08-03T01:15:04Z,cd2288af5307ba6b18d35c31efd81779139b87e55c43bdef4f5cc438,60.16762,24.95415,000000006b44cce7,21.87
317,2019-08-03T01:15:04Z,cf05623e4d87ce0906c0b0b7dbf53aacc1228016cd27c341228b6e76,60.18203,24.91341,00000000342570c2,16.1
318,2019-08-03T01:15:04Z,d82a2334460c0ca3ef9c8de84d1477ef3ef22a06649717191545f7a7,60.17002,24.94407,000000006b087f40,7.69
319,2019-08-03T01:15:04Z,da3f8a9924ac789c223fe629d063aa23403ffed3bf8166bd44e4d0d0,60.16762,24.95415,000000006b44cce7,21.87
320,2019-08-03T01:15:04Z,ea2af410359f5c862dbc71554cc0b6ea29d823a91db3209fcd2a8c76,60.16762,24.95415,000000006b44cce7,13.75
321,2019-08-03T01:15:04Z,f088630d7476dae7d4b7e2bb1f10575f2c89acb4b6e061f3d57c2b40,60.16531,24.9442,00000000fdda10fe,23.56
322,2019-08-03T01:15:04Z,fa174c07354fca0bb5a193097c3a41f5c79ba61efc1b2f1dd7ae2312,60.16762,24.95415,000000006b44cce7,14.89
323,2019-08-03T01:15:04Z,fc4f3a44235f1cfc7b53f14ba2da599976a5a0a220d23b852688e485,60.17919,24.95181,000000007b5207b6,21.87
324,2019-08-03T01:15:04Z,0b464f5848688dceb8d22849922348a6c03ac9767322bbc7a5fa98df,60.14947,24.91438,000000004ef3150d,9.92
325,2019-08-03T01:15:04Z,204a3e4f06844b1e4baa4dab0c57b386a528efca9406f0808d49764e,60.17002,24.94407,000000006b087f40,18.79
326,2019-08-03T01:15:04Z,2142821dbdfd0c8de0dfc0067db2d17aa9b3989b72fc0f1e8db8cf04,60.15432,24.9211,0000000019fb59c4,25.36
