,time,hash,latitude,longitude,serial,distance
0,2019-08-03T11:06:00Z,0d798cdee72dd98b2a86aa562aee8d5ddc9d49a22191fa5cb75f37d2,60.17918,24.95141,00000000675d5200,11.7
1,2019-08-03T11:06:00Z,14c7e1511b70f4dd3359cbece1377aebb4d70531f5489eefe53d7c3c,60.16544,24.95398,0000000038d83d41,25.36
2,2019-08-03T11:06:00Z,15918569de0a46a8eb56b43d8d39f7fc82619ff1006f00822c85745c,60.17918,24.95141,00000000675d5200,1.12
3,2019-08-03T11:06:00Z,1ee8b568356afc756d675cc923b2815edc2d32122b60f42a5f16a8b9,60.16544,24.95398,0000000038d83d41,25.36
4,2019-08-03T11:06:00Z,2448a4a7bacce376bf9041799fcd0ba60e3c1179e1fdfc9d7463f44f,60.15432,24.9211,0000000019fb59c4,31.5
5,2019-08-03T11:06:00Z,2af9f18ec38ddcce3e687bdf1a0e3d95da68f65a2028ee4a3bdeddab,60.15432,24.9211,0000000019fb59c4,10.78
6,2019-08-03T11:06:00Z,31d09c4c559a169ec835cd78ee3447a551270cdc19f24b14f5cb4cfb,60.16762,24.95415,000000006b44cce7,21.87
7,2019-08-03T11:06:00Z,36b200d1452ff33c97aa6f1a42ddc7968f8e9a90f46fcd62db10f381,60.16629,24.95957,00000000fb7600be,14.89
8,2019-08-03T11:06:00Z,4186d6da68ebd511be3b61a558ed48d28d1c10eecd472a422b422ca2,60.16544,24.95398,0000000038d83d41,17.4
9,2019-08-03T11:06:00Z,43b676ed3aef4c2d8846694817e76117873be52e7f788e0cb366c1c4,60.16629,24.95957,00000000fb7600be,29.32
10,2019-08-03T11:06:00Z,5d65719c4cbf045f068d084b72302f447d5fd034413d97d13be00d0e,60.18203,24.91341,00000000342570c2,18.79
11,2019-08-03T11:06:00Z,5e949d74f5d299b302e8a43cfeaa887af012fb17b3d7834f07c59efe,60.16762,24.95415,000000006b44cce7,11.7
12,2019-08-03T11:06:00Z,5eed115a984d490b02b602d73787aee8dc8c4e9365b77fbff3818a76,60.16629,24.95957,00000000fb7600be,13.75
13,2019-08-03T11:06:00Z,62a32b0081bccdb45d90b5d160cebd1e51135ae18c977b4326cdd703,60.14951,24.92138,0000000006dd41f6,14.89
14,2019-08-03T11:06:00Z,77839e655f856d5295739c2388237a95b399c3b8a4f659cd1345d939,60.16829,24.94214,00000000afef4555,31.5
15,2019-08-03T11:06:00Z,7a41c0da24cc7a006a46c9082bd764683040c87e785036dd79b668bb,60.16544,24.95398,0000000038d83d41,16.1
16,2019-08-03T11:06:00Z,85a8fb8d0cbfa20676973f921a9b58a8c6391d63ad631d4db18156e9,60.14947,24.91438,000000004ef3150d,41.64
17,2019-08-03T11:06:00Z,87dfaad29a9276ddddb1fa021d3bc23ad14824c1af16f7d87e713689,60.14951,24.92138,0000000006dd41f6,5.91
18,2019-08-03T11:06:00Z,8ff60f950161ed884860c37d18e95c683a57d568528f4083008a5dd8,60.15432,24.9211,0000000019fb59c4,14.89
19,2019-08-03T11:06:00Z,9590fbe7f7e9074b6dd825956de8c796ae92a16b43c9c6eff0730584,60.14951,24.92138,0000000006dd41f6,9.12
20,2019-08-03T11:06:00Z,9843c6216661048343a0e49cf3d8aa2883cf77f452666a1c873a1052,60.16448,24.97323,0000000053c6c2be,12.69
21,2019-08-03T11:06:00Z,9c70f63994c497898e0531c8b26306caf96256ac9c91447703037dee,60.17918,24.95141,00000000675d5200,20.28
22,2019-08-03T11:06:00Z,9ee31bf90625bdccf034c7e2290a7a439c4523c6e9fa21a14c9f2928,60.16762,24.95415,000000006b44cce7,13.75
23,2019-08-03T11:06:00Z,a0a00e02486a848877157deac5b51def6daa6ad236342f91551ee82b,60.1538,24.95595,0000000038bf9618,25.36
24,2019-08-03T11:06:00Z,a73feab15b1c10c8eb6ac983cefc02aa781faa64ce6ee51c480c831c,60.16829,24.94214,00000000afef4555,12.69
25,2019-08-03T11:06:00Z,b28808250ced3500cba6cb0ba682eca1aba68d18cd056e99d86b4f7a,60.17002,24.94407,000000006b087f40,14.89
26,2019-08-03T11:06:00Z,b5fd6b317890e5ab2d79e2cd1abe61626d45a753c7337d0d40728898,60.16762,24.95415,000000006b44cce7,12.69
27,2019-08-03T11:06:00Z,b90577926dd52437738dad5f00d4049f63b26d870442dd6efe495a67,60.16829,24.94214,00000000afef4555,16.1
28,2019-08-03T11:06:00Z,bb98768dad0f7c52cf643f035a3e7e48f5cfe28557c66f2a75914b31,60.15432,24.9211,0000000019fb59c4,10.78
29,2019-08-03T11:06:00Z,c393562e31d77e916e6feef2bb9455a09340b63e669b34a8959db481,60.16897,24.95222,00000000aa852af1,16.1
30,2019-08-03T11:06:00Z,c40c37def6bf11a63a2556519a7c6233fd417cdeea2cf14f28e7c42c,60.16531,24.9442,00000000fdda10fe,20.28
31,2019-08-03T11:06:00Z,cf05623e4d87ce0906c0b0b7dbf53aacc1228016cd27c341228b6e76,60.18203,24.91341,00000000342570c2,17.4
32,2019-08-03T11:06:00Z,d1e2a2f34af95038976aaad223f988af276a42bb3decc0078733fa76,60.16829,24.94214,00000000afef4555,23.56
33,2019-08-03T11:06:00Z,d53069e6c8f96f07bd3c00d0b0d750f33b60d7ef08139cfbfe54369c,60.16544,24.95398,0000000038d83d41,17.4
34,2019-08-03T11:06:00Z,db66daf875041285fd7cdc639afd6639daf9b8b9437ea13be466e94b,60.16629,24.95957,00000000fb7600be,11.7
35,2019-08-03T11:06:00Z,ddc67f72e5e8f9a7d6b2da1da84e1837810b48e399bfa77518b37226,60.16531,24.9442,00000000fdda10fe,36.27
36,2019-08-03T11:06:00Z,e6a26117471c519e8ea291a6e4fad4c62d6d66bae3396b37a697eb2d,60.15432,24.9211,0000000019fb59c4,16.1
37,2019-08-03T11:06:00Z,eb24ab9795f788b82685ca2492dd2f1fd9b93d8d15f84b69c3fdf0db,60.16829,24.94214,00000000afef4555,13.75
38,2019-08-03T11:06:00Z,ed740f442f5b4c0b7c6278bf30f66d4063bbb308276e4106f8ffc8da,60.17065,24.93641,000000000f4919c9,13.75
39,2019-08-03T11:06:00Z,f088630d7476dae7d4b7e2bb1f10575f2c89acb4b6e061f3d57c2b40,60.16531,24.9442,00000000fdda10fe,25.36
40,2019-08-03T11:06:00Z,f35078038bacab63ad3070596b94bb3a7f0194dca33f52d641b73d1d,60.16762,24.95415,000000006b44cce7,21.87
41,2019-08-03T11:06:00Z,f66efcab0f33b3fcf5eb00ebb799d631aabff9c1d911c941a934a2a5,60.14947,24.91438,000000004ef3150d,16.1
42,2019-08-03T11:06:00Z,fc4f3a44235f1cfc7b53f14ba2da599976a5a0a220d23b852688e485,60.17918,24.95141,00000000675d5200,23.56
43,2019-08-03T11:06:00Z,fe6a6bc6ebf9daa77df9d3c33e5e4a070d513d317d05bcf62a397f72,60.16762,24.95415,000000006b44cce7,7.69
44,2019-08-03T11:06:00Z,01d078699aa03fb2e01396c9f9100002a847858ae5674b6d9f3c26f1,60.173,24.92524,0000000096918cfa,20.28
45,2019-08-03T11:06:00Z,03947705c53b3ef5183369a1f80b2eaad219c99da85588bc9884ac2a,60.17002,24.94407,000000006b087f40,11.7
46,2019-08-03T11:06:00Z,0433577b7ef630671a3afdc64225d742506dd39a27b8de7c1eeeb222,60.14947,24.91438,000000004ef3150d,23.56
47,2019-08-03T11:06:00Z,043a584ee1415a89aeb50d30544048206766fe4e9643077e3fd72256,60.14947,24.91438,000000004ef3150d,29.32
48,2019-08-03T11:06:00Z,063c51b6c445410db58a0bd694850ad260c18fdbba5c5569a129a4a6,60.16762,24.95415,000000006b44cce7,12.69
49,2019-08-03T11:06:00Z,072cf00583264d433bd438eff048cb1cb1ba993b4cccdb1a704e3476,60.149,24.9843,00000000fffb8cf0,31.5
50,2019-08-03T11:06:00Z,07407ecb596f5fa2b6e2d49d31dc18d6be7d697ca860420a382be2ab,60.16762,24.95415,000000006b44cce7,8.38
51,2019-08-03T11:06:00Z,08330a7a8172c5c238dcaaa4be7a34e9ecf90da571daf0ea59a8448d,60.16531,24.9442,00000000fdda10fe,16.1
52,2019-08-03T11:06:00Z,096baa5b185c996d7ec0cc7e33371b02f2f2775fc20e81d0191ea64b,60.16897,24.95222,00000000aa852af1,9.92
53,2019-08-03T11:06:00Z,0ac8ebfd84e2c1471f381514d802ba0c0c389669aa78a07bf8916193,60.16829,24.94214,00000000afef4555,7.05
54,2019-08-03T11:06:00Z,0b024ec88e6570eb58db33c2979221df155e87f6fd29a63d0cfe6b3c,60.17065,24.93641,000000000f4919c9,17.4
55,2019-08-03T11:06:00Z,0c15b2752ea92f4d6153039ab59759b4edc0ccdd423961d66a3be553,60.16829,24.94214,00000000afef4555,9.12
56,2019-08-03T11:06:00Z,0dab87a2cc31bb78e40e89fb857fc1022ed629d1dd4d71fc6ad94025,60.14947,24.91438,000000004ef3150d,9.12
57,2019-08-03T11:06:00Z,0dbc351912fd1d9466ec8ad4bef931b2a5b82f6e42b0e9b31870a196,60.17002,24.94407,000000006b087f40,18.79
58,2019-08-03T11:06:00Z,0edb72dbbe90cebf657317cd50a246323a03308de3343c101c81a54b,60.14951,24.92138,0000000006dd41f6,18.79
59,2019-08-03T11:06:00Z,0fe7f51bbc257648c4996c774761ab13191a11bb5cbaa93d8617ad53,60.17002,24.94407,000000006b087f40,21.87
60,2019-08-03T11:06:00Z,1099bc796a0a5804d738b3e8a587ef9e93d2e8d3c80643098a49170a,60.17918,24.95141,00000000675d5200,2.8
61,2019-08-03T11:06:00Z,12f7a751b15763d7169dddfe47b24a415a02a2f04dfacd8167e4dae5,60.17918,24.95141,00000000675d5200,17.4
62,2019-08-03T11:06:00Z,13112e9755d53510b7ef8cd26c45ccb72987ad5d995582cad80bebd1,60.16897,24.95222,00000000aa852af1,16.1
63,2019-08-03T11:06:00Z,14124ca7667c5577ed385b9fd27aed83c8177941255eb8b031683a96,60.17919,24.95181,000000007b5207b6,10.78
64,2019-08-03T11:06:00Z,147c2a855e5e5880dc2c21a7d5f9237c5f73fab056b814c1e78ecb6a,60.14699,24.922,00000000a53ed894,29.32
65,2019-08-03T11:06:00Z,15117b9071a202b3de49523bdae56a4ddd9fce33145d5efc1d2a4b07,60.16829,24.94214,00000000afef4555,21.87
66,2019-08-03T11:06:00Z,1581a46877226aa14c49a4c267ffd3aa49a47e1e82b1c973047b5aeb,60.14951,24.92138,0000000006dd41f6,9.92
67,2019-08-03T11:06:00Z,15d590d987796113d7295374fc9598a50381a1a3efbc1c5ebf7d0d20,60.17918,24.95141,00000000675d5200,11.7
68,2019-08-03T11:06:00Z,178c0f76f4d7c79079f84df2d3785eb4ce848b56f819fcce95750dad,60.16829,24.94214,00000000afef4555,23.56
69,2019-08-03T11:06:00Z,18276b5e86b72968c6961316470b0e160c9936952cae9341d58ebef9,60.17002,24.94407,000000006b087f40,9.12
70,2019-08-03T11:06:00Z,187ed290e7854b41903ad91a0b19d8c44b85b149fa43a896b41040fe,60.16829,24.94214,00000000afef4555,25.36
71,2019-08-03T11:06:00Z,19416d6c84c110d266720f27f202916236d0f1f73259672257b0e536,60.15432,24.9211,0000000019fb59c4,1.54
72,2019-08-03T11:06:00Z,19e19eed9f4d3844ba618616a2e455c3f1b55e5ed33dd809727455f0,60.16829,24.94214,00000000afef4555,20.28
73,2019-08-03T11:06:00Z,1a9550a87f1cde0b5fcd7547c004f76e05d92a5f53ca1e31c328aae5,60.17918,24.95141,00000000675d5200,7.69
74,2019-08-03T11:06:00Z,1bd15d24a959eac7230c513a1ba7583dd1573efcb43d66f8d13e1d38,60.14947,24.91438,000000004ef3150d,14.89
75,2019-08-03T11:06:00Z,1c404af9d5b495ed4adeda565a69a235c4c3a9ecb8b4f078e6ad8f7f,60.14951,24.92138,0000000006dd41f6,13.75
76,2019-08-03T11:06:00Z,1d0cecd0dcc0b5960a22f6d0e51cffbce3e4cdf7225b6b5646d257d1,60.1538,24.95595,0000000038bf9618,18.79
77,2019-08-03T11:06:00Z,1d72ab8820280ed417b4950fc8ea06df446720dca42f1f1a33ed04b6,60.16531,24.9442,00000000fdda10fe,14.89
78,2019-08-03T11:06:00Z,1dacfb371d75dd4f90f447aac2a00faad98beb4188a6971c19eb2375,60.16629,24.95957,00000000fb7600be,29.32
79,2019-08-03T11:06:00Z,1e3a8188e35992aa54c2d27783bafcd73d82b8235233fca7d372cdb6,60.16762,24.95415,000000006b44cce7,9.92
80,2019-08-03T11:06:00Z,1ed0a13969489dd92efc24592ab24aca6f5478c33da7e814afc4b846,60.173,24.92524,0000000096918cfa,31.5
81,2019-08-03T11:06:00Z,1f80805a031d8be138f8e70ad64e63458c3577b5c95f67563cea6148,60.17002,24.94407,000000006b087f40,31.5
82,2019-08-03T11:06:00Z,2142821dbdfd0c8de0dfc0067db2d17aa9b3989b72fc0f1e8db8cf04,60.15432,24.9211,0000000019fb59c4,18.79
83,2019-08-03T11:06:00Z,21afb41a2ce166517010d0b4fced194ca4e18672bc515608afd79c2a,60.17918,24.95141,00000000675d5200,4.11
84,2019-08-03T11:06:00Z,21b96d90fb000a9cd41adcc78230ae524d9d89142b6f95c06da02807,60.17918,24.95141,00000000675d5200,16.1
85,2019-08-03T11:06:00Z,22a4c29e5a96b23604b58fade4ae3cb59b73a9503f40d266a830c440,60.17918,24.95141,00000000675d5200,18.79
86,2019-08-03T11:06:00Z,22b8edc09cdc78012452dfbc494b3a0176ae1e6b43e01689dbd36a55,60.16531,24.9442,00000000fdda10fe,25.36
87,2019-08-03T11:06:00Z,248f3065b92b4835fe2ed7df8cce1d3536d2c58f0d496fab430c8c81,60.14951,24.92138,0000000006dd41f6,12.69
88,2019-08-03T11:06:00Z,25030f30051539554af9c9fbd4e979fcb71923d02dbd2047253cadb7,60.173,24.92524,0000000096918cfa,25.36
89,2019-08-03T11:06:00Z,25807b6c588a0ae96048e03adb8751219e6a0ce2226db704824c9764,60.17918,24.95141,00000000675d5200,7.69
90,2019-08-03T11:06:00Z,265b4dec36dee2505deca44e224d208b8a16ee4dbd7f6299fea3e975,60.16629,24.95957,00000000fb7600be,23.56
91,2019-08-03T11:06:00Z,266c1280b063da490577bd2bbbae9de8551a7ef97fb324f45e6c9121,60.16762,24.95415,000000006b44cce7,17.4
92,2019-08-03T11:06:00Z,2696f6a462520c8284659d993a9bf0545c2b2f278e1538f7f60dd1d3,60.17002,24.94407,000000006b087f40,9.92
93,2019-08-03T11:06:00Z,26e4726d036a18cb66dbc1017be833961fee724be2432369c8c3ff2c,60.14951,24.92138,0000000006dd41f6,12.69
94,2019-08-03T11:06:00Z,2733baf87b8e89130c944c34d7e64a1bfd4a28c60fcbbbb4e4e89e94,60.16897,24.95222,00000000aa852af1,9.12
95,2019-08-03T11:06:00Z,279f2eddf32de0c5c2cff3931eee47295c4dc2d9a703a747b861a51e,60.16829,24.94214,00000000afef4555,9.12
96,2019-08-03T11:06:00Z,27a8ca93c29fc362f8d0b39a68e1bf35689dd37c83fdfca29a4e5308,60.14951,24.92138,0000000006dd41f6,20.28
97,2019-08-03T11:06:00Z,283b6400185868fde90a8f7535da982741a74d65a94bb387364d2f88,60.17918,24.95141,00000000675d5200,13.75
98,2019-08-03T11:06:00Z,2907ac12fae92639682b26d39d29c13c7a09d6f86b59f9f8d162ee9e,60.14699,24.922,00000000a53ed894,10.78
99,2019-08-03T11:06:00Z,2a3b1b013459fd015979b555650f3079593a83ddfa3c1f47dd0a3116,60.16829,24.94214,00000000afef4555,17.4
100,2019-08-03T11:06:00Z,2a7f658178094c69a8f634610c89d56fda16dc52db730bce6b62399d,60.17002,24.94407,000000006b087f40,8.38
101,2019-08-03T11:06:00Z,2b53ec5dfd286f82e77b21c185a935b93b4b96f936a449b88ede76c2,60.16629,24.95957,00000000fb7600be,10.78
102,2019-08-03T11:06:00Z,2b714ff127fabe96d18681050a14dfd8771a8f0243381c37d0989571,60.16762,24.95415,000000006b44cce7,4.5
103,2019-08-03T11:06:00Z,2f104338569bec4d48dbd32ac31dfed5a07aac0c576c01f19000bdc7,60.16897,24.95222,00000000aa852af1,18.79
104,2019-08-03T11:06:00Z,2f17b61e2d5166444759e6fecb7c243552cd45cb1bff8430195f9a43,60.14699,24.922,00000000a53ed894,21.87
105,2019-08-03T11:06:00Z,2f985c899e02caf58c139408c677a5be62c39dac94571fa05526725e,60.17065,24.93641,000000000f4919c9,27.28
106,2019-08-03T11:06:00Z,2fe780ff50e180488ee2c538cf6948488bce2b75040b1d51f019e1fe,60.16762,24.95415,000000006b44cce7,3.74
107,2019-08-03T11:06:00Z,30966369bb9614c08b58850da92d52007fc75a9d558f4c20bd863ab4,60.16762,24.95415,000000006b44cce7,14.89
108,2019-08-03T11:06:00Z,30ac57eefe145543cb787896eefaae8ba645b5ac02c2e2972e87ead7,60.17918,24.95141,00000000675d5200,16.1
109,2019-08-03T11:06:00Z,32a2652d4bd7a2229805ef1086718b08b4a8157b0c49aa908bfde3e9,60.173,24.92524,0000000096918cfa,23.56
110,2019-08-03T11:06:00Z,330cbc36923c8e9748c7395a086b709bf70c8bc488358aac19d6a9de,60.16762,24.95415,000000006b44cce7,13.75
111,2019-08-03T11:06:00Z,33baab409e1936c2219eda9541e551e44876c3829d9eec53aae540aa,60.16829,24.94214,00000000afef4555,12.69
112,2019-08-03T11:06:00Z,33c5bb34a408e0a76b240f73ed1bc08b680e15e76a42a0ce3fb1fd4c,60.17065,24.93641,000000000f4919c9,29.32
113,2019-08-03T11:06:00Z,33da10cf601fb80a4e1f954e62a632df0a6b3efc09247b11fa19a0d5,60.16629,24.95957,00000000fb7600be,20.28
114,2019-08-03T11:06:00Z,361f937ab1057efd291aadfbf88395a903b0bbcfff8ee3afe1431a31,60.16544,24.95398,0000000038d83d41,25.36
115,2019-08-03T11:06:00Z,369118b31f4dc3356b10c3b9a38b0b014c08482d319de9d36bbd28f6,60.16762,24.95415,000000006b44cce7,7.05
116,2019-08-03T11:06:00Z,36bc11fcf1ee0e4cb54af1ac9f1459d49793e0259b1a9fa795af2f6e,60.17065,24.93641,000000000f4919c9,4.5
117,2019-08-03T11:06:00Z,3727d4f4ef8b8ba6ce0b0e55bf9f5da6920e66a75b9b949033afc701,60.17065,24.93641,000000000f4919c9,0.08
118,2019-08-03T11:06:00Z,372bd30e2e186a7560b28b4f5657d97ef1944be5fe1104cd58ca8a48,60.16829,24.94214,00000000afef4555,11.7
119,2019-08-03T11:06:00Z,3a7d056d4ca52c56e587911ace7156ac6ca1e596cc85c7f8e45b0c4c,60.17918,24.95141,00000000675d5200,9.92
120,2019-08-03T11:06:00Z,3aaecf124e84cdc10b193abadd29d0679c0c5dc43ba09e490d3eeb6a,60.16897,24.95222,00000000aa852af1,21.87
121,2019-08-03T11:06:00Z,3b784cfc780a8b3188d93357d931ba5d70242cca6cdaa409014f3539,60.16629,24.95957,00000000fb7600be,23.56
122,2019-08-03T11:06:00Z,3d7fa1972bba6985e8a0500ff7bc7f6a1be4dc1333757b7bd9c402b5,60.16897,24.95222,00000000aa852af1,21.87
123,2019-08-03T11:06:00Z,3d8d10432cf49767de8f6d066e4ff4d7977e4dfc797044b46c484380,60.16762,24.95415,000000006b44cce7,25.36
124,2019-08-03T11:06:00Z,3f21e8cf8a3e70d53732bb3e7c4f00ece03ab267cf108e25446dd20c,60.14951,24.92138,0000000006dd41f6,17.4
125,2019-08-03T11:06:00Z,4029fc79719d5d9165d6856ebc38386a49419bde2bfdfd3a232a1fcf,60.149,24.9843,00000000fffb8cf0,3.74
126,2019-08-03T11:06:00Z,40ab6e46af2bd25e3fbc2e03fd03d84920e642c6c17db14f087f9150,60.16762,24.95415,000000006b44cce7,13.75
127,2019-08-03T11:06:00Z,40cc05f43eb60b6857bc0f0813f91b78c2a03fa124110c57c4a347cf,60.14699,24.922,00000000a53ed894,16.1
128,2019-08-03T11:06:00Z,40e58dd5128e6d2c560e953df89341046cc72e56552e285a7eb64470,60.16531,24.9442,00000000fdda10fe,21.87
129,2019-08-03T11:06:00Z,40f92ed9b54548ff07bc60e317e2f8296d36ef8668d27edc161cda80,60.173,24.92524,0000000096918cfa,27.28
130,2019-08-03T11:06:00Z,4104a761968f56b1679e1da1ee3af1d2aa4050126e69e27166617c8e,60.16629,24.95957,00000000fb7600be,21.87
131,2019-08-03T11:06:00Z,4182dedda9283fab8ee92d3f9e069daa9ea6c6adb1cf310d4c134602,60.17002,24.94407,000000006b087f40,6.46
132,2019-08-03T11:06:00Z,41d73485dd374f89d8c5e1dc7e3e47b7e1e603a2bae613305466f29a,60.16531,24.9442,00000000fdda10fe,1.88
133,2019-08-03T11:06:00Z,42139db07d8199cec8a0e9ab75cf8cd0f8c1db338d4760b23cdc49a2,60.16762,24.95415,000000006b44cce7,13.75
134,2019-08-03T11:06:00Z,43c3045e13864c59d37cacb567509ef11734831b6caffda4f5eec8a7,60.16544,24.95398,0000000038d83d41,25.36
135,2019-08-03T11:06:00Z,44843df25346167a5052d037830226a9650f80d65e22d3b4f48eeccd,60.16897,24.95222,00000000aa852af1,14.89
136,2019-08-03T11:06:00Z,44bcce177e8dae80be86a9a3b7ded7927d1cd98573c8a049270f4fed,60.16544,24.95398,0000000038d83d41,21.87
137,2019-08-03T11:06:00Z,4548d2d9c7d7a95a38911bb143d5b26d73552adaa8cd36d7807487c6,60.16897,24.95222,00000000aa852af1,21.87
138,2019-08-03T11:06:00Z,45d423c1f8ca3239d5dd5dc24d62f6abf93e9c3225d87ab1f4153635,60.173,24.92524,0000000096918cfa,31.5
139,2019-08-03T11:06:00Z,46841b8ed2c9784c86cca4a1aa119c8340ef1dac9782f048e7229ebe,60.14951,24.92138,0000000006dd41f6,7.69
140,2019-08-03T11:06:00Z,46bbcb18ef997089e44a82074f768e69843b4a2ca89be75c144f7325,60.18203,24.91341,00000000342570c2,29.32
141,2019-08-03T11:06:00Z,46dc4d4b0aa20d77cc091850ff5a83f1d1f81afad18e89aa50f851a5,60.16629,24.95957,00000000fb7600be,31.5
142,2019-08-03T11:06:00Z,4713fd0fecc9f8a45aab5bebe365b3f6299d15d5fabda1bb810ee181,60.16544,24.95398,0000000038d83d41,25.36
143,2019-08-03T11:06:00Z,473f5889ab5ed8685143283db9ff3c764939a261fa2e726e25f70377,60.16762,24.95415,000000006b44cce7,8.38
144,2019-08-03T11:06:00Z,489cd253856a728f7b5f5f4d17959314e884c74b7cc2ceb53832cb58,60.16762,24.95415,000000006b44cce7,9.12
145,2019-08-03T11:06:00Z,491780fcbc5e7d0eb13c2166d20f97e343539992ad5ed5cc48293eb2,60.16762,24.95415,000000006b44cce7,9.12
146,2019-08-03T11:06:00Z,4974f854337c4a675766885021826e053cff8a9d33346bec7b4927fa,60.16762,24.95415,000000006b44cce7,11.7
147,2019-08-03T11:06:00Z,4a6b4ea6caaf1515fa5ef6b98b005d1f284ddf23b97db22d962a8e5f,60.16897,24.95222,00000000aa852af1,10.78
148,2019-08-03T11:06:00Z,4be27a15f76045ea830517dce7b5229d67e671fc13d2888f84fb5c17,60.16762,24.95415,000000006b44cce7,7.69
149,2019-08-03T11:06:00Z,4d815b70504cf1a8626a77f61f6ab8f76aaa6a6a8f95a23aa3dc5940,60.14699,24.922,00000000a53ed894,9.92
150,2019-08-03T11:06:00Z,4dc94f768cbec4d941199a8cfa43a285a8cc3ecc4a3511e5a9f50e5f,60.14699,24.922,00000000a53ed894,14.89
151,2019-08-03T11:06:00Z,4e0970dba7706a4413945187dad90e39bf889d0394d97b6d952dac55,60.16762,24.95415,000000006b44cce7,11.7
152,2019-08-03T11:06:00Z,4eb04844fa589a40c512fd60634e0cde7834176d712b7437225ae3aa,60.16762,24.95415,000000006b44cce7,5.41
153,2019-08-03T11:06:00Z,4f1b036feb84e4cb98800a4a0cb36accaf42f5a1ff59c7183bed0e55,60.17918,24.95141,00000000675d5200,14.89
154,2019-08-03T11:06:00Z,4f8387676e551d4ea5d6550ffa6a3fb516b8940db8032cea6302ff40,60.16448,24.97323,0000000053c6c2be,21.87
155,2019-08-03T11:06:00Z,5070df6f0a797a21625a620c9dfd3c0146d3c608759a2330b2b70cc5,60.14699,24.922,00000000a53ed894,36.27
156,2019-08-03T11:06:00Z,50b4779e01f11fcdf9b93ed34b04916bf0230836fd54c99db12fef45,60.16829,24.94214,00000000afef4555,21.87
157,2019-08-03T11:06:00Z,51fc4f337cc51ded746e468b524699be8c39b7a2eae595ec6b2eb75c,60.16829,24.94214,00000000afef4555,4.94
158,2019-08-03T11:06:00Z,52395117d7a1abbb16e0ce231596ff763b0d8e0a0d50f3aad6c7ffae,60.17002,24.94407,000000006b087f40,14.89
159,2019-08-03T11:06:00Z,534eeecb0397bc3089c1e07bb941750ba4c3db84f8dc38a05bab4544,60.17918,24.95141,00000000675d5200,16.1
160,2019-08-03T11:06:00Z,5487534cadc221062f8b23deac0b1938aef9f564bd272de28bdad4ef,60.14951,24.92138,0000000006dd41f6,4.5
161,2019-08-03T11:06:00Z,5509c813ab0ed62ce00adb0e68b1906fde0f836a98cccefd63ac0507,60.14947,24.91438,000000004ef3150d,9.12
162,2019-08-03T11:06:00Z,56679a1606336813304737836b6692bc8d03779e59fe63ab149cacf8,60.16075,24.95883,00000000f1124bca,33.81
163,2019-08-03T11:06:00Z,567def690a303518104fa795e3ad9f3ceadf428ef0906eced0367d81,60.16829,24.94214,00000000afef4555,17.4
164,2019-08-03T11:06:00Z,57b1863863a114a578aed6eeccb7c2f7382fef6d6195a75f73b6d804,60.14951,24.92138,0000000006dd41f6,7.69
165,2019-08-03T11:06:00Z,583c69657b4f228d8e5df2ac4f1cd791afbfa4213a1237e14d4dcc1b,60.16629,24.95957,00000000fb7600be,12.69
166,2019-08-03T11:06:00Z,5859497d3ff117f96bf105878444e8aafdd9d2d7becc9bce6bbc44b3,60.14699,24.922,00000000a53ed894,27.28
167,2019-08-03T11:06:00Z,58c9dfcb5e832ef306d15c4d75b48a0ad0223e1837f1e53963ce057b,60.17002,24.94407,000000006b087f40,20.28
168,2019-08-03T11:06:00Z,58ebc189278ef6f15482a9586cd9dacf43b09f709ef66756582a3923,60.16897,24.95222,00000000aa852af1,16.1
169,2019-08-03T11:06:00Z,59488aa51c2b4db5ee7aebe774bd6936e69ba8f7b497f4e6560679db,60.16544,24.95398,0000000038d83d41,10.78
170,2019-08-03T11:06:00Z,59a663d044482ac07de5f3366c2e1f7f6e4eacb74092417fd9d1be6b,60.14699,24.922,00000000a53ed894,16.1
171,2019-08-03T11:06:00Z,5aa51a452f47c123f5579e1898b51e1d8b7f41030d4d41fefb8b3170,60.14951,24.92138,0000000006dd41f6,5.91
172,2019-08-03T11:06:00Z,5b0d3462cc90467d81c55516114ce30777f3e92631c3a933281cbe6d,60.16762,24.95415,000000006b44cce7,5.91
173,2019-08-03T11:06:00Z,5b49e35b9a44a90a9867bb42cdfbf12cad860349ad3a12284900453c,60.16829,24.94214,00000000afef4555,21.87
174,2019-08-03T11:06:00Z,5c3e5c06bb1b7c6b33cee88c3c5fdda710977b99c75184397953a92a,60.14951,24.92138,0000000006dd41f6,14.89
175,2019-08-03T11:06:00Z,5d26a0031ddb0fdeb0e1a33d99bf5c2d0de852c78956c188a3c36d17,60.14951,24.92138,0000000006dd41f6,3.74
176,2019-08-03T11:06:00Z,5fb240619e42513fccbb6ccd0b066f41fae4f44b33ddcfe9782cc83a,60.14951,24.92138,0000000006dd41f6,4.94
177,2019-08-03T11:06:00Z,602d3ac095118adde218fdb973e6af2ffaf39042b3d388acdd0c7451,60.14951,24.92138,0000000006dd41f6,23.56
178,2019-08-03T11:06:00Z,619208bbe786b0ae7b31e85019bfa90624d41c72e6da53e482421f2e,60.16762,24.95415,000000006b44cce7,5.41
179,2019-08-03T11:06:00Z,62d314b43c8790ed8b77fb2bb18f42d0dfa7016a04b56cf65c8552ef,60.173,24.92524,0000000096918cfa,31.5
180,2019-08-03T11:06:00Z,6372b3e74f3fb1a5c536b44a4f3f27e061875bb605dec9763a602769,60.17918,24.95141,00000000675d5200,10.78
181,2019-08-03T11:06:00Z,63c486017e8c9a2712338c129d4c15ae5ae30f627b2ac00dc38f8528,60.16829,24.94214,00000000afef4555,21.87
182,2019-08-03T11:06:00Z,64bfb13640adc55d32ee3e225995db1b0e0d958802995ba499668ca1,60.17918,24.95141,00000000675d5200,20.28
183,2019-08-03T11:06:00Z,6665453e1b67144102c05f10e91a24ea2b9013574b3e7d4c51561864,60.1538,24.95595,0000000038bf9618,29.32
184,2019-08-03T11:06:00Z,66d0ed2151faa8bd7e68713cd0685e4e3b30ab466575d5cf9ea574c8,60.17065,24.93641,000000000f4919c9,13.75
185,2019-08-03T11:06:00Z,66db23a67ec600e6c915314b808d7a1723e2ab6b0475b926fcf86ff8,60.16829,24.94214,00000000afef4555,25.36
186,2019-08-03T11:06:00Z,6722c0908b7774c48f3f45fc3707b1d7efec0d8c378c341d16102260,60.17918,24.95141,00000000675d5200,3.74
187,2019-08-03T11:06:00Z,684cbcb5e0467b29879985a28594db3216fe82c8e7e2c0700353d092,60.16762,24.95415,000000006b44cce7,17.4
188,2019-08-03T11:06:00Z,692c59ccddc56de436f41b258acb389f8e5f5ad1fa29f230ebea3297,60.16544,24.95398,0000000038d83d41,21.87
189,2019-08-03T11:06:00Z,698af6babfd396de24fa3f799bec6ab0b0726dfad3e37c189408e862,60.16629,24.95957,00000000fb7600be,9.92
190,2019-08-03T11:06:00Z,69cc6c95e47cb263cf9bda7c0786b262947705d974281719b7c4798c,60.16762,24.95415,000000006b44cce7,12.69
191,2019-08-03T11:06:00Z,6a1e0f23f384ce56e33fb6e2054ef1dd6d3afd99bc1b97a1b4b54d2f,60.16762,24.95415,000000006b44cce7,13.75
192,2019-08-03T11:06:00Z,6a66fe5fe85ca7f578b49e2c3df06e385a86a50e4e85073d5b1af2c6,60.16544,24.95398,0000000038d83d41,23.56
193,2019-08-03T11:06:00Z,6a9b3a3f4991ad3553cda7f2d8805e50518810a8871d75ec0eb99b2c,60.14951,24.92138,0000000006dd41f6,14.89
194,2019-08-03T11:06:00Z,6b9b2c2735b3cfaffaff074afb21d3c03a362b02f62e27b95fd65100,60.16897,24.95222,00000000aa852af1,25.36
195,2019-08-03T11:06:00Z,6c510edcb0027c8632bcfbc3d85f42c4c03ffe5275cbacb6c40e784d,60.17918,24.95141,00000000675d5200,14.89
196,2019-08-03T11:06:00Z,6d02d604409556ebcb452f3359997275c9c1d030f339c04b0facf2c7,60.17002,24.94407,000000006b087f40,25.36
197,2019-08-03T11:06:00Z,6d435932cfc17d80f8bbae49f923b2d1c0537828aada286952518b64,60.16762,24.95415,000000006b44cce7,8.38
198,2019-08-03T11:06:00Z,6dfbcb69a42d0a362406f8f82f9d5f0f3065e9bc5bbdd0363e2842b6,60.17065,24.93641,000000000f4919c9,38.87
199,2019-08-03T11:06:00Z,6fa75b9fe8113bb702c57ca5612a03fffb62f1c008585f344f17edc9,60.17065,24.93641,000000000f4919c9,2.54
200,2019-08-03T11:06:00Z,6fdefb7d7533d7b472de7c72456d11fe8f5d01c0000b229e04124657,60.149,24.9843,00000000fffb8cf0,18.79
201,2019-08-03T11:06:00Z,7021ea4b3d69cc11a8040ea5fb6b5bb8dcefb19d4e3396e7128f4a52,60.16762,24.95415,000000006b44cce7,9.12
202,2019-08-03T11:06:00Z,70253595f48f8c9b1bde0fdaa5b413f35367b9b4aabf7193f5006ab9,60.17918,24.95141,00000000675d5200,3.4
203,2019-08-03T11:06:00Z,7209897fe09f5760e9b361b3435fa4a98b35d18f2383585c096bb612,60.16544,24.95398,0000000038d83d41,17.4
204,2019-08-03T11:06:00Z,7286899b018f50d8af0dd9c0cc42af46762bfa75044d796d3681b79b,60.1538,24.95595,0000000038bf9618,31.5
205,2019-08-03T11:06:00Z,738ea275346ecc6db2a2bac1a4f99373035016d4b777868e26166df7,60.16762,24.95415,000000006b44cce7,20.28
206,2019-08-03T11:06:00Z,73b28d0b8f7e0c92b414bc4e4c397a95bc181937cad138af271914f3,60.16762,24.95415,000000006b44cce7,3.74
207,2019-08-03T11:06:00Z,7437ad6c46305fc8f474293b2310749dae16d166c59fec86ee41e1d6,60.16829,24.94214,00000000afef4555,33.81
208,2019-08-03T11:06:00Z,76b621f5db6ed82d791fd56e9461b192a6cfddea02ffe26f13404e73,60.17918,24.95141,00000000675d5200,16.1
209,2019-08-03T11:06:00Z,7709feb73a1cf3f5aea462e983d9c7a76b1074c1bd092bf3cf911fb5,60.17918,24.95141,00000000675d5200,11.7
210,2019-08-03T11:06:00Z,77f4c4e1d0cb7ed6c83b106ef688842555514c5c38e61e5bbd8fb474,60.14951,24.92138,0000000006dd41f6,7.05
211,2019-08-03T11:06:00Z,7866f6d05240c11764410521b3f34a169156374928eefe4236df2639,60.14947,24.91438,000000004ef3150d,9.12
212,2019-08-03T11:06:00Z,78875a35c8044979e031e93d84c8ebce7f1b0842196004d0e8a5c63a,60.14699,24.922,00000000a53ed894,21.87
213,2019-08-03T11:06:00Z,7893b6c241c5867330d87615e0d92981980072f56762499d370edbbd,60.16829,24.94214,00000000afef4555,8.38
214,2019-08-03T11:06:00Z,79daed12470eedf49cacea159f13a25b54487850b09d96d2e1f4c02b,60.16629,24.95957,00000000fb7600be,10.78
215,2019-08-03T11:06:00Z,7b732a0b3d4986b16dafb1674f9ccac608851cce1ede8c2d4d5c7852,60.17002,24.94407,000000006b087f40,13.75
216,2019-08-03T11:06:00Z,7f03c8c702f670dfa57e0b3fc1e6be0df2b59cd97efbe682e529b18c,60.16629,24.95957,00000000fb7600be,16.1
217,2019-08-03T11:06:00Z,7f754c6e9fc5b872af0347814df41a0458338e94052f4fdc6dd2ab26,60.16531,24.9442,00000000fdda10fe,17.4
218,2019-08-03T11:06:00Z,8015dc26e330831a0111599b155e4cbcb91fc692567d123d594cea26,60.17919,24.95181,000000007b5207b6,9.92
219,2019-08-03T11:06:00Z,80e9b850db93ddc6cc3eabad114914e340bc9e9153d7a525ba025844,60.16762,24.95415,000000006b44cce7,0.59
220,2019-08-03T11:06:00Z,815f694d0958ab003b0451f52cdc1a516a85620674f0b950c6a04eff,60.16762,24.95415,000000006b44cce7,20.28
221,2019-08-03T11:06:00Z,819a5824ff0de2c29eb75655bfa45559f544d03ea92214591279f50a,60.16762,24.95415,000000006b44cce7,11.7
222,2019-08-03T11:06:00Z,81c7cede2ffc52f8d0fa9956df821d3779a5fba2bce37864fbba1ae8,60.14951,24.92138,0000000006dd41f6,17.4
223,2019-08-03T11:06:00Z,81d3ab8e4adf5ec4155ef02cefdca2aa67739166310efcd44abc6c21,60.16762,24.95415,000000006b44cce7,6.46
224,2019-08-03T11:06:00Z,8280d64e063c9254ca3ae41cfa0959fefeb430df7716fb8407b186ee,60.16531,24.9442,00000000fdda10fe,21.87
225,2019-08-03T11:06:00Z,82d198a79f630cb85b1b795f241ea52a46226423a517a9ecd008a5a2,60.17918,24.95141,00000000675d5200,18.79
226,2019-08-03T11:06:00Z,82f4bdd49b72c12dc946d3d68bfcbbe70bb809dc8b936c41467da387,60.16762,24.95415,000000006b44cce7,12.69
227,2019-08-03T11:06:00Z,83950bc75802bf9a54eccb78de2d958ecd4cc426dd644b20dee3f61c,60.16762,24.95415,000000006b44cce7,14.89
228,2019-08-03T11:06:00Z,839d474e82a6f016cd7564d0672a0c123c455fd369958bb66fcf4552,60.16762,24.95415,000000006b44cce7,2.8
229,2019-08-03T11:06:00Z,839de1cb47277e88dc20b41fef0978713a468c8090a6ddccc28a8193,60.16762,24.95415,000000006b44cce7,11.7
230,2019-08-03T11:06:00Z,83deabb74ed3eb6c5c2404270efc884da6e8b958fbeda94debeb4feb,60.16829,24.94214,00000000afef4555,33.81
231,2019-08-03T11:06:00Z,846776c2e2b3d96fce5d5943407e96f6d3f7e285fca13920157c9abd,60.16531,24.9442,00000000fdda10fe,12.69
232,2019-08-03T11:06:00Z,856fada8f204d000ace58ac400b5ea1379e895b27de76e3305a37b44,60.16762,24.95415,000000006b44cce7,8.38
233,2019-08-03T11:06:00Z,85ab6d240bf16661022f8ae181251d93af6788600e2bc54daacf5af6,60.16629,24.95957,00000000fb7600be,17.4
234,2019-08-03T11:06:00Z,86219b5d32422a65fca00da92cc701f1028c79c8937720965481b508,60.16531,24.9442,00000000fdda10fe,27.28
235,2019-08-03T11:06:00Z,8627a28c0d45f46f80f3fd3fab4d685ff92b5aa712c6939a221bd65b,60.17918,24.95141,00000000675d5200,7.05
236,2019-08-03T11:06:00Z,8728d3088fe45ccb87534dcdfb2b7a193f965ce2c3d1a92c4c0ee7a0,60.16897,24.95222,00000000aa852af1,13.75
237,2019-08-03T11:06:00Z,8786f6db2b9d62d7cd50f12bb28a26f20632e5d82e8eba2aa6a167f9,60.16762,24.95415,000000006b44cce7,11.7
238,2019-08-03T11:06:00Z,87ee7d9e96399ca3d49c021b145303a9efe9529f42a78ae02bd201e2,60.16544,24.95398,0000000038d83d41,17.4
239,2019-08-03T11:06:00Z,8816f66e4827f5b6877ad67daddab226900d9e3cf9b7109544debdd3,60.14951,24.92138,0000000006dd41f6,17.4
240,2019-08-03T11:06:00Z,8995bd3aa9936e23654d30f909a67fec7cb91a580cd4a0346536bfbd,60.16762,24.95415,000000006b44cce7,2.54
241,2019-08-03T11:06:00Z,899826f8b7eb99fe6f42742897434da1d11ebafb12ee2b8a7bfb0754,60.16762,24.95415,000000006b44cce7,6.46
242,2019-08-03T11:06:00Z,8b3eb974df1c0e999a659bd1834bb5038e8fe0d9269aa992b78948b5,60.16829,24.94214,00000000afef4555,21.87
243,2019-08-03T11:06:00Z,8ba1f349d344756fa60ff1121d63aaf06b70071987bf509ceecd4ee4,60.17918,24.95141,00000000675d5200,5.91
244,2019-08-03T11:06:00Z,8bbbe649fc854a1683f93f91e0350f9e7e9f8d58f11ab0a24d837987,60.16829,24.94214,00000000afef4555,27.28
245,2019-08-03T11:06:00Z,8d58d949ef181bc46ebc570366a1dd425d9a54f89ce77b9e8c002956,60.14947,24.91438,000000004ef3150d,8.38
246,2019-08-03T11:06:00Z,8dbdaaa1418bdbbb6eec0e70660fd59feab69c2ba07613043a8f9bc6,60.16897,24.95222,00000000aa852af1,33.81
247,2019-08-03T11:06:00Z,8f4779633cb77f35f19ce9a73d25b64f21540a363898c51417833ac5,60.17002,24.94407,000000006b087f40,4.94
248,2019-08-03T11:06:00Z,8f939239adcc1856519700b11183c9f60ef8656a6f9d7794a653655e,60.14699,24.922,00000000a53ed894,12.69
249,2019-08-03T11:06:00Z,904fc2e399d5bb1db8d9bd7b2c35798e337fe52aef75f83398abf178,60.16762,24.95415,000000006b44cce7,10.78
250,2019-08-03T11:06:00Z,906ebf42e76b1a540ee0d56d37ee06f32b6e341197a9e78aec364e06,60.16544,24.95398,0000000038d83d41,14.89
251,2019-08-03T11:06:00Z,914ca62fcadc0728b6c7645dbf8ab2eee4f75b45fe325a4bc3bb452e,60.15432,24.9211,0000000019fb59c4,10.78
252,2019-08-03T11:06:00Z,91cd0e0a8ed6d3b899f4ef195cb2216ea2d115617543392e5d2ce513,60.16544,24.95398,0000000038d83d41,18.79
253,2019-08-03T11:06:00Z,929e7a6112bd33a13f8e45c0bfcc972a065bd9b99d08b273f453cf91,60.16544,24.95398,0000000038d83d41,25.36
254,2019-08-03T11:06:00Z,933228c40f9a1602a68f7f90215ee49433c22a45a8b685963ca3fcc7,60.16762,24.95415,000000006b44cce7,5.91
255,2019-08-03T11:06:00Z,9347f674af40d73248bb114b7cfd83a1fc7dd61264fb7ee4be8e9c82,60.17918,24.95141,00000000675d5200,7.69
256,2019-08-03T11:06:00Z,93f30244d19e42fda15027357c46b7dc7c04809030138d528b9874d2,60.16762,24.95415,000000006b44cce7,12.69
257,2019-08-03T11:06:00Z,94db586db2db1f2386552726e74bfce7b955503f80785e1ecc077f0d,60.16762,24.95415,000000006b44cce7,14.89
258,2019-08-03T11:06:00Z,950a56eb7637b788e5075a817d6e17ea2a55a349da3c4c6698067f4d,60.16762,24.95415,000000006b44cce7,9.92
259,2019-08-03T11:06:00Z,95c969d671d807bea4460e7275ea5b02e9bb9564e271c6cb62e67c0c,60.149,24.9843,00000000fffb8cf0,11.7
260,2019-08-03T11:06:00Z,9674b79c8340ff0291a27e3c0a5b373b9fde4b1894f92e2fefb37fd6,60.17918,24.95141,00000000675d5200,8.38
261,2019-08-03T11:06:00Z,97885ededd6d26568a548b14e6d6889b59475f47e70f0319b4499ca5,60.16829,24.94214,00000000afef4555,29.32
262,2019-08-03T11:06:00Z,9803b3c410f2726b0e40ab99c3da9c35f02b408807e6f1356ac43fe3,60.15432,24.9211,0000000019fb59c4,13.75
263,2019-08-03T11:06:00Z,99e89b0d10d290389f81ec6f589a0fb6b8e788bbc1e9a16c6c78fd40,60.149,24.9843,00000000fffb8cf0,27.28
264,2019-08-03T11:06:00Z,9b0de327ce469d23e66e426f859a42f1ac53fb928d741c27b1f84144,60.16762,24.95415,000000006b44cce7,3.09
265,2019-08-03T11:06:00Z,9c418148e811405d517d0d127fb7c3b9a39f31676a389a5fd8cd4706,60.14951,24.92138,0000000006dd41f6,13.75
266,2019-08-03T11:06:00Z,9ce3da50b8874c89107fe464d8b16cde85fe28d141b878c72ffc2cb0,60.14947,24.91438,000000004ef3150d,3.74
267,2019-08-03T11:06:00Z,9d64c9737fc4525662547da57e0685fe0ef6838b1db623509ae1ba3e,60.16897,24.95222,00000000aa852af1,23.56
268,2019-08-03T11:06:00Z,9db96ed74216f993b24b48c958f0a506f3387973cc295e4bcdcc8a6b,60.16762,24.95415,000000006b44cce7,8.38
269,2019-08-03T11:06:00Z,9e995020384ea8cc443eb1f0d51c62658a653f89f6d705fe321cdc1a,60.17002,24.94407,000000006b087f40,11.7
270,2019-08-03T11:06:00Z,9f3ec65a7aec304bd08d6b48d6fcc314ee3f2254e74e9dc18b49750b,60.17065,24.93641,000000000f4919c9,4.11
271,2019-08-03T11:06:00Z,9f72a735f28125034cf45f1c81662090b8154fff7dc58e0fa2a6b7ac,60.16544,24.95398,0000000038d83d41,13.75
272,2019-08-03T11:06:00Z,a049f3cc90ef681b584f03d843bbd2b755b528ed1f357df935b5f14e,60.1538,24.95595,0000000038bf9618,23.56
273,2019-08-03T11:06:00Z,a1d3034e6fe3ebb84b32bfd2720c0aab8a33472f47a7ee249fe5c407,60.14951,24.92138,0000000006dd41f6,8.38
274,2019-08-03T11:06:00Z,a2ad96f7879ada6a2c0e3e3523f3971ac50dc3c1ddb2ef9af5c84d71,60.16629,24.95957,00000000fb7600be,14.89
275,2019-08-03T11:06:00Z,a34e99570dd34b8d12ee0f80ad3bc77c8b0c5e11c198686a43aaf9ad,60.16544,24.95398,0000000038d83d41,17.4
276,2019-08-03T11:06:00Z,a508c9efefc28e3308e9de8f05f7caf2534f3e91688849a2ee3074e8,60.15133,24.92329,00000000e8a064a4,33.81
277,2019-08-03T11:06:00Z,a5e6fce03e6b699ec12d0475cfffd29a51264f09f123657a3b99b97c,60.149,24.9843,00000000fffb8cf0,29.32
278,2019-08-03T11:06:00Z,a786ae360720fdb64a7261d5ba76db215911d450d3aad632c7b11d23,60.14951,24.92138,0000000006dd41f6,10.78
279,2019-08-03T11:06:00Z,a86d542b25db589dc7485cb6bbdf48b77489da404e0a42321c7eb894,60.16762,24.95415,000000006b44cce7,8.38
280,2019-08-03T11:06:00Z,a8d1beb047337be694d83713de40dc4f491d30f20306612745d044ee,60.15432,24.9211,0000000019fb59c4,16.1
281,2019-08-03T11:06:00Z,a8db658d043504f8547e8ef1ad7c55af1aa38dae48b6d1e07d2158f8,60.17918,24.95141,00000000675d5200,5.91
282,2019-08-03T11:06:00Z,aa3714f56b30138921acb7da97ad94aaff310f98382bc90318e4661e,60.149,24.9843,00000000fffb8cf0,27.28
283,2019-08-03T11:06:00Z,aa47e424f5d0e9849fcbe0d91f480e01166b9b5def932321c96f3678,60.16897,24.95222,00000000aa852af1,5.91
284,2019-08-03T11:06:00Z,aa6f4be9dcc0e84d72a2ce3b7d2ac005976d44317e0a18d6d16d38e0,60.16897,24.95222,00000000aa852af1,18.79
285,2019-08-03T11:06:00Z,aac94bef8a66397e50e6da3005ff16e6a77ecdd134b2deeec2c36539,60.17065,24.93641,000000000f4919c9,6.46
286,2019-08-03T11:06:00Z,ab4ca01e61774d30025d033a84bf054394cc65a1462b4bcf56273d0e,60.16829,24.94214,00000000afef4555,7.05
287,2019-08-03T11:06:00Z,abca4d54f7097901fe051edcdc19f0a8ea143d9542e71a73548e44c1,60.14951,24.92138,0000000006dd41f6,1.88
288,2019-08-03T11:06:00Z,ac7a9d62e3c374da9fb7cc64eba728ac177dc4949bcd97bea1e0f380,60.14699,24.922,00000000a53ed894,23.56
289,2019-08-03T11:06:00Z,acb287f0323676bc10975e850dd080eb5fe7f3a27635bc6ca10d12f6,60.14951,24.92138,0000000006dd41f6,7.69
290,2019-08-03T11:06:00Z,acb3e1acef5fa6e7462ccfa174d11e7d1cff122a1c2ec491c1d14fe7,60.16762,24.95415,000000006b44cce7,9.12
291,2019-08-03T11:06:00Z,ace18ca6b75c28d244fb7d578592d8bcac5479a3126bee7fbc22e3c1,60.16897,24.95222,00000000aa852af1,21.87
292,2019-08-03T11:06:00Z,adba44972e622b3bf945efd5d11bfd8805e49c10aeaf3c1d3b4c0b34,60.16897,24.95222,00000000aa852af1,18.79
293,2019-08-03T11:06:00Z,adfb25870a3c31f93c69b5f207bdb8ccff1cacc85223f87219d63e01,60.17918,24.95141,00000000675d5200,21.87
294,2019-08-03T11:06:00Z,aee309d267379ecb5734cf9621782ef3982f2fcdd7051410dad6aafe,60.14951,24.92138,0000000006dd41f6,3.74
295,2019-08-03T11:06:00Z,aeebec88347a76d2353ac069ef50a94d89fd3d96ba72c425bb186d8c,60.16897,24.95222,00000000aa852af1,20.28
296,2019-08-03T11:06:00Z,aeffe638b65efc79e1ed26d995b111ad7fb8c81f90e810896c2f74f9,60.14951,24.92138,0000000006dd41f6,17.4
297,2019-08-03T11:06:00Z,b1ea19876cb0aa4a841bad37c7e7b9a2cbe09108e6061a929145f266,60.16829,24.94214,00000000afef4555,13.75
298,2019-08-03T11:06:00Z,b296a40cde38819393559a2561817c738b24d287b9c34a4b8fff693d,60.173,24.92524,0000000096918cfa,18.79
299,2019-08-03T11:06:00Z,b3259859c19bd6965a1bac4387cbfdc357180dd18643a32e8de24aab,60.14947,24.91438,000000004ef3150d,7.69
300,2019-08-03T11:06:00Z,b44b4c29f55c8adef4f34ae94d2678375cc7e41584356dd3b78adc4f,60.14699,24.922,00000000a53ed894,36.27
301,2019-08-03T11:06:00Z,b5cf9f182d8f8015a5e5f79378e514e2e96855484272717754df4808,60.17065,24.93641,000000000f4919c9,25.36
302,2019-08-03T11:06:00Z,b60709540139c14d41d9dcd7230cb1dae06f6a1456257cf8f75b2d85,60.17065,24.93641,000000000f4919c9,25.36
303,2019-08-03T11:06:00Z,b61e4517731bee867b48501350db220d1ac409e17e6e002f6740b183,60.173,24.92524,0000000096918cfa,14.89
304,2019-08-03T11:06:00Z,b6cf4fd0039a65f20fa9d754925fa005389200686069f3e11583985b,60.16075,24.95883,00000000f1124bca,38.87
305,2019-08-03T11:06:00Z,b7cf3d03ef59758107898f49e10f584e4f98cf9612e72873d1315670,60.16762,24.95415,000000006b44cce7,12.69
306,2019-08-03T11:06:00Z,b9067f5cbb538221d739a8f7079071faad1c0ada7bead742397b72fa,60.17002,24.94407,000000006b087f40,17.4
307,2019-08-03T11:06:00Z,ba761fd90074a8fe3123a275bd657213fb8979771561d2a46af993ab,60.17002,24.94407,000000006b087f40,23.56
308,2019-08-03T11:06:00Z,bb01bba0bbcdd64e4383f73e237d8da87c99a0608bcacb3430028bc1,60.17918,24.95141,00000000675d5200,8.38
309,2019-08-03T11:06:00Z,bbb66bd0d4496937fa5e666e64c4c9b8616b7f8b8985587056713c92,60.14699,24.922,00000000a53ed894,5.91
310,2019-08-03T11:06:00Z,bc4d1c1654e2b9bc4338cf5ea79434659c9b8b31fc33ba87bcf137a7,60.16762,24.95415,000000006b44cce7,16.1
311,2019-08-03T11:06:00Z,bc90d00817aa3a110f9499eb72ffe6b527d0ed708a90e6dfd392285d,60.16544,24.95398,0000000038d83d41,12.69
312,2019-08-03T11:06:00Z,bd1109c51ad7906126a44098dab18631470e32518801a3f63993f211,60.16762,24.95415,000000006b44cce7,9.12
313,2019-08-03T11:06:00Z,bfc7c8cbbfa632969a37cf1b8cb36017e0b7da9edb7892aa52a078fc,60.16531,24.9442,00000000fdda10fe,17.4
314,2019-08-03T11:06:00Z,c046b4b36132ab7f475e7f67175c168dc2820a19937d1e7f4c529095,60.16829,24.94214,00000000afef4555,16.1
315,2019-08-03T11:06:00Z,c1e0a54b062368e0e2ea42e20ca71acd03737fb5fb47e5aae6fd477f,60.16531,24.9442,00000000fdda10fe,21.87
316,2019-08-03T11:06:00Z,c21c07bd74dd27a6a3a791636d50f1dbc3c8745d53aeb928d250b794,60.14699,24.922,00000000a53ed894,13.75
317,2019-08-03T11:06:00Z,c279b95607c0dfa235d142567246fc835f416b56ee2b33b1b866ccda,60.16531,24.9442,00000000fdda10fe,0.07
318,2019-08-03T11:06:00Z,c30e5dfadf6d3080d2777e406f1f6bc930a3b1bbe9e5b784aa7da2de,60.17918,24.95141,00000000675d5200,8.38
319,2019-08-03T11:06:00Z,c407397000b54cd5e8119fd1242be9453c9aff1dda7f683ddcb5d64e,60.16762,24.95415,000000006b44cce7,3.4
320,2019-08-03T11:06:00Z,c478db7d8a4210e1f47e2824087bb1b1fafe326d3eff022ba9eb0958,60.16629,24.95957,00000000fb7600be,16.1
321,2019-08-03T11:06:00Z,c4fe3d3284edeb05ce6406316a08a74b08749ee68e0d1cdf4ab3747d,60.16762,24.95415,000000006b44cce7,2.8
322,2019-08-03T11:06:00Z,c57ec4a97d601603b53067fff59b4e1a5c1778fff2f6661d65fec082,60.14951,24.92138,0000000006dd41f6,12.69
323,2019-08-03T11:06:00Z,c5cf4dd515205ade518b560041484fbad895c1d7d428352b9c90070b,60.16762,24.95415,000000006b44cce7,23.56
324,2019-08-03T11:06:00Z,c7440e840d7c61fa4810252ba8a4a0a0bd8f61464889a74ba0bca4eb,60.14951,24.92138,0000000006dd41f6,9.92
325,2019-08-03T11:06:00Z,c7e38269a1ddc53530f8fbf0068562881c60f46c69ad91e67ab192b7,60.17919,24.95181,000000007b5207b6,11.7
326,2019-08-03T11:06:00Z,c815424191cb8e7eb41632531892664b9593feaab34db3aee8a35911,60.16629,24.95957,00000000fb7600be,21.87
