,time,hash,latitude,longitude,serial,distance
0,2019-08-04T19:07:00Z,002609eccfa6482109fb43966e0153bf6f371425cf715e49925348dd,60.14699,24.922,00000000a53ed894,20.28
1,2019-08-04T19:07:00Z,0104097a4a93055d6feae9bad4c28bff4954a25c3f3dc183822a2a28,60.16544,24.95398,0000000038d83d41,25.36
2,2019-08-04T19:07:00Z,08d5b497935cc70f123d98808df633607e385ffa3796fb5db747b103,60.14951,24.92138,0000000006dd41f6,25.36
3,2019-08-04T19:07:00Z,0dc8c9fd6c6ca193d5326d70d6f9efc1963bcd534fc7c80032f0e192,60.16544,24.95398,0000000038d83d41,25.36
4,2019-08-04T19:07:00Z,107ff02ae50ba9cd6c9786f94e49b00c78a869a58f37f6f253c90e56,60.16762,24.95415,000000006b44cce7,25.36
5,2019-08-04T19:07:00Z,14c7e1511b70f4dd3359cbece1377aebb4d70531f5489eefe53d7c3c,60.16544,24.95398,0000000038d83d41,25.36
6,2019-08-04T19:07:00Z,18a7cc18e342213704ea064466030587974195a1405c322d3118dcf3,60.14699,24.922,00000000a53ed894,16.1
7,2019-08-04T19:07:00Z,25a7ff811c3c06e426c7c2cbb0433d9a2a3399b23afecbd35584ab0f,60.18203,24.91341,00000000342570c2,12.69
8,2019-08-04T19:07:00Z,297c725b456ef12d2712634b21546721cbe93224d3a5762d897404f2,60.16762,24.95415,000000006b44cce7,13.75
9,2019-08-04T19:07:00Z,2c7447fb0268b612e12243f64ab499d0e98b62adeee251409b316f5c,60.16897,24.95222,00000000aa852af1,23.56
10,2019-08-04T19:07:00Z,2c7cb33a1d5aeed6b1f2e9731589deaaeaa1f23489d56c14fa34eac1,60.14951,24.92138,0000000006dd41f6,17.4
11,2019-08-04T19:07:00Z,2fc7f6b10eaa01105ed32b786eca9a15ea3ad441b9ab95eb360cf57c,60.18203,24.91341,00000000342570c2,38.87
12,2019-08-04T19:07:00Z,3944bc7a301be7241d1f7bc4a97f221000d535ce3d8a9af9af9b23b5,60.16531,24.9442,00000000fdda10fe,23.56
13,2019-08-04T19:07:00Z,46a3ece22390722dc1d159a35c7a15c74ade6ee24301e00cb922fd7f,60.17002,24.94407,000000006b087f40,27.28
14,2019-08-04T19:07:00Z,491b2670fa626c719c5624e2a013e9325dd599d02b93ca1a1b0e3416,60.16544,24.95398,0000000038d83d41,14.89
15,2019-08-04T19:07:00Z,5bbb5184fded3e51bc78e45e39917794285e6bbc72da404802a9599a,60.16531,24.9442,00000000fdda10fe,27.28
16,2019-08-04T19:07:00Z,5d65719c4cbf045f068d084b72302f447d5fd034413d97d13be00d0e,60.18203,24.91341,00000000342570c2,18.79
17,2019-08-04T19:07:00Z,5eed115a984d490b02b602d73787aee8dc8c4e9365b77fbff3818a76,60.16629,24.95957,00000000fb7600be,25.36
18,2019-08-04T19:07:00Z,6f06341f358e61699fe1e55e986dd0554bc8da28b91daf0c5ad99db6,60.16629,24.95957,00000000fb7600be,21.87
19,2019-08-04T19:07:00Z,747f2d1ebff218c0ebbdc0fdaef4cbe56633dfb46ae1b1f8c8142201,60.16762,24.95415,000000006b44cce7,11.7
20,2019-08-04T19:07:00Z,79f136afa0dd8717337c01c70b457c464aaf0fa25b440f51a394ec23,60.16762,24.95415,000000006b44cce7,14.89
21,2019-08-04T19:07:00Z,87dfaad29a9276ddddb1fa021d3bc23ad14824c1af16f7d87e713689,60.14951,24.92138,0000000006dd41f6,11.7
22,2019-08-04T19:07:00Z,8c75c3289c84fe4493e1e272a77b615fe1985880c5dc68a7c1a17b53,60.16762,24.95415,000000006b44cce7,11.7
23,2019-08-04T19:07:00Z,8e33bd3417fa06f94bb088325f78c4d7e53d7777fe6cc7adf4cf1f1c,60.17002,24.94407,000000006b087f40,20.28
24,2019-08-04T19:07:00Z,9843c6216661048343a0e49cf3d8aa2883cf77f452666a1c873a1052,60.16448,24.97323,0000000053c6c2be,18.79
25,2019-08-04T19:07:00Z,a91d379a4b57c5df22db0d7a041ff69f657b4b31f28554b1011fc03c,60.16544,24.95398,0000000038d83d41,27.28
26,2019-08-04T19:07:00Z,ae556011c511e79ed2daac915308eebfe8e1f17c56850f7a1fc92ce1,60.14699,24.922,00000000a53ed894,21.87
27,2019-08-04T19:07:00Z,af39edf2bb940054e6f0ba41fbd2dda73c80369a5559082bdc868dc6,60.16762,24.95415,000000006b44cce7,16.1
28,2019-08-04T19:07:00Z,b5fd6b317890e5ab2d79e2cd1abe61626d45a753c7337d0d40728898,60.16762,24.95415,000000006b44cce7,9.12
29,2019-08-04T19:07:00Z,b705506de45e1c158214c9e58d86524ac86353bd54ec621b6d3d84c4,60.16762,24.95415,000000006b44cce7,17.4
30,2019-08-04T19:07:00Z,bddeb29d971bd9472fcb760695040f402a4239acfa65c4d1a1631922,60.16897,24.95222,00000000aa852af1,27.28
31,2019-08-04T19:07:00Z,cf05623e4d87ce0906c0b0b7dbf53aacc1228016cd27c341228b6e76,60.18203,24.91341,00000000342570c2,17.4
32,2019-08-04T19:07:00Z,d366aa1925472f34a389921734c1777d6d7c2e812b0f284d78697edf,60.1538,24.95595,0000000038bf9618,33.81
33,2019-08-04T19:07:00Z,d466739295da5e108e9f8a1a4f387f1cec8bde1ff3a78529697bdcc2,60.16829,24.94214,00000000afef4555,25.36
34,2019-08-04T19:07:00Z,d73d0854198e184ee42ff4f9e9da255df0af90985363aea6a02d33d7,60.16762,24.95415,000000006b44cce7,5.91
35,2019-08-04T19:07:00Z,ed7f425a0b8c06bda9e9a490e5ce6248795c4d395689c28364034dc3,60.16762,24.95415,000000006b44cce7,17.4
36,2019-08-04T19:07:00Z,f088630d7476dae7d4b7e2bb1f10575f2c89acb4b6e061f3d57c2b40,60.16531,24.9442,00000000fdda10fe,21.87
37,2019-08-04T19:07:00Z,fc4f3a44235f1cfc7b53f14ba2da599976a5a0a220d23b852688e485,60.17918,24.95141,00000000675d5200,27.28
38,2019-08-04T19:07:00Z,0c5754aa665e8748b65ed4843a95bb1649e3db591de58ecf4d1344a1,60.17918,24.95141,00000000675d5200,7.05
39,2019-08-04T19:07:00Z,0d6c9aa1e8ff06ac50aa1480ebdfed597ee8a8b0ce32896cfcedb93f,60.16762,24.95415,000000006b44cce7,4.11
40,2019-08-04T19:07:00Z,0f92fea2f30a3af497cbc6ecdb6835dfee1ac8021383e33527fb3e1a,60.16762,24.95415,000000006b44cce7,18.79
41,2019-08-04T19:07:00Z,1374964ad29d1c54c94b5257eb796f8e80c6787b4b55fa999bf434a6,60.17002,24.94407,000000006b087f40,29.32
42,2019-08-04T19:07:00Z,1607307ba0bfc36fb98936bc596e2c409e8f44afa0f8ec127a37bab5,60.16897,24.95222,00000000aa852af1,27.28
43,2019-08-04T19:07:00Z,185f4f69a903bb76b133eb1911c319c51f9561bfdb614f4ac8e7938c,60.16762,24.95415,000000006b44cce7,4.94
44,2019-08-04T19:07:00Z,1bfab2366a72144611fee77b97afb79aa5824346f1987f7bbffc8acb,60.14699,24.922,00000000a53ed894,27.28
45,2019-08-04T19:07:00Z,1ca2a3dc3dfc4b7c43e5c2670f235bdd61b23459d91984dde3e5afff,60.14699,24.922,00000000a53ed894,17.4
46,2019-08-04T19:07:00Z,1dacfb371d75dd4f90f447aac2a00faad98beb4188a6971c19eb2375,60.16629,24.95957,00000000fb7600be,21.87
47,2019-08-04T19:07:00Z,1f50df916c123ae2cfff916a15c8e2498e5ef1195e8729b6d3e82a2b,60.17002,24.94407,000000006b087f40,36.27
48,2019-08-04T19:07:00Z,1faaaeff6423708e06d94b904af4be93e399939fbdfd3b3091dc8bd2,60.15432,24.9211,0000000019fb59c4,12.69
49,2019-08-04T19:07:00Z,23e9795355e45d852c9c842f44d2da499e66c1ac584b914b454e2dc9,60.17065,24.93641,000000000f4919c9,21.87
50,2019-08-04T19:07:00Z,254e9b9512b6f350eb6e5125230f382e9434169d73cf0cd709d9d9f7,60.16531,24.9442,00000000fdda10fe,7.05
51,2019-08-04T19:07:00Z,25b9a688fda1515f9ff250d01f89c4491af81e3721b9b2348d88d2e3,60.16762,24.95415,000000006b44cce7,20.28
52,2019-08-04T19:07:00Z,2612d27d01c2058ca7ef124831580127ec7719b5961fc27c62e43be9,60.1538,24.95595,0000000038bf9618,23.56
53,2019-08-04T19:07:00Z,2e5ae3385dc86fd3d9151b5b0b667496cbe8b1cb848397c08a808310,60.16448,24.97323,0000000053c6c2be,13.75
54,2019-08-04T19:07:00Z,331013bba85acda4dd52dcb9acf62694e4588c830cb2c8b72025f830,60.16531,24.9442,00000000fdda10fe,2.8
55,2019-08-04T19:07:00Z,3311da130dee51452e5d6387c0f42bb1bd25d1e32db2a9523be7d35d,60.1538,24.95595,0000000038bf9618,13.75
56,2019-08-04T19:07:00Z,337e9153942b340f9de66b0e1c6d9b100a6059a7d5644e74786dd732,60.16762,24.95415,000000006b44cce7,17.4
57,2019-08-04T19:07:00Z,34c355df9802a31784fa19d230c9e3c7e413806cab80212f8c1b07d2,60.16762,24.95415,000000006b44cce7,9.12
58,2019-08-04T19:07:00Z,374c1e0f3987979ef24f691b4840f7749333f9185223ccfc3f45b46c,60.16897,24.95222,00000000aa852af1,16.1
59,2019-08-04T19:07:00Z,3a96ecd4e6f46f3eddfc682ac37562cd2ae7973437506dee2ce1dafa,60.16829,24.94214,00000000afef4555,9.92
60,2019-08-04T19:07:00Z,3d52e9cbe39621da9c9b921de074b505e763a1142ed5eea247b925da,60.16829,24.94214,00000000afef4555,9.92
61,2019-08-04T19:07:00Z,3fd6006af8f39f391a669be0b5ab15582aaa352964aa7fe5a0104d02,60.16829,24.94214,00000000afef4555,17.4
62,2019-08-04T19:07:00Z,405dbc5804cf9630f389db744d7015831500d312dbdf65029682fe6b,60.16829,24.94214,00000000afef4555,17.4
63,2019-08-04T19:07:00Z,435ef54c685df981f0b2ff02ae35a5a3f7796a10ec5abf0f67251258,60.16897,24.95222,00000000aa852af1,25.36
64,2019-08-04T19:07:00Z,441337352adaa109275cea31bad6cb386e6a1c26784b61ecdf955ef6,60.17918,24.95141,00000000675d5200,23.56
65,2019-08-04T19:07:00Z,44df57eaf97ab87b594e8071fde4485ab97b27151a4ac212d088303a,60.1538,24.95595,0000000038bf9618,6.46
66,2019-08-04T19:07:00Z,4cfbe8503e26d0e8dce54743eb3632d9e24c89dbc668f5d3dc84376a,60.16762,24.95415,000000006b44cce7,7.05
67,2019-08-04T19:07:00Z,55679108de5aafa7808abb0daf8ee8b4d542c64ca778f744a6d92522,60.16897,24.95222,00000000aa852af1,14.89
68,2019-08-04T19:07:00Z,584cb0b0cdd14e608c8b57c8aecc9826f9b40027e365e2438a444ea2,60.16762,24.95415,000000006b44cce7,16.1
69,2019-08-04T19:07:00Z,5950e1505b97d23d8a15143ccf4474986c81bd650f24165b7e458cc3,60.1538,24.95595,0000000038bf9618,13.75
70,2019-08-04T19:07:00Z,5f56023c17bc503cfedca3503b5d045f4ff09eda02c4dbf28d7122ae,60.16829,24.94214,00000000afef4555,23.56
71,2019-08-04T19:07:00Z,647ad094f5abde6b6db6998a19b8d525db935366bb61a7032016cfaf,60.16762,24.95415,000000006b44cce7,7.05
72,2019-08-04T19:07:00Z,649b530d886384c3d2560d70753c02c9296c5dec675f14d72cc7ca72,60.1538,24.95595,0000000038bf9618,41.64
73,2019-08-04T19:07:00Z,66dfe4c155cd540556642e9a3772a4541657ff8bc47c200413123c2a,60.16544,24.95398,0000000038d83d41,9.12
74,2019-08-04T19:07:00Z,692cb1e58e47465a67ac2f3b75ce3517205810ea47dd5dd13ed3ed51,60.16762,24.95415,000000006b44cce7,9.92
75,2019-08-04T19:07:00Z,6ee7ebdef6d02199661db8d11e27fa1bc1526f599db29cc20e9feefb,60.17065,24.93641,000000000f4919c9,31.5
76,2019-08-04T19:07:00Z,721660bc852c6c9f982ee6fefecb27c459374740396425b2b34494f8,60.14947,24.91438,000000004ef3150d,25.36
77,2019-08-04T19:07:00Z,74cb545f76f0bfc5498607247e26e814276a11ce91f77208054ecbc5,60.17002,24.94407,000000006b087f40,23.56
78,2019-08-04T19:07:00Z,762c802bd8744db9c09269bb19a45cb4be0ac27a03104a63619ba017,60.16897,24.95222,00000000aa852af1,7.69
79,2019-08-04T19:07:00Z,783911cc51ade737ee76e723f8378ec84b4cc65d79dd8a184b257de8,60.16531,24.9442,00000000fdda10fe,18.79
80,2019-08-04T19:07:00Z,7b5a10027cd898eb86aa589210629a7209d8b56449d938bfcd42f400,60.16544,24.95398,0000000038d83d41,31.5
81,2019-08-04T19:07:00Z,85850db0696b8ec1867c0c629a2779fc334e66b6c39b45dca2bd5633,60.16829,24.94214,00000000afef4555,5.91
82,2019-08-04T19:07:00Z,85d3ef65758d24e264717bab1673f4c6f5345567d9ce68f52e2e8e20,60.149,24.9843,00000000fffb8cf0,14.89
83,2019-08-04T19:07:00Z,974f8d75dba8859233015ae97f7ad118da9f696e1ea1ffdfe360fa57,60.18203,24.91341,00000000342570c2,27.28
84,2019-08-04T19:07:00Z,995a382ac307d820dc6aaa7934480887c4d06e9772d3b3ac7b707414,60.1538,24.95595,0000000038bf9618,27.28
85,2019-08-04T19:07:00Z,9a9d3e57297f563d35c6ca99f8079d131e535bb22061fb8461006745,60.16629,24.95957,00000000fb7600be,20.28
86,2019-08-04T19:07:00Z,a30580c62cd95cbac412b85c0936118a5cd7fabd257925e0edda0280,60.16629,24.95957,00000000fb7600be,7.69
87,2019-08-04T19:07:00Z,a9f34749e4d3556166e3c444f4a9765c4db99e886a06b1c5a6bba6e0,60.16762,24.95415,000000006b44cce7,23.56
88,2019-08-04T19:07:00Z,ac3a234779d85dd5095ac46880d63d753c4c0a0d7767634c48deb417,60.16897,24.95222,00000000aa852af1,13.75
89,2019-08-04T19:07:00Z,aca4678ab9fd6cf8c05e0851419b1358fdb782150804910e771d71a0,60.16629,24.95957,00000000fb7600be,21.87
90,2019-08-04T19:07:00Z,ae63b68c2b39929158368a394c3ab649b59a5ee56359d7202c3ace6e,60.14947,24.91438,000000004ef3150d,33.81
91,2019-08-04T19:07:00Z,ae7dae0149faa2f276c5f64fdf71a401cd0c407979757bc56d50a271,60.16829,24.94214,00000000afef4555,12.69
92,2019-08-04T19:07:00Z,af51685f386be5d7bd2cada74d12e8587416fb0654e563adb5506df6,60.16762,24.95415,000000006b44cce7,9.12
93,2019-08-04T19:07:00Z,b765e37a6a1e0ad72e50d03ea490d62ecdf427d8c684b2229a5b6359,60.16897,24.95222,00000000aa852af1,5.91
94,2019-08-04T19:07:00Z,bc07df8cc395f6f4f5d483b2233caca5f93a6918f346e4cc3702f8cc,60.16531,24.9442,00000000fdda10fe,9.12
95,2019-08-04T19:07:00Z,c0a0ca3433586ed2ae0e448f2406fabac7292ac79d49562e0bd5cef8,60.16762,24.95415,000000006b44cce7,14.89
96,2019-08-04T19:07:00Z,ce6244f16e71e2ef42fdd16daf49e5d785c2502bf21cfbaa9c7ce39e,60.17065,24.93641,000000000f4919c9,18.79
97,2019-08-04T19:07:00Z,cfe50e60c8cb99eaf09b1675d8982525b789b7f55c34fa06a0dd0238,60.16629,24.95957,00000000fb7600be,18.79
98,2019-08-04T19:07:00Z,d2e6ce7740f8bb654d58235bd0fb70844914e2942f32d35a3046c9e7,60.16531,24.9442,00000000fdda10fe,14.89
99,2019-08-04T19:07:00Z,ddb6e2b4f5581c601bea73fde93034a4c14bc2db086b703c5bdaf07e,60.16629,24.95957,00000000fb7600be,16.1
100,2019-08-04T19:07:00Z,ec34aef77b05eae308acdd9978594650d57f13477b88f8e0fe2805c8,60.16629,24.95957,00000000fb7600be,8.38
101,2019-08-04T19:07:00Z,ed52fbc98be4a4d8db6043c8124f6cf1b895777f75f98d41f2459c36,60.16544,24.95398,0000000038d83d41,23.56
102,2019-08-04T19:07:00Z,ed7adc01d27c3825fe6cf8810f6456cc45a2acc1fc56d3a32a7f4baa,60.14947,24.91438,000000004ef3150d,17.4
103,2019-08-04T19:07:00Z,f22cada8a488ac0e3da6b73702bf9503f45da283ea413bce2c47e855,60.16829,24.94214,00000000afef4555,12.69
104,2019-08-04T19:07:00Z,f5c30599894fc8ec57b855768d4452e2a9bbec83ff94d07520b8fbd1,60.16762,24.95415,000000006b44cce7,3.74
105,2019-08-04T19:07:00Z,f76d1679e1f9f864805df129562f754e88257438ccffba29e6fd55da,60.1538,24.95595,0000000038bf9618,25.36
106,2019-08-04T19:07:00Z,fbf4a4c385e7e0f21aab5dc0e4065b17758bbef7901be65b6bd4c72b,60.16897,24.95222,00000000aa852af1,25.36
107,2019-08-04T19:07:00Z,fd1e12673fb077e47ab535685fe6103d6f8cfc8c264a50383817db47,60.14947,24.91438,000000004ef3150d,9.92
108,2019-08-04T19:07:01Z,002609eccfa6482109fb43966e0153bf6f371425cf715e49925348dd,60.14699,24.922,00000000a53ed894,14.89
109,2019-08-04T19:07:01Z,0104097a4a93055d6feae9bad4c28bff4954a25c3f3dc183822a2a28,60.16544,24.95398,0000000038d83d41,20.28
110,2019-08-04T19:07:01Z,08d5b497935cc70f123d98808df633607e385ffa3796fb5db747b103,60.14951,24.92138,0000000006dd41f6,33.81
111,2019-08-04T19:07:01Z,0dc8c9fd6c6ca193d5326d70d6f9efc1963bcd534fc7c80032f0e192,60.16544,24.95398,0000000038d83d41,25.36
112,2019-08-04T19:07:01Z,14c7e1511b70f4dd3359cbece1377aebb4d70531f5489eefe53d7c3c,60.16544,24.95398,0000000038d83d41,27.28
113,2019-08-04T19:07:01Z,165ebbb4090d47319ae370f0d0854fdc1f6b79499f8b2e4d3c3533c0,60.16544,24.95398,0000000038d83d41,25.36
114,2019-08-04T19:07:01Z,18a7cc18e342213704ea064466030587974195a1405c322d3118dcf3,60.14699,24.922,00000000a53ed894,14.89
115,2019-08-04T19:07:01Z,25a7ff811c3c06e426c7c2cbb0433d9a2a3399b23afecbd35584ab0f,60.18203,24.91341,00000000342570c2,16.1
116,2019-08-04T19:07:01Z,297c725b456ef12d2712634b21546721cbe93224d3a5762d897404f2,60.16762,24.95415,000000006b44cce7,9.92
117,2019-08-04T19:07:01Z,2c7447fb0268b612e12243f64ab499d0e98b62adeee251409b316f5c,60.16897,24.95222,00000000aa852af1,27.28
118,2019-08-04T19:07:01Z,2c7cb33a1d5aeed6b1f2e9731589deaaeaa1f23489d56c14fa34eac1,60.14951,24.92138,0000000006dd41f6,18.79
119,2019-08-04T19:07:01Z,3944bc7a301be7241d1f7bc4a97f221000d535ce3d8a9af9af9b23b5,60.16531,24.9442,00000000fdda10fe,23.56
120,2019-08-04T19:07:01Z,491b2670fa626c719c5624e2a013e9325dd599d02b93ca1a1b0e3416,60.16544,24.95398,0000000038d83d41,14.89
121,2019-08-04T19:07:01Z,5bbb5184fded3e51bc78e45e39917794285e6bbc72da404802a9599a,60.16531,24.9442,00000000fdda10fe,21.87
122,2019-08-04T19:07:01Z,5d65719c4cbf045f068d084b72302f447d5fd034413d97d13be00d0e,60.18203,24.91341,00000000342570c2,20.28
123,2019-08-04T19:07:01Z,5eed115a984d490b02b602d73787aee8dc8c4e9365b77fbff3818a76,60.16629,24.95957,00000000fb7600be,29.32
124,2019-08-04T19:07:01Z,66dabd3229229330d23c70e9e1737429ddfe69db01f4a6a00f70fa20,60.16762,24.95415,000000006b44cce7,25.36
125,2019-08-04T19:07:01Z,6f06341f358e61699fe1e55e986dd0554bc8da28b91daf0c5ad99db6,60.16629,24.95957,00000000fb7600be,33.81
126,2019-08-04T19:07:01Z,737efc92e3419e9d96a8559ec341ea7e18ba6381fd8e4de3d06f82a0,60.14951,24.92138,0000000006dd41f6,21.87
127,2019-08-04T19:07:01Z,747f2d1ebff218c0ebbdc0fdaef4cbe56633dfb46ae1b1f8c8142201,60.16762,24.95415,000000006b44cce7,21.87
128,2019-08-04T19:07:01Z,87dfaad29a9276ddddb1fa021d3bc23ad14824c1af16f7d87e713689,60.14951,24.92138,0000000006dd41f6,9.92
129,2019-08-04T19:07:01Z,8c75c3289c84fe4493e1e272a77b615fe1985880c5dc68a7c1a17b53,60.16762,24.95415,000000006b44cce7,18.79
130,2019-08-04T19:07:01Z,9843c6216661048343a0e49cf3d8aa2883cf77f452666a1c873a1052,60.16448,24.97323,0000000053c6c2be,12.69
131,2019-08-04T19:07:01Z,ae556011c511e79ed2daac915308eebfe8e1f17c56850f7a1fc92ce1,60.14699,24.922,00000000a53ed894,21.87
132,2019-08-04T19:07:01Z,af39edf2bb940054e6f0ba41fbd2dda73c80369a5559082bdc868dc6,60.16762,24.95415,000000006b44cce7,21.87
133,2019-08-04T19:07:01Z,b5fd6b317890e5ab2d79e2cd1abe61626d45a753c7337d0d40728898,60.16762,24.95415,000000006b44cce7,5.91
134,2019-08-04T19:07:01Z,b705506de45e1c158214c9e58d86524ac86353bd54ec621b6d3d84c4,60.16762,24.95415,000000006b44cce7,16.1
135,2019-08-04T19:07:01Z,b768e8fc4fd123f299abea37ed749bba21656ddaf18ce0d2746898fe,60.16762,24.95415,000000006b44cce7,20.28
136,2019-08-04T19:07:01Z,bddeb29d971bd9472fcb760695040f402a4239acfa65c4d1a1631922,60.16897,24.95222,00000000aa852af1,20.28
137,2019-08-04T19:07:01Z,cf05623e4d87ce0906c0b0b7dbf53aacc1228016cd27c341228b6e76,60.18203,24.91341,00000000342570c2,18.79
138,2019-08-04T19:07:01Z,cfc0bedb78ded52749db3188cb188bf6a250ef5990da9c5afa9623fc,60.14951,24.92138,0000000006dd41f6,25.36
139,2019-08-04T19:07:01Z,d366aa1925472f34a389921734c1777d6d7c2e812b0f284d78697edf,60.1538,24.95595,0000000038bf9618,33.81
140,2019-08-04T19:07:01Z,d466739295da5e108e9f8a1a4f387f1cec8bde1ff3a78529697bdcc2,60.16829,24.94214,00000000afef4555,25.36
141,2019-08-04T19:07:01Z,d73d0854198e184ee42ff4f9e9da255df0af90985363aea6a02d33d7,60.16762,24.95415,000000006b44cce7,6.46
142,2019-08-04T19:07:01Z,ed7f425a0b8c06bda9e9a490e5ce6248795c4d395689c28364034dc3,60.16762,24.95415,000000006b44cce7,17.4
143,2019-08-04T19:07:01Z,f088630d7476dae7d4b7e2bb1f10575f2c89acb4b6e061f3d57c2b40,60.16531,24.9442,00000000fdda10fe,21.87
144,2019-08-04T19:07:01Z,fc4f3a44235f1cfc7b53f14ba2da599976a5a0a220d23b852688e485,60.17919,24.95181,000000007b5207b6,27.28
145,2019-08-04T19:07:01Z,033254ed6118de59fed8f6feead3b7a820dcd7984ca27b5c9fb729c9,60.16762,24.95415,000000006b44cce7,13.75
146,2019-08-04T19:07:01Z,04d0265297b25fd64c179fa160725f73c3c216bebf319120c92184dd,60.16762,24.95415,000000006b44cce7,33.81
147,2019-08-04T19:07:01Z,0c5754aa665e8748b65ed4843a95bb1649e3db591de58ecf4d1344a1,60.17919,24.95181,000000007b5207b6,18.79
148,2019-08-04T19:07:01Z,0d6c9aa1e8ff06ac50aa1480ebdfed597ee8a8b0ce32896cfcedb93f,60.16762,24.95415,000000006b44cce7,7.05
149,2019-08-04T19:07:01Z,0f59bf4cf4202371f9bee296aa7085bc56b4f8f30560e3e139fd2a9f,60.16762,24.95415,000000006b44cce7,18.79
150,2019-08-04T19:07:01Z,1374964ad29d1c54c94b5257eb796f8e80c6787b4b55fa999bf434a6,60.17002,24.94407,000000006b087f40,25.36
151,2019-08-04T19:07:01Z,185f4f69a903bb76b133eb1911c319c51f9561bfdb614f4ac8e7938c,60.16762,24.95415,000000006b44cce7,5.41
152,2019-08-04T19:07:01Z,1b81721db3579d84ce4ee82ca59ea7383331867ef76feec3fec3008d,60.16629,24.95957,00000000fb7600be,23.56
153,2019-08-04T19:07:01Z,1c53101412ee6018d25408de8b5292d9ad54ee365d21c7ce6caaa8bd,60.16762,24.95415,000000006b44cce7,16.1
154,2019-08-04T19:07:01Z,208087926f57d6adc787b2189dfb636091b008c102fb62f6366aa112,60.16762,24.95415,000000006b44cce7,9.92
155,2019-08-04T19:07:01Z,23e9795355e45d852c9c842f44d2da499e66c1ac584b914b454e2dc9,60.17065,24.93641,000000000f4919c9,23.56
156,2019-08-04T19:07:01Z,254e9b9512b6f350eb6e5125230f382e9434169d73cf0cd709d9d9f7,60.16531,24.9442,00000000fdda10fe,7.05
157,2019-08-04T19:07:01Z,2612d27d01c2058ca7ef124831580127ec7719b5961fc27c62e43be9,60.1538,24.95595,0000000038bf9618,21.87
158,2019-08-04T19:07:01Z,2bf5f9225c5c902bf47c53c03a98b5988a577c9688e1143db7aa3f3d,60.14947,24.91438,000000004ef3150d,7.69
159,2019-08-04T19:07:01Z,2e5ae3385dc86fd3d9151b5b0b667496cbe8b1cb848397c08a808310,60.16448,24.97323,0000000053c6c2be,13.75
160,2019-08-04T19:07:01Z,331013bba85acda4dd52dcb9acf62694e4588c830cb2c8b72025f830,60.16531,24.9442,00000000fdda10fe,8.38
161,2019-08-04T19:07:01Z,3311da130dee51452e5d6387c0f42bb1bd25d1e32db2a9523be7d35d,60.1538,24.95595,0000000038bf9618,16.1
162,2019-08-04T19:07:01Z,34c355df9802a31784fa19d230c9e3c7e413806cab80212f8c1b07d2,60.16762,24.95415,000000006b44cce7,8.38
163,2019-08-04T19:07:01Z,3a96ecd4e6f46f3eddfc682ac37562cd2ae7973437506dee2ce1dafa,60.16829,24.94214,00000000afef4555,16.1
164,2019-08-04T19:07:01Z,3fd6006af8f39f391a669be0b5ab15582aaa352964aa7fe5a0104d02,60.16829,24.94214,00000000afef4555,17.4
165,2019-08-04T19:07:01Z,441337352adaa109275cea31bad6cb386e6a1c26784b61ecdf955ef6,60.17918,24.95141,00000000675d5200,21.87
166,2019-08-04T19:07:01Z,449ed04dada9b0a9d02522491f88c0d7099bede54924bf67b43aa614,60.16762,24.95415,000000006b44cce7,23.56
167,2019-08-04T19:07:01Z,44df57eaf97ab87b594e8071fde4485ab97b27151a4ac212d088303a,60.1538,24.95595,0000000038bf9618,13.75
168,2019-08-04T19:07:01Z,4b15ae6b24502c00a51c4149fc50422029d68ea2f003e1cddef5d14e,60.16762,24.95415,000000006b44cce7,20.28
169,2019-08-04T19:07:01Z,4cfbe8503e26d0e8dce54743eb3632d9e24c89dbc668f5d3dc84376a,60.16762,24.95415,000000006b44cce7,9.12
170,2019-08-04T19:07:01Z,55679108de5aafa7808abb0daf8ee8b4d542c64ca778f744a6d92522,60.16897,24.95222,00000000aa852af1,21.87
171,2019-08-04T19:07:01Z,584cb0b0cdd14e608c8b57c8aecc9826f9b40027e365e2438a444ea2,60.16762,24.95415,000000006b44cce7,11.7
172,2019-08-04T19:07:01Z,5950e1505b97d23d8a15143ccf4474986c81bd650f24165b7e458cc3,60.1538,24.95595,0000000038bf9618,13.75
173,2019-08-04T19:07:01Z,5f56023c17bc503cfedca3503b5d045f4ff09eda02c4dbf28d7122ae,60.16829,24.94214,00000000afef4555,21.87
174,2019-08-04T19:07:01Z,647ad094f5abde6b6db6998a19b8d525db935366bb61a7032016cfaf,60.16762,24.95415,000000006b44cce7,9.12
175,2019-08-04T19:07:01Z,66dfe4c155cd540556642e9a3772a4541657ff8bc47c200413123c2a,60.16544,24.95398,0000000038d83d41,10.78
176,2019-08-04T19:07:01Z,692cb1e58e47465a67ac2f3b75ce3517205810ea47dd5dd13ed3ed51,60.16762,24.95415,000000006b44cce7,13.75
177,2019-08-04T19:07:01Z,6ee7ebdef6d02199661db8d11e27fa1bc1526f599db29cc20e9feefb,60.17065,24.93641,000000000f4919c9,25.36
178,2019-08-04T19:07:01Z,721660bc852c6c9f982ee6fefecb27c459374740396425b2b34494f8,60.14947,24.91438,000000004ef3150d,25.36
179,2019-08-04T19:07:01Z,762c802bd8744db9c09269bb19a45cb4be0ac27a03104a63619ba017,60.16897,24.95222,00000000aa852af1,4.11
180,2019-08-04T19:07:01Z,783911cc51ade737ee76e723f8378ec84b4cc65d79dd8a184b257de8,60.16531,24.9442,00000000fdda10fe,21.87
181,2019-08-04T19:07:01Z,7b5a10027cd898eb86aa589210629a7209d8b56449d938bfcd42f400,60.16544,24.95398,0000000038d83d41,25.36
182,2019-08-04T19:07:01Z,830dd578e9edac2313dd4dce99332ffd304f744ab43622f4c99c28c3,60.149,24.9843,00000000fffb8cf0,25.36
183,2019-08-04T19:07:01Z,85d3ef65758d24e264717bab1673f4c6f5345567d9ce68f52e2e8e20,60.149,24.9843,00000000fffb8cf0,14.89
184,2019-08-04T19:07:01Z,89fa0f29c609cd594621d9deb1c8fc3b5854c4c1bd40126a3bdcf592,60.16531,24.9442,00000000fdda10fe,16.1
185,2019-08-04T19:07:01Z,974f8d75dba8859233015ae97f7ad118da9f696e1ea1ffdfe360fa57,60.18203,24.91341,00000000342570c2,25.36
186,2019-08-04T19:07:01Z,ac3a234779d85dd5095ac46880d63d753c4c0a0d7767634c48deb417,60.16897,24.95222,00000000aa852af1,17.4
187,2019-08-04T19:07:01Z,aca4678ab9fd6cf8c05e0851419b1358fdb782150804910e771d71a0,60.16629,24.95957,00000000fb7600be,20.28
188,2019-08-04T19:07:01Z,ad2d269f3a70b48b86549aea5c795eda11bbc5752f4cec23441658b6,60.17002,24.94407,000000006b087f40,29.32
189,2019-08-04T19:07:01Z,ae7dae0149faa2f276c5f64fdf71a401cd0c407979757bc56d50a271,60.16829,24.94214,00000000afef4555,14.89
190,2019-08-04T19:07:01Z,af51685f386be5d7bd2cada74d12e8587416fb0654e563adb5506df6,60.16762,24.95415,000000006b44cce7,8.38
191,2019-08-04T19:07:01Z,b765e37a6a1e0ad72e50d03ea490d62ecdf427d8c684b2229a5b6359,60.16897,24.95222,00000000aa852af1,13.75
192,2019-08-04T19:07:01Z,bc07df8cc395f6f4f5d483b2233caca5f93a6918f346e4cc3702f8cc,60.16531,24.9442,00000000fdda10fe,9.12
193,2019-08-04T19:07:01Z,cfe50e60c8cb99eaf09b1675d8982525b789b7f55c34fa06a0dd0238,60.16629,24.95957,00000000fb7600be,18.79
194,2019-08-04T19:07:01Z,ddb6e2b4f5581c601bea73fde93034a4c14bc2db086b703c5bdaf07e,60.16629,24.95957,00000000fb7600be,18.79
195,2019-08-04T19:07:01Z,e146a005895fb34bd6ba171e992a110e3768e607872add67faa900fa,60.16762,24.95415,000000006b44cce7,18.79
196,2019-08-04T19:07:01Z,ec34aef77b05eae308acdd9978594650d57f13477b88f8e0fe2805c8,60.16629,24.95957,00000000fb7600be,14.89
197,2019-08-04T19:07:01Z,eccfb2a9126328ebb435e3c9bd606f30c7f02560d897d683db982d08,60.18203,24.91341,00000000342570c2,25.36
198,2019-08-04T19:07:01Z,ed52fbc98be4a4d8db6043c8124f6cf1b895777f75f98d41f2459c36,60.16544,24.95398,0000000038d83d41,21.87
199,2019-08-04T19:07:01Z,ed7adc01d27c3825fe6cf8810f6456cc45a2acc1fc56d3a32a7f4baa,60.14947,24.91438,000000004ef3150d,9.92
200,2019-08-04T19:07:01Z,f22cada8a488ac0e3da6b73702bf9503f45da283ea413bce2c47e855,60.16829,24.94214,00000000afef4555,10.78
201,2019-08-04T19:07:01Z,f3733568448043ce8d8fb63885a7413b6b03d133fae89bc782d5a0ec,60.16544,24.95398,0000000038d83d41,29.32
202,2019-08-04T19:07:01Z,f5c30599894fc8ec57b855768d4452e2a9bbec83ff94d07520b8fbd1,60.16762,24.95415,000000006b44cce7,4.11
203,2019-08-04T19:07:01Z,f76d1679e1f9f864805df129562f754e88257438ccffba29e6fd55da,60.1538,24.95595,0000000038bf9618,25.36
204,2019-08-04T19:07:01Z,fd1e12673fb077e47ab535685fe6103d6f8cfc8c264a50383817db47,60.14947,24.91438,000000004ef3150d,5.91
205,2019-08-04T19:07:01Z,fdcc8fe8238dc72bbabbc3947e184416d985ddce3eb811805defdc1c,60.16531,24.9442,00000000fdda10fe,21.87
206,2019-08-04T19:07:02Z,002609eccfa6482109fb43966e0153bf6f371425cf715e49925348dd,60.14699,24.922,00000000a53ed894,17.4
207,2019-08-04T19:07:02Z,0104097a4a93055d6feae9bad4c28bff4954a25c3f3dc183822a2a28,60.16544,24.95398,0000000038d83d41,27.28
208,2019-08-04T19:07:02Z,0dc8c9fd6c6ca193d5326d70d6f9efc1963bcd534fc7c80032f0e192,60.16544,24.95398,0000000038d83d41,25.36
209,2019-08-04T19:07:02Z,14c7e1511b70f4dd3359cbece1377aebb4d70531f5489eefe53d7c3c,60.16544,24.95398,0000000038d83d41,21.87
210,2019-08-04T19:07:02Z,165ebbb4090d47319ae370f0d0854fdc1f6b79499f8b2e4d3c3533c0,60.16544,24.95398,0000000038d83d41,23.56
211,2019-08-04T19:07:02Z,18a7cc18e342213704ea064466030587974195a1405c322d3118dcf3,60.14699,24.922,00000000a53ed894,17.4
212,2019-08-04T19:07:02Z,25a7ff811c3c06e426c7c2cbb0433d9a2a3399b23afecbd35584ab0f,60.18203,24.91341,00000000342570c2,17.4
213,2019-08-04T19:07:02Z,297c725b456ef12d2712634b21546721cbe93224d3a5762d897404f2,60.16762,24.95415,000000006b44cce7,11.7
214,2019-08-04T19:07:02Z,2c7447fb0268b612e12243f64ab499d0e98b62adeee251409b316f5c,60.16897,24.95222,00000000aa852af1,25.36
215,2019-08-04T19:07:02Z,2c7cb33a1d5aeed6b1f2e9731589deaaeaa1f23489d56c14fa34eac1,60.14951,24.92138,0000000006dd41f6,21.87
216,2019-08-04T19:07:02Z,2fc7f6b10eaa01105ed32b786eca9a15ea3ad441b9ab95eb360cf57c,60.18203,24.91341,00000000342570c2,31.5
217,2019-08-04T19:07:02Z,3944bc7a301be7241d1f7bc4a97f221000d535ce3d8a9af9af9b23b5,60.16531,24.9442,00000000fdda10fe,23.56
218,2019-08-04T19:07:02Z,43b676ed3aef4c2d8846694817e76117873be52e7f788e0cb366c1c4,60.16629,24.95957,00000000fb7600be,25.36
219,2019-08-04T19:07:02Z,46a3ece22390722dc1d159a35c7a15c74ade6ee24301e00cb922fd7f,60.17002,24.94407,000000006b087f40,25.36
220,2019-08-04T19:07:02Z,491b2670fa626c719c5624e2a013e9325dd599d02b93ca1a1b0e3416,60.16544,24.95398,0000000038d83d41,21.87
221,2019-08-04T19:07:02Z,5bbb5184fded3e51bc78e45e39917794285e6bbc72da404802a9599a,60.16531,24.9442,00000000fdda10fe,23.56
222,2019-08-04T19:07:02Z,5d65719c4cbf045f068d084b72302f447d5fd034413d97d13be00d0e,60.18203,24.91341,00000000342570c2,16.1
223,2019-08-04T19:07:02Z,5eed115a984d490b02b602d73787aee8dc8c4e9365b77fbff3818a76,60.16629,24.95957,00000000fb7600be,31.5
224,2019-08-04T19:07:02Z,6066632ddc94b5c482a2d4f45ed2532e55e3fd63e414a084a596a737,60.16762,24.95415,000000006b44cce7,23.56
225,2019-08-04T19:07:02Z,66dabd3229229330d23c70e9e1737429ddfe69db01f4a6a00f70fa20,60.16762,24.95415,000000006b44cce7,25.36
226,2019-08-04T19:07:02Z,6f06341f358e61699fe1e55e986dd0554bc8da28b91daf0c5ad99db6,60.16629,24.95957,00000000fb7600be,21.87
227,2019-08-04T19:07:02Z,737efc92e3419e9d96a8559ec341ea7e18ba6381fd8e4de3d06f82a0,60.14951,24.92138,0000000006dd41f6,27.28
228,2019-08-04T19:07:02Z,747f2d1ebff218c0ebbdc0fdaef4cbe56633dfb46ae1b1f8c8142201,60.16762,24.95415,000000006b44cce7,16.1
229,2019-08-04T19:07:02Z,764b18f2619bd0b14d8426810727aa3f13a9b753e6f58dd333477152,60.16531,24.9442,00000000fdda10fe,27.28
230,2019-08-04T19:07:02Z,77839e655f856d5295739c2388237a95b399c3b8a4f659cd1345d939,60.16829,24.94214,00000000afef4555,33.81
231,2019-08-04T19:07:02Z,79f136afa0dd8717337c01c70b457c464aaf0fa25b440f51a394ec23,60.16762,24.95415,000000006b44cce7,21.87
232,2019-08-04T19:07:02Z,7a3db40d91e137d1381ac690a78039878e0baa317ed9a7cd6882df27,60.16762,24.95415,000000006b44cce7,23.56
233,2019-08-04T19:07:02Z,87dfaad29a9276ddddb1fa021d3bc23ad14824c1af16f7d87e713689,60.14951,24.92138,0000000006dd41f6,21.87
234,2019-08-04T19:07:02Z,8c75c3289c84fe4493e1e272a77b615fe1985880c5dc68a7c1a17b53,60.16762,24.95415,000000006b44cce7,12.69
235,2019-08-04T19:07:02Z,8e33bd3417fa06f94bb088325f78c4d7e53d7777fe6cc7adf4cf1f1c,60.17002,24.94407,000000006b087f40,25.36
236,2019-08-04T19:07:02Z,9843c6216661048343a0e49cf3d8aa2883cf77f452666a1c873a1052,60.16448,24.97323,0000000053c6c2be,20.28
237,2019-08-04T19:07:02Z,a91d379a4b57c5df22db0d7a041ff69f657b4b31f28554b1011fc03c,60.16544,24.95398,0000000038d83d41,27.28
238,2019-08-04T19:07:02Z,ae556011c511e79ed2daac915308eebfe8e1f17c56850f7a1fc92ce1,60.14699,24.922,00000000a53ed894,23.56
239,2019-08-04T19:07:02Z,af39edf2bb940054e6f0ba41fbd2dda73c80369a5559082bdc868dc6,60.16762,24.95415,000000006b44cce7,14.89
240,2019-08-04T19:07:02Z,b5fd6b317890e5ab2d79e2cd1abe61626d45a753c7337d0d40728898,60.16762,24.95415,000000006b44cce7,5.91
241,2019-08-04T19:07:02Z,b705506de45e1c158214c9e58d86524ac86353bd54ec621b6d3d84c4,60.16762,24.95415,000000006b44cce7,18.79
242,2019-08-04T19:07:02Z,cf05623e4d87ce0906c0b0b7dbf53aacc1228016cd27c341228b6e76,60.18203,24.91341,00000000342570c2,18.79
243,2019-08-04T19:07:02Z,d366aa1925472f34a389921734c1777d6d7c2e812b0f284d78697edf,60.1538,24.95595,0000000038bf9618,33.81
244,2019-08-04T19:07:02Z,d466739295da5e108e9f8a1a4f387f1cec8bde1ff3a78529697bdcc2,60.16829,24.94214,00000000afef4555,25.36
245,2019-08-04T19:07:02Z,d73d0854198e184ee42ff4f9e9da255df0af90985363aea6a02d33d7,60.16762,24.95415,000000006b44cce7,7.69
246,2019-08-04T19:07:02Z,ed70dda6b7faebd4340dacdb452ab224d9d3c308df417b7fa76f54e8,60.14951,24.92138,0000000006dd41f6,23.56
247,2019-08-04T19:07:02Z,f088630d7476dae7d4b7e2bb1f10575f2c89acb4b6e061f3d57c2b40,60.16531,24.9442,00000000fdda10fe,27.28
248,2019-08-04T19:07:02Z,fc4f3a44235f1cfc7b53f14ba2da599976a5a0a220d23b852688e485,60.17919,24.95181,000000007b5207b6,36.27
249,2019-08-04T19:07:02Z,033254ed6118de59fed8f6feead3b7a820dcd7984ca27b5c9fb729c9,60.16762,24.95415,000000006b44cce7,16.1
250,2019-08-04T19:07:02Z,0c5754aa665e8748b65ed4843a95bb1649e3db591de58ecf4d1344a1,60.17919,24.95181,000000007b5207b6,29.32
251,2019-08-04T19:07:02Z,0d6c9aa1e8ff06ac50aa1480ebdfed597ee8a8b0ce32896cfcedb93f,60.16762,24.95415,000000006b44cce7,3.4
252,2019-08-04T19:07:02Z,0f59bf4cf4202371f9bee296aa7085bc56b4f8f30560e3e139fd2a9f,60.16762,24.95415,000000006b44cce7,25.36
253,2019-08-04T19:07:02Z,185f4f69a903bb76b133eb1911c319c51f9561bfdb614f4ac8e7938c,60.16762,24.95415,000000006b44cce7,4.94
254,2019-08-04T19:07:02Z,1ca2a3dc3dfc4b7c43e5c2670f235bdd61b23459d91984dde3e5afff,60.14699,24.922,00000000a53ed894,13.75
255,2019-08-04T19:07:02Z,1dacfb371d75dd4f90f447aac2a00faad98beb4188a6971c19eb2375,60.16629,24.95957,00000000fb7600be,21.87
256,2019-08-04T19:07:02Z,1f50df916c123ae2cfff916a15c8e2498e5ef1195e8729b6d3e82a2b,60.17002,24.94407,000000006b087f40,25.36
257,2019-08-04T19:07:02Z,1faaaeff6423708e06d94b904af4be93e399939fbdfd3b3091dc8bd2,60.15432,24.9211,0000000019fb59c4,12.69
258,2019-08-04T19:07:02Z,23e9795355e45d852c9c842f44d2da499e66c1ac584b914b454e2dc9,60.17065,24.93641,000000000f4919c9,20.28
259,2019-08-04T19:07:02Z,254e9b9512b6f350eb6e5125230f382e9434169d73cf0cd709d9d9f7,60.16531,24.9442,00000000fdda10fe,11.7
260,2019-08-04T19:07:02Z,2bf5f9225c5c902bf47c53c03a98b5988a577c9688e1143db7aa3f3d,60.14947,24.91438,000000004ef3150d,8.38
261,2019-08-04T19:07:02Z,2ca36c3e87fc6cf22d04a10a10dd151641db6bd51010f74bfdc9e7ff,60.14699,24.922,00000000a53ed894,16.1
262,2019-08-04T19:07:02Z,331013bba85acda4dd52dcb9acf62694e4588c830cb2c8b72025f830,60.16531,24.9442,00000000fdda10fe,5.41
263,2019-08-04T19:07:02Z,3311da130dee51452e5d6387c0f42bb1bd25d1e32db2a9523be7d35d,60.1538,24.95595,0000000038bf9618,21.87
264,2019-08-04T19:07:02Z,337e9153942b340f9de66b0e1c6d9b100a6059a7d5644e74786dd732,60.16762,24.95415,000000006b44cce7,21.87
265,2019-08-04T19:07:02Z,34c355df9802a31784fa19d230c9e3c7e413806cab80212f8c1b07d2,60.16762,24.95415,000000006b44cce7,8.38
266,2019-08-04T19:07:02Z,3a96ecd4e6f46f3eddfc682ac37562cd2ae7973437506dee2ce1dafa,60.16829,24.94214,00000000afef4555,9.92
267,2019-08-04T19:07:02Z,3d52e9cbe39621da9c9b921de074b505e763a1142ed5eea247b925da,60.16829,24.94214,00000000afef4555,12.69
268,2019-08-04T19:07:02Z,3f02f948706cfd01591b1567090cac69a1b5d2e03166db79a4255adc,60.14951,24.92138,0000000006dd41f6,23.56
269,2019-08-04T19:07:02Z,3fd6006af8f39f391a669be0b5ab15582aaa352964aa7fe5a0104d02,60.16829,24.94214,00000000afef4555,20.28
270,2019-08-04T19:07:02Z,405dbc5804cf9630f389db744d7015831500d312dbdf65029682fe6b,60.16829,24.94214,00000000afef4555,16.1
271,2019-08-04T19:07:02Z,42dfcea1ce072fe6f1167313a621aa0a2e63c3ea1f59b19e3c3b2ddc,60.16762,24.95415,000000006b44cce7,16.1
272,2019-08-04T19:07:02Z,441337352adaa109275cea31bad6cb386e6a1c26784b61ecdf955ef6,60.17918,24.95141,00000000675d5200,23.56
273,2019-08-04T19:07:02Z,446ca1f9fb8f32959a5cbc4ce20744816308e309039c7612db4ca5c0,60.17002,24.94407,000000006b087f40,33.81
274,2019-08-04T19:07:02Z,44df57eaf97ab87b594e8071fde4485ab97b27151a4ac212d088303a,60.1538,24.95595,0000000038bf9618,12.69
275,2019-08-04T19:07:02Z,52fc6a6bb25a3a7bbe49ebf6d729c2913c8c623e748ec18c5bb48ca8,60.16762,24.95415,000000006b44cce7,13.75
276,2019-08-04T19:07:02Z,55679108de5aafa7808abb0daf8ee8b4d542c64ca778f744a6d92522,60.16897,24.95222,00000000aa852af1,17.4
277,2019-08-04T19:07:02Z,584cb0b0cdd14e608c8b57c8aecc9826f9b40027e365e2438a444ea2,60.16762,24.95415,000000006b44cce7,11.7
278,2019-08-04T19:07:02Z,5950e1505b97d23d8a15143ccf4474986c81bd650f24165b7e458cc3,60.1538,24.95595,0000000038bf9618,11.7
279,2019-08-04T19:07:02Z,647ad094f5abde6b6db6998a19b8d525db935366bb61a7032016cfaf,60.16762,24.95415,000000006b44cce7,7.05
280,2019-08-04T19:07:02Z,66dfe4c155cd540556642e9a3772a4541657ff8bc47c200413123c2a,60.16629,24.95957,00000000fb7600be,20.28
281,2019-08-04T19:07:02Z,762c802bd8744db9c09269bb19a45cb4be0ac27a03104a63619ba017,60.16897,24.95222,00000000aa852af1,5.41
282,2019-08-04T19:07:02Z,783911cc51ade737ee76e723f8378ec84b4cc65d79dd8a184b257de8,60.16531,24.9442,00000000fdda10fe,25.36
283,2019-08-04T19:07:02Z,85850db0696b8ec1867c0c629a2779fc334e66b6c39b45dca2bd5633,60.16829,24.94214,00000000afef4555,5.41
284,2019-08-04T19:07:02Z,85d3ef65758d24e264717bab1673f4c6f5345567d9ce68f52e2e8e20,60.149,24.9843,00000000fffb8cf0,23.56
285,2019-08-04T19:07:02Z,89fa0f29c609cd594621d9deb1c8fc3b5854c4c1bd40126a3bdcf592,60.16531,24.9442,00000000fdda10fe,21.87
286,2019-08-04T19:07:02Z,94af12b9c4cc4288e316cb903f05abf9d3dfbede70cdd8c6b7c98c07,60.17002,24.94407,000000006b087f40,31.5
287,2019-08-04T19:07:02Z,974f8d75dba8859233015ae97f7ad118da9f696e1ea1ffdfe360fa57,60.18203,24.91341,00000000342570c2,23.56
288,2019-08-04T19:07:02Z,a9f34749e4d3556166e3c444f4a9765c4db99e886a06b1c5a6bba6e0,60.16762,24.95415,000000006b44cce7,20.28
289,2019-08-04T19:07:02Z,ac3a234779d85dd5095ac46880d63d753c4c0a0d7767634c48deb417,60.16897,24.95222,00000000aa852af1,17.4
290,2019-08-04T19:07:02Z,aca4678ab9fd6cf8c05e0851419b1358fdb782150804910e771d71a0,60.16629,24.95957,00000000fb7600be,16.1
291,2019-08-04T19:07:02Z,ad2d269f3a70b48b86549aea5c795eda11bbc5752f4cec23441658b6,60.17002,24.94407,000000006b087f40,20.28
292,2019-08-04T19:07:02Z,ae63b68c2b39929158368a394c3ab649b59a5ee56359d7202c3ace6e,60.14947,24.91438,000000004ef3150d,36.27
293,2019-08-04T19:07:02Z,ae7dae0149faa2f276c5f64fdf71a401cd0c407979757bc56d50a271,60.16829,24.94214,00000000afef4555,23.56
294,2019-08-04T19:07:02Z,af51685f386be5d7bd2cada74d12e8587416fb0654e563adb5506df6,60.16762,24.95415,000000006b44cce7,7.69
295,2019-08-04T19:07:02Z,b765e37a6a1e0ad72e50d03ea490d62ecdf427d8c684b2229a5b6359,60.16897,24.95222,00000000aa852af1,9.92
296,2019-08-04T19:07:02Z,bc07df8cc395f6f4f5d483b2233caca5f93a6918f346e4cc3702f8cc,60.16531,24.9442,00000000fdda10fe,7.05
297,2019-08-04T19:07:02Z,c35c92bd3bd3646fb62c876aa156d198f26baa94220c81b674c77d58,60.16762,24.95415,000000006b44cce7,16.1
298,2019-08-04T19:07:02Z,c35f91ce9eedf47e7ea92776597e80ca3ff96666c214d70914e1d6cf,60.16544,24.95398,0000000038d83d41,18.79
299,2019-08-04T19:07:02Z,cfe50e60c8cb99eaf09b1675d8982525b789b7f55c34fa06a0dd0238,60.16629,24.95957,00000000fb7600be,20.28
300,2019-08-04T19:07:02Z,d2d87639b00733e89ae0b293e411614163eb435a3062d5d47f1bc2fe,60.16762,24.95415,000000006b44cce7,13.75
301,2019-08-04T19:07:02Z,d2e6ce7740f8bb654d58235bd0fb70844914e2942f32d35a3046c9e7,60.16531,24.9442,00000000fdda10fe,31.5
302,2019-08-04T19:07:02Z,da6425c1e164c0756e8e9bf61d9779db84e5709910135bbcf377a23b,60.17002,24.94407,000000006b087f40,31.5
303,2019-08-04T19:07:02Z,e146a005895fb34bd6ba171e992a110e3768e607872add67faa900fa,60.16629,24.95957,00000000fb7600be,29.32
304,2019-08-04T19:07:02Z,ec34aef77b05eae308acdd9978594650d57f13477b88f8e0fe2805c8,60.16629,24.95957,00000000fb7600be,14.89
305,2019-08-04T19:07:02Z,ed7adc01d27c3825fe6cf8810f6456cc45a2acc1fc56d3a32a7f4baa,60.14947,24.91438,000000004ef3150d,10.78
306,2019-08-04T19:07:02Z,f22cada8a488ac0e3da6b73702bf9503f45da283ea413bce2c47e855,60.16829,24.94214,00000000afef4555,12.69
307,2019-08-04T19:07:02Z,f5c30599894fc8ec57b855768d4452e2a9bbec83ff94d07520b8fbd1,60.16762,24.95415,000000006b44cce7,6.46
308,2019-08-04T19:07:02Z,f76d1679e1f9f864805df129562f754e88257438ccffba29e6fd55da,60.1538,24.95595,0000000038bf9618,18.79
309,2019-08-04T19:07:02Z,f9399339c3de44774896319d3f291771cebcaf2666df1d6062469882,60.16531,24.9442,00000000fdda10fe,36.27
310,2019-08-04T19:07:02Z,fd1e12673fb077e47ab535685fe6103d6f8cfc8c264a50383817db47,60.14947,24.91438,000000004ef3150d,5.91
311,2019-08-04T19:07:02Z,fdcc8fe8238dc72bbabbc3947e184416d985ddce3eb811805defdc1c,60.16531,24.9442,00000000fdda10fe,20.28
312,2019-08-04T19:07:02Z,fea4de0d92ec78aefd15d29ed74cf5ec8255e92e86a8c7b20aca7474,60.16531,24.9442,00000000fdda10fe,33.81
313,2019-08-04T19:07:03Z,002609eccfa6482109fb43966e0153bf6f371425cf715e49925348dd,60.14699,24.922,00000000a53ed894,10.78
314,2019-08-04T19:07:03Z,0104097a4a93055d6feae9bad4c28bff4954a25c3f3dc183822a2a28,60.16544,24.95398,0000000038d83d41,20.28
315,2019-08-04T19:07:03Z,13c46a805c1e53a466cd7148765cf2837763da0f2d2f594ff2526f65,60.16762,24.95415,000000006b44cce7,18.79
316,2019-08-04T19:07:03Z,14c7e1511b70f4dd3359cbece1377aebb4d70531f5489eefe53d7c3c,60.16544,24.95398,0000000038d83d41,27.28
317,2019-08-04T19:07:03Z,165ebbb4090d47319ae370f0d0854fdc1f6b79499f8b2e4d3c3533c0,60.16544,24.95398,0000000038d83d41,27.28
318,2019-08-04T19:07:03Z,18a7cc18e342213704ea064466030587974195a1405c322d3118dcf3,60.14699,24.922,00000000a53ed894,17.4
319,2019-08-04T19:07:03Z,25a7ff811c3c06e426c7c2cbb0433d9a2a3399b23afecbd35584ab0f,60.18203,24.91341,00000000342570c2,12.69
320,2019-08-04T19:07:03Z,297c725b456ef12d2712634b21546721cbe93224d3a5762d897404f2,60.16762,24.95415,000000006b44cce7,9.92
321,2019-08-04T19:07:03Z,2c7447fb0268b612e12243f64ab499d0e98b62adeee251409b316f5c,60.16897,24.95222,00000000aa852af1,23.56
322,2019-08-04T19:07:03Z,2c7cb33a1d5aeed6b1f2e9731589deaaeaa1f23489d56c14fa34eac1,60.14951,24.92138,0000000006dd41f6,20.28
323,2019-08-04T19:07:03Z,3944bc7a301be7241d1f7bc4a97f221000d535ce3d8a9af9af9b23b5,60.16531,24.9442,00000000fdda10fe,20.28
324,2019-08-04T19:07:03Z,491b2670fa626c719c5624e2a013e9325dd599d02b93ca1a1b0e3416,60.16544,24.95398,0000000038d83d41,18.79
325,2019-08-04T19:07:03Z,5bbb5184fded3e51bc78e45e39917794285e6bbc72da404802a9599a,60.16531,24.9442,00000000fdda10fe,21.87
326,2019-08-04T19:07:03Z,5d65719c4cbf045f068d084b72302f447d5fd034413d97d13be00d0e,60.18203,24.91341,00000000342570c2,18.79
