,time,hash,latitude,longitude,serial,distance
0,2019-08-01T07:06:00Z,037f46878171ea95a285f601506cbdf37a175c78aaaaa5d0f6766fa7,60.14951,24.92138,0000000006dd41f6,29.32
1,2019-08-01T07:06:00Z,144afc51fc2443c7031a2912566eff2ce60226a49d6d2bd7c2923700,60.16544,24.95398,0000000038d83d41,16.1
2,2019-08-01T07:06:00Z,14c7e1511b70f4dd3359cbece1377aebb4d70531f5489eefe53d7c3c,60.16544,24.95398,0000000038d83d41,27.28
3,2019-08-01T07:06:00Z,15918569de0a46a8eb56b43d8d39f7fc82619ff1006f00822c85745c,60.17918,24.95141,00000000675d5200,3.4
4,2019-08-01T07:06:00Z,1bbb91ce3fba92d6f6c2ab886da498121807c1c32ab3d6be5f42845b,60.1638,24.96846,00000000d747f075,20.28
5,2019-08-01T07:06:00Z,1f0f0628cdc688d76bde2b82bee5b9b4916bf0bbdfe76cf3213e1c65,60.15432,24.9211,0000000019fb59c4,20.28
6,2019-08-01T07:06:00Z,2a93b61a3863ace54349d7a0937e4134fcc6d4dfcf064eefae2b7cf8,60.15432,24.9211,0000000019fb59c4,14.89
7,2019-08-01T07:06:00Z,2dd6ca2c889266702d554569764346cf583b74b0890b10e00ecd4f82,60.16544,24.95398,0000000038d83d41,29.32
8,2019-08-01T07:06:00Z,2fc7f6b10eaa01105ed32b786eca9a15ea3ad441b9ab95eb360cf57c,60.17002,24.94407,000000006b087f40,36.27
9,2019-08-01T07:06:00Z,2fd87be7f3d38756587d5a0dd1ae934998ca065240c450d0538481e9,60.1538,24.95595,0000000038bf9618,36.27
10,2019-08-01T07:06:00Z,427140db094a88d1033f8ee0e16865b0ca63c0d06e0aacf4d81cd1ea,60.17002,24.94407,000000006b087f40,25.36
11,2019-08-01T07:06:00Z,43b676ed3aef4c2d8846694817e76117873be52e7f788e0cb366c1c4,60.16629,24.95957,00000000fb7600be,25.36
12,2019-08-01T07:06:00Z,59107c0fb745e0aacace35f3eb6888e9aa1cace3ca066219be32fe54,60.16897,24.95222,00000000aa852af1,25.36
13,2019-08-01T07:06:00Z,5d65719c4cbf045f068d084b72302f447d5fd034413d97d13be00d0e,60.18203,24.91341,00000000342570c2,18.79
14,2019-08-01T07:06:00Z,6a657079c1bdc8114c289be1ddd83e5846d4279a920d1697b8ff0033,60.18203,24.91341,00000000342570c2,21.87
15,2019-08-01T07:06:00Z,6f06341f358e61699fe1e55e986dd0554bc8da28b91daf0c5ad99db6,60.16629,24.95957,00000000fb7600be,25.36
16,2019-08-01T07:06:00Z,76c7f42283513d0e289bf786d89463b5025b2ae0f4e13519a4cf228b,60.15432,24.9211,0000000019fb59c4,18.79
17,2019-08-01T07:06:00Z,84fdfd8881f633c5f0c71c1480053953ca4b05e848052d97c063ad38,60.1538,24.95595,0000000038bf9618,36.27
18,2019-08-01T07:06:00Z,851eb0b21a43197a7226eaa8e965962b2f7abe13a971ef4f509fce46,60.16448,24.97323,0000000053c6c2be,13.75
19,2019-08-01T07:06:00Z,87dfaad29a9276ddddb1fa021d3bc23ad14824c1af16f7d87e713689,60.14951,24.92138,0000000006dd41f6,7.69
20,2019-08-01T07:06:00Z,8c75c3289c84fe4493e1e272a77b615fe1985880c5dc68a7c1a17b53,60.16762,24.95415,000000006b44cce7,9.92
21,2019-08-01T07:06:00Z,8cc6ddaa460aeae8cc9e8a33f91a01c8cd4c0c8bf8a943210a28c84d,60.1538,24.95595,0000000038bf9618,20.28
22,2019-08-01T07:06:00Z,90778cdb407c97aacbb3fd01f29f2680b24f7e8b2365e56cf8d9b4c4,60.16531,24.9442,00000000fdda10fe,27.28
23,2019-08-01T07:06:00Z,9843c6216661048343a0e49cf3d8aa2883cf77f452666a1c873a1052,60.16448,24.97323,0000000053c6c2be,29.32
24,2019-08-01T07:06:00Z,9d03d14afa49576281aa26db60e517f7c1ec8aa36f7756959a860a8a,60.16629,24.95957,00000000fb7600be,14.89
25,2019-08-01T07:06:00Z,9f7cb23ce3a16f334771054bddba9ed61cf6f35712d26f2bcaca8bad,60.1638,24.96846,00000000d747f075,20.28
26,2019-08-01T07:06:00Z,a9da1ee82e3b670e276c26b483dd50f4a6d0c6f77ef82245d3ae6086,60.18203,24.91341,00000000342570c2,16.1
27,2019-08-01T07:06:00Z,ab0f67c0c0e1ba5eac9013f9c314feadf340ddf08543b91e70483594,60.16544,24.95398,0000000038d83d41,23.56
28,2019-08-01T07:06:00Z,b1f358076ba79ef902a36ca8ae3f8ec7c93308a67c479345bfdbdecf,60.1538,24.95595,0000000038bf9618,25.36
29,2019-08-01T07:06:00Z,b4faf2d3c4d2b199afeab6ab63b583fe3a2e81e14abbef6917f25129,60.15432,24.9211,0000000019fb59c4,21.87
30,2019-08-01T07:06:00Z,b5fd6b317890e5ab2d79e2cd1abe61626d45a753c7337d0d40728898,60.16762,24.95415,000000006b44cce7,8.38
31,2019-08-01T07:06:00Z,ba42c72ea7c2663b3ea5044faf12173ab18e523dc35de0e24bf374ac,60.16544,24.95398,0000000038d83d41,23.56
32,2019-08-01T07:06:00Z,cf05623e4d87ce0906c0b0b7dbf53aacc1228016cd27c341228b6e76,60.18203,24.91341,00000000342570c2,18.79
33,2019-08-01T07:06:00Z,d127ead865385b64ae537a703a26be15fae4b5332ce0fbf03d5e0c23,60.1538,24.95595,0000000038bf9618,29.32
34,2019-08-01T07:06:00Z,d46dc62c7e90a0c52a9c8ee0db2ea09d521caea2c03f1a512e3bdc98,60.16762,24.95415,000000006b44cce7,17.4
35,2019-08-01T07:06:00Z,d5434d0dd3751f358d28d224cf4837b247b122f7e7ea566601c6dddd,60.17065,24.93641,000000000f4919c9,14.89
36,2019-08-01T07:06:00Z,dadaa6e8fd6d060951193e3b9df9ecd25f47db740a2e8b80ab663f35,60.16897,24.95222,00000000aa852af1,29.32
37,2019-08-01T07:06:00Z,dd2c9c82cf3737146294aff6f814a1349fb0bc4bedf518715dacbe8f,60.18203,24.91341,00000000342570c2,14.89
38,2019-08-01T07:06:00Z,e90b46e24e960419637b1c7a47ca051a70af5e4d3d6c3955f58d95bf,60.16448,24.97323,0000000053c6c2be,13.75
39,2019-08-01T07:06:00Z,ec72ef080c605e71978aed0d3b5f22c3c3133677a43c614b72eedc6d,60.14699,24.922,00000000a53ed894,21.87
40,2019-08-01T07:06:00Z,ed70dda6b7faebd4340dacdb452ab224d9d3c308df417b7fa76f54e8,60.14951,24.92138,0000000006dd41f6,23.56
41,2019-08-01T07:06:00Z,f088630d7476dae7d4b7e2bb1f10575f2c89acb4b6e061f3d57c2b40,60.16531,24.9442,00000000fdda10fe,29.32
42,2019-08-01T07:06:00Z,f797b606df1ba8d5e86271c2065f09b01050b2ebc9210236586cce83,60.16448,24.97323,0000000053c6c2be,17.4
43,2019-08-01T07:06:00Z,f99c5dd8cc08bd2353083d875ce8bc585fb2c2ff8427b90d92f571de,60.1538,24.95595,0000000038bf9618,27.28
44,2019-08-01T07:06:00Z,fc4f3a44235f1cfc7b53f14ba2da599976a5a0a220d23b852688e485,60.17918,24.95141,00000000675d5200,18.79
45,2019-08-01T07:06:00Z,01737f4583ba34748ab3024eef5b1749876f615140b56ae437995150,60.17918,24.95141,00000000675d5200,3.74
46,2019-08-01T07:06:00Z,05261580a5ccca9daa3040e8e8126a0ecf24600665b13feec4e06de0,60.14947,24.91438,000000004ef3150d,9.92
47,2019-08-01T07:06:00Z,055811acd08b4bf95f8c572090d5e183ba2372b4565211458e1cf3b3,60.14947,24.91438,000000004ef3150d,9.92
48,2019-08-01T07:06:00Z,064ec58a66103618f54e1acb1fa166277bf98834db8235902541054d,60.16762,24.95415,000000006b44cce7,10.78
49,2019-08-01T07:06:00Z,06809ca7b3877c8439b8ce12edef936228071ebdb6b3e060ef2c5301,60.17918,24.95141,00000000675d5200,14.89
50,2019-08-01T07:06:00Z,0838520793f6ac8a71de497930097d97bb287724e305f8121658db8b,60.16762,24.95415,000000006b44cce7,1.88
51,2019-08-01T07:06:00Z,0865664987c121ef134b38518fb66e781fef152a313eb801fec7dd23,60.17918,24.95141,00000000675d5200,13.75
52,2019-08-01T07:06:00Z,08723bd055e301a9e6e98436847f5c2cc894025baeed9c1598bb95d2,60.16762,24.95415,000000006b44cce7,20.28
53,2019-08-01T07:06:00Z,0ae0163e9e1dca53994afe17b1231d9cd432fdf21aee9405091c488d,60.16629,24.95957,00000000fb7600be,16.1
54,2019-08-01T07:06:00Z,0bb288c9c7d429b2020a967fb0bad2dca870d92f7fe08b8ee1380fad,60.17918,24.95141,00000000675d5200,5.91
55,2019-08-01T07:06:00Z,0c5e3c4d60f1e0b3b4cab450e40e20f153744a31d27803b7b9d11fdd,60.16897,24.95222,00000000aa852af1,17.4
56,2019-08-01T07:06:00Z,0d54f6bd514c0f633d53f7b4e6534b7aa86a635a86f8f2beaca240c6,60.16897,24.95222,00000000aa852af1,29.32
57,2019-08-01T07:06:00Z,0e40ceeb41dd8f36dfe83d2e9ff59ac41c5a4ab12f8ae1634c868c5b,60.14947,24.91438,000000004ef3150d,16.1
58,2019-08-01T07:06:00Z,0fd626c1b3924675e2b625b10d42eae4b265758c49c7378efd02cfb8,60.17918,24.95141,00000000675d5200,6.46
59,2019-08-01T07:06:00Z,10e773a0ea6258ddb56dbe9c2bf0468ddef2fbd1b675f3cbba0dc804,60.17002,24.94407,000000006b087f40,23.56
60,2019-08-01T07:06:00Z,11ed4478db1f58f328477afc2ffa547f0cec2546187659883f5aa4bf,60.16544,24.95398,0000000038d83d41,7.69
61,2019-08-01T07:06:00Z,120b1da15f3c086710e88f04c53c5815e2db0fca0eef1acc12f2bec8,60.16829,24.94214,00000000afef4555,23.56
62,2019-08-01T07:06:00Z,121bf067e8458067c19aea55d2c666658ec01fc02f3071b53696b4d0,60.173,24.92524,0000000096918cfa,3.4
63,2019-08-01T07:06:00Z,129629abed8bb616775111b4489bdd4a2e979e432abdf2763c7b93be,60.17918,24.95141,00000000675d5200,9.12
64,2019-08-01T07:06:00Z,12a9e67437acb43ba7e78b0bf0df5a311ce1da13294fc12e06146d00,60.14947,24.91438,000000004ef3150d,12.69
65,2019-08-01T07:06:00Z,134faff2d5058ed1ea2f707f4abbbcc50e6e57cbe8e563f7f9258671,60.16897,24.95222,00000000aa852af1,9.92
66,2019-08-01T07:06:00Z,153a4a9c63709eb5086141eb7069ae30d2496116c22c7766f96f0b78,60.16762,24.95415,000000006b44cce7,16.1
67,2019-08-01T07:06:00Z,156ad97e890cdc482ab3637bc6f2b82e5e10af701f08db647fb930c8,60.17918,24.95141,00000000675d5200,2.08
68,2019-08-01T07:06:00Z,15ed29be271334d4fea4c8012df87f9d1a4d0679079852fa57674ab8,60.16897,24.95222,00000000aa852af1,27.28
69,2019-08-01T07:06:00Z,175527a7e53c22917995a0029514c67e54298602450801777ccd78c7,60.16829,24.94214,00000000afef4555,21.87
70,2019-08-01T07:06:00Z,19f8c08515d138cf1f79066f66943bf58003749acc8aae215f470b4c,60.16762,24.95415,000000006b44cce7,5.91
71,2019-08-01T07:06:00Z,1b1139dd5ba77b5494d1bdbd667a7a4fcf2b013660412bc9307672f4,60.16448,24.97323,0000000053c6c2be,14.89
72,2019-08-01T07:06:00Z,1b92a2ff47c1c2c1d27ab7e7d9bcc4a476e85fdcf674b64581b352fa,60.14947,24.91438,000000004ef3150d,10.78
73,2019-08-01T07:06:00Z,1bb0bea9f9b9ddf5863ef20421884f6061e8c384636b5045bbd4dfbc,60.16829,24.94214,00000000afef4555,20.28
74,2019-08-01T07:06:00Z,1be12a4f71b98dc9509141bc1a766b833b6c15dc22303f7006afbe96,60.17065,24.93641,000000000f4919c9,16.1
75,2019-08-01T07:06:00Z,1c64d66694b690c191b3243423a4b104046f5a176908557e5c2c9861,60.16762,24.95415,000000006b44cce7,4.5
76,2019-08-01T07:06:00Z,1d84b23e051fecc3e6d9b9d337fc83a010572501c109702a2dc51021,60.16531,24.9442,00000000fdda10fe,2.8
77,2019-08-01T07:06:00Z,1dacfb371d75dd4f90f447aac2a00faad98beb4188a6971c19eb2375,60.16629,24.95957,00000000fb7600be,21.87
78,2019-08-01T07:06:00Z,1deb1e86f255163aa0edb60fd3b094bead826e2a9e57a5846ca967e7,60.16897,24.95222,00000000aa852af1,17.4
79,2019-08-01T07:06:00Z,1ecbc7c6afe89033252e5510cbb893666af2b3bc29f555a3a6287fdb,60.14951,24.92138,0000000006dd41f6,3.4
80,2019-08-01T07:06:00Z,1f9c1b1f161a85fffd50006cb2758afc18661fedde88b1b56e792493,60.16762,24.95415,000000006b44cce7,9.92
81,2019-08-01T07:06:00Z,2100793120dac148839aacd552d5cf8033b17be4293f36a6ee27ee35,60.16897,24.95222,00000000aa852af1,16.1
82,2019-08-01T07:06:00Z,219790ba550ed9beeabe5dbeb1f21501e9171421f7cca94de4ace1d2,60.1638,24.96846,00000000d747f075,20.28
83,2019-08-01T07:06:00Z,220d67874314c3b7e6feb9c99618991f5a0664c1ee510b1439a65b16,60.16762,24.95415,000000006b44cce7,8.38
84,2019-08-01T07:06:00Z,225329372998af419cc6840916679c8b723c847a6a3f53901f25e2cb,60.16829,24.94214,00000000afef4555,5.91
85,2019-08-01T07:06:00Z,2323c02e934f027e661ea45668dd961c5912c4f177e97f587780e520,60.14947,24.91438,000000004ef3150d,20.28
86,2019-08-01T07:06:00Z,23640c10ea5f21c712f48dff4519ed29367a64245d82003892aaf502,60.14947,24.91438,000000004ef3150d,21.87
87,2019-08-01T07:06:00Z,25d7b50381d6c7b474ed6fb606a44ad320ce57a198e371619058e893,60.16544,24.95398,0000000038d83d41,13.75
88,2019-08-01T07:06:00Z,260cdf85e9f5970ea9858b0c99ab479e455ba46e5e3f44a778dbab4c,60.16762,24.95415,000000006b44cce7,17.4
89,2019-08-01T07:06:00Z,2a368a24f733dddacf4af2a9e7f7ab48c4e10c3e707da70ed31a7f9a,60.15133,24.92329,00000000e8a064a4,16.1
90,2019-08-01T07:06:00Z,2a5228c95b8daecc48a8309d1064d1f9bcae755ca3735657fb007c36,60.17918,24.95141,00000000675d5200,5.91
91,2019-08-01T07:06:00Z,2a828e25aae30a54b4656f2f72bbb8e30b96ccbe9c84b0a387baec1c,60.14947,24.91438,000000004ef3150d,13.75
92,2019-08-01T07:06:00Z,2d3f8a9b336cee674429155853e1f640fe0b8d07baa419192aa44c13,60.14947,24.91438,000000004ef3150d,10.78
93,2019-08-01T07:06:00Z,2e22cba9fa105e13d2e6f13ddca3f96bb3c2e6511fe7b8640c378d6c,60.16762,24.95415,000000006b44cce7,9.12
94,2019-08-01T07:06:00Z,316864da455c2e4bed168034b5d720a2e0f2c442b182a716251da100,60.16829,24.94214,00000000afef4555,14.89
95,2019-08-01T07:06:00Z,31cca882d98500796e7192653d68079c3f4b81a04837bd14074fe429,60.14947,24.91438,000000004ef3150d,18.79
96,2019-08-01T07:06:00Z,3230d06e4cd3728a2e48a651a835bd7a318cfb06b07bab226ff4226d,60.1638,24.96846,00000000d747f075,27.28
97,2019-08-01T07:06:00Z,336c1ac0066ad9a49aa3eb6fb6ddba6af108a5b423fc751be3173a18,60.16762,24.95415,000000006b44cce7,8.38
98,2019-08-01T07:06:00Z,34995a84f8be12dac7ddcb910678454f9f4bbe826e08279772bf9241,60.16897,24.95222,00000000aa852af1,21.87
99,2019-08-01T07:06:00Z,38bdb5b2317fd2baab057f9dda5dd0ed08191d38a2ed044b90254aad,60.16531,24.9442,00000000fdda10fe,29.32
100,2019-08-01T07:06:00Z,38ff2b940952f7b1e94c9e815f13d7ed864da4fb563b1dec3125efca,60.14699,24.922,00000000a53ed894,21.87
101,2019-08-01T07:06:00Z,39a3885a4be38fff5576540d7b3c01a103fb9166f4cc3fc6f1718cc6,60.16897,24.95222,00000000aa852af1,23.56
102,2019-08-01T07:06:00Z,39deece025bf1f5355eb18bbe871d7e92a2afb8eff49d71b4e20208f,60.173,24.92524,0000000096918cfa,13.75
103,2019-08-01T07:06:00Z,3ad08f5eb166ce37f12b3537bae19ae62161c3aaffcf2a5864e62864,60.16762,24.95415,000000006b44cce7,9.12
104,2019-08-01T07:06:00Z,3c278f020ef48fbf018b001e9a90fd78068655f85c3af6f2567c03f8,60.16075,24.95883,00000000f1124bca,13.75
105,2019-08-01T07:06:00Z,3e699c14e29af270d2dd1be36dcbe4461f96630728a0fb659ceae491,60.16897,24.95222,00000000aa852af1,4.11
106,2019-08-01T07:06:00Z,3e99dd8c93c61af0beafc2b7c8a26663bb9689c159b89965ea73bb03,60.16897,24.95222,00000000aa852af1,7.69
107,2019-08-01T07:06:00Z,3ee32ab7dfa59e0f5945ad77fd9d65fa06d870e52d8affb44a905696,60.16075,24.95883,00000000f1124bca,17.4
108,2019-08-01T07:06:00Z,3f7371fe29109fa29955e5153f89f763656bc838634a30e28771fbdb,60.16897,24.95222,00000000aa852af1,25.36
109,2019-08-01T07:06:00Z,40ed003a09cc15238cf663d32d36d1ed67f596dfb3548e342d7f6841,60.14947,24.91438,000000004ef3150d,4.11
110,2019-08-01T07:06:00Z,424d7c6e815c66f0ae49a05d07c2e44664f795b322c9990735bc4152,60.16629,24.95957,00000000fb7600be,16.1
111,2019-08-01T07:06:00Z,4424a92ff57f217e8593c5eabff0e564705b56c6a0e78b7cadce7cc6,60.16829,24.94214,00000000afef4555,14.89
112,2019-08-01T07:06:00Z,45411e478b85ab69f3d1fbe6db3a41fc43beebbf31e5ca57b76f62e3,60.15432,24.9211,0000000019fb59c4,5.91
113,2019-08-01T07:06:00Z,45601090ecd5b057bd1e36af857419536ca4fab098f8d9861bba56f5,60.17918,24.95141,00000000675d5200,17.4
114,2019-08-01T07:06:00Z,478830e26b1b9314c3f35b4ca62aba9828872733abbc7f32b78daac3,60.16531,24.9442,00000000fdda10fe,25.36
115,2019-08-01T07:06:00Z,47bd99bc6771ad0085c000f11aea5d7ea0324d13d0b3853d7f0b0caf,60.17918,24.95141,00000000675d5200,10.78
116,2019-08-01T07:06:00Z,49312be66ff2d3ec4cf9ef3c24226014bd5cb5ed692be0ce054ab006,60.16897,24.95222,00000000aa852af1,3.09
117,2019-08-01T07:06:00Z,4ade0f3a4687b86f8ff12799be816aa2c13b17eda8dbe4f2bee3496c,60.16897,24.95222,00000000aa852af1,23.56
118,2019-08-01T07:06:00Z,4c41b640f4f1132c33d55379356c872688f0568a37db3942a6c7c3cf,60.16897,24.95222,00000000aa852af1,21.87
119,2019-08-01T07:06:00Z,4c5594bb9e14fce794e9c44cc2284f8c70c1e43661ed7921f7a774ef,60.16629,24.95957,00000000fb7600be,18.79
120,2019-08-01T07:06:00Z,4e478b9802cd4a23c6fb9019ac273718af2a43982bcb6b7e17aa407a,60.16762,24.95415,000000006b44cce7,18.79
121,2019-08-01T07:06:00Z,4ec2760b0556d793d9bac1dcc43ccadf1aed96a34c8ebdce8c97d8fd,60.18203,24.91341,00000000342570c2,16.1
122,2019-08-01T07:06:00Z,4f2ee410fae343924332b7c45d23df66786e3599cf001d739702393e,60.16762,24.95415,000000006b44cce7,14.89
123,2019-08-01T07:06:00Z,511bd10c75abbb3828d45360ef3b0b665560373f6cd55cbd26f43791,60.14951,24.92138,0000000006dd41f6,25.36
124,2019-08-01T07:06:00Z,54c332805b229aa26cc1eeab128cdedaa13ff806b479d054915cee6e,60.16762,24.95415,000000006b44cce7,14.89
125,2019-08-01T07:06:00Z,55541104d5e585d15b979379faba42998062f979c8f6d6c40eef07b9,60.1638,24.96846,00000000d747f075,20.28
126,2019-08-01T07:06:00Z,584fc287c2fda6c59ae1f07cf3adf5f1adb1cba96d66d75f5622a467,60.16762,24.95415,000000006b44cce7,6.46
127,2019-08-01T07:06:00Z,5862c3db5e0178efc96d9edf22ba2d28a93b692ede7f80831c49b811,60.16629,24.95957,00000000fb7600be,10.78
128,2019-08-01T07:06:00Z,588a9fede702205a171a8c1dad1cf615582d9a73a6a138b356ac47f7,60.14947,24.91438,000000004ef3150d,4.94
129,2019-08-01T07:06:00Z,59675fb4b7f96fba5736718b87388b4b283a32722c174f9cf655774d,60.16544,24.95398,0000000038d83d41,9.12
130,2019-08-01T07:06:00Z,597f13b5c6c389fe3893d267a6011a9e8e1059717954347713dd99c2,60.17918,24.95141,00000000675d5200,18.79
131,2019-08-01T07:06:00Z,5a4cc15375f35718c9b8b5996246a8404171890af1bf94f76df1d1d2,60.16075,24.95883,00000000f1124bca,17.4
132,2019-08-01T07:06:00Z,5bc97d10306069d26f1b56cb2a696768876bc67edef329cb231cf00c,60.17918,24.95141,00000000675d5200,5.91
133,2019-08-01T07:06:00Z,5c9a25bf2bf466ff5470ac70b4de0203d03cfe4b511ce908815171fe,60.14947,24.91438,000000004ef3150d,10.78
134,2019-08-01T07:06:00Z,5cbcdb9a530529ddd63147ca9dfcdac2723fcfb2e837aa7fc90f67cf,60.16629,24.95957,00000000fb7600be,23.56
135,2019-08-01T07:06:00Z,5cd36b570565098bef33cec1edcaadc407f8708a5f78a29a995ea9b6,60.16762,24.95415,000000006b44cce7,12.69
136,2019-08-01T07:06:00Z,5e60a976a40218dea36301b6d3cbfec797e662a9d3ac9e8d7bbd008a,60.16762,24.95415,000000006b44cce7,3.4
137,2019-08-01T07:06:00Z,5f63d747ba6df64c7bf1249d5eac73186b2ce16f5851900e3e305072,60.16762,24.95415,000000006b44cce7,13.75
138,2019-08-01T07:06:00Z,6070ccf91b2a569bd032c4bbfa3569dd8df3a9ff49df719fcc5e54b4,60.14947,24.91438,000000004ef3150d,11.7
139,2019-08-01T07:06:00Z,60c36d2e4a4dedb38db1f6272a8768c62c8bebbf400c20806d225c75,60.16897,24.95222,00000000aa852af1,9.92
140,2019-08-01T07:06:00Z,61c3ad2298bd67fe4435b601e167d74891aed382ea97393b1f628c14,60.16762,24.95415,000000006b44cce7,3.4
141,2019-08-01T07:06:00Z,653314db62166da655f06d23d4ed8beabb51cc6acaa6346f23d65e82,60.173,24.92524,0000000096918cfa,23.56
142,2019-08-01T07:06:00Z,6549bb2847ea4f8cf11f0010b96c1a5cb6a6d4fba59eb0f7366e09eb,60.16448,24.97323,0000000053c6c2be,20.28
143,2019-08-01T07:06:00Z,671f9d77c767acb9f9d791833688903089ee1152c5884dd3dc1279ae,60.16531,24.9442,00000000fdda10fe,8.38
144,2019-08-01T07:06:00Z,67ec15e985753f9964858225f8687d2464562655668567e6d5ac8fba,60.1638,24.96846,00000000d747f075,16.1
145,2019-08-01T07:06:00Z,68636d6528e6dba22b1931d5bbb9af4be57adf78a88c32684d9a9fcb,60.14947,24.91438,000000004ef3150d,29.32
146,2019-08-01T07:06:00Z,687c856f49a11f8c90b7d6ff4ebd81c29509b01af8e4d5d0dc2c9cd4,60.16762,24.95415,000000006b44cce7,2.3
147,2019-08-01T07:06:00Z,68b65def6d3a4fc8d9799cc867517079cd86d25efc919e338933b068,60.1638,24.96846,00000000d747f075,33.81
148,2019-08-01T07:06:00Z,6abd59f4ae93b81b248a8f99b50bb7011f2b4c540a6a7fdb00998dc7,60.17918,24.95141,00000000675d5200,4.5
149,2019-08-01T07:06:00Z,6d1d6ea1865f3c7c72a7f335c49b9089d829f459c882b0e5553f4fd7,60.16629,24.95957,00000000fb7600be,9.92
150,2019-08-01T07:06:00Z,6e671fdd78f310ff3f7ff2ea06a8a9c34600ecea86193daa92dac80f,60.16897,24.95222,00000000aa852af1,21.87
151,2019-08-01T07:06:00Z,6e72e26b5b05c1b97b3907b6ccce542578a712bca335948d731767b0,60.14947,24.91438,000000004ef3150d,17.4
152,2019-08-01T07:06:00Z,6f137d4d9eda477f2ac024f867ef33164e0ab4c2ff925ff99c7aac5b,60.16897,24.95222,00000000aa852af1,11.7
153,2019-08-01T07:06:00Z,6f4ac8d8156699d5b91fa5ff8dfec5e655057f68e2e5913db2e92b4a,60.14947,24.91438,000000004ef3150d,8.38
154,2019-08-01T07:06:00Z,6f838ac10ac68e1ca751a4c23350d797096d04e8db0f0d6f5c793436,60.16531,24.9442,00000000fdda10fe,5.91
155,2019-08-01T07:06:00Z,701ebe2f0c93e3d2d5f4c1b9f737199afb3f37f9b49809649903d665,60.16762,24.95415,000000006b44cce7,8.38
156,2019-08-01T07:06:00Z,709b7216aadc5bdcecfe02f84505a0d2d86f61fcd2251f97b3799c5e,60.16448,24.97323,0000000053c6c2be,20.28
157,2019-08-01T07:06:00Z,71c1b8dec1ff4716a8099e1e63ba810f3b4a50c030679b7ceb7dd6e6,60.14947,24.91438,000000004ef3150d,4.94
158,2019-08-01T07:06:00Z,72e87d31f4629af5a8647c1d60a71d69a26e9ebde5bc0fb9fc9fd656,60.16762,24.95415,000000006b44cce7,16.1
159,2019-08-01T07:06:00Z,7435ddb1113768b9f168ac2e761ad50fb5000c1b72c35c4be327388b,60.16762,24.95415,000000006b44cce7,9.12
160,2019-08-01T07:06:00Z,75e4614ed5ac23f649a29edcecfe46c1fc2cd2049032cc17f73a2ee5,60.17918,24.95141,00000000675d5200,9.12
161,2019-08-01T07:06:00Z,7658eea87bf0e3e661c9651840f85c04f9a62ff66149d66a29aede4e,60.15432,24.9211,0000000019fb59c4,7.05
162,2019-08-01T07:06:00Z,785873f754fb2e5604aa990e85f139f4e90423330e4565a677c6126a,60.149,24.9843,00000000fffb8cf0,29.32
163,2019-08-01T07:06:00Z,78a9535148d256e36a93dcce58f6dac7864c3bcd43b255c37291aa30,60.17002,24.94407,000000006b087f40,25.36
164,2019-08-01T07:06:00Z,7a195680d35526ce5a9d745c738124ccf5fe3bfa736f8ee0b52f405b,60.1638,24.96846,00000000d747f075,25.36
165,2019-08-01T07:06:00Z,7cd51189de07d01882cf0a9346f0830a9b21764875334d45e143fbd5,60.17002,24.94407,000000006b087f40,16.1
166,2019-08-01T07:06:00Z,7d5d60a1b8b6cbdbeba72360b1c6fd2571b3765c563ba72c559a4386,60.16629,24.95957,00000000fb7600be,18.79
167,2019-08-01T07:06:00Z,7d705cd974bc57f57e8d4cb6a621eb03ee5d981efd418862e9e81a73,60.15432,24.9211,0000000019fb59c4,21.87
168,2019-08-01T07:06:00Z,7da8871aa4403af6ab0ae29a210dd78ac6463d8585d30db1d19712ac,60.14947,24.91438,000000004ef3150d,27.28
169,2019-08-01T07:06:00Z,7eba80385d94f39c30deaffe8f2fb39555268b5d8c3aa2dd339bd86c,60.16531,24.9442,00000000fdda10fe,21.87
170,2019-08-01T07:06:00Z,8018009e111674ec90889ca417a4592797861519960c66b7b788cd9e,60.16829,24.94214,00000000afef4555,27.28
171,2019-08-01T07:06:00Z,806b770b52862ccda943635d02b1d761cb3c13679df8ee527ad7933d,60.1638,24.96846,00000000d747f075,9.12
172,2019-08-01T07:06:00Z,8073fb278284a5f0975125a1a07e0f316bcd84a6f93b98041db0dc01,60.14947,24.91438,000000004ef3150d,13.75
173,2019-08-01T07:06:00Z,80ce3d8fd4dbec0a9b6616ba574bdf644b0a11c1f8f518b9d66acc68,60.1638,24.96846,00000000d747f075,50.98
174,2019-08-01T07:06:00Z,81519f7fac813ea55eed6462d31c1f2c76221e6cba012f4c5bc5f9c3,60.17002,24.94407,000000006b087f40,7.05
175,2019-08-01T07:06:00Z,825ea7c18067b94b44a18a9c18575072f1fb8754682fd90416fe0ff4,60.16897,24.95222,00000000aa852af1,36.27
176,2019-08-01T07:06:00Z,86c130af13c09c5bbe04a42a8f049b518b77dfc50ecc41f6d8ea16be,60.16762,24.95415,000000006b44cce7,11.7
177,2019-08-01T07:06:00Z,8707cb61c7a4ebe814b6c6ed46ad6a0070fe3a06c1ecf52c18fb5e6a,60.17065,24.93641,000000000f4919c9,16.1
178,2019-08-01T07:06:00Z,886e65466de8783a1379a61f7b236483b9f1c1ce71265cf7120aa86a,60.16762,24.95415,000000006b44cce7,7.05
179,2019-08-01T07:06:00Z,88c57e2c66274215e4c6e8f7fa8e67c3fe4ae6407bf62cba3bfb3ea9,60.16531,24.9442,00000000fdda10fe,23.56
180,2019-08-01T07:06:00Z,88f1e7a94a88c3b5954a54e4d0bf9a24959a127dbc82dcf02c255210,60.15133,24.92329,00000000e8a064a4,23.56
181,2019-08-01T07:06:00Z,89ad37e5d847c5d95cfd2bf006299d7b00d1009a756bf4878a75e4a4,60.17918,24.95141,00000000675d5200,20.28
182,2019-08-01T07:06:00Z,89b2099e5ee614f290f1fd6268d580f49ab18b9ca6a4b19597a925f0,60.17002,24.94407,000000006b087f40,21.87
183,2019-08-01T07:06:00Z,8b0a8014620f706f94f85f9fa47260cec276616a07f04f0665d82f6b,60.14947,24.91438,000000004ef3150d,27.28
184,2019-08-01T07:06:00Z,8d068b13520890c694484766331b0fbed80a64b87c7f00f62e368f9a,60.16829,24.94214,00000000afef4555,17.4
185,2019-08-01T07:06:00Z,8d1fba0a125006e92750f11b64fa19477eec10f6ab293771613388f2,60.16075,24.95883,00000000f1124bca,12.69
186,2019-08-01T07:06:00Z,8df041b6f2dc93b653a6c1e37b01a4b15c4465564605462309b52c58,60.16829,24.94214,00000000afef4555,25.36
187,2019-08-01T07:06:00Z,8e9b0d00f95ba9381015f7981c0a36062f1f147583d7b44c99df2ad5,60.14947,24.91438,000000004ef3150d,14.89
188,2019-08-01T07:06:00Z,8f0231ead447161908aa6da3c59140835793f9e50c142f91781ca5e9,60.14699,24.922,00000000a53ed894,18.79
189,2019-08-01T07:06:00Z,90a8da0bfe2a005d0a5135d5cbaa72a08184bfb78b99fcb94aa546dc,60.14947,24.91438,000000004ef3150d,21.87
190,2019-08-01T07:06:00Z,9301a6758bc906ec9e7934433bd4c7a1825acc9a260e9b8493c2a582,60.16897,24.95222,00000000aa852af1,16.1
191,2019-08-01T07:06:00Z,93b73b8173e012d26a7f9f10dd6da1ee3c9760f0d002ca157f35ebaa,60.17918,24.95141,00000000675d5200,8.38
192,2019-08-01T07:06:00Z,94a31944ac5b5f3aecb9e423ed279448ebd338db29b98574a0acddd3,60.16897,24.95222,00000000aa852af1,21.87
193,2019-08-01T07:06:00Z,969f674a715de5f21ece8f1d5c71c9b6550e25839b05c5792d9d442f,60.16075,24.95883,00000000f1124bca,9.92
194,2019-08-01T07:06:00Z,9889ff67e5360ab94962c925bea5e1e362948fc9161e30789643538a,60.16762,24.95415,000000006b44cce7,13.75
195,2019-08-01T07:06:00Z,9895eb1b16709e4d13b4f48b3370501a15b60673cd2eba7a2581113f,60.16762,24.95415,000000006b44cce7,21.87
196,2019-08-01T07:06:00Z,98c30e4228fbaa4577fec1c362563623f09f335026c072c3acfb8bf7,60.16629,24.95957,00000000fb7600be,16.1
197,2019-08-01T07:06:00Z,995cbed25a55b793debb83eed908b0795cc0980784881b717855fac6,60.14947,24.91438,000000004ef3150d,8.38
198,2019-08-01T07:06:00Z,9992b658f717c757d67fdc364d35339e44eac2e89f61e179967f29b0,60.16897,24.95222,00000000aa852af1,11.7
199,2019-08-01T07:06:00Z,99a026b5100e23129fa529e9a57a3dbc8490dc03b58f2193f03e2dcf,60.14951,24.92138,0000000006dd41f6,6.46
200,2019-08-01T07:06:00Z,9b2425a1977824c9897f0973bb7bc2d58d876d3168d586542f1a222f,60.1638,24.96846,00000000d747f075,18.79
201,2019-08-01T07:06:00Z,9c4c2e264220fb5697c5563f5e7827e4eb4b25cec4831e3a72dbbc25,60.14947,24.91438,000000004ef3150d,11.7
202,2019-08-01T07:06:00Z,9d7e657c59d30a4d6560f0b90f424cc40a338a73079d7131bf39adce,60.16629,24.95957,00000000fb7600be,14.89
203,2019-08-01T07:06:00Z,9dcf4d4c005a3c8ddf4b6243de4d2b7ccf7e3d89c13db7811504dd14,60.16448,24.97323,0000000053c6c2be,25.36
204,2019-08-01T07:06:00Z,9fa4b16d3bf64baca632f7bedff0f4d9260e8c39077f9829ecb6c436,60.16531,24.9442,00000000fdda10fe,10.78
205,2019-08-01T07:06:00Z,a068aa4da55b95902ef753b80ce5028d89a94c30bb5ba800fb8f9932,60.16448,24.97323,0000000053c6c2be,9.92
206,2019-08-01T07:06:00Z,a0aec72fec0e84040de62f064183a219e1178d49c2f45248083bff20,60.16629,24.95957,00000000fb7600be,4.94
207,2019-08-01T07:06:00Z,a207b9f4e3f8bf24dab6f7bf4cece6a385b04193ce7816dc02927d47,60.14947,24.91438,000000004ef3150d,9.12
208,2019-08-01T07:06:00Z,a341e36e1596a80414febc90773110e2b37486d97842f82daf44e926,60.16762,24.95415,000000006b44cce7,14.89
209,2019-08-01T07:06:00Z,a4af1955b11243c97e7e8c79c3e7fc63634e5b3c5f9bc172fa50ffd0,60.1638,24.96846,00000000d747f075,13.75
210,2019-08-01T07:06:00Z,a53b9f52cd78c7d2085b376f151b2982bafe5ef8c86707b0c6dc5f45,60.16544,24.95398,0000000038d83d41,27.28
211,2019-08-01T07:06:00Z,a6d650e5f9cb284a27decb610bc81d7fbda0d788b820ca53189ee20b,60.17918,24.95141,00000000675d5200,4.94
212,2019-08-01T07:06:00Z,a80aac9dea75be7d94d520e7ba36456e33594364096529e787bcdcfd,60.16075,24.95883,00000000f1124bca,4.11
213,2019-08-01T07:06:00Z,a86c102f289409f6efef56c9b116b4ad52d8e2d7b7ab23a6df2a0675,60.16762,24.95415,000000006b44cce7,4.5
214,2019-08-01T07:06:00Z,a885abb478781771e7b506cc63de95b364caf87343c3b8dc41a97d70,60.16762,24.95415,000000006b44cce7,2.08
215,2019-08-01T07:06:00Z,a90c70416ad43bf392cab7237e0a4087f9a356c5de0d5add1a834e24,60.173,24.92524,0000000096918cfa,25.36
216,2019-08-01T07:06:00Z,ad2782c80a87ec2c2cdf554f16cc91c7bd8fa9d652ee44205f9c22e0,60.16629,24.95957,00000000fb7600be,17.4
217,2019-08-01T07:06:00Z,ad2b5af20106b4e552707f67a7c80aac35540a6e329b4b66d538e657,60.16829,24.94214,00000000afef4555,27.28
218,2019-08-01T07:06:00Z,af0c191b98fac668593cf6f209495f0def3508e70fe5a3b524db599b,60.17918,24.95141,00000000675d5200,12.69
219,2019-08-01T07:06:00Z,b0ff986c6d44cea95e2ebef04a5515089e884d421cc57aa780bf7cc8,60.16829,24.94214,00000000afef4555,25.36
220,2019-08-01T07:06:00Z,b1a36a260d97a740a3f72cabdd46791033707846f79f3510e643ea61,60.16762,24.95415,000000006b44cce7,9.92
221,2019-08-01T07:06:00Z,b39c2d98b16eca0ea08a7ad44d7e2336ff6f3cdfb440a939044c1e6b,60.16829,24.94214,00000000afef4555,17.4
222,2019-08-01T07:06:00Z,b49c38941173c7850ebbc4700e282fc4c1c92db0e1de9670acb9709f,60.15133,24.92329,00000000e8a064a4,20.28
223,2019-08-01T07:06:00Z,ba08d0069f976236d9bdad72014cbdc72af8b59d3291494d239151f8,60.16762,24.95415,000000006b44cce7,6.46
224,2019-08-01T07:06:00Z,bac9ae5954542339ab48e8242c1ef41a4f9ab1f623f95f2fe4ee18e7,60.17065,24.93641,000000000f4919c9,18.79
225,2019-08-01T07:06:00Z,bba1fe4b42dbe3d32774abd6ee7761eec26c8027014bf54074de3d2e,60.16829,24.94214,00000000afef4555,21.87
226,2019-08-01T07:06:00Z,bbd980ff91c47e36757c94e2a6b033225bf1eb474efc6e3f0820d7c6,60.16531,24.9442,00000000fdda10fe,25.36
227,2019-08-01T07:06:00Z,bc2161112aa534d4177008957d4389ec89b71ffe2647219d98c45e18,60.15133,24.92329,00000000e8a064a4,13.75
228,2019-08-01T07:06:00Z,bc5abb3e363cc1631ac2027995912663ee2cc345e82011df97c925f0,60.16629,24.95957,00000000fb7600be,27.28
229,2019-08-01T07:06:00Z,bc7b0b706e24a265e6d9c4a3babde5a84cc35dd083051044823618bd,60.17918,24.95141,00000000675d5200,4.11
230,2019-08-01T07:06:00Z,bdd63d0ac97c3292911a05e93ab6f6cf726b32e9190ffdfae95cd2fc,60.14947,24.91438,000000004ef3150d,20.28
231,2019-08-01T07:06:00Z,bde2c5483eca2b16545b689f12f1054c5fd6a412a6af5070c56c2744,60.16897,24.95222,00000000aa852af1,18.79
232,2019-08-01T07:06:00Z,be3e03749e565a14d5f0782202561c11d35fe3969a57bd228f0b68fe,60.17002,24.94407,000000006b087f40,13.75
233,2019-08-01T07:06:00Z,c0248a40d9270d1819f03a44c868c229dc7630e73e7a13a7af4bdbbd,60.16629,24.95957,00000000fb7600be,2.08
234,2019-08-01T07:06:00Z,c0a0ca3433586ed2ae0e448f2406fabac7292ac79d49562e0bd5cef8,60.16762,24.95415,000000006b44cce7,14.89
235,2019-08-01T07:06:00Z,c10ec0877f4af16c6f5cf157682db69f09eee8083703eae71655bd28,60.16544,24.95398,0000000038d83d41,21.87
236,2019-08-01T07:06:00Z,c1884ec31b4f3a9c66de7552b4ad3a4d118ebe5a7e2ed45b17404129,60.16629,24.95957,00000000fb7600be,17.4
237,2019-08-01T07:06:00Z,c1c9f1f8774cc2f97e2b1fad7ddb7ae570a6097ad870a9261138e2d0,60.16762,24.95415,000000006b44cce7,10.78
238,2019-08-01T07:06:00Z,c2fee20b583f9eba58ef84ff67111ec6e14cc9c29f121cbcd862707f,60.16629,24.95957,00000000fb7600be,9.92
239,2019-08-01T07:06:00Z,c4012420a220029926e65d93d37bedd85324159986b265457592d953,60.1638,24.96846,00000000d747f075,36.27
240,2019-08-01T07:06:00Z,c4f16ebb7ed7dfb6341f66ea3450ab76b7fe66342b6833ed808256dd,60.16629,24.95957,00000000fb7600be,12.69
241,2019-08-01T07:06:00Z,c5e48c8c9d832127d45c0e8fa127b0bb4f32c0e6f4175de92f90310c,60.14951,24.92138,0000000006dd41f6,27.28
242,2019-08-01T07:06:00Z,c6853df43b3cf861c3ff31d56a78fd218d44f2e846e9efac12b94127,60.16629,24.95957,00000000fb7600be,5.41
243,2019-08-01T07:06:00Z,c7788c894f8764f198d0d11345e6d8e90574174fabc6d241c095db0e,60.17918,24.95141,00000000675d5200,18.79
244,2019-08-01T07:06:00Z,c804bbe0039d554dea969a26d334c39ab825d43e1a61c743118d31b1,60.16762,24.95415,000000006b44cce7,16.1
245,2019-08-01T07:06:00Z,c839a9303a147ec15718fa80427a7494fe7f678156b64eca24b3df31,60.17065,24.93641,000000000f4919c9,25.36
246,2019-08-01T07:06:00Z,c87ffd13f1337aab20ed73e3cde12c0ac74b978db822b89722942fae,60.16762,24.95415,000000006b44cce7,17.4
247,2019-08-01T07:06:00Z,c99ca5387f4d50a11854870978a12fab6d7a7fee17565caaa4649244,60.16762,24.95415,000000006b44cce7,10.78
248,2019-08-01T07:06:00Z,cac3a745fb16968730c74d383b4814ff797c83ed218ed32fe3909347,60.17065,24.93641,000000000f4919c9,18.79
249,2019-08-01T07:06:00Z,cb76c65173b6438f61f71741ee64de19010130673da940b2db78382f,60.173,24.92524,0000000096918cfa,20.28
250,2019-08-01T07:06:00Z,cc130d8a80ad4192c7d1b01560f605e56ba9d7c3e30de7ccba183683,60.14947,24.91438,000000004ef3150d,36.27
251,2019-08-01T07:06:00Z,cd13e7140c322714d8fe7f1502b3911d2a216198f1a6bec89229f476,60.16829,24.94214,00000000afef4555,17.4
252,2019-08-01T07:06:00Z,cd1a74fd76f39b12f595a30f0da29b1628596f39f1acbe6912a6c9c1,60.15133,24.92329,00000000e8a064a4,23.56
253,2019-08-01T07:06:00Z,cdb1e8ea17ad70e39b61ace11215da3e29e5fc962e28638c2cac6c6c,60.14947,24.91438,000000004ef3150d,27.28
254,2019-08-01T07:06:00Z,d01ab2b99ca2d6e373c630bc0666c220aa0753785f57eba65dfab024,60.16544,24.95398,0000000038d83d41,23.56
255,2019-08-01T07:06:00Z,d13dd0bb9e04213896890b3b657f250e0a2041ff76f0aa3181464a6e,60.16629,24.95957,00000000fb7600be,12.69
256,2019-08-01T07:06:00Z,d1c6eb37dd703740ceeeaf9a89a360801c76f253c9a3e0671987a57c,60.17002,24.94407,000000006b087f40,13.75
257,2019-08-01T07:06:00Z,d316b6c354579e24e5c15b4fef4c9b9bc889910f442824a28c4d5df6,60.14947,24.91438,000000004ef3150d,3.4
258,2019-08-01T07:06:00Z,d34dc2784fc42cb184693e4342f3b124cb7ff607c50fdb01b77f5a6e,60.14947,24.91438,000000004ef3150d,27.28
259,2019-08-01T07:06:00Z,d38844f26e3b2facd840c5b2827a65a759136c52758ce6e9affd2b12,60.17918,24.95141,00000000675d5200,9.92
260,2019-08-01T07:06:00Z,d470cd253fa24127dfe6ca13d974c5e385d60156f5af210df040f7db,60.1638,24.96846,00000000d747f075,13.75
261,2019-08-01T07:06:00Z,d5ba7412e865b2e92189938c7ced9d1f0df9eee87a57e8dc1ae9c481,60.18203,24.91341,00000000342570c2,20.28
262,2019-08-01T07:06:00Z,d9358b12caaef6d7d56cf4d0909cda75c52f61e1a0a335cc5fcd4d99,60.16829,24.94214,00000000afef4555,13.75
263,2019-08-01T07:06:00Z,da471c79c57dd94a9a79eea3c395d0f5857eb2ddb6d5b7cdcee34b77,60.14947,24.91438,000000004ef3150d,23.56
264,2019-08-01T07:06:00Z,db0dc4c280dd6be8a36db33e475da4fb3d7ecbb37d419596387f6abf,60.16762,24.95415,000000006b44cce7,5.41
265,2019-08-01T07:06:00Z,dbc1fd60af812f2e6e260223e6ee2a4dc4a5c3ec35e80bbfd9ec6f4f,60.1638,24.96846,00000000d747f075,29.32
266,2019-08-01T07:06:00Z,dbc49c0acdfc478a36d2540112191fe7743e3a58d86c577354c32359,60.16762,24.95415,000000006b44cce7,16.1
267,2019-08-01T07:06:00Z,dcc082018d05bf15a73c7cfdc9da79c09d1f20fc2fecbe856cced0e5,60.14947,24.91438,000000004ef3150d,4.5
268,2019-08-01T07:06:00Z,de6cbf9b6090607f00f973178b139886e802c3ea2412bd9807b3db1d,60.16762,24.95415,000000006b44cce7,11.7
269,2019-08-01T07:06:00Z,de887d776d0969e6f99a324566e7aba958bf0017ca324b61a68bff1b,60.14947,24.91438,000000004ef3150d,17.4
270,2019-08-01T07:06:00Z,dfcfff5984df123841c50a87af2ed56121de5098d37fae9f720ea0dc,60.17918,24.95141,00000000675d5200,4.94
271,2019-08-01T07:06:00Z,e0b8d78b6d52d76556160c5197f93305d8d0e79fd8f79d98ad6e56e6,60.173,24.92524,0000000096918cfa,27.28
272,2019-08-01T07:06:00Z,e0dd3c17eba3afbea11fbc2281d7aa468f2e5a58f89ccf55c4186e32,60.1638,24.96846,00000000d747f075,25.36
273,2019-08-01T07:06:00Z,e22f04aaa018d026c2109a6169e1a60e74303d28f7593de81a585333,60.16897,24.95222,00000000aa852af1,17.4
274,2019-08-01T07:06:00Z,e39be77156f96ca382424ca2890136f50ef40aa3330e54a23b6948cc,60.16829,24.94214,00000000afef4555,23.56
275,2019-08-01T07:06:00Z,e3e29a33414f888f7a4cd6e6a8955a461460bfcd92ad9ef4a444307e,60.17002,24.94407,000000006b087f40,17.4
276,2019-08-01T07:06:00Z,e5d809877fe16887c3f29114246c636d97e64c245cdb3364df5a90ae,60.14947,24.91438,000000004ef3150d,13.75
277,2019-08-01T07:06:00Z,e5e586406ff5c75451746379be7167dfc3da473f428a96468f3c6fbd,60.16448,24.97323,0000000053c6c2be,4.5
278,2019-08-01T07:06:00Z,e8803b245f8015444ce6c00095e3c24713c6f9376f69cb6321f4465f,60.14947,24.91438,000000004ef3150d,13.75
279,2019-08-01T07:06:00Z,e8b4eef78dedbc84d6e8dca4931d44825d2c76002fb8d847ca2d8bf2,60.16762,24.95415,000000006b44cce7,21.87
280,2019-08-01T07:06:00Z,e8b9722136253246fad994f9b27b31129d9151d560b8d00223e58099,60.14947,24.91438,000000004ef3150d,21.87
281,2019-08-01T07:06:00Z,e9c0a6d6c2e45c167a51cb8914915607d5d119b617d4a1120f2dd9e2,60.16897,24.95222,00000000aa852af1,16.1
282,2019-08-01T07:06:00Z,eace513ebf6f84b26650b35754f61e5ac06f73ef1588d75d68c6c5e4,60.16762,24.95415,000000006b44cce7,4.5
283,2019-08-01T07:06:00Z,ebfa27ee7f6de1a7862ef1049761d9654a099547b4e79c8e7684b0f3,60.16897,24.95222,00000000aa852af1,23.56
284,2019-08-01T07:06:00Z,edc263e8dab61fa87febd60e89981307ceaec21e16d963f9fea7eb84,60.16448,24.97323,0000000053c6c2be,36.27
285,2019-08-01T07:06:00Z,ee0539696f3dc7c8762615915d480378f4e9a2967d6aad41fdb5ca4e,60.16762,24.95415,000000006b44cce7,9.12
286,2019-08-01T07:06:00Z,ef6da3a51ee02e92a6bd14a0b9e2e1d0670e767afda3761e2c1ad734,60.14699,24.922,00000000a53ed894,41.64
287,2019-08-01T07:06:00Z,f0cc27564510e8c2b3815a25d9041c78d97c3cb27d8b5e84dde4a3c3,60.16531,24.9442,00000000fdda10fe,10.78
288,2019-08-01T07:06:00Z,f250dd9153f6cfaba93444f8d81c88f2e9cbf2bfc0b6a900b74692a4,60.16544,24.95398,0000000038d83d41,16.1
289,2019-08-01T07:06:00Z,f3216150f9293bab00cf8e1f87890aa98a9762f2fa60c2317390520d,60.1638,24.96846,00000000d747f075,25.36
290,2019-08-01T07:06:00Z,f36af7c501e6656adda9f7263037e82b4c41ce1b39ef7065e0a0d449,60.17918,24.95141,00000000675d5200,10.78
291,2019-08-01T07:06:00Z,f6bfb740d82d34c13ff43c4ff41ce45a634c9b4e6a93b8580b000851,60.14947,24.91438,000000004ef3150d,9.92
292,2019-08-01T07:06:00Z,f7adfec0f2afb4311798f5b8f7bbd5abbf68d0b2795e24c9ea584fbf,60.16762,24.95415,000000006b44cce7,9.92
293,2019-08-01T07:06:00Z,f87b2b48a1f44ef94816408767f41c88f0aedd3e0e33871f1ec81a3a,60.16629,24.95957,00000000fb7600be,14.89
294,2019-08-01T07:06:00Z,fb381c4b1ec69808a861ab6e4af1a41ab500e32444506b324fd7d1e7,60.15432,24.9211,0000000019fb59c4,16.1
295,2019-08-01T07:06:00Z,fbb60d7665e4d934ee845fa07fa82243b161c2d111124d6d1c601121,60.1638,24.96846,00000000d747f075,27.28
296,2019-08-01T07:06:00Z,fc52e75ec12894c0f314b1fac3820efe3e1a1eae76d6abea6cfcbfe6,60.16762,24.95415,000000006b44cce7,16.1
297,2019-08-01T07:06:00Z,fca6e8cf880115cc89660cdf2b6eaf54c72de3823ecc7db7db14f227,60.17065,24.93641,000000000f4919c9,9.92
298,2019-08-01T07:06:00Z,fd30b66734217247a078a83bb94e278ba8e0c8a1245efbf00b1d778c,60.16762,24.95415,000000006b44cce7,7.05
299,2019-08-01T07:06:00Z,fdd9a74bce7777b138c94e3f4263e4f71e830a009373b80012b0ccdb,60.17918,24.95141,00000000675d5200,14.89
300,2019-08-01T07:06:00Z,ff48a0c3cc3599d259c9e97d1bb4efb907cd0ec6bc8f9817e79e8c02,60.17065,24.93641,000000000f4919c9,9.92
301,2019-08-01T07:06:00Z,ffcef168b4cce873b52b0980f02e6286f44187a6b1616473dd2de332,60.16629,24.95957,00000000fb7600be,17.4
302,2019-08-01T07:06:01Z,03e0fc996a589ccdf1871b3c78e089c08c93ba1f2a02d740fb384aac,60.16531,24.9442,00000000fdda10fe,27.28
303,2019-08-01T07:06:01Z,144afc51fc2443c7031a2912566eff2ce60226a49d6d2bd7c2923700,60.16544,24.95398,0000000038d83d41,23.56
304,2019-08-01T07:06:01Z,14c7e1511b70f4dd3359cbece1377aebb4d70531f5489eefe53d7c3c,60.16544,24.95398,0000000038d83d41,23.56
305,2019-08-01T07:06:01Z,15918569de0a46a8eb56b43d8d39f7fc82619ff1006f00822c85745c,60.17918,24.95141,00000000675d5200,1.7
306,2019-08-01T07:06:01Z,165ebbb4090d47319ae370f0d0854fdc1f6b79499f8b2e4d3c3533c0,60.16544,24.95398,0000000038d83d41,27.28
307,2019-08-01T07:06:01Z,1f0f0628cdc688d76bde2b82bee5b9b4916bf0bbdfe76cf3213e1c65,60.15432,24.9211,0000000019fb59c4,17.4
308,2019-08-01T07:06:01Z,297c725b456ef12d2712634b21546721cbe93224d3a5762d897404f2,60.16762,24.95415,000000006b44cce7,29.32
309,2019-08-01T07:06:01Z,2a93b61a3863ace54349d7a0937e4134fcc6d4dfcf064eefae2b7cf8,60.15432,24.9211,0000000019fb59c4,21.87
310,2019-08-01T07:06:01Z,2fc7f6b10eaa01105ed32b786eca9a15ea3ad441b9ab95eb360cf57c,60.17002,24.94407,000000006b087f40,21.87
311,2019-08-01T07:06:01Z,2fd87be7f3d38756587d5a0dd1ae934998ca065240c450d0538481e9,60.1538,24.95595,0000000038bf9618,29.32
312,2019-08-01T07:06:01Z,36f1bf7892519394a1a277324ed2a248a1f8391594b47b90c521d6ae,60.16448,24.97323,0000000053c6c2be,25.36
313,2019-08-01T07:06:01Z,384b4d96a26aae32d2af0c0f637cb59cc8470a36445623930229d524,60.16897,24.95222,00000000aa852af1,31.5
314,2019-08-01T07:06:01Z,5bbb5184fded3e51bc78e45e39917794285e6bbc72da404802a9599a,60.16531,24.9442,00000000fdda10fe,21.87
315,2019-08-01T07:06:01Z,5d65719c4cbf045f068d084b72302f447d5fd034413d97d13be00d0e,60.18203,24.91341,00000000342570c2,17.4
316,2019-08-01T07:06:01Z,6a657079c1bdc8114c289be1ddd83e5846d4279a920d1697b8ff0033,60.18203,24.91341,00000000342570c2,18.79
317,2019-08-01T07:06:01Z,6d22b751ff5173035dc85c52c3dff0780126adae67fe33dc62dd45ef,60.16531,24.9442,00000000fdda10fe,36.27
318,2019-08-01T07:06:01Z,76c7f42283513d0e289bf786d89463b5025b2ae0f4e13519a4cf228b,60.15432,24.9211,0000000019fb59c4,21.87
319,2019-08-01T07:06:01Z,7d0fd2fd8adcdcfaf339b328e652c17c58f2c98e7b79448720a37dda,60.16897,24.95222,00000000aa852af1,18.79
320,2019-08-01T07:06:01Z,84fdfd8881f633c5f0c71c1480053953ca4b05e848052d97c063ad38,60.1538,24.95595,0000000038bf9618,21.87
321,2019-08-01T07:06:01Z,851eb0b21a43197a7226eaa8e965962b2f7abe13a971ef4f509fce46,60.16448,24.97323,0000000053c6c2be,13.75
322,2019-08-01T07:06:01Z,87dfaad29a9276ddddb1fa021d3bc23ad14824c1af16f7d87e713689,60.14951,24.92138,0000000006dd41f6,9.92
323,2019-08-01T07:06:01Z,8b0535dd90c15c8fd1b256e7a48369741b0fe9d58f8f05f6e46134b7,60.16544,24.95398,0000000038d83d41,25.36
324,2019-08-01T07:06:01Z,8c75c3289c84fe4493e1e272a77b615fe1985880c5dc68a7c1a17b53,60.16762,24.95415,000000006b44cce7,16.1
325,2019-08-01T07:06:01Z,8cc6ddaa460aeae8cc9e8a33f91a01c8cd4c0c8bf8a943210a28c84d,60.1538,24.95595,0000000038bf9618,13.75
326,2019-08-01T07:06:01Z,9d03d14afa49576281aa26db60e517f7c1ec8aa36f7756959a860a8a,60.16629,24.95957,00000000fb7600be,11.7
