,time,hash,latitude,longitude,serial,distance
0,2019-08-01T07:15:00Z,0fff89885f08417f20aadfdbf62a372277e9085bcd024374b772ecac,60.16531,24.9442,00000000fdda10fe,18.79
1,2019-08-01T07:15:00Z,144afc51fc2443c7031a2912566eff2ce60226a49d6d2bd7c2923700,60.16544,24.95398,0000000038d83d41,20.28
2,2019-08-01T07:15:00Z,14c7e1511b70f4dd3359cbece1377aebb4d70531f5489eefe53d7c3c,60.16544,24.95398,0000000038d83d41,21.87
3,2019-08-01T07:15:00Z,15918569de0a46a8eb56b43d8d39f7fc82619ff1006f00822c85745c,60.17918,24.95141,00000000675d5200,1.7
4,2019-08-01T07:15:00Z,165ebbb4090d47319ae370f0d0854fdc1f6b79499f8b2e4d3c3533c0,60.16544,24.95398,0000000038d83d41,27.28
5,2019-08-01T07:15:00Z,1f0f0628cdc688d76bde2b82bee5b9b4916bf0bbdfe76cf3213e1c65,60.15432,24.9211,0000000019fb59c4,11.7
6,2019-08-01T07:15:00Z,2a93b61a3863ace54349d7a0937e4134fcc6d4dfcf064eefae2b7cf8,60.15432,24.9211,0000000019fb59c4,27.28
7,2019-08-01T07:15:00Z,2fc7f6b10eaa01105ed32b786eca9a15ea3ad441b9ab95eb360cf57c,60.17002,24.94407,000000006b087f40,18.79
8,2019-08-01T07:15:00Z,319cc1d5bc5e13c13c0feb12cee9a0b55b676d665a4f2a4bd11c7f78,60.15432,24.9211,0000000019fb59c4,13.75
9,2019-08-01T07:15:00Z,5b91abc1d452431fdb7bc15f638eee91a54034b6327f40e58ccacda6,60.14947,24.91438,000000004ef3150d,31.5
10,2019-08-01T07:15:00Z,5d65719c4cbf045f068d084b72302f447d5fd034413d97d13be00d0e,60.18203,24.91341,00000000342570c2,20.28
11,2019-08-01T07:15:00Z,6066632ddc94b5c482a2d4f45ed2532e55e3fd63e414a084a596a737,60.16762,24.95415,000000006b44cce7,23.56
12,2019-08-01T07:15:00Z,6a657079c1bdc8114c289be1ddd83e5846d4279a920d1697b8ff0033,60.18203,24.91341,00000000342570c2,16.1
13,2019-08-01T07:15:00Z,6d22b751ff5173035dc85c52c3dff0780126adae67fe33dc62dd45ef,60.16531,24.9442,00000000fdda10fe,17.4
14,2019-08-01T07:15:00Z,76c7f42283513d0e289bf786d89463b5025b2ae0f4e13519a4cf228b,60.15432,24.9211,0000000019fb59c4,23.56
15,2019-08-01T07:15:00Z,7b0d0a1f661e56dfe5ec493ef958364f578bc549543afc84bf388307,60.15133,24.92329,00000000e8a064a4,21.87
16,2019-08-01T07:15:00Z,7d0fd2fd8adcdcfaf339b328e652c17c58f2c98e7b79448720a37dda,60.16897,24.95222,00000000aa852af1,18.79
17,2019-08-01T07:15:00Z,84fdfd8881f633c5f0c71c1480053953ca4b05e848052d97c063ad38,60.1538,24.95595,0000000038bf9618,21.87
18,2019-08-01T07:15:00Z,851eb0b21a43197a7226eaa8e965962b2f7abe13a971ef4f509fce46,60.16448,24.97323,0000000053c6c2be,13.75
19,2019-08-01T07:15:00Z,87dfaad29a9276ddddb1fa021d3bc23ad14824c1af16f7d87e713689,60.14951,24.92138,0000000006dd41f6,7.69
20,2019-08-01T07:15:00Z,8c75c3289c84fe4493e1e272a77b615fe1985880c5dc68a7c1a17b53,60.16762,24.95415,000000006b44cce7,10.78
21,2019-08-01T07:15:00Z,8cc6ddaa460aeae8cc9e8a33f91a01c8cd4c0c8bf8a943210a28c84d,60.1538,24.95595,0000000038bf9618,17.4
22,2019-08-01T07:15:00Z,8f20506eca5d4dcda6f01fef57bb9d3154c676ec086b971b08b18fc9,60.18203,24.91341,00000000342570c2,20.28
23,2019-08-01T07:15:00Z,9d03d14afa49576281aa26db60e517f7c1ec8aa36f7756959a860a8a,60.16629,24.95957,00000000fb7600be,17.4
24,2019-08-01T07:15:00Z,9d5da91dad893b62eea6f22a7092dd0552c6d3bf33f4c6110326b208,60.16897,24.95222,00000000aa852af1,23.56
25,2019-08-01T07:15:00Z,a9da1ee82e3b670e276c26b483dd50f4a6d0c6f77ef82245d3ae6086,60.18203,24.91341,00000000342570c2,36.27
26,2019-08-01T07:15:00Z,ab0f67c0c0e1ba5eac9013f9c314feadf340ddf08543b91e70483594,60.16544,24.95398,0000000038d83d41,18.79
27,2019-08-01T07:15:00Z,b1f358076ba79ef902a36ca8ae3f8ec7c93308a67c479345bfdbdecf,60.1538,24.95595,0000000038bf9618,25.36
28,2019-08-01T07:15:00Z,b4faf2d3c4d2b199afeab6ab63b583fe3a2e81e14abbef6917f25129,60.15432,24.9211,0000000019fb59c4,17.4
29,2019-08-01T07:15:00Z,bcd8868671eb42e6d128a7d96edac45f09a7802591e2108bb751b021,60.14699,24.922,00000000a53ed894,18.79
30,2019-08-01T07:15:00Z,cf05623e4d87ce0906c0b0b7dbf53aacc1228016cd27c341228b6e76,60.18203,24.91341,00000000342570c2,18.79
31,2019-08-01T07:15:00Z,d127ead865385b64ae537a703a26be15fae4b5332ce0fbf03d5e0c23,60.1538,24.95595,0000000038bf9618,29.32
32,2019-08-01T07:15:00Z,dd2c9c82cf3737146294aff6f814a1349fb0bc4bedf518715dacbe8f,60.18203,24.91341,00000000342570c2,16.1
33,2019-08-01T07:15:00Z,e90b46e24e960419637b1c7a47ca051a70af5e4d3d6c3955f58d95bf,60.16448,24.97323,0000000053c6c2be,9.12
34,2019-08-01T07:15:00Z,ea2af410359f5c862dbc71554cc0b6ea29d823a91db3209fcd2a8c76,60.16762,24.95415,000000006b44cce7,17.4
35,2019-08-01T07:15:00Z,ec72ef080c605e71978aed0d3b5f22c3c3133677a43c614b72eedc6d,60.14699,24.922,00000000a53ed894,20.28
36,2019-08-01T07:15:00Z,ee24e7534c7e8f861a5714780447be19833464fad151a66d1df41bb8,60.15133,24.92329,00000000e8a064a4,16.1
37,2019-08-01T07:15:00Z,f088630d7476dae7d4b7e2bb1f10575f2c89acb4b6e061f3d57c2b40,60.16531,24.9442,00000000fdda10fe,16.1
38,2019-08-01T07:15:00Z,f797b606df1ba8d5e86271c2065f09b01050b2ebc9210236586cce83,60.16448,24.97323,0000000053c6c2be,11.7
39,2019-08-01T07:15:00Z,f99c5dd8cc08bd2353083d875ce8bc585fb2c2ff8427b90d92f571de,60.1538,24.95595,0000000038bf9618,23.56
40,2019-08-01T07:15:00Z,fc4f3a44235f1cfc7b53f14ba2da599976a5a0a220d23b852688e485,60.17918,24.95141,00000000675d5200,18.79
41,2019-08-01T07:15:00Z,007465a4d485c3549ced2ad64bc8629c19342c7e74d9c2eb197d29c9,60.16075,24.95883,00000000f1124bca,3.4
42,2019-08-01T07:15:00Z,0105011a5af7c9f8fe4613960f841a2abdf4470412e76190da169941,60.14947,24.91438,000000004ef3150d,17.4
43,2019-08-01T07:15:00Z,01737f4583ba34748ab3024eef5b1749876f615140b56ae437995150,60.17918,24.95141,00000000675d5200,5.41
44,2019-08-01T07:15:00Z,0388e04f05a8eda438fbb09f6f8725557b3fa9ceb75c15f87753ba0a,60.16762,24.95415,000000006b44cce7,36.27
45,2019-08-01T07:15:00Z,03ad3740d1f2ad3cf14d606ee50297ac9529f8488abb8ff9736d6af7,60.17065,24.93641,000000000f4919c9,31.5
46,2019-08-01T07:15:00Z,03f23f15f6428ddbc0591b0f614b1d20c28cdd5a87b3f471faad6afa,60.17918,24.95141,00000000675d5200,12.69
47,2019-08-01T07:15:00Z,05ed08c65c21d38cc96c62aaccf68cbb707a25ccb3256bf26f099558,60.15432,24.9211,0000000019fb59c4,21.87
48,2019-08-01T07:15:00Z,06809ca7b3877c8439b8ce12edef936228071ebdb6b3e060ef2c5301,60.17919,24.95181,000000007b5207b6,11.7
49,2019-08-01T07:15:00Z,06cebcad2604ebc9dec5ecba38ec087c97e4a661fe910ff9feada552,60.1638,24.96846,00000000d747f075,18.79
50,2019-08-01T07:15:00Z,075c50906492b35f37ed74dd06ed18724cc6cabde9388d416ebb9101,60.16629,24.95957,00000000fb7600be,13.75
51,2019-08-01T07:15:00Z,077a8072a70b54b0a8009118e8fddc11cf45787e8fa63d3ed92197a2,60.16531,24.9442,00000000fdda10fe,17.4
52,2019-08-01T07:15:00Z,08723bd055e301a9e6e98436847f5c2cc894025baeed9c1598bb95d2,60.16762,24.95415,000000006b44cce7,2.08
53,2019-08-01T07:15:00Z,0ae0163e9e1dca53994afe17b1231d9cd432fdf21aee9405091c488d,60.16629,24.95957,00000000fb7600be,18.79
54,2019-08-01T07:15:00Z,0b38922c39b015c6ca69e4916ddbc787b01d3e956f406cbea9844482,60.16762,24.95415,000000006b44cce7,12.69
55,2019-08-01T07:15:00Z,0b62aae85d3d77878a839f63855a7e049bdf3d9441abc616a509ccee,60.16762,24.95415,000000006b44cce7,17.4
56,2019-08-01T07:15:00Z,0cbb285b69acbc72cb500155f73a70ffc7374e4f49b927902c257a62,60.1538,24.95595,0000000038bf9618,33.81
57,2019-08-01T07:15:00Z,0da719e2a4903a1f5bf32ae9bca10d72194dfff191e509545cab9479,60.16075,24.95883,00000000f1124bca,4.5
58,2019-08-01T07:15:00Z,0e89d9ec842007e6117e9b8e96e3220538c0ef4db36624ba6ad1743c,60.16629,24.95957,00000000fb7600be,16.1
59,2019-08-01T07:15:00Z,0fc8cff6c3aeeda8677df36cb952b3136f234d6c946c7be1e523665d,60.16829,24.94214,00000000afef4555,20.28
60,2019-08-01T07:15:00Z,0fd626c1b3924675e2b625b10d42eae4b265758c49c7378efd02cfb8,60.17918,24.95141,00000000675d5200,8.38
61,2019-08-01T07:15:00Z,11042d94441428a60c1fe70568d305a2d867ac927b2a6e7cb8eed38a,60.16829,24.94214,00000000afef4555,29.32
62,2019-08-01T07:15:00Z,129629abed8bb616775111b4489bdd4a2e979e432abdf2763c7b93be,60.17918,24.95141,00000000675d5200,17.4
63,2019-08-01T07:15:00Z,13418f1deb4557b34a9b11487d335cb11ab9d13e7e72965102dd2f26,60.16762,24.95415,000000006b44cce7,8.38
64,2019-08-01T07:15:00Z,14c1ffb415e74ffbb63585fb53cfd3abadf892e4d6ee4d779fc1b013,60.16897,24.95222,00000000aa852af1,12.69
65,2019-08-01T07:15:00Z,153a4a9c63709eb5086141eb7069ae30d2496116c22c7766f96f0b78,60.16762,24.95415,000000006b44cce7,25.36
66,2019-08-01T07:15:00Z,16c8efb819721121a67e98e6a0b27def04324981c7b9a4cb1ef795fc,60.16829,24.94214,00000000afef4555,17.4
67,2019-08-01T07:15:00Z,1bf39277fed899396785063fb66ea8dd9a2164d6547f70e3c93fe328,60.1638,24.96846,00000000d747f075,13.75
68,2019-08-01T07:15:00Z,1d26ddf93c57501eaef65b68684fbbd9c8f7414a3bb40c8141bbb5c9,60.16531,24.9442,00000000fdda10fe,38.87
69,2019-08-01T07:15:00Z,1d2f7c58fa43f7c7184d52d9d2e9a9099f3325ce730f612b85d9f600,60.17065,24.93641,000000000f4919c9,17.4
70,2019-08-01T07:15:00Z,1d84b23e051fecc3e6d9b9d337fc83a010572501c109702a2dc51021,60.16531,24.9442,00000000fdda10fe,3.09
71,2019-08-01T07:15:00Z,1dacfb371d75dd4f90f447aac2a00faad98beb4188a6971c19eb2375,60.16629,24.95957,00000000fb7600be,21.87
72,2019-08-01T07:15:00Z,1ecbc7c6afe89033252e5510cbb893666af2b3bc29f555a3a6287fdb,60.14951,24.92138,0000000006dd41f6,3.09
73,2019-08-01T07:15:00Z,1f7f41e5765d712fc6e51f22bf40f3e35a033f2b7580e9b130b5bbae,60.16448,24.97323,0000000053c6c2be,33.81
74,2019-08-01T07:15:00Z,1f9175f2eddd3a17af00048cf1aa8375d81357a2fb28668a4435d5d9,60.16075,24.95883,00000000f1124bca,18.79
75,2019-08-01T07:15:00Z,227fd98ceb97d84d0c2c3af35c32cee7a87aea62d71b1a5353ae3588,60.16829,24.94214,00000000afef4555,25.36
76,2019-08-01T07:15:00Z,241666857fed2e7833703c6b5705553c5e2e9501d6016741ae4d1c98,60.16544,24.95398,0000000038d83d41,21.87
77,2019-08-01T07:15:00Z,279a66fc94c076e56de18c080476fcfa8b66eff1c3e9671e578cfecb,60.16762,24.95415,000000006b44cce7,17.4
78,2019-08-01T07:15:00Z,2810f105c3e5aa6e1e2e561259b411c2ee912ae1004cecb4095d6a11,60.16629,24.95957,00000000fb7600be,9.92
79,2019-08-01T07:15:00Z,284b188b4928e70dd851f4abbe6942708f3f0db828a337f47fd2dc1f,60.16075,24.95883,00000000f1124bca,3.74
80,2019-08-01T07:15:00Z,2851cf970adda9d893db4a2142343f8134068e2ba0741450b38a58a4,60.16075,24.95883,00000000f1124bca,5.41
81,2019-08-01T07:15:00Z,2a633e72ff65edfedc865492b0726011860fdbabc0240386c6b36b95,60.16075,24.95883,00000000f1124bca,20.28
82,2019-08-01T07:15:00Z,2a9a93136ad122bc45f97a14662de5827d3c52f3144be62097c4573a,60.15432,24.9211,0000000019fb59c4,5.91
83,2019-08-01T07:15:00Z,2aac7b6b0c9e35cd0ab8c819b85e1222d98ac8ce6bdecbd5405e09a6,60.16897,24.95222,00000000aa852af1,23.56
84,2019-08-01T07:15:00Z,2ab8a22a57d248fc962660a63fcdb95ddae8b9b61689c80d7dd5633e,60.16075,24.95883,00000000f1124bca,3.74
85,2019-08-01T07:15:00Z,2b48e230b7f81c62a47958aa5239a526fd9888fdc001944b32774054,60.17002,24.94407,000000006b087f40,18.79
86,2019-08-01T07:15:00Z,2c2cecfdaaad027cc0905284579fa289bd0fcdc69cabcc9d59937438,60.18203,24.91341,00000000342570c2,16.1
87,2019-08-01T07:15:00Z,2d3f8a9b336cee674429155853e1f640fe0b8d07baa419192aa44c13,60.14947,24.91438,000000004ef3150d,16.1
88,2019-08-01T07:15:00Z,2ec9bea90169433a6c4ac49d18e441c638ffa1461295e94400822c07,60.16897,24.95222,00000000aa852af1,17.4
89,2019-08-01T07:15:00Z,2efe0235255b575d5a584a336ae2692c5a8d8ff712e24d6b64f8d8e3,60.17002,24.94407,000000006b087f40,21.87
90,2019-08-01T07:15:00Z,307f4f363c77de646cbebadd9dba6b1b4b483ab4863eb5c0335b61e1,60.16075,24.95883,00000000f1124bca,3.09
91,2019-08-01T07:15:00Z,3200c2fadb8cdd68210e11d657c3d75a10b26d95e6abb0803fbd7cbd,60.16897,24.95222,00000000aa852af1,23.56
92,2019-08-01T07:15:00Z,3230d06e4cd3728a2e48a651a835bd7a318cfb06b07bab226ff4226d,60.1638,24.96846,00000000d747f075,23.56
93,2019-08-01T07:15:00Z,32a82f7b59b0f11be8814991cac4ac03ea3eadbe35779100cf8eb4dc,60.16075,24.95883,00000000f1124bca,27.28
94,2019-08-01T07:15:00Z,334821fa1cf989730867cfb51a54dae69ae70171944d9c0f6cfe8cea,60.16829,24.94214,00000000afef4555,18.79
95,2019-08-01T07:15:00Z,336c1ac0066ad9a49aa3eb6fb6ddba6af108a5b423fc751be3173a18,60.16629,24.95957,00000000fb7600be,18.79
96,2019-08-01T07:15:00Z,34995a84f8be12dac7ddcb910678454f9f4bbe826e08279772bf9241,60.16897,24.95222,00000000aa852af1,9.12
97,2019-08-01T07:15:00Z,35c4dd3a6efc3e3dd2609c29949df4bf92eab02d406513ce17c045a7,60.16075,24.95883,00000000f1124bca,13.75
98,2019-08-01T07:15:00Z,35cda2e2647cee439dc614fb93dffe7c9995b5277b3cd8d410b3b688,60.16448,24.97323,0000000053c6c2be,14.89
99,2019-08-01T07:15:00Z,38e998076f877d7222a28ffbe8f04b8511e9aa2b20b171414019fa33,60.16897,24.95222,00000000aa852af1,29.32
100,2019-08-01T07:15:00Z,39de7dcd2a5ba453c171b721851f18be7eca814db7867109ae60b0f0,60.16762,24.95415,000000006b44cce7,20.28
101,2019-08-01T07:15:00Z,3af1a362f49cb55bbc963ea83e871ff8ef14bdfebb8e613dda146606,60.16629,24.95957,00000000fb7600be,13.75
102,2019-08-01T07:15:00Z,3b17ad374b90a9b224beea7013f298ba1b0299fc36982a4877ed8e51,60.16075,24.95883,00000000f1124bca,16.1
103,2019-08-01T07:15:00Z,3b7a566d05bb29ad801d3cb1ff6d96d3bb1ca682af21718897e2c86d,60.14699,24.922,00000000a53ed894,31.5
104,2019-08-01T07:15:00Z,3be4d47e45783b90bab410bd68d92bd56727af2a01ad0116ee89385f,60.16897,24.95222,00000000aa852af1,21.87
105,2019-08-01T07:15:00Z,3ce2ec30818736b5a331cef0075f851c976bd41a37bc3d018fd9b3a8,60.17002,24.94407,000000006b087f40,50.98
106,2019-08-01T07:15:00Z,3e699c14e29af270d2dd1be36dcbe4461f96630728a0fb659ceae491,60.16897,24.95222,00000000aa852af1,5.91
107,2019-08-01T07:15:00Z,3ea71cf6ec67b4260f48da91d9159565771bf1ed392acf80ed029323,60.16829,24.94214,00000000afef4555,1.25
108,2019-08-01T07:15:00Z,3fdef1d63e1d6cd0eac529b49dd6d2604bc89b6781b946d01f7fddc1,60.18203,24.91341,00000000342570c2,12.69
109,2019-08-01T07:15:00Z,426a06ef273c134f3036a7b7c649081969ae548b026e5db143994b5c,60.14947,24.91438,000000004ef3150d,31.5
110,2019-08-01T07:15:00Z,42844e90c7134ebb3ec325f57cd27cd24711c779548ebc8692a820d5,60.14951,24.92138,0000000006dd41f6,2.8
111,2019-08-01T07:15:00Z,42a7e9f2dbbc71c1cb5bdff035a104c24f678566a65ed572d83b59c9,60.16075,24.95883,00000000f1124bca,4.5
112,2019-08-01T07:15:00Z,4424a92ff57f217e8593c5eabff0e564705b56c6a0e78b7cadce7cc6,60.16829,24.94214,00000000afef4555,18.79
113,2019-08-01T07:15:00Z,45601090ecd5b057bd1e36af857419536ca4fab098f8d9861bba56f5,60.17918,24.95141,00000000675d5200,13.75
114,2019-08-01T07:15:00Z,45b8ba83862907a5a33e920ce1db2fabaac41232d5a77b64f9feed9e,60.1538,24.95595,0000000038bf9618,23.56
115,2019-08-01T07:15:00Z,464fa6bd3db0ffe2af478f6da9ce77a235b5a72453d51c65b2430c04,60.16829,24.94214,00000000afef4555,18.79
116,2019-08-01T07:15:00Z,47a2cd7e1a61764fd54e1ca6831ca2eb3eea9e3d556c830057f9b155,60.16075,24.95883,00000000f1124bca,5.91
117,2019-08-01T07:15:00Z,47bd99bc6771ad0085c000f11aea5d7ea0324d13d0b3853d7f0b0caf,60.17918,24.95141,00000000675d5200,7.05
118,2019-08-01T07:15:00Z,484480f30260af86d5aa4b92bdc75f5a296741de90724ed139c625bb,60.16531,24.9442,00000000fdda10fe,18.79
119,2019-08-01T07:15:00Z,48935ed0934039f10a490c1947f357dd9b72e89c606f2c21738520ef,60.18203,24.91341,00000000342570c2,25.36
120,2019-08-01T07:15:00Z,49312be66ff2d3ec4cf9ef3c24226014bd5cb5ed692be0ce054ab006,60.16897,24.95222,00000000aa852af1,5.41
121,2019-08-01T07:15:00Z,4ade0f3a4687b86f8ff12799be816aa2c13b17eda8dbe4f2bee3496c,60.16897,24.95222,00000000aa852af1,20.28
122,2019-08-01T07:15:00Z,4c9c3cd30e76bb3cc38be23e4164860cb97fe4bbb0310a737e568d47,60.16762,24.95415,000000006b44cce7,14.89
123,2019-08-01T07:15:00Z,4d1e44b04b93781b15ddf11a17efbb2afd250eae40c90f3f8810ba94,60.16075,24.95883,00000000f1124bca,21.87
124,2019-08-01T07:15:00Z,4d7d52acf50e55ba147777320d1ae7602644c7672373d626a02cac06,60.16629,24.95957,00000000fb7600be,20.28
125,2019-08-01T07:15:00Z,4e478b9802cd4a23c6fb9019ac273718af2a43982bcb6b7e17aa407a,60.16762,24.95415,000000006b44cce7,14.89
126,2019-08-01T07:15:00Z,4ec2760b0556d793d9bac1dcc43ccadf1aed96a34c8ebdce8c97d8fd,60.18203,24.91341,00000000342570c2,12.69
127,2019-08-01T07:15:00Z,4fcbfab9c17b8273ee20bf545af06b0ec09cab4f5dd16b84c095f3e4,60.16762,24.95415,000000006b44cce7,8.38
128,2019-08-01T07:15:00Z,51145b6262b1c2697c94bbf2a22f47abaa603ef752c0f470267e3b9f,60.16531,24.9442,00000000fdda10fe,27.28
129,2019-08-01T07:15:00Z,51bb883e111a7bbd85b624d1ba98aa364234a589d26034ca336fc199,60.16762,24.95415,000000006b44cce7,23.56
130,2019-08-01T07:15:00Z,52743a3d191e6f91d63f923cabf0831a1a56429428f62437b8e88d90,60.14947,24.91438,000000004ef3150d,10.78
131,2019-08-01T07:15:00Z,5488acb63f7d5265d495cef1a7ae945033f6f21e460e6792d2986e4e,60.17918,24.95141,00000000675d5200,7.69
132,2019-08-01T07:15:00Z,54c64982e842b942b955235378caf86c297bee4fe6c1f007ca04edda,60.16075,24.95883,00000000f1124bca,4.5
133,2019-08-01T07:15:00Z,5552576db76d9e8a2da971b4a4f06f4e77f9562a52d1c6c511796f7d,60.17002,24.94407,000000006b087f40,5.41
134,2019-08-01T07:15:00Z,573c023bc63f9e376eba467e7c0c42d3edf9de4ef699ec068c5bd692,60.16897,24.95222,00000000aa852af1,23.56
135,2019-08-01T07:15:00Z,577c2e8525fb633b9f898d1e72f0d14def14c53cbde1247f0e16e5b9,60.16075,24.95883,00000000f1124bca,11.7
136,2019-08-01T07:15:00Z,5862d188952389db4559c86fb3c6dfdd40053efd21e3410e09d598c0,60.16531,24.9442,00000000fdda10fe,18.79
137,2019-08-01T07:15:00Z,58c30014a5178a2a119e008bd826eb0633f7f21e0240c6befb46afce,60.16762,24.95415,000000006b44cce7,13.75
138,2019-08-01T07:15:00Z,597f13b5c6c389fe3893d267a6011a9e8e1059717954347713dd99c2,60.17918,24.95141,00000000675d5200,18.79
139,2019-08-01T07:15:00Z,5a099c6b1d8a0cfc7ddbe896edc8b55e58fd4257ee5cbd9966e2fd92,60.149,24.9843,00000000fffb8cf0,33.81
140,2019-08-01T07:15:00Z,5a31c1b371eef2f9e330a4ea827f4e46aca7be0d50af1686e6ea809d,60.173,24.92524,0000000096918cfa,1.7
141,2019-08-01T07:15:00Z,5a4cc15375f35718c9b8b5996246a8404171890af1bf94f76df1d1d2,60.16075,24.95883,00000000f1124bca,7.05
142,2019-08-01T07:15:00Z,5bc97d10306069d26f1b56cb2a696768876bc67edef329cb231cf00c,60.17918,24.95141,00000000675d5200,14.89
143,2019-08-01T07:15:00Z,5c9a25bf2bf466ff5470ac70b4de0203d03cfe4b511ce908815171fe,60.14947,24.91438,000000004ef3150d,11.7
144,2019-08-01T07:15:00Z,5f63d747ba6df64c7bf1249d5eac73186b2ce16f5851900e3e305072,60.16762,24.95415,000000006b44cce7,9.12
145,2019-08-01T07:15:00Z,5fdf361ccf44122f6c92644980424610ed029849e743e2b7d9161eea,60.16075,24.95883,00000000f1124bca,9.92
146,2019-08-01T07:15:00Z,6051ed50496b74a6ff68c86205d23971fcaccd6c91edfe7d78fa71b0,60.16075,24.95883,00000000f1124bca,4.5
147,2019-08-01T07:15:00Z,627f7031d3d1dba9b53324c8c66e9e06723010ba920308e3fa8bdd6b,60.16762,24.95415,000000006b44cce7,21.87
148,2019-08-01T07:15:00Z,65ae293385e032c177256cc58248a5a89461b7b2e91978103b6b3531,60.1538,24.95595,0000000038bf9618,23.56
149,2019-08-01T07:15:00Z,671f9d77c767acb9f9d791833688903089ee1152c5884dd3dc1279ae,60.16531,24.9442,00000000fdda10fe,7.69
150,2019-08-01T07:15:00Z,672a93a4fc0b76d84ef25614c58c5ea6c8272c499661ab64a935086c,60.17918,24.95141,00000000675d5200,11.7
151,2019-08-01T07:15:00Z,679e9e08f1563ee27d121cb96762bbfe966e60170fe84267519fdc06,60.16075,24.95883,00000000f1124bca,12.69
152,2019-08-01T07:15:00Z,67efd28735cd089855c655b2a5e209c3b8904ad65aa3cf7a424cd3d2,60.1538,24.95595,0000000038bf9618,33.81
153,2019-08-01T07:15:00Z,687682f16328971393172e346dd4874ed5573b513d28b62da888cb44,60.16075,24.95883,00000000f1124bca,8.38
154,2019-08-01T07:15:00Z,687c856f49a11f8c90b7d6ff4ebd81c29509b01af8e4d5d0dc2c9cd4,60.16629,24.95957,00000000fb7600be,9.12
155,2019-08-01T07:15:00Z,69e610d11fce41bfaf85a72b1803bdad1f3b8a3576cf63390f7bf873,60.16544,24.95398,0000000038d83d41,21.87
156,2019-08-01T07:15:00Z,6aeeefed4bf149d6e93cd11c77ff43c778bd67ea2fbd8505e37c37d4,60.16897,24.95222,00000000aa852af1,11.7
157,2019-08-01T07:15:00Z,6b34045cdef7cf60c63ccff6b1b9eeaf017be5b04961f52e62388d15,60.17918,24.95141,00000000675d5200,6.46
158,2019-08-01T07:15:00Z,6cb6d69b5824f1291d875ed73420d26f9c302ea9dc54a8c674dc628e,60.18203,24.91341,00000000342570c2,14.89
159,2019-08-01T07:15:00Z,6d1d6ea1865f3c7c72a7f335c49b9089d829f459c882b0e5553f4fd7,60.16762,24.95415,000000006b44cce7,1.38
160,2019-08-01T07:15:00Z,6f0902769941e93dd6f0c73ce68fe702589dd75343c9813375cb21af,60.16762,24.95415,000000006b44cce7,13.75
161,2019-08-01T07:15:00Z,6f15df4885f96a705bbb3c16a501c6ffab15e2f27c3f2f250f605e01,60.16762,24.95415,000000006b44cce7,10.78
162,2019-08-01T07:15:00Z,6f9c83398cac84385cfe6c8f3c020e2aff5219486392a7f98a68d2d4,60.149,24.9843,00000000fffb8cf0,17.4
163,2019-08-01T07:15:00Z,701ebe2f0c93e3d2d5f4c1b9f737199afb3f37f9b49809649903d665,60.16762,24.95415,000000006b44cce7,7.05
164,2019-08-01T07:15:00Z,709b7216aadc5bdcecfe02f84505a0d2d86f61fcd2251f97b3799c5e,60.16448,24.97323,0000000053c6c2be,25.36
165,2019-08-01T07:15:00Z,70fb3c87c691e9e83793deb50b547739ebbe5d8d4e1894781b713a3f,60.17065,24.93641,000000000f4919c9,25.36
166,2019-08-01T07:15:00Z,71c75a181ae2740ac7a11d332cd43644cf9dc4d9c4b8cf4ec02636e7,60.16075,24.95883,00000000f1124bca,8.38
167,2019-08-01T07:15:00Z,71dd54da27118ade93fc1e1d5169ffbed877ad882f67ff2836d17714,60.16075,24.95883,00000000f1124bca,8.38
168,2019-08-01T07:15:00Z,72e87d31f4629af5a8647c1d60a71d69a26e9ebde5bc0fb9fc9fd656,60.16762,24.95415,000000006b44cce7,8.38
169,2019-08-01T07:15:00Z,73a27aed66ac71406d5e2a98e7f1b11ea73a39e5e409b7fa80ce377d,60.16075,24.95883,00000000f1124bca,11.7
170,2019-08-01T07:15:00Z,73fba7360a34d94274cbc5eee6a8a00bcc2a820cf6138e68c8f36048,60.16075,24.95883,00000000f1124bca,9.92
171,2019-08-01T07:15:00Z,7435ddb1113768b9f168ac2e761ad50fb5000c1b72c35c4be327388b,60.16762,24.95415,000000006b44cce7,11.7
172,2019-08-01T07:15:00Z,7508a6116ccaf29e3334a7787e1247bba1245efbebca3d984414e1ba,60.18203,24.91341,00000000342570c2,16.1
173,2019-08-01T07:15:00Z,7658eea87bf0e3e661c9651840f85c04f9a62ff66149d66a29aede4e,60.15432,24.9211,0000000019fb59c4,4.11
174,2019-08-01T07:15:00Z,76be0daaef51271dcf23f170cf701bac221b9dcfa383ceb591b1e8f5,60.16629,24.95957,00000000fb7600be,18.79
175,2019-08-01T07:15:00Z,77ee9d8fdc3aa2e3378ab6606a168bf384880f9fc6cefb943d5b1052,60.16762,24.95415,000000006b44cce7,17.4
176,2019-08-01T07:15:00Z,780d56ee5ce81ecd1cf433514c262419cc800fd80d72719700b51758,60.16075,24.95883,00000000f1124bca,8.38
177,2019-08-01T07:15:00Z,78d49b092780719f2799fce883882854c721507b046e357e131d0cd5,60.16829,24.94214,00000000afef4555,7.69
178,2019-08-01T07:15:00Z,7aafa16c39ff4429c12397ca062a397860d7411650b75c9caf241a0d,60.16829,24.94214,00000000afef4555,5.91
179,2019-08-01T07:15:00Z,7af6e9a0bc290f666c4a8a79047cf29a83a58645e365afa081d47920,60.15432,24.9211,0000000019fb59c4,27.28
180,2019-08-01T07:15:00Z,7b466d9661cbecfc9888b10216c3d03601c67a2e8b2e061076c87553,60.16075,24.95883,00000000f1124bca,9.92
181,2019-08-01T07:15:00Z,7c52e13f83073bd388717b41b76e121483a0fb9aa3e0bd418f6d3308,60.173,24.92524,0000000096918cfa,18.79
182,2019-08-01T07:15:00Z,7cb51610f1da1f7e486d31ceea8bf1830adea82f68596b317b948d10,60.1538,24.95595,0000000038bf9618,23.56
183,2019-08-01T07:15:00Z,7cd51189de07d01882cf0a9346f0830a9b21764875334d45e143fbd5,60.17002,24.94407,000000006b087f40,25.36
184,2019-08-01T07:15:00Z,7dccb7cbcccb8d7c6c7c29f1855cb24a89ce8397b7565e4eef9d62a2,60.16075,24.95883,00000000f1124bca,14.89
185,2019-08-01T07:15:00Z,80c669870d3c02175cbb96055f88064d905091b6866bdeb10b036015,60.16075,24.95883,00000000f1124bca,7.69
186,2019-08-01T07:15:00Z,8194b0ca36a7e1cdd6f216eeb7fe3da1bcb99cce1d697026df86a62f,60.16531,24.9442,00000000fdda10fe,33.81
187,2019-08-01T07:15:00Z,82f5c924b8c055a7367e726ca0e03156d7626ad98eadad9676900ac7,60.17002,24.94407,000000006b087f40,16.1
188,2019-08-01T07:15:00Z,8320946c729320598394dc31590e8d83b6575b73e56e418e436116fe,60.16629,24.95957,00000000fb7600be,21.87
189,2019-08-01T07:15:00Z,8485eb5bb88c74f11a9a63655a0fa4a3cd7695baded28d8c33b13ae3,60.17918,24.95141,00000000675d5200,7.05
190,2019-08-01T07:15:00Z,85f9d45370a55a6f8c2ef979901cbc244c78b292bd011516f2970c49,60.16448,24.97323,0000000053c6c2be,21.87
191,2019-08-01T07:15:00Z,883fa02142d3d806731b1aa821df1b44f5fb4b966a7a3e87d17f2718,60.16448,24.97323,0000000053c6c2be,25.36
192,2019-08-01T07:15:00Z,889a9f394e2d21f76c5332b88a049a34610bd05e5ed582a69285756a,60.17002,24.94407,000000006b087f40,5.91
193,2019-08-01T07:15:00Z,8ab2bd44f24e839cf2a342725b04d5a95dc4d69bf9e97048beedcf4f,60.16897,24.95222,00000000aa852af1,21.87
194,2019-08-01T07:15:00Z,8ae6ba64abfab115fd704531eba8cddd5e1d1451b0bcb922deeb484b,60.17918,24.95141,00000000675d5200,5.91
195,2019-08-01T07:15:00Z,8bb8130765c28fa8518819d9e1f7865764cfac5b8cd5c791ba900390,60.16829,24.94214,00000000afef4555,10.78
196,2019-08-01T07:15:00Z,8bfd4d85b15cb8a4d1cedae293701766e263df2e475c2fd5a7eec13c,60.16075,24.95883,00000000f1124bca,14.89
197,2019-08-01T07:15:00Z,8d1fba0a125006e92750f11b64fa19477eec10f6ab293771613388f2,60.16075,24.95883,00000000f1124bca,5.41
198,2019-08-01T07:15:00Z,8d57d78decc9bdae256d08236056873ae884e8f3ef3c7c642d03902f,60.16762,24.95415,000000006b44cce7,16.1
199,2019-08-01T07:15:00Z,8df68b9f6db4364c5296c1a728467c28baef5ab5cb2d6d5039e4d369,60.17002,24.94407,000000006b087f40,25.36
200,2019-08-01T07:15:00Z,8e8477d22f16df802f0641a412c19f2e04a67f39e8875c5ddab2d9bd,60.16075,24.95883,00000000f1124bca,5.41
201,2019-08-01T07:15:00Z,8e884ddc74c3f365e75b4c1b3ebbf19ac89b438a885f49dd235a2d4b,60.16075,24.95883,00000000f1124bca,12.69
202,2019-08-01T07:15:00Z,8ec7523e4612a941894c9edcb7f2965bc7fdeb60dfbe131b3b76867a,60.16629,24.95957,00000000fb7600be,17.4
203,2019-08-01T07:15:00Z,8fb0d919cf0daf7ff4aa8219ace436c991215afb1d2d6885bed9024e,60.16897,24.95222,00000000aa852af1,4.5
204,2019-08-01T07:15:00Z,90ec8829fa43cc1e6ef03c16a60d03c75adbd50eae539114c2bce128,60.16629,24.95957,00000000fb7600be,27.28
205,2019-08-01T07:15:00Z,9125f6d2470450f501ce602ce559bf75568c460d47b0e882ba536ae1,60.1538,24.95595,0000000038bf9618,29.32
206,2019-08-01T07:15:00Z,93eb92e0cc0cbe67f802c915ad9f68d4c5d874e878674c506276e1b5,60.16762,24.95415,000000006b44cce7,9.92
207,2019-08-01T07:15:00Z,9440f71e1c9bbfb65680c1fa9d2ec438236f8f69525a62888c6f82d5,60.16448,24.97323,0000000053c6c2be,25.36
208,2019-08-01T07:15:00Z,947529e34d9e41007fecc55c7006f695659ee6ac23bda47705277095,60.16762,24.95415,000000006b44cce7,16.1
209,2019-08-01T07:15:00Z,953dc9acc0da5d160875301aa2f1c01ef72ab41f469b765f254e9c79,60.16629,24.95957,00000000fb7600be,18.79
210,2019-08-01T07:15:00Z,967de3d403d83b7cd1cf0cca25dce97bc503f5b37af54b7384eccac4,60.14699,24.922,00000000a53ed894,27.28
211,2019-08-01T07:15:00Z,96ca2042a97606586b1c09f8250a2c98d33fc07574ddf3fd4894557a,60.16762,24.95415,000000006b44cce7,12.69
212,2019-08-01T07:15:00Z,96ea2ec5aafb8a5d04d89b9129de3a7190beccaa820e915d553dba3e,60.17002,24.94407,000000006b087f40,20.28
213,2019-08-01T07:15:00Z,975c64d3aa28d989e2872f3d3d30a8c6e07df66901dc2c503642d4b5,60.16075,24.95883,00000000f1124bca,10.78
214,2019-08-01T07:15:00Z,99a026b5100e23129fa529e9a57a3dbc8490dc03b58f2193f03e2dcf,60.14951,24.92138,0000000006dd41f6,6.46
215,2019-08-01T07:15:00Z,99fbf38af214827d27f8913f04a9b371423f56786d57f290f78091e4,60.16829,24.94214,00000000afef4555,20.28
216,2019-08-01T07:15:00Z,9b2425a1977824c9897f0973bb7bc2d58d876d3168d586542f1a222f,60.1638,24.96846,00000000d747f075,20.28
217,2019-08-01T07:15:00Z,9b329765d4bdc960da4cf27bc81a49a55dcfcaec8092d4619fcd90a6,60.16629,24.95957,00000000fb7600be,21.87
218,2019-08-01T07:15:00Z,9c2360ce8bcaf7cd429a3a18112d80b3defa59fe76bf1cfecf523b09,60.16075,24.95883,00000000f1124bca,4.11
219,2019-08-01T07:15:00Z,9c571815e1bea0d68283c0195ce12879d958f6df016791cb8c64bb2b,60.16762,24.95415,000000006b44cce7,12.69
220,2019-08-01T07:15:00Z,9cc87f58df8e8f2aa8eca3fbf7b3b950edcc4335cc2689a31633a2b1,60.16075,24.95883,00000000f1124bca,17.4
221,2019-08-01T07:15:00Z,9cfacbd0303b5328c501025e0f2ce9d0f60b5d228d9cc64e52552e83,60.16075,24.95883,00000000f1124bca,5.91
222,2019-08-01T07:15:00Z,9e1a245d9440df559dcedec37a516c6ea64c0c498965124d14e2eab9,60.16897,24.95222,00000000aa852af1,6.46
223,2019-08-01T07:15:00Z,9f51eac01cca330beed4e2bc365fb6b47eed49d94cf2400c7ee184ff,60.16829,24.94214,00000000afef4555,20.28
224,2019-08-01T07:15:00Z,a068aa4da55b95902ef753b80ce5028d89a94c30bb5ba800fb8f9932,60.16448,24.97323,0000000053c6c2be,17.4
225,2019-08-01T07:15:00Z,a1b33353477bd8bb374f5eb563556ad4c7145367e0b3bd4007db3c2a,60.17065,24.93641,000000000f4919c9,27.28
226,2019-08-01T07:15:00Z,a2e4815b46e11c721bce093d56e4f46d243504171da1190c413a1c24,60.15133,24.92329,00000000e8a064a4,11.7
227,2019-08-01T07:15:00Z,a3e1ba37f8808cf48fb417c0af19f6216e1cbb40842de2847ac15eed,60.173,24.92524,0000000096918cfa,31.5
228,2019-08-01T07:15:00Z,a3eef5dd1f7e349d9893818c77034def62595f69170f68b6dc43c943,60.16762,24.95415,000000006b44cce7,31.5
229,2019-08-01T07:15:00Z,a4203bd604ed1b859b6ab51ad49e93cb5c4fad6ba7ec1f0270a1c9e4,60.16829,24.94214,00000000afef4555,17.4
230,2019-08-01T07:15:00Z,a5a0aab9a9c5afa37acc0fedfbe595e891df8af859be593fdd1df4fc,60.16762,24.95415,000000006b44cce7,4.5
231,2019-08-01T07:15:00Z,a5d231a0951d28b41cf10803f84c3852439cebeac22423da933d1d55,60.173,24.92524,0000000096918cfa,18.79
232,2019-08-01T07:15:00Z,a5dbb495d6b8c12dac1198aab844b06b300b81219d2d9262f185678b,60.16629,24.95957,00000000fb7600be,14.89
233,2019-08-01T07:15:00Z,a6a99c9cc96334b9468512703390d4a692fc0ec26e8e54eed5776b6f,60.1538,24.95595,0000000038bf9618,23.56
234,2019-08-01T07:15:00Z,a6d650e5f9cb284a27decb610bc81d7fbda0d788b820ca53189ee20b,60.17918,24.95141,00000000675d5200,6.46
235,2019-08-01T07:15:00Z,a7a57d29b2bf1da7c2c375c328e58f8f3c5354655dc8671df6dcae6a,60.16762,24.95415,000000006b44cce7,16.1
236,2019-08-01T07:15:00Z,a7ecf9897dd95d3e0ee85f876818f3acbfaba191c9d915e28e7876d8,60.16829,24.94214,00000000afef4555,20.28
237,2019-08-01T07:15:00Z,a80aac9dea75be7d94d520e7ba36456e33594364096529e787bcdcfd,60.16075,24.95883,00000000f1124bca,10.78
238,2019-08-01T07:15:00Z,a8cba454d89a95fff66fc6e6f80c727d2d85334c5fb1ae523e99ee2f,60.17002,24.94407,000000006b087f40,7.69
239,2019-08-01T07:15:00Z,a9052b1a633b5becd115045d716ff68c7346724185067e7744d7cceb,60.16075,24.95883,00000000f1124bca,9.12
240,2019-08-01T07:15:00Z,a90c70416ad43bf392cab7237e0a4087f9a356c5de0d5add1a834e24,60.173,24.92524,0000000096918cfa,23.56
241,2019-08-01T07:15:00Z,abcda2449738cf33cdeaa2f53e3eecf1954dbba084b92e0c7e999d70,60.16075,24.95883,00000000f1124bca,4.94
242,2019-08-01T07:15:00Z,abddd4a9f1a2be01b0332a84e49cf06cd9fd61c615c21a8d49037b5c,60.16075,24.95883,00000000f1124bca,4.11
243,2019-08-01T07:15:00Z,ac0419113e8e2d6da560c00356427fecd9b04e73bf1eecc2dda5abfa,60.14947,24.91438,000000004ef3150d,18.79
244,2019-08-01T07:15:00Z,ac264fe89f33fa6ce8e3961c306493a36033763d599f1fb0424d5493,60.16629,24.95957,00000000fb7600be,12.69
245,2019-08-01T07:15:00Z,ad644445cf3cff59173e1d823dc4b044f37ceb407a249adece9fa123,60.16629,24.95957,00000000fb7600be,27.28
246,2019-08-01T07:15:00Z,af0c191b98fac668593cf6f209495f0def3508e70fe5a3b524db599b,60.17918,24.95141,00000000675d5200,18.79
247,2019-08-01T07:15:00Z,afab4b8fddbdbeee72e4fb41c3e45831a8eb8f6c46d47cc5d2f5e0c9,60.16629,24.95957,00000000fb7600be,14.89
248,2019-08-01T07:15:00Z,b055b1cf5107ea48f45479a317eb32d525e0fc95f2fe8d88b81813bb,60.16829,24.94214,00000000afef4555,23.56
249,2019-08-01T07:15:00Z,b0b5fc9f00b5248e90ea132e4f9b75a12c20311c0cd781137e86ab6d,60.16762,24.95415,000000006b44cce7,2.08
250,2019-08-01T07:15:00Z,b1b8e0736eb857208c2457291664be0cafe21f1dd350fbd968f3a335,60.16075,24.95883,00000000f1124bca,21.87
251,2019-08-01T07:15:00Z,b205e3f5fb0bcef0cbb69c85312c848ad48622f9b5d443915369292f,60.173,24.92524,0000000096918cfa,13.75
252,2019-08-01T07:15:00Z,b2a298dd2c46d38a25bffa92d85fadaa408b4a33de9e37cda9f8932a,60.16075,24.95883,00000000f1124bca,18.79
253,2019-08-01T07:15:00Z,b49c38941173c7850ebbc4700e282fc4c1c92db0e1de9670acb9709f,60.15133,24.92329,00000000e8a064a4,17.4
254,2019-08-01T07:15:00Z,b6a4fe6ca5c3a9731f9918739e5d0c2f239475462596e82bf3c345b4,60.16762,24.95415,000000006b44cce7,18.79
255,2019-08-01T07:15:00Z,b7acff9da3f3ca9921b8298a202f17cc8aaf5d622dd34c51bb23e500,60.16075,24.95883,00000000f1124bca,9.92
256,2019-08-01T07:15:00Z,b893f0193fd5e005bcc4a9be230e701297451bf4122517e62da9878b,60.15133,24.92329,00000000e8a064a4,17.4
257,2019-08-01T07:15:00Z,b8c1d4fd56c699e5448a255f609520653b9642933d584811af036caf,60.16762,24.95415,000000006b44cce7,18.79
258,2019-08-01T07:15:00Z,bac9ae5954542339ab48e8242c1ef41a4f9ab1f623f95f2fe4ee18e7,60.17065,24.93641,000000000f4919c9,27.28
259,2019-08-01T07:15:00Z,bc1683d9838fecea120c83c0ade158037462985144d3c4710dd4db51,60.16448,24.97323,0000000053c6c2be,16.1
260,2019-08-01T07:15:00Z,bc2b4548c9276c577fe0f077deb44d5d57a1cbc7fb717a0fa9ba38c7,60.16629,24.95957,00000000fb7600be,14.89
261,2019-08-01T07:15:00Z,bc384bbbf1b2b631cf27066787a32985e9ede5c94a64dc3cab8b6855,60.14699,24.922,00000000a53ed894,18.79
262,2019-08-01T07:15:00Z,bc7b0b706e24a265e6d9c4a3babde5a84cc35dd083051044823618bd,60.17918,24.95141,00000000675d5200,7.05
263,2019-08-01T07:15:00Z,bdc1cfd1c04767998a134a19d1e2f7bc63990a5c2bbcf687bdd17c48,60.16075,24.95883,00000000f1124bca,23.56
264,2019-08-01T07:15:00Z,c09fcfb2696507cf3170a988f7de0d610987ab76b37816c3026db3c5,60.16762,24.95415,000000006b44cce7,8.38
265,2019-08-01T07:15:00Z,c0a0ca3433586ed2ae0e448f2406fabac7292ac79d49562e0bd5cef8,60.16762,24.95415,000000006b44cce7,16.1
266,2019-08-01T07:15:00Z,c12e1f88888f95029e330fc3306a21a8f20a4baea83f9ef423d5f6ce,60.16075,24.95883,00000000f1124bca,3.09
267,2019-08-01T07:15:00Z,c1c9f1f8774cc2f97e2b1fad7ddb7ae570a6097ad870a9261138e2d0,60.16762,24.95415,000000006b44cce7,9.92
268,2019-08-01T07:15:00Z,c2564cb2c710a387c10facc1e6e72de943c899ba76806c599425166e,60.16531,24.9442,00000000fdda10fe,36.27
269,2019-08-01T07:15:00Z,c28394d391e2496cd692502a5b00926031ad2b2adc4d60fd1fdaed37,60.14699,24.922,00000000a53ed894,31.5
270,2019-08-01T07:15:00Z,c63253b596f098cd2f120f280e26854e35d0c342892dd3270bb15a47,60.16762,24.95415,000000006b44cce7,13.75
271,2019-08-01T07:15:00Z,c7788c894f8764f198d0d11345e6d8e90574174fabc6d241c095db0e,60.17918,24.95141,00000000675d5200,14.89
272,2019-08-01T07:15:00Z,c804bbe0039d554dea969a26d334c39ab825d43e1a61c743118d31b1,60.16762,24.95415,000000006b44cce7,10.78
273,2019-08-01T07:15:00Z,c8cfffded784279958594d7f1c6ad61ccf94fc4f149c41ad2db0e98e,60.16531,24.9442,00000000fdda10fe,7.05
274,2019-08-01T07:15:00Z,c9027badb0695fecdec153fa543ebf085c24e1edfa0073db4ae036a4,60.16897,24.95222,00000000aa852af1,47.69
275,2019-08-01T07:15:00Z,c959bfe9c1b637c4b56863df6fd399daf5aea53a3dd9dea0ba584b1b,60.17065,24.93641,000000000f4919c9,8.38
276,2019-08-01T07:15:00Z,cb70c4c54239479e9c7cfbfc9822de4ff46eb9f62b963cabed8f2311,60.16762,24.95415,000000006b44cce7,9.92
277,2019-08-01T07:15:00Z,cccb8502291092b27d2cd23209135fb7a45591ca39f0920ec0ac2772,60.16075,24.95883,00000000f1124bca,25.36
278,2019-08-01T07:15:00Z,ce6c5e42f40cd499a96f91b8c9dbe4343fb02f8eb0410d43b3103fa5,60.16762,24.95415,000000006b44cce7,20.28
279,2019-08-01T07:15:00Z,cf47ae640661464d61fe745ced9f0202cc857c7c8df311ba8214adbf,60.16075,24.95883,00000000f1124bca,21.87
280,2019-08-01T07:15:00Z,cf8cea3f627e4875db2874c4405615c8d4cf4872733243d6e9fd6110,60.16629,24.95957,00000000fb7600be,9.12
281,2019-08-01T07:15:00Z,cfd59d85b619d416020f626dee67614c64b5ef39dd85c9dfa85ede45,60.16897,24.95222,00000000aa852af1,12.69
282,2019-08-01T07:15:00Z,d195aad1c4427f84c39dc27b7614e38094cbf6166f068151bebf3644,60.16075,24.95883,00000000f1124bca,6.46
283,2019-08-01T07:15:00Z,d218a39e6f8f4b05b627c6a9c3dfeee37b6a052d2972bfe3dfe20e91,60.16762,24.95415,000000006b44cce7,7.05
284,2019-08-01T07:15:00Z,d32bbb07aaea45ee7d4f3bab1b49fa66ee0daa313277441379d2411f,60.16075,24.95883,00000000f1124bca,9.92
285,2019-08-01T07:15:00Z,d334817efc16cdad816c90542f9ea636800ec38904cdda2d0335850b,60.16762,24.95415,000000006b44cce7,20.28
286,2019-08-01T07:15:00Z,d470cd253fa24127dfe6ca13d974c5e385d60156f5af210df040f7db,60.1638,24.96846,00000000d747f075,25.36
287,2019-08-01T07:15:00Z,d5286bcc441a3d68e6805beeb8670f47ac9716ca4d0174d787af4a9f,60.16762,24.95415,000000006b44cce7,5.91
288,2019-08-01T07:15:00Z,d5ae4f0e436ddaa1a139355bc51d6c813f950c75d0037f7a1bdf39be,60.16629,24.95957,00000000fb7600be,14.89
289,2019-08-01T07:15:00Z,d67df43cfe4e68425d333a4c453d1cd1cd396b799c4e48cc1efe6ac0,60.1638,24.96846,00000000d747f075,31.5
290,2019-08-01T07:15:00Z,d7c37b774b26d5fc52bb5b5e1953056d5c4e8c7ddc38e359c0581d04,60.149,24.9843,00000000fffb8cf0,27.28
291,2019-08-01T07:15:00Z,d819c1661754b9fd05b5b113420ce9c1d3d02845437158e1b8aa2ef5,60.16075,24.95883,00000000f1124bca,4.94
292,2019-08-01T07:15:00Z,d9358b12caaef6d7d56cf4d0909cda75c52f61e1a0a335cc5fcd4d99,60.16829,24.94214,00000000afef4555,16.1
293,2019-08-01T07:15:00Z,daaecef0e3742101790dfbf2ad339e57c39cee70334fa7b84d58bb71,60.16075,24.95883,00000000f1124bca,25.36
294,2019-08-01T07:15:00Z,db0dc4c280dd6be8a36db33e475da4fb3d7ecbb37d419596387f6abf,60.16762,24.95415,000000006b44cce7,9.92
295,2019-08-01T07:15:00Z,db48cd685bce461ac287d3edc3954e0ca963542c35bb07ee67b5705e,60.15133,24.92329,00000000e8a064a4,9.92
296,2019-08-01T07:15:00Z,dbc1fd60af812f2e6e260223e6ee2a4dc4a5c3ec35e80bbfd9ec6f4f,60.1638,24.96846,00000000d747f075,18.79
297,2019-08-01T07:15:00Z,dbdb540660971a26e0a36ea81ee1fecf130caf176e043c7d6b3ac26f,60.14947,24.91438,000000004ef3150d,29.32
298,2019-08-01T07:15:00Z,dd166d33ed9f81a981beea504295f7651ca9b1e60a2660ac40d2c441,60.14947,24.91438,000000004ef3150d,23.56
299,2019-08-01T07:15:00Z,de6cbf9b6090607f00f973178b139886e802c3ea2412bd9807b3db1d,60.16762,24.95415,000000006b44cce7,9.92
300,2019-08-01T07:15:00Z,df58d810880b6ffe704488f802403fd4050fea762369f9e2c7dadca6,60.16629,24.95957,00000000fb7600be,7.69
301,2019-08-01T07:15:00Z,e10be08bee2955c343122cbcc0318ab65b60b747c2d96d9ea4129a46,60.16531,24.9442,00000000fdda10fe,14.89
302,2019-08-01T07:15:00Z,e1af9f8818f3033359ecd5324f82476cbc56f1d1541cb02201b682e2,60.16075,24.95883,00000000f1124bca,8.38
303,2019-08-01T07:15:00Z,e1d075b611a89a9fda525d27df061e5d24d4e83ed8db99f666e03926,60.16075,24.95883,00000000f1124bca,16.1
304,2019-08-01T07:15:00Z,e3e29a33414f888f7a4cd6e6a8955a461460bfcd92ad9ef4a444307e,60.16897,24.95222,00000000aa852af1,13.75
305,2019-08-01T07:15:00Z,e3e3adc267d5f21a5fca65ca5555303c5da013e674b96e636a10d5f1,60.17918,24.95141,00000000675d5200,7.05
306,2019-08-01T07:15:00Z,e4083cfbcd022a6791f5bc3ad43ced07405aa76b447c86d263909cd6,60.16075,24.95883,00000000f1124bca,23.56
307,2019-08-01T07:15:00Z,e6be0e99f5f589365361f351f2169fdd8657f51dd94711352660cba9,60.16075,24.95883,00000000f1124bca,9.12
308,2019-08-01T07:15:00Z,e7fffa1c83a99cc468999adc84eada15968213da4a0cf70b13d3cd67,60.15133,24.92329,00000000e8a064a4,27.28
309,2019-08-01T07:15:00Z,e8803b245f8015444ce6c00095e3c24713c6f9376f69cb6321f4465f,60.14947,24.91438,000000004ef3150d,27.28
310,2019-08-01T07:15:00Z,e93ad8638ef14045eaad70f25007815849e72ed3138101adcdfcb7b0,60.18203,24.91341,00000000342570c2,31.5
311,2019-08-01T07:15:00Z,ebfa27ee7f6de1a7862ef1049761d9654a099547b4e79c8e7684b0f3,60.16897,24.95222,00000000aa852af1,18.79
312,2019-08-01T07:15:00Z,ecafb30034a7ec0199cc14c3361c170cf521e5360d7c24c3e281e2f2,60.17065,24.93641,000000000f4919c9,36.27
313,2019-08-01T07:15:00Z,edf99d28ca220289dbf10af0e904314689f462cebd42ff1d0c76422f,60.16629,24.95957,00000000fb7600be,2.8
314,2019-08-01T07:15:00Z,ee6586b5e542d7ba9687fe218488b9971de657af76fffeec6ae3445f,60.17918,24.95141,00000000675d5200,5.41
315,2019-08-01T07:15:00Z,ee954e07e28251edeffac10c9fe2a87e2d2378684e22ce3ed385bbd2,60.17918,24.95141,00000000675d5200,16.1
316,2019-08-01T07:15:00Z,eefead81659c54f11425edde779786cde910a23e82eca08e8a84111b,60.16829,24.94214,00000000afef4555,18.79
317,2019-08-01T07:15:00Z,eff89244d7578da8997df7f54a4cbdea0d5cc51f2e5412941eee11c7,60.17065,24.93641,000000000f4919c9,8.38
318,2019-08-01T07:15:00Z,f0cc27564510e8c2b3815a25d9041c78d97c3cb27d8b5e84dde4a3c3,60.16531,24.9442,00000000fdda10fe,11.7
319,2019-08-01T07:15:00Z,f0d3a8ba2008d86f3712f1364c1ef446854b9557126be8d362bfd931,60.17918,24.95141,00000000675d5200,3.74
320,2019-08-01T07:15:00Z,f1447033da62ea2392d83d6e336ac5dda810320ce7aa77193b8f0db9,60.14947,24.91438,000000004ef3150d,47.69
321,2019-08-01T07:15:00Z,f29be2dea414e18a386489d868899392e460ed4bf0cc48170c38a19f,60.16075,24.95883,00000000f1124bca,8.38
322,2019-08-01T07:15:00Z,f4ce87566441abe6bb3576efadb9fc53e21288c3bf0f0875ca850c4e,60.16629,24.95957,00000000fb7600be,21.87
323,2019-08-01T07:15:00Z,f68c92397d10137373f81b73771a4b5c9a0a947cf692fd3bd99d61b3,60.14699,24.922,00000000a53ed894,23.56
324,2019-08-01T07:15:00Z,f7adfec0f2afb4311798f5b8f7bbd5abbf68d0b2795e24c9ea584fbf,60.16762,24.95415,000000006b44cce7,25.36
325,2019-08-01T07:15:00Z,f7b6b340294aab04346602d8aed98efb6bf01bdeed3996bbfe880654,60.16762,24.95415,000000006b44cce7,11.7
326,2019-08-01T07:15:00Z,f819c8c923daddfb13d4dbc92b6b2f9c81a901b9084173afcc6ce71b,60.15432,24.9211,0000000019fb59c4,10.78
