,time,hash,latitude,longitude,serial,distance
0,2019-08-01T03:07:00Z,03f4002afb47d6e5c074b07507186616d5dd3e942464fc058187e09c,60.16629,24.95957,00000000fb7600be,27.28
1,2019-08-01T03:07:00Z,144afc51fc2443c7031a2912566eff2ce60226a49d6d2bd7c2923700,60.16544,24.95398,0000000038d83d41,36.27
2,2019-08-01T03:07:00Z,14c7e1511b70f4dd3359cbece1377aebb4d70531f5489eefe53d7c3c,60.16544,24.95398,0000000038d83d41,23.56
3,2019-08-01T03:07:00Z,165ebbb4090d47319ae370f0d0854fdc1f6b79499f8b2e4d3c3533c0,60.16544,24.95398,0000000038d83d41,31.5
4,2019-08-01T03:07:00Z,26a7f422e4d26aeb0cb519e9d16d5e57537056caa23982d5aae127fb,60.16762,24.95415,000000006b44cce7,20.28
5,2019-08-01T03:07:00Z,2becc116b6903367f24fb8033b421a173af04cdaca16ac8b2f91be52,60.16629,24.95957,00000000fb7600be,27.28
6,2019-08-01T03:07:00Z,2dd6ca2c889266702d554569764346cf583b74b0890b10e00ecd4f82,60.16544,24.95398,0000000038d83d41,23.56
7,2019-08-01T03:07:00Z,351f44e773650f6c4a68cd25c338d2bf5d9a1b20942961befe3b3f11,60.16448,24.97323,0000000053c6c2be,14.89
8,2019-08-01T03:07:00Z,384b4d96a26aae32d2af0c0f637cb59cc8470a36445623930229d524,60.16897,24.95222,00000000aa852af1,25.36
9,2019-08-01T03:07:00Z,427140db094a88d1033f8ee0e16865b0ca63c0d06e0aacf4d81cd1ea,60.17002,24.94407,000000006b087f40,23.56
10,2019-08-01T03:07:00Z,4abec48b53c4d82dc781a50af0676249c9d08be31b608a3f378109a6,60.1538,24.95595,0000000038bf9618,23.56
11,2019-08-01T03:07:00Z,4c5f18f9840338be4b03b398b0729b86a73a469d2e351ffb16a285ba,60.16897,24.95222,00000000aa852af1,23.56
12,2019-08-01T03:07:00Z,5bbb5184fded3e51bc78e45e39917794285e6bbc72da404802a9599a,60.16531,24.9442,00000000fdda10fe,27.28
13,2019-08-01T03:07:00Z,5d65719c4cbf045f068d084b72302f447d5fd034413d97d13be00d0e,60.18203,24.91341,00000000342570c2,18.79
14,2019-08-01T03:07:00Z,62742981e8529270ff72603e37f1d91125c1a7bd31fb8d3cb52591b8,60.17002,24.94407,000000006b087f40,36.27
15,2019-08-01T03:07:00Z,6d22b751ff5173035dc85c52c3dff0780126adae67fe33dc62dd45ef,60.16531,24.9442,00000000fdda10fe,27.28
16,2019-08-01T03:07:00Z,6ff437688c444238352c28f64f9d2a7d0f14d19c9ea42c225380501e,60.16762,24.95415,000000006b44cce7,23.56
17,2019-08-01T03:07:00Z,747f2d1ebff218c0ebbdc0fdaef4cbe56633dfb46ae1b1f8c8142201,60.16762,24.95415,000000006b44cce7,20.28
18,2019-08-01T03:07:00Z,7c8f26bc5798cd7c96354a307abd0150b5f502868a2ab99c93467091,60.16629,24.95957,00000000fb7600be,27.28
19,2019-08-01T03:07:00Z,84fdfd8881f633c5f0c71c1480053953ca4b05e848052d97c063ad38,60.1538,24.95595,0000000038bf9618,27.28
20,2019-08-01T03:07:00Z,87dfaad29a9276ddddb1fa021d3bc23ad14824c1af16f7d87e713689,60.14951,24.92138,0000000006dd41f6,11.7
21,2019-08-01T03:07:00Z,8c75c3289c84fe4493e1e272a77b615fe1985880c5dc68a7c1a17b53,60.16762,24.95415,000000006b44cce7,10.78
22,2019-08-01T03:07:00Z,8cc6ddaa460aeae8cc9e8a33f91a01c8cd4c0c8bf8a943210a28c84d,60.1538,24.95595,0000000038bf9618,16.1
23,2019-08-01T03:07:00Z,8ffeb52bff155eab19ca329d16be495cd44a08aa7f79b94db079caf9,60.15432,24.9211,0000000019fb59c4,29.32
24,2019-08-01T03:07:00Z,91d3b80de4439a4a49ddb8a04d72a0a2ec6c08f351d70232842af567,60.16762,24.95415,000000006b44cce7,25.36
25,2019-08-01T03:07:00Z,9843c6216661048343a0e49cf3d8aa2883cf77f452666a1c873a1052,60.16448,24.97323,0000000053c6c2be,10.78
26,2019-08-01T03:07:00Z,a08cae03363d2e483a6ea717973088f4bd4276de96a9d438a7358ff4,60.16897,24.95222,00000000aa852af1,25.36
27,2019-08-01T03:07:00Z,a91d379a4b57c5df22db0d7a041ff69f657b4b31f28554b1011fc03c,60.16544,24.95398,0000000038d83d41,31.5
28,2019-08-01T03:07:00Z,a9da1ee82e3b670e276c26b483dd50f4a6d0c6f77ef82245d3ae6086,60.18203,24.91341,00000000342570c2,20.28
29,2019-08-01T03:07:00Z,b1f358076ba79ef902a36ca8ae3f8ec7c93308a67c479345bfdbdecf,60.1538,24.95595,0000000038bf9618,33.81
30,2019-08-01T03:07:00Z,b33ae7715d6d2571066655c2c8954a5a364b5601869047de83410d9f,60.16629,24.95957,00000000fb7600be,23.56
31,2019-08-01T03:07:00Z,b5fd6b317890e5ab2d79e2cd1abe61626d45a753c7337d0d40728898,60.16762,24.95415,000000006b44cce7,17.4
32,2019-08-01T03:07:00Z,ba42c72ea7c2663b3ea5044faf12173ab18e523dc35de0e24bf374ac,60.16544,24.95398,0000000038d83d41,23.56
33,2019-08-01T03:07:00Z,ce783d3c1b06378e5c39c25687746a6f88fbb0ff2b36e3405fb61cf8,60.16762,24.95415,000000006b44cce7,16.1
34,2019-08-01T03:07:00Z,cf05623e4d87ce0906c0b0b7dbf53aacc1228016cd27c341228b6e76,60.18203,24.91341,00000000342570c2,20.28
35,2019-08-01T03:07:00Z,d127ead865385b64ae537a703a26be15fae4b5332ce0fbf03d5e0c23,60.1538,24.95595,0000000038bf9618,29.32
36,2019-08-01T03:07:00Z,dd2c9c82cf3737146294aff6f814a1349fb0bc4bedf518715dacbe8f,60.18203,24.91341,00000000342570c2,18.79
37,2019-08-01T03:07:00Z,ec72ef080c605e71978aed0d3b5f22c3c3133677a43c614b72eedc6d,60.14699,24.922,00000000a53ed894,20.28
38,2019-08-01T03:07:00Z,f0658ab84466fd2b70b305787976c9cc96062ec03a830710452e9a77,60.16762,24.95415,000000006b44cce7,21.87
39,2019-08-01T03:07:00Z,f088630d7476dae7d4b7e2bb1f10575f2c89acb4b6e061f3d57c2b40,60.16531,24.9442,00000000fdda10fe,21.87
40,2019-08-01T03:07:00Z,f6609ab1076b1105bb845595a03b41b8fbb282f79c337df5bbc9f841,60.16629,24.95957,00000000fb7600be,18.79
41,2019-08-01T03:07:00Z,f99c5dd8cc08bd2353083d875ce8bc585fb2c2ff8427b90d92f571de,60.1538,24.95595,0000000038bf9618,25.36
42,2019-08-01T03:07:00Z,fc4f3a44235f1cfc7b53f14ba2da599976a5a0a220d23b852688e485,60.17919,24.95181,000000007b5207b6,18.79
43,2019-08-01T03:07:00Z,ff4d1beaeacf3d68f542a38ef5a9b9d4add8f53e51abf6b66158fa61,60.14947,24.91438,000000004ef3150d,6.46
44,2019-08-01T03:07:00Z,001c69fcfa19f6d795da7fa3ebe6817764c25cad63256fbcb99e82c0,60.16829,24.94214,00000000afef4555,25.36
45,2019-08-01T03:07:00Z,030fb03574bc5e0860aa3192ff693cf2a0ec91caa1640c2f71ce4dc2,60.14951,24.92138,0000000006dd41f6,36.27
46,2019-08-01T03:07:00Z,093ea1307c4d3a2a606a01c7e4344d4de460cbfcbfa4ae52e4c3728b,60.17918,24.95141,00000000675d5200,23.56
47,2019-08-01T03:07:00Z,0d000b362b5f312268dc14ba95665d14368044697491fc124fb4d529,60.14947,24.91438,000000004ef3150d,16.1
48,2019-08-01T03:07:00Z,13e4206d38eafb32822df97189167727a93c3fc19b187987f9af2d8a,60.14699,24.922,00000000a53ed894,18.79
49,2019-08-01T03:07:00Z,1dacfb371d75dd4f90f447aac2a00faad98beb4188a6971c19eb2375,60.16629,24.95957,00000000fb7600be,33.81
50,2019-08-01T03:07:00Z,1ecbc7c6afe89033252e5510cbb893666af2b3bc29f555a3a6287fdb,60.14951,24.92138,0000000006dd41f6,4.5
51,2019-08-01T03:07:00Z,1efe00f771681ebea5054284d2fc6b34cbe5697f814168a340ac9130,60.16531,24.9442,00000000fdda10fe,10.78
52,2019-08-01T03:07:00Z,2407af48d3f8a8e97e7c72bf6a859f710120e443831a5cc0025f245a,60.17002,24.94407,000000006b087f40,8.38
53,2019-08-01T03:07:00Z,2412a8a36556f7a290c7e226e4baa79342fb2aa26944ce9aeb6e89ce,60.16544,24.95398,0000000038d83d41,29.32
54,2019-08-01T03:07:00Z,25b9a688fda1515f9ff250d01f89c4491af81e3721b9b2348d88d2e3,60.16762,24.95415,000000006b44cce7,21.87
55,2019-08-01T03:07:00Z,269a536fb58ffe1c2b8f2e782208c4707cb26a286bf44dc52cb1ffb0,60.16531,24.9442,00000000fdda10fe,12.69
56,2019-08-01T03:07:00Z,2ab97eb72424d3a245ddd77691854f564f939b5bacf84648d4211da2,60.16762,24.95415,000000006b44cce7,14.89
57,2019-08-01T03:07:00Z,3f345ebe02480f89bc9c0c18a43e489a07d230036ca59accfa8c3671,60.15432,24.9211,0000000019fb59c4,23.56
58,2019-08-01T03:07:00Z,42844e90c7134ebb3ec325f57cd27cd24711c779548ebc8692a820d5,60.14951,24.92138,0000000006dd41f6,3.4
59,2019-08-01T03:07:00Z,43e2ef49a0757d3f504445fef0375bf1fadf3cae92831f7827754055,60.16531,24.9442,00000000fdda10fe,14.89
60,2019-08-01T03:07:00Z,478830e26b1b9314c3f35b4ca62aba9828872733abbc7f32b78daac3,60.16531,24.9442,00000000fdda10fe,31.5
61,2019-08-01T03:07:00Z,671f9d77c767acb9f9d791833688903089ee1152c5884dd3dc1279ae,60.16531,24.9442,00000000fdda10fe,13.75
62,2019-08-01T03:07:00Z,694d08a84a334f191cbc94f9785d09e2e8ecc327f74b00266e1701ff,60.16762,24.95415,000000006b44cce7,17.4
63,2019-08-01T03:07:00Z,701ebe2f0c93e3d2d5f4c1b9f737199afb3f37f9b49809649903d665,60.16762,24.95415,000000006b44cce7,8.38
64,2019-08-01T03:07:00Z,8a5b86e7c92763e85cfccd5f634e052384b64318c1286a4f8074c94f,60.16762,24.95415,000000006b44cce7,5.91
65,2019-08-01T03:07:00Z,91e19604d5ebd595b79e17383e16b9e021a53c14de7205cc3a6de83b,60.16629,24.95957,00000000fb7600be,14.89
66,2019-08-01T03:07:00Z,99a026b5100e23129fa529e9a57a3dbc8490dc03b58f2193f03e2dcf,60.14951,24.92138,0000000006dd41f6,5.41
67,2019-08-01T03:07:00Z,9b132248def97a8f7178a3d898cbd8655ab0afe50af144e1aefcaf2a,60.17918,24.95141,00000000675d5200,12.69
68,2019-08-01T03:07:00Z,a863f3e32586fa25f27244c248739d2151c6874f4a50c364d696181e,60.14947,24.91438,000000004ef3150d,11.7
69,2019-08-01T03:07:00Z,b5f68fd44d1473ba619867c782faea18f5a28e5989a2b443664ef148,60.16762,24.95415,000000006b44cce7,2.3
70,2019-08-01T03:07:00Z,c0a0ca3433586ed2ae0e448f2406fabac7292ac79d49562e0bd5cef8,60.16762,24.95415,000000006b44cce7,20.28
71,2019-08-01T03:07:00Z,c2bec38bf7b02f449bd7af19d275f80f0431d73def4eff38430d101d,60.16629,24.95957,00000000fb7600be,14.89
72,2019-08-01T03:07:00Z,c5b1ebbc71f7a611a7415c126514bc92963d32b056ba093526802475,60.16762,24.95415,000000006b44cce7,18.79
73,2019-08-01T03:07:00Z,db0e10943fcdd3914ddc764635ba11c29832c708b5f4f46493df0413,60.16762,24.95415,000000006b44cce7,16.1
74,2019-08-01T03:07:00Z,dfb6ba0eef8ef92f1fa653e8289b9cfe0ac89016ed2b4fb48839a0ac,60.16629,24.95957,00000000fb7600be,12.69
75,2019-08-01T03:07:00Z,f06a621085463449136b8563b99d2bdd499e41452d349d6a7087c1c8,60.14947,24.91438,000000004ef3150d,16.1
76,2019-08-01T03:07:00Z,f7adfec0f2afb4311798f5b8f7bbd5abbf68d0b2795e24c9ea584fbf,60.16762,24.95415,000000006b44cce7,9.92
77,2019-08-01T03:07:00Z,fd30b66734217247a078a83bb94e278ba8e0c8a1245efbf00b1d778c,60.16762,24.95415,000000006b44cce7,7.69
78,2019-08-01T03:07:00Z,ffc9351c73ed8a2a194e9c7afb0bbe02d06dd70c6bd345dc29bcc7a5,60.16448,24.97323,0000000053c6c2be,31.5
79,2019-08-01T03:07:01Z,112c36ba789fa57e2b19c9bff8bfe0b3eba19a431c3af4656c4cee5b,60.16531,24.9442,00000000fdda10fe,38.87
80,2019-08-01T03:07:01Z,144afc51fc2443c7031a2912566eff2ce60226a49d6d2bd7c2923700,60.16544,24.95398,0000000038d83d41,29.32
81,2019-08-01T03:07:01Z,14c7e1511b70f4dd3359cbece1377aebb4d70531f5489eefe53d7c3c,60.16544,24.95398,0000000038d83d41,27.28
82,2019-08-01T03:07:01Z,2becc116b6903367f24fb8033b421a173af04cdaca16ac8b2f91be52,60.16629,24.95957,00000000fb7600be,27.28
83,2019-08-01T03:07:01Z,2dd6ca2c889266702d554569764346cf583b74b0890b10e00ecd4f82,60.16544,24.95398,0000000038d83d41,23.56
84,2019-08-01T03:07:01Z,351f44e773650f6c4a68cd25c338d2bf5d9a1b20942961befe3b3f11,60.16448,24.97323,0000000053c6c2be,14.89
85,2019-08-01T03:07:01Z,384b4d96a26aae32d2af0c0f637cb59cc8470a36445623930229d524,60.16897,24.95222,00000000aa852af1,25.36
86,2019-08-01T03:07:01Z,427140db094a88d1033f8ee0e16865b0ca63c0d06e0aacf4d81cd1ea,60.17002,24.94407,000000006b087f40,29.32
87,2019-08-01T03:07:01Z,43b676ed3aef4c2d8846694817e76117873be52e7f788e0cb366c1c4,60.16629,24.95957,00000000fb7600be,29.32
88,2019-08-01T03:07:01Z,4abec48b53c4d82dc781a50af0676249c9d08be31b608a3f378109a6,60.1538,24.95595,0000000038bf9618,25.36
89,2019-08-01T03:07:01Z,5d65719c4cbf045f068d084b72302f447d5fd034413d97d13be00d0e,60.18203,24.91341,00000000342570c2,18.79
90,2019-08-01T03:07:01Z,5eed115a984d490b02b602d73787aee8dc8c4e9365b77fbff3818a76,60.16629,24.95957,00000000fb7600be,27.28
91,2019-08-01T03:07:01Z,6066632ddc94b5c482a2d4f45ed2532e55e3fd63e414a084a596a737,60.16762,24.95415,000000006b44cce7,25.36
92,2019-08-01T03:07:01Z,66dabd3229229330d23c70e9e1737429ddfe69db01f4a6a00f70fa20,60.16762,24.95415,000000006b44cce7,18.79
93,2019-08-01T03:07:01Z,6d22b751ff5173035dc85c52c3dff0780126adae67fe33dc62dd45ef,60.16531,24.9442,00000000fdda10fe,20.28
94,2019-08-01T03:07:01Z,747f2d1ebff218c0ebbdc0fdaef4cbe56633dfb46ae1b1f8c8142201,60.16762,24.95415,000000006b44cce7,12.69
95,2019-08-01T03:07:01Z,79f136afa0dd8717337c01c70b457c464aaf0fa25b440f51a394ec23,60.16762,24.95415,000000006b44cce7,29.32
96,2019-08-01T03:07:01Z,7d0fd2fd8adcdcfaf339b328e652c17c58f2c98e7b79448720a37dda,60.16897,24.95222,00000000aa852af1,23.56
97,2019-08-01T03:07:01Z,84fdfd8881f633c5f0c71c1480053953ca4b05e848052d97c063ad38,60.1538,24.95595,0000000038bf9618,29.32
98,2019-08-01T03:07:01Z,87dfaad29a9276ddddb1fa021d3bc23ad14824c1af16f7d87e713689,60.14951,24.92138,0000000006dd41f6,9.12
99,2019-08-01T03:07:01Z,8c75c3289c84fe4493e1e272a77b615fe1985880c5dc68a7c1a17b53,60.16762,24.95415,000000006b44cce7,9.92
100,2019-08-01T03:07:01Z,8cc6ddaa460aeae8cc9e8a33f91a01c8cd4c0c8bf8a943210a28c84d,60.1538,24.95595,0000000038bf9618,16.1
101,2019-08-01T03:07:01Z,8ffeb52bff155eab19ca329d16be495cd44a08aa7f79b94db079caf9,60.15432,24.9211,0000000019fb59c4,27.28
102,2019-08-01T03:07:01Z,9843c6216661048343a0e49cf3d8aa2883cf77f452666a1c873a1052,60.16448,24.97323,0000000053c6c2be,25.36
103,2019-08-01T03:07:01Z,a08cae03363d2e483a6ea717973088f4bd4276de96a9d438a7358ff4,60.16897,24.95222,00000000aa852af1,25.36
104,2019-08-01T03:07:01Z,a7bf60f4cfe8359d12d5bb7d69ea9850630a9c969a346f04a0ce1968,60.15432,24.9211,0000000019fb59c4,25.36
105,2019-08-01T03:07:01Z,b33ae7715d6d2571066655c2c8954a5a364b5601869047de83410d9f,60.16629,24.95957,00000000fb7600be,23.56
106,2019-08-01T03:07:01Z,b5fd6b317890e5ab2d79e2cd1abe61626d45a753c7337d0d40728898,60.16762,24.95415,000000006b44cce7,16.1
107,2019-08-01T03:07:01Z,c40c37def6bf11a63a2556519a7c6233fd417cdeea2cf14f28e7c42c,60.16531,24.9442,00000000fdda10fe,18.79
108,2019-08-01T03:07:01Z,ce783d3c1b06378e5c39c25687746a6f88fbb0ff2b36e3405fb61cf8,60.16762,24.95415,000000006b44cce7,13.75
109,2019-08-01T03:07:01Z,cf05623e4d87ce0906c0b0b7dbf53aacc1228016cd27c341228b6e76,60.18203,24.91341,00000000342570c2,20.28
110,2019-08-01T03:07:01Z,d127ead865385b64ae537a703a26be15fae4b5332ce0fbf03d5e0c23,60.1538,24.95595,0000000038bf9618,29.32
111,2019-08-01T03:07:01Z,dd2c9c82cf3737146294aff6f814a1349fb0bc4bedf518715dacbe8f,60.18203,24.91341,00000000342570c2,17.4
112,2019-08-01T03:07:01Z,ec72ef080c605e71978aed0d3b5f22c3c3133677a43c614b72eedc6d,60.14699,24.922,00000000a53ed894,23.56
113,2019-08-01T03:07:01Z,f0658ab84466fd2b70b305787976c9cc96062ec03a830710452e9a77,60.16762,24.95415,000000006b44cce7,20.28
114,2019-08-01T03:07:01Z,f088630d7476dae7d4b7e2bb1f10575f2c89acb4b6e061f3d57c2b40,60.16531,24.9442,00000000fdda10fe,25.36
115,2019-08-01T03:07:01Z,f6609ab1076b1105bb845595a03b41b8fbb282f79c337df5bbc9f841,60.16629,24.95957,00000000fb7600be,18.79
116,2019-08-01T03:07:01Z,fc4f3a44235f1cfc7b53f14ba2da599976a5a0a220d23b852688e485,60.17919,24.95181,000000007b5207b6,18.79
117,2019-08-01T03:07:01Z,093ea1307c4d3a2a606a01c7e4344d4de460cbfcbfa4ae52e4c3728b,60.17918,24.95141,00000000675d5200,23.56
118,2019-08-01T03:07:01Z,0d000b362b5f312268dc14ba95665d14368044697491fc124fb4d529,60.14947,24.91438,000000004ef3150d,16.1
119,2019-08-01T03:07:01Z,13e4206d38eafb32822df97189167727a93c3fc19b187987f9af2d8a,60.14699,24.922,00000000a53ed894,17.4
120,2019-08-01T03:07:01Z,1ecbc7c6afe89033252e5510cbb893666af2b3bc29f555a3a6287fdb,60.14951,24.92138,0000000006dd41f6,3.09
121,2019-08-01T03:07:01Z,1efe00f771681ebea5054284d2fc6b34cbe5697f814168a340ac9130,60.16531,24.9442,00000000fdda10fe,9.92
122,2019-08-01T03:07:01Z,2407af48d3f8a8e97e7c72bf6a859f710120e443831a5cc0025f245a,60.17002,24.94407,000000006b087f40,16.1
123,2019-08-01T03:07:01Z,269a536fb58ffe1c2b8f2e782208c4707cb26a286bf44dc52cb1ffb0,60.16531,24.9442,00000000fdda10fe,16.1
124,2019-08-01T03:07:01Z,2ab97eb72424d3a245ddd77691854f564f939b5bacf84648d4211da2,60.16762,24.95415,000000006b44cce7,14.89
125,2019-08-01T03:07:01Z,30794b116f4b8e6e4b715d39e786c2baeb1a11bd22b93ad80c52af44,60.16762,24.95415,000000006b44cce7,20.28
126,2019-08-01T03:07:01Z,3f345ebe02480f89bc9c0c18a43e489a07d230036ca59accfa8c3671,60.15432,24.9211,0000000019fb59c4,25.36
127,2019-08-01T03:07:01Z,43e2ef49a0757d3f504445fef0375bf1fadf3cae92831f7827754055,60.16531,24.9442,00000000fdda10fe,14.89
128,2019-08-01T03:07:01Z,5f85120de1ced9172a3a1fdc8d4eb84e93b2d2e7fea82aa9810b5f04,60.16448,24.97323,0000000053c6c2be,31.5
129,2019-08-01T03:07:01Z,671f9d77c767acb9f9d791833688903089ee1152c5884dd3dc1279ae,60.16531,24.9442,00000000fdda10fe,12.69
130,2019-08-01T03:07:01Z,701ebe2f0c93e3d2d5f4c1b9f737199afb3f37f9b49809649903d665,60.16762,24.95415,000000006b44cce7,11.7
131,2019-08-01T03:07:01Z,74cb545f76f0bfc5498607247e26e814276a11ce91f77208054ecbc5,60.17002,24.94407,000000006b087f40,21.87
132,2019-08-01T03:07:01Z,75d1f7b3da730fdb6069242912061990a7914fd45726e7ef39285ecd,60.149,24.9843,00000000fffb8cf0,33.81
133,2019-08-01T03:07:01Z,8a5b86e7c92763e85cfccd5f634e052384b64318c1286a4f8074c94f,60.16762,24.95415,000000006b44cce7,7.69
134,2019-08-01T03:07:01Z,91e19604d5ebd595b79e17383e16b9e021a53c14de7205cc3a6de83b,60.16629,24.95957,00000000fb7600be,25.36
135,2019-08-01T03:07:01Z,9b132248def97a8f7178a3d898cbd8655ab0afe50af144e1aefcaf2a,60.17918,24.95141,00000000675d5200,9.12
136,2019-08-01T03:07:01Z,9d713c9ce415e473048b45bbb35d6dcdef35cabaca39aa54f2e781a3,60.16531,24.9442,00000000fdda10fe,31.5
137,2019-08-01T03:07:01Z,a863f3e32586fa25f27244c248739d2151c6874f4a50c364d696181e,60.14947,24.91438,000000004ef3150d,10.78
138,2019-08-01T03:07:01Z,a86c102f289409f6efef56c9b116b4ad52d8e2d7b7ab23a6df2a0675,60.16762,24.95415,000000006b44cce7,5.91
139,2019-08-01T03:07:01Z,a8c7d85d397619b4a91c2655e8e50b1cfcbf2771d71b62b4681a20c8,60.16448,24.97323,0000000053c6c2be,31.5
140,2019-08-01T03:07:01Z,b5f68fd44d1473ba619867c782faea18f5a28e5989a2b443664ef148,60.16762,24.95415,000000006b44cce7,8.38
141,2019-08-01T03:07:01Z,c0a0ca3433586ed2ae0e448f2406fabac7292ac79d49562e0bd5cef8,60.16762,24.95415,000000006b44cce7,23.56
142,2019-08-01T03:07:01Z,c2bec38bf7b02f449bd7af19d275f80f0431d73def4eff38430d101d,60.16629,24.95957,00000000fb7600be,17.4
143,2019-08-01T03:07:01Z,c4cb5385bba8d1eb95c54045d4f2ca92af55d4e2bd61d588e3b76b0f,60.16762,24.95415,000000006b44cce7,31.5
144,2019-08-01T03:07:01Z,c5b1ebbc71f7a611a7415c126514bc92963d32b056ba093526802475,60.16762,24.95415,000000006b44cce7,14.89
145,2019-08-01T03:07:01Z,db0e10943fcdd3914ddc764635ba11c29832c708b5f4f46493df0413,60.16762,24.95415,000000006b44cce7,17.4
146,2019-08-01T03:07:01Z,dfb6ba0eef8ef92f1fa653e8289b9cfe0ac89016ed2b4fb48839a0ac,60.16629,24.95957,00000000fb7600be,13.75
147,2019-08-01T03:07:01Z,f06a621085463449136b8563b99d2bdd499e41452d349d6a7087c1c8,60.14947,24.91438,000000004ef3150d,5.91
148,2019-08-01T03:07:01Z,f7adfec0f2afb4311798f5b8f7bbd5abbf68d0b2795e24c9ea584fbf,60.16762,24.95415,000000006b44cce7,14.89
149,2019-08-01T03:07:01Z,f8dea18b780a84dc5c0b202ef3ba8e492aa85a76ce9784b1d3194334,60.16531,24.9442,00000000fdda10fe,27.28
150,2019-08-01T03:07:01Z,fd30b66734217247a078a83bb94e278ba8e0c8a1245efbf00b1d778c,60.16762,24.95415,000000006b44cce7,5.41
151,2019-08-01T03:07:02Z,03e0fc996a589ccdf1871b3c78e089c08c93ba1f2a02d740fb384aac,60.16531,24.9442,00000000fdda10fe,27.28
152,2019-08-01T03:07:02Z,144afc51fc2443c7031a2912566eff2ce60226a49d6d2bd7c2923700,60.16544,24.95398,0000000038d83d41,23.56
153,2019-08-01T03:07:02Z,14c7e1511b70f4dd3359cbece1377aebb4d70531f5489eefe53d7c3c,60.16544,24.95398,0000000038d83d41,27.28
154,2019-08-01T03:07:02Z,165ebbb4090d47319ae370f0d0854fdc1f6b79499f8b2e4d3c3533c0,60.16544,24.95398,0000000038d83d41,25.36
155,2019-08-01T03:07:02Z,26a7f422e4d26aeb0cb519e9d16d5e57537056caa23982d5aae127fb,60.16762,24.95415,000000006b44cce7,18.79
156,2019-08-01T03:07:02Z,351f44e773650f6c4a68cd25c338d2bf5d9a1b20942961befe3b3f11,60.16448,24.97323,0000000053c6c2be,14.89
157,2019-08-01T03:07:02Z,384b4d96a26aae32d2af0c0f637cb59cc8470a36445623930229d524,60.16897,24.95222,00000000aa852af1,36.27
158,2019-08-01T03:07:02Z,427140db094a88d1033f8ee0e16865b0ca63c0d06e0aacf4d81cd1ea,60.17002,24.94407,000000006b087f40,25.36
159,2019-08-01T03:07:02Z,43b676ed3aef4c2d8846694817e76117873be52e7f788e0cb366c1c4,60.16629,24.95957,00000000fb7600be,21.87
160,2019-08-01T03:07:02Z,4abec48b53c4d82dc781a50af0676249c9d08be31b608a3f378109a6,60.1538,24.95595,0000000038bf9618,25.36
161,2019-08-01T03:07:02Z,4c5f18f9840338be4b03b398b0729b86a73a469d2e351ffb16a285ba,60.16897,24.95222,00000000aa852af1,27.28
162,2019-08-01T03:07:02Z,5bbb5184fded3e51bc78e45e39917794285e6bbc72da404802a9599a,60.16531,24.9442,00000000fdda10fe,31.5
163,2019-08-01T03:07:02Z,5d65719c4cbf045f068d084b72302f447d5fd034413d97d13be00d0e,60.18203,24.91341,00000000342570c2,18.79
164,2019-08-01T03:07:02Z,66dabd3229229330d23c70e9e1737429ddfe69db01f4a6a00f70fa20,60.16762,24.95415,000000006b44cce7,20.28
165,2019-08-01T03:07:02Z,6b805db93722b9bc795ba65b4418a352128c16588f565243c29cecbf,60.16762,24.95415,000000006b44cce7,23.56
166,2019-08-01T03:07:02Z,6d22b751ff5173035dc85c52c3dff0780126adae67fe33dc62dd45ef,60.16531,24.9442,00000000fdda10fe,17.4
167,2019-08-01T03:07:02Z,6ff437688c444238352c28f64f9d2a7d0f14d19c9ea42c225380501e,60.16762,24.95415,000000006b44cce7,20.28
168,2019-08-01T03:07:02Z,747f2d1ebff218c0ebbdc0fdaef4cbe56633dfb46ae1b1f8c8142201,60.16762,24.95415,000000006b44cce7,11.7
169,2019-08-01T03:07:02Z,77839e655f856d5295739c2388237a95b399c3b8a4f659cd1345d939,60.16829,24.94214,00000000afef4555,31.5
170,2019-08-01T03:07:02Z,79f136afa0dd8717337c01c70b457c464aaf0fa25b440f51a394ec23,60.16762,24.95415,000000006b44cce7,18.79
171,2019-08-01T03:07:02Z,7c8f26bc5798cd7c96354a307abd0150b5f502868a2ab99c93467091,60.16629,24.95957,00000000fb7600be,29.32
172,2019-08-01T03:07:02Z,7d0fd2fd8adcdcfaf339b328e652c17c58f2c98e7b79448720a37dda,60.16897,24.95222,00000000aa852af1,25.36
173,2019-08-01T03:07:02Z,84fdfd8881f633c5f0c71c1480053953ca4b05e848052d97c063ad38,60.1538,24.95595,0000000038bf9618,20.28
174,2019-08-01T03:07:02Z,87dfaad29a9276ddddb1fa021d3bc23ad14824c1af16f7d87e713689,60.14951,24.92138,0000000006dd41f6,11.7
175,2019-08-01T03:07:02Z,8c75c3289c84fe4493e1e272a77b615fe1985880c5dc68a7c1a17b53,60.16762,24.95415,000000006b44cce7,10.78
176,2019-08-01T03:07:02Z,8cc6ddaa460aeae8cc9e8a33f91a01c8cd4c0c8bf8a943210a28c84d,60.1538,24.95595,0000000038bf9618,14.89
177,2019-08-01T03:07:02Z,8ffeb52bff155eab19ca329d16be495cd44a08aa7f79b94db079caf9,60.15432,24.9211,0000000019fb59c4,29.32
178,2019-08-01T03:07:02Z,9843c6216661048343a0e49cf3d8aa2883cf77f452666a1c873a1052,60.16448,24.97323,0000000053c6c2be,11.7
179,2019-08-01T03:07:02Z,a08cae03363d2e483a6ea717973088f4bd4276de96a9d438a7358ff4,60.16897,24.95222,00000000aa852af1,23.56
180,2019-08-01T03:07:02Z,a91d379a4b57c5df22db0d7a041ff69f657b4b31f28554b1011fc03c,60.16544,24.95398,0000000038d83d41,31.5
181,2019-08-01T03:07:02Z,a9da1ee82e3b670e276c26b483dd50f4a6d0c6f77ef82245d3ae6086,60.18203,24.91341,00000000342570c2,29.32
182,2019-08-01T03:07:02Z,b33ae7715d6d2571066655c2c8954a5a364b5601869047de83410d9f,60.16629,24.95957,00000000fb7600be,29.32
183,2019-08-01T03:07:02Z,b5fd6b317890e5ab2d79e2cd1abe61626d45a753c7337d0d40728898,60.16762,24.95415,000000006b44cce7,13.75
184,2019-08-01T03:07:02Z,ba42c72ea7c2663b3ea5044faf12173ab18e523dc35de0e24bf374ac,60.16544,24.95398,0000000038d83d41,33.81
185,2019-08-01T03:07:02Z,c40c37def6bf11a63a2556519a7c6233fd417cdeea2cf14f28e7c42c,60.16531,24.9442,00000000fdda10fe,21.87
186,2019-08-01T03:07:02Z,ce783d3c1b06378e5c39c25687746a6f88fbb0ff2b36e3405fb61cf8,60.16762,24.95415,000000006b44cce7,14.89
187,2019-08-01T03:07:02Z,cf05623e4d87ce0906c0b0b7dbf53aacc1228016cd27c341228b6e76,60.18203,24.91341,00000000342570c2,20.28
188,2019-08-01T03:07:02Z,d127ead865385b64ae537a703a26be15fae4b5332ce0fbf03d5e0c23,60.1538,24.95595,0000000038bf9618,27.28
189,2019-08-01T03:07:02Z,dd2c9c82cf3737146294aff6f814a1349fb0bc4bedf518715dacbe8f,60.18203,24.91341,00000000342570c2,21.87
190,2019-08-01T03:07:02Z,ec72ef080c605e71978aed0d3b5f22c3c3133677a43c614b72eedc6d,60.14699,24.922,00000000a53ed894,18.79
191,2019-08-01T03:07:02Z,f088630d7476dae7d4b7e2bb1f10575f2c89acb4b6e061f3d57c2b40,60.16531,24.9442,00000000fdda10fe,21.87
192,2019-08-01T03:07:02Z,f6609ab1076b1105bb845595a03b41b8fbb282f79c337df5bbc9f841,60.16629,24.95957,00000000fb7600be,20.28
193,2019-08-01T03:07:02Z,f99c5dd8cc08bd2353083d875ce8bc585fb2c2ff8427b90d92f571de,60.1538,24.95595,0000000038bf9618,33.81
194,2019-08-01T03:07:02Z,fc4f3a44235f1cfc7b53f14ba2da599976a5a0a220d23b852688e485,60.17919,24.95181,000000007b5207b6,9.12
195,2019-08-01T03:07:02Z,ff4d1beaeacf3d68f542a38ef5a9b9d4add8f53e51abf6b66158fa61,60.14947,24.91438,000000004ef3150d,9.92
196,2019-08-01T03:07:02Z,093ea1307c4d3a2a606a01c7e4344d4de460cbfcbfa4ae52e4c3728b,60.17918,24.95141,00000000675d5200,29.32
197,2019-08-01T03:07:02Z,0d000b362b5f312268dc14ba95665d14368044697491fc124fb4d529,60.14947,24.91438,000000004ef3150d,11.7
198,2019-08-01T03:07:02Z,13e4206d38eafb32822df97189167727a93c3fc19b187987f9af2d8a,60.14699,24.922,00000000a53ed894,17.4
199,2019-08-01T03:07:02Z,1dacfb371d75dd4f90f447aac2a00faad98beb4188a6971c19eb2375,60.16629,24.95957,00000000fb7600be,27.28
200,2019-08-01T03:07:02Z,1ecbc7c6afe89033252e5510cbb893666af2b3bc29f555a3a6287fdb,60.14951,24.92138,0000000006dd41f6,4.5
201,2019-08-01T03:07:02Z,1efe00f771681ebea5054284d2fc6b34cbe5697f814168a340ac9130,60.16531,24.9442,00000000fdda10fe,11.7
202,2019-08-01T03:07:02Z,2407af48d3f8a8e97e7c72bf6a859f710120e443831a5cc0025f245a,60.17002,24.94407,000000006b087f40,20.28
203,2019-08-01T03:07:02Z,269a536fb58ffe1c2b8f2e782208c4707cb26a286bf44dc52cb1ffb0,60.16531,24.9442,00000000fdda10fe,10.78
204,2019-08-01T03:07:02Z,30794b116f4b8e6e4b715d39e786c2baeb1a11bd22b93ad80c52af44,60.16762,24.95415,000000006b44cce7,21.87
205,2019-08-01T03:07:02Z,3f345ebe02480f89bc9c0c18a43e489a07d230036ca59accfa8c3671,60.15432,24.9211,0000000019fb59c4,36.27
206,2019-08-01T03:07:02Z,42844e90c7134ebb3ec325f57cd27cd24711c779548ebc8692a820d5,60.14951,24.92138,0000000006dd41f6,3.4
207,2019-08-01T03:07:02Z,43e2ef49a0757d3f504445fef0375bf1fadf3cae92831f7827754055,60.16531,24.9442,00000000fdda10fe,12.69
208,2019-08-01T03:07:02Z,478830e26b1b9314c3f35b4ca62aba9828872733abbc7f32b78daac3,60.16531,24.9442,00000000fdda10fe,31.5
209,2019-08-01T03:07:02Z,671f9d77c767acb9f9d791833688903089ee1152c5884dd3dc1279ae,60.16531,24.9442,00000000fdda10fe,9.12
210,2019-08-01T03:07:02Z,701ebe2f0c93e3d2d5f4c1b9f737199afb3f37f9b49809649903d665,60.16762,24.95415,000000006b44cce7,7.05
211,2019-08-01T03:07:02Z,8a5b86e7c92763e85cfccd5f634e052384b64318c1286a4f8074c94f,60.16762,24.95415,000000006b44cce7,5.41
212,2019-08-01T03:07:02Z,91e19604d5ebd595b79e17383e16b9e021a53c14de7205cc3a6de83b,60.16629,24.95957,00000000fb7600be,14.89
213,2019-08-01T03:07:02Z,9b132248def97a8f7178a3d898cbd8655ab0afe50af144e1aefcaf2a,60.17918,24.95141,00000000675d5200,12.69
214,2019-08-01T03:07:02Z,a863f3e32586fa25f27244c248739d2151c6874f4a50c364d696181e,60.14947,24.91438,000000004ef3150d,9.92
215,2019-08-01T03:07:02Z,a86c102f289409f6efef56c9b116b4ad52d8e2d7b7ab23a6df2a0675,60.16762,24.95415,000000006b44cce7,16.1
216,2019-08-01T03:07:02Z,a8c7d85d397619b4a91c2655e8e50b1cfcbf2771d71b62b4681a20c8,60.16448,24.97323,0000000053c6c2be,27.28
217,2019-08-01T03:07:02Z,b5f68fd44d1473ba619867c782faea18f5a28e5989a2b443664ef148,60.16762,24.95415,000000006b44cce7,1.12
218,2019-08-01T03:07:02Z,c0a0ca3433586ed2ae0e448f2406fabac7292ac79d49562e0bd5cef8,60.16762,24.95415,000000006b44cce7,20.28
219,2019-08-01T03:07:02Z,c2bec38bf7b02f449bd7af19d275f80f0431d73def4eff38430d101d,60.16629,24.95957,00000000fb7600be,18.79
220,2019-08-01T03:07:02Z,c4cb5385bba8d1eb95c54045d4f2ca92af55d4e2bd61d588e3b76b0f,60.16762,24.95415,000000006b44cce7,23.56
221,2019-08-01T03:07:02Z,dfb6ba0eef8ef92f1fa653e8289b9cfe0ac89016ed2b4fb48839a0ac,60.16629,24.95957,00000000fb7600be,12.69
222,2019-08-01T03:07:02Z,f06a621085463449136b8563b99d2bdd499e41452d349d6a7087c1c8,60.14947,24.91438,000000004ef3150d,5.91
223,2019-08-01T03:07:02Z,f7adfec0f2afb4311798f5b8f7bbd5abbf68d0b2795e24c9ea584fbf,60.16762,24.95415,000000006b44cce7,10.78
224,2019-08-01T03:07:02Z,f8dea18b780a84dc5c0b202ef3ba8e492aa85a76ce9784b1d3194334,60.16531,24.9442,00000000fdda10fe,27.28
225,2019-08-01T03:07:02Z,fd30b66734217247a078a83bb94e278ba8e0c8a1245efbf00b1d778c,60.16762,24.95415,000000006b44cce7,4.94
226,2019-08-01T03:07:03Z,144afc51fc2443c7031a2912566eff2ce60226a49d6d2bd7c2923700,60.16544,24.95398,0000000038d83d41,25.36
227,2019-08-01T03:07:03Z,14c7e1511b70f4dd3359cbece1377aebb4d70531f5489eefe53d7c3c,60.16544,24.95398,0000000038d83d41,27.28
228,2019-08-01T03:07:03Z,2dd6ca2c889266702d554569764346cf583b74b0890b10e00ecd4f82,60.16544,24.95398,0000000038d83d41,18.79
229,2019-08-01T03:07:03Z,2fc7f6b10eaa01105ed32b786eca9a15ea3ad441b9ab95eb360cf57c,60.17002,24.94407,000000006b087f40,23.56
230,2019-08-01T03:07:03Z,351f44e773650f6c4a68cd25c338d2bf5d9a1b20942961befe3b3f11,60.16448,24.97323,0000000053c6c2be,13.75
231,2019-08-01T03:07:03Z,384b4d96a26aae32d2af0c0f637cb59cc8470a36445623930229d524,60.16897,24.95222,00000000aa852af1,36.27
232,2019-08-01T03:07:03Z,427140db094a88d1033f8ee0e16865b0ca63c0d06e0aacf4d81cd1ea,60.17002,24.94407,000000006b087f40,23.56
233,2019-08-01T03:07:03Z,43b676ed3aef4c2d8846694817e76117873be52e7f788e0cb366c1c4,60.16629,24.95957,00000000fb7600be,21.87
234,2019-08-01T03:07:03Z,4abec48b53c4d82dc781a50af0676249c9d08be31b608a3f378109a6,60.1538,24.95595,0000000038bf9618,25.36
235,2019-08-01T03:07:03Z,4c5f18f9840338be4b03b398b0729b86a73a469d2e351ffb16a285ba,60.16897,24.95222,00000000aa852af1,25.36
236,2019-08-01T03:07:03Z,5d65719c4cbf045f068d084b72302f447d5fd034413d97d13be00d0e,60.18203,24.91341,00000000342570c2,17.4
237,2019-08-01T03:07:03Z,6a657079c1bdc8114c289be1ddd83e5846d4279a920d1697b8ff0033,60.18203,24.91341,00000000342570c2,21.87
238,2019-08-01T03:07:03Z,6d22b751ff5173035dc85c52c3dff0780126adae67fe33dc62dd45ef,60.16531,24.9442,00000000fdda10fe,29.32
239,2019-08-01T03:07:03Z,6ff437688c444238352c28f64f9d2a7d0f14d19c9ea42c225380501e,60.16762,24.95415,000000006b44cce7,23.56
240,2019-08-01T03:07:03Z,747f2d1ebff218c0ebbdc0fdaef4cbe56633dfb46ae1b1f8c8142201,60.16762,24.95415,000000006b44cce7,10.78
241,2019-08-01T03:07:03Z,7d0fd2fd8adcdcfaf339b328e652c17c58f2c98e7b79448720a37dda,60.16897,24.95222,00000000aa852af1,23.56
242,2019-08-01T03:07:03Z,84fdfd8881f633c5f0c71c1480053953ca4b05e848052d97c063ad38,60.1538,24.95595,0000000038bf9618,36.27
243,2019-08-01T03:07:03Z,87dfaad29a9276ddddb1fa021d3bc23ad14824c1af16f7d87e713689,60.14951,24.92138,0000000006dd41f6,9.92
244,2019-08-01T03:07:03Z,8b0535dd90c15c8fd1b256e7a48369741b0fe9d58f8f05f6e46134b7,60.16544,24.95398,0000000038d83d41,31.5
245,2019-08-01T03:07:03Z,8c75c3289c84fe4493e1e272a77b615fe1985880c5dc68a7c1a17b53,60.16762,24.95415,000000006b44cce7,10.78
246,2019-08-01T03:07:03Z,8cc6ddaa460aeae8cc9e8a33f91a01c8cd4c0c8bf8a943210a28c84d,60.1538,24.95595,0000000038bf9618,13.75
247,2019-08-01T03:07:03Z,8ffeb52bff155eab19ca329d16be495cd44a08aa7f79b94db079caf9,60.15432,24.9211,0000000019fb59c4,25.36
248,2019-08-01T03:07:03Z,9843c6216661048343a0e49cf3d8aa2883cf77f452666a1c873a1052,60.16448,24.97323,0000000053c6c2be,21.87
249,2019-08-01T03:07:03Z,9d5da91dad893b62eea6f22a7092dd0552c6d3bf33f4c6110326b208,60.16897,24.95222,00000000aa852af1,29.32
250,2019-08-01T03:07:03Z,a08cae03363d2e483a6ea717973088f4bd4276de96a9d438a7358ff4,60.16897,24.95222,00000000aa852af1,25.36
251,2019-08-01T03:07:03Z,a7bf60f4cfe8359d12d5bb7d69ea9850630a9c969a346f04a0ce1968,60.15432,24.9211,0000000019fb59c4,25.36
252,2019-08-01T03:07:03Z,a91d379a4b57c5df22db0d7a041ff69f657b4b31f28554b1011fc03c,60.16544,24.95398,0000000038d83d41,27.28
253,2019-08-01T03:07:03Z,b1f358076ba79ef902a36ca8ae3f8ec7c93308a67c479345bfdbdecf,60.1538,24.95595,0000000038bf9618,33.81
254,2019-08-01T03:07:03Z,b5fd6b317890e5ab2d79e2cd1abe61626d45a753c7337d0d40728898,60.16762,24.95415,000000006b44cce7,13.75
255,2019-08-01T03:07:03Z,ba42c72ea7c2663b3ea5044faf12173ab18e523dc35de0e24bf374ac,60.16544,24.95398,0000000038d83d41,25.36
256,2019-08-01T03:07:03Z,c0a7cfe8e60ca911df0f05dbf967a476a449241ce3f3eaf079babde9,60.15432,24.9211,0000000019fb59c4,23.56
257,2019-08-01T03:07:03Z,ce783d3c1b06378e5c39c25687746a6f88fbb0ff2b36e3405fb61cf8,60.16762,24.95415,000000006b44cce7,16.1
258,2019-08-01T03:07:03Z,cf05623e4d87ce0906c0b0b7dbf53aacc1228016cd27c341228b6e76,60.18203,24.91341,00000000342570c2,20.28
259,2019-08-01T03:07:03Z,dd2c9c82cf3737146294aff6f814a1349fb0bc4bedf518715dacbe8f,60.18203,24.91341,00000000342570c2,18.79
260,2019-08-01T03:07:03Z,ec72ef080c605e71978aed0d3b5f22c3c3133677a43c614b72eedc6d,60.14699,24.922,00000000a53ed894,21.87
261,2019-08-01T03:07:03Z,ed70dda6b7faebd4340dacdb452ab224d9d3c308df417b7fa76f54e8,60.14951,24.92138,0000000006dd41f6,20.28
262,2019-08-01T03:07:03Z,efd1806e1eee5eca948bc2537df8d816e2cce41009b41189c350ce74,60.16531,24.9442,00000000fdda10fe,25.36
263,2019-08-01T03:07:03Z,f088630d7476dae7d4b7e2bb1f10575f2c89acb4b6e061f3d57c2b40,60.16531,24.9442,00000000fdda10fe,25.36
264,2019-08-01T03:07:03Z,f6609ab1076b1105bb845595a03b41b8fbb282f79c337df5bbc9f841,60.16629,24.95957,00000000fb7600be,18.79
265,2019-08-01T03:07:03Z,f99c5dd8cc08bd2353083d875ce8bc585fb2c2ff8427b90d92f571de,60.1538,24.95595,0000000038bf9618,23.56
266,2019-08-01T03:07:03Z,fc4f3a44235f1cfc7b53f14ba2da599976a5a0a220d23b852688e485,60.17919,24.95181,000000007b5207b6,17.4
267,2019-08-01T03:07:03Z,ff4d1beaeacf3d68f542a38ef5a9b9d4add8f53e51abf6b66158fa61,60.14947,24.91438,000000004ef3150d,4.5
268,2019-08-01T03:07:03Z,093ea1307c4d3a2a606a01c7e4344d4de460cbfcbfa4ae52e4c3728b,60.17918,24.95141,00000000675d5200,31.5
269,2019-08-01T03:07:03Z,0d000b362b5f312268dc14ba95665d14368044697491fc124fb4d529,60.14947,24.91438,000000004ef3150d,16.1
270,2019-08-01T03:07:03Z,1ecbc7c6afe89033252e5510cbb893666af2b3bc29f555a3a6287fdb,60.14951,24.92138,0000000006dd41f6,3.4
271,2019-08-01T03:07:03Z,1efe00f771681ebea5054284d2fc6b34cbe5697f814168a340ac9130,60.16531,24.9442,00000000fdda10fe,12.69
272,2019-08-01T03:07:03Z,269a536fb58ffe1c2b8f2e782208c4707cb26a286bf44dc52cb1ffb0,60.16531,24.9442,00000000fdda10fe,12.69
273,2019-08-01T03:07:03Z,2ab97eb72424d3a245ddd77691854f564f939b5bacf84648d4211da2,60.16762,24.95415,000000006b44cce7,18.79
274,2019-08-01T03:07:03Z,30794b116f4b8e6e4b715d39e786c2baeb1a11bd22b93ad80c52af44,60.16762,24.95415,000000006b44cce7,18.79
275,2019-08-01T03:07:03Z,3830e5a40e476a37dd1814ed155b220ccdce44119e1f82891e5ab88a,60.17918,24.95141,00000000675d5200,36.27
276,2019-08-01T03:07:03Z,3f345ebe02480f89bc9c0c18a43e489a07d230036ca59accfa8c3671,60.15432,24.9211,0000000019fb59c4,23.56
277,2019-08-01T03:07:03Z,42844e90c7134ebb3ec325f57cd27cd24711c779548ebc8692a820d5,60.14951,24.92138,0000000006dd41f6,3.09
278,2019-08-01T03:07:03Z,43e2ef49a0757d3f504445fef0375bf1fadf3cae92831f7827754055,60.16531,24.9442,00000000fdda10fe,18.79
279,2019-08-01T03:07:03Z,523fb5353f401f6a25b4381a053869abb5bb6ccb6ec856583e84fbed,60.17002,24.94407,000000006b087f40,21.87
280,2019-08-01T03:07:03Z,671f9d77c767acb9f9d791833688903089ee1152c5884dd3dc1279ae,60.16531,24.9442,00000000fdda10fe,9.12
281,2019-08-01T03:07:03Z,701ebe2f0c93e3d2d5f4c1b9f737199afb3f37f9b49809649903d665,60.16762,24.95415,000000006b44cce7,8.38
282,2019-08-01T03:07:03Z,76729ffbbe23cad4bb74e9a1ca39bb62a5e1a6a6d0a99317226c8f1d,60.16531,24.9442,00000000fdda10fe,41.64
283,2019-08-01T03:07:03Z,8a5b86e7c92763e85cfccd5f634e052384b64318c1286a4f8074c94f,60.16762,24.95415,000000006b44cce7,5.41
284,2019-08-01T03:07:03Z,91e19604d5ebd595b79e17383e16b9e021a53c14de7205cc3a6de83b,60.16629,24.95957,00000000fb7600be,14.89
285,2019-08-01T03:07:03Z,99a026b5100e23129fa529e9a57a3dbc8490dc03b58f2193f03e2dcf,60.14951,24.92138,0000000006dd41f6,5.41
286,2019-08-01T03:07:03Z,9b132248def97a8f7178a3d898cbd8655ab0afe50af144e1aefcaf2a,60.17918,24.95141,00000000675d5200,12.69
287,2019-08-01T03:07:03Z,a863f3e32586fa25f27244c248739d2151c6874f4a50c364d696181e,60.14947,24.91438,000000004ef3150d,20.28
288,2019-08-01T03:07:03Z,a86c102f289409f6efef56c9b116b4ad52d8e2d7b7ab23a6df2a0675,60.16762,24.95415,000000006b44cce7,7.05
289,2019-08-01T03:07:03Z,a8c7d85d397619b4a91c2655e8e50b1cfcbf2771d71b62b4681a20c8,60.16448,24.97323,0000000053c6c2be,25.36
290,2019-08-01T03:07:03Z,b51a3bf3cfec3880394690969d30bee78a7f49db9fe30dd8608267b1,60.17002,24.94407,000000006b087f40,27.28
291,2019-08-01T03:07:03Z,b5f68fd44d1473ba619867c782faea18f5a28e5989a2b443664ef148,60.16762,24.95415,000000006b44cce7,1.54
292,2019-08-01T03:07:03Z,c2bec38bf7b02f449bd7af19d275f80f0431d73def4eff38430d101d,60.16629,24.95957,00000000fb7600be,17.4
293,2019-08-01T03:07:03Z,dfb6ba0eef8ef92f1fa653e8289b9cfe0ac89016ed2b4fb48839a0ac,60.16629,24.95957,00000000fb7600be,13.75
294,2019-08-01T03:07:03Z,f06a621085463449136b8563b99d2bdd499e41452d349d6a7087c1c8,60.14947,24.91438,000000004ef3150d,6.46
295,2019-08-01T03:07:03Z,f7adfec0f2afb4311798f5b8f7bbd5abbf68d0b2795e24c9ea584fbf,60.16762,24.95415,000000006b44cce7,10.78
296,2019-08-01T03:07:03Z,fd30b66734217247a078a83bb94e278ba8e0c8a1245efbf00b1d778c,60.16762,24.95415,000000006b44cce7,5.41
297,2019-08-01T03:07:04Z,03e0fc996a589ccdf1871b3c78e089c08c93ba1f2a02d740fb384aac,60.16531,24.9442,00000000fdda10fe,29.32
298,2019-08-01T03:07:04Z,144afc51fc2443c7031a2912566eff2ce60226a49d6d2bd7c2923700,60.16544,24.95398,0000000038d83d41,36.27
299,2019-08-01T03:07:04Z,14c7e1511b70f4dd3359cbece1377aebb4d70531f5489eefe53d7c3c,60.16544,24.95398,0000000038d83d41,21.87
300,2019-08-01T03:07:04Z,165ebbb4090d47319ae370f0d0854fdc1f6b79499f8b2e4d3c3533c0,60.16544,24.95398,0000000038d83d41,25.36
301,2019-08-01T03:07:04Z,17b28910b6cbc057680693633275c4ca53938281bc38178f96c44947,60.17002,24.94407,000000006b087f40,36.27
302,2019-08-01T03:07:04Z,26a7f422e4d26aeb0cb519e9d16d5e57537056caa23982d5aae127fb,60.16762,24.95415,000000006b44cce7,18.79
303,2019-08-01T03:07:04Z,2fc7f6b10eaa01105ed32b786eca9a15ea3ad441b9ab95eb360cf57c,60.17002,24.94407,000000006b087f40,20.28
304,2019-08-01T03:07:04Z,351f44e773650f6c4a68cd25c338d2bf5d9a1b20942961befe3b3f11,60.16448,24.97323,0000000053c6c2be,17.4
305,2019-08-01T03:07:04Z,384b4d96a26aae32d2af0c0f637cb59cc8470a36445623930229d524,60.16897,24.95222,00000000aa852af1,29.32
306,2019-08-01T03:07:04Z,427140db094a88d1033f8ee0e16865b0ca63c0d06e0aacf4d81cd1ea,60.17002,24.94407,000000006b087f40,23.56
307,2019-08-01T03:07:04Z,43b676ed3aef4c2d8846694817e76117873be52e7f788e0cb366c1c4,60.16629,24.95957,00000000fb7600be,21.87
308,2019-08-01T03:07:04Z,4abec48b53c4d82dc781a50af0676249c9d08be31b608a3f378109a6,60.1538,24.95595,0000000038bf9618,31.5
309,2019-08-01T03:07:04Z,5d65719c4cbf045f068d084b72302f447d5fd034413d97d13be00d0e,60.18203,24.91341,00000000342570c2,18.79
310,2019-08-01T03:07:04Z,5eed115a984d490b02b602d73787aee8dc8c4e9365b77fbff3818a76,60.16629,24.95957,00000000fb7600be,33.81
311,2019-08-01T03:07:04Z,6a657079c1bdc8114c289be1ddd83e5846d4279a920d1697b8ff0033,60.18203,24.91341,00000000342570c2,21.87
312,2019-08-01T03:07:04Z,6d22b751ff5173035dc85c52c3dff0780126adae67fe33dc62dd45ef,60.16531,24.9442,00000000fdda10fe,18.79
313,2019-08-01T03:07:04Z,6f06341f358e61699fe1e55e986dd0554bc8da28b91daf0c5ad99db6,60.16629,24.95957,00000000fb7600be,25.36
314,2019-08-01T03:07:04Z,6ff437688c444238352c28f64f9d2a7d0f14d19c9ea42c225380501e,60.16762,24.95415,000000006b44cce7,20.28
315,2019-08-01T03:07:04Z,79f136afa0dd8717337c01c70b457c464aaf0fa25b440f51a394ec23,60.16762,24.95415,000000006b44cce7,23.56
316,2019-08-01T03:07:04Z,7d0fd2fd8adcdcfaf339b328e652c17c58f2c98e7b79448720a37dda,60.16897,24.95222,00000000aa852af1,27.28
317,2019-08-01T03:07:04Z,7e0d3e70e42ae3b88d2440369011c2e531e9bb6a530a855127b4d2dc,60.16762,24.95415,000000006b44cce7,29.32
318,2019-08-01T03:07:04Z,84fdfd8881f633c5f0c71c1480053953ca4b05e848052d97c063ad38,60.1538,24.95595,0000000038bf9618,29.32
319,2019-08-01T03:07:04Z,87dfaad29a9276ddddb1fa021d3bc23ad14824c1af16f7d87e713689,60.14951,24.92138,0000000006dd41f6,9.12
320,2019-08-01T03:07:04Z,8c75c3289c84fe4493e1e272a77b615fe1985880c5dc68a7c1a17b53,60.16762,24.95415,000000006b44cce7,10.78
321,2019-08-01T03:07:04Z,8cc6ddaa460aeae8cc9e8a33f91a01c8cd4c0c8bf8a943210a28c84d,60.1538,24.95595,0000000038bf9618,17.4
322,2019-08-01T03:07:04Z,8ffeb52bff155eab19ca329d16be495cd44a08aa7f79b94db079caf9,60.15432,24.9211,0000000019fb59c4,25.36
323,2019-08-01T03:07:04Z,9843c6216661048343a0e49cf3d8aa2883cf77f452666a1c873a1052,60.16448,24.97323,0000000053c6c2be,23.56
324,2019-08-01T03:07:04Z,9d5da91dad893b62eea6f22a7092dd0552c6d3bf33f4c6110326b208,60.16897,24.95222,00000000aa852af1,33.81
325,2019-08-01T03:07:04Z,a08cae03363d2e483a6ea717973088f4bd4276de96a9d438a7358ff4,60.16897,24.95222,00000000aa852af1,25.36
326,2019-08-01T03:07:04Z,a7bf60f4cfe8359d12d5bb7d69ea9850630a9c969a346f04a0ce1968,60.15432,24.9211,0000000019fb59c4,33.81
