,time,hash,latitude,longitude,serial,distance
0,2019-08-01T10:15:00Z,0250c1a3fec2af7100dee6c66d2e9464a99fe468aacb4d1e82bc917a,60.149,24.9843,00000000fffb8cf0,29.32
1,2019-08-01T10:15:00Z,0fff89885f08417f20aadfdbf62a372277e9085bcd024374b772ecac,60.16531,24.9442,00000000fdda10fe,20.28
2,2019-08-01T10:15:00Z,144afc51fc2443c7031a2912566eff2ce60226a49d6d2bd7c2923700,60.16544,24.95398,0000000038d83d41,16.1
3,2019-08-01T10:15:00Z,14c7e1511b70f4dd3359cbece1377aebb4d70531f5489eefe53d7c3c,60.16544,24.95398,0000000038d83d41,25.36
4,2019-08-01T10:15:00Z,15918569de0a46a8eb56b43d8d39f7fc82619ff1006f00822c85745c,60.17918,24.95141,00000000675d5200,2.08
5,2019-08-01T10:15:00Z,165ebbb4090d47319ae370f0d0854fdc1f6b79499f8b2e4d3c3533c0,60.16544,24.95398,0000000038d83d41,18.79
6,2019-08-01T10:15:00Z,24d2f2ddd119efcb13abb0ab2cb53850e9788b6713967ccca4d6e071,60.16897,24.95222,00000000aa852af1,29.32
7,2019-08-01T10:15:00Z,2a93b61a3863ace54349d7a0937e4134fcc6d4dfcf064eefae2b7cf8,60.15432,24.9211,0000000019fb59c4,16.1
8,2019-08-01T10:15:00Z,2dd6ca2c889266702d554569764346cf583b74b0890b10e00ecd4f82,60.16544,24.95398,0000000038d83d41,23.56
9,2019-08-01T10:15:00Z,313a20fa9735c6f755609c917cee8331f04f5596e9800e0068df7415,60.16531,24.9442,00000000fdda10fe,25.36
10,2019-08-01T10:15:00Z,319cc1d5bc5e13c13c0feb12cee9a0b55b676d665a4f2a4bd11c7f78,60.15432,24.9211,0000000019fb59c4,23.56
11,2019-08-01T10:15:00Z,4c90d667a8bf7ea1281fcb14f35adcd1497fb1ba95366b82b4b1d737,60.16629,24.95957,00000000fb7600be,17.4
12,2019-08-01T10:15:00Z,541cdde5332ed33dd6e2f47bc3091d8251b2992ea15305b741d7fa7c,60.16531,24.9442,00000000fdda10fe,29.32
13,2019-08-01T10:15:00Z,5bbb5184fded3e51bc78e45e39917794285e6bbc72da404802a9599a,60.16531,24.9442,00000000fdda10fe,38.87
14,2019-08-01T10:15:00Z,5d65719c4cbf045f068d084b72302f447d5fd034413d97d13be00d0e,60.18203,24.91341,00000000342570c2,21.87
15,2019-08-01T10:15:00Z,638ecdeed5166b16f6426066a3befb4c748ba0c38acc4d7891e8b2b3,60.16897,24.95222,00000000aa852af1,12.69
16,2019-08-01T10:15:00Z,69d606269c3a7ef86e675cb72a3b43a33558bf6187bd7a2c368be29e,60.17065,24.93641,000000000f4919c9,31.5
17,2019-08-01T10:15:00Z,6d22b751ff5173035dc85c52c3dff0780126adae67fe33dc62dd45ef,60.16531,24.9442,00000000fdda10fe,21.87
18,2019-08-01T10:15:00Z,6f06341f358e61699fe1e55e986dd0554bc8da28b91daf0c5ad99db6,60.16629,24.95957,00000000fb7600be,21.87
19,2019-08-01T10:15:00Z,76c7f42283513d0e289bf786d89463b5025b2ae0f4e13519a4cf228b,60.15432,24.9211,0000000019fb59c4,11.7
20,2019-08-01T10:15:00Z,87dfaad29a9276ddddb1fa021d3bc23ad14824c1af16f7d87e713689,60.14951,24.92138,0000000006dd41f6,10.78
21,2019-08-01T10:15:00Z,89490ac8a23098f623c51e1828d8d9e4d40d77956f45a98a65e7eed0,60.17919,24.95181,000000007b5207b6,13.75
22,2019-08-01T10:15:00Z,8c75c3289c84fe4493e1e272a77b615fe1985880c5dc68a7c1a17b53,60.16762,24.95415,000000006b44cce7,10.78
23,2019-08-01T10:15:00Z,8cc6ddaa460aeae8cc9e8a33f91a01c8cd4c0c8bf8a943210a28c84d,60.1538,24.95595,0000000038bf9618,23.56
24,2019-08-01T10:15:00Z,90778cdb407c97aacbb3fd01f29f2680b24f7e8b2365e56cf8d9b4c4,60.16531,24.9442,00000000fdda10fe,29.32
25,2019-08-01T10:15:00Z,9500bab795f51bdd64c3f0f2cd00ad5aa6d9b93195c29484e6e5f92a,60.16762,24.95415,000000006b44cce7,17.4
26,2019-08-01T10:15:00Z,9843c6216661048343a0e49cf3d8aa2883cf77f452666a1c873a1052,60.16448,24.97323,0000000053c6c2be,17.4
27,2019-08-01T10:15:00Z,9b2141d7917783debc9730d04b1420ac2c13d935b6440f61a592fcd9,60.16829,24.94214,00000000afef4555,8.38
28,2019-08-01T10:15:00Z,9d03d14afa49576281aa26db60e517f7c1ec8aa36f7756959a860a8a,60.16629,24.95957,00000000fb7600be,13.75
29,2019-08-01T10:15:00Z,a794b5cd3dff23bb2fe621fa0fa64a9ad4be2ab820bff2b483489903,60.16897,24.95222,00000000aa852af1,23.56
30,2019-08-01T10:15:00Z,a9da1ee82e3b670e276c26b483dd50f4a6d0c6f77ef82245d3ae6086,60.18203,24.91341,00000000342570c2,18.79
31,2019-08-01T10:15:00Z,ab0f67c0c0e1ba5eac9013f9c314feadf340ddf08543b91e70483594,60.16544,24.95398,0000000038d83d41,29.32
32,2019-08-01T10:15:00Z,b9577b71a0e2bb7b4e3f13bca8c0605ade99a5b90bd0e11f0825918c,60.1538,24.95595,0000000038bf9618,11.7
33,2019-08-01T10:15:00Z,ba42c72ea7c2663b3ea5044faf12173ab18e523dc35de0e24bf374ac,60.16544,24.95398,0000000038d83d41,17.4
34,2019-08-01T10:15:00Z,c40c37def6bf11a63a2556519a7c6233fd417cdeea2cf14f28e7c42c,60.16531,24.9442,00000000fdda10fe,16.1
35,2019-08-01T10:15:00Z,cf05623e4d87ce0906c0b0b7dbf53aacc1228016cd27c341228b6e76,60.18203,24.91341,00000000342570c2,20.28
36,2019-08-01T10:15:00Z,dd2c9c82cf3737146294aff6f814a1349fb0bc4bedf518715dacbe8f,60.18203,24.91341,00000000342570c2,16.1
37,2019-08-01T10:15:00Z,e8ff983d3c674983a469ebc3e93ba2a1ef2357251f29880f2894fcf1,60.1538,24.95595,0000000038bf9618,23.56
38,2019-08-01T10:15:00Z,fc4f3a44235f1cfc7b53f14ba2da599976a5a0a220d23b852688e485,60.17918,24.95141,00000000675d5200,21.87
39,2019-08-01T10:15:00Z,01052be4243f5b7bd4eb2c51056a76fff0ddaa9cd1df92493deb19ca,60.16762,24.95415,000000006b44cce7,3.74
40,2019-08-01T10:15:00Z,01a20056f9847334ae659f30c427270c088d4a85119f55976b5517fc,60.16762,24.95415,000000006b44cce7,2.8
41,2019-08-01T10:15:00Z,023a11f197b0fa666fb3ef708d0099e24d7896db0aec2a09fc8a9d85,60.16762,24.95415,000000006b44cce7,16.1
42,2019-08-01T10:15:00Z,041360e375b7fa3876c4225b8d6e0c14cc834021c9a3123171623846,60.16531,24.9442,00000000fdda10fe,2.8
43,2019-08-01T10:15:00Z,04236c1f703c4fcb1f806133b743262adf95359dddc1262d2ee8da09,60.16897,24.95222,00000000aa852af1,29.32
44,2019-08-01T10:15:00Z,0456381160263b541195e7f56307837d993cbb9ddac27888bfd8823f,60.16448,24.97323,0000000053c6c2be,7.69
45,2019-08-01T10:15:00Z,051c2979cf4f4fd78eac284d8533b596920a7404b59549e4aad059ee,60.149,24.9843,00000000fffb8cf0,16.1
46,2019-08-01T10:15:00Z,05ee05bb515b5167c875aa6b6350974fbd8fb14247ddf4815929309c,60.17918,24.95141,00000000675d5200,20.28
47,2019-08-01T10:15:00Z,094393ff2ed4b22f3d82306705a769ab4e4cfcb5f09b9800430ebd31,60.16829,24.94214,00000000afef4555,9.12
48,2019-08-01T10:15:00Z,098fdba6e368591782a5629eed28f50a16feb935ec7654b30805ddb5,60.16629,24.95957,00000000fb7600be,18.79
49,2019-08-01T10:15:00Z,09a339cc03ea9fa1f8794a70ab999e7f86cdf6a87b4b28a2beb7020d,60.16448,24.97323,0000000053c6c2be,18.79
50,2019-08-01T10:15:00Z,0a26f0db162dbe5ad337ac71ea8ea606bdaa45c923b0da5ad5700a1a,60.16531,24.9442,00000000fdda10fe,10.78
51,2019-08-01T10:15:00Z,0ac5f6e0f0770dab14fde470401d8f5cf59f77995b7ece1d19f7e2db,60.16829,24.94214,00000000afef4555,23.56
52,2019-08-01T10:15:00Z,0ad7f3de75d718b5ddad3ef8ca42c9e026ca71cadd6bc4f9ce57fba5,60.17918,24.95141,00000000675d5200,4.11
53,2019-08-01T10:15:00Z,0b0f540daed41e89029e2e1bd88566a464c21e320d81ff011c170535,60.14947,24.91438,000000004ef3150d,6.46
54,2019-08-01T10:15:00Z,0c5a863d3d4e7dd81579f0826b110d08b0b3e1f3191e1a85186c6128,60.16897,24.95222,00000000aa852af1,7.69
55,2019-08-01T10:15:00Z,0c9e5cd27bbbe00242d700ea955cd03ba3e062f0505f68bd495cc5fd,60.16829,24.94214,00000000afef4555,21.87
56,2019-08-01T10:15:00Z,0db91769513cca773c8e88fbbea2e177bbc17fafe6fb40e3baab3b4b,60.16897,24.95222,00000000aa852af1,9.92
57,2019-08-01T10:15:00Z,0e2b597f9ca7862ec3fa9dd43fdd901570b1ac2cc93fdb7b2725ef8b,60.16762,24.95415,000000006b44cce7,10.78
58,2019-08-01T10:15:00Z,0edeed7a2690bc05b7dd26cf4be9e2594e001fd8f4c5f349b826fa27,60.16629,24.95957,00000000fb7600be,21.87
59,2019-08-01T10:15:00Z,0ffd80824e472322fe7a3bb4d18c305b1cc7948de80d9fedb5d02524,60.16829,24.94214,00000000afef4555,17.4
60,2019-08-01T10:15:00Z,100dc7638fce4fd70b547ff3f8c4ab39998033b93d2e5bde470ea8eb,60.17065,24.93641,000000000f4919c9,0.41
61,2019-08-01T10:15:00Z,103e2767a4074abcd82822c663db3c18807f5c63438331eabaabe239,60.18203,24.91341,00000000342570c2,18.79
62,2019-08-01T10:15:00Z,106603786427091f8f6ff2ca4ada83973ef370ae41d454d51e2eb945,60.17918,24.95141,00000000675d5200,13.75
63,2019-08-01T10:15:00Z,1080f90228609dbf8a965e7df4c753b2a8a57d36951b0dd83ea6922e,60.17919,24.95181,000000007b5207b6,11.7
64,2019-08-01T10:15:00Z,131656657c9492ecefef70c98b8d3c532eb478701f721eeaaf9c6bc0,60.16897,24.95222,00000000aa852af1,17.4
65,2019-08-01T10:15:00Z,13258fab2d3ebd83bdb5339b37ab1d5913c444b1735c0332f7721d72,60.149,24.9843,00000000fffb8cf0,23.56
66,2019-08-01T10:15:00Z,1352e46edd36a629d9db4a3607525eabfd5d0512bad64e82f49cc9e6,60.16829,24.94214,00000000afef4555,4.11
67,2019-08-01T10:15:00Z,14474da432737ee2f90d9e2a2aefdd39a7a3c327678ea1e5d8a7d90e,60.16629,24.95957,00000000fb7600be,16.1
68,2019-08-01T10:15:00Z,14d059a1e54b327d58bdf8eb2e6944051b185486304b7299aeef3385,60.149,24.9843,00000000fffb8cf0,25.36
69,2019-08-01T10:15:00Z,15d520b4f5b67472e2dedccac3c6cddc5e4fadd03c38e2a331da27b3,60.173,24.92524,0000000096918cfa,1.54
70,2019-08-01T10:15:00Z,1831f4fb260af30573b1c753b203d0d8ccf91dcd4051c96d765c3ac4,60.16762,24.95415,000000006b44cce7,11.7
71,2019-08-01T10:15:00Z,189149e5234f56273bea05e782b81fe1230a3ef8740f9fbd66b6babf,60.14947,24.91438,000000004ef3150d,12.69
72,2019-08-01T10:15:00Z,18f3fb012585f380251d8bc91539ecae8d33c7ed7f6575043cf61aad,60.149,24.9843,00000000fffb8cf0,6.46
73,2019-08-01T10:15:00Z,1acddfdc506d24f1cac2b454163915529d354c818b657af0e9513ee7,60.16629,24.95957,00000000fb7600be,18.79
74,2019-08-01T10:15:00Z,1b68310f54a1e702c3a3d67d807fb3a1e1685ed0eda360867c9c8c8b,60.16829,24.94214,00000000afef4555,10.78
75,2019-08-01T10:15:00Z,1b6834348fec3b551d5be14ec1b23bb5b8b03436374bd1c1adfdba2e,60.16829,24.94214,00000000afef4555,4.94
76,2019-08-01T10:15:00Z,1be12a4f71b98dc9509141bc1a766b833b6c15dc22303f7006afbe96,60.17065,24.93641,000000000f4919c9,31.5
77,2019-08-01T10:15:00Z,1c1aba00cd335cf66758bef72e87165a21fa71634125cd6088eff341,60.14947,24.91438,000000004ef3150d,13.75
78,2019-08-01T10:15:00Z,1ce076b3ff1470c272e44640ef83196c4370bac4700a746f829c1905,60.16531,24.9442,00000000fdda10fe,4.11
79,2019-08-01T10:15:00Z,1d0cbbacf479ee5b721fcd9233b4ad569c3e39f810e16074bc419b08,60.14947,24.91438,000000004ef3150d,7.69
80,2019-08-01T10:15:00Z,1dacfb371d75dd4f90f447aac2a00faad98beb4188a6971c19eb2375,60.16629,24.95957,00000000fb7600be,20.28
81,2019-08-01T10:15:00Z,1ecbc7c6afe89033252e5510cbb893666af2b3bc29f555a3a6287fdb,60.14951,24.92138,0000000006dd41f6,3.4
82,2019-08-01T10:15:00Z,1fe2f60949170294c54ef61054c6dc636579a0541a155597ae7f8f8d,60.16897,24.95222,00000000aa852af1,5.41
83,2019-08-01T10:15:00Z,1fe9154d00a089a987bd5cf1694ed9986fe7a9f419ceac8b046ab80a,60.16629,24.95957,00000000fb7600be,20.28
84,2019-08-01T10:15:00Z,203f16ce3b454c183efe3f1b88d0411085b2a793a28369ad3ecf092f,60.16897,24.95222,00000000aa852af1,29.32
85,2019-08-01T10:15:00Z,2143bcfb4740b23e440240188611b2fde58e61725e5805571514e4fd,60.16762,24.95415,000000006b44cce7,12.69
86,2019-08-01T10:15:00Z,233738a42a8d6e5fcff0494aee5f6d9b5593b9004af20b58926a6e9b,60.17065,24.93641,000000000f4919c9,29.32
87,2019-08-01T10:15:00Z,23d7b7f69fd2047dd1d1ceb1c3bb50750c8c7ba30bdcd922cb58fd43,60.15432,24.9211,0000000019fb59c4,9.92
88,2019-08-01T10:15:00Z,247c84e6093ad1006f44561e4c3a14c88ef1fadce3a944aba3b8c787,60.149,24.9843,00000000fffb8cf0,12.69
89,2019-08-01T10:15:00Z,256296c288eec5588fabfa526e4daa120afa11da61d49d9a12e2a7a1,60.16897,24.95222,00000000aa852af1,17.4
90,2019-08-01T10:15:00Z,261ca7e5e2b32371c575f8348ac4ae4beb5a6e129886f86d57b33046,60.16829,24.94214,00000000afef4555,21.87
91,2019-08-01T10:15:00Z,26b477838d0bde0d2f30342bf59dd467283320a76a28a6270f79279f,60.14699,24.922,00000000a53ed894,8.38
92,2019-08-01T10:15:00Z,270749ab8e1a83f0dcbf45dc861bcc0e10361d103d7589841787e366,60.16531,24.9442,00000000fdda10fe,21.87
93,2019-08-01T10:15:00Z,283eac072d09f457136128f6d1b212a3a50802730954a345e93b67a0,60.16531,24.9442,00000000fdda10fe,14.89
94,2019-08-01T10:15:00Z,2893c865b31a14ad05820814f0a389f76ec1fc736c1ef56cf290963a,60.16762,24.95415,000000006b44cce7,9.12
95,2019-08-01T10:15:00Z,293dd63585dbcc43d000503d740a3f1adaab864ae59f0f5ff80d445a,60.16762,24.95415,000000006b44cce7,7.69
96,2019-08-01T10:15:00Z,294c222a07cf500ce4476589179fc125f31eb30da42e12509a6888e6,60.17918,24.95141,00000000675d5200,7.05
97,2019-08-01T10:15:00Z,2c1f0c18231e147ff95d6fa5b4396910a8a3976e4014f1476311851c,60.16762,24.95415,000000006b44cce7,16.1
98,2019-08-01T10:15:00Z,2ec8d87c03fb4d76c76f196274630e4f0c9e4079e3b2dbacd74103e5,60.149,24.9843,00000000fffb8cf0,23.56
99,2019-08-01T10:15:00Z,30a9c1bea5159760108b8d17c10fc7a1322bdc3c2e1369e58324413e,60.16075,24.95883,00000000f1124bca,21.87
100,2019-08-01T10:15:00Z,31e9af2d9c9b5d6dc915856b7ae0482f1cb2f9f656bdc1152d9db179,60.14947,24.91438,000000004ef3150d,33.81
101,2019-08-01T10:15:00Z,32b5f4f3d7ce84de93e09a1df65cb13f04cf39ab26db3cc2f898b81a,60.16531,24.9442,00000000fdda10fe,18.79
102,2019-08-01T10:15:00Z,331f9ba50b80f48a1690438233dd8b34fe8bb42f85ed3453fe9fd2f0,60.16762,24.95415,000000006b44cce7,14.89
103,2019-08-01T10:15:00Z,3685ee6d322dcb2ad0ae181f66c3c5427d4531d7896d2f5f7571bb6d,60.16762,24.95415,000000006b44cce7,4.5
104,2019-08-01T10:15:00Z,37a335cf7b16bc4a3ba71a961d66fa1474f1419e9faecdb54aa12746,60.16762,24.95415,000000006b44cce7,18.79
105,2019-08-01T10:15:00Z,3a0135edac56e83f803f68c53adae2fba1d4c72028832da00d214905,60.16762,24.95415,000000006b44cce7,10.78
106,2019-08-01T10:15:00Z,3a0cf91dfd49d6873e9d301ece203baadd79374ccb97bca0bed1bc65,60.17002,24.94407,000000006b087f40,14.89
107,2019-08-01T10:15:00Z,3a96d04bc060f7f287e30097191926bbaa428aecb25cb51dfe6ebba4,60.149,24.9843,00000000fffb8cf0,18.79
108,2019-08-01T10:15:00Z,3b7933097c4b4f12571a9cadbc0636b1a580deaeef0ae5590f89f5f8,60.16531,24.9442,00000000fdda10fe,17.4
109,2019-08-01T10:15:00Z,3cbee5ba59cd469cb77bde4be8eeb80a2a9bb2c6288054691c27b393,60.14951,24.92138,0000000006dd41f6,14.89
110,2019-08-01T10:15:00Z,3e15caa7de00fa20af5e364874934f6cde4e4dff8fe038b37df5c58c,60.16544,24.95398,0000000038d83d41,13.75
111,2019-08-01T10:15:00Z,41ef5959187a979a8da7c7d92c77e7da1e6a8a916f23cedb8d236b45,60.17065,24.93641,000000000f4919c9,29.32
112,2019-08-01T10:15:00Z,421913c64beb3cca16def73f2b2d5fce045407e008705ac98c35d6e6,60.16829,24.94214,00000000afef4555,23.56
113,2019-08-01T10:15:00Z,42844e90c7134ebb3ec325f57cd27cd24711c779548ebc8692a820d5,60.14951,24.92138,0000000006dd41f6,3.74
114,2019-08-01T10:15:00Z,431114b9cd5b1558630f105c34474a74c98e5e050aa9c2abb1d877b7,60.16762,24.95415,000000006b44cce7,17.4
115,2019-08-01T10:15:00Z,438f04d1d5e8aafe6335911de1069306cba7cf63385fc7aaf4853a95,60.173,24.92524,0000000096918cfa,41.64
116,2019-08-01T10:15:00Z,478830e26b1b9314c3f35b4ca62aba9828872733abbc7f32b78daac3,60.16531,24.9442,00000000fdda10fe,33.81
117,2019-08-01T10:15:00Z,47e99f52fa4a3a2727b4e1295aec0aaf21d546bdc55ed9e0a18ec8dc,60.149,24.9843,00000000fffb8cf0,27.28
118,2019-08-01T10:15:00Z,4818b6c6653364bf84df4ad134c466bf38f38eac5a197fbbe7f97aa2,60.16762,24.95415,000000006b44cce7,5.41
119,2019-08-01T10:15:00Z,482655d6f1417b452dd255b9dce76731ee7da0a7e8f2cada9d1fdc2b,60.16829,24.94214,00000000afef4555,20.28
120,2019-08-01T10:15:00Z,4996482e135841194edbb57564453c5bfb42431b1dc6b988011bd4aa,60.16629,24.95957,00000000fb7600be,23.56
121,2019-08-01T10:15:00Z,49d11468c9d00aa252dca547e7a7bf245a3e017c070bcd42074bd0ec,60.14947,24.91438,000000004ef3150d,5.41
122,2019-08-01T10:15:00Z,4c330a4b61334d99996bdcb79eb629ee0e9c896e2bdee62d82f2ffae,60.173,24.92524,0000000096918cfa,23.56
123,2019-08-01T10:15:00Z,4d1094c36477c7cc75ac8fe2498ee04dd9dfa556867492fdc14072f2,60.14947,24.91438,000000004ef3150d,14.89
124,2019-08-01T10:15:00Z,4d25ddbd0de1202e049a38361cc4b0fe7362e2f41ae5c51c7ed3615e,60.17918,24.95141,00000000675d5200,7.69
125,2019-08-01T10:15:00Z,4f2c3e4597bbc5bd33e3589e966c0a36068bb6166e92f5230497e3e0,60.14947,24.91438,000000004ef3150d,14.89
126,2019-08-01T10:15:00Z,4f5a208e840baae5faa1f4d6284de0c17bd28f29a9f7619e6fb18e62,60.173,24.92524,0000000096918cfa,20.28
127,2019-08-01T10:15:00Z,4f9be89d92cb198beccb895de1c8fa58076318a708b5d10e4abe395e,60.16762,24.95415,000000006b44cce7,10.78
128,2019-08-01T10:15:00Z,503b0b127e71b1755f1f8567665154a171bd4367b265f38dd6507f86,60.16762,24.95415,000000006b44cce7,21.87
129,2019-08-01T10:15:00Z,5186aadcb2af8b099448b9e3bc1118aea41e7a166c9d8dcaa13a56e6,60.16629,24.95957,00000000fb7600be,17.4
130,2019-08-01T10:15:00Z,519cfdc0edba065d1b21b1b2833c13858a76b88feb6600ab2cf4eb01,60.18203,24.91341,00000000342570c2,20.28
131,2019-08-01T10:15:00Z,51cbcdf5963287d3f4306834d46e90b04dd0b672f82836d39389457a,60.18203,24.91341,00000000342570c2,12.69
132,2019-08-01T10:15:00Z,5386936929150ec356d42ac5f622b7ef45bab49e9f5ca53bc1634ab0,60.173,24.92524,0000000096918cfa,23.56
133,2019-08-01T10:15:00Z,53c5e30232f74b0c3aa22c95764c456a928a0fd73ac8ff7e62b55cb0,60.16531,24.9442,00000000fdda10fe,27.28
134,2019-08-01T10:15:00Z,55119c3175d57d5c20276d92385f02a1ef60904caae26ba8d6950f62,60.17918,24.95141,00000000675d5200,14.89
135,2019-08-01T10:15:00Z,553e1cd278ed90022035a7e7ff2fe247dcaff2cf778487dbbdfcb0a6,60.149,24.9843,00000000fffb8cf0,29.32
136,2019-08-01T10:15:00Z,58580d4fc0ca36af91183b2b8bd32956c65e45dc61ae7debfcab23c3,60.17002,24.94407,000000006b087f40,20.28
137,2019-08-01T10:15:00Z,5963f04bcea851b420f6b0a9640886878301f1c19c6cef9b451a8b96,60.16762,24.95415,000000006b44cce7,9.12
138,2019-08-01T10:15:00Z,5967ec7544b8b7e4d03721831baf12354bbe833b69482102c2418f84,60.14951,24.92138,0000000006dd41f6,33.81
139,2019-08-01T10:15:00Z,59b822da34d36997f6e6c49f58d27199325e6a6b3de9ccd72feecb0e,60.17918,24.95141,00000000675d5200,2.54
140,2019-08-01T10:15:00Z,5a084200e4783b4708f6ed173c4e06268859eb1d5e09ba3a7618bac8,60.16544,24.95398,0000000038d83d41,9.12
141,2019-08-01T10:15:00Z,5bc280f86ceace054efdc94994b67fb3a440f3ca40e7290098af9f1b,60.16762,24.95415,000000006b44cce7,13.75
142,2019-08-01T10:15:00Z,5bf0f3e7d2caf0f6a12c245c6fbc2194d06f4d7c5d6667e9d79c6fca,60.17918,24.95141,00000000675d5200,16.1
143,2019-08-01T10:15:00Z,5c9997fd0f5db7def8efad12015699f807ecd9a643296155a01968df,60.16897,24.95222,00000000aa852af1,8.38
144,2019-08-01T10:15:00Z,5cde661295bad4740b7fb9742a1325b1c98e11a994a7bc67ca60aef8,60.16762,24.95415,000000006b44cce7,11.7
145,2019-08-01T10:15:00Z,5defb6a77f0f42618347c6c2d2870203537c7c025ce8fe914f4339db,60.17002,24.94407,000000006b087f40,23.56
146,2019-08-01T10:15:00Z,5e5a0ed29b46c1575ebd848fb5747c5261261715d19782f9330f5922,60.16531,24.9442,00000000fdda10fe,23.56
147,2019-08-01T10:15:00Z,5f2d2d4d9f43ecf3092bbae0a1d9262fddfcf097ad8bfaca6a003329,60.173,24.92524,0000000096918cfa,3.09
148,2019-08-01T10:15:00Z,60c22c37e070cfb757aa0aa276c366c19ba3c915a9826c19b851a933,60.16531,24.9442,00000000fdda10fe,14.89
149,2019-08-01T10:15:00Z,63ebd9fe685b207994f7612c5c3a56bd1341db71108226b0dff31d2e,60.16448,24.97323,0000000053c6c2be,14.89
150,2019-08-01T10:15:00Z,64fead54c23ffedead303fc750b32923243e6f6340ba81fad7fe4aed,60.16448,24.97323,0000000053c6c2be,18.79
151,2019-08-01T10:15:00Z,65005a2a1d52a345158289c459e27536fabaa10b63b3e11de6cafcde,60.1538,24.95595,0000000038bf9618,31.5
152,2019-08-01T10:15:00Z,65700356403fd25f8b4e944d5a3f657437e13136795eb99fdbadcf63,60.16829,24.94214,00000000afef4555,1.54
153,2019-08-01T10:15:00Z,65ee127e9c33f78b0d1b2a84c7eb8063ec5cb6332f4284a2686c78db,60.17918,24.95141,00000000675d5200,8.38
154,2019-08-01T10:15:00Z,68d9a94b2afaff95e2af1fdb62e2c9529963ec463c058e75d9dfeb15,60.1538,24.95595,0000000038bf9618,20.28
155,2019-08-01T10:15:00Z,6adb2aa35bbbed6c9eea37b2282cb03461c6cb9d67c7b486cc6e6fa9,60.17918,24.95141,00000000675d5200,6.46
156,2019-08-01T10:15:00Z,6add65c22ac6ec2a22e1776f89e380f4f0da5093fb581e74d6fc55fc,60.17065,24.93641,000000000f4919c9,21.87
157,2019-08-01T10:15:00Z,6b04244ff0a23a32ca19509d3aea224d7564f522ae4cc31b427b7774,60.16762,24.95415,000000006b44cce7,6.46
158,2019-08-01T10:15:00Z,6b27ec607a46f8fbca16065b81f2d5b106b566e73c7ce568793b9b7d,60.16762,24.95415,000000006b44cce7,6.46
159,2019-08-01T10:15:00Z,6cf2e2975bd061da9266deb8a47660b98fd40143c3b604cafa1cf5b3,60.1538,24.95595,0000000038bf9618,38.87
160,2019-08-01T10:15:00Z,6d5045bd3ff900d65b5666c9308cf5d9c18a43a4928930f3385c4f94,60.16829,24.94214,00000000afef4555,25.36
161,2019-08-01T10:15:00Z,6da725908919b3ea48e979a859b553417cf7358b4f8a616094c2e51d,60.17918,24.95141,00000000675d5200,7.69
162,2019-08-01T10:15:00Z,6e8a774793fc0b08505b7aa3783e98dd4a59f56c1c658981d7fd79eb,60.16829,24.94214,00000000afef4555,5.91
163,2019-08-01T10:15:00Z,70a8aa4da90560a5c365867afc6f1764bcfa1453ebe03e83d1a24966,60.16762,24.95415,000000006b44cce7,5.41
164,2019-08-01T10:15:00Z,70b35477a78d6cc5b821f4ce383af55d55f1d957254100dd3c20d564,60.1538,24.95595,0000000038bf9618,18.79
165,2019-08-01T10:15:00Z,7155f37c70699467100e7558747953989f94a11040a37405b1e02abd,60.16829,24.94214,00000000afef4555,20.28
166,2019-08-01T10:15:00Z,727d3472b4bd93c2af986ee0d7b7f2ec02e344009566f5d3e7c7a30b,60.17919,24.95181,000000007b5207b6,9.92
167,2019-08-01T10:15:00Z,7293625efa0f166b8b2f39637f76881ccd55c9842dcdcbdf7ccd5421,60.15133,24.92329,00000000e8a064a4,17.4
168,2019-08-01T10:15:00Z,72a23612f3a1de72f3446ac36528c6da6af4529dabf0d641b54e7f21,60.16762,24.95415,000000006b44cce7,11.7
169,2019-08-01T10:15:00Z,72a514f6bb6b4a40454a9573c09f3aa1f5db338373ae24d4e836edfa,60.16762,24.95415,000000006b44cce7,9.12
170,2019-08-01T10:15:00Z,72ada64a130204eb2ec072cdc4e4daf4d1efb4da7f01c34560b9775c,60.16448,24.97323,0000000053c6c2be,20.28
171,2019-08-01T10:15:00Z,739535cccbbd3258e418532a98f02287176ac564939c7bd7ea3b4e37,60.149,24.9843,00000000fffb8cf0,9.92
172,2019-08-01T10:15:00Z,73e46ab0c2af3b9233b039524bd9c56f776adecc76074601f25812a0,60.173,24.92524,0000000096918cfa,1.88
173,2019-08-01T10:15:00Z,7416b0ce5fbe16f877292dd79d2b9ba765cb42a9fa00970d9093e00e,60.16448,24.97323,0000000053c6c2be,23.56
174,2019-08-01T10:15:00Z,74cb545f76f0bfc5498607247e26e814276a11ce91f77208054ecbc5,60.17002,24.94407,000000006b087f40,21.87
175,2019-08-01T10:15:00Z,75745486554cc7f1af6c5a15672a416932dc0ea0acf2b27fac53e801,60.17919,24.95181,000000007b5207b6,14.89
176,2019-08-01T10:15:00Z,759b7dead96213f38c551a3e73d4430b46d7b75d8b20bbb19f9a7fd6,60.16629,24.95957,00000000fb7600be,23.56
177,2019-08-01T10:15:00Z,77a066fb053e45727b1eef80464d529da1e48b1040355419963a36a0,60.17919,24.95181,000000007b5207b6,8.38
178,2019-08-01T10:15:00Z,77cc4aa53543e28c0aafcbd48f0def39545e3956db4ed69702923f57,60.16897,24.95222,00000000aa852af1,5.41
179,2019-08-01T10:15:00Z,77cd278802814c7b55d1d65e6a2ae2fda33f5c0d09c1d6ac6d670193,60.17918,24.95141,00000000675d5200,14.89
180,2019-08-01T10:15:00Z,78dab71669e969b852ac6838f02d344357d21e9d6f06cf27af589428,60.15133,24.92329,00000000e8a064a4,21.87
181,2019-08-01T10:15:00Z,796be57b6bb5c98cafbbda0b4c3ee0dfe3a8fe9511dfee4c057430af,60.16448,24.97323,0000000053c6c2be,10.78
182,2019-08-01T10:15:00Z,7a251f73d18e9f4a1bf7a177aca54af153f2dca8eee890d915958d83,60.16762,24.95415,000000006b44cce7,7.69
183,2019-08-01T10:15:00Z,7a424f03304325e68b1d39b7904106cb4f2f166b639e9161d6029914,60.16531,24.9442,00000000fdda10fe,14.89
184,2019-08-01T10:15:00Z,7a94bcc98d858a82f90d14ecd28855e14911f44abd2e286009d0f3ab,60.16762,24.95415,000000006b44cce7,8.38
185,2019-08-01T10:15:00Z,7bd5f385a6ac8db8664216a481deb543b8fb614bc5d953470dbf1f30,60.16762,24.95415,000000006b44cce7,5.41
186,2019-08-01T10:15:00Z,7e71ddd7f8f8ea8fd23aef85b5bf281d6390470eabefd0e3b9f3c546,60.17065,24.93641,000000000f4919c9,17.4
187,2019-08-01T10:15:00Z,7f8faf33fc45a4e441fdc00fa788eadc9b51e26f2cd61ac6009249df,60.16544,24.95398,0000000038d83d41,13.75
188,2019-08-01T10:15:00Z,80451bc46f6e793a3694d9485ee14e4305f795f03d636f72a48ba7cb,60.17919,24.95181,000000007b5207b6,2.54
189,2019-08-01T10:15:00Z,80636e93163ecb0f64524a318e6f1ae1a6871cbf2538f27f3153f943,60.149,24.9843,00000000fffb8cf0,16.1
190,2019-08-01T10:15:00Z,821418b45477094c194c0d392638b5004af11564a198f1e8a5c1a388,60.16829,24.94214,00000000afef4555,17.4
191,2019-08-01T10:15:00Z,828e81c995375d48833c43003c97f1a84cd5e730d4da1098c0fb5405,60.17065,24.93641,000000000f4919c9,2.3
192,2019-08-01T10:15:00Z,82e3609fb7b10839d8cdfd9ec75968f11277e369aadb17a2095347fe,60.16531,24.9442,00000000fdda10fe,17.4
193,2019-08-01T10:15:00Z,83123ff542e2a391514c9a866a34564f796140996cb9d2ba5146aceb,60.16762,24.95415,000000006b44cce7,21.87
194,2019-08-01T10:15:00Z,84517f46f4d7d91c33eed9352948f189ffd2a37ff52ec1fb85cf573a,60.17002,24.94407,000000006b087f40,20.28
195,2019-08-01T10:15:00Z,84a20c4bb3a07310daba7b83f980e28cefa8462a1c2c0f46dbe755ea,60.16762,24.95415,000000006b44cce7,12.69
196,2019-08-01T10:15:00Z,86b066ea755e9fd56188a608365c78bc7873db821770bdcfc83ed149,60.16762,24.95415,000000006b44cce7,9.92
197,2019-08-01T10:15:00Z,86b273519523b861d7f3fa941b150efcf03ea10ad72e4c117fcff029,60.14699,24.922,00000000a53ed894,23.56
198,2019-08-01T10:15:00Z,8943663cde2d8cd64359c55befd0c16d743979b00a9a4140461dd909,60.16829,24.94214,00000000afef4555,7.05
199,2019-08-01T10:15:00Z,8ac75647fcfdcebf8724978f27e0640940c73f736ef70925e3524983,60.14947,24.91438,000000004ef3150d,7.69
200,2019-08-01T10:15:00Z,8c1416b7dd3e3af58d06dffa6ade8fd67add92ac74f672de9ef6c924,60.16448,24.97323,0000000053c6c2be,16.1
201,2019-08-01T10:15:00Z,8c68a4fa5f043e783db2c481feba785fe4683d9da0783e36752e38e3,60.1538,24.95595,0000000038bf9618,17.4
202,2019-08-01T10:15:00Z,8f729454b4046c763a6d26ebe2d147db2b8984432903b90ccd78385b,60.16762,24.95415,000000006b44cce7,17.4
203,2019-08-01T10:15:00Z,90807dd5f84831235f275153ea1e02942e13ad998d77442d79c104fb,60.16897,24.95222,00000000aa852af1,31.5
204,2019-08-01T10:15:00Z,91e5193560521c08e41855183d1e558908a7cec3649040017e64f738,60.17918,24.95141,00000000675d5200,4.94
205,2019-08-01T10:15:00Z,920784430017e386bc781894106af0716bc76f714cf9eabfe8a1804f,60.16544,24.95398,0000000038d83d41,25.36
206,2019-08-01T10:15:00Z,93030b39924b77896ad1ce94c35d504e0da2baccd73bb57b84868e29,60.16762,24.95415,000000006b44cce7,11.7
207,2019-08-01T10:15:00Z,9566788be004ccf8cc474301995802511f85d9bc043391c9f16f9e06,60.16629,24.95957,00000000fb7600be,20.28
208,2019-08-01T10:15:00Z,959ebb41f42f114032f7a3655fcee18d82082a6855688cf6e1a3b7ea,60.17918,24.95141,00000000675d5200,12.69
209,2019-08-01T10:15:00Z,97e344ec2a302e52b9083592c4396a1fe3e5c814efff14c826f8a43c,60.17002,24.94407,000000006b087f40,25.36
210,2019-08-01T10:15:00Z,98dba84a04af9b8ea7659f86367e5f8e7269acdf89d17b55bad7bef0,60.14947,24.91438,000000004ef3150d,6.46
211,2019-08-01T10:15:00Z,99a026b5100e23129fa529e9a57a3dbc8490dc03b58f2193f03e2dcf,60.14951,24.92138,0000000006dd41f6,5.91
212,2019-08-01T10:15:00Z,9c262ba852847e0ae400ae9040e8b27060d541210273c8f596a20400,60.17918,24.95141,00000000675d5200,9.12
213,2019-08-01T10:15:00Z,9c3db26692255460ed00ae6e8f49f594ae8ffabc6a73b61dbc77c459,60.16829,24.94214,00000000afef4555,3.74
214,2019-08-01T10:15:00Z,9d67c82437c8b7bf3fe10d4d9bd5610b9bf69e418d814916ff11d68b,60.16762,24.95415,000000006b44cce7,21.87
215,2019-08-01T10:15:00Z,9d86acdce697b2acfccf565e1e1b8d9904fa5af65ba5232eed1d2338,60.16531,24.9442,00000000fdda10fe,25.36
216,2019-08-01T10:15:00Z,9d907f1d4897df394e50b4936165abf1525a3b34d7f9a13197b1aab7,60.16829,24.94214,00000000afef4555,17.4
217,2019-08-01T10:15:00Z,9df13e4d0df496b2e5f5188f18d6f5223172bcade62bf772a67a9ad3,60.16448,24.97323,0000000053c6c2be,18.79
218,2019-08-01T10:15:00Z,9e844b55fb3ef8ed52357738a9403376c5e490de7f0c742765198854,60.16531,24.9442,00000000fdda10fe,11.7
219,2019-08-01T10:15:00Z,9e927b1e87f45b2c89a694c49da8922ce180a737f0e8a7cd1476ad29,60.15432,24.9211,0000000019fb59c4,29.32
220,2019-08-01T10:15:00Z,a10faf4735d248791e111ddff93fda5b05b17335fb3b4ec59ffd4a4e,60.17918,24.95141,00000000675d5200,5.41
221,2019-08-01T10:15:00Z,a1b36514883fb9f845ed6e1024b81915369b6b5aa71444f2af64dd7b,60.16629,24.95957,00000000fb7600be,9.92
222,2019-08-01T10:15:00Z,a5fc621b70c4c405221d70dce821b6621857857cd633ac60052ae24a,60.16897,24.95222,00000000aa852af1,27.28
223,2019-08-01T10:15:00Z,a60f7a5b28256869120065e4a4257578c25ee91a728de2e20ab5ad24,60.15432,24.9211,0000000019fb59c4,8.38
224,2019-08-01T10:15:00Z,a6d010615b0732a971c180467cd17865327688c7e6c60628c3d452d3,60.16762,24.95415,000000006b44cce7,5.91
225,2019-08-01T10:15:00Z,a776bccb3c9421f74fd474b82023e4cb78b1fc1fee575232fb887ce8,60.149,24.9843,00000000fffb8cf0,9.12
226,2019-08-01T10:15:00Z,a82157d3bc5df03d6567768ab5026298e3d367e6977987e8f6ff833e,60.16531,24.9442,00000000fdda10fe,6.46
227,2019-08-01T10:15:00Z,a8b189bceda7969d8de34c940beda50555fe8b6c4049c4021d786e1e,60.16762,24.95415,000000006b44cce7,13.75
228,2019-08-01T10:15:00Z,a8cae967bd5cc6d865a960f0c83e61922e5d310e6c877f6e8a6ab861,60.1538,24.95595,0000000038bf9618,31.5
229,2019-08-01T10:15:00Z,a9ad52a9b3c16c7faf3206016d1cc5c264552cec9ce373740807b7b5,60.14947,24.91438,000000004ef3150d,18.79
230,2019-08-01T10:15:00Z,ac59f244c5d53e47b9bee79f492bf67330be44f5f23c586da6cb8748,60.1538,24.95595,0000000038bf9618,27.28
231,2019-08-01T10:15:00Z,aca90e72e52aa4cbf04daae6426589a9b8594c3155707eca498fd8a9,60.16829,24.94214,00000000afef4555,3.74
232,2019-08-01T10:15:00Z,adf475053015f42348010f044e3156f19ebd40090e47552ec31853e4,60.149,24.9843,00000000fffb8cf0,18.79
233,2019-08-01T10:15:00Z,af07fa00439568f9f711b5fb2c7f25f709bbcb9ce721b7500ba65a2d,60.16762,24.95415,000000006b44cce7,11.7
234,2019-08-01T10:15:00Z,afea15484e4876ef13f9349cfa7b6e1126a717ffe9617fd560d2caa0,60.17918,24.95141,00000000675d5200,13.75
235,2019-08-01T10:15:00Z,b024823c30ad5c823b1a31875687f0ab3ff83e3f81df3697b92a4df1,60.15432,24.9211,0000000019fb59c4,12.69
236,2019-08-01T10:15:00Z,b0cd8ed39ecefb966f4c0790d5435f711e1f6e4f3433c353da4f60df,60.16448,24.97323,0000000053c6c2be,18.79
237,2019-08-01T10:15:00Z,b194ef8e70c55cbe30c3ac1d71739e52a045bfc5d5f01610f7f0d3e7,60.17918,24.95141,00000000675d5200,4.94
238,2019-08-01T10:15:00Z,b315785d0d8a960a3d87663aba3781efc3aac257544883ad3b8504ac,60.16762,24.95415,000000006b44cce7,12.69
239,2019-08-01T10:15:00Z,b403ca5831e19d2aff17caf6dca31cb1c241d73c9ef6fb5acc8b3540,60.14947,24.91438,000000004ef3150d,23.56
240,2019-08-01T10:15:00Z,b46bb61bb214dbc0c03e4772161baaaa96eb6667d76fddf163ba334e,60.173,24.92524,0000000096918cfa,25.36
241,2019-08-01T10:15:00Z,b498290b5ec3f34f51329d2a42e0c0f89230752370f9378f3429cbbf,60.16829,24.94214,00000000afef4555,16.1
242,2019-08-01T10:15:00Z,b5d496e927a5d5275749862de7419fb98ef6b1a782f7add16c2921a3,60.16762,24.95415,000000006b44cce7,9.92
243,2019-08-01T10:15:00Z,b60f20dbe6a7baebc9c79ee5a873525214a83a5d2391409b61b38f90,60.16829,24.94214,00000000afef4555,11.7
244,2019-08-01T10:15:00Z,b67eccbfc480ee722972472396036eaa1333526547cdebc847a6ee4a,60.16762,24.95415,000000006b44cce7,9.92
245,2019-08-01T10:15:00Z,b69c4ff1b333f87bce618de765964926ac015b486b51c6cb14e041ba,60.16629,24.95957,00000000fb7600be,14.89
246,2019-08-01T10:15:00Z,b6e573ea1c0b8e32066ffa373861a0748b4cd78895e803faa7c73a21,60.149,24.9843,00000000fffb8cf0,25.36
247,2019-08-01T10:15:00Z,b792c7e0c08582b8c1f4e610d83bee7a96c222e98f1e4d092c43714a,60.16762,24.95415,000000006b44cce7,2.54
248,2019-08-01T10:15:00Z,b8377b435b113db3a17530e05b9f31f57edfb710cec0202e92a29e39,60.16829,24.94214,00000000afef4555,11.7
249,2019-08-01T10:15:00Z,b8dc83e448a6965c231773880ac6cee8ffd07cc2a19f1c9b94ea342d,60.16629,24.95957,00000000fb7600be,18.79
250,2019-08-01T10:15:00Z,b90479d4a44e63a910ca24554995901b3878e609ed2fd61491e2d7df,60.1538,24.95595,0000000038bf9618,16.1
251,2019-08-01T10:15:00Z,ba0e47d4264f12fc6383ad61c6b3576c677811423c368f8a3ce857fc,60.149,24.9843,00000000fffb8cf0,21.87
252,2019-08-01T10:15:00Z,bb7f2633d54ff540dc48edeb5b00faac236aa02073d9c5fc8a620323,60.16829,24.94214,00000000afef4555,23.56
253,2019-08-01T10:15:00Z,bb8b7412cd2a921217fb2c3fdf76381a81307dd6367a363b083e737a,60.17918,24.95141,00000000675d5200,7.05
254,2019-08-01T10:15:00Z,bc3f9cf3f3f6fa5da30c879ac3b81187830504811e9867d2c6fec298,60.16762,24.95415,000000006b44cce7,13.75
255,2019-08-01T10:15:00Z,bca067abf428972a3f732caf7593d88c21ef0ac012d98f3274507655,60.17918,24.95141,00000000675d5200,7.05
256,2019-08-01T10:15:00Z,bd0d4397f2ec93cacfa31b79df03572df2e4fbc2e07124d64662490e,60.16762,24.95415,000000006b44cce7,5.91
257,2019-08-01T10:15:00Z,bded12d60f87ba0f65993c789150bbcb2d2962c9d41d724ee946b78e,60.1538,24.95595,0000000038bf9618,31.5
258,2019-08-01T10:15:00Z,be5f25ba81f6873f05b37dc4cd4f9b05a78625beacf8864aa9301e73,60.17918,24.95141,00000000675d5200,4.5
259,2019-08-01T10:15:00Z,be6573b0d8bace0323e6801d7825a4cb910a9ebfab57f7754d79a916,60.16762,24.95415,000000006b44cce7,6.46
260,2019-08-01T10:15:00Z,be70e8f883d0b381acebb3552a2df96ac1740d8bce4c671d12bd9bb5,60.14699,24.922,00000000a53ed894,4.94
261,2019-08-01T10:15:00Z,bedb59d8f635c80c91288fb0da8fa8878f82fe4b444052d1276f05a0,60.16829,24.94214,00000000afef4555,9.12
262,2019-08-01T10:15:00Z,c0baebb9734f040bde08b80d04ac4e9e135b1511cf17bd38b8d99630,60.16531,24.9442,00000000fdda10fe,20.28
263,2019-08-01T10:15:00Z,c12fa9a42d7dcf03d0079c8e3eaefb603f9a4230ee371aa8515dba06,60.16829,24.94214,00000000afef4555,20.28
264,2019-08-01T10:15:00Z,c57950cd514ff00c0c4ee6fed94d588764f81f5674bfa1aad1d2e851,60.16075,24.95883,00000000f1124bca,29.32
265,2019-08-01T10:15:00Z,c58049c2842e713eee58a84c981ec33c854ba1c76eeaf59e67d78503,60.16629,24.95957,00000000fb7600be,11.7
266,2019-08-01T10:15:00Z,c66a943eeafe030d5ee886e42b91ce4e2f7e7d5ecddb453cf874286d,60.1538,24.95595,0000000038bf9618,29.32
267,2019-08-01T10:15:00Z,c68a48dcb6c203e6424339d5a383c656daacb3fe13cadb1e330dc2d1,60.16531,24.9442,00000000fdda10fe,18.79
268,2019-08-01T10:15:00Z,c6a356b74a91f285990504e5b9e0f0f7e1e24ae89e59e96365ad192d,60.17002,24.94407,000000006b087f40,31.5
269,2019-08-01T10:15:00Z,c6e7a836fbf06df2201c4f0e42fa6ad9ed3eb3e2daf3eec3ca04e92f,60.17065,24.93641,000000000f4919c9,27.28
270,2019-08-01T10:15:00Z,c796d1af958b8d7158144928fcb4f7e4dea09def8b0fe416d188d68e,60.16829,24.94214,00000000afef4555,25.36
271,2019-08-01T10:15:00Z,c80b749832909271c25cfe891ed5f51da310399ee3680f3164eec939,60.17002,24.94407,000000006b087f40,20.28
272,2019-08-01T10:15:00Z,ca12d9a1cfd51ac8e883bf6154135414d03304d4a73815e9536f1e5b,60.17918,24.95141,00000000675d5200,12.69
273,2019-08-01T10:15:00Z,caabca87ff269c90a10fc8259ed7aaeefe4f5259afe9c8d315e4ca67,60.16544,24.95398,0000000038d83d41,14.89
274,2019-08-01T10:15:00Z,caea38923b586454facda21a11bf7e4e559790600e2260a0ae2277fe,60.17918,24.95141,00000000675d5200,8.38
275,2019-08-01T10:15:00Z,cb27d82cbd892cbe8a788da255623076cbec340efab6a245c0391b13,60.16897,24.95222,00000000aa852af1,23.56
276,2019-08-01T10:15:00Z,cc239cf5351186f752a21092203c379fa1b20eb063de9405a7222fab,60.149,24.9843,00000000fffb8cf0,2.54
277,2019-08-01T10:15:00Z,cc7e224bfdbe448da7be3c5515abbe9c3e1f6ae08d3568d0353a0e50,60.173,24.92524,0000000096918cfa,1.25
278,2019-08-01T10:15:00Z,cdffa583663d4becd13c07c47debb7711e577528aafe68c5aaea0e85,60.16829,24.94214,00000000afef4555,7.05
279,2019-08-01T10:15:00Z,ce85db547c464eb0054009b4855c9fb4f589d9267863e915cc0c84c7,60.17918,24.95141,00000000675d5200,7.69
280,2019-08-01T10:15:00Z,d25ae47720baa15a5aecd6f0c7b4e8fdf85f5227f201288db74c4c6b,60.16897,24.95222,00000000aa852af1,20.28
281,2019-08-01T10:15:00Z,d2e851e027b648aad165c7a75ad409a968b2a0ca9a88522ad8c96f23,60.15432,24.9211,0000000019fb59c4,12.69
282,2019-08-01T10:15:00Z,d50fa21b9ae21ce759c9e83621b662100a2904e2ad745a40c7ae1142,60.16762,24.95415,000000006b44cce7,20.28
283,2019-08-01T10:15:00Z,d71a1c96333ced838d2ae0ef6083a512b785191352ce9efd97527cfe,60.16544,24.95398,0000000038d83d41,18.79
284,2019-08-01T10:15:00Z,d781e89426c4c68b959acdc1510f9e00910b48109d10d7c906b1de2e,60.16829,24.94214,00000000afef4555,21.87
285,2019-08-01T10:15:00Z,d91952950fb694ed2f94704bc856a9849ea4db4b04cc94922abb9e8a,60.16897,24.95222,00000000aa852af1,6.46
286,2019-08-01T10:15:00Z,d9f9257e2f29ec5a845f4fe1d0325d5bc645f04af8337e9e61093960,60.16531,24.9442,00000000fdda10fe,20.28
287,2019-08-01T10:15:00Z,da356f12c0e0ec689eab00953937bb4c19b5756ac7642a4785ce0e2f,60.16897,24.95222,00000000aa852af1,27.28
288,2019-08-01T10:15:00Z,db08fe31b9cee7c8f7f5fc97ae0b82155b15468e2404f51e6fd56495,60.14951,24.92138,0000000006dd41f6,16.1
289,2019-08-01T10:15:00Z,db1a3d689c2df2d292a6f668997392e13e9f55e1adb84ab8c6c95565,60.17918,24.95141,00000000675d5200,7.05
290,2019-08-01T10:15:00Z,db7c7bbf422df9270ebfa9d5c5bf1219917cd6ab521af6ab52a878ca,60.149,24.9843,00000000fffb8cf0,4.94
291,2019-08-01T10:15:00Z,dd1b2796ecd8db9152a8a0f7ac95d9fe1fff073941eb462560696d7d,60.16829,24.94214,00000000afef4555,9.92
292,2019-08-01T10:15:00Z,dd751a46561d2e7c5ad7758bbcdd461a06796e8860716705be3ee69b,60.1538,24.95595,0000000038bf9618,7.05
293,2019-08-01T10:15:00Z,ddb0e1d567e25c1283affa02ce3c532e4066cfa6afe16946bea7b181,60.17919,24.95181,000000007b5207b6,21.87
294,2019-08-01T10:15:00Z,df3e114b08b0a3d45d4156b267de2f1c77d041e504672e01ae7efb5f,60.16762,24.95415,000000006b44cce7,5.41
295,2019-08-01T10:15:00Z,dfade5eb6de4866500b0fc81a38fa8f5eb3ff38703d2464581caf908,60.16829,24.94214,00000000afef4555,5.91
296,2019-08-01T10:15:00Z,dfc64472943eeb479a6bd59fd6d809dd0452a811b1c10c195d692152,60.16829,24.94214,00000000afef4555,18.79
297,2019-08-01T10:15:00Z,e16c2d07daa3f58d4793a2daa6a12d9c206f265586d5b6e2e3e0844c,60.17065,24.93641,000000000f4919c9,16.1
298,2019-08-01T10:15:00Z,e2d204eedc8ae6d455fc8a91140a153b24084842c663e44ddf3a42a7,60.16762,24.95415,000000006b44cce7,21.87
299,2019-08-01T10:15:00Z,e41ecd091b34048d0273a8fffe27def36d0eb5efb3424fffba42c456,60.16531,24.9442,00000000fdda10fe,18.79
300,2019-08-01T10:15:00Z,e4b953adcfdb83e4dfd36b574e9bdf793f233c19410121409f36af23,60.16762,24.95415,000000006b44cce7,6.46
301,2019-08-01T10:15:00Z,e55bd38ab0eac5bfb75438544cea32c0fe6ac0b28490f8a9dee5b1b0,60.16762,24.95415,000000006b44cce7,18.79
302,2019-08-01T10:15:00Z,e5da9650ca6930642964ec9e05b99d3bad3e9d392aa651f6661bc9c4,60.16762,24.95415,000000006b44cce7,14.89
303,2019-08-01T10:15:00Z,e607877df5ed3e1b4f79d3b6c52a8a3f0fbb4be992fc396c4837de79,60.17065,24.93641,000000000f4919c9,31.5
304,2019-08-01T10:15:00Z,e7943836341419a8691e7728e23f0f0dbde747df5f8f7f174822a7f8,60.15432,24.9211,0000000019fb59c4,4.5
305,2019-08-01T10:15:00Z,e823d149b77d656fcfaec3a625ab79aab8df962baa907eb03bc48941,60.14951,24.92138,0000000006dd41f6,23.56
306,2019-08-01T10:15:00Z,e8549902a103d86735eb7d6ef7a6e586299f49139422eda30459591c,60.16762,24.95415,000000006b44cce7,3.74
307,2019-08-01T10:15:00Z,e9592dbd1bcc74472125fc8c021982bf58b68d534a0c230714d2e555,60.16762,24.95415,000000006b44cce7,5.41
308,2019-08-01T10:15:00Z,ea01b729c0820568d3fec5372f71c1c77740cb7eec5001b16f121bfa,60.16829,24.94214,00000000afef4555,2.3
309,2019-08-01T10:15:00Z,ea9fbf5ba4dc1cf4abedf465f680fa5f346e40deae831d4977a4ca78,60.16829,24.94214,00000000afef4555,9.92
310,2019-08-01T10:15:00Z,ebd3add52fe8a97c13979222d565882db254e96fba8e09868a354390,60.17065,24.93641,000000000f4919c9,2.08
311,2019-08-01T10:15:00Z,ece871031039f44207b3bd7e97b0ca0f122a9456580482d34e83cf11,60.17918,24.95141,00000000675d5200,10.78
312,2019-08-01T10:15:00Z,edb3cf0c12d1e04c2c191dccfecf72a4c1fcee1329c20b4290e2f470,60.17918,24.95141,00000000675d5200,10.78
313,2019-08-01T10:15:00Z,edc81ec47531f099dc1ba15b4b600119c2efe49e595cfd450a7a19cf,60.16531,24.9442,00000000fdda10fe,17.4
314,2019-08-01T10:15:00Z,ee65a7057ed32def3eae4438ac68ddb539491df3b57f51e04bf17667,60.16762,24.95415,000000006b44cce7,4.5
315,2019-08-01T10:15:00Z,eebd19d7dd9b954abba12433f3f62f24fc88b42fba1118c911a288cb,60.16762,24.95415,000000006b44cce7,4.11
316,2019-08-01T10:15:00Z,ef95ce5143b61ec02d5d2e9a51a36c3d858b13e167a5502e09e8f0e0,60.16531,24.9442,00000000fdda10fe,13.75
317,2019-08-01T10:15:00Z,f06b73f37a33d4db96582692e875c5c943d7fe8f56ea55d1ff85d83e,60.149,24.9843,00000000fffb8cf0,8.38
318,2019-08-01T10:15:00Z,f10b2b090bbcd30176252fe4c03c820212ababd60553e0ade45df823,60.149,24.9843,00000000fffb8cf0,10.78
319,2019-08-01T10:15:00Z,f15a7ec54a65696644dd9c9e71c64eb3be789ea3bb0bc367c358bab0,60.17002,24.94407,000000006b087f40,16.1
320,2019-08-01T10:15:00Z,f194b40408cf5496b25b1a55110bc5ca16f6c7db21bf6f83d560db2e,60.17918,24.95141,00000000675d5200,14.89
321,2019-08-01T10:15:00Z,f2a253f2741501e675bd4bc055e22329fb09089d8bbe9813fc170cdb,60.16762,24.95415,000000006b44cce7,9.92
322,2019-08-01T10:15:00Z,f3c55fe314325ffb7bb51cfaaa687278008dad2f0bb033ef23cf35d0,60.14947,24.91438,000000004ef3150d,18.79
323,2019-08-01T10:15:00Z,f4a23d9d7bd4d450bfe7db1b60633071419543a18f585f555554fae9,60.16829,24.94214,00000000afef4555,14.89
324,2019-08-01T10:15:00Z,f54754966d0e49ad98593c1e827a6e41107e12bb27ea765b2a5ee119,60.149,24.9843,00000000fffb8cf0,29.32
325,2019-08-01T10:15:00Z,f56a3ba23cd61b3fecf155481413149de325de5b10772c7742ed77f0,60.16531,24.9442,00000000fdda10fe,11.7
326,2019-08-01T10:15:00Z,f58d24e340358b9c933c04e57f0bcc67653fe21865957297fa54fd01,60.16762,24.95415,000000006b44cce7,10.78
327,2019-08-01T10:15:00Z,f5c6483f9f4498f6af4224827c9a04f723753d1124e136bbad808db6,60.16762,24.95415,000000006b44cce7,2.3
