,time,hash,latitude,longitude,serial,distance
0,2019-08-04T15:15:00Z,002609eccfa6482109fb43966e0153bf6f371425cf715e49925348dd,60.14699,24.922,00000000a53ed894,29.32
1,2019-08-04T15:15:00Z,0152988639aaaa9cc27213280c8f0c0c8ec97ae6a45aaaf743c9c25d,60.16544,24.95398,0000000038d83d41,20.28
2,2019-08-04T15:15:00Z,0d85b598c652009b53aa870fe64aff1b95f84e796cde2c3b2ee49adf,60.14699,24.922,00000000a53ed894,18.79
3,2019-08-04T15:15:00Z,14c7e1511b70f4dd3359cbece1377aebb4d70531f5489eefe53d7c3c,60.16544,24.95398,0000000038d83d41,25.36
4,2019-08-04T15:15:00Z,25a7ff811c3c06e426c7c2cbb0433d9a2a3399b23afecbd35584ab0f,60.18203,24.91341,00000000342570c2,21.87
5,2019-08-04T15:15:00Z,29113a3967bc167b1fd69f346c60a884baf31f91288e032e493eeac2,60.16762,24.95415,000000006b44cce7,6.46
6,2019-08-04T15:15:00Z,2d3d031189abfaea69cd551a97b2b2d056a908f19bc56701010a2304,60.16897,24.95222,00000000aa852af1,14.89
7,2019-08-04T15:15:00Z,36b298bea3c27f30235cbc7de929f2f14ff5d457f395de64ea57b3c7,60.16762,24.95415,000000006b44cce7,8.38
8,2019-08-04T15:15:00Z,3a5011203b3e1040e5ad59f9c06dd464dcbc9a197a1698454e0a4ba0,60.17002,24.94407,000000006b087f40,27.28
9,2019-08-04T15:15:00Z,3eeaf7b0b4a0470e1266bc7544528e53c0648059b4de7f591696c9b8,60.16762,24.95415,000000006b44cce7,21.87
10,2019-08-04T15:15:00Z,44d0b94469070803869f229601e877beb613c3f5aafa009addf97a1a,60.16544,24.95398,0000000038d83d41,12.69
11,2019-08-04T15:15:00Z,469a9331195d6dc49fc0e798f1c83a2e5b44c2338400370ee61eb14e,60.16629,24.95957,00000000fb7600be,17.4
12,2019-08-04T15:15:00Z,46e38aa3685537daa2a8d9cca70353d252ea758e08c0b71cd3e7a692,60.16829,24.94214,00000000afef4555,27.28
13,2019-08-04T15:15:00Z,47f7d6332f20652dbd38970d701dd6c9311cf6f61479559092e2837a,60.16897,24.95222,00000000aa852af1,17.4
14,2019-08-04T15:15:00Z,491b2670fa626c719c5624e2a013e9325dd599d02b93ca1a1b0e3416,60.16544,24.95398,0000000038d83d41,18.79
15,2019-08-04T15:15:00Z,4b842d60464228bdf8b8dfaefa4766148504b5565a809b7718dc5256,60.16762,24.95415,000000006b44cce7,13.75
16,2019-08-04T15:15:00Z,5bbb5184fded3e51bc78e45e39917794285e6bbc72da404802a9599a,60.16531,24.9442,00000000fdda10fe,21.87
17,2019-08-04T15:15:00Z,5d65719c4cbf045f068d084b72302f447d5fd034413d97d13be00d0e,60.18203,24.91341,00000000342570c2,18.79
18,2019-08-04T15:15:00Z,5eed115a984d490b02b602d73787aee8dc8c4e9365b77fbff3818a76,60.16629,24.95957,00000000fb7600be,16.1
19,2019-08-04T15:15:00Z,5fecff186138a9b3e31c6086c33dcd5f1d209e64f0afeed7c688cab0,60.16897,24.95222,00000000aa852af1,21.87
20,2019-08-04T15:15:00Z,6a70e2fbced719333e21eff04fcb9cb36bae9a04d1a3d6ddd96f2c58,60.15432,24.9211,0000000019fb59c4,9.92
21,2019-08-04T15:15:00Z,6ff437688c444238352c28f64f9d2a7d0f14d19c9ea42c225380501e,60.16762,24.95415,000000006b44cce7,18.79
22,2019-08-04T15:15:00Z,737efc92e3419e9d96a8559ec341ea7e18ba6381fd8e4de3d06f82a0,60.14699,24.922,00000000a53ed894,13.75
23,2019-08-04T15:15:00Z,7876e65f126121713ab8aded48e44b64ad5dd53b4c6e52536c374874,60.14951,24.92138,0000000006dd41f6,25.36
24,2019-08-04T15:15:00Z,7a3db40d91e137d1381ac690a78039878e0baa317ed9a7cd6882df27,60.16762,24.95415,000000006b44cce7,23.56
25,2019-08-04T15:15:00Z,7d93beb0fb40bd617a6f72b5feb2ff801d430879793160157aaf3f97,60.16762,24.95415,000000006b44cce7,16.1
26,2019-08-04T15:15:00Z,7fce42e2fbe308d4f018e3d41fb03382aabd7cc25fbe5ed3c45ad60d,60.1538,24.95595,0000000038bf9618,17.4
27,2019-08-04T15:15:00Z,8715c6bb45cf27900614138945e35533817fe7d34b3f19db2baa1711,60.1638,24.96846,00000000d747f075,4.11
28,2019-08-04T15:15:00Z,87dfaad29a9276ddddb1fa021d3bc23ad14824c1af16f7d87e713689,60.14951,24.92138,0000000006dd41f6,17.4
29,2019-08-04T15:15:00Z,89514d693b1bede7d473d1b7d714829147cb42615145a8351c675525,60.14699,24.922,00000000a53ed894,18.79
30,2019-08-04T15:15:00Z,89982a6acf91b79a282a6b63978e946ee205f303fcd20e944e06baf0,60.16544,24.95398,0000000038d83d41,21.87
31,2019-08-04T15:15:00Z,90d6efd3a2159b1cdb6db4003f355550d352f032d66f90e8641af30c,60.16897,24.95222,00000000aa852af1,27.28
32,2019-08-04T15:15:00Z,98239bf94ef54f747154b6cbe79cdbf3b87a27880fd23e82c8465dd2,60.14699,24.922,00000000a53ed894,7.69
33,2019-08-04T15:15:00Z,996f7da3170a71df54af7b8d2c850831be22e861d579f1b432b50996,60.16544,24.95398,0000000038d83d41,16.1
34,2019-08-04T15:15:00Z,9d857805574f6cc42e08b5256cf5479cd2dcf45149c123beefb90697,60.16762,24.95415,000000006b44cce7,7.05
35,2019-08-04T15:15:00Z,a1c464bb35a0471b37035627d800a54b2343360c91486e276e3a12c8,60.16897,24.95222,00000000aa852af1,25.36
36,2019-08-04T15:15:00Z,ae556011c511e79ed2daac915308eebfe8e1f17c56850f7a1fc92ce1,60.14699,24.922,00000000a53ed894,27.28
37,2019-08-04T15:15:00Z,b464e4ae98771e06bae3096b0bfd83f32e6b6fa0f03f7762da9b8ee6,60.16897,24.95222,00000000aa852af1,21.87
38,2019-08-04T15:15:00Z,b90577926dd52437738dad5f00d4049f63b26d870442dd6efe495a67,60.14699,24.922,00000000a53ed894,16.1
39,2019-08-04T15:15:00Z,bb98768dad0f7c52cf643f035a3e7e48f5cfe28557c66f2a75914b31,60.14699,24.922,00000000a53ed894,16.1
40,2019-08-04T15:15:00Z,bd01ac8fc2992e9ca32f28c1f1b22983845e90918ba97584017978aa,60.14699,24.922,00000000a53ed894,18.79
41,2019-08-04T15:15:00Z,cb2d33b3afd7fc9c007c925beab61017a4bdaf9dbfbb6b1988a4dfce,60.16829,24.94214,00000000afef4555,5.91
42,2019-08-04T15:15:00Z,cf05623e4d87ce0906c0b0b7dbf53aacc1228016cd27c341228b6e76,60.18203,24.91341,00000000342570c2,20.28
43,2019-08-04T15:15:00Z,cfc0bedb78ded52749db3188cb188bf6a250ef5990da9c5afa9623fc,60.14951,24.92138,0000000006dd41f6,23.56
44,2019-08-04T15:15:00Z,d366aa1925472f34a389921734c1777d6d7c2e812b0f284d78697edf,60.1538,24.95595,0000000038bf9618,29.32
45,2019-08-04T15:15:00Z,d74a3a1beb451d6ddb7ac9544f110fb9cc4c66cda426121d373309cf,60.16829,24.94214,00000000afef4555,20.28
46,2019-08-04T15:15:00Z,e309b16c7c4d6a11663529dc96cb541ddb38277b0bba16b29a4c7047,60.16448,24.97323,0000000053c6c2be,14.89
47,2019-08-04T15:15:00Z,e6fa6db4d36b28195f62bab8dd72a0e1fdb739cac945877847b11394,60.16762,24.95415,000000006b44cce7,20.28
48,2019-08-04T15:15:00Z,e8e366e76c97944e23c0f80b4fd3ce6e5832744922297146a49f0c7e,60.16762,24.95415,000000006b44cce7,8.38
49,2019-08-04T15:15:00Z,e91536fcef4b84e4776b11060d687a3fb50c8199a373852c0bca2f1f,60.16762,24.95415,000000006b44cce7,23.56
50,2019-08-04T15:15:00Z,ed70dda6b7faebd4340dacdb452ab224d9d3c308df417b7fa76f54e8,60.14951,24.92138,0000000006dd41f6,21.87
51,2019-08-04T15:15:00Z,f29ea15113ac0eea0be8ec41c633909de4b0b9ab6c7b9898b128080c,60.16897,24.95222,00000000aa852af1,17.4
52,2019-08-04T15:15:00Z,f6609ab1076b1105bb845595a03b41b8fbb282f79c337df5bbc9f841,60.14699,24.922,00000000a53ed894,10.78
53,2019-08-04T15:15:00Z,f6e8edd8fd75f9fc0f3857017ee85fad398d9e61e23764b5a113e571,60.1638,24.96846,00000000d747f075,4.94
54,2019-08-04T15:15:00Z,f91c7fdd271a21415af3df2d9f194ceeb956e22818075c7c1e2508a3,60.16897,24.95222,00000000aa852af1,23.56
55,2019-08-04T15:15:00Z,fc4f3a44235f1cfc7b53f14ba2da599976a5a0a220d23b852688e485,60.17918,24.95141,00000000675d5200,21.87
56,2019-08-04T15:15:00Z,0096b0a2aec16f853f8fdcb5db0fbc37131c0116c12fbd603982d01d,60.16629,24.95957,00000000fb7600be,27.28
57,2019-08-04T15:15:00Z,00a92278d64bbc55e39a9252c108859334fcab140bfa389a3f870bc3,60.16829,24.94214,00000000afef4555,16.1
58,2019-08-04T15:15:00Z,063ad15427fbbbe2654e6211156b0fbd1fdbea0d2805b3352f1c4fc6,60.17002,24.94407,000000006b087f40,31.5
59,2019-08-04T15:15:00Z,07c0bee5fd41f3c53ce77dec51d30a807740352bad5eceeee10b92c5,60.16531,24.9442,00000000fdda10fe,36.27
60,2019-08-04T15:15:00Z,080078d48930a7e260cc56986b6059186c1fbc4187f9a072ab6eb758,60.16448,24.97323,0000000053c6c2be,21.87
61,2019-08-04T15:15:00Z,0823c750f3f07d65007d09844cb3f6ae322c9b7e3cff7c5f10eed6da,60.173,24.92524,0000000096918cfa,36.27
62,2019-08-04T15:15:00Z,0a3fd5dbf5abe9fa495a16eaa134371d69ed6f34ed3f6789df3da4a9,60.16897,24.95222,00000000aa852af1,11.7
63,2019-08-04T15:15:00Z,0b1eb19417e97f1e697842b335ffd9beaadec6da79f1f1d884608a14,60.16544,24.95398,0000000038d83d41,17.4
64,2019-08-04T15:15:00Z,0b398602bb3f9916194fd49f0cf9a1d135abe69f93e12a066947b25e,60.149,24.9843,00000000fffb8cf0,36.27
65,2019-08-04T15:15:00Z,0b3c3b515dfb83683bf1b81713ba528b5ed2bd678f291b4f12264c1b,60.16762,24.95415,000000006b44cce7,9.92
66,2019-08-04T15:15:00Z,0c8c3cec7407262ca6ef88e253c840db3020a2bf7cd3dd36d668bd85,60.16531,24.9442,00000000fdda10fe,21.87
67,2019-08-04T15:15:00Z,0fd4c0e8c3629e51fd7573857924920936f97f711ef9f8cb964f36bd,60.16829,24.94214,00000000afef4555,16.1
68,2019-08-04T15:15:00Z,111829a8cd6a90c7b9512db19955b16e71ab8beabc5f0a6a72c9d89b,60.1638,24.96846,00000000d747f075,16.1
69,2019-08-04T15:15:00Z,119e0cb090aec303040cf4e6c4e3fa250d8aa1e6acd7464ba66971d6,60.16531,24.9442,00000000fdda10fe,16.1
70,2019-08-04T15:15:00Z,12382c339094fb98a60b3721f2fa98155ca02bf7e51cf60698f273eb,60.1638,24.96846,00000000d747f075,11.7
71,2019-08-04T15:15:00Z,127bea78c9f2b5a92fd586384d1443c2b2ec0fb620bd191aaea55e9b,60.17002,24.94407,000000006b087f40,20.28
72,2019-08-04T15:15:00Z,141f7cdad7133b154d0830cb5c604099881ca87cd15c12c102b16a37,60.18203,24.91341,00000000342570c2,13.75
73,2019-08-04T15:15:00Z,18cace2c8e37e8706b0ea72f4c944779c7f53a359543387be77e2111,60.149,24.9843,00000000fffb8cf0,25.36
74,2019-08-04T15:15:00Z,18cb7ae60359f216cf4a2a1b88d7e16e7df984af934f6ff8f038fae4,60.16544,24.95398,0000000038d83d41,31.5
75,2019-08-04T15:15:00Z,1986162f006fa6aeef0997f3adc850939fd4099f8c0409e72bc9b1a1,60.18203,24.91341,00000000342570c2,9.12
76,2019-08-04T15:15:00Z,1a807fe053388a82f34bec0341be6b42718cb4d760e572a298b658cb,60.16629,24.95957,00000000fb7600be,17.4
77,2019-08-04T15:15:00Z,1cfc79232b94e935975fcca467786a2b40af05a85aebfa09585d9067,60.16762,24.95415,000000006b44cce7,9.12
78,2019-08-04T15:15:00Z,1f983c3bfb11797324b1787f2a42ebc78bb71c1ed9cfbc00d1bb8727,60.14947,24.91438,000000004ef3150d,25.36
79,2019-08-04T15:15:00Z,1faaaeff6423708e06d94b904af4be93e399939fbdfd3b3091dc8bd2,60.15432,24.9211,0000000019fb59c4,13.75
80,2019-08-04T15:15:00Z,1fff2a2127942e14824f161dbce3f0d1044bc16a29847b6d6e1b855b,60.149,24.9843,00000000fffb8cf0,21.87
81,2019-08-04T15:15:00Z,20afcc3cc524822414f7f50f2fbb8acd4c8a1f91cb80f9bceadfcc27,60.17065,24.93641,000000000f4919c9,25.36
82,2019-08-04T15:15:00Z,228eb7baaa47dfc8a559e87671d663d3e9361fa76f5f513bd3a9088e,60.16897,24.95222,00000000aa852af1,20.28
83,2019-08-04T15:15:00Z,231f6040aaf6afe5382f8bee7d73098902fbeb21eaa50964634fe8d5,60.16897,24.95222,00000000aa852af1,27.28
84,2019-08-04T15:15:00Z,2438067f653043e4579c328865c8d551c8418b8f2c69118bcd6bddaf,60.16629,24.95957,00000000fb7600be,25.36
85,2019-08-04T15:15:00Z,2660a80da0b215aa4fcceecf1e945dffff24a74b58b07686db9fb9ca,60.16544,24.95398,0000000038d83d41,18.79
86,2019-08-04T15:15:00Z,292e1b6d0aead6143f0a8866a7d43c5848f83d2e1f5caf0f5f6582b5,60.16897,24.95222,00000000aa852af1,31.5
87,2019-08-04T15:15:00Z,2972116705ac8020c322d94650e545c413bc813b8b63299c92bd7691,60.16897,24.95222,00000000aa852af1,20.28
88,2019-08-04T15:15:00Z,29b7bcd72bcc284cf46174d221a54068bd611483242c2ca46805ca21,60.16629,24.95957,00000000fb7600be,16.1
89,2019-08-04T15:15:00Z,2a25c6283b28c89a393c19dac036a84645b49a7b13e79b81339412a5,60.149,24.9843,00000000fffb8cf0,5.41
90,2019-08-04T15:15:00Z,2a36d47f070eec728e4bf9839e4065858bf49b95918699c5fbbc063f,60.16829,24.94214,00000000afef4555,16.1
91,2019-08-04T15:15:00Z,2c030b3b9c05b78bcc78a420f2e7719944b14c965b153140972aa000,60.1638,24.96846,00000000d747f075,16.1
92,2019-08-04T15:15:00Z,2d09fc334b8f0251db54428328d9f960567e160184aad0de162ea684,60.16629,24.95957,00000000fb7600be,13.75
93,2019-08-04T15:15:00Z,308c6ffd0401135724d45db4ecc978e018dc028159d9e688f3868f3e,60.1638,24.96846,00000000d747f075,14.89
94,2019-08-04T15:15:00Z,342157cd89f514079de73eda02a8d59e264afc64babb026a5607297a,60.17002,24.94407,000000006b087f40,31.5
95,2019-08-04T15:15:00Z,35dced31c966ebb1bf3d156a5a1d64b797389f56e62420fcb3f49850,60.16762,24.95415,000000006b44cce7,12.69
96,2019-08-04T15:15:00Z,35e61178d770c0db80136164090673873b54e0510be43652777dafe2,60.1638,24.96846,00000000d747f075,20.28
97,2019-08-04T15:15:00Z,35ea2fc89a49149ba8eff32fb970d87f87b7e210439c21806ac48586,60.18203,24.91341,00000000342570c2,16.1
98,2019-08-04T15:15:00Z,3649062613db52815c7f2fce1ddb4f21d29565102ddd28adae01e09c,60.17002,24.94407,000000006b087f40,21.87
99,2019-08-04T15:15:00Z,3ada0f44020a56d2d12baff74f5935be5e3e5a2de0447cf5a8e8e7f0,60.16897,24.95222,00000000aa852af1,16.1
100,2019-08-04T15:15:00Z,3b175d3bcc906f6e6eb31d8ffb6c040c089a80c87bfc1f0c119068b1,60.16448,24.97323,0000000053c6c2be,5.91
101,2019-08-04T15:15:00Z,3bae25efe359e53f68fcb9db3752fa2b9c897d2f2504abcf1b6ff924,60.17002,24.94407,000000006b087f40,27.28
102,2019-08-04T15:15:00Z,3c28b9cde28407ab0453c817aaccf527e646a3b731aafd286d4b31b6,60.1638,24.96846,00000000d747f075,9.12
103,2019-08-04T15:15:00Z,3cfcab63320147e0b326f3b2250c201e9f27195bb0bbdc2869e03377,60.1638,24.96846,00000000d747f075,18.79
104,2019-08-04T15:15:00Z,3df4d50ab5793b66109741b0f90beacf18f6b411f620f885499c9b18,60.1638,24.96846,00000000d747f075,20.28
105,2019-08-04T15:15:00Z,40692cb8af401a3a073a9a2d7a2c5ee7b06db4118698d193619adeaf,60.16762,24.95415,000000006b44cce7,1.54
106,2019-08-04T15:15:00Z,41560a2b0b5e4f98738da0386205d277cda20f5df2a925f96b52bd20,60.1538,24.95595,0000000038bf9618,44.58
107,2019-08-04T15:15:00Z,43b6a27492d208416174a23464efe5ad2d1d4f7493f0acae0d5cdee2,60.16829,24.94214,00000000afef4555,21.87
108,2019-08-04T15:15:00Z,4439d323ae890ca310c07a255d53e93d440d919d971c2b158d077be3,60.16897,24.95222,00000000aa852af1,20.28
109,2019-08-04T15:15:00Z,4459c7cdacd06970565f96fa1285a7c38c44e4569d045856db6bbd53,60.1638,24.96846,00000000d747f075,18.79
110,2019-08-04T15:15:00Z,454e08c4c59a4a3fcae8c84639662ccf0da81ac3e5ae53c960cd4a9a,60.16762,24.95415,000000006b44cce7,17.4
111,2019-08-04T15:15:00Z,4581e052fdf00325e14d305f0f7a0625ad9fa9c4df773065c1cb5f79,60.16762,24.95415,000000006b44cce7,5.91
112,2019-08-04T15:15:00Z,45b553ecbf80de8863cc72c08babbe619c9a3dffe755b711f81ec7a2,60.14947,24.91438,000000004ef3150d,7.69
113,2019-08-04T15:15:00Z,46e9e41e56891200e1a1fe920350e1792af8cf2153a5bf1ce004de68,60.18203,24.91341,00000000342570c2,14.89
114,2019-08-04T15:15:00Z,47a201c6d2e981d375ee5a976a25a0c529637120c2c04df972faf8fa,60.16897,24.95222,00000000aa852af1,11.7
115,2019-08-04T15:15:00Z,49342ee4369711bea1c3c9ba01e193f11de02163eb8e6b4304808c46,60.1538,24.95595,0000000038bf9618,17.4
116,2019-08-04T15:15:00Z,4a2b727d2d4420af6f213b5d9738aee21cb82e4e7127a975a0661c0d,60.1638,24.96846,00000000d747f075,20.28
117,2019-08-04T15:15:00Z,4cfdf8e56b87434789b71f8ea37f6e14f382dc2b6f28ce9d6d17f78b,60.149,24.9843,00000000fffb8cf0,29.32
118,2019-08-04T15:15:00Z,5165c4a38dad08b50e6b625f4d705b082a3fd63fb4d7a81a0c9f626b,60.1638,24.96846,00000000d747f075,0.28
119,2019-08-04T15:15:00Z,51e0216027da41881069f6292fd006382a60cc9b6dbdc62f8b6d7c2f,60.16448,24.97323,0000000053c6c2be,4.11
120,2019-08-04T15:15:00Z,546e3bb7b1d841801b2487b459f91fd7156c8eb53e5d9e646ee41fd4,60.149,24.9843,00000000fffb8cf0,17.4
121,2019-08-04T15:15:00Z,559b914f5ac1b9eed334c49c7b671f941fadeaddd53ea0adf4c7eb1f,60.16531,24.9442,00000000fdda10fe,5.91
122,2019-08-04T15:15:00Z,56ba8f793bbf06e4a6f335fa1ce99082b25cae4d024fb98dd327e5b7,60.16829,24.94214,00000000afef4555,20.28
123,2019-08-04T15:15:00Z,570e6ff4f1bcb806891d9de8cbad864a6d5eca87e25257181a9f720f,60.17002,24.94407,000000006b087f40,47.69
124,2019-08-04T15:15:00Z,580b2e1424a809575cbf9f1d234d892e1780d53b592861432c359bda,60.16448,24.97323,0000000053c6c2be,4.94
125,2019-08-04T15:15:00Z,584cb0b0cdd14e608c8b57c8aecc9826f9b40027e365e2438a444ea2,60.16762,24.95415,000000006b44cce7,13.75
126,2019-08-04T15:15:00Z,5a6281f0f9e500a812db319bb726199ca9e146cfc21b68a6a03096c7,60.16829,24.94214,00000000afef4555,31.5
127,2019-08-04T15:15:00Z,5ab3e24dc4dedfe761dd0582de804fb146216e350b3a3c8a106170ae,60.17918,24.95141,00000000675d5200,8.38
128,2019-08-04T15:15:00Z,5c6bbab3811e523005950d6518b86a690d1ece3acc1dbf1b192665d1,60.1638,24.96846,00000000d747f075,17.4
129,2019-08-04T15:15:00Z,5cd13e415ed3c2181537bcad0de4d6cc91e1588270c479482f7300d6,60.16897,24.95222,00000000aa852af1,4.94
130,2019-08-04T15:15:00Z,5f16b35975cb79a73dd99c0196d7dd4088d7295c3fba3e52d5cd1aae,60.16544,24.95398,0000000038d83d41,18.79
131,2019-08-04T15:15:00Z,5fb9a881d1bf908ddf6925347ea3cd3c9e5d40227c0a65d5453a1811,60.1638,24.96846,00000000d747f075,18.79
132,2019-08-04T15:15:00Z,60117f8551ee1d0d92c7c450957c5202288dbe719950b565ad0d648d,60.173,24.92524,0000000096918cfa,21.87
133,2019-08-04T15:15:00Z,62185c8516dbbc780815c2abd5b17f45e04388a4c1dd446d6457ad45,60.1638,24.96846,00000000d747f075,17.4
134,2019-08-04T15:15:00Z,637444cccbc28160d6b34e9f414caeac4ace95d16ac6c068c9762759,60.14699,24.922,00000000a53ed894,25.36
135,2019-08-04T15:15:00Z,63b2663f63887e2a06b0e707317b4285647aa18add3075f87285d3aa,60.16531,24.9442,00000000fdda10fe,29.32
136,2019-08-04T15:15:00Z,64c0c9b435a06e8d7a3e4b5e2873cc2eb14d9f62f7e5d444d7f1102c,60.17002,24.94407,000000006b087f40,21.87
137,2019-08-04T15:15:00Z,64df914b7e72551acf45f8f3faa30b1dcff9fec650f933453fcc0ec2,60.16897,24.95222,00000000aa852af1,13.75
138,2019-08-04T15:15:00Z,65e526a6a38f0e097234361b7cf098c917d05865d8f27ae8345d0968,60.16448,24.97323,0000000053c6c2be,21.87
139,2019-08-04T15:15:00Z,663934ef119cb507b0ab80efbc2f144919d9379b2eeeb7f8eaad2a13,60.16897,24.95222,00000000aa852af1,7.05
140,2019-08-04T15:15:00Z,68930316cc8e6a693b180353bcde4dfa66629eccde541dd6f60d322d,60.16448,24.97323,0000000053c6c2be,10.78
141,2019-08-04T15:15:00Z,68affde5151b575401dbe21af9ecbdcff0b83205a86eee4b70a7acdc,60.1538,24.95595,0000000038bf9618,31.5
142,2019-08-04T15:15:00Z,68e85f3ae7cdf7b5a538cf16c252b5987fccd6ceaa6549ab38a39f0f,60.16762,24.95415,000000006b44cce7,18.79
143,2019-08-04T15:15:00Z,6988ec01253a843e196a600f7643c078c276715ef8ae939c2cc5e2ba,60.173,24.92524,0000000096918cfa,20.28
144,2019-08-04T15:15:00Z,73784f23f0d0f83aa238c74a4bcf64e892e5a6b04315a4f0cea8cf2c,60.1638,24.96846,00000000d747f075,17.4
145,2019-08-04T15:15:00Z,74f6d28b4daf8e28222bb67a4d28c8c9fec900d027ee98b1dfaef4e3,60.1638,24.96846,00000000d747f075,31.5
146,2019-08-04T15:15:00Z,751ff606cba267580389d9a38115ba83616cae9559bc282019f6549b,60.17065,24.93641,000000000f4919c9,10.78
147,2019-08-04T15:15:00Z,762a72778f6a1f1f591a9dcdab0aaace60d4bf71102406cb2286529c,60.15432,24.9211,0000000019fb59c4,11.7
148,2019-08-04T15:15:00Z,770a14a7532d6f620bc696f322fe40f0166c101b715c8db859379765,60.16629,24.95957,00000000fb7600be,13.75
149,2019-08-04T15:15:00Z,79bde23c1a8980f93a65e14306f0d8ea89e164430d8b991e2bfee82e,60.16531,24.9442,00000000fdda10fe,11.7
150,2019-08-04T15:15:00Z,7c0fbd1669e30c14a79e04e123bc08ce39d5209b29af10c8279bf507,60.16448,24.97323,0000000053c6c2be,5.41
151,2019-08-04T15:15:00Z,7cbc0bff75278469046ebae32d98ffe09bc5e9d0f7ee63724f6076c9,60.16897,24.95222,00000000aa852af1,14.89
152,2019-08-04T15:15:00Z,7f934a41f32ada40225edd485a26d116eab61bdbad6ff7f8ffc547a0,60.149,24.9843,00000000fffb8cf0,25.36
153,2019-08-04T15:15:00Z,80bb6911063e6bb985f55f01d2405c6123f9a15fa5218b25b3f54f35,60.18203,24.91341,00000000342570c2,18.79
154,2019-08-04T15:15:00Z,8212577cac262d93f9cc4c06869bf5b66b1fcf22658389246ddeecfd,60.1638,24.96846,00000000d747f075,29.32
155,2019-08-04T15:15:00Z,833a713e09d228b400c0fc5f4fcb823b2e2c2ef6897dbdd7fd4ecbbb,60.16829,24.94214,00000000afef4555,4.5
156,2019-08-04T15:15:00Z,84a77ff1a6bfcb13320a5e99b1602c613072928e402383374842a50b,60.18203,24.91341,00000000342570c2,38.87
157,2019-08-04T15:15:00Z,863a7e518a920b225d5e9985376d6f94ec9cbcbf0ac673f8ba93092e,60.16829,24.94214,00000000afef4555,25.36
158,2019-08-04T15:15:00Z,8b1b473b8b7a8635591b5d3587e36d61a172a46e5adf03ab328ef9a5,60.173,24.92524,0000000096918cfa,18.79
159,2019-08-04T15:15:00Z,8b5c44c7c2ca4d683342cfc9bb380d6e7c512aaa02831a57dad63a20,60.16762,24.95415,000000006b44cce7,9.92
160,2019-08-04T15:15:00Z,8bf1f636a15614eb2bf36239a2b09040114a11abd76569f1f3677b54,60.18203,24.91341,00000000342570c2,16.1
161,2019-08-04T15:15:00Z,8e83e4fc9c634eb1daf097f9ae31f875d4412009d6a543a76eb0e9cb,60.149,24.9843,00000000fffb8cf0,27.28
162,2019-08-04T15:15:00Z,9218b4158d7211b7049c0d44c57905a9573c8589366b440b2a69308b,60.1638,24.96846,00000000d747f075,5.91
163,2019-08-04T15:15:00Z,94b23964bf48ec64240c0873872ccfc0078a4c87cd733155817534be,60.16629,24.95957,00000000fb7600be,17.4
164,2019-08-04T15:15:00Z,977e029b7eea7b18077cc772ab9e864e200444dacdb8528d1101bd28,60.16629,24.95957,00000000fb7600be,14.89
165,2019-08-04T15:15:00Z,9a6d1e1ba612e5dfa4e726461d1b272fb28332ae4b81e01f9ee7f2f5,60.16448,24.97323,0000000053c6c2be,10.78
166,2019-08-04T15:15:00Z,9a8f94d1ccadcc3284417a118bfdce0b1d9faf9de78bdea36a08e150,60.16762,24.95415,000000006b44cce7,11.7
167,2019-08-04T15:15:00Z,9b37705fd1b586b90e356a7a324beab59d58aa1978bf7048a7ccca12,60.17918,24.95141,00000000675d5200,18.79
168,2019-08-04T15:15:00Z,9c29869c3da66beac374e3bbcdde193758b34f1d817130622cba5679,60.1638,24.96846,00000000d747f075,9.12
169,2019-08-04T15:15:00Z,9ffb20eb735803d39b693fa02ec9b0e66bbb6ca85e79c71814ee94a1,60.1638,24.96846,00000000d747f075,17.4
170,2019-08-04T15:15:00Z,a3715e1eb1b9a3e971d551a16fb3ed1d702d108a40750b13647ff444,60.16897,24.95222,00000000aa852af1,20.28
171,2019-08-04T15:15:00Z,a62c33d94046a6ca32529fd2e6e1593b8f64112cc1e99aba47434438,60.16897,24.95222,00000000aa852af1,17.4
172,2019-08-04T15:15:00Z,a9b9c740e4b36aae958fb016d4581bb833b97e69fbb612b7eb84a8d9,60.16897,24.95222,00000000aa852af1,20.28
173,2019-08-04T15:15:00Z,aac2aff9b0944e0bd5f2ddd4d147620b200b2a356f95c2c503ee864e,60.16448,24.97323,0000000053c6c2be,18.79
174,2019-08-04T15:15:00Z,ac03524509c245cbe525c3b56a7ca556b1bddcd0193d5bba3ce5dc9a,60.16829,24.94214,00000000afef4555,14.89
175,2019-08-04T15:15:00Z,ac08bc08d51edf339c21ea8d637768bd16ed51d98af6a92296502691,60.16762,24.95415,000000006b44cce7,13.75
176,2019-08-04T15:15:00Z,adfe5613c50fee40d3e4f174af7adfe56b6abb4dbc948401632f08c6,60.1538,24.95595,0000000038bf9618,25.36
177,2019-08-04T15:15:00Z,afd08211c72a69631d336003e8b1eb58992ebac73ebab8fb2b1dbb07,60.149,24.9843,00000000fffb8cf0,29.32
178,2019-08-04T15:15:00Z,b1540129016cc013339816a0695e26b610411d0306f7a48802c33433,60.1638,24.96846,00000000d747f075,1.54
179,2019-08-04T15:15:00Z,b15b467d55b8830f136dbfe62d19f03ea1a353b963d3dbf30284228b,60.1538,24.95595,0000000038bf9618,36.27
180,2019-08-04T15:15:00Z,b29a295f9eca05210c0ee5218ca848a71cdd1b0cdb1fe6b01d08973e,60.149,24.9843,00000000fffb8cf0,1.25
181,2019-08-04T15:15:00Z,b2ef9399de3e131d761c193ded7ad87517a3e5f5ea4ece8ff88a1336,60.1638,24.96846,00000000d747f075,16.1
182,2019-08-04T15:15:00Z,b30fc45cbffc915a57f9189ce5407f2911a6b497e1f5d5ee57b0e636,60.1638,24.96846,00000000d747f075,16.1
183,2019-08-04T15:15:00Z,b44c9b452283176661cd1f669e8416bb60417bebe57195c9e041b5ef,60.16448,24.97323,0000000053c6c2be,20.28
184,2019-08-04T15:15:00Z,b4b1000bab7d3570ec9b4a33c246f282da8656155facb09b556a2238,60.14947,24.91438,000000004ef3150d,9.92
185,2019-08-04T15:15:00Z,b4c803868ed807ac7dd7c29e6cfd335882c8208214ef5ca4da251165,60.14947,24.91438,000000004ef3150d,17.4
186,2019-08-04T15:15:00Z,b54b01650412eee00c5f9af46a35fd6f25c64d548c2117338337215b,60.16531,24.9442,00000000fdda10fe,16.1
187,2019-08-04T15:15:00Z,b68e7ae6f5b42ff942a97b8e7a2a516ed6b8a5e25ccbca5f6729a770,60.1638,24.96846,00000000d747f075,20.28
188,2019-08-04T15:15:00Z,b6e677daf6b1a4cfcee1408073fec455a8a46131460588be0f5aedf7,60.16762,24.95415,000000006b44cce7,25.36
189,2019-08-04T15:15:00Z,ba865e2626b576794df645aa3a4f1a5d4de6221c01bd166d8b251756,60.16897,24.95222,00000000aa852af1,8.38
190,2019-08-04T15:15:00Z,bb9988a0354484701e8691a47e49cba0e17d646a408a00626559d55d,60.1638,24.96846,00000000d747f075,12.69
191,2019-08-04T15:15:00Z,bbc7f3b8aea1c1981a7b9abe929aa7284fdc14bed724afa8cb18288c,60.149,24.9843,00000000fffb8cf0,21.87
192,2019-08-04T15:15:00Z,bc07df8cc395f6f4f5d483b2233caca5f93a6918f346e4cc3702f8cc,60.16531,24.9442,00000000fdda10fe,12.69
193,2019-08-04T15:15:00Z,bdb0915974a2b80217c9dc5b005d9a92b7b24b2342bc7687f7dd60c9,60.1538,24.95595,0000000038bf9618,27.28
194,2019-08-04T15:15:00Z,bdc97694c88e6d88b62ba1526433c9dd2b0a84d346466c31b79d54b3,60.16762,24.95415,000000006b44cce7,23.56
195,2019-08-04T15:15:00Z,be9ae1cf91bd4a065ec75b40f074e6f321f2494c31f2cddcc0eedf0e,60.1638,24.96846,00000000d747f075,27.28
196,2019-08-04T15:15:00Z,c0a0ca3433586ed2ae0e448f2406fabac7292ac79d49562e0bd5cef8,60.16762,24.95415,000000006b44cce7,16.1
197,2019-08-04T15:15:00Z,c282ddf785d8354d3767bd564ea20cdd5c9d326b46d736a37157a3d8,60.16629,24.95957,00000000fb7600be,23.56
198,2019-08-04T15:15:00Z,c30facce62f83109073647b7243946ca1bcae672f88584b8f78efe13,60.14947,24.91438,000000004ef3150d,23.56
199,2019-08-04T15:15:00Z,c402d58dcc85c353400d351cb4a40812a93a1c9020378be9dce28a2e,60.14947,24.91438,000000004ef3150d,9.92
200,2019-08-04T15:15:00Z,ca56158676c4aed54310274189708b5a90f821d689e1d80a2fd6fb27,60.16448,24.97323,0000000053c6c2be,12.69
201,2019-08-04T15:15:00Z,cbd61b26c0e4c667c3bbc33384ba34c74c9a48ef076e120ea5af7dab,60.1538,24.95595,0000000038bf9618,29.32
202,2019-08-04T15:15:00Z,cc3d6e59f2428bf4f72a7e60c53b85ff4f8f82142740f046671d5223,60.16762,24.95415,000000006b44cce7,14.89
203,2019-08-04T15:15:00Z,cd516294ecdbbff6a3825cd8f4a16023b4eb1da00298fd124d9ecc07,60.16762,24.95415,000000006b44cce7,3.74
204,2019-08-04T15:15:00Z,ce06f23d522e437d3e1fab7aef3025c938d3eadab7073de3df37d2fe,60.1538,24.95595,0000000038bf9618,18.79
205,2019-08-04T15:15:00Z,ce124e0560a76b3583182ddc75582568f0091c87cc3faa5b3d924789,60.18203,24.91341,00000000342570c2,33.81
206,2019-08-04T15:15:00Z,cf361d8e152889557a3c1fbb7bf56b2fa10493a83084ec01346dd36a,60.16762,24.95415,000000006b44cce7,16.1
207,2019-08-04T15:15:00Z,cf6571c88d9a76d4bee58e9e3214a08cadc8bd5ed7beff95a2ad8bf5,60.1638,24.96846,00000000d747f075,13.75
208,2019-08-04T15:15:00Z,cfbde6a6debbcf0a437efb1c6f72852c593071fdabc2f681043d5a64,60.16531,24.9442,00000000fdda10fe,31.5
209,2019-08-04T15:15:00Z,d08a438d0e0b4e78aba732500569bd7c5de38795dcb43841636b780e,60.16762,24.95415,000000006b44cce7,6.46
210,2019-08-04T15:15:00Z,d1169e2d3fc6e7dc030c192049673e32c1a1614da9a68f137ef73ff3,60.1538,24.95595,0000000038bf9618,23.56
211,2019-08-04T15:15:00Z,d229ab36d78255c81a2556cdd7b8cef8b2e1ea11029b76e8b7194a6e,60.1638,24.96846,00000000d747f075,14.89
212,2019-08-04T15:15:00Z,d313b4f9611e08eef2d0102124d8523e4bc97dac270ad11d912dc9a2,60.1538,24.95595,0000000038bf9618,29.32
213,2019-08-04T15:15:00Z,d401828d6abbe968d501025b59170b019d0ac806b68c8c5baecd19d6,60.149,24.9843,00000000fffb8cf0,9.12
214,2019-08-04T15:15:00Z,d631b7f800c14ea8e1d6ec7cd0668e07f2d89a373918ee408c51e16d,60.1638,24.96846,00000000d747f075,27.28
215,2019-08-04T15:15:00Z,d6b4e144ca4e1a9741093a5ff1bdb1d29e5549bd72e6056e9aded48e,60.16544,24.95398,0000000038d83d41,16.1
216,2019-08-04T15:15:00Z,d861bb4f16e925f8dd39faf8f26b7e740397a629b9f8a7a5a0b1bd37,60.16897,24.95222,00000000aa852af1,20.28
217,2019-08-04T15:15:00Z,d8a1db25ebf97e787b1d518f9080c1d563f621157a4ce04433d32afe,60.16448,24.97323,0000000053c6c2be,20.28
218,2019-08-04T15:15:00Z,d9f3e9725f10b207d90974f0d61f19b8be98c6d41039f2afec35411f,60.16897,24.95222,00000000aa852af1,18.79
219,2019-08-04T15:15:00Z,da2022bc3cce8c74e8e37a995255d236ed71cfc887b6bad278e392cd,60.16897,24.95222,00000000aa852af1,10.78
220,2019-08-04T15:15:00Z,db46c846aa1a7812a48d878c4bdf311271c808220fe6decdbf39216b,60.16897,24.95222,00000000aa852af1,41.64
221,2019-08-04T15:15:00Z,dd1e19b5215c3d54c3788ea3732eb44f6a43d85bd95ec41af4984c43,60.17065,24.93641,000000000f4919c9,27.28
222,2019-08-04T15:15:00Z,dd2fc958a7f39fef8bfea3948c28d264a3c61ffc3deb2d18244e3805,60.1538,24.95595,0000000038bf9618,20.28
223,2019-08-04T15:15:00Z,dfdb206457c979184c7eb1223b0cab97b6bdac56031d63ea1994aebf,60.17002,24.94407,000000006b087f40,16.1
224,2019-08-04T15:15:00Z,e146a005895fb34bd6ba171e992a110e3768e607872add67faa900fa,60.16762,24.95415,000000006b44cce7,12.69
225,2019-08-04T15:15:00Z,e14e542ca50e6440bccfab14fa3839f7ccba019b49596fee5e9088b3,60.16897,24.95222,00000000aa852af1,16.1
226,2019-08-04T15:15:00Z,e1b5fe296a456b90de42f4e5a29e8127add28aeea80f572923af2d79,60.1638,24.96846,00000000d747f075,9.92
227,2019-08-04T15:15:00Z,e2c6c127432ec378a7b914e20f80f182c0fef3f9bfc660590decb7d2,60.16897,24.95222,00000000aa852af1,14.89
228,2019-08-04T15:15:00Z,e2e679a35fb17208c9a9241437fe9367317940a5cc3cbc701b088c51,60.16544,24.95398,0000000038d83d41,16.1
229,2019-08-04T15:15:00Z,e32fa730cd06c6a5b87478ddd9263d71ed2203bf7461cbce998163e3,60.1538,24.95595,0000000038bf9618,17.4
230,2019-08-04T15:15:00Z,e4531bb6c9ade9e53693b47fe111ee67cdc44b26cb898e7e1d9044ef,60.1538,24.95595,0000000038bf9618,38.87
231,2019-08-04T15:15:00Z,e4a49edb796d7c00a51406af69a02788cea9e08a344618ce4049fe85,60.149,24.9843,00000000fffb8cf0,23.56
232,2019-08-04T15:15:00Z,e4db5c62d4b9ec558621d8a123eb805c72745df50dd74347ced8bfab,60.16762,24.95415,000000006b44cce7,8.38
233,2019-08-04T15:15:00Z,e4e0c1ee485a6b8d63cdadd6c74f5f5f4aa50f52b4bb0aed505bcfff,60.16762,24.95415,000000006b44cce7,25.36
234,2019-08-04T15:15:00Z,e4ee080eaf6f112651bd404e686d8dd30e1a3465441287ff64f78969,60.16448,24.97323,0000000053c6c2be,25.36
235,2019-08-04T15:15:00Z,e78b2136fdd361feebebc11b7eb586a2ef3614bff364b13989d4b0b9,60.18203,24.91341,00000000342570c2,23.56
236,2019-08-04T15:15:00Z,e823216cf40a57ac624a5a777ec88eff28b4c4c176b28b9cbff22546,60.149,24.9843,00000000fffb8cf0,25.36
237,2019-08-04T15:15:00Z,e9b4ef9f7d098dd44075450092cb96f927d1b142b69ff0f6f140ef04,60.16829,24.94214,00000000afef4555,21.87
238,2019-08-04T15:15:00Z,eb52f926ede5b4eed06cbe5b7ec5a35f6c25033f217f9f051c4ff67d,60.16448,24.97323,0000000053c6c2be,20.28
239,2019-08-04T15:15:00Z,ec5e878c176f5e4b8a2a44df52367aa39e9f55db64902093cae65008,60.15432,24.9211,0000000019fb59c4,18.79
240,2019-08-04T15:15:00Z,eee3d2dbbe0392823f8de9e6dcc5b1f778e4f516edd8a95b1172d7d0,60.16762,24.95415,000000006b44cce7,12.69
241,2019-08-04T15:15:00Z,f3276ae7487b43b5b190466dfe694e7e0d3c49c92d517f4e8c8260a8,60.16829,24.94214,00000000afef4555,8.38
242,2019-08-04T15:15:00Z,f39f6ba0097267afdeb0269e15b20da3df2c673a6c0e1974a4eed88a,60.16531,24.9442,00000000fdda10fe,11.7
243,2019-08-04T15:15:00Z,f3e521b66be3c0f94e9fd54e117f4661a1a849369834ecb44362c720,60.1638,24.96846,00000000d747f075,14.89
244,2019-08-04T15:15:00Z,f495efb5d4621ee6fd25cc6ad8447be3e75070d6575653c390785897,60.16448,24.97323,0000000053c6c2be,16.1
245,2019-08-04T15:15:00Z,f4a725a70ccb8a2d517a66e01926652370b81ee9d37c1563e71a1d04,60.17002,24.94407,000000006b087f40,18.79
246,2019-08-04T15:15:00Z,f5bc1c8d5a5f78f0fb6ad6c950f8680272f771b1711dfd93e6734bfb,60.16829,24.94214,00000000afef4555,20.28
247,2019-08-04T15:15:00Z,f83a88804ff91c44d1381031beb9df4059272138ced5cfc1a516b473,60.16448,24.97323,0000000053c6c2be,7.69
248,2019-08-04T15:15:00Z,f9399339c3de44774896319d3f291771cebcaf2666df1d6062469882,60.16531,24.9442,00000000fdda10fe,20.28
249,2019-08-04T15:15:00Z,fd893b106b615201943b2454a1943c0b58f83a66034747dde39f170b,60.18203,24.91341,00000000342570c2,20.28
250,2019-08-04T15:15:00Z,fdc66a3b2aa878f2b5cc210d77e09ad978efbb117ea69493a7a8e7ef,60.1638,24.96846,00000000d747f075,20.28
251,2019-08-04T15:15:00Z,fe3be40e18057b95dbc52a89e56fd2516c1ab70a89cfaf4a34c40f3c,60.16531,24.9442,00000000fdda10fe,21.87
252,2019-08-04T15:15:00Z,ff67fd7b2635d764449b6102baf5e67b7aa4592394196e842c5af82c,60.16762,24.95415,000000006b44cce7,3.4
253,2019-08-04T15:15:01Z,002609eccfa6482109fb43966e0153bf6f371425cf715e49925348dd,60.14699,24.922,00000000a53ed894,23.56
254,2019-08-04T15:15:01Z,0152988639aaaa9cc27213280c8f0c0c8ec97ae6a45aaaf743c9c25d,60.16544,24.95398,0000000038d83d41,23.56
255,2019-08-04T15:15:01Z,0d85b598c652009b53aa870fe64aff1b95f84e796cde2c3b2ee49adf,60.14699,24.922,00000000a53ed894,17.4
256,2019-08-04T15:15:01Z,112c36ba789fa57e2b19c9bff8bfe0b3eba19a431c3af4656c4cee5b,60.16531,24.9442,00000000fdda10fe,36.27
257,2019-08-04T15:15:01Z,14c7e1511b70f4dd3359cbece1377aebb4d70531f5489eefe53d7c3c,60.16544,24.95398,0000000038d83d41,25.36
258,2019-08-04T15:15:01Z,16962a7bb036a995c8cf0c2bc17153c812c23d9af2eaf2207425da3b,60.14951,24.92138,0000000006dd41f6,27.28
259,2019-08-04T15:15:01Z,19882f7eb60b2bbe4df9b48d27f047426a641e74eea690915e2b2288,60.16544,24.95398,0000000038d83d41,25.36
260,2019-08-04T15:15:01Z,25a7ff811c3c06e426c7c2cbb0433d9a2a3399b23afecbd35584ab0f,60.18203,24.91341,00000000342570c2,27.28
261,2019-08-04T15:15:01Z,29113a3967bc167b1fd69f346c60a884baf31f91288e032e493eeac2,60.16762,24.95415,000000006b44cce7,7.05
262,2019-08-04T15:15:01Z,2d3d031189abfaea69cd551a97b2b2d056a908f19bc56701010a2304,60.16897,24.95222,00000000aa852af1,13.75
263,2019-08-04T15:15:01Z,308507cb311da46197bde78e03e93bd21aa718569929eeb47b83cece,60.16629,24.95957,00000000fb7600be,18.79
264,2019-08-04T15:15:01Z,36b298bea3c27f30235cbc7de929f2f14ff5d457f395de64ea57b3c7,60.16762,24.95415,000000006b44cce7,9.92
265,2019-08-04T15:15:01Z,3eeaf7b0b4a0470e1266bc7544528e53c0648059b4de7f591696c9b8,60.16762,24.95415,000000006b44cce7,13.75
266,2019-08-04T15:15:01Z,3f3f0e3cdcbe7caf36f733c3f1636b6d47fa8c5a2c39b7c92e4054a4,60.16448,24.97323,0000000053c6c2be,18.79
267,2019-08-04T15:15:01Z,44d0b94469070803869f229601e877beb613c3f5aafa009addf97a1a,60.16544,24.95398,0000000038d83d41,14.89
268,2019-08-04T15:15:01Z,469a9331195d6dc49fc0e798f1c83a2e5b44c2338400370ee61eb14e,60.16629,24.95957,00000000fb7600be,21.87
269,2019-08-04T15:15:01Z,47f7d6332f20652dbd38970d701dd6c9311cf6f61479559092e2837a,60.16897,24.95222,00000000aa852af1,21.87
270,2019-08-04T15:15:01Z,491b2670fa626c719c5624e2a013e9325dd599d02b93ca1a1b0e3416,60.16544,24.95398,0000000038d83d41,16.1
271,2019-08-04T15:15:01Z,4ac871963dcd0b4358d80df9d4cc29af6863329bcb27528523c86d77,60.1638,24.96846,00000000d747f075,12.69
272,2019-08-04T15:15:01Z,4b842d60464228bdf8b8dfaefa4766148504b5565a809b7718dc5256,60.16762,24.95415,000000006b44cce7,7.05
273,2019-08-04T15:15:01Z,4dd5a98787fdebecbd0678b189b834e0723a2702d953370ba62c1330,60.1638,24.96846,00000000d747f075,25.36
274,2019-08-04T15:15:01Z,5d65719c4cbf045f068d084b72302f447d5fd034413d97d13be00d0e,60.18203,24.91341,00000000342570c2,20.28
275,2019-08-04T15:15:01Z,5eed115a984d490b02b602d73787aee8dc8c4e9365b77fbff3818a76,60.16629,24.95957,00000000fb7600be,13.75
276,2019-08-04T15:15:01Z,5fecff186138a9b3e31c6086c33dcd5f1d209e64f0afeed7c688cab0,60.16897,24.95222,00000000aa852af1,21.87
277,2019-08-04T15:15:01Z,6a70e2fbced719333e21eff04fcb9cb36bae9a04d1a3d6ddd96f2c58,60.15432,24.9211,0000000019fb59c4,9.92
278,2019-08-04T15:15:01Z,6e54aa3ec95b9ac30834ee134c4d7f08d086dddaa52d6ac7c9f8e803,60.16762,24.95415,000000006b44cce7,21.87
279,2019-08-04T15:15:01Z,6f06341f358e61699fe1e55e986dd0554bc8da28b91daf0c5ad99db6,60.16629,24.95957,00000000fb7600be,18.79
280,2019-08-04T15:15:01Z,70d8572458a1a103555bab897b6443e601e0ed211414b15ad0b56f60,60.16762,24.95415,000000006b44cce7,20.28
281,2019-08-04T15:15:01Z,737efc92e3419e9d96a8559ec341ea7e18ba6381fd8e4de3d06f82a0,60.14699,24.922,00000000a53ed894,18.79
282,2019-08-04T15:15:01Z,7876e65f126121713ab8aded48e44b64ad5dd53b4c6e52536c374874,60.14951,24.92138,0000000006dd41f6,20.28
283,2019-08-04T15:15:01Z,7d93beb0fb40bd617a6f72b5feb2ff801d430879793160157aaf3f97,60.16762,24.95415,000000006b44cce7,14.89
284,2019-08-04T15:15:01Z,8715c6bb45cf27900614138945e35533817fe7d34b3f19db2baa1711,60.1638,24.96846,00000000d747f075,1.88
285,2019-08-04T15:15:01Z,87dfaad29a9276ddddb1fa021d3bc23ad14824c1af16f7d87e713689,60.14951,24.92138,0000000006dd41f6,7.69
286,2019-08-04T15:15:01Z,89514d693b1bede7d473d1b7d714829147cb42615145a8351c675525,60.14699,24.922,00000000a53ed894,16.1
287,2019-08-04T15:15:01Z,8c75c3289c84fe4493e1e272a77b615fe1985880c5dc68a7c1a17b53,60.16762,24.95415,000000006b44cce7,13.75
288,2019-08-04T15:15:01Z,90d6efd3a2159b1cdb6db4003f355550d352f032d66f90e8641af30c,60.16897,24.95222,00000000aa852af1,23.56
289,2019-08-04T15:15:01Z,98239bf94ef54f747154b6cbe79cdbf3b87a27880fd23e82c8465dd2,60.14699,24.922,00000000a53ed894,9.12
290,2019-08-04T15:15:01Z,996f7da3170a71df54af7b8d2c850831be22e861d579f1b432b50996,60.16544,24.95398,0000000038d83d41,14.89
291,2019-08-04T15:15:01Z,9d857805574f6cc42e08b5256cf5479cd2dcf45149c123beefb90697,60.16762,24.95415,000000006b44cce7,4.11
292,2019-08-04T15:15:01Z,a1c464bb35a0471b37035627d800a54b2343360c91486e276e3a12c8,60.16897,24.95222,00000000aa852af1,25.36
293,2019-08-04T15:15:01Z,aeb7c485ca9fe54ab61771f126c5e328497254e0be0a015d3315300d,60.16762,24.95415,000000006b44cce7,12.69
294,2019-08-04T15:15:01Z,b14227f786f5236345913fd3833aa02fab2c4983bd651384b263ad41,60.16762,24.95415,000000006b44cce7,25.36
295,2019-08-04T15:15:01Z,b464e4ae98771e06bae3096b0bfd83f32e6b6fa0f03f7762da9b8ee6,60.16897,24.95222,00000000aa852af1,21.87
296,2019-08-04T15:15:01Z,b5fd6b317890e5ab2d79e2cd1abe61626d45a753c7337d0d40728898,60.16762,24.95415,000000006b44cce7,16.1
297,2019-08-04T15:15:01Z,b90577926dd52437738dad5f00d4049f63b26d870442dd6efe495a67,60.14699,24.922,00000000a53ed894,16.1
298,2019-08-04T15:15:01Z,bb98768dad0f7c52cf643f035a3e7e48f5cfe28557c66f2a75914b31,60.14699,24.922,00000000a53ed894,13.75
299,2019-08-04T15:15:01Z,bd01ac8fc2992e9ca32f28c1f1b22983845e90918ba97584017978aa,60.14699,24.922,00000000a53ed894,11.7
300,2019-08-04T15:15:01Z,cb2d33b3afd7fc9c007c925beab61017a4bdaf9dbfbb6b1988a4dfce,60.16829,24.94214,00000000afef4555,1.54
301,2019-08-04T15:15:01Z,ce197d5eedb5498917afe7ca3f7275ffeb191f0c5d050bffa154c1d2,60.16531,24.9442,00000000fdda10fe,36.27
302,2019-08-04T15:15:01Z,cf05623e4d87ce0906c0b0b7dbf53aacc1228016cd27c341228b6e76,60.18203,24.91341,00000000342570c2,18.79
303,2019-08-04T15:15:01Z,cfc0bedb78ded52749db3188cb188bf6a250ef5990da9c5afa9623fc,60.14951,24.92138,0000000006dd41f6,21.87
304,2019-08-04T15:15:01Z,d366aa1925472f34a389921734c1777d6d7c2e812b0f284d78697edf,60.1538,24.95595,0000000038bf9618,29.32
305,2019-08-04T15:15:01Z,d74a3a1beb451d6ddb7ac9544f110fb9cc4c66cda426121d373309cf,60.16829,24.94214,00000000afef4555,12.69
306,2019-08-04T15:15:01Z,e8e366e76c97944e23c0f80b4fd3ce6e5832744922297146a49f0c7e,60.16762,24.95415,000000006b44cce7,7.05
307,2019-08-04T15:15:01Z,e91536fcef4b84e4776b11060d687a3fb50c8199a373852c0bca2f1f,60.16762,24.95415,000000006b44cce7,20.28
308,2019-08-04T15:15:01Z,f088630d7476dae7d4b7e2bb1f10575f2c89acb4b6e061f3d57c2b40,60.16531,24.9442,00000000fdda10fe,21.87
309,2019-08-04T15:15:01Z,f6609ab1076b1105bb845595a03b41b8fbb282f79c337df5bbc9f841,60.14699,24.922,00000000a53ed894,12.69
310,2019-08-04T15:15:01Z,f6e8edd8fd75f9fc0f3857017ee85fad398d9e61e23764b5a113e571,60.1638,24.96846,00000000d747f075,3.4
311,2019-08-04T15:15:01Z,f91c7fdd271a21415af3df2d9f194ceeb956e22818075c7c1e2508a3,60.16897,24.95222,00000000aa852af1,23.56
312,2019-08-04T15:15:01Z,fc4f3a44235f1cfc7b53f14ba2da599976a5a0a220d23b852688e485,60.17918,24.95141,00000000675d5200,29.32
313,2019-08-04T15:15:01Z,00a92278d64bbc55e39a9252c108859334fcab140bfa389a3f870bc3,60.16829,24.94214,00000000afef4555,17.4
314,2019-08-04T15:15:01Z,043a7646a54b8861511fc45df915526f91464b7ba1c07d54a607bb7a,60.16531,24.9442,00000000fdda10fe,33.81
315,2019-08-04T15:15:01Z,063ad15427fbbbe2654e6211156b0fbd1fdbea0d2805b3352f1c4fc6,60.17002,24.94407,000000006b087f40,25.36
316,2019-08-04T15:15:01Z,0a3fd5dbf5abe9fa495a16eaa134371d69ed6f34ed3f6789df3da4a9,60.16897,24.95222,00000000aa852af1,16.1
317,2019-08-04T15:15:01Z,0b1eb19417e97f1e697842b335ffd9beaadec6da79f1f1d884608a14,60.16544,24.95398,0000000038d83d41,11.7
318,2019-08-04T15:15:01Z,0b3c3b515dfb83683bf1b81713ba528b5ed2bd678f291b4f12264c1b,60.16762,24.95415,000000006b44cce7,7.69
319,2019-08-04T15:15:01Z,0c8c3cec7407262ca6ef88e253c840db3020a2bf7cd3dd36d668bd85,60.16531,24.9442,00000000fdda10fe,25.36
320,2019-08-04T15:15:01Z,0f4d3a29418ee1b49175f28bcf41a896e10b17a16da5047c7a1d93e2,60.16829,24.94214,00000000afef4555,25.36
321,2019-08-04T15:15:01Z,0f6dbaace7d43b45dc2334f149814dc3f2825b1fb52c9e8eefb30480,60.1538,24.95595,0000000038bf9618,21.87
322,2019-08-04T15:15:01Z,111829a8cd6a90c7b9512db19955b16e71ab8beabc5f0a6a72c9d89b,60.1638,24.96846,00000000d747f075,20.28
323,2019-08-04T15:15:01Z,12382c339094fb98a60b3721f2fa98155ca02bf7e51cf60698f273eb,60.1638,24.96846,00000000d747f075,10.78
324,2019-08-04T15:15:01Z,141f7cdad7133b154d0830cb5c604099881ca87cd15c12c102b16a37,60.18203,24.91341,00000000342570c2,14.89
325,2019-08-04T15:15:01Z,1986162f006fa6aeef0997f3adc850939fd4099f8c0409e72bc9b1a1,60.18203,24.91341,00000000342570c2,14.89
326,2019-08-04T15:15:01Z,1a807fe053388a82f34bec0341be6b42718cb4d760e572a298b658cb,60.16629,24.95957,00000000fb7600be,18.79
327,2019-08-04T15:15:01Z,1acd0221fbe742c517cfd1f9cc4cd20d5d1a2555154b30677bb5fba7,60.16829,24.94214,00000000afef4555,9.12
