,time,hash,latitude,longitude,serial,distance
0,2019-08-03T08:06:00Z,03e0fc996a589ccdf1871b3c78e089c08c93ba1f2a02d740fb384aac,60.16531,24.9442,00000000fdda10fe,25.36
1,2019-08-03T08:06:00Z,072dc794e212cfe9866e1242d801701f299d36f4aea2da25e22246cc,60.16762,24.95415,000000006b44cce7,21.87
2,2019-08-03T08:06:00Z,14c7e1511b70f4dd3359cbece1377aebb4d70531f5489eefe53d7c3c,60.16544,24.95398,0000000038d83d41,23.56
3,2019-08-03T08:06:00Z,15918569de0a46a8eb56b43d8d39f7fc82619ff1006f00822c85745c,60.17918,24.95141,00000000675d5200,4.11
4,2019-08-03T08:06:00Z,2448a4a7bacce376bf9041799fcd0ba60e3c1179e1fdfc9d7463f44f,60.15432,24.9211,0000000019fb59c4,25.36
5,2019-08-03T08:06:00Z,2a93b61a3863ace54349d7a0937e4134fcc6d4dfcf064eefae2b7cf8,60.15432,24.9211,0000000019fb59c4,18.79
6,2019-08-03T08:06:00Z,2af9f18ec38ddcce3e687bdf1a0e3d95da68f65a2028ee4a3bdeddab,60.15432,24.9211,0000000019fb59c4,14.89
7,2019-08-03T08:06:00Z,304bb5696787ec5a87baf1ad1b37dbed0ff882637d3d965cb18619da,60.149,24.9843,00000000fffb8cf0,10.78
8,2019-08-03T08:06:00Z,3944bc7a301be7241d1f7bc4a97f221000d535ce3d8a9af9af9b23b5,60.16531,24.9442,00000000fdda10fe,31.5
9,2019-08-03T08:06:00Z,3ad296e10983c2ed457632d45855aecf265b05873d87c94e1e462ba2,60.1638,24.96846,00000000d747f075,25.36
10,2019-08-03T08:06:00Z,4186d6da68ebd511be3b61a558ed48d28d1c10eecd472a422b422ca2,60.16544,24.95398,0000000038d83d41,18.79
11,2019-08-03T08:06:00Z,42e4334e48cea326c698c8e5e640ba8310b01ed1ecf539425790c6c6,60.16829,24.94214,00000000afef4555,11.7
12,2019-08-03T08:06:00Z,48fc10b1c898842a641fdef310599d6d5eb7cbb53c7d9fb5932933d7,60.16762,24.95415,000000006b44cce7,9.92
13,2019-08-03T08:06:00Z,4f3bb8ade3c4cd857219dead698c69b5475bcea6e78faa2fc3ba1d50,60.16762,24.95415,000000006b44cce7,13.75
14,2019-08-03T08:06:00Z,4fac5d7b98822701186cc47e99d99b6b6dca2c4acc81f0663da23731,60.14951,24.92138,0000000006dd41f6,16.1
15,2019-08-03T08:06:00Z,55486c7cbc7fe90013a13d912b76ac16b72f90eed0e6df18b56e8a3d,60.16629,24.95957,00000000fb7600be,50.98
16,2019-08-03T08:06:00Z,5bbb5184fded3e51bc78e45e39917794285e6bbc72da404802a9599a,60.16531,24.9442,00000000fdda10fe,23.56
17,2019-08-03T08:06:00Z,5d65719c4cbf045f068d084b72302f447d5fd034413d97d13be00d0e,60.18203,24.91341,00000000342570c2,25.36
18,2019-08-03T08:06:00Z,66dabd3229229330d23c70e9e1737429ddfe69db01f4a6a00f70fa20,60.16762,24.95415,000000006b44cce7,20.28
19,2019-08-03T08:06:00Z,6cafeff25cc9b66ae3d429da439cd956cfa8c12d6ae57b1870400fed,60.17918,24.95141,00000000675d5200,0.41
20,2019-08-03T08:06:00Z,6f06341f358e61699fe1e55e986dd0554bc8da28b91daf0c5ad99db6,60.16629,24.95957,00000000fb7600be,18.79
21,2019-08-03T08:06:00Z,735dd895a3c7c181d12fe4d669789c3299605c827f7d1ebd892388fb,60.1638,24.96846,00000000d747f075,23.56
22,2019-08-03T08:06:00Z,85ceed90800e62346ec513df33a49c092b0f2e3bcf84abbda866a1c6,60.17918,24.95141,00000000675d5200,1.7
23,2019-08-03T08:06:00Z,86c92904e4355944c0e7f6d1cfa1705651423c4d43cd97d57e59350f,60.14951,24.92138,0000000006dd41f6,13.75
24,2019-08-03T08:06:00Z,87dfaad29a9276ddddb1fa021d3bc23ad14824c1af16f7d87e713689,60.14951,24.92138,0000000006dd41f6,5.91
25,2019-08-03T08:06:00Z,8c75c3289c84fe4493e1e272a77b615fe1985880c5dc68a7c1a17b53,60.16762,24.95415,000000006b44cce7,10.78
26,2019-08-03T08:06:00Z,8cd396d0a6167fdcf74585de2535035fe17edbc9094c997f14af2dd2,60.16829,24.94214,00000000afef4555,29.32
27,2019-08-03T08:06:00Z,8ff60f950161ed884860c37d18e95c683a57d568528f4083008a5dd8,60.15432,24.9211,0000000019fb59c4,14.89
28,2019-08-03T08:06:00Z,9590fbe7f7e9074b6dd825956de8c796ae92a16b43c9c6eff0730584,60.14951,24.92138,0000000006dd41f6,7.05
29,2019-08-03T08:06:00Z,999b1d44ff2a2d1dbeba37a049b1cf6901c9d04197f29c7348bfc05f,60.17918,24.95141,00000000675d5200,11.7
30,2019-08-03T08:06:00Z,9b1d852769282f25d10ddde03a126b625dec3c943d955a630eed7f18,60.16762,24.95415,000000006b44cce7,12.69
31,2019-08-03T08:06:00Z,a73feab15b1c10c8eb6ac983cefc02aa781faa64ce6ee51c480c831c,60.16829,24.94214,00000000afef4555,9.12
32,2019-08-03T08:06:00Z,a946809c85b32c633b3822ab6598a1c6f9be21415c0433cdcebd8329,60.17918,24.95141,00000000675d5200,17.4
33,2019-08-03T08:06:00Z,ac70e55586448848432d32c30c57e1ee96fe29873afd890b60fd242e,60.16762,24.95415,000000006b44cce7,18.79
34,2019-08-03T08:06:00Z,af1670a63c3953e772a1508d46f2969ded9090c16061fa8f7c8786b9,60.18203,24.91341,00000000342570c2,25.36
35,2019-08-03T08:06:00Z,b4faf2d3c4d2b199afeab6ab63b583fe3a2e81e14abbef6917f25129,60.15432,24.9211,0000000019fb59c4,17.4
36,2019-08-03T08:06:00Z,b5fd6b317890e5ab2d79e2cd1abe61626d45a753c7337d0d40728898,60.16762,24.95415,000000006b44cce7,9.12
37,2019-08-03T08:06:00Z,b734bc961ea4cb78906a3fc81a5def85f532c889a581fa9d5253a182,60.17002,24.94407,000000006b087f40,23.56
38,2019-08-03T08:06:00Z,bb52abe4edeb7604c7a55e84373a051fe6adeac1849883eb0877f237,60.15432,24.9211,0000000019fb59c4,11.7
39,2019-08-03T08:06:00Z,bb98768dad0f7c52cf643f035a3e7e48f5cfe28557c66f2a75914b31,60.15432,24.9211,0000000019fb59c4,9.92
40,2019-08-03T08:06:00Z,c2d7a5412992b1185bd0da45046f36e7da0478b186d33738d75a7748,60.17065,24.93641,000000000f4919c9,25.36
41,2019-08-03T08:06:00Z,c40c37def6bf11a63a2556519a7c6233fd417cdeea2cf14f28e7c42c,60.16531,24.9442,00000000fdda10fe,21.87
42,2019-08-03T08:06:00Z,cf05623e4d87ce0906c0b0b7dbf53aacc1228016cd27c341228b6e76,60.18203,24.91341,00000000342570c2,36.27
43,2019-08-03T08:06:00Z,dec658a9cfc837c2c17eb2719fd7563cba251411f1d5a980d5595d42,60.16897,24.95222,00000000aa852af1,29.32
44,2019-08-03T08:06:00Z,eb24ab9795f788b82685ca2492dd2f1fd9b93d8d15f84b69c3fdf0db,60.16829,24.94214,00000000afef4555,11.7
45,2019-08-03T08:06:00Z,ed740f442f5b4c0b7c6278bf30f66d4063bbb308276e4106f8ffc8da,60.17065,24.93641,000000000f4919c9,20.28
46,2019-08-03T08:06:00Z,f088630d7476dae7d4b7e2bb1f10575f2c89acb4b6e061f3d57c2b40,60.16531,24.9442,00000000fdda10fe,25.36
47,2019-08-03T08:06:00Z,f87f113fb012c11ef048aa2bbf6c63dcae79bd7acce41b5ea8e273b9,60.14699,24.922,00000000a53ed894,21.87
48,2019-08-03T08:06:00Z,fc4f3a44235f1cfc7b53f14ba2da599976a5a0a220d23b852688e485,60.17918,24.95141,00000000675d5200,11.7
49,2019-08-03T08:06:00Z,0069904f645b2f9fb9360237538f4ffe03e3d419ffc9740b3e57bd52,60.18203,24.91341,00000000342570c2,23.56
50,2019-08-03T08:06:00Z,0111388652bf812db5809204b8e204fdd182b4c2b72728de0bdbdc83,60.16544,24.95398,0000000038d83d41,18.79
51,2019-08-03T08:06:00Z,037d9d7f68ed24ac755b2995d2ba45338a8c626a94f3626f745d3bd2,60.16897,24.95222,00000000aa852af1,25.36
52,2019-08-03T08:06:00Z,06179d0d0ee9729fb4dd89c4ac4f48a40e58fc6238d0e181a7ba72f6,60.16448,24.97323,0000000053c6c2be,5.91
53,2019-08-03T08:06:00Z,06ccfb8fc9fb39c66adf6b6e138681d4ad1d8933553644e27db50f72,60.149,24.9843,00000000fffb8cf0,13.75
54,2019-08-03T08:06:00Z,0767a5f3debd122f2b728f09b89d2de0cdc40c35662ae0aa35883d79,60.16762,24.95415,000000006b44cce7,20.28
55,2019-08-03T08:06:00Z,07a0ca9c5efd3abb793eb8261f5c08054341ed7ff2eb51d97cb9b742,60.16829,24.94214,00000000afef4555,2.3
56,2019-08-03T08:06:00Z,087c58094ead0717bc92673db1d8213dd3f08bc8f10937bb527ba00e,60.16762,24.95415,000000006b44cce7,8.38
57,2019-08-03T08:06:00Z,0951814c1a59dce4131ed5b70f57526b635fc363a7356eda328fa05c,60.14951,24.92138,0000000006dd41f6,11.7
58,2019-08-03T08:06:00Z,0b419a90e3c12b8b5b159f14ddb14cdd25b8f465666f61a4b0dd0c78,60.16448,24.97323,0000000053c6c2be,29.32
59,2019-08-03T08:06:00Z,0bc65562418a4b897163714d63d0bde0ccb76d0d0ce58f295504fabe,60.149,24.9843,00000000fffb8cf0,6.46
60,2019-08-03T08:06:00Z,0bfea14b08e532923fed62ac7d98840a660fe07a41da062fe0293fa9,60.16762,24.95415,000000006b44cce7,2.3
61,2019-08-03T08:06:00Z,0c57975ac2146ca17f080e2be895bcab442c71f18d1d5fd5b7aadde4,60.16897,24.95222,00000000aa852af1,14.89
62,2019-08-03T08:06:00Z,0c645b4e62689783d260c6e3fa6ceb8e160cfb9cabe535c853cb31c4,60.16762,24.95415,000000006b44cce7,13.75
63,2019-08-03T08:06:00Z,0c9ad2da32bddfcb5c004a723558b3e00cefcf600354592f509e885e,60.17002,24.94407,000000006b087f40,5.91
64,2019-08-03T08:06:00Z,0e316c892b34a84bef35467f0ac6db40cc024f3f4ea9d9ce84d2bbcb,60.16762,24.95415,000000006b44cce7,7.05
65,2019-08-03T08:06:00Z,0e4ace68f78dd8810c5ddc12e391d74158ddd35ad24f3af92c027d47,60.17002,24.94407,000000006b087f40,9.92
66,2019-08-03T08:06:00Z,0e5aff17d1a0992beff23fcb7911bdb0268a5b9c0281733768393829,60.16897,24.95222,00000000aa852af1,20.28
67,2019-08-03T08:06:00Z,0e5f1861d1446c627b1cb05c036462ca25b491d444201db0f7d370f0,60.16829,24.94214,00000000afef4555,25.36
68,2019-08-03T08:06:00Z,0feb60613b9e9388ddcfe463f53676e054bd62d441bb3367c1adacf7,60.16448,24.97323,0000000053c6c2be,23.56
69,2019-08-03T08:06:00Z,1003a1ad30237d828b5d5cf14d90978c10db39dfe58be066c56c3d4b,60.16897,24.95222,00000000aa852af1,21.87
70,2019-08-03T08:06:00Z,1035254a8c06c3a9c8f050a393c8f0da859266cd55badbc63c06d38c,60.16762,24.95415,000000006b44cce7,5.41
71,2019-08-03T08:06:00Z,1114806f6c179800ae408f903a48aee28722208af2c38130689d652a,60.16762,24.95415,000000006b44cce7,12.69
72,2019-08-03T08:06:00Z,1275c046790488a855a445827c7232759f893b4ff787a574aca6a765,60.16762,24.95415,000000006b44cce7,10.78
73,2019-08-03T08:06:00Z,141ccf6405315044e12e60601ee73bf554a08d8779f5baae69e21897,60.16762,24.95415,000000006b44cce7,1.54
74,2019-08-03T08:06:00Z,15a1c4433316964547a462ffd75410796ed5d6af5839fade3951560c,60.15432,24.9211,0000000019fb59c4,9.12
75,2019-08-03T08:06:00Z,1618bd52d88abc6117b120990e8382b858d070127db5b461f48f00fa,60.16762,24.95415,000000006b44cce7,8.38
76,2019-08-03T08:06:00Z,164d3c6b166a06a4045065399db22538463608df9dd181265733c4e9,60.149,24.9843,00000000fffb8cf0,18.79
77,2019-08-03T08:06:00Z,166132b537c5036f23b3c1f74b128d1b74582630b53be7b0e3909aa4,60.1638,24.96846,00000000d747f075,33.81
78,2019-08-03T08:06:00Z,16b27f72c6c91623fa0568d7de0104019ae5a13e87f07c1d0af5fe12,60.16762,24.95415,000000006b44cce7,8.38
79,2019-08-03T08:06:00Z,16b83bee5075fa28c9aa80617b2f2d9034287ab5c9fb44c088de81c0,60.16762,24.95415,000000006b44cce7,21.87
80,2019-08-03T08:06:00Z,1762561b47d97aa6be66bcbbbd05f1c11fd240f204527a4e60bc0fec,60.17065,24.93641,000000000f4919c9,16.1
81,2019-08-03T08:06:00Z,182c5b8394b2cb359f92f86467e0cb4e91195e654a353bfbfe090445,60.16762,24.95415,000000006b44cce7,13.75
82,2019-08-03T08:06:00Z,188dc931801150b1ac3babd8a440f6fa931b7d575a98fa2b500dfe6e,60.16448,24.97323,0000000053c6c2be,9.92
83,2019-08-03T08:06:00Z,194d00204f1c1aa5eb6a4962b8e52ca24e571ac43c1d3519c105f8c5,60.16829,24.94214,00000000afef4555,29.32
84,2019-08-03T08:06:00Z,1c751cea23ed2258bb7633694c5f6322dd74a6313392e7540f60af8e,60.17918,24.95141,00000000675d5200,14.89
85,2019-08-03T08:06:00Z,1cfdca65152512947a735a52571afba4e3df7d5d7f1bc4b9a6700f28,60.1638,24.96846,00000000d747f075,23.56
86,2019-08-03T08:06:00Z,1da73d8dabee5b032c83267e4af459811189377048b6e9a088b02e09,60.16897,24.95222,00000000aa852af1,16.1
87,2019-08-03T08:06:00Z,1dacfb371d75dd4f90f447aac2a00faad98beb4188a6971c19eb2375,60.16629,24.95957,00000000fb7600be,23.56
88,2019-08-03T08:06:00Z,1e025770df7cbff8e333c69e10d1845368d42fbd2f508aa56516e3d2,60.16629,24.95957,00000000fb7600be,17.4
89,2019-08-03T08:06:00Z,1f84a11906d5168db5c76c6559ccf035a1182bf27a88651791fdbbd8,60.16762,24.95415,000000006b44cce7,21.87
90,2019-08-03T08:06:00Z,2041e5c3ab4518fb6ebf75dd4c48a81b529d979506b8af1a42d21524,60.16897,24.95222,00000000aa852af1,5.91
91,2019-08-03T08:06:00Z,226542bfa3f5cf5c4027298a6bc6a429f374803a5be2ada8b199f4b1,60.16897,24.95222,00000000aa852af1,13.75
92,2019-08-03T08:06:00Z,22942f9f0b6a8ac2611a4e6182bfef6ec610f7f21e2d43627c35dd98,60.16897,24.95222,00000000aa852af1,13.75
93,2019-08-03T08:06:00Z,22f3f85c1858bc03889079ccf0a7a343a006fdd8f71cd0e22126dfca,60.16897,24.95222,00000000aa852af1,9.92
94,2019-08-03T08:06:00Z,2304113c686800b490edd78e5495c90f785d0314a2a06f63244b57ca,60.16762,24.95415,000000006b44cce7,7.69
95,2019-08-03T08:06:00Z,23257cfc2fb810768141412ceb32b95145601e23ac2e83c0ffdc1300,60.16762,24.95415,000000006b44cce7,17.4
96,2019-08-03T08:06:00Z,236e8f24c19c2b1d7fa6a82f66daf9eea42fc7ebc73e900ae77a3ad8,60.173,24.92524,0000000096918cfa,21.87
97,2019-08-03T08:06:00Z,241a73257577ee4f6a46eeeb38d9488e03c1a427edd7fad8285a6805,60.16544,24.95398,0000000038d83d41,21.87
98,2019-08-03T08:06:00Z,24daea7c540fd8c844f424a11a562de41cb55f83ecd22f39dd575df5,60.16897,24.95222,00000000aa852af1,29.32
99,2019-08-03T08:06:00Z,255877753f6fe0b38368cb12844697f89b111bf2af5c17272f5347d2,60.16762,24.95415,000000006b44cce7,3.4
100,2019-08-03T08:06:00Z,25692d383c647cf7d988a18936642254a46b7432e7e73ab9d946b5af,60.16897,24.95222,00000000aa852af1,20.28
101,2019-08-03T08:06:00Z,27eb4cd882331c60f0430f65a565a7f4cdefc210f30da06f703b8a62,60.14699,24.922,00000000a53ed894,9.12
102,2019-08-03T08:06:00Z,2920b4eb01f353e315bbd1d65fd32ed8f4ce18e7bd320eae2fc81e95,60.17918,24.95141,00000000675d5200,11.7
103,2019-08-03T08:06:00Z,29bd6d05848b5ed854ce0a0d22e6fec61ab2c57c75a373632e006ccb,60.17918,24.95141,00000000675d5200,9.12
104,2019-08-03T08:06:00Z,29efdbed20b4911ff378c85aa689e5fc0278478f414f906fa2351b99,60.16897,24.95222,00000000aa852af1,9.92
105,2019-08-03T08:06:00Z,2a7bdc05fdfb3623896fe29bd201f26096127fa23d6b8e51b2010b73,60.17065,24.93641,000000000f4919c9,18.79
106,2019-08-03T08:06:00Z,2af343c929d11720d73d2ec45ff190bb81a3964b976e0717ca826e85,60.17065,24.93641,000000000f4919c9,18.79
107,2019-08-03T08:06:00Z,2b1da7c0e46b5c56837d8d395b2dec01313cf8a8951dccabb2fa3018,60.14947,24.91438,000000004ef3150d,25.36
108,2019-08-03T08:06:00Z,2b32f7c4ca8e8d620d956253ba0d94f3c9d161b4f87f0e5dd4a432dc,60.16531,24.9442,00000000fdda10fe,16.1
109,2019-08-03T08:06:00Z,2c5a87a0e96906414c978fc4531505a0c6beeec7fc71b36936a5fb5c,60.16829,24.94214,00000000afef4555,16.1
110,2019-08-03T08:06:00Z,2c603e905ca16198a97e2bc974919ff5f72fd7e37e0821b1ff6bf358,60.17918,24.95141,00000000675d5200,23.56
111,2019-08-03T08:06:00Z,2d7e7b077e5256aca93121c56d1d3073f3bb3860b1a0b8825e7330aa,60.14699,24.922,00000000a53ed894,20.28
112,2019-08-03T08:06:00Z,2e98276a50eef8a9c5bd69de328d6b126a8200265b13b111eb09ec82,60.149,24.9843,00000000fffb8cf0,12.69
113,2019-08-03T08:06:00Z,2f783e26b37097ad14d8c08415ae247850cdd37fd953e99e1b7c4525,60.17065,24.93641,000000000f4919c9,10.78
114,2019-08-03T08:06:00Z,2f84eaaf54d7e44dd20422395b484dc6b73b16682a0eb536aabffcfc,60.16897,24.95222,00000000aa852af1,7.69
115,2019-08-03T08:06:00Z,2fe48c37664a2ad16f2b889b1a3d39be971eeec43c49e5948fe08b53,60.16829,24.94214,00000000afef4555,10.78
116,2019-08-03T08:06:00Z,3024b5ae3f27cca8829c984ba0e9d861ee049084562feabbe3fbc178,60.16897,24.95222,00000000aa852af1,17.4
117,2019-08-03T08:06:00Z,30e3c33ba40f2f1fca060d60e20a217bce12dcfc9982064d41e1144d,60.16762,24.95415,000000006b44cce7,4.11
118,2019-08-03T08:06:00Z,325d2b6bda863eeabe7aac001d145ba644f53f998884f421d28f4e97,60.16762,24.95415,000000006b44cce7,21.87
119,2019-08-03T08:06:00Z,32d7a4b35355c708505743d6dad378849760c23e6b5370873b19b43c,60.16448,24.97323,0000000053c6c2be,3.09
120,2019-08-03T08:06:00Z,36396276bdd79073c90c6af147deecb9d33b4a7b504f58b40ad697c9,60.17918,24.95141,00000000675d5200,11.7
121,2019-08-03T08:06:00Z,3789a067248fda2bcf151c5767931c66af77d750ea5e7fb56c35efc2,60.16762,24.95415,000000006b44cce7,6.46
122,2019-08-03T08:06:00Z,382e3f7221276cdb0cff7a2b535fc0f2e2d77afa8e8ff3a2d5774123,60.17918,24.95141,00000000675d5200,21.87
123,2019-08-03T08:06:00Z,38f33402204686f5aeed63b5a043b420049dbff3012077d2a9e39a96,60.1638,24.96846,00000000d747f075,23.56
124,2019-08-03T08:06:00Z,3b16cb0b30c63b7493cd9a8f4e66489d2135aed6bcfa2e9bb3a2d31e,60.14951,24.92138,0000000006dd41f6,17.4
125,2019-08-03T08:06:00Z,3cd2ffc72410537380f91e6906e68ce6eb44da5a6a7f6805a195b43d,60.17918,24.95141,00000000675d5200,10.78
126,2019-08-03T08:06:00Z,3cde744fc0b4ce1994bf98cd97480a4ad0647a5520f8e6194f280bab,60.16829,24.94214,00000000afef4555,29.32
127,2019-08-03T08:06:00Z,3ee190821771f4fed5b2ac4249762d93a25c27dbe647dafbe3b14072,60.16829,24.94214,00000000afef4555,23.56
128,2019-08-03T08:06:00Z,3f30ea693d4668fa8ad54346a70b1bf7de1056c49b13d50699235c19,60.16897,24.95222,00000000aa852af1,27.28
129,2019-08-03T08:06:00Z,3faf687712e0076cf8feda0db3486cd83032059fb2b0050863c8e5be,60.16762,24.95415,000000006b44cce7,13.75
130,2019-08-03T08:06:00Z,3fcf43f9164e6bc6f94f649d5ecbe35572e8b62a441abf45688afab1,60.16897,24.95222,00000000aa852af1,16.1
131,2019-08-03T08:06:00Z,41c4e9fd28ffcece2feba3fe75a1870a7787e28b1fa075224392b4dd,60.16829,24.94214,00000000afef4555,29.32
132,2019-08-03T08:06:00Z,428ed6479c293654125b93f373b2b3c804ee27a5a30935526aa0fc6f,60.17065,24.93641,000000000f4919c9,41.64
133,2019-08-03T08:06:00Z,432895ceb95dbbefdc1c785f8b2cfe2981f36a4b814d040b6570e9cd,60.16762,24.95415,000000006b44cce7,7.05
134,2019-08-03T08:06:00Z,43b288000397c272f574f50193a51fa1f05300c60dd5617695447394,60.149,24.9843,00000000fffb8cf0,16.1
135,2019-08-03T08:06:00Z,43c395eab63b109d7e3faa6897cdd61686a2feaf978dc5fb5d118d25,60.16829,24.94214,00000000afef4555,21.87
136,2019-08-03T08:06:00Z,447fcca3d96a38f69ed0f54c9516713035c38e9fdc90f26d949c9519,60.16762,24.95415,000000006b44cce7,18.79
137,2019-08-03T08:06:00Z,45c580d978fe8b0152252c562c67819bd142b93dd3237d5e2000d7e4,60.18203,24.91341,00000000342570c2,20.28
138,2019-08-03T08:06:00Z,4713fad536c9a9089edf66511fdf2966a20c8ae20fa0e2ca2f004f72,60.16762,24.95415,000000006b44cce7,10.78
139,2019-08-03T08:06:00Z,49969bf09ca4a30a0e242b3f2671f2af6f6c48a209c5037f0cb8bd80,60.16897,24.95222,00000000aa852af1,10.78
140,2019-08-03T08:06:00Z,499bcd5081e6fdb724b9565ef1643a78c3af341459989c495ae998d6,60.16448,24.97323,0000000053c6c2be,8.38
141,2019-08-03T08:06:00Z,4cb3d633ba9da17192cd0957dab8ca1ba718ed85d6422bfbdaa35570,60.1538,24.95595,0000000038bf9618,25.36
142,2019-08-03T08:06:00Z,4de8a474027c33c42d82ff710e4215c8248b5b08ae64c5110ca2eb82,60.17065,24.93641,000000000f4919c9,5.41
143,2019-08-03T08:06:00Z,4dfd20d445b08adf37ad7f78a753421ef7a5e1aa467968f812187589,60.17918,24.95141,00000000675d5200,5.91
144,2019-08-03T08:06:00Z,4e7aabdc04d2b886c4809714e378545bcd6cf5b894b2cc10b33c2c86,60.16762,24.95415,000000006b44cce7,17.4
145,2019-08-03T08:06:00Z,508749302aac9845e4c210f66a21fed24f3166ad270279fffba984f4,60.16448,24.97323,0000000053c6c2be,10.78
146,2019-08-03T08:06:00Z,515a027a3ae22833cdec6d4fd69b604be2cbad1a56b7e78e296bf4cf,60.17002,24.94407,000000006b087f40,4.11
147,2019-08-03T08:06:00Z,51816245777d13e74255125590ea986dcd64fd4a77548dabd828ddda,60.16762,24.95415,000000006b44cce7,20.28
148,2019-08-03T08:06:00Z,52b2d0202e1fefff0a3978fb2238d82eec840e25a282ed88758de5ee,60.17918,24.95141,00000000675d5200,10.78
149,2019-08-03T08:06:00Z,5361439b8acfee1e5443f299104bbbe2a77b1d8fecfac1da68685256,60.16544,24.95398,0000000038d83d41,21.87
150,2019-08-03T08:06:00Z,5563f073b1329d99acbaf3785900a804710b93f670ba68da5ef09cbc,60.16829,24.94214,00000000afef4555,23.56
151,2019-08-03T08:06:00Z,5651eacd2fb28d1c252fad0c251c80a6c3a28b966e3fc22ae08bac05,60.17918,24.95141,00000000675d5200,16.1
152,2019-08-03T08:06:00Z,584cb0b0cdd14e608c8b57c8aecc9826f9b40027e365e2438a444ea2,60.16762,24.95415,000000006b44cce7,7.69
153,2019-08-03T08:06:00Z,58adf3640f323bf49b85ee0f965bdef4f8ef64101f7c73494926f979,60.17918,24.95141,00000000675d5200,6.46
154,2019-08-03T08:06:00Z,58c9f70da652b1e9c169e9f7380b7f39121ecfd5c6070bd4baf7183c,60.16829,24.94214,00000000afef4555,17.4
155,2019-08-03T08:06:00Z,590646c3b8671cb91b0cdd0ab15e66926000cb553bb9a254980ea868,60.14951,24.92138,0000000006dd41f6,13.75
156,2019-08-03T08:06:00Z,593d37211957fd897918929861bb3e64ae5aed81df24b6521cfe65a2,60.16762,24.95415,000000006b44cce7,3.4
157,2019-08-03T08:06:00Z,59eb1b2a0fc244c199dde87e723dd39b4009029fed9a3354a1e8de02,60.16762,24.95415,000000006b44cce7,10.78
158,2019-08-03T08:06:00Z,5a191eee16d1193ea59aaedea3211980c23abefb8e9c55a8d8aec2a2,60.149,24.9843,00000000fffb8cf0,29.32
159,2019-08-03T08:06:00Z,5a4b4ea8af38da15ce0620780865619ba672c74d0dc90abf568808c9,60.14699,24.922,00000000a53ed894,7.69
160,2019-08-03T08:06:00Z,5ac0d9181957faf6af7c0e879bfcee41ed0d74f058536f0df02043a6,60.16531,24.9442,00000000fdda10fe,25.36
161,2019-08-03T08:06:00Z,5bcf12a70062f5516c3bffd8fcdbb0eea60ded405a955f5301d17a86,60.16762,24.95415,000000006b44cce7,11.7
162,2019-08-03T08:06:00Z,5bf336ca59abf419106bd73b7743461134fe7cde0fecfc3036834809,60.173,24.92524,0000000096918cfa,18.79
163,2019-08-03T08:06:00Z,5c1f35e0149d6c5d4d9727477180cac4250c0ecb64fdc636544658db,60.17002,24.94407,000000006b087f40,9.12
164,2019-08-03T08:06:00Z,5f8cd883eedb01ea333e2a98d8e0c56525fdf87473b729efa5a3592b,60.17918,24.95141,00000000675d5200,4.94
165,2019-08-03T08:06:00Z,607df7eeef62756902f075bf859347f12ec54e87b84974b4115265a9,60.17002,24.94407,000000006b087f40,16.1
166,2019-08-03T08:06:00Z,617e024af9a9f38d5956d75d26f4ebbd9ff4d6477cfd74719669e7d0,60.16762,24.95415,000000006b44cce7,3.74
167,2019-08-03T08:06:00Z,61c7ec22b8d70b8963e89182ef726f796959e019f03b5742395c4a7d,60.16897,24.95222,00000000aa852af1,9.92
168,2019-08-03T08:06:00Z,625c76fc2ad49aa006800ac17e23ee66cfde2454b50bf79aed58b3fc,60.16829,24.94214,00000000afef4555,18.79
169,2019-08-03T08:06:00Z,645910f0a1b28150cd171bc4666164f9066c1a51d396f96a887bc704,60.16448,24.97323,0000000053c6c2be,18.79
170,2019-08-03T08:06:00Z,649833818de21c6f574e9c0f9d2153513319a99a5efdce1ba17e89d6,60.16897,24.95222,00000000aa852af1,14.89
171,2019-08-03T08:06:00Z,6536bc4c3c0769467401bd46d3bda0844abb4023a359ef60c450a035,60.18203,24.91341,00000000342570c2,11.7
172,2019-08-03T08:06:00Z,655a71c95fe063399a1870c1f8f1ce171e9d7fef93ea881d5dc1c45b,60.18203,24.91341,00000000342570c2,21.87
173,2019-08-03T08:06:00Z,65cf8e4c3e8df07c6d21ee019e62953f5a7030177ab381ab7e580062,60.173,24.92524,0000000096918cfa,23.56
174,2019-08-03T08:06:00Z,66416bd839d99e78ea821197761da2b36d72e1d1d67171e424a85c41,60.14947,24.91438,000000004ef3150d,13.75
175,2019-08-03T08:06:00Z,66ab41826c9b240757504257ac5aaacf0b9cad88f190f62eaffaf0b6,60.16829,24.94214,00000000afef4555,8.38
176,2019-08-03T08:06:00Z,66c95b4be0c204198e0732106d7ee348073c092b3d1953ffc8ce97e8,60.16829,24.94214,00000000afef4555,17.4
177,2019-08-03T08:06:00Z,6787eef14339efc6fb32d46ac1624853c7963f718829a650301c8714,60.14699,24.922,00000000a53ed894,17.4
178,2019-08-03T08:06:00Z,68f6c4e9cfbbb6c65ff7b32eab7397b4926ae84f8ff4596eea46a369,60.16897,24.95222,00000000aa852af1,9.12
179,2019-08-03T08:06:00Z,6a2cc47ff00f5076605cde54ea9eb742babd1ad1670133b19fc3418d,60.16829,24.94214,00000000afef4555,11.7
180,2019-08-03T08:06:00Z,6b6e780d173728de99482a5ee134614e5b988b20659ff7a59930a28a,60.16897,24.95222,00000000aa852af1,29.32
181,2019-08-03T08:06:00Z,6b90f97f5c0b9df7df73ab874da6c8ebc820b38ab2a05a0c963ecbea,60.149,24.9843,00000000fffb8cf0,36.27
182,2019-08-03T08:06:00Z,6bc9552b49d5603bcd338a81049fb599f45037752c232be7aafbcfff,60.16762,24.95415,000000006b44cce7,16.1
183,2019-08-03T08:06:00Z,6ca3dcdee5d5a042053d0b6fcbd9b7a5dac086ff86b5683c417aa86f,60.16762,24.95415,000000006b44cce7,16.1
184,2019-08-03T08:06:00Z,6cb07fe5f86550b94258d1b81986d2efbc72e2cd3b225612f8e562eb,60.16762,24.95415,000000006b44cce7,10.78
185,2019-08-03T08:06:00Z,6d5bfb6426740d4c6b816945a4a75c9ee4155f3583a852b1d99be697,60.17065,24.93641,000000000f4919c9,0.03
186,2019-08-03T08:06:00Z,6f12cbc8b2ebc7f7cb5340250741431e5636ebf12d96e85fe7387dd4,60.16762,24.95415,000000006b44cce7,7.05
187,2019-08-03T08:06:00Z,703d08dbe6e7f872bc962c259cc3842243d13d5eada1977c2eec4f4c,60.16762,24.95415,000000006b44cce7,7.69
188,2019-08-03T08:06:00Z,706025034cba43bd73fff1e2a3370e1d789d9ac5a4cfc8672c882b1a,60.17918,24.95141,00000000675d5200,21.87
189,2019-08-03T08:06:00Z,713eab9e3bea2daedc70ce6dd505ae158fe2e6ee8bc2a81b69f76a65,60.1638,24.96846,00000000d747f075,23.56
190,2019-08-03T08:06:00Z,746b0b33b799d4f1b1d8991333c1591d4d46fed8b08d37d303762c42,60.16897,24.95222,00000000aa852af1,21.87
191,2019-08-03T08:06:00Z,75885ffcd34e47f2127173fcd88b9f532e7fb87a8de56586409e1306,60.14951,24.92138,0000000006dd41f6,16.1
192,2019-08-03T08:06:00Z,77934e299596d1f4a61b9328929475edd66c545a6cfdf8cd307b8e95,60.16762,24.95415,000000006b44cce7,20.28
193,2019-08-03T08:06:00Z,77fb4823b9fe961997aedb1c0fc08c701a31ad4b206744a64affd436,60.149,24.9843,00000000fffb8cf0,14.89
194,2019-08-03T08:06:00Z,79b10c54d24f7a34c7b8a444bc64f90ce052dafb7173361e9f2ffbbb,60.16762,24.95415,000000006b44cce7,16.1
195,2019-08-03T08:06:00Z,7a4fb9554eb6605f45e23224bed5ed6807ef7a14bb6d0fe9fac36d05,60.16448,24.97323,0000000053c6c2be,33.81
196,2019-08-03T08:06:00Z,7b427dc1c5f66cc155fd16dab0b546d0aa164b27f99c65e4e0429391,60.16897,24.95222,00000000aa852af1,13.75
197,2019-08-03T08:06:00Z,7c6416ea11912ff3d080e797a61b27b71997e466db3e2ea20c90b165,60.17918,24.95141,00000000675d5200,17.4
198,2019-08-03T08:06:00Z,7d6256ff1e53d51a5bcf14047cb8f7377d332eae9a822efac190f9d9,60.16762,24.95415,000000006b44cce7,13.75
199,2019-08-03T08:06:00Z,7d6f906ed0da418f5719433adf1fa34102f1b9f8785f61b227636cd8,60.173,24.92524,0000000096918cfa,25.36
200,2019-08-03T08:06:00Z,7d75cb2c095965cb242ae10cf5169c3688a2decb41ac58663ceb1656,60.14947,24.91438,000000004ef3150d,10.78
201,2019-08-03T08:06:00Z,7f3c964201d061b963cb30cf1d179a262b0d78d44c4c99548619c137,60.17918,24.95141,00000000675d5200,4.94
202,2019-08-03T08:06:00Z,7fb9d4fce35e84e25e9ecb1e7cd7c606011c0d7e0a463cd0246aec62,60.16897,24.95222,00000000aa852af1,12.69
203,2019-08-03T08:06:00Z,81676f798a73f188777994d8de0f8bafe84be381a2e3d5015667f8ac,60.17065,24.93641,000000000f4919c9,25.36
204,2019-08-03T08:06:00Z,823e4644dfd944631e735ae9595e8f67c8d44029e2075fa3c083c3d2,60.16762,24.95415,000000006b44cce7,2.8
205,2019-08-03T08:06:00Z,82e02a0015d0e65fff55303b311f7d3503fe6cffb79780bd98e85cd9,60.16762,24.95415,000000006b44cce7,20.28
206,2019-08-03T08:06:00Z,847bcf4cf2544c9d7b09b0bcaa859fb538129241045c9db864f58f6f,60.14699,24.922,00000000a53ed894,25.36
207,2019-08-03T08:06:00Z,84afefb263146792fe181b70ba9b08477a3e9fd190bb52f5dded9bff,60.17065,24.93641,000000000f4919c9,17.4
208,2019-08-03T08:06:00Z,86026159998db35026236a92b8ec04a33a9617a9f53704d5d2434abc,60.17918,24.95141,00000000675d5200,25.36
209,2019-08-03T08:06:00Z,87e5a21573a7cad0c4a5207716c2c77f6e7239f7030ce5c5ee26c251,60.17918,24.95141,00000000675d5200,25.36
210,2019-08-03T08:06:00Z,8a64c254bec34ce7351bdf06683238bc204ae2708408ff3c03971d89,60.149,24.9843,00000000fffb8cf0,7.69
211,2019-08-03T08:06:00Z,8b01bf5df2c621920e02cb0a06738fd2b07207f6bcb54403ae1828a3,60.16762,24.95415,000000006b44cce7,8.38
212,2019-08-03T08:06:00Z,8bbde64593c47633ea1248405423ea4cd449b0670193d65ce4cfa9fe,60.16829,24.94214,00000000afef4555,20.28
213,2019-08-03T08:06:00Z,8d5f014715fcbdf3d3cb474ad7b5efd898b685d5970b4caede04936c,60.14951,24.92138,0000000006dd41f6,18.79
214,2019-08-03T08:06:00Z,8e8919d9d4ff0b09ecc0b94772b15ef0aa313e7010641b4d0d0e4ae5,60.17918,24.95141,00000000675d5200,17.4
215,2019-08-03T08:06:00Z,8f62cfa90a881b5e866e32a82ae5042c052f94d440eed6becf61b7b7,60.14699,24.922,00000000a53ed894,11.7
216,2019-08-03T08:06:00Z,905b6a7dc22f4a31dcccb45f37b640a4e4da164a57ed0302cf401439,60.16829,24.94214,00000000afef4555,21.87
217,2019-08-03T08:06:00Z,90b15624e1b1b35f038ec728eff26086abed6ef4a87512204e5ef011,60.14699,24.922,00000000a53ed894,11.7
218,2019-08-03T08:06:00Z,90f4dd58b7b4418c330abbeee94e97b1535630f6960dfb7338ca7163,60.14951,24.92138,0000000006dd41f6,21.87
219,2019-08-03T08:06:00Z,916dbb0d137159f003d0837432d4ceb7f64775b53436fb109505f89c,60.16762,24.95415,000000006b44cce7,14.89
220,2019-08-03T08:06:00Z,91d9eac9566941b243092edb0551caeaa05632ac071d8d04f936f049,60.16829,24.94214,00000000afef4555,27.28
221,2019-08-03T08:06:00Z,9313da2e15106bfef2df9306bc29f8e3db1146a41b1a24fd404468a0,60.16762,24.95415,000000006b44cce7,13.75
222,2019-08-03T08:06:00Z,93b97163ad70b604aef6130185b24d088f5392ab12c2865663520bbb,60.17918,24.95141,00000000675d5200,18.79
223,2019-08-03T08:06:00Z,93ff094f08b5b283e2fe389d59109134ecd658224404a0dd36bad284,60.16629,24.95957,00000000fb7600be,18.79
224,2019-08-03T08:06:00Z,94553018cc8d34698ad37e411fe5808c97b12930592acad57b1e22c5,60.17918,24.95141,00000000675d5200,17.4
225,2019-08-03T08:06:00Z,945d21b3a3e66aa65a2343c95595c15d1a0dd97a755869465a5d0e50,60.16448,24.97323,0000000053c6c2be,21.87
226,2019-08-03T08:06:00Z,94e6eaedc7810bb813f845a08dddc612359397f834145fd59dac1104,60.17918,24.95141,00000000675d5200,11.7
227,2019-08-03T08:06:00Z,954cd926ecbce3babe5b6d68249aa85a2c4bead068d24fecd727ffee,60.17918,24.95141,00000000675d5200,9.12
228,2019-08-03T08:06:00Z,95809aecc30bee7374b4239471bf9f4178eb1d1bc1d020e876014b4f,60.16897,24.95222,00000000aa852af1,8.38
229,2019-08-03T08:06:00Z,95e17ede6d8c961295be9b5e4df3e0c85276e6525e6991e155b1374f,60.16544,24.95398,0000000038d83d41,36.27
230,2019-08-03T08:06:00Z,95f4c0bbcd59e55a0a494ecff31b2d6244acb7f6b33421ccda042986,60.16629,24.95957,00000000fb7600be,23.56
231,2019-08-03T08:06:00Z,9659c42dedc7db66d26ada051bbc922f7fc1eebe6ab3779cd2eb9975,60.16897,24.95222,00000000aa852af1,17.4
232,2019-08-03T08:06:00Z,965a1d70ae725ee2edb8ca98605876d987339c9431df7288414aa3cc,60.16897,24.95222,00000000aa852af1,17.4
233,2019-08-03T08:06:00Z,9805a0e42e1af4d1e865bf7847a723c6872980c621e3ebc9d6e3e4da,60.17065,24.93641,000000000f4919c9,12.69
234,2019-08-03T08:06:00Z,99cd803e76ea01e9f46b39b3bd264815f7cdd3bc1ab5544768980f40,60.16897,24.95222,00000000aa852af1,13.75
235,2019-08-03T08:06:00Z,9b128cdcb7e0cc1c788a2cc3fa6553e92a480c574ffabc2186bdf4f8,60.17918,24.95141,00000000675d5200,10.78
236,2019-08-03T08:06:00Z,9c291aced0c577520b22711b5b9d7d5b7cbf7264fff401e8d9c662ca,60.18203,24.91341,00000000342570c2,14.89
237,2019-08-03T08:06:00Z,9c6be30fbb348a1daf59c218656e1f382836824fb1ebe6006030c31a,60.17919,24.95181,000000007b5207b6,17.4
238,2019-08-03T08:06:00Z,9c9697921f716adc9966a73c911ec9c433093a00569254e15cb23310,60.17002,24.94407,000000006b087f40,23.56
239,2019-08-03T08:06:00Z,9d235ea1dc65ff45609fc0416f06e8d193c276ad0399b765dc290c54,60.16762,24.95415,000000006b44cce7,13.75
240,2019-08-03T08:06:00Z,9da1e1ef14dda06b93d4146a0c7e12808934a82e586039909acde8a2,60.16544,24.95398,0000000038d83d41,23.56
241,2019-08-03T08:06:00Z,a019ea7cfe78cb9eb193f9bea1233b59595005173f8cdaf3e00fd897,60.14947,24.91438,000000004ef3150d,27.28
242,2019-08-03T08:06:00Z,a27bfbab7c85677554deb8de885e77c8869a83601aac1969e9150809,60.16829,24.94214,00000000afef4555,17.4
243,2019-08-03T08:06:00Z,a530273ee47a3c136e18aee1c5f19ecb516c4ad6a1d6fd931b41a40c,60.1538,24.95595,0000000038bf9618,2.54
244,2019-08-03T08:06:00Z,a5924de1469a0d81682bd31bbce78e1d91f6c83448ed055f5646f142,60.1538,24.95595,0000000038bf9618,6.46
245,2019-08-03T08:06:00Z,a5d7356eb0ba7eabbf6a7455948d2c2acd66336761c1f82b14f0ba19,60.149,24.9843,00000000fffb8cf0,18.79
246,2019-08-03T08:06:00Z,a5f240d457282085ff34c5acd850e4b9b47233829d54a0ef08a10441,60.14699,24.922,00000000a53ed894,21.87
247,2019-08-03T08:06:00Z,a6e4d16ff206a1657ec1965756c540e44667d6b176c5c91b0910e649,60.16829,24.94214,00000000afef4555,20.28
248,2019-08-03T08:06:00Z,a7b56b5c19f063d4aab76a36c0f4f57bd12ab142729a30526fdcd136,60.17918,24.95141,00000000675d5200,0.59
249,2019-08-03T08:06:00Z,a82647198703281007280bcea558b5458b9e8baa894fe33b3e2d03c2,60.16762,24.95415,000000006b44cce7,4.5
250,2019-08-03T08:06:00Z,aa55054ae02ea1ffbce960ec79e1e9f91d0597e38caf08d325bd8008,60.14699,24.922,00000000a53ed894,10.78
251,2019-08-03T08:06:00Z,aaeac822c26b184efa7a2e31f6fc8ed09314ff8838c998eca7c0906d,60.17002,24.94407,000000006b087f40,9.92
252,2019-08-03T08:06:00Z,ab15d572124595eeb2b253ee39178e7f0047fbe53a0e89e7fdaadf23,60.16762,24.95415,000000006b44cce7,16.1
253,2019-08-03T08:06:00Z,ab294bf0b694f1b28e253d811e2b02dc598fdcc27cb7c94ad486c5a2,60.14699,24.922,00000000a53ed894,20.28
254,2019-08-03T08:06:00Z,ac2b90a8bb8a7f138331f6f136517fcadf3644d15d7f7fa301cffbe6,60.16629,24.95957,00000000fb7600be,14.89
255,2019-08-03T08:06:00Z,ac4dd1cbfb5866d8a78e7fc3265ea6fafa8fc3014758d842134f6dad,60.16762,24.95415,000000006b44cce7,7.05
256,2019-08-03T08:06:00Z,ada4032fb5470a7bfe859554a765a4f6dfe1caaa3f49fcfa0e8e8c13,60.16762,24.95415,000000006b44cce7,2.54
257,2019-08-03T08:06:00Z,b01d11d68c5ac0fe62a65454717a37a4438e2eec5e53b4b0b72487d2,60.18203,24.91341,00000000342570c2,16.1
258,2019-08-03T08:06:00Z,b066306b70a83182e9777045f7ae421a6758b8bb8e8f6eb53ad4de1f,60.17918,24.95141,00000000675d5200,9.92
259,2019-08-03T08:06:00Z,b256f023e66a972435b31f5585aad9f90b41175bc5d30f448db6ccbd,60.16762,24.95415,000000006b44cce7,3.74
260,2019-08-03T08:06:00Z,b2eaedf0abfd821facc0d9f8b444d0463f08239afbabe9d3d9af68e1,60.16829,24.94214,00000000afef4555,9.12
261,2019-08-03T08:06:00Z,b31b23c3a4c247fcf54b3e5d1d1d6bff42af1a8cbbe64737baa5686f,60.15432,24.9211,0000000019fb59c4,20.28
262,2019-08-03T08:06:00Z,b6acae6c111419aa2c2eb65fd58040ab58d0d255f704b797c54cfd60,60.14699,24.922,00000000a53ed894,14.89
263,2019-08-03T08:06:00Z,b752d14262aa551b992ea50efb3e619c8a923477d369a1148a157ae3,60.149,24.9843,00000000fffb8cf0,25.36
264,2019-08-03T08:06:00Z,b7e5d24b9bcee4a83123981cf8c9a46ea0fb7e028b7d788076ccc60d,60.16897,24.95222,00000000aa852af1,18.79
265,2019-08-03T08:06:00Z,b7f782eaaf0df768d9f14b62bd5872c14f86441ccd1af46176d19553,60.16762,24.95415,000000006b44cce7,3.4
266,2019-08-03T08:06:00Z,b889a59a549e095a965351667c5ffe95267ab880590536f38aecb07a,60.17065,24.93641,000000000f4919c9,13.75
267,2019-08-03T08:06:00Z,b8fdda4e24abbe88cf89641ec493511301ea256cb7793f925149b374,60.16897,24.95222,00000000aa852af1,36.27
268,2019-08-03T08:06:00Z,b950cf98bf18c6993fd2c5844a19f1dc779f3f0fd5e996e926807b74,60.17919,24.95181,000000007b5207b6,11.7
269,2019-08-03T08:06:00Z,b9e43d6da7875c949542e276873508e5cf544e808a0965f47c400cac,60.16762,24.95415,000000006b44cce7,16.1
270,2019-08-03T08:06:00Z,bb8edbbb4ca25a9be2b98995f173154440f1de67fb1bd995183069ae,60.16762,24.95415,000000006b44cce7,10.78
271,2019-08-03T08:06:00Z,bbe85a990d1e37cab4a6a944be7c391c8ff1190a2128cdb616e49acf,60.17002,24.94407,000000006b087f40,18.79
272,2019-08-03T08:06:00Z,bdb46b85aabae32e25aa87f73f9583e5c5a85e6c5b7cf7b6a7b2bce4,60.17918,24.95141,00000000675d5200,3.74
273,2019-08-03T08:06:00Z,bef804bd6bedb2d6abc7cd9b66b15a67258d74d86862bd1a0e0c4e49,60.16897,24.95222,00000000aa852af1,13.75
274,2019-08-03T08:06:00Z,bf36b99fcd8c510dff383008c6ac88981c41428a18a1bc4910305c4c,60.17918,24.95141,00000000675d5200,10.78
275,2019-08-03T08:06:00Z,bf9b0a07e1341ea5bf9e4dd2e603ffb17982c26f4e2a4ad4beccaaa0,60.17918,24.95141,00000000675d5200,9.12
276,2019-08-03T08:06:00Z,c1034927dbdf7ecceb0c1179fd0b14ccc33336b8a44d1a4adafef699,60.16762,24.95415,000000006b44cce7,9.12
277,2019-08-03T08:06:00Z,c11e82a19bb11ca186e9848a7b63768322c47f7d0d8991949f56c1e1,60.16897,24.95222,00000000aa852af1,18.79
278,2019-08-03T08:06:00Z,c1a195f742aec1ee2b97bcee432f18a438db08b328d9589197723c97,60.14699,24.922,00000000a53ed894,10.78
279,2019-08-03T08:06:00Z,c1b6622786ddeec2b9736ab47de2318fbb1bd8d87204c6839722f867,60.16762,24.95415,000000006b44cce7,16.1
280,2019-08-03T08:06:00Z,c2636a65a5e0360a43f010b1c7ac0694f512597f4d131c76a90bb05a,60.16762,24.95415,000000006b44cce7,7.69
281,2019-08-03T08:06:00Z,c35eb6fde7ad266ed84171e5fe27a4aadb824e403bc54149c885e159,60.16897,24.95222,00000000aa852af1,20.28
282,2019-08-03T08:06:00Z,c3b951effa15fb049f9e9250ba9dda58a679aa4054ddbe997e4c61a9,60.14699,24.922,00000000a53ed894,23.56
283,2019-08-03T08:06:00Z,c3e48dc31cf5cbf7932f6c3870bff4308fdb675144cfc597ae0c470a,60.14951,24.92138,0000000006dd41f6,3.74
284,2019-08-03T08:06:00Z,c4b2ba68155707de091b0d27dc3457e01779bc0d8d2a5fc8fee7c662,60.17065,24.93641,000000000f4919c9,20.28
285,2019-08-03T08:06:00Z,c52eab79ed3c6e1ba60bbea7a2e5dff5119df71292b6dc7d25e3f19b,60.17918,24.95141,00000000675d5200,4.11
286,2019-08-03T08:06:00Z,c615cb92009d29203c254d122af16f6e61b75cb9fe0cd21a436bb804,60.16897,24.95222,00000000aa852af1,23.56
287,2019-08-03T08:06:00Z,c63e81eed95730cddf37f491af7896c46d82f1c830fb6923f7ff0dff,60.17002,24.94407,000000006b087f40,20.28
288,2019-08-03T08:06:00Z,c70044cb1dd50308079ddb5baf37c1b2c880b26187235101e79f3445,60.14699,24.922,00000000a53ed894,20.28
289,2019-08-03T08:06:00Z,c71343ffba9a32ab8b6f397b8b88af287a926500d8b1cd953bfe70e3,60.16762,24.95415,000000006b44cce7,10.78
290,2019-08-03T08:06:00Z,c86dd254a1ef96a1fb054b557fa7440e4325101f8a271e60248be20f,60.149,24.9843,00000000fffb8cf0,12.69
291,2019-08-03T08:06:00Z,c92bd7d6f5075cd50bb081b54c03a9e75344ed4a60a3ede4c3f3c0bc,60.17918,24.95141,00000000675d5200,5.91
292,2019-08-03T08:06:00Z,ca92c024e0d99d24fe63f4ef5cf853e6f2bd4dbbe71891a3b64068f4,60.14699,24.922,00000000a53ed894,18.79
293,2019-08-03T08:06:00Z,cb4f60248b1543f4ad6a3d8bbe7d4b077867336df1d60c4829a34857,60.16897,24.95222,00000000aa852af1,11.7
294,2019-08-03T08:06:00Z,cc6e14f7b33c52c837f3366315496fb4aa6df1c308421e01aec04fba,60.16897,24.95222,00000000aa852af1,25.36
295,2019-08-03T08:06:00Z,ccbdb5f78be32f051fd4e17e07813931db9eb2b30566d1ff5b72271a,60.1538,24.95595,0000000038bf9618,5.91
296,2019-08-03T08:06:00Z,cd91d5f453534b2a8350ec711a533765c1838bdc7039928a24ed8e0c,60.16897,24.95222,00000000aa852af1,18.79
297,2019-08-03T08:06:00Z,cdebf65208a39ce3b8abdce758e93f7d3eeb89d4e2f0f905534c0cff,60.14699,24.922,00000000a53ed894,25.36
298,2019-08-03T08:06:00Z,ce5a677c1118e9fc7629137a2cfc95afe9d2ff172f0285f1353202b2,60.17918,24.95141,00000000675d5200,10.78
299,2019-08-03T08:06:00Z,d0237e023b883676d04c8bbcf654df82c8c25b5d30cb8a32fb5308ed,60.149,24.9843,00000000fffb8cf0,17.4
300,2019-08-03T08:06:00Z,d102a5916bf95e008bb963dff90cddc5e210b82d66e3ed8c74fa2453,60.17919,24.95181,000000007b5207b6,10.78
301,2019-08-03T08:06:00Z,d20a5b2aafd65d1c22e229a8d5885a657116d3f5fc9644dd355a598e,60.17065,24.93641,000000000f4919c9,27.28
302,2019-08-03T08:06:00Z,d2687fbb82e447416d3598a18e86a245dd4e0f8a7a346fe035afb42b,60.16762,24.95415,000000006b44cce7,13.75
303,2019-08-03T08:06:00Z,d370d0f9d16029e34f8a81a2560cc16feef32c2a0b752867843a368b,60.16448,24.97323,0000000053c6c2be,27.28
304,2019-08-03T08:06:00Z,d3e03ea2eb16015485c8701b90179daae8905c2262f5d3fdf252184a,60.1638,24.96846,00000000d747f075,23.56
305,2019-08-03T08:06:00Z,d4238a662d060bede41ff61a4a71a92c1e30dd3ba25d1d17487cf8b4,60.1538,24.95595,0000000038bf9618,20.28
306,2019-08-03T08:06:00Z,d6263072905aff61a78a46f255bff9fa4fd0bf710ee9a53b232347fe,60.16762,24.95415,000000006b44cce7,12.69
307,2019-08-03T08:06:00Z,d6c3064485b92077a58718cb39b93b141cb4fc7a65971837cfcff765,60.14699,24.922,00000000a53ed894,13.75
308,2019-08-03T08:06:00Z,d6c6af8e36a307e7e5298fbaaf76baa718354476afc013ba5ab684f0,60.14699,24.922,00000000a53ed894,16.1
309,2019-08-03T08:06:00Z,d8c09c4b9020fe491577c2aef13aeb8c4757e5eae57dca9a5924701a,60.17918,24.95141,00000000675d5200,17.4
310,2019-08-03T08:06:00Z,dabd1a8dd018ce8028c2ae87b3dc20d9fbc0177c8553b856502d2b0a,60.17918,24.95141,00000000675d5200,7.69
311,2019-08-03T08:06:00Z,db3a4212372de1a196d96893c164395cdd3534571a2728afea52b46e,60.16448,24.97323,0000000053c6c2be,21.87
312,2019-08-03T08:06:00Z,db63288de4b12677e5110e87831a1d0f9701f033bf60726e364c5238,60.17919,24.95181,000000007b5207b6,7.69
313,2019-08-03T08:06:00Z,dca0abdc743972ad96f7c7dd7825dd3fbffb2216dd1688ea15412ce3,60.16629,24.95957,00000000fb7600be,21.87
314,2019-08-03T08:06:00Z,ddb0bf1934310c7883743d7decb1ce885872d5304552b86000bd8ffd,60.16897,24.95222,00000000aa852af1,21.87
315,2019-08-03T08:06:00Z,debeee863e49f00efabbe801e830d1f4b9e494691c2184d1a38e481e,60.16762,24.95415,000000006b44cce7,4.94
316,2019-08-03T08:06:00Z,df128d186d3164dab6e8dd997644520ffe209983dba0dea0d83062fd,60.16897,24.95222,00000000aa852af1,14.89
317,2019-08-03T08:06:00Z,e397d84cb8d171879f683c6a5cce1a204e1a936402ffecd831a74bc7,60.16762,24.95415,000000006b44cce7,9.92
318,2019-08-03T08:06:00Z,e424db54a4f3fc2d04270769bf160a4d45f6bb24189fd90d1d46ec93,60.16897,24.95222,00000000aa852af1,13.75
319,2019-08-03T08:06:00Z,e95888776e205fb3c75c91f36d1c7e8a5c97b55d0e39afcd08ae8b51,60.16897,24.95222,00000000aa852af1,11.7
320,2019-08-03T08:06:00Z,e9c2ecaa3d90f07a1a896bd4373b529f151b2444257ac30ea63602be,60.16762,24.95415,000000006b44cce7,12.69
321,2019-08-03T08:06:00Z,e9c88a4acf478e18d5e378153fe747995fc87a0f18f8c4c4b2630d11,60.16762,24.95415,000000006b44cce7,17.4
322,2019-08-03T08:06:00Z,ea21563d172ebd3baeb8f807aba7f8d47c29db2818dbf5001d2db19e,60.14951,24.92138,0000000006dd41f6,9.12
323,2019-08-03T08:06:00Z,eb0a6b78de89ae245c07ce556858284ff93023b9463b163a5af9b952,60.16629,24.95957,00000000fb7600be,21.87
324,2019-08-03T08:06:00Z,ebe7e91b8ba0c16668f97025628fadb6daabae5b1329e421ba807721,60.16829,24.94214,00000000afef4555,17.4
325,2019-08-03T08:06:00Z,ec2165538f41d009da1acf6a84c3421fb5b15bedd158ee2fd536399b,60.18203,24.91341,00000000342570c2,7.69
326,2019-08-03T08:06:00Z,ec6463c1b717da31d61f5764339554ca744fa5a121d287ed3b5588b4,60.16762,24.95415,000000006b44cce7,3.74
