,time,hash,latitude,longitude,serial,distance
0,2019-08-04T18:07:00Z,002609eccfa6482109fb43966e0153bf6f371425cf715e49925348dd,60.14699,24.922,00000000a53ed894,17.4
1,2019-08-04T18:07:00Z,0104097a4a93055d6feae9bad4c28bff4954a25c3f3dc183822a2a28,60.16544,24.95398,0000000038d83d41,23.56
2,2019-08-04T18:07:00Z,0dc8c9fd6c6ca193d5326d70d6f9efc1963bcd534fc7c80032f0e192,60.16544,24.95398,0000000038d83d41,27.28
3,2019-08-04T18:07:00Z,14c7e1511b70f4dd3359cbece1377aebb4d70531f5489eefe53d7c3c,60.16544,24.95398,0000000038d83d41,31.5
4,2019-08-04T18:07:00Z,165ebbb4090d47319ae370f0d0854fdc1f6b79499f8b2e4d3c3533c0,60.16544,24.95398,0000000038d83d41,25.36
5,2019-08-04T18:07:00Z,18a7cc18e342213704ea064466030587974195a1405c322d3118dcf3,60.14699,24.922,00000000a53ed894,20.28
6,2019-08-04T18:07:00Z,19882f7eb60b2bbe4df9b48d27f047426a641e74eea690915e2b2288,60.16544,24.95398,0000000038d83d41,21.87
7,2019-08-04T18:07:00Z,23401ea95f56d25a7cb5bb8d17acb03e2c419420a8b9adac6ff8cbe8,60.16829,24.94214,00000000afef4555,20.28
8,2019-08-04T18:07:00Z,25a7ff811c3c06e426c7c2cbb0433d9a2a3399b23afecbd35584ab0f,60.18203,24.91341,00000000342570c2,13.75
9,2019-08-04T18:07:00Z,297c725b456ef12d2712634b21546721cbe93224d3a5762d897404f2,60.16762,24.95415,000000006b44cce7,13.75
10,2019-08-04T18:07:00Z,2c7447fb0268b612e12243f64ab499d0e98b62adeee251409b316f5c,60.16897,24.95222,00000000aa852af1,36.27
11,2019-08-04T18:07:00Z,2c7cb33a1d5aeed6b1f2e9731589deaaeaa1f23489d56c14fa34eac1,60.14951,24.92138,0000000006dd41f6,18.79
12,2019-08-04T18:07:00Z,354cac7b39d57e39a5b0ab2caa0a1a915a763605fa6631bab8683659,60.16829,24.94214,00000000afef4555,18.79
13,2019-08-04T18:07:00Z,3763dbba0710e5f35aae6c2f5043debbfd529b4c513eebb4875c2c46,60.16762,24.95415,000000006b44cce7,18.79
14,2019-08-04T18:07:00Z,3944bc7a301be7241d1f7bc4a97f221000d535ce3d8a9af9af9b23b5,60.16531,24.9442,00000000fdda10fe,23.56
15,2019-08-04T18:07:00Z,43b676ed3aef4c2d8846694817e76117873be52e7f788e0cb366c1c4,60.16629,24.95957,00000000fb7600be,27.28
16,2019-08-04T18:07:00Z,46e3dfa03a846c337e40912cd5b67cc46bdc67ef1d01130e5951893d,60.14947,24.91438,000000004ef3150d,16.1
17,2019-08-04T18:07:00Z,491b2670fa626c719c5624e2a013e9325dd599d02b93ca1a1b0e3416,60.16544,24.95398,0000000038d83d41,29.32
18,2019-08-04T18:07:00Z,4af69b5f76b6980f4cee17b67b766b917b06558754e40b1a2ad9ba17,60.16897,24.95222,00000000aa852af1,27.28
19,2019-08-04T18:07:00Z,52e72741106655891f7e40d7c8b1d3d0239a79c5da23dc949e19a35c,60.16897,24.95222,00000000aa852af1,17.4
20,2019-08-04T18:07:00Z,5b0f38b2fd0969676f3a8bfdc5e2c5eb0b47cc9f9c1ad42c526f101a,60.16762,24.95415,000000006b44cce7,21.87
21,2019-08-04T18:07:00Z,5bbb5184fded3e51bc78e45e39917794285e6bbc72da404802a9599a,60.16531,24.9442,00000000fdda10fe,21.87
22,2019-08-04T18:07:00Z,5d65719c4cbf045f068d084b72302f447d5fd034413d97d13be00d0e,60.18203,24.91341,00000000342570c2,17.4
23,2019-08-04T18:07:00Z,6066632ddc94b5c482a2d4f45ed2532e55e3fd63e414a084a596a737,60.16762,24.95415,000000006b44cce7,29.32
24,2019-08-04T18:07:00Z,6a70e2fbced719333e21eff04fcb9cb36bae9a04d1a3d6ddd96f2c58,60.15432,24.9211,0000000019fb59c4,7.69
25,2019-08-04T18:07:00Z,6ff437688c444238352c28f64f9d2a7d0f14d19c9ea42c225380501e,60.16762,24.95415,000000006b44cce7,21.87
26,2019-08-04T18:07:00Z,737efc92e3419e9d96a8559ec341ea7e18ba6381fd8e4de3d06f82a0,60.14951,24.92138,0000000006dd41f6,25.36
27,2019-08-04T18:07:00Z,747f2d1ebff218c0ebbdc0fdaef4cbe56633dfb46ae1b1f8c8142201,60.16762,24.95415,000000006b44cce7,23.56
28,2019-08-04T18:07:00Z,77fa23db90c6958e3854966083bac2b8dc1d0956757a06b8484b0613,60.16544,24.95398,0000000038d83d41,23.56
29,2019-08-04T18:07:00Z,7856cd9a8241b470ce46295386b13c33e1948a956b3f18b7b3497cdb,60.16762,24.95415,000000006b44cce7,12.69
30,2019-08-04T18:07:00Z,79f136afa0dd8717337c01c70b457c464aaf0fa25b440f51a394ec23,60.16762,24.95415,000000006b44cce7,27.28
31,2019-08-04T18:07:00Z,7b0161728235a5ae8ab965ad670c34d640fdd76aa238943cc640c875,60.17002,24.94407,000000006b087f40,27.28
32,2019-08-04T18:07:00Z,87dfaad29a9276ddddb1fa021d3bc23ad14824c1af16f7d87e713689,60.14951,24.92138,0000000006dd41f6,10.78
33,2019-08-04T18:07:00Z,89514d693b1bede7d473d1b7d714829147cb42615145a8351c675525,60.14699,24.922,00000000a53ed894,14.89
34,2019-08-04T18:07:00Z,89982a6acf91b79a282a6b63978e946ee205f303fcd20e944e06baf0,60.16544,24.95398,0000000038d83d41,21.87
35,2019-08-04T18:07:00Z,8c75c3289c84fe4493e1e272a77b615fe1985880c5dc68a7c1a17b53,60.16762,24.95415,000000006b44cce7,12.69
36,2019-08-04T18:07:00Z,8cc6ddaa460aeae8cc9e8a33f91a01c8cd4c0c8bf8a943210a28c84d,60.16897,24.95222,00000000aa852af1,14.89
37,2019-08-04T18:07:00Z,90117b9c3713f2625c688365a6f9caec2ba33cccf2f0f00d71acea40,60.1538,24.95595,0000000038bf9618,13.75
38,2019-08-04T18:07:00Z,95fd27de029b7a4264f2beddb4b660c1626a5fd1f1c3f0876f170df6,60.16762,24.95415,000000006b44cce7,25.36
39,2019-08-04T18:07:00Z,98239bf94ef54f747154b6cbe79cdbf3b87a27880fd23e82c8465dd2,60.14699,24.922,00000000a53ed894,9.12
40,2019-08-04T18:07:00Z,9843c6216661048343a0e49cf3d8aa2883cf77f452666a1c873a1052,60.16448,24.97323,0000000053c6c2be,12.69
41,2019-08-04T18:07:00Z,ad92f89af795b95e5386955cc62c31b3c9f1828b909aea2cbd431919,60.16762,24.95415,000000006b44cce7,29.32
42,2019-08-04T18:07:00Z,b33ae7715d6d2571066655c2c8954a5a364b5601869047de83410d9f,60.16629,24.95957,00000000fb7600be,20.28
43,2019-08-04T18:07:00Z,b3b17bf82f820d254d30fe39c17e00651c61c59dddae585cd8b918c0,60.1538,24.95595,0000000038bf9618,36.27
44,2019-08-04T18:07:00Z,b5fd6b317890e5ab2d79e2cd1abe61626d45a753c7337d0d40728898,60.16762,24.95415,000000006b44cce7,9.12
45,2019-08-04T18:07:00Z,b7ccc36366d34cdd80f5c1a2407ed073a7662e52824439003817e391,60.17002,24.94407,000000006b087f40,38.87
46,2019-08-04T18:07:00Z,b90577926dd52437738dad5f00d4049f63b26d870442dd6efe495a67,60.14699,24.922,00000000a53ed894,29.32
47,2019-08-04T18:07:00Z,bb98768dad0f7c52cf643f035a3e7e48f5cfe28557c66f2a75914b31,60.14699,24.922,00000000a53ed894,17.4
48,2019-08-04T18:07:00Z,bd01ac8fc2992e9ca32f28c1f1b22983845e90918ba97584017978aa,60.14699,24.922,00000000a53ed894,12.69
49,2019-08-04T18:07:00Z,bddeb29d971bd9472fcb760695040f402a4239acfa65c4d1a1631922,60.16897,24.95222,00000000aa852af1,16.1
50,2019-08-04T18:07:00Z,c0d98967e7575c7d0727764e04702297809bbfe2877f0afc62112028,60.16762,24.95415,000000006b44cce7,12.69
51,2019-08-04T18:07:00Z,c410d9738f30875a93123a94870ad93b3a8eb1010ef478c031580ab6,60.16762,24.95415,000000006b44cce7,20.28
52,2019-08-04T18:07:00Z,ccdb0f38984feb7a1b026794d33b6ed292b71ffdeae9645d73a8fbc5,60.16762,24.95415,000000006b44cce7,18.79
53,2019-08-04T18:07:00Z,cf05623e4d87ce0906c0b0b7dbf53aacc1228016cd27c341228b6e76,60.18203,24.91341,00000000342570c2,20.28
54,2019-08-04T18:07:00Z,d466739295da5e108e9f8a1a4f387f1cec8bde1ff3a78529697bdcc2,60.16829,24.94214,00000000afef4555,25.36
55,2019-08-04T18:07:00Z,d73d0854198e184ee42ff4f9e9da255df0af90985363aea6a02d33d7,60.16762,24.95415,000000006b44cce7,10.78
56,2019-08-04T18:07:00Z,ed70dda6b7faebd4340dacdb452ab224d9d3c308df417b7fa76f54e8,60.14951,24.92138,0000000006dd41f6,25.36
57,2019-08-04T18:07:00Z,f088630d7476dae7d4b7e2bb1f10575f2c89acb4b6e061f3d57c2b40,60.16531,24.9442,00000000fdda10fe,23.56
58,2019-08-04T18:07:00Z,f6609ab1076b1105bb845595a03b41b8fbb282f79c337df5bbc9f841,60.14699,24.922,00000000a53ed894,14.89
59,2019-08-04T18:07:00Z,f73ab34eb1a08df0fb3a99357eb0626e316ee08f3d72a7566b2c66ec,60.149,24.9843,00000000fffb8cf0,4.5
60,2019-08-04T18:07:00Z,fc4f3a44235f1cfc7b53f14ba2da599976a5a0a220d23b852688e485,60.17918,24.95141,00000000675d5200,25.36
61,2019-08-04T18:07:00Z,0034c398775d5f780a71ca2eecccb7c5da2c99494d8693c7b3dc722d,60.14947,24.91438,000000004ef3150d,4.94
62,2019-08-04T18:07:00Z,062a34c6cd614f22b1e0973bfe2fa99f63358e43366f1b68d6baac67,60.14947,24.91438,000000004ef3150d,5.41
63,2019-08-04T18:07:00Z,068289965c8f0935c549db80aa2276294f63ed7f836a072579a4332a,60.16629,24.95957,00000000fb7600be,11.7
64,2019-08-04T18:07:00Z,07b739827a00f76e42ad5d9db4ab56a4fa8647a3a7b146a00d899010,60.14947,24.91438,000000004ef3150d,8.38
65,2019-08-04T18:07:00Z,097e9ecc64d7281be1cd918ca9150053db53e440e5afdc00c7de54b9,60.14699,24.922,00000000a53ed894,27.28
66,2019-08-04T18:07:00Z,09cd56cbd86c478170c0fbbca781bf11671ec904d43e2a46632e3e2b,60.173,24.92524,0000000096918cfa,16.1
67,2019-08-04T18:07:00Z,0c34cbe0bc9b530d45bc325a59f3b23f6fcd14cb072c2aef7413951f,60.16629,24.95957,00000000fb7600be,10.78
68,2019-08-04T18:07:00Z,0d5351baf50decc85598de55cf05b873fc5552adb95f867abebc4cb9,60.14947,24.91438,000000004ef3150d,4.5
69,2019-08-04T18:07:00Z,0ea1ea8ca7fb8dd3374704e78db368952f1fc1e652d1c4496f69b262,60.14947,24.91438,000000004ef3150d,7.05
70,2019-08-04T18:07:00Z,14ca79d7aef6788895981aa8060a3b78d5166639c9e439d39b9e850f,60.14947,24.91438,000000004ef3150d,18.79
71,2019-08-04T18:07:00Z,156551e01eb5b35cece769f9dab683045703476f5e97f9a6215e8163,60.17918,24.95141,00000000675d5200,7.69
72,2019-08-04T18:07:00Z,17c72c2338a09621f3edc85a05d6be8e9db1732c159299c6ef616df9,60.16829,24.94214,00000000afef4555,4.5
73,2019-08-04T18:07:00Z,184735fd3e85197f922aa20ea21e90030a8dbe84bb054dd67a965789,60.14947,24.91438,000000004ef3150d,7.05
74,2019-08-04T18:07:00Z,19649a95340db06dd622391761eb9e07d037f8818912e040c7309fb6,60.17002,24.94407,000000006b087f40,25.36
75,2019-08-04T18:07:00Z,19d93b90866acbea1734de00f47ae36e0012b65f19ce71e403c4997f,60.14947,24.91438,000000004ef3150d,2.08
76,2019-08-04T18:07:00Z,1dacfb371d75dd4f90f447aac2a00faad98beb4188a6971c19eb2375,60.16629,24.95957,00000000fb7600be,21.87
77,2019-08-04T18:07:00Z,1eda00a0ece5afa43bb4e6c9fff4fb8cbce417fabdd2eda3f4d28c76,60.14947,24.91438,000000004ef3150d,7.69
78,2019-08-04T18:07:00Z,1faaaeff6423708e06d94b904af4be93e399939fbdfd3b3091dc8bd2,60.15432,24.9211,0000000019fb59c4,12.69
79,2019-08-04T18:07:00Z,20ab24811e0bc6029eb899daa71044b51093e26403c1e6d0dacb55fe,60.16829,24.94214,00000000afef4555,10.78
80,2019-08-04T18:07:00Z,210f7eeb5edd92d893a9586f2c58283e0cab1faaa19cca1dfccc6e8a,60.1538,24.95595,0000000038bf9618,16.1
81,2019-08-04T18:07:00Z,254e9b9512b6f350eb6e5125230f382e9434169d73cf0cd709d9d9f7,60.16531,24.9442,00000000fdda10fe,7.69
82,2019-08-04T18:07:00Z,25610a74363a980b4a2e7b5954ca31f09c00b19a500425fb70ff2fc9,60.16829,24.94214,00000000afef4555,13.75
83,2019-08-04T18:07:00Z,25b9a688fda1515f9ff250d01f89c4491af81e3721b9b2348d88d2e3,60.16762,24.95415,000000006b44cce7,23.56
84,2019-08-04T18:07:00Z,28fc7f132c8f71bbe12c0e2d60e7c9cd2f863f6aa51221c8f5da6df4,60.14947,24.91438,000000004ef3150d,18.79
85,2019-08-04T18:07:00Z,2a66d3b9f1bf8f7d26cb8cb38dd0ecefaef9bc2247adbec7a3a112aa,60.14947,24.91438,000000004ef3150d,7.69
86,2019-08-04T18:07:00Z,2ddefe68c75b3341654b2ebe708b3d7e1c4ab6521498ae6b700e8e40,60.16762,24.95415,000000006b44cce7,18.79
87,2019-08-04T18:07:00Z,2e4b7b276c2419ce8ce8523728f9aa0d5d58d71437015f4660a3baef,60.17065,24.93641,000000000f4919c9,20.28
88,2019-08-04T18:07:00Z,2e5ae3385dc86fd3d9151b5b0b667496cbe8b1cb848397c08a808310,60.16448,24.97323,0000000053c6c2be,14.89
89,2019-08-04T18:07:00Z,316229fce472c50460869d00750c93fe96232d5c6a529b37d5f8e99f,60.1538,24.95595,0000000038bf9618,10.78
90,2019-08-04T18:07:00Z,32e1b6b5423746ae8a84a495a02857e83911f7d17722c1f3e0b0c912,60.16897,24.95222,00000000aa852af1,7.05
91,2019-08-04T18:07:00Z,346344bc7174892307390c81fead55316038f64a342ca8502c71a4b1,60.16762,24.95415,000000006b44cce7,16.1
92,2019-08-04T18:07:00Z,37699c5e8d954f708f3877938ab5bdefe6b04d2d22d4e23429c5fdff,60.16897,24.95222,00000000aa852af1,31.5
93,2019-08-04T18:07:00Z,39bba074f81dc6ccdf1500d9cb6f9d49b8bf9294479d16acf70e6ad2,60.1538,24.95595,0000000038bf9618,36.27
94,2019-08-04T18:07:00Z,3b7647a640b732f8a765adf5a1eb8ab798d4e45222620f63b6713e2c,60.1538,24.95595,0000000038bf9618,4.5
95,2019-08-04T18:07:00Z,3ba733a4a640256c4b589db4628069f60849278373e21e7f4b6e8cd2,60.14947,24.91438,000000004ef3150d,9.12
96,2019-08-04T18:07:00Z,3db8c0c452949d63f7040484eb16fb5eb6dc47b75bfa4dcab370d610,60.14947,24.91438,000000004ef3150d,10.78
97,2019-08-04T18:07:00Z,3e7037d77c0da511634e042048dede86219bde58a42614d7d9270def,60.16829,24.94214,00000000afef4555,29.32
98,2019-08-04T18:07:00Z,3f7532528eb3b923da08d4d36e2adf4866ea3bbeb5b498f5987ef66c,60.1538,24.95595,0000000038bf9618,21.87
99,2019-08-04T18:07:00Z,439db99f031f59620043d4be8a84e37ca730eb0b0d622a2f13c40939,60.16531,24.9442,00000000fdda10fe,7.05
100,2019-08-04T18:07:00Z,4769865ca935d12f68fe0b1c2929ccd9f2f1a5813432758503e8407f,60.16762,24.95415,000000006b44cce7,13.75
101,2019-08-04T18:07:00Z,47f556f6b6011d693c1debbf5ecd6a4d927751f953d3c8c2366a0a43,60.16897,24.95222,00000000aa852af1,36.27
102,2019-08-04T18:07:00Z,48ef63252a50621dec9b84f637fb5e8eba6f95c362fb170e474edacf,60.16448,24.97323,0000000053c6c2be,25.36
103,2019-08-04T18:07:00Z,4ad45505a1f0c0870b3b2b0b5f18b821f54a0a3af94c40e40ec2ed2d,60.16897,24.95222,00000000aa852af1,23.56
104,2019-08-04T18:07:00Z,4db77eb66abe240aec6e711ea0fc2b4abff4fcba87e0c0e6394d4e7f,60.14947,24.91438,000000004ef3150d,9.12
105,2019-08-04T18:07:00Z,50f0dcda135690c7704f76fa689c2703c56f4a879a2823e0e6bf30c0,60.16762,24.95415,000000006b44cce7,4.94
106,2019-08-04T18:07:00Z,52e08553a3017a3b6dee667474af31000ef49a7ac20101a781eb6ddf,60.14947,24.91438,000000004ef3150d,7.69
107,2019-08-04T18:07:00Z,540f3341092065cd8f950a6100468e3205325bfb603b0eac1ab2bf09,60.17002,24.94407,000000006b087f40,36.27
108,2019-08-04T18:07:00Z,56528f2f7848a92c4e62dd6790ebade14b36cb837e98f52ef6aa6935,60.14947,24.91438,000000004ef3150d,5.41
109,2019-08-04T18:07:00Z,56df23361d98be7aad7f00ac48267b1fd4231ce876b340c52af7d34e,60.18203,24.91341,00000000342570c2,9.12
110,2019-08-04T18:07:00Z,575fc1e1b7b326dc0be738055eaa456cd065e3007bc5ea5777b880f3,60.14947,24.91438,000000004ef3150d,11.7
111,2019-08-04T18:07:00Z,584cb0b0cdd14e608c8b57c8aecc9826f9b40027e365e2438a444ea2,60.16762,24.95415,000000006b44cce7,11.7
112,2019-08-04T18:07:00Z,5937a1ceb3cbed4d2cff932fa9baa8eaae7d72c268ad01baedb34a3e,60.17002,24.94407,000000006b087f40,17.4
113,2019-08-04T18:07:00Z,5bc1fef294e688f074e113bf74a83d54aac952248691f056f8ab4db6,60.149,24.9843,00000000fffb8cf0,9.12
114,2019-08-04T18:07:00Z,5e9e876eb6e3c7c8d84162230413dc5998e221b6717ed75b4e6ee4a6,60.14947,24.91438,000000004ef3150d,7.69
115,2019-08-04T18:07:00Z,61634f4a9e5a3d29ce3143cf73d2f6c4aa42ca883cfdf1c231cc10a9,60.14947,24.91438,000000004ef3150d,4.94
116,2019-08-04T18:07:00Z,637fd587b336ef3ede8e8b0c5668c533af18682b5181e7be4ad2be97,60.14947,24.91438,000000004ef3150d,5.91
117,2019-08-04T18:07:00Z,63b53fa87bd25f3e76ba8fe54a4d56b06da2ff9a0115501c993d3ac0,60.14947,24.91438,000000004ef3150d,9.92
118,2019-08-04T18:07:00Z,641fc263b0b322d96d2de92b299b73cd0607f72fb1cf8afda305e1ef,60.16829,24.94214,00000000afef4555,25.36
119,2019-08-04T18:07:00Z,663d18d3fb2043ba085b359f3c85f01b56b38c83b293988593f73de1,60.17918,24.95141,00000000675d5200,18.79
120,2019-08-04T18:07:00Z,69084ac83c11301f329b6193f0e1b7f4d0789bf944a3f59934f603ab,60.149,24.9843,00000000fffb8cf0,11.7
121,2019-08-04T18:07:00Z,692cb1e58e47465a67ac2f3b75ce3517205810ea47dd5dd13ed3ed51,60.16762,24.95415,000000006b44cce7,12.69
122,2019-08-04T18:07:00Z,695d55f2fd0bb847cd7847177859f324e79512e50465c4490c7345e6,60.17002,24.94407,000000006b087f40,31.5
123,2019-08-04T18:07:00Z,6a119db2b0e9ff04449c3a6d1f6f3c9728915a9161403b2964410bda,60.16762,24.95415,000000006b44cce7,17.4
124,2019-08-04T18:07:00Z,6a35cfe1f8b6473c1770803718bc27706915a174080716400520a191,60.16762,24.95415,000000006b44cce7,23.56
125,2019-08-04T18:07:00Z,6af6a6fdbca695b231817b9d0524efb038e77ecbe3b8689b84acf01f,60.16897,24.95222,00000000aa852af1,23.56
126,2019-08-04T18:07:00Z,73a12fa206c3e063e2c8ac8c6961dc4fd2aa19969be2805ceda8126e,60.14947,24.91438,000000004ef3150d,18.79
127,2019-08-04T18:07:00Z,74cb545f76f0bfc5498607247e26e814276a11ce91f77208054ecbc5,60.17002,24.94407,000000006b087f40,21.87
128,2019-08-04T18:07:00Z,756d8e3c936e12462430214ad80417c37989418cefda916b64a6512d,60.14947,24.91438,000000004ef3150d,21.87
129,2019-08-04T18:07:00Z,782785f1e58dfcab3d7a41bfbfc1fe726c846145d2dfca5d46d67b2b,60.14947,24.91438,000000004ef3150d,13.75
130,2019-08-04T18:07:00Z,796ef0b23be715eb561d45306a80deffcfe351f04ddd12bf2d607d82,60.16762,24.95415,000000006b44cce7,10.78
131,2019-08-04T18:07:00Z,79d5d350ae519e01f8768de327eb65ece3a780e3cd6e6872e2671cdf,60.17002,24.94407,000000006b087f40,25.36
132,2019-08-04T18:07:00Z,7a5edfa42f04d12fa421c2c4f840c40dc51ca04a872acb8c8075bdbb,60.14947,24.91438,000000004ef3150d,4.94
133,2019-08-04T18:07:00Z,7e368b45c9f58fc2885b8dfe30459accc467363f31ce08c38cc910a4,60.16829,24.94214,00000000afef4555,14.89
134,2019-08-04T18:07:00Z,7ec192b97277be20f54674e47897dc60ab68617e1265b6f0d558f45c,60.14947,24.91438,000000004ef3150d,9.92
135,2019-08-04T18:07:00Z,836fa3d3dc859bf1eb29aa7e47e7843c3a2c82971b44d8f78dc9e9a0,60.14947,24.91438,000000004ef3150d,11.7
136,2019-08-04T18:07:00Z,839f24ffef13a06a8e395c4e390c4d14d46479a4703b9919ae4dc58f,60.14947,24.91438,000000004ef3150d,9.12
137,2019-08-04T18:07:00Z,85a60e000fd40fa7a7ed062c6f709fd63becd18328a33068c80d3d90,60.1538,24.95595,0000000038bf9618,31.5
138,2019-08-04T18:07:00Z,87115313476fd4bd06e1aabdcb43595c8d13168f071c817eb818069c,60.16629,24.95957,00000000fb7600be,17.4
139,2019-08-04T18:07:00Z,8a5a9c5c331e0fcd6a44480ac0ad34f95d7f336aa559411b47edfaff,60.16897,24.95222,00000000aa852af1,14.89
140,2019-08-04T18:07:00Z,8c657ecd533d18363ca5f5fe7721127c8353dff1b44ec90a8e044983,60.14947,24.91438,000000004ef3150d,11.7
141,2019-08-04T18:07:00Z,8dfc2044b9835d3498d399737f0825cbc4f3846feb9c924331c4ae9a,60.14947,24.91438,000000004ef3150d,8.38
142,2019-08-04T18:07:00Z,8e5f98c010d36f0b185d10fb17efc4b712fb6aded1a9aa1c1d1c9fb8,60.14947,24.91438,000000004ef3150d,10.78
143,2019-08-04T18:07:00Z,901ac4b5050de125ac31c261df85a30119b3cdaaba36692ac41b5302,60.14947,24.91438,000000004ef3150d,10.78
144,2019-08-04T18:07:00Z,90621e884335755be3931723d708d3c832510f061b80d3ab2923100d,60.18203,24.91341,00000000342570c2,18.79
145,2019-08-04T18:07:00Z,9123ce5342ac970adfa61ce39b7b884cda02b350c3834652ec6d4264,60.16762,24.95415,000000006b44cce7,16.1
146,2019-08-04T18:07:00Z,9176d978bc7e6d098aab2a2d2e32bda3408fb82c2e43dd00f9eee5f5,60.14947,24.91438,000000004ef3150d,1.7
147,2019-08-04T18:07:00Z,92a3b8ba80b5e43f591d45c2fe1893109b7142dd395d6d96c7c52af1,60.14947,24.91438,000000004ef3150d,4.94
148,2019-08-04T18:07:00Z,945ffc8409df56199890a6b9584f89da71bdc1da1318afd75d2eeae5,60.14947,24.91438,000000004ef3150d,18.79
149,2019-08-04T18:07:00Z,956a40ccfeca128592c877f8618a5b71c1f07bc2ae1a132a8a116648,60.16829,24.94214,00000000afef4555,17.4
150,2019-08-04T18:07:00Z,95b356b4d99f6ef4cdbf64f8b447bbf96c53b6399a3ac93b69dc4f1e,60.16829,24.94214,00000000afef4555,31.5
151,2019-08-04T18:07:00Z,96894813357b1802391ef8b5e494ce64030a869ee30413d5bb286537,60.149,24.9843,00000000fffb8cf0,2.3
152,2019-08-04T18:07:00Z,99867634c2353f40af8b870dcf0d2d5a9f55f6140885ae593718b3d7,60.14947,24.91438,000000004ef3150d,18.79
153,2019-08-04T18:07:00Z,9ae5b25c43c5cf247fd4d59b17066a40416d900fa1f51a10324c36f5,60.14947,24.91438,000000004ef3150d,5.91
154,2019-08-04T18:07:00Z,9fccc739fd6408e5a380da8214cb7113d393f89ae78d65ae90818fb1,60.1538,24.95595,0000000038bf9618,11.7
155,2019-08-04T18:07:00Z,a063d60d7a64536a0ebc7985a476f236d8e6cedef541bf42c61ca195,60.16762,24.95415,000000006b44cce7,20.28
156,2019-08-04T18:07:00Z,a14ef8071231ff15b924fc3c27a92e495fe5e2bdad73060b7e2d4766,60.14947,24.91438,000000004ef3150d,23.56
157,2019-08-04T18:07:00Z,a3309005457c6e25a87265e9851be7b226db559ba63c54734050caa5,60.16448,24.97323,0000000053c6c2be,18.79
158,2019-08-04T18:07:00Z,a33ee01a140c10d50c10dd7d50fd495f8f2db4e443ca82e3fa9a4092,60.149,24.9843,00000000fffb8cf0,23.56
159,2019-08-04T18:07:00Z,a4f2e1f43f107f0b73e0d1b4684b8fe9b7341b4723a742b339f020bd,60.16762,24.95415,000000006b44cce7,20.28
160,2019-08-04T18:07:00Z,a65014036bf8c88739ce71def6ab239304a797365bca32af2110294b,60.14947,24.91438,000000004ef3150d,10.78
161,2019-08-04T18:07:00Z,a65940d07310b8f4b49e9a7b35a1cc90170e20d8adf23c3e7453e408,60.14947,24.91438,000000004ef3150d,12.69
162,2019-08-04T18:07:00Z,a72929836a760db4f44d1bdb2dc59c5f0262566d1c63264ad495c462,60.17002,24.94407,000000006b087f40,31.5
163,2019-08-04T18:07:00Z,a98d8c25ae702acae62c6405ab4f3dfd6e8ab801f74cce3d7dfd6745,60.18203,24.91341,00000000342570c2,14.89
164,2019-08-04T18:07:00Z,a9de212f22a4c4dbb7fdb81f0ac777b8cb7ed80ff7c52a9c03e70a30,60.14947,24.91438,000000004ef3150d,11.7
165,2019-08-04T18:07:00Z,aab1e2a70d605bd144c83a5348859fcc876e60ebc7be564cf77f2e5a,60.14947,24.91438,000000004ef3150d,12.69
166,2019-08-04T18:07:00Z,ad3c0dcba18b8f6c061c6c96fcefb29534a286bd693d396d32d5413e,60.16829,24.94214,00000000afef4555,18.79
167,2019-08-04T18:07:00Z,af0fe6bc03a65bd5f0f13645b51e630ccfbca58398cc543f4f2be4d3,60.1538,24.95595,0000000038bf9618,38.87
168,2019-08-04T18:07:00Z,afa1d3dec092b6c8d21db46ab323e81e9fe60c96bbd6805ca935dda6,60.14947,24.91438,000000004ef3150d,14.89
169,2019-08-04T18:07:00Z,b01cafa6592cd02673a7c4855bbfffdf787943c9e42369ae10472c39,60.14947,24.91438,000000004ef3150d,9.92
170,2019-08-04T18:07:00Z,b13fba6e61453593b06c920fe46add84db69ecf6616e81f5f2f476a1,60.1538,24.95595,0000000038bf9618,20.28
171,2019-08-04T18:07:00Z,b297d620c901e48386562f553683d6887e3987a0415a8674611def60,60.14699,24.922,00000000a53ed894,16.1
172,2019-08-04T18:07:00Z,b357a70e43ebc2b207bb7506e9e9170a8e223ba26f97dd116b068339,60.14947,24.91438,000000004ef3150d,12.69
173,2019-08-04T18:07:00Z,b4ec383de3a42d2e130195b962c72277df838b5ac490d11a7928ab3d,60.16762,24.95415,000000006b44cce7,20.28
174,2019-08-04T18:07:00Z,b765e37a6a1e0ad72e50d03ea490d62ecdf427d8c684b2229a5b6359,60.16897,24.95222,00000000aa852af1,9.12
175,2019-08-04T18:07:00Z,b871d285ee0d21a05473c4512e883f01ee152445e8e1d6bcb28a0b63,60.14947,24.91438,000000004ef3150d,3.09
176,2019-08-04T18:07:00Z,b8c2df67b7f8e9e5eb73311ca08fc40c59d60152dba6e22354a1ea04,60.16762,24.95415,000000006b44cce7,25.36
177,2019-08-04T18:07:00Z,ba0616ca84261c8e52f5007a201f64c9eb0c554f887fcd46e8f14067,60.16762,24.95415,000000006b44cce7,3.74
178,2019-08-04T18:07:00Z,bc07df8cc395f6f4f5d483b2233caca5f93a6918f346e4cc3702f8cc,60.16531,24.9442,00000000fdda10fe,6.46
179,2019-08-04T18:07:00Z,bcf8c1f0746374042520bf4bd954fb4ecde7c01ead2dfe8f77c678f9,60.14947,24.91438,000000004ef3150d,8.38
180,2019-08-04T18:07:00Z,c0a0ca3433586ed2ae0e448f2406fabac7292ac79d49562e0bd5cef8,60.16762,24.95415,000000006b44cce7,25.36
181,2019-08-04T18:07:00Z,c0aa7f661ba61e40ceb536b5cdd60c9ff93c3d4accdbb327b7ec582a,60.14947,24.91438,000000004ef3150d,17.4
182,2019-08-04T18:07:00Z,c13b71cdd7d0da68cb53c489a6863e26e79f7758a40be6e5553fcf7d,60.14947,24.91438,000000004ef3150d,9.92
183,2019-08-04T18:07:00Z,c1da0750a00f73b240b5991cf07be24590000f74d7665bcc8d14e9fe,60.16762,24.95415,000000006b44cce7,9.12
184,2019-08-04T18:07:00Z,c23ded3104361bfd57f2f245121b8cef5c0552f99e3218918a395fca,60.16762,24.95415,000000006b44cce7,18.79
185,2019-08-04T18:07:00Z,c40f6e9815891f64dae2e82f93e53dd44d4b11f91414930ecd635dcb,60.173,24.92524,0000000096918cfa,16.1
186,2019-08-04T18:07:00Z,c4f5047e22a66c5e709d14ed0be9d2659cf62d87c0408b34ba0f00e9,60.17002,24.94407,000000006b087f40,33.81
187,2019-08-04T18:07:00Z,c5bef540240e7f24ac09db8ea41639bc34707d28d0253e38fc717f6d,60.14947,24.91438,000000004ef3150d,4.94
188,2019-08-04T18:07:00Z,c92e828770176074eee461522ec16662112eba9de56c685b3913f91d,60.14947,24.91438,000000004ef3150d,7.69
189,2019-08-04T18:07:00Z,caecf68cf232dae2722ed6bf63247959722e7307f41f204a9ffcb443,60.16531,24.9442,00000000fdda10fe,17.4
190,2019-08-04T18:07:00Z,cd74bf3943ee8994c3241a8011cd6080fd4254c7a9e3649df2875c8c,60.16897,24.95222,00000000aa852af1,23.56
191,2019-08-04T18:07:00Z,d2e3776c12df6fd5258ce16cc8af6915bcc90e779809efb0afd8f103,60.16897,24.95222,00000000aa852af1,8.38
192,2019-08-04T18:07:00Z,d4c3f8b5478c668edc1456d3d2890541aefd89c491520a2424080340,60.14947,24.91438,000000004ef3150d,5.91
193,2019-08-04T18:07:00Z,d5575630c4b610d95f79e6ee0839cb236498811b7eb3d210b41320dc,60.149,24.9843,00000000fffb8cf0,20.28
194,2019-08-04T18:07:00Z,d6366bc8ab23f90074bbb2c08f73bfd3faaaa5122ecdd9f8c5b62674,60.14947,24.91438,000000004ef3150d,9.12
195,2019-08-04T18:07:00Z,d73d0cfe8857fac76f4e82336bbc875a796cdb86e4cf5f9659017dd2,60.14947,24.91438,000000004ef3150d,7.05
196,2019-08-04T18:07:00Z,df7003f185172cfc060465d34d73432a0e539ff080c5d88973253347,60.173,24.92524,0000000096918cfa,6.46
197,2019-08-04T18:07:00Z,e058afdf1d3f9b0bffb6c007e285d6051e050754b3ca523a16b45491,60.14947,24.91438,000000004ef3150d,6.46
198,2019-08-04T18:07:00Z,e346053afef6b0d27c2b91cbabbcddf7b8882f537c886f2cdc49e2ed,60.14947,24.91438,000000004ef3150d,4.5
199,2019-08-04T18:07:00Z,e39566781fd17daa6e579049d8fb9393788da7c3028a7003def9eec8,60.16762,24.95415,000000006b44cce7,20.28
200,2019-08-04T18:07:00Z,e4560bfb24931bf436a1a0444fd41737ebcd411cacf335c02c7eaf7a,60.1538,24.95595,0000000038bf9618,27.28
201,2019-08-04T18:07:00Z,e4e0c1ee485a6b8d63cdadd6c74f5f5f4aa50f52b4bb0aed505bcfff,60.16762,24.95415,000000006b44cce7,18.79
202,2019-08-04T18:07:00Z,e52798e48ec2344d81beafa4df646da653f047366735bd13f5dee1de,60.14947,24.91438,000000004ef3150d,13.75
203,2019-08-04T18:07:00Z,e57596169379ec8a90b48e7935b4d3992e3217277dfab8678d7909cc,60.16762,24.95415,000000006b44cce7,13.75
204,2019-08-04T18:07:00Z,e6bab7e4342e8627c7ca543ebe8a60ce13a78a0c3ce7ef7e3dc9117a,60.14947,24.91438,000000004ef3150d,14.89
205,2019-08-04T18:07:00Z,e7eeabe667b5ca73985a86f67e8d9b89bfe7822ab43baed35eb022e7,60.14951,24.92138,0000000006dd41f6,21.87
206,2019-08-04T18:07:00Z,e80477155cb38de1585675ecd61a385c3c60792d63fee3525f8ba4f7,60.14699,24.922,00000000a53ed894,8.38
207,2019-08-04T18:07:00Z,ead2c2454462f88183adb5f4efeea3579d1441eac047e1e272ec88f6,60.14947,24.91438,000000004ef3150d,5.41
208,2019-08-04T18:07:00Z,eb38beb838f3855b351e3344ee3ab5d10f5fe80da3157cef93ec6b19,60.1538,24.95595,0000000038bf9618,25.36
209,2019-08-04T18:07:00Z,edd99b78a677cf8148736ee554fd1dac0bdaa3b8b2946a050bc59cdc,60.14947,24.91438,000000004ef3150d,14.89
210,2019-08-04T18:07:00Z,ef10c61152181eb46e08d3cb3c8f0eb4df0be016e455701881affae0,60.14947,24.91438,000000004ef3150d,23.56
211,2019-08-04T18:07:00Z,ef319376cc169c31f88852083f70ec26879f2a85bc2e033960ae0bfd,60.14947,24.91438,000000004ef3150d,18.79
212,2019-08-04T18:07:00Z,ef4b37eebb7df106bff83106c4be5d57c63ea846a092bb251d375143,60.1538,24.95595,0000000038bf9618,29.32
213,2019-08-04T18:07:00Z,f061e670cd5732dde923cfd91e014ef7bba68907f5b6d3a694dc5615,60.17002,24.94407,000000006b087f40,23.56
214,2019-08-04T18:07:00Z,f3733568448043ce8d8fb63885a7413b6b03d133fae89bc782d5a0ec,60.16544,24.95398,0000000038d83d41,23.56
215,2019-08-04T18:07:00Z,f3b1dc09f3339e5ef8918d9feeb71436dac63424739d596bf9d792e3,60.14947,24.91438,000000004ef3150d,5.41
216,2019-08-04T18:07:00Z,f99935bf4834128f45e3d6ad48c0936e853555b4127e45ffa737655f,60.16762,24.95415,000000006b44cce7,18.79
217,2019-08-04T18:07:00Z,f9fea7acd55fb3500e235857114703b2bbe8840f3351419b991f2899,60.14947,24.91438,000000004ef3150d,5.41
218,2019-08-04T18:07:00Z,fa9105b54635fb90ad694f4ab74513d1d0faa7645e791a27bbf0f2e2,60.15432,24.9211,0000000019fb59c4,17.4
219,2019-08-04T18:07:00Z,fb794af48f9f087b7a8315b74c4f34c462f22d231167db2a83c17474,60.16762,24.95415,000000006b44cce7,18.79
220,2019-08-04T18:07:00Z,fbdaad38b8283984894e0f02eda1f9e1649e6c7ae113792fd4b9135f,60.16897,24.95222,00000000aa852af1,10.78
221,2019-08-04T18:07:01Z,002609eccfa6482109fb43966e0153bf6f371425cf715e49925348dd,60.14699,24.922,00000000a53ed894,20.28
222,2019-08-04T18:07:01Z,0104097a4a93055d6feae9bad4c28bff4954a25c3f3dc183822a2a28,60.16544,24.95398,0000000038d83d41,25.36
223,2019-08-04T18:07:01Z,0152988639aaaa9cc27213280c8f0c0c8ec97ae6a45aaaf743c9c25d,60.16544,24.95398,0000000038d83d41,29.32
224,2019-08-04T18:07:01Z,0dc8c9fd6c6ca193d5326d70d6f9efc1963bcd534fc7c80032f0e192,60.16544,24.95398,0000000038d83d41,25.36
225,2019-08-04T18:07:01Z,14c7e1511b70f4dd3359cbece1377aebb4d70531f5489eefe53d7c3c,60.16544,24.95398,0000000038d83d41,25.36
226,2019-08-04T18:07:01Z,18a7cc18e342213704ea064466030587974195a1405c322d3118dcf3,60.14699,24.922,00000000a53ed894,17.4
227,2019-08-04T18:07:01Z,19882f7eb60b2bbe4df9b48d27f047426a641e74eea690915e2b2288,60.16544,24.95398,0000000038d83d41,23.56
228,2019-08-04T18:07:01Z,23401ea95f56d25a7cb5bb8d17acb03e2c419420a8b9adac6ff8cbe8,60.16829,24.94214,00000000afef4555,18.79
229,2019-08-04T18:07:01Z,25a7ff811c3c06e426c7c2cbb0433d9a2a3399b23afecbd35584ab0f,60.18203,24.91341,00000000342570c2,13.75
230,2019-08-04T18:07:01Z,297c725b456ef12d2712634b21546721cbe93224d3a5762d897404f2,60.16762,24.95415,000000006b44cce7,10.78
231,2019-08-04T18:07:01Z,2c7447fb0268b612e12243f64ab499d0e98b62adeee251409b316f5c,60.16897,24.95222,00000000aa852af1,23.56
232,2019-08-04T18:07:01Z,354cac7b39d57e39a5b0ab2caa0a1a915a763605fa6631bab8683659,60.16829,24.94214,00000000afef4555,11.7
233,2019-08-04T18:07:01Z,3763dbba0710e5f35aae6c2f5043debbfd529b4c513eebb4875c2c46,60.16762,24.95415,000000006b44cce7,27.28
234,2019-08-04T18:07:01Z,3944bc7a301be7241d1f7bc4a97f221000d535ce3d8a9af9af9b23b5,60.16531,24.9442,00000000fdda10fe,23.56
235,2019-08-04T18:07:01Z,43b676ed3aef4c2d8846694817e76117873be52e7f788e0cb366c1c4,60.16629,24.95957,00000000fb7600be,36.27
236,2019-08-04T18:07:01Z,46e3dfa03a846c337e40912cd5b67cc46bdc67ef1d01130e5951893d,60.14947,24.91438,000000004ef3150d,18.79
237,2019-08-04T18:07:01Z,491b2670fa626c719c5624e2a013e9325dd599d02b93ca1a1b0e3416,60.16544,24.95398,0000000038d83d41,16.1
238,2019-08-04T18:07:01Z,4af69b5f76b6980f4cee17b67b766b917b06558754e40b1a2ad9ba17,60.16897,24.95222,00000000aa852af1,31.5
239,2019-08-04T18:07:01Z,52e72741106655891f7e40d7c8b1d3d0239a79c5da23dc949e19a35c,60.16897,24.95222,00000000aa852af1,16.1
240,2019-08-04T18:07:01Z,5bbb5184fded3e51bc78e45e39917794285e6bbc72da404802a9599a,60.16531,24.9442,00000000fdda10fe,20.28
241,2019-08-04T18:07:01Z,5d65719c4cbf045f068d084b72302f447d5fd034413d97d13be00d0e,60.18203,24.91341,00000000342570c2,20.28
242,2019-08-04T18:07:01Z,5eed115a984d490b02b602d73787aee8dc8c4e9365b77fbff3818a76,60.16629,24.95957,00000000fb7600be,25.36
243,2019-08-04T18:07:01Z,66dabd3229229330d23c70e9e1737429ddfe69db01f4a6a00f70fa20,60.16762,24.95415,000000006b44cce7,23.56
244,2019-08-04T18:07:01Z,6a70e2fbced719333e21eff04fcb9cb36bae9a04d1a3d6ddd96f2c58,60.15432,24.9211,0000000019fb59c4,7.05
245,2019-08-04T18:07:01Z,6f06341f358e61699fe1e55e986dd0554bc8da28b91daf0c5ad99db6,60.16629,24.95957,00000000fb7600be,25.36
246,2019-08-04T18:07:01Z,737efc92e3419e9d96a8559ec341ea7e18ba6381fd8e4de3d06f82a0,60.14951,24.92138,0000000006dd41f6,27.28
247,2019-08-04T18:07:01Z,764b18f2619bd0b14d8426810727aa3f13a9b753e6f58dd333477152,60.16531,24.9442,00000000fdda10fe,23.56
248,2019-08-04T18:07:01Z,77fa23db90c6958e3854966083bac2b8dc1d0956757a06b8484b0613,60.16544,24.95398,0000000038d83d41,21.87
249,2019-08-04T18:07:01Z,7856cd9a8241b470ce46295386b13c33e1948a956b3f18b7b3497cdb,60.16762,24.95415,000000006b44cce7,16.1
250,2019-08-04T18:07:01Z,79f136afa0dd8717337c01c70b457c464aaf0fa25b440f51a394ec23,60.16762,24.95415,000000006b44cce7,13.75
251,2019-08-04T18:07:01Z,87dfaad29a9276ddddb1fa021d3bc23ad14824c1af16f7d87e713689,60.14951,24.92138,0000000006dd41f6,12.69
252,2019-08-04T18:07:01Z,89514d693b1bede7d473d1b7d714829147cb42615145a8351c675525,60.14699,24.922,00000000a53ed894,14.89
253,2019-08-04T18:07:01Z,89982a6acf91b79a282a6b63978e946ee205f303fcd20e944e06baf0,60.16544,24.95398,0000000038d83d41,21.87
254,2019-08-04T18:07:01Z,8c75c3289c84fe4493e1e272a77b615fe1985880c5dc68a7c1a17b53,60.16762,24.95415,000000006b44cce7,12.69
255,2019-08-04T18:07:01Z,8cc6ddaa460aeae8cc9e8a33f91a01c8cd4c0c8bf8a943210a28c84d,60.16897,24.95222,00000000aa852af1,9.92
256,2019-08-04T18:07:01Z,90117b9c3713f2625c688365a6f9caec2ba33cccf2f0f00d71acea40,60.1538,24.95595,0000000038bf9618,13.75
257,2019-08-04T18:07:01Z,91d3b80de4439a4a49ddb8a04d72a0a2ec6c08f351d70232842af567,60.16762,24.95415,000000006b44cce7,20.28
258,2019-08-04T18:07:01Z,95fd27de029b7a4264f2beddb4b660c1626a5fd1f1c3f0876f170df6,60.16762,24.95415,000000006b44cce7,21.87
259,2019-08-04T18:07:01Z,98239bf94ef54f747154b6cbe79cdbf3b87a27880fd23e82c8465dd2,60.14699,24.922,00000000a53ed894,9.92
260,2019-08-04T18:07:01Z,9843c6216661048343a0e49cf3d8aa2883cf77f452666a1c873a1052,60.16448,24.97323,0000000053c6c2be,12.69
261,2019-08-04T18:07:01Z,a91d379a4b57c5df22db0d7a041ff69f657b4b31f28554b1011fc03c,60.16544,24.95398,0000000038d83d41,33.81
262,2019-08-04T18:07:01Z,ad92f89af795b95e5386955cc62c31b3c9f1828b909aea2cbd431919,60.16762,24.95415,000000006b44cce7,17.4
263,2019-08-04T18:07:01Z,ae556011c511e79ed2daac915308eebfe8e1f17c56850f7a1fc92ce1,60.14699,24.922,00000000a53ed894,23.56
264,2019-08-04T18:07:01Z,b5fd6b317890e5ab2d79e2cd1abe61626d45a753c7337d0d40728898,60.16762,24.95415,000000006b44cce7,7.05
265,2019-08-04T18:07:01Z,b7ccc36366d34cdd80f5c1a2407ed073a7662e52824439003817e391,60.17002,24.94407,000000006b087f40,36.27
266,2019-08-04T18:07:01Z,b90577926dd52437738dad5f00d4049f63b26d870442dd6efe495a67,60.14699,24.922,00000000a53ed894,16.1
267,2019-08-04T18:07:01Z,bb98768dad0f7c52cf643f035a3e7e48f5cfe28557c66f2a75914b31,60.14699,24.922,00000000a53ed894,20.28
268,2019-08-04T18:07:01Z,bd01ac8fc2992e9ca32f28c1f1b22983845e90918ba97584017978aa,60.14699,24.922,00000000a53ed894,10.78
269,2019-08-04T18:07:01Z,bddeb29d971bd9472fcb760695040f402a4239acfa65c4d1a1631922,60.16897,24.95222,00000000aa852af1,23.56
270,2019-08-04T18:07:01Z,c0d98967e7575c7d0727764e04702297809bbfe2877f0afc62112028,60.16762,24.95415,000000006b44cce7,12.69
271,2019-08-04T18:07:01Z,c410d9738f30875a93123a94870ad93b3a8eb1010ef478c031580ab6,60.16762,24.95415,000000006b44cce7,20.28
272,2019-08-04T18:07:01Z,c65bb4eaf4441a02ae80394397c393f0985f6d630641be63ab2f33cb,60.16544,24.95398,0000000038d83d41,25.36
273,2019-08-04T18:07:01Z,ccdb0f38984feb7a1b026794d33b6ed292b71ffdeae9645d73a8fbc5,60.16762,24.95415,000000006b44cce7,18.79
274,2019-08-04T18:07:01Z,cf05623e4d87ce0906c0b0b7dbf53aacc1228016cd27c341228b6e76,60.18203,24.91341,00000000342570c2,16.1
275,2019-08-04T18:07:01Z,d366aa1925472f34a389921734c1777d6d7c2e812b0f284d78697edf,60.1538,24.95595,0000000038bf9618,31.5
276,2019-08-04T18:07:01Z,d466739295da5e108e9f8a1a4f387f1cec8bde1ff3a78529697bdcc2,60.16829,24.94214,00000000afef4555,27.28
277,2019-08-04T18:07:01Z,d73d0854198e184ee42ff4f9e9da255df0af90985363aea6a02d33d7,60.16762,24.95415,000000006b44cce7,7.05
278,2019-08-04T18:07:01Z,f088630d7476dae7d4b7e2bb1f10575f2c89acb4b6e061f3d57c2b40,60.16531,24.9442,00000000fdda10fe,25.36
279,2019-08-04T18:07:01Z,f414aacc9c2e3f6577a3f7e39913ef6d6a23a2b4872b603ee66cb251,60.16762,24.95415,000000006b44cce7,20.28
280,2019-08-04T18:07:01Z,f6609ab1076b1105bb845595a03b41b8fbb282f79c337df5bbc9f841,60.14699,24.922,00000000a53ed894,10.78
281,2019-08-04T18:07:01Z,f73ab34eb1a08df0fb3a99357eb0626e316ee08f3d72a7566b2c66ec,60.149,24.9843,00000000fffb8cf0,4.5
282,2019-08-04T18:07:01Z,fc4f3a44235f1cfc7b53f14ba2da599976a5a0a220d23b852688e485,60.17918,24.95141,00000000675d5200,23.56
283,2019-08-04T18:07:01Z,0034c398775d5f780a71ca2eecccb7c5da2c99494d8693c7b3dc722d,60.14947,24.91438,000000004ef3150d,5.41
284,2019-08-04T18:07:01Z,051f80637c89261068fbb94e8ec28385f7b33c9864030efaa3a2ad4a,60.14947,24.91438,000000004ef3150d,31.5
285,2019-08-04T18:07:01Z,062a34c6cd614f22b1e0973bfe2fa99f63358e43366f1b68d6baac67,60.14947,24.91438,000000004ef3150d,4.11
286,2019-08-04T18:07:01Z,068289965c8f0935c549db80aa2276294f63ed7f836a072579a4332a,60.16629,24.95957,00000000fb7600be,27.28
287,2019-08-04T18:07:01Z,07b739827a00f76e42ad5d9db4ab56a4fa8647a3a7b146a00d899010,60.14947,24.91438,000000004ef3150d,3.74
288,2019-08-04T18:07:01Z,086aca26075b148a24c5b169f09817b3a9d04a7d8daa8fc51dbe78cc,60.14947,24.91438,000000004ef3150d,18.79
289,2019-08-04T18:07:01Z,09cd56cbd86c478170c0fbbca781bf11671ec904d43e2a46632e3e2b,60.173,24.92524,0000000096918cfa,21.87
290,2019-08-04T18:07:01Z,0d5351baf50decc85598de55cf05b873fc5552adb95f867abebc4cb9,60.14947,24.91438,000000004ef3150d,8.38
291,2019-08-04T18:07:01Z,1352a5e08cdf66a7836397f95726835da96adb41407e0988ca8f4a37,60.16448,24.97323,0000000053c6c2be,25.36
292,2019-08-04T18:07:01Z,156551e01eb5b35cece769f9dab683045703476f5e97f9a6215e8163,60.17918,24.95141,00000000675d5200,9.12
293,2019-08-04T18:07:01Z,17c72c2338a09621f3edc85a05d6be8e9db1732c159299c6ef616df9,60.16829,24.94214,00000000afef4555,4.94
294,2019-08-04T18:07:01Z,184735fd3e85197f922aa20ea21e90030a8dbe84bb054dd67a965789,60.14947,24.91438,000000004ef3150d,13.75
295,2019-08-04T18:07:01Z,19d93b90866acbea1734de00f47ae36e0012b65f19ce71e403c4997f,60.14947,24.91438,000000004ef3150d,1.01
296,2019-08-04T18:07:01Z,1dd40ed62497f78ab0e6dc5fc77eaba2cfeb3ed115524a7d740991ae,60.14699,24.922,00000000a53ed894,29.32
297,2019-08-04T18:07:01Z,20ab24811e0bc6029eb899daa71044b51093e26403c1e6d0dacb55fe,60.16829,24.94214,00000000afef4555,13.75
298,2019-08-04T18:07:01Z,210f7eeb5edd92d893a9586f2c58283e0cab1faaa19cca1dfccc6e8a,60.1538,24.95595,0000000038bf9618,11.7
299,2019-08-04T18:07:01Z,254e9b9512b6f350eb6e5125230f382e9434169d73cf0cd709d9d9f7,60.16531,24.9442,00000000fdda10fe,7.69
300,2019-08-04T18:07:01Z,25b9a688fda1515f9ff250d01f89c4491af81e3721b9b2348d88d2e3,60.16762,24.95415,000000006b44cce7,23.56
301,2019-08-04T18:07:01Z,28fc7f132c8f71bbe12c0e2d60e7c9cd2f863f6aa51221c8f5da6df4,60.14947,24.91438,000000004ef3150d,23.56
302,2019-08-04T18:07:01Z,2a66d3b9f1bf8f7d26cb8cb38dd0ecefaef9bc2247adbec7a3a112aa,60.14947,24.91438,000000004ef3150d,9.92
303,2019-08-04T18:07:01Z,2a9d75a555080e295d4a7736b21925e44d97f30430b2b731cb52a414,60.14947,24.91438,000000004ef3150d,10.78
304,2019-08-04T18:07:01Z,2e4b7b276c2419ce8ce8523728f9aa0d5d58d71437015f4660a3baef,60.17065,24.93641,000000000f4919c9,18.79
305,2019-08-04T18:07:01Z,2e5ae3385dc86fd3d9151b5b0b667496cbe8b1cb848397c08a808310,60.16448,24.97323,0000000053c6c2be,23.56
306,2019-08-04T18:07:01Z,2eca67f1c32bb1f2df3a85a8f47640659e03130ebfafc8dcf4fb6166,60.16629,24.95957,00000000fb7600be,27.28
307,2019-08-04T18:07:01Z,316229fce472c50460869d00750c93fe96232d5c6a529b37d5f8e99f,60.1538,24.95595,0000000038bf9618,12.69
308,2019-08-04T18:07:01Z,31e669eaf05b545de56568baa0d1c160e1d8f6806ac5703472da8a76,60.14947,24.91438,000000004ef3150d,14.89
309,2019-08-04T18:07:01Z,32e1b6b5423746ae8a84a495a02857e83911f7d17722c1f3e0b0c912,60.16897,24.95222,00000000aa852af1,9.92
310,2019-08-04T18:07:01Z,32f638e1d6d755b5978aa3f2aa07382637cce8134d658ec0f8350e9f,60.18203,24.91341,00000000342570c2,21.87
311,2019-08-04T18:07:01Z,346344bc7174892307390c81fead55316038f64a342ca8502c71a4b1,60.16762,24.95415,000000006b44cce7,12.69
312,2019-08-04T18:07:01Z,37699c5e8d954f708f3877938ab5bdefe6b04d2d22d4e23429c5fdff,60.16897,24.95222,00000000aa852af1,38.87
313,2019-08-04T18:07:01Z,39bba074f81dc6ccdf1500d9cb6f9d49b8bf9294479d16acf70e6ad2,60.1538,24.95595,0000000038bf9618,17.4
314,2019-08-04T18:07:01Z,3b192c5f00bbfe9fd60bb42b378efb22f63382eee8970556a3e0704c,60.14699,24.922,00000000a53ed894,23.56
315,2019-08-04T18:07:01Z,3b7647a640b732f8a765adf5a1eb8ab798d4e45222620f63b6713e2c,60.1538,24.95595,0000000038bf9618,5.41
316,2019-08-04T18:07:01Z,3ba733a4a640256c4b589db4628069f60849278373e21e7f4b6e8cd2,60.14947,24.91438,000000004ef3150d,11.7
317,2019-08-04T18:07:01Z,3db8c0c452949d63f7040484eb16fb5eb6dc47b75bfa4dcab370d610,60.14947,24.91438,000000004ef3150d,9.92
318,2019-08-04T18:07:01Z,3f7532528eb3b923da08d4d36e2adf4866ea3bbeb5b498f5987ef66c,60.1538,24.95595,0000000038bf9618,29.32
319,2019-08-04T18:07:01Z,439db99f031f59620043d4be8a84e37ca730eb0b0d622a2f13c40939,60.16531,24.9442,00000000fdda10fe,16.1
320,2019-08-04T18:07:01Z,46d79fd0371b9fe270b3d7c9ffa5e7b0f4e4f229ab25cdc575af38d7,60.17002,24.94407,000000006b087f40,23.56
321,2019-08-04T18:07:01Z,4769865ca935d12f68fe0b1c2929ccd9f2f1a5813432758503e8407f,60.16762,24.95415,000000006b44cce7,10.78
322,2019-08-04T18:07:01Z,48ef63252a50621dec9b84f637fb5e8eba6f95c362fb170e474edacf,60.16448,24.97323,0000000053c6c2be,18.79
323,2019-08-04T18:07:01Z,4ad45505a1f0c0870b3b2b0b5f18b821f54a0a3af94c40e40ec2ed2d,60.16897,24.95222,00000000aa852af1,25.36
324,2019-08-04T18:07:01Z,4d3eae1e3099754c5ebba1b8ba25c78f4fb6ce656cc734f536e7c7ac,60.16448,24.97323,0000000053c6c2be,25.36
325,2019-08-04T18:07:01Z,4db77eb66abe240aec6e711ea0fc2b4abff4fcba87e0c0e6394d4e7f,60.14947,24.91438,000000004ef3150d,13.75
326,2019-08-04T18:07:01Z,4dd7300f17f7d89912b98102703f1b0340d0296af0a0eb3971656681,60.14947,24.91438,000000004ef3150d,14.89
