,time,hash,latitude,longitude,serial,distance
0,2019-08-04T04:06:00Z,14c7e1511b70f4dd3359cbece1377aebb4d70531f5489eefe53d7c3c,60.16544,24.95398,0000000038d83d41,25.36
1,2019-08-04T04:06:00Z,1599d2c9070a6f05e1a5887c2d9209214c04818c6203fe75440734f2,60.16762,24.95415,000000006b44cce7,18.79
2,2019-08-04T04:06:00Z,165ebbb4090d47319ae370f0d0854fdc1f6b79499f8b2e4d3c3533c0,60.16544,24.95398,0000000038d83d41,25.36
3,2019-08-04T04:06:00Z,23ede8331c55c8eba19c75bb33b94af28cc791a7e7ca45907b42927a,60.16762,24.95415,000000006b44cce7,20.28
4,2019-08-04T04:06:00Z,297c725b456ef12d2712634b21546721cbe93224d3a5762d897404f2,60.16762,24.95415,000000006b44cce7,18.79
5,2019-08-04T04:06:00Z,3944bc7a301be7241d1f7bc4a97f221000d535ce3d8a9af9af9b23b5,60.16531,24.9442,00000000fdda10fe,27.28
6,2019-08-04T04:06:00Z,3e29e20abfe4aca8b51b2a8446dc84d19c968b06a1f382dc7a2232da,60.16762,24.95415,000000006b44cce7,14.89
7,2019-08-04T04:06:00Z,43b676ed3aef4c2d8846694817e76117873be52e7f788e0cb366c1c4,60.16629,24.95957,00000000fb7600be,23.56
8,2019-08-04T04:06:00Z,43ea43e1aaac8d6d523965f79fd32aa5e5942a98e66e9b6dbaf67f8d,60.16897,24.95222,00000000aa852af1,17.4
9,2019-08-04T04:06:00Z,44f1947d0640fa977e6056a6b644c7fec2930ccd7ba2750d71429f00,60.16762,24.95415,000000006b44cce7,23.56
10,2019-08-04T04:06:00Z,5bbb5184fded3e51bc78e45e39917794285e6bbc72da404802a9599a,60.16531,24.9442,00000000fdda10fe,23.56
11,2019-08-04T04:06:00Z,5c833bdbbf1fd3a307bb37daa4021d8b3d3342b1552dcc0989fe9b16,60.16762,24.95415,000000006b44cce7,11.7
12,2019-08-04T04:06:00Z,5d65719c4cbf045f068d084b72302f447d5fd034413d97d13be00d0e,60.18203,24.91341,00000000342570c2,17.4
13,2019-08-04T04:06:00Z,5fecff186138a9b3e31c6086c33dcd5f1d209e64f0afeed7c688cab0,60.17002,24.94407,000000006b087f40,36.27
14,2019-08-04T04:06:00Z,6a70e2fbced719333e21eff04fcb9cb36bae9a04d1a3d6ddd96f2c58,60.15432,24.9211,0000000019fb59c4,21.87
15,2019-08-04T04:06:00Z,6c4c3fd8fa1c46dafdf6c420406a7ed41d85ebbdee767b1937ce6af0,60.16762,24.95415,000000006b44cce7,13.75
16,2019-08-04T04:06:00Z,6d0e894f707c5b97b40658206797930ccb7fc59e5b818a7b56bdd28d,60.16762,24.95415,000000006b44cce7,18.79
17,2019-08-04T04:06:00Z,6f06341f358e61699fe1e55e986dd0554bc8da28b91daf0c5ad99db6,60.16629,24.95957,00000000fb7600be,27.28
18,2019-08-04T04:06:00Z,70aac2da03ecefdce17b704d90601349e4b19933bbe46c624ca16281,60.16629,24.95957,00000000fb7600be,25.36
19,2019-08-04T04:06:00Z,747f2d1ebff218c0ebbdc0fdaef4cbe56633dfb46ae1b1f8c8142201,60.16762,24.95415,000000006b44cce7,20.28
20,2019-08-04T04:06:00Z,74df6d37f6249ce15e463d82a828b884af50d4e62c3da16471ab27d8,60.16762,24.95415,000000006b44cce7,14.89
21,2019-08-04T04:06:00Z,7678cdb86d454ca9ae52f22d97e635106585a3a046d01da4463695cc,60.16762,24.95415,000000006b44cce7,18.79
22,2019-08-04T04:06:00Z,7876e65f126121713ab8aded48e44b64ad5dd53b4c6e52536c374874,60.16762,24.95415,000000006b44cce7,20.28
23,2019-08-04T04:06:00Z,78920683712682cbaebbfebd186800c7cbc2552275e935267467dd09,60.16762,24.95415,000000006b44cce7,20.28
24,2019-08-04T04:06:00Z,7936aa9ca88d3763791437bdb1a6192164ef39788c06d87deffb3d9b,60.16762,24.95415,000000006b44cce7,18.79
25,2019-08-04T04:06:00Z,79f136afa0dd8717337c01c70b457c464aaf0fa25b440f51a394ec23,60.16762,24.95415,000000006b44cce7,18.79
26,2019-08-04T04:06:00Z,7bbe52aa86f1a62d373511cedaedac3ba4d4c63d82802737a5bb0c5b,60.16629,24.95957,00000000fb7600be,25.36
27,2019-08-04T04:06:00Z,7de75f59d3110cdf6e742fba9785ed0399f83ea50e4c5d255adb21ff,60.16897,24.95222,00000000aa852af1,20.28
28,2019-08-04T04:06:00Z,814f98f5b7f1dcc5fda2e6aff53136550f6a33fe49f0e4c50bb08576,60.16762,24.95415,000000006b44cce7,16.1
29,2019-08-04T04:06:00Z,87dfaad29a9276ddddb1fa021d3bc23ad14824c1af16f7d87e713689,60.14951,24.92138,0000000006dd41f6,9.12
30,2019-08-04T04:06:00Z,89982a6acf91b79a282a6b63978e946ee205f303fcd20e944e06baf0,60.16544,24.95398,0000000038d83d41,25.36
31,2019-08-04T04:06:00Z,8b0535dd90c15c8fd1b256e7a48369741b0fe9d58f8f05f6e46134b7,60.16544,24.95398,0000000038d83d41,27.28
32,2019-08-04T04:06:00Z,8c75c3289c84fe4493e1e272a77b615fe1985880c5dc68a7c1a17b53,60.16762,24.95415,000000006b44cce7,38.87
33,2019-08-04T04:06:00Z,91d3b80de4439a4a49ddb8a04d72a0a2ec6c08f351d70232842af567,60.16762,24.95415,000000006b44cce7,20.28
34,2019-08-04T04:06:00Z,9ac5458ca563049cda08147621cbed86e83e9e86cb68036bcd2f10ed,60.16762,24.95415,000000006b44cce7,20.28
35,2019-08-04T04:06:00Z,9c2f7db876c52fdaabd49960286a13634e94a95e708f358a8ee02daf,60.16762,24.95415,000000006b44cce7,14.89
36,2019-08-04T04:06:00Z,a608f6007765609c5350b2d83e8742a1f79428436765be9d3570b1c4,60.16762,24.95415,000000006b44cce7,20.28
37,2019-08-04T04:06:00Z,b33ae7715d6d2571066655c2c8954a5a364b5601869047de83410d9f,60.16629,24.95957,00000000fb7600be,23.56
38,2019-08-04T04:06:00Z,b5fd6b317890e5ab2d79e2cd1abe61626d45a753c7337d0d40728898,60.16762,24.95415,000000006b44cce7,18.79
39,2019-08-04T04:06:00Z,c40c37def6bf11a63a2556519a7c6233fd417cdeea2cf14f28e7c42c,60.16531,24.9442,00000000fdda10fe,23.56
40,2019-08-04T04:06:00Z,c9cb2b9de2b21abecad29584393bea94a97f282f234f310e2468d7a7,60.16075,24.95883,00000000f1124bca,31.5
41,2019-08-04T04:06:00Z,cf05623e4d87ce0906c0b0b7dbf53aacc1228016cd27c341228b6e76,60.18203,24.91341,00000000342570c2,18.79
42,2019-08-04T04:06:00Z,d0bb9fef9a0ef26adcdd4732c9c20361bce49826f32c2892242831b8,60.16762,24.95415,000000006b44cce7,12.69
43,2019-08-04T04:06:00Z,f088630d7476dae7d4b7e2bb1f10575f2c89acb4b6e061f3d57c2b40,60.16531,24.9442,00000000fdda10fe,25.36
44,2019-08-04T04:06:00Z,f31f5bdb4a4c81da52b05c2e91ed700307625920f573cdcf68c91d19,60.16897,24.95222,00000000aa852af1,29.32
45,2019-08-04T04:06:00Z,f6609ab1076b1105bb845595a03b41b8fbb282f79c337df5bbc9f841,60.14699,24.922,00000000a53ed894,14.89
46,2019-08-04T04:06:00Z,fc4f3a44235f1cfc7b53f14ba2da599976a5a0a220d23b852688e485,60.17919,24.95181,000000007b5207b6,16.1
47,2019-08-04T04:06:00Z,0634293525b07fa7efc7bb6f2a613b4b066a10555afdd1bbef1ad748,60.14947,24.91438,000000004ef3150d,29.32
48,2019-08-04T04:06:00Z,164d2bce5e6493d2446798ab0fe3981df7ce958a401857a4f4e31999,60.16544,24.95398,0000000038d83d41,21.87
49,2019-08-04T04:06:00Z,1dacfb371d75dd4f90f447aac2a00faad98beb4188a6971c19eb2375,60.16629,24.95957,00000000fb7600be,36.27
50,2019-08-04T04:06:00Z,2696f6a462520c8284659d993a9bf0545c2b2f278e1538f7f60dd1d3,60.17002,24.94407,000000006b087f40,7.05
51,2019-08-04T04:06:00Z,2ebfe2c0c029955716a9f2fef79f1a138139edd7aaa53eef249cb551,60.14699,24.922,00000000a53ed894,8.38
52,2019-08-04T04:06:00Z,2f3114c434f2289f5cb7b157aef9cff12931431f1a91d3423a07b422,60.16762,24.95415,000000006b44cce7,4.11
53,2019-08-04T04:06:00Z,31a5dac2c369b0eddcef790422276eaf9607c07a9b94544190f433cb,60.14951,24.92138,0000000006dd41f6,29.32
54,2019-08-04T04:06:00Z,32443f36f53270da27e9cb6a41e2462048f78b7f2aea78f81b54d1bb,60.16762,24.95415,000000006b44cce7,2.3
55,2019-08-04T04:06:00Z,3f9b6c45b11b2ebe2d6c99073d5dbea4af367f961f1e238a9906bbc2,60.14947,24.91438,000000004ef3150d,8.38
56,2019-08-04T04:06:00Z,4bab926bda124df8c5f0a0498842a39e341976fb8613ab0d464ea32b,60.14699,24.922,00000000a53ed894,25.36
57,2019-08-04T04:06:00Z,5095a9e0e606ffffb66517160f6a68d40fa6e64ff346742d24d9913e,60.16829,24.94214,00000000afef4555,31.5
58,2019-08-04T04:06:00Z,634edccc32b2bc0dbfa1d2c02c98623a9fe976e35662f025b3e01dd7,60.14951,24.92138,0000000006dd41f6,27.28
59,2019-08-04T04:06:00Z,63c396b13ca2f2ae9748a296e0df2ea0bd8e82625d500946751ee589,60.14699,24.922,00000000a53ed894,9.12
60,2019-08-04T04:06:00Z,6444420287ac7931508c6e658df49d7c2d13ba997df8f994742f521e,60.17919,24.95181,000000007b5207b6,18.79
61,2019-08-04T04:06:00Z,699b48bb93c5befb62ff0686e75f158406b659f14daec16ab66d4499,60.15432,24.9211,0000000019fb59c4,33.81
62,2019-08-04T04:06:00Z,7141a52570cbf56a0270b9de638313fef8d0ef73b8f43530b8f602fe,60.14699,24.922,00000000a53ed894,1.88
63,2019-08-04T04:06:00Z,76091bd44a2e593bbecc7956a630d68c929de57a9481ba93abf0ade2,60.14947,24.91438,000000004ef3150d,12.69
64,2019-08-04T04:06:00Z,782127a3a8dc48b0ba4f265ea4e1e994a816a63eec35708ad383ad1a,60.17065,24.93641,000000000f4919c9,14.89
65,2019-08-04T04:06:00Z,7829be8477235550519bb3420dbe9f270890752802559e05d19c692c,60.17065,24.93641,000000000f4919c9,8.38
66,2019-08-04T04:06:00Z,80c93a236d7019fea12457cbc76130e953b033df282118aa3e44b1e7,60.17918,24.95141,00000000675d5200,29.32
67,2019-08-04T04:06:00Z,8557ff7419bcb99171826de0ac21dfef488298031a35a36822053434,60.16544,24.95398,0000000038d83d41,25.36
68,2019-08-04T04:06:00Z,8e118bd0049e3a0e1a699926d7c0a014c42748ce56f3282d6b0792fb,60.14699,24.922,00000000a53ed894,9.12
69,2019-08-04T04:06:00Z,9c863afbe9ebea534e9b25921b10b076952778a2d5be7eb2bf6ba107,60.14951,24.92138,0000000006dd41f6,21.87
70,2019-08-04T04:06:00Z,9f6154ceffa81f4efe8368f517788c25aa49d9b76f51cc3a83452e83,60.16629,24.95957,00000000fb7600be,14.89
71,2019-08-04T04:06:00Z,b81a40b4402ed202b44ac69f9d0f9fec2d68d697037af1e84d994667,60.14951,24.92138,0000000006dd41f6,10.78
72,2019-08-04T04:06:00Z,b8bacc3fe78ac06ec171c287abfa325f3501fb7f7dd05e5c0406619e,60.16544,24.95398,0000000038d83d41,23.56
73,2019-08-04T04:06:00Z,bb43ea68638fa15470781f1ab3644cd8a6254d6f47d8ff89fd538b5b,60.16762,24.95415,000000006b44cce7,3.74
74,2019-08-04T04:06:00Z,bc07df8cc395f6f4f5d483b2233caca5f93a6918f346e4cc3702f8cc,60.16531,24.9442,00000000fdda10fe,7.69
75,2019-08-04T04:06:00Z,be8df2e209aead30a34d475ca3448a37de809a332802a614b19139dd,60.14699,24.922,00000000a53ed894,5.91
76,2019-08-04T04:06:00Z,c0a0ca3433586ed2ae0e448f2406fabac7292ac79d49562e0bd5cef8,60.16762,24.95415,000000006b44cce7,18.79
77,2019-08-04T04:06:00Z,c2b9809d067d0a75c1842010257edf5a07e5f77ceedb44ceea974f00,60.16762,24.95415,000000006b44cce7,1.25
78,2019-08-04T04:06:00Z,c6e6f6c18f26031bc7f54bc4ac4cf29d2d6810b0d8932e4ca15aa4de,60.15432,24.9211,0000000019fb59c4,20.28
79,2019-08-04T04:06:00Z,ca649e5758e1a20313153e1f80c246b839db24ac32fb9c27ec7143be,60.16897,24.95222,00000000aa852af1,23.56
80,2019-08-04T04:06:00Z,d4e75613b4432cacb1768144fc74105b62f22c1581338bd6b0fe8f7e,60.14947,24.91438,000000004ef3150d,16.1
81,2019-08-04T04:06:00Z,ecd3f6878f10e201456713c185926a3d85ae8b5eb2484b73f155ec5a,60.16531,24.9442,00000000fdda10fe,9.12
82,2019-08-04T04:06:00Z,ed3b2eaece7e8846b296ad5c3f195aafb7410c95a88887d845982981,60.16762,24.95415,000000006b44cce7,21.87
83,2019-08-04T04:06:00Z,f93cdb97f39be5bd7132f2277792fe697604df204b5356bd0e710263,60.16762,24.95415,000000006b44cce7,14.89
84,2019-08-04T04:06:00Z,fa61241c5a7427b10ae5e2bdec99b58a474ad0ef13eb6f29741c5531,60.149,24.9843,00000000fffb8cf0,38.87
85,2019-08-04T04:06:01Z,14c7e1511b70f4dd3359cbece1377aebb4d70531f5489eefe53d7c3c,60.16544,24.95398,0000000038d83d41,25.36
86,2019-08-04T04:06:01Z,165ebbb4090d47319ae370f0d0854fdc1f6b79499f8b2e4d3c3533c0,60.16544,24.95398,0000000038d83d41,29.32
87,2019-08-04T04:06:01Z,23ede8331c55c8eba19c75bb33b94af28cc791a7e7ca45907b42927a,60.16762,24.95415,000000006b44cce7,20.28
88,2019-08-04T04:06:01Z,3944bc7a301be7241d1f7bc4a97f221000d535ce3d8a9af9af9b23b5,60.16531,24.9442,00000000fdda10fe,29.32
89,2019-08-04T04:06:01Z,3e29e20abfe4aca8b51b2a8446dc84d19c968b06a1f382dc7a2232da,60.16762,24.95415,000000006b44cce7,21.87
90,2019-08-04T04:06:01Z,43b676ed3aef4c2d8846694817e76117873be52e7f788e0cb366c1c4,60.16629,24.95957,00000000fb7600be,27.28
91,2019-08-04T04:06:01Z,43ea43e1aaac8d6d523965f79fd32aa5e5942a98e66e9b6dbaf67f8d,60.16897,24.95222,00000000aa852af1,14.89
92,2019-08-04T04:06:01Z,5bbb5184fded3e51bc78e45e39917794285e6bbc72da404802a9599a,60.16531,24.9442,00000000fdda10fe,23.56
93,2019-08-04T04:06:01Z,5c833bdbbf1fd3a307bb37daa4021d8b3d3342b1552dcc0989fe9b16,60.16762,24.95415,000000006b44cce7,16.1
94,2019-08-04T04:06:01Z,5d65719c4cbf045f068d084b72302f447d5fd034413d97d13be00d0e,60.18203,24.91341,00000000342570c2,18.79
95,2019-08-04T04:06:01Z,5fecff186138a9b3e31c6086c33dcd5f1d209e64f0afeed7c688cab0,60.17002,24.94407,000000006b087f40,21.87
96,2019-08-04T04:06:01Z,6066632ddc94b5c482a2d4f45ed2532e55e3fd63e414a084a596a737,60.16762,24.95415,000000006b44cce7,25.36
97,2019-08-04T04:06:01Z,66dabd3229229330d23c70e9e1737429ddfe69db01f4a6a00f70fa20,60.16762,24.95415,000000006b44cce7,18.79
98,2019-08-04T04:06:01Z,6a70e2fbced719333e21eff04fcb9cb36bae9a04d1a3d6ddd96f2c58,60.15432,24.9211,0000000019fb59c4,29.32
99,2019-08-04T04:06:01Z,6c4c3fd8fa1c46dafdf6c420406a7ed41d85ebbdee767b1937ce6af0,60.16762,24.95415,000000006b44cce7,14.89
100,2019-08-04T04:06:01Z,6d0e894f707c5b97b40658206797930ccb7fc59e5b818a7b56bdd28d,60.16762,24.95415,000000006b44cce7,14.89
101,2019-08-04T04:06:01Z,747f2d1ebff218c0ebbdc0fdaef4cbe56633dfb46ae1b1f8c8142201,60.16762,24.95415,000000006b44cce7,18.79
102,2019-08-04T04:06:01Z,74df6d37f6249ce15e463d82a828b884af50d4e62c3da16471ab27d8,60.16762,24.95415,000000006b44cce7,16.1
103,2019-08-04T04:06:01Z,7678cdb86d454ca9ae52f22d97e635106585a3a046d01da4463695cc,60.16762,24.95415,000000006b44cce7,20.28
104,2019-08-04T04:06:01Z,7876e65f126121713ab8aded48e44b64ad5dd53b4c6e52536c374874,60.16762,24.95415,000000006b44cce7,20.28
105,2019-08-04T04:06:01Z,78920683712682cbaebbfebd186800c7cbc2552275e935267467dd09,60.16762,24.95415,000000006b44cce7,23.56
106,2019-08-04T04:06:01Z,7936aa9ca88d3763791437bdb1a6192164ef39788c06d87deffb3d9b,60.16762,24.95415,000000006b44cce7,16.1
107,2019-08-04T04:06:01Z,79f136afa0dd8717337c01c70b457c464aaf0fa25b440f51a394ec23,60.16762,24.95415,000000006b44cce7,13.75
108,2019-08-04T04:06:01Z,7bbe52aa86f1a62d373511cedaedac3ba4d4c63d82802737a5bb0c5b,60.16629,24.95957,00000000fb7600be,31.5
109,2019-08-04T04:06:01Z,7de75f59d3110cdf6e742fba9785ed0399f83ea50e4c5d255adb21ff,60.16897,24.95222,00000000aa852af1,18.79
110,2019-08-04T04:06:01Z,814f98f5b7f1dcc5fda2e6aff53136550f6a33fe49f0e4c50bb08576,60.16762,24.95415,000000006b44cce7,17.4
111,2019-08-04T04:06:01Z,87dfaad29a9276ddddb1fa021d3bc23ad14824c1af16f7d87e713689,60.14951,24.92138,0000000006dd41f6,13.75
112,2019-08-04T04:06:01Z,89982a6acf91b79a282a6b63978e946ee205f303fcd20e944e06baf0,60.16544,24.95398,0000000038d83d41,14.89
113,2019-08-04T04:06:01Z,9ac5458ca563049cda08147621cbed86e83e9e86cb68036bcd2f10ed,60.16762,24.95415,000000006b44cce7,21.87
114,2019-08-04T04:06:01Z,9c2f7db876c52fdaabd49960286a13634e94a95e708f358a8ee02daf,60.16762,24.95415,000000006b44cce7,12.69
115,2019-08-04T04:06:01Z,a608f6007765609c5350b2d83e8742a1f79428436765be9d3570b1c4,60.16762,24.95415,000000006b44cce7,21.87
116,2019-08-04T04:06:01Z,a91d379a4b57c5df22db0d7a041ff69f657b4b31f28554b1011fc03c,60.16544,24.95398,0000000038d83d41,29.32
117,2019-08-04T04:06:01Z,b33ae7715d6d2571066655c2c8954a5a364b5601869047de83410d9f,60.16629,24.95957,00000000fb7600be,23.56
118,2019-08-04T04:06:01Z,b5fd6b317890e5ab2d79e2cd1abe61626d45a753c7337d0d40728898,60.16762,24.95415,000000006b44cce7,23.56
119,2019-08-04T04:06:01Z,c578a1f266f1ac8f40756ab095d6d81719f90b3a1d4c4808f72ce963,60.14951,24.92138,0000000006dd41f6,27.28
120,2019-08-04T04:06:01Z,c9cb2b9de2b21abecad29584393bea94a97f282f234f310e2468d7a7,60.16075,24.95883,00000000f1124bca,25.36
121,2019-08-04T04:06:01Z,cadb75e7e4481748be48083ff6b092c5946a3410d0759f17ded4441e,60.16762,24.95415,000000006b44cce7,21.87
122,2019-08-04T04:06:01Z,cf05623e4d87ce0906c0b0b7dbf53aacc1228016cd27c341228b6e76,60.18203,24.91341,00000000342570c2,20.28
123,2019-08-04T04:06:01Z,d0bb9fef9a0ef26adcdd4732c9c20361bce49826f32c2892242831b8,60.16762,24.95415,000000006b44cce7,11.7
124,2019-08-04T04:06:01Z,f088630d7476dae7d4b7e2bb1f10575f2c89acb4b6e061f3d57c2b40,60.16531,24.9442,00000000fdda10fe,27.28
125,2019-08-04T04:06:01Z,f6609ab1076b1105bb845595a03b41b8fbb282f79c337df5bbc9f841,60.14699,24.922,00000000a53ed894,14.89
126,2019-08-04T04:06:01Z,fc4f3a44235f1cfc7b53f14ba2da599976a5a0a220d23b852688e485,60.17919,24.95181,000000007b5207b6,18.79
127,2019-08-04T04:06:01Z,00d1571142dbd2d7271ad0e07d6ee24c4f72fa2bd23411182729ea7f,60.16544,24.95398,0000000038d83d41,25.36
128,2019-08-04T04:06:01Z,0634293525b07fa7efc7bb6f2a613b4b066a10555afdd1bbef1ad748,60.14947,24.91438,000000004ef3150d,31.5
129,2019-08-04T04:06:01Z,1dacfb371d75dd4f90f447aac2a00faad98beb4188a6971c19eb2375,60.16629,24.95957,00000000fb7600be,25.36
130,2019-08-04T04:06:01Z,2f3114c434f2289f5cb7b157aef9cff12931431f1a91d3423a07b422,60.16762,24.95415,000000006b44cce7,3.74
131,2019-08-04T04:06:01Z,31a5dac2c369b0eddcef790422276eaf9607c07a9b94544190f433cb,60.14951,24.92138,0000000006dd41f6,29.32
132,2019-08-04T04:06:01Z,3f9b6c45b11b2ebe2d6c99073d5dbea4af367f961f1e238a9906bbc2,60.14947,24.91438,000000004ef3150d,6.46
133,2019-08-04T04:06:01Z,4bab926bda124df8c5f0a0498842a39e341976fb8613ab0d464ea32b,60.14699,24.922,00000000a53ed894,41.64
134,2019-08-04T04:06:01Z,584cb0b0cdd14e608c8b57c8aecc9826f9b40027e365e2438a444ea2,60.16762,24.95415,000000006b44cce7,23.56
135,2019-08-04T04:06:01Z,63c396b13ca2f2ae9748a296e0df2ea0bd8e82625d500946751ee589,60.14699,24.922,00000000a53ed894,4.94
136,2019-08-04T04:06:01Z,6444420287ac7931508c6e658df49d7c2d13ba997df8f994742f521e,60.17919,24.95181,000000007b5207b6,18.79
137,2019-08-04T04:06:01Z,699b48bb93c5befb62ff0686e75f158406b659f14daec16ab66d4499,60.15432,24.9211,0000000019fb59c4,18.79
138,2019-08-04T04:06:01Z,70cc7b0a8e166380ca0fbc55a58d9a59c9de9f05a9f95ebb82482d5a,60.16762,24.95415,000000006b44cce7,14.89
139,2019-08-04T04:06:01Z,7141a52570cbf56a0270b9de638313fef8d0ef73b8f43530b8f602fe,60.14699,24.922,00000000a53ed894,4.5
140,2019-08-04T04:06:01Z,76091bd44a2e593bbecc7956a630d68c929de57a9481ba93abf0ade2,60.14947,24.91438,000000004ef3150d,12.69
141,2019-08-04T04:06:01Z,7829be8477235550519bb3420dbe9f270890752802559e05d19c692c,60.17065,24.93641,000000000f4919c9,12.69
142,2019-08-04T04:06:01Z,80c93a236d7019fea12457cbc76130e953b033df282118aa3e44b1e7,60.17918,24.95141,00000000675d5200,23.56
143,2019-08-04T04:06:01Z,8e118bd0049e3a0e1a699926d7c0a014c42748ce56f3282d6b0792fb,60.14699,24.922,00000000a53ed894,1.7
144,2019-08-04T04:06:01Z,9d713c9ce415e473048b45bbb35d6dcdef35cabaca39aa54f2e781a3,60.16531,24.9442,00000000fdda10fe,38.87
145,2019-08-04T04:06:01Z,9f6154ceffa81f4efe8368f517788c25aa49d9b76f51cc3a83452e83,60.16629,24.95957,00000000fb7600be,29.32
146,2019-08-04T04:06:01Z,b7f0c29b2c56f855c193b8cf9462441f245f13a5a7b432800e172533,60.16762,24.95415,000000006b44cce7,20.28
147,2019-08-04T04:06:01Z,b8bacc3fe78ac06ec171c287abfa325f3501fb7f7dd05e5c0406619e,60.16544,24.95398,0000000038d83d41,17.4
148,2019-08-04T04:06:01Z,bb43ea68638fa15470781f1ab3644cd8a6254d6f47d8ff89fd538b5b,60.16762,24.95415,000000006b44cce7,8.38
149,2019-08-04T04:06:01Z,bc07df8cc395f6f4f5d483b2233caca5f93a6918f346e4cc3702f8cc,60.16531,24.9442,00000000fdda10fe,7.69
150,2019-08-04T04:06:01Z,be8df2e209aead30a34d475ca3448a37de809a332802a614b19139dd,60.14699,24.922,00000000a53ed894,4.94
151,2019-08-04T04:06:01Z,c0a0ca3433586ed2ae0e448f2406fabac7292ac79d49562e0bd5cef8,60.16762,24.95415,000000006b44cce7,11.7
152,2019-08-04T04:06:01Z,c2b9809d067d0a75c1842010257edf5a07e5f77ceedb44ceea974f00,60.16762,24.95415,000000006b44cce7,1.38
153,2019-08-04T04:06:01Z,c6e6f6c18f26031bc7f54bc4ac4cf29d2d6810b0d8932e4ca15aa4de,60.15432,24.9211,0000000019fb59c4,23.56
154,2019-08-04T04:06:01Z,ca649e5758e1a20313153e1f80c246b839db24ac32fb9c27ec7143be,60.16897,24.95222,00000000aa852af1,25.36
155,2019-08-04T04:06:01Z,d4e75613b4432cacb1768144fc74105b62f22c1581338bd6b0fe8f7e,60.14947,24.91438,000000004ef3150d,9.12
156,2019-08-04T04:06:01Z,ecd3f6878f10e201456713c185926a3d85ae8b5eb2484b73f155ec5a,60.16531,24.9442,00000000fdda10fe,9.92
157,2019-08-04T04:06:01Z,f9399339c3de44774896319d3f291771cebcaf2666df1d6062469882,60.16531,24.9442,00000000fdda10fe,38.87
158,2019-08-04T04:06:01Z,f93cdb97f39be5bd7132f2277792fe697604df204b5356bd0e710263,60.16762,24.95415,000000006b44cce7,14.89
159,2019-08-04T04:06:01Z,fa61241c5a7427b10ae5e2bdec99b58a474ad0ef13eb6f29741c5531,60.149,24.9843,00000000fffb8cf0,13.75
160,2019-08-04T04:06:02Z,112c36ba789fa57e2b19c9bff8bfe0b3eba19a431c3af4656c4cee5b,60.16531,24.9442,00000000fdda10fe,31.5
161,2019-08-04T04:06:02Z,14c7e1511b70f4dd3359cbece1377aebb4d70531f5489eefe53d7c3c,60.16544,24.95398,0000000038d83d41,23.56
162,2019-08-04T04:06:02Z,1599d2c9070a6f05e1a5887c2d9209214c04818c6203fe75440734f2,60.16762,24.95415,000000006b44cce7,23.56
163,2019-08-04T04:06:02Z,17b28910b6cbc057680693633275c4ca53938281bc38178f96c44947,60.17002,24.94407,000000006b087f40,44.58
164,2019-08-04T04:06:02Z,23ede8331c55c8eba19c75bb33b94af28cc791a7e7ca45907b42927a,60.16762,24.95415,000000006b44cce7,23.56
165,2019-08-04T04:06:02Z,3944bc7a301be7241d1f7bc4a97f221000d535ce3d8a9af9af9b23b5,60.16531,24.9442,00000000fdda10fe,31.5
166,2019-08-04T04:06:02Z,3e29e20abfe4aca8b51b2a8446dc84d19c968b06a1f382dc7a2232da,60.16762,24.95415,000000006b44cce7,16.1
167,2019-08-04T04:06:02Z,43b676ed3aef4c2d8846694817e76117873be52e7f788e0cb366c1c4,60.16629,24.95957,00000000fb7600be,29.32
168,2019-08-04T04:06:02Z,43ea43e1aaac8d6d523965f79fd32aa5e5942a98e66e9b6dbaf67f8d,60.16897,24.95222,00000000aa852af1,18.79
169,2019-08-04T04:06:02Z,5c833bdbbf1fd3a307bb37daa4021d8b3d3342b1552dcc0989fe9b16,60.16762,24.95415,000000006b44cce7,9.12
170,2019-08-04T04:06:02Z,5d65719c4cbf045f068d084b72302f447d5fd034413d97d13be00d0e,60.18203,24.91341,00000000342570c2,18.79
171,2019-08-04T04:06:02Z,5fecff186138a9b3e31c6086c33dcd5f1d209e64f0afeed7c688cab0,60.17002,24.94407,000000006b087f40,25.36
172,2019-08-04T04:06:02Z,6066632ddc94b5c482a2d4f45ed2532e55e3fd63e414a084a596a737,60.16762,24.95415,000000006b44cce7,18.79
173,2019-08-04T04:06:02Z,66dabd3229229330d23c70e9e1737429ddfe69db01f4a6a00f70fa20,60.16762,24.95415,000000006b44cce7,21.87
174,2019-08-04T04:06:02Z,6a70e2fbced719333e21eff04fcb9cb36bae9a04d1a3d6ddd96f2c58,60.15432,24.9211,0000000019fb59c4,23.56
175,2019-08-04T04:06:02Z,6c4c3fd8fa1c46dafdf6c420406a7ed41d85ebbdee767b1937ce6af0,60.16762,24.95415,000000006b44cce7,13.75
176,2019-08-04T04:06:02Z,6d0e894f707c5b97b40658206797930ccb7fc59e5b818a7b56bdd28d,60.16762,24.95415,000000006b44cce7,20.28
177,2019-08-04T04:06:02Z,6f06341f358e61699fe1e55e986dd0554bc8da28b91daf0c5ad99db6,60.16629,24.95957,00000000fb7600be,23.56
178,2019-08-04T04:06:02Z,70aac2da03ecefdce17b704d90601349e4b19933bbe46c624ca16281,60.16629,24.95957,00000000fb7600be,33.81
179,2019-08-04T04:06:02Z,747f2d1ebff218c0ebbdc0fdaef4cbe56633dfb46ae1b1f8c8142201,60.16762,24.95415,000000006b44cce7,18.79
180,2019-08-04T04:06:02Z,74df6d37f6249ce15e463d82a828b884af50d4e62c3da16471ab27d8,60.16762,24.95415,000000006b44cce7,21.87
181,2019-08-04T04:06:02Z,7678cdb86d454ca9ae52f22d97e635106585a3a046d01da4463695cc,60.16762,24.95415,000000006b44cce7,16.1
182,2019-08-04T04:06:02Z,77839e655f856d5295739c2388237a95b399c3b8a4f659cd1345d939,60.16829,24.94214,00000000afef4555,33.81
183,2019-08-04T04:06:02Z,7876e65f126121713ab8aded48e44b64ad5dd53b4c6e52536c374874,60.16762,24.95415,000000006b44cce7,17.4
184,2019-08-04T04:06:02Z,78920683712682cbaebbfebd186800c7cbc2552275e935267467dd09,60.16762,24.95415,000000006b44cce7,16.1
185,2019-08-04T04:06:02Z,7a3db40d91e137d1381ac690a78039878e0baa317ed9a7cd6882df27,60.16762,24.95415,000000006b44cce7,29.32
186,2019-08-04T04:06:02Z,7bbe52aa86f1a62d373511cedaedac3ba4d4c63d82802737a5bb0c5b,60.16629,24.95957,00000000fb7600be,33.81
187,2019-08-04T04:06:02Z,7de75f59d3110cdf6e742fba9785ed0399f83ea50e4c5d255adb21ff,60.16897,24.95222,00000000aa852af1,20.28
188,2019-08-04T04:06:02Z,814f98f5b7f1dcc5fda2e6aff53136550f6a33fe49f0e4c50bb08576,60.16762,24.95415,000000006b44cce7,18.79
189,2019-08-04T04:06:02Z,87dfaad29a9276ddddb1fa021d3bc23ad14824c1af16f7d87e713689,60.14951,24.92138,0000000006dd41f6,12.69
190,2019-08-04T04:06:02Z,89982a6acf91b79a282a6b63978e946ee205f303fcd20e944e06baf0,60.16544,24.95398,0000000038d83d41,17.4
191,2019-08-04T04:06:02Z,8c75c3289c84fe4493e1e272a77b615fe1985880c5dc68a7c1a17b53,60.16762,24.95415,000000006b44cce7,16.1
192,2019-08-04T04:06:02Z,9ac5458ca563049cda08147621cbed86e83e9e86cb68036bcd2f10ed,60.16762,24.95415,000000006b44cce7,21.87
193,2019-08-04T04:06:02Z,9c2f7db876c52fdaabd49960286a13634e94a95e708f358a8ee02daf,60.16762,24.95415,000000006b44cce7,16.1
194,2019-08-04T04:06:02Z,a608f6007765609c5350b2d83e8742a1f79428436765be9d3570b1c4,60.16762,24.95415,000000006b44cce7,17.4
195,2019-08-04T04:06:02Z,a91d379a4b57c5df22db0d7a041ff69f657b4b31f28554b1011fc03c,60.16544,24.95398,0000000038d83d41,36.27
196,2019-08-04T04:06:02Z,b33ae7715d6d2571066655c2c8954a5a364b5601869047de83410d9f,60.16629,24.95957,00000000fb7600be,20.28
197,2019-08-04T04:06:02Z,b5fd6b317890e5ab2d79e2cd1abe61626d45a753c7337d0d40728898,60.16762,24.95415,000000006b44cce7,23.56
198,2019-08-04T04:06:02Z,c9cb2b9de2b21abecad29584393bea94a97f282f234f310e2468d7a7,60.16075,24.95883,00000000f1124bca,27.28
199,2019-08-04T04:06:02Z,cadb75e7e4481748be48083ff6b092c5946a3410d0759f17ded4441e,60.16762,24.95415,000000006b44cce7,21.87
200,2019-08-04T04:06:02Z,cf05623e4d87ce0906c0b0b7dbf53aacc1228016cd27c341228b6e76,60.18203,24.91341,00000000342570c2,18.79
201,2019-08-04T04:06:02Z,d0bb9fef9a0ef26adcdd4732c9c20361bce49826f32c2892242831b8,60.16762,24.95415,000000006b44cce7,11.7
202,2019-08-04T04:06:02Z,f088630d7476dae7d4b7e2bb1f10575f2c89acb4b6e061f3d57c2b40,60.16531,24.9442,00000000fdda10fe,29.32
203,2019-08-04T04:06:02Z,f31f5bdb4a4c81da52b05c2e91ed700307625920f573cdcf68c91d19,60.16897,24.95222,00000000aa852af1,27.28
204,2019-08-04T04:06:02Z,f6609ab1076b1105bb845595a03b41b8fbb282f79c337df5bbc9f841,60.14699,24.922,00000000a53ed894,12.69
205,2019-08-04T04:06:02Z,fc4f3a44235f1cfc7b53f14ba2da599976a5a0a220d23b852688e485,60.17919,24.95181,000000007b5207b6,20.28
206,2019-08-04T04:06:02Z,1dacfb371d75dd4f90f447aac2a00faad98beb4188a6971c19eb2375,60.16629,24.95957,00000000fb7600be,25.36
207,2019-08-04T04:06:02Z,26166cf5b9b16d54fc1561e096e46512a7b60243de6b9acdf28d33b1,60.16829,24.94214,00000000afef4555,23.56
208,2019-08-04T04:06:02Z,2ebfe2c0c029955716a9f2fef79f1a138139edd7aaa53eef249cb551,60.14699,24.922,00000000a53ed894,13.75
209,2019-08-04T04:06:02Z,32443f36f53270da27e9cb6a41e2462048f78b7f2aea78f81b54d1bb,60.16762,24.95415,000000006b44cce7,2.08
210,2019-08-04T04:06:02Z,3f9b6c45b11b2ebe2d6c99073d5dbea4af367f961f1e238a9906bbc2,60.14947,24.91438,000000004ef3150d,8.38
211,2019-08-04T04:06:02Z,584cb0b0cdd14e608c8b57c8aecc9826f9b40027e365e2438a444ea2,60.16762,24.95415,000000006b44cce7,27.28
212,2019-08-04T04:06:02Z,63c396b13ca2f2ae9748a296e0df2ea0bd8e82625d500946751ee589,60.14699,24.922,00000000a53ed894,5.41
213,2019-08-04T04:06:02Z,6444420287ac7931508c6e658df49d7c2d13ba997df8f994742f521e,60.17919,24.95181,000000007b5207b6,27.28
214,2019-08-04T04:06:02Z,7141a52570cbf56a0270b9de638313fef8d0ef73b8f43530b8f602fe,60.14699,24.922,00000000a53ed894,3.09
215,2019-08-04T04:06:02Z,74cb545f76f0bfc5498607247e26e814276a11ce91f77208054ecbc5,60.17002,24.94407,000000006b087f40,18.79
216,2019-08-04T04:06:02Z,76091bd44a2e593bbecc7956a630d68c929de57a9481ba93abf0ade2,60.14947,24.91438,000000004ef3150d,12.69
217,2019-08-04T04:06:02Z,782127a3a8dc48b0ba4f265ea4e1e994a816a63eec35708ad383ad1a,60.17065,24.93641,000000000f4919c9,27.28
218,2019-08-04T04:06:02Z,7829be8477235550519bb3420dbe9f270890752802559e05d19c692c,60.17065,24.93641,000000000f4919c9,21.87
219,2019-08-04T04:06:02Z,7af0c77f50a36fde55c6116ce6fc95063a67a5db61e827b85739d62d,60.16629,24.95957,00000000fb7600be,29.32
220,2019-08-04T04:06:02Z,80c93a236d7019fea12457cbc76130e953b033df282118aa3e44b1e7,60.17918,24.95141,00000000675d5200,27.28
221,2019-08-04T04:06:02Z,8e118bd0049e3a0e1a699926d7c0a014c42748ce56f3282d6b0792fb,60.14699,24.922,00000000a53ed894,5.41
222,2019-08-04T04:06:02Z,9d713c9ce415e473048b45bbb35d6dcdef35cabaca39aa54f2e781a3,60.16531,24.9442,00000000fdda10fe,36.27
223,2019-08-04T04:06:02Z,9f6154ceffa81f4efe8368f517788c25aa49d9b76f51cc3a83452e83,60.16629,24.95957,00000000fb7600be,16.1
224,2019-08-04T04:06:02Z,a7fa1ce845d9a694e698b84925d3abc96d36ac7f64144eb32348ed03,60.16762,24.95415,000000006b44cce7,25.36
225,2019-08-04T04:06:02Z,bb43ea68638fa15470781f1ab3644cd8a6254d6f47d8ff89fd538b5b,60.16762,24.95415,000000006b44cce7,5.91
226,2019-08-04T04:06:02Z,bc07df8cc395f6f4f5d483b2233caca5f93a6918f346e4cc3702f8cc,60.16531,24.9442,00000000fdda10fe,9.92
227,2019-08-04T04:06:02Z,be8df2e209aead30a34d475ca3448a37de809a332802a614b19139dd,60.14699,24.922,00000000a53ed894,3.09
228,2019-08-04T04:06:02Z,c0a0ca3433586ed2ae0e448f2406fabac7292ac79d49562e0bd5cef8,60.16762,24.95415,000000006b44cce7,10.78
229,2019-08-04T04:06:02Z,c2b9809d067d0a75c1842010257edf5a07e5f77ceedb44ceea974f00,60.16762,24.95415,000000006b44cce7,1.25
230,2019-08-04T04:06:02Z,c6e6f6c18f26031bc7f54bc4ac4cf29d2d6810b0d8932e4ca15aa4de,60.15432,24.9211,0000000019fb59c4,25.36
231,2019-08-04T04:06:02Z,c9ce14e0dbf0cf3c24f6a92a1930fa32de9a1de0ffe63082ccddb0d6,60.16448,24.97323,0000000053c6c2be,25.36
232,2019-08-04T04:06:02Z,ca649e5758e1a20313153e1f80c246b839db24ac32fb9c27ec7143be,60.16897,24.95222,00000000aa852af1,17.4
233,2019-08-04T04:06:02Z,d4e75613b4432cacb1768144fc74105b62f22c1581338bd6b0fe8f7e,60.14947,24.91438,000000004ef3150d,9.12
234,2019-08-04T04:06:02Z,d6945c84f7a725dce6db9be55aa26edafd80feb8f3af3961e7c14940,60.16629,24.95957,00000000fb7600be,29.32
235,2019-08-04T04:06:02Z,ecd3f6878f10e201456713c185926a3d85ae8b5eb2484b73f155ec5a,60.16531,24.9442,00000000fdda10fe,9.12
236,2019-08-04T04:06:02Z,f9399339c3de44774896319d3f291771cebcaf2666df1d6062469882,60.16531,24.9442,00000000fdda10fe,31.5
237,2019-08-04T04:06:02Z,f93cdb97f39be5bd7132f2277792fe697604df204b5356bd0e710263,60.16762,24.95415,000000006b44cce7,12.69
238,2019-08-04T04:06:02Z,fa61241c5a7427b10ae5e2bdec99b58a474ad0ef13eb6f29741c5531,60.149,24.9843,00000000fffb8cf0,27.28
239,2019-08-04T04:06:03Z,14c7e1511b70f4dd3359cbece1377aebb4d70531f5489eefe53d7c3c,60.16544,24.95398,0000000038d83d41,27.28
240,2019-08-04T04:06:03Z,165ebbb4090d47319ae370f0d0854fdc1f6b79499f8b2e4d3c3533c0,60.16544,24.95398,0000000038d83d41,27.28
241,2019-08-04T04:06:03Z,23ede8331c55c8eba19c75bb33b94af28cc791a7e7ca45907b42927a,60.16762,24.95415,000000006b44cce7,21.87
242,2019-08-04T04:06:03Z,3944bc7a301be7241d1f7bc4a97f221000d535ce3d8a9af9af9b23b5,60.16531,24.9442,00000000fdda10fe,25.36
243,2019-08-04T04:06:03Z,3e29e20abfe4aca8b51b2a8446dc84d19c968b06a1f382dc7a2232da,60.16762,24.95415,000000006b44cce7,16.1
244,2019-08-04T04:06:03Z,43b676ed3aef4c2d8846694817e76117873be52e7f788e0cb366c1c4,60.16629,24.95957,00000000fb7600be,27.28
245,2019-08-04T04:06:03Z,43ea43e1aaac8d6d523965f79fd32aa5e5942a98e66e9b6dbaf67f8d,60.16897,24.95222,00000000aa852af1,17.4
246,2019-08-04T04:06:03Z,5c833bdbbf1fd3a307bb37daa4021d8b3d3342b1552dcc0989fe9b16,60.16762,24.95415,000000006b44cce7,11.7
247,2019-08-04T04:06:03Z,5d65719c4cbf045f068d084b72302f447d5fd034413d97d13be00d0e,60.18203,24.91341,00000000342570c2,18.79
248,2019-08-04T04:06:03Z,5fecff186138a9b3e31c6086c33dcd5f1d209e64f0afeed7c688cab0,60.17002,24.94407,000000006b087f40,25.36
249,2019-08-04T04:06:03Z,6a70e2fbced719333e21eff04fcb9cb36bae9a04d1a3d6ddd96f2c58,60.15432,24.9211,0000000019fb59c4,23.56
250,2019-08-04T04:06:03Z,6c4c3fd8fa1c46dafdf6c420406a7ed41d85ebbdee767b1937ce6af0,60.16762,24.95415,000000006b44cce7,16.1
251,2019-08-04T04:06:03Z,6d0e894f707c5b97b40658206797930ccb7fc59e5b818a7b56bdd28d,60.16762,24.95415,000000006b44cce7,20.28
252,2019-08-04T04:06:03Z,6ff437688c444238352c28f64f9d2a7d0f14d19c9ea42c225380501e,60.16762,24.95415,000000006b44cce7,25.36
253,2019-08-04T04:06:03Z,70aac2da03ecefdce17b704d90601349e4b19933bbe46c624ca16281,60.16629,24.95957,00000000fb7600be,31.5
254,2019-08-04T04:06:03Z,747f2d1ebff218c0ebbdc0fdaef4cbe56633dfb46ae1b1f8c8142201,60.16762,24.95415,000000006b44cce7,21.87
255,2019-08-04T04:06:03Z,74df6d37f6249ce15e463d82a828b884af50d4e62c3da16471ab27d8,60.16762,24.95415,000000006b44cce7,16.1
256,2019-08-04T04:06:03Z,7678cdb86d454ca9ae52f22d97e635106585a3a046d01da4463695cc,60.16762,24.95415,000000006b44cce7,18.79
257,2019-08-04T04:06:03Z,7876e65f126121713ab8aded48e44b64ad5dd53b4c6e52536c374874,60.16762,24.95415,000000006b44cce7,14.89
258,2019-08-04T04:06:03Z,78920683712682cbaebbfebd186800c7cbc2552275e935267467dd09,60.16762,24.95415,000000006b44cce7,16.1
259,2019-08-04T04:06:03Z,79f136afa0dd8717337c01c70b457c464aaf0fa25b440f51a394ec23,60.16762,24.95415,000000006b44cce7,10.78
260,2019-08-04T04:06:03Z,7bbe52aa86f1a62d373511cedaedac3ba4d4c63d82802737a5bb0c5b,60.16629,24.95957,00000000fb7600be,29.32
261,2019-08-04T04:06:03Z,7de75f59d3110cdf6e742fba9785ed0399f83ea50e4c5d255adb21ff,60.16897,24.95222,00000000aa852af1,21.87
262,2019-08-04T04:06:03Z,814f98f5b7f1dcc5fda2e6aff53136550f6a33fe49f0e4c50bb08576,60.16762,24.95415,000000006b44cce7,20.28
263,2019-08-04T04:06:03Z,87dfaad29a9276ddddb1fa021d3bc23ad14824c1af16f7d87e713689,60.14951,24.92138,0000000006dd41f6,9.12
264,2019-08-04T04:06:03Z,89982a6acf91b79a282a6b63978e946ee205f303fcd20e944e06baf0,60.16544,24.95398,0000000038d83d41,21.87
265,2019-08-04T04:06:03Z,8c75c3289c84fe4493e1e272a77b615fe1985880c5dc68a7c1a17b53,60.16762,24.95415,000000006b44cce7,25.36
266,2019-08-04T04:06:03Z,9041c42fbb1cf987ee209454d6f5fab418a20e06fd7625460be30fa6,60.16531,24.9442,00000000fdda10fe,38.87
267,2019-08-04T04:06:03Z,9ac5458ca563049cda08147621cbed86e83e9e86cb68036bcd2f10ed,60.16762,24.95415,000000006b44cce7,17.4
268,2019-08-04T04:06:03Z,9c2f7db876c52fdaabd49960286a13634e94a95e708f358a8ee02daf,60.16762,24.95415,000000006b44cce7,12.69
269,2019-08-04T04:06:03Z,a28ab699dc505d3a0c490fae63a8ebb958574e13f1f64250d91db769,60.16762,24.95415,000000006b44cce7,20.28
270,2019-08-04T04:06:03Z,a608f6007765609c5350b2d83e8742a1f79428436765be9d3570b1c4,60.16762,24.95415,000000006b44cce7,20.28
271,2019-08-04T04:06:03Z,a91d379a4b57c5df22db0d7a041ff69f657b4b31f28554b1011fc03c,60.16544,24.95398,0000000038d83d41,29.32
272,2019-08-04T04:06:03Z,b5fd6b317890e5ab2d79e2cd1abe61626d45a753c7337d0d40728898,60.16762,24.95415,000000006b44cce7,14.89
273,2019-08-04T04:06:03Z,c40c37def6bf11a63a2556519a7c6233fd417cdeea2cf14f28e7c42c,60.16531,24.9442,00000000fdda10fe,23.56
274,2019-08-04T04:06:03Z,c9cb2b9de2b21abecad29584393bea94a97f282f234f310e2468d7a7,60.16075,24.95883,00000000f1124bca,31.5
275,2019-08-04T04:06:03Z,cf05623e4d87ce0906c0b0b7dbf53aacc1228016cd27c341228b6e76,60.18203,24.91341,00000000342570c2,14.89
276,2019-08-04T04:06:03Z,d0bb9fef9a0ef26adcdd4732c9c20361bce49826f32c2892242831b8,60.16762,24.95415,000000006b44cce7,14.89
277,2019-08-04T04:06:03Z,f088630d7476dae7d4b7e2bb1f10575f2c89acb4b6e061f3d57c2b40,60.16531,24.9442,00000000fdda10fe,20.28
278,2019-08-04T04:06:03Z,f31f5bdb4a4c81da52b05c2e91ed700307625920f573cdcf68c91d19,60.16897,24.95222,00000000aa852af1,27.28
279,2019-08-04T04:06:03Z,f6609ab1076b1105bb845595a03b41b8fbb282f79c337df5bbc9f841,60.14699,24.922,00000000a53ed894,18.79
280,2019-08-04T04:06:03Z,fc4f3a44235f1cfc7b53f14ba2da599976a5a0a220d23b852688e485,60.17919,24.95181,000000007b5207b6,17.4
281,2019-08-04T04:06:03Z,0634293525b07fa7efc7bb6f2a613b4b066a10555afdd1bbef1ad748,60.14947,24.91438,000000004ef3150d,29.32
282,2019-08-04T04:06:03Z,1dacfb371d75dd4f90f447aac2a00faad98beb4188a6971c19eb2375,60.16629,24.95957,00000000fb7600be,23.56
283,2019-08-04T04:06:03Z,2ebfe2c0c029955716a9f2fef79f1a138139edd7aaa53eef249cb551,60.14699,24.922,00000000a53ed894,5.41
284,2019-08-04T04:06:03Z,2f3114c434f2289f5cb7b157aef9cff12931431f1a91d3423a07b422,60.16762,24.95415,000000006b44cce7,4.11
285,2019-08-04T04:06:03Z,31a5dac2c369b0eddcef790422276eaf9607c07a9b94544190f433cb,60.14951,24.92138,0000000006dd41f6,25.36
286,2019-08-04T04:06:03Z,32443f36f53270da27e9cb6a41e2462048f78b7f2aea78f81b54d1bb,60.16762,24.95415,000000006b44cce7,2.54
287,2019-08-04T04:06:03Z,3f9b6c45b11b2ebe2d6c99073d5dbea4af367f961f1e238a9906bbc2,60.14947,24.91438,000000004ef3150d,8.38
288,2019-08-04T04:06:03Z,4bab926bda124df8c5f0a0498842a39e341976fb8613ab0d464ea32b,60.14951,24.92138,0000000006dd41f6,25.36
289,2019-08-04T04:06:03Z,584cb0b0cdd14e608c8b57c8aecc9826f9b40027e365e2438a444ea2,60.16762,24.95415,000000006b44cce7,17.4
290,2019-08-04T04:06:03Z,63c396b13ca2f2ae9748a296e0df2ea0bd8e82625d500946751ee589,60.14699,24.922,00000000a53ed894,3.4
291,2019-08-04T04:06:03Z,6444420287ac7931508c6e658df49d7c2d13ba997df8f994742f521e,60.17919,24.95181,000000007b5207b6,17.4
292,2019-08-04T04:06:03Z,699b48bb93c5befb62ff0686e75f158406b659f14daec16ab66d4499,60.15432,24.9211,0000000019fb59c4,21.87
293,2019-08-04T04:06:03Z,7141a52570cbf56a0270b9de638313fef8d0ef73b8f43530b8f602fe,60.14699,24.922,00000000a53ed894,4.5
294,2019-08-04T04:06:03Z,76091bd44a2e593bbecc7956a630d68c929de57a9481ba93abf0ade2,60.14947,24.91438,000000004ef3150d,14.89
295,2019-08-04T04:06:03Z,7829be8477235550519bb3420dbe9f270890752802559e05d19c692c,60.17065,24.93641,000000000f4919c9,29.32
296,2019-08-04T04:06:03Z,7af0c77f50a36fde55c6116ce6fc95063a67a5db61e827b85739d62d,60.16629,24.95957,00000000fb7600be,29.32
297,2019-08-04T04:06:03Z,80c93a236d7019fea12457cbc76130e953b033df282118aa3e44b1e7,60.17918,24.95141,00000000675d5200,17.4
298,2019-08-04T04:06:03Z,8e118bd0049e3a0e1a699926d7c0a014c42748ce56f3282d6b0792fb,60.14699,24.922,00000000a53ed894,9.12
299,2019-08-04T04:06:03Z,9aa6011401452463ec819f07785394855c0b49c418b8e19d5fc768df,60.1538,24.95595,0000000038bf9618,23.56
300,2019-08-04T04:06:03Z,9f6154ceffa81f4efe8368f517788c25aa49d9b76f51cc3a83452e83,60.16629,24.95957,00000000fb7600be,16.1
301,2019-08-04T04:06:03Z,bb43ea68638fa15470781f1ab3644cd8a6254d6f47d8ff89fd538b5b,60.16762,24.95415,000000006b44cce7,3.74
302,2019-08-04T04:06:03Z,be8df2e209aead30a34d475ca3448a37de809a332802a614b19139dd,60.14699,24.922,00000000a53ed894,9.92
303,2019-08-04T04:06:03Z,c0a0ca3433586ed2ae0e448f2406fabac7292ac79d49562e0bd5cef8,60.16762,24.95415,000000006b44cce7,29.32
304,2019-08-04T04:06:03Z,c2b9809d067d0a75c1842010257edf5a07e5f77ceedb44ceea974f00,60.16762,24.95415,000000006b44cce7,1.38
305,2019-08-04T04:06:03Z,c6e6f6c18f26031bc7f54bc4ac4cf29d2d6810b0d8932e4ca15aa4de,60.15432,24.9211,0000000019fb59c4,27.28
306,2019-08-04T04:06:03Z,cc22096b6addb8d1252eed8bc56d417a3509a00d2c4ab64149bbd882,60.16448,24.97323,0000000053c6c2be,25.36
307,2019-08-04T04:06:03Z,d4e75613b4432cacb1768144fc74105b62f22c1581338bd6b0fe8f7e,60.14947,24.91438,000000004ef3150d,10.78
308,2019-08-04T04:06:03Z,ecd3f6878f10e201456713c185926a3d85ae8b5eb2484b73f155ec5a,60.16531,24.9442,00000000fdda10fe,9.92
309,2019-08-04T04:06:03Z,f9399339c3de44774896319d3f291771cebcaf2666df1d6062469882,60.16531,24.9442,00000000fdda10fe,31.5
310,2019-08-04T04:06:03Z,fa61241c5a7427b10ae5e2bdec99b58a474ad0ef13eb6f29741c5531,60.149,24.9843,00000000fffb8cf0,36.27
311,2019-08-04T04:06:04Z,14c7e1511b70f4dd3359cbece1377aebb4d70531f5489eefe53d7c3c,60.16544,24.95398,0000000038d83d41,21.87
312,2019-08-04T04:06:04Z,1599d2c9070a6f05e1a5887c2d9209214c04818c6203fe75440734f2,60.16762,24.95415,000000006b44cce7,18.79
313,2019-08-04T04:06:04Z,165ebbb4090d47319ae370f0d0854fdc1f6b79499f8b2e4d3c3533c0,60.16544,24.95398,0000000038d83d41,27.28
314,2019-08-04T04:06:04Z,297c725b456ef12d2712634b21546721cbe93224d3a5762d897404f2,60.16762,24.95415,000000006b44cce7,21.87
315,2019-08-04T04:06:04Z,3944bc7a301be7241d1f7bc4a97f221000d535ce3d8a9af9af9b23b5,60.16531,24.9442,00000000fdda10fe,29.32
316,2019-08-04T04:06:04Z,3e29e20abfe4aca8b51b2a8446dc84d19c968b06a1f382dc7a2232da,60.16762,24.95415,000000006b44cce7,16.1
317,2019-08-04T04:06:04Z,43ea43e1aaac8d6d523965f79fd32aa5e5942a98e66e9b6dbaf67f8d,60.16897,24.95222,00000000aa852af1,25.36
318,2019-08-04T04:06:04Z,5c833bdbbf1fd3a307bb37daa4021d8b3d3342b1552dcc0989fe9b16,60.16762,24.95415,000000006b44cce7,17.4
319,2019-08-04T04:06:04Z,5d65719c4cbf045f068d084b72302f447d5fd034413d97d13be00d0e,60.18203,24.91341,00000000342570c2,17.4
320,2019-08-04T04:06:04Z,5fecff186138a9b3e31c6086c33dcd5f1d209e64f0afeed7c688cab0,60.17002,24.94407,000000006b087f40,25.36
321,2019-08-04T04:06:04Z,6066632ddc94b5c482a2d4f45ed2532e55e3fd63e414a084a596a737,60.16762,24.95415,000000006b44cce7,20.28
322,2019-08-04T04:06:04Z,66dabd3229229330d23c70e9e1737429ddfe69db01f4a6a00f70fa20,60.16762,24.95415,000000006b44cce7,21.87
323,2019-08-04T04:06:04Z,6a70e2fbced719333e21eff04fcb9cb36bae9a04d1a3d6ddd96f2c58,60.15432,24.9211,0000000019fb59c4,20.28
324,2019-08-04T04:06:04Z,6c4c3fd8fa1c46dafdf6c420406a7ed41d85ebbdee767b1937ce6af0,60.16762,24.95415,000000006b44cce7,17.4
325,2019-08-04T04:06:04Z,6d0e894f707c5b97b40658206797930ccb7fc59e5b818a7b56bdd28d,60.16762,24.95415,000000006b44cce7,18.79
326,2019-08-04T04:06:04Z,6f06341f358e61699fe1e55e986dd0554bc8da28b91daf0c5ad99db6,60.16629,24.95957,00000000fb7600be,27.28
