,time,hash,latitude,longitude,serial,distance
0,2019-08-04T17:07:00Z,002609eccfa6482109fb43966e0153bf6f371425cf715e49925348dd,60.14699,24.922,00000000a53ed894,21.87
1,2019-08-04T17:07:00Z,0152988639aaaa9cc27213280c8f0c0c8ec97ae6a45aaaf743c9c25d,60.16544,24.95398,0000000038d83d41,23.56
2,2019-08-04T17:07:00Z,03e0fc996a589ccdf1871b3c78e089c08c93ba1f2a02d740fb384aac,60.16531,24.9442,00000000fdda10fe,38.87
3,2019-08-04T17:07:00Z,08d5b497935cc70f123d98808df633607e385ffa3796fb5db747b103,60.14951,24.92138,0000000006dd41f6,33.81
4,2019-08-04T17:07:00Z,0dc8c9fd6c6ca193d5326d70d6f9efc1963bcd534fc7c80032f0e192,60.16544,24.95398,0000000038d83d41,21.87
5,2019-08-04T17:07:00Z,112c36ba789fa57e2b19c9bff8bfe0b3eba19a431c3af4656c4cee5b,60.16531,24.9442,00000000fdda10fe,33.81
6,2019-08-04T17:07:00Z,14c7e1511b70f4dd3359cbece1377aebb4d70531f5489eefe53d7c3c,60.16544,24.95398,0000000038d83d41,25.36
7,2019-08-04T17:07:00Z,165ebbb4090d47319ae370f0d0854fdc1f6b79499f8b2e4d3c3533c0,60.16544,24.95398,0000000038d83d41,38.87
8,2019-08-04T17:07:00Z,16962a7bb036a995c8cf0c2bc17153c812c23d9af2eaf2207425da3b,60.14951,24.92138,0000000006dd41f6,25.36
9,2019-08-04T17:07:00Z,19882f7eb60b2bbe4df9b48d27f047426a641e74eea690915e2b2288,60.16544,24.95398,0000000038d83d41,31.5
10,2019-08-04T17:07:00Z,25a7ff811c3c06e426c7c2cbb0433d9a2a3399b23afecbd35584ab0f,60.18203,24.91341,00000000342570c2,13.75
11,2019-08-04T17:07:00Z,28c382d400c51353c114ce74e97ac1131663533e436cf899df33047c,60.16762,24.95415,000000006b44cce7,9.92
12,2019-08-04T17:07:00Z,29113a3967bc167b1fd69f346c60a884baf31f91288e032e493eeac2,60.16762,24.95415,000000006b44cce7,6.46
13,2019-08-04T17:07:00Z,297c725b456ef12d2712634b21546721cbe93224d3a5762d897404f2,60.16762,24.95415,000000006b44cce7,12.69
14,2019-08-04T17:07:00Z,3218b81a849eac8ec51ff7fee4656fa09530eae6f9e450372deb7e82,60.16829,24.94214,00000000afef4555,29.32
15,2019-08-04T17:07:00Z,354cac7b39d57e39a5b0ab2caa0a1a915a763605fa6631bab8683659,60.16829,24.94214,00000000afef4555,10.78
16,2019-08-04T17:07:00Z,36b298bea3c27f30235cbc7de929f2f14ff5d457f395de64ea57b3c7,60.16762,24.95415,000000006b44cce7,4.11
17,2019-08-04T17:07:00Z,3944bc7a301be7241d1f7bc4a97f221000d535ce3d8a9af9af9b23b5,60.16531,24.9442,00000000fdda10fe,50.98
18,2019-08-04T17:07:00Z,4109bc1b623e0a82ceba2140527c969669063be199f828a7e96f3f8f,60.16762,24.95415,000000006b44cce7,14.89
19,2019-08-04T17:07:00Z,43b676ed3aef4c2d8846694817e76117873be52e7f788e0cb366c1c4,60.16629,24.95957,00000000fb7600be,23.56
20,2019-08-04T17:07:00Z,47f7d6332f20652dbd38970d701dd6c9311cf6f61479559092e2837a,60.16897,24.95222,00000000aa852af1,17.4
21,2019-08-04T17:07:00Z,491b2670fa626c719c5624e2a013e9325dd599d02b93ca1a1b0e3416,60.16544,24.95398,0000000038d83d41,14.89
22,2019-08-04T17:07:00Z,4b842d60464228bdf8b8dfaefa4766148504b5565a809b7718dc5256,60.16762,24.95415,000000006b44cce7,8.38
23,2019-08-04T17:07:00Z,5bbb5184fded3e51bc78e45e39917794285e6bbc72da404802a9599a,60.16531,24.9442,00000000fdda10fe,29.32
24,2019-08-04T17:07:00Z,5d65719c4cbf045f068d084b72302f447d5fd034413d97d13be00d0e,60.18203,24.91341,00000000342570c2,18.79
25,2019-08-04T17:07:00Z,5fecff186138a9b3e31c6086c33dcd5f1d209e64f0afeed7c688cab0,60.16897,24.95222,00000000aa852af1,27.28
26,2019-08-04T17:07:00Z,6066632ddc94b5c482a2d4f45ed2532e55e3fd63e414a084a596a737,60.16762,24.95415,000000006b44cce7,16.1
27,2019-08-04T17:07:00Z,65a43d5e38d7528b2a750ae5e783d2151cb9164617a7c1eaea57a951,60.17002,24.94407,000000006b087f40,29.32
28,2019-08-04T17:07:00Z,6a70e2fbced719333e21eff04fcb9cb36bae9a04d1a3d6ddd96f2c58,60.15432,24.9211,0000000019fb59c4,7.69
29,2019-08-04T17:07:00Z,737efc92e3419e9d96a8559ec341ea7e18ba6381fd8e4de3d06f82a0,60.14699,24.922,00000000a53ed894,17.4
30,2019-08-04T17:07:00Z,747f2d1ebff218c0ebbdc0fdaef4cbe56633dfb46ae1b1f8c8142201,60.16762,24.95415,000000006b44cce7,14.89
31,2019-08-04T17:07:00Z,7856cd9a8241b470ce46295386b13c33e1948a956b3f18b7b3497cdb,60.16762,24.95415,000000006b44cce7,11.7
32,2019-08-04T17:07:00Z,7876e65f126121713ab8aded48e44b64ad5dd53b4c6e52536c374874,60.14951,24.92138,0000000006dd41f6,25.36
33,2019-08-04T17:07:00Z,79f136afa0dd8717337c01c70b457c464aaf0fa25b440f51a394ec23,60.16762,24.95415,000000006b44cce7,17.4
34,2019-08-04T17:07:00Z,7d93beb0fb40bd617a6f72b5feb2ff801d430879793160157aaf3f97,60.16762,24.95415,000000006b44cce7,7.05
35,2019-08-04T17:07:00Z,87dfaad29a9276ddddb1fa021d3bc23ad14824c1af16f7d87e713689,60.14951,24.92138,0000000006dd41f6,8.38
36,2019-08-04T17:07:00Z,89982a6acf91b79a282a6b63978e946ee205f303fcd20e944e06baf0,60.16544,24.95398,0000000038d83d41,31.5
37,2019-08-04T17:07:00Z,8c75c3289c84fe4493e1e272a77b615fe1985880c5dc68a7c1a17b53,60.16762,24.95415,000000006b44cce7,12.69
38,2019-08-04T17:07:00Z,8d633d0d43382790e056e9294aa8448245c852dc21eaeb874fefbd1e,60.16829,24.94214,00000000afef4555,17.4
39,2019-08-04T17:07:00Z,94512cd21b284eddaddc0be0d385bf5072dbeaa7e3eb345b3c161aa6,60.1538,24.95595,0000000038bf9618,33.81
40,2019-08-04T17:07:00Z,98239bf94ef54f747154b6cbe79cdbf3b87a27880fd23e82c8465dd2,60.14699,24.922,00000000a53ed894,11.7
41,2019-08-04T17:07:00Z,9843c6216661048343a0e49cf3d8aa2883cf77f452666a1c873a1052,60.16448,24.97323,0000000053c6c2be,25.36
42,2019-08-04T17:07:00Z,a91d379a4b57c5df22db0d7a041ff69f657b4b31f28554b1011fc03c,60.16544,24.95398,0000000038d83d41,27.28
43,2019-08-04T17:07:00Z,ae556011c511e79ed2daac915308eebfe8e1f17c56850f7a1fc92ce1,60.14699,24.922,00000000a53ed894,27.28
44,2019-08-04T17:07:00Z,b33ae7715d6d2571066655c2c8954a5a364b5601869047de83410d9f,60.16629,24.95957,00000000fb7600be,29.32
45,2019-08-04T17:07:00Z,b5fd6b317890e5ab2d79e2cd1abe61626d45a753c7337d0d40728898,60.16762,24.95415,000000006b44cce7,7.05
46,2019-08-04T17:07:00Z,b90577926dd52437738dad5f00d4049f63b26d870442dd6efe495a67,60.14699,24.922,00000000a53ed894,16.1
47,2019-08-04T17:07:00Z,bb98768dad0f7c52cf643f035a3e7e48f5cfe28557c66f2a75914b31,60.14699,24.922,00000000a53ed894,13.75
48,2019-08-04T17:07:00Z,bd01ac8fc2992e9ca32f28c1f1b22983845e90918ba97584017978aa,60.14699,24.922,00000000a53ed894,11.7
49,2019-08-04T17:07:00Z,bddeb29d971bd9472fcb760695040f402a4239acfa65c4d1a1631922,60.16897,24.95222,00000000aa852af1,27.28
50,2019-08-04T17:07:00Z,c0d98967e7575c7d0727764e04702297809bbfe2877f0afc62112028,60.16762,24.95415,000000006b44cce7,18.79
51,2019-08-04T17:07:00Z,c410d9738f30875a93123a94870ad93b3a8eb1010ef478c031580ab6,60.16762,24.95415,000000006b44cce7,23.56
52,2019-08-04T17:07:00Z,ce197d5eedb5498917afe7ca3f7275ffeb191f0c5d050bffa154c1d2,60.16531,24.9442,00000000fdda10fe,13.75
53,2019-08-04T17:07:00Z,cf05623e4d87ce0906c0b0b7dbf53aacc1228016cd27c341228b6e76,60.18203,24.91341,00000000342570c2,17.4
54,2019-08-04T17:07:00Z,e03cf2e6c802fb3105dcac7e259514f6f8ca8d2340cf63b080a01551,60.16762,24.95415,000000006b44cce7,3.09
55,2019-08-04T17:07:00Z,e8e366e76c97944e23c0f80b4fd3ce6e5832744922297146a49f0c7e,60.16762,24.95415,000000006b44cce7,8.38
56,2019-08-04T17:07:00Z,ed70dda6b7faebd4340dacdb452ab224d9d3c308df417b7fa76f54e8,60.14951,24.92138,0000000006dd41f6,21.87
57,2019-08-04T17:07:00Z,f088630d7476dae7d4b7e2bb1f10575f2c89acb4b6e061f3d57c2b40,60.16531,24.9442,00000000fdda10fe,20.28
58,2019-08-04T17:07:00Z,f6609ab1076b1105bb845595a03b41b8fbb282f79c337df5bbc9f841,60.14699,24.922,00000000a53ed894,12.69
59,2019-08-04T17:07:00Z,fc4f3a44235f1cfc7b53f14ba2da599976a5a0a220d23b852688e485,60.17919,24.95181,000000007b5207b6,20.28
60,2019-08-04T17:07:00Z,00c096cf8384e58b6556657a72ac3d8edfbfbdf21ac099c3a48beb44,60.1538,24.95595,0000000038bf9618,23.56
61,2019-08-04T17:07:00Z,0365ff9adabc2140cd16d6b638bab81a4d7214c50eed8a66e182333e,60.16629,24.95957,00000000fb7600be,11.7
62,2019-08-04T17:07:00Z,04dbf6c5851bbf91f09bf0d39059284ac497cbce47b1a7a5e811c1be,60.1538,24.95595,0000000038bf9618,21.87
63,2019-08-04T17:07:00Z,0b5b1d119bef7718c572508f211282c9b18eaefc4082cd582969a566,60.1538,24.95595,0000000038bf9618,13.75
64,2019-08-04T17:07:00Z,11abcb0e243021f355453bdf67f1f8b3b2fca7034399a6cc1eaf8be0,60.18203,24.91341,00000000342570c2,14.89
65,2019-08-04T17:07:00Z,13fad1bc5d5e9040e5ec68027fd9885fa9f455d5e1ec583e7aeed117,60.17002,24.94407,000000006b087f40,25.36
66,2019-08-04T17:07:00Z,1836a262cb7acb0e60acb0d0be35a8db6265c73c2df1d0f578726f97,60.16544,24.95398,0000000038d83d41,17.4
67,2019-08-04T17:07:00Z,1a04752fa766fd5502ec99e250568ab546533dc58e405998c95aa891,60.16897,24.95222,00000000aa852af1,17.4
68,2019-08-04T17:07:00Z,1ca2a3dc3dfc4b7c43e5c2670f235bdd61b23459d91984dde3e5afff,60.14699,24.922,00000000a53ed894,20.28
69,2019-08-04T17:07:00Z,1dacfb371d75dd4f90f447aac2a00faad98beb4188a6971c19eb2375,60.16629,24.95957,00000000fb7600be,18.79
70,2019-08-04T17:07:00Z,1dee04843e8ab97d3146b6ebd8520a6e222a6d18c2d4c35a4c0bf83d,60.16897,24.95222,00000000aa852af1,9.92
71,2019-08-04T17:07:00Z,22e21a372951893f4ea667286c149e5e91b45e9283de3d90d36f602c,60.1538,24.95595,0000000038bf9618,25.36
72,2019-08-04T17:07:00Z,26622bc3adf25249eb17196d73738510fb22972e8b051700576669c3,60.149,24.9843,00000000fffb8cf0,16.1
73,2019-08-04T17:07:00Z,2b45f8ece8ea4566846acc15b64008cc02759400cf27f2869bf31ff0,60.16531,24.9442,00000000fdda10fe,31.5
74,2019-08-04T17:07:00Z,2c84e8bc539f5c6b0c240bc28f576e87747f3fee51c98eae8741909e,60.16544,24.95398,0000000038d83d41,16.1
75,2019-08-04T17:07:00Z,2f9b147fd1662fc69946f9a9cb9d35fef2653de3e6121f204b7ba92e,60.16762,24.95415,000000006b44cce7,9.12
76,2019-08-04T17:07:00Z,338d5bbc1f4fc313604b85cd1c683ec39649ea6174a08e48e1b054f9,60.16897,24.95222,00000000aa852af1,7.05
77,2019-08-04T17:07:00Z,33a8e18c191236a0f7fe515a00a53584cebf98566ba4d9aa74abb4be,60.16629,24.95957,00000000fb7600be,12.69
78,2019-08-04T17:07:00Z,35bfca1b2240b527624141fcf710db08e38fe686884b3d2ee31669b5,60.16829,24.94214,00000000afef4555,5.41
79,2019-08-04T17:07:00Z,36f972b3e4ec8317db017939ae6c5748fcdc8252536ae38de2cac7bd,60.16897,24.95222,00000000aa852af1,11.7
80,2019-08-04T17:07:00Z,3779ea5c5601d36c1a2297685f25523142f6e02fb2cc4c4799ea085d,60.17002,24.94407,000000006b087f40,21.87
81,2019-08-04T17:07:00Z,37a9186f9b05aeb3967e624b943bf528e50ef83b1cf675f5feede8da,60.16829,24.94214,00000000afef4555,21.87
82,2019-08-04T17:07:00Z,3a1aa7583656ea75632ac07beef7354b92abde90ec96d748d141e2ed,60.16762,24.95415,000000006b44cce7,4.94
83,2019-08-04T17:07:00Z,3a96ecd4e6f46f3eddfc682ac37562cd2ae7973437506dee2ce1dafa,60.16829,24.94214,00000000afef4555,18.79
84,2019-08-04T17:07:00Z,3b7647a640b732f8a765adf5a1eb8ab798d4e45222620f63b6713e2c,60.1538,24.95595,0000000038bf9618,4.5
85,2019-08-04T17:07:00Z,3e3d54043b8ca7641d406627928369bd390031076046dc1633aed9ae,60.14947,24.91438,000000004ef3150d,9.12
86,2019-08-04T17:07:00Z,3ecdc314fd37ce1bf45808d79439b162fb8a9b88f1ee1da466ec4493,60.1538,24.95595,0000000038bf9618,33.81
87,2019-08-04T17:07:00Z,40f753b80a7665bda1cf15e94aec2b68b7b5e07eb0985cd56faee05c,60.16762,24.95415,000000006b44cce7,7.69
88,2019-08-04T17:07:00Z,42bf43f42356d0ece6da9bcb87ec7713ad6f11475d6ac814062f6a55,60.16762,24.95415,000000006b44cce7,5.91
89,2019-08-04T17:07:00Z,4747aba9db8c8fd9ae0e1561b58159ab2d0dc86f3aada71b71c8add9,60.16762,24.95415,000000006b44cce7,7.05
90,2019-08-04T17:07:00Z,4c3abe510e6654da90bac2a0314148364c0f1a8e09ecd91fd2361d58,60.1538,24.95595,0000000038bf9618,27.28
91,2019-08-04T17:07:00Z,4cf991fba3cde26689eeb33a0410b49b72644960c6c0e5494bb24869,60.16448,24.97323,0000000053c6c2be,12.69
92,2019-08-04T17:07:00Z,4f6a8d6c700c83f2520fe5efd93bf84afaf395b0585a680cb8b8a343,60.16762,24.95415,000000006b44cce7,4.94
93,2019-08-04T17:07:00Z,4f7ecad3c9c0f01ddda400aa6f9772f3f050d1112dbc6e8676cc4522,60.16829,24.94214,00000000afef4555,14.89
94,2019-08-04T17:07:00Z,505d0b000973ceaa70c9692d32e8cdade2783b144867880bb8a75e65,60.16762,24.95415,000000006b44cce7,9.92
95,2019-08-04T17:07:00Z,5137b806c2551a7d9ee6becfb1d27050d27bb1a522cf2050d94ac28b,60.17065,24.93641,000000000f4919c9,21.87
96,2019-08-04T17:07:00Z,5262cea4886b185113b59eef5876b5de7d0536ad37ca16a75e265146,60.16762,24.95415,000000006b44cce7,14.89
97,2019-08-04T17:07:00Z,531edf09078b9a53547284497fa03808179012a4e6086c0891053dda,60.16897,24.95222,00000000aa852af1,7.05
98,2019-08-04T17:07:00Z,5534a56fa86f75197a3f73e484f2a848fa0d7f00f86b3451ef0a7654,60.16629,24.95957,00000000fb7600be,23.56
99,2019-08-04T17:07:00Z,57e7a2bb31cad93ec908325c3683cd7c7c0a2e7d9924e970523fe4df,60.149,24.9843,00000000fffb8cf0,36.27
100,2019-08-04T17:07:00Z,584cb0b0cdd14e608c8b57c8aecc9826f9b40027e365e2438a444ea2,60.16762,24.95415,000000006b44cce7,16.1
101,2019-08-04T17:07:00Z,5a6023d09aa9eca6c4ead704b7e4f848fd57524818a9acb49d010e81,60.16762,24.95415,000000006b44cce7,2.08
102,2019-08-04T17:07:00Z,5cc238656594ef79677a38544b5691a9d13e5878dcaaaf2d63742d46,60.1538,24.95595,0000000038bf9618,33.81
103,2019-08-04T17:07:00Z,5da33ee31cab70e4b6c6c7aa3e2561d6fdb73ebfaa6fdbed76514e18,60.16829,24.94214,00000000afef4555,7.05
104,2019-08-04T17:07:00Z,5e2fb301cda4dbd8f343aea983cd880f3a3d31441514376ac4ac0073,60.1538,24.95595,0000000038bf9618,13.75
105,2019-08-04T17:07:00Z,5e88811ecbfb2652345a83dfd3179394f6293cfc78224b2570285cfe,60.18203,24.91341,00000000342570c2,18.79
106,2019-08-04T17:07:00Z,5f55161046285b6a859d385e6b4d5b622567503075c6fd0f5f5ff8dd,60.14947,24.91438,000000004ef3150d,4.5
107,2019-08-04T17:07:00Z,5f70c02b9581ba0a11eac2551f6dccc21a080a888c5ddef5fd77c328,60.14699,24.922,00000000a53ed894,38.87
108,2019-08-04T17:07:00Z,61b604fa612b89bf92df4459bb7323da1749271c57b1c8f631d7a3d2,60.16448,24.97323,0000000053c6c2be,11.7
109,2019-08-04T17:07:00Z,64e0d984468fecc8fadc043442689c961ca35290e836d0d83b1d0efb,60.17918,24.95141,00000000675d5200,21.87
110,2019-08-04T17:07:00Z,64e9e159170e6d284934f66bf1e799acfda824f56f606204a50f555e,60.1538,24.95595,0000000038bf9618,25.36
111,2019-08-04T17:07:00Z,66be3b8e1c0619c3ed3f71763220352e3660387983ba4c35200f51c8,60.18203,24.91341,00000000342570c2,23.56
112,2019-08-04T17:07:00Z,6f73d9920bb9c25cd0d34d097d619a8f027efac5c3fc6096d43b4aac,60.16448,24.97323,0000000053c6c2be,20.28
113,2019-08-04T17:07:00Z,6fe5e6b0a911e1026e332ebfbc460b6cba3ba767cb96ccffe4f0934c,60.16762,24.95415,000000006b44cce7,9.12
114,2019-08-04T17:07:00Z,7418f4b3ae6fe79411a45bb73fd8a09bea6c709ff1cf729ee7b1b7ad,60.16544,24.95398,0000000038d83d41,18.79
115,2019-08-04T17:07:00Z,74cb545f76f0bfc5498607247e26e814276a11ce91f77208054ecbc5,60.17002,24.94407,000000006b087f40,23.56
116,2019-08-04T17:07:00Z,763ef19933874af206bc3b1450a2c0649e2ba7df7403f0800e60592d,60.16762,24.95415,000000006b44cce7,2.54
117,2019-08-04T17:07:00Z,7ff1f58c1e5e280ad0d9227bf9259c5e4a8fd0ae6a5c1dc50bd7f2ec,60.16762,24.95415,000000006b44cce7,9.12
118,2019-08-04T17:07:00Z,81987f65a473f086251f11395ad095da8530bb6d406f3b7558f70a1c,60.14947,24.91438,000000004ef3150d,8.38
119,2019-08-04T17:07:00Z,83c58d34482c1b5d567c8bc70bb9cd27b9622d8c538a160814074ffd,60.16762,24.95415,000000006b44cce7,11.7
120,2019-08-04T17:07:00Z,89ac9aa14800aa02e702a9364c6ba4fa224df0a82909fae1e787cff1,60.16762,24.95415,000000006b44cce7,9.12
121,2019-08-04T17:07:00Z,8a02ca771fb73da2fd0f230438f9b568eef8af7534eafba1407c20f3,60.16762,24.95415,000000006b44cce7,9.92
122,2019-08-04T17:07:00Z,8c1a7bcc2905a9d811ae33bd2a4c0bd0c68bd99484252888d94a9c77,60.16762,24.95415,000000006b44cce7,13.75
123,2019-08-04T17:07:00Z,8ccd9e2e1cbd5b7ba26838c1734bb521881652e7f9f8657f774c6079,60.16531,24.9442,00000000fdda10fe,16.1
124,2019-08-04T17:07:00Z,8daeb4e146cd0538788be50d62714224b533499235df2e50d030abf8,60.16897,24.95222,00000000aa852af1,21.87
125,2019-08-04T17:07:00Z,8ed82af73514a001fe121cd726f71792e57f23043f81c9140d5a2d1e,60.17002,24.94407,000000006b087f40,18.79
126,2019-08-04T17:07:00Z,9108c7ef172ce3893aaf2cdec2b77110df383024f21aaa42b54ecee0,60.17002,24.94407,000000006b087f40,25.36
127,2019-08-04T17:07:00Z,9af235a77f05df3a9c2ae8a8a1f777875f3ebd5f4230963815fa144e,60.17002,24.94407,000000006b087f40,20.28
128,2019-08-04T17:07:00Z,9c490aaf79d678222ddbe6eafcc97e7f23e2645cdb6116a9c1d8b6b5,60.16531,24.9442,00000000fdda10fe,12.69
129,2019-08-04T17:07:00Z,a0c1a3d52078895e283d17c8a36bea03d2c5a144dbe3f521432507a1,60.14947,24.91438,000000004ef3150d,29.32
130,2019-08-04T17:07:00Z,a4101c783279d6f3bf17c6af528ca14a2d3cb0f26404c48d28d928cb,60.16897,24.95222,00000000aa852af1,25.36
131,2019-08-04T17:07:00Z,a44e72f3d36d7fecb81639a55d1a6aeba442514365669de349245850,60.16762,24.95415,000000006b44cce7,7.05
132,2019-08-04T17:07:00Z,a6b4ec66805d9eb1a7519e49ec6507ca6ad22a5f3cdf741ec2f28577,60.16531,24.9442,00000000fdda10fe,21.87
133,2019-08-04T17:07:00Z,ac46672abff0a08176a1e59d93314c2cfe75a11ca9730eebf516999f,60.14947,24.91438,000000004ef3150d,31.5
134,2019-08-04T17:07:00Z,ad1cd9705df72b56ce79ae3b290eda761ff082a558f6af21250ef8f0,60.16829,24.94214,00000000afef4555,14.89
135,2019-08-04T17:07:00Z,b0ce1a3d92aa7d57850a135d2ef4dfdf80d202044ccdab8ba62592d5,60.16897,24.95222,00000000aa852af1,17.4
136,2019-08-04T17:07:00Z,b4212a7e17f11a67c37049b07c6a9dd226ceea55fe87af8ecda76ed0,60.16629,24.95957,00000000fb7600be,27.28
137,2019-08-04T17:07:00Z,b485a131a14503a416be8e9ac7780efdf052d6daac206c8125ea859f,60.1538,24.95595,0000000038bf9618,27.28
138,2019-08-04T17:07:00Z,b917e8642c2ad777936bb292890c3d64faf93a64c84bb5a1b02a7997,60.16762,24.95415,000000006b44cce7,7.05
139,2019-08-04T17:07:00Z,ba67bf74f02dd1cdc117f31c39081c8f7804da71290a3c34d7aac632,60.16762,24.95415,000000006b44cce7,9.92
140,2019-08-04T17:07:00Z,bb8d1680bacd1b190fcd9fc96607b3cc3ff0339d4e08bfe43b5a3721,60.17002,24.94407,000000006b087f40,25.36
141,2019-08-04T17:07:00Z,bc07df8cc395f6f4f5d483b2233caca5f93a6918f346e4cc3702f8cc,60.16531,24.9442,00000000fdda10fe,6.46
142,2019-08-04T17:07:00Z,bdb0fade01ec2c69237bc8cd620fb7bbdecac3712db3b8f6d13b46db,60.16544,24.95398,0000000038d83d41,27.28
143,2019-08-04T17:07:00Z,bee5e5b969e1cc3a134ec2665b8c1ce1cf183013c0a0a36e7be05491,60.17002,24.94407,000000006b087f40,20.28
144,2019-08-04T17:07:00Z,c2e82faf10b0acb5f7892318f69630eb36307edf5d591d302995a602,60.15432,24.9211,0000000019fb59c4,13.75
145,2019-08-04T17:07:00Z,c959ccfd3a8a0238c34ff2efeae2bd8de9c01f777a5f8ffc9edc32d0,60.16897,24.95222,00000000aa852af1,14.89
146,2019-08-04T17:07:00Z,c97c46377620a5ac54d650743cd0040910c99b81366d2ae0e13832bb,60.1538,24.95595,0000000038bf9618,21.87
147,2019-08-04T17:07:00Z,d099ba9f7c7320c68153738e3b2a303296555195ce326f406eb6ee87,60.17002,24.94407,000000006b087f40,21.87
148,2019-08-04T17:07:00Z,d30c16bb37797c8b9d0e34a03e585648a7aec88b34ed6d324a7d3922,60.16897,24.95222,00000000aa852af1,20.28
149,2019-08-04T17:07:00Z,d3a11812cf7e4ec88eb4b28844a1307346b3bd8d544e9c70d3d3643c,60.15432,24.9211,0000000019fb59c4,14.89
150,2019-08-04T17:07:00Z,d445abce47e98ae909a92ecdd5feb4b84e43c5c3c07f560fc968fae7,60.17918,24.95141,00000000675d5200,7.69
151,2019-08-04T17:07:00Z,d7a74e06258fd240602e7abdb9ac68cce69d8522f069dda2073871f4,60.16762,24.95415,000000006b44cce7,14.89
152,2019-08-04T17:07:00Z,df56d78cf55383024806e3e275664212f2b9636721a11ce3c6042fcc,60.16762,24.95415,000000006b44cce7,12.69
153,2019-08-04T17:07:00Z,dfe27c44e5e7c424b3cb95916791a0cad5f9e5c9715942c8cdf7bfcd,60.16829,24.94214,00000000afef4555,14.89
154,2019-08-04T17:07:00Z,e42c5da955bcf885108174cd65fb5833226ae6a455d1cb4dcfd7f6d3,60.14947,24.91438,000000004ef3150d,16.1
155,2019-08-04T17:07:00Z,eca0f8a675a646fbd4823032dd04dfd4b58ace99578981d2711b80a3,60.1538,24.95595,0000000038bf9618,29.32
156,2019-08-04T17:07:00Z,ef273877f42b35f296543b9c6bc84acbb67aea63fd9b72c81bb5bc02,60.1538,24.95595,0000000038bf9618,16.1
157,2019-08-04T17:07:00Z,f3121c3fafdc19493479feac0b8e9e6e32105f7ccfb69fb22e8dfa76,60.1538,24.95595,0000000038bf9618,29.32
158,2019-08-04T17:07:00Z,f82a67bd85638bb09030362e97e8b48bd079024e7e770779127e20ad,60.16762,24.95415,000000006b44cce7,4.94
159,2019-08-04T17:07:00Z,f8aad64a32f6d9834e641a0ae1c564f249c5b71b54d42bf83c3e9c7a,60.16829,24.94214,00000000afef4555,27.28
160,2019-08-04T17:07:00Z,f8f168cbecd3637f0a6b0decfc123d03dd61df1139664d9edaf17477,60.16897,24.95222,00000000aa852af1,12.69
161,2019-08-04T17:07:00Z,f9068afab46bd34f28539e11cb099e33590b41097200e67eec56331f,60.14699,24.922,00000000a53ed894,11.7
162,2019-08-04T17:07:00Z,fb732b8f4d937b716e5143ce27dae8171cf08e623e447fa2b8635e4f,60.16629,24.95957,00000000fb7600be,21.87
163,2019-08-04T17:07:00Z,fdf7ff56d8e115793175226f0f944b22b657a16f1ac8c0cb3de0fc45,60.16629,24.95957,00000000fb7600be,29.32
164,2019-08-04T17:07:00Z,feb69ce46480a76eccde1626f38eb66dcda8c7bd5548321950f316b2,60.16762,24.95415,000000006b44cce7,14.89
165,2019-08-04T17:07:01Z,002609eccfa6482109fb43966e0153bf6f371425cf715e49925348dd,60.14699,24.922,00000000a53ed894,21.87
166,2019-08-04T17:07:01Z,0152988639aaaa9cc27213280c8f0c0c8ec97ae6a45aaaf743c9c25d,60.16544,24.95398,0000000038d83d41,21.87
167,2019-08-04T17:07:01Z,07f8122078acc2a17ac351f1a53d28f3f5d2d222b8f9052e3849c263,60.16762,24.95415,000000006b44cce7,18.79
168,2019-08-04T17:07:01Z,08d5b497935cc70f123d98808df633607e385ffa3796fb5db747b103,60.14951,24.92138,0000000006dd41f6,29.32
169,2019-08-04T17:07:01Z,0dc8c9fd6c6ca193d5326d70d6f9efc1963bcd534fc7c80032f0e192,60.16544,24.95398,0000000038d83d41,25.36
170,2019-08-04T17:07:01Z,14c7e1511b70f4dd3359cbece1377aebb4d70531f5489eefe53d7c3c,60.16544,24.95398,0000000038d83d41,27.28
171,2019-08-04T17:07:01Z,165ebbb4090d47319ae370f0d0854fdc1f6b79499f8b2e4d3c3533c0,60.16544,24.95398,0000000038d83d41,36.27
172,2019-08-04T17:07:01Z,16962a7bb036a995c8cf0c2bc17153c812c23d9af2eaf2207425da3b,60.14951,24.92138,0000000006dd41f6,25.36
173,2019-08-04T17:07:01Z,19882f7eb60b2bbe4df9b48d27f047426a641e74eea690915e2b2288,60.16544,24.95398,0000000038d83d41,27.28
174,2019-08-04T17:07:01Z,25a7ff811c3c06e426c7c2cbb0433d9a2a3399b23afecbd35584ab0f,60.18203,24.91341,00000000342570c2,17.4
175,2019-08-04T17:07:01Z,28c382d400c51353c114ce74e97ac1131663533e436cf899df33047c,60.16762,24.95415,000000006b44cce7,7.05
176,2019-08-04T17:07:01Z,29113a3967bc167b1fd69f346c60a884baf31f91288e032e493eeac2,60.16762,24.95415,000000006b44cce7,7.05
177,2019-08-04T17:07:01Z,297c725b456ef12d2712634b21546721cbe93224d3a5762d897404f2,60.16762,24.95415,000000006b44cce7,9.92
178,2019-08-04T17:07:01Z,354cac7b39d57e39a5b0ab2caa0a1a915a763605fa6631bab8683659,60.16829,24.94214,00000000afef4555,31.5
179,2019-08-04T17:07:01Z,36b298bea3c27f30235cbc7de929f2f14ff5d457f395de64ea57b3c7,60.16762,24.95415,000000006b44cce7,4.11
180,2019-08-04T17:07:01Z,43b676ed3aef4c2d8846694817e76117873be52e7f788e0cb366c1c4,60.16629,24.95957,00000000fb7600be,27.28
181,2019-08-04T17:07:01Z,47f7d6332f20652dbd38970d701dd6c9311cf6f61479559092e2837a,60.16897,24.95222,00000000aa852af1,17.4
182,2019-08-04T17:07:01Z,491b2670fa626c719c5624e2a013e9325dd599d02b93ca1a1b0e3416,60.16544,24.95398,0000000038d83d41,13.75
183,2019-08-04T17:07:01Z,4b842d60464228bdf8b8dfaefa4766148504b5565a809b7718dc5256,60.16762,24.95415,000000006b44cce7,7.69
184,2019-08-04T17:07:01Z,56d39cf7e58ab04fc59cfb39b2d17a99ca7566464e8b0be7464f44ec,60.16762,24.95415,000000006b44cce7,7.05
185,2019-08-04T17:07:01Z,5bbb5184fded3e51bc78e45e39917794285e6bbc72da404802a9599a,60.16531,24.9442,00000000fdda10fe,23.56
186,2019-08-04T17:07:01Z,5d65719c4cbf045f068d084b72302f447d5fd034413d97d13be00d0e,60.18203,24.91341,00000000342570c2,20.28
187,2019-08-04T17:07:01Z,5eed115a984d490b02b602d73787aee8dc8c4e9365b77fbff3818a76,60.16629,24.95957,00000000fb7600be,23.56
188,2019-08-04T17:07:01Z,5fecff186138a9b3e31c6086c33dcd5f1d209e64f0afeed7c688cab0,60.16897,24.95222,00000000aa852af1,29.32
189,2019-08-04T17:07:01Z,6a70e2fbced719333e21eff04fcb9cb36bae9a04d1a3d6ddd96f2c58,60.15432,24.9211,0000000019fb59c4,5.41
190,2019-08-04T17:07:01Z,6f06341f358e61699fe1e55e986dd0554bc8da28b91daf0c5ad99db6,60.16629,24.95957,00000000fb7600be,36.27
191,2019-08-04T17:07:01Z,737efc92e3419e9d96a8559ec341ea7e18ba6381fd8e4de3d06f82a0,60.14699,24.922,00000000a53ed894,20.28
192,2019-08-04T17:07:01Z,747f2d1ebff218c0ebbdc0fdaef4cbe56633dfb46ae1b1f8c8142201,60.16762,24.95415,000000006b44cce7,13.75
193,2019-08-04T17:07:01Z,7856cd9a8241b470ce46295386b13c33e1948a956b3f18b7b3497cdb,60.16762,24.95415,000000006b44cce7,7.69
194,2019-08-04T17:07:01Z,7876e65f126121713ab8aded48e44b64ad5dd53b4c6e52536c374874,60.14951,24.92138,0000000006dd41f6,21.87
195,2019-08-04T17:07:01Z,7b0161728235a5ae8ab965ad670c34d640fdd76aa238943cc640c875,60.17002,24.94407,000000006b087f40,25.36
196,2019-08-04T17:07:01Z,7d93beb0fb40bd617a6f72b5feb2ff801d430879793160157aaf3f97,60.16762,24.95415,000000006b44cce7,18.79
197,2019-08-04T17:07:01Z,87dfaad29a9276ddddb1fa021d3bc23ad14824c1af16f7d87e713689,60.14951,24.92138,0000000006dd41f6,13.75
198,2019-08-04T17:07:01Z,89514d693b1bede7d473d1b7d714829147cb42615145a8351c675525,60.14699,24.922,00000000a53ed894,16.1
199,2019-08-04T17:07:01Z,89982a6acf91b79a282a6b63978e946ee205f303fcd20e944e06baf0,60.16544,24.95398,0000000038d83d41,27.28
200,2019-08-04T17:07:01Z,8c75c3289c84fe4493e1e272a77b615fe1985880c5dc68a7c1a17b53,60.16762,24.95415,000000006b44cce7,10.78
201,2019-08-04T17:07:01Z,8d633d0d43382790e056e9294aa8448245c852dc21eaeb874fefbd1e,60.16829,24.94214,00000000afef4555,17.4
202,2019-08-04T17:07:01Z,94512cd21b284eddaddc0be0d385bf5072dbeaa7e3eb345b3c161aa6,60.1538,24.95595,0000000038bf9618,27.28
203,2019-08-04T17:07:01Z,98239bf94ef54f747154b6cbe79cdbf3b87a27880fd23e82c8465dd2,60.14699,24.922,00000000a53ed894,9.12
204,2019-08-04T17:07:01Z,9843c6216661048343a0e49cf3d8aa2883cf77f452666a1c873a1052,60.16448,24.97323,0000000053c6c2be,12.69
205,2019-08-04T17:07:01Z,9cc3d80ef8692bf30a4d00993ed758c1b15bb8cb13102e9d77718ca7,60.1538,24.95595,0000000038bf9618,29.32
206,2019-08-04T17:07:01Z,a91d379a4b57c5df22db0d7a041ff69f657b4b31f28554b1011fc03c,60.16544,24.95398,0000000038d83d41,25.36
207,2019-08-04T17:07:01Z,ae556011c511e79ed2daac915308eebfe8e1f17c56850f7a1fc92ce1,60.14699,24.922,00000000a53ed894,27.28
208,2019-08-04T17:07:01Z,b5fd6b317890e5ab2d79e2cd1abe61626d45a753c7337d0d40728898,60.16762,24.95415,000000006b44cce7,6.46
209,2019-08-04T17:07:01Z,bb98768dad0f7c52cf643f035a3e7e48f5cfe28557c66f2a75914b31,60.14699,24.922,00000000a53ed894,20.28
210,2019-08-04T17:07:01Z,bc790290ef3642f0cb8bda81edd6d0c3422af992366da1a60e59e493,60.14951,24.92138,0000000006dd41f6,29.32
211,2019-08-04T17:07:01Z,bd01ac8fc2992e9ca32f28c1f1b22983845e90918ba97584017978aa,60.14699,24.922,00000000a53ed894,10.78
212,2019-08-04T17:07:01Z,be2502bcf73c1cd115c5162abaaa93bd39610fe4009525afaec71c28,60.1538,24.95595,0000000038bf9618,36.27
213,2019-08-04T17:07:01Z,ce197d5eedb5498917afe7ca3f7275ffeb191f0c5d050bffa154c1d2,60.16531,24.9442,00000000fdda10fe,27.28
214,2019-08-04T17:07:01Z,cf05623e4d87ce0906c0b0b7dbf53aacc1228016cd27c341228b6e76,60.18203,24.91341,00000000342570c2,17.4
215,2019-08-04T17:07:01Z,d466739295da5e108e9f8a1a4f387f1cec8bde1ff3a78529697bdcc2,60.16829,24.94214,00000000afef4555,31.5
216,2019-08-04T17:07:01Z,e03cf2e6c802fb3105dcac7e259514f6f8ca8d2340cf63b080a01551,60.16762,24.95415,000000006b44cce7,2.8
217,2019-08-04T17:07:01Z,e8e366e76c97944e23c0f80b4fd3ce6e5832744922297146a49f0c7e,60.16762,24.95415,000000006b44cce7,6.46
218,2019-08-04T17:07:01Z,ed70dda6b7faebd4340dacdb452ab224d9d3c308df417b7fa76f54e8,60.14951,24.92138,0000000006dd41f6,23.56
219,2019-08-04T17:07:01Z,f088630d7476dae7d4b7e2bb1f10575f2c89acb4b6e061f3d57c2b40,60.16531,24.9442,00000000fdda10fe,18.79
220,2019-08-04T17:07:01Z,f6609ab1076b1105bb845595a03b41b8fbb282f79c337df5bbc9f841,60.14699,24.922,00000000a53ed894,9.92
221,2019-08-04T17:07:01Z,fc4f3a44235f1cfc7b53f14ba2da599976a5a0a220d23b852688e485,60.17918,24.95141,00000000675d5200,25.36
222,2019-08-04T17:07:01Z,00c096cf8384e58b6556657a72ac3d8edfbfbdf21ac099c3a48beb44,60.1538,24.95595,0000000038bf9618,16.1
223,2019-08-04T17:07:01Z,0365ff9adabc2140cd16d6b638bab81a4d7214c50eed8a66e182333e,60.16629,24.95957,00000000fb7600be,8.38
224,2019-08-04T17:07:01Z,04dbf6c5851bbf91f09bf0d39059284ac497cbce47b1a7a5e811c1be,60.1538,24.95595,0000000038bf9618,29.32
225,2019-08-04T17:07:01Z,06c4aed5d04f29222526282ccb8d8a393d435dc069cfb64e7e02fb22,60.16762,24.95415,000000006b44cce7,16.1
226,2019-08-04T17:07:01Z,0b5b1d119bef7718c572508f211282c9b18eaefc4082cd582969a566,60.1538,24.95595,0000000038bf9618,20.28
227,2019-08-04T17:07:01Z,11abcb0e243021f355453bdf67f1f8b3b2fca7034399a6cc1eaf8be0,60.18203,24.91341,00000000342570c2,8.38
228,2019-08-04T17:07:01Z,17a8d73fbd8fc6116bcad8362c37515f29f5ac09a478d6ac444c484a,60.17002,24.94407,000000006b087f40,29.32
229,2019-08-04T17:07:01Z,1836a262cb7acb0e60acb0d0be35a8db6265c73c2df1d0f578726f97,60.16544,24.95398,0000000038d83d41,14.89
230,2019-08-04T17:07:01Z,1a04752fa766fd5502ec99e250568ab546533dc58e405998c95aa891,60.16897,24.95222,00000000aa852af1,21.87
231,2019-08-04T17:07:01Z,1ca2a3dc3dfc4b7c43e5c2670f235bdd61b23459d91984dde3e5afff,60.14699,24.922,00000000a53ed894,13.75
232,2019-08-04T17:07:01Z,1dee04843e8ab97d3146b6ebd8520a6e222a6d18c2d4c35a4c0bf83d,60.16897,24.95222,00000000aa852af1,18.79
233,2019-08-04T17:07:01Z,1faaaeff6423708e06d94b904af4be93e399939fbdfd3b3091dc8bd2,60.15432,24.9211,0000000019fb59c4,17.4
234,2019-08-04T17:07:01Z,208087926f57d6adc787b2189dfb636091b008c102fb62f6366aa112,60.16762,24.95415,000000006b44cce7,9.92
235,2019-08-04T17:07:01Z,21ed57847c7d20c3701bfa11a60ac813114f1b83b43ddbf8c06f3b94,60.16629,24.95957,00000000fb7600be,14.89
236,2019-08-04T17:07:01Z,22e21a372951893f4ea667286c149e5e91b45e9283de3d90d36f602c,60.1538,24.95595,0000000038bf9618,31.5
237,2019-08-04T17:07:01Z,254e9b9512b6f350eb6e5125230f382e9434169d73cf0cd709d9d9f7,60.16531,24.9442,00000000fdda10fe,23.56
238,2019-08-04T17:07:01Z,26622bc3adf25249eb17196d73738510fb22972e8b051700576669c3,60.149,24.9843,00000000fffb8cf0,16.1
239,2019-08-04T17:07:01Z,2677f09f98608f413bf4242e9cabf94b4cfaf0e824febff0bba383f8,60.16897,24.95222,00000000aa852af1,29.32
240,2019-08-04T17:07:01Z,2b45f8ece8ea4566846acc15b64008cc02759400cf27f2869bf31ff0,60.16531,24.9442,00000000fdda10fe,21.87
241,2019-08-04T17:07:01Z,2c84e8bc539f5c6b0c240bc28f576e87747f3fee51c98eae8741909e,60.16544,24.95398,0000000038d83d41,12.69
242,2019-08-04T17:07:01Z,2f9b147fd1662fc69946f9a9cb9d35fef2653de3e6121f204b7ba92e,60.16762,24.95415,000000006b44cce7,6.46
243,2019-08-04T17:07:01Z,3004b57f95861dcbc505cbe89ab781674966526a063bee7072de8aba,60.16829,24.94214,00000000afef4555,12.69
244,2019-08-04T17:07:01Z,338d5bbc1f4fc313604b85cd1c683ec39649ea6174a08e48e1b054f9,60.16897,24.95222,00000000aa852af1,7.69
245,2019-08-04T17:07:01Z,33a8e18c191236a0f7fe515a00a53584cebf98566ba4d9aa74abb4be,60.16629,24.95957,00000000fb7600be,16.1
246,2019-08-04T17:07:01Z,34ba4fae3584dc7b2100667d2672bbb202a2ddaf8a1e54dbd9fec013,60.1538,24.95595,0000000038bf9618,38.87
247,2019-08-04T17:07:01Z,35bfca1b2240b527624141fcf710db08e38fe686884b3d2ee31669b5,60.16829,24.94214,00000000afef4555,2.8
248,2019-08-04T17:07:01Z,36f972b3e4ec8317db017939ae6c5748fcdc8252536ae38de2cac7bd,60.16897,24.95222,00000000aa852af1,7.69
249,2019-08-04T17:07:01Z,3779ea5c5601d36c1a2297685f25523142f6e02fb2cc4c4799ea085d,60.17002,24.94407,000000006b087f40,23.56
250,2019-08-04T17:07:01Z,37a9186f9b05aeb3967e624b943bf528e50ef83b1cf675f5feede8da,60.16829,24.94214,00000000afef4555,17.4
251,2019-08-04T17:07:01Z,3a1aa7583656ea75632ac07beef7354b92abde90ec96d748d141e2ed,60.16762,24.95415,000000006b44cce7,5.41
252,2019-08-04T17:07:01Z,3a96ecd4e6f46f3eddfc682ac37562cd2ae7973437506dee2ce1dafa,60.16829,24.94214,00000000afef4555,10.78
253,2019-08-04T17:07:01Z,3b7647a640b732f8a765adf5a1eb8ab798d4e45222620f63b6713e2c,60.1538,24.95595,0000000038bf9618,16.1
254,2019-08-04T17:07:01Z,3e3d54043b8ca7641d406627928369bd390031076046dc1633aed9ae,60.14947,24.91438,000000004ef3150d,9.92
255,2019-08-04T17:07:01Z,3f5d12906056cc51074800febd96b8bd2b47f1f373b33c6d7b477fcc,60.17002,24.94407,000000006b087f40,31.5
256,2019-08-04T17:07:01Z,40f753b80a7665bda1cf15e94aec2b68b7b5e07eb0985cd56faee05c,60.16762,24.95415,000000006b44cce7,7.69
257,2019-08-04T17:07:01Z,42bf43f42356d0ece6da9bcb87ec7713ad6f11475d6ac814062f6a55,60.16762,24.95415,000000006b44cce7,11.7
258,2019-08-04T17:07:01Z,4c3abe510e6654da90bac2a0314148364c0f1a8e09ecd91fd2361d58,60.1538,24.95595,0000000038bf9618,16.1
259,2019-08-04T17:07:01Z,4cf991fba3cde26689eeb33a0410b49b72644960c6c0e5494bb24869,60.16448,24.97323,0000000053c6c2be,23.56
260,2019-08-04T17:07:01Z,4f55b9051b9fc326ed481b30feb7efb5d687d990c816e55c5d8779ca,60.16829,24.94214,00000000afef4555,25.36
261,2019-08-04T17:07:01Z,4f6a8d6c700c83f2520fe5efd93bf84afaf395b0585a680cb8b8a343,60.16762,24.95415,000000006b44cce7,10.78
262,2019-08-04T17:07:01Z,4f7ecad3c9c0f01ddda400aa6f9772f3f050d1112dbc6e8676cc4522,60.16829,24.94214,00000000afef4555,20.28
263,2019-08-04T17:07:01Z,505d0b000973ceaa70c9692d32e8cdade2783b144867880bb8a75e65,60.16762,24.95415,000000006b44cce7,11.7
264,2019-08-04T17:07:01Z,5137b806c2551a7d9ee6becfb1d27050d27bb1a522cf2050d94ac28b,60.17065,24.93641,000000000f4919c9,20.28
265,2019-08-04T17:07:01Z,5262cea4886b185113b59eef5876b5de7d0536ad37ca16a75e265146,60.16762,24.95415,000000006b44cce7,20.28
266,2019-08-04T17:07:01Z,5272fc4ad71b2397d2f6840b883e871d462a1ab0ea74e5e0126a1364,60.18203,24.91341,00000000342570c2,21.87
267,2019-08-04T17:07:01Z,53011e8468cf3ea2114dd201e5ace5b45a3d687ca54d97dc372882e3,60.16762,24.95415,000000006b44cce7,18.79
268,2019-08-04T17:07:01Z,531edf09078b9a53547284497fa03808179012a4e6086c0891053dda,60.16897,24.95222,00000000aa852af1,10.78
269,2019-08-04T17:07:01Z,5380010af256bd8281a8edd94454b5d1b7fba89ad1b91c997c2b93cd,60.16897,24.95222,00000000aa852af1,41.64
270,2019-08-04T17:07:01Z,584cb0b0cdd14e608c8b57c8aecc9826f9b40027e365e2438a444ea2,60.16762,24.95415,000000006b44cce7,10.78
271,2019-08-04T17:07:01Z,59a5f140d9b16a25fafcc3ce7bbbf7569ed63f2cbb6504e9f44c309e,60.16762,24.95415,000000006b44cce7,9.12
272,2019-08-04T17:07:01Z,59df8134d7fbfdba0350e204d0dedf1a0fc1ded9f7912454a4ea4621,60.16762,24.95415,000000006b44cce7,10.78
273,2019-08-04T17:07:01Z,5a6023d09aa9eca6c4ead704b7e4f848fd57524818a9acb49d010e81,60.16762,24.95415,000000006b44cce7,2.8
274,2019-08-04T17:07:01Z,5da33ee31cab70e4b6c6c7aa3e2561d6fdb73ebfaa6fdbed76514e18,60.16829,24.94214,00000000afef4555,9.92
275,2019-08-04T17:07:01Z,5e2fb301cda4dbd8f343aea983cd880f3a3d31441514376ac4ac0073,60.1538,24.95595,0000000038bf9618,16.1
276,2019-08-04T17:07:01Z,5e88811ecbfb2652345a83dfd3179394f6293cfc78224b2570285cfe,60.18203,24.91341,00000000342570c2,14.89
277,2019-08-04T17:07:01Z,5f55161046285b6a859d385e6b4d5b622567503075c6fd0f5f5ff8dd,60.14947,24.91438,000000004ef3150d,8.38
278,2019-08-04T17:07:01Z,61b604fa612b89bf92df4459bb7323da1749271c57b1c8f631d7a3d2,60.16448,24.97323,0000000053c6c2be,17.4
279,2019-08-04T17:07:01Z,64e0d984468fecc8fadc043442689c961ca35290e836d0d83b1d0efb,60.17918,24.95141,00000000675d5200,20.28
280,2019-08-04T17:07:01Z,66be3b8e1c0619c3ed3f71763220352e3660387983ba4c35200f51c8,60.18203,24.91341,00000000342570c2,23.56
281,2019-08-04T17:07:01Z,6b50cc3418ffa260562306ad8b1a4fd1ee9be9ea5f067ff43c68c0c6,60.17002,24.94407,000000006b087f40,38.87
282,2019-08-04T17:07:01Z,6b57ee477426a6df39d0e0c458d59e599c20ed7c2ead13ec9fcfbe93,60.149,24.9843,00000000fffb8cf0,7.69
283,2019-08-04T17:07:01Z,6ee7ebdef6d02199661db8d11e27fa1bc1526f599db29cc20e9feefb,60.17065,24.93641,000000000f4919c9,31.5
284,2019-08-04T17:07:01Z,6f73d9920bb9c25cd0d34d097d619a8f027efac5c3fc6096d43b4aac,60.16448,24.97323,0000000053c6c2be,21.87
285,2019-08-04T17:07:01Z,6fe5e6b0a911e1026e332ebfbc460b6cba3ba767cb96ccffe4f0934c,60.16762,24.95415,000000006b44cce7,14.89
286,2019-08-04T17:07:01Z,7418f4b3ae6fe79411a45bb73fd8a09bea6c709ff1cf729ee7b1b7ad,60.16544,24.95398,0000000038d83d41,21.87
287,2019-08-04T17:07:01Z,763ef19933874af206bc3b1450a2c0649e2ba7df7403f0800e60592d,60.16762,24.95415,000000006b44cce7,9.12
288,2019-08-04T17:07:01Z,81987f65a473f086251f11395ad095da8530bb6d406f3b7558f70a1c,60.14947,24.91438,000000004ef3150d,4.94
289,2019-08-04T17:07:01Z,89ac9aa14800aa02e702a9364c6ba4fa224df0a82909fae1e787cff1,60.16762,24.95415,000000006b44cce7,4.11
290,2019-08-04T17:07:01Z,8a02ca771fb73da2fd0f230438f9b568eef8af7534eafba1407c20f3,60.16762,24.95415,000000006b44cce7,10.78
291,2019-08-04T17:07:01Z,8ccd9e2e1cbd5b7ba26838c1734bb521881652e7f9f8657f774c6079,60.16531,24.9442,00000000fdda10fe,16.1
292,2019-08-04T17:07:01Z,8daeb4e146cd0538788be50d62714224b533499235df2e50d030abf8,60.16897,24.95222,00000000aa852af1,13.75
293,2019-08-04T17:07:01Z,8df74d1a3ee0ccfc07018fab27ea6c72317c68e5dc7495a947b42fff,60.1538,24.95595,0000000038bf9618,38.87
294,2019-08-04T17:07:01Z,8ed82af73514a001fe121cd726f71792e57f23043f81c9140d5a2d1e,60.17002,24.94407,000000006b087f40,25.36
295,2019-08-04T17:07:01Z,9108c7ef172ce3893aaf2cdec2b77110df383024f21aaa42b54ecee0,60.17002,24.94407,000000006b087f40,21.87
296,2019-08-04T17:07:01Z,9af235a77f05df3a9c2ae8a8a1f777875f3ebd5f4230963815fa144e,60.17002,24.94407,000000006b087f40,27.28
297,2019-08-04T17:07:01Z,9c490aaf79d678222ddbe6eafcc97e7f23e2645cdb6116a9c1d8b6b5,60.16531,24.9442,00000000fdda10fe,13.75
298,2019-08-04T17:07:01Z,a0c1a3d52078895e283d17c8a36bea03d2c5a144dbe3f521432507a1,60.14947,24.91438,000000004ef3150d,10.78
299,2019-08-04T17:07:01Z,a4101c783279d6f3bf17c6af528ca14a2d3cb0f26404c48d28d928cb,60.16897,24.95222,00000000aa852af1,44.58
300,2019-08-04T17:07:01Z,a44e72f3d36d7fecb81639a55d1a6aeba442514365669de349245850,60.16762,24.95415,000000006b44cce7,3.4
301,2019-08-04T17:07:01Z,a64006687665b11a4766c4ce0f3ce6e7e13874242db5563870456627,60.14947,24.91438,000000004ef3150d,41.64
302,2019-08-04T17:07:01Z,a6b4ec66805d9eb1a7519e49ec6507ca6ad22a5f3cdf741ec2f28577,60.16531,24.9442,00000000fdda10fe,16.1
303,2019-08-04T17:07:01Z,ac46672abff0a08176a1e59d93314c2cfe75a11ca9730eebf516999f,60.14947,24.91438,000000004ef3150d,25.36
304,2019-08-04T17:07:01Z,ad1cd9705df72b56ce79ae3b290eda761ff082a558f6af21250ef8f0,60.16829,24.94214,00000000afef4555,13.75
305,2019-08-04T17:07:01Z,b0ce1a3d92aa7d57850a135d2ef4dfdf80d202044ccdab8ba62592d5,60.16897,24.95222,00000000aa852af1,20.28
306,2019-08-04T17:07:01Z,b2a16786deba9bb50641c7831ec404f902e0652d431515dd1d446785,60.16448,24.97323,0000000053c6c2be,23.56
307,2019-08-04T17:07:01Z,b917e8642c2ad777936bb292890c3d64faf93a64c84bb5a1b02a7997,60.16762,24.95415,000000006b44cce7,5.41
308,2019-08-04T17:07:01Z,bb8d1680bacd1b190fcd9fc96607b3cc3ff0339d4e08bfe43b5a3721,60.17002,24.94407,000000006b087f40,23.56
309,2019-08-04T17:07:01Z,bdb0fade01ec2c69237bc8cd620fb7bbdecac3712db3b8f6d13b46db,60.16544,24.95398,0000000038d83d41,31.5
310,2019-08-04T17:07:01Z,bee5e5b969e1cc3a134ec2665b8c1ce1cf183013c0a0a36e7be05491,60.17002,24.94407,000000006b087f40,13.75
311,2019-08-04T17:07:01Z,c0a0ca3433586ed2ae0e448f2406fabac7292ac79d49562e0bd5cef8,60.16762,24.95415,000000006b44cce7,20.28
312,2019-08-04T17:07:01Z,c2e82faf10b0acb5f7892318f69630eb36307edf5d591d302995a602,60.15432,24.9211,0000000019fb59c4,16.1
313,2019-08-04T17:07:01Z,c959ccfd3a8a0238c34ff2efeae2bd8de9c01f777a5f8ffc9edc32d0,60.16897,24.95222,00000000aa852af1,14.89
314,2019-08-04T17:07:01Z,c97c46377620a5ac54d650743cd0040910c99b81366d2ae0e13832bb,60.1538,24.95595,0000000038bf9618,31.5
315,2019-08-04T17:07:01Z,d099ba9f7c7320c68153738e3b2a303296555195ce326f406eb6ee87,60.17002,24.94407,000000006b087f40,16.1
316,2019-08-04T17:07:01Z,d2da92e0b60961ca1877fa2fcd1b9145edbfeb21a6213a80e266cb92,60.17002,24.94407,000000006b087f40,23.56
317,2019-08-04T17:07:01Z,d30c16bb37797c8b9d0e34a03e585648a7aec88b34ed6d324a7d3922,60.16897,24.95222,00000000aa852af1,33.81
318,2019-08-04T17:07:01Z,d3a11812cf7e4ec88eb4b28844a1307346b3bd8d544e9c70d3d3643c,60.15432,24.9211,0000000019fb59c4,21.87
319,2019-08-04T17:07:01Z,d445abce47e98ae909a92ecdd5feb4b84e43c5c3c07f560fc968fae7,60.17918,24.95141,00000000675d5200,9.12
320,2019-08-04T17:07:01Z,ddc08326f123d00fd5dfda46e6865d3adf43fad8b5735843737111c8,60.17002,24.94407,000000006b087f40,20.28
321,2019-08-04T17:07:01Z,df56d78cf55383024806e3e275664212f2b9636721a11ce3c6042fcc,60.16762,24.95415,000000006b44cce7,4.11
322,2019-08-04T17:07:01Z,dfe27c44e5e7c424b3cb95916791a0cad5f9e5c9715942c8cdf7bfcd,60.16829,24.94214,00000000afef4555,10.78
323,2019-08-04T17:07:01Z,e342a4a26c8c899a8544d03544400d9ca70a649a666eb3f040a33516,60.16531,24.9442,00000000fdda10fe,25.36
324,2019-08-04T17:07:01Z,e42c5da955bcf885108174cd65fb5833226ae6a455d1cb4dcfd7f6d3,60.14947,24.91438,000000004ef3150d,12.69
325,2019-08-04T17:07:01Z,e80477155cb38de1585675ecd61a385c3c60792d63fee3525f8ba4f7,60.14699,24.922,00000000a53ed894,7.05
326,2019-08-04T17:07:01Z,eca0f8a675a646fbd4823032dd04dfd4b58ace99578981d2711b80a3,60.1538,24.95595,0000000038bf9618,36.27
