,time,hash,latitude,longitude,serial,distance
0,2019-08-03T02:06:00Z,03e0fc996a589ccdf1871b3c78e089c08c93ba1f2a02d740fb384aac,60.16531,24.9442,00000000fdda10fe,31.5
1,2019-08-03T02:06:00Z,072dc794e212cfe9866e1242d801701f299d36f4aea2da25e22246cc,60.16762,24.95415,000000006b44cce7,7.69
2,2019-08-03T02:06:00Z,126e7fa4dd9205201617bdc0c7c346bfb57e1a75d3d7d3d9c260d51b,60.16897,24.95222,00000000aa852af1,23.56
3,2019-08-03T02:06:00Z,129dad6828fb3e17a08cbc4f37bc09bbf2759d63eefc3cd646806e36,60.16897,24.95222,00000000aa852af1,27.28
4,2019-08-03T02:06:00Z,14c7e1511b70f4dd3359cbece1377aebb4d70531f5489eefe53d7c3c,60.16544,24.95398,0000000038d83d41,23.56
5,2019-08-03T02:06:00Z,165ebbb4090d47319ae370f0d0854fdc1f6b79499f8b2e4d3c3533c0,60.16544,24.95398,0000000038d83d41,29.32
6,2019-08-03T02:06:00Z,1d513a9eda6958eaa6394ca7a03bb7c0beb946191e40ea22378b96fa,60.16762,24.95415,000000006b44cce7,18.79
7,2019-08-03T02:06:00Z,2448a4a7bacce376bf9041799fcd0ba60e3c1179e1fdfc9d7463f44f,60.15432,24.9211,0000000019fb59c4,33.81
8,2019-08-03T02:06:00Z,27391f5fe0d6372b87fd8909e6325800f7d4a552f40b0bad20ffa5f0,60.16762,24.95415,000000006b44cce7,23.56
9,2019-08-03T02:06:00Z,297c725b456ef12d2712634b21546721cbe93224d3a5762d897404f2,60.16762,24.95415,000000006b44cce7,27.28
10,2019-08-03T02:06:00Z,2a93b61a3863ace54349d7a0937e4134fcc6d4dfcf064eefae2b7cf8,60.15432,24.9211,0000000019fb59c4,13.75
11,2019-08-03T02:06:00Z,2af9f18ec38ddcce3e687bdf1a0e3d95da68f65a2028ee4a3bdeddab,60.15432,24.9211,0000000019fb59c4,13.75
12,2019-08-03T02:06:00Z,2eb6062cfc73a77cecd6824d22e10f5ed93f936acbf6aee6080553b1,60.17002,24.94407,000000006b087f40,31.5
13,2019-08-03T02:06:00Z,3857adcdd01e0f8929feedd542ef3129cc172a3e7d780cd834f557b7,60.16629,24.95957,00000000fb7600be,31.5
14,2019-08-03T02:06:00Z,43b676ed3aef4c2d8846694817e76117873be52e7f788e0cb366c1c4,60.16629,24.95957,00000000fb7600be,23.56
15,2019-08-03T02:06:00Z,53f1b998b0acda8b25f669ed7c846f4311c2be7947c5ac7da1809bb6,60.16897,24.95222,00000000aa852af1,31.5
16,2019-08-03T02:06:00Z,5bbb5184fded3e51bc78e45e39917794285e6bbc72da404802a9599a,60.16531,24.9442,00000000fdda10fe,25.36
17,2019-08-03T02:06:00Z,5c7fc0928d0dde3ef172b9c1d75c47029e423dd8b11dce183b2b613a,60.16762,24.95415,000000006b44cce7,27.28
18,2019-08-03T02:06:00Z,5d65719c4cbf045f068d084b72302f447d5fd034413d97d13be00d0e,60.18203,24.91341,00000000342570c2,21.87
19,2019-08-03T02:06:00Z,5eed115a984d490b02b602d73787aee8dc8c4e9365b77fbff3818a76,60.16629,24.95957,00000000fb7600be,25.36
20,2019-08-03T02:06:00Z,62fa943d746611086eb67e006bbb6746f7928adcf586aa6dbad35090,60.16762,24.95415,000000006b44cce7,20.28
21,2019-08-03T02:06:00Z,66dabd3229229330d23c70e9e1737429ddfe69db01f4a6a00f70fa20,60.16762,24.95415,000000006b44cce7,21.87
22,2019-08-03T02:06:00Z,6f06341f358e61699fe1e55e986dd0554bc8da28b91daf0c5ad99db6,60.16629,24.95957,00000000fb7600be,33.81
23,2019-08-03T02:06:00Z,6ff437688c444238352c28f64f9d2a7d0f14d19c9ea42c225380501e,60.16762,24.95415,000000006b44cce7,21.87
24,2019-08-03T02:06:00Z,73fe82dce29f54936a25d6b0b54aef4b65f9d05ef630247e0921ccc0,60.17002,24.94407,000000006b087f40,33.81
25,2019-08-03T02:06:00Z,77839e655f856d5295739c2388237a95b399c3b8a4f659cd1345d939,60.16829,24.94214,00000000afef4555,25.36
26,2019-08-03T02:06:00Z,7a3db40d91e137d1381ac690a78039878e0baa317ed9a7cd6882df27,60.16762,24.95415,000000006b44cce7,27.28
27,2019-08-03T02:06:00Z,87dfaad29a9276ddddb1fa021d3bc23ad14824c1af16f7d87e713689,60.14951,24.92138,0000000006dd41f6,7.69
28,2019-08-03T02:06:00Z,89982a6acf91b79a282a6b63978e946ee205f303fcd20e944e06baf0,60.16544,24.95398,0000000038d83d41,27.28
29,2019-08-03T02:06:00Z,8c75c3289c84fe4493e1e272a77b615fe1985880c5dc68a7c1a17b53,60.16762,24.95415,000000006b44cce7,11.7
30,2019-08-03T02:06:00Z,8ff60f950161ed884860c37d18e95c683a57d568528f4083008a5dd8,60.15432,24.9211,0000000019fb59c4,16.1
31,2019-08-03T02:06:00Z,916b3bc5aaa174abfc2a70c9d9e589dac4dc893ae6abbb6ed7547756,60.14951,24.92138,0000000006dd41f6,38.87
32,2019-08-03T02:06:00Z,94512cd21b284eddaddc0be0d385bf5072dbeaa7e3eb345b3c161aa6,60.16762,24.95415,000000006b44cce7,17.4
33,2019-08-03T02:06:00Z,9843c6216661048343a0e49cf3d8aa2883cf77f452666a1c873a1052,60.16448,24.97323,0000000053c6c2be,16.1
34,2019-08-03T02:06:00Z,a91d379a4b57c5df22db0d7a041ff69f657b4b31f28554b1011fc03c,60.16544,24.95398,0000000038d83d41,27.28
35,2019-08-03T02:06:00Z,b33ae7715d6d2571066655c2c8954a5a364b5601869047de83410d9f,60.16629,24.95957,00000000fb7600be,21.87
36,2019-08-03T02:06:00Z,b4faf2d3c4d2b199afeab6ab63b583fe3a2e81e14abbef6917f25129,60.15432,24.9211,0000000019fb59c4,14.89
37,2019-08-03T02:06:00Z,b5fd6b317890e5ab2d79e2cd1abe61626d45a753c7337d0d40728898,60.16762,24.95415,000000006b44cce7,12.69
38,2019-08-03T02:06:00Z,bb52abe4edeb7604c7a55e84373a051fe6adeac1849883eb0877f237,60.15432,24.9211,0000000019fb59c4,9.12
39,2019-08-03T02:06:00Z,bb98768dad0f7c52cf643f035a3e7e48f5cfe28557c66f2a75914b31,60.15432,24.9211,0000000019fb59c4,17.4
40,2019-08-03T02:06:00Z,c40c37def6bf11a63a2556519a7c6233fd417cdeea2cf14f28e7c42c,60.16531,24.9442,00000000fdda10fe,31.5
41,2019-08-03T02:06:00Z,cf05623e4d87ce0906c0b0b7dbf53aacc1228016cd27c341228b6e76,60.18203,24.91341,00000000342570c2,18.79
42,2019-08-03T02:06:00Z,da3f8a9924ac789c223fe629d063aa23403ffed3bf8166bd44e4d0d0,60.16762,24.95415,000000006b44cce7,25.36
43,2019-08-03T02:06:00Z,ea2af410359f5c862dbc71554cc0b6ea29d823a91db3209fcd2a8c76,60.16762,24.95415,000000006b44cce7,13.75
44,2019-08-03T02:06:00Z,f088630d7476dae7d4b7e2bb1f10575f2c89acb4b6e061f3d57c2b40,60.16531,24.9442,00000000fdda10fe,20.28
45,2019-08-03T02:06:00Z,fa174c07354fca0bb5a193097c3a41f5c79ba61efc1b2f1dd7ae2312,60.16762,24.95415,000000006b44cce7,16.1
46,2019-08-03T02:06:00Z,fc4f3a44235f1cfc7b53f14ba2da599976a5a0a220d23b852688e485,60.17919,24.95181,000000007b5207b6,13.75
47,2019-08-03T02:06:00Z,043a655959e4a843e667ea56f161cd394e22c03199dadd4652a62cad,60.16762,24.95415,000000006b44cce7,18.79
48,2019-08-03T02:06:00Z,0e0db2346a50086e6ec8a8e51fa135c2fe91c45dd63bef92f1603124,60.17002,24.94407,000000006b087f40,16.1
49,2019-08-03T02:06:00Z,19b34b8b5afe153b7760fdcc52a47b80d010dd93917eb6ee98edbb3a,60.14699,24.922,00000000a53ed894,11.7
50,2019-08-03T02:06:00Z,1dff54dff288c66a6ec569c61023397abe2c243da5b2d5bd91e5de8e,60.17918,24.95141,00000000675d5200,14.89
51,2019-08-03T02:06:00Z,26694f9d7d0242034d0d58a8cc4eafd41caa51495fa26c60273e2056,60.16629,24.95957,00000000fb7600be,27.28
52,2019-08-03T02:06:00Z,2b32f7c4ca8e8d620d956253ba0d94f3c9d161b4f87f0e5dd4a432dc,60.16531,24.9442,00000000fdda10fe,9.92
53,2019-08-03T02:06:00Z,31e2526b7164541832397c17f4f2ef3ecfe49306186bbaa02f1a3c58,60.16762,24.95415,000000006b44cce7,6.46
54,2019-08-03T02:06:00Z,3c72aa4c84ba34a5fa05b115513f07d6669a896263fb9c7689f02f47,60.16829,24.94214,00000000afef4555,17.4
55,2019-08-03T02:06:00Z,47fb1d44ab56f44efe34dd9a1922020359bb39f796a900b4496a548a,60.16531,24.9442,00000000fdda10fe,9.92
56,2019-08-03T02:06:00Z,48623ac81d1a71628cb26d880708581d6fddc022db81612f760886cd,60.16629,24.95957,00000000fb7600be,27.28
57,2019-08-03T02:06:00Z,5230e2ce6c62b7b710a3be3bd042b47fc8148e92cb4223fbfc1a7931,60.14947,24.91438,000000004ef3150d,12.69
58,2019-08-03T02:06:00Z,584cb0b0cdd14e608c8b57c8aecc9826f9b40027e365e2438a444ea2,60.16762,24.95415,000000006b44cce7,9.92
59,2019-08-03T02:06:00Z,5e2d9c0c4f9ab0a0e54af42388a38b904d7724d881d915bb04ef6bee,60.149,24.9843,00000000fffb8cf0,29.32
60,2019-08-03T02:06:00Z,69456ed815ff41927f357ed9ee2f32ad417de5cda0631ab73f18b0d8,60.17918,24.95141,00000000675d5200,10.78
61,2019-08-03T02:06:00Z,74cb545f76f0bfc5498607247e26e814276a11ce91f77208054ecbc5,60.17002,24.94407,000000006b087f40,29.32
62,2019-08-03T02:06:00Z,89bd77af38fd38816ec5e59e9fe32ed172a20cc43a55ce4f2a4ab3ff,60.16762,24.95415,000000006b44cce7,11.7
63,2019-08-03T02:06:00Z,8dcc863fb697b4e3e5ab1d1f207b3b8ea08af45c4bb9d37c22ee13cf,60.14699,24.922,00000000a53ed894,29.32
64,2019-08-03T02:06:00Z,a2ac1467ab9f11d48d81d5e5a1155db28e99b3dd5cf351cdb2c2cac2,60.17002,24.94407,000000006b087f40,21.87
65,2019-08-03T02:06:00Z,affa2466329704f2d3b850793bda83528696be8b680ca82d51faf48f,60.14947,24.91438,000000004ef3150d,8.38
66,2019-08-03T02:06:00Z,b26e8e2edf8fcb191b7a1955105e5052e63773371edac91bb146ff61,60.16531,24.9442,00000000fdda10fe,36.27
67,2019-08-03T02:06:00Z,c924fb0d73163e32e1060359c74576c32d1fae62f41ee39e245d88bf,60.16829,24.94214,00000000afef4555,25.36
68,2019-08-03T02:06:00Z,c9d65aeaf59064df39c2c298f96c3cb158471474036b51347bedca96,60.17065,24.93641,000000000f4919c9,29.32
69,2019-08-03T02:06:00Z,cf3f9c1ba16497d5d932b993eab9560105fe70d2b9db3b0ee22b455b,60.16629,24.95957,00000000fb7600be,17.4
70,2019-08-03T02:06:00Z,f9399339c3de44774896319d3f291771cebcaf2666df1d6062469882,60.16531,24.9442,00000000fdda10fe,18.79
71,2019-08-03T02:06:00Z,fa7945fd00891369decc65e6433b4dbc289e42718860ff5837c38d54,60.16897,24.95222,00000000aa852af1,12.69
72,2019-08-03T02:06:01Z,072dc794e212cfe9866e1242d801701f299d36f4aea2da25e22246cc,60.16762,24.95415,000000006b44cce7,7.69
73,2019-08-03T02:06:01Z,126e7fa4dd9205201617bdc0c7c346bfb57e1a75d3d7d3d9c260d51b,60.16897,24.95222,00000000aa852af1,11.7
74,2019-08-03T02:06:01Z,129dad6828fb3e17a08cbc4f37bc09bbf2759d63eefc3cd646806e36,60.16897,24.95222,00000000aa852af1,31.5
75,2019-08-03T02:06:01Z,14c7e1511b70f4dd3359cbece1377aebb4d70531f5489eefe53d7c3c,60.16544,24.95398,0000000038d83d41,29.32
76,2019-08-03T02:06:01Z,165ebbb4090d47319ae370f0d0854fdc1f6b79499f8b2e4d3c3533c0,60.16544,24.95398,0000000038d83d41,27.28
77,2019-08-03T02:06:01Z,1d513a9eda6958eaa6394ca7a03bb7c0beb946191e40ea22378b96fa,60.16762,24.95415,000000006b44cce7,18.79
78,2019-08-03T02:06:01Z,27391f5fe0d6372b87fd8909e6325800f7d4a552f40b0bad20ffa5f0,60.16762,24.95415,000000006b44cce7,27.28
79,2019-08-03T02:06:01Z,297c725b456ef12d2712634b21546721cbe93224d3a5762d897404f2,60.16762,24.95415,000000006b44cce7,27.28
80,2019-08-03T02:06:01Z,2a93b61a3863ace54349d7a0937e4134fcc6d4dfcf064eefae2b7cf8,60.15432,24.9211,0000000019fb59c4,14.89
81,2019-08-03T02:06:01Z,2af9f18ec38ddcce3e687bdf1a0e3d95da68f65a2028ee4a3bdeddab,60.15432,24.9211,0000000019fb59c4,14.89
82,2019-08-03T02:06:01Z,2eb6062cfc73a77cecd6824d22e10f5ed93f936acbf6aee6080553b1,60.17002,24.94407,000000006b087f40,27.28
83,2019-08-03T02:06:01Z,3193ebc4e01b4451b1242fd69a62b4a3af31c0150312780985ad1d1a,60.16762,24.95415,000000006b44cce7,12.69
84,2019-08-03T02:06:01Z,43b676ed3aef4c2d8846694817e76117873be52e7f788e0cb366c1c4,60.16629,24.95957,00000000fb7600be,23.56
85,2019-08-03T02:06:01Z,52f6a3a3aa57239ef1fb406b6d276ffea0771b2d59b02598092b8971,60.16762,24.95415,000000006b44cce7,23.56
86,2019-08-03T02:06:01Z,541cdde5332ed33dd6e2f47bc3091d8251b2992ea15305b741d7fa7c,60.16531,24.9442,00000000fdda10fe,41.64
87,2019-08-03T02:06:01Z,5bbb5184fded3e51bc78e45e39917794285e6bbc72da404802a9599a,60.16531,24.9442,00000000fdda10fe,23.56
88,2019-08-03T02:06:01Z,5d65719c4cbf045f068d084b72302f447d5fd034413d97d13be00d0e,60.18203,24.91341,00000000342570c2,17.4
89,2019-08-03T02:06:01Z,5eed115a984d490b02b602d73787aee8dc8c4e9365b77fbff3818a76,60.16629,24.95957,00000000fb7600be,20.28
90,2019-08-03T02:06:01Z,62fa943d746611086eb67e006bbb6746f7928adcf586aa6dbad35090,60.16762,24.95415,000000006b44cce7,20.28
91,2019-08-03T02:06:01Z,66dabd3229229330d23c70e9e1737429ddfe69db01f4a6a00f70fa20,60.16762,24.95415,000000006b44cce7,20.28
92,2019-08-03T02:06:01Z,6f06341f358e61699fe1e55e986dd0554bc8da28b91daf0c5ad99db6,60.16629,24.95957,00000000fb7600be,31.5
93,2019-08-03T02:06:01Z,6ff437688c444238352c28f64f9d2a7d0f14d19c9ea42c225380501e,60.16762,24.95415,000000006b44cce7,17.4
94,2019-08-03T02:06:01Z,747f2d1ebff218c0ebbdc0fdaef4cbe56633dfb46ae1b1f8c8142201,60.16762,24.95415,000000006b44cce7,20.28
95,2019-08-03T02:06:01Z,77839e655f856d5295739c2388237a95b399c3b8a4f659cd1345d939,60.16829,24.94214,00000000afef4555,29.32
96,2019-08-03T02:06:01Z,87dfaad29a9276ddddb1fa021d3bc23ad14824c1af16f7d87e713689,60.14951,24.92138,0000000006dd41f6,9.92
97,2019-08-03T02:06:01Z,89982a6acf91b79a282a6b63978e946ee205f303fcd20e944e06baf0,60.16544,24.95398,0000000038d83d41,27.28
98,2019-08-03T02:06:01Z,8c75c3289c84fe4493e1e272a77b615fe1985880c5dc68a7c1a17b53,60.16762,24.95415,000000006b44cce7,11.7
99,2019-08-03T02:06:01Z,8ff60f950161ed884860c37d18e95c683a57d568528f4083008a5dd8,60.15432,24.9211,0000000019fb59c4,16.1
100,2019-08-03T02:06:01Z,91c0db5a8cd889a1464ea18808322bd2e22fd8c273667c689d23c9eb,60.16629,24.95957,00000000fb7600be,23.56
101,2019-08-03T02:06:01Z,91d3b80de4439a4a49ddb8a04d72a0a2ec6c08f351d70232842af567,60.16762,24.95415,000000006b44cce7,23.56
102,2019-08-03T02:06:01Z,94512cd21b284eddaddc0be0d385bf5072dbeaa7e3eb345b3c161aa6,60.16762,24.95415,000000006b44cce7,17.4
103,2019-08-03T02:06:01Z,9843c6216661048343a0e49cf3d8aa2883cf77f452666a1c873a1052,60.16448,24.97323,0000000053c6c2be,17.4
104,2019-08-03T02:06:01Z,a91d379a4b57c5df22db0d7a041ff69f657b4b31f28554b1011fc03c,60.16544,24.95398,0000000038d83d41,31.5
105,2019-08-03T02:06:01Z,b4faf2d3c4d2b199afeab6ab63b583fe3a2e81e14abbef6917f25129,60.15432,24.9211,0000000019fb59c4,16.1
106,2019-08-03T02:06:01Z,b5fd6b317890e5ab2d79e2cd1abe61626d45a753c7337d0d40728898,60.16762,24.95415,000000006b44cce7,9.92
107,2019-08-03T02:06:01Z,bb52abe4edeb7604c7a55e84373a051fe6adeac1849883eb0877f237,60.15432,24.9211,0000000019fb59c4,33.81
108,2019-08-03T02:06:01Z,bb98768dad0f7c52cf643f035a3e7e48f5cfe28557c66f2a75914b31,60.15432,24.9211,0000000019fb59c4,17.4
109,2019-08-03T02:06:01Z,c40c37def6bf11a63a2556519a7c6233fd417cdeea2cf14f28e7c42c,60.16531,24.9442,00000000fdda10fe,27.28
110,2019-08-03T02:06:01Z,ce197d5eedb5498917afe7ca3f7275ffeb191f0c5d050bffa154c1d2,60.16531,24.9442,00000000fdda10fe,38.87
111,2019-08-03T02:06:01Z,cf05623e4d87ce0906c0b0b7dbf53aacc1228016cd27c341228b6e76,60.18203,24.91341,00000000342570c2,16.1
112,2019-08-03T02:06:01Z,da3f8a9924ac789c223fe629d063aa23403ffed3bf8166bd44e4d0d0,60.16762,24.95415,000000006b44cce7,20.28
113,2019-08-03T02:06:01Z,ea2af410359f5c862dbc71554cc0b6ea29d823a91db3209fcd2a8c76,60.16762,24.95415,000000006b44cce7,12.69
114,2019-08-03T02:06:01Z,ed70dda6b7faebd4340dacdb452ab224d9d3c308df417b7fa76f54e8,60.14951,24.92138,0000000006dd41f6,25.36
115,2019-08-03T02:06:01Z,f088630d7476dae7d4b7e2bb1f10575f2c89acb4b6e061f3d57c2b40,60.16531,24.9442,00000000fdda10fe,21.87
116,2019-08-03T02:06:01Z,fa174c07354fca0bb5a193097c3a41f5c79ba61efc1b2f1dd7ae2312,60.16762,24.95415,000000006b44cce7,9.92
117,2019-08-03T02:06:01Z,fc4f3a44235f1cfc7b53f14ba2da599976a5a0a220d23b852688e485,60.17919,24.95181,000000007b5207b6,20.28
118,2019-08-03T02:06:01Z,043a655959e4a843e667ea56f161cd394e22c03199dadd4652a62cad,60.16762,24.95415,000000006b44cce7,23.56
119,2019-08-03T02:06:01Z,0e0db2346a50086e6ec8a8e51fa135c2fe91c45dd63bef92f1603124,60.17002,24.94407,000000006b087f40,20.28
120,2019-08-03T02:06:01Z,19b34b8b5afe153b7760fdcc52a47b80d010dd93917eb6ee98edbb3a,60.14699,24.922,00000000a53ed894,10.78
121,2019-08-03T02:06:01Z,1dacfb371d75dd4f90f447aac2a00faad98beb4188a6971c19eb2375,60.16629,24.95957,00000000fb7600be,29.32
122,2019-08-03T02:06:01Z,1dff54dff288c66a6ec569c61023397abe2c243da5b2d5bd91e5de8e,60.17918,24.95141,00000000675d5200,14.89
123,2019-08-03T02:06:01Z,2b32f7c4ca8e8d620d956253ba0d94f3c9d161b4f87f0e5dd4a432dc,60.16531,24.9442,00000000fdda10fe,7.69
124,2019-08-03T02:06:01Z,31e2526b7164541832397c17f4f2ef3ecfe49306186bbaa02f1a3c58,60.16762,24.95415,000000006b44cce7,12.69
125,2019-08-03T02:06:01Z,3c72aa4c84ba34a5fa05b115513f07d6669a896263fb9c7689f02f47,60.16829,24.94214,00000000afef4555,9.12
126,2019-08-03T02:06:01Z,47fb1d44ab56f44efe34dd9a1922020359bb39f796a900b4496a548a,60.16531,24.9442,00000000fdda10fe,9.92
127,2019-08-03T02:06:01Z,48623ac81d1a71628cb26d880708581d6fddc022db81612f760886cd,60.16629,24.95957,00000000fb7600be,29.32
128,2019-08-03T02:06:01Z,5230e2ce6c62b7b710a3be3bd042b47fc8148e92cb4223fbfc1a7931,60.14947,24.91438,000000004ef3150d,8.38
129,2019-08-03T02:06:01Z,584cb0b0cdd14e608c8b57c8aecc9826f9b40027e365e2438a444ea2,60.16762,24.95415,000000006b44cce7,12.69
130,2019-08-03T02:06:01Z,5e2d9c0c4f9ab0a0e54af42388a38b904d7724d881d915bb04ef6bee,60.149,24.9843,00000000fffb8cf0,21.87
131,2019-08-03T02:06:01Z,69456ed815ff41927f357ed9ee2f32ad417de5cda0631ab73f18b0d8,60.17918,24.95141,00000000675d5200,8.38
132,2019-08-03T02:06:01Z,6c2731a555107bd51b86b499f16e8dc994bfb6f527ebb7bdc72a0bc9,60.14699,24.922,00000000a53ed894,29.32
133,2019-08-03T02:06:01Z,7cd7a8d55492afb61685cb36c02d640def35a8b513f0fd74c590d541,60.16829,24.94214,00000000afef4555,21.87
134,2019-08-03T02:06:01Z,8962c21eddea75feaceab6fdd99b150cb34c64c955415ae2c6681f90,60.16762,24.95415,000000006b44cce7,11.7
135,2019-08-03T02:06:01Z,8dcc863fb697b4e3e5ab1d1f207b3b8ea08af45c4bb9d37c22ee13cf,60.14699,24.922,00000000a53ed894,27.28
136,2019-08-03T02:06:01Z,980d082682cda2a34dabc3931f5ef844bb4e455957ad77fa7643269f,60.16762,24.95415,000000006b44cce7,18.79
137,2019-08-03T02:06:01Z,9aaba4edfffc13d0b9ee87c19adca2fb586fa5a1f33e280fb98e04d2,60.16762,24.95415,000000006b44cce7,25.36
138,2019-08-03T02:06:01Z,a2ac1467ab9f11d48d81d5e5a1155db28e99b3dd5cf351cdb2c2cac2,60.17002,24.94407,000000006b087f40,27.28
139,2019-08-03T02:06:01Z,affa2466329704f2d3b850793bda83528696be8b680ca82d51faf48f,60.14947,24.91438,000000004ef3150d,8.38
140,2019-08-03T02:06:01Z,b26e8e2edf8fcb191b7a1955105e5052e63773371edac91bb146ff61,60.16531,24.9442,00000000fdda10fe,23.56
141,2019-08-03T02:06:01Z,b31488cbd9c94af92b0d1b0c0e3e23d7e1c0570599f8a6d3eabedd83,60.16531,24.9442,00000000fdda10fe,36.27
142,2019-08-03T02:06:01Z,c924fb0d73163e32e1060359c74576c32d1fae62f41ee39e245d88bf,60.16829,24.94214,00000000afef4555,21.87
143,2019-08-03T02:06:01Z,cf3f9c1ba16497d5d932b993eab9560105fe70d2b9db3b0ee22b455b,60.16629,24.95957,00000000fb7600be,14.89
144,2019-08-03T02:06:01Z,f5ffde247ebb9e2f0eac4e5c37b302123cc57e3bf50945819996314a,60.16762,24.95415,000000006b44cce7,4.94
145,2019-08-03T02:06:01Z,f9399339c3de44774896319d3f291771cebcaf2666df1d6062469882,60.16531,24.9442,00000000fdda10fe,20.28
146,2019-08-03T02:06:01Z,fa7945fd00891369decc65e6433b4dbc289e42718860ff5837c38d54,60.16897,24.95222,00000000aa852af1,17.4
147,2019-08-03T02:06:02Z,072dc794e212cfe9866e1242d801701f299d36f4aea2da25e22246cc,60.16762,24.95415,000000006b44cce7,7.05
148,2019-08-03T02:06:02Z,126e7fa4dd9205201617bdc0c7c346bfb57e1a75d3d7d3d9c260d51b,60.16897,24.95222,00000000aa852af1,10.78
149,2019-08-03T02:06:02Z,14c7e1511b70f4dd3359cbece1377aebb4d70531f5489eefe53d7c3c,60.16544,24.95398,0000000038d83d41,20.28
150,2019-08-03T02:06:02Z,1d513a9eda6958eaa6394ca7a03bb7c0beb946191e40ea22378b96fa,60.16762,24.95415,000000006b44cce7,20.28
151,2019-08-03T02:06:02Z,2448a4a7bacce376bf9041799fcd0ba60e3c1179e1fdfc9d7463f44f,60.15432,24.9211,0000000019fb59c4,33.81
152,2019-08-03T02:06:02Z,27391f5fe0d6372b87fd8909e6325800f7d4a552f40b0bad20ffa5f0,60.16762,24.95415,000000006b44cce7,21.87
153,2019-08-03T02:06:02Z,297c725b456ef12d2712634b21546721cbe93224d3a5762d897404f2,60.16762,24.95415,000000006b44cce7,29.32
154,2019-08-03T02:06:02Z,2a93b61a3863ace54349d7a0937e4134fcc6d4dfcf064eefae2b7cf8,60.15432,24.9211,0000000019fb59c4,14.89
155,2019-08-03T02:06:02Z,2af9f18ec38ddcce3e687bdf1a0e3d95da68f65a2028ee4a3bdeddab,60.15432,24.9211,0000000019fb59c4,16.1
156,2019-08-03T02:06:02Z,2eb6062cfc73a77cecd6824d22e10f5ed93f936acbf6aee6080553b1,60.17002,24.94407,000000006b087f40,25.36
157,2019-08-03T02:06:02Z,3193ebc4e01b4451b1242fd69a62b4a3af31c0150312780985ad1d1a,60.16762,24.95415,000000006b44cce7,12.69
158,2019-08-03T02:06:02Z,34e39641e24c15f4fb6138d01f5a1295b7fc464cbac35de85ca7050b,60.16762,24.95415,000000006b44cce7,21.87
159,2019-08-03T02:06:02Z,43b676ed3aef4c2d8846694817e76117873be52e7f788e0cb366c1c4,60.16629,24.95957,00000000fb7600be,23.56
160,2019-08-03T02:06:02Z,52f6a3a3aa57239ef1fb406b6d276ffea0771b2d59b02598092b8971,60.16762,24.95415,000000006b44cce7,27.28
161,2019-08-03T02:06:02Z,5bbb5184fded3e51bc78e45e39917794285e6bbc72da404802a9599a,60.16531,24.9442,00000000fdda10fe,23.56
162,2019-08-03T02:06:02Z,5d65719c4cbf045f068d084b72302f447d5fd034413d97d13be00d0e,60.18203,24.91341,00000000342570c2,17.4
163,2019-08-03T02:06:02Z,5eed115a984d490b02b602d73787aee8dc8c4e9365b77fbff3818a76,60.16629,24.95957,00000000fb7600be,20.28
164,2019-08-03T02:06:02Z,6066632ddc94b5c482a2d4f45ed2532e55e3fd63e414a084a596a737,60.16762,24.95415,000000006b44cce7,14.89
165,2019-08-03T02:06:02Z,62fa943d746611086eb67e006bbb6746f7928adcf586aa6dbad35090,60.16762,24.95415,000000006b44cce7,21.87
166,2019-08-03T02:06:02Z,66dabd3229229330d23c70e9e1737429ddfe69db01f4a6a00f70fa20,60.16762,24.95415,000000006b44cce7,25.36
167,2019-08-03T02:06:02Z,73fe82dce29f54936a25d6b0b54aef4b65f9d05ef630247e0921ccc0,60.17002,24.94407,000000006b087f40,36.27
168,2019-08-03T02:06:02Z,747f2d1ebff218c0ebbdc0fdaef4cbe56633dfb46ae1b1f8c8142201,60.16762,24.95415,000000006b44cce7,13.75
169,2019-08-03T02:06:02Z,77839e655f856d5295739c2388237a95b399c3b8a4f659cd1345d939,60.16829,24.94214,00000000afef4555,29.32
170,2019-08-03T02:06:02Z,87dfaad29a9276ddddb1fa021d3bc23ad14824c1af16f7d87e713689,60.14951,24.92138,0000000006dd41f6,8.38
171,2019-08-03T02:06:02Z,8c75c3289c84fe4493e1e272a77b615fe1985880c5dc68a7c1a17b53,60.16762,24.95415,000000006b44cce7,9.92
172,2019-08-03T02:06:02Z,8ff60f950161ed884860c37d18e95c683a57d568528f4083008a5dd8,60.15432,24.9211,0000000019fb59c4,16.1
173,2019-08-03T02:06:02Z,91c0db5a8cd889a1464ea18808322bd2e22fd8c273667c689d23c9eb,60.16629,24.95957,00000000fb7600be,23.56
174,2019-08-03T02:06:02Z,94512cd21b284eddaddc0be0d385bf5072dbeaa7e3eb345b3c161aa6,60.16762,24.95415,000000006b44cce7,13.75
175,2019-08-03T02:06:02Z,9843c6216661048343a0e49cf3d8aa2883cf77f452666a1c873a1052,60.16448,24.97323,0000000053c6c2be,14.89
176,2019-08-03T02:06:02Z,a79af88ad05127e9c29a09f407406a364eb21dc127dc8d914e190418,60.16531,24.9442,00000000fdda10fe,33.81
177,2019-08-03T02:06:02Z,a91d379a4b57c5df22db0d7a041ff69f657b4b31f28554b1011fc03c,60.16544,24.95398,0000000038d83d41,33.81
178,2019-08-03T02:06:02Z,b4faf2d3c4d2b199afeab6ab63b583fe3a2e81e14abbef6917f25129,60.15432,24.9211,0000000019fb59c4,10.78
179,2019-08-03T02:06:02Z,b5fd6b317890e5ab2d79e2cd1abe61626d45a753c7337d0d40728898,60.16762,24.95415,000000006b44cce7,14.89
180,2019-08-03T02:06:02Z,bb52abe4edeb7604c7a55e84373a051fe6adeac1849883eb0877f237,60.15432,24.9211,0000000019fb59c4,27.28
181,2019-08-03T02:06:02Z,bb98768dad0f7c52cf643f035a3e7e48f5cfe28557c66f2a75914b31,60.15432,24.9211,0000000019fb59c4,13.75
182,2019-08-03T02:06:02Z,c40c37def6bf11a63a2556519a7c6233fd417cdeea2cf14f28e7c42c,60.16531,24.9442,00000000fdda10fe,27.28
183,2019-08-03T02:06:02Z,ce197d5eedb5498917afe7ca3f7275ffeb191f0c5d050bffa154c1d2,60.16531,24.9442,00000000fdda10fe,27.28
184,2019-08-03T02:06:02Z,cf05623e4d87ce0906c0b0b7dbf53aacc1228016cd27c341228b6e76,60.18203,24.91341,00000000342570c2,13.75
185,2019-08-03T02:06:02Z,da3f8a9924ac789c223fe629d063aa23403ffed3bf8166bd44e4d0d0,60.16762,24.95415,000000006b44cce7,20.28
186,2019-08-03T02:06:02Z,ea2af410359f5c862dbc71554cc0b6ea29d823a91db3209fcd2a8c76,60.16762,24.95415,000000006b44cce7,10.78
187,2019-08-03T02:06:02Z,f088630d7476dae7d4b7e2bb1f10575f2c89acb4b6e061f3d57c2b40,60.16531,24.9442,00000000fdda10fe,21.87
188,2019-08-03T02:06:02Z,fa174c07354fca0bb5a193097c3a41f5c79ba61efc1b2f1dd7ae2312,60.16762,24.95415,000000006b44cce7,13.75
189,2019-08-03T02:06:02Z,fc4f3a44235f1cfc7b53f14ba2da599976a5a0a220d23b852688e485,60.17919,24.95181,000000007b5207b6,16.1
190,2019-08-03T02:06:02Z,043a655959e4a843e667ea56f161cd394e22c03199dadd4652a62cad,60.16762,24.95415,000000006b44cce7,21.87
191,2019-08-03T02:06:02Z,19b34b8b5afe153b7760fdcc52a47b80d010dd93917eb6ee98edbb3a,60.14699,24.922,00000000a53ed894,10.78
192,2019-08-03T02:06:02Z,1dff54dff288c66a6ec569c61023397abe2c243da5b2d5bd91e5de8e,60.17918,24.95141,00000000675d5200,25.36
193,2019-08-03T02:06:02Z,2142821dbdfd0c8de0dfc0067db2d17aa9b3989b72fc0f1e8db8cf04,60.15432,24.9211,0000000019fb59c4,29.32
194,2019-08-03T02:06:02Z,2b32f7c4ca8e8d620d956253ba0d94f3c9d161b4f87f0e5dd4a432dc,60.16531,24.9442,00000000fdda10fe,7.69
195,2019-08-03T02:06:02Z,31e2526b7164541832397c17f4f2ef3ecfe49306186bbaa02f1a3c58,60.16762,24.95415,000000006b44cce7,5.91
196,2019-08-03T02:06:02Z,3c72aa4c84ba34a5fa05b115513f07d6669a896263fb9c7689f02f47,60.16829,24.94214,00000000afef4555,8.38
197,2019-08-03T02:06:02Z,47fb1d44ab56f44efe34dd9a1922020359bb39f796a900b4496a548a,60.16531,24.9442,00000000fdda10fe,31.5
198,2019-08-03T02:06:02Z,48623ac81d1a71628cb26d880708581d6fddc022db81612f760886cd,60.16762,24.95415,000000006b44cce7,20.28
199,2019-08-03T02:06:02Z,5230e2ce6c62b7b710a3be3bd042b47fc8148e92cb4223fbfc1a7931,60.14947,24.91438,000000004ef3150d,5.41
200,2019-08-03T02:06:02Z,584cb0b0cdd14e608c8b57c8aecc9826f9b40027e365e2438a444ea2,60.16762,24.95415,000000006b44cce7,9.92
201,2019-08-03T02:06:02Z,5e2d9c0c4f9ab0a0e54af42388a38b904d7724d881d915bb04ef6bee,60.149,24.9843,00000000fffb8cf0,20.28
202,2019-08-03T02:06:02Z,69456ed815ff41927f357ed9ee2f32ad417de5cda0631ab73f18b0d8,60.17918,24.95141,00000000675d5200,8.38
203,2019-08-03T02:06:02Z,6c2731a555107bd51b86b499f16e8dc994bfb6f527ebb7bdc72a0bc9,60.14699,24.922,00000000a53ed894,29.32
204,2019-08-03T02:06:02Z,74cb545f76f0bfc5498607247e26e814276a11ce91f77208054ecbc5,60.17002,24.94407,000000006b087f40,25.36
205,2019-08-03T02:06:02Z,7951ac7eee04d20d49abde86360e4034ea5929b333bd2a97a144bcae,60.16448,24.97323,0000000053c6c2be,33.81
206,2019-08-03T02:06:02Z,7cd7a8d55492afb61685cb36c02d640def35a8b513f0fd74c590d541,60.16829,24.94214,00000000afef4555,17.4
207,2019-08-03T02:06:02Z,8962c21eddea75feaceab6fdd99b150cb34c64c955415ae2c6681f90,60.16762,24.95415,000000006b44cce7,23.56
208,2019-08-03T02:06:02Z,89bd77af38fd38816ec5e59e9fe32ed172a20cc43a55ce4f2a4ab3ff,60.16762,24.95415,000000006b44cce7,14.89
209,2019-08-03T02:06:02Z,8dcc863fb697b4e3e5ab1d1f207b3b8ea08af45c4bb9d37c22ee13cf,60.14699,24.922,00000000a53ed894,31.5
210,2019-08-03T02:06:02Z,9aaba4edfffc13d0b9ee87c19adca2fb586fa5a1f33e280fb98e04d2,60.16762,24.95415,000000006b44cce7,18.79
211,2019-08-03T02:06:02Z,affa2466329704f2d3b850793bda83528696be8b680ca82d51faf48f,60.14947,24.91438,000000004ef3150d,9.92
212,2019-08-03T02:06:02Z,b26e8e2edf8fcb191b7a1955105e5052e63773371edac91bb146ff61,60.16531,24.9442,00000000fdda10fe,20.28
213,2019-08-03T02:06:02Z,c924fb0d73163e32e1060359c74576c32d1fae62f41ee39e245d88bf,60.16829,24.94214,00000000afef4555,21.87
214,2019-08-03T02:06:02Z,cf3f9c1ba16497d5d932b993eab9560105fe70d2b9db3b0ee22b455b,60.16629,24.95957,00000000fb7600be,17.4
215,2019-08-03T02:06:02Z,e5f3339893e57a49c6ca42b1344ed134ace6be878d52e8b6ff57c6a0,60.16762,24.95415,000000006b44cce7,25.36
216,2019-08-03T02:06:02Z,f5ffde247ebb9e2f0eac4e5c37b302123cc57e3bf50945819996314a,60.16762,24.95415,000000006b44cce7,14.89
217,2019-08-03T02:06:02Z,f9399339c3de44774896319d3f291771cebcaf2666df1d6062469882,60.16531,24.9442,00000000fdda10fe,23.56
218,2019-08-03T02:06:03Z,072dc794e212cfe9866e1242d801701f299d36f4aea2da25e22246cc,60.16762,24.95415,000000006b44cce7,7.05
219,2019-08-03T02:06:03Z,126e7fa4dd9205201617bdc0c7c346bfb57e1a75d3d7d3d9c260d51b,60.16897,24.95222,00000000aa852af1,27.28
220,2019-08-03T02:06:03Z,14c7e1511b70f4dd3359cbece1377aebb4d70531f5489eefe53d7c3c,60.16544,24.95398,0000000038d83d41,21.87
221,2019-08-03T02:06:03Z,165ebbb4090d47319ae370f0d0854fdc1f6b79499f8b2e4d3c3533c0,60.16544,24.95398,0000000038d83d41,31.5
222,2019-08-03T02:06:03Z,1d513a9eda6958eaa6394ca7a03bb7c0beb946191e40ea22378b96fa,60.16762,24.95415,000000006b44cce7,14.89
223,2019-08-03T02:06:03Z,27391f5fe0d6372b87fd8909e6325800f7d4a552f40b0bad20ffa5f0,60.16762,24.95415,000000006b44cce7,17.4
224,2019-08-03T02:06:03Z,297c725b456ef12d2712634b21546721cbe93224d3a5762d897404f2,60.16762,24.95415,000000006b44cce7,23.56
225,2019-08-03T02:06:03Z,2a93b61a3863ace54349d7a0937e4134fcc6d4dfcf064eefae2b7cf8,60.15432,24.9211,0000000019fb59c4,11.7
226,2019-08-03T02:06:03Z,2af9f18ec38ddcce3e687bdf1a0e3d95da68f65a2028ee4a3bdeddab,60.15432,24.9211,0000000019fb59c4,16.1
227,2019-08-03T02:06:03Z,2eb6062cfc73a77cecd6824d22e10f5ed93f936acbf6aee6080553b1,60.17002,24.94407,000000006b087f40,25.36
228,2019-08-03T02:06:03Z,3193ebc4e01b4451b1242fd69a62b4a3af31c0150312780985ad1d1a,60.16762,24.95415,000000006b44cce7,11.7
229,2019-08-03T02:06:03Z,43b676ed3aef4c2d8846694817e76117873be52e7f788e0cb366c1c4,60.16629,24.95957,00000000fb7600be,23.56
230,2019-08-03T02:06:03Z,52f6a3a3aa57239ef1fb406b6d276ffea0771b2d59b02598092b8971,60.16762,24.95415,000000006b44cce7,21.87
231,2019-08-03T02:06:03Z,5bbb5184fded3e51bc78e45e39917794285e6bbc72da404802a9599a,60.16531,24.9442,00000000fdda10fe,23.56
232,2019-08-03T02:06:03Z,5d65719c4cbf045f068d084b72302f447d5fd034413d97d13be00d0e,60.18203,24.91341,00000000342570c2,18.79
233,2019-08-03T02:06:03Z,5eed115a984d490b02b602d73787aee8dc8c4e9365b77fbff3818a76,60.16629,24.95957,00000000fb7600be,25.36
234,2019-08-03T02:06:03Z,6066632ddc94b5c482a2d4f45ed2532e55e3fd63e414a084a596a737,60.16762,24.95415,000000006b44cce7,23.56
235,2019-08-03T02:06:03Z,62fa943d746611086eb67e006bbb6746f7928adcf586aa6dbad35090,60.16762,24.95415,000000006b44cce7,20.28
236,2019-08-03T02:06:03Z,66dabd3229229330d23c70e9e1737429ddfe69db01f4a6a00f70fa20,60.16762,24.95415,000000006b44cce7,21.87
237,2019-08-03T02:06:03Z,6ff437688c444238352c28f64f9d2a7d0f14d19c9ea42c225380501e,60.16762,24.95415,000000006b44cce7,20.28
238,2019-08-03T02:06:03Z,747f2d1ebff218c0ebbdc0fdaef4cbe56633dfb46ae1b1f8c8142201,60.16762,24.95415,000000006b44cce7,17.4
239,2019-08-03T02:06:03Z,87dfaad29a9276ddddb1fa021d3bc23ad14824c1af16f7d87e713689,60.14951,24.92138,0000000006dd41f6,7.69
240,2019-08-03T02:06:03Z,89982a6acf91b79a282a6b63978e946ee205f303fcd20e944e06baf0,60.16544,24.95398,0000000038d83d41,29.32
241,2019-08-03T02:06:03Z,8b0535dd90c15c8fd1b256e7a48369741b0fe9d58f8f05f6e46134b7,60.16544,24.95398,0000000038d83d41,31.5
242,2019-08-03T02:06:03Z,8c75c3289c84fe4493e1e272a77b615fe1985880c5dc68a7c1a17b53,60.16762,24.95415,000000006b44cce7,12.69
243,2019-08-03T02:06:03Z,8ff60f950161ed884860c37d18e95c683a57d568528f4083008a5dd8,60.15432,24.9211,0000000019fb59c4,14.89
244,2019-08-03T02:06:03Z,91c0db5a8cd889a1464ea18808322bd2e22fd8c273667c689d23c9eb,60.16629,24.95957,00000000fb7600be,25.36
245,2019-08-03T02:06:03Z,91d3b80de4439a4a49ddb8a04d72a0a2ec6c08f351d70232842af567,60.16762,24.95415,000000006b44cce7,23.56
246,2019-08-03T02:06:03Z,94512cd21b284eddaddc0be0d385bf5072dbeaa7e3eb345b3c161aa6,60.16762,24.95415,000000006b44cce7,16.1
247,2019-08-03T02:06:03Z,9843c6216661048343a0e49cf3d8aa2883cf77f452666a1c873a1052,60.16448,24.97323,0000000053c6c2be,16.1
248,2019-08-03T02:06:03Z,a0972d97514e29907d2ba46aa19e778b1b09a7e4eda4cf9e59e50cf7,60.14947,24.91438,000000004ef3150d,27.28
249,2019-08-03T02:06:03Z,a91d379a4b57c5df22db0d7a041ff69f657b4b31f28554b1011fc03c,60.16544,24.95398,0000000038d83d41,29.32
250,2019-08-03T02:06:03Z,b33ae7715d6d2571066655c2c8954a5a364b5601869047de83410d9f,60.16629,24.95957,00000000fb7600be,25.36
251,2019-08-03T02:06:03Z,b4faf2d3c4d2b199afeab6ab63b583fe3a2e81e14abbef6917f25129,60.15432,24.9211,0000000019fb59c4,12.69
252,2019-08-03T02:06:03Z,b5fd6b317890e5ab2d79e2cd1abe61626d45a753c7337d0d40728898,60.16762,24.95415,000000006b44cce7,12.69
253,2019-08-03T02:06:03Z,bb52abe4edeb7604c7a55e84373a051fe6adeac1849883eb0877f237,60.15432,24.9211,0000000019fb59c4,9.92
254,2019-08-03T02:06:03Z,bb98768dad0f7c52cf643f035a3e7e48f5cfe28557c66f2a75914b31,60.15432,24.9211,0000000019fb59c4,16.1
255,2019-08-03T02:06:03Z,c40c37def6bf11a63a2556519a7c6233fd417cdeea2cf14f28e7c42c,60.16531,24.9442,00000000fdda10fe,18.79
256,2019-08-03T02:06:03Z,cf05623e4d87ce0906c0b0b7dbf53aacc1228016cd27c341228b6e76,60.18203,24.91341,00000000342570c2,17.4
257,2019-08-03T02:06:03Z,ea2af410359f5c862dbc71554cc0b6ea29d823a91db3209fcd2a8c76,60.16762,24.95415,000000006b44cce7,9.12
258,2019-08-03T02:06:03Z,ed70dda6b7faebd4340dacdb452ab224d9d3c308df417b7fa76f54e8,60.14951,24.92138,0000000006dd41f6,21.87
259,2019-08-03T02:06:03Z,f088630d7476dae7d4b7e2bb1f10575f2c89acb4b6e061f3d57c2b40,60.16531,24.9442,00000000fdda10fe,21.87
260,2019-08-03T02:06:03Z,fa174c07354fca0bb5a193097c3a41f5c79ba61efc1b2f1dd7ae2312,60.16762,24.95415,000000006b44cce7,12.69
261,2019-08-03T02:06:03Z,fc4f3a44235f1cfc7b53f14ba2da599976a5a0a220d23b852688e485,60.17919,24.95181,000000007b5207b6,29.32
262,2019-08-03T02:06:03Z,043a655959e4a843e667ea56f161cd394e22c03199dadd4652a62cad,60.16762,24.95415,000000006b44cce7,33.81
263,2019-08-03T02:06:03Z,19b34b8b5afe153b7760fdcc52a47b80d010dd93917eb6ee98edbb3a,60.14699,24.922,00000000a53ed894,33.81
264,2019-08-03T02:06:03Z,1dff54dff288c66a6ec569c61023397abe2c243da5b2d5bd91e5de8e,60.17918,24.95141,00000000675d5200,13.75
265,2019-08-03T02:06:03Z,2142821dbdfd0c8de0dfc0067db2d17aa9b3989b72fc0f1e8db8cf04,60.15432,24.9211,0000000019fb59c4,17.4
266,2019-08-03T02:06:03Z,2b32f7c4ca8e8d620d956253ba0d94f3c9d161b4f87f0e5dd4a432dc,60.16531,24.9442,00000000fdda10fe,10.78
267,2019-08-03T02:06:03Z,2f0b4b2937a9509e03a400a49c98006a7b39c493181c82feaa469018,60.17002,24.94407,000000006b087f40,21.87
268,2019-08-03T02:06:03Z,31e2526b7164541832397c17f4f2ef3ecfe49306186bbaa02f1a3c58,60.16762,24.95415,000000006b44cce7,7.05
269,2019-08-03T02:06:03Z,3c72aa4c84ba34a5fa05b115513f07d6669a896263fb9c7689f02f47,60.16829,24.94214,00000000afef4555,20.28
270,2019-08-03T02:06:03Z,47fb1d44ab56f44efe34dd9a1922020359bb39f796a900b4496a548a,60.16531,24.9442,00000000fdda10fe,25.36
271,2019-08-03T02:06:03Z,48623ac81d1a71628cb26d880708581d6fddc022db81612f760886cd,60.16762,24.95415,000000006b44cce7,25.36
272,2019-08-03T02:06:03Z,5230e2ce6c62b7b710a3be3bd042b47fc8148e92cb4223fbfc1a7931,60.14947,24.91438,000000004ef3150d,12.69
273,2019-08-03T02:06:03Z,584cb0b0cdd14e608c8b57c8aecc9826f9b40027e365e2438a444ea2,60.16762,24.95415,000000006b44cce7,12.69
274,2019-08-03T02:06:03Z,5e2d9c0c4f9ab0a0e54af42388a38b904d7724d881d915bb04ef6bee,60.149,24.9843,00000000fffb8cf0,27.28
275,2019-08-03T02:06:03Z,69456ed815ff41927f357ed9ee2f32ad417de5cda0631ab73f18b0d8,60.17918,24.95141,00000000675d5200,8.38
276,2019-08-03T02:06:03Z,7951ac7eee04d20d49abde86360e4034ea5929b333bd2a97a144bcae,60.16448,24.97323,0000000053c6c2be,33.81
277,2019-08-03T02:06:03Z,7cd7a8d55492afb61685cb36c02d640def35a8b513f0fd74c590d541,60.16829,24.94214,00000000afef4555,23.56
278,2019-08-03T02:06:03Z,a2ac1467ab9f11d48d81d5e5a1155db28e99b3dd5cf351cdb2c2cac2,60.17002,24.94407,000000006b087f40,21.87
279,2019-08-03T02:06:03Z,affa2466329704f2d3b850793bda83528696be8b680ca82d51faf48f,60.14947,24.91438,000000004ef3150d,29.32
280,2019-08-03T02:06:03Z,b26e8e2edf8fcb191b7a1955105e5052e63773371edac91bb146ff61,60.16531,24.9442,00000000fdda10fe,13.75
281,2019-08-03T02:06:03Z,c924fb0d73163e32e1060359c74576c32d1fae62f41ee39e245d88bf,60.16829,24.94214,00000000afef4555,20.28
282,2019-08-03T02:06:03Z,cf3f9c1ba16497d5d932b993eab9560105fe70d2b9db3b0ee22b455b,60.16629,24.95957,00000000fb7600be,17.4
283,2019-08-03T02:06:03Z,f5ffde247ebb9e2f0eac4e5c37b302123cc57e3bf50945819996314a,60.16762,24.95415,000000006b44cce7,5.91
284,2019-08-03T02:06:03Z,f9399339c3de44774896319d3f291771cebcaf2666df1d6062469882,60.16531,24.9442,00000000fdda10fe,23.56
285,2019-08-03T02:06:04Z,072dc794e212cfe9866e1242d801701f299d36f4aea2da25e22246cc,60.16762,24.95415,000000006b44cce7,7.69
286,2019-08-03T02:06:04Z,126e7fa4dd9205201617bdc0c7c346bfb57e1a75d3d7d3d9c260d51b,60.16897,24.95222,00000000aa852af1,12.69
287,2019-08-03T02:06:04Z,129dad6828fb3e17a08cbc4f37bc09bbf2759d63eefc3cd646806e36,60.16897,24.95222,00000000aa852af1,25.36
288,2019-08-03T02:06:04Z,14c7e1511b70f4dd3359cbece1377aebb4d70531f5489eefe53d7c3c,60.16544,24.95398,0000000038d83d41,20.28
289,2019-08-03T02:06:04Z,1d513a9eda6958eaa6394ca7a03bb7c0beb946191e40ea22378b96fa,60.16762,24.95415,000000006b44cce7,13.75
290,2019-08-03T02:06:04Z,27391f5fe0d6372b87fd8909e6325800f7d4a552f40b0bad20ffa5f0,60.16762,24.95415,000000006b44cce7,21.87
291,2019-08-03T02:06:04Z,297c725b456ef12d2712634b21546721cbe93224d3a5762d897404f2,60.16762,24.95415,000000006b44cce7,21.87
292,2019-08-03T02:06:04Z,2a93b61a3863ace54349d7a0937e4134fcc6d4dfcf064eefae2b7cf8,60.15432,24.9211,0000000019fb59c4,13.75
293,2019-08-03T02:06:04Z,2af9f18ec38ddcce3e687bdf1a0e3d95da68f65a2028ee4a3bdeddab,60.15432,24.9211,0000000019fb59c4,16.1
294,2019-08-03T02:06:04Z,43b676ed3aef4c2d8846694817e76117873be52e7f788e0cb366c1c4,60.16629,24.95957,00000000fb7600be,21.87
295,2019-08-03T02:06:04Z,52f6a3a3aa57239ef1fb406b6d276ffea0771b2d59b02598092b8971,60.16762,24.95415,000000006b44cce7,23.56
296,2019-08-03T02:06:04Z,5bbb5184fded3e51bc78e45e39917794285e6bbc72da404802a9599a,60.16531,24.9442,00000000fdda10fe,25.36
297,2019-08-03T02:06:04Z,5d65719c4cbf045f068d084b72302f447d5fd034413d97d13be00d0e,60.18203,24.91341,00000000342570c2,18.79
298,2019-08-03T02:06:04Z,5eed115a984d490b02b602d73787aee8dc8c4e9365b77fbff3818a76,60.16629,24.95957,00000000fb7600be,18.79
299,2019-08-03T02:06:04Z,6066632ddc94b5c482a2d4f45ed2532e55e3fd63e414a084a596a737,60.16762,24.95415,000000006b44cce7,14.89
300,2019-08-03T02:06:04Z,62fa943d746611086eb67e006bbb6746f7928adcf586aa6dbad35090,60.16762,24.95415,000000006b44cce7,20.28
301,2019-08-03T02:06:04Z,66dabd3229229330d23c70e9e1737429ddfe69db01f4a6a00f70fa20,60.16762,24.95415,000000006b44cce7,23.56
302,2019-08-03T02:06:04Z,6ff437688c444238352c28f64f9d2a7d0f14d19c9ea42c225380501e,60.16762,24.95415,000000006b44cce7,20.28
303,2019-08-03T02:06:04Z,747f2d1ebff218c0ebbdc0fdaef4cbe56633dfb46ae1b1f8c8142201,60.16762,24.95415,000000006b44cce7,23.56
304,2019-08-03T02:06:04Z,77839e655f856d5295739c2388237a95b399c3b8a4f659cd1345d939,60.16829,24.94214,00000000afef4555,25.36
305,2019-08-03T02:06:04Z,7a3db40d91e137d1381ac690a78039878e0baa317ed9a7cd6882df27,60.16762,24.95415,000000006b44cce7,31.5
306,2019-08-03T02:06:04Z,87dfaad29a9276ddddb1fa021d3bc23ad14824c1af16f7d87e713689,60.14951,24.92138,0000000006dd41f6,9.92
307,2019-08-03T02:06:04Z,89982a6acf91b79a282a6b63978e946ee205f303fcd20e944e06baf0,60.16544,24.95398,0000000038d83d41,29.32
308,2019-08-03T02:06:04Z,8c75c3289c84fe4493e1e272a77b615fe1985880c5dc68a7c1a17b53,60.16762,24.95415,000000006b44cce7,9.92
309,2019-08-03T02:06:04Z,8ff60f950161ed884860c37d18e95c683a57d568528f4083008a5dd8,60.15432,24.9211,0000000019fb59c4,27.28
310,2019-08-03T02:06:04Z,91c0db5a8cd889a1464ea18808322bd2e22fd8c273667c689d23c9eb,60.16629,24.95957,00000000fb7600be,23.56
311,2019-08-03T02:06:04Z,94512cd21b284eddaddc0be0d385bf5072dbeaa7e3eb345b3c161aa6,60.16762,24.95415,000000006b44cce7,13.75
312,2019-08-03T02:06:04Z,9843c6216661048343a0e49cf3d8aa2883cf77f452666a1c873a1052,60.16448,24.97323,0000000053c6c2be,23.56
313,2019-08-03T02:06:04Z,a91d379a4b57c5df22db0d7a041ff69f657b4b31f28554b1011fc03c,60.16544,24.95398,0000000038d83d41,29.32
314,2019-08-03T02:06:04Z,b33ae7715d6d2571066655c2c8954a5a364b5601869047de83410d9f,60.16629,24.95957,00000000fb7600be,20.28
315,2019-08-03T02:06:04Z,b4faf2d3c4d2b199afeab6ab63b583fe3a2e81e14abbef6917f25129,60.15432,24.9211,0000000019fb59c4,13.75
316,2019-08-03T02:06:04Z,b5fd6b317890e5ab2d79e2cd1abe61626d45a753c7337d0d40728898,60.16762,24.95415,000000006b44cce7,9.92
317,2019-08-03T02:06:04Z,bb52abe4edeb7604c7a55e84373a051fe6adeac1849883eb0877f237,60.15432,24.9211,0000000019fb59c4,9.92
318,2019-08-03T02:06:04Z,bb98768dad0f7c52cf643f035a3e7e48f5cfe28557c66f2a75914b31,60.15432,24.9211,0000000019fb59c4,17.4
319,2019-08-03T02:06:04Z,c40c37def6bf11a63a2556519a7c6233fd417cdeea2cf14f28e7c42c,60.16531,24.9442,00000000fdda10fe,29.32
320,2019-08-03T02:06:04Z,cf05623e4d87ce0906c0b0b7dbf53aacc1228016cd27c341228b6e76,60.18203,24.91341,00000000342570c2,25.36
321,2019-08-03T02:06:04Z,da3f8a9924ac789c223fe629d063aa23403ffed3bf8166bd44e4d0d0,60.16762,24.95415,000000006b44cce7,21.87
322,2019-08-03T02:06:04Z,ea2af410359f5c862dbc71554cc0b6ea29d823a91db3209fcd2a8c76,60.16762,24.95415,000000006b44cce7,13.75
323,2019-08-03T02:06:04Z,f088630d7476dae7d4b7e2bb1f10575f2c89acb4b6e061f3d57c2b40,60.16531,24.9442,00000000fdda10fe,29.32
324,2019-08-03T02:06:04Z,f7ef064a8eef6c0063849f43091e1037a0bb13b88f778ffa24e99413,60.16762,24.95415,000000006b44cce7,31.5
325,2019-08-03T02:06:04Z,fa174c07354fca0bb5a193097c3a41f5c79ba61efc1b2f1dd7ae2312,60.16762,24.95415,000000006b44cce7,13.75
326,2019-08-03T02:06:04Z,fc4f3a44235f1cfc7b53f14ba2da599976a5a0a220d23b852688e485,60.17919,24.95181,000000007b5207b6,16.1
