,time,hash,latitude,longitude,serial,distance
0,2019-08-04T12:41:00Z,0152988639aaaa9cc27213280c8f0c0c8ec97ae6a45aaaf743c9c25d,60.16544,24.95398,0000000038d83d41,38.87
1,2019-08-04T12:41:00Z,07d86ad98399440d0cc3bd3382a7256feb971e49a3686dc17f532e1c,60.16829,24.94214,00000000afef4555,25.36
2,2019-08-04T12:41:00Z,1142f5b6806b1ec7d8d47d47013eb530d8a7418f6934d8867b20966a,60.16829,24.94214,00000000afef4555,25.36
3,2019-08-04T12:41:00Z,14c7e1511b70f4dd3359cbece1377aebb4d70531f5489eefe53d7c3c,60.16544,24.95398,0000000038d83d41,25.36
4,2019-08-04T12:41:00Z,1599d2c9070a6f05e1a5887c2d9209214c04818c6203fe75440734f2,60.1538,24.95595,0000000038bf9618,18.79
5,2019-08-04T12:41:00Z,165ebbb4090d47319ae370f0d0854fdc1f6b79499f8b2e4d3c3533c0,60.16544,24.95398,0000000038d83d41,17.4
6,2019-08-04T12:41:00Z,16c994bb2e24124a910c247376d16e980a65626a94c4c0aaab27df60,60.16829,24.94214,00000000afef4555,23.56
7,2019-08-04T12:41:00Z,211f6b7b044343d0be369791b3fa3c144d0d0f391e2a42787712efb0,60.16448,24.97323,0000000053c6c2be,13.75
8,2019-08-04T12:41:00Z,21d09757012e8f7297d1de922f681bcc36581a3d7be770b42b3780a0,60.15432,24.9211,0000000019fb59c4,14.89
9,2019-08-04T12:41:00Z,25a7ff811c3c06e426c7c2cbb0433d9a2a3399b23afecbd35584ab0f,60.18203,24.91341,00000000342570c2,12.69
10,2019-08-04T12:41:00Z,2d3d031189abfaea69cd551a97b2b2d056a908f19bc56701010a2304,60.16897,24.95222,00000000aa852af1,14.89
11,2019-08-04T12:41:00Z,2e5e2eac7a17783a1e43da2fe5aef5541fb947978263e9480ff79b23,60.17002,24.94407,000000006b087f40,25.36
12,2019-08-04T12:41:00Z,43b676ed3aef4c2d8846694817e76117873be52e7f788e0cb366c1c4,60.16629,24.95957,00000000fb7600be,29.32
13,2019-08-04T12:41:00Z,44d0b94469070803869f229601e877beb613c3f5aafa009addf97a1a,60.16544,24.95398,0000000038d83d41,14.89
14,2019-08-04T12:41:00Z,5d65719c4cbf045f068d084b72302f447d5fd034413d97d13be00d0e,60.18203,24.91341,00000000342570c2,14.89
15,2019-08-04T12:41:00Z,5eed115a984d490b02b602d73787aee8dc8c4e9365b77fbff3818a76,60.16629,24.95957,00000000fb7600be,17.4
16,2019-08-04T12:41:00Z,69219e9efa41ae9e732653e9eaf08e1a34cb853a9dafe76ddeea4d04,60.16897,24.95222,00000000aa852af1,20.28
17,2019-08-04T12:41:00Z,6a70e2fbced719333e21eff04fcb9cb36bae9a04d1a3d6ddd96f2c58,60.15432,24.9211,0000000019fb59c4,8.38
18,2019-08-04T12:41:00Z,6f06341f358e61699fe1e55e986dd0554bc8da28b91daf0c5ad99db6,60.16629,24.95957,00000000fb7600be,29.32
19,2019-08-04T12:41:00Z,70d8572458a1a103555bab897b6443e601e0ed211414b15ad0b56f60,60.16544,24.95398,0000000038d83d41,25.36
20,2019-08-04T12:41:00Z,7678cdb86d454ca9ae52f22d97e635106585a3a046d01da4463695cc,60.18203,24.91341,00000000342570c2,17.4
21,2019-08-04T12:41:00Z,8468db43b6df433cf4f806fa750ab4ec625503fd4b89d96b5b6f1b1c,60.16075,24.95883,00000000f1124bca,5.41
22,2019-08-04T12:41:00Z,85ef35aecf2ff804be3d958b592705ec41c6df9c128c132c65bb283d,60.16897,24.95222,00000000aa852af1,21.87
23,2019-08-04T12:41:00Z,87dfaad29a9276ddddb1fa021d3bc23ad14824c1af16f7d87e713689,60.14951,24.92138,0000000006dd41f6,9.92
24,2019-08-04T12:41:00Z,88808fe92573e9cdf022cc15b9689b6b4b9429f60513c8897b0ba4c7,60.16897,24.95222,00000000aa852af1,13.75
25,2019-08-04T12:41:00Z,89982a6acf91b79a282a6b63978e946ee205f303fcd20e944e06baf0,60.16544,24.95398,0000000038d83d41,23.56
26,2019-08-04T12:41:00Z,8c3b1ed0846e38cc84b863a80540c8a75bfd85c8bdda36563d153110,60.16544,24.95398,0000000038d83d41,27.28
27,2019-08-04T12:41:00Z,8c75c3289c84fe4493e1e272a77b615fe1985880c5dc68a7c1a17b53,60.16762,24.95415,000000006b44cce7,13.75
28,2019-08-04T12:41:00Z,9843c6216661048343a0e49cf3d8aa2883cf77f452666a1c873a1052,60.16448,24.97323,0000000053c6c2be,12.69
29,2019-08-04T12:41:00Z,a8f8130135c784b027355228017bbfe99e5a6eecec153d44b78bedd3,60.16829,24.94214,00000000afef4555,16.1
30,2019-08-04T12:41:00Z,a91d379a4b57c5df22db0d7a041ff69f657b4b31f28554b1011fc03c,60.16544,24.95398,0000000038d83d41,33.81
31,2019-08-04T12:41:00Z,b5fd6b317890e5ab2d79e2cd1abe61626d45a753c7337d0d40728898,60.16762,24.95415,000000006b44cce7,14.89
32,2019-08-04T12:41:00Z,be41ebc5fb0d348fc1ef1166d44251c3112a78a4ea01aa980364ee7c,60.14699,24.922,00000000a53ed894,14.89
33,2019-08-04T12:41:00Z,c40c37def6bf11a63a2556519a7c6233fd417cdeea2cf14f28e7c42c,60.16531,24.9442,00000000fdda10fe,29.32
34,2019-08-04T12:41:00Z,ca6927628f5ddda20036865c9345ad93d476d62ade3b181de568eed6,60.16897,24.95222,00000000aa852af1,27.28
35,2019-08-04T12:41:00Z,ce197d5eedb5498917afe7ca3f7275ffeb191f0c5d050bffa154c1d2,60.16531,24.9442,00000000fdda10fe,29.32
36,2019-08-04T12:41:00Z,cf05623e4d87ce0906c0b0b7dbf53aacc1228016cd27c341228b6e76,60.18203,24.91341,00000000342570c2,18.79
37,2019-08-04T12:41:00Z,cfc0bedb78ded52749db3188cb188bf6a250ef5990da9c5afa9623fc,60.14951,24.92138,0000000006dd41f6,20.28
38,2019-08-04T12:41:00Z,d0a50f3001c258a38880550f6c0835fcaa85f0a6d36687dc5de98f3b,60.16629,24.95957,00000000fb7600be,23.56
39,2019-08-04T12:41:00Z,d366aa1925472f34a389921734c1777d6d7c2e812b0f284d78697edf,60.1538,24.95595,0000000038bf9618,41.64
40,2019-08-04T12:41:00Z,dcb7e8bb90af70568c12a902d706c70e1ac1213e31ba074756f0a27a,60.1538,24.95595,0000000038bf9618,50.98
41,2019-08-04T12:41:00Z,ded49640b591e73bff71f84fb99d2739eb6c9554164a015017725e03,60.16829,24.94214,00000000afef4555,13.75
42,2019-08-04T12:41:00Z,e8690c2d1711bc10f2d1251a3b5b1e770b98c66c384760400c604de1,60.16829,24.94214,00000000afef4555,18.79
43,2019-08-04T12:41:00Z,e8e366e76c97944e23c0f80b4fd3ce6e5832744922297146a49f0c7e,60.16762,24.95415,000000006b44cce7,11.7
44,2019-08-04T12:41:00Z,e96bd269a48b822b06141c3362fcb6d5ed4d0d09a120f2e4a712d5c2,60.16897,24.95222,00000000aa852af1,16.1
45,2019-08-04T12:41:00Z,efa8e25ea4c5ed441c13cffe6302f0a18f60181c6ede8e013f75a44c,60.16829,24.94214,00000000afef4555,14.89
46,2019-08-04T12:41:00Z,f088630d7476dae7d4b7e2bb1f10575f2c89acb4b6e061f3d57c2b40,60.16531,24.9442,00000000fdda10fe,27.28
47,2019-08-04T12:41:00Z,f405a7c4a3a4339f8e3f7e552f6492d6eed76f7d08c54943286213de,60.16762,24.95415,000000006b44cce7,13.75
48,2019-08-04T12:41:00Z,f6609ab1076b1105bb845595a03b41b8fbb282f79c337df5bbc9f841,60.14699,24.922,00000000a53ed894,9.12
49,2019-08-04T12:41:00Z,fc4f3a44235f1cfc7b53f14ba2da599976a5a0a220d23b852688e485,60.17919,24.95181,000000007b5207b6,31.5
50,2019-08-04T12:41:00Z,009ad4cd2bd97e04da44cc9789e6bdbdb899eded61d05b7d5634b7be,60.16829,24.94214,00000000afef4555,2.54
51,2019-08-04T12:41:00Z,00a07b1f8113691d8475c54082a14cdd54decf9845a90e75df8031a6,60.17065,24.93641,000000000f4919c9,20.28
52,2019-08-04T12:41:00Z,02290ce195d0c1a6f6c472f83372d8b189973a36922259ef2b595ec6,60.16829,24.94214,00000000afef4555,12.69
53,2019-08-04T12:41:00Z,032e5d7621738a50c9e742e0cba13c819f7c67cedf8687f3ab25595c,60.16762,24.95415,000000006b44cce7,16.1
54,2019-08-04T12:41:00Z,036c183505fea646b54aeb0c612913cafba94eca65e47d3c6d840a68,60.17919,24.95181,000000007b5207b6,20.28
55,2019-08-04T12:41:00Z,047489b4f5066d06c508a033c03746913f2f8b032370451231acaa7f,60.16762,24.95415,000000006b44cce7,13.75
56,2019-08-04T12:41:00Z,0479a26a59d65bf1dee05c06f4227a0ba63a6e9c9a09e7c34f2e06b4,60.14699,24.922,00000000a53ed894,9.92
57,2019-08-04T12:41:00Z,04b5d29c48edaaf4904a98e412562e3c0d857eb20342cc7c323d4293,60.16762,24.95415,000000006b44cce7,5.91
58,2019-08-04T12:41:00Z,04c3b487e8f6b938d4fcd30254edecafbe62a0d8d53ebc32d0151c6d,60.16762,24.95415,000000006b44cce7,13.75
59,2019-08-04T12:41:00Z,04f35922a81b516e7028f61c6ff34faf6da85df0a5cfcefb6df1861f,60.149,24.9843,00000000fffb8cf0,18.79
60,2019-08-04T12:41:00Z,05d441c83d2df822feaf93d7861452db7a201f22d84cfa36f421dfd2,60.16544,24.95398,0000000038d83d41,16.1
61,2019-08-04T12:41:00Z,0745a2141a9beee786a347d3ee1b071719fd2f4abfeeab7f5248c0ad,60.14699,24.922,00000000a53ed894,25.36
62,2019-08-04T12:41:00Z,08171a3d6565fe801fb5288c1100877c6835f5c3c9039afaebfa1cf1,60.149,24.9843,00000000fffb8cf0,20.28
63,2019-08-04T12:41:00Z,082bb64252a111bbbb2b4087bd115d2c38ac4660a73c922c72425120,60.16762,24.95415,000000006b44cce7,23.56
64,2019-08-04T12:41:00Z,0851ab74be2e888decf0046825f09ed302f7b2275e72b09b5b713d85,60.16829,24.94214,00000000afef4555,23.56
65,2019-08-04T12:41:00Z,0947f9d6bb6c34e382e008052b704b6521ac4f7678a2e8a719bb574b,60.15432,24.9211,0000000019fb59c4,33.81
66,2019-08-04T12:41:00Z,0952de1e75ca994bb018aaa22bee06785fe007f21f206e323740c94b,60.15133,24.92329,00000000e8a064a4,23.56
67,2019-08-04T12:41:00Z,09e6b7d5a7a9e691d686fb405bc2bfe0c9e5d525b47385d9235575e3,60.16897,24.95222,00000000aa852af1,9.92
68,2019-08-04T12:41:00Z,0a0acb70a8ef92be52a64d4425e70bb2f7a17d13942c3382c9d68878,60.149,24.9843,00000000fffb8cf0,2.3
69,2019-08-04T12:41:00Z,0a862920946d7a0dcbee7c1cf28a7b77c57763261788dbd361ed6409,60.14699,24.922,00000000a53ed894,14.89
70,2019-08-04T12:41:00Z,0aabf0df4c3c5b45bb8950c92dbe624985f19e8650ed61f92571a65a,60.14699,24.922,00000000a53ed894,5.91
71,2019-08-04T12:41:00Z,0b0dd9af9d52c68ff71ce266d6707abbb0f56c3c63be0f83f7b5df9b,60.16762,24.95415,000000006b44cce7,9.92
72,2019-08-04T12:41:00Z,0bad8118f8a466098f54b905a02772a035e6805532d1e7c7048f3093,60.16762,24.95415,000000006b44cce7,20.28
73,2019-08-04T12:41:00Z,0c905239b8c0e14cba671cf4d4d715d1045a30ee62a6285fb489dbb0,60.16829,24.94214,00000000afef4555,21.87
74,2019-08-04T12:41:00Z,0d0e661499ff245b29cce6a0bee9d4716c35738590a43b289dbfbe0e,60.1538,24.95595,0000000038bf9618,14.89
75,2019-08-04T12:41:00Z,0fe681ee4c4c70c99bbacaf42e0d3c9bffc5818eb71197978a94b021,60.16762,24.95415,000000006b44cce7,8.38
76,2019-08-04T12:41:00Z,1079de98d81ca59f568f6786745c1e4f7fe7b9501481607b3df44d83,60.14947,24.91438,000000004ef3150d,12.69
77,2019-08-04T12:41:00Z,10a99e791e27975dc1c9d73d3163cabacf3bd7bd05a4f7abf6365426,60.14699,24.922,00000000a53ed894,14.89
78,2019-08-04T12:41:00Z,10caaea8002e8b3b342b32710efdd7305ff375ca1cdc01411f66b2f6,60.14699,24.922,00000000a53ed894,16.1
79,2019-08-04T12:41:00Z,120a63917cb5ab619bf9a71328f14020736ee84e75d5b37278748def,60.16897,24.95222,00000000aa852af1,13.75
80,2019-08-04T12:41:00Z,13bcedb8c59b26417282929d81844b272c7c5bc295614f531219a8e4,60.14947,24.91438,000000004ef3150d,12.69
81,2019-08-04T12:41:00Z,13ee67fb034e3d24edc9a9618e9d6de24979ebbcb399f83abb02a897,60.14699,24.922,00000000a53ed894,4.5
82,2019-08-04T12:41:00Z,1423891c6ee1edc7da83904378a35aef2e5797db95b117651d676934,60.16762,24.95415,000000006b44cce7,6.46
83,2019-08-04T12:41:00Z,1515fbb735095b233eea332bf40cff9995758e9bd0ad60218875554b,60.14699,24.922,00000000a53ed894,14.89
84,2019-08-04T12:41:00Z,15c8c2ab70ffd0d669483e6b2e0094997b8975af22ae063ece71ce38,60.16762,24.95415,000000006b44cce7,13.75
85,2019-08-04T12:41:00Z,171a752ceacd35c6e27c36e67da80ba960a246c0977f0bdca139a472,60.14699,24.922,00000000a53ed894,17.4
86,2019-08-04T12:41:00Z,17af6ab252328066d6b13406084507dfa7a7f6db3030872e7f87223d,60.17065,24.93641,000000000f4919c9,25.36
87,2019-08-04T12:41:00Z,1882b53729765cca25bc63400074242872d6fbc57882f131285b277f,60.16829,24.94214,00000000afef4555,11.7
88,2019-08-04T12:41:00Z,19a2d8d1e3bb9684583dce257251b4e096a62ac52725add0cdb2925f,60.16897,24.95222,00000000aa852af1,17.4
89,2019-08-04T12:41:00Z,1a93dfa31156cee53b4bd527d8b74655a5da812b6933d8a86d871e47,60.14947,24.91438,000000004ef3150d,8.38
90,2019-08-04T12:41:00Z,1bcef866fafad7c7460a084e0b0d27c087b549f4ae704390708be47e,60.149,24.9843,00000000fffb8cf0,7.05
91,2019-08-04T12:41:00Z,1bf54c1e78a260db15066420940a08490ba26b0b04954e8ccae2180e,60.16629,24.95957,00000000fb7600be,27.28
92,2019-08-04T12:41:00Z,1c669457535e4635f732c228ec524f9d2c440b0d2132fa1acd93122a,60.16897,24.95222,00000000aa852af1,25.36
93,2019-08-04T12:41:00Z,1c7ccd5d6570d98e57ef2ebbd716b7504b138f9bb616fbeaa0d1a268,60.14699,24.922,00000000a53ed894,4.5
94,2019-08-04T12:41:00Z,1c97d2bebb0ebb21f9e68c4c27224b7f8d52178c0bf62341cd087e15,60.14699,24.922,00000000a53ed894,13.75
95,2019-08-04T12:41:00Z,1ca2a3dc3dfc4b7c43e5c2670f235bdd61b23459d91984dde3e5afff,60.14699,24.922,00000000a53ed894,16.1
96,2019-08-04T12:41:00Z,1de29ffd9360fbbeaef5c65201b5536524df17375122c5d2462b37ca,60.14947,24.91438,000000004ef3150d,13.75
97,2019-08-04T12:41:00Z,1e24a2120b13c780dbb3a67a73f5058d1847f126fd5f5952e6dddcd3,60.16075,24.95883,00000000f1124bca,20.28
98,2019-08-04T12:41:00Z,1ec58e626d2335aeeaa7c7d8f715d4334274dbd43448fb62c3901ef6,60.16829,24.94214,00000000afef4555,12.69
99,2019-08-04T12:41:00Z,1ec805e6df298c9e5c75dbe318deac0ae1598e592e37a563380c8be3,60.14951,24.92138,0000000006dd41f6,20.28
100,2019-08-04T12:41:00Z,1faaaeff6423708e06d94b904af4be93e399939fbdfd3b3091dc8bd2,60.15432,24.9211,0000000019fb59c4,23.56
101,2019-08-04T12:41:00Z,203a0c145a43c9a18f8c2a5ba4e18882e7430662bb4ac0e56ab37578,60.17065,24.93641,000000000f4919c9,12.69
102,2019-08-04T12:41:00Z,203ea7cefd45873084263df2b0f41ad7b2e8878222fb6a53c263c534,60.16829,24.94214,00000000afef4555,18.79
103,2019-08-04T12:41:00Z,20ac7b2ace7c0038aa8df01b9281a9c54f1551fc8ab9b662b1f1ca22,60.18203,24.91341,00000000342570c2,27.28
104,2019-08-04T12:41:00Z,21eb94b10f042f4f21566d3ee27d800fb6d899071739c0c5c1fa7af0,60.14699,24.922,00000000a53ed894,14.89
105,2019-08-04T12:41:00Z,2204ba387d2db0e7d2ca03f7ace46abff8d141668b73c75a1879d7ba,60.14947,24.91438,000000004ef3150d,8.38
106,2019-08-04T12:41:00Z,22fe9a06fba1036e8eafd726bc450095b1893be067f475e1882bb704,60.14699,24.922,00000000a53ed894,11.7
107,2019-08-04T12:41:00Z,231026899a6d5b326cb5b1e38b182ca1acb77c7e27bc2378973b29db,60.16629,24.95957,00000000fb7600be,25.36
108,2019-08-04T12:41:00Z,23337c2812924a07e4f0bbc92e56d1f85ea40208b6b987f4afc686cf,60.16897,24.95222,00000000aa852af1,11.7
109,2019-08-04T12:41:00Z,244b51aa4a7059ba782925258111c295aa4de9596025c55ccd5580ac,60.16829,24.94214,00000000afef4555,20.28
110,2019-08-04T12:41:00Z,257206d3f59df5c426a9c735f4741cba6d792de1cbafe62289d383d7,60.16897,24.95222,00000000aa852af1,21.87
111,2019-08-04T12:41:00Z,2607d1b2fc6e31a80348fffbed68a7d3a8e0212f197f2d1c573c587b,60.14947,24.91438,000000004ef3150d,6.46
112,2019-08-04T12:41:00Z,28b43564f7156b67db7cb7b779e948986d7610f921490f9030379704,60.16897,24.95222,00000000aa852af1,9.92
113,2019-08-04T12:41:00Z,28d2c3282e9f8fec67baec7992dcd800c45b67071e33cb118905a6b3,60.16829,24.94214,00000000afef4555,18.79
114,2019-08-04T12:41:00Z,2a47bdc66249162a9588347a6cbe7895fe798bb25c1194cd69fb1e8b,60.14699,24.922,00000000a53ed894,17.4
115,2019-08-04T12:41:00Z,2bc95bfe257249215913b47f8544606d478783f0530c688972c2f11f,60.16629,24.95957,00000000fb7600be,20.28
116,2019-08-04T12:41:00Z,2e2f4d1ad9ddc47800b58bfd6c1f08de22fdaa2157ec5f3f817246bf,60.16448,24.97323,0000000053c6c2be,10.78
117,2019-08-04T12:41:00Z,2ee2e108ed9051b1ccf4d3ee89931dfd53170af0b558fa6579b83e8d,60.15432,24.9211,0000000019fb59c4,21.87
118,2019-08-04T12:41:00Z,2f08dbfbbe5577f04ea9826f72d5452ddf5fd9bb892769382ea5a4ca,60.16762,24.95415,000000006b44cce7,9.12
119,2019-08-04T12:41:00Z,2fb7fccd391d578e735c66386708a35e4aa1a565b6dac8392a06aa4f,60.17065,24.93641,000000000f4919c9,29.32
120,2019-08-04T12:41:00Z,316d4f7b348ff897b6aa67f4c82f3fb434de968cce807d565e0467a4,60.16544,24.95398,0000000038d83d41,17.4
121,2019-08-04T12:41:00Z,32708990f2c831e65f70f2682baf5188fc93348b9a9e78ada8db2bf4,60.14947,24.91438,000000004ef3150d,10.78
122,2019-08-04T12:41:00Z,33634cb1e3fc5d4a621e8717d203da8533ed27531a70c6cbe3abf3fa,60.16762,24.95415,000000006b44cce7,7.69
123,2019-08-04T12:41:00Z,33ec502792a84f23fed03cf16e483d153c65e2850a2549f47034726a,60.16762,24.95415,000000006b44cce7,7.69
124,2019-08-04T12:41:00Z,3459042c03cbb672a039f7f14a6b99b84f839b0598f9e48bf4dd95f5,60.14699,24.922,00000000a53ed894,11.7
125,2019-08-04T12:41:00Z,34f282042837e6b8407c31fd6c880bdbb7071c56d76c4b6e5ba78819,60.14947,24.91438,000000004ef3150d,17.4
126,2019-08-04T12:41:00Z,34fddf0f4ea194b9720451d11a9de76225577536681d4f4b0a00b860,60.16829,24.94214,00000000afef4555,21.87
127,2019-08-04T12:41:00Z,352427714fc6e8591df6bd227dde05d3b7ba0881742eee4ae750dcc4,60.15432,24.9211,0000000019fb59c4,18.79
128,2019-08-04T12:41:00Z,358d7986d5bf2a0624fb1412a157b3c7b12f90653457e15a76bbdf50,60.16629,24.95957,00000000fb7600be,17.4
129,2019-08-04T12:41:00Z,35a958343879c000cfc3f0c01afbc7d54934265828677bf4aefef84f,60.14699,24.922,00000000a53ed894,9.12
130,2019-08-04T12:41:00Z,35e6e075578d7a51e510bf8904bde33f1d117264eea0917db98d4808,60.16897,24.95222,00000000aa852af1,7.69
131,2019-08-04T12:41:00Z,36f876050503d244f74f3cbadcef716904eb2b245190d474b0cfa794,60.16762,24.95415,000000006b44cce7,4.94
132,2019-08-04T12:41:00Z,3721331dbb97151d17938ed835ffc7208eba26fba6100c62870a3a4f,60.14947,24.91438,000000004ef3150d,3.09
133,2019-08-04T12:41:00Z,37945fa4e7409fab98aa8bde45081f5bd083def0059485274ad552c0,60.17919,24.95181,000000007b5207b6,12.69
134,2019-08-04T12:41:00Z,37b4192b51c9589b8791bc2e9f830dd541c0e77fd03e7a85a51b68e5,60.16544,24.95398,0000000038d83d41,16.1
135,2019-08-04T12:41:00Z,388cc7c522b659745d13c0c707774680483a0c8dc7f1266ab35d91e3,60.16544,24.95398,0000000038d83d41,13.75
136,2019-08-04T12:41:00Z,39310ebca1ad756aa2bfcb16c912cb7003ef3e7286a1f037603ade61,60.14699,24.922,00000000a53ed894,3.4
137,2019-08-04T12:41:00Z,39384affce73de5534e6b28e6757781ad6130ef205ee585f3c64b58e,60.14951,24.92138,0000000006dd41f6,18.79
138,2019-08-04T12:41:00Z,393a579e1c8efb19861f555f12040feeac853f37a2451116693e77aa,60.14699,24.922,00000000a53ed894,21.87
139,2019-08-04T12:41:00Z,39f03a3a5fd777feee270921a7f51daec12ea679b542b0aaf2e808d7,60.149,24.9843,00000000fffb8cf0,8.38
140,2019-08-04T12:41:00Z,3a6ce73ea4c03a14fc0d3d099e4698d3c1051a2e8e4bd552d5de394d,60.14947,24.91438,000000004ef3150d,7.05
141,2019-08-04T12:41:00Z,3abc507346480858d62b69d6e29c3b0700ac193520668e17a4ce7cbb,60.16762,24.95415,000000006b44cce7,17.4
142,2019-08-04T12:41:00Z,3b73bf57d223bcb9b930ee8619e6603e52485b221389c64d85614baf,60.16897,24.95222,00000000aa852af1,10.78
143,2019-08-04T12:41:00Z,3be48824225ca9f2aea5653f6ce21181a76e67a8d4b8361f0cba1f8a,60.14947,24.91438,000000004ef3150d,3.09
144,2019-08-04T12:41:00Z,3c11845576020a1135cb12cbf016a07b22cb58b147a78511ee42d0d1,60.16075,24.95883,00000000f1124bca,13.75
145,2019-08-04T12:41:00Z,3c21ef81eb62764c543cc53a1eb793a317f3443dd4838799b2dbd6ff,60.16629,24.95957,00000000fb7600be,21.87
146,2019-08-04T12:41:00Z,3c545ca8c42e2a9a876f2500f6aee220e5fe1c178dd132136643754b,60.16762,24.95415,000000006b44cce7,5.41
147,2019-08-04T12:41:00Z,3cfa9796e4fbf308505fca8b79beef145e09a8da172a768f2fdbb99a,60.16762,24.95415,000000006b44cce7,20.28
148,2019-08-04T12:41:00Z,3d26e1d1c042133ccb16301bbada637dd3dea1623426336738e0f1c0,60.149,24.9843,00000000fffb8cf0,8.38
149,2019-08-04T12:41:00Z,3e99999f43f3bd9e105e735eeb92531a4301e7f258c90535acfba9ae,60.16531,24.9442,00000000fdda10fe,23.56
150,2019-08-04T12:41:00Z,3ef78c4485a99bfa3d5e1df620f767b22e6c6583cefd990dee77f784,60.16762,24.95415,000000006b44cce7,16.1
151,2019-08-04T12:41:00Z,3f395809cdaaaa1688c7d1cc770079bbf7ef1349e148bec5c8eacd57,60.16762,24.95415,000000006b44cce7,10.78
152,2019-08-04T12:41:00Z,4126e6b01e07a8de94eb8b87f02ad2bdab1a191c8c0312dd1141a9eb,60.14951,24.92138,0000000006dd41f6,25.36
153,2019-08-04T12:41:00Z,42052b48fa907a3f9ad0a511096b057331f7a11a1be046a63fb9629e,60.14699,24.922,00000000a53ed894,17.4
154,2019-08-04T12:41:00Z,42168beaa0acd47be6bf8e4209edb348c9d27b18517c7420d454a24f,60.17065,24.93641,000000000f4919c9,25.36
155,2019-08-04T12:41:00Z,42690cd685dbeeacc0a755e6201e0b16137c1d49128c586642631c7e,60.16448,24.97323,0000000053c6c2be,27.28
156,2019-08-04T12:41:00Z,42d4eb6044091814f327d0b01dc9ae701506417af1a8ab7f4161650d,60.14951,24.92138,0000000006dd41f6,21.87
157,2019-08-04T12:41:00Z,42da4298ed9f522421f17714e024d9b8fe22e7546df3deeb8b139bd3,60.16075,24.95883,00000000f1124bca,4.94
158,2019-08-04T12:41:00Z,431375be6b9405ef55878f3aa0bb5dd6a35db8ba650a2bce05081c49,60.14947,24.91438,000000004ef3150d,9.12
159,2019-08-04T12:41:00Z,4533d27e96c5c6637ddff4243672d658fea4004970652882357105a9,60.14699,24.922,00000000a53ed894,11.7
160,2019-08-04T12:41:00Z,4547b56ce014395d163caf1a3f507d3d9b01b3d64d2fd0b0914f67b8,60.18203,24.91341,00000000342570c2,20.28
161,2019-08-04T12:41:00Z,457d11209b95b153efb57d8f2641f2db0823e91a0d608fa0555a5b69,60.14699,24.922,00000000a53ed894,4.94
162,2019-08-04T12:41:00Z,467a01a257fbaad22bd4aebafc8f284c9ad3effc429475e57c214e9d,60.14699,24.922,00000000a53ed894,7.05
163,2019-08-04T12:41:00Z,47b8aba771bed6ec3a7d57932c44fe859bcf6300054b3acc9d885105,60.14947,24.91438,000000004ef3150d,5.91
164,2019-08-04T12:41:00Z,47bc9ff9097f9ef5f1862e48b4a42f6a9ddd30c4ef2b6eb43291a7a5,60.14699,24.922,00000000a53ed894,11.7
165,2019-08-04T12:41:00Z,47cde44e4ddbf6c70162fa882eee962e7c3e2a037b650294ec46568f,60.14947,24.91438,000000004ef3150d,8.38
166,2019-08-04T12:41:00Z,48d0a198e7445da9f7df3cb2cedef7dc861fe850deff789f6ad61d36,60.14947,24.91438,000000004ef3150d,7.69
167,2019-08-04T12:41:00Z,48f665ebb1a71b0d84fc02bd71918c5ab5608328db534639cbd2a255,60.14947,24.91438,000000004ef3150d,5.41
168,2019-08-04T12:41:00Z,4926fec57d2640e18cb9d46deb64eba0255ca71b93116f4ae21e4288,60.16829,24.94214,00000000afef4555,13.75
169,2019-08-04T12:41:00Z,4a565a7be2bb822523480c6ca86154a466bf189290f87a0ef118f8b7,60.149,24.9843,00000000fffb8cf0,25.36
170,2019-08-04T12:41:00Z,4b1050cc517631e36206d3528399c0b14748daec8c7d1b5dfa412299,60.15432,24.9211,0000000019fb59c4,17.4
171,2019-08-04T12:41:00Z,4b85388cdaec2b4c15b546160ee326d9668a5e5d3c7b08d0c539946e,60.17919,24.95181,000000007b5207b6,12.69
172,2019-08-04T12:41:00Z,4be50f3eb033f3f46e3069049c8e0a34dc8a2607741c1764369ba4c2,60.16762,24.95415,000000006b44cce7,5.41
173,2019-08-04T12:41:00Z,4cadc8cc23fd84febb6a8383030a34c97b3388a8c9ed7a64cc0f51a6,60.14947,24.91438,000000004ef3150d,10.78
174,2019-08-04T12:41:00Z,4d35f03f4cb1cd21fbb173af8af5be5e233c63882fda53232da315f0,60.14699,24.922,00000000a53ed894,13.75
175,2019-08-04T12:41:00Z,4ebdb6165c5d4892cdc21711313b98b1545bececfb886192c6f0ef22,60.16762,24.95415,000000006b44cce7,12.69
176,2019-08-04T12:41:00Z,4f4940c5c77737c5b8f2fbd5a1b65886ea5f6e0e4fcd50447e11ce21,60.16075,24.95883,00000000f1124bca,16.1
177,2019-08-04T12:41:00Z,50e21d119f102cee2afe3ac7f1a32032527638769b05aca582d6ecb1,60.16762,24.95415,000000006b44cce7,12.69
178,2019-08-04T12:41:00Z,514a3981fad6c695ac4940f09374b5d1c2e84d2ca835084ef8707714,60.16075,24.95883,00000000f1124bca,4.11
179,2019-08-04T12:41:00Z,52072bd384eaaf4a6958af5510ed039d194dee47f34667bc7bccbe0e,60.14699,24.922,00000000a53ed894,9.12
180,2019-08-04T12:41:00Z,5263c8fd413ee308494f18228802330e278acc648b425bb454951db5,60.16075,24.95883,00000000f1124bca,1.88
181,2019-08-04T12:41:00Z,5274280f7558ea562d9ce825000efc025d2de6b91c62614cb68df2b1,60.14947,24.91438,000000004ef3150d,16.1
182,2019-08-04T12:41:00Z,52f0e69ca7a5cebe604c1f32308dc7f8870d1d85cd4b25ad17f706e9,60.14699,24.922,00000000a53ed894,7.05
183,2019-08-04T12:41:00Z,552e7d20be831c5ebfa503ba78ed542d6ece4ecad264308d5dc37a31,60.14699,24.922,00000000a53ed894,21.87
184,2019-08-04T12:41:00Z,5554305bad43a71cf98d83e92708c7474c1efc189392c1ea94231e9c,60.16531,24.9442,00000000fdda10fe,3.74
185,2019-08-04T12:41:00Z,560205233dc9b13886248fb6e54ee21dc3b287080072641e01e08dac,60.16075,24.95883,00000000f1124bca,23.56
186,2019-08-04T12:41:00Z,56b8eace741e5227a40ea0a64601a737648080c63d6240b0dca632c4,60.16075,24.95883,00000000f1124bca,12.69
187,2019-08-04T12:41:00Z,570dc61d53aec66ede39dfde66339640878453afc00cd1a55c60bca7,60.16544,24.95398,0000000038d83d41,20.28
188,2019-08-04T12:41:00Z,571934189bf349efb6f596e76c21612cf9b82ed44913090169936048,60.17065,24.93641,000000000f4919c9,12.69
189,2019-08-04T12:41:00Z,571e65d939060a58396de22fc44d8842fc9de986824670ad765ec596,60.16762,24.95415,000000006b44cce7,16.1
190,2019-08-04T12:41:00Z,57f88614f91a133004ac1a6dea31a4090f899646a5f62ece691d87af,60.16762,24.95415,000000006b44cce7,7.69
191,2019-08-04T12:41:00Z,5818762fe6f25ca8ecadae3f1862bbc7816860682ae2afa343fb85c8,60.173,24.92524,0000000096918cfa,31.5
192,2019-08-04T12:41:00Z,58411163d307bb308f9c94a9720e9ce5ab0ce4f5617cd2b1fcc2037a,60.16762,24.95415,000000006b44cce7,9.12
193,2019-08-04T12:41:00Z,584cb0b0cdd14e608c8b57c8aecc9826f9b40027e365e2438a444ea2,60.16762,24.95415,000000006b44cce7,12.69
194,2019-08-04T12:41:00Z,59877ef284214dfe0b2c083f64189c5fcf63aeff32538e30c60294fb,60.14699,24.922,00000000a53ed894,25.36
195,2019-08-04T12:41:00Z,5b102c62b98f29bd801e4dd0e9ddbc113db3faa38d59990b9ba5e9ec,60.173,24.92524,0000000096918cfa,21.87
196,2019-08-04T12:41:00Z,5bc8610f198c0ab38e4e89fd7f4828d032ca2a6ef97c2a17c79e296f,60.14699,24.922,00000000a53ed894,17.4
197,2019-08-04T12:41:00Z,5c160268bc9b4b619181ce421d9e58c258e6b59a342945fc29f0004b,60.14947,24.91438,000000004ef3150d,6.46
198,2019-08-04T12:41:00Z,5cd5117066c75a1cb83d3896a7eba3f3472e133f0013ea7d4e95daaa,60.14699,24.922,00000000a53ed894,5.91
199,2019-08-04T12:41:00Z,5d70086d53447ee393249cef33c7bae814c1d7c2e3055fc91b38786c,60.17919,24.95181,000000007b5207b6,17.4
200,2019-08-04T12:41:00Z,5e53be1d47b3cceeb6ea9406c75327379c8ee8abc68da605b7758e85,60.14947,24.91438,000000004ef3150d,13.75
201,2019-08-04T12:41:00Z,5ea49ba4de68e03664ec3a87f5de32434d7136b4f8323f022ff9df5b,60.16829,24.94214,00000000afef4555,16.1
202,2019-08-04T12:41:00Z,60d5c11436b72dd4eb673f606bddc3f8f36675342cba015b9297155f,60.16448,24.97323,0000000053c6c2be,20.28
203,2019-08-04T12:41:00Z,60d9b71ec38b796bf876dedfaf3112b49ff79677480c7603902857ae,60.14947,24.91438,000000004ef3150d,8.38
204,2019-08-04T12:41:00Z,614ab7fba7255f6bf6f888e9a04d589962f756b3f427e658f10014f2,60.16075,24.95883,00000000f1124bca,5.41
205,2019-08-04T12:41:00Z,6187e3415bcea985be770b4a90f3ed56fbfff1aa331759d34ccbd4ee,60.16897,24.95222,00000000aa852af1,21.87
206,2019-08-04T12:41:00Z,61dadc3bed7f3dda70dbe12fc6914b30c863945805046f66f43ec9a7,60.14947,24.91438,000000004ef3150d,21.87
207,2019-08-04T12:41:00Z,623a1746eaf8ae2f9a6eb28842e9699551c46f4b1c799eb6285f5a13,60.16762,24.95415,000000006b44cce7,13.75
208,2019-08-04T12:41:00Z,62a6fe2d9b3b5b4533c51253f8842428bd797b3c6a95a7816ec472ed,60.14947,24.91438,000000004ef3150d,18.79
209,2019-08-04T12:41:00Z,63a87f20dbfd068c086129312c165b6e9b1da2ea6c999be1dd1b8391,60.16762,24.95415,000000006b44cce7,13.75
210,2019-08-04T12:41:00Z,63d99db5b2b7360c501446ea5e89feba9bd1c6735a7670039916f2ad,60.1538,24.95595,0000000038bf9618,27.28
211,2019-08-04T12:41:00Z,63defb71d4c3856253a0a2d67a5c370b91ad0527703b334a63fe5344,60.14947,24.91438,000000004ef3150d,11.7
212,2019-08-04T12:41:00Z,641e8defb97171d160f062c4bc3e9d06346f10d5246e6aeac935e1a9,60.16897,24.95222,00000000aa852af1,25.36
213,2019-08-04T12:41:00Z,643ef3f01a51bea3c4510d4060a945cd510e5189236d68f5c9489034,60.16829,24.94214,00000000afef4555,1.7
214,2019-08-04T12:41:00Z,64638a9f9e6c9b32fc4b484b55e4934fcab6cb04605cc76d5f5534b7,60.17065,24.93641,000000000f4919c9,6.46
215,2019-08-04T12:41:00Z,64d86288e491374eed34c68c82763c2e5dbc87113cf5ca44f23233ba,60.16829,24.94214,00000000afef4555,21.87
216,2019-08-04T12:41:00Z,6503762f2cac51cc2b74da1efa6b16583ed11c9a528d7716b7829c0b,60.16829,24.94214,00000000afef4555,12.69
217,2019-08-04T12:41:00Z,6516a10850095847a8156717b0fba05a9bdc9b5bfedd691ddb07f119,60.14699,24.922,00000000a53ed894,12.69
218,2019-08-04T12:41:00Z,6525cc634176c25187e68e0d067bcfecfd78e399e93db4ee9d408b7e,60.17919,24.95181,000000007b5207b6,20.28
219,2019-08-04T12:41:00Z,655204cb507ea9ae811105cdcd766161facaa9f729017a333f102391,60.149,24.9843,00000000fffb8cf0,29.32
220,2019-08-04T12:41:00Z,6688790e10cbf0805c8bdc210412ed75d7999e61029da0b7ba29458e,60.16829,24.94214,00000000afef4555,18.79
221,2019-08-04T12:41:00Z,6723bebaab92d1a9f8b4318fd4f497a6dec6d7f8e0eafca443925213,60.16075,24.95883,00000000f1124bca,14.89
222,2019-08-04T12:41:00Z,675eacdf32b5b831fd118fc5539eea4b3cef4bd11e2e1706a9571222,60.16829,24.94214,00000000afef4555,2.54
223,2019-08-04T12:41:00Z,6774ed72eaf69d7c4aaeeef90990f969954155bbcc52652e75e7deef,60.16829,24.94214,00000000afef4555,9.92
224,2019-08-04T12:41:00Z,677c53ae4056d6cb123ca576ba5284664b1c7e3e88818bd19b5dd99a,60.17919,24.95181,000000007b5207b6,18.79
225,2019-08-04T12:41:00Z,6875e3632a29207e29ded33617e66d55de5d8c7804fecedd6f1dfe12,60.14699,24.922,00000000a53ed894,4.94
226,2019-08-04T12:41:00Z,69375ef968867906fc11b34d1e2c4b436d452cd47cb577a7f9e566ef,60.16762,24.95415,000000006b44cce7,4.94
227,2019-08-04T12:41:00Z,698b200b63a644828a7314691a16af2af1bccef75d52abb5591a5542,60.14699,24.922,00000000a53ed894,4.5
228,2019-08-04T12:41:00Z,69f1de5049f5731749defe893b8ae9ada4f5f788a994b8f7413ef657,60.17002,24.94407,000000006b087f40,17.4
229,2019-08-04T12:41:00Z,6b6668d7ebecfb96a6ed3ca19e97f8da150943ddf1d034675d08a9b8,60.14699,24.922,00000000a53ed894,14.89
230,2019-08-04T12:41:00Z,6b97071051ccf5db7e5ebee033d4f68d58ed6917ff2fac5b205a6605,60.17065,24.93641,000000000f4919c9,18.79
231,2019-08-04T12:41:00Z,6c7e018abdf8462af7c7b003bc30f915184f7082e9e865a2c502eed5,60.14699,24.922,00000000a53ed894,8.38
232,2019-08-04T12:41:00Z,6f3dd17e40daabb4efe868f1b859dc00ecc01846f0a0e2b8db5d1413,60.17919,24.95181,000000007b5207b6,11.7
233,2019-08-04T12:41:00Z,6fdf4cfc3a0774e204869ab43ef69c6306cc40c0fd8bbb0f8b505e3a,60.16829,24.94214,00000000afef4555,20.28
234,2019-08-04T12:41:00Z,6fdfc33c6b609ea80b4a38ecf657bc68b7bf659752b51edcc22ffb54,60.16762,24.95415,000000006b44cce7,13.75
235,2019-08-04T12:41:00Z,70c56152af84cf1bad4d19b0cb31202232b4cd4320ce5ea48895e42b,60.14947,24.91438,000000004ef3150d,11.7
236,2019-08-04T12:41:00Z,71479e7c1c4fd96468f16800ff04484480c76e0953d2074500b0df31,60.17919,24.95181,000000007b5207b6,29.32
237,2019-08-04T12:41:00Z,72231bca658d3a16f3bf9c26ba5f13393b8377e4ab0b9ed3de6c811f,60.14699,24.922,00000000a53ed894,13.75
238,2019-08-04T12:41:00Z,72e4de5ded503a6b09635fc51a720ce504c9e77552bc2ffae8d6cae3,60.14699,24.922,00000000a53ed894,11.7
239,2019-08-04T12:41:00Z,72ee53eb29f5a6840f7265c14354e5f6fec93d03847718301866eeb8,60.16762,24.95415,000000006b44cce7,12.69
240,2019-08-04T12:41:00Z,730fde77cae1d45cf3c0e1f270f47e6bf8cf719ec744282884801095,60.16897,24.95222,00000000aa852af1,16.1
241,2019-08-04T12:41:00Z,732235fff054f4f8fff8775b6c0d4fb0ca0f28c455a6fc86de24d162,60.14699,24.922,00000000a53ed894,16.1
242,2019-08-04T12:41:00Z,733f21ebebe353e10a55a74b40a0a480e6d276334d4f3d8bcf85b711,60.16075,24.95883,00000000f1124bca,16.1
243,2019-08-04T12:41:00Z,738ce77abafd1ca6f80e6f28e84d1b1886db4cfda3be6ffcdf52c1b1,60.14699,24.922,00000000a53ed894,13.75
244,2019-08-04T12:41:00Z,745e52dafbfa395ea41c5fcd0c2717b9091e44d19ab89e03991fdbb7,60.16762,24.95415,000000006b44cce7,10.78
245,2019-08-04T12:41:00Z,759f94c852ff15ca91c3138913c3858c4801702f8f0514ae82fb2a19,60.16897,24.95222,00000000aa852af1,18.79
246,2019-08-04T12:41:00Z,75e2d360144fffdbcff338b78102b5b86e55a6ca0822cc38539b023a,60.16762,24.95415,000000006b44cce7,17.4
247,2019-08-04T12:41:00Z,7664b7f08aaa059ecf6646a595c33fae0c80715febe63e31f45a4662,60.16762,24.95415,000000006b44cce7,12.69
248,2019-08-04T12:41:00Z,7710eccd13983db8899bd9b7c5b087af0c0580dd467b31f68bd49fa7,60.17002,24.94407,000000006b087f40,27.28
249,2019-08-04T12:41:00Z,777cceac7be6303a1c82f7cc68061528b01e3aa1b3aa6481cad9e5e3,60.16075,24.95883,00000000f1124bca,11.7
250,2019-08-04T12:41:00Z,77a12194b9a6789f4b2b8c07ae7fce3c2b531cb221e5fa7ca5deae55,60.16897,24.95222,00000000aa852af1,16.1
251,2019-08-04T12:41:00Z,7953eb6c982160df4a8fc08a35e892cfdfacf3438067866d2f21f841,60.16762,24.95415,000000006b44cce7,20.28
252,2019-08-04T12:41:00Z,79bb1e615a834d4f653cec7efc45ad5b4bbedf2a83c55b44c586ad0a,60.14947,24.91438,000000004ef3150d,4.11
253,2019-08-04T12:41:00Z,79bde23c1a8980f93a65e14306f0d8ea89e164430d8b991e2bfee82e,60.16531,24.9442,00000000fdda10fe,14.89
254,2019-08-04T12:41:00Z,79d26f15a82c94ac5d05e0f2b6a6beeae1f407972ec39665d7ab9535,60.16829,24.94214,00000000afef4555,7.05
255,2019-08-04T12:41:00Z,79f9a99adf4ab822a772ed093aea2e7fe2345d2156fe28b7fe2fe11f,60.16075,24.95883,00000000f1124bca,16.1
256,2019-08-04T12:41:00Z,7a0c0b525f2d3eed6c873bd3b8d27bede551fe4a428ac15c23deadae,60.16075,24.95883,00000000f1124bca,11.7
257,2019-08-04T12:41:00Z,7a4a06d20ebe57d94e5fceeaf47d5b56ad9a515818e9c20e21a80e61,60.16629,24.95957,00000000fb7600be,18.79
258,2019-08-04T12:41:00Z,7a97375000483176c3b37cc0d1744a950d9b322ce3534208fce0b21d,60.14699,24.922,00000000a53ed894,8.38
259,2019-08-04T12:41:00Z,7ab335e046f7f3597f8f615a90857885e35cfecefebd5d24bbf0af90,60.16075,24.95883,00000000f1124bca,14.89
260,2019-08-04T12:41:00Z,7ad93fed82e41ea4422fa101badc698b0328c3ebf0f6b73c5164d438,60.16897,24.95222,00000000aa852af1,14.89
261,2019-08-04T12:41:00Z,7af6672e274ebe27cdb785373a857fc5bcad92a386c36dbe3221d4f4,60.14947,24.91438,000000004ef3150d,14.89
262,2019-08-04T12:41:00Z,7b1c2b4a083f1544ffd4b5e2e87ab8a58a7bb64abb0f8ce3e53b2ed2,60.14699,24.922,00000000a53ed894,21.87
263,2019-08-04T12:41:00Z,7bb67bcf014747e5d826f95c610d36492f31095552417a0864475491,60.14951,24.92138,0000000006dd41f6,20.28
264,2019-08-04T12:41:00Z,7c3e30f8265c495083db66916242e1237a89a17dcdd165c2c4497700,60.149,24.9843,00000000fffb8cf0,25.36
265,2019-08-04T12:41:00Z,7d85ddf11c6bc0fefabdb00f6e37abd4f4f62ced6ce2f2031b44795e,60.17002,24.94407,000000006b087f40,14.89
266,2019-08-04T12:41:00Z,7d9a3d84c09c3a8d6876389e216e0278048d6b924890fb275a078ffb,60.16531,24.9442,00000000fdda10fe,0.71
267,2019-08-04T12:41:00Z,7e36fb1182193c51358dce0d239803bfdf30236f61f0352edbb1ad75,60.17065,24.93641,000000000f4919c9,25.36
268,2019-08-04T12:41:00Z,7f3c9dd2c7352cb81fb186a7d700841d2bcb47cd8ea0d5f8719b5908,60.16762,24.95415,000000006b44cce7,17.4
269,2019-08-04T12:41:00Z,7f786ec8e06f1ca3bdd10fc60d0114baf354125b8f6cf796d197f4cc,60.16075,24.95883,00000000f1124bca,3.74
270,2019-08-04T12:41:00Z,80cbcb887f3e351e3bef7c5f53dccc578cc3494feec514aed7015c0d,60.16075,24.95883,00000000f1124bca,4.11
271,2019-08-04T12:41:00Z,82411c6526228322a61f59259f13adf7cde62bd767587b6735867705,60.17919,24.95181,000000007b5207b6,6.46
272,2019-08-04T12:41:00Z,83073c017c8293e4b6eab781fbc2147fafa144d33b3618abd1ae5d90,60.17065,24.93641,000000000f4919c9,27.28
273,2019-08-04T12:41:00Z,83121a75723643c48e3c3b0a3ea5fccb532046432ca445833e8de06a,60.16762,24.95415,000000006b44cce7,7.05
274,2019-08-04T12:41:00Z,83e827ea070ed6a4107cd81c03e001aa1a5d76d22f7f5ac41e63e2e9,60.14947,24.91438,000000004ef3150d,12.69
275,2019-08-04T12:41:00Z,848fe01e24ccc782e5968171f53ea31d28f20a455c45d8bac8fb7374,60.173,24.92524,0000000096918cfa,23.56
276,2019-08-04T12:41:00Z,849a662d95d4185421aff7c6213ba5d7b84cfc58c9fb30ff34054e4c,60.16075,24.95883,00000000f1124bca,7.69
277,2019-08-04T12:41:00Z,84a2754d633d2364ab8245dd97ac58e0bfad70a8380a357871afcc01,60.17002,24.94407,000000006b087f40,18.79
278,2019-08-04T12:41:00Z,857f5ab05809fdb94740616b8d6662aa2458c4a6009e6f717f8933fb,60.17002,24.94407,000000006b087f40,20.28
279,2019-08-04T12:41:00Z,859b417d0b562f5c4ab33c3877c95cd7cbb332db91dcd0f4e7a4f3b6,60.14699,24.922,00000000a53ed894,13.75
280,2019-08-04T12:41:00Z,85d66944a64cfde859e7e08ca4b79f3b39d5b03141d500fe7ce73f7e,60.14699,24.922,00000000a53ed894,4.94
281,2019-08-04T12:41:00Z,85d67c3be46ecb66832dfd9090a931e1be3dd056f718ea6786622131,60.16897,24.95222,00000000aa852af1,20.28
282,2019-08-04T12:41:00Z,87bb1abe21abfcb5e5c2039e579cff7ca863a6019207db356de5b7c2,60.14699,24.922,00000000a53ed894,6.46
283,2019-08-04T12:41:00Z,8822ffe19dec49fe874ac377de5a0504e931e342ecc1f5b1fcb939e5,60.16897,24.95222,00000000aa852af1,16.1
284,2019-08-04T12:41:00Z,885bcc6af7d0aa9718fe1030e32ffff1de5171ae5ef67cf0011874fb,60.14947,24.91438,000000004ef3150d,8.38
285,2019-08-04T12:41:00Z,8947a5209f3b32173d3dc72792039edf94a2711741ab041b62b30643,60.16762,24.95415,000000006b44cce7,5.41
286,2019-08-04T12:41:00Z,896f7e896dc6f1ea44b82bf968a988cc10c358ee34821d9d7a4bd07a,60.14947,24.91438,000000004ef3150d,4.5
287,2019-08-04T12:41:00Z,8a08b2de43a9ef03cf96610718c908e69dcacc59f536a7135b7bb542,60.16629,24.95957,00000000fb7600be,9.92
288,2019-08-04T12:41:00Z,8acb351d2b6acbd61099205c5c497b7507c1a4da115c4b8fcaa8c930,60.16762,24.95415,000000006b44cce7,23.56
289,2019-08-04T12:41:00Z,8b641985c793a3f25a45b2460cb01f5baa6f339c6dd26ba7752d8a7a,60.16897,24.95222,00000000aa852af1,9.92
290,2019-08-04T12:41:00Z,8ba6cfc17ca70e8304994e018ebd5eb2003177062cde05925d5cacb3,60.173,24.92524,0000000096918cfa,17.4
291,2019-08-04T12:41:00Z,8bbf5422247a0a6be314130d8fd9ae1814401b75acf3b3ce2da9620c,60.14699,24.922,00000000a53ed894,9.92
292,2019-08-04T12:41:00Z,8d528b00553162a9dd47d2296d15b2fad89aad6a508424d4589618a1,60.14947,24.91438,000000004ef3150d,6.46
293,2019-08-04T12:41:00Z,8d73f674010f5cb02e8f20251ed86a9afcb7f6b3926039470296bd00,60.17065,24.93641,000000000f4919c9,29.32
294,2019-08-04T12:41:00Z,8d8a869e83fe2ac29e791666634a33af3ea4048ea4e752b6fb1e238c,60.14947,24.91438,000000004ef3150d,9.12
295,2019-08-04T12:41:00Z,8dcf139eb279bcc2696420ba9da858e361600ff02cd29587f66660ec,60.16897,24.95222,00000000aa852af1,13.75
296,2019-08-04T12:41:00Z,8edd2176e127f8d3baff43afa20a9869b1e3a4f6df8a0930b52064d1,60.14699,24.922,00000000a53ed894,16.1
297,2019-08-04T12:41:00Z,8f62b1c9da034390f954b636984feef9d7735e321ca625a4e715624f,60.16897,24.95222,00000000aa852af1,25.36
298,2019-08-04T12:41:00Z,9023a89a49a372e5f97cf86ef1b5de0164eb67cc10d394d383ab75fd,60.16829,24.94214,00000000afef4555,10.78
299,2019-08-04T12:41:00Z,920dc90f60b295267f63efc8f968408087b71878dc3f49f0ded1c41e,60.17919,24.95181,000000007b5207b6,16.1
300,2019-08-04T12:41:00Z,93a2100e233b204243f7e69b68dea7c9a145d1b5384bd18359bf87a3,60.16531,24.9442,00000000fdda10fe,2.08
301,2019-08-04T12:41:00Z,93e409819362e2429a43710ff4330bd3ed83011b73ae438dd7fb62d8,60.16762,24.95415,000000006b44cce7,13.75
302,2019-08-04T12:41:00Z,9575ef1c44f26f0301d726029c8b1c28011a4724496943451bee6544,60.14947,24.91438,000000004ef3150d,17.4
303,2019-08-04T12:41:00Z,9604244c18efd5978b809f021651f7743e0e64da38fcf3718f9b4f93,60.14699,24.922,00000000a53ed894,18.79
304,2019-08-04T12:41:00Z,97264f5808fa13851dacabf0c98525eec29849ff4b6a744cc777fd5b,60.16075,24.95883,00000000f1124bca,9.92
305,2019-08-04T12:41:00Z,9736a8a29aee134a307e0cd4221e9b0a2ab7c48befee43fc62e9f9bd,60.14699,24.922,00000000a53ed894,5.41
306,2019-08-04T12:41:00Z,9862cafd709b75d07c83b397773e0cf33564666cb81814bdbf5e54f2,60.16897,24.95222,00000000aa852af1,16.1
307,2019-08-04T12:41:00Z,987d01417bcff2d7f663704309df2ebdcdb035da3ddb085fab0cf928,60.16829,24.94214,00000000afef4555,14.89
308,2019-08-04T12:41:00Z,99753600aa90a43c336153dd03985a2996b7bc6052086f503020518c,60.14699,24.922,00000000a53ed894,13.75
309,2019-08-04T12:41:00Z,9a9db814dfa74ca2c2d51496299715310e81c6e6525cc9d2cb0762eb,60.16897,24.95222,00000000aa852af1,9.92
310,2019-08-04T12:41:00Z,9ac4c3176875b59567d28bf01df0c9490620902ff082fd0b93d15cb4,60.18203,24.91341,00000000342570c2,21.87
311,2019-08-04T12:41:00Z,9b8ce6fbe947328c891dfbc4d84b0a33b983d3a728e8289d7fb72962,60.15133,24.92329,00000000e8a064a4,25.36
312,2019-08-04T12:41:00Z,9ba6f9fb8bb950d16224b4182d3c3d8349a0f50619be329c165417e0,60.14947,24.91438,000000004ef3150d,8.38
313,2019-08-04T12:41:00Z,9bad872c31c8c5e53f064b5367350b41271d45ca8a9e508136622800,60.16897,24.95222,00000000aa852af1,10.78
314,2019-08-04T12:41:00Z,9bf4a5d763fa921335be6c141a0c9fd769fcb2f4c5b40b85a1c99c71,60.14699,24.922,00000000a53ed894,13.75
315,2019-08-04T12:41:00Z,a0db7e8063bede2dd55c2c6cf5111932617ecace670ff65314a7d349,60.16629,24.95957,00000000fb7600be,11.7
316,2019-08-04T12:41:00Z,a1b52cda133b45cf931b9e31d4037fb841f80432e99d6a000beeadc8,60.17002,24.94407,000000006b087f40,25.36
317,2019-08-04T12:41:00Z,a38a21a97a054541f0423f03758c70227116c05254958373e3e93ad0,60.14947,24.91438,000000004ef3150d,8.38
318,2019-08-04T12:41:00Z,a3d228482bfdd3dbdfaee1ff72b6ac00c2ee8c05e949047ce9117783,60.14699,24.922,00000000a53ed894,9.92
319,2019-08-04T12:41:00Z,a422a30ec1eb058c7930e1352297c161639faa5b3ca5f5fa47c4adb3,60.14947,24.91438,000000004ef3150d,7.05
320,2019-08-04T12:41:00Z,a4787b6f2d40f6190707f57bbc4805899cd1b06e2a89cf9a01441995,60.16829,24.94214,00000000afef4555,17.4
321,2019-08-04T12:41:00Z,a57caa482ee69e8fa5e65ac8e8a673ec8086a89a3896c3b5edb00f15,60.149,24.9843,00000000fffb8cf0,14.89
322,2019-08-04T12:41:00Z,a6158fc663b4931ef4e811a4acf62ab2f658241775e200b14684f87d,60.16897,24.95222,00000000aa852af1,25.36
323,2019-08-04T12:41:00Z,a6f944078dd26796f5a849ccb6fdf8a4436f913cf3302597c846462d,60.16762,24.95415,000000006b44cce7,4.5
324,2019-08-04T12:41:00Z,a7472d1b63171c047444981df223670390009e3ea502132d9963e9fb,60.14947,24.91438,000000004ef3150d,7.69
325,2019-08-04T12:41:00Z,a76d219c3abcc4ec3a54dd834263f9a24972c71be4c7bbbfc663f22f,60.14699,24.922,00000000a53ed894,5.91
326,2019-08-04T12:41:00Z,a794d97e26d3678bb11b4364880414bb7bfac4bb49d1867b37b489f7,60.14947,24.91438,000000004ef3150d,20.28
327,2019-08-04T12:41:00Z,a8bd45406d5913e098652d4c2d836339758e08d21bf5d88becabdd36,60.14947,24.91438,000000004ef3150d,9.92
328,2019-08-04T12:41:00Z,a9383e1c3d9b3355965662ff18ad95dfb64daa5d8e71fc20e7e50df7,60.14699,24.922,00000000a53ed894,20.28
329,2019-08-04T12:41:00Z,a96e9a3805def174e6ededa93b88ce312739d9d68941dffdeca03e9f,60.16762,24.95415,000000006b44cce7,13.75
330,2019-08-04T12:41:00Z,aa076c3f0d09145aebbb750dde9849ba4eb6759e92ba5753280184d6,60.16762,24.95415,000000006b44cce7,9.12
331,2019-08-04T12:41:00Z,aa6d51fc5411b69567cb854360c4a81267eac19446946eb27618306a,60.14699,24.922,00000000a53ed894,13.75
332,2019-08-04T12:41:00Z,aa93f3a81973a2673b57ffebd5d06d0afb6e8487a3d6c65e07b3cac6,60.16829,24.94214,00000000afef4555,23.56
333,2019-08-04T12:41:00Z,acdcc8ae1d1c6bb055dfc108154eae58b4b894f0ce1ff174c1065c7e,60.16762,24.95415,000000006b44cce7,1.54
334,2019-08-04T12:41:00Z,ad8af809ed47a3391bb53d11da159b3a8b0ddc264d94c049ce72bda0,60.17065,24.93641,000000000f4919c9,0.84
335,2019-08-04T12:41:00Z,aec4b11f0b1ec075878ca4a3b94da464f6fc96e330b913d5bfd346b0,60.16897,24.95222,00000000aa852af1,4.11
336,2019-08-04T12:41:00Z,aefdb2741d688503f8a51d5af7b715c1270e21331d0aa56b07ea3c23,60.149,24.9843,00000000fffb8cf0,33.81
337,2019-08-04T12:41:00Z,af2076810e26511562c652d7bb56794c120526dbd4919212167cc3ed,60.16897,24.95222,00000000aa852af1,21.87
338,2019-08-04T12:41:00Z,af64ca430076b1e91eeb89134e0e026479928845cbe1943bc56104c2,60.14947,24.91438,000000004ef3150d,10.78
339,2019-08-04T12:41:00Z,b06c7ebb0cc7182279f47fe99da297fb7bda883549cb7bbc05dff36f,60.16829,24.94214,00000000afef4555,25.36
340,2019-08-04T12:41:00Z,b0a4e64f8e9d69f9da53bdae4ea9fb3059a80907ea7383ffcc99048a,60.1538,24.95595,0000000038bf9618,23.56
341,2019-08-04T12:41:00Z,b0d94ef9ea9572719866fc0dad1f45c8712d2b6534bfe5ca3d3fefaf,60.16829,24.94214,00000000afef4555,25.36
342,2019-08-04T12:41:00Z,b12b27061f30d5659794f14cbed5e4726c5af1ef526611d3b2dded29,60.14947,24.91438,000000004ef3150d,13.75
343,2019-08-04T12:41:00Z,b3d99c04e3db6b698e6e54f19434461336954d0c15385bff6e557be8,60.173,24.92524,0000000096918cfa,16.1
344,2019-08-04T12:41:00Z,b523d3f8341906e4b3877ff7d9614b4e10d6bbf10afdcc6c53656c8f,60.17065,24.93641,000000000f4919c9,27.28
345,2019-08-04T12:41:00Z,b5d8021014bb7350201f685f5dfeece6b4bd925a63601fe8428a1e33,60.149,24.9843,00000000fffb8cf0,31.5
346,2019-08-04T12:41:00Z,b7039958be9f53a3eaed97f705a1974815f52f25226e920155397bec,60.16075,24.95883,00000000f1124bca,20.28
347,2019-08-04T12:41:00Z,b81e80c4efa2f6bf7a24861abfd0f0fb5672f1512dc7545a1d387f7f,60.16762,24.95415,000000006b44cce7,12.69
348,2019-08-04T12:41:00Z,b936adc4821ac74aa643564d0b86e3858f1ec392e3f43e92427d7edc,60.14699,24.922,00000000a53ed894,14.89
349,2019-08-04T12:41:00Z,b9c0ac0bb7310d92c296a8870603ebd12c0c632cfc2a1fa33092b337,60.16762,24.95415,000000006b44cce7,3.4
350,2019-08-04T12:41:00Z,baa222a8cd4bafd707316f5932b27c8a4aa5bca6b488ae3d59c3b0dc,60.17065,24.93641,000000000f4919c9,14.89
351,2019-08-04T12:41:00Z,bb0193f2b0ac4801fe82ed5cec75e687465d707d92e731047f81650f,60.1538,24.95595,0000000038bf9618,1.12
352,2019-08-04T12:41:00Z,bbaf028173308162290db328f64d6280c3a54be11015e9f4a63d8c47,60.16762,24.95415,000000006b44cce7,10.78
353,2019-08-04T12:41:00Z,bbe1e18f88cf88928067a0221965768c1f2ae264291cea564d7eb7e8,60.16897,24.95222,00000000aa852af1,5.91
354,2019-08-04T12:41:00Z,bbf8cd606b9732370f1c0ae0e68d6d0663a23102d831dd10c0e74819,60.16897,24.95222,00000000aa852af1,29.32
355,2019-08-04T12:41:00Z,bc07df8cc395f6f4f5d483b2233caca5f93a6918f346e4cc3702f8cc,60.16531,24.9442,00000000fdda10fe,12.69
356,2019-08-04T12:41:00Z,bcf688ec2e666179e52a495a8304dd7aaaf4acad52788a0929b287a2,60.14699,24.922,00000000a53ed894,12.69
357,2019-08-04T12:41:00Z,be21a77f983baae8e0ba646eda0988a618149dcc7ef4c303c35d5377,60.14947,24.91438,000000004ef3150d,5.41
358,2019-08-04T12:41:00Z,be52b901acbdb877b39a6d46af301e3105e19cea90b64ee92557ab55,60.17002,24.94407,000000006b087f40,23.56
359,2019-08-04T12:41:00Z,bf2e5725b255e320f1e8375ec03f55194f1fd9f751be9629d873a5c8,60.14699,24.922,00000000a53ed894,2.8
360,2019-08-04T12:41:00Z,bf992d3cd95a73f02d7223eaffe90a94e3e1e98a8c6759bab631b5b0,60.14947,24.91438,000000004ef3150d,6.46
361,2019-08-04T12:41:00Z,bfb985e209e3b6b03d7159a2013070ca0af1c1890a96dbe2e906b0ed,60.16762,24.95415,000000006b44cce7,14.89
362,2019-08-04T12:41:00Z,c0722f63618f97eb8ec4afac1a8538b81a3c87e623d753ad1201bf7c,60.16075,24.95883,00000000f1124bca,4.11
363,2019-08-04T12:41:00Z,c0a0ca3433586ed2ae0e448f2406fabac7292ac79d49562e0bd5cef8,60.16762,24.95415,000000006b44cce7,18.79
364,2019-08-04T12:41:00Z,c36d58ed0e0dddb3e26be1214e369db1c3fa3d4bcf8b53536a25239b,60.17065,24.93641,000000000f4919c9,4.5
365,2019-08-04T12:41:00Z,c633a260ce59bad4e1ca42f12936ed8ae57a40f5e6528dfb70052c43,60.16897,24.95222,00000000aa852af1,9.92
366,2019-08-04T12:41:00Z,c68c02229f2c658d55b76c15cf2816f538b896ce5d3c0ebfc2a90911,60.149,24.9843,00000000fffb8cf0,33.81
367,2019-08-04T12:41:00Z,c728eaa7734efeabe7f33c782081caa960fcced68160e285ee477916,60.14699,24.922,00000000a53ed894,14.89
368,2019-08-04T12:41:00Z,c7416c039513e3156222d936c483164a0914a3b5a5310985374f4767,60.17065,24.93641,000000000f4919c9,21.87
369,2019-08-04T12:41:00Z,c905a50dedd9b3d2114cde9160b7adf83adc09683b65598ce24c4047,60.1538,24.95595,0000000038bf9618,16.1
370,2019-08-04T12:41:00Z,c9955664a0945034b3937cfbb4ea68433bede99570911d6c5808bf71,60.149,24.9843,00000000fffb8cf0,18.79
371,2019-08-04T12:41:00Z,ca507a06be040b3e520339b63d5bd15463a1862124c4bd940d936e4a,60.16762,24.95415,000000006b44cce7,16.1
372,2019-08-04T12:41:00Z,cb3f05d5604f5532e039e6d40514b13aba8f6274d952bb17a8b801fc,60.15432,24.9211,0000000019fb59c4,13.75
373,2019-08-04T12:41:00Z,cc2cf42c6b14536fb92c810ff0e3dd5a3caa74236f14246a5b6e8cdc,60.16762,24.95415,000000006b44cce7,6.46
374,2019-08-04T12:41:00Z,cc3ab8b82d60cbeb3ccd635efb6cd12d127645ab3d03b73bcfec7455,60.16762,24.95415,000000006b44cce7,14.89
375,2019-08-04T12:41:00Z,cca4c469470383a073e2fc4aa7102906db6a8d478131e9a1420d96f2,60.16762,24.95415,000000006b44cce7,16.1
376,2019-08-04T12:41:00Z,cce6b6f309e43e2bb1be6a9784582a82891e976d0869d01040586d27,60.14947,24.91438,000000004ef3150d,7.69
377,2019-08-04T12:41:00Z,cd2346f3db5667fe43eb0d974ddf486ce9722fe427e98ee232d1ba12,60.14951,24.92138,0000000006dd41f6,25.36
378,2019-08-04T12:41:00Z,cd3e127e27387b6e06cdf27f46fb6046e4182e4d7b49b49c17167c1c,60.14947,24.91438,000000004ef3150d,9.12
379,2019-08-04T12:41:00Z,cd47b9ac851ce6b21df7b8e918554b0cb1a12d03da7e0aaf14e19314,60.14947,24.91438,000000004ef3150d,7.69
380,2019-08-04T12:41:00Z,cd4ecd3b83630f6e5d65f635804e47a1ceb82853aac36af30044f06a,60.149,24.9843,00000000fffb8cf0,13.75
381,2019-08-04T12:41:00Z,cd62fc5a92bd89f24a6e3d736d5511bf872859d762723b92f2092abc,60.16829,24.94214,00000000afef4555,14.89
382,2019-08-04T12:41:00Z,cd9b2be9ffb37c8b7c5c25f587c95b1c7932a21fb245487ea2f740d9,60.14699,24.922,00000000a53ed894,4.5
383,2019-08-04T12:41:00Z,ceb777dafa9b7e39125b89735b7f0cf22c3018eb0196043ac8160370,60.14699,24.922,00000000a53ed894,5.41
384,2019-08-04T12:41:00Z,cec994f57adea844759ff0f233c3d3e0f92f403bc955c41ab4f67224,60.16829,24.94214,00000000afef4555,8.38
385,2019-08-04T12:41:00Z,ced0425d382ce86b7565a8b7b36a453a0880a08ba10090524e6c1ac5,60.14699,24.922,00000000a53ed894,10.78
386,2019-08-04T12:41:00Z,cef1d06a10cfa08bcaef8b36535c2ec32c756a76cc0d5c2a1246f933,60.14699,24.922,00000000a53ed894,23.56
387,2019-08-04T12:41:00Z,cfa42322be0000cf89d8969d1b88ace0ba99cab721dd58d55d41a36e,60.17065,24.93641,000000000f4919c9,16.1
388,2019-08-04T12:41:00Z,cfc2a688ff31fbb1baac8790fb6d56dc7746ba2cf9e0e5f39d4751a4,60.14699,24.922,00000000a53ed894,3.74
389,2019-08-04T12:41:00Z,d0413da80c7714f40ffe50dcfb00039280c64ecebc61c59df72965e6,60.149,24.9843,00000000fffb8cf0,9.92
390,2019-08-04T12:41:00Z,d0aa228c2a3e6e1568e876cffc76874702e0f0f63f18533551bf02c1,60.16075,24.95883,00000000f1124bca,17.4
391,2019-08-04T12:41:00Z,d0cab2a2660dcc5cb99a9bdf39d2e6b31b7498985db1b50e48cb478d,60.18203,24.91341,00000000342570c2,25.36
392,2019-08-04T12:41:00Z,d2b1a7ead9aff41a8cb3fff6b7f4ee84a780b52aae2f3838b83447fc,60.16829,24.94214,00000000afef4555,17.4
393,2019-08-04T12:41:00Z,d38e88e5b926f9d1de6e326cca45116fcca11f10684c80876739c6cd,60.16075,24.95883,00000000f1124bca,9.12
394,2019-08-04T12:41:00Z,d3c0cff604283ea6adeabb4f867f3fcaf8ee41fd27fc600d33c4d70d,60.16075,24.95883,00000000f1124bca,27.28
395,2019-08-04T12:41:00Z,d64eda229ebb6012e59bc89eacb74918e404ce52f16b491f3d48e800,60.16897,24.95222,00000000aa852af1,17.4
396,2019-08-04T12:41:00Z,d6ecc3b600d62eb5df8a5dce23199779aa7aefc967f3a09f49c88186,60.16762,24.95415,000000006b44cce7,20.28
397,2019-08-04T12:41:00Z,d87210146aab139cc6640a20b428dce6ac516806a71a177b70e04f62,60.17065,24.93641,000000000f4919c9,8.38
398,2019-08-04T12:41:00Z,d8f93f7019ced3cf8ccc2946465e8113293e75498092e982fd45bbc5,60.16762,24.95415,000000006b44cce7,18.79
399,2019-08-04T12:41:00Z,daac051ca20430238282e179e0fe525b11ff1e8f1ace26d45b41f331,60.14947,24.91438,000000004ef3150d,33.81
400,2019-08-04T12:41:00Z,dc15145376f4a497910c8d2231d671bf62f1918ad93938a48fdc3eb4,60.149,24.9843,00000000fffb8cf0,13.75
401,2019-08-04T12:41:00Z,ddc8410b9e4ece4b995b789f95e526693bac176ed77092ba57355dc8,60.16762,24.95415,000000006b44cce7,3.74
402,2019-08-04T12:41:00Z,ddd849ee86afceedd5f5582ede84380d5596c9ea304d634ab0fd0de0,60.16829,24.94214,00000000afef4555,4.11
403,2019-08-04T12:41:00Z,de09fd8d15c3d7adbf440a3d0a418a3b476513c968bda8a4aa652adf,60.173,24.92524,0000000096918cfa,20.28
404,2019-08-04T12:41:00Z,de0d086ae32f87522eab31d3bc52545ed17b065889674963c0709568,60.16829,24.94214,00000000afef4555,23.56
405,2019-08-04T12:41:00Z,de84f754a3916c8f831b0bb8ea41fc2a42cdea2794558fece3c7ae97,60.1538,24.95595,0000000038bf9618,21.87
406,2019-08-04T12:41:00Z,e02c0f9f72e9f248a4b5df8af328e1a0132d4d8a72c1e603d14cdacd,60.18203,24.91341,00000000342570c2,18.79
407,2019-08-04T12:41:00Z,e0df847c19b463dec6cea35494d375ce136a276c6a785936c931f60f,60.18203,24.91341,00000000342570c2,21.87
408,2019-08-04T12:41:00Z,e1a443e10353da64728464e8a720aaf22a62b80d404f1acae1a1c6ee,60.1538,24.95595,0000000038bf9618,27.28
409,2019-08-04T12:41:00Z,e2d7945f2c60a0d0622aef6a266620cf09df2e3a66baf2d303464c90,60.1538,24.95595,0000000038bf9618,38.87
410,2019-08-04T12:41:00Z,e341e5e3e0b4fef8c3764508293310da5922b202d791694e43069ad1,60.16544,24.95398,0000000038d83d41,20.28
411,2019-08-04T12:41:00Z,e34bcebfa007159f3d2adb0e62e20fcf721a221f52bdfe2a6ad77831,60.18203,24.91341,00000000342570c2,16.1
412,2019-08-04T12:41:00Z,e35717ff07f32be5a2e1520f1855533f8dcc72cff7930c9cba9da32b,60.14947,24.91438,000000004ef3150d,6.46
413,2019-08-04T12:41:00Z,e3c03ee00a1bcd066f8b260cc5b9824d1118b7b7f972a818752aabc7,60.14947,24.91438,000000004ef3150d,5.41
414,2019-08-04T12:41:00Z,e621e7131322cca25ac9c09fde26ef4c94d2ba83c5679134b2bcf63d,60.16762,24.95415,000000006b44cce7,14.89
415,2019-08-04T12:41:00Z,e6f4e3d1f5e01888556b077224cb4d8f88d63306fff2388e3fd997d0,60.14951,24.92138,0000000006dd41f6,23.56
416,2019-08-04T12:41:00Z,e7cd5f775c7eea951719f351fcc25c710f857832d6f4b70a51b7b82d,60.16897,24.95222,00000000aa852af1,18.79
417,2019-08-04T12:41:00Z,e826dedac8582e619ce18cd7eed68be5ee1fc9ed37e191e06f916835,60.14947,24.91438,000000004ef3150d,9.92
418,2019-08-04T12:41:00Z,e84c3cf76509496cedd71bb89c4a6c35a27c96f037412cf2cdf25308,60.14699,24.922,00000000a53ed894,21.87
419,2019-08-04T12:41:00Z,e8edad8445fc4965a5c0eae45906480d83b15e61fc6139c7bdea1e33,60.14699,24.922,00000000a53ed894,9.12
420,2019-08-04T12:41:00Z,e9115410fa45db5a174eee008cae729dc69937a0e0b5a304899bf1b9,60.17065,24.93641,000000000f4919c9,21.87
421,2019-08-04T12:41:00Z,e92230dc6ed39c00fcf9869eab85626b72672a3722fc667270ef7764,60.16629,24.95957,00000000fb7600be,16.1
422,2019-08-04T12:41:00Z,e92eb020afcd7c1fad04690230ff8c2f005e404dd25b8dced1df30dd,60.16075,24.95883,00000000f1124bca,6.46
423,2019-08-04T12:41:00Z,e9e19621fc5cfcfed2c808bbadc6cc6dd31e28d3c04cef8b89ca2729,60.16075,24.95883,00000000f1124bca,18.79
424,2019-08-04T12:41:00Z,ea157e44ed100be3f782d8b3d8e5e0986079c588c9ea754b14917df0,60.16829,24.94214,00000000afef4555,6.46
425,2019-08-04T12:41:00Z,ea2f4d9799324f4cd2a6fcda1625b65acdbab9f6b8331c26f63beec2,60.16897,24.95222,00000000aa852af1,21.87
426,2019-08-04T12:41:00Z,eaa9924da1e700147607d5145e2b55b48b65deea922ee2e59bd1d5a7,60.173,24.92524,0000000096918cfa,7.69
427,2019-08-04T12:41:00Z,eac6fda3a18aa9ce55b6359f5c62a044e0bcd6bc3576c8cd815acf07,60.14699,24.922,00000000a53ed894,9.92
428,2019-08-04T12:41:00Z,ec424a10bcefb6e69c2eabf42534f06e7a10aa0cfb28f6478052cade,60.14699,24.922,00000000a53ed894,11.7
429,2019-08-04T12:41:00Z,ed79b42b7b79277b944e3800c2bf93fefe5be88fe6d0d2b52a944ea8,60.16762,24.95415,000000006b44cce7,14.89
430,2019-08-04T12:41:00Z,ef352dcaa8317b6a3c0a02cd8908dd13da5601cc66ba65c5fd8d031a,60.14947,24.91438,000000004ef3150d,8.38
431,2019-08-04T12:41:00Z,efb34de795db6f264e3952a38caeeb1f9639190c609e5af11b12cf58,60.14947,24.91438,000000004ef3150d,11.7
432,2019-08-04T12:41:00Z,efe8b6c6fdf0d2caccd589aaaa4f0228a80590ff9ec7961f2e92103d,60.16762,24.95415,000000006b44cce7,4.11
433,2019-08-04T12:41:00Z,eff99f303ba37ed36542008434b2d20e50155593bb9fc7bc1dcc4bf3,60.16075,24.95883,00000000f1124bca,9.12
434,2019-08-04T12:41:00Z,f00fb569fe1448dccb8e92e24b081a3164b59eb117131800780c70a9,60.14699,24.922,00000000a53ed894,17.4
435,2019-08-04T12:41:00Z,f062cb52d49926a4fb39f723275ed60ab6c0f3bf34e0c3f9d233b7b8,60.14947,24.91438,000000004ef3150d,4.11
436,2019-08-04T12:41:00Z,f1845e00642980be3cdc27a088c619bb0616b86f7cfa0b8909efac80,60.16544,24.95398,0000000038d83d41,31.5
437,2019-08-04T12:41:00Z,f1eb1b22a5e01064a1829b325d256218c68bc9134f03a3f09f3e2566,60.16829,24.94214,00000000afef4555,12.69
438,2019-08-04T12:41:00Z,f20f951802c722181f0e90095001c49e73f84049bb105b95c97049d1,60.17918,24.95141,00000000675d5200,33.81
439,2019-08-04T12:41:00Z,f2deba4ef84dbbc8c5d8524f6e2311183003bce4f9bfa6aef5b5ef66,60.14947,24.91438,000000004ef3150d,14.89
440,2019-08-04T12:41:00Z,f2e063c8c25a8bec0dd6ec3924a5f59fd9694078f2f3fd5b3ea96f29,60.16762,24.95415,000000006b44cce7,14.89
441,2019-08-04T12:41:00Z,f39827c3c7f4c833d1118043492f78e3255b6da9f4a2c000041d9b61,60.16829,24.94214,00000000afef4555,8.38
442,2019-08-04T12:41:00Z,f3ec2366b51157150674e5ab6293bdb19e0b30ca4296fee4c97b811c,60.14699,24.922,00000000a53ed894,13.75
443,2019-08-04T12:41:00Z,f5f7cfe177dfb0b7ebba2419ae53f70b6b5690dd98d98586004a9107,60.149,24.9843,00000000fffb8cf0,7.05
444,2019-08-04T12:41:00Z,f6a88c4482d078d6a1d51eabc04916c6f7566cff4a16fd55f3abdef0,60.16531,24.9442,00000000fdda10fe,25.36
445,2019-08-04T12:41:00Z,f7777ac6285e2f6b6aa546b03f294d81e169b8236268cfed232c9679,60.16897,24.95222,00000000aa852af1,20.28
446,2019-08-04T12:41:00Z,f796c9efc581b25280d4b416f8ba3aecca6ddf083e7bdad05f6e595e,60.14699,24.922,00000000a53ed894,8.38
447,2019-08-04T12:41:00Z,f7f0caf73572bea3c08b592eeb9655b2668cfb16fd8840ca5619d84a,60.14699,24.922,00000000a53ed894,6.46
448,2019-08-04T12:41:00Z,f84faae0aa9ce2d1d09d270282dd81033ad1352346128534d8c3fc7f,60.149,24.9843,00000000fffb8cf0,27.28
449,2019-08-04T12:41:00Z,f868d87b5d5a7094b60a131cd3e120c25787ebf751f7c93640b34942,60.16897,24.95222,00000000aa852af1,25.36
450,2019-08-04T12:41:00Z,f9399339c3de44774896319d3f291771cebcaf2666df1d6062469882,60.16531,24.9442,00000000fdda10fe,23.56
451,2019-08-04T12:41:00Z,fa96854324adae88abb35afa34b2393a20338bfd8fc9602d3ce6ae8d,60.14947,24.91438,000000004ef3150d,4.5
452,2019-08-04T12:41:00Z,fd77161cf9715d9d0f922cf45e79e5d9b9debef5113cb32a4f82ef76,60.16762,24.95415,000000006b44cce7,11.7
453,2019-08-04T12:41:00Z,fdc2b40a178d686777800713689cdcc4e6f0972c0a77d108ba717121,60.16897,24.95222,00000000aa852af1,16.1
454,2019-08-04T12:41:00Z,fe5ca86c906b1cb3bf9dd257ceefc562e41da499878f1074484f7d42,60.14947,24.91438,000000004ef3150d,9.92
455,2019-08-04T12:41:00Z,fe694a484edd6d458a9dd6ab1b972c47170c8d32ebc0a87317ddc660,60.18203,24.91341,00000000342570c2,17.4
456,2019-08-04T12:41:00Z,feb399897846bc34dc3f4b06ac4ef0ffb0db885977b88e5c5fdb7350,60.14699,24.922,00000000a53ed894,11.7
457,2019-08-04T12:41:00Z,ff8280896145ae17e594c52eac2cdbab47d3757d797878fbc4298596,60.1538,24.95595,0000000038bf9618,33.81
458,2019-08-04T12:41:00Z,fffd5b230c7cb628fdbf354d7c0a9861536b93aa31e2282b10c020d1,60.14699,24.922,00000000a53ed894,18.79
459,2019-08-04T12:41:01Z,07d86ad98399440d0cc3bd3382a7256feb971e49a3686dc17f532e1c,60.16829,24.94214,00000000afef4555,17.4
460,2019-08-04T12:41:01Z,1142f5b6806b1ec7d8d47d47013eb530d8a7418f6934d8867b20966a,60.16829,24.94214,00000000afef4555,25.36
461,2019-08-04T12:41:01Z,14c7e1511b70f4dd3359cbece1377aebb4d70531f5489eefe53d7c3c,60.16544,24.95398,0000000038d83d41,25.36
462,2019-08-04T12:41:01Z,1599d2c9070a6f05e1a5887c2d9209214c04818c6203fe75440734f2,60.1538,24.95595,0000000038bf9618,27.28
463,2019-08-04T12:41:01Z,165ebbb4090d47319ae370f0d0854fdc1f6b79499f8b2e4d3c3533c0,60.16544,24.95398,0000000038d83d41,25.36
464,2019-08-04T12:41:01Z,1e7ea410376fbdb3f3c476c76d23abad5d830690f78f71ea06f7e321,60.16075,24.95883,00000000f1124bca,12.69
465,2019-08-04T12:41:01Z,211f6b7b044343d0be369791b3fa3c144d0d0f391e2a42787712efb0,60.16448,24.97323,0000000053c6c2be,12.69
466,2019-08-04T12:41:01Z,25a7ff811c3c06e426c7c2cbb0433d9a2a3399b23afecbd35584ab0f,60.18203,24.91341,00000000342570c2,11.7
467,2019-08-04T12:41:01Z,2d3d031189abfaea69cd551a97b2b2d056a908f19bc56701010a2304,60.16897,24.95222,00000000aa852af1,14.89
468,2019-08-04T12:41:01Z,2d407793ce0a0290a87debe672b1af2af93c687ca83668e17fb0ce63,60.14947,24.91438,000000004ef3150d,8.38
469,2019-08-04T12:41:01Z,3944bc7a301be7241d1f7bc4a97f221000d535ce3d8a9af9af9b23b5,60.16531,24.9442,00000000fdda10fe,31.5
470,2019-08-04T12:41:01Z,3a93902ba6b635489cd6f55b08d93e6fe7a5bc0a86a0b490a88f6d1b,60.16075,24.95883,00000000f1124bca,17.4
471,2019-08-04T12:41:01Z,3b5cafe90982db26cf737b2e4cd4275276f6a031bca3b2a1f73023b2,60.14699,24.922,00000000a53ed894,11.7
472,2019-08-04T12:41:01Z,3fe84a5a1e657df8910685df3a8cf779a6ebc3362fbc8e578f235ee4,60.15432,24.9211,0000000019fb59c4,8.38
473,2019-08-04T12:41:01Z,43b676ed3aef4c2d8846694817e76117873be52e7f788e0cb366c1c4,60.16629,24.95957,00000000fb7600be,27.28
474,2019-08-04T12:41:01Z,44d0b94469070803869f229601e877beb613c3f5aafa009addf97a1a,60.16544,24.95398,0000000038d83d41,14.89
475,2019-08-04T12:41:01Z,4656bad9b5e6dfc3977eca308fc1db3dbf8b0204b90d09b001da242e,60.1638,24.96846,00000000d747f075,31.5
476,2019-08-04T12:41:01Z,4a1efc9faf9548fe0ed72037d54a131265a72e61fdfc2009a4e9408a,60.16075,24.95883,00000000f1124bca,14.89
477,2019-08-04T12:41:01Z,5bbb5184fded3e51bc78e45e39917794285e6bbc72da404802a9599a,60.16531,24.9442,00000000fdda10fe,27.28
478,2019-08-04T12:41:01Z,5d65719c4cbf045f068d084b72302f447d5fd034413d97d13be00d0e,60.18203,24.91341,00000000342570c2,20.28
479,2019-08-04T12:41:01Z,5eed115a984d490b02b602d73787aee8dc8c4e9365b77fbff3818a76,60.16629,24.95957,00000000fb7600be,21.87
480,2019-08-04T12:41:01Z,69219e9efa41ae9e732653e9eaf08e1a34cb853a9dafe76ddeea4d04,60.16897,24.95222,00000000aa852af1,20.28
481,2019-08-04T12:41:01Z,6a70e2fbced719333e21eff04fcb9cb36bae9a04d1a3d6ddd96f2c58,60.15432,24.9211,0000000019fb59c4,5.41
482,2019-08-04T12:41:01Z,6f06341f358e61699fe1e55e986dd0554bc8da28b91daf0c5ad99db6,60.16629,24.95957,00000000fb7600be,17.4
483,2019-08-04T12:41:01Z,70d8572458a1a103555bab897b6443e601e0ed211414b15ad0b56f60,60.16544,24.95398,0000000038d83d41,25.36
484,2019-08-04T12:41:01Z,7678cdb86d454ca9ae52f22d97e635106585a3a046d01da4463695cc,60.18203,24.91341,00000000342570c2,20.28
485,2019-08-04T12:41:01Z,7856cd9a8241b470ce46295386b13c33e1948a956b3f18b7b3497cdb,60.18203,24.91341,00000000342570c2,29.32
486,2019-08-04T12:41:01Z,8468db43b6df433cf4f806fa750ab4ec625503fd4b89d96b5b6f1b1c,60.16075,24.95883,00000000f1124bca,8.38
487,2019-08-04T12:41:01Z,85ef35aecf2ff804be3d958b592705ec41c6df9c128c132c65bb283d,60.16897,24.95222,00000000aa852af1,18.79
488,2019-08-04T12:41:01Z,87dfaad29a9276ddddb1fa021d3bc23ad14824c1af16f7d87e713689,60.14951,24.92138,0000000006dd41f6,17.4
489,2019-08-04T12:41:01Z,88808fe92573e9cdf022cc15b9689b6b4b9429f60513c8897b0ba4c7,60.16897,24.95222,00000000aa852af1,21.87
490,2019-08-04T12:41:01Z,8c3b1ed0846e38cc84b863a80540c8a75bfd85c8bdda36563d153110,60.16544,24.95398,0000000038d83d41,29.32
491,2019-08-04T12:41:01Z,8c75c3289c84fe4493e1e272a77b615fe1985880c5dc68a7c1a17b53,60.16762,24.95415,000000006b44cce7,16.1
492,2019-08-04T12:41:01Z,9843c6216661048343a0e49cf3d8aa2883cf77f452666a1c873a1052,60.16448,24.97323,0000000053c6c2be,11.7
493,2019-08-04T12:41:01Z,a8f8130135c784b027355228017bbfe99e5a6eecec153d44b78bedd3,60.16829,24.94214,00000000afef4555,20.28
494,2019-08-04T12:41:01Z,a91d379a4b57c5df22db0d7a041ff69f657b4b31f28554b1011fc03c,60.16544,24.95398,0000000038d83d41,33.81
495,2019-08-04T12:41:01Z,b5fd6b317890e5ab2d79e2cd1abe61626d45a753c7337d0d40728898,60.16762,24.95415,000000006b44cce7,9.12
496,2019-08-04T12:41:01Z,bb98768dad0f7c52cf643f035a3e7e48f5cfe28557c66f2a75914b31,60.14699,24.922,00000000a53ed894,16.1
497,2019-08-04T12:41:01Z,bcb0201b0a1edf350ae2f681076e7d2d48ebd94c075bd3ca59552020,60.16897,24.95222,00000000aa852af1,13.75
498,2019-08-04T12:41:01Z,c40c37def6bf11a63a2556519a7c6233fd417cdeea2cf14f28e7c42c,60.16531,24.9442,00000000fdda10fe,21.87
499,2019-08-04T12:41:01Z,ca6927628f5ddda20036865c9345ad93d476d62ade3b181de568eed6,60.16897,24.95222,00000000aa852af1,18.79
500,2019-08-04T12:41:01Z,ce358a51e6d8aadc92f348d84faf2751693f532bef422ca636a0e1ea,60.17065,24.93641,000000000f4919c9,17.4
501,2019-08-04T12:41:01Z,cf05623e4d87ce0906c0b0b7dbf53aacc1228016cd27c341228b6e76,60.18203,24.91341,00000000342570c2,16.1
502,2019-08-04T12:41:01Z,cfc0bedb78ded52749db3188cb188bf6a250ef5990da9c5afa9623fc,60.14951,24.92138,0000000006dd41f6,20.28
503,2019-08-04T12:41:01Z,d568a92135fd8619da42f2038266f4922d5b6d48fe1c5f9490d39f30,60.14947,24.91438,000000004ef3150d,17.4
504,2019-08-04T12:41:01Z,d661caec7a5da6aef734734bbf9090debe494c1afd98050f88f269bd,60.16829,24.94214,00000000afef4555,9.92
505,2019-08-04T12:41:01Z,dcaa88e5d510f572877286b8ba0663428b2d71a50b6630460009c779,60.14947,24.91438,000000004ef3150d,4.94
506,2019-08-04T12:41:01Z,ded49640b591e73bff71f84fb99d2739eb6c9554164a015017725e03,60.16829,24.94214,00000000afef4555,18.79
507,2019-08-04T12:41:01Z,e8690c2d1711bc10f2d1251a3b5b1e770b98c66c384760400c604de1,60.16829,24.94214,00000000afef4555,23.56
508,2019-08-04T12:41:01Z,e8e366e76c97944e23c0f80b4fd3ce6e5832744922297146a49f0c7e,60.16762,24.95415,000000006b44cce7,14.89
509,2019-08-04T12:41:01Z,e96bd269a48b822b06141c3362fcb6d5ed4d0d09a120f2e4a712d5c2,60.16897,24.95222,00000000aa852af1,13.75
510,2019-08-04T12:41:01Z,f088630d7476dae7d4b7e2bb1f10575f2c89acb4b6e061f3d57c2b40,60.16531,24.9442,00000000fdda10fe,20.28
511,2019-08-04T12:41:01Z,f29ea15113ac0eea0be8ec41c633909de4b0b9ab6c7b9898b128080c,60.16897,24.95222,00000000aa852af1,20.28
512,2019-08-04T12:41:01Z,f6609ab1076b1105bb845595a03b41b8fbb282f79c337df5bbc9f841,60.14699,24.922,00000000a53ed894,9.92
513,2019-08-04T12:41:01Z,f99c5dd8cc08bd2353083d875ce8bc585fb2c2ff8427b90d92f571de,60.16762,24.95415,000000006b44cce7,21.87
514,2019-08-04T12:41:01Z,fc4f3a44235f1cfc7b53f14ba2da599976a5a0a220d23b852688e485,60.17918,24.95141,00000000675d5200,27.28
515,2019-08-04T12:41:01Z,009ad4cd2bd97e04da44cc9789e6bdbdb899eded61d05b7d5634b7be,60.16829,24.94214,00000000afef4555,5.41
516,2019-08-04T12:41:01Z,00a07b1f8113691d8475c54082a14cdd54decf9845a90e75df8031a6,60.17065,24.93641,000000000f4919c9,23.56
517,2019-08-04T12:41:01Z,01f429553e2195416aa27d90d18c5206411813155efa0b01dae13559,60.16629,24.95957,00000000fb7600be,29.32
518,2019-08-04T12:41:01Z,02978cd5cb7127a718d3d775079ab940a3e81885ce6106495cca5ee4,60.1538,24.95595,0000000038bf9618,21.87
519,2019-08-04T12:41:01Z,036c183505fea646b54aeb0c612913cafba94eca65e47d3c6d840a68,60.17918,24.95141,00000000675d5200,20.28
520,2019-08-04T12:41:01Z,038e7f3d1d9babcdb48b63ff8e3e1ac732b3c29f665dc7d9a1819abc,60.14699,24.922,00000000a53ed894,13.75
521,2019-08-04T12:41:01Z,0479a26a59d65bf1dee05c06f4227a0ba63a6e9c9a09e7c34f2e06b4,60.14699,24.922,00000000a53ed894,4.94
522,2019-08-04T12:41:01Z,04c3b487e8f6b938d4fcd30254edecafbe62a0d8d53ebc32d0151c6d,60.16762,24.95415,000000006b44cce7,27.28
523,2019-08-04T12:41:01Z,04f35922a81b516e7028f61c6ff34faf6da85df0a5cfcefb6df1861f,60.149,24.9843,00000000fffb8cf0,18.79
524,2019-08-04T12:41:01Z,05d441c83d2df822feaf93d7861452db7a201f22d84cfa36f421dfd2,60.16544,24.95398,0000000038d83d41,17.4
525,2019-08-04T12:41:01Z,0638ed176f2a4b17c11bae92240575c9305f4bc21592a476b3106be4,60.16762,24.95415,000000006b44cce7,17.4
526,2019-08-04T12:41:01Z,0947f9d6bb6c34e382e008052b704b6521ac4f7678a2e8a719bb574b,60.15432,24.9211,0000000019fb59c4,25.36
527,2019-08-04T12:41:01Z,0952de1e75ca994bb018aaa22bee06785fe007f21f206e323740c94b,60.15133,24.92329,00000000e8a064a4,33.81
528,2019-08-04T12:41:01Z,09e6b7d5a7a9e691d686fb405bc2bfe0c9e5d525b47385d9235575e3,60.16897,24.95222,00000000aa852af1,9.92
529,2019-08-04T12:41:01Z,0a0acb70a8ef92be52a64d4425e70bb2f7a17d13942c3382c9d68878,60.149,24.9843,00000000fffb8cf0,6.46
530,2019-08-04T12:41:01Z,0a862920946d7a0dcbee7c1cf28a7b77c57763261788dbd361ed6409,60.14699,24.922,00000000a53ed894,9.12
531,2019-08-04T12:41:01Z,0aabf0df4c3c5b45bb8950c92dbe624985f19e8650ed61f92571a65a,60.14699,24.922,00000000a53ed894,8.38
532,2019-08-04T12:41:01Z,0b0dd9af9d52c68ff71ce266d6707abbb0f56c3c63be0f83f7b5df9b,60.16762,24.95415,000000006b44cce7,9.12
533,2019-08-04T12:41:01Z,0bff251f683fe3bcebc305ef3e1bc5aef303d51c6a9bb0fb62b7d9c7,60.18203,24.91341,00000000342570c2,25.36
534,2019-08-04T12:41:01Z,0cd084399f60b112697dd370e2a9042b339da572ea5993556a58e366,60.149,24.9843,00000000fffb8cf0,27.28
535,2019-08-04T12:41:01Z,0fe681ee4c4c70c99bbacaf42e0d3c9bffc5818eb71197978a94b021,60.16762,24.95415,000000006b44cce7,6.46
536,2019-08-04T12:41:01Z,10a99e791e27975dc1c9d73d3163cabacf3bd7bd05a4f7abf6365426,60.14699,24.922,00000000a53ed894,13.75
537,2019-08-04T12:41:01Z,10caaea8002e8b3b342b32710efdd7305ff375ca1cdc01411f66b2f6,60.14699,24.922,00000000a53ed894,10.78
538,2019-08-04T12:41:01Z,120a63917cb5ab619bf9a71328f14020736ee84e75d5b37278748def,60.16897,24.95222,00000000aa852af1,12.69
539,2019-08-04T12:41:01Z,124cce476184e061b136f481014a2abc7208d30e4e520ffd90c85adb,60.17002,24.94407,000000006b087f40,17.4
540,2019-08-04T12:41:01Z,126ff8aee22cf123572b51282d01680aea0dac78d907b5100c430c50,60.14947,24.91438,000000004ef3150d,21.87
541,2019-08-04T12:41:01Z,13bcedb8c59b26417282929d81844b272c7c5bc295614f531219a8e4,60.14947,24.91438,000000004ef3150d,14.89
542,2019-08-04T12:41:01Z,13ee67fb034e3d24edc9a9618e9d6de24979ebbcb399f83abb02a897,60.14699,24.922,00000000a53ed894,4.5
543,2019-08-04T12:41:01Z,1423891c6ee1edc7da83904378a35aef2e5797db95b117651d676934,60.16762,24.95415,000000006b44cce7,1.88
544,2019-08-04T12:41:01Z,1496ce9cf373a2a508a8ab0b7aa0604dd889fd69483881c3752219af,60.14699,24.922,00000000a53ed894,9.92
545,2019-08-04T12:41:01Z,1582eee04b12138ba897d22887174c8a8df1e17f4a6e78e892042b2c,60.16762,24.95415,000000006b44cce7,16.1
546,2019-08-04T12:41:01Z,15ee12e5f9be00a79b0cbbc9912f51cbfa3e486624567e1bde938fb6,60.1538,24.95595,0000000038bf9618,13.75
547,2019-08-04T12:41:01Z,161aa798c2a18e132fb27ecded773218ea4e42eabbd0e5794b1d7017,60.15432,24.9211,0000000019fb59c4,25.36
548,2019-08-04T12:41:01Z,171a752ceacd35c6e27c36e67da80ba960a246c0977f0bdca139a472,60.14699,24.922,00000000a53ed894,9.12
549,2019-08-04T12:41:01Z,17af6ab252328066d6b13406084507dfa7a7f6db3030872e7f87223d,60.17065,24.93641,000000000f4919c9,21.87
550,2019-08-04T12:41:01Z,1882b53729765cca25bc63400074242872d6fbc57882f131285b277f,60.16829,24.94214,00000000afef4555,9.12
551,2019-08-04T12:41:01Z,19a2d8d1e3bb9684583dce257251b4e096a62ac52725add0cdb2925f,60.16897,24.95222,00000000aa852af1,25.36
552,2019-08-04T12:41:01Z,1a93dfa31156cee53b4bd527d8b74655a5da812b6933d8a86d871e47,60.14947,24.91438,000000004ef3150d,6.46
553,2019-08-04T12:41:01Z,1b3fba902b8d1538b508cdc228fd15fdd87f5aecb68e5611b1a4e354,60.16762,24.95415,000000006b44cce7,4.5
554,2019-08-04T12:41:01Z,1bcef866fafad7c7460a084e0b0d27c087b549f4ae704390708be47e,60.149,24.9843,00000000fffb8cf0,18.79
555,2019-08-04T12:41:01Z,1bf54c1e78a260db15066420940a08490ba26b0b04954e8ccae2180e,60.16629,24.95957,00000000fb7600be,20.28
556,2019-08-04T12:41:01Z,1c669457535e4635f732c228ec524f9d2c440b0d2132fa1acd93122a,60.16897,24.95222,00000000aa852af1,23.56
557,2019-08-04T12:41:01Z,1c7ccd5d6570d98e57ef2ebbd716b7504b138f9bb616fbeaa0d1a268,60.14699,24.922,00000000a53ed894,9.92
558,2019-08-04T12:41:01Z,1c97d2bebb0ebb21f9e68c4c27224b7f8d52178c0bf62341cd087e15,60.14699,24.922,00000000a53ed894,14.89
559,2019-08-04T12:41:01Z,1da9fb02cdaf83aaec10b8afcd493066d6983a433494752f06710414,60.17002,24.94407,000000006b087f40,31.5
560,2019-08-04T12:41:01Z,1dacfb371d75dd4f90f447aac2a00faad98beb4188a6971c19eb2375,60.16629,24.95957,00000000fb7600be,17.4
561,2019-08-04T12:41:01Z,1de29ffd9360fbbeaef5c65201b5536524df17375122c5d2462b37ca,60.14947,24.91438,000000004ef3150d,16.1
562,2019-08-04T12:41:01Z,1e24a2120b13c780dbb3a67a73f5058d1847f126fd5f5952e6dddcd3,60.16075,24.95883,00000000f1124bca,21.87
563,2019-08-04T12:41:01Z,1e63d2090b520af23ca3d2c9a05047dc0b0c63f7471b86e9d9f3e7cc,60.16629,24.95957,00000000fb7600be,21.87
564,2019-08-04T12:41:01Z,1f74037ecab4dbdc5db1a8dc8b583a86630f86a5f2d0a5167b7fa605,60.18203,24.91341,00000000342570c2,20.28
565,2019-08-04T12:41:01Z,1f81ed7274add201d3059d4a37e2bbe86b6ae1f0fd42a16d7b8dccaa,60.14699,24.922,00000000a53ed894,7.69
566,2019-08-04T12:41:01Z,1faaaeff6423708e06d94b904af4be93e399939fbdfd3b3091dc8bd2,60.15432,24.9211,0000000019fb59c4,12.69
567,2019-08-04T12:41:01Z,203a0c145a43c9a18f8c2a5ba4e18882e7430662bb4ac0e56ab37578,60.17065,24.93641,000000000f4919c9,10.78
568,2019-08-04T12:41:01Z,203ea7cefd45873084263df2b0f41ad7b2e8878222fb6a53c263c534,60.16829,24.94214,00000000afef4555,20.28
569,2019-08-04T12:41:01Z,20ac7b2ace7c0038aa8df01b9281a9c54f1551fc8ab9b662b1f1ca22,60.18203,24.91341,00000000342570c2,27.28
570,2019-08-04T12:41:01Z,21eed3ade733687b8f56fade8290819b7c6b4a9f38468979fe692c3e,60.16762,24.95415,000000006b44cce7,7.69
571,2019-08-04T12:41:01Z,2204ba387d2db0e7d2ca03f7ace46abff8d141668b73c75a1879d7ba,60.14947,24.91438,000000004ef3150d,4.5
572,2019-08-04T12:41:01Z,2271cbccbcce28d3d0757d9a964f67df1a523b81d97355dc543dd848,60.16897,24.95222,00000000aa852af1,23.56
573,2019-08-04T12:41:01Z,22fe9a06fba1036e8eafd726bc450095b1893be067f475e1882bb704,60.14699,24.922,00000000a53ed894,11.7
574,2019-08-04T12:41:01Z,231026899a6d5b326cb5b1e38b182ca1acb77c7e27bc2378973b29db,60.16629,24.95957,00000000fb7600be,12.69
575,2019-08-04T12:41:01Z,23337c2812924a07e4f0bbc92e56d1f85ea40208b6b987f4afc686cf,60.16897,24.95222,00000000aa852af1,16.1
576,2019-08-04T12:41:01Z,244b51aa4a7059ba782925258111c295aa4de9596025c55ccd5580ac,60.16829,24.94214,00000000afef4555,18.79
577,2019-08-04T12:41:01Z,250f7cf6c6d1296e84c45fb8621a0704eb5243471980b5187dc40cdd,60.14699,24.922,00000000a53ed894,14.89
578,2019-08-04T12:41:01Z,2551a9e1b8a03c8e0e378ed37c0130b6e4105ec6b949de9e5a670be8,60.14699,24.922,00000000a53ed894,12.69
579,2019-08-04T12:41:01Z,257206d3f59df5c426a9c735f4741cba6d792de1cbafe62289d383d7,60.16897,24.95222,00000000aa852af1,18.79
580,2019-08-04T12:41:01Z,2607d1b2fc6e31a80348fffbed68a7d3a8e0212f197f2d1c573c587b,60.14947,24.91438,000000004ef3150d,7.69
581,2019-08-04T12:41:01Z,26c9e0853f5f6be7d17e99fcb6a31b1cfcb6734bff09f108440abc70,60.16762,24.95415,000000006b44cce7,29.32
582,2019-08-04T12:41:01Z,27d4452dcae7c8e389fc21669cb3ccaedac87d45d4b1a50131c939e4,60.16762,24.95415,000000006b44cce7,7.05
583,2019-08-04T12:41:01Z,28b43564f7156b67db7cb7b779e948986d7610f921490f9030379704,60.16897,24.95222,00000000aa852af1,31.5
584,2019-08-04T12:41:01Z,29a4a664ccec24ad7eaf3f2a589c42e971d9a86b5d602dda52a5cb7a,60.16897,24.95222,00000000aa852af1,38.87
585,2019-08-04T12:41:01Z,2e6245e8a32b3a27235cf1067cd7da0cab803ef3c893d1077b0339c9,60.16762,24.95415,000000006b44cce7,14.89
586,2019-08-04T12:41:01Z,2e86f9a432e00fa6ff5b8744ffecbe22a02b4316779bc8b4078af2e2,60.149,24.9843,00000000fffb8cf0,25.36
587,2019-08-04T12:41:01Z,2ee2e108ed9051b1ccf4d3ee89931dfd53170af0b558fa6579b83e8d,60.15432,24.9211,0000000019fb59c4,14.89
588,2019-08-04T12:41:01Z,2f08dbfbbe5577f04ea9826f72d5452ddf5fd9bb892769382ea5a4ca,60.16762,24.95415,000000006b44cce7,10.78
589,2019-08-04T12:41:01Z,2fb7fccd391d578e735c66386708a35e4aa1a565b6dac8392a06aa4f,60.17065,24.93641,000000000f4919c9,31.5
590,2019-08-04T12:41:01Z,30c55d5011d0f6c901437a130dbe2653c7ae0cceee3b0a242394152c,60.14947,24.91438,000000004ef3150d,18.79
591,2019-08-04T12:41:01Z,3342975587b576f91749b0d3a90f4dcd430b1f7bfb0f1677fe7e01b9,60.14699,24.922,00000000a53ed894,14.89
592,2019-08-04T12:41:01Z,33634cb1e3fc5d4a621e8717d203da8533ed27531a70c6cbe3abf3fa,60.16762,24.95415,000000006b44cce7,7.05
593,2019-08-04T12:41:01Z,33ec502792a84f23fed03cf16e483d153c65e2850a2549f47034726a,60.16762,24.95415,000000006b44cce7,4.5
594,2019-08-04T12:41:01Z,3459042c03cbb672a039f7f14a6b99b84f839b0598f9e48bf4dd95f5,60.14699,24.922,00000000a53ed894,12.69
595,2019-08-04T12:41:01Z,349dd839e41cff363cc4b935496e52b93be15233e508aa82987859bd,60.16075,24.95883,00000000f1124bca,21.87
596,2019-08-04T12:41:01Z,34bf3e380e2a914953cf9b98fa3d965c890a9f6ed7a0ce833012b9f5,60.16762,24.95415,000000006b44cce7,18.79
597,2019-08-04T12:41:01Z,34f282042837e6b8407c31fd6c880bdbb7071c56d76c4b6e5ba78819,60.14947,24.91438,000000004ef3150d,9.92
598,2019-08-04T12:41:01Z,352427714fc6e8591df6bd227dde05d3b7ba0881742eee4ae750dcc4,60.15432,24.9211,0000000019fb59c4,17.4
599,2019-08-04T12:41:01Z,35a958343879c000cfc3f0c01afbc7d54934265828677bf4aefef84f,60.14699,24.922,00000000a53ed894,18.79
600,2019-08-04T12:41:01Z,36f876050503d244f74f3cbadcef716904eb2b245190d474b0cfa794,60.16762,24.95415,000000006b44cce7,3.4
601,2019-08-04T12:41:01Z,3721331dbb97151d17938ed835ffc7208eba26fba6100c62870a3a4f,60.14947,24.91438,000000004ef3150d,4.5
602,2019-08-04T12:41:01Z,37945fa4e7409fab98aa8bde45081f5bd083def0059485274ad552c0,60.17918,24.95141,00000000675d5200,9.12
603,2019-08-04T12:41:01Z,37b4192b51c9589b8791bc2e9f830dd541c0e77fd03e7a85a51b68e5,60.16544,24.95398,0000000038d83d41,27.28
604,2019-08-04T12:41:01Z,388cc7c522b659745d13c0c707774680483a0c8dc7f1266ab35d91e3,60.16544,24.95398,0000000038d83d41,38.87
605,2019-08-04T12:41:01Z,38e15f5aeb58c22ca456fc4d3a14f3b4d9f1fac43de070d2565eb1d3,60.16897,24.95222,00000000aa852af1,18.79
606,2019-08-04T12:41:01Z,39310ebca1ad756aa2bfcb16c912cb7003ef3e7286a1f037603ade61,60.14699,24.922,00000000a53ed894,4.11
607,2019-08-04T12:41:01Z,39f03a3a5fd777feee270921a7f51daec12ea679b542b0aaf2e808d7,60.149,24.9843,00000000fffb8cf0,20.28
608,2019-08-04T12:41:01Z,3a6ce73ea4c03a14fc0d3d099e4698d3c1051a2e8e4bd552d5de394d,60.14947,24.91438,000000004ef3150d,5.91
609,2019-08-04T12:41:01Z,3abc507346480858d62b69d6e29c3b0700ac193520668e17a4ce7cbb,60.16762,24.95415,000000006b44cce7,11.7
610,2019-08-04T12:41:01Z,3af48668fcfc51b261558246e08ae2f7f3bb9d4252e908e38c9db003,60.14699,24.922,00000000a53ed894,18.79
611,2019-08-04T12:41:01Z,3b73bf57d223bcb9b930ee8619e6603e52485b221389c64d85614baf,60.16897,24.95222,00000000aa852af1,13.75
612,2019-08-04T12:41:01Z,3be48824225ca9f2aea5653f6ce21181a76e67a8d4b8361f0cba1f8a,60.14947,24.91438,000000004ef3150d,2.8
613,2019-08-04T12:41:01Z,3c11845576020a1135cb12cbf016a07b22cb58b147a78511ee42d0d1,60.16075,24.95883,00000000f1124bca,17.4
614,2019-08-04T12:41:01Z,3c545ca8c42e2a9a876f2500f6aee220e5fe1c178dd132136643754b,60.16762,24.95415,000000006b44cce7,14.89
615,2019-08-04T12:41:01Z,3d26e1d1c042133ccb16301bbada637dd3dea1623426336738e0f1c0,60.149,24.9843,00000000fffb8cf0,9.92
616,2019-08-04T12:41:01Z,3e99999f43f3bd9e105e735eeb92531a4301e7f258c90535acfba9ae,60.16531,24.9442,00000000fdda10fe,33.81
617,2019-08-04T12:41:01Z,3e9bb396fbc83c420e59acae7d393de6b4add7ec1dda523b9eaee7a5,60.16075,24.95883,00000000f1124bca,29.32
618,2019-08-04T12:41:01Z,3ec0a34310840b3aa1aa32a3f2bffbe426e91a242dc6eb5c1e86bba7,60.16448,24.97323,0000000053c6c2be,36.27
619,2019-08-04T12:41:01Z,3f78229668030150fc4e03aed54ed23a2f6ac9c23a0c9bc0d6da03f4,60.16531,24.9442,00000000fdda10fe,25.36
620,2019-08-04T12:41:01Z,4157eed3f2574f5f9b1f7c3ccc1c36e181e82585ec5d491a1aedc6c9,60.16762,24.95415,000000006b44cce7,9.92
621,2019-08-04T12:41:01Z,42052b48fa907a3f9ad0a511096b057331f7a11a1be046a63fb9629e,60.14699,24.922,00000000a53ed894,9.92
622,2019-08-04T12:41:01Z,42168beaa0acd47be6bf8e4209edb348c9d27b18517c7420d454a24f,60.17065,24.93641,000000000f4919c9,23.56
623,2019-08-04T12:41:01Z,429363aca20efd1e564b3ac367b9eb4702cce1afbe6a22dccb543a7f,60.16075,24.95883,00000000f1124bca,25.36
624,2019-08-04T12:41:01Z,42d4eb6044091814f327d0b01dc9ae701506417af1a8ab7f4161650d,60.14951,24.92138,0000000006dd41f6,16.1
625,2019-08-04T12:41:01Z,42da4298ed9f522421f17714e024d9b8fe22e7546df3deeb8b139bd3,60.16075,24.95883,00000000f1124bca,8.38
626,2019-08-04T12:41:01Z,431375be6b9405ef55878f3aa0bb5dd6a35db8ba650a2bce05081c49,60.14947,24.91438,000000004ef3150d,10.78
627,2019-08-04T12:41:01Z,432368ac2d553aa71e5dd09123f2e0daa8ae5447308b83be92a5a217,60.14699,24.922,00000000a53ed894,11.7
628,2019-08-04T12:41:01Z,4547b56ce014395d163caf1a3f507d3d9b01b3d64d2fd0b0914f67b8,60.18203,24.91341,00000000342570c2,17.4
629,2019-08-04T12:41:01Z,457d11209b95b153efb57d8f2641f2db0823e91a0d608fa0555a5b69,60.14699,24.922,00000000a53ed894,5.41
630,2019-08-04T12:41:01Z,467a01a257fbaad22bd4aebafc8f284c9ad3effc429475e57c214e9d,60.14699,24.922,00000000a53ed894,5.41
631,2019-08-04T12:41:01Z,47b8aba771bed6ec3a7d57932c44fe859bcf6300054b3acc9d885105,60.14947,24.91438,000000004ef3150d,5.41
632,2019-08-04T12:41:01Z,47bc9ff9097f9ef5f1862e48b4a42f6a9ddd30c4ef2b6eb43291a7a5,60.14699,24.922,00000000a53ed894,10.78
633,2019-08-04T12:41:01Z,48f665ebb1a71b0d84fc02bd71918c5ab5608328db534639cbd2a255,60.14947,24.91438,000000004ef3150d,10.78
634,2019-08-04T12:41:01Z,4926fec57d2640e18cb9d46deb64eba0255ca71b93116f4ae21e4288,60.16829,24.94214,00000000afef4555,14.89
635,2019-08-04T12:41:01Z,4a565a7be2bb822523480c6ca86154a466bf189290f87a0ef118f8b7,60.149,24.9843,00000000fffb8cf0,27.28
636,2019-08-04T12:41:01Z,4b85388cdaec2b4c15b546160ee326d9668a5e5d3c7b08d0c539946e,60.17919,24.95181,000000007b5207b6,9.12
637,2019-08-04T12:41:01Z,4be50f3eb033f3f46e3069049c8e0a34dc8a2607741c1764369ba4c2,60.16762,24.95415,000000006b44cce7,10.78
638,2019-08-04T12:41:01Z,4bf75585466f0aafa2ed2956fe4b0f7235b4ba3a0606a52219b3156c,60.14699,24.922,00000000a53ed894,11.7
639,2019-08-04T12:41:01Z,4d35f03f4cb1cd21fbb173af8af5be5e233c63882fda53232da315f0,60.14699,24.922,00000000a53ed894,9.92
640,2019-08-04T12:41:01Z,4f387b8eb5373361960a83c899f3753098c010a7b841c2bd861bfc91,60.16629,24.95957,00000000fb7600be,29.32
641,2019-08-04T12:41:01Z,4f4940c5c77737c5b8f2fbd5a1b65886ea5f6e0e4fcd50447e11ce21,60.16075,24.95883,00000000f1124bca,9.12
642,2019-08-04T12:41:01Z,514a3981fad6c695ac4940f09374b5d1c2e84d2ca835084ef8707714,60.16075,24.95883,00000000f1124bca,9.12
643,2019-08-04T12:41:01Z,51b3c7870a399165f0d1d14f7d21688df32b0360f9cc6f3ca61890d8,60.16829,24.94214,00000000afef4555,13.75
644,2019-08-04T12:41:01Z,52072bd384eaaf4a6958af5510ed039d194dee47f34667bc7bccbe0e,60.14699,24.922,00000000a53ed894,5.91
645,2019-08-04T12:41:01Z,5263c8fd413ee308494f18228802330e278acc648b425bb454951db5,60.16075,24.95883,00000000f1124bca,3.4
646,2019-08-04T12:41:01Z,5274280f7558ea562d9ce825000efc025d2de6b91c62614cb68df2b1,60.14947,24.91438,000000004ef3150d,17.4
647,2019-08-04T12:41:01Z,52f0e69ca7a5cebe604c1f32308dc7f8870d1d85cd4b25ad17f706e9,60.14699,24.922,00000000a53ed894,10.78
648,2019-08-04T12:41:01Z,5554305bad43a71cf98d83e92708c7474c1efc189392c1ea94231e9c,60.16531,24.9442,00000000fdda10fe,4.94
649,2019-08-04T12:41:01Z,560205233dc9b13886248fb6e54ee21dc3b287080072641e01e08dac,60.16075,24.95883,00000000f1124bca,29.32
650,2019-08-04T12:41:01Z,56b8eace741e5227a40ea0a64601a737648080c63d6240b0dca632c4,60.16075,24.95883,00000000f1124bca,17.4
651,2019-08-04T12:41:01Z,570dc61d53aec66ede39dfde66339640878453afc00cd1a55c60bca7,60.16544,24.95398,0000000038d83d41,18.79
652,2019-08-04T12:41:01Z,571934189bf349efb6f596e76c21612cf9b82ed44913090169936048,60.17065,24.93641,000000000f4919c9,18.79
653,2019-08-04T12:41:01Z,58411163d307bb308f9c94a9720e9ce5ab0ce4f5617cd2b1fcc2037a,60.16762,24.95415,000000006b44cce7,9.92
654,2019-08-04T12:41:01Z,584cb0b0cdd14e608c8b57c8aecc9826f9b40027e365e2438a444ea2,60.16762,24.95415,000000006b44cce7,13.75
655,2019-08-04T12:41:01Z,59e23b6ba24eb1cbbe77cbbfb47fd0aeb3b9a3574e0b34a2be2c9352,60.16762,24.95415,000000006b44cce7,18.79
656,2019-08-04T12:41:01Z,5b102c62b98f29bd801e4dd0e9ddbc113db3faa38d59990b9ba5e9ec,60.173,24.92524,0000000096918cfa,20.28
657,2019-08-04T12:41:01Z,5bc858089bff2f1880f1807e91f165ebf9f1b5841445adcdfb988ddf,60.16829,24.94214,00000000afef4555,31.5
658,2019-08-04T12:41:01Z,5bc8610f198c0ab38e4e89fd7f4828d032ca2a6ef97c2a17c79e296f,60.14699,24.922,00000000a53ed894,17.4
659,2019-08-04T12:41:01Z,5cd5117066c75a1cb83d3896a7eba3f3472e133f0013ea7d4e95daaa,60.14699,24.922,00000000a53ed894,9.12
660,2019-08-04T12:41:01Z,5d70086d53447ee393249cef33c7bae814c1d7c2e3055fc91b38786c,60.17918,24.95141,00000000675d5200,12.69
661,2019-08-04T12:41:01Z,5e53be1d47b3cceeb6ea9406c75327379c8ee8abc68da605b7758e85,60.14947,24.91438,000000004ef3150d,10.78
662,2019-08-04T12:41:01Z,5ea49ba4de68e03664ec3a87f5de32434d7136b4f8323f022ff9df5b,60.16829,24.94214,00000000afef4555,7.69
663,2019-08-04T12:41:01Z,5eb8d4af1dd179ab687afcada985ca58fa2f58ceffe97fa87d18de40,60.16897,24.95222,00000000aa852af1,18.79
664,2019-08-04T12:41:01Z,60d5c11436b72dd4eb673f606bddc3f8f36675342cba015b9297155f,60.16448,24.97323,0000000053c6c2be,16.1
665,2019-08-04T12:41:01Z,60d9b71ec38b796bf876dedfaf3112b49ff79677480c7603902857ae,60.14947,24.91438,000000004ef3150d,9.12
666,2019-08-04T12:41:01Z,614ab7fba7255f6bf6f888e9a04d589962f756b3f427e658f10014f2,60.16075,24.95883,00000000f1124bca,4.94
667,2019-08-04T12:41:01Z,61dadc3bed7f3dda70dbe12fc6914b30c863945805046f66f43ec9a7,60.14947,24.91438,000000004ef3150d,16.1
668,2019-08-04T12:41:01Z,62a6fe2d9b3b5b4533c51253f8842428bd797b3c6a95a7816ec472ed,60.14947,24.91438,000000004ef3150d,9.12
669,2019-08-04T12:41:01Z,634257ded5cc6c04eb832d437b55777b10829352768dadef19d3f64c,60.15432,24.9211,0000000019fb59c4,41.64
670,2019-08-04T12:41:01Z,63d99db5b2b7360c501446ea5e89feba9bd1c6735a7670039916f2ad,60.1538,24.95595,0000000038bf9618,29.32
671,2019-08-04T12:41:01Z,641e8defb97171d160f062c4bc3e9d06346f10d5246e6aeac935e1a9,60.16897,24.95222,00000000aa852af1,20.28
672,2019-08-04T12:41:01Z,643ef3f01a51bea3c4510d4060a945cd510e5189236d68f5c9489034,60.16829,24.94214,00000000afef4555,1.54
673,2019-08-04T12:41:01Z,64638a9f9e6c9b32fc4b484b55e4934fcab6cb04605cc76d5f5534b7,60.17065,24.93641,000000000f4919c9,10.78
674,2019-08-04T12:41:01Z,6516a10850095847a8156717b0fba05a9bdc9b5bfedd691ddb07f119,60.14699,24.922,00000000a53ed894,5.41
675,2019-08-04T12:41:01Z,6525cc634176c25187e68e0d067bcfecfd78e399e93db4ee9d408b7e,60.17919,24.95181,000000007b5207b6,23.56
676,2019-08-04T12:41:01Z,655204cb507ea9ae811105cdcd766161facaa9f729017a333f102391,60.149,24.9843,00000000fffb8cf0,23.56
677,2019-08-04T12:41:01Z,6688790e10cbf0805c8bdc210412ed75d7999e61029da0b7ba29458e,60.16829,24.94214,00000000afef4555,18.79
678,2019-08-04T12:41:01Z,6723bebaab92d1a9f8b4318fd4f497a6dec6d7f8e0eafca443925213,60.16075,24.95883,00000000f1124bca,25.36
679,2019-08-04T12:41:01Z,67591d427f60ba3c369ac0d78088fca7be33081501508d16401dd6cb,60.16762,24.95415,000000006b44cce7,3.74
680,2019-08-04T12:41:01Z,675eacdf32b5b831fd118fc5539eea4b3cef4bd11e2e1706a9571222,60.16829,24.94214,00000000afef4555,4.94
681,2019-08-04T12:41:01Z,6774ed72eaf69d7c4aaeeef90990f969954155bbcc52652e75e7deef,60.16829,24.94214,00000000afef4555,5.91
682,2019-08-04T12:41:01Z,677c53ae4056d6cb123ca576ba5284664b1c7e3e88818bd19b5dd99a,60.17918,24.95141,00000000675d5200,13.75
683,2019-08-04T12:41:01Z,6875e3632a29207e29ded33617e66d55de5d8c7804fecedd6f1dfe12,60.14699,24.922,00000000a53ed894,4.94
684,2019-08-04T12:41:01Z,69375ef968867906fc11b34d1e2c4b436d452cd47cb577a7f9e566ef,60.16762,24.95415,000000006b44cce7,4.5
685,2019-08-04T12:41:01Z,698b200b63a644828a7314691a16af2af1bccef75d52abb5591a5542,60.14699,24.922,00000000a53ed894,9.12
686,2019-08-04T12:41:01Z,69f1de5049f5731749defe893b8ae9ada4f5f788a994b8f7413ef657,60.17002,24.94407,000000006b087f40,25.36
687,2019-08-04T12:41:01Z,6b6668d7ebecfb96a6ed3ca19e97f8da150943ddf1d034675d08a9b8,60.14699,24.922,00000000a53ed894,12.69
688,2019-08-04T12:41:01Z,6b97071051ccf5db7e5ebee033d4f68d58ed6917ff2fac5b205a6605,60.17065,24.93641,000000000f4919c9,11.7
689,2019-08-04T12:41:01Z,6c7e018abdf8462af7c7b003bc30f915184f7082e9e865a2c502eed5,60.14699,24.922,00000000a53ed894,8.38
690,2019-08-04T12:41:01Z,6f3dd17e40daabb4efe868f1b859dc00ecc01846f0a0e2b8db5d1413,60.17918,24.95141,00000000675d5200,18.79
691,2019-08-04T12:41:01Z,70c56152af84cf1bad4d19b0cb31202232b4cd4320ce5ea48895e42b,60.14947,24.91438,000000004ef3150d,13.75
692,2019-08-04T12:41:01Z,71479e7c1c4fd96468f16800ff04484480c76e0953d2074500b0df31,60.17919,24.95181,000000007b5207b6,25.36
693,2019-08-04T12:41:01Z,7176e4b517010283d61468978a67a0e6d800f7b66219728174074b97,60.14947,24.91438,000000004ef3150d,16.1
694,2019-08-04T12:41:01Z,71c360c0ae36f964d9ca7957d318abe8f1933c8220f225231eb33b39,60.18203,24.91341,00000000342570c2,23.56
695,2019-08-04T12:41:01Z,72231bca658d3a16f3bf9c26ba5f13393b8377e4ab0b9ed3de6c811f,60.14699,24.922,00000000a53ed894,13.75
696,2019-08-04T12:41:01Z,72e4de5ded503a6b09635fc51a720ce504c9e77552bc2ffae8d6cae3,60.14699,24.922,00000000a53ed894,16.1
697,2019-08-04T12:41:01Z,730fde77cae1d45cf3c0e1f270f47e6bf8cf719ec744282884801095,60.16897,24.95222,00000000aa852af1,23.56
698,2019-08-04T12:41:01Z,732235fff054f4f8fff8775b6c0d4fb0ca0f28c455a6fc86de24d162,60.14699,24.922,00000000a53ed894,16.1
699,2019-08-04T12:41:01Z,733f21ebebe353e10a55a74b40a0a480e6d276334d4f3d8bcf85b711,60.16075,24.95883,00000000f1124bca,16.1
700,2019-08-04T12:41:01Z,737779d5b545043aa16af1ca616beeb1b5dfae5e6e1d4a789d7b316d,60.16762,24.95415,000000006b44cce7,29.32
701,2019-08-04T12:41:01Z,738ce77abafd1ca6f80e6f28e84d1b1886db4cfda3be6ffcdf52c1b1,60.14699,24.922,00000000a53ed894,12.69
702,2019-08-04T12:41:01Z,759f94c852ff15ca91c3138913c3858c4801702f8f0514ae82fb2a19,60.16897,24.95222,00000000aa852af1,12.69
703,2019-08-04T12:41:01Z,7664b7f08aaa059ecf6646a595c33fae0c80715febe63e31f45a4662,60.16762,24.95415,000000006b44cce7,8.38
704,2019-08-04T12:41:01Z,777cceac7be6303a1c82f7cc68061528b01e3aa1b3aa6481cad9e5e3,60.16075,24.95883,00000000f1124bca,9.92
705,2019-08-04T12:41:01Z,77a12194b9a6789f4b2b8c07ae7fce3c2b531cb221e5fa7ca5deae55,60.16897,24.95222,00000000aa852af1,18.79
706,2019-08-04T12:41:01Z,79bb1e615a834d4f653cec7efc45ad5b4bbedf2a83c55b44c586ad0a,60.14947,24.91438,000000004ef3150d,9.12
707,2019-08-04T12:41:01Z,79bde23c1a8980f93a65e14306f0d8ea89e164430d8b991e2bfee82e,60.16531,24.9442,00000000fdda10fe,11.7
708,2019-08-04T12:41:01Z,79d26f15a82c94ac5d05e0f2b6a6beeae1f407972ec39665d7ab9535,60.16829,24.94214,00000000afef4555,5.91
709,2019-08-04T12:41:01Z,79f9a99adf4ab822a772ed093aea2e7fe2345d2156fe28b7fe2fe11f,60.16075,24.95883,00000000f1124bca,14.89
710,2019-08-04T12:41:01Z,7a0c0b525f2d3eed6c873bd3b8d27bede551fe4a428ac15c23deadae,60.16075,24.95883,00000000f1124bca,9.92
711,2019-08-04T12:41:01Z,7a4a06d20ebe57d94e5fceeaf47d5b56ad9a515818e9c20e21a80e61,60.16629,24.95957,00000000fb7600be,11.7
712,2019-08-04T12:41:01Z,7a97375000483176c3b37cc0d1744a950d9b322ce3534208fce0b21d,60.14699,24.922,00000000a53ed894,7.05
713,2019-08-04T12:41:01Z,7ab335e046f7f3597f8f615a90857885e35cfecefebd5d24bbf0af90,60.16075,24.95883,00000000f1124bca,5.41
714,2019-08-04T12:41:01Z,7ad93fed82e41ea4422fa101badc698b0328c3ebf0f6b73c5164d438,60.16897,24.95222,00000000aa852af1,16.1
715,2019-08-04T12:41:01Z,7b1c2b4a083f1544ffd4b5e2e87ab8a58a7bb64abb0f8ce3e53b2ed2,60.14699,24.922,00000000a53ed894,23.56
716,2019-08-04T12:41:01Z,7d85ddf11c6bc0fefabdb00f6e37abd4f4f62ced6ce2f2031b44795e,60.17002,24.94407,000000006b087f40,25.36
717,2019-08-04T12:41:01Z,7d9a3d84c09c3a8d6876389e216e0278048d6b924890fb275a078ffb,60.16531,24.9442,00000000fdda10fe,0.84
718,2019-08-04T12:41:01Z,7de23a812e69199078aa0cacb63721bd7aef52a3b426789819eaea71,60.14699,24.922,00000000a53ed894,7.05
719,2019-08-04T12:41:01Z,7f3c9dd2c7352cb81fb186a7d700841d2bcb47cd8ea0d5f8719b5908,60.16762,24.95415,000000006b44cce7,9.92
720,2019-08-04T12:41:01Z,7f786ec8e06f1ca3bdd10fc60d0114baf354125b8f6cf796d197f4cc,60.16075,24.95883,00000000f1124bca,5.91
721,2019-08-04T12:41:01Z,80cbcb887f3e351e3bef7c5f53dccc578cc3494feec514aed7015c0d,60.16075,24.95883,00000000f1124bca,3.09
722,2019-08-04T12:41:01Z,82411c6526228322a61f59259f13adf7cde62bd767587b6735867705,60.17918,24.95141,00000000675d5200,14.89
723,2019-08-04T12:41:01Z,82ce8c2420645d1eeed2751616ac691b53855581110be4cc97a61036,60.16897,24.95222,00000000aa852af1,21.87
724,2019-08-04T12:41:01Z,83121a75723643c48e3c3b0a3ea5fccb532046432ca445833e8de06a,60.16762,24.95415,000000006b44cce7,5.91
725,2019-08-04T12:41:01Z,83e827ea070ed6a4107cd81c03e001aa1a5d76d22f7f5ac41e63e2e9,60.14947,24.91438,000000004ef3150d,9.92
726,2019-08-04T12:41:01Z,848fdb054358a3fca79c0246f01263c92b5b48aee6b9fb6e260d7a0b,60.16829,24.94214,00000000afef4555,13.75
727,2019-08-04T12:41:01Z,848fe01e24ccc782e5968171f53ea31d28f20a455c45d8bac8fb7374,60.173,24.92524,0000000096918cfa,13.75
728,2019-08-04T12:41:01Z,849a662d95d4185421aff7c6213ba5d7b84cfc58c9fb30ff34054e4c,60.16075,24.95883,00000000f1124bca,8.38
729,2019-08-04T12:41:01Z,857f5ab05809fdb94740616b8d6662aa2458c4a6009e6f717f8933fb,60.17002,24.94407,000000006b087f40,21.87
730,2019-08-04T12:41:01Z,859b417d0b562f5c4ab33c3877c95cd7cbb332db91dcd0f4e7a4f3b6,60.14699,24.922,00000000a53ed894,18.79
731,2019-08-04T12:41:01Z,85d66944a64cfde859e7e08ca4b79f3b39d5b03141d500fe7ce73f7e,60.14699,24.922,00000000a53ed894,9.12
732,2019-08-04T12:41:01Z,85d67c3be46ecb66832dfd9090a931e1be3dd056f718ea6786622131,60.16897,24.95222,00000000aa852af1,14.89
733,2019-08-04T12:41:01Z,868cd7608ed6beb209db2aad8c71f56b8aec3a6b453be18e4af217a2,60.17065,24.93641,000000000f4919c9,21.87
734,2019-08-04T12:41:01Z,87bb1abe21abfcb5e5c2039e579cff7ca863a6019207db356de5b7c2,60.14699,24.922,00000000a53ed894,12.69
735,2019-08-04T12:41:01Z,8822ffe19dec49fe874ac377de5a0504e931e342ecc1f5b1fcb939e5,60.16897,24.95222,00000000aa852af1,17.4
736,2019-08-04T12:41:01Z,885bcc6af7d0aa9718fe1030e32ffff1de5171ae5ef67cf0011874fb,60.14947,24.91438,000000004ef3150d,12.69
737,2019-08-04T12:41:01Z,8947a5209f3b32173d3dc72792039edf94a2711741ab041b62b30643,60.16762,24.95415,000000006b44cce7,4.11
738,2019-08-04T12:41:01Z,896f7e896dc6f1ea44b82bf968a988cc10c358ee34821d9d7a4bd07a,60.14947,24.91438,000000004ef3150d,4.11
739,2019-08-04T12:41:01Z,8a08b2de43a9ef03cf96610718c908e69dcacc59f536a7135b7bb542,60.16629,24.95957,00000000fb7600be,11.7
740,2019-08-04T12:41:01Z,8a9eedc7cf775ab4e9ad2e20bdcbcbe1635808b418eedcdcceda7834,60.16762,24.95415,000000006b44cce7,20.28
741,2019-08-04T12:41:01Z,8b641985c793a3f25a45b2460cb01f5baa6f339c6dd26ba7752d8a7a,60.16897,24.95222,00000000aa852af1,6.46
742,2019-08-04T12:41:01Z,8ba6cfc17ca70e8304994e018ebd5eb2003177062cde05925d5cacb3,60.173,24.92524,0000000096918cfa,13.75
743,2019-08-04T12:41:01Z,8d528b00553162a9dd47d2296d15b2fad89aad6a508424d4589618a1,60.14947,24.91438,000000004ef3150d,4.94
744,2019-08-04T12:41:01Z,8d8a869e83fe2ac29e791666634a33af3ea4048ea4e752b6fb1e238c,60.14947,24.91438,000000004ef3150d,8.38
745,2019-08-04T12:41:01Z,8f62b1c9da034390f954b636984feef9d7735e321ca625a4e715624f,60.16897,24.95222,00000000aa852af1,16.1
746,2019-08-04T12:41:01Z,9023a89a49a372e5f97cf86ef1b5de0164eb67cc10d394d383ab75fd,60.16829,24.94214,00000000afef4555,18.79
747,2019-08-04T12:41:01Z,920dc90f60b295267f63efc8f968408087b71878dc3f49f0ded1c41e,60.17918,24.95141,00000000675d5200,9.12
748,2019-08-04T12:41:01Z,926717d61529080dfc4c7f8cdcdc82c6490d2a5129474524b8c40ea4,60.16829,24.94214,00000000afef4555,10.78
749,2019-08-04T12:41:01Z,93a2100e233b204243f7e69b68dea7c9a145d1b5384bd18359bf87a3,60.16531,24.9442,00000000fdda10fe,2.54
750,2019-08-04T12:41:01Z,93b7794683a373ac7ce9476d49419c2ee26e67b474370e561be167b2,60.14699,24.922,00000000a53ed894,13.75
751,2019-08-04T12:41:01Z,93e409819362e2429a43710ff4330bd3ed83011b73ae438dd7fb62d8,60.16762,24.95415,000000006b44cce7,18.79
752,2019-08-04T12:41:01Z,9575ef1c44f26f0301d726029c8b1c28011a4724496943451bee6544,60.14947,24.91438,000000004ef3150d,14.89
753,2019-08-04T12:41:01Z,958ab5fd2d2c7f0c3fe6dc14fe27005fcf35b013db75f708c22a3619,60.16762,24.95415,000000006b44cce7,17.4
754,2019-08-04T12:41:01Z,9604244c18efd5978b809f021651f7743e0e64da38fcf3718f9b4f93,60.14699,24.922,00000000a53ed894,16.1
755,2019-08-04T12:41:01Z,97264f5808fa13851dacabf0c98525eec29849ff4b6a744cc777fd5b,60.16075,24.95883,00000000f1124bca,14.89
756,2019-08-04T12:41:01Z,9736a8a29aee134a307e0cd4221e9b0a2ab7c48befee43fc62e9f9bd,60.14699,24.922,00000000a53ed894,7.69
757,2019-08-04T12:41:01Z,9862cafd709b75d07c83b397773e0cf33564666cb81814bdbf5e54f2,60.16897,24.95222,00000000aa852af1,16.1
758,2019-08-04T12:41:01Z,987d01417bcff2d7f663704309df2ebdcdb035da3ddb085fab0cf928,60.16829,24.94214,00000000afef4555,10.78
759,2019-08-04T12:41:01Z,98bb3b6f5e2403b14b8e01616c07b03bb1fd153ded656033d7bd3533,60.16075,24.95883,00000000f1124bca,29.32
760,2019-08-04T12:41:01Z,992f6feda52c82ad67e40af55b5602bb22411020701998c6bd65faed,60.16762,24.95415,000000006b44cce7,8.38
761,2019-08-04T12:41:01Z,9a9db814dfa74ca2c2d51496299715310e81c6e6525cc9d2cb0762eb,60.16897,24.95222,00000000aa852af1,8.38
762,2019-08-04T12:41:01Z,9ac4c3176875b59567d28bf01df0c9490620902ff082fd0b93d15cb4,60.18203,24.91341,00000000342570c2,20.28
763,2019-08-04T12:41:01Z,9b8a48b949de8c2f6b09fb1d8e45b6266e4c76b514c2d08d1d53642b,60.14699,24.922,00000000a53ed894,21.87
764,2019-08-04T12:41:01Z,9b8ce6fbe947328c891dfbc4d84b0a33b983d3a728e8289d7fb72962,60.15133,24.92329,00000000e8a064a4,25.36
765,2019-08-04T12:41:01Z,9ba6f9fb8bb950d16224b4182d3c3d8349a0f50619be329c165417e0,60.14947,24.91438,000000004ef3150d,10.78
766,2019-08-04T12:41:01Z,9fc52a61eabf679cf9cdee2c33023c321c69afc87ed71f5a6d6655b7,60.14699,24.922,00000000a53ed894,13.75
767,2019-08-04T12:41:01Z,9ff13c715073d5ad9c464cb67b6de3f703435cf389c32cce5626dfe1,60.149,24.9843,00000000fffb8cf0,21.87
768,2019-08-04T12:41:01Z,a0db7e8063bede2dd55c2c6cf5111932617ecace670ff65314a7d349,60.16629,24.95957,00000000fb7600be,12.69
769,2019-08-04T12:41:01Z,a1b52cda133b45cf931b9e31d4037fb841f80432e99d6a000beeadc8,60.17002,24.94407,000000006b087f40,17.4
770,2019-08-04T12:41:01Z,a38a21a97a054541f0423f03758c70227116c05254958373e3e93ad0,60.14947,24.91438,000000004ef3150d,9.12
771,2019-08-04T12:41:01Z,a3d228482bfdd3dbdfaee1ff72b6ac00c2ee8c05e949047ce9117783,60.14699,24.922,00000000a53ed894,7.05
772,2019-08-04T12:41:01Z,a41e158d772eaf06a23fe6c476419f78fae156bf286c7e56e79cea64,60.14699,24.922,00000000a53ed894,17.4
773,2019-08-04T12:41:01Z,a422a30ec1eb058c7930e1352297c161639faa5b3ca5f5fa47c4adb3,60.14947,24.91438,000000004ef3150d,7.05
774,2019-08-04T12:41:01Z,a4787b6f2d40f6190707f57bbc4805899cd1b06e2a89cf9a01441995,60.16829,24.94214,00000000afef4555,23.56
775,2019-08-04T12:41:01Z,a57caa482ee69e8fa5e65ac8e8a673ec8086a89a3896c3b5edb00f15,60.149,24.9843,00000000fffb8cf0,17.4
776,2019-08-04T12:41:01Z,a6158fc663b4931ef4e811a4acf62ab2f658241775e200b14684f87d,60.16897,24.95222,00000000aa852af1,13.75
777,2019-08-04T12:41:01Z,a6427dc4d8e46890c882bb4c8f9f8b923e8e30692db686527bbd7b92,60.16762,24.95415,000000006b44cce7,16.1
778,2019-08-04T12:41:01Z,a6f944078dd26796f5a849ccb6fdf8a4436f913cf3302597c846462d,60.16762,24.95415,000000006b44cce7,5.41
779,2019-08-04T12:41:01Z,a7472d1b63171c047444981df223670390009e3ea502132d9963e9fb,60.14947,24.91438,000000004ef3150d,5.41
780,2019-08-04T12:41:01Z,a76d219c3abcc4ec3a54dd834263f9a24972c71be4c7bbbfc663f22f,60.14699,24.922,00000000a53ed894,7.69
781,2019-08-04T12:41:01Z,a775a3d1899c2c6fe5de9d036fe26cee03497df5bcbb2646e8efc8db,60.16762,24.95415,000000006b44cce7,11.7
782,2019-08-04T12:41:01Z,a794d97e26d3678bb11b4364880414bb7bfac4bb49d1867b37b489f7,60.14947,24.91438,000000004ef3150d,7.69
783,2019-08-04T12:41:01Z,a88c6bae85183bcf7a25dcbc1fe64128df64a49ded7074a0f51a1f5c,60.14699,24.922,00000000a53ed894,16.1
784,2019-08-04T12:41:01Z,a8bd45406d5913e098652d4c2d836339758e08d21bf5d88becabdd36,60.14947,24.91438,000000004ef3150d,11.7
785,2019-08-04T12:41:01Z,a96e9a3805def174e6ededa93b88ce312739d9d68941dffdeca03e9f,60.16762,24.95415,000000006b44cce7,13.75
786,2019-08-04T12:41:01Z,aa076c3f0d09145aebbb750dde9849ba4eb6759e92ba5753280184d6,60.16762,24.95415,000000006b44cce7,11.7
787,2019-08-04T12:41:01Z,aa5773b59ce2bf1eee53e4e77cd3c261465d2ea538c9a85b8de30cd8,60.14947,24.91438,000000004ef3150d,9.12
788,2019-08-04T12:41:01Z,aa6d51fc5411b69567cb854360c4a81267eac19446946eb27618306a,60.14699,24.922,00000000a53ed894,9.12
789,2019-08-04T12:41:01Z,ac93ac0788af8e1b0f20fada4f15ca1ad31f4084b133482d8211571d,60.14699,24.922,00000000a53ed894,25.36
790,2019-08-04T12:41:01Z,ad8af809ed47a3391bb53d11da159b3a8b0ddc264d94c049ce72bda0,60.17065,24.93641,000000000f4919c9,0.59
791,2019-08-04T12:41:01Z,ae87b8dd8920695bc9e599874667205991c04e30666d8523f0be4350,60.14947,24.91438,000000004ef3150d,9.12
792,2019-08-04T12:41:01Z,aec4b11f0b1ec075878ca4a3b94da464f6fc96e330b913d5bfd346b0,60.16897,24.95222,00000000aa852af1,4.11
793,2019-08-04T12:41:01Z,af2076810e26511562c652d7bb56794c120526dbd4919212167cc3ed,60.16897,24.95222,00000000aa852af1,12.69
794,2019-08-04T12:41:01Z,b0a4e64f8e9d69f9da53bdae4ea9fb3059a80907ea7383ffcc99048a,60.1538,24.95595,0000000038bf9618,20.28
795,2019-08-04T12:41:01Z,b11910a4d628e08056481b347d9a80d6edb23f1f2612beaa24606c8b,60.16762,24.95415,000000006b44cce7,13.75
796,2019-08-04T12:41:01Z,b12b27061f30d5659794f14cbed5e4726c5af1ef526611d3b2dded29,60.14947,24.91438,000000004ef3150d,13.75
797,2019-08-04T12:41:01Z,b26a9be85f5fd17ea58397762fa55db3c8f68fb709d586d61527c892,60.16829,24.94214,00000000afef4555,14.89
798,2019-08-04T12:41:01Z,b2a01c2a06c3cf1a48333e58e787d9eaf2f975a738c02878220d7774,60.16829,24.94214,00000000afef4555,16.1
799,2019-08-04T12:41:01Z,b3d99c04e3db6b698e6e54f19434461336954d0c15385bff6e557be8,60.173,24.92524,0000000096918cfa,9.92
800,2019-08-04T12:41:01Z,b41cc64d7ab4e16a03573bdc3b5863c4b402ec66c7780c7900c02877,60.16829,24.94214,00000000afef4555,17.4
801,2019-08-04T12:41:01Z,b523d3f8341906e4b3877ff7d9614b4e10d6bbf10afdcc6c53656c8f,60.17065,24.93641,000000000f4919c9,20.28
802,2019-08-04T12:41:01Z,b5d47777214eee17c6a10a9fa9611b4339a192405e20695cb249b691,60.15432,24.9211,0000000019fb59c4,18.79
803,2019-08-04T12:41:01Z,b5e3abaccf4a03480985d25eb9fbf454c87f7ad06c38c8bdeb0819fa,60.14699,24.922,00000000a53ed894,18.79
804,2019-08-04T12:41:01Z,b7867e052453c9caa213f48b033624b744187f4cd77c2418cf9d7b79,60.14699,24.922,00000000a53ed894,9.12
805,2019-08-04T12:41:01Z,b81e80c4efa2f6bf7a24861abfd0f0fb5672f1512dc7545a1d387f7f,60.16762,24.95415,000000006b44cce7,21.87
806,2019-08-04T12:41:01Z,b936adc4821ac74aa643564d0b86e3858f1ec392e3f43e92427d7edc,60.14699,24.922,00000000a53ed894,13.75
807,2019-08-04T12:41:01Z,b9c0ac0bb7310d92c296a8870603ebd12c0c632cfc2a1fa33092b337,60.16762,24.95415,000000006b44cce7,9.92
808,2019-08-04T12:41:01Z,baa222a8cd4bafd707316f5932b27c8a4aa5bca6b488ae3d59c3b0dc,60.17065,24.93641,000000000f4919c9,17.4
809,2019-08-04T12:41:01Z,bb0193f2b0ac4801fe82ed5cec75e687465d707d92e731047f81650f,60.1538,24.95595,0000000038bf9618,1.88
810,2019-08-04T12:41:01Z,bbaf028173308162290db328f64d6280c3a54be11015e9f4a63d8c47,60.16762,24.95415,000000006b44cce7,11.7
811,2019-08-04T12:41:01Z,bbe1e18f88cf88928067a0221965768c1f2ae264291cea564d7eb7e8,60.16897,24.95222,00000000aa852af1,7.69
812,2019-08-04T12:41:01Z,bc07df8cc395f6f4f5d483b2233caca5f93a6918f346e4cc3702f8cc,60.16531,24.9442,00000000fdda10fe,11.7
813,2019-08-04T12:41:01Z,bd4ec71179e7755567e37eb54b845b317af028a4effe45dcaeae19bc,60.14699,24.922,00000000a53ed894,18.79
814,2019-08-04T12:41:01Z,be21a77f983baae8e0ba646eda0988a618149dcc7ef4c303c35d5377,60.14947,24.91438,000000004ef3150d,3.74
815,2019-08-04T12:41:01Z,be52b901acbdb877b39a6d46af301e3105e19cea90b64ee92557ab55,60.17002,24.94407,000000006b087f40,21.87
816,2019-08-04T12:41:01Z,bebf1edb9736fe66391376c4cf2a3033ab9fa83ae21f86b66392e2d0,60.16762,24.95415,000000006b44cce7,14.89
817,2019-08-04T12:41:01Z,bf2e5725b255e320f1e8375ec03f55194f1fd9f751be9629d873a5c8,60.14699,24.922,00000000a53ed894,3.09
818,2019-08-04T12:41:01Z,bf7b5b4e75942592c7b9ce61d2191afc196d5b162bcff93bc53ea1d7,60.17002,24.94407,000000006b087f40,25.36
819,2019-08-04T12:41:01Z,bf992d3cd95a73f02d7223eaffe90a94e3e1e98a8c6759bab631b5b0,60.14947,24.91438,000000004ef3150d,8.38
820,2019-08-04T12:41:01Z,c0722f63618f97eb8ec4afac1a8538b81a3c87e623d753ad1201bf7c,60.16075,24.95883,00000000f1124bca,8.38
821,2019-08-04T12:41:01Z,c0872968c54204234fb9792b4e0d997b0ea5882f431eda70bb244e3a,60.14699,24.922,00000000a53ed894,18.79
822,2019-08-04T12:41:01Z,c0a0ca3433586ed2ae0e448f2406fabac7292ac79d49562e0bd5cef8,60.16762,24.95415,000000006b44cce7,13.75
823,2019-08-04T12:41:01Z,c1e4323d2276cb6e358f5fabb123294e7a0ef87e7169f3cccc8f2e03,60.16075,24.95883,00000000f1124bca,20.28
824,2019-08-04T12:41:01Z,c36d58ed0e0dddb3e26be1214e369db1c3fa3d4bcf8b53536a25239b,60.17065,24.93641,000000000f4919c9,3.4
825,2019-08-04T12:41:01Z,c3b2521faf0f7ae79434e40e86c59699d399444b775c7619f6e73e36,60.16075,24.95883,00000000f1124bca,20.28
826,2019-08-04T12:41:01Z,c593e91b10da944a20d25c4237bda2fae759d288cea38bcaaee3abfa,60.16448,24.97323,0000000053c6c2be,33.81
827,2019-08-04T12:41:01Z,c633a260ce59bad4e1ca42f12936ed8ae57a40f5e6528dfb70052c43,60.16897,24.95222,00000000aa852af1,10.78
828,2019-08-04T12:41:01Z,c7416c039513e3156222d936c483164a0914a3b5a5310985374f4767,60.17065,24.93641,000000000f4919c9,29.32
829,2019-08-04T12:41:01Z,c905a50dedd9b3d2114cde9160b7adf83adc09683b65598ce24c4047,60.1538,24.95595,0000000038bf9618,27.28
830,2019-08-04T12:41:01Z,ca507a06be040b3e520339b63d5bd15463a1862124c4bd940d936e4a,60.16762,24.95415,000000006b44cce7,11.7
831,2019-08-04T12:41:01Z,cb3f05d5604f5532e039e6d40514b13aba8f6274d952bb17a8b801fc,60.15432,24.9211,0000000019fb59c4,11.7
832,2019-08-04T12:41:01Z,cbd334d06c16786ddc543b71b34da6278d203ac72606f0f9275e0936,60.16829,24.94214,00000000afef4555,2.54
833,2019-08-04T12:41:01Z,cc2cf42c6b14536fb92c810ff0e3dd5a3caa74236f14246a5b6e8cdc,60.16762,24.95415,000000006b44cce7,7.69
834,2019-08-04T12:41:01Z,cca4c469470383a073e2fc4aa7102906db6a8d478131e9a1420d96f2,60.16762,24.95415,000000006b44cce7,14.89
835,2019-08-04T12:41:01Z,cce6b6f309e43e2bb1be6a9784582a82891e976d0869d01040586d27,60.14947,24.91438,000000004ef3150d,12.69
836,2019-08-04T12:41:01Z,cd3e127e27387b6e06cdf27f46fb6046e4182e4d7b49b49c17167c1c,60.14947,24.91438,000000004ef3150d,7.05
837,2019-08-04T12:41:01Z,cd47b9ac851ce6b21df7b8e918554b0cb1a12d03da7e0aaf14e19314,60.14947,24.91438,000000004ef3150d,18.79
838,2019-08-04T12:41:01Z,cd4ecd3b83630f6e5d65f635804e47a1ceb82853aac36af30044f06a,60.149,24.9843,00000000fffb8cf0,11.7
839,2019-08-04T12:41:01Z,cd62fc5a92bd89f24a6e3d736d5511bf872859d762723b92f2092abc,60.16829,24.94214,00000000afef4555,31.5
840,2019-08-04T12:41:01Z,cd9b2be9ffb37c8b7c5c25f587c95b1c7932a21fb245487ea2f740d9,60.14699,24.922,00000000a53ed894,9.12
841,2019-08-04T12:41:01Z,ceb777dafa9b7e39125b89735b7f0cf22c3018eb0196043ac8160370,60.14699,24.922,00000000a53ed894,5.41
842,2019-08-04T12:41:01Z,cec994f57adea844759ff0f233c3d3e0f92f403bc955c41ab4f67224,60.16829,24.94214,00000000afef4555,12.69
843,2019-08-04T12:41:01Z,ced0425d382ce86b7565a8b7b36a453a0880a08ba10090524e6c1ac5,60.14699,24.922,00000000a53ed894,17.4
844,2019-08-04T12:41:01Z,cfa42322be0000cf89d8969d1b88ace0ba99cab721dd58d55d41a36e,60.17065,24.93641,000000000f4919c9,12.69
845,2019-08-04T12:41:01Z,cfc2a688ff31fbb1baac8790fb6d56dc7746ba2cf9e0e5f39d4751a4,60.14699,24.922,00000000a53ed894,5.41
846,2019-08-04T12:41:01Z,d0413da80c7714f40ffe50dcfb00039280c64ecebc61c59df72965e6,60.149,24.9843,00000000fffb8cf0,10.78
847,2019-08-04T12:41:01Z,d0aa228c2a3e6e1568e876cffc76874702e0f0f63f18533551bf02c1,60.16075,24.95883,00000000f1124bca,12.69
848,2019-08-04T12:41:01Z,d12f9e6275869a74f979eac17b326dfe329bbd78b8732fc998b5f132,60.14699,24.922,00000000a53ed894,10.78
849,2019-08-04T12:41:01Z,d2b1a7ead9aff41a8cb3fff6b7f4ee84a780b52aae2f3838b83447fc,60.16829,24.94214,00000000afef4555,16.1
850,2019-08-04T12:41:01Z,d3486259a51296194d20e84e88ba4588e37cf48661effba832c33ab0,60.16762,24.95415,000000006b44cce7,13.75
851,2019-08-04T12:41:01Z,d38e88e5b926f9d1de6e326cca45116fcca11f10684c80876739c6cd,60.16075,24.95883,00000000f1124bca,14.89
852,2019-08-04T12:41:01Z,d3a37aedae39925bda7da8e4f05a61b85904a00f88e8684006c76351,60.16829,24.94214,00000000afef4555,12.69
853,2019-08-04T12:41:01Z,d87210146aab139cc6640a20b428dce6ac516806a71a177b70e04f62,60.17065,24.93641,000000000f4919c9,7.05
854,2019-08-04T12:41:01Z,d8f93f7019ced3cf8ccc2946465e8113293e75498092e982fd45bbc5,60.16762,24.95415,000000006b44cce7,14.89
855,2019-08-04T12:41:01Z,da0c40291d3ace2273a08e3c9b87cbc15b0f03d0dba61e7c5a88dc0c,60.15432,24.9211,0000000019fb59c4,21.87
856,2019-08-04T12:41:01Z,daac051ca20430238282e179e0fe525b11ff1e8f1ace26d45b41f331,60.14947,24.91438,000000004ef3150d,21.87
857,2019-08-04T12:41:01Z,dc15145376f4a497910c8d2231d671bf62f1918ad93938a48fdc3eb4,60.149,24.9843,00000000fffb8cf0,27.28
858,2019-08-04T12:41:01Z,dcfde229ae28a6fcd369df2ec3f94eb708fb73352b49e25d3207ab5e,60.15432,24.9211,0000000019fb59c4,31.5
859,2019-08-04T12:41:01Z,ddc8410b9e4ece4b995b789f95e526693bac176ed77092ba57355dc8,60.16762,24.95415,000000006b44cce7,4.11
860,2019-08-04T12:41:01Z,ddd849ee86afceedd5f5582ede84380d5596c9ea304d634ab0fd0de0,60.16829,24.94214,00000000afef4555,3.4
861,2019-08-04T12:41:01Z,de09fd8d15c3d7adbf440a3d0a418a3b476513c968bda8a4aa652adf,60.173,24.92524,0000000096918cfa,18.79
862,2019-08-04T12:41:01Z,de0d086ae32f87522eab31d3bc52545ed17b065889674963c0709568,60.16829,24.94214,00000000afef4555,9.92
863,2019-08-04T12:41:01Z,de84f754a3916c8f831b0bb8ea41fc2a42cdea2794558fece3c7ae97,60.1538,24.95595,0000000038bf9618,16.1
864,2019-08-04T12:41:01Z,e02c0f9f72e9f248a4b5df8af328e1a0132d4d8a72c1e603d14cdacd,60.18203,24.91341,00000000342570c2,21.87
865,2019-08-04T12:41:01Z,e0df847c19b463dec6cea35494d375ce136a276c6a785936c931f60f,60.18203,24.91341,00000000342570c2,17.4
866,2019-08-04T12:41:01Z,e146a005895fb34bd6ba171e992a110e3768e607872add67faa900fa,60.16762,24.95415,000000006b44cce7,13.75
867,2019-08-04T12:41:01Z,e23a6115ba872037f9b5066c9c9c966b497f449e32a2c9ceb0e55497,60.16829,24.94214,00000000afef4555,7.69
868,2019-08-04T12:41:01Z,e306222bf5380fc0470253db978eec9c88dc8f5f5fe2c4cfc159e3c6,60.14699,24.922,00000000a53ed894,16.1
869,2019-08-04T12:41:01Z,e341e5e3e0b4fef8c3764508293310da5922b202d791694e43069ad1,60.16544,24.95398,0000000038d83d41,33.81
870,2019-08-04T12:41:01Z,e34bcebfa007159f3d2adb0e62e20fcf721a221f52bdfe2a6ad77831,60.18203,24.91341,00000000342570c2,17.4
871,2019-08-04T12:41:01Z,e35717ff07f32be5a2e1520f1855533f8dcc72cff7930c9cba9da32b,60.14947,24.91438,000000004ef3150d,5.91
872,2019-08-04T12:41:01Z,e3c03ee00a1bcd066f8b260cc5b9824d1118b7b7f972a818752aabc7,60.14947,24.91438,000000004ef3150d,5.41
873,2019-08-04T12:41:01Z,e4b111abda6e15229c808fb72d5c0c38e2cf3abdbbb62fff5ae48e42,60.16762,24.95415,000000006b44cce7,14.89
874,2019-08-04T12:41:01Z,e52d3c472cea2a2526e08e788d0ec316e9bfa1833f1d5121ceaa34eb,60.14699,24.922,00000000a53ed894,18.79
875,2019-08-04T12:41:01Z,e6f4e3d1f5e01888556b077224cb4d8f88d63306fff2388e3fd997d0,60.14951,24.92138,0000000006dd41f6,20.28
876,2019-08-04T12:41:01Z,e6f7965f2ef456f61121bcce5e466f125192e511c2af72d901307e8e,60.16762,24.95415,000000006b44cce7,17.4
877,2019-08-04T12:41:01Z,e7cd5f775c7eea951719f351fcc25c710f857832d6f4b70a51b7b82d,60.16897,24.95222,00000000aa852af1,16.1
878,2019-08-04T12:41:01Z,e826dedac8582e619ce18cd7eed68be5ee1fc9ed37e191e06f916835,60.14947,24.91438,000000004ef3150d,13.75
879,2019-08-04T12:41:01Z,e8edad8445fc4965a5c0eae45906480d83b15e61fc6139c7bdea1e33,60.14699,24.922,00000000a53ed894,25.36
880,2019-08-04T12:41:01Z,e9115410fa45db5a174eee008cae729dc69937a0e0b5a304899bf1b9,60.17065,24.93641,000000000f4919c9,17.4
881,2019-08-04T12:41:01Z,e92230dc6ed39c00fcf9869eab85626b72672a3722fc667270ef7764,60.16629,24.95957,00000000fb7600be,18.79
882,2019-08-04T12:41:01Z,e92eb020afcd7c1fad04690230ff8c2f005e404dd25b8dced1df30dd,60.16075,24.95883,00000000f1124bca,3.4
883,2019-08-04T12:41:01Z,e95415d461b040c869512659bcc843eedf3267c4b029a0b3fab444aa,60.16829,24.94214,00000000afef4555,14.89
884,2019-08-04T12:41:01Z,e9e19621fc5cfcfed2c808bbadc6cc6dd31e28d3c04cef8b89ca2729,60.16075,24.95883,00000000f1124bca,16.1
885,2019-08-04T12:41:01Z,ea157e44ed100be3f782d8b3d8e5e0986079c588c9ea754b14917df0,60.16829,24.94214,00000000afef4555,7.05
886,2019-08-04T12:41:01Z,eaa9924da1e700147607d5145e2b55b48b65deea922ee2e59bd1d5a7,60.173,24.92524,0000000096918cfa,7.69
887,2019-08-04T12:41:01Z,ec350e26364cb676c4cdb72647f039c31e27c775e7bb8973223e5d9b,60.14947,24.91438,000000004ef3150d,5.91
888,2019-08-04T12:41:01Z,eca02e24138faaf8fc3783b3c7a2b83fbbceaaa3ae3b5697c6c03295,60.16829,24.94214,00000000afef4555,20.28
889,2019-08-04T12:41:01Z,ed79b42b7b79277b944e3800c2bf93fefe5be88fe6d0d2b52a944ea8,60.16762,24.95415,000000006b44cce7,18.79
890,2019-08-04T12:41:01Z,ef352dcaa8317b6a3c0a02cd8908dd13da5601cc66ba65c5fd8d031a,60.14947,24.91438,000000004ef3150d,17.4
891,2019-08-04T12:41:01Z,ef77b04fc57a9781bf581172358ba74cf41e0b2a6ecc8090f99810bf,60.14699,24.922,00000000a53ed894,5.41
892,2019-08-04T12:41:01Z,efe8b6c6fdf0d2caccd589aaaa4f0228a80590ff9ec7961f2e92103d,60.16762,24.95415,000000006b44cce7,5.41
893,2019-08-04T12:41:01Z,efede7788e33d8b78a496dc7116ee0f8e312be547aa5c8b7081306fb,60.16829,24.94214,00000000afef4555,29.32
894,2019-08-04T12:41:01Z,eff4b939ab2899b5b39a98ac7c22c2c31ee4af9c396df361fc5cc50f,60.16629,24.95957,00000000fb7600be,18.79
895,2019-08-04T12:41:01Z,f00fb569fe1448dccb8e92e24b081a3164b59eb117131800780c70a9,60.14699,24.922,00000000a53ed894,13.75
896,2019-08-04T12:41:01Z,f062cb52d49926a4fb39f723275ed60ab6c0f3bf34e0c3f9d233b7b8,60.14947,24.91438,000000004ef3150d,9.12
897,2019-08-04T12:41:01Z,f20f951802c722181f0e90095001c49e73f84049bb105b95c97049d1,60.17918,24.95141,00000000675d5200,23.56
898,2019-08-04T12:41:01Z,f2deba4ef84dbbc8c5d8524f6e2311183003bce4f9bfa6aef5b5ef66,60.14947,24.91438,000000004ef3150d,7.05
899,2019-08-04T12:41:01Z,f2e063c8c25a8bec0dd6ec3924a5f59fd9694078f2f3fd5b3ea96f29,60.16762,24.95415,000000006b44cce7,13.75
900,2019-08-04T12:41:01Z,f39827c3c7f4c833d1118043492f78e3255b6da9f4a2c000041d9b61,60.16829,24.94214,00000000afef4555,7.69
901,2019-08-04T12:41:01Z,f3ec2366b51157150674e5ab6293bdb19e0b30ca4296fee4c97b811c,60.14699,24.922,00000000a53ed894,13.75
902,2019-08-04T12:41:01Z,f5f7cfe177dfb0b7ebba2419ae53f70b6b5690dd98d98586004a9107,60.149,24.9843,00000000fffb8cf0,8.38
903,2019-08-04T12:41:01Z,f7138664632ea7f53fd8220106efdc3549b5e3ca9aef8d406a194e97,60.16829,24.94214,00000000afef4555,23.56
904,2019-08-04T12:41:01Z,f7777ac6285e2f6b6aa546b03f294d81e169b8236268cfed232c9679,60.16897,24.95222,00000000aa852af1,23.56
905,2019-08-04T12:41:01Z,f7f0caf73572bea3c08b592eeb9655b2668cfb16fd8840ca5619d84a,60.14699,24.922,00000000a53ed894,3.4
906,2019-08-04T12:41:01Z,f84faae0aa9ce2d1d09d270282dd81033ad1352346128534d8c3fc7f,60.149,24.9843,00000000fffb8cf0,14.89
907,2019-08-04T12:41:01Z,f9399339c3de44774896319d3f291771cebcaf2666df1d6062469882,60.16531,24.9442,00000000fdda10fe,27.28
908,2019-08-04T12:41:01Z,f9a7057352731d27889cbd388be5902a6e62b297a3467232e8e47094,60.16762,24.95415,000000006b44cce7,16.1
909,2019-08-04T12:41:01Z,f9f454563bb2c7fd9944c5f164bf6c5fad98bb698039934d4d8b54dd,60.16897,24.95222,00000000aa852af1,17.4
910,2019-08-04T12:41:01Z,fa96854324adae88abb35afa34b2393a20338bfd8fc9602d3ce6ae8d,60.14947,24.91438,000000004ef3150d,3.74
911,2019-08-04T12:41:01Z,fadc39da3cd26ac621092fbbff224b95bb13446c8d24bbf4f3e50e90,60.14947,24.91438,000000004ef3150d,10.78
912,2019-08-04T12:41:01Z,fc618d570293e104f3bf927312641e3b7c65acce185b1614337d848c,60.16829,24.94214,00000000afef4555,11.7
913,2019-08-04T12:41:01Z,fd77161cf9715d9d0f922cf45e79e5d9b9debef5113cb32a4f82ef76,60.16762,24.95415,000000006b44cce7,5.91
914,2019-08-04T12:41:01Z,fdb4817ca5d55261e9dd1ebc73d576c10e33f28b542381eb7845885e,60.14699,24.922,00000000a53ed894,33.81
915,2019-08-04T12:41:01Z,fe5ca86c906b1cb3bf9dd257ceefc562e41da499878f1074484f7d42,60.14947,24.91438,000000004ef3150d,14.89
916,2019-08-04T12:41:01Z,fe694a484edd6d458a9dd6ab1b972c47170c8d32ebc0a87317ddc660,60.18203,24.91341,00000000342570c2,12.69
917,2019-08-04T12:41:01Z,feb399897846bc34dc3f4b06ac4ef0ffb0db885977b88e5c5fdb7350,60.14699,24.922,00000000a53ed894,12.69
918,2019-08-04T12:41:01Z,ff8280896145ae17e594c52eac2cdbab47d3757d797878fbc4298596,60.1538,24.95595,0000000038bf9618,33.81
919,2019-08-04T12:41:02Z,0152988639aaaa9cc27213280c8f0c0c8ec97ae6a45aaaf743c9c25d,60.16544,24.95398,0000000038d83d41,29.32
920,2019-08-04T12:41:02Z,07d86ad98399440d0cc3bd3382a7256feb971e49a3686dc17f532e1c,60.16829,24.94214,00000000afef4555,13.75
921,2019-08-04T12:41:02Z,1142f5b6806b1ec7d8d47d47013eb530d8a7418f6934d8867b20966a,60.16829,24.94214,00000000afef4555,13.75
922,2019-08-04T12:41:02Z,14c7e1511b70f4dd3359cbece1377aebb4d70531f5489eefe53d7c3c,60.16544,24.95398,0000000038d83d41,23.56
923,2019-08-04T12:41:02Z,1599d2c9070a6f05e1a5887c2d9209214c04818c6203fe75440734f2,60.1538,24.95595,0000000038bf9618,29.32
924,2019-08-04T12:41:02Z,1e7ea410376fbdb3f3c476c76d23abad5d830690f78f71ea06f7e321,60.16075,24.95883,00000000f1124bca,10.78
925,2019-08-04T12:41:02Z,211f6b7b044343d0be369791b3fa3c144d0d0f391e2a42787712efb0,60.16448,24.97323,0000000053c6c2be,12.69
926,2019-08-04T12:41:02Z,21d09757012e8f7297d1de922f681bcc36581a3d7be770b42b3780a0,60.15432,24.9211,0000000019fb59c4,17.4
927,2019-08-04T12:41:02Z,25a7ff811c3c06e426c7c2cbb0433d9a2a3399b23afecbd35584ab0f,60.18203,24.91341,00000000342570c2,18.79
928,2019-08-04T12:41:02Z,2d3d031189abfaea69cd551a97b2b2d056a908f19bc56701010a2304,60.16897,24.95222,00000000aa852af1,14.89
929,2019-08-04T12:41:02Z,2d407793ce0a0290a87debe672b1af2af93c687ca83668e17fb0ce63,60.14947,24.91438,000000004ef3150d,9.92
930,2019-08-04T12:41:02Z,315af4a829b592ba99b203b8ed2cbd499769f8752dfe6de7da4ee929,60.16829,24.94214,00000000afef4555,16.1
931,2019-08-04T12:41:02Z,3944bc7a301be7241d1f7bc4a97f221000d535ce3d8a9af9af9b23b5,60.16531,24.9442,00000000fdda10fe,31.5
932,2019-08-04T12:41:02Z,3a93902ba6b635489cd6f55b08d93e6fe7a5bc0a86a0b490a88f6d1b,60.16075,24.95883,00000000f1124bca,16.1
933,2019-08-04T12:41:02Z,3b5cafe90982db26cf737b2e4cd4275276f6a031bca3b2a1f73023b2,60.14699,24.922,00000000a53ed894,20.28
934,2019-08-04T12:41:02Z,3fe5f4ccfa5c777ceafda0674d7c9da6f509f6694b4c2fa254b32e73,60.16897,24.95222,00000000aa852af1,20.28
935,2019-08-04T12:41:02Z,3fe84a5a1e657df8910685df3a8cf779a6ebc3362fbc8e578f235ee4,60.15432,24.9211,0000000019fb59c4,6.46
936,2019-08-04T12:41:02Z,4317f5904a5e6ae921bf743dd534c803083fd90b15a1245881beeade,60.16897,24.95222,00000000aa852af1,23.56
937,2019-08-04T12:41:02Z,44d0b94469070803869f229601e877beb613c3f5aafa009addf97a1a,60.16544,24.95398,0000000038d83d41,12.69
938,2019-08-04T12:41:02Z,4656bad9b5e6dfc3977eca308fc1db3dbf8b0204b90d09b001da242e,60.1638,24.96846,00000000d747f075,29.32
939,2019-08-04T12:41:02Z,4a1efc9faf9548fe0ed72037d54a131265a72e61fdfc2009a4e9408a,60.16075,24.95883,00000000f1124bca,11.7
940,2019-08-04T12:41:02Z,5d65719c4cbf045f068d084b72302f447d5fd034413d97d13be00d0e,60.18203,24.91341,00000000342570c2,16.1
941,2019-08-04T12:41:02Z,5eed115a984d490b02b602d73787aee8dc8c4e9365b77fbff3818a76,60.16629,24.95957,00000000fb7600be,18.79
942,2019-08-04T12:41:02Z,69219e9efa41ae9e732653e9eaf08e1a34cb853a9dafe76ddeea4d04,60.16897,24.95222,00000000aa852af1,18.79
943,2019-08-04T12:41:02Z,6a4fb562fd2a38f15fbb1d8b7c4269574816246b0b2fb05b6d0487e9,60.16829,24.94214,00000000afef4555,25.36
944,2019-08-04T12:41:02Z,6a70e2fbced719333e21eff04fcb9cb36bae9a04d1a3d6ddd96f2c58,60.15432,24.9211,0000000019fb59c4,8.38
945,2019-08-04T12:41:02Z,6f06341f358e61699fe1e55e986dd0554bc8da28b91daf0c5ad99db6,60.16629,24.95957,00000000fb7600be,36.27
946,2019-08-04T12:41:02Z,70d8572458a1a103555bab897b6443e601e0ed211414b15ad0b56f60,60.16544,24.95398,0000000038d83d41,25.36
947,2019-08-04T12:41:02Z,737efc92e3419e9d96a8559ec341ea7e18ba6381fd8e4de3d06f82a0,60.14699,24.922,00000000a53ed894,14.89
948,2019-08-04T12:41:02Z,7678cdb86d454ca9ae52f22d97e635106585a3a046d01da4463695cc,60.18203,24.91341,00000000342570c2,21.87
949,2019-08-04T12:41:02Z,79f136afa0dd8717337c01c70b457c464aaf0fa25b440f51a394ec23,60.16762,24.95415,000000006b44cce7,12.69
950,2019-08-04T12:41:02Z,8468db43b6df433cf4f806fa750ab4ec625503fd4b89d96b5b6f1b1c,60.16075,24.95883,00000000f1124bca,8.38
951,2019-08-04T12:41:02Z,85ef35aecf2ff804be3d958b592705ec41c6df9c128c132c65bb283d,60.16897,24.95222,00000000aa852af1,27.28
952,2019-08-04T12:41:02Z,87dfaad29a9276ddddb1fa021d3bc23ad14824c1af16f7d87e713689,60.14951,24.92138,0000000006dd41f6,11.7
953,2019-08-04T12:41:02Z,88808fe92573e9cdf022cc15b9689b6b4b9429f60513c8897b0ba4c7,60.16897,24.95222,00000000aa852af1,20.28
954,2019-08-04T12:41:02Z,89982a6acf91b79a282a6b63978e946ee205f303fcd20e944e06baf0,60.16544,24.95398,0000000038d83d41,31.5
955,2019-08-04T12:41:02Z,8c3b1ed0846e38cc84b863a80540c8a75bfd85c8bdda36563d153110,60.16544,24.95398,0000000038d83d41,31.5
956,2019-08-04T12:41:02Z,8c75c3289c84fe4493e1e272a77b615fe1985880c5dc68a7c1a17b53,60.16762,24.95415,000000006b44cce7,13.75
957,2019-08-04T12:41:02Z,9843c6216661048343a0e49cf3d8aa2883cf77f452666a1c873a1052,60.16448,24.97323,0000000053c6c2be,12.69
958,2019-08-04T12:41:02Z,9fc0711d7e7722eff7faa0cb6f17846680c06515c1eb93dd49ebcf25,60.14699,24.922,00000000a53ed894,12.69
959,2019-08-04T12:41:02Z,a12be4ecd9193da4cc89381b6a3715e1e453ce0ebc59bb7ce12f72b0,60.16544,24.95398,0000000038d83d41,31.5
960,2019-08-04T12:41:02Z,a91d379a4b57c5df22db0d7a041ff69f657b4b31f28554b1011fc03c,60.16544,24.95398,0000000038d83d41,31.5
961,2019-08-04T12:41:02Z,acd2647d413f41552b31b6e383da445c8902bc2a764d2b7791a7b164,60.16762,24.95415,000000006b44cce7,13.75
962,2019-08-04T12:41:02Z,af807b67ce09a2ce1744025c421961213f1608ca658ece4df69555a1,60.16762,24.95415,000000006b44cce7,16.1
963,2019-08-04T12:41:02Z,b33ae7715d6d2571066655c2c8954a5a364b5601869047de83410d9f,60.16629,24.95957,00000000fb7600be,25.36
964,2019-08-04T12:41:02Z,bb98768dad0f7c52cf643f035a3e7e48f5cfe28557c66f2a75914b31,60.14699,24.922,00000000a53ed894,21.87
965,2019-08-04T12:41:02Z,bcb0201b0a1edf350ae2f681076e7d2d48ebd94c075bd3ca59552020,60.16897,24.95222,00000000aa852af1,21.87
966,2019-08-04T12:41:02Z,c40c37def6bf11a63a2556519a7c6233fd417cdeea2cf14f28e7c42c,60.16531,24.9442,00000000fdda10fe,36.27
967,2019-08-04T12:41:02Z,ca6927628f5ddda20036865c9345ad93d476d62ade3b181de568eed6,60.16897,24.95222,00000000aa852af1,23.56
968,2019-08-04T12:41:02Z,cf05623e4d87ce0906c0b0b7dbf53aacc1228016cd27c341228b6e76,60.18203,24.91341,00000000342570c2,20.28
969,2019-08-04T12:41:02Z,cfc0bedb78ded52749db3188cb188bf6a250ef5990da9c5afa9623fc,60.14951,24.92138,0000000006dd41f6,20.28
970,2019-08-04T12:41:02Z,d568a92135fd8619da42f2038266f4922d5b6d48fe1c5f9490d39f30,60.14947,24.91438,000000004ef3150d,12.69
971,2019-08-04T12:41:02Z,d661caec7a5da6aef734734bbf9090debe494c1afd98050f88f269bd,60.16829,24.94214,00000000afef4555,8.38
972,2019-08-04T12:41:02Z,ded49640b591e73bff71f84fb99d2739eb6c9554164a015017725e03,60.16829,24.94214,00000000afef4555,21.87
973,2019-08-04T12:41:02Z,e8e366e76c97944e23c0f80b4fd3ce6e5832744922297146a49f0c7e,60.16762,24.95415,000000006b44cce7,9.12
974,2019-08-04T12:41:02Z,e96bd269a48b822b06141c3362fcb6d5ed4d0d09a120f2e4a712d5c2,60.16897,24.95222,00000000aa852af1,14.89
975,2019-08-04T12:41:02Z,ed70dda6b7faebd4340dacdb452ab224d9d3c308df417b7fa76f54e8,60.14951,24.92138,0000000006dd41f6,20.28
976,2019-08-04T12:41:02Z,eee5797db5c3753514933a12e2485caee4ee5803b4d830ba1c22e5c5,60.14947,24.91438,000000004ef3150d,17.4
977,2019-08-04T12:41:02Z,efa8e25ea4c5ed441c13cffe6302f0a18f60181c6ede8e013f75a44c,60.16829,24.94214,00000000afef4555,14.89
978,2019-08-04T12:41:02Z,f088630d7476dae7d4b7e2bb1f10575f2c89acb4b6e061f3d57c2b40,60.16531,24.9442,00000000fdda10fe,16.1
979,2019-08-04T12:41:02Z,f29ea15113ac0eea0be8ec41c633909de4b0b9ab6c7b9898b128080c,60.16897,24.95222,00000000aa852af1,17.4
980,2019-08-04T12:41:02Z,f6609ab1076b1105bb845595a03b41b8fbb282f79c337df5bbc9f841,60.14699,24.922,00000000a53ed894,12.69
981,2019-08-04T12:41:02Z,f94dddacf96965952551200a02b41925bcd21402aceafb12f19931af,60.16075,24.95883,00000000f1124bca,16.1
982,2019-08-04T12:41:02Z,fc4f3a44235f1cfc7b53f14ba2da599976a5a0a220d23b852688e485,60.17919,24.95181,000000007b5207b6,18.79
983,2019-08-04T12:41:02Z,009ad4cd2bd97e04da44cc9789e6bdbdb899eded61d05b7d5634b7be,60.16829,24.94214,00000000afef4555,13.75
984,2019-08-04T12:41:02Z,032e5d7621738a50c9e742e0cba13c819f7c67cedf8687f3ab25595c,60.16762,24.95415,000000006b44cce7,10.78
985,2019-08-04T12:41:02Z,036c183505fea646b54aeb0c612913cafba94eca65e47d3c6d840a68,60.17918,24.95141,00000000675d5200,23.56
986,2019-08-04T12:41:02Z,04c3b487e8f6b938d4fcd30254edecafbe62a0d8d53ebc32d0151c6d,60.16762,24.95415,000000006b44cce7,20.28
987,2019-08-04T12:41:02Z,05d441c83d2df822feaf93d7861452db7a201f22d84cfa36f421dfd2,60.16544,24.95398,0000000038d83d41,11.7
988,2019-08-04T12:41:02Z,0638ed176f2a4b17c11bae92240575c9305f4bc21592a476b3106be4,60.16762,24.95415,000000006b44cce7,14.89
989,2019-08-04T12:41:02Z,08171a3d6565fe801fb5288c1100877c6835f5c3c9039afaebfa1cf1,60.149,24.9843,00000000fffb8cf0,23.56
990,2019-08-04T12:41:02Z,0851ab74be2e888decf0046825f09ed302f7b2275e72b09b5b713d85,60.16829,24.94214,00000000afef4555,18.79
991,2019-08-04T12:41:02Z,09e6b7d5a7a9e691d686fb405bc2bfe0c9e5d525b47385d9235575e3,60.16897,24.95222,00000000aa852af1,9.92
992,2019-08-04T12:41:02Z,0a0acb70a8ef92be52a64d4425e70bb2f7a17d13942c3382c9d68878,60.149,24.9843,00000000fffb8cf0,6.46
993,2019-08-04T12:41:02Z,0a862920946d7a0dcbee7c1cf28a7b77c57763261788dbd361ed6409,60.14699,24.922,00000000a53ed894,13.75
994,2019-08-04T12:41:02Z,0a8eb41acf097f79d7e145d7a002bbaa9f5017b44076ad66b2dbe053,60.16762,24.95415,000000006b44cce7,27.28
995,2019-08-04T12:41:02Z,0b0dd9af9d52c68ff71ce266d6707abbb0f56c3c63be0f83f7b5df9b,60.16762,24.95415,000000006b44cce7,5.91
996,2019-08-04T12:41:02Z,0bff251f683fe3bcebc305ef3e1bc5aef303d51c6a9bb0fb62b7d9c7,60.18203,24.91341,00000000342570c2,25.36
997,2019-08-04T12:41:02Z,0c905239b8c0e14cba671cf4d4d715d1045a30ee62a6285fb489dbb0,60.16829,24.94214,00000000afef4555,23.56
998,2019-08-04T12:41:02Z,0d3525b13d674f1645fdbe6d842fe37b2f416889c5472e9dfcc5445c,60.14947,24.91438,000000004ef3150d,10.78
999,2019-08-04T12:41:02Z,0fe681ee4c4c70c99bbacaf42e0d3c9bffc5818eb71197978a94b021,60.16762,24.95415,000000006b44cce7,3.74
1000,2019-08-04T12:41:02Z,10caaea8002e8b3b342b32710efdd7305ff375ca1cdc01411f66b2f6,60.14699,24.922,00000000a53ed894,9.12
1001,2019-08-04T12:41:02Z,13bcedb8c59b26417282929d81844b272c7c5bc295614f531219a8e4,60.14947,24.91438,000000004ef3150d,8.38
1002,2019-08-04T12:41:02Z,13ee67fb034e3d24edc9a9618e9d6de24979ebbcb399f83abb02a897,60.14699,24.922,00000000a53ed894,3.4
1003,2019-08-04T12:41:02Z,1496ce9cf373a2a508a8ab0b7aa0604dd889fd69483881c3752219af,60.14699,24.922,00000000a53ed894,10.78
1004,2019-08-04T12:41:02Z,15ee12e5f9be00a79b0cbbc9912f51cbfa3e486624567e1bde938fb6,60.1538,24.95595,0000000038bf9618,14.89
1005,2019-08-04T12:41:02Z,161aa798c2a18e132fb27ecded773218ea4e42eabbd0e5794b1d7017,60.15432,24.9211,0000000019fb59c4,27.28
1006,2019-08-04T12:41:02Z,1769031b7f4d75de0541e26427b9ecc92c84b80992e3b36bb8eb799e,60.16829,24.94214,00000000afef4555,25.36
1007,2019-08-04T12:41:02Z,17af6ab252328066d6b13406084507dfa7a7f6db3030872e7f87223d,60.17065,24.93641,000000000f4919c9,14.89
1008,2019-08-04T12:41:02Z,1882b53729765cca25bc63400074242872d6fbc57882f131285b277f,60.16829,24.94214,00000000afef4555,13.75
1009,2019-08-04T12:41:02Z,1a93dfa31156cee53b4bd527d8b74655a5da812b6933d8a86d871e47,60.14947,24.91438,000000004ef3150d,7.69
1010,2019-08-04T12:41:02Z,1ad0b84716a79851fa8db7a993012f0c8e496d6cba9d028a546285a2,60.16897,24.95222,00000000aa852af1,31.5
1011,2019-08-04T12:41:02Z,1b3fba902b8d1538b508cdc228fd15fdd87f5aecb68e5611b1a4e354,60.16762,24.95415,000000006b44cce7,4.94
1012,2019-08-04T12:41:02Z,1bcef866fafad7c7460a084e0b0d27c087b549f4ae704390708be47e,60.149,24.9843,00000000fffb8cf0,8.38
1013,2019-08-04T12:41:02Z,1c7ccd5d6570d98e57ef2ebbd716b7504b138f9bb616fbeaa0d1a268,60.14699,24.922,00000000a53ed894,16.1
1014,2019-08-04T12:41:02Z,1da9fb02cdaf83aaec10b8afcd493066d6983a433494752f06710414,60.17002,24.94407,000000006b087f40,25.36
1015,2019-08-04T12:41:02Z,1de29ffd9360fbbeaef5c65201b5536524df17375122c5d2462b37ca,60.14947,24.91438,000000004ef3150d,16.1
1016,2019-08-04T12:41:02Z,1e24a2120b13c780dbb3a67a73f5058d1847f126fd5f5952e6dddcd3,60.16075,24.95883,00000000f1124bca,18.79
1017,2019-08-04T12:41:02Z,1ec58e626d2335aeeaa7c7d8f715d4334274dbd43448fb62c3901ef6,60.16829,24.94214,00000000afef4555,17.4
1018,2019-08-04T12:41:02Z,1f74037ecab4dbdc5db1a8dc8b583a86630f86a5f2d0a5167b7fa605,60.18203,24.91341,00000000342570c2,23.56
1019,2019-08-04T12:41:02Z,1f81ed7274add201d3059d4a37e2bbe86b6ae1f0fd42a16d7b8dccaa,60.14699,24.922,00000000a53ed894,7.69
1020,2019-08-04T12:41:02Z,203a0c145a43c9a18f8c2a5ba4e18882e7430662bb4ac0e56ab37578,60.17065,24.93641,000000000f4919c9,20.28
1021,2019-08-04T12:41:02Z,209f23b29f40b8bb8ebec8446830bc674706e222179ceeab18277168,60.16762,24.95415,000000006b44cce7,17.4
1022,2019-08-04T12:41:02Z,20ac7b2ace7c0038aa8df01b9281a9c54f1551fc8ab9b662b1f1ca22,60.18203,24.91341,00000000342570c2,25.36
1023,2019-08-04T12:41:02Z,21b55c3dfd455543844687d0e016d83dbfa9008e83688521d8163980,60.1538,24.95595,0000000038bf9618,41.64
1024,2019-08-04T12:41:02Z,21eb94b10f042f4f21566d3ee27d800fb6d899071739c0c5c1fa7af0,60.14699,24.922,00000000a53ed894,20.28
1025,2019-08-04T12:41:02Z,21eed3ade733687b8f56fade8290819b7c6b4a9f38468979fe692c3e,60.16762,24.95415,000000006b44cce7,6.46
1026,2019-08-04T12:41:02Z,2204ba387d2db0e7d2ca03f7ace46abff8d141668b73c75a1879d7ba,60.14947,24.91438,000000004ef3150d,2.8
1027,2019-08-04T12:41:02Z,2271cbccbcce28d3d0757d9a964f67df1a523b81d97355dc543dd848,60.16897,24.95222,00000000aa852af1,25.36
1028,2019-08-04T12:41:02Z,22fe9a06fba1036e8eafd726bc450095b1893be067f475e1882bb704,60.14699,24.922,00000000a53ed894,10.78
1029,2019-08-04T12:41:02Z,231026899a6d5b326cb5b1e38b182ca1acb77c7e27bc2378973b29db,60.16629,24.95957,00000000fb7600be,11.7
1030,2019-08-04T12:41:02Z,244b51aa4a7059ba782925258111c295aa4de9596025c55ccd5580ac,60.16829,24.94214,00000000afef4555,18.79
1031,2019-08-04T12:41:02Z,257206d3f59df5c426a9c735f4741cba6d792de1cbafe62289d383d7,60.16897,24.95222,00000000aa852af1,13.75
1032,2019-08-04T12:41:02Z,2607d1b2fc6e31a80348fffbed68a7d3a8e0212f197f2d1c573c587b,60.14947,24.91438,000000004ef3150d,3.74
1033,2019-08-04T12:41:02Z,28b43564f7156b67db7cb7b779e948986d7610f921490f9030379704,60.16897,24.95222,00000000aa852af1,9.92
1034,2019-08-04T12:41:02Z,28d2c3282e9f8fec67baec7992dcd800c45b67071e33cb118905a6b3,60.16829,24.94214,00000000afef4555,9.12
1035,2019-08-04T12:41:02Z,2e86f9a432e00fa6ff5b8744ffecbe22a02b4316779bc8b4078af2e2,60.149,24.9843,00000000fffb8cf0,23.56
1036,2019-08-04T12:41:02Z,2ee2e108ed9051b1ccf4d3ee89931dfd53170af0b558fa6579b83e8d,60.15432,24.9211,0000000019fb59c4,14.89
1037,2019-08-04T12:41:02Z,2f08dbfbbe5577f04ea9826f72d5452ddf5fd9bb892769382ea5a4ca,60.16762,24.95415,000000006b44cce7,11.7
1038,2019-08-04T12:41:02Z,303b71b588600720035fd295c72c5a573cc3eb884d1289fc42ae5b2b,60.16897,24.95222,00000000aa852af1,25.36
1039,2019-08-04T12:41:02Z,32708990f2c831e65f70f2682baf5188fc93348b9a9e78ada8db2bf4,60.14947,24.91438,000000004ef3150d,14.89
1040,2019-08-04T12:41:02Z,33634cb1e3fc5d4a621e8717d203da8533ed27531a70c6cbe3abf3fa,60.16762,24.95415,000000006b44cce7,3.74
1041,2019-08-04T12:41:02Z,3459042c03cbb672a039f7f14a6b99b84f839b0598f9e48bf4dd95f5,60.14699,24.922,00000000a53ed894,12.69
1042,2019-08-04T12:41:02Z,34bf3e380e2a914953cf9b98fa3d965c890a9f6ed7a0ce833012b9f5,60.16762,24.95415,000000006b44cce7,20.28
1043,2019-08-04T12:41:02Z,34f282042837e6b8407c31fd6c880bdbb7071c56d76c4b6e5ba78819,60.14947,24.91438,000000004ef3150d,12.69
1044,2019-08-04T12:41:02Z,34fddf0f4ea194b9720451d11a9de76225577536681d4f4b0a00b860,60.16829,24.94214,00000000afef4555,16.1
1045,2019-08-04T12:41:02Z,352427714fc6e8591df6bd227dde05d3b7ba0881742eee4ae750dcc4,60.15432,24.9211,0000000019fb59c4,20.28
1046,2019-08-04T12:41:02Z,35a958343879c000cfc3f0c01afbc7d54934265828677bf4aefef84f,60.14699,24.922,00000000a53ed894,12.69
1047,2019-08-04T12:41:02Z,35e6e075578d7a51e510bf8904bde33f1d117264eea0917db98d4808,60.16897,24.95222,00000000aa852af1,7.69
1048,2019-08-04T12:41:02Z,3721331dbb97151d17938ed835ffc7208eba26fba6100c62870a3a4f,60.14947,24.91438,000000004ef3150d,3.74
1049,2019-08-04T12:41:02Z,37945fa4e7409fab98aa8bde45081f5bd083def0059485274ad552c0,60.17919,24.95181,000000007b5207b6,7.05
1050,2019-08-04T12:41:02Z,37b4192b51c9589b8791bc2e9f830dd541c0e77fd03e7a85a51b68e5,60.16544,24.95398,0000000038d83d41,20.28
1051,2019-08-04T12:41:02Z,38e15f5aeb58c22ca456fc4d3a14f3b4d9f1fac43de070d2565eb1d3,60.16897,24.95222,00000000aa852af1,13.75
1052,2019-08-04T12:41:02Z,39310ebca1ad756aa2bfcb16c912cb7003ef3e7286a1f037603ade61,60.14699,24.922,00000000a53ed894,5.41
1053,2019-08-04T12:41:02Z,39f03a3a5fd777feee270921a7f51daec12ea679b542b0aaf2e808d7,60.149,24.9843,00000000fffb8cf0,18.79
1054,2019-08-04T12:41:02Z,3b73bf57d223bcb9b930ee8619e6603e52485b221389c64d85614baf,60.16897,24.95222,00000000aa852af1,13.75
1055,2019-08-04T12:41:02Z,3be48824225ca9f2aea5653f6ce21181a76e67a8d4b8361f0cba1f8a,60.14947,24.91438,000000004ef3150d,1.25
1056,2019-08-04T12:41:02Z,3c545ca8c42e2a9a876f2500f6aee220e5fe1c178dd132136643754b,60.16762,24.95415,000000006b44cce7,5.41
1057,2019-08-04T12:41:02Z,3d26e1d1c042133ccb16301bbada637dd3dea1623426336738e0f1c0,60.149,24.9843,00000000fffb8cf0,18.79
1058,2019-08-04T12:41:02Z,3e4965f1ed580ddf80246b1b78cbc55b73c11d67573d9cede2a7ccf7,60.16829,24.94214,00000000afef4555,21.87
1059,2019-08-04T12:41:02Z,3ec0a34310840b3aa1aa32a3f2bffbe426e91a242dc6eb5c1e86bba7,60.16448,24.97323,0000000053c6c2be,21.87
1060,2019-08-04T12:41:02Z,3ef78c4485a99bfa3d5e1df620f767b22e6c6583cefd990dee77f784,60.16762,24.95415,000000006b44cce7,12.69
1061,2019-08-04T12:41:02Z,3f395809cdaaaa1688c7d1cc770079bbf7ef1349e148bec5c8eacd57,60.16762,24.95415,000000006b44cce7,9.12
1062,2019-08-04T12:41:02Z,3ffe89aa6ab1e57883e21fa8f15969f46a5f487bccb2b993eadb3cfb,60.14699,24.922,00000000a53ed894,10.78
1063,2019-08-04T12:41:02Z,409be16c4d34b9e76ac22ea0e8e282da3e9d169fe77ff5ea52a72883,60.14699,24.922,00000000a53ed894,21.87
1064,2019-08-04T12:41:02Z,42168beaa0acd47be6bf8e4209edb348c9d27b18517c7420d454a24f,60.17065,24.93641,000000000f4919c9,14.89
1065,2019-08-04T12:41:02Z,429295e322e9f143f79e9a6340e4974858aa9aa2f5ed6e8512dd00cd,60.14699,24.922,00000000a53ed894,17.4
1066,2019-08-04T12:41:02Z,42d4eb6044091814f327d0b01dc9ae701506417af1a8ab7f4161650d,60.14951,24.92138,0000000006dd41f6,20.28
1067,2019-08-04T12:41:02Z,42da4298ed9f522421f17714e024d9b8fe22e7546df3deeb8b139bd3,60.16075,24.95883,00000000f1124bca,8.38
1068,2019-08-04T12:41:02Z,431375be6b9405ef55878f3aa0bb5dd6a35db8ba650a2bce05081c49,60.14947,24.91438,000000004ef3150d,16.1
1069,2019-08-04T12:41:02Z,447f951c07ece4b9f8a41fed54b5911f4f8033b69f5a62bfd0cf1d97,60.14699,24.922,00000000a53ed894,17.4
1070,2019-08-04T12:41:02Z,4533d27e96c5c6637ddff4243672d658fea4004970652882357105a9,60.14699,24.922,00000000a53ed894,13.75
1071,2019-08-04T12:41:02Z,4547b56ce014395d163caf1a3f507d3d9b01b3d64d2fd0b0914f67b8,60.18203,24.91341,00000000342570c2,14.89
1072,2019-08-04T12:41:02Z,457d11209b95b153efb57d8f2641f2db0823e91a0d608fa0555a5b69,60.14699,24.922,00000000a53ed894,8.38
1073,2019-08-04T12:41:02Z,4602ff9d03f6bf4fbb82976098cc1c73e7a7e754050401c772d1406e,60.14947,24.91438,000000004ef3150d,9.92
1074,2019-08-04T12:41:02Z,467a01a257fbaad22bd4aebafc8f284c9ad3effc429475e57c214e9d,60.14699,24.922,00000000a53ed894,5.41
1075,2019-08-04T12:41:02Z,47b8aba771bed6ec3a7d57932c44fe859bcf6300054b3acc9d885105,60.14947,24.91438,000000004ef3150d,9.92
1076,2019-08-04T12:41:02Z,47bc9ff9097f9ef5f1862e48b4a42f6a9ddd30c4ef2b6eb43291a7a5,60.14699,24.922,00000000a53ed894,9.12
1077,2019-08-04T12:41:02Z,48d0a198e7445da9f7df3cb2cedef7dc861fe850deff789f6ad61d36,60.14947,24.91438,000000004ef3150d,10.78
1078,2019-08-04T12:41:02Z,4a565a7be2bb822523480c6ca86154a466bf189290f87a0ef118f8b7,60.149,24.9843,00000000fffb8cf0,44.58
1079,2019-08-04T12:41:02Z,4aff8c41b8c3f924b9b765007cf6f0f148e9fdc4dfad6299b17f6f71,60.16762,24.95415,000000006b44cce7,14.89
1080,2019-08-04T12:41:02Z,4b1050cc517631e36206d3528399c0b14748daec8c7d1b5dfa412299,60.15432,24.9211,0000000019fb59c4,3.74
1081,2019-08-04T12:41:02Z,4b85388cdaec2b4c15b546160ee326d9668a5e5d3c7b08d0c539946e,60.17918,24.95141,00000000675d5200,18.79
1082,2019-08-04T12:41:02Z,4be50f3eb033f3f46e3069049c8e0a34dc8a2607741c1764369ba4c2,60.16762,24.95415,000000006b44cce7,8.38
1083,2019-08-04T12:41:02Z,4bf75585466f0aafa2ed2956fe4b0f7235b4ba3a0606a52219b3156c,60.14699,24.922,00000000a53ed894,17.4
1084,2019-08-04T12:41:02Z,4cadc8cc23fd84febb6a8383030a34c97b3388a8c9ed7a64cc0f51a6,60.14947,24.91438,000000004ef3150d,21.87
1085,2019-08-04T12:41:02Z,4d35f03f4cb1cd21fbb173af8af5be5e233c63882fda53232da315f0,60.14699,24.922,00000000a53ed894,12.69
1086,2019-08-04T12:41:02Z,4ebdb6165c5d4892cdc21711313b98b1545bececfb886192c6f0ef22,60.16762,24.95415,000000006b44cce7,9.12
1087,2019-08-04T12:41:02Z,4f4940c5c77737c5b8f2fbd5a1b65886ea5f6e0e4fcd50447e11ce21,60.16075,24.95883,00000000f1124bca,16.1
1088,2019-08-04T12:41:02Z,50e21d119f102cee2afe3ac7f1a32032527638769b05aca582d6ecb1,60.16762,24.95415,000000006b44cce7,11.7
1089,2019-08-04T12:41:02Z,514a3981fad6c695ac4940f09374b5d1c2e84d2ca835084ef8707714,60.16075,24.95883,00000000f1124bca,4.94
1090,2019-08-04T12:41:02Z,52072bd384eaaf4a6958af5510ed039d194dee47f34667bc7bccbe0e,60.14699,24.922,00000000a53ed894,5.41
1091,2019-08-04T12:41:02Z,5263c8fd413ee308494f18228802330e278acc648b425bb454951db5,60.16075,24.95883,00000000f1124bca,5.41
1092,2019-08-04T12:41:02Z,5274280f7558ea562d9ce825000efc025d2de6b91c62614cb68df2b1,60.14947,24.91438,000000004ef3150d,17.4
1093,2019-08-04T12:41:02Z,52939581c6c8dd3407dbf44ea9e90471e4bbadfb7e3740a0ba8324f3,60.14699,24.922,00000000a53ed894,17.4
1094,2019-08-04T12:41:02Z,52f0e69ca7a5cebe604c1f32308dc7f8870d1d85cd4b25ad17f706e9,60.14699,24.922,00000000a53ed894,6.46
1095,2019-08-04T12:41:02Z,53f1f84f2f1f0ea7eb59dd269d86fae99cc25ee089a48f249de1aaec,60.16897,24.95222,00000000aa852af1,21.87
1096,2019-08-04T12:41:02Z,5554305bad43a71cf98d83e92708c7474c1efc189392c1ea94231e9c,60.16531,24.9442,00000000fdda10fe,3.4
1097,2019-08-04T12:41:02Z,560205233dc9b13886248fb6e54ee21dc3b287080072641e01e08dac,60.16075,24.95883,00000000f1124bca,14.89
1098,2019-08-04T12:41:02Z,56b8eace741e5227a40ea0a64601a737648080c63d6240b0dca632c4,60.16075,24.95883,00000000f1124bca,25.36
1099,2019-08-04T12:41:02Z,570dc61d53aec66ede39dfde66339640878453afc00cd1a55c60bca7,60.16544,24.95398,0000000038d83d41,13.75
1100,2019-08-04T12:41:02Z,571934189bf349efb6f596e76c21612cf9b82ed44913090169936048,60.17065,24.93641,000000000f4919c9,11.7
1101,2019-08-04T12:41:02Z,571e65d939060a58396de22fc44d8842fc9de986824670ad765ec596,60.16762,24.95415,000000006b44cce7,9.92
1102,2019-08-04T12:41:02Z,57bb8beeec6904b9a5cfe83c4ff9a80e63157780137f03de2a4152d3,60.16762,24.95415,000000006b44cce7,12.69
1103,2019-08-04T12:41:02Z,57f88614f91a133004ac1a6dea31a4090f899646a5f62ece691d87af,60.16762,24.95415,000000006b44cce7,9.92
1104,2019-08-04T12:41:02Z,583a35aa08fe45f96deb91a9f4b9317e86eddeee0d636cc11b3e2df8,60.16762,24.95415,000000006b44cce7,17.4
1105,2019-08-04T12:41:02Z,58411163d307bb308f9c94a9720e9ce5ab0ce4f5617cd2b1fcc2037a,60.16762,24.95415,000000006b44cce7,11.7
1106,2019-08-04T12:41:02Z,584cb0b0cdd14e608c8b57c8aecc9826f9b40027e365e2438a444ea2,60.16762,24.95415,000000006b44cce7,13.75
1107,2019-08-04T12:41:02Z,59b01cbdec8ff06fa6d50bac00c3f5f4c45132fc8a62800c08df5d6a,60.16629,24.95957,00000000fb7600be,23.56
1108,2019-08-04T12:41:02Z,59e23b6ba24eb1cbbe77cbbfb47fd0aeb3b9a3574e0b34a2be2c9352,60.16762,24.95415,000000006b44cce7,10.78
1109,2019-08-04T12:41:02Z,5c160268bc9b4b619181ce421d9e58c258e6b59a342945fc29f0004b,60.14947,24.91438,000000004ef3150d,5.91
1110,2019-08-04T12:41:02Z,5cd5117066c75a1cb83d3896a7eba3f3472e133f0013ea7d4e95daaa,60.14699,24.922,00000000a53ed894,7.05
1111,2019-08-04T12:41:02Z,5d70086d53447ee393249cef33c7bae814c1d7c2e3055fc91b38786c,60.17919,24.95181,000000007b5207b6,9.92
1112,2019-08-04T12:41:02Z,5e53be1d47b3cceeb6ea9406c75327379c8ee8abc68da605b7758e85,60.14947,24.91438,000000004ef3150d,13.75
1113,2019-08-04T12:41:02Z,5e7916ca910b02abf2d19906759663c23db63950a353fa546f55c8af,60.14699,24.922,00000000a53ed894,8.38
1114,2019-08-04T12:41:02Z,5ea49ba4de68e03664ec3a87f5de32434d7136b4f8323f022ff9df5b,60.16829,24.94214,00000000afef4555,8.38
1115,2019-08-04T12:41:02Z,5eb5fb52ea06e23dbd7a527fe66e1b8338e1ee09afc44ceca38b8172,60.16762,24.95415,000000006b44cce7,13.75
1116,2019-08-04T12:41:02Z,60d5c11436b72dd4eb673f606bddc3f8f36675342cba015b9297155f,60.16448,24.97323,0000000053c6c2be,25.36
1117,2019-08-04T12:41:02Z,614ab7fba7255f6bf6f888e9a04d589962f756b3f427e658f10014f2,60.16075,24.95883,00000000f1124bca,6.46
1118,2019-08-04T12:41:02Z,6187e3415bcea985be770b4a90f3ed56fbfff1aa331759d34ccbd4ee,60.16897,24.95222,00000000aa852af1,16.1
1119,2019-08-04T12:41:02Z,61dadc3bed7f3dda70dbe12fc6914b30c863945805046f66f43ec9a7,60.14947,24.91438,000000004ef3150d,12.69
1120,2019-08-04T12:41:02Z,62a6fe2d9b3b5b4533c51253f8842428bd797b3c6a95a7816ec472ed,60.14947,24.91438,000000004ef3150d,17.4
1121,2019-08-04T12:41:02Z,62c59e55cbee5716b35e4ee657c2f63e507845ac3945e5537f679499,60.1638,24.96846,00000000d747f075,36.27
1122,2019-08-04T12:41:02Z,63a87f20dbfd068c086129312c165b6e9b1da2ea6c999be1dd1b8391,60.16762,24.95415,000000006b44cce7,18.79
1123,2019-08-04T12:41:02Z,63d99db5b2b7360c501446ea5e89feba9bd1c6735a7670039916f2ad,60.1538,24.95595,0000000038bf9618,31.5
1124,2019-08-04T12:41:02Z,63defb71d4c3856253a0a2d67a5c370b91ad0527703b334a63fe5344,60.14947,24.91438,000000004ef3150d,9.12
1125,2019-08-04T12:41:02Z,643ef3f01a51bea3c4510d4060a945cd510e5189236d68f5c9489034,60.16829,24.94214,00000000afef4555,2.3
1126,2019-08-04T12:41:02Z,64638a9f9e6c9b32fc4b484b55e4934fcab6cb04605cc76d5f5534b7,60.17065,24.93641,000000000f4919c9,5.41
1127,2019-08-04T12:41:02Z,64d86288e491374eed34c68c82763c2e5dbc87113cf5ca44f23233ba,60.16829,24.94214,00000000afef4555,12.69
1128,2019-08-04T12:41:02Z,6503762f2cac51cc2b74da1efa6b16583ed11c9a528d7716b7829c0b,60.16829,24.94214,00000000afef4555,21.87
1129,2019-08-04T12:41:02Z,6516a10850095847a8156717b0fba05a9bdc9b5bfedd691ddb07f119,60.14699,24.922,00000000a53ed894,7.69
1130,2019-08-04T12:41:02Z,6525cc634176c25187e68e0d067bcfecfd78e399e93db4ee9d408b7e,60.17919,24.95181,000000007b5207b6,17.4
1131,2019-08-04T12:41:02Z,6688790e10cbf0805c8bdc210412ed75d7999e61029da0b7ba29458e,60.16829,24.94214,00000000afef4555,9.12
1132,2019-08-04T12:41:02Z,67591d427f60ba3c369ac0d78088fca7be33081501508d16401dd6cb,60.16762,24.95415,000000006b44cce7,3.74
1133,2019-08-04T12:41:02Z,675eacdf32b5b831fd118fc5539eea4b3cef4bd11e2e1706a9571222,60.16829,24.94214,00000000afef4555,5.91
1134,2019-08-04T12:41:02Z,6774ed72eaf69d7c4aaeeef90990f969954155bbcc52652e75e7deef,60.16829,24.94214,00000000afef4555,7.69
1135,2019-08-04T12:41:02Z,677c53ae4056d6cb123ca576ba5284664b1c7e3e88818bd19b5dd99a,60.17919,24.95181,000000007b5207b6,16.1
1136,2019-08-04T12:41:02Z,6875e3632a29207e29ded33617e66d55de5d8c7804fecedd6f1dfe12,60.14699,24.922,00000000a53ed894,4.5
1137,2019-08-04T12:41:02Z,6981f80baeddf7459b67845f82744390c976c013f3a4883a53556fc7,60.16762,24.95415,000000006b44cce7,20.28
1138,2019-08-04T12:41:02Z,698b200b63a644828a7314691a16af2af1bccef75d52abb5591a5542,60.14699,24.922,00000000a53ed894,4.94
1139,2019-08-04T12:41:02Z,69f1de5049f5731749defe893b8ae9ada4f5f788a994b8f7413ef657,60.17002,24.94407,000000006b087f40,23.56
1140,2019-08-04T12:41:02Z,6b97071051ccf5db7e5ebee033d4f68d58ed6917ff2fac5b205a6605,60.17065,24.93641,000000000f4919c9,18.79
1141,2019-08-04T12:41:02Z,6c7e018abdf8462af7c7b003bc30f915184f7082e9e865a2c502eed5,60.14699,24.922,00000000a53ed894,6.46
1142,2019-08-04T12:41:02Z,6f3dd17e40daabb4efe868f1b859dc00ecc01846f0a0e2b8db5d1413,60.17918,24.95141,00000000675d5200,7.05
1143,2019-08-04T12:41:02Z,6fc3823219441524e7f749dc3371bfb8c670faa9d4427a5ededed22d,60.16762,24.95415,000000006b44cce7,17.4
1144,2019-08-04T12:41:02Z,6fdf4cfc3a0774e204869ab43ef69c6306cc40c0fd8bbb0f8b505e3a,60.16829,24.94214,00000000afef4555,17.4
1145,2019-08-04T12:41:02Z,6fdfc33c6b609ea80b4a38ecf657bc68b7bf659752b51edcc22ffb54,60.16762,24.95415,000000006b44cce7,21.87
1146,2019-08-04T12:41:02Z,70c56152af84cf1bad4d19b0cb31202232b4cd4320ce5ea48895e42b,60.14947,24.91438,000000004ef3150d,6.46
1147,2019-08-04T12:41:02Z,71479e7c1c4fd96468f16800ff04484480c76e0953d2074500b0df31,60.17918,24.95141,00000000675d5200,23.56
1148,2019-08-04T12:41:02Z,732235fff054f4f8fff8775b6c0d4fb0ca0f28c455a6fc86de24d162,60.14699,24.922,00000000a53ed894,13.75
1149,2019-08-04T12:41:02Z,733f21ebebe353e10a55a74b40a0a480e6d276334d4f3d8bcf85b711,60.16075,24.95883,00000000f1124bca,18.79
1150,2019-08-04T12:41:02Z,745e52dafbfa395ea41c5fcd0c2717b9091e44d19ab89e03991fdbb7,60.16762,24.95415,000000006b44cce7,9.12
1151,2019-08-04T12:41:02Z,759f94c852ff15ca91c3138913c3858c4801702f8f0514ae82fb2a19,60.16897,24.95222,00000000aa852af1,12.69
1152,2019-08-04T12:41:02Z,7664b7f08aaa059ecf6646a595c33fae0c80715febe63e31f45a4662,60.16762,24.95415,000000006b44cce7,5.41
1153,2019-08-04T12:41:02Z,777cceac7be6303a1c82f7cc68061528b01e3aa1b3aa6481cad9e5e3,60.16075,24.95883,00000000f1124bca,4.94
1154,2019-08-04T12:41:02Z,77a12194b9a6789f4b2b8c07ae7fce3c2b531cb221e5fa7ca5deae55,60.16897,24.95222,00000000aa852af1,13.75
1155,2019-08-04T12:41:02Z,79bb1e615a834d4f653cec7efc45ad5b4bbedf2a83c55b44c586ad0a,60.14947,24.91438,000000004ef3150d,17.4
1156,2019-08-04T12:41:02Z,79bde23c1a8980f93a65e14306f0d8ea89e164430d8b991e2bfee82e,60.16531,24.9442,00000000fdda10fe,12.69
1157,2019-08-04T12:41:02Z,79d30a3ef05e3d34450d1c975b3fa9d21b994f078f943db791239b07,60.14699,24.922,00000000a53ed894,18.79
1158,2019-08-04T12:41:02Z,79f9a99adf4ab822a772ed093aea2e7fe2345d2156fe28b7fe2fe11f,60.16075,24.95883,00000000f1124bca,10.78
1159,2019-08-04T12:41:02Z,7a0c0b525f2d3eed6c873bd3b8d27bede551fe4a428ac15c23deadae,60.16075,24.95883,00000000f1124bca,9.92
1160,2019-08-04T12:41:02Z,7a4a06d20ebe57d94e5fceeaf47d5b56ad9a515818e9c20e21a80e61,60.16629,24.95957,00000000fb7600be,13.75
1161,2019-08-04T12:41:02Z,7a97375000483176c3b37cc0d1744a950d9b322ce3534208fce0b21d,60.14699,24.922,00000000a53ed894,14.89
1162,2019-08-04T12:41:02Z,7ab335e046f7f3597f8f615a90857885e35cfecefebd5d24bbf0af90,60.16075,24.95883,00000000f1124bca,17.4
1163,2019-08-04T12:41:02Z,7ad93fed82e41ea4422fa101badc698b0328c3ebf0f6b73c5164d438,60.16897,24.95222,00000000aa852af1,12.69
1164,2019-08-04T12:41:02Z,7af6672e274ebe27cdb785373a857fc5bcad92a386c36dbe3221d4f4,60.14947,24.91438,000000004ef3150d,17.4
1165,2019-08-04T12:41:02Z,7d85ddf11c6bc0fefabdb00f6e37abd4f4f62ced6ce2f2031b44795e,60.17002,24.94407,000000006b087f40,13.75
1166,2019-08-04T12:41:02Z,7d9a3d84c09c3a8d6876389e216e0278048d6b924890fb275a078ffb,60.16531,24.9442,00000000fdda10fe,0.71
1167,2019-08-04T12:41:02Z,7de23a812e69199078aa0cacb63721bd7aef52a3b426789819eaea71,60.14699,24.922,00000000a53ed894,7.69
1168,2019-08-04T12:41:02Z,7e31a4896ab0ff539440898dfabd8305df79869bff52da941016d1cc,60.1538,24.95595,0000000038bf9618,31.5
1169,2019-08-04T12:41:02Z,7e76449e59f1e3a1a615b54408115353fbb14d815390d03a73b1a7bb,60.14947,24.91438,000000004ef3150d,27.28
1170,2019-08-04T12:41:02Z,7f786ec8e06f1ca3bdd10fc60d0114baf354125b8f6cf796d197f4cc,60.16075,24.95883,00000000f1124bca,3.74
1171,2019-08-04T12:41:02Z,7fe10e69931c2d658099a314f3fce64865329e12a7b834c375e2d5d2,60.14699,24.922,00000000a53ed894,12.69
1172,2019-08-04T12:41:02Z,80cbcb887f3e351e3bef7c5f53dccc578cc3494feec514aed7015c0d,60.16075,24.95883,00000000f1124bca,5.91
1173,2019-08-04T12:41:02Z,82411c6526228322a61f59259f13adf7cde62bd767587b6735867705,60.17919,24.95181,000000007b5207b6,9.12
1174,2019-08-04T12:41:02Z,82e716fc4862ad99a33de95a28948afa46f1bb1df76441aeeb7870a0,60.14951,24.92138,0000000006dd41f6,31.5
1175,2019-08-04T12:41:02Z,83121a75723643c48e3c3b0a3ea5fccb532046432ca445833e8de06a,60.16762,24.95415,000000006b44cce7,7.05
1176,2019-08-04T12:41:02Z,83e827ea070ed6a4107cd81c03e001aa1a5d76d22f7f5ac41e63e2e9,60.14947,24.91438,000000004ef3150d,9.92
1177,2019-08-04T12:41:02Z,848fe01e24ccc782e5968171f53ea31d28f20a455c45d8bac8fb7374,60.173,24.92524,0000000096918cfa,25.36
1178,2019-08-04T12:41:02Z,849a662d95d4185421aff7c6213ba5d7b84cfc58c9fb30ff34054e4c,60.16075,24.95883,00000000f1124bca,11.7
1179,2019-08-04T12:41:02Z,84a2754d633d2364ab8245dd97ac58e0bfad70a8380a357871afcc01,60.17002,24.94407,000000006b087f40,29.32
1180,2019-08-04T12:41:02Z,857f5ab05809fdb94740616b8d6662aa2458c4a6009e6f717f8933fb,60.17002,24.94407,000000006b087f40,23.56
1181,2019-08-04T12:41:02Z,859b417d0b562f5c4ab33c3877c95cd7cbb332db91dcd0f4e7a4f3b6,60.14699,24.922,00000000a53ed894,20.28
1182,2019-08-04T12:41:02Z,85d66944a64cfde859e7e08ca4b79f3b39d5b03141d500fe7ce73f7e,60.14699,24.922,00000000a53ed894,16.1
1183,2019-08-04T12:41:02Z,868cd7608ed6beb209db2aad8c71f56b8aec3a6b453be18e4af217a2,60.17065,24.93641,000000000f4919c9,11.7
1184,2019-08-04T12:41:02Z,87bb1abe21abfcb5e5c2039e579cff7ca863a6019207db356de5b7c2,60.14699,24.922,00000000a53ed894,13.75
1185,2019-08-04T12:41:02Z,885bcc6af7d0aa9718fe1030e32ffff1de5171ae5ef67cf0011874fb,60.14947,24.91438,000000004ef3150d,9.92
1186,2019-08-04T12:41:02Z,8947a5209f3b32173d3dc72792039edf94a2711741ab041b62b30643,60.16762,24.95415,000000006b44cce7,3.4
1187,2019-08-04T12:41:02Z,896f7e896dc6f1ea44b82bf968a988cc10c358ee34821d9d7a4bd07a,60.14947,24.91438,000000004ef3150d,4.5
1188,2019-08-04T12:41:02Z,8a08b2de43a9ef03cf96610718c908e69dcacc59f536a7135b7bb542,60.16629,24.95957,00000000fb7600be,10.78
1189,2019-08-04T12:41:02Z,8b641985c793a3f25a45b2460cb01f5baa6f339c6dd26ba7752d8a7a,60.16897,24.95222,00000000aa852af1,5.91
1190,2019-08-04T12:41:02Z,8ba6cfc17ca70e8304994e018ebd5eb2003177062cde05925d5cacb3,60.173,24.92524,0000000096918cfa,10.78
1191,2019-08-04T12:41:02Z,8bbf5422247a0a6be314130d8fd9ae1814401b75acf3b3ce2da9620c,60.14699,24.922,00000000a53ed894,11.7
1192,2019-08-04T12:41:02Z,8d528b00553162a9dd47d2296d15b2fad89aad6a508424d4589618a1,60.14947,24.91438,000000004ef3150d,5.91
1193,2019-08-04T12:41:02Z,8d73f674010f5cb02e8f20251ed86a9afcb7f6b3926039470296bd00,60.17065,24.93641,000000000f4919c9,18.79
1194,2019-08-04T12:41:02Z,8dcf139eb279bcc2696420ba9da858e361600ff02cd29587f66660ec,60.16897,24.95222,00000000aa852af1,16.1
1195,2019-08-04T12:41:02Z,8edd2176e127f8d3baff43afa20a9869b1e3a4f6df8a0930b52064d1,60.14699,24.922,00000000a53ed894,16.1
1196,2019-08-04T12:41:02Z,8f62b1c9da034390f954b636984feef9d7735e321ca625a4e715624f,60.16897,24.95222,00000000aa852af1,13.75
1197,2019-08-04T12:41:02Z,920dc90f60b295267f63efc8f968408087b71878dc3f49f0ded1c41e,60.17919,24.95181,000000007b5207b6,18.79
1198,2019-08-04T12:41:02Z,922ed68b1f7e1a599108591da78cc5ac9fbe5162e1e6528f8f0176fa,60.16544,24.95398,0000000038d83d41,41.64
1199,2019-08-04T12:41:02Z,926717d61529080dfc4c7f8cdcdc82c6490d2a5129474524b8c40ea4,60.16829,24.94214,00000000afef4555,14.89
1200,2019-08-04T12:41:02Z,93a2100e233b204243f7e69b68dea7c9a145d1b5384bd18359bf87a3,60.16531,24.9442,00000000fdda10fe,2.08
1201,2019-08-04T12:41:02Z,93e409819362e2429a43710ff4330bd3ed83011b73ae438dd7fb62d8,60.16762,24.95415,000000006b44cce7,6.46
1202,2019-08-04T12:41:02Z,9575ef1c44f26f0301d726029c8b1c28011a4724496943451bee6544,60.14947,24.91438,000000004ef3150d,7.69
1203,2019-08-04T12:41:02Z,97264f5808fa13851dacabf0c98525eec29849ff4b6a744cc777fd5b,60.16075,24.95883,00000000f1124bca,10.78
1204,2019-08-04T12:41:02Z,9736a8a29aee134a307e0cd4221e9b0a2ab7c48befee43fc62e9f9bd,60.14699,24.922,00000000a53ed894,10.78
1205,2019-08-04T12:41:02Z,9862cafd709b75d07c83b397773e0cf33564666cb81814bdbf5e54f2,60.16897,24.95222,00000000aa852af1,17.4
1206,2019-08-04T12:41:02Z,987d01417bcff2d7f663704309df2ebdcdb035da3ddb085fab0cf928,60.16829,24.94214,00000000afef4555,13.75
1207,2019-08-04T12:41:02Z,98bb3b6f5e2403b14b8e01616c07b03bb1fd153ded656033d7bd3533,60.16075,24.95883,00000000f1124bca,27.28
1208,2019-08-04T12:41:02Z,992f6feda52c82ad67e40af55b5602bb22411020701998c6bd65faed,60.16762,24.95415,000000006b44cce7,10.78
1209,2019-08-04T12:41:02Z,99753600aa90a43c336153dd03985a2996b7bc6052086f503020518c,60.14699,24.922,00000000a53ed894,11.7
1210,2019-08-04T12:41:02Z,9ac4c3176875b59567d28bf01df0c9490620902ff082fd0b93d15cb4,60.18203,24.91341,00000000342570c2,25.36
1211,2019-08-04T12:41:02Z,9ba6f9fb8bb950d16224b4182d3c3d8349a0f50619be329c165417e0,60.14947,24.91438,000000004ef3150d,10.78
1212,2019-08-04T12:41:02Z,9e3d4a4b1acd94d2896cd7cf56419110f06ea96faae37aadebd4ec77,60.14947,24.91438,000000004ef3150d,17.4
1213,2019-08-04T12:41:02Z,9ff13c715073d5ad9c464cb67b6de3f703435cf389c32cce5626dfe1,60.149,24.9843,00000000fffb8cf0,27.28
1214,2019-08-04T12:41:02Z,a0db7e8063bede2dd55c2c6cf5111932617ecace670ff65314a7d349,60.16629,24.95957,00000000fb7600be,10.78
1215,2019-08-04T12:41:02Z,a22736c5d66f417bc6b745f51492549dc2e5a3c766f5e7e23f183b41,60.14947,24.91438,000000004ef3150d,23.56
1216,2019-08-04T12:41:02Z,a38a21a97a054541f0423f03758c70227116c05254958373e3e93ad0,60.14947,24.91438,000000004ef3150d,8.38
1217,2019-08-04T12:41:02Z,a3d228482bfdd3dbdfaee1ff72b6ac00c2ee8c05e949047ce9117783,60.14699,24.922,00000000a53ed894,7.05
1218,2019-08-04T12:41:02Z,a41e158d772eaf06a23fe6c476419f78fae156bf286c7e56e79cea64,60.14699,24.922,00000000a53ed894,16.1
1219,2019-08-04T12:41:02Z,a422a30ec1eb058c7930e1352297c161639faa5b3ca5f5fa47c4adb3,60.14947,24.91438,000000004ef3150d,5.91
1220,2019-08-04T12:41:02Z,a57caa482ee69e8fa5e65ac8e8a673ec8086a89a3896c3b5edb00f15,60.149,24.9843,00000000fffb8cf0,20.28
1221,2019-08-04T12:41:02Z,a6158fc663b4931ef4e811a4acf62ab2f658241775e200b14684f87d,60.16897,24.95222,00000000aa852af1,14.89
1222,2019-08-04T12:41:02Z,a66c6aaed06f5e4b2cde2b0e598cf422548fdbb7d08dfb741f857ec2,60.16762,24.95415,000000006b44cce7,18.79
1223,2019-08-04T12:41:02Z,a6f944078dd26796f5a849ccb6fdf8a4436f913cf3302597c846462d,60.16762,24.95415,000000006b44cce7,5.41
1224,2019-08-04T12:41:02Z,a7472d1b63171c047444981df223670390009e3ea502132d9963e9fb,60.14947,24.91438,000000004ef3150d,7.69
1225,2019-08-04T12:41:02Z,a794d97e26d3678bb11b4364880414bb7bfac4bb49d1867b37b489f7,60.14947,24.91438,000000004ef3150d,11.7
1226,2019-08-04T12:41:02Z,a8bd45406d5913e098652d4c2d836339758e08d21bf5d88becabdd36,60.14947,24.91438,000000004ef3150d,10.78
1227,2019-08-04T12:41:02Z,a8df2631c2442628608c1f0352c896eb532a6ca08c85de2c77360aa8,60.14947,24.91438,000000004ef3150d,11.7
1228,2019-08-04T12:41:02Z,a96e9a3805def174e6ededa93b88ce312739d9d68941dffdeca03e9f,60.16762,24.95415,000000006b44cce7,9.12
1229,2019-08-04T12:41:02Z,aa076c3f0d09145aebbb750dde9849ba4eb6759e92ba5753280184d6,60.16762,24.95415,000000006b44cce7,11.7
1230,2019-08-04T12:41:02Z,aa6d51fc5411b69567cb854360c4a81267eac19446946eb27618306a,60.14699,24.922,00000000a53ed894,21.87
1231,2019-08-04T12:41:02Z,aa93f3a81973a2673b57ffebd5d06d0afb6e8487a3d6c65e07b3cac6,60.16829,24.94214,00000000afef4555,18.79
1232,2019-08-04T12:41:02Z,ac93ac0788af8e1b0f20fada4f15ca1ad31f4084b133482d8211571d,60.14699,24.922,00000000a53ed894,13.75
1233,2019-08-04T12:41:02Z,ad8af809ed47a3391bb53d11da159b3a8b0ddc264d94c049ce72bda0,60.17065,24.93641,000000000f4919c9,3.4
1234,2019-08-04T12:41:02Z,ae2105ce6b90fd7e15f4565572277e19df51db3c48b2045006c25472,60.14951,24.92138,0000000006dd41f6,25.36
1235,2019-08-04T12:41:02Z,ae87b8dd8920695bc9e599874667205991c04e30666d8523f0be4350,60.14947,24.91438,000000004ef3150d,16.1
1236,2019-08-04T12:41:02Z,aec4b11f0b1ec075878ca4a3b94da464f6fc96e330b913d5bfd346b0,60.16897,24.95222,00000000aa852af1,4.94
1237,2019-08-04T12:41:02Z,af2076810e26511562c652d7bb56794c120526dbd4919212167cc3ed,60.16897,24.95222,00000000aa852af1,13.75
1238,2019-08-04T12:41:02Z,af64ca430076b1e91eeb89134e0e026479928845cbe1943bc56104c2,60.14947,24.91438,000000004ef3150d,11.7
1239,2019-08-04T12:41:02Z,b0a4e64f8e9d69f9da53bdae4ea9fb3059a80907ea7383ffcc99048a,60.1538,24.95595,0000000038bf9618,16.1
1240,2019-08-04T12:41:02Z,b0d94ef9ea9572719866fc0dad1f45c8712d2b6534bfe5ca3d3fefaf,60.16829,24.94214,00000000afef4555,25.36
1241,2019-08-04T12:41:02Z,b12b27061f30d5659794f14cbed5e4726c5af1ef526611d3b2dded29,60.14947,24.91438,000000004ef3150d,14.89
1242,2019-08-04T12:41:02Z,b1f2a954bba825f80de4af90e97b9f69fce26fc8d76fd863a661ee00,60.16829,24.94214,00000000afef4555,25.36
1243,2019-08-04T12:41:02Z,b26a9be85f5fd17ea58397762fa55db3c8f68fb709d586d61527c892,60.16829,24.94214,00000000afef4555,5.41
1244,2019-08-04T12:41:02Z,b2a01c2a06c3cf1a48333e58e787d9eaf2f975a738c02878220d7774,60.16829,24.94214,00000000afef4555,13.75
1245,2019-08-04T12:41:02Z,b41cc64d7ab4e16a03573bdc3b5863c4b402ec66c7780c7900c02877,60.16829,24.94214,00000000afef4555,13.75
1246,2019-08-04T12:41:02Z,b523d3f8341906e4b3877ff7d9614b4e10d6bbf10afdcc6c53656c8f,60.17065,24.93641,000000000f4919c9,29.32
1247,2019-08-04T12:41:02Z,b7867e052453c9caa213f48b033624b744187f4cd77c2418cf9d7b79,60.14699,24.922,00000000a53ed894,10.78
1248,2019-08-04T12:41:02Z,b82ba472f0cb919b39c31b9c737f1608f6a31ffa63352768f9fa12ea,60.16829,24.94214,00000000afef4555,23.56
1249,2019-08-04T12:41:02Z,b9c0ac0bb7310d92c296a8870603ebd12c0c632cfc2a1fa33092b337,60.16762,24.95415,000000006b44cce7,1.12
1250,2019-08-04T12:41:02Z,baa222a8cd4bafd707316f5932b27c8a4aa5bca6b488ae3d59c3b0dc,60.17065,24.93641,000000000f4919c9,23.56
1251,2019-08-04T12:41:02Z,baa2e34cb17a3e4b813a9a7578ddf421b7013fa00788af744fe6fc28,60.1538,24.95595,0000000038bf9618,38.87
1252,2019-08-04T12:41:02Z,bb0193f2b0ac4801fe82ed5cec75e687465d707d92e731047f81650f,60.1538,24.95595,0000000038bf9618,1.01
1253,2019-08-04T12:41:02Z,bbe1e18f88cf88928067a0221965768c1f2ae264291cea564d7eb7e8,60.16897,24.95222,00000000aa852af1,13.75
1254,2019-08-04T12:41:02Z,bc07df8cc395f6f4f5d483b2233caca5f93a6918f346e4cc3702f8cc,60.16531,24.9442,00000000fdda10fe,13.75
1255,2019-08-04T12:41:02Z,bc3861c61a46fbf78a7423712f1a528cf9f8332531271933056c233f,60.16829,24.94214,00000000afef4555,18.79
1256,2019-08-04T12:41:02Z,bd4ec71179e7755567e37eb54b845b317af028a4effe45dcaeae19bc,60.14699,24.922,00000000a53ed894,17.4
1257,2019-08-04T12:41:02Z,be21a77f983baae8e0ba646eda0988a618149dcc7ef4c303c35d5377,60.14947,24.91438,000000004ef3150d,17.4
1258,2019-08-04T12:41:02Z,be52b901acbdb877b39a6d46af301e3105e19cea90b64ee92557ab55,60.17002,24.94407,000000006b087f40,17.4
1259,2019-08-04T12:41:02Z,bebf1edb9736fe66391376c4cf2a3033ab9fa83ae21f86b66392e2d0,60.16762,24.95415,000000006b44cce7,9.12
1260,2019-08-04T12:41:02Z,bf2e5725b255e320f1e8375ec03f55194f1fd9f751be9629d873a5c8,60.14699,24.922,00000000a53ed894,2.3
1261,2019-08-04T12:41:02Z,bf992d3cd95a73f02d7223eaffe90a94e3e1e98a8c6759bab631b5b0,60.14947,24.91438,000000004ef3150d,5.41
1262,2019-08-04T12:41:02Z,c0722f63618f97eb8ec4afac1a8538b81a3c87e623d753ad1201bf7c,60.16075,24.95883,00000000f1124bca,5.91
1263,2019-08-04T12:41:02Z,c0a0ca3433586ed2ae0e448f2406fabac7292ac79d49562e0bd5cef8,60.16762,24.95415,000000006b44cce7,14.89
1264,2019-08-04T12:41:02Z,c1190e79b409572562b2fb76879fa5444029e2d395771890ac98c580,60.15432,24.9211,0000000019fb59c4,18.79
1265,2019-08-04T12:41:02Z,c1a7c2ca724966977fb5960bdc91f2763ac8cbb95c33a1d4e0b7bd68,60.16897,24.95222,00000000aa852af1,25.36
1266,2019-08-04T12:41:02Z,c1e4323d2276cb6e358f5fabb123294e7a0ef87e7169f3cccc8f2e03,60.16075,24.95883,00000000f1124bca,23.56
1267,2019-08-04T12:41:02Z,c36d58ed0e0dddb3e26be1214e369db1c3fa3d4bcf8b53536a25239b,60.17065,24.93641,000000000f4919c9,3.4
1268,2019-08-04T12:41:02Z,c3b2521faf0f7ae79434e40e86c59699d399444b775c7619f6e73e36,60.16075,24.95883,00000000f1124bca,17.4
1269,2019-08-04T12:41:02Z,c3e5ee20ca76f7347fda00c4c2fdee291bc6d843a879b26fbdd70390,60.17065,24.93641,000000000f4919c9,27.28
1270,2019-08-04T12:41:02Z,c551d554f64ffda092ce6c4a6715f0ed438c9649f7676b2944f1ea2f,60.14699,24.922,00000000a53ed894,16.1
1271,2019-08-04T12:41:02Z,c593e91b10da944a20d25c4237bda2fae759d288cea38bcaaee3abfa,60.16448,24.97323,0000000053c6c2be,21.87
1272,2019-08-04T12:41:02Z,c633a260ce59bad4e1ca42f12936ed8ae57a40f5e6528dfb70052c43,60.16897,24.95222,00000000aa852af1,7.69
1273,2019-08-04T12:41:02Z,c7416c039513e3156222d936c483164a0914a3b5a5310985374f4767,60.17065,24.93641,000000000f4919c9,21.87
1274,2019-08-04T12:41:02Z,c87e8f1684c9d9267ea52b4b18d5c4fe91254e4cccefaf1f778519b8,60.14699,24.922,00000000a53ed894,14.89
1275,2019-08-04T12:41:02Z,c905a50dedd9b3d2114cde9160b7adf83adc09683b65598ce24c4047,60.1538,24.95595,0000000038bf9618,20.28
1276,2019-08-04T12:41:02Z,c9955664a0945034b3937cfbb4ea68433bede99570911d6c5808bf71,60.149,24.9843,00000000fffb8cf0,20.28
1277,2019-08-04T12:41:02Z,ca507a06be040b3e520339b63d5bd15463a1862124c4bd940d936e4a,60.16762,24.95415,000000006b44cce7,11.7
1278,2019-08-04T12:41:02Z,cad80f69731ad65f7f14bf400d674e0c42de462bd42db112c9d9f261,60.16075,24.95883,00000000f1124bca,31.5
1279,2019-08-04T12:41:02Z,cb3f05d5604f5532e039e6d40514b13aba8f6274d952bb17a8b801fc,60.15432,24.9211,0000000019fb59c4,18.79
1280,2019-08-04T12:41:02Z,cbc336691f17a9c508549e03d522166247a0cd0a944321c1a7d15525,60.14699,24.922,00000000a53ed894,9.12
1281,2019-08-04T12:41:02Z,cbd334d06c16786ddc543b71b34da6278d203ac72606f0f9275e0936,60.16829,24.94214,00000000afef4555,3.09
1282,2019-08-04T12:41:02Z,cc2cf42c6b14536fb92c810ff0e3dd5a3caa74236f14246a5b6e8cdc,60.16762,24.95415,000000006b44cce7,6.46
1283,2019-08-04T12:41:02Z,cce6b6f309e43e2bb1be6a9784582a82891e976d0869d01040586d27,60.14947,24.91438,000000004ef3150d,7.69
1284,2019-08-04T12:41:02Z,cd3e127e27387b6e06cdf27f46fb6046e4182e4d7b49b49c17167c1c,60.14947,24.91438,000000004ef3150d,11.7
1285,2019-08-04T12:41:02Z,cd47b9ac851ce6b21df7b8e918554b0cb1a12d03da7e0aaf14e19314,60.14947,24.91438,000000004ef3150d,14.89
1286,2019-08-04T12:41:02Z,cd4ecd3b83630f6e5d65f635804e47a1ceb82853aac36af30044f06a,60.149,24.9843,00000000fffb8cf0,7.69
1287,2019-08-04T12:41:02Z,cd9b2be9ffb37c8b7c5c25f587c95b1c7932a21fb245487ea2f740d9,60.14699,24.922,00000000a53ed894,8.38
1288,2019-08-04T12:41:02Z,ceb777dafa9b7e39125b89735b7f0cf22c3018eb0196043ac8160370,60.14699,24.922,00000000a53ed894,17.4
1289,2019-08-04T12:41:02Z,ced0425d382ce86b7565a8b7b36a453a0880a08ba10090524e6c1ac5,60.14699,24.922,00000000a53ed894,13.75
1290,2019-08-04T12:41:02Z,cfa42322be0000cf89d8969d1b88ace0ba99cab721dd58d55d41a36e,60.17065,24.93641,000000000f4919c9,13.75
1291,2019-08-04T12:41:02Z,cfc2a688ff31fbb1baac8790fb6d56dc7746ba2cf9e0e5f39d4751a4,60.14699,24.922,00000000a53ed894,5.41
1292,2019-08-04T12:41:02Z,d0413da80c7714f40ffe50dcfb00039280c64ecebc61c59df72965e6,60.149,24.9843,00000000fffb8cf0,9.92
1293,2019-08-04T12:41:02Z,d0aa228c2a3e6e1568e876cffc76874702e0f0f63f18533551bf02c1,60.16075,24.95883,00000000f1124bca,11.7
1294,2019-08-04T12:41:02Z,d2b1a7ead9aff41a8cb3fff6b7f4ee84a780b52aae2f3838b83447fc,60.16829,24.94214,00000000afef4555,18.79
1295,2019-08-04T12:41:02Z,d38e88e5b926f9d1de6e326cca45116fcca11f10684c80876739c6cd,60.16075,24.95883,00000000f1124bca,13.75
1296,2019-08-04T12:41:02Z,d3a37aedae39925bda7da8e4f05a61b85904a00f88e8684006c76351,60.16829,24.94214,00000000afef4555,16.1
1297,2019-08-04T12:41:02Z,d3c0cff604283ea6adeabb4f867f3fcaf8ee41fd27fc600d33c4d70d,60.16075,24.95883,00000000f1124bca,27.28
1298,2019-08-04T12:41:02Z,d64eda229ebb6012e59bc89eacb74918e404ce52f16b491f3d48e800,60.16897,24.95222,00000000aa852af1,14.89
1299,2019-08-04T12:41:02Z,d87210146aab139cc6640a20b428dce6ac516806a71a177b70e04f62,60.17065,24.93641,000000000f4919c9,9.12
1300,2019-08-04T12:41:02Z,d9e1972e6cb517827f9c355e591924449d0bbdc9bb0f5bc1f8d4f29a,60.16629,24.95957,00000000fb7600be,25.36
1301,2019-08-04T12:41:02Z,da0c40291d3ace2273a08e3c9b87cbc15b0f03d0dba61e7c5a88dc0c,60.15432,24.9211,0000000019fb59c4,25.36
1302,2019-08-04T12:41:02Z,da667dfa2d8a272a7398e186de027fabd2052052c0aad767a1c7d966,60.16897,24.95222,00000000aa852af1,20.28
1303,2019-08-04T12:41:02Z,daac051ca20430238282e179e0fe525b11ff1e8f1ace26d45b41f331,60.14947,24.91438,000000004ef3150d,27.28
1304,2019-08-04T12:41:02Z,dc15145376f4a497910c8d2231d671bf62f1918ad93938a48fdc3eb4,60.149,24.9843,00000000fffb8cf0,16.1
1305,2019-08-04T12:41:02Z,ddc8410b9e4ece4b995b789f95e526693bac176ed77092ba57355dc8,60.16762,24.95415,000000006b44cce7,3.74
1306,2019-08-04T12:41:02Z,ddd849ee86afceedd5f5582ede84380d5596c9ea304d634ab0fd0de0,60.16829,24.94214,00000000afef4555,4.11
1307,2019-08-04T12:41:02Z,de09fd8d15c3d7adbf440a3d0a418a3b476513c968bda8a4aa652adf,60.173,24.92524,0000000096918cfa,25.36
1308,2019-08-04T12:41:02Z,de0d086ae32f87522eab31d3bc52545ed17b065889674963c0709568,60.16829,24.94214,00000000afef4555,14.89
1309,2019-08-04T12:41:02Z,de84f754a3916c8f831b0bb8ea41fc2a42cdea2794558fece3c7ae97,60.1538,24.95595,0000000038bf9618,14.89
1310,2019-08-04T12:41:02Z,e02c0f9f72e9f248a4b5df8af328e1a0132d4d8a72c1e603d14cdacd,60.18203,24.91341,00000000342570c2,16.1
1311,2019-08-04T12:41:02Z,e0df847c19b463dec6cea35494d375ce136a276c6a785936c931f60f,60.18203,24.91341,00000000342570c2,18.79
1312,2019-08-04T12:41:02Z,e23a6115ba872037f9b5066c9c9c966b497f449e32a2c9ceb0e55497,60.16829,24.94214,00000000afef4555,12.69
1313,2019-08-04T12:41:02Z,e34bcebfa007159f3d2adb0e62e20fcf721a221f52bdfe2a6ad77831,60.18203,24.91341,00000000342570c2,14.89
1314,2019-08-04T12:41:02Z,e35717ff07f32be5a2e1520f1855533f8dcc72cff7930c9cba9da32b,60.14947,24.91438,000000004ef3150d,5.41
1315,2019-08-04T12:41:02Z,e36b6b16493b163fe2a28f600af0c8a0b52cd6b3a0a9fa93791c142e,60.16762,24.95415,000000006b44cce7,20.28
1316,2019-08-04T12:41:02Z,e3c03ee00a1bcd066f8b260cc5b9824d1118b7b7f972a818752aabc7,60.14947,24.91438,000000004ef3150d,3.4
1317,2019-08-04T12:41:02Z,e52d3c472cea2a2526e08e788d0ec316e9bfa1833f1d5121ceaa34eb,60.14699,24.922,00000000a53ed894,10.78
1318,2019-08-04T12:41:02Z,e6f4e3d1f5e01888556b077224cb4d8f88d63306fff2388e3fd997d0,60.14951,24.92138,0000000006dd41f6,18.79
1319,2019-08-04T12:41:02Z,e7cd5f775c7eea951719f351fcc25c710f857832d6f4b70a51b7b82d,60.16897,24.95222,00000000aa852af1,17.4
1320,2019-08-04T12:41:02Z,e826dedac8582e619ce18cd7eed68be5ee1fc9ed37e191e06f916835,60.14947,24.91438,000000004ef3150d,7.69
1321,2019-08-04T12:41:02Z,e8edad8445fc4965a5c0eae45906480d83b15e61fc6139c7bdea1e33,60.14699,24.922,00000000a53ed894,29.32
1322,2019-08-04T12:41:02Z,e9115410fa45db5a174eee008cae729dc69937a0e0b5a304899bf1b9,60.17065,24.93641,000000000f4919c9,20.28
1323,2019-08-04T12:41:02Z,e92eb020afcd7c1fad04690230ff8c2f005e404dd25b8dced1df30dd,60.16075,24.95883,00000000f1124bca,5.91
1324,2019-08-04T12:41:02Z,e95415d461b040c869512659bcc843eedf3267c4b029a0b3fab444aa,60.16829,24.94214,00000000afef4555,13.75
1325,2019-08-04T12:41:02Z,e9e19621fc5cfcfed2c808bbadc6cc6dd31e28d3c04cef8b89ca2729,60.16075,24.95883,00000000f1124bca,16.1
1326,2019-08-04T12:41:02Z,ea157e44ed100be3f782d8b3d8e5e0986079c588c9ea754b14917df0,60.16829,24.94214,00000000afef4555,13.75
1327,2019-08-04T12:41:02Z,ea2f4d9799324f4cd2a6fcda1625b65acdbab9f6b8331c26f63beec2,60.16897,24.95222,00000000aa852af1,25.36
1328,2019-08-04T12:41:02Z,eaa9924da1e700147607d5145e2b55b48b65deea922ee2e59bd1d5a7,60.173,24.92524,0000000096918cfa,10.78
1329,2019-08-04T12:41:02Z,eac6fda3a18aa9ce55b6359f5c62a044e0bcd6bc3576c8cd815acf07,60.14699,24.922,00000000a53ed894,9.12
1330,2019-08-04T12:41:02Z,ec350e26364cb676c4cdb72647f039c31e27c775e7bb8973223e5d9b,60.14947,24.91438,000000004ef3150d,7.69
1331,2019-08-04T12:41:02Z,ed70712277756192c688e0f4d7620cdb33803ab3e0cc7c180c3efd23,60.15432,24.9211,0000000019fb59c4,27.28
1332,2019-08-04T12:41:02Z,ef77b04fc57a9781bf581172358ba74cf41e0b2a6ecc8090f99810bf,60.14699,24.922,00000000a53ed894,10.78
1333,2019-08-04T12:41:02Z,ef9a957427fa29cb6199e006dc4dfe8d84f32aef7faf1d897e18947b,60.16897,24.95222,00000000aa852af1,23.56
1334,2019-08-04T12:41:02Z,efb34de795db6f264e3952a38caeeb1f9639190c609e5af11b12cf58,60.14947,24.91438,000000004ef3150d,12.69
1335,2019-08-04T12:41:02Z,efe8b6c6fdf0d2caccd589aaaa4f0228a80590ff9ec7961f2e92103d,60.16762,24.95415,000000006b44cce7,5.91
1336,2019-08-04T12:41:02Z,eff99f303ba37ed36542008434b2d20e50155593bb9fc7bc1dcc4bf3,60.16075,24.95883,00000000f1124bca,7.69
1337,2019-08-04T12:41:02Z,f00fb569fe1448dccb8e92e24b081a3164b59eb117131800780c70a9,60.14699,24.922,00000000a53ed894,17.4
1338,2019-08-04T12:41:02Z,f15d4f120f48381cbfcc51d806d996141327b20a6b87040e767cf3e7,60.16897,24.95222,00000000aa852af1,33.81
1339,2019-08-04T12:41:02Z,f1845e00642980be3cdc27a088c619bb0616b86f7cfa0b8909efac80,60.16544,24.95398,0000000038d83d41,23.56
1340,2019-08-04T12:41:02Z,f1eb1b22a5e01064a1829b325d256218c68bc9134f03a3f09f3e2566,60.16829,24.94214,00000000afef4555,23.56
1341,2019-08-04T12:41:02Z,f20f951802c722181f0e90095001c49e73f84049bb105b95c97049d1,60.17918,24.95141,00000000675d5200,29.32
1342,2019-08-04T12:41:02Z,f2deba4ef84dbbc8c5d8524f6e2311183003bce4f9bfa6aef5b5ef66,60.14947,24.91438,000000004ef3150d,4.11
1343,2019-08-04T12:41:02Z,f2e063c8c25a8bec0dd6ec3924a5f59fd9694078f2f3fd5b3ea96f29,60.16762,24.95415,000000006b44cce7,14.89
1344,2019-08-04T12:41:02Z,f366283765028e1454f3cfc564b9f220c9d700bfa8a843746eca3141,60.16897,24.95222,00000000aa852af1,20.28
1345,2019-08-04T12:41:02Z,f39827c3c7f4c833d1118043492f78e3255b6da9f4a2c000041d9b61,60.16829,24.94214,00000000afef4555,7.05
1346,2019-08-04T12:41:02Z,f3ec2366b51157150674e5ab6293bdb19e0b30ca4296fee4c97b811c,60.14699,24.922,00000000a53ed894,9.92
1347,2019-08-04T12:41:02Z,f45bb5439cba45e9d83f582863bb79887e6c579fad6697300ab0fb93,60.14699,24.922,00000000a53ed894,20.28
1348,2019-08-04T12:41:02Z,f5f7cfe177dfb0b7ebba2419ae53f70b6b5690dd98d98586004a9107,60.149,24.9843,00000000fffb8cf0,11.7
1349,2019-08-04T12:41:02Z,f6a88c4482d078d6a1d51eabc04916c6f7566cff4a16fd55f3abdef0,60.16531,24.9442,00000000fdda10fe,29.32
1350,2019-08-04T12:41:02Z,f7777ac6285e2f6b6aa546b03f294d81e169b8236268cfed232c9679,60.16897,24.95222,00000000aa852af1,25.36
1351,2019-08-04T12:41:02Z,f796c9efc581b25280d4b416f8ba3aecca6ddf083e7bdad05f6e595e,60.14699,24.922,00000000a53ed894,8.38
1352,2019-08-04T12:41:02Z,f7f0caf73572bea3c08b592eeb9655b2668cfb16fd8840ca5619d84a,60.14699,24.922,00000000a53ed894,4.11
1353,2019-08-04T12:41:02Z,f84faae0aa9ce2d1d09d270282dd81033ad1352346128534d8c3fc7f,60.149,24.9843,00000000fffb8cf0,23.56
1354,2019-08-04T12:41:02Z,fa96854324adae88abb35afa34b2393a20338bfd8fc9602d3ce6ae8d,60.14947,24.91438,000000004ef3150d,3.4
1355,2019-08-04T12:41:02Z,fadc39da3cd26ac621092fbbff224b95bb13446c8d24bbf4f3e50e90,60.14947,24.91438,000000004ef3150d,12.69
1356,2019-08-04T12:41:02Z,fc618d570293e104f3bf927312641e3b7c65acce185b1614337d848c,60.16829,24.94214,00000000afef4555,14.89
1357,2019-08-04T12:41:02Z,fce50ac3cfd2f3b7a897f6575eeda4e45ab42e5b9b5351be836cc0de,60.16897,24.95222,00000000aa852af1,33.81
1358,2019-08-04T12:41:02Z,fe5ca86c906b1cb3bf9dd257ceefc562e41da499878f1074484f7d42,60.14947,24.91438,000000004ef3150d,12.69
1359,2019-08-04T12:41:02Z,fe694a484edd6d458a9dd6ab1b972c47170c8d32ebc0a87317ddc660,60.18203,24.91341,00000000342570c2,18.79
1360,2019-08-04T12:41:02Z,feb399897846bc34dc3f4b06ac4ef0ffb0db885977b88e5c5fdb7350,60.14699,24.922,00000000a53ed894,12.69
1361,2019-08-04T12:41:02Z,feef8514003d83f6df23d1f12c4f5c23c5605b684b459e94f0e6e6da,60.16448,24.97323,0000000053c6c2be,27.28
1362,2019-08-04T12:41:02Z,ff4f3e0f964f23b97e88626f7a506bb4409718931712c58ce0f247af,60.16762,24.95415,000000006b44cce7,16.1
1363,2019-08-04T12:41:02Z,ff8280896145ae17e594c52eac2cdbab47d3757d797878fbc4298596,60.1538,24.95595,0000000038bf9618,21.87
1364,2019-08-04T12:41:02Z,ff8d5b9e61bd912b13b664db8ef2919e1f515ca3b20ae67f532a5c8a,60.16762,24.95415,000000006b44cce7,21.87
1365,2019-08-04T12:41:03Z,002609eccfa6482109fb43966e0153bf6f371425cf715e49925348dd,60.14699,24.922,00000000a53ed894,12.69
1366,2019-08-04T12:41:03Z,0152988639aaaa9cc27213280c8f0c0c8ec97ae6a45aaaf743c9c25d,60.16544,24.95398,0000000038d83d41,27.28
1367,2019-08-04T12:41:03Z,14c7e1511b70f4dd3359cbece1377aebb4d70531f5489eefe53d7c3c,60.16544,24.95398,0000000038d83d41,29.32
1368,2019-08-04T12:41:03Z,1599d2c9070a6f05e1a5887c2d9209214c04818c6203fe75440734f2,60.1538,24.95595,0000000038bf9618,21.87
1369,2019-08-04T12:41:03Z,165ebbb4090d47319ae370f0d0854fdc1f6b79499f8b2e4d3c3533c0,60.16544,24.95398,0000000038d83d41,29.32
1370,2019-08-04T12:41:03Z,16c994bb2e24124a910c247376d16e980a65626a94c4c0aaab27df60,60.16829,24.94214,00000000afef4555,27.28
1371,2019-08-04T12:41:03Z,211f6b7b044343d0be369791b3fa3c144d0d0f391e2a42787712efb0,60.16448,24.97323,0000000053c6c2be,14.89
1372,2019-08-04T12:41:03Z,21d09757012e8f7297d1de922f681bcc36581a3d7be770b42b3780a0,60.15432,24.9211,0000000019fb59c4,16.1
1373,2019-08-04T12:41:03Z,25a7ff811c3c06e426c7c2cbb0433d9a2a3399b23afecbd35584ab0f,60.18203,24.91341,00000000342570c2,14.89
1374,2019-08-04T12:41:03Z,2603b5aecd8f219a410e558446935308ecabb09a6c9e5b38533728ff,60.16829,24.94214,00000000afef4555,20.28
1375,2019-08-04T12:41:03Z,2d3d031189abfaea69cd551a97b2b2d056a908f19bc56701010a2304,60.16897,24.95222,00000000aa852af1,14.89
1376,2019-08-04T12:41:03Z,2d407793ce0a0290a87debe672b1af2af93c687ca83668e17fb0ce63,60.14947,24.91438,000000004ef3150d,12.69
1377,2019-08-04T12:41:03Z,315af4a829b592ba99b203b8ed2cbd499769f8752dfe6de7da4ee929,60.16829,24.94214,00000000afef4555,16.1
1378,2019-08-04T12:41:03Z,3a93902ba6b635489cd6f55b08d93e6fe7a5bc0a86a0b490a88f6d1b,60.16075,24.95883,00000000f1124bca,14.89
1379,2019-08-04T12:41:03Z,3b5cafe90982db26cf737b2e4cd4275276f6a031bca3b2a1f73023b2,60.14699,24.922,00000000a53ed894,12.69
1380,2019-08-04T12:41:03Z,3fe84a5a1e657df8910685df3a8cf779a6ebc3362fbc8e578f235ee4,60.15432,24.9211,0000000019fb59c4,9.92
1381,2019-08-04T12:41:03Z,428200653016fc7ce0316a6f02da87407a8a5829ee83a7d3087b9b80,60.16897,24.95222,00000000aa852af1,31.5
1382,2019-08-04T12:41:03Z,44d0b94469070803869f229601e877beb613c3f5aafa009addf97a1a,60.16544,24.95398,0000000038d83d41,13.75
1383,2019-08-04T12:41:03Z,4a1efc9faf9548fe0ed72037d54a131265a72e61fdfc2009a4e9408a,60.16075,24.95883,00000000f1124bca,14.89
1384,2019-08-04T12:41:03Z,5bbb5184fded3e51bc78e45e39917794285e6bbc72da404802a9599a,60.16531,24.9442,00000000fdda10fe,47.69
1385,2019-08-04T12:41:03Z,5d65719c4cbf045f068d084b72302f447d5fd034413d97d13be00d0e,60.18203,24.91341,00000000342570c2,23.56
1386,2019-08-04T12:41:03Z,5eed115a984d490b02b602d73787aee8dc8c4e9365b77fbff3818a76,60.16629,24.95957,00000000fb7600be,23.56
1387,2019-08-04T12:41:03Z,6066632ddc94b5c482a2d4f45ed2532e55e3fd63e414a084a596a737,60.16762,24.95415,000000006b44cce7,17.4
1388,2019-08-04T12:41:03Z,653a92a7828f2c43bc74899753f872e8b93c30b6fb419b651a94bbc1,60.16897,24.95222,00000000aa852af1,27.28
1389,2019-08-04T12:41:03Z,66dabd3229229330d23c70e9e1737429ddfe69db01f4a6a00f70fa20,60.16762,24.95415,000000006b44cce7,17.4
1390,2019-08-04T12:41:03Z,69219e9efa41ae9e732653e9eaf08e1a34cb853a9dafe76ddeea4d04,60.16897,24.95222,00000000aa852af1,16.1
1391,2019-08-04T12:41:03Z,6a70e2fbced719333e21eff04fcb9cb36bae9a04d1a3d6ddd96f2c58,60.15432,24.9211,0000000019fb59c4,8.38
1392,2019-08-04T12:41:03Z,6c1aaf8f7e848546d8ec5d4d5168e3e69d98c353d3ba63819f69d28c,60.16629,24.95957,00000000fb7600be,25.36
1393,2019-08-04T12:41:03Z,6f06341f358e61699fe1e55e986dd0554bc8da28b91daf0c5ad99db6,60.16629,24.95957,00000000fb7600be,25.36
1394,2019-08-04T12:41:03Z,70d8572458a1a103555bab897b6443e601e0ed211414b15ad0b56f60,60.16544,24.95398,0000000038d83d41,23.56
1395,2019-08-04T12:41:03Z,737efc92e3419e9d96a8559ec341ea7e18ba6381fd8e4de3d06f82a0,60.14699,24.922,00000000a53ed894,21.87
1396,2019-08-04T12:41:03Z,7678cdb86d454ca9ae52f22d97e635106585a3a046d01da4463695cc,60.18203,24.91341,00000000342570c2,14.89
1397,2019-08-04T12:41:03Z,8468db43b6df433cf4f806fa750ab4ec625503fd4b89d96b5b6f1b1c,60.16075,24.95883,00000000f1124bca,5.41
1398,2019-08-04T12:41:03Z,85ef35aecf2ff804be3d958b592705ec41c6df9c128c132c65bb283d,60.16897,24.95222,00000000aa852af1,23.56
1399,2019-08-04T12:41:03Z,87dfaad29a9276ddddb1fa021d3bc23ad14824c1af16f7d87e713689,60.14951,24.92138,0000000006dd41f6,9.92
1400,2019-08-04T12:41:03Z,88808fe92573e9cdf022cc15b9689b6b4b9429f60513c8897b0ba4c7,60.16897,24.95222,00000000aa852af1,23.56
1401,2019-08-04T12:41:03Z,8c75c3289c84fe4493e1e272a77b615fe1985880c5dc68a7c1a17b53,60.16762,24.95415,000000006b44cce7,16.1
1402,2019-08-04T12:41:03Z,9843c6216661048343a0e49cf3d8aa2883cf77f452666a1c873a1052,60.16448,24.97323,0000000053c6c2be,36.27
1403,2019-08-04T12:41:03Z,a12be4ecd9193da4cc89381b6a3715e1e453ce0ebc59bb7ce12f72b0,60.16544,24.95398,0000000038d83d41,25.36
1404,2019-08-04T12:41:03Z,a3a21ef15e1883941a7ed2eb6150357ae068aa4b0b6ce6ca0482ea3a,60.14951,24.92138,0000000006dd41f6,29.32
1405,2019-08-04T12:41:03Z,a8f8130135c784b027355228017bbfe99e5a6eecec153d44b78bedd3,60.16829,24.94214,00000000afef4555,16.1
1406,2019-08-04T12:41:03Z,acd2647d413f41552b31b6e383da445c8902bc2a764d2b7791a7b164,60.16762,24.95415,000000006b44cce7,13.75
1407,2019-08-04T12:41:03Z,af807b67ce09a2ce1744025c421961213f1608ca658ece4df69555a1,60.16762,24.95415,000000006b44cce7,14.89
1408,2019-08-04T12:41:03Z,b5fd6b317890e5ab2d79e2cd1abe61626d45a753c7337d0d40728898,60.16762,24.95415,000000006b44cce7,11.7
1409,2019-08-04T12:41:03Z,bcb0201b0a1edf350ae2f681076e7d2d48ebd94c075bd3ca59552020,60.16897,24.95222,00000000aa852af1,20.28
1410,2019-08-04T12:41:03Z,be41ebc5fb0d348fc1ef1166d44251c3112a78a4ea01aa980364ee7c,60.14699,24.922,00000000a53ed894,12.69
1411,2019-08-04T12:41:03Z,c0cdd4e99cf9447e490b5cbd5e7513df9acfcbabb8bd5117c4731512,60.16075,24.95883,00000000f1124bca,23.56
1412,2019-08-04T12:41:03Z,c175b4269517070a33be84e85a4b8b23c3bb430ff6c31b121ac1603f,60.16762,24.95415,000000006b44cce7,9.92
1413,2019-08-04T12:41:03Z,c97eb4181394121907d47b908495f54e5ee5145ff790f7a1dc21b3cf,60.16897,24.95222,00000000aa852af1,13.75
1414,2019-08-04T12:41:03Z,ca6927628f5ddda20036865c9345ad93d476d62ade3b181de568eed6,60.16897,24.95222,00000000aa852af1,17.4
1415,2019-08-04T12:41:03Z,ce197d5eedb5498917afe7ca3f7275ffeb191f0c5d050bffa154c1d2,60.16531,24.9442,00000000fdda10fe,27.28
1416,2019-08-04T12:41:03Z,ce358a51e6d8aadc92f348d84faf2751693f532bef422ca636a0e1ea,60.17065,24.93641,000000000f4919c9,8.38
1417,2019-08-04T12:41:03Z,cf05623e4d87ce0906c0b0b7dbf53aacc1228016cd27c341228b6e76,60.18203,24.91341,00000000342570c2,17.4
1418,2019-08-04T12:41:03Z,cfc0bedb78ded52749db3188cb188bf6a250ef5990da9c5afa9623fc,60.14951,24.92138,0000000006dd41f6,16.1
1419,2019-08-04T12:41:03Z,d568a92135fd8619da42f2038266f4922d5b6d48fe1c5f9490d39f30,60.14947,24.91438,000000004ef3150d,25.36
1420,2019-08-04T12:41:03Z,d661caec7a5da6aef734734bbf9090debe494c1afd98050f88f269bd,60.16829,24.94214,00000000afef4555,9.12
1421,2019-08-04T12:41:03Z,dcb7e8bb90af70568c12a902d706c70e1ac1213e31ba074756f0a27a,60.1538,24.95595,0000000038bf9618,31.5
1422,2019-08-04T12:41:03Z,ded49640b591e73bff71f84fb99d2739eb6c9554164a015017725e03,60.16829,24.94214,00000000afef4555,17.4
1423,2019-08-04T12:41:03Z,e8690c2d1711bc10f2d1251a3b5b1e770b98c66c384760400c604de1,60.16829,24.94214,00000000afef4555,21.87
1424,2019-08-04T12:41:03Z,e8a3f9989b92ca25b37254bbeed32fd40c4e06d6322ba4b873eae590,60.16448,24.97323,0000000053c6c2be,33.81
1425,2019-08-04T12:41:03Z,e8e366e76c97944e23c0f80b4fd3ce6e5832744922297146a49f0c7e,60.16762,24.95415,000000006b44cce7,9.92
1426,2019-08-04T12:41:03Z,e96bd269a48b822b06141c3362fcb6d5ed4d0d09a120f2e4a712d5c2,60.16897,24.95222,00000000aa852af1,14.89
1427,2019-08-04T12:41:03Z,eee5797db5c3753514933a12e2485caee4ee5803b4d830ba1c22e5c5,60.14947,24.91438,000000004ef3150d,5.91
1428,2019-08-04T12:41:03Z,f088630d7476dae7d4b7e2bb1f10575f2c89acb4b6e061f3d57c2b40,60.16531,24.9442,00000000fdda10fe,18.79
1429,2019-08-04T12:41:03Z,f29ea15113ac0eea0be8ec41c633909de4b0b9ab6c7b9898b128080c,60.16897,24.95222,00000000aa852af1,13.75
1430,2019-08-04T12:41:03Z,f405a7c4a3a4339f8e3f7e552f6492d6eed76f7d08c54943286213de,60.16762,24.95415,000000006b44cce7,12.69
1431,2019-08-04T12:41:03Z,f6609ab1076b1105bb845595a03b41b8fbb282f79c337df5bbc9f841,60.14699,24.922,00000000a53ed894,10.78
1432,2019-08-04T12:41:03Z,f94dddacf96965952551200a02b41925bcd21402aceafb12f19931af,60.16075,24.95883,00000000f1124bca,16.1
1433,2019-08-04T12:41:03Z,fc4f3a44235f1cfc7b53f14ba2da599976a5a0a220d23b852688e485,60.17919,24.95181,000000007b5207b6,20.28
1434,2019-08-04T12:41:03Z,009ad4cd2bd97e04da44cc9789e6bdbdb899eded61d05b7d5634b7be,60.16829,24.94214,00000000afef4555,3.4
1435,2019-08-04T12:41:03Z,00a07b1f8113691d8475c54082a14cdd54decf9845a90e75df8031a6,60.17065,24.93641,000000000f4919c9,29.32
1436,2019-08-04T12:41:03Z,02290ce195d0c1a6f6c472f83372d8b189973a36922259ef2b595ec6,60.16829,24.94214,00000000afef4555,23.56
1437,2019-08-04T12:41:03Z,02978cd5cb7127a718d3d775079ab940a3e81885ce6106495cca5ee4,60.1538,24.95595,0000000038bf9618,27.28
1438,2019-08-04T12:41:03Z,0367fef8d925a41cac914631410e3a62c4306938bae127672d7d98da,60.16829,24.94214,00000000afef4555,21.87
1439,2019-08-04T12:41:03Z,038e7f3d1d9babcdb48b63ff8e3e1ac732b3c29f665dc7d9a1819abc,60.14699,24.922,00000000a53ed894,9.12
1440,2019-08-04T12:41:03Z,0413805762399525f916572e0de4852c934500b4a8465ac67a535d41,60.16762,24.95415,000000006b44cce7,11.7
1441,2019-08-04T12:41:03Z,0479a26a59d65bf1dee05c06f4227a0ba63a6e9c9a09e7c34f2e06b4,60.14699,24.922,00000000a53ed894,7.69
1442,2019-08-04T12:41:03Z,04c3b487e8f6b938d4fcd30254edecafbe62a0d8d53ebc32d0151c6d,60.16762,24.95415,000000006b44cce7,17.4
1443,2019-08-04T12:41:03Z,05d441c83d2df822feaf93d7861452db7a201f22d84cfa36f421dfd2,60.16544,24.95398,0000000038d83d41,17.4
1444,2019-08-04T12:41:03Z,0638ed176f2a4b17c11bae92240575c9305f4bc21592a476b3106be4,60.16762,24.95415,000000006b44cce7,16.1
1445,2019-08-04T12:41:03Z,08171a3d6565fe801fb5288c1100877c6835f5c3c9039afaebfa1cf1,60.149,24.9843,00000000fffb8cf0,31.5
1446,2019-08-04T12:41:03Z,0851ab74be2e888decf0046825f09ed302f7b2275e72b09b5b713d85,60.16829,24.94214,00000000afef4555,9.92
1447,2019-08-04T12:41:03Z,09e6b7d5a7a9e691d686fb405bc2bfe0c9e5d525b47385d9235575e3,60.16897,24.95222,00000000aa852af1,23.56
1448,2019-08-04T12:41:03Z,0a0acb70a8ef92be52a64d4425e70bb2f7a17d13942c3382c9d68878,60.149,24.9843,00000000fffb8cf0,9.12
1449,2019-08-04T12:41:03Z,0a5ed50daf13dd10744537aa851ac7ab1d34d9797ec6ab6e2402aebb,60.16762,24.95415,000000006b44cce7,13.75
1450,2019-08-04T12:41:03Z,0aabf0df4c3c5b45bb8950c92dbe624985f19e8650ed61f92571a65a,60.14699,24.922,00000000a53ed894,4.5
1451,2019-08-04T12:41:03Z,0acb4bd7319729fea4acf035921d1136d86a307a60b4444669cede1a,60.14699,24.922,00000000a53ed894,5.41
1452,2019-08-04T12:41:03Z,0b0dd9af9d52c68ff71ce266d6707abbb0f56c3c63be0f83f7b5df9b,60.16762,24.95415,000000006b44cce7,4.94
1453,2019-08-04T12:41:03Z,0d0e661499ff245b29cce6a0bee9d4716c35738590a43b289dbfbe0e,60.1538,24.95595,0000000038bf9618,21.87
1454,2019-08-04T12:41:03Z,0d3525b13d674f1645fdbe6d842fe37b2f416889c5472e9dfcc5445c,60.14947,24.91438,000000004ef3150d,9.12
1455,2019-08-04T12:41:03Z,1079de98d81ca59f568f6786745c1e4f7fe7b9501481607b3df44d83,60.14947,24.91438,000000004ef3150d,36.27
1456,2019-08-04T12:41:03Z,10a99e791e27975dc1c9d73d3163cabacf3bd7bd05a4f7abf6365426,60.14699,24.922,00000000a53ed894,9.12
1457,2019-08-04T12:41:03Z,10caaea8002e8b3b342b32710efdd7305ff375ca1cdc01411f66b2f6,60.14699,24.922,00000000a53ed894,18.79
1458,2019-08-04T12:41:03Z,119268a2b328b466959e99158efc17d07641daf2eab0785f813707f9,60.16762,24.95415,000000006b44cce7,11.7
1459,2019-08-04T12:41:03Z,120a63917cb5ab619bf9a71328f14020736ee84e75d5b37278748def,60.16897,24.95222,00000000aa852af1,12.69
1460,2019-08-04T12:41:03Z,121345c4cf0d0f18c684c4eb22e496ac6f8fb537ec2f3812f6966b67,60.16762,24.95415,000000006b44cce7,10.78
1461,2019-08-04T12:41:03Z,13bcedb8c59b26417282929d81844b272c7c5bc295614f531219a8e4,60.14947,24.91438,000000004ef3150d,16.1
1462,2019-08-04T12:41:03Z,13ee67fb034e3d24edc9a9618e9d6de24979ebbcb399f83abb02a897,60.14699,24.922,00000000a53ed894,3.4
1463,2019-08-04T12:41:03Z,1423891c6ee1edc7da83904378a35aef2e5797db95b117651d676934,60.16762,24.95415,000000006b44cce7,4.11
1464,2019-08-04T12:41:03Z,1496ce9cf373a2a508a8ab0b7aa0604dd889fd69483881c3752219af,60.14699,24.922,00000000a53ed894,9.92
1465,2019-08-04T12:41:03Z,1515fbb735095b233eea332bf40cff9995758e9bd0ad60218875554b,60.14699,24.922,00000000a53ed894,9.92
1466,2019-08-04T12:41:03Z,15ee12e5f9be00a79b0cbbc9912f51cbfa3e486624567e1bde938fb6,60.1538,24.95595,0000000038bf9618,31.5
1467,2019-08-04T12:41:03Z,161aa798c2a18e132fb27ecded773218ea4e42eabbd0e5794b1d7017,60.15432,24.9211,0000000019fb59c4,21.87
1468,2019-08-04T12:41:03Z,171a752ceacd35c6e27c36e67da80ba960a246c0977f0bdca139a472,60.14699,24.922,00000000a53ed894,23.56
1469,2019-08-04T12:41:03Z,17af6ab252328066d6b13406084507dfa7a7f6db3030872e7f87223d,60.17065,24.93641,000000000f4919c9,20.28
1470,2019-08-04T12:41:03Z,1882b53729765cca25bc63400074242872d6fbc57882f131285b277f,60.16829,24.94214,00000000afef4555,20.28
1471,2019-08-04T12:41:03Z,194e6ced97ec114a37fe06d6d73fb687c057d411be476f1ea6f4852e,60.16897,24.95222,00000000aa852af1,21.87
1472,2019-08-04T12:41:03Z,1ad0b84716a79851fa8db7a993012f0c8e496d6cba9d028a546285a2,60.16897,24.95222,00000000aa852af1,31.5
1473,2019-08-04T12:41:03Z,1b3fba902b8d1538b508cdc228fd15fdd87f5aecb68e5611b1a4e354,60.16762,24.95415,000000006b44cce7,4.94
1474,2019-08-04T12:41:03Z,1bcef866fafad7c7460a084e0b0d27c087b549f4ae704390708be47e,60.149,24.9843,00000000fffb8cf0,7.69
1475,2019-08-04T12:41:03Z,1c669457535e4635f732c228ec524f9d2c440b0d2132fa1acd93122a,60.16897,24.95222,00000000aa852af1,23.56
1476,2019-08-04T12:41:03Z,1c7ccd5d6570d98e57ef2ebbd716b7504b138f9bb616fbeaa0d1a268,60.14699,24.922,00000000a53ed894,12.69
1477,2019-08-04T12:41:03Z,1dacfb371d75dd4f90f447aac2a00faad98beb4188a6971c19eb2375,60.16629,24.95957,00000000fb7600be,25.36
1478,2019-08-04T12:41:03Z,1de29ffd9360fbbeaef5c65201b5536524df17375122c5d2462b37ca,60.14947,24.91438,000000004ef3150d,11.7
1479,2019-08-04T12:41:03Z,1e24a2120b13c780dbb3a67a73f5058d1847f126fd5f5952e6dddcd3,60.16075,24.95883,00000000f1124bca,16.1
1480,2019-08-04T12:41:03Z,1ec58e626d2335aeeaa7c7d8f715d4334274dbd43448fb62c3901ef6,60.16829,24.94214,00000000afef4555,17.4
1481,2019-08-04T12:41:03Z,1f74037ecab4dbdc5db1a8dc8b583a86630f86a5f2d0a5167b7fa605,60.18203,24.91341,00000000342570c2,16.1
1482,2019-08-04T12:41:03Z,1f81ed7274add201d3059d4a37e2bbe86b6ae1f0fd42a16d7b8dccaa,60.14699,24.922,00000000a53ed894,14.89
1483,2019-08-04T12:41:03Z,1faaaeff6423708e06d94b904af4be93e399939fbdfd3b3091dc8bd2,60.15432,24.9211,0000000019fb59c4,14.89
1484,2019-08-04T12:41:03Z,203a0c145a43c9a18f8c2a5ba4e18882e7430662bb4ac0e56ab37578,60.17065,24.93641,000000000f4919c9,14.89
1485,2019-08-04T12:41:03Z,20ac7b2ace7c0038aa8df01b9281a9c54f1551fc8ab9b662b1f1ca22,60.18203,24.91341,00000000342570c2,18.79
1486,2019-08-04T12:41:03Z,21bdc11bb63fb48c9d4b5308540ee5df579c9a385001a10fceeeedf3,60.14699,24.922,00000000a53ed894,17.4
1487,2019-08-04T12:41:03Z,21eed3ade733687b8f56fade8290819b7c6b4a9f38468979fe692c3e,60.16762,24.95415,000000006b44cce7,8.38
1488,2019-08-04T12:41:03Z,2204ba387d2db0e7d2ca03f7ace46abff8d141668b73c75a1879d7ba,60.14947,24.91438,000000004ef3150d,5.41
1489,2019-08-04T12:41:03Z,22fe9a06fba1036e8eafd726bc450095b1893be067f475e1882bb704,60.14699,24.922,00000000a53ed894,11.7
1490,2019-08-04T12:41:03Z,231026899a6d5b326cb5b1e38b182ca1acb77c7e27bc2378973b29db,60.16629,24.95957,00000000fb7600be,18.79
1491,2019-08-04T12:41:03Z,23337c2812924a07e4f0bbc92e56d1f85ea40208b6b987f4afc686cf,60.16897,24.95222,00000000aa852af1,7.05
1492,2019-08-04T12:41:03Z,244b51aa4a7059ba782925258111c295aa4de9596025c55ccd5580ac,60.16829,24.94214,00000000afef4555,10.78
1493,2019-08-04T12:41:03Z,24feb6a5d7b8dcde702c2d815fa30aaae737e204f37351224838b01b,60.16762,24.95415,000000006b44cce7,13.75
1494,2019-08-04T12:41:03Z,250f7cf6c6d1296e84c45fb8621a0704eb5243471980b5187dc40cdd,60.14699,24.922,00000000a53ed894,16.1
1495,2019-08-04T12:41:03Z,257206d3f59df5c426a9c735f4741cba6d792de1cbafe62289d383d7,60.16897,24.95222,00000000aa852af1,18.79
1496,2019-08-04T12:41:03Z,2607d1b2fc6e31a80348fffbed68a7d3a8e0212f197f2d1c573c587b,60.14947,24.91438,000000004ef3150d,4.94
1497,2019-08-04T12:41:03Z,27d4452dcae7c8e389fc21669cb3ccaedac87d45d4b1a50131c939e4,60.16762,24.95415,000000006b44cce7,11.7
1498,2019-08-04T12:41:03Z,28b43564f7156b67db7cb7b779e948986d7610f921490f9030379704,60.16897,24.95222,00000000aa852af1,8.38
1499,2019-08-04T12:41:03Z,2bc95bfe257249215913b47f8544606d478783f0530c688972c2f11f,60.16629,24.95957,00000000fb7600be,23.56
1500,2019-08-04T12:41:03Z,2e2f4d1ad9ddc47800b58bfd6c1f08de22fdaa2157ec5f3f817246bf,60.16448,24.97323,0000000053c6c2be,27.28
1501,2019-08-04T12:41:03Z,2ee2e108ed9051b1ccf4d3ee89931dfd53170af0b558fa6579b83e8d,60.15432,24.9211,0000000019fb59c4,17.4
1502,2019-08-04T12:41:03Z,2f08dbfbbe5577f04ea9826f72d5452ddf5fd9bb892769382ea5a4ca,60.16762,24.95415,000000006b44cce7,12.69
1503,2019-08-04T12:41:03Z,32708990f2c831e65f70f2682baf5188fc93348b9a9e78ada8db2bf4,60.14947,24.91438,000000004ef3150d,7.69
1504,2019-08-04T12:41:03Z,32f77f5019e5fce30881c214487361e2e34b8c93277f6e546de72012,60.1638,24.96846,00000000d747f075,33.81
1505,2019-08-04T12:41:03Z,3342975587b576f91749b0d3a90f4dcd430b1f7bfb0f1677fe7e01b9,60.14699,24.922,00000000a53ed894,16.1
1506,2019-08-04T12:41:03Z,33634cb1e3fc5d4a621e8717d203da8533ed27531a70c6cbe3abf3fa,60.16762,24.95415,000000006b44cce7,4.11
1507,2019-08-04T12:41:03Z,33ec502792a84f23fed03cf16e483d153c65e2850a2549f47034726a,60.16762,24.95415,000000006b44cce7,7.05
1508,2019-08-04T12:41:03Z,3459042c03cbb672a039f7f14a6b99b84f839b0598f9e48bf4dd95f5,60.14699,24.922,00000000a53ed894,12.69
1509,2019-08-04T12:41:03Z,349dd839e41cff363cc4b935496e52b93be15233e508aa82987859bd,60.16075,24.95883,00000000f1124bca,25.36
1510,2019-08-04T12:41:03Z,352427714fc6e8591df6bd227dde05d3b7ba0881742eee4ae750dcc4,60.15432,24.9211,0000000019fb59c4,27.28
1511,2019-08-04T12:41:03Z,35502547e06ee42a683582ce5b803d594fd683773fb80142e128be38,60.16762,24.95415,000000006b44cce7,23.56
1512,2019-08-04T12:41:03Z,35a958343879c000cfc3f0c01afbc7d54934265828677bf4aefef84f,60.14699,24.922,00000000a53ed894,9.92
1513,2019-08-04T12:41:03Z,35e6e075578d7a51e510bf8904bde33f1d117264eea0917db98d4808,60.16897,24.95222,00000000aa852af1,10.78
1514,2019-08-04T12:41:03Z,36f876050503d244f74f3cbadcef716904eb2b245190d474b0cfa794,60.16762,24.95415,000000006b44cce7,5.91
1515,2019-08-04T12:41:03Z,3721331dbb97151d17938ed835ffc7208eba26fba6100c62870a3a4f,60.14947,24.91438,000000004ef3150d,2.8
1516,2019-08-04T12:41:03Z,37945fa4e7409fab98aa8bde45081f5bd083def0059485274ad552c0,60.17919,24.95181,000000007b5207b6,17.4
1517,2019-08-04T12:41:03Z,388cc7c522b659745d13c0c707774680483a0c8dc7f1266ab35d91e3,60.16544,24.95398,0000000038d83d41,25.36
1518,2019-08-04T12:41:03Z,39310ebca1ad756aa2bfcb16c912cb7003ef3e7286a1f037603ade61,60.14699,24.922,00000000a53ed894,7.05
1519,2019-08-04T12:41:03Z,39f03a3a5fd777feee270921a7f51daec12ea679b542b0aaf2e808d7,60.149,24.9843,00000000fffb8cf0,17.4
1520,2019-08-04T12:41:03Z,3a6ce73ea4c03a14fc0d3d099e4698d3c1051a2e8e4bd552d5de394d,60.14947,24.91438,000000004ef3150d,5.91
1521,2019-08-04T12:41:03Z,3b73bf57d223bcb9b930ee8619e6603e52485b221389c64d85614baf,60.16897,24.95222,00000000aa852af1,7.05
1522,2019-08-04T12:41:03Z,3be48824225ca9f2aea5653f6ce21181a76e67a8d4b8361f0cba1f8a,60.14947,24.91438,000000004ef3150d,1.38
1523,2019-08-04T12:41:03Z,3c11845576020a1135cb12cbf016a07b22cb58b147a78511ee42d0d1,60.16075,24.95883,00000000f1124bca,17.4
1524,2019-08-04T12:41:03Z,3d26e1d1c042133ccb16301bbada637dd3dea1623426336738e0f1c0,60.149,24.9843,00000000fffb8cf0,23.56
1525,2019-08-04T12:41:03Z,3e4965f1ed580ddf80246b1b78cbc55b73c11d67573d9cede2a7ccf7,60.16829,24.94214,00000000afef4555,6.46
1526,2019-08-04T12:41:03Z,3ec0a34310840b3aa1aa32a3f2bffbe426e91a242dc6eb5c1e86bba7,60.16448,24.97323,0000000053c6c2be,21.87
1527,2019-08-04T12:41:03Z,3ef78c4485a99bfa3d5e1df620f767b22e6c6583cefd990dee77f784,60.16762,24.95415,000000006b44cce7,17.4
1528,2019-08-04T12:41:03Z,3f0ef00adad8d110dd5a664041a7e29a8bf1cb2abdace2517eeafe55,60.14699,24.922,00000000a53ed894,17.4
1529,2019-08-04T12:41:03Z,3f395809cdaaaa1688c7d1cc770079bbf7ef1349e148bec5c8eacd57,60.16762,24.95415,000000006b44cce7,7.69
1530,2019-08-04T12:41:03Z,3ffe89aa6ab1e57883e21fa8f15969f46a5f487bccb2b993eadb3cfb,60.14699,24.922,00000000a53ed894,7.05
1531,2019-08-04T12:41:03Z,409be16c4d34b9e76ac22ea0e8e282da3e9d169fe77ff5ea52a72883,60.14699,24.922,00000000a53ed894,16.1
1532,2019-08-04T12:41:03Z,4157eed3f2574f5f9b1f7c3ccc1c36e181e82585ec5d491a1aedc6c9,60.16762,24.95415,000000006b44cce7,6.46
1533,2019-08-04T12:41:03Z,42052b48fa907a3f9ad0a511096b057331f7a11a1be046a63fb9629e,60.14699,24.922,00000000a53ed894,21.87
1534,2019-08-04T12:41:03Z,42168beaa0acd47be6bf8e4209edb348c9d27b18517c7420d454a24f,60.17065,24.93641,000000000f4919c9,27.28
1535,2019-08-04T12:41:03Z,42690cd685dbeeacc0a755e6201e0b16137c1d49128c586642631c7e,60.16448,24.97323,0000000053c6c2be,20.28
1536,2019-08-04T12:41:03Z,42da4298ed9f522421f17714e024d9b8fe22e7546df3deeb8b139bd3,60.16075,24.95883,00000000f1124bca,5.41
1537,2019-08-04T12:41:03Z,431375be6b9405ef55878f3aa0bb5dd6a35db8ba650a2bce05081c49,60.14947,24.91438,000000004ef3150d,17.4
1538,2019-08-04T12:41:03Z,447f951c07ece4b9f8a41fed54b5911f4f8033b69f5a62bfd0cf1d97,60.14699,24.922,00000000a53ed894,20.28
1539,2019-08-04T12:41:03Z,4533d27e96c5c6637ddff4243672d658fea4004970652882357105a9,60.14699,24.922,00000000a53ed894,7.05
1540,2019-08-04T12:41:03Z,4547b56ce014395d163caf1a3f507d3d9b01b3d64d2fd0b0914f67b8,60.18203,24.91341,00000000342570c2,17.4
1541,2019-08-04T12:41:03Z,457d11209b95b153efb57d8f2641f2db0823e91a0d608fa0555a5b69,60.14699,24.922,00000000a53ed894,4.11
1542,2019-08-04T12:41:03Z,4602ff9d03f6bf4fbb82976098cc1c73e7a7e754050401c772d1406e,60.14947,24.91438,000000004ef3150d,10.78
1543,2019-08-04T12:41:03Z,467a01a257fbaad22bd4aebafc8f284c9ad3effc429475e57c214e9d,60.14699,24.922,00000000a53ed894,7.05
1544,2019-08-04T12:41:03Z,47b8aba771bed6ec3a7d57932c44fe859bcf6300054b3acc9d885105,60.14947,24.91438,000000004ef3150d,5.91
1545,2019-08-04T12:41:03Z,47bc9ff9097f9ef5f1862e48b4a42f6a9ddd30c4ef2b6eb43291a7a5,60.14699,24.922,00000000a53ed894,13.75
1546,2019-08-04T12:41:03Z,48d0a198e7445da9f7df3cb2cedef7dc861fe850deff789f6ad61d36,60.14947,24.91438,000000004ef3150d,14.89
1547,2019-08-04T12:41:03Z,48f665ebb1a71b0d84fc02bd71918c5ab5608328db534639cbd2a255,60.14947,24.91438,000000004ef3150d,7.69
1548,2019-08-04T12:41:03Z,4926fec57d2640e18cb9d46deb64eba0255ca71b93116f4ae21e4288,60.16829,24.94214,00000000afef4555,21.87
1549,2019-08-04T12:41:03Z,4a565a7be2bb822523480c6ca86154a466bf189290f87a0ef118f8b7,60.149,24.9843,00000000fffb8cf0,21.87
1550,2019-08-04T12:41:03Z,4aff8c41b8c3f924b9b765007cf6f0f148e9fdc4dfad6299b17f6f71,60.16762,24.95415,000000006b44cce7,12.69
1551,2019-08-04T12:41:03Z,4b1050cc517631e36206d3528399c0b14748daec8c7d1b5dfa412299,60.15432,24.9211,0000000019fb59c4,3.74
1552,2019-08-04T12:41:03Z,4b85388cdaec2b4c15b546160ee326d9668a5e5d3c7b08d0c539946e,60.17918,24.95141,00000000675d5200,16.1
1553,2019-08-04T12:41:03Z,4be50f3eb033f3f46e3069049c8e0a34dc8a2607741c1764369ba4c2,60.16762,24.95415,000000006b44cce7,4.11
1554,2019-08-04T12:41:03Z,4bf75585466f0aafa2ed2956fe4b0f7235b4ba3a0606a52219b3156c,60.14699,24.922,00000000a53ed894,27.28
1555,2019-08-04T12:41:03Z,4cadc8cc23fd84febb6a8383030a34c97b3388a8c9ed7a64cc0f51a6,60.14947,24.91438,000000004ef3150d,31.5
1556,2019-08-04T12:41:03Z,4d35f03f4cb1cd21fbb173af8af5be5e233c63882fda53232da315f0,60.14699,24.922,00000000a53ed894,14.89
1557,2019-08-04T12:41:03Z,4ebdb6165c5d4892cdc21711313b98b1545bececfb886192c6f0ef22,60.16762,24.95415,000000006b44cce7,9.12
1558,2019-08-04T12:41:03Z,4f4940c5c77737c5b8f2fbd5a1b65886ea5f6e0e4fcd50447e11ce21,60.16075,24.95883,00000000f1124bca,13.75
1559,2019-08-04T12:41:03Z,50e21d119f102cee2afe3ac7f1a32032527638769b05aca582d6ecb1,60.16762,24.95415,000000006b44cce7,10.78
1560,2019-08-04T12:41:03Z,514a3981fad6c695ac4940f09374b5d1c2e84d2ca835084ef8707714,60.16075,24.95883,00000000f1124bca,11.7
1561,2019-08-04T12:41:03Z,51b3c7870a399165f0d1d14f7d21688df32b0360f9cc6f3ca61890d8,60.16829,24.94214,00000000afef4555,8.38
1562,2019-08-04T12:41:03Z,52072bd384eaaf4a6958af5510ed039d194dee47f34667bc7bccbe0e,60.14699,24.922,00000000a53ed894,4.94
1563,2019-08-04T12:41:03Z,5263c8fd413ee308494f18228802330e278acc648b425bb454951db5,60.16075,24.95883,00000000f1124bca,9.92
1564,2019-08-04T12:41:03Z,5274280f7558ea562d9ce825000efc025d2de6b91c62614cb68df2b1,60.14947,24.91438,000000004ef3150d,21.87
1565,2019-08-04T12:41:03Z,52939581c6c8dd3407dbf44ea9e90471e4bbadfb7e3740a0ba8324f3,60.14699,24.922,00000000a53ed894,11.7
1566,2019-08-04T12:41:03Z,52f0e69ca7a5cebe604c1f32308dc7f8870d1d85cd4b25ad17f706e9,60.14699,24.922,00000000a53ed894,9.92
1567,2019-08-04T12:41:03Z,53f1f84f2f1f0ea7eb59dd269d86fae99cc25ee089a48f249de1aaec,60.16897,24.95222,00000000aa852af1,17.4
1568,2019-08-04T12:41:03Z,552e7d20be831c5ebfa503ba78ed542d6ece4ecad264308d5dc37a31,60.14699,24.922,00000000a53ed894,18.79
1569,2019-08-04T12:41:03Z,560205233dc9b13886248fb6e54ee21dc3b287080072641e01e08dac,60.16075,24.95883,00000000f1124bca,12.69
1570,2019-08-04T12:41:03Z,570dc61d53aec66ede39dfde66339640878453afc00cd1a55c60bca7,60.16544,24.95398,0000000038d83d41,18.79
1571,2019-08-04T12:41:03Z,571e65d939060a58396de22fc44d8842fc9de986824670ad765ec596,60.16762,24.95415,000000006b44cce7,8.38
1572,2019-08-04T12:41:03Z,57c6f9c8fc64c4d7030c1d3576910e338178138cd74acdc9e3630216,60.16762,24.95415,000000006b44cce7,17.4
1573,2019-08-04T12:41:03Z,58411163d307bb308f9c94a9720e9ce5ab0ce4f5617cd2b1fcc2037a,60.16762,24.95415,000000006b44cce7,7.05
1574,2019-08-04T12:41:03Z,584cb0b0cdd14e608c8b57c8aecc9826f9b40027e365e2438a444ea2,60.16762,24.95415,000000006b44cce7,13.75
1575,2019-08-04T12:41:03Z,59e23b6ba24eb1cbbe77cbbfb47fd0aeb3b9a3574e0b34a2be2c9352,60.16762,24.95415,000000006b44cce7,17.4
1576,2019-08-04T12:41:03Z,5bc8610f198c0ab38e4e89fd7f4828d032ca2a6ef97c2a17c79e296f,60.14699,24.922,00000000a53ed894,20.28
1577,2019-08-04T12:41:03Z,5c160268bc9b4b619181ce421d9e58c258e6b59a342945fc29f0004b,60.14947,24.91438,000000004ef3150d,11.7
1578,2019-08-04T12:41:03Z,5d70086d53447ee393249cef33c7bae814c1d7c2e3055fc91b38786c,60.17919,24.95181,000000007b5207b6,9.92
1579,2019-08-04T12:41:03Z,5e44b2770fcd3ab47bae5954df365187d2183088b73b895edc47dcd8,60.14699,24.922,00000000a53ed894,13.75
1580,2019-08-04T12:41:03Z,5e53be1d47b3cceeb6ea9406c75327379c8ee8abc68da605b7758e85,60.14947,24.91438,000000004ef3150d,8.38
1581,2019-08-04T12:41:03Z,5e7916ca910b02abf2d19906759663c23db63950a353fa546f55c8af,60.14699,24.922,00000000a53ed894,10.78
1582,2019-08-04T12:41:03Z,5eb5fb52ea06e23dbd7a527fe66e1b8338e1ee09afc44ceca38b8172,60.16762,24.95415,000000006b44cce7,14.89
1583,2019-08-04T12:41:03Z,614ab7fba7255f6bf6f888e9a04d589962f756b3f427e658f10014f2,60.16075,24.95883,00000000f1124bca,16.1
1584,2019-08-04T12:41:03Z,61dadc3bed7f3dda70dbe12fc6914b30c863945805046f66f43ec9a7,60.14947,24.91438,000000004ef3150d,23.56
1585,2019-08-04T12:41:03Z,623a1746eaf8ae2f9a6eb28842e9699551c46f4b1c799eb6285f5a13,60.16762,24.95415,000000006b44cce7,14.89
1586,2019-08-04T12:41:03Z,63a87f20dbfd068c086129312c165b6e9b1da2ea6c999be1dd1b8391,60.16762,24.95415,000000006b44cce7,17.4
1587,2019-08-04T12:41:03Z,63defb71d4c3856253a0a2d67a5c370b91ad0527703b334a63fe5344,60.14947,24.91438,000000004ef3150d,8.38
1588,2019-08-04T12:41:03Z,641e8defb97171d160f062c4bc3e9d06346f10d5246e6aeac935e1a9,60.16897,24.95222,00000000aa852af1,27.28
1589,2019-08-04T12:41:03Z,643ef3f01a51bea3c4510d4060a945cd510e5189236d68f5c9489034,60.16829,24.94214,00000000afef4555,1.7
1590,2019-08-04T12:41:03Z,64638a9f9e6c9b32fc4b484b55e4934fcab6cb04605cc76d5f5534b7,60.17065,24.93641,000000000f4919c9,13.75
1591,2019-08-04T12:41:03Z,64d86288e491374eed34c68c82763c2e5dbc87113cf5ca44f23233ba,60.16829,24.94214,00000000afef4555,10.78
1592,2019-08-04T12:41:03Z,6516a10850095847a8156717b0fba05a9bdc9b5bfedd691ddb07f119,60.14699,24.922,00000000a53ed894,7.05
1593,2019-08-04T12:41:03Z,6525cc634176c25187e68e0d067bcfecfd78e399e93db4ee9d408b7e,60.17918,24.95141,00000000675d5200,12.69
1594,2019-08-04T12:41:03Z,655204cb507ea9ae811105cdcd766161facaa9f729017a333f102391,60.149,24.9843,00000000fffb8cf0,23.56
1595,2019-08-04T12:41:03Z,65a5f0d3b8506f1c6e2e644cdfbec8505edd87af06914a125ac32d29,60.16762,24.95415,000000006b44cce7,20.28
1596,2019-08-04T12:41:03Z,6688790e10cbf0805c8bdc210412ed75d7999e61029da0b7ba29458e,60.16829,24.94214,00000000afef4555,21.87
1597,2019-08-04T12:41:03Z,67591d427f60ba3c369ac0d78088fca7be33081501508d16401dd6cb,60.16762,24.95415,000000006b44cce7,4.94
1598,2019-08-04T12:41:03Z,675eacdf32b5b831fd118fc5539eea4b3cef4bd11e2e1706a9571222,60.16829,24.94214,00000000afef4555,4.11
1599,2019-08-04T12:41:03Z,677c53ae4056d6cb123ca576ba5284664b1c7e3e88818bd19b5dd99a,60.17919,24.95181,000000007b5207b6,25.36
1600,2019-08-04T12:41:03Z,6875e3632a29207e29ded33617e66d55de5d8c7804fecedd6f1dfe12,60.14699,24.922,00000000a53ed894,11.7
1601,2019-08-04T12:41:03Z,69375ef968867906fc11b34d1e2c4b436d452cd47cb577a7f9e566ef,60.16762,24.95415,000000006b44cce7,5.41
1602,2019-08-04T12:41:03Z,698b200b63a644828a7314691a16af2af1bccef75d52abb5591a5542,60.14699,24.922,00000000a53ed894,7.05
1603,2019-08-04T12:41:03Z,69f1de5049f5731749defe893b8ae9ada4f5f788a994b8f7413ef657,60.17002,24.94407,000000006b087f40,8.38
1604,2019-08-04T12:41:03Z,6afad0494618e12f213955f9fdad3627f87b922e00bbee706c3152d7,60.16629,24.95957,00000000fb7600be,33.81
1605,2019-08-04T12:41:03Z,6b97071051ccf5db7e5ebee033d4f68d58ed6917ff2fac5b205a6605,60.17065,24.93641,000000000f4919c9,13.75
1606,2019-08-04T12:41:03Z,6f3dd17e40daabb4efe868f1b859dc00ecc01846f0a0e2b8db5d1413,60.17918,24.95141,00000000675d5200,10.78
1607,2019-08-04T12:41:03Z,6fc3823219441524e7f749dc3371bfb8c670faa9d4427a5ededed22d,60.16762,24.95415,000000006b44cce7,16.1
1608,2019-08-04T12:41:03Z,70c56152af84cf1bad4d19b0cb31202232b4cd4320ce5ea48895e42b,60.14947,24.91438,000000004ef3150d,10.78
1609,2019-08-04T12:41:03Z,71479e7c1c4fd96468f16800ff04484480c76e0953d2074500b0df31,60.17918,24.95141,00000000675d5200,21.87
1610,2019-08-04T12:41:03Z,7176e4b517010283d61468978a67a0e6d800f7b66219728174074b97,60.14947,24.91438,000000004ef3150d,11.7
1611,2019-08-04T12:41:03Z,72231bca658d3a16f3bf9c26ba5f13393b8377e4ab0b9ed3de6c811f,60.14699,24.922,00000000a53ed894,10.78
1612,2019-08-04T12:41:03Z,72ee53eb29f5a6840f7265c14354e5f6fec93d03847718301866eeb8,60.16762,24.95415,000000006b44cce7,13.75
1613,2019-08-04T12:41:03Z,733f21ebebe353e10a55a74b40a0a480e6d276334d4f3d8bcf85b711,60.16075,24.95883,00000000f1124bca,20.28
1614,2019-08-04T12:41:03Z,737779d5b545043aa16af1ca616beeb1b5dfae5e6e1d4a789d7b316d,60.16762,24.95415,000000006b44cce7,17.4
1615,2019-08-04T12:41:03Z,738ce77abafd1ca6f80e6f28e84d1b1886db4cfda3be6ffcdf52c1b1,60.14699,24.922,00000000a53ed894,17.4
1616,2019-08-04T12:41:03Z,745e52dafbfa395ea41c5fcd0c2717b9091e44d19ab89e03991fdbb7,60.16762,24.95415,000000006b44cce7,9.92
1617,2019-08-04T12:41:03Z,74a878d7b0f9bdc972ea66d8945447a7cc0ce8c1cbee6fa6470470cb,60.16629,24.95957,00000000fb7600be,29.32
1618,2019-08-04T12:41:03Z,759f94c852ff15ca91c3138913c3858c4801702f8f0514ae82fb2a19,60.16897,24.95222,00000000aa852af1,11.7
1619,2019-08-04T12:41:03Z,75c4fe7e755c8fa32fb05d60e00d2e6a956da279e7501407b548f61e,60.14951,24.92138,0000000006dd41f6,21.87
1620,2019-08-04T12:41:03Z,7664b7f08aaa059ecf6646a595c33fae0c80715febe63e31f45a4662,60.16762,24.95415,000000006b44cce7,11.7
1621,2019-08-04T12:41:03Z,76eb0b45eac8a8284082ead3dd4d2d265db2274e90c4819a73d04d14,60.18203,24.91341,00000000342570c2,25.36
1622,2019-08-04T12:41:03Z,777cceac7be6303a1c82f7cc68061528b01e3aa1b3aa6481cad9e5e3,60.16075,24.95883,00000000f1124bca,5.91
1623,2019-08-04T12:41:03Z,77a12194b9a6789f4b2b8c07ae7fce3c2b531cb221e5fa7ca5deae55,60.16897,24.95222,00000000aa852af1,9.12
1624,2019-08-04T12:41:03Z,798ac7f33620ef5de5bb467313d92bb6a534273b1521094fd4d5869c,60.17065,24.93641,000000000f4919c9,25.36
1625,2019-08-04T12:41:03Z,79bb1e615a834d4f653cec7efc45ad5b4bbedf2a83c55b44c586ad0a,60.14947,24.91438,000000004ef3150d,11.7
1626,2019-08-04T12:41:03Z,79bde23c1a8980f93a65e14306f0d8ea89e164430d8b991e2bfee82e,60.16531,24.9442,00000000fdda10fe,10.78
1627,2019-08-04T12:41:03Z,79d26f15a82c94ac5d05e0f2b6a6beeae1f407972ec39665d7ab9535,60.16829,24.94214,00000000afef4555,3.09
1628,2019-08-04T12:41:03Z,79f9a99adf4ab822a772ed093aea2e7fe2345d2156fe28b7fe2fe11f,60.16075,24.95883,00000000f1124bca,20.28
1629,2019-08-04T12:41:03Z,7a0c0b525f2d3eed6c873bd3b8d27bede551fe4a428ac15c23deadae,60.16075,24.95883,00000000f1124bca,9.92
1630,2019-08-04T12:41:03Z,7a4a06d20ebe57d94e5fceeaf47d5b56ad9a515818e9c20e21a80e61,60.16629,24.95957,00000000fb7600be,12.69
1631,2019-08-04T12:41:03Z,7ab335e046f7f3597f8f615a90857885e35cfecefebd5d24bbf0af90,60.16075,24.95883,00000000f1124bca,10.78
1632,2019-08-04T12:41:03Z,7ad93fed82e41ea4422fa101badc698b0328c3ebf0f6b73c5164d438,60.16897,24.95222,00000000aa852af1,8.38
1633,2019-08-04T12:41:03Z,7b1c2b4a083f1544ffd4b5e2e87ab8a58a7bb64abb0f8ce3e53b2ed2,60.14699,24.922,00000000a53ed894,20.28
1634,2019-08-04T12:41:03Z,7d0f85a5944207c0c34226117698b3ccc14785f72659cf0d8ffe152d,60.16829,24.94214,00000000afef4555,25.36
1635,2019-08-04T12:41:03Z,7d9a3d84c09c3a8d6876389e216e0278048d6b924890fb275a078ffb,60.16531,24.9442,00000000fdda10fe,0.59
1636,2019-08-04T12:41:03Z,7e76449e59f1e3a1a615b54408115353fbb14d815390d03a73b1a7bb,60.14947,24.91438,000000004ef3150d,16.1
1637,2019-08-04T12:41:03Z,7ee87b87cf01698f643e1ba3117b245039edc811605df5dc802e7576,60.14947,24.91438,000000004ef3150d,21.87
1638,2019-08-04T12:41:03Z,7f786ec8e06f1ca3bdd10fc60d0114baf354125b8f6cf796d197f4cc,60.16075,24.95883,00000000f1124bca,2.8
1639,2019-08-04T12:41:03Z,7fe10e69931c2d658099a314f3fce64865329e12a7b834c375e2d5d2,60.14699,24.922,00000000a53ed894,17.4
1640,2019-08-04T12:41:03Z,80cbcb887f3e351e3bef7c5f53dccc578cc3494feec514aed7015c0d,60.16075,24.95883,00000000f1124bca,4.5
1641,2019-08-04T12:41:03Z,82411c6526228322a61f59259f13adf7cde62bd767587b6735867705,60.17919,24.95181,000000007b5207b6,8.38
1642,2019-08-04T12:41:03Z,82ce8c2420645d1eeed2751616ac691b53855581110be4cc97a61036,60.16897,24.95222,00000000aa852af1,29.32
1643,2019-08-04T12:41:03Z,83073c017c8293e4b6eab781fbc2147fafa144d33b3618abd1ae5d90,60.17065,24.93641,000000000f4919c9,29.32
1644,2019-08-04T12:41:03Z,83121a75723643c48e3c3b0a3ea5fccb532046432ca445833e8de06a,60.16762,24.95415,000000006b44cce7,7.05
1645,2019-08-04T12:41:03Z,83e827ea070ed6a4107cd81c03e001aa1a5d76d22f7f5ac41e63e2e9,60.14947,24.91438,000000004ef3150d,18.79
1646,2019-08-04T12:41:03Z,848fdb054358a3fca79c0246f01263c92b5b48aee6b9fb6e260d7a0b,60.16829,24.94214,00000000afef4555,14.89
1647,2019-08-04T12:41:03Z,848fe01e24ccc782e5968171f53ea31d28f20a455c45d8bac8fb7374,60.173,24.92524,0000000096918cfa,18.79
1648,2019-08-04T12:41:03Z,849a662d95d4185421aff7c6213ba5d7b84cfc58c9fb30ff34054e4c,60.16075,24.95883,00000000f1124bca,8.38
1649,2019-08-04T12:41:03Z,857f5ab05809fdb94740616b8d6662aa2458c4a6009e6f717f8933fb,60.17002,24.94407,000000006b087f40,21.87
1650,2019-08-04T12:41:03Z,85d66944a64cfde859e7e08ca4b79f3b39d5b03141d500fe7ce73f7e,60.14699,24.922,00000000a53ed894,17.4
1651,2019-08-04T12:41:03Z,868cd7608ed6beb209db2aad8c71f56b8aec3a6b453be18e4af217a2,60.17065,24.93641,000000000f4919c9,12.69
1652,2019-08-04T12:41:03Z,87bb1abe21abfcb5e5c2039e579cff7ca863a6019207db356de5b7c2,60.14699,24.922,00000000a53ed894,11.7
1653,2019-08-04T12:41:03Z,87cbb5265cd1cc3213ddb5ed9ed2a599ddb7db0b0747121d649b0ae3,60.16544,24.95398,0000000038d83d41,23.56
1654,2019-08-04T12:41:03Z,8822ffe19dec49fe874ac377de5a0504e931e342ecc1f5b1fcb939e5,60.16897,24.95222,00000000aa852af1,13.75
1655,2019-08-04T12:41:03Z,885bcc6af7d0aa9718fe1030e32ffff1de5171ae5ef67cf0011874fb,60.14947,24.91438,000000004ef3150d,9.12
1656,2019-08-04T12:41:03Z,896f7e896dc6f1ea44b82bf968a988cc10c358ee34821d9d7a4bd07a,60.14947,24.91438,000000004ef3150d,4.94
1657,2019-08-04T12:41:03Z,8a08b2de43a9ef03cf96610718c908e69dcacc59f536a7135b7bb542,60.16629,24.95957,00000000fb7600be,14.89
1658,2019-08-04T12:41:03Z,8b641985c793a3f25a45b2460cb01f5baa6f339c6dd26ba7752d8a7a,60.16897,24.95222,00000000aa852af1,5.91
1659,2019-08-04T12:41:03Z,8ba6cfc17ca70e8304994e018ebd5eb2003177062cde05925d5cacb3,60.173,24.92524,0000000096918cfa,23.56
1660,2019-08-04T12:41:03Z,8d528b00553162a9dd47d2296d15b2fad89aad6a508424d4589618a1,60.14947,24.91438,000000004ef3150d,23.56
1661,2019-08-04T12:41:03Z,8d8a869e83fe2ac29e791666634a33af3ea4048ea4e752b6fb1e238c,60.14947,24.91438,000000004ef3150d,7.69
1662,2019-08-04T12:41:03Z,8dcf139eb279bcc2696420ba9da858e361600ff02cd29587f66660ec,60.16897,24.95222,00000000aa852af1,27.28
1663,2019-08-04T12:41:03Z,8edd2176e127f8d3baff43afa20a9869b1e3a4f6df8a0930b52064d1,60.14699,24.922,00000000a53ed894,20.28
1664,2019-08-04T12:41:03Z,920dc90f60b295267f63efc8f968408087b71878dc3f49f0ded1c41e,60.17919,24.95181,000000007b5207b6,29.32
1665,2019-08-04T12:41:03Z,926717d61529080dfc4c7f8cdcdc82c6490d2a5129474524b8c40ea4,60.16829,24.94214,00000000afef4555,12.69
1666,2019-08-04T12:41:03Z,93a2100e233b204243f7e69b68dea7c9a145d1b5384bd18359bf87a3,60.16531,24.9442,00000000fdda10fe,1.7
1667,2019-08-04T12:41:03Z,93b7794683a373ac7ce9476d49419c2ee26e67b474370e561be167b2,60.14699,24.922,00000000a53ed894,17.4
1668,2019-08-04T12:41:03Z,93e409819362e2429a43710ff4330bd3ed83011b73ae438dd7fb62d8,60.16762,24.95415,000000006b44cce7,10.78
1669,2019-08-04T12:41:03Z,9575ef1c44f26f0301d726029c8b1c28011a4724496943451bee6544,60.14947,24.91438,000000004ef3150d,5.41
1670,2019-08-04T12:41:03Z,958ab5fd2d2c7f0c3fe6dc14fe27005fcf35b013db75f708c22a3619,60.16762,24.95415,000000006b44cce7,20.28
1671,2019-08-04T12:41:03Z,97264f5808fa13851dacabf0c98525eec29849ff4b6a744cc777fd5b,60.16075,24.95883,00000000f1124bca,7.69
1672,2019-08-04T12:41:03Z,9736a8a29aee134a307e0cd4221e9b0a2ab7c48befee43fc62e9f9bd,60.14699,24.922,00000000a53ed894,5.91
1673,2019-08-04T12:41:03Z,987d01417bcff2d7f663704309df2ebdcdb035da3ddb085fab0cf928,60.16829,24.94214,00000000afef4555,25.36
1674,2019-08-04T12:41:03Z,9885627881a266e5cf401516e009049e859d738e2e019be570f4b4d8,60.16448,24.97323,0000000053c6c2be,18.79
1675,2019-08-04T12:41:03Z,992f6feda52c82ad67e40af55b5602bb22411020701998c6bd65faed,60.16762,24.95415,000000006b44cce7,14.89
1676,2019-08-04T12:41:03Z,9a9db814dfa74ca2c2d51496299715310e81c6e6525cc9d2cb0762eb,60.16897,24.95222,00000000aa852af1,21.87
1677,2019-08-04T12:41:03Z,9ac4c3176875b59567d28bf01df0c9490620902ff082fd0b93d15cb4,60.18203,24.91341,00000000342570c2,29.32
1678,2019-08-04T12:41:03Z,9b8ce6fbe947328c891dfbc4d84b0a33b983d3a728e8289d7fb72962,60.15133,24.92329,00000000e8a064a4,21.87
1679,2019-08-04T12:41:03Z,9bf4a5d763fa921335be6c141a0c9fd769fcb2f4c5b40b85a1c99c71,60.14699,24.922,00000000a53ed894,13.75
1680,2019-08-04T12:41:03Z,9e3d4a4b1acd94d2896cd7cf56419110f06ea96faae37aadebd4ec77,60.14947,24.91438,000000004ef3150d,11.7
1681,2019-08-04T12:41:03Z,9ff13c715073d5ad9c464cb67b6de3f703435cf389c32cce5626dfe1,60.149,24.9843,00000000fffb8cf0,20.28
1682,2019-08-04T12:41:03Z,a0db7e8063bede2dd55c2c6cf5111932617ecace670ff65314a7d349,60.16629,24.95957,00000000fb7600be,11.7
1683,2019-08-04T12:41:03Z,a22736c5d66f417bc6b745f51492549dc2e5a3c766f5e7e23f183b41,60.14947,24.91438,000000004ef3150d,20.28
1684,2019-08-04T12:41:03Z,a38a21a97a054541f0423f03758c70227116c05254958373e3e93ad0,60.14947,24.91438,000000004ef3150d,13.75
1685,2019-08-04T12:41:03Z,a3e2b787062412a5c0f0f4c118f7ba472a52fe9558872792cfd31d61,60.17002,24.94407,000000006b087f40,25.36
1686,2019-08-04T12:41:03Z,a4787b6f2d40f6190707f57bbc4805899cd1b06e2a89cf9a01441995,60.16829,24.94214,00000000afef4555,20.28
1687,2019-08-04T12:41:03Z,a57caa482ee69e8fa5e65ac8e8a673ec8086a89a3896c3b5edb00f15,60.149,24.9843,00000000fffb8cf0,20.28
1688,2019-08-04T12:41:03Z,a6158fc663b4931ef4e811a4acf62ab2f658241775e200b14684f87d,60.16897,24.95222,00000000aa852af1,18.79
1689,2019-08-04T12:41:03Z,a6f944078dd26796f5a849ccb6fdf8a4436f913cf3302597c846462d,60.16762,24.95415,000000006b44cce7,7.05
1690,2019-08-04T12:41:03Z,a7472d1b63171c047444981df223670390009e3ea502132d9963e9fb,60.14947,24.91438,000000004ef3150d,9.12
1691,2019-08-04T12:41:03Z,a794d97e26d3678bb11b4364880414bb7bfac4bb49d1867b37b489f7,60.14947,24.91438,000000004ef3150d,21.87
1692,2019-08-04T12:41:03Z,a88c6bae85183bcf7a25dcbc1fe64128df64a49ded7074a0f51a1f5c,60.14699,24.922,00000000a53ed894,18.79
1693,2019-08-04T12:41:03Z,a8bd45406d5913e098652d4c2d836339758e08d21bf5d88becabdd36,60.14947,24.91438,000000004ef3150d,9.12
1694,2019-08-04T12:41:03Z,a8fffb1bf2cf3b58cca0395d98ab3763c45771fed32527f2dedb644b,60.149,24.9843,00000000fffb8cf0,27.28
1695,2019-08-04T12:41:03Z,a96e9a3805def174e6ededa93b88ce312739d9d68941dffdeca03e9f,60.16762,24.95415,000000006b44cce7,3.4
1696,2019-08-04T12:41:03Z,aa6d51fc5411b69567cb854360c4a81267eac19446946eb27618306a,60.14699,24.922,00000000a53ed894,16.1
1697,2019-08-04T12:41:03Z,aa93f3a81973a2673b57ffebd5d06d0afb6e8487a3d6c65e07b3cac6,60.16829,24.94214,00000000afef4555,16.1
1698,2019-08-04T12:41:03Z,ac93ac0788af8e1b0f20fada4f15ca1ad31f4084b133482d8211571d,60.14699,24.922,00000000a53ed894,11.7
1699,2019-08-04T12:41:03Z,acdcc8ae1d1c6bb055dfc108154eae58b4b894f0ce1ff174c1065c7e,60.16762,24.95415,000000006b44cce7,1.54
1700,2019-08-04T12:41:03Z,ad8af809ed47a3391bb53d11da159b3a8b0ddc264d94c049ce72bda0,60.17065,24.93641,000000000f4919c9,3.74
1701,2019-08-04T12:41:03Z,ae87b8dd8920695bc9e599874667205991c04e30666d8523f0be4350,60.14947,24.91438,000000004ef3150d,4.94
1702,2019-08-04T12:41:03Z,aec4b11f0b1ec075878ca4a3b94da464f6fc96e330b913d5bfd346b0,60.16897,24.95222,00000000aa852af1,6.46
1703,2019-08-04T12:41:03Z,af2076810e26511562c652d7bb56794c120526dbd4919212167cc3ed,60.16897,24.95222,00000000aa852af1,20.28
1704,2019-08-04T12:41:03Z,af64ca430076b1e91eeb89134e0e026479928845cbe1943bc56104c2,60.14947,24.91438,000000004ef3150d,16.1
1705,2019-08-04T12:41:03Z,b06c7ebb0cc7182279f47fe99da297fb7bda883549cb7bbc05dff36f,60.16829,24.94214,00000000afef4555,31.5
1706,2019-08-04T12:41:03Z,b26280ff7943c2f2f00f94125547cbdc285e6c43b7d0a5819c2eac87,60.16762,24.95415,000000006b44cce7,13.75
1707,2019-08-04T12:41:03Z,b41cc64d7ab4e16a03573bdc3b5863c4b402ec66c7780c7900c02877,60.16829,24.94214,00000000afef4555,12.69
1708,2019-08-04T12:41:03Z,b523d3f8341906e4b3877ff7d9614b4e10d6bbf10afdcc6c53656c8f,60.17065,24.93641,000000000f4919c9,23.56
1709,2019-08-04T12:41:03Z,b5e3abaccf4a03480985d25eb9fbf454c87f7ad06c38c8bdeb0819fa,60.14699,24.922,00000000a53ed894,16.1
1710,2019-08-04T12:41:03Z,b7039958be9f53a3eaed97f705a1974815f52f25226e920155397bec,60.16075,24.95883,00000000f1124bca,13.75
1711,2019-08-04T12:41:03Z,b7867e052453c9caa213f48b033624b744187f4cd77c2418cf9d7b79,60.14699,24.922,00000000a53ed894,6.46
1712,2019-08-04T12:41:03Z,b9c0ac0bb7310d92c296a8870603ebd12c0c632cfc2a1fa33092b337,60.16762,24.95415,000000006b44cce7,3.74
1713,2019-08-04T12:41:03Z,baa222a8cd4bafd707316f5932b27c8a4aa5bca6b488ae3d59c3b0dc,60.17065,24.93641,000000000f4919c9,17.4
1714,2019-08-04T12:41:03Z,bb0193f2b0ac4801fe82ed5cec75e687465d707d92e731047f81650f,60.1538,24.95595,0000000038bf9618,0.84
1715,2019-08-04T12:41:03Z,bbf8cd606b9732370f1c0ae0e68d6d0663a23102d831dd10c0e74819,60.16897,24.95222,00000000aa852af1,16.1
1716,2019-08-04T12:41:03Z,bc07df8cc395f6f4f5d483b2233caca5f93a6918f346e4cc3702f8cc,60.16531,24.9442,00000000fdda10fe,13.75
1717,2019-08-04T12:41:03Z,bc3861c61a46fbf78a7423712f1a528cf9f8332531271933056c233f,60.16829,24.94214,00000000afef4555,11.7
1718,2019-08-04T12:41:03Z,bcf688ec2e666179e52a495a8304dd7aaaf4acad52788a0929b287a2,60.14699,24.922,00000000a53ed894,13.75
1719,2019-08-04T12:41:03Z,bef86aee891e6813146b3b9679809c39591429ebddf99a44cc9a60ed,60.14951,24.92138,0000000006dd41f6,23.56
1720,2019-08-04T12:41:03Z,bf992d3cd95a73f02d7223eaffe90a94e3e1e98a8c6759bab631b5b0,60.14947,24.91438,000000004ef3150d,7.69
1721,2019-08-04T12:41:03Z,c0722f63618f97eb8ec4afac1a8538b81a3c87e623d753ad1201bf7c,60.16075,24.95883,00000000f1124bca,5.41
1722,2019-08-04T12:41:03Z,c1190e79b409572562b2fb76879fa5444029e2d395771890ac98c580,60.15432,24.9211,0000000019fb59c4,23.56
1723,2019-08-04T12:41:03Z,c1e4323d2276cb6e358f5fabb123294e7a0ef87e7169f3cccc8f2e03,60.16075,24.95883,00000000f1124bca,27.28
1724,2019-08-04T12:41:03Z,c36d58ed0e0dddb3e26be1214e369db1c3fa3d4bcf8b53536a25239b,60.17065,24.93641,000000000f4919c9,4.5
1725,2019-08-04T12:41:03Z,c3b2521faf0f7ae79434e40e86c59699d399444b775c7619f6e73e36,60.16075,24.95883,00000000f1124bca,20.28
1726,2019-08-04T12:41:03Z,c4dfae0a1b1bd27741275e8f26148b119bf7225960b4275e488612b9,60.14699,24.922,00000000a53ed894,16.1
1727,2019-08-04T12:41:03Z,c551d554f64ffda092ce6c4a6715f0ed438c9649f7676b2944f1ea2f,60.14699,24.922,00000000a53ed894,10.78
1728,2019-08-04T12:41:03Z,c633a260ce59bad4e1ca42f12936ed8ae57a40f5e6528dfb70052c43,60.16897,24.95222,00000000aa852af1,9.92
1729,2019-08-04T12:41:03Z,c71d8be446020d246378e1f525a13b08549d4712051cead5ccd9287f,60.16762,24.95415,000000006b44cce7,27.28
1730,2019-08-04T12:41:03Z,c728eaa7734efeabe7f33c782081caa960fcced68160e285ee477916,60.14699,24.922,00000000a53ed894,13.75
1731,2019-08-04T12:41:03Z,c905a50dedd9b3d2114cde9160b7adf83adc09683b65598ce24c4047,60.1538,24.95595,0000000038bf9618,25.36
1732,2019-08-04T12:41:03Z,c9955664a0945034b3937cfbb4ea68433bede99570911d6c5808bf71,60.149,24.9843,00000000fffb8cf0,21.87
1733,2019-08-04T12:41:03Z,ca507a06be040b3e520339b63d5bd15463a1862124c4bd940d936e4a,60.16762,24.95415,000000006b44cce7,17.4
1734,2019-08-04T12:41:03Z,cb3f05d5604f5532e039e6d40514b13aba8f6274d952bb17a8b801fc,60.15432,24.9211,0000000019fb59c4,20.28
1735,2019-08-04T12:41:03Z,cbc336691f17a9c508549e03d522166247a0cd0a944321c1a7d15525,60.14699,24.922,00000000a53ed894,12.69
1736,2019-08-04T12:41:03Z,cbd334d06c16786ddc543b71b34da6278d203ac72606f0f9275e0936,60.16829,24.94214,00000000afef4555,3.09
1737,2019-08-04T12:41:03Z,cc2cf42c6b14536fb92c810ff0e3dd5a3caa74236f14246a5b6e8cdc,60.16762,24.95415,000000006b44cce7,7.05
1738,2019-08-04T12:41:03Z,cce6b6f309e43e2bb1be6a9784582a82891e976d0869d01040586d27,60.14947,24.91438,000000004ef3150d,9.12
1739,2019-08-04T12:41:03Z,cd3e127e27387b6e06cdf27f46fb6046e4182e4d7b49b49c17167c1c,60.14947,24.91438,000000004ef3150d,5.91
1740,2019-08-04T12:41:03Z,cd47b9ac851ce6b21df7b8e918554b0cb1a12d03da7e0aaf14e19314,60.14947,24.91438,000000004ef3150d,13.75
1741,2019-08-04T12:41:03Z,cd4ecd3b83630f6e5d65f635804e47a1ceb82853aac36af30044f06a,60.149,24.9843,00000000fffb8cf0,9.12
1742,2019-08-04T12:41:03Z,cd62fc5a92bd89f24a6e3d736d5511bf872859d762723b92f2092abc,60.16829,24.94214,00000000afef4555,21.87
1743,2019-08-04T12:41:03Z,cd7adf181633a4e8b9c1131a4a73db3b495cff134b9b44a04502a968,60.15432,24.9211,0000000019fb59c4,25.36
1744,2019-08-04T12:41:03Z,cd9b2be9ffb37c8b7c5c25f587c95b1c7932a21fb245487ea2f740d9,60.14699,24.922,00000000a53ed894,7.05
1745,2019-08-04T12:41:03Z,ceb777dafa9b7e39125b89735b7f0cf22c3018eb0196043ac8160370,60.14699,24.922,00000000a53ed894,13.75
1746,2019-08-04T12:41:03Z,ced0425d382ce86b7565a8b7b36a453a0880a08ba10090524e6c1ac5,60.14699,24.922,00000000a53ed894,18.79
1747,2019-08-04T12:41:03Z,cef1d06a10cfa08bcaef8b36535c2ec32c756a76cc0d5c2a1246f933,60.14699,24.922,00000000a53ed894,29.32
1748,2019-08-04T12:41:03Z,cfa42322be0000cf89d8969d1b88ace0ba99cab721dd58d55d41a36e,60.17065,24.93641,000000000f4919c9,14.89
1749,2019-08-04T12:41:03Z,cfc2a688ff31fbb1baac8790fb6d56dc7746ba2cf9e0e5f39d4751a4,60.14699,24.922,00000000a53ed894,7.05
1750,2019-08-04T12:41:03Z,d098b9b5b30c5fcd4ae8a2b8bc761df72829713d3ae919634876d349,60.14699,24.922,00000000a53ed894,9.12
1751,2019-08-04T12:41:03Z,d0aa228c2a3e6e1568e876cffc76874702e0f0f63f18533551bf02c1,60.16075,24.95883,00000000f1124bca,11.7
1752,2019-08-04T12:41:03Z,d0cab2a2660dcc5cb99a9bdf39d2e6b31b7498985db1b50e48cb478d,60.18203,24.91341,00000000342570c2,36.27
1753,2019-08-04T12:41:03Z,d12f9e6275869a74f979eac17b326dfe329bbd78b8732fc998b5f132,60.14699,24.922,00000000a53ed894,21.87
1754,2019-08-04T12:41:03Z,d2b1a7ead9aff41a8cb3fff6b7f4ee84a780b52aae2f3838b83447fc,60.16829,24.94214,00000000afef4555,13.75
1755,2019-08-04T12:41:03Z,d38e88e5b926f9d1de6e326cca45116fcca11f10684c80876739c6cd,60.16075,24.95883,00000000f1124bca,6.46
1756,2019-08-04T12:41:03Z,d64eda229ebb6012e59bc89eacb74918e404ce52f16b491f3d48e800,60.16897,24.95222,00000000aa852af1,16.1
1757,2019-08-04T12:41:03Z,d7ddfc9e0676391b3abbe5a882fd331c40bf9e846dcef32ddf4fdca4,60.16629,24.95957,00000000fb7600be,21.87
1758,2019-08-04T12:41:03Z,d87210146aab139cc6640a20b428dce6ac516806a71a177b70e04f62,60.17065,24.93641,000000000f4919c9,9.12
1759,2019-08-04T12:41:03Z,da39249a4e10c706b90f9484ee61aa801eb91dd4b647e1f0fec07afc,60.16762,24.95415,000000006b44cce7,11.7
1760,2019-08-04T12:41:03Z,da667dfa2d8a272a7398e186de027fabd2052052c0aad767a1c7d966,60.16897,24.95222,00000000aa852af1,13.75
1761,2019-08-04T12:41:03Z,daac051ca20430238282e179e0fe525b11ff1e8f1ace26d45b41f331,60.14947,24.91438,000000004ef3150d,14.89
1762,2019-08-04T12:41:03Z,dc15145376f4a497910c8d2231d671bf62f1918ad93938a48fdc3eb4,60.149,24.9843,00000000fffb8cf0,5.91
1763,2019-08-04T12:41:03Z,ddc8410b9e4ece4b995b789f95e526693bac176ed77092ba57355dc8,60.16762,24.95415,000000006b44cce7,7.05
1764,2019-08-04T12:41:03Z,ddd849ee86afceedd5f5582ede84380d5596c9ea304d634ab0fd0de0,60.16829,24.94214,00000000afef4555,6.46
1765,2019-08-04T12:41:03Z,de09fd8d15c3d7adbf440a3d0a418a3b476513c968bda8a4aa652adf,60.173,24.92524,0000000096918cfa,17.4
1766,2019-08-04T12:41:03Z,de0d086ae32f87522eab31d3bc52545ed17b065889674963c0709568,60.16829,24.94214,00000000afef4555,8.38
1767,2019-08-04T12:41:03Z,de84f754a3916c8f831b0bb8ea41fc2a42cdea2794558fece3c7ae97,60.1538,24.95595,0000000038bf9618,17.4
1768,2019-08-04T12:41:03Z,e0df847c19b463dec6cea35494d375ce136a276c6a785936c931f60f,60.18203,24.91341,00000000342570c2,20.28
1769,2019-08-04T12:41:03Z,e146a005895fb34bd6ba171e992a110e3768e607872add67faa900fa,60.16762,24.95415,000000006b44cce7,17.4
1770,2019-08-04T12:41:03Z,e1a443e10353da64728464e8a720aaf22a62b80d404f1acae1a1c6ee,60.1538,24.95595,0000000038bf9618,27.28
1771,2019-08-04T12:41:03Z,e23a6115ba872037f9b5066c9c9c966b497f449e32a2c9ceb0e55497,60.16829,24.94214,00000000afef4555,5.91
1772,2019-08-04T12:41:03Z,e34bcebfa007159f3d2adb0e62e20fcf721a221f52bdfe2a6ad77831,60.18203,24.91341,00000000342570c2,21.87
1773,2019-08-04T12:41:03Z,e35717ff07f32be5a2e1520f1855533f8dcc72cff7930c9cba9da32b,60.14947,24.91438,000000004ef3150d,10.78
1774,2019-08-04T12:41:03Z,e3e3bac265ab2713063d7435bf5c7374dfc7dfc647fb677a030a1a49,60.18203,24.91341,00000000342570c2,21.87
1775,2019-08-04T12:41:03Z,e4b111abda6e15229c808fb72d5c0c38e2cf3abdbbb62fff5ae48e42,60.16762,24.95415,000000006b44cce7,16.1
1776,2019-08-04T12:41:03Z,e52d3c472cea2a2526e08e788d0ec316e9bfa1833f1d5121ceaa34eb,60.14699,24.922,00000000a53ed894,9.92
1777,2019-08-04T12:41:03Z,e6f4e3d1f5e01888556b077224cb4d8f88d63306fff2388e3fd997d0,60.14951,24.92138,0000000006dd41f6,21.87
1778,2019-08-04T12:41:03Z,e7cd5f775c7eea951719f351fcc25c710f857832d6f4b70a51b7b82d,60.16897,24.95222,00000000aa852af1,17.4
1779,2019-08-04T12:41:03Z,e826dedac8582e619ce18cd7eed68be5ee1fc9ed37e191e06f916835,60.14947,24.91438,000000004ef3150d,7.69
1780,2019-08-04T12:41:03Z,e8edad8445fc4965a5c0eae45906480d83b15e61fc6139c7bdea1e33,60.14699,24.922,00000000a53ed894,8.38
1781,2019-08-04T12:41:03Z,e9115410fa45db5a174eee008cae729dc69937a0e0b5a304899bf1b9,60.17065,24.93641,000000000f4919c9,18.79
1782,2019-08-04T12:41:03Z,e92eb020afcd7c1fad04690230ff8c2f005e404dd25b8dced1df30dd,60.16075,24.95883,00000000f1124bca,4.94
1783,2019-08-04T12:41:03Z,e95415d461b040c869512659bcc843eedf3267c4b029a0b3fab444aa,60.16829,24.94214,00000000afef4555,13.75
1784,2019-08-04T12:41:03Z,e9e19621fc5cfcfed2c808bbadc6cc6dd31e28d3c04cef8b89ca2729,60.16075,24.95883,00000000f1124bca,7.69
1785,2019-08-04T12:41:03Z,ea157e44ed100be3f782d8b3d8e5e0986079c588c9ea754b14917df0,60.16829,24.94214,00000000afef4555,7.69
1786,2019-08-04T12:41:03Z,ea2f4d9799324f4cd2a6fcda1625b65acdbab9f6b8331c26f63beec2,60.16897,24.95222,00000000aa852af1,25.36
1787,2019-08-04T12:41:03Z,eaa9924da1e700147607d5145e2b55b48b65deea922ee2e59bd1d5a7,60.173,24.92524,0000000096918cfa,12.69
1788,2019-08-04T12:41:03Z,eac6fda3a18aa9ce55b6359f5c62a044e0bcd6bc3576c8cd815acf07,60.14699,24.922,00000000a53ed894,9.92
1789,2019-08-04T12:41:03Z,eb0f6b34ea43d1f0700158a6f7bf890f210df2a96bb54b4018912f5e,60.14947,24.91438,000000004ef3150d,27.28
1790,2019-08-04T12:41:03Z,ec096f9d9f6ac607dcfcecf3327071d33a6ed3fdedd3cc796ba91fdc,60.16897,24.95222,00000000aa852af1,18.79
1791,2019-08-04T12:41:03Z,ec350e26364cb676c4cdb72647f039c31e27c775e7bb8973223e5d9b,60.14947,24.91438,000000004ef3150d,12.69
1792,2019-08-04T12:41:03Z,ec424a10bcefb6e69c2eabf42534f06e7a10aa0cfb28f6478052cade,60.14699,24.922,00000000a53ed894,9.92
1793,2019-08-04T12:41:03Z,ef352dcaa8317b6a3c0a02cd8908dd13da5601cc66ba65c5fd8d031a,60.14947,24.91438,000000004ef3150d,12.69
1794,2019-08-04T12:41:03Z,ef77b04fc57a9781bf581172358ba74cf41e0b2a6ecc8090f99810bf,60.14699,24.922,00000000a53ed894,7.69
1795,2019-08-04T12:41:03Z,efb34de795db6f264e3952a38caeeb1f9639190c609e5af11b12cf58,60.14947,24.91438,000000004ef3150d,12.69
1796,2019-08-04T12:41:03Z,efe8b6c6fdf0d2caccd589aaaa4f0228a80590ff9ec7961f2e92103d,60.16762,24.95415,000000006b44cce7,8.38
1797,2019-08-04T12:41:03Z,f00fb569fe1448dccb8e92e24b081a3164b59eb117131800780c70a9,60.14699,24.922,00000000a53ed894,16.1
1798,2019-08-04T12:41:03Z,f062cb52d49926a4fb39f723275ed60ab6c0f3bf34e0c3f9d233b7b8,60.14947,24.91438,000000004ef3150d,4.11
1799,2019-08-04T12:41:03Z,f15b72a3aad411d2f8a70b41c4f62ad2d744d064d42ec00c71a18ac5,60.16762,24.95415,000000006b44cce7,12.69
1800,2019-08-04T12:41:03Z,f1eb1b22a5e01064a1829b325d256218c68bc9134f03a3f09f3e2566,60.16829,24.94214,00000000afef4555,17.4
1801,2019-08-04T12:41:03Z,f20f951802c722181f0e90095001c49e73f84049bb105b95c97049d1,60.17918,24.95141,00000000675d5200,25.36
1802,2019-08-04T12:41:03Z,f2deba4ef84dbbc8c5d8524f6e2311183003bce4f9bfa6aef5b5ef66,60.14947,24.91438,000000004ef3150d,3.74
1803,2019-08-04T12:41:03Z,f366283765028e1454f3cfc564b9f220c9d700bfa8a843746eca3141,60.16897,24.95222,00000000aa852af1,17.4
1804,2019-08-04T12:41:03Z,f39827c3c7f4c833d1118043492f78e3255b6da9f4a2c000041d9b61,60.16829,24.94214,00000000afef4555,7.69
1805,2019-08-04T12:41:03Z,f5f7cfe177dfb0b7ebba2419ae53f70b6b5690dd98d98586004a9107,60.149,24.9843,00000000fffb8cf0,12.69
1806,2019-08-04T12:41:03Z,f796c9efc581b25280d4b416f8ba3aecca6ddf083e7bdad05f6e595e,60.14699,24.922,00000000a53ed894,7.05
1807,2019-08-04T12:41:03Z,f7f0caf73572bea3c08b592eeb9655b2668cfb16fd8840ca5619d84a,60.14699,24.922,00000000a53ed894,2.8
1808,2019-08-04T12:41:03Z,f9a7057352731d27889cbd388be5902a6e62b297a3467232e8e47094,60.16762,24.95415,000000006b44cce7,18.79
1809,2019-08-04T12:41:03Z,fa96854324adae88abb35afa34b2393a20338bfd8fc9602d3ce6ae8d,60.14947,24.91438,000000004ef3150d,7.69
1810,2019-08-04T12:41:03Z,fadc39da3cd26ac621092fbbff224b95bb13446c8d24bbf4f3e50e90,60.14947,24.91438,000000004ef3150d,17.4
1811,2019-08-04T12:41:03Z,fd77161cf9715d9d0f922cf45e79e5d9b9debef5113cb32a4f82ef76,60.16762,24.95415,000000006b44cce7,7.05
1812,2019-08-04T12:41:03Z,fe5ca86c906b1cb3bf9dd257ceefc562e41da499878f1074484f7d42,60.14947,24.91438,000000004ef3150d,14.89
1813,2019-08-04T12:41:03Z,fe694a484edd6d458a9dd6ab1b972c47170c8d32ebc0a87317ddc660,60.18203,24.91341,00000000342570c2,13.75
1814,2019-08-04T12:41:03Z,feb399897846bc34dc3f4b06ac4ef0ffb0db885977b88e5c5fdb7350,60.14699,24.922,00000000a53ed894,13.75
1815,2019-08-04T12:41:03Z,ff4f3e0f964f23b97e88626f7a506bb4409718931712c58ce0f247af,60.16762,24.95415,000000006b44cce7,8.38
1816,2019-08-04T12:41:03Z,ff8280896145ae17e594c52eac2cdbab47d3757d797878fbc4298596,60.1538,24.95595,0000000038bf9618,20.28
1817,2019-08-04T12:41:03Z,fffd5b230c7cb628fdbf354d7c0a9861536b93aa31e2282b10c020d1,60.14699,24.922,00000000a53ed894,18.79
1818,2019-08-04T12:41:04Z,0152988639aaaa9cc27213280c8f0c0c8ec97ae6a45aaaf743c9c25d,60.16544,24.95398,0000000038d83d41,23.56
1819,2019-08-04T12:41:04Z,07d86ad98399440d0cc3bd3382a7256feb971e49a3686dc17f532e1c,60.16829,24.94214,00000000afef4555,10.78
1820,2019-08-04T12:41:04Z,1142f5b6806b1ec7d8d47d47013eb530d8a7418f6934d8867b20966a,60.16829,24.94214,00000000afef4555,18.79
1821,2019-08-04T12:41:04Z,14c7e1511b70f4dd3359cbece1377aebb4d70531f5489eefe53d7c3c,60.16544,24.95398,0000000038d83d41,27.28
1822,2019-08-04T12:41:04Z,1599d2c9070a6f05e1a5887c2d9209214c04818c6203fe75440734f2,60.1538,24.95595,0000000038bf9618,27.28
1823,2019-08-04T12:41:04Z,16c994bb2e24124a910c247376d16e980a65626a94c4c0aaab27df60,60.16829,24.94214,00000000afef4555,18.79
1824,2019-08-04T12:41:04Z,211f6b7b044343d0be369791b3fa3c144d0d0f391e2a42787712efb0,60.16448,24.97323,0000000053c6c2be,13.75
1825,2019-08-04T12:41:04Z,21d09757012e8f7297d1de922f681bcc36581a3d7be770b42b3780a0,60.15432,24.9211,0000000019fb59c4,13.75
1826,2019-08-04T12:41:04Z,23587f2ca6a8c83a3c277c80fbeef76540c1646b104df2b06eb3528f,60.18203,24.91341,00000000342570c2,31.5
1827,2019-08-04T12:41:04Z,25a7ff811c3c06e426c7c2cbb0433d9a2a3399b23afecbd35584ab0f,60.18203,24.91341,00000000342570c2,13.75
1828,2019-08-04T12:41:04Z,2d3d031189abfaea69cd551a97b2b2d056a908f19bc56701010a2304,60.16897,24.95222,00000000aa852af1,13.75
1829,2019-08-04T12:41:04Z,2d407793ce0a0290a87debe672b1af2af93c687ca83668e17fb0ce63,60.14947,24.91438,000000004ef3150d,8.38
1830,2019-08-04T12:41:04Z,315af4a829b592ba99b203b8ed2cbd499769f8752dfe6de7da4ee929,60.16829,24.94214,00000000afef4555,27.28
1831,2019-08-04T12:41:04Z,3944bc7a301be7241d1f7bc4a97f221000d535ce3d8a9af9af9b23b5,60.16531,24.9442,00000000fdda10fe,38.87
1832,2019-08-04T12:41:04Z,3a93902ba6b635489cd6f55b08d93e6fe7a5bc0a86a0b490a88f6d1b,60.16075,24.95883,00000000f1124bca,20.28
1833,2019-08-04T12:41:04Z,3b5cafe90982db26cf737b2e4cd4275276f6a031bca3b2a1f73023b2,60.14699,24.922,00000000a53ed894,13.75
1834,2019-08-04T12:41:04Z,3fe84a5a1e657df8910685df3a8cf779a6ebc3362fbc8e578f235ee4,60.15432,24.9211,0000000019fb59c4,6.46
1835,2019-08-04T12:41:04Z,4317f5904a5e6ae921bf743dd534c803083fd90b15a1245881beeade,60.16897,24.95222,00000000aa852af1,25.36
1836,2019-08-04T12:41:04Z,44d0b94469070803869f229601e877beb613c3f5aafa009addf97a1a,60.16544,24.95398,0000000038d83d41,13.75
1837,2019-08-04T12:41:04Z,5d65719c4cbf045f068d084b72302f447d5fd034413d97d13be00d0e,60.18203,24.91341,00000000342570c2,18.79
1838,2019-08-04T12:41:04Z,5eed115a984d490b02b602d73787aee8dc8c4e9365b77fbff3818a76,60.16629,24.95957,00000000fb7600be,25.36
1839,2019-08-04T12:41:04Z,66dabd3229229330d23c70e9e1737429ddfe69db01f4a6a00f70fa20,60.16762,24.95415,000000006b44cce7,23.56
1840,2019-08-04T12:41:04Z,69219e9efa41ae9e732653e9eaf08e1a34cb853a9dafe76ddeea4d04,60.16897,24.95222,00000000aa852af1,17.4
1841,2019-08-04T12:41:04Z,6a70e2fbced719333e21eff04fcb9cb36bae9a04d1a3d6ddd96f2c58,60.15432,24.9211,0000000019fb59c4,4.94
1842,2019-08-04T12:41:04Z,6f06341f358e61699fe1e55e986dd0554bc8da28b91daf0c5ad99db6,60.16629,24.95957,00000000fb7600be,25.36
1843,2019-08-04T12:41:04Z,70d8572458a1a103555bab897b6443e601e0ed211414b15ad0b56f60,60.16544,24.95398,0000000038d83d41,23.56
1844,2019-08-04T12:41:04Z,737efc92e3419e9d96a8559ec341ea7e18ba6381fd8e4de3d06f82a0,60.14699,24.922,00000000a53ed894,17.4
1845,2019-08-04T12:41:04Z,7678cdb86d454ca9ae52f22d97e635106585a3a046d01da4463695cc,60.18203,24.91341,00000000342570c2,21.87
1846,2019-08-04T12:41:04Z,79f136afa0dd8717337c01c70b457c464aaf0fa25b440f51a394ec23,60.16762,24.95415,000000006b44cce7,16.1
1847,2019-08-04T12:41:04Z,8468db43b6df433cf4f806fa750ab4ec625503fd4b89d96b5b6f1b1c,60.16075,24.95883,00000000f1124bca,9.12
1848,2019-08-04T12:41:04Z,85ef35aecf2ff804be3d958b592705ec41c6df9c128c132c65bb283d,60.16897,24.95222,00000000aa852af1,23.56
1849,2019-08-04T12:41:04Z,87dfaad29a9276ddddb1fa021d3bc23ad14824c1af16f7d87e713689,60.14951,24.92138,0000000006dd41f6,10.78
1850,2019-08-04T12:41:04Z,88808fe92573e9cdf022cc15b9689b6b4b9429f60513c8897b0ba4c7,60.16897,24.95222,00000000aa852af1,17.4
1851,2019-08-04T12:41:04Z,8c75c3289c84fe4493e1e272a77b615fe1985880c5dc68a7c1a17b53,60.16762,24.95415,000000006b44cce7,11.7
1852,2019-08-04T12:41:04Z,9843c6216661048343a0e49cf3d8aa2883cf77f452666a1c873a1052,60.16448,24.97323,0000000053c6c2be,14.89
1853,2019-08-04T12:41:04Z,9fc0711d7e7722eff7faa0cb6f17846680c06515c1eb93dd49ebcf25,60.14699,24.922,00000000a53ed894,14.89
1854,2019-08-04T12:41:04Z,a8f8130135c784b027355228017bbfe99e5a6eecec153d44b78bedd3,60.16829,24.94214,00000000afef4555,17.4
1855,2019-08-04T12:41:04Z,af807b67ce09a2ce1744025c421961213f1608ca658ece4df69555a1,60.16762,24.95415,000000006b44cce7,29.32
1856,2019-08-04T12:41:04Z,b3d30798e4605a05b11dfff0f3fe01c2e8e16ac491fdb956f128ff23,60.14947,24.91438,000000004ef3150d,14.89
1857,2019-08-04T12:41:04Z,b5fd6b317890e5ab2d79e2cd1abe61626d45a753c7337d0d40728898,60.16762,24.95415,000000006b44cce7,13.75
1858,2019-08-04T12:41:04Z,bb98768dad0f7c52cf643f035a3e7e48f5cfe28557c66f2a75914b31,60.14699,24.922,00000000a53ed894,13.75
1859,2019-08-04T12:41:04Z,bcb0201b0a1edf350ae2f681076e7d2d48ebd94c075bd3ca59552020,60.16897,24.95222,00000000aa852af1,13.75
1860,2019-08-04T12:41:04Z,be41ebc5fb0d348fc1ef1166d44251c3112a78a4ea01aa980364ee7c,60.14699,24.922,00000000a53ed894,17.4
1861,2019-08-04T12:41:04Z,bedde70080278440cf33f510482f5dbd45ad8321fdcb248b929437f7,60.16762,24.95415,000000006b44cce7,14.89
1862,2019-08-04T12:41:04Z,c175b4269517070a33be84e85a4b8b23c3bb430ff6c31b121ac1603f,60.16762,24.95415,000000006b44cce7,10.78
1863,2019-08-04T12:41:04Z,c40c37def6bf11a63a2556519a7c6233fd417cdeea2cf14f28e7c42c,60.16531,24.9442,00000000fdda10fe,23.56
1864,2019-08-04T12:41:04Z,c97eb4181394121907d47b908495f54e5ee5145ff790f7a1dc21b3cf,60.16897,24.95222,00000000aa852af1,18.79
1865,2019-08-04T12:41:04Z,ca6927628f5ddda20036865c9345ad93d476d62ade3b181de568eed6,60.16897,24.95222,00000000aa852af1,20.28
1866,2019-08-04T12:41:04Z,ce358a51e6d8aadc92f348d84faf2751693f532bef422ca636a0e1ea,60.17065,24.93641,000000000f4919c9,16.1
1867,2019-08-04T12:41:04Z,cf05623e4d87ce0906c0b0b7dbf53aacc1228016cd27c341228b6e76,60.18203,24.91341,00000000342570c2,18.79
1868,2019-08-04T12:41:04Z,cfc0bedb78ded52749db3188cb188bf6a250ef5990da9c5afa9623fc,60.14951,24.92138,0000000006dd41f6,21.87
1869,2019-08-04T12:41:04Z,d568a92135fd8619da42f2038266f4922d5b6d48fe1c5f9490d39f30,60.14947,24.91438,000000004ef3150d,18.79
1870,2019-08-04T12:41:04Z,d661caec7a5da6aef734734bbf9090debe494c1afd98050f88f269bd,60.16829,24.94214,00000000afef4555,5.41
1871,2019-08-04T12:41:04Z,dcb7e8bb90af70568c12a902d706c70e1ac1213e31ba074756f0a27a,60.1538,24.95595,0000000038bf9618,31.5
1872,2019-08-04T12:41:04Z,e8690c2d1711bc10f2d1251a3b5b1e770b98c66c384760400c604de1,60.16829,24.94214,00000000afef4555,20.28
1873,2019-08-04T12:41:04Z,e8e366e76c97944e23c0f80b4fd3ce6e5832744922297146a49f0c7e,60.16762,24.95415,000000006b44cce7,7.05
1874,2019-08-04T12:41:04Z,e96bd269a48b822b06141c3362fcb6d5ed4d0d09a120f2e4a712d5c2,60.16897,24.95222,00000000aa852af1,13.75
1875,2019-08-04T12:41:04Z,eee5797db5c3753514933a12e2485caee4ee5803b4d830ba1c22e5c5,60.14947,24.91438,000000004ef3150d,9.12
1876,2019-08-04T12:41:04Z,efa8e25ea4c5ed441c13cffe6302f0a18f60181c6ede8e013f75a44c,60.16829,24.94214,00000000afef4555,8.38
1877,2019-08-04T12:41:04Z,f088630d7476dae7d4b7e2bb1f10575f2c89acb4b6e061f3d57c2b40,60.16531,24.9442,00000000fdda10fe,27.28
1878,2019-08-04T12:41:04Z,f29ea15113ac0eea0be8ec41c633909de4b0b9ab6c7b9898b128080c,60.16897,24.95222,00000000aa852af1,20.28
1879,2019-08-04T12:41:04Z,f6609ab1076b1105bb845595a03b41b8fbb282f79c337df5bbc9f841,60.14699,24.922,00000000a53ed894,16.1
1880,2019-08-04T12:41:04Z,f94dddacf96965952551200a02b41925bcd21402aceafb12f19931af,60.16075,24.95883,00000000f1124bca,20.28
1881,2019-08-04T12:41:04Z,fc4f3a44235f1cfc7b53f14ba2da599976a5a0a220d23b852688e485,60.17919,24.95181,000000007b5207b6,21.87
1882,2019-08-04T12:41:04Z,009ad4cd2bd97e04da44cc9789e6bdbdb899eded61d05b7d5634b7be,60.16829,24.94214,00000000afef4555,5.41
1883,2019-08-04T12:41:04Z,00a07b1f8113691d8475c54082a14cdd54decf9845a90e75df8031a6,60.17065,24.93641,000000000f4919c9,27.28
1884,2019-08-04T12:41:04Z,02290ce195d0c1a6f6c472f83372d8b189973a36922259ef2b595ec6,60.16829,24.94214,00000000afef4555,13.75
1885,2019-08-04T12:41:04Z,038e7f3d1d9babcdb48b63ff8e3e1ac732b3c29f665dc7d9a1819abc,60.14699,24.922,00000000a53ed894,14.89
1886,2019-08-04T12:41:04Z,047489b4f5066d06c508a033c03746913f2f8b032370451231acaa7f,60.16762,24.95415,000000006b44cce7,17.4
1887,2019-08-04T12:41:04Z,0479a26a59d65bf1dee05c06f4227a0ba63a6e9c9a09e7c34f2e06b4,60.14699,24.922,00000000a53ed894,14.89
1888,2019-08-04T12:41:04Z,04f35922a81b516e7028f61c6ff34faf6da85df0a5cfcefb6df1861f,60.149,24.9843,00000000fffb8cf0,14.89
1889,2019-08-04T12:41:04Z,05d441c83d2df822feaf93d7861452db7a201f22d84cfa36f421dfd2,60.16544,24.95398,0000000038d83d41,31.5
1890,2019-08-04T12:41:04Z,079d83ae6087cd1411666777b60e9986477a71ca0a318d4af5ae2f22,60.16897,24.95222,00000000aa852af1,25.36
1891,2019-08-04T12:41:04Z,08171a3d6565fe801fb5288c1100877c6835f5c3c9039afaebfa1cf1,60.149,24.9843,00000000fffb8cf0,20.28
1892,2019-08-04T12:41:04Z,0851ab74be2e888decf0046825f09ed302f7b2275e72b09b5b713d85,60.16829,24.94214,00000000afef4555,14.89
1893,2019-08-04T12:41:04Z,09e6b7d5a7a9e691d686fb405bc2bfe0c9e5d525b47385d9235575e3,60.16897,24.95222,00000000aa852af1,33.81
1894,2019-08-04T12:41:04Z,0a0acb70a8ef92be52a64d4425e70bb2f7a17d13942c3382c9d68878,60.149,24.9843,00000000fffb8cf0,2.54
1895,2019-08-04T12:41:04Z,0a5ed50daf13dd10744537aa851ac7ab1d34d9797ec6ab6e2402aebb,60.16762,24.95415,000000006b44cce7,16.1
1896,2019-08-04T12:41:04Z,0a862920946d7a0dcbee7c1cf28a7b77c57763261788dbd361ed6409,60.14699,24.922,00000000a53ed894,10.78
1897,2019-08-04T12:41:04Z,0aabf0df4c3c5b45bb8950c92dbe624985f19e8650ed61f92571a65a,60.14699,24.922,00000000a53ed894,4.11
1898,2019-08-04T12:41:04Z,0acb4bd7319729fea4acf035921d1136d86a307a60b4444669cede1a,60.14699,24.922,00000000a53ed894,10.78
1899,2019-08-04T12:41:04Z,0bff251f683fe3bcebc305ef3e1bc5aef303d51c6a9bb0fb62b7d9c7,60.18203,24.91341,00000000342570c2,25.36
1900,2019-08-04T12:41:04Z,0d3525b13d674f1645fdbe6d842fe37b2f416889c5472e9dfcc5445c,60.14947,24.91438,000000004ef3150d,9.92
1901,2019-08-04T12:41:04Z,0fe681ee4c4c70c99bbacaf42e0d3c9bffc5818eb71197978a94b021,60.16762,24.95415,000000006b44cce7,6.46
1902,2019-08-04T12:41:04Z,10a99e791e27975dc1c9d73d3163cabacf3bd7bd05a4f7abf6365426,60.14699,24.922,00000000a53ed894,13.75
1903,2019-08-04T12:41:04Z,10caaea8002e8b3b342b32710efdd7305ff375ca1cdc01411f66b2f6,60.14699,24.922,00000000a53ed894,5.41
1904,2019-08-04T12:41:04Z,120a63917cb5ab619bf9a71328f14020736ee84e75d5b37278748def,60.16897,24.95222,00000000aa852af1,13.75
1905,2019-08-04T12:41:04Z,121345c4cf0d0f18c684c4eb22e496ac6f8fb537ec2f3812f6966b67,60.16762,24.95415,000000006b44cce7,12.69
1906,2019-08-04T12:41:04Z,1240f5fbc405049e174fb4ad534e104eeddab72ae2aec4e434e7a36c,60.16897,24.95222,00000000aa852af1,25.36
1907,2019-08-04T12:41:04Z,126ff8aee22cf123572b51282d01680aea0dac78d907b5100c430c50,60.14947,24.91438,000000004ef3150d,27.28
1908,2019-08-04T12:41:04Z,12bf044abd7bbc406ad00d85c23d66d7464c84745bdcc47827185b3a,60.16897,24.95222,00000000aa852af1,14.89
1909,2019-08-04T12:41:04Z,13bcedb8c59b26417282929d81844b272c7c5bc295614f531219a8e4,60.14947,24.91438,000000004ef3150d,9.12
1910,2019-08-04T12:41:04Z,13ee67fb034e3d24edc9a9618e9d6de24979ebbcb399f83abb02a897,60.14699,24.922,00000000a53ed894,7.69
1911,2019-08-04T12:41:04Z,1423891c6ee1edc7da83904378a35aef2e5797db95b117651d676934,60.16762,24.95415,000000006b44cce7,2.08
1912,2019-08-04T12:41:04Z,1496ce9cf373a2a508a8ab0b7aa0604dd889fd69483881c3752219af,60.14699,24.922,00000000a53ed894,10.78
1913,2019-08-04T12:41:04Z,1582eee04b12138ba897d22887174c8a8df1e17f4a6e78e892042b2c,60.16762,24.95415,000000006b44cce7,20.28
1914,2019-08-04T12:41:04Z,15ee12e5f9be00a79b0cbbc9912f51cbfa3e486624567e1bde938fb6,60.1538,24.95595,0000000038bf9618,29.32
1915,2019-08-04T12:41:04Z,161aa798c2a18e132fb27ecded773218ea4e42eabbd0e5794b1d7017,60.15432,24.9211,0000000019fb59c4,23.56
1916,2019-08-04T12:41:04Z,171a752ceacd35c6e27c36e67da80ba960a246c0977f0bdca139a472,60.14699,24.922,00000000a53ed894,18.79
1917,2019-08-04T12:41:04Z,1769031b7f4d75de0541e26427b9ecc92c84b80992e3b36bb8eb799e,60.16829,24.94214,00000000afef4555,16.1
1918,2019-08-04T12:41:04Z,194e6ced97ec114a37fe06d6d73fb687c057d411be476f1ea6f4852e,60.16897,24.95222,00000000aa852af1,11.7
1919,2019-08-04T12:41:04Z,1a93dfa31156cee53b4bd527d8b74655a5da812b6933d8a86d871e47,60.14947,24.91438,000000004ef3150d,14.89
1920,2019-08-04T12:41:04Z,1ad0b84716a79851fa8db7a993012f0c8e496d6cba9d028a546285a2,60.16897,24.95222,00000000aa852af1,21.87
1921,2019-08-04T12:41:04Z,1b3fba902b8d1538b508cdc228fd15fdd87f5aecb68e5611b1a4e354,60.16762,24.95415,000000006b44cce7,3.74
1922,2019-08-04T12:41:04Z,1bcef866fafad7c7460a084e0b0d27c087b549f4ae704390708be47e,60.149,24.9843,00000000fffb8cf0,8.38
1923,2019-08-04T12:41:04Z,1c7ccd5d6570d98e57ef2ebbd716b7504b138f9bb616fbeaa0d1a268,60.14699,24.922,00000000a53ed894,8.38
1924,2019-08-04T12:41:04Z,1ca2a3dc3dfc4b7c43e5c2670f235bdd61b23459d91984dde3e5afff,60.14699,24.922,00000000a53ed894,14.89
1925,2019-08-04T12:41:04Z,1de29ffd9360fbbeaef5c65201b5536524df17375122c5d2462b37ca,60.14947,24.91438,000000004ef3150d,17.4
1926,2019-08-04T12:41:04Z,1f74037ecab4dbdc5db1a8dc8b583a86630f86a5f2d0a5167b7fa605,60.18203,24.91341,00000000342570c2,18.79
1927,2019-08-04T12:41:04Z,1f81ed7274add201d3059d4a37e2bbe86b6ae1f0fd42a16d7b8dccaa,60.14699,24.922,00000000a53ed894,9.12
1928,2019-08-04T12:41:04Z,1faaaeff6423708e06d94b904af4be93e399939fbdfd3b3091dc8bd2,60.15432,24.9211,0000000019fb59c4,23.56
1929,2019-08-04T12:41:04Z,203a0c145a43c9a18f8c2a5ba4e18882e7430662bb4ac0e56ab37578,60.17065,24.93641,000000000f4919c9,16.1
1930,2019-08-04T12:41:04Z,203ea7cefd45873084263df2b0f41ad7b2e8878222fb6a53c263c534,60.16829,24.94214,00000000afef4555,13.75
1931,2019-08-04T12:41:04Z,20540117d73bd2543c3dd0c9204fbd1be4534b10622455858f8531b8,60.16829,24.94214,00000000afef4555,21.87
1932,2019-08-04T12:41:04Z,20ac7b2ace7c0038aa8df01b9281a9c54f1551fc8ab9b662b1f1ca22,60.18203,24.91341,00000000342570c2,17.4
1933,2019-08-04T12:41:04Z,21eed3ade733687b8f56fade8290819b7c6b4a9f38468979fe692c3e,60.16762,24.95415,000000006b44cce7,8.38
1934,2019-08-04T12:41:04Z,2204ba387d2db0e7d2ca03f7ace46abff8d141668b73c75a1879d7ba,60.14947,24.91438,000000004ef3150d,3.74
1935,2019-08-04T12:41:04Z,2271cbccbcce28d3d0757d9a964f67df1a523b81d97355dc543dd848,60.16897,24.95222,00000000aa852af1,31.5
1936,2019-08-04T12:41:04Z,231026899a6d5b326cb5b1e38b182ca1acb77c7e27bc2378973b29db,60.16629,24.95957,00000000fb7600be,10.78
1937,2019-08-04T12:41:04Z,244b51aa4a7059ba782925258111c295aa4de9596025c55ccd5580ac,60.16829,24.94214,00000000afef4555,14.89
1938,2019-08-04T12:41:04Z,2551a9e1b8a03c8e0e378ed37c0130b6e4105ec6b949de9e5a670be8,60.14699,24.922,00000000a53ed894,9.92
1939,2019-08-04T12:41:04Z,257206d3f59df5c426a9c735f4741cba6d792de1cbafe62289d383d7,60.16897,24.95222,00000000aa852af1,23.56
1940,2019-08-04T12:41:04Z,2607d1b2fc6e31a80348fffbed68a7d3a8e0212f197f2d1c573c587b,60.14947,24.91438,000000004ef3150d,6.46
1941,2019-08-04T12:41:04Z,26446b74d2d7b573cafeb665dbef395a1091dfa51b51cdf114690e72,60.14699,24.922,00000000a53ed894,18.79
1942,2019-08-04T12:41:04Z,267b66cc2e81a226d253a8f3228a4b45e1fabb634bba60fd0cc21a8d,60.14699,24.922,00000000a53ed894,14.89
1943,2019-08-04T12:41:04Z,27d4452dcae7c8e389fc21669cb3ccaedac87d45d4b1a50131c939e4,60.16762,24.95415,000000006b44cce7,5.41
1944,2019-08-04T12:41:04Z,28b43564f7156b67db7cb7b779e948986d7610f921490f9030379704,60.16897,24.95222,00000000aa852af1,11.7
1945,2019-08-04T12:41:04Z,28d2c3282e9f8fec67baec7992dcd800c45b67071e33cb118905a6b3,60.16829,24.94214,00000000afef4555,5.91
1946,2019-08-04T12:41:04Z,2bc95bfe257249215913b47f8544606d478783f0530c688972c2f11f,60.16629,24.95957,00000000fb7600be,31.5
1947,2019-08-04T12:41:04Z,2e2f4d1ad9ddc47800b58bfd6c1f08de22fdaa2157ec5f3f817246bf,60.16448,24.97323,0000000053c6c2be,25.36
1948,2019-08-04T12:41:04Z,2e86f9a432e00fa6ff5b8744ffecbe22a02b4316779bc8b4078af2e2,60.149,24.9843,00000000fffb8cf0,25.36
1949,2019-08-04T12:41:04Z,2ee2e108ed9051b1ccf4d3ee89931dfd53170af0b558fa6579b83e8d,60.15432,24.9211,0000000019fb59c4,11.7
1950,2019-08-04T12:41:04Z,2fb7fccd391d578e735c66386708a35e4aa1a565b6dac8392a06aa4f,60.17065,24.93641,000000000f4919c9,21.87
1951,2019-08-04T12:41:04Z,30c55d5011d0f6c901437a130dbe2653c7ae0cceee3b0a242394152c,60.14947,24.91438,000000004ef3150d,10.78
1952,2019-08-04T12:41:04Z,32f77f5019e5fce30881c214487361e2e34b8c93277f6e546de72012,60.1638,24.96846,00000000d747f075,33.81
1953,2019-08-04T12:41:04Z,3303170e10852dac3d5bc7188d1b93ece109e216e6c9b13a007c1b00,60.16762,24.95415,000000006b44cce7,11.7
1954,2019-08-04T12:41:04Z,33634cb1e3fc5d4a621e8717d203da8533ed27531a70c6cbe3abf3fa,60.16762,24.95415,000000006b44cce7,3.4
1955,2019-08-04T12:41:04Z,33ec502792a84f23fed03cf16e483d153c65e2850a2549f47034726a,60.16762,24.95415,000000006b44cce7,6.46
1956,2019-08-04T12:41:04Z,349dd839e41cff363cc4b935496e52b93be15233e508aa82987859bd,60.16075,24.95883,00000000f1124bca,27.28
1957,2019-08-04T12:41:04Z,34fddf0f4ea194b9720451d11a9de76225577536681d4f4b0a00b860,60.16829,24.94214,00000000afef4555,8.38
1958,2019-08-04T12:41:04Z,352427714fc6e8591df6bd227dde05d3b7ba0881742eee4ae750dcc4,60.15432,24.9211,0000000019fb59c4,17.4
1959,2019-08-04T12:41:04Z,358d7986d5bf2a0624fb1412a157b3c7b12f90653457e15a76bbdf50,60.16629,24.95957,00000000fb7600be,18.79
1960,2019-08-04T12:41:04Z,35a958343879c000cfc3f0c01afbc7d54934265828677bf4aefef84f,60.14699,24.922,00000000a53ed894,9.92
1961,2019-08-04T12:41:04Z,35e6e075578d7a51e510bf8904bde33f1d117264eea0917db98d4808,60.16897,24.95222,00000000aa852af1,10.78
1962,2019-08-04T12:41:04Z,36f876050503d244f74f3cbadcef716904eb2b245190d474b0cfa794,60.16762,24.95415,000000006b44cce7,9.92
1963,2019-08-04T12:41:04Z,3721331dbb97151d17938ed835ffc7208eba26fba6100c62870a3a4f,60.14947,24.91438,000000004ef3150d,2.8
1964,2019-08-04T12:41:04Z,37945fa4e7409fab98aa8bde45081f5bd083def0059485274ad552c0,60.17919,24.95181,000000007b5207b6,16.1
1965,2019-08-04T12:41:04Z,39310ebca1ad756aa2bfcb16c912cb7003ef3e7286a1f037603ade61,60.14699,24.922,00000000a53ed894,5.41
1966,2019-08-04T12:41:04Z,39384affce73de5534e6b28e6757781ad6130ef205ee585f3c64b58e,60.14951,24.92138,0000000006dd41f6,23.56
1967,2019-08-04T12:41:04Z,393a579e1c8efb19861f555f12040feeac853f37a2451116693e77aa,60.14699,24.922,00000000a53ed894,23.56
1968,2019-08-04T12:41:04Z,39f03a3a5fd777feee270921a7f51daec12ea679b542b0aaf2e808d7,60.149,24.9843,00000000fffb8cf0,13.75
1969,2019-08-04T12:41:04Z,3abc507346480858d62b69d6e29c3b0700ac193520668e17a4ce7cbb,60.16762,24.95415,000000006b44cce7,16.1
1970,2019-08-04T12:41:04Z,3b73bf57d223bcb9b930ee8619e6603e52485b221389c64d85614baf,60.16897,24.95222,00000000aa852af1,9.12
1971,2019-08-04T12:41:04Z,3be48824225ca9f2aea5653f6ce21181a76e67a8d4b8361f0cba1f8a,60.14947,24.91438,000000004ef3150d,3.09
1972,2019-08-04T12:41:04Z,3c11845576020a1135cb12cbf016a07b22cb58b147a78511ee42d0d1,60.16075,24.95883,00000000f1124bca,21.87
1973,2019-08-04T12:41:04Z,3d26e1d1c042133ccb16301bbada637dd3dea1623426336738e0f1c0,60.149,24.9843,00000000fffb8cf0,25.36
1974,2019-08-04T12:41:04Z,3dff549e90afb2bbb590899f86c397b1c4e011947c344f75d16312fa,60.17002,24.94407,000000006b087f40,33.81
1975,2019-08-04T12:41:04Z,3e51a6a20330a5ca5af145bab345165eb5f0fcce86d087af4088df64,60.15133,24.92329,00000000e8a064a4,27.28
1976,2019-08-04T12:41:04Z,3ec0a34310840b3aa1aa32a3f2bffbe426e91a242dc6eb5c1e86bba7,60.16448,24.97323,0000000053c6c2be,29.32
1977,2019-08-04T12:41:04Z,3f0ef00adad8d110dd5a664041a7e29a8bf1cb2abdace2517eeafe55,60.14699,24.922,00000000a53ed894,21.87
1978,2019-08-04T12:41:04Z,3f395809cdaaaa1688c7d1cc770079bbf7ef1349e148bec5c8eacd57,60.16762,24.95415,000000006b44cce7,7.05
1979,2019-08-04T12:41:04Z,3ffe89aa6ab1e57883e21fa8f15969f46a5f487bccb2b993eadb3cfb,60.14699,24.922,00000000a53ed894,7.05
1980,2019-08-04T12:41:04Z,4157eed3f2574f5f9b1f7c3ccc1c36e181e82585ec5d491a1aedc6c9,60.16762,24.95415,000000006b44cce7,9.92
1981,2019-08-04T12:41:04Z,42052b48fa907a3f9ad0a511096b057331f7a11a1be046a63fb9629e,60.14699,24.922,00000000a53ed894,9.12
1982,2019-08-04T12:41:04Z,42da4298ed9f522421f17714e024d9b8fe22e7546df3deeb8b139bd3,60.16075,24.95883,00000000f1124bca,4.11
1983,2019-08-04T12:41:04Z,431375be6b9405ef55878f3aa0bb5dd6a35db8ba650a2bce05081c49,60.14947,24.91438,000000004ef3150d,13.75
1984,2019-08-04T12:41:04Z,447f951c07ece4b9f8a41fed54b5911f4f8033b69f5a62bfd0cf1d97,60.14699,24.922,00000000a53ed894,13.75
1985,2019-08-04T12:41:04Z,4533d27e96c5c6637ddff4243672d658fea4004970652882357105a9,60.14699,24.922,00000000a53ed894,7.05
1986,2019-08-04T12:41:04Z,4547b56ce014395d163caf1a3f507d3d9b01b3d64d2fd0b0914f67b8,60.18203,24.91341,00000000342570c2,17.4
1987,2019-08-04T12:41:04Z,4602ff9d03f6bf4fbb82976098cc1c73e7a7e754050401c772d1406e,60.14947,24.91438,000000004ef3150d,10.78
1988,2019-08-04T12:41:04Z,467a01a257fbaad22bd4aebafc8f284c9ad3effc429475e57c214e9d,60.14699,24.922,00000000a53ed894,13.75
1989,2019-08-04T12:41:04Z,47b8aba771bed6ec3a7d57932c44fe859bcf6300054b3acc9d885105,60.14947,24.91438,000000004ef3150d,6.46
1990,2019-08-04T12:41:04Z,47bc9ff9097f9ef5f1862e48b4a42f6a9ddd30c4ef2b6eb43291a7a5,60.14699,24.922,00000000a53ed894,10.78
1991,2019-08-04T12:41:04Z,47cde44e4ddbf6c70162fa882eee962e7c3e2a037b650294ec46568f,60.14947,24.91438,000000004ef3150d,10.78
1992,2019-08-04T12:41:04Z,48d0a198e7445da9f7df3cb2cedef7dc861fe850deff789f6ad61d36,60.14947,24.91438,000000004ef3150d,9.12
1993,2019-08-04T12:41:04Z,48f665ebb1a71b0d84fc02bd71918c5ab5608328db534639cbd2a255,60.14947,24.91438,000000004ef3150d,4.94
1994,2019-08-04T12:41:04Z,4926fec57d2640e18cb9d46deb64eba0255ca71b93116f4ae21e4288,60.16829,24.94214,00000000afef4555,14.89
1995,2019-08-04T12:41:04Z,4a565a7be2bb822523480c6ca86154a466bf189290f87a0ef118f8b7,60.149,24.9843,00000000fffb8cf0,21.87
1996,2019-08-04T12:41:04Z,4b1050cc517631e36206d3528399c0b14748daec8c7d1b5dfa412299,60.15432,24.9211,0000000019fb59c4,16.1
1997,2019-08-04T12:41:04Z,4b85388cdaec2b4c15b546160ee326d9668a5e5d3c7b08d0c539946e,60.17918,24.95141,00000000675d5200,13.75
1998,2019-08-04T12:41:04Z,4be256682db9202c326fac957665719375e49ea2e9064753243c6503,60.14699,24.922,00000000a53ed894,11.7
1999,2019-08-04T12:41:04Z,4cadc8cc23fd84febb6a8383030a34c97b3388a8c9ed7a64cc0f51a6,60.14947,24.91438,000000004ef3150d,11.7
2000,2019-08-04T12:41:04Z,4ebdb6165c5d4892cdc21711313b98b1545bececfb886192c6f0ef22,60.16762,24.95415,000000006b44cce7,7.69
2001,2019-08-04T12:41:04Z,4f387b8eb5373361960a83c899f3753098c010a7b841c2bd861bfc91,60.16629,24.95957,00000000fb7600be,25.36
2002,2019-08-04T12:41:04Z,4f4940c5c77737c5b8f2fbd5a1b65886ea5f6e0e4fcd50447e11ce21,60.16075,24.95883,00000000f1124bca,16.1
2003,2019-08-04T12:41:04Z,514a3981fad6c695ac4940f09374b5d1c2e84d2ca835084ef8707714,60.16075,24.95883,00000000f1124bca,4.5
2004,2019-08-04T12:41:04Z,51b3c7870a399165f0d1d14f7d21688df32b0360f9cc6f3ca61890d8,60.16829,24.94214,00000000afef4555,8.38
2005,2019-08-04T12:41:04Z,52072bd384eaaf4a6958af5510ed039d194dee47f34667bc7bccbe0e,60.14699,24.922,00000000a53ed894,8.38
2006,2019-08-04T12:41:04Z,5263c8fd413ee308494f18228802330e278acc648b425bb454951db5,60.16075,24.95883,00000000f1124bca,7.05
2007,2019-08-04T12:41:04Z,52939581c6c8dd3407dbf44ea9e90471e4bbadfb7e3740a0ba8324f3,60.14699,24.922,00000000a53ed894,14.89
2008,2019-08-04T12:41:04Z,52f0e69ca7a5cebe604c1f32308dc7f8870d1d85cd4b25ad17f706e9,60.14699,24.922,00000000a53ed894,6.46
2009,2019-08-04T12:41:04Z,5554305bad43a71cf98d83e92708c7474c1efc189392c1ea94231e9c,60.16531,24.9442,00000000fdda10fe,5.91
2010,2019-08-04T12:41:04Z,560205233dc9b13886248fb6e54ee21dc3b287080072641e01e08dac,60.16075,24.95883,00000000f1124bca,16.1
2011,2019-08-04T12:41:04Z,56b8eace741e5227a40ea0a64601a737648080c63d6240b0dca632c4,60.16075,24.95883,00000000f1124bca,9.92
2012,2019-08-04T12:41:04Z,570dc61d53aec66ede39dfde66339640878453afc00cd1a55c60bca7,60.16544,24.95398,0000000038d83d41,12.69
2013,2019-08-04T12:41:04Z,571934189bf349efb6f596e76c21612cf9b82ed44913090169936048,60.17065,24.93641,000000000f4919c9,18.79
2014,2019-08-04T12:41:04Z,571e65d939060a58396de22fc44d8842fc9de986824670ad765ec596,60.16762,24.95415,000000006b44cce7,10.78
2015,2019-08-04T12:41:04Z,57bb8beeec6904b9a5cfe83c4ff9a80e63157780137f03de2a4152d3,60.16762,24.95415,000000006b44cce7,6.46
2016,2019-08-04T12:41:04Z,583a35aa08fe45f96deb91a9f4b9317e86eddeee0d636cc11b3e2df8,60.16762,24.95415,000000006b44cce7,17.4
2017,2019-08-04T12:41:04Z,58411163d307bb308f9c94a9720e9ce5ab0ce4f5617cd2b1fcc2037a,60.16762,24.95415,000000006b44cce7,7.05
2018,2019-08-04T12:41:04Z,584cb0b0cdd14e608c8b57c8aecc9826f9b40027e365e2438a444ea2,60.16762,24.95415,000000006b44cce7,9.92
2019,2019-08-04T12:41:04Z,59e23b6ba24eb1cbbe77cbbfb47fd0aeb3b9a3574e0b34a2be2c9352,60.16762,24.95415,000000006b44cce7,12.69
2020,2019-08-04T12:41:04Z,5b102c62b98f29bd801e4dd0e9ddbc113db3faa38d59990b9ba5e9ec,60.173,24.92524,0000000096918cfa,17.4
2021,2019-08-04T12:41:04Z,5bc858089bff2f1880f1807e91f165ebf9f1b5841445adcdfb988ddf,60.16829,24.94214,00000000afef4555,21.87
2022,2019-08-04T12:41:04Z,5bc8610f198c0ab38e4e89fd7f4828d032ca2a6ef97c2a17c79e296f,60.14699,24.922,00000000a53ed894,14.89
2023,2019-08-04T12:41:04Z,5c160268bc9b4b619181ce421d9e58c258e6b59a342945fc29f0004b,60.14947,24.91438,000000004ef3150d,6.46
2024,2019-08-04T12:41:04Z,5cd5117066c75a1cb83d3896a7eba3f3472e133f0013ea7d4e95daaa,60.14699,24.922,00000000a53ed894,7.69
2025,2019-08-04T12:41:04Z,5d70086d53447ee393249cef33c7bae814c1d7c2e3055fc91b38786c,60.17919,24.95181,000000007b5207b6,9.92
2026,2019-08-04T12:41:04Z,5e53be1d47b3cceeb6ea9406c75327379c8ee8abc68da605b7758e85,60.14947,24.91438,000000004ef3150d,14.89
2027,2019-08-04T12:41:04Z,5e7916ca910b02abf2d19906759663c23db63950a353fa546f55c8af,60.14699,24.922,00000000a53ed894,12.69
2028,2019-08-04T12:41:04Z,60d5c11436b72dd4eb673f606bddc3f8f36675342cba015b9297155f,60.16448,24.97323,0000000053c6c2be,20.28
2029,2019-08-04T12:41:04Z,614ab7fba7255f6bf6f888e9a04d589962f756b3f427e658f10014f2,60.16075,24.95883,00000000f1124bca,5.41
2030,2019-08-04T12:41:04Z,61dadc3bed7f3dda70dbe12fc6914b30c863945805046f66f43ec9a7,60.14947,24.91438,000000004ef3150d,13.75
2031,2019-08-04T12:41:04Z,623a1746eaf8ae2f9a6eb28842e9699551c46f4b1c799eb6285f5a13,60.16762,24.95415,000000006b44cce7,11.7
2032,2019-08-04T12:41:04Z,62a6fe2d9b3b5b4533c51253f8842428bd797b3c6a95a7816ec472ed,60.14947,24.91438,000000004ef3150d,18.79
2033,2019-08-04T12:41:04Z,634257ded5cc6c04eb832d437b55777b10829352768dadef19d3f64c,60.15432,24.9211,0000000019fb59c4,27.28
2034,2019-08-04T12:41:04Z,637444cccbc28160d6b34e9f414caeac4ace95d16ac6c068c9762759,60.14699,24.922,00000000a53ed894,18.79
2035,2019-08-04T12:41:04Z,63d99db5b2b7360c501446ea5e89feba9bd1c6735a7670039916f2ad,60.1538,24.95595,0000000038bf9618,31.5
2036,2019-08-04T12:41:04Z,63defb71d4c3856253a0a2d67a5c370b91ad0527703b334a63fe5344,60.14947,24.91438,000000004ef3150d,12.69
2037,2019-08-04T12:41:04Z,641e8defb97171d160f062c4bc3e9d06346f10d5246e6aeac935e1a9,60.16897,24.95222,00000000aa852af1,23.56
2038,2019-08-04T12:41:04Z,643ef3f01a51bea3c4510d4060a945cd510e5189236d68f5c9489034,60.16829,24.94214,00000000afef4555,1.88
2039,2019-08-04T12:41:04Z,64638a9f9e6c9b32fc4b484b55e4934fcab6cb04605cc76d5f5534b7,60.17065,24.93641,000000000f4919c9,13.75
2040,2019-08-04T12:41:04Z,64ceacd0e9e50e99269c384e6468a0672028d8296e79095c68f8eb98,60.16531,24.9442,00000000fdda10fe,27.28
2041,2019-08-04T12:41:04Z,6503762f2cac51cc2b74da1efa6b16583ed11c9a528d7716b7829c0b,60.16829,24.94214,00000000afef4555,9.92
2042,2019-08-04T12:41:04Z,6516a10850095847a8156717b0fba05a9bdc9b5bfedd691ddb07f119,60.14699,24.922,00000000a53ed894,9.12
2043,2019-08-04T12:41:04Z,6525cc634176c25187e68e0d067bcfecfd78e399e93db4ee9d408b7e,60.17918,24.95141,00000000675d5200,18.79
2044,2019-08-04T12:41:04Z,655204cb507ea9ae811105cdcd766161facaa9f729017a333f102391,60.149,24.9843,00000000fffb8cf0,29.32
2045,2019-08-04T12:41:04Z,65de3b8621fadfc61e9d3657dc477ea9867f9d093f80cf0857dcad88,60.16762,24.95415,000000006b44cce7,17.4
2046,2019-08-04T12:41:04Z,6688790e10cbf0805c8bdc210412ed75d7999e61029da0b7ba29458e,60.16829,24.94214,00000000afef4555,14.89
2047,2019-08-04T12:41:04Z,671eca6331679fc04b8448a517c21f4e663e597a79923ceecd8892e2,60.16897,24.95222,00000000aa852af1,31.5
2048,2019-08-04T12:41:04Z,6723bebaab92d1a9f8b4318fd4f497a6dec6d7f8e0eafca443925213,60.16075,24.95883,00000000f1124bca,17.4
2049,2019-08-04T12:41:04Z,67591d427f60ba3c369ac0d78088fca7be33081501508d16401dd6cb,60.16762,24.95415,000000006b44cce7,3.09
2050,2019-08-04T12:41:04Z,675eacdf32b5b831fd118fc5539eea4b3cef4bd11e2e1706a9571222,60.16829,24.94214,00000000afef4555,3.09
2051,2019-08-04T12:41:04Z,6774ed72eaf69d7c4aaeeef90990f969954155bbcc52652e75e7deef,60.16829,24.94214,00000000afef4555,14.89
2052,2019-08-04T12:41:04Z,677c53ae4056d6cb123ca576ba5284664b1c7e3e88818bd19b5dd99a,60.17919,24.95181,000000007b5207b6,23.56
2053,2019-08-04T12:41:04Z,6875e3632a29207e29ded33617e66d55de5d8c7804fecedd6f1dfe12,60.14699,24.922,00000000a53ed894,3.4
2054,2019-08-04T12:41:04Z,69375ef968867906fc11b34d1e2c4b436d452cd47cb577a7f9e566ef,60.16762,24.95415,000000006b44cce7,7.69
2055,2019-08-04T12:41:04Z,6981f80baeddf7459b67845f82744390c976c013f3a4883a53556fc7,60.16762,24.95415,000000006b44cce7,12.69
2056,2019-08-04T12:41:04Z,698b200b63a644828a7314691a16af2af1bccef75d52abb5591a5542,60.14699,24.922,00000000a53ed894,5.91
2057,2019-08-04T12:41:04Z,69f1de5049f5731749defe893b8ae9ada4f5f788a994b8f7413ef657,60.17002,24.94407,000000006b087f40,17.4
2058,2019-08-04T12:41:04Z,6b6668d7ebecfb96a6ed3ca19e97f8da150943ddf1d034675d08a9b8,60.14699,24.922,00000000a53ed894,13.75
2059,2019-08-04T12:41:04Z,6b97071051ccf5db7e5ebee033d4f68d58ed6917ff2fac5b205a6605,60.17065,24.93641,000000000f4919c9,20.28
2060,2019-08-04T12:41:04Z,6c7e018abdf8462af7c7b003bc30f915184f7082e9e865a2c502eed5,60.14699,24.922,00000000a53ed894,12.69
2061,2019-08-04T12:41:04Z,6f3dd17e40daabb4efe868f1b859dc00ecc01846f0a0e2b8db5d1413,60.17918,24.95141,00000000675d5200,27.28
2062,2019-08-04T12:41:04Z,6fdf4cfc3a0774e204869ab43ef69c6306cc40c0fd8bbb0f8b505e3a,60.16829,24.94214,00000000afef4555,12.69
2063,2019-08-04T12:41:04Z,6fdfc33c6b609ea80b4a38ecf657bc68b7bf659752b51edcc22ffb54,60.16762,24.95415,000000006b44cce7,12.69
2064,2019-08-04T12:41:04Z,6fec2e12fc88db6bcc4eb2c81bcfb171de0094ca788c72192002e939,60.15432,24.9211,0000000019fb59c4,25.36
2065,2019-08-04T12:41:04Z,70c56152af84cf1bad4d19b0cb31202232b4cd4320ce5ea48895e42b,60.14947,24.91438,000000004ef3150d,7.05
2066,2019-08-04T12:41:04Z,71479e7c1c4fd96468f16800ff04484480c76e0953d2074500b0df31,60.17918,24.95141,00000000675d5200,23.56
2067,2019-08-04T12:41:04Z,71c360c0ae36f964d9ca7957d318abe8f1933c8220f225231eb33b39,60.18203,24.91341,00000000342570c2,21.87
2068,2019-08-04T12:41:04Z,72231bca658d3a16f3bf9c26ba5f13393b8377e4ab0b9ed3de6c811f,60.14699,24.922,00000000a53ed894,12.69
2069,2019-08-04T12:41:04Z,732235fff054f4f8fff8775b6c0d4fb0ca0f28c455a6fc86de24d162,60.14699,24.922,00000000a53ed894,12.69
2070,2019-08-04T12:41:04Z,745e52dafbfa395ea41c5fcd0c2717b9091e44d19ab89e03991fdbb7,60.16762,24.95415,000000006b44cce7,7.69
2071,2019-08-04T12:41:04Z,759f94c852ff15ca91c3138913c3858c4801702f8f0514ae82fb2a19,60.16897,24.95222,00000000aa852af1,14.89
2072,2019-08-04T12:41:04Z,7664b7f08aaa059ecf6646a595c33fae0c80715febe63e31f45a4662,60.16762,24.95415,000000006b44cce7,7.05
2073,2019-08-04T12:41:04Z,777cceac7be6303a1c82f7cc68061528b01e3aa1b3aa6481cad9e5e3,60.16075,24.95883,00000000f1124bca,8.38
2074,2019-08-04T12:41:04Z,77a12194b9a6789f4b2b8c07ae7fce3c2b531cb221e5fa7ca5deae55,60.16897,24.95222,00000000aa852af1,14.89
2075,2019-08-04T12:41:04Z,79bb1e615a834d4f653cec7efc45ad5b4bbedf2a83c55b44c586ad0a,60.14947,24.91438,000000004ef3150d,4.11
2076,2019-08-04T12:41:04Z,79bde23c1a8980f93a65e14306f0d8ea89e164430d8b991e2bfee82e,60.16531,24.9442,00000000fdda10fe,10.78
2077,2019-08-04T12:41:04Z,79d26f15a82c94ac5d05e0f2b6a6beeae1f407972ec39665d7ab9535,60.16829,24.94214,00000000afef4555,7.69
2078,2019-08-04T12:41:04Z,7a0c0b525f2d3eed6c873bd3b8d27bede551fe4a428ac15c23deadae,60.16075,24.95883,00000000f1124bca,13.75
2079,2019-08-04T12:41:04Z,7a4a06d20ebe57d94e5fceeaf47d5b56ad9a515818e9c20e21a80e61,60.16629,24.95957,00000000fb7600be,21.87
2080,2019-08-04T12:41:04Z,7a97375000483176c3b37cc0d1744a950d9b322ce3534208fce0b21d,60.14699,24.922,00000000a53ed894,8.38
2081,2019-08-04T12:41:04Z,7ab335e046f7f3597f8f615a90857885e35cfecefebd5d24bbf0af90,60.16075,24.95883,00000000f1124bca,5.41
2082,2019-08-04T12:41:04Z,7ad93fed82e41ea4422fa101badc698b0328c3ebf0f6b73c5164d438,60.16897,24.95222,00000000aa852af1,12.69
2083,2019-08-04T12:41:04Z,7af6672e274ebe27cdb785373a857fc5bcad92a386c36dbe3221d4f4,60.14947,24.91438,000000004ef3150d,9.92
2084,2019-08-04T12:41:04Z,7bb67bcf014747e5d826f95c610d36492f31095552417a0864475491,60.14951,24.92138,0000000006dd41f6,18.79
2085,2019-08-04T12:41:04Z,7c9213d7d9786431a8781a665fa1b7091507aa244d28b85d07a1399a,60.17065,24.93641,000000000f4919c9,29.32
2086,2019-08-04T12:41:04Z,7d9a3d84c09c3a8d6876389e216e0278048d6b924890fb275a078ffb,60.16531,24.9442,00000000fdda10fe,0.84
2087,2019-08-04T12:41:04Z,7de23a812e69199078aa0cacb63721bd7aef52a3b426789819eaea71,60.14699,24.922,00000000a53ed894,14.89
2088,2019-08-04T12:41:04Z,7e76449e59f1e3a1a615b54408115353fbb14d815390d03a73b1a7bb,60.14947,24.91438,000000004ef3150d,18.79
2089,2019-08-04T12:41:04Z,7ee87b87cf01698f643e1ba3117b245039edc811605df5dc802e7576,60.14947,24.91438,000000004ef3150d,21.87
2090,2019-08-04T12:41:04Z,7f786ec8e06f1ca3bdd10fc60d0114baf354125b8f6cf796d197f4cc,60.16075,24.95883,00000000f1124bca,3.74
2091,2019-08-04T12:41:04Z,7fe10e69931c2d658099a314f3fce64865329e12a7b834c375e2d5d2,60.14699,24.922,00000000a53ed894,7.05
2092,2019-08-04T12:41:04Z,80aec8656b3422b9e9819007367c799a4e108fee246063f9117203e4,60.1538,24.95595,0000000038bf9618,27.28
2093,2019-08-04T12:41:04Z,80cbcb887f3e351e3bef7c5f53dccc578cc3494feec514aed7015c0d,60.16075,24.95883,00000000f1124bca,2.8
2094,2019-08-04T12:41:04Z,82411c6526228322a61f59259f13adf7cde62bd767587b6735867705,60.17919,24.95181,000000007b5207b6,7.69
2095,2019-08-04T12:41:04Z,83121a75723643c48e3c3b0a3ea5fccb532046432ca445833e8de06a,60.16762,24.95415,000000006b44cce7,3.4
2096,2019-08-04T12:41:04Z,83e827ea070ed6a4107cd81c03e001aa1a5d76d22f7f5ac41e63e2e9,60.14947,24.91438,000000004ef3150d,13.75
2097,2019-08-04T12:41:04Z,848fdb054358a3fca79c0246f01263c92b5b48aee6b9fb6e260d7a0b,60.16829,24.94214,00000000afef4555,16.1
2098,2019-08-04T12:41:04Z,848fe01e24ccc782e5968171f53ea31d28f20a455c45d8bac8fb7374,60.173,24.92524,0000000096918cfa,21.87
2099,2019-08-04T12:41:04Z,849a662d95d4185421aff7c6213ba5d7b84cfc58c9fb30ff34054e4c,60.16075,24.95883,00000000f1124bca,11.7
2100,2019-08-04T12:41:04Z,84a2754d633d2364ab8245dd97ac58e0bfad70a8380a357871afcc01,60.17002,24.94407,000000006b087f40,20.28
2101,2019-08-04T12:41:04Z,857f5ab05809fdb94740616b8d6662aa2458c4a6009e6f717f8933fb,60.17002,24.94407,000000006b087f40,29.32
2102,2019-08-04T12:41:04Z,859b417d0b562f5c4ab33c3877c95cd7cbb332db91dcd0f4e7a4f3b6,60.14699,24.922,00000000a53ed894,10.78
2103,2019-08-04T12:41:04Z,85d66944a64cfde859e7e08ca4b79f3b39d5b03141d500fe7ce73f7e,60.14699,24.922,00000000a53ed894,4.94
2104,2019-08-04T12:41:04Z,8671d4796925b87aa375ec961920222f3024852d26ca40013f9985df,60.18203,24.91341,00000000342570c2,29.32
2105,2019-08-04T12:41:04Z,868cd7608ed6beb209db2aad8c71f56b8aec3a6b453be18e4af217a2,60.17065,24.93641,000000000f4919c9,31.5
2106,2019-08-04T12:41:04Z,87bb1abe21abfcb5e5c2039e579cff7ca863a6019207db356de5b7c2,60.14699,24.922,00000000a53ed894,7.69
2107,2019-08-04T12:41:04Z,87cbb5265cd1cc3213ddb5ed9ed2a599ddb7db0b0747121d649b0ae3,60.16544,24.95398,0000000038d83d41,20.28
2108,2019-08-04T12:41:04Z,8822ffe19dec49fe874ac377de5a0504e931e342ecc1f5b1fcb939e5,60.16897,24.95222,00000000aa852af1,23.56
2109,2019-08-04T12:41:04Z,885bcc6af7d0aa9718fe1030e32ffff1de5171ae5ef67cf0011874fb,60.14947,24.91438,000000004ef3150d,7.69
2110,2019-08-04T12:41:04Z,8947a5209f3b32173d3dc72792039edf94a2711741ab041b62b30643,60.16762,24.95415,000000006b44cce7,4.11
2111,2019-08-04T12:41:04Z,896f7e896dc6f1ea44b82bf968a988cc10c358ee34821d9d7a4bd07a,60.14947,24.91438,000000004ef3150d,11.7
2112,2019-08-04T12:41:04Z,8b641985c793a3f25a45b2460cb01f5baa6f339c6dd26ba7752d8a7a,60.16897,24.95222,00000000aa852af1,9.92
2113,2019-08-04T12:41:04Z,8ba6cfc17ca70e8304994e018ebd5eb2003177062cde05925d5cacb3,60.173,24.92524,0000000096918cfa,17.4
2114,2019-08-04T12:41:04Z,8bbf5422247a0a6be314130d8fd9ae1814401b75acf3b3ce2da9620c,60.14699,24.922,00000000a53ed894,17.4
2115,2019-08-04T12:41:04Z,8d528b00553162a9dd47d2296d15b2fad89aad6a508424d4589618a1,60.14947,24.91438,000000004ef3150d,4.5
2116,2019-08-04T12:41:04Z,8d73f674010f5cb02e8f20251ed86a9afcb7f6b3926039470296bd00,60.17065,24.93641,000000000f4919c9,20.28
2117,2019-08-04T12:41:04Z,8d8a869e83fe2ac29e791666634a33af3ea4048ea4e752b6fb1e238c,60.14947,24.91438,000000004ef3150d,7.05
2118,2019-08-04T12:41:04Z,8dcf139eb279bcc2696420ba9da858e361600ff02cd29587f66660ec,60.16897,24.95222,00000000aa852af1,31.5
2119,2019-08-04T12:41:04Z,8f62b1c9da034390f954b636984feef9d7735e321ca625a4e715624f,60.16897,24.95222,00000000aa852af1,18.79
2120,2019-08-04T12:41:04Z,9023a89a49a372e5f97cf86ef1b5de0164eb67cc10d394d383ab75fd,60.16829,24.94214,00000000afef4555,7.69
2121,2019-08-04T12:41:04Z,920dc90f60b295267f63efc8f968408087b71878dc3f49f0ded1c41e,60.17919,24.95181,000000007b5207b6,20.28
2122,2019-08-04T12:41:04Z,926717d61529080dfc4c7f8cdcdc82c6490d2a5129474524b8c40ea4,60.16829,24.94214,00000000afef4555,6.46
2123,2019-08-04T12:41:04Z,93a2100e233b204243f7e69b68dea7c9a145d1b5384bd18359bf87a3,60.16531,24.9442,00000000fdda10fe,1.54
2124,2019-08-04T12:41:04Z,93b7794683a373ac7ce9476d49419c2ee26e67b474370e561be167b2,60.14699,24.922,00000000a53ed894,12.69
2125,2019-08-04T12:41:04Z,93e409819362e2429a43710ff4330bd3ed83011b73ae438dd7fb62d8,60.16762,24.95415,000000006b44cce7,12.69
2126,2019-08-04T12:41:04Z,9575ef1c44f26f0301d726029c8b1c28011a4724496943451bee6544,60.14947,24.91438,000000004ef3150d,9.92
2127,2019-08-04T12:41:04Z,97264f5808fa13851dacabf0c98525eec29849ff4b6a744cc777fd5b,60.16075,24.95883,00000000f1124bca,9.12
2128,2019-08-04T12:41:04Z,9736a8a29aee134a307e0cd4221e9b0a2ab7c48befee43fc62e9f9bd,60.14699,24.922,00000000a53ed894,10.78
2129,2019-08-04T12:41:04Z,987d01417bcff2d7f663704309df2ebdcdb035da3ddb085fab0cf928,60.16829,24.94214,00000000afef4555,13.75
2130,2019-08-04T12:41:04Z,9885627881a266e5cf401516e009049e859d738e2e019be570f4b4d8,60.16448,24.97323,0000000053c6c2be,21.87
2131,2019-08-04T12:41:04Z,992f6feda52c82ad67e40af55b5602bb22411020701998c6bd65faed,60.16762,24.95415,000000006b44cce7,10.78
2132,2019-08-04T12:41:04Z,99753600aa90a43c336153dd03985a2996b7bc6052086f503020518c,60.14699,24.922,00000000a53ed894,13.75
2133,2019-08-04T12:41:04Z,9a9db814dfa74ca2c2d51496299715310e81c6e6525cc9d2cb0762eb,60.16897,24.95222,00000000aa852af1,33.81
2134,2019-08-04T12:41:04Z,9ac4c3176875b59567d28bf01df0c9490620902ff082fd0b93d15cb4,60.18203,24.91341,00000000342570c2,18.79
2135,2019-08-04T12:41:04Z,9b4cfd817ca150f1fe610e8a67a759e80e8cacd2488b70bb8d56f2f8,60.16829,24.94214,00000000afef4555,18.79
2136,2019-08-04T12:41:04Z,9b8ce6fbe947328c891dfbc4d84b0a33b983d3a728e8289d7fb72962,60.15133,24.92329,00000000e8a064a4,23.56
2137,2019-08-04T12:41:04Z,9ba6f9fb8bb950d16224b4182d3c3d8349a0f50619be329c165417e0,60.14947,24.91438,000000004ef3150d,10.78
2138,2019-08-04T12:41:04Z,9bad872c31c8c5e53f064b5367350b41271d45ca8a9e508136622800,60.16897,24.95222,00000000aa852af1,17.4
2139,2019-08-04T12:41:04Z,9e3d4a4b1acd94d2896cd7cf56419110f06ea96faae37aadebd4ec77,60.14947,24.91438,000000004ef3150d,8.38
2140,2019-08-04T12:41:04Z,9ff13c715073d5ad9c464cb67b6de3f703435cf389c32cce5626dfe1,60.149,24.9843,00000000fffb8cf0,20.28
2141,2019-08-04T12:41:04Z,a0db7e8063bede2dd55c2c6cf5111932617ecace670ff65314a7d349,60.16629,24.95957,00000000fb7600be,11.7
2142,2019-08-04T12:41:04Z,a22736c5d66f417bc6b745f51492549dc2e5a3c766f5e7e23f183b41,60.14947,24.91438,000000004ef3150d,5.41
2143,2019-08-04T12:41:04Z,a38a21a97a054541f0423f03758c70227116c05254958373e3e93ad0,60.14947,24.91438,000000004ef3150d,4.94
2144,2019-08-04T12:41:04Z,a3e2b787062412a5c0f0f4c118f7ba472a52fe9558872792cfd31d61,60.17002,24.94407,000000006b087f40,20.28
2145,2019-08-04T12:41:04Z,a422a30ec1eb058c7930e1352297c161639faa5b3ca5f5fa47c4adb3,60.14947,24.91438,000000004ef3150d,7.05
2146,2019-08-04T12:41:04Z,a4f416ec0941bb365e3665d7fd224fad15d74225e8ce9f6dd6368bc7,60.17065,24.93641,000000000f4919c9,29.32
2147,2019-08-04T12:41:04Z,a6f944078dd26796f5a849ccb6fdf8a4436f913cf3302597c846462d,60.16762,24.95415,000000006b44cce7,18.79
2148,2019-08-04T12:41:04Z,a7472d1b63171c047444981df223670390009e3ea502132d9963e9fb,60.14947,24.91438,000000004ef3150d,5.91
2149,2019-08-04T12:41:04Z,a76d219c3abcc4ec3a54dd834263f9a24972c71be4c7bbbfc663f22f,60.14699,24.922,00000000a53ed894,7.05
2150,2019-08-04T12:41:04Z,a88c6bae85183bcf7a25dcbc1fe64128df64a49ded7074a0f51a1f5c,60.14699,24.922,00000000a53ed894,25.36
2151,2019-08-04T12:41:04Z,a8bd45406d5913e098652d4c2d836339758e08d21bf5d88becabdd36,60.14947,24.91438,000000004ef3150d,14.89
2152,2019-08-04T12:41:04Z,a8df2631c2442628608c1f0352c896eb532a6ca08c85de2c77360aa8,60.14947,24.91438,000000004ef3150d,17.4
2153,2019-08-04T12:41:04Z,a96e9a3805def174e6ededa93b88ce312739d9d68941dffdeca03e9f,60.16762,24.95415,000000006b44cce7,4.5
2154,2019-08-04T12:41:04Z,aa076c3f0d09145aebbb750dde9849ba4eb6759e92ba5753280184d6,60.16762,24.95415,000000006b44cce7,9.12
2155,2019-08-04T12:41:04Z,aa5773b59ce2bf1eee53e4e77cd3c261465d2ea538c9a85b8de30cd8,60.14947,24.91438,000000004ef3150d,14.89
2156,2019-08-04T12:41:04Z,aa6d51fc5411b69567cb854360c4a81267eac19446946eb27618306a,60.14699,24.922,00000000a53ed894,11.7
2157,2019-08-04T12:41:04Z,acb831a572fef6e9e1fc74a3084583547930b1f96e8d952485f755ea,60.17002,24.94407,000000006b087f40,20.28
2158,2019-08-04T12:41:04Z,acdcc8ae1d1c6bb055dfc108154eae58b4b894f0ce1ff174c1065c7e,60.16762,24.95415,000000006b44cce7,4.11
2159,2019-08-04T12:41:04Z,ad8af809ed47a3391bb53d11da159b3a8b0ddc264d94c049ce72bda0,60.17065,24.93641,000000000f4919c9,0.41
2160,2019-08-04T12:41:04Z,ae87b8dd8920695bc9e599874667205991c04e30666d8523f0be4350,60.14947,24.91438,000000004ef3150d,6.46
2161,2019-08-04T12:41:04Z,aec4b11f0b1ec075878ca4a3b94da464f6fc96e330b913d5bfd346b0,60.16897,24.95222,00000000aa852af1,3.4
2162,2019-08-04T12:41:04Z,aefdb2741d688503f8a51d5af7b715c1270e21331d0aa56b07ea3c23,60.149,24.9843,00000000fffb8cf0,18.79
2163,2019-08-04T12:41:04Z,af64ca430076b1e91eeb89134e0e026479928845cbe1943bc56104c2,60.14947,24.91438,000000004ef3150d,9.92
2164,2019-08-04T12:41:04Z,b0a4e64f8e9d69f9da53bdae4ea9fb3059a80907ea7383ffcc99048a,60.1538,24.95595,0000000038bf9618,27.28
2165,2019-08-04T12:41:04Z,b0d94ef9ea9572719866fc0dad1f45c8712d2b6534bfe5ca3d3fefaf,60.16829,24.94214,00000000afef4555,23.56
2166,2019-08-04T12:41:04Z,b12b27061f30d5659794f14cbed5e4726c5af1ef526611d3b2dded29,60.14947,24.91438,000000004ef3150d,13.75
2167,2019-08-04T12:41:04Z,b255261b4f367acbf68fac08700949f13001dfe40901f75ec4a321a9,60.16897,24.95222,00000000aa852af1,29.32
2168,2019-08-04T12:41:04Z,b2a01c2a06c3cf1a48333e58e787d9eaf2f975a738c02878220d7774,60.16829,24.94214,00000000afef4555,18.79
2169,2019-08-04T12:41:04Z,b41cc64d7ab4e16a03573bdc3b5863c4b402ec66c7780c7900c02877,60.16829,24.94214,00000000afef4555,12.69
2170,2019-08-04T12:41:04Z,b523d3f8341906e4b3877ff7d9614b4e10d6bbf10afdcc6c53656c8f,60.17065,24.93641,000000000f4919c9,17.4
2171,2019-08-04T12:41:04Z,b7039958be9f53a3eaed97f705a1974815f52f25226e920155397bec,60.16075,24.95883,00000000f1124bca,20.28
2172,2019-08-04T12:41:04Z,b7867e052453c9caa213f48b033624b744187f4cd77c2418cf9d7b79,60.14699,24.922,00000000a53ed894,14.89
2173,2019-08-04T12:41:04Z,b81e80c4efa2f6bf7a24861abfd0f0fb5672f1512dc7545a1d387f7f,60.16762,24.95415,000000006b44cce7,13.75
2174,2019-08-04T12:41:04Z,b82ba472f0cb919b39c31b9c737f1608f6a31ffa63352768f9fa12ea,60.16829,24.94214,00000000afef4555,20.28
2175,2019-08-04T12:41:04Z,b936adc4821ac74aa643564d0b86e3858f1ec392e3f43e92427d7edc,60.14699,24.922,00000000a53ed894,17.4
2176,2019-08-04T12:41:04Z,b9c0ac0bb7310d92c296a8870603ebd12c0c632cfc2a1fa33092b337,60.16762,24.95415,000000006b44cce7,16.1
2177,2019-08-04T12:41:04Z,ba9825bb3cfae6aeb29833f0a11189802065c73f8e541b2bcb5b572f,60.14699,24.922,00000000a53ed894,20.28
2178,2019-08-04T12:41:04Z,baa222a8cd4bafd707316f5932b27c8a4aa5bca6b488ae3d59c3b0dc,60.17065,24.93641,000000000f4919c9,18.79
2179,2019-08-04T12:41:04Z,baa2e34cb17a3e4b813a9a7578ddf421b7013fa00788af744fe6fc28,60.1538,24.95595,0000000038bf9618,23.56
2180,2019-08-04T12:41:04Z,bb0193f2b0ac4801fe82ed5cec75e687465d707d92e731047f81650f,60.1538,24.95595,0000000038bf9618,2.54
2181,2019-08-04T12:41:04Z,bbe1e18f88cf88928067a0221965768c1f2ae264291cea564d7eb7e8,60.16897,24.95222,00000000aa852af1,25.36
2182,2019-08-04T12:41:04Z,bc07df8cc395f6f4f5d483b2233caca5f93a6918f346e4cc3702f8cc,60.16531,24.9442,00000000fdda10fe,17.4
2183,2019-08-04T12:41:04Z,bd4ec71179e7755567e37eb54b845b317af028a4effe45dcaeae19bc,60.14699,24.922,00000000a53ed894,25.36
2184,2019-08-04T12:41:04Z,be21a77f983baae8e0ba646eda0988a618149dcc7ef4c303c35d5377,60.14947,24.91438,000000004ef3150d,11.7
2185,2019-08-04T12:41:04Z,be52b901acbdb877b39a6d46af301e3105e19cea90b64ee92557ab55,60.17002,24.94407,000000006b087f40,13.75
2186,2019-08-04T12:41:04Z,bf2e5725b255e320f1e8375ec03f55194f1fd9f751be9629d873a5c8,60.14699,24.922,00000000a53ed894,3.74
2187,2019-08-04T12:41:04Z,bf992d3cd95a73f02d7223eaffe90a94e3e1e98a8c6759bab631b5b0,60.14947,24.91438,000000004ef3150d,4.94
2188,2019-08-04T12:41:04Z,c0722f63618f97eb8ec4afac1a8538b81a3c87e623d753ad1201bf7c,60.16075,24.95883,00000000f1124bca,3.74
2189,2019-08-04T12:41:04Z,c0a0ca3433586ed2ae0e448f2406fabac7292ac79d49562e0bd5cef8,60.16762,24.95415,000000006b44cce7,11.7
2190,2019-08-04T12:41:04Z,c1a7c2ca724966977fb5960bdc91f2763ac8cbb95c33a1d4e0b7bd68,60.16897,24.95222,00000000aa852af1,23.56
2191,2019-08-04T12:41:04Z,c36d58ed0e0dddb3e26be1214e369db1c3fa3d4bcf8b53536a25239b,60.17065,24.93641,000000000f4919c9,2.3
2192,2019-08-04T12:41:04Z,c3e5ee20ca76f7347fda00c4c2fdee291bc6d843a879b26fbdd70390,60.17065,24.93641,000000000f4919c9,27.28
2193,2019-08-04T12:41:04Z,c4dfae0a1b1bd27741275e8f26148b119bf7225960b4275e488612b9,60.14699,24.922,00000000a53ed894,18.79
2194,2019-08-04T12:41:04Z,c551d554f64ffda092ce6c4a6715f0ed438c9649f7676b2944f1ea2f,60.14699,24.922,00000000a53ed894,16.1
2195,2019-08-04T12:41:04Z,c633a260ce59bad4e1ca42f12936ed8ae57a40f5e6528dfb70052c43,60.16897,24.95222,00000000aa852af1,7.05
2196,2019-08-04T12:41:04Z,c728eaa7734efeabe7f33c782081caa960fcced68160e285ee477916,60.14699,24.922,00000000a53ed894,9.92
2197,2019-08-04T12:41:04Z,c7416c039513e3156222d936c483164a0914a3b5a5310985374f4767,60.17065,24.93641,000000000f4919c9,17.4
2198,2019-08-04T12:41:04Z,c905a50dedd9b3d2114cde9160b7adf83adc09683b65598ce24c4047,60.1538,24.95595,0000000038bf9618,17.4
2199,2019-08-04T12:41:04Z,c9955664a0945034b3937cfbb4ea68433bede99570911d6c5808bf71,60.149,24.9843,00000000fffb8cf0,20.28
2200,2019-08-04T12:41:04Z,cad80f69731ad65f7f14bf400d674e0c42de462bd42db112c9d9f261,60.16075,24.95883,00000000f1124bca,25.36
2201,2019-08-04T12:41:04Z,cbd334d06c16786ddc543b71b34da6278d203ac72606f0f9275e0936,60.16829,24.94214,00000000afef4555,11.7
2202,2019-08-04T12:41:04Z,cc2cf42c6b14536fb92c810ff0e3dd5a3caa74236f14246a5b6e8cdc,60.16762,24.95415,000000006b44cce7,5.91
2203,2019-08-04T12:41:04Z,cce6b6f309e43e2bb1be6a9784582a82891e976d0869d01040586d27,60.14947,24.91438,000000004ef3150d,6.46
2204,2019-08-04T12:41:04Z,cd3e127e27387b6e06cdf27f46fb6046e4182e4d7b49b49c17167c1c,60.14947,24.91438,000000004ef3150d,20.28
2205,2019-08-04T12:41:04Z,cd47b9ac851ce6b21df7b8e918554b0cb1a12d03da7e0aaf14e19314,60.14947,24.91438,000000004ef3150d,12.69
2206,2019-08-04T12:41:04Z,cd4ecd3b83630f6e5d65f635804e47a1ceb82853aac36af30044f06a,60.149,24.9843,00000000fffb8cf0,12.69
2207,2019-08-04T12:41:04Z,cd62fc5a92bd89f24a6e3d736d5511bf872859d762723b92f2092abc,60.16829,24.94214,00000000afef4555,14.89
2208,2019-08-04T12:41:04Z,cd9b2be9ffb37c8b7c5c25f587c95b1c7932a21fb245487ea2f740d9,60.14699,24.922,00000000a53ed894,12.69
2209,2019-08-04T12:41:04Z,ceb777dafa9b7e39125b89735b7f0cf22c3018eb0196043ac8160370,60.14699,24.922,00000000a53ed894,8.38
2210,2019-08-04T12:41:04Z,cec994f57adea844759ff0f233c3d3e0f92f403bc955c41ab4f67224,60.16829,24.94214,00000000afef4555,11.7
2211,2019-08-04T12:41:04Z,ced0425d382ce86b7565a8b7b36a453a0880a08ba10090524e6c1ac5,60.14699,24.922,00000000a53ed894,9.92
2212,2019-08-04T12:41:04Z,cef1d06a10cfa08bcaef8b36535c2ec32c756a76cc0d5c2a1246f933,60.14699,24.922,00000000a53ed894,16.1
2213,2019-08-04T12:41:04Z,cfa42322be0000cf89d8969d1b88ace0ba99cab721dd58d55d41a36e,60.17065,24.93641,000000000f4919c9,14.89
2214,2019-08-04T12:41:04Z,cfc2a688ff31fbb1baac8790fb6d56dc7746ba2cf9e0e5f39d4751a4,60.14699,24.922,00000000a53ed894,4.11
2215,2019-08-04T12:41:04Z,d0413da80c7714f40ffe50dcfb00039280c64ecebc61c59df72965e6,60.149,24.9843,00000000fffb8cf0,12.69
2216,2019-08-04T12:41:04Z,d0aa228c2a3e6e1568e876cffc76874702e0f0f63f18533551bf02c1,60.16075,24.95883,00000000f1124bca,27.28
2217,2019-08-04T12:41:04Z,d0cab2a2660dcc5cb99a9bdf39d2e6b31b7498985db1b50e48cb478d,60.18203,24.91341,00000000342570c2,14.89
2218,2019-08-04T12:41:04Z,d38e88e5b926f9d1de6e326cca45116fcca11f10684c80876739c6cd,60.16075,24.95883,00000000f1124bca,7.05
2219,2019-08-04T12:41:04Z,d3a37aedae39925bda7da8e4f05a61b85904a00f88e8684006c76351,60.16829,24.94214,00000000afef4555,18.79
2220,2019-08-04T12:41:04Z,d64eda229ebb6012e59bc89eacb74918e404ce52f16b491f3d48e800,60.16897,24.95222,00000000aa852af1,10.78
2221,2019-08-04T12:41:04Z,d6ecc3b600d62eb5df8a5dce23199779aa7aefc967f3a09f49c88186,60.16544,24.95398,0000000038d83d41,23.56
2222,2019-08-04T12:41:04Z,d87210146aab139cc6640a20b428dce6ac516806a71a177b70e04f62,60.17065,24.93641,000000000f4919c9,7.69
2223,2019-08-04T12:41:04Z,da667dfa2d8a272a7398e186de027fabd2052052c0aad767a1c7d966,60.16897,24.95222,00000000aa852af1,9.12
2224,2019-08-04T12:41:04Z,daac051ca20430238282e179e0fe525b11ff1e8f1ace26d45b41f331,60.14947,24.91438,000000004ef3150d,16.1
2225,2019-08-04T12:41:04Z,dc15145376f4a497910c8d2231d671bf62f1918ad93938a48fdc3eb4,60.149,24.9843,00000000fffb8cf0,7.69
2226,2019-08-04T12:41:04Z,ddc8410b9e4ece4b995b789f95e526693bac176ed77092ba57355dc8,60.16762,24.95415,000000006b44cce7,7.05
2227,2019-08-04T12:41:04Z,ddd849ee86afceedd5f5582ede84380d5596c9ea304d634ab0fd0de0,60.16829,24.94214,00000000afef4555,2.54
2228,2019-08-04T12:41:04Z,de09fd8d15c3d7adbf440a3d0a418a3b476513c968bda8a4aa652adf,60.173,24.92524,0000000096918cfa,18.79
2229,2019-08-04T12:41:04Z,de0d086ae32f87522eab31d3bc52545ed17b065889674963c0709568,60.16829,24.94214,00000000afef4555,10.78
2230,2019-08-04T12:41:04Z,de84f754a3916c8f831b0bb8ea41fc2a42cdea2794558fece3c7ae97,60.1538,24.95595,0000000038bf9618,17.4
2231,2019-08-04T12:41:04Z,e0df847c19b463dec6cea35494d375ce136a276c6a785936c931f60f,60.18203,24.91341,00000000342570c2,16.1
2232,2019-08-04T12:41:04Z,e1a443e10353da64728464e8a720aaf22a62b80d404f1acae1a1c6ee,60.1538,24.95595,0000000038bf9618,17.4
2233,2019-08-04T12:41:04Z,e23a6115ba872037f9b5066c9c9c966b497f449e32a2c9ceb0e55497,60.16829,24.94214,00000000afef4555,6.46
2234,2019-08-04T12:41:04Z,e34bcebfa007159f3d2adb0e62e20fcf721a221f52bdfe2a6ad77831,60.18203,24.91341,00000000342570c2,11.7
2235,2019-08-04T12:41:04Z,e35717ff07f32be5a2e1520f1855533f8dcc72cff7930c9cba9da32b,60.14947,24.91438,000000004ef3150d,4.94
2236,2019-08-04T12:41:04Z,e3c03ee00a1bcd066f8b260cc5b9824d1118b7b7f972a818752aabc7,60.14947,24.91438,000000004ef3150d,2.8
2237,2019-08-04T12:41:04Z,e40a26f3f7468f4ac2302b45f1ed9aab7fea245ccf81d0c08072c881,60.16829,24.94214,00000000afef4555,12.69
2238,2019-08-04T12:41:04Z,e52d3c472cea2a2526e08e788d0ec316e9bfa1833f1d5121ceaa34eb,60.14699,24.922,00000000a53ed894,12.69
2239,2019-08-04T12:41:04Z,e6f4e3d1f5e01888556b077224cb4d8f88d63306fff2388e3fd997d0,60.14951,24.92138,0000000006dd41f6,21.87
2240,2019-08-04T12:41:04Z,e6f7965f2ef456f61121bcce5e466f125192e511c2af72d901307e8e,60.16762,24.95415,000000006b44cce7,10.78
2241,2019-08-04T12:41:04Z,e7cd5f775c7eea951719f351fcc25c710f857832d6f4b70a51b7b82d,60.16897,24.95222,00000000aa852af1,16.1
2242,2019-08-04T12:41:04Z,e826dedac8582e619ce18cd7eed68be5ee1fc9ed37e191e06f916835,60.14947,24.91438,000000004ef3150d,4.94
2243,2019-08-04T12:41:04Z,e8edad8445fc4965a5c0eae45906480d83b15e61fc6139c7bdea1e33,60.14699,24.922,00000000a53ed894,10.78
2244,2019-08-04T12:41:04Z,e9115410fa45db5a174eee008cae729dc69937a0e0b5a304899bf1b9,60.17065,24.93641,000000000f4919c9,20.28
2245,2019-08-04T12:41:04Z,e92eb020afcd7c1fad04690230ff8c2f005e404dd25b8dced1df30dd,60.16075,24.95883,00000000f1124bca,4.94
2246,2019-08-04T12:41:04Z,e9e19621fc5cfcfed2c808bbadc6cc6dd31e28d3c04cef8b89ca2729,60.16075,24.95883,00000000f1124bca,7.69
2247,2019-08-04T12:41:04Z,ea157e44ed100be3f782d8b3d8e5e0986079c588c9ea754b14917df0,60.16829,24.94214,00000000afef4555,16.1
2248,2019-08-04T12:41:04Z,ea2f4d9799324f4cd2a6fcda1625b65acdbab9f6b8331c26f63beec2,60.16897,24.95222,00000000aa852af1,18.79
2249,2019-08-04T12:41:04Z,eaa9924da1e700147607d5145e2b55b48b65deea922ee2e59bd1d5a7,60.173,24.92524,0000000096918cfa,17.4
2250,2019-08-04T12:41:04Z,eac6fda3a18aa9ce55b6359f5c62a044e0bcd6bc3576c8cd815acf07,60.14699,24.922,00000000a53ed894,12.69
2251,2019-08-04T12:41:04Z,ec350e26364cb676c4cdb72647f039c31e27c775e7bb8973223e5d9b,60.14947,24.91438,000000004ef3150d,7.05
2252,2019-08-04T12:41:04Z,ec424a10bcefb6e69c2eabf42534f06e7a10aa0cfb28f6478052cade,60.14699,24.922,00000000a53ed894,9.92
2253,2019-08-04T12:41:04Z,ef352dcaa8317b6a3c0a02cd8908dd13da5601cc66ba65c5fd8d031a,60.14947,24.91438,000000004ef3150d,10.78
2254,2019-08-04T12:41:04Z,ef77b04fc57a9781bf581172358ba74cf41e0b2a6ecc8090f99810bf,60.14699,24.922,00000000a53ed894,7.05
2255,2019-08-04T12:41:04Z,efe8b6c6fdf0d2caccd589aaaa4f0228a80590ff9ec7961f2e92103d,60.16762,24.95415,000000006b44cce7,4.11
2256,2019-08-04T12:41:04Z,eff99f303ba37ed36542008434b2d20e50155593bb9fc7bc1dcc4bf3,60.16075,24.95883,00000000f1124bca,6.46
2257,2019-08-04T12:41:04Z,f00fb569fe1448dccb8e92e24b081a3164b59eb117131800780c70a9,60.14699,24.922,00000000a53ed894,14.89
2258,2019-08-04T12:41:04Z,f062cb52d49926a4fb39f723275ed60ab6c0f3bf34e0c3f9d233b7b8,60.14947,24.91438,000000004ef3150d,3.74
2259,2019-08-04T12:41:04Z,f1eb1b22a5e01064a1829b325d256218c68bc9134f03a3f09f3e2566,60.16829,24.94214,00000000afef4555,12.69
2260,2019-08-04T12:41:04Z,f20f951802c722181f0e90095001c49e73f84049bb105b95c97049d1,60.17918,24.95141,00000000675d5200,23.56
2261,2019-08-04T12:41:04Z,f39827c3c7f4c833d1118043492f78e3255b6da9f4a2c000041d9b61,60.16829,24.94214,00000000afef4555,13.75
2262,2019-08-04T12:41:04Z,f3ec2366b51157150674e5ab6293bdb19e0b30ca4296fee4c97b811c,60.14699,24.922,00000000a53ed894,10.78
2263,2019-08-04T12:41:04Z,f5f7cfe177dfb0b7ebba2419ae53f70b6b5690dd98d98586004a9107,60.149,24.9843,00000000fffb8cf0,9.12
2264,2019-08-04T12:41:04Z,f796c9efc581b25280d4b416f8ba3aecca6ddf083e7bdad05f6e595e,60.14699,24.922,00000000a53ed894,11.7
2265,2019-08-04T12:41:04Z,f7f0caf73572bea3c08b592eeb9655b2668cfb16fd8840ca5619d84a,60.14699,24.922,00000000a53ed894,1.25
2266,2019-08-04T12:41:04Z,f9f454563bb2c7fd9944c5f164bf6c5fad98bb698039934d4d8b54dd,60.16897,24.95222,00000000aa852af1,31.5
2267,2019-08-04T12:41:04Z,fc618d570293e104f3bf927312641e3b7c65acce185b1614337d848c,60.16829,24.94214,00000000afef4555,20.28
2268,2019-08-04T12:41:04Z,fd77161cf9715d9d0f922cf45e79e5d9b9debef5113cb32a4f82ef76,60.16762,24.95415,000000006b44cce7,9.92
2269,2019-08-04T12:41:04Z,fe5ca86c906b1cb3bf9dd257ceefc562e41da499878f1074484f7d42,60.14947,24.91438,000000004ef3150d,11.7
2270,2019-08-04T12:41:04Z,fe694a484edd6d458a9dd6ab1b972c47170c8d32ebc0a87317ddc660,60.18203,24.91341,00000000342570c2,8.38
2271,2019-08-04T12:41:04Z,feb399897846bc34dc3f4b06ac4ef0ffb0db885977b88e5c5fdb7350,60.14699,24.922,00000000a53ed894,7.69
2272,2019-08-04T12:41:04Z,ff4f3e0f964f23b97e88626f7a506bb4409718931712c58ce0f247af,60.16762,24.95415,000000006b44cce7,9.12
2273,2019-08-04T12:41:04Z,ff8280896145ae17e594c52eac2cdbab47d3757d797878fbc4298596,60.1538,24.95595,0000000038bf9618,17.4
2274,2019-08-04T12:41:04Z,fffd5b230c7cb628fdbf354d7c0a9861536b93aa31e2282b10c020d1,60.14699,24.922,00000000a53ed894,20.28
2275,2019-08-04T12:41:05Z,002609eccfa6482109fb43966e0153bf6f371425cf715e49925348dd,60.14699,24.922,00000000a53ed894,13.75
2276,2019-08-04T12:41:05Z,07d86ad98399440d0cc3bd3382a7256feb971e49a3686dc17f532e1c,60.16829,24.94214,00000000afef4555,13.75
2277,2019-08-04T12:41:05Z,112c36ba789fa57e2b19c9bff8bfe0b3eba19a431c3af4656c4cee5b,60.16531,24.9442,00000000fdda10fe,41.64
2278,2019-08-04T12:41:05Z,14c7e1511b70f4dd3359cbece1377aebb4d70531f5489eefe53d7c3c,60.16544,24.95398,0000000038d83d41,25.36
2279,2019-08-04T12:41:05Z,1599d2c9070a6f05e1a5887c2d9209214c04818c6203fe75440734f2,60.1538,24.95595,0000000038bf9618,25.36
2280,2019-08-04T12:41:05Z,165ebbb4090d47319ae370f0d0854fdc1f6b79499f8b2e4d3c3533c0,60.16544,24.95398,0000000038d83d41,23.56
2281,2019-08-04T12:41:05Z,16c994bb2e24124a910c247376d16e980a65626a94c4c0aaab27df60,60.16829,24.94214,00000000afef4555,27.28
2282,2019-08-04T12:41:05Z,1e7ea410376fbdb3f3c476c76d23abad5d830690f78f71ea06f7e321,60.16075,24.95883,00000000f1124bca,9.12
2283,2019-08-04T12:41:05Z,211f6b7b044343d0be369791b3fa3c144d0d0f391e2a42787712efb0,60.16448,24.97323,0000000053c6c2be,12.69
2284,2019-08-04T12:41:05Z,25a7ff811c3c06e426c7c2cbb0433d9a2a3399b23afecbd35584ab0f,60.18203,24.91341,00000000342570c2,9.92
2285,2019-08-04T12:41:05Z,2d3d031189abfaea69cd551a97b2b2d056a908f19bc56701010a2304,60.16897,24.95222,00000000aa852af1,16.1
2286,2019-08-04T12:41:05Z,315af4a829b592ba99b203b8ed2cbd499769f8752dfe6de7da4ee929,60.16829,24.94214,00000000afef4555,13.75
2287,2019-08-04T12:41:05Z,3944bc7a301be7241d1f7bc4a97f221000d535ce3d8a9af9af9b23b5,60.16531,24.9442,00000000fdda10fe,36.27
2288,2019-08-04T12:41:05Z,3a93902ba6b635489cd6f55b08d93e6fe7a5bc0a86a0b490a88f6d1b,60.16075,24.95883,00000000f1124bca,18.79
2289,2019-08-04T12:41:05Z,3fe5f4ccfa5c777ceafda0674d7c9da6f509f6694b4c2fa254b32e73,60.16897,24.95222,00000000aa852af1,31.5
2290,2019-08-04T12:41:05Z,3fe84a5a1e657df8910685df3a8cf779a6ebc3362fbc8e578f235ee4,60.15432,24.9211,0000000019fb59c4,5.91
2291,2019-08-04T12:41:05Z,428200653016fc7ce0316a6f02da87407a8a5829ee83a7d3087b9b80,60.16897,24.95222,00000000aa852af1,27.28
2292,2019-08-04T12:41:05Z,4317f5904a5e6ae921bf743dd534c803083fd90b15a1245881beeade,60.16897,24.95222,00000000aa852af1,23.56
2293,2019-08-04T12:41:05Z,44d0b94469070803869f229601e877beb613c3f5aafa009addf97a1a,60.16544,24.95398,0000000038d83d41,14.89
2294,2019-08-04T12:41:05Z,4656bad9b5e6dfc3977eca308fc1db3dbf8b0204b90d09b001da242e,60.1638,24.96846,00000000d747f075,33.81
2295,2019-08-04T12:41:05Z,4a1efc9faf9548fe0ed72037d54a131265a72e61fdfc2009a4e9408a,60.16075,24.95883,00000000f1124bca,21.87
2296,2019-08-04T12:41:05Z,5bbb5184fded3e51bc78e45e39917794285e6bbc72da404802a9599a,60.16531,24.9442,00000000fdda10fe,25.36
2297,2019-08-04T12:41:05Z,5d65719c4cbf045f068d084b72302f447d5fd034413d97d13be00d0e,60.18203,24.91341,00000000342570c2,18.79
2298,2019-08-04T12:41:05Z,5eed115a984d490b02b602d73787aee8dc8c4e9365b77fbff3818a76,60.16629,24.95957,00000000fb7600be,27.28
2299,2019-08-04T12:41:05Z,6066632ddc94b5c482a2d4f45ed2532e55e3fd63e414a084a596a737,60.16762,24.95415,000000006b44cce7,21.87
2300,2019-08-04T12:41:05Z,69219e9efa41ae9e732653e9eaf08e1a34cb853a9dafe76ddeea4d04,60.16897,24.95222,00000000aa852af1,23.56
2301,2019-08-04T12:41:05Z,6a70e2fbced719333e21eff04fcb9cb36bae9a04d1a3d6ddd96f2c58,60.15432,24.9211,0000000019fb59c4,9.12
2302,2019-08-04T12:41:05Z,6dd7925f0fe9094387fd96ccd3617e2b98201f1cbe16909ac4937036,60.16829,24.94214,00000000afef4555,17.4
2303,2019-08-04T12:41:05Z,6f06341f358e61699fe1e55e986dd0554bc8da28b91daf0c5ad99db6,60.16629,24.95957,00000000fb7600be,21.87
2304,2019-08-04T12:41:05Z,70d8572458a1a103555bab897b6443e601e0ed211414b15ad0b56f60,60.16544,24.95398,0000000038d83d41,23.56
2305,2019-08-04T12:41:05Z,747f2d1ebff218c0ebbdc0fdaef4cbe56633dfb46ae1b1f8c8142201,60.16762,24.95415,000000006b44cce7,20.28
2306,2019-08-04T12:41:05Z,7678cdb86d454ca9ae52f22d97e635106585a3a046d01da4463695cc,60.18203,24.91341,00000000342570c2,18.79
2307,2019-08-04T12:41:05Z,8468db43b6df433cf4f806fa750ab4ec625503fd4b89d96b5b6f1b1c,60.16075,24.95883,00000000f1124bca,7.05
2308,2019-08-04T12:41:05Z,85ef35aecf2ff804be3d958b592705ec41c6df9c128c132c65bb283d,60.16897,24.95222,00000000aa852af1,18.79
2309,2019-08-04T12:41:05Z,87dfaad29a9276ddddb1fa021d3bc23ad14824c1af16f7d87e713689,60.14951,24.92138,0000000006dd41f6,12.69
2310,2019-08-04T12:41:05Z,88808fe92573e9cdf022cc15b9689b6b4b9429f60513c8897b0ba4c7,60.16897,24.95222,00000000aa852af1,16.1
2311,2019-08-04T12:41:05Z,89982a6acf91b79a282a6b63978e946ee205f303fcd20e944e06baf0,60.16544,24.95398,0000000038d83d41,17.4
2312,2019-08-04T12:41:05Z,8c3b1ed0846e38cc84b863a80540c8a75bfd85c8bdda36563d153110,60.16544,24.95398,0000000038d83d41,27.28
2313,2019-08-04T12:41:05Z,9843c6216661048343a0e49cf3d8aa2883cf77f452666a1c873a1052,60.16448,24.97323,0000000053c6c2be,12.69
2314,2019-08-04T12:41:05Z,9bc8068948a5b881e1bded553efe012fe129e3e4df62f64a6724917e,60.16829,24.94214,00000000afef4555,23.56
2315,2019-08-04T12:41:05Z,a91d379a4b57c5df22db0d7a041ff69f657b4b31f28554b1011fc03c,60.16544,24.95398,0000000038d83d41,29.32
2316,2019-08-04T12:41:05Z,af807b67ce09a2ce1744025c421961213f1608ca658ece4df69555a1,60.16762,24.95415,000000006b44cce7,14.89
2317,2019-08-04T12:41:05Z,b5fd6b317890e5ab2d79e2cd1abe61626d45a753c7337d0d40728898,60.16762,24.95415,000000006b44cce7,9.12
2318,2019-08-04T12:41:05Z,bca443064699e0ac05c40e587aef06d7fd580817e739133a501490bc,60.14699,24.922,00000000a53ed894,29.32
2319,2019-08-04T12:41:05Z,bcb0201b0a1edf350ae2f681076e7d2d48ebd94c075bd3ca59552020,60.16897,24.95222,00000000aa852af1,18.79
2320,2019-08-04T12:41:05Z,be41ebc5fb0d348fc1ef1166d44251c3112a78a4ea01aa980364ee7c,60.14699,24.922,00000000a53ed894,14.89
2321,2019-08-04T12:41:05Z,c175b4269517070a33be84e85a4b8b23c3bb430ff6c31b121ac1603f,60.16762,24.95415,000000006b44cce7,16.1
2322,2019-08-04T12:41:05Z,c97eb4181394121907d47b908495f54e5ee5145ff790f7a1dc21b3cf,60.16897,24.95222,00000000aa852af1,16.1
2323,2019-08-04T12:41:05Z,ca6927628f5ddda20036865c9345ad93d476d62ade3b181de568eed6,60.16897,24.95222,00000000aa852af1,20.28
2324,2019-08-04T12:41:05Z,ce358a51e6d8aadc92f348d84faf2751693f532bef422ca636a0e1ea,60.17065,24.93641,000000000f4919c9,16.1
2325,2019-08-04T12:41:05Z,cf05623e4d87ce0906c0b0b7dbf53aacc1228016cd27c341228b6e76,60.18203,24.91341,00000000342570c2,17.4
2326,2019-08-04T12:41:05Z,cfc0bedb78ded52749db3188cb188bf6a250ef5990da9c5afa9623fc,60.14951,24.92138,0000000006dd41f6,20.28
2327,2019-08-04T12:41:05Z,d0a50f3001c258a38880550f6c0835fcaa85f0a6d36687dc5de98f3b,60.16629,24.95957,00000000fb7600be,16.1
2328,2019-08-04T12:41:05Z,d568a92135fd8619da42f2038266f4922d5b6d48fe1c5f9490d39f30,60.14947,24.91438,000000004ef3150d,16.1
2329,2019-08-04T12:41:05Z,d661caec7a5da6aef734734bbf9090debe494c1afd98050f88f269bd,60.16829,24.94214,00000000afef4555,8.38
2330,2019-08-04T12:41:05Z,ded49640b591e73bff71f84fb99d2739eb6c9554164a015017725e03,60.16829,24.94214,00000000afef4555,21.87
2331,2019-08-04T12:41:05Z,e8e366e76c97944e23c0f80b4fd3ce6e5832744922297146a49f0c7e,60.16762,24.95415,000000006b44cce7,13.75
2332,2019-08-04T12:41:05Z,e96bd269a48b822b06141c3362fcb6d5ed4d0d09a120f2e4a712d5c2,60.16897,24.95222,00000000aa852af1,13.75
2333,2019-08-04T12:41:05Z,eee5797db5c3753514933a12e2485caee4ee5803b4d830ba1c22e5c5,60.14947,24.91438,000000004ef3150d,6.46
2334,2019-08-04T12:41:05Z,efa8e25ea4c5ed441c13cffe6302f0a18f60181c6ede8e013f75a44c,60.16829,24.94214,00000000afef4555,7.05
2335,2019-08-04T12:41:05Z,f088630d7476dae7d4b7e2bb1f10575f2c89acb4b6e061f3d57c2b40,60.16531,24.9442,00000000fdda10fe,31.5
2336,2019-08-04T12:41:05Z,f29ea15113ac0eea0be8ec41c633909de4b0b9ab6c7b9898b128080c,60.16897,24.95222,00000000aa852af1,18.79
2337,2019-08-04T12:41:05Z,f405a7c4a3a4339f8e3f7e552f6492d6eed76f7d08c54943286213de,60.16762,24.95415,000000006b44cce7,9.92
2338,2019-08-04T12:41:05Z,f94dddacf96965952551200a02b41925bcd21402aceafb12f19931af,60.16075,24.95883,00000000f1124bca,17.4
2339,2019-08-04T12:41:05Z,fc4f3a44235f1cfc7b53f14ba2da599976a5a0a220d23b852688e485,60.17919,24.95181,000000007b5207b6,18.79
2340,2019-08-04T12:41:05Z,00a07b1f8113691d8475c54082a14cdd54decf9845a90e75df8031a6,60.17065,24.93641,000000000f4919c9,21.87
2341,2019-08-04T12:41:05Z,00b07030d00cc5582c0f1be7d73fb09e34f4018445ce11d9da8da813,60.16762,24.95415,000000006b44cce7,16.1
2342,2019-08-04T12:41:05Z,02290ce195d0c1a6f6c472f83372d8b189973a36922259ef2b595ec6,60.16829,24.94214,00000000afef4555,20.28
2343,2019-08-04T12:41:05Z,02978cd5cb7127a718d3d775079ab940a3e81885ce6106495cca5ee4,60.1538,24.95595,0000000038bf9618,27.28
2344,2019-08-04T12:41:05Z,0479a26a59d65bf1dee05c06f4227a0ba63a6e9c9a09e7c34f2e06b4,60.14699,24.922,00000000a53ed894,9.12
2345,2019-08-04T12:41:05Z,04f35922a81b516e7028f61c6ff34faf6da85df0a5cfcefb6df1861f,60.149,24.9843,00000000fffb8cf0,18.79
2346,2019-08-04T12:41:05Z,05d441c83d2df822feaf93d7861452db7a201f22d84cfa36f421dfd2,60.16544,24.95398,0000000038d83d41,18.79
2347,2019-08-04T12:41:05Z,0638ed176f2a4b17c11bae92240575c9305f4bc21592a476b3106be4,60.16762,24.95415,000000006b44cce7,11.7
2348,2019-08-04T12:41:05Z,08171a3d6565fe801fb5288c1100877c6835f5c3c9039afaebfa1cf1,60.149,24.9843,00000000fffb8cf0,27.28
2349,2019-08-04T12:41:05Z,0851ab74be2e888decf0046825f09ed302f7b2275e72b09b5b713d85,60.16829,24.94214,00000000afef4555,9.92
2350,2019-08-04T12:41:05Z,0947f9d6bb6c34e382e008052b704b6521ac4f7678a2e8a719bb574b,60.15432,24.9211,0000000019fb59c4,20.28
2351,2019-08-04T12:41:05Z,0a0acb70a8ef92be52a64d4425e70bb2f7a17d13942c3382c9d68878,60.149,24.9843,00000000fffb8cf0,2.08
2352,2019-08-04T12:41:05Z,0a5ed50daf13dd10744537aa851ac7ab1d34d9797ec6ab6e2402aebb,60.16762,24.95415,000000006b44cce7,14.89
2353,2019-08-04T12:41:05Z,0a862920946d7a0dcbee7c1cf28a7b77c57763261788dbd361ed6409,60.14699,24.922,00000000a53ed894,13.75
2354,2019-08-04T12:41:05Z,0a8eb41acf097f79d7e145d7a002bbaa9f5017b44076ad66b2dbe053,60.16762,24.95415,000000006b44cce7,21.87
2355,2019-08-04T12:41:05Z,0aabf0df4c3c5b45bb8950c92dbe624985f19e8650ed61f92571a65a,60.14699,24.922,00000000a53ed894,5.41
2356,2019-08-04T12:41:05Z,0acb4bd7319729fea4acf035921d1136d86a307a60b4444669cede1a,60.14699,24.922,00000000a53ed894,16.1
2357,2019-08-04T12:41:05Z,0b0dd9af9d52c68ff71ce266d6707abbb0f56c3c63be0f83f7b5df9b,60.16762,24.95415,000000006b44cce7,7.05
2358,2019-08-04T12:41:05Z,0bff251f683fe3bcebc305ef3e1bc5aef303d51c6a9bb0fb62b7d9c7,60.18203,24.91341,00000000342570c2,23.56
2359,2019-08-04T12:41:05Z,0d3525b13d674f1645fdbe6d842fe37b2f416889c5472e9dfcc5445c,60.14947,24.91438,000000004ef3150d,4.5
2360,2019-08-04T12:41:05Z,0fe681ee4c4c70c99bbacaf42e0d3c9bffc5818eb71197978a94b021,60.16762,24.95415,000000006b44cce7,4.5
2361,2019-08-04T12:41:05Z,10caaea8002e8b3b342b32710efdd7305ff375ca1cdc01411f66b2f6,60.14699,24.922,00000000a53ed894,7.69
2362,2019-08-04T12:41:05Z,119268a2b328b466959e99158efc17d07641daf2eab0785f813707f9,60.16762,24.95415,000000006b44cce7,14.89
2363,2019-08-04T12:41:05Z,11e86e782e9a7e18c01d0e60c9e85ea62294fb426a4c81b86c8bb8f8,60.17002,24.94407,000000006b087f40,21.87
2364,2019-08-04T12:41:05Z,120a63917cb5ab619bf9a71328f14020736ee84e75d5b37278748def,60.16897,24.95222,00000000aa852af1,13.75
2365,2019-08-04T12:41:05Z,1240f5fbc405049e174fb4ad534e104eeddab72ae2aec4e434e7a36c,60.16897,24.95222,00000000aa852af1,31.5
2366,2019-08-04T12:41:05Z,126ff8aee22cf123572b51282d01680aea0dac78d907b5100c430c50,60.14947,24.91438,000000004ef3150d,29.32
2367,2019-08-04T12:41:05Z,13bcedb8c59b26417282929d81844b272c7c5bc295614f531219a8e4,60.14947,24.91438,000000004ef3150d,10.78
2368,2019-08-04T12:41:05Z,13ee67fb034e3d24edc9a9618e9d6de24979ebbcb399f83abb02a897,60.14699,24.922,00000000a53ed894,9.92
2369,2019-08-04T12:41:05Z,1423891c6ee1edc7da83904378a35aef2e5797db95b117651d676934,60.16762,24.95415,000000006b44cce7,1.25
2370,2019-08-04T12:41:05Z,15ee12e5f9be00a79b0cbbc9912f51cbfa3e486624567e1bde938fb6,60.1538,24.95595,0000000038bf9618,20.28
2371,2019-08-04T12:41:05Z,161aa798c2a18e132fb27ecded773218ea4e42eabbd0e5794b1d7017,60.15432,24.9211,0000000019fb59c4,17.4
2372,2019-08-04T12:41:05Z,171a752ceacd35c6e27c36e67da80ba960a246c0977f0bdca139a472,60.14699,24.922,00000000a53ed894,13.75
2373,2019-08-04T12:41:05Z,177a542f635d8fe625eaafb58aac14346cfdcfa922d46e90f31c68aa,60.17002,24.94407,000000006b087f40,14.89
2374,2019-08-04T12:41:05Z,17af6ab252328066d6b13406084507dfa7a7f6db3030872e7f87223d,60.17065,24.93641,000000000f4919c9,27.28
2375,2019-08-04T12:41:05Z,1882b53729765cca25bc63400074242872d6fbc57882f131285b277f,60.16829,24.94214,00000000afef4555,16.1
2376,2019-08-04T12:41:05Z,194e6ced97ec114a37fe06d6d73fb687c057d411be476f1ea6f4852e,60.16897,24.95222,00000000aa852af1,21.87
2377,2019-08-04T12:41:05Z,1a93dfa31156cee53b4bd527d8b74655a5da812b6933d8a86d871e47,60.14947,24.91438,000000004ef3150d,4.94
2378,2019-08-04T12:41:05Z,1ad0b84716a79851fa8db7a993012f0c8e496d6cba9d028a546285a2,60.16897,24.95222,00000000aa852af1,18.79
2379,2019-08-04T12:41:05Z,1b3fba902b8d1538b508cdc228fd15fdd87f5aecb68e5611b1a4e354,60.16762,24.95415,000000006b44cce7,2.8
2380,2019-08-04T12:41:05Z,1bcef866fafad7c7460a084e0b0d27c087b549f4ae704390708be47e,60.149,24.9843,00000000fffb8cf0,8.38
2381,2019-08-04T12:41:05Z,1c7ccd5d6570d98e57ef2ebbd716b7504b138f9bb616fbeaa0d1a268,60.14699,24.922,00000000a53ed894,4.94
2382,2019-08-04T12:41:05Z,1c97d2bebb0ebb21f9e68c4c27224b7f8d52178c0bf62341cd087e15,60.14699,24.922,00000000a53ed894,17.4
2383,2019-08-04T12:41:05Z,1dacfb371d75dd4f90f447aac2a00faad98beb4188a6971c19eb2375,60.16629,24.95957,00000000fb7600be,23.56
2384,2019-08-04T12:41:05Z,1f74037ecab4dbdc5db1a8dc8b583a86630f86a5f2d0a5167b7fa605,60.18203,24.91341,00000000342570c2,20.28
2385,2019-08-04T12:41:05Z,1faaaeff6423708e06d94b904af4be93e399939fbdfd3b3091dc8bd2,60.15432,24.9211,0000000019fb59c4,13.75
2386,2019-08-04T12:41:05Z,203a0c145a43c9a18f8c2a5ba4e18882e7430662bb4ac0e56ab37578,60.17065,24.93641,000000000f4919c9,9.12
2387,2019-08-04T12:41:05Z,20ac7b2ace7c0038aa8df01b9281a9c54f1551fc8ab9b662b1f1ca22,60.18203,24.91341,00000000342570c2,20.28
2388,2019-08-04T12:41:05Z,21b55c3dfd455543844687d0e016d83dbfa9008e83688521d8163980,60.1538,24.95595,0000000038bf9618,41.64
2389,2019-08-04T12:41:05Z,21bdc11bb63fb48c9d4b5308540ee5df579c9a385001a10fceeeedf3,60.14699,24.922,00000000a53ed894,14.89
2390,2019-08-04T12:41:05Z,21eed3ade733687b8f56fade8290819b7c6b4a9f38468979fe692c3e,60.16762,24.95415,000000006b44cce7,7.69
2391,2019-08-04T12:41:05Z,2204ba387d2db0e7d2ca03f7ace46abff8d141668b73c75a1879d7ba,60.14947,24.91438,000000004ef3150d,3.09
2392,2019-08-04T12:41:05Z,2271cbccbcce28d3d0757d9a964f67df1a523b81d97355dc543dd848,60.16897,24.95222,00000000aa852af1,23.56
2393,2019-08-04T12:41:05Z,22fe9a06fba1036e8eafd726bc450095b1893be067f475e1882bb704,60.14699,24.922,00000000a53ed894,6.46
2394,2019-08-04T12:41:05Z,231026899a6d5b326cb5b1e38b182ca1acb77c7e27bc2378973b29db,60.16629,24.95957,00000000fb7600be,11.7
2395,2019-08-04T12:41:05Z,23337c2812924a07e4f0bbc92e56d1f85ea40208b6b987f4afc686cf,60.16897,24.95222,00000000aa852af1,20.28
2396,2019-08-04T12:41:05Z,250f7cf6c6d1296e84c45fb8621a0704eb5243471980b5187dc40cdd,60.14699,24.922,00000000a53ed894,16.1
2397,2019-08-04T12:41:05Z,2607d1b2fc6e31a80348fffbed68a7d3a8e0212f197f2d1c573c587b,60.14947,24.91438,000000004ef3150d,7.69
2398,2019-08-04T12:41:05Z,267b66cc2e81a226d253a8f3228a4b45e1fabb634bba60fd0cc21a8d,60.14699,24.922,00000000a53ed894,16.1
2399,2019-08-04T12:41:05Z,27d4452dcae7c8e389fc21669cb3ccaedac87d45d4b1a50131c939e4,60.16762,24.95415,000000006b44cce7,10.78
2400,2019-08-04T12:41:05Z,28b43564f7156b67db7cb7b779e948986d7610f921490f9030379704,60.16897,24.95222,00000000aa852af1,12.69
2401,2019-08-04T12:41:05Z,28d2c3282e9f8fec67baec7992dcd800c45b67071e33cb118905a6b3,60.16829,24.94214,00000000afef4555,9.12
2402,2019-08-04T12:41:05Z,2b9b246647a57878b7a18e94ce4a9117d0c595020ff1b8fa27988756,60.16897,24.95222,00000000aa852af1,27.28
2403,2019-08-04T12:41:05Z,2e86f9a432e00fa6ff5b8744ffecbe22a02b4316779bc8b4078af2e2,60.149,24.9843,00000000fffb8cf0,18.79
2404,2019-08-04T12:41:05Z,2ee2e108ed9051b1ccf4d3ee89931dfd53170af0b558fa6579b83e8d,60.15432,24.9211,0000000019fb59c4,21.87
2405,2019-08-04T12:41:05Z,2fb7fccd391d578e735c66386708a35e4aa1a565b6dac8392a06aa4f,60.17065,24.93641,000000000f4919c9,25.36
2406,2019-08-04T12:41:05Z,2ff487dabdafef45d633bd5239b8f21bc2f5fa019150a45f204eb8be,60.149,24.9843,00000000fffb8cf0,33.81
2407,2019-08-04T12:41:05Z,32708990f2c831e65f70f2682baf5188fc93348b9a9e78ada8db2bf4,60.14947,24.91438,000000004ef3150d,10.78
2408,2019-08-04T12:41:05Z,33634cb1e3fc5d4a621e8717d203da8533ed27531a70c6cbe3abf3fa,60.16762,24.95415,000000006b44cce7,3.4
2409,2019-08-04T12:41:05Z,33ec502792a84f23fed03cf16e483d153c65e2850a2549f47034726a,60.16762,24.95415,000000006b44cce7,5.91
2410,2019-08-04T12:41:05Z,349dd839e41cff363cc4b935496e52b93be15233e508aa82987859bd,60.16075,24.95883,00000000f1124bca,21.87
2411,2019-08-04T12:41:05Z,35502547e06ee42a683582ce5b803d594fd683773fb80142e128be38,60.16762,24.95415,000000006b44cce7,25.36
2412,2019-08-04T12:41:05Z,358d7986d5bf2a0624fb1412a157b3c7b12f90653457e15a76bbdf50,60.16629,24.95957,00000000fb7600be,23.56
2413,2019-08-04T12:41:05Z,35a958343879c000cfc3f0c01afbc7d54934265828677bf4aefef84f,60.14699,24.922,00000000a53ed894,5.41
2414,2019-08-04T12:41:05Z,35e6e075578d7a51e510bf8904bde33f1d117264eea0917db98d4808,60.16897,24.95222,00000000aa852af1,12.69
2415,2019-08-04T12:41:05Z,37945fa4e7409fab98aa8bde45081f5bd083def0059485274ad552c0,60.17919,24.95181,000000007b5207b6,10.78
2416,2019-08-04T12:41:05Z,39310ebca1ad756aa2bfcb16c912cb7003ef3e7286a1f037603ade61,60.14699,24.922,00000000a53ed894,4.94
2417,2019-08-04T12:41:05Z,39f03a3a5fd777feee270921a7f51daec12ea679b542b0aaf2e808d7,60.149,24.9843,00000000fffb8cf0,9.12
2418,2019-08-04T12:41:05Z,3a6ce73ea4c03a14fc0d3d099e4698d3c1051a2e8e4bd552d5de394d,60.14947,24.91438,000000004ef3150d,12.69
2419,2019-08-04T12:41:05Z,3abc507346480858d62b69d6e29c3b0700ac193520668e17a4ce7cbb,60.16762,24.95415,000000006b44cce7,18.79
2420,2019-08-04T12:41:05Z,3b73bf57d223bcb9b930ee8619e6603e52485b221389c64d85614baf,60.16897,24.95222,00000000aa852af1,16.1
2421,2019-08-04T12:41:05Z,3be48824225ca9f2aea5653f6ce21181a76e67a8d4b8361f0cba1f8a,60.14947,24.91438,000000004ef3150d,3.74
2422,2019-08-04T12:41:05Z,3e4965f1ed580ddf80246b1b78cbc55b73c11d67573d9cede2a7ccf7,60.16829,24.94214,00000000afef4555,18.79
2423,2019-08-04T12:41:05Z,3e51a6a20330a5ca5af145bab345165eb5f0fcce86d087af4088df64,60.15133,24.92329,00000000e8a064a4,29.32
2424,2019-08-04T12:41:05Z,3e99999f43f3bd9e105e735eeb92531a4301e7f258c90535acfba9ae,60.16531,24.9442,00000000fdda10fe,23.56
2425,2019-08-04T12:41:05Z,3ea5c91c32a318cb798767914dd025c2791a8c19e81c10c22f649247,60.18203,24.91341,00000000342570c2,14.89
2426,2019-08-04T12:41:05Z,3f395809cdaaaa1688c7d1cc770079bbf7ef1349e148bec5c8eacd57,60.16762,24.95415,000000006b44cce7,8.38
2427,2019-08-04T12:41:05Z,3ffe89aa6ab1e57883e21fa8f15969f46a5f487bccb2b993eadb3cfb,60.14699,24.922,00000000a53ed894,7.69
2428,2019-08-04T12:41:05Z,4157eed3f2574f5f9b1f7c3ccc1c36e181e82585ec5d491a1aedc6c9,60.16762,24.95415,000000006b44cce7,13.75
2429,2019-08-04T12:41:05Z,42052b48fa907a3f9ad0a511096b057331f7a11a1be046a63fb9629e,60.14699,24.922,00000000a53ed894,13.75
2430,2019-08-04T12:41:05Z,42168beaa0acd47be6bf8e4209edb348c9d27b18517c7420d454a24f,60.17065,24.93641,000000000f4919c9,20.28
2431,2019-08-04T12:41:05Z,429363aca20efd1e564b3ac367b9eb4702cce1afbe6a22dccb543a7f,60.16075,24.95883,00000000f1124bca,23.56
2432,2019-08-04T12:41:05Z,42da4298ed9f522421f17714e024d9b8fe22e7546df3deeb8b139bd3,60.16075,24.95883,00000000f1124bca,4.5
2433,2019-08-04T12:41:05Z,447f951c07ece4b9f8a41fed54b5911f4f8033b69f5a62bfd0cf1d97,60.14699,24.922,00000000a53ed894,14.89
2434,2019-08-04T12:41:05Z,4547b56ce014395d163caf1a3f507d3d9b01b3d64d2fd0b0914f67b8,60.18203,24.91341,00000000342570c2,21.87
2435,2019-08-04T12:41:05Z,457d11209b95b153efb57d8f2641f2db0823e91a0d608fa0555a5b69,60.14699,24.922,00000000a53ed894,5.91
2436,2019-08-04T12:41:05Z,4602ff9d03f6bf4fbb82976098cc1c73e7a7e754050401c772d1406e,60.14947,24.91438,000000004ef3150d,7.05
2437,2019-08-04T12:41:05Z,467a01a257fbaad22bd4aebafc8f284c9ad3effc429475e57c214e9d,60.14699,24.922,00000000a53ed894,16.1
2438,2019-08-04T12:41:05Z,47cde44e4ddbf6c70162fa882eee962e7c3e2a037b650294ec46568f,60.14947,24.91438,000000004ef3150d,7.05
2439,2019-08-04T12:41:05Z,48d0a198e7445da9f7df3cb2cedef7dc861fe850deff789f6ad61d36,60.14947,24.91438,000000004ef3150d,8.38
2440,2019-08-04T12:41:05Z,48f665ebb1a71b0d84fc02bd71918c5ab5608328db534639cbd2a255,60.14947,24.91438,000000004ef3150d,4.5
2441,2019-08-04T12:41:05Z,4926fec57d2640e18cb9d46deb64eba0255ca71b93116f4ae21e4288,60.16829,24.94214,00000000afef4555,11.7
2442,2019-08-04T12:41:05Z,4a3d577d3ee3d826cbea528f3687f4006a366f46438733731c24ccb5,60.14699,24.922,00000000a53ed894,16.1
2443,2019-08-04T12:41:05Z,4a565a7be2bb822523480c6ca86154a466bf189290f87a0ef118f8b7,60.149,24.9843,00000000fffb8cf0,27.28
2444,2019-08-04T12:41:05Z,4b1050cc517631e36206d3528399c0b14748daec8c7d1b5dfa412299,60.15432,24.9211,0000000019fb59c4,4.94
2445,2019-08-04T12:41:05Z,4b85388cdaec2b4c15b546160ee326d9668a5e5d3c7b08d0c539946e,60.17918,24.95141,00000000675d5200,17.4
2446,2019-08-04T12:41:05Z,4be50f3eb033f3f46e3069049c8e0a34dc8a2607741c1764369ba4c2,60.16762,24.95415,000000006b44cce7,7.05
2447,2019-08-04T12:41:05Z,4cadc8cc23fd84febb6a8383030a34c97b3388a8c9ed7a64cc0f51a6,60.14947,24.91438,000000004ef3150d,12.69
2448,2019-08-04T12:41:05Z,4d4115f2971578ddc2428be944e2954c9e9a5472a818ec1805a022b2,60.149,24.9843,00000000fffb8cf0,23.56
2449,2019-08-04T12:41:05Z,4f387b8eb5373361960a83c899f3753098c010a7b841c2bd861bfc91,60.16629,24.95957,00000000fb7600be,27.28
2450,2019-08-04T12:41:05Z,4f4940c5c77737c5b8f2fbd5a1b65886ea5f6e0e4fcd50447e11ce21,60.16075,24.95883,00000000f1124bca,11.7
2451,2019-08-04T12:41:05Z,514a3981fad6c695ac4940f09374b5d1c2e84d2ca835084ef8707714,60.16075,24.95883,00000000f1124bca,4.5
2452,2019-08-04T12:41:05Z,51b3c7870a399165f0d1d14f7d21688df32b0360f9cc6f3ca61890d8,60.16829,24.94214,00000000afef4555,14.89
2453,2019-08-04T12:41:05Z,52072bd384eaaf4a6958af5510ed039d194dee47f34667bc7bccbe0e,60.14699,24.922,00000000a53ed894,9.12
2454,2019-08-04T12:41:05Z,5263c8fd413ee308494f18228802330e278acc648b425bb454951db5,60.16075,24.95883,00000000f1124bca,2.3
2455,2019-08-04T12:41:05Z,5274280f7558ea562d9ce825000efc025d2de6b91c62614cb68df2b1,60.14947,24.91438,000000004ef3150d,13.75
2456,2019-08-04T12:41:05Z,53f1f84f2f1f0ea7eb59dd269d86fae99cc25ee089a48f249de1aaec,60.16897,24.95222,00000000aa852af1,16.1
2457,2019-08-04T12:41:05Z,5554305bad43a71cf98d83e92708c7474c1efc189392c1ea94231e9c,60.16531,24.9442,00000000fdda10fe,10.78
2458,2019-08-04T12:41:05Z,560205233dc9b13886248fb6e54ee21dc3b287080072641e01e08dac,60.16075,24.95883,00000000f1124bca,29.32
2459,2019-08-04T12:41:05Z,56b8eace741e5227a40ea0a64601a737648080c63d6240b0dca632c4,60.16075,24.95883,00000000f1124bca,13.75
2460,2019-08-04T12:41:05Z,56ca4c1159970bc147ac16d2850f970c56a965ebf9df171c61af2d0e,60.16762,24.95415,000000006b44cce7,18.79
2461,2019-08-04T12:41:05Z,570dc61d53aec66ede39dfde66339640878453afc00cd1a55c60bca7,60.16544,24.95398,0000000038d83d41,20.28
2462,2019-08-04T12:41:05Z,571934189bf349efb6f596e76c21612cf9b82ed44913090169936048,60.17065,24.93641,000000000f4919c9,16.1
2463,2019-08-04T12:41:05Z,57f88614f91a133004ac1a6dea31a4090f899646a5f62ece691d87af,60.16762,24.95415,000000006b44cce7,10.78
2464,2019-08-04T12:41:05Z,583a35aa08fe45f96deb91a9f4b9317e86eddeee0d636cc11b3e2df8,60.16762,24.95415,000000006b44cce7,10.78
2465,2019-08-04T12:41:05Z,58411163d307bb308f9c94a9720e9ce5ab0ce4f5617cd2b1fcc2037a,60.16762,24.95415,000000006b44cce7,9.92
2466,2019-08-04T12:41:05Z,5b102c62b98f29bd801e4dd0e9ddbc113db3faa38d59990b9ba5e9ec,60.173,24.92524,0000000096918cfa,20.28
2467,2019-08-04T12:41:05Z,5c160268bc9b4b619181ce421d9e58c258e6b59a342945fc29f0004b,60.14947,24.91438,000000004ef3150d,5.91
2468,2019-08-04T12:41:05Z,5d70086d53447ee393249cef33c7bae814c1d7c2e3055fc91b38786c,60.17918,24.95141,00000000675d5200,13.75
2469,2019-08-04T12:41:05Z,5e53be1d47b3cceeb6ea9406c75327379c8ee8abc68da605b7758e85,60.14947,24.91438,000000004ef3150d,9.12
2470,2019-08-04T12:41:05Z,5ea49ba4de68e03664ec3a87f5de32434d7136b4f8323f022ff9df5b,60.16829,24.94214,00000000afef4555,6.46
2471,2019-08-04T12:41:05Z,60d9b71ec38b796bf876dedfaf3112b49ff79677480c7603902857ae,60.14947,24.91438,000000004ef3150d,13.75
2472,2019-08-04T12:41:05Z,614ab7fba7255f6bf6f888e9a04d589962f756b3f427e658f10014f2,60.16075,24.95883,00000000f1124bca,9.92
2473,2019-08-04T12:41:05Z,61dadc3bed7f3dda70dbe12fc6914b30c863945805046f66f43ec9a7,60.14947,24.91438,000000004ef3150d,21.87
2474,2019-08-04T12:41:05Z,62a6fe2d9b3b5b4533c51253f8842428bd797b3c6a95a7816ec472ed,60.14947,24.91438,000000004ef3150d,5.91
2475,2019-08-04T12:41:05Z,634257ded5cc6c04eb832d437b55777b10829352768dadef19d3f64c,60.15432,24.9211,0000000019fb59c4,25.36
2476,2019-08-04T12:41:05Z,63a87f20dbfd068c086129312c165b6e9b1da2ea6c999be1dd1b8391,60.16762,24.95415,000000006b44cce7,13.75
2477,2019-08-04T12:41:05Z,63defb71d4c3856253a0a2d67a5c370b91ad0527703b334a63fe5344,60.14947,24.91438,000000004ef3150d,9.92
2478,2019-08-04T12:41:05Z,641e8defb97171d160f062c4bc3e9d06346f10d5246e6aeac935e1a9,60.16897,24.95222,00000000aa852af1,21.87
2479,2019-08-04T12:41:05Z,643ef3f01a51bea3c4510d4060a945cd510e5189236d68f5c9489034,60.16829,24.94214,00000000afef4555,1.25
2480,2019-08-04T12:41:05Z,64638a9f9e6c9b32fc4b484b55e4934fcab6cb04605cc76d5f5534b7,60.17065,24.93641,000000000f4919c9,6.46
2481,2019-08-04T12:41:05Z,64d86288e491374eed34c68c82763c2e5dbc87113cf5ca44f23233ba,60.16829,24.94214,00000000afef4555,11.7
2482,2019-08-04T12:41:05Z,6503762f2cac51cc2b74da1efa6b16583ed11c9a528d7716b7829c0b,60.16829,24.94214,00000000afef4555,8.38
2483,2019-08-04T12:41:05Z,6516a10850095847a8156717b0fba05a9bdc9b5bfedd691ddb07f119,60.14699,24.922,00000000a53ed894,13.75
2484,2019-08-04T12:41:05Z,6525cc634176c25187e68e0d067bcfecfd78e399e93db4ee9d408b7e,60.17918,24.95141,00000000675d5200,20.28
2485,2019-08-04T12:41:05Z,655204cb507ea9ae811105cdcd766161facaa9f729017a333f102391,60.149,24.9843,00000000fffb8cf0,14.89
2486,2019-08-04T12:41:05Z,6688790e10cbf0805c8bdc210412ed75d7999e61029da0b7ba29458e,60.16829,24.94214,00000000afef4555,11.7
2487,2019-08-04T12:41:05Z,671eca6331679fc04b8448a517c21f4e663e597a79923ceecd8892e2,60.16897,24.95222,00000000aa852af1,31.5
2488,2019-08-04T12:41:05Z,6723bebaab92d1a9f8b4318fd4f497a6dec6d7f8e0eafca443925213,60.16075,24.95883,00000000f1124bca,12.69
2489,2019-08-04T12:41:05Z,675eacdf32b5b831fd118fc5539eea4b3cef4bd11e2e1706a9571222,60.16829,24.94214,00000000afef4555,3.74
2490,2019-08-04T12:41:05Z,6774ed72eaf69d7c4aaeeef90990f969954155bbcc52652e75e7deef,60.16829,24.94214,00000000afef4555,5.41
2491,2019-08-04T12:41:05Z,677c53ae4056d6cb123ca576ba5284664b1c7e3e88818bd19b5dd99a,60.17919,24.95181,000000007b5207b6,12.69
2492,2019-08-04T12:41:05Z,6875e3632a29207e29ded33617e66d55de5d8c7804fecedd6f1dfe12,60.14699,24.922,00000000a53ed894,4.11
2493,2019-08-04T12:41:05Z,69375ef968867906fc11b34d1e2c4b436d452cd47cb577a7f9e566ef,60.16762,24.95415,000000006b44cce7,3.4
2494,2019-08-04T12:41:05Z,6981f80baeddf7459b67845f82744390c976c013f3a4883a53556fc7,60.16762,24.95415,000000006b44cce7,13.75
2495,2019-08-04T12:41:05Z,698b200b63a644828a7314691a16af2af1bccef75d52abb5591a5542,60.14699,24.922,00000000a53ed894,23.56
2496,2019-08-04T12:41:05Z,69f1de5049f5731749defe893b8ae9ada4f5f788a994b8f7413ef657,60.17002,24.94407,000000006b087f40,23.56
2497,2019-08-04T12:41:05Z,6b97071051ccf5db7e5ebee033d4f68d58ed6917ff2fac5b205a6605,60.17065,24.93641,000000000f4919c9,12.69
2498,2019-08-04T12:41:05Z,6c7e018abdf8462af7c7b003bc30f915184f7082e9e865a2c502eed5,60.14699,24.922,00000000a53ed894,13.75
2499,2019-08-04T12:41:05Z,6f3dd17e40daabb4efe868f1b859dc00ecc01846f0a0e2b8db5d1413,60.17918,24.95141,00000000675d5200,18.79
2500,2019-08-04T12:41:05Z,6fdf4cfc3a0774e204869ab43ef69c6306cc40c0fd8bbb0f8b505e3a,60.16829,24.94214,00000000afef4555,17.4
2501,2019-08-04T12:41:05Z,6fec2e12fc88db6bcc4eb2c81bcfb171de0094ca788c72192002e939,60.15432,24.9211,0000000019fb59c4,23.56
2502,2019-08-04T12:41:05Z,70c56152af84cf1bad4d19b0cb31202232b4cd4320ce5ea48895e42b,60.14947,24.91438,000000004ef3150d,9.92
2503,2019-08-04T12:41:05Z,71479e7c1c4fd96468f16800ff04484480c76e0953d2074500b0df31,60.17918,24.95141,00000000675d5200,25.36
2504,2019-08-04T12:41:05Z,7176e4b517010283d61468978a67a0e6d800f7b66219728174074b97,60.14947,24.91438,000000004ef3150d,14.89
2505,2019-08-04T12:41:05Z,71c360c0ae36f964d9ca7957d318abe8f1933c8220f225231eb33b39,60.18203,24.91341,00000000342570c2,31.5
2506,2019-08-04T12:41:05Z,72231bca658d3a16f3bf9c26ba5f13393b8377e4ab0b9ed3de6c811f,60.14699,24.922,00000000a53ed894,21.87
2507,2019-08-04T12:41:05Z,732235fff054f4f8fff8775b6c0d4fb0ca0f28c455a6fc86de24d162,60.14699,24.922,00000000a53ed894,9.92
2508,2019-08-04T12:41:05Z,733f21ebebe353e10a55a74b40a0a480e6d276334d4f3d8bcf85b711,60.16075,24.95883,00000000f1124bca,21.87
2509,2019-08-04T12:41:05Z,738ce77abafd1ca6f80e6f28e84d1b1886db4cfda3be6ffcdf52c1b1,60.14699,24.922,00000000a53ed894,10.78
2510,2019-08-04T12:41:05Z,745e52dafbfa395ea41c5fcd0c2717b9091e44d19ab89e03991fdbb7,60.16762,24.95415,000000006b44cce7,9.92
2511,2019-08-04T12:41:05Z,759f94c852ff15ca91c3138913c3858c4801702f8f0514ae82fb2a19,60.16897,24.95222,00000000aa852af1,8.38
2512,2019-08-04T12:41:05Z,7664b7f08aaa059ecf6646a595c33fae0c80715febe63e31f45a4662,60.16762,24.95415,000000006b44cce7,12.69
2513,2019-08-04T12:41:05Z,777cceac7be6303a1c82f7cc68061528b01e3aa1b3aa6481cad9e5e3,60.16075,24.95883,00000000f1124bca,7.69
2514,2019-08-04T12:41:05Z,77a12194b9a6789f4b2b8c07ae7fce3c2b531cb221e5fa7ca5deae55,60.16897,24.95222,00000000aa852af1,13.75
2515,2019-08-04T12:41:05Z,79bb1e615a834d4f653cec7efc45ad5b4bbedf2a83c55b44c586ad0a,60.14947,24.91438,000000004ef3150d,6.46
2516,2019-08-04T12:41:05Z,79bde23c1a8980f93a65e14306f0d8ea89e164430d8b991e2bfee82e,60.16531,24.9442,00000000fdda10fe,12.69
2517,2019-08-04T12:41:05Z,79d26f15a82c94ac5d05e0f2b6a6beeae1f407972ec39665d7ab9535,60.16829,24.94214,00000000afef4555,4.94
2518,2019-08-04T12:41:05Z,79f9a99adf4ab822a772ed093aea2e7fe2345d2156fe28b7fe2fe11f,60.16075,24.95883,00000000f1124bca,18.79
2519,2019-08-04T12:41:05Z,7a0c0b525f2d3eed6c873bd3b8d27bede551fe4a428ac15c23deadae,60.16075,24.95883,00000000f1124bca,16.1
2520,2019-08-04T12:41:05Z,7a4a06d20ebe57d94e5fceeaf47d5b56ad9a515818e9c20e21a80e61,60.16629,24.95957,00000000fb7600be,18.79
2521,2019-08-04T12:41:05Z,7a97375000483176c3b37cc0d1744a950d9b322ce3534208fce0b21d,60.14699,24.922,00000000a53ed894,20.28
2522,2019-08-04T12:41:05Z,7ab335e046f7f3597f8f615a90857885e35cfecefebd5d24bbf0af90,60.16075,24.95883,00000000f1124bca,7.05
2523,2019-08-04T12:41:05Z,7ad93fed82e41ea4422fa101badc698b0328c3ebf0f6b73c5164d438,60.16897,24.95222,00000000aa852af1,14.89
2524,2019-08-04T12:41:05Z,7af6672e274ebe27cdb785373a857fc5bcad92a386c36dbe3221d4f4,60.14947,24.91438,000000004ef3150d,14.89
2525,2019-08-04T12:41:05Z,7b1c2b4a083f1544ffd4b5e2e87ab8a58a7bb64abb0f8ce3e53b2ed2,60.14699,24.922,00000000a53ed894,21.87
2526,2019-08-04T12:41:05Z,7bb67bcf014747e5d826f95c610d36492f31095552417a0864475491,60.14951,24.92138,0000000006dd41f6,21.87
2527,2019-08-04T12:41:05Z,7d0f85a5944207c0c34226117698b3ccc14785f72659cf0d8ffe152d,60.16829,24.94214,00000000afef4555,20.28
2528,2019-08-04T12:41:05Z,7d9a3d84c09c3a8d6876389e216e0278048d6b924890fb275a078ffb,60.16531,24.9442,00000000fdda10fe,0.71
2529,2019-08-04T12:41:05Z,7e31a4896ab0ff539440898dfabd8305df79869bff52da941016d1cc,60.1538,24.95595,0000000038bf9618,27.28
2530,2019-08-04T12:41:05Z,7e36fb1182193c51358dce0d239803bfdf30236f61f0352edbb1ad75,60.17065,24.93641,000000000f4919c9,27.28
2531,2019-08-04T12:41:05Z,7e76449e59f1e3a1a615b54408115353fbb14d815390d03a73b1a7bb,60.14947,24.91438,000000004ef3150d,20.28
2532,2019-08-04T12:41:05Z,7ee87b87cf01698f643e1ba3117b245039edc811605df5dc802e7576,60.14947,24.91438,000000004ef3150d,27.28
2533,2019-08-04T12:41:05Z,7f786ec8e06f1ca3bdd10fc60d0114baf354125b8f6cf796d197f4cc,60.16075,24.95883,00000000f1124bca,3.74
2534,2019-08-04T12:41:05Z,7fe10e69931c2d658099a314f3fce64865329e12a7b834c375e2d5d2,60.14699,24.922,00000000a53ed894,9.92
2535,2019-08-04T12:41:05Z,80aec8656b3422b9e9819007367c799a4e108fee246063f9117203e4,60.1538,24.95595,0000000038bf9618,17.4
2536,2019-08-04T12:41:05Z,80cbcb887f3e351e3bef7c5f53dccc578cc3494feec514aed7015c0d,60.16075,24.95883,00000000f1124bca,4.11
2537,2019-08-04T12:41:05Z,82411c6526228322a61f59259f13adf7cde62bd767587b6735867705,60.17919,24.95181,000000007b5207b6,9.92
2538,2019-08-04T12:41:05Z,83073c017c8293e4b6eab781fbc2147fafa144d33b3618abd1ae5d90,60.17065,24.93641,000000000f4919c9,29.32
2539,2019-08-04T12:41:05Z,83121a75723643c48e3c3b0a3ea5fccb532046432ca445833e8de06a,60.16762,24.95415,000000006b44cce7,4.5
2540,2019-08-04T12:41:05Z,83e827ea070ed6a4107cd81c03e001aa1a5d76d22f7f5ac41e63e2e9,60.14947,24.91438,000000004ef3150d,29.32
2541,2019-08-04T12:41:05Z,848fdb054358a3fca79c0246f01263c92b5b48aee6b9fb6e260d7a0b,60.16829,24.94214,00000000afef4555,18.79
2542,2019-08-04T12:41:05Z,848fe01e24ccc782e5968171f53ea31d28f20a455c45d8bac8fb7374,60.173,24.92524,0000000096918cfa,25.36
2543,2019-08-04T12:41:05Z,849a662d95d4185421aff7c6213ba5d7b84cfc58c9fb30ff34054e4c,60.16075,24.95883,00000000f1124bca,7.69
2544,2019-08-04T12:41:05Z,857f5ab05809fdb94740616b8d6662aa2458c4a6009e6f717f8933fb,60.17002,24.94407,000000006b087f40,27.28
2545,2019-08-04T12:41:05Z,859b417d0b562f5c4ab33c3877c95cd7cbb332db91dcd0f4e7a4f3b6,60.14699,24.922,00000000a53ed894,8.38
2546,2019-08-04T12:41:05Z,85d66944a64cfde859e7e08ca4b79f3b39d5b03141d500fe7ce73f7e,60.14699,24.922,00000000a53ed894,17.4
2547,2019-08-04T12:41:05Z,8671d4796925b87aa375ec961920222f3024852d26ca40013f9985df,60.18203,24.91341,00000000342570c2,23.56
2548,2019-08-04T12:41:05Z,868cd7608ed6beb209db2aad8c71f56b8aec3a6b453be18e4af217a2,60.17065,24.93641,000000000f4919c9,27.28
2549,2019-08-04T12:41:05Z,87bb1abe21abfcb5e5c2039e579cff7ca863a6019207db356de5b7c2,60.14699,24.922,00000000a53ed894,16.1
2550,2019-08-04T12:41:05Z,8822ffe19dec49fe874ac377de5a0504e931e342ecc1f5b1fcb939e5,60.16897,24.95222,00000000aa852af1,11.7
2551,2019-08-04T12:41:05Z,8947a5209f3b32173d3dc72792039edf94a2711741ab041b62b30643,60.16762,24.95415,000000006b44cce7,5.41
2552,2019-08-04T12:41:05Z,896f7e896dc6f1ea44b82bf968a988cc10c358ee34821d9d7a4bd07a,60.14947,24.91438,000000004ef3150d,6.46
2553,2019-08-04T12:41:05Z,8a08b2de43a9ef03cf96610718c908e69dcacc59f536a7135b7bb542,60.16629,24.95957,00000000fb7600be,10.78
2554,2019-08-04T12:41:05Z,8ba6cfc17ca70e8304994e018ebd5eb2003177062cde05925d5cacb3,60.173,24.92524,0000000096918cfa,23.56
2555,2019-08-04T12:41:05Z,8d528b00553162a9dd47d2296d15b2fad89aad6a508424d4589618a1,60.14947,24.91438,000000004ef3150d,7.05
2556,2019-08-04T12:41:05Z,8d73f674010f5cb02e8f20251ed86a9afcb7f6b3926039470296bd00,60.17065,24.93641,000000000f4919c9,25.36
2557,2019-08-04T12:41:05Z,8d8a869e83fe2ac29e791666634a33af3ea4048ea4e752b6fb1e238c,60.14947,24.91438,000000004ef3150d,8.38
2558,2019-08-04T12:41:05Z,8edd2176e127f8d3baff43afa20a9869b1e3a4f6df8a0930b52064d1,60.14699,24.922,00000000a53ed894,12.69
2559,2019-08-04T12:41:05Z,9023a89a49a372e5f97cf86ef1b5de0164eb67cc10d394d383ab75fd,60.16829,24.94214,00000000afef4555,6.46
2560,2019-08-04T12:41:05Z,920dc90f60b295267f63efc8f968408087b71878dc3f49f0ded1c41e,60.17919,24.95181,000000007b5207b6,23.56
2561,2019-08-04T12:41:05Z,926717d61529080dfc4c7f8cdcdc82c6490d2a5129474524b8c40ea4,60.16829,24.94214,00000000afef4555,8.38
2562,2019-08-04T12:41:05Z,93a2100e233b204243f7e69b68dea7c9a145d1b5384bd18359bf87a3,60.16531,24.9442,00000000fdda10fe,1.7
2563,2019-08-04T12:41:05Z,93b7794683a373ac7ce9476d49419c2ee26e67b474370e561be167b2,60.14699,24.922,00000000a53ed894,16.1
2564,2019-08-04T12:41:05Z,9575ef1c44f26f0301d726029c8b1c28011a4724496943451bee6544,60.14947,24.91438,000000004ef3150d,5.91
2565,2019-08-04T12:41:05Z,9604244c18efd5978b809f021651f7743e0e64da38fcf3718f9b4f93,60.14699,24.922,00000000a53ed894,20.28
2566,2019-08-04T12:41:05Z,97264f5808fa13851dacabf0c98525eec29849ff4b6a744cc777fd5b,60.16075,24.95883,00000000f1124bca,11.7
2567,2019-08-04T12:41:05Z,9736a8a29aee134a307e0cd4221e9b0a2ab7c48befee43fc62e9f9bd,60.14699,24.922,00000000a53ed894,12.69
2568,2019-08-04T12:41:05Z,9862cafd709b75d07c83b397773e0cf33564666cb81814bdbf5e54f2,60.16897,24.95222,00000000aa852af1,12.69
2569,2019-08-04T12:41:05Z,992f6feda52c82ad67e40af55b5602bb22411020701998c6bd65faed,60.16762,24.95415,000000006b44cce7,10.78
2570,2019-08-04T12:41:05Z,99334da99912e6d4b516e02432e7f88db5a5b87f635722bc3a8b38a6,60.14699,24.922,00000000a53ed894,23.56
2571,2019-08-04T12:41:05Z,99753600aa90a43c336153dd03985a2996b7bc6052086f503020518c,60.14699,24.922,00000000a53ed894,10.78
2572,2019-08-04T12:41:05Z,9a9db814dfa74ca2c2d51496299715310e81c6e6525cc9d2cb0762eb,60.16897,24.95222,00000000aa852af1,18.79
2573,2019-08-04T12:41:05Z,9ac4c3176875b59567d28bf01df0c9490620902ff082fd0b93d15cb4,60.18203,24.91341,00000000342570c2,12.69
2574,2019-08-04T12:41:05Z,9b087f99e8170fa160df7340b539501f67b728edaf119fc0f3c8c239,60.16762,24.95415,000000006b44cce7,11.7
2575,2019-08-04T12:41:05Z,9b8a48b949de8c2f6b09fb1d8e45b6266e4c76b514c2d08d1d53642b,60.14699,24.922,00000000a53ed894,21.87
2576,2019-08-04T12:41:05Z,9b8ce6fbe947328c891dfbc4d84b0a33b983d3a728e8289d7fb72962,60.15133,24.92329,00000000e8a064a4,23.56
2577,2019-08-04T12:41:05Z,9ba6f9fb8bb950d16224b4182d3c3d8349a0f50619be329c165417e0,60.14947,24.91438,000000004ef3150d,21.87
2578,2019-08-04T12:41:05Z,9bad872c31c8c5e53f064b5367350b41271d45ca8a9e508136622800,60.16897,24.95222,00000000aa852af1,23.56
2579,2019-08-04T12:41:05Z,9bf3ff1ceaac2bd8666ae6a5c19e0180def5b27c0cf5fcf8b770595d,60.14699,24.922,00000000a53ed894,13.75
2580,2019-08-04T12:41:05Z,9e3d4a4b1acd94d2896cd7cf56419110f06ea96faae37aadebd4ec77,60.14947,24.91438,000000004ef3150d,9.12
2581,2019-08-04T12:41:05Z,9fc52a61eabf679cf9cdee2c33023c321c69afc87ed71f5a6d6655b7,60.14699,24.922,00000000a53ed894,17.4
2582,2019-08-04T12:41:05Z,9ff13c715073d5ad9c464cb67b6de3f703435cf389c32cce5626dfe1,60.149,24.9843,00000000fffb8cf0,18.79
2583,2019-08-04T12:41:05Z,a0db7e8063bede2dd55c2c6cf5111932617ecace670ff65314a7d349,60.16629,24.95957,00000000fb7600be,16.1
2584,2019-08-04T12:41:05Z,a1b52cda133b45cf931b9e31d4037fb841f80432e99d6a000beeadc8,60.17002,24.94407,000000006b087f40,20.28
2585,2019-08-04T12:41:05Z,a2ca95bd02445ae4d7fe5befdf572c2b1947f3bbb535543bf921af9d,60.16762,24.95415,000000006b44cce7,13.75
2586,2019-08-04T12:41:05Z,a38a21a97a054541f0423f03758c70227116c05254958373e3e93ad0,60.14947,24.91438,000000004ef3150d,6.46
2587,2019-08-04T12:41:05Z,a3d228482bfdd3dbdfaee1ff72b6ac00c2ee8c05e949047ce9117783,60.14699,24.922,00000000a53ed894,7.69
2588,2019-08-04T12:41:05Z,a3e2b787062412a5c0f0f4c118f7ba472a52fe9558872792cfd31d61,60.17002,24.94407,000000006b087f40,14.89
2589,2019-08-04T12:41:05Z,a41e158d772eaf06a23fe6c476419f78fae156bf286c7e56e79cea64,60.14699,24.922,00000000a53ed894,16.1
2590,2019-08-04T12:41:05Z,a4787b6f2d40f6190707f57bbc4805899cd1b06e2a89cf9a01441995,60.16829,24.94214,00000000afef4555,18.79
2591,2019-08-04T12:41:05Z,a4f416ec0941bb365e3665d7fd224fad15d74225e8ce9f6dd6368bc7,60.17065,24.93641,000000000f4919c9,13.75
2592,2019-08-04T12:41:05Z,a57caa482ee69e8fa5e65ac8e8a673ec8086a89a3896c3b5edb00f15,60.149,24.9843,00000000fffb8cf0,25.36
2593,2019-08-04T12:41:05Z,a6f944078dd26796f5a849ccb6fdf8a4436f913cf3302597c846462d,60.16762,24.95415,000000006b44cce7,8.38
2594,2019-08-04T12:41:05Z,a7472d1b63171c047444981df223670390009e3ea502132d9963e9fb,60.14947,24.91438,000000004ef3150d,7.69
2595,2019-08-04T12:41:05Z,a76d219c3abcc4ec3a54dd834263f9a24972c71be4c7bbbfc663f22f,60.14699,24.922,00000000a53ed894,9.12
2596,2019-08-04T12:41:05Z,a794d97e26d3678bb11b4364880414bb7bfac4bb49d1867b37b489f7,60.14947,24.91438,000000004ef3150d,11.7
2597,2019-08-04T12:41:05Z,a8bd45406d5913e098652d4c2d836339758e08d21bf5d88becabdd36,60.14947,24.91438,000000004ef3150d,6.46
2598,2019-08-04T12:41:05Z,a9383e1c3d9b3355965662ff18ad95dfb64daa5d8e71fc20e7e50df7,60.14699,24.922,00000000a53ed894,14.89
2599,2019-08-04T12:41:05Z,a96e9a3805def174e6ededa93b88ce312739d9d68941dffdeca03e9f,60.16762,24.95415,000000006b44cce7,9.92
2600,2019-08-04T12:41:05Z,aa076c3f0d09145aebbb750dde9849ba4eb6759e92ba5753280184d6,60.16762,24.95415,000000006b44cce7,9.12
2601,2019-08-04T12:41:05Z,aa5773b59ce2bf1eee53e4e77cd3c261465d2ea538c9a85b8de30cd8,60.14947,24.91438,000000004ef3150d,9.92
2602,2019-08-04T12:41:05Z,aa6d51fc5411b69567cb854360c4a81267eac19446946eb27618306a,60.14699,24.922,00000000a53ed894,14.89
2603,2019-08-04T12:41:05Z,ac93ac0788af8e1b0f20fada4f15ca1ad31f4084b133482d8211571d,60.14699,24.922,00000000a53ed894,9.92
2604,2019-08-04T12:41:05Z,acb831a572fef6e9e1fc74a3084583547930b1f96e8d952485f755ea,60.17002,24.94407,000000006b087f40,17.4
2605,2019-08-04T12:41:05Z,acdcc8ae1d1c6bb055dfc108154eae58b4b894f0ce1ff174c1065c7e,60.16762,24.95415,000000006b44cce7,3.09
2606,2019-08-04T12:41:05Z,ad8af809ed47a3391bb53d11da159b3a8b0ddc264d94c049ce72bda0,60.17065,24.93641,000000000f4919c9,3.09
2607,2019-08-04T12:41:05Z,ae87b8dd8920695bc9e599874667205991c04e30666d8523f0be4350,60.14947,24.91438,000000004ef3150d,5.91
2608,2019-08-04T12:41:05Z,aec4b11f0b1ec075878ca4a3b94da464f6fc96e330b913d5bfd346b0,60.16897,24.95222,00000000aa852af1,4.94
2609,2019-08-04T12:41:05Z,aefdb2741d688503f8a51d5af7b715c1270e21331d0aa56b07ea3c23,60.149,24.9843,00000000fffb8cf0,33.81
2610,2019-08-04T12:41:05Z,af64ca430076b1e91eeb89134e0e026479928845cbe1943bc56104c2,60.14947,24.91438,000000004ef3150d,20.28
2611,2019-08-04T12:41:05Z,b06c7ebb0cc7182279f47fe99da297fb7bda883549cb7bbc05dff36f,60.16829,24.94214,00000000afef4555,7.05
2612,2019-08-04T12:41:05Z,b0a4e64f8e9d69f9da53bdae4ea9fb3059a80907ea7383ffcc99048a,60.1538,24.95595,0000000038bf9618,14.89
2613,2019-08-04T12:41:05Z,b11910a4d628e08056481b347d9a80d6edb23f1f2612beaa24606c8b,60.16762,24.95415,000000006b44cce7,13.75
2614,2019-08-04T12:41:05Z,b12b27061f30d5659794f14cbed5e4726c5af1ef526611d3b2dded29,60.14947,24.91438,000000004ef3150d,25.36
2615,2019-08-04T12:41:05Z,b26280ff7943c2f2f00f94125547cbdc285e6c43b7d0a5819c2eac87,60.16762,24.95415,000000006b44cce7,16.1
2616,2019-08-04T12:41:05Z,b3d99c04e3db6b698e6e54f19434461336954d0c15385bff6e557be8,60.173,24.92524,0000000096918cfa,31.5
2617,2019-08-04T12:41:05Z,b41cc64d7ab4e16a03573bdc3b5863c4b402ec66c7780c7900c02877,60.16829,24.94214,00000000afef4555,11.7
2618,2019-08-04T12:41:05Z,b523d3f8341906e4b3877ff7d9614b4e10d6bbf10afdcc6c53656c8f,60.17065,24.93641,000000000f4919c9,23.56
2619,2019-08-04T12:41:05Z,b5d90bc33c7307b83a6f38469ffe13897d3ce5962c7c9299bbe61fe5,60.14699,24.922,00000000a53ed894,18.79
2620,2019-08-04T12:41:05Z,b5e3abaccf4a03480985d25eb9fbf454c87f7ad06c38c8bdeb0819fa,60.14699,24.922,00000000a53ed894,13.75
2621,2019-08-04T12:41:05Z,b7867e052453c9caa213f48b033624b744187f4cd77c2418cf9d7b79,60.14699,24.922,00000000a53ed894,14.89
2622,2019-08-04T12:41:05Z,b81e80c4efa2f6bf7a24861abfd0f0fb5672f1512dc7545a1d387f7f,60.16762,24.95415,000000006b44cce7,13.75
2623,2019-08-04T12:41:05Z,b936adc4821ac74aa643564d0b86e3858f1ec392e3f43e92427d7edc,60.14699,24.922,00000000a53ed894,9.12
2624,2019-08-04T12:41:05Z,b9c0ac0bb7310d92c296a8870603ebd12c0c632cfc2a1fa33092b337,60.16762,24.95415,000000006b44cce7,10.78
2625,2019-08-04T12:41:05Z,bb0193f2b0ac4801fe82ed5cec75e687465d707d92e731047f81650f,60.1538,24.95595,0000000038bf9618,1.25
2626,2019-08-04T12:41:05Z,bbe1e18f88cf88928067a0221965768c1f2ae264291cea564d7eb7e8,60.16897,24.95222,00000000aa852af1,17.4
2627,2019-08-04T12:41:05Z,bc07df8cc395f6f4f5d483b2233caca5f93a6918f346e4cc3702f8cc,60.16531,24.9442,00000000fdda10fe,13.75
2628,2019-08-04T12:41:05Z,bddca8fc17056f9f207a259070e281eedf4cea3e8e22093b88bbd7b5,60.14699,24.922,00000000a53ed894,21.87
2629,2019-08-04T12:41:05Z,be21a77f983baae8e0ba646eda0988a618149dcc7ef4c303c35d5377,60.14947,24.91438,000000004ef3150d,5.41
2630,2019-08-04T12:41:05Z,be52b901acbdb877b39a6d46af301e3105e19cea90b64ee92557ab55,60.17002,24.94407,000000006b087f40,21.87
2631,2019-08-04T12:41:05Z,bebf1edb9736fe66391376c4cf2a3033ab9fa83ae21f86b66392e2d0,60.16762,24.95415,000000006b44cce7,16.1
2632,2019-08-04T12:41:05Z,bf2e5725b255e320f1e8375ec03f55194f1fd9f751be9629d873a5c8,60.14699,24.922,00000000a53ed894,6.46
2633,2019-08-04T12:41:05Z,bf7b5b4e75942592c7b9ce61d2191afc196d5b162bcff93bc53ea1d7,60.17002,24.94407,000000006b087f40,25.36
2634,2019-08-04T12:41:05Z,bf992d3cd95a73f02d7223eaffe90a94e3e1e98a8c6759bab631b5b0,60.14947,24.91438,000000004ef3150d,7.69
2635,2019-08-04T12:41:05Z,c0722f63618f97eb8ec4afac1a8538b81a3c87e623d753ad1201bf7c,60.16075,24.95883,00000000f1124bca,3.4
2636,2019-08-04T12:41:05Z,c0a0ca3433586ed2ae0e448f2406fabac7292ac79d49562e0bd5cef8,60.16762,24.95415,000000006b44cce7,12.69
2637,2019-08-04T12:41:05Z,c1e4323d2276cb6e358f5fabb123294e7a0ef87e7169f3cccc8f2e03,60.16075,24.95883,00000000f1124bca,23.56
2638,2019-08-04T12:41:05Z,c36d58ed0e0dddb3e26be1214e369db1c3fa3d4bcf8b53536a25239b,60.17065,24.93641,000000000f4919c9,3.4
2639,2019-08-04T12:41:05Z,c3b2521faf0f7ae79434e40e86c59699d399444b775c7619f6e73e36,60.16075,24.95883,00000000f1124bca,14.89
2640,2019-08-04T12:41:05Z,c3e5ee20ca76f7347fda00c4c2fdee291bc6d843a879b26fbdd70390,60.17065,24.93641,000000000f4919c9,33.81
2641,2019-08-04T12:41:05Z,c551d554f64ffda092ce6c4a6715f0ed438c9649f7676b2944f1ea2f,60.14699,24.922,00000000a53ed894,18.79
2642,2019-08-04T12:41:05Z,c593e91b10da944a20d25c4237bda2fae759d288cea38bcaaee3abfa,60.16448,24.97323,0000000053c6c2be,23.56
2643,2019-08-04T12:41:05Z,c633a260ce59bad4e1ca42f12936ed8ae57a40f5e6528dfb70052c43,60.16897,24.95222,00000000aa852af1,10.78
2644,2019-08-04T12:41:05Z,c6b973b57d5574eb3341b3141a5ba2b28f477ae9e702ab4ae701cc0d,60.14699,24.922,00000000a53ed894,12.69
2645,2019-08-04T12:41:05Z,c728eaa7734efeabe7f33c782081caa960fcced68160e285ee477916,60.14699,24.922,00000000a53ed894,16.1
2646,2019-08-04T12:41:05Z,c7416c039513e3156222d936c483164a0914a3b5a5310985374f4767,60.17065,24.93641,000000000f4919c9,18.79
2647,2019-08-04T12:41:05Z,c87e8f1684c9d9267ea52b4b18d5c4fe91254e4cccefaf1f778519b8,60.14699,24.922,00000000a53ed894,25.36
2648,2019-08-04T12:41:05Z,c905a50dedd9b3d2114cde9160b7adf83adc09683b65598ce24c4047,60.1538,24.95595,0000000038bf9618,36.27
2649,2019-08-04T12:41:05Z,cad80f69731ad65f7f14bf400d674e0c42de462bd42db112c9d9f261,60.16075,24.95883,00000000f1124bca,33.81
2650,2019-08-04T12:41:05Z,cb3f05d5604f5532e039e6d40514b13aba8f6274d952bb17a8b801fc,60.15432,24.9211,0000000019fb59c4,9.92
2651,2019-08-04T12:41:05Z,cbd334d06c16786ddc543b71b34da6278d203ac72606f0f9275e0936,60.16829,24.94214,00000000afef4555,3.4
2652,2019-08-04T12:41:05Z,cc2cf42c6b14536fb92c810ff0e3dd5a3caa74236f14246a5b6e8cdc,60.16762,24.95415,000000006b44cce7,5.91
2653,2019-08-04T12:41:05Z,cd3e127e27387b6e06cdf27f46fb6046e4182e4d7b49b49c17167c1c,60.14947,24.91438,000000004ef3150d,16.1
2654,2019-08-04T12:41:05Z,cd47b9ac851ce6b21df7b8e918554b0cb1a12d03da7e0aaf14e19314,60.14947,24.91438,000000004ef3150d,10.78
2655,2019-08-04T12:41:05Z,cd4ecd3b83630f6e5d65f635804e47a1ceb82853aac36af30044f06a,60.149,24.9843,00000000fffb8cf0,12.69
2656,2019-08-04T12:41:05Z,cd9b2be9ffb37c8b7c5c25f587c95b1c7932a21fb245487ea2f740d9,60.14699,24.922,00000000a53ed894,7.69
2657,2019-08-04T12:41:05Z,ceb777dafa9b7e39125b89735b7f0cf22c3018eb0196043ac8160370,60.14699,24.922,00000000a53ed894,12.69
2658,2019-08-04T12:41:05Z,cec994f57adea844759ff0f233c3d3e0f92f403bc955c41ab4f67224,60.16829,24.94214,00000000afef4555,17.4
2659,2019-08-04T12:41:05Z,ced0425d382ce86b7565a8b7b36a453a0880a08ba10090524e6c1ac5,60.14699,24.922,00000000a53ed894,12.69
2660,2019-08-04T12:41:05Z,cef1d06a10cfa08bcaef8b36535c2ec32c756a76cc0d5c2a1246f933,60.14699,24.922,00000000a53ed894,17.4
2661,2019-08-04T12:41:05Z,cfa42322be0000cf89d8969d1b88ace0ba99cab721dd58d55d41a36e,60.17065,24.93641,000000000f4919c9,12.69
2662,2019-08-04T12:41:05Z,cfc2a688ff31fbb1baac8790fb6d56dc7746ba2cf9e0e5f39d4751a4,60.14699,24.922,00000000a53ed894,7.05
2663,2019-08-04T12:41:05Z,d0413da80c7714f40ffe50dcfb00039280c64ecebc61c59df72965e6,60.149,24.9843,00000000fffb8cf0,10.78
2664,2019-08-04T12:41:05Z,d098b9b5b30c5fcd4ae8a2b8bc761df72829713d3ae919634876d349,60.14699,24.922,00000000a53ed894,16.1
2665,2019-08-04T12:41:05Z,d0aa228c2a3e6e1568e876cffc76874702e0f0f63f18533551bf02c1,60.16075,24.95883,00000000f1124bca,14.89
2666,2019-08-04T12:41:05Z,d0cab2a2660dcc5cb99a9bdf39d2e6b31b7498985db1b50e48cb478d,60.18203,24.91341,00000000342570c2,31.5
2667,2019-08-04T12:41:05Z,d1494ea9019ebe27ab1e0e4d26f4f307c19720a0d8851bc848d80cab,60.1538,24.95595,0000000038bf9618,31.5
2668,2019-08-04T12:41:05Z,d2689e2d449a62ab035bf12d0fd3c8b7cf6c1fd9f175437e8a3122df,60.149,24.9843,00000000fffb8cf0,38.87
2669,2019-08-04T12:41:05Z,d2b1a7ead9aff41a8cb3fff6b7f4ee84a780b52aae2f3838b83447fc,60.16829,24.94214,00000000afef4555,17.4
2670,2019-08-04T12:41:05Z,d3486259a51296194d20e84e88ba4588e37cf48661effba832c33ab0,60.16762,24.95415,000000006b44cce7,17.4
2671,2019-08-04T12:41:05Z,d38e88e5b926f9d1de6e326cca45116fcca11f10684c80876739c6cd,60.16075,24.95883,00000000f1124bca,16.1
2672,2019-08-04T12:41:05Z,d3a37aedae39925bda7da8e4f05a61b85904a00f88e8684006c76351,60.16829,24.94214,00000000afef4555,12.69
2673,2019-08-04T12:41:05Z,d64eda229ebb6012e59bc89eacb74918e404ce52f16b491f3d48e800,60.16897,24.95222,00000000aa852af1,13.75
2674,2019-08-04T12:41:05Z,d87210146aab139cc6640a20b428dce6ac516806a71a177b70e04f62,60.17065,24.93641,000000000f4919c9,7.05
2675,2019-08-04T12:41:05Z,da39249a4e10c706b90f9484ee61aa801eb91dd4b647e1f0fec07afc,60.16762,24.95415,000000006b44cce7,11.7
2676,2019-08-04T12:41:05Z,daac051ca20430238282e179e0fe525b11ff1e8f1ace26d45b41f331,60.14947,24.91438,000000004ef3150d,21.87
2677,2019-08-04T12:41:05Z,ddc8410b9e4ece4b995b789f95e526693bac176ed77092ba57355dc8,60.16762,24.95415,000000006b44cce7,11.7
2678,2019-08-04T12:41:05Z,ddd849ee86afceedd5f5582ede84380d5596c9ea304d634ab0fd0de0,60.16829,24.94214,00000000afef4555,2.08
2679,2019-08-04T12:41:05Z,de09fd8d15c3d7adbf440a3d0a418a3b476513c968bda8a4aa652adf,60.173,24.92524,0000000096918cfa,18.79
2680,2019-08-04T12:41:05Z,de0d086ae32f87522eab31d3bc52545ed17b065889674963c0709568,60.16829,24.94214,00000000afef4555,9.92
2681,2019-08-04T12:41:05Z,de665e2881b544352f9ae484ad22edb5f4183ea4591dea0646fc8897,60.14947,24.91438,000000004ef3150d,23.56
2682,2019-08-04T12:41:05Z,de84f754a3916c8f831b0bb8ea41fc2a42cdea2794558fece3c7ae97,60.1538,24.95595,0000000038bf9618,17.4
2683,2019-08-04T12:41:05Z,e02c0f9f72e9f248a4b5df8af328e1a0132d4d8a72c1e603d14cdacd,60.18203,24.91341,00000000342570c2,18.79
2684,2019-08-04T12:41:05Z,e0df847c19b463dec6cea35494d375ce136a276c6a785936c931f60f,60.18203,24.91341,00000000342570c2,17.4
2685,2019-08-04T12:41:05Z,e1a443e10353da64728464e8a720aaf22a62b80d404f1acae1a1c6ee,60.1538,24.95595,0000000038bf9618,18.79
2686,2019-08-04T12:41:05Z,e23a6115ba872037f9b5066c9c9c966b497f449e32a2c9ceb0e55497,60.16829,24.94214,00000000afef4555,9.92
2687,2019-08-04T12:41:05Z,e2d7945f2c60a0d0622aef6a266620cf09df2e3a66baf2d303464c90,60.1538,24.95595,0000000038bf9618,31.5
2688,2019-08-04T12:41:05Z,e341e5e3e0b4fef8c3764508293310da5922b202d791694e43069ad1,60.16544,24.95398,0000000038d83d41,27.28
2689,2019-08-04T12:41:05Z,e34bcebfa007159f3d2adb0e62e20fcf721a221f52bdfe2a6ad77831,60.18203,24.91341,00000000342570c2,29.32
2690,2019-08-04T12:41:05Z,e35717ff07f32be5a2e1520f1855533f8dcc72cff7930c9cba9da32b,60.14947,24.91438,000000004ef3150d,3.74
2691,2019-08-04T12:41:05Z,e36b6b16493b163fe2a28f600af0c8a0b52cd6b3a0a9fa93791c142e,60.16762,24.95415,000000006b44cce7,23.56
2692,2019-08-04T12:41:05Z,e6f7965f2ef456f61121bcce5e466f125192e511c2af72d901307e8e,60.16762,24.95415,000000006b44cce7,17.4
2693,2019-08-04T12:41:05Z,e7cd5f775c7eea951719f351fcc25c710f857832d6f4b70a51b7b82d,60.16897,24.95222,00000000aa852af1,18.79
2694,2019-08-04T12:41:05Z,e826dedac8582e619ce18cd7eed68be5ee1fc9ed37e191e06f916835,60.14947,24.91438,000000004ef3150d,5.41
2695,2019-08-04T12:41:05Z,e847a9704479e2e4af5bf22f89d10cc8dae207184129366fbe0e46a0,60.16075,24.95883,00000000f1124bca,10.78
2696,2019-08-04T12:41:05Z,e8edad8445fc4965a5c0eae45906480d83b15e61fc6139c7bdea1e33,60.14699,24.922,00000000a53ed894,10.78
2697,2019-08-04T12:41:05Z,e9115410fa45db5a174eee008cae729dc69937a0e0b5a304899bf1b9,60.17065,24.93641,000000000f4919c9,20.28
2698,2019-08-04T12:41:05Z,e92eb020afcd7c1fad04690230ff8c2f005e404dd25b8dced1df30dd,60.16075,24.95883,00000000f1124bca,9.12
2699,2019-08-04T12:41:05Z,e95415d461b040c869512659bcc843eedf3267c4b029a0b3fab444aa,60.16829,24.94214,00000000afef4555,25.36
2700,2019-08-04T12:41:05Z,e9e19621fc5cfcfed2c808bbadc6cc6dd31e28d3c04cef8b89ca2729,60.16075,24.95883,00000000f1124bca,13.75
2701,2019-08-04T12:41:05Z,ea157e44ed100be3f782d8b3d8e5e0986079c588c9ea754b14917df0,60.16829,24.94214,00000000afef4555,9.12
2702,2019-08-04T12:41:05Z,ea2f4d9799324f4cd2a6fcda1625b65acdbab9f6b8331c26f63beec2,60.16897,24.95222,00000000aa852af1,13.75
2703,2019-08-04T12:41:05Z,eaa9924da1e700147607d5145e2b55b48b65deea922ee2e59bd1d5a7,60.173,24.92524,0000000096918cfa,14.89
2704,2019-08-04T12:41:05Z,eb0f6b34ea43d1f0700158a6f7bf890f210df2a96bb54b4018912f5e,60.14947,24.91438,000000004ef3150d,21.87
2705,2019-08-04T12:41:05Z,ec424a10bcefb6e69c2eabf42534f06e7a10aa0cfb28f6478052cade,60.14699,24.922,00000000a53ed894,14.89
2706,2019-08-04T12:41:05Z,ee542aab1ab42664b8e20bb51ee27984d11f536c794da00c81de8e1f,60.16762,24.95415,000000006b44cce7,16.1
2707,2019-08-04T12:41:05Z,ef352dcaa8317b6a3c0a02cd8908dd13da5601cc66ba65c5fd8d031a,60.14947,24.91438,000000004ef3150d,13.75
2708,2019-08-04T12:41:05Z,ef77b04fc57a9781bf581172358ba74cf41e0b2a6ecc8090f99810bf,60.14699,24.922,00000000a53ed894,7.05
2709,2019-08-04T12:41:05Z,efe8b6c6fdf0d2caccd589aaaa4f0228a80590ff9ec7961f2e92103d,60.16762,24.95415,000000006b44cce7,3.4
2710,2019-08-04T12:41:05Z,f062cb52d49926a4fb39f723275ed60ab6c0f3bf34e0c3f9d233b7b8,60.14947,24.91438,000000004ef3150d,3.4
2711,2019-08-04T12:41:05Z,f1eb1b22a5e01064a1829b325d256218c68bc9134f03a3f09f3e2566,60.16829,24.94214,00000000afef4555,13.75
2712,2019-08-04T12:41:05Z,f2deba4ef84dbbc8c5d8524f6e2311183003bce4f9bfa6aef5b5ef66,60.14947,24.91438,000000004ef3150d,4.5
2713,2019-08-04T12:41:05Z,f2e063c8c25a8bec0dd6ec3924a5f59fd9694078f2f3fd5b3ea96f29,60.16762,24.95415,000000006b44cce7,12.69
2714,2019-08-04T12:41:05Z,f366283765028e1454f3cfc564b9f220c9d700bfa8a843746eca3141,60.16897,24.95222,00000000aa852af1,20.28
2715,2019-08-04T12:41:05Z,f39827c3c7f4c833d1118043492f78e3255b6da9f4a2c000041d9b61,60.16829,24.94214,00000000afef4555,5.91
2716,2019-08-04T12:41:05Z,f3ec2366b51157150674e5ab6293bdb19e0b30ca4296fee4c97b811c,60.14699,24.922,00000000a53ed894,9.92
2717,2019-08-04T12:41:05Z,f5f7cfe177dfb0b7ebba2419ae53f70b6b5690dd98d98586004a9107,60.149,24.9843,00000000fffb8cf0,11.7
2718,2019-08-04T12:41:05Z,f796c9efc581b25280d4b416f8ba3aecca6ddf083e7bdad05f6e595e,60.14699,24.922,00000000a53ed894,16.1
2719,2019-08-04T12:41:05Z,f7f0caf73572bea3c08b592eeb9655b2668cfb16fd8840ca5619d84a,60.14699,24.922,00000000a53ed894,2.54
2720,2019-08-04T12:41:05Z,f81439a39740937c6cba523d5ebca87b52d69ff29fb449cf42ade4d6,60.14699,24.922,00000000a53ed894,21.87
2721,2019-08-04T12:41:05Z,f84faae0aa9ce2d1d09d270282dd81033ad1352346128534d8c3fc7f,60.149,24.9843,00000000fffb8cf0,23.56
2722,2019-08-04T12:41:05Z,f91cd73d1ba2baa51bc776322e3105d2abe7a68146a12c114f3e9e2a,60.16762,24.95415,000000006b44cce7,21.87
2723,2019-08-04T12:41:05Z,fa96854324adae88abb35afa34b2393a20338bfd8fc9602d3ce6ae8d,60.14947,24.91438,000000004ef3150d,6.46
2724,2019-08-04T12:41:05Z,fadc39da3cd26ac621092fbbff224b95bb13446c8d24bbf4f3e50e90,60.14947,24.91438,000000004ef3150d,14.89
2725,2019-08-04T12:41:05Z,fc618d570293e104f3bf927312641e3b7c65acce185b1614337d848c,60.16829,24.94214,00000000afef4555,18.79
2726,2019-08-04T12:41:05Z,fd77161cf9715d9d0f922cf45e79e5d9b9debef5113cb32a4f82ef76,60.16762,24.95415,000000006b44cce7,8.38
2727,2019-08-04T12:41:05Z,fe0545ef5885b75b18915d069c77ba5d8a8bb06d19cdf9f292e898d0,60.17002,24.94407,000000006b087f40,27.28
2728,2019-08-04T12:41:05Z,fe5ca86c906b1cb3bf9dd257ceefc562e41da499878f1074484f7d42,60.14947,24.91438,000000004ef3150d,12.69
2729,2019-08-04T12:41:05Z,ff8280896145ae17e594c52eac2cdbab47d3757d797878fbc4298596,60.1538,24.95595,0000000038bf9618,27.28
2730,2019-08-04T12:41:05Z,fffd5b230c7cb628fdbf354d7c0a9861536b93aa31e2282b10c020d1,60.14699,24.922,00000000a53ed894,18.79
2731,2019-08-04T12:41:06Z,002609eccfa6482109fb43966e0153bf6f371425cf715e49925348dd,60.14699,24.922,00000000a53ed894,16.1
2732,2019-08-04T12:41:06Z,07d86ad98399440d0cc3bd3382a7256feb971e49a3686dc17f532e1c,60.16829,24.94214,00000000afef4555,16.1
2733,2019-08-04T12:41:06Z,14c7e1511b70f4dd3359cbece1377aebb4d70531f5489eefe53d7c3c,60.16544,24.95398,0000000038d83d41,27.28
2734,2019-08-04T12:41:06Z,1599d2c9070a6f05e1a5887c2d9209214c04818c6203fe75440734f2,60.1538,24.95595,0000000038bf9618,27.28
2735,2019-08-04T12:41:06Z,1e7ea410376fbdb3f3c476c76d23abad5d830690f78f71ea06f7e321,60.16075,24.95883,00000000f1124bca,16.1
2736,2019-08-04T12:41:06Z,211f6b7b044343d0be369791b3fa3c144d0d0f391e2a42787712efb0,60.16448,24.97323,0000000053c6c2be,13.75
2737,2019-08-04T12:41:06Z,25a7ff811c3c06e426c7c2cbb0433d9a2a3399b23afecbd35584ab0f,60.18203,24.91341,00000000342570c2,12.69
2738,2019-08-04T12:41:06Z,315af4a829b592ba99b203b8ed2cbd499769f8752dfe6de7da4ee929,60.16829,24.94214,00000000afef4555,14.89
2739,2019-08-04T12:41:06Z,3944bc7a301be7241d1f7bc4a97f221000d535ce3d8a9af9af9b23b5,60.16531,24.9442,00000000fdda10fe,31.5
2740,2019-08-04T12:41:06Z,3a93902ba6b635489cd6f55b08d93e6fe7a5bc0a86a0b490a88f6d1b,60.16075,24.95883,00000000f1124bca,17.4
2741,2019-08-04T12:41:06Z,3fe84a5a1e657df8910685df3a8cf779a6ebc3362fbc8e578f235ee4,60.15432,24.9211,0000000019fb59c4,9.12
2742,2019-08-04T12:41:06Z,43b676ed3aef4c2d8846694817e76117873be52e7f788e0cb366c1c4,60.16629,24.95957,00000000fb7600be,25.36
2743,2019-08-04T12:41:06Z,44d0b94469070803869f229601e877beb613c3f5aafa009addf97a1a,60.16544,24.95398,0000000038d83d41,14.89
2744,2019-08-04T12:41:06Z,5d65719c4cbf045f068d084b72302f447d5fd034413d97d13be00d0e,60.18203,24.91341,00000000342570c2,18.79
2745,2019-08-04T12:41:06Z,5eed115a984d490b02b602d73787aee8dc8c4e9365b77fbff3818a76,60.16629,24.95957,00000000fb7600be,14.89
2746,2019-08-04T12:41:06Z,69219e9efa41ae9e732653e9eaf08e1a34cb853a9dafe76ddeea4d04,60.16897,24.95222,00000000aa852af1,16.1
2747,2019-08-04T12:41:06Z,6a70e2fbced719333e21eff04fcb9cb36bae9a04d1a3d6ddd96f2c58,60.15432,24.9211,0000000019fb59c4,8.38
2748,2019-08-04T12:41:06Z,70d8572458a1a103555bab897b6443e601e0ed211414b15ad0b56f60,60.16544,24.95398,0000000038d83d41,21.87
2749,2019-08-04T12:41:06Z,7678cdb86d454ca9ae52f22d97e635106585a3a046d01da4463695cc,60.18203,24.91341,00000000342570c2,11.7
2750,2019-08-04T12:41:06Z,79f136afa0dd8717337c01c70b457c464aaf0fa25b440f51a394ec23,60.16762,24.95415,000000006b44cce7,14.89
2751,2019-08-04T12:41:06Z,8468db43b6df433cf4f806fa750ab4ec625503fd4b89d96b5b6f1b1c,60.16075,24.95883,00000000f1124bca,5.41
2752,2019-08-04T12:41:06Z,85ef35aecf2ff804be3d958b592705ec41c6df9c128c132c65bb283d,60.16897,24.95222,00000000aa852af1,17.4
2753,2019-08-04T12:41:06Z,87dfaad29a9276ddddb1fa021d3bc23ad14824c1af16f7d87e713689,60.14951,24.92138,0000000006dd41f6,9.92
2754,2019-08-04T12:41:06Z,88808fe92573e9cdf022cc15b9689b6b4b9429f60513c8897b0ba4c7,60.16897,24.95222,00000000aa852af1,14.89
2755,2019-08-04T12:41:06Z,9843c6216661048343a0e49cf3d8aa2883cf77f452666a1c873a1052,60.16448,24.97323,0000000053c6c2be,13.75
2756,2019-08-04T12:41:06Z,af807b67ce09a2ce1744025c421961213f1608ca658ece4df69555a1,60.16762,24.95415,000000006b44cce7,14.89
2757,2019-08-04T12:41:06Z,b33ae7715d6d2571066655c2c8954a5a364b5601869047de83410d9f,60.16629,24.95957,00000000fb7600be,23.56
2758,2019-08-04T12:41:06Z,b5fd6b317890e5ab2d79e2cd1abe61626d45a753c7337d0d40728898,60.16762,24.95415,000000006b44cce7,12.69
2759,2019-08-04T12:41:06Z,bb98768dad0f7c52cf643f035a3e7e48f5cfe28557c66f2a75914b31,60.14699,24.922,00000000a53ed894,14.89
2760,2019-08-04T12:41:06Z,bcb0201b0a1edf350ae2f681076e7d2d48ebd94c075bd3ca59552020,60.16897,24.95222,00000000aa852af1,14.89
2761,2019-08-04T12:41:06Z,be41ebc5fb0d348fc1ef1166d44251c3112a78a4ea01aa980364ee7c,60.14699,24.922,00000000a53ed894,16.1
2762,2019-08-04T12:41:06Z,c40c37def6bf11a63a2556519a7c6233fd417cdeea2cf14f28e7c42c,60.16531,24.9442,00000000fdda10fe,25.36
2763,2019-08-04T12:41:06Z,c97eb4181394121907d47b908495f54e5ee5145ff790f7a1dc21b3cf,60.16897,24.95222,00000000aa852af1,14.89
2764,2019-08-04T12:41:06Z,ca6927628f5ddda20036865c9345ad93d476d62ade3b181de568eed6,60.16897,24.95222,00000000aa852af1,21.87
2765,2019-08-04T12:41:06Z,cf05623e4d87ce0906c0b0b7dbf53aacc1228016cd27c341228b6e76,60.18203,24.91341,00000000342570c2,16.1
2766,2019-08-04T12:41:06Z,cfc0bedb78ded52749db3188cb188bf6a250ef5990da9c5afa9623fc,60.14951,24.92138,0000000006dd41f6,21.87
2767,2019-08-04T12:41:06Z,d0a50f3001c258a38880550f6c0835fcaa85f0a6d36687dc5de98f3b,60.16629,24.95957,00000000fb7600be,18.79
2768,2019-08-04T12:41:06Z,dcb7e8bb90af70568c12a902d706c70e1ac1213e31ba074756f0a27a,60.1538,24.95595,0000000038bf9618,29.32
2769,2019-08-04T12:41:06Z,ded49640b591e73bff71f84fb99d2739eb6c9554164a015017725e03,60.16829,24.94214,00000000afef4555,11.7
2770,2019-08-04T12:41:06Z,e8e366e76c97944e23c0f80b4fd3ce6e5832744922297146a49f0c7e,60.16762,24.95415,000000006b44cce7,13.75
2771,2019-08-04T12:41:06Z,e96bd269a48b822b06141c3362fcb6d5ed4d0d09a120f2e4a712d5c2,60.16897,24.95222,00000000aa852af1,16.1
2772,2019-08-04T12:41:06Z,eee5797db5c3753514933a12e2485caee4ee5803b4d830ba1c22e5c5,60.14947,24.91438,000000004ef3150d,7.05
2773,2019-08-04T12:41:06Z,efa8e25ea4c5ed441c13cffe6302f0a18f60181c6ede8e013f75a44c,60.16829,24.94214,00000000afef4555,5.91
2774,2019-08-04T12:41:06Z,f088630d7476dae7d4b7e2bb1f10575f2c89acb4b6e061f3d57c2b40,60.16531,24.9442,00000000fdda10fe,33.81
2775,2019-08-04T12:41:06Z,f29ea15113ac0eea0be8ec41c633909de4b0b9ab6c7b9898b128080c,60.16897,24.95222,00000000aa852af1,20.28
2776,2019-08-04T12:41:06Z,f6609ab1076b1105bb845595a03b41b8fbb282f79c337df5bbc9f841,60.14699,24.922,00000000a53ed894,13.75
2777,2019-08-04T12:41:06Z,fc4f3a44235f1cfc7b53f14ba2da599976a5a0a220d23b852688e485,60.17919,24.95181,000000007b5207b6,25.36
2778,2019-08-04T12:41:06Z,009ad4cd2bd97e04da44cc9789e6bdbdb899eded61d05b7d5634b7be,60.16829,24.94214,00000000afef4555,6.46
2779,2019-08-04T12:41:06Z,00a07b1f8113691d8475c54082a14cdd54decf9845a90e75df8031a6,60.17065,24.93641,000000000f4919c9,31.5
2780,2019-08-04T12:41:06Z,00b07030d00cc5582c0f1be7d73fb09e34f4018445ce11d9da8da813,60.16762,24.95415,000000006b44cce7,9.92
2781,2019-08-04T12:41:06Z,00bdb07c0f4f75c71196362c269c9f652c66cf7d3f3c2d89843af063,60.16629,24.95957,00000000fb7600be,25.36
2782,2019-08-04T12:41:06Z,02290ce195d0c1a6f6c472f83372d8b189973a36922259ef2b595ec6,60.16829,24.94214,00000000afef4555,17.4
2783,2019-08-04T12:41:06Z,032e5d7621738a50c9e742e0cba13c819f7c67cedf8687f3ab25595c,60.16762,24.95415,000000006b44cce7,11.7
2784,2019-08-04T12:41:06Z,036c183505fea646b54aeb0c612913cafba94eca65e47d3c6d840a68,60.17919,24.95181,000000007b5207b6,25.36
2785,2019-08-04T12:41:06Z,038e7f3d1d9babcdb48b63ff8e3e1ac732b3c29f665dc7d9a1819abc,60.14699,24.922,00000000a53ed894,17.4
2786,2019-08-04T12:41:06Z,0479a26a59d65bf1dee05c06f4227a0ba63a6e9c9a09e7c34f2e06b4,60.14699,24.922,00000000a53ed894,7.05
2787,2019-08-04T12:41:06Z,04c3b487e8f6b938d4fcd30254edecafbe62a0d8d53ebc32d0151c6d,60.16762,24.95415,000000006b44cce7,18.79
2788,2019-08-04T12:41:06Z,04f35922a81b516e7028f61c6ff34faf6da85df0a5cfcefb6df1861f,60.149,24.9843,00000000fffb8cf0,18.79
2789,2019-08-04T12:41:06Z,0638ed176f2a4b17c11bae92240575c9305f4bc21592a476b3106be4,60.16762,24.95415,000000006b44cce7,17.4
2790,2019-08-04T12:41:06Z,08171a3d6565fe801fb5288c1100877c6835f5c3c9039afaebfa1cf1,60.149,24.9843,00000000fffb8cf0,14.89
2791,2019-08-04T12:41:06Z,0851ab74be2e888decf0046825f09ed302f7b2275e72b09b5b713d85,60.16829,24.94214,00000000afef4555,12.69
2792,2019-08-04T12:41:06Z,0947f9d6bb6c34e382e008052b704b6521ac4f7678a2e8a719bb574b,60.15432,24.9211,0000000019fb59c4,29.32
2793,2019-08-04T12:41:06Z,0952de1e75ca994bb018aaa22bee06785fe007f21f206e323740c94b,60.15133,24.92329,00000000e8a064a4,27.28
2794,2019-08-04T12:41:06Z,09e6b7d5a7a9e691d686fb405bc2bfe0c9e5d525b47385d9235575e3,60.16897,24.95222,00000000aa852af1,29.32
2795,2019-08-04T12:41:06Z,0a0acb70a8ef92be52a64d4425e70bb2f7a17d13942c3382c9d68878,60.149,24.9843,00000000fffb8cf0,2.08
2796,2019-08-04T12:41:06Z,0a862920946d7a0dcbee7c1cf28a7b77c57763261788dbd361ed6409,60.14699,24.922,00000000a53ed894,6.46
2797,2019-08-04T12:41:06Z,0aabf0df4c3c5b45bb8950c92dbe624985f19e8650ed61f92571a65a,60.14699,24.922,00000000a53ed894,7.05
2798,2019-08-04T12:41:06Z,0acb4bd7319729fea4acf035921d1136d86a307a60b4444669cede1a,60.14699,24.922,00000000a53ed894,9.92
2799,2019-08-04T12:41:06Z,0b0dd9af9d52c68ff71ce266d6707abbb0f56c3c63be0f83f7b5df9b,60.16762,24.95415,000000006b44cce7,4.5
2800,2019-08-04T12:41:06Z,0bff251f683fe3bcebc305ef3e1bc5aef303d51c6a9bb0fb62b7d9c7,60.18203,24.91341,00000000342570c2,23.56
2801,2019-08-04T12:41:06Z,0c905239b8c0e14cba671cf4d4d715d1045a30ee62a6285fb489dbb0,60.16829,24.94214,00000000afef4555,20.28
2802,2019-08-04T12:41:06Z,0d0e661499ff245b29cce6a0bee9d4716c35738590a43b289dbfbe0e,60.1538,24.95595,0000000038bf9618,17.4
2803,2019-08-04T12:41:06Z,0d3525b13d674f1645fdbe6d842fe37b2f416889c5472e9dfcc5445c,60.14947,24.91438,000000004ef3150d,11.7
2804,2019-08-04T12:41:06Z,0fe681ee4c4c70c99bbacaf42e0d3c9bffc5818eb71197978a94b021,60.16762,24.95415,000000006b44cce7,9.12
2805,2019-08-04T12:41:06Z,10a99e791e27975dc1c9d73d3163cabacf3bd7bd05a4f7abf6365426,60.14699,24.922,00000000a53ed894,14.89
2806,2019-08-04T12:41:06Z,10caaea8002e8b3b342b32710efdd7305ff375ca1cdc01411f66b2f6,60.14699,24.922,00000000a53ed894,7.69
2807,2019-08-04T12:41:06Z,11e86e782e9a7e18c01d0e60c9e85ea62294fb426a4c81b86c8bb8f8,60.17002,24.94407,000000006b087f40,21.87
2808,2019-08-04T12:41:06Z,120a63917cb5ab619bf9a71328f14020736ee84e75d5b37278748def,60.16897,24.95222,00000000aa852af1,12.69
2809,2019-08-04T12:41:06Z,13ee67fb034e3d24edc9a9618e9d6de24979ebbcb399f83abb02a897,60.14699,24.922,00000000a53ed894,2.8
2810,2019-08-04T12:41:06Z,1496ce9cf373a2a508a8ab0b7aa0604dd889fd69483881c3752219af,60.14699,24.922,00000000a53ed894,16.1
2811,2019-08-04T12:41:06Z,15ee12e5f9be00a79b0cbbc9912f51cbfa3e486624567e1bde938fb6,60.1538,24.95595,0000000038bf9618,27.28
2812,2019-08-04T12:41:06Z,161aa798c2a18e132fb27ecded773218ea4e42eabbd0e5794b1d7017,60.15432,24.9211,0000000019fb59c4,14.89
2813,2019-08-04T12:41:06Z,16ca2e50aab654110e1bb81e5e374133f99b7f103d24d5cc9635423c,60.16897,24.95222,00000000aa852af1,29.32
2814,2019-08-04T12:41:06Z,171a752ceacd35c6e27c36e67da80ba960a246c0977f0bdca139a472,60.14699,24.922,00000000a53ed894,17.4
2815,2019-08-04T12:41:06Z,1769031b7f4d75de0541e26427b9ecc92c84b80992e3b36bb8eb799e,60.16829,24.94214,00000000afef4555,17.4
2816,2019-08-04T12:41:06Z,1882b53729765cca25bc63400074242872d6fbc57882f131285b277f,60.16829,24.94214,00000000afef4555,12.69
2817,2019-08-04T12:41:06Z,194e6ced97ec114a37fe06d6d73fb687c057d411be476f1ea6f4852e,60.16897,24.95222,00000000aa852af1,27.28
2818,2019-08-04T12:41:06Z,1a93dfa31156cee53b4bd527d8b74655a5da812b6933d8a86d871e47,60.14947,24.91438,000000004ef3150d,14.89
2819,2019-08-04T12:41:06Z,1b3fba902b8d1538b508cdc228fd15fdd87f5aecb68e5611b1a4e354,60.16762,24.95415,000000006b44cce7,3.74
2820,2019-08-04T12:41:06Z,1bcef866fafad7c7460a084e0b0d27c087b549f4ae704390708be47e,60.149,24.9843,00000000fffb8cf0,9.12
2821,2019-08-04T12:41:06Z,1c7ccd5d6570d98e57ef2ebbd716b7504b138f9bb616fbeaa0d1a268,60.14699,24.922,00000000a53ed894,8.38
2822,2019-08-04T12:41:06Z,1ca2a3dc3dfc4b7c43e5c2670f235bdd61b23459d91984dde3e5afff,60.14699,24.922,00000000a53ed894,11.7
2823,2019-08-04T12:41:06Z,1dacfb371d75dd4f90f447aac2a00faad98beb4188a6971c19eb2375,60.16629,24.95957,00000000fb7600be,23.56
2824,2019-08-04T12:41:06Z,1de29ffd9360fbbeaef5c65201b5536524df17375122c5d2462b37ca,60.14947,24.91438,000000004ef3150d,14.89
2825,2019-08-04T12:41:06Z,1e24a2120b13c780dbb3a67a73f5058d1847f126fd5f5952e6dddcd3,60.16075,24.95883,00000000f1124bca,16.1
2826,2019-08-04T12:41:06Z,1f74037ecab4dbdc5db1a8dc8b583a86630f86a5f2d0a5167b7fa605,60.18203,24.91341,00000000342570c2,18.79
2827,2019-08-04T12:41:06Z,1f81ed7274add201d3059d4a37e2bbe86b6ae1f0fd42a16d7b8dccaa,60.14699,24.922,00000000a53ed894,9.92
2828,2019-08-04T12:41:06Z,203a0c145a43c9a18f8c2a5ba4e18882e7430662bb4ac0e56ab37578,60.17065,24.93641,000000000f4919c9,9.92
2829,2019-08-04T12:41:06Z,203ea7cefd45873084263df2b0f41ad7b2e8878222fb6a53c263c534,60.16829,24.94214,00000000afef4555,21.87
2830,2019-08-04T12:41:06Z,21eed3ade733687b8f56fade8290819b7c6b4a9f38468979fe692c3e,60.16762,24.95415,000000006b44cce7,7.69
2831,2019-08-04T12:41:06Z,2271cbccbcce28d3d0757d9a964f67df1a523b81d97355dc543dd848,60.16897,24.95222,00000000aa852af1,23.56
2832,2019-08-04T12:41:06Z,22fe9a06fba1036e8eafd726bc450095b1893be067f475e1882bb704,60.14699,24.922,00000000a53ed894,6.46
2833,2019-08-04T12:41:06Z,231026899a6d5b326cb5b1e38b182ca1acb77c7e27bc2378973b29db,60.16629,24.95957,00000000fb7600be,23.56
2834,2019-08-04T12:41:06Z,23337c2812924a07e4f0bbc92e56d1f85ea40208b6b987f4afc686cf,60.16897,24.95222,00000000aa852af1,14.89
2835,2019-08-04T12:41:06Z,244b51aa4a7059ba782925258111c295aa4de9596025c55ccd5580ac,60.16829,24.94214,00000000afef4555,9.92
2836,2019-08-04T12:41:06Z,257206d3f59df5c426a9c735f4741cba6d792de1cbafe62289d383d7,60.16897,24.95222,00000000aa852af1,18.79
2837,2019-08-04T12:41:06Z,2607d1b2fc6e31a80348fffbed68a7d3a8e0212f197f2d1c573c587b,60.14947,24.91438,000000004ef3150d,4.11
2838,2019-08-04T12:41:06Z,269124e75b1e74a7c7dc93b778e02f04d0a53e069a90081c0938ee4c,60.14699,24.922,00000000a53ed894,21.87
2839,2019-08-04T12:41:06Z,279a61d9e903f361f2a2aad4d06dd261e4c74f1c549cfe7f9da8917e,60.16629,24.95957,00000000fb7600be,38.87
2840,2019-08-04T12:41:06Z,27d4452dcae7c8e389fc21669cb3ccaedac87d45d4b1a50131c939e4,60.16762,24.95415,000000006b44cce7,9.12
2841,2019-08-04T12:41:06Z,28b43564f7156b67db7cb7b779e948986d7610f921490f9030379704,60.16897,24.95222,00000000aa852af1,14.89
2842,2019-08-04T12:41:06Z,28d2c3282e9f8fec67baec7992dcd800c45b67071e33cb118905a6b3,60.16829,24.94214,00000000afef4555,5.91
2843,2019-08-04T12:41:06Z,2969cdb120f2d285c556abfe5bac2f8090571f61aba227a474a534d2,60.17065,24.93641,000000000f4919c9,25.36
2844,2019-08-04T12:41:06Z,2e86f9a432e00fa6ff5b8744ffecbe22a02b4316779bc8b4078af2e2,60.149,24.9843,00000000fffb8cf0,20.28
2845,2019-08-04T12:41:06Z,2f08dbfbbe5577f04ea9826f72d5452ddf5fd9bb892769382ea5a4ca,60.16762,24.95415,000000006b44cce7,11.7
2846,2019-08-04T12:41:06Z,2fb7fccd391d578e735c66386708a35e4aa1a565b6dac8392a06aa4f,60.17065,24.93641,000000000f4919c9,31.5
2847,2019-08-04T12:41:06Z,32708990f2c831e65f70f2682baf5188fc93348b9a9e78ada8db2bf4,60.14947,24.91438,000000004ef3150d,18.79
2848,2019-08-04T12:41:06Z,32f77f5019e5fce30881c214487361e2e34b8c93277f6e546de72012,60.1638,24.96846,00000000d747f075,33.81
2849,2019-08-04T12:41:06Z,33634cb1e3fc5d4a621e8717d203da8533ed27531a70c6cbe3abf3fa,60.16762,24.95415,000000006b44cce7,3.09
2850,2019-08-04T12:41:06Z,33ec502792a84f23fed03cf16e483d153c65e2850a2549f47034726a,60.16762,24.95415,000000006b44cce7,4.94
2851,2019-08-04T12:41:06Z,3459042c03cbb672a039f7f14a6b99b84f839b0598f9e48bf4dd95f5,60.14699,24.922,00000000a53ed894,12.69
2852,2019-08-04T12:41:06Z,349dd839e41cff363cc4b935496e52b93be15233e508aa82987859bd,60.16075,24.95883,00000000f1124bca,23.56
2853,2019-08-04T12:41:06Z,34fddf0f4ea194b9720451d11a9de76225577536681d4f4b0a00b860,60.16829,24.94214,00000000afef4555,3.74
2854,2019-08-04T12:41:06Z,352427714fc6e8591df6bd227dde05d3b7ba0881742eee4ae750dcc4,60.15432,24.9211,0000000019fb59c4,16.1
2855,2019-08-04T12:41:06Z,35990bd13540cf4cacf8b1f54e4df2b7b768f50f3410f21304985cc8,60.149,24.9843,00000000fffb8cf0,29.32
2856,2019-08-04T12:41:06Z,35a958343879c000cfc3f0c01afbc7d54934265828677bf4aefef84f,60.14699,24.922,00000000a53ed894,13.75
2857,2019-08-04T12:41:06Z,35e6e075578d7a51e510bf8904bde33f1d117264eea0917db98d4808,60.16897,24.95222,00000000aa852af1,9.12
2858,2019-08-04T12:41:06Z,36f876050503d244f74f3cbadcef716904eb2b245190d474b0cfa794,60.16762,24.95415,000000006b44cce7,6.46
2859,2019-08-04T12:41:06Z,3721331dbb97151d17938ed835ffc7208eba26fba6100c62870a3a4f,60.14947,24.91438,000000004ef3150d,1.88
2860,2019-08-04T12:41:06Z,37945fa4e7409fab98aa8bde45081f5bd083def0059485274ad552c0,60.17919,24.95181,000000007b5207b6,7.05
2861,2019-08-04T12:41:06Z,39310ebca1ad756aa2bfcb16c912cb7003ef3e7286a1f037603ade61,60.14699,24.922,00000000a53ed894,12.69
2862,2019-08-04T12:41:06Z,3947448981743bba23cc04bed3d6f79a1d9dc07531b31299398463ef,60.16762,24.95415,000000006b44cce7,23.56
2863,2019-08-04T12:41:06Z,39f03a3a5fd777feee270921a7f51daec12ea679b542b0aaf2e808d7,60.149,24.9843,00000000fffb8cf0,16.1
2864,2019-08-04T12:41:06Z,3a6ce73ea4c03a14fc0d3d099e4698d3c1051a2e8e4bd552d5de394d,60.14947,24.91438,000000004ef3150d,3.74
2865,2019-08-04T12:41:06Z,3abc507346480858d62b69d6e29c3b0700ac193520668e17a4ce7cbb,60.16762,24.95415,000000006b44cce7,16.1
2866,2019-08-04T12:41:06Z,3af48668fcfc51b261558246e08ae2f7f3bb9d4252e908e38c9db003,60.14699,24.922,00000000a53ed894,12.69
2867,2019-08-04T12:41:06Z,3b73bf57d223bcb9b930ee8619e6603e52485b221389c64d85614baf,60.16897,24.95222,00000000aa852af1,9.12
2868,2019-08-04T12:41:06Z,3be48824225ca9f2aea5653f6ce21181a76e67a8d4b8361f0cba1f8a,60.14947,24.91438,000000004ef3150d,5.91
2869,2019-08-04T12:41:06Z,3e4965f1ed580ddf80246b1b78cbc55b73c11d67573d9cede2a7ccf7,60.16829,24.94214,00000000afef4555,7.05
2870,2019-08-04T12:41:06Z,3e99999f43f3bd9e105e735eeb92531a4301e7f258c90535acfba9ae,60.16531,24.9442,00000000fdda10fe,29.32
2871,2019-08-04T12:41:06Z,3ea5c91c32a318cb798767914dd025c2791a8c19e81c10c22f649247,60.18203,24.91341,00000000342570c2,16.1
2872,2019-08-04T12:41:06Z,409be16c4d34b9e76ac22ea0e8e282da3e9d169fe77ff5ea52a72883,60.14699,24.922,00000000a53ed894,16.1
2873,2019-08-04T12:41:06Z,4157eed3f2574f5f9b1f7c3ccc1c36e181e82585ec5d491a1aedc6c9,60.16762,24.95415,000000006b44cce7,12.69
2874,2019-08-04T12:41:06Z,42052b48fa907a3f9ad0a511096b057331f7a11a1be046a63fb9629e,60.14699,24.922,00000000a53ed894,14.89
2875,2019-08-04T12:41:06Z,42168beaa0acd47be6bf8e4209edb348c9d27b18517c7420d454a24f,60.17065,24.93641,000000000f4919c9,14.89
2876,2019-08-04T12:41:06Z,427f20895f2d0aec0392fd0be9f66c4cd45200a3d32b5b9d52ea0dc2,60.15432,24.9211,0000000019fb59c4,47.69
2877,2019-08-04T12:41:06Z,429363aca20efd1e564b3ac367b9eb4702cce1afbe6a22dccb543a7f,60.16075,24.95883,00000000f1124bca,18.79
2878,2019-08-04T12:41:06Z,42d4eb6044091814f327d0b01dc9ae701506417af1a8ab7f4161650d,60.14951,24.92138,0000000006dd41f6,10.78
2879,2019-08-04T12:41:06Z,42da4298ed9f522421f17714e024d9b8fe22e7546df3deeb8b139bd3,60.16075,24.95883,00000000f1124bca,4.94
2880,2019-08-04T12:41:06Z,447f951c07ece4b9f8a41fed54b5911f4f8033b69f5a62bfd0cf1d97,60.14699,24.922,00000000a53ed894,27.28
2881,2019-08-04T12:41:06Z,4533d27e96c5c6637ddff4243672d658fea4004970652882357105a9,60.14699,24.922,00000000a53ed894,14.89
2882,2019-08-04T12:41:06Z,4547b56ce014395d163caf1a3f507d3d9b01b3d64d2fd0b0914f67b8,60.18203,24.91341,00000000342570c2,23.56
2883,2019-08-04T12:41:06Z,457d11209b95b153efb57d8f2641f2db0823e91a0d608fa0555a5b69,60.14699,24.922,00000000a53ed894,7.69
2884,2019-08-04T12:41:06Z,4602ff9d03f6bf4fbb82976098cc1c73e7a7e754050401c772d1406e,60.14947,24.91438,000000004ef3150d,8.38
2885,2019-08-04T12:41:06Z,47b8aba771bed6ec3a7d57932c44fe859bcf6300054b3acc9d885105,60.14947,24.91438,000000004ef3150d,7.05
2886,2019-08-04T12:41:06Z,47bc9ff9097f9ef5f1862e48b4a42f6a9ddd30c4ef2b6eb43291a7a5,60.14699,24.922,00000000a53ed894,9.92
2887,2019-08-04T12:41:06Z,47cde44e4ddbf6c70162fa882eee962e7c3e2a037b650294ec46568f,60.14947,24.91438,000000004ef3150d,7.69
2888,2019-08-04T12:41:06Z,48d0a198e7445da9f7df3cb2cedef7dc861fe850deff789f6ad61d36,60.14947,24.91438,000000004ef3150d,12.69
2889,2019-08-04T12:41:06Z,4926fec57d2640e18cb9d46deb64eba0255ca71b93116f4ae21e4288,60.16829,24.94214,00000000afef4555,23.56
2890,2019-08-04T12:41:06Z,4b1050cc517631e36206d3528399c0b14748daec8c7d1b5dfa412299,60.15432,24.9211,0000000019fb59c4,3.4
2891,2019-08-04T12:41:06Z,4b85388cdaec2b4c15b546160ee326d9668a5e5d3c7b08d0c539946e,60.17918,24.95141,00000000675d5200,18.79
2892,2019-08-04T12:41:06Z,4be50f3eb033f3f46e3069049c8e0a34dc8a2607741c1764369ba4c2,60.16762,24.95415,000000006b44cce7,6.46
2893,2019-08-04T12:41:06Z,4cadc8cc23fd84febb6a8383030a34c97b3388a8c9ed7a64cc0f51a6,60.14947,24.91438,000000004ef3150d,11.7
2894,2019-08-04T12:41:06Z,4d35f03f4cb1cd21fbb173af8af5be5e233c63882fda53232da315f0,60.14699,24.922,00000000a53ed894,17.4
2895,2019-08-04T12:41:06Z,4ebdb6165c5d4892cdc21711313b98b1545bececfb886192c6f0ef22,60.16762,24.95415,000000006b44cce7,10.78
2896,2019-08-04T12:41:06Z,4f4940c5c77737c5b8f2fbd5a1b65886ea5f6e0e4fcd50447e11ce21,60.16075,24.95883,00000000f1124bca,17.4
2897,2019-08-04T12:41:06Z,514a3981fad6c695ac4940f09374b5d1c2e84d2ca835084ef8707714,60.16075,24.95883,00000000f1124bca,5.91
2898,2019-08-04T12:41:06Z,51b3c7870a399165f0d1d14f7d21688df32b0360f9cc6f3ca61890d8,60.16829,24.94214,00000000afef4555,12.69
2899,2019-08-04T12:41:06Z,52072bd384eaaf4a6958af5510ed039d194dee47f34667bc7bccbe0e,60.14699,24.922,00000000a53ed894,10.78
2900,2019-08-04T12:41:06Z,5263c8fd413ee308494f18228802330e278acc648b425bb454951db5,60.16075,24.95883,00000000f1124bca,7.05
2901,2019-08-04T12:41:06Z,52939581c6c8dd3407dbf44ea9e90471e4bbadfb7e3740a0ba8324f3,60.14699,24.922,00000000a53ed894,7.69
2902,2019-08-04T12:41:06Z,52f0e69ca7a5cebe604c1f32308dc7f8870d1d85cd4b25ad17f706e9,60.14699,24.922,00000000a53ed894,12.69
2903,2019-08-04T12:41:06Z,53263c2a4d1fc6edb42de24a91c19cc8d0050f1e61b0ddd97cf45bba,60.17002,24.94407,000000006b087f40,31.5
2904,2019-08-04T12:41:06Z,53f1f84f2f1f0ea7eb59dd269d86fae99cc25ee089a48f249de1aaec,60.16897,24.95222,00000000aa852af1,16.1
2905,2019-08-04T12:41:06Z,552e7d20be831c5ebfa503ba78ed542d6ece4ecad264308d5dc37a31,60.14699,24.922,00000000a53ed894,14.89
2906,2019-08-04T12:41:06Z,5554305bad43a71cf98d83e92708c7474c1efc189392c1ea94231e9c,60.16531,24.9442,00000000fdda10fe,5.91
2907,2019-08-04T12:41:06Z,560205233dc9b13886248fb6e54ee21dc3b287080072641e01e08dac,60.16075,24.95883,00000000f1124bca,29.32
2908,2019-08-04T12:41:06Z,56b8eace741e5227a40ea0a64601a737648080c63d6240b0dca632c4,60.16075,24.95883,00000000f1124bca,16.1
2909,2019-08-04T12:41:06Z,570dc61d53aec66ede39dfde66339640878453afc00cd1a55c60bca7,60.16544,24.95398,0000000038d83d41,17.4
2910,2019-08-04T12:41:06Z,571934189bf349efb6f596e76c21612cf9b82ed44913090169936048,60.17065,24.93641,000000000f4919c9,21.87
2911,2019-08-04T12:41:06Z,571e65d939060a58396de22fc44d8842fc9de986824670ad765ec596,60.16762,24.95415,000000006b44cce7,9.12
2912,2019-08-04T12:41:06Z,5818762fe6f25ca8ecadae3f1862bbc7816860682ae2afa343fb85c8,60.173,24.92524,0000000096918cfa,33.81
2913,2019-08-04T12:41:06Z,583a35aa08fe45f96deb91a9f4b9317e86eddeee0d636cc11b3e2df8,60.16762,24.95415,000000006b44cce7,10.78
2914,2019-08-04T12:41:06Z,584cb0b0cdd14e608c8b57c8aecc9826f9b40027e365e2438a444ea2,60.16762,24.95415,000000006b44cce7,13.75
2915,2019-08-04T12:41:06Z,59e23b6ba24eb1cbbe77cbbfb47fd0aeb3b9a3574e0b34a2be2c9352,60.16762,24.95415,000000006b44cce7,12.69
2916,2019-08-04T12:41:06Z,5b102c62b98f29bd801e4dd0e9ddbc113db3faa38d59990b9ba5e9ec,60.173,24.92524,0000000096918cfa,17.4
2917,2019-08-04T12:41:06Z,5bc858089bff2f1880f1807e91f165ebf9f1b5841445adcdfb988ddf,60.16829,24.94214,00000000afef4555,18.79
2918,2019-08-04T12:41:06Z,5bc8610f198c0ab38e4e89fd7f4828d032ca2a6ef97c2a17c79e296f,60.14699,24.922,00000000a53ed894,17.4
2919,2019-08-04T12:41:06Z,5c160268bc9b4b619181ce421d9e58c258e6b59a342945fc29f0004b,60.14947,24.91438,000000004ef3150d,12.69
2920,2019-08-04T12:41:06Z,5cd5117066c75a1cb83d3896a7eba3f3472e133f0013ea7d4e95daaa,60.14699,24.922,00000000a53ed894,4.5
2921,2019-08-04T12:41:06Z,5d70086d53447ee393249cef33c7bae814c1d7c2e3055fc91b38786c,60.17919,24.95181,000000007b5207b6,9.12
2922,2019-08-04T12:41:06Z,5e44b2770fcd3ab47bae5954df365187d2183088b73b895edc47dcd8,60.14699,24.922,00000000a53ed894,7.05
2923,2019-08-04T12:41:06Z,5e53be1d47b3cceeb6ea9406c75327379c8ee8abc68da605b7758e85,60.14947,24.91438,000000004ef3150d,11.7
2924,2019-08-04T12:41:06Z,5ea49ba4de68e03664ec3a87f5de32434d7136b4f8323f022ff9df5b,60.16829,24.94214,00000000afef4555,12.69
2925,2019-08-04T12:41:06Z,60d9b71ec38b796bf876dedfaf3112b49ff79677480c7603902857ae,60.14947,24.91438,000000004ef3150d,7.05
2926,2019-08-04T12:41:06Z,614ab7fba7255f6bf6f888e9a04d589962f756b3f427e658f10014f2,60.16075,24.95883,00000000f1124bca,7.05
2927,2019-08-04T12:41:06Z,6187e3415bcea985be770b4a90f3ed56fbfff1aa331759d34ccbd4ee,60.16897,24.95222,00000000aa852af1,25.36
2928,2019-08-04T12:41:06Z,61dadc3bed7f3dda70dbe12fc6914b30c863945805046f66f43ec9a7,60.14947,24.91438,000000004ef3150d,12.69
2929,2019-08-04T12:41:06Z,623a1746eaf8ae2f9a6eb28842e9699551c46f4b1c799eb6285f5a13,60.16762,24.95415,000000006b44cce7,9.12
2930,2019-08-04T12:41:06Z,63a87f20dbfd068c086129312c165b6e9b1da2ea6c999be1dd1b8391,60.16762,24.95415,000000006b44cce7,14.89
2931,2019-08-04T12:41:06Z,63d99db5b2b7360c501446ea5e89feba9bd1c6735a7670039916f2ad,60.1538,24.95595,0000000038bf9618,27.28
2932,2019-08-04T12:41:06Z,63defb71d4c3856253a0a2d67a5c370b91ad0527703b334a63fe5344,60.14947,24.91438,000000004ef3150d,7.69
2933,2019-08-04T12:41:06Z,643ef3f01a51bea3c4510d4060a945cd510e5189236d68f5c9489034,60.16829,24.94214,00000000afef4555,1.38
2934,2019-08-04T12:41:06Z,64638a9f9e6c9b32fc4b484b55e4934fcab6cb04605cc76d5f5534b7,60.17065,24.93641,000000000f4919c9,16.1
2935,2019-08-04T12:41:06Z,6503762f2cac51cc2b74da1efa6b16583ed11c9a528d7716b7829c0b,60.16829,24.94214,00000000afef4555,7.05
2936,2019-08-04T12:41:06Z,6516a10850095847a8156717b0fba05a9bdc9b5bfedd691ddb07f119,60.14699,24.922,00000000a53ed894,10.78
2937,2019-08-04T12:41:06Z,6525cc634176c25187e68e0d067bcfecfd78e399e93db4ee9d408b7e,60.17918,24.95141,00000000675d5200,13.75
2938,2019-08-04T12:41:06Z,655204cb507ea9ae811105cdcd766161facaa9f729017a333f102391,60.149,24.9843,00000000fffb8cf0,9.92
2939,2019-08-04T12:41:06Z,6688790e10cbf0805c8bdc210412ed75d7999e61029da0b7ba29458e,60.16829,24.94214,00000000afef4555,17.4
2940,2019-08-04T12:41:06Z,67591d427f60ba3c369ac0d78088fca7be33081501508d16401dd6cb,60.16762,24.95415,000000006b44cce7,5.91
2941,2019-08-04T12:41:06Z,675eacdf32b5b831fd118fc5539eea4b3cef4bd11e2e1706a9571222,60.16829,24.94214,00000000afef4555,7.69
2942,2019-08-04T12:41:06Z,6774ed72eaf69d7c4aaeeef90990f969954155bbcc52652e75e7deef,60.16829,24.94214,00000000afef4555,9.12
2943,2019-08-04T12:41:06Z,677c53ae4056d6cb123ca576ba5284664b1c7e3e88818bd19b5dd99a,60.17919,24.95181,000000007b5207b6,11.7
2944,2019-08-04T12:41:06Z,6875e3632a29207e29ded33617e66d55de5d8c7804fecedd6f1dfe12,60.14699,24.922,00000000a53ed894,3.09
2945,2019-08-04T12:41:06Z,69375ef968867906fc11b34d1e2c4b436d452cd47cb577a7f9e566ef,60.16762,24.95415,000000006b44cce7,1.54
2946,2019-08-04T12:41:06Z,6981f80baeddf7459b67845f82744390c976c013f3a4883a53556fc7,60.16762,24.95415,000000006b44cce7,16.1
2947,2019-08-04T12:41:06Z,698b200b63a644828a7314691a16af2af1bccef75d52abb5591a5542,60.14699,24.922,00000000a53ed894,7.69
2948,2019-08-04T12:41:06Z,6b97071051ccf5db7e5ebee033d4f68d58ed6917ff2fac5b205a6605,60.17065,24.93641,000000000f4919c9,10.78
2949,2019-08-04T12:41:06Z,6c7e018abdf8462af7c7b003bc30f915184f7082e9e865a2c502eed5,60.14699,24.922,00000000a53ed894,5.41
2950,2019-08-04T12:41:06Z,6f3dd17e40daabb4efe868f1b859dc00ecc01846f0a0e2b8db5d1413,60.17918,24.95141,00000000675d5200,7.05
2951,2019-08-04T12:41:06Z,6fc3823219441524e7f749dc3371bfb8c670faa9d4427a5ededed22d,60.16762,24.95415,000000006b44cce7,13.75
2952,2019-08-04T12:41:06Z,70c56152af84cf1bad4d19b0cb31202232b4cd4320ce5ea48895e42b,60.14947,24.91438,000000004ef3150d,10.78
2953,2019-08-04T12:41:06Z,71479e7c1c4fd96468f16800ff04484480c76e0953d2074500b0df31,60.17918,24.95141,00000000675d5200,25.36
2954,2019-08-04T12:41:06Z,72231bca658d3a16f3bf9c26ba5f13393b8377e4ab0b9ed3de6c811f,60.14699,24.922,00000000a53ed894,14.89
2955,2019-08-04T12:41:06Z,72e4de5ded503a6b09635fc51a720ce504c9e77552bc2ffae8d6cae3,60.14699,24.922,00000000a53ed894,11.7
2956,2019-08-04T12:41:06Z,72ee53eb29f5a6840f7265c14354e5f6fec93d03847718301866eeb8,60.16762,24.95415,000000006b44cce7,17.4
2957,2019-08-04T12:41:06Z,733f21ebebe353e10a55a74b40a0a480e6d276334d4f3d8bcf85b711,60.16075,24.95883,00000000f1124bca,29.32
2958,2019-08-04T12:41:06Z,745e52dafbfa395ea41c5fcd0c2717b9091e44d19ab89e03991fdbb7,60.16762,24.95415,000000006b44cce7,10.78
2959,2019-08-04T12:41:06Z,759f94c852ff15ca91c3138913c3858c4801702f8f0514ae82fb2a19,60.16897,24.95222,00000000aa852af1,11.7
2960,2019-08-04T12:41:06Z,777cceac7be6303a1c82f7cc68061528b01e3aa1b3aa6481cad9e5e3,60.16075,24.95883,00000000f1124bca,5.91
2961,2019-08-04T12:41:06Z,77a12194b9a6789f4b2b8c07ae7fce3c2b531cb221e5fa7ca5deae55,60.16897,24.95222,00000000aa852af1,11.7
2962,2019-08-04T12:41:06Z,79bde23c1a8980f93a65e14306f0d8ea89e164430d8b991e2bfee82e,60.16531,24.9442,00000000fdda10fe,12.69
2963,2019-08-04T12:41:06Z,79d26f15a82c94ac5d05e0f2b6a6beeae1f407972ec39665d7ab9535,60.16829,24.94214,00000000afef4555,1.88
2964,2019-08-04T12:41:06Z,79f9a99adf4ab822a772ed093aea2e7fe2345d2156fe28b7fe2fe11f,60.16075,24.95883,00000000f1124bca,21.87
2965,2019-08-04T12:41:06Z,7a0c0b525f2d3eed6c873bd3b8d27bede551fe4a428ac15c23deadae,60.16075,24.95883,00000000f1124bca,13.75
2966,2019-08-04T12:41:06Z,7a4a06d20ebe57d94e5fceeaf47d5b56ad9a515818e9c20e21a80e61,60.16629,24.95957,00000000fb7600be,12.69
2967,2019-08-04T12:41:06Z,7a97375000483176c3b37cc0d1744a950d9b322ce3534208fce0b21d,60.14699,24.922,00000000a53ed894,20.28
2968,2019-08-04T12:41:06Z,7ab335e046f7f3597f8f615a90857885e35cfecefebd5d24bbf0af90,60.16075,24.95883,00000000f1124bca,14.89
2969,2019-08-04T12:41:06Z,7ad93fed82e41ea4422fa101badc698b0328c3ebf0f6b73c5164d438,60.16897,24.95222,00000000aa852af1,18.79
2970,2019-08-04T12:41:06Z,7af6672e274ebe27cdb785373a857fc5bcad92a386c36dbe3221d4f4,60.14947,24.91438,000000004ef3150d,9.92
2971,2019-08-04T12:41:06Z,7d85ddf11c6bc0fefabdb00f6e37abd4f4f62ced6ce2f2031b44795e,60.17002,24.94407,000000006b087f40,27.28
2972,2019-08-04T12:41:06Z,7d9a3d84c09c3a8d6876389e216e0278048d6b924890fb275a078ffb,60.16531,24.9442,00000000fdda10fe,0.84
2973,2019-08-04T12:41:06Z,7de23a812e69199078aa0cacb63721bd7aef52a3b426789819eaea71,60.14699,24.922,00000000a53ed894,12.69
2974,2019-08-04T12:41:06Z,7e31a4896ab0ff539440898dfabd8305df79869bff52da941016d1cc,60.1538,24.95595,0000000038bf9618,27.28
2975,2019-08-04T12:41:06Z,7e36fb1182193c51358dce0d239803bfdf30236f61f0352edbb1ad75,60.17065,24.93641,000000000f4919c9,29.32
2976,2019-08-04T12:41:06Z,7e76449e59f1e3a1a615b54408115353fbb14d815390d03a73b1a7bb,60.14947,24.91438,000000004ef3150d,25.36
2977,2019-08-04T12:41:06Z,7f786ec8e06f1ca3bdd10fc60d0114baf354125b8f6cf796d197f4cc,60.16075,24.95883,00000000f1124bca,4.94
2978,2019-08-04T12:41:06Z,7fe10e69931c2d658099a314f3fce64865329e12a7b834c375e2d5d2,60.14699,24.922,00000000a53ed894,9.92
2979,2019-08-04T12:41:06Z,80aec8656b3422b9e9819007367c799a4e108fee246063f9117203e4,60.1538,24.95595,0000000038bf9618,21.87
2980,2019-08-04T12:41:06Z,80cbcb887f3e351e3bef7c5f53dccc578cc3494feec514aed7015c0d,60.16075,24.95883,00000000f1124bca,4.11
2981,2019-08-04T12:41:06Z,81fed8075f6ecb598d4ddc816663fc3693278a971ccec3048ef1ef51,60.17002,24.94407,000000006b087f40,23.56
2982,2019-08-04T12:41:06Z,82411c6526228322a61f59259f13adf7cde62bd767587b6735867705,60.17919,24.95181,000000007b5207b6,4.11
2983,2019-08-04T12:41:06Z,82ce8c2420645d1eeed2751616ac691b53855581110be4cc97a61036,60.16897,24.95222,00000000aa852af1,18.79
2984,2019-08-04T12:41:06Z,83073c017c8293e4b6eab781fbc2147fafa144d33b3618abd1ae5d90,60.17065,24.93641,000000000f4919c9,25.36
2985,2019-08-04T12:41:06Z,83e827ea070ed6a4107cd81c03e001aa1a5d76d22f7f5ac41e63e2e9,60.14947,24.91438,000000004ef3150d,12.69
2986,2019-08-04T12:41:06Z,848fe01e24ccc782e5968171f53ea31d28f20a455c45d8bac8fb7374,60.173,24.92524,0000000096918cfa,27.28
2987,2019-08-04T12:41:06Z,849a662d95d4185421aff7c6213ba5d7b84cfc58c9fb30ff34054e4c,60.16075,24.95883,00000000f1124bca,8.38
2988,2019-08-04T12:41:06Z,857f5ab05809fdb94740616b8d6662aa2458c4a6009e6f717f8933fb,60.17002,24.94407,000000006b087f40,20.28
2989,2019-08-04T12:41:06Z,859b417d0b562f5c4ab33c3877c95cd7cbb332db91dcd0f4e7a4f3b6,60.14699,24.922,00000000a53ed894,7.69
2990,2019-08-04T12:41:06Z,85d66944a64cfde859e7e08ca4b79f3b39d5b03141d500fe7ce73f7e,60.14699,24.922,00000000a53ed894,4.5
2991,2019-08-04T12:41:06Z,85d67c3be46ecb66832dfd9090a931e1be3dd056f718ea6786622131,60.16897,24.95222,00000000aa852af1,13.75
2992,2019-08-04T12:41:06Z,8671d4796925b87aa375ec961920222f3024852d26ca40013f9985df,60.18203,24.91341,00000000342570c2,29.32
2993,2019-08-04T12:41:06Z,868cd7608ed6beb209db2aad8c71f56b8aec3a6b453be18e4af217a2,60.17065,24.93641,000000000f4919c9,14.89
2994,2019-08-04T12:41:06Z,87bb1abe21abfcb5e5c2039e579cff7ca863a6019207db356de5b7c2,60.14699,24.922,00000000a53ed894,12.69
2995,2019-08-04T12:41:06Z,8822ffe19dec49fe874ac377de5a0504e931e342ecc1f5b1fcb939e5,60.16897,24.95222,00000000aa852af1,14.89
2996,2019-08-04T12:41:06Z,885bcc6af7d0aa9718fe1030e32ffff1de5171ae5ef67cf0011874fb,60.14947,24.91438,000000004ef3150d,6.46
2997,2019-08-04T12:41:06Z,8947a5209f3b32173d3dc72792039edf94a2711741ab041b62b30643,60.16762,24.95415,000000006b44cce7,4.11
2998,2019-08-04T12:41:06Z,896f7e896dc6f1ea44b82bf968a988cc10c358ee34821d9d7a4bd07a,60.14947,24.91438,000000004ef3150d,3.4
2999,2019-08-04T12:41:06Z,8a08b2de43a9ef03cf96610718c908e69dcacc59f536a7135b7bb542,60.16629,24.95957,00000000fb7600be,9.12
3000,2019-08-04T12:41:06Z,8a9eedc7cf775ab4e9ad2e20bdcbcbe1635808b418eedcdcceda7834,60.16762,24.95415,000000006b44cce7,11.7
3001,2019-08-04T12:41:06Z,8b641985c793a3f25a45b2460cb01f5baa6f339c6dd26ba7752d8a7a,60.16897,24.95222,00000000aa852af1,6.46
3002,2019-08-04T12:41:06Z,8ba6cfc17ca70e8304994e018ebd5eb2003177062cde05925d5cacb3,60.173,24.92524,0000000096918cfa,16.1
3003,2019-08-04T12:41:06Z,8bbf5422247a0a6be314130d8fd9ae1814401b75acf3b3ce2da9620c,60.14699,24.922,00000000a53ed894,4.5
3004,2019-08-04T12:41:06Z,8d528b00553162a9dd47d2296d15b2fad89aad6a508424d4589618a1,60.14947,24.91438,000000004ef3150d,3.4
3005,2019-08-04T12:41:06Z,8d73f674010f5cb02e8f20251ed86a9afcb7f6b3926039470296bd00,60.17065,24.93641,000000000f4919c9,36.27
3006,2019-08-04T12:41:06Z,8d8a869e83fe2ac29e791666634a33af3ea4048ea4e752b6fb1e238c,60.14947,24.91438,000000004ef3150d,14.89
3007,2019-08-04T12:41:06Z,8dcf139eb279bcc2696420ba9da858e361600ff02cd29587f66660ec,60.16897,24.95222,00000000aa852af1,14.89
3008,2019-08-04T12:41:06Z,8edd2176e127f8d3baff43afa20a9869b1e3a4f6df8a0930b52064d1,60.14699,24.922,00000000a53ed894,13.75
3009,2019-08-04T12:41:06Z,9023a89a49a372e5f97cf86ef1b5de0164eb67cc10d394d383ab75fd,60.16829,24.94214,00000000afef4555,9.92
3010,2019-08-04T12:41:06Z,920dc90f60b295267f63efc8f968408087b71878dc3f49f0ded1c41e,60.17919,24.95181,000000007b5207b6,21.87
3011,2019-08-04T12:41:06Z,926717d61529080dfc4c7f8cdcdc82c6490d2a5129474524b8c40ea4,60.16829,24.94214,00000000afef4555,12.69
3012,2019-08-04T12:41:06Z,93669f80d3dcdad3c5875b9c620fdc2b9ed369aa5e177e824cf5756a,60.16762,24.95415,000000006b44cce7,20.28
3013,2019-08-04T12:41:06Z,93a2100e233b204243f7e69b68dea7c9a145d1b5384bd18359bf87a3,60.16531,24.9442,00000000fdda10fe,1.54
3014,2019-08-04T12:41:06Z,93e409819362e2429a43710ff4330bd3ed83011b73ae438dd7fb62d8,60.16762,24.95415,000000006b44cce7,5.91
3015,2019-08-04T12:41:06Z,9575ef1c44f26f0301d726029c8b1c28011a4724496943451bee6544,60.14947,24.91438,000000004ef3150d,9.12
3016,2019-08-04T12:41:06Z,9591073e4d80dad61baa6f0f131c11bd0853c54a96256d3345164e14,60.14699,24.922,00000000a53ed894,17.4
3017,2019-08-04T12:41:06Z,9604244c18efd5978b809f021651f7743e0e64da38fcf3718f9b4f93,60.14699,24.922,00000000a53ed894,21.87
3018,2019-08-04T12:41:06Z,97264f5808fa13851dacabf0c98525eec29849ff4b6a744cc777fd5b,60.16075,24.95883,00000000f1124bca,18.79
3019,2019-08-04T12:41:06Z,9862cafd709b75d07c83b397773e0cf33564666cb81814bdbf5e54f2,60.16897,24.95222,00000000aa852af1,9.92
3020,2019-08-04T12:41:06Z,992f6feda52c82ad67e40af55b5602bb22411020701998c6bd65faed,60.16762,24.95415,000000006b44cce7,11.7
3021,2019-08-04T12:41:06Z,9a9db814dfa74ca2c2d51496299715310e81c6e6525cc9d2cb0762eb,60.16897,24.95222,00000000aa852af1,17.4
3022,2019-08-04T12:41:06Z,9b087f99e8170fa160df7340b539501f67b728edaf119fc0f3c8c239,60.16762,24.95415,000000006b44cce7,14.89
3023,2019-08-04T12:41:06Z,9b8a48b949de8c2f6b09fb1d8e45b6266e4c76b514c2d08d1d53642b,60.14699,24.922,00000000a53ed894,14.89
3024,2019-08-04T12:41:06Z,9b8ce6fbe947328c891dfbc4d84b0a33b983d3a728e8289d7fb72962,60.15133,24.92329,00000000e8a064a4,27.28
3025,2019-08-04T12:41:06Z,9ba6f9fb8bb950d16224b4182d3c3d8349a0f50619be329c165417e0,60.14947,24.91438,000000004ef3150d,10.78
3026,2019-08-04T12:41:06Z,9bf3ff1ceaac2bd8666ae6a5c19e0180def5b27c0cf5fcf8b770595d,60.14699,24.922,00000000a53ed894,16.1
3027,2019-08-04T12:41:06Z,9e3d4a4b1acd94d2896cd7cf56419110f06ea96faae37aadebd4ec77,60.14947,24.91438,000000004ef3150d,14.89
3028,2019-08-04T12:41:06Z,9fc52a61eabf679cf9cdee2c33023c321c69afc87ed71f5a6d6655b7,60.14699,24.922,00000000a53ed894,21.87
3029,2019-08-04T12:41:06Z,9ff13c715073d5ad9c464cb67b6de3f703435cf389c32cce5626dfe1,60.149,24.9843,00000000fffb8cf0,27.28
3030,2019-08-04T12:41:06Z,a0db7e8063bede2dd55c2c6cf5111932617ecace670ff65314a7d349,60.16629,24.95957,00000000fb7600be,25.36
3031,2019-08-04T12:41:06Z,a1b52cda133b45cf931b9e31d4037fb841f80432e99d6a000beeadc8,60.17002,24.94407,000000006b087f40,23.56
3032,2019-08-04T12:41:06Z,a22736c5d66f417bc6b745f51492549dc2e5a3c766f5e7e23f183b41,60.14947,24.91438,000000004ef3150d,16.1
3033,2019-08-04T12:41:06Z,a38a21a97a054541f0423f03758c70227116c05254958373e3e93ad0,60.14947,24.91438,000000004ef3150d,7.05
3034,2019-08-04T12:41:06Z,a3d228482bfdd3dbdfaee1ff72b6ac00c2ee8c05e949047ce9117783,60.14699,24.922,00000000a53ed894,4.11
3035,2019-08-04T12:41:06Z,a3e2b787062412a5c0f0f4c118f7ba472a52fe9558872792cfd31d61,60.17002,24.94407,000000006b087f40,17.4
3036,2019-08-04T12:41:06Z,a422a30ec1eb058c7930e1352297c161639faa5b3ca5f5fa47c4adb3,60.14947,24.91438,000000004ef3150d,5.91
3037,2019-08-04T12:41:06Z,a4787b6f2d40f6190707f57bbc4805899cd1b06e2a89cf9a01441995,60.16829,24.94214,00000000afef4555,14.89
3038,2019-08-04T12:41:06Z,a4f416ec0941bb365e3665d7fd224fad15d74225e8ce9f6dd6368bc7,60.17065,24.93641,000000000f4919c9,14.89
3039,2019-08-04T12:41:06Z,a57caa482ee69e8fa5e65ac8e8a673ec8086a89a3896c3b5edb00f15,60.149,24.9843,00000000fffb8cf0,25.36
3040,2019-08-04T12:41:06Z,a6158fc663b4931ef4e811a4acf62ab2f658241775e200b14684f87d,60.16897,24.95222,00000000aa852af1,13.75
3041,2019-08-04T12:41:06Z,a6f944078dd26796f5a849ccb6fdf8a4436f913cf3302597c846462d,60.16762,24.95415,000000006b44cce7,12.69
3042,2019-08-04T12:41:06Z,a7472d1b63171c047444981df223670390009e3ea502132d9963e9fb,60.14947,24.91438,000000004ef3150d,8.38
3043,2019-08-04T12:41:06Z,a76d219c3abcc4ec3a54dd834263f9a24972c71be4c7bbbfc663f22f,60.14699,24.922,00000000a53ed894,3.4
3044,2019-08-04T12:41:06Z,a794d97e26d3678bb11b4364880414bb7bfac4bb49d1867b37b489f7,60.14947,24.91438,000000004ef3150d,9.12
3045,2019-08-04T12:41:06Z,a7a7f84e910c87d01420156efca1675f2f263a8f7f1212bb161e73f3,60.14951,24.92138,0000000006dd41f6,14.89
3046,2019-08-04T12:41:06Z,a7d247cd87a1d3e488758d4d389ca094511c5ba1bac0318b205e2157,60.16762,24.95415,000000006b44cce7,14.89
3047,2019-08-04T12:41:06Z,a8bd45406d5913e098652d4c2d836339758e08d21bf5d88becabdd36,60.14947,24.91438,000000004ef3150d,7.05
3048,2019-08-04T12:41:06Z,a8df2631c2442628608c1f0352c896eb532a6ca08c85de2c77360aa8,60.14947,24.91438,000000004ef3150d,9.92
3049,2019-08-04T12:41:06Z,a9383e1c3d9b3355965662ff18ad95dfb64daa5d8e71fc20e7e50df7,60.14699,24.922,00000000a53ed894,18.79
3050,2019-08-04T12:41:06Z,a96e9a3805def174e6ededa93b88ce312739d9d68941dffdeca03e9f,60.16762,24.95415,000000006b44cce7,3.4
3051,2019-08-04T12:41:06Z,aa076c3f0d09145aebbb750dde9849ba4eb6759e92ba5753280184d6,60.16762,24.95415,000000006b44cce7,11.7
3052,2019-08-04T12:41:06Z,aa5773b59ce2bf1eee53e4e77cd3c261465d2ea538c9a85b8de30cd8,60.14947,24.91438,000000004ef3150d,13.75
3053,2019-08-04T12:41:06Z,aa6d51fc5411b69567cb854360c4a81267eac19446946eb27618306a,60.14699,24.922,00000000a53ed894,12.69
3054,2019-08-04T12:41:06Z,acb831a572fef6e9e1fc74a3084583547930b1f96e8d952485f755ea,60.17002,24.94407,000000006b087f40,9.92
3055,2019-08-04T12:41:06Z,acdcc8ae1d1c6bb055dfc108154eae58b4b894f0ce1ff174c1065c7e,60.16762,24.95415,000000006b44cce7,2.54
3056,2019-08-04T12:41:06Z,ad8af809ed47a3391bb53d11da159b3a8b0ddc264d94c049ce72bda0,60.17065,24.93641,000000000f4919c9,0.71
3057,2019-08-04T12:41:06Z,ae87b8dd8920695bc9e599874667205991c04e30666d8523f0be4350,60.14947,24.91438,000000004ef3150d,10.78
3058,2019-08-04T12:41:06Z,aec4b11f0b1ec075878ca4a3b94da464f6fc96e330b913d5bfd346b0,60.16897,24.95222,00000000aa852af1,3.74
3059,2019-08-04T12:41:06Z,af64ca430076b1e91eeb89134e0e026479928845cbe1943bc56104c2,60.14947,24.91438,000000004ef3150d,9.92
3060,2019-08-04T12:41:06Z,b06c7ebb0cc7182279f47fe99da297fb7bda883549cb7bbc05dff36f,60.16829,24.94214,00000000afef4555,18.79
3061,2019-08-04T12:41:06Z,b26a9be85f5fd17ea58397762fa55db3c8f68fb709d586d61527c892,60.16829,24.94214,00000000afef4555,4.5
3062,2019-08-04T12:41:06Z,b2a01c2a06c3cf1a48333e58e787d9eaf2f975a738c02878220d7774,60.16829,24.94214,00000000afef4555,13.75
3063,2019-08-04T12:41:06Z,b2b344932a455663bb9c15f518950a54e05393ddfca54e5cc094e89a,60.16829,24.94214,00000000afef4555,17.4
3064,2019-08-04T12:41:06Z,b3d99c04e3db6b698e6e54f19434461336954d0c15385bff6e557be8,60.173,24.92524,0000000096918cfa,21.87
3065,2019-08-04T12:41:06Z,b41cc64d7ab4e16a03573bdc3b5863c4b402ec66c7780c7900c02877,60.16829,24.94214,00000000afef4555,16.1
3066,2019-08-04T12:41:06Z,b523d3f8341906e4b3877ff7d9614b4e10d6bbf10afdcc6c53656c8f,60.17065,24.93641,000000000f4919c9,27.28
3067,2019-08-04T12:41:06Z,b7039958be9f53a3eaed97f705a1974815f52f25226e920155397bec,60.16075,24.95883,00000000f1124bca,20.28
3068,2019-08-04T12:41:06Z,b7867e052453c9caa213f48b033624b744187f4cd77c2418cf9d7b79,60.14699,24.922,00000000a53ed894,9.92
3069,2019-08-04T12:41:06Z,b936adc4821ac74aa643564d0b86e3858f1ec392e3f43e92427d7edc,60.14699,24.922,00000000a53ed894,16.1
3070,2019-08-04T12:41:06Z,b9c0ac0bb7310d92c296a8870603ebd12c0c632cfc2a1fa33092b337,60.16762,24.95415,000000006b44cce7,14.89
3071,2019-08-04T12:41:06Z,baa222a8cd4bafd707316f5932b27c8a4aa5bca6b488ae3d59c3b0dc,60.17065,24.93641,000000000f4919c9,20.28
3072,2019-08-04T12:41:06Z,bb0193f2b0ac4801fe82ed5cec75e687465d707d92e731047f81650f,60.1538,24.95595,0000000038bf9618,1.25
3073,2019-08-04T12:41:06Z,bc07df8cc395f6f4f5d483b2233caca5f93a6918f346e4cc3702f8cc,60.16531,24.9442,00000000fdda10fe,13.75
3074,2019-08-04T12:41:06Z,be52b901acbdb877b39a6d46af301e3105e19cea90b64ee92557ab55,60.17002,24.94407,000000006b087f40,23.56
3075,2019-08-04T12:41:06Z,bebf1edb9736fe66391376c4cf2a3033ab9fa83ae21f86b66392e2d0,60.16762,24.95415,000000006b44cce7,16.1
3076,2019-08-04T12:41:06Z,bef86aee891e6813146b3b9679809c39591429ebddf99a44cc9a60ed,60.14951,24.92138,0000000006dd41f6,21.87
3077,2019-08-04T12:41:06Z,bf2e5725b255e320f1e8375ec03f55194f1fd9f751be9629d873a5c8,60.14699,24.922,00000000a53ed894,4.5
3078,2019-08-04T12:41:06Z,bf992d3cd95a73f02d7223eaffe90a94e3e1e98a8c6759bab631b5b0,60.14947,24.91438,000000004ef3150d,4.94
3079,2019-08-04T12:41:06Z,c0722f63618f97eb8ec4afac1a8538b81a3c87e623d753ad1201bf7c,60.16075,24.95883,00000000f1124bca,4.11
3080,2019-08-04T12:41:06Z,c1e4323d2276cb6e358f5fabb123294e7a0ef87e7169f3cccc8f2e03,60.16075,24.95883,00000000f1124bca,20.28
3081,2019-08-04T12:41:06Z,c36d58ed0e0dddb3e26be1214e369db1c3fa3d4bcf8b53536a25239b,60.17065,24.93641,000000000f4919c9,3.4
3082,2019-08-04T12:41:06Z,c3b2521faf0f7ae79434e40e86c59699d399444b775c7619f6e73e36,60.16075,24.95883,00000000f1124bca,25.36
3083,2019-08-04T12:41:06Z,c3be6dcc2c0542676c20d28ce38adbe2c0b9be09caa3f22e60210636,60.16075,24.95883,00000000f1124bca,25.36
3084,2019-08-04T12:41:06Z,c493415e869d6e6304841784a120f994272b83557256b43e44e4f3e0,60.14699,24.922,00000000a53ed894,2.8
3085,2019-08-04T12:41:06Z,c4dfae0a1b1bd27741275e8f26148b119bf7225960b4275e488612b9,60.14699,24.922,00000000a53ed894,14.89
3086,2019-08-04T12:41:06Z,c551d554f64ffda092ce6c4a6715f0ed438c9649f7676b2944f1ea2f,60.14699,24.922,00000000a53ed894,9.92
3087,2019-08-04T12:41:06Z,c633a260ce59bad4e1ca42f12936ed8ae57a40f5e6528dfb70052c43,60.16897,24.95222,00000000aa852af1,7.69
3088,2019-08-04T12:41:06Z,c7416c039513e3156222d936c483164a0914a3b5a5310985374f4767,60.17065,24.93641,000000000f4919c9,17.4
3089,2019-08-04T12:41:06Z,c90216654c3f7c2e3af7070a6d4971c17195f6f95e696ce1b74a83f6,60.14699,24.922,00000000a53ed894,17.4
3090,2019-08-04T12:41:06Z,c905a50dedd9b3d2114cde9160b7adf83adc09683b65598ce24c4047,60.1538,24.95595,0000000038bf9618,23.56
3091,2019-08-04T12:41:06Z,cb3f05d5604f5532e039e6d40514b13aba8f6274d952bb17a8b801fc,60.15432,24.9211,0000000019fb59c4,11.7
3092,2019-08-04T12:41:06Z,cbd334d06c16786ddc543b71b34da6278d203ac72606f0f9275e0936,60.16829,24.94214,00000000afef4555,6.46
3093,2019-08-04T12:41:06Z,cc2cf42c6b14536fb92c810ff0e3dd5a3caa74236f14246a5b6e8cdc,60.16762,24.95415,000000006b44cce7,8.38
3094,2019-08-04T12:41:06Z,cce6b6f309e43e2bb1be6a9784582a82891e976d0869d01040586d27,60.14947,24.91438,000000004ef3150d,7.69
3095,2019-08-04T12:41:06Z,cd3e127e27387b6e06cdf27f46fb6046e4182e4d7b49b49c17167c1c,60.14947,24.91438,000000004ef3150d,21.87
3096,2019-08-04T12:41:06Z,cd47b9ac851ce6b21df7b8e918554b0cb1a12d03da7e0aaf14e19314,60.14947,24.91438,000000004ef3150d,11.7
3097,2019-08-04T12:41:06Z,cd4ecd3b83630f6e5d65f635804e47a1ceb82853aac36af30044f06a,60.149,24.9843,00000000fffb8cf0,16.1
3098,2019-08-04T12:41:06Z,cd9b2be9ffb37c8b7c5c25f587c95b1c7932a21fb245487ea2f740d9,60.14699,24.922,00000000a53ed894,13.75
3099,2019-08-04T12:41:06Z,ceb777dafa9b7e39125b89735b7f0cf22c3018eb0196043ac8160370,60.14699,24.922,00000000a53ed894,7.69
3100,2019-08-04T12:41:06Z,ced0425d382ce86b7565a8b7b36a453a0880a08ba10090524e6c1ac5,60.14699,24.922,00000000a53ed894,16.1
3101,2019-08-04T12:41:06Z,cef1d06a10cfa08bcaef8b36535c2ec32c756a76cc0d5c2a1246f933,60.14699,24.922,00000000a53ed894,18.79
3102,2019-08-04T12:41:06Z,cfa42322be0000cf89d8969d1b88ace0ba99cab721dd58d55d41a36e,60.17065,24.93641,000000000f4919c9,14.89
3103,2019-08-04T12:41:06Z,cfc2a688ff31fbb1baac8790fb6d56dc7746ba2cf9e0e5f39d4751a4,60.14699,24.922,00000000a53ed894,14.89
3104,2019-08-04T12:41:06Z,d0413da80c7714f40ffe50dcfb00039280c64ecebc61c59df72965e6,60.149,24.9843,00000000fffb8cf0,17.4
3105,2019-08-04T12:41:06Z,d0aa228c2a3e6e1568e876cffc76874702e0f0f63f18533551bf02c1,60.16075,24.95883,00000000f1124bca,13.75
3106,2019-08-04T12:41:06Z,d2b1a7ead9aff41a8cb3fff6b7f4ee84a780b52aae2f3838b83447fc,60.16829,24.94214,00000000afef4555,11.7
3107,2019-08-04T12:41:06Z,d3486259a51296194d20e84e88ba4588e37cf48661effba832c33ab0,60.16762,24.95415,000000006b44cce7,10.78
3108,2019-08-04T12:41:06Z,d38e88e5b926f9d1de6e326cca45116fcca11f10684c80876739c6cd,60.16075,24.95883,00000000f1124bca,9.12
3109,2019-08-04T12:41:06Z,d3a37aedae39925bda7da8e4f05a61b85904a00f88e8684006c76351,60.16829,24.94214,00000000afef4555,9.12
3110,2019-08-04T12:41:06Z,d64eda229ebb6012e59bc89eacb74918e404ce52f16b491f3d48e800,60.16897,24.95222,00000000aa852af1,11.7
3111,2019-08-04T12:41:06Z,d87210146aab139cc6640a20b428dce6ac516806a71a177b70e04f62,60.17065,24.93641,000000000f4919c9,7.69
3112,2019-08-04T12:41:06Z,d8f93f7019ced3cf8ccc2946465e8113293e75498092e982fd45bbc5,60.16762,24.95415,000000006b44cce7,12.69
3113,2019-08-04T12:41:06Z,da667dfa2d8a272a7398e186de027fabd2052052c0aad767a1c7d966,60.16897,24.95222,00000000aa852af1,18.79
3114,2019-08-04T12:41:06Z,db6993de0692cf79ab1b8e7d86e4b5832d11f57f026a6eb339f977bf,60.14699,24.922,00000000a53ed894,11.7
3115,2019-08-04T12:41:06Z,dc29fc122dca84cf7fb8f27f12d1a8fbb3e2530bd3ea7cf829df6dce,60.17065,24.93641,000000000f4919c9,25.36
3116,2019-08-04T12:41:06Z,ddc8410b9e4ece4b995b789f95e526693bac176ed77092ba57355dc8,60.16762,24.95415,000000006b44cce7,11.7
3117,2019-08-04T12:41:06Z,ddd849ee86afceedd5f5582ede84380d5596c9ea304d634ab0fd0de0,60.16829,24.94214,00000000afef4555,7.69
3118,2019-08-04T12:41:06Z,de09fd8d15c3d7adbf440a3d0a418a3b476513c968bda8a4aa652adf,60.173,24.92524,0000000096918cfa,12.69
3119,2019-08-04T12:41:06Z,de0d086ae32f87522eab31d3bc52545ed17b065889674963c0709568,60.16829,24.94214,00000000afef4555,12.69
3120,2019-08-04T12:41:06Z,de84f754a3916c8f831b0bb8ea41fc2a42cdea2794558fece3c7ae97,60.1538,24.95595,0000000038bf9618,11.7
3121,2019-08-04T12:41:06Z,e02c0f9f72e9f248a4b5df8af328e1a0132d4d8a72c1e603d14cdacd,60.18203,24.91341,00000000342570c2,20.28
3122,2019-08-04T12:41:06Z,e0df847c19b463dec6cea35494d375ce136a276c6a785936c931f60f,60.18203,24.91341,00000000342570c2,17.4
3123,2019-08-04T12:41:06Z,e1a443e10353da64728464e8a720aaf22a62b80d404f1acae1a1c6ee,60.1538,24.95595,0000000038bf9618,31.5
3124,2019-08-04T12:41:06Z,e23a6115ba872037f9b5066c9c9c966b497f449e32a2c9ceb0e55497,60.16829,24.94214,00000000afef4555,12.69
3125,2019-08-04T12:41:06Z,e2d7945f2c60a0d0622aef6a266620cf09df2e3a66baf2d303464c90,60.1538,24.95595,0000000038bf9618,33.81
3126,2019-08-04T12:41:06Z,e341e5e3e0b4fef8c3764508293310da5922b202d791694e43069ad1,60.16544,24.95398,0000000038d83d41,17.4
3127,2019-08-04T12:41:06Z,e34bcebfa007159f3d2adb0e62e20fcf721a221f52bdfe2a6ad77831,60.18203,24.91341,00000000342570c2,16.1
3128,2019-08-04T12:41:06Z,e35717ff07f32be5a2e1520f1855533f8dcc72cff7930c9cba9da32b,60.14947,24.91438,000000004ef3150d,9.12
3129,2019-08-04T12:41:06Z,e3c03ee00a1bcd066f8b260cc5b9824d1118b7b7f972a818752aabc7,60.14947,24.91438,000000004ef3150d,7.05
3130,2019-08-04T12:41:06Z,e40a26f3f7468f4ac2302b45f1ed9aab7fea245ccf81d0c08072c881,60.16829,24.94214,00000000afef4555,16.1
3131,2019-08-04T12:41:06Z,e621e7131322cca25ac9c09fde26ef4c94d2ba83c5679134b2bcf63d,60.16762,24.95415,000000006b44cce7,12.69
3132,2019-08-04T12:41:06Z,e6f4e3d1f5e01888556b077224cb4d8f88d63306fff2388e3fd997d0,60.14951,24.92138,0000000006dd41f6,21.87
3133,2019-08-04T12:41:06Z,e6f7965f2ef456f61121bcce5e466f125192e511c2af72d901307e8e,60.16762,24.95415,000000006b44cce7,9.12
3134,2019-08-04T12:41:06Z,e7cd5f775c7eea951719f351fcc25c710f857832d6f4b70a51b7b82d,60.16897,24.95222,00000000aa852af1,17.4
3135,2019-08-04T12:41:06Z,e847a9704479e2e4af5bf22f89d10cc8dae207184129366fbe0e46a0,60.16075,24.95883,00000000f1124bca,12.69
3136,2019-08-04T12:41:06Z,e8edad8445fc4965a5c0eae45906480d83b15e61fc6139c7bdea1e33,60.14699,24.922,00000000a53ed894,10.78
3137,2019-08-04T12:41:06Z,e9115410fa45db5a174eee008cae729dc69937a0e0b5a304899bf1b9,60.17065,24.93641,000000000f4919c9,17.4
3138,2019-08-04T12:41:06Z,e92230dc6ed39c00fcf9869eab85626b72672a3722fc667270ef7764,60.16629,24.95957,00000000fb7600be,47.69
3139,2019-08-04T12:41:06Z,e92eb020afcd7c1fad04690230ff8c2f005e404dd25b8dced1df30dd,60.16075,24.95883,00000000f1124bca,10.78
3140,2019-08-04T12:41:06Z,e95415d461b040c869512659bcc843eedf3267c4b029a0b3fab444aa,60.16829,24.94214,00000000afef4555,17.4
3141,2019-08-04T12:41:06Z,e9e19621fc5cfcfed2c808bbadc6cc6dd31e28d3c04cef8b89ca2729,60.16075,24.95883,00000000f1124bca,11.7
3142,2019-08-04T12:41:06Z,ea157e44ed100be3f782d8b3d8e5e0986079c588c9ea754b14917df0,60.16829,24.94214,00000000afef4555,4.94
3143,2019-08-04T12:41:06Z,ea2f4d9799324f4cd2a6fcda1625b65acdbab9f6b8331c26f63beec2,60.16897,24.95222,00000000aa852af1,31.5
3144,2019-08-04T12:41:06Z,eaa9924da1e700147607d5145e2b55b48b65deea922ee2e59bd1d5a7,60.173,24.92524,0000000096918cfa,11.7
3145,2019-08-04T12:41:06Z,ec350e26364cb676c4cdb72647f039c31e27c775e7bb8973223e5d9b,60.14947,24.91438,000000004ef3150d,6.46
3146,2019-08-04T12:41:06Z,eca02e24138faaf8fc3783b3c7a2b83fbbceaaa3ae3b5697c6c03295,60.16829,24.94214,00000000afef4555,27.28
3147,2019-08-04T12:41:06Z,ef352dcaa8317b6a3c0a02cd8908dd13da5601cc66ba65c5fd8d031a,60.14947,24.91438,000000004ef3150d,11.7
3148,2019-08-04T12:41:06Z,ef77b04fc57a9781bf581172358ba74cf41e0b2a6ecc8090f99810bf,60.14699,24.922,00000000a53ed894,8.38
3149,2019-08-04T12:41:06Z,efb34de795db6f264e3952a38caeeb1f9639190c609e5af11b12cf58,60.14947,24.91438,000000004ef3150d,13.75
3150,2019-08-04T12:41:06Z,eff99f303ba37ed36542008434b2d20e50155593bb9fc7bc1dcc4bf3,60.16075,24.95883,00000000f1124bca,6.46
3151,2019-08-04T12:41:06Z,f00fb569fe1448dccb8e92e24b081a3164b59eb117131800780c70a9,60.14699,24.922,00000000a53ed894,13.75
3152,2019-08-04T12:41:06Z,f062cb52d49926a4fb39f723275ed60ab6c0f3bf34e0c3f9d233b7b8,60.14947,24.91438,000000004ef3150d,4.5
3153,2019-08-04T12:41:06Z,f1eb1b22a5e01064a1829b325d256218c68bc9134f03a3f09f3e2566,60.16829,24.94214,00000000afef4555,23.56
3154,2019-08-04T12:41:06Z,f2759841619517bff6a58510ebb0ddbc9378cd300d99652f9b14f90d,60.16531,24.9442,00000000fdda10fe,36.27
3155,2019-08-04T12:41:06Z,f2deba4ef84dbbc8c5d8524f6e2311183003bce4f9bfa6aef5b5ef66,60.14947,24.91438,000000004ef3150d,7.05
3156,2019-08-04T12:41:06Z,f2e063c8c25a8bec0dd6ec3924a5f59fd9694078f2f3fd5b3ea96f29,60.16762,24.95415,000000006b44cce7,16.1
3157,2019-08-04T12:41:06Z,f366283765028e1454f3cfc564b9f220c9d700bfa8a843746eca3141,60.16897,24.95222,00000000aa852af1,27.28
3158,2019-08-04T12:41:06Z,f39827c3c7f4c833d1118043492f78e3255b6da9f4a2c000041d9b61,60.16829,24.94214,00000000afef4555,7.05
3159,2019-08-04T12:41:06Z,f5f7cfe177dfb0b7ebba2419ae53f70b6b5690dd98d98586004a9107,60.149,24.9843,00000000fffb8cf0,13.75
3160,2019-08-04T12:41:06Z,f6a88c4482d078d6a1d51eabc04916c6f7566cff4a16fd55f3abdef0,60.16531,24.9442,00000000fdda10fe,21.87
3161,2019-08-04T12:41:06Z,f7777ac6285e2f6b6aa546b03f294d81e169b8236268cfed232c9679,60.16897,24.95222,00000000aa852af1,20.28
3162,2019-08-04T12:41:06Z,f796c9efc581b25280d4b416f8ba3aecca6ddf083e7bdad05f6e595e,60.14699,24.922,00000000a53ed894,14.89
3163,2019-08-04T12:41:06Z,f7f0caf73572bea3c08b592eeb9655b2668cfb16fd8840ca5619d84a,60.14699,24.922,00000000a53ed894,1.38
3164,2019-08-04T12:41:06Z,f81439a39740937c6cba523d5ebca87b52d69ff29fb449cf42ade4d6,60.14699,24.922,00000000a53ed894,18.79
3165,2019-08-04T12:41:06Z,f84faae0aa9ce2d1d09d270282dd81033ad1352346128534d8c3fc7f,60.149,24.9843,00000000fffb8cf0,20.28
3166,2019-08-04T12:41:06Z,f868d87b5d5a7094b60a131cd3e120c25787ebf751f7c93640b34942,60.16897,24.95222,00000000aa852af1,21.87
3167,2019-08-04T12:41:06Z,fa96854324adae88abb35afa34b2393a20338bfd8fc9602d3ce6ae8d,60.14947,24.91438,000000004ef3150d,4.5
3168,2019-08-04T12:41:06Z,fadc39da3cd26ac621092fbbff224b95bb13446c8d24bbf4f3e50e90,60.14947,24.91438,000000004ef3150d,20.28
3169,2019-08-04T12:41:06Z,fdae9ef39942cf54462ee06edd41b7e506adc4d1ee57c4ef579413d0,60.16829,24.94214,00000000afef4555,29.32
3170,2019-08-04T12:41:06Z,fe5ca86c906b1cb3bf9dd257ceefc562e41da499878f1074484f7d42,60.14947,24.91438,000000004ef3150d,11.7
3171,2019-08-04T12:41:06Z,feb399897846bc34dc3f4b06ac4ef0ffb0db885977b88e5c5fdb7350,60.14699,24.922,00000000a53ed894,4.5
3172,2019-08-04T12:41:06Z,ff4f3e0f964f23b97e88626f7a506bb4409718931712c58ce0f247af,60.16762,24.95415,000000006b44cce7,9.92
3173,2019-08-04T12:41:07Z,07d86ad98399440d0cc3bd3382a7256feb971e49a3686dc17f532e1c,60.16829,24.94214,00000000afef4555,17.4
3174,2019-08-04T12:41:07Z,1142f5b6806b1ec7d8d47d47013eb530d8a7418f6934d8867b20966a,60.16829,24.94214,00000000afef4555,20.28
3175,2019-08-04T12:41:07Z,14c7e1511b70f4dd3359cbece1377aebb4d70531f5489eefe53d7c3c,60.16544,24.95398,0000000038d83d41,25.36
3176,2019-08-04T12:41:07Z,1599d2c9070a6f05e1a5887c2d9209214c04818c6203fe75440734f2,60.1538,24.95595,0000000038bf9618,23.56
3177,2019-08-04T12:41:07Z,165ebbb4090d47319ae370f0d0854fdc1f6b79499f8b2e4d3c3533c0,60.16544,24.95398,0000000038d83d41,23.56
3178,2019-08-04T12:41:07Z,211f6b7b044343d0be369791b3fa3c144d0d0f391e2a42787712efb0,60.16448,24.97323,0000000053c6c2be,12.69
3179,2019-08-04T12:41:07Z,21d09757012e8f7297d1de922f681bcc36581a3d7be770b42b3780a0,60.15432,24.9211,0000000019fb59c4,17.4
3180,2019-08-04T12:41:07Z,25a7ff811c3c06e426c7c2cbb0433d9a2a3399b23afecbd35584ab0f,60.18203,24.91341,00000000342570c2,14.89
3181,2019-08-04T12:41:07Z,2603b5aecd8f219a410e558446935308ecabb09a6c9e5b38533728ff,60.16829,24.94214,00000000afef4555,18.79
3182,2019-08-04T12:41:07Z,2d3d031189abfaea69cd551a97b2b2d056a908f19bc56701010a2304,60.16897,24.95222,00000000aa852af1,12.69
3183,2019-08-04T12:41:07Z,315af4a829b592ba99b203b8ed2cbd499769f8752dfe6de7da4ee929,60.16829,24.94214,00000000afef4555,18.79
3184,2019-08-04T12:41:07Z,3a93902ba6b635489cd6f55b08d93e6fe7a5bc0a86a0b490a88f6d1b,60.16075,24.95883,00000000f1124bca,23.56
3185,2019-08-04T12:41:07Z,3b5cafe90982db26cf737b2e4cd4275276f6a031bca3b2a1f73023b2,60.14699,24.922,00000000a53ed894,18.79
3186,2019-08-04T12:41:07Z,3fe84a5a1e657df8910685df3a8cf779a6ebc3362fbc8e578f235ee4,60.15432,24.9211,0000000019fb59c4,6.46
3187,2019-08-04T12:41:07Z,4317f5904a5e6ae921bf743dd534c803083fd90b15a1245881beeade,60.16897,24.95222,00000000aa852af1,21.87
3188,2019-08-04T12:41:07Z,43b676ed3aef4c2d8846694817e76117873be52e7f788e0cb366c1c4,60.16629,24.95957,00000000fb7600be,31.5
3189,2019-08-04T12:41:07Z,44d0b94469070803869f229601e877beb613c3f5aafa009addf97a1a,60.16544,24.95398,0000000038d83d41,21.87
3190,2019-08-04T12:41:07Z,4656bad9b5e6dfc3977eca308fc1db3dbf8b0204b90d09b001da242e,60.1638,24.96846,00000000d747f075,41.64
3191,2019-08-04T12:41:07Z,4a1efc9faf9548fe0ed72037d54a131265a72e61fdfc2009a4e9408a,60.16075,24.95883,00000000f1124bca,16.1
3192,2019-08-04T12:41:07Z,5d65719c4cbf045f068d084b72302f447d5fd034413d97d13be00d0e,60.18203,24.91341,00000000342570c2,20.28
3193,2019-08-04T12:41:07Z,5eed115a984d490b02b602d73787aee8dc8c4e9365b77fbff3818a76,60.16629,24.95957,00000000fb7600be,21.87
3194,2019-08-04T12:41:07Z,66dabd3229229330d23c70e9e1737429ddfe69db01f4a6a00f70fa20,60.16762,24.95415,000000006b44cce7,18.79
3195,2019-08-04T12:41:07Z,69219e9efa41ae9e732653e9eaf08e1a34cb853a9dafe76ddeea4d04,60.16897,24.95222,00000000aa852af1,16.1
3196,2019-08-04T12:41:07Z,6a70e2fbced719333e21eff04fcb9cb36bae9a04d1a3d6ddd96f2c58,60.15432,24.9211,0000000019fb59c4,8.38
3197,2019-08-04T12:41:07Z,70d8572458a1a103555bab897b6443e601e0ed211414b15ad0b56f60,60.16544,24.95398,0000000038d83d41,29.32
3198,2019-08-04T12:41:07Z,747f2d1ebff218c0ebbdc0fdaef4cbe56633dfb46ae1b1f8c8142201,60.16762,24.95415,000000006b44cce7,16.1
3199,2019-08-04T12:41:07Z,7678cdb86d454ca9ae52f22d97e635106585a3a046d01da4463695cc,60.18203,24.91341,00000000342570c2,21.87
3200,2019-08-04T12:41:07Z,8468db43b6df433cf4f806fa750ab4ec625503fd4b89d96b5b6f1b1c,60.16075,24.95883,00000000f1124bca,12.69
3201,2019-08-04T12:41:07Z,85ef35aecf2ff804be3d958b592705ec41c6df9c128c132c65bb283d,60.16897,24.95222,00000000aa852af1,27.28
3202,2019-08-04T12:41:07Z,87dfaad29a9276ddddb1fa021d3bc23ad14824c1af16f7d87e713689,60.14951,24.92138,0000000006dd41f6,13.75
3203,2019-08-04T12:41:07Z,88808fe92573e9cdf022cc15b9689b6b4b9429f60513c8897b0ba4c7,60.16897,24.95222,00000000aa852af1,25.36
3204,2019-08-04T12:41:07Z,8c75c3289c84fe4493e1e272a77b615fe1985880c5dc68a7c1a17b53,60.16762,24.95415,000000006b44cce7,10.78
3205,2019-08-04T12:41:07Z,9843c6216661048343a0e49cf3d8aa2883cf77f452666a1c873a1052,60.16448,24.97323,0000000053c6c2be,13.75
3206,2019-08-04T12:41:07Z,9bc8068948a5b881e1bded553efe012fe129e3e4df62f64a6724917e,60.16829,24.94214,00000000afef4555,29.32
3207,2019-08-04T12:41:07Z,9fc0711d7e7722eff7faa0cb6f17846680c06515c1eb93dd49ebcf25,60.14699,24.922,00000000a53ed894,14.89
3208,2019-08-04T12:41:07Z,a8f8130135c784b027355228017bbfe99e5a6eecec153d44b78bedd3,60.16829,24.94214,00000000afef4555,14.89
3209,2019-08-04T12:41:07Z,acd2647d413f41552b31b6e383da445c8902bc2a764d2b7791a7b164,60.16762,24.95415,000000006b44cce7,12.69
3210,2019-08-04T12:41:07Z,af807b67ce09a2ce1744025c421961213f1608ca658ece4df69555a1,60.16762,24.95415,000000006b44cce7,14.89
3211,2019-08-04T12:41:07Z,b3d30798e4605a05b11dfff0f3fe01c2e8e16ac491fdb956f128ff23,60.14947,24.91438,000000004ef3150d,13.75
3212,2019-08-04T12:41:07Z,b5fd6b317890e5ab2d79e2cd1abe61626d45a753c7337d0d40728898,60.16762,24.95415,000000006b44cce7,10.78
3213,2019-08-04T12:41:07Z,bb98768dad0f7c52cf643f035a3e7e48f5cfe28557c66f2a75914b31,60.14699,24.922,00000000a53ed894,16.1
3214,2019-08-04T12:41:07Z,bedde70080278440cf33f510482f5dbd45ad8321fdcb248b929437f7,60.16762,24.95415,000000006b44cce7,17.4
3215,2019-08-04T12:41:07Z,c40c37def6bf11a63a2556519a7c6233fd417cdeea2cf14f28e7c42c,60.16531,24.9442,00000000fdda10fe,27.28
3216,2019-08-04T12:41:07Z,ca6927628f5ddda20036865c9345ad93d476d62ade3b181de568eed6,60.16897,24.95222,00000000aa852af1,17.4
3217,2019-08-04T12:41:07Z,ce358a51e6d8aadc92f348d84faf2751693f532bef422ca636a0e1ea,60.17065,24.93641,000000000f4919c9,17.4
3218,2019-08-04T12:41:07Z,cf05623e4d87ce0906c0b0b7dbf53aacc1228016cd27c341228b6e76,60.18203,24.91341,00000000342570c2,17.4
3219,2019-08-04T12:41:07Z,cfc0bedb78ded52749db3188cb188bf6a250ef5990da9c5afa9623fc,60.14951,24.92138,0000000006dd41f6,20.28
3220,2019-08-04T12:41:07Z,d0a50f3001c258a38880550f6c0835fcaa85f0a6d36687dc5de98f3b,60.16629,24.95957,00000000fb7600be,11.7
3221,2019-08-04T12:41:07Z,d366aa1925472f34a389921734c1777d6d7c2e812b0f284d78697edf,60.1538,24.95595,0000000038bf9618,33.81
3222,2019-08-04T12:41:07Z,d568a92135fd8619da42f2038266f4922d5b6d48fe1c5f9490d39f30,60.14947,24.91438,000000004ef3150d,18.79
3223,2019-08-04T12:41:07Z,dcb7e8bb90af70568c12a902d706c70e1ac1213e31ba074756f0a27a,60.1538,24.95595,0000000038bf9618,31.5
3224,2019-08-04T12:41:07Z,ded49640b591e73bff71f84fb99d2739eb6c9554164a015017725e03,60.16829,24.94214,00000000afef4555,13.75
3225,2019-08-04T12:41:07Z,e8690c2d1711bc10f2d1251a3b5b1e770b98c66c384760400c604de1,60.16829,24.94214,00000000afef4555,25.36
3226,2019-08-04T12:41:07Z,e8e366e76c97944e23c0f80b4fd3ce6e5832744922297146a49f0c7e,60.16762,24.95415,000000006b44cce7,21.87
3227,2019-08-04T12:41:07Z,e96bd269a48b822b06141c3362fcb6d5ed4d0d09a120f2e4a712d5c2,60.16897,24.95222,00000000aa852af1,13.75
3228,2019-08-04T12:41:07Z,ed70dda6b7faebd4340dacdb452ab224d9d3c308df417b7fa76f54e8,60.14951,24.92138,0000000006dd41f6,23.56
3229,2019-08-04T12:41:07Z,eee5797db5c3753514933a12e2485caee4ee5803b4d830ba1c22e5c5,60.14947,24.91438,000000004ef3150d,8.38
3230,2019-08-04T12:41:07Z,f088630d7476dae7d4b7e2bb1f10575f2c89acb4b6e061f3d57c2b40,60.16531,24.9442,00000000fdda10fe,23.56
3231,2019-08-04T12:41:07Z,f405a7c4a3a4339f8e3f7e552f6492d6eed76f7d08c54943286213de,60.16762,24.95415,000000006b44cce7,9.12
3232,2019-08-04T12:41:07Z,fc4f3a44235f1cfc7b53f14ba2da599976a5a0a220d23b852688e485,60.17919,24.95181,000000007b5207b6,16.1
3233,2019-08-04T12:41:07Z,009ad4cd2bd97e04da44cc9789e6bdbdb899eded61d05b7d5634b7be,60.16829,24.94214,00000000afef4555,13.75
3234,2019-08-04T12:41:07Z,00a07b1f8113691d8475c54082a14cdd54decf9845a90e75df8031a6,60.17065,24.93641,000000000f4919c9,29.32
3235,2019-08-04T12:41:07Z,036c183505fea646b54aeb0c612913cafba94eca65e47d3c6d840a68,60.17919,24.95181,000000007b5207b6,17.4
3236,2019-08-04T12:41:07Z,0479a26a59d65bf1dee05c06f4227a0ba63a6e9c9a09e7c34f2e06b4,60.14699,24.922,00000000a53ed894,5.41
3237,2019-08-04T12:41:07Z,05d441c83d2df822feaf93d7861452db7a201f22d84cfa36f421dfd2,60.16544,24.95398,0000000038d83d41,11.7
3238,2019-08-04T12:41:07Z,079d83ae6087cd1411666777b60e9986477a71ca0a318d4af5ae2f22,60.16897,24.95222,00000000aa852af1,23.56
3239,2019-08-04T12:41:07Z,08171a3d6565fe801fb5288c1100877c6835f5c3c9039afaebfa1cf1,60.149,24.9843,00000000fffb8cf0,23.56
3240,2019-08-04T12:41:07Z,0851ab74be2e888decf0046825f09ed302f7b2275e72b09b5b713d85,60.16829,24.94214,00000000afef4555,13.75
3241,2019-08-04T12:41:07Z,0a0acb70a8ef92be52a64d4425e70bb2f7a17d13942c3382c9d68878,60.149,24.9843,00000000fffb8cf0,2.08
3242,2019-08-04T12:41:07Z,0a862920946d7a0dcbee7c1cf28a7b77c57763261788dbd361ed6409,60.14699,24.922,00000000a53ed894,18.79
3243,2019-08-04T12:41:07Z,0a8eb41acf097f79d7e145d7a002bbaa9f5017b44076ad66b2dbe053,60.16762,24.95415,000000006b44cce7,20.28
3244,2019-08-04T12:41:07Z,0aabf0df4c3c5b45bb8950c92dbe624985f19e8650ed61f92571a65a,60.14699,24.922,00000000a53ed894,5.91
3245,2019-08-04T12:41:07Z,0acb4bd7319729fea4acf035921d1136d86a307a60b4444669cede1a,60.14699,24.922,00000000a53ed894,9.92
3246,2019-08-04T12:41:07Z,0b0dd9af9d52c68ff71ce266d6707abbb0f56c3c63be0f83f7b5df9b,60.16762,24.95415,000000006b44cce7,9.12
3247,2019-08-04T12:41:07Z,0c905239b8c0e14cba671cf4d4d715d1045a30ee62a6285fb489dbb0,60.16829,24.94214,00000000afef4555,18.79
3248,2019-08-04T12:41:07Z,0d3525b13d674f1645fdbe6d842fe37b2f416889c5472e9dfcc5445c,60.14947,24.91438,000000004ef3150d,5.41
3249,2019-08-04T12:41:07Z,0edfab64a80649c1b0b39aec3f774c4eab39a95d487fb651e1dc3329,60.16762,24.95415,000000006b44cce7,23.56
3250,2019-08-04T12:41:07Z,0fe681ee4c4c70c99bbacaf42e0d3c9bffc5818eb71197978a94b021,60.16762,24.95415,000000006b44cce7,5.91
3251,2019-08-04T12:41:07Z,1079de98d81ca59f568f6786745c1e4f7fe7b9501481607b3df44d83,60.14947,24.91438,000000004ef3150d,23.56
3252,2019-08-04T12:41:07Z,10a99e791e27975dc1c9d73d3163cabacf3bd7bd05a4f7abf6365426,60.14699,24.922,00000000a53ed894,9.12
3253,2019-08-04T12:41:07Z,10caaea8002e8b3b342b32710efdd7305ff375ca1cdc01411f66b2f6,60.14699,24.922,00000000a53ed894,13.75
3254,2019-08-04T12:41:07Z,11e86e782e9a7e18c01d0e60c9e85ea62294fb426a4c81b86c8bb8f8,60.17002,24.94407,000000006b087f40,16.1
3255,2019-08-04T12:41:07Z,120a63917cb5ab619bf9a71328f14020736ee84e75d5b37278748def,60.16897,24.95222,00000000aa852af1,12.69
3256,2019-08-04T12:41:07Z,126ff8aee22cf123572b51282d01680aea0dac78d907b5100c430c50,60.14947,24.91438,000000004ef3150d,33.81
3257,2019-08-04T12:41:07Z,13bcedb8c59b26417282929d81844b272c7c5bc295614f531219a8e4,60.14947,24.91438,000000004ef3150d,17.4
3258,2019-08-04T12:41:07Z,13ee67fb034e3d24edc9a9618e9d6de24979ebbcb399f83abb02a897,60.14699,24.922,00000000a53ed894,4.11
3259,2019-08-04T12:41:07Z,1582eee04b12138ba897d22887174c8a8df1e17f4a6e78e892042b2c,60.16762,24.95415,000000006b44cce7,18.79
3260,2019-08-04T12:41:07Z,161aa798c2a18e132fb27ecded773218ea4e42eabbd0e5794b1d7017,60.15432,24.9211,0000000019fb59c4,12.69
3261,2019-08-04T12:41:07Z,194e6ced97ec114a37fe06d6d73fb687c057d411be476f1ea6f4852e,60.16897,24.95222,00000000aa852af1,14.89
3262,2019-08-04T12:41:07Z,19e53513589dcba5028a4b34911362f7371db2323ba85afdee89638d,60.14699,24.922,00000000a53ed894,18.79
3263,2019-08-04T12:41:07Z,1a93dfa31156cee53b4bd527d8b74655a5da812b6933d8a86d871e47,60.14947,24.91438,000000004ef3150d,4.94
3264,2019-08-04T12:41:07Z,1b3fba902b8d1538b508cdc228fd15fdd87f5aecb68e5611b1a4e354,60.16762,24.95415,000000006b44cce7,2.8
3265,2019-08-04T12:41:07Z,1bcef866fafad7c7460a084e0b0d27c087b549f4ae704390708be47e,60.149,24.9843,00000000fffb8cf0,9.12
3266,2019-08-04T12:41:07Z,1c669457535e4635f732c228ec524f9d2c440b0d2132fa1acd93122a,60.16897,24.95222,00000000aa852af1,21.87
3267,2019-08-04T12:41:07Z,1c7ccd5d6570d98e57ef2ebbd716b7504b138f9bb616fbeaa0d1a268,60.14699,24.922,00000000a53ed894,14.89
3268,2019-08-04T12:41:07Z,1d5ec0c8a45043d2e6c60624e8d5aa2d56ec6381f625060179621bc4,60.16762,24.95415,000000006b44cce7,25.36
3269,2019-08-04T12:41:07Z,1dacfb371d75dd4f90f447aac2a00faad98beb4188a6971c19eb2375,60.16629,24.95957,00000000fb7600be,25.36
3270,2019-08-04T12:41:07Z,1de29ffd9360fbbeaef5c65201b5536524df17375122c5d2462b37ca,60.14947,24.91438,000000004ef3150d,13.75
3271,2019-08-04T12:41:07Z,1f74037ecab4dbdc5db1a8dc8b583a86630f86a5f2d0a5167b7fa605,60.18203,24.91341,00000000342570c2,23.56
3272,2019-08-04T12:41:07Z,1f81ed7274add201d3059d4a37e2bbe86b6ae1f0fd42a16d7b8dccaa,60.14699,24.922,00000000a53ed894,11.7
3273,2019-08-04T12:41:07Z,1faaaeff6423708e06d94b904af4be93e399939fbdfd3b3091dc8bd2,60.15432,24.9211,0000000019fb59c4,14.89
3274,2019-08-04T12:41:07Z,203a0c145a43c9a18f8c2a5ba4e18882e7430662bb4ac0e56ab37578,60.17065,24.93641,000000000f4919c9,14.89
3275,2019-08-04T12:41:07Z,203ea7cefd45873084263df2b0f41ad7b2e8878222fb6a53c263c534,60.16829,24.94214,00000000afef4555,9.12
3276,2019-08-04T12:41:07Z,20ac7b2ace7c0038aa8df01b9281a9c54f1551fc8ab9b662b1f1ca22,60.18203,24.91341,00000000342570c2,13.75
3277,2019-08-04T12:41:07Z,21eed3ade733687b8f56fade8290819b7c6b4a9f38468979fe692c3e,60.16762,24.95415,000000006b44cce7,6.46
3278,2019-08-04T12:41:07Z,2204ba387d2db0e7d2ca03f7ace46abff8d141668b73c75a1879d7ba,60.14947,24.91438,000000004ef3150d,3.4
3279,2019-08-04T12:41:07Z,2271cbccbcce28d3d0757d9a964f67df1a523b81d97355dc543dd848,60.16897,24.95222,00000000aa852af1,13.75
3280,2019-08-04T12:41:07Z,231026899a6d5b326cb5b1e38b182ca1acb77c7e27bc2378973b29db,60.16629,24.95957,00000000fb7600be,11.7
3281,2019-08-04T12:41:07Z,23337c2812924a07e4f0bbc92e56d1f85ea40208b6b987f4afc686cf,60.16897,24.95222,00000000aa852af1,14.89
3282,2019-08-04T12:41:07Z,244b51aa4a7059ba782925258111c295aa4de9596025c55ccd5580ac,60.16829,24.94214,00000000afef4555,10.78
3283,2019-08-04T12:41:07Z,257206d3f59df5c426a9c735f4741cba6d792de1cbafe62289d383d7,60.16897,24.95222,00000000aa852af1,8.38
3284,2019-08-04T12:41:07Z,2607d1b2fc6e31a80348fffbed68a7d3a8e0212f197f2d1c573c587b,60.14947,24.91438,000000004ef3150d,2.8
3285,2019-08-04T12:41:07Z,269124e75b1e74a7c7dc93b778e02f04d0a53e069a90081c0938ee4c,60.14699,24.922,00000000a53ed894,14.89
3286,2019-08-04T12:41:07Z,27d4452dcae7c8e389fc21669cb3ccaedac87d45d4b1a50131c939e4,60.16762,24.95415,000000006b44cce7,7.05
3287,2019-08-04T12:41:07Z,28b43564f7156b67db7cb7b779e948986d7610f921490f9030379704,60.16897,24.95222,00000000aa852af1,9.12
3288,2019-08-04T12:41:07Z,28d2c3282e9f8fec67baec7992dcd800c45b67071e33cb118905a6b3,60.16829,24.94214,00000000afef4555,5.41
3289,2019-08-04T12:41:07Z,2e2f4d1ad9ddc47800b58bfd6c1f08de22fdaa2157ec5f3f817246bf,60.16448,24.97323,0000000053c6c2be,13.75
3290,2019-08-04T12:41:07Z,2e86f9a432e00fa6ff5b8744ffecbe22a02b4316779bc8b4078af2e2,60.149,24.9843,00000000fffb8cf0,27.28
3291,2019-08-04T12:41:07Z,2f08dbfbbe5577f04ea9826f72d5452ddf5fd9bb892769382ea5a4ca,60.16762,24.95415,000000006b44cce7,13.75
3292,2019-08-04T12:41:07Z,32708990f2c831e65f70f2682baf5188fc93348b9a9e78ada8db2bf4,60.14947,24.91438,000000004ef3150d,13.75
3293,2019-08-04T12:41:07Z,3342975587b576f91749b0d3a90f4dcd430b1f7bfb0f1677fe7e01b9,60.14699,24.922,00000000a53ed894,16.1
3294,2019-08-04T12:41:07Z,33634cb1e3fc5d4a621e8717d203da8533ed27531a70c6cbe3abf3fa,60.16762,24.95415,000000006b44cce7,2.8
3295,2019-08-04T12:41:07Z,33ec502792a84f23fed03cf16e483d153c65e2850a2549f47034726a,60.16762,24.95415,000000006b44cce7,6.46
3296,2019-08-04T12:41:07Z,3459042c03cbb672a039f7f14a6b99b84f839b0598f9e48bf4dd95f5,60.14699,24.922,00000000a53ed894,12.69
3297,2019-08-04T12:41:07Z,34f282042837e6b8407c31fd6c880bdbb7071c56d76c4b6e5ba78819,60.14947,24.91438,000000004ef3150d,13.75
3298,2019-08-04T12:41:07Z,34fddf0f4ea194b9720451d11a9de76225577536681d4f4b0a00b860,60.16829,24.94214,00000000afef4555,7.05
3299,2019-08-04T12:41:07Z,352427714fc6e8591df6bd227dde05d3b7ba0881742eee4ae750dcc4,60.15432,24.9211,0000000019fb59c4,21.87
3300,2019-08-04T12:41:07Z,358d7986d5bf2a0624fb1412a157b3c7b12f90653457e15a76bbdf50,60.16629,24.95957,00000000fb7600be,29.32
3301,2019-08-04T12:41:07Z,35a958343879c000cfc3f0c01afbc7d54934265828677bf4aefef84f,60.14699,24.922,00000000a53ed894,8.38
3302,2019-08-04T12:41:07Z,35e6e075578d7a51e510bf8904bde33f1d117264eea0917db98d4808,60.16897,24.95222,00000000aa852af1,12.69
3303,2019-08-04T12:41:07Z,3721331dbb97151d17938ed835ffc7208eba26fba6100c62870a3a4f,60.14947,24.91438,000000004ef3150d,2.08
3304,2019-08-04T12:41:07Z,37945fa4e7409fab98aa8bde45081f5bd083def0059485274ad552c0,60.17919,24.95181,000000007b5207b6,11.7
3305,2019-08-04T12:41:07Z,39310ebca1ad756aa2bfcb16c912cb7003ef3e7286a1f037603ade61,60.14699,24.922,00000000a53ed894,6.46
3306,2019-08-04T12:41:07Z,393a579e1c8efb19861f555f12040feeac853f37a2451116693e77aa,60.14699,24.922,00000000a53ed894,18.79
3307,2019-08-04T12:41:07Z,39f03a3a5fd777feee270921a7f51daec12ea679b542b0aaf2e808d7,60.149,24.9843,00000000fffb8cf0,18.79
3308,2019-08-04T12:41:07Z,3a6ce73ea4c03a14fc0d3d099e4698d3c1051a2e8e4bd552d5de394d,60.14947,24.91438,000000004ef3150d,7.05
3309,2019-08-04T12:41:07Z,3af48668fcfc51b261558246e08ae2f7f3bb9d4252e908e38c9db003,60.14699,24.922,00000000a53ed894,16.1
3310,2019-08-04T12:41:07Z,3b73bf57d223bcb9b930ee8619e6603e52485b221389c64d85614baf,60.16897,24.95222,00000000aa852af1,9.12
3311,2019-08-04T12:41:07Z,3be48824225ca9f2aea5653f6ce21181a76e67a8d4b8361f0cba1f8a,60.14947,24.91438,000000004ef3150d,3.09
3312,2019-08-04T12:41:07Z,3c11845576020a1135cb12cbf016a07b22cb58b147a78511ee42d0d1,60.16075,24.95883,00000000f1124bca,27.28
3313,2019-08-04T12:41:07Z,3e4965f1ed580ddf80246b1b78cbc55b73c11d67573d9cede2a7ccf7,60.16829,24.94214,00000000afef4555,20.28
3314,2019-08-04T12:41:07Z,3ea5c91c32a318cb798767914dd025c2791a8c19e81c10c22f649247,60.18203,24.91341,00000000342570c2,23.56
3315,2019-08-04T12:41:07Z,3ec0a34310840b3aa1aa32a3f2bffbe426e91a242dc6eb5c1e86bba7,60.16448,24.97323,0000000053c6c2be,25.36
3316,2019-08-04T12:41:07Z,3f395809cdaaaa1688c7d1cc770079bbf7ef1349e148bec5c8eacd57,60.16762,24.95415,000000006b44cce7,13.75
3317,2019-08-04T12:41:07Z,3ffe89aa6ab1e57883e21fa8f15969f46a5f487bccb2b993eadb3cfb,60.14699,24.922,00000000a53ed894,9.12
3318,2019-08-04T12:41:07Z,409be16c4d34b9e76ac22ea0e8e282da3e9d169fe77ff5ea52a72883,60.14699,24.922,00000000a53ed894,13.75
3319,2019-08-04T12:41:07Z,4157eed3f2574f5f9b1f7c3ccc1c36e181e82585ec5d491a1aedc6c9,60.16762,24.95415,000000006b44cce7,9.92
3320,2019-08-04T12:41:07Z,42168beaa0acd47be6bf8e4209edb348c9d27b18517c7420d454a24f,60.17065,24.93641,000000000f4919c9,17.4
3321,2019-08-04T12:41:07Z,429363aca20efd1e564b3ac367b9eb4702cce1afbe6a22dccb543a7f,60.16075,24.95883,00000000f1124bca,38.87
3322,2019-08-04T12:41:07Z,42d4eb6044091814f327d0b01dc9ae701506417af1a8ab7f4161650d,60.14951,24.92138,0000000006dd41f6,16.1
3323,2019-08-04T12:41:07Z,42da4298ed9f522421f17714e024d9b8fe22e7546df3deeb8b139bd3,60.16075,24.95883,00000000f1124bca,4.94
3324,2019-08-04T12:41:07Z,431375be6b9405ef55878f3aa0bb5dd6a35db8ba650a2bce05081c49,60.14947,24.91438,000000004ef3150d,16.1
3325,2019-08-04T12:41:07Z,4533d27e96c5c6637ddff4243672d658fea4004970652882357105a9,60.14699,24.922,00000000a53ed894,8.38
3326,2019-08-04T12:41:07Z,4547b56ce014395d163caf1a3f507d3d9b01b3d64d2fd0b0914f67b8,60.18203,24.91341,00000000342570c2,27.28
3327,2019-08-04T12:41:07Z,457d11209b95b153efb57d8f2641f2db0823e91a0d608fa0555a5b69,60.14699,24.922,00000000a53ed894,12.69
3328,2019-08-04T12:41:07Z,4602ff9d03f6bf4fbb82976098cc1c73e7a7e754050401c772d1406e,60.14947,24.91438,000000004ef3150d,13.75
3329,2019-08-04T12:41:07Z,467a01a257fbaad22bd4aebafc8f284c9ad3effc429475e57c214e9d,60.14699,24.922,00000000a53ed894,9.92
3330,2019-08-04T12:41:07Z,47b8aba771bed6ec3a7d57932c44fe859bcf6300054b3acc9d885105,60.14947,24.91438,000000004ef3150d,9.92
3331,2019-08-04T12:41:07Z,47bc9ff9097f9ef5f1862e48b4a42f6a9ddd30c4ef2b6eb43291a7a5,60.14699,24.922,00000000a53ed894,9.12
3332,2019-08-04T12:41:07Z,47cde44e4ddbf6c70162fa882eee962e7c3e2a037b650294ec46568f,60.14947,24.91438,000000004ef3150d,7.69
3333,2019-08-04T12:41:07Z,485500f74e8398df6fa143c6f1e9e4e4c1acefd7d7941804739cb4fb,60.16829,24.94214,00000000afef4555,13.75
3334,2019-08-04T12:41:07Z,48d0a198e7445da9f7df3cb2cedef7dc861fe850deff789f6ad61d36,60.14947,24.91438,000000004ef3150d,16.1
3335,2019-08-04T12:41:07Z,48f665ebb1a71b0d84fc02bd71918c5ab5608328db534639cbd2a255,60.14947,24.91438,000000004ef3150d,4.11
3336,2019-08-04T12:41:07Z,4926fec57d2640e18cb9d46deb64eba0255ca71b93116f4ae21e4288,60.16829,24.94214,00000000afef4555,20.28
3337,2019-08-04T12:41:07Z,4a565a7be2bb822523480c6ca86154a466bf189290f87a0ef118f8b7,60.149,24.9843,00000000fffb8cf0,25.36
3338,2019-08-04T12:41:07Z,4aff8c41b8c3f924b9b765007cf6f0f148e9fdc4dfad6299b17f6f71,60.16762,24.95415,000000006b44cce7,13.75
3339,2019-08-04T12:41:07Z,4b1050cc517631e36206d3528399c0b14748daec8c7d1b5dfa412299,60.15432,24.9211,0000000019fb59c4,7.69
3340,2019-08-04T12:41:07Z,4b85388cdaec2b4c15b546160ee326d9668a5e5d3c7b08d0c539946e,60.17918,24.95141,00000000675d5200,25.36
3341,2019-08-04T12:41:07Z,4be50f3eb033f3f46e3069049c8e0a34dc8a2607741c1764369ba4c2,60.16762,24.95415,000000006b44cce7,5.91
3342,2019-08-04T12:41:07Z,4cadc8cc23fd84febb6a8383030a34c97b3388a8c9ed7a64cc0f51a6,60.14947,24.91438,000000004ef3150d,16.1
3343,2019-08-04T12:41:07Z,4ebdb6165c5d4892cdc21711313b98b1545bececfb886192c6f0ef22,60.16762,24.95415,000000006b44cce7,6.46
3344,2019-08-04T12:41:07Z,4f4940c5c77737c5b8f2fbd5a1b65886ea5f6e0e4fcd50447e11ce21,60.16075,24.95883,00000000f1124bca,14.89
3345,2019-08-04T12:41:07Z,50e21d119f102cee2afe3ac7f1a32032527638769b05aca582d6ecb1,60.16762,24.95415,000000006b44cce7,9.12
3346,2019-08-04T12:41:07Z,514a3981fad6c695ac4940f09374b5d1c2e84d2ca835084ef8707714,60.16075,24.95883,00000000f1124bca,13.75
3347,2019-08-04T12:41:07Z,51b3c7870a399165f0d1d14f7d21688df32b0360f9cc6f3ca61890d8,60.16829,24.94214,00000000afef4555,9.12
3348,2019-08-04T12:41:07Z,52072bd384eaaf4a6958af5510ed039d194dee47f34667bc7bccbe0e,60.14699,24.922,00000000a53ed894,13.75
3349,2019-08-04T12:41:07Z,5263c8fd413ee308494f18228802330e278acc648b425bb454951db5,60.16075,24.95883,00000000f1124bca,4.11
3350,2019-08-04T12:41:07Z,52939581c6c8dd3407dbf44ea9e90471e4bbadfb7e3740a0ba8324f3,60.14699,24.922,00000000a53ed894,4.94
3351,2019-08-04T12:41:07Z,52f0e69ca7a5cebe604c1f32308dc7f8870d1d85cd4b25ad17f706e9,60.14699,24.922,00000000a53ed894,7.05
3352,2019-08-04T12:41:07Z,53f1f84f2f1f0ea7eb59dd269d86fae99cc25ee089a48f249de1aaec,60.16897,24.95222,00000000aa852af1,13.75
3353,2019-08-04T12:41:07Z,54065d53a62079540c4be1e19eafa5dd581e8ec35da0c31844438e0b,60.149,24.9843,00000000fffb8cf0,25.36
3354,2019-08-04T12:41:07Z,552e7d20be831c5ebfa503ba78ed542d6ece4ecad264308d5dc37a31,60.14699,24.922,00000000a53ed894,13.75
3355,2019-08-04T12:41:07Z,5554305bad43a71cf98d83e92708c7474c1efc189392c1ea94231e9c,60.16531,24.9442,00000000fdda10fe,7.05
3356,2019-08-04T12:41:07Z,560205233dc9b13886248fb6e54ee21dc3b287080072641e01e08dac,60.16075,24.95883,00000000f1124bca,17.4
3357,2019-08-04T12:41:07Z,570dc61d53aec66ede39dfde66339640878453afc00cd1a55c60bca7,60.16544,24.95398,0000000038d83d41,13.75
3358,2019-08-04T12:41:07Z,571934189bf349efb6f596e76c21612cf9b82ed44913090169936048,60.17065,24.93641,000000000f4919c9,12.69
3359,2019-08-04T12:41:07Z,571e65d939060a58396de22fc44d8842fc9de986824670ad765ec596,60.16762,24.95415,000000006b44cce7,20.28
3360,2019-08-04T12:41:07Z,57b0ec71591ce4ba591fc3bf71f8714d7a0685e0f2f9ee9526db8e3f,60.17002,24.94407,000000006b087f40,20.28
3361,2019-08-04T12:41:07Z,57bb8beeec6904b9a5cfe83c4ff9a80e63157780137f03de2a4152d3,60.16762,24.95415,000000006b44cce7,11.7
3362,2019-08-04T12:41:07Z,57f88614f91a133004ac1a6dea31a4090f899646a5f62ece691d87af,60.16762,24.95415,000000006b44cce7,10.78
3363,2019-08-04T12:41:07Z,5818762fe6f25ca8ecadae3f1862bbc7816860682ae2afa343fb85c8,60.173,24.92524,0000000096918cfa,29.32
3364,2019-08-04T12:41:07Z,583a35aa08fe45f96deb91a9f4b9317e86eddeee0d636cc11b3e2df8,60.16762,24.95415,000000006b44cce7,9.92
3365,2019-08-04T12:41:07Z,58411163d307bb308f9c94a9720e9ce5ab0ce4f5617cd2b1fcc2037a,60.16762,24.95415,000000006b44cce7,6.46
3366,2019-08-04T12:41:07Z,584cb0b0cdd14e608c8b57c8aecc9826f9b40027e365e2438a444ea2,60.16762,24.95415,000000006b44cce7,17.4
3367,2019-08-04T12:41:07Z,59b01cbdec8ff06fa6d50bac00c3f5f4c45132fc8a62800c08df5d6a,60.16629,24.95957,00000000fb7600be,36.27
3368,2019-08-04T12:41:07Z,5ae2070870c9dfbf35ba1d5d46239aa32753b4fffa2fed3f378f5e8c,60.16544,24.95398,0000000038d83d41,25.36
3369,2019-08-04T12:41:07Z,5b102c62b98f29bd801e4dd0e9ddbc113db3faa38d59990b9ba5e9ec,60.173,24.92524,0000000096918cfa,20.28
3370,2019-08-04T12:41:07Z,5c160268bc9b4b619181ce421d9e58c258e6b59a342945fc29f0004b,60.14947,24.91438,000000004ef3150d,9.92
3371,2019-08-04T12:41:07Z,5cd5117066c75a1cb83d3896a7eba3f3472e133f0013ea7d4e95daaa,60.14699,24.922,00000000a53ed894,6.46
3372,2019-08-04T12:41:07Z,5d70086d53447ee393249cef33c7bae814c1d7c2e3055fc91b38786c,60.17919,24.95181,000000007b5207b6,9.12
3373,2019-08-04T12:41:07Z,5e44b2770fcd3ab47bae5954df365187d2183088b73b895edc47dcd8,60.14699,24.922,00000000a53ed894,6.46
3374,2019-08-04T12:41:07Z,5e53be1d47b3cceeb6ea9406c75327379c8ee8abc68da605b7758e85,60.14947,24.91438,000000004ef3150d,7.05
3375,2019-08-04T12:41:07Z,5ea49ba4de68e03664ec3a87f5de32434d7136b4f8323f022ff9df5b,60.16829,24.94214,00000000afef4555,21.87
3376,2019-08-04T12:41:07Z,5f3a358ea7ec56dfb2271af72ef34416785e497a3653bfb75ef822c3,60.16829,24.94214,00000000afef4555,31.5
3377,2019-08-04T12:41:07Z,60d5c11436b72dd4eb673f606bddc3f8f36675342cba015b9297155f,60.16448,24.97323,0000000053c6c2be,18.79
3378,2019-08-04T12:41:07Z,60d9b71ec38b796bf876dedfaf3112b49ff79677480c7603902857ae,60.14947,24.91438,000000004ef3150d,10.78
3379,2019-08-04T12:41:07Z,614ab7fba7255f6bf6f888e9a04d589962f756b3f427e658f10014f2,60.16075,24.95883,00000000f1124bca,7.69
3380,2019-08-04T12:41:07Z,623a1746eaf8ae2f9a6eb28842e9699551c46f4b1c799eb6285f5a13,60.16762,24.95415,000000006b44cce7,9.12
3381,2019-08-04T12:41:07Z,63a87f20dbfd068c086129312c165b6e9b1da2ea6c999be1dd1b8391,60.16762,24.95415,000000006b44cce7,14.89
3382,2019-08-04T12:41:07Z,63d99db5b2b7360c501446ea5e89feba9bd1c6735a7670039916f2ad,60.1538,24.95595,0000000038bf9618,29.32
3383,2019-08-04T12:41:07Z,63defb71d4c3856253a0a2d67a5c370b91ad0527703b334a63fe5344,60.14947,24.91438,000000004ef3150d,7.05
3384,2019-08-04T12:41:07Z,643ef3f01a51bea3c4510d4060a945cd510e5189236d68f5c9489034,60.16829,24.94214,00000000afef4555,1.25
3385,2019-08-04T12:41:07Z,64638a9f9e6c9b32fc4b484b55e4934fcab6cb04605cc76d5f5534b7,60.17065,24.93641,000000000f4919c9,12.69
3386,2019-08-04T12:41:07Z,6503762f2cac51cc2b74da1efa6b16583ed11c9a528d7716b7829c0b,60.16829,24.94214,00000000afef4555,9.92
3387,2019-08-04T12:41:07Z,6516a10850095847a8156717b0fba05a9bdc9b5bfedd691ddb07f119,60.14699,24.922,00000000a53ed894,11.7
3388,2019-08-04T12:41:07Z,6525cc634176c25187e68e0d067bcfecfd78e399e93db4ee9d408b7e,60.17918,24.95141,00000000675d5200,11.7
3389,2019-08-04T12:41:07Z,6688790e10cbf0805c8bdc210412ed75d7999e61029da0b7ba29458e,60.16829,24.94214,00000000afef4555,11.7
3390,2019-08-04T12:41:07Z,6723bebaab92d1a9f8b4318fd4f497a6dec6d7f8e0eafca443925213,60.16075,24.95883,00000000f1124bca,17.4
3391,2019-08-04T12:41:07Z,67591d427f60ba3c369ac0d78088fca7be33081501508d16401dd6cb,60.16762,24.95415,000000006b44cce7,3.74
3392,2019-08-04T12:41:07Z,675eacdf32b5b831fd118fc5539eea4b3cef4bd11e2e1706a9571222,60.16829,24.94214,00000000afef4555,3.74
3393,2019-08-04T12:41:07Z,6774ed72eaf69d7c4aaeeef90990f969954155bbcc52652e75e7deef,60.16829,24.94214,00000000afef4555,5.41
3394,2019-08-04T12:41:07Z,677c53ae4056d6cb123ca576ba5284664b1c7e3e88818bd19b5dd99a,60.17919,24.95181,000000007b5207b6,29.32
3395,2019-08-04T12:41:07Z,6875e3632a29207e29ded33617e66d55de5d8c7804fecedd6f1dfe12,60.14699,24.922,00000000a53ed894,12.69
3396,2019-08-04T12:41:07Z,69375ef968867906fc11b34d1e2c4b436d452cd47cb577a7f9e566ef,60.16762,24.95415,000000006b44cce7,2.3
3397,2019-08-04T12:41:07Z,6981f80baeddf7459b67845f82744390c976c013f3a4883a53556fc7,60.16762,24.95415,000000006b44cce7,11.7
3398,2019-08-04T12:41:07Z,698b200b63a644828a7314691a16af2af1bccef75d52abb5591a5542,60.14699,24.922,00000000a53ed894,9.92
3399,2019-08-04T12:41:07Z,69f1de5049f5731749defe893b8ae9ada4f5f788a994b8f7413ef657,60.17002,24.94407,000000006b087f40,21.87
3400,2019-08-04T12:41:07Z,6afad0494618e12f213955f9fdad3627f87b922e00bbee706c3152d7,60.16629,24.95957,00000000fb7600be,23.56
3401,2019-08-04T12:41:07Z,6b97071051ccf5db7e5ebee033d4f68d58ed6917ff2fac5b205a6605,60.17065,24.93641,000000000f4919c9,12.69
3402,2019-08-04T12:41:07Z,6c7e018abdf8462af7c7b003bc30f915184f7082e9e865a2c502eed5,60.14699,24.922,00000000a53ed894,4.5
3403,2019-08-04T12:41:07Z,6dd99749f7f5df6a38d13741cc5fd928e31412cacaacb03f0a3102e3,60.16762,24.95415,000000006b44cce7,25.36
3404,2019-08-04T12:41:07Z,6f3dd17e40daabb4efe868f1b859dc00ecc01846f0a0e2b8db5d1413,60.17918,24.95141,00000000675d5200,5.91
3405,2019-08-04T12:41:07Z,6fc3823219441524e7f749dc3371bfb8c670faa9d4427a5ededed22d,60.16762,24.95415,000000006b44cce7,9.12
3406,2019-08-04T12:41:07Z,6fdf4cfc3a0774e204869ab43ef69c6306cc40c0fd8bbb0f8b505e3a,60.16829,24.94214,00000000afef4555,17.4
3407,2019-08-04T12:41:07Z,6fdfc33c6b609ea80b4a38ecf657bc68b7bf659752b51edcc22ffb54,60.16762,24.95415,000000006b44cce7,9.92
3408,2019-08-04T12:41:07Z,70c56152af84cf1bad4d19b0cb31202232b4cd4320ce5ea48895e42b,60.14947,24.91438,000000004ef3150d,5.91
3409,2019-08-04T12:41:07Z,71479e7c1c4fd96468f16800ff04484480c76e0953d2074500b0df31,60.17918,24.95141,00000000675d5200,25.36
3410,2019-08-04T12:41:07Z,71c360c0ae36f964d9ca7957d318abe8f1933c8220f225231eb33b39,60.18203,24.91341,00000000342570c2,33.81
3411,2019-08-04T12:41:07Z,72e4de5ded503a6b09635fc51a720ce504c9e77552bc2ffae8d6cae3,60.14699,24.922,00000000a53ed894,11.7
3412,2019-08-04T12:41:07Z,732235fff054f4f8fff8775b6c0d4fb0ca0f28c455a6fc86de24d162,60.14699,24.922,00000000a53ed894,9.12
3413,2019-08-04T12:41:07Z,733f21ebebe353e10a55a74b40a0a480e6d276334d4f3d8bcf85b711,60.16075,24.95883,00000000f1124bca,17.4
3414,2019-08-04T12:41:07Z,759f94c852ff15ca91c3138913c3858c4801702f8f0514ae82fb2a19,60.16897,24.95222,00000000aa852af1,13.75
3415,2019-08-04T12:41:07Z,777cceac7be6303a1c82f7cc68061528b01e3aa1b3aa6481cad9e5e3,60.16075,24.95883,00000000f1124bca,8.38
3416,2019-08-04T12:41:07Z,77a12194b9a6789f4b2b8c07ae7fce3c2b531cb221e5fa7ca5deae55,60.16897,24.95222,00000000aa852af1,12.69
3417,2019-08-04T12:41:07Z,79bb1e615a834d4f653cec7efc45ad5b4bbedf2a83c55b44c586ad0a,60.14947,24.91438,000000004ef3150d,9.12
3418,2019-08-04T12:41:07Z,79d26f15a82c94ac5d05e0f2b6a6beeae1f407972ec39665d7ab9535,60.16829,24.94214,00000000afef4555,2.3
3419,2019-08-04T12:41:07Z,7a0c0b525f2d3eed6c873bd3b8d27bede551fe4a428ac15c23deadae,60.16075,24.95883,00000000f1124bca,20.28
3420,2019-08-04T12:41:07Z,7a4a06d20ebe57d94e5fceeaf47d5b56ad9a515818e9c20e21a80e61,60.16629,24.95957,00000000fb7600be,13.75
3421,2019-08-04T12:41:07Z,7a97375000483176c3b37cc0d1744a950d9b322ce3534208fce0b21d,60.14699,24.922,00000000a53ed894,7.69
3422,2019-08-04T12:41:07Z,7ab335e046f7f3597f8f615a90857885e35cfecefebd5d24bbf0af90,60.16075,24.95883,00000000f1124bca,7.69
3423,2019-08-04T12:41:07Z,7ad93fed82e41ea4422fa101badc698b0328c3ebf0f6b73c5164d438,60.16897,24.95222,00000000aa852af1,14.89
3424,2019-08-04T12:41:07Z,7af6672e274ebe27cdb785373a857fc5bcad92a386c36dbe3221d4f4,60.14947,24.91438,000000004ef3150d,7.69
3425,2019-08-04T12:41:07Z,7bb67bcf014747e5d826f95c610d36492f31095552417a0864475491,60.14951,24.92138,0000000006dd41f6,18.79
3426,2019-08-04T12:41:07Z,7d9a3d84c09c3a8d6876389e216e0278048d6b924890fb275a078ffb,60.16531,24.9442,00000000fdda10fe,0.84
3427,2019-08-04T12:41:07Z,7de23a812e69199078aa0cacb63721bd7aef52a3b426789819eaea71,60.14699,24.922,00000000a53ed894,9.92
3428,2019-08-04T12:41:07Z,7e31a4896ab0ff539440898dfabd8305df79869bff52da941016d1cc,60.1538,24.95595,0000000038bf9618,27.28
3429,2019-08-04T12:41:07Z,7e36fb1182193c51358dce0d239803bfdf30236f61f0352edbb1ad75,60.17065,24.93641,000000000f4919c9,29.32
3430,2019-08-04T12:41:07Z,7f3c9dd2c7352cb81fb186a7d700841d2bcb47cd8ea0d5f8719b5908,60.16762,24.95415,000000006b44cce7,13.75
3431,2019-08-04T12:41:07Z,7f786ec8e06f1ca3bdd10fc60d0114baf354125b8f6cf796d197f4cc,60.16075,24.95883,00000000f1124bca,4.11
3432,2019-08-04T12:41:07Z,80aec8656b3422b9e9819007367c799a4e108fee246063f9117203e4,60.1538,24.95595,0000000038bf9618,16.1
3433,2019-08-04T12:41:07Z,80cc39b04598f971820e63498fd27ae72a12a45a60c220fe625b282a,60.14699,24.922,00000000a53ed894,23.56
3434,2019-08-04T12:41:07Z,81fed8075f6ecb598d4ddc816663fc3693278a971ccec3048ef1ef51,60.17002,24.94407,000000006b087f40,21.87
3435,2019-08-04T12:41:07Z,82411c6526228322a61f59259f13adf7cde62bd767587b6735867705,60.17919,24.95181,000000007b5207b6,4.5
3436,2019-08-04T12:41:07Z,83073c017c8293e4b6eab781fbc2147fafa144d33b3618abd1ae5d90,60.17065,24.93641,000000000f4919c9,38.87
3437,2019-08-04T12:41:07Z,83121a75723643c48e3c3b0a3ea5fccb532046432ca445833e8de06a,60.16762,24.95415,000000006b44cce7,3.4
3438,2019-08-04T12:41:07Z,83e827ea070ed6a4107cd81c03e001aa1a5d76d22f7f5ac41e63e2e9,60.14947,24.91438,000000004ef3150d,12.69
3439,2019-08-04T12:41:07Z,849a662d95d4185421aff7c6213ba5d7b84cfc58c9fb30ff34054e4c,60.16075,24.95883,00000000f1124bca,6.46
3440,2019-08-04T12:41:07Z,859b417d0b562f5c4ab33c3877c95cd7cbb332db91dcd0f4e7a4f3b6,60.14699,24.922,00000000a53ed894,6.46
3441,2019-08-04T12:41:07Z,85d66944a64cfde859e7e08ca4b79f3b39d5b03141d500fe7ce73f7e,60.14699,24.922,00000000a53ed894,9.12
3442,2019-08-04T12:41:07Z,85d67c3be46ecb66832dfd9090a931e1be3dd056f718ea6786622131,60.16897,24.95222,00000000aa852af1,13.75
3443,2019-08-04T12:41:07Z,868cd7608ed6beb209db2aad8c71f56b8aec3a6b453be18e4af217a2,60.17065,24.93641,000000000f4919c9,14.89
3444,2019-08-04T12:41:07Z,87bb1abe21abfcb5e5c2039e579cff7ca863a6019207db356de5b7c2,60.14699,24.922,00000000a53ed894,23.56
3445,2019-08-04T12:41:07Z,87cbb5265cd1cc3213ddb5ed9ed2a599ddb7db0b0747121d649b0ae3,60.16544,24.95398,0000000038d83d41,23.56
3446,2019-08-04T12:41:07Z,8822ffe19dec49fe874ac377de5a0504e931e342ecc1f5b1fcb939e5,60.16897,24.95222,00000000aa852af1,21.87
3447,2019-08-04T12:41:07Z,8947a5209f3b32173d3dc72792039edf94a2711741ab041b62b30643,60.16762,24.95415,000000006b44cce7,5.91
3448,2019-08-04T12:41:07Z,896f7e896dc6f1ea44b82bf968a988cc10c358ee34821d9d7a4bd07a,60.14947,24.91438,000000004ef3150d,2.8
3449,2019-08-04T12:41:07Z,8a08b2de43a9ef03cf96610718c908e69dcacc59f536a7135b7bb542,60.16629,24.95957,00000000fb7600be,9.92
3450,2019-08-04T12:41:07Z,8a9eedc7cf775ab4e9ad2e20bdcbcbe1635808b418eedcdcceda7834,60.16762,24.95415,000000006b44cce7,8.38
3451,2019-08-04T12:41:07Z,8b641985c793a3f25a45b2460cb01f5baa6f339c6dd26ba7752d8a7a,60.16897,24.95222,00000000aa852af1,6.46
3452,2019-08-04T12:41:07Z,8ba6cfc17ca70e8304994e018ebd5eb2003177062cde05925d5cacb3,60.173,24.92524,0000000096918cfa,20.28
3453,2019-08-04T12:41:07Z,8bbf5422247a0a6be314130d8fd9ae1814401b75acf3b3ce2da9620c,60.14699,24.922,00000000a53ed894,4.94
3454,2019-08-04T12:41:07Z,8d528b00553162a9dd47d2296d15b2fad89aad6a508424d4589618a1,60.14947,24.91438,000000004ef3150d,8.38
3455,2019-08-04T12:41:07Z,8d73f674010f5cb02e8f20251ed86a9afcb7f6b3926039470296bd00,60.17065,24.93641,000000000f4919c9,25.36
3456,2019-08-04T12:41:07Z,8d8a869e83fe2ac29e791666634a33af3ea4048ea4e752b6fb1e238c,60.14947,24.91438,000000004ef3150d,17.4
3457,2019-08-04T12:41:07Z,8e2ee35c6a6220c1e137f051ac0bcad5502c5a5179570ae13d07c2fe,60.14947,24.91438,000000004ef3150d,16.1
3458,2019-08-04T12:41:07Z,9023a89a49a372e5f97cf86ef1b5de0164eb67cc10d394d383ab75fd,60.16829,24.94214,00000000afef4555,9.12
3459,2019-08-04T12:41:07Z,90d2c337b3629bdc073dbbe6f0793b7bf6f65d63deb77bddf24052a8,60.16897,24.95222,00000000aa852af1,29.32
3460,2019-08-04T12:41:07Z,920dc90f60b295267f63efc8f968408087b71878dc3f49f0ded1c41e,60.17919,24.95181,000000007b5207b6,23.56
3461,2019-08-04T12:41:07Z,93669f80d3dcdad3c5875b9c620fdc2b9ed369aa5e177e824cf5756a,60.16762,24.95415,000000006b44cce7,17.4
3462,2019-08-04T12:41:07Z,93a2100e233b204243f7e69b68dea7c9a145d1b5384bd18359bf87a3,60.16531,24.9442,00000000fdda10fe,1.54
3463,2019-08-04T12:41:07Z,93e409819362e2429a43710ff4330bd3ed83011b73ae438dd7fb62d8,60.16762,24.95415,000000006b44cce7,17.4
3464,2019-08-04T12:41:07Z,9575ef1c44f26f0301d726029c8b1c28011a4724496943451bee6544,60.14947,24.91438,000000004ef3150d,7.05
3465,2019-08-04T12:41:07Z,9591073e4d80dad61baa6f0f131c11bd0853c54a96256d3345164e14,60.14699,24.922,00000000a53ed894,23.56
3466,2019-08-04T12:41:07Z,97264f5808fa13851dacabf0c98525eec29849ff4b6a744cc777fd5b,60.16075,24.95883,00000000f1124bca,21.87
3467,2019-08-04T12:41:07Z,9736a8a29aee134a307e0cd4221e9b0a2ab7c48befee43fc62e9f9bd,60.14699,24.922,00000000a53ed894,10.78
3468,2019-08-04T12:41:07Z,98162c76493f6310ae46e45562327ad94182de391f9651985aae487d,60.16762,24.95415,000000006b44cce7,25.36
3469,2019-08-04T12:41:07Z,9862cafd709b75d07c83b397773e0cf33564666cb81814bdbf5e54f2,60.16897,24.95222,00000000aa852af1,11.7
3470,2019-08-04T12:41:07Z,987d01417bcff2d7f663704309df2ebdcdb035da3ddb085fab0cf928,60.16829,24.94214,00000000afef4555,18.79
3471,2019-08-04T12:41:07Z,992f6feda52c82ad67e40af55b5602bb22411020701998c6bd65faed,60.16762,24.95415,000000006b44cce7,10.78
3472,2019-08-04T12:41:07Z,9a9db814dfa74ca2c2d51496299715310e81c6e6525cc9d2cb0762eb,60.16897,24.95222,00000000aa852af1,47.69
3473,2019-08-04T12:41:07Z,9ba6f9fb8bb950d16224b4182d3c3d8349a0f50619be329c165417e0,60.14947,24.91438,000000004ef3150d,10.78
3474,2019-08-04T12:41:07Z,9bad872c31c8c5e53f064b5367350b41271d45ca8a9e508136622800,60.16897,24.95222,00000000aa852af1,18.79
3475,2019-08-04T12:41:07Z,9bf3ff1ceaac2bd8666ae6a5c19e0180def5b27c0cf5fcf8b770595d,60.14699,24.922,00000000a53ed894,9.12
3476,2019-08-04T12:41:07Z,9bf4a5d763fa921335be6c141a0c9fd769fcb2f4c5b40b85a1c99c71,60.14699,24.922,00000000a53ed894,11.7
3477,2019-08-04T12:41:07Z,9d1b14cc45d48fe7b5b88d83ab66fe9c138567246cac55e480337df0,60.16629,24.95957,00000000fb7600be,25.36
3478,2019-08-04T12:41:07Z,9e3d4a4b1acd94d2896cd7cf56419110f06ea96faae37aadebd4ec77,60.14947,24.91438,000000004ef3150d,12.69
3479,2019-08-04T12:41:07Z,9ff13c715073d5ad9c464cb67b6de3f703435cf389c32cce5626dfe1,60.149,24.9843,00000000fffb8cf0,25.36
3480,2019-08-04T12:41:07Z,a0db7e8063bede2dd55c2c6cf5111932617ecace670ff65314a7d349,60.16629,24.95957,00000000fb7600be,11.7
3481,2019-08-04T12:41:07Z,a38a21a97a054541f0423f03758c70227116c05254958373e3e93ad0,60.14947,24.91438,000000004ef3150d,7.05
3482,2019-08-04T12:41:07Z,a3d228482bfdd3dbdfaee1ff72b6ac00c2ee8c05e949047ce9117783,60.14699,24.922,00000000a53ed894,6.46
3483,2019-08-04T12:41:07Z,a3e2b787062412a5c0f0f4c118f7ba472a52fe9558872792cfd31d61,60.17002,24.94407,000000006b087f40,25.36
3484,2019-08-04T12:41:07Z,a422a30ec1eb058c7930e1352297c161639faa5b3ca5f5fa47c4adb3,60.14947,24.91438,000000004ef3150d,9.92
3485,2019-08-04T12:41:07Z,a4787b6f2d40f6190707f57bbc4805899cd1b06e2a89cf9a01441995,60.16829,24.94214,00000000afef4555,25.36
3486,2019-08-04T12:41:07Z,a57caa482ee69e8fa5e65ac8e8a673ec8086a89a3896c3b5edb00f15,60.149,24.9843,00000000fffb8cf0,21.87
3487,2019-08-04T12:41:07Z,a7472d1b63171c047444981df223670390009e3ea502132d9963e9fb,60.14947,24.91438,000000004ef3150d,6.46
3488,2019-08-04T12:41:07Z,a76d219c3abcc4ec3a54dd834263f9a24972c71be4c7bbbfc663f22f,60.14699,24.922,00000000a53ed894,9.12
3489,2019-08-04T12:41:07Z,a794d97e26d3678bb11b4364880414bb7bfac4bb49d1867b37b489f7,60.14947,24.91438,000000004ef3150d,9.92
3490,2019-08-04T12:41:07Z,a7a7f84e910c87d01420156efca1675f2f263a8f7f1212bb161e73f3,60.14951,24.92138,0000000006dd41f6,16.1
3491,2019-08-04T12:41:07Z,a7d247cd87a1d3e488758d4d389ca094511c5ba1bac0318b205e2157,60.16762,24.95415,000000006b44cce7,20.28
3492,2019-08-04T12:41:07Z,a89241067cdc28b0000f6d9c969a2bdae43797412fb8e5ca82b49aa7,60.17002,24.94407,000000006b087f40,23.56
3493,2019-08-04T12:41:07Z,a8bd45406d5913e098652d4c2d836339758e08d21bf5d88becabdd36,60.14947,24.91438,000000004ef3150d,16.1
3494,2019-08-04T12:41:07Z,a8df2631c2442628608c1f0352c896eb532a6ca08c85de2c77360aa8,60.14947,24.91438,000000004ef3150d,10.78
3495,2019-08-04T12:41:07Z,a9383e1c3d9b3355965662ff18ad95dfb64daa5d8e71fc20e7e50df7,60.14699,24.922,00000000a53ed894,18.79
3496,2019-08-04T12:41:07Z,aa076c3f0d09145aebbb750dde9849ba4eb6759e92ba5753280184d6,60.16762,24.95415,000000006b44cce7,9.12
3497,2019-08-04T12:41:07Z,aa5773b59ce2bf1eee53e4e77cd3c261465d2ea538c9a85b8de30cd8,60.14947,24.91438,000000004ef3150d,13.75
3498,2019-08-04T12:41:07Z,ac93ac0788af8e1b0f20fada4f15ca1ad31f4084b133482d8211571d,60.14699,24.922,00000000a53ed894,16.1
3499,2019-08-04T12:41:07Z,acb831a572fef6e9e1fc74a3084583547930b1f96e8d952485f755ea,60.17002,24.94407,000000006b087f40,11.7
3500,2019-08-04T12:41:07Z,acdcc8ae1d1c6bb055dfc108154eae58b4b894f0ce1ff174c1065c7e,60.16762,24.95415,000000006b44cce7,2.3
3501,2019-08-04T12:41:07Z,ad8af809ed47a3391bb53d11da159b3a8b0ddc264d94c049ce72bda0,60.17065,24.93641,000000000f4919c9,0.23
3502,2019-08-04T12:41:07Z,ae87b8dd8920695bc9e599874667205991c04e30666d8523f0be4350,60.14947,24.91438,000000004ef3150d,13.75
3503,2019-08-04T12:41:07Z,aec4b11f0b1ec075878ca4a3b94da464f6fc96e330b913d5bfd346b0,60.16897,24.95222,00000000aa852af1,3.74
3504,2019-08-04T12:41:07Z,af64ca430076b1e91eeb89134e0e026479928845cbe1943bc56104c2,60.14947,24.91438,000000004ef3150d,7.05
3505,2019-08-04T12:41:07Z,b06c7ebb0cc7182279f47fe99da297fb7bda883549cb7bbc05dff36f,60.16829,24.94214,00000000afef4555,18.79
3506,2019-08-04T12:41:07Z,b0a4e64f8e9d69f9da53bdae4ea9fb3059a80907ea7383ffcc99048a,60.1538,24.95595,0000000038bf9618,38.87
3507,2019-08-04T12:41:07Z,b12b27061f30d5659794f14cbed5e4726c5af1ef526611d3b2dded29,60.14947,24.91438,000000004ef3150d,20.28
3508,2019-08-04T12:41:07Z,b2a01c2a06c3cf1a48333e58e787d9eaf2f975a738c02878220d7774,60.16829,24.94214,00000000afef4555,17.4
3509,2019-08-04T12:41:07Z,b3d99c04e3db6b698e6e54f19434461336954d0c15385bff6e557be8,60.173,24.92524,0000000096918cfa,25.36
3510,2019-08-04T12:41:07Z,b41cc64d7ab4e16a03573bdc3b5863c4b402ec66c7780c7900c02877,60.16829,24.94214,00000000afef4555,11.7
3511,2019-08-04T12:41:07Z,b523d3f8341906e4b3877ff7d9614b4e10d6bbf10afdcc6c53656c8f,60.17065,24.93641,000000000f4919c9,17.4
3512,2019-08-04T12:41:07Z,b5d90bc33c7307b83a6f38469ffe13897d3ce5962c7c9299bbe61fe5,60.14699,24.922,00000000a53ed894,20.28
3513,2019-08-04T12:41:07Z,b5e3abaccf4a03480985d25eb9fbf454c87f7ad06c38c8bdeb0819fa,60.14699,24.922,00000000a53ed894,17.4
3514,2019-08-04T12:41:07Z,b619a20a2a26eeb9431f9666cf192254bb2263e09f6560a5ff68f8f0,60.1638,24.96846,00000000d747f075,29.32
3515,2019-08-04T12:41:07Z,b7039958be9f53a3eaed97f705a1974815f52f25226e920155397bec,60.16075,24.95883,00000000f1124bca,17.4
3516,2019-08-04T12:41:07Z,b7867e052453c9caa213f48b033624b744187f4cd77c2418cf9d7b79,60.14699,24.922,00000000a53ed894,8.38
3517,2019-08-04T12:41:07Z,b81e80c4efa2f6bf7a24861abfd0f0fb5672f1512dc7545a1d387f7f,60.16762,24.95415,000000006b44cce7,7.69
3518,2019-08-04T12:41:07Z,b936adc4821ac74aa643564d0b86e3858f1ec392e3f43e92427d7edc,60.14699,24.922,00000000a53ed894,11.7
3519,2019-08-04T12:41:07Z,baa222a8cd4bafd707316f5932b27c8a4aa5bca6b488ae3d59c3b0dc,60.17065,24.93641,000000000f4919c9,27.28
3520,2019-08-04T12:41:07Z,bb0193f2b0ac4801fe82ed5cec75e687465d707d92e731047f81650f,60.1538,24.95595,0000000038bf9618,3.09
3521,2019-08-04T12:41:07Z,bc07df8cc395f6f4f5d483b2233caca5f93a6918f346e4cc3702f8cc,60.16531,24.9442,00000000fdda10fe,13.75
3522,2019-08-04T12:41:07Z,bcf688ec2e666179e52a495a8304dd7aaaf4acad52788a0929b287a2,60.14699,24.922,00000000a53ed894,16.1
3523,2019-08-04T12:41:07Z,bddca8fc17056f9f207a259070e281eedf4cea3e8e22093b88bbd7b5,60.14699,24.922,00000000a53ed894,13.75
3524,2019-08-04T12:41:07Z,be3899e685ec11f99f7112d4c7cddf57b9c9edeed8394ef9c49ede71,60.17002,24.94407,000000006b087f40,23.56
3525,2019-08-04T12:41:07Z,bebf1edb9736fe66391376c4cf2a3033ab9fa83ae21f86b66392e2d0,60.16762,24.95415,000000006b44cce7,12.69
3526,2019-08-04T12:41:07Z,bf2e5725b255e320f1e8375ec03f55194f1fd9f751be9629d873a5c8,60.14699,24.922,00000000a53ed894,3.4
3527,2019-08-04T12:41:07Z,bf992d3cd95a73f02d7223eaffe90a94e3e1e98a8c6759bab631b5b0,60.14947,24.91438,000000004ef3150d,6.46
3528,2019-08-04T12:41:07Z,c0722f63618f97eb8ec4afac1a8538b81a3c87e623d753ad1201bf7c,60.16075,24.95883,00000000f1124bca,4.5
3529,2019-08-04T12:41:07Z,c0a0ca3433586ed2ae0e448f2406fabac7292ac79d49562e0bd5cef8,60.16762,24.95415,000000006b44cce7,16.1
3530,2019-08-04T12:41:07Z,c1a7c2ca724966977fb5960bdc91f2763ac8cbb95c33a1d4e0b7bd68,60.16897,24.95222,00000000aa852af1,20.28
3531,2019-08-04T12:41:07Z,c1e4323d2276cb6e358f5fabb123294e7a0ef87e7169f3cccc8f2e03,60.16075,24.95883,00000000f1124bca,12.69
3532,2019-08-04T12:41:07Z,c36d58ed0e0dddb3e26be1214e369db1c3fa3d4bcf8b53536a25239b,60.17065,24.93641,000000000f4919c9,4.11
3533,2019-08-04T12:41:07Z,c3b2521faf0f7ae79434e40e86c59699d399444b775c7619f6e73e36,60.16075,24.95883,00000000f1124bca,21.87
3534,2019-08-04T12:41:07Z,c3be6dcc2c0542676c20d28ce38adbe2c0b9be09caa3f22e60210636,60.16075,24.95883,00000000f1124bca,17.4
3535,2019-08-04T12:41:07Z,c3e5ee20ca76f7347fda00c4c2fdee291bc6d843a879b26fbdd70390,60.17065,24.93641,000000000f4919c9,18.79
3536,2019-08-04T12:41:07Z,c493415e869d6e6304841784a120f994272b83557256b43e44e4f3e0,60.14699,24.922,00000000a53ed894,12.69
3537,2019-08-04T12:41:07Z,c593e91b10da944a20d25c4237bda2fae759d288cea38bcaaee3abfa,60.16448,24.97323,0000000053c6c2be,31.5
3538,2019-08-04T12:41:07Z,c633a260ce59bad4e1ca42f12936ed8ae57a40f5e6528dfb70052c43,60.16897,24.95222,00000000aa852af1,16.1
3539,2019-08-04T12:41:07Z,c6b973b57d5574eb3341b3141a5ba2b28f477ae9e702ab4ae701cc0d,60.14699,24.922,00000000a53ed894,9.12
3540,2019-08-04T12:41:07Z,c728eaa7734efeabe7f33c782081caa960fcced68160e285ee477916,60.14699,24.922,00000000a53ed894,9.92
3541,2019-08-04T12:41:07Z,c7416c039513e3156222d936c483164a0914a3b5a5310985374f4767,60.17065,24.93641,000000000f4919c9,23.56
3542,2019-08-04T12:41:07Z,c7e2cfbb859ebc5dc1cba099bf270004843a57cc2aa134bab49a4f8e,60.14699,24.922,00000000a53ed894,14.89
3543,2019-08-04T12:41:07Z,c905a50dedd9b3d2114cde9160b7adf83adc09683b65598ce24c4047,60.1538,24.95595,0000000038bf9618,18.79
3544,2019-08-04T12:41:07Z,cb3f05d5604f5532e039e6d40514b13aba8f6274d952bb17a8b801fc,60.15432,24.9211,0000000019fb59c4,12.69
3545,2019-08-04T12:41:07Z,cbc336691f17a9c508549e03d522166247a0cd0a944321c1a7d15525,60.14699,24.922,00000000a53ed894,8.38
3546,2019-08-04T12:41:07Z,cbd334d06c16786ddc543b71b34da6278d203ac72606f0f9275e0936,60.16829,24.94214,00000000afef4555,10.78
3547,2019-08-04T12:41:07Z,cc2cf42c6b14536fb92c810ff0e3dd5a3caa74236f14246a5b6e8cdc,60.16762,24.95415,000000006b44cce7,5.41
3548,2019-08-04T12:41:07Z,cce6b6f309e43e2bb1be6a9784582a82891e976d0869d01040586d27,60.14947,24.91438,000000004ef3150d,8.38
3549,2019-08-04T12:41:07Z,cd3e127e27387b6e06cdf27f46fb6046e4182e4d7b49b49c17167c1c,60.14947,24.91438,000000004ef3150d,11.7
3550,2019-08-04T12:41:07Z,cd47b9ac851ce6b21df7b8e918554b0cb1a12d03da7e0aaf14e19314,60.14947,24.91438,000000004ef3150d,6.46
3551,2019-08-04T12:41:07Z,cd4ecd3b83630f6e5d65f635804e47a1ceb82853aac36af30044f06a,60.149,24.9843,00000000fffb8cf0,12.69
3552,2019-08-04T12:41:07Z,cd62fc5a92bd89f24a6e3d736d5511bf872859d762723b92f2092abc,60.16829,24.94214,00000000afef4555,16.1
3553,2019-08-04T12:41:07Z,cd9b2be9ffb37c8b7c5c25f587c95b1c7932a21fb245487ea2f740d9,60.14699,24.922,00000000a53ed894,11.7
3554,2019-08-04T12:41:07Z,ceb777dafa9b7e39125b89735b7f0cf22c3018eb0196043ac8160370,60.14699,24.922,00000000a53ed894,8.38
3555,2019-08-04T12:41:07Z,cec994f57adea844759ff0f233c3d3e0f92f403bc955c41ab4f67224,60.16829,24.94214,00000000afef4555,27.28
3556,2019-08-04T12:41:07Z,ced0425d382ce86b7565a8b7b36a453a0880a08ba10090524e6c1ac5,60.14699,24.922,00000000a53ed894,17.4
3557,2019-08-04T12:41:07Z,cfa42322be0000cf89d8969d1b88ace0ba99cab721dd58d55d41a36e,60.17065,24.93641,000000000f4919c9,14.89
3558,2019-08-04T12:41:07Z,cfc2a688ff31fbb1baac8790fb6d56dc7746ba2cf9e0e5f39d4751a4,60.14699,24.922,00000000a53ed894,9.12
3559,2019-08-04T12:41:07Z,d0413da80c7714f40ffe50dcfb00039280c64ecebc61c59df72965e6,60.149,24.9843,00000000fffb8cf0,12.69
3560,2019-08-04T12:41:07Z,d098b9b5b30c5fcd4ae8a2b8bc761df72829713d3ae919634876d349,60.14699,24.922,00000000a53ed894,4.5
3561,2019-08-04T12:41:07Z,d0aa228c2a3e6e1568e876cffc76874702e0f0f63f18533551bf02c1,60.16075,24.95883,00000000f1124bca,18.79
3562,2019-08-04T12:41:07Z,d2689e2d449a62ab035bf12d0fd3c8b7cf6c1fd9f175437e8a3122df,60.149,24.9843,00000000fffb8cf0,21.87
3563,2019-08-04T12:41:07Z,d3486259a51296194d20e84e88ba4588e37cf48661effba832c33ab0,60.16762,24.95415,000000006b44cce7,11.7
3564,2019-08-04T12:41:07Z,d38e88e5b926f9d1de6e326cca45116fcca11f10684c80876739c6cd,60.16075,24.95883,00000000f1124bca,8.38
3565,2019-08-04T12:41:07Z,d3a37aedae39925bda7da8e4f05a61b85904a00f88e8684006c76351,60.16829,24.94214,00000000afef4555,11.7
3566,2019-08-04T12:41:07Z,d64eda229ebb6012e59bc89eacb74918e404ce52f16b491f3d48e800,60.16897,24.95222,00000000aa852af1,12.69
3567,2019-08-04T12:41:07Z,d87210146aab139cc6640a20b428dce6ac516806a71a177b70e04f62,60.17065,24.93641,000000000f4919c9,9.92
3568,2019-08-04T12:41:07Z,d8f93f7019ced3cf8ccc2946465e8113293e75498092e982fd45bbc5,60.16762,24.95415,000000006b44cce7,17.4
3569,2019-08-04T12:41:07Z,d9e1972e6cb517827f9c355e591924449d0bbdc9bb0f5bc1f8d4f29a,60.16629,24.95957,00000000fb7600be,29.32
3570,2019-08-04T12:41:07Z,da667dfa2d8a272a7398e186de027fabd2052052c0aad767a1c7d966,60.16897,24.95222,00000000aa852af1,20.28
3571,2019-08-04T12:41:07Z,db6993de0692cf79ab1b8e7d86e4b5832d11f57f026a6eb339f977bf,60.14699,24.922,00000000a53ed894,8.38
3572,2019-08-04T12:41:07Z,dc15145376f4a497910c8d2231d671bf62f1918ad93938a48fdc3eb4,60.149,24.9843,00000000fffb8cf0,29.32
3573,2019-08-04T12:41:07Z,ddd849ee86afceedd5f5582ede84380d5596c9ea304d634ab0fd0de0,60.16829,24.94214,00000000afef4555,3.09
3574,2019-08-04T12:41:07Z,de09fd8d15c3d7adbf440a3d0a418a3b476513c968bda8a4aa652adf,60.173,24.92524,0000000096918cfa,12.69
3575,2019-08-04T12:41:07Z,de84f754a3916c8f831b0bb8ea41fc2a42cdea2794558fece3c7ae97,60.1538,24.95595,0000000038bf9618,16.1
3576,2019-08-04T12:41:07Z,e02c0f9f72e9f248a4b5df8af328e1a0132d4d8a72c1e603d14cdacd,60.18203,24.91341,00000000342570c2,17.4
3577,2019-08-04T12:41:07Z,e0df847c19b463dec6cea35494d375ce136a276c6a785936c931f60f,60.18203,24.91341,00000000342570c2,21.87
3578,2019-08-04T12:41:07Z,e23a6115ba872037f9b5066c9c9c966b497f449e32a2c9ceb0e55497,60.16829,24.94214,00000000afef4555,5.91
3579,2019-08-04T12:41:07Z,e341e5e3e0b4fef8c3764508293310da5922b202d791694e43069ad1,60.16544,24.95398,0000000038d83d41,29.32
3580,2019-08-04T12:41:07Z,e34bcebfa007159f3d2adb0e62e20fcf721a221f52bdfe2a6ad77831,60.18203,24.91341,00000000342570c2,23.56
3581,2019-08-04T12:41:07Z,e35717ff07f32be5a2e1520f1855533f8dcc72cff7930c9cba9da32b,60.14947,24.91438,000000004ef3150d,12.69
3582,2019-08-04T12:41:07Z,e4b111abda6e15229c808fb72d5c0c38e2cf3abdbbb62fff5ae48e42,60.16762,24.95415,000000006b44cce7,21.87
3583,2019-08-04T12:41:07Z,e4f8eb3c654b642eaf00a350d3f55a7ec5156d7693c81bb994f49d52,60.1538,24.95595,0000000038bf9618,38.87
3584,2019-08-04T12:41:07Z,e6f4e3d1f5e01888556b077224cb4d8f88d63306fff2388e3fd997d0,60.14951,24.92138,0000000006dd41f6,11.7
3585,2019-08-04T12:41:07Z,e6f7965f2ef456f61121bcce5e466f125192e511c2af72d901307e8e,60.16762,24.95415,000000006b44cce7,12.69
3586,2019-08-04T12:41:07Z,e7cd5f775c7eea951719f351fcc25c710f857832d6f4b70a51b7b82d,60.16897,24.95222,00000000aa852af1,27.28
3587,2019-08-04T12:41:07Z,e8edad8445fc4965a5c0eae45906480d83b15e61fc6139c7bdea1e33,60.14699,24.922,00000000a53ed894,9.12
3588,2019-08-04T12:41:07Z,e9115410fa45db5a174eee008cae729dc69937a0e0b5a304899bf1b9,60.17065,24.93641,000000000f4919c9,17.4
3589,2019-08-04T12:41:07Z,e92eb020afcd7c1fad04690230ff8c2f005e404dd25b8dced1df30dd,60.16075,24.95883,00000000f1124bca,9.12
3590,2019-08-04T12:41:07Z,e95415d461b040c869512659bcc843eedf3267c4b029a0b3fab444aa,60.16829,24.94214,00000000afef4555,12.69
3591,2019-08-04T12:41:07Z,e9e19621fc5cfcfed2c808bbadc6cc6dd31e28d3c04cef8b89ca2729,60.16075,24.95883,00000000f1124bca,9.92
3592,2019-08-04T12:41:07Z,ea157e44ed100be3f782d8b3d8e5e0986079c588c9ea754b14917df0,60.16829,24.94214,00000000afef4555,8.38
3593,2019-08-04T12:41:07Z,eaa9924da1e700147607d5145e2b55b48b65deea922ee2e59bd1d5a7,60.173,24.92524,0000000096918cfa,23.56
3594,2019-08-04T12:41:07Z,eb79d6eb71f039f7008c9c4ea2f36d37f03bf60bddc7867e8b337254,60.16762,24.95415,000000006b44cce7,36.27
3595,2019-08-04T12:41:07Z,ec350e26364cb676c4cdb72647f039c31e27c775e7bb8973223e5d9b,60.14947,24.91438,000000004ef3150d,11.7
3596,2019-08-04T12:41:07Z,eca02e24138faaf8fc3783b3c7a2b83fbbceaaa3ae3b5697c6c03295,60.16829,24.94214,00000000afef4555,23.56
3597,2019-08-04T12:41:07Z,ef352dcaa8317b6a3c0a02cd8908dd13da5601cc66ba65c5fd8d031a,60.14947,24.91438,000000004ef3150d,5.41
3598,2019-08-04T12:41:07Z,ef77b04fc57a9781bf581172358ba74cf41e0b2a6ecc8090f99810bf,60.14699,24.922,00000000a53ed894,12.69
3599,2019-08-04T12:41:07Z,efe8b6c6fdf0d2caccd589aaaa4f0228a80590ff9ec7961f2e92103d,60.16762,24.95415,000000006b44cce7,8.38
3600,2019-08-04T12:41:07Z,f00fb569fe1448dccb8e92e24b081a3164b59eb117131800780c70a9,60.14699,24.922,00000000a53ed894,18.79
3601,2019-08-04T12:41:07Z,f062cb52d49926a4fb39f723275ed60ab6c0f3bf34e0c3f9d233b7b8,60.14947,24.91438,000000004ef3150d,4.94
3602,2019-08-04T12:41:07Z,f1eb1b22a5e01064a1829b325d256218c68bc9134f03a3f09f3e2566,60.16829,24.94214,00000000afef4555,11.7
3603,2019-08-04T12:41:07Z,f20f951802c722181f0e90095001c49e73f84049bb105b95c97049d1,60.17918,24.95141,00000000675d5200,27.28
3604,2019-08-04T12:41:07Z,f2759841619517bff6a58510ebb0ddbc9378cd300d99652f9b14f90d,60.16531,24.9442,00000000fdda10fe,33.81
3605,2019-08-04T12:41:07Z,f2deba4ef84dbbc8c5d8524f6e2311183003bce4f9bfa6aef5b5ef66,60.14947,24.91438,000000004ef3150d,7.69
3606,2019-08-04T12:41:07Z,f2e063c8c25a8bec0dd6ec3924a5f59fd9694078f2f3fd5b3ea96f29,60.16762,24.95415,000000006b44cce7,12.69
3607,2019-08-04T12:41:07Z,f366283765028e1454f3cfc564b9f220c9d700bfa8a843746eca3141,60.16897,24.95222,00000000aa852af1,21.87
3608,2019-08-04T12:41:07Z,f39827c3c7f4c833d1118043492f78e3255b6da9f4a2c000041d9b61,60.16829,24.94214,00000000afef4555,9.92
3609,2019-08-04T12:41:07Z,f3ec2366b51157150674e5ab6293bdb19e0b30ca4296fee4c97b811c,60.14699,24.922,00000000a53ed894,13.75
3610,2019-08-04T12:41:07Z,f5f7cfe177dfb0b7ebba2419ae53f70b6b5690dd98d98586004a9107,60.149,24.9843,00000000fffb8cf0,6.46
3611,2019-08-04T12:41:07Z,f6a88c4482d078d6a1d51eabc04916c6f7566cff4a16fd55f3abdef0,60.16531,24.9442,00000000fdda10fe,18.79
3612,2019-08-04T12:41:07Z,f796c9efc581b25280d4b416f8ba3aecca6ddf083e7bdad05f6e595e,60.14699,24.922,00000000a53ed894,9.12
3613,2019-08-04T12:41:07Z,f7f0caf73572bea3c08b592eeb9655b2668cfb16fd8840ca5619d84a,60.14699,24.922,00000000a53ed894,1.7
3614,2019-08-04T12:41:07Z,f84faae0aa9ce2d1d09d270282dd81033ad1352346128534d8c3fc7f,60.149,24.9843,00000000fffb8cf0,23.56
3615,2019-08-04T12:41:07Z,f89ed6a4a644f021299a91bd365b752023ef85e8cb44c2ce33ca3b07,60.16448,24.97323,0000000053c6c2be,27.28
3616,2019-08-04T12:41:07Z,f9a7057352731d27889cbd388be5902a6e62b297a3467232e8e47094,60.16762,24.95415,000000006b44cce7,17.4
3617,2019-08-04T12:41:07Z,fa96854324adae88abb35afa34b2393a20338bfd8fc9602d3ce6ae8d,60.14947,24.91438,000000004ef3150d,6.46
3618,2019-08-04T12:41:07Z,fadc39da3cd26ac621092fbbff224b95bb13446c8d24bbf4f3e50e90,60.14947,24.91438,000000004ef3150d,13.75
3619,2019-08-04T12:41:07Z,fc618d570293e104f3bf927312641e3b7c65acce185b1614337d848c,60.16829,24.94214,00000000afef4555,23.56
3620,2019-08-04T12:41:07Z,fca3daa86786d92fe75c43051a906ab67c8b95c774a1227b3c45ce10,60.18203,24.91341,00000000342570c2,38.87
3621,2019-08-04T12:41:07Z,fd77161cf9715d9d0f922cf45e79e5d9b9debef5113cb32a4f82ef76,60.16762,24.95415,000000006b44cce7,4.5
3622,2019-08-04T12:41:07Z,fe5ca86c906b1cb3bf9dd257ceefc562e41da499878f1074484f7d42,60.14947,24.91438,000000004ef3150d,10.78
3623,2019-08-04T12:41:07Z,feb399897846bc34dc3f4b06ac4ef0ffb0db885977b88e5c5fdb7350,60.14699,24.922,00000000a53ed894,12.69
3624,2019-08-04T12:41:07Z,feef8514003d83f6df23d1f12c4f5c23c5605b684b459e94f0e6e6da,60.16448,24.97323,0000000053c6c2be,31.5
3625,2019-08-04T12:41:07Z,ff4f3e0f964f23b97e88626f7a506bb4409718931712c58ce0f247af,60.16762,24.95415,000000006b44cce7,7.69
3626,2019-08-04T12:41:08Z,07d86ad98399440d0cc3bd3382a7256feb971e49a3686dc17f532e1c,60.16829,24.94214,00000000afef4555,14.89
3627,2019-08-04T12:41:08Z,14c7e1511b70f4dd3359cbece1377aebb4d70531f5489eefe53d7c3c,60.16544,24.95398,0000000038d83d41,27.28
3628,2019-08-04T12:41:08Z,1599d2c9070a6f05e1a5887c2d9209214c04818c6203fe75440734f2,60.1538,24.95595,0000000038bf9618,23.56
3629,2019-08-04T12:41:08Z,16c994bb2e24124a910c247376d16e980a65626a94c4c0aaab27df60,60.16829,24.94214,00000000afef4555,20.28
3630,2019-08-04T12:41:08Z,1e7ea410376fbdb3f3c476c76d23abad5d830690f78f71ea06f7e321,60.16075,24.95883,00000000f1124bca,7.05
3631,2019-08-04T12:41:08Z,211f6b7b044343d0be369791b3fa3c144d0d0f391e2a42787712efb0,60.16448,24.97323,0000000053c6c2be,12.69
3632,2019-08-04T12:41:08Z,25a7ff811c3c06e426c7c2cbb0433d9a2a3399b23afecbd35584ab0f,60.18203,24.91341,00000000342570c2,20.28
3633,2019-08-04T12:41:08Z,2d3d031189abfaea69cd551a97b2b2d056a908f19bc56701010a2304,60.16897,24.95222,00000000aa852af1,16.1
3634,2019-08-04T12:41:08Z,2d407793ce0a0290a87debe672b1af2af93c687ca83668e17fb0ce63,60.14947,24.91438,000000004ef3150d,9.12
3635,2019-08-04T12:41:08Z,315af4a829b592ba99b203b8ed2cbd499769f8752dfe6de7da4ee929,60.16829,24.94214,00000000afef4555,16.1
3636,2019-08-04T12:41:08Z,3a93902ba6b635489cd6f55b08d93e6fe7a5bc0a86a0b490a88f6d1b,60.16075,24.95883,00000000f1124bca,21.87
3637,2019-08-04T12:41:08Z,3b5cafe90982db26cf737b2e4cd4275276f6a031bca3b2a1f73023b2,60.14699,24.922,00000000a53ed894,11.7
3638,2019-08-04T12:41:08Z,3fe84a5a1e657df8910685df3a8cf779a6ebc3362fbc8e578f235ee4,60.15432,24.9211,0000000019fb59c4,7.69
3639,2019-08-04T12:41:08Z,4317f5904a5e6ae921bf743dd534c803083fd90b15a1245881beeade,60.16897,24.95222,00000000aa852af1,23.56
3640,2019-08-04T12:41:08Z,44d0b94469070803869f229601e877beb613c3f5aafa009addf97a1a,60.16544,24.95398,0000000038d83d41,13.75
3641,2019-08-04T12:41:08Z,4656bad9b5e6dfc3977eca308fc1db3dbf8b0204b90d09b001da242e,60.1638,24.96846,00000000d747f075,31.5
3642,2019-08-04T12:41:08Z,4a1efc9faf9548fe0ed72037d54a131265a72e61fdfc2009a4e9408a,60.16075,24.95883,00000000f1124bca,10.78
3643,2019-08-04T12:41:08Z,5d65719c4cbf045f068d084b72302f447d5fd034413d97d13be00d0e,60.18203,24.91341,00000000342570c2,21.87
3644,2019-08-04T12:41:08Z,5eed115a984d490b02b602d73787aee8dc8c4e9365b77fbff3818a76,60.16629,24.95957,00000000fb7600be,21.87
3645,2019-08-04T12:41:08Z,69219e9efa41ae9e732653e9eaf08e1a34cb853a9dafe76ddeea4d04,60.16897,24.95222,00000000aa852af1,16.1
3646,2019-08-04T12:41:08Z,6a70e2fbced719333e21eff04fcb9cb36bae9a04d1a3d6ddd96f2c58,60.15432,24.9211,0000000019fb59c4,8.38
3647,2019-08-04T12:41:08Z,70d8572458a1a103555bab897b6443e601e0ed211414b15ad0b56f60,60.16544,24.95398,0000000038d83d41,21.87
3648,2019-08-04T12:41:08Z,737efc92e3419e9d96a8559ec341ea7e18ba6381fd8e4de3d06f82a0,60.14699,24.922,00000000a53ed894,20.28
3649,2019-08-04T12:41:08Z,7678cdb86d454ca9ae52f22d97e635106585a3a046d01da4463695cc,60.18203,24.91341,00000000342570c2,20.28
3650,2019-08-04T12:41:08Z,85ef35aecf2ff804be3d958b592705ec41c6df9c128c132c65bb283d,60.16897,24.95222,00000000aa852af1,16.1
3651,2019-08-04T12:41:08Z,87dfaad29a9276ddddb1fa021d3bc23ad14824c1af16f7d87e713689,60.14951,24.92138,0000000006dd41f6,10.78
3652,2019-08-04T12:41:08Z,88808fe92573e9cdf022cc15b9689b6b4b9429f60513c8897b0ba4c7,60.16897,24.95222,00000000aa852af1,18.79
3653,2019-08-04T12:41:08Z,89982a6acf91b79a282a6b63978e946ee205f303fcd20e944e06baf0,60.16544,24.95398,0000000038d83d41,23.56
3654,2019-08-04T12:41:08Z,9843c6216661048343a0e49cf3d8aa2883cf77f452666a1c873a1052,60.16448,24.97323,0000000053c6c2be,12.69
3655,2019-08-04T12:41:08Z,a8f8130135c784b027355228017bbfe99e5a6eecec153d44b78bedd3,60.16829,24.94214,00000000afef4555,13.75
3656,2019-08-04T12:41:08Z,acd2647d413f41552b31b6e383da445c8902bc2a764d2b7791a7b164,60.16762,24.95415,000000006b44cce7,13.75
3657,2019-08-04T12:41:08Z,af807b67ce09a2ce1744025c421961213f1608ca658ece4df69555a1,60.16762,24.95415,000000006b44cce7,17.4
3658,2019-08-04T12:41:08Z,b5fd6b317890e5ab2d79e2cd1abe61626d45a753c7337d0d40728898,60.16762,24.95415,000000006b44cce7,7.69
3659,2019-08-04T12:41:08Z,bb98768dad0f7c52cf643f035a3e7e48f5cfe28557c66f2a75914b31,60.14699,24.922,00000000a53ed894,9.92
3660,2019-08-04T12:41:08Z,bcb0201b0a1edf350ae2f681076e7d2d48ebd94c075bd3ca59552020,60.16897,24.95222,00000000aa852af1,11.7
3661,2019-08-04T12:41:08Z,be41ebc5fb0d348fc1ef1166d44251c3112a78a4ea01aa980364ee7c,60.14699,24.922,00000000a53ed894,13.75
3662,2019-08-04T12:41:08Z,c175b4269517070a33be84e85a4b8b23c3bb430ff6c31b121ac1603f,60.16762,24.95415,000000006b44cce7,10.78
3663,2019-08-04T12:41:08Z,c97eb4181394121907d47b908495f54e5ee5145ff790f7a1dc21b3cf,60.16897,24.95222,00000000aa852af1,20.28
3664,2019-08-04T12:41:08Z,ca6927628f5ddda20036865c9345ad93d476d62ade3b181de568eed6,60.16897,24.95222,00000000aa852af1,17.4
3665,2019-08-04T12:41:08Z,ce358a51e6d8aadc92f348d84faf2751693f532bef422ca636a0e1ea,60.17065,24.93641,000000000f4919c9,8.38
3666,2019-08-04T12:41:08Z,cf05623e4d87ce0906c0b0b7dbf53aacc1228016cd27c341228b6e76,60.18203,24.91341,00000000342570c2,16.1
3667,2019-08-04T12:41:08Z,cfc0bedb78ded52749db3188cb188bf6a250ef5990da9c5afa9623fc,60.14951,24.92138,0000000006dd41f6,21.87
3668,2019-08-04T12:41:08Z,d0a50f3001c258a38880550f6c0835fcaa85f0a6d36687dc5de98f3b,60.16629,24.95957,00000000fb7600be,18.79
3669,2019-08-04T12:41:08Z,d661caec7a5da6aef734734bbf9090debe494c1afd98050f88f269bd,60.16829,24.94214,00000000afef4555,7.05
3670,2019-08-04T12:41:08Z,dcaa88e5d510f572877286b8ba0663428b2d71a50b6630460009c779,60.14947,24.91438,000000004ef3150d,4.11
3671,2019-08-04T12:41:08Z,dcb7e8bb90af70568c12a902d706c70e1ac1213e31ba074756f0a27a,60.1538,24.95595,0000000038bf9618,31.5
3672,2019-08-04T12:41:08Z,ded49640b591e73bff71f84fb99d2739eb6c9554164a015017725e03,60.16829,24.94214,00000000afef4555,14.89
3673,2019-08-04T12:41:08Z,e8690c2d1711bc10f2d1251a3b5b1e770b98c66c384760400c604de1,60.16829,24.94214,00000000afef4555,20.28
3674,2019-08-04T12:41:08Z,e8a3f9989b92ca25b37254bbeed32fd40c4e06d6322ba4b873eae590,60.16448,24.97323,0000000053c6c2be,33.81
3675,2019-08-04T12:41:08Z,e8e366e76c97944e23c0f80b4fd3ce6e5832744922297146a49f0c7e,60.16762,24.95415,000000006b44cce7,9.92
3676,2019-08-04T12:41:08Z,e96bd269a48b822b06141c3362fcb6d5ed4d0d09a120f2e4a712d5c2,60.16897,24.95222,00000000aa852af1,12.69
3677,2019-08-04T12:41:08Z,eee5797db5c3753514933a12e2485caee4ee5803b4d830ba1c22e5c5,60.14947,24.91438,000000004ef3150d,11.7
3678,2019-08-04T12:41:08Z,efa8e25ea4c5ed441c13cffe6302f0a18f60181c6ede8e013f75a44c,60.16829,24.94214,00000000afef4555,11.7
3679,2019-08-04T12:41:08Z,f29ea15113ac0eea0be8ec41c633909de4b0b9ab6c7b9898b128080c,60.16897,24.95222,00000000aa852af1,13.75
3680,2019-08-04T12:41:08Z,f405a7c4a3a4339f8e3f7e552f6492d6eed76f7d08c54943286213de,60.16762,24.95415,000000006b44cce7,12.69
3681,2019-08-04T12:41:08Z,f6609ab1076b1105bb845595a03b41b8fbb282f79c337df5bbc9f841,60.14699,24.922,00000000a53ed894,17.4
3682,2019-08-04T12:41:08Z,fc4f3a44235f1cfc7b53f14ba2da599976a5a0a220d23b852688e485,60.17919,24.95181,000000007b5207b6,20.28
3683,2019-08-04T12:41:08Z,009ad4cd2bd97e04da44cc9789e6bdbdb899eded61d05b7d5634b7be,60.16829,24.94214,00000000afef4555,3.74
3684,2019-08-04T12:41:08Z,00a07b1f8113691d8475c54082a14cdd54decf9845a90e75df8031a6,60.17065,24.93641,000000000f4919c9,25.36
3685,2019-08-04T12:41:08Z,02a0c11101d94209b1945b117fe2f6c2e93cec0c5c8eb0d847b655cf,60.16531,24.9442,00000000fdda10fe,27.28
3686,2019-08-04T12:41:08Z,032e5d7621738a50c9e742e0cba13c819f7c67cedf8687f3ab25595c,60.16762,24.95415,000000006b44cce7,14.89
3687,2019-08-04T12:41:08Z,033759f09b97a9347fd7852dbc2bcd3abbb67a792486acad9d185bca,60.16762,24.95415,000000006b44cce7,16.1
3688,2019-08-04T12:41:08Z,036c183505fea646b54aeb0c612913cafba94eca65e47d3c6d840a68,60.17919,24.95181,000000007b5207b6,17.4
3689,2019-08-04T12:41:08Z,038e7f3d1d9babcdb48b63ff8e3e1ac732b3c29f665dc7d9a1819abc,60.14699,24.922,00000000a53ed894,12.69
3690,2019-08-04T12:41:08Z,0479a26a59d65bf1dee05c06f4227a0ba63a6e9c9a09e7c34f2e06b4,60.14699,24.922,00000000a53ed894,9.12
3691,2019-08-04T12:41:08Z,04b5d29c48edaaf4904a98e412562e3c0d857eb20342cc7c323d4293,60.16762,24.95415,000000006b44cce7,7.05
3692,2019-08-04T12:41:08Z,04c3b487e8f6b938d4fcd30254edecafbe62a0d8d53ebc32d0151c6d,60.16762,24.95415,000000006b44cce7,23.56
3693,2019-08-04T12:41:08Z,04f35922a81b516e7028f61c6ff34faf6da85df0a5cfcefb6df1861f,60.149,24.9843,00000000fffb8cf0,29.32
3694,2019-08-04T12:41:08Z,05d441c83d2df822feaf93d7861452db7a201f22d84cfa36f421dfd2,60.16544,24.95398,0000000038d83d41,11.7
3695,2019-08-04T12:41:08Z,0638ed176f2a4b17c11bae92240575c9305f4bc21592a476b3106be4,60.16762,24.95415,000000006b44cce7,10.78
3696,2019-08-04T12:41:08Z,0851ab74be2e888decf0046825f09ed302f7b2275e72b09b5b713d85,60.16829,24.94214,00000000afef4555,9.92
3697,2019-08-04T12:41:08Z,0947f9d6bb6c34e382e008052b704b6521ac4f7678a2e8a719bb574b,60.15432,24.9211,0000000019fb59c4,25.36
3698,2019-08-04T12:41:08Z,0952de1e75ca994bb018aaa22bee06785fe007f21f206e323740c94b,60.15133,24.92329,00000000e8a064a4,31.5
3699,2019-08-04T12:41:08Z,0a0acb70a8ef92be52a64d4425e70bb2f7a17d13942c3382c9d68878,60.149,24.9843,00000000fffb8cf0,9.92
3700,2019-08-04T12:41:08Z,0a8eb41acf097f79d7e145d7a002bbaa9f5017b44076ad66b2dbe053,60.16762,24.95415,000000006b44cce7,16.1
3701,2019-08-04T12:41:08Z,0aabf0df4c3c5b45bb8950c92dbe624985f19e8650ed61f92571a65a,60.14699,24.922,00000000a53ed894,4.11
3702,2019-08-04T12:41:08Z,0acb4bd7319729fea4acf035921d1136d86a307a60b4444669cede1a,60.14699,24.922,00000000a53ed894,7.69
3703,2019-08-04T12:41:08Z,0b0dd9af9d52c68ff71ce266d6707abbb0f56c3c63be0f83f7b5df9b,60.16762,24.95415,000000006b44cce7,16.1
3704,2019-08-04T12:41:08Z,0bff251f683fe3bcebc305ef3e1bc5aef303d51c6a9bb0fb62b7d9c7,60.18203,24.91341,00000000342570c2,23.56
3705,2019-08-04T12:41:08Z,0c905239b8c0e14cba671cf4d4d715d1045a30ee62a6285fb489dbb0,60.16829,24.94214,00000000afef4555,16.1
3706,2019-08-04T12:41:08Z,0d0e661499ff245b29cce6a0bee9d4716c35738590a43b289dbfbe0e,60.1538,24.95595,0000000038bf9618,25.36
3707,2019-08-04T12:41:08Z,0d3525b13d674f1645fdbe6d842fe37b2f416889c5472e9dfcc5445c,60.14947,24.91438,000000004ef3150d,2.3
3708,2019-08-04T12:41:08Z,0fe681ee4c4c70c99bbacaf42e0d3c9bffc5818eb71197978a94b021,60.16762,24.95415,000000006b44cce7,8.38
3709,2019-08-04T12:41:08Z,10a99e791e27975dc1c9d73d3163cabacf3bd7bd05a4f7abf6365426,60.14699,24.922,00000000a53ed894,9.92
3710,2019-08-04T12:41:08Z,10ae9b326910a3b911d94367e817d5864b7253a9ac9bb4a35b03ad31,60.16629,24.95957,00000000fb7600be,18.79
3711,2019-08-04T12:41:08Z,10caaea8002e8b3b342b32710efdd7305ff375ca1cdc01411f66b2f6,60.14699,24.922,00000000a53ed894,14.89
3712,2019-08-04T12:41:08Z,119268a2b328b466959e99158efc17d07641daf2eab0785f813707f9,60.16762,24.95415,000000006b44cce7,12.69
3713,2019-08-04T12:41:08Z,11e86e782e9a7e18c01d0e60c9e85ea62294fb426a4c81b86c8bb8f8,60.17002,24.94407,000000006b087f40,11.7
3714,2019-08-04T12:41:08Z,120a63917cb5ab619bf9a71328f14020736ee84e75d5b37278748def,60.16897,24.95222,00000000aa852af1,11.7
3715,2019-08-04T12:41:08Z,13bcedb8c59b26417282929d81844b272c7c5bc295614f531219a8e4,60.14947,24.91438,000000004ef3150d,20.28
3716,2019-08-04T12:41:08Z,13ee67fb034e3d24edc9a9618e9d6de24979ebbcb399f83abb02a897,60.14699,24.922,00000000a53ed894,3.74
3717,2019-08-04T12:41:08Z,1423891c6ee1edc7da83904378a35aef2e5797db95b117651d676934,60.16762,24.95415,000000006b44cce7,2.8
3718,2019-08-04T12:41:08Z,1496ce9cf373a2a508a8ab0b7aa0604dd889fd69483881c3752219af,60.14699,24.922,00000000a53ed894,11.7
3719,2019-08-04T12:41:08Z,1582eee04b12138ba897d22887174c8a8df1e17f4a6e78e892042b2c,60.16762,24.95415,000000006b44cce7,29.32
3720,2019-08-04T12:41:08Z,15ee12e5f9be00a79b0cbbc9912f51cbfa3e486624567e1bde938fb6,60.1538,24.95595,0000000038bf9618,17.4
3721,2019-08-04T12:41:08Z,161aa798c2a18e132fb27ecded773218ea4e42eabbd0e5794b1d7017,60.15432,24.9211,0000000019fb59c4,20.28
3722,2019-08-04T12:41:08Z,17af6ab252328066d6b13406084507dfa7a7f6db3030872e7f87223d,60.17065,24.93641,000000000f4919c9,18.79
3723,2019-08-04T12:41:08Z,1882b53729765cca25bc63400074242872d6fbc57882f131285b277f,60.16829,24.94214,00000000afef4555,12.69
3724,2019-08-04T12:41:08Z,194e6ced97ec114a37fe06d6d73fb687c057d411be476f1ea6f4852e,60.16897,24.95222,00000000aa852af1,17.4
3725,2019-08-04T12:41:08Z,19e53513589dcba5028a4b34911362f7371db2323ba85afdee89638d,60.14699,24.922,00000000a53ed894,14.89
3726,2019-08-04T12:41:08Z,1a93dfa31156cee53b4bd527d8b74655a5da812b6933d8a86d871e47,60.14947,24.91438,000000004ef3150d,9.12
3727,2019-08-04T12:41:08Z,1ad0b84716a79851fa8db7a993012f0c8e496d6cba9d028a546285a2,60.16897,24.95222,00000000aa852af1,18.79
3728,2019-08-04T12:41:08Z,1bcef866fafad7c7460a084e0b0d27c087b549f4ae704390708be47e,60.149,24.9843,00000000fffb8cf0,8.38
3729,2019-08-04T12:41:08Z,1c669457535e4635f732c228ec524f9d2c440b0d2132fa1acd93122a,60.16897,24.95222,00000000aa852af1,18.79
3730,2019-08-04T12:41:08Z,1c7ccd5d6570d98e57ef2ebbd716b7504b138f9bb616fbeaa0d1a268,60.14699,24.922,00000000a53ed894,17.4
3731,2019-08-04T12:41:08Z,1c97d2bebb0ebb21f9e68c4c27224b7f8d52178c0bf62341cd087e15,60.14699,24.922,00000000a53ed894,14.89
3732,2019-08-04T12:41:08Z,1ca2a3dc3dfc4b7c43e5c2670f235bdd61b23459d91984dde3e5afff,60.14699,24.922,00000000a53ed894,12.69
3733,2019-08-04T12:41:08Z,1e24a2120b13c780dbb3a67a73f5058d1847f126fd5f5952e6dddcd3,60.16075,24.95883,00000000f1124bca,18.79
3734,2019-08-04T12:41:08Z,1e63d2090b520af23ca3d2c9a05047dc0b0c63f7471b86e9d9f3e7cc,60.16629,24.95957,00000000fb7600be,18.79
3735,2019-08-04T12:41:08Z,1f74037ecab4dbdc5db1a8dc8b583a86630f86a5f2d0a5167b7fa605,60.18203,24.91341,00000000342570c2,13.75
3736,2019-08-04T12:41:08Z,1f81ed7274add201d3059d4a37e2bbe86b6ae1f0fd42a16d7b8dccaa,60.14699,24.922,00000000a53ed894,6.46
3737,2019-08-04T12:41:08Z,1faaaeff6423708e06d94b904af4be93e399939fbdfd3b3091dc8bd2,60.15432,24.9211,0000000019fb59c4,12.69
3738,2019-08-04T12:41:08Z,203a0c145a43c9a18f8c2a5ba4e18882e7430662bb4ac0e56ab37578,60.17065,24.93641,000000000f4919c9,14.89
3739,2019-08-04T12:41:08Z,203ea7cefd45873084263df2b0f41ad7b2e8878222fb6a53c263c534,60.16829,24.94214,00000000afef4555,14.89
3740,2019-08-04T12:41:08Z,20540117d73bd2543c3dd0c9204fbd1be4534b10622455858f8531b8,60.16829,24.94214,00000000afef4555,16.1
3741,2019-08-04T12:41:08Z,20ac7b2ace7c0038aa8df01b9281a9c54f1551fc8ab9b662b1f1ca22,60.18203,24.91341,00000000342570c2,9.92
3742,2019-08-04T12:41:08Z,21bdc11bb63fb48c9d4b5308540ee5df579c9a385001a10fceeeedf3,60.14699,24.922,00000000a53ed894,29.32
3743,2019-08-04T12:41:08Z,21eed3ade733687b8f56fade8290819b7c6b4a9f38468979fe692c3e,60.16762,24.95415,000000006b44cce7,5.41
3744,2019-08-04T12:41:08Z,2204ba387d2db0e7d2ca03f7ace46abff8d141668b73c75a1879d7ba,60.14947,24.91438,000000004ef3150d,3.74
3745,2019-08-04T12:41:08Z,22fe9a06fba1036e8eafd726bc450095b1893be067f475e1882bb704,60.14699,24.922,00000000a53ed894,13.75
3746,2019-08-04T12:41:08Z,231026899a6d5b326cb5b1e38b182ca1acb77c7e27bc2378973b29db,60.16629,24.95957,00000000fb7600be,10.78
3747,2019-08-04T12:41:08Z,23337c2812924a07e4f0bbc92e56d1f85ea40208b6b987f4afc686cf,60.16897,24.95222,00000000aa852af1,18.79
3748,2019-08-04T12:41:08Z,250f7cf6c6d1296e84c45fb8621a0704eb5243471980b5187dc40cdd,60.14699,24.922,00000000a53ed894,9.92
3749,2019-08-04T12:41:08Z,2551a9e1b8a03c8e0e378ed37c0130b6e4105ec6b949de9e5a670be8,60.14699,24.922,00000000a53ed894,16.1
3750,2019-08-04T12:41:08Z,257206d3f59df5c426a9c735f4741cba6d792de1cbafe62289d383d7,60.16897,24.95222,00000000aa852af1,7.05
3751,2019-08-04T12:41:08Z,2607d1b2fc6e31a80348fffbed68a7d3a8e0212f197f2d1c573c587b,60.14947,24.91438,000000004ef3150d,2.8
3752,2019-08-04T12:41:08Z,269124e75b1e74a7c7dc93b778e02f04d0a53e069a90081c0938ee4c,60.14699,24.922,00000000a53ed894,13.75
3753,2019-08-04T12:41:08Z,27d4452dcae7c8e389fc21669cb3ccaedac87d45d4b1a50131c939e4,60.16762,24.95415,000000006b44cce7,9.92
3754,2019-08-04T12:41:08Z,28b43564f7156b67db7cb7b779e948986d7610f921490f9030379704,60.16897,24.95222,00000000aa852af1,10.78
3755,2019-08-04T12:41:08Z,28d2c3282e9f8fec67baec7992dcd800c45b67071e33cb118905a6b3,60.16829,24.94214,00000000afef4555,4.94
3756,2019-08-04T12:41:08Z,2969cdb120f2d285c556abfe5bac2f8090571f61aba227a474a534d2,60.17065,24.93641,000000000f4919c9,12.69
3757,2019-08-04T12:41:08Z,2a47bdc66249162a9588347a6cbe7895fe798bb25c1194cd69fb1e8b,60.14699,24.922,00000000a53ed894,14.89
3758,2019-08-04T12:41:08Z,2e2f4d1ad9ddc47800b58bfd6c1f08de22fdaa2157ec5f3f817246bf,60.16448,24.97323,0000000053c6c2be,11.7
3759,2019-08-04T12:41:08Z,2ee2e108ed9051b1ccf4d3ee89931dfd53170af0b558fa6579b83e8d,60.15432,24.9211,0000000019fb59c4,13.75
3760,2019-08-04T12:41:08Z,2fb7fccd391d578e735c66386708a35e4aa1a565b6dac8392a06aa4f,60.17065,24.93641,000000000f4919c9,27.28
3761,2019-08-04T12:41:08Z,32708990f2c831e65f70f2682baf5188fc93348b9a9e78ada8db2bf4,60.14947,24.91438,000000004ef3150d,3.74
3762,2019-08-04T12:41:08Z,32f77f5019e5fce30881c214487361e2e34b8c93277f6e546de72012,60.1638,24.96846,00000000d747f075,29.32
3763,2019-08-04T12:41:08Z,33634cb1e3fc5d4a621e8717d203da8533ed27531a70c6cbe3abf3fa,60.16762,24.95415,000000006b44cce7,3.74
3764,2019-08-04T12:41:08Z,33ec502792a84f23fed03cf16e483d153c65e2850a2549f47034726a,60.16762,24.95415,000000006b44cce7,1.54
3765,2019-08-04T12:41:08Z,3459042c03cbb672a039f7f14a6b99b84f839b0598f9e48bf4dd95f5,60.14699,24.922,00000000a53ed894,8.38
3766,2019-08-04T12:41:08Z,349dd839e41cff363cc4b935496e52b93be15233e508aa82987859bd,60.16075,24.95883,00000000f1124bca,20.28
3767,2019-08-04T12:41:08Z,34fddf0f4ea194b9720451d11a9de76225577536681d4f4b0a00b860,60.16829,24.94214,00000000afef4555,3.4
3768,2019-08-04T12:41:08Z,352427714fc6e8591df6bd227dde05d3b7ba0881742eee4ae750dcc4,60.15432,24.9211,0000000019fb59c4,12.69
3769,2019-08-04T12:41:08Z,358d7986d5bf2a0624fb1412a157b3c7b12f90653457e15a76bbdf50,60.16629,24.95957,00000000fb7600be,17.4
3770,2019-08-04T12:41:08Z,35a958343879c000cfc3f0c01afbc7d54934265828677bf4aefef84f,60.14699,24.922,00000000a53ed894,9.12
3771,2019-08-04T12:41:08Z,35e6e075578d7a51e510bf8904bde33f1d117264eea0917db98d4808,60.16897,24.95222,00000000aa852af1,12.69
3772,2019-08-04T12:41:08Z,3721331dbb97151d17938ed835ffc7208eba26fba6100c62870a3a4f,60.14947,24.91438,000000004ef3150d,4.11
3773,2019-08-04T12:41:08Z,37945fa4e7409fab98aa8bde45081f5bd083def0059485274ad552c0,60.17919,24.95181,000000007b5207b6,7.05
3774,2019-08-04T12:41:08Z,38e15f5aeb58c22ca456fc4d3a14f3b4d9f1fac43de070d2565eb1d3,60.16897,24.95222,00000000aa852af1,21.87
3775,2019-08-04T12:41:08Z,39310ebca1ad756aa2bfcb16c912cb7003ef3e7286a1f037603ade61,60.14699,24.922,00000000a53ed894,3.74
3776,2019-08-04T12:41:08Z,39f03a3a5fd777feee270921a7f51daec12ea679b542b0aaf2e808d7,60.149,24.9843,00000000fffb8cf0,18.79
3777,2019-08-04T12:41:08Z,3a6ce73ea4c03a14fc0d3d099e4698d3c1051a2e8e4bd552d5de394d,60.14947,24.91438,000000004ef3150d,4.94
3778,2019-08-04T12:41:08Z,3b73bf57d223bcb9b930ee8619e6603e52485b221389c64d85614baf,60.16897,24.95222,00000000aa852af1,8.38
3779,2019-08-04T12:41:08Z,3be48824225ca9f2aea5653f6ce21181a76e67a8d4b8361f0cba1f8a,60.14947,24.91438,000000004ef3150d,1.88
3780,2019-08-04T12:41:08Z,3e4965f1ed580ddf80246b1b78cbc55b73c11d67573d9cede2a7ccf7,60.16829,24.94214,00000000afef4555,9.12
3781,2019-08-04T12:41:08Z,3ea5c91c32a318cb798767914dd025c2791a8c19e81c10c22f649247,60.18203,24.91341,00000000342570c2,25.36
3782,2019-08-04T12:41:08Z,3ec0a34310840b3aa1aa32a3f2bffbe426e91a242dc6eb5c1e86bba7,60.16448,24.97323,0000000053c6c2be,33.81
3783,2019-08-04T12:41:08Z,3ef78c4485a99bfa3d5e1df620f767b22e6c6583cefd990dee77f784,60.16762,24.95415,000000006b44cce7,20.28
3784,2019-08-04T12:41:08Z,3f0ef00adad8d110dd5a664041a7e29a8bf1cb2abdace2517eeafe55,60.14699,24.922,00000000a53ed894,21.87
3785,2019-08-04T12:41:08Z,3f395809cdaaaa1688c7d1cc770079bbf7ef1349e148bec5c8eacd57,60.16762,24.95415,000000006b44cce7,5.41
3786,2019-08-04T12:41:08Z,3ffe89aa6ab1e57883e21fa8f15969f46a5f487bccb2b993eadb3cfb,60.14699,24.922,00000000a53ed894,7.05
3787,2019-08-04T12:41:08Z,409be16c4d34b9e76ac22ea0e8e282da3e9d169fe77ff5ea52a72883,60.14699,24.922,00000000a53ed894,16.1
3788,2019-08-04T12:41:08Z,4157eed3f2574f5f9b1f7c3ccc1c36e181e82585ec5d491a1aedc6c9,60.16762,24.95415,000000006b44cce7,9.12
3789,2019-08-04T12:41:08Z,42168beaa0acd47be6bf8e4209edb348c9d27b18517c7420d454a24f,60.17065,24.93641,000000000f4919c9,16.1
3790,2019-08-04T12:41:08Z,42690cd685dbeeacc0a755e6201e0b16137c1d49128c586642631c7e,60.16448,24.97323,0000000053c6c2be,27.28
3791,2019-08-04T12:41:08Z,429295e322e9f143f79e9a6340e4974858aa9aa2f5ed6e8512dd00cd,60.14699,24.922,00000000a53ed894,21.87
3792,2019-08-04T12:41:08Z,429363aca20efd1e564b3ac367b9eb4702cce1afbe6a22dccb543a7f,60.16075,24.95883,00000000f1124bca,27.28
3793,2019-08-04T12:41:08Z,42d4eb6044091814f327d0b01dc9ae701506417af1a8ab7f4161650d,60.14951,24.92138,0000000006dd41f6,13.75
3794,2019-08-04T12:41:08Z,42da4298ed9f522421f17714e024d9b8fe22e7546df3deeb8b139bd3,60.16075,24.95883,00000000f1124bca,5.41
3795,2019-08-04T12:41:08Z,431375be6b9405ef55878f3aa0bb5dd6a35db8ba650a2bce05081c49,60.14947,24.91438,000000004ef3150d,12.69
3796,2019-08-04T12:41:08Z,436df7106ce19510536cf507d8939633784f67da2f872970e0d3ba43,60.16829,24.94214,00000000afef4555,31.5
3797,2019-08-04T12:41:08Z,447f951c07ece4b9f8a41fed54b5911f4f8033b69f5a62bfd0cf1d97,60.14699,24.922,00000000a53ed894,27.28
3798,2019-08-04T12:41:08Z,44ee4877f05a1899b74ab22ee21cbc370614784087484c772d02aa92,60.16629,24.95957,00000000fb7600be,25.36
3799,2019-08-04T12:41:08Z,4533d27e96c5c6637ddff4243672d658fea4004970652882357105a9,60.14699,24.922,00000000a53ed894,9.12
3800,2019-08-04T12:41:08Z,457d11209b95b153efb57d8f2641f2db0823e91a0d608fa0555a5b69,60.14699,24.922,00000000a53ed894,6.46
3801,2019-08-04T12:41:08Z,467a01a257fbaad22bd4aebafc8f284c9ad3effc429475e57c214e9d,60.14699,24.922,00000000a53ed894,9.92
3802,2019-08-04T12:41:08Z,47b8aba771bed6ec3a7d57932c44fe859bcf6300054b3acc9d885105,60.14947,24.91438,000000004ef3150d,10.78
3803,2019-08-04T12:41:08Z,48d0a198e7445da9f7df3cb2cedef7dc861fe850deff789f6ad61d36,60.14947,24.91438,000000004ef3150d,17.4
3804,2019-08-04T12:41:08Z,4926fec57d2640e18cb9d46deb64eba0255ca71b93116f4ae21e4288,60.16829,24.94214,00000000afef4555,10.78
3805,2019-08-04T12:41:08Z,4a565a7be2bb822523480c6ca86154a466bf189290f87a0ef118f8b7,60.149,24.9843,00000000fffb8cf0,31.5
3806,2019-08-04T12:41:08Z,4aff8c41b8c3f924b9b765007cf6f0f148e9fdc4dfad6299b17f6f71,60.16762,24.95415,000000006b44cce7,13.75
3807,2019-08-04T12:41:08Z,4b1050cc517631e36206d3528399c0b14748daec8c7d1b5dfa412299,60.15432,24.9211,0000000019fb59c4,4.5
3808,2019-08-04T12:41:08Z,4b85388cdaec2b4c15b546160ee326d9668a5e5d3c7b08d0c539946e,60.17919,24.95181,000000007b5207b6,9.92
3809,2019-08-04T12:41:08Z,4cadc8cc23fd84febb6a8383030a34c97b3388a8c9ed7a64cc0f51a6,60.14947,24.91438,000000004ef3150d,13.75
3810,2019-08-04T12:41:08Z,4d4115f2971578ddc2428be944e2954c9e9a5472a818ec1805a022b2,60.149,24.9843,00000000fffb8cf0,31.5
3811,2019-08-04T12:41:08Z,4ebdb6165c5d4892cdc21711313b98b1545bececfb886192c6f0ef22,60.16762,24.95415,000000006b44cce7,7.05
3812,2019-08-04T12:41:08Z,4efc969b8b738c051c221bf9d7829089b44cec23dd378fd86e7fb8be,60.173,24.92524,0000000096918cfa,31.5
3813,2019-08-04T12:41:08Z,4f4940c5c77737c5b8f2fbd5a1b65886ea5f6e0e4fcd50447e11ce21,60.16075,24.95883,00000000f1124bca,7.69
3814,2019-08-04T12:41:08Z,514a3981fad6c695ac4940f09374b5d1c2e84d2ca835084ef8707714,60.16075,24.95883,00000000f1124bca,9.92
3815,2019-08-04T12:41:08Z,51b3c7870a399165f0d1d14f7d21688df32b0360f9cc6f3ca61890d8,60.16829,24.94214,00000000afef4555,18.79
3816,2019-08-04T12:41:08Z,52072bd384eaaf4a6958af5510ed039d194dee47f34667bc7bccbe0e,60.14699,24.922,00000000a53ed894,13.75
3817,2019-08-04T12:41:08Z,5263c8fd413ee308494f18228802330e278acc648b425bb454951db5,60.16075,24.95883,00000000f1124bca,8.38
3818,2019-08-04T12:41:08Z,5274280f7558ea562d9ce825000efc025d2de6b91c62614cb68df2b1,60.14947,24.91438,000000004ef3150d,9.92
3819,2019-08-04T12:41:08Z,52939581c6c8dd3407dbf44ea9e90471e4bbadfb7e3740a0ba8324f3,60.14699,24.922,00000000a53ed894,5.91
3820,2019-08-04T12:41:08Z,52f0e69ca7a5cebe604c1f32308dc7f8870d1d85cd4b25ad17f706e9,60.14699,24.922,00000000a53ed894,8.38
3821,2019-08-04T12:41:08Z,53f1f84f2f1f0ea7eb59dd269d86fae99cc25ee089a48f249de1aaec,60.16897,24.95222,00000000aa852af1,17.4
3822,2019-08-04T12:41:08Z,5554305bad43a71cf98d83e92708c7474c1efc189392c1ea94231e9c,60.16531,24.9442,00000000fdda10fe,2.3
3823,2019-08-04T12:41:08Z,560205233dc9b13886248fb6e54ee21dc3b287080072641e01e08dac,60.16075,24.95883,00000000f1124bca,14.89
3824,2019-08-04T12:41:08Z,56b8eace741e5227a40ea0a64601a737648080c63d6240b0dca632c4,60.16075,24.95883,00000000f1124bca,12.69
3825,2019-08-04T12:41:08Z,570dc61d53aec66ede39dfde66339640878453afc00cd1a55c60bca7,60.16544,24.95398,0000000038d83d41,18.79
3826,2019-08-04T12:41:08Z,571934189bf349efb6f596e76c21612cf9b82ed44913090169936048,60.17065,24.93641,000000000f4919c9,11.7
3827,2019-08-04T12:41:08Z,57bb8beeec6904b9a5cfe83c4ff9a80e63157780137f03de2a4152d3,60.16762,24.95415,000000006b44cce7,7.69
3828,2019-08-04T12:41:08Z,57c6f9c8fc64c4d7030c1d3576910e338178138cd74acdc9e3630216,60.16762,24.95415,000000006b44cce7,17.4
3829,2019-08-04T12:41:08Z,58122bffe92a82d8b8a6fb46e406f2d86c32db26eca7557ec6943fa5,60.14947,24.91438,000000004ef3150d,18.79
3830,2019-08-04T12:41:08Z,583a35aa08fe45f96deb91a9f4b9317e86eddeee0d636cc11b3e2df8,60.16762,24.95415,000000006b44cce7,10.78
3831,2019-08-04T12:41:08Z,58411163d307bb308f9c94a9720e9ce5ab0ce4f5617cd2b1fcc2037a,60.16762,24.95415,000000006b44cce7,10.78
3832,2019-08-04T12:41:08Z,584cb0b0cdd14e608c8b57c8aecc9826f9b40027e365e2438a444ea2,60.16762,24.95415,000000006b44cce7,11.7
3833,2019-08-04T12:41:08Z,59877ef284214dfe0b2c083f64189c5fcf63aeff32538e30c60294fb,60.14699,24.922,00000000a53ed894,27.28
3834,2019-08-04T12:41:08Z,59e23b6ba24eb1cbbe77cbbfb47fd0aeb3b9a3574e0b34a2be2c9352,60.16762,24.95415,000000006b44cce7,9.92
3835,2019-08-04T12:41:08Z,5c160268bc9b4b619181ce421d9e58c258e6b59a342945fc29f0004b,60.14947,24.91438,000000004ef3150d,4.5
3836,2019-08-04T12:41:08Z,5cd5117066c75a1cb83d3896a7eba3f3472e133f0013ea7d4e95daaa,60.14699,24.922,00000000a53ed894,5.91
3837,2019-08-04T12:41:08Z,5d70086d53447ee393249cef33c7bae814c1d7c2e3055fc91b38786c,60.17919,24.95181,000000007b5207b6,8.38
3838,2019-08-04T12:41:08Z,5e53be1d47b3cceeb6ea9406c75327379c8ee8abc68da605b7758e85,60.14947,24.91438,000000004ef3150d,5.91
3839,2019-08-04T12:41:08Z,5e7916ca910b02abf2d19906759663c23db63950a353fa546f55c8af,60.14699,24.922,00000000a53ed894,7.05
3840,2019-08-04T12:41:08Z,5ea49ba4de68e03664ec3a87f5de32434d7136b4f8323f022ff9df5b,60.16829,24.94214,00000000afef4555,5.91
3841,2019-08-04T12:41:08Z,604a02f00cf5d2e059c26ee48a07cd30e608c4b00f17f447c028da58,60.16762,24.95415,000000006b44cce7,17.4
3842,2019-08-04T12:41:08Z,60d5c11436b72dd4eb673f606bddc3f8f36675342cba015b9297155f,60.16448,24.97323,0000000053c6c2be,23.56
3843,2019-08-04T12:41:08Z,60d9b71ec38b796bf876dedfaf3112b49ff79677480c7603902857ae,60.14947,24.91438,000000004ef3150d,13.75
3844,2019-08-04T12:41:08Z,614ab7fba7255f6bf6f888e9a04d589962f756b3f427e658f10014f2,60.16075,24.95883,00000000f1124bca,5.91
3845,2019-08-04T12:41:08Z,6187e3415bcea985be770b4a90f3ed56fbfff1aa331759d34ccbd4ee,60.16897,24.95222,00000000aa852af1,23.56
3846,2019-08-04T12:41:08Z,623a1746eaf8ae2f9a6eb28842e9699551c46f4b1c799eb6285f5a13,60.16762,24.95415,000000006b44cce7,16.1
3847,2019-08-04T12:41:08Z,62a6fe2d9b3b5b4533c51253f8842428bd797b3c6a95a7816ec472ed,60.14947,24.91438,000000004ef3150d,6.46
3848,2019-08-04T12:41:08Z,63defb71d4c3856253a0a2d67a5c370b91ad0527703b334a63fe5344,60.14947,24.91438,000000004ef3150d,7.69
3849,2019-08-04T12:41:08Z,641e8defb97171d160f062c4bc3e9d06346f10d5246e6aeac935e1a9,60.16897,24.95222,00000000aa852af1,21.87
3850,2019-08-04T12:41:08Z,643ef3f01a51bea3c4510d4060a945cd510e5189236d68f5c9489034,60.16829,24.94214,00000000afef4555,1.25
3851,2019-08-04T12:41:08Z,64638a9f9e6c9b32fc4b484b55e4934fcab6cb04605cc76d5f5534b7,60.17065,24.93641,000000000f4919c9,5.91
3852,2019-08-04T12:41:08Z,64d86288e491374eed34c68c82763c2e5dbc87113cf5ca44f23233ba,60.16829,24.94214,00000000afef4555,13.75
3853,2019-08-04T12:41:08Z,6503762f2cac51cc2b74da1efa6b16583ed11c9a528d7716b7829c0b,60.16829,24.94214,00000000afef4555,17.4
3854,2019-08-04T12:41:08Z,6516a10850095847a8156717b0fba05a9bdc9b5bfedd691ddb07f119,60.14699,24.922,00000000a53ed894,13.75
3855,2019-08-04T12:41:08Z,6525cc634176c25187e68e0d067bcfecfd78e399e93db4ee9d408b7e,60.17918,24.95141,00000000675d5200,9.92
3856,2019-08-04T12:41:08Z,655204cb507ea9ae811105cdcd766161facaa9f729017a333f102391,60.149,24.9843,00000000fffb8cf0,12.69
3857,2019-08-04T12:41:08Z,65de3b8621fadfc61e9d3657dc477ea9867f9d093f80cf0857dcad88,60.16762,24.95415,000000006b44cce7,18.79
3858,2019-08-04T12:41:08Z,6688790e10cbf0805c8bdc210412ed75d7999e61029da0b7ba29458e,60.16829,24.94214,00000000afef4555,13.75
3859,2019-08-04T12:41:08Z,6723bebaab92d1a9f8b4318fd4f497a6dec6d7f8e0eafca443925213,60.16075,24.95883,00000000f1124bca,20.28
3860,2019-08-04T12:41:08Z,67591d427f60ba3c369ac0d78088fca7be33081501508d16401dd6cb,60.16762,24.95415,000000006b44cce7,3.74
3861,2019-08-04T12:41:08Z,675eacdf32b5b831fd118fc5539eea4b3cef4bd11e2e1706a9571222,60.16829,24.94214,00000000afef4555,4.94
3862,2019-08-04T12:41:08Z,6774ed72eaf69d7c4aaeeef90990f969954155bbcc52652e75e7deef,60.16829,24.94214,00000000afef4555,5.91
3863,2019-08-04T12:41:08Z,677c53ae4056d6cb123ca576ba5284664b1c7e3e88818bd19b5dd99a,60.17919,24.95181,000000007b5207b6,25.36
3864,2019-08-04T12:41:08Z,6875e3632a29207e29ded33617e66d55de5d8c7804fecedd6f1dfe12,60.14699,24.922,00000000a53ed894,8.38
3865,2019-08-04T12:41:08Z,6981f80baeddf7459b67845f82744390c976c013f3a4883a53556fc7,60.16762,24.95415,000000006b44cce7,17.4
3866,2019-08-04T12:41:08Z,69f1de5049f5731749defe893b8ae9ada4f5f788a994b8f7413ef657,60.17002,24.94407,000000006b087f40,18.79
3867,2019-08-04T12:41:08Z,6afad0494618e12f213955f9fdad3627f87b922e00bbee706c3152d7,60.16629,24.95957,00000000fb7600be,23.56
3868,2019-08-04T12:41:08Z,6b97071051ccf5db7e5ebee033d4f68d58ed6917ff2fac5b205a6605,60.17065,24.93641,000000000f4919c9,11.7
3869,2019-08-04T12:41:08Z,6c7e018abdf8462af7c7b003bc30f915184f7082e9e865a2c502eed5,60.14699,24.922,00000000a53ed894,5.41
3870,2019-08-04T12:41:08Z,6f3dd17e40daabb4efe868f1b859dc00ecc01846f0a0e2b8db5d1413,60.17918,24.95141,00000000675d5200,5.41
3871,2019-08-04T12:41:08Z,6fc3823219441524e7f749dc3371bfb8c670faa9d4427a5ededed22d,60.16762,24.95415,000000006b44cce7,10.78
3872,2019-08-04T12:41:08Z,6fdfc33c6b609ea80b4a38ecf657bc68b7bf659752b51edcc22ffb54,60.16762,24.95415,000000006b44cce7,12.69
3873,2019-08-04T12:41:08Z,7176e4b517010283d61468978a67a0e6d800f7b66219728174074b97,60.14947,24.91438,000000004ef3150d,9.92
3874,2019-08-04T12:41:08Z,72231bca658d3a16f3bf9c26ba5f13393b8377e4ab0b9ed3de6c811f,60.14699,24.922,00000000a53ed894,18.79
3875,2019-08-04T12:41:08Z,72e4de5ded503a6b09635fc51a720ce504c9e77552bc2ffae8d6cae3,60.14699,24.922,00000000a53ed894,12.69
3876,2019-08-04T12:41:08Z,733f21ebebe353e10a55a74b40a0a480e6d276334d4f3d8bcf85b711,60.16075,24.95883,00000000f1124bca,18.79
3877,2019-08-04T12:41:08Z,759f94c852ff15ca91c3138913c3858c4801702f8f0514ae82fb2a19,60.16897,24.95222,00000000aa852af1,9.92
3878,2019-08-04T12:41:08Z,7664b7f08aaa059ecf6646a595c33fae0c80715febe63e31f45a4662,60.16762,24.95415,000000006b44cce7,5.91
3879,2019-08-04T12:41:08Z,777cceac7be6303a1c82f7cc68061528b01e3aa1b3aa6481cad9e5e3,60.16075,24.95883,00000000f1124bca,5.41
3880,2019-08-04T12:41:08Z,77a12194b9a6789f4b2b8c07ae7fce3c2b531cb221e5fa7ca5deae55,60.16897,24.95222,00000000aa852af1,8.38
3881,2019-08-04T12:41:08Z,79bb1e615a834d4f653cec7efc45ad5b4bbedf2a83c55b44c586ad0a,60.14947,24.91438,000000004ef3150d,9.12
3882,2019-08-04T12:41:08Z,79bde23c1a8980f93a65e14306f0d8ea89e164430d8b991e2bfee82e,60.16531,24.9442,00000000fdda10fe,11.7
3883,2019-08-04T12:41:08Z,79d26f15a82c94ac5d05e0f2b6a6beeae1f407972ec39665d7ab9535,60.16829,24.94214,00000000afef4555,3.4
3884,2019-08-04T12:41:08Z,79d30a3ef05e3d34450d1c975b3fa9d21b994f078f943db791239b07,60.14699,24.922,00000000a53ed894,20.28
3885,2019-08-04T12:41:08Z,7a0c0b525f2d3eed6c873bd3b8d27bede551fe4a428ac15c23deadae,60.16075,24.95883,00000000f1124bca,10.78
3886,2019-08-04T12:41:08Z,7a4a06d20ebe57d94e5fceeaf47d5b56ad9a515818e9c20e21a80e61,60.16629,24.95957,00000000fb7600be,17.4
3887,2019-08-04T12:41:08Z,7a97375000483176c3b37cc0d1744a950d9b322ce3534208fce0b21d,60.14699,24.922,00000000a53ed894,7.69
3888,2019-08-04T12:41:08Z,7ab335e046f7f3597f8f615a90857885e35cfecefebd5d24bbf0af90,60.16075,24.95883,00000000f1124bca,8.38
3889,2019-08-04T12:41:08Z,7ad93fed82e41ea4422fa101badc698b0328c3ebf0f6b73c5164d438,60.16897,24.95222,00000000aa852af1,12.69
3890,2019-08-04T12:41:08Z,7af6672e274ebe27cdb785373a857fc5bcad92a386c36dbe3221d4f4,60.14947,24.91438,000000004ef3150d,10.78
3891,2019-08-04T12:41:08Z,7b1c2b4a083f1544ffd4b5e2e87ab8a58a7bb64abb0f8ce3e53b2ed2,60.14699,24.922,00000000a53ed894,23.56
3892,2019-08-04T12:41:08Z,7d9a3d84c09c3a8d6876389e216e0278048d6b924890fb275a078ffb,60.16531,24.9442,00000000fdda10fe,0.71
3893,2019-08-04T12:41:08Z,7e76449e59f1e3a1a615b54408115353fbb14d815390d03a73b1a7bb,60.14947,24.91438,000000004ef3150d,20.28
3894,2019-08-04T12:41:08Z,7f786ec8e06f1ca3bdd10fc60d0114baf354125b8f6cf796d197f4cc,60.16075,24.95883,00000000f1124bca,3.4
3895,2019-08-04T12:41:08Z,7fe10e69931c2d658099a314f3fce64865329e12a7b834c375e2d5d2,60.14699,24.922,00000000a53ed894,9.12
3896,2019-08-04T12:41:08Z,80cbcb887f3e351e3bef7c5f53dccc578cc3494feec514aed7015c0d,60.16075,24.95883,00000000f1124bca,3.74
3897,2019-08-04T12:41:08Z,82411c6526228322a61f59259f13adf7cde62bd767587b6735867705,60.17919,24.95181,000000007b5207b6,4.11
3898,2019-08-04T12:41:08Z,848fdb054358a3fca79c0246f01263c92b5b48aee6b9fb6e260d7a0b,60.16829,24.94214,00000000afef4555,20.28
3899,2019-08-04T12:41:08Z,848fe01e24ccc782e5968171f53ea31d28f20a455c45d8bac8fb7374,60.173,24.92524,0000000096918cfa,20.28
3900,2019-08-04T12:41:08Z,849a662d95d4185421aff7c6213ba5d7b84cfc58c9fb30ff34054e4c,60.16075,24.95883,00000000f1124bca,9.12
3901,2019-08-04T12:41:08Z,857f5ab05809fdb94740616b8d6662aa2458c4a6009e6f717f8933fb,60.17002,24.94407,000000006b087f40,25.36
3902,2019-08-04T12:41:08Z,859b417d0b562f5c4ab33c3877c95cd7cbb332db91dcd0f4e7a4f3b6,60.14699,24.922,00000000a53ed894,10.78
3903,2019-08-04T12:41:08Z,85d67c3be46ecb66832dfd9090a931e1be3dd056f718ea6786622131,60.16897,24.95222,00000000aa852af1,16.1
3904,2019-08-04T12:41:08Z,87cbb5265cd1cc3213ddb5ed9ed2a599ddb7db0b0747121d649b0ae3,60.16544,24.95398,0000000038d83d41,18.79
3905,2019-08-04T12:41:08Z,8822ffe19dec49fe874ac377de5a0504e931e342ecc1f5b1fcb939e5,60.16897,24.95222,00000000aa852af1,20.28
3906,2019-08-04T12:41:08Z,885bcc6af7d0aa9718fe1030e32ffff1de5171ae5ef67cf0011874fb,60.14947,24.91438,000000004ef3150d,13.75
3907,2019-08-04T12:41:08Z,88f4780bea013c52864c6ce18aad4ae478e2c533191a1c4599879645,60.16897,24.95222,00000000aa852af1,25.36
3908,2019-08-04T12:41:08Z,8947a5209f3b32173d3dc72792039edf94a2711741ab041b62b30643,60.16762,24.95415,000000006b44cce7,5.91
3909,2019-08-04T12:41:08Z,896f7e896dc6f1ea44b82bf968a988cc10c358ee34821d9d7a4bd07a,60.14947,24.91438,000000004ef3150d,3.4
3910,2019-08-04T12:41:08Z,8a08b2de43a9ef03cf96610718c908e69dcacc59f536a7135b7bb542,60.16629,24.95957,00000000fb7600be,16.1
3911,2019-08-04T12:41:08Z,8b641985c793a3f25a45b2460cb01f5baa6f339c6dd26ba7752d8a7a,60.16897,24.95222,00000000aa852af1,10.78
3912,2019-08-04T12:41:08Z,8ba6cfc17ca70e8304994e018ebd5eb2003177062cde05925d5cacb3,60.173,24.92524,0000000096918cfa,12.69
3913,2019-08-04T12:41:08Z,8bbf5422247a0a6be314130d8fd9ae1814401b75acf3b3ce2da9620c,60.14699,24.922,00000000a53ed894,11.7
3914,2019-08-04T12:41:08Z,8d528b00553162a9dd47d2296d15b2fad89aad6a508424d4589618a1,60.14947,24.91438,000000004ef3150d,8.38
3915,2019-08-04T12:41:08Z,8d73f674010f5cb02e8f20251ed86a9afcb7f6b3926039470296bd00,60.17065,24.93641,000000000f4919c9,18.79
3916,2019-08-04T12:41:08Z,8dcf139eb279bcc2696420ba9da858e361600ff02cd29587f66660ec,60.16897,24.95222,00000000aa852af1,27.28
3917,2019-08-04T12:41:08Z,90295c67e1d0fb13b5d0f76ae143e78604c746367c1ac5a8b2def77c,60.16544,24.95398,0000000038d83d41,29.32
3918,2019-08-04T12:41:08Z,920dc90f60b295267f63efc8f968408087b71878dc3f49f0ded1c41e,60.17919,24.95181,000000007b5207b6,18.79
3919,2019-08-04T12:41:08Z,926717d61529080dfc4c7f8cdcdc82c6490d2a5129474524b8c40ea4,60.16829,24.94214,00000000afef4555,20.28
3920,2019-08-04T12:41:08Z,93a2100e233b204243f7e69b68dea7c9a145d1b5384bd18359bf87a3,60.16531,24.9442,00000000fdda10fe,1.88
3921,2019-08-04T12:41:08Z,9575ef1c44f26f0301d726029c8b1c28011a4724496943451bee6544,60.14947,24.91438,000000004ef3150d,11.7
3922,2019-08-04T12:41:08Z,958ab5fd2d2c7f0c3fe6dc14fe27005fcf35b013db75f708c22a3619,60.16762,24.95415,000000006b44cce7,12.69
3923,2019-08-04T12:41:08Z,9604244c18efd5978b809f021651f7743e0e64da38fcf3718f9b4f93,60.14699,24.922,00000000a53ed894,18.79
3924,2019-08-04T12:41:08Z,97264f5808fa13851dacabf0c98525eec29849ff4b6a744cc777fd5b,60.16075,24.95883,00000000f1124bca,14.89
3925,2019-08-04T12:41:08Z,9862cafd709b75d07c83b397773e0cf33564666cb81814bdbf5e54f2,60.16897,24.95222,00000000aa852af1,13.75
3926,2019-08-04T12:41:08Z,9b8a48b949de8c2f6b09fb1d8e45b6266e4c76b514c2d08d1d53642b,60.14699,24.922,00000000a53ed894,17.4
3927,2019-08-04T12:41:08Z,9ba6f9fb8bb950d16224b4182d3c3d8349a0f50619be329c165417e0,60.14947,24.91438,000000004ef3150d,17.4
3928,2019-08-04T12:41:08Z,9bad872c31c8c5e53f064b5367350b41271d45ca8a9e508136622800,60.16897,24.95222,00000000aa852af1,14.89
3929,2019-08-04T12:41:08Z,9bf4a5d763fa921335be6c141a0c9fd769fcb2f4c5b40b85a1c99c71,60.14699,24.922,00000000a53ed894,5.91
3930,2019-08-04T12:41:08Z,9e3d4a4b1acd94d2896cd7cf56419110f06ea96faae37aadebd4ec77,60.14947,24.91438,000000004ef3150d,13.75
3931,2019-08-04T12:41:08Z,9ff13c715073d5ad9c464cb67b6de3f703435cf389c32cce5626dfe1,60.149,24.9843,00000000fffb8cf0,20.28
3932,2019-08-04T12:41:08Z,a0db7e8063bede2dd55c2c6cf5111932617ecace670ff65314a7d349,60.16629,24.95957,00000000fb7600be,10.78
3933,2019-08-04T12:41:08Z,a22736c5d66f417bc6b745f51492549dc2e5a3c766f5e7e23f183b41,60.14947,24.91438,000000004ef3150d,20.28
3934,2019-08-04T12:41:08Z,a38a21a97a054541f0423f03758c70227116c05254958373e3e93ad0,60.14947,24.91438,000000004ef3150d,11.7
3935,2019-08-04T12:41:08Z,a422a30ec1eb058c7930e1352297c161639faa5b3ca5f5fa47c4adb3,60.14947,24.91438,000000004ef3150d,9.92
3936,2019-08-04T12:41:08Z,a4787b6f2d40f6190707f57bbc4805899cd1b06e2a89cf9a01441995,60.16829,24.94214,00000000afef4555,23.56
3937,2019-08-04T12:41:08Z,a4f416ec0941bb365e3665d7fd224fad15d74225e8ce9f6dd6368bc7,60.17065,24.93641,000000000f4919c9,29.32
3938,2019-08-04T12:41:08Z,a6158fc663b4931ef4e811a4acf62ab2f658241775e200b14684f87d,60.16897,24.95222,00000000aa852af1,16.1
3939,2019-08-04T12:41:08Z,a6f944078dd26796f5a849ccb6fdf8a4436f913cf3302597c846462d,60.16762,24.95415,000000006b44cce7,7.05
3940,2019-08-04T12:41:08Z,a7472d1b63171c047444981df223670390009e3ea502132d9963e9fb,60.14947,24.91438,000000004ef3150d,10.78
3941,2019-08-04T12:41:08Z,a76d219c3abcc4ec3a54dd834263f9a24972c71be4c7bbbfc663f22f,60.14699,24.922,00000000a53ed894,7.69
3942,2019-08-04T12:41:08Z,a794d97e26d3678bb11b4364880414bb7bfac4bb49d1867b37b489f7,60.14947,24.91438,000000004ef3150d,10.78
3943,2019-08-04T12:41:08Z,a88c6bae85183bcf7a25dcbc1fe64128df64a49ded7074a0f51a1f5c,60.14699,24.922,00000000a53ed894,18.79
3944,2019-08-04T12:41:08Z,a89241067cdc28b0000f6d9c969a2bdae43797412fb8e5ca82b49aa7,60.17002,24.94407,000000006b087f40,31.5
3945,2019-08-04T12:41:08Z,a8df2631c2442628608c1f0352c896eb532a6ca08c85de2c77360aa8,60.14947,24.91438,000000004ef3150d,14.89
3946,2019-08-04T12:41:08Z,aa076c3f0d09145aebbb750dde9849ba4eb6759e92ba5753280184d6,60.16762,24.95415,000000006b44cce7,9.12
3947,2019-08-04T12:41:08Z,aa5773b59ce2bf1eee53e4e77cd3c261465d2ea538c9a85b8de30cd8,60.14947,24.91438,000000004ef3150d,12.69
3948,2019-08-04T12:41:08Z,aa6d51fc5411b69567cb854360c4a81267eac19446946eb27618306a,60.14699,24.922,00000000a53ed894,16.1
3949,2019-08-04T12:41:08Z,aa93f3a81973a2673b57ffebd5d06d0afb6e8487a3d6c65e07b3cac6,60.16829,24.94214,00000000afef4555,23.56
3950,2019-08-04T12:41:08Z,aba0a0ba8ac6fa1709e38c64f963a344afc317eae50c6141b2315763,60.16897,24.95222,00000000aa852af1,33.81
3951,2019-08-04T12:41:08Z,ac76ddb47330fe8965a3fd8ac890bda3045bb0ec515928503c2ee81a,60.16629,24.95957,00000000fb7600be,23.56
3952,2019-08-04T12:41:08Z,ac93ac0788af8e1b0f20fada4f15ca1ad31f4084b133482d8211571d,60.14699,24.922,00000000a53ed894,14.89
3953,2019-08-04T12:41:08Z,acb831a572fef6e9e1fc74a3084583547930b1f96e8d952485f755ea,60.17002,24.94407,000000006b087f40,9.92
3954,2019-08-04T12:41:08Z,acdcc8ae1d1c6bb055dfc108154eae58b4b894f0ce1ff174c1065c7e,60.16762,24.95415,000000006b44cce7,2.3
3955,2019-08-04T12:41:08Z,ad8af809ed47a3391bb53d11da159b3a8b0ddc264d94c049ce72bda0,60.17065,24.93641,000000000f4919c9,2.3
3956,2019-08-04T12:41:08Z,ae87b8dd8920695bc9e599874667205991c04e30666d8523f0be4350,60.14947,24.91438,000000004ef3150d,8.38
3957,2019-08-04T12:41:08Z,aec4b11f0b1ec075878ca4a3b94da464f6fc96e330b913d5bfd346b0,60.16897,24.95222,00000000aa852af1,4.11
3958,2019-08-04T12:41:08Z,af64ca430076b1e91eeb89134e0e026479928845cbe1943bc56104c2,60.14947,24.91438,000000004ef3150d,25.36
3959,2019-08-04T12:41:08Z,b0a20a40885487350aaf5c8f46dab27d4d7e1d5c24fefec54c0c62d4,60.16829,24.94214,00000000afef4555,23.56
3960,2019-08-04T12:41:08Z,b0a4e64f8e9d69f9da53bdae4ea9fb3059a80907ea7383ffcc99048a,60.1538,24.95595,0000000038bf9618,47.69
3961,2019-08-04T12:41:08Z,b12b27061f30d5659794f14cbed5e4726c5af1ef526611d3b2dded29,60.14947,24.91438,000000004ef3150d,14.89
3962,2019-08-04T12:41:08Z,b1c46b35a1667ba263868d803743275be782738cc3703e39ad165aa7,60.14699,24.922,00000000a53ed894,20.28
3963,2019-08-04T12:41:08Z,b26280ff7943c2f2f00f94125547cbdc285e6c43b7d0a5819c2eac87,60.16762,24.95415,000000006b44cce7,14.89
3964,2019-08-04T12:41:08Z,b26a9be85f5fd17ea58397762fa55db3c8f68fb709d586d61527c892,60.16829,24.94214,00000000afef4555,5.91
3965,2019-08-04T12:41:08Z,b2a01c2a06c3cf1a48333e58e787d9eaf2f975a738c02878220d7774,60.16829,24.94214,00000000afef4555,23.56
3966,2019-08-04T12:41:08Z,b3d99c04e3db6b698e6e54f19434461336954d0c15385bff6e557be8,60.173,24.92524,0000000096918cfa,23.56
3967,2019-08-04T12:41:08Z,b41cc64d7ab4e16a03573bdc3b5863c4b402ec66c7780c7900c02877,60.16829,24.94214,00000000afef4555,12.69
3968,2019-08-04T12:41:08Z,b523d3f8341906e4b3877ff7d9614b4e10d6bbf10afdcc6c53656c8f,60.17065,24.93641,000000000f4919c9,21.87
3969,2019-08-04T12:41:08Z,b5e3abaccf4a03480985d25eb9fbf454c87f7ad06c38c8bdeb0819fa,60.14699,24.922,00000000a53ed894,18.79
3970,2019-08-04T12:41:08Z,b7039958be9f53a3eaed97f705a1974815f52f25226e920155397bec,60.16075,24.95883,00000000f1124bca,18.79
3971,2019-08-04T12:41:08Z,b7867e052453c9caa213f48b033624b744187f4cd77c2418cf9d7b79,60.14699,24.922,00000000a53ed894,10.78
3972,2019-08-04T12:41:08Z,b81e80c4efa2f6bf7a24861abfd0f0fb5672f1512dc7545a1d387f7f,60.16762,24.95415,000000006b44cce7,7.05
3973,2019-08-04T12:41:08Z,b95117e603641dd0d77f12165023522553f649c2e803bc0799cc598d,60.16762,24.95415,000000006b44cce7,20.28
3974,2019-08-04T12:41:08Z,b96b5c0316f3090ad09535b2161dcddd7e16b2eac821bcb1d9895cae,60.16762,24.95415,000000006b44cce7,25.36
3975,2019-08-04T12:41:08Z,b9c0ac0bb7310d92c296a8870603ebd12c0c632cfc2a1fa33092b337,60.16762,24.95415,000000006b44cce7,7.05
3976,2019-08-04T12:41:08Z,ba9825bb3cfae6aeb29833f0a11189802065c73f8e541b2bcb5b572f,60.14699,24.922,00000000a53ed894,16.1
3977,2019-08-04T12:41:08Z,bb0193f2b0ac4801fe82ed5cec75e687465d707d92e731047f81650f,60.1538,24.95595,0000000038bf9618,2.3
3978,2019-08-04T12:41:08Z,bbe1e18f88cf88928067a0221965768c1f2ae264291cea564d7eb7e8,60.16897,24.95222,00000000aa852af1,20.28
3979,2019-08-04T12:41:08Z,bc07df8cc395f6f4f5d483b2233caca5f93a6918f346e4cc3702f8cc,60.16531,24.9442,00000000fdda10fe,17.4
3980,2019-08-04T12:41:08Z,bcc1f37c9a84977aa1dab74d72394497773fae02373f12fa44050f84,60.14699,24.922,00000000a53ed894,23.56
3981,2019-08-04T12:41:08Z,bd46d90c7f8214626c863de74245b7572ee189d973dbc98f98ac1a0a,60.14951,24.92138,0000000006dd41f6,33.81
3982,2019-08-04T12:41:08Z,bddca8fc17056f9f207a259070e281eedf4cea3e8e22093b88bbd7b5,60.14699,24.922,00000000a53ed894,13.75
3983,2019-08-04T12:41:08Z,be21a77f983baae8e0ba646eda0988a618149dcc7ef4c303c35d5377,60.14947,24.91438,000000004ef3150d,7.05
3984,2019-08-04T12:41:08Z,be3899e685ec11f99f7112d4c7cddf57b9c9edeed8394ef9c49ede71,60.17002,24.94407,000000006b087f40,20.28
3985,2019-08-04T12:41:08Z,bf2e5725b255e320f1e8375ec03f55194f1fd9f751be9629d873a5c8,60.14699,24.922,00000000a53ed894,3.4
3986,2019-08-04T12:41:08Z,bf992d3cd95a73f02d7223eaffe90a94e3e1e98a8c6759bab631b5b0,60.14947,24.91438,000000004ef3150d,10.78
3987,2019-08-04T12:41:08Z,c0722f63618f97eb8ec4afac1a8538b81a3c87e623d753ad1201bf7c,60.16075,24.95883,00000000f1124bca,4.94
3988,2019-08-04T12:41:08Z,c18a638a8f7d2d4e67c538d49830623f943f762f4942350ba7358441,60.173,24.92524,0000000096918cfa,27.28
3989,2019-08-04T12:41:08Z,c1e4323d2276cb6e358f5fabb123294e7a0ef87e7169f3cccc8f2e03,60.16075,24.95883,00000000f1124bca,10.78
3990,2019-08-04T12:41:08Z,c25db2e7a7b685e41480c3c47352c0ed5e57e4cb99af3ff5b5a611d7,60.16829,24.94214,00000000afef4555,23.56
3991,2019-08-04T12:41:08Z,c36d58ed0e0dddb3e26be1214e369db1c3fa3d4bcf8b53536a25239b,60.17065,24.93641,000000000f4919c9,3.74
3992,2019-08-04T12:41:08Z,c3b2521faf0f7ae79434e40e86c59699d399444b775c7619f6e73e36,60.16075,24.95883,00000000f1124bca,16.1
3993,2019-08-04T12:41:08Z,c3be6dcc2c0542676c20d28ce38adbe2c0b9be09caa3f22e60210636,60.16075,24.95883,00000000f1124bca,11.7
3994,2019-08-04T12:41:08Z,c3e5ee20ca76f7347fda00c4c2fdee291bc6d843a879b26fbdd70390,60.17065,24.93641,000000000f4919c9,23.56
3995,2019-08-04T12:41:08Z,c493415e869d6e6304841784a120f994272b83557256b43e44e4f3e0,60.14699,24.922,00000000a53ed894,16.1
3996,2019-08-04T12:41:08Z,c4dfae0a1b1bd27741275e8f26148b119bf7225960b4275e488612b9,60.14699,24.922,00000000a53ed894,9.12
3997,2019-08-04T12:41:08Z,c551d554f64ffda092ce6c4a6715f0ed438c9649f7676b2944f1ea2f,60.14699,24.922,00000000a53ed894,8.38
3998,2019-08-04T12:41:08Z,c633a260ce59bad4e1ca42f12936ed8ae57a40f5e6528dfb70052c43,60.16897,24.95222,00000000aa852af1,11.7
3999,2019-08-04T12:41:08Z,c6b973b57d5574eb3341b3141a5ba2b28f477ae9e702ab4ae701cc0d,60.14699,24.922,00000000a53ed894,12.69
4000,2019-08-04T12:41:08Z,c728eaa7734efeabe7f33c782081caa960fcced68160e285ee477916,60.14699,24.922,00000000a53ed894,14.89
4001,2019-08-04T12:41:08Z,c7416c039513e3156222d936c483164a0914a3b5a5310985374f4767,60.17065,24.93641,000000000f4919c9,23.56
4002,2019-08-04T12:41:08Z,c7e2cfbb859ebc5dc1cba099bf270004843a57cc2aa134bab49a4f8e,60.14699,24.922,00000000a53ed894,25.36
4003,2019-08-04T12:41:08Z,c905a50dedd9b3d2114cde9160b7adf83adc09683b65598ce24c4047,60.1538,24.95595,0000000038bf9618,31.5
4004,2019-08-04T12:41:08Z,c9955664a0945034b3937cfbb4ea68433bede99570911d6c5808bf71,60.149,24.9843,00000000fffb8cf0,29.32
4005,2019-08-04T12:41:08Z,ca507a06be040b3e520339b63d5bd15463a1862124c4bd940d936e4a,60.16762,24.95415,000000006b44cce7,14.89
4006,2019-08-04T12:41:08Z,cad80f69731ad65f7f14bf400d674e0c42de462bd42db112c9d9f261,60.16075,24.95883,00000000f1124bca,18.79
4007,2019-08-04T12:41:08Z,cb3f05d5604f5532e039e6d40514b13aba8f6274d952bb17a8b801fc,60.15432,24.9211,0000000019fb59c4,9.92
4008,2019-08-04T12:41:08Z,cbc336691f17a9c508549e03d522166247a0cd0a944321c1a7d15525,60.14699,24.922,00000000a53ed894,17.4
4009,2019-08-04T12:41:08Z,cbd334d06c16786ddc543b71b34da6278d203ac72606f0f9275e0936,60.16829,24.94214,00000000afef4555,8.38
4010,2019-08-04T12:41:08Z,cc2cf42c6b14536fb92c810ff0e3dd5a3caa74236f14246a5b6e8cdc,60.16762,24.95415,000000006b44cce7,8.38
4011,2019-08-04T12:41:08Z,cca4c469470383a073e2fc4aa7102906db6a8d478131e9a1420d96f2,60.16762,24.95415,000000006b44cce7,14.89
4012,2019-08-04T12:41:08Z,cce6b6f309e43e2bb1be6a9784582a82891e976d0869d01040586d27,60.14947,24.91438,000000004ef3150d,13.75
4013,2019-08-04T12:41:08Z,cd3e127e27387b6e06cdf27f46fb6046e4182e4d7b49b49c17167c1c,60.14947,24.91438,000000004ef3150d,7.05
4014,2019-08-04T12:41:08Z,cd47b9ac851ce6b21df7b8e918554b0cb1a12d03da7e0aaf14e19314,60.14947,24.91438,000000004ef3150d,27.28
4015,2019-08-04T12:41:08Z,cd4ecd3b83630f6e5d65f635804e47a1ceb82853aac36af30044f06a,60.149,24.9843,00000000fffb8cf0,12.69
4016,2019-08-04T12:41:08Z,cd62fc5a92bd89f24a6e3d736d5511bf872859d762723b92f2092abc,60.16829,24.94214,00000000afef4555,18.79
4017,2019-08-04T12:41:08Z,cec994f57adea844759ff0f233c3d3e0f92f403bc955c41ab4f67224,60.16829,24.94214,00000000afef4555,14.89
4018,2019-08-04T12:41:08Z,ced0425d382ce86b7565a8b7b36a453a0880a08ba10090524e6c1ac5,60.14699,24.922,00000000a53ed894,11.7
4019,2019-08-04T12:41:08Z,cef1d06a10cfa08bcaef8b36535c2ec32c756a76cc0d5c2a1246f933,60.14699,24.922,00000000a53ed894,29.32
4020,2019-08-04T12:41:08Z,cfc2a688ff31fbb1baac8790fb6d56dc7746ba2cf9e0e5f39d4751a4,60.14699,24.922,00000000a53ed894,9.12
4021,2019-08-04T12:41:08Z,d0413da80c7714f40ffe50dcfb00039280c64ecebc61c59df72965e6,60.149,24.9843,00000000fffb8cf0,16.1
4022,2019-08-04T12:41:08Z,d098b9b5b30c5fcd4ae8a2b8bc761df72829713d3ae919634876d349,60.14699,24.922,00000000a53ed894,6.46
4023,2019-08-04T12:41:08Z,d0aa228c2a3e6e1568e876cffc76874702e0f0f63f18533551bf02c1,60.16075,24.95883,00000000f1124bca,21.87
4024,2019-08-04T12:41:08Z,d144e417a3e5e7360b6b88bcb824095e58b6fa4433eb4461a5922248,60.16762,24.95415,000000006b44cce7,14.89
4025,2019-08-04T12:41:08Z,d1494ea9019ebe27ab1e0e4d26f4f307c19720a0d8851bc848d80cab,60.1538,24.95595,0000000038bf9618,29.32
4026,2019-08-04T12:41:08Z,d2b1a7ead9aff41a8cb3fff6b7f4ee84a780b52aae2f3838b83447fc,60.16829,24.94214,00000000afef4555,14.89
4027,2019-08-04T12:41:08Z,d38e88e5b926f9d1de6e326cca45116fcca11f10684c80876739c6cd,60.16075,24.95883,00000000f1124bca,6.46
4028,2019-08-04T12:41:08Z,d3a37aedae39925bda7da8e4f05a61b85904a00f88e8684006c76351,60.16829,24.94214,00000000afef4555,12.69
4029,2019-08-04T12:41:08Z,d64eda229ebb6012e59bc89eacb74918e404ce52f16b491f3d48e800,60.16897,24.95222,00000000aa852af1,11.7
4030,2019-08-04T12:41:08Z,d6b274f1f49dde057f37b6d65670f16c2a7ba75e21283e342e5c3bfb,60.16762,24.95415,000000006b44cce7,17.4
4031,2019-08-04T12:41:08Z,d87210146aab139cc6640a20b428dce6ac516806a71a177b70e04f62,60.17065,24.93641,000000000f4919c9,9.92
4032,2019-08-04T12:41:08Z,d8983a8fe916583702bb776d3d8d3cbbe9e78778fd44d07c52ad1f2d,60.14699,24.922,00000000a53ed894,21.87
4033,2019-08-04T12:41:08Z,d8f93f7019ced3cf8ccc2946465e8113293e75498092e982fd45bbc5,60.16762,24.95415,000000006b44cce7,16.1
4034,2019-08-04T12:41:08Z,d9e1972e6cb517827f9c355e591924449d0bbdc9bb0f5bc1f8d4f29a,60.16629,24.95957,00000000fb7600be,29.32
4035,2019-08-04T12:41:08Z,da0c40291d3ace2273a08e3c9b87cbc15b0f03d0dba61e7c5a88dc0c,60.15432,24.9211,0000000019fb59c4,18.79
4036,2019-08-04T12:41:08Z,da667dfa2d8a272a7398e186de027fabd2052052c0aad767a1c7d966,60.16897,24.95222,00000000aa852af1,25.36
4037,2019-08-04T12:41:08Z,db6993de0692cf79ab1b8e7d86e4b5832d11f57f026a6eb339f977bf,60.14699,24.922,00000000a53ed894,18.79
4038,2019-08-04T12:41:08Z,dc24189648e8aebda71bb795080696e046c45f7e46940e0a9dc57a90,60.16629,24.95957,00000000fb7600be,25.36
4039,2019-08-04T12:41:08Z,ddc8410b9e4ece4b995b789f95e526693bac176ed77092ba57355dc8,60.16762,24.95415,000000006b44cce7,3.74
4040,2019-08-04T12:41:08Z,ddd849ee86afceedd5f5582ede84380d5596c9ea304d634ab0fd0de0,60.16829,24.94214,00000000afef4555,3.74
4041,2019-08-04T12:41:08Z,de09fd8d15c3d7adbf440a3d0a418a3b476513c968bda8a4aa652adf,60.173,24.92524,0000000096918cfa,16.1
4042,2019-08-04T12:41:08Z,de84f754a3916c8f831b0bb8ea41fc2a42cdea2794558fece3c7ae97,60.1538,24.95595,0000000038bf9618,23.56
4043,2019-08-04T12:41:08Z,e0df847c19b463dec6cea35494d375ce136a276c6a785936c931f60f,60.18203,24.91341,00000000342570c2,18.79
4044,2019-08-04T12:41:08Z,e1a443e10353da64728464e8a720aaf22a62b80d404f1acae1a1c6ee,60.1538,24.95595,0000000038bf9618,18.79
4045,2019-08-04T12:41:08Z,e23a6115ba872037f9b5066c9c9c966b497f449e32a2c9ceb0e55497,60.16829,24.94214,00000000afef4555,8.38
4046,2019-08-04T12:41:08Z,e2ad7d478fd698beae83366f49585d9825bec4865c1610162f3108c2,60.16897,24.95222,00000000aa852af1,27.28
4047,2019-08-04T12:41:08Z,e34bcebfa007159f3d2adb0e62e20fcf721a221f52bdfe2a6ad77831,60.18203,24.91341,00000000342570c2,16.1
4048,2019-08-04T12:41:08Z,e35717ff07f32be5a2e1520f1855533f8dcc72cff7930c9cba9da32b,60.14947,24.91438,000000004ef3150d,5.91
4049,2019-08-04T12:41:08Z,e447e76c7b53157c11d5bfeb172c27332c81b5ec7f263badf5507888,60.149,24.9843,00000000fffb8cf0,20.28
4050,2019-08-04T12:41:08Z,e4f8eb3c654b642eaf00a350d3f55a7ec5156d7693c81bb994f49d52,60.1538,24.95595,0000000038bf9618,27.28
4051,2019-08-04T12:41:08Z,e6f4e3d1f5e01888556b077224cb4d8f88d63306fff2388e3fd997d0,60.14951,24.92138,0000000006dd41f6,12.69
4052,2019-08-04T12:41:08Z,e7cd5f775c7eea951719f351fcc25c710f857832d6f4b70a51b7b82d,60.16897,24.95222,00000000aa852af1,20.28
4053,2019-08-04T12:41:08Z,e9115410fa45db5a174eee008cae729dc69937a0e0b5a304899bf1b9,60.17065,24.93641,000000000f4919c9,20.28
4054,2019-08-04T12:41:08Z,e92230dc6ed39c00fcf9869eab85626b72672a3722fc667270ef7764,60.16629,24.95957,00000000fb7600be,18.79
4055,2019-08-04T12:41:08Z,e92eb020afcd7c1fad04690230ff8c2f005e404dd25b8dced1df30dd,60.16075,24.95883,00000000f1124bca,6.46
4056,2019-08-04T12:41:08Z,e95415d461b040c869512659bcc843eedf3267c4b029a0b3fab444aa,60.16829,24.94214,00000000afef4555,17.4
4057,2019-08-04T12:41:08Z,e9e19621fc5cfcfed2c808bbadc6cc6dd31e28d3c04cef8b89ca2729,60.16075,24.95883,00000000f1124bca,9.12
4058,2019-08-04T12:41:08Z,ea157e44ed100be3f782d8b3d8e5e0986079c588c9ea754b14917df0,60.16829,24.94214,00000000afef4555,5.91
4059,2019-08-04T12:41:08Z,eaa9924da1e700147607d5145e2b55b48b65deea922ee2e59bd1d5a7,60.173,24.92524,0000000096918cfa,25.36
4060,2019-08-04T12:41:08Z,eac6fda3a18aa9ce55b6359f5c62a044e0bcd6bc3576c8cd815acf07,60.14699,24.922,00000000a53ed894,10.78
4061,2019-08-04T12:41:08Z,ec096f9d9f6ac607dcfcecf3327071d33a6ed3fdedd3cc796ba91fdc,60.16897,24.95222,00000000aa852af1,36.27
4062,2019-08-04T12:41:08Z,ec350e26364cb676c4cdb72647f039c31e27c775e7bb8973223e5d9b,60.14947,24.91438,000000004ef3150d,7.69
4063,2019-08-04T12:41:08Z,ec424a10bcefb6e69c2eabf42534f06e7a10aa0cfb28f6478052cade,60.14699,24.922,00000000a53ed894,11.7
4064,2019-08-04T12:41:08Z,eca02e24138faaf8fc3783b3c7a2b83fbbceaaa3ae3b5697c6c03295,60.16829,24.94214,00000000afef4555,14.89
4065,2019-08-04T12:41:08Z,efe8b6c6fdf0d2caccd589aaaa4f0228a80590ff9ec7961f2e92103d,60.16762,24.95415,000000006b44cce7,12.69
4066,2019-08-04T12:41:08Z,eff99f303ba37ed36542008434b2d20e50155593bb9fc7bc1dcc4bf3,60.16075,24.95883,00000000f1124bca,12.69
4067,2019-08-04T12:41:08Z,f00fb569fe1448dccb8e92e24b081a3164b59eb117131800780c70a9,60.14699,24.922,00000000a53ed894,14.89
4068,2019-08-04T12:41:08Z,f062cb52d49926a4fb39f723275ed60ab6c0f3bf34e0c3f9d233b7b8,60.14947,24.91438,000000004ef3150d,2.8
4069,2019-08-04T12:41:08Z,f1eb1b22a5e01064a1829b325d256218c68bc9134f03a3f09f3e2566,60.16829,24.94214,00000000afef4555,17.4
4070,2019-08-04T12:41:08Z,f20f951802c722181f0e90095001c49e73f84049bb105b95c97049d1,60.17918,24.95141,00000000675d5200,36.27
4071,2019-08-04T12:41:08Z,f2759841619517bff6a58510ebb0ddbc9378cd300d99652f9b14f90d,60.16531,24.9442,00000000fdda10fe,31.5
4072,2019-08-04T12:41:08Z,f2deba4ef84dbbc8c5d8524f6e2311183003bce4f9bfa6aef5b5ef66,60.14947,24.91438,000000004ef3150d,13.75
4073,2019-08-04T12:41:08Z,f2e063c8c25a8bec0dd6ec3924a5f59fd9694078f2f3fd5b3ea96f29,60.16762,24.95415,000000006b44cce7,12.69
4074,2019-08-04T12:41:08Z,f39827c3c7f4c833d1118043492f78e3255b6da9f4a2c000041d9b61,60.16829,24.94214,00000000afef4555,5.91
4075,2019-08-04T12:41:08Z,f3ec2366b51157150674e5ab6293bdb19e0b30ca4296fee4c97b811c,60.14699,24.922,00000000a53ed894,13.75
4076,2019-08-04T12:41:08Z,f5f7cfe177dfb0b7ebba2419ae53f70b6b5690dd98d98586004a9107,60.149,24.9843,00000000fffb8cf0,7.69
4077,2019-08-04T12:41:08Z,f6a88c4482d078d6a1d51eabc04916c6f7566cff4a16fd55f3abdef0,60.16531,24.9442,00000000fdda10fe,17.4
4078,2019-08-04T12:41:08Z,f796c9efc581b25280d4b416f8ba3aecca6ddf083e7bdad05f6e595e,60.14699,24.922,00000000a53ed894,7.69
4079,2019-08-04T12:41:08Z,f7f0caf73572bea3c08b592eeb9655b2668cfb16fd8840ca5619d84a,60.14699,24.922,00000000a53ed894,3.4
4080,2019-08-04T12:41:08Z,f84faae0aa9ce2d1d09d270282dd81033ad1352346128534d8c3fc7f,60.149,24.9843,00000000fffb8cf0,18.79
4081,2019-08-04T12:41:08Z,fadc39da3cd26ac621092fbbff224b95bb13446c8d24bbf4f3e50e90,60.14947,24.91438,000000004ef3150d,23.56
4082,2019-08-04T12:41:08Z,fd77161cf9715d9d0f922cf45e79e5d9b9debef5113cb32a4f82ef76,60.16762,24.95415,000000006b44cce7,8.38
4083,2019-08-04T12:41:08Z,fe5ca86c906b1cb3bf9dd257ceefc562e41da499878f1074484f7d42,60.14947,24.91438,000000004ef3150d,11.7
4084,2019-08-04T12:41:08Z,feb399897846bc34dc3f4b06ac4ef0ffb0db885977b88e5c5fdb7350,60.14699,24.922,00000000a53ed894,8.38
4085,2019-08-04T12:41:08Z,ff4f3e0f964f23b97e88626f7a506bb4409718931712c58ce0f247af,60.16762,24.95415,000000006b44cce7,8.38
4086,2019-08-04T12:41:08Z,ff8280896145ae17e594c52eac2cdbab47d3757d797878fbc4298596,60.1538,24.95595,0000000038bf9618,25.36
4087,2019-08-04T12:41:09Z,07d86ad98399440d0cc3bd3382a7256feb971e49a3686dc17f532e1c,60.16829,24.94214,00000000afef4555,11.7
4088,2019-08-04T12:41:09Z,1142f5b6806b1ec7d8d47d47013eb530d8a7418f6934d8867b20966a,60.16829,24.94214,00000000afef4555,25.36
4089,2019-08-04T12:41:09Z,14c7e1511b70f4dd3359cbece1377aebb4d70531f5489eefe53d7c3c,60.16544,24.95398,0000000038d83d41,29.32
4090,2019-08-04T12:41:09Z,1599d2c9070a6f05e1a5887c2d9209214c04818c6203fe75440734f2,60.1538,24.95595,0000000038bf9618,21.87
4091,2019-08-04T12:41:09Z,211f6b7b044343d0be369791b3fa3c144d0d0f391e2a42787712efb0,60.16448,24.97323,0000000053c6c2be,12.69
4092,2019-08-04T12:41:09Z,21d09757012e8f7297d1de922f681bcc36581a3d7be770b42b3780a0,60.15432,24.9211,0000000019fb59c4,23.56
4093,2019-08-04T12:41:09Z,25a7ff811c3c06e426c7c2cbb0433d9a2a3399b23afecbd35584ab0f,60.18203,24.91341,00000000342570c2,13.75
4094,2019-08-04T12:41:09Z,2603b5aecd8f219a410e558446935308ecabb09a6c9e5b38533728ff,60.16829,24.94214,00000000afef4555,17.4
4095,2019-08-04T12:41:09Z,315af4a829b592ba99b203b8ed2cbd499769f8752dfe6de7da4ee929,60.16829,24.94214,00000000afef4555,14.89
4096,2019-08-04T12:41:09Z,3944bc7a301be7241d1f7bc4a97f221000d535ce3d8a9af9af9b23b5,60.16531,24.9442,00000000fdda10fe,33.81
4097,2019-08-04T12:41:09Z,3a93902ba6b635489cd6f55b08d93e6fe7a5bc0a86a0b490a88f6d1b,60.16075,24.95883,00000000f1124bca,16.1
4098,2019-08-04T12:41:09Z,3b5cafe90982db26cf737b2e4cd4275276f6a031bca3b2a1f73023b2,60.14699,24.922,00000000a53ed894,12.69
4099,2019-08-04T12:41:09Z,3fe84a5a1e657df8910685df3a8cf779a6ebc3362fbc8e578f235ee4,60.15432,24.9211,0000000019fb59c4,6.46
4100,2019-08-04T12:41:09Z,428200653016fc7ce0316a6f02da87407a8a5829ee83a7d3087b9b80,60.16897,24.95222,00000000aa852af1,21.87
4101,2019-08-04T12:41:09Z,43b676ed3aef4c2d8846694817e76117873be52e7f788e0cb366c1c4,60.16629,24.95957,00000000fb7600be,29.32
4102,2019-08-04T12:41:09Z,44d0b94469070803869f229601e877beb613c3f5aafa009addf97a1a,60.16544,24.95398,0000000038d83d41,23.56
4103,2019-08-04T12:41:09Z,4656bad9b5e6dfc3977eca308fc1db3dbf8b0204b90d09b001da242e,60.1638,24.96846,00000000d747f075,27.28
4104,2019-08-04T12:41:09Z,5bbb5184fded3e51bc78e45e39917794285e6bbc72da404802a9599a,60.16531,24.9442,00000000fdda10fe,27.28
4105,2019-08-04T12:41:09Z,5d65719c4cbf045f068d084b72302f447d5fd034413d97d13be00d0e,60.18203,24.91341,00000000342570c2,21.87
4106,2019-08-04T12:41:09Z,5eed115a984d490b02b602d73787aee8dc8c4e9365b77fbff3818a76,60.16629,24.95957,00000000fb7600be,16.1
4107,2019-08-04T12:41:09Z,69219e9efa41ae9e732653e9eaf08e1a34cb853a9dafe76ddeea4d04,60.16897,24.95222,00000000aa852af1,17.4
4108,2019-08-04T12:41:09Z,6a70e2fbced719333e21eff04fcb9cb36bae9a04d1a3d6ddd96f2c58,60.15432,24.9211,0000000019fb59c4,8.38
4109,2019-08-04T12:41:09Z,6f06341f358e61699fe1e55e986dd0554bc8da28b91daf0c5ad99db6,60.16629,24.95957,00000000fb7600be,21.87
4110,2019-08-04T12:41:09Z,70d8572458a1a103555bab897b6443e601e0ed211414b15ad0b56f60,60.16544,24.95398,0000000038d83d41,31.5
4111,2019-08-04T12:41:09Z,71230a1e5ab6c21c997acbb4b5e35a0a2a2898b6d830e82bb9c245cb,60.16544,24.95398,0000000038d83d41,25.36
4112,2019-08-04T12:41:09Z,7678cdb86d454ca9ae52f22d97e635106585a3a046d01da4463695cc,60.18203,24.91341,00000000342570c2,25.36
4113,2019-08-04T12:41:09Z,79f136afa0dd8717337c01c70b457c464aaf0fa25b440f51a394ec23,60.16762,24.95415,000000006b44cce7,18.79
4114,2019-08-04T12:41:09Z,7b86b21e27718933d3208d5e25607c06d83191230a570a61f8b8a40f,60.16762,24.95415,000000006b44cce7,21.87
4115,2019-08-04T12:41:09Z,85ef35aecf2ff804be3d958b592705ec41c6df9c128c132c65bb283d,60.16897,24.95222,00000000aa852af1,18.79
4116,2019-08-04T12:41:09Z,87dfaad29a9276ddddb1fa021d3bc23ad14824c1af16f7d87e713689,60.14951,24.92138,0000000006dd41f6,11.7
4117,2019-08-04T12:41:09Z,88808fe92573e9cdf022cc15b9689b6b4b9429f60513c8897b0ba4c7,60.16897,24.95222,00000000aa852af1,13.75
4118,2019-08-04T12:41:09Z,8c3b1ed0846e38cc84b863a80540c8a75bfd85c8bdda36563d153110,60.16544,24.95398,0000000038d83d41,23.56
4119,2019-08-04T12:41:09Z,8c75c3289c84fe4493e1e272a77b615fe1985880c5dc68a7c1a17b53,60.16762,24.95415,000000006b44cce7,11.7
4120,2019-08-04T12:41:09Z,9843c6216661048343a0e49cf3d8aa2883cf77f452666a1c873a1052,60.16448,24.97323,0000000053c6c2be,14.89
4121,2019-08-04T12:41:09Z,a8f8130135c784b027355228017bbfe99e5a6eecec153d44b78bedd3,60.16829,24.94214,00000000afef4555,12.69
4122,2019-08-04T12:41:09Z,acd2647d413f41552b31b6e383da445c8902bc2a764d2b7791a7b164,60.16762,24.95415,000000006b44cce7,16.1
4123,2019-08-04T12:41:09Z,af807b67ce09a2ce1744025c421961213f1608ca658ece4df69555a1,60.16762,24.95415,000000006b44cce7,17.4
4124,2019-08-04T12:41:09Z,b5fd6b317890e5ab2d79e2cd1abe61626d45a753c7337d0d40728898,60.16762,24.95415,000000006b44cce7,14.89
4125,2019-08-04T12:41:09Z,bb98768dad0f7c52cf643f035a3e7e48f5cfe28557c66f2a75914b31,60.14699,24.922,00000000a53ed894,16.1
4126,2019-08-04T12:41:09Z,c40c37def6bf11a63a2556519a7c6233fd417cdeea2cf14f28e7c42c,60.16531,24.9442,00000000fdda10fe,27.28
4127,2019-08-04T12:41:09Z,ca6927628f5ddda20036865c9345ad93d476d62ade3b181de568eed6,60.16897,24.95222,00000000aa852af1,23.56
4128,2019-08-04T12:41:09Z,cf05623e4d87ce0906c0b0b7dbf53aacc1228016cd27c341228b6e76,60.18203,24.91341,00000000342570c2,20.28
4129,2019-08-04T12:41:09Z,cfc0bedb78ded52749db3188cb188bf6a250ef5990da9c5afa9623fc,60.14951,24.92138,0000000006dd41f6,20.28
4130,2019-08-04T12:41:09Z,d568a92135fd8619da42f2038266f4922d5b6d48fe1c5f9490d39f30,60.14947,24.91438,000000004ef3150d,14.89
4131,2019-08-04T12:41:09Z,dcaa88e5d510f572877286b8ba0663428b2d71a50b6630460009c779,60.14947,24.91438,000000004ef3150d,4.11
4132,2019-08-04T12:41:09Z,dcb7e8bb90af70568c12a902d706c70e1ac1213e31ba074756f0a27a,60.1538,24.95595,0000000038bf9618,47.69
4133,2019-08-04T12:41:09Z,ded49640b591e73bff71f84fb99d2739eb6c9554164a015017725e03,60.16829,24.94214,00000000afef4555,14.89
4134,2019-08-04T12:41:09Z,e8690c2d1711bc10f2d1251a3b5b1e770b98c66c384760400c604de1,60.16829,24.94214,00000000afef4555,17.4
4135,2019-08-04T12:41:09Z,e8e366e76c97944e23c0f80b4fd3ce6e5832744922297146a49f0c7e,60.16762,24.95415,000000006b44cce7,12.69
4136,2019-08-04T12:41:09Z,e96bd269a48b822b06141c3362fcb6d5ed4d0d09a120f2e4a712d5c2,60.16897,24.95222,00000000aa852af1,29.32
4137,2019-08-04T12:41:09Z,ed70dda6b7faebd4340dacdb452ab224d9d3c308df417b7fa76f54e8,60.14951,24.92138,0000000006dd41f6,18.79
4138,2019-08-04T12:41:09Z,eee5797db5c3753514933a12e2485caee4ee5803b4d830ba1c22e5c5,60.14947,24.91438,000000004ef3150d,10.78
4139,2019-08-04T12:41:09Z,efa8e25ea4c5ed441c13cffe6302f0a18f60181c6ede8e013f75a44c,60.16829,24.94214,00000000afef4555,12.69
4140,2019-08-04T12:41:09Z,f088630d7476dae7d4b7e2bb1f10575f2c89acb4b6e061f3d57c2b40,60.16531,24.9442,00000000fdda10fe,23.56
4141,2019-08-04T12:41:09Z,f6609ab1076b1105bb845595a03b41b8fbb282f79c337df5bbc9f841,60.14699,24.922,00000000a53ed894,12.69
4142,2019-08-04T12:41:09Z,fc4f3a44235f1cfc7b53f14ba2da599976a5a0a220d23b852688e485,60.17919,24.95181,000000007b5207b6,25.36
4143,2019-08-04T12:41:09Z,009ad4cd2bd97e04da44cc9789e6bdbdb899eded61d05b7d5634b7be,60.16829,24.94214,00000000afef4555,9.12
4144,2019-08-04T12:41:09Z,00bdb07c0f4f75c71196362c269c9f652c66cf7d3f3c2d89843af063,60.16629,24.95957,00000000fb7600be,20.28
4145,2019-08-04T12:41:09Z,02a0c11101d94209b1945b117fe2f6c2e93cec0c5c8eb0d847b655cf,60.16531,24.9442,00000000fdda10fe,50.98
4146,2019-08-04T12:41:09Z,033759f09b97a9347fd7852dbc2bcd3abbb67a792486acad9d185bca,60.16762,24.95415,000000006b44cce7,21.87
4147,2019-08-04T12:41:09Z,036c183505fea646b54aeb0c612913cafba94eca65e47d3c6d840a68,60.17919,24.95181,000000007b5207b6,14.89
4148,2019-08-04T12:41:09Z,038e7f3d1d9babcdb48b63ff8e3e1ac732b3c29f665dc7d9a1819abc,60.14699,24.922,00000000a53ed894,14.89
4149,2019-08-04T12:41:09Z,0479a26a59d65bf1dee05c06f4227a0ba63a6e9c9a09e7c34f2e06b4,60.14699,24.922,00000000a53ed894,16.1
4150,2019-08-04T12:41:09Z,04f35922a81b516e7028f61c6ff34faf6da85df0a5cfcefb6df1861f,60.149,24.9843,00000000fffb8cf0,14.89
4151,2019-08-04T12:41:09Z,056762ae38b0f9d9643a627ad32b0d61a2774d2506d39507ad97b400,60.16829,24.94214,00000000afef4555,27.28
4152,2019-08-04T12:41:09Z,0745a2141a9beee786a347d3ee1b071719fd2f4abfeeab7f5248c0ad,60.14699,24.922,00000000a53ed894,17.4
4153,2019-08-04T12:41:09Z,076c28c1895ef1919c11113113c12655c546fc90a00800e5ebec5b56,60.14699,24.922,00000000a53ed894,7.69
4154,2019-08-04T12:41:09Z,07bf96920dcc31dce7370ec251043acadf21127e0775bbe537e02247,60.17002,24.94407,000000006b087f40,18.79
4155,2019-08-04T12:41:09Z,08171a3d6565fe801fb5288c1100877c6835f5c3c9039afaebfa1cf1,60.149,24.9843,00000000fffb8cf0,25.36
4156,2019-08-04T12:41:09Z,0851ab74be2e888decf0046825f09ed302f7b2275e72b09b5b713d85,60.16829,24.94214,00000000afef4555,13.75
4157,2019-08-04T12:41:09Z,0a0acb70a8ef92be52a64d4425e70bb2f7a17d13942c3382c9d68878,60.149,24.9843,00000000fffb8cf0,3.74
4158,2019-08-04T12:41:09Z,0a5ed50daf13dd10744537aa851ac7ab1d34d9797ec6ab6e2402aebb,60.16762,24.95415,000000006b44cce7,14.89
4159,2019-08-04T12:41:09Z,0a862920946d7a0dcbee7c1cf28a7b77c57763261788dbd361ed6409,60.14699,24.922,00000000a53ed894,17.4
4160,2019-08-04T12:41:09Z,0aabf0df4c3c5b45bb8950c92dbe624985f19e8650ed61f92571a65a,60.14699,24.922,00000000a53ed894,9.92
4161,2019-08-04T12:41:09Z,0acb4bd7319729fea4acf035921d1136d86a307a60b4444669cede1a,60.14699,24.922,00000000a53ed894,7.05
4162,2019-08-04T12:41:09Z,0b0dd9af9d52c68ff71ce266d6707abbb0f56c3c63be0f83f7b5df9b,60.16762,24.95415,000000006b44cce7,9.92
4163,2019-08-04T12:41:09Z,0bff251f683fe3bcebc305ef3e1bc5aef303d51c6a9bb0fb62b7d9c7,60.18203,24.91341,00000000342570c2,20.28
4164,2019-08-04T12:41:09Z,0c905239b8c0e14cba671cf4d4d715d1045a30ee62a6285fb489dbb0,60.16829,24.94214,00000000afef4555,20.28
4165,2019-08-04T12:41:09Z,0d0e661499ff245b29cce6a0bee9d4716c35738590a43b289dbfbe0e,60.1538,24.95595,0000000038bf9618,20.28
4166,2019-08-04T12:41:09Z,0fe681ee4c4c70c99bbacaf42e0d3c9bffc5818eb71197978a94b021,60.16762,24.95415,000000006b44cce7,7.69
4167,2019-08-04T12:41:09Z,1079de98d81ca59f568f6786745c1e4f7fe7b9501481607b3df44d83,60.14947,24.91438,000000004ef3150d,33.81
4168,2019-08-04T12:41:09Z,10a99e791e27975dc1c9d73d3163cabacf3bd7bd05a4f7abf6365426,60.14699,24.922,00000000a53ed894,9.12
4169,2019-08-04T12:41:09Z,10caaea8002e8b3b342b32710efdd7305ff375ca1cdc01411f66b2f6,60.14699,24.922,00000000a53ed894,4.5
4170,2019-08-04T12:41:09Z,11e86e782e9a7e18c01d0e60c9e85ea62294fb426a4c81b86c8bb8f8,60.17002,24.94407,000000006b087f40,11.7
4171,2019-08-04T12:41:09Z,120a63917cb5ab619bf9a71328f14020736ee84e75d5b37278748def,60.16897,24.95222,00000000aa852af1,14.89
4172,2019-08-04T12:41:09Z,121345c4cf0d0f18c684c4eb22e496ac6f8fb537ec2f3812f6966b67,60.16762,24.95415,000000006b44cce7,16.1
4173,2019-08-04T12:41:09Z,13bcedb8c59b26417282929d81844b272c7c5bc295614f531219a8e4,60.14947,24.91438,000000004ef3150d,25.36
4174,2019-08-04T12:41:09Z,13ee67fb034e3d24edc9a9618e9d6de24979ebbcb399f83abb02a897,60.14699,24.922,00000000a53ed894,4.11
4175,2019-08-04T12:41:09Z,1423891c6ee1edc7da83904378a35aef2e5797db95b117651d676934,60.16762,24.95415,000000006b44cce7,1.38
4176,2019-08-04T12:41:09Z,1496ce9cf373a2a508a8ab0b7aa0604dd889fd69483881c3752219af,60.14699,24.922,00000000a53ed894,10.78
4177,2019-08-04T12:41:09Z,15ee12e5f9be00a79b0cbbc9912f51cbfa3e486624567e1bde938fb6,60.1538,24.95595,0000000038bf9618,25.36
4178,2019-08-04T12:41:09Z,161aa798c2a18e132fb27ecded773218ea4e42eabbd0e5794b1d7017,60.15432,24.9211,0000000019fb59c4,21.87
4179,2019-08-04T12:41:09Z,1769031b7f4d75de0541e26427b9ecc92c84b80992e3b36bb8eb799e,60.16829,24.94214,00000000afef4555,14.89
4180,2019-08-04T12:41:09Z,17af6ab252328066d6b13406084507dfa7a7f6db3030872e7f87223d,60.17065,24.93641,000000000f4919c9,18.79
4181,2019-08-04T12:41:09Z,1882b53729765cca25bc63400074242872d6fbc57882f131285b277f,60.16829,24.94214,00000000afef4555,14.89
4182,2019-08-04T12:41:09Z,19e53513589dcba5028a4b34911362f7371db2323ba85afdee89638d,60.14699,24.922,00000000a53ed894,16.1
4183,2019-08-04T12:41:09Z,1a93dfa31156cee53b4bd527d8b74655a5da812b6933d8a86d871e47,60.14947,24.91438,000000004ef3150d,5.41
4184,2019-08-04T12:41:09Z,1b3fba902b8d1538b508cdc228fd15fdd87f5aecb68e5611b1a4e354,60.16762,24.95415,000000006b44cce7,5.91
4185,2019-08-04T12:41:09Z,1bcef866fafad7c7460a084e0b0d27c087b549f4ae704390708be47e,60.149,24.9843,00000000fffb8cf0,9.12
4186,2019-08-04T12:41:09Z,1c669457535e4635f732c228ec524f9d2c440b0d2132fa1acd93122a,60.16897,24.95222,00000000aa852af1,20.28
4187,2019-08-04T12:41:09Z,1c7ccd5d6570d98e57ef2ebbd716b7504b138f9bb616fbeaa0d1a268,60.14699,24.922,00000000a53ed894,9.92
4188,2019-08-04T12:41:09Z,1e2d2a3e069b031861ec5a6b61ca518c2ccb1521ee29e9f82f175508,60.16829,24.94214,00000000afef4555,10.78
4189,2019-08-04T12:41:09Z,1f74037ecab4dbdc5db1a8dc8b583a86630f86a5f2d0a5167b7fa605,60.18203,24.91341,00000000342570c2,11.7
4190,2019-08-04T12:41:09Z,1f81ed7274add201d3059d4a37e2bbe86b6ae1f0fd42a16d7b8dccaa,60.14699,24.922,00000000a53ed894,5.91
4191,2019-08-04T12:41:09Z,203a0c145a43c9a18f8c2a5ba4e18882e7430662bb4ac0e56ab37578,60.17065,24.93641,000000000f4919c9,9.92
4192,2019-08-04T12:41:09Z,203ea7cefd45873084263df2b0f41ad7b2e8878222fb6a53c263c534,60.16829,24.94214,00000000afef4555,9.92
4193,2019-08-04T12:41:09Z,20540117d73bd2543c3dd0c9204fbd1be4534b10622455858f8531b8,60.16829,24.94214,00000000afef4555,18.79
4194,2019-08-04T12:41:09Z,20ac7b2ace7c0038aa8df01b9281a9c54f1551fc8ab9b662b1f1ca22,60.18203,24.91341,00000000342570c2,23.56
4195,2019-08-04T12:41:09Z,21eb94b10f042f4f21566d3ee27d800fb6d899071739c0c5c1fa7af0,60.14699,24.922,00000000a53ed894,17.4
4196,2019-08-04T12:41:09Z,21eed3ade733687b8f56fade8290819b7c6b4a9f38468979fe692c3e,60.16762,24.95415,000000006b44cce7,6.46
4197,2019-08-04T12:41:09Z,2204ba387d2db0e7d2ca03f7ace46abff8d141668b73c75a1879d7ba,60.14947,24.91438,000000004ef3150d,5.91
4198,2019-08-04T12:41:09Z,2271cbccbcce28d3d0757d9a964f67df1a523b81d97355dc543dd848,60.16897,24.95222,00000000aa852af1,13.75
4199,2019-08-04T12:41:09Z,231026899a6d5b326cb5b1e38b182ca1acb77c7e27bc2378973b29db,60.16629,24.95957,00000000fb7600be,10.78
4200,2019-08-04T12:41:09Z,23337c2812924a07e4f0bbc92e56d1f85ea40208b6b987f4afc686cf,60.16897,24.95222,00000000aa852af1,20.28
4201,2019-08-04T12:41:09Z,244b51aa4a7059ba782925258111c295aa4de9596025c55ccd5580ac,60.16829,24.94214,00000000afef4555,11.7
4202,2019-08-04T12:41:09Z,257206d3f59df5c426a9c735f4741cba6d792de1cbafe62289d383d7,60.16897,24.95222,00000000aa852af1,10.78
4203,2019-08-04T12:41:09Z,2607d1b2fc6e31a80348fffbed68a7d3a8e0212f197f2d1c573c587b,60.14947,24.91438,000000004ef3150d,3.09
4204,2019-08-04T12:41:09Z,267b66cc2e81a226d253a8f3228a4b45e1fabb634bba60fd0cc21a8d,60.14699,24.922,00000000a53ed894,17.4
4205,2019-08-04T12:41:09Z,269124e75b1e74a7c7dc93b778e02f04d0a53e069a90081c0938ee4c,60.14699,24.922,00000000a53ed894,13.75
4206,2019-08-04T12:41:09Z,27d4452dcae7c8e389fc21669cb3ccaedac87d45d4b1a50131c939e4,60.16762,24.95415,000000006b44cce7,5.41
4207,2019-08-04T12:41:09Z,28b43564f7156b67db7cb7b779e948986d7610f921490f9030379704,60.16897,24.95222,00000000aa852af1,8.38
4208,2019-08-04T12:41:09Z,2969cdb120f2d285c556abfe5bac2f8090571f61aba227a474a534d2,60.17065,24.93641,000000000f4919c9,20.28
4209,2019-08-04T12:41:09Z,2a47bdc66249162a9588347a6cbe7895fe798bb25c1194cd69fb1e8b,60.14699,24.922,00000000a53ed894,9.12
4210,2019-08-04T12:41:09Z,2bc95bfe257249215913b47f8544606d478783f0530c688972c2f11f,60.16629,24.95957,00000000fb7600be,23.56
4211,2019-08-04T12:41:09Z,2db731d380debce06f4cc71d7df52de0709f91de6da495bef9e355e6,60.16897,24.95222,00000000aa852af1,27.28
4212,2019-08-04T12:41:09Z,2e445077036568f003e432da9bb75af35eb5e788802f79e610691e3e,60.16762,24.95415,000000006b44cce7,20.28
4213,2019-08-04T12:41:09Z,2ee2e108ed9051b1ccf4d3ee89931dfd53170af0b558fa6579b83e8d,60.15432,24.9211,0000000019fb59c4,9.92
4214,2019-08-04T12:41:09Z,2f08dbfbbe5577f04ea9826f72d5452ddf5fd9bb892769382ea5a4ca,60.16762,24.95415,000000006b44cce7,9.92
4215,2019-08-04T12:41:09Z,2fb7fccd391d578e735c66386708a35e4aa1a565b6dac8392a06aa4f,60.17065,24.93641,000000000f4919c9,29.32
4216,2019-08-04T12:41:09Z,32f77f5019e5fce30881c214487361e2e34b8c93277f6e546de72012,60.1638,24.96846,00000000d747f075,27.28
4217,2019-08-04T12:41:09Z,33634cb1e3fc5d4a621e8717d203da8533ed27531a70c6cbe3abf3fa,60.16762,24.95415,000000006b44cce7,2.3
4218,2019-08-04T12:41:09Z,33ec502792a84f23fed03cf16e483d153c65e2850a2549f47034726a,60.16762,24.95415,000000006b44cce7,2.8
4219,2019-08-04T12:41:09Z,3459042c03cbb672a039f7f14a6b99b84f839b0598f9e48bf4dd95f5,60.14699,24.922,00000000a53ed894,7.69
4220,2019-08-04T12:41:09Z,34f282042837e6b8407c31fd6c880bdbb7071c56d76c4b6e5ba78819,60.14947,24.91438,000000004ef3150d,9.12
4221,2019-08-04T12:41:09Z,34fddf0f4ea194b9720451d11a9de76225577536681d4f4b0a00b860,60.16829,24.94214,00000000afef4555,9.92
4222,2019-08-04T12:41:09Z,352427714fc6e8591df6bd227dde05d3b7ba0881742eee4ae750dcc4,60.15432,24.9211,0000000019fb59c4,18.79
4223,2019-08-04T12:41:09Z,35a958343879c000cfc3f0c01afbc7d54934265828677bf4aefef84f,60.14699,24.922,00000000a53ed894,9.92
4224,2019-08-04T12:41:09Z,35e6e075578d7a51e510bf8904bde33f1d117264eea0917db98d4808,60.16897,24.95222,00000000aa852af1,18.79
4225,2019-08-04T12:41:09Z,36f876050503d244f74f3cbadcef716904eb2b245190d474b0cfa794,60.16762,24.95415,000000006b44cce7,6.46
4226,2019-08-04T12:41:09Z,3721331dbb97151d17938ed835ffc7208eba26fba6100c62870a3a4f,60.14947,24.91438,000000004ef3150d,3.09
4227,2019-08-04T12:41:09Z,37945fa4e7409fab98aa8bde45081f5bd083def0059485274ad552c0,60.17919,24.95181,000000007b5207b6,7.05
4228,2019-08-04T12:41:09Z,37ddd8a82f13a78fbe5f35fdf0b6d87be93f2d76ea725c2b0b5b0ebf,60.16762,24.95415,000000006b44cce7,14.89
4229,2019-08-04T12:41:09Z,381408ba82c360b66229f8a181ed89b02930909f7db6e4582277ef38,60.14699,24.922,00000000a53ed894,29.32
4230,2019-08-04T12:41:09Z,39310ebca1ad756aa2bfcb16c912cb7003ef3e7286a1f037603ade61,60.14699,24.922,00000000a53ed894,5.91
4231,2019-08-04T12:41:09Z,393a579e1c8efb19861f555f12040feeac853f37a2451116693e77aa,60.14699,24.922,00000000a53ed894,17.4
4232,2019-08-04T12:41:09Z,39f03a3a5fd777feee270921a7f51daec12ea679b542b0aaf2e808d7,60.149,24.9843,00000000fffb8cf0,17.4
4233,2019-08-04T12:41:09Z,3a6ce73ea4c03a14fc0d3d099e4698d3c1051a2e8e4bd552d5de394d,60.14947,24.91438,000000004ef3150d,3.09
4234,2019-08-04T12:41:09Z,3b73bf57d223bcb9b930ee8619e6603e52485b221389c64d85614baf,60.16897,24.95222,00000000aa852af1,8.38
4235,2019-08-04T12:41:09Z,3be48824225ca9f2aea5653f6ce21181a76e67a8d4b8361f0cba1f8a,60.14947,24.91438,000000004ef3150d,4.11
4236,2019-08-04T12:41:09Z,3c11845576020a1135cb12cbf016a07b22cb58b147a78511ee42d0d1,60.16075,24.95883,00000000f1124bca,29.32
4237,2019-08-04T12:41:09Z,3c545ca8c42e2a9a876f2500f6aee220e5fe1c178dd132136643754b,60.16762,24.95415,000000006b44cce7,14.89
4238,2019-08-04T12:41:09Z,3e4965f1ed580ddf80246b1b78cbc55b73c11d67573d9cede2a7ccf7,60.16829,24.94214,00000000afef4555,12.69
4239,2019-08-04T12:41:09Z,3ea5c91c32a318cb798767914dd025c2791a8c19e81c10c22f649247,60.18203,24.91341,00000000342570c2,18.79
4240,2019-08-04T12:41:09Z,3f395809cdaaaa1688c7d1cc770079bbf7ef1349e148bec5c8eacd57,60.16762,24.95415,000000006b44cce7,8.38
4241,2019-08-04T12:41:09Z,3ffe89aa6ab1e57883e21fa8f15969f46a5f487bccb2b993eadb3cfb,60.14699,24.922,00000000a53ed894,9.92
4242,2019-08-04T12:41:09Z,4157eed3f2574f5f9b1f7c3ccc1c36e181e82585ec5d491a1aedc6c9,60.16762,24.95415,000000006b44cce7,13.75
4243,2019-08-04T12:41:09Z,42052b48fa907a3f9ad0a511096b057331f7a11a1be046a63fb9629e,60.14699,24.922,00000000a53ed894,18.79
4244,2019-08-04T12:41:09Z,42168beaa0acd47be6bf8e4209edb348c9d27b18517c7420d454a24f,60.17065,24.93641,000000000f4919c9,10.78
4245,2019-08-04T12:41:09Z,429295e322e9f143f79e9a6340e4974858aa9aa2f5ed6e8512dd00cd,60.14699,24.922,00000000a53ed894,21.87
4246,2019-08-04T12:41:09Z,429363aca20efd1e564b3ac367b9eb4702cce1afbe6a22dccb543a7f,60.16075,24.95883,00000000f1124bca,21.87
4247,2019-08-04T12:41:09Z,42d4eb6044091814f327d0b01dc9ae701506417af1a8ab7f4161650d,60.14951,24.92138,0000000006dd41f6,21.87
4248,2019-08-04T12:41:09Z,42da4298ed9f522421f17714e024d9b8fe22e7546df3deeb8b139bd3,60.16075,24.95883,00000000f1124bca,9.12
4249,2019-08-04T12:41:09Z,4533d27e96c5c6637ddff4243672d658fea4004970652882357105a9,60.14699,24.922,00000000a53ed894,12.69
4250,2019-08-04T12:41:09Z,457d11209b95b153efb57d8f2641f2db0823e91a0d608fa0555a5b69,60.14699,24.922,00000000a53ed894,5.91
4251,2019-08-04T12:41:09Z,4602ff9d03f6bf4fbb82976098cc1c73e7a7e754050401c772d1406e,60.14947,24.91438,000000004ef3150d,7.05
4252,2019-08-04T12:41:09Z,47b8aba771bed6ec3a7d57932c44fe859bcf6300054b3acc9d885105,60.14947,24.91438,000000004ef3150d,17.4
4253,2019-08-04T12:41:09Z,47bc9ff9097f9ef5f1862e48b4a42f6a9ddd30c4ef2b6eb43291a7a5,60.14699,24.922,00000000a53ed894,20.28
4254,2019-08-04T12:41:09Z,47cde44e4ddbf6c70162fa882eee962e7c3e2a037b650294ec46568f,60.14947,24.91438,000000004ef3150d,9.92
4255,2019-08-04T12:41:09Z,48d0a198e7445da9f7df3cb2cedef7dc861fe850deff789f6ad61d36,60.14947,24.91438,000000004ef3150d,14.89
4256,2019-08-04T12:41:09Z,4a565a7be2bb822523480c6ca86154a466bf189290f87a0ef118f8b7,60.149,24.9843,00000000fffb8cf0,25.36
4257,2019-08-04T12:41:09Z,4aff8c41b8c3f924b9b765007cf6f0f148e9fdc4dfad6299b17f6f71,60.16762,24.95415,000000006b44cce7,20.28
4258,2019-08-04T12:41:09Z,4b1050cc517631e36206d3528399c0b14748daec8c7d1b5dfa412299,60.15432,24.9211,0000000019fb59c4,17.4
4259,2019-08-04T12:41:09Z,4b85388cdaec2b4c15b546160ee326d9668a5e5d3c7b08d0c539946e,60.17918,24.95141,00000000675d5200,16.1
4260,2019-08-04T12:41:09Z,4be50f3eb033f3f46e3069049c8e0a34dc8a2607741c1764369ba4c2,60.16762,24.95415,000000006b44cce7,3.74
4261,2019-08-04T12:41:09Z,4cadc8cc23fd84febb6a8383030a34c97b3388a8c9ed7a64cc0f51a6,60.14947,24.91438,000000004ef3150d,21.87
4262,2019-08-04T12:41:09Z,4ebdb6165c5d4892cdc21711313b98b1545bececfb886192c6f0ef22,60.16762,24.95415,000000006b44cce7,7.69
4263,2019-08-04T12:41:09Z,4efc969b8b738c051c221bf9d7829089b44cec23dd378fd86e7fb8be,60.173,24.92524,0000000096918cfa,25.36
4264,2019-08-04T12:41:09Z,4f4940c5c77737c5b8f2fbd5a1b65886ea5f6e0e4fcd50447e11ce21,60.16075,24.95883,00000000f1124bca,18.79
4265,2019-08-04T12:41:09Z,514a3981fad6c695ac4940f09374b5d1c2e84d2ca835084ef8707714,60.16075,24.95883,00000000f1124bca,8.38
4266,2019-08-04T12:41:09Z,52072bd384eaaf4a6958af5510ed039d194dee47f34667bc7bccbe0e,60.14699,24.922,00000000a53ed894,6.46
4267,2019-08-04T12:41:09Z,5263c8fd413ee308494f18228802330e278acc648b425bb454951db5,60.16075,24.95883,00000000f1124bca,4.5
4268,2019-08-04T12:41:09Z,5274280f7558ea562d9ce825000efc025d2de6b91c62614cb68df2b1,60.14947,24.91438,000000004ef3150d,13.75
4269,2019-08-04T12:41:09Z,52be202919c23c5986aa43e4d538885c92e6d643a28dcbfcf890c178,60.16762,24.95415,000000006b44cce7,29.32
4270,2019-08-04T12:41:09Z,52f0e69ca7a5cebe604c1f32308dc7f8870d1d85cd4b25ad17f706e9,60.14699,24.922,00000000a53ed894,9.92
4271,2019-08-04T12:41:09Z,53f1f84f2f1f0ea7eb59dd269d86fae99cc25ee089a48f249de1aaec,60.16897,24.95222,00000000aa852af1,17.4
4272,2019-08-04T12:41:09Z,54065d53a62079540c4be1e19eafa5dd581e8ec35da0c31844438e0b,60.149,24.9843,00000000fffb8cf0,27.28
4273,2019-08-04T12:41:09Z,5554305bad43a71cf98d83e92708c7474c1efc189392c1ea94231e9c,60.16531,24.9442,00000000fdda10fe,2.8
4274,2019-08-04T12:41:09Z,560205233dc9b13886248fb6e54ee21dc3b287080072641e01e08dac,60.16075,24.95883,00000000f1124bca,13.75
4275,2019-08-04T12:41:09Z,56b8eace741e5227a40ea0a64601a737648080c63d6240b0dca632c4,60.16075,24.95883,00000000f1124bca,29.32
4276,2019-08-04T12:41:09Z,570dc61d53aec66ede39dfde66339640878453afc00cd1a55c60bca7,60.16544,24.95398,0000000038d83d41,21.87
4277,2019-08-04T12:41:09Z,571934189bf349efb6f596e76c21612cf9b82ed44913090169936048,60.17065,24.93641,000000000f4919c9,14.89
4278,2019-08-04T12:41:09Z,57b0ec71591ce4ba591fc3bf71f8714d7a0685e0f2f9ee9526db8e3f,60.17002,24.94407,000000006b087f40,21.87
4279,2019-08-04T12:41:09Z,57bb8beeec6904b9a5cfe83c4ff9a80e63157780137f03de2a4152d3,60.16762,24.95415,000000006b44cce7,11.7
4280,2019-08-04T12:41:09Z,57f88614f91a133004ac1a6dea31a4090f899646a5f62ece691d87af,60.16762,24.95415,000000006b44cce7,9.12
4281,2019-08-04T12:41:09Z,58411163d307bb308f9c94a9720e9ce5ab0ce4f5617cd2b1fcc2037a,60.16762,24.95415,000000006b44cce7,10.78
4282,2019-08-04T12:41:09Z,584cb0b0cdd14e608c8b57c8aecc9826f9b40027e365e2438a444ea2,60.16762,24.95415,000000006b44cce7,14.89
4283,2019-08-04T12:41:09Z,5b102c62b98f29bd801e4dd0e9ddbc113db3faa38d59990b9ba5e9ec,60.173,24.92524,0000000096918cfa,13.75
4284,2019-08-04T12:41:09Z,5bc858089bff2f1880f1807e91f165ebf9f1b5841445adcdfb988ddf,60.16829,24.94214,00000000afef4555,21.87
4285,2019-08-04T12:41:09Z,5bc8610f198c0ab38e4e89fd7f4828d032ca2a6ef97c2a17c79e296f,60.14699,24.922,00000000a53ed894,18.79
4286,2019-08-04T12:41:09Z,5c160268bc9b4b619181ce421d9e58c258e6b59a342945fc29f0004b,60.14947,24.91438,000000004ef3150d,7.05
4287,2019-08-04T12:41:09Z,5cd5117066c75a1cb83d3896a7eba3f3472e133f0013ea7d4e95daaa,60.14699,24.922,00000000a53ed894,7.69
4288,2019-08-04T12:41:09Z,5d70086d53447ee393249cef33c7bae814c1d7c2e3055fc91b38786c,60.17919,24.95181,000000007b5207b6,9.12
4289,2019-08-04T12:41:09Z,5e53be1d47b3cceeb6ea9406c75327379c8ee8abc68da605b7758e85,60.14947,24.91438,000000004ef3150d,8.38
4290,2019-08-04T12:41:09Z,5ea49ba4de68e03664ec3a87f5de32434d7136b4f8323f022ff9df5b,60.16829,24.94214,00000000afef4555,9.12
4291,2019-08-04T12:41:09Z,604a02f00cf5d2e059c26ee48a07cd30e608c4b00f17f447c028da58,60.16762,24.95415,000000006b44cce7,21.87
4292,2019-08-04T12:41:09Z,60d9b71ec38b796bf876dedfaf3112b49ff79677480c7603902857ae,60.14947,24.91438,000000004ef3150d,13.75
4293,2019-08-04T12:41:09Z,614ab7fba7255f6bf6f888e9a04d589962f756b3f427e658f10014f2,60.16075,24.95883,00000000f1124bca,4.5
4294,2019-08-04T12:41:09Z,6187e3415bcea985be770b4a90f3ed56fbfff1aa331759d34ccbd4ee,60.16897,24.95222,00000000aa852af1,31.5
4295,2019-08-04T12:41:09Z,61dadc3bed7f3dda70dbe12fc6914b30c863945805046f66f43ec9a7,60.14947,24.91438,000000004ef3150d,11.7
4296,2019-08-04T12:41:09Z,62a6fe2d9b3b5b4533c51253f8842428bd797b3c6a95a7816ec472ed,60.14947,24.91438,000000004ef3150d,11.7
4297,2019-08-04T12:41:09Z,634257ded5cc6c04eb832d437b55777b10829352768dadef19d3f64c,60.15432,24.9211,0000000019fb59c4,29.32
4298,2019-08-04T12:41:09Z,63a87f20dbfd068c086129312c165b6e9b1da2ea6c999be1dd1b8391,60.16762,24.95415,000000006b44cce7,14.89
4299,2019-08-04T12:41:09Z,63d99db5b2b7360c501446ea5e89feba9bd1c6735a7670039916f2ad,60.1538,24.95595,0000000038bf9618,27.28
4300,2019-08-04T12:41:09Z,643ef3f01a51bea3c4510d4060a945cd510e5189236d68f5c9489034,60.16829,24.94214,00000000afef4555,2.08
4301,2019-08-04T12:41:09Z,64638a9f9e6c9b32fc4b484b55e4934fcab6cb04605cc76d5f5534b7,60.17065,24.93641,000000000f4919c9,13.75
4302,2019-08-04T12:41:09Z,64d86288e491374eed34c68c82763c2e5dbc87113cf5ca44f23233ba,60.16829,24.94214,00000000afef4555,13.75
4303,2019-08-04T12:41:09Z,64e34af775b57908b23056a31d60ef3b005941f2e7c3db0c49df675d,60.17065,24.93641,000000000f4919c9,29.32
4304,2019-08-04T12:41:09Z,6503762f2cac51cc2b74da1efa6b16583ed11c9a528d7716b7829c0b,60.16829,24.94214,00000000afef4555,7.05
4305,2019-08-04T12:41:09Z,655204cb507ea9ae811105cdcd766161facaa9f729017a333f102391,60.149,24.9843,00000000fffb8cf0,11.7
4306,2019-08-04T12:41:09Z,65a5f0d3b8506f1c6e2e644cdfbec8505edd87af06914a125ac32d29,60.16762,24.95415,000000006b44cce7,16.1
4307,2019-08-04T12:41:09Z,6688790e10cbf0805c8bdc210412ed75d7999e61029da0b7ba29458e,60.16829,24.94214,00000000afef4555,11.7
4308,2019-08-04T12:41:09Z,6723bebaab92d1a9f8b4318fd4f497a6dec6d7f8e0eafca443925213,60.16075,24.95883,00000000f1124bca,18.79
4309,2019-08-04T12:41:09Z,67591d427f60ba3c369ac0d78088fca7be33081501508d16401dd6cb,60.16762,24.95415,000000006b44cce7,8.38
4310,2019-08-04T12:41:09Z,675eacdf32b5b831fd118fc5539eea4b3cef4bd11e2e1706a9571222,60.16829,24.94214,00000000afef4555,9.12
4311,2019-08-04T12:41:09Z,6774ed72eaf69d7c4aaeeef90990f969954155bbcc52652e75e7deef,60.16829,24.94214,00000000afef4555,5.41
4312,2019-08-04T12:41:09Z,677c53ae4056d6cb123ca576ba5284664b1c7e3e88818bd19b5dd99a,60.17919,24.95181,000000007b5207b6,11.7
4313,2019-08-04T12:41:09Z,6875e3632a29207e29ded33617e66d55de5d8c7804fecedd6f1dfe12,60.14699,24.922,00000000a53ed894,4.11
4314,2019-08-04T12:41:09Z,69375ef968867906fc11b34d1e2c4b436d452cd47cb577a7f9e566ef,60.16762,24.95415,000000006b44cce7,5.41
4315,2019-08-04T12:41:09Z,698b200b63a644828a7314691a16af2af1bccef75d52abb5591a5542,60.14699,24.922,00000000a53ed894,7.05
4316,2019-08-04T12:41:09Z,69f1de5049f5731749defe893b8ae9ada4f5f788a994b8f7413ef657,60.17002,24.94407,000000006b087f40,20.28
4317,2019-08-04T12:41:09Z,6b97071051ccf5db7e5ebee033d4f68d58ed6917ff2fac5b205a6605,60.17065,24.93641,000000000f4919c9,9.92
4318,2019-08-04T12:41:09Z,6c7e018abdf8462af7c7b003bc30f915184f7082e9e865a2c502eed5,60.14699,24.922,00000000a53ed894,4.11
4319,2019-08-04T12:41:09Z,6f3dd17e40daabb4efe868f1b859dc00ecc01846f0a0e2b8db5d1413,60.17918,24.95141,00000000675d5200,11.7
4320,2019-08-04T12:41:09Z,6fc3823219441524e7f749dc3371bfb8c670faa9d4427a5ededed22d,60.16762,24.95415,000000006b44cce7,17.4
4321,2019-08-04T12:41:09Z,6fdf4cfc3a0774e204869ab43ef69c6306cc40c0fd8bbb0f8b505e3a,60.16829,24.94214,00000000afef4555,16.1
4322,2019-08-04T12:41:09Z,6fdfc33c6b609ea80b4a38ecf657bc68b7bf659752b51edcc22ffb54,60.16762,24.95415,000000006b44cce7,14.89
4323,2019-08-04T12:41:09Z,6fec2e12fc88db6bcc4eb2c81bcfb171de0094ca788c72192002e939,60.15432,24.9211,0000000019fb59c4,25.36
4324,2019-08-04T12:41:09Z,70c56152af84cf1bad4d19b0cb31202232b4cd4320ce5ea48895e42b,60.14947,24.91438,000000004ef3150d,9.92
4325,2019-08-04T12:41:09Z,71479e7c1c4fd96468f16800ff04484480c76e0953d2074500b0df31,60.17919,24.95181,000000007b5207b6,16.1
4326,2019-08-04T12:41:09Z,7176e4b517010283d61468978a67a0e6d800f7b66219728174074b97,60.14947,24.91438,000000004ef3150d,16.1
4327,2019-08-04T12:41:09Z,72231bca658d3a16f3bf9c26ba5f13393b8377e4ab0b9ed3de6c811f,60.14699,24.922,00000000a53ed894,13.75
4328,2019-08-04T12:41:09Z,72e4de5ded503a6b09635fc51a720ce504c9e77552bc2ffae8d6cae3,60.14699,24.922,00000000a53ed894,13.75
4329,2019-08-04T12:41:09Z,733f21ebebe353e10a55a74b40a0a480e6d276334d4f3d8bcf85b711,60.16075,24.95883,00000000f1124bca,20.28
4330,2019-08-04T12:41:09Z,74190ac0a445f6ef4d8ad23b41e0857ccd9f147ebdde0299c0b7d474,60.16762,24.95415,000000006b44cce7,29.32
4331,2019-08-04T12:41:09Z,745e52dafbfa395ea41c5fcd0c2717b9091e44d19ab89e03991fdbb7,60.16762,24.95415,000000006b44cce7,12.69
4332,2019-08-04T12:41:09Z,759f94c852ff15ca91c3138913c3858c4801702f8f0514ae82fb2a19,60.16897,24.95222,00000000aa852af1,8.38
4333,2019-08-04T12:41:09Z,75d8fd759b6922a74bdaf0920b35b94d0d95a50fce7c66ded370d1ad,60.16762,24.95415,000000006b44cce7,14.89
4334,2019-08-04T12:41:09Z,7664b7f08aaa059ecf6646a595c33fae0c80715febe63e31f45a4662,60.16762,24.95415,000000006b44cce7,8.38
4335,2019-08-04T12:41:09Z,777cceac7be6303a1c82f7cc68061528b01e3aa1b3aa6481cad9e5e3,60.16075,24.95883,00000000f1124bca,8.38
4336,2019-08-04T12:41:09Z,77a12194b9a6789f4b2b8c07ae7fce3c2b531cb221e5fa7ca5deae55,60.16897,24.95222,00000000aa852af1,9.12
4337,2019-08-04T12:41:09Z,79bb1e615a834d4f653cec7efc45ad5b4bbedf2a83c55b44c586ad0a,60.14947,24.91438,000000004ef3150d,12.69
4338,2019-08-04T12:41:09Z,79bde23c1a8980f93a65e14306f0d8ea89e164430d8b991e2bfee82e,60.16531,24.9442,00000000fdda10fe,12.69
4339,2019-08-04T12:41:09Z,79d26f15a82c94ac5d05e0f2b6a6beeae1f407972ec39665d7ab9535,60.16829,24.94214,00000000afef4555,20.28
4340,2019-08-04T12:41:09Z,7a0c0b525f2d3eed6c873bd3b8d27bede551fe4a428ac15c23deadae,60.16075,24.95883,00000000f1124bca,7.69
4341,2019-08-04T12:41:09Z,7a4a06d20ebe57d94e5fceeaf47d5b56ad9a515818e9c20e21a80e61,60.16629,24.95957,00000000fb7600be,20.28
4342,2019-08-04T12:41:09Z,7a97375000483176c3b37cc0d1744a950d9b322ce3534208fce0b21d,60.14699,24.922,00000000a53ed894,17.4
4343,2019-08-04T12:41:09Z,7ab335e046f7f3597f8f615a90857885e35cfecefebd5d24bbf0af90,60.16075,24.95883,00000000f1124bca,6.46
4344,2019-08-04T12:41:09Z,7ad93fed82e41ea4422fa101badc698b0328c3ebf0f6b73c5164d438,60.16897,24.95222,00000000aa852af1,14.89
4345,2019-08-04T12:41:09Z,7af6672e274ebe27cdb785373a857fc5bcad92a386c36dbe3221d4f4,60.14947,24.91438,000000004ef3150d,13.75
4346,2019-08-04T12:41:09Z,7d0f85a5944207c0c34226117698b3ccc14785f72659cf0d8ffe152d,60.16829,24.94214,00000000afef4555,33.81
4347,2019-08-04T12:41:09Z,7d9a3d84c09c3a8d6876389e216e0278048d6b924890fb275a078ffb,60.16531,24.9442,00000000fdda10fe,0.84
4348,2019-08-04T12:41:09Z,7f786ec8e06f1ca3bdd10fc60d0114baf354125b8f6cf796d197f4cc,60.16075,24.95883,00000000f1124bca,4.5
4349,2019-08-04T12:41:09Z,7fe10e69931c2d658099a314f3fce64865329e12a7b834c375e2d5d2,60.14699,24.922,00000000a53ed894,8.38
4350,2019-08-04T12:41:09Z,80cbcb887f3e351e3bef7c5f53dccc578cc3494feec514aed7015c0d,60.16075,24.95883,00000000f1124bca,8.38
4351,2019-08-04T12:41:09Z,80cc39b04598f971820e63498fd27ae72a12a45a60c220fe625b282a,60.14699,24.922,00000000a53ed894,25.36
4352,2019-08-04T12:41:09Z,82411c6526228322a61f59259f13adf7cde62bd767587b6735867705,60.17919,24.95181,000000007b5207b6,7.69
4353,2019-08-04T12:41:09Z,83073c017c8293e4b6eab781fbc2147fafa144d33b3618abd1ae5d90,60.17065,24.93641,000000000f4919c9,31.5
4354,2019-08-04T12:41:09Z,83121a75723643c48e3c3b0a3ea5fccb532046432ca445833e8de06a,60.16762,24.95415,000000006b44cce7,1.7
4355,2019-08-04T12:41:09Z,83e827ea070ed6a4107cd81c03e001aa1a5d76d22f7f5ac41e63e2e9,60.14947,24.91438,000000004ef3150d,23.56
4356,2019-08-04T12:41:09Z,848fdb054358a3fca79c0246f01263c92b5b48aee6b9fb6e260d7a0b,60.16829,24.94214,00000000afef4555,18.79
4357,2019-08-04T12:41:09Z,848fe01e24ccc782e5968171f53ea31d28f20a455c45d8bac8fb7374,60.173,24.92524,0000000096918cfa,25.36
4358,2019-08-04T12:41:09Z,849a662d95d4185421aff7c6213ba5d7b84cfc58c9fb30ff34054e4c,60.16075,24.95883,00000000f1124bca,6.46
4359,2019-08-04T12:41:09Z,857f5ab05809fdb94740616b8d6662aa2458c4a6009e6f717f8933fb,60.17002,24.94407,000000006b087f40,21.87
4360,2019-08-04T12:41:09Z,859b417d0b562f5c4ab33c3877c95cd7cbb332db91dcd0f4e7a4f3b6,60.14699,24.922,00000000a53ed894,9.12
4361,2019-08-04T12:41:09Z,85d66944a64cfde859e7e08ca4b79f3b39d5b03141d500fe7ce73f7e,60.14699,24.922,00000000a53ed894,6.46
4362,2019-08-04T12:41:09Z,85d67c3be46ecb66832dfd9090a931e1be3dd056f718ea6786622131,60.16897,24.95222,00000000aa852af1,25.36
4363,2019-08-04T12:41:09Z,868cd7608ed6beb209db2aad8c71f56b8aec3a6b453be18e4af217a2,60.17065,24.93641,000000000f4919c9,29.32
4364,2019-08-04T12:41:09Z,87bb1abe21abfcb5e5c2039e579cff7ca863a6019207db356de5b7c2,60.14699,24.922,00000000a53ed894,11.7
4365,2019-08-04T12:41:09Z,87cbb5265cd1cc3213ddb5ed9ed2a599ddb7db0b0747121d649b0ae3,60.16544,24.95398,0000000038d83d41,21.87
4366,2019-08-04T12:41:09Z,8822ffe19dec49fe874ac377de5a0504e931e342ecc1f5b1fcb939e5,60.16897,24.95222,00000000aa852af1,20.28
4367,2019-08-04T12:41:09Z,885bcc6af7d0aa9718fe1030e32ffff1de5171ae5ef67cf0011874fb,60.14947,24.91438,000000004ef3150d,8.38
4368,2019-08-04T12:41:09Z,8947a5209f3b32173d3dc72792039edf94a2711741ab041b62b30643,60.16762,24.95415,000000006b44cce7,2.54
4369,2019-08-04T12:41:09Z,896f7e896dc6f1ea44b82bf968a988cc10c358ee34821d9d7a4bd07a,60.14947,24.91438,000000004ef3150d,3.4
4370,2019-08-04T12:41:09Z,8a08b2de43a9ef03cf96610718c908e69dcacc59f536a7135b7bb542,60.16629,24.95957,00000000fb7600be,20.28
4371,2019-08-04T12:41:09Z,8b641985c793a3f25a45b2460cb01f5baa6f339c6dd26ba7752d8a7a,60.16897,24.95222,00000000aa852af1,21.87
4372,2019-08-04T12:41:09Z,8ba6cfc17ca70e8304994e018ebd5eb2003177062cde05925d5cacb3,60.173,24.92524,0000000096918cfa,7.05
4373,2019-08-04T12:41:09Z,8d528b00553162a9dd47d2296d15b2fad89aad6a508424d4589618a1,60.14947,24.91438,000000004ef3150d,4.94
4374,2019-08-04T12:41:09Z,8d73f674010f5cb02e8f20251ed86a9afcb7f6b3926039470296bd00,60.17065,24.93641,000000000f4919c9,18.79
4375,2019-08-04T12:41:09Z,9023a89a49a372e5f97cf86ef1b5de0164eb67cc10d394d383ab75fd,60.16829,24.94214,00000000afef4555,10.78
4376,2019-08-04T12:41:09Z,920dc90f60b295267f63efc8f968408087b71878dc3f49f0ded1c41e,60.17919,24.95181,000000007b5207b6,21.87
4377,2019-08-04T12:41:09Z,926717d61529080dfc4c7f8cdcdc82c6490d2a5129474524b8c40ea4,60.16829,24.94214,00000000afef4555,18.79
4378,2019-08-04T12:41:09Z,93a2100e233b204243f7e69b68dea7c9a145d1b5384bd18359bf87a3,60.16531,24.9442,00000000fdda10fe,2.08
4379,2019-08-04T12:41:09Z,93b7794683a373ac7ce9476d49419c2ee26e67b474370e561be167b2,60.14699,24.922,00000000a53ed894,17.4
4380,2019-08-04T12:41:09Z,9604244c18efd5978b809f021651f7743e0e64da38fcf3718f9b4f93,60.14699,24.922,00000000a53ed894,9.12
4381,2019-08-04T12:41:09Z,97264f5808fa13851dacabf0c98525eec29849ff4b6a744cc777fd5b,60.16075,24.95883,00000000f1124bca,9.12
4382,2019-08-04T12:41:09Z,9736a8a29aee134a307e0cd4221e9b0a2ab7c48befee43fc62e9f9bd,60.14699,24.922,00000000a53ed894,7.69
4383,2019-08-04T12:41:09Z,98162c76493f6310ae46e45562327ad94182de391f9651985aae487d,60.16762,24.95415,000000006b44cce7,18.79
4384,2019-08-04T12:41:09Z,987d01417bcff2d7f663704309df2ebdcdb035da3ddb085fab0cf928,60.16829,24.94214,00000000afef4555,18.79
4385,2019-08-04T12:41:09Z,9885627881a266e5cf401516e009049e859d738e2e019be570f4b4d8,60.16448,24.97323,0000000053c6c2be,27.28
4386,2019-08-04T12:41:09Z,99753600aa90a43c336153dd03985a2996b7bc6052086f503020518c,60.14699,24.922,00000000a53ed894,12.69
4387,2019-08-04T12:41:09Z,9ba6f9fb8bb950d16224b4182d3c3d8349a0f50619be329c165417e0,60.14947,24.91438,000000004ef3150d,13.75
4388,2019-08-04T12:41:09Z,9bad872c31c8c5e53f064b5367350b41271d45ca8a9e508136622800,60.16897,24.95222,00000000aa852af1,10.78
4389,2019-08-04T12:41:09Z,9e3d4a4b1acd94d2896cd7cf56419110f06ea96faae37aadebd4ec77,60.14947,24.91438,000000004ef3150d,13.75
4390,2019-08-04T12:41:09Z,9ff13c715073d5ad9c464cb67b6de3f703435cf389c32cce5626dfe1,60.149,24.9843,00000000fffb8cf0,29.32
4391,2019-08-04T12:41:09Z,a0db7e8063bede2dd55c2c6cf5111932617ecace670ff65314a7d349,60.16629,24.95957,00000000fb7600be,17.4
4392,2019-08-04T12:41:09Z,a22736c5d66f417bc6b745f51492549dc2e5a3c766f5e7e23f183b41,60.14947,24.91438,000000004ef3150d,12.69
4393,2019-08-04T12:41:09Z,a38a21a97a054541f0423f03758c70227116c05254958373e3e93ad0,60.14947,24.91438,000000004ef3150d,4.11
4394,2019-08-04T12:41:09Z,a3e2b787062412a5c0f0f4c118f7ba472a52fe9558872792cfd31d61,60.17002,24.94407,000000006b087f40,12.69
4395,2019-08-04T12:41:09Z,a422a30ec1eb058c7930e1352297c161639faa5b3ca5f5fa47c4adb3,60.14947,24.91438,000000004ef3150d,12.69
4396,2019-08-04T12:41:09Z,a4f416ec0941bb365e3665d7fd224fad15d74225e8ce9f6dd6368bc7,60.17065,24.93641,000000000f4919c9,16.1
4397,2019-08-04T12:41:09Z,a6158fc663b4931ef4e811a4acf62ab2f658241775e200b14684f87d,60.16897,24.95222,00000000aa852af1,18.79
4398,2019-08-04T12:41:09Z,a6f944078dd26796f5a849ccb6fdf8a4436f913cf3302597c846462d,60.16762,24.95415,000000006b44cce7,9.92
4399,2019-08-04T12:41:09Z,a7472d1b63171c047444981df223670390009e3ea502132d9963e9fb,60.14947,24.91438,000000004ef3150d,10.78
4400,2019-08-04T12:41:09Z,a76d219c3abcc4ec3a54dd834263f9a24972c71be4c7bbbfc663f22f,60.14699,24.922,00000000a53ed894,9.12
4401,2019-08-04T12:41:09Z,a794d97e26d3678bb11b4364880414bb7bfac4bb49d1867b37b489f7,60.14947,24.91438,000000004ef3150d,8.38
4402,2019-08-04T12:41:09Z,a89241067cdc28b0000f6d9c969a2bdae43797412fb8e5ca82b49aa7,60.17002,24.94407,000000006b087f40,20.28
4403,2019-08-04T12:41:09Z,a8c6eaffa3af655bde6a224a5f02a332a51ea9662ca7cc53d2d170db,60.16762,24.95415,000000006b44cce7,25.36
4404,2019-08-04T12:41:09Z,a8df2631c2442628608c1f0352c896eb532a6ca08c85de2c77360aa8,60.14947,24.91438,000000004ef3150d,16.1
4405,2019-08-04T12:41:09Z,a96e9a3805def174e6ededa93b88ce312739d9d68941dffdeca03e9f,60.16762,24.95415,000000006b44cce7,3.09
4406,2019-08-04T12:41:09Z,aa076c3f0d09145aebbb750dde9849ba4eb6759e92ba5753280184d6,60.16762,24.95415,000000006b44cce7,11.7
4407,2019-08-04T12:41:09Z,aa5773b59ce2bf1eee53e4e77cd3c261465d2ea538c9a85b8de30cd8,60.14947,24.91438,000000004ef3150d,13.75
4408,2019-08-04T12:41:09Z,aa6d51fc5411b69567cb854360c4a81267eac19446946eb27618306a,60.14699,24.922,00000000a53ed894,12.69
4409,2019-08-04T12:41:09Z,acb831a572fef6e9e1fc74a3084583547930b1f96e8d952485f755ea,60.17002,24.94407,000000006b087f40,11.7
4410,2019-08-04T12:41:09Z,acdcc8ae1d1c6bb055dfc108154eae58b4b894f0ce1ff174c1065c7e,60.16762,24.95415,000000006b44cce7,1.88
4411,2019-08-04T12:41:09Z,ad8af809ed47a3391bb53d11da159b3a8b0ddc264d94c049ce72bda0,60.17065,24.93641,000000000f4919c9,0.59
4412,2019-08-04T12:41:09Z,ae87b8dd8920695bc9e599874667205991c04e30666d8523f0be4350,60.14947,24.91438,000000004ef3150d,7.05
4413,2019-08-04T12:41:09Z,aec4b11f0b1ec075878ca4a3b94da464f6fc96e330b913d5bfd346b0,60.16897,24.95222,00000000aa852af1,3.74
4414,2019-08-04T12:41:09Z,b255261b4f367acbf68fac08700949f13001dfe40901f75ec4a321a9,60.16897,24.95222,00000000aa852af1,36.27
4415,2019-08-04T12:41:09Z,b2a01c2a06c3cf1a48333e58e787d9eaf2f975a738c02878220d7774,60.16829,24.94214,00000000afef4555,25.36
4416,2019-08-04T12:41:09Z,b41cc64d7ab4e16a03573bdc3b5863c4b402ec66c7780c7900c02877,60.16829,24.94214,00000000afef4555,11.7
4417,2019-08-04T12:41:09Z,b523d3f8341906e4b3877ff7d9614b4e10d6bbf10afdcc6c53656c8f,60.17065,24.93641,000000000f4919c9,14.89
4418,2019-08-04T12:41:09Z,b5d90bc33c7307b83a6f38469ffe13897d3ce5962c7c9299bbe61fe5,60.14699,24.922,00000000a53ed894,18.79
4419,2019-08-04T12:41:09Z,b69b16c2a26a4bb629e51e0165fb79bbffdeb2a24c5d49297fddfcb0,60.16762,24.95415,000000006b44cce7,21.87
4420,2019-08-04T12:41:09Z,b7039958be9f53a3eaed97f705a1974815f52f25226e920155397bec,60.16075,24.95883,00000000f1124bca,9.92
4421,2019-08-04T12:41:09Z,b7867e052453c9caa213f48b033624b744187f4cd77c2418cf9d7b79,60.14699,24.922,00000000a53ed894,11.7
4422,2019-08-04T12:41:09Z,b936adc4821ac74aa643564d0b86e3858f1ec392e3f43e92427d7edc,60.14699,24.922,00000000a53ed894,7.69
4423,2019-08-04T12:41:09Z,b9c0ac0bb7310d92c296a8870603ebd12c0c632cfc2a1fa33092b337,60.16762,24.95415,000000006b44cce7,13.75
4424,2019-08-04T12:41:09Z,ba9825bb3cfae6aeb29833f0a11189802065c73f8e541b2bcb5b572f,60.14699,24.922,00000000a53ed894,17.4
4425,2019-08-04T12:41:09Z,bb0193f2b0ac4801fe82ed5cec75e687465d707d92e731047f81650f,60.1538,24.95595,0000000038bf9618,1.38
4426,2019-08-04T12:41:09Z,bbe1e18f88cf88928067a0221965768c1f2ae264291cea564d7eb7e8,60.16897,24.95222,00000000aa852af1,11.7
4427,2019-08-04T12:41:09Z,bc07df8cc395f6f4f5d483b2233caca5f93a6918f346e4cc3702f8cc,60.16531,24.9442,00000000fdda10fe,16.1
4428,2019-08-04T12:41:09Z,bc3861c61a46fbf78a7423712f1a528cf9f8332531271933056c233f,60.16829,24.94214,00000000afef4555,14.89
4429,2019-08-04T12:41:09Z,bcd2691a0ff43d3491a980272a44d4b5f9de4e70fab9a4ed92488f99,60.16629,24.95957,00000000fb7600be,20.28
4430,2019-08-04T12:41:09Z,bd4ec71179e7755567e37eb54b845b317af028a4effe45dcaeae19bc,60.14699,24.922,00000000a53ed894,23.56
4431,2019-08-04T12:41:09Z,be21a77f983baae8e0ba646eda0988a618149dcc7ef4c303c35d5377,60.14947,24.91438,000000004ef3150d,12.69
4432,2019-08-04T12:41:09Z,bebf1edb9736fe66391376c4cf2a3033ab9fa83ae21f86b66392e2d0,60.16762,24.95415,000000006b44cce7,11.7
4433,2019-08-04T12:41:09Z,bf2e5725b255e320f1e8375ec03f55194f1fd9f751be9629d873a5c8,60.14699,24.922,00000000a53ed894,3.09
4434,2019-08-04T12:41:09Z,c0722f63618f97eb8ec4afac1a8538b81a3c87e623d753ad1201bf7c,60.16075,24.95883,00000000f1124bca,3.4
4435,2019-08-04T12:41:09Z,c0a0ca3433586ed2ae0e448f2406fabac7292ac79d49562e0bd5cef8,60.16762,24.95415,000000006b44cce7,12.69
4436,2019-08-04T12:41:09Z,c1190e79b409572562b2fb76879fa5444029e2d395771890ac98c580,60.15432,24.9211,0000000019fb59c4,23.56
4437,2019-08-04T12:41:09Z,c18a638a8f7d2d4e67c538d49830623f943f762f4942350ba7358441,60.173,24.92524,0000000096918cfa,27.28
4438,2019-08-04T12:41:09Z,c1945d11e15bcaed89f4a682d7acf5b9a58f9d92dcb0c46693d7dc42,60.16531,24.9442,00000000fdda10fe,25.36
4439,2019-08-04T12:41:09Z,c1a7c2ca724966977fb5960bdc91f2763ac8cbb95c33a1d4e0b7bd68,60.16897,24.95222,00000000aa852af1,23.56
4440,2019-08-04T12:41:09Z,c3125d6dc1951ca0733220dc5efb8358d0c811858d98604dcb206f7e,60.16762,24.95415,000000006b44cce7,16.1
4441,2019-08-04T12:41:09Z,c36d58ed0e0dddb3e26be1214e369db1c3fa3d4bcf8b53536a25239b,60.17065,24.93641,000000000f4919c9,3.74
4442,2019-08-04T12:41:09Z,c3b2521faf0f7ae79434e40e86c59699d399444b775c7619f6e73e36,60.16075,24.95883,00000000f1124bca,23.56
4443,2019-08-04T12:41:09Z,c3be6dcc2c0542676c20d28ce38adbe2c0b9be09caa3f22e60210636,60.16075,24.95883,00000000f1124bca,12.69
4444,2019-08-04T12:41:09Z,c3e5ee20ca76f7347fda00c4c2fdee291bc6d843a879b26fbdd70390,60.17065,24.93641,000000000f4919c9,36.27
4445,2019-08-04T12:41:09Z,c493415e869d6e6304841784a120f994272b83557256b43e44e4f3e0,60.14699,24.922,00000000a53ed894,9.92
4446,2019-08-04T12:41:09Z,c4dfae0a1b1bd27741275e8f26148b119bf7225960b4275e488612b9,60.14699,24.922,00000000a53ed894,16.1
4447,2019-08-04T12:41:09Z,c551d554f64ffda092ce6c4a6715f0ed438c9649f7676b2944f1ea2f,60.14699,24.922,00000000a53ed894,13.75
4448,2019-08-04T12:41:09Z,c633a260ce59bad4e1ca42f12936ed8ae57a40f5e6528dfb70052c43,60.16897,24.95222,00000000aa852af1,7.69
4449,2019-08-04T12:41:09Z,c71d8be446020d246378e1f525a13b08549d4712051cead5ccd9287f,60.16762,24.95415,000000006b44cce7,10.78
4450,2019-08-04T12:41:09Z,c728eaa7734efeabe7f33c782081caa960fcced68160e285ee477916,60.14699,24.922,00000000a53ed894,14.89
4451,2019-08-04T12:41:09Z,c7416c039513e3156222d936c483164a0914a3b5a5310985374f4767,60.17065,24.93641,000000000f4919c9,14.89
4452,2019-08-04T12:41:09Z,c7e2cfbb859ebc5dc1cba099bf270004843a57cc2aa134bab49a4f8e,60.14699,24.922,00000000a53ed894,20.28
4453,2019-08-04T12:41:09Z,c905a50dedd9b3d2114cde9160b7adf83adc09683b65598ce24c4047,60.1538,24.95595,0000000038bf9618,21.87
4454,2019-08-04T12:41:09Z,cb3f05d5604f5532e039e6d40514b13aba8f6274d952bb17a8b801fc,60.15432,24.9211,0000000019fb59c4,33.81
4455,2019-08-04T12:41:09Z,cbc336691f17a9c508549e03d522166247a0cd0a944321c1a7d15525,60.14699,24.922,00000000a53ed894,16.1
4456,2019-08-04T12:41:09Z,cbd334d06c16786ddc543b71b34da6278d203ac72606f0f9275e0936,60.16829,24.94214,00000000afef4555,7.69
4457,2019-08-04T12:41:09Z,cc2cf42c6b14536fb92c810ff0e3dd5a3caa74236f14246a5b6e8cdc,60.16762,24.95415,000000006b44cce7,7.69
4458,2019-08-04T12:41:09Z,cca4c469470383a073e2fc4aa7102906db6a8d478131e9a1420d96f2,60.16762,24.95415,000000006b44cce7,18.79
4459,2019-08-04T12:41:09Z,cce6b6f309e43e2bb1be6a9784582a82891e976d0869d01040586d27,60.14947,24.91438,000000004ef3150d,12.69
4460,2019-08-04T12:41:09Z,cd2346f3db5667fe43eb0d974ddf486ce9722fe427e98ee232d1ba12,60.14951,24.92138,0000000006dd41f6,20.28
4461,2019-08-04T12:41:09Z,cd3e127e27387b6e06cdf27f46fb6046e4182e4d7b49b49c17167c1c,60.14947,24.91438,000000004ef3150d,13.75
4462,2019-08-04T12:41:09Z,cd47b9ac851ce6b21df7b8e918554b0cb1a12d03da7e0aaf14e19314,60.14947,24.91438,000000004ef3150d,9.92
4463,2019-08-04T12:41:09Z,cd4ecd3b83630f6e5d65f635804e47a1ceb82853aac36af30044f06a,60.149,24.9843,00000000fffb8cf0,21.87
4464,2019-08-04T12:41:09Z,cd62fc5a92bd89f24a6e3d736d5511bf872859d762723b92f2092abc,60.16829,24.94214,00000000afef4555,12.69
4465,2019-08-04T12:41:09Z,ceb777dafa9b7e39125b89735b7f0cf22c3018eb0196043ac8160370,60.14699,24.922,00000000a53ed894,9.12
4466,2019-08-04T12:41:09Z,cfa42322be0000cf89d8969d1b88ace0ba99cab721dd58d55d41a36e,60.17065,24.93641,000000000f4919c9,17.4
4467,2019-08-04T12:41:09Z,cfc2a688ff31fbb1baac8790fb6d56dc7746ba2cf9e0e5f39d4751a4,60.14699,24.922,00000000a53ed894,8.38
4468,2019-08-04T12:41:09Z,d0413da80c7714f40ffe50dcfb00039280c64ecebc61c59df72965e6,60.149,24.9843,00000000fffb8cf0,11.7
4469,2019-08-04T12:41:09Z,d098b9b5b30c5fcd4ae8a2b8bc761df72829713d3ae919634876d349,60.14699,24.922,00000000a53ed894,8.38
4470,2019-08-04T12:41:09Z,d0cab2a2660dcc5cb99a9bdf39d2e6b31b7498985db1b50e48cb478d,60.18203,24.91341,00000000342570c2,27.28
4471,2019-08-04T12:41:09Z,d2b1a7ead9aff41a8cb3fff6b7f4ee84a780b52aae2f3838b83447fc,60.16829,24.94214,00000000afef4555,12.69
4472,2019-08-04T12:41:09Z,d3486259a51296194d20e84e88ba4588e37cf48661effba832c33ab0,60.16762,24.95415,000000006b44cce7,16.1
4473,2019-08-04T12:41:09Z,d38e88e5b926f9d1de6e326cca45116fcca11f10684c80876739c6cd,60.16075,24.95883,00000000f1124bca,5.41
4474,2019-08-04T12:41:09Z,d3a37aedae39925bda7da8e4f05a61b85904a00f88e8684006c76351,60.16829,24.94214,00000000afef4555,9.12
4475,2019-08-04T12:41:09Z,d64eda229ebb6012e59bc89eacb74918e404ce52f16b491f3d48e800,60.16897,24.95222,00000000aa852af1,12.69
4476,2019-08-04T12:41:09Z,d87210146aab139cc6640a20b428dce6ac516806a71a177b70e04f62,60.17065,24.93641,000000000f4919c9,6.46
4477,2019-08-04T12:41:09Z,d8f93f7019ced3cf8ccc2946465e8113293e75498092e982fd45bbc5,60.16762,24.95415,000000006b44cce7,23.56
4478,2019-08-04T12:41:09Z,da0c40291d3ace2273a08e3c9b87cbc15b0f03d0dba61e7c5a88dc0c,60.15432,24.9211,0000000019fb59c4,21.87
4479,2019-08-04T12:41:09Z,da39249a4e10c706b90f9484ee61aa801eb91dd4b647e1f0fec07afc,60.16762,24.95415,000000006b44cce7,10.78
4480,2019-08-04T12:41:09Z,da667dfa2d8a272a7398e186de027fabd2052052c0aad767a1c7d966,60.16897,24.95222,00000000aa852af1,23.56
4481,2019-08-04T12:41:09Z,daac051ca20430238282e179e0fe525b11ff1e8f1ace26d45b41f331,60.14947,24.91438,000000004ef3150d,10.78
4482,2019-08-04T12:41:09Z,db6993de0692cf79ab1b8e7d86e4b5832d11f57f026a6eb339f977bf,60.14699,24.922,00000000a53ed894,10.78
4483,2019-08-04T12:41:09Z,ddc8410b9e4ece4b995b789f95e526693bac176ed77092ba57355dc8,60.16762,24.95415,000000006b44cce7,5.41
4484,2019-08-04T12:41:09Z,ddd849ee86afceedd5f5582ede84380d5596c9ea304d634ab0fd0de0,60.16829,24.94214,00000000afef4555,1.88
4485,2019-08-04T12:41:09Z,de09fd8d15c3d7adbf440a3d0a418a3b476513c968bda8a4aa652adf,60.173,24.92524,0000000096918cfa,20.28
4486,2019-08-04T12:41:09Z,de0d086ae32f87522eab31d3bc52545ed17b065889674963c0709568,60.16829,24.94214,00000000afef4555,10.78
4487,2019-08-04T12:41:09Z,de84f754a3916c8f831b0bb8ea41fc2a42cdea2794558fece3c7ae97,60.1538,24.95595,0000000038bf9618,21.87
4488,2019-08-04T12:41:09Z,e02c0f9f72e9f248a4b5df8af328e1a0132d4d8a72c1e603d14cdacd,60.18203,24.91341,00000000342570c2,9.92
4489,2019-08-04T12:41:09Z,e0df847c19b463dec6cea35494d375ce136a276c6a785936c931f60f,60.18203,24.91341,00000000342570c2,23.56
4490,2019-08-04T12:41:09Z,e1a443e10353da64728464e8a720aaf22a62b80d404f1acae1a1c6ee,60.1538,24.95595,0000000038bf9618,17.4
4491,2019-08-04T12:41:09Z,e23a6115ba872037f9b5066c9c9c966b497f449e32a2c9ceb0e55497,60.16829,24.94214,00000000afef4555,7.69
4492,2019-08-04T12:41:09Z,e2d7945f2c60a0d0622aef6a266620cf09df2e3a66baf2d303464c90,60.1538,24.95595,0000000038bf9618,27.28
4493,2019-08-04T12:41:09Z,e306222bf5380fc0470253db978eec9c88dc8f5f5fe2c4cfc159e3c6,60.14699,24.922,00000000a53ed894,17.4
4494,2019-08-04T12:41:09Z,e34bcebfa007159f3d2adb0e62e20fcf721a221f52bdfe2a6ad77831,60.18203,24.91341,00000000342570c2,18.79
4495,2019-08-04T12:41:09Z,e367ab6f69fc4e723df548f2b0b193c7f0c63a55003ee5194e27ca06,60.16629,24.95957,00000000fb7600be,21.87
4496,2019-08-04T12:41:09Z,e3c03ee00a1bcd066f8b260cc5b9824d1118b7b7f972a818752aabc7,60.14947,24.91438,000000004ef3150d,5.91
4497,2019-08-04T12:41:09Z,e3e3bac265ab2713063d7435bf5c7374dfc7dfc647fb677a030a1a49,60.18203,24.91341,00000000342570c2,29.32
4498,2019-08-04T12:41:09Z,e40a26f3f7468f4ac2302b45f1ed9aab7fea245ccf81d0c08072c881,60.16829,24.94214,00000000afef4555,21.87
4499,2019-08-04T12:41:09Z,e447e76c7b53157c11d5bfeb172c27332c81b5ec7f263badf5507888,60.149,24.9843,00000000fffb8cf0,13.75
4500,2019-08-04T12:41:09Z,e4b111abda6e15229c808fb72d5c0c38e2cf3abdbbb62fff5ae48e42,60.16762,24.95415,000000006b44cce7,9.92
4501,2019-08-04T12:41:09Z,e6f4e3d1f5e01888556b077224cb4d8f88d63306fff2388e3fd997d0,60.14951,24.92138,0000000006dd41f6,12.69
4502,2019-08-04T12:41:09Z,e7cd5f775c7eea951719f351fcc25c710f857832d6f4b70a51b7b82d,60.16897,24.95222,00000000aa852af1,17.4
4503,2019-08-04T12:41:09Z,e8edad8445fc4965a5c0eae45906480d83b15e61fc6139c7bdea1e33,60.14699,24.922,00000000a53ed894,20.28
4504,2019-08-04T12:41:09Z,e9115410fa45db5a174eee008cae729dc69937a0e0b5a304899bf1b9,60.17065,24.93641,000000000f4919c9,17.4
4505,2019-08-04T12:41:09Z,e92eb020afcd7c1fad04690230ff8c2f005e404dd25b8dced1df30dd,60.16075,24.95883,00000000f1124bca,7.69
4506,2019-08-04T12:41:09Z,e95415d461b040c869512659bcc843eedf3267c4b029a0b3fab444aa,60.16829,24.94214,00000000afef4555,14.89
4507,2019-08-04T12:41:09Z,e9e19621fc5cfcfed2c808bbadc6cc6dd31e28d3c04cef8b89ca2729,60.16075,24.95883,00000000f1124bca,18.79
4508,2019-08-04T12:41:09Z,eaa9924da1e700147607d5145e2b55b48b65deea922ee2e59bd1d5a7,60.173,24.92524,0000000096918cfa,21.87
4509,2019-08-04T12:41:09Z,eac6fda3a18aa9ce55b6359f5c62a044e0bcd6bc3576c8cd815acf07,60.14699,24.922,00000000a53ed894,9.92
4510,2019-08-04T12:41:09Z,ec350e26364cb676c4cdb72647f039c31e27c775e7bb8973223e5d9b,60.14947,24.91438,000000004ef3150d,18.79
4511,2019-08-04T12:41:09Z,ec424a10bcefb6e69c2eabf42534f06e7a10aa0cfb28f6478052cade,60.14699,24.922,00000000a53ed894,10.78
4512,2019-08-04T12:41:09Z,ef77b04fc57a9781bf581172358ba74cf41e0b2a6ecc8090f99810bf,60.14699,24.922,00000000a53ed894,14.89
4513,2019-08-04T12:41:09Z,efb34de795db6f264e3952a38caeeb1f9639190c609e5af11b12cf58,60.14947,24.91438,000000004ef3150d,14.89
4514,2019-08-04T12:41:09Z,efe8b6c6fdf0d2caccd589aaaa4f0228a80590ff9ec7961f2e92103d,60.16762,24.95415,000000006b44cce7,3.09
4515,2019-08-04T12:41:09Z,f062cb52d49926a4fb39f723275ed60ab6c0f3bf34e0c3f9d233b7b8,60.14947,24.91438,000000004ef3150d,3.4
4516,2019-08-04T12:41:09Z,f20f951802c722181f0e90095001c49e73f84049bb105b95c97049d1,60.17918,24.95141,00000000675d5200,21.87
4517,2019-08-04T12:41:09Z,f2deba4ef84dbbc8c5d8524f6e2311183003bce4f9bfa6aef5b5ef66,60.14947,24.91438,000000004ef3150d,14.89
4518,2019-08-04T12:41:09Z,f2e063c8c25a8bec0dd6ec3924a5f59fd9694078f2f3fd5b3ea96f29,60.16762,24.95415,000000006b44cce7,16.1
4519,2019-08-04T12:41:09Z,f39827c3c7f4c833d1118043492f78e3255b6da9f4a2c000041d9b61,60.16829,24.94214,00000000afef4555,5.41
4520,2019-08-04T12:41:09Z,f3ec2366b51157150674e5ab6293bdb19e0b30ca4296fee4c97b811c,60.14699,24.922,00000000a53ed894,10.78
4521,2019-08-04T12:41:09Z,f5f7cfe177dfb0b7ebba2419ae53f70b6b5690dd98d98586004a9107,60.149,24.9843,00000000fffb8cf0,8.38
4522,2019-08-04T12:41:09Z,f6a88c4482d078d6a1d51eabc04916c6f7566cff4a16fd55f3abdef0,60.16531,24.9442,00000000fdda10fe,18.79
4523,2019-08-04T12:41:09Z,f796c9efc581b25280d4b416f8ba3aecca6ddf083e7bdad05f6e595e,60.14699,24.922,00000000a53ed894,11.7
4524,2019-08-04T12:41:09Z,f7f0caf73572bea3c08b592eeb9655b2668cfb16fd8840ca5619d84a,60.14699,24.922,00000000a53ed894,1.7
4525,2019-08-04T12:41:09Z,f84faae0aa9ce2d1d09d270282dd81033ad1352346128534d8c3fc7f,60.149,24.9843,00000000fffb8cf0,20.28
4526,2019-08-04T12:41:09Z,fa96854324adae88abb35afa34b2393a20338bfd8fc9602d3ce6ae8d,60.14947,24.91438,000000004ef3150d,3.4
4527,2019-08-04T12:41:09Z,fadc39da3cd26ac621092fbbff224b95bb13446c8d24bbf4f3e50e90,60.14947,24.91438,000000004ef3150d,12.69
4528,2019-08-04T12:41:09Z,fc618d570293e104f3bf927312641e3b7c65acce185b1614337d848c,60.16829,24.94214,00000000afef4555,20.28
4529,2019-08-04T12:41:09Z,fd77161cf9715d9d0f922cf45e79e5d9b9debef5113cb32a4f82ef76,60.16762,24.95415,000000006b44cce7,13.75
4530,2019-08-04T12:41:09Z,fe5ca86c906b1cb3bf9dd257ceefc562e41da499878f1074484f7d42,60.14947,24.91438,000000004ef3150d,9.92
4531,2019-08-04T12:41:09Z,feb399897846bc34dc3f4b06ac4ef0ffb0db885977b88e5c5fdb7350,60.14699,24.922,00000000a53ed894,12.69
4532,2019-08-04T12:41:09Z,feef8514003d83f6df23d1f12c4f5c23c5605b684b459e94f0e6e6da,60.16448,24.97323,0000000053c6c2be,29.32
4533,2019-08-04T12:41:09Z,ff4f3e0f964f23b97e88626f7a506bb4409718931712c58ce0f247af,60.16762,24.95415,000000006b44cce7,10.78
4534,2019-08-04T12:41:09Z,ff8280896145ae17e594c52eac2cdbab47d3757d797878fbc4298596,60.1538,24.95595,0000000038bf9618,17.4
4535,2019-08-04T12:41:10Z,002609eccfa6482109fb43966e0153bf6f371425cf715e49925348dd,60.14699,24.922,00000000a53ed894,29.32
4536,2019-08-04T12:41:10Z,07d86ad98399440d0cc3bd3382a7256feb971e49a3686dc17f532e1c,60.16829,24.94214,00000000afef4555,10.78
4537,2019-08-04T12:41:10Z,14c7e1511b70f4dd3359cbece1377aebb4d70531f5489eefe53d7c3c,60.16544,24.95398,0000000038d83d41,27.28
4538,2019-08-04T12:41:10Z,1599d2c9070a6f05e1a5887c2d9209214c04818c6203fe75440734f2,60.1538,24.95595,0000000038bf9618,29.32
4539,2019-08-04T12:41:10Z,16c994bb2e24124a910c247376d16e980a65626a94c4c0aaab27df60,60.16829,24.94214,00000000afef4555,23.56
4540,2019-08-04T12:41:10Z,211f6b7b044343d0be369791b3fa3c144d0d0f391e2a42787712efb0,60.16448,24.97323,0000000053c6c2be,14.89
4541,2019-08-04T12:41:10Z,25a7ff811c3c06e426c7c2cbb0433d9a2a3399b23afecbd35584ab0f,60.18203,24.91341,00000000342570c2,13.75
4542,2019-08-04T12:41:10Z,2d3d031189abfaea69cd551a97b2b2d056a908f19bc56701010a2304,60.16897,24.95222,00000000aa852af1,14.89
4543,2019-08-04T12:41:10Z,2d407793ce0a0290a87debe672b1af2af93c687ca83668e17fb0ce63,60.14947,24.91438,000000004ef3150d,7.69
4544,2019-08-04T12:41:10Z,315af4a829b592ba99b203b8ed2cbd499769f8752dfe6de7da4ee929,60.16829,24.94214,00000000afef4555,13.75
4545,2019-08-04T12:41:10Z,3b5cafe90982db26cf737b2e4cd4275276f6a031bca3b2a1f73023b2,60.14699,24.922,00000000a53ed894,16.1
4546,2019-08-04T12:41:10Z,3fe84a5a1e657df8910685df3a8cf779a6ebc3362fbc8e578f235ee4,60.15432,24.9211,0000000019fb59c4,14.89
4547,2019-08-04T12:41:10Z,43b676ed3aef4c2d8846694817e76117873be52e7f788e0cb366c1c4,60.16629,24.95957,00000000fb7600be,27.28
4548,2019-08-04T12:41:10Z,44d0b94469070803869f229601e877beb613c3f5aafa009addf97a1a,60.16544,24.95398,0000000038d83d41,18.79
4549,2019-08-04T12:41:10Z,44f1947d0640fa977e6056a6b644c7fec2930ccd7ba2750d71429f00,60.16544,24.95398,0000000038d83d41,33.81
4550,2019-08-04T12:41:10Z,4656bad9b5e6dfc3977eca308fc1db3dbf8b0204b90d09b001da242e,60.1638,24.96846,00000000d747f075,27.28
4551,2019-08-04T12:41:10Z,4a1efc9faf9548fe0ed72037d54a131265a72e61fdfc2009a4e9408a,60.16075,24.95883,00000000f1124bca,18.79
4552,2019-08-04T12:41:10Z,5d65719c4cbf045f068d084b72302f447d5fd034413d97d13be00d0e,60.18203,24.91341,00000000342570c2,21.87
4553,2019-08-04T12:41:10Z,5eed115a984d490b02b602d73787aee8dc8c4e9365b77fbff3818a76,60.16629,24.95957,00000000fb7600be,20.28
4554,2019-08-04T12:41:10Z,69219e9efa41ae9e732653e9eaf08e1a34cb853a9dafe76ddeea4d04,60.16897,24.95222,00000000aa852af1,20.28
4555,2019-08-04T12:41:10Z,6a70e2fbced719333e21eff04fcb9cb36bae9a04d1a3d6ddd96f2c58,60.15432,24.9211,0000000019fb59c4,8.38
4556,2019-08-04T12:41:10Z,70d8572458a1a103555bab897b6443e601e0ed211414b15ad0b56f60,60.16544,24.95398,0000000038d83d41,23.56
4557,2019-08-04T12:41:10Z,737efc92e3419e9d96a8559ec341ea7e18ba6381fd8e4de3d06f82a0,60.14699,24.922,00000000a53ed894,18.79
4558,2019-08-04T12:41:10Z,7678cdb86d454ca9ae52f22d97e635106585a3a046d01da4463695cc,60.18203,24.91341,00000000342570c2,14.89
4559,2019-08-04T12:41:10Z,79f136afa0dd8717337c01c70b457c464aaf0fa25b440f51a394ec23,60.16762,24.95415,000000006b44cce7,13.75
4560,2019-08-04T12:41:10Z,85ef35aecf2ff804be3d958b592705ec41c6df9c128c132c65bb283d,60.16897,24.95222,00000000aa852af1,18.79
4561,2019-08-04T12:41:10Z,87dfaad29a9276ddddb1fa021d3bc23ad14824c1af16f7d87e713689,60.14951,24.92138,0000000006dd41f6,21.87
4562,2019-08-04T12:41:10Z,88808fe92573e9cdf022cc15b9689b6b4b9429f60513c8897b0ba4c7,60.16897,24.95222,00000000aa852af1,23.56
4563,2019-08-04T12:41:10Z,89982a6acf91b79a282a6b63978e946ee205f303fcd20e944e06baf0,60.16544,24.95398,0000000038d83d41,18.79
4564,2019-08-04T12:41:10Z,8c75c3289c84fe4493e1e272a77b615fe1985880c5dc68a7c1a17b53,60.16762,24.95415,000000006b44cce7,13.75
4565,2019-08-04T12:41:10Z,9843c6216661048343a0e49cf3d8aa2883cf77f452666a1c873a1052,60.16448,24.97323,0000000053c6c2be,13.75
4566,2019-08-04T12:41:10Z,9fc0711d7e7722eff7faa0cb6f17846680c06515c1eb93dd49ebcf25,60.14699,24.922,00000000a53ed894,16.1
4567,2019-08-04T12:41:10Z,a8f8130135c784b027355228017bbfe99e5a6eecec153d44b78bedd3,60.16829,24.94214,00000000afef4555,11.7
4568,2019-08-04T12:41:10Z,acd2647d413f41552b31b6e383da445c8902bc2a764d2b7791a7b164,60.16762,24.95415,000000006b44cce7,11.7
4569,2019-08-04T12:41:10Z,b33ae7715d6d2571066655c2c8954a5a364b5601869047de83410d9f,60.16629,24.95957,00000000fb7600be,29.32
4570,2019-08-04T12:41:10Z,b5fd6b317890e5ab2d79e2cd1abe61626d45a753c7337d0d40728898,60.16762,24.95415,000000006b44cce7,9.92
4571,2019-08-04T12:41:10Z,bb98768dad0f7c52cf643f035a3e7e48f5cfe28557c66f2a75914b31,60.14699,24.922,00000000a53ed894,20.28
4572,2019-08-04T12:41:10Z,bca443064699e0ac05c40e587aef06d7fd580817e739133a501490bc,60.14699,24.922,00000000a53ed894,20.28
4573,2019-08-04T12:41:10Z,bcb0201b0a1edf350ae2f681076e7d2d48ebd94c075bd3ca59552020,60.16897,24.95222,00000000aa852af1,12.69
4574,2019-08-04T12:41:10Z,be41ebc5fb0d348fc1ef1166d44251c3112a78a4ea01aa980364ee7c,60.14699,24.922,00000000a53ed894,14.89
4575,2019-08-04T12:41:10Z,c0cdd4e99cf9447e490b5cbd5e7513df9acfcbabb8bd5117c4731512,60.16075,24.95883,00000000f1124bca,12.69
4576,2019-08-04T12:41:10Z,c97eb4181394121907d47b908495f54e5ee5145ff790f7a1dc21b3cf,60.16897,24.95222,00000000aa852af1,12.69
4577,2019-08-04T12:41:10Z,ca6927628f5ddda20036865c9345ad93d476d62ade3b181de568eed6,60.16897,24.95222,00000000aa852af1,20.28
4578,2019-08-04T12:41:10Z,cf05623e4d87ce0906c0b0b7dbf53aacc1228016cd27c341228b6e76,60.18203,24.91341,00000000342570c2,18.79
4579,2019-08-04T12:41:10Z,cfc0bedb78ded52749db3188cb188bf6a250ef5990da9c5afa9623fc,60.14951,24.92138,0000000006dd41f6,21.87
4580,2019-08-04T12:41:10Z,d568a92135fd8619da42f2038266f4922d5b6d48fe1c5f9490d39f30,60.14947,24.91438,000000004ef3150d,17.4
4581,2019-08-04T12:41:10Z,dcaa88e5d510f572877286b8ba0663428b2d71a50b6630460009c779,60.14947,24.91438,000000004ef3150d,4.11
4582,2019-08-04T12:41:10Z,dcb7e8bb90af70568c12a902d706c70e1ac1213e31ba074756f0a27a,60.1538,24.95595,0000000038bf9618,41.64
4583,2019-08-04T12:41:10Z,ded49640b591e73bff71f84fb99d2739eb6c9554164a015017725e03,60.16829,24.94214,00000000afef4555,16.1
4584,2019-08-04T12:41:10Z,e8690c2d1711bc10f2d1251a3b5b1e770b98c66c384760400c604de1,60.16829,24.94214,00000000afef4555,18.79
4585,2019-08-04T12:41:10Z,e8e366e76c97944e23c0f80b4fd3ce6e5832744922297146a49f0c7e,60.16762,24.95415,000000006b44cce7,9.92
4586,2019-08-04T12:41:10Z,e96bd269a48b822b06141c3362fcb6d5ed4d0d09a120f2e4a712d5c2,60.16897,24.95222,00000000aa852af1,11.7
4587,2019-08-04T12:41:10Z,ed70dda6b7faebd4340dacdb452ab224d9d3c308df417b7fa76f54e8,60.14951,24.92138,0000000006dd41f6,25.36
4588,2019-08-04T12:41:10Z,eee5797db5c3753514933a12e2485caee4ee5803b4d830ba1c22e5c5,60.14947,24.91438,000000004ef3150d,11.7
4589,2019-08-04T12:41:10Z,f088630d7476dae7d4b7e2bb1f10575f2c89acb4b6e061f3d57c2b40,60.16531,24.9442,00000000fdda10fe,20.28
4590,2019-08-04T12:41:10Z,f29ea15113ac0eea0be8ec41c633909de4b0b9ab6c7b9898b128080c,60.16897,24.95222,00000000aa852af1,14.89
4591,2019-08-04T12:41:10Z,f6609ab1076b1105bb845595a03b41b8fbb282f79c337df5bbc9f841,60.14699,24.922,00000000a53ed894,9.92
4592,2019-08-04T12:41:10Z,f94dddacf96965952551200a02b41925bcd21402aceafb12f19931af,60.16075,24.95883,00000000f1124bca,25.36
4593,2019-08-04T12:41:10Z,fc4f3a44235f1cfc7b53f14ba2da599976a5a0a220d23b852688e485,60.17919,24.95181,000000007b5207b6,20.28
4594,2019-08-04T12:41:10Z,009ad4cd2bd97e04da44cc9789e6bdbdb899eded61d05b7d5634b7be,60.16829,24.94214,00000000afef4555,3.74
4595,2019-08-04T12:41:10Z,00bdb07c0f4f75c71196362c269c9f652c66cf7d3f3c2d89843af063,60.16629,24.95957,00000000fb7600be,17.4
4596,2019-08-04T12:41:10Z,017a141d3e3811f35ced343c0b6d13a99f60c79d17afffa0cf0dd3b9,60.14699,24.922,00000000a53ed894,20.28
4597,2019-08-04T12:41:10Z,02172bbdc08d024411814becfafbfd35ab95a00c0df186a2df14f9df,60.16762,24.95415,000000006b44cce7,9.92
4598,2019-08-04T12:41:10Z,032e5d7621738a50c9e742e0cba13c819f7c67cedf8687f3ab25595c,60.16762,24.95415,000000006b44cce7,16.1
4599,2019-08-04T12:41:10Z,036c183505fea646b54aeb0c612913cafba94eca65e47d3c6d840a68,60.17919,24.95181,000000007b5207b6,12.69
4600,2019-08-04T12:41:10Z,0413805762399525f916572e0de4852c934500b4a8465ac67a535d41,60.16762,24.95415,000000006b44cce7,12.69
4601,2019-08-04T12:41:10Z,04b5d29c48edaaf4904a98e412562e3c0d857eb20342cc7c323d4293,60.16762,24.95415,000000006b44cce7,7.69
4602,2019-08-04T12:41:10Z,04f35922a81b516e7028f61c6ff34faf6da85df0a5cfcefb6df1861f,60.149,24.9843,00000000fffb8cf0,20.28
4603,2019-08-04T12:41:10Z,05d441c83d2df822feaf93d7861452db7a201f22d84cfa36f421dfd2,60.16544,24.95398,0000000038d83d41,13.75
4604,2019-08-04T12:41:10Z,0638ed176f2a4b17c11bae92240575c9305f4bc21592a476b3106be4,60.16762,24.95415,000000006b44cce7,17.4
4605,2019-08-04T12:41:10Z,076c28c1895ef1919c11113113c12655c546fc90a00800e5ebec5b56,60.14699,24.922,00000000a53ed894,9.92
4606,2019-08-04T12:41:10Z,0851ab74be2e888decf0046825f09ed302f7b2275e72b09b5b713d85,60.16829,24.94214,00000000afef4555,7.69
4607,2019-08-04T12:41:10Z,0947f9d6bb6c34e382e008052b704b6521ac4f7678a2e8a719bb574b,60.15432,24.9211,0000000019fb59c4,20.28
4608,2019-08-04T12:41:10Z,09e6b7d5a7a9e691d686fb405bc2bfe0c9e5d525b47385d9235575e3,60.16897,24.95222,00000000aa852af1,36.27
4609,2019-08-04T12:41:10Z,0a0acb70a8ef92be52a64d4425e70bb2f7a17d13942c3382c9d68878,60.149,24.9843,00000000fffb8cf0,3.09
4610,2019-08-04T12:41:10Z,0a5ed50daf13dd10744537aa851ac7ab1d34d9797ec6ab6e2402aebb,60.16762,24.95415,000000006b44cce7,12.69
4611,2019-08-04T12:41:10Z,0a862920946d7a0dcbee7c1cf28a7b77c57763261788dbd361ed6409,60.14699,24.922,00000000a53ed894,14.89
4612,2019-08-04T12:41:10Z,0aabf0df4c3c5b45bb8950c92dbe624985f19e8650ed61f92571a65a,60.14699,24.922,00000000a53ed894,3.4
4613,2019-08-04T12:41:10Z,0acb4bd7319729fea4acf035921d1136d86a307a60b4444669cede1a,60.14699,24.922,00000000a53ed894,8.38
4614,2019-08-04T12:41:10Z,0b0dd9af9d52c68ff71ce266d6707abbb0f56c3c63be0f83f7b5df9b,60.16762,24.95415,000000006b44cce7,6.46
4615,2019-08-04T12:41:10Z,0bff251f683fe3bcebc305ef3e1bc5aef303d51c6a9bb0fb62b7d9c7,60.18203,24.91341,00000000342570c2,21.87
4616,2019-08-04T12:41:10Z,0c905239b8c0e14cba671cf4d4d715d1045a30ee62a6285fb489dbb0,60.16829,24.94214,00000000afef4555,25.36
4617,2019-08-04T12:41:10Z,0d0e661499ff245b29cce6a0bee9d4716c35738590a43b289dbfbe0e,60.1538,24.95595,0000000038bf9618,21.87
4618,2019-08-04T12:41:10Z,0d3525b13d674f1645fdbe6d842fe37b2f416889c5472e9dfcc5445c,60.14947,24.91438,000000004ef3150d,4.94
4619,2019-08-04T12:41:10Z,0ecb9fa252a23e2ce9bab8f0405a1e070643ddab733b0bd6dde9f1f9,60.14699,24.922,00000000a53ed894,27.28
4620,2019-08-04T12:41:10Z,0edfab64a80649c1b0b39aec3f774c4eab39a95d487fb651e1dc3329,60.16762,24.95415,000000006b44cce7,21.87
4621,2019-08-04T12:41:10Z,10a99e791e27975dc1c9d73d3163cabacf3bd7bd05a4f7abf6365426,60.14699,24.922,00000000a53ed894,18.79
4622,2019-08-04T12:41:10Z,10caaea8002e8b3b342b32710efdd7305ff375ca1cdc01411f66b2f6,60.14699,24.922,00000000a53ed894,5.91
4623,2019-08-04T12:41:10Z,119268a2b328b466959e99158efc17d07641daf2eab0785f813707f9,60.16762,24.95415,000000006b44cce7,9.92
4624,2019-08-04T12:41:10Z,11e86e782e9a7e18c01d0e60c9e85ea62294fb426a4c81b86c8bb8f8,60.17002,24.94407,000000006b087f40,18.79
4625,2019-08-04T12:41:10Z,120a63917cb5ab619bf9a71328f14020736ee84e75d5b37278748def,60.16897,24.95222,00000000aa852af1,12.69
4626,2019-08-04T12:41:10Z,12bf044abd7bbc406ad00d85c23d66d7464c84745bdcc47827185b3a,60.16897,24.95222,00000000aa852af1,16.1
4627,2019-08-04T12:41:10Z,13bcedb8c59b26417282929d81844b272c7c5bc295614f531219a8e4,60.14947,24.91438,000000004ef3150d,7.05
4628,2019-08-04T12:41:10Z,13ee67fb034e3d24edc9a9618e9d6de24979ebbcb399f83abb02a897,60.14699,24.922,00000000a53ed894,4.5
4629,2019-08-04T12:41:10Z,1423891c6ee1edc7da83904378a35aef2e5797db95b117651d676934,60.16762,24.95415,000000006b44cce7,1.25
4630,2019-08-04T12:41:10Z,1496ce9cf373a2a508a8ab0b7aa0604dd889fd69483881c3752219af,60.14699,24.922,00000000a53ed894,17.4
4631,2019-08-04T12:41:10Z,161aa798c2a18e132fb27ecded773218ea4e42eabbd0e5794b1d7017,60.15432,24.9211,0000000019fb59c4,5.91
4632,2019-08-04T12:41:10Z,1769031b7f4d75de0541e26427b9ecc92c84b80992e3b36bb8eb799e,60.16829,24.94214,00000000afef4555,12.69
4633,2019-08-04T12:41:10Z,17af6ab252328066d6b13406084507dfa7a7f6db3030872e7f87223d,60.17065,24.93641,000000000f4919c9,17.4
4634,2019-08-04T12:41:10Z,1882b53729765cca25bc63400074242872d6fbc57882f131285b277f,60.16829,24.94214,00000000afef4555,17.4
4635,2019-08-04T12:41:10Z,194e6ced97ec114a37fe06d6d73fb687c057d411be476f1ea6f4852e,60.16897,24.95222,00000000aa852af1,21.87
4636,2019-08-04T12:41:10Z,19e53513589dcba5028a4b34911362f7371db2323ba85afdee89638d,60.14699,24.922,00000000a53ed894,18.79
4637,2019-08-04T12:41:10Z,1a93dfa31156cee53b4bd527d8b74655a5da812b6933d8a86d871e47,60.14947,24.91438,000000004ef3150d,6.46
4638,2019-08-04T12:41:10Z,1b3fba902b8d1538b508cdc228fd15fdd87f5aecb68e5611b1a4e354,60.16762,24.95415,000000006b44cce7,3.4
4639,2019-08-04T12:41:10Z,1bcef866fafad7c7460a084e0b0d27c087b549f4ae704390708be47e,60.149,24.9843,00000000fffb8cf0,8.38
4640,2019-08-04T12:41:10Z,1dacfb371d75dd4f90f447aac2a00faad98beb4188a6971c19eb2375,60.16629,24.95957,00000000fb7600be,27.28
4641,2019-08-04T12:41:10Z,1de29ffd9360fbbeaef5c65201b5536524df17375122c5d2462b37ca,60.14947,24.91438,000000004ef3150d,14.89
4642,2019-08-04T12:41:10Z,1e24a2120b13c780dbb3a67a73f5058d1847f126fd5f5952e6dddcd3,60.16075,24.95883,00000000f1124bca,27.28
4643,2019-08-04T12:41:10Z,1f74037ecab4dbdc5db1a8dc8b583a86630f86a5f2d0a5167b7fa605,60.18203,24.91341,00000000342570c2,21.87
4644,2019-08-04T12:41:10Z,1f81ed7274add201d3059d4a37e2bbe86b6ae1f0fd42a16d7b8dccaa,60.14699,24.922,00000000a53ed894,17.4
4645,2019-08-04T12:41:10Z,1faaaeff6423708e06d94b904af4be93e399939fbdfd3b3091dc8bd2,60.15432,24.9211,0000000019fb59c4,14.89
4646,2019-08-04T12:41:10Z,203a0c145a43c9a18f8c2a5ba4e18882e7430662bb4ac0e56ab37578,60.17065,24.93641,000000000f4919c9,12.69
4647,2019-08-04T12:41:10Z,203ea7cefd45873084263df2b0f41ad7b2e8878222fb6a53c263c534,60.16829,24.94214,00000000afef4555,8.38
4648,2019-08-04T12:41:10Z,20540117d73bd2543c3dd0c9204fbd1be4534b10622455858f8531b8,60.16829,24.94214,00000000afef4555,20.28
4649,2019-08-04T12:41:10Z,20ac7b2ace7c0038aa8df01b9281a9c54f1551fc8ab9b662b1f1ca22,60.18203,24.91341,00000000342570c2,17.4
4650,2019-08-04T12:41:10Z,21bdc11bb63fb48c9d4b5308540ee5df579c9a385001a10fceeeedf3,60.14699,24.922,00000000a53ed894,27.28
4651,2019-08-04T12:41:10Z,21eb94b10f042f4f21566d3ee27d800fb6d899071739c0c5c1fa7af0,60.14699,24.922,00000000a53ed894,18.79
4652,2019-08-04T12:41:10Z,21eed3ade733687b8f56fade8290819b7c6b4a9f38468979fe692c3e,60.16762,24.95415,000000006b44cce7,9.12
4653,2019-08-04T12:41:10Z,2204ba387d2db0e7d2ca03f7ace46abff8d141668b73c75a1879d7ba,60.14947,24.91438,000000004ef3150d,2.8
4654,2019-08-04T12:41:10Z,2271cbccbcce28d3d0757d9a964f67df1a523b81d97355dc543dd848,60.16897,24.95222,00000000aa852af1,8.38
4655,2019-08-04T12:41:10Z,22fe9a06fba1036e8eafd726bc450095b1893be067f475e1882bb704,60.14699,24.922,00000000a53ed894,7.05
4656,2019-08-04T12:41:10Z,231026899a6d5b326cb5b1e38b182ca1acb77c7e27bc2378973b29db,60.16629,24.95957,00000000fb7600be,10.78
4657,2019-08-04T12:41:10Z,23337c2812924a07e4f0bbc92e56d1f85ea40208b6b987f4afc686cf,60.16897,24.95222,00000000aa852af1,14.89
4658,2019-08-04T12:41:10Z,244b51aa4a7059ba782925258111c295aa4de9596025c55ccd5580ac,60.16829,24.94214,00000000afef4555,14.89
4659,2019-08-04T12:41:10Z,250f7cf6c6d1296e84c45fb8621a0704eb5243471980b5187dc40cdd,60.14699,24.922,00000000a53ed894,23.56
4660,2019-08-04T12:41:10Z,257206d3f59df5c426a9c735f4741cba6d792de1cbafe62289d383d7,60.16897,24.95222,00000000aa852af1,18.79
4661,2019-08-04T12:41:10Z,2607d1b2fc6e31a80348fffbed68a7d3a8e0212f197f2d1c573c587b,60.14947,24.91438,000000004ef3150d,3.4
4662,2019-08-04T12:41:10Z,26446b74d2d7b573cafeb665dbef395a1091dfa51b51cdf114690e72,60.14699,24.922,00000000a53ed894,18.79
4663,2019-08-04T12:41:10Z,269124e75b1e74a7c7dc93b778e02f04d0a53e069a90081c0938ee4c,60.14699,24.922,00000000a53ed894,14.89
4664,2019-08-04T12:41:10Z,27d4452dcae7c8e389fc21669cb3ccaedac87d45d4b1a50131c939e4,60.16762,24.95415,000000006b44cce7,12.69
4665,2019-08-04T12:41:10Z,28d2c3282e9f8fec67baec7992dcd800c45b67071e33cb118905a6b3,60.16829,24.94214,00000000afef4555,5.91
4666,2019-08-04T12:41:10Z,2969cdb120f2d285c556abfe5bac2f8090571f61aba227a474a534d2,60.17065,24.93641,000000000f4919c9,25.36
4667,2019-08-04T12:41:10Z,2b9b246647a57878b7a18e94ce4a9117d0c595020ff1b8fa27988756,60.16897,24.95222,00000000aa852af1,33.81
4668,2019-08-04T12:41:10Z,2e2f4d1ad9ddc47800b58bfd6c1f08de22fdaa2157ec5f3f817246bf,60.16448,24.97323,0000000053c6c2be,18.79
4669,2019-08-04T12:41:10Z,2e86f9a432e00fa6ff5b8744ffecbe22a02b4316779bc8b4078af2e2,60.149,24.9843,00000000fffb8cf0,20.28
4670,2019-08-04T12:41:10Z,2ee2e108ed9051b1ccf4d3ee89931dfd53170af0b558fa6579b83e8d,60.15432,24.9211,0000000019fb59c4,23.56
4671,2019-08-04T12:41:10Z,32708990f2c831e65f70f2682baf5188fc93348b9a9e78ada8db2bf4,60.14947,24.91438,000000004ef3150d,5.41
4672,2019-08-04T12:41:10Z,32f77f5019e5fce30881c214487361e2e34b8c93277f6e546de72012,60.1638,24.96846,00000000d747f075,29.32
4673,2019-08-04T12:41:10Z,33634cb1e3fc5d4a621e8717d203da8533ed27531a70c6cbe3abf3fa,60.16762,24.95415,000000006b44cce7,4.94
4674,2019-08-04T12:41:10Z,33ec502792a84f23fed03cf16e483d153c65e2850a2549f47034726a,60.16762,24.95415,000000006b44cce7,17.4
4675,2019-08-04T12:41:10Z,34fddf0f4ea194b9720451d11a9de76225577536681d4f4b0a00b860,60.16829,24.94214,00000000afef4555,16.1
4676,2019-08-04T12:41:10Z,352427714fc6e8591df6bd227dde05d3b7ba0881742eee4ae750dcc4,60.15432,24.9211,0000000019fb59c4,13.75
4677,2019-08-04T12:41:10Z,358d7986d5bf2a0624fb1412a157b3c7b12f90653457e15a76bbdf50,60.16629,24.95957,00000000fb7600be,31.5
4678,2019-08-04T12:41:10Z,35a958343879c000cfc3f0c01afbc7d54934265828677bf4aefef84f,60.14699,24.922,00000000a53ed894,12.69
4679,2019-08-04T12:41:10Z,35e6e075578d7a51e510bf8904bde33f1d117264eea0917db98d4808,60.16897,24.95222,00000000aa852af1,16.1
4680,2019-08-04T12:41:10Z,36f876050503d244f74f3cbadcef716904eb2b245190d474b0cfa794,60.16762,24.95415,000000006b44cce7,5.41
4681,2019-08-04T12:41:10Z,3721331dbb97151d17938ed835ffc7208eba26fba6100c62870a3a4f,60.14947,24.91438,000000004ef3150d,3.09
4682,2019-08-04T12:41:10Z,37945fa4e7409fab98aa8bde45081f5bd083def0059485274ad552c0,60.17919,24.95181,000000007b5207b6,7.69
4683,2019-08-04T12:41:10Z,38e15f5aeb58c22ca456fc4d3a14f3b4d9f1fac43de070d2565eb1d3,60.16897,24.95222,00000000aa852af1,17.4
4684,2019-08-04T12:41:10Z,39f03a3a5fd777feee270921a7f51daec12ea679b542b0aaf2e808d7,60.149,24.9843,00000000fffb8cf0,23.56
4685,2019-08-04T12:41:10Z,3a6ce73ea4c03a14fc0d3d099e4698d3c1051a2e8e4bd552d5de394d,60.14947,24.91438,000000004ef3150d,4.11
4686,2019-08-04T12:41:10Z,3b73bf57d223bcb9b930ee8619e6603e52485b221389c64d85614baf,60.16897,24.95222,00000000aa852af1,4.11
4687,2019-08-04T12:41:10Z,3be48824225ca9f2aea5653f6ce21181a76e67a8d4b8361f0cba1f8a,60.14947,24.91438,000000004ef3150d,1.88
4688,2019-08-04T12:41:10Z,3e4965f1ed580ddf80246b1b78cbc55b73c11d67573d9cede2a7ccf7,60.16829,24.94214,00000000afef4555,16.1
4689,2019-08-04T12:41:10Z,3ea5c91c32a318cb798767914dd025c2791a8c19e81c10c22f649247,60.18203,24.91341,00000000342570c2,17.4
4690,2019-08-04T12:41:10Z,3ec0a34310840b3aa1aa32a3f2bffbe426e91a242dc6eb5c1e86bba7,60.16448,24.97323,0000000053c6c2be,21.87
4691,2019-08-04T12:41:10Z,3f395809cdaaaa1688c7d1cc770079bbf7ef1349e148bec5c8eacd57,60.16762,24.95415,000000006b44cce7,5.91
4692,2019-08-04T12:41:10Z,3ffe89aa6ab1e57883e21fa8f15969f46a5f487bccb2b993eadb3cfb,60.14699,24.922,00000000a53ed894,11.7
4693,2019-08-04T12:41:10Z,4157eed3f2574f5f9b1f7c3ccc1c36e181e82585ec5d491a1aedc6c9,60.16762,24.95415,000000006b44cce7,17.4
4694,2019-08-04T12:41:10Z,42052b48fa907a3f9ad0a511096b057331f7a11a1be046a63fb9629e,60.14699,24.922,00000000a53ed894,17.4
4695,2019-08-04T12:41:10Z,42168beaa0acd47be6bf8e4209edb348c9d27b18517c7420d454a24f,60.17065,24.93641,000000000f4919c9,20.28
4696,2019-08-04T12:41:10Z,429295e322e9f143f79e9a6340e4974858aa9aa2f5ed6e8512dd00cd,60.14699,24.922,00000000a53ed894,17.4
4697,2019-08-04T12:41:10Z,42d4eb6044091814f327d0b01dc9ae701506417af1a8ab7f4161650d,60.14951,24.92138,0000000006dd41f6,11.7
4698,2019-08-04T12:41:10Z,42da4298ed9f522421f17714e024d9b8fe22e7546df3deeb8b139bd3,60.16075,24.95883,00000000f1124bca,7.69
4699,2019-08-04T12:41:10Z,431375be6b9405ef55878f3aa0bb5dd6a35db8ba650a2bce05081c49,60.14947,24.91438,000000004ef3150d,4.11
4700,2019-08-04T12:41:10Z,436df7106ce19510536cf507d8939633784f67da2f872970e0d3ba43,60.16829,24.94214,00000000afef4555,21.87
4701,2019-08-04T12:41:10Z,4533d27e96c5c6637ddff4243672d658fea4004970652882357105a9,60.14699,24.922,00000000a53ed894,12.69
4702,2019-08-04T12:41:10Z,457d11209b95b153efb57d8f2641f2db0823e91a0d608fa0555a5b69,60.14699,24.922,00000000a53ed894,7.69
4703,2019-08-04T12:41:10Z,459ee564ad7aca128b70ae089395378da384eb1ff35cefde7d7f5736,60.16829,24.94214,00000000afef4555,27.28
4704,2019-08-04T12:41:10Z,4602ff9d03f6bf4fbb82976098cc1c73e7a7e754050401c772d1406e,60.14947,24.91438,000000004ef3150d,17.4
4705,2019-08-04T12:41:10Z,461e0551aa738d3a13f45df2db888c35e83791fa9e61452030a37335,60.16762,24.95415,000000006b44cce7,29.32
4706,2019-08-04T12:41:10Z,467a01a257fbaad22bd4aebafc8f284c9ad3effc429475e57c214e9d,60.14699,24.922,00000000a53ed894,16.1
4707,2019-08-04T12:41:10Z,47b8aba771bed6ec3a7d57932c44fe859bcf6300054b3acc9d885105,60.14947,24.91438,000000004ef3150d,8.38
4708,2019-08-04T12:41:10Z,47bc9ff9097f9ef5f1862e48b4a42f6a9ddd30c4ef2b6eb43291a7a5,60.14699,24.922,00000000a53ed894,14.89
4709,2019-08-04T12:41:10Z,48d0a198e7445da9f7df3cb2cedef7dc861fe850deff789f6ad61d36,60.14947,24.91438,000000004ef3150d,10.78
4710,2019-08-04T12:41:10Z,48f665ebb1a71b0d84fc02bd71918c5ab5608328db534639cbd2a255,60.14947,24.91438,000000004ef3150d,8.38
4711,2019-08-04T12:41:10Z,4a565a7be2bb822523480c6ca86154a466bf189290f87a0ef118f8b7,60.149,24.9843,00000000fffb8cf0,23.56
4712,2019-08-04T12:41:10Z,4b1050cc517631e36206d3528399c0b14748daec8c7d1b5dfa412299,60.15432,24.9211,0000000019fb59c4,9.92
4713,2019-08-04T12:41:10Z,4b85388cdaec2b4c15b546160ee326d9668a5e5d3c7b08d0c539946e,60.17918,24.95141,00000000675d5200,13.75
4714,2019-08-04T12:41:10Z,4be50f3eb033f3f46e3069049c8e0a34dc8a2607741c1764369ba4c2,60.16762,24.95415,000000006b44cce7,7.69
4715,2019-08-04T12:41:10Z,4cadc8cc23fd84febb6a8383030a34c97b3388a8c9ed7a64cc0f51a6,60.14947,24.91438,000000004ef3150d,21.87
4716,2019-08-04T12:41:10Z,4d35f03f4cb1cd21fbb173af8af5be5e233c63882fda53232da315f0,60.14699,24.922,00000000a53ed894,18.79
4717,2019-08-04T12:41:10Z,4d7150fb2eb8468dc51f12b2de4a3610a7eb79c7352449ed92531f0e,60.1538,24.95595,0000000038bf9618,29.32
4718,2019-08-04T12:41:10Z,4ebdb6165c5d4892cdc21711313b98b1545bececfb886192c6f0ef22,60.16762,24.95415,000000006b44cce7,7.69
4719,2019-08-04T12:41:10Z,4efc969b8b738c051c221bf9d7829089b44cec23dd378fd86e7fb8be,60.173,24.92524,0000000096918cfa,25.36
4720,2019-08-04T12:41:10Z,4f4940c5c77737c5b8f2fbd5a1b65886ea5f6e0e4fcd50447e11ce21,60.16075,24.95883,00000000f1124bca,7.05
4721,2019-08-04T12:41:10Z,50e21d119f102cee2afe3ac7f1a32032527638769b05aca582d6ecb1,60.16762,24.95415,000000006b44cce7,20.28
4722,2019-08-04T12:41:10Z,514a3981fad6c695ac4940f09374b5d1c2e84d2ca835084ef8707714,60.16075,24.95883,00000000f1124bca,6.46
4723,2019-08-04T12:41:10Z,51b3c7870a399165f0d1d14f7d21688df32b0360f9cc6f3ca61890d8,60.16829,24.94214,00000000afef4555,10.78
4724,2019-08-04T12:41:10Z,52072bd384eaaf4a6958af5510ed039d194dee47f34667bc7bccbe0e,60.14699,24.922,00000000a53ed894,6.46
4725,2019-08-04T12:41:10Z,5263c8fd413ee308494f18228802330e278acc648b425bb454951db5,60.16075,24.95883,00000000f1124bca,4.11
4726,2019-08-04T12:41:10Z,5274280f7558ea562d9ce825000efc025d2de6b91c62614cb68df2b1,60.14947,24.91438,000000004ef3150d,20.28
4727,2019-08-04T12:41:10Z,52939581c6c8dd3407dbf44ea9e90471e4bbadfb7e3740a0ba8324f3,60.14699,24.922,00000000a53ed894,10.78
4728,2019-08-04T12:41:10Z,52f0e69ca7a5cebe604c1f32308dc7f8870d1d85cd4b25ad17f706e9,60.14699,24.922,00000000a53ed894,12.69
4729,2019-08-04T12:41:10Z,53f1f84f2f1f0ea7eb59dd269d86fae99cc25ee089a48f249de1aaec,60.16897,24.95222,00000000aa852af1,16.1
4730,2019-08-04T12:41:10Z,552e7d20be831c5ebfa503ba78ed542d6ece4ecad264308d5dc37a31,60.14699,24.922,00000000a53ed894,21.87
4731,2019-08-04T12:41:10Z,5554305bad43a71cf98d83e92708c7474c1efc189392c1ea94231e9c,60.16531,24.9442,00000000fdda10fe,3.4
4732,2019-08-04T12:41:10Z,560205233dc9b13886248fb6e54ee21dc3b287080072641e01e08dac,60.16075,24.95883,00000000f1124bca,20.28
4733,2019-08-04T12:41:10Z,5636d9760f1eac9d5d050497d7084fd61a92d5d108695a9023769ac4,60.16629,24.95957,00000000fb7600be,29.32
4734,2019-08-04T12:41:10Z,56b8eace741e5227a40ea0a64601a737648080c63d6240b0dca632c4,60.16075,24.95883,00000000f1124bca,14.89
4735,2019-08-04T12:41:10Z,570dc61d53aec66ede39dfde66339640878453afc00cd1a55c60bca7,60.16544,24.95398,0000000038d83d41,14.89
4736,2019-08-04T12:41:10Z,571934189bf349efb6f596e76c21612cf9b82ed44913090169936048,60.17065,24.93641,000000000f4919c9,13.75
4737,2019-08-04T12:41:10Z,571e65d939060a58396de22fc44d8842fc9de986824670ad765ec596,60.16762,24.95415,000000006b44cce7,12.69
4738,2019-08-04T12:41:10Z,57bb8beeec6904b9a5cfe83c4ff9a80e63157780137f03de2a4152d3,60.16762,24.95415,000000006b44cce7,16.1
4739,2019-08-04T12:41:10Z,57c6f9c8fc64c4d7030c1d3576910e338178138cd74acdc9e3630216,60.16629,24.95957,00000000fb7600be,29.32
4740,2019-08-04T12:41:10Z,57f88614f91a133004ac1a6dea31a4090f899646a5f62ece691d87af,60.16762,24.95415,000000006b44cce7,9.92
4741,2019-08-04T12:41:10Z,583a35aa08fe45f96deb91a9f4b9317e86eddeee0d636cc11b3e2df8,60.16762,24.95415,000000006b44cce7,16.1
4742,2019-08-04T12:41:10Z,584cb0b0cdd14e608c8b57c8aecc9826f9b40027e365e2438a444ea2,60.16762,24.95415,000000006b44cce7,16.1
4743,2019-08-04T12:41:10Z,5b102c62b98f29bd801e4dd0e9ddbc113db3faa38d59990b9ba5e9ec,60.173,24.92524,0000000096918cfa,14.89
4744,2019-08-04T12:41:10Z,5bc858089bff2f1880f1807e91f165ebf9f1b5841445adcdfb988ddf,60.16829,24.94214,00000000afef4555,16.1
4745,2019-08-04T12:41:10Z,5c160268bc9b4b619181ce421d9e58c258e6b59a342945fc29f0004b,60.14947,24.91438,000000004ef3150d,5.91
4746,2019-08-04T12:41:10Z,5cd5117066c75a1cb83d3896a7eba3f3472e133f0013ea7d4e95daaa,60.14699,24.922,00000000a53ed894,6.46
4747,2019-08-04T12:41:10Z,5d70086d53447ee393249cef33c7bae814c1d7c2e3055fc91b38786c,60.17919,24.95181,000000007b5207b6,9.92
4748,2019-08-04T12:41:10Z,5e53be1d47b3cceeb6ea9406c75327379c8ee8abc68da605b7758e85,60.14947,24.91438,000000004ef3150d,7.69
4749,2019-08-04T12:41:10Z,5e7916ca910b02abf2d19906759663c23db63950a353fa546f55c8af,60.14699,24.922,00000000a53ed894,9.92
4750,2019-08-04T12:41:10Z,5ea49ba4de68e03664ec3a87f5de32434d7136b4f8323f022ff9df5b,60.16829,24.94214,00000000afef4555,14.89
4751,2019-08-04T12:41:10Z,60d9b71ec38b796bf876dedfaf3112b49ff79677480c7603902857ae,60.14947,24.91438,000000004ef3150d,21.87
4752,2019-08-04T12:41:10Z,614ab7fba7255f6bf6f888e9a04d589962f756b3f427e658f10014f2,60.16075,24.95883,00000000f1124bca,7.69
4753,2019-08-04T12:41:10Z,623a1746eaf8ae2f9a6eb28842e9699551c46f4b1c799eb6285f5a13,60.16762,24.95415,000000006b44cce7,29.32
4754,2019-08-04T12:41:10Z,62a6fe2d9b3b5b4533c51253f8842428bd797b3c6a95a7816ec472ed,60.14947,24.91438,000000004ef3150d,16.1
4755,2019-08-04T12:41:10Z,63d99db5b2b7360c501446ea5e89feba9bd1c6735a7670039916f2ad,60.1538,24.95595,0000000038bf9618,23.56
4756,2019-08-04T12:41:10Z,63defb71d4c3856253a0a2d67a5c370b91ad0527703b334a63fe5344,60.14947,24.91438,000000004ef3150d,9.12
4757,2019-08-04T12:41:10Z,643ef3f01a51bea3c4510d4060a945cd510e5189236d68f5c9489034,60.16829,24.94214,00000000afef4555,1.25
4758,2019-08-04T12:41:10Z,64638a9f9e6c9b32fc4b484b55e4934fcab6cb04605cc76d5f5534b7,60.17065,24.93641,000000000f4919c9,5.91
4759,2019-08-04T12:41:10Z,64e34af775b57908b23056a31d60ef3b005941f2e7c3db0c49df675d,60.17065,24.93641,000000000f4919c9,27.28
4760,2019-08-04T12:41:10Z,6503762f2cac51cc2b74da1efa6b16583ed11c9a528d7716b7829c0b,60.16829,24.94214,00000000afef4555,9.92
4761,2019-08-04T12:41:10Z,6525cc634176c25187e68e0d067bcfecfd78e399e93db4ee9d408b7e,60.17918,24.95141,00000000675d5200,16.1
4762,2019-08-04T12:41:10Z,655204cb507ea9ae811105cdcd766161facaa9f729017a333f102391,60.149,24.9843,00000000fffb8cf0,16.1
4763,2019-08-04T12:41:10Z,65de3b8621fadfc61e9d3657dc477ea9867f9d093f80cf0857dcad88,60.16762,24.95415,000000006b44cce7,11.7
4764,2019-08-04T12:41:10Z,65ecffd91da3aee9add3015b6d8d68144e80f39cc78dbd776441ff52,60.16544,24.95398,0000000038d83d41,44.58
4765,2019-08-04T12:41:10Z,6688790e10cbf0805c8bdc210412ed75d7999e61029da0b7ba29458e,60.16829,24.94214,00000000afef4555,11.7
4766,2019-08-04T12:41:10Z,6723bebaab92d1a9f8b4318fd4f497a6dec6d7f8e0eafca443925213,60.16075,24.95883,00000000f1124bca,17.4
4767,2019-08-04T12:41:10Z,67591d427f60ba3c369ac0d78088fca7be33081501508d16401dd6cb,60.16762,24.95415,000000006b44cce7,9.12
4768,2019-08-04T12:41:10Z,675eacdf32b5b831fd118fc5539eea4b3cef4bd11e2e1706a9571222,60.16829,24.94214,00000000afef4555,4.11
4769,2019-08-04T12:41:10Z,6774ed72eaf69d7c4aaeeef90990f969954155bbcc52652e75e7deef,60.16829,24.94214,00000000afef4555,7.69
4770,2019-08-04T12:41:10Z,677c53ae4056d6cb123ca576ba5284664b1c7e3e88818bd19b5dd99a,60.17919,24.95181,000000007b5207b6,29.32
4771,2019-08-04T12:41:10Z,6875e3632a29207e29ded33617e66d55de5d8c7804fecedd6f1dfe12,60.14699,24.922,00000000a53ed894,4.5
4772,2019-08-04T12:41:10Z,69375ef968867906fc11b34d1e2c4b436d452cd47cb577a7f9e566ef,60.16762,24.95415,000000006b44cce7,5.91
4773,2019-08-04T12:41:10Z,698b200b63a644828a7314691a16af2af1bccef75d52abb5591a5542,60.14699,24.922,00000000a53ed894,4.94
4774,2019-08-04T12:41:10Z,69f1de5049f5731749defe893b8ae9ada4f5f788a994b8f7413ef657,60.17002,24.94407,000000006b087f40,18.79
4775,2019-08-04T12:41:10Z,6b97071051ccf5db7e5ebee033d4f68d58ed6917ff2fac5b205a6605,60.17065,24.93641,000000000f4919c9,11.7
4776,2019-08-04T12:41:10Z,6c7e018abdf8462af7c7b003bc30f915184f7082e9e865a2c502eed5,60.14699,24.922,00000000a53ed894,13.75
4777,2019-08-04T12:41:10Z,6f3dd17e40daabb4efe868f1b859dc00ecc01846f0a0e2b8db5d1413,60.17918,24.95141,00000000675d5200,13.75
4778,2019-08-04T12:41:10Z,6fdf4cfc3a0774e204869ab43ef69c6306cc40c0fd8bbb0f8b505e3a,60.16829,24.94214,00000000afef4555,20.28
4779,2019-08-04T12:41:10Z,6fdfc33c6b609ea80b4a38ecf657bc68b7bf659752b51edcc22ffb54,60.16762,24.95415,000000006b44cce7,13.75
4780,2019-08-04T12:41:10Z,6fec2e12fc88db6bcc4eb2c81bcfb171de0094ca788c72192002e939,60.15432,24.9211,0000000019fb59c4,25.36
4781,2019-08-04T12:41:10Z,70c56152af84cf1bad4d19b0cb31202232b4cd4320ce5ea48895e42b,60.14947,24.91438,000000004ef3150d,7.05
4782,2019-08-04T12:41:10Z,71479e7c1c4fd96468f16800ff04484480c76e0953d2074500b0df31,60.17919,24.95181,000000007b5207b6,16.1
4783,2019-08-04T12:41:10Z,7176e4b517010283d61468978a67a0e6d800f7b66219728174074b97,60.14947,24.91438,000000004ef3150d,23.56
4784,2019-08-04T12:41:10Z,71c360c0ae36f964d9ca7957d318abe8f1933c8220f225231eb33b39,60.18203,24.91341,00000000342570c2,18.79
4785,2019-08-04T12:41:10Z,732235fff054f4f8fff8775b6c0d4fb0ca0f28c455a6fc86de24d162,60.14699,24.922,00000000a53ed894,31.5
4786,2019-08-04T12:41:10Z,733f21ebebe353e10a55a74b40a0a480e6d276334d4f3d8bcf85b711,60.16075,24.95883,00000000f1124bca,36.27
4787,2019-08-04T12:41:10Z,745e52dafbfa395ea41c5fcd0c2717b9091e44d19ab89e03991fdbb7,60.16762,24.95415,000000006b44cce7,10.78
4788,2019-08-04T12:41:10Z,759f94c852ff15ca91c3138913c3858c4801702f8f0514ae82fb2a19,60.16897,24.95222,00000000aa852af1,8.38
4789,2019-08-04T12:41:10Z,7664b7f08aaa059ecf6646a595c33fae0c80715febe63e31f45a4662,60.16762,24.95415,000000006b44cce7,5.91
4790,2019-08-04T12:41:10Z,777cceac7be6303a1c82f7cc68061528b01e3aa1b3aa6481cad9e5e3,60.16075,24.95883,00000000f1124bca,9.92
4791,2019-08-04T12:41:10Z,77a12194b9a6789f4b2b8c07ae7fce3c2b531cb221e5fa7ca5deae55,60.16897,24.95222,00000000aa852af1,12.69
4792,2019-08-04T12:41:10Z,79bb1e615a834d4f653cec7efc45ad5b4bbedf2a83c55b44c586ad0a,60.14947,24.91438,000000004ef3150d,7.69
4793,2019-08-04T12:41:10Z,79bde23c1a8980f93a65e14306f0d8ea89e164430d8b991e2bfee82e,60.16531,24.9442,00000000fdda10fe,13.75
4794,2019-08-04T12:41:10Z,79d26f15a82c94ac5d05e0f2b6a6beeae1f407972ec39665d7ab9535,60.16829,24.94214,00000000afef4555,3.74
4795,2019-08-04T12:41:10Z,7a0c0b525f2d3eed6c873bd3b8d27bede551fe4a428ac15c23deadae,60.16075,24.95883,00000000f1124bca,13.75
4796,2019-08-04T12:41:10Z,7a4a06d20ebe57d94e5fceeaf47d5b56ad9a515818e9c20e21a80e61,60.16629,24.95957,00000000fb7600be,16.1
4797,2019-08-04T12:41:10Z,7ab335e046f7f3597f8f615a90857885e35cfecefebd5d24bbf0af90,60.16075,24.95883,00000000f1124bca,18.79
4798,2019-08-04T12:41:10Z,7ad93fed82e41ea4422fa101badc698b0328c3ebf0f6b73c5164d438,60.16897,24.95222,00000000aa852af1,11.7
4799,2019-08-04T12:41:10Z,7d9a3d84c09c3a8d6876389e216e0278048d6b924890fb275a078ffb,60.16531,24.9442,00000000fdda10fe,0.84
4800,2019-08-04T12:41:10Z,7e31a4896ab0ff539440898dfabd8305df79869bff52da941016d1cc,60.1538,24.95595,0000000038bf9618,27.28
4801,2019-08-04T12:41:10Z,7e76449e59f1e3a1a615b54408115353fbb14d815390d03a73b1a7bb,60.14947,24.91438,000000004ef3150d,17.4
4802,2019-08-04T12:41:10Z,7f3c9dd2c7352cb81fb186a7d700841d2bcb47cd8ea0d5f8719b5908,60.16762,24.95415,000000006b44cce7,14.89
4803,2019-08-04T12:41:10Z,7f786ec8e06f1ca3bdd10fc60d0114baf354125b8f6cf796d197f4cc,60.16075,24.95883,00000000f1124bca,3.09
4804,2019-08-04T12:41:10Z,7fe10e69931c2d658099a314f3fce64865329e12a7b834c375e2d5d2,60.14699,24.922,00000000a53ed894,6.46
4805,2019-08-04T12:41:10Z,80aec8656b3422b9e9819007367c799a4e108fee246063f9117203e4,60.1538,24.95595,0000000038bf9618,31.5
4806,2019-08-04T12:41:10Z,80cbcb887f3e351e3bef7c5f53dccc578cc3494feec514aed7015c0d,60.16075,24.95883,00000000f1124bca,4.94
4807,2019-08-04T12:41:10Z,82411c6526228322a61f59259f13adf7cde62bd767587b6735867705,60.17919,24.95181,000000007b5207b6,7.69
4808,2019-08-04T12:41:10Z,83073c017c8293e4b6eab781fbc2147fafa144d33b3618abd1ae5d90,60.17065,24.93641,000000000f4919c9,29.32
4809,2019-08-04T12:41:10Z,83121a75723643c48e3c3b0a3ea5fccb532046432ca445833e8de06a,60.16762,24.95415,000000006b44cce7,2.08
4810,2019-08-04T12:41:10Z,848fdb054358a3fca79c0246f01263c92b5b48aee6b9fb6e260d7a0b,60.16829,24.94214,00000000afef4555,21.87
4811,2019-08-04T12:41:10Z,849a662d95d4185421aff7c6213ba5d7b84cfc58c9fb30ff34054e4c,60.16075,24.95883,00000000f1124bca,11.7
4812,2019-08-04T12:41:10Z,859b417d0b562f5c4ab33c3877c95cd7cbb332db91dcd0f4e7a4f3b6,60.14699,24.922,00000000a53ed894,10.78
4813,2019-08-04T12:41:10Z,85d66944a64cfde859e7e08ca4b79f3b39d5b03141d500fe7ce73f7e,60.14699,24.922,00000000a53ed894,8.38
4814,2019-08-04T12:41:10Z,85d67c3be46ecb66832dfd9090a931e1be3dd056f718ea6786622131,60.16897,24.95222,00000000aa852af1,23.56
4815,2019-08-04T12:41:10Z,868cd7608ed6beb209db2aad8c71f56b8aec3a6b453be18e4af217a2,60.17065,24.93641,000000000f4919c9,13.75
4816,2019-08-04T12:41:10Z,87bb1abe21abfcb5e5c2039e579cff7ca863a6019207db356de5b7c2,60.14699,24.922,00000000a53ed894,14.89
4817,2019-08-04T12:41:10Z,8822ffe19dec49fe874ac377de5a0504e931e342ecc1f5b1fcb939e5,60.16897,24.95222,00000000aa852af1,25.36
4818,2019-08-04T12:41:10Z,885bcc6af7d0aa9718fe1030e32ffff1de5171ae5ef67cf0011874fb,60.14947,24.91438,000000004ef3150d,10.78
4819,2019-08-04T12:41:10Z,8947a5209f3b32173d3dc72792039edf94a2711741ab041b62b30643,60.16762,24.95415,000000006b44cce7,4.5
4820,2019-08-04T12:41:10Z,896f7e896dc6f1ea44b82bf968a988cc10c358ee34821d9d7a4bd07a,60.14947,24.91438,000000004ef3150d,5.41
4821,2019-08-04T12:41:10Z,8a08b2de43a9ef03cf96610718c908e69dcacc59f536a7135b7bb542,60.16629,24.95957,00000000fb7600be,10.78
4822,2019-08-04T12:41:10Z,8b641985c793a3f25a45b2460cb01f5baa6f339c6dd26ba7752d8a7a,60.16897,24.95222,00000000aa852af1,11.7
4823,2019-08-04T12:41:10Z,8ba6cfc17ca70e8304994e018ebd5eb2003177062cde05925d5cacb3,60.173,24.92524,0000000096918cfa,14.89
4824,2019-08-04T12:41:10Z,8bbf5422247a0a6be314130d8fd9ae1814401b75acf3b3ce2da9620c,60.14699,24.922,00000000a53ed894,7.05
4825,2019-08-04T12:41:10Z,8d1d0326bb359113b842bb215f8eec864280c2a8d5edf0e4d6371841,60.14699,24.922,00000000a53ed894,9.12
4826,2019-08-04T12:41:10Z,8d528b00553162a9dd47d2296d15b2fad89aad6a508424d4589618a1,60.14947,24.91438,000000004ef3150d,4.94
4827,2019-08-04T12:41:10Z,8d73f674010f5cb02e8f20251ed86a9afcb7f6b3926039470296bd00,60.17065,24.93641,000000000f4919c9,20.28
4828,2019-08-04T12:41:10Z,8dcf139eb279bcc2696420ba9da858e361600ff02cd29587f66660ec,60.16897,24.95222,00000000aa852af1,16.1
4829,2019-08-04T12:41:10Z,8f62b1c9da034390f954b636984feef9d7735e321ca625a4e715624f,60.16897,24.95222,00000000aa852af1,17.4
4830,2019-08-04T12:41:10Z,9023a89a49a372e5f97cf86ef1b5de0164eb67cc10d394d383ab75fd,60.16829,24.94214,00000000afef4555,9.92
4831,2019-08-04T12:41:10Z,920dc90f60b295267f63efc8f968408087b71878dc3f49f0ded1c41e,60.17919,24.95181,000000007b5207b6,20.28
4832,2019-08-04T12:41:10Z,926717d61529080dfc4c7f8cdcdc82c6490d2a5129474524b8c40ea4,60.16829,24.94214,00000000afef4555,9.92
4833,2019-08-04T12:41:10Z,93a2100e233b204243f7e69b68dea7c9a145d1b5384bd18359bf87a3,60.16531,24.9442,00000000fdda10fe,1.54
4834,2019-08-04T12:41:10Z,93e409819362e2429a43710ff4330bd3ed83011b73ae438dd7fb62d8,60.16762,24.95415,000000006b44cce7,4.94
4835,2019-08-04T12:41:10Z,96b004e7ce8b4221af704fcf73c09daf78aed09c7ed5803c4bfa5bc1,60.14699,24.922,00000000a53ed894,17.4
4836,2019-08-04T12:41:10Z,97264f5808fa13851dacabf0c98525eec29849ff4b6a744cc777fd5b,60.16075,24.95883,00000000f1124bca,29.32
4837,2019-08-04T12:41:10Z,9736a8a29aee134a307e0cd4221e9b0a2ab7c48befee43fc62e9f9bd,60.14699,24.922,00000000a53ed894,8.38
4838,2019-08-04T12:41:10Z,987d01417bcff2d7f663704309df2ebdcdb035da3ddb085fab0cf928,60.16829,24.94214,00000000afef4555,16.1
4839,2019-08-04T12:41:10Z,9885627881a266e5cf401516e009049e859d738e2e019be570f4b4d8,60.16448,24.97323,0000000053c6c2be,13.75
4840,2019-08-04T12:41:10Z,98bb3b6f5e2403b14b8e01616c07b03bb1fd153ded656033d7bd3533,60.16075,24.95883,00000000f1124bca,27.28
4841,2019-08-04T12:41:10Z,992f6feda52c82ad67e40af55b5602bb22411020701998c6bd65faed,60.16762,24.95415,000000006b44cce7,7.69
4842,2019-08-04T12:41:10Z,99334da99912e6d4b516e02432e7f88db5a5b87f635722bc3a8b38a6,60.14699,24.922,00000000a53ed894,29.32
4843,2019-08-04T12:41:10Z,9ba6f9fb8bb950d16224b4182d3c3d8349a0f50619be329c165417e0,60.14947,24.91438,000000004ef3150d,16.1
4844,2019-08-04T12:41:10Z,9bad872c31c8c5e53f064b5367350b41271d45ca8a9e508136622800,60.16897,24.95222,00000000aa852af1,11.7
4845,2019-08-04T12:41:10Z,9bf4a5d763fa921335be6c141a0c9fd769fcb2f4c5b40b85a1c99c71,60.14699,24.922,00000000a53ed894,13.75
4846,2019-08-04T12:41:10Z,9e3d4a4b1acd94d2896cd7cf56419110f06ea96faae37aadebd4ec77,60.14947,24.91438,000000004ef3150d,14.89
4847,2019-08-04T12:41:10Z,9ff13c715073d5ad9c464cb67b6de3f703435cf389c32cce5626dfe1,60.149,24.9843,00000000fffb8cf0,13.75
4848,2019-08-04T12:41:10Z,a0db7e8063bede2dd55c2c6cf5111932617ecace670ff65314a7d349,60.16629,24.95957,00000000fb7600be,31.5
4849,2019-08-04T12:41:10Z,a22736c5d66f417bc6b745f51492549dc2e5a3c766f5e7e23f183b41,60.14947,24.91438,000000004ef3150d,18.79
4850,2019-08-04T12:41:10Z,a38a21a97a054541f0423f03758c70227116c05254958373e3e93ad0,60.14947,24.91438,000000004ef3150d,5.91
4851,2019-08-04T12:41:10Z,a3d228482bfdd3dbdfaee1ff72b6ac00c2ee8c05e949047ce9117783,60.14699,24.922,00000000a53ed894,12.69
4852,2019-08-04T12:41:10Z,a3e2b787062412a5c0f0f4c118f7ba472a52fe9558872792cfd31d61,60.17002,24.94407,000000006b087f40,12.69
4853,2019-08-04T12:41:10Z,a4f416ec0941bb365e3665d7fd224fad15d74225e8ce9f6dd6368bc7,60.17065,24.93641,000000000f4919c9,23.56
4854,2019-08-04T12:41:10Z,a590e9fb8960943273ead07320590436c531fbaf32e54f7db42f1f19,60.16629,24.95957,00000000fb7600be,17.4
4855,2019-08-04T12:41:10Z,a6158fc663b4931ef4e811a4acf62ab2f658241775e200b14684f87d,60.16897,24.95222,00000000aa852af1,23.56
4856,2019-08-04T12:41:10Z,a6f944078dd26796f5a849ccb6fdf8a4436f913cf3302597c846462d,60.16762,24.95415,000000006b44cce7,7.05
4857,2019-08-04T12:41:10Z,a7472d1b63171c047444981df223670390009e3ea502132d9963e9fb,60.14947,24.91438,000000004ef3150d,5.41
4858,2019-08-04T12:41:10Z,a76d219c3abcc4ec3a54dd834263f9a24972c71be4c7bbbfc663f22f,60.14699,24.922,00000000a53ed894,7.69
4859,2019-08-04T12:41:10Z,a794d97e26d3678bb11b4364880414bb7bfac4bb49d1867b37b489f7,60.14947,24.91438,000000004ef3150d,10.78
4860,2019-08-04T12:41:10Z,a7a7f84e910c87d01420156efca1675f2f263a8f7f1212bb161e73f3,60.14951,24.92138,0000000006dd41f6,20.28
4861,2019-08-04T12:41:10Z,a8df2631c2442628608c1f0352c896eb532a6ca08c85de2c77360aa8,60.14947,24.91438,000000004ef3150d,10.78
4862,2019-08-04T12:41:10Z,a9383e1c3d9b3355965662ff18ad95dfb64daa5d8e71fc20e7e50df7,60.14699,24.922,00000000a53ed894,14.89
4863,2019-08-04T12:41:10Z,a96e9a3805def174e6ededa93b88ce312739d9d68941dffdeca03e9f,60.16762,24.95415,000000006b44cce7,4.94
4864,2019-08-04T12:41:10Z,aa076c3f0d09145aebbb750dde9849ba4eb6759e92ba5753280184d6,60.16762,24.95415,000000006b44cce7,14.89
4865,2019-08-04T12:41:10Z,aa5773b59ce2bf1eee53e4e77cd3c261465d2ea538c9a85b8de30cd8,60.14947,24.91438,000000004ef3150d,7.69
4866,2019-08-04T12:41:10Z,acb831a572fef6e9e1fc74a3084583547930b1f96e8d952485f755ea,60.17002,24.94407,000000006b087f40,16.1
4867,2019-08-04T12:41:10Z,acdcc8ae1d1c6bb055dfc108154eae58b4b894f0ce1ff174c1065c7e,60.16762,24.95415,000000006b44cce7,2.8
4868,2019-08-04T12:41:10Z,ad8af809ed47a3391bb53d11da159b3a8b0ddc264d94c049ce72bda0,60.17065,24.93641,000000000f4919c9,0.23
4869,2019-08-04T12:41:10Z,ae87b8dd8920695bc9e599874667205991c04e30666d8523f0be4350,60.14947,24.91438,000000004ef3150d,17.4
4870,2019-08-04T12:41:10Z,aec4b11f0b1ec075878ca4a3b94da464f6fc96e330b913d5bfd346b0,60.16897,24.95222,00000000aa852af1,5.91
4871,2019-08-04T12:41:10Z,af64ca430076b1e91eeb89134e0e026479928845cbe1943bc56104c2,60.14947,24.91438,000000004ef3150d,9.12
4872,2019-08-04T12:41:10Z,b07bf68512027f613ec42ef35ecc9ae28f38158a4193299be33e7481,60.14699,24.922,00000000a53ed894,23.56
4873,2019-08-04T12:41:10Z,b0a20a40885487350aaf5c8f46dab27d4d7e1d5c24fefec54c0c62d4,60.16829,24.94214,00000000afef4555,31.5
4874,2019-08-04T12:41:10Z,b0a4e64f8e9d69f9da53bdae4ea9fb3059a80907ea7383ffcc99048a,60.1538,24.95595,0000000038bf9618,27.28
4875,2019-08-04T12:41:10Z,b12b27061f30d5659794f14cbed5e4726c5af1ef526611d3b2dded29,60.14947,24.91438,000000004ef3150d,21.87
4876,2019-08-04T12:41:10Z,b26a9be85f5fd17ea58397762fa55db3c8f68fb709d586d61527c892,60.16829,24.94214,00000000afef4555,7.05
4877,2019-08-04T12:41:10Z,b3d99c04e3db6b698e6e54f19434461336954d0c15385bff6e557be8,60.173,24.92524,0000000096918cfa,17.4
4878,2019-08-04T12:41:10Z,b41cc64d7ab4e16a03573bdc3b5863c4b402ec66c7780c7900c02877,60.16829,24.94214,00000000afef4555,17.4
4879,2019-08-04T12:41:10Z,b523d3f8341906e4b3877ff7d9614b4e10d6bbf10afdcc6c53656c8f,60.17065,24.93641,000000000f4919c9,10.78
4880,2019-08-04T12:41:10Z,b5e3abaccf4a03480985d25eb9fbf454c87f7ad06c38c8bdeb0819fa,60.14699,24.922,00000000a53ed894,20.28
4881,2019-08-04T12:41:10Z,b7039958be9f53a3eaed97f705a1974815f52f25226e920155397bec,60.16075,24.95883,00000000f1124bca,13.75
4882,2019-08-04T12:41:10Z,b7867e052453c9caa213f48b033624b744187f4cd77c2418cf9d7b79,60.14699,24.922,00000000a53ed894,18.79
4883,2019-08-04T12:41:10Z,b81e80c4efa2f6bf7a24861abfd0f0fb5672f1512dc7545a1d387f7f,60.16762,24.95415,000000006b44cce7,7.69
4884,2019-08-04T12:41:10Z,b9c0ac0bb7310d92c296a8870603ebd12c0c632cfc2a1fa33092b337,60.16762,24.95415,000000006b44cce7,4.94
4885,2019-08-04T12:41:10Z,baa2e34cb17a3e4b813a9a7578ddf421b7013fa00788af744fe6fc28,60.1538,24.95595,0000000038bf9618,31.5
4886,2019-08-04T12:41:10Z,bb0193f2b0ac4801fe82ed5cec75e687465d707d92e731047f81650f,60.1538,24.95595,0000000038bf9618,2.3
4887,2019-08-04T12:41:10Z,bbe1e18f88cf88928067a0221965768c1f2ae264291cea564d7eb7e8,60.16897,24.95222,00000000aa852af1,21.87
4888,2019-08-04T12:41:10Z,bc0f5e4ba244a9eac17a0c0e91f3bb97fe71cf42cc829516fcccfc47,60.16762,24.95415,000000006b44cce7,20.28
4889,2019-08-04T12:41:10Z,bcf688ec2e666179e52a495a8304dd7aaaf4acad52788a0929b287a2,60.14699,24.922,00000000a53ed894,16.1
4890,2019-08-04T12:41:10Z,bd33b7ad8d89c8c1958de09b4900b5ebc62ed61b9decf094268b04d0,60.16762,24.95415,000000006b44cce7,20.28
4891,2019-08-04T12:41:10Z,bd4ec71179e7755567e37eb54b845b317af028a4effe45dcaeae19bc,60.14699,24.922,00000000a53ed894,21.87
4892,2019-08-04T12:41:10Z,be21a77f983baae8e0ba646eda0988a618149dcc7ef4c303c35d5377,60.14947,24.91438,000000004ef3150d,5.91
4893,2019-08-04T12:41:10Z,bebf1edb9736fe66391376c4cf2a3033ab9fa83ae21f86b66392e2d0,60.16762,24.95415,000000006b44cce7,11.7
4894,2019-08-04T12:41:10Z,bef86aee891e6813146b3b9679809c39591429ebddf99a44cc9a60ed,60.14951,24.92138,0000000006dd41f6,23.56
4895,2019-08-04T12:41:10Z,bf2e5725b255e320f1e8375ec03f55194f1fd9f751be9629d873a5c8,60.14699,24.922,00000000a53ed894,5.41
4896,2019-08-04T12:41:10Z,bf992d3cd95a73f02d7223eaffe90a94e3e1e98a8c6759bab631b5b0,60.14947,24.91438,000000004ef3150d,6.46
4897,2019-08-04T12:41:10Z,c0722f63618f97eb8ec4afac1a8538b81a3c87e623d753ad1201bf7c,60.16075,24.95883,00000000f1124bca,3.4
4898,2019-08-04T12:41:10Z,c0a0ca3433586ed2ae0e448f2406fabac7292ac79d49562e0bd5cef8,60.16762,24.95415,000000006b44cce7,13.75
4899,2019-08-04T12:41:10Z,c18a638a8f7d2d4e67c538d49830623f943f762f4942350ba7358441,60.173,24.92524,0000000096918cfa,23.56
4900,2019-08-04T12:41:10Z,c1e4323d2276cb6e358f5fabb123294e7a0ef87e7169f3cccc8f2e03,60.16075,24.95883,00000000f1124bca,12.69
4901,2019-08-04T12:41:10Z,c36d58ed0e0dddb3e26be1214e369db1c3fa3d4bcf8b53536a25239b,60.17065,24.93641,000000000f4919c9,1.88
4902,2019-08-04T12:41:10Z,c3b2521faf0f7ae79434e40e86c59699d399444b775c7619f6e73e36,60.16075,24.95883,00000000f1124bca,9.92
4903,2019-08-04T12:41:10Z,c3be6dcc2c0542676c20d28ce38adbe2c0b9be09caa3f22e60210636,60.16075,24.95883,00000000f1124bca,23.56
4904,2019-08-04T12:41:10Z,c493415e869d6e6304841784a120f994272b83557256b43e44e4f3e0,60.14699,24.922,00000000a53ed894,14.89
4905,2019-08-04T12:41:10Z,c4dfae0a1b1bd27741275e8f26148b119bf7225960b4275e488612b9,60.14699,24.922,00000000a53ed894,12.69
4906,2019-08-04T12:41:10Z,c551d554f64ffda092ce6c4a6715f0ed438c9649f7676b2944f1ea2f,60.14699,24.922,00000000a53ed894,12.69
4907,2019-08-04T12:41:10Z,c633a260ce59bad4e1ca42f12936ed8ae57a40f5e6528dfb70052c43,60.16897,24.95222,00000000aa852af1,8.38
4908,2019-08-04T12:41:10Z,c6b973b57d5574eb3341b3141a5ba2b28f477ae9e702ab4ae701cc0d,60.14699,24.922,00000000a53ed894,10.78
4909,2019-08-04T12:41:10Z,c728eaa7734efeabe7f33c782081caa960fcced68160e285ee477916,60.14699,24.922,00000000a53ed894,9.92
4910,2019-08-04T12:41:10Z,c905a50dedd9b3d2114cde9160b7adf83adc09683b65598ce24c4047,60.1538,24.95595,0000000038bf9618,27.28
4911,2019-08-04T12:41:10Z,c9955664a0945034b3937cfbb4ea68433bede99570911d6c5808bf71,60.149,24.9843,00000000fffb8cf0,33.81
4912,2019-08-04T12:41:10Z,cbc336691f17a9c508549e03d522166247a0cd0a944321c1a7d15525,60.14699,24.922,00000000a53ed894,16.1
4913,2019-08-04T12:41:10Z,cbd334d06c16786ddc543b71b34da6278d203ac72606f0f9275e0936,60.16829,24.94214,00000000afef4555,7.05
4914,2019-08-04T12:41:10Z,cc2cf42c6b14536fb92c810ff0e3dd5a3caa74236f14246a5b6e8cdc,60.16762,24.95415,000000006b44cce7,4.94
4915,2019-08-04T12:41:10Z,cce6b6f309e43e2bb1be6a9784582a82891e976d0869d01040586d27,60.14947,24.91438,000000004ef3150d,7.69
4916,2019-08-04T12:41:10Z,cd47b9ac851ce6b21df7b8e918554b0cb1a12d03da7e0aaf14e19314,60.14947,24.91438,000000004ef3150d,14.89
4917,2019-08-04T12:41:10Z,cd4ecd3b83630f6e5d65f635804e47a1ceb82853aac36af30044f06a,60.149,24.9843,00000000fffb8cf0,11.7
4918,2019-08-04T12:41:10Z,cd9b2be9ffb37c8b7c5c25f587c95b1c7932a21fb245487ea2f740d9,60.14699,24.922,00000000a53ed894,14.89
4919,2019-08-04T12:41:10Z,ceb777dafa9b7e39125b89735b7f0cf22c3018eb0196043ac8160370,60.14699,24.922,00000000a53ed894,8.38
4920,2019-08-04T12:41:10Z,cef1d06a10cfa08bcaef8b36535c2ec32c756a76cc0d5c2a1246f933,60.14699,24.922,00000000a53ed894,12.69
4921,2019-08-04T12:41:10Z,cfa42322be0000cf89d8969d1b88ace0ba99cab721dd58d55d41a36e,60.17065,24.93641,000000000f4919c9,11.7
4922,2019-08-04T12:41:10Z,cfc2a688ff31fbb1baac8790fb6d56dc7746ba2cf9e0e5f39d4751a4,60.14699,24.922,00000000a53ed894,5.91
4923,2019-08-04T12:41:10Z,d0413da80c7714f40ffe50dcfb00039280c64ecebc61c59df72965e6,60.149,24.9843,00000000fffb8cf0,17.4
4924,2019-08-04T12:41:10Z,d098b9b5b30c5fcd4ae8a2b8bc761df72829713d3ae919634876d349,60.14699,24.922,00000000a53ed894,20.28
4925,2019-08-04T12:41:10Z,d0aa228c2a3e6e1568e876cffc76874702e0f0f63f18533551bf02c1,60.16075,24.95883,00000000f1124bca,20.28
4926,2019-08-04T12:41:10Z,d0cab2a2660dcc5cb99a9bdf39d2e6b31b7498985db1b50e48cb478d,60.18203,24.91341,00000000342570c2,25.36
4927,2019-08-04T12:41:10Z,d12f9e6275869a74f979eac17b326dfe329bbd78b8732fc998b5f132,60.14699,24.922,00000000a53ed894,21.87
4928,2019-08-04T12:41:10Z,d144e417a3e5e7360b6b88bcb824095e58b6fa4433eb4461a5922248,60.16762,24.95415,000000006b44cce7,12.69
4929,2019-08-04T12:41:10Z,d295fce65c7332728ab79761524c814f41bd0cefa3ad9ef62ac18993,60.14951,24.92138,0000000006dd41f6,20.28
4930,2019-08-04T12:41:10Z,d2b1a7ead9aff41a8cb3fff6b7f4ee84a780b52aae2f3838b83447fc,60.16829,24.94214,00000000afef4555,16.1
4931,2019-08-04T12:41:10Z,d38e88e5b926f9d1de6e326cca45116fcca11f10684c80876739c6cd,60.16075,24.95883,00000000f1124bca,7.05
4932,2019-08-04T12:41:10Z,d3a37aedae39925bda7da8e4f05a61b85904a00f88e8684006c76351,60.16829,24.94214,00000000afef4555,10.78
4933,2019-08-04T12:41:10Z,d4fa4bf39dc621ec67b2077be53c06e49f6cdaeaa86b90e453e1e3cb,60.16762,24.95415,000000006b44cce7,29.32
4934,2019-08-04T12:41:10Z,d5dc664070d809913e40055c5b3aa627cadd233099ad0c6acdb6c8bb,60.14699,24.922,00000000a53ed894,18.79
4935,2019-08-04T12:41:10Z,d64eda229ebb6012e59bc89eacb74918e404ce52f16b491f3d48e800,60.16897,24.95222,00000000aa852af1,9.92
4936,2019-08-04T12:41:10Z,da667dfa2d8a272a7398e186de027fabd2052052c0aad767a1c7d966,60.16897,24.95222,00000000aa852af1,25.36
4937,2019-08-04T12:41:10Z,db6993de0692cf79ab1b8e7d86e4b5832d11f57f026a6eb339f977bf,60.14699,24.922,00000000a53ed894,6.46
4938,2019-08-04T12:41:10Z,ddc8410b9e4ece4b995b789f95e526693bac176ed77092ba57355dc8,60.16762,24.95415,000000006b44cce7,4.5
4939,2019-08-04T12:41:10Z,de09fd8d15c3d7adbf440a3d0a418a3b476513c968bda8a4aa652adf,60.173,24.92524,0000000096918cfa,11.7
4940,2019-08-04T12:41:10Z,de0d086ae32f87522eab31d3bc52545ed17b065889674963c0709568,60.16829,24.94214,00000000afef4555,11.7
4941,2019-08-04T12:41:10Z,de84f754a3916c8f831b0bb8ea41fc2a42cdea2794558fece3c7ae97,60.1538,24.95595,0000000038bf9618,25.36
4942,2019-08-04T12:41:10Z,e02c0f9f72e9f248a4b5df8af328e1a0132d4d8a72c1e603d14cdacd,60.18203,24.91341,00000000342570c2,13.75
4943,2019-08-04T12:41:10Z,e146a005895fb34bd6ba171e992a110e3768e607872add67faa900fa,60.16762,24.95415,000000006b44cce7,12.69
4944,2019-08-04T12:41:10Z,e23a6115ba872037f9b5066c9c9c966b497f449e32a2c9ceb0e55497,60.16829,24.94214,00000000afef4555,8.38
4945,2019-08-04T12:41:10Z,e306222bf5380fc0470253db978eec9c88dc8f5f5fe2c4cfc159e3c6,60.14699,24.922,00000000a53ed894,17.4
4946,2019-08-04T12:41:10Z,e341e5e3e0b4fef8c3764508293310da5922b202d791694e43069ad1,60.16544,24.95398,0000000038d83d41,29.32
4947,2019-08-04T12:41:10Z,e34bcebfa007159f3d2adb0e62e20fcf721a221f52bdfe2a6ad77831,60.18203,24.91341,00000000342570c2,20.28
4948,2019-08-04T12:41:10Z,e35717ff07f32be5a2e1520f1855533f8dcc72cff7930c9cba9da32b,60.14947,24.91438,000000004ef3150d,5.41
4949,2019-08-04T12:41:10Z,e3c03ee00a1bcd066f8b260cc5b9824d1118b7b7f972a818752aabc7,60.14947,24.91438,000000004ef3150d,3.09
4950,2019-08-04T12:41:10Z,e3e3bac265ab2713063d7435bf5c7374dfc7dfc647fb677a030a1a49,60.18203,24.91341,00000000342570c2,23.56
4951,2019-08-04T12:41:10Z,e40a26f3f7468f4ac2302b45f1ed9aab7fea245ccf81d0c08072c881,60.16829,24.94214,00000000afef4555,16.1
4952,2019-08-04T12:41:10Z,e4b111abda6e15229c808fb72d5c0c38e2cf3abdbbb62fff5ae48e42,60.16762,24.95415,000000006b44cce7,12.69
4953,2019-08-04T12:41:10Z,e4f8eb3c654b642eaf00a350d3f55a7ec5156d7693c81bb994f49d52,60.1538,24.95595,0000000038bf9618,33.81
4954,2019-08-04T12:41:10Z,e6f4e3d1f5e01888556b077224cb4d8f88d63306fff2388e3fd997d0,60.14951,24.92138,0000000006dd41f6,14.89
4955,2019-08-04T12:41:10Z,e6f7965f2ef456f61121bcce5e466f125192e511c2af72d901307e8e,60.16762,24.95415,000000006b44cce7,8.38
4956,2019-08-04T12:41:10Z,e7cd5f775c7eea951719f351fcc25c710f857832d6f4b70a51b7b82d,60.16897,24.95222,00000000aa852af1,17.4
4957,2019-08-04T12:41:10Z,e8edad8445fc4965a5c0eae45906480d83b15e61fc6139c7bdea1e33,60.14699,24.922,00000000a53ed894,18.79
4958,2019-08-04T12:41:10Z,e9115410fa45db5a174eee008cae729dc69937a0e0b5a304899bf1b9,60.17065,24.93641,000000000f4919c9,18.79
4959,2019-08-04T12:41:10Z,e92eb020afcd7c1fad04690230ff8c2f005e404dd25b8dced1df30dd,60.16075,24.95883,00000000f1124bca,9.12
4960,2019-08-04T12:41:10Z,e9e19621fc5cfcfed2c808bbadc6cc6dd31e28d3c04cef8b89ca2729,60.16075,24.95883,00000000f1124bca,9.12
4961,2019-08-04T12:41:10Z,ea157e44ed100be3f782d8b3d8e5e0986079c588c9ea754b14917df0,60.16829,24.94214,00000000afef4555,4.5
4962,2019-08-04T12:41:10Z,eaa9924da1e700147607d5145e2b55b48b65deea922ee2e59bd1d5a7,60.173,24.92524,0000000096918cfa,16.1
4963,2019-08-04T12:41:10Z,eac6fda3a18aa9ce55b6359f5c62a044e0bcd6bc3576c8cd815acf07,60.14699,24.922,00000000a53ed894,18.79
4964,2019-08-04T12:41:10Z,eb79d6eb71f039f7008c9c4ea2f36d37f03bf60bddc7867e8b337254,60.16762,24.95415,000000006b44cce7,18.79
4965,2019-08-04T12:41:10Z,ec350e26364cb676c4cdb72647f039c31e27c775e7bb8973223e5d9b,60.14947,24.91438,000000004ef3150d,10.78
4966,2019-08-04T12:41:10Z,eca02e24138faaf8fc3783b3c7a2b83fbbceaaa3ae3b5697c6c03295,60.16829,24.94214,00000000afef4555,18.79
4967,2019-08-04T12:41:10Z,ef352dcaa8317b6a3c0a02cd8908dd13da5601cc66ba65c5fd8d031a,60.14947,24.91438,000000004ef3150d,9.92
4968,2019-08-04T12:41:10Z,efb34de795db6f264e3952a38caeeb1f9639190c609e5af11b12cf58,60.14947,24.91438,000000004ef3150d,20.28
4969,2019-08-04T12:41:10Z,efe8b6c6fdf0d2caccd589aaaa4f0228a80590ff9ec7961f2e92103d,60.16762,24.95415,000000006b44cce7,8.38
4970,2019-08-04T12:41:10Z,eff99f303ba37ed36542008434b2d20e50155593bb9fc7bc1dcc4bf3,60.16075,24.95883,00000000f1124bca,13.75
4971,2019-08-04T12:41:10Z,f062cb52d49926a4fb39f723275ed60ab6c0f3bf34e0c3f9d233b7b8,60.14947,24.91438,000000004ef3150d,3.74
4972,2019-08-04T12:41:10Z,f15b72a3aad411d2f8a70b41c4f62ad2d744d064d42ec00c71a18ac5,60.16762,24.95415,000000006b44cce7,11.7
4973,2019-08-04T12:41:10Z,f1eb1b22a5e01064a1829b325d256218c68bc9134f03a3f09f3e2566,60.16829,24.94214,00000000afef4555,9.12
4974,2019-08-04T12:41:10Z,f20f951802c722181f0e90095001c49e73f84049bb105b95c97049d1,60.17918,24.95141,00000000675d5200,25.36
4975,2019-08-04T12:41:10Z,f2deba4ef84dbbc8c5d8524f6e2311183003bce4f9bfa6aef5b5ef66,60.14947,24.91438,000000004ef3150d,4.11
4976,2019-08-04T12:41:10Z,f2e063c8c25a8bec0dd6ec3924a5f59fd9694078f2f3fd5b3ea96f29,60.16762,24.95415,000000006b44cce7,11.7
4977,2019-08-04T12:41:10Z,f39827c3c7f4c833d1118043492f78e3255b6da9f4a2c000041d9b61,60.16829,24.94214,00000000afef4555,4.5
4978,2019-08-04T12:41:10Z,f3ec2366b51157150674e5ab6293bdb19e0b30ca4296fee4c97b811c,60.14699,24.922,00000000a53ed894,20.28
4979,2019-08-04T12:41:10Z,f5deb6fe1ac04043fc82851af9a435ad2f4aa63f03921b7a19b343e7,60.15133,24.92329,00000000e8a064a4,27.28
4980,2019-08-04T12:41:10Z,f5f7cfe177dfb0b7ebba2419ae53f70b6b5690dd98d98586004a9107,60.149,24.9843,00000000fffb8cf0,18.79
4981,2019-08-04T12:41:10Z,f6a88c4482d078d6a1d51eabc04916c6f7566cff4a16fd55f3abdef0,60.16531,24.9442,00000000fdda10fe,17.4
4982,2019-08-04T12:41:10Z,f796c9efc581b25280d4b416f8ba3aecca6ddf083e7bdad05f6e595e,60.14699,24.922,00000000a53ed894,5.91
4983,2019-08-04T12:41:10Z,f7f0caf73572bea3c08b592eeb9655b2668cfb16fd8840ca5619d84a,60.14699,24.922,00000000a53ed894,3.09
4984,2019-08-04T12:41:10Z,f847ec4111b37a677f1bd2577f778f653309f7b486974fefcf5eb8c9,60.1538,24.95595,0000000038bf9618,29.32
4985,2019-08-04T12:41:10Z,f84faae0aa9ce2d1d09d270282dd81033ad1352346128534d8c3fc7f,60.149,24.9843,00000000fffb8cf0,17.4
4986,2019-08-04T12:41:10Z,f9399339c3de44774896319d3f291771cebcaf2666df1d6062469882,60.16531,24.9442,00000000fdda10fe,31.5
4987,2019-08-04T12:41:10Z,f9a7057352731d27889cbd388be5902a6e62b297a3467232e8e47094,60.16762,24.95415,000000006b44cce7,21.87
4988,2019-08-04T12:41:10Z,fa96854324adae88abb35afa34b2393a20338bfd8fc9602d3ce6ae8d,60.14947,24.91438,000000004ef3150d,2.8
4989,2019-08-04T12:41:10Z,fadc39da3cd26ac621092fbbff224b95bb13446c8d24bbf4f3e50e90,60.14947,24.91438,000000004ef3150d,9.12
4990,2019-08-04T12:41:10Z,fd77161cf9715d9d0f922cf45e79e5d9b9debef5113cb32a4f82ef76,60.16762,24.95415,000000006b44cce7,7.05
4991,2019-08-04T12:41:10Z,fe5ca86c906b1cb3bf9dd257ceefc562e41da499878f1074484f7d42,60.14947,24.91438,000000004ef3150d,8.38
4992,2019-08-04T12:41:10Z,ff4f3e0f964f23b97e88626f7a506bb4409718931712c58ce0f247af,60.16762,24.95415,000000006b44cce7,9.92
4993,2019-08-04T12:41:10Z,ff8280896145ae17e594c52eac2cdbab47d3757d797878fbc4298596,60.1538,24.95595,0000000038bf9618,31.5
4994,2019-08-04T12:41:11Z,002609eccfa6482109fb43966e0153bf6f371425cf715e49925348dd,60.14699,24.922,00000000a53ed894,23.56
4995,2019-08-04T12:41:11Z,07d86ad98399440d0cc3bd3382a7256feb971e49a3686dc17f532e1c,60.16829,24.94214,00000000afef4555,16.1
4996,2019-08-04T12:41:11Z,1142f5b6806b1ec7d8d47d47013eb530d8a7418f6934d8867b20966a,60.16829,24.94214,00000000afef4555,21.87
4997,2019-08-04T12:41:11Z,14c7e1511b70f4dd3359cbece1377aebb4d70531f5489eefe53d7c3c,60.16544,24.95398,0000000038d83d41,23.56
4998,2019-08-04T12:41:11Z,1599d2c9070a6f05e1a5887c2d9209214c04818c6203fe75440734f2,60.1538,24.95595,0000000038bf9618,21.87
4999,2019-08-04T12:41:11Z,211f6b7b044343d0be369791b3fa3c144d0d0f391e2a42787712efb0,60.16448,24.97323,0000000053c6c2be,13.75
5000,2019-08-04T12:41:11Z,21d09757012e8f7297d1de922f681bcc36581a3d7be770b42b3780a0,60.15432,24.9211,0000000019fb59c4,21.87
5001,2019-08-04T12:41:11Z,25a7ff811c3c06e426c7c2cbb0433d9a2a3399b23afecbd35584ab0f,60.18203,24.91341,00000000342570c2,11.7
5002,2019-08-04T12:41:11Z,2d3d031189abfaea69cd551a97b2b2d056a908f19bc56701010a2304,60.16897,24.95222,00000000aa852af1,11.7
5003,2019-08-04T12:41:11Z,2d407793ce0a0290a87debe672b1af2af93c687ca83668e17fb0ce63,60.14947,24.91438,000000004ef3150d,12.69
5004,2019-08-04T12:41:11Z,315af4a829b592ba99b203b8ed2cbd499769f8752dfe6de7da4ee929,60.16829,24.94214,00000000afef4555,14.89
5005,2019-08-04T12:41:11Z,3a93902ba6b635489cd6f55b08d93e6fe7a5bc0a86a0b490a88f6d1b,60.16075,24.95883,00000000f1124bca,31.5
5006,2019-08-04T12:41:11Z,3b5cafe90982db26cf737b2e4cd4275276f6a031bca3b2a1f73023b2,60.14699,24.922,00000000a53ed894,16.1
5007,2019-08-04T12:41:11Z,3fe5f4ccfa5c777ceafda0674d7c9da6f509f6694b4c2fa254b32e73,60.16897,24.95222,00000000aa852af1,21.87
5008,2019-08-04T12:41:11Z,3fe84a5a1e657df8910685df3a8cf779a6ebc3362fbc8e578f235ee4,60.15432,24.9211,0000000019fb59c4,7.05
5009,2019-08-04T12:41:11Z,4317f5904a5e6ae921bf743dd534c803083fd90b15a1245881beeade,60.16897,24.95222,00000000aa852af1,29.32
5010,2019-08-04T12:41:11Z,43b676ed3aef4c2d8846694817e76117873be52e7f788e0cb366c1c4,60.16629,24.95957,00000000fb7600be,23.56
5011,2019-08-04T12:41:11Z,44d0b94469070803869f229601e877beb613c3f5aafa009addf97a1a,60.16544,24.95398,0000000038d83d41,14.89
5012,2019-08-04T12:41:11Z,4a1efc9faf9548fe0ed72037d54a131265a72e61fdfc2009a4e9408a,60.16075,24.95883,00000000f1124bca,11.7
5013,2019-08-04T12:41:11Z,5bbb5184fded3e51bc78e45e39917794285e6bbc72da404802a9599a,60.16531,24.9442,00000000fdda10fe,23.56
5014,2019-08-04T12:41:11Z,5d65719c4cbf045f068d084b72302f447d5fd034413d97d13be00d0e,60.18203,24.91341,00000000342570c2,23.56
5015,2019-08-04T12:41:11Z,5eed115a984d490b02b602d73787aee8dc8c4e9365b77fbff3818a76,60.16629,24.95957,00000000fb7600be,17.4
5016,2019-08-04T12:41:11Z,6066632ddc94b5c482a2d4f45ed2532e55e3fd63e414a084a596a737,60.16762,24.95415,000000006b44cce7,12.69
5017,2019-08-04T12:41:11Z,66dabd3229229330d23c70e9e1737429ddfe69db01f4a6a00f70fa20,60.16762,24.95415,000000006b44cce7,17.4
5018,2019-08-04T12:41:11Z,69219e9efa41ae9e732653e9eaf08e1a34cb853a9dafe76ddeea4d04,60.16897,24.95222,00000000aa852af1,20.28
5019,2019-08-04T12:41:11Z,6a70e2fbced719333e21eff04fcb9cb36bae9a04d1a3d6ddd96f2c58,60.15432,24.9211,0000000019fb59c4,4.94
5020,2019-08-04T12:41:11Z,70d8572458a1a103555bab897b6443e601e0ed211414b15ad0b56f60,60.16544,24.95398,0000000038d83d41,27.28
5021,2019-08-04T12:41:11Z,7678cdb86d454ca9ae52f22d97e635106585a3a046d01da4463695cc,60.18203,24.91341,00000000342570c2,27.28
5022,2019-08-04T12:41:11Z,85ef35aecf2ff804be3d958b592705ec41c6df9c128c132c65bb283d,60.16897,24.95222,00000000aa852af1,21.87
5023,2019-08-04T12:41:11Z,87dfaad29a9276ddddb1fa021d3bc23ad14824c1af16f7d87e713689,60.14951,24.92138,0000000006dd41f6,9.92
5024,2019-08-04T12:41:11Z,88808fe92573e9cdf022cc15b9689b6b4b9429f60513c8897b0ba4c7,60.16897,24.95222,00000000aa852af1,18.79
5025,2019-08-04T12:41:11Z,89982a6acf91b79a282a6b63978e946ee205f303fcd20e944e06baf0,60.16544,24.95398,0000000038d83d41,21.87
5026,2019-08-04T12:41:11Z,8c3b1ed0846e38cc84b863a80540c8a75bfd85c8bdda36563d153110,60.16544,24.95398,0000000038d83d41,21.87
5027,2019-08-04T12:41:11Z,8c75c3289c84fe4493e1e272a77b615fe1985880c5dc68a7c1a17b53,60.16762,24.95415,000000006b44cce7,12.69
5028,2019-08-04T12:41:11Z,9843c6216661048343a0e49cf3d8aa2883cf77f452666a1c873a1052,60.16448,24.97323,0000000053c6c2be,18.79
5029,2019-08-04T12:41:11Z,9bc8068948a5b881e1bded553efe012fe129e3e4df62f64a6724917e,60.16829,24.94214,00000000afef4555,29.32
5030,2019-08-04T12:41:11Z,a5bea5a25120c383f392f08dd3bcefd19187990b1702cdc93362dd8a,60.18203,24.91341,00000000342570c2,27.28
5031,2019-08-04T12:41:11Z,a8f8130135c784b027355228017bbfe99e5a6eecec153d44b78bedd3,60.16829,24.94214,00000000afef4555,14.89
5032,2019-08-04T12:41:11Z,acd2647d413f41552b31b6e383da445c8902bc2a764d2b7791a7b164,60.16762,24.95415,000000006b44cce7,12.69
5033,2019-08-04T12:41:11Z,b5fd6b317890e5ab2d79e2cd1abe61626d45a753c7337d0d40728898,60.16762,24.95415,000000006b44cce7,16.1
5034,2019-08-04T12:41:11Z,bb98768dad0f7c52cf643f035a3e7e48f5cfe28557c66f2a75914b31,60.14699,24.922,00000000a53ed894,16.1
5035,2019-08-04T12:41:11Z,bcb0201b0a1edf350ae2f681076e7d2d48ebd94c075bd3ca59552020,60.16897,24.95222,00000000aa852af1,12.69
5036,2019-08-04T12:41:11Z,be41ebc5fb0d348fc1ef1166d44251c3112a78a4ea01aa980364ee7c,60.14699,24.922,00000000a53ed894,14.89
5037,2019-08-04T12:41:11Z,bedde70080278440cf33f510482f5dbd45ad8321fdcb248b929437f7,60.16762,24.95415,000000006b44cce7,16.1
5038,2019-08-04T12:41:11Z,c0cdd4e99cf9447e490b5cbd5e7513df9acfcbabb8bd5117c4731512,60.16075,24.95883,00000000f1124bca,17.4
5039,2019-08-04T12:41:11Z,c40c37def6bf11a63a2556519a7c6233fd417cdeea2cf14f28e7c42c,60.16531,24.9442,00000000fdda10fe,25.36
5040,2019-08-04T12:41:11Z,c97eb4181394121907d47b908495f54e5ee5145ff790f7a1dc21b3cf,60.16897,24.95222,00000000aa852af1,17.4
5041,2019-08-04T12:41:11Z,ca6927628f5ddda20036865c9345ad93d476d62ade3b181de568eed6,60.16897,24.95222,00000000aa852af1,17.4
5042,2019-08-04T12:41:11Z,cf05623e4d87ce0906c0b0b7dbf53aacc1228016cd27c341228b6e76,60.18203,24.91341,00000000342570c2,17.4
5043,2019-08-04T12:41:11Z,cfc0bedb78ded52749db3188cb188bf6a250ef5990da9c5afa9623fc,60.14951,24.92138,0000000006dd41f6,23.56
5044,2019-08-04T12:41:11Z,dcaa88e5d510f572877286b8ba0663428b2d71a50b6630460009c779,60.14947,24.91438,000000004ef3150d,5.91
5045,2019-08-04T12:41:11Z,ded49640b591e73bff71f84fb99d2739eb6c9554164a015017725e03,60.16829,24.94214,00000000afef4555,14.89
5046,2019-08-04T12:41:11Z,e8690c2d1711bc10f2d1251a3b5b1e770b98c66c384760400c604de1,60.16829,24.94214,00000000afef4555,20.28
5047,2019-08-04T12:41:11Z,e8e366e76c97944e23c0f80b4fd3ce6e5832744922297146a49f0c7e,60.16762,24.95415,000000006b44cce7,10.78
5048,2019-08-04T12:41:11Z,e96bd269a48b822b06141c3362fcb6d5ed4d0d09a120f2e4a712d5c2,60.16897,24.95222,00000000aa852af1,17.4
5049,2019-08-04T12:41:11Z,ed70dda6b7faebd4340dacdb452ab224d9d3c308df417b7fa76f54e8,60.14951,24.92138,0000000006dd41f6,21.87
5050,2019-08-04T12:41:11Z,eee5797db5c3753514933a12e2485caee4ee5803b4d830ba1c22e5c5,60.14947,24.91438,000000004ef3150d,6.46
5051,2019-08-04T12:41:11Z,efa8e25ea4c5ed441c13cffe6302f0a18f60181c6ede8e013f75a44c,60.16829,24.94214,00000000afef4555,11.7
5052,2019-08-04T12:41:11Z,f088630d7476dae7d4b7e2bb1f10575f2c89acb4b6e061f3d57c2b40,60.16531,24.9442,00000000fdda10fe,20.28
5053,2019-08-04T12:41:11Z,f29ea15113ac0eea0be8ec41c633909de4b0b9ab6c7b9898b128080c,60.16897,24.95222,00000000aa852af1,17.4
5054,2019-08-04T12:41:11Z,f6609ab1076b1105bb845595a03b41b8fbb282f79c337df5bbc9f841,60.14699,24.922,00000000a53ed894,14.89
5055,2019-08-04T12:41:11Z,f94dddacf96965952551200a02b41925bcd21402aceafb12f19931af,60.16075,24.95883,00000000f1124bca,14.89
5056,2019-08-04T12:41:11Z,fc4f3a44235f1cfc7b53f14ba2da599976a5a0a220d23b852688e485,60.17919,24.95181,000000007b5207b6,18.79
5057,2019-08-04T12:41:11Z,009ad4cd2bd97e04da44cc9789e6bdbdb899eded61d05b7d5634b7be,60.16829,24.94214,00000000afef4555,7.69
5058,2019-08-04T12:41:11Z,00a07b1f8113691d8475c54082a14cdd54decf9845a90e75df8031a6,60.17065,24.93641,000000000f4919c9,25.36
5059,2019-08-04T12:41:11Z,00b07030d00cc5582c0f1be7d73fb09e34f4018445ce11d9da8da813,60.16762,24.95415,000000006b44cce7,18.79
5060,2019-08-04T12:41:11Z,02a0c11101d94209b1945b117fe2f6c2e93cec0c5c8eb0d847b655cf,60.16531,24.9442,00000000fdda10fe,27.28
5061,2019-08-04T12:41:11Z,036c183505fea646b54aeb0c612913cafba94eca65e47d3c6d840a68,60.17918,24.95141,00000000675d5200,12.69
5062,2019-08-04T12:41:11Z,038e7f3d1d9babcdb48b63ff8e3e1ac732b3c29f665dc7d9a1819abc,60.14699,24.922,00000000a53ed894,14.89
5063,2019-08-04T12:41:11Z,04338b326fcd064c7ad1bee3fdda9918fb813f045fae6622920bdf45,60.16897,24.95222,00000000aa852af1,21.87
5064,2019-08-04T12:41:11Z,04b49a34910d12f55243dd5a756c7cc1e506e5d3cdb418cc635e9ad9,60.16762,24.95415,000000006b44cce7,18.79
5065,2019-08-04T12:41:11Z,04f35922a81b516e7028f61c6ff34faf6da85df0a5cfcefb6df1861f,60.149,24.9843,00000000fffb8cf0,25.36
5066,2019-08-04T12:41:11Z,05d441c83d2df822feaf93d7861452db7a201f22d84cfa36f421dfd2,60.16544,24.95398,0000000038d83d41,17.4
5067,2019-08-04T12:41:11Z,07bf96920dcc31dce7370ec251043acadf21127e0775bbe537e02247,60.17002,24.94407,000000006b087f40,21.87
5068,2019-08-04T12:41:11Z,0947f9d6bb6c34e382e008052b704b6521ac4f7678a2e8a719bb574b,60.15432,24.9211,0000000019fb59c4,23.56
5069,2019-08-04T12:41:11Z,0a0acb70a8ef92be52a64d4425e70bb2f7a17d13942c3382c9d68878,60.149,24.9843,00000000fffb8cf0,2.54
5070,2019-08-04T12:41:11Z,0a5ed50daf13dd10744537aa851ac7ab1d34d9797ec6ab6e2402aebb,60.16762,24.95415,000000006b44cce7,17.4
5071,2019-08-04T12:41:11Z,0a862920946d7a0dcbee7c1cf28a7b77c57763261788dbd361ed6409,60.14699,24.922,00000000a53ed894,9.92
5072,2019-08-04T12:41:11Z,0aabf0df4c3c5b45bb8950c92dbe624985f19e8650ed61f92571a65a,60.14699,24.922,00000000a53ed894,4.5
5073,2019-08-04T12:41:11Z,0acb4bd7319729fea4acf035921d1136d86a307a60b4444669cede1a,60.14699,24.922,00000000a53ed894,5.41
5074,2019-08-04T12:41:11Z,0d3525b13d674f1645fdbe6d842fe37b2f416889c5472e9dfcc5445c,60.14947,24.91438,000000004ef3150d,3.4
5075,2019-08-04T12:41:11Z,0edfab64a80649c1b0b39aec3f774c4eab39a95d487fb651e1dc3329,60.16762,24.95415,000000006b44cce7,33.81
5076,2019-08-04T12:41:11Z,0fe681ee4c4c70c99bbacaf42e0d3c9bffc5818eb71197978a94b021,60.16762,24.95415,000000006b44cce7,5.41
5077,2019-08-04T12:41:11Z,10a99e791e27975dc1c9d73d3163cabacf3bd7bd05a4f7abf6365426,60.14699,24.922,00000000a53ed894,13.75
5078,2019-08-04T12:41:11Z,10caaea8002e8b3b342b32710efdd7305ff375ca1cdc01411f66b2f6,60.14699,24.922,00000000a53ed894,9.92
5079,2019-08-04T12:41:11Z,11e86e782e9a7e18c01d0e60c9e85ea62294fb426a4c81b86c8bb8f8,60.17002,24.94407,000000006b087f40,16.1
5080,2019-08-04T12:41:11Z,120a63917cb5ab619bf9a71328f14020736ee84e75d5b37278748def,60.16897,24.95222,00000000aa852af1,10.78
5081,2019-08-04T12:41:11Z,12bf044abd7bbc406ad00d85c23d66d7464c84745bdcc47827185b3a,60.16897,24.95222,00000000aa852af1,21.87
5082,2019-08-04T12:41:11Z,13ee67fb034e3d24edc9a9618e9d6de24979ebbcb399f83abb02a897,60.14699,24.922,00000000a53ed894,2.8
5083,2019-08-04T12:41:11Z,1423891c6ee1edc7da83904378a35aef2e5797db95b117651d676934,60.16762,24.95415,000000006b44cce7,1.88
5084,2019-08-04T12:41:11Z,15ee12e5f9be00a79b0cbbc9912f51cbfa3e486624567e1bde938fb6,60.1538,24.95595,0000000038bf9618,21.87
5085,2019-08-04T12:41:11Z,161aa798c2a18e132fb27ecded773218ea4e42eabbd0e5794b1d7017,60.15432,24.9211,0000000019fb59c4,23.56
5086,2019-08-04T12:41:11Z,16ca2e50aab654110e1bb81e5e374133f99b7f103d24d5cc9635423c,60.16897,24.95222,00000000aa852af1,13.75
5087,2019-08-04T12:41:11Z,171a752ceacd35c6e27c36e67da80ba960a246c0977f0bdca139a472,60.14699,24.922,00000000a53ed894,9.92
5088,2019-08-04T12:41:11Z,1769031b7f4d75de0541e26427b9ecc92c84b80992e3b36bb8eb799e,60.16829,24.94214,00000000afef4555,14.89
5089,2019-08-04T12:41:11Z,1882b53729765cca25bc63400074242872d6fbc57882f131285b277f,60.16829,24.94214,00000000afef4555,16.1
5090,2019-08-04T12:41:11Z,194e6ced97ec114a37fe06d6d73fb687c057d411be476f1ea6f4852e,60.16897,24.95222,00000000aa852af1,17.4
5091,2019-08-04T12:41:11Z,19e53513589dcba5028a4b34911362f7371db2323ba85afdee89638d,60.14699,24.922,00000000a53ed894,17.4
5092,2019-08-04T12:41:11Z,1a93dfa31156cee53b4bd527d8b74655a5da812b6933d8a86d871e47,60.14947,24.91438,000000004ef3150d,7.05
5093,2019-08-04T12:41:11Z,1b3fba902b8d1538b508cdc228fd15fdd87f5aecb68e5611b1a4e354,60.16762,24.95415,000000006b44cce7,5.91
5094,2019-08-04T12:41:11Z,1bcef866fafad7c7460a084e0b0d27c087b549f4ae704390708be47e,60.149,24.9843,00000000fffb8cf0,8.38
5095,2019-08-04T12:41:11Z,1c669457535e4635f732c228ec524f9d2c440b0d2132fa1acd93122a,60.16897,24.95222,00000000aa852af1,29.32
5096,2019-08-04T12:41:11Z,1c7ccd5d6570d98e57ef2ebbd716b7504b138f9bb616fbeaa0d1a268,60.14699,24.922,00000000a53ed894,12.69
5097,2019-08-04T12:41:11Z,1dcb5d78c4ed02c596144501da43e29defedf2db734c34c36c9bacbd,60.16762,24.95415,000000006b44cce7,18.79
5098,2019-08-04T12:41:11Z,1de29ffd9360fbbeaef5c65201b5536524df17375122c5d2462b37ca,60.14947,24.91438,000000004ef3150d,23.56
5099,2019-08-04T12:41:11Z,1e24a2120b13c780dbb3a67a73f5058d1847f126fd5f5952e6dddcd3,60.16075,24.95883,00000000f1124bca,14.89
5100,2019-08-04T12:41:11Z,1e2d2a3e069b031861ec5a6b61ca518c2ccb1521ee29e9f82f175508,60.16829,24.94214,00000000afef4555,13.75
5101,2019-08-04T12:41:11Z,1e63d2090b520af23ca3d2c9a05047dc0b0c63f7471b86e9d9f3e7cc,60.16629,24.95957,00000000fb7600be,20.28
5102,2019-08-04T12:41:11Z,1efd3fbd32cdfc27dbc1c02c60e780bfb7d07f0fe1f00c72998f2892,60.16897,24.95222,00000000aa852af1,17.4
5103,2019-08-04T12:41:11Z,1f74037ecab4dbdc5db1a8dc8b583a86630f86a5f2d0a5167b7fa605,60.18203,24.91341,00000000342570c2,17.4
5104,2019-08-04T12:41:11Z,1f81ed7274add201d3059d4a37e2bbe86b6ae1f0fd42a16d7b8dccaa,60.14699,24.922,00000000a53ed894,12.69
5105,2019-08-04T12:41:11Z,203a0c145a43c9a18f8c2a5ba4e18882e7430662bb4ac0e56ab37578,60.17065,24.93641,000000000f4919c9,10.78
5106,2019-08-04T12:41:11Z,203ea7cefd45873084263df2b0f41ad7b2e8878222fb6a53c263c534,60.16829,24.94214,00000000afef4555,12.69
5107,2019-08-04T12:41:11Z,20ac7b2ace7c0038aa8df01b9281a9c54f1551fc8ab9b662b1f1ca22,60.18203,24.91341,00000000342570c2,9.12
5108,2019-08-04T12:41:11Z,21eed3ade733687b8f56fade8290819b7c6b4a9f38468979fe692c3e,60.16762,24.95415,000000006b44cce7,8.38
5109,2019-08-04T12:41:11Z,2204ba387d2db0e7d2ca03f7ace46abff8d141668b73c75a1879d7ba,60.14947,24.91438,000000004ef3150d,6.46
5110,2019-08-04T12:41:11Z,22fe9a06fba1036e8eafd726bc450095b1893be067f475e1882bb704,60.14699,24.922,00000000a53ed894,6.46
5111,2019-08-04T12:41:11Z,231026899a6d5b326cb5b1e38b182ca1acb77c7e27bc2378973b29db,60.16629,24.95957,00000000fb7600be,11.7
5112,2019-08-04T12:41:11Z,23337c2812924a07e4f0bbc92e56d1f85ea40208b6b987f4afc686cf,60.16897,24.95222,00000000aa852af1,21.87
5113,2019-08-04T12:41:11Z,244b51aa4a7059ba782925258111c295aa4de9596025c55ccd5580ac,60.16829,24.94214,00000000afef4555,12.69
5114,2019-08-04T12:41:11Z,2551a9e1b8a03c8e0e378ed37c0130b6e4105ec6b949de9e5a670be8,60.14699,24.922,00000000a53ed894,11.7
5115,2019-08-04T12:41:11Z,2607d1b2fc6e31a80348fffbed68a7d3a8e0212f197f2d1c573c587b,60.14947,24.91438,000000004ef3150d,3.09
5116,2019-08-04T12:41:11Z,269124e75b1e74a7c7dc93b778e02f04d0a53e069a90081c0938ee4c,60.14699,24.922,00000000a53ed894,10.78
5117,2019-08-04T12:41:11Z,27d4452dcae7c8e389fc21669cb3ccaedac87d45d4b1a50131c939e4,60.16762,24.95415,000000006b44cce7,6.46
5118,2019-08-04T12:41:11Z,28b43564f7156b67db7cb7b779e948986d7610f921490f9030379704,60.16897,24.95222,00000000aa852af1,7.69
5119,2019-08-04T12:41:11Z,28d2c3282e9f8fec67baec7992dcd800c45b67071e33cb118905a6b3,60.16829,24.94214,00000000afef4555,3.09
5120,2019-08-04T12:41:11Z,2969cdb120f2d285c556abfe5bac2f8090571f61aba227a474a534d2,60.17065,24.93641,000000000f4919c9,14.89
5121,2019-08-04T12:41:11Z,2a47bdc66249162a9588347a6cbe7895fe798bb25c1194cd69fb1e8b,60.14699,24.922,00000000a53ed894,8.38
5122,2019-08-04T12:41:11Z,2b9b246647a57878b7a18e94ce4a9117d0c595020ff1b8fa27988756,60.16897,24.95222,00000000aa852af1,21.87
5123,2019-08-04T12:41:11Z,2e86f9a432e00fa6ff5b8744ffecbe22a02b4316779bc8b4078af2e2,60.149,24.9843,00000000fffb8cf0,23.56
5124,2019-08-04T12:41:11Z,2ee2e108ed9051b1ccf4d3ee89931dfd53170af0b558fa6579b83e8d,60.15432,24.9211,0000000019fb59c4,16.1
5125,2019-08-04T12:41:11Z,2f08dbfbbe5577f04ea9826f72d5452ddf5fd9bb892769382ea5a4ca,60.16762,24.95415,000000006b44cce7,9.12
5126,2019-08-04T12:41:11Z,32708990f2c831e65f70f2682baf5188fc93348b9a9e78ada8db2bf4,60.14947,24.91438,000000004ef3150d,2.8
5127,2019-08-04T12:41:11Z,32f77f5019e5fce30881c214487361e2e34b8c93277f6e546de72012,60.1638,24.96846,00000000d747f075,29.32
5128,2019-08-04T12:41:11Z,33634cb1e3fc5d4a621e8717d203da8533ed27531a70c6cbe3abf3fa,60.16762,24.95415,000000006b44cce7,2.08
5129,2019-08-04T12:41:11Z,33ec502792a84f23fed03cf16e483d153c65e2850a2549f47034726a,60.16762,24.95415,000000006b44cce7,2.8
5130,2019-08-04T12:41:11Z,348d0f13ec830589831a973041803bc7b6c0f0b5f6e5a84e47f292d3,60.17002,24.94407,000000006b087f40,29.32
5131,2019-08-04T12:41:11Z,349dd839e41cff363cc4b935496e52b93be15233e508aa82987859bd,60.16075,24.95883,00000000f1124bca,20.28
5132,2019-08-04T12:41:11Z,34fddf0f4ea194b9720451d11a9de76225577536681d4f4b0a00b860,60.16829,24.94214,00000000afef4555,9.92
5133,2019-08-04T12:41:11Z,352427714fc6e8591df6bd227dde05d3b7ba0881742eee4ae750dcc4,60.15432,24.9211,0000000019fb59c4,27.28
5134,2019-08-04T12:41:11Z,358d7986d5bf2a0624fb1412a157b3c7b12f90653457e15a76bbdf50,60.16629,24.95957,00000000fb7600be,9.12
5135,2019-08-04T12:41:11Z,35a958343879c000cfc3f0c01afbc7d54934265828677bf4aefef84f,60.14699,24.922,00000000a53ed894,10.78
5136,2019-08-04T12:41:11Z,35e6e075578d7a51e510bf8904bde33f1d117264eea0917db98d4808,60.16897,24.95222,00000000aa852af1,9.12
5137,2019-08-04T12:41:11Z,36f876050503d244f74f3cbadcef716904eb2b245190d474b0cfa794,60.16762,24.95415,000000006b44cce7,5.91
5138,2019-08-04T12:41:11Z,37945fa4e7409fab98aa8bde45081f5bd083def0059485274ad552c0,60.17919,24.95181,000000007b5207b6,9.92
5139,2019-08-04T12:41:11Z,37b4192b51c9589b8791bc2e9f830dd541c0e77fd03e7a85a51b68e5,60.16544,24.95398,0000000038d83d41,21.87
5140,2019-08-04T12:41:11Z,38e15f5aeb58c22ca456fc4d3a14f3b4d9f1fac43de070d2565eb1d3,60.16897,24.95222,00000000aa852af1,18.79
5141,2019-08-04T12:41:11Z,39310ebca1ad756aa2bfcb16c912cb7003ef3e7286a1f037603ade61,60.14699,24.922,00000000a53ed894,11.7
5142,2019-08-04T12:41:11Z,39384affce73de5534e6b28e6757781ad6130ef205ee585f3c64b58e,60.14951,24.92138,0000000006dd41f6,18.79
5143,2019-08-04T12:41:11Z,39f03a3a5fd777feee270921a7f51daec12ea679b542b0aaf2e808d7,60.149,24.9843,00000000fffb8cf0,17.4
5144,2019-08-04T12:41:11Z,3a6ce73ea4c03a14fc0d3d099e4698d3c1051a2e8e4bd552d5de394d,60.14947,24.91438,000000004ef3150d,3.74
5145,2019-08-04T12:41:11Z,3abc507346480858d62b69d6e29c3b0700ac193520668e17a4ce7cbb,60.16762,24.95415,000000006b44cce7,9.92
5146,2019-08-04T12:41:11Z,3af48668fcfc51b261558246e08ae2f7f3bb9d4252e908e38c9db003,60.14699,24.922,00000000a53ed894,29.32
5147,2019-08-04T12:41:11Z,3b73bf57d223bcb9b930ee8619e6603e52485b221389c64d85614baf,60.16897,24.95222,00000000aa852af1,4.5
5148,2019-08-04T12:41:11Z,3be48824225ca9f2aea5653f6ce21181a76e67a8d4b8361f0cba1f8a,60.14947,24.91438,000000004ef3150d,13.75
5149,2019-08-04T12:41:11Z,3e4965f1ed580ddf80246b1b78cbc55b73c11d67573d9cede2a7ccf7,60.16829,24.94214,00000000afef4555,13.75
5150,2019-08-04T12:41:11Z,3e9bb396fbc83c420e59acae7d393de6b4add7ec1dda523b9eaee7a5,60.16075,24.95883,00000000f1124bca,31.5
5151,2019-08-04T12:41:11Z,3ea5c91c32a318cb798767914dd025c2791a8c19e81c10c22f649247,60.18203,24.91341,00000000342570c2,38.87
5152,2019-08-04T12:41:11Z,3ec0a34310840b3aa1aa32a3f2bffbe426e91a242dc6eb5c1e86bba7,60.16448,24.97323,0000000053c6c2be,23.56
5153,2019-08-04T12:41:11Z,3f78229668030150fc4e03aed54ed23a2f6ac9c23a0c9bc0d6da03f4,60.16531,24.9442,00000000fdda10fe,25.36
5154,2019-08-04T12:41:11Z,409be16c4d34b9e76ac22ea0e8e282da3e9d169fe77ff5ea52a72883,60.14699,24.922,00000000a53ed894,17.4
5155,2019-08-04T12:41:11Z,4157eed3f2574f5f9b1f7c3ccc1c36e181e82585ec5d491a1aedc6c9,60.16762,24.95415,000000006b44cce7,12.69
5156,2019-08-04T12:41:11Z,42052b48fa907a3f9ad0a511096b057331f7a11a1be046a63fb9629e,60.14699,24.922,00000000a53ed894,13.75
5157,2019-08-04T12:41:11Z,420a59f353abfb4315bb8ae460abf43605def7e1e74520dee3bb41c8,60.17002,24.94407,000000006b087f40,25.36
5158,2019-08-04T12:41:11Z,42168beaa0acd47be6bf8e4209edb348c9d27b18517c7420d454a24f,60.17065,24.93641,000000000f4919c9,27.28
5159,2019-08-04T12:41:11Z,429363aca20efd1e564b3ac367b9eb4702cce1afbe6a22dccb543a7f,60.16075,24.95883,00000000f1124bca,27.28
5160,2019-08-04T12:41:11Z,42d4eb6044091814f327d0b01dc9ae701506417af1a8ab7f4161650d,60.14951,24.92138,0000000006dd41f6,16.1
5161,2019-08-04T12:41:11Z,42da4298ed9f522421f17714e024d9b8fe22e7546df3deeb8b139bd3,60.16075,24.95883,00000000f1124bca,4.5
5162,2019-08-04T12:41:11Z,4533d27e96c5c6637ddff4243672d658fea4004970652882357105a9,60.14699,24.922,00000000a53ed894,17.4
5163,2019-08-04T12:41:11Z,457d11209b95b153efb57d8f2641f2db0823e91a0d608fa0555a5b69,60.14699,24.922,00000000a53ed894,4.5
5164,2019-08-04T12:41:11Z,4602ff9d03f6bf4fbb82976098cc1c73e7a7e754050401c772d1406e,60.14947,24.91438,000000004ef3150d,17.4
5165,2019-08-04T12:41:11Z,467a01a257fbaad22bd4aebafc8f284c9ad3effc429475e57c214e9d,60.14699,24.922,00000000a53ed894,9.92
5166,2019-08-04T12:41:11Z,47b8aba771bed6ec3a7d57932c44fe859bcf6300054b3acc9d885105,60.14947,24.91438,000000004ef3150d,8.38
5167,2019-08-04T12:41:11Z,47bc9ff9097f9ef5f1862e48b4a42f6a9ddd30c4ef2b6eb43291a7a5,60.14699,24.922,00000000a53ed894,20.28
5168,2019-08-04T12:41:11Z,48d0a198e7445da9f7df3cb2cedef7dc861fe850deff789f6ad61d36,60.14947,24.91438,000000004ef3150d,11.7
5169,2019-08-04T12:41:11Z,48f665ebb1a71b0d84fc02bd71918c5ab5608328db534639cbd2a255,60.14947,24.91438,000000004ef3150d,7.69
5170,2019-08-04T12:41:11Z,4a565a7be2bb822523480c6ca86154a466bf189290f87a0ef118f8b7,60.149,24.9843,00000000fffb8cf0,18.79
5171,2019-08-04T12:41:11Z,4b1050cc517631e36206d3528399c0b14748daec8c7d1b5dfa412299,60.15432,24.9211,0000000019fb59c4,9.92
5172,2019-08-04T12:41:11Z,4b85388cdaec2b4c15b546160ee326d9668a5e5d3c7b08d0c539946e,60.17918,24.95141,00000000675d5200,10.78
5173,2019-08-04T12:41:11Z,4be50f3eb033f3f46e3069049c8e0a34dc8a2607741c1764369ba4c2,60.16762,24.95415,000000006b44cce7,8.38
5174,2019-08-04T12:41:11Z,4ebdb6165c5d4892cdc21711313b98b1545bececfb886192c6f0ef22,60.16762,24.95415,000000006b44cce7,13.75
5175,2019-08-04T12:41:11Z,4efc969b8b738c051c221bf9d7829089b44cec23dd378fd86e7fb8be,60.173,24.92524,0000000096918cfa,31.5
5176,2019-08-04T12:41:11Z,4f387b8eb5373361960a83c899f3753098c010a7b841c2bd861bfc91,60.16629,24.95957,00000000fb7600be,25.36
5177,2019-08-04T12:41:11Z,4f4940c5c77737c5b8f2fbd5a1b65886ea5f6e0e4fcd50447e11ce21,60.16075,24.95883,00000000f1124bca,16.1
5178,2019-08-04T12:41:11Z,514a3981fad6c695ac4940f09374b5d1c2e84d2ca835084ef8707714,60.16075,24.95883,00000000f1124bca,7.69
5179,2019-08-04T12:41:11Z,51b3c7870a399165f0d1d14f7d21688df32b0360f9cc6f3ca61890d8,60.16829,24.94214,00000000afef4555,12.69
5180,2019-08-04T12:41:11Z,52072bd384eaaf4a6958af5510ed039d194dee47f34667bc7bccbe0e,60.14699,24.922,00000000a53ed894,11.7
5181,2019-08-04T12:41:11Z,5263c8fd413ee308494f18228802330e278acc648b425bb454951db5,60.16075,24.95883,00000000f1124bca,4.5
5182,2019-08-04T12:41:11Z,52939581c6c8dd3407dbf44ea9e90471e4bbadfb7e3740a0ba8324f3,60.14699,24.922,00000000a53ed894,5.91
5183,2019-08-04T12:41:11Z,52f0e69ca7a5cebe604c1f32308dc7f8870d1d85cd4b25ad17f706e9,60.14699,24.922,00000000a53ed894,8.38
5184,2019-08-04T12:41:11Z,53f1f84f2f1f0ea7eb59dd269d86fae99cc25ee089a48f249de1aaec,60.16897,24.95222,00000000aa852af1,29.32
5185,2019-08-04T12:41:11Z,54065d53a62079540c4be1e19eafa5dd581e8ec35da0c31844438e0b,60.149,24.9843,00000000fffb8cf0,27.28
5186,2019-08-04T12:41:11Z,5554305bad43a71cf98d83e92708c7474c1efc189392c1ea94231e9c,60.16531,24.9442,00000000fdda10fe,10.78
5187,2019-08-04T12:41:11Z,560205233dc9b13886248fb6e54ee21dc3b287080072641e01e08dac,60.16075,24.95883,00000000f1124bca,21.87
5188,2019-08-04T12:41:11Z,56b8eace741e5227a40ea0a64601a737648080c63d6240b0dca632c4,60.16075,24.95883,00000000f1124bca,23.56
5189,2019-08-04T12:41:11Z,570dc61d53aec66ede39dfde66339640878453afc00cd1a55c60bca7,60.16544,24.95398,0000000038d83d41,18.79
5190,2019-08-04T12:41:11Z,571934189bf349efb6f596e76c21612cf9b82ed44913090169936048,60.17065,24.93641,000000000f4919c9,12.69
5191,2019-08-04T12:41:11Z,57f88614f91a133004ac1a6dea31a4090f899646a5f62ece691d87af,60.16762,24.95415,000000006b44cce7,8.38
5192,2019-08-04T12:41:11Z,583a35aa08fe45f96deb91a9f4b9317e86eddeee0d636cc11b3e2df8,60.16762,24.95415,000000006b44cce7,13.75
5193,2019-08-04T12:41:11Z,58411163d307bb308f9c94a9720e9ce5ab0ce4f5617cd2b1fcc2037a,60.16762,24.95415,000000006b44cce7,10.78
5194,2019-08-04T12:41:11Z,584cb0b0cdd14e608c8b57c8aecc9826f9b40027e365e2438a444ea2,60.16762,24.95415,000000006b44cce7,14.89
5195,2019-08-04T12:41:11Z,5b102c62b98f29bd801e4dd0e9ddbc113db3faa38d59990b9ba5e9ec,60.173,24.92524,0000000096918cfa,38.87
5196,2019-08-04T12:41:11Z,5cd5117066c75a1cb83d3896a7eba3f3472e133f0013ea7d4e95daaa,60.14699,24.922,00000000a53ed894,3.4
5197,2019-08-04T12:41:11Z,5d70086d53447ee393249cef33c7bae814c1d7c2e3055fc91b38786c,60.17918,24.95141,00000000675d5200,5.91
5198,2019-08-04T12:41:11Z,5e53be1d47b3cceeb6ea9406c75327379c8ee8abc68da605b7758e85,60.14947,24.91438,000000004ef3150d,7.69
5199,2019-08-04T12:41:11Z,60d9b71ec38b796bf876dedfaf3112b49ff79677480c7603902857ae,60.14947,24.91438,000000004ef3150d,12.69
5200,2019-08-04T12:41:11Z,614ab7fba7255f6bf6f888e9a04d589962f756b3f427e658f10014f2,60.16075,24.95883,00000000f1124bca,5.91
5201,2019-08-04T12:41:11Z,6187e3415bcea985be770b4a90f3ed56fbfff1aa331759d34ccbd4ee,60.16897,24.95222,00000000aa852af1,25.36
5202,2019-08-04T12:41:11Z,623a1746eaf8ae2f9a6eb28842e9699551c46f4b1c799eb6285f5a13,60.16762,24.95415,000000006b44cce7,9.12
5203,2019-08-04T12:41:11Z,62a6fe2d9b3b5b4533c51253f8842428bd797b3c6a95a7816ec472ed,60.14947,24.91438,000000004ef3150d,4.94
5204,2019-08-04T12:41:11Z,63a87f20dbfd068c086129312c165b6e9b1da2ea6c999be1dd1b8391,60.16762,24.95415,000000006b44cce7,14.89
5205,2019-08-04T12:41:11Z,63d99db5b2b7360c501446ea5e89feba9bd1c6735a7670039916f2ad,60.1538,24.95595,0000000038bf9618,33.81
5206,2019-08-04T12:41:11Z,63defb71d4c3856253a0a2d67a5c370b91ad0527703b334a63fe5344,60.14947,24.91438,000000004ef3150d,21.87
5207,2019-08-04T12:41:11Z,641e8defb97171d160f062c4bc3e9d06346f10d5246e6aeac935e1a9,60.16897,24.95222,00000000aa852af1,25.36
5208,2019-08-04T12:41:11Z,643ef3f01a51bea3c4510d4060a945cd510e5189236d68f5c9489034,60.16829,24.94214,00000000afef4555,1.01
5209,2019-08-04T12:41:11Z,64638a9f9e6c9b32fc4b484b55e4934fcab6cb04605cc76d5f5534b7,60.17065,24.93641,000000000f4919c9,13.75
5210,2019-08-04T12:41:11Z,64ceacd0e9e50e99269c384e6468a0672028d8296e79095c68f8eb98,60.16531,24.9442,00000000fdda10fe,27.28
5211,2019-08-04T12:41:11Z,64d86288e491374eed34c68c82763c2e5dbc87113cf5ca44f23233ba,60.16829,24.94214,00000000afef4555,11.7
5212,2019-08-04T12:41:11Z,64e34af775b57908b23056a31d60ef3b005941f2e7c3db0c49df675d,60.17065,24.93641,000000000f4919c9,36.27
5213,2019-08-04T12:41:11Z,6503762f2cac51cc2b74da1efa6b16583ed11c9a528d7716b7829c0b,60.16829,24.94214,00000000afef4555,13.75
5214,2019-08-04T12:41:11Z,6516a10850095847a8156717b0fba05a9bdc9b5bfedd691ddb07f119,60.14699,24.922,00000000a53ed894,11.7
5215,2019-08-04T12:41:11Z,6525cc634176c25187e68e0d067bcfecfd78e399e93db4ee9d408b7e,60.17918,24.95141,00000000675d5200,12.69
5216,2019-08-04T12:41:11Z,655204cb507ea9ae811105cdcd766161facaa9f729017a333f102391,60.149,24.9843,00000000fffb8cf0,18.79
5217,2019-08-04T12:41:11Z,65de3b8621fadfc61e9d3657dc477ea9867f9d093f80cf0857dcad88,60.16762,24.95415,000000006b44cce7,10.78
5218,2019-08-04T12:41:11Z,6723bebaab92d1a9f8b4318fd4f497a6dec6d7f8e0eafca443925213,60.16075,24.95883,00000000f1124bca,20.28
5219,2019-08-04T12:41:11Z,67591d427f60ba3c369ac0d78088fca7be33081501508d16401dd6cb,60.16762,24.95415,000000006b44cce7,8.38
5220,2019-08-04T12:41:11Z,675eacdf32b5b831fd118fc5539eea4b3cef4bd11e2e1706a9571222,60.16829,24.94214,00000000afef4555,8.38
5221,2019-08-04T12:41:11Z,6774ed72eaf69d7c4aaeeef90990f969954155bbcc52652e75e7deef,60.16829,24.94214,00000000afef4555,4.5
5222,2019-08-04T12:41:11Z,677c53ae4056d6cb123ca576ba5284664b1c7e3e88818bd19b5dd99a,60.17919,24.95181,000000007b5207b6,23.56
5223,2019-08-04T12:41:11Z,6875e3632a29207e29ded33617e66d55de5d8c7804fecedd6f1dfe12,60.14699,24.922,00000000a53ed894,3.74
5224,2019-08-04T12:41:11Z,69375ef968867906fc11b34d1e2c4b436d452cd47cb577a7f9e566ef,60.16762,24.95415,000000006b44cce7,7.05
5225,2019-08-04T12:41:11Z,6981f80baeddf7459b67845f82744390c976c013f3a4883a53556fc7,60.16762,24.95415,000000006b44cce7,27.28
5226,2019-08-04T12:41:11Z,698b200b63a644828a7314691a16af2af1bccef75d52abb5591a5542,60.14699,24.922,00000000a53ed894,7.69
5227,2019-08-04T12:41:11Z,69f1de5049f5731749defe893b8ae9ada4f5f788a994b8f7413ef657,60.17002,24.94407,000000006b087f40,12.69
5228,2019-08-04T12:41:11Z,6b97071051ccf5db7e5ebee033d4f68d58ed6917ff2fac5b205a6605,60.17065,24.93641,000000000f4919c9,10.78
5229,2019-08-04T12:41:11Z,6c7e018abdf8462af7c7b003bc30f915184f7082e9e865a2c502eed5,60.14699,24.922,00000000a53ed894,11.7
5230,2019-08-04T12:41:11Z,6e02e56515cc7fe0dad26d8d87ec7b37994e59323b1cf31791116f49,60.17002,24.94407,000000006b087f40,25.36
5231,2019-08-04T12:41:11Z,6f3dd17e40daabb4efe868f1b859dc00ecc01846f0a0e2b8db5d1413,60.17918,24.95141,00000000675d5200,16.1
5232,2019-08-04T12:41:11Z,6fc3823219441524e7f749dc3371bfb8c670faa9d4427a5ededed22d,60.16762,24.95415,000000006b44cce7,11.7
5233,2019-08-04T12:41:11Z,6fdf4cfc3a0774e204869ab43ef69c6306cc40c0fd8bbb0f8b505e3a,60.16829,24.94214,00000000afef4555,18.79
5234,2019-08-04T12:41:11Z,70c56152af84cf1bad4d19b0cb31202232b4cd4320ce5ea48895e42b,60.14947,24.91438,000000004ef3150d,5.91
5235,2019-08-04T12:41:11Z,71479e7c1c4fd96468f16800ff04484480c76e0953d2074500b0df31,60.17919,24.95181,000000007b5207b6,20.28
5236,2019-08-04T12:41:11Z,7176e4b517010283d61468978a67a0e6d800f7b66219728174074b97,60.14947,24.91438,000000004ef3150d,16.1
5237,2019-08-04T12:41:11Z,71c360c0ae36f964d9ca7957d318abe8f1933c8220f225231eb33b39,60.18203,24.91341,00000000342570c2,18.79
5238,2019-08-04T12:41:11Z,72231bca658d3a16f3bf9c26ba5f13393b8377e4ab0b9ed3de6c811f,60.14699,24.922,00000000a53ed894,23.56
5239,2019-08-04T12:41:11Z,72e4de5ded503a6b09635fc51a720ce504c9e77552bc2ffae8d6cae3,60.14699,24.922,00000000a53ed894,9.12
5240,2019-08-04T12:41:11Z,733f21ebebe353e10a55a74b40a0a480e6d276334d4f3d8bcf85b711,60.16075,24.95883,00000000f1124bca,18.79
5241,2019-08-04T12:41:11Z,759f94c852ff15ca91c3138913c3858c4801702f8f0514ae82fb2a19,60.16897,24.95222,00000000aa852af1,9.12
5242,2019-08-04T12:41:11Z,7664b7f08aaa059ecf6646a595c33fae0c80715febe63e31f45a4662,60.16762,24.95415,000000006b44cce7,8.38
5243,2019-08-04T12:41:11Z,777cceac7be6303a1c82f7cc68061528b01e3aa1b3aa6481cad9e5e3,60.16075,24.95883,00000000f1124bca,9.12
5244,2019-08-04T12:41:11Z,7790740c47ee85dfd8928c233eb2fe11e25cc9dc3f1403e5cad4a7b9,60.14699,24.922,00000000a53ed894,27.28
5245,2019-08-04T12:41:11Z,77a12194b9a6789f4b2b8c07ae7fce3c2b531cb221e5fa7ca5deae55,60.16897,24.95222,00000000aa852af1,10.78
5246,2019-08-04T12:41:11Z,79bde23c1a8980f93a65e14306f0d8ea89e164430d8b991e2bfee82e,60.16531,24.9442,00000000fdda10fe,23.56
5247,2019-08-04T12:41:11Z,79d26f15a82c94ac5d05e0f2b6a6beeae1f407972ec39665d7ab9535,60.16829,24.94214,00000000afef4555,2.8
5248,2019-08-04T12:41:11Z,79f9a99adf4ab822a772ed093aea2e7fe2345d2156fe28b7fe2fe11f,60.16075,24.95883,00000000f1124bca,27.28
5249,2019-08-04T12:41:11Z,7a0c0b525f2d3eed6c873bd3b8d27bede551fe4a428ac15c23deadae,60.16075,24.95883,00000000f1124bca,9.92
5250,2019-08-04T12:41:11Z,7a4a06d20ebe57d94e5fceeaf47d5b56ad9a515818e9c20e21a80e61,60.16629,24.95957,00000000fb7600be,12.69
5251,2019-08-04T12:41:11Z,7ab335e046f7f3597f8f615a90857885e35cfecefebd5d24bbf0af90,60.16075,24.95883,00000000f1124bca,8.38
5252,2019-08-04T12:41:11Z,7ad93fed82e41ea4422fa101badc698b0328c3ebf0f6b73c5164d438,60.16897,24.95222,00000000aa852af1,20.28
5253,2019-08-04T12:41:11Z,7af6672e274ebe27cdb785373a857fc5bcad92a386c36dbe3221d4f4,60.14947,24.91438,000000004ef3150d,9.92
5254,2019-08-04T12:41:11Z,7bb67bcf014747e5d826f95c610d36492f31095552417a0864475491,60.14951,24.92138,0000000006dd41f6,21.87
5255,2019-08-04T12:41:11Z,7d9a3d84c09c3a8d6876389e216e0278048d6b924890fb275a078ffb,60.16531,24.9442,00000000fdda10fe,0.84
5256,2019-08-04T12:41:11Z,7e31a4896ab0ff539440898dfabd8305df79869bff52da941016d1cc,60.1538,24.95595,0000000038bf9618,31.5
5257,2019-08-04T12:41:11Z,7e36fb1182193c51358dce0d239803bfdf30236f61f0352edbb1ad75,60.17065,24.93641,000000000f4919c9,27.28
5258,2019-08-04T12:41:11Z,7f786ec8e06f1ca3bdd10fc60d0114baf354125b8f6cf796d197f4cc,60.16075,24.95883,00000000f1124bca,2.54
5259,2019-08-04T12:41:11Z,7fe10e69931c2d658099a314f3fce64865329e12a7b834c375e2d5d2,60.14699,24.922,00000000a53ed894,9.92
5260,2019-08-04T12:41:11Z,80aec8656b3422b9e9819007367c799a4e108fee246063f9117203e4,60.1538,24.95595,0000000038bf9618,25.36
5261,2019-08-04T12:41:11Z,80c15ea4e856235202bc4bd23b0db3a8e96ab3577162006f8e87dc36,60.16629,24.95957,00000000fb7600be,23.56
5262,2019-08-04T12:41:11Z,80cbcb887f3e351e3bef7c5f53dccc578cc3494feec514aed7015c0d,60.16075,24.95883,00000000f1124bca,3.4
5263,2019-08-04T12:41:11Z,82411c6526228322a61f59259f13adf7cde62bd767587b6735867705,60.17918,24.95141,00000000675d5200,6.46
5264,2019-08-04T12:41:11Z,82ce8c2420645d1eeed2751616ac691b53855581110be4cc97a61036,60.16897,24.95222,00000000aa852af1,25.36
5265,2019-08-04T12:41:11Z,83073c017c8293e4b6eab781fbc2147fafa144d33b3618abd1ae5d90,60.17065,24.93641,000000000f4919c9,33.81
5266,2019-08-04T12:41:11Z,83121a75723643c48e3c3b0a3ea5fccb532046432ca445833e8de06a,60.16762,24.95415,000000006b44cce7,6.46
5267,2019-08-04T12:41:11Z,848fdb054358a3fca79c0246f01263c92b5b48aee6b9fb6e260d7a0b,60.16829,24.94214,00000000afef4555,25.36
5268,2019-08-04T12:41:11Z,849a662d95d4185421aff7c6213ba5d7b84cfc58c9fb30ff34054e4c,60.16075,24.95883,00000000f1124bca,7.69
5269,2019-08-04T12:41:11Z,857f5ab05809fdb94740616b8d6662aa2458c4a6009e6f717f8933fb,60.17002,24.94407,000000006b087f40,29.32
5270,2019-08-04T12:41:11Z,859b417d0b562f5c4ab33c3877c95cd7cbb332db91dcd0f4e7a4f3b6,60.14699,24.922,00000000a53ed894,8.38
5271,2019-08-04T12:41:11Z,85d67c3be46ecb66832dfd9090a931e1be3dd056f718ea6786622131,60.16897,24.95222,00000000aa852af1,18.79
5272,2019-08-04T12:41:11Z,868cd7608ed6beb209db2aad8c71f56b8aec3a6b453be18e4af217a2,60.17065,24.93641,000000000f4919c9,13.75
5273,2019-08-04T12:41:11Z,87bb1abe21abfcb5e5c2039e579cff7ca863a6019207db356de5b7c2,60.14699,24.922,00000000a53ed894,21.87
5274,2019-08-04T12:41:11Z,885bcc6af7d0aa9718fe1030e32ffff1de5171ae5ef67cf0011874fb,60.14947,24.91438,000000004ef3150d,16.1
5275,2019-08-04T12:41:11Z,8947a5209f3b32173d3dc72792039edf94a2711741ab041b62b30643,60.16762,24.95415,000000006b44cce7,4.94
5276,2019-08-04T12:41:11Z,896f7e896dc6f1ea44b82bf968a988cc10c358ee34821d9d7a4bd07a,60.14947,24.91438,000000004ef3150d,4.11
5277,2019-08-04T12:41:11Z,8a08b2de43a9ef03cf96610718c908e69dcacc59f536a7135b7bb542,60.16629,24.95957,00000000fb7600be,9.12
5278,2019-08-04T12:41:11Z,8a9eedc7cf775ab4e9ad2e20bdcbcbe1635808b418eedcdcceda7834,60.16762,24.95415,000000006b44cce7,9.92
5279,2019-08-04T12:41:11Z,8b641985c793a3f25a45b2460cb01f5baa6f339c6dd26ba7752d8a7a,60.16897,24.95222,00000000aa852af1,10.78
5280,2019-08-04T12:41:11Z,8ba6cfc17ca70e8304994e018ebd5eb2003177062cde05925d5cacb3,60.173,24.92524,0000000096918cfa,10.78
5281,2019-08-04T12:41:11Z,8bbf5422247a0a6be314130d8fd9ae1814401b75acf3b3ce2da9620c,60.14699,24.922,00000000a53ed894,13.75
5282,2019-08-04T12:41:11Z,8d528b00553162a9dd47d2296d15b2fad89aad6a508424d4589618a1,60.14947,24.91438,000000004ef3150d,10.78
5283,2019-08-04T12:41:11Z,8d73f674010f5cb02e8f20251ed86a9afcb7f6b3926039470296bd00,60.17065,24.93641,000000000f4919c9,20.28
5284,2019-08-04T12:41:11Z,8d8a869e83fe2ac29e791666634a33af3ea4048ea4e752b6fb1e238c,60.14947,24.91438,000000004ef3150d,9.92
5285,2019-08-04T12:41:11Z,8dcf139eb279bcc2696420ba9da858e361600ff02cd29587f66660ec,60.16897,24.95222,00000000aa852af1,14.89
5286,2019-08-04T12:41:11Z,8ea568829e5988a5f43e50f26b5973af251de668f8f500a81c34511c,60.1538,24.95595,0000000038bf9618,50.98
5287,2019-08-04T12:41:11Z,8edd2176e127f8d3baff43afa20a9869b1e3a4f6df8a0930b52064d1,60.14699,24.922,00000000a53ed894,27.28
5288,2019-08-04T12:41:11Z,8f62b1c9da034390f954b636984feef9d7735e321ca625a4e715624f,60.16897,24.95222,00000000aa852af1,14.89
5289,2019-08-04T12:41:11Z,9023a89a49a372e5f97cf86ef1b5de0164eb67cc10d394d383ab75fd,60.16829,24.94214,00000000afef4555,9.12
5290,2019-08-04T12:41:11Z,920dc90f60b295267f63efc8f968408087b71878dc3f49f0ded1c41e,60.17918,24.95141,00000000675d5200,8.38
5291,2019-08-04T12:41:11Z,926717d61529080dfc4c7f8cdcdc82c6490d2a5129474524b8c40ea4,60.16829,24.94214,00000000afef4555,18.79
5292,2019-08-04T12:41:11Z,93a2100e233b204243f7e69b68dea7c9a145d1b5384bd18359bf87a3,60.16531,24.9442,00000000fdda10fe,1.7
5293,2019-08-04T12:41:11Z,9575ef1c44f26f0301d726029c8b1c28011a4724496943451bee6544,60.14947,24.91438,000000004ef3150d,5.91
5294,2019-08-04T12:41:11Z,97264f5808fa13851dacabf0c98525eec29849ff4b6a744cc777fd5b,60.16075,24.95883,00000000f1124bca,17.4
5295,2019-08-04T12:41:11Z,9862cafd709b75d07c83b397773e0cf33564666cb81814bdbf5e54f2,60.16897,24.95222,00000000aa852af1,18.79
5296,2019-08-04T12:41:11Z,992f6feda52c82ad67e40af55b5602bb22411020701998c6bd65faed,60.16762,24.95415,000000006b44cce7,13.75
5297,2019-08-04T12:41:11Z,99753600aa90a43c336153dd03985a2996b7bc6052086f503020518c,60.14699,24.922,00000000a53ed894,10.78
5298,2019-08-04T12:41:11Z,9a9db814dfa74ca2c2d51496299715310e81c6e6525cc9d2cb0762eb,60.16897,24.95222,00000000aa852af1,21.87
5299,2019-08-04T12:41:11Z,9b8ce6fbe947328c891dfbc4d84b0a33b983d3a728e8289d7fb72962,60.15133,24.92329,00000000e8a064a4,25.36
5300,2019-08-04T12:41:11Z,9ba6f9fb8bb950d16224b4182d3c3d8349a0f50619be329c165417e0,60.14947,24.91438,000000004ef3150d,17.4
5301,2019-08-04T12:41:11Z,9bad872c31c8c5e53f064b5367350b41271d45ca8a9e508136622800,60.16897,24.95222,00000000aa852af1,12.69
5302,2019-08-04T12:41:11Z,9bf4a5d763fa921335be6c141a0c9fd769fcb2f4c5b40b85a1c99c71,60.14699,24.922,00000000a53ed894,12.69
5303,2019-08-04T12:41:11Z,9e3d4a4b1acd94d2896cd7cf56419110f06ea96faae37aadebd4ec77,60.14947,24.91438,000000004ef3150d,16.1
5304,2019-08-04T12:41:11Z,9ff13c715073d5ad9c464cb67b6de3f703435cf389c32cce5626dfe1,60.149,24.9843,00000000fffb8cf0,27.28
5305,2019-08-04T12:41:11Z,a0db7e8063bede2dd55c2c6cf5111932617ecace670ff65314a7d349,60.16629,24.95957,00000000fb7600be,10.78
5306,2019-08-04T12:41:11Z,a38a21a97a054541f0423f03758c70227116c05254958373e3e93ad0,60.14947,24.91438,000000004ef3150d,3.74
5307,2019-08-04T12:41:11Z,a3d228482bfdd3dbdfaee1ff72b6ac00c2ee8c05e949047ce9117783,60.14699,24.922,00000000a53ed894,4.5
5308,2019-08-04T12:41:11Z,a41e158d772eaf06a23fe6c476419f78fae156bf286c7e56e79cea64,60.14699,24.922,00000000a53ed894,17.4
5309,2019-08-04T12:41:11Z,a422a30ec1eb058c7930e1352297c161639faa5b3ca5f5fa47c4adb3,60.14947,24.91438,000000004ef3150d,11.7
5310,2019-08-04T12:41:11Z,a4787b6f2d40f6190707f57bbc4805899cd1b06e2a89cf9a01441995,60.16829,24.94214,00000000afef4555,27.28
5311,2019-08-04T12:41:11Z,a4f416ec0941bb365e3665d7fd224fad15d74225e8ce9f6dd6368bc7,60.17065,24.93641,000000000f4919c9,18.79
5312,2019-08-04T12:41:11Z,a590e9fb8960943273ead07320590436c531fbaf32e54f7db42f1f19,60.16629,24.95957,00000000fb7600be,23.56
5313,2019-08-04T12:41:11Z,a6f944078dd26796f5a849ccb6fdf8a4436f913cf3302597c846462d,60.16762,24.95415,000000006b44cce7,14.89
5314,2019-08-04T12:41:11Z,a7472d1b63171c047444981df223670390009e3ea502132d9963e9fb,60.14947,24.91438,000000004ef3150d,8.38
5315,2019-08-04T12:41:11Z,a76d219c3abcc4ec3a54dd834263f9a24972c71be4c7bbbfc663f22f,60.14699,24.922,00000000a53ed894,5.91
5316,2019-08-04T12:41:11Z,a775a3d1899c2c6fe5de9d036fe26cee03497df5bcbb2646e8efc8db,60.16762,24.95415,000000006b44cce7,14.89
5317,2019-08-04T12:41:11Z,a794d97e26d3678bb11b4364880414bb7bfac4bb49d1867b37b489f7,60.14947,24.91438,000000004ef3150d,18.79
5318,2019-08-04T12:41:11Z,a7a7f84e910c87d01420156efca1675f2f263a8f7f1212bb161e73f3,60.14951,24.92138,0000000006dd41f6,25.36
5319,2019-08-04T12:41:11Z,a8bd45406d5913e098652d4c2d836339758e08d21bf5d88becabdd36,60.14947,24.91438,000000004ef3150d,20.28
5320,2019-08-04T12:41:11Z,a8df2631c2442628608c1f0352c896eb532a6ca08c85de2c77360aa8,60.14947,24.91438,000000004ef3150d,9.12
5321,2019-08-04T12:41:11Z,a9383e1c3d9b3355965662ff18ad95dfb64daa5d8e71fc20e7e50df7,60.14699,24.922,00000000a53ed894,11.7
5322,2019-08-04T12:41:11Z,a96e9a3805def174e6ededa93b88ce312739d9d68941dffdeca03e9f,60.16762,24.95415,000000006b44cce7,3.09
5323,2019-08-04T12:41:11Z,aa076c3f0d09145aebbb750dde9849ba4eb6759e92ba5753280184d6,60.16762,24.95415,000000006b44cce7,13.75
5324,2019-08-04T12:41:11Z,aa5773b59ce2bf1eee53e4e77cd3c261465d2ea538c9a85b8de30cd8,60.14947,24.91438,000000004ef3150d,11.7
5325,2019-08-04T12:41:11Z,aa6d51fc5411b69567cb854360c4a81267eac19446946eb27618306a,60.14699,24.922,00000000a53ed894,13.75
5326,2019-08-04T12:41:11Z,ac93ac0788af8e1b0f20fada4f15ca1ad31f4084b133482d8211571d,60.14699,24.922,00000000a53ed894,18.79
5327,2019-08-04T12:41:11Z,acb831a572fef6e9e1fc74a3084583547930b1f96e8d952485f755ea,60.17002,24.94407,000000006b087f40,25.36
5328,2019-08-04T12:41:11Z,acdcc8ae1d1c6bb055dfc108154eae58b4b894f0ce1ff174c1065c7e,60.16762,24.95415,000000006b44cce7,1.88
5329,2019-08-04T12:41:11Z,ad8af809ed47a3391bb53d11da159b3a8b0ddc264d94c049ce72bda0,60.17065,24.93641,000000000f4919c9,0.71
5330,2019-08-04T12:41:11Z,ae87b8dd8920695bc9e599874667205991c04e30666d8523f0be4350,60.14947,24.91438,000000004ef3150d,18.79
5331,2019-08-04T12:41:11Z,aec4b11f0b1ec075878ca4a3b94da464f6fc96e330b913d5bfd346b0,60.16897,24.95222,00000000aa852af1,7.69
5332,2019-08-04T12:41:11Z,af64ca430076b1e91eeb89134e0e026479928845cbe1943bc56104c2,60.14947,24.91438,000000004ef3150d,7.05
5333,2019-08-04T12:41:11Z,b0a20a40885487350aaf5c8f46dab27d4d7e1d5c24fefec54c0c62d4,60.16829,24.94214,00000000afef4555,25.36
5334,2019-08-04T12:41:11Z,b0a4e64f8e9d69f9da53bdae4ea9fb3059a80907ea7383ffcc99048a,60.1538,24.95595,0000000038bf9618,29.32
5335,2019-08-04T12:41:11Z,b12b27061f30d5659794f14cbed5e4726c5af1ef526611d3b2dded29,60.14947,24.91438,000000004ef3150d,11.7
5336,2019-08-04T12:41:11Z,b26a9be85f5fd17ea58397762fa55db3c8f68fb709d586d61527c892,60.16829,24.94214,00000000afef4555,5.41
5337,2019-08-04T12:41:11Z,b286a5ad73d5284539b414851f27f57c421773f33f9fc564c7200c36,60.16762,24.95415,000000006b44cce7,18.79
5338,2019-08-04T12:41:11Z,b3d99c04e3db6b698e6e54f19434461336954d0c15385bff6e557be8,60.173,24.92524,0000000096918cfa,20.28
5339,2019-08-04T12:41:11Z,b41cc64d7ab4e16a03573bdc3b5863c4b402ec66c7780c7900c02877,60.16829,24.94214,00000000afef4555,23.56
5340,2019-08-04T12:41:11Z,b523d3f8341906e4b3877ff7d9614b4e10d6bbf10afdcc6c53656c8f,60.17065,24.93641,000000000f4919c9,12.69
5341,2019-08-04T12:41:11Z,b5e3abaccf4a03480985d25eb9fbf454c87f7ad06c38c8bdeb0819fa,60.14699,24.922,00000000a53ed894,17.4
5342,2019-08-04T12:41:11Z,b619a20a2a26eeb9431f9666cf192254bb2263e09f6560a5ff68f8f0,60.1638,24.96846,00000000d747f075,44.58
5343,2019-08-04T12:41:11Z,b7039958be9f53a3eaed97f705a1974815f52f25226e920155397bec,60.16075,24.95883,00000000f1124bca,29.32
5344,2019-08-04T12:41:11Z,b7867e052453c9caa213f48b033624b744187f4cd77c2418cf9d7b79,60.14699,24.922,00000000a53ed894,20.28
5345,2019-08-04T12:41:11Z,b82ba472f0cb919b39c31b9c737f1608f6a31ffa63352768f9fa12ea,60.16829,24.94214,00000000afef4555,21.87
5346,2019-08-04T12:41:11Z,b936adc4821ac74aa643564d0b86e3858f1ec392e3f43e92427d7edc,60.14699,24.922,00000000a53ed894,14.89
5347,2019-08-04T12:41:11Z,baa2e34cb17a3e4b813a9a7578ddf421b7013fa00788af744fe6fc28,60.1538,24.95595,0000000038bf9618,38.87
5348,2019-08-04T12:41:11Z,bb0193f2b0ac4801fe82ed5cec75e687465d707d92e731047f81650f,60.1538,24.95595,0000000038bf9618,1.01
5349,2019-08-04T12:41:11Z,bbe1e18f88cf88928067a0221965768c1f2ae264291cea564d7eb7e8,60.16897,24.95222,00000000aa852af1,9.12
5350,2019-08-04T12:41:11Z,bc07df8cc395f6f4f5d483b2233caca5f93a6918f346e4cc3702f8cc,60.16531,24.9442,00000000fdda10fe,10.78
5351,2019-08-04T12:41:11Z,bcd2691a0ff43d3491a980272a44d4b5f9de4e70fab9a4ed92488f99,60.16629,24.95957,00000000fb7600be,20.28
5352,2019-08-04T12:41:11Z,bcf688ec2e666179e52a495a8304dd7aaaf4acad52788a0929b287a2,60.14699,24.922,00000000a53ed894,16.1
5353,2019-08-04T12:41:11Z,bd33b7ad8d89c8c1958de09b4900b5ebc62ed61b9decf094268b04d0,60.16762,24.95415,000000006b44cce7,25.36
5354,2019-08-04T12:41:11Z,be21a77f983baae8e0ba646eda0988a618149dcc7ef4c303c35d5377,60.14947,24.91438,000000004ef3150d,12.69
5355,2019-08-04T12:41:11Z,bf992d3cd95a73f02d7223eaffe90a94e3e1e98a8c6759bab631b5b0,60.14947,24.91438,000000004ef3150d,7.69
5356,2019-08-04T12:41:11Z,c0722f63618f97eb8ec4afac1a8538b81a3c87e623d753ad1201bf7c,60.16075,24.95883,00000000f1124bca,10.78
5357,2019-08-04T12:41:11Z,c18a638a8f7d2d4e67c538d49830623f943f762f4942350ba7358441,60.173,24.92524,0000000096918cfa,20.28
5358,2019-08-04T12:41:11Z,c36d58ed0e0dddb3e26be1214e369db1c3fa3d4bcf8b53536a25239b,60.17065,24.93641,000000000f4919c9,3.4
5359,2019-08-04T12:41:11Z,c3b2521faf0f7ae79434e40e86c59699d399444b775c7619f6e73e36,60.16075,24.95883,00000000f1124bca,14.89
5360,2019-08-04T12:41:11Z,c3be6dcc2c0542676c20d28ce38adbe2c0b9be09caa3f22e60210636,60.16075,24.95883,00000000f1124bca,10.78
5361,2019-08-04T12:41:11Z,c493415e869d6e6304841784a120f994272b83557256b43e44e4f3e0,60.14699,24.922,00000000a53ed894,5.91
5362,2019-08-04T12:41:11Z,c4dfae0a1b1bd27741275e8f26148b119bf7225960b4275e488612b9,60.14699,24.922,00000000a53ed894,16.1
5363,2019-08-04T12:41:11Z,c551d554f64ffda092ce6c4a6715f0ed438c9649f7676b2944f1ea2f,60.14699,24.922,00000000a53ed894,12.69
5364,2019-08-04T12:41:11Z,c593e91b10da944a20d25c4237bda2fae759d288cea38bcaaee3abfa,60.16448,24.97323,0000000053c6c2be,25.36
5365,2019-08-04T12:41:11Z,c633a260ce59bad4e1ca42f12936ed8ae57a40f5e6528dfb70052c43,60.16897,24.95222,00000000aa852af1,8.38
5366,2019-08-04T12:41:11Z,c6b973b57d5574eb3341b3141a5ba2b28f477ae9e702ab4ae701cc0d,60.14699,24.922,00000000a53ed894,10.78
5367,2019-08-04T12:41:11Z,c728eaa7734efeabe7f33c782081caa960fcced68160e285ee477916,60.14699,24.922,00000000a53ed894,9.12
5368,2019-08-04T12:41:11Z,c87e8f1684c9d9267ea52b4b18d5c4fe91254e4cccefaf1f778519b8,60.14699,24.922,00000000a53ed894,21.87
5369,2019-08-04T12:41:11Z,c90216654c3f7c2e3af7070a6d4971c17195f6f95e696ce1b74a83f6,60.14699,24.922,00000000a53ed894,16.1
5370,2019-08-04T12:41:11Z,c905a50dedd9b3d2114cde9160b7adf83adc09683b65598ce24c4047,60.1538,24.95595,0000000038bf9618,27.28
5371,2019-08-04T12:41:11Z,ca241d874cb90049c8a26619be2805956c55c678ad31de3b6ef98bb2,60.16448,24.97323,0000000053c6c2be,38.87
5372,2019-08-04T12:41:11Z,ca507a06be040b3e520339b63d5bd15463a1862124c4bd940d936e4a,60.16762,24.95415,000000006b44cce7,13.75
5373,2019-08-04T12:41:11Z,cad80f69731ad65f7f14bf400d674e0c42de462bd42db112c9d9f261,60.16075,24.95883,00000000f1124bca,27.28
5374,2019-08-04T12:41:11Z,cbc336691f17a9c508549e03d522166247a0cd0a944321c1a7d15525,60.14699,24.922,00000000a53ed894,14.89
5375,2019-08-04T12:41:11Z,cbd334d06c16786ddc543b71b34da6278d203ac72606f0f9275e0936,60.16829,24.94214,00000000afef4555,11.7
5376,2019-08-04T12:41:11Z,cc2cf42c6b14536fb92c810ff0e3dd5a3caa74236f14246a5b6e8cdc,60.16762,24.95415,000000006b44cce7,4.94
5377,2019-08-04T12:41:11Z,cce6b6f309e43e2bb1be6a9784582a82891e976d0869d01040586d27,60.14947,24.91438,000000004ef3150d,6.46
5378,2019-08-04T12:41:11Z,cd2346f3db5667fe43eb0d974ddf486ce9722fe427e98ee232d1ba12,60.14951,24.92138,0000000006dd41f6,18.79
5379,2019-08-04T12:41:11Z,cd3e127e27387b6e06cdf27f46fb6046e4182e4d7b49b49c17167c1c,60.14947,24.91438,000000004ef3150d,8.38
5380,2019-08-04T12:41:11Z,cd47b9ac851ce6b21df7b8e918554b0cb1a12d03da7e0aaf14e19314,60.14947,24.91438,000000004ef3150d,17.4
5381,2019-08-04T12:41:11Z,cd4ecd3b83630f6e5d65f635804e47a1ceb82853aac36af30044f06a,60.149,24.9843,00000000fffb8cf0,13.75
5382,2019-08-04T12:41:11Z,cd62fc5a92bd89f24a6e3d736d5511bf872859d762723b92f2092abc,60.16829,24.94214,00000000afef4555,18.79
5383,2019-08-04T12:41:11Z,cd9b2be9ffb37c8b7c5c25f587c95b1c7932a21fb245487ea2f740d9,60.14699,24.922,00000000a53ed894,10.78
5384,2019-08-04T12:41:11Z,ce6a8017f454ee88825097762b1bdb8e5ba78fff9cd3e49bc2ee2400,60.14699,24.922,00000000a53ed894,18.79
5385,2019-08-04T12:41:11Z,cef1d06a10cfa08bcaef8b36535c2ec32c756a76cc0d5c2a1246f933,60.14699,24.922,00000000a53ed894,13.75
5386,2019-08-04T12:41:11Z,cfa42322be0000cf89d8969d1b88ace0ba99cab721dd58d55d41a36e,60.17065,24.93641,000000000f4919c9,13.75
5387,2019-08-04T12:41:11Z,cfc2a688ff31fbb1baac8790fb6d56dc7746ba2cf9e0e5f39d4751a4,60.14699,24.922,00000000a53ed894,4.94
5388,2019-08-04T12:41:11Z,d0413da80c7714f40ffe50dcfb00039280c64ecebc61c59df72965e6,60.149,24.9843,00000000fffb8cf0,23.56
5389,2019-08-04T12:41:11Z,d098b9b5b30c5fcd4ae8a2b8bc761df72829713d3ae919634876d349,60.14699,24.922,00000000a53ed894,10.78
5390,2019-08-04T12:41:11Z,d0aa228c2a3e6e1568e876cffc76874702e0f0f63f18533551bf02c1,60.16075,24.95883,00000000f1124bca,23.56
5391,2019-08-04T12:41:11Z,d12f9e6275869a74f979eac17b326dfe329bbd78b8732fc998b5f132,60.14699,24.922,00000000a53ed894,17.4
5392,2019-08-04T12:41:11Z,d2b1a7ead9aff41a8cb3fff6b7f4ee84a780b52aae2f3838b83447fc,60.16829,24.94214,00000000afef4555,9.92
5393,2019-08-04T12:41:11Z,d38e88e5b926f9d1de6e326cca45116fcca11f10684c80876739c6cd,60.16075,24.95883,00000000f1124bca,5.41
5394,2019-08-04T12:41:11Z,d3a37aedae39925bda7da8e4f05a61b85904a00f88e8684006c76351,60.16829,24.94214,00000000afef4555,16.1
5395,2019-08-04T12:41:11Z,d3c0cff604283ea6adeabb4f867f3fcaf8ee41fd27fc600d33c4d70d,60.16075,24.95883,00000000f1124bca,16.1
5396,2019-08-04T12:41:11Z,d64eda229ebb6012e59bc89eacb74918e404ce52f16b491f3d48e800,60.16897,24.95222,00000000aa852af1,10.78
5397,2019-08-04T12:41:11Z,d87210146aab139cc6640a20b428dce6ac516806a71a177b70e04f62,60.17065,24.93641,000000000f4919c9,9.12
5398,2019-08-04T12:41:11Z,d9e1972e6cb517827f9c355e591924449d0bbdc9bb0f5bc1f8d4f29a,60.16629,24.95957,00000000fb7600be,23.56
5399,2019-08-04T12:41:11Z,da667dfa2d8a272a7398e186de027fabd2052052c0aad767a1c7d966,60.16897,24.95222,00000000aa852af1,16.1
5400,2019-08-04T12:41:11Z,daac051ca20430238282e179e0fe525b11ff1e8f1ace26d45b41f331,60.14947,24.91438,000000004ef3150d,6.46
5401,2019-08-04T12:41:11Z,db6993de0692cf79ab1b8e7d86e4b5832d11f57f026a6eb339f977bf,60.14699,24.922,00000000a53ed894,5.41
5402,2019-08-04T12:41:11Z,ddc8410b9e4ece4b995b789f95e526693bac176ed77092ba57355dc8,60.16762,24.95415,000000006b44cce7,6.46
5403,2019-08-04T12:41:11Z,ddd849ee86afceedd5f5582ede84380d5596c9ea304d634ab0fd0de0,60.16829,24.94214,00000000afef4555,1.88
5404,2019-08-04T12:41:11Z,de09fd8d15c3d7adbf440a3d0a418a3b476513c968bda8a4aa652adf,60.173,24.92524,0000000096918cfa,18.79
5405,2019-08-04T12:41:11Z,de0d086ae32f87522eab31d3bc52545ed17b065889674963c0709568,60.16829,24.94214,00000000afef4555,8.38
5406,2019-08-04T12:41:11Z,de665e2881b544352f9ae484ad22edb5f4183ea4591dea0646fc8897,60.14947,24.91438,000000004ef3150d,25.36
5407,2019-08-04T12:41:11Z,de84f754a3916c8f831b0bb8ea41fc2a42cdea2794558fece3c7ae97,60.1538,24.95595,0000000038bf9618,14.89
5408,2019-08-04T12:41:11Z,e02c0f9f72e9f248a4b5df8af328e1a0132d4d8a72c1e603d14cdacd,60.18203,24.91341,00000000342570c2,20.28
5409,2019-08-04T12:41:11Z,e0df847c19b463dec6cea35494d375ce136a276c6a785936c931f60f,60.18203,24.91341,00000000342570c2,17.4
5410,2019-08-04T12:41:11Z,e1a443e10353da64728464e8a720aaf22a62b80d404f1acae1a1c6ee,60.1538,24.95595,0000000038bf9618,33.81
5411,2019-08-04T12:41:11Z,e23a6115ba872037f9b5066c9c9c966b497f449e32a2c9ceb0e55497,60.16829,24.94214,00000000afef4555,7.69
5412,2019-08-04T12:41:11Z,e35717ff07f32be5a2e1520f1855533f8dcc72cff7930c9cba9da32b,60.14947,24.91438,000000004ef3150d,5.41
5413,2019-08-04T12:41:11Z,e36b6b16493b163fe2a28f600af0c8a0b52cd6b3a0a9fa93791c142e,60.16762,24.95415,000000006b44cce7,18.79
5414,2019-08-04T12:41:11Z,e3c03ee00a1bcd066f8b260cc5b9824d1118b7b7f972a818752aabc7,60.14947,24.91438,000000004ef3150d,5.41
5415,2019-08-04T12:41:11Z,e3e3bac265ab2713063d7435bf5c7374dfc7dfc647fb677a030a1a49,60.18203,24.91341,00000000342570c2,17.4
5416,2019-08-04T12:41:11Z,e447e76c7b53157c11d5bfeb172c27332c81b5ec7f263badf5507888,60.149,24.9843,00000000fffb8cf0,16.1
5417,2019-08-04T12:41:11Z,e4b111abda6e15229c808fb72d5c0c38e2cf3abdbbb62fff5ae48e42,60.16762,24.95415,000000006b44cce7,21.87
5418,2019-08-04T12:41:11Z,e4f8eb3c654b642eaf00a350d3f55a7ec5156d7693c81bb994f49d52,60.1538,24.95595,0000000038bf9618,33.81
5419,2019-08-04T12:41:11Z,e6f4e3d1f5e01888556b077224cb4d8f88d63306fff2388e3fd997d0,60.14951,24.92138,0000000006dd41f6,10.78
5420,2019-08-04T12:41:11Z,e6f7965f2ef456f61121bcce5e466f125192e511c2af72d901307e8e,60.16762,24.95415,000000006b44cce7,23.56
5421,2019-08-04T12:41:11Z,e7cd5f775c7eea951719f351fcc25c710f857832d6f4b70a51b7b82d,60.16897,24.95222,00000000aa852af1,20.28
5422,2019-08-04T12:41:11Z,e826dedac8582e619ce18cd7eed68be5ee1fc9ed37e191e06f916835,60.14947,24.91438,000000004ef3150d,9.12
5423,2019-08-04T12:41:11Z,e8edad8445fc4965a5c0eae45906480d83b15e61fc6139c7bdea1e33,60.14699,24.922,00000000a53ed894,20.28
5424,2019-08-04T12:41:11Z,e9115410fa45db5a174eee008cae729dc69937a0e0b5a304899bf1b9,60.17065,24.93641,000000000f4919c9,18.79
5425,2019-08-04T12:41:11Z,e92eb020afcd7c1fad04690230ff8c2f005e404dd25b8dced1df30dd,60.16075,24.95883,00000000f1124bca,7.69
5426,2019-08-04T12:41:11Z,e9e19621fc5cfcfed2c808bbadc6cc6dd31e28d3c04cef8b89ca2729,60.16075,24.95883,00000000f1124bca,12.69
5427,2019-08-04T12:41:11Z,ea157e44ed100be3f782d8b3d8e5e0986079c588c9ea754b14917df0,60.16829,24.94214,00000000afef4555,4.94
5428,2019-08-04T12:41:11Z,eaa9924da1e700147607d5145e2b55b48b65deea922ee2e59bd1d5a7,60.173,24.92524,0000000096918cfa,18.79
5429,2019-08-04T12:41:11Z,eac6fda3a18aa9ce55b6359f5c62a044e0bcd6bc3576c8cd815acf07,60.14699,24.922,00000000a53ed894,17.4
5430,2019-08-04T12:41:11Z,eb6541383f8b12fc5476e5e2bc406933edfd211f49a1bbb93f323fa0,60.14699,24.922,00000000a53ed894,21.87
5431,2019-08-04T12:41:11Z,eb79d6eb71f039f7008c9c4ea2f36d37f03bf60bddc7867e8b337254,60.16762,24.95415,000000006b44cce7,12.69
5432,2019-08-04T12:41:11Z,ec350e26364cb676c4cdb72647f039c31e27c775e7bb8973223e5d9b,60.14947,24.91438,000000004ef3150d,8.38
5433,2019-08-04T12:41:11Z,ef77b04fc57a9781bf581172358ba74cf41e0b2a6ecc8090f99810bf,60.14699,24.922,00000000a53ed894,10.78
5434,2019-08-04T12:41:11Z,efe8b6c6fdf0d2caccd589aaaa4f0228a80590ff9ec7961f2e92103d,60.16762,24.95415,000000006b44cce7,4.5
5435,2019-08-04T12:41:11Z,f062cb52d49926a4fb39f723275ed60ab6c0f3bf34e0c3f9d233b7b8,60.14947,24.91438,000000004ef3150d,21.87
5436,2019-08-04T12:41:11Z,f15b72a3aad411d2f8a70b41c4f62ad2d744d064d42ec00c71a18ac5,60.16762,24.95415,000000006b44cce7,11.7
5437,2019-08-04T12:41:11Z,f15d4f120f48381cbfcc51d806d996141327b20a6b87040e767cf3e7,60.16897,24.95222,00000000aa852af1,31.5
5438,2019-08-04T12:41:11Z,f1845e00642980be3cdc27a088c619bb0616b86f7cfa0b8909efac80,60.16544,24.95398,0000000038d83d41,27.28
5439,2019-08-04T12:41:11Z,f1eb1b22a5e01064a1829b325d256218c68bc9134f03a3f09f3e2566,60.16829,24.94214,00000000afef4555,16.1
5440,2019-08-04T12:41:11Z,f20f951802c722181f0e90095001c49e73f84049bb105b95c97049d1,60.17918,24.95141,00000000675d5200,23.56
5441,2019-08-04T12:41:11Z,f2759841619517bff6a58510ebb0ddbc9378cd300d99652f9b14f90d,60.16531,24.9442,00000000fdda10fe,36.27
5442,2019-08-04T12:41:11Z,f2adb546cdbceb99c6ab882f712614e2b9a2bec328ec26febcf2fa83,60.16762,24.95415,000000006b44cce7,16.1
5443,2019-08-04T12:41:11Z,f2deba4ef84dbbc8c5d8524f6e2311183003bce4f9bfa6aef5b5ef66,60.14947,24.91438,000000004ef3150d,7.69
5444,2019-08-04T12:41:11Z,f2e063c8c25a8bec0dd6ec3924a5f59fd9694078f2f3fd5b3ea96f29,60.16762,24.95415,000000006b44cce7,16.1
5445,2019-08-04T12:41:11Z,f366283765028e1454f3cfc564b9f220c9d700bfa8a843746eca3141,60.16897,24.95222,00000000aa852af1,21.87
5446,2019-08-04T12:41:11Z,f39827c3c7f4c833d1118043492f78e3255b6da9f4a2c000041d9b61,60.16829,24.94214,00000000afef4555,5.91
5447,2019-08-04T12:41:11Z,f57853f71a35677d9b6de74cf0f3bdcc42821f886daf65feb9ab4330,60.149,24.9843,00000000fffb8cf0,25.36
5448,2019-08-04T12:41:11Z,f5deb6fe1ac04043fc82851af9a435ad2f4aa63f03921b7a19b343e7,60.15133,24.92329,00000000e8a064a4,25.36
5449,2019-08-04T12:41:11Z,f796c9efc581b25280d4b416f8ba3aecca6ddf083e7bdad05f6e595e,60.14699,24.922,00000000a53ed894,17.4
5450,2019-08-04T12:41:11Z,f847ec4111b37a677f1bd2577f778f653309f7b486974fefcf5eb8c9,60.1538,24.95595,0000000038bf9618,33.81
5451,2019-08-04T12:41:11Z,f84faae0aa9ce2d1d09d270282dd81033ad1352346128534d8c3fc7f,60.149,24.9843,00000000fffb8cf0,27.28
5452,2019-08-04T12:41:11Z,fa96854324adae88abb35afa34b2393a20338bfd8fc9602d3ce6ae8d,60.14947,24.91438,000000004ef3150d,3.4
5453,2019-08-04T12:41:11Z,fadc39da3cd26ac621092fbbff224b95bb13446c8d24bbf4f3e50e90,60.14947,24.91438,000000004ef3150d,16.1
5454,2019-08-04T12:41:11Z,fc618d570293e104f3bf927312641e3b7c65acce185b1614337d848c,60.16829,24.94214,00000000afef4555,17.4
5455,2019-08-04T12:41:11Z,fd77161cf9715d9d0f922cf45e79e5d9b9debef5113cb32a4f82ef76,60.16762,24.95415,000000006b44cce7,9.92
5456,2019-08-04T12:41:11Z,fe5ca86c906b1cb3bf9dd257ceefc562e41da499878f1074484f7d42,60.14947,24.91438,000000004ef3150d,16.1
5457,2019-08-04T12:41:11Z,feb399897846bc34dc3f4b06ac4ef0ffb0db885977b88e5c5fdb7350,60.14699,24.922,00000000a53ed894,7.05
5458,2019-08-04T12:41:11Z,ff4f3e0f964f23b97e88626f7a506bb4409718931712c58ce0f247af,60.16762,24.95415,000000006b44cce7,14.89
5459,2019-08-04T12:41:11Z,ff8280896145ae17e594c52eac2cdbab47d3757d797878fbc4298596,60.1538,24.95595,0000000038bf9618,20.28
5460,2019-08-04T12:41:12Z,07d86ad98399440d0cc3bd3382a7256feb971e49a3686dc17f532e1c,60.16829,24.94214,00000000afef4555,12.69
5461,2019-08-04T12:41:12Z,14c7e1511b70f4dd3359cbece1377aebb4d70531f5489eefe53d7c3c,60.16544,24.95398,0000000038d83d41,25.36
5462,2019-08-04T12:41:12Z,1599d2c9070a6f05e1a5887c2d9209214c04818c6203fe75440734f2,60.1538,24.95595,0000000038bf9618,21.87
5463,2019-08-04T12:41:12Z,165ebbb4090d47319ae370f0d0854fdc1f6b79499f8b2e4d3c3533c0,60.16544,24.95398,0000000038d83d41,25.36
5464,2019-08-04T12:41:12Z,1e7ea410376fbdb3f3c476c76d23abad5d830690f78f71ea06f7e321,60.16075,24.95883,00000000f1124bca,9.92
5465,2019-08-04T12:41:12Z,211f6b7b044343d0be369791b3fa3c144d0d0f391e2a42787712efb0,60.16448,24.97323,0000000053c6c2be,13.75
5466,2019-08-04T12:41:12Z,21d09757012e8f7297d1de922f681bcc36581a3d7be770b42b3780a0,60.15432,24.9211,0000000019fb59c4,14.89
5467,2019-08-04T12:41:12Z,25a7ff811c3c06e426c7c2cbb0433d9a2a3399b23afecbd35584ab0f,60.18203,24.91341,00000000342570c2,13.75
5468,2019-08-04T12:41:12Z,2603b5aecd8f219a410e558446935308ecabb09a6c9e5b38533728ff,60.16829,24.94214,00000000afef4555,31.5
5469,2019-08-04T12:41:12Z,2d3d031189abfaea69cd551a97b2b2d056a908f19bc56701010a2304,60.16897,24.95222,00000000aa852af1,11.7
5470,2019-08-04T12:41:12Z,315af4a829b592ba99b203b8ed2cbd499769f8752dfe6de7da4ee929,60.16829,24.94214,00000000afef4555,20.28
5471,2019-08-04T12:41:12Z,3a93902ba6b635489cd6f55b08d93e6fe7a5bc0a86a0b490a88f6d1b,60.16075,24.95883,00000000f1124bca,27.28
5472,2019-08-04T12:41:12Z,3fe84a5a1e657df8910685df3a8cf779a6ebc3362fbc8e578f235ee4,60.15432,24.9211,0000000019fb59c4,10.78
5473,2019-08-04T12:41:12Z,43b676ed3aef4c2d8846694817e76117873be52e7f788e0cb366c1c4,60.16629,24.95957,00000000fb7600be,23.56
5474,2019-08-04T12:41:12Z,44d0b94469070803869f229601e877beb613c3f5aafa009addf97a1a,60.16544,24.95398,0000000038d83d41,16.1
5475,2019-08-04T12:41:12Z,4656bad9b5e6dfc3977eca308fc1db3dbf8b0204b90d09b001da242e,60.1638,24.96846,00000000d747f075,41.64
5476,2019-08-04T12:41:12Z,5d65719c4cbf045f068d084b72302f447d5fd034413d97d13be00d0e,60.18203,24.91341,00000000342570c2,23.56
5477,2019-08-04T12:41:12Z,5eed115a984d490b02b602d73787aee8dc8c4e9365b77fbff3818a76,60.16629,24.95957,00000000fb7600be,21.87
5478,2019-08-04T12:41:12Z,69219e9efa41ae9e732653e9eaf08e1a34cb853a9dafe76ddeea4d04,60.16897,24.95222,00000000aa852af1,17.4
5479,2019-08-04T12:41:12Z,6a70e2fbced719333e21eff04fcb9cb36bae9a04d1a3d6ddd96f2c58,60.15432,24.9211,0000000019fb59c4,7.69
5480,2019-08-04T12:41:12Z,6c8861f56a280e7752e10439271a2498527c69b0796f58de4afc6008,60.16075,24.95883,00000000f1124bca,17.4
5481,2019-08-04T12:41:12Z,7093a5d6b440d63318f426efceb12d5dcf693a7fe47c37651b323fb4,60.16762,24.95415,000000006b44cce7,18.79
5482,2019-08-04T12:41:12Z,737efc92e3419e9d96a8559ec341ea7e18ba6381fd8e4de3d06f82a0,60.14699,24.922,00000000a53ed894,29.32
5483,2019-08-04T12:41:12Z,747f2d1ebff218c0ebbdc0fdaef4cbe56633dfb46ae1b1f8c8142201,60.16762,24.95415,000000006b44cce7,21.87
5484,2019-08-04T12:41:12Z,7678cdb86d454ca9ae52f22d97e635106585a3a046d01da4463695cc,60.18203,24.91341,00000000342570c2,25.36
5485,2019-08-04T12:41:12Z,79f136afa0dd8717337c01c70b457c464aaf0fa25b440f51a394ec23,60.16762,24.95415,000000006b44cce7,12.69
5486,2019-08-04T12:41:12Z,85ef35aecf2ff804be3d958b592705ec41c6df9c128c132c65bb283d,60.16897,24.95222,00000000aa852af1,18.79
5487,2019-08-04T12:41:12Z,87dfaad29a9276ddddb1fa021d3bc23ad14824c1af16f7d87e713689,60.14951,24.92138,0000000006dd41f6,9.12
5488,2019-08-04T12:41:12Z,88808fe92573e9cdf022cc15b9689b6b4b9429f60513c8897b0ba4c7,60.16897,24.95222,00000000aa852af1,21.87
5489,2019-08-04T12:41:12Z,8c3b1ed0846e38cc84b863a80540c8a75bfd85c8bdda36563d153110,60.16544,24.95398,0000000038d83d41,29.32
5490,2019-08-04T12:41:12Z,8c75c3289c84fe4493e1e272a77b615fe1985880c5dc68a7c1a17b53,60.16762,24.95415,000000006b44cce7,12.69
5491,2019-08-04T12:41:12Z,9843c6216661048343a0e49cf3d8aa2883cf77f452666a1c873a1052,60.16448,24.97323,0000000053c6c2be,13.75
5492,2019-08-04T12:41:12Z,9bc8068948a5b881e1bded553efe012fe129e3e4df62f64a6724917e,60.16829,24.94214,00000000afef4555,21.87
5493,2019-08-04T12:41:12Z,a8f8130135c784b027355228017bbfe99e5a6eecec153d44b78bedd3,60.16829,24.94214,00000000afef4555,16.1
5494,2019-08-04T12:41:12Z,a91d379a4b57c5df22db0d7a041ff69f657b4b31f28554b1011fc03c,60.16544,24.95398,0000000038d83d41,27.28
5495,2019-08-04T12:41:12Z,acd2647d413f41552b31b6e383da445c8902bc2a764d2b7791a7b164,60.16762,24.95415,000000006b44cce7,12.69
5496,2019-08-04T12:41:12Z,b3d30798e4605a05b11dfff0f3fe01c2e8e16ac491fdb956f128ff23,60.14947,24.91438,000000004ef3150d,9.12
5497,2019-08-04T12:41:12Z,b5fd6b317890e5ab2d79e2cd1abe61626d45a753c7337d0d40728898,60.16762,24.95415,000000006b44cce7,10.78
5498,2019-08-04T12:41:12Z,bb98768dad0f7c52cf643f035a3e7e48f5cfe28557c66f2a75914b31,60.14699,24.922,00000000a53ed894,11.7
5499,2019-08-04T12:41:12Z,bcb0201b0a1edf350ae2f681076e7d2d48ebd94c075bd3ca59552020,60.16897,24.95222,00000000aa852af1,10.78
5500,2019-08-04T12:41:12Z,bce16addb0ad2b7209298c35b3506869253f4e4a612a4cb45803ddf2,60.16075,24.95883,00000000f1124bca,21.87
5501,2019-08-04T12:41:12Z,c97eb4181394121907d47b908495f54e5ee5145ff790f7a1dc21b3cf,60.16897,24.95222,00000000aa852af1,12.69
5502,2019-08-04T12:41:12Z,ca6927628f5ddda20036865c9345ad93d476d62ade3b181de568eed6,60.16897,24.95222,00000000aa852af1,20.28
5503,2019-08-04T12:41:12Z,cf05623e4d87ce0906c0b0b7dbf53aacc1228016cd27c341228b6e76,60.18203,24.91341,00000000342570c2,20.28
5504,2019-08-04T12:41:12Z,cfc0bedb78ded52749db3188cb188bf6a250ef5990da9c5afa9623fc,60.14951,24.92138,0000000006dd41f6,21.87
5505,2019-08-04T12:41:12Z,d0bb9fef9a0ef26adcdd4732c9c20361bce49826f32c2892242831b8,60.16762,24.95415,000000006b44cce7,13.75
5506,2019-08-04T12:41:12Z,d568a92135fd8619da42f2038266f4922d5b6d48fe1c5f9490d39f30,60.14947,24.91438,000000004ef3150d,14.89
5507,2019-08-04T12:41:12Z,d661caec7a5da6aef734734bbf9090debe494c1afd98050f88f269bd,60.16829,24.94214,00000000afef4555,12.69
5508,2019-08-04T12:41:12Z,dcb7e8bb90af70568c12a902d706c70e1ac1213e31ba074756f0a27a,60.1538,24.95595,0000000038bf9618,25.36
5509,2019-08-04T12:41:12Z,e8690c2d1711bc10f2d1251a3b5b1e770b98c66c384760400c604de1,60.16829,24.94214,00000000afef4555,23.56
5510,2019-08-04T12:41:12Z,e8e366e76c97944e23c0f80b4fd3ce6e5832744922297146a49f0c7e,60.16762,24.95415,000000006b44cce7,13.75
5511,2019-08-04T12:41:12Z,e96bd269a48b822b06141c3362fcb6d5ed4d0d09a120f2e4a712d5c2,60.16897,24.95222,00000000aa852af1,11.7
5512,2019-08-04T12:41:12Z,ed70dda6b7faebd4340dacdb452ab224d9d3c308df417b7fa76f54e8,60.14951,24.92138,0000000006dd41f6,21.87
5513,2019-08-04T12:41:12Z,eee5797db5c3753514933a12e2485caee4ee5803b4d830ba1c22e5c5,60.14947,24.91438,000000004ef3150d,7.69
5514,2019-08-04T12:41:12Z,efa8e25ea4c5ed441c13cffe6302f0a18f60181c6ede8e013f75a44c,60.16829,24.94214,00000000afef4555,9.92
5515,2019-08-04T12:41:12Z,f088630d7476dae7d4b7e2bb1f10575f2c89acb4b6e061f3d57c2b40,60.16531,24.9442,00000000fdda10fe,29.32
5516,2019-08-04T12:41:12Z,f405a7c4a3a4339f8e3f7e552f6492d6eed76f7d08c54943286213de,60.16762,24.95415,000000006b44cce7,9.12
5517,2019-08-04T12:41:12Z,f6609ab1076b1105bb845595a03b41b8fbb282f79c337df5bbc9f841,60.14699,24.922,00000000a53ed894,10.78
5518,2019-08-04T12:41:12Z,fc4f3a44235f1cfc7b53f14ba2da599976a5a0a220d23b852688e485,60.17919,24.95181,000000007b5207b6,16.1
5519,2019-08-04T12:41:12Z,009ad4cd2bd97e04da44cc9789e6bdbdb899eded61d05b7d5634b7be,60.16829,24.94214,00000000afef4555,4.94
5520,2019-08-04T12:41:12Z,00a07b1f8113691d8475c54082a14cdd54decf9845a90e75df8031a6,60.17065,24.93641,000000000f4919c9,25.36
5521,2019-08-04T12:41:12Z,00bdb07c0f4f75c71196362c269c9f652c66cf7d3f3c2d89843af063,60.16629,24.95957,00000000fb7600be,27.28
5522,2019-08-04T12:41:12Z,02e858ecddaf323e0938a822f65cb42a78d6ee749e3b1a66303ec932,60.16897,24.95222,00000000aa852af1,25.36
5523,2019-08-04T12:41:12Z,032e5d7621738a50c9e742e0cba13c819f7c67cedf8687f3ab25595c,60.16762,24.95415,000000006b44cce7,16.1
5524,2019-08-04T12:41:12Z,036c183505fea646b54aeb0c612913cafba94eca65e47d3c6d840a68,60.17919,24.95181,000000007b5207b6,18.79
5525,2019-08-04T12:41:12Z,04f35922a81b516e7028f61c6ff34faf6da85df0a5cfcefb6df1861f,60.149,24.9843,00000000fffb8cf0,25.36
5526,2019-08-04T12:41:12Z,05d441c83d2df822feaf93d7861452db7a201f22d84cfa36f421dfd2,60.16544,24.95398,0000000038d83d41,16.1
5527,2019-08-04T12:41:12Z,0851ab74be2e888decf0046825f09ed302f7b2275e72b09b5b713d85,60.16829,24.94214,00000000afef4555,10.78
5528,2019-08-04T12:41:12Z,0a0acb70a8ef92be52a64d4425e70bb2f7a17d13942c3382c9d68878,60.149,24.9843,00000000fffb8cf0,3.74
5529,2019-08-04T12:41:12Z,0a5ed50daf13dd10744537aa851ac7ab1d34d9797ec6ab6e2402aebb,60.16762,24.95415,000000006b44cce7,4.11
5530,2019-08-04T12:41:12Z,0a862920946d7a0dcbee7c1cf28a7b77c57763261788dbd361ed6409,60.14699,24.922,00000000a53ed894,16.1
5531,2019-08-04T12:41:12Z,0aabf0df4c3c5b45bb8950c92dbe624985f19e8650ed61f92571a65a,60.14699,24.922,00000000a53ed894,5.91
5532,2019-08-04T12:41:12Z,0acb4bd7319729fea4acf035921d1136d86a307a60b4444669cede1a,60.14699,24.922,00000000a53ed894,5.91
5533,2019-08-04T12:41:12Z,0b0dd9af9d52c68ff71ce266d6707abbb0f56c3c63be0f83f7b5df9b,60.16762,24.95415,000000006b44cce7,7.69
5534,2019-08-04T12:41:12Z,0c905239b8c0e14cba671cf4d4d715d1045a30ee62a6285fb489dbb0,60.16829,24.94214,00000000afef4555,23.56
5535,2019-08-04T12:41:12Z,0d0e661499ff245b29cce6a0bee9d4716c35738590a43b289dbfbe0e,60.1538,24.95595,0000000038bf9618,17.4
5536,2019-08-04T12:41:12Z,0d3525b13d674f1645fdbe6d842fe37b2f416889c5472e9dfcc5445c,60.14947,24.91438,000000004ef3150d,6.46
5537,2019-08-04T12:41:12Z,0fe681ee4c4c70c99bbacaf42e0d3c9bffc5818eb71197978a94b021,60.16762,24.95415,000000006b44cce7,4.11
5538,2019-08-04T12:41:12Z,1079de98d81ca59f568f6786745c1e4f7fe7b9501481607b3df44d83,60.14947,24.91438,000000004ef3150d,23.56
5539,2019-08-04T12:41:12Z,10a99e791e27975dc1c9d73d3163cabacf3bd7bd05a4f7abf6365426,60.14699,24.922,00000000a53ed894,16.1
5540,2019-08-04T12:41:12Z,120a63917cb5ab619bf9a71328f14020736ee84e75d5b37278748def,60.16897,24.95222,00000000aa852af1,10.78
5541,2019-08-04T12:41:12Z,121345c4cf0d0f18c684c4eb22e496ac6f8fb537ec2f3812f6966b67,60.16762,24.95415,000000006b44cce7,21.87
5542,2019-08-04T12:41:12Z,124cce476184e061b136f481014a2abc7208d30e4e520ffd90c85adb,60.17002,24.94407,000000006b087f40,10.78
5543,2019-08-04T12:41:12Z,12bf044abd7bbc406ad00d85c23d66d7464c84745bdcc47827185b3a,60.16897,24.95222,00000000aa852af1,17.4
5544,2019-08-04T12:41:12Z,13bcedb8c59b26417282929d81844b272c7c5bc295614f531219a8e4,60.14947,24.91438,000000004ef3150d,16.1
5545,2019-08-04T12:41:12Z,13ee67fb034e3d24edc9a9618e9d6de24979ebbcb399f83abb02a897,60.14699,24.922,00000000a53ed894,7.69
5546,2019-08-04T12:41:12Z,1423891c6ee1edc7da83904378a35aef2e5797db95b117651d676934,60.16762,24.95415,000000006b44cce7,1.25
5547,2019-08-04T12:41:12Z,1496ce9cf373a2a508a8ab0b7aa0604dd889fd69483881c3752219af,60.14699,24.922,00000000a53ed894,10.78
5548,2019-08-04T12:41:12Z,15ee12e5f9be00a79b0cbbc9912f51cbfa3e486624567e1bde938fb6,60.1538,24.95595,0000000038bf9618,27.28
5549,2019-08-04T12:41:12Z,161aa798c2a18e132fb27ecded773218ea4e42eabbd0e5794b1d7017,60.15432,24.9211,0000000019fb59c4,12.69
5550,2019-08-04T12:41:12Z,16ca2e50aab654110e1bb81e5e374133f99b7f103d24d5cc9635423c,60.16897,24.95222,00000000aa852af1,18.79
5551,2019-08-04T12:41:12Z,171a752ceacd35c6e27c36e67da80ba960a246c0977f0bdca139a472,60.14699,24.922,00000000a53ed894,17.4
5552,2019-08-04T12:41:12Z,1769031b7f4d75de0541e26427b9ecc92c84b80992e3b36bb8eb799e,60.16829,24.94214,00000000afef4555,17.4
5553,2019-08-04T12:41:12Z,17af6ab252328066d6b13406084507dfa7a7f6db3030872e7f87223d,60.17065,24.93641,000000000f4919c9,18.79
5554,2019-08-04T12:41:12Z,1882b53729765cca25bc63400074242872d6fbc57882f131285b277f,60.16829,24.94214,00000000afef4555,14.89
5555,2019-08-04T12:41:12Z,194e6ced97ec114a37fe06d6d73fb687c057d411be476f1ea6f4852e,60.16897,24.95222,00000000aa852af1,18.79
5556,2019-08-04T12:41:12Z,1a93dfa31156cee53b4bd527d8b74655a5da812b6933d8a86d871e47,60.14947,24.91438,000000004ef3150d,9.92
5557,2019-08-04T12:41:12Z,1aacd77e1fdbe1544cf1ab29a00642d77ce4a075e388e8a2108aa39b,60.16829,24.94214,00000000afef4555,27.28
5558,2019-08-04T12:41:12Z,1b3fba902b8d1538b508cdc228fd15fdd87f5aecb68e5611b1a4e354,60.16762,24.95415,000000006b44cce7,4.94
5559,2019-08-04T12:41:12Z,1bcef866fafad7c7460a084e0b0d27c087b549f4ae704390708be47e,60.149,24.9843,00000000fffb8cf0,23.56
5560,2019-08-04T12:41:12Z,1c669457535e4635f732c228ec524f9d2c440b0d2132fa1acd93122a,60.16897,24.95222,00000000aa852af1,23.56
5561,2019-08-04T12:41:12Z,1c7ccd5d6570d98e57ef2ebbd716b7504b138f9bb616fbeaa0d1a268,60.14699,24.922,00000000a53ed894,9.92
5562,2019-08-04T12:41:12Z,1dacfb371d75dd4f90f447aac2a00faad98beb4188a6971c19eb2375,60.16629,24.95957,00000000fb7600be,21.87
5563,2019-08-04T12:41:12Z,1dcb5d78c4ed02c596144501da43e29defedf2db734c34c36c9bacbd,60.16762,24.95415,000000006b44cce7,20.28
5564,2019-08-04T12:41:12Z,1e24a2120b13c780dbb3a67a73f5058d1847f126fd5f5952e6dddcd3,60.16075,24.95883,00000000f1124bca,17.4
5565,2019-08-04T12:41:12Z,1e63d2090b520af23ca3d2c9a05047dc0b0c63f7471b86e9d9f3e7cc,60.16629,24.95957,00000000fb7600be,20.28
5566,2019-08-04T12:41:12Z,1f74037ecab4dbdc5db1a8dc8b583a86630f86a5f2d0a5167b7fa605,60.18203,24.91341,00000000342570c2,18.79
5567,2019-08-04T12:41:12Z,1f81ed7274add201d3059d4a37e2bbe86b6ae1f0fd42a16d7b8dccaa,60.14699,24.922,00000000a53ed894,8.38
5568,2019-08-04T12:41:12Z,203a0c145a43c9a18f8c2a5ba4e18882e7430662bb4ac0e56ab37578,60.17065,24.93641,000000000f4919c9,8.38
5569,2019-08-04T12:41:12Z,203ea7cefd45873084263df2b0f41ad7b2e8878222fb6a53c263c534,60.16829,24.94214,00000000afef4555,21.87
5570,2019-08-04T12:41:12Z,20ac7b2ace7c0038aa8df01b9281a9c54f1551fc8ab9b662b1f1ca22,60.18203,24.91341,00000000342570c2,13.75
5571,2019-08-04T12:41:12Z,21eed3ade733687b8f56fade8290819b7c6b4a9f38468979fe692c3e,60.16762,24.95415,000000006b44cce7,9.12
5572,2019-08-04T12:41:12Z,2271cbccbcce28d3d0757d9a964f67df1a523b81d97355dc543dd848,60.16897,24.95222,00000000aa852af1,18.79
5573,2019-08-04T12:41:12Z,22fe9a06fba1036e8eafd726bc450095b1893be067f475e1882bb704,60.14699,24.922,00000000a53ed894,7.69
5574,2019-08-04T12:41:12Z,231026899a6d5b326cb5b1e38b182ca1acb77c7e27bc2378973b29db,60.16629,24.95957,00000000fb7600be,10.78
5575,2019-08-04T12:41:12Z,244b51aa4a7059ba782925258111c295aa4de9596025c55ccd5580ac,60.16829,24.94214,00000000afef4555,14.89
5576,2019-08-04T12:41:12Z,257206d3f59df5c426a9c735f4741cba6d792de1cbafe62289d383d7,60.16897,24.95222,00000000aa852af1,14.89
5577,2019-08-04T12:41:12Z,26446b74d2d7b573cafeb665dbef395a1091dfa51b51cdf114690e72,60.14699,24.922,00000000a53ed894,20.28
5578,2019-08-04T12:41:12Z,267b66cc2e81a226d253a8f3228a4b45e1fabb634bba60fd0cc21a8d,60.14699,24.922,00000000a53ed894,17.4
5579,2019-08-04T12:41:12Z,269124e75b1e74a7c7dc93b778e02f04d0a53e069a90081c0938ee4c,60.14699,24.922,00000000a53ed894,16.1
5580,2019-08-04T12:41:12Z,27d4452dcae7c8e389fc21669cb3ccaedac87d45d4b1a50131c939e4,60.16762,24.95415,000000006b44cce7,4.94
5581,2019-08-04T12:41:12Z,28b43564f7156b67db7cb7b779e948986d7610f921490f9030379704,60.16897,24.95222,00000000aa852af1,6.46
5582,2019-08-04T12:41:12Z,28d2c3282e9f8fec67baec7992dcd800c45b67071e33cb118905a6b3,60.16829,24.94214,00000000afef4555,4.11
5583,2019-08-04T12:41:12Z,2969cdb120f2d285c556abfe5bac2f8090571f61aba227a474a534d2,60.17065,24.93641,000000000f4919c9,13.75
5584,2019-08-04T12:41:12Z,2a47bdc66249162a9588347a6cbe7895fe798bb25c1194cd69fb1e8b,60.14699,24.922,00000000a53ed894,8.38
5585,2019-08-04T12:41:12Z,2e2f4d1ad9ddc47800b58bfd6c1f08de22fdaa2157ec5f3f817246bf,60.16448,24.97323,0000000053c6c2be,18.79
5586,2019-08-04T12:41:12Z,2e86f9a432e00fa6ff5b8744ffecbe22a02b4316779bc8b4078af2e2,60.149,24.9843,00000000fffb8cf0,36.27
5587,2019-08-04T12:41:12Z,2ee2e108ed9051b1ccf4d3ee89931dfd53170af0b558fa6579b83e8d,60.15432,24.9211,0000000019fb59c4,13.75
5588,2019-08-04T12:41:12Z,2f08dbfbbe5577f04ea9826f72d5452ddf5fd9bb892769382ea5a4ca,60.16762,24.95415,000000006b44cce7,9.12
5589,2019-08-04T12:41:12Z,32708990f2c831e65f70f2682baf5188fc93348b9a9e78ada8db2bf4,60.14947,24.91438,000000004ef3150d,3.4
5590,2019-08-04T12:41:12Z,32f77f5019e5fce30881c214487361e2e34b8c93277f6e546de72012,60.1638,24.96846,00000000d747f075,27.28
5591,2019-08-04T12:41:12Z,33634cb1e3fc5d4a621e8717d203da8533ed27531a70c6cbe3abf3fa,60.16762,24.95415,000000006b44cce7,2.8
5592,2019-08-04T12:41:12Z,3459042c03cbb672a039f7f14a6b99b84f839b0598f9e48bf4dd95f5,60.14699,24.922,00000000a53ed894,13.75
5593,2019-08-04T12:41:12Z,34fddf0f4ea194b9720451d11a9de76225577536681d4f4b0a00b860,60.16829,24.94214,00000000afef4555,7.05
5594,2019-08-04T12:41:12Z,352427714fc6e8591df6bd227dde05d3b7ba0881742eee4ae750dcc4,60.15432,24.9211,0000000019fb59c4,14.89
5595,2019-08-04T12:41:12Z,358d7986d5bf2a0624fb1412a157b3c7b12f90653457e15a76bbdf50,60.16629,24.95957,00000000fb7600be,10.78
5596,2019-08-04T12:41:12Z,35a958343879c000cfc3f0c01afbc7d54934265828677bf4aefef84f,60.14699,24.922,00000000a53ed894,10.78
5597,2019-08-04T12:41:12Z,35e6e075578d7a51e510bf8904bde33f1d117264eea0917db98d4808,60.16897,24.95222,00000000aa852af1,9.92
5598,2019-08-04T12:41:12Z,36f876050503d244f74f3cbadcef716904eb2b245190d474b0cfa794,60.16762,24.95415,000000006b44cce7,5.91
5599,2019-08-04T12:41:12Z,3721331dbb97151d17938ed835ffc7208eba26fba6100c62870a3a4f,60.14947,24.91438,000000004ef3150d,4.11
5600,2019-08-04T12:41:12Z,37945fa4e7409fab98aa8bde45081f5bd083def0059485274ad552c0,60.17919,24.95181,000000007b5207b6,7.69
5601,2019-08-04T12:41:12Z,37b4192b51c9589b8791bc2e9f830dd541c0e77fd03e7a85a51b68e5,60.16544,24.95398,0000000038d83d41,23.56
5602,2019-08-04T12:41:12Z,37ddd8a82f13a78fbe5f35fdf0b6d87be93f2d76ea725c2b0b5b0ebf,60.16762,24.95415,000000006b44cce7,18.79
5603,2019-08-04T12:41:12Z,39310ebca1ad756aa2bfcb16c912cb7003ef3e7286a1f037603ade61,60.14699,24.922,00000000a53ed894,18.79
5604,2019-08-04T12:41:12Z,39f03a3a5fd777feee270921a7f51daec12ea679b542b0aaf2e808d7,60.149,24.9843,00000000fffb8cf0,17.4
5605,2019-08-04T12:41:12Z,3a6ce73ea4c03a14fc0d3d099e4698d3c1051a2e8e4bd552d5de394d,60.14947,24.91438,000000004ef3150d,3.74
5606,2019-08-04T12:41:12Z,3be48824225ca9f2aea5653f6ce21181a76e67a8d4b8361f0cba1f8a,60.14947,24.91438,000000004ef3150d,2.54
5607,2019-08-04T12:41:12Z,3c21ef81eb62764c543cc53a1eb793a317f3443dd4838799b2dbd6ff,60.16629,24.95957,00000000fb7600be,29.32
5608,2019-08-04T12:41:12Z,3e4965f1ed580ddf80246b1b78cbc55b73c11d67573d9cede2a7ccf7,60.16829,24.94214,00000000afef4555,16.1
5609,2019-08-04T12:41:12Z,3ea5c91c32a318cb798767914dd025c2791a8c19e81c10c22f649247,60.18203,24.91341,00000000342570c2,14.89
5610,2019-08-04T12:41:12Z,3eb138558a5cc58760a67df9709bc42cc329874e907981d33e0116ec,60.16762,24.95415,000000006b44cce7,38.87
5611,2019-08-04T12:41:12Z,3ef78c4485a99bfa3d5e1df620f767b22e6c6583cefd990dee77f784,60.16762,24.95415,000000006b44cce7,20.28
5612,2019-08-04T12:41:12Z,3f395809cdaaaa1688c7d1cc770079bbf7ef1349e148bec5c8eacd57,60.16762,24.95415,000000006b44cce7,10.78
5613,2019-08-04T12:41:12Z,3ffe89aa6ab1e57883e21fa8f15969f46a5f487bccb2b993eadb3cfb,60.14699,24.922,00000000a53ed894,7.69
5614,2019-08-04T12:41:12Z,42168beaa0acd47be6bf8e4209edb348c9d27b18517c7420d454a24f,60.17065,24.93641,000000000f4919c9,17.4
5615,2019-08-04T12:41:12Z,427f20895f2d0aec0392fd0be9f66c4cd45200a3d32b5b9d52ea0dc2,60.15432,24.9211,0000000019fb59c4,31.5
5616,2019-08-04T12:41:12Z,42d4eb6044091814f327d0b01dc9ae701506417af1a8ab7f4161650d,60.14951,24.92138,0000000006dd41f6,10.78
5617,2019-08-04T12:41:12Z,42da4298ed9f522421f17714e024d9b8fe22e7546df3deeb8b139bd3,60.16075,24.95883,00000000f1124bca,5.41
5618,2019-08-04T12:41:12Z,431375be6b9405ef55878f3aa0bb5dd6a35db8ba650a2bce05081c49,60.14947,24.91438,000000004ef3150d,7.05
5619,2019-08-04T12:41:12Z,457d11209b95b153efb57d8f2641f2db0823e91a0d608fa0555a5b69,60.14699,24.922,00000000a53ed894,12.69
5620,2019-08-04T12:41:12Z,4602ff9d03f6bf4fbb82976098cc1c73e7a7e754050401c772d1406e,60.14947,24.91438,000000004ef3150d,8.38
5621,2019-08-04T12:41:12Z,47b8aba771bed6ec3a7d57932c44fe859bcf6300054b3acc9d885105,60.14947,24.91438,000000004ef3150d,12.69
5622,2019-08-04T12:41:12Z,47bc9ff9097f9ef5f1862e48b4a42f6a9ddd30c4ef2b6eb43291a7a5,60.14699,24.922,00000000a53ed894,14.89
5623,2019-08-04T12:41:12Z,47cde44e4ddbf6c70162fa882eee962e7c3e2a037b650294ec46568f,60.14947,24.91438,000000004ef3150d,5.91
5624,2019-08-04T12:41:12Z,47f01e2ac7c3ce7e6b660533619f1713531790bd5178978cb1fab47d,60.16897,24.95222,00000000aa852af1,33.81
5625,2019-08-04T12:41:12Z,48d0a198e7445da9f7df3cb2cedef7dc861fe850deff789f6ad61d36,60.14947,24.91438,000000004ef3150d,12.69
5626,2019-08-04T12:41:12Z,48f665ebb1a71b0d84fc02bd71918c5ab5608328db534639cbd2a255,60.14947,24.91438,000000004ef3150d,4.5
5627,2019-08-04T12:41:12Z,4926fec57d2640e18cb9d46deb64eba0255ca71b93116f4ae21e4288,60.16829,24.94214,00000000afef4555,12.69
5628,2019-08-04T12:41:12Z,4a565a7be2bb822523480c6ca86154a466bf189290f87a0ef118f8b7,60.149,24.9843,00000000fffb8cf0,21.87
5629,2019-08-04T12:41:12Z,4b1050cc517631e36206d3528399c0b14748daec8c7d1b5dfa412299,60.15432,24.9211,0000000019fb59c4,7.05
5630,2019-08-04T12:41:12Z,4b85388cdaec2b4c15b546160ee326d9668a5e5d3c7b08d0c539946e,60.17919,24.95181,000000007b5207b6,10.78
5631,2019-08-04T12:41:12Z,4be50f3eb033f3f46e3069049c8e0a34dc8a2607741c1764369ba4c2,60.16762,24.95415,000000006b44cce7,4.94
5632,2019-08-04T12:41:12Z,4bf75585466f0aafa2ed2956fe4b0f7235b4ba3a0606a52219b3156c,60.14699,24.922,00000000a53ed894,14.89
5633,2019-08-04T12:41:12Z,4ebdb6165c5d4892cdc21711313b98b1545bececfb886192c6f0ef22,60.16762,24.95415,000000006b44cce7,7.05
5634,2019-08-04T12:41:12Z,4efc969b8b738c051c221bf9d7829089b44cec23dd378fd86e7fb8be,60.173,24.92524,0000000096918cfa,20.28
5635,2019-08-04T12:41:12Z,4f4940c5c77737c5b8f2fbd5a1b65886ea5f6e0e4fcd50447e11ce21,60.16075,24.95883,00000000f1124bca,16.1
5636,2019-08-04T12:41:12Z,50e21d119f102cee2afe3ac7f1a32032527638769b05aca582d6ecb1,60.16762,24.95415,000000006b44cce7,9.12
5637,2019-08-04T12:41:12Z,514a3981fad6c695ac4940f09374b5d1c2e84d2ca835084ef8707714,60.16075,24.95883,00000000f1124bca,3.09
5638,2019-08-04T12:41:12Z,51b3c7870a399165f0d1d14f7d21688df32b0360f9cc6f3ca61890d8,60.16829,24.94214,00000000afef4555,7.05
5639,2019-08-04T12:41:12Z,52072bd384eaaf4a6958af5510ed039d194dee47f34667bc7bccbe0e,60.14699,24.922,00000000a53ed894,12.69
5640,2019-08-04T12:41:12Z,5263c8fd413ee308494f18228802330e278acc648b425bb454951db5,60.16075,24.95883,00000000f1124bca,9.92
5641,2019-08-04T12:41:12Z,5274280f7558ea562d9ce825000efc025d2de6b91c62614cb68df2b1,60.14947,24.91438,000000004ef3150d,10.78
5642,2019-08-04T12:41:12Z,52939581c6c8dd3407dbf44ea9e90471e4bbadfb7e3740a0ba8324f3,60.14699,24.922,00000000a53ed894,13.75
5643,2019-08-04T12:41:12Z,52f0e69ca7a5cebe604c1f32308dc7f8870d1d85cd4b25ad17f706e9,60.14699,24.922,00000000a53ed894,10.78
5644,2019-08-04T12:41:12Z,53f1f84f2f1f0ea7eb59dd269d86fae99cc25ee089a48f249de1aaec,60.16897,24.95222,00000000aa852af1,17.4
5645,2019-08-04T12:41:12Z,5554305bad43a71cf98d83e92708c7474c1efc189392c1ea94231e9c,60.16531,24.9442,00000000fdda10fe,7.69
5646,2019-08-04T12:41:12Z,56b8eace741e5227a40ea0a64601a737648080c63d6240b0dca632c4,60.16075,24.95883,00000000f1124bca,16.1
5647,2019-08-04T12:41:12Z,570dc61d53aec66ede39dfde66339640878453afc00cd1a55c60bca7,60.16544,24.95398,0000000038d83d41,13.75
5648,2019-08-04T12:41:12Z,571934189bf349efb6f596e76c21612cf9b82ed44913090169936048,60.17065,24.93641,000000000f4919c9,16.1
5649,2019-08-04T12:41:12Z,57f88614f91a133004ac1a6dea31a4090f899646a5f62ece691d87af,60.16762,24.95415,000000006b44cce7,11.7
5650,2019-08-04T12:41:12Z,58411163d307bb308f9c94a9720e9ce5ab0ce4f5617cd2b1fcc2037a,60.16762,24.95415,000000006b44cce7,12.69
5651,2019-08-04T12:41:12Z,584cb0b0cdd14e608c8b57c8aecc9826f9b40027e365e2438a444ea2,60.16762,24.95415,000000006b44cce7,13.75
5652,2019-08-04T12:41:12Z,59b01cbdec8ff06fa6d50bac00c3f5f4c45132fc8a62800c08df5d6a,60.16629,24.95957,00000000fb7600be,11.7
5653,2019-08-04T12:41:12Z,5ae2070870c9dfbf35ba1d5d46239aa32753b4fffa2fed3f378f5e8c,60.16544,24.95398,0000000038d83d41,29.32
5654,2019-08-04T12:41:12Z,5bc8610f198c0ab38e4e89fd7f4828d032ca2a6ef97c2a17c79e296f,60.14699,24.922,00000000a53ed894,21.87
5655,2019-08-04T12:41:12Z,5c160268bc9b4b619181ce421d9e58c258e6b59a342945fc29f0004b,60.14947,24.91438,000000004ef3150d,12.69
5656,2019-08-04T12:41:12Z,5cd5117066c75a1cb83d3896a7eba3f3472e133f0013ea7d4e95daaa,60.14699,24.922,00000000a53ed894,4.94
5657,2019-08-04T12:41:12Z,5d70086d53447ee393249cef33c7bae814c1d7c2e3055fc91b38786c,60.17919,24.95181,000000007b5207b6,9.12
5658,2019-08-04T12:41:12Z,5e44b2770fcd3ab47bae5954df365187d2183088b73b895edc47dcd8,60.14699,24.922,00000000a53ed894,6.46
5659,2019-08-04T12:41:12Z,5e53be1d47b3cceeb6ea9406c75327379c8ee8abc68da605b7758e85,60.14947,24.91438,000000004ef3150d,11.7
5660,2019-08-04T12:41:12Z,60d9b71ec38b796bf876dedfaf3112b49ff79677480c7603902857ae,60.14947,24.91438,000000004ef3150d,13.75
5661,2019-08-04T12:41:12Z,614ab7fba7255f6bf6f888e9a04d589962f756b3f427e658f10014f2,60.16075,24.95883,00000000f1124bca,6.46
5662,2019-08-04T12:41:12Z,63defb71d4c3856253a0a2d67a5c370b91ad0527703b334a63fe5344,60.14947,24.91438,000000004ef3150d,7.05
5663,2019-08-04T12:41:12Z,643ef3f01a51bea3c4510d4060a945cd510e5189236d68f5c9489034,60.16829,24.94214,00000000afef4555,0.84
5664,2019-08-04T12:41:12Z,64638a9f9e6c9b32fc4b484b55e4934fcab6cb04605cc76d5f5534b7,60.17065,24.93641,000000000f4919c9,5.91
5665,2019-08-04T12:41:12Z,64d86288e491374eed34c68c82763c2e5dbc87113cf5ca44f23233ba,60.16829,24.94214,00000000afef4555,18.79
5666,2019-08-04T12:41:12Z,6503762f2cac51cc2b74da1efa6b16583ed11c9a528d7716b7829c0b,60.16829,24.94214,00000000afef4555,7.05
5667,2019-08-04T12:41:12Z,6516a10850095847a8156717b0fba05a9bdc9b5bfedd691ddb07f119,60.14699,24.922,00000000a53ed894,8.38
5668,2019-08-04T12:41:12Z,6525cc634176c25187e68e0d067bcfecfd78e399e93db4ee9d408b7e,60.17919,24.95181,000000007b5207b6,17.4
5669,2019-08-04T12:41:12Z,6688790e10cbf0805c8bdc210412ed75d7999e61029da0b7ba29458e,60.16829,24.94214,00000000afef4555,29.32
5670,2019-08-04T12:41:12Z,66b9cea6cd979b4e9e391e0ef854e2cc38eca6fb9e166811e39edd11,60.16544,24.95398,0000000038d83d41,20.28
5671,2019-08-04T12:41:12Z,6723bebaab92d1a9f8b4318fd4f497a6dec6d7f8e0eafca443925213,60.16075,24.95883,00000000f1124bca,8.38
5672,2019-08-04T12:41:12Z,67591d427f60ba3c369ac0d78088fca7be33081501508d16401dd6cb,60.16762,24.95415,000000006b44cce7,3.74
5673,2019-08-04T12:41:12Z,675eacdf32b5b831fd118fc5539eea4b3cef4bd11e2e1706a9571222,60.16829,24.94214,00000000afef4555,5.91
5674,2019-08-04T12:41:12Z,677c53ae4056d6cb123ca576ba5284664b1c7e3e88818bd19b5dd99a,60.17919,24.95181,000000007b5207b6,12.69
5675,2019-08-04T12:41:12Z,6875e3632a29207e29ded33617e66d55de5d8c7804fecedd6f1dfe12,60.14699,24.922,00000000a53ed894,12.69
5676,2019-08-04T12:41:12Z,698b200b63a644828a7314691a16af2af1bccef75d52abb5591a5542,60.14699,24.922,00000000a53ed894,7.69
5677,2019-08-04T12:41:12Z,6b6668d7ebecfb96a6ed3ca19e97f8da150943ddf1d034675d08a9b8,60.14699,24.922,00000000a53ed894,16.1
5678,2019-08-04T12:41:12Z,6b922b30e2b3f7cf0c62b058d582cf58c21d324ade2b0eb3e53178db,60.17918,24.95141,00000000675d5200,33.81
5679,2019-08-04T12:41:12Z,6b97071051ccf5db7e5ebee033d4f68d58ed6917ff2fac5b205a6605,60.17065,24.93641,000000000f4919c9,11.7
5680,2019-08-04T12:41:12Z,6c7e018abdf8462af7c7b003bc30f915184f7082e9e865a2c502eed5,60.14699,24.922,00000000a53ed894,7.05
5681,2019-08-04T12:41:12Z,6f3dd17e40daabb4efe868f1b859dc00ecc01846f0a0e2b8db5d1413,60.17919,24.95181,000000007b5207b6,7.69
5682,2019-08-04T12:41:12Z,6fc3823219441524e7f749dc3371bfb8c670faa9d4427a5ededed22d,60.16762,24.95415,000000006b44cce7,14.89
5683,2019-08-04T12:41:12Z,6fdf4cfc3a0774e204869ab43ef69c6306cc40c0fd8bbb0f8b505e3a,60.16829,24.94214,00000000afef4555,21.87
5684,2019-08-04T12:41:12Z,6fdfc33c6b609ea80b4a38ecf657bc68b7bf659752b51edcc22ffb54,60.16762,24.95415,000000006b44cce7,12.69
5685,2019-08-04T12:41:12Z,70c56152af84cf1bad4d19b0cb31202232b4cd4320ce5ea48895e42b,60.14947,24.91438,000000004ef3150d,8.38
5686,2019-08-04T12:41:12Z,7176e4b517010283d61468978a67a0e6d800f7b66219728174074b97,60.14947,24.91438,000000004ef3150d,31.5
5687,2019-08-04T12:41:12Z,71c360c0ae36f964d9ca7957d318abe8f1933c8220f225231eb33b39,60.18203,24.91341,00000000342570c2,23.56
5688,2019-08-04T12:41:12Z,72e4de5ded503a6b09635fc51a720ce504c9e77552bc2ffae8d6cae3,60.14699,24.922,00000000a53ed894,12.69
5689,2019-08-04T12:41:12Z,745e52dafbfa395ea41c5fcd0c2717b9091e44d19ab89e03991fdbb7,60.16762,24.95415,000000006b44cce7,9.12
5690,2019-08-04T12:41:12Z,7470acbcae5ee27e98f825f59d55cc8115045d611f5d0cd3dbfd81c8,60.16075,24.95883,00000000f1124bca,33.81
5691,2019-08-04T12:41:12Z,759f94c852ff15ca91c3138913c3858c4801702f8f0514ae82fb2a19,60.16897,24.95222,00000000aa852af1,9.92
5692,2019-08-04T12:41:12Z,7664b7f08aaa059ecf6646a595c33fae0c80715febe63e31f45a4662,60.16762,24.95415,000000006b44cce7,9.12
5693,2019-08-04T12:41:12Z,777cceac7be6303a1c82f7cc68061528b01e3aa1b3aa6481cad9e5e3,60.16075,24.95883,00000000f1124bca,5.91
5694,2019-08-04T12:41:12Z,77a12194b9a6789f4b2b8c07ae7fce3c2b531cb221e5fa7ca5deae55,60.16897,24.95222,00000000aa852af1,10.78
5695,2019-08-04T12:41:12Z,79bb1e615a834d4f653cec7efc45ad5b4bbedf2a83c55b44c586ad0a,60.14947,24.91438,000000004ef3150d,7.05
5696,2019-08-04T12:41:12Z,79d26f15a82c94ac5d05e0f2b6a6beeae1f407972ec39665d7ab9535,60.16829,24.94214,00000000afef4555,0.59
5697,2019-08-04T12:41:12Z,7a0c0b525f2d3eed6c873bd3b8d27bede551fe4a428ac15c23deadae,60.16075,24.95883,00000000f1124bca,10.78
5698,2019-08-04T12:41:12Z,7a4a06d20ebe57d94e5fceeaf47d5b56ad9a515818e9c20e21a80e61,60.16629,24.95957,00000000fb7600be,13.75
5699,2019-08-04T12:41:12Z,7a97375000483176c3b37cc0d1744a950d9b322ce3534208fce0b21d,60.14699,24.922,00000000a53ed894,14.89
5700,2019-08-04T12:41:12Z,7ab335e046f7f3597f8f615a90857885e35cfecefebd5d24bbf0af90,60.16075,24.95883,00000000f1124bca,7.05
5701,2019-08-04T12:41:12Z,7ad93fed82e41ea4422fa101badc698b0328c3ebf0f6b73c5164d438,60.16897,24.95222,00000000aa852af1,33.81
5702,2019-08-04T12:41:12Z,7b61dc50070867948abbe5275032ae82e7643ca4158a809fe41a8b69,60.14699,24.922,00000000a53ed894,20.28
5703,2019-08-04T12:41:12Z,7d9a3d84c09c3a8d6876389e216e0278048d6b924890fb275a078ffb,60.16531,24.9442,00000000fdda10fe,0.71
5704,2019-08-04T12:41:12Z,7e31a4896ab0ff539440898dfabd8305df79869bff52da941016d1cc,60.1538,24.95595,0000000038bf9618,29.32
5705,2019-08-04T12:41:12Z,7ee87b87cf01698f643e1ba3117b245039edc811605df5dc802e7576,60.14947,24.91438,000000004ef3150d,29.32
5706,2019-08-04T12:41:12Z,7f786ec8e06f1ca3bdd10fc60d0114baf354125b8f6cf796d197f4cc,60.16075,24.95883,00000000f1124bca,2.54
5707,2019-08-04T12:41:12Z,80c15ea4e856235202bc4bd23b0db3a8e96ab3577162006f8e87dc36,60.16629,24.95957,00000000fb7600be,20.28
5708,2019-08-04T12:41:12Z,80cbcb887f3e351e3bef7c5f53dccc578cc3494feec514aed7015c0d,60.16075,24.95883,00000000f1124bca,1.88
5709,2019-08-04T12:41:12Z,80cc39b04598f971820e63498fd27ae72a12a45a60c220fe625b282a,60.14699,24.922,00000000a53ed894,20.28
5710,2019-08-04T12:41:12Z,82411c6526228322a61f59259f13adf7cde62bd767587b6735867705,60.17919,24.95181,000000007b5207b6,7.69
5711,2019-08-04T12:41:12Z,828b957c6e55b5e11020cbd8bf26d216772f81722edf1f28f5f7cd44,60.16629,24.95957,00000000fb7600be,33.81
5712,2019-08-04T12:41:12Z,82ce8c2420645d1eeed2751616ac691b53855581110be4cc97a61036,60.16897,24.95222,00000000aa852af1,20.28
5713,2019-08-04T12:41:12Z,83121a75723643c48e3c3b0a3ea5fccb532046432ca445833e8de06a,60.16762,24.95415,000000006b44cce7,4.94
5714,2019-08-04T12:41:12Z,848fdb054358a3fca79c0246f01263c92b5b48aee6b9fb6e260d7a0b,60.16829,24.94214,00000000afef4555,17.4
5715,2019-08-04T12:41:12Z,848fe01e24ccc782e5968171f53ea31d28f20a455c45d8bac8fb7374,60.173,24.92524,0000000096918cfa,27.28
5716,2019-08-04T12:41:12Z,849a662d95d4185421aff7c6213ba5d7b84cfc58c9fb30ff34054e4c,60.16075,24.95883,00000000f1124bca,6.46
5717,2019-08-04T12:41:12Z,857f5ab05809fdb94740616b8d6662aa2458c4a6009e6f717f8933fb,60.17002,24.94407,000000006b087f40,18.79
5718,2019-08-04T12:41:12Z,859b417d0b562f5c4ab33c3877c95cd7cbb332db91dcd0f4e7a4f3b6,60.14699,24.922,00000000a53ed894,13.75
5719,2019-08-04T12:41:12Z,85d66944a64cfde859e7e08ca4b79f3b39d5b03141d500fe7ce73f7e,60.14699,24.922,00000000a53ed894,16.1
5720,2019-08-04T12:41:12Z,87bb1abe21abfcb5e5c2039e579cff7ca863a6019207db356de5b7c2,60.14699,24.922,00000000a53ed894,14.89
5721,2019-08-04T12:41:12Z,885bcc6af7d0aa9718fe1030e32ffff1de5171ae5ef67cf0011874fb,60.14947,24.91438,000000004ef3150d,6.46
5722,2019-08-04T12:41:12Z,8947a5209f3b32173d3dc72792039edf94a2711741ab041b62b30643,60.16762,24.95415,000000006b44cce7,5.41
5723,2019-08-04T12:41:12Z,896f7e896dc6f1ea44b82bf968a988cc10c358ee34821d9d7a4bd07a,60.14947,24.91438,000000004ef3150d,7.05
5724,2019-08-04T12:41:12Z,8a08b2de43a9ef03cf96610718c908e69dcacc59f536a7135b7bb542,60.16629,24.95957,00000000fb7600be,9.92
5725,2019-08-04T12:41:12Z,8a9eedc7cf775ab4e9ad2e20bdcbcbe1635808b418eedcdcceda7834,60.16762,24.95415,000000006b44cce7,7.05
5726,2019-08-04T12:41:12Z,8b42f9fa8a5ac58a937c7655db31285a68cb7cc3ce9e5991b7bd55ed,60.16762,24.95415,000000006b44cce7,21.87
5727,2019-08-04T12:41:12Z,8b641985c793a3f25a45b2460cb01f5baa6f339c6dd26ba7752d8a7a,60.16897,24.95222,00000000aa852af1,7.05
5728,2019-08-04T12:41:12Z,8ba6cfc17ca70e8304994e018ebd5eb2003177062cde05925d5cacb3,60.173,24.92524,0000000096918cfa,9.92
5729,2019-08-04T12:41:12Z,8bbf5422247a0a6be314130d8fd9ae1814401b75acf3b3ce2da9620c,60.14699,24.922,00000000a53ed894,11.7
5730,2019-08-04T12:41:12Z,8d528b00553162a9dd47d2296d15b2fad89aad6a508424d4589618a1,60.14947,24.91438,000000004ef3150d,7.69
5731,2019-08-04T12:41:12Z,8d8a869e83fe2ac29e791666634a33af3ea4048ea4e752b6fb1e238c,60.14947,24.91438,000000004ef3150d,17.4
5732,2019-08-04T12:41:12Z,8dcf139eb279bcc2696420ba9da858e361600ff02cd29587f66660ec,60.16897,24.95222,00000000aa852af1,44.58
5733,2019-08-04T12:41:12Z,9023a89a49a372e5f97cf86ef1b5de0164eb67cc10d394d383ab75fd,60.16829,24.94214,00000000afef4555,11.7
5734,2019-08-04T12:41:12Z,920dc90f60b295267f63efc8f968408087b71878dc3f49f0ded1c41e,60.17919,24.95181,000000007b5207b6,23.56
5735,2019-08-04T12:41:12Z,922ed68b1f7e1a599108591da78cc5ac9fbe5162e1e6528f8f0176fa,60.16544,24.95398,0000000038d83d41,31.5
5736,2019-08-04T12:41:12Z,926717d61529080dfc4c7f8cdcdc82c6490d2a5129474524b8c40ea4,60.16829,24.94214,00000000afef4555,9.12
5737,2019-08-04T12:41:12Z,93a2100e233b204243f7e69b68dea7c9a145d1b5384bd18359bf87a3,60.16531,24.9442,00000000fdda10fe,1.38
5738,2019-08-04T12:41:12Z,93e409819362e2429a43710ff4330bd3ed83011b73ae438dd7fb62d8,60.16762,24.95415,000000006b44cce7,5.91
5739,2019-08-04T12:41:12Z,958ab5fd2d2c7f0c3fe6dc14fe27005fcf35b013db75f708c22a3619,60.16762,24.95415,000000006b44cce7,14.89
5740,2019-08-04T12:41:12Z,9604244c18efd5978b809f021651f7743e0e64da38fcf3718f9b4f93,60.14699,24.922,00000000a53ed894,4.5
5741,2019-08-04T12:41:12Z,97264f5808fa13851dacabf0c98525eec29849ff4b6a744cc777fd5b,60.16075,24.95883,00000000f1124bca,13.75
5742,2019-08-04T12:41:12Z,9736a8a29aee134a307e0cd4221e9b0a2ab7c48befee43fc62e9f9bd,60.14699,24.922,00000000a53ed894,4.11
5743,2019-08-04T12:41:12Z,9862cafd709b75d07c83b397773e0cf33564666cb81814bdbf5e54f2,60.16897,24.95222,00000000aa852af1,18.79
5744,2019-08-04T12:41:12Z,987d01417bcff2d7f663704309df2ebdcdb035da3ddb085fab0cf928,60.16829,24.94214,00000000afef4555,13.75
5745,2019-08-04T12:41:12Z,992f6feda52c82ad67e40af55b5602bb22411020701998c6bd65faed,60.16762,24.95415,000000006b44cce7,11.7
5746,2019-08-04T12:41:12Z,99f55bb5538aa9c5228cc0177e24a64cbd94dafe671bb17aa9620823,60.16075,24.95883,00000000f1124bca,31.5
5747,2019-08-04T12:41:12Z,9a9db814dfa74ca2c2d51496299715310e81c6e6525cc9d2cb0762eb,60.16897,24.95222,00000000aa852af1,10.78
5748,2019-08-04T12:41:12Z,9ba6f9fb8bb950d16224b4182d3c3d8349a0f50619be329c165417e0,60.14947,24.91438,000000004ef3150d,18.79
5749,2019-08-04T12:41:12Z,9bad872c31c8c5e53f064b5367350b41271d45ca8a9e508136622800,60.16897,24.95222,00000000aa852af1,11.7
5750,2019-08-04T12:41:12Z,9bf4a5d763fa921335be6c141a0c9fd769fcb2f4c5b40b85a1c99c71,60.14699,24.922,00000000a53ed894,13.75
5751,2019-08-04T12:41:12Z,9e3d4a4b1acd94d2896cd7cf56419110f06ea96faae37aadebd4ec77,60.14947,24.91438,000000004ef3150d,11.7
5752,2019-08-04T12:41:12Z,9ff13c715073d5ad9c464cb67b6de3f703435cf389c32cce5626dfe1,60.149,24.9843,00000000fffb8cf0,17.4
5753,2019-08-04T12:41:12Z,a01d7427dcaa19c3efac1cde116c3751db11d6cf2838d0509704616a,60.14699,24.922,00000000a53ed894,18.79
5754,2019-08-04T12:41:12Z,a0db7e8063bede2dd55c2c6cf5111932617ecace670ff65314a7d349,60.16629,24.95957,00000000fb7600be,11.7
5755,2019-08-04T12:41:12Z,a22736c5d66f417bc6b745f51492549dc2e5a3c766f5e7e23f183b41,60.14947,24.91438,000000004ef3150d,9.92
5756,2019-08-04T12:41:12Z,a38a21a97a054541f0423f03758c70227116c05254958373e3e93ad0,60.14947,24.91438,000000004ef3150d,7.05
5757,2019-08-04T12:41:12Z,a3d228482bfdd3dbdfaee1ff72b6ac00c2ee8c05e949047ce9117783,60.14699,24.922,00000000a53ed894,4.5
5758,2019-08-04T12:41:12Z,a422a30ec1eb058c7930e1352297c161639faa5b3ca5f5fa47c4adb3,60.14947,24.91438,000000004ef3150d,9.92
5759,2019-08-04T12:41:12Z,a4f416ec0941bb365e3665d7fd224fad15d74225e8ce9f6dd6368bc7,60.17065,24.93641,000000000f4919c9,20.28
5760,2019-08-04T12:41:12Z,a66c6aaed06f5e4b2cde2b0e598cf422548fdbb7d08dfb741f857ec2,60.16762,24.95415,000000006b44cce7,21.87
5761,2019-08-04T12:41:12Z,a6f944078dd26796f5a849ccb6fdf8a4436f913cf3302597c846462d,60.16762,24.95415,000000006b44cce7,3.4
5762,2019-08-04T12:41:12Z,a7472d1b63171c047444981df223670390009e3ea502132d9963e9fb,60.14947,24.91438,000000004ef3150d,7.05
5763,2019-08-04T12:41:12Z,a76d219c3abcc4ec3a54dd834263f9a24972c71be4c7bbbfc663f22f,60.14699,24.922,00000000a53ed894,10.78
5764,2019-08-04T12:41:12Z,a775a3d1899c2c6fe5de9d036fe26cee03497df5bcbb2646e8efc8db,60.16762,24.95415,000000006b44cce7,12.69
5765,2019-08-04T12:41:12Z,a88c6bae85183bcf7a25dcbc1fe64128df64a49ded7074a0f51a1f5c,60.14699,24.922,00000000a53ed894,16.1
5766,2019-08-04T12:41:12Z,a8bd45406d5913e098652d4c2d836339758e08d21bf5d88becabdd36,60.14947,24.91438,000000004ef3150d,21.87
5767,2019-08-04T12:41:12Z,a8df2631c2442628608c1f0352c896eb532a6ca08c85de2c77360aa8,60.14947,24.91438,000000004ef3150d,17.4
5768,2019-08-04T12:41:12Z,a9383e1c3d9b3355965662ff18ad95dfb64daa5d8e71fc20e7e50df7,60.14699,24.922,00000000a53ed894,13.75
5769,2019-08-04T12:41:12Z,a96e9a3805def174e6ededa93b88ce312739d9d68941dffdeca03e9f,60.16762,24.95415,000000006b44cce7,4.11
5770,2019-08-04T12:41:12Z,aa076c3f0d09145aebbb750dde9849ba4eb6759e92ba5753280184d6,60.16762,24.95415,000000006b44cce7,9.92
5771,2019-08-04T12:41:12Z,acb831a572fef6e9e1fc74a3084583547930b1f96e8d952485f755ea,60.17002,24.94407,000000006b087f40,23.56
5772,2019-08-04T12:41:12Z,acdcc8ae1d1c6bb055dfc108154eae58b4b894f0ce1ff174c1065c7e,60.16762,24.95415,000000006b44cce7,1.54
5773,2019-08-04T12:41:12Z,ad8af809ed47a3391bb53d11da159b3a8b0ddc264d94c049ce72bda0,60.17065,24.93641,000000000f4919c9,1.88
5774,2019-08-04T12:41:12Z,ae87b8dd8920695bc9e599874667205991c04e30666d8523f0be4350,60.14947,24.91438,000000004ef3150d,21.87
5775,2019-08-04T12:41:12Z,aec4b11f0b1ec075878ca4a3b94da464f6fc96e330b913d5bfd346b0,60.16897,24.95222,00000000aa852af1,4.94
5776,2019-08-04T12:41:12Z,b0a20a40885487350aaf5c8f46dab27d4d7e1d5c24fefec54c0c62d4,60.16829,24.94214,00000000afef4555,18.79
5777,2019-08-04T12:41:12Z,b12b27061f30d5659794f14cbed5e4726c5af1ef526611d3b2dded29,60.14947,24.91438,000000004ef3150d,7.69
5778,2019-08-04T12:41:12Z,b2a01c2a06c3cf1a48333e58e787d9eaf2f975a738c02878220d7774,60.16829,24.94214,00000000afef4555,27.28
5779,2019-08-04T12:41:12Z,b41cc64d7ab4e16a03573bdc3b5863c4b402ec66c7780c7900c02877,60.16829,24.94214,00000000afef4555,9.12
5780,2019-08-04T12:41:12Z,b523d3f8341906e4b3877ff7d9614b4e10d6bbf10afdcc6c53656c8f,60.17065,24.93641,000000000f4919c9,13.75
5781,2019-08-04T12:41:12Z,b5d90bc33c7307b83a6f38469ffe13897d3ce5962c7c9299bbe61fe5,60.14699,24.922,00000000a53ed894,11.7
5782,2019-08-04T12:41:12Z,b5e3abaccf4a03480985d25eb9fbf454c87f7ad06c38c8bdeb0819fa,60.14699,24.922,00000000a53ed894,17.4
5783,2019-08-04T12:41:12Z,b7039958be9f53a3eaed97f705a1974815f52f25226e920155397bec,60.16075,24.95883,00000000f1124bca,16.1
5784,2019-08-04T12:41:12Z,b81e80c4efa2f6bf7a24861abfd0f0fb5672f1512dc7545a1d387f7f,60.16762,24.95415,000000006b44cce7,5.91
5785,2019-08-04T12:41:12Z,b82ba472f0cb919b39c31b9c737f1608f6a31ffa63352768f9fa12ea,60.16829,24.94214,00000000afef4555,18.79
5786,2019-08-04T12:41:12Z,bb0193f2b0ac4801fe82ed5cec75e687465d707d92e731047f81650f,60.1538,24.95595,0000000038bf9618,1.88
5787,2019-08-04T12:41:12Z,bbe1e18f88cf88928067a0221965768c1f2ae264291cea564d7eb7e8,60.16897,24.95222,00000000aa852af1,9.92
5788,2019-08-04T12:41:12Z,bbeaad18acdd3a2602aa5b07ab6ae8df489cb499c4490b3e6f561a5e,60.16544,24.95398,0000000038d83d41,23.56
5789,2019-08-04T12:41:12Z,bbf8cd606b9732370f1c0ae0e68d6d0663a23102d831dd10c0e74819,60.16897,24.95222,00000000aa852af1,17.4
5790,2019-08-04T12:41:12Z,bc07df8cc395f6f4f5d483b2233caca5f93a6918f346e4cc3702f8cc,60.16531,24.9442,00000000fdda10fe,12.69
5791,2019-08-04T12:41:12Z,bccfcc98a02cf48098244967d091ea74928cc1b8d2f2b771bd11975d,60.1538,24.95595,0000000038bf9618,29.32
5792,2019-08-04T12:41:12Z,bd4ec71179e7755567e37eb54b845b317af028a4effe45dcaeae19bc,60.14699,24.922,00000000a53ed894,21.87
5793,2019-08-04T12:41:12Z,bddca8fc17056f9f207a259070e281eedf4cea3e8e22093b88bbd7b5,60.14699,24.922,00000000a53ed894,12.69
5794,2019-08-04T12:41:12Z,be21a77f983baae8e0ba646eda0988a618149dcc7ef4c303c35d5377,60.14947,24.91438,000000004ef3150d,9.12
5795,2019-08-04T12:41:12Z,bebf1edb9736fe66391376c4cf2a3033ab9fa83ae21f86b66392e2d0,60.16762,24.95415,000000006b44cce7,16.1
5796,2019-08-04T12:41:12Z,bf2e5725b255e320f1e8375ec03f55194f1fd9f751be9629d873a5c8,60.14699,24.922,00000000a53ed894,4.11
5797,2019-08-04T12:41:12Z,bf992d3cd95a73f02d7223eaffe90a94e3e1e98a8c6759bab631b5b0,60.14947,24.91438,000000004ef3150d,4.11
5798,2019-08-04T12:41:12Z,c0722f63618f97eb8ec4afac1a8538b81a3c87e623d753ad1201bf7c,60.16075,24.95883,00000000f1124bca,5.41
5799,2019-08-04T12:41:12Z,c0a0ca3433586ed2ae0e448f2406fabac7292ac79d49562e0bd5cef8,60.16762,24.95415,000000006b44cce7,14.89
5800,2019-08-04T12:41:12Z,c18a638a8f7d2d4e67c538d49830623f943f762f4942350ba7358441,60.173,24.92524,0000000096918cfa,25.36
5801,2019-08-04T12:41:12Z,c1e4323d2276cb6e358f5fabb123294e7a0ef87e7169f3cccc8f2e03,60.16075,24.95883,00000000f1124bca,27.28
5802,2019-08-04T12:41:12Z,c2e68a89f4417a1bdd76939a6291e77506d114d019fba9e438f48c9f,60.16544,24.95398,0000000038d83d41,27.28
5803,2019-08-04T12:41:12Z,c36d58ed0e0dddb3e26be1214e369db1c3fa3d4bcf8b53536a25239b,60.17065,24.93641,000000000f4919c9,1.88
5804,2019-08-04T12:41:12Z,c3b2521faf0f7ae79434e40e86c59699d399444b775c7619f6e73e36,60.16075,24.95883,00000000f1124bca,18.79
5805,2019-08-04T12:41:12Z,c3be6dcc2c0542676c20d28ce38adbe2c0b9be09caa3f22e60210636,60.16075,24.95883,00000000f1124bca,14.89
5806,2019-08-04T12:41:12Z,c3e5ee20ca76f7347fda00c4c2fdee291bc6d843a879b26fbdd70390,60.17065,24.93641,000000000f4919c9,27.28
5807,2019-08-04T12:41:12Z,c493415e869d6e6304841784a120f994272b83557256b43e44e4f3e0,60.14699,24.922,00000000a53ed894,4.11
5808,2019-08-04T12:41:12Z,c4dfae0a1b1bd27741275e8f26148b119bf7225960b4275e488612b9,60.14699,24.922,00000000a53ed894,13.75
5809,2019-08-04T12:41:12Z,c551d554f64ffda092ce6c4a6715f0ed438c9649f7676b2944f1ea2f,60.14699,24.922,00000000a53ed894,13.75
5810,2019-08-04T12:41:12Z,c593e91b10da944a20d25c4237bda2fae759d288cea38bcaaee3abfa,60.16448,24.97323,0000000053c6c2be,38.87
5811,2019-08-04T12:41:12Z,c633a260ce59bad4e1ca42f12936ed8ae57a40f5e6528dfb70052c43,60.16897,24.95222,00000000aa852af1,9.12
5812,2019-08-04T12:41:12Z,c6b973b57d5574eb3341b3141a5ba2b28f477ae9e702ab4ae701cc0d,60.14699,24.922,00000000a53ed894,9.92
5813,2019-08-04T12:41:12Z,c728eaa7734efeabe7f33c782081caa960fcced68160e285ee477916,60.14699,24.922,00000000a53ed894,9.12
5814,2019-08-04T12:41:12Z,c7416c039513e3156222d936c483164a0914a3b5a5310985374f4767,60.17065,24.93641,000000000f4919c9,20.28
5815,2019-08-04T12:41:12Z,c90216654c3f7c2e3af7070a6d4971c17195f6f95e696ce1b74a83f6,60.14699,24.922,00000000a53ed894,14.89
5816,2019-08-04T12:41:12Z,ca507a06be040b3e520339b63d5bd15463a1862124c4bd940d936e4a,60.16762,24.95415,000000006b44cce7,17.4
5817,2019-08-04T12:41:12Z,cad80f69731ad65f7f14bf400d674e0c42de462bd42db112c9d9f261,60.16075,24.95883,00000000f1124bca,12.69
5818,2019-08-04T12:41:12Z,cbc336691f17a9c508549e03d522166247a0cd0a944321c1a7d15525,60.14699,24.922,00000000a53ed894,8.38
5819,2019-08-04T12:41:12Z,cbd334d06c16786ddc543b71b34da6278d203ac72606f0f9275e0936,60.16829,24.94214,00000000afef4555,9.12
5820,2019-08-04T12:41:12Z,cbeef3bda7bad2ba1dc31f986349ad235f07ee8d53eb4d0bbc920ecd,60.14699,24.922,00000000a53ed894,10.78
5821,2019-08-04T12:41:12Z,cc2cf42c6b14536fb92c810ff0e3dd5a3caa74236f14246a5b6e8cdc,60.16762,24.95415,000000006b44cce7,5.91
5822,2019-08-04T12:41:12Z,cce519499646f89fa1cbd7a6bb694401fa6c081e9ced8642718b392f,60.16762,24.95415,000000006b44cce7,20.28
5823,2019-08-04T12:41:12Z,cce6b6f309e43e2bb1be6a9784582a82891e976d0869d01040586d27,60.14947,24.91438,000000004ef3150d,8.38
5824,2019-08-04T12:41:12Z,cd2346f3db5667fe43eb0d974ddf486ce9722fe427e98ee232d1ba12,60.14951,24.92138,0000000006dd41f6,18.79
5825,2019-08-04T12:41:12Z,cd3e127e27387b6e06cdf27f46fb6046e4182e4d7b49b49c17167c1c,60.14947,24.91438,000000004ef3150d,7.05
5826,2019-08-04T12:41:12Z,cd47b9ac851ce6b21df7b8e918554b0cb1a12d03da7e0aaf14e19314,60.14947,24.91438,000000004ef3150d,9.12
5827,2019-08-04T12:41:12Z,cd62fc5a92bd89f24a6e3d736d5511bf872859d762723b92f2092abc,60.16829,24.94214,00000000afef4555,14.89
5828,2019-08-04T12:41:12Z,cd9b2be9ffb37c8b7c5c25f587c95b1c7932a21fb245487ea2f740d9,60.14699,24.922,00000000a53ed894,7.05
5829,2019-08-04T12:41:12Z,ceb777dafa9b7e39125b89735b7f0cf22c3018eb0196043ac8160370,60.14699,24.922,00000000a53ed894,4.11
5830,2019-08-04T12:41:12Z,ced0425d382ce86b7565a8b7b36a453a0880a08ba10090524e6c1ac5,60.14699,24.922,00000000a53ed894,18.79
5831,2019-08-04T12:41:12Z,cef1d06a10cfa08bcaef8b36535c2ec32c756a76cc0d5c2a1246f933,60.14699,24.922,00000000a53ed894,12.69
5832,2019-08-04T12:41:12Z,cfa42322be0000cf89d8969d1b88ace0ba99cab721dd58d55d41a36e,60.17065,24.93641,000000000f4919c9,11.7
5833,2019-08-04T12:41:12Z,cfc2a688ff31fbb1baac8790fb6d56dc7746ba2cf9e0e5f39d4751a4,60.14699,24.922,00000000a53ed894,9.12
5834,2019-08-04T12:41:12Z,d0413da80c7714f40ffe50dcfb00039280c64ecebc61c59df72965e6,60.149,24.9843,00000000fffb8cf0,25.36
5835,2019-08-04T12:41:12Z,d098b9b5b30c5fcd4ae8a2b8bc761df72829713d3ae919634876d349,60.14699,24.922,00000000a53ed894,9.92
5836,2019-08-04T12:41:12Z,d0cab2a2660dcc5cb99a9bdf39d2e6b31b7498985db1b50e48cb478d,60.18203,24.91341,00000000342570c2,25.36
5837,2019-08-04T12:41:12Z,d12f9e6275869a74f979eac17b326dfe329bbd78b8732fc998b5f132,60.14699,24.922,00000000a53ed894,12.69
5838,2019-08-04T12:41:12Z,d2b1a7ead9aff41a8cb3fff6b7f4ee84a780b52aae2f3838b83447fc,60.16829,24.94214,00000000afef4555,14.89
5839,2019-08-04T12:41:12Z,d38e88e5b926f9d1de6e326cca45116fcca11f10684c80876739c6cd,60.16075,24.95883,00000000f1124bca,8.38
5840,2019-08-04T12:41:12Z,d3a37aedae39925bda7da8e4f05a61b85904a00f88e8684006c76351,60.16829,24.94214,00000000afef4555,12.69
5841,2019-08-04T12:41:12Z,d3c0cff604283ea6adeabb4f867f3fcaf8ee41fd27fc600d33c4d70d,60.16075,24.95883,00000000f1124bca,21.87
5842,2019-08-04T12:41:12Z,d64eda229ebb6012e59bc89eacb74918e404ce52f16b491f3d48e800,60.16897,24.95222,00000000aa852af1,9.92
5843,2019-08-04T12:41:12Z,d87210146aab139cc6640a20b428dce6ac516806a71a177b70e04f62,60.17065,24.93641,000000000f4919c9,9.92
5844,2019-08-04T12:41:12Z,d8f93f7019ced3cf8ccc2946465e8113293e75498092e982fd45bbc5,60.16762,24.95415,000000006b44cce7,12.69
5845,2019-08-04T12:41:12Z,d9e1972e6cb517827f9c355e591924449d0bbdc9bb0f5bc1f8d4f29a,60.16629,24.95957,00000000fb7600be,13.75
5846,2019-08-04T12:41:12Z,da667dfa2d8a272a7398e186de027fabd2052052c0aad767a1c7d966,60.16897,24.95222,00000000aa852af1,23.56
5847,2019-08-04T12:41:12Z,daac051ca20430238282e179e0fe525b11ff1e8f1ace26d45b41f331,60.14947,24.91438,000000004ef3150d,7.05
5848,2019-08-04T12:41:12Z,db6993de0692cf79ab1b8e7d86e4b5832d11f57f026a6eb339f977bf,60.14699,24.922,00000000a53ed894,9.92
5849,2019-08-04T12:41:12Z,db988ec6f6bbccb8c63824f4a3ade85ace11c56b521ce993599b42a0,60.14951,24.92138,0000000006dd41f6,31.5
5850,2019-08-04T12:41:12Z,dc15145376f4a497910c8d2231d671bf62f1918ad93938a48fdc3eb4,60.149,24.9843,00000000fffb8cf0,29.32
5851,2019-08-04T12:41:12Z,ddc8410b9e4ece4b995b789f95e526693bac176ed77092ba57355dc8,60.16762,24.95415,000000006b44cce7,2.3
5852,2019-08-04T12:41:12Z,ddd849ee86afceedd5f5582ede84380d5596c9ea304d634ab0fd0de0,60.16829,24.94214,00000000afef4555,0.5
5853,2019-08-04T12:41:12Z,de09fd8d15c3d7adbf440a3d0a418a3b476513c968bda8a4aa652adf,60.173,24.92524,0000000096918cfa,20.28
5854,2019-08-04T12:41:12Z,de84f754a3916c8f831b0bb8ea41fc2a42cdea2794558fece3c7ae97,60.1538,24.95595,0000000038bf9618,14.89
5855,2019-08-04T12:41:12Z,e0df847c19b463dec6cea35494d375ce136a276c6a785936c931f60f,60.18203,24.91341,00000000342570c2,18.79
5856,2019-08-04T12:41:12Z,e23a6115ba872037f9b5066c9c9c966b497f449e32a2c9ceb0e55497,60.16829,24.94214,00000000afef4555,16.1
5857,2019-08-04T12:41:12Z,e2ad7d478fd698beae83366f49585d9825bec4865c1610162f3108c2,60.16897,24.95222,00000000aa852af1,25.36
5858,2019-08-04T12:41:12Z,e306222bf5380fc0470253db978eec9c88dc8f5f5fe2c4cfc159e3c6,60.14699,24.922,00000000a53ed894,14.89
5859,2019-08-04T12:41:12Z,e34bcebfa007159f3d2adb0e62e20fcf721a221f52bdfe2a6ad77831,60.18203,24.91341,00000000342570c2,20.28
5860,2019-08-04T12:41:12Z,e35717ff07f32be5a2e1520f1855533f8dcc72cff7930c9cba9da32b,60.14947,24.91438,000000004ef3150d,10.78
5861,2019-08-04T12:41:12Z,e38f18bc3340e4884e84fdcf1f0e33a019ef2f2b9fb1430e5b3d35c3,60.16762,24.95415,000000006b44cce7,9.12
5862,2019-08-04T12:41:12Z,e3e3bac265ab2713063d7435bf5c7374dfc7dfc647fb677a030a1a49,60.18203,24.91341,00000000342570c2,29.32
5863,2019-08-04T12:41:12Z,e4b111abda6e15229c808fb72d5c0c38e2cf3abdbbb62fff5ae48e42,60.16762,24.95415,000000006b44cce7,17.4
5864,2019-08-04T12:41:12Z,e6f4e3d1f5e01888556b077224cb4d8f88d63306fff2388e3fd997d0,60.14951,24.92138,0000000006dd41f6,13.75
5865,2019-08-04T12:41:12Z,e826dedac8582e619ce18cd7eed68be5ee1fc9ed37e191e06f916835,60.14947,24.91438,000000004ef3150d,7.05
5866,2019-08-04T12:41:12Z,e9115410fa45db5a174eee008cae729dc69937a0e0b5a304899bf1b9,60.17065,24.93641,000000000f4919c9,21.87
5867,2019-08-04T12:41:12Z,e92eb020afcd7c1fad04690230ff8c2f005e404dd25b8dced1df30dd,60.16075,24.95883,00000000f1124bca,7.05
5868,2019-08-04T12:41:12Z,e95415d461b040c869512659bcc843eedf3267c4b029a0b3fab444aa,60.16829,24.94214,00000000afef4555,29.32
5869,2019-08-04T12:41:12Z,e9e19621fc5cfcfed2c808bbadc6cc6dd31e28d3c04cef8b89ca2729,60.16075,24.95883,00000000f1124bca,14.89
5870,2019-08-04T12:41:12Z,ea157e44ed100be3f782d8b3d8e5e0986079c588c9ea754b14917df0,60.16829,24.94214,00000000afef4555,7.69
5871,2019-08-04T12:41:12Z,ea2f4d9799324f4cd2a6fcda1625b65acdbab9f6b8331c26f63beec2,60.16897,24.95222,00000000aa852af1,17.4
5872,2019-08-04T12:41:12Z,eaa9924da1e700147607d5145e2b55b48b65deea922ee2e59bd1d5a7,60.173,24.92524,0000000096918cfa,20.28
5873,2019-08-04T12:41:12Z,eac6fda3a18aa9ce55b6359f5c62a044e0bcd6bc3576c8cd815acf07,60.14699,24.922,00000000a53ed894,9.12
5874,2019-08-04T12:41:12Z,eb6541383f8b12fc5476e5e2bc406933edfd211f49a1bbb93f323fa0,60.14699,24.922,00000000a53ed894,13.75
5875,2019-08-04T12:41:12Z,eb79d6eb71f039f7008c9c4ea2f36d37f03bf60bddc7867e8b337254,60.16762,24.95415,000000006b44cce7,17.4
5876,2019-08-04T12:41:12Z,ec350e26364cb676c4cdb72647f039c31e27c775e7bb8973223e5d9b,60.14947,24.91438,000000004ef3150d,10.78
5877,2019-08-04T12:41:12Z,eca02e24138faaf8fc3783b3c7a2b83fbbceaaa3ae3b5697c6c03295,60.16829,24.94214,00000000afef4555,31.5
5878,2019-08-04T12:41:12Z,ef352dcaa8317b6a3c0a02cd8908dd13da5601cc66ba65c5fd8d031a,60.14947,24.91438,000000004ef3150d,4.5
5879,2019-08-04T12:41:12Z,ef77b04fc57a9781bf581172358ba74cf41e0b2a6ecc8090f99810bf,60.14699,24.922,00000000a53ed894,7.69
5880,2019-08-04T12:41:12Z,efb34de795db6f264e3952a38caeeb1f9639190c609e5af11b12cf58,60.14947,24.91438,000000004ef3150d,18.79
5881,2019-08-04T12:41:12Z,efe8b6c6fdf0d2caccd589aaaa4f0228a80590ff9ec7961f2e92103d,60.16762,24.95415,000000006b44cce7,5.41
5882,2019-08-04T12:41:12Z,eff99f303ba37ed36542008434b2d20e50155593bb9fc7bc1dcc4bf3,60.16075,24.95883,00000000f1124bca,4.94
5883,2019-08-04T12:41:12Z,f00fb569fe1448dccb8e92e24b081a3164b59eb117131800780c70a9,60.14699,24.922,00000000a53ed894,13.75
5884,2019-08-04T12:41:12Z,f062cb52d49926a4fb39f723275ed60ab6c0f3bf34e0c3f9d233b7b8,60.14947,24.91438,000000004ef3150d,3.09
5885,2019-08-04T12:41:12Z,f1eb1b22a5e01064a1829b325d256218c68bc9134f03a3f09f3e2566,60.16829,24.94214,00000000afef4555,21.87
5886,2019-08-04T12:41:12Z,f20f951802c722181f0e90095001c49e73f84049bb105b95c97049d1,60.17918,24.95141,00000000675d5200,23.56
5887,2019-08-04T12:41:12Z,f2deba4ef84dbbc8c5d8524f6e2311183003bce4f9bfa6aef5b5ef66,60.14947,24.91438,000000004ef3150d,5.41
5888,2019-08-04T12:41:12Z,f2e063c8c25a8bec0dd6ec3924a5f59fd9694078f2f3fd5b3ea96f29,60.16762,24.95415,000000006b44cce7,10.78
5889,2019-08-04T12:41:12Z,f39827c3c7f4c833d1118043492f78e3255b6da9f4a2c000041d9b61,60.16829,24.94214,00000000afef4555,9.92
5890,2019-08-04T12:41:12Z,f3ec2366b51157150674e5ab6293bdb19e0b30ca4296fee4c97b811c,60.14699,24.922,00000000a53ed894,7.69
5891,2019-08-04T12:41:12Z,f5f7cfe177dfb0b7ebba2419ae53f70b6b5690dd98d98586004a9107,60.149,24.9843,00000000fffb8cf0,11.7
5892,2019-08-04T12:41:12Z,f796c9efc581b25280d4b416f8ba3aecca6ddf083e7bdad05f6e595e,60.14699,24.922,00000000a53ed894,18.79
5893,2019-08-04T12:41:12Z,f81439a39740937c6cba523d5ebca87b52d69ff29fb449cf42ade4d6,60.14699,24.922,00000000a53ed894,21.87
5894,2019-08-04T12:41:12Z,f84faae0aa9ce2d1d09d270282dd81033ad1352346128534d8c3fc7f,60.149,24.9843,00000000fffb8cf0,25.36
5895,2019-08-04T12:41:12Z,f89ed6a4a644f021299a91bd365b752023ef85e8cb44c2ce33ca3b07,60.16448,24.97323,0000000053c6c2be,31.5
5896,2019-08-04T12:41:12Z,f9f454563bb2c7fd9944c5f164bf6c5fad98bb698039934d4d8b54dd,60.16897,24.95222,00000000aa852af1,27.28
5897,2019-08-04T12:41:12Z,f9ffbe381dd44aa5cfd37a6c6b40f0084d784e90548811eafd4fd203,60.16448,24.97323,0000000053c6c2be,29.32
5898,2019-08-04T12:41:12Z,fa96854324adae88abb35afa34b2393a20338bfd8fc9602d3ce6ae8d,60.14947,24.91438,000000004ef3150d,2.54
5899,2019-08-04T12:41:12Z,fc618d570293e104f3bf927312641e3b7c65acce185b1614337d848c,60.16829,24.94214,00000000afef4555,18.79
5900,2019-08-04T12:41:12Z,fd77161cf9715d9d0f922cf45e79e5d9b9debef5113cb32a4f82ef76,60.16762,24.95415,000000006b44cce7,7.69
5901,2019-08-04T12:41:12Z,fe5ca86c906b1cb3bf9dd257ceefc562e41da499878f1074484f7d42,60.14947,24.91438,000000004ef3150d,9.92
5902,2019-08-04T12:41:12Z,feb399897846bc34dc3f4b06ac4ef0ffb0db885977b88e5c5fdb7350,60.14699,24.922,00000000a53ed894,7.05
5903,2019-08-04T12:41:12Z,fef7e63471b9df4d5f68907f8607d8b1830400ae9fff12023fef50f0,60.14951,24.92138,0000000006dd41f6,31.5
5904,2019-08-04T12:41:12Z,ff4f3e0f964f23b97e88626f7a506bb4409718931712c58ce0f247af,60.16762,24.95415,000000006b44cce7,13.75
5905,2019-08-04T12:41:12Z,ff8280896145ae17e594c52eac2cdbab47d3757d797878fbc4298596,60.1538,24.95595,0000000038bf9618,23.56
5906,2019-08-04T12:41:13Z,07d86ad98399440d0cc3bd3382a7256feb971e49a3686dc17f532e1c,60.16829,24.94214,00000000afef4555,12.69
5907,2019-08-04T12:41:13Z,14c7e1511b70f4dd3359cbece1377aebb4d70531f5489eefe53d7c3c,60.16544,24.95398,0000000038d83d41,25.36
5908,2019-08-04T12:41:13Z,1599d2c9070a6f05e1a5887c2d9209214c04818c6203fe75440734f2,60.1538,24.95595,0000000038bf9618,27.28
5909,2019-08-04T12:41:13Z,165ebbb4090d47319ae370f0d0854fdc1f6b79499f8b2e4d3c3533c0,60.16544,24.95398,0000000038d83d41,29.32
5910,2019-08-04T12:41:13Z,211f6b7b044343d0be369791b3fa3c144d0d0f391e2a42787712efb0,60.16448,24.97323,0000000053c6c2be,13.75
5911,2019-08-04T12:41:13Z,21d09757012e8f7297d1de922f681bcc36581a3d7be770b42b3780a0,60.15432,24.9211,0000000019fb59c4,20.28
5912,2019-08-04T12:41:13Z,25a7ff811c3c06e426c7c2cbb0433d9a2a3399b23afecbd35584ab0f,60.18203,24.91341,00000000342570c2,10.78
5913,2019-08-04T12:41:13Z,2d3d031189abfaea69cd551a97b2b2d056a908f19bc56701010a2304,60.16897,24.95222,00000000aa852af1,11.7
5914,2019-08-04T12:41:13Z,315af4a829b592ba99b203b8ed2cbd499769f8752dfe6de7da4ee929,60.16829,24.94214,00000000afef4555,16.1
5915,2019-08-04T12:41:13Z,35568b1e0d67c5d7b6b15bb08540a1aafe24817a9bc06673b97e85c9,60.14947,24.91438,000000004ef3150d,21.87
5916,2019-08-04T12:41:13Z,3944bc7a301be7241d1f7bc4a97f221000d535ce3d8a9af9af9b23b5,60.16531,24.9442,00000000fdda10fe,29.32
5917,2019-08-04T12:41:13Z,3fe84a5a1e657df8910685df3a8cf779a6ebc3362fbc8e578f235ee4,60.15432,24.9211,0000000019fb59c4,10.78
5918,2019-08-04T12:41:13Z,43b676ed3aef4c2d8846694817e76117873be52e7f788e0cb366c1c4,60.16629,24.95957,00000000fb7600be,31.5
5919,2019-08-04T12:41:13Z,44d0b94469070803869f229601e877beb613c3f5aafa009addf97a1a,60.16544,24.95398,0000000038d83d41,13.75
5920,2019-08-04T12:41:13Z,4656bad9b5e6dfc3977eca308fc1db3dbf8b0204b90d09b001da242e,60.1638,24.96846,00000000d747f075,31.5
5921,2019-08-04T12:41:13Z,4a1efc9faf9548fe0ed72037d54a131265a72e61fdfc2009a4e9408a,60.16075,24.95883,00000000f1124bca,10.78
5922,2019-08-04T12:41:13Z,5bbb5184fded3e51bc78e45e39917794285e6bbc72da404802a9599a,60.16531,24.9442,00000000fdda10fe,27.28
5923,2019-08-04T12:41:13Z,5d65719c4cbf045f068d084b72302f447d5fd034413d97d13be00d0e,60.18203,24.91341,00000000342570c2,20.28
5924,2019-08-04T12:41:13Z,5eed115a984d490b02b602d73787aee8dc8c4e9365b77fbff3818a76,60.16629,24.95957,00000000fb7600be,23.56
5925,2019-08-04T12:41:13Z,66dabd3229229330d23c70e9e1737429ddfe69db01f4a6a00f70fa20,60.16762,24.95415,000000006b44cce7,20.28
5926,2019-08-04T12:41:13Z,69219e9efa41ae9e732653e9eaf08e1a34cb853a9dafe76ddeea4d04,60.16897,24.95222,00000000aa852af1,21.87
5927,2019-08-04T12:41:13Z,6a70e2fbced719333e21eff04fcb9cb36bae9a04d1a3d6ddd96f2c58,60.15432,24.9211,0000000019fb59c4,4.5
5928,2019-08-04T12:41:13Z,70d8572458a1a103555bab897b6443e601e0ed211414b15ad0b56f60,60.16544,24.95398,0000000038d83d41,36.27
5929,2019-08-04T12:41:13Z,7678cdb86d454ca9ae52f22d97e635106585a3a046d01da4463695cc,60.18203,24.91341,00000000342570c2,20.28
5930,2019-08-04T12:41:13Z,7856cd9a8241b470ce46295386b13c33e1948a956b3f18b7b3497cdb,60.18203,24.91341,00000000342570c2,23.56
5931,2019-08-04T12:41:13Z,79f136afa0dd8717337c01c70b457c464aaf0fa25b440f51a394ec23,60.16762,24.95415,000000006b44cce7,11.7
5932,2019-08-04T12:41:13Z,7b86b21e27718933d3208d5e25607c06d83191230a570a61f8b8a40f,60.16762,24.95415,000000006b44cce7,18.79
5933,2019-08-04T12:41:13Z,85ef35aecf2ff804be3d958b592705ec41c6df9c128c132c65bb283d,60.16897,24.95222,00000000aa852af1,18.79
5934,2019-08-04T12:41:13Z,87dfaad29a9276ddddb1fa021d3bc23ad14824c1af16f7d87e713689,60.14951,24.92138,0000000006dd41f6,11.7
5935,2019-08-04T12:41:13Z,88808fe92573e9cdf022cc15b9689b6b4b9429f60513c8897b0ba4c7,60.16897,24.95222,00000000aa852af1,20.28
5936,2019-08-04T12:41:13Z,89982a6acf91b79a282a6b63978e946ee205f303fcd20e944e06baf0,60.16544,24.95398,0000000038d83d41,23.56
5937,2019-08-04T12:41:13Z,8c3b1ed0846e38cc84b863a80540c8a75bfd85c8bdda36563d153110,60.16544,24.95398,0000000038d83d41,36.27
5938,2019-08-04T12:41:13Z,9843c6216661048343a0e49cf3d8aa2883cf77f452666a1c873a1052,60.16448,24.97323,0000000053c6c2be,14.89
5939,2019-08-04T12:41:13Z,9bc8068948a5b881e1bded553efe012fe129e3e4df62f64a6724917e,60.16829,24.94214,00000000afef4555,27.28
5940,2019-08-04T12:41:13Z,a8f8130135c784b027355228017bbfe99e5a6eecec153d44b78bedd3,60.16829,24.94214,00000000afef4555,18.79
5941,2019-08-04T12:41:13Z,acd2647d413f41552b31b6e383da445c8902bc2a764d2b7791a7b164,60.16762,24.95415,000000006b44cce7,18.79
5942,2019-08-04T12:41:13Z,b5fd6b317890e5ab2d79e2cd1abe61626d45a753c7337d0d40728898,60.16762,24.95415,000000006b44cce7,9.12
5943,2019-08-04T12:41:13Z,bcb0201b0a1edf350ae2f681076e7d2d48ebd94c075bd3ca59552020,60.16897,24.95222,00000000aa852af1,21.87
5944,2019-08-04T12:41:13Z,c40c37def6bf11a63a2556519a7c6233fd417cdeea2cf14f28e7c42c,60.16531,24.9442,00000000fdda10fe,23.56
5945,2019-08-04T12:41:13Z,c97eb4181394121907d47b908495f54e5ee5145ff790f7a1dc21b3cf,60.16897,24.95222,00000000aa852af1,11.7
5946,2019-08-04T12:41:13Z,ca6927628f5ddda20036865c9345ad93d476d62ade3b181de568eed6,60.16897,24.95222,00000000aa852af1,17.4
5947,2019-08-04T12:41:13Z,cf05623e4d87ce0906c0b0b7dbf53aacc1228016cd27c341228b6e76,60.18203,24.91341,00000000342570c2,18.79
5948,2019-08-04T12:41:13Z,cfc0bedb78ded52749db3188cb188bf6a250ef5990da9c5afa9623fc,60.14951,24.92138,0000000006dd41f6,18.79
5949,2019-08-04T12:41:13Z,d366aa1925472f34a389921734c1777d6d7c2e812b0f284d78697edf,60.1538,24.95595,0000000038bf9618,36.27
5950,2019-08-04T12:41:13Z,d661caec7a5da6aef734734bbf9090debe494c1afd98050f88f269bd,60.16829,24.94214,00000000afef4555,11.7
5951,2019-08-04T12:41:13Z,dcaa88e5d510f572877286b8ba0663428b2d71a50b6630460009c779,60.14947,24.91438,000000004ef3150d,12.69
5952,2019-08-04T12:41:13Z,dcb7e8bb90af70568c12a902d706c70e1ac1213e31ba074756f0a27a,60.1538,24.95595,0000000038bf9618,27.28
5953,2019-08-04T12:41:13Z,ded49640b591e73bff71f84fb99d2739eb6c9554164a015017725e03,60.16829,24.94214,00000000afef4555,17.4
5954,2019-08-04T12:41:13Z,e8690c2d1711bc10f2d1251a3b5b1e770b98c66c384760400c604de1,60.16829,24.94214,00000000afef4555,16.1
5955,2019-08-04T12:41:13Z,e8e366e76c97944e23c0f80b4fd3ce6e5832744922297146a49f0c7e,60.16762,24.95415,000000006b44cce7,9.92
5956,2019-08-04T12:41:13Z,e96bd269a48b822b06141c3362fcb6d5ed4d0d09a120f2e4a712d5c2,60.16897,24.95222,00000000aa852af1,21.87
5957,2019-08-04T12:41:13Z,eee5797db5c3753514933a12e2485caee4ee5803b4d830ba1c22e5c5,60.14947,24.91438,000000004ef3150d,5.91
5958,2019-08-04T12:41:13Z,efa8e25ea4c5ed441c13cffe6302f0a18f60181c6ede8e013f75a44c,60.16829,24.94214,00000000afef4555,29.32
5959,2019-08-04T12:41:13Z,f088630d7476dae7d4b7e2bb1f10575f2c89acb4b6e061f3d57c2b40,60.16531,24.9442,00000000fdda10fe,29.32
5960,2019-08-04T12:41:13Z,f29ea15113ac0eea0be8ec41c633909de4b0b9ab6c7b9898b128080c,60.16897,24.95222,00000000aa852af1,20.28
5961,2019-08-04T12:41:13Z,f405a7c4a3a4339f8e3f7e552f6492d6eed76f7d08c54943286213de,60.16762,24.95415,000000006b44cce7,11.7
5962,2019-08-04T12:41:13Z,009ad4cd2bd97e04da44cc9789e6bdbdb899eded61d05b7d5634b7be,60.16829,24.94214,00000000afef4555,4.94
5963,2019-08-04T12:41:13Z,00a07b1f8113691d8475c54082a14cdd54decf9845a90e75df8031a6,60.17065,24.93641,000000000f4919c9,27.28
5964,2019-08-04T12:41:13Z,02a0c11101d94209b1945b117fe2f6c2e93cec0c5c8eb0d847b655cf,60.16531,24.9442,00000000fdda10fe,29.32
5965,2019-08-04T12:41:13Z,036c183505fea646b54aeb0c612913cafba94eca65e47d3c6d840a68,60.17919,24.95181,000000007b5207b6,21.87
5966,2019-08-04T12:41:13Z,0413805762399525f916572e0de4852c934500b4a8465ac67a535d41,60.16762,24.95415,000000006b44cce7,14.89
5967,2019-08-04T12:41:13Z,047489b4f5066d06c508a033c03746913f2f8b032370451231acaa7f,60.16762,24.95415,000000006b44cce7,18.79
5968,2019-08-04T12:41:13Z,0479a26a59d65bf1dee05c06f4227a0ba63a6e9c9a09e7c34f2e06b4,60.14699,24.922,00000000a53ed894,7.05
5969,2019-08-04T12:41:13Z,04c3b487e8f6b938d4fcd30254edecafbe62a0d8d53ebc32d0151c6d,60.16762,24.95415,000000006b44cce7,18.79
5970,2019-08-04T12:41:13Z,04f35922a81b516e7028f61c6ff34faf6da85df0a5cfcefb6df1861f,60.149,24.9843,00000000fffb8cf0,16.1
5971,2019-08-04T12:41:13Z,0745a2141a9beee786a347d3ee1b071719fd2f4abfeeab7f5248c0ad,60.14699,24.922,00000000a53ed894,16.1
5972,2019-08-04T12:41:13Z,076c28c1895ef1919c11113113c12655c546fc90a00800e5ebec5b56,60.14699,24.922,00000000a53ed894,13.75
5973,2019-08-04T12:41:13Z,07bf96920dcc31dce7370ec251043acadf21127e0775bbe537e02247,60.17002,24.94407,000000006b087f40,27.28
5974,2019-08-04T12:41:13Z,0851ab74be2e888decf0046825f09ed302f7b2275e72b09b5b713d85,60.16829,24.94214,00000000afef4555,9.92
5975,2019-08-04T12:41:13Z,0a0acb70a8ef92be52a64d4425e70bb2f7a17d13942c3382c9d68878,60.149,24.9843,00000000fffb8cf0,2.8
5976,2019-08-04T12:41:13Z,0a5ed50daf13dd10744537aa851ac7ab1d34d9797ec6ab6e2402aebb,60.16762,24.95415,000000006b44cce7,5.41
5977,2019-08-04T12:41:13Z,0aabf0df4c3c5b45bb8950c92dbe624985f19e8650ed61f92571a65a,60.14699,24.922,00000000a53ed894,3.09
5978,2019-08-04T12:41:13Z,0b0dd9af9d52c68ff71ce266d6707abbb0f56c3c63be0f83f7b5df9b,60.16762,24.95415,000000006b44cce7,7.05
5979,2019-08-04T12:41:13Z,0c905239b8c0e14cba671cf4d4d715d1045a30ee62a6285fb489dbb0,60.16829,24.94214,00000000afef4555,23.56
5980,2019-08-04T12:41:13Z,0d0e661499ff245b29cce6a0bee9d4716c35738590a43b289dbfbe0e,60.1538,24.95595,0000000038bf9618,27.28
5981,2019-08-04T12:41:13Z,0d3525b13d674f1645fdbe6d842fe37b2f416889c5472e9dfcc5445c,60.14947,24.91438,000000004ef3150d,8.38
5982,2019-08-04T12:41:13Z,0fe681ee4c4c70c99bbacaf42e0d3c9bffc5818eb71197978a94b021,60.16762,24.95415,000000006b44cce7,7.05
5983,2019-08-04T12:41:13Z,10a99e791e27975dc1c9d73d3163cabacf3bd7bd05a4f7abf6365426,60.14699,24.922,00000000a53ed894,9.12
5984,2019-08-04T12:41:13Z,10caaea8002e8b3b342b32710efdd7305ff375ca1cdc01411f66b2f6,60.14699,24.922,00000000a53ed894,7.69
5985,2019-08-04T12:41:13Z,10e43baea31b3e125346bebbffe89bd2ca514fea388668227b5679ee,60.14699,24.922,00000000a53ed894,17.4
5986,2019-08-04T12:41:13Z,11e86e782e9a7e18c01d0e60c9e85ea62294fb426a4c81b86c8bb8f8,60.17002,24.94407,000000006b087f40,29.32
5987,2019-08-04T12:41:13Z,120a63917cb5ab619bf9a71328f14020736ee84e75d5b37278748def,60.16897,24.95222,00000000aa852af1,12.69
5988,2019-08-04T12:41:13Z,121345c4cf0d0f18c684c4eb22e496ac6f8fb537ec2f3812f6966b67,60.16762,24.95415,000000006b44cce7,13.75
5989,2019-08-04T12:41:13Z,124cce476184e061b136f481014a2abc7208d30e4e520ffd90c85adb,60.17002,24.94407,000000006b087f40,13.75
5990,2019-08-04T12:41:13Z,12bf044abd7bbc406ad00d85c23d66d7464c84745bdcc47827185b3a,60.16897,24.95222,00000000aa852af1,13.75
5991,2019-08-04T12:41:13Z,13bcedb8c59b26417282929d81844b272c7c5bc295614f531219a8e4,60.14947,24.91438,000000004ef3150d,14.89
5992,2019-08-04T12:41:13Z,13ee67fb034e3d24edc9a9618e9d6de24979ebbcb399f83abb02a897,60.14699,24.922,00000000a53ed894,5.91
5993,2019-08-04T12:41:13Z,1423891c6ee1edc7da83904378a35aef2e5797db95b117651d676934,60.16762,24.95415,000000006b44cce7,1.01
5994,2019-08-04T12:41:13Z,1496ce9cf373a2a508a8ab0b7aa0604dd889fd69483881c3752219af,60.14699,24.922,00000000a53ed894,10.78
5995,2019-08-04T12:41:13Z,15ee12e5f9be00a79b0cbbc9912f51cbfa3e486624567e1bde938fb6,60.1538,24.95595,0000000038bf9618,33.81
5996,2019-08-04T12:41:13Z,161aa798c2a18e132fb27ecded773218ea4e42eabbd0e5794b1d7017,60.15432,24.9211,0000000019fb59c4,14.89
5997,2019-08-04T12:41:13Z,1769031b7f4d75de0541e26427b9ecc92c84b80992e3b36bb8eb799e,60.16829,24.94214,00000000afef4555,10.78
5998,2019-08-04T12:41:13Z,17af6ab252328066d6b13406084507dfa7a7f6db3030872e7f87223d,60.17065,24.93641,000000000f4919c9,20.28
5999,2019-08-04T12:41:13Z,1882b53729765cca25bc63400074242872d6fbc57882f131285b277f,60.16829,24.94214,00000000afef4555,11.7
6000,2019-08-04T12:41:13Z,1a93dfa31156cee53b4bd527d8b74655a5da812b6933d8a86d871e47,60.14947,24.91438,000000004ef3150d,9.12
6001,2019-08-04T12:41:13Z,1bcef866fafad7c7460a084e0b0d27c087b549f4ae704390708be47e,60.149,24.9843,00000000fffb8cf0,7.69
6002,2019-08-04T12:41:13Z,1bf54c1e78a260db15066420940a08490ba26b0b04954e8ccae2180e,60.16629,24.95957,00000000fb7600be,23.56
6003,2019-08-04T12:41:13Z,1e24a2120b13c780dbb3a67a73f5058d1847f126fd5f5952e6dddcd3,60.16075,24.95883,00000000f1124bca,14.89
6004,2019-08-04T12:41:13Z,1e63d2090b520af23ca3d2c9a05047dc0b0c63f7471b86e9d9f3e7cc,60.16629,24.95957,00000000fb7600be,16.1
6005,2019-08-04T12:41:13Z,1f81ed7274add201d3059d4a37e2bbe86b6ae1f0fd42a16d7b8dccaa,60.14699,24.922,00000000a53ed894,12.69
6006,2019-08-04T12:41:13Z,203a0c145a43c9a18f8c2a5ba4e18882e7430662bb4ac0e56ab37578,60.17065,24.93641,000000000f4919c9,13.75
6007,2019-08-04T12:41:13Z,203ea7cefd45873084263df2b0f41ad7b2e8878222fb6a53c263c534,60.16829,24.94214,00000000afef4555,11.7
6008,2019-08-04T12:41:13Z,20ac7b2ace7c0038aa8df01b9281a9c54f1551fc8ab9b662b1f1ca22,60.18203,24.91341,00000000342570c2,12.69
6009,2019-08-04T12:41:13Z,21bdc11bb63fb48c9d4b5308540ee5df579c9a385001a10fceeeedf3,60.14699,24.922,00000000a53ed894,13.75
6010,2019-08-04T12:41:13Z,21eed3ade733687b8f56fade8290819b7c6b4a9f38468979fe692c3e,60.16762,24.95415,000000006b44cce7,8.38
6011,2019-08-04T12:41:13Z,2204ba387d2db0e7d2ca03f7ace46abff8d141668b73c75a1879d7ba,60.14947,24.91438,000000004ef3150d,4.5
6012,2019-08-04T12:41:13Z,22fe9a06fba1036e8eafd726bc450095b1893be067f475e1882bb704,60.14699,24.922,00000000a53ed894,9.12
6013,2019-08-04T12:41:13Z,231026899a6d5b326cb5b1e38b182ca1acb77c7e27bc2378973b29db,60.16629,24.95957,00000000fb7600be,21.87
6014,2019-08-04T12:41:13Z,23337c2812924a07e4f0bbc92e56d1f85ea40208b6b987f4afc686cf,60.16897,24.95222,00000000aa852af1,14.89
6015,2019-08-04T12:41:13Z,244b51aa4a7059ba782925258111c295aa4de9596025c55ccd5580ac,60.16829,24.94214,00000000afef4555,17.4
6016,2019-08-04T12:41:13Z,2551a9e1b8a03c8e0e378ed37c0130b6e4105ec6b949de9e5a670be8,60.14699,24.922,00000000a53ed894,13.75
6017,2019-08-04T12:41:13Z,257206d3f59df5c426a9c735f4741cba6d792de1cbafe62289d383d7,60.16897,24.95222,00000000aa852af1,23.56
6018,2019-08-04T12:41:13Z,2607d1b2fc6e31a80348fffbed68a7d3a8e0212f197f2d1c573c587b,60.14947,24.91438,000000004ef3150d,4.5
6019,2019-08-04T12:41:13Z,27d4452dcae7c8e389fc21669cb3ccaedac87d45d4b1a50131c939e4,60.16762,24.95415,000000006b44cce7,4.94
6020,2019-08-04T12:41:13Z,28b43564f7156b67db7cb7b779e948986d7610f921490f9030379704,60.16897,24.95222,00000000aa852af1,10.78
6021,2019-08-04T12:41:13Z,28d2c3282e9f8fec67baec7992dcd800c45b67071e33cb118905a6b3,60.16829,24.94214,00000000afef4555,4.5
6022,2019-08-04T12:41:13Z,2969cdb120f2d285c556abfe5bac2f8090571f61aba227a474a534d2,60.17065,24.93641,000000000f4919c9,4.11
6023,2019-08-04T12:41:13Z,2a061d8ed35a3fbf83e9825d7870dd78d31ff54e3de0f194d792fc95,60.16544,24.95398,0000000038d83d41,47.69
6024,2019-08-04T12:41:13Z,2c15fabcf81cdc5b507ea70c5359bdabe83934867c172bcec090b922,60.16762,24.95415,000000006b44cce7,20.28
6025,2019-08-04T12:41:13Z,2e2f4d1ad9ddc47800b58bfd6c1f08de22fdaa2157ec5f3f817246bf,60.16448,24.97323,0000000053c6c2be,25.36
6026,2019-08-04T12:41:13Z,2e86f9a432e00fa6ff5b8744ffecbe22a02b4316779bc8b4078af2e2,60.149,24.9843,00000000fffb8cf0,27.28
6027,2019-08-04T12:41:13Z,2ee2e108ed9051b1ccf4d3ee89931dfd53170af0b558fa6579b83e8d,60.15432,24.9211,0000000019fb59c4,8.38
6028,2019-08-04T12:41:13Z,2f08dbfbbe5577f04ea9826f72d5452ddf5fd9bb892769382ea5a4ca,60.16762,24.95415,000000006b44cce7,7.05
6029,2019-08-04T12:41:13Z,30c55d5011d0f6c901437a130dbe2653c7ae0cceee3b0a242394152c,60.14947,24.91438,000000004ef3150d,21.87
6030,2019-08-04T12:41:13Z,32708990f2c831e65f70f2682baf5188fc93348b9a9e78ada8db2bf4,60.14947,24.91438,000000004ef3150d,2.08
6031,2019-08-04T12:41:13Z,32f77f5019e5fce30881c214487361e2e34b8c93277f6e546de72012,60.1638,24.96846,00000000d747f075,29.32
6032,2019-08-04T12:41:13Z,3342975587b576f91749b0d3a90f4dcd430b1f7bfb0f1677fe7e01b9,60.14699,24.922,00000000a53ed894,25.36
6033,2019-08-04T12:41:13Z,33634cb1e3fc5d4a621e8717d203da8533ed27531a70c6cbe3abf3fa,60.16762,24.95415,000000006b44cce7,5.41
6034,2019-08-04T12:41:13Z,33ec502792a84f23fed03cf16e483d153c65e2850a2549f47034726a,60.16762,24.95415,000000006b44cce7,6.46
6035,2019-08-04T12:41:13Z,3459042c03cbb672a039f7f14a6b99b84f839b0598f9e48bf4dd95f5,60.14699,24.922,00000000a53ed894,8.38
6036,2019-08-04T12:41:13Z,349dd839e41cff363cc4b935496e52b93be15233e508aa82987859bd,60.16075,24.95883,00000000f1124bca,23.56
6037,2019-08-04T12:41:13Z,34fddf0f4ea194b9720451d11a9de76225577536681d4f4b0a00b860,60.16829,24.94214,00000000afef4555,5.91
6038,2019-08-04T12:41:13Z,35502547e06ee42a683582ce5b803d594fd683773fb80142e128be38,60.16762,24.95415,000000006b44cce7,18.79
6039,2019-08-04T12:41:13Z,358d7986d5bf2a0624fb1412a157b3c7b12f90653457e15a76bbdf50,60.16629,24.95957,00000000fb7600be,20.28
6040,2019-08-04T12:41:13Z,35e6e075578d7a51e510bf8904bde33f1d117264eea0917db98d4808,60.16897,24.95222,00000000aa852af1,11.7
6041,2019-08-04T12:41:13Z,36f876050503d244f74f3cbadcef716904eb2b245190d474b0cfa794,60.16762,24.95415,000000006b44cce7,10.78
6042,2019-08-04T12:41:13Z,3721331dbb97151d17938ed835ffc7208eba26fba6100c62870a3a4f,60.14947,24.91438,000000004ef3150d,5.41
6043,2019-08-04T12:41:13Z,37945fa4e7409fab98aa8bde45081f5bd083def0059485274ad552c0,60.17919,24.95181,000000007b5207b6,17.4
6044,2019-08-04T12:41:13Z,381408ba82c360b66229f8a181ed89b02930909f7db6e4582277ef38,60.14699,24.922,00000000a53ed894,29.32
6045,2019-08-04T12:41:13Z,393a579e1c8efb19861f555f12040feeac853f37a2451116693e77aa,60.14699,24.922,00000000a53ed894,17.4
6046,2019-08-04T12:41:13Z,39f03a3a5fd777feee270921a7f51daec12ea679b542b0aaf2e808d7,60.149,24.9843,00000000fffb8cf0,18.79
6047,2019-08-04T12:41:13Z,3a6ce73ea4c03a14fc0d3d099e4698d3c1051a2e8e4bd552d5de394d,60.14947,24.91438,000000004ef3150d,8.38
6048,2019-08-04T12:41:13Z,3b73bf57d223bcb9b930ee8619e6603e52485b221389c64d85614baf,60.16897,24.95222,00000000aa852af1,5.91
6049,2019-08-04T12:41:13Z,3be48824225ca9f2aea5653f6ce21181a76e67a8d4b8361f0cba1f8a,60.14947,24.91438,000000004ef3150d,3.09
6050,2019-08-04T12:41:13Z,3dff549e90afb2bbb590899f86c397b1c4e011947c344f75d16312fa,60.17002,24.94407,000000006b087f40,25.36
6051,2019-08-04T12:41:13Z,3e4965f1ed580ddf80246b1b78cbc55b73c11d67573d9cede2a7ccf7,60.16829,24.94214,00000000afef4555,13.75
6052,2019-08-04T12:41:13Z,3e99999f43f3bd9e105e735eeb92531a4301e7f258c90535acfba9ae,60.16531,24.9442,00000000fdda10fe,27.28
6053,2019-08-04T12:41:13Z,3e9bb396fbc83c420e59acae7d393de6b4add7ec1dda523b9eaee7a5,60.16075,24.95883,00000000f1124bca,31.5
6054,2019-08-04T12:41:13Z,3f0ef00adad8d110dd5a664041a7e29a8bf1cb2abdace2517eeafe55,60.14699,24.922,00000000a53ed894,16.1
6055,2019-08-04T12:41:13Z,3f395809cdaaaa1688c7d1cc770079bbf7ef1349e148bec5c8eacd57,60.16762,24.95415,000000006b44cce7,9.92
6056,2019-08-04T12:41:13Z,4126e6b01e07a8de94eb8b87f02ad2bdab1a191c8c0312dd1141a9eb,60.15133,24.92329,00000000e8a064a4,29.32
6057,2019-08-04T12:41:13Z,4157eed3f2574f5f9b1f7c3ccc1c36e181e82585ec5d491a1aedc6c9,60.16762,24.95415,000000006b44cce7,16.1
6058,2019-08-04T12:41:13Z,42052b48fa907a3f9ad0a511096b057331f7a11a1be046a63fb9629e,60.14699,24.922,00000000a53ed894,12.69
6059,2019-08-04T12:41:13Z,42690cd685dbeeacc0a755e6201e0b16137c1d49128c586642631c7e,60.16448,24.97323,0000000053c6c2be,17.4
6060,2019-08-04T12:41:13Z,429295e322e9f143f79e9a6340e4974858aa9aa2f5ed6e8512dd00cd,60.14699,24.922,00000000a53ed894,16.1
6061,2019-08-04T12:41:13Z,42d4eb6044091814f327d0b01dc9ae701506417af1a8ab7f4161650d,60.14951,24.92138,0000000006dd41f6,11.7
6062,2019-08-04T12:41:13Z,42da4298ed9f522421f17714e024d9b8fe22e7546df3deeb8b139bd3,60.16075,24.95883,00000000f1124bca,4.94
6063,2019-08-04T12:41:13Z,431375be6b9405ef55878f3aa0bb5dd6a35db8ba650a2bce05081c49,60.14947,24.91438,000000004ef3150d,8.38
6064,2019-08-04T12:41:13Z,4533d27e96c5c6637ddff4243672d658fea4004970652882357105a9,60.14699,24.922,00000000a53ed894,9.92
6065,2019-08-04T12:41:13Z,457d11209b95b153efb57d8f2641f2db0823e91a0d608fa0555a5b69,60.14699,24.922,00000000a53ed894,10.78
6066,2019-08-04T12:41:13Z,4602ff9d03f6bf4fbb82976098cc1c73e7a7e754050401c772d1406e,60.14947,24.91438,000000004ef3150d,10.78
6067,2019-08-04T12:41:13Z,47b8aba771bed6ec3a7d57932c44fe859bcf6300054b3acc9d885105,60.14947,24.91438,000000004ef3150d,13.75
6068,2019-08-04T12:41:13Z,47cde44e4ddbf6c70162fa882eee962e7c3e2a037b650294ec46568f,60.14947,24.91438,000000004ef3150d,4.11
6069,2019-08-04T12:41:13Z,48d0a198e7445da9f7df3cb2cedef7dc861fe850deff789f6ad61d36,60.14947,24.91438,000000004ef3150d,9.12
6070,2019-08-04T12:41:13Z,48f665ebb1a71b0d84fc02bd71918c5ab5608328db534639cbd2a255,60.14947,24.91438,000000004ef3150d,5.91
6071,2019-08-04T12:41:13Z,4926fec57d2640e18cb9d46deb64eba0255ca71b93116f4ae21e4288,60.16829,24.94214,00000000afef4555,11.7
6072,2019-08-04T12:41:13Z,4b1050cc517631e36206d3528399c0b14748daec8c7d1b5dfa412299,60.15432,24.9211,0000000019fb59c4,4.5
6073,2019-08-04T12:41:13Z,4b85388cdaec2b4c15b546160ee326d9668a5e5d3c7b08d0c539946e,60.17919,24.95181,000000007b5207b6,16.1
6074,2019-08-04T12:41:13Z,4be50f3eb033f3f46e3069049c8e0a34dc8a2607741c1764369ba4c2,60.16762,24.95415,000000006b44cce7,4.94
6075,2019-08-04T12:41:13Z,4bf75585466f0aafa2ed2956fe4b0f7235b4ba3a0606a52219b3156c,60.14699,24.922,00000000a53ed894,17.4
6076,2019-08-04T12:41:13Z,4cadc8cc23fd84febb6a8383030a34c97b3388a8c9ed7a64cc0f51a6,60.14947,24.91438,000000004ef3150d,16.1
6077,2019-08-04T12:41:13Z,4d4115f2971578ddc2428be944e2954c9e9a5472a818ec1805a022b2,60.149,24.9843,00000000fffb8cf0,31.5
6078,2019-08-04T12:41:13Z,4ebdb6165c5d4892cdc21711313b98b1545bececfb886192c6f0ef22,60.16762,24.95415,000000006b44cce7,8.38
6079,2019-08-04T12:41:13Z,4efc969b8b738c051c221bf9d7829089b44cec23dd378fd86e7fb8be,60.173,24.92524,0000000096918cfa,21.87
6080,2019-08-04T12:41:13Z,4f4940c5c77737c5b8f2fbd5a1b65886ea5f6e0e4fcd50447e11ce21,60.16075,24.95883,00000000f1124bca,17.4
6081,2019-08-04T12:41:13Z,50e21d119f102cee2afe3ac7f1a32032527638769b05aca582d6ecb1,60.16762,24.95415,000000006b44cce7,9.92
6082,2019-08-04T12:41:13Z,514a3981fad6c695ac4940f09374b5d1c2e84d2ca835084ef8707714,60.16075,24.95883,00000000f1124bca,3.4
6083,2019-08-04T12:41:13Z,51b3c7870a399165f0d1d14f7d21688df32b0360f9cc6f3ca61890d8,60.16829,24.94214,00000000afef4555,12.69
6084,2019-08-04T12:41:13Z,52072bd384eaaf4a6958af5510ed039d194dee47f34667bc7bccbe0e,60.14699,24.922,00000000a53ed894,7.69
6085,2019-08-04T12:41:13Z,5263c8fd413ee308494f18228802330e278acc648b425bb454951db5,60.16075,24.95883,00000000f1124bca,5.41
6086,2019-08-04T12:41:13Z,5274280f7558ea562d9ce825000efc025d2de6b91c62614cb68df2b1,60.14947,24.91438,000000004ef3150d,33.81
6087,2019-08-04T12:41:13Z,52939581c6c8dd3407dbf44ea9e90471e4bbadfb7e3740a0ba8324f3,60.14699,24.922,00000000a53ed894,18.79
6088,2019-08-04T12:41:13Z,52f0e69ca7a5cebe604c1f32308dc7f8870d1d85cd4b25ad17f706e9,60.14699,24.922,00000000a53ed894,7.69
6089,2019-08-04T12:41:13Z,53f1f84f2f1f0ea7eb59dd269d86fae99cc25ee089a48f249de1aaec,60.16897,24.95222,00000000aa852af1,18.79
6090,2019-08-04T12:41:13Z,5554305bad43a71cf98d83e92708c7474c1efc189392c1ea94231e9c,60.16531,24.9442,00000000fdda10fe,6.46
6091,2019-08-04T12:41:13Z,560205233dc9b13886248fb6e54ee21dc3b287080072641e01e08dac,60.16075,24.95883,00000000f1124bca,20.28
6092,2019-08-04T12:41:13Z,56b8eace741e5227a40ea0a64601a737648080c63d6240b0dca632c4,60.16075,24.95883,00000000f1124bca,18.79
6093,2019-08-04T12:41:13Z,570dc61d53aec66ede39dfde66339640878453afc00cd1a55c60bca7,60.16544,24.95398,0000000038d83d41,13.75
6094,2019-08-04T12:41:13Z,571934189bf349efb6f596e76c21612cf9b82ed44913090169936048,60.17065,24.93641,000000000f4919c9,11.7
6095,2019-08-04T12:41:13Z,57bb8beeec6904b9a5cfe83c4ff9a80e63157780137f03de2a4152d3,60.16762,24.95415,000000006b44cce7,8.38
6096,2019-08-04T12:41:13Z,57c6f9c8fc64c4d7030c1d3576910e338178138cd74acdc9e3630216,60.16629,24.95957,00000000fb7600be,25.36
6097,2019-08-04T12:41:13Z,58122bffe92a82d8b8a6fb46e406f2d86c32db26eca7557ec6943fa5,60.14947,24.91438,000000004ef3150d,25.36
6098,2019-08-04T12:41:13Z,583a35aa08fe45f96deb91a9f4b9317e86eddeee0d636cc11b3e2df8,60.16762,24.95415,000000006b44cce7,9.12
6099,2019-08-04T12:41:13Z,58411163d307bb308f9c94a9720e9ce5ab0ce4f5617cd2b1fcc2037a,60.16762,24.95415,000000006b44cce7,17.4
6100,2019-08-04T12:41:13Z,584cb0b0cdd14e608c8b57c8aecc9826f9b40027e365e2438a444ea2,60.16762,24.95415,000000006b44cce7,12.69
6101,2019-08-04T12:41:13Z,59b01cbdec8ff06fa6d50bac00c3f5f4c45132fc8a62800c08df5d6a,60.16629,24.95957,00000000fb7600be,25.36
6102,2019-08-04T12:41:13Z,59e23b6ba24eb1cbbe77cbbfb47fd0aeb3b9a3574e0b34a2be2c9352,60.16762,24.95415,000000006b44cce7,12.69
6103,2019-08-04T12:41:13Z,5b102c62b98f29bd801e4dd0e9ddbc113db3faa38d59990b9ba5e9ec,60.173,24.92524,0000000096918cfa,18.79
6104,2019-08-04T12:41:13Z,5bc8610f198c0ab38e4e89fd7f4828d032ca2a6ef97c2a17c79e296f,60.14699,24.922,00000000a53ed894,17.4
6105,2019-08-04T12:41:13Z,5c160268bc9b4b619181ce421d9e58c258e6b59a342945fc29f0004b,60.14947,24.91438,000000004ef3150d,6.46
6106,2019-08-04T12:41:13Z,5cd5117066c75a1cb83d3896a7eba3f3472e133f0013ea7d4e95daaa,60.14699,24.922,00000000a53ed894,3.4
6107,2019-08-04T12:41:13Z,5d70086d53447ee393249cef33c7bae814c1d7c2e3055fc91b38786c,60.17919,24.95181,000000007b5207b6,8.38
6108,2019-08-04T12:41:13Z,5e44b2770fcd3ab47bae5954df365187d2183088b73b895edc47dcd8,60.14699,24.922,00000000a53ed894,9.12
6109,2019-08-04T12:41:13Z,5e53be1d47b3cceeb6ea9406c75327379c8ee8abc68da605b7758e85,60.14947,24.91438,000000004ef3150d,10.78
6110,2019-08-04T12:41:13Z,5e7916ca910b02abf2d19906759663c23db63950a353fa546f55c8af,60.14699,24.922,00000000a53ed894,8.38
6111,2019-08-04T12:41:13Z,5f3a358ea7ec56dfb2271af72ef34416785e497a3653bfb75ef822c3,60.16829,24.94214,00000000afef4555,14.89
6112,2019-08-04T12:41:13Z,60d5c11436b72dd4eb673f606bddc3f8f36675342cba015b9297155f,60.16448,24.97323,0000000053c6c2be,21.87
6113,2019-08-04T12:41:13Z,60d9b71ec38b796bf876dedfaf3112b49ff79677480c7603902857ae,60.14947,24.91438,000000004ef3150d,12.69
6114,2019-08-04T12:41:13Z,614ab7fba7255f6bf6f888e9a04d589962f756b3f427e658f10014f2,60.16075,24.95883,00000000f1124bca,4.5
6115,2019-08-04T12:41:13Z,63defb71d4c3856253a0a2d67a5c370b91ad0527703b334a63fe5344,60.14947,24.91438,000000004ef3150d,7.05
6116,2019-08-04T12:41:13Z,643ef3f01a51bea3c4510d4060a945cd510e5189236d68f5c9489034,60.16829,24.94214,00000000afef4555,2.08
6117,2019-08-04T12:41:13Z,64638a9f9e6c9b32fc4b484b55e4934fcab6cb04605cc76d5f5534b7,60.17065,24.93641,000000000f4919c9,10.78
6118,2019-08-04T12:41:13Z,64d86288e491374eed34c68c82763c2e5dbc87113cf5ca44f23233ba,60.16829,24.94214,00000000afef4555,7.69
6119,2019-08-04T12:41:13Z,64e34af775b57908b23056a31d60ef3b005941f2e7c3db0c49df675d,60.17065,24.93641,000000000f4919c9,23.56
6120,2019-08-04T12:41:13Z,6503762f2cac51cc2b74da1efa6b16583ed11c9a528d7716b7829c0b,60.16829,24.94214,00000000afef4555,6.46
6121,2019-08-04T12:41:13Z,6516a10850095847a8156717b0fba05a9bdc9b5bfedd691ddb07f119,60.14699,24.922,00000000a53ed894,12.69
6122,2019-08-04T12:41:13Z,6525cc634176c25187e68e0d067bcfecfd78e399e93db4ee9d408b7e,60.17919,24.95181,000000007b5207b6,20.28
6123,2019-08-04T12:41:13Z,655204cb507ea9ae811105cdcd766161facaa9f729017a333f102391,60.149,24.9843,00000000fffb8cf0,8.38
6124,2019-08-04T12:41:13Z,65de3b8621fadfc61e9d3657dc477ea9867f9d093f80cf0857dcad88,60.16762,24.95415,000000006b44cce7,7.69
6125,2019-08-04T12:41:13Z,6688790e10cbf0805c8bdc210412ed75d7999e61029da0b7ba29458e,60.16829,24.94214,00000000afef4555,18.79
6126,2019-08-04T12:41:13Z,66b9cea6cd979b4e9e391e0ef854e2cc38eca6fb9e166811e39edd11,60.16544,24.95398,0000000038d83d41,20.28
6127,2019-08-04T12:41:13Z,6723bebaab92d1a9f8b4318fd4f497a6dec6d7f8e0eafca443925213,60.16075,24.95883,00000000f1124bca,13.75
6128,2019-08-04T12:41:13Z,675eacdf32b5b831fd118fc5539eea4b3cef4bd11e2e1706a9571222,60.16829,24.94214,00000000afef4555,4.11
6129,2019-08-04T12:41:13Z,6774ed72eaf69d7c4aaeeef90990f969954155bbcc52652e75e7deef,60.16829,24.94214,00000000afef4555,8.38
6130,2019-08-04T12:41:13Z,677c53ae4056d6cb123ca576ba5284664b1c7e3e88818bd19b5dd99a,60.17919,24.95181,000000007b5207b6,23.56
6131,2019-08-04T12:41:13Z,6875e3632a29207e29ded33617e66d55de5d8c7804fecedd6f1dfe12,60.14699,24.922,00000000a53ed894,5.91
6132,2019-08-04T12:41:13Z,69375ef968867906fc11b34d1e2c4b436d452cd47cb577a7f9e566ef,60.16762,24.95415,000000006b44cce7,14.89
6133,2019-08-04T12:41:13Z,696d977b82fe0f0a15c3aaccef89f3b805ee2d6969a74059d737461d,60.14951,24.92138,0000000006dd41f6,25.36
6134,2019-08-04T12:41:13Z,698b200b63a644828a7314691a16af2af1bccef75d52abb5591a5542,60.14699,24.922,00000000a53ed894,11.7
6135,2019-08-04T12:41:13Z,69f1de5049f5731749defe893b8ae9ada4f5f788a994b8f7413ef657,60.17002,24.94407,000000006b087f40,17.4
6136,2019-08-04T12:41:13Z,6b97071051ccf5db7e5ebee033d4f68d58ed6917ff2fac5b205a6605,60.17065,24.93641,000000000f4919c9,10.78
6137,2019-08-04T12:41:13Z,6e7709b0a9e9956571d6880226fcc9402e5b8f406cf339d959c0cb2a,60.14699,24.922,00000000a53ed894,14.89
6138,2019-08-04T12:41:13Z,6f3dd17e40daabb4efe868f1b859dc00ecc01846f0a0e2b8db5d1413,60.17919,24.95181,000000007b5207b6,7.69
6139,2019-08-04T12:41:13Z,70c56152af84cf1bad4d19b0cb31202232b4cd4320ce5ea48895e42b,60.14947,24.91438,000000004ef3150d,14.89
6140,2019-08-04T12:41:13Z,7176e4b517010283d61468978a67a0e6d800f7b66219728174074b97,60.14947,24.91438,000000004ef3150d,14.89
6141,2019-08-04T12:41:13Z,71c360c0ae36f964d9ca7957d318abe8f1933c8220f225231eb33b39,60.18203,24.91341,00000000342570c2,23.56
6142,2019-08-04T12:41:13Z,72e4de5ded503a6b09635fc51a720ce504c9e77552bc2ffae8d6cae3,60.14699,24.922,00000000a53ed894,13.75
6143,2019-08-04T12:41:13Z,733f21ebebe353e10a55a74b40a0a480e6d276334d4f3d8bcf85b711,60.16075,24.95883,00000000f1124bca,33.81
6144,2019-08-04T12:41:13Z,738ce77abafd1ca6f80e6f28e84d1b1886db4cfda3be6ffcdf52c1b1,60.14699,24.922,00000000a53ed894,17.4
6145,2019-08-04T12:41:13Z,745e52dafbfa395ea41c5fcd0c2717b9091e44d19ab89e03991fdbb7,60.16762,24.95415,000000006b44cce7,9.12
6146,2019-08-04T12:41:13Z,759f94c852ff15ca91c3138913c3858c4801702f8f0514ae82fb2a19,60.16897,24.95222,00000000aa852af1,11.7
6147,2019-08-04T12:41:13Z,7664b7f08aaa059ecf6646a595c33fae0c80715febe63e31f45a4662,60.16762,24.95415,000000006b44cce7,9.12
6148,2019-08-04T12:41:13Z,777cceac7be6303a1c82f7cc68061528b01e3aa1b3aa6481cad9e5e3,60.16075,24.95883,00000000f1124bca,9.12
6149,2019-08-04T12:41:13Z,77a12194b9a6789f4b2b8c07ae7fce3c2b531cb221e5fa7ca5deae55,60.16897,24.95222,00000000aa852af1,10.78
6150,2019-08-04T12:41:13Z,79bb1e615a834d4f653cec7efc45ad5b4bbedf2a83c55b44c586ad0a,60.14947,24.91438,000000004ef3150d,12.69
6151,2019-08-04T12:41:13Z,79bde23c1a8980f93a65e14306f0d8ea89e164430d8b991e2bfee82e,60.16531,24.9442,00000000fdda10fe,13.75
6152,2019-08-04T12:41:13Z,79d26f15a82c94ac5d05e0f2b6a6beeae1f407972ec39665d7ab9535,60.16829,24.94214,00000000afef4555,0.41
6153,2019-08-04T12:41:13Z,7a0c0b525f2d3eed6c873bd3b8d27bede551fe4a428ac15c23deadae,60.16075,24.95883,00000000f1124bca,14.89
6154,2019-08-04T12:41:13Z,7a4a06d20ebe57d94e5fceeaf47d5b56ad9a515818e9c20e21a80e61,60.16629,24.95957,00000000fb7600be,12.69
6155,2019-08-04T12:41:13Z,7a97375000483176c3b37cc0d1744a950d9b322ce3534208fce0b21d,60.14699,24.922,00000000a53ed894,7.05
6156,2019-08-04T12:41:13Z,7ab335e046f7f3597f8f615a90857885e35cfecefebd5d24bbf0af90,60.16075,24.95883,00000000f1124bca,12.69
6157,2019-08-04T12:41:13Z,7ad93fed82e41ea4422fa101badc698b0328c3ebf0f6b73c5164d438,60.16897,24.95222,00000000aa852af1,14.89
6158,2019-08-04T12:41:13Z,7af6672e274ebe27cdb785373a857fc5bcad92a386c36dbe3221d4f4,60.14947,24.91438,000000004ef3150d,17.4
6159,2019-08-04T12:41:13Z,7b61dc50070867948abbe5275032ae82e7643ca4158a809fe41a8b69,60.14699,24.922,00000000a53ed894,14.89
6160,2019-08-04T12:41:13Z,7c3e30f8265c495083db66916242e1237a89a17dcdd165c2c4497700,60.149,24.9843,00000000fffb8cf0,33.81
6161,2019-08-04T12:41:13Z,7d9a3d84c09c3a8d6876389e216e0278048d6b924890fb275a078ffb,60.16531,24.9442,00000000fdda10fe,0.59
6162,2019-08-04T12:41:13Z,7e31a4896ab0ff539440898dfabd8305df79869bff52da941016d1cc,60.1538,24.95595,0000000038bf9618,31.5
6163,2019-08-04T12:41:13Z,7e76449e59f1e3a1a615b54408115353fbb14d815390d03a73b1a7bb,60.14947,24.91438,000000004ef3150d,14.89
6164,2019-08-04T12:41:13Z,7f786ec8e06f1ca3bdd10fc60d0114baf354125b8f6cf796d197f4cc,60.16075,24.95883,00000000f1124bca,2.54
6165,2019-08-04T12:41:13Z,80cbcb887f3e351e3bef7c5f53dccc578cc3494feec514aed7015c0d,60.16075,24.95883,00000000f1124bca,2.08
6166,2019-08-04T12:41:13Z,82411c6526228322a61f59259f13adf7cde62bd767587b6735867705,60.17919,24.95181,000000007b5207b6,7.05
6167,2019-08-04T12:41:13Z,83121a75723643c48e3c3b0a3ea5fccb532046432ca445833e8de06a,60.16762,24.95415,000000006b44cce7,4.5
6168,2019-08-04T12:41:13Z,848fe01e24ccc782e5968171f53ea31d28f20a455c45d8bac8fb7374,60.173,24.92524,0000000096918cfa,13.75
6169,2019-08-04T12:41:13Z,84a2754d633d2364ab8245dd97ac58e0bfad70a8380a357871afcc01,60.17002,24.94407,000000006b087f40,29.32
6170,2019-08-04T12:41:13Z,857f5ab05809fdb94740616b8d6662aa2458c4a6009e6f717f8933fb,60.17002,24.94407,000000006b087f40,18.79
6171,2019-08-04T12:41:13Z,859b417d0b562f5c4ab33c3877c95cd7cbb332db91dcd0f4e7a4f3b6,60.14699,24.922,00000000a53ed894,16.1
6172,2019-08-04T12:41:13Z,85d66944a64cfde859e7e08ca4b79f3b39d5b03141d500fe7ce73f7e,60.14699,24.922,00000000a53ed894,14.89
6173,2019-08-04T12:41:13Z,85d67c3be46ecb66832dfd9090a931e1be3dd056f718ea6786622131,60.16897,24.95222,00000000aa852af1,14.89
6174,2019-08-04T12:41:13Z,87bb1abe21abfcb5e5c2039e579cff7ca863a6019207db356de5b7c2,60.14699,24.922,00000000a53ed894,14.89
6175,2019-08-04T12:41:13Z,87cbb5265cd1cc3213ddb5ed9ed2a599ddb7db0b0747121d649b0ae3,60.16544,24.95398,0000000038d83d41,25.36
6176,2019-08-04T12:41:13Z,8822ffe19dec49fe874ac377de5a0504e931e342ecc1f5b1fcb939e5,60.16897,24.95222,00000000aa852af1,20.28
6177,2019-08-04T12:41:13Z,885bcc6af7d0aa9718fe1030e32ffff1de5171ae5ef67cf0011874fb,60.14947,24.91438,000000004ef3150d,9.12
6178,2019-08-04T12:41:13Z,8947a5209f3b32173d3dc72792039edf94a2711741ab041b62b30643,60.16762,24.95415,000000006b44cce7,6.46
6179,2019-08-04T12:41:13Z,896f7e896dc6f1ea44b82bf968a988cc10c358ee34821d9d7a4bd07a,60.14947,24.91438,000000004ef3150d,3.4
6180,2019-08-04T12:41:13Z,8a08b2de43a9ef03cf96610718c908e69dcacc59f536a7135b7bb542,60.16629,24.95957,00000000fb7600be,10.78
6181,2019-08-04T12:41:13Z,8b641985c793a3f25a45b2460cb01f5baa6f339c6dd26ba7752d8a7a,60.16897,24.95222,00000000aa852af1,8.38
6182,2019-08-04T12:41:13Z,8ba6cfc17ca70e8304994e018ebd5eb2003177062cde05925d5cacb3,60.173,24.92524,0000000096918cfa,20.28
6183,2019-08-04T12:41:13Z,8d528b00553162a9dd47d2296d15b2fad89aad6a508424d4589618a1,60.14947,24.91438,000000004ef3150d,5.41
6184,2019-08-04T12:41:13Z,8d5672c651968bf1f466b44baefa37f9438850e96140d126f6a99baf,60.16897,24.95222,00000000aa852af1,20.28
6185,2019-08-04T12:41:13Z,8d8a869e83fe2ac29e791666634a33af3ea4048ea4e752b6fb1e238c,60.14947,24.91438,000000004ef3150d,14.89
6186,2019-08-04T12:41:13Z,8dcf139eb279bcc2696420ba9da858e361600ff02cd29587f66660ec,60.16897,24.95222,00000000aa852af1,17.4
6187,2019-08-04T12:41:13Z,9023a89a49a372e5f97cf86ef1b5de0164eb67cc10d394d383ab75fd,60.16829,24.94214,00000000afef4555,12.69
6188,2019-08-04T12:41:13Z,920dc90f60b295267f63efc8f968408087b71878dc3f49f0ded1c41e,60.17919,24.95181,000000007b5207b6,20.28
6189,2019-08-04T12:41:13Z,926717d61529080dfc4c7f8cdcdc82c6490d2a5129474524b8c40ea4,60.16829,24.94214,00000000afef4555,11.7
6190,2019-08-04T12:41:13Z,93a2100e233b204243f7e69b68dea7c9a145d1b5384bd18359bf87a3,60.16531,24.9442,00000000fdda10fe,2.08
6191,2019-08-04T12:41:13Z,93e409819362e2429a43710ff4330bd3ed83011b73ae438dd7fb62d8,60.16762,24.95415,000000006b44cce7,7.05
6192,2019-08-04T12:41:13Z,9575ef1c44f26f0301d726029c8b1c28011a4724496943451bee6544,60.14947,24.91438,000000004ef3150d,9.12
6193,2019-08-04T12:41:13Z,97264f5808fa13851dacabf0c98525eec29849ff4b6a744cc777fd5b,60.16075,24.95883,00000000f1124bca,23.56
6194,2019-08-04T12:41:13Z,9736a8a29aee134a307e0cd4221e9b0a2ab7c48befee43fc62e9f9bd,60.14699,24.922,00000000a53ed894,9.12
6195,2019-08-04T12:41:13Z,9862cafd709b75d07c83b397773e0cf33564666cb81814bdbf5e54f2,60.16897,24.95222,00000000aa852af1,27.28
6196,2019-08-04T12:41:13Z,994b630283c750a0b697359e32c4bd06d5b4a32d2edb6c12cce42b32,60.16829,24.94214,00000000afef4555,17.4
6197,2019-08-04T12:41:13Z,99f55bb5538aa9c5228cc0177e24a64cbd94dafe671bb17aa9620823,60.16075,24.95883,00000000f1124bca,27.28
6198,2019-08-04T12:41:13Z,9a9db814dfa74ca2c2d51496299715310e81c6e6525cc9d2cb0762eb,60.16897,24.95222,00000000aa852af1,21.87
6199,2019-08-04T12:41:13Z,9b087f99e8170fa160df7340b539501f67b728edaf119fc0f3c8c239,60.16762,24.95415,000000006b44cce7,27.28
6200,2019-08-04T12:41:13Z,9b8a48b949de8c2f6b09fb1d8e45b6266e4c76b514c2d08d1d53642b,60.14699,24.922,00000000a53ed894,21.87
6201,2019-08-04T12:41:13Z,9b8ce6fbe947328c891dfbc4d84b0a33b983d3a728e8289d7fb72962,60.15133,24.92329,00000000e8a064a4,25.36
6202,2019-08-04T12:41:13Z,9bad872c31c8c5e53f064b5367350b41271d45ca8a9e508136622800,60.16897,24.95222,00000000aa852af1,9.12
6203,2019-08-04T12:41:13Z,9bf3ff1ceaac2bd8666ae6a5c19e0180def5b27c0cf5fcf8b770595d,60.14699,24.922,00000000a53ed894,9.12
6204,2019-08-04T12:41:13Z,9bf4a5d763fa921335be6c141a0c9fd769fcb2f4c5b40b85a1c99c71,60.14699,24.922,00000000a53ed894,11.7
6205,2019-08-04T12:41:13Z,9e3d4a4b1acd94d2896cd7cf56419110f06ea96faae37aadebd4ec77,60.14947,24.91438,000000004ef3150d,12.69
6206,2019-08-04T12:41:13Z,a0db7e8063bede2dd55c2c6cf5111932617ecace670ff65314a7d349,60.16629,24.95957,00000000fb7600be,17.4
6207,2019-08-04T12:41:13Z,a22736c5d66f417bc6b745f51492549dc2e5a3c766f5e7e23f183b41,60.14947,24.91438,000000004ef3150d,18.79
6208,2019-08-04T12:41:13Z,a38a21a97a054541f0423f03758c70227116c05254958373e3e93ad0,60.14947,24.91438,000000004ef3150d,2.8
6209,2019-08-04T12:41:13Z,a3d228482bfdd3dbdfaee1ff72b6ac00c2ee8c05e949047ce9117783,60.14699,24.922,00000000a53ed894,9.92
6210,2019-08-04T12:41:13Z,a41e158d772eaf06a23fe6c476419f78fae156bf286c7e56e79cea64,60.14699,24.922,00000000a53ed894,23.56
6211,2019-08-04T12:41:13Z,a4f416ec0941bb365e3665d7fd224fad15d74225e8ce9f6dd6368bc7,60.17065,24.93641,000000000f4919c9,23.56
6212,2019-08-04T12:41:13Z,a590e9fb8960943273ead07320590436c531fbaf32e54f7db42f1f19,60.16629,24.95957,00000000fb7600be,27.28
6213,2019-08-04T12:41:13Z,a6f944078dd26796f5a849ccb6fdf8a4436f913cf3302597c846462d,60.16762,24.95415,000000006b44cce7,7.05
6214,2019-08-04T12:41:13Z,a7472d1b63171c047444981df223670390009e3ea502132d9963e9fb,60.14947,24.91438,000000004ef3150d,9.92
6215,2019-08-04T12:41:13Z,a76d219c3abcc4ec3a54dd834263f9a24972c71be4c7bbbfc663f22f,60.14699,24.922,00000000a53ed894,7.05
6216,2019-08-04T12:41:13Z,a794d97e26d3678bb11b4364880414bb7bfac4bb49d1867b37b489f7,60.14947,24.91438,000000004ef3150d,5.41
6217,2019-08-04T12:41:13Z,a7a7f84e910c87d01420156efca1675f2f263a8f7f1212bb161e73f3,60.14951,24.92138,0000000006dd41f6,23.56
6218,2019-08-04T12:41:13Z,a8bd45406d5913e098652d4c2d836339758e08d21bf5d88becabdd36,60.14947,24.91438,000000004ef3150d,11.7
6219,2019-08-04T12:41:13Z,a8df2631c2442628608c1f0352c896eb532a6ca08c85de2c77360aa8,60.14947,24.91438,000000004ef3150d,8.38
6220,2019-08-04T12:41:13Z,a96e9a3805def174e6ededa93b88ce312739d9d68941dffdeca03e9f,60.16762,24.95415,000000006b44cce7,8.38
6221,2019-08-04T12:41:13Z,aa076c3f0d09145aebbb750dde9849ba4eb6759e92ba5753280184d6,60.16762,24.95415,000000006b44cce7,10.78
6222,2019-08-04T12:41:13Z,aa5773b59ce2bf1eee53e4e77cd3c261465d2ea538c9a85b8de30cd8,60.14947,24.91438,000000004ef3150d,21.87
6223,2019-08-04T12:41:13Z,aa6d51fc5411b69567cb854360c4a81267eac19446946eb27618306a,60.14699,24.922,00000000a53ed894,13.75
6224,2019-08-04T12:41:13Z,aba0a0ba8ac6fa1709e38c64f963a344afc317eae50c6141b2315763,60.16897,24.95222,00000000aa852af1,23.56
6225,2019-08-04T12:41:13Z,ac93ac0788af8e1b0f20fada4f15ca1ad31f4084b133482d8211571d,60.14699,24.922,00000000a53ed894,9.12
6226,2019-08-04T12:41:13Z,acdcc8ae1d1c6bb055dfc108154eae58b4b894f0ce1ff174c1065c7e,60.16762,24.95415,000000006b44cce7,1.38
6227,2019-08-04T12:41:13Z,ad8af809ed47a3391bb53d11da159b3a8b0ddc264d94c049ce72bda0,60.17065,24.93641,000000000f4919c9,0.23
6228,2019-08-04T12:41:13Z,ae87b8dd8920695bc9e599874667205991c04e30666d8523f0be4350,60.14947,24.91438,000000004ef3150d,12.69
6229,2019-08-04T12:41:13Z,aec4b11f0b1ec075878ca4a3b94da464f6fc96e330b913d5bfd346b0,60.16897,24.95222,00000000aa852af1,3.4
6230,2019-08-04T12:41:13Z,aefdb2741d688503f8a51d5af7b715c1270e21331d0aa56b07ea3c23,60.149,24.9843,00000000fffb8cf0,29.32
6231,2019-08-04T12:41:13Z,b0a20a40885487350aaf5c8f46dab27d4d7e1d5c24fefec54c0c62d4,60.16829,24.94214,00000000afef4555,21.87
6232,2019-08-04T12:41:13Z,b12b27061f30d5659794f14cbed5e4726c5af1ef526611d3b2dded29,60.14947,24.91438,000000004ef3150d,16.1
6233,2019-08-04T12:41:13Z,b1f2a954bba825f80de4af90e97b9f69fce26fc8d76fd863a661ee00,60.16829,24.94214,00000000afef4555,23.56
6234,2019-08-04T12:41:13Z,b26280ff7943c2f2f00f94125547cbdc285e6c43b7d0a5819c2eac87,60.16762,24.95415,000000006b44cce7,17.4
6235,2019-08-04T12:41:13Z,b26a9be85f5fd17ea58397762fa55db3c8f68fb709d586d61527c892,60.16829,24.94214,00000000afef4555,4.5
6236,2019-08-04T12:41:13Z,b3d99c04e3db6b698e6e54f19434461336954d0c15385bff6e557be8,60.173,24.92524,0000000096918cfa,36.27
6237,2019-08-04T12:41:13Z,b41cc64d7ab4e16a03573bdc3b5863c4b402ec66c7780c7900c02877,60.16829,24.94214,00000000afef4555,11.7
6238,2019-08-04T12:41:13Z,b523d3f8341906e4b3877ff7d9614b4e10d6bbf10afdcc6c53656c8f,60.17065,24.93641,000000000f4919c9,18.79
6239,2019-08-04T12:41:13Z,b5e3abaccf4a03480985d25eb9fbf454c87f7ad06c38c8bdeb0819fa,60.14699,24.922,00000000a53ed894,25.36
6240,2019-08-04T12:41:13Z,b7039958be9f53a3eaed97f705a1974815f52f25226e920155397bec,60.16075,24.95883,00000000f1124bca,11.7
6241,2019-08-04T12:41:13Z,b7867e052453c9caa213f48b033624b744187f4cd77c2418cf9d7b79,60.14699,24.922,00000000a53ed894,14.89
6242,2019-08-04T12:41:13Z,b81e80c4efa2f6bf7a24861abfd0f0fb5672f1512dc7545a1d387f7f,60.16762,24.95415,000000006b44cce7,8.38
6243,2019-08-04T12:41:13Z,b9c0ac0bb7310d92c296a8870603ebd12c0c632cfc2a1fa33092b337,60.16762,24.95415,000000006b44cce7,7.05
6244,2019-08-04T12:41:13Z,baa2e34cb17a3e4b813a9a7578ddf421b7013fa00788af744fe6fc28,60.1538,24.95595,0000000038bf9618,25.36
6245,2019-08-04T12:41:13Z,bb0193f2b0ac4801fe82ed5cec75e687465d707d92e731047f81650f,60.1538,24.95595,0000000038bf9618,1.12
6246,2019-08-04T12:41:13Z,bbe1e18f88cf88928067a0221965768c1f2ae264291cea564d7eb7e8,60.16897,24.95222,00000000aa852af1,16.1
6247,2019-08-04T12:41:13Z,bbf8cd606b9732370f1c0ae0e68d6d0663a23102d831dd10c0e74819,60.16897,24.95222,00000000aa852af1,12.69
6248,2019-08-04T12:41:13Z,bc07df8cc395f6f4f5d483b2233caca5f93a6918f346e4cc3702f8cc,60.16531,24.9442,00000000fdda10fe,17.4
6249,2019-08-04T12:41:13Z,bd33b7ad8d89c8c1958de09b4900b5ebc62ed61b9decf094268b04d0,60.16762,24.95415,000000006b44cce7,25.36
6250,2019-08-04T12:41:13Z,bddca8fc17056f9f207a259070e281eedf4cea3e8e22093b88bbd7b5,60.14699,24.922,00000000a53ed894,11.7
6251,2019-08-04T12:41:13Z,bf2e5725b255e320f1e8375ec03f55194f1fd9f751be9629d873a5c8,60.14699,24.922,00000000a53ed894,2.08
6252,2019-08-04T12:41:13Z,bf992d3cd95a73f02d7223eaffe90a94e3e1e98a8c6759bab631b5b0,60.14947,24.91438,000000004ef3150d,5.91
6253,2019-08-04T12:41:13Z,c0722f63618f97eb8ec4afac1a8538b81a3c87e623d753ad1201bf7c,60.16075,24.95883,00000000f1124bca,7.05
6254,2019-08-04T12:41:13Z,c18a638a8f7d2d4e67c538d49830623f943f762f4942350ba7358441,60.173,24.92524,0000000096918cfa,23.56
6255,2019-08-04T12:41:13Z,c1a7c2ca724966977fb5960bdc91f2763ac8cbb95c33a1d4e0b7bd68,60.16897,24.95222,00000000aa852af1,16.1
6256,2019-08-04T12:41:13Z,c1e4323d2276cb6e358f5fabb123294e7a0ef87e7169f3cccc8f2e03,60.16075,24.95883,00000000f1124bca,18.79
6257,2019-08-04T12:41:13Z,c36d58ed0e0dddb3e26be1214e369db1c3fa3d4bcf8b53536a25239b,60.17065,24.93641,000000000f4919c9,2.08
6258,2019-08-04T12:41:13Z,c3be6dcc2c0542676c20d28ce38adbe2c0b9be09caa3f22e60210636,60.16075,24.95883,00000000f1124bca,10.78
6259,2019-08-04T12:41:13Z,c3e5ee20ca76f7347fda00c4c2fdee291bc6d843a879b26fbdd70390,60.17065,24.93641,000000000f4919c9,23.56
6260,2019-08-04T12:41:13Z,c493415e869d6e6304841784a120f994272b83557256b43e44e4f3e0,60.14699,24.922,00000000a53ed894,7.05
6261,2019-08-04T12:41:13Z,c551d554f64ffda092ce6c4a6715f0ed438c9649f7676b2944f1ea2f,60.14699,24.922,00000000a53ed894,16.1
6262,2019-08-04T12:41:13Z,c633a260ce59bad4e1ca42f12936ed8ae57a40f5e6528dfb70052c43,60.16897,24.95222,00000000aa852af1,9.12
6263,2019-08-04T12:41:13Z,c6b973b57d5574eb3341b3141a5ba2b28f477ae9e702ab4ae701cc0d,60.14699,24.922,00000000a53ed894,12.69
6264,2019-08-04T12:41:13Z,c7416c039513e3156222d936c483164a0914a3b5a5310985374f4767,60.17065,24.93641,000000000f4919c9,25.36
6265,2019-08-04T12:41:13Z,c90216654c3f7c2e3af7070a6d4971c17195f6f95e696ce1b74a83f6,60.14699,24.922,00000000a53ed894,20.28
6266,2019-08-04T12:41:13Z,ca507a06be040b3e520339b63d5bd15463a1862124c4bd940d936e4a,60.16762,24.95415,000000006b44cce7,14.89
6267,2019-08-04T12:41:13Z,cad80f69731ad65f7f14bf400d674e0c42de462bd42db112c9d9f261,60.16075,24.95883,00000000f1124bca,10.78
6268,2019-08-04T12:41:13Z,cb3f05d5604f5532e039e6d40514b13aba8f6274d952bb17a8b801fc,60.15432,24.9211,0000000019fb59c4,25.36
6269,2019-08-04T12:41:13Z,cbc336691f17a9c508549e03d522166247a0cd0a944321c1a7d15525,60.14699,24.922,00000000a53ed894,9.92
6270,2019-08-04T12:41:13Z,cbd334d06c16786ddc543b71b34da6278d203ac72606f0f9275e0936,60.16829,24.94214,00000000afef4555,16.1
6271,2019-08-04T12:41:13Z,cbeef3bda7bad2ba1dc31f986349ad235f07ee8d53eb4d0bbc920ecd,60.14699,24.922,00000000a53ed894,11.7
6272,2019-08-04T12:41:13Z,cc2cf42c6b14536fb92c810ff0e3dd5a3caa74236f14246a5b6e8cdc,60.16762,24.95415,000000006b44cce7,8.38
6273,2019-08-04T12:41:13Z,cce6b6f309e43e2bb1be6a9784582a82891e976d0869d01040586d27,60.14947,24.91438,000000004ef3150d,4.94
6274,2019-08-04T12:41:13Z,cd2346f3db5667fe43eb0d974ddf486ce9722fe427e98ee232d1ba12,60.14951,24.92138,0000000006dd41f6,27.28
6275,2019-08-04T12:41:13Z,cd3e127e27387b6e06cdf27f46fb6046e4182e4d7b49b49c17167c1c,60.14947,24.91438,000000004ef3150d,9.12
6276,2019-08-04T12:41:13Z,cd47b9ac851ce6b21df7b8e918554b0cb1a12d03da7e0aaf14e19314,60.14947,24.91438,000000004ef3150d,14.89
6277,2019-08-04T12:41:13Z,cd4ecd3b83630f6e5d65f635804e47a1ceb82853aac36af30044f06a,60.149,24.9843,00000000fffb8cf0,29.32
6278,2019-08-04T12:41:13Z,cd62fc5a92bd89f24a6e3d736d5511bf872859d762723b92f2092abc,60.16829,24.94214,00000000afef4555,12.69
6279,2019-08-04T12:41:13Z,ceb777dafa9b7e39125b89735b7f0cf22c3018eb0196043ac8160370,60.14699,24.922,00000000a53ed894,3.74
6280,2019-08-04T12:41:13Z,ced0425d382ce86b7565a8b7b36a453a0880a08ba10090524e6c1ac5,60.14699,24.922,00000000a53ed894,16.1
6281,2019-08-04T12:41:13Z,cfa42322be0000cf89d8969d1b88ace0ba99cab721dd58d55d41a36e,60.17065,24.93641,000000000f4919c9,12.69
6282,2019-08-04T12:41:13Z,cfc2a688ff31fbb1baac8790fb6d56dc7746ba2cf9e0e5f39d4751a4,60.14699,24.922,00000000a53ed894,4.94
6283,2019-08-04T12:41:13Z,d0413da80c7714f40ffe50dcfb00039280c64ecebc61c59df72965e6,60.149,24.9843,00000000fffb8cf0,27.28
6284,2019-08-04T12:41:13Z,d098b9b5b30c5fcd4ae8a2b8bc761df72829713d3ae919634876d349,60.14699,24.922,00000000a53ed894,12.69
6285,2019-08-04T12:41:13Z,d0aa228c2a3e6e1568e876cffc76874702e0f0f63f18533551bf02c1,60.16075,24.95883,00000000f1124bca,17.4
6286,2019-08-04T12:41:13Z,d150c7aba4e7419f0ddd187392a9c2a429f44fa82535fb594c48ff55,60.16897,24.95222,00000000aa852af1,23.56
6287,2019-08-04T12:41:13Z,d2b1a7ead9aff41a8cb3fff6b7f4ee84a780b52aae2f3838b83447fc,60.16829,24.94214,00000000afef4555,18.79
6288,2019-08-04T12:41:13Z,d3486259a51296194d20e84e88ba4588e37cf48661effba832c33ab0,60.16762,24.95415,000000006b44cce7,13.75
6289,2019-08-04T12:41:13Z,d38e88e5b926f9d1de6e326cca45116fcca11f10684c80876739c6cd,60.16075,24.95883,00000000f1124bca,7.05
6290,2019-08-04T12:41:13Z,d3a37aedae39925bda7da8e4f05a61b85904a00f88e8684006c76351,60.16829,24.94214,00000000afef4555,12.69
6291,2019-08-04T12:41:13Z,d64eda229ebb6012e59bc89eacb74918e404ce52f16b491f3d48e800,60.16897,24.95222,00000000aa852af1,9.92
6292,2019-08-04T12:41:13Z,d87210146aab139cc6640a20b428dce6ac516806a71a177b70e04f62,60.17065,24.93641,000000000f4919c9,6.46
6293,2019-08-04T12:41:13Z,d8f93f7019ced3cf8ccc2946465e8113293e75498092e982fd45bbc5,60.16762,24.95415,000000006b44cce7,10.78
6294,2019-08-04T12:41:13Z,da0c40291d3ace2273a08e3c9b87cbc15b0f03d0dba61e7c5a88dc0c,60.15432,24.9211,0000000019fb59c4,23.56
6295,2019-08-04T12:41:13Z,db6993de0692cf79ab1b8e7d86e4b5832d11f57f026a6eb339f977bf,60.14699,24.922,00000000a53ed894,11.7
6296,2019-08-04T12:41:13Z,dc15145376f4a497910c8d2231d671bf62f1918ad93938a48fdc3eb4,60.149,24.9843,00000000fffb8cf0,27.28
6297,2019-08-04T12:41:13Z,ddc8410b9e4ece4b995b789f95e526693bac176ed77092ba57355dc8,60.16762,24.95415,000000006b44cce7,3.09
6298,2019-08-04T12:41:13Z,ddd849ee86afceedd5f5582ede84380d5596c9ea304d634ab0fd0de0,60.16829,24.94214,00000000afef4555,0.28
6299,2019-08-04T12:41:13Z,de0d086ae32f87522eab31d3bc52545ed17b065889674963c0709568,60.16829,24.94214,00000000afef4555,9.92
6300,2019-08-04T12:41:13Z,de84f754a3916c8f831b0bb8ea41fc2a42cdea2794558fece3c7ae97,60.1538,24.95595,0000000038bf9618,23.56
6301,2019-08-04T12:41:13Z,e02c0f9f72e9f248a4b5df8af328e1a0132d4d8a72c1e603d14cdacd,60.18203,24.91341,00000000342570c2,16.1
6302,2019-08-04T12:41:13Z,e0df847c19b463dec6cea35494d375ce136a276c6a785936c931f60f,60.18203,24.91341,00000000342570c2,27.28
6303,2019-08-04T12:41:13Z,e1a443e10353da64728464e8a720aaf22a62b80d404f1acae1a1c6ee,60.1538,24.95595,0000000038bf9618,21.87
6304,2019-08-04T12:41:13Z,e23a6115ba872037f9b5066c9c9c966b497f449e32a2c9ceb0e55497,60.16829,24.94214,00000000afef4555,13.75
6305,2019-08-04T12:41:13Z,e306222bf5380fc0470253db978eec9c88dc8f5f5fe2c4cfc159e3c6,60.14699,24.922,00000000a53ed894,21.87
6306,2019-08-04T12:41:13Z,e34bcebfa007159f3d2adb0e62e20fcf721a221f52bdfe2a6ad77831,60.18203,24.91341,00000000342570c2,14.89
6307,2019-08-04T12:41:13Z,e35717ff07f32be5a2e1520f1855533f8dcc72cff7930c9cba9da32b,60.14947,24.91438,000000004ef3150d,7.05
6308,2019-08-04T12:41:13Z,e38f18bc3340e4884e84fdcf1f0e33a019ef2f2b9fb1430e5b3d35c3,60.16762,24.95415,000000006b44cce7,12.69
6309,2019-08-04T12:41:13Z,e3c03ee00a1bcd066f8b260cc5b9824d1118b7b7f972a818752aabc7,60.14947,24.91438,000000004ef3150d,5.41
6310,2019-08-04T12:41:13Z,e40a26f3f7468f4ac2302b45f1ed9aab7fea245ccf81d0c08072c881,60.16829,24.94214,00000000afef4555,20.28
6311,2019-08-04T12:41:13Z,e447e76c7b53157c11d5bfeb172c27332c81b5ec7f263badf5507888,60.149,24.9843,00000000fffb8cf0,21.87
6312,2019-08-04T12:41:13Z,e4b111abda6e15229c808fb72d5c0c38e2cf3abdbbb62fff5ae48e42,60.16762,24.95415,000000006b44cce7,18.79
6313,2019-08-04T12:41:13Z,e4f8eb3c654b642eaf00a350d3f55a7ec5156d7693c81bb994f49d52,60.1538,24.95595,0000000038bf9618,41.64
6314,2019-08-04T12:41:13Z,e6f4e3d1f5e01888556b077224cb4d8f88d63306fff2388e3fd997d0,60.14951,24.92138,0000000006dd41f6,12.69
6315,2019-08-04T12:41:13Z,e6f7965f2ef456f61121bcce5e466f125192e511c2af72d901307e8e,60.16762,24.95415,000000006b44cce7,23.56
6316,2019-08-04T12:41:13Z,e7cd5f775c7eea951719f351fcc25c710f857832d6f4b70a51b7b82d,60.16897,24.95222,00000000aa852af1,23.56
6317,2019-08-04T12:41:13Z,e9115410fa45db5a174eee008cae729dc69937a0e0b5a304899bf1b9,60.17065,24.93641,000000000f4919c9,20.28
6318,2019-08-04T12:41:13Z,e92eb020afcd7c1fad04690230ff8c2f005e404dd25b8dced1df30dd,60.16075,24.95883,00000000f1124bca,9.92
6319,2019-08-04T12:41:13Z,e9e19621fc5cfcfed2c808bbadc6cc6dd31e28d3c04cef8b89ca2729,60.16075,24.95883,00000000f1124bca,16.1
6320,2019-08-04T12:41:13Z,ea157e44ed100be3f782d8b3d8e5e0986079c588c9ea754b14917df0,60.16829,24.94214,00000000afef4555,4.94
6321,2019-08-04T12:41:13Z,ea2f4d9799324f4cd2a6fcda1625b65acdbab9f6b8331c26f63beec2,60.16897,24.95222,00000000aa852af1,21.87
6322,2019-08-04T12:41:13Z,eaa9924da1e700147607d5145e2b55b48b65deea922ee2e59bd1d5a7,60.173,24.92524,0000000096918cfa,16.1
6323,2019-08-04T12:41:13Z,eac6fda3a18aa9ce55b6359f5c62a044e0bcd6bc3576c8cd815acf07,60.14699,24.922,00000000a53ed894,9.12
6324,2019-08-04T12:41:13Z,eb6541383f8b12fc5476e5e2bc406933edfd211f49a1bbb93f323fa0,60.14699,24.922,00000000a53ed894,10.78
6325,2019-08-04T12:41:13Z,eb79d6eb71f039f7008c9c4ea2f36d37f03bf60bddc7867e8b337254,60.16762,24.95415,000000006b44cce7,18.79
6326,2019-08-04T12:41:13Z,ec350e26364cb676c4cdb72647f039c31e27c775e7bb8973223e5d9b,60.14947,24.91438,000000004ef3150d,9.92
6327,2019-08-04T12:41:13Z,eca02e24138faaf8fc3783b3c7a2b83fbbceaaa3ae3b5697c6c03295,60.16829,24.94214,00000000afef4555,14.89
6328,2019-08-04T12:41:13Z,ef352dcaa8317b6a3c0a02cd8908dd13da5601cc66ba65c5fd8d031a,60.14947,24.91438,000000004ef3150d,4.5
6329,2019-08-04T12:41:13Z,f00fb569fe1448dccb8e92e24b081a3164b59eb117131800780c70a9,60.14699,24.922,00000000a53ed894,13.75
6330,2019-08-04T12:41:13Z,f062cb52d49926a4fb39f723275ed60ab6c0f3bf34e0c3f9d233b7b8,60.14947,24.91438,000000004ef3150d,5.91
6331,2019-08-04T12:41:13Z,f20f951802c722181f0e90095001c49e73f84049bb105b95c97049d1,60.17918,24.95141,00000000675d5200,23.56
6332,2019-08-04T12:41:13Z,f2deba4ef84dbbc8c5d8524f6e2311183003bce4f9bfa6aef5b5ef66,60.14947,24.91438,000000004ef3150d,7.69
6333,2019-08-04T12:41:13Z,f2e063c8c25a8bec0dd6ec3924a5f59fd9694078f2f3fd5b3ea96f29,60.16762,24.95415,000000006b44cce7,14.89
6334,2019-08-04T12:41:13Z,f39827c3c7f4c833d1118043492f78e3255b6da9f4a2c000041d9b61,60.16829,24.94214,00000000afef4555,4.11
6335,2019-08-04T12:41:13Z,f3ec2366b51157150674e5ab6293bdb19e0b30ca4296fee4c97b811c,60.14699,24.922,00000000a53ed894,7.69
6336,2019-08-04T12:41:13Z,f5f7cfe177dfb0b7ebba2419ae53f70b6b5690dd98d98586004a9107,60.149,24.9843,00000000fffb8cf0,10.78
6337,2019-08-04T12:41:13Z,f6a88c4482d078d6a1d51eabc04916c6f7566cff4a16fd55f3abdef0,60.16531,24.9442,00000000fdda10fe,25.36
6338,2019-08-04T12:41:13Z,f796c9efc581b25280d4b416f8ba3aecca6ddf083e7bdad05f6e595e,60.14699,24.922,00000000a53ed894,11.7
6339,2019-08-04T12:41:13Z,f7f0caf73572bea3c08b592eeb9655b2668cfb16fd8840ca5619d84a,60.14699,24.922,00000000a53ed894,3.74
6340,2019-08-04T12:41:13Z,f81439a39740937c6cba523d5ebca87b52d69ff29fb449cf42ade4d6,60.14699,24.922,00000000a53ed894,17.4
6341,2019-08-04T12:41:13Z,f84faae0aa9ce2d1d09d270282dd81033ad1352346128534d8c3fc7f,60.149,24.9843,00000000fffb8cf0,31.5
6342,2019-08-04T12:41:13Z,f868d87b5d5a7094b60a131cd3e120c25787ebf751f7c93640b34942,60.16897,24.95222,00000000aa852af1,21.87
6343,2019-08-04T12:41:13Z,fa96854324adae88abb35afa34b2393a20338bfd8fc9602d3ce6ae8d,60.14947,24.91438,000000004ef3150d,5.91
6344,2019-08-04T12:41:13Z,fadc39da3cd26ac621092fbbff224b95bb13446c8d24bbf4f3e50e90,60.14947,24.91438,000000004ef3150d,13.75
6345,2019-08-04T12:41:13Z,fc618d570293e104f3bf927312641e3b7c65acce185b1614337d848c,60.16829,24.94214,00000000afef4555,17.4
6346,2019-08-04T12:41:13Z,fe5ca86c906b1cb3bf9dd257ceefc562e41da499878f1074484f7d42,60.14947,24.91438,000000004ef3150d,13.75
6347,2019-08-04T12:41:13Z,feb399897846bc34dc3f4b06ac4ef0ffb0db885977b88e5c5fdb7350,60.14699,24.922,00000000a53ed894,8.38
6348,2019-08-04T12:41:13Z,ff4f3e0f964f23b97e88626f7a506bb4409718931712c58ce0f247af,60.16762,24.95415,000000006b44cce7,9.12
6349,2019-08-04T12:41:13Z,ff8280896145ae17e594c52eac2cdbab47d3757d797878fbc4298596,60.1538,24.95595,0000000038bf9618,21.87
6350,2019-08-04T12:41:14Z,07d86ad98399440d0cc3bd3382a7256feb971e49a3686dc17f532e1c,60.16829,24.94214,00000000afef4555,10.78
6351,2019-08-04T12:41:14Z,14c7e1511b70f4dd3359cbece1377aebb4d70531f5489eefe53d7c3c,60.16544,24.95398,0000000038d83d41,23.56
6352,2019-08-04T12:41:14Z,1599d2c9070a6f05e1a5887c2d9209214c04818c6203fe75440734f2,60.1538,24.95595,0000000038bf9618,20.28
6353,2019-08-04T12:41:14Z,165ebbb4090d47319ae370f0d0854fdc1f6b79499f8b2e4d3c3533c0,60.16544,24.95398,0000000038d83d41,25.36
6354,2019-08-04T12:41:14Z,1d97eef1b3c15fa87ca55eca3ed0a466b3b2c09fa1268961e332a261,60.15432,24.9211,0000000019fb59c4,29.32
6355,2019-08-04T12:41:14Z,1e7ea410376fbdb3f3c476c76d23abad5d830690f78f71ea06f7e321,60.16075,24.95883,00000000f1124bca,17.4
6356,2019-08-04T12:41:14Z,211f6b7b044343d0be369791b3fa3c144d0d0f391e2a42787712efb0,60.16448,24.97323,0000000053c6c2be,14.89
6357,2019-08-04T12:41:14Z,25a7ff811c3c06e426c7c2cbb0433d9a2a3399b23afecbd35584ab0f,60.18203,24.91341,00000000342570c2,9.92
6358,2019-08-04T12:41:14Z,2d3d031189abfaea69cd551a97b2b2d056a908f19bc56701010a2304,60.16897,24.95222,00000000aa852af1,17.4
6359,2019-08-04T12:41:14Z,315af4a829b592ba99b203b8ed2cbd499769f8752dfe6de7da4ee929,60.16829,24.94214,00000000afef4555,16.1
6360,2019-08-04T12:41:14Z,3fe84a5a1e657df8910685df3a8cf779a6ebc3362fbc8e578f235ee4,60.15432,24.9211,0000000019fb59c4,7.05
6361,2019-08-04T12:41:14Z,43b676ed3aef4c2d8846694817e76117873be52e7f788e0cb366c1c4,60.16629,24.95957,00000000fb7600be,31.5
6362,2019-08-04T12:41:14Z,44d0b94469070803869f229601e877beb613c3f5aafa009addf97a1a,60.16544,24.95398,0000000038d83d41,18.79
6363,2019-08-04T12:41:14Z,4a1efc9faf9548fe0ed72037d54a131265a72e61fdfc2009a4e9408a,60.16075,24.95883,00000000f1124bca,25.36
6364,2019-08-04T12:41:14Z,5d65719c4cbf045f068d084b72302f447d5fd034413d97d13be00d0e,60.18203,24.91341,00000000342570c2,20.28
6365,2019-08-04T12:41:14Z,5eed115a984d490b02b602d73787aee8dc8c4e9365b77fbff3818a76,60.16629,24.95957,00000000fb7600be,21.87
6366,2019-08-04T12:41:14Z,653a92a7828f2c43bc74899753f872e8b93c30b6fb419b651a94bbc1,60.16897,24.95222,00000000aa852af1,23.56
6367,2019-08-04T12:41:14Z,69219e9efa41ae9e732653e9eaf08e1a34cb853a9dafe76ddeea4d04,60.16897,24.95222,00000000aa852af1,17.4
6368,2019-08-04T12:41:14Z,6a70e2fbced719333e21eff04fcb9cb36bae9a04d1a3d6ddd96f2c58,60.15432,24.9211,0000000019fb59c4,4.5
6369,2019-08-04T12:41:14Z,6f06341f358e61699fe1e55e986dd0554bc8da28b91daf0c5ad99db6,60.16629,24.95957,00000000fb7600be,25.36
6370,2019-08-04T12:41:14Z,70d8572458a1a103555bab897b6443e601e0ed211414b15ad0b56f60,60.16544,24.95398,0000000038d83d41,27.28
6371,2019-08-04T12:41:14Z,747f2d1ebff218c0ebbdc0fdaef4cbe56633dfb46ae1b1f8c8142201,60.16762,24.95415,000000006b44cce7,17.4
6372,2019-08-04T12:41:14Z,7678cdb86d454ca9ae52f22d97e635106585a3a046d01da4463695cc,60.18203,24.91341,00000000342570c2,18.79
6373,2019-08-04T12:41:14Z,79f136afa0dd8717337c01c70b457c464aaf0fa25b440f51a394ec23,60.16762,24.95415,000000006b44cce7,17.4
6374,2019-08-04T12:41:14Z,85ef35aecf2ff804be3d958b592705ec41c6df9c128c132c65bb283d,60.16897,24.95222,00000000aa852af1,21.87
6375,2019-08-04T12:41:14Z,87dfaad29a9276ddddb1fa021d3bc23ad14824c1af16f7d87e713689,60.14951,24.92138,0000000006dd41f6,12.69
6376,2019-08-04T12:41:14Z,88808fe92573e9cdf022cc15b9689b6b4b9429f60513c8897b0ba4c7,60.16897,24.95222,00000000aa852af1,13.75
6377,2019-08-04T12:41:14Z,89982a6acf91b79a282a6b63978e946ee205f303fcd20e944e06baf0,60.16544,24.95398,0000000038d83d41,23.56
6378,2019-08-04T12:41:14Z,8c3b1ed0846e38cc84b863a80540c8a75bfd85c8bdda36563d153110,60.16544,24.95398,0000000038d83d41,25.36
6379,2019-08-04T12:41:14Z,8c75c3289c84fe4493e1e272a77b615fe1985880c5dc68a7c1a17b53,60.16762,24.95415,000000006b44cce7,13.75
6380,2019-08-04T12:41:14Z,9843c6216661048343a0e49cf3d8aa2883cf77f452666a1c873a1052,60.16448,24.97323,0000000053c6c2be,14.89
6381,2019-08-04T12:41:14Z,9bc8068948a5b881e1bded553efe012fe129e3e4df62f64a6724917e,60.16829,24.94214,00000000afef4555,23.56
6382,2019-08-04T12:41:14Z,a8f8130135c784b027355228017bbfe99e5a6eecec153d44b78bedd3,60.16829,24.94214,00000000afef4555,12.69
6383,2019-08-04T12:41:14Z,a91d379a4b57c5df22db0d7a041ff69f657b4b31f28554b1011fc03c,60.16544,24.95398,0000000038d83d41,50.98
6384,2019-08-04T12:41:14Z,acd2647d413f41552b31b6e383da445c8902bc2a764d2b7791a7b164,60.16762,24.95415,000000006b44cce7,14.89
6385,2019-08-04T12:41:14Z,af807b67ce09a2ce1744025c421961213f1608ca658ece4df69555a1,60.16762,24.95415,000000006b44cce7,17.4
6386,2019-08-04T12:41:14Z,b3d30798e4605a05b11dfff0f3fe01c2e8e16ac491fdb956f128ff23,60.14947,24.91438,000000004ef3150d,10.78
6387,2019-08-04T12:41:14Z,b5fd6b317890e5ab2d79e2cd1abe61626d45a753c7337d0d40728898,60.16762,24.95415,000000006b44cce7,11.7
6388,2019-08-04T12:41:14Z,bb98768dad0f7c52cf643f035a3e7e48f5cfe28557c66f2a75914b31,60.14699,24.922,00000000a53ed894,13.75
6389,2019-08-04T12:41:14Z,bcb0201b0a1edf350ae2f681076e7d2d48ebd94c075bd3ca59552020,60.16897,24.95222,00000000aa852af1,10.78
6390,2019-08-04T12:41:14Z,be41ebc5fb0d348fc1ef1166d44251c3112a78a4ea01aa980364ee7c,60.14699,24.922,00000000a53ed894,12.69
6391,2019-08-04T12:41:14Z,c0cdd4e99cf9447e490b5cbd5e7513df9acfcbabb8bd5117c4731512,60.16075,24.95883,00000000f1124bca,23.56
6392,2019-08-04T12:41:14Z,ca6927628f5ddda20036865c9345ad93d476d62ade3b181de568eed6,60.16897,24.95222,00000000aa852af1,23.56
6393,2019-08-04T12:41:14Z,cf05623e4d87ce0906c0b0b7dbf53aacc1228016cd27c341228b6e76,60.18203,24.91341,00000000342570c2,17.4
6394,2019-08-04T12:41:14Z,cfc0bedb78ded52749db3188cb188bf6a250ef5990da9c5afa9623fc,60.14951,24.92138,0000000006dd41f6,23.56
6395,2019-08-04T12:41:14Z,d0a50f3001c258a38880550f6c0835fcaa85f0a6d36687dc5de98f3b,60.16629,24.95957,00000000fb7600be,23.56
6396,2019-08-04T12:41:14Z,d661caec7a5da6aef734734bbf9090debe494c1afd98050f88f269bd,60.16829,24.94214,00000000afef4555,16.1
6397,2019-08-04T12:41:14Z,dcaa88e5d510f572877286b8ba0663428b2d71a50b6630460009c779,60.14947,24.91438,000000004ef3150d,5.41
6398,2019-08-04T12:41:14Z,dcb7e8bb90af70568c12a902d706c70e1ac1213e31ba074756f0a27a,60.1538,24.95595,0000000038bf9618,36.27
6399,2019-08-04T12:41:14Z,ded49640b591e73bff71f84fb99d2739eb6c9554164a015017725e03,60.16829,24.94214,00000000afef4555,16.1
6400,2019-08-04T12:41:14Z,e8690c2d1711bc10f2d1251a3b5b1e770b98c66c384760400c604de1,60.16829,24.94214,00000000afef4555,20.28
6401,2019-08-04T12:41:14Z,e8e366e76c97944e23c0f80b4fd3ce6e5832744922297146a49f0c7e,60.16762,24.95415,000000006b44cce7,14.89
6402,2019-08-04T12:41:14Z,e96bd269a48b822b06141c3362fcb6d5ed4d0d09a120f2e4a712d5c2,60.16897,24.95222,00000000aa852af1,17.4
6403,2019-08-04T12:41:14Z,ed70dda6b7faebd4340dacdb452ab224d9d3c308df417b7fa76f54e8,60.14951,24.92138,0000000006dd41f6,23.56
6404,2019-08-04T12:41:14Z,eee5797db5c3753514933a12e2485caee4ee5803b4d830ba1c22e5c5,60.14947,24.91438,000000004ef3150d,6.46
6405,2019-08-04T12:41:14Z,efa8e25ea4c5ed441c13cffe6302f0a18f60181c6ede8e013f75a44c,60.16829,24.94214,00000000afef4555,11.7
6406,2019-08-04T12:41:14Z,efffdbe497ad2fa39b57c75ffd33c8f0ae621c4ef6154dcb169e5937,60.16075,24.95883,00000000f1124bca,21.87
6407,2019-08-04T12:41:14Z,f088630d7476dae7d4b7e2bb1f10575f2c89acb4b6e061f3d57c2b40,60.16531,24.9442,00000000fdda10fe,21.87
6408,2019-08-04T12:41:14Z,f29ea15113ac0eea0be8ec41c633909de4b0b9ab6c7b9898b128080c,60.16897,24.95222,00000000aa852af1,20.28
6409,2019-08-04T12:41:14Z,f405a7c4a3a4339f8e3f7e552f6492d6eed76f7d08c54943286213de,60.16762,24.95415,000000006b44cce7,14.89
6410,2019-08-04T12:41:14Z,f6609ab1076b1105bb845595a03b41b8fbb282f79c337df5bbc9f841,60.14699,24.922,00000000a53ed894,12.69
6411,2019-08-04T12:41:14Z,fc4f3a44235f1cfc7b53f14ba2da599976a5a0a220d23b852688e485,60.17919,24.95181,000000007b5207b6,27.28
6412,2019-08-04T12:41:14Z,009ad4cd2bd97e04da44cc9789e6bdbdb899eded61d05b7d5634b7be,60.16829,24.94214,00000000afef4555,3.74
6413,2019-08-04T12:41:14Z,00bdb07c0f4f75c71196362c269c9f652c66cf7d3f3c2d89843af063,60.16629,24.95957,00000000fb7600be,16.1
6414,2019-08-04T12:41:14Z,017a141d3e3811f35ced343c0b6d13a99f60c79d17afffa0cf0dd3b9,60.14699,24.922,00000000a53ed894,20.28
6415,2019-08-04T12:41:14Z,02978cd5cb7127a718d3d775079ab940a3e81885ce6106495cca5ee4,60.1538,24.95595,0000000038bf9618,23.56
6416,2019-08-04T12:41:14Z,032e5d7621738a50c9e742e0cba13c819f7c67cedf8687f3ab25595c,60.16762,24.95415,000000006b44cce7,14.89
6417,2019-08-04T12:41:14Z,036c183505fea646b54aeb0c612913cafba94eca65e47d3c6d840a68,60.17919,24.95181,000000007b5207b6,14.89
6418,2019-08-04T12:41:14Z,0479a26a59d65bf1dee05c06f4227a0ba63a6e9c9a09e7c34f2e06b4,60.14699,24.922,00000000a53ed894,16.1
6419,2019-08-04T12:41:14Z,04b5d29c48edaaf4904a98e412562e3c0d857eb20342cc7c323d4293,60.16762,24.95415,000000006b44cce7,7.05
6420,2019-08-04T12:41:14Z,05d441c83d2df822feaf93d7861452db7a201f22d84cfa36f421dfd2,60.16544,24.95398,0000000038d83d41,17.4
6421,2019-08-04T12:41:14Z,0745a2141a9beee786a347d3ee1b071719fd2f4abfeeab7f5248c0ad,60.14699,24.922,00000000a53ed894,10.78
6422,2019-08-04T12:41:14Z,076c28c1895ef1919c11113113c12655c546fc90a00800e5ebec5b56,60.14699,24.922,00000000a53ed894,9.92
6423,2019-08-04T12:41:14Z,08171a3d6565fe801fb5288c1100877c6835f5c3c9039afaebfa1cf1,60.149,24.9843,00000000fffb8cf0,31.5
6424,2019-08-04T12:41:14Z,0851ab74be2e888decf0046825f09ed302f7b2275e72b09b5b713d85,60.16829,24.94214,00000000afef4555,9.12
6425,2019-08-04T12:41:14Z,0a0acb70a8ef92be52a64d4425e70bb2f7a17d13942c3382c9d68878,60.149,24.9843,00000000fffb8cf0,2.54
6426,2019-08-04T12:41:14Z,0a5ed50daf13dd10744537aa851ac7ab1d34d9797ec6ab6e2402aebb,60.16762,24.95415,000000006b44cce7,4.11
6427,2019-08-04T12:41:14Z,0a862920946d7a0dcbee7c1cf28a7b77c57763261788dbd361ed6409,60.14699,24.922,00000000a53ed894,18.79
6428,2019-08-04T12:41:14Z,0aabf0df4c3c5b45bb8950c92dbe624985f19e8650ed61f92571a65a,60.14699,24.922,00000000a53ed894,7.05
6429,2019-08-04T12:41:14Z,0acb4bd7319729fea4acf035921d1136d86a307a60b4444669cede1a,60.14699,24.922,00000000a53ed894,12.69
6430,2019-08-04T12:41:14Z,0b0dd9af9d52c68ff71ce266d6707abbb0f56c3c63be0f83f7b5df9b,60.16762,24.95415,000000006b44cce7,5.91
6431,2019-08-04T12:41:14Z,0d0e661499ff245b29cce6a0bee9d4716c35738590a43b289dbfbe0e,60.1538,24.95595,0000000038bf9618,23.56
6432,2019-08-04T12:41:14Z,0d3525b13d674f1645fdbe6d842fe37b2f416889c5472e9dfcc5445c,60.14947,24.91438,000000004ef3150d,2.8
6433,2019-08-04T12:41:14Z,10a99e791e27975dc1c9d73d3163cabacf3bd7bd05a4f7abf6365426,60.14699,24.922,00000000a53ed894,14.89
6434,2019-08-04T12:41:14Z,10caaea8002e8b3b342b32710efdd7305ff375ca1cdc01411f66b2f6,60.14699,24.922,00000000a53ed894,16.1
6435,2019-08-04T12:41:14Z,119268a2b328b466959e99158efc17d07641daf2eab0785f813707f9,60.16762,24.95415,000000006b44cce7,7.69
6436,2019-08-04T12:41:14Z,120a63917cb5ab619bf9a71328f14020736ee84e75d5b37278748def,60.16897,24.95222,00000000aa852af1,13.75
6437,2019-08-04T12:41:14Z,121345c4cf0d0f18c684c4eb22e496ac6f8fb537ec2f3812f6966b67,60.16762,24.95415,000000006b44cce7,12.69
6438,2019-08-04T12:41:14Z,124cce476184e061b136f481014a2abc7208d30e4e520ffd90c85adb,60.17002,24.94407,000000006b087f40,12.69
6439,2019-08-04T12:41:14Z,126ff8aee22cf123572b51282d01680aea0dac78d907b5100c430c50,60.14947,24.91438,000000004ef3150d,31.5
6440,2019-08-04T12:41:14Z,128df515b075ffc54794d311944f31b9b1c1132d182943a9880e5bc0,60.16544,24.95398,0000000038d83d41,29.32
6441,2019-08-04T12:41:14Z,12bf044abd7bbc406ad00d85c23d66d7464c84745bdcc47827185b3a,60.16897,24.95222,00000000aa852af1,13.75
6442,2019-08-04T12:41:14Z,13bcedb8c59b26417282929d81844b272c7c5bc295614f531219a8e4,60.14947,24.91438,000000004ef3150d,11.7
6443,2019-08-04T12:41:14Z,13ee67fb034e3d24edc9a9618e9d6de24979ebbcb399f83abb02a897,60.14699,24.922,00000000a53ed894,2.3
6444,2019-08-04T12:41:14Z,1423891c6ee1edc7da83904378a35aef2e5797db95b117651d676934,60.16762,24.95415,000000006b44cce7,2.3
6445,2019-08-04T12:41:14Z,1496ce9cf373a2a508a8ab0b7aa0604dd889fd69483881c3752219af,60.14699,24.922,00000000a53ed894,9.12
6446,2019-08-04T12:41:14Z,1515fbb735095b233eea332bf40cff9995758e9bd0ad60218875554b,60.14699,24.922,00000000a53ed894,16.1
6447,2019-08-04T12:41:14Z,15ee12e5f9be00a79b0cbbc9912f51cbfa3e486624567e1bde938fb6,60.1538,24.95595,0000000038bf9618,18.79
6448,2019-08-04T12:41:14Z,161aa798c2a18e132fb27ecded773218ea4e42eabbd0e5794b1d7017,60.15432,24.9211,0000000019fb59c4,21.87
6449,2019-08-04T12:41:14Z,171a752ceacd35c6e27c36e67da80ba960a246c0977f0bdca139a472,60.14699,24.922,00000000a53ed894,9.12
6450,2019-08-04T12:41:14Z,17af6ab252328066d6b13406084507dfa7a7f6db3030872e7f87223d,60.17065,24.93641,000000000f4919c9,18.79
6451,2019-08-04T12:41:14Z,17e4b5d55ec761fb5cac2dc65f0cad9247d8daf6bcc2dfff59eb8ee2,60.15432,24.9211,0000000019fb59c4,31.5
6452,2019-08-04T12:41:14Z,1882b53729765cca25bc63400074242872d6fbc57882f131285b277f,60.16829,24.94214,00000000afef4555,13.75
6453,2019-08-04T12:41:14Z,1aacd77e1fdbe1544cf1ab29a00642d77ce4a075e388e8a2108aa39b,60.16829,24.94214,00000000afef4555,20.28
6454,2019-08-04T12:41:14Z,1ad0b84716a79851fa8db7a993012f0c8e496d6cba9d028a546285a2,60.16897,24.95222,00000000aa852af1,17.4
6455,2019-08-04T12:41:14Z,1b3fba902b8d1538b508cdc228fd15fdd87f5aecb68e5611b1a4e354,60.16762,24.95415,000000006b44cce7,3.4
6456,2019-08-04T12:41:14Z,1bcef866fafad7c7460a084e0b0d27c087b549f4ae704390708be47e,60.149,24.9843,00000000fffb8cf0,7.69
6457,2019-08-04T12:41:14Z,1c669457535e4635f732c228ec524f9d2c440b0d2132fa1acd93122a,60.16897,24.95222,00000000aa852af1,20.28
6458,2019-08-04T12:41:14Z,1c7ccd5d6570d98e57ef2ebbd716b7504b138f9bb616fbeaa0d1a268,60.14699,24.922,00000000a53ed894,9.12
6459,2019-08-04T12:41:14Z,1de29ffd9360fbbeaef5c65201b5536524df17375122c5d2462b37ca,60.14947,24.91438,000000004ef3150d,27.28
6460,2019-08-04T12:41:14Z,1e24a2120b13c780dbb3a67a73f5058d1847f126fd5f5952e6dddcd3,60.16075,24.95883,00000000f1124bca,17.4
6461,2019-08-04T12:41:14Z,1e63d2090b520af23ca3d2c9a05047dc0b0c63f7471b86e9d9f3e7cc,60.16629,24.95957,00000000fb7600be,29.32
6462,2019-08-04T12:41:14Z,1f74037ecab4dbdc5db1a8dc8b583a86630f86a5f2d0a5167b7fa605,60.18203,24.91341,00000000342570c2,25.36
6463,2019-08-04T12:41:14Z,1f81ed7274add201d3059d4a37e2bbe86b6ae1f0fd42a16d7b8dccaa,60.14699,24.922,00000000a53ed894,11.7
6464,2019-08-04T12:41:14Z,1faaaeff6423708e06d94b904af4be93e399939fbdfd3b3091dc8bd2,60.15432,24.9211,0000000019fb59c4,29.32
6465,2019-08-04T12:41:14Z,203a0c145a43c9a18f8c2a5ba4e18882e7430662bb4ac0e56ab37578,60.17065,24.93641,000000000f4919c9,17.4
6466,2019-08-04T12:41:14Z,203ea7cefd45873084263df2b0f41ad7b2e8878222fb6a53c263c534,60.16829,24.94214,00000000afef4555,13.75
6467,2019-08-04T12:41:14Z,20ac7b2ace7c0038aa8df01b9281a9c54f1551fc8ab9b662b1f1ca22,60.18203,24.91341,00000000342570c2,18.79
6468,2019-08-04T12:41:14Z,21bdc11bb63fb48c9d4b5308540ee5df579c9a385001a10fceeeedf3,60.14699,24.922,00000000a53ed894,20.28
6469,2019-08-04T12:41:14Z,21eb94b10f042f4f21566d3ee27d800fb6d899071739c0c5c1fa7af0,60.14699,24.922,00000000a53ed894,12.69
6470,2019-08-04T12:41:14Z,21eed3ade733687b8f56fade8290819b7c6b4a9f38468979fe692c3e,60.16762,24.95415,000000006b44cce7,7.69
6471,2019-08-04T12:41:14Z,2204ba387d2db0e7d2ca03f7ace46abff8d141668b73c75a1879d7ba,60.14947,24.91438,000000004ef3150d,3.74
6472,2019-08-04T12:41:14Z,229664948f3619e8fc978e65f10afd7b0165ae975dc7f70d018dfad7,60.16762,24.95415,000000006b44cce7,20.28
6473,2019-08-04T12:41:14Z,22fe9a06fba1036e8eafd726bc450095b1893be067f475e1882bb704,60.14699,24.922,00000000a53ed894,8.38
6474,2019-08-04T12:41:14Z,231026899a6d5b326cb5b1e38b182ca1acb77c7e27bc2378973b29db,60.16629,24.95957,00000000fb7600be,10.78
6475,2019-08-04T12:41:14Z,23337c2812924a07e4f0bbc92e56d1f85ea40208b6b987f4afc686cf,60.16897,24.95222,00000000aa852af1,12.69
6476,2019-08-04T12:41:14Z,244b51aa4a7059ba782925258111c295aa4de9596025c55ccd5580ac,60.16829,24.94214,00000000afef4555,8.38
6477,2019-08-04T12:41:14Z,247f8b2fe544f61677fce4b7f300f6be0c3fa9f5a9f057cc0a4b2111,60.16762,24.95415,000000006b44cce7,14.89
6478,2019-08-04T12:41:14Z,250f7cf6c6d1296e84c45fb8621a0704eb5243471980b5187dc40cdd,60.14699,24.922,00000000a53ed894,7.69
6479,2019-08-04T12:41:14Z,2607d1b2fc6e31a80348fffbed68a7d3a8e0212f197f2d1c573c587b,60.14947,24.91438,000000004ef3150d,1.88
6480,2019-08-04T12:41:14Z,269124e75b1e74a7c7dc93b778e02f04d0a53e069a90081c0938ee4c,60.14699,24.922,00000000a53ed894,11.7
6481,2019-08-04T12:41:14Z,27d4452dcae7c8e389fc21669cb3ccaedac87d45d4b1a50131c939e4,60.16762,24.95415,000000006b44cce7,7.69
6482,2019-08-04T12:41:14Z,28b43564f7156b67db7cb7b779e948986d7610f921490f9030379704,60.16897,24.95222,00000000aa852af1,9.12
6483,2019-08-04T12:41:14Z,28d2c3282e9f8fec67baec7992dcd800c45b67071e33cb118905a6b3,60.16829,24.94214,00000000afef4555,4.94
6484,2019-08-04T12:41:14Z,2969cdb120f2d285c556abfe5bac2f8090571f61aba227a474a534d2,60.17065,24.93641,000000000f4919c9,9.12
6485,2019-08-04T12:41:14Z,2e2f4d1ad9ddc47800b58bfd6c1f08de22fdaa2157ec5f3f817246bf,60.16448,24.97323,0000000053c6c2be,17.4
6486,2019-08-04T12:41:14Z,2ee2e108ed9051b1ccf4d3ee89931dfd53170af0b558fa6579b83e8d,60.15432,24.9211,0000000019fb59c4,14.89
6487,2019-08-04T12:41:14Z,2f08dbfbbe5577f04ea9826f72d5452ddf5fd9bb892769382ea5a4ca,60.16762,24.95415,000000006b44cce7,9.92
6488,2019-08-04T12:41:14Z,30c55d5011d0f6c901437a130dbe2653c7ae0cceee3b0a242394152c,60.14947,24.91438,000000004ef3150d,13.75
6489,2019-08-04T12:41:14Z,32708990f2c831e65f70f2682baf5188fc93348b9a9e78ada8db2bf4,60.14947,24.91438,000000004ef3150d,5.91
6490,2019-08-04T12:41:14Z,32f77f5019e5fce30881c214487361e2e34b8c93277f6e546de72012,60.1638,24.96846,00000000d747f075,31.5
6491,2019-08-04T12:41:14Z,33634cb1e3fc5d4a621e8717d203da8533ed27531a70c6cbe3abf3fa,60.16762,24.95415,000000006b44cce7,2.08
6492,2019-08-04T12:41:14Z,33ec502792a84f23fed03cf16e483d153c65e2850a2549f47034726a,60.16762,24.95415,000000006b44cce7,5.41
6493,2019-08-04T12:41:14Z,3459042c03cbb672a039f7f14a6b99b84f839b0598f9e48bf4dd95f5,60.14699,24.922,00000000a53ed894,8.38
6494,2019-08-04T12:41:14Z,348d0f13ec830589831a973041803bc7b6c0f0b5f6e5a84e47f292d3,60.17002,24.94407,000000006b087f40,25.36
6495,2019-08-04T12:41:14Z,34fddf0f4ea194b9720451d11a9de76225577536681d4f4b0a00b860,60.16829,24.94214,00000000afef4555,4.94
6496,2019-08-04T12:41:14Z,352427714fc6e8591df6bd227dde05d3b7ba0881742eee4ae750dcc4,60.15432,24.9211,0000000019fb59c4,20.28
6497,2019-08-04T12:41:14Z,358d7986d5bf2a0624fb1412a157b3c7b12f90653457e15a76bbdf50,60.16629,24.95957,00000000fb7600be,12.69
6498,2019-08-04T12:41:14Z,35a958343879c000cfc3f0c01afbc7d54934265828677bf4aefef84f,60.14699,24.922,00000000a53ed894,11.7
6499,2019-08-04T12:41:14Z,35e6e075578d7a51e510bf8904bde33f1d117264eea0917db98d4808,60.16897,24.95222,00000000aa852af1,14.89
6500,2019-08-04T12:41:14Z,3721331dbb97151d17938ed835ffc7208eba26fba6100c62870a3a4f,60.14947,24.91438,000000004ef3150d,2.8
6501,2019-08-04T12:41:14Z,37945fa4e7409fab98aa8bde45081f5bd083def0059485274ad552c0,60.17919,24.95181,000000007b5207b6,9.12
6502,2019-08-04T12:41:14Z,38e15f5aeb58c22ca456fc4d3a14f3b4d9f1fac43de070d2565eb1d3,60.16897,24.95222,00000000aa852af1,20.28
6503,2019-08-04T12:41:14Z,39310ebca1ad756aa2bfcb16c912cb7003ef3e7286a1f037603ade61,60.14699,24.922,00000000a53ed894,7.69
6504,2019-08-04T12:41:14Z,3947448981743bba23cc04bed3d6f79a1d9dc07531b31299398463ef,60.16762,24.95415,000000006b44cce7,23.56
6505,2019-08-04T12:41:14Z,39f03a3a5fd777feee270921a7f51daec12ea679b542b0aaf2e808d7,60.149,24.9843,00000000fffb8cf0,21.87
6506,2019-08-04T12:41:14Z,3abc507346480858d62b69d6e29c3b0700ac193520668e17a4ce7cbb,60.16762,24.95415,000000006b44cce7,14.89
6507,2019-08-04T12:41:14Z,3af48668fcfc51b261558246e08ae2f7f3bb9d4252e908e38c9db003,60.14699,24.922,00000000a53ed894,12.69
6508,2019-08-04T12:41:14Z,3b73bf57d223bcb9b930ee8619e6603e52485b221389c64d85614baf,60.16897,24.95222,00000000aa852af1,16.1
6509,2019-08-04T12:41:14Z,3be48824225ca9f2aea5653f6ce21181a76e67a8d4b8361f0cba1f8a,60.14947,24.91438,000000004ef3150d,8.38
6510,2019-08-04T12:41:14Z,3e4965f1ed580ddf80246b1b78cbc55b73c11d67573d9cede2a7ccf7,60.16829,24.94214,00000000afef4555,25.36
6511,2019-08-04T12:41:14Z,3f395809cdaaaa1688c7d1cc770079bbf7ef1349e148bec5c8eacd57,60.16762,24.95415,000000006b44cce7,10.78
6512,2019-08-04T12:41:14Z,3f78229668030150fc4e03aed54ed23a2f6ac9c23a0c9bc0d6da03f4,60.16531,24.9442,00000000fdda10fe,27.28
6513,2019-08-04T12:41:14Z,3ffe89aa6ab1e57883e21fa8f15969f46a5f487bccb2b993eadb3cfb,60.14699,24.922,00000000a53ed894,10.78
6514,2019-08-04T12:41:14Z,409be16c4d34b9e76ac22ea0e8e282da3e9d169fe77ff5ea52a72883,60.14699,24.922,00000000a53ed894,17.4
6515,2019-08-04T12:41:14Z,4126e6b01e07a8de94eb8b87f02ad2bdab1a191c8c0312dd1141a9eb,60.15133,24.92329,00000000e8a064a4,41.64
6516,2019-08-04T12:41:14Z,4157eed3f2574f5f9b1f7c3ccc1c36e181e82585ec5d491a1aedc6c9,60.16762,24.95415,000000006b44cce7,16.1
6517,2019-08-04T12:41:14Z,429295e322e9f143f79e9a6340e4974858aa9aa2f5ed6e8512dd00cd,60.14699,24.922,00000000a53ed894,13.75
6518,2019-08-04T12:41:14Z,42d4eb6044091814f327d0b01dc9ae701506417af1a8ab7f4161650d,60.14951,24.92138,0000000006dd41f6,18.79
6519,2019-08-04T12:41:14Z,42da4298ed9f522421f17714e024d9b8fe22e7546df3deeb8b139bd3,60.16075,24.95883,00000000f1124bca,7.69
6520,2019-08-04T12:41:14Z,431375be6b9405ef55878f3aa0bb5dd6a35db8ba650a2bce05081c49,60.14947,24.91438,000000004ef3150d,8.38
6521,2019-08-04T12:41:14Z,4533d27e96c5c6637ddff4243672d658fea4004970652882357105a9,60.14699,24.922,00000000a53ed894,10.78
6522,2019-08-04T12:41:14Z,457d11209b95b153efb57d8f2641f2db0823e91a0d608fa0555a5b69,60.14699,24.922,00000000a53ed894,13.75
6523,2019-08-04T12:41:14Z,459ee564ad7aca128b70ae089395378da384eb1ff35cefde7d7f5736,60.16829,24.94214,00000000afef4555,27.28
6524,2019-08-04T12:41:14Z,4602ff9d03f6bf4fbb82976098cc1c73e7a7e754050401c772d1406e,60.14947,24.91438,000000004ef3150d,16.1
6525,2019-08-04T12:41:14Z,467a01a257fbaad22bd4aebafc8f284c9ad3effc429475e57c214e9d,60.14699,24.922,00000000a53ed894,6.46
6526,2019-08-04T12:41:14Z,47b8aba771bed6ec3a7d57932c44fe859bcf6300054b3acc9d885105,60.14947,24.91438,000000004ef3150d,5.41
6527,2019-08-04T12:41:14Z,47bc9ff9097f9ef5f1862e48b4a42f6a9ddd30c4ef2b6eb43291a7a5,60.14699,24.922,00000000a53ed894,17.4
6528,2019-08-04T12:41:14Z,47cde44e4ddbf6c70162fa882eee962e7c3e2a037b650294ec46568f,60.14947,24.91438,000000004ef3150d,2.08
6529,2019-08-04T12:41:14Z,485500f74e8398df6fa143c6f1e9e4e4c1acefd7d7941804739cb4fb,60.16829,24.94214,00000000afef4555,7.05
6530,2019-08-04T12:41:14Z,48f665ebb1a71b0d84fc02bd71918c5ab5608328db534639cbd2a255,60.14947,24.91438,000000004ef3150d,7.05
6531,2019-08-04T12:41:14Z,4926fec57d2640e18cb9d46deb64eba0255ca71b93116f4ae21e4288,60.16829,24.94214,00000000afef4555,17.4
6532,2019-08-04T12:41:14Z,4a565a7be2bb822523480c6ca86154a466bf189290f87a0ef118f8b7,60.149,24.9843,00000000fffb8cf0,17.4
6533,2019-08-04T12:41:14Z,4b1050cc517631e36206d3528399c0b14748daec8c7d1b5dfa412299,60.15432,24.9211,0000000019fb59c4,7.05
6534,2019-08-04T12:41:14Z,4b85388cdaec2b4c15b546160ee326d9668a5e5d3c7b08d0c539946e,60.17919,24.95181,000000007b5207b6,17.4
6535,2019-08-04T12:41:14Z,4bf75585466f0aafa2ed2956fe4b0f7235b4ba3a0606a52219b3156c,60.14699,24.922,00000000a53ed894,16.1
6536,2019-08-04T12:41:14Z,4cadc8cc23fd84febb6a8383030a34c97b3388a8c9ed7a64cc0f51a6,60.14947,24.91438,000000004ef3150d,27.28
6537,2019-08-04T12:41:14Z,4d35f03f4cb1cd21fbb173af8af5be5e233c63882fda53232da315f0,60.14699,24.922,00000000a53ed894,11.7
6538,2019-08-04T12:41:14Z,4d7150fb2eb8468dc51f12b2de4a3610a7eb79c7352449ed92531f0e,60.1538,24.95595,0000000038bf9618,33.81
6539,2019-08-04T12:41:14Z,4ebdb6165c5d4892cdc21711313b98b1545bececfb886192c6f0ef22,60.16762,24.95415,000000006b44cce7,9.12
6540,2019-08-04T12:41:14Z,4efc969b8b738c051c221bf9d7829089b44cec23dd378fd86e7fb8be,60.173,24.92524,0000000096918cfa,17.4
6541,2019-08-04T12:41:14Z,4f4940c5c77737c5b8f2fbd5a1b65886ea5f6e0e4fcd50447e11ce21,60.16075,24.95883,00000000f1124bca,17.4
6542,2019-08-04T12:41:14Z,50cb63669a1534d5187e4e76c7b10e57705b61e8237469a9afd253b8,60.16762,24.95415,000000006b44cce7,17.4
6543,2019-08-04T12:41:14Z,50e21d119f102cee2afe3ac7f1a32032527638769b05aca582d6ecb1,60.16762,24.95415,000000006b44cce7,7.69
6544,2019-08-04T12:41:14Z,514a3981fad6c695ac4940f09374b5d1c2e84d2ca835084ef8707714,60.16075,24.95883,00000000f1124bca,7.69
6545,2019-08-04T12:41:14Z,51b3c7870a399165f0d1d14f7d21688df32b0360f9cc6f3ca61890d8,60.16829,24.94214,00000000afef4555,12.69
6546,2019-08-04T12:41:14Z,52072bd384eaaf4a6958af5510ed039d194dee47f34667bc7bccbe0e,60.14699,24.922,00000000a53ed894,9.12
6547,2019-08-04T12:41:14Z,5263c8fd413ee308494f18228802330e278acc648b425bb454951db5,60.16075,24.95883,00000000f1124bca,3.74
6548,2019-08-04T12:41:14Z,5274280f7558ea562d9ce825000efc025d2de6b91c62614cb68df2b1,60.14947,24.91438,000000004ef3150d,16.1
6549,2019-08-04T12:41:14Z,52939581c6c8dd3407dbf44ea9e90471e4bbadfb7e3740a0ba8324f3,60.14699,24.922,00000000a53ed894,16.1
6550,2019-08-04T12:41:14Z,52f0e69ca7a5cebe604c1f32308dc7f8870d1d85cd4b25ad17f706e9,60.14699,24.922,00000000a53ed894,5.41
6551,2019-08-04T12:41:14Z,53f1f84f2f1f0ea7eb59dd269d86fae99cc25ee089a48f249de1aaec,60.16897,24.95222,00000000aa852af1,16.1
6552,2019-08-04T12:41:14Z,552e7d20be831c5ebfa503ba78ed542d6ece4ecad264308d5dc37a31,60.14699,24.922,00000000a53ed894,23.56
6553,2019-08-04T12:41:14Z,5554305bad43a71cf98d83e92708c7474c1efc189392c1ea94231e9c,60.16531,24.9442,00000000fdda10fe,3.09
6554,2019-08-04T12:41:14Z,560205233dc9b13886248fb6e54ee21dc3b287080072641e01e08dac,60.16075,24.95883,00000000f1124bca,16.1
6555,2019-08-04T12:41:14Z,56b8eace741e5227a40ea0a64601a737648080c63d6240b0dca632c4,60.16075,24.95883,00000000f1124bca,13.75
6556,2019-08-04T12:41:14Z,570dc61d53aec66ede39dfde66339640878453afc00cd1a55c60bca7,60.16544,24.95398,0000000038d83d41,17.4
6557,2019-08-04T12:41:14Z,571934189bf349efb6f596e76c21612cf9b82ed44913090169936048,60.17065,24.93641,000000000f4919c9,11.7
6558,2019-08-04T12:41:14Z,57f88614f91a133004ac1a6dea31a4090f899646a5f62ece691d87af,60.16762,24.95415,000000006b44cce7,9.12
6559,2019-08-04T12:41:14Z,584cb0b0cdd14e608c8b57c8aecc9826f9b40027e365e2438a444ea2,60.16762,24.95415,000000006b44cce7,11.7
6560,2019-08-04T12:41:14Z,5b102c62b98f29bd801e4dd0e9ddbc113db3faa38d59990b9ba5e9ec,60.173,24.92524,0000000096918cfa,23.56
6561,2019-08-04T12:41:14Z,5c160268bc9b4b619181ce421d9e58c258e6b59a342945fc29f0004b,60.14947,24.91438,000000004ef3150d,10.78
6562,2019-08-04T12:41:14Z,5d70086d53447ee393249cef33c7bae814c1d7c2e3055fc91b38786c,60.17919,24.95181,000000007b5207b6,11.7
6563,2019-08-04T12:41:14Z,5e53be1d47b3cceeb6ea9406c75327379c8ee8abc68da605b7758e85,60.14947,24.91438,000000004ef3150d,5.91
6564,2019-08-04T12:41:14Z,5e7916ca910b02abf2d19906759663c23db63950a353fa546f55c8af,60.14699,24.922,00000000a53ed894,7.69
6565,2019-08-04T12:41:14Z,5ea49ba4de68e03664ec3a87f5de32434d7136b4f8323f022ff9df5b,60.16829,24.94214,00000000afef4555,10.78
6566,2019-08-04T12:41:14Z,5f8465618c3713e34c747dd001e384e4b03b6e1550968c74a1c7a832,60.16762,24.95415,000000006b44cce7,20.28
6567,2019-08-04T12:41:14Z,6035eadbad92ef954f3cc58996e2cdacac2aab108cca21a86f5cf589,60.17002,24.94407,000000006b087f40,20.28
6568,2019-08-04T12:41:14Z,60d5c11436b72dd4eb673f606bddc3f8f36675342cba015b9297155f,60.16448,24.97323,0000000053c6c2be,23.56
6569,2019-08-04T12:41:14Z,60d9b71ec38b796bf876dedfaf3112b49ff79677480c7603902857ae,60.14947,24.91438,000000004ef3150d,17.4
6570,2019-08-04T12:41:14Z,614ab7fba7255f6bf6f888e9a04d589962f756b3f427e658f10014f2,60.16075,24.95883,00000000f1124bca,5.91
6571,2019-08-04T12:41:14Z,61dadc3bed7f3dda70dbe12fc6914b30c863945805046f66f43ec9a7,60.14947,24.91438,000000004ef3150d,20.28
6572,2019-08-04T12:41:14Z,62a6fe2d9b3b5b4533c51253f8842428bd797b3c6a95a7816ec472ed,60.14947,24.91438,000000004ef3150d,3.74
6573,2019-08-04T12:41:14Z,634257ded5cc6c04eb832d437b55777b10829352768dadef19d3f64c,60.15432,24.9211,0000000019fb59c4,31.5
6574,2019-08-04T12:41:14Z,63a87f20dbfd068c086129312c165b6e9b1da2ea6c999be1dd1b8391,60.16762,24.95415,000000006b44cce7,14.89
6575,2019-08-04T12:41:14Z,63d99db5b2b7360c501446ea5e89feba9bd1c6735a7670039916f2ad,60.1538,24.95595,0000000038bf9618,29.32
6576,2019-08-04T12:41:14Z,63defb71d4c3856253a0a2d67a5c370b91ad0527703b334a63fe5344,60.14947,24.91438,000000004ef3150d,10.78
6577,2019-08-04T12:41:14Z,643ef3f01a51bea3c4510d4060a945cd510e5189236d68f5c9489034,60.16829,24.94214,00000000afef4555,2.3
6578,2019-08-04T12:41:14Z,64638a9f9e6c9b32fc4b484b55e4934fcab6cb04605cc76d5f5534b7,60.17065,24.93641,000000000f4919c9,10.78
6579,2019-08-04T12:41:14Z,64d86288e491374eed34c68c82763c2e5dbc87113cf5ca44f23233ba,60.16829,24.94214,00000000afef4555,11.7
6580,2019-08-04T12:41:14Z,64e34af775b57908b23056a31d60ef3b005941f2e7c3db0c49df675d,60.17065,24.93641,000000000f4919c9,13.75
6581,2019-08-04T12:41:14Z,6503762f2cac51cc2b74da1efa6b16583ed11c9a528d7716b7829c0b,60.16829,24.94214,00000000afef4555,11.7
6582,2019-08-04T12:41:14Z,651f9b318df5377987b240a35093e4a3fb2db0e83b4b5e012f9f7178,60.16897,24.95222,00000000aa852af1,25.36
6583,2019-08-04T12:41:14Z,6525cc634176c25187e68e0d067bcfecfd78e399e93db4ee9d408b7e,60.17919,24.95181,000000007b5207b6,31.5
6584,2019-08-04T12:41:14Z,655204cb507ea9ae811105cdcd766161facaa9f729017a333f102391,60.149,24.9843,00000000fffb8cf0,12.69
6585,2019-08-04T12:41:14Z,65de3b8621fadfc61e9d3657dc477ea9867f9d093f80cf0857dcad88,60.16762,24.95415,000000006b44cce7,13.75
6586,2019-08-04T12:41:14Z,6688790e10cbf0805c8bdc210412ed75d7999e61029da0b7ba29458e,60.16829,24.94214,00000000afef4555,25.36
6587,2019-08-04T12:41:14Z,6723bebaab92d1a9f8b4318fd4f497a6dec6d7f8e0eafca443925213,60.16075,24.95883,00000000f1124bca,7.69
6588,2019-08-04T12:41:14Z,67591d427f60ba3c369ac0d78088fca7be33081501508d16401dd6cb,60.16762,24.95415,000000006b44cce7,3.74
6589,2019-08-04T12:41:14Z,675eacdf32b5b831fd118fc5539eea4b3cef4bd11e2e1706a9571222,60.16829,24.94214,00000000afef4555,3.4
6590,2019-08-04T12:41:14Z,6774ed72eaf69d7c4aaeeef90990f969954155bbcc52652e75e7deef,60.16829,24.94214,00000000afef4555,9.12
6591,2019-08-04T12:41:14Z,677c53ae4056d6cb123ca576ba5284664b1c7e3e88818bd19b5dd99a,60.17919,24.95181,000000007b5207b6,23.56
6592,2019-08-04T12:41:14Z,6875e3632a29207e29ded33617e66d55de5d8c7804fecedd6f1dfe12,60.14699,24.922,00000000a53ed894,5.91
6593,2019-08-04T12:41:14Z,69375ef968867906fc11b34d1e2c4b436d452cd47cb577a7f9e566ef,60.16762,24.95415,000000006b44cce7,8.38
6594,2019-08-04T12:41:14Z,698b200b63a644828a7314691a16af2af1bccef75d52abb5591a5542,60.14699,24.922,00000000a53ed894,6.46
6595,2019-08-04T12:41:14Z,69f1de5049f5731749defe893b8ae9ada4f5f788a994b8f7413ef657,60.17002,24.94407,000000006b087f40,16.1
6596,2019-08-04T12:41:14Z,6b6668d7ebecfb96a6ed3ca19e97f8da150943ddf1d034675d08a9b8,60.14699,24.922,00000000a53ed894,21.87
6597,2019-08-04T12:41:14Z,6b97071051ccf5db7e5ebee033d4f68d58ed6917ff2fac5b205a6605,60.17065,24.93641,000000000f4919c9,11.7
6598,2019-08-04T12:41:14Z,6c7e018abdf8462af7c7b003bc30f915184f7082e9e865a2c502eed5,60.14699,24.922,00000000a53ed894,7.69
6599,2019-08-04T12:41:14Z,6f3dd17e40daabb4efe868f1b859dc00ecc01846f0a0e2b8db5d1413,60.17919,24.95181,000000007b5207b6,20.28
6600,2019-08-04T12:41:14Z,6f6063a58dd89d886f4a0cacb0ef8b0727f25dddf0ce9e45813dd08b,60.17002,24.94407,000000006b087f40,29.32
6601,2019-08-04T12:41:14Z,6fdfc33c6b609ea80b4a38ecf657bc68b7bf659752b51edcc22ffb54,60.16762,24.95415,000000006b44cce7,10.78
6602,2019-08-04T12:41:14Z,70c56152af84cf1bad4d19b0cb31202232b4cd4320ce5ea48895e42b,60.14947,24.91438,000000004ef3150d,9.12
6603,2019-08-04T12:41:14Z,71479e7c1c4fd96468f16800ff04484480c76e0953d2074500b0df31,60.17919,24.95181,000000007b5207b6,16.1
6604,2019-08-04T12:41:14Z,737779d5b545043aa16af1ca616beeb1b5dfae5e6e1d4a789d7b316d,60.16762,24.95415,000000006b44cce7,16.1
6605,2019-08-04T12:41:14Z,738ce77abafd1ca6f80e6f28e84d1b1886db4cfda3be6ffcdf52c1b1,60.14699,24.922,00000000a53ed894,10.78
6606,2019-08-04T12:41:14Z,745e52dafbfa395ea41c5fcd0c2717b9091e44d19ab89e03991fdbb7,60.16762,24.95415,000000006b44cce7,9.92
6607,2019-08-04T12:41:14Z,74a878d7b0f9bdc972ea66d8945447a7cc0ce8c1cbee6fa6470470cb,60.16629,24.95957,00000000fb7600be,25.36
6608,2019-08-04T12:41:14Z,759f94c852ff15ca91c3138913c3858c4801702f8f0514ae82fb2a19,60.16897,24.95222,00000000aa852af1,13.75
6609,2019-08-04T12:41:14Z,7664b7f08aaa059ecf6646a595c33fae0c80715febe63e31f45a4662,60.16762,24.95415,000000006b44cce7,7.69
6610,2019-08-04T12:41:14Z,777cceac7be6303a1c82f7cc68061528b01e3aa1b3aa6481cad9e5e3,60.16075,24.95883,00000000f1124bca,7.05
6611,2019-08-04T12:41:14Z,77a12194b9a6789f4b2b8c07ae7fce3c2b531cb221e5fa7ca5deae55,60.16897,24.95222,00000000aa852af1,9.92
6612,2019-08-04T12:41:14Z,79bb1e615a834d4f653cec7efc45ad5b4bbedf2a83c55b44c586ad0a,60.14947,24.91438,000000004ef3150d,4.5
6613,2019-08-04T12:41:14Z,79bde23c1a8980f93a65e14306f0d8ea89e164430d8b991e2bfee82e,60.16531,24.9442,00000000fdda10fe,12.69
6614,2019-08-04T12:41:14Z,79d26f15a82c94ac5d05e0f2b6a6beeae1f407972ec39665d7ab9535,60.16829,24.94214,00000000afef4555,1.01
6615,2019-08-04T12:41:14Z,7a4a06d20ebe57d94e5fceeaf47d5b56ad9a515818e9c20e21a80e61,60.16629,24.95957,00000000fb7600be,12.69
6616,2019-08-04T12:41:14Z,7a97375000483176c3b37cc0d1744a950d9b322ce3534208fce0b21d,60.14699,24.922,00000000a53ed894,7.69
6617,2019-08-04T12:41:14Z,7ab335e046f7f3597f8f615a90857885e35cfecefebd5d24bbf0af90,60.16075,24.95883,00000000f1124bca,9.12
6618,2019-08-04T12:41:14Z,7ad93fed82e41ea4422fa101badc698b0328c3ebf0f6b73c5164d438,60.16897,24.95222,00000000aa852af1,10.78
6619,2019-08-04T12:41:14Z,7af6672e274ebe27cdb785373a857fc5bcad92a386c36dbe3221d4f4,60.14947,24.91438,000000004ef3150d,11.7
6620,2019-08-04T12:41:14Z,7b61dc50070867948abbe5275032ae82e7643ca4158a809fe41a8b69,60.14699,24.922,00000000a53ed894,12.69
6621,2019-08-04T12:41:14Z,7d85ddf11c6bc0fefabdb00f6e37abd4f4f62ced6ce2f2031b44795e,60.17002,24.94407,000000006b087f40,17.4
6622,2019-08-04T12:41:14Z,7d9a3d84c09c3a8d6876389e216e0278048d6b924890fb275a078ffb,60.16531,24.9442,00000000fdda10fe,0.84
6623,2019-08-04T12:41:14Z,7e76449e59f1e3a1a615b54408115353fbb14d815390d03a73b1a7bb,60.14947,24.91438,000000004ef3150d,16.1
6624,2019-08-04T12:41:14Z,7f786ec8e06f1ca3bdd10fc60d0114baf354125b8f6cf796d197f4cc,60.16075,24.95883,00000000f1124bca,3.74
6625,2019-08-04T12:41:14Z,80cbcb887f3e351e3bef7c5f53dccc578cc3494feec514aed7015c0d,60.16075,24.95883,00000000f1124bca,5.91
6626,2019-08-04T12:41:14Z,80cc39b04598f971820e63498fd27ae72a12a45a60c220fe625b282a,60.14699,24.922,00000000a53ed894,14.89
6627,2019-08-04T12:41:14Z,82411c6526228322a61f59259f13adf7cde62bd767587b6735867705,60.17919,24.95181,000000007b5207b6,9.12
6628,2019-08-04T12:41:14Z,83073c017c8293e4b6eab781fbc2147fafa144d33b3618abd1ae5d90,60.17065,24.93641,000000000f4919c9,27.28
6629,2019-08-04T12:41:14Z,842590c105033000cdd09b5f0e51f990329cbd8720b91931d82e30e1,60.16448,24.97323,0000000053c6c2be,29.32
6630,2019-08-04T12:41:14Z,848fdb054358a3fca79c0246f01263c92b5b48aee6b9fb6e260d7a0b,60.16829,24.94214,00000000afef4555,20.28
6631,2019-08-04T12:41:14Z,849a662d95d4185421aff7c6213ba5d7b84cfc58c9fb30ff34054e4c,60.16075,24.95883,00000000f1124bca,17.4
6632,2019-08-04T12:41:14Z,857f5ab05809fdb94740616b8d6662aa2458c4a6009e6f717f8933fb,60.17002,24.94407,000000006b087f40,20.28
6633,2019-08-04T12:41:14Z,859b417d0b562f5c4ab33c3877c95cd7cbb332db91dcd0f4e7a4f3b6,60.14699,24.922,00000000a53ed894,8.38
6634,2019-08-04T12:41:14Z,85d66944a64cfde859e7e08ca4b79f3b39d5b03141d500fe7ce73f7e,60.14699,24.922,00000000a53ed894,13.75
6635,2019-08-04T12:41:14Z,85d67c3be46ecb66832dfd9090a931e1be3dd056f718ea6786622131,60.16897,24.95222,00000000aa852af1,27.28
6636,2019-08-04T12:41:14Z,868cd7608ed6beb209db2aad8c71f56b8aec3a6b453be18e4af217a2,60.17065,24.93641,000000000f4919c9,27.28
6637,2019-08-04T12:41:14Z,87cbb5265cd1cc3213ddb5ed9ed2a599ddb7db0b0747121d649b0ae3,60.16544,24.95398,0000000038d83d41,17.4
6638,2019-08-04T12:41:14Z,885bcc6af7d0aa9718fe1030e32ffff1de5171ae5ef67cf0011874fb,60.14947,24.91438,000000004ef3150d,5.41
6639,2019-08-04T12:41:14Z,8947a5209f3b32173d3dc72792039edf94a2711741ab041b62b30643,60.16762,24.95415,000000006b44cce7,4.11
6640,2019-08-04T12:41:14Z,896f7e896dc6f1ea44b82bf968a988cc10c358ee34821d9d7a4bd07a,60.14947,24.91438,000000004ef3150d,12.69
6641,2019-08-04T12:41:14Z,8a08b2de43a9ef03cf96610718c908e69dcacc59f536a7135b7bb542,60.16629,24.95957,00000000fb7600be,8.38
6642,2019-08-04T12:41:14Z,8a9eedc7cf775ab4e9ad2e20bdcbcbe1635808b418eedcdcceda7834,60.16762,24.95415,000000006b44cce7,11.7
6643,2019-08-04T12:41:14Z,8b641985c793a3f25a45b2460cb01f5baa6f339c6dd26ba7752d8a7a,60.16897,24.95222,00000000aa852af1,9.92
6644,2019-08-04T12:41:14Z,8ba6cfc17ca70e8304994e018ebd5eb2003177062cde05925d5cacb3,60.173,24.92524,0000000096918cfa,21.87
6645,2019-08-04T12:41:14Z,8d528b00553162a9dd47d2296d15b2fad89aad6a508424d4589618a1,60.14947,24.91438,000000004ef3150d,4.11
6646,2019-08-04T12:41:14Z,8d5672c651968bf1f466b44baefa37f9438850e96140d126f6a99baf,60.16897,24.95222,00000000aa852af1,36.27
6647,2019-08-04T12:41:14Z,8d73f674010f5cb02e8f20251ed86a9afcb7f6b3926039470296bd00,60.17065,24.93641,000000000f4919c9,20.28
6648,2019-08-04T12:41:14Z,8d8a869e83fe2ac29e791666634a33af3ea4048ea4e752b6fb1e238c,60.14947,24.91438,000000004ef3150d,5.41
6649,2019-08-04T12:41:14Z,8dcf139eb279bcc2696420ba9da858e361600ff02cd29587f66660ec,60.16897,24.95222,00000000aa852af1,16.1
6650,2019-08-04T12:41:14Z,8edd2176e127f8d3baff43afa20a9869b1e3a4f6df8a0930b52064d1,60.14699,24.922,00000000a53ed894,14.89
6651,2019-08-04T12:41:14Z,8f9026cfff0b3ccd2e7a22e5767bee52b08ab5630d1c6ac046bf7f39,60.16544,24.95398,0000000038d83d41,21.87
6652,2019-08-04T12:41:14Z,9023a89a49a372e5f97cf86ef1b5de0164eb67cc10d394d383ab75fd,60.16829,24.94214,00000000afef4555,9.12
6653,2019-08-04T12:41:14Z,920dc90f60b295267f63efc8f968408087b71878dc3f49f0ded1c41e,60.17919,24.95181,000000007b5207b6,25.36
6654,2019-08-04T12:41:14Z,926717d61529080dfc4c7f8cdcdc82c6490d2a5129474524b8c40ea4,60.16829,24.94214,00000000afef4555,12.69
6655,2019-08-04T12:41:14Z,93a2100e233b204243f7e69b68dea7c9a145d1b5384bd18359bf87a3,60.16531,24.9442,00000000fdda10fe,2.54
6656,2019-08-04T12:41:14Z,93b7794683a373ac7ce9476d49419c2ee26e67b474370e561be167b2,60.14699,24.922,00000000a53ed894,20.28
6657,2019-08-04T12:41:14Z,93e409819362e2429a43710ff4330bd3ed83011b73ae438dd7fb62d8,60.16762,24.95415,000000006b44cce7,9.12
6658,2019-08-04T12:41:14Z,9575ef1c44f26f0301d726029c8b1c28011a4724496943451bee6544,60.14947,24.91438,000000004ef3150d,5.41
6659,2019-08-04T12:41:14Z,958ab5fd2d2c7f0c3fe6dc14fe27005fcf35b013db75f708c22a3619,60.16762,24.95415,000000006b44cce7,13.75
6660,2019-08-04T12:41:14Z,9604244c18efd5978b809f021651f7743e0e64da38fcf3718f9b4f93,60.14699,24.922,00000000a53ed894,9.92
6661,2019-08-04T12:41:14Z,97264f5808fa13851dacabf0c98525eec29849ff4b6a744cc777fd5b,60.16075,24.95883,00000000f1124bca,16.1
6662,2019-08-04T12:41:14Z,9736a8a29aee134a307e0cd4221e9b0a2ab7c48befee43fc62e9f9bd,60.14699,24.922,00000000a53ed894,4.94
6663,2019-08-04T12:41:14Z,98162c76493f6310ae46e45562327ad94182de391f9651985aae487d,60.16762,24.95415,000000006b44cce7,17.4
6664,2019-08-04T12:41:14Z,9862cafd709b75d07c83b397773e0cf33564666cb81814bdbf5e54f2,60.16897,24.95222,00000000aa852af1,17.4
6665,2019-08-04T12:41:14Z,987d01417bcff2d7f663704309df2ebdcdb035da3ddb085fab0cf928,60.16829,24.94214,00000000afef4555,18.79
6666,2019-08-04T12:41:14Z,9885627881a266e5cf401516e009049e859d738e2e019be570f4b4d8,60.16448,24.97323,0000000053c6c2be,27.28
6667,2019-08-04T12:41:14Z,98bb3b6f5e2403b14b8e01616c07b03bb1fd153ded656033d7bd3533,60.16075,24.95883,00000000f1124bca,25.36
6668,2019-08-04T12:41:14Z,994b630283c750a0b697359e32c4bd06d5b4a32d2edb6c12cce42b32,60.16829,24.94214,00000000afef4555,20.28
6669,2019-08-04T12:41:14Z,99753600aa90a43c336153dd03985a2996b7bc6052086f503020518c,60.14699,24.922,00000000a53ed894,13.75
6670,2019-08-04T12:41:14Z,9a9db814dfa74ca2c2d51496299715310e81c6e6525cc9d2cb0762eb,60.16897,24.95222,00000000aa852af1,14.89
6671,2019-08-04T12:41:14Z,9b03b610755f4cec2e9d83a9763204e758a075614b125210bc914df5,60.16075,24.95883,00000000f1124bca,23.56
6672,2019-08-04T12:41:14Z,9b8a48b949de8c2f6b09fb1d8e45b6266e4c76b514c2d08d1d53642b,60.14699,24.922,00000000a53ed894,31.5
6673,2019-08-04T12:41:14Z,9ba6f9fb8bb950d16224b4182d3c3d8349a0f50619be329c165417e0,60.14947,24.91438,000000004ef3150d,9.12
6674,2019-08-04T12:41:14Z,9bf3ff1ceaac2bd8666ae6a5c19e0180def5b27c0cf5fcf8b770595d,60.14699,24.922,00000000a53ed894,13.75
6675,2019-08-04T12:41:14Z,9bf4a5d763fa921335be6c141a0c9fd769fcb2f4c5b40b85a1c99c71,60.14699,24.922,00000000a53ed894,11.7
6676,2019-08-04T12:41:14Z,9e3d4a4b1acd94d2896cd7cf56419110f06ea96faae37aadebd4ec77,60.14947,24.91438,000000004ef3150d,16.1
6677,2019-08-04T12:41:14Z,9ff13c715073d5ad9c464cb67b6de3f703435cf389c32cce5626dfe1,60.149,24.9843,00000000fffb8cf0,23.56
6678,2019-08-04T12:41:14Z,a01d7427dcaa19c3efac1cde116c3751db11d6cf2838d0509704616a,60.14699,24.922,00000000a53ed894,18.79
6679,2019-08-04T12:41:14Z,a0db7e8063bede2dd55c2c6cf5111932617ecace670ff65314a7d349,60.16629,24.95957,00000000fb7600be,27.28
6680,2019-08-04T12:41:14Z,a22736c5d66f417bc6b745f51492549dc2e5a3c766f5e7e23f183b41,60.14947,24.91438,000000004ef3150d,7.05
6681,2019-08-04T12:41:14Z,a38a21a97a054541f0423f03758c70227116c05254958373e3e93ad0,60.14947,24.91438,000000004ef3150d,7.05
6682,2019-08-04T12:41:14Z,a3d228482bfdd3dbdfaee1ff72b6ac00c2ee8c05e949047ce9117783,60.14699,24.922,00000000a53ed894,4.11
6683,2019-08-04T12:41:14Z,a422a30ec1eb058c7930e1352297c161639faa5b3ca5f5fa47c4adb3,60.14947,24.91438,000000004ef3150d,4.11
6684,2019-08-04T12:41:14Z,a4f416ec0941bb365e3665d7fd224fad15d74225e8ce9f6dd6368bc7,60.17065,24.93641,000000000f4919c9,23.56
6685,2019-08-04T12:41:14Z,a590e9fb8960943273ead07320590436c531fbaf32e54f7db42f1f19,60.16629,24.95957,00000000fb7600be,25.36
6686,2019-08-04T12:41:14Z,a6f944078dd26796f5a849ccb6fdf8a4436f913cf3302597c846462d,60.16762,24.95415,000000006b44cce7,6.46
6687,2019-08-04T12:41:14Z,a7472d1b63171c047444981df223670390009e3ea502132d9963e9fb,60.14947,24.91438,000000004ef3150d,10.78
6688,2019-08-04T12:41:14Z,a76d219c3abcc4ec3a54dd834263f9a24972c71be4c7bbbfc663f22f,60.14699,24.922,00000000a53ed894,11.7
6689,2019-08-04T12:41:14Z,a7a7f84e910c87d01420156efca1675f2f263a8f7f1212bb161e73f3,60.14951,24.92138,0000000006dd41f6,25.36
6690,2019-08-04T12:41:14Z,a8bd45406d5913e098652d4c2d836339758e08d21bf5d88becabdd36,60.14947,24.91438,000000004ef3150d,20.28
6691,2019-08-04T12:41:14Z,a8df2631c2442628608c1f0352c896eb532a6ca08c85de2c77360aa8,60.14947,24.91438,000000004ef3150d,11.7
6692,2019-08-04T12:41:14Z,a96e9a3805def174e6ededa93b88ce312739d9d68941dffdeca03e9f,60.16762,24.95415,000000006b44cce7,7.69
6693,2019-08-04T12:41:14Z,aa076c3f0d09145aebbb750dde9849ba4eb6759e92ba5753280184d6,60.16762,24.95415,000000006b44cce7,9.92
6694,2019-08-04T12:41:14Z,aa5773b59ce2bf1eee53e4e77cd3c261465d2ea538c9a85b8de30cd8,60.14947,24.91438,000000004ef3150d,14.89
6695,2019-08-04T12:41:14Z,aa6d51fc5411b69567cb854360c4a81267eac19446946eb27618306a,60.14699,24.922,00000000a53ed894,16.1
6696,2019-08-04T12:41:14Z,acdcc8ae1d1c6bb055dfc108154eae58b4b894f0ce1ff174c1065c7e,60.16762,24.95415,000000006b44cce7,3.09
6697,2019-08-04T12:41:14Z,ad8af809ed47a3391bb53d11da159b3a8b0ddc264d94c049ce72bda0,60.17065,24.93641,000000000f4919c9,0.23
6698,2019-08-04T12:41:14Z,ae87b8dd8920695bc9e599874667205991c04e30666d8523f0be4350,60.14947,24.91438,000000004ef3150d,18.79
6699,2019-08-04T12:41:14Z,aebba42e4dd1ce769871996739978c7f80bb88994a3616c908b2cd1a,60.173,24.92524,0000000096918cfa,25.36
6700,2019-08-04T12:41:14Z,aec4b11f0b1ec075878ca4a3b94da464f6fc96e330b913d5bfd346b0,60.16897,24.95222,00000000aa852af1,9.12
6701,2019-08-04T12:41:14Z,af64ca430076b1e91eeb89134e0e026479928845cbe1943bc56104c2,60.14947,24.91438,000000004ef3150d,14.89
6702,2019-08-04T12:41:14Z,b0a20a40885487350aaf5c8f46dab27d4d7e1d5c24fefec54c0c62d4,60.16829,24.94214,00000000afef4555,18.79
6703,2019-08-04T12:41:14Z,b11910a4d628e08056481b347d9a80d6edb23f1f2612beaa24606c8b,60.16762,24.95415,000000006b44cce7,11.7
6704,2019-08-04T12:41:14Z,b12b27061f30d5659794f14cbed5e4726c5af1ef526611d3b2dded29,60.14947,24.91438,000000004ef3150d,10.78
6705,2019-08-04T12:41:14Z,b255261b4f367acbf68fac08700949f13001dfe40901f75ec4a321a9,60.16897,24.95222,00000000aa852af1,29.32
6706,2019-08-04T12:41:14Z,b3d99c04e3db6b698e6e54f19434461336954d0c15385bff6e557be8,60.173,24.92524,0000000096918cfa,23.56
6707,2019-08-04T12:41:14Z,b41cc64d7ab4e16a03573bdc3b5863c4b402ec66c7780c7900c02877,60.16829,24.94214,00000000afef4555,12.69
6708,2019-08-04T12:41:14Z,b523d3f8341906e4b3877ff7d9614b4e10d6bbf10afdcc6c53656c8f,60.17065,24.93641,000000000f4919c9,10.78
6709,2019-08-04T12:41:14Z,b5d90bc33c7307b83a6f38469ffe13897d3ce5962c7c9299bbe61fe5,60.14699,24.922,00000000a53ed894,14.89
6710,2019-08-04T12:41:14Z,b7039958be9f53a3eaed97f705a1974815f52f25226e920155397bec,60.16075,24.95883,00000000f1124bca,10.78
6711,2019-08-04T12:41:14Z,b7867e052453c9caa213f48b033624b744187f4cd77c2418cf9d7b79,60.14699,24.922,00000000a53ed894,18.79
6712,2019-08-04T12:41:14Z,b82ba472f0cb919b39c31b9c737f1608f6a31ffa63352768f9fa12ea,60.16829,24.94214,00000000afef4555,21.87
6713,2019-08-04T12:41:14Z,b936adc4821ac74aa643564d0b86e3858f1ec392e3f43e92427d7edc,60.14699,24.922,00000000a53ed894,17.4
6714,2019-08-04T12:41:14Z,b9c0ac0bb7310d92c296a8870603ebd12c0c632cfc2a1fa33092b337,60.16762,24.95415,000000006b44cce7,9.12
6715,2019-08-04T12:41:14Z,ba9825bb3cfae6aeb29833f0a11189802065c73f8e541b2bcb5b572f,60.14699,24.922,00000000a53ed894,16.1
6716,2019-08-04T12:41:14Z,bb0193f2b0ac4801fe82ed5cec75e687465d707d92e731047f81650f,60.1538,24.95595,0000000038bf9618,2.8
6717,2019-08-04T12:41:14Z,bbe1e18f88cf88928067a0221965768c1f2ae264291cea564d7eb7e8,60.16897,24.95222,00000000aa852af1,14.89
6718,2019-08-04T12:41:14Z,bbf8cd606b9732370f1c0ae0e68d6d0663a23102d831dd10c0e74819,60.16897,24.95222,00000000aa852af1,11.7
6719,2019-08-04T12:41:14Z,bc07df8cc395f6f4f5d483b2233caca5f93a6918f346e4cc3702f8cc,60.16531,24.9442,00000000fdda10fe,17.4
6720,2019-08-04T12:41:14Z,bcf688ec2e666179e52a495a8304dd7aaaf4acad52788a0929b287a2,60.14699,24.922,00000000a53ed894,14.89
6721,2019-08-04T12:41:14Z,be21a77f983baae8e0ba646eda0988a618149dcc7ef4c303c35d5377,60.14947,24.91438,000000004ef3150d,6.46
6722,2019-08-04T12:41:14Z,bebf1edb9736fe66391376c4cf2a3033ab9fa83ae21f86b66392e2d0,60.16762,24.95415,000000006b44cce7,10.78
6723,2019-08-04T12:41:14Z,bf2e5725b255e320f1e8375ec03f55194f1fd9f751be9629d873a5c8,60.14699,24.922,00000000a53ed894,2.08
6724,2019-08-04T12:41:14Z,bf992d3cd95a73f02d7223eaffe90a94e3e1e98a8c6759bab631b5b0,60.14947,24.91438,000000004ef3150d,9.92
6725,2019-08-04T12:41:14Z,c0722f63618f97eb8ec4afac1a8538b81a3c87e623d753ad1201bf7c,60.16075,24.95883,00000000f1124bca,16.1
6726,2019-08-04T12:41:14Z,c0a0ca3433586ed2ae0e448f2406fabac7292ac79d49562e0bd5cef8,60.16762,24.95415,000000006b44cce7,11.7
6727,2019-08-04T12:41:14Z,c18a638a8f7d2d4e67c538d49830623f943f762f4942350ba7358441,60.173,24.92524,0000000096918cfa,23.56
6728,2019-08-04T12:41:14Z,c1a7c2ca724966977fb5960bdc91f2763ac8cbb95c33a1d4e0b7bd68,60.16897,24.95222,00000000aa852af1,21.87
6729,2019-08-04T12:41:14Z,c1e4323d2276cb6e358f5fabb123294e7a0ef87e7169f3cccc8f2e03,60.16075,24.95883,00000000f1124bca,17.4
6730,2019-08-04T12:41:14Z,c2e68a89f4417a1bdd76939a6291e77506d114d019fba9e438f48c9f,60.16544,24.95398,0000000038d83d41,18.79
6731,2019-08-04T12:41:14Z,c36d58ed0e0dddb3e26be1214e369db1c3fa3d4bcf8b53536a25239b,60.17065,24.93641,000000000f4919c9,2.08
6732,2019-08-04T12:41:14Z,c3b2521faf0f7ae79434e40e86c59699d399444b775c7619f6e73e36,60.16075,24.95883,00000000f1124bca,23.56
6733,2019-08-04T12:41:14Z,c3be6dcc2c0542676c20d28ce38adbe2c0b9be09caa3f22e60210636,60.16075,24.95883,00000000f1124bca,13.75
6734,2019-08-04T12:41:14Z,c3e5ee20ca76f7347fda00c4c2fdee291bc6d843a879b26fbdd70390,60.17065,24.93641,000000000f4919c9,16.1
6735,2019-08-04T12:41:14Z,c493415e869d6e6304841784a120f994272b83557256b43e44e4f3e0,60.14699,24.922,00000000a53ed894,7.05
6736,2019-08-04T12:41:14Z,c551d554f64ffda092ce6c4a6715f0ed438c9649f7676b2944f1ea2f,60.14699,24.922,00000000a53ed894,9.12
6737,2019-08-04T12:41:14Z,c593e91b10da944a20d25c4237bda2fae759d288cea38bcaaee3abfa,60.16448,24.97323,0000000053c6c2be,27.28
6738,2019-08-04T12:41:14Z,c633a260ce59bad4e1ca42f12936ed8ae57a40f5e6528dfb70052c43,60.16897,24.95222,00000000aa852af1,7.05
6739,2019-08-04T12:41:14Z,c6b973b57d5574eb3341b3141a5ba2b28f477ae9e702ab4ae701cc0d,60.14699,24.922,00000000a53ed894,20.28
6740,2019-08-04T12:41:14Z,c728eaa7734efeabe7f33c782081caa960fcced68160e285ee477916,60.14699,24.922,00000000a53ed894,14.89
6741,2019-08-04T12:41:14Z,c90216654c3f7c2e3af7070a6d4971c17195f6f95e696ce1b74a83f6,60.14699,24.922,00000000a53ed894,12.69
6742,2019-08-04T12:41:14Z,c905a50dedd9b3d2114cde9160b7adf83adc09683b65598ce24c4047,60.1538,24.95595,0000000038bf9618,20.28
6743,2019-08-04T12:41:14Z,ca507a06be040b3e520339b63d5bd15463a1862124c4bd940d936e4a,60.16762,24.95415,000000006b44cce7,11.7
6744,2019-08-04T12:41:14Z,cb3f05d5604f5532e039e6d40514b13aba8f6274d952bb17a8b801fc,60.15432,24.9211,0000000019fb59c4,23.56
6745,2019-08-04T12:41:14Z,cbc336691f17a9c508549e03d522166247a0cd0a944321c1a7d15525,60.14699,24.922,00000000a53ed894,14.89
6746,2019-08-04T12:41:14Z,cbd334d06c16786ddc543b71b34da6278d203ac72606f0f9275e0936,60.16829,24.94214,00000000afef4555,17.4
6747,2019-08-04T12:41:14Z,cce6b6f309e43e2bb1be6a9784582a82891e976d0869d01040586d27,60.14947,24.91438,000000004ef3150d,5.41
6748,2019-08-04T12:41:14Z,cd3e127e27387b6e06cdf27f46fb6046e4182e4d7b49b49c17167c1c,60.14947,24.91438,000000004ef3150d,7.05
6749,2019-08-04T12:41:14Z,cd47b9ac851ce6b21df7b8e918554b0cb1a12d03da7e0aaf14e19314,60.14947,24.91438,000000004ef3150d,16.1
6750,2019-08-04T12:41:14Z,cd4ecd3b83630f6e5d65f635804e47a1ceb82853aac36af30044f06a,60.149,24.9843,00000000fffb8cf0,18.79
6751,2019-08-04T12:41:14Z,cd7adf181633a4e8b9c1131a4a73db3b495cff134b9b44a04502a968,60.15432,24.9211,0000000019fb59c4,33.81
6752,2019-08-04T12:41:14Z,cd93ba6049a24990376069c22e8ffe887f6c95af9d4bf16f8c65e949,60.16544,24.95398,0000000038d83d41,38.87
6753,2019-08-04T12:41:14Z,cd9b2be9ffb37c8b7c5c25f587c95b1c7932a21fb245487ea2f740d9,60.14699,24.922,00000000a53ed894,6.46
6754,2019-08-04T12:41:14Z,ceb777dafa9b7e39125b89735b7f0cf22c3018eb0196043ac8160370,60.14699,24.922,00000000a53ed894,10.78
6755,2019-08-04T12:41:14Z,cef1d06a10cfa08bcaef8b36535c2ec32c756a76cc0d5c2a1246f933,60.14699,24.922,00000000a53ed894,16.1
6756,2019-08-04T12:41:14Z,cfa42322be0000cf89d8969d1b88ace0ba99cab721dd58d55d41a36e,60.17065,24.93641,000000000f4919c9,14.89
6757,2019-08-04T12:41:14Z,cfc2a688ff31fbb1baac8790fb6d56dc7746ba2cf9e0e5f39d4751a4,60.14699,24.922,00000000a53ed894,6.46
6758,2019-08-04T12:41:14Z,d03671e2aa8386fb28a425b20505ceed966063990d65611e2dfda4f2,60.16075,24.95883,00000000f1124bca,27.28
6759,2019-08-04T12:41:14Z,d098b9b5b30c5fcd4ae8a2b8bc761df72829713d3ae919634876d349,60.14699,24.922,00000000a53ed894,18.79
6760,2019-08-04T12:41:14Z,d0aa228c2a3e6e1568e876cffc76874702e0f0f63f18533551bf02c1,60.16075,24.95883,00000000f1124bca,31.5
6761,2019-08-04T12:41:14Z,d0cab2a2660dcc5cb99a9bdf39d2e6b31b7498985db1b50e48cb478d,60.18203,24.91341,00000000342570c2,20.28
6762,2019-08-04T12:41:14Z,d3486259a51296194d20e84e88ba4588e37cf48661effba832c33ab0,60.16762,24.95415,000000006b44cce7,12.69
6763,2019-08-04T12:41:14Z,d38e88e5b926f9d1de6e326cca45116fcca11f10684c80876739c6cd,60.16075,24.95883,00000000f1124bca,6.46
6764,2019-08-04T12:41:14Z,d3a37aedae39925bda7da8e4f05a61b85904a00f88e8684006c76351,60.16829,24.94214,00000000afef4555,5.41
6765,2019-08-04T12:41:14Z,d64eda229ebb6012e59bc89eacb74918e404ce52f16b491f3d48e800,60.16897,24.95222,00000000aa852af1,13.75
6766,2019-08-04T12:41:14Z,d87210146aab139cc6640a20b428dce6ac516806a71a177b70e04f62,60.17065,24.93641,000000000f4919c9,9.92
6767,2019-08-04T12:41:14Z,d8983a8fe916583702bb776d3d8d3cbbe9e78778fd44d07c52ad1f2d,60.14699,24.922,00000000a53ed894,23.56
6768,2019-08-04T12:41:14Z,d9e1972e6cb517827f9c355e591924449d0bbdc9bb0f5bc1f8d4f29a,60.16629,24.95957,00000000fb7600be,25.36
6769,2019-08-04T12:41:14Z,da0c40291d3ace2273a08e3c9b87cbc15b0f03d0dba61e7c5a88dc0c,60.15432,24.9211,0000000019fb59c4,18.79
6770,2019-08-04T12:41:14Z,da667dfa2d8a272a7398e186de027fabd2052052c0aad767a1c7d966,60.16897,24.95222,00000000aa852af1,20.28
6771,2019-08-04T12:41:14Z,daac051ca20430238282e179e0fe525b11ff1e8f1ace26d45b41f331,60.14947,24.91438,000000004ef3150d,8.38
6772,2019-08-04T12:41:14Z,db6993de0692cf79ab1b8e7d86e4b5832d11f57f026a6eb339f977bf,60.14699,24.922,00000000a53ed894,7.69
6773,2019-08-04T12:41:14Z,db9cee77723e2258651606fd447070139d95eb1138f8e56957bff8f1,60.17002,24.94407,000000006b087f40,44.58
6774,2019-08-04T12:41:14Z,dc15145376f4a497910c8d2231d671bf62f1918ad93938a48fdc3eb4,60.149,24.9843,00000000fffb8cf0,20.28
6775,2019-08-04T12:41:14Z,ddc8410b9e4ece4b995b789f95e526693bac176ed77092ba57355dc8,60.16762,24.95415,000000006b44cce7,3.74
6776,2019-08-04T12:41:14Z,ddd849ee86afceedd5f5582ede84380d5596c9ea304d634ab0fd0de0,60.16829,24.94214,00000000afef4555,0.5
6777,2019-08-04T12:41:14Z,de0d086ae32f87522eab31d3bc52545ed17b065889674963c0709568,60.16829,24.94214,00000000afef4555,9.12
6778,2019-08-04T12:41:14Z,de84f754a3916c8f831b0bb8ea41fc2a42cdea2794558fece3c7ae97,60.1538,24.95595,0000000038bf9618,23.56
6779,2019-08-04T12:41:14Z,e0df847c19b463dec6cea35494d375ce136a276c6a785936c931f60f,60.18203,24.91341,00000000342570c2,20.28
6780,2019-08-04T12:41:14Z,e1a443e10353da64728464e8a720aaf22a62b80d404f1acae1a1c6ee,60.1538,24.95595,0000000038bf9618,18.79
6781,2019-08-04T12:41:14Z,e23a6115ba872037f9b5066c9c9c966b497f449e32a2c9ceb0e55497,60.16829,24.94214,00000000afef4555,6.46
6782,2019-08-04T12:41:14Z,e341e5e3e0b4fef8c3764508293310da5922b202d791694e43069ad1,60.16544,24.95398,0000000038d83d41,9.92
6783,2019-08-04T12:41:14Z,e34bcebfa007159f3d2adb0e62e20fcf721a221f52bdfe2a6ad77831,60.18203,24.91341,00000000342570c2,13.75
6784,2019-08-04T12:41:14Z,e35717ff07f32be5a2e1520f1855533f8dcc72cff7930c9cba9da32b,60.14947,24.91438,000000004ef3150d,7.69
6785,2019-08-04T12:41:14Z,e3c03ee00a1bcd066f8b260cc5b9824d1118b7b7f972a818752aabc7,60.14947,24.91438,000000004ef3150d,7.69
6786,2019-08-04T12:41:14Z,e3e3bac265ab2713063d7435bf5c7374dfc7dfc647fb677a030a1a49,60.18203,24.91341,00000000342570c2,38.87
6787,2019-08-04T12:41:14Z,e40a26f3f7468f4ac2302b45f1ed9aab7fea245ccf81d0c08072c881,60.16829,24.94214,00000000afef4555,27.28
6788,2019-08-04T12:41:14Z,e447e76c7b53157c11d5bfeb172c27332c81b5ec7f263badf5507888,60.149,24.9843,00000000fffb8cf0,17.4
6789,2019-08-04T12:41:14Z,e6f4e3d1f5e01888556b077224cb4d8f88d63306fff2388e3fd997d0,60.14951,24.92138,0000000006dd41f6,14.89
6790,2019-08-04T12:41:14Z,e6f7965f2ef456f61121bcce5e466f125192e511c2af72d901307e8e,60.16762,24.95415,000000006b44cce7,13.75
6791,2019-08-04T12:41:14Z,e7cd5f775c7eea951719f351fcc25c710f857832d6f4b70a51b7b82d,60.16897,24.95222,00000000aa852af1,20.28
6792,2019-08-04T12:41:14Z,e826dedac8582e619ce18cd7eed68be5ee1fc9ed37e191e06f916835,60.14947,24.91438,000000004ef3150d,5.91
6793,2019-08-04T12:41:14Z,e8edad8445fc4965a5c0eae45906480d83b15e61fc6139c7bdea1e33,60.14699,24.922,00000000a53ed894,16.1
6794,2019-08-04T12:41:14Z,e9115410fa45db5a174eee008cae729dc69937a0e0b5a304899bf1b9,60.17065,24.93641,000000000f4919c9,21.87
6795,2019-08-04T12:41:14Z,e92eb020afcd7c1fad04690230ff8c2f005e404dd25b8dced1df30dd,60.16075,24.95883,00000000f1124bca,8.38
6796,2019-08-04T12:41:14Z,e9e19621fc5cfcfed2c808bbadc6cc6dd31e28d3c04cef8b89ca2729,60.16075,24.95883,00000000f1124bca,11.7
6797,2019-08-04T12:41:14Z,ea157e44ed100be3f782d8b3d8e5e0986079c588c9ea754b14917df0,60.16829,24.94214,00000000afef4555,4.5
6798,2019-08-04T12:41:14Z,ea2f4d9799324f4cd2a6fcda1625b65acdbab9f6b8331c26f63beec2,60.16897,24.95222,00000000aa852af1,25.36
6799,2019-08-04T12:41:14Z,eaa9924da1e700147607d5145e2b55b48b65deea922ee2e59bd1d5a7,60.173,24.92524,0000000096918cfa,16.1
6800,2019-08-04T12:41:14Z,eac6fda3a18aa9ce55b6359f5c62a044e0bcd6bc3576c8cd815acf07,60.14699,24.922,00000000a53ed894,12.69
6801,2019-08-04T12:41:14Z,eb6541383f8b12fc5476e5e2bc406933edfd211f49a1bbb93f323fa0,60.14699,24.922,00000000a53ed894,11.7
6802,2019-08-04T12:41:14Z,eb79d6eb71f039f7008c9c4ea2f36d37f03bf60bddc7867e8b337254,60.16762,24.95415,000000006b44cce7,14.89
6803,2019-08-04T12:41:14Z,ec424a10bcefb6e69c2eabf42534f06e7a10aa0cfb28f6478052cade,60.14699,24.922,00000000a53ed894,12.69
6804,2019-08-04T12:41:14Z,ef352dcaa8317b6a3c0a02cd8908dd13da5601cc66ba65c5fd8d031a,60.14947,24.91438,000000004ef3150d,3.74
6805,2019-08-04T12:41:14Z,efe8b6c6fdf0d2caccd589aaaa4f0228a80590ff9ec7961f2e92103d,60.16762,24.95415,000000006b44cce7,8.38
6806,2019-08-04T12:41:14Z,eff99f303ba37ed36542008434b2d20e50155593bb9fc7bc1dcc4bf3,60.16075,24.95883,00000000f1124bca,12.69
6807,2019-08-04T12:41:14Z,f00fb569fe1448dccb8e92e24b081a3164b59eb117131800780c70a9,60.14699,24.922,00000000a53ed894,12.69
6808,2019-08-04T12:41:14Z,f062cb52d49926a4fb39f723275ed60ab6c0f3bf34e0c3f9d233b7b8,60.14947,24.91438,000000004ef3150d,2.3
6809,2019-08-04T12:41:14Z,f1845e00642980be3cdc27a088c619bb0616b86f7cfa0b8909efac80,60.16544,24.95398,0000000038d83d41,23.56
6810,2019-08-04T12:41:14Z,f1eb1b22a5e01064a1829b325d256218c68bc9134f03a3f09f3e2566,60.16829,24.94214,00000000afef4555,10.78
6811,2019-08-04T12:41:14Z,f20f951802c722181f0e90095001c49e73f84049bb105b95c97049d1,60.17918,24.95141,00000000675d5200,23.56
6812,2019-08-04T12:41:14Z,f2deba4ef84dbbc8c5d8524f6e2311183003bce4f9bfa6aef5b5ef66,60.14947,24.91438,000000004ef3150d,10.78
6813,2019-08-04T12:41:14Z,f2e063c8c25a8bec0dd6ec3924a5f59fd9694078f2f3fd5b3ea96f29,60.16762,24.95415,000000006b44cce7,12.69
6814,2019-08-04T12:41:14Z,f366283765028e1454f3cfc564b9f220c9d700bfa8a843746eca3141,60.16897,24.95222,00000000aa852af1,18.79
6815,2019-08-04T12:41:14Z,f39827c3c7f4c833d1118043492f78e3255b6da9f4a2c000041d9b61,60.16829,24.94214,00000000afef4555,6.46
6816,2019-08-04T12:41:14Z,f3ec2366b51157150674e5ab6293bdb19e0b30ca4296fee4c97b811c,60.14699,24.922,00000000a53ed894,14.89
6817,2019-08-04T12:41:14Z,f57853f71a35677d9b6de74cf0f3bdcc42821f886daf65feb9ab4330,60.149,24.9843,00000000fffb8cf0,33.81
6818,2019-08-04T12:41:14Z,f5f7cfe177dfb0b7ebba2419ae53f70b6b5690dd98d98586004a9107,60.149,24.9843,00000000fffb8cf0,12.69
6819,2019-08-04T12:41:14Z,f847ec4111b37a677f1bd2577f778f653309f7b486974fefcf5eb8c9,60.1538,24.95595,0000000038bf9618,29.32
6820,2019-08-04T12:41:14Z,f84faae0aa9ce2d1d09d270282dd81033ad1352346128534d8c3fc7f,60.149,24.9843,00000000fffb8cf0,25.36
6821,2019-08-04T12:41:14Z,fa96854324adae88abb35afa34b2393a20338bfd8fc9602d3ce6ae8d,60.14947,24.91438,000000004ef3150d,1.54
6822,2019-08-04T12:41:14Z,fadc39da3cd26ac621092fbbff224b95bb13446c8d24bbf4f3e50e90,60.14947,24.91438,000000004ef3150d,8.38
6823,2019-08-04T12:41:14Z,fd77161cf9715d9d0f922cf45e79e5d9b9debef5113cb32a4f82ef76,60.16762,24.95415,000000006b44cce7,9.92
6824,2019-08-04T12:41:14Z,fe5ca86c906b1cb3bf9dd257ceefc562e41da499878f1074484f7d42,60.14947,24.91438,000000004ef3150d,10.78
6825,2019-08-04T12:41:14Z,feb399897846bc34dc3f4b06ac4ef0ffb0db885977b88e5c5fdb7350,60.14699,24.922,00000000a53ed894,13.75
6826,2019-08-04T12:41:15Z,05103967ab0ced9b2339d6cf2c2971af426aeffb8c8519b244e5cc77,60.16762,24.95415,000000006b44cce7,20.28
6827,2019-08-04T12:41:15Z,07d86ad98399440d0cc3bd3382a7256feb971e49a3686dc17f532e1c,60.16829,24.94214,00000000afef4555,11.7
6828,2019-08-04T12:41:15Z,1599d2c9070a6f05e1a5887c2d9209214c04818c6203fe75440734f2,60.1538,24.95595,0000000038bf9618,21.87
6829,2019-08-04T12:41:15Z,16c994bb2e24124a910c247376d16e980a65626a94c4c0aaab27df60,60.16829,24.94214,00000000afef4555,20.28
6830,2019-08-04T12:41:15Z,1e7ea410376fbdb3f3c476c76d23abad5d830690f78f71ea06f7e321,60.16075,24.95883,00000000f1124bca,11.7
6831,2019-08-04T12:41:15Z,211f6b7b044343d0be369791b3fa3c144d0d0f391e2a42787712efb0,60.16448,24.97323,0000000053c6c2be,14.89
6832,2019-08-04T12:41:15Z,21d09757012e8f7297d1de922f681bcc36581a3d7be770b42b3780a0,60.15432,24.9211,0000000019fb59c4,18.79
6833,2019-08-04T12:41:15Z,25a7ff811c3c06e426c7c2cbb0433d9a2a3399b23afecbd35584ab0f,60.18203,24.91341,00000000342570c2,9.92
6834,2019-08-04T12:41:15Z,2d3d031189abfaea69cd551a97b2b2d056a908f19bc56701010a2304,60.16897,24.95222,00000000aa852af1,16.1
6835,2019-08-04T12:41:15Z,315af4a829b592ba99b203b8ed2cbd499769f8752dfe6de7da4ee929,60.16829,24.94214,00000000afef4555,17.4
6836,2019-08-04T12:41:15Z,3a93902ba6b635489cd6f55b08d93e6fe7a5bc0a86a0b490a88f6d1b,60.16075,24.95883,00000000f1124bca,21.87
6837,2019-08-04T12:41:15Z,3fe84a5a1e657df8910685df3a8cf779a6ebc3362fbc8e578f235ee4,60.15432,24.9211,0000000019fb59c4,8.38
6838,2019-08-04T12:41:15Z,43b676ed3aef4c2d8846694817e76117873be52e7f788e0cb366c1c4,60.16629,24.95957,00000000fb7600be,27.28
6839,2019-08-04T12:41:15Z,44d0b94469070803869f229601e877beb613c3f5aafa009addf97a1a,60.16544,24.95398,0000000038d83d41,14.89
6840,2019-08-04T12:41:15Z,4656bad9b5e6dfc3977eca308fc1db3dbf8b0204b90d09b001da242e,60.1638,24.96846,00000000d747f075,31.5
6841,2019-08-04T12:41:15Z,5d65719c4cbf045f068d084b72302f447d5fd034413d97d13be00d0e,60.18203,24.91341,00000000342570c2,21.87
6842,2019-08-04T12:41:15Z,5eed115a984d490b02b602d73787aee8dc8c4e9365b77fbff3818a76,60.16629,24.95957,00000000fb7600be,23.56
6843,2019-08-04T12:41:15Z,66dabd3229229330d23c70e9e1737429ddfe69db01f4a6a00f70fa20,60.16762,24.95415,000000006b44cce7,17.4
6844,2019-08-04T12:41:15Z,69219e9efa41ae9e732653e9eaf08e1a34cb853a9dafe76ddeea4d04,60.16897,24.95222,00000000aa852af1,17.4
6845,2019-08-04T12:41:15Z,6a70e2fbced719333e21eff04fcb9cb36bae9a04d1a3d6ddd96f2c58,60.15432,24.9211,0000000019fb59c4,7.69
6846,2019-08-04T12:41:15Z,6f06341f358e61699fe1e55e986dd0554bc8da28b91daf0c5ad99db6,60.16629,24.95957,00000000fb7600be,25.36
6847,2019-08-04T12:41:15Z,7093a5d6b440d63318f426efceb12d5dcf693a7fe47c37651b323fb4,60.16762,24.95415,000000006b44cce7,17.4
6848,2019-08-04T12:41:15Z,737efc92e3419e9d96a8559ec341ea7e18ba6381fd8e4de3d06f82a0,60.14699,24.922,00000000a53ed894,17.4
6849,2019-08-04T12:41:15Z,747f2d1ebff218c0ebbdc0fdaef4cbe56633dfb46ae1b1f8c8142201,60.16762,24.95415,000000006b44cce7,17.4
6850,2019-08-04T12:41:15Z,7678cdb86d454ca9ae52f22d97e635106585a3a046d01da4463695cc,60.18203,24.91341,00000000342570c2,13.75
6851,2019-08-04T12:41:15Z,87dfaad29a9276ddddb1fa021d3bc23ad14824c1af16f7d87e713689,60.14951,24.92138,0000000006dd41f6,9.12
6852,2019-08-04T12:41:15Z,88808fe92573e9cdf022cc15b9689b6b4b9429f60513c8897b0ba4c7,60.16897,24.95222,00000000aa852af1,16.1
6853,2019-08-04T12:41:15Z,89982a6acf91b79a282a6b63978e946ee205f303fcd20e944e06baf0,60.16544,24.95398,0000000038d83d41,21.87
6854,2019-08-04T12:41:15Z,8c3b1ed0846e38cc84b863a80540c8a75bfd85c8bdda36563d153110,60.16544,24.95398,0000000038d83d41,23.56
6855,2019-08-04T12:41:15Z,9843c6216661048343a0e49cf3d8aa2883cf77f452666a1c873a1052,60.16448,24.97323,0000000053c6c2be,12.69
6856,2019-08-04T12:41:15Z,9bc8068948a5b881e1bded553efe012fe129e3e4df62f64a6724917e,60.16829,24.94214,00000000afef4555,31.5
6857,2019-08-04T12:41:15Z,a23b63dc2df72ba829ea2eabba05dafe724027d59a8f6babf791c1b8,60.16075,24.95883,00000000f1124bca,33.81
6858,2019-08-04T12:41:15Z,a8f8130135c784b027355228017bbfe99e5a6eecec153d44b78bedd3,60.16829,24.94214,00000000afef4555,18.79
6859,2019-08-04T12:41:15Z,a91d379a4b57c5df22db0d7a041ff69f657b4b31f28554b1011fc03c,60.16544,24.95398,0000000038d83d41,31.5
6860,2019-08-04T12:41:15Z,acd2647d413f41552b31b6e383da445c8902bc2a764d2b7791a7b164,60.16762,24.95415,000000006b44cce7,13.75
6861,2019-08-04T12:41:15Z,af807b67ce09a2ce1744025c421961213f1608ca658ece4df69555a1,60.16762,24.95415,000000006b44cce7,9.92
6862,2019-08-04T12:41:15Z,b33ae7715d6d2571066655c2c8954a5a364b5601869047de83410d9f,60.16629,24.95957,00000000fb7600be,21.87
6863,2019-08-04T12:41:15Z,bb98768dad0f7c52cf643f035a3e7e48f5cfe28557c66f2a75914b31,60.14699,24.922,00000000a53ed894,14.89
6864,2019-08-04T12:41:15Z,bcb0201b0a1edf350ae2f681076e7d2d48ebd94c075bd3ca59552020,60.16897,24.95222,00000000aa852af1,9.12
6865,2019-08-04T12:41:15Z,c97eb4181394121907d47b908495f54e5ee5145ff790f7a1dc21b3cf,60.16897,24.95222,00000000aa852af1,13.75
6866,2019-08-04T12:41:15Z,ca6927628f5ddda20036865c9345ad93d476d62ade3b181de568eed6,60.16897,24.95222,00000000aa852af1,17.4
6867,2019-08-04T12:41:15Z,cf05623e4d87ce0906c0b0b7dbf53aacc1228016cd27c341228b6e76,60.18203,24.91341,00000000342570c2,18.79
6868,2019-08-04T12:41:15Z,cfc0bedb78ded52749db3188cb188bf6a250ef5990da9c5afa9623fc,60.14951,24.92138,0000000006dd41f6,29.32
6869,2019-08-04T12:41:15Z,d568a92135fd8619da42f2038266f4922d5b6d48fe1c5f9490d39f30,60.14947,24.91438,000000004ef3150d,21.87
6870,2019-08-04T12:41:15Z,dcb7e8bb90af70568c12a902d706c70e1ac1213e31ba074756f0a27a,60.1538,24.95595,0000000038bf9618,36.27
6871,2019-08-04T12:41:15Z,ded49640b591e73bff71f84fb99d2739eb6c9554164a015017725e03,60.16829,24.94214,00000000afef4555,17.4
6872,2019-08-04T12:41:15Z,e8690c2d1711bc10f2d1251a3b5b1e770b98c66c384760400c604de1,60.16829,24.94214,00000000afef4555,20.28
6873,2019-08-04T12:41:15Z,e8e366e76c97944e23c0f80b4fd3ce6e5832744922297146a49f0c7e,60.16762,24.95415,000000006b44cce7,17.4
6874,2019-08-04T12:41:15Z,e96bd269a48b822b06141c3362fcb6d5ed4d0d09a120f2e4a712d5c2,60.16897,24.95222,00000000aa852af1,20.28
6875,2019-08-04T12:41:15Z,eee5797db5c3753514933a12e2485caee4ee5803b4d830ba1c22e5c5,60.14947,24.91438,000000004ef3150d,9.12
6876,2019-08-04T12:41:15Z,efa8e25ea4c5ed441c13cffe6302f0a18f60181c6ede8e013f75a44c,60.16829,24.94214,00000000afef4555,13.75
6877,2019-08-04T12:41:15Z,efffdbe497ad2fa39b57c75ffd33c8f0ae621c4ef6154dcb169e5937,60.16075,24.95883,00000000f1124bca,21.87
6878,2019-08-04T12:41:15Z,f088630d7476dae7d4b7e2bb1f10575f2c89acb4b6e061f3d57c2b40,60.16531,24.9442,00000000fdda10fe,23.56
6879,2019-08-04T12:41:15Z,f29ea15113ac0eea0be8ec41c633909de4b0b9ab6c7b9898b128080c,60.16897,24.95222,00000000aa852af1,20.28
6880,2019-08-04T12:41:15Z,f6609ab1076b1105bb845595a03b41b8fbb282f79c337df5bbc9f841,60.14699,24.922,00000000a53ed894,9.12
6881,2019-08-04T12:41:15Z,fc4f3a44235f1cfc7b53f14ba2da599976a5a0a220d23b852688e485,60.17919,24.95181,000000007b5207b6,31.5
6882,2019-08-04T12:41:15Z,009ad4cd2bd97e04da44cc9789e6bdbdb899eded61d05b7d5634b7be,60.16829,24.94214,00000000afef4555,3.4
6883,2019-08-04T12:41:15Z,00a07b1f8113691d8475c54082a14cdd54decf9845a90e75df8031a6,60.17065,24.93641,000000000f4919c9,23.56
6884,2019-08-04T12:41:15Z,033759f09b97a9347fd7852dbc2bcd3abbb67a792486acad9d185bca,60.16762,24.95415,000000006b44cce7,12.69
6885,2019-08-04T12:41:15Z,036c183505fea646b54aeb0c612913cafba94eca65e47d3c6d840a68,60.17919,24.95181,000000007b5207b6,12.69
6886,2019-08-04T12:41:15Z,038e7f3d1d9babcdb48b63ff8e3e1ac732b3c29f665dc7d9a1819abc,60.14699,24.922,00000000a53ed894,20.28
6887,2019-08-04T12:41:15Z,0479a26a59d65bf1dee05c06f4227a0ba63a6e9c9a09e7c34f2e06b4,60.14699,24.922,00000000a53ed894,8.38
6888,2019-08-04T12:41:15Z,05d441c83d2df822feaf93d7861452db7a201f22d84cfa36f421dfd2,60.16544,24.95398,0000000038d83d41,21.87
6889,2019-08-04T12:41:15Z,076c28c1895ef1919c11113113c12655c546fc90a00800e5ebec5b56,60.14699,24.922,00000000a53ed894,14.89
6890,2019-08-04T12:41:15Z,079d83ae6087cd1411666777b60e9986477a71ca0a318d4af5ae2f22,60.16897,24.95222,00000000aa852af1,27.28
6891,2019-08-04T12:41:15Z,0851ab74be2e888decf0046825f09ed302f7b2275e72b09b5b713d85,60.16829,24.94214,00000000afef4555,7.05
6892,2019-08-04T12:41:15Z,0947f9d6bb6c34e382e008052b704b6521ac4f7678a2e8a719bb574b,60.15432,24.9211,0000000019fb59c4,25.36
6893,2019-08-04T12:41:15Z,0952de1e75ca994bb018aaa22bee06785fe007f21f206e323740c94b,60.15133,24.92329,00000000e8a064a4,20.28
6894,2019-08-04T12:41:15Z,0a0acb70a8ef92be52a64d4425e70bb2f7a17d13942c3382c9d68878,60.149,24.9843,00000000fffb8cf0,4.5
6895,2019-08-04T12:41:15Z,0a5616e066b42895361324cfa8abef41d849a55e3e4bed429bab494b,60.16829,24.94214,00000000afef4555,12.69
6896,2019-08-04T12:41:15Z,0a5ed50daf13dd10744537aa851ac7ab1d34d9797ec6ab6e2402aebb,60.16762,24.95415,000000006b44cce7,2.8
6897,2019-08-04T12:41:15Z,0aabf0df4c3c5b45bb8950c92dbe624985f19e8650ed61f92571a65a,60.14699,24.922,00000000a53ed894,5.41
6898,2019-08-04T12:41:15Z,0acb4bd7319729fea4acf035921d1136d86a307a60b4444669cede1a,60.14699,24.922,00000000a53ed894,7.69
6899,2019-08-04T12:41:15Z,0b0dd9af9d52c68ff71ce266d6707abbb0f56c3c63be0f83f7b5df9b,60.16762,24.95415,000000006b44cce7,8.38
6900,2019-08-04T12:41:15Z,0d0e661499ff245b29cce6a0bee9d4716c35738590a43b289dbfbe0e,60.1538,24.95595,0000000038bf9618,16.1
6901,2019-08-04T12:41:15Z,0d3525b13d674f1645fdbe6d842fe37b2f416889c5472e9dfcc5445c,60.14947,24.91438,000000004ef3150d,3.09
6902,2019-08-04T12:41:15Z,0ef4d4e0ed1d5a16b616f3722210deaa1f3be532439fb707802f70a2,60.16075,24.95883,00000000f1124bca,31.5
6903,2019-08-04T12:41:15Z,10a99e791e27975dc1c9d73d3163cabacf3bd7bd05a4f7abf6365426,60.14699,24.922,00000000a53ed894,16.1
6904,2019-08-04T12:41:15Z,10caaea8002e8b3b342b32710efdd7305ff375ca1cdc01411f66b2f6,60.14699,24.922,00000000a53ed894,4.94
6905,2019-08-04T12:41:15Z,120a63917cb5ab619bf9a71328f14020736ee84e75d5b37278748def,60.16897,24.95222,00000000aa852af1,13.75
6906,2019-08-04T12:41:15Z,124cce476184e061b136f481014a2abc7208d30e4e520ffd90c85adb,60.17002,24.94407,000000006b087f40,18.79
6907,2019-08-04T12:41:15Z,13bcedb8c59b26417282929d81844b272c7c5bc295614f531219a8e4,60.14947,24.91438,000000004ef3150d,13.75
6908,2019-08-04T12:41:15Z,1423891c6ee1edc7da83904378a35aef2e5797db95b117651d676934,60.16762,24.95415,000000006b44cce7,1.54
6909,2019-08-04T12:41:15Z,15ee12e5f9be00a79b0cbbc9912f51cbfa3e486624567e1bde938fb6,60.1538,24.95595,0000000038bf9618,25.36
6910,2019-08-04T12:41:15Z,161aa798c2a18e132fb27ecded773218ea4e42eabbd0e5794b1d7017,60.15432,24.9211,0000000019fb59c4,13.75
6911,2019-08-04T12:41:15Z,171a752ceacd35c6e27c36e67da80ba960a246c0977f0bdca139a472,60.14699,24.922,00000000a53ed894,9.12
6912,2019-08-04T12:41:15Z,1882b53729765cca25bc63400074242872d6fbc57882f131285b277f,60.16829,24.94214,00000000afef4555,12.69
6913,2019-08-04T12:41:15Z,194e6ced97ec114a37fe06d6d73fb687c057d411be476f1ea6f4852e,60.16897,24.95222,00000000aa852af1,16.1
6914,2019-08-04T12:41:15Z,1ad0b84716a79851fa8db7a993012f0c8e496d6cba9d028a546285a2,60.16897,24.95222,00000000aa852af1,23.56
6915,2019-08-04T12:41:15Z,1b3fba902b8d1538b508cdc228fd15fdd87f5aecb68e5611b1a4e354,60.16762,24.95415,000000006b44cce7,5.41
6916,2019-08-04T12:41:15Z,1bcef866fafad7c7460a084e0b0d27c087b549f4ae704390708be47e,60.149,24.9843,00000000fffb8cf0,20.28
6917,2019-08-04T12:41:15Z,1c669457535e4635f732c228ec524f9d2c440b0d2132fa1acd93122a,60.16897,24.95222,00000000aa852af1,27.28
6918,2019-08-04T12:41:15Z,1c7ccd5d6570d98e57ef2ebbd716b7504b138f9bb616fbeaa0d1a268,60.14699,24.922,00000000a53ed894,7.05
6919,2019-08-04T12:41:15Z,1e24a2120b13c780dbb3a67a73f5058d1847f126fd5f5952e6dddcd3,60.16075,24.95883,00000000f1124bca,14.89
6920,2019-08-04T12:41:15Z,1f74037ecab4dbdc5db1a8dc8b583a86630f86a5f2d0a5167b7fa605,60.18203,24.91341,00000000342570c2,16.1
6921,2019-08-04T12:41:15Z,203a0c145a43c9a18f8c2a5ba4e18882e7430662bb4ac0e56ab37578,60.17065,24.93641,000000000f4919c9,13.75
6922,2019-08-04T12:41:15Z,203ea7cefd45873084263df2b0f41ad7b2e8878222fb6a53c263c534,60.16829,24.94214,00000000afef4555,17.4
6923,2019-08-04T12:41:15Z,20ac7b2ace7c0038aa8df01b9281a9c54f1551fc8ab9b662b1f1ca22,60.18203,24.91341,00000000342570c2,25.36
6924,2019-08-04T12:41:15Z,21eed3ade733687b8f56fade8290819b7c6b4a9f38468979fe692c3e,60.16762,24.95415,000000006b44cce7,5.41
6925,2019-08-04T12:41:15Z,2204ba387d2db0e7d2ca03f7ace46abff8d141668b73c75a1879d7ba,60.14947,24.91438,000000004ef3150d,4.94
6926,2019-08-04T12:41:15Z,22fe9a06fba1036e8eafd726bc450095b1893be067f475e1882bb704,60.14699,24.922,00000000a53ed894,11.7
6927,2019-08-04T12:41:15Z,231026899a6d5b326cb5b1e38b182ca1acb77c7e27bc2378973b29db,60.16629,24.95957,00000000fb7600be,10.78
6928,2019-08-04T12:41:15Z,244b51aa4a7059ba782925258111c295aa4de9596025c55ccd5580ac,60.16829,24.94214,00000000afef4555,14.89
6929,2019-08-04T12:41:15Z,24feb6a5d7b8dcde702c2d815fa30aaae737e204f37351224838b01b,60.16762,24.95415,000000006b44cce7,17.4
6930,2019-08-04T12:41:15Z,250f7cf6c6d1296e84c45fb8621a0704eb5243471980b5187dc40cdd,60.14699,24.922,00000000a53ed894,16.1
6931,2019-08-04T12:41:15Z,2607d1b2fc6e31a80348fffbed68a7d3a8e0212f197f2d1c573c587b,60.14947,24.91438,000000004ef3150d,4.11
6932,2019-08-04T12:41:15Z,269124e75b1e74a7c7dc93b778e02f04d0a53e069a90081c0938ee4c,60.14699,24.922,00000000a53ed894,10.78
6933,2019-08-04T12:41:15Z,2969cdb120f2d285c556abfe5bac2f8090571f61aba227a474a534d2,60.17065,24.93641,000000000f4919c9,5.91
6934,2019-08-04T12:41:15Z,2e2f4d1ad9ddc47800b58bfd6c1f08de22fdaa2157ec5f3f817246bf,60.16448,24.97323,0000000053c6c2be,18.79
6935,2019-08-04T12:41:15Z,2ee2e108ed9051b1ccf4d3ee89931dfd53170af0b558fa6579b83e8d,60.15432,24.9211,0000000019fb59c4,10.78
6936,2019-08-04T12:41:15Z,2f08dbfbbe5577f04ea9826f72d5452ddf5fd9bb892769382ea5a4ca,60.16762,24.95415,000000006b44cce7,5.41
6937,2019-08-04T12:41:15Z,32708990f2c831e65f70f2682baf5188fc93348b9a9e78ada8db2bf4,60.14947,24.91438,000000004ef3150d,3.09
6938,2019-08-04T12:41:15Z,32f77f5019e5fce30881c214487361e2e34b8c93277f6e546de72012,60.1638,24.96846,00000000d747f075,31.5
6939,2019-08-04T12:41:15Z,33634cb1e3fc5d4a621e8717d203da8533ed27531a70c6cbe3abf3fa,60.16762,24.95415,000000006b44cce7,2.3
6940,2019-08-04T12:41:15Z,33ec502792a84f23fed03cf16e483d153c65e2850a2549f47034726a,60.16762,24.95415,000000006b44cce7,4.11
6941,2019-08-04T12:41:15Z,3459042c03cbb672a039f7f14a6b99b84f839b0598f9e48bf4dd95f5,60.14699,24.922,00000000a53ed894,25.36
6942,2019-08-04T12:41:15Z,348d0f13ec830589831a973041803bc7b6c0f0b5f6e5a84e47f292d3,60.17002,24.94407,000000006b087f40,25.36
6943,2019-08-04T12:41:15Z,349dd839e41cff363cc4b935496e52b93be15233e508aa82987859bd,60.16075,24.95883,00000000f1124bca,18.79
6944,2019-08-04T12:41:15Z,34f282042837e6b8407c31fd6c880bdbb7071c56d76c4b6e5ba78819,60.14947,24.91438,000000004ef3150d,10.78
6945,2019-08-04T12:41:15Z,34fddf0f4ea194b9720451d11a9de76225577536681d4f4b0a00b860,60.16829,24.94214,00000000afef4555,7.05
6946,2019-08-04T12:41:15Z,352427714fc6e8591df6bd227dde05d3b7ba0881742eee4ae750dcc4,60.15432,24.9211,0000000019fb59c4,29.32
6947,2019-08-04T12:41:15Z,358d7986d5bf2a0624fb1412a157b3c7b12f90653457e15a76bbdf50,60.16629,24.95957,00000000fb7600be,13.75
6948,2019-08-04T12:41:15Z,35a958343879c000cfc3f0c01afbc7d54934265828677bf4aefef84f,60.14699,24.922,00000000a53ed894,13.75
6949,2019-08-04T12:41:15Z,35e6e075578d7a51e510bf8904bde33f1d117264eea0917db98d4808,60.16897,24.95222,00000000aa852af1,20.28
6950,2019-08-04T12:41:15Z,3721331dbb97151d17938ed835ffc7208eba26fba6100c62870a3a4f,60.14947,24.91438,000000004ef3150d,2.8
6951,2019-08-04T12:41:15Z,37945fa4e7409fab98aa8bde45081f5bd083def0059485274ad552c0,60.17919,24.95181,000000007b5207b6,9.92
6952,2019-08-04T12:41:15Z,37b4192b51c9589b8791bc2e9f830dd541c0e77fd03e7a85a51b68e5,60.16544,24.95398,0000000038d83d41,33.81
6953,2019-08-04T12:41:15Z,388cc7c522b659745d13c0c707774680483a0c8dc7f1266ab35d91e3,60.16544,24.95398,0000000038d83d41,33.81
6954,2019-08-04T12:41:15Z,38e15f5aeb58c22ca456fc4d3a14f3b4d9f1fac43de070d2565eb1d3,60.16897,24.95222,00000000aa852af1,18.79
6955,2019-08-04T12:41:15Z,39310ebca1ad756aa2bfcb16c912cb7003ef3e7286a1f037603ade61,60.14699,24.922,00000000a53ed894,4.5
6956,2019-08-04T12:41:15Z,39f03a3a5fd777feee270921a7f51daec12ea679b542b0aaf2e808d7,60.149,24.9843,00000000fffb8cf0,25.36
6957,2019-08-04T12:41:15Z,3a6ce73ea4c03a14fc0d3d099e4698d3c1051a2e8e4bd552d5de394d,60.14947,24.91438,000000004ef3150d,11.7
6958,2019-08-04T12:41:15Z,3af48668fcfc51b261558246e08ae2f7f3bb9d4252e908e38c9db003,60.14699,24.922,00000000a53ed894,18.79
6959,2019-08-04T12:41:15Z,3b73bf57d223bcb9b930ee8619e6603e52485b221389c64d85614baf,60.16897,24.95222,00000000aa852af1,14.89
6960,2019-08-04T12:41:15Z,3be48824225ca9f2aea5653f6ce21181a76e67a8d4b8361f0cba1f8a,60.14947,24.91438,000000004ef3150d,6.46
6961,2019-08-04T12:41:15Z,3e4965f1ed580ddf80246b1b78cbc55b73c11d67573d9cede2a7ccf7,60.16829,24.94214,00000000afef4555,13.75
6962,2019-08-04T12:41:15Z,3e51a6a20330a5ca5af145bab345165eb5f0fcce86d087af4088df64,60.15133,24.92329,00000000e8a064a4,27.28
6963,2019-08-04T12:41:15Z,3ec0a34310840b3aa1aa32a3f2bffbe426e91a242dc6eb5c1e86bba7,60.16448,24.97323,0000000053c6c2be,27.28
6964,2019-08-04T12:41:15Z,3ef78c4485a99bfa3d5e1df620f767b22e6c6583cefd990dee77f784,60.16762,24.95415,000000006b44cce7,21.87
6965,2019-08-04T12:41:15Z,3f395809cdaaaa1688c7d1cc770079bbf7ef1349e148bec5c8eacd57,60.16762,24.95415,000000006b44cce7,4.94
6966,2019-08-04T12:41:15Z,3f78229668030150fc4e03aed54ed23a2f6ac9c23a0c9bc0d6da03f4,60.16531,24.9442,00000000fdda10fe,23.56
6967,2019-08-04T12:41:15Z,3ffe89aa6ab1e57883e21fa8f15969f46a5f487bccb2b993eadb3cfb,60.14699,24.922,00000000a53ed894,10.78
6968,2019-08-04T12:41:15Z,409be16c4d34b9e76ac22ea0e8e282da3e9d169fe77ff5ea52a72883,60.14699,24.922,00000000a53ed894,16.1
6969,2019-08-04T12:41:15Z,4126e6b01e07a8de94eb8b87f02ad2bdab1a191c8c0312dd1141a9eb,60.15133,24.92329,00000000e8a064a4,25.36
6970,2019-08-04T12:41:15Z,42052b48fa907a3f9ad0a511096b057331f7a11a1be046a63fb9629e,60.14699,24.922,00000000a53ed894,20.28
6971,2019-08-04T12:41:15Z,42168beaa0acd47be6bf8e4209edb348c9d27b18517c7420d454a24f,60.17065,24.93641,000000000f4919c9,17.4
6972,2019-08-04T12:41:15Z,429363aca20efd1e564b3ac367b9eb4702cce1afbe6a22dccb543a7f,60.16075,24.95883,00000000f1124bca,27.28
6973,2019-08-04T12:41:15Z,42d4eb6044091814f327d0b01dc9ae701506417af1a8ab7f4161650d,60.14951,24.92138,0000000006dd41f6,16.1
6974,2019-08-04T12:41:15Z,42da4298ed9f522421f17714e024d9b8fe22e7546df3deeb8b139bd3,60.16075,24.95883,00000000f1124bca,8.38
6975,2019-08-04T12:41:15Z,431375be6b9405ef55878f3aa0bb5dd6a35db8ba650a2bce05081c49,60.14947,24.91438,000000004ef3150d,7.69
6976,2019-08-04T12:41:15Z,44b961429bd3da70ccf0b0a071650ba52b338a4c7a2b43d02517ec61,60.16829,24.94214,00000000afef4555,18.79
6977,2019-08-04T12:41:15Z,4533d27e96c5c6637ddff4243672d658fea4004970652882357105a9,60.14699,24.922,00000000a53ed894,16.1
6978,2019-08-04T12:41:15Z,457d11209b95b153efb57d8f2641f2db0823e91a0d608fa0555a5b69,60.14699,24.922,00000000a53ed894,5.91
6979,2019-08-04T12:41:15Z,459ee564ad7aca128b70ae089395378da384eb1ff35cefde7d7f5736,60.16829,24.94214,00000000afef4555,21.87
6980,2019-08-04T12:41:15Z,4602ff9d03f6bf4fbb82976098cc1c73e7a7e754050401c772d1406e,60.14947,24.91438,000000004ef3150d,17.4
6981,2019-08-04T12:41:15Z,467a01a257fbaad22bd4aebafc8f284c9ad3effc429475e57c214e9d,60.14699,24.922,00000000a53ed894,6.46
6982,2019-08-04T12:41:15Z,47b8aba771bed6ec3a7d57932c44fe859bcf6300054b3acc9d885105,60.14947,24.91438,000000004ef3150d,11.7
6983,2019-08-04T12:41:15Z,47bc9ff9097f9ef5f1862e48b4a42f6a9ddd30c4ef2b6eb43291a7a5,60.14699,24.922,00000000a53ed894,9.12
6984,2019-08-04T12:41:15Z,48d0a198e7445da9f7df3cb2cedef7dc861fe850deff789f6ad61d36,60.14947,24.91438,000000004ef3150d,14.89
6985,2019-08-04T12:41:15Z,48f665ebb1a71b0d84fc02bd71918c5ab5608328db534639cbd2a255,60.14947,24.91438,000000004ef3150d,12.69
6986,2019-08-04T12:41:15Z,4926fec57d2640e18cb9d46deb64eba0255ca71b93116f4ae21e4288,60.16829,24.94214,00000000afef4555,16.1
6987,2019-08-04T12:41:15Z,4a565a7be2bb822523480c6ca86154a466bf189290f87a0ef118f8b7,60.149,24.9843,00000000fffb8cf0,16.1
6988,2019-08-04T12:41:15Z,4b1050cc517631e36206d3528399c0b14748daec8c7d1b5dfa412299,60.15432,24.9211,0000000019fb59c4,9.12
6989,2019-08-04T12:41:15Z,4b85388cdaec2b4c15b546160ee326d9668a5e5d3c7b08d0c539946e,60.17919,24.95181,000000007b5207b6,9.12
6990,2019-08-04T12:41:15Z,4be256682db9202c326fac957665719375e49ea2e9064753243c6503,60.14699,24.922,00000000a53ed894,18.79
6991,2019-08-04T12:41:15Z,4be50f3eb033f3f46e3069049c8e0a34dc8a2607741c1764369ba4c2,60.16762,24.95415,000000006b44cce7,4.5
6992,2019-08-04T12:41:15Z,4bf75585466f0aafa2ed2956fe4b0f7235b4ba3a0606a52219b3156c,60.14699,24.922,00000000a53ed894,9.92
6993,2019-08-04T12:41:15Z,4d4115f2971578ddc2428be944e2954c9e9a5472a818ec1805a022b2,60.149,24.9843,00000000fffb8cf0,25.36
6994,2019-08-04T12:41:15Z,4ebdb6165c5d4892cdc21711313b98b1545bececfb886192c6f0ef22,60.16762,24.95415,000000006b44cce7,4.94
6995,2019-08-04T12:41:15Z,4efc969b8b738c051c221bf9d7829089b44cec23dd378fd86e7fb8be,60.173,24.92524,0000000096918cfa,13.75
6996,2019-08-04T12:41:15Z,4f4940c5c77737c5b8f2fbd5a1b65886ea5f6e0e4fcd50447e11ce21,60.16075,24.95883,00000000f1124bca,27.28
6997,2019-08-04T12:41:15Z,50e21d119f102cee2afe3ac7f1a32032527638769b05aca582d6ecb1,60.16762,24.95415,000000006b44cce7,5.91
6998,2019-08-04T12:41:15Z,514a3981fad6c695ac4940f09374b5d1c2e84d2ca835084ef8707714,60.16075,24.95883,00000000f1124bca,4.94
6999,2019-08-04T12:41:15Z,52072bd384eaaf4a6958af5510ed039d194dee47f34667bc7bccbe0e,60.14699,24.922,00000000a53ed894,17.4
7000,2019-08-04T12:41:15Z,5263c8fd413ee308494f18228802330e278acc648b425bb454951db5,60.16075,24.95883,00000000f1124bca,11.7
7001,2019-08-04T12:41:15Z,5274280f7558ea562d9ce825000efc025d2de6b91c62614cb68df2b1,60.14947,24.91438,000000004ef3150d,20.28
7002,2019-08-04T12:41:15Z,52939581c6c8dd3407dbf44ea9e90471e4bbadfb7e3740a0ba8324f3,60.14699,24.922,00000000a53ed894,20.28
7003,2019-08-04T12:41:15Z,52f0e69ca7a5cebe604c1f32308dc7f8870d1d85cd4b25ad17f706e9,60.14699,24.922,00000000a53ed894,6.46
7004,2019-08-04T12:41:15Z,53f1f84f2f1f0ea7eb59dd269d86fae99cc25ee089a48f249de1aaec,60.16897,24.95222,00000000aa852af1,17.4
7005,2019-08-04T12:41:15Z,5554305bad43a71cf98d83e92708c7474c1efc189392c1ea94231e9c,60.16531,24.9442,00000000fdda10fe,7.69
7006,2019-08-04T12:41:15Z,560205233dc9b13886248fb6e54ee21dc3b287080072641e01e08dac,60.16075,24.95883,00000000f1124bca,23.56
7007,2019-08-04T12:41:15Z,56b8eace741e5227a40ea0a64601a737648080c63d6240b0dca632c4,60.16075,24.95883,00000000f1124bca,17.4
7008,2019-08-04T12:41:15Z,570dc61d53aec66ede39dfde66339640878453afc00cd1a55c60bca7,60.16544,24.95398,0000000038d83d41,16.1
7009,2019-08-04T12:41:15Z,571934189bf349efb6f596e76c21612cf9b82ed44913090169936048,60.17065,24.93641,000000000f4919c9,12.69
7010,2019-08-04T12:41:15Z,571e65d939060a58396de22fc44d8842fc9de986824670ad765ec596,60.16762,24.95415,000000006b44cce7,13.75
7011,2019-08-04T12:41:15Z,576babc6bda87dbdb13d8ca1102b3643e7cd38d34778f673b2920be9,60.16762,24.95415,000000006b44cce7,23.56
7012,2019-08-04T12:41:15Z,57f88614f91a133004ac1a6dea31a4090f899646a5f62ece691d87af,60.16762,24.95415,000000006b44cce7,10.78
7013,2019-08-04T12:41:15Z,583a35aa08fe45f96deb91a9f4b9317e86eddeee0d636cc11b3e2df8,60.16762,24.95415,000000006b44cce7,13.75
7014,2019-08-04T12:41:15Z,58411163d307bb308f9c94a9720e9ce5ab0ce4f5617cd2b1fcc2037a,60.16762,24.95415,000000006b44cce7,4.94
7015,2019-08-04T12:41:15Z,584cb0b0cdd14e608c8b57c8aecc9826f9b40027e365e2438a444ea2,60.16762,24.95415,000000006b44cce7,13.75
7016,2019-08-04T12:41:15Z,59b01cbdec8ff06fa6d50bac00c3f5f4c45132fc8a62800c08df5d6a,60.16629,24.95957,00000000fb7600be,10.78
7017,2019-08-04T12:41:15Z,5b102c62b98f29bd801e4dd0e9ddbc113db3faa38d59990b9ba5e9ec,60.173,24.92524,0000000096918cfa,25.36
7018,2019-08-04T12:41:15Z,5c160268bc9b4b619181ce421d9e58c258e6b59a342945fc29f0004b,60.14947,24.91438,000000004ef3150d,5.41
7019,2019-08-04T12:41:15Z,5cd5117066c75a1cb83d3896a7eba3f3472e133f0013ea7d4e95daaa,60.14699,24.922,00000000a53ed894,7.69
7020,2019-08-04T12:41:15Z,5d70086d53447ee393249cef33c7bae814c1d7c2e3055fc91b38786c,60.17919,24.95181,000000007b5207b6,7.69
7021,2019-08-04T12:41:15Z,5e44b2770fcd3ab47bae5954df365187d2183088b73b895edc47dcd8,60.14699,24.922,00000000a53ed894,9.92
7022,2019-08-04T12:41:15Z,5e53be1d47b3cceeb6ea9406c75327379c8ee8abc68da605b7758e85,60.14947,24.91438,000000004ef3150d,11.7
7023,2019-08-04T12:41:15Z,5e7916ca910b02abf2d19906759663c23db63950a353fa546f55c8af,60.14699,24.922,00000000a53ed894,9.92
7024,2019-08-04T12:41:15Z,5ea49ba4de68e03664ec3a87f5de32434d7136b4f8323f022ff9df5b,60.16829,24.94214,00000000afef4555,6.46
7025,2019-08-04T12:41:15Z,5f8465618c3713e34c747dd001e384e4b03b6e1550968c74a1c7a832,60.16762,24.95415,000000006b44cce7,14.89
7026,2019-08-04T12:41:15Z,6035eadbad92ef954f3cc58996e2cdacac2aab108cca21a86f5cf589,60.17002,24.94407,000000006b087f40,20.28
7027,2019-08-04T12:41:15Z,614ab7fba7255f6bf6f888e9a04d589962f756b3f427e658f10014f2,60.16075,24.95883,00000000f1124bca,5.41
7028,2019-08-04T12:41:15Z,6187e3415bcea985be770b4a90f3ed56fbfff1aa331759d34ccbd4ee,60.16897,24.95222,00000000aa852af1,31.5
7029,2019-08-04T12:41:15Z,62a6fe2d9b3b5b4533c51253f8842428bd797b3c6a95a7816ec472ed,60.14947,24.91438,000000004ef3150d,7.69
7030,2019-08-04T12:41:15Z,63d99db5b2b7360c501446ea5e89feba9bd1c6735a7670039916f2ad,60.1538,24.95595,0000000038bf9618,29.32
7031,2019-08-04T12:41:15Z,641e8defb97171d160f062c4bc3e9d06346f10d5246e6aeac935e1a9,60.16897,24.95222,00000000aa852af1,27.28
7032,2019-08-04T12:41:15Z,643ef3f01a51bea3c4510d4060a945cd510e5189236d68f5c9489034,60.16829,24.94214,00000000afef4555,1.38
7033,2019-08-04T12:41:15Z,64638a9f9e6c9b32fc4b484b55e4934fcab6cb04605cc76d5f5534b7,60.17065,24.93641,000000000f4919c9,10.78
7034,2019-08-04T12:41:15Z,64d86288e491374eed34c68c82763c2e5dbc87113cf5ca44f23233ba,60.16829,24.94214,00000000afef4555,13.75
7035,2019-08-04T12:41:15Z,64e34af775b57908b23056a31d60ef3b005941f2e7c3db0c49df675d,60.17065,24.93641,000000000f4919c9,17.4
7036,2019-08-04T12:41:15Z,6503762f2cac51cc2b74da1efa6b16583ed11c9a528d7716b7829c0b,60.16829,24.94214,00000000afef4555,11.7
7037,2019-08-04T12:41:15Z,6516a10850095847a8156717b0fba05a9bdc9b5bfedd691ddb07f119,60.14699,24.922,00000000a53ed894,7.05
7038,2019-08-04T12:41:15Z,6525cc634176c25187e68e0d067bcfecfd78e399e93db4ee9d408b7e,60.17919,24.95181,000000007b5207b6,25.36
7039,2019-08-04T12:41:15Z,665d63d919419fd9e119b361ffa0b838cbce146236f9e013a6abf51c,60.16762,24.95415,000000006b44cce7,18.79
7040,2019-08-04T12:41:15Z,6688790e10cbf0805c8bdc210412ed75d7999e61029da0b7ba29458e,60.16829,24.94214,00000000afef4555,23.56
7041,2019-08-04T12:41:15Z,66b9cea6cd979b4e9e391e0ef854e2cc38eca6fb9e166811e39edd11,60.16544,24.95398,0000000038d83d41,25.36
7042,2019-08-04T12:41:15Z,6723bebaab92d1a9f8b4318fd4f497a6dec6d7f8e0eafca443925213,60.16075,24.95883,00000000f1124bca,13.75
7043,2019-08-04T12:41:15Z,67591d427f60ba3c369ac0d78088fca7be33081501508d16401dd6cb,60.16762,24.95415,000000006b44cce7,3.4
7044,2019-08-04T12:41:15Z,675eacdf32b5b831fd118fc5539eea4b3cef4bd11e2e1706a9571222,60.16829,24.94214,00000000afef4555,5.91
7045,2019-08-04T12:41:15Z,6774ed72eaf69d7c4aaeeef90990f969954155bbcc52652e75e7deef,60.16829,24.94214,00000000afef4555,9.12
7046,2019-08-04T12:41:15Z,677c53ae4056d6cb123ca576ba5284664b1c7e3e88818bd19b5dd99a,60.17919,24.95181,000000007b5207b6,29.32
7047,2019-08-04T12:41:15Z,69375ef968867906fc11b34d1e2c4b436d452cd47cb577a7f9e566ef,60.16762,24.95415,000000006b44cce7,12.69
7048,2019-08-04T12:41:15Z,698b200b63a644828a7314691a16af2af1bccef75d52abb5591a5542,60.14699,24.922,00000000a53ed894,6.46
7049,2019-08-04T12:41:15Z,69f1de5049f5731749defe893b8ae9ada4f5f788a994b8f7413ef657,60.17002,24.94407,000000006b087f40,21.87
7050,2019-08-04T12:41:15Z,6b97071051ccf5db7e5ebee033d4f68d58ed6917ff2fac5b205a6605,60.17065,24.93641,000000000f4919c9,17.4
7051,2019-08-04T12:41:15Z,6f3dd17e40daabb4efe868f1b859dc00ecc01846f0a0e2b8db5d1413,60.17918,24.95141,00000000675d5200,7.05
7052,2019-08-04T12:41:15Z,6fdf4cfc3a0774e204869ab43ef69c6306cc40c0fd8bbb0f8b505e3a,60.16829,24.94214,00000000afef4555,29.32
7053,2019-08-04T12:41:15Z,70c56152af84cf1bad4d19b0cb31202232b4cd4320ce5ea48895e42b,60.14947,24.91438,000000004ef3150d,20.28
7054,2019-08-04T12:41:15Z,71479e7c1c4fd96468f16800ff04484480c76e0953d2074500b0df31,60.17919,24.95181,000000007b5207b6,18.79
7055,2019-08-04T12:41:15Z,72231bca658d3a16f3bf9c26ba5f13393b8377e4ab0b9ed3de6c811f,60.14699,24.922,00000000a53ed894,12.69
7056,2019-08-04T12:41:15Z,72e4de5ded503a6b09635fc51a720ce504c9e77552bc2ffae8d6cae3,60.14699,24.922,00000000a53ed894,14.89
7057,2019-08-04T12:41:15Z,733618d50499022af0ec3b91abdc93b6f3f252adb6891da4956ba4fb,60.15432,24.9211,0000000019fb59c4,31.5
7058,2019-08-04T12:41:15Z,733f21ebebe353e10a55a74b40a0a480e6d276334d4f3d8bcf85b711,60.16075,24.95883,00000000f1124bca,23.56
7059,2019-08-04T12:41:15Z,738ce77abafd1ca6f80e6f28e84d1b1886db4cfda3be6ffcdf52c1b1,60.14699,24.922,00000000a53ed894,12.69
7060,2019-08-04T12:41:15Z,745e52dafbfa395ea41c5fcd0c2717b9091e44d19ab89e03991fdbb7,60.16762,24.95415,000000006b44cce7,17.4
7061,2019-08-04T12:41:15Z,74cb545f76f0bfc5498607247e26e814276a11ce91f77208054ecbc5,60.17002,24.94407,000000006b087f40,27.28
7062,2019-08-04T12:41:15Z,759f94c852ff15ca91c3138913c3858c4801702f8f0514ae82fb2a19,60.16897,24.95222,00000000aa852af1,13.75
7063,2019-08-04T12:41:15Z,7664b7f08aaa059ecf6646a595c33fae0c80715febe63e31f45a4662,60.16762,24.95415,000000006b44cce7,6.46
7064,2019-08-04T12:41:15Z,777cceac7be6303a1c82f7cc68061528b01e3aa1b3aa6481cad9e5e3,60.16075,24.95883,00000000f1124bca,5.41
7065,2019-08-04T12:41:15Z,77a12194b9a6789f4b2b8c07ae7fce3c2b531cb221e5fa7ca5deae55,60.16897,24.95222,00000000aa852af1,16.1
7066,2019-08-04T12:41:15Z,77ceaec4fde53902092d2d373c6253344ab0dfea86c11865279cd49f,60.16829,24.94214,00000000afef4555,20.28
7067,2019-08-04T12:41:15Z,79bb1e615a834d4f653cec7efc45ad5b4bbedf2a83c55b44c586ad0a,60.14947,24.91438,000000004ef3150d,13.75
7068,2019-08-04T12:41:15Z,79bde23c1a8980f93a65e14306f0d8ea89e164430d8b991e2bfee82e,60.16531,24.9442,00000000fdda10fe,12.69
7069,2019-08-04T12:41:15Z,79d26f15a82c94ac5d05e0f2b6a6beeae1f407972ec39665d7ab9535,60.16829,24.94214,00000000afef4555,1.38
7070,2019-08-04T12:41:15Z,79d30a3ef05e3d34450d1c975b3fa9d21b994f078f943db791239b07,60.14699,24.922,00000000a53ed894,23.56
7071,2019-08-04T12:41:15Z,7a0c0b525f2d3eed6c873bd3b8d27bede551fe4a428ac15c23deadae,60.16075,24.95883,00000000f1124bca,11.7
7072,2019-08-04T12:41:15Z,7a4a06d20ebe57d94e5fceeaf47d5b56ad9a515818e9c20e21a80e61,60.16629,24.95957,00000000fb7600be,16.1
7073,2019-08-04T12:41:15Z,7ab335e046f7f3597f8f615a90857885e35cfecefebd5d24bbf0af90,60.16075,24.95883,00000000f1124bca,5.91
7074,2019-08-04T12:41:15Z,7af6672e274ebe27cdb785373a857fc5bcad92a386c36dbe3221d4f4,60.14947,24.91438,000000004ef3150d,14.89
7075,2019-08-04T12:41:15Z,7d85ddf11c6bc0fefabdb00f6e37abd4f4f62ced6ce2f2031b44795e,60.17002,24.94407,000000006b087f40,16.1
7076,2019-08-04T12:41:15Z,7d9a3d84c09c3a8d6876389e216e0278048d6b924890fb275a078ffb,60.16531,24.9442,00000000fdda10fe,0.71
7077,2019-08-04T12:41:15Z,7e31a4896ab0ff539440898dfabd8305df79869bff52da941016d1cc,60.1538,24.95595,0000000038bf9618,25.36
7078,2019-08-04T12:41:15Z,7e36fb1182193c51358dce0d239803bfdf30236f61f0352edbb1ad75,60.17065,24.93641,000000000f4919c9,27.28
7079,2019-08-04T12:41:15Z,7e76449e59f1e3a1a615b54408115353fbb14d815390d03a73b1a7bb,60.14947,24.91438,000000004ef3150d,10.78
7080,2019-08-04T12:41:15Z,7ee87b87cf01698f643e1ba3117b245039edc811605df5dc802e7576,60.14947,24.91438,000000004ef3150d,25.36
7081,2019-08-04T12:41:15Z,7f2f97e26d55f653ed70260ea4f893d01a3984cbdf6d7a3bfb2641de,60.16829,24.94214,00000000afef4555,27.28
7082,2019-08-04T12:41:15Z,7f786ec8e06f1ca3bdd10fc60d0114baf354125b8f6cf796d197f4cc,60.16075,24.95883,00000000f1124bca,4.5
7083,2019-08-04T12:41:15Z,7fe10e69931c2d658099a314f3fce64865329e12a7b834c375e2d5d2,60.14699,24.922,00000000a53ed894,14.89
7084,2019-08-04T12:41:15Z,80cc39b04598f971820e63498fd27ae72a12a45a60c220fe625b282a,60.14699,24.922,00000000a53ed894,14.89
7085,2019-08-04T12:41:15Z,82411c6526228322a61f59259f13adf7cde62bd767587b6735867705,60.17919,24.95181,000000007b5207b6,9.92
7086,2019-08-04T12:41:15Z,83121a75723643c48e3c3b0a3ea5fccb532046432ca445833e8de06a,60.16762,24.95415,000000006b44cce7,3.4
7087,2019-08-04T12:41:15Z,83e827ea070ed6a4107cd81c03e001aa1a5d76d22f7f5ac41e63e2e9,60.14947,24.91438,000000004ef3150d,14.89
7088,2019-08-04T12:41:15Z,848fe01e24ccc782e5968171f53ea31d28f20a455c45d8bac8fb7374,60.173,24.92524,0000000096918cfa,17.4
7089,2019-08-04T12:41:15Z,849a662d95d4185421aff7c6213ba5d7b84cfc58c9fb30ff34054e4c,60.16075,24.95883,00000000f1124bca,18.79
7090,2019-08-04T12:41:15Z,859b417d0b562f5c4ab33c3877c95cd7cbb332db91dcd0f4e7a4f3b6,60.14699,24.922,00000000a53ed894,12.69
7091,2019-08-04T12:41:15Z,85d67c3be46ecb66832dfd9090a931e1be3dd056f718ea6786622131,60.16897,24.95222,00000000aa852af1,14.89
7092,2019-08-04T12:41:15Z,868cd7608ed6beb209db2aad8c71f56b8aec3a6b453be18e4af217a2,60.17065,24.93641,000000000f4919c9,12.69
7093,2019-08-04T12:41:15Z,87cbb5265cd1cc3213ddb5ed9ed2a599ddb7db0b0747121d649b0ae3,60.16544,24.95398,0000000038d83d41,29.32
7094,2019-08-04T12:41:15Z,880199eb6ea550eb4955b138deb7445a5af157ef4f765eb5413c2b88,60.16897,24.95222,00000000aa852af1,25.36
7095,2019-08-04T12:41:15Z,8822ffe19dec49fe874ac377de5a0504e931e342ecc1f5b1fcb939e5,60.16897,24.95222,00000000aa852af1,16.1
7096,2019-08-04T12:41:15Z,885bcc6af7d0aa9718fe1030e32ffff1de5171ae5ef67cf0011874fb,60.14947,24.91438,000000004ef3150d,5.91
7097,2019-08-04T12:41:15Z,8947a5209f3b32173d3dc72792039edf94a2711741ab041b62b30643,60.16762,24.95415,000000006b44cce7,4.11
7098,2019-08-04T12:41:15Z,896f7e896dc6f1ea44b82bf968a988cc10c358ee34821d9d7a4bd07a,60.14947,24.91438,000000004ef3150d,3.4
7099,2019-08-04T12:41:15Z,8a08b2de43a9ef03cf96610718c908e69dcacc59f536a7135b7bb542,60.16629,24.95957,00000000fb7600be,10.78
7100,2019-08-04T12:41:15Z,8b641985c793a3f25a45b2460cb01f5baa6f339c6dd26ba7752d8a7a,60.16897,24.95222,00000000aa852af1,10.78
7101,2019-08-04T12:41:15Z,8ba6cfc17ca70e8304994e018ebd5eb2003177062cde05925d5cacb3,60.173,24.92524,0000000096918cfa,11.7
7102,2019-08-04T12:41:15Z,8bbf5422247a0a6be314130d8fd9ae1814401b75acf3b3ce2da9620c,60.14699,24.922,00000000a53ed894,10.78
7103,2019-08-04T12:41:15Z,8d157664d7a30af43a92ef9d64d3224207925cb988b42a10c42daaa5,60.14699,24.922,00000000a53ed894,27.28
7104,2019-08-04T12:41:15Z,8d528b00553162a9dd47d2296d15b2fad89aad6a508424d4589618a1,60.14947,24.91438,000000004ef3150d,6.46
7105,2019-08-04T12:41:15Z,8d73f674010f5cb02e8f20251ed86a9afcb7f6b3926039470296bd00,60.17065,24.93641,000000000f4919c9,31.5
7106,2019-08-04T12:41:15Z,8d8a869e83fe2ac29e791666634a33af3ea4048ea4e752b6fb1e238c,60.14947,24.91438,000000004ef3150d,13.75
7107,2019-08-04T12:41:15Z,8dcf139eb279bcc2696420ba9da858e361600ff02cd29587f66660ec,60.16897,24.95222,00000000aa852af1,21.87
7108,2019-08-04T12:41:15Z,8edd2176e127f8d3baff43afa20a9869b1e3a4f6df8a0930b52064d1,60.14699,24.922,00000000a53ed894,9.92
7109,2019-08-04T12:41:15Z,8f9026cfff0b3ccd2e7a22e5767bee52b08ab5630d1c6ac046bf7f39,60.16544,24.95398,0000000038d83d41,21.87
7110,2019-08-04T12:41:15Z,9023a89a49a372e5f97cf86ef1b5de0164eb67cc10d394d383ab75fd,60.16829,24.94214,00000000afef4555,18.79
7111,2019-08-04T12:41:15Z,920dc90f60b295267f63efc8f968408087b71878dc3f49f0ded1c41e,60.17919,24.95181,000000007b5207b6,23.56
7112,2019-08-04T12:41:15Z,926717d61529080dfc4c7f8cdcdc82c6490d2a5129474524b8c40ea4,60.16829,24.94214,00000000afef4555,11.7
7113,2019-08-04T12:41:15Z,93a2100e233b204243f7e69b68dea7c9a145d1b5384bd18359bf87a3,60.16531,24.9442,00000000fdda10fe,1.54
7114,2019-08-04T12:41:15Z,93e409819362e2429a43710ff4330bd3ed83011b73ae438dd7fb62d8,60.16762,24.95415,000000006b44cce7,16.1
7115,2019-08-04T12:41:15Z,9575ef1c44f26f0301d726029c8b1c28011a4724496943451bee6544,60.14947,24.91438,000000004ef3150d,7.69
7116,2019-08-04T12:41:15Z,958ab5fd2d2c7f0c3fe6dc14fe27005fcf35b013db75f708c22a3619,60.16762,24.95415,000000006b44cce7,12.69
7117,2019-08-04T12:41:15Z,9604244c18efd5978b809f021651f7743e0e64da38fcf3718f9b4f93,60.14699,24.922,00000000a53ed894,5.91
7118,2019-08-04T12:41:15Z,97264f5808fa13851dacabf0c98525eec29849ff4b6a744cc777fd5b,60.16075,24.95883,00000000f1124bca,12.69
7119,2019-08-04T12:41:15Z,9736a8a29aee134a307e0cd4221e9b0a2ab7c48befee43fc62e9f9bd,60.14699,24.922,00000000a53ed894,5.41
7120,2019-08-04T12:41:15Z,98162c76493f6310ae46e45562327ad94182de391f9651985aae487d,60.16762,24.95415,000000006b44cce7,17.4
7121,2019-08-04T12:41:15Z,9862cafd709b75d07c83b397773e0cf33564666cb81814bdbf5e54f2,60.16897,24.95222,00000000aa852af1,18.79
7122,2019-08-04T12:41:15Z,987d01417bcff2d7f663704309df2ebdcdb035da3ddb085fab0cf928,60.16829,24.94214,00000000afef4555,8.38
7123,2019-08-04T12:41:15Z,98bb3b6f5e2403b14b8e01616c07b03bb1fd153ded656033d7bd3533,60.16075,24.95883,00000000f1124bca,25.36
7124,2019-08-04T12:41:15Z,992f6feda52c82ad67e40af55b5602bb22411020701998c6bd65faed,60.16762,24.95415,000000006b44cce7,8.38
7125,2019-08-04T12:41:15Z,9a9db814dfa74ca2c2d51496299715310e81c6e6525cc9d2cb0762eb,60.16897,24.95222,00000000aa852af1,20.28
7126,2019-08-04T12:41:15Z,9b8a48b949de8c2f6b09fb1d8e45b6266e4c76b514c2d08d1d53642b,60.14699,24.922,00000000a53ed894,14.89
7127,2019-08-04T12:41:15Z,9bad872c31c8c5e53f064b5367350b41271d45ca8a9e508136622800,60.16897,24.95222,00000000aa852af1,16.1
7128,2019-08-04T12:41:15Z,9e3d4a4b1acd94d2896cd7cf56419110f06ea96faae37aadebd4ec77,60.14947,24.91438,000000004ef3150d,8.38
7129,2019-08-04T12:41:15Z,9ff13c715073d5ad9c464cb67b6de3f703435cf389c32cce5626dfe1,60.149,24.9843,00000000fffb8cf0,13.75
7130,2019-08-04T12:41:15Z,a0db7e8063bede2dd55c2c6cf5111932617ecace670ff65314a7d349,60.16629,24.95957,00000000fb7600be,9.12
7131,2019-08-04T12:41:15Z,a1b52cda133b45cf931b9e31d4037fb841f80432e99d6a000beeadc8,60.17002,24.94407,000000006b087f40,27.28
7132,2019-08-04T12:41:15Z,a38a21a97a054541f0423f03758c70227116c05254958373e3e93ad0,60.14947,24.91438,000000004ef3150d,8.38
7133,2019-08-04T12:41:15Z,a3d228482bfdd3dbdfaee1ff72b6ac00c2ee8c05e949047ce9117783,60.14699,24.922,00000000a53ed894,7.69
7134,2019-08-04T12:41:15Z,a41e158d772eaf06a23fe6c476419f78fae156bf286c7e56e79cea64,60.14699,24.922,00000000a53ed894,11.7
7135,2019-08-04T12:41:15Z,a422a30ec1eb058c7930e1352297c161639faa5b3ca5f5fa47c4adb3,60.14947,24.91438,000000004ef3150d,9.92
7136,2019-08-04T12:41:15Z,a4f05f051bcfca133a26598acf07c511ab31635d304f4e590b6acfd9,60.16762,24.95415,000000006b44cce7,31.5
7137,2019-08-04T12:41:15Z,a4f416ec0941bb365e3665d7fd224fad15d74225e8ce9f6dd6368bc7,60.17065,24.93641,000000000f4919c9,23.56
7138,2019-08-04T12:41:15Z,a590e9fb8960943273ead07320590436c531fbaf32e54f7db42f1f19,60.16629,24.95957,00000000fb7600be,25.36
7139,2019-08-04T12:41:15Z,a6158fc663b4931ef4e811a4acf62ab2f658241775e200b14684f87d,60.16897,24.95222,00000000aa852af1,13.75
7140,2019-08-04T12:41:15Z,a6f944078dd26796f5a849ccb6fdf8a4436f913cf3302597c846462d,60.16762,24.95415,000000006b44cce7,8.38
7141,2019-08-04T12:41:15Z,a7472d1b63171c047444981df223670390009e3ea502132d9963e9fb,60.14947,24.91438,000000004ef3150d,5.91
7142,2019-08-04T12:41:15Z,a76d219c3abcc4ec3a54dd834263f9a24972c71be4c7bbbfc663f22f,60.14699,24.922,00000000a53ed894,4.11
7143,2019-08-04T12:41:15Z,a775a3d1899c2c6fe5de9d036fe26cee03497df5bcbb2646e8efc8db,60.16762,24.95415,000000006b44cce7,16.1
7144,2019-08-04T12:41:15Z,a794d97e26d3678bb11b4364880414bb7bfac4bb49d1867b37b489f7,60.14947,24.91438,000000004ef3150d,6.46
7145,2019-08-04T12:41:15Z,a8df2631c2442628608c1f0352c896eb532a6ca08c85de2c77360aa8,60.14947,24.91438,000000004ef3150d,10.78
7146,2019-08-04T12:41:15Z,a9383e1c3d9b3355965662ff18ad95dfb64daa5d8e71fc20e7e50df7,60.14699,24.922,00000000a53ed894,17.4
7147,2019-08-04T12:41:15Z,aa076c3f0d09145aebbb750dde9849ba4eb6759e92ba5753280184d6,60.16762,24.95415,000000006b44cce7,8.38
7148,2019-08-04T12:41:15Z,ac93ac0788af8e1b0f20fada4f15ca1ad31f4084b133482d8211571d,60.14699,24.922,00000000a53ed894,16.1
7149,2019-08-04T12:41:15Z,acdcc8ae1d1c6bb055dfc108154eae58b4b894f0ce1ff174c1065c7e,60.16762,24.95415,000000006b44cce7,3.09
7150,2019-08-04T12:41:15Z,ad8af809ed47a3391bb53d11da159b3a8b0ddc264d94c049ce72bda0,60.17065,24.93641,000000000f4919c9,2.08
7151,2019-08-04T12:41:15Z,ae08ba8b9f7ef2a4326d6d7bbf452a87d08f8062feaf20cb7101d414,60.15432,24.9211,0000000019fb59c4,29.32
7152,2019-08-04T12:41:15Z,ae87b8dd8920695bc9e599874667205991c04e30666d8523f0be4350,60.14947,24.91438,000000004ef3150d,9.92
7153,2019-08-04T12:41:15Z,aec4b11f0b1ec075878ca4a3b94da464f6fc96e330b913d5bfd346b0,60.16897,24.95222,00000000aa852af1,4.94
7154,2019-08-04T12:41:15Z,af64ca430076b1e91eeb89134e0e026479928845cbe1943bc56104c2,60.14947,24.91438,000000004ef3150d,7.69
7155,2019-08-04T12:41:15Z,b11910a4d628e08056481b347d9a80d6edb23f1f2612beaa24606c8b,60.16762,24.95415,000000006b44cce7,18.79
7156,2019-08-04T12:41:15Z,b2a01c2a06c3cf1a48333e58e787d9eaf2f975a738c02878220d7774,60.16829,24.94214,00000000afef4555,16.1
7157,2019-08-04T12:41:15Z,b3d99c04e3db6b698e6e54f19434461336954d0c15385bff6e557be8,60.173,24.92524,0000000096918cfa,29.32
7158,2019-08-04T12:41:15Z,b41cc64d7ab4e16a03573bdc3b5863c4b402ec66c7780c7900c02877,60.16829,24.94214,00000000afef4555,9.12
7159,2019-08-04T12:41:15Z,b523d3f8341906e4b3877ff7d9614b4e10d6bbf10afdcc6c53656c8f,60.17065,24.93641,000000000f4919c9,11.7
7160,2019-08-04T12:41:15Z,b5e3abaccf4a03480985d25eb9fbf454c87f7ad06c38c8bdeb0819fa,60.14699,24.922,00000000a53ed894,20.28
7161,2019-08-04T12:41:15Z,b7039958be9f53a3eaed97f705a1974815f52f25226e920155397bec,60.16075,24.95883,00000000f1124bca,18.79
7162,2019-08-04T12:41:15Z,b81e80c4efa2f6bf7a24861abfd0f0fb5672f1512dc7545a1d387f7f,60.16762,24.95415,000000006b44cce7,5.91
7163,2019-08-04T12:41:15Z,b92c7fb1d77c3f326d59dbe2689bb5b8ff10fcd691f28b36aa98408c,60.17002,24.94407,000000006b087f40,21.87
7164,2019-08-04T12:41:15Z,b95117e603641dd0d77f12165023522553f649c2e803bc0799cc598d,60.16762,24.95415,000000006b44cce7,18.79
7165,2019-08-04T12:41:15Z,b9c0ac0bb7310d92c296a8870603ebd12c0c632cfc2a1fa33092b337,60.16762,24.95415,000000006b44cce7,10.78
7166,2019-08-04T12:41:15Z,baa2e34cb17a3e4b813a9a7578ddf421b7013fa00788af744fe6fc28,60.1538,24.95595,0000000038bf9618,29.32
7167,2019-08-04T12:41:15Z,bb0193f2b0ac4801fe82ed5cec75e687465d707d92e731047f81650f,60.1538,24.95595,0000000038bf9618,2.08
7168,2019-08-04T12:41:15Z,bbe1e18f88cf88928067a0221965768c1f2ae264291cea564d7eb7e8,60.16897,24.95222,00000000aa852af1,11.7
7169,2019-08-04T12:41:15Z,bc07df8cc395f6f4f5d483b2233caca5f93a6918f346e4cc3702f8cc,60.16531,24.9442,00000000fdda10fe,17.4
7170,2019-08-04T12:41:15Z,bcf688ec2e666179e52a495a8304dd7aaaf4acad52788a0929b287a2,60.14699,24.922,00000000a53ed894,17.4
7171,2019-08-04T12:41:15Z,bddca8fc17056f9f207a259070e281eedf4cea3e8e22093b88bbd7b5,60.14699,24.922,00000000a53ed894,11.7
7172,2019-08-04T12:41:15Z,be21a77f983baae8e0ba646eda0988a618149dcc7ef4c303c35d5377,60.14947,24.91438,000000004ef3150d,4.11
7173,2019-08-04T12:41:15Z,bebf1edb9736fe66391376c4cf2a3033ab9fa83ae21f86b66392e2d0,60.16762,24.95415,000000006b44cce7,9.12
7174,2019-08-04T12:41:15Z,bf2e5725b255e320f1e8375ec03f55194f1fd9f751be9629d873a5c8,60.14699,24.922,00000000a53ed894,3.09
7175,2019-08-04T12:41:15Z,bf992d3cd95a73f02d7223eaffe90a94e3e1e98a8c6759bab631b5b0,60.14947,24.91438,000000004ef3150d,8.38
7176,2019-08-04T12:41:15Z,c0722f63618f97eb8ec4afac1a8538b81a3c87e623d753ad1201bf7c,60.16075,24.95883,00000000f1124bca,5.41
7177,2019-08-04T12:41:15Z,c0a0ca3433586ed2ae0e448f2406fabac7292ac79d49562e0bd5cef8,60.16762,24.95415,000000006b44cce7,14.89
7178,2019-08-04T12:41:15Z,c18a638a8f7d2d4e67c538d49830623f943f762f4942350ba7358441,60.173,24.92524,0000000096918cfa,17.4
7179,2019-08-04T12:41:15Z,c1e4323d2276cb6e358f5fabb123294e7a0ef87e7169f3cccc8f2e03,60.16075,24.95883,00000000f1124bca,21.87
7180,2019-08-04T12:41:15Z,c261834e6d2c1bd9adddb82d8c6ce2d8aad82a89e32da62f3fcc6063,60.16075,24.95883,00000000f1124bca,20.28
7181,2019-08-04T12:41:15Z,c2e68a89f4417a1bdd76939a6291e77506d114d019fba9e438f48c9f,60.16544,24.95398,0000000038d83d41,21.87
7182,2019-08-04T12:41:15Z,c36d58ed0e0dddb3e26be1214e369db1c3fa3d4bcf8b53536a25239b,60.17065,24.93641,000000000f4919c9,4.11
7183,2019-08-04T12:41:15Z,c3b2521faf0f7ae79434e40e86c59699d399444b775c7619f6e73e36,60.16075,24.95883,00000000f1124bca,25.36
7184,2019-08-04T12:41:15Z,c3be6dcc2c0542676c20d28ce38adbe2c0b9be09caa3f22e60210636,60.16075,24.95883,00000000f1124bca,16.1
7185,2019-08-04T12:41:15Z,c3e5ee20ca76f7347fda00c4c2fdee291bc6d843a879b26fbdd70390,60.17065,24.93641,000000000f4919c9,16.1
7186,2019-08-04T12:41:15Z,c493415e869d6e6304841784a120f994272b83557256b43e44e4f3e0,60.14699,24.922,00000000a53ed894,6.46
7187,2019-08-04T12:41:15Z,c4dfae0a1b1bd27741275e8f26148b119bf7225960b4275e488612b9,60.14699,24.922,00000000a53ed894,21.87
7188,2019-08-04T12:41:15Z,c551d554f64ffda092ce6c4a6715f0ed438c9649f7676b2944f1ea2f,60.14699,24.922,00000000a53ed894,8.38
7189,2019-08-04T12:41:15Z,c633a260ce59bad4e1ca42f12936ed8ae57a40f5e6528dfb70052c43,60.16897,24.95222,00000000aa852af1,7.69
7190,2019-08-04T12:41:15Z,c68c02229f2c658d55b76c15cf2816f538b896ce5d3c0ebfc2a90911,60.149,24.9843,00000000fffb8cf0,38.87
7191,2019-08-04T12:41:15Z,c6b973b57d5574eb3341b3141a5ba2b28f477ae9e702ab4ae701cc0d,60.14699,24.922,00000000a53ed894,13.75
7192,2019-08-04T12:41:15Z,c728eaa7734efeabe7f33c782081caa960fcced68160e285ee477916,60.14699,24.922,00000000a53ed894,9.92
7193,2019-08-04T12:41:15Z,c7416c039513e3156222d936c483164a0914a3b5a5310985374f4767,60.17065,24.93641,000000000f4919c9,21.87
7194,2019-08-04T12:41:15Z,c90216654c3f7c2e3af7070a6d4971c17195f6f95e696ce1b74a83f6,60.14699,24.922,00000000a53ed894,16.1
7195,2019-08-04T12:41:15Z,c905a50dedd9b3d2114cde9160b7adf83adc09683b65598ce24c4047,60.1538,24.95595,0000000038bf9618,20.28
7196,2019-08-04T12:41:15Z,cb3f05d5604f5532e039e6d40514b13aba8f6274d952bb17a8b801fc,60.15432,24.9211,0000000019fb59c4,23.56
7197,2019-08-04T12:41:15Z,cbc336691f17a9c508549e03d522166247a0cd0a944321c1a7d15525,60.14699,24.922,00000000a53ed894,9.12
7198,2019-08-04T12:41:15Z,cbd334d06c16786ddc543b71b34da6278d203ac72606f0f9275e0936,60.16829,24.94214,00000000afef4555,18.79
7199,2019-08-04T12:41:15Z,cbeef3bda7bad2ba1dc31f986349ad235f07ee8d53eb4d0bbc920ecd,60.14699,24.922,00000000a53ed894,12.69
7200,2019-08-04T12:41:15Z,cc2cf42c6b14536fb92c810ff0e3dd5a3caa74236f14246a5b6e8cdc,60.16762,24.95415,000000006b44cce7,7.69
7201,2019-08-04T12:41:15Z,cce6b6f309e43e2bb1be6a9784582a82891e976d0869d01040586d27,60.14947,24.91438,000000004ef3150d,5.91
7202,2019-08-04T12:41:15Z,cd2346f3db5667fe43eb0d974ddf486ce9722fe427e98ee232d1ba12,60.14951,24.92138,0000000006dd41f6,18.79
7203,2019-08-04T12:41:15Z,cd3e127e27387b6e06cdf27f46fb6046e4182e4d7b49b49c17167c1c,60.14947,24.91438,000000004ef3150d,7.69
7204,2019-08-04T12:41:15Z,cd47b9ac851ce6b21df7b8e918554b0cb1a12d03da7e0aaf14e19314,60.14947,24.91438,000000004ef3150d,17.4
7205,2019-08-04T12:41:15Z,cd4ecd3b83630f6e5d65f635804e47a1ceb82853aac36af30044f06a,60.149,24.9843,00000000fffb8cf0,9.92
7206,2019-08-04T12:41:15Z,cd9b2be9ffb37c8b7c5c25f587c95b1c7932a21fb245487ea2f740d9,60.14699,24.922,00000000a53ed894,11.7
7207,2019-08-04T12:41:15Z,ce6a8017f454ee88825097762b1bdb8e5ba78fff9cd3e49bc2ee2400,60.14699,24.922,00000000a53ed894,17.4
7208,2019-08-04T12:41:15Z,ceb777dafa9b7e39125b89735b7f0cf22c3018eb0196043ac8160370,60.14699,24.922,00000000a53ed894,11.7
7209,2019-08-04T12:41:15Z,cef1d06a10cfa08bcaef8b36535c2ec32c756a76cc0d5c2a1246f933,60.14699,24.922,00000000a53ed894,25.36
7210,2019-08-04T12:41:15Z,cfa42322be0000cf89d8969d1b88ace0ba99cab721dd58d55d41a36e,60.17065,24.93641,000000000f4919c9,9.92
7211,2019-08-04T12:41:15Z,cfc2a688ff31fbb1baac8790fb6d56dc7746ba2cf9e0e5f39d4751a4,60.14699,24.922,00000000a53ed894,4.11
7212,2019-08-04T12:41:15Z,d0413da80c7714f40ffe50dcfb00039280c64ecebc61c59df72965e6,60.149,24.9843,00000000fffb8cf0,16.1
7213,2019-08-04T12:41:15Z,d098b9b5b30c5fcd4ae8a2b8bc761df72829713d3ae919634876d349,60.14699,24.922,00000000a53ed894,11.7
7214,2019-08-04T12:41:15Z,d0aa228c2a3e6e1568e876cffc76874702e0f0f63f18533551bf02c1,60.16075,24.95883,00000000f1124bca,13.75
7215,2019-08-04T12:41:15Z,d0cab2a2660dcc5cb99a9bdf39d2e6b31b7498985db1b50e48cb478d,60.18203,24.91341,00000000342570c2,20.28
7216,2019-08-04T12:41:15Z,d295fce65c7332728ab79761524c814f41bd0cefa3ad9ef62ac18993,60.14951,24.92138,0000000006dd41f6,23.56
7217,2019-08-04T12:41:15Z,d3486259a51296194d20e84e88ba4588e37cf48661effba832c33ab0,60.16762,24.95415,000000006b44cce7,14.89
7218,2019-08-04T12:41:15Z,d38e88e5b926f9d1de6e326cca45116fcca11f10684c80876739c6cd,60.16075,24.95883,00000000f1124bca,4.94
7219,2019-08-04T12:41:15Z,d3a37aedae39925bda7da8e4f05a61b85904a00f88e8684006c76351,60.16829,24.94214,00000000afef4555,11.7
7220,2019-08-04T12:41:15Z,d64eda229ebb6012e59bc89eacb74918e404ce52f16b491f3d48e800,60.16897,24.95222,00000000aa852af1,9.92
7221,2019-08-04T12:41:15Z,d87210146aab139cc6640a20b428dce6ac516806a71a177b70e04f62,60.17065,24.93641,000000000f4919c9,11.7
7222,2019-08-04T12:41:15Z,d9e1972e6cb517827f9c355e591924449d0bbdc9bb0f5bc1f8d4f29a,60.16629,24.95957,00000000fb7600be,18.79
7223,2019-08-04T12:41:15Z,da0c40291d3ace2273a08e3c9b87cbc15b0f03d0dba61e7c5a88dc0c,60.15432,24.9211,0000000019fb59c4,21.87
7224,2019-08-04T12:41:15Z,da39249a4e10c706b90f9484ee61aa801eb91dd4b647e1f0fec07afc,60.16762,24.95415,000000006b44cce7,20.28
7225,2019-08-04T12:41:15Z,da667dfa2d8a272a7398e186de027fabd2052052c0aad767a1c7d966,60.16897,24.95222,00000000aa852af1,18.79
7226,2019-08-04T12:41:15Z,daac051ca20430238282e179e0fe525b11ff1e8f1ace26d45b41f331,60.14947,24.91438,000000004ef3150d,4.94
7227,2019-08-04T12:41:15Z,db6993de0692cf79ab1b8e7d86e4b5832d11f57f026a6eb339f977bf,60.14699,24.922,00000000a53ed894,6.46
7228,2019-08-04T12:41:15Z,ddc8410b9e4ece4b995b789f95e526693bac176ed77092ba57355dc8,60.16762,24.95415,000000006b44cce7,7.05
7229,2019-08-04T12:41:15Z,ddd849ee86afceedd5f5582ede84380d5596c9ea304d634ab0fd0de0,60.16829,24.94214,00000000afef4555,0.59
7230,2019-08-04T12:41:15Z,de09fd8d15c3d7adbf440a3d0a418a3b476513c968bda8a4aa652adf,60.173,24.92524,0000000096918cfa,21.87
7231,2019-08-04T12:41:15Z,de0d086ae32f87522eab31d3bc52545ed17b065889674963c0709568,60.16829,24.94214,00000000afef4555,23.56
7232,2019-08-04T12:41:15Z,de84f754a3916c8f831b0bb8ea41fc2a42cdea2794558fece3c7ae97,60.1538,24.95595,0000000038bf9618,20.28
7233,2019-08-04T12:41:15Z,e02c0f9f72e9f248a4b5df8af328e1a0132d4d8a72c1e603d14cdacd,60.18203,24.91341,00000000342570c2,20.28
7234,2019-08-04T12:41:15Z,e23a6115ba872037f9b5066c9c9c966b497f449e32a2c9ceb0e55497,60.16829,24.94214,00000000afef4555,4.5
7235,2019-08-04T12:41:15Z,e2ad7d478fd698beae83366f49585d9825bec4865c1610162f3108c2,60.16897,24.95222,00000000aa852af1,25.36
7236,2019-08-04T12:41:15Z,e341e5e3e0b4fef8c3764508293310da5922b202d791694e43069ad1,60.16544,24.95398,0000000038d83d41,16.1
7237,2019-08-04T12:41:15Z,e34bcebfa007159f3d2adb0e62e20fcf721a221f52bdfe2a6ad77831,60.18203,24.91341,00000000342570c2,18.79
7238,2019-08-04T12:41:15Z,e35717ff07f32be5a2e1520f1855533f8dcc72cff7930c9cba9da32b,60.14947,24.91438,000000004ef3150d,13.75
7239,2019-08-04T12:41:15Z,e36b6b16493b163fe2a28f600af0c8a0b52cd6b3a0a9fa93791c142e,60.16762,24.95415,000000006b44cce7,17.4
7240,2019-08-04T12:41:15Z,e3c03ee00a1bcd066f8b260cc5b9824d1118b7b7f972a818752aabc7,60.14947,24.91438,000000004ef3150d,9.92
7241,2019-08-04T12:41:15Z,e3e3bac265ab2713063d7435bf5c7374dfc7dfc647fb677a030a1a49,60.18203,24.91341,00000000342570c2,21.87
7242,2019-08-04T12:41:15Z,e40a26f3f7468f4ac2302b45f1ed9aab7fea245ccf81d0c08072c881,60.16829,24.94214,00000000afef4555,18.79
7243,2019-08-04T12:41:15Z,e447e76c7b53157c11d5bfeb172c27332c81b5ec7f263badf5507888,60.149,24.9843,00000000fffb8cf0,18.79
7244,2019-08-04T12:41:15Z,e4b111abda6e15229c808fb72d5c0c38e2cf3abdbbb62fff5ae48e42,60.16762,24.95415,000000006b44cce7,9.12
7245,2019-08-04T12:41:15Z,e4f8eb3c654b642eaf00a350d3f55a7ec5156d7693c81bb994f49d52,60.1538,24.95595,0000000038bf9618,31.5
7246,2019-08-04T12:41:15Z,e6f4e3d1f5e01888556b077224cb4d8f88d63306fff2388e3fd997d0,60.14951,24.92138,0000000006dd41f6,21.87
7247,2019-08-04T12:41:15Z,e6f7965f2ef456f61121bcce5e466f125192e511c2af72d901307e8e,60.16762,24.95415,000000006b44cce7,10.78
7248,2019-08-04T12:41:15Z,e7cd5f775c7eea951719f351fcc25c710f857832d6f4b70a51b7b82d,60.16897,24.95222,00000000aa852af1,23.56
7249,2019-08-04T12:41:15Z,e826dedac8582e619ce18cd7eed68be5ee1fc9ed37e191e06f916835,60.14947,24.91438,000000004ef3150d,7.05
7250,2019-08-04T12:41:15Z,e8edad8445fc4965a5c0eae45906480d83b15e61fc6139c7bdea1e33,60.14699,24.922,00000000a53ed894,12.69
7251,2019-08-04T12:41:15Z,e92eb020afcd7c1fad04690230ff8c2f005e404dd25b8dced1df30dd,60.16075,24.95883,00000000f1124bca,4.94
7252,2019-08-04T12:41:15Z,e9e19621fc5cfcfed2c808bbadc6cc6dd31e28d3c04cef8b89ca2729,60.16075,24.95883,00000000f1124bca,10.78
7253,2019-08-04T12:41:15Z,ea157e44ed100be3f782d8b3d8e5e0986079c588c9ea754b14917df0,60.16829,24.94214,00000000afef4555,3.74
7254,2019-08-04T12:41:15Z,ea2f4d9799324f4cd2a6fcda1625b65acdbab9f6b8331c26f63beec2,60.16897,24.95222,00000000aa852af1,18.79
7255,2019-08-04T12:41:15Z,eac6fda3a18aa9ce55b6359f5c62a044e0bcd6bc3576c8cd815acf07,60.14699,24.922,00000000a53ed894,5.91
7256,2019-08-04T12:41:15Z,eb6541383f8b12fc5476e5e2bc406933edfd211f49a1bbb93f323fa0,60.14699,24.922,00000000a53ed894,11.7
7257,2019-08-04T12:41:15Z,ec350e26364cb676c4cdb72647f039c31e27c775e7bb8973223e5d9b,60.14947,24.91438,000000004ef3150d,10.78
7258,2019-08-04T12:41:15Z,ec424a10bcefb6e69c2eabf42534f06e7a10aa0cfb28f6478052cade,60.14699,24.922,00000000a53ed894,13.75
7259,2019-08-04T12:41:15Z,ef352dcaa8317b6a3c0a02cd8908dd13da5601cc66ba65c5fd8d031a,60.14947,24.91438,000000004ef3150d,3.09
7260,2019-08-04T12:41:15Z,ef77b04fc57a9781bf581172358ba74cf41e0b2a6ecc8090f99810bf,60.14699,24.922,00000000a53ed894,21.87
7261,2019-08-04T12:41:15Z,efe8b6c6fdf0d2caccd589aaaa4f0228a80590ff9ec7961f2e92103d,60.16762,24.95415,000000006b44cce7,5.41
7262,2019-08-04T12:41:15Z,f062cb52d49926a4fb39f723275ed60ab6c0f3bf34e0c3f9d233b7b8,60.14947,24.91438,000000004ef3150d,2.8
7263,2019-08-04T12:41:15Z,f1845e00642980be3cdc27a088c619bb0616b86f7cfa0b8909efac80,60.16544,24.95398,0000000038d83d41,25.36
7264,2019-08-04T12:41:15Z,f1eb1b22a5e01064a1829b325d256218c68bc9134f03a3f09f3e2566,60.16829,24.94214,00000000afef4555,17.4
7265,2019-08-04T12:41:15Z,f20f951802c722181f0e90095001c49e73f84049bb105b95c97049d1,60.17918,24.95141,00000000675d5200,23.56
7266,2019-08-04T12:41:15Z,f2759841619517bff6a58510ebb0ddbc9378cd300d99652f9b14f90d,60.16531,24.9442,00000000fdda10fe,25.36
7267,2019-08-04T12:41:15Z,f2deba4ef84dbbc8c5d8524f6e2311183003bce4f9bfa6aef5b5ef66,60.14947,24.91438,000000004ef3150d,11.7
7268,2019-08-04T12:41:15Z,f2e063c8c25a8bec0dd6ec3924a5f59fd9694078f2f3fd5b3ea96f29,60.16762,24.95415,000000006b44cce7,12.69
7269,2019-08-04T12:41:15Z,f39827c3c7f4c833d1118043492f78e3255b6da9f4a2c000041d9b61,60.16829,24.94214,00000000afef4555,11.7
7270,2019-08-04T12:41:15Z,f3ec2366b51157150674e5ab6293bdb19e0b30ca4296fee4c97b811c,60.14699,24.922,00000000a53ed894,12.69
7271,2019-08-04T12:41:15Z,f5f7cfe177dfb0b7ebba2419ae53f70b6b5690dd98d98586004a9107,60.149,24.9843,00000000fffb8cf0,9.92
7272,2019-08-04T12:41:15Z,f7138664632ea7f53fd8220106efdc3549b5e3ca9aef8d406a194e97,60.16829,24.94214,00000000afef4555,21.87
7273,2019-08-04T12:41:15Z,f7f0caf73572bea3c08b592eeb9655b2668cfb16fd8840ca5619d84a,60.14699,24.922,00000000a53ed894,1.38
7274,2019-08-04T12:41:15Z,f84faae0aa9ce2d1d09d270282dd81033ad1352346128534d8c3fc7f,60.149,24.9843,00000000fffb8cf0,31.5
7275,2019-08-04T12:41:15Z,f9f454563bb2c7fd9944c5f164bf6c5fad98bb698039934d4d8b54dd,60.16897,24.95222,00000000aa852af1,25.36
7276,2019-08-04T12:41:15Z,fa96854324adae88abb35afa34b2393a20338bfd8fc9602d3ce6ae8d,60.14947,24.91438,000000004ef3150d,7.05
7277,2019-08-04T12:41:15Z,fce50ac3cfd2f3b7a897f6575eeda4e45ab42e5b9b5351be836cc0de,60.16897,24.95222,00000000aa852af1,29.32
7278,2019-08-04T12:41:15Z,fd77161cf9715d9d0f922cf45e79e5d9b9debef5113cb32a4f82ef76,60.16762,24.95415,000000006b44cce7,9.12
7279,2019-08-04T12:41:15Z,fe5ca86c906b1cb3bf9dd257ceefc562e41da499878f1074484f7d42,60.14947,24.91438,000000004ef3150d,13.75
7280,2019-08-04T12:41:15Z,feef8514003d83f6df23d1f12c4f5c23c5605b684b459e94f0e6e6da,60.16448,24.97323,0000000053c6c2be,27.28
7281,2019-08-04T12:41:15Z,ff4f3e0f964f23b97e88626f7a506bb4409718931712c58ce0f247af,60.16762,24.95415,000000006b44cce7,7.69
7282,2019-08-04T12:41:15Z,fffd5b230c7cb628fdbf354d7c0a9861536b93aa31e2282b10c020d1,60.14699,24.922,00000000a53ed894,17.4
7283,2019-08-04T12:41:16Z,07d86ad98399440d0cc3bd3382a7256feb971e49a3686dc17f532e1c,60.16829,24.94214,00000000afef4555,12.69
7284,2019-08-04T12:41:16Z,14c7e1511b70f4dd3359cbece1377aebb4d70531f5489eefe53d7c3c,60.16544,24.95398,0000000038d83d41,23.56
7285,2019-08-04T12:41:16Z,1599d2c9070a6f05e1a5887c2d9209214c04818c6203fe75440734f2,60.1538,24.95595,0000000038bf9618,29.32
7286,2019-08-04T12:41:16Z,16c994bb2e24124a910c247376d16e980a65626a94c4c0aaab27df60,60.16829,24.94214,00000000afef4555,21.87
7287,2019-08-04T12:41:16Z,1e7ea410376fbdb3f3c476c76d23abad5d830690f78f71ea06f7e321,60.16075,24.95883,00000000f1124bca,11.7
7288,2019-08-04T12:41:16Z,211f6b7b044343d0be369791b3fa3c144d0d0f391e2a42787712efb0,60.16448,24.97323,0000000053c6c2be,13.75
7289,2019-08-04T12:41:16Z,21d09757012e8f7297d1de922f681bcc36581a3d7be770b42b3780a0,60.15432,24.9211,0000000019fb59c4,14.89
7290,2019-08-04T12:41:16Z,25a7ff811c3c06e426c7c2cbb0433d9a2a3399b23afecbd35584ab0f,60.18203,24.91341,00000000342570c2,12.69
7291,2019-08-04T12:41:16Z,2d407793ce0a0290a87debe672b1af2af93c687ca83668e17fb0ce63,60.14947,24.91438,000000004ef3150d,12.69
7292,2019-08-04T12:41:16Z,315af4a829b592ba99b203b8ed2cbd499769f8752dfe6de7da4ee929,60.16829,24.94214,00000000afef4555,16.1
7293,2019-08-04T12:41:16Z,3a93902ba6b635489cd6f55b08d93e6fe7a5bc0a86a0b490a88f6d1b,60.16075,24.95883,00000000f1124bca,23.56
7294,2019-08-04T12:41:16Z,3fe84a5a1e657df8910685df3a8cf779a6ebc3362fbc8e578f235ee4,60.15432,24.9211,0000000019fb59c4,10.78
7295,2019-08-04T12:41:16Z,4317f5904a5e6ae921bf743dd534c803083fd90b15a1245881beeade,60.16897,24.95222,00000000aa852af1,33.81
7296,2019-08-04T12:41:16Z,43b676ed3aef4c2d8846694817e76117873be52e7f788e0cb366c1c4,60.16629,24.95957,00000000fb7600be,25.36
7297,2019-08-04T12:41:16Z,44d0b94469070803869f229601e877beb613c3f5aafa009addf97a1a,60.16544,24.95398,0000000038d83d41,16.1
7298,2019-08-04T12:41:16Z,4656bad9b5e6dfc3977eca308fc1db3dbf8b0204b90d09b001da242e,60.1638,24.96846,00000000d747f075,27.28
7299,2019-08-04T12:41:16Z,4a1efc9faf9548fe0ed72037d54a131265a72e61fdfc2009a4e9408a,60.16075,24.95883,00000000f1124bca,12.69
7300,2019-08-04T12:41:16Z,5d65719c4cbf045f068d084b72302f447d5fd034413d97d13be00d0e,60.18203,24.91341,00000000342570c2,21.87
7301,2019-08-04T12:41:16Z,5eed115a984d490b02b602d73787aee8dc8c4e9365b77fbff3818a76,60.16629,24.95957,00000000fb7600be,17.4
7302,2019-08-04T12:41:16Z,69219e9efa41ae9e732653e9eaf08e1a34cb853a9dafe76ddeea4d04,60.16897,24.95222,00000000aa852af1,21.87
7303,2019-08-04T12:41:16Z,6a70e2fbced719333e21eff04fcb9cb36bae9a04d1a3d6ddd96f2c58,60.15432,24.9211,0000000019fb59c4,5.41
7304,2019-08-04T12:41:16Z,737efc92e3419e9d96a8559ec341ea7e18ba6381fd8e4de3d06f82a0,60.14699,24.922,00000000a53ed894,20.28
7305,2019-08-04T12:41:16Z,7678cdb86d454ca9ae52f22d97e635106585a3a046d01da4463695cc,60.18203,24.91341,00000000342570c2,21.87
7306,2019-08-04T12:41:16Z,79f136afa0dd8717337c01c70b457c464aaf0fa25b440f51a394ec23,60.16762,24.95415,000000006b44cce7,13.75
7307,2019-08-04T12:41:16Z,85ef35aecf2ff804be3d958b592705ec41c6df9c128c132c65bb283d,60.16897,24.95222,00000000aa852af1,17.4
7308,2019-08-04T12:41:16Z,87dfaad29a9276ddddb1fa021d3bc23ad14824c1af16f7d87e713689,60.14951,24.92138,0000000006dd41f6,21.87
7309,2019-08-04T12:41:16Z,88808fe92573e9cdf022cc15b9689b6b4b9429f60513c8897b0ba4c7,60.16897,24.95222,00000000aa852af1,16.1
7310,2019-08-04T12:41:16Z,8c75c3289c84fe4493e1e272a77b615fe1985880c5dc68a7c1a17b53,60.16762,24.95415,000000006b44cce7,11.7
7311,2019-08-04T12:41:16Z,9843c6216661048343a0e49cf3d8aa2883cf77f452666a1c873a1052,60.16448,24.97323,0000000053c6c2be,14.89
7312,2019-08-04T12:41:16Z,a8f8130135c784b027355228017bbfe99e5a6eecec153d44b78bedd3,60.16829,24.94214,00000000afef4555,9.12
7313,2019-08-04T12:41:16Z,acd2647d413f41552b31b6e383da445c8902bc2a764d2b7791a7b164,60.16762,24.95415,000000006b44cce7,16.1
7314,2019-08-04T12:41:16Z,af807b67ce09a2ce1744025c421961213f1608ca658ece4df69555a1,60.16762,24.95415,000000006b44cce7,12.69
7315,2019-08-04T12:41:16Z,b3d30798e4605a05b11dfff0f3fe01c2e8e16ac491fdb956f128ff23,60.14947,24.91438,000000004ef3150d,11.7
7316,2019-08-04T12:41:16Z,b5fd6b317890e5ab2d79e2cd1abe61626d45a753c7337d0d40728898,60.16762,24.95415,000000006b44cce7,17.4
7317,2019-08-04T12:41:16Z,bb98768dad0f7c52cf643f035a3e7e48f5cfe28557c66f2a75914b31,60.14699,24.922,00000000a53ed894,13.75
7318,2019-08-04T12:41:16Z,bcb0201b0a1edf350ae2f681076e7d2d48ebd94c075bd3ca59552020,60.16897,24.95222,00000000aa852af1,11.7
7319,2019-08-04T12:41:16Z,c40c37def6bf11a63a2556519a7c6233fd417cdeea2cf14f28e7c42c,60.16531,24.9442,00000000fdda10fe,25.36
7320,2019-08-04T12:41:16Z,c97eb4181394121907d47b908495f54e5ee5145ff790f7a1dc21b3cf,60.16897,24.95222,00000000aa852af1,14.89
7321,2019-08-04T12:41:16Z,ca6927628f5ddda20036865c9345ad93d476d62ade3b181de568eed6,60.16897,24.95222,00000000aa852af1,25.36
7322,2019-08-04T12:41:16Z,cf05623e4d87ce0906c0b0b7dbf53aacc1228016cd27c341228b6e76,60.18203,24.91341,00000000342570c2,20.28
7323,2019-08-04T12:41:16Z,cfc0bedb78ded52749db3188cb188bf6a250ef5990da9c5afa9623fc,60.14951,24.92138,0000000006dd41f6,18.79
7324,2019-08-04T12:41:16Z,d0a50f3001c258a38880550f6c0835fcaa85f0a6d36687dc5de98f3b,60.16629,24.95957,00000000fb7600be,17.4
7325,2019-08-04T12:41:16Z,d568a92135fd8619da42f2038266f4922d5b6d48fe1c5f9490d39f30,60.14947,24.91438,000000004ef3150d,18.79
7326,2019-08-04T12:41:16Z,d661caec7a5da6aef734734bbf9090debe494c1afd98050f88f269bd,60.16829,24.94214,00000000afef4555,18.79
7327,2019-08-04T12:41:16Z,dcaa88e5d510f572877286b8ba0663428b2d71a50b6630460009c779,60.14947,24.91438,000000004ef3150d,4.94
7328,2019-08-04T12:41:16Z,dcb7e8bb90af70568c12a902d706c70e1ac1213e31ba074756f0a27a,60.1538,24.95595,0000000038bf9618,41.64
7329,2019-08-04T12:41:16Z,e764c1a69976425ee9c1982ca445db7a575a9d610bcb2215eeb2a728,60.14947,24.91438,000000004ef3150d,20.28
7330,2019-08-04T12:41:16Z,e8a3f9989b92ca25b37254bbeed32fd40c4e06d6322ba4b873eae590,60.16448,24.97323,0000000053c6c2be,36.27
7331,2019-08-04T12:41:16Z,e8e366e76c97944e23c0f80b4fd3ce6e5832744922297146a49f0c7e,60.16762,24.95415,000000006b44cce7,17.4
7332,2019-08-04T12:41:16Z,e96bd269a48b822b06141c3362fcb6d5ed4d0d09a120f2e4a712d5c2,60.16897,24.95222,00000000aa852af1,13.75
7333,2019-08-04T12:41:16Z,eee5797db5c3753514933a12e2485caee4ee5803b4d830ba1c22e5c5,60.14947,24.91438,000000004ef3150d,11.7
7334,2019-08-04T12:41:16Z,efa8e25ea4c5ed441c13cffe6302f0a18f60181c6ede8e013f75a44c,60.16829,24.94214,00000000afef4555,14.89
7335,2019-08-04T12:41:16Z,f088630d7476dae7d4b7e2bb1f10575f2c89acb4b6e061f3d57c2b40,60.16531,24.9442,00000000fdda10fe,18.79
7336,2019-08-04T12:41:16Z,f29ea15113ac0eea0be8ec41c633909de4b0b9ab6c7b9898b128080c,60.16897,24.95222,00000000aa852af1,14.89
7337,2019-08-04T12:41:16Z,f94dddacf96965952551200a02b41925bcd21402aceafb12f19931af,60.16075,24.95883,00000000f1124bca,25.36
7338,2019-08-04T12:41:16Z,fc4f3a44235f1cfc7b53f14ba2da599976a5a0a220d23b852688e485,60.17919,24.95181,000000007b5207b6,29.32
7339,2019-08-04T12:41:16Z,009ad4cd2bd97e04da44cc9789e6bdbdb899eded61d05b7d5634b7be,60.16829,24.94214,00000000afef4555,8.38
7340,2019-08-04T12:41:16Z,00a07b1f8113691d8475c54082a14cdd54decf9845a90e75df8031a6,60.17065,24.93641,000000000f4919c9,18.79
7341,2019-08-04T12:41:16Z,032e5d7621738a50c9e742e0cba13c819f7c67cedf8687f3ab25595c,60.16762,24.95415,000000006b44cce7,13.75
7342,2019-08-04T12:41:16Z,036c183505fea646b54aeb0c612913cafba94eca65e47d3c6d840a68,60.17919,24.95181,000000007b5207b6,14.89
7343,2019-08-04T12:41:16Z,0413805762399525f916572e0de4852c934500b4a8465ac67a535d41,60.16762,24.95415,000000006b44cce7,16.1
7344,2019-08-04T12:41:16Z,04338b326fcd064c7ad1bee3fdda9918fb813f045fae6622920bdf45,60.16897,24.95222,00000000aa852af1,20.28
7345,2019-08-04T12:41:16Z,0479a26a59d65bf1dee05c06f4227a0ba63a6e9c9a09e7c34f2e06b4,60.14699,24.922,00000000a53ed894,17.4
7346,2019-08-04T12:41:16Z,04c3b487e8f6b938d4fcd30254edecafbe62a0d8d53ebc32d0151c6d,60.16762,24.95415,000000006b44cce7,13.75
7347,2019-08-04T12:41:16Z,04f35922a81b516e7028f61c6ff34faf6da85df0a5cfcefb6df1861f,60.149,24.9843,00000000fffb8cf0,25.36
7348,2019-08-04T12:41:16Z,05d441c83d2df822feaf93d7861452db7a201f22d84cfa36f421dfd2,60.16544,24.95398,0000000038d83d41,17.4
7349,2019-08-04T12:41:16Z,076c28c1895ef1919c11113113c12655c546fc90a00800e5ebec5b56,60.14699,24.922,00000000a53ed894,9.92
7350,2019-08-04T12:41:16Z,08171a3d6565fe801fb5288c1100877c6835f5c3c9039afaebfa1cf1,60.149,24.9843,00000000fffb8cf0,29.32
7351,2019-08-04T12:41:16Z,0851ab74be2e888decf0046825f09ed302f7b2275e72b09b5b713d85,60.16829,24.94214,00000000afef4555,16.1
7352,2019-08-04T12:41:16Z,0952de1e75ca994bb018aaa22bee06785fe007f21f206e323740c94b,60.15133,24.92329,00000000e8a064a4,25.36
7353,2019-08-04T12:41:16Z,0a0acb70a8ef92be52a64d4425e70bb2f7a17d13942c3382c9d68878,60.149,24.9843,00000000fffb8cf0,5.41
7354,2019-08-04T12:41:16Z,0a5ed50daf13dd10744537aa851ac7ab1d34d9797ec6ab6e2402aebb,60.16762,24.95415,000000006b44cce7,3.4
7355,2019-08-04T12:41:16Z,0a862920946d7a0dcbee7c1cf28a7b77c57763261788dbd361ed6409,60.14699,24.922,00000000a53ed894,20.28
7356,2019-08-04T12:41:16Z,0aabf0df4c3c5b45bb8950c92dbe624985f19e8650ed61f92571a65a,60.14699,24.922,00000000a53ed894,4.94
7357,2019-08-04T12:41:16Z,0acb4bd7319729fea4acf035921d1136d86a307a60b4444669cede1a,60.14699,24.922,00000000a53ed894,12.69
7358,2019-08-04T12:41:16Z,0b0dd9af9d52c68ff71ce266d6707abbb0f56c3c63be0f83f7b5df9b,60.16762,24.95415,000000006b44cce7,7.69
7359,2019-08-04T12:41:16Z,0c905239b8c0e14cba671cf4d4d715d1045a30ee62a6285fb489dbb0,60.16829,24.94214,00000000afef4555,12.69
7360,2019-08-04T12:41:16Z,0d0e661499ff245b29cce6a0bee9d4716c35738590a43b289dbfbe0e,60.1538,24.95595,0000000038bf9618,31.5
7361,2019-08-04T12:41:16Z,0d3525b13d674f1645fdbe6d842fe37b2f416889c5472e9dfcc5445c,60.14947,24.91438,000000004ef3150d,2.8
7362,2019-08-04T12:41:16Z,0edfab64a80649c1b0b39aec3f774c4eab39a95d487fb651e1dc3329,60.16762,24.95415,000000006b44cce7,23.56
7363,2019-08-04T12:41:16Z,0fe681ee4c4c70c99bbacaf42e0d3c9bffc5818eb71197978a94b021,60.16762,24.95415,000000006b44cce7,7.69
7364,2019-08-04T12:41:16Z,10a99e791e27975dc1c9d73d3163cabacf3bd7bd05a4f7abf6365426,60.14699,24.922,00000000a53ed894,13.75
7365,2019-08-04T12:41:16Z,10caaea8002e8b3b342b32710efdd7305ff375ca1cdc01411f66b2f6,60.14699,24.922,00000000a53ed894,5.91
7366,2019-08-04T12:41:16Z,119268a2b328b466959e99158efc17d07641daf2eab0785f813707f9,60.16762,24.95415,000000006b44cce7,10.78
7367,2019-08-04T12:41:16Z,121345c4cf0d0f18c684c4eb22e496ac6f8fb537ec2f3812f6966b67,60.16762,24.95415,000000006b44cce7,12.69
7368,2019-08-04T12:41:16Z,124cce476184e061b136f481014a2abc7208d30e4e520ffd90c85adb,60.17002,24.94407,000000006b087f40,9.92
7369,2019-08-04T12:41:16Z,13ee67fb034e3d24edc9a9618e9d6de24979ebbcb399f83abb02a897,60.14699,24.922,00000000a53ed894,1.54
7370,2019-08-04T12:41:16Z,1423891c6ee1edc7da83904378a35aef2e5797db95b117651d676934,60.16762,24.95415,000000006b44cce7,2.54
7371,2019-08-04T12:41:16Z,161aa798c2a18e132fb27ecded773218ea4e42eabbd0e5794b1d7017,60.15432,24.9211,0000000019fb59c4,11.7
7372,2019-08-04T12:41:16Z,16ca2e50aab654110e1bb81e5e374133f99b7f103d24d5cc9635423c,60.16897,24.95222,00000000aa852af1,21.87
7373,2019-08-04T12:41:16Z,171a752ceacd35c6e27c36e67da80ba960a246c0977f0bdca139a472,60.14699,24.922,00000000a53ed894,9.12
7374,2019-08-04T12:41:16Z,17af6ab252328066d6b13406084507dfa7a7f6db3030872e7f87223d,60.17065,24.93641,000000000f4919c9,23.56
7375,2019-08-04T12:41:16Z,194e6ced97ec114a37fe06d6d73fb687c057d411be476f1ea6f4852e,60.16897,24.95222,00000000aa852af1,14.89
7376,2019-08-04T12:41:16Z,1a93dfa31156cee53b4bd527d8b74655a5da812b6933d8a86d871e47,60.14947,24.91438,000000004ef3150d,6.46
7377,2019-08-04T12:41:16Z,1aacd77e1fdbe1544cf1ab29a00642d77ce4a075e388e8a2108aa39b,60.16829,24.94214,00000000afef4555,21.87
7378,2019-08-04T12:41:16Z,1ad0b84716a79851fa8db7a993012f0c8e496d6cba9d028a546285a2,60.16897,24.95222,00000000aa852af1,12.69
7379,2019-08-04T12:41:16Z,1b3fba902b8d1538b508cdc228fd15fdd87f5aecb68e5611b1a4e354,60.16762,24.95415,000000006b44cce7,5.41
7380,2019-08-04T12:41:16Z,1bcef866fafad7c7460a084e0b0d27c087b549f4ae704390708be47e,60.149,24.9843,00000000fffb8cf0,8.38
7381,2019-08-04T12:41:16Z,1c7ccd5d6570d98e57ef2ebbd716b7504b138f9bb616fbeaa0d1a268,60.14699,24.922,00000000a53ed894,7.05
7382,2019-08-04T12:41:16Z,1de29ffd9360fbbeaef5c65201b5536524df17375122c5d2462b37ca,60.14947,24.91438,000000004ef3150d,31.5
7383,2019-08-04T12:41:16Z,1e24a2120b13c780dbb3a67a73f5058d1847f126fd5f5952e6dddcd3,60.16075,24.95883,00000000f1124bca,20.28
7384,2019-08-04T12:41:16Z,1e63d2090b520af23ca3d2c9a05047dc0b0c63f7471b86e9d9f3e7cc,60.16629,24.95957,00000000fb7600be,20.28
7385,2019-08-04T12:41:16Z,1efd3fbd32cdfc27dbc1c02c60e780bfb7d07f0fe1f00c72998f2892,60.16897,24.95222,00000000aa852af1,27.28
7386,2019-08-04T12:41:16Z,1f74037ecab4dbdc5db1a8dc8b583a86630f86a5f2d0a5167b7fa605,60.18203,24.91341,00000000342570c2,23.56
7387,2019-08-04T12:41:16Z,1faaaeff6423708e06d94b904af4be93e399939fbdfd3b3091dc8bd2,60.15432,24.9211,0000000019fb59c4,14.89
7388,2019-08-04T12:41:16Z,203a0c145a43c9a18f8c2a5ba4e18882e7430662bb4ac0e56ab37578,60.17065,24.93641,000000000f4919c9,16.1
7389,2019-08-04T12:41:16Z,20ac7b2ace7c0038aa8df01b9281a9c54f1551fc8ab9b662b1f1ca22,60.18203,24.91341,00000000342570c2,12.69
7390,2019-08-04T12:41:16Z,21bdc11bb63fb48c9d4b5308540ee5df579c9a385001a10fceeeedf3,60.14699,24.922,00000000a53ed894,12.69
7391,2019-08-04T12:41:16Z,2204ba387d2db0e7d2ca03f7ace46abff8d141668b73c75a1879d7ba,60.14947,24.91438,000000004ef3150d,5.41
7392,2019-08-04T12:41:16Z,22fe9a06fba1036e8eafd726bc450095b1893be067f475e1882bb704,60.14699,24.922,00000000a53ed894,13.75
7393,2019-08-04T12:41:16Z,231026899a6d5b326cb5b1e38b182ca1acb77c7e27bc2378973b29db,60.16629,24.95957,00000000fb7600be,25.36
7394,2019-08-04T12:41:16Z,23337c2812924a07e4f0bbc92e56d1f85ea40208b6b987f4afc686cf,60.16897,24.95222,00000000aa852af1,31.5
7395,2019-08-04T12:41:16Z,244b51aa4a7059ba782925258111c295aa4de9596025c55ccd5580ac,60.16829,24.94214,00000000afef4555,14.89
7396,2019-08-04T12:41:16Z,24feb6a5d7b8dcde702c2d815fa30aaae737e204f37351224838b01b,60.16762,24.95415,000000006b44cce7,14.89
7397,2019-08-04T12:41:16Z,267b66cc2e81a226d253a8f3228a4b45e1fabb634bba60fd0cc21a8d,60.14699,24.922,00000000a53ed894,14.89
7398,2019-08-04T12:41:16Z,269124e75b1e74a7c7dc93b778e02f04d0a53e069a90081c0938ee4c,60.14699,24.922,00000000a53ed894,14.89
7399,2019-08-04T12:41:16Z,27d4452dcae7c8e389fc21669cb3ccaedac87d45d4b1a50131c939e4,60.16762,24.95415,000000006b44cce7,3.4
7400,2019-08-04T12:41:16Z,28b43564f7156b67db7cb7b779e948986d7610f921490f9030379704,60.16897,24.95222,00000000aa852af1,9.92
7401,2019-08-04T12:41:16Z,28d2c3282e9f8fec67baec7992dcd800c45b67071e33cb118905a6b3,60.16829,24.94214,00000000afef4555,2.08
7402,2019-08-04T12:41:16Z,2969cdb120f2d285c556abfe5bac2f8090571f61aba227a474a534d2,60.17065,24.93641,000000000f4919c9,7.69
7403,2019-08-04T12:41:16Z,29a1ee6c0907a00ec6b6dcbb187f5c31d1a11b261aabd339210ee013,60.16897,24.95222,00000000aa852af1,4.5
7404,2019-08-04T12:41:16Z,2a061d8ed35a3fbf83e9825d7870dd78d31ff54e3de0f194d792fc95,60.16544,24.95398,0000000038d83d41,33.81
7405,2019-08-04T12:41:16Z,2a47bdc66249162a9588347a6cbe7895fe798bb25c1194cd69fb1e8b,60.14699,24.922,00000000a53ed894,10.78
7406,2019-08-04T12:41:16Z,2bc95bfe257249215913b47f8544606d478783f0530c688972c2f11f,60.16629,24.95957,00000000fb7600be,25.36
7407,2019-08-04T12:41:16Z,2e2f4d1ad9ddc47800b58bfd6c1f08de22fdaa2157ec5f3f817246bf,60.16448,24.97323,0000000053c6c2be,20.28
7408,2019-08-04T12:41:16Z,2ee2e108ed9051b1ccf4d3ee89931dfd53170af0b558fa6579b83e8d,60.15432,24.9211,0000000019fb59c4,14.89
7409,2019-08-04T12:41:16Z,2f08dbfbbe5577f04ea9826f72d5452ddf5fd9bb892769382ea5a4ca,60.16762,24.95415,000000006b44cce7,6.46
7410,2019-08-04T12:41:16Z,2ff487dabdafef45d633bd5239b8f21bc2f5fa019150a45f204eb8be,60.149,24.9843,00000000fffb8cf0,29.32
7411,2019-08-04T12:41:16Z,32708990f2c831e65f70f2682baf5188fc93348b9a9e78ada8db2bf4,60.14947,24.91438,000000004ef3150d,5.91
7412,2019-08-04T12:41:16Z,32f77f5019e5fce30881c214487361e2e34b8c93277f6e546de72012,60.1638,24.96846,00000000d747f075,31.5
7413,2019-08-04T12:41:16Z,33634cb1e3fc5d4a621e8717d203da8533ed27531a70c6cbe3abf3fa,60.16762,24.95415,000000006b44cce7,2.8
7414,2019-08-04T12:41:16Z,3459042c03cbb672a039f7f14a6b99b84f839b0598f9e48bf4dd95f5,60.14699,24.922,00000000a53ed894,6.46
7415,2019-08-04T12:41:16Z,349dd839e41cff363cc4b935496e52b93be15233e508aa82987859bd,60.16075,24.95883,00000000f1124bca,18.79
7416,2019-08-04T12:41:16Z,34f282042837e6b8407c31fd6c880bdbb7071c56d76c4b6e5ba78819,60.14947,24.91438,000000004ef3150d,18.79
7417,2019-08-04T12:41:16Z,34fddf0f4ea194b9720451d11a9de76225577536681d4f4b0a00b860,60.16829,24.94214,00000000afef4555,9.12
7418,2019-08-04T12:41:16Z,352427714fc6e8591df6bd227dde05d3b7ba0881742eee4ae750dcc4,60.15432,24.9211,0000000019fb59c4,21.87
7419,2019-08-04T12:41:16Z,358d7986d5bf2a0624fb1412a157b3c7b12f90653457e15a76bbdf50,60.16629,24.95957,00000000fb7600be,7.05
7420,2019-08-04T12:41:16Z,35a958343879c000cfc3f0c01afbc7d54934265828677bf4aefef84f,60.14699,24.922,00000000a53ed894,7.69
7421,2019-08-04T12:41:16Z,35e6e075578d7a51e510bf8904bde33f1d117264eea0917db98d4808,60.16897,24.95222,00000000aa852af1,9.92
7422,2019-08-04T12:41:16Z,36f876050503d244f74f3cbadcef716904eb2b245190d474b0cfa794,60.16762,24.95415,000000006b44cce7,4.5
7423,2019-08-04T12:41:16Z,3721331dbb97151d17938ed835ffc7208eba26fba6100c62870a3a4f,60.14947,24.91438,000000004ef3150d,2.8
7424,2019-08-04T12:41:16Z,37945fa4e7409fab98aa8bde45081f5bd083def0059485274ad552c0,60.17919,24.95181,000000007b5207b6,7.69
7425,2019-08-04T12:41:16Z,37b4192b51c9589b8791bc2e9f830dd541c0e77fd03e7a85a51b68e5,60.16544,24.95398,0000000038d83d41,31.5
7426,2019-08-04T12:41:16Z,388cc7c522b659745d13c0c707774680483a0c8dc7f1266ab35d91e3,60.16544,24.95398,0000000038d83d41,33.81
7427,2019-08-04T12:41:16Z,39310ebca1ad756aa2bfcb16c912cb7003ef3e7286a1f037603ade61,60.14699,24.922,00000000a53ed894,9.92
7428,2019-08-04T12:41:16Z,3a6ce73ea4c03a14fc0d3d099e4698d3c1051a2e8e4bd552d5de394d,60.14947,24.91438,000000004ef3150d,7.05
7429,2019-08-04T12:41:16Z,3abc507346480858d62b69d6e29c3b0700ac193520668e17a4ce7cbb,60.16762,24.95415,000000006b44cce7,12.69
7430,2019-08-04T12:41:16Z,3af48668fcfc51b261558246e08ae2f7f3bb9d4252e908e38c9db003,60.14699,24.922,00000000a53ed894,20.28
7431,2019-08-04T12:41:16Z,3b73bf57d223bcb9b930ee8619e6603e52485b221389c64d85614baf,60.16897,24.95222,00000000aa852af1,11.7
7432,2019-08-04T12:41:16Z,3be48824225ca9f2aea5653f6ce21181a76e67a8d4b8361f0cba1f8a,60.14947,24.91438,000000004ef3150d,7.05
7433,2019-08-04T12:41:16Z,3e4965f1ed580ddf80246b1b78cbc55b73c11d67573d9cede2a7ccf7,60.16829,24.94214,00000000afef4555,23.56
7434,2019-08-04T12:41:16Z,3ea5c91c32a318cb798767914dd025c2791a8c19e81c10c22f649247,60.18203,24.91341,00000000342570c2,14.89
7435,2019-08-04T12:41:16Z,3f395809cdaaaa1688c7d1cc770079bbf7ef1349e148bec5c8eacd57,60.16762,24.95415,000000006b44cce7,5.91
7436,2019-08-04T12:41:16Z,3ffe89aa6ab1e57883e21fa8f15969f46a5f487bccb2b993eadb3cfb,60.14699,24.922,00000000a53ed894,10.78
7437,2019-08-04T12:41:16Z,409be16c4d34b9e76ac22ea0e8e282da3e9d169fe77ff5ea52a72883,60.14699,24.922,00000000a53ed894,20.28
7438,2019-08-04T12:41:16Z,42052b48fa907a3f9ad0a511096b057331f7a11a1be046a63fb9629e,60.14699,24.922,00000000a53ed894,13.75
7439,2019-08-04T12:41:16Z,42168beaa0acd47be6bf8e4209edb348c9d27b18517c7420d454a24f,60.17065,24.93641,000000000f4919c9,29.32
7440,2019-08-04T12:41:16Z,429363aca20efd1e564b3ac367b9eb4702cce1afbe6a22dccb543a7f,60.16075,24.95883,00000000f1124bca,29.32
7441,2019-08-04T12:41:16Z,42d4eb6044091814f327d0b01dc9ae701506417af1a8ab7f4161650d,60.14951,24.92138,0000000006dd41f6,17.4
7442,2019-08-04T12:41:16Z,42da4298ed9f522421f17714e024d9b8fe22e7546df3deeb8b139bd3,60.16075,24.95883,00000000f1124bca,4.5
7443,2019-08-04T12:41:16Z,457d11209b95b153efb57d8f2641f2db0823e91a0d608fa0555a5b69,60.14699,24.922,00000000a53ed894,8.38
7444,2019-08-04T12:41:16Z,4602ff9d03f6bf4fbb82976098cc1c73e7a7e754050401c772d1406e,60.14947,24.91438,000000004ef3150d,10.78
7445,2019-08-04T12:41:16Z,47b8aba771bed6ec3a7d57932c44fe859bcf6300054b3acc9d885105,60.14947,24.91438,000000004ef3150d,12.69
7446,2019-08-04T12:41:16Z,47bc9ff9097f9ef5f1862e48b4a42f6a9ddd30c4ef2b6eb43291a7a5,60.14699,24.922,00000000a53ed894,9.92
7447,2019-08-04T12:41:16Z,47cde44e4ddbf6c70162fa882eee962e7c3e2a037b650294ec46568f,60.14947,24.91438,000000004ef3150d,7.69
7448,2019-08-04T12:41:16Z,48f665ebb1a71b0d84fc02bd71918c5ab5608328db534639cbd2a255,60.14947,24.91438,000000004ef3150d,9.92
7449,2019-08-04T12:41:16Z,4926fec57d2640e18cb9d46deb64eba0255ca71b93116f4ae21e4288,60.16829,24.94214,00000000afef4555,11.7
7450,2019-08-04T12:41:16Z,4b1050cc517631e36206d3528399c0b14748daec8c7d1b5dfa412299,60.15432,24.9211,0000000019fb59c4,9.92
7451,2019-08-04T12:41:16Z,4b85388cdaec2b4c15b546160ee326d9668a5e5d3c7b08d0c539946e,60.17919,24.95181,000000007b5207b6,8.38
7452,2019-08-04T12:41:16Z,4be50f3eb033f3f46e3069049c8e0a34dc8a2607741c1764369ba4c2,60.16762,24.95415,000000006b44cce7,4.5
7453,2019-08-04T12:41:16Z,4bf75585466f0aafa2ed2956fe4b0f7235b4ba3a0606a52219b3156c,60.14699,24.922,00000000a53ed894,8.38
7454,2019-08-04T12:41:16Z,4d35f03f4cb1cd21fbb173af8af5be5e233c63882fda53232da315f0,60.14699,24.922,00000000a53ed894,18.79
7455,2019-08-04T12:41:16Z,4ebdb6165c5d4892cdc21711313b98b1545bececfb886192c6f0ef22,60.16762,24.95415,000000006b44cce7,8.38
7456,2019-08-04T12:41:16Z,4efc969b8b738c051c221bf9d7829089b44cec23dd378fd86e7fb8be,60.173,24.92524,0000000096918cfa,14.89
7457,2019-08-04T12:41:16Z,4f4940c5c77737c5b8f2fbd5a1b65886ea5f6e0e4fcd50447e11ce21,60.16075,24.95883,00000000f1124bca,23.56
7458,2019-08-04T12:41:16Z,50e21d119f102cee2afe3ac7f1a32032527638769b05aca582d6ecb1,60.16762,24.95415,000000006b44cce7,7.05
7459,2019-08-04T12:41:16Z,514a3981fad6c695ac4940f09374b5d1c2e84d2ca835084ef8707714,60.16075,24.95883,00000000f1124bca,4.5
7460,2019-08-04T12:41:16Z,51b3c7870a399165f0d1d14f7d21688df32b0360f9cc6f3ca61890d8,60.16829,24.94214,00000000afef4555,17.4
7461,2019-08-04T12:41:16Z,52072bd384eaaf4a6958af5510ed039d194dee47f34667bc7bccbe0e,60.14699,24.922,00000000a53ed894,9.12
7462,2019-08-04T12:41:16Z,5263c8fd413ee308494f18228802330e278acc648b425bb454951db5,60.16075,24.95883,00000000f1124bca,13.75
7463,2019-08-04T12:41:16Z,52939581c6c8dd3407dbf44ea9e90471e4bbadfb7e3740a0ba8324f3,60.14699,24.922,00000000a53ed894,8.38
7464,2019-08-04T12:41:16Z,53263c2a4d1fc6edb42de24a91c19cc8d0050f1e61b0ddd97cf45bba,60.17002,24.94407,000000006b087f40,23.56
7465,2019-08-04T12:41:16Z,53f1f84f2f1f0ea7eb59dd269d86fae99cc25ee089a48f249de1aaec,60.16897,24.95222,00000000aa852af1,20.28
7466,2019-08-04T12:41:16Z,552e7d20be831c5ebfa503ba78ed542d6ece4ecad264308d5dc37a31,60.14699,24.922,00000000a53ed894,14.89
7467,2019-08-04T12:41:16Z,5554305bad43a71cf98d83e92708c7474c1efc189392c1ea94231e9c,60.16531,24.9442,00000000fdda10fe,2.8
7468,2019-08-04T12:41:16Z,56b8eace741e5227a40ea0a64601a737648080c63d6240b0dca632c4,60.16075,24.95883,00000000f1124bca,18.79
7469,2019-08-04T12:41:16Z,570dc61d53aec66ede39dfde66339640878453afc00cd1a55c60bca7,60.16544,24.95398,0000000038d83d41,21.87
7470,2019-08-04T12:41:16Z,571934189bf349efb6f596e76c21612cf9b82ed44913090169936048,60.17065,24.93641,000000000f4919c9,11.7
7471,2019-08-04T12:41:16Z,57eef16af260870a831bd4f88018555730ec7dd21a538e3575825479,60.16829,24.94214,00000000afef4555,13.75
7472,2019-08-04T12:41:16Z,57f88614f91a133004ac1a6dea31a4090f899646a5f62ece691d87af,60.16762,24.95415,000000006b44cce7,17.4
7473,2019-08-04T12:41:16Z,583a35aa08fe45f96deb91a9f4b9317e86eddeee0d636cc11b3e2df8,60.16762,24.95415,000000006b44cce7,8.38
7474,2019-08-04T12:41:16Z,59877ef284214dfe0b2c083f64189c5fcf63aeff32538e30c60294fb,60.14699,24.922,00000000a53ed894,21.87
7475,2019-08-04T12:41:16Z,59b01cbdec8ff06fa6d50bac00c3f5f4c45132fc8a62800c08df5d6a,60.16629,24.95957,00000000fb7600be,8.38
7476,2019-08-04T12:41:16Z,59e23b6ba24eb1cbbe77cbbfb47fd0aeb3b9a3574e0b34a2be2c9352,60.16762,24.95415,000000006b44cce7,18.79
7477,2019-08-04T12:41:16Z,5b102c62b98f29bd801e4dd0e9ddbc113db3faa38d59990b9ba5e9ec,60.173,24.92524,0000000096918cfa,23.56
7478,2019-08-04T12:41:16Z,5bc8610f198c0ab38e4e89fd7f4828d032ca2a6ef97c2a17c79e296f,60.14699,24.922,00000000a53ed894,25.36
7479,2019-08-04T12:41:16Z,5c160268bc9b4b619181ce421d9e58c258e6b59a342945fc29f0004b,60.14947,24.91438,000000004ef3150d,5.41
7480,2019-08-04T12:41:16Z,5d70086d53447ee393249cef33c7bae814c1d7c2e3055fc91b38786c,60.17919,24.95181,000000007b5207b6,12.69
7481,2019-08-04T12:41:16Z,5e53be1d47b3cceeb6ea9406c75327379c8ee8abc68da605b7758e85,60.14947,24.91438,000000004ef3150d,7.05
7482,2019-08-04T12:41:16Z,5ea49ba4de68e03664ec3a87f5de32434d7136b4f8323f022ff9df5b,60.16829,24.94214,00000000afef4555,9.12
7483,2019-08-04T12:41:16Z,6035eadbad92ef954f3cc58996e2cdacac2aab108cca21a86f5cf589,60.17002,24.94407,000000006b087f40,29.32
7484,2019-08-04T12:41:16Z,60d9b71ec38b796bf876dedfaf3112b49ff79677480c7603902857ae,60.14947,24.91438,000000004ef3150d,9.12
7485,2019-08-04T12:41:16Z,614ab7fba7255f6bf6f888e9a04d589962f756b3f427e658f10014f2,60.16075,24.95883,00000000f1124bca,8.38
7486,2019-08-04T12:41:16Z,634257ded5cc6c04eb832d437b55777b10829352768dadef19d3f64c,60.15432,24.9211,0000000019fb59c4,33.81
7487,2019-08-04T12:41:16Z,63a87f20dbfd068c086129312c165b6e9b1da2ea6c999be1dd1b8391,60.16762,24.95415,000000006b44cce7,18.79
7488,2019-08-04T12:41:16Z,63d99db5b2b7360c501446ea5e89feba9bd1c6735a7670039916f2ad,60.1538,24.95595,0000000038bf9618,27.28
7489,2019-08-04T12:41:16Z,63defb71d4c3856253a0a2d67a5c370b91ad0527703b334a63fe5344,60.14947,24.91438,000000004ef3150d,18.79
7490,2019-08-04T12:41:16Z,641e8defb97171d160f062c4bc3e9d06346f10d5246e6aeac935e1a9,60.16897,24.95222,00000000aa852af1,20.28
7491,2019-08-04T12:41:16Z,643ef3f01a51bea3c4510d4060a945cd510e5189236d68f5c9489034,60.16829,24.94214,00000000afef4555,1.38
7492,2019-08-04T12:41:16Z,64638a9f9e6c9b32fc4b484b55e4934fcab6cb04605cc76d5f5534b7,60.17065,24.93641,000000000f4919c9,6.46
7493,2019-08-04T12:41:16Z,64d86288e491374eed34c68c82763c2e5dbc87113cf5ca44f23233ba,60.16829,24.94214,00000000afef4555,8.38
7494,2019-08-04T12:41:16Z,64e34af775b57908b23056a31d60ef3b005941f2e7c3db0c49df675d,60.17065,24.93641,000000000f4919c9,18.79
7495,2019-08-04T12:41:16Z,6503762f2cac51cc2b74da1efa6b16583ed11c9a528d7716b7829c0b,60.16829,24.94214,00000000afef4555,14.89
7496,2019-08-04T12:41:16Z,6516a10850095847a8156717b0fba05a9bdc9b5bfedd691ddb07f119,60.14699,24.922,00000000a53ed894,7.69
7497,2019-08-04T12:41:16Z,651f9b318df5377987b240a35093e4a3fb2db0e83b4b5e012f9f7178,60.16897,24.95222,00000000aa852af1,29.32
7498,2019-08-04T12:41:16Z,6525cc634176c25187e68e0d067bcfecfd78e399e93db4ee9d408b7e,60.17918,24.95141,00000000675d5200,12.69
7499,2019-08-04T12:41:16Z,655204cb507ea9ae811105cdcd766161facaa9f729017a333f102391,60.149,24.9843,00000000fffb8cf0,9.12
7500,2019-08-04T12:41:16Z,6688790e10cbf0805c8bdc210412ed75d7999e61029da0b7ba29458e,60.16829,24.94214,00000000afef4555,21.87
7501,2019-08-04T12:41:16Z,66b9cea6cd979b4e9e391e0ef854e2cc38eca6fb9e166811e39edd11,60.16544,24.95398,0000000038d83d41,17.4
7502,2019-08-04T12:41:16Z,6723bebaab92d1a9f8b4318fd4f497a6dec6d7f8e0eafca443925213,60.16075,24.95883,00000000f1124bca,11.7
7503,2019-08-04T12:41:16Z,67591d427f60ba3c369ac0d78088fca7be33081501508d16401dd6cb,60.16762,24.95415,000000006b44cce7,3.74
7504,2019-08-04T12:41:16Z,675eacdf32b5b831fd118fc5539eea4b3cef4bd11e2e1706a9571222,60.16829,24.94214,00000000afef4555,7.05
7505,2019-08-04T12:41:16Z,6774ed72eaf69d7c4aaeeef90990f969954155bbcc52652e75e7deef,60.16829,24.94214,00000000afef4555,5.41
7506,2019-08-04T12:41:16Z,677c53ae4056d6cb123ca576ba5284664b1c7e3e88818bd19b5dd99a,60.17919,24.95181,000000007b5207b6,12.69
7507,2019-08-04T12:41:16Z,6875e3632a29207e29ded33617e66d55de5d8c7804fecedd6f1dfe12,60.14699,24.922,00000000a53ed894,4.11
7508,2019-08-04T12:41:16Z,69375ef968867906fc11b34d1e2c4b436d452cd47cb577a7f9e566ef,60.16762,24.95415,000000006b44cce7,12.69
7509,2019-08-04T12:41:16Z,69f1de5049f5731749defe893b8ae9ada4f5f788a994b8f7413ef657,60.17002,24.94407,000000006b087f40,18.79
7510,2019-08-04T12:41:16Z,6b97071051ccf5db7e5ebee033d4f68d58ed6917ff2fac5b205a6605,60.17065,24.93641,000000000f4919c9,13.75
7511,2019-08-04T12:41:16Z,6c7e018abdf8462af7c7b003bc30f915184f7082e9e865a2c502eed5,60.14699,24.922,00000000a53ed894,10.78
7512,2019-08-04T12:41:16Z,6f3dd17e40daabb4efe868f1b859dc00ecc01846f0a0e2b8db5d1413,60.17919,24.95181,000000007b5207b6,7.69
7513,2019-08-04T12:41:16Z,70c56152af84cf1bad4d19b0cb31202232b4cd4320ce5ea48895e42b,60.14947,24.91438,000000004ef3150d,14.89
7514,2019-08-04T12:41:16Z,71479e7c1c4fd96468f16800ff04484480c76e0953d2074500b0df31,60.17919,24.95181,000000007b5207b6,21.87
7515,2019-08-04T12:41:16Z,71c360c0ae36f964d9ca7957d318abe8f1933c8220f225231eb33b39,60.18203,24.91341,00000000342570c2,33.81
7516,2019-08-04T12:41:16Z,733618d50499022af0ec3b91abdc93b6f3f252adb6891da4956ba4fb,60.15432,24.9211,0000000019fb59c4,29.32
7517,2019-08-04T12:41:16Z,738ce77abafd1ca6f80e6f28e84d1b1886db4cfda3be6ffcdf52c1b1,60.14699,24.922,00000000a53ed894,9.92
7518,2019-08-04T12:41:16Z,745e52dafbfa395ea41c5fcd0c2717b9091e44d19ab89e03991fdbb7,60.16762,24.95415,000000006b44cce7,12.69
7519,2019-08-04T12:41:16Z,7470acbcae5ee27e98f825f59d55cc8115045d611f5d0cd3dbfd81c8,60.16075,24.95883,00000000f1124bca,29.32
7520,2019-08-04T12:41:16Z,759f94c852ff15ca91c3138913c3858c4801702f8f0514ae82fb2a19,60.16897,24.95222,00000000aa852af1,13.75
7521,2019-08-04T12:41:16Z,7664b7f08aaa059ecf6646a595c33fae0c80715febe63e31f45a4662,60.16762,24.95415,000000006b44cce7,6.46
7522,2019-08-04T12:41:16Z,777cceac7be6303a1c82f7cc68061528b01e3aa1b3aa6481cad9e5e3,60.16075,24.95883,00000000f1124bca,4.94
7523,2019-08-04T12:41:16Z,77a12194b9a6789f4b2b8c07ae7fce3c2b531cb221e5fa7ca5deae55,60.16897,24.95222,00000000aa852af1,13.75
7524,2019-08-04T12:41:16Z,79bb1e615a834d4f653cec7efc45ad5b4bbedf2a83c55b44c586ad0a,60.14947,24.91438,000000004ef3150d,12.69
7525,2019-08-04T12:41:16Z,79d26f15a82c94ac5d05e0f2b6a6beeae1f407972ec39665d7ab9535,60.16829,24.94214,00000000afef4555,0.5
7526,2019-08-04T12:41:16Z,7a0c0b525f2d3eed6c873bd3b8d27bede551fe4a428ac15c23deadae,60.16075,24.95883,00000000f1124bca,20.28
7527,2019-08-04T12:41:16Z,7a4a06d20ebe57d94e5fceeaf47d5b56ad9a515818e9c20e21a80e61,60.16629,24.95957,00000000fb7600be,13.75
7528,2019-08-04T12:41:16Z,7ab335e046f7f3597f8f615a90857885e35cfecefebd5d24bbf0af90,60.16075,24.95883,00000000f1124bca,12.69
7529,2019-08-04T12:41:16Z,7af6672e274ebe27cdb785373a857fc5bcad92a386c36dbe3221d4f4,60.14947,24.91438,000000004ef3150d,10.78
7530,2019-08-04T12:41:16Z,7b61dc50070867948abbe5275032ae82e7643ca4158a809fe41a8b69,60.14699,24.922,00000000a53ed894,21.87
7531,2019-08-04T12:41:16Z,7d9a3d84c09c3a8d6876389e216e0278048d6b924890fb275a078ffb,60.16531,24.9442,00000000fdda10fe,0.71
7532,2019-08-04T12:41:16Z,7de23a812e69199078aa0cacb63721bd7aef52a3b426789819eaea71,60.14699,24.922,00000000a53ed894,14.89
7533,2019-08-04T12:41:16Z,7e31a4896ab0ff539440898dfabd8305df79869bff52da941016d1cc,60.1538,24.95595,0000000038bf9618,41.64
7534,2019-08-04T12:41:16Z,7e76449e59f1e3a1a615b54408115353fbb14d815390d03a73b1a7bb,60.14947,24.91438,000000004ef3150d,13.75
7535,2019-08-04T12:41:16Z,7f3c9dd2c7352cb81fb186a7d700841d2bcb47cd8ea0d5f8719b5908,60.16762,24.95415,000000006b44cce7,14.89
7536,2019-08-04T12:41:16Z,7f786ec8e06f1ca3bdd10fc60d0114baf354125b8f6cf796d197f4cc,60.16075,24.95883,00000000f1124bca,4.5
7537,2019-08-04T12:41:16Z,7fe10e69931c2d658099a314f3fce64865329e12a7b834c375e2d5d2,60.14699,24.922,00000000a53ed894,12.69
7538,2019-08-04T12:41:16Z,80cbcb887f3e351e3bef7c5f53dccc578cc3494feec514aed7015c0d,60.16075,24.95883,00000000f1124bca,5.91
7539,2019-08-04T12:41:16Z,80cc39b04598f971820e63498fd27ae72a12a45a60c220fe625b282a,60.14699,24.922,00000000a53ed894,17.4
7540,2019-08-04T12:41:16Z,82411c6526228322a61f59259f13adf7cde62bd767587b6735867705,60.17919,24.95181,000000007b5207b6,4.94
7541,2019-08-04T12:41:16Z,83073c017c8293e4b6eab781fbc2147fafa144d33b3618abd1ae5d90,60.17065,24.93641,000000000f4919c9,29.32
7542,2019-08-04T12:41:16Z,83121a75723643c48e3c3b0a3ea5fccb532046432ca445833e8de06a,60.16762,24.95415,000000006b44cce7,2.54
7543,2019-08-04T12:41:16Z,848fdb054358a3fca79c0246f01263c92b5b48aee6b9fb6e260d7a0b,60.16829,24.94214,00000000afef4555,16.1
7544,2019-08-04T12:41:16Z,848fe01e24ccc782e5968171f53ea31d28f20a455c45d8bac8fb7374,60.173,24.92524,0000000096918cfa,17.4
7545,2019-08-04T12:41:16Z,849a662d95d4185421aff7c6213ba5d7b84cfc58c9fb30ff34054e4c,60.16075,24.95883,00000000f1124bca,17.4
7546,2019-08-04T12:41:16Z,857f5ab05809fdb94740616b8d6662aa2458c4a6009e6f717f8933fb,60.17002,24.94407,000000006b087f40,23.56
7547,2019-08-04T12:41:16Z,859b417d0b562f5c4ab33c3877c95cd7cbb332db91dcd0f4e7a4f3b6,60.14699,24.922,00000000a53ed894,16.1
7548,2019-08-04T12:41:16Z,85d67c3be46ecb66832dfd9090a931e1be3dd056f718ea6786622131,60.16897,24.95222,00000000aa852af1,14.89
7549,2019-08-04T12:41:16Z,868cd7608ed6beb209db2aad8c71f56b8aec3a6b453be18e4af217a2,60.17065,24.93641,000000000f4919c9,14.89
7550,2019-08-04T12:41:16Z,87cbb5265cd1cc3213ddb5ed9ed2a599ddb7db0b0747121d649b0ae3,60.16544,24.95398,0000000038d83d41,27.28
7551,2019-08-04T12:41:16Z,885bcc6af7d0aa9718fe1030e32ffff1de5171ae5ef67cf0011874fb,60.14947,24.91438,000000004ef3150d,2.8
7552,2019-08-04T12:41:16Z,896f7e896dc6f1ea44b82bf968a988cc10c358ee34821d9d7a4bd07a,60.14947,24.91438,000000004ef3150d,2.54
7553,2019-08-04T12:41:16Z,8a08b2de43a9ef03cf96610718c908e69dcacc59f536a7135b7bb542,60.16629,24.95957,00000000fb7600be,16.1
7554,2019-08-04T12:41:16Z,8a9eedc7cf775ab4e9ad2e20bdcbcbe1635808b418eedcdcceda7834,60.16762,24.95415,000000006b44cce7,14.89
7555,2019-08-04T12:41:16Z,8b641985c793a3f25a45b2460cb01f5baa6f339c6dd26ba7752d8a7a,60.16897,24.95222,00000000aa852af1,7.05
7556,2019-08-04T12:41:16Z,8ba6cfc17ca70e8304994e018ebd5eb2003177062cde05925d5cacb3,60.173,24.92524,0000000096918cfa,11.7
7557,2019-08-04T12:41:16Z,8bbf5422247a0a6be314130d8fd9ae1814401b75acf3b3ce2da9620c,60.14699,24.922,00000000a53ed894,7.69
7558,2019-08-04T12:41:16Z,8d528b00553162a9dd47d2296d15b2fad89aad6a508424d4589618a1,60.14947,24.91438,000000004ef3150d,6.46
7559,2019-08-04T12:41:16Z,8d8a869e83fe2ac29e791666634a33af3ea4048ea4e752b6fb1e238c,60.14947,24.91438,000000004ef3150d,9.12
7560,2019-08-04T12:41:16Z,8edd2176e127f8d3baff43afa20a9869b1e3a4f6df8a0930b52064d1,60.14699,24.922,00000000a53ed894,11.7
7561,2019-08-04T12:41:16Z,8f9026cfff0b3ccd2e7a22e5767bee52b08ab5630d1c6ac046bf7f39,60.16544,24.95398,0000000038d83d41,20.28
7562,2019-08-04T12:41:16Z,920dc90f60b295267f63efc8f968408087b71878dc3f49f0ded1c41e,60.17919,24.95181,000000007b5207b6,23.56
7563,2019-08-04T12:41:16Z,922ed68b1f7e1a599108591da78cc5ac9fbe5162e1e6528f8f0176fa,60.16544,24.95398,0000000038d83d41,17.4
7564,2019-08-04T12:41:16Z,926717d61529080dfc4c7f8cdcdc82c6490d2a5129474524b8c40ea4,60.16829,24.94214,00000000afef4555,13.75
7565,2019-08-04T12:41:16Z,93a2100e233b204243f7e69b68dea7c9a145d1b5384bd18359bf87a3,60.16531,24.9442,00000000fdda10fe,1.54
7566,2019-08-04T12:41:16Z,93b7794683a373ac7ce9476d49419c2ee26e67b474370e561be167b2,60.14699,24.922,00000000a53ed894,17.4
7567,2019-08-04T12:41:16Z,9575ef1c44f26f0301d726029c8b1c28011a4724496943451bee6544,60.14947,24.91438,000000004ef3150d,23.56
7568,2019-08-04T12:41:16Z,958ab5fd2d2c7f0c3fe6dc14fe27005fcf35b013db75f708c22a3619,60.16762,24.95415,000000006b44cce7,14.89
7569,2019-08-04T12:41:16Z,9604244c18efd5978b809f021651f7743e0e64da38fcf3718f9b4f93,60.14699,24.922,00000000a53ed894,9.12
7570,2019-08-04T12:41:16Z,97264f5808fa13851dacabf0c98525eec29849ff4b6a744cc777fd5b,60.16075,24.95883,00000000f1124bca,14.89
7571,2019-08-04T12:41:16Z,987d01417bcff2d7f663704309df2ebdcdb035da3ddb085fab0cf928,60.16829,24.94214,00000000afef4555,9.12
7572,2019-08-04T12:41:16Z,98bb3b6f5e2403b14b8e01616c07b03bb1fd153ded656033d7bd3533,60.16075,24.95883,00000000f1124bca,31.5
7573,2019-08-04T12:41:16Z,992f6feda52c82ad67e40af55b5602bb22411020701998c6bd65faed,60.16762,24.95415,000000006b44cce7,8.38
7574,2019-08-04T12:41:16Z,994b630283c750a0b697359e32c4bd06d5b4a32d2edb6c12cce42b32,60.16829,24.94214,00000000afef4555,17.4
7575,2019-08-04T12:41:16Z,9a9db814dfa74ca2c2d51496299715310e81c6e6525cc9d2cb0762eb,60.16897,24.95222,00000000aa852af1,17.4
7576,2019-08-04T12:41:16Z,9b087f99e8170fa160df7340b539501f67b728edaf119fc0f3c8c239,60.16762,24.95415,000000006b44cce7,12.69
7577,2019-08-04T12:41:16Z,9ba6f9fb8bb950d16224b4182d3c3d8349a0f50619be329c165417e0,60.14947,24.91438,000000004ef3150d,7.05
7578,2019-08-04T12:41:16Z,9bf4a5d763fa921335be6c141a0c9fd769fcb2f4c5b40b85a1c99c71,60.14699,24.922,00000000a53ed894,12.69
7579,2019-08-04T12:41:16Z,9e3d4a4b1acd94d2896cd7cf56419110f06ea96faae37aadebd4ec77,60.14947,24.91438,000000004ef3150d,8.38
7580,2019-08-04T12:41:16Z,9fc52a61eabf679cf9cdee2c33023c321c69afc87ed71f5a6d6655b7,60.14699,24.922,00000000a53ed894,16.1
7581,2019-08-04T12:41:16Z,9ff13c715073d5ad9c464cb67b6de3f703435cf389c32cce5626dfe1,60.149,24.9843,00000000fffb8cf0,17.4
7582,2019-08-04T12:41:16Z,a0db7e8063bede2dd55c2c6cf5111932617ecace670ff65314a7d349,60.16629,24.95957,00000000fb7600be,12.69
7583,2019-08-04T12:41:16Z,a1b52cda133b45cf931b9e31d4037fb841f80432e99d6a000beeadc8,60.17002,24.94407,000000006b087f40,36.27
7584,2019-08-04T12:41:16Z,a22736c5d66f417bc6b745f51492549dc2e5a3c766f5e7e23f183b41,60.14947,24.91438,000000004ef3150d,5.41
7585,2019-08-04T12:41:16Z,a38a21a97a054541f0423f03758c70227116c05254958373e3e93ad0,60.14947,24.91438,000000004ef3150d,5.41
7586,2019-08-04T12:41:16Z,a3d228482bfdd3dbdfaee1ff72b6ac00c2ee8c05e949047ce9117783,60.14699,24.922,00000000a53ed894,7.05
7587,2019-08-04T12:41:16Z,a422a30ec1eb058c7930e1352297c161639faa5b3ca5f5fa47c4adb3,60.14947,24.91438,000000004ef3150d,6.46
7588,2019-08-04T12:41:16Z,a4f416ec0941bb365e3665d7fd224fad15d74225e8ce9f6dd6368bc7,60.17065,24.93641,000000000f4919c9,20.28
7589,2019-08-04T12:41:16Z,a6f944078dd26796f5a849ccb6fdf8a4436f913cf3302597c846462d,60.16762,24.95415,000000006b44cce7,5.91
7590,2019-08-04T12:41:16Z,a7472d1b63171c047444981df223670390009e3ea502132d9963e9fb,60.14947,24.91438,000000004ef3150d,6.46
7591,2019-08-04T12:41:16Z,a76d219c3abcc4ec3a54dd834263f9a24972c71be4c7bbbfc663f22f,60.14699,24.922,00000000a53ed894,8.38
7592,2019-08-04T12:41:16Z,a794d97e26d3678bb11b4364880414bb7bfac4bb49d1867b37b489f7,60.14947,24.91438,000000004ef3150d,17.4
7593,2019-08-04T12:41:16Z,a8df2631c2442628608c1f0352c896eb532a6ca08c85de2c77360aa8,60.14947,24.91438,000000004ef3150d,11.7
7594,2019-08-04T12:41:16Z,a8fffb1bf2cf3b58cca0395d98ab3763c45771fed32527f2dedb644b,60.149,24.9843,00000000fffb8cf0,36.27
7595,2019-08-04T12:41:16Z,a96e9a3805def174e6ededa93b88ce312739d9d68941dffdeca03e9f,60.16762,24.95415,000000006b44cce7,9.92
7596,2019-08-04T12:41:16Z,aa076c3f0d09145aebbb750dde9849ba4eb6759e92ba5753280184d6,60.16762,24.95415,000000006b44cce7,9.92
7597,2019-08-04T12:41:16Z,aa5773b59ce2bf1eee53e4e77cd3c261465d2ea538c9a85b8de30cd8,60.14947,24.91438,000000004ef3150d,17.4
7598,2019-08-04T12:41:16Z,ac36860ddd2d60f33c730b2ecc540578d8edcf2c1e8c55e897d76d93,60.14951,24.92138,0000000006dd41f6,23.56
7599,2019-08-04T12:41:16Z,ac93ac0788af8e1b0f20fada4f15ca1ad31f4084b133482d8211571d,60.14699,24.922,00000000a53ed894,17.4
7600,2019-08-04T12:41:16Z,acdcc8ae1d1c6bb055dfc108154eae58b4b894f0ce1ff174c1065c7e,60.16762,24.95415,000000006b44cce7,2.8
7601,2019-08-04T12:41:16Z,ad8af809ed47a3391bb53d11da159b3a8b0ddc264d94c049ce72bda0,60.17065,24.93641,000000000f4919c9,0.59
7602,2019-08-04T12:41:16Z,aec4b11f0b1ec075878ca4a3b94da464f6fc96e330b913d5bfd346b0,60.16897,24.95222,00000000aa852af1,4.94
7603,2019-08-04T12:41:16Z,af64ca430076b1e91eeb89134e0e026479928845cbe1943bc56104c2,60.14947,24.91438,000000004ef3150d,11.7
7604,2019-08-04T12:41:16Z,b0a20a40885487350aaf5c8f46dab27d4d7e1d5c24fefec54c0c62d4,60.16829,24.94214,00000000afef4555,14.89
7605,2019-08-04T12:41:16Z,b12b27061f30d5659794f14cbed5e4726c5af1ef526611d3b2dded29,60.14947,24.91438,000000004ef3150d,12.69
7606,2019-08-04T12:41:16Z,b26a9be85f5fd17ea58397762fa55db3c8f68fb709d586d61527c892,60.16829,24.94214,00000000afef4555,16.1
7607,2019-08-04T12:41:16Z,b2a01c2a06c3cf1a48333e58e787d9eaf2f975a738c02878220d7774,60.16829,24.94214,00000000afef4555,33.81
7608,2019-08-04T12:41:16Z,b2b344932a455663bb9c15f518950a54e05393ddfca54e5cc094e89a,60.16829,24.94214,00000000afef4555,20.28
7609,2019-08-04T12:41:16Z,b41cc64d7ab4e16a03573bdc3b5863c4b402ec66c7780c7900c02877,60.16829,24.94214,00000000afef4555,25.36
7610,2019-08-04T12:41:16Z,b523d3f8341906e4b3877ff7d9614b4e10d6bbf10afdcc6c53656c8f,60.17065,24.93641,000000000f4919c9,18.79
7611,2019-08-04T12:41:16Z,b5d90bc33c7307b83a6f38469ffe13897d3ce5962c7c9299bbe61fe5,60.14699,24.922,00000000a53ed894,14.89
7612,2019-08-04T12:41:16Z,b5e3abaccf4a03480985d25eb9fbf454c87f7ad06c38c8bdeb0819fa,60.14699,24.922,00000000a53ed894,14.89
7613,2019-08-04T12:41:16Z,b7039958be9f53a3eaed97f705a1974815f52f25226e920155397bec,60.16075,24.95883,00000000f1124bca,9.12
7614,2019-08-04T12:41:16Z,b7867e052453c9caa213f48b033624b744187f4cd77c2418cf9d7b79,60.14699,24.922,00000000a53ed894,16.1
7615,2019-08-04T12:41:16Z,b92c7fb1d77c3f326d59dbe2689bb5b8ff10fcd691f28b36aa98408c,60.17002,24.94407,000000006b087f40,13.75
7616,2019-08-04T12:41:16Z,baa2e34cb17a3e4b813a9a7578ddf421b7013fa00788af744fe6fc28,60.1538,24.95595,0000000038bf9618,31.5
7617,2019-08-04T12:41:16Z,bb0193f2b0ac4801fe82ed5cec75e687465d707d92e731047f81650f,60.1538,24.95595,0000000038bf9618,3.4
7618,2019-08-04T12:41:16Z,bbe1e18f88cf88928067a0221965768c1f2ae264291cea564d7eb7e8,60.16897,24.95222,00000000aa852af1,17.4
7619,2019-08-04T12:41:16Z,bbe7947ea50de5986f237ccab5782ddb55c199ad6a81e8f692670d0c,60.16829,24.94214,00000000afef4555,21.87
7620,2019-08-04T12:41:16Z,bbeaad18acdd3a2602aa5b07ab6ae8df489cb499c4490b3e6f561a5e,60.16544,24.95398,0000000038d83d41,18.79
7621,2019-08-04T12:41:16Z,bbf8cd606b9732370f1c0ae0e68d6d0663a23102d831dd10c0e74819,60.16897,24.95222,00000000aa852af1,14.89
7622,2019-08-04T12:41:16Z,bc07df8cc395f6f4f5d483b2233caca5f93a6918f346e4cc3702f8cc,60.16531,24.9442,00000000fdda10fe,20.28
7623,2019-08-04T12:41:16Z,bc3861c61a46fbf78a7423712f1a528cf9f8332531271933056c233f,60.16829,24.94214,00000000afef4555,20.28
7624,2019-08-04T12:41:16Z,bd33b7ad8d89c8c1958de09b4900b5ebc62ed61b9decf094268b04d0,60.16762,24.95415,000000006b44cce7,21.87
7625,2019-08-04T12:41:16Z,bd4ec71179e7755567e37eb54b845b317af028a4effe45dcaeae19bc,60.14699,24.922,00000000a53ed894,17.4
7626,2019-08-04T12:41:16Z,bddca8fc17056f9f207a259070e281eedf4cea3e8e22093b88bbd7b5,60.14699,24.922,00000000a53ed894,16.1
7627,2019-08-04T12:41:16Z,be21a77f983baae8e0ba646eda0988a618149dcc7ef4c303c35d5377,60.14947,24.91438,000000004ef3150d,17.4
7628,2019-08-04T12:41:16Z,bf2e5725b255e320f1e8375ec03f55194f1fd9f751be9629d873a5c8,60.14699,24.922,00000000a53ed894,3.74
7629,2019-08-04T12:41:16Z,bf992d3cd95a73f02d7223eaffe90a94e3e1e98a8c6759bab631b5b0,60.14947,24.91438,000000004ef3150d,7.69
7630,2019-08-04T12:41:16Z,c0722f63618f97eb8ec4afac1a8538b81a3c87e623d753ad1201bf7c,60.16075,24.95883,00000000f1124bca,6.46
7631,2019-08-04T12:41:16Z,c18a638a8f7d2d4e67c538d49830623f943f762f4942350ba7358441,60.173,24.92524,0000000096918cfa,27.28
7632,2019-08-04T12:41:16Z,c1e4323d2276cb6e358f5fabb123294e7a0ef87e7169f3cccc8f2e03,60.16075,24.95883,00000000f1124bca,18.79
7633,2019-08-04T12:41:16Z,c261834e6d2c1bd9adddb82d8c6ce2d8aad82a89e32da62f3fcc6063,60.16075,24.95883,00000000f1124bca,27.28
7634,2019-08-04T12:41:16Z,c36d58ed0e0dddb3e26be1214e369db1c3fa3d4bcf8b53536a25239b,60.17065,24.93641,000000000f4919c9,2.08
7635,2019-08-04T12:41:16Z,c3be6dcc2c0542676c20d28ce38adbe2c0b9be09caa3f22e60210636,60.16075,24.95883,00000000f1124bca,16.1
7636,2019-08-04T12:41:16Z,c4dfae0a1b1bd27741275e8f26148b119bf7225960b4275e488612b9,60.14699,24.922,00000000a53ed894,16.1
7637,2019-08-04T12:41:16Z,c551d554f64ffda092ce6c4a6715f0ed438c9649f7676b2944f1ea2f,60.14699,24.922,00000000a53ed894,11.7
7638,2019-08-04T12:41:16Z,c593e91b10da944a20d25c4237bda2fae759d288cea38bcaaee3abfa,60.16448,24.97323,0000000053c6c2be,29.32
7639,2019-08-04T12:41:16Z,c633a260ce59bad4e1ca42f12936ed8ae57a40f5e6528dfb70052c43,60.16897,24.95222,00000000aa852af1,10.78
7640,2019-08-04T12:41:16Z,c728eaa7734efeabe7f33c782081caa960fcced68160e285ee477916,60.14699,24.922,00000000a53ed894,9.12
7641,2019-08-04T12:41:16Z,c87e8f1684c9d9267ea52b4b18d5c4fe91254e4cccefaf1f778519b8,60.14699,24.922,00000000a53ed894,23.56
7642,2019-08-04T12:41:16Z,ca507a06be040b3e520339b63d5bd15463a1862124c4bd940d936e4a,60.16762,24.95415,000000006b44cce7,16.1
7643,2019-08-04T12:41:16Z,cad80f69731ad65f7f14bf400d674e0c42de462bd42db112c9d9f261,60.16075,24.95883,00000000f1124bca,25.36
7644,2019-08-04T12:41:16Z,cbc336691f17a9c508549e03d522166247a0cd0a944321c1a7d15525,60.14699,24.922,00000000a53ed894,12.69
7645,2019-08-04T12:41:16Z,cbeef3bda7bad2ba1dc31f986349ad235f07ee8d53eb4d0bbc920ecd,60.14699,24.922,00000000a53ed894,16.1
7646,2019-08-04T12:41:16Z,cc2cf42c6b14536fb92c810ff0e3dd5a3caa74236f14246a5b6e8cdc,60.16762,24.95415,000000006b44cce7,5.91
7647,2019-08-04T12:41:16Z,cc3ab8b82d60cbeb3ccd635efb6cd12d127645ab3d03b73bcfec7455,60.16762,24.95415,000000006b44cce7,20.28
7648,2019-08-04T12:41:16Z,cce6b6f309e43e2bb1be6a9784582a82891e976d0869d01040586d27,60.14947,24.91438,000000004ef3150d,7.05
7649,2019-08-04T12:41:16Z,cd47b9ac851ce6b21df7b8e918554b0cb1a12d03da7e0aaf14e19314,60.14947,24.91438,000000004ef3150d,14.89
7650,2019-08-04T12:41:16Z,cd4ecd3b83630f6e5d65f635804e47a1ceb82853aac36af30044f06a,60.149,24.9843,00000000fffb8cf0,21.87
7651,2019-08-04T12:41:16Z,cd62fc5a92bd89f24a6e3d736d5511bf872859d762723b92f2092abc,60.16829,24.94214,00000000afef4555,9.12
7652,2019-08-04T12:41:16Z,cd9b2be9ffb37c8b7c5c25f587c95b1c7932a21fb245487ea2f740d9,60.14699,24.922,00000000a53ed894,8.38
7653,2019-08-04T12:41:16Z,ced0425d382ce86b7565a8b7b36a453a0880a08ba10090524e6c1ac5,60.14699,24.922,00000000a53ed894,20.28
7654,2019-08-04T12:41:16Z,cfa42322be0000cf89d8969d1b88ace0ba99cab721dd58d55d41a36e,60.17065,24.93641,000000000f4919c9,11.7
7655,2019-08-04T12:41:16Z,cfc2a688ff31fbb1baac8790fb6d56dc7746ba2cf9e0e5f39d4751a4,60.14699,24.922,00000000a53ed894,5.41
7656,2019-08-04T12:41:16Z,d0413da80c7714f40ffe50dcfb00039280c64ecebc61c59df72965e6,60.149,24.9843,00000000fffb8cf0,16.1
7657,2019-08-04T12:41:16Z,d098b9b5b30c5fcd4ae8a2b8bc761df72829713d3ae919634876d349,60.14699,24.922,00000000a53ed894,14.89
7658,2019-08-04T12:41:16Z,d0aa228c2a3e6e1568e876cffc76874702e0f0f63f18533551bf02c1,60.16075,24.95883,00000000f1124bca,18.79
7659,2019-08-04T12:41:16Z,d150c7aba4e7419f0ddd187392a9c2a429f44fa82535fb594c48ff55,60.16897,24.95222,00000000aa852af1,21.87
7660,2019-08-04T12:41:16Z,d295fce65c7332728ab79761524c814f41bd0cefa3ad9ef62ac18993,60.14951,24.92138,0000000006dd41f6,20.28
7661,2019-08-04T12:41:16Z,d2b1a7ead9aff41a8cb3fff6b7f4ee84a780b52aae2f3838b83447fc,60.16829,24.94214,00000000afef4555,18.79
7662,2019-08-04T12:41:16Z,d3486259a51296194d20e84e88ba4588e37cf48661effba832c33ab0,60.16762,24.95415,000000006b44cce7,14.89
7663,2019-08-04T12:41:16Z,d3a37aedae39925bda7da8e4f05a61b85904a00f88e8684006c76351,60.16829,24.94214,00000000afef4555,7.05
7664,2019-08-04T12:41:16Z,d64eda229ebb6012e59bc89eacb74918e404ce52f16b491f3d48e800,60.16897,24.95222,00000000aa852af1,9.92
7665,2019-08-04T12:41:16Z,d87210146aab139cc6640a20b428dce6ac516806a71a177b70e04f62,60.17065,24.93641,000000000f4919c9,11.7
7666,2019-08-04T12:41:16Z,d8983a8fe916583702bb776d3d8d3cbbe9e78778fd44d07c52ad1f2d,60.14699,24.922,00000000a53ed894,27.28
7667,2019-08-04T12:41:16Z,d9e1972e6cb517827f9c355e591924449d0bbdc9bb0f5bc1f8d4f29a,60.16629,24.95957,00000000fb7600be,16.1
7668,2019-08-04T12:41:16Z,da667dfa2d8a272a7398e186de027fabd2052052c0aad767a1c7d966,60.16897,24.95222,00000000aa852af1,18.79
7669,2019-08-04T12:41:16Z,daac051ca20430238282e179e0fe525b11ff1e8f1ace26d45b41f331,60.14947,24.91438,000000004ef3150d,7.69
7670,2019-08-04T12:41:16Z,db9cee77723e2258651606fd447070139d95eb1138f8e56957bff8f1,60.17002,24.94407,000000006b087f40,23.56
7671,2019-08-04T12:41:16Z,dbf9f0495974591badcee3fcfc1b5eb718b26de86aaf486c351ad084,60.14947,24.91438,000000004ef3150d,44.58
7672,2019-08-04T12:41:16Z,dc15145376f4a497910c8d2231d671bf62f1918ad93938a48fdc3eb4,60.149,24.9843,00000000fffb8cf0,29.32
7673,2019-08-04T12:41:16Z,ddc8410b9e4ece4b995b789f95e526693bac176ed77092ba57355dc8,60.16762,24.95415,000000006b44cce7,3.74
7674,2019-08-04T12:41:16Z,ddd849ee86afceedd5f5582ede84380d5596c9ea304d634ab0fd0de0,60.16829,24.94214,00000000afef4555,2.08
7675,2019-08-04T12:41:16Z,de0d086ae32f87522eab31d3bc52545ed17b065889674963c0709568,60.16829,24.94214,00000000afef4555,18.79
7676,2019-08-04T12:41:16Z,de84f754a3916c8f831b0bb8ea41fc2a42cdea2794558fece3c7ae97,60.1538,24.95595,0000000038bf9618,10.78
7677,2019-08-04T12:41:16Z,df0e8ff4d2b113239e66c4c62bfa198af147b596a2f83309d01d3b3b,60.16762,24.95415,000000006b44cce7,9.92
7678,2019-08-04T12:41:16Z,e0df847c19b463dec6cea35494d375ce136a276c6a785936c931f60f,60.18203,24.91341,00000000342570c2,20.28
7679,2019-08-04T12:41:16Z,e1a443e10353da64728464e8a720aaf22a62b80d404f1acae1a1c6ee,60.1538,24.95595,0000000038bf9618,31.5
7680,2019-08-04T12:41:16Z,e23a6115ba872037f9b5066c9c9c966b497f449e32a2c9ceb0e55497,60.16829,24.94214,00000000afef4555,7.05
7681,2019-08-04T12:41:16Z,e2ad7d478fd698beae83366f49585d9825bec4865c1610162f3108c2,60.16897,24.95222,00000000aa852af1,33.81
7682,2019-08-04T12:41:16Z,e341e5e3e0b4fef8c3764508293310da5922b202d791694e43069ad1,60.16544,24.95398,0000000038d83d41,20.28
7683,2019-08-04T12:41:16Z,e34bcebfa007159f3d2adb0e62e20fcf721a221f52bdfe2a6ad77831,60.18203,24.91341,00000000342570c2,21.87
7684,2019-08-04T12:41:16Z,e35717ff07f32be5a2e1520f1855533f8dcc72cff7930c9cba9da32b,60.14947,24.91438,000000004ef3150d,9.92
7685,2019-08-04T12:41:16Z,e3c03ee00a1bcd066f8b260cc5b9824d1118b7b7f972a818752aabc7,60.14947,24.91438,000000004ef3150d,4.11
7686,2019-08-04T12:41:16Z,e40a26f3f7468f4ac2302b45f1ed9aab7fea245ccf81d0c08072c881,60.16829,24.94214,00000000afef4555,13.75
7687,2019-08-04T12:41:16Z,e447e76c7b53157c11d5bfeb172c27332c81b5ec7f263badf5507888,60.149,24.9843,00000000fffb8cf0,14.89
7688,2019-08-04T12:41:16Z,e4b111abda6e15229c808fb72d5c0c38e2cf3abdbbb62fff5ae48e42,60.16762,24.95415,000000006b44cce7,9.92
7689,2019-08-04T12:41:16Z,e4f8eb3c654b642eaf00a350d3f55a7ec5156d7693c81bb994f49d52,60.1538,24.95595,0000000038bf9618,21.87
7690,2019-08-04T12:41:16Z,e5aafdaa61553663ef99a8a1ff268a9e9c0ab591fa8c2f8e8756e6b3,60.16897,24.95222,00000000aa852af1,17.4
7691,2019-08-04T12:41:16Z,e621e7131322cca25ac9c09fde26ef4c94d2ba83c5679134b2bcf63d,60.16762,24.95415,000000006b44cce7,10.78
7692,2019-08-04T12:41:16Z,e6f7965f2ef456f61121bcce5e466f125192e511c2af72d901307e8e,60.16762,24.95415,000000006b44cce7,18.79
7693,2019-08-04T12:41:16Z,e7cd5f775c7eea951719f351fcc25c710f857832d6f4b70a51b7b82d,60.16897,24.95222,00000000aa852af1,13.75
7694,2019-08-04T12:41:16Z,e826dedac8582e619ce18cd7eed68be5ee1fc9ed37e191e06f916835,60.14947,24.91438,000000004ef3150d,9.12
7695,2019-08-04T12:41:16Z,e8edad8445fc4965a5c0eae45906480d83b15e61fc6139c7bdea1e33,60.14699,24.922,00000000a53ed894,21.87
7696,2019-08-04T12:41:16Z,e9115410fa45db5a174eee008cae729dc69937a0e0b5a304899bf1b9,60.17065,24.93641,000000000f4919c9,21.87
7697,2019-08-04T12:41:16Z,e92eb020afcd7c1fad04690230ff8c2f005e404dd25b8dced1df30dd,60.16075,24.95883,00000000f1124bca,6.46
7698,2019-08-04T12:41:16Z,e9e19621fc5cfcfed2c808bbadc6cc6dd31e28d3c04cef8b89ca2729,60.16075,24.95883,00000000f1124bca,17.4
7699,2019-08-04T12:41:16Z,ea157e44ed100be3f782d8b3d8e5e0986079c588c9ea754b14917df0,60.16829,24.94214,00000000afef4555,4.11
7700,2019-08-04T12:41:16Z,eaa9924da1e700147607d5145e2b55b48b65deea922ee2e59bd1d5a7,60.173,24.92524,0000000096918cfa,23.56
7701,2019-08-04T12:41:16Z,eac6fda3a18aa9ce55b6359f5c62a044e0bcd6bc3576c8cd815acf07,60.14699,24.922,00000000a53ed894,9.92
7702,2019-08-04T12:41:16Z,ec350e26364cb676c4cdb72647f039c31e27c775e7bb8973223e5d9b,60.14947,24.91438,000000004ef3150d,38.87
7703,2019-08-04T12:41:16Z,ec424a10bcefb6e69c2eabf42534f06e7a10aa0cfb28f6478052cade,60.14699,24.922,00000000a53ed894,14.89
7704,2019-08-04T12:41:16Z,eca02e24138faaf8fc3783b3c7a2b83fbbceaaa3ae3b5697c6c03295,60.16829,24.94214,00000000afef4555,17.4
7705,2019-08-04T12:41:16Z,ef77b04fc57a9781bf581172358ba74cf41e0b2a6ecc8090f99810bf,60.14699,24.922,00000000a53ed894,16.1
7706,2019-08-04T12:41:16Z,efe8b6c6fdf0d2caccd589aaaa4f0228a80590ff9ec7961f2e92103d,60.16762,24.95415,000000006b44cce7,7.05
7707,2019-08-04T12:41:16Z,f062cb52d49926a4fb39f723275ed60ab6c0f3bf34e0c3f9d233b7b8,60.14947,24.91438,000000004ef3150d,4.11
7708,2019-08-04T12:41:16Z,f1845e00642980be3cdc27a088c619bb0616b86f7cfa0b8909efac80,60.16544,24.95398,0000000038d83d41,25.36
7709,2019-08-04T12:41:16Z,f1eb1b22a5e01064a1829b325d256218c68bc9134f03a3f09f3e2566,60.16829,24.94214,00000000afef4555,9.12
7710,2019-08-04T12:41:16Z,f20f951802c722181f0e90095001c49e73f84049bb105b95c97049d1,60.17918,24.95141,00000000675d5200,20.28
7711,2019-08-04T12:41:16Z,f2adb546cdbceb99c6ab882f712614e2b9a2bec328ec26febcf2fa83,60.16762,24.95415,000000006b44cce7,17.4
7712,2019-08-04T12:41:16Z,f2deba4ef84dbbc8c5d8524f6e2311183003bce4f9bfa6aef5b5ef66,60.14947,24.91438,000000004ef3150d,5.41
7713,2019-08-04T12:41:16Z,f2e063c8c25a8bec0dd6ec3924a5f59fd9694078f2f3fd5b3ea96f29,60.16762,24.95415,000000006b44cce7,10.78
7714,2019-08-04T12:41:16Z,f366283765028e1454f3cfc564b9f220c9d700bfa8a843746eca3141,60.16897,24.95222,00000000aa852af1,21.87
7715,2019-08-04T12:41:16Z,f39827c3c7f4c833d1118043492f78e3255b6da9f4a2c000041d9b61,60.16829,24.94214,00000000afef4555,3.09
7716,2019-08-04T12:41:16Z,f5f7cfe177dfb0b7ebba2419ae53f70b6b5690dd98d98586004a9107,60.149,24.9843,00000000fffb8cf0,25.36
7717,2019-08-04T12:41:16Z,f796c9efc581b25280d4b416f8ba3aecca6ddf083e7bdad05f6e595e,60.14699,24.922,00000000a53ed894,7.69
7718,2019-08-04T12:41:16Z,f7f0caf73572bea3c08b592eeb9655b2668cfb16fd8840ca5619d84a,60.14699,24.922,00000000a53ed894,2.8
7719,2019-08-04T12:41:16Z,f847ec4111b37a677f1bd2577f778f653309f7b486974fefcf5eb8c9,60.1538,24.95595,0000000038bf9618,38.87
7720,2019-08-04T12:41:16Z,f84faae0aa9ce2d1d09d270282dd81033ad1352346128534d8c3fc7f,60.149,24.9843,00000000fffb8cf0,31.5
7721,2019-08-04T12:41:16Z,f9ffbe381dd44aa5cfd37a6c6b40f0084d784e90548811eafd4fd203,60.16448,24.97323,0000000053c6c2be,25.36
7722,2019-08-04T12:41:16Z,fa96854324adae88abb35afa34b2393a20338bfd8fc9602d3ce6ae8d,60.14947,24.91438,000000004ef3150d,6.46
7723,2019-08-04T12:41:16Z,fce50ac3cfd2f3b7a897f6575eeda4e45ab42e5b9b5351be836cc0de,60.16897,24.95222,00000000aa852af1,11.7
7724,2019-08-04T12:41:16Z,fd77161cf9715d9d0f922cf45e79e5d9b9debef5113cb32a4f82ef76,60.16762,24.95415,000000006b44cce7,8.38
7725,2019-08-04T12:41:16Z,fe5ca86c906b1cb3bf9dd257ceefc562e41da499878f1074484f7d42,60.14947,24.91438,000000004ef3150d,14.89
7726,2019-08-04T12:41:16Z,feb399897846bc34dc3f4b06ac4ef0ffb0db885977b88e5c5fdb7350,60.14699,24.922,00000000a53ed894,12.69
7727,2019-08-04T12:41:16Z,ff4f3e0f964f23b97e88626f7a506bb4409718931712c58ce0f247af,60.16762,24.95415,000000006b44cce7,7.05
7728,2019-08-04T12:41:17Z,07d86ad98399440d0cc3bd3382a7256feb971e49a3686dc17f532e1c,60.16829,24.94214,00000000afef4555,12.69
7729,2019-08-04T12:41:17Z,1142f5b6806b1ec7d8d47d47013eb530d8a7418f6934d8867b20966a,60.16829,24.94214,00000000afef4555,23.56
7730,2019-08-04T12:41:17Z,14c7e1511b70f4dd3359cbece1377aebb4d70531f5489eefe53d7c3c,60.16544,24.95398,0000000038d83d41,36.27
7731,2019-08-04T12:41:17Z,1599d2c9070a6f05e1a5887c2d9209214c04818c6203fe75440734f2,60.1538,24.95595,0000000038bf9618,21.87
7732,2019-08-04T12:41:17Z,165ebbb4090d47319ae370f0d0854fdc1f6b79499f8b2e4d3c3533c0,60.16544,24.95398,0000000038d83d41,23.56
7733,2019-08-04T12:41:17Z,16c994bb2e24124a910c247376d16e980a65626a94c4c0aaab27df60,60.16829,24.94214,00000000afef4555,17.4
7734,2019-08-04T12:41:17Z,1e7ea410376fbdb3f3c476c76d23abad5d830690f78f71ea06f7e321,60.16075,24.95883,00000000f1124bca,9.12
7735,2019-08-04T12:41:17Z,211f6b7b044343d0be369791b3fa3c144d0d0f391e2a42787712efb0,60.16448,24.97323,0000000053c6c2be,13.75
7736,2019-08-04T12:41:17Z,25a7ff811c3c06e426c7c2cbb0433d9a2a3399b23afecbd35584ab0f,60.18203,24.91341,00000000342570c2,14.89
7737,2019-08-04T12:41:17Z,2d3d031189abfaea69cd551a97b2b2d056a908f19bc56701010a2304,60.16897,24.95222,00000000aa852af1,12.69
7738,2019-08-04T12:41:17Z,315af4a829b592ba99b203b8ed2cbd499769f8752dfe6de7da4ee929,60.16829,24.94214,00000000afef4555,20.28
7739,2019-08-04T12:41:17Z,3a93902ba6b635489cd6f55b08d93e6fe7a5bc0a86a0b490a88f6d1b,60.16075,24.95883,00000000f1124bca,27.28
7740,2019-08-04T12:41:17Z,3fe84a5a1e657df8910685df3a8cf779a6ebc3362fbc8e578f235ee4,60.15432,24.9211,0000000019fb59c4,12.69
7741,2019-08-04T12:41:17Z,4317f5904a5e6ae921bf743dd534c803083fd90b15a1245881beeade,60.16897,24.95222,00000000aa852af1,29.32
7742,2019-08-04T12:41:17Z,43b676ed3aef4c2d8846694817e76117873be52e7f788e0cb366c1c4,60.16629,24.95957,00000000fb7600be,27.28
7743,2019-08-04T12:41:17Z,44d0b94469070803869f229601e877beb613c3f5aafa009addf97a1a,60.16544,24.95398,0000000038d83d41,25.36
7744,2019-08-04T12:41:17Z,4656bad9b5e6dfc3977eca308fc1db3dbf8b0204b90d09b001da242e,60.1638,24.96846,00000000d747f075,29.32
7745,2019-08-04T12:41:17Z,4a1efc9faf9548fe0ed72037d54a131265a72e61fdfc2009a4e9408a,60.16075,24.95883,00000000f1124bca,16.1
7746,2019-08-04T12:41:17Z,5d65719c4cbf045f068d084b72302f447d5fd034413d97d13be00d0e,60.18203,24.91341,00000000342570c2,20.28
7747,2019-08-04T12:41:17Z,5eed115a984d490b02b602d73787aee8dc8c4e9365b77fbff3818a76,60.16629,24.95957,00000000fb7600be,16.1
7748,2019-08-04T12:41:17Z,69219e9efa41ae9e732653e9eaf08e1a34cb853a9dafe76ddeea4d04,60.16897,24.95222,00000000aa852af1,18.79
7749,2019-08-04T12:41:17Z,6a70e2fbced719333e21eff04fcb9cb36bae9a04d1a3d6ddd96f2c58,60.15432,24.9211,0000000019fb59c4,4.94
7750,2019-08-04T12:41:17Z,737efc92e3419e9d96a8559ec341ea7e18ba6381fd8e4de3d06f82a0,60.14699,24.922,00000000a53ed894,18.79
7751,2019-08-04T12:41:17Z,7678cdb86d454ca9ae52f22d97e635106585a3a046d01da4463695cc,60.18203,24.91341,00000000342570c2,18.79
7752,2019-08-04T12:41:17Z,85ef35aecf2ff804be3d958b592705ec41c6df9c128c132c65bb283d,60.16897,24.95222,00000000aa852af1,25.36
7753,2019-08-04T12:41:17Z,87dfaad29a9276ddddb1fa021d3bc23ad14824c1af16f7d87e713689,60.14951,24.92138,0000000006dd41f6,9.12
7754,2019-08-04T12:41:17Z,88808fe92573e9cdf022cc15b9689b6b4b9429f60513c8897b0ba4c7,60.16897,24.95222,00000000aa852af1,14.89
7755,2019-08-04T12:41:17Z,89982a6acf91b79a282a6b63978e946ee205f303fcd20e944e06baf0,60.16544,24.95398,0000000038d83d41,21.87
7756,2019-08-04T12:41:17Z,8c3b1ed0846e38cc84b863a80540c8a75bfd85c8bdda36563d153110,60.16544,24.95398,0000000038d83d41,25.36
7757,2019-08-04T12:41:17Z,8c75c3289c84fe4493e1e272a77b615fe1985880c5dc68a7c1a17b53,60.16762,24.95415,000000006b44cce7,11.7
7758,2019-08-04T12:41:17Z,9843c6216661048343a0e49cf3d8aa2883cf77f452666a1c873a1052,60.16448,24.97323,0000000053c6c2be,13.75
7759,2019-08-04T12:41:17Z,9bc8068948a5b881e1bded553efe012fe129e3e4df62f64a6724917e,60.16829,24.94214,00000000afef4555,20.28
7760,2019-08-04T12:41:17Z,a8f8130135c784b027355228017bbfe99e5a6eecec153d44b78bedd3,60.16829,24.94214,00000000afef4555,11.7
7761,2019-08-04T12:41:17Z,acd2647d413f41552b31b6e383da445c8902bc2a764d2b7791a7b164,60.16762,24.95415,000000006b44cce7,14.89
7762,2019-08-04T12:41:17Z,b5fd6b317890e5ab2d79e2cd1abe61626d45a753c7337d0d40728898,60.16762,24.95415,000000006b44cce7,9.92
7763,2019-08-04T12:41:17Z,bb98768dad0f7c52cf643f035a3e7e48f5cfe28557c66f2a75914b31,60.14699,24.922,00000000a53ed894,21.87
7764,2019-08-04T12:41:17Z,bca443064699e0ac05c40e587aef06d7fd580817e739133a501490bc,60.14699,24.922,00000000a53ed894,23.56
7765,2019-08-04T12:41:17Z,bce16addb0ad2b7209298c35b3506869253f4e4a612a4cb45803ddf2,60.16075,24.95883,00000000f1124bca,27.28
7766,2019-08-04T12:41:17Z,be41ebc5fb0d348fc1ef1166d44251c3112a78a4ea01aa980364ee7c,60.14699,24.922,00000000a53ed894,12.69
7767,2019-08-04T12:41:17Z,c40c37def6bf11a63a2556519a7c6233fd417cdeea2cf14f28e7c42c,60.16531,24.9442,00000000fdda10fe,21.87
7768,2019-08-04T12:41:17Z,c97eb4181394121907d47b908495f54e5ee5145ff790f7a1dc21b3cf,60.16897,24.95222,00000000aa852af1,13.75
7769,2019-08-04T12:41:17Z,ca6927628f5ddda20036865c9345ad93d476d62ade3b181de568eed6,60.16897,24.95222,00000000aa852af1,21.87
7770,2019-08-04T12:41:17Z,cf05623e4d87ce0906c0b0b7dbf53aacc1228016cd27c341228b6e76,60.18203,24.91341,00000000342570c2,18.79
7771,2019-08-04T12:41:17Z,cfc0bedb78ded52749db3188cb188bf6a250ef5990da9c5afa9623fc,60.14951,24.92138,0000000006dd41f6,17.4
7772,2019-08-04T12:41:17Z,d0a50f3001c258a38880550f6c0835fcaa85f0a6d36687dc5de98f3b,60.16629,24.95957,00000000fb7600be,25.36
7773,2019-08-04T12:41:17Z,d568a92135fd8619da42f2038266f4922d5b6d48fe1c5f9490d39f30,60.14947,24.91438,000000004ef3150d,20.28
7774,2019-08-04T12:41:17Z,dcaa88e5d510f572877286b8ba0663428b2d71a50b6630460009c779,60.14947,24.91438,000000004ef3150d,7.05
7775,2019-08-04T12:41:17Z,dcb7e8bb90af70568c12a902d706c70e1ac1213e31ba074756f0a27a,60.1538,24.95595,0000000038bf9618,36.27
7776,2019-08-04T12:41:17Z,ded49640b591e73bff71f84fb99d2739eb6c9554164a015017725e03,60.16829,24.94214,00000000afef4555,17.4
7777,2019-08-04T12:41:17Z,e8690c2d1711bc10f2d1251a3b5b1e770b98c66c384760400c604de1,60.16829,24.94214,00000000afef4555,21.87
7778,2019-08-04T12:41:17Z,e8e366e76c97944e23c0f80b4fd3ce6e5832744922297146a49f0c7e,60.16762,24.95415,000000006b44cce7,14.89
7779,2019-08-04T12:41:17Z,e96bd269a48b822b06141c3362fcb6d5ed4d0d09a120f2e4a712d5c2,60.16897,24.95222,00000000aa852af1,14.89
7780,2019-08-04T12:41:17Z,eee5797db5c3753514933a12e2485caee4ee5803b4d830ba1c22e5c5,60.14947,24.91438,000000004ef3150d,5.91
7781,2019-08-04T12:41:17Z,efa8e25ea4c5ed441c13cffe6302f0a18f60181c6ede8e013f75a44c,60.16829,24.94214,00000000afef4555,14.89
7782,2019-08-04T12:41:17Z,f088630d7476dae7d4b7e2bb1f10575f2c89acb4b6e061f3d57c2b40,60.16531,24.9442,00000000fdda10fe,20.28
7783,2019-08-04T12:41:17Z,f237103f284dc6c51c64f9728c4f56e0c855dbb1bf8c4165758c3ef0,60.16897,24.95222,00000000aa852af1,31.5
7784,2019-08-04T12:41:17Z,f29ea15113ac0eea0be8ec41c633909de4b0b9ab6c7b9898b128080c,60.16897,24.95222,00000000aa852af1,21.87
7785,2019-08-04T12:41:17Z,f405a7c4a3a4339f8e3f7e552f6492d6eed76f7d08c54943286213de,60.16762,24.95415,000000006b44cce7,12.69
7786,2019-08-04T12:41:17Z,f6609ab1076b1105bb845595a03b41b8fbb282f79c337df5bbc9f841,60.14699,24.922,00000000a53ed894,13.75
7787,2019-08-04T12:41:17Z,fc4f3a44235f1cfc7b53f14ba2da599976a5a0a220d23b852688e485,60.17919,24.95181,000000007b5207b6,20.28
7788,2019-08-04T12:41:17Z,009ad4cd2bd97e04da44cc9789e6bdbdb899eded61d05b7d5634b7be,60.16829,24.94214,00000000afef4555,8.38
7789,2019-08-04T12:41:17Z,00a07b1f8113691d8475c54082a14cdd54decf9845a90e75df8031a6,60.17065,24.93641,000000000f4919c9,23.56
7790,2019-08-04T12:41:17Z,00b07030d00cc5582c0f1be7d73fb09e34f4018445ce11d9da8da813,60.16762,24.95415,000000006b44cce7,10.78
7791,2019-08-04T12:41:17Z,00bdb07c0f4f75c71196362c269c9f652c66cf7d3f3c2d89843af063,60.16629,24.95957,00000000fb7600be,25.36
7792,2019-08-04T12:41:17Z,02779eb12fac4ca9f4e18b53a81b3228a55ba9798c11470f95145cf6,60.16762,24.95415,000000006b44cce7,27.28
7793,2019-08-04T12:41:17Z,036c183505fea646b54aeb0c612913cafba94eca65e47d3c6d840a68,60.17918,24.95141,00000000675d5200,8.38
7794,2019-08-04T12:41:17Z,04b49a34910d12f55243dd5a756c7cc1e506e5d3cdb418cc635e9ad9,60.16762,24.95415,000000006b44cce7,12.69
7795,2019-08-04T12:41:17Z,04b5d29c48edaaf4904a98e412562e3c0d857eb20342cc7c323d4293,60.16762,24.95415,000000006b44cce7,7.05
7796,2019-08-04T12:41:17Z,04f35922a81b516e7028f61c6ff34faf6da85df0a5cfcefb6df1861f,60.149,24.9843,00000000fffb8cf0,16.1
7797,2019-08-04T12:41:17Z,05d441c83d2df822feaf93d7861452db7a201f22d84cfa36f421dfd2,60.16544,24.95398,0000000038d83d41,14.89
7798,2019-08-04T12:41:17Z,0638ed176f2a4b17c11bae92240575c9305f4bc21592a476b3106be4,60.16762,24.95415,000000006b44cce7,16.1
7799,2019-08-04T12:41:17Z,0745a2141a9beee786a347d3ee1b071719fd2f4abfeeab7f5248c0ad,60.14699,24.922,00000000a53ed894,11.7
7800,2019-08-04T12:41:17Z,076c28c1895ef1919c11113113c12655c546fc90a00800e5ebec5b56,60.14699,24.922,00000000a53ed894,13.75
7801,2019-08-04T12:41:17Z,0851ab74be2e888decf0046825f09ed302f7b2275e72b09b5b713d85,60.16829,24.94214,00000000afef4555,5.41
7802,2019-08-04T12:41:17Z,0952de1e75ca994bb018aaa22bee06785fe007f21f206e323740c94b,60.15133,24.92329,00000000e8a064a4,31.5
7803,2019-08-04T12:41:17Z,0a862920946d7a0dcbee7c1cf28a7b77c57763261788dbd361ed6409,60.14699,24.922,00000000a53ed894,16.1
7804,2019-08-04T12:41:17Z,0a8eb41acf097f79d7e145d7a002bbaa9f5017b44076ad66b2dbe053,60.16762,24.95415,000000006b44cce7,10.78
7805,2019-08-04T12:41:17Z,0aabf0df4c3c5b45bb8950c92dbe624985f19e8650ed61f92571a65a,60.14699,24.922,00000000a53ed894,7.69
7806,2019-08-04T12:41:17Z,0acb4bd7319729fea4acf035921d1136d86a307a60b4444669cede1a,60.14699,24.922,00000000a53ed894,7.05
7807,2019-08-04T12:41:17Z,0b0dd9af9d52c68ff71ce266d6707abbb0f56c3c63be0f83f7b5df9b,60.16762,24.95415,000000006b44cce7,6.46
7808,2019-08-04T12:41:17Z,0c905239b8c0e14cba671cf4d4d715d1045a30ee62a6285fb489dbb0,60.16829,24.94214,00000000afef4555,11.7
7809,2019-08-04T12:41:17Z,0d0e661499ff245b29cce6a0bee9d4716c35738590a43b289dbfbe0e,60.1538,24.95595,0000000038bf9618,27.28
7810,2019-08-04T12:41:17Z,0fe681ee4c4c70c99bbacaf42e0d3c9bffc5818eb71197978a94b021,60.16762,24.95415,000000006b44cce7,13.75
7811,2019-08-04T12:41:17Z,10a99e791e27975dc1c9d73d3163cabacf3bd7bd05a4f7abf6365426,60.14699,24.922,00000000a53ed894,9.12
7812,2019-08-04T12:41:17Z,10caaea8002e8b3b342b32710efdd7305ff375ca1cdc01411f66b2f6,60.14699,24.922,00000000a53ed894,3.74
7813,2019-08-04T12:41:17Z,119268a2b328b466959e99158efc17d07641daf2eab0785f813707f9,60.16762,24.95415,000000006b44cce7,9.12
7814,2019-08-04T12:41:17Z,124cce476184e061b136f481014a2abc7208d30e4e520ffd90c85adb,60.17002,24.94407,000000006b087f40,11.7
7815,2019-08-04T12:41:17Z,13ee67fb034e3d24edc9a9618e9d6de24979ebbcb399f83abb02a897,60.14699,24.922,00000000a53ed894,5.91
7816,2019-08-04T12:41:17Z,1496ce9cf373a2a508a8ab0b7aa0604dd889fd69483881c3752219af,60.14699,24.922,00000000a53ed894,10.78
7817,2019-08-04T12:41:17Z,161aa798c2a18e132fb27ecded773218ea4e42eabbd0e5794b1d7017,60.15432,24.9211,0000000019fb59c4,11.7
7818,2019-08-04T12:41:17Z,16ca2e50aab654110e1bb81e5e374133f99b7f103d24d5cc9635423c,60.16897,24.95222,00000000aa852af1,21.87
7819,2019-08-04T12:41:17Z,171a752ceacd35c6e27c36e67da80ba960a246c0977f0bdca139a472,60.14699,24.922,00000000a53ed894,20.28
7820,2019-08-04T12:41:17Z,1769031b7f4d75de0541e26427b9ecc92c84b80992e3b36bb8eb799e,60.16829,24.94214,00000000afef4555,9.92
7821,2019-08-04T12:41:17Z,17af6ab252328066d6b13406084507dfa7a7f6db3030872e7f87223d,60.17065,24.93641,000000000f4919c9,27.28
7822,2019-08-04T12:41:17Z,194e6ced97ec114a37fe06d6d73fb687c057d411be476f1ea6f4852e,60.16897,24.95222,00000000aa852af1,16.1
7823,2019-08-04T12:41:17Z,19e53513589dcba5028a4b34911362f7371db2323ba85afdee89638d,60.14699,24.922,00000000a53ed894,14.89
7824,2019-08-04T12:41:17Z,1a93dfa31156cee53b4bd527d8b74655a5da812b6933d8a86d871e47,60.14947,24.91438,000000004ef3150d,6.46
7825,2019-08-04T12:41:17Z,1ad0b84716a79851fa8db7a993012f0c8e496d6cba9d028a546285a2,60.16897,24.95222,00000000aa852af1,17.4
7826,2019-08-04T12:41:17Z,1b3fba902b8d1538b508cdc228fd15fdd87f5aecb68e5611b1a4e354,60.16762,24.95415,000000006b44cce7,4.5
7827,2019-08-04T12:41:17Z,1bcef866fafad7c7460a084e0b0d27c087b549f4ae704390708be47e,60.149,24.9843,00000000fffb8cf0,7.69
7828,2019-08-04T12:41:17Z,1bf54c1e78a260db15066420940a08490ba26b0b04954e8ccae2180e,60.16629,24.95957,00000000fb7600be,20.28
7829,2019-08-04T12:41:17Z,1c669457535e4635f732c228ec524f9d2c440b0d2132fa1acd93122a,60.16897,24.95222,00000000aa852af1,18.79
7830,2019-08-04T12:41:17Z,1c7ccd5d6570d98e57ef2ebbd716b7504b138f9bb616fbeaa0d1a268,60.14699,24.922,00000000a53ed894,7.05
7831,2019-08-04T12:41:17Z,1cc5f03259fab561805ccb96a6677731768ad3ac975bab2e4db8faa1,60.16762,24.95415,000000006b44cce7,27.28
7832,2019-08-04T12:41:17Z,1dacfb371d75dd4f90f447aac2a00faad98beb4188a6971c19eb2375,60.16629,24.95957,00000000fb7600be,17.4
7833,2019-08-04T12:41:17Z,1e24a2120b13c780dbb3a67a73f5058d1847f126fd5f5952e6dddcd3,60.16075,24.95883,00000000f1124bca,17.4
7834,2019-08-04T12:41:17Z,1e63d2090b520af23ca3d2c9a05047dc0b0c63f7471b86e9d9f3e7cc,60.16629,24.95957,00000000fb7600be,27.28
7835,2019-08-04T12:41:17Z,1ec58e626d2335aeeaa7c7d8f715d4334274dbd43448fb62c3901ef6,60.16829,24.94214,00000000afef4555,18.79
7836,2019-08-04T12:41:17Z,1f74037ecab4dbdc5db1a8dc8b583a86630f86a5f2d0a5167b7fa605,60.18203,24.91341,00000000342570c2,14.89
7837,2019-08-04T12:41:17Z,1f81ed7274add201d3059d4a37e2bbe86b6ae1f0fd42a16d7b8dccaa,60.14699,24.922,00000000a53ed894,5.41
7838,2019-08-04T12:41:17Z,1faaaeff6423708e06d94b904af4be93e399939fbdfd3b3091dc8bd2,60.15432,24.9211,0000000019fb59c4,13.75
7839,2019-08-04T12:41:17Z,203a0c145a43c9a18f8c2a5ba4e18882e7430662bb4ac0e56ab37578,60.17065,24.93641,000000000f4919c9,9.92
7840,2019-08-04T12:41:17Z,203ea7cefd45873084263df2b0f41ad7b2e8878222fb6a53c263c534,60.16829,24.94214,00000000afef4555,16.1
7841,2019-08-04T12:41:17Z,20ac7b2ace7c0038aa8df01b9281a9c54f1551fc8ab9b662b1f1ca22,60.18203,24.91341,00000000342570c2,17.4
7842,2019-08-04T12:41:17Z,21bdc11bb63fb48c9d4b5308540ee5df579c9a385001a10fceeeedf3,60.14699,24.922,00000000a53ed894,13.75
7843,2019-08-04T12:41:17Z,2204ba387d2db0e7d2ca03f7ace46abff8d141668b73c75a1879d7ba,60.14947,24.91438,000000004ef3150d,9.92
7844,2019-08-04T12:41:17Z,231026899a6d5b326cb5b1e38b182ca1acb77c7e27bc2378973b29db,60.16629,24.95957,00000000fb7600be,12.69
7845,2019-08-04T12:41:17Z,244b51aa4a7059ba782925258111c295aa4de9596025c55ccd5580ac,60.16829,24.94214,00000000afef4555,16.1
7846,2019-08-04T12:41:17Z,247f8b2fe544f61677fce4b7f300f6be0c3fa9f5a9f057cc0a4b2111,60.16762,24.95415,000000006b44cce7,16.1
7847,2019-08-04T12:41:17Z,250f7cf6c6d1296e84c45fb8621a0704eb5243471980b5187dc40cdd,60.14699,24.922,00000000a53ed894,11.7
7848,2019-08-04T12:41:17Z,2551a9e1b8a03c8e0e378ed37c0130b6e4105ec6b949de9e5a670be8,60.14699,24.922,00000000a53ed894,16.1
7849,2019-08-04T12:41:17Z,257206d3f59df5c426a9c735f4741cba6d792de1cbafe62289d383d7,60.16897,24.95222,00000000aa852af1,31.5
7850,2019-08-04T12:41:17Z,2607d1b2fc6e31a80348fffbed68a7d3a8e0212f197f2d1c573c587b,60.14947,24.91438,000000004ef3150d,4.5
7851,2019-08-04T12:41:17Z,26446b74d2d7b573cafeb665dbef395a1091dfa51b51cdf114690e72,60.14699,24.922,00000000a53ed894,16.1
7852,2019-08-04T12:41:17Z,269124e75b1e74a7c7dc93b778e02f04d0a53e069a90081c0938ee4c,60.14699,24.922,00000000a53ed894,13.75
7853,2019-08-04T12:41:17Z,27d4452dcae7c8e389fc21669cb3ccaedac87d45d4b1a50131c939e4,60.16762,24.95415,000000006b44cce7,3.4
7854,2019-08-04T12:41:17Z,28b43564f7156b67db7cb7b779e948986d7610f921490f9030379704,60.16897,24.95222,00000000aa852af1,10.78
7855,2019-08-04T12:41:17Z,28d2c3282e9f8fec67baec7992dcd800c45b67071e33cb118905a6b3,60.16829,24.94214,00000000afef4555,0.71
7856,2019-08-04T12:41:17Z,2969cdb120f2d285c556abfe5bac2f8090571f61aba227a474a534d2,60.17065,24.93641,000000000f4919c9,5.41
7857,2019-08-04T12:41:17Z,29a1ee6c0907a00ec6b6dcbb187f5c31d1a11b261aabd339210ee013,60.16897,24.95222,00000000aa852af1,7.05
7858,2019-08-04T12:41:17Z,2a47bdc66249162a9588347a6cbe7895fe798bb25c1194cd69fb1e8b,60.14699,24.922,00000000a53ed894,11.7
7859,2019-08-04T12:41:17Z,2e86f9a432e00fa6ff5b8744ffecbe22a02b4316779bc8b4078af2e2,60.149,24.9843,00000000fffb8cf0,27.28
7860,2019-08-04T12:41:17Z,2ee2e108ed9051b1ccf4d3ee89931dfd53170af0b558fa6579b83e8d,60.15432,24.9211,0000000019fb59c4,11.7
7861,2019-08-04T12:41:17Z,2f08dbfbbe5577f04ea9826f72d5452ddf5fd9bb892769382ea5a4ca,60.16762,24.95415,000000006b44cce7,4.5
7862,2019-08-04T12:41:17Z,32708990f2c831e65f70f2682baf5188fc93348b9a9e78ada8db2bf4,60.14947,24.91438,000000004ef3150d,3.09
7863,2019-08-04T12:41:17Z,33634cb1e3fc5d4a621e8717d203da8533ed27531a70c6cbe3abf3fa,60.16762,24.95415,000000006b44cce7,3.74
7864,2019-08-04T12:41:17Z,33ec502792a84f23fed03cf16e483d153c65e2850a2549f47034726a,60.16762,24.95415,000000006b44cce7,4.11
7865,2019-08-04T12:41:17Z,3459042c03cbb672a039f7f14a6b99b84f839b0598f9e48bf4dd95f5,60.14699,24.922,00000000a53ed894,10.78
7866,2019-08-04T12:41:17Z,348d0f13ec830589831a973041803bc7b6c0f0b5f6e5a84e47f292d3,60.17002,24.94407,000000006b087f40,25.36
7867,2019-08-04T12:41:17Z,349dd839e41cff363cc4b935496e52b93be15233e508aa82987859bd,60.16075,24.95883,00000000f1124bca,14.89
7868,2019-08-04T12:41:17Z,34f282042837e6b8407c31fd6c880bdbb7071c56d76c4b6e5ba78819,60.14947,24.91438,000000004ef3150d,23.56
7869,2019-08-04T12:41:17Z,34fddf0f4ea194b9720451d11a9de76225577536681d4f4b0a00b860,60.16829,24.94214,00000000afef4555,9.92
7870,2019-08-04T12:41:17Z,352427714fc6e8591df6bd227dde05d3b7ba0881742eee4ae750dcc4,60.15432,24.9211,0000000019fb59c4,17.4
7871,2019-08-04T12:41:17Z,358d7986d5bf2a0624fb1412a157b3c7b12f90653457e15a76bbdf50,60.16629,24.95957,00000000fb7600be,17.4
7872,2019-08-04T12:41:17Z,35a958343879c000cfc3f0c01afbc7d54934265828677bf4aefef84f,60.14699,24.922,00000000a53ed894,12.69
7873,2019-08-04T12:41:17Z,36f876050503d244f74f3cbadcef716904eb2b245190d474b0cfa794,60.16762,24.95415,000000006b44cce7,4.94
7874,2019-08-04T12:41:17Z,3721331dbb97151d17938ed835ffc7208eba26fba6100c62870a3a4f,60.14947,24.91438,000000004ef3150d,3.74
7875,2019-08-04T12:41:17Z,37945fa4e7409fab98aa8bde45081f5bd083def0059485274ad552c0,60.17919,24.95181,000000007b5207b6,7.69
7876,2019-08-04T12:41:17Z,37b4192b51c9589b8791bc2e9f830dd541c0e77fd03e7a85a51b68e5,60.16544,24.95398,0000000038d83d41,29.32
7877,2019-08-04T12:41:17Z,39310ebca1ad756aa2bfcb16c912cb7003ef3e7286a1f037603ade61,60.14699,24.922,00000000a53ed894,6.46
7878,2019-08-04T12:41:17Z,39f03a3a5fd777feee270921a7f51daec12ea679b542b0aaf2e808d7,60.149,24.9843,00000000fffb8cf0,23.56
7879,2019-08-04T12:41:17Z,3a6ce73ea4c03a14fc0d3d099e4698d3c1051a2e8e4bd552d5de394d,60.14947,24.91438,000000004ef3150d,6.46
7880,2019-08-04T12:41:17Z,3b73bf57d223bcb9b930ee8619e6603e52485b221389c64d85614baf,60.16897,24.95222,00000000aa852af1,7.69
7881,2019-08-04T12:41:17Z,3be48824225ca9f2aea5653f6ce21181a76e67a8d4b8361f0cba1f8a,60.14947,24.91438,000000004ef3150d,14.89
7882,2019-08-04T12:41:17Z,3c545ca8c42e2a9a876f2500f6aee220e5fe1c178dd132136643754b,60.16762,24.95415,000000006b44cce7,13.75
7883,2019-08-04T12:41:17Z,3e4965f1ed580ddf80246b1b78cbc55b73c11d67573d9cede2a7ccf7,60.16829,24.94214,00000000afef4555,11.7
7884,2019-08-04T12:41:17Z,3e9bb396fbc83c420e59acae7d393de6b4add7ec1dda523b9eaee7a5,60.16075,24.95883,00000000f1124bca,29.32
7885,2019-08-04T12:41:17Z,3ea5c91c32a318cb798767914dd025c2791a8c19e81c10c22f649247,60.18203,24.91341,00000000342570c2,12.69
7886,2019-08-04T12:41:17Z,3f0ef00adad8d110dd5a664041a7e29a8bf1cb2abdace2517eeafe55,60.14699,24.922,00000000a53ed894,17.4
7887,2019-08-04T12:41:17Z,3f395809cdaaaa1688c7d1cc770079bbf7ef1349e148bec5c8eacd57,60.16762,24.95415,000000006b44cce7,5.41
7888,2019-08-04T12:41:17Z,3ffe89aa6ab1e57883e21fa8f15969f46a5f487bccb2b993eadb3cfb,60.14699,24.922,00000000a53ed894,9.12
7889,2019-08-04T12:41:17Z,42052b48fa907a3f9ad0a511096b057331f7a11a1be046a63fb9629e,60.14699,24.922,00000000a53ed894,11.7
7890,2019-08-04T12:41:17Z,42168beaa0acd47be6bf8e4209edb348c9d27b18517c7420d454a24f,60.17065,24.93641,000000000f4919c9,18.79
7891,2019-08-04T12:41:17Z,42da4298ed9f522421f17714e024d9b8fe22e7546df3deeb8b139bd3,60.16075,24.95883,00000000f1124bca,6.46
7892,2019-08-04T12:41:17Z,431375be6b9405ef55878f3aa0bb5dd6a35db8ba650a2bce05081c49,60.14947,24.91438,000000004ef3150d,7.69
7893,2019-08-04T12:41:17Z,436df7106ce19510536cf507d8939633784f67da2f872970e0d3ba43,60.16829,24.94214,00000000afef4555,21.87
7894,2019-08-04T12:41:17Z,457d11209b95b153efb57d8f2641f2db0823e91a0d608fa0555a5b69,60.14699,24.922,00000000a53ed894,9.92
7895,2019-08-04T12:41:17Z,4602ff9d03f6bf4fbb82976098cc1c73e7a7e754050401c772d1406e,60.14947,24.91438,000000004ef3150d,20.28
7896,2019-08-04T12:41:17Z,467a01a257fbaad22bd4aebafc8f284c9ad3effc429475e57c214e9d,60.14699,24.922,00000000a53ed894,7.69
7897,2019-08-04T12:41:17Z,47b8aba771bed6ec3a7d57932c44fe859bcf6300054b3acc9d885105,60.14947,24.91438,000000004ef3150d,7.05
7898,2019-08-04T12:41:17Z,47bc9ff9097f9ef5f1862e48b4a42f6a9ddd30c4ef2b6eb43291a7a5,60.14699,24.922,00000000a53ed894,10.78
7899,2019-08-04T12:41:17Z,485500f74e8398df6fa143c6f1e9e4e4c1acefd7d7941804739cb4fb,60.16829,24.94214,00000000afef4555,17.4
7900,2019-08-04T12:41:17Z,48f665ebb1a71b0d84fc02bd71918c5ab5608328db534639cbd2a255,60.14947,24.91438,000000004ef3150d,5.91
7901,2019-08-04T12:41:17Z,4926fec57d2640e18cb9d46deb64eba0255ca71b93116f4ae21e4288,60.16829,24.94214,00000000afef4555,13.75
7902,2019-08-04T12:41:17Z,4aff8c41b8c3f924b9b765007cf6f0f148e9fdc4dfad6299b17f6f71,60.16762,24.95415,000000006b44cce7,11.7
7903,2019-08-04T12:41:17Z,4b1050cc517631e36206d3528399c0b14748daec8c7d1b5dfa412299,60.15432,24.9211,0000000019fb59c4,4.94
7904,2019-08-04T12:41:17Z,4b85388cdaec2b4c15b546160ee326d9668a5e5d3c7b08d0c539946e,60.17919,24.95181,000000007b5207b6,12.69
7905,2019-08-04T12:41:17Z,4be50f3eb033f3f46e3069049c8e0a34dc8a2607741c1764369ba4c2,60.16762,24.95415,000000006b44cce7,5.41
7906,2019-08-04T12:41:17Z,4bf75585466f0aafa2ed2956fe4b0f7235b4ba3a0606a52219b3156c,60.14699,24.922,00000000a53ed894,9.12
7907,2019-08-04T12:41:17Z,4cadc8cc23fd84febb6a8383030a34c97b3388a8c9ed7a64cc0f51a6,60.14947,24.91438,000000004ef3150d,16.1
7908,2019-08-04T12:41:17Z,4d35f03f4cb1cd21fbb173af8af5be5e233c63882fda53232da315f0,60.14699,24.922,00000000a53ed894,18.79
7909,2019-08-04T12:41:17Z,4d4115f2971578ddc2428be944e2954c9e9a5472a818ec1805a022b2,60.149,24.9843,00000000fffb8cf0,21.87
7910,2019-08-04T12:41:17Z,4ebdb6165c5d4892cdc21711313b98b1545bececfb886192c6f0ef22,60.16762,24.95415,000000006b44cce7,10.78
7911,2019-08-04T12:41:17Z,4efc969b8b738c051c221bf9d7829089b44cec23dd378fd86e7fb8be,60.173,24.92524,0000000096918cfa,33.81
7912,2019-08-04T12:41:17Z,514a3981fad6c695ac4940f09374b5d1c2e84d2ca835084ef8707714,60.16075,24.95883,00000000f1124bca,6.46
7913,2019-08-04T12:41:17Z,51b3c7870a399165f0d1d14f7d21688df32b0360f9cc6f3ca61890d8,60.16829,24.94214,00000000afef4555,6.46
7914,2019-08-04T12:41:17Z,52072bd384eaaf4a6958af5510ed039d194dee47f34667bc7bccbe0e,60.14699,24.922,00000000a53ed894,8.38
7915,2019-08-04T12:41:17Z,5260920d709c998754a6afe0e430e890d27be1843672147fb4d05338,60.16762,24.95415,000000006b44cce7,27.28
7916,2019-08-04T12:41:17Z,5263c8fd413ee308494f18228802330e278acc648b425bb454951db5,60.16075,24.95883,00000000f1124bca,13.75
7917,2019-08-04T12:41:17Z,52939581c6c8dd3407dbf44ea9e90471e4bbadfb7e3740a0ba8324f3,60.14699,24.922,00000000a53ed894,5.91
7918,2019-08-04T12:41:17Z,52f0e69ca7a5cebe604c1f32308dc7f8870d1d85cd4b25ad17f706e9,60.14699,24.922,00000000a53ed894,10.78
7919,2019-08-04T12:41:17Z,53f1f84f2f1f0ea7eb59dd269d86fae99cc25ee089a48f249de1aaec,60.16897,24.95222,00000000aa852af1,23.56
7920,2019-08-04T12:41:17Z,5554305bad43a71cf98d83e92708c7474c1efc189392c1ea94231e9c,60.16531,24.9442,00000000fdda10fe,1.88
7921,2019-08-04T12:41:17Z,560205233dc9b13886248fb6e54ee21dc3b287080072641e01e08dac,60.16075,24.95883,00000000f1124bca,17.4
7922,2019-08-04T12:41:17Z,56b8eace741e5227a40ea0a64601a737648080c63d6240b0dca632c4,60.16075,24.95883,00000000f1124bca,13.75
7923,2019-08-04T12:41:17Z,570dc61d53aec66ede39dfde66339640878453afc00cd1a55c60bca7,60.16544,24.95398,0000000038d83d41,14.89
7924,2019-08-04T12:41:17Z,571934189bf349efb6f596e76c21612cf9b82ed44913090169936048,60.17065,24.93641,000000000f4919c9,12.69
7925,2019-08-04T12:41:17Z,57b0ec71591ce4ba591fc3bf71f8714d7a0685e0f2f9ee9526db8e3f,60.17002,24.94407,000000006b087f40,23.56
7926,2019-08-04T12:41:17Z,57bb8beeec6904b9a5cfe83c4ff9a80e63157780137f03de2a4152d3,60.16762,24.95415,000000006b44cce7,9.12
7927,2019-08-04T12:41:17Z,57eef16af260870a831bd4f88018555730ec7dd21a538e3575825479,60.16829,24.94214,00000000afef4555,25.36
7928,2019-08-04T12:41:17Z,57f88614f91a133004ac1a6dea31a4090f899646a5f62ece691d87af,60.16762,24.95415,000000006b44cce7,9.92
7929,2019-08-04T12:41:17Z,583a35aa08fe45f96deb91a9f4b9317e86eddeee0d636cc11b3e2df8,60.16762,24.95415,000000006b44cce7,13.75
7930,2019-08-04T12:41:17Z,58411163d307bb308f9c94a9720e9ce5ab0ce4f5617cd2b1fcc2037a,60.16762,24.95415,000000006b44cce7,14.89
7931,2019-08-04T12:41:17Z,59b01cbdec8ff06fa6d50bac00c3f5f4c45132fc8a62800c08df5d6a,60.16629,24.95957,00000000fb7600be,25.36
7932,2019-08-04T12:41:17Z,5c160268bc9b4b619181ce421d9e58c258e6b59a342945fc29f0004b,60.14947,24.91438,000000004ef3150d,7.69
7933,2019-08-04T12:41:17Z,5cd5117066c75a1cb83d3896a7eba3f3472e133f0013ea7d4e95daaa,60.14699,24.922,00000000a53ed894,3.4
7934,2019-08-04T12:41:17Z,5d70086d53447ee393249cef33c7bae814c1d7c2e3055fc91b38786c,60.17919,24.95181,000000007b5207b6,9.92
7935,2019-08-04T12:41:17Z,5e53be1d47b3cceeb6ea9406c75327379c8ee8abc68da605b7758e85,60.14947,24.91438,000000004ef3150d,11.7
7936,2019-08-04T12:41:17Z,5ea49ba4de68e03664ec3a87f5de32434d7136b4f8323f022ff9df5b,60.16829,24.94214,00000000afef4555,4.5
7937,2019-08-04T12:41:17Z,60d5c11436b72dd4eb673f606bddc3f8f36675342cba015b9297155f,60.16448,24.97323,0000000053c6c2be,17.4
7938,2019-08-04T12:41:17Z,60d9b71ec38b796bf876dedfaf3112b49ff79677480c7603902857ae,60.14947,24.91438,000000004ef3150d,11.7
7939,2019-08-04T12:41:17Z,60f1b642fca90c38a1f6bcee13b699f211b8662945e5249aee5d60cb,60.16762,24.95415,000000006b44cce7,13.75
7940,2019-08-04T12:41:17Z,614ab7fba7255f6bf6f888e9a04d589962f756b3f427e658f10014f2,60.16075,24.95883,00000000f1124bca,8.38
7941,2019-08-04T12:41:17Z,61dadc3bed7f3dda70dbe12fc6914b30c863945805046f66f43ec9a7,60.14947,24.91438,000000004ef3150d,29.32
7942,2019-08-04T12:41:17Z,62a6fe2d9b3b5b4533c51253f8842428bd797b3c6a95a7816ec472ed,60.14947,24.91438,000000004ef3150d,4.94
7943,2019-08-04T12:41:17Z,63d99db5b2b7360c501446ea5e89feba9bd1c6735a7670039916f2ad,60.1538,24.95595,0000000038bf9618,25.36
7944,2019-08-04T12:41:17Z,643ef3f01a51bea3c4510d4060a945cd510e5189236d68f5c9489034,60.16829,24.94214,00000000afef4555,1.88
7945,2019-08-04T12:41:17Z,64638a9f9e6c9b32fc4b484b55e4934fcab6cb04605cc76d5f5534b7,60.17065,24.93641,000000000f4919c9,7.05
7946,2019-08-04T12:41:17Z,64ceacd0e9e50e99269c384e6468a0672028d8296e79095c68f8eb98,60.16531,24.9442,00000000fdda10fe,29.32
7947,2019-08-04T12:41:17Z,64d86288e491374eed34c68c82763c2e5dbc87113cf5ca44f23233ba,60.16829,24.94214,00000000afef4555,7.69
7948,2019-08-04T12:41:17Z,64e34af775b57908b23056a31d60ef3b005941f2e7c3db0c49df675d,60.17065,24.93641,000000000f4919c9,17.4
7949,2019-08-04T12:41:17Z,6525cc634176c25187e68e0d067bcfecfd78e399e93db4ee9d408b7e,60.17919,24.95181,000000007b5207b6,27.28
7950,2019-08-04T12:41:17Z,655204cb507ea9ae811105cdcd766161facaa9f729017a333f102391,60.149,24.9843,00000000fffb8cf0,16.1
7951,2019-08-04T12:41:17Z,65de3b8621fadfc61e9d3657dc477ea9867f9d093f80cf0857dcad88,60.16762,24.95415,000000006b44cce7,12.69
7952,2019-08-04T12:41:17Z,6688790e10cbf0805c8bdc210412ed75d7999e61029da0b7ba29458e,60.16829,24.94214,00000000afef4555,16.1
7953,2019-08-04T12:41:17Z,6723bebaab92d1a9f8b4318fd4f497a6dec6d7f8e0eafca443925213,60.16075,24.95883,00000000f1124bca,7.69
7954,2019-08-04T12:41:17Z,67591d427f60ba3c369ac0d78088fca7be33081501508d16401dd6cb,60.16762,24.95415,000000006b44cce7,3.4
7955,2019-08-04T12:41:17Z,6774ed72eaf69d7c4aaeeef90990f969954155bbcc52652e75e7deef,60.16829,24.94214,00000000afef4555,9.92
7956,2019-08-04T12:41:17Z,677c53ae4056d6cb123ca576ba5284664b1c7e3e88818bd19b5dd99a,60.17919,24.95181,000000007b5207b6,13.75
7957,2019-08-04T12:41:17Z,6875e3632a29207e29ded33617e66d55de5d8c7804fecedd6f1dfe12,60.14699,24.922,00000000a53ed894,4.94
7958,2019-08-04T12:41:17Z,69375ef968867906fc11b34d1e2c4b436d452cd47cb577a7f9e566ef,60.16762,24.95415,000000006b44cce7,10.78
7959,2019-08-04T12:41:17Z,698b200b63a644828a7314691a16af2af1bccef75d52abb5591a5542,60.14699,24.922,00000000a53ed894,4.5
7960,2019-08-04T12:41:17Z,69f1de5049f5731749defe893b8ae9ada4f5f788a994b8f7413ef657,60.17002,24.94407,000000006b087f40,25.36
7961,2019-08-04T12:41:17Z,6b6668d7ebecfb96a6ed3ca19e97f8da150943ddf1d034675d08a9b8,60.14699,24.922,00000000a53ed894,17.4
7962,2019-08-04T12:41:17Z,6b97071051ccf5db7e5ebee033d4f68d58ed6917ff2fac5b205a6605,60.17065,24.93641,000000000f4919c9,13.75
7963,2019-08-04T12:41:17Z,6c7e018abdf8462af7c7b003bc30f915184f7082e9e865a2c502eed5,60.14699,24.922,00000000a53ed894,11.7
7964,2019-08-04T12:41:17Z,6d40c31367c2556e3fe8fab5dee22bdfde888d4ff9a6d1b0d44a66c1,60.1538,24.95595,0000000038bf9618,25.36
7965,2019-08-04T12:41:17Z,6f3dd17e40daabb4efe868f1b859dc00ecc01846f0a0e2b8db5d1413,60.17919,24.95181,000000007b5207b6,9.92
7966,2019-08-04T12:41:17Z,6fdf4cfc3a0774e204869ab43ef69c6306cc40c0fd8bbb0f8b505e3a,60.16829,24.94214,00000000afef4555,25.36
7967,2019-08-04T12:41:17Z,6fdfc33c6b609ea80b4a38ecf657bc68b7bf659752b51edcc22ffb54,60.16762,24.95415,000000006b44cce7,13.75
7968,2019-08-04T12:41:17Z,6ff93560ca77c6e5a25bc7441cf33cf7fa0138b3da4d99b2dbf5531b,60.14947,24.91438,000000004ef3150d,29.32
7969,2019-08-04T12:41:17Z,70c56152af84cf1bad4d19b0cb31202232b4cd4320ce5ea48895e42b,60.14947,24.91438,000000004ef3150d,10.78
7970,2019-08-04T12:41:17Z,7176e4b517010283d61468978a67a0e6d800f7b66219728174074b97,60.14947,24.91438,000000004ef3150d,18.79
7971,2019-08-04T12:41:17Z,72231bca658d3a16f3bf9c26ba5f13393b8377e4ab0b9ed3de6c811f,60.14699,24.922,00000000a53ed894,13.75
7972,2019-08-04T12:41:17Z,72e4de5ded503a6b09635fc51a720ce504c9e77552bc2ffae8d6cae3,60.14699,24.922,00000000a53ed894,14.89
7973,2019-08-04T12:41:17Z,733f21ebebe353e10a55a74b40a0a480e6d276334d4f3d8bcf85b711,60.16075,24.95883,00000000f1124bca,25.36
7974,2019-08-04T12:41:17Z,738ce77abafd1ca6f80e6f28e84d1b1886db4cfda3be6ffcdf52c1b1,60.14699,24.922,00000000a53ed894,9.92
7975,2019-08-04T12:41:17Z,73aa46087286af57e3778006af596aa587686a1db1d4b8708764a520,60.16762,24.95415,000000006b44cce7,23.56
7976,2019-08-04T12:41:17Z,745e52dafbfa395ea41c5fcd0c2717b9091e44d19ab89e03991fdbb7,60.16762,24.95415,000000006b44cce7,10.78
7977,2019-08-04T12:41:17Z,759f94c852ff15ca91c3138913c3858c4801702f8f0514ae82fb2a19,60.16897,24.95222,00000000aa852af1,10.78
7978,2019-08-04T12:41:17Z,7664b7f08aaa059ecf6646a595c33fae0c80715febe63e31f45a4662,60.16762,24.95415,000000006b44cce7,8.38
7979,2019-08-04T12:41:17Z,777cceac7be6303a1c82f7cc68061528b01e3aa1b3aa6481cad9e5e3,60.16075,24.95883,00000000f1124bca,6.46
7980,2019-08-04T12:41:17Z,77a12194b9a6789f4b2b8c07ae7fce3c2b531cb221e5fa7ca5deae55,60.16897,24.95222,00000000aa852af1,9.12
7981,2019-08-04T12:41:17Z,79bb1e615a834d4f653cec7efc45ad5b4bbedf2a83c55b44c586ad0a,60.14947,24.91438,000000004ef3150d,16.1
7982,2019-08-04T12:41:17Z,79bde23c1a8980f93a65e14306f0d8ea89e164430d8b991e2bfee82e,60.16531,24.9442,00000000fdda10fe,16.1
7983,2019-08-04T12:41:17Z,79d26f15a82c94ac5d05e0f2b6a6beeae1f407972ec39665d7ab9535,60.16829,24.94214,00000000afef4555,1.54
7984,2019-08-04T12:41:17Z,7a0c0b525f2d3eed6c873bd3b8d27bede551fe4a428ac15c23deadae,60.16075,24.95883,00000000f1124bca,13.75
7985,2019-08-04T12:41:17Z,7a4a06d20ebe57d94e5fceeaf47d5b56ad9a515818e9c20e21a80e61,60.16629,24.95957,00000000fb7600be,18.79
7986,2019-08-04T12:41:17Z,7a97375000483176c3b37cc0d1744a950d9b322ce3534208fce0b21d,60.14699,24.922,00000000a53ed894,18.79
7987,2019-08-04T12:41:17Z,7ab335e046f7f3597f8f615a90857885e35cfecefebd5d24bbf0af90,60.16075,24.95883,00000000f1124bca,10.78
7988,2019-08-04T12:41:17Z,7bb67bcf014747e5d826f95c610d36492f31095552417a0864475491,60.14951,24.92138,0000000006dd41f6,21.87
7989,2019-08-04T12:41:17Z,7d85ddf11c6bc0fefabdb00f6e37abd4f4f62ced6ce2f2031b44795e,60.17002,24.94407,000000006b087f40,18.79
7990,2019-08-04T12:41:17Z,7d9a3d84c09c3a8d6876389e216e0278048d6b924890fb275a078ffb,60.16531,24.9442,00000000fdda10fe,0.71
7991,2019-08-04T12:41:17Z,7e31a4896ab0ff539440898dfabd8305df79869bff52da941016d1cc,60.1538,24.95595,0000000038bf9618,23.56
7992,2019-08-04T12:41:17Z,7e36fb1182193c51358dce0d239803bfdf30236f61f0352edbb1ad75,60.17065,24.93641,000000000f4919c9,21.87
7993,2019-08-04T12:41:17Z,7e76449e59f1e3a1a615b54408115353fbb14d815390d03a73b1a7bb,60.14947,24.91438,000000004ef3150d,16.1
7994,2019-08-04T12:41:17Z,7f786ec8e06f1ca3bdd10fc60d0114baf354125b8f6cf796d197f4cc,60.16075,24.95883,00000000f1124bca,7.69
7995,2019-08-04T12:41:17Z,80cbcb887f3e351e3bef7c5f53dccc578cc3494feec514aed7015c0d,60.16075,24.95883,00000000f1124bca,4.11
7996,2019-08-04T12:41:17Z,82411c6526228322a61f59259f13adf7cde62bd767587b6735867705,60.17919,24.95181,000000007b5207b6,9.12
7997,2019-08-04T12:41:17Z,82ce8c2420645d1eeed2751616ac691b53855581110be4cc97a61036,60.16897,24.95222,00000000aa852af1,16.1
7998,2019-08-04T12:41:17Z,83121a75723643c48e3c3b0a3ea5fccb532046432ca445833e8de06a,60.16762,24.95415,000000006b44cce7,3.09
7999,2019-08-04T12:41:17Z,842590c105033000cdd09b5f0e51f990329cbd8720b91931d82e30e1,60.16448,24.97323,0000000053c6c2be,27.28
8000,2019-08-04T12:41:17Z,848fdb054358a3fca79c0246f01263c92b5b48aee6b9fb6e260d7a0b,60.16829,24.94214,00000000afef4555,29.32
8001,2019-08-04T12:41:17Z,848fe01e24ccc782e5968171f53ea31d28f20a455c45d8bac8fb7374,60.173,24.92524,0000000096918cfa,14.89
8002,2019-08-04T12:41:17Z,857f5ab05809fdb94740616b8d6662aa2458c4a6009e6f717f8933fb,60.17002,24.94407,000000006b087f40,23.56
8003,2019-08-04T12:41:17Z,859b417d0b562f5c4ab33c3877c95cd7cbb332db91dcd0f4e7a4f3b6,60.14699,24.922,00000000a53ed894,16.1
8004,2019-08-04T12:41:17Z,868cd7608ed6beb209db2aad8c71f56b8aec3a6b453be18e4af217a2,60.17065,24.93641,000000000f4919c9,14.89
8005,2019-08-04T12:41:17Z,87cbb5265cd1cc3213ddb5ed9ed2a599ddb7db0b0747121d649b0ae3,60.16544,24.95398,0000000038d83d41,20.28
8006,2019-08-04T12:41:17Z,8822ffe19dec49fe874ac377de5a0504e931e342ecc1f5b1fcb939e5,60.16897,24.95222,00000000aa852af1,16.1
8007,2019-08-04T12:41:17Z,885bcc6af7d0aa9718fe1030e32ffff1de5171ae5ef67cf0011874fb,60.14947,24.91438,000000004ef3150d,2.3
8008,2019-08-04T12:41:17Z,8947a5209f3b32173d3dc72792039edf94a2711741ab041b62b30643,60.16762,24.95415,000000006b44cce7,4.94
8009,2019-08-04T12:41:17Z,896f7e896dc6f1ea44b82bf968a988cc10c358ee34821d9d7a4bd07a,60.14947,24.91438,000000004ef3150d,3.4
8010,2019-08-04T12:41:17Z,8a08b2de43a9ef03cf96610718c908e69dcacc59f536a7135b7bb542,60.16629,24.95957,00000000fb7600be,9.12
8011,2019-08-04T12:41:17Z,8a9eedc7cf775ab4e9ad2e20bdcbcbe1635808b418eedcdcceda7834,60.16762,24.95415,000000006b44cce7,12.69
8012,2019-08-04T12:41:17Z,8acb351d2b6acbd61099205c5c497b7507c1a4da115c4b8fcaa8c930,60.16762,24.95415,000000006b44cce7,18.79
8013,2019-08-04T12:41:17Z,8b641985c793a3f25a45b2460cb01f5baa6f339c6dd26ba7752d8a7a,60.16897,24.95222,00000000aa852af1,11.7
8014,2019-08-04T12:41:17Z,8ba6cfc17ca70e8304994e018ebd5eb2003177062cde05925d5cacb3,60.173,24.92524,0000000096918cfa,11.7
8015,2019-08-04T12:41:17Z,8bbf5422247a0a6be314130d8fd9ae1814401b75acf3b3ce2da9620c,60.14699,24.922,00000000a53ed894,6.46
8016,2019-08-04T12:41:17Z,8d1d0326bb359113b842bb215f8eec864280c2a8d5edf0e4d6371841,60.14699,24.922,00000000a53ed894,13.75
8017,2019-08-04T12:41:17Z,8d528b00553162a9dd47d2296d15b2fad89aad6a508424d4589618a1,60.14947,24.91438,000000004ef3150d,8.38
8018,2019-08-04T12:41:17Z,8f9026cfff0b3ccd2e7a22e5767bee52b08ab5630d1c6ac046bf7f39,60.16544,24.95398,0000000038d83d41,21.87
8019,2019-08-04T12:41:17Z,9023a89a49a372e5f97cf86ef1b5de0164eb67cc10d394d383ab75fd,60.16829,24.94214,00000000afef4555,20.28
8020,2019-08-04T12:41:17Z,920dc90f60b295267f63efc8f968408087b71878dc3f49f0ded1c41e,60.17919,24.95181,000000007b5207b6,18.79
8021,2019-08-04T12:41:17Z,922ed68b1f7e1a599108591da78cc5ac9fbe5162e1e6528f8f0176fa,60.16544,24.95398,0000000038d83d41,20.28
8022,2019-08-04T12:41:17Z,926717d61529080dfc4c7f8cdcdc82c6490d2a5129474524b8c40ea4,60.16829,24.94214,00000000afef4555,16.1
8023,2019-08-04T12:41:17Z,93a2100e233b204243f7e69b68dea7c9a145d1b5384bd18359bf87a3,60.16531,24.9442,00000000fdda10fe,1.54
8024,2019-08-04T12:41:17Z,93b7794683a373ac7ce9476d49419c2ee26e67b474370e561be167b2,60.14699,24.922,00000000a53ed894,18.79
8025,2019-08-04T12:41:17Z,93e409819362e2429a43710ff4330bd3ed83011b73ae438dd7fb62d8,60.16762,24.95415,000000006b44cce7,7.69
8026,2019-08-04T12:41:17Z,9575ef1c44f26f0301d726029c8b1c28011a4724496943451bee6544,60.14947,24.91438,000000004ef3150d,7.05
8027,2019-08-04T12:41:17Z,97264f5808fa13851dacabf0c98525eec29849ff4b6a744cc777fd5b,60.16075,24.95883,00000000f1124bca,20.28
8028,2019-08-04T12:41:17Z,9736a8a29aee134a307e0cd4221e9b0a2ab7c48befee43fc62e9f9bd,60.14699,24.922,00000000a53ed894,7.69
8029,2019-08-04T12:41:17Z,9862cafd709b75d07c83b397773e0cf33564666cb81814bdbf5e54f2,60.16897,24.95222,00000000aa852af1,14.89
8030,2019-08-04T12:41:17Z,992f6feda52c82ad67e40af55b5602bb22411020701998c6bd65faed,60.16762,24.95415,000000006b44cce7,7.69
8031,2019-08-04T12:41:17Z,994b630283c750a0b697359e32c4bd06d5b4a32d2edb6c12cce42b32,60.16829,24.94214,00000000afef4555,13.75
8032,2019-08-04T12:41:17Z,99753600aa90a43c336153dd03985a2996b7bc6052086f503020518c,60.14699,24.922,00000000a53ed894,13.75
8033,2019-08-04T12:41:17Z,9b03b610755f4cec2e9d83a9763204e758a075614b125210bc914df5,60.16075,24.95883,00000000f1124bca,25.36
8034,2019-08-04T12:41:17Z,9b8a48b949de8c2f6b09fb1d8e45b6266e4c76b514c2d08d1d53642b,60.14699,24.922,00000000a53ed894,23.56
8035,2019-08-04T12:41:17Z,9c0eae8892feeca35b14bcf959f9c939738c58839fa47d3f6aaf4df8,60.16762,24.95415,000000006b44cce7,14.89
8036,2019-08-04T12:41:17Z,9e3d4a4b1acd94d2896cd7cf56419110f06ea96faae37aadebd4ec77,60.14947,24.91438,000000004ef3150d,7.69
8037,2019-08-04T12:41:17Z,9ff13c715073d5ad9c464cb67b6de3f703435cf389c32cce5626dfe1,60.149,24.9843,00000000fffb8cf0,17.4
8038,2019-08-04T12:41:17Z,a0db7e8063bede2dd55c2c6cf5111932617ecace670ff65314a7d349,60.16629,24.95957,00000000fb7600be,18.79
8039,2019-08-04T12:41:17Z,a1b52cda133b45cf931b9e31d4037fb841f80432e99d6a000beeadc8,60.17002,24.94407,000000006b087f40,23.56
8040,2019-08-04T12:41:17Z,a38a21a97a054541f0423f03758c70227116c05254958373e3e93ad0,60.14947,24.91438,000000004ef3150d,4.94
8041,2019-08-04T12:41:17Z,a3d228482bfdd3dbdfaee1ff72b6ac00c2ee8c05e949047ce9117783,60.14699,24.922,00000000a53ed894,4.94
8042,2019-08-04T12:41:17Z,a41e158d772eaf06a23fe6c476419f78fae156bf286c7e56e79cea64,60.14699,24.922,00000000a53ed894,23.56
8043,2019-08-04T12:41:17Z,a422a30ec1eb058c7930e1352297c161639faa5b3ca5f5fa47c4adb3,60.14947,24.91438,000000004ef3150d,9.92
8044,2019-08-04T12:41:17Z,a4f416ec0941bb365e3665d7fd224fad15d74225e8ce9f6dd6368bc7,60.17065,24.93641,000000000f4919c9,31.5
8045,2019-08-04T12:41:17Z,a66c6aaed06f5e4b2cde2b0e598cf422548fdbb7d08dfb741f857ec2,60.16762,24.95415,000000006b44cce7,16.1
8046,2019-08-04T12:41:17Z,a6f944078dd26796f5a849ccb6fdf8a4436f913cf3302597c846462d,60.16762,24.95415,000000006b44cce7,14.89
8047,2019-08-04T12:41:17Z,a7472d1b63171c047444981df223670390009e3ea502132d9963e9fb,60.14947,24.91438,000000004ef3150d,5.41
8048,2019-08-04T12:41:17Z,a76d219c3abcc4ec3a54dd834263f9a24972c71be4c7bbbfc663f22f,60.14699,24.922,00000000a53ed894,7.05
8049,2019-08-04T12:41:17Z,a794d97e26d3678bb11b4364880414bb7bfac4bb49d1867b37b489f7,60.14947,24.91438,000000004ef3150d,14.89
8050,2019-08-04T12:41:17Z,a8df2631c2442628608c1f0352c896eb532a6ca08c85de2c77360aa8,60.14947,24.91438,000000004ef3150d,14.89
8051,2019-08-04T12:41:17Z,a96e9a3805def174e6ededa93b88ce312739d9d68941dffdeca03e9f,60.16762,24.95415,000000006b44cce7,7.05
8052,2019-08-04T12:41:17Z,aa076c3f0d09145aebbb750dde9849ba4eb6759e92ba5753280184d6,60.16762,24.95415,000000006b44cce7,8.38
8053,2019-08-04T12:41:17Z,aa5773b59ce2bf1eee53e4e77cd3c261465d2ea538c9a85b8de30cd8,60.14947,24.91438,000000004ef3150d,16.1
8054,2019-08-04T12:41:17Z,ac93ac0788af8e1b0f20fada4f15ca1ad31f4084b133482d8211571d,60.14699,24.922,00000000a53ed894,17.4
8055,2019-08-04T12:41:17Z,acdcc8ae1d1c6bb055dfc108154eae58b4b894f0ce1ff174c1065c7e,60.16762,24.95415,000000006b44cce7,1.25
8056,2019-08-04T12:41:17Z,ad8af809ed47a3391bb53d11da159b3a8b0ddc264d94c049ce72bda0,60.17065,24.93641,000000000f4919c9,0.59
8057,2019-08-04T12:41:17Z,ae87b8dd8920695bc9e599874667205991c04e30666d8523f0be4350,60.14947,24.91438,000000004ef3150d,14.89
8058,2019-08-04T12:41:17Z,aec4b11f0b1ec075878ca4a3b94da464f6fc96e330b913d5bfd346b0,60.16897,24.95222,00000000aa852af1,4.11
8059,2019-08-04T12:41:17Z,b12b27061f30d5659794f14cbed5e4726c5af1ef526611d3b2dded29,60.14947,24.91438,000000004ef3150d,9.12
8060,2019-08-04T12:41:17Z,b26a9be85f5fd17ea58397762fa55db3c8f68fb709d586d61527c892,60.16829,24.94214,00000000afef4555,7.05
8061,2019-08-04T12:41:17Z,b286a5ad73d5284539b414851f27f57c421773f33f9fc564c7200c36,60.16762,24.95415,000000006b44cce7,14.89
8062,2019-08-04T12:41:17Z,b3d99c04e3db6b698e6e54f19434461336954d0c15385bff6e557be8,60.173,24.92524,0000000096918cfa,20.28
8063,2019-08-04T12:41:17Z,b41cc64d7ab4e16a03573bdc3b5863c4b402ec66c7780c7900c02877,60.16829,24.94214,00000000afef4555,11.7
8064,2019-08-04T12:41:17Z,b523d3f8341906e4b3877ff7d9614b4e10d6bbf10afdcc6c53656c8f,60.17065,24.93641,000000000f4919c9,27.28
8065,2019-08-04T12:41:17Z,b5e3abaccf4a03480985d25eb9fbf454c87f7ad06c38c8bdeb0819fa,60.14699,24.922,00000000a53ed894,25.36
8066,2019-08-04T12:41:17Z,b7039958be9f53a3eaed97f705a1974815f52f25226e920155397bec,60.16075,24.95883,00000000f1124bca,9.92
8067,2019-08-04T12:41:17Z,b7c276134da93020882d1fb9046e798ed19fc05c4278ba7a1be93ec4,60.16897,24.95222,00000000aa852af1,18.79
8068,2019-08-04T12:41:17Z,b81e80c4efa2f6bf7a24861abfd0f0fb5672f1512dc7545a1d387f7f,60.16762,24.95415,000000006b44cce7,4.94
8069,2019-08-04T12:41:17Z,b92c7fb1d77c3f326d59dbe2689bb5b8ff10fcd691f28b36aa98408c,60.17002,24.94407,000000006b087f40,21.87
8070,2019-08-04T12:41:17Z,b95117e603641dd0d77f12165023522553f649c2e803bc0799cc598d,60.16762,24.95415,000000006b44cce7,10.78
8071,2019-08-04T12:41:17Z,b96b5c0316f3090ad09535b2161dcddd7e16b2eac821bcb1d9895cae,60.16762,24.95415,000000006b44cce7,18.79
8072,2019-08-04T12:41:17Z,b9863cc72d21f9ee2f0b218fa4121b5c7775eb45fd7643971fd83fe4,60.14699,24.922,00000000a53ed894,25.36
8073,2019-08-04T12:41:17Z,b9c0ac0bb7310d92c296a8870603ebd12c0c632cfc2a1fa33092b337,60.16762,24.95415,000000006b44cce7,9.92
8074,2019-08-04T12:41:17Z,baa2e34cb17a3e4b813a9a7578ddf421b7013fa00788af744fe6fc28,60.1538,24.95595,0000000038bf9618,25.36
8075,2019-08-04T12:41:17Z,bb0193f2b0ac4801fe82ed5cec75e687465d707d92e731047f81650f,60.1538,24.95595,0000000038bf9618,1.01
8076,2019-08-04T12:41:17Z,bbe1e18f88cf88928067a0221965768c1f2ae264291cea564d7eb7e8,60.16897,24.95222,00000000aa852af1,11.7
8077,2019-08-04T12:41:17Z,bbe7947ea50de5986f237ccab5782ddb55c199ad6a81e8f692670d0c,60.16829,24.94214,00000000afef4555,29.32
8078,2019-08-04T12:41:17Z,bbf8cd606b9732370f1c0ae0e68d6d0663a23102d831dd10c0e74819,60.16897,24.95222,00000000aa852af1,21.87
8079,2019-08-04T12:41:17Z,bc07df8cc395f6f4f5d483b2233caca5f93a6918f346e4cc3702f8cc,60.16531,24.9442,00000000fdda10fe,12.69
8080,2019-08-04T12:41:17Z,bc3861c61a46fbf78a7423712f1a528cf9f8332531271933056c233f,60.16829,24.94214,00000000afef4555,12.69
8081,2019-08-04T12:41:17Z,bccfcc98a02cf48098244967d091ea74928cc1b8d2f2b771bd11975d,60.1538,24.95595,0000000038bf9618,29.32
8082,2019-08-04T12:41:17Z,bd4ec71179e7755567e37eb54b845b317af028a4effe45dcaeae19bc,60.14699,24.922,00000000a53ed894,21.87
8083,2019-08-04T12:41:17Z,bddca8fc17056f9f207a259070e281eedf4cea3e8e22093b88bbd7b5,60.14699,24.922,00000000a53ed894,11.7
8084,2019-08-04T12:41:17Z,be21a77f983baae8e0ba646eda0988a618149dcc7ef4c303c35d5377,60.14947,24.91438,000000004ef3150d,13.75
8085,2019-08-04T12:41:17Z,bebf1edb9736fe66391376c4cf2a3033ab9fa83ae21f86b66392e2d0,60.16762,24.95415,000000006b44cce7,16.1
8086,2019-08-04T12:41:17Z,bf2e5725b255e320f1e8375ec03f55194f1fd9f751be9629d873a5c8,60.14699,24.922,00000000a53ed894,3.4
8087,2019-08-04T12:41:17Z,bf992d3cd95a73f02d7223eaffe90a94e3e1e98a8c6759bab631b5b0,60.14947,24.91438,000000004ef3150d,5.41
8088,2019-08-04T12:41:17Z,c0722f63618f97eb8ec4afac1a8538b81a3c87e623d753ad1201bf7c,60.16075,24.95883,00000000f1124bca,4.5
8089,2019-08-04T12:41:17Z,c0a0ca3433586ed2ae0e448f2406fabac7292ac79d49562e0bd5cef8,60.16762,24.95415,000000006b44cce7,12.69
8090,2019-08-04T12:41:17Z,c18a638a8f7d2d4e67c538d49830623f943f762f4942350ba7358441,60.173,24.92524,0000000096918cfa,20.28
8091,2019-08-04T12:41:17Z,c1e4323d2276cb6e358f5fabb123294e7a0ef87e7169f3cccc8f2e03,60.16075,24.95883,00000000f1124bca,21.87
8092,2019-08-04T12:41:17Z,c36d58ed0e0dddb3e26be1214e369db1c3fa3d4bcf8b53536a25239b,60.17065,24.93641,000000000f4919c9,4.11
8093,2019-08-04T12:41:17Z,c3b2521faf0f7ae79434e40e86c59699d399444b775c7619f6e73e36,60.16075,24.95883,00000000f1124bca,29.32
8094,2019-08-04T12:41:17Z,c3e5ee20ca76f7347fda00c4c2fdee291bc6d843a879b26fbdd70390,60.17065,24.93641,000000000f4919c9,23.56
8095,2019-08-04T12:41:17Z,c493415e869d6e6304841784a120f994272b83557256b43e44e4f3e0,60.14699,24.922,00000000a53ed894,16.1
8096,2019-08-04T12:41:17Z,c551d554f64ffda092ce6c4a6715f0ed438c9649f7676b2944f1ea2f,60.14699,24.922,00000000a53ed894,18.79
8097,2019-08-04T12:41:17Z,c593e91b10da944a20d25c4237bda2fae759d288cea38bcaaee3abfa,60.16448,24.97323,0000000053c6c2be,25.36
8098,2019-08-04T12:41:17Z,c633a260ce59bad4e1ca42f12936ed8ae57a40f5e6528dfb70052c43,60.16897,24.95222,00000000aa852af1,13.75
8099,2019-08-04T12:41:17Z,c6b973b57d5574eb3341b3141a5ba2b28f477ae9e702ab4ae701cc0d,60.14699,24.922,00000000a53ed894,18.79
8100,2019-08-04T12:41:17Z,c728eaa7734efeabe7f33c782081caa960fcced68160e285ee477916,60.14699,24.922,00000000a53ed894,12.69
8101,2019-08-04T12:41:17Z,c7416c039513e3156222d936c483164a0914a3b5a5310985374f4767,60.17065,24.93641,000000000f4919c9,29.32
8102,2019-08-04T12:41:17Z,c90216654c3f7c2e3af7070a6d4971c17195f6f95e696ce1b74a83f6,60.14699,24.922,00000000a53ed894,18.79
8103,2019-08-04T12:41:17Z,c905a50dedd9b3d2114cde9160b7adf83adc09683b65598ce24c4047,60.1538,24.95595,0000000038bf9618,17.4
8104,2019-08-04T12:41:17Z,ca417aabb4efb2b6d06ee184cb3b94fb16ad92feceba5ac296c66b0d,60.16897,24.95222,00000000aa852af1,23.56
8105,2019-08-04T12:41:17Z,ca507a06be040b3e520339b63d5bd15463a1862124c4bd940d936e4a,60.16762,24.95415,000000006b44cce7,20.28
8106,2019-08-04T12:41:17Z,cad80f69731ad65f7f14bf400d674e0c42de462bd42db112c9d9f261,60.16075,24.95883,00000000f1124bca,16.1
8107,2019-08-04T12:41:17Z,cbd334d06c16786ddc543b71b34da6278d203ac72606f0f9275e0936,60.16829,24.94214,00000000afef4555,14.89
8108,2019-08-04T12:41:17Z,cc2cf42c6b14536fb92c810ff0e3dd5a3caa74236f14246a5b6e8cdc,60.16762,24.95415,000000006b44cce7,5.91
8109,2019-08-04T12:41:17Z,cce6b6f309e43e2bb1be6a9784582a82891e976d0869d01040586d27,60.14947,24.91438,000000004ef3150d,3.74
8110,2019-08-04T12:41:17Z,cd3e127e27387b6e06cdf27f46fb6046e4182e4d7b49b49c17167c1c,60.14947,24.91438,000000004ef3150d,11.7
8111,2019-08-04T12:41:17Z,cd4ecd3b83630f6e5d65f635804e47a1ceb82853aac36af30044f06a,60.149,24.9843,00000000fffb8cf0,10.78
8112,2019-08-04T12:41:17Z,cd62fc5a92bd89f24a6e3d736d5511bf872859d762723b92f2092abc,60.16829,24.94214,00000000afef4555,9.92
8113,2019-08-04T12:41:17Z,cd9b2be9ffb37c8b7c5c25f587c95b1c7932a21fb245487ea2f740d9,60.14699,24.922,00000000a53ed894,9.92
8114,2019-08-04T12:41:17Z,ceb777dafa9b7e39125b89735b7f0cf22c3018eb0196043ac8160370,60.14699,24.922,00000000a53ed894,13.75
8115,2019-08-04T12:41:17Z,ced0425d382ce86b7565a8b7b36a453a0880a08ba10090524e6c1ac5,60.14699,24.922,00000000a53ed894,13.75
8116,2019-08-04T12:41:17Z,cef1d06a10cfa08bcaef8b36535c2ec32c756a76cc0d5c2a1246f933,60.14699,24.922,00000000a53ed894,14.89
8117,2019-08-04T12:41:17Z,cfa42322be0000cf89d8969d1b88ace0ba99cab721dd58d55d41a36e,60.17065,24.93641,000000000f4919c9,14.89
8118,2019-08-04T12:41:17Z,cfc2a688ff31fbb1baac8790fb6d56dc7746ba2cf9e0e5f39d4751a4,60.14699,24.922,00000000a53ed894,12.69
8119,2019-08-04T12:41:17Z,d0413da80c7714f40ffe50dcfb00039280c64ecebc61c59df72965e6,60.149,24.9843,00000000fffb8cf0,16.1
8120,2019-08-04T12:41:17Z,d098b9b5b30c5fcd4ae8a2b8bc761df72829713d3ae919634876d349,60.14699,24.922,00000000a53ed894,13.75
8121,2019-08-04T12:41:17Z,d0aa228c2a3e6e1568e876cffc76874702e0f0f63f18533551bf02c1,60.16075,24.95883,00000000f1124bca,20.28
8122,2019-08-04T12:41:17Z,d150c7aba4e7419f0ddd187392a9c2a429f44fa82535fb594c48ff55,60.16897,24.95222,00000000aa852af1,29.32
8123,2019-08-04T12:41:17Z,d295fce65c7332728ab79761524c814f41bd0cefa3ad9ef62ac18993,60.14951,24.92138,0000000006dd41f6,21.87
8124,2019-08-04T12:41:17Z,d38e88e5b926f9d1de6e326cca45116fcca11f10684c80876739c6cd,60.16075,24.95883,00000000f1124bca,6.46
8125,2019-08-04T12:41:17Z,d3a37aedae39925bda7da8e4f05a61b85904a00f88e8684006c76351,60.16829,24.94214,00000000afef4555,8.38
8126,2019-08-04T12:41:17Z,d64eda229ebb6012e59bc89eacb74918e404ce52f16b491f3d48e800,60.16897,24.95222,00000000aa852af1,12.69
8127,2019-08-04T12:41:17Z,d7ddfc9e0676391b3abbe5a882fd331c40bf9e846dcef32ddf4fdca4,60.16629,24.95957,00000000fb7600be,29.32
8128,2019-08-04T12:41:17Z,d87210146aab139cc6640a20b428dce6ac516806a71a177b70e04f62,60.17065,24.93641,000000000f4919c9,7.69
8129,2019-08-04T12:41:17Z,d8983a8fe916583702bb776d3d8d3cbbe9e78778fd44d07c52ad1f2d,60.14699,24.922,00000000a53ed894,14.89
8130,2019-08-04T12:41:17Z,d8f93f7019ced3cf8ccc2946465e8113293e75498092e982fd45bbc5,60.16762,24.95415,000000006b44cce7,20.28
8131,2019-08-04T12:41:17Z,d9e1972e6cb517827f9c355e591924449d0bbdc9bb0f5bc1f8d4f29a,60.16629,24.95957,00000000fb7600be,23.56
8132,2019-08-04T12:41:17Z,da667dfa2d8a272a7398e186de027fabd2052052c0aad767a1c7d966,60.16897,24.95222,00000000aa852af1,21.87
8133,2019-08-04T12:41:17Z,da79bc3a154be3d65c15bbffd0b895193ffd8167bba8a96ad28308e5,60.16762,24.95415,000000006b44cce7,16.1
8134,2019-08-04T12:41:17Z,daac051ca20430238282e179e0fe525b11ff1e8f1ace26d45b41f331,60.14947,24.91438,000000004ef3150d,2.8
8135,2019-08-04T12:41:17Z,db6993de0692cf79ab1b8e7d86e4b5832d11f57f026a6eb339f977bf,60.14699,24.922,00000000a53ed894,17.4
8136,2019-08-04T12:41:17Z,db9cee77723e2258651606fd447070139d95eb1138f8e56957bff8f1,60.17002,24.94407,000000006b087f40,33.81
8137,2019-08-04T12:41:17Z,dc15145376f4a497910c8d2231d671bf62f1918ad93938a48fdc3eb4,60.149,24.9843,00000000fffb8cf0,18.79
8138,2019-08-04T12:41:17Z,ddc8410b9e4ece4b995b789f95e526693bac176ed77092ba57355dc8,60.16762,24.95415,000000006b44cce7,3.09
8139,2019-08-04T12:41:17Z,ddd849ee86afceedd5f5582ede84380d5596c9ea304d634ab0fd0de0,60.16829,24.94214,00000000afef4555,0.41
8140,2019-08-04T12:41:17Z,de0d086ae32f87522eab31d3bc52545ed17b065889674963c0709568,60.16829,24.94214,00000000afef4555,14.89
8141,2019-08-04T12:41:17Z,de84f754a3916c8f831b0bb8ea41fc2a42cdea2794558fece3c7ae97,60.1538,24.95595,0000000038bf9618,13.75
8142,2019-08-04T12:41:17Z,e1a443e10353da64728464e8a720aaf22a62b80d404f1acae1a1c6ee,60.1538,24.95595,0000000038bf9618,33.81
8143,2019-08-04T12:41:17Z,e23a6115ba872037f9b5066c9c9c966b497f449e32a2c9ceb0e55497,60.16829,24.94214,00000000afef4555,13.75
8144,2019-08-04T12:41:17Z,e2ad7d478fd698beae83366f49585d9825bec4865c1610162f3108c2,60.16897,24.95222,00000000aa852af1,23.56
8145,2019-08-04T12:41:17Z,e341e5e3e0b4fef8c3764508293310da5922b202d791694e43069ad1,60.16544,24.95398,0000000038d83d41,13.75
8146,2019-08-04T12:41:17Z,e34bcebfa007159f3d2adb0e62e20fcf721a221f52bdfe2a6ad77831,60.18203,24.91341,00000000342570c2,17.4
8147,2019-08-04T12:41:17Z,e35717ff07f32be5a2e1520f1855533f8dcc72cff7930c9cba9da32b,60.14947,24.91438,000000004ef3150d,5.41
8148,2019-08-04T12:41:17Z,e38f18bc3340e4884e84fdcf1f0e33a019ef2f2b9fb1430e5b3d35c3,60.16762,24.95415,000000006b44cce7,10.78
8149,2019-08-04T12:41:17Z,e40a26f3f7468f4ac2302b45f1ed9aab7fea245ccf81d0c08072c881,60.16829,24.94214,00000000afef4555,16.1
8150,2019-08-04T12:41:17Z,e447e76c7b53157c11d5bfeb172c27332c81b5ec7f263badf5507888,60.149,24.9843,00000000fffb8cf0,18.79
8151,2019-08-04T12:41:17Z,e4b111abda6e15229c808fb72d5c0c38e2cf3abdbbb62fff5ae48e42,60.16762,24.95415,000000006b44cce7,16.1
8152,2019-08-04T12:41:17Z,e4f8eb3c654b642eaf00a350d3f55a7ec5156d7693c81bb994f49d52,60.1538,24.95595,0000000038bf9618,36.27
8153,2019-08-04T12:41:17Z,e621e7131322cca25ac9c09fde26ef4c94d2ba83c5679134b2bcf63d,60.16762,24.95415,000000006b44cce7,10.78
8154,2019-08-04T12:41:17Z,e826dedac8582e619ce18cd7eed68be5ee1fc9ed37e191e06f916835,60.14947,24.91438,000000004ef3150d,9.92
8155,2019-08-04T12:41:17Z,e8edad8445fc4965a5c0eae45906480d83b15e61fc6139c7bdea1e33,60.14699,24.922,00000000a53ed894,21.87
8156,2019-08-04T12:41:17Z,e9115410fa45db5a174eee008cae729dc69937a0e0b5a304899bf1b9,60.17065,24.93641,000000000f4919c9,20.28
8157,2019-08-04T12:41:17Z,e92eb020afcd7c1fad04690230ff8c2f005e404dd25b8dced1df30dd,60.16075,24.95883,00000000f1124bca,7.69
8158,2019-08-04T12:41:17Z,e95415d461b040c869512659bcc843eedf3267c4b029a0b3fab444aa,60.16829,24.94214,00000000afef4555,23.56
8159,2019-08-04T12:41:17Z,e9e19621fc5cfcfed2c808bbadc6cc6dd31e28d3c04cef8b89ca2729,60.16075,24.95883,00000000f1124bca,18.79
8160,2019-08-04T12:41:17Z,ea157e44ed100be3f782d8b3d8e5e0986079c588c9ea754b14917df0,60.16829,24.94214,00000000afef4555,5.91
8161,2019-08-04T12:41:17Z,eac6fda3a18aa9ce55b6359f5c62a044e0bcd6bc3576c8cd815acf07,60.14699,24.922,00000000a53ed894,7.69
8162,2019-08-04T12:41:17Z,eb6541383f8b12fc5476e5e2bc406933edfd211f49a1bbb93f323fa0,60.14699,24.922,00000000a53ed894,5.41
8163,2019-08-04T12:41:17Z,ec350e26364cb676c4cdb72647f039c31e27c775e7bb8973223e5d9b,60.14947,24.91438,000000004ef3150d,9.12
8164,2019-08-04T12:41:17Z,eca02e24138faaf8fc3783b3c7a2b83fbbceaaa3ae3b5697c6c03295,60.16829,24.94214,00000000afef4555,20.28
8165,2019-08-04T12:41:17Z,ef77b04fc57a9781bf581172358ba74cf41e0b2a6ecc8090f99810bf,60.14699,24.922,00000000a53ed894,8.38
8166,2019-08-04T12:41:17Z,efe8b6c6fdf0d2caccd589aaaa4f0228a80590ff9ec7961f2e92103d,60.16762,24.95415,000000006b44cce7,5.91
8167,2019-08-04T12:41:17Z,f062cb52d49926a4fb39f723275ed60ab6c0f3bf34e0c3f9d233b7b8,60.14947,24.91438,000000004ef3150d,5.41
8168,2019-08-04T12:41:17Z,f1eb1b22a5e01064a1829b325d256218c68bc9134f03a3f09f3e2566,60.16829,24.94214,00000000afef4555,11.7
8169,2019-08-04T12:41:17Z,f20f951802c722181f0e90095001c49e73f84049bb105b95c97049d1,60.17918,24.95141,00000000675d5200,25.36
8170,2019-08-04T12:41:17Z,f2759841619517bff6a58510ebb0ddbc9378cd300d99652f9b14f90d,60.16531,24.9442,00000000fdda10fe,27.28
8171,2019-08-04T12:41:17Z,f2adb546cdbceb99c6ab882f712614e2b9a2bec328ec26febcf2fa83,60.16762,24.95415,000000006b44cce7,21.87
8172,2019-08-04T12:41:17Z,f2deba4ef84dbbc8c5d8524f6e2311183003bce4f9bfa6aef5b5ef66,60.14947,24.91438,000000004ef3150d,23.56
8173,2019-08-04T12:41:17Z,f2e063c8c25a8bec0dd6ec3924a5f59fd9694078f2f3fd5b3ea96f29,60.16762,24.95415,000000006b44cce7,17.4
8174,2019-08-04T12:41:17Z,f39827c3c7f4c833d1118043492f78e3255b6da9f4a2c000041d9b61,60.16829,24.94214,00000000afef4555,4.94
8175,2019-08-04T12:41:17Z,f3ec2366b51157150674e5ab6293bdb19e0b30ca4296fee4c97b811c,60.14699,24.922,00000000a53ed894,20.28
8176,2019-08-04T12:41:17Z,f5734922496321076b037ad164bc9b2fd933ec7113cf1e67c372cf78,60.16762,24.95415,000000006b44cce7,18.79
8177,2019-08-04T12:41:17Z,f5f7cfe177dfb0b7ebba2419ae53f70b6b5690dd98d98586004a9107,60.149,24.9843,00000000fffb8cf0,9.12
8178,2019-08-04T12:41:17Z,f796c9efc581b25280d4b416f8ba3aecca6ddf083e7bdad05f6e595e,60.14699,24.922,00000000a53ed894,7.05
8179,2019-08-04T12:41:17Z,f7f0caf73572bea3c08b592eeb9655b2668cfb16fd8840ca5619d84a,60.14699,24.922,00000000a53ed894,10.78
8180,2019-08-04T12:41:17Z,f89ed6a4a644f021299a91bd365b752023ef85e8cb44c2ce33ca3b07,60.16448,24.97323,0000000053c6c2be,27.28
8181,2019-08-04T12:41:17Z,fa96854324adae88abb35afa34b2393a20338bfd8fc9602d3ce6ae8d,60.14947,24.91438,000000004ef3150d,5.91
8182,2019-08-04T12:41:17Z,fadc39da3cd26ac621092fbbff224b95bb13446c8d24bbf4f3e50e90,60.14947,24.91438,000000004ef3150d,18.79
8183,2019-08-04T12:41:17Z,fce50ac3cfd2f3b7a897f6575eeda4e45ab42e5b9b5351be836cc0de,60.16897,24.95222,00000000aa852af1,16.1
8184,2019-08-04T12:41:17Z,fd77161cf9715d9d0f922cf45e79e5d9b9debef5113cb32a4f82ef76,60.16762,24.95415,000000006b44cce7,9.12
8185,2019-08-04T12:41:17Z,fe5ca86c906b1cb3bf9dd257ceefc562e41da499878f1074484f7d42,60.14947,24.91438,000000004ef3150d,18.79
8186,2019-08-04T12:41:17Z,feb399897846bc34dc3f4b06ac4ef0ffb0db885977b88e5c5fdb7350,60.14699,24.922,00000000a53ed894,8.38
8187,2019-08-04T12:41:17Z,ff4f3e0f964f23b97e88626f7a506bb4409718931712c58ce0f247af,60.16762,24.95415,000000006b44cce7,12.69
8188,2019-08-04T12:41:17Z,ff8280896145ae17e594c52eac2cdbab47d3757d797878fbc4298596,60.1538,24.95595,0000000038bf9618,23.56
8189,2019-08-04T12:41:17Z,ff8d5b9e61bd912b13b664db8ef2919e1f515ca3b20ae67f532a5c8a,60.16762,24.95415,000000006b44cce7,16.1
8190,2019-08-04T12:41:18Z,07d86ad98399440d0cc3bd3382a7256feb971e49a3686dc17f532e1c,60.16829,24.94214,00000000afef4555,14.89
8191,2019-08-04T12:41:18Z,112c36ba789fa57e2b19c9bff8bfe0b3eba19a431c3af4656c4cee5b,60.16531,24.9442,00000000fdda10fe,29.32
8192,2019-08-04T12:41:18Z,14c7e1511b70f4dd3359cbece1377aebb4d70531f5489eefe53d7c3c,60.16544,24.95398,0000000038d83d41,23.56
8193,2019-08-04T12:41:18Z,1599d2c9070a6f05e1a5887c2d9209214c04818c6203fe75440734f2,60.1538,24.95595,0000000038bf9618,23.56
8194,2019-08-04T12:41:18Z,165ebbb4090d47319ae370f0d0854fdc1f6b79499f8b2e4d3c3533c0,60.16544,24.95398,0000000038d83d41,23.56
8195,2019-08-04T12:41:18Z,211f6b7b044343d0be369791b3fa3c144d0d0f391e2a42787712efb0,60.16448,24.97323,0000000053c6c2be,13.75
8196,2019-08-04T12:41:18Z,25a7ff811c3c06e426c7c2cbb0433d9a2a3399b23afecbd35584ab0f,60.18203,24.91341,00000000342570c2,10.78
8197,2019-08-04T12:41:18Z,315af4a829b592ba99b203b8ed2cbd499769f8752dfe6de7da4ee929,60.16829,24.94214,00000000afef4555,20.28
8198,2019-08-04T12:41:18Z,3a93902ba6b635489cd6f55b08d93e6fe7a5bc0a86a0b490a88f6d1b,60.16075,24.95883,00000000f1124bca,23.56
8199,2019-08-04T12:41:18Z,3b5cafe90982db26cf737b2e4cd4275276f6a031bca3b2a1f73023b2,60.14699,24.922,00000000a53ed894,17.4
8200,2019-08-04T12:41:18Z,3fe84a5a1e657df8910685df3a8cf779a6ebc3362fbc8e578f235ee4,60.15432,24.9211,0000000019fb59c4,18.79
8201,2019-08-04T12:41:18Z,43b676ed3aef4c2d8846694817e76117873be52e7f788e0cb366c1c4,60.16629,24.95957,00000000fb7600be,36.27
8202,2019-08-04T12:41:18Z,44d0b94469070803869f229601e877beb613c3f5aafa009addf97a1a,60.16544,24.95398,0000000038d83d41,13.75
8203,2019-08-04T12:41:18Z,4656bad9b5e6dfc3977eca308fc1db3dbf8b0204b90d09b001da242e,60.1638,24.96846,00000000d747f075,25.36
8204,2019-08-04T12:41:18Z,5d65719c4cbf045f068d084b72302f447d5fd034413d97d13be00d0e,60.18203,24.91341,00000000342570c2,18.79
8205,2019-08-04T12:41:18Z,66dabd3229229330d23c70e9e1737429ddfe69db01f4a6a00f70fa20,60.16762,24.95415,000000006b44cce7,20.28
8206,2019-08-04T12:41:18Z,69219e9efa41ae9e732653e9eaf08e1a34cb853a9dafe76ddeea4d04,60.16897,24.95222,00000000aa852af1,17.4
8207,2019-08-04T12:41:18Z,6994105c98f47558d96debdd48a8c131af3f160683eb890e878bf644,60.17065,24.93641,000000000f4919c9,23.56
8208,2019-08-04T12:41:18Z,6a70e2fbced719333e21eff04fcb9cb36bae9a04d1a3d6ddd96f2c58,60.15432,24.9211,0000000019fb59c4,8.38
8209,2019-08-04T12:41:18Z,6ff437688c444238352c28f64f9d2a7d0f14d19c9ea42c225380501e,60.16762,24.95415,000000006b44cce7,25.36
8210,2019-08-04T12:41:18Z,70d8572458a1a103555bab897b6443e601e0ed211414b15ad0b56f60,60.16544,24.95398,0000000038d83d41,31.5
8211,2019-08-04T12:41:18Z,7678cdb86d454ca9ae52f22d97e635106585a3a046d01da4463695cc,60.18203,24.91341,00000000342570c2,17.4
8212,2019-08-04T12:41:18Z,85ef35aecf2ff804be3d958b592705ec41c6df9c128c132c65bb283d,60.16897,24.95222,00000000aa852af1,23.56
8213,2019-08-04T12:41:18Z,87dfaad29a9276ddddb1fa021d3bc23ad14824c1af16f7d87e713689,60.14951,24.92138,0000000006dd41f6,8.38
8214,2019-08-04T12:41:18Z,88808fe92573e9cdf022cc15b9689b6b4b9429f60513c8897b0ba4c7,60.16897,24.95222,00000000aa852af1,12.69
8215,2019-08-04T12:41:18Z,89982a6acf91b79a282a6b63978e946ee205f303fcd20e944e06baf0,60.16544,24.95398,0000000038d83d41,21.87
8216,2019-08-04T12:41:18Z,8c3b1ed0846e38cc84b863a80540c8a75bfd85c8bdda36563d153110,60.16544,24.95398,0000000038d83d41,38.87
8217,2019-08-04T12:41:18Z,8c75c3289c84fe4493e1e272a77b615fe1985880c5dc68a7c1a17b53,60.16762,24.95415,000000006b44cce7,12.69
8218,2019-08-04T12:41:18Z,9843c6216661048343a0e49cf3d8aa2883cf77f452666a1c873a1052,60.16448,24.97323,0000000053c6c2be,16.1
8219,2019-08-04T12:41:18Z,a23b63dc2df72ba829ea2eabba05dafe724027d59a8f6babf791c1b8,60.16075,24.95883,00000000f1124bca,20.28
8220,2019-08-04T12:41:18Z,a5bea5a25120c383f392f08dd3bcefd19187990b1702cdc93362dd8a,60.18203,24.91341,00000000342570c2,25.36
8221,2019-08-04T12:41:18Z,a8f8130135c784b027355228017bbfe99e5a6eecec153d44b78bedd3,60.16829,24.94214,00000000afef4555,18.79
8222,2019-08-04T12:41:18Z,af807b67ce09a2ce1744025c421961213f1608ca658ece4df69555a1,60.16762,24.95415,000000006b44cce7,9.92
8223,2019-08-04T12:41:18Z,b5fd6b317890e5ab2d79e2cd1abe61626d45a753c7337d0d40728898,60.16762,24.95415,000000006b44cce7,14.89
8224,2019-08-04T12:41:18Z,bb98768dad0f7c52cf643f035a3e7e48f5cfe28557c66f2a75914b31,60.14699,24.922,00000000a53ed894,11.7
8225,2019-08-04T12:41:18Z,bca443064699e0ac05c40e587aef06d7fd580817e739133a501490bc,60.14699,24.922,00000000a53ed894,18.79
8226,2019-08-04T12:41:18Z,bcb0201b0a1edf350ae2f681076e7d2d48ebd94c075bd3ca59552020,60.16897,24.95222,00000000aa852af1,13.75
8227,2019-08-04T12:41:18Z,be41ebc5fb0d348fc1ef1166d44251c3112a78a4ea01aa980364ee7c,60.14699,24.922,00000000a53ed894,12.69
8228,2019-08-04T12:41:18Z,c40c37def6bf11a63a2556519a7c6233fd417cdeea2cf14f28e7c42c,60.16531,24.9442,00000000fdda10fe,25.36
8229,2019-08-04T12:41:18Z,ca6927628f5ddda20036865c9345ad93d476d62ade3b181de568eed6,60.16897,24.95222,00000000aa852af1,23.56
8230,2019-08-04T12:41:18Z,cf05623e4d87ce0906c0b0b7dbf53aacc1228016cd27c341228b6e76,60.18203,24.91341,00000000342570c2,18.79
8231,2019-08-04T12:41:18Z,cfc0bedb78ded52749db3188cb188bf6a250ef5990da9c5afa9623fc,60.14951,24.92138,0000000006dd41f6,21.87
8232,2019-08-04T12:41:18Z,d0a50f3001c258a38880550f6c0835fcaa85f0a6d36687dc5de98f3b,60.16629,24.95957,00000000fb7600be,18.79
8233,2019-08-04T12:41:18Z,d661caec7a5da6aef734734bbf9090debe494c1afd98050f88f269bd,60.16829,24.94214,00000000afef4555,21.87
8234,2019-08-04T12:41:18Z,dcb7e8bb90af70568c12a902d706c70e1ac1213e31ba074756f0a27a,60.1538,24.95595,0000000038bf9618,50.98
8235,2019-08-04T12:41:18Z,ded49640b591e73bff71f84fb99d2739eb6c9554164a015017725e03,60.16829,24.94214,00000000afef4555,21.87
8236,2019-08-04T12:41:18Z,e8a7e4275353b186b27072d9685ebaeae431cffa122368d6c0deed53,60.14951,24.92138,0000000006dd41f6,31.5
8237,2019-08-04T12:41:18Z,e8e366e76c97944e23c0f80b4fd3ce6e5832744922297146a49f0c7e,60.16762,24.95415,000000006b44cce7,11.7
8238,2019-08-04T12:41:18Z,e96bd269a48b822b06141c3362fcb6d5ed4d0d09a120f2e4a712d5c2,60.16897,24.95222,00000000aa852af1,14.89
8239,2019-08-04T12:41:18Z,ed70dda6b7faebd4340dacdb452ab224d9d3c308df417b7fa76f54e8,60.14951,24.92138,0000000006dd41f6,25.36
8240,2019-08-04T12:41:18Z,eee5797db5c3753514933a12e2485caee4ee5803b4d830ba1c22e5c5,60.14947,24.91438,000000004ef3150d,18.79
8241,2019-08-04T12:41:18Z,f088630d7476dae7d4b7e2bb1f10575f2c89acb4b6e061f3d57c2b40,60.16531,24.9442,00000000fdda10fe,33.81
8242,2019-08-04T12:41:18Z,f405a7c4a3a4339f8e3f7e552f6492d6eed76f7d08c54943286213de,60.16762,24.95415,000000006b44cce7,16.1
8243,2019-08-04T12:41:18Z,f6609ab1076b1105bb845595a03b41b8fbb282f79c337df5bbc9f841,60.14699,24.922,00000000a53ed894,11.7
8244,2019-08-04T12:41:18Z,fc4f3a44235f1cfc7b53f14ba2da599976a5a0a220d23b852688e485,60.17919,24.95181,000000007b5207b6,18.79
8245,2019-08-04T12:41:18Z,0098cb09dc2f9a7fabe34f58f376e8346a6c8fe5fe61afab6dde5968,60.16897,24.95222,00000000aa852af1,21.87
8246,2019-08-04T12:41:18Z,009ad4cd2bd97e04da44cc9789e6bdbdb899eded61d05b7d5634b7be,60.16829,24.94214,00000000afef4555,4.11
8247,2019-08-04T12:41:18Z,00a07b1f8113691d8475c54082a14cdd54decf9845a90e75df8031a6,60.17065,24.93641,000000000f4919c9,29.32
8248,2019-08-04T12:41:18Z,02024e8403ee718f063822945d004f48a6f8f99e6a1aea345e349fe1,60.16829,24.94214,00000000afef4555,20.28
8249,2019-08-04T12:41:18Z,02779eb12fac4ca9f4e18b53a81b3228a55ba9798c11470f95145cf6,60.16762,24.95415,000000006b44cce7,13.75
8250,2019-08-04T12:41:18Z,02978cd5cb7127a718d3d775079ab940a3e81885ce6106495cca5ee4,60.1538,24.95595,0000000038bf9618,31.5
8251,2019-08-04T12:41:18Z,032e5d7621738a50c9e742e0cba13c819f7c67cedf8687f3ab25595c,60.16762,24.95415,000000006b44cce7,14.89
8252,2019-08-04T12:41:18Z,033759f09b97a9347fd7852dbc2bcd3abbb67a792486acad9d185bca,60.16762,24.95415,000000006b44cce7,13.75
8253,2019-08-04T12:41:18Z,036c183505fea646b54aeb0c612913cafba94eca65e47d3c6d840a68,60.17919,24.95181,000000007b5207b6,21.87
8254,2019-08-04T12:41:18Z,038e7f3d1d9babcdb48b63ff8e3e1ac732b3c29f665dc7d9a1819abc,60.14699,24.922,00000000a53ed894,13.75
8255,2019-08-04T12:41:18Z,0479a26a59d65bf1dee05c06f4227a0ba63a6e9c9a09e7c34f2e06b4,60.14699,24.922,00000000a53ed894,8.38
8256,2019-08-04T12:41:18Z,04f35922a81b516e7028f61c6ff34faf6da85df0a5cfcefb6df1861f,60.149,24.9843,00000000fffb8cf0,16.1
8257,2019-08-04T12:41:18Z,0947f9d6bb6c34e382e008052b704b6521ac4f7678a2e8a719bb574b,60.15432,24.9211,0000000019fb59c4,25.36
8258,2019-08-04T12:41:18Z,0952de1e75ca994bb018aaa22bee06785fe007f21f206e323740c94b,60.15133,24.92329,00000000e8a064a4,29.32
8259,2019-08-04T12:41:18Z,0a0acb70a8ef92be52a64d4425e70bb2f7a17d13942c3382c9d68878,60.149,24.9843,00000000fffb8cf0,3.09
8260,2019-08-04T12:41:18Z,0a5ed50daf13dd10744537aa851ac7ab1d34d9797ec6ab6e2402aebb,60.16762,24.95415,000000006b44cce7,4.11
8261,2019-08-04T12:41:18Z,0acb4bd7319729fea4acf035921d1136d86a307a60b4444669cede1a,60.14699,24.922,00000000a53ed894,8.38
8262,2019-08-04T12:41:18Z,0b0dd9af9d52c68ff71ce266d6707abbb0f56c3c63be0f83f7b5df9b,60.16762,24.95415,000000006b44cce7,7.05
8263,2019-08-04T12:41:18Z,0d0e661499ff245b29cce6a0bee9d4716c35738590a43b289dbfbe0e,60.1538,24.95595,0000000038bf9618,29.32
8264,2019-08-04T12:41:18Z,0d3525b13d674f1645fdbe6d842fe37b2f416889c5472e9dfcc5445c,60.14947,24.91438,000000004ef3150d,3.09
8265,2019-08-04T12:41:18Z,0ef4d4e0ed1d5a16b616f3722210deaa1f3be532439fb707802f70a2,60.16075,24.95883,00000000f1124bca,29.32
8266,2019-08-04T12:41:18Z,0fe681ee4c4c70c99bbacaf42e0d3c9bffc5818eb71197978a94b021,60.16762,24.95415,000000006b44cce7,9.12
8267,2019-08-04T12:41:18Z,10a99e791e27975dc1c9d73d3163cabacf3bd7bd05a4f7abf6365426,60.14699,24.922,00000000a53ed894,7.69
8268,2019-08-04T12:41:18Z,10caaea8002e8b3b342b32710efdd7305ff375ca1cdc01411f66b2f6,60.14699,24.922,00000000a53ed894,5.41
8269,2019-08-04T12:41:18Z,120a63917cb5ab619bf9a71328f14020736ee84e75d5b37278748def,60.16897,24.95222,00000000aa852af1,12.69
8270,2019-08-04T12:41:18Z,121345c4cf0d0f18c684c4eb22e496ac6f8fb537ec2f3812f6966b67,60.16762,24.95415,000000006b44cce7,7.69
8271,2019-08-04T12:41:18Z,124cce476184e061b136f481014a2abc7208d30e4e520ffd90c85adb,60.17002,24.94407,000000006b087f40,11.7
8272,2019-08-04T12:41:18Z,13bcedb8c59b26417282929d81844b272c7c5bc295614f531219a8e4,60.14947,24.91438,000000004ef3150d,17.4
8273,2019-08-04T12:41:18Z,1423891c6ee1edc7da83904378a35aef2e5797db95b117651d676934,60.16762,24.95415,000000006b44cce7,3.74
8274,2019-08-04T12:41:18Z,1496ce9cf373a2a508a8ab0b7aa0604dd889fd69483881c3752219af,60.14699,24.922,00000000a53ed894,9.12
8275,2019-08-04T12:41:18Z,15ee12e5f9be00a79b0cbbc9912f51cbfa3e486624567e1bde938fb6,60.1538,24.95595,0000000038bf9618,18.79
8276,2019-08-04T12:41:18Z,161aa798c2a18e132fb27ecded773218ea4e42eabbd0e5794b1d7017,60.15432,24.9211,0000000019fb59c4,21.87
8277,2019-08-04T12:41:18Z,16ca2e50aab654110e1bb81e5e374133f99b7f103d24d5cc9635423c,60.16897,24.95222,00000000aa852af1,25.36
8278,2019-08-04T12:41:18Z,1769031b7f4d75de0541e26427b9ecc92c84b80992e3b36bb8eb799e,60.16829,24.94214,00000000afef4555,9.12
8279,2019-08-04T12:41:18Z,1882b53729765cca25bc63400074242872d6fbc57882f131285b277f,60.16829,24.94214,00000000afef4555,9.92
8280,2019-08-04T12:41:18Z,194e6ced97ec114a37fe06d6d73fb687c057d411be476f1ea6f4852e,60.16897,24.95222,00000000aa852af1,17.4
8281,2019-08-04T12:41:18Z,197961cf403efacc6bdb07158a50753109701aba7a6e7cbf8502e1ee,60.14947,24.91438,000000004ef3150d,31.5
8282,2019-08-04T12:41:18Z,1aacd77e1fdbe1544cf1ab29a00642d77ce4a075e388e8a2108aa39b,60.16829,24.94214,00000000afef4555,27.28
8283,2019-08-04T12:41:18Z,1bcef866fafad7c7460a084e0b0d27c087b549f4ae704390708be47e,60.149,24.9843,00000000fffb8cf0,21.87
8284,2019-08-04T12:41:18Z,1bf54c1e78a260db15066420940a08490ba26b0b04954e8ccae2180e,60.16629,24.95957,00000000fb7600be,21.87
8285,2019-08-04T12:41:18Z,1c7ccd5d6570d98e57ef2ebbd716b7504b138f9bb616fbeaa0d1a268,60.14699,24.922,00000000a53ed894,9.12
8286,2019-08-04T12:41:18Z,1c97d2bebb0ebb21f9e68c4c27224b7f8d52178c0bf62341cd087e15,60.14699,24.922,00000000a53ed894,12.69
8287,2019-08-04T12:41:18Z,1ca2a3dc3dfc4b7c43e5c2670f235bdd61b23459d91984dde3e5afff,60.14699,24.922,00000000a53ed894,12.69
8288,2019-08-04T12:41:18Z,1d5ec0c8a45043d2e6c60624e8d5aa2d56ec6381f625060179621bc4,60.16762,24.95415,000000006b44cce7,17.4
8289,2019-08-04T12:41:18Z,1de29ffd9360fbbeaef5c65201b5536524df17375122c5d2462b37ca,60.14947,24.91438,000000004ef3150d,25.36
8290,2019-08-04T12:41:18Z,1e24a2120b13c780dbb3a67a73f5058d1847f126fd5f5952e6dddcd3,60.16075,24.95883,00000000f1124bca,18.79
8291,2019-08-04T12:41:18Z,1ec58e626d2335aeeaa7c7d8f715d4334274dbd43448fb62c3901ef6,60.16829,24.94214,00000000afef4555,12.69
8292,2019-08-04T12:41:18Z,1efd3fbd32cdfc27dbc1c02c60e780bfb7d07f0fe1f00c72998f2892,60.16897,24.95222,00000000aa852af1,21.87
8293,2019-08-04T12:41:18Z,1f74037ecab4dbdc5db1a8dc8b583a86630f86a5f2d0a5167b7fa605,60.18203,24.91341,00000000342570c2,13.75
8294,2019-08-04T12:41:18Z,1f81ed7274add201d3059d4a37e2bbe86b6ae1f0fd42a16d7b8dccaa,60.14699,24.922,00000000a53ed894,11.7
8295,2019-08-04T12:41:18Z,203a0c145a43c9a18f8c2a5ba4e18882e7430662bb4ac0e56ab37578,60.17065,24.93641,000000000f4919c9,13.75
8296,2019-08-04T12:41:18Z,203ea7cefd45873084263df2b0f41ad7b2e8878222fb6a53c263c534,60.16829,24.94214,00000000afef4555,9.92
8297,2019-08-04T12:41:18Z,20ac7b2ace7c0038aa8df01b9281a9c54f1551fc8ab9b662b1f1ca22,60.18203,24.91341,00000000342570c2,8.38
8298,2019-08-04T12:41:18Z,21bdc11bb63fb48c9d4b5308540ee5df579c9a385001a10fceeeedf3,60.14699,24.922,00000000a53ed894,11.7
8299,2019-08-04T12:41:18Z,21eed3ade733687b8f56fade8290819b7c6b4a9f38468979fe692c3e,60.16762,24.95415,000000006b44cce7,6.46
8300,2019-08-04T12:41:18Z,2204ba387d2db0e7d2ca03f7ace46abff8d141668b73c75a1879d7ba,60.14947,24.91438,000000004ef3150d,6.46
8301,2019-08-04T12:41:18Z,231026899a6d5b326cb5b1e38b182ca1acb77c7e27bc2378973b29db,60.16629,24.95957,00000000fb7600be,23.56
8302,2019-08-04T12:41:18Z,244b51aa4a7059ba782925258111c295aa4de9596025c55ccd5580ac,60.16829,24.94214,00000000afef4555,13.75
8303,2019-08-04T12:41:18Z,250f7cf6c6d1296e84c45fb8621a0704eb5243471980b5187dc40cdd,60.14699,24.922,00000000a53ed894,7.69
8304,2019-08-04T12:41:18Z,2551a9e1b8a03c8e0e378ed37c0130b6e4105ec6b949de9e5a670be8,60.14699,24.922,00000000a53ed894,11.7
8305,2019-08-04T12:41:18Z,2607d1b2fc6e31a80348fffbed68a7d3a8e0212f197f2d1c573c587b,60.14947,24.91438,000000004ef3150d,2.8
8306,2019-08-04T12:41:18Z,267b66cc2e81a226d253a8f3228a4b45e1fabb634bba60fd0cc21a8d,60.14699,24.922,00000000a53ed894,16.1
8307,2019-08-04T12:41:18Z,269124e75b1e74a7c7dc93b778e02f04d0a53e069a90081c0938ee4c,60.14699,24.922,00000000a53ed894,10.78
8308,2019-08-04T12:41:18Z,279a61d9e903f361f2a2aad4d06dd261e4c74f1c549cfe7f9da8917e,60.16629,24.95957,00000000fb7600be,27.28
8309,2019-08-04T12:41:18Z,27d4452dcae7c8e389fc21669cb3ccaedac87d45d4b1a50131c939e4,60.16762,24.95415,000000006b44cce7,7.69
8310,2019-08-04T12:41:18Z,28b43564f7156b67db7cb7b779e948986d7610f921490f9030379704,60.16897,24.95222,00000000aa852af1,21.87
8311,2019-08-04T12:41:18Z,28d2c3282e9f8fec67baec7992dcd800c45b67071e33cb118905a6b3,60.16829,24.94214,00000000afef4555,1.7
8312,2019-08-04T12:41:18Z,2969cdb120f2d285c556abfe5bac2f8090571f61aba227a474a534d2,60.17065,24.93641,000000000f4919c9,12.69
8313,2019-08-04T12:41:18Z,29a1ee6c0907a00ec6b6dcbb187f5c31d1a11b261aabd339210ee013,60.16897,24.95222,00000000aa852af1,8.38
8314,2019-08-04T12:41:18Z,2e2f4d1ad9ddc47800b58bfd6c1f08de22fdaa2157ec5f3f817246bf,60.16448,24.97323,0000000053c6c2be,31.5
8315,2019-08-04T12:41:18Z,2e86f9a432e00fa6ff5b8744ffecbe22a02b4316779bc8b4078af2e2,60.149,24.9843,00000000fffb8cf0,25.36
8316,2019-08-04T12:41:18Z,2ee2e108ed9051b1ccf4d3ee89931dfd53170af0b558fa6579b83e8d,60.15432,24.9211,0000000019fb59c4,12.69
8317,2019-08-04T12:41:18Z,2f08dbfbbe5577f04ea9826f72d5452ddf5fd9bb892769382ea5a4ca,60.16762,24.95415,000000006b44cce7,7.69
8318,2019-08-04T12:41:18Z,32708990f2c831e65f70f2682baf5188fc93348b9a9e78ada8db2bf4,60.14947,24.91438,000000004ef3150d,4.11
8319,2019-08-04T12:41:18Z,32f77f5019e5fce30881c214487361e2e34b8c93277f6e546de72012,60.1638,24.96846,00000000d747f075,27.28
8320,2019-08-04T12:41:18Z,33634cb1e3fc5d4a621e8717d203da8533ed27531a70c6cbe3abf3fa,60.16762,24.95415,000000006b44cce7,4.5
8321,2019-08-04T12:41:18Z,33ec502792a84f23fed03cf16e483d153c65e2850a2549f47034726a,60.16762,24.95415,000000006b44cce7,7.69
8322,2019-08-04T12:41:18Z,348d0f13ec830589831a973041803bc7b6c0f0b5f6e5a84e47f292d3,60.17002,24.94407,000000006b087f40,23.56
8323,2019-08-04T12:41:18Z,34f282042837e6b8407c31fd6c880bdbb7071c56d76c4b6e5ba78819,60.14947,24.91438,000000004ef3150d,10.78
8324,2019-08-04T12:41:18Z,34fddf0f4ea194b9720451d11a9de76225577536681d4f4b0a00b860,60.16829,24.94214,00000000afef4555,17.4
8325,2019-08-04T12:41:18Z,352427714fc6e8591df6bd227dde05d3b7ba0881742eee4ae750dcc4,60.15432,24.9211,0000000019fb59c4,18.79
8326,2019-08-04T12:41:18Z,358d7986d5bf2a0624fb1412a157b3c7b12f90653457e15a76bbdf50,60.16629,24.95957,00000000fb7600be,13.75
8327,2019-08-04T12:41:18Z,35a958343879c000cfc3f0c01afbc7d54934265828677bf4aefef84f,60.14699,24.922,00000000a53ed894,7.69
8328,2019-08-04T12:41:18Z,35e6e075578d7a51e510bf8904bde33f1d117264eea0917db98d4808,60.16897,24.95222,00000000aa852af1,13.75
8329,2019-08-04T12:41:18Z,36f876050503d244f74f3cbadcef716904eb2b245190d474b0cfa794,60.16762,24.95415,000000006b44cce7,6.46
8330,2019-08-04T12:41:18Z,3721331dbb97151d17938ed835ffc7208eba26fba6100c62870a3a4f,60.14947,24.91438,000000004ef3150d,17.4
8331,2019-08-04T12:41:18Z,37945fa4e7409fab98aa8bde45081f5bd083def0059485274ad552c0,60.17919,24.95181,000000007b5207b6,10.78
8332,2019-08-04T12:41:18Z,381408ba82c360b66229f8a181ed89b02930909f7db6e4582277ef38,60.14699,24.922,00000000a53ed894,13.75
8333,2019-08-04T12:41:18Z,38e15f5aeb58c22ca456fc4d3a14f3b4d9f1fac43de070d2565eb1d3,60.16897,24.95222,00000000aa852af1,14.89
8334,2019-08-04T12:41:18Z,39310ebca1ad756aa2bfcb16c912cb7003ef3e7286a1f037603ade61,60.14699,24.922,00000000a53ed894,5.91
8335,2019-08-04T12:41:18Z,3947448981743bba23cc04bed3d6f79a1d9dc07531b31299398463ef,60.16762,24.95415,000000006b44cce7,21.87
8336,2019-08-04T12:41:18Z,39f03a3a5fd777feee270921a7f51daec12ea679b542b0aaf2e808d7,60.149,24.9843,00000000fffb8cf0,17.4
8337,2019-08-04T12:41:18Z,3a6ce73ea4c03a14fc0d3d099e4698d3c1051a2e8e4bd552d5de394d,60.14947,24.91438,000000004ef3150d,12.69
8338,2019-08-04T12:41:18Z,3b73bf57d223bcb9b930ee8619e6603e52485b221389c64d85614baf,60.16897,24.95222,00000000aa852af1,8.38
8339,2019-08-04T12:41:18Z,3be48824225ca9f2aea5653f6ce21181a76e67a8d4b8361f0cba1f8a,60.14947,24.91438,000000004ef3150d,4.11
8340,2019-08-04T12:41:18Z,3c21ef81eb62764c543cc53a1eb793a317f3443dd4838799b2dbd6ff,60.16629,24.95957,00000000fb7600be,29.32
8341,2019-08-04T12:41:18Z,3e4965f1ed580ddf80246b1b78cbc55b73c11d67573d9cede2a7ccf7,60.16829,24.94214,00000000afef4555,16.1
8342,2019-08-04T12:41:18Z,3e99999f43f3bd9e105e735eeb92531a4301e7f258c90535acfba9ae,60.16531,24.9442,00000000fdda10fe,23.56
8343,2019-08-04T12:41:18Z,3e9bb396fbc83c420e59acae7d393de6b4add7ec1dda523b9eaee7a5,60.16075,24.95883,00000000f1124bca,20.28
8344,2019-08-04T12:41:18Z,3f395809cdaaaa1688c7d1cc770079bbf7ef1349e148bec5c8eacd57,60.16762,24.95415,000000006b44cce7,12.69
8345,2019-08-04T12:41:18Z,3ffe89aa6ab1e57883e21fa8f15969f46a5f487bccb2b993eadb3cfb,60.14699,24.922,00000000a53ed894,7.05
8346,2019-08-04T12:41:18Z,4157eed3f2574f5f9b1f7c3ccc1c36e181e82585ec5d491a1aedc6c9,60.16762,24.95415,000000006b44cce7,16.1
8347,2019-08-04T12:41:18Z,42052b48fa907a3f9ad0a511096b057331f7a11a1be046a63fb9629e,60.14699,24.922,00000000a53ed894,14.89
8348,2019-08-04T12:41:18Z,429295e322e9f143f79e9a6340e4974858aa9aa2f5ed6e8512dd00cd,60.14699,24.922,00000000a53ed894,14.89
8349,2019-08-04T12:41:18Z,42d4eb6044091814f327d0b01dc9ae701506417af1a8ab7f4161650d,60.14951,24.92138,0000000006dd41f6,20.28
8350,2019-08-04T12:41:18Z,42da4298ed9f522421f17714e024d9b8fe22e7546df3deeb8b139bd3,60.16075,24.95883,00000000f1124bca,9.92
8351,2019-08-04T12:41:18Z,431375be6b9405ef55878f3aa0bb5dd6a35db8ba650a2bce05081c49,60.14947,24.91438,000000004ef3150d,17.4
8352,2019-08-04T12:41:18Z,447f951c07ece4b9f8a41fed54b5911f4f8033b69f5a62bfd0cf1d97,60.14699,24.922,00000000a53ed894,16.1
8353,2019-08-04T12:41:18Z,4533d27e96c5c6637ddff4243672d658fea4004970652882357105a9,60.14699,24.922,00000000a53ed894,7.05
8354,2019-08-04T12:41:18Z,457d11209b95b153efb57d8f2641f2db0823e91a0d608fa0555a5b69,60.14699,24.922,00000000a53ed894,7.05
8355,2019-08-04T12:41:18Z,467a01a257fbaad22bd4aebafc8f284c9ad3effc429475e57c214e9d,60.14699,24.922,00000000a53ed894,27.28
8356,2019-08-04T12:41:18Z,47b8aba771bed6ec3a7d57932c44fe859bcf6300054b3acc9d885105,60.14947,24.91438,000000004ef3150d,12.69
8357,2019-08-04T12:41:18Z,47cde44e4ddbf6c70162fa882eee962e7c3e2a037b650294ec46568f,60.14947,24.91438,000000004ef3150d,20.28
8358,2019-08-04T12:41:18Z,485500f74e8398df6fa143c6f1e9e4e4c1acefd7d7941804739cb4fb,60.16829,24.94214,00000000afef4555,9.92
8359,2019-08-04T12:41:18Z,48d0a198e7445da9f7df3cb2cedef7dc861fe850deff789f6ad61d36,60.14947,24.91438,000000004ef3150d,14.89
8360,2019-08-04T12:41:18Z,48f665ebb1a71b0d84fc02bd71918c5ab5608328db534639cbd2a255,60.14947,24.91438,000000004ef3150d,12.69
8361,2019-08-04T12:41:18Z,4a565a7be2bb822523480c6ca86154a466bf189290f87a0ef118f8b7,60.149,24.9843,00000000fffb8cf0,29.32
8362,2019-08-04T12:41:18Z,4b1050cc517631e36206d3528399c0b14748daec8c7d1b5dfa412299,60.15432,24.9211,0000000019fb59c4,7.05
8363,2019-08-04T12:41:18Z,4b85388cdaec2b4c15b546160ee326d9668a5e5d3c7b08d0c539946e,60.17919,24.95181,000000007b5207b6,11.7
8364,2019-08-04T12:41:18Z,4be256682db9202c326fac957665719375e49ea2e9064753243c6503,60.14699,24.922,00000000a53ed894,14.89
8365,2019-08-04T12:41:18Z,4be50f3eb033f3f46e3069049c8e0a34dc8a2607741c1764369ba4c2,60.16762,24.95415,000000006b44cce7,9.92
8366,2019-08-04T12:41:18Z,4cadc8cc23fd84febb6a8383030a34c97b3388a8c9ed7a64cc0f51a6,60.14947,24.91438,000000004ef3150d,20.28
8367,2019-08-04T12:41:18Z,4d35f03f4cb1cd21fbb173af8af5be5e233c63882fda53232da315f0,60.14699,24.922,00000000a53ed894,11.7
8368,2019-08-04T12:41:18Z,4d4115f2971578ddc2428be944e2954c9e9a5472a818ec1805a022b2,60.149,24.9843,00000000fffb8cf0,27.28
8369,2019-08-04T12:41:18Z,4efc969b8b738c051c221bf9d7829089b44cec23dd378fd86e7fb8be,60.173,24.92524,0000000096918cfa,17.4
8370,2019-08-04T12:41:18Z,4f4940c5c77737c5b8f2fbd5a1b65886ea5f6e0e4fcd50447e11ce21,60.16075,24.95883,00000000f1124bca,17.4
8371,2019-08-04T12:41:18Z,50cb63669a1534d5187e4e76c7b10e57705b61e8237469a9afd253b8,60.16762,24.95415,000000006b44cce7,18.79
8372,2019-08-04T12:41:18Z,50e21d119f102cee2afe3ac7f1a32032527638769b05aca582d6ecb1,60.16762,24.95415,000000006b44cce7,9.92
8373,2019-08-04T12:41:18Z,514a3981fad6c695ac4940f09374b5d1c2e84d2ca835084ef8707714,60.16075,24.95883,00000000f1124bca,3.74
8374,2019-08-04T12:41:18Z,51b3c7870a399165f0d1d14f7d21688df32b0360f9cc6f3ca61890d8,60.16829,24.94214,00000000afef4555,9.92
8375,2019-08-04T12:41:18Z,52072bd384eaaf4a6958af5510ed039d194dee47f34667bc7bccbe0e,60.14699,24.922,00000000a53ed894,7.05
8376,2019-08-04T12:41:18Z,52939581c6c8dd3407dbf44ea9e90471e4bbadfb7e3740a0ba8324f3,60.14699,24.922,00000000a53ed894,4.5
8377,2019-08-04T12:41:18Z,5333821b3f0bf89f464a2b68fbf87c0cbd4f7f5c77b8d7583e73196b,60.17002,24.94407,000000006b087f40,38.87
8378,2019-08-04T12:41:18Z,53f1f84f2f1f0ea7eb59dd269d86fae99cc25ee089a48f249de1aaec,60.16897,24.95222,00000000aa852af1,20.28
8379,2019-08-04T12:41:18Z,552e7d20be831c5ebfa503ba78ed542d6ece4ecad264308d5dc37a31,60.14699,24.922,00000000a53ed894,16.1
8380,2019-08-04T12:41:18Z,5554305bad43a71cf98d83e92708c7474c1efc189392c1ea94231e9c,60.16531,24.9442,00000000fdda10fe,4.5
8381,2019-08-04T12:41:18Z,560205233dc9b13886248fb6e54ee21dc3b287080072641e01e08dac,60.16075,24.95883,00000000f1124bca,21.87
8382,2019-08-04T12:41:18Z,56b8eace741e5227a40ea0a64601a737648080c63d6240b0dca632c4,60.16075,24.95883,00000000f1124bca,17.4
8383,2019-08-04T12:41:18Z,570dc61d53aec66ede39dfde66339640878453afc00cd1a55c60bca7,60.16544,24.95398,0000000038d83d41,14.89
8384,2019-08-04T12:41:18Z,571934189bf349efb6f596e76c21612cf9b82ed44913090169936048,60.17065,24.93641,000000000f4919c9,12.69
8385,2019-08-04T12:41:18Z,57bb8beeec6904b9a5cfe83c4ff9a80e63157780137f03de2a4152d3,60.16762,24.95415,000000006b44cce7,5.41
8386,2019-08-04T12:41:18Z,58411163d307bb308f9c94a9720e9ce5ab0ce4f5617cd2b1fcc2037a,60.16762,24.95415,000000006b44cce7,7.69
8387,2019-08-04T12:41:18Z,584cb0b0cdd14e608c8b57c8aecc9826f9b40027e365e2438a444ea2,60.16762,24.95415,000000006b44cce7,13.75
8388,2019-08-04T12:41:18Z,59b01cbdec8ff06fa6d50bac00c3f5f4c45132fc8a62800c08df5d6a,60.16629,24.95957,00000000fb7600be,13.75
8389,2019-08-04T12:41:18Z,5cd5117066c75a1cb83d3896a7eba3f3472e133f0013ea7d4e95daaa,60.14699,24.922,00000000a53ed894,5.91
8390,2019-08-04T12:41:18Z,5d70086d53447ee393249cef33c7bae814c1d7c2e3055fc91b38786c,60.17919,24.95181,000000007b5207b6,12.69
8391,2019-08-04T12:41:18Z,5e44b2770fcd3ab47bae5954df365187d2183088b73b895edc47dcd8,60.14699,24.922,00000000a53ed894,18.79
8392,2019-08-04T12:41:18Z,5e53be1d47b3cceeb6ea9406c75327379c8ee8abc68da605b7758e85,60.14947,24.91438,000000004ef3150d,9.12
8393,2019-08-04T12:41:18Z,5e7916ca910b02abf2d19906759663c23db63950a353fa546f55c8af,60.14699,24.922,00000000a53ed894,7.05
8394,2019-08-04T12:41:18Z,5ea49ba4de68e03664ec3a87f5de32434d7136b4f8323f022ff9df5b,60.16829,24.94214,00000000afef4555,7.05
8395,2019-08-04T12:41:18Z,60d9b71ec38b796bf876dedfaf3112b49ff79677480c7603902857ae,60.14947,24.91438,000000004ef3150d,12.69
8396,2019-08-04T12:41:18Z,614ab7fba7255f6bf6f888e9a04d589962f756b3f427e658f10014f2,60.16075,24.95883,00000000f1124bca,11.7
8397,2019-08-04T12:41:18Z,6187e3415bcea985be770b4a90f3ed56fbfff1aa331759d34ccbd4ee,60.16897,24.95222,00000000aa852af1,29.32
8398,2019-08-04T12:41:18Z,623a1746eaf8ae2f9a6eb28842e9699551c46f4b1c799eb6285f5a13,60.16762,24.95415,000000006b44cce7,18.79
8399,2019-08-04T12:41:18Z,62a6fe2d9b3b5b4533c51253f8842428bd797b3c6a95a7816ec472ed,60.14947,24.91438,000000004ef3150d,5.41
8400,2019-08-04T12:41:18Z,63d99db5b2b7360c501446ea5e89feba9bd1c6735a7670039916f2ad,60.1538,24.95595,0000000038bf9618,36.27
8401,2019-08-04T12:41:18Z,643ef3f01a51bea3c4510d4060a945cd510e5189236d68f5c9489034,60.16829,24.94214,00000000afef4555,1.25
8402,2019-08-04T12:41:18Z,64638a9f9e6c9b32fc4b484b55e4934fcab6cb04605cc76d5f5534b7,60.17065,24.93641,000000000f4919c9,9.92
8403,2019-08-04T12:41:18Z,64d86288e491374eed34c68c82763c2e5dbc87113cf5ca44f23233ba,60.16829,24.94214,00000000afef4555,20.28
8404,2019-08-04T12:41:18Z,64e34af775b57908b23056a31d60ef3b005941f2e7c3db0c49df675d,60.17065,24.93641,000000000f4919c9,14.89
8405,2019-08-04T12:41:18Z,6503762f2cac51cc2b74da1efa6b16583ed11c9a528d7716b7829c0b,60.16829,24.94214,00000000afef4555,10.78
8406,2019-08-04T12:41:18Z,655204cb507ea9ae811105cdcd766161facaa9f729017a333f102391,60.149,24.9843,00000000fffb8cf0,12.69
8407,2019-08-04T12:41:18Z,65de3b8621fadfc61e9d3657dc477ea9867f9d093f80cf0857dcad88,60.16762,24.95415,000000006b44cce7,16.1
8408,2019-08-04T12:41:18Z,66b9cea6cd979b4e9e391e0ef854e2cc38eca6fb9e166811e39edd11,60.16629,24.95957,00000000fb7600be,20.28
8409,2019-08-04T12:41:18Z,6723bebaab92d1a9f8b4318fd4f497a6dec6d7f8e0eafca443925213,60.16075,24.95883,00000000f1124bca,9.92
8410,2019-08-04T12:41:18Z,67591d427f60ba3c369ac0d78088fca7be33081501508d16401dd6cb,60.16762,24.95415,000000006b44cce7,4.5
8411,2019-08-04T12:41:18Z,675eacdf32b5b831fd118fc5539eea4b3cef4bd11e2e1706a9571222,60.16829,24.94214,00000000afef4555,25.36
8412,2019-08-04T12:41:18Z,6774ed72eaf69d7c4aaeeef90990f969954155bbcc52652e75e7deef,60.16829,24.94214,00000000afef4555,7.69
8413,2019-08-04T12:41:18Z,677c53ae4056d6cb123ca576ba5284664b1c7e3e88818bd19b5dd99a,60.17919,24.95181,000000007b5207b6,25.36
8414,2019-08-04T12:41:18Z,6875e3632a29207e29ded33617e66d55de5d8c7804fecedd6f1dfe12,60.14699,24.922,00000000a53ed894,3.74
8415,2019-08-04T12:41:18Z,68be3856fa4a9085f4e05cc4192765b11411ed71bc5fa4997b2a9a5a,60.16448,24.97323,0000000053c6c2be,29.32
8416,2019-08-04T12:41:18Z,69375ef968867906fc11b34d1e2c4b436d452cd47cb577a7f9e566ef,60.16762,24.95415,000000006b44cce7,8.38
8417,2019-08-04T12:41:18Z,698b200b63a644828a7314691a16af2af1bccef75d52abb5591a5542,60.14699,24.922,00000000a53ed894,12.69
8418,2019-08-04T12:41:18Z,69f1de5049f5731749defe893b8ae9ada4f5f788a994b8f7413ef657,60.17002,24.94407,000000006b087f40,29.32
8419,2019-08-04T12:41:18Z,6b6668d7ebecfb96a6ed3ca19e97f8da150943ddf1d034675d08a9b8,60.14699,24.922,00000000a53ed894,18.79
8420,2019-08-04T12:41:18Z,6b97071051ccf5db7e5ebee033d4f68d58ed6917ff2fac5b205a6605,60.17065,24.93641,000000000f4919c9,13.75
8421,2019-08-04T12:41:18Z,6c7e018abdf8462af7c7b003bc30f915184f7082e9e865a2c502eed5,60.14699,24.922,00000000a53ed894,11.7
8422,2019-08-04T12:41:18Z,6f3dd17e40daabb4efe868f1b859dc00ecc01846f0a0e2b8db5d1413,60.17919,24.95181,000000007b5207b6,25.36
8423,2019-08-04T12:41:18Z,6fdf4cfc3a0774e204869ab43ef69c6306cc40c0fd8bbb0f8b505e3a,60.16829,24.94214,00000000afef4555,21.87
8424,2019-08-04T12:41:18Z,6ff93560ca77c6e5a25bc7441cf33cf7fa0138b3da4d99b2dbf5531b,60.14947,24.91438,000000004ef3150d,17.4
8425,2019-08-04T12:41:18Z,70c56152af84cf1bad4d19b0cb31202232b4cd4320ce5ea48895e42b,60.14947,24.91438,000000004ef3150d,18.79
8426,2019-08-04T12:41:18Z,71479e7c1c4fd96468f16800ff04484480c76e0953d2074500b0df31,60.17919,24.95181,000000007b5207b6,20.28
8427,2019-08-04T12:41:18Z,7176e4b517010283d61468978a67a0e6d800f7b66219728174074b97,60.14947,24.91438,000000004ef3150d,20.28
8428,2019-08-04T12:41:18Z,72231bca658d3a16f3bf9c26ba5f13393b8377e4ab0b9ed3de6c811f,60.14699,24.922,00000000a53ed894,20.28
8429,2019-08-04T12:41:18Z,72e4de5ded503a6b09635fc51a720ce504c9e77552bc2ffae8d6cae3,60.14699,24.922,00000000a53ed894,17.4
8430,2019-08-04T12:41:18Z,738ce77abafd1ca6f80e6f28e84d1b1886db4cfda3be6ffcdf52c1b1,60.14699,24.922,00000000a53ed894,7.05
8431,2019-08-04T12:41:18Z,73aa46087286af57e3778006af596aa587686a1db1d4b8708764a520,60.16762,24.95415,000000006b44cce7,20.28
8432,2019-08-04T12:41:18Z,745e52dafbfa395ea41c5fcd0c2717b9091e44d19ab89e03991fdbb7,60.16762,24.95415,000000006b44cce7,9.92
8433,2019-08-04T12:41:18Z,759f94c852ff15ca91c3138913c3858c4801702f8f0514ae82fb2a19,60.16897,24.95222,00000000aa852af1,17.4
8434,2019-08-04T12:41:18Z,7664b7f08aaa059ecf6646a595c33fae0c80715febe63e31f45a4662,60.16762,24.95415,000000006b44cce7,9.12
8435,2019-08-04T12:41:18Z,777cceac7be6303a1c82f7cc68061528b01e3aa1b3aa6481cad9e5e3,60.16075,24.95883,00000000f1124bca,9.12
8436,2019-08-04T12:41:18Z,77a12194b9a6789f4b2b8c07ae7fce3c2b531cb221e5fa7ca5deae55,60.16897,24.95222,00000000aa852af1,10.78
8437,2019-08-04T12:41:18Z,79bb1e615a834d4f653cec7efc45ad5b4bbedf2a83c55b44c586ad0a,60.14947,24.91438,000000004ef3150d,10.78
8438,2019-08-04T12:41:18Z,79bde23c1a8980f93a65e14306f0d8ea89e164430d8b991e2bfee82e,60.16531,24.9442,00000000fdda10fe,21.87
8439,2019-08-04T12:41:18Z,79d26f15a82c94ac5d05e0f2b6a6beeae1f407972ec39665d7ab9535,60.16829,24.94214,00000000afef4555,1.12
8440,2019-08-04T12:41:18Z,7a0c0b525f2d3eed6c873bd3b8d27bede551fe4a428ac15c23deadae,60.16075,24.95883,00000000f1124bca,17.4
8441,2019-08-04T12:41:18Z,7a4a06d20ebe57d94e5fceeaf47d5b56ad9a515818e9c20e21a80e61,60.16629,24.95957,00000000fb7600be,12.69
8442,2019-08-04T12:41:18Z,7ad93fed82e41ea4422fa101badc698b0328c3ebf0f6b73c5164d438,60.16897,24.95222,00000000aa852af1,18.79
8443,2019-08-04T12:41:18Z,7bb67bcf014747e5d826f95c610d36492f31095552417a0864475491,60.14951,24.92138,0000000006dd41f6,17.4
8444,2019-08-04T12:41:18Z,7d9a3d84c09c3a8d6876389e216e0278048d6b924890fb275a078ffb,60.16531,24.9442,00000000fdda10fe,0.41
8445,2019-08-04T12:41:18Z,7e76449e59f1e3a1a615b54408115353fbb14d815390d03a73b1a7bb,60.14947,24.91438,000000004ef3150d,11.7
8446,2019-08-04T12:41:18Z,7f786ec8e06f1ca3bdd10fc60d0114baf354125b8f6cf796d197f4cc,60.16075,24.95883,00000000f1124bca,4.94
8447,2019-08-04T12:41:18Z,7fe10e69931c2d658099a314f3fce64865329e12a7b834c375e2d5d2,60.14699,24.922,00000000a53ed894,16.1
8448,2019-08-04T12:41:18Z,80cbcb887f3e351e3bef7c5f53dccc578cc3494feec514aed7015c0d,60.16075,24.95883,00000000f1124bca,4.94
8449,2019-08-04T12:41:18Z,82411c6526228322a61f59259f13adf7cde62bd767587b6735867705,60.17919,24.95181,000000007b5207b6,7.05
8450,2019-08-04T12:41:18Z,83073c017c8293e4b6eab781fbc2147fafa144d33b3618abd1ae5d90,60.17065,24.93641,000000000f4919c9,31.5
8451,2019-08-04T12:41:18Z,83121a75723643c48e3c3b0a3ea5fccb532046432ca445833e8de06a,60.16762,24.95415,000000006b44cce7,1.88
8452,2019-08-04T12:41:18Z,842590c105033000cdd09b5f0e51f990329cbd8720b91931d82e30e1,60.16448,24.97323,0000000053c6c2be,27.28
8453,2019-08-04T12:41:18Z,848fdb054358a3fca79c0246f01263c92b5b48aee6b9fb6e260d7a0b,60.16829,24.94214,00000000afef4555,12.69
8454,2019-08-04T12:41:18Z,848fe01e24ccc782e5968171f53ea31d28f20a455c45d8bac8fb7374,60.173,24.92524,0000000096918cfa,14.89
8455,2019-08-04T12:41:18Z,849a662d95d4185421aff7c6213ba5d7b84cfc58c9fb30ff34054e4c,60.16075,24.95883,00000000f1124bca,10.78
8456,2019-08-04T12:41:18Z,84eabd120b074df2af16555f4c2db60e3ef1a465d061e90ace8cbb87,60.16829,24.94214,00000000afef4555,18.79
8457,2019-08-04T12:41:18Z,85d66944a64cfde859e7e08ca4b79f3b39d5b03141d500fe7ce73f7e,60.14699,24.922,00000000a53ed894,9.12
8458,2019-08-04T12:41:18Z,87bb1abe21abfcb5e5c2039e579cff7ca863a6019207db356de5b7c2,60.14699,24.922,00000000a53ed894,20.28
8459,2019-08-04T12:41:18Z,87cbb5265cd1cc3213ddb5ed9ed2a599ddb7db0b0747121d649b0ae3,60.16544,24.95398,0000000038d83d41,21.87
8460,2019-08-04T12:41:18Z,8822ffe19dec49fe874ac377de5a0504e931e342ecc1f5b1fcb939e5,60.16897,24.95222,00000000aa852af1,13.75
8461,2019-08-04T12:41:18Z,885bcc6af7d0aa9718fe1030e32ffff1de5171ae5ef67cf0011874fb,60.14947,24.91438,000000004ef3150d,1.88
8462,2019-08-04T12:41:18Z,8947a5209f3b32173d3dc72792039edf94a2711741ab041b62b30643,60.16762,24.95415,000000006b44cce7,3.74
8463,2019-08-04T12:41:18Z,896f7e896dc6f1ea44b82bf968a988cc10c358ee34821d9d7a4bd07a,60.14947,24.91438,000000004ef3150d,2.8
8464,2019-08-04T12:41:18Z,8a08b2de43a9ef03cf96610718c908e69dcacc59f536a7135b7bb542,60.16629,24.95957,00000000fb7600be,23.56
8465,2019-08-04T12:41:18Z,8a9eedc7cf775ab4e9ad2e20bdcbcbe1635808b418eedcdcceda7834,60.16762,24.95415,000000006b44cce7,8.38
8466,2019-08-04T12:41:18Z,8b641985c793a3f25a45b2460cb01f5baa6f339c6dd26ba7752d8a7a,60.16897,24.95222,00000000aa852af1,17.4
8467,2019-08-04T12:41:18Z,8ba6cfc17ca70e8304994e018ebd5eb2003177062cde05925d5cacb3,60.173,24.92524,0000000096918cfa,12.69
8468,2019-08-04T12:41:18Z,8bbf5422247a0a6be314130d8fd9ae1814401b75acf3b3ce2da9620c,60.14699,24.922,00000000a53ed894,5.41
8469,2019-08-04T12:41:18Z,8d1d0326bb359113b842bb215f8eec864280c2a8d5edf0e4d6371841,60.14699,24.922,00000000a53ed894,12.69
8470,2019-08-04T12:41:18Z,8d528b00553162a9dd47d2296d15b2fad89aad6a508424d4589618a1,60.14947,24.91438,000000004ef3150d,4.94
8471,2019-08-04T12:41:18Z,8d73f674010f5cb02e8f20251ed86a9afcb7f6b3926039470296bd00,60.17065,24.93641,000000000f4919c9,21.87
8472,2019-08-04T12:41:18Z,8d8a869e83fe2ac29e791666634a33af3ea4048ea4e752b6fb1e238c,60.14947,24.91438,000000004ef3150d,18.79
8473,2019-08-04T12:41:18Z,8e2ee35c6a6220c1e137f051ac0bcad5502c5a5179570ae13d07c2fe,60.14947,24.91438,000000004ef3150d,18.79
8474,2019-08-04T12:41:18Z,8f9026cfff0b3ccd2e7a22e5767bee52b08ab5630d1c6ac046bf7f39,60.16544,24.95398,0000000038d83d41,27.28
8475,2019-08-04T12:41:18Z,9023a89a49a372e5f97cf86ef1b5de0164eb67cc10d394d383ab75fd,60.16829,24.94214,00000000afef4555,11.7
8476,2019-08-04T12:41:18Z,920dc90f60b295267f63efc8f968408087b71878dc3f49f0ded1c41e,60.17919,24.95181,000000007b5207b6,23.56
8477,2019-08-04T12:41:18Z,926717d61529080dfc4c7f8cdcdc82c6490d2a5129474524b8c40ea4,60.16829,24.94214,00000000afef4555,12.69
8478,2019-08-04T12:41:18Z,93a2100e233b204243f7e69b68dea7c9a145d1b5384bd18359bf87a3,60.16531,24.9442,00000000fdda10fe,2.08
8479,2019-08-04T12:41:18Z,9575ef1c44f26f0301d726029c8b1c28011a4724496943451bee6544,60.14947,24.91438,000000004ef3150d,6.46
8480,2019-08-04T12:41:18Z,958ab5fd2d2c7f0c3fe6dc14fe27005fcf35b013db75f708c22a3619,60.16762,24.95415,000000006b44cce7,16.1
8481,2019-08-04T12:41:18Z,97264f5808fa13851dacabf0c98525eec29849ff4b6a744cc777fd5b,60.16075,24.95883,00000000f1124bca,18.79
8482,2019-08-04T12:41:18Z,9736a8a29aee134a307e0cd4221e9b0a2ab7c48befee43fc62e9f9bd,60.14699,24.922,00000000a53ed894,6.46
8483,2019-08-04T12:41:18Z,9862cafd709b75d07c83b397773e0cf33564666cb81814bdbf5e54f2,60.16897,24.95222,00000000aa852af1,17.4
8484,2019-08-04T12:41:18Z,9868033d7f0d18f01d12a4034f37bf5d6e51e5ed9124c68d4b8b8e6c,60.14947,24.91438,000000004ef3150d,29.32
8485,2019-08-04T12:41:18Z,987d01417bcff2d7f663704309df2ebdcdb035da3ddb085fab0cf928,60.16829,24.94214,00000000afef4555,23.56
8486,2019-08-04T12:41:18Z,994b630283c750a0b697359e32c4bd06d5b4a32d2edb6c12cce42b32,60.16829,24.94214,00000000afef4555,17.4
8487,2019-08-04T12:41:18Z,99753600aa90a43c336153dd03985a2996b7bc6052086f503020518c,60.14699,24.922,00000000a53ed894,11.7
8488,2019-08-04T12:41:18Z,9a9db814dfa74ca2c2d51496299715310e81c6e6525cc9d2cb0762eb,60.16897,24.95222,00000000aa852af1,14.89
8489,2019-08-04T12:41:18Z,9b8a48b949de8c2f6b09fb1d8e45b6266e4c76b514c2d08d1d53642b,60.14699,24.922,00000000a53ed894,14.89
8490,2019-08-04T12:41:18Z,9ba6f9fb8bb950d16224b4182d3c3d8349a0f50619be329c165417e0,60.14947,24.91438,000000004ef3150d,10.78
8491,2019-08-04T12:41:18Z,9bf4a5d763fa921335be6c141a0c9fd769fcb2f4c5b40b85a1c99c71,60.14699,24.922,00000000a53ed894,9.92
8492,2019-08-04T12:41:18Z,9e3d4a4b1acd94d2896cd7cf56419110f06ea96faae37aadebd4ec77,60.14947,24.91438,000000004ef3150d,10.78
8493,2019-08-04T12:41:18Z,9fc52a61eabf679cf9cdee2c33023c321c69afc87ed71f5a6d6655b7,60.14699,24.922,00000000a53ed894,13.75
8494,2019-08-04T12:41:18Z,9ff13c715073d5ad9c464cb67b6de3f703435cf389c32cce5626dfe1,60.149,24.9843,00000000fffb8cf0,20.28
8495,2019-08-04T12:41:18Z,a0db7e8063bede2dd55c2c6cf5111932617ecace670ff65314a7d349,60.16629,24.95957,00000000fb7600be,21.87
8496,2019-08-04T12:41:18Z,a1b52cda133b45cf931b9e31d4037fb841f80432e99d6a000beeadc8,60.17002,24.94407,000000006b087f40,29.32
8497,2019-08-04T12:41:18Z,a22736c5d66f417bc6b745f51492549dc2e5a3c766f5e7e23f183b41,60.14947,24.91438,000000004ef3150d,17.4
8498,2019-08-04T12:41:18Z,a2e771418a36fc43aa9719d034aa9e3a7a751c5123e4bd33cc2aeea7,60.16531,24.9442,00000000fdda10fe,27.28
8499,2019-08-04T12:41:18Z,a38a21a97a054541f0423f03758c70227116c05254958373e3e93ad0,60.14947,24.91438,000000004ef3150d,7.05
8500,2019-08-04T12:41:18Z,a3d228482bfdd3dbdfaee1ff72b6ac00c2ee8c05e949047ce9117783,60.14699,24.922,00000000a53ed894,5.91
8501,2019-08-04T12:41:18Z,a422a30ec1eb058c7930e1352297c161639faa5b3ca5f5fa47c4adb3,60.14947,24.91438,000000004ef3150d,11.7
8502,2019-08-04T12:41:18Z,a4f416ec0941bb365e3665d7fd224fad15d74225e8ce9f6dd6368bc7,60.17065,24.93641,000000000f4919c9,13.75
8503,2019-08-04T12:41:18Z,a66c6aaed06f5e4b2cde2b0e598cf422548fdbb7d08dfb741f857ec2,60.16762,24.95415,000000006b44cce7,12.69
8504,2019-08-04T12:41:18Z,a6f944078dd26796f5a849ccb6fdf8a4436f913cf3302597c846462d,60.16762,24.95415,000000006b44cce7,7.69
8505,2019-08-04T12:41:18Z,a7472d1b63171c047444981df223670390009e3ea502132d9963e9fb,60.14947,24.91438,000000004ef3150d,6.46
8506,2019-08-04T12:41:18Z,a775a3d1899c2c6fe5de9d036fe26cee03497df5bcbb2646e8efc8db,60.16762,24.95415,000000006b44cce7,11.7
8507,2019-08-04T12:41:18Z,a794d97e26d3678bb11b4364880414bb7bfac4bb49d1867b37b489f7,60.14947,24.91438,000000004ef3150d,9.92
8508,2019-08-04T12:41:18Z,a8bd45406d5913e098652d4c2d836339758e08d21bf5d88becabdd36,60.14947,24.91438,000000004ef3150d,12.69
8509,2019-08-04T12:41:18Z,a9383e1c3d9b3355965662ff18ad95dfb64daa5d8e71fc20e7e50df7,60.14699,24.922,00000000a53ed894,18.79
8510,2019-08-04T12:41:18Z,aa076c3f0d09145aebbb750dde9849ba4eb6759e92ba5753280184d6,60.16762,24.95415,000000006b44cce7,11.7
8511,2019-08-04T12:41:18Z,aa5773b59ce2bf1eee53e4e77cd3c261465d2ea538c9a85b8de30cd8,60.14947,24.91438,000000004ef3150d,13.75
8512,2019-08-04T12:41:18Z,ac93ac0788af8e1b0f20fada4f15ca1ad31f4084b133482d8211571d,60.14699,24.922,00000000a53ed894,25.36
8513,2019-08-04T12:41:18Z,acdcc8ae1d1c6bb055dfc108154eae58b4b894f0ce1ff174c1065c7e,60.16762,24.95415,000000006b44cce7,2.54
8514,2019-08-04T12:41:18Z,ad8af809ed47a3391bb53d11da159b3a8b0ddc264d94c049ce72bda0,60.17065,24.93641,000000000f4919c9,0.34
8515,2019-08-04T12:41:18Z,ae87b8dd8920695bc9e599874667205991c04e30666d8523f0be4350,60.14947,24.91438,000000004ef3150d,17.4
8516,2019-08-04T12:41:18Z,aec4b11f0b1ec075878ca4a3b94da464f6fc96e330b913d5bfd346b0,60.16897,24.95222,00000000aa852af1,5.91
8517,2019-08-04T12:41:18Z,af64ca430076b1e91eeb89134e0e026479928845cbe1943bc56104c2,60.14947,24.91438,000000004ef3150d,14.89
8518,2019-08-04T12:41:18Z,b0a20a40885487350aaf5c8f46dab27d4d7e1d5c24fefec54c0c62d4,60.16829,24.94214,00000000afef4555,12.69
8519,2019-08-04T12:41:18Z,b26a9be85f5fd17ea58397762fa55db3c8f68fb709d586d61527c892,60.16829,24.94214,00000000afef4555,10.78
8520,2019-08-04T12:41:18Z,b27b090bd1bd9828dcb6ddbd0a1394e4aa097974747dff90ba0eff71,60.16897,24.95222,00000000aa852af1,25.36
8521,2019-08-04T12:41:18Z,b2a01c2a06c3cf1a48333e58e787d9eaf2f975a738c02878220d7774,60.16829,24.94214,00000000afef4555,29.32
8522,2019-08-04T12:41:18Z,b3d99c04e3db6b698e6e54f19434461336954d0c15385bff6e557be8,60.173,24.92524,0000000096918cfa,13.75
8523,2019-08-04T12:41:18Z,b41cc64d7ab4e16a03573bdc3b5863c4b402ec66c7780c7900c02877,60.16829,24.94214,00000000afef4555,11.7
8524,2019-08-04T12:41:18Z,b523d3f8341906e4b3877ff7d9614b4e10d6bbf10afdcc6c53656c8f,60.17065,24.93641,000000000f4919c9,20.28
8525,2019-08-04T12:41:18Z,b7039958be9f53a3eaed97f705a1974815f52f25226e920155397bec,60.16075,24.95883,00000000f1124bca,9.92
8526,2019-08-04T12:41:18Z,b7c276134da93020882d1fb9046e798ed19fc05c4278ba7a1be93ec4,60.16897,24.95222,00000000aa852af1,8.38
8527,2019-08-04T12:41:18Z,b92c7fb1d77c3f326d59dbe2689bb5b8ff10fcd691f28b36aa98408c,60.17002,24.94407,000000006b087f40,18.79
8528,2019-08-04T12:41:18Z,b9c0ac0bb7310d92c296a8870603ebd12c0c632cfc2a1fa33092b337,60.16762,24.95415,000000006b44cce7,7.69
8529,2019-08-04T12:41:18Z,bb0193f2b0ac4801fe82ed5cec75e687465d707d92e731047f81650f,60.1538,24.95595,0000000038bf9618,2.3
8530,2019-08-04T12:41:18Z,bbe1e18f88cf88928067a0221965768c1f2ae264291cea564d7eb7e8,60.16897,24.95222,00000000aa852af1,12.69
8531,2019-08-04T12:41:18Z,bbf8cd606b9732370f1c0ae0e68d6d0663a23102d831dd10c0e74819,60.16897,24.95222,00000000aa852af1,18.79
8532,2019-08-04T12:41:18Z,bc07df8cc395f6f4f5d483b2233caca5f93a6918f346e4cc3702f8cc,60.16531,24.9442,00000000fdda10fe,14.89
8533,2019-08-04T12:41:18Z,bc0f5e4ba244a9eac17a0c0e91f3bb97fe71cf42cc829516fcccfc47,60.16629,24.95957,00000000fb7600be,31.5
8534,2019-08-04T12:41:18Z,bcf688ec2e666179e52a495a8304dd7aaaf4acad52788a0929b287a2,60.14699,24.922,00000000a53ed894,14.89
8535,2019-08-04T12:41:18Z,bd4ec71179e7755567e37eb54b845b317af028a4effe45dcaeae19bc,60.14699,24.922,00000000a53ed894,16.1
8536,2019-08-04T12:41:18Z,bddca8fc17056f9f207a259070e281eedf4cea3e8e22093b88bbd7b5,60.14699,24.922,00000000a53ed894,18.79
8537,2019-08-04T12:41:18Z,be21a77f983baae8e0ba646eda0988a618149dcc7ef4c303c35d5377,60.14947,24.91438,000000004ef3150d,14.89
8538,2019-08-04T12:41:18Z,bebf1edb9736fe66391376c4cf2a3033ab9fa83ae21f86b66392e2d0,60.16762,24.95415,000000006b44cce7,10.78
8539,2019-08-04T12:41:18Z,bf2e5725b255e320f1e8375ec03f55194f1fd9f751be9629d873a5c8,60.14699,24.922,00000000a53ed894,4.11
8540,2019-08-04T12:41:18Z,bf992d3cd95a73f02d7223eaffe90a94e3e1e98a8c6759bab631b5b0,60.14947,24.91438,000000004ef3150d,5.91
8541,2019-08-04T12:41:18Z,c01fcd711ab1703615e2dc0f683e54f03b64eefe2f5727d20f3e9fd8,60.14699,24.922,00000000a53ed894,20.28
8542,2019-08-04T12:41:18Z,c0722f63618f97eb8ec4afac1a8538b81a3c87e623d753ad1201bf7c,60.16075,24.95883,00000000f1124bca,2.8
8543,2019-08-04T12:41:18Z,c18a638a8f7d2d4e67c538d49830623f943f762f4942350ba7358441,60.173,24.92524,0000000096918cfa,20.28
8544,2019-08-04T12:41:18Z,c1a7c2ca724966977fb5960bdc91f2763ac8cbb95c33a1d4e0b7bd68,60.16897,24.95222,00000000aa852af1,25.36
8545,2019-08-04T12:41:18Z,c36d58ed0e0dddb3e26be1214e369db1c3fa3d4bcf8b53536a25239b,60.17065,24.93641,000000000f4919c9,2.3
8546,2019-08-04T12:41:18Z,c3be6dcc2c0542676c20d28ce38adbe2c0b9be09caa3f22e60210636,60.16075,24.95883,00000000f1124bca,13.75
8547,2019-08-04T12:41:18Z,c3e5ee20ca76f7347fda00c4c2fdee291bc6d843a879b26fbdd70390,60.17065,24.93641,000000000f4919c9,38.87
8548,2019-08-04T12:41:18Z,c493415e869d6e6304841784a120f994272b83557256b43e44e4f3e0,60.14699,24.922,00000000a53ed894,16.1
8549,2019-08-04T12:41:18Z,c551d554f64ffda092ce6c4a6715f0ed438c9649f7676b2944f1ea2f,60.14699,24.922,00000000a53ed894,9.92
8550,2019-08-04T12:41:18Z,c593e91b10da944a20d25c4237bda2fae759d288cea38bcaaee3abfa,60.16448,24.97323,0000000053c6c2be,29.32
8551,2019-08-04T12:41:18Z,c633a260ce59bad4e1ca42f12936ed8ae57a40f5e6528dfb70052c43,60.16897,24.95222,00000000aa852af1,12.69
8552,2019-08-04T12:41:18Z,c6b973b57d5574eb3341b3141a5ba2b28f477ae9e702ab4ae701cc0d,60.14699,24.922,00000000a53ed894,14.89
8553,2019-08-04T12:41:18Z,c7aac26760b921b04c64bfe1cedf51421283c2548a7e0f97c565b116,60.16897,24.95222,00000000aa852af1,11.7
8554,2019-08-04T12:41:18Z,c87e8f1684c9d9267ea52b4b18d5c4fe91254e4cccefaf1f778519b8,60.14699,24.922,00000000a53ed894,20.28
8555,2019-08-04T12:41:18Z,c905a50dedd9b3d2114cde9160b7adf83adc09683b65598ce24c4047,60.1538,24.95595,0000000038bf9618,21.87
8556,2019-08-04T12:41:18Z,cad80f69731ad65f7f14bf400d674e0c42de462bd42db112c9d9f261,60.16075,24.95883,00000000f1124bca,16.1
8557,2019-08-04T12:41:18Z,cb3f05d5604f5532e039e6d40514b13aba8f6274d952bb17a8b801fc,60.15432,24.9211,0000000019fb59c4,27.28
8558,2019-08-04T12:41:18Z,cbc336691f17a9c508549e03d522166247a0cd0a944321c1a7d15525,60.14699,24.922,00000000a53ed894,9.92
8559,2019-08-04T12:41:18Z,cbd334d06c16786ddc543b71b34da6278d203ac72606f0f9275e0936,60.16829,24.94214,00000000afef4555,10.78
8560,2019-08-04T12:41:18Z,cca4c469470383a073e2fc4aa7102906db6a8d478131e9a1420d96f2,60.16762,24.95415,000000006b44cce7,18.79
8561,2019-08-04T12:41:18Z,cce6b6f309e43e2bb1be6a9784582a82891e976d0869d01040586d27,60.14947,24.91438,000000004ef3150d,7.05
8562,2019-08-04T12:41:18Z,cd3e127e27387b6e06cdf27f46fb6046e4182e4d7b49b49c17167c1c,60.14947,24.91438,000000004ef3150d,7.69
8563,2019-08-04T12:41:18Z,cd4ecd3b83630f6e5d65f635804e47a1ceb82853aac36af30044f06a,60.149,24.9843,00000000fffb8cf0,12.69
8564,2019-08-04T12:41:18Z,cd62fc5a92bd89f24a6e3d736d5511bf872859d762723b92f2092abc,60.16829,24.94214,00000000afef4555,11.7
8565,2019-08-04T12:41:18Z,cd9b2be9ffb37c8b7c5c25f587c95b1c7932a21fb245487ea2f740d9,60.14699,24.922,00000000a53ed894,12.69
8566,2019-08-04T12:41:18Z,ceb777dafa9b7e39125b89735b7f0cf22c3018eb0196043ac8160370,60.14699,24.922,00000000a53ed894,8.38
8567,2019-08-04T12:41:18Z,cfa42322be0000cf89d8969d1b88ace0ba99cab721dd58d55d41a36e,60.17065,24.93641,000000000f4919c9,18.79
8568,2019-08-04T12:41:18Z,cfc2a688ff31fbb1baac8790fb6d56dc7746ba2cf9e0e5f39d4751a4,60.14699,24.922,00000000a53ed894,5.41
8569,2019-08-04T12:41:18Z,d03671e2aa8386fb28a425b20505ceed966063990d65611e2dfda4f2,60.16075,24.95883,00000000f1124bca,25.36
8570,2019-08-04T12:41:18Z,d0cab2a2660dcc5cb99a9bdf39d2e6b31b7498985db1b50e48cb478d,60.18203,24.91341,00000000342570c2,21.87
8571,2019-08-04T12:41:18Z,d12f9e6275869a74f979eac17b326dfe329bbd78b8732fc998b5f132,60.14699,24.922,00000000a53ed894,21.87
8572,2019-08-04T12:41:18Z,d150c7aba4e7419f0ddd187392a9c2a429f44fa82535fb594c48ff55,60.16897,24.95222,00000000aa852af1,20.28
8573,2019-08-04T12:41:18Z,d295fce65c7332728ab79761524c814f41bd0cefa3ad9ef62ac18993,60.14951,24.92138,0000000006dd41f6,29.32
8574,2019-08-04T12:41:18Z,d2b1a7ead9aff41a8cb3fff6b7f4ee84a780b52aae2f3838b83447fc,60.16829,24.94214,00000000afef4555,21.87
8575,2019-08-04T12:41:18Z,d38e88e5b926f9d1de6e326cca45116fcca11f10684c80876739c6cd,60.16075,24.95883,00000000f1124bca,10.78
8576,2019-08-04T12:41:18Z,d3a37aedae39925bda7da8e4f05a61b85904a00f88e8684006c76351,60.16829,24.94214,00000000afef4555,12.69
8577,2019-08-04T12:41:18Z,d3c0cff604283ea6adeabb4f867f3fcaf8ee41fd27fc600d33c4d70d,60.16075,24.95883,00000000f1124bca,18.79
8578,2019-08-04T12:41:18Z,d64eda229ebb6012e59bc89eacb74918e404ce52f16b491f3d48e800,60.16897,24.95222,00000000aa852af1,16.1
8579,2019-08-04T12:41:18Z,d7ddfc9e0676391b3abbe5a882fd331c40bf9e846dcef32ddf4fdca4,60.16629,24.95957,00000000fb7600be,25.36
8580,2019-08-04T12:41:18Z,d87210146aab139cc6640a20b428dce6ac516806a71a177b70e04f62,60.17065,24.93641,000000000f4919c9,9.92
8581,2019-08-04T12:41:18Z,d8983a8fe916583702bb776d3d8d3cbbe9e78778fd44d07c52ad1f2d,60.14699,24.922,00000000a53ed894,21.87
8582,2019-08-04T12:41:18Z,d8f93f7019ced3cf8ccc2946465e8113293e75498092e982fd45bbc5,60.16762,24.95415,000000006b44cce7,18.79
8583,2019-08-04T12:41:18Z,d9e1972e6cb517827f9c355e591924449d0bbdc9bb0f5bc1f8d4f29a,60.16629,24.95957,00000000fb7600be,16.1
8584,2019-08-04T12:41:18Z,da0c40291d3ace2273a08e3c9b87cbc15b0f03d0dba61e7c5a88dc0c,60.15432,24.9211,0000000019fb59c4,17.4
8585,2019-08-04T12:41:18Z,da667dfa2d8a272a7398e186de027fabd2052052c0aad767a1c7d966,60.16897,24.95222,00000000aa852af1,7.05
8586,2019-08-04T12:41:18Z,daac051ca20430238282e179e0fe525b11ff1e8f1ace26d45b41f331,60.14947,24.91438,000000004ef3150d,5.41
8587,2019-08-04T12:41:18Z,db9cee77723e2258651606fd447070139d95eb1138f8e56957bff8f1,60.17002,24.94407,000000006b087f40,23.56
8588,2019-08-04T12:41:18Z,dc15145376f4a497910c8d2231d671bf62f1918ad93938a48fdc3eb4,60.149,24.9843,00000000fffb8cf0,18.79
8589,2019-08-04T12:41:18Z,ddd849ee86afceedd5f5582ede84380d5596c9ea304d634ab0fd0de0,60.16829,24.94214,00000000afef4555,1.12
8590,2019-08-04T12:41:18Z,de0d086ae32f87522eab31d3bc52545ed17b065889674963c0709568,60.16829,24.94214,00000000afef4555,13.75
8591,2019-08-04T12:41:18Z,de84f754a3916c8f831b0bb8ea41fc2a42cdea2794558fece3c7ae97,60.1538,24.95595,0000000038bf9618,29.32
8592,2019-08-04T12:41:18Z,e02c0f9f72e9f248a4b5df8af328e1a0132d4d8a72c1e603d14cdacd,60.18203,24.91341,00000000342570c2,29.32
8593,2019-08-04T12:41:18Z,e1a443e10353da64728464e8a720aaf22a62b80d404f1acae1a1c6ee,60.1538,24.95595,0000000038bf9618,20.28
8594,2019-08-04T12:41:18Z,e23a6115ba872037f9b5066c9c9c966b497f449e32a2c9ceb0e55497,60.16829,24.94214,00000000afef4555,11.7
8595,2019-08-04T12:41:18Z,e26939dab17a452c90fa9541da014c2447f632636e4b05f335c88adb,60.14951,24.92138,0000000006dd41f6,25.36
8596,2019-08-04T12:41:18Z,e2d7945f2c60a0d0622aef6a266620cf09df2e3a66baf2d303464c90,60.1538,24.95595,0000000038bf9618,36.27
8597,2019-08-04T12:41:18Z,e34bcebfa007159f3d2adb0e62e20fcf721a221f52bdfe2a6ad77831,60.18203,24.91341,00000000342570c2,17.4
8598,2019-08-04T12:41:18Z,e35717ff07f32be5a2e1520f1855533f8dcc72cff7930c9cba9da32b,60.14947,24.91438,000000004ef3150d,4.94
8599,2019-08-04T12:41:18Z,e3c03ee00a1bcd066f8b260cc5b9824d1118b7b7f972a818752aabc7,60.14947,24.91438,000000004ef3150d,5.41
8600,2019-08-04T12:41:18Z,e447e76c7b53157c11d5bfeb172c27332c81b5ec7f263badf5507888,60.149,24.9843,00000000fffb8cf0,13.75
8601,2019-08-04T12:41:18Z,e4b111abda6e15229c808fb72d5c0c38e2cf3abdbbb62fff5ae48e42,60.16762,24.95415,000000006b44cce7,10.78
8602,2019-08-04T12:41:18Z,e5aafdaa61553663ef99a8a1ff268a9e9c0ab591fa8c2f8e8756e6b3,60.16897,24.95222,00000000aa852af1,14.89
8603,2019-08-04T12:41:18Z,e621e7131322cca25ac9c09fde26ef4c94d2ba83c5679134b2bcf63d,60.16762,24.95415,000000006b44cce7,14.89
8604,2019-08-04T12:41:18Z,e6989dfb4fc7ca2196d9d2f31154a0cb08522e97aed09a37b890a955,60.16897,24.95222,00000000aa852af1,25.36
8605,2019-08-04T12:41:18Z,e7cd5f775c7eea951719f351fcc25c710f857832d6f4b70a51b7b82d,60.16897,24.95222,00000000aa852af1,20.28
8606,2019-08-04T12:41:18Z,e826dedac8582e619ce18cd7eed68be5ee1fc9ed37e191e06f916835,60.14947,24.91438,000000004ef3150d,8.38
8607,2019-08-04T12:41:18Z,e9115410fa45db5a174eee008cae729dc69937a0e0b5a304899bf1b9,60.17065,24.93641,000000000f4919c9,17.4
8608,2019-08-04T12:41:18Z,e92eb020afcd7c1fad04690230ff8c2f005e404dd25b8dced1df30dd,60.16075,24.95883,00000000f1124bca,7.05
8609,2019-08-04T12:41:18Z,e9e19621fc5cfcfed2c808bbadc6cc6dd31e28d3c04cef8b89ca2729,60.16075,24.95883,00000000f1124bca,17.4
8610,2019-08-04T12:41:18Z,ea157e44ed100be3f782d8b3d8e5e0986079c588c9ea754b14917df0,60.16829,24.94214,00000000afef4555,3.4
8611,2019-08-04T12:41:18Z,eac6fda3a18aa9ce55b6359f5c62a044e0bcd6bc3576c8cd815acf07,60.14699,24.922,00000000a53ed894,9.92
8612,2019-08-04T12:41:18Z,eb6541383f8b12fc5476e5e2bc406933edfd211f49a1bbb93f323fa0,60.14699,24.922,00000000a53ed894,7.69
8613,2019-08-04T12:41:18Z,eb79d6eb71f039f7008c9c4ea2f36d37f03bf60bddc7867e8b337254,60.16762,24.95415,000000006b44cce7,20.28
8614,2019-08-04T12:41:18Z,ec350e26364cb676c4cdb72647f039c31e27c775e7bb8973223e5d9b,60.14947,24.91438,000000004ef3150d,7.05
8615,2019-08-04T12:41:18Z,ed70712277756192c688e0f4d7620cdb33803ab3e0cc7c180c3efd23,60.15432,24.9211,0000000019fb59c4,29.32
8616,2019-08-04T12:41:18Z,ef352dcaa8317b6a3c0a02cd8908dd13da5601cc66ba65c5fd8d031a,60.14947,24.91438,000000004ef3150d,3.09
8617,2019-08-04T12:41:18Z,efe8b6c6fdf0d2caccd589aaaa4f0228a80590ff9ec7961f2e92103d,60.16762,24.95415,000000006b44cce7,5.41
8618,2019-08-04T12:41:18Z,f00fb569fe1448dccb8e92e24b081a3164b59eb117131800780c70a9,60.14699,24.922,00000000a53ed894,17.4
8619,2019-08-04T12:41:18Z,f062cb52d49926a4fb39f723275ed60ab6c0f3bf34e0c3f9d233b7b8,60.14947,24.91438,000000004ef3150d,3.74
8620,2019-08-04T12:41:18Z,f1eb1b22a5e01064a1829b325d256218c68bc9134f03a3f09f3e2566,60.16829,24.94214,00000000afef4555,17.4
8621,2019-08-04T12:41:18Z,f20f951802c722181f0e90095001c49e73f84049bb105b95c97049d1,60.17918,24.95141,00000000675d5200,25.36
8622,2019-08-04T12:41:18Z,f2deba4ef84dbbc8c5d8524f6e2311183003bce4f9bfa6aef5b5ef66,60.14947,24.91438,000000004ef3150d,4.5
8623,2019-08-04T12:41:18Z,f2e063c8c25a8bec0dd6ec3924a5f59fd9694078f2f3fd5b3ea96f29,60.16762,24.95415,000000006b44cce7,13.75
8624,2019-08-04T12:41:18Z,f39827c3c7f4c833d1118043492f78e3255b6da9f4a2c000041d9b61,60.16829,24.94214,00000000afef4555,2.8
8625,2019-08-04T12:41:18Z,f3ec2366b51157150674e5ab6293bdb19e0b30ca4296fee4c97b811c,60.14699,24.922,00000000a53ed894,18.79
8626,2019-08-04T12:41:18Z,f5f7cfe177dfb0b7ebba2419ae53f70b6b5690dd98d98586004a9107,60.149,24.9843,00000000fffb8cf0,27.28
8627,2019-08-04T12:41:18Z,f7f0caf73572bea3c08b592eeb9655b2668cfb16fd8840ca5619d84a,60.14699,24.922,00000000a53ed894,5.41
8628,2019-08-04T12:41:18Z,f81439a39740937c6cba523d5ebca87b52d69ff29fb449cf42ade4d6,60.14699,24.922,00000000a53ed894,17.4
8629,2019-08-04T12:41:18Z,f84faae0aa9ce2d1d09d270282dd81033ad1352346128534d8c3fc7f,60.149,24.9843,00000000fffb8cf0,44.58
8630,2019-08-04T12:41:18Z,f9a7057352731d27889cbd388be5902a6e62b297a3467232e8e47094,60.16762,24.95415,000000006b44cce7,12.69
8631,2019-08-04T12:41:18Z,fa96854324adae88abb35afa34b2393a20338bfd8fc9602d3ce6ae8d,60.14947,24.91438,000000004ef3150d,23.56
8632,2019-08-04T12:41:18Z,fadc39da3cd26ac621092fbbff224b95bb13446c8d24bbf4f3e50e90,60.14947,24.91438,000000004ef3150d,11.7
8633,2019-08-04T12:41:18Z,fae28ab33255fdff15547e9cb50a01d6c582cf3757d63225d3dbea2e,60.17002,24.94407,000000006b087f40,21.87
8634,2019-08-04T12:41:18Z,fc618d570293e104f3bf927312641e3b7c65acce185b1614337d848c,60.16829,24.94214,00000000afef4555,11.7
8635,2019-08-04T12:41:18Z,fce50ac3cfd2f3b7a897f6575eeda4e45ab42e5b9b5351be836cc0de,60.16897,24.95222,00000000aa852af1,27.28
8636,2019-08-04T12:41:18Z,fd77161cf9715d9d0f922cf45e79e5d9b9debef5113cb32a4f82ef76,60.16762,24.95415,000000006b44cce7,6.46
8637,2019-08-04T12:41:18Z,fe5ca86c906b1cb3bf9dd257ceefc562e41da499878f1074484f7d42,60.14947,24.91438,000000004ef3150d,13.75
8638,2019-08-04T12:41:18Z,feb399897846bc34dc3f4b06ac4ef0ffb0db885977b88e5c5fdb7350,60.14699,24.922,00000000a53ed894,7.05
8639,2019-08-04T12:41:18Z,ff8280896145ae17e594c52eac2cdbab47d3757d797878fbc4298596,60.1538,24.95595,0000000038bf9618,33.81
8640,2019-08-04T12:41:19Z,07d86ad98399440d0cc3bd3382a7256feb971e49a3686dc17f532e1c,60.16829,24.94214,00000000afef4555,12.69
8641,2019-08-04T12:41:19Z,14c7e1511b70f4dd3359cbece1377aebb4d70531f5489eefe53d7c3c,60.16544,24.95398,0000000038d83d41,27.28
8642,2019-08-04T12:41:19Z,1599d2c9070a6f05e1a5887c2d9209214c04818c6203fe75440734f2,60.1538,24.95595,0000000038bf9618,29.32
8643,2019-08-04T12:41:19Z,1e7ea410376fbdb3f3c476c76d23abad5d830690f78f71ea06f7e321,60.16075,24.95883,00000000f1124bca,5.41
8644,2019-08-04T12:41:19Z,211f6b7b044343d0be369791b3fa3c144d0d0f391e2a42787712efb0,60.16448,24.97323,0000000053c6c2be,12.69
8645,2019-08-04T12:41:19Z,21d09757012e8f7297d1de922f681bcc36581a3d7be770b42b3780a0,60.15432,24.9211,0000000019fb59c4,14.89
8646,2019-08-04T12:41:19Z,25a7ff811c3c06e426c7c2cbb0433d9a2a3399b23afecbd35584ab0f,60.18203,24.91341,00000000342570c2,9.92
8647,2019-08-04T12:41:19Z,2d3d031189abfaea69cd551a97b2b2d056a908f19bc56701010a2304,60.16897,24.95222,00000000aa852af1,14.89
8648,2019-08-04T12:41:19Z,2d407793ce0a0290a87debe672b1af2af93c687ca83668e17fb0ce63,60.14947,24.91438,000000004ef3150d,8.38
8649,2019-08-04T12:41:19Z,315af4a829b592ba99b203b8ed2cbd499769f8752dfe6de7da4ee929,60.16829,24.94214,00000000afef4555,12.69
8650,2019-08-04T12:41:19Z,35568b1e0d67c5d7b6b15bb08540a1aafe24817a9bc06673b97e85c9,60.14947,24.91438,000000004ef3150d,12.69
8651,2019-08-04T12:41:19Z,3a93902ba6b635489cd6f55b08d93e6fe7a5bc0a86a0b490a88f6d1b,60.16075,24.95883,00000000f1124bca,16.1
8652,2019-08-04T12:41:19Z,3fe84a5a1e657df8910685df3a8cf779a6ebc3362fbc8e578f235ee4,60.15432,24.9211,0000000019fb59c4,13.75
8653,2019-08-04T12:41:19Z,4317f5904a5e6ae921bf743dd534c803083fd90b15a1245881beeade,60.16897,24.95222,00000000aa852af1,16.1
8654,2019-08-04T12:41:19Z,43b676ed3aef4c2d8846694817e76117873be52e7f788e0cb366c1c4,60.16629,24.95957,00000000fb7600be,25.36
8655,2019-08-04T12:41:19Z,44d0b94469070803869f229601e877beb613c3f5aafa009addf97a1a,60.16544,24.95398,0000000038d83d41,14.89
8656,2019-08-04T12:41:19Z,4656bad9b5e6dfc3977eca308fc1db3dbf8b0204b90d09b001da242e,60.1638,24.96846,00000000d747f075,23.56
8657,2019-08-04T12:41:19Z,5d65719c4cbf045f068d084b72302f447d5fd034413d97d13be00d0e,60.18203,24.91341,00000000342570c2,18.79
8658,2019-08-04T12:41:19Z,5eed115a984d490b02b602d73787aee8dc8c4e9365b77fbff3818a76,60.16629,24.95957,00000000fb7600be,31.5
8659,2019-08-04T12:41:19Z,69219e9efa41ae9e732653e9eaf08e1a34cb853a9dafe76ddeea4d04,60.16897,24.95222,00000000aa852af1,18.79
8660,2019-08-04T12:41:19Z,6994105c98f47558d96debdd48a8c131af3f160683eb890e878bf644,60.17065,24.93641,000000000f4919c9,21.87
8661,2019-08-04T12:41:19Z,6a70e2fbced719333e21eff04fcb9cb36bae9a04d1a3d6ddd96f2c58,60.15432,24.9211,0000000019fb59c4,8.38
8662,2019-08-04T12:41:19Z,6f06341f358e61699fe1e55e986dd0554bc8da28b91daf0c5ad99db6,60.16629,24.95957,00000000fb7600be,27.28
8663,2019-08-04T12:41:19Z,737efc92e3419e9d96a8559ec341ea7e18ba6381fd8e4de3d06f82a0,60.14699,24.922,00000000a53ed894,18.79
8664,2019-08-04T12:41:19Z,7678cdb86d454ca9ae52f22d97e635106585a3a046d01da4463695cc,60.18203,24.91341,00000000342570c2,27.28
8665,2019-08-04T12:41:19Z,7856cd9a8241b470ce46295386b13c33e1948a956b3f18b7b3497cdb,60.18203,24.91341,00000000342570c2,25.36
8666,2019-08-04T12:41:19Z,79f136afa0dd8717337c01c70b457c464aaf0fa25b440f51a394ec23,60.16762,24.95415,000000006b44cce7,12.69
8667,2019-08-04T12:41:19Z,85ef35aecf2ff804be3d958b592705ec41c6df9c128c132c65bb283d,60.16897,24.95222,00000000aa852af1,25.36
8668,2019-08-04T12:41:19Z,87dfaad29a9276ddddb1fa021d3bc23ad14824c1af16f7d87e713689,60.14951,24.92138,0000000006dd41f6,10.78
8669,2019-08-04T12:41:19Z,88808fe92573e9cdf022cc15b9689b6b4b9429f60513c8897b0ba4c7,60.16897,24.95222,00000000aa852af1,20.28
8670,2019-08-04T12:41:19Z,89982a6acf91b79a282a6b63978e946ee205f303fcd20e944e06baf0,60.16544,24.95398,0000000038d83d41,23.56
8671,2019-08-04T12:41:19Z,8c3b1ed0846e38cc84b863a80540c8a75bfd85c8bdda36563d153110,60.16544,24.95398,0000000038d83d41,25.36
8672,2019-08-04T12:41:19Z,9843c6216661048343a0e49cf3d8aa2883cf77f452666a1c873a1052,60.16448,24.97323,0000000053c6c2be,25.36
8673,2019-08-04T12:41:19Z,9fc0711d7e7722eff7faa0cb6f17846680c06515c1eb93dd49ebcf25,60.14699,24.922,00000000a53ed894,12.69
8674,2019-08-04T12:41:19Z,a23b63dc2df72ba829ea2eabba05dafe724027d59a8f6babf791c1b8,60.16075,24.95883,00000000f1124bca,17.4
8675,2019-08-04T12:41:19Z,a8f8130135c784b027355228017bbfe99e5a6eecec153d44b78bedd3,60.16829,24.94214,00000000afef4555,21.87
8676,2019-08-04T12:41:19Z,acd2647d413f41552b31b6e383da445c8902bc2a764d2b7791a7b164,60.16762,24.95415,000000006b44cce7,12.69
8677,2019-08-04T12:41:19Z,ae556011c511e79ed2daac915308eebfe8e1f17c56850f7a1fc92ce1,60.14699,24.922,00000000a53ed894,25.36
8678,2019-08-04T12:41:19Z,b33ae7715d6d2571066655c2c8954a5a364b5601869047de83410d9f,60.16629,24.95957,00000000fb7600be,23.56
8679,2019-08-04T12:41:19Z,b3d30798e4605a05b11dfff0f3fe01c2e8e16ac491fdb956f128ff23,60.14947,24.91438,000000004ef3150d,12.69
8680,2019-08-04T12:41:19Z,b5fd6b317890e5ab2d79e2cd1abe61626d45a753c7337d0d40728898,60.16762,24.95415,000000006b44cce7,12.69
8681,2019-08-04T12:41:19Z,bb98768dad0f7c52cf643f035a3e7e48f5cfe28557c66f2a75914b31,60.14699,24.922,00000000a53ed894,11.7
8682,2019-08-04T12:41:19Z,bcb0201b0a1edf350ae2f681076e7d2d48ebd94c075bd3ca59552020,60.16897,24.95222,00000000aa852af1,11.7
8683,2019-08-04T12:41:19Z,c97eb4181394121907d47b908495f54e5ee5145ff790f7a1dc21b3cf,60.16897,24.95222,00000000aa852af1,12.69
8684,2019-08-04T12:41:19Z,ca6927628f5ddda20036865c9345ad93d476d62ade3b181de568eed6,60.16897,24.95222,00000000aa852af1,23.56
8685,2019-08-04T12:41:19Z,cf05623e4d87ce0906c0b0b7dbf53aacc1228016cd27c341228b6e76,60.18203,24.91341,00000000342570c2,20.28
8686,2019-08-04T12:41:19Z,cfc0bedb78ded52749db3188cb188bf6a250ef5990da9c5afa9623fc,60.14951,24.92138,0000000006dd41f6,20.28
8687,2019-08-04T12:41:19Z,dcb7e8bb90af70568c12a902d706c70e1ac1213e31ba074756f0a27a,60.1538,24.95595,0000000038bf9618,29.32
8688,2019-08-04T12:41:19Z,ded49640b591e73bff71f84fb99d2739eb6c9554164a015017725e03,60.16829,24.94214,00000000afef4555,16.1
8689,2019-08-04T12:41:19Z,e8690c2d1711bc10f2d1251a3b5b1e770b98c66c384760400c604de1,60.16829,24.94214,00000000afef4555,18.79
8690,2019-08-04T12:41:19Z,e8e366e76c97944e23c0f80b4fd3ce6e5832744922297146a49f0c7e,60.16762,24.95415,000000006b44cce7,8.38
8691,2019-08-04T12:41:19Z,e96bd269a48b822b06141c3362fcb6d5ed4d0d09a120f2e4a712d5c2,60.16897,24.95222,00000000aa852af1,10.78
8692,2019-08-04T12:41:19Z,eee5797db5c3753514933a12e2485caee4ee5803b4d830ba1c22e5c5,60.14947,24.91438,000000004ef3150d,9.12
8693,2019-08-04T12:41:19Z,efa8e25ea4c5ed441c13cffe6302f0a18f60181c6ede8e013f75a44c,60.16829,24.94214,00000000afef4555,18.79
8694,2019-08-04T12:41:19Z,f088630d7476dae7d4b7e2bb1f10575f2c89acb4b6e061f3d57c2b40,60.16531,24.9442,00000000fdda10fe,18.79
8695,2019-08-04T12:41:19Z,f29ea15113ac0eea0be8ec41c633909de4b0b9ab6c7b9898b128080c,60.16897,24.95222,00000000aa852af1,14.89
8696,2019-08-04T12:41:19Z,f405a7c4a3a4339f8e3f7e552f6492d6eed76f7d08c54943286213de,60.16762,24.95415,000000006b44cce7,14.89
8697,2019-08-04T12:41:19Z,f4dcf05c12f8c219fceb5039fe90df777204f62c6fdc06c6915a4b3c,60.18203,24.91341,00000000342570c2,27.28
8698,2019-08-04T12:41:19Z,f6609ab1076b1105bb845595a03b41b8fbb282f79c337df5bbc9f841,60.14699,24.922,00000000a53ed894,9.12
8699,2019-08-04T12:41:19Z,fc4f3a44235f1cfc7b53f14ba2da599976a5a0a220d23b852688e485,60.17919,24.95181,000000007b5207b6,21.87
8700,2019-08-04T12:41:19Z,0098cb09dc2f9a7fabe34f58f376e8346a6c8fe5fe61afab6dde5968,60.16897,24.95222,00000000aa852af1,16.1
8701,2019-08-04T12:41:19Z,009ad4cd2bd97e04da44cc9789e6bdbdb899eded61d05b7d5634b7be,60.16829,24.94214,00000000afef4555,8.38
8702,2019-08-04T12:41:19Z,00a07b1f8113691d8475c54082a14cdd54decf9845a90e75df8031a6,60.17065,24.93641,000000000f4919c9,23.56
8703,2019-08-04T12:41:19Z,00bdb07c0f4f75c71196362c269c9f652c66cf7d3f3c2d89843af063,60.16629,24.95957,00000000fb7600be,27.28
8704,2019-08-04T12:41:19Z,036c183505fea646b54aeb0c612913cafba94eca65e47d3c6d840a68,60.17919,24.95181,000000007b5207b6,14.89
8705,2019-08-04T12:41:19Z,038e7f3d1d9babcdb48b63ff8e3e1ac732b3c29f665dc7d9a1819abc,60.14699,24.922,00000000a53ed894,10.78
8706,2019-08-04T12:41:19Z,04338b326fcd064c7ad1bee3fdda9918fb813f045fae6622920bdf45,60.16897,24.95222,00000000aa852af1,27.28
8707,2019-08-04T12:41:19Z,0479a26a59d65bf1dee05c06f4227a0ba63a6e9c9a09e7c34f2e06b4,60.14699,24.922,00000000a53ed894,7.69
8708,2019-08-04T12:41:19Z,04f35922a81b516e7028f61c6ff34faf6da85df0a5cfcefb6df1861f,60.149,24.9843,00000000fffb8cf0,16.1
8709,2019-08-04T12:41:19Z,05d441c83d2df822feaf93d7861452db7a201f22d84cfa36f421dfd2,60.16544,24.95398,0000000038d83d41,12.69
8710,2019-08-04T12:41:19Z,0851ab74be2e888decf0046825f09ed302f7b2275e72b09b5b713d85,60.16829,24.94214,00000000afef4555,16.1
8711,2019-08-04T12:41:19Z,0947f9d6bb6c34e382e008052b704b6521ac4f7678a2e8a719bb574b,60.15432,24.9211,0000000019fb59c4,25.36
8712,2019-08-04T12:41:19Z,0a0acb70a8ef92be52a64d4425e70bb2f7a17d13942c3382c9d68878,60.149,24.9843,00000000fffb8cf0,2.8
8713,2019-08-04T12:41:19Z,0a5ed50daf13dd10744537aa851ac7ab1d34d9797ec6ab6e2402aebb,60.16762,24.95415,000000006b44cce7,3.74
8714,2019-08-04T12:41:19Z,0aabf0df4c3c5b45bb8950c92dbe624985f19e8650ed61f92571a65a,60.14699,24.922,00000000a53ed894,6.46
8715,2019-08-04T12:41:19Z,0acb4bd7319729fea4acf035921d1136d86a307a60b4444669cede1a,60.14699,24.922,00000000a53ed894,5.41
8716,2019-08-04T12:41:19Z,0b0dd9af9d52c68ff71ce266d6707abbb0f56c3c63be0f83f7b5df9b,60.16762,24.95415,000000006b44cce7,5.91
8717,2019-08-04T12:41:19Z,0c905239b8c0e14cba671cf4d4d715d1045a30ee62a6285fb489dbb0,60.16829,24.94214,00000000afef4555,18.79
8718,2019-08-04T12:41:19Z,0d3525b13d674f1645fdbe6d842fe37b2f416889c5472e9dfcc5445c,60.14947,24.91438,000000004ef3150d,3.74
8719,2019-08-04T12:41:19Z,0d8341f0125a5323521549248771d5448e5f788aefe9b989e3b20114,60.16829,24.94214,00000000afef4555,17.4
8720,2019-08-04T12:41:19Z,10a99e791e27975dc1c9d73d3163cabacf3bd7bd05a4f7abf6365426,60.14699,24.922,00000000a53ed894,16.1
8721,2019-08-04T12:41:19Z,10caaea8002e8b3b342b32710efdd7305ff375ca1cdc01411f66b2f6,60.14699,24.922,00000000a53ed894,7.05
8722,2019-08-04T12:41:19Z,120a63917cb5ab619bf9a71328f14020736ee84e75d5b37278748def,60.16897,24.95222,00000000aa852af1,14.89
8723,2019-08-04T12:41:19Z,121345c4cf0d0f18c684c4eb22e496ac6f8fb537ec2f3812f6966b67,60.16762,24.95415,000000006b44cce7,8.38
8724,2019-08-04T12:41:19Z,124cce476184e061b136f481014a2abc7208d30e4e520ffd90c85adb,60.17002,24.94407,000000006b087f40,25.36
8725,2019-08-04T12:41:19Z,13bcedb8c59b26417282929d81844b272c7c5bc295614f531219a8e4,60.14947,24.91438,000000004ef3150d,14.89
8726,2019-08-04T12:41:19Z,13ee67fb034e3d24edc9a9618e9d6de24979ebbcb399f83abb02a897,60.14699,24.922,00000000a53ed894,6.46
8727,2019-08-04T12:41:19Z,1423891c6ee1edc7da83904378a35aef2e5797db95b117651d676934,60.16762,24.95415,000000006b44cce7,6.46
8728,2019-08-04T12:41:19Z,1515fbb735095b233eea332bf40cff9995758e9bd0ad60218875554b,60.14699,24.922,00000000a53ed894,16.1
8729,2019-08-04T12:41:19Z,1582eee04b12138ba897d22887174c8a8df1e17f4a6e78e892042b2c,60.16762,24.95415,000000006b44cce7,21.87
8730,2019-08-04T12:41:19Z,15ee12e5f9be00a79b0cbbc9912f51cbfa3e486624567e1bde938fb6,60.1538,24.95595,0000000038bf9618,21.87
8731,2019-08-04T12:41:19Z,161aa798c2a18e132fb27ecded773218ea4e42eabbd0e5794b1d7017,60.15432,24.9211,0000000019fb59c4,12.69
8732,2019-08-04T12:41:19Z,16ca2e50aab654110e1bb81e5e374133f99b7f103d24d5cc9635423c,60.16897,24.95222,00000000aa852af1,20.28
8733,2019-08-04T12:41:19Z,1769031b7f4d75de0541e26427b9ecc92c84b80992e3b36bb8eb799e,60.16829,24.94214,00000000afef4555,9.92
8734,2019-08-04T12:41:19Z,1882b53729765cca25bc63400074242872d6fbc57882f131285b277f,60.16829,24.94214,00000000afef4555,12.69
8735,2019-08-04T12:41:19Z,194e6ced97ec114a37fe06d6d73fb687c057d411be476f1ea6f4852e,60.16897,24.95222,00000000aa852af1,16.1
8736,2019-08-04T12:41:19Z,19e53513589dcba5028a4b34911362f7371db2323ba85afdee89638d,60.14699,24.922,00000000a53ed894,16.1
8737,2019-08-04T12:41:19Z,1a93dfa31156cee53b4bd527d8b74655a5da812b6933d8a86d871e47,60.14947,24.91438,000000004ef3150d,7.69
8738,2019-08-04T12:41:19Z,1aacd77e1fdbe1544cf1ab29a00642d77ce4a075e388e8a2108aa39b,60.16829,24.94214,00000000afef4555,16.1
8739,2019-08-04T12:41:19Z,1ad0b84716a79851fa8db7a993012f0c8e496d6cba9d028a546285a2,60.16897,24.95222,00000000aa852af1,17.4
8740,2019-08-04T12:41:19Z,1b3fba902b8d1538b508cdc228fd15fdd87f5aecb68e5611b1a4e354,60.16762,24.95415,000000006b44cce7,6.46
8741,2019-08-04T12:41:19Z,1bcef866fafad7c7460a084e0b0d27c087b549f4ae704390708be47e,60.149,24.9843,00000000fffb8cf0,6.46
8742,2019-08-04T12:41:19Z,1c669457535e4635f732c228ec524f9d2c440b0d2132fa1acd93122a,60.16897,24.95222,00000000aa852af1,21.87
8743,2019-08-04T12:41:19Z,1c7ccd5d6570d98e57ef2ebbd716b7504b138f9bb616fbeaa0d1a268,60.14699,24.922,00000000a53ed894,12.69
8744,2019-08-04T12:41:19Z,1d5ec0c8a45043d2e6c60624e8d5aa2d56ec6381f625060179621bc4,60.16762,24.95415,000000006b44cce7,14.89
8745,2019-08-04T12:41:19Z,1da9fb02cdaf83aaec10b8afcd493066d6983a433494752f06710414,60.17002,24.94407,000000006b087f40,21.87
8746,2019-08-04T12:41:19Z,1dacfb371d75dd4f90f447aac2a00faad98beb4188a6971c19eb2375,60.16629,24.95957,00000000fb7600be,25.36
8747,2019-08-04T12:41:19Z,1e24a2120b13c780dbb3a67a73f5058d1847f126fd5f5952e6dddcd3,60.16075,24.95883,00000000f1124bca,14.89
8748,2019-08-04T12:41:19Z,1e63d2090b520af23ca3d2c9a05047dc0b0c63f7471b86e9d9f3e7cc,60.16629,24.95957,00000000fb7600be,20.28
8749,2019-08-04T12:41:19Z,1f74037ecab4dbdc5db1a8dc8b583a86630f86a5f2d0a5167b7fa605,60.18203,24.91341,00000000342570c2,13.75
8750,2019-08-04T12:41:19Z,1f81ed7274add201d3059d4a37e2bbe86b6ae1f0fd42a16d7b8dccaa,60.14699,24.922,00000000a53ed894,8.38
8751,2019-08-04T12:41:19Z,1faaaeff6423708e06d94b904af4be93e399939fbdfd3b3091dc8bd2,60.15432,24.9211,0000000019fb59c4,18.79
8752,2019-08-04T12:41:19Z,203a0c145a43c9a18f8c2a5ba4e18882e7430662bb4ac0e56ab37578,60.17065,24.93641,000000000f4919c9,13.75
8753,2019-08-04T12:41:19Z,203ea7cefd45873084263df2b0f41ad7b2e8878222fb6a53c263c534,60.16829,24.94214,00000000afef4555,17.4
8754,2019-08-04T12:41:19Z,20ac7b2ace7c0038aa8df01b9281a9c54f1551fc8ab9b662b1f1ca22,60.18203,24.91341,00000000342570c2,10.78
8755,2019-08-04T12:41:19Z,21bdc11bb63fb48c9d4b5308540ee5df579c9a385001a10fceeeedf3,60.14699,24.922,00000000a53ed894,20.28
8756,2019-08-04T12:41:19Z,21eed3ade733687b8f56fade8290819b7c6b4a9f38468979fe692c3e,60.16762,24.95415,000000006b44cce7,7.05
8757,2019-08-04T12:41:19Z,2204ba387d2db0e7d2ca03f7ace46abff8d141668b73c75a1879d7ba,60.14947,24.91438,000000004ef3150d,14.89
8758,2019-08-04T12:41:19Z,22fe9a06fba1036e8eafd726bc450095b1893be067f475e1882bb704,60.14699,24.922,00000000a53ed894,6.46
8759,2019-08-04T12:41:19Z,231026899a6d5b326cb5b1e38b182ca1acb77c7e27bc2378973b29db,60.16629,24.95957,00000000fb7600be,10.78
8760,2019-08-04T12:41:19Z,23337c2812924a07e4f0bbc92e56d1f85ea40208b6b987f4afc686cf,60.16897,24.95222,00000000aa852af1,20.28
8761,2019-08-04T12:41:19Z,244b51aa4a7059ba782925258111c295aa4de9596025c55ccd5580ac,60.16829,24.94214,00000000afef4555,21.87
8762,2019-08-04T12:41:19Z,250f7cf6c6d1296e84c45fb8621a0704eb5243471980b5187dc40cdd,60.14699,24.922,00000000a53ed894,16.1
8763,2019-08-04T12:41:19Z,2607d1b2fc6e31a80348fffbed68a7d3a8e0212f197f2d1c573c587b,60.14947,24.91438,000000004ef3150d,2.08
8764,2019-08-04T12:41:19Z,269124e75b1e74a7c7dc93b778e02f04d0a53e069a90081c0938ee4c,60.14699,24.922,00000000a53ed894,10.78
8765,2019-08-04T12:41:19Z,27d4452dcae7c8e389fc21669cb3ccaedac87d45d4b1a50131c939e4,60.16762,24.95415,000000006b44cce7,7.69
8766,2019-08-04T12:41:19Z,28d2c3282e9f8fec67baec7992dcd800c45b67071e33cb118905a6b3,60.16829,24.94214,00000000afef4555,2.8
8767,2019-08-04T12:41:19Z,2969cdb120f2d285c556abfe5bac2f8090571f61aba227a474a534d2,60.17065,24.93641,000000000f4919c9,4.94
8768,2019-08-04T12:41:19Z,29a1ee6c0907a00ec6b6dcbb187f5c31d1a11b261aabd339210ee013,60.16897,24.95222,00000000aa852af1,23.56
8769,2019-08-04T12:41:19Z,2e2f4d1ad9ddc47800b58bfd6c1f08de22fdaa2157ec5f3f817246bf,60.16448,24.97323,0000000053c6c2be,18.79
8770,2019-08-04T12:41:19Z,2e86f9a432e00fa6ff5b8744ffecbe22a02b4316779bc8b4078af2e2,60.149,24.9843,00000000fffb8cf0,27.28
8771,2019-08-04T12:41:19Z,2ee2e108ed9051b1ccf4d3ee89931dfd53170af0b558fa6579b83e8d,60.15432,24.9211,0000000019fb59c4,13.75
8772,2019-08-04T12:41:19Z,2f08dbfbbe5577f04ea9826f72d5452ddf5fd9bb892769382ea5a4ca,60.16762,24.95415,000000006b44cce7,11.7
8773,2019-08-04T12:41:19Z,30c55d5011d0f6c901437a130dbe2653c7ae0cceee3b0a242394152c,60.14947,24.91438,000000004ef3150d,13.75
8774,2019-08-04T12:41:19Z,32708990f2c831e65f70f2682baf5188fc93348b9a9e78ada8db2bf4,60.14947,24.91438,000000004ef3150d,3.4
8775,2019-08-04T12:41:19Z,32f77f5019e5fce30881c214487361e2e34b8c93277f6e546de72012,60.1638,24.96846,00000000d747f075,25.36
8776,2019-08-04T12:41:19Z,33634cb1e3fc5d4a621e8717d203da8533ed27531a70c6cbe3abf3fa,60.16762,24.95415,000000006b44cce7,2.8
8777,2019-08-04T12:41:19Z,33ec502792a84f23fed03cf16e483d153c65e2850a2549f47034726a,60.16762,24.95415,000000006b44cce7,5.91
8778,2019-08-04T12:41:19Z,3459042c03cbb672a039f7f14a6b99b84f839b0598f9e48bf4dd95f5,60.14699,24.922,00000000a53ed894,8.38
8779,2019-08-04T12:41:19Z,34f282042837e6b8407c31fd6c880bdbb7071c56d76c4b6e5ba78819,60.14947,24.91438,000000004ef3150d,13.75
8780,2019-08-04T12:41:19Z,34fddf0f4ea194b9720451d11a9de76225577536681d4f4b0a00b860,60.16829,24.94214,00000000afef4555,18.79
8781,2019-08-04T12:41:19Z,352427714fc6e8591df6bd227dde05d3b7ba0881742eee4ae750dcc4,60.15432,24.9211,0000000019fb59c4,25.36
8782,2019-08-04T12:41:19Z,358d7986d5bf2a0624fb1412a157b3c7b12f90653457e15a76bbdf50,60.16629,24.95957,00000000fb7600be,25.36
8783,2019-08-04T12:41:19Z,35a958343879c000cfc3f0c01afbc7d54934265828677bf4aefef84f,60.14699,24.922,00000000a53ed894,14.89
8784,2019-08-04T12:41:19Z,35e6e075578d7a51e510bf8904bde33f1d117264eea0917db98d4808,60.16897,24.95222,00000000aa852af1,12.69
8785,2019-08-04T12:41:19Z,36f876050503d244f74f3cbadcef716904eb2b245190d474b0cfa794,60.16762,24.95415,000000006b44cce7,8.38
8786,2019-08-04T12:41:19Z,3721331dbb97151d17938ed835ffc7208eba26fba6100c62870a3a4f,60.14947,24.91438,000000004ef3150d,2.54
8787,2019-08-04T12:41:19Z,37945fa4e7409fab98aa8bde45081f5bd083def0059485274ad552c0,60.17919,24.95181,000000007b5207b6,11.7
8788,2019-08-04T12:41:19Z,39310ebca1ad756aa2bfcb16c912cb7003ef3e7286a1f037603ade61,60.14699,24.922,00000000a53ed894,7.69
8789,2019-08-04T12:41:19Z,393a579e1c8efb19861f555f12040feeac853f37a2451116693e77aa,60.14699,24.922,00000000a53ed894,27.28
8790,2019-08-04T12:41:19Z,3a6ce73ea4c03a14fc0d3d099e4698d3c1051a2e8e4bd552d5de394d,60.14947,24.91438,000000004ef3150d,7.05
8791,2019-08-04T12:41:19Z,3af48668fcfc51b261558246e08ae2f7f3bb9d4252e908e38c9db003,60.14699,24.922,00000000a53ed894,18.79
8792,2019-08-04T12:41:19Z,3be48824225ca9f2aea5653f6ce21181a76e67a8d4b8361f0cba1f8a,60.14947,24.91438,000000004ef3150d,9.92
8793,2019-08-04T12:41:19Z,3c545ca8c42e2a9a876f2500f6aee220e5fe1c178dd132136643754b,60.16762,24.95415,000000006b44cce7,31.5
8794,2019-08-04T12:41:19Z,3e4965f1ed580ddf80246b1b78cbc55b73c11d67573d9cede2a7ccf7,60.16829,24.94214,00000000afef4555,17.4
8795,2019-08-04T12:41:19Z,3e9bb396fbc83c420e59acae7d393de6b4add7ec1dda523b9eaee7a5,60.16075,24.95883,00000000f1124bca,33.81
8796,2019-08-04T12:41:19Z,3eb138558a5cc58760a67df9709bc42cc329874e907981d33e0116ec,60.16762,24.95415,000000006b44cce7,18.79
8797,2019-08-04T12:41:19Z,3ec0a34310840b3aa1aa32a3f2bffbe426e91a242dc6eb5c1e86bba7,60.16448,24.97323,0000000053c6c2be,23.56
8798,2019-08-04T12:41:19Z,3f78229668030150fc4e03aed54ed23a2f6ac9c23a0c9bc0d6da03f4,60.16531,24.9442,00000000fdda10fe,25.36
8799,2019-08-04T12:41:19Z,42052b48fa907a3f9ad0a511096b057331f7a11a1be046a63fb9629e,60.14699,24.922,00000000a53ed894,13.75
8800,2019-08-04T12:41:19Z,42168beaa0acd47be6bf8e4209edb348c9d27b18517c7420d454a24f,60.17065,24.93641,000000000f4919c9,23.56
8801,2019-08-04T12:41:19Z,42d4eb6044091814f327d0b01dc9ae701506417af1a8ab7f4161650d,60.14951,24.92138,0000000006dd41f6,14.89
8802,2019-08-04T12:41:19Z,42da4298ed9f522421f17714e024d9b8fe22e7546df3deeb8b139bd3,60.16075,24.95883,00000000f1124bca,11.7
8803,2019-08-04T12:41:19Z,431375be6b9405ef55878f3aa0bb5dd6a35db8ba650a2bce05081c49,60.14947,24.91438,000000004ef3150d,9.12
8804,2019-08-04T12:41:19Z,457d11209b95b153efb57d8f2641f2db0823e91a0d608fa0555a5b69,60.14699,24.922,00000000a53ed894,8.38
8805,2019-08-04T12:41:19Z,4602ff9d03f6bf4fbb82976098cc1c73e7a7e754050401c772d1406e,60.14947,24.91438,000000004ef3150d,14.89
8806,2019-08-04T12:41:19Z,479bd872773e4b4e626f7e78403958b9400829dfbb9f8e2692fe751f,60.1538,24.95595,0000000038bf9618,23.56
8807,2019-08-04T12:41:19Z,47b8aba771bed6ec3a7d57932c44fe859bcf6300054b3acc9d885105,60.14947,24.91438,000000004ef3150d,12.69
8808,2019-08-04T12:41:19Z,47bc9ff9097f9ef5f1862e48b4a42f6a9ddd30c4ef2b6eb43291a7a5,60.14699,24.922,00000000a53ed894,5.91
8809,2019-08-04T12:41:19Z,47cde44e4ddbf6c70162fa882eee962e7c3e2a037b650294ec46568f,60.14947,24.91438,000000004ef3150d,7.05
8810,2019-08-04T12:41:19Z,485500f74e8398df6fa143c6f1e9e4e4c1acefd7d7941804739cb4fb,60.16829,24.94214,00000000afef4555,9.92
8811,2019-08-04T12:41:19Z,48f665ebb1a71b0d84fc02bd71918c5ab5608328db534639cbd2a255,60.14947,24.91438,000000004ef3150d,7.69
8812,2019-08-04T12:41:19Z,4926fec57d2640e18cb9d46deb64eba0255ca71b93116f4ae21e4288,60.16829,24.94214,00000000afef4555,21.87
8813,2019-08-04T12:41:19Z,4a565a7be2bb822523480c6ca86154a466bf189290f87a0ef118f8b7,60.149,24.9843,00000000fffb8cf0,20.28
8814,2019-08-04T12:41:19Z,4b1050cc517631e36206d3528399c0b14748daec8c7d1b5dfa412299,60.15432,24.9211,0000000019fb59c4,8.38
8815,2019-08-04T12:41:19Z,4b85388cdaec2b4c15b546160ee326d9668a5e5d3c7b08d0c539946e,60.17919,24.95181,000000007b5207b6,23.56
8816,2019-08-04T12:41:19Z,4d7150fb2eb8468dc51f12b2de4a3610a7eb79c7352449ed92531f0e,60.1538,24.95595,0000000038bf9618,29.32
8817,2019-08-04T12:41:19Z,4efc969b8b738c051c221bf9d7829089b44cec23dd378fd86e7fb8be,60.173,24.92524,0000000096918cfa,14.89
8818,2019-08-04T12:41:19Z,50e21d119f102cee2afe3ac7f1a32032527638769b05aca582d6ecb1,60.16762,24.95415,000000006b44cce7,7.69
8819,2019-08-04T12:41:19Z,514a3981fad6c695ac4940f09374b5d1c2e84d2ca835084ef8707714,60.16075,24.95883,00000000f1124bca,2.8
8820,2019-08-04T12:41:19Z,51b3c7870a399165f0d1d14f7d21688df32b0360f9cc6f3ca61890d8,60.16829,24.94214,00000000afef4555,9.12
8821,2019-08-04T12:41:19Z,52072bd384eaaf4a6958af5510ed039d194dee47f34667bc7bccbe0e,60.14699,24.922,00000000a53ed894,9.12
8822,2019-08-04T12:41:19Z,5263c8fd413ee308494f18228802330e278acc648b425bb454951db5,60.16075,24.95883,00000000f1124bca,7.69
8823,2019-08-04T12:41:19Z,52939581c6c8dd3407dbf44ea9e90471e4bbadfb7e3740a0ba8324f3,60.14699,24.922,00000000a53ed894,8.38
8824,2019-08-04T12:41:19Z,52f0e69ca7a5cebe604c1f32308dc7f8870d1d85cd4b25ad17f706e9,60.14699,24.922,00000000a53ed894,5.41
8825,2019-08-04T12:41:19Z,54065d53a62079540c4be1e19eafa5dd581e8ec35da0c31844438e0b,60.149,24.9843,00000000fffb8cf0,25.36
8826,2019-08-04T12:41:19Z,552e7d20be831c5ebfa503ba78ed542d6ece4ecad264308d5dc37a31,60.14699,24.922,00000000a53ed894,29.32
8827,2019-08-04T12:41:19Z,5554305bad43a71cf98d83e92708c7474c1efc189392c1ea94231e9c,60.16531,24.9442,00000000fdda10fe,3.74
8828,2019-08-04T12:41:19Z,560205233dc9b13886248fb6e54ee21dc3b287080072641e01e08dac,60.16075,24.95883,00000000f1124bca,13.75
8829,2019-08-04T12:41:19Z,56b8eace741e5227a40ea0a64601a737648080c63d6240b0dca632c4,60.16075,24.95883,00000000f1124bca,10.78
8830,2019-08-04T12:41:19Z,570dc61d53aec66ede39dfde66339640878453afc00cd1a55c60bca7,60.16544,24.95398,0000000038d83d41,21.87
8831,2019-08-04T12:41:19Z,571934189bf349efb6f596e76c21612cf9b82ed44913090169936048,60.17065,24.93641,000000000f4919c9,18.79
8832,2019-08-04T12:41:19Z,57b0ec71591ce4ba591fc3bf71f8714d7a0685e0f2f9ee9526db8e3f,60.17002,24.94407,000000006b087f40,21.87
8833,2019-08-04T12:41:19Z,57bb8beeec6904b9a5cfe83c4ff9a80e63157780137f03de2a4152d3,60.16762,24.95415,000000006b44cce7,9.92
8834,2019-08-04T12:41:19Z,57eef16af260870a831bd4f88018555730ec7dd21a538e3575825479,60.16829,24.94214,00000000afef4555,10.78
8835,2019-08-04T12:41:19Z,57f88614f91a133004ac1a6dea31a4090f899646a5f62ece691d87af,60.16762,24.95415,000000006b44cce7,17.4
8836,2019-08-04T12:41:19Z,58411163d307bb308f9c94a9720e9ce5ab0ce4f5617cd2b1fcc2037a,60.16762,24.95415,000000006b44cce7,7.05
8837,2019-08-04T12:41:19Z,584cb0b0cdd14e608c8b57c8aecc9826f9b40027e365e2438a444ea2,60.16762,24.95415,000000006b44cce7,13.75
8838,2019-08-04T12:41:19Z,59b01cbdec8ff06fa6d50bac00c3f5f4c45132fc8a62800c08df5d6a,60.16629,24.95957,00000000fb7600be,23.56
8839,2019-08-04T12:41:19Z,5c160268bc9b4b619181ce421d9e58c258e6b59a342945fc29f0004b,60.14947,24.91438,000000004ef3150d,7.69
8840,2019-08-04T12:41:19Z,5cd5117066c75a1cb83d3896a7eba3f3472e133f0013ea7d4e95daaa,60.14699,24.922,00000000a53ed894,4.5
8841,2019-08-04T12:41:19Z,5d70086d53447ee393249cef33c7bae814c1d7c2e3055fc91b38786c,60.17919,24.95181,000000007b5207b6,13.75
8842,2019-08-04T12:41:19Z,5e44b2770fcd3ab47bae5954df365187d2183088b73b895edc47dcd8,60.14699,24.922,00000000a53ed894,9.92
8843,2019-08-04T12:41:19Z,5e53be1d47b3cceeb6ea9406c75327379c8ee8abc68da605b7758e85,60.14947,24.91438,000000004ef3150d,9.92
8844,2019-08-04T12:41:19Z,5ea49ba4de68e03664ec3a87f5de32434d7136b4f8323f022ff9df5b,60.16829,24.94214,00000000afef4555,7.05
8845,2019-08-04T12:41:19Z,60d5c11436b72dd4eb673f606bddc3f8f36675342cba015b9297155f,60.16448,24.97323,0000000053c6c2be,20.28
8846,2019-08-04T12:41:19Z,60d9b71ec38b796bf876dedfaf3112b49ff79677480c7603902857ae,60.14947,24.91438,000000004ef3150d,9.92
8847,2019-08-04T12:41:19Z,60f1b642fca90c38a1f6bcee13b699f211b8662945e5249aee5d60cb,60.16762,24.95415,000000006b44cce7,18.79
8848,2019-08-04T12:41:19Z,614ab7fba7255f6bf6f888e9a04d589962f756b3f427e658f10014f2,60.16075,24.95883,00000000f1124bca,9.12
8849,2019-08-04T12:41:19Z,6187e3415bcea985be770b4a90f3ed56fbfff1aa331759d34ccbd4ee,60.16897,24.95222,00000000aa852af1,18.79
8850,2019-08-04T12:41:19Z,62a6fe2d9b3b5b4533c51253f8842428bd797b3c6a95a7816ec472ed,60.14947,24.91438,000000004ef3150d,4.94
8851,2019-08-04T12:41:19Z,63a87f20dbfd068c086129312c165b6e9b1da2ea6c999be1dd1b8391,60.16762,24.95415,000000006b44cce7,16.1
8852,2019-08-04T12:41:19Z,63defb71d4c3856253a0a2d67a5c370b91ad0527703b334a63fe5344,60.14947,24.91438,000000004ef3150d,16.1
8853,2019-08-04T12:41:19Z,641e8defb97171d160f062c4bc3e9d06346f10d5246e6aeac935e1a9,60.16897,24.95222,00000000aa852af1,20.28
8854,2019-08-04T12:41:19Z,643ef3f01a51bea3c4510d4060a945cd510e5189236d68f5c9489034,60.16829,24.94214,00000000afef4555,4.11
8855,2019-08-04T12:41:19Z,64638a9f9e6c9b32fc4b484b55e4934fcab6cb04605cc76d5f5534b7,60.17065,24.93641,000000000f4919c9,5.41
8856,2019-08-04T12:41:19Z,64e34af775b57908b23056a31d60ef3b005941f2e7c3db0c49df675d,60.17065,24.93641,000000000f4919c9,14.89
8857,2019-08-04T12:41:19Z,6503762f2cac51cc2b74da1efa6b16583ed11c9a528d7716b7829c0b,60.16829,24.94214,00000000afef4555,16.1
8858,2019-08-04T12:41:19Z,6516a10850095847a8156717b0fba05a9bdc9b5bfedd691ddb07f119,60.14699,24.922,00000000a53ed894,8.38
8859,2019-08-04T12:41:19Z,6525cc634176c25187e68e0d067bcfecfd78e399e93db4ee9d408b7e,60.17918,24.95141,00000000675d5200,14.89
8860,2019-08-04T12:41:19Z,655204cb507ea9ae811105cdcd766161facaa9f729017a333f102391,60.149,24.9843,00000000fffb8cf0,10.78
8861,2019-08-04T12:41:19Z,66b9cea6cd979b4e9e391e0ef854e2cc38eca6fb9e166811e39edd11,60.16629,24.95957,00000000fb7600be,23.56
8862,2019-08-04T12:41:19Z,6723bebaab92d1a9f8b4318fd4f497a6dec6d7f8e0eafca443925213,60.16075,24.95883,00000000f1124bca,13.75
8863,2019-08-04T12:41:19Z,67591d427f60ba3c369ac0d78088fca7be33081501508d16401dd6cb,60.16762,24.95415,000000006b44cce7,7.69
8864,2019-08-04T12:41:19Z,675eacdf32b5b831fd118fc5539eea4b3cef4bd11e2e1706a9571222,60.16829,24.94214,00000000afef4555,12.69
8865,2019-08-04T12:41:19Z,6774ed72eaf69d7c4aaeeef90990f969954155bbcc52652e75e7deef,60.16829,24.94214,00000000afef4555,11.7
8866,2019-08-04T12:41:19Z,677c53ae4056d6cb123ca576ba5284664b1c7e3e88818bd19b5dd99a,60.17919,24.95181,000000007b5207b6,20.28
8867,2019-08-04T12:41:19Z,6875e3632a29207e29ded33617e66d55de5d8c7804fecedd6f1dfe12,60.14699,24.922,00000000a53ed894,7.69
8868,2019-08-04T12:41:19Z,69375ef968867906fc11b34d1e2c4b436d452cd47cb577a7f9e566ef,60.16762,24.95415,000000006b44cce7,9.92
8869,2019-08-04T12:41:19Z,698b200b63a644828a7314691a16af2af1bccef75d52abb5591a5542,60.14699,24.922,00000000a53ed894,8.38
8870,2019-08-04T12:41:19Z,6b0a82291c959c69fdc5d4aa8e51e7db895cb2b8ff403b6d988a8b7d,60.16829,24.94214,00000000afef4555,25.36
8871,2019-08-04T12:41:19Z,6b6668d7ebecfb96a6ed3ca19e97f8da150943ddf1d034675d08a9b8,60.14699,24.922,00000000a53ed894,17.4
8872,2019-08-04T12:41:19Z,6b97071051ccf5db7e5ebee033d4f68d58ed6917ff2fac5b205a6605,60.17065,24.93641,000000000f4919c9,10.78
8873,2019-08-04T12:41:19Z,6c7e018abdf8462af7c7b003bc30f915184f7082e9e865a2c502eed5,60.14699,24.922,00000000a53ed894,9.12
8874,2019-08-04T12:41:19Z,6f3dd17e40daabb4efe868f1b859dc00ecc01846f0a0e2b8db5d1413,60.17919,24.95181,000000007b5207b6,27.28
8875,2019-08-04T12:41:19Z,6fdfc33c6b609ea80b4a38ecf657bc68b7bf659752b51edcc22ffb54,60.16762,24.95415,000000006b44cce7,11.7
8876,2019-08-04T12:41:19Z,6fec2e12fc88db6bcc4eb2c81bcfb171de0094ca788c72192002e939,60.15432,24.9211,0000000019fb59c4,25.36
8877,2019-08-04T12:41:19Z,6ff93560ca77c6e5a25bc7441cf33cf7fa0138b3da4d99b2dbf5531b,60.14947,24.91438,000000004ef3150d,11.7
8878,2019-08-04T12:41:19Z,70c56152af84cf1bad4d19b0cb31202232b4cd4320ce5ea48895e42b,60.14947,24.91438,000000004ef3150d,11.7
8879,2019-08-04T12:41:19Z,71479e7c1c4fd96468f16800ff04484480c76e0953d2074500b0df31,60.17919,24.95181,000000007b5207b6,18.79
8880,2019-08-04T12:41:19Z,72231bca658d3a16f3bf9c26ba5f13393b8377e4ab0b9ed3de6c811f,60.14699,24.922,00000000a53ed894,8.38
8881,2019-08-04T12:41:19Z,733f21ebebe353e10a55a74b40a0a480e6d276334d4f3d8bcf85b711,60.16075,24.95883,00000000f1124bca,27.28
8882,2019-08-04T12:41:19Z,745e52dafbfa395ea41c5fcd0c2717b9091e44d19ab89e03991fdbb7,60.16762,24.95415,000000006b44cce7,16.1
8883,2019-08-04T12:41:19Z,759f94c852ff15ca91c3138913c3858c4801702f8f0514ae82fb2a19,60.16897,24.95222,00000000aa852af1,11.7
8884,2019-08-04T12:41:19Z,7710eccd13983db8899bd9b7c5b087af0c0580dd467b31f68bd49fa7,60.17002,24.94407,000000006b087f40,18.79
8885,2019-08-04T12:41:19Z,777cceac7be6303a1c82f7cc68061528b01e3aa1b3aa6481cad9e5e3,60.16075,24.95883,00000000f1124bca,4.5
8886,2019-08-04T12:41:19Z,77a12194b9a6789f4b2b8c07ae7fce3c2b531cb221e5fa7ca5deae55,60.16897,24.95222,00000000aa852af1,13.75
8887,2019-08-04T12:41:19Z,79bb1e615a834d4f653cec7efc45ad5b4bbedf2a83c55b44c586ad0a,60.14947,24.91438,000000004ef3150d,16.1
8888,2019-08-04T12:41:19Z,79bde23c1a8980f93a65e14306f0d8ea89e164430d8b991e2bfee82e,60.16531,24.9442,00000000fdda10fe,16.1
8889,2019-08-04T12:41:19Z,79d26f15a82c94ac5d05e0f2b6a6beeae1f407972ec39665d7ab9535,60.16829,24.94214,00000000afef4555,1.7
8890,2019-08-04T12:41:19Z,7a0c0b525f2d3eed6c873bd3b8d27bede551fe4a428ac15c23deadae,60.16075,24.95883,00000000f1124bca,12.69
8891,2019-08-04T12:41:19Z,7a4a06d20ebe57d94e5fceeaf47d5b56ad9a515818e9c20e21a80e61,60.16629,24.95957,00000000fb7600be,12.69
8892,2019-08-04T12:41:19Z,7a97375000483176c3b37cc0d1744a950d9b322ce3534208fce0b21d,60.14699,24.922,00000000a53ed894,16.1
8893,2019-08-04T12:41:19Z,7ab335e046f7f3597f8f615a90857885e35cfecefebd5d24bbf0af90,60.16075,24.95883,00000000f1124bca,9.12
8894,2019-08-04T12:41:19Z,7af6672e274ebe27cdb785373a857fc5bcad92a386c36dbe3221d4f4,60.14947,24.91438,000000004ef3150d,12.69
8895,2019-08-04T12:41:19Z,7c745cc00d8f5183e16ac55c510cda4c1e51f957b06629ddd1e9d5a2,60.16897,24.95222,00000000aa852af1,18.79
8896,2019-08-04T12:41:19Z,7d9a3d84c09c3a8d6876389e216e0278048d6b924890fb275a078ffb,60.16531,24.9442,00000000fdda10fe,0.59
8897,2019-08-04T12:41:19Z,7de23a812e69199078aa0cacb63721bd7aef52a3b426789819eaea71,60.14699,24.922,00000000a53ed894,16.1
8898,2019-08-04T12:41:19Z,7e31a4896ab0ff539440898dfabd8305df79869bff52da941016d1cc,60.1538,24.95595,0000000038bf9618,36.27
8899,2019-08-04T12:41:19Z,7f3c9dd2c7352cb81fb186a7d700841d2bcb47cd8ea0d5f8719b5908,60.16762,24.95415,000000006b44cce7,10.78
8900,2019-08-04T12:41:19Z,7f786ec8e06f1ca3bdd10fc60d0114baf354125b8f6cf796d197f4cc,60.16075,24.95883,00000000f1124bca,4.5
8901,2019-08-04T12:41:19Z,80aec8656b3422b9e9819007367c799a4e108fee246063f9117203e4,60.1538,24.95595,0000000038bf9618,33.81
8902,2019-08-04T12:41:19Z,80cbcb887f3e351e3bef7c5f53dccc578cc3494feec514aed7015c0d,60.16075,24.95883,00000000f1124bca,3.74
8903,2019-08-04T12:41:19Z,82411c6526228322a61f59259f13adf7cde62bd767587b6735867705,60.17919,24.95181,000000007b5207b6,7.69
8904,2019-08-04T12:41:19Z,83073c017c8293e4b6eab781fbc2147fafa144d33b3618abd1ae5d90,60.17065,24.93641,000000000f4919c9,25.36
8905,2019-08-04T12:41:19Z,83121a75723643c48e3c3b0a3ea5fccb532046432ca445833e8de06a,60.16762,24.95415,000000006b44cce7,3.4
8906,2019-08-04T12:41:19Z,848fdb054358a3fca79c0246f01263c92b5b48aee6b9fb6e260d7a0b,60.16829,24.94214,00000000afef4555,14.89
8907,2019-08-04T12:41:19Z,848fe01e24ccc782e5968171f53ea31d28f20a455c45d8bac8fb7374,60.173,24.92524,0000000096918cfa,8.38
8908,2019-08-04T12:41:19Z,849a662d95d4185421aff7c6213ba5d7b84cfc58c9fb30ff34054e4c,60.16075,24.95883,00000000f1124bca,9.92
8909,2019-08-04T12:41:19Z,857f5ab05809fdb94740616b8d6662aa2458c4a6009e6f717f8933fb,60.17002,24.94407,000000006b087f40,23.56
8910,2019-08-04T12:41:19Z,859b417d0b562f5c4ab33c3877c95cd7cbb332db91dcd0f4e7a4f3b6,60.14699,24.922,00000000a53ed894,17.4
8911,2019-08-04T12:41:19Z,87bb1abe21abfcb5e5c2039e579cff7ca863a6019207db356de5b7c2,60.14699,24.922,00000000a53ed894,9.92
8912,2019-08-04T12:41:19Z,87cbb5265cd1cc3213ddb5ed9ed2a599ddb7db0b0747121d649b0ae3,60.16544,24.95398,0000000038d83d41,21.87
8913,2019-08-04T12:41:19Z,885bcc6af7d0aa9718fe1030e32ffff1de5171ae5ef67cf0011874fb,60.14947,24.91438,000000004ef3150d,4.5
8914,2019-08-04T12:41:19Z,896f7e896dc6f1ea44b82bf968a988cc10c358ee34821d9d7a4bd07a,60.14947,24.91438,000000004ef3150d,2.54
8915,2019-08-04T12:41:19Z,8a08b2de43a9ef03cf96610718c908e69dcacc59f536a7135b7bb542,60.16629,24.95957,00000000fb7600be,9.12
8916,2019-08-04T12:41:19Z,8a9eedc7cf775ab4e9ad2e20bdcbcbe1635808b418eedcdcceda7834,60.16762,24.95415,000000006b44cce7,13.75
8917,2019-08-04T12:41:19Z,8b641985c793a3f25a45b2460cb01f5baa6f339c6dd26ba7752d8a7a,60.16897,24.95222,00000000aa852af1,5.91
8918,2019-08-04T12:41:19Z,8ba6cfc17ca70e8304994e018ebd5eb2003177062cde05925d5cacb3,60.173,24.92524,0000000096918cfa,11.7
8919,2019-08-04T12:41:19Z,8bbf5422247a0a6be314130d8fd9ae1814401b75acf3b3ce2da9620c,60.14699,24.922,00000000a53ed894,8.38
8920,2019-08-04T12:41:19Z,8d528b00553162a9dd47d2296d15b2fad89aad6a508424d4589618a1,60.14947,24.91438,000000004ef3150d,9.92
8921,2019-08-04T12:41:19Z,8d73f674010f5cb02e8f20251ed86a9afcb7f6b3926039470296bd00,60.17065,24.93641,000000000f4919c9,27.28
8922,2019-08-04T12:41:19Z,8d8a869e83fe2ac29e791666634a33af3ea4048ea4e752b6fb1e238c,60.14947,24.91438,000000004ef3150d,9.92
8923,2019-08-04T12:41:19Z,8dcf139eb279bcc2696420ba9da858e361600ff02cd29587f66660ec,60.16897,24.95222,00000000aa852af1,21.87
8924,2019-08-04T12:41:19Z,8e2ee35c6a6220c1e137f051ac0bcad5502c5a5179570ae13d07c2fe,60.14947,24.91438,000000004ef3150d,18.79
8925,2019-08-04T12:41:19Z,8f9026cfff0b3ccd2e7a22e5767bee52b08ab5630d1c6ac046bf7f39,60.16544,24.95398,0000000038d83d41,17.4
8926,2019-08-04T12:41:19Z,920dc90f60b295267f63efc8f968408087b71878dc3f49f0ded1c41e,60.17919,24.95181,000000007b5207b6,20.28
8927,2019-08-04T12:41:19Z,926717d61529080dfc4c7f8cdcdc82c6490d2a5129474524b8c40ea4,60.16829,24.94214,00000000afef4555,20.28
8928,2019-08-04T12:41:19Z,93a2100e233b204243f7e69b68dea7c9a145d1b5384bd18359bf87a3,60.16531,24.9442,00000000fdda10fe,1.88
8929,2019-08-04T12:41:19Z,958ab5fd2d2c7f0c3fe6dc14fe27005fcf35b013db75f708c22a3619,60.16762,24.95415,000000006b44cce7,12.69
8930,2019-08-04T12:41:19Z,9604244c18efd5978b809f021651f7743e0e64da38fcf3718f9b4f93,60.14699,24.922,00000000a53ed894,7.69
8931,2019-08-04T12:41:19Z,97264f5808fa13851dacabf0c98525eec29849ff4b6a744cc777fd5b,60.16075,24.95883,00000000f1124bca,9.92
8932,2019-08-04T12:41:19Z,9736a8a29aee134a307e0cd4221e9b0a2ab7c48befee43fc62e9f9bd,60.14699,24.922,00000000a53ed894,4.5
8933,2019-08-04T12:41:19Z,9885627881a266e5cf401516e009049e859d738e2e019be570f4b4d8,60.16448,24.97323,0000000053c6c2be,31.5
8934,2019-08-04T12:41:19Z,9a9db814dfa74ca2c2d51496299715310e81c6e6525cc9d2cb0762eb,60.16897,24.95222,00000000aa852af1,12.69
8935,2019-08-04T12:41:19Z,9acffb3f8b8720e2de83c8cfd41915d268d5eca34e0bd280eed3e6f4,60.16897,24.95222,00000000aa852af1,27.28
8936,2019-08-04T12:41:19Z,9b8a48b949de8c2f6b09fb1d8e45b6266e4c76b514c2d08d1d53642b,60.14699,24.922,00000000a53ed894,13.75
8937,2019-08-04T12:41:19Z,9ba6f9fb8bb950d16224b4182d3c3d8349a0f50619be329c165417e0,60.14947,24.91438,000000004ef3150d,20.28
8938,2019-08-04T12:41:19Z,9bf4a5d763fa921335be6c141a0c9fd769fcb2f4c5b40b85a1c99c71,60.14699,24.922,00000000a53ed894,16.1
8939,2019-08-04T12:41:19Z,9e3d4a4b1acd94d2896cd7cf56419110f06ea96faae37aadebd4ec77,60.14947,24.91438,000000004ef3150d,5.91
8940,2019-08-04T12:41:19Z,9ff13c715073d5ad9c464cb67b6de3f703435cf389c32cce5626dfe1,60.149,24.9843,00000000fffb8cf0,25.36
8941,2019-08-04T12:41:19Z,a38a21a97a054541f0423f03758c70227116c05254958373e3e93ad0,60.14947,24.91438,000000004ef3150d,5.91
8942,2019-08-04T12:41:19Z,a3d228482bfdd3dbdfaee1ff72b6ac00c2ee8c05e949047ce9117783,60.14699,24.922,00000000a53ed894,5.91
8943,2019-08-04T12:41:19Z,a422a30ec1eb058c7930e1352297c161639faa5b3ca5f5fa47c4adb3,60.14947,24.91438,000000004ef3150d,6.46
8944,2019-08-04T12:41:19Z,a4f416ec0941bb365e3665d7fd224fad15d74225e8ce9f6dd6368bc7,60.17065,24.93641,000000000f4919c9,25.36
8945,2019-08-04T12:41:19Z,a66c6aaed06f5e4b2cde2b0e598cf422548fdbb7d08dfb741f857ec2,60.16762,24.95415,000000006b44cce7,18.79
8946,2019-08-04T12:41:19Z,a6f944078dd26796f5a849ccb6fdf8a4436f913cf3302597c846462d,60.16762,24.95415,000000006b44cce7,7.05
8947,2019-08-04T12:41:19Z,a7472d1b63171c047444981df223670390009e3ea502132d9963e9fb,60.14947,24.91438,000000004ef3150d,10.78
8948,2019-08-04T12:41:19Z,a76d219c3abcc4ec3a54dd834263f9a24972c71be4c7bbbfc663f22f,60.14699,24.922,00000000a53ed894,8.38
8949,2019-08-04T12:41:19Z,a794d97e26d3678bb11b4364880414bb7bfac4bb49d1867b37b489f7,60.14947,24.91438,000000004ef3150d,9.12
8950,2019-08-04T12:41:19Z,a88c6bae85183bcf7a25dcbc1fe64128df64a49ded7074a0f51a1f5c,60.14699,24.922,00000000a53ed894,17.4
8951,2019-08-04T12:41:19Z,a9383e1c3d9b3355965662ff18ad95dfb64daa5d8e71fc20e7e50df7,60.14699,24.922,00000000a53ed894,17.4
8952,2019-08-04T12:41:19Z,a96e9a3805def174e6ededa93b88ce312739d9d68941dffdeca03e9f,60.16762,24.95415,000000006b44cce7,6.46
8953,2019-08-04T12:41:19Z,aa076c3f0d09145aebbb750dde9849ba4eb6759e92ba5753280184d6,60.16762,24.95415,000000006b44cce7,9.92
8954,2019-08-04T12:41:19Z,aa5773b59ce2bf1eee53e4e77cd3c261465d2ea538c9a85b8de30cd8,60.14947,24.91438,000000004ef3150d,18.79
8955,2019-08-04T12:41:19Z,ab6d002dfa018260db302804edd645141e671ff94a6e582236943377,60.16762,24.95415,000000006b44cce7,18.79
8956,2019-08-04T12:41:19Z,acdcc8ae1d1c6bb055dfc108154eae58b4b894f0ce1ff174c1065c7e,60.16762,24.95415,000000006b44cce7,2.3
8957,2019-08-04T12:41:19Z,ad8af809ed47a3391bb53d11da159b3a8b0ddc264d94c049ce72bda0,60.17065,24.93641,000000000f4919c9,0.34
8958,2019-08-04T12:41:19Z,ae87b8dd8920695bc9e599874667205991c04e30666d8523f0be4350,60.14947,24.91438,000000004ef3150d,8.38
8959,2019-08-04T12:41:19Z,aec4b11f0b1ec075878ca4a3b94da464f6fc96e330b913d5bfd346b0,60.16897,24.95222,00000000aa852af1,13.75
8960,2019-08-04T12:41:19Z,af64ca430076b1e91eeb89134e0e026479928845cbe1943bc56104c2,60.14947,24.91438,000000004ef3150d,9.12
8961,2019-08-04T12:41:19Z,b0a20a40885487350aaf5c8f46dab27d4d7e1d5c24fefec54c0c62d4,60.16829,24.94214,00000000afef4555,17.4
8962,2019-08-04T12:41:19Z,b12b27061f30d5659794f14cbed5e4726c5af1ef526611d3b2dded29,60.14947,24.91438,000000004ef3150d,16.1
8963,2019-08-04T12:41:19Z,b26280ff7943c2f2f00f94125547cbdc285e6c43b7d0a5819c2eac87,60.16762,24.95415,000000006b44cce7,16.1
8964,2019-08-04T12:41:19Z,b26a9be85f5fd17ea58397762fa55db3c8f68fb709d586d61527c892,60.16829,24.94214,00000000afef4555,5.41
8965,2019-08-04T12:41:19Z,b2a01c2a06c3cf1a48333e58e787d9eaf2f975a738c02878220d7774,60.16829,24.94214,00000000afef4555,10.78
8966,2019-08-04T12:41:19Z,b3d99c04e3db6b698e6e54f19434461336954d0c15385bff6e557be8,60.173,24.92524,0000000096918cfa,16.1
8967,2019-08-04T12:41:19Z,b41cc64d7ab4e16a03573bdc3b5863c4b402ec66c7780c7900c02877,60.16829,24.94214,00000000afef4555,11.7
8968,2019-08-04T12:41:19Z,b523d3f8341906e4b3877ff7d9614b4e10d6bbf10afdcc6c53656c8f,60.17065,24.93641,000000000f4919c9,13.75
8969,2019-08-04T12:41:19Z,b5d90bc33c7307b83a6f38469ffe13897d3ce5962c7c9299bbe61fe5,60.14699,24.922,00000000a53ed894,18.79
8970,2019-08-04T12:41:19Z,b7039958be9f53a3eaed97f705a1974815f52f25226e920155397bec,60.16075,24.95883,00000000f1124bca,12.69
8971,2019-08-04T12:41:19Z,b7c276134da93020882d1fb9046e798ed19fc05c4278ba7a1be93ec4,60.16897,24.95222,00000000aa852af1,25.36
8972,2019-08-04T12:41:19Z,b81e80c4efa2f6bf7a24861abfd0f0fb5672f1512dc7545a1d387f7f,60.16762,24.95415,000000006b44cce7,5.91
8973,2019-08-04T12:41:19Z,b92c7fb1d77c3f326d59dbe2689bb5b8ff10fcd691f28b36aa98408c,60.17002,24.94407,000000006b087f40,18.79
8974,2019-08-04T12:41:19Z,b9c0ac0bb7310d92c296a8870603ebd12c0c632cfc2a1fa33092b337,60.16762,24.95415,000000006b44cce7,9.92
8975,2019-08-04T12:41:19Z,baa2e34cb17a3e4b813a9a7578ddf421b7013fa00788af744fe6fc28,60.1538,24.95595,0000000038bf9618,36.27
8976,2019-08-04T12:41:19Z,bb0193f2b0ac4801fe82ed5cec75e687465d707d92e731047f81650f,60.1538,24.95595,0000000038bf9618,3.4
8977,2019-08-04T12:41:19Z,bbeaad18acdd3a2602aa5b07ab6ae8df489cb499c4490b3e6f561a5e,60.16629,24.95957,00000000fb7600be,31.5
8978,2019-08-04T12:41:19Z,bbf8cd606b9732370f1c0ae0e68d6d0663a23102d831dd10c0e74819,60.16897,24.95222,00000000aa852af1,13.75
8979,2019-08-04T12:41:19Z,bc07df8cc395f6f4f5d483b2233caca5f93a6918f346e4cc3702f8cc,60.16531,24.9442,00000000fdda10fe,10.78
8980,2019-08-04T12:41:19Z,bc3861c61a46fbf78a7423712f1a528cf9f8332531271933056c233f,60.16829,24.94214,00000000afef4555,11.7
8981,2019-08-04T12:41:19Z,bcf688ec2e666179e52a495a8304dd7aaaf4acad52788a0929b287a2,60.14699,24.922,00000000a53ed894,13.75
8982,2019-08-04T12:41:19Z,bd4ec71179e7755567e37eb54b845b317af028a4effe45dcaeae19bc,60.14699,24.922,00000000a53ed894,13.75
8983,2019-08-04T12:41:19Z,be21a77f983baae8e0ba646eda0988a618149dcc7ef4c303c35d5377,60.14947,24.91438,000000004ef3150d,7.69
8984,2019-08-04T12:41:19Z,bebf1edb9736fe66391376c4cf2a3033ab9fa83ae21f86b66392e2d0,60.16762,24.95415,000000006b44cce7,10.78
8985,2019-08-04T12:41:19Z,bef86aee891e6813146b3b9679809c39591429ebddf99a44cc9a60ed,60.14951,24.92138,0000000006dd41f6,18.79
8986,2019-08-04T12:41:19Z,bf2e5725b255e320f1e8375ec03f55194f1fd9f751be9629d873a5c8,60.14699,24.922,00000000a53ed894,2.54
8987,2019-08-04T12:41:19Z,bf992d3cd95a73f02d7223eaffe90a94e3e1e98a8c6759bab631b5b0,60.14947,24.91438,000000004ef3150d,14.89
8988,2019-08-04T12:41:19Z,c0722f63618f97eb8ec4afac1a8538b81a3c87e623d753ad1201bf7c,60.16075,24.95883,00000000f1124bca,6.46
8989,2019-08-04T12:41:19Z,c0a0ca3433586ed2ae0e448f2406fabac7292ac79d49562e0bd5cef8,60.16762,24.95415,000000006b44cce7,12.69
8990,2019-08-04T12:41:19Z,c18a638a8f7d2d4e67c538d49830623f943f762f4942350ba7358441,60.173,24.92524,0000000096918cfa,21.87
8991,2019-08-04T12:41:19Z,c1e4323d2276cb6e358f5fabb123294e7a0ef87e7169f3cccc8f2e03,60.16075,24.95883,00000000f1124bca,25.36
8992,2019-08-04T12:41:19Z,c36d58ed0e0dddb3e26be1214e369db1c3fa3d4bcf8b53536a25239b,60.17065,24.93641,000000000f4919c9,3.74
8993,2019-08-04T12:41:19Z,c3e5ee20ca76f7347fda00c4c2fdee291bc6d843a879b26fbdd70390,60.17065,24.93641,000000000f4919c9,31.5
8994,2019-08-04T12:41:19Z,c493415e869d6e6304841784a120f994272b83557256b43e44e4f3e0,60.14699,24.922,00000000a53ed894,9.12
8995,2019-08-04T12:41:19Z,c633a260ce59bad4e1ca42f12936ed8ae57a40f5e6528dfb70052c43,60.16897,24.95222,00000000aa852af1,9.92
8996,2019-08-04T12:41:19Z,c728eaa7734efeabe7f33c782081caa960fcced68160e285ee477916,60.14699,24.922,00000000a53ed894,8.38
8997,2019-08-04T12:41:19Z,c7aac26760b921b04c64bfe1cedf51421283c2548a7e0f97c565b116,60.16897,24.95222,00000000aa852af1,13.75
8998,2019-08-04T12:41:19Z,c87e8f1684c9d9267ea52b4b18d5c4fe91254e4cccefaf1f778519b8,60.14699,24.922,00000000a53ed894,25.36
8999,2019-08-04T12:41:19Z,c905a50dedd9b3d2114cde9160b7adf83adc09683b65598ce24c4047,60.1538,24.95595,0000000038bf9618,21.87
9000,2019-08-04T12:41:19Z,c9c349bf8a67000a6d08080de9883548aebc49ee8de88e6af53fcfd5,60.16897,24.95222,00000000aa852af1,38.87
9001,2019-08-04T12:41:19Z,cad80f69731ad65f7f14bf400d674e0c42de462bd42db112c9d9f261,60.16075,24.95883,00000000f1124bca,20.28
9002,2019-08-04T12:41:19Z,cbc336691f17a9c508549e03d522166247a0cd0a944321c1a7d15525,60.14699,24.922,00000000a53ed894,8.38
9003,2019-08-04T12:41:19Z,cbd334d06c16786ddc543b71b34da6278d203ac72606f0f9275e0936,60.16829,24.94214,00000000afef4555,13.75
9004,2019-08-04T12:41:19Z,cc2cf42c6b14536fb92c810ff0e3dd5a3caa74236f14246a5b6e8cdc,60.16762,24.95415,000000006b44cce7,5.91
9005,2019-08-04T12:41:19Z,cca4c469470383a073e2fc4aa7102906db6a8d478131e9a1420d96f2,60.16762,24.95415,000000006b44cce7,20.28
9006,2019-08-04T12:41:19Z,cce6b6f309e43e2bb1be6a9784582a82891e976d0869d01040586d27,60.14947,24.91438,000000004ef3150d,10.78
9007,2019-08-04T12:41:19Z,cd3e127e27387b6e06cdf27f46fb6046e4182e4d7b49b49c17167c1c,60.14947,24.91438,000000004ef3150d,9.92
9008,2019-08-04T12:41:19Z,cd4ecd3b83630f6e5d65f635804e47a1ceb82853aac36af30044f06a,60.149,24.9843,00000000fffb8cf0,9.92
9009,2019-08-04T12:41:19Z,cd62fc5a92bd89f24a6e3d736d5511bf872859d762723b92f2092abc,60.16829,24.94214,00000000afef4555,9.92
9010,2019-08-04T12:41:19Z,cd9b2be9ffb37c8b7c5c25f587c95b1c7932a21fb245487ea2f740d9,60.14699,24.922,00000000a53ed894,9.12
9011,2019-08-04T12:41:19Z,ce6a8017f454ee88825097762b1bdb8e5ba78fff9cd3e49bc2ee2400,60.14699,24.922,00000000a53ed894,16.1
9012,2019-08-04T12:41:19Z,ceb777dafa9b7e39125b89735b7f0cf22c3018eb0196043ac8160370,60.14699,24.922,00000000a53ed894,9.12
9013,2019-08-04T12:41:19Z,ced0425d382ce86b7565a8b7b36a453a0880a08ba10090524e6c1ac5,60.14699,24.922,00000000a53ed894,11.7
9014,2019-08-04T12:41:19Z,cfa42322be0000cf89d8969d1b88ace0ba99cab721dd58d55d41a36e,60.17065,24.93641,000000000f4919c9,14.89
9015,2019-08-04T12:41:19Z,cfc2a688ff31fbb1baac8790fb6d56dc7746ba2cf9e0e5f39d4751a4,60.14699,24.922,00000000a53ed894,6.46
9016,2019-08-04T12:41:19Z,d0413da80c7714f40ffe50dcfb00039280c64ecebc61c59df72965e6,60.149,24.9843,00000000fffb8cf0,18.79
9017,2019-08-04T12:41:19Z,d098b9b5b30c5fcd4ae8a2b8bc761df72829713d3ae919634876d349,60.14699,24.922,00000000a53ed894,6.46
9018,2019-08-04T12:41:19Z,d0aa228c2a3e6e1568e876cffc76874702e0f0f63f18533551bf02c1,60.16075,24.95883,00000000f1124bca,16.1
9019,2019-08-04T12:41:19Z,d0cab2a2660dcc5cb99a9bdf39d2e6b31b7498985db1b50e48cb478d,60.18203,24.91341,00000000342570c2,25.36
9020,2019-08-04T12:41:19Z,d295fce65c7332728ab79761524c814f41bd0cefa3ad9ef62ac18993,60.14951,24.92138,0000000006dd41f6,18.79
9021,2019-08-04T12:41:19Z,d38e88e5b926f9d1de6e326cca45116fcca11f10684c80876739c6cd,60.16075,24.95883,00000000f1124bca,7.05
9022,2019-08-04T12:41:19Z,d3a37aedae39925bda7da8e4f05a61b85904a00f88e8684006c76351,60.16829,24.94214,00000000afef4555,16.1
9023,2019-08-04T12:41:19Z,d3c0cff604283ea6adeabb4f867f3fcaf8ee41fd27fc600d33c4d70d,60.16075,24.95883,00000000f1124bca,20.28
9024,2019-08-04T12:41:19Z,d64eda229ebb6012e59bc89eacb74918e404ce52f16b491f3d48e800,60.16897,24.95222,00000000aa852af1,13.75
9025,2019-08-04T12:41:19Z,d87210146aab139cc6640a20b428dce6ac516806a71a177b70e04f62,60.17065,24.93641,000000000f4919c9,9.12
9026,2019-08-04T12:41:19Z,da0c40291d3ace2273a08e3c9b87cbc15b0f03d0dba61e7c5a88dc0c,60.15432,24.9211,0000000019fb59c4,25.36
9027,2019-08-04T12:41:19Z,da667dfa2d8a272a7398e186de027fabd2052052c0aad767a1c7d966,60.16897,24.95222,00000000aa852af1,18.79
9028,2019-08-04T12:41:19Z,daac051ca20430238282e179e0fe525b11ff1e8f1ace26d45b41f331,60.14947,24.91438,000000004ef3150d,2.8
9029,2019-08-04T12:41:19Z,db9cee77723e2258651606fd447070139d95eb1138f8e56957bff8f1,60.17002,24.94407,000000006b087f40,27.28
9030,2019-08-04T12:41:19Z,dc15145376f4a497910c8d2231d671bf62f1918ad93938a48fdc3eb4,60.149,24.9843,00000000fffb8cf0,20.28
9031,2019-08-04T12:41:19Z,ddc8410b9e4ece4b995b789f95e526693bac176ed77092ba57355dc8,60.16762,24.95415,000000006b44cce7,5.91
9032,2019-08-04T12:41:19Z,ddd849ee86afceedd5f5582ede84380d5596c9ea304d634ab0fd0de0,60.16829,24.94214,00000000afef4555,3.4
9033,2019-08-04T12:41:19Z,de09fd8d15c3d7adbf440a3d0a418a3b476513c968bda8a4aa652adf,60.173,24.92524,0000000096918cfa,25.36
9034,2019-08-04T12:41:19Z,de84f754a3916c8f831b0bb8ea41fc2a42cdea2794558fece3c7ae97,60.1538,24.95595,0000000038bf9618,16.1
9035,2019-08-04T12:41:19Z,df0e8ff4d2b113239e66c4c62bfa198af147b596a2f83309d01d3b3b,60.16762,24.95415,000000006b44cce7,9.92
9036,2019-08-04T12:41:19Z,e02c0f9f72e9f248a4b5df8af328e1a0132d4d8a72c1e603d14cdacd,60.18203,24.91341,00000000342570c2,33.81
9037,2019-08-04T12:41:19Z,e1a443e10353da64728464e8a720aaf22a62b80d404f1acae1a1c6ee,60.1538,24.95595,0000000038bf9618,23.56
9038,2019-08-04T12:41:19Z,e23a6115ba872037f9b5066c9c9c966b497f449e32a2c9ceb0e55497,60.16829,24.94214,00000000afef4555,6.46
9039,2019-08-04T12:41:19Z,e341e5e3e0b4fef8c3764508293310da5922b202d791694e43069ad1,60.16544,24.95398,0000000038d83d41,21.87
9040,2019-08-04T12:41:19Z,e34bcebfa007159f3d2adb0e62e20fcf721a221f52bdfe2a6ad77831,60.18203,24.91341,00000000342570c2,12.69
9041,2019-08-04T12:41:19Z,e35717ff07f32be5a2e1520f1855533f8dcc72cff7930c9cba9da32b,60.14947,24.91438,000000004ef3150d,9.12
9042,2019-08-04T12:41:19Z,e3c03ee00a1bcd066f8b260cc5b9824d1118b7b7f972a818752aabc7,60.14947,24.91438,000000004ef3150d,7.69
9043,2019-08-04T12:41:19Z,e447e76c7b53157c11d5bfeb172c27332c81b5ec7f263badf5507888,60.149,24.9843,00000000fffb8cf0,7.69
9044,2019-08-04T12:41:19Z,e4b111abda6e15229c808fb72d5c0c38e2cf3abdbbb62fff5ae48e42,60.16762,24.95415,000000006b44cce7,14.89
9045,2019-08-04T12:41:19Z,e5aafdaa61553663ef99a8a1ff268a9e9c0ab591fa8c2f8e8756e6b3,60.16897,24.95222,00000000aa852af1,14.89
9046,2019-08-04T12:41:19Z,e6989dfb4fc7ca2196d9d2f31154a0cb08522e97aed09a37b890a955,60.16897,24.95222,00000000aa852af1,10.78
9047,2019-08-04T12:41:19Z,e6f4e3d1f5e01888556b077224cb4d8f88d63306fff2388e3fd997d0,60.14951,24.92138,0000000006dd41f6,21.87
9048,2019-08-04T12:41:19Z,e6f7965f2ef456f61121bcce5e466f125192e511c2af72d901307e8e,60.16762,24.95415,000000006b44cce7,8.38
9049,2019-08-04T12:41:19Z,e7cd5f775c7eea951719f351fcc25c710f857832d6f4b70a51b7b82d,60.16897,24.95222,00000000aa852af1,21.87
9050,2019-08-04T12:41:19Z,e9115410fa45db5a174eee008cae729dc69937a0e0b5a304899bf1b9,60.17065,24.93641,000000000f4919c9,18.79
9051,2019-08-04T12:41:19Z,e92eb020afcd7c1fad04690230ff8c2f005e404dd25b8dced1df30dd,60.16075,24.95883,00000000f1124bca,8.38
9052,2019-08-04T12:41:19Z,e95415d461b040c869512659bcc843eedf3267c4b029a0b3fab444aa,60.16829,24.94214,00000000afef4555,25.36
9053,2019-08-04T12:41:19Z,e9e19621fc5cfcfed2c808bbadc6cc6dd31e28d3c04cef8b89ca2729,60.16075,24.95883,00000000f1124bca,16.1
9054,2019-08-04T12:41:19Z,ea157e44ed100be3f782d8b3d8e5e0986079c588c9ea754b14917df0,60.16829,24.94214,00000000afef4555,4.94
9055,2019-08-04T12:41:19Z,eb6541383f8b12fc5476e5e2bc406933edfd211f49a1bbb93f323fa0,60.14699,24.922,00000000a53ed894,5.91
9056,2019-08-04T12:41:19Z,ec350e26364cb676c4cdb72647f039c31e27c775e7bb8973223e5d9b,60.14947,24.91438,000000004ef3150d,13.75
9057,2019-08-04T12:41:19Z,ec424a10bcefb6e69c2eabf42534f06e7a10aa0cfb28f6478052cade,60.14699,24.922,00000000a53ed894,12.69
9058,2019-08-04T12:41:19Z,ed70712277756192c688e0f4d7620cdb33803ab3e0cc7c180c3efd23,60.15432,24.9211,0000000019fb59c4,25.36
9059,2019-08-04T12:41:19Z,ef352dcaa8317b6a3c0a02cd8908dd13da5601cc66ba65c5fd8d031a,60.14947,24.91438,000000004ef3150d,4.94
9060,2019-08-04T12:41:19Z,ef77b04fc57a9781bf581172358ba74cf41e0b2a6ecc8090f99810bf,60.14699,24.922,00000000a53ed894,8.38
9061,2019-08-04T12:41:19Z,efe8b6c6fdf0d2caccd589aaaa4f0228a80590ff9ec7961f2e92103d,60.16762,24.95415,000000006b44cce7,5.91
9062,2019-08-04T12:41:19Z,f062cb52d49926a4fb39f723275ed60ab6c0f3bf34e0c3f9d233b7b8,60.14947,24.91438,000000004ef3150d,3.4
9063,2019-08-04T12:41:19Z,f15d4f120f48381cbfcc51d806d996141327b20a6b87040e767cf3e7,60.16897,24.95222,00000000aa852af1,25.36
9064,2019-08-04T12:41:19Z,f1eb1b22a5e01064a1829b325d256218c68bc9134f03a3f09f3e2566,60.16829,24.94214,00000000afef4555,13.75
9065,2019-08-04T12:41:19Z,f20f951802c722181f0e90095001c49e73f84049bb105b95c97049d1,60.17918,24.95141,00000000675d5200,29.32
9066,2019-08-04T12:41:19Z,f2deba4ef84dbbc8c5d8524f6e2311183003bce4f9bfa6aef5b5ef66,60.14947,24.91438,000000004ef3150d,9.12
9067,2019-08-04T12:41:19Z,f2e063c8c25a8bec0dd6ec3924a5f59fd9694078f2f3fd5b3ea96f29,60.16762,24.95415,000000006b44cce7,9.92
9068,2019-08-04T12:41:19Z,f366283765028e1454f3cfc564b9f220c9d700bfa8a843746eca3141,60.16897,24.95222,00000000aa852af1,20.28
9069,2019-08-04T12:41:19Z,f39827c3c7f4c833d1118043492f78e3255b6da9f4a2c000041d9b61,60.16829,24.94214,00000000afef4555,6.46
9070,2019-08-04T12:41:19Z,f3ec2366b51157150674e5ab6293bdb19e0b30ca4296fee4c97b811c,60.14699,24.922,00000000a53ed894,16.1
9071,2019-08-04T12:41:19Z,f5f7cfe177dfb0b7ebba2419ae53f70b6b5690dd98d98586004a9107,60.149,24.9843,00000000fffb8cf0,13.75
9072,2019-08-04T12:41:19Z,f6a88c4482d078d6a1d51eabc04916c6f7566cff4a16fd55f3abdef0,60.16531,24.9442,00000000fdda10fe,25.36
9073,2019-08-04T12:41:19Z,f7777ac6285e2f6b6aa546b03f294d81e169b8236268cfed232c9679,60.16897,24.95222,00000000aa852af1,25.36
9074,2019-08-04T12:41:19Z,f796c9efc581b25280d4b416f8ba3aecca6ddf083e7bdad05f6e595e,60.14699,24.922,00000000a53ed894,9.12
9075,2019-08-04T12:41:19Z,f7f0caf73572bea3c08b592eeb9655b2668cfb16fd8840ca5619d84a,60.14699,24.922,00000000a53ed894,3.74
9076,2019-08-04T12:41:19Z,f9399339c3de44774896319d3f291771cebcaf2666df1d6062469882,60.16531,24.9442,00000000fdda10fe,29.32
9077,2019-08-04T12:41:19Z,fa96854324adae88abb35afa34b2393a20338bfd8fc9602d3ce6ae8d,60.14947,24.91438,000000004ef3150d,13.75
9078,2019-08-04T12:41:19Z,fc618d570293e104f3bf927312641e3b7c65acce185b1614337d848c,60.16829,24.94214,00000000afef4555,13.75
9079,2019-08-04T12:41:19Z,fe5ca86c906b1cb3bf9dd257ceefc562e41da499878f1074484f7d42,60.14947,24.91438,000000004ef3150d,11.7
9080,2019-08-04T12:41:19Z,feb399897846bc34dc3f4b06ac4ef0ffb0db885977b88e5c5fdb7350,60.14699,24.922,00000000a53ed894,9.92
9081,2019-08-04T12:41:19Z,ff4f3e0f964f23b97e88626f7a506bb4409718931712c58ce0f247af,60.16762,24.95415,000000006b44cce7,9.92
9082,2019-08-04T12:41:19Z,ff8280896145ae17e594c52eac2cdbab47d3757d797878fbc4298596,60.1538,24.95595,0000000038bf9618,23.56
9083,2019-08-04T12:41:19Z,ff8d5b9e61bd912b13b664db8ef2919e1f515ca3b20ae67f532a5c8a,60.16762,24.95415,000000006b44cce7,12.69
9084,2019-08-04T12:41:20Z,0152988639aaaa9cc27213280c8f0c0c8ec97ae6a45aaaf743c9c25d,60.16544,24.95398,0000000038d83d41,27.28
9085,2019-08-04T12:41:20Z,07d86ad98399440d0cc3bd3382a7256feb971e49a3686dc17f532e1c,60.16829,24.94214,00000000afef4555,7.69
9086,2019-08-04T12:41:20Z,112c36ba789fa57e2b19c9bff8bfe0b3eba19a431c3af4656c4cee5b,60.16531,24.9442,00000000fdda10fe,47.69
9087,2019-08-04T12:41:20Z,14c7e1511b70f4dd3359cbece1377aebb4d70531f5489eefe53d7c3c,60.16544,24.95398,0000000038d83d41,27.28
9088,2019-08-04T12:41:20Z,1599d2c9070a6f05e1a5887c2d9209214c04818c6203fe75440734f2,60.1538,24.95595,0000000038bf9618,17.4
9089,2019-08-04T12:41:20Z,211f6b7b044343d0be369791b3fa3c144d0d0f391e2a42787712efb0,60.16448,24.97323,0000000053c6c2be,14.89
9090,2019-08-04T12:41:20Z,25a7ff811c3c06e426c7c2cbb0433d9a2a3399b23afecbd35584ab0f,60.18203,24.91341,00000000342570c2,18.79
9091,2019-08-04T12:41:20Z,2603b5aecd8f219a410e558446935308ecabb09a6c9e5b38533728ff,60.16829,24.94214,00000000afef4555,16.1
9092,2019-08-04T12:41:20Z,2d3d031189abfaea69cd551a97b2b2d056a908f19bc56701010a2304,60.16897,24.95222,00000000aa852af1,18.79
9093,2019-08-04T12:41:20Z,315af4a829b592ba99b203b8ed2cbd499769f8752dfe6de7da4ee929,60.16829,24.94214,00000000afef4555,18.79
9094,2019-08-04T12:41:20Z,35568b1e0d67c5d7b6b15bb08540a1aafe24817a9bc06673b97e85c9,60.14947,24.91438,000000004ef3150d,13.75
9095,2019-08-04T12:41:20Z,3fe84a5a1e657df8910685df3a8cf779a6ebc3362fbc8e578f235ee4,60.15432,24.9211,0000000019fb59c4,9.12
9096,2019-08-04T12:41:20Z,4317f5904a5e6ae921bf743dd534c803083fd90b15a1245881beeade,60.16897,24.95222,00000000aa852af1,29.32
9097,2019-08-04T12:41:20Z,43b676ed3aef4c2d8846694817e76117873be52e7f788e0cb366c1c4,60.16629,24.95957,00000000fb7600be,25.36
9098,2019-08-04T12:41:20Z,44d0b94469070803869f229601e877beb613c3f5aafa009addf97a1a,60.16544,24.95398,0000000038d83d41,17.4
9099,2019-08-04T12:41:20Z,4656bad9b5e6dfc3977eca308fc1db3dbf8b0204b90d09b001da242e,60.1638,24.96846,00000000d747f075,31.5
9100,2019-08-04T12:41:20Z,5bbb5184fded3e51bc78e45e39917794285e6bbc72da404802a9599a,60.16531,24.9442,00000000fdda10fe,23.56
9101,2019-08-04T12:41:20Z,5d65719c4cbf045f068d084b72302f447d5fd034413d97d13be00d0e,60.18203,24.91341,00000000342570c2,18.79
9102,2019-08-04T12:41:20Z,5eed115a984d490b02b602d73787aee8dc8c4e9365b77fbff3818a76,60.16629,24.95957,00000000fb7600be,14.89
9103,2019-08-04T12:41:20Z,69219e9efa41ae9e732653e9eaf08e1a34cb853a9dafe76ddeea4d04,60.16897,24.95222,00000000aa852af1,14.89
9104,2019-08-04T12:41:20Z,693a851392b509880d957bb174f92d5337ba37e4fa297c766165a533,60.16762,24.95415,000000006b44cce7,16.1
9105,2019-08-04T12:41:20Z,6a70e2fbced719333e21eff04fcb9cb36bae9a04d1a3d6ddd96f2c58,60.15432,24.9211,0000000019fb59c4,5.41
9106,2019-08-04T12:41:20Z,6f06341f358e61699fe1e55e986dd0554bc8da28b91daf0c5ad99db6,60.16629,24.95957,00000000fb7600be,23.56
9107,2019-08-04T12:41:20Z,70d8572458a1a103555bab897b6443e601e0ed211414b15ad0b56f60,60.16544,24.95398,0000000038d83d41,25.36
9108,2019-08-04T12:41:20Z,737efc92e3419e9d96a8559ec341ea7e18ba6381fd8e4de3d06f82a0,60.14699,24.922,00000000a53ed894,21.87
9109,2019-08-04T12:41:20Z,7678cdb86d454ca9ae52f22d97e635106585a3a046d01da4463695cc,60.18203,24.91341,00000000342570c2,25.36
9110,2019-08-04T12:41:20Z,7856cd9a8241b470ce46295386b13c33e1948a956b3f18b7b3497cdb,60.18203,24.91341,00000000342570c2,25.36
9111,2019-08-04T12:41:20Z,87dfaad29a9276ddddb1fa021d3bc23ad14824c1af16f7d87e713689,60.14951,24.92138,0000000006dd41f6,9.92
9112,2019-08-04T12:41:20Z,88808fe92573e9cdf022cc15b9689b6b4b9429f60513c8897b0ba4c7,60.16897,24.95222,00000000aa852af1,16.1
9113,2019-08-04T12:41:20Z,89982a6acf91b79a282a6b63978e946ee205f303fcd20e944e06baf0,60.16544,24.95398,0000000038d83d41,29.32
9114,2019-08-04T12:41:20Z,8c3b1ed0846e38cc84b863a80540c8a75bfd85c8bdda36563d153110,60.16544,24.95398,0000000038d83d41,23.56
9115,2019-08-04T12:41:20Z,8c75c3289c84fe4493e1e272a77b615fe1985880c5dc68a7c1a17b53,60.16762,24.95415,000000006b44cce7,10.78
9116,2019-08-04T12:41:20Z,9843c6216661048343a0e49cf3d8aa2883cf77f452666a1c873a1052,60.16448,24.97323,0000000053c6c2be,29.32
9117,2019-08-04T12:41:20Z,a23b63dc2df72ba829ea2eabba05dafe724027d59a8f6babf791c1b8,60.16075,24.95883,00000000f1124bca,23.56
9118,2019-08-04T12:41:20Z,acd2647d413f41552b31b6e383da445c8902bc2a764d2b7791a7b164,60.16762,24.95415,000000006b44cce7,14.89
9119,2019-08-04T12:41:20Z,af807b67ce09a2ce1744025c421961213f1608ca658ece4df69555a1,60.16762,24.95415,000000006b44cce7,14.89
9120,2019-08-04T12:41:20Z,b5fd6b317890e5ab2d79e2cd1abe61626d45a753c7337d0d40728898,60.16762,24.95415,000000006b44cce7,9.12
9121,2019-08-04T12:41:20Z,bb98768dad0f7c52cf643f035a3e7e48f5cfe28557c66f2a75914b31,60.14699,24.922,00000000a53ed894,11.7
9122,2019-08-04T12:41:20Z,be41ebc5fb0d348fc1ef1166d44251c3112a78a4ea01aa980364ee7c,60.14699,24.922,00000000a53ed894,14.89
9123,2019-08-04T12:41:20Z,c97eb4181394121907d47b908495f54e5ee5145ff790f7a1dc21b3cf,60.16897,24.95222,00000000aa852af1,18.79
9124,2019-08-04T12:41:20Z,cf05623e4d87ce0906c0b0b7dbf53aacc1228016cd27c341228b6e76,60.18203,24.91341,00000000342570c2,21.87
9125,2019-08-04T12:41:20Z,cfc0bedb78ded52749db3188cb188bf6a250ef5990da9c5afa9623fc,60.14951,24.92138,0000000006dd41f6,17.4
9126,2019-08-04T12:41:20Z,d0a50f3001c258a38880550f6c0835fcaa85f0a6d36687dc5de98f3b,60.16629,24.95957,00000000fb7600be,23.56
9127,2019-08-04T12:41:20Z,dcaa88e5d510f572877286b8ba0663428b2d71a50b6630460009c779,60.14947,24.91438,000000004ef3150d,11.7
9128,2019-08-04T12:41:20Z,dcb7e8bb90af70568c12a902d706c70e1ac1213e31ba074756f0a27a,60.1538,24.95595,0000000038bf9618,44.58
9129,2019-08-04T12:41:20Z,ded49640b591e73bff71f84fb99d2739eb6c9554164a015017725e03,60.16829,24.94214,00000000afef4555,14.89
9130,2019-08-04T12:41:20Z,e8690c2d1711bc10f2d1251a3b5b1e770b98c66c384760400c604de1,60.16829,24.94214,00000000afef4555,20.28
9131,2019-08-04T12:41:20Z,e8e366e76c97944e23c0f80b4fd3ce6e5832744922297146a49f0c7e,60.16762,24.95415,000000006b44cce7,8.38
9132,2019-08-04T12:41:20Z,e96bd269a48b822b06141c3362fcb6d5ed4d0d09a120f2e4a712d5c2,60.16897,24.95222,00000000aa852af1,12.69
9133,2019-08-04T12:41:20Z,ed70dda6b7faebd4340dacdb452ab224d9d3c308df417b7fa76f54e8,60.14951,24.92138,0000000006dd41f6,21.87
9134,2019-08-04T12:41:20Z,eee5797db5c3753514933a12e2485caee4ee5803b4d830ba1c22e5c5,60.14947,24.91438,000000004ef3150d,11.7
9135,2019-08-04T12:41:20Z,f088630d7476dae7d4b7e2bb1f10575f2c89acb4b6e061f3d57c2b40,60.16531,24.9442,00000000fdda10fe,27.28
9136,2019-08-04T12:41:20Z,f29ea15113ac0eea0be8ec41c633909de4b0b9ab6c7b9898b128080c,60.16897,24.95222,00000000aa852af1,16.1
9137,2019-08-04T12:41:20Z,f4dcf05c12f8c219fceb5039fe90df777204f62c6fdc06c6915a4b3c,60.18203,24.91341,00000000342570c2,21.87
9138,2019-08-04T12:41:20Z,f6609ab1076b1105bb845595a03b41b8fbb282f79c337df5bbc9f841,60.14699,24.922,00000000a53ed894,25.36
9139,2019-08-04T12:41:20Z,fc4f3a44235f1cfc7b53f14ba2da599976a5a0a220d23b852688e485,60.17919,24.95181,000000007b5207b6,25.36
9140,2019-08-04T12:41:20Z,0098cb09dc2f9a7fabe34f58f376e8346a6c8fe5fe61afab6dde5968,60.16897,24.95222,00000000aa852af1,14.89
9141,2019-08-04T12:41:20Z,009ad4cd2bd97e04da44cc9789e6bdbdb899eded61d05b7d5634b7be,60.16829,24.94214,00000000afef4555,7.69
9142,2019-08-04T12:41:20Z,00a07b1f8113691d8475c54082a14cdd54decf9845a90e75df8031a6,60.17065,24.93641,000000000f4919c9,27.28
9143,2019-08-04T12:41:20Z,00b07030d00cc5582c0f1be7d73fb09e34f4018445ce11d9da8da813,60.16762,24.95415,000000006b44cce7,14.89
9144,2019-08-04T12:41:20Z,032e5d7621738a50c9e742e0cba13c819f7c67cedf8687f3ab25595c,60.16762,24.95415,000000006b44cce7,16.1
9145,2019-08-04T12:41:20Z,036c183505fea646b54aeb0c612913cafba94eca65e47d3c6d840a68,60.17919,24.95181,000000007b5207b6,20.28
9146,2019-08-04T12:41:20Z,038e7f3d1d9babcdb48b63ff8e3e1ac732b3c29f665dc7d9a1819abc,60.14699,24.922,00000000a53ed894,18.79
9147,2019-08-04T12:41:20Z,0413805762399525f916572e0de4852c934500b4a8465ac67a535d41,60.16762,24.95415,000000006b44cce7,18.79
9148,2019-08-04T12:41:20Z,04f35922a81b516e7028f61c6ff34faf6da85df0a5cfcefb6df1861f,60.149,24.9843,00000000fffb8cf0,20.28
9149,2019-08-04T12:41:20Z,05d441c83d2df822feaf93d7861452db7a201f22d84cfa36f421dfd2,60.16544,24.95398,0000000038d83d41,17.4
9150,2019-08-04T12:41:20Z,0851ab74be2e888decf0046825f09ed302f7b2275e72b09b5b713d85,60.16829,24.94214,00000000afef4555,21.87
9151,2019-08-04T12:41:20Z,0947f9d6bb6c34e382e008052b704b6521ac4f7678a2e8a719bb574b,60.15432,24.9211,0000000019fb59c4,23.56
9152,2019-08-04T12:41:20Z,0a0acb70a8ef92be52a64d4425e70bb2f7a17d13942c3382c9d68878,60.149,24.9843,00000000fffb8cf0,2.3
9153,2019-08-04T12:41:20Z,0a5ed50daf13dd10744537aa851ac7ab1d34d9797ec6ab6e2402aebb,60.16762,24.95415,000000006b44cce7,3.09
9154,2019-08-04T12:41:20Z,0a862920946d7a0dcbee7c1cf28a7b77c57763261788dbd361ed6409,60.14699,24.922,00000000a53ed894,12.69
9155,2019-08-04T12:41:20Z,0a8eb41acf097f79d7e145d7a002bbaa9f5017b44076ad66b2dbe053,60.16762,24.95415,000000006b44cce7,10.78
9156,2019-08-04T12:41:20Z,0aabf0df4c3c5b45bb8950c92dbe624985f19e8650ed61f92571a65a,60.14699,24.922,00000000a53ed894,13.75
9157,2019-08-04T12:41:20Z,0acb4bd7319729fea4acf035921d1136d86a307a60b4444669cede1a,60.14699,24.922,00000000a53ed894,4.5
9158,2019-08-04T12:41:20Z,0b0dd9af9d52c68ff71ce266d6707abbb0f56c3c63be0f83f7b5df9b,60.16762,24.95415,000000006b44cce7,7.69
9159,2019-08-04T12:41:20Z,0c905239b8c0e14cba671cf4d4d715d1045a30ee62a6285fb489dbb0,60.16829,24.94214,00000000afef4555,17.4
9160,2019-08-04T12:41:20Z,0d3525b13d674f1645fdbe6d842fe37b2f416889c5472e9dfcc5445c,60.14947,24.91438,000000004ef3150d,5.41
9161,2019-08-04T12:41:20Z,10a99e791e27975dc1c9d73d3163cabacf3bd7bd05a4f7abf6365426,60.14699,24.922,00000000a53ed894,16.1
9162,2019-08-04T12:41:20Z,10caaea8002e8b3b342b32710efdd7305ff375ca1cdc01411f66b2f6,60.14699,24.922,00000000a53ed894,7.69
9163,2019-08-04T12:41:20Z,119268a2b328b466959e99158efc17d07641daf2eab0785f813707f9,60.16762,24.95415,000000006b44cce7,14.89
9164,2019-08-04T12:41:20Z,120a63917cb5ab619bf9a71328f14020736ee84e75d5b37278748def,60.16897,24.95222,00000000aa852af1,11.7
9165,2019-08-04T12:41:20Z,121345c4cf0d0f18c684c4eb22e496ac6f8fb537ec2f3812f6966b67,60.16762,24.95415,000000006b44cce7,8.38
9166,2019-08-04T12:41:20Z,124cce476184e061b136f481014a2abc7208d30e4e520ffd90c85adb,60.17002,24.94407,000000006b087f40,12.69
9167,2019-08-04T12:41:20Z,12bf044abd7bbc406ad00d85c23d66d7464c84745bdcc47827185b3a,60.16897,24.95222,00000000aa852af1,10.78
9168,2019-08-04T12:41:20Z,13bcedb8c59b26417282929d81844b272c7c5bc295614f531219a8e4,60.14947,24.91438,000000004ef3150d,21.87
9169,2019-08-04T12:41:20Z,13ee67fb034e3d24edc9a9618e9d6de24979ebbcb399f83abb02a897,60.14699,24.922,00000000a53ed894,6.46
9170,2019-08-04T12:41:20Z,1423891c6ee1edc7da83904378a35aef2e5797db95b117651d676934,60.16762,24.95415,000000006b44cce7,5.41
9171,2019-08-04T12:41:20Z,15c8c2ab70ffd0d669483e6b2e0094997b8975af22ae063ece71ce38,60.16762,24.95415,000000006b44cce7,16.1
9172,2019-08-04T12:41:20Z,15ee12e5f9be00a79b0cbbc9912f51cbfa3e486624567e1bde938fb6,60.1538,24.95595,0000000038bf9618,20.28
9173,2019-08-04T12:41:20Z,161aa798c2a18e132fb27ecded773218ea4e42eabbd0e5794b1d7017,60.15432,24.9211,0000000019fb59c4,17.4
9174,2019-08-04T12:41:20Z,1769031b7f4d75de0541e26427b9ecc92c84b80992e3b36bb8eb799e,60.16829,24.94214,00000000afef4555,9.12
9175,2019-08-04T12:41:20Z,1882b53729765cca25bc63400074242872d6fbc57882f131285b277f,60.16829,24.94214,00000000afef4555,17.4
9176,2019-08-04T12:41:20Z,194e6ced97ec114a37fe06d6d73fb687c057d411be476f1ea6f4852e,60.16897,24.95222,00000000aa852af1,17.4
9177,2019-08-04T12:41:20Z,1a93dfa31156cee53b4bd527d8b74655a5da812b6933d8a86d871e47,60.14947,24.91438,000000004ef3150d,9.92
9178,2019-08-04T12:41:20Z,1aacd77e1fdbe1544cf1ab29a00642d77ce4a075e388e8a2108aa39b,60.16829,24.94214,00000000afef4555,23.56
9179,2019-08-04T12:41:20Z,1ad0b84716a79851fa8db7a993012f0c8e496d6cba9d028a546285a2,60.16897,24.95222,00000000aa852af1,18.79
9180,2019-08-04T12:41:20Z,1b3fba902b8d1538b508cdc228fd15fdd87f5aecb68e5611b1a4e354,60.16762,24.95415,000000006b44cce7,3.4
9181,2019-08-04T12:41:20Z,1bcef866fafad7c7460a084e0b0d27c087b549f4ae704390708be47e,60.149,24.9843,00000000fffb8cf0,18.79
9182,2019-08-04T12:41:20Z,1bf54c1e78a260db15066420940a08490ba26b0b04954e8ccae2180e,60.16629,24.95957,00000000fb7600be,29.32
9183,2019-08-04T12:41:20Z,1c669457535e4635f732c228ec524f9d2c440b0d2132fa1acd93122a,60.16897,24.95222,00000000aa852af1,16.1
9184,2019-08-04T12:41:20Z,1c7ccd5d6570d98e57ef2ebbd716b7504b138f9bb616fbeaa0d1a268,60.14699,24.922,00000000a53ed894,9.92
9185,2019-08-04T12:41:20Z,1d5ec0c8a45043d2e6c60624e8d5aa2d56ec6381f625060179621bc4,60.16762,24.95415,000000006b44cce7,17.4
9186,2019-08-04T12:41:20Z,1da9fb02cdaf83aaec10b8afcd493066d6983a433494752f06710414,60.17002,24.94407,000000006b087f40,20.28
9187,2019-08-04T12:41:20Z,1dacfb371d75dd4f90f447aac2a00faad98beb4188a6971c19eb2375,60.16629,24.95957,00000000fb7600be,23.56
9188,2019-08-04T12:41:20Z,1dcb5d78c4ed02c596144501da43e29defedf2db734c34c36c9bacbd,60.16762,24.95415,000000006b44cce7,21.87
9189,2019-08-04T12:41:20Z,1e24a2120b13c780dbb3a67a73f5058d1847f126fd5f5952e6dddcd3,60.16075,24.95883,00000000f1124bca,18.79
9190,2019-08-04T12:41:20Z,1ec58e626d2335aeeaa7c7d8f715d4334274dbd43448fb62c3901ef6,60.16829,24.94214,00000000afef4555,8.38
9191,2019-08-04T12:41:20Z,1f74037ecab4dbdc5db1a8dc8b583a86630f86a5f2d0a5167b7fa605,60.18203,24.91341,00000000342570c2,14.89
9192,2019-08-04T12:41:20Z,1f81ed7274add201d3059d4a37e2bbe86b6ae1f0fd42a16d7b8dccaa,60.14699,24.922,00000000a53ed894,7.05
9193,2019-08-04T12:41:20Z,203a0c145a43c9a18f8c2a5ba4e18882e7430662bb4ac0e56ab37578,60.17065,24.93641,000000000f4919c9,10.78
9194,2019-08-04T12:41:20Z,21bdc11bb63fb48c9d4b5308540ee5df579c9a385001a10fceeeedf3,60.14699,24.922,00000000a53ed894,12.69
9195,2019-08-04T12:41:20Z,21eed3ade733687b8f56fade8290819b7c6b4a9f38468979fe692c3e,60.16762,24.95415,000000006b44cce7,5.91
9196,2019-08-04T12:41:20Z,2204ba387d2db0e7d2ca03f7ace46abff8d141668b73c75a1879d7ba,60.14947,24.91438,000000004ef3150d,11.7
9197,2019-08-04T12:41:20Z,2271cbccbcce28d3d0757d9a964f67df1a523b81d97355dc543dd848,60.16897,24.95222,00000000aa852af1,16.1
9198,2019-08-04T12:41:20Z,22fe9a06fba1036e8eafd726bc450095b1893be067f475e1882bb704,60.14699,24.922,00000000a53ed894,18.79
9199,2019-08-04T12:41:20Z,231026899a6d5b326cb5b1e38b182ca1acb77c7e27bc2378973b29db,60.16629,24.95957,00000000fb7600be,23.56
9200,2019-08-04T12:41:20Z,23337c2812924a07e4f0bbc92e56d1f85ea40208b6b987f4afc686cf,60.16897,24.95222,00000000aa852af1,18.79
9201,2019-08-04T12:41:20Z,244b51aa4a7059ba782925258111c295aa4de9596025c55ccd5580ac,60.16829,24.94214,00000000afef4555,9.92
9202,2019-08-04T12:41:20Z,250f7cf6c6d1296e84c45fb8621a0704eb5243471980b5187dc40cdd,60.14699,24.922,00000000a53ed894,14.89
9203,2019-08-04T12:41:20Z,257206d3f59df5c426a9c735f4741cba6d792de1cbafe62289d383d7,60.16897,24.95222,00000000aa852af1,21.87
9204,2019-08-04T12:41:20Z,2607d1b2fc6e31a80348fffbed68a7d3a8e0212f197f2d1c573c587b,60.14947,24.91438,000000004ef3150d,1.88
9205,2019-08-04T12:41:20Z,267b66cc2e81a226d253a8f3228a4b45e1fabb634bba60fd0cc21a8d,60.14699,24.922,00000000a53ed894,27.28
9206,2019-08-04T12:41:20Z,269124e75b1e74a7c7dc93b778e02f04d0a53e069a90081c0938ee4c,60.14699,24.922,00000000a53ed894,16.1
9207,2019-08-04T12:41:20Z,28d2c3282e9f8fec67baec7992dcd800c45b67071e33cb118905a6b3,60.16829,24.94214,00000000afef4555,1.01
9208,2019-08-04T12:41:20Z,2969cdb120f2d285c556abfe5bac2f8090571f61aba227a474a534d2,60.17065,24.93641,000000000f4919c9,10.78
9209,2019-08-04T12:41:20Z,29a1ee6c0907a00ec6b6dcbb187f5c31d1a11b261aabd339210ee013,60.16897,24.95222,00000000aa852af1,9.12
9210,2019-08-04T12:41:20Z,2e86f9a432e00fa6ff5b8744ffecbe22a02b4316779bc8b4078af2e2,60.149,24.9843,00000000fffb8cf0,29.32
9211,2019-08-04T12:41:20Z,2ee2e108ed9051b1ccf4d3ee89931dfd53170af0b558fa6579b83e8d,60.15432,24.9211,0000000019fb59c4,11.7
9212,2019-08-04T12:41:20Z,2f08dbfbbe5577f04ea9826f72d5452ddf5fd9bb892769382ea5a4ca,60.16762,24.95415,000000006b44cce7,5.91
9213,2019-08-04T12:41:20Z,32708990f2c831e65f70f2682baf5188fc93348b9a9e78ada8db2bf4,60.14947,24.91438,000000004ef3150d,4.5
9214,2019-08-04T12:41:20Z,32f77f5019e5fce30881c214487361e2e34b8c93277f6e546de72012,60.1638,24.96846,00000000d747f075,33.81
9215,2019-08-04T12:41:20Z,33634cb1e3fc5d4a621e8717d203da8533ed27531a70c6cbe3abf3fa,60.16762,24.95415,000000006b44cce7,1.88
9216,2019-08-04T12:41:20Z,33ec502792a84f23fed03cf16e483d153c65e2850a2549f47034726a,60.16762,24.95415,000000006b44cce7,2.8
9217,2019-08-04T12:41:20Z,3459042c03cbb672a039f7f14a6b99b84f839b0598f9e48bf4dd95f5,60.14699,24.922,00000000a53ed894,17.4
9218,2019-08-04T12:41:20Z,349dd839e41cff363cc4b935496e52b93be15233e508aa82987859bd,60.16075,24.95883,00000000f1124bca,20.28
9219,2019-08-04T12:41:20Z,34f282042837e6b8407c31fd6c880bdbb7071c56d76c4b6e5ba78819,60.14947,24.91438,000000004ef3150d,13.75
9220,2019-08-04T12:41:20Z,34fddf0f4ea194b9720451d11a9de76225577536681d4f4b0a00b860,60.16829,24.94214,00000000afef4555,14.89
9221,2019-08-04T12:41:20Z,352427714fc6e8591df6bd227dde05d3b7ba0881742eee4ae750dcc4,60.15432,24.9211,0000000019fb59c4,18.79
9222,2019-08-04T12:41:20Z,358d7986d5bf2a0624fb1412a157b3c7b12f90653457e15a76bbdf50,60.16629,24.95957,00000000fb7600be,9.92
9223,2019-08-04T12:41:20Z,35a958343879c000cfc3f0c01afbc7d54934265828677bf4aefef84f,60.14699,24.922,00000000a53ed894,9.92
9224,2019-08-04T12:41:20Z,35e6e075578d7a51e510bf8904bde33f1d117264eea0917db98d4808,60.16897,24.95222,00000000aa852af1,7.05
9225,2019-08-04T12:41:20Z,36f876050503d244f74f3cbadcef716904eb2b245190d474b0cfa794,60.16762,24.95415,000000006b44cce7,3.74
9226,2019-08-04T12:41:20Z,3721331dbb97151d17938ed835ffc7208eba26fba6100c62870a3a4f,60.14947,24.91438,000000004ef3150d,3.4
9227,2019-08-04T12:41:20Z,37945fa4e7409fab98aa8bde45081f5bd083def0059485274ad552c0,60.17919,24.95181,000000007b5207b6,18.79
9228,2019-08-04T12:41:20Z,39310ebca1ad756aa2bfcb16c912cb7003ef3e7286a1f037603ade61,60.14699,24.922,00000000a53ed894,7.05
9229,2019-08-04T12:41:20Z,39384affce73de5534e6b28e6757781ad6130ef205ee585f3c64b58e,60.14951,24.92138,0000000006dd41f6,25.36
9230,2019-08-04T12:41:20Z,393a579e1c8efb19861f555f12040feeac853f37a2451116693e77aa,60.14699,24.922,00000000a53ed894,20.28
9231,2019-08-04T12:41:20Z,39f03a3a5fd777feee270921a7f51daec12ea679b542b0aaf2e808d7,60.149,24.9843,00000000fffb8cf0,23.56
9232,2019-08-04T12:41:20Z,3a6ce73ea4c03a14fc0d3d099e4698d3c1051a2e8e4bd552d5de394d,60.14947,24.91438,000000004ef3150d,10.78
9233,2019-08-04T12:41:20Z,3abc507346480858d62b69d6e29c3b0700ac193520668e17a4ce7cbb,60.16762,24.95415,000000006b44cce7,17.4
9234,2019-08-04T12:41:20Z,3be48824225ca9f2aea5653f6ce21181a76e67a8d4b8361f0cba1f8a,60.14947,24.91438,000000004ef3150d,4.94
9235,2019-08-04T12:41:20Z,3c21ef81eb62764c543cc53a1eb793a317f3443dd4838799b2dbd6ff,60.16629,24.95957,00000000fb7600be,23.56
9236,2019-08-04T12:41:20Z,3e4965f1ed580ddf80246b1b78cbc55b73c11d67573d9cede2a7ccf7,60.16829,24.94214,00000000afef4555,20.28
9237,2019-08-04T12:41:20Z,3ec0a34310840b3aa1aa32a3f2bffbe426e91a242dc6eb5c1e86bba7,60.16448,24.97323,0000000053c6c2be,27.28
9238,2019-08-04T12:41:20Z,3f395809cdaaaa1688c7d1cc770079bbf7ef1349e148bec5c8eacd57,60.16762,24.95415,000000006b44cce7,12.69
9239,2019-08-04T12:41:20Z,3ffe89aa6ab1e57883e21fa8f15969f46a5f487bccb2b993eadb3cfb,60.14699,24.922,00000000a53ed894,7.69
9240,2019-08-04T12:41:20Z,409be16c4d34b9e76ac22ea0e8e282da3e9d169fe77ff5ea52a72883,60.14699,24.922,00000000a53ed894,18.79
9241,2019-08-04T12:41:20Z,4157eed3f2574f5f9b1f7c3ccc1c36e181e82585ec5d491a1aedc6c9,60.16762,24.95415,000000006b44cce7,11.7
9242,2019-08-04T12:41:20Z,42052b48fa907a3f9ad0a511096b057331f7a11a1be046a63fb9629e,60.14699,24.922,00000000a53ed894,13.75
9243,2019-08-04T12:41:20Z,42168beaa0acd47be6bf8e4209edb348c9d27b18517c7420d454a24f,60.17065,24.93641,000000000f4919c9,20.28
9244,2019-08-04T12:41:20Z,427f20895f2d0aec0392fd0be9f66c4cd45200a3d32b5b9d52ea0dc2,60.15432,24.9211,0000000019fb59c4,29.32
9245,2019-08-04T12:41:20Z,429295e322e9f143f79e9a6340e4974858aa9aa2f5ed6e8512dd00cd,60.14699,24.922,00000000a53ed894,23.56
9246,2019-08-04T12:41:20Z,42d4eb6044091814f327d0b01dc9ae701506417af1a8ab7f4161650d,60.14951,24.92138,0000000006dd41f6,16.1
9247,2019-08-04T12:41:20Z,42da4298ed9f522421f17714e024d9b8fe22e7546df3deeb8b139bd3,60.16075,24.95883,00000000f1124bca,4.94
9248,2019-08-04T12:41:20Z,431375be6b9405ef55878f3aa0bb5dd6a35db8ba650a2bce05081c49,60.14947,24.91438,000000004ef3150d,9.92
9249,2019-08-04T12:41:20Z,4533d27e96c5c6637ddff4243672d658fea4004970652882357105a9,60.14699,24.922,00000000a53ed894,9.92
9250,2019-08-04T12:41:20Z,457d11209b95b153efb57d8f2641f2db0823e91a0d608fa0555a5b69,60.14699,24.922,00000000a53ed894,11.7
9251,2019-08-04T12:41:20Z,4602ff9d03f6bf4fbb82976098cc1c73e7a7e754050401c772d1406e,60.14947,24.91438,000000004ef3150d,13.75
9252,2019-08-04T12:41:20Z,47b8aba771bed6ec3a7d57932c44fe859bcf6300054b3acc9d885105,60.14947,24.91438,000000004ef3150d,10.78
9253,2019-08-04T12:41:20Z,47cde44e4ddbf6c70162fa882eee962e7c3e2a037b650294ec46568f,60.14947,24.91438,000000004ef3150d,14.89
9254,2019-08-04T12:41:20Z,485500f74e8398df6fa143c6f1e9e4e4c1acefd7d7941804739cb4fb,60.16829,24.94214,00000000afef4555,7.05
9255,2019-08-04T12:41:20Z,48f665ebb1a71b0d84fc02bd71918c5ab5608328db534639cbd2a255,60.14947,24.91438,000000004ef3150d,5.91
9256,2019-08-04T12:41:20Z,4926fec57d2640e18cb9d46deb64eba0255ca71b93116f4ae21e4288,60.16829,24.94214,00000000afef4555,14.89
9257,2019-08-04T12:41:20Z,4aab3d246b3941725b9ab7a233abeb820c2b9e6a88198be560c418ff,60.16762,24.95415,000000006b44cce7,18.79
9258,2019-08-04T12:41:20Z,4aff8c41b8c3f924b9b765007cf6f0f148e9fdc4dfad6299b17f6f71,60.16762,24.95415,000000006b44cce7,12.69
9259,2019-08-04T12:41:20Z,4b1050cc517631e36206d3528399c0b14748daec8c7d1b5dfa412299,60.15432,24.9211,0000000019fb59c4,5.41
9260,2019-08-04T12:41:20Z,4b85388cdaec2b4c15b546160ee326d9668a5e5d3c7b08d0c539946e,60.17919,24.95181,000000007b5207b6,10.78
9261,2019-08-04T12:41:20Z,4bf75585466f0aafa2ed2956fe4b0f7235b4ba3a0606a52219b3156c,60.14699,24.922,00000000a53ed894,8.38
9262,2019-08-04T12:41:20Z,4cadc8cc23fd84febb6a8383030a34c97b3388a8c9ed7a64cc0f51a6,60.14947,24.91438,000000004ef3150d,23.56
9263,2019-08-04T12:41:20Z,4ebdb6165c5d4892cdc21711313b98b1545bececfb886192c6f0ef22,60.16762,24.95415,000000006b44cce7,10.78
9264,2019-08-04T12:41:20Z,4efc969b8b738c051c221bf9d7829089b44cec23dd378fd86e7fb8be,60.173,24.92524,0000000096918cfa,17.4
9265,2019-08-04T12:41:20Z,4f387b8eb5373361960a83c899f3753098c010a7b841c2bd861bfc91,60.16629,24.95957,00000000fb7600be,25.36
9266,2019-08-04T12:41:20Z,4f4940c5c77737c5b8f2fbd5a1b65886ea5f6e0e4fcd50447e11ce21,60.16075,24.95883,00000000f1124bca,16.1
9267,2019-08-04T12:41:20Z,50e21d119f102cee2afe3ac7f1a32032527638769b05aca582d6ecb1,60.16762,24.95415,000000006b44cce7,9.12
9268,2019-08-04T12:41:20Z,514a3981fad6c695ac4940f09374b5d1c2e84d2ca835084ef8707714,60.16075,24.95883,00000000f1124bca,6.46
9269,2019-08-04T12:41:20Z,51b3c7870a399165f0d1d14f7d21688df32b0360f9cc6f3ca61890d8,60.16829,24.94214,00000000afef4555,5.91
9270,2019-08-04T12:41:20Z,52072bd384eaaf4a6958af5510ed039d194dee47f34667bc7bccbe0e,60.14699,24.922,00000000a53ed894,13.75
9271,2019-08-04T12:41:20Z,5263c8fd413ee308494f18228802330e278acc648b425bb454951db5,60.16075,24.95883,00000000f1124bca,10.78
9272,2019-08-04T12:41:20Z,52939581c6c8dd3407dbf44ea9e90471e4bbadfb7e3740a0ba8324f3,60.14699,24.922,00000000a53ed894,5.41
9273,2019-08-04T12:41:20Z,52f0e69ca7a5cebe604c1f32308dc7f8870d1d85cd4b25ad17f706e9,60.14699,24.922,00000000a53ed894,7.69
9274,2019-08-04T12:41:20Z,5333821b3f0bf89f464a2b68fbf87c0cbd4f7f5c77b8d7583e73196b,60.17002,24.94407,000000006b087f40,20.28
9275,2019-08-04T12:41:20Z,53f1f84f2f1f0ea7eb59dd269d86fae99cc25ee089a48f249de1aaec,60.16897,24.95222,00000000aa852af1,17.4
9276,2019-08-04T12:41:20Z,552e7d20be831c5ebfa503ba78ed542d6ece4ecad264308d5dc37a31,60.14699,24.922,00000000a53ed894,13.75
9277,2019-08-04T12:41:20Z,5554305bad43a71cf98d83e92708c7474c1efc189392c1ea94231e9c,60.16531,24.9442,00000000fdda10fe,3.74
9278,2019-08-04T12:41:20Z,560205233dc9b13886248fb6e54ee21dc3b287080072641e01e08dac,60.16075,24.95883,00000000f1124bca,27.28
9279,2019-08-04T12:41:20Z,56b8eace741e5227a40ea0a64601a737648080c63d6240b0dca632c4,60.16075,24.95883,00000000f1124bca,9.92
9280,2019-08-04T12:41:20Z,570dc61d53aec66ede39dfde66339640878453afc00cd1a55c60bca7,60.16544,24.95398,0000000038d83d41,12.69
9281,2019-08-04T12:41:20Z,571934189bf349efb6f596e76c21612cf9b82ed44913090169936048,60.17065,24.93641,000000000f4919c9,14.89
9282,2019-08-04T12:41:20Z,57bb8beeec6904b9a5cfe83c4ff9a80e63157780137f03de2a4152d3,60.16762,24.95415,000000006b44cce7,11.7
9283,2019-08-04T12:41:20Z,57f88614f91a133004ac1a6dea31a4090f899646a5f62ece691d87af,60.16762,24.95415,000000006b44cce7,7.69
9284,2019-08-04T12:41:20Z,583a35aa08fe45f96deb91a9f4b9317e86eddeee0d636cc11b3e2df8,60.16762,24.95415,000000006b44cce7,14.89
9285,2019-08-04T12:41:20Z,58411163d307bb308f9c94a9720e9ce5ab0ce4f5617cd2b1fcc2037a,60.16762,24.95415,000000006b44cce7,9.12
9286,2019-08-04T12:41:20Z,59b01cbdec8ff06fa6d50bac00c3f5f4c45132fc8a62800c08df5d6a,60.16629,24.95957,00000000fb7600be,18.79
9287,2019-08-04T12:41:20Z,5b102c62b98f29bd801e4dd0e9ddbc113db3faa38d59990b9ba5e9ec,60.173,24.92524,0000000096918cfa,33.81
9288,2019-08-04T12:41:20Z,5c160268bc9b4b619181ce421d9e58c258e6b59a342945fc29f0004b,60.14947,24.91438,000000004ef3150d,11.7
9289,2019-08-04T12:41:20Z,5cd5117066c75a1cb83d3896a7eba3f3472e133f0013ea7d4e95daaa,60.14699,24.922,00000000a53ed894,3.74
9290,2019-08-04T12:41:20Z,5d70086d53447ee393249cef33c7bae814c1d7c2e3055fc91b38786c,60.17918,24.95141,00000000675d5200,3.74
9291,2019-08-04T12:41:20Z,5e44b2770fcd3ab47bae5954df365187d2183088b73b895edc47dcd8,60.14699,24.922,00000000a53ed894,9.12
9292,2019-08-04T12:41:20Z,5e53be1d47b3cceeb6ea9406c75327379c8ee8abc68da605b7758e85,60.14947,24.91438,000000004ef3150d,23.56
9293,2019-08-04T12:41:20Z,5e7916ca910b02abf2d19906759663c23db63950a353fa546f55c8af,60.14699,24.922,00000000a53ed894,7.69
9294,2019-08-04T12:41:20Z,5ea49ba4de68e03664ec3a87f5de32434d7136b4f8323f022ff9df5b,60.16829,24.94214,00000000afef4555,7.69
9295,2019-08-04T12:41:20Z,5f3a358ea7ec56dfb2271af72ef34416785e497a3653bfb75ef822c3,60.16829,24.94214,00000000afef4555,33.81
9296,2019-08-04T12:41:20Z,60d5c11436b72dd4eb673f606bddc3f8f36675342cba015b9297155f,60.16448,24.97323,0000000053c6c2be,23.56
9297,2019-08-04T12:41:20Z,60d9b71ec38b796bf876dedfaf3112b49ff79677480c7603902857ae,60.14947,24.91438,000000004ef3150d,9.12
9298,2019-08-04T12:41:20Z,614ab7fba7255f6bf6f888e9a04d589962f756b3f427e658f10014f2,60.16075,24.95883,00000000f1124bca,9.12
9299,2019-08-04T12:41:20Z,62a6fe2d9b3b5b4533c51253f8842428bd797b3c6a95a7816ec472ed,60.14947,24.91438,000000004ef3150d,9.12
9300,2019-08-04T12:41:20Z,634257ded5cc6c04eb832d437b55777b10829352768dadef19d3f64c,60.15432,24.9211,0000000019fb59c4,23.56
9301,2019-08-04T12:41:20Z,63defb71d4c3856253a0a2d67a5c370b91ad0527703b334a63fe5344,60.14947,24.91438,000000004ef3150d,12.69
9302,2019-08-04T12:41:20Z,641e8defb97171d160f062c4bc3e9d06346f10d5246e6aeac935e1a9,60.16897,24.95222,00000000aa852af1,29.32
9303,2019-08-04T12:41:20Z,643ef3f01a51bea3c4510d4060a945cd510e5189236d68f5c9489034,60.16829,24.94214,00000000afef4555,1.88
9304,2019-08-04T12:41:20Z,64638a9f9e6c9b32fc4b484b55e4934fcab6cb04605cc76d5f5534b7,60.17065,24.93641,000000000f4919c9,13.75
9305,2019-08-04T12:41:20Z,64a729ec91fd698f4aa9dfe964cf3b0b10d5b6c9d7cefd1ee861d35e,60.16897,24.95222,00000000aa852af1,25.36
9306,2019-08-04T12:41:20Z,64d86288e491374eed34c68c82763c2e5dbc87113cf5ca44f23233ba,60.16829,24.94214,00000000afef4555,13.75
9307,2019-08-04T12:41:20Z,64e34af775b57908b23056a31d60ef3b005941f2e7c3db0c49df675d,60.17065,24.93641,000000000f4919c9,16.1
9308,2019-08-04T12:41:20Z,6503762f2cac51cc2b74da1efa6b16583ed11c9a528d7716b7829c0b,60.16829,24.94214,00000000afef4555,14.89
9309,2019-08-04T12:41:20Z,6516a10850095847a8156717b0fba05a9bdc9b5bfedd691ddb07f119,60.14699,24.922,00000000a53ed894,7.05
9310,2019-08-04T12:41:20Z,6525cc634176c25187e68e0d067bcfecfd78e399e93db4ee9d408b7e,60.17918,24.95141,00000000675d5200,14.89
9311,2019-08-04T12:41:20Z,655204cb507ea9ae811105cdcd766161facaa9f729017a333f102391,60.149,24.9843,00000000fffb8cf0,9.92
9312,2019-08-04T12:41:20Z,65a5f0d3b8506f1c6e2e644cdfbec8505edd87af06914a125ac32d29,60.16762,24.95415,000000006b44cce7,29.32
9313,2019-08-04T12:41:20Z,65de3b8621fadfc61e9d3657dc477ea9867f9d093f80cf0857dcad88,60.16762,24.95415,000000006b44cce7,14.89
9314,2019-08-04T12:41:20Z,6723bebaab92d1a9f8b4318fd4f497a6dec6d7f8e0eafca443925213,60.16075,24.95883,00000000f1124bca,9.92
9315,2019-08-04T12:41:20Z,67591d427f60ba3c369ac0d78088fca7be33081501508d16401dd6cb,60.16762,24.95415,000000006b44cce7,2.8
9316,2019-08-04T12:41:20Z,6774ed72eaf69d7c4aaeeef90990f969954155bbcc52652e75e7deef,60.16829,24.94214,00000000afef4555,7.05
9317,2019-08-04T12:41:20Z,677c53ae4056d6cb123ca576ba5284664b1c7e3e88818bd19b5dd99a,60.17918,24.95141,00000000675d5200,16.1
9318,2019-08-04T12:41:20Z,6875e3632a29207e29ded33617e66d55de5d8c7804fecedd6f1dfe12,60.14699,24.922,00000000a53ed894,4.11
9319,2019-08-04T12:41:20Z,69375ef968867906fc11b34d1e2c4b436d452cd47cb577a7f9e566ef,60.16762,24.95415,000000006b44cce7,9.12
9320,2019-08-04T12:41:20Z,698b200b63a644828a7314691a16af2af1bccef75d52abb5591a5542,60.14699,24.922,00000000a53ed894,4.5
9321,2019-08-04T12:41:20Z,6b0a82291c959c69fdc5d4aa8e51e7db895cb2b8ff403b6d988a8b7d,60.16829,24.94214,00000000afef4555,23.56
9322,2019-08-04T12:41:20Z,6b6668d7ebecfb96a6ed3ca19e97f8da150943ddf1d034675d08a9b8,60.14699,24.922,00000000a53ed894,17.4
9323,2019-08-04T12:41:20Z,6b922b30e2b3f7cf0c62b058d582cf58c21d324ade2b0eb3e53178db,60.17918,24.95141,00000000675d5200,27.28
9324,2019-08-04T12:41:20Z,6b97071051ccf5db7e5ebee033d4f68d58ed6917ff2fac5b205a6605,60.17065,24.93641,000000000f4919c9,12.69
9325,2019-08-04T12:41:20Z,6f3dd17e40daabb4efe868f1b859dc00ecc01846f0a0e2b8db5d1413,60.17919,24.95181,000000007b5207b6,7.69
9326,2019-08-04T12:41:20Z,6fec2e12fc88db6bcc4eb2c81bcfb171de0094ca788c72192002e939,60.15432,24.9211,0000000019fb59c4,27.28
9327,2019-08-04T12:41:20Z,6ff93560ca77c6e5a25bc7441cf33cf7fa0138b3da4d99b2dbf5531b,60.14947,24.91438,000000004ef3150d,16.1
9328,2019-08-04T12:41:20Z,70c56152af84cf1bad4d19b0cb31202232b4cd4320ce5ea48895e42b,60.14947,24.91438,000000004ef3150d,9.12
9329,2019-08-04T12:41:20Z,72e4de5ded503a6b09635fc51a720ce504c9e77552bc2ffae8d6cae3,60.14699,24.922,00000000a53ed894,13.75
9330,2019-08-04T12:41:20Z,732235fff054f4f8fff8775b6c0d4fb0ca0f28c455a6fc86de24d162,60.14699,24.922,00000000a53ed894,17.4
9331,2019-08-04T12:41:20Z,73aa46087286af57e3778006af596aa587686a1db1d4b8708764a520,60.16762,24.95415,000000006b44cce7,13.75
9332,2019-08-04T12:41:20Z,745e52dafbfa395ea41c5fcd0c2717b9091e44d19ab89e03991fdbb7,60.16762,24.95415,000000006b44cce7,11.7
9333,2019-08-04T12:41:20Z,759f94c852ff15ca91c3138913c3858c4801702f8f0514ae82fb2a19,60.16897,24.95222,00000000aa852af1,17.4
9334,2019-08-04T12:41:20Z,7664b7f08aaa059ecf6646a595c33fae0c80715febe63e31f45a4662,60.16762,24.95415,000000006b44cce7,3.09
9335,2019-08-04T12:41:20Z,777cceac7be6303a1c82f7cc68061528b01e3aa1b3aa6481cad9e5e3,60.16075,24.95883,00000000f1124bca,4.5
9336,2019-08-04T12:41:20Z,77a12194b9a6789f4b2b8c07ae7fce3c2b531cb221e5fa7ca5deae55,60.16897,24.95222,00000000aa852af1,17.4
9337,2019-08-04T12:41:20Z,79bb1e615a834d4f653cec7efc45ad5b4bbedf2a83c55b44c586ad0a,60.14947,24.91438,000000004ef3150d,10.78
9338,2019-08-04T12:41:20Z,79bde23c1a8980f93a65e14306f0d8ea89e164430d8b991e2bfee82e,60.16531,24.9442,00000000fdda10fe,14.89
9339,2019-08-04T12:41:20Z,79d26f15a82c94ac5d05e0f2b6a6beeae1f407972ec39665d7ab9535,60.16829,24.94214,00000000afef4555,1.25
9340,2019-08-04T12:41:20Z,7a0c0b525f2d3eed6c873bd3b8d27bede551fe4a428ac15c23deadae,60.16075,24.95883,00000000f1124bca,13.75
9341,2019-08-04T12:41:20Z,7a4a06d20ebe57d94e5fceeaf47d5b56ad9a515818e9c20e21a80e61,60.16629,24.95957,00000000fb7600be,20.28
9342,2019-08-04T12:41:20Z,7a97375000483176c3b37cc0d1744a950d9b322ce3534208fce0b21d,60.14699,24.922,00000000a53ed894,17.4
9343,2019-08-04T12:41:20Z,7ab335e046f7f3597f8f615a90857885e35cfecefebd5d24bbf0af90,60.16075,24.95883,00000000f1124bca,7.05
9344,2019-08-04T12:41:20Z,7ad93fed82e41ea4422fa101badc698b0328c3ebf0f6b73c5164d438,60.16897,24.95222,00000000aa852af1,21.87
9345,2019-08-04T12:41:20Z,7bb67bcf014747e5d826f95c610d36492f31095552417a0864475491,60.14951,24.92138,0000000006dd41f6,18.79
9346,2019-08-04T12:41:20Z,7c745cc00d8f5183e16ac55c510cda4c1e51f957b06629ddd1e9d5a2,60.16897,24.95222,00000000aa852af1,9.92
9347,2019-08-04T12:41:20Z,7d9a3d84c09c3a8d6876389e216e0278048d6b924890fb275a078ffb,60.16531,24.9442,00000000fdda10fe,0.71
9348,2019-08-04T12:41:20Z,7e76449e59f1e3a1a615b54408115353fbb14d815390d03a73b1a7bb,60.14947,24.91438,000000004ef3150d,10.78
9349,2019-08-04T12:41:20Z,7f3c9dd2c7352cb81fb186a7d700841d2bcb47cd8ea0d5f8719b5908,60.16762,24.95415,000000006b44cce7,13.75
9350,2019-08-04T12:41:20Z,7f786ec8e06f1ca3bdd10fc60d0114baf354125b8f6cf796d197f4cc,60.16075,24.95883,00000000f1124bca,3.74
9351,2019-08-04T12:41:20Z,7fe10e69931c2d658099a314f3fce64865329e12a7b834c375e2d5d2,60.14699,24.922,00000000a53ed894,10.78
9352,2019-08-04T12:41:20Z,80aec8656b3422b9e9819007367c799a4e108fee246063f9117203e4,60.1538,24.95595,0000000038bf9618,50.98
9353,2019-08-04T12:41:20Z,80cbcb887f3e351e3bef7c5f53dccc578cc3494feec514aed7015c0d,60.16075,24.95883,00000000f1124bca,4.5
9354,2019-08-04T12:41:20Z,80cc39b04598f971820e63498fd27ae72a12a45a60c220fe625b282a,60.14699,24.922,00000000a53ed894,16.1
9355,2019-08-04T12:41:20Z,82411c6526228322a61f59259f13adf7cde62bd767587b6735867705,60.17919,24.95181,000000007b5207b6,7.69
9356,2019-08-04T12:41:20Z,83121a75723643c48e3c3b0a3ea5fccb532046432ca445833e8de06a,60.16762,24.95415,000000006b44cce7,14.89
9357,2019-08-04T12:41:20Z,848fdb054358a3fca79c0246f01263c92b5b48aee6b9fb6e260d7a0b,60.16829,24.94214,00000000afef4555,23.56
9358,2019-08-04T12:41:20Z,848fe01e24ccc782e5968171f53ea31d28f20a455c45d8bac8fb7374,60.173,24.92524,0000000096918cfa,12.69
9359,2019-08-04T12:41:20Z,849a662d95d4185421aff7c6213ba5d7b84cfc58c9fb30ff34054e4c,60.16075,24.95883,00000000f1124bca,18.79
9360,2019-08-04T12:41:20Z,857f5ab05809fdb94740616b8d6662aa2458c4a6009e6f717f8933fb,60.17002,24.94407,000000006b087f40,18.79
9361,2019-08-04T12:41:20Z,859b417d0b562f5c4ab33c3877c95cd7cbb332db91dcd0f4e7a4f3b6,60.14699,24.922,00000000a53ed894,12.69
9362,2019-08-04T12:41:20Z,87cbb5265cd1cc3213ddb5ed9ed2a599ddb7db0b0747121d649b0ae3,60.16544,24.95398,0000000038d83d41,25.36
9363,2019-08-04T12:41:20Z,885bcc6af7d0aa9718fe1030e32ffff1de5171ae5ef67cf0011874fb,60.14947,24.91438,000000004ef3150d,3.09
9364,2019-08-04T12:41:20Z,8947a5209f3b32173d3dc72792039edf94a2711741ab041b62b30643,60.16762,24.95415,000000006b44cce7,8.38
9365,2019-08-04T12:41:20Z,896f7e896dc6f1ea44b82bf968a988cc10c358ee34821d9d7a4bd07a,60.14947,24.91438,000000004ef3150d,3.4
9366,2019-08-04T12:41:20Z,8a08b2de43a9ef03cf96610718c908e69dcacc59f536a7135b7bb542,60.16629,24.95957,00000000fb7600be,9.12
9367,2019-08-04T12:41:20Z,8b641985c793a3f25a45b2460cb01f5baa6f339c6dd26ba7752d8a7a,60.16897,24.95222,00000000aa852af1,23.56
9368,2019-08-04T12:41:20Z,8ba6cfc17ca70e8304994e018ebd5eb2003177062cde05925d5cacb3,60.173,24.92524,0000000096918cfa,7.69
9369,2019-08-04T12:41:20Z,8bbf5422247a0a6be314130d8fd9ae1814401b75acf3b3ce2da9620c,60.14699,24.922,00000000a53ed894,9.12
9370,2019-08-04T12:41:20Z,8d528b00553162a9dd47d2296d15b2fad89aad6a508424d4589618a1,60.14947,24.91438,000000004ef3150d,4.5
9371,2019-08-04T12:41:20Z,8d5672c651968bf1f466b44baefa37f9438850e96140d126f6a99baf,60.16897,24.95222,00000000aa852af1,25.36
9372,2019-08-04T12:41:20Z,8d8a869e83fe2ac29e791666634a33af3ea4048ea4e752b6fb1e238c,60.14947,24.91438,000000004ef3150d,10.78
9373,2019-08-04T12:41:20Z,8dcf139eb279bcc2696420ba9da858e361600ff02cd29587f66660ec,60.16897,24.95222,00000000aa852af1,14.89
9374,2019-08-04T12:41:20Z,8edd2176e127f8d3baff43afa20a9869b1e3a4f6df8a0930b52064d1,60.14699,24.922,00000000a53ed894,17.4
9375,2019-08-04T12:41:20Z,9023a89a49a372e5f97cf86ef1b5de0164eb67cc10d394d383ab75fd,60.16829,24.94214,00000000afef4555,13.75
9376,2019-08-04T12:41:20Z,920dc90f60b295267f63efc8f968408087b71878dc3f49f0ded1c41e,60.17918,24.95141,00000000675d5200,7.69
9377,2019-08-04T12:41:20Z,926717d61529080dfc4c7f8cdcdc82c6490d2a5129474524b8c40ea4,60.16829,24.94214,00000000afef4555,16.1
9378,2019-08-04T12:41:20Z,93a2100e233b204243f7e69b68dea7c9a145d1b5384bd18359bf87a3,60.16531,24.9442,00000000fdda10fe,1.38
9379,2019-08-04T12:41:20Z,93e409819362e2429a43710ff4330bd3ed83011b73ae438dd7fb62d8,60.16762,24.95415,000000006b44cce7,16.1
9380,2019-08-04T12:41:20Z,9604244c18efd5978b809f021651f7743e0e64da38fcf3718f9b4f93,60.14699,24.922,00000000a53ed894,5.91
9381,2019-08-04T12:41:20Z,96b004e7ce8b4221af704fcf73c09daf78aed09c7ed5803c4bfa5bc1,60.14699,24.922,00000000a53ed894,14.89
9382,2019-08-04T12:41:20Z,97264f5808fa13851dacabf0c98525eec29849ff4b6a744cc777fd5b,60.16075,24.95883,00000000f1124bca,27.28
9383,2019-08-04T12:41:20Z,9736a8a29aee134a307e0cd4221e9b0a2ab7c48befee43fc62e9f9bd,60.14699,24.922,00000000a53ed894,13.75
9384,2019-08-04T12:41:20Z,9862cafd709b75d07c83b397773e0cf33564666cb81814bdbf5e54f2,60.16897,24.95222,00000000aa852af1,27.28
9385,2019-08-04T12:41:20Z,9868033d7f0d18f01d12a4034f37bf5d6e51e5ed9124c68d4b8b8e6c,60.14947,24.91438,000000004ef3150d,27.28
9386,2019-08-04T12:41:20Z,9a9db814dfa74ca2c2d51496299715310e81c6e6525cc9d2cb0762eb,60.16897,24.95222,00000000aa852af1,20.28
9387,2019-08-04T12:41:20Z,9b8a48b949de8c2f6b09fb1d8e45b6266e4c76b514c2d08d1d53642b,60.14699,24.922,00000000a53ed894,10.78
9388,2019-08-04T12:41:20Z,9ba6f9fb8bb950d16224b4182d3c3d8349a0f50619be329c165417e0,60.14947,24.91438,000000004ef3150d,23.56
9389,2019-08-04T12:41:20Z,9bad872c31c8c5e53f064b5367350b41271d45ca8a9e508136622800,60.16897,24.95222,00000000aa852af1,12.69
9390,2019-08-04T12:41:20Z,9bf4a5d763fa921335be6c141a0c9fd769fcb2f4c5b40b85a1c99c71,60.14699,24.922,00000000a53ed894,8.38
9391,2019-08-04T12:41:20Z,9e3d4a4b1acd94d2896cd7cf56419110f06ea96faae37aadebd4ec77,60.14947,24.91438,000000004ef3150d,9.12
9392,2019-08-04T12:41:20Z,9ff13c715073d5ad9c464cb67b6de3f703435cf389c32cce5626dfe1,60.149,24.9843,00000000fffb8cf0,18.79
9393,2019-08-04T12:41:20Z,a0db7e8063bede2dd55c2c6cf5111932617ecace670ff65314a7d349,60.16629,24.95957,00000000fb7600be,13.75
9394,2019-08-04T12:41:20Z,a1b52cda133b45cf931b9e31d4037fb841f80432e99d6a000beeadc8,60.17002,24.94407,000000006b087f40,25.36
9395,2019-08-04T12:41:20Z,a22736c5d66f417bc6b745f51492549dc2e5a3c766f5e7e23f183b41,60.14947,24.91438,000000004ef3150d,18.79
9396,2019-08-04T12:41:20Z,a2ca95bd02445ae4d7fe5befdf572c2b1947f3bbb535543bf921af9d,60.16762,24.95415,000000006b44cce7,14.89
9397,2019-08-04T12:41:20Z,a38a21a97a054541f0423f03758c70227116c05254958373e3e93ad0,60.14947,24.91438,000000004ef3150d,6.46
9398,2019-08-04T12:41:20Z,a3d228482bfdd3dbdfaee1ff72b6ac00c2ee8c05e949047ce9117783,60.14699,24.922,00000000a53ed894,9.12
9399,2019-08-04T12:41:20Z,a41e158d772eaf06a23fe6c476419f78fae156bf286c7e56e79cea64,60.14699,24.922,00000000a53ed894,11.7
9400,2019-08-04T12:41:20Z,a422a30ec1eb058c7930e1352297c161639faa5b3ca5f5fa47c4adb3,60.14947,24.91438,000000004ef3150d,5.41
9401,2019-08-04T12:41:20Z,a4f416ec0941bb365e3665d7fd224fad15d74225e8ce9f6dd6368bc7,60.17065,24.93641,000000000f4919c9,21.87
9402,2019-08-04T12:41:20Z,a6d70813f5482dbc1c20f0d6da003396409d72414de93c6916e4097a,60.16762,24.95415,000000006b44cce7,31.5
9403,2019-08-04T12:41:20Z,a7472d1b63171c047444981df223670390009e3ea502132d9963e9fb,60.14947,24.91438,000000004ef3150d,5.91
9404,2019-08-04T12:41:20Z,a76d219c3abcc4ec3a54dd834263f9a24972c71be4c7bbbfc663f22f,60.14699,24.922,00000000a53ed894,8.38
9405,2019-08-04T12:41:20Z,a794d97e26d3678bb11b4364880414bb7bfac4bb49d1867b37b489f7,60.14947,24.91438,000000004ef3150d,8.38
9406,2019-08-04T12:41:20Z,a88c6bae85183bcf7a25dcbc1fe64128df64a49ded7074a0f51a1f5c,60.14699,24.922,00000000a53ed894,16.1
9407,2019-08-04T12:41:20Z,a8bd45406d5913e098652d4c2d836339758e08d21bf5d88becabdd36,60.14947,24.91438,000000004ef3150d,17.4
9408,2019-08-04T12:41:20Z,a8df2631c2442628608c1f0352c896eb532a6ca08c85de2c77360aa8,60.14947,24.91438,000000004ef3150d,16.1
9409,2019-08-04T12:41:20Z,a8fffb1bf2cf3b58cca0395d98ab3763c45771fed32527f2dedb644b,60.149,24.9843,00000000fffb8cf0,29.32
9410,2019-08-04T12:41:20Z,aa076c3f0d09145aebbb750dde9849ba4eb6759e92ba5753280184d6,60.16762,24.95415,000000006b44cce7,9.12
9411,2019-08-04T12:41:20Z,aa5773b59ce2bf1eee53e4e77cd3c261465d2ea538c9a85b8de30cd8,60.14947,24.91438,000000004ef3150d,29.32
9412,2019-08-04T12:41:20Z,ac93ac0788af8e1b0f20fada4f15ca1ad31f4084b133482d8211571d,60.14699,24.922,00000000a53ed894,9.92
9413,2019-08-04T12:41:20Z,ad8af809ed47a3391bb53d11da159b3a8b0ddc264d94c049ce72bda0,60.17065,24.93641,000000000f4919c9,0.41
9414,2019-08-04T12:41:20Z,ae5e89f9ed7f083af8fd3f421c382a5f7b3d90787eed68c3a6c66ee9,60.16829,24.94214,00000000afef4555,31.5
9415,2019-08-04T12:41:20Z,ae87b8dd8920695bc9e599874667205991c04e30666d8523f0be4350,60.14947,24.91438,000000004ef3150d,8.38
9416,2019-08-04T12:41:20Z,aec4b11f0b1ec075878ca4a3b94da464f6fc96e330b913d5bfd346b0,60.16897,24.95222,00000000aa852af1,17.4
9417,2019-08-04T12:41:20Z,af64ca430076b1e91eeb89134e0e026479928845cbe1943bc56104c2,60.14947,24.91438,000000004ef3150d,9.92
9418,2019-08-04T12:41:20Z,b06c7ebb0cc7182279f47fe99da297fb7bda883549cb7bbc05dff36f,60.16829,24.94214,00000000afef4555,27.28
9419,2019-08-04T12:41:20Z,b12b27061f30d5659794f14cbed5e4726c5af1ef526611d3b2dded29,60.14947,24.91438,000000004ef3150d,9.92
9420,2019-08-04T12:41:20Z,b26a9be85f5fd17ea58397762fa55db3c8f68fb709d586d61527c892,60.16829,24.94214,00000000afef4555,10.78
9421,2019-08-04T12:41:20Z,b41cc64d7ab4e16a03573bdc3b5863c4b402ec66c7780c7900c02877,60.16829,24.94214,00000000afef4555,9.92
9422,2019-08-04T12:41:20Z,b523d3f8341906e4b3877ff7d9614b4e10d6bbf10afdcc6c53656c8f,60.17065,24.93641,000000000f4919c9,21.87
9423,2019-08-04T12:41:20Z,b5e3abaccf4a03480985d25eb9fbf454c87f7ad06c38c8bdeb0819fa,60.14699,24.922,00000000a53ed894,25.36
9424,2019-08-04T12:41:20Z,b7039958be9f53a3eaed97f705a1974815f52f25226e920155397bec,60.16075,24.95883,00000000f1124bca,14.89
9425,2019-08-04T12:41:20Z,b7867e052453c9caa213f48b033624b744187f4cd77c2418cf9d7b79,60.14699,24.922,00000000a53ed894,14.89
9426,2019-08-04T12:41:20Z,b81e80c4efa2f6bf7a24861abfd0f0fb5672f1512dc7545a1d387f7f,60.16762,24.95415,000000006b44cce7,5.41
9427,2019-08-04T12:41:20Z,b96b5c0316f3090ad09535b2161dcddd7e16b2eac821bcb1d9895cae,60.16762,24.95415,000000006b44cce7,18.79
9428,2019-08-04T12:41:20Z,b9c0ac0bb7310d92c296a8870603ebd12c0c632cfc2a1fa33092b337,60.16762,24.95415,000000006b44cce7,17.4
9429,2019-08-04T12:41:20Z,bb0193f2b0ac4801fe82ed5cec75e687465d707d92e731047f81650f,60.1538,24.95595,0000000038bf9618,1.12
9430,2019-08-04T12:41:20Z,bbe1e18f88cf88928067a0221965768c1f2ae264291cea564d7eb7e8,60.16897,24.95222,00000000aa852af1,13.75
9431,2019-08-04T12:41:20Z,bbeaad18acdd3a2602aa5b07ab6ae8df489cb499c4490b3e6f561a5e,60.16544,24.95398,0000000038d83d41,23.56
9432,2019-08-04T12:41:20Z,bbf8cd606b9732370f1c0ae0e68d6d0663a23102d831dd10c0e74819,60.16897,24.95222,00000000aa852af1,10.78
9433,2019-08-04T12:41:20Z,bc07df8cc395f6f4f5d483b2233caca5f93a6918f346e4cc3702f8cc,60.16531,24.9442,00000000fdda10fe,18.79
9434,2019-08-04T12:41:20Z,bc3861c61a46fbf78a7423712f1a528cf9f8332531271933056c233f,60.16829,24.94214,00000000afef4555,9.12
9435,2019-08-04T12:41:20Z,bd4ec71179e7755567e37eb54b845b317af028a4effe45dcaeae19bc,60.14699,24.922,00000000a53ed894,21.87
9436,2019-08-04T12:41:20Z,bddca8fc17056f9f207a259070e281eedf4cea3e8e22093b88bbd7b5,60.14699,24.922,00000000a53ed894,8.38
9437,2019-08-04T12:41:20Z,be21a77f983baae8e0ba646eda0988a618149dcc7ef4c303c35d5377,60.14947,24.91438,000000004ef3150d,10.78
9438,2019-08-04T12:41:20Z,bef86aee891e6813146b3b9679809c39591429ebddf99a44cc9a60ed,60.14951,24.92138,0000000006dd41f6,18.79
9439,2019-08-04T12:41:20Z,bf2e5725b255e320f1e8375ec03f55194f1fd9f751be9629d873a5c8,60.14699,24.922,00000000a53ed894,2.8
9440,2019-08-04T12:41:20Z,bf992d3cd95a73f02d7223eaffe90a94e3e1e98a8c6759bab631b5b0,60.14947,24.91438,000000004ef3150d,9.92
9441,2019-08-04T12:41:20Z,c0722f63618f97eb8ec4afac1a8538b81a3c87e623d753ad1201bf7c,60.16075,24.95883,00000000f1124bca,3.74
9442,2019-08-04T12:41:20Z,c1e4323d2276cb6e358f5fabb123294e7a0ef87e7169f3cccc8f2e03,60.16075,24.95883,00000000f1124bca,25.36
9443,2019-08-04T12:41:20Z,c36d58ed0e0dddb3e26be1214e369db1c3fa3d4bcf8b53536a25239b,60.17065,24.93641,000000000f4919c9,3.74
9444,2019-08-04T12:41:20Z,c3be6dcc2c0542676c20d28ce38adbe2c0b9be09caa3f22e60210636,60.16075,24.95883,00000000f1124bca,14.89
9445,2019-08-04T12:41:20Z,c493415e869d6e6304841784a120f994272b83557256b43e44e4f3e0,60.14699,24.922,00000000a53ed894,14.89
9446,2019-08-04T12:41:20Z,c551d554f64ffda092ce6c4a6715f0ed438c9649f7676b2944f1ea2f,60.14699,24.922,00000000a53ed894,8.38
9447,2019-08-04T12:41:20Z,c593e91b10da944a20d25c4237bda2fae759d288cea38bcaaee3abfa,60.16448,24.97323,0000000053c6c2be,21.87
9448,2019-08-04T12:41:20Z,c633a260ce59bad4e1ca42f12936ed8ae57a40f5e6528dfb70052c43,60.16897,24.95222,00000000aa852af1,12.69
9449,2019-08-04T12:41:20Z,c6b973b57d5574eb3341b3141a5ba2b28f477ae9e702ab4ae701cc0d,60.14699,24.922,00000000a53ed894,14.89
9450,2019-08-04T12:41:20Z,c728eaa7734efeabe7f33c782081caa960fcced68160e285ee477916,60.14699,24.922,00000000a53ed894,11.7
9451,2019-08-04T12:41:20Z,c905a50dedd9b3d2114cde9160b7adf83adc09683b65598ce24c4047,60.1538,24.95595,0000000038bf9618,25.36
9452,2019-08-04T12:41:20Z,c9c349bf8a67000a6d08080de9883548aebc49ee8de88e6af53fcfd5,60.16897,24.95222,00000000aa852af1,21.87
9453,2019-08-04T12:41:20Z,cad80f69731ad65f7f14bf400d674e0c42de462bd42db112c9d9f261,60.16075,24.95883,00000000f1124bca,21.87
9454,2019-08-04T12:41:20Z,cb3f05d5604f5532e039e6d40514b13aba8f6274d952bb17a8b801fc,60.15432,24.9211,0000000019fb59c4,25.36
9455,2019-08-04T12:41:20Z,cc2cf42c6b14536fb92c810ff0e3dd5a3caa74236f14246a5b6e8cdc,60.16762,24.95415,000000006b44cce7,5.41
9456,2019-08-04T12:41:20Z,cc3ab8b82d60cbeb3ccd635efb6cd12d127645ab3d03b73bcfec7455,60.16762,24.95415,000000006b44cce7,17.4
9457,2019-08-04T12:41:20Z,cce6b6f309e43e2bb1be6a9784582a82891e976d0869d01040586d27,60.14947,24.91438,000000004ef3150d,10.78
9458,2019-08-04T12:41:20Z,cd3e127e27387b6e06cdf27f46fb6046e4182e4d7b49b49c17167c1c,60.14947,24.91438,000000004ef3150d,8.38
9459,2019-08-04T12:41:20Z,cd4ecd3b83630f6e5d65f635804e47a1ceb82853aac36af30044f06a,60.149,24.9843,00000000fffb8cf0,4.11
9460,2019-08-04T12:41:20Z,cd62fc5a92bd89f24a6e3d736d5511bf872859d762723b92f2092abc,60.16829,24.94214,00000000afef4555,14.89
9461,2019-08-04T12:41:20Z,cd9b2be9ffb37c8b7c5c25f587c95b1c7932a21fb245487ea2f740d9,60.14699,24.922,00000000a53ed894,20.28
9462,2019-08-04T12:41:20Z,ceb777dafa9b7e39125b89735b7f0cf22c3018eb0196043ac8160370,60.14699,24.922,00000000a53ed894,20.28
9463,2019-08-04T12:41:20Z,cef1d06a10cfa08bcaef8b36535c2ec32c756a76cc0d5c2a1246f933,60.14699,24.922,00000000a53ed894,9.92
9464,2019-08-04T12:41:20Z,cfa42322be0000cf89d8969d1b88ace0ba99cab721dd58d55d41a36e,60.17065,24.93641,000000000f4919c9,14.89
9465,2019-08-04T12:41:20Z,d0413da80c7714f40ffe50dcfb00039280c64ecebc61c59df72965e6,60.149,24.9843,00000000fffb8cf0,21.87
9466,2019-08-04T12:41:20Z,d098b9b5b30c5fcd4ae8a2b8bc761df72829713d3ae919634876d349,60.14699,24.922,00000000a53ed894,10.78
9467,2019-08-04T12:41:20Z,d0cab2a2660dcc5cb99a9bdf39d2e6b31b7498985db1b50e48cb478d,60.18203,24.91341,00000000342570c2,20.28
9468,2019-08-04T12:41:20Z,d12f9e6275869a74f979eac17b326dfe329bbd78b8732fc998b5f132,60.14699,24.922,00000000a53ed894,10.78
9469,2019-08-04T12:41:20Z,d38e88e5b926f9d1de6e326cca45116fcca11f10684c80876739c6cd,60.16075,24.95883,00000000f1124bca,9.12
9470,2019-08-04T12:41:20Z,d3a37aedae39925bda7da8e4f05a61b85904a00f88e8684006c76351,60.16829,24.94214,00000000afef4555,5.91
9471,2019-08-04T12:41:20Z,d64eda229ebb6012e59bc89eacb74918e404ce52f16b491f3d48e800,60.16897,24.95222,00000000aa852af1,10.78
9472,2019-08-04T12:41:20Z,d7ddfc9e0676391b3abbe5a882fd331c40bf9e846dcef32ddf4fdca4,60.16629,24.95957,00000000fb7600be,21.87
9473,2019-08-04T12:41:20Z,d8983a8fe916583702bb776d3d8d3cbbe9e78778fd44d07c52ad1f2d,60.14699,24.922,00000000a53ed894,16.1
9474,2019-08-04T12:41:20Z,d8f93f7019ced3cf8ccc2946465e8113293e75498092e982fd45bbc5,60.16762,24.95415,000000006b44cce7,11.7
9475,2019-08-04T12:41:20Z,da667dfa2d8a272a7398e186de027fabd2052052c0aad767a1c7d966,60.16897,24.95222,00000000aa852af1,10.78
9476,2019-08-04T12:41:20Z,db9cee77723e2258651606fd447070139d95eb1138f8e56957bff8f1,60.17002,24.94407,000000006b087f40,23.56
9477,2019-08-04T12:41:20Z,dbf9f0495974591badcee3fcfc1b5eb718b26de86aaf486c351ad084,60.14947,24.91438,000000004ef3150d,21.87
9478,2019-08-04T12:41:20Z,dc15145376f4a497910c8d2231d671bf62f1918ad93938a48fdc3eb4,60.149,24.9843,00000000fffb8cf0,33.81
9479,2019-08-04T12:41:20Z,ddc8410b9e4ece4b995b789f95e526693bac176ed77092ba57355dc8,60.16762,24.95415,000000006b44cce7,5.41
9480,2019-08-04T12:41:20Z,ddd849ee86afceedd5f5582ede84380d5596c9ea304d634ab0fd0de0,60.16829,24.94214,00000000afef4555,1.12
9481,2019-08-04T12:41:20Z,de09fd8d15c3d7adbf440a3d0a418a3b476513c968bda8a4aa652adf,60.173,24.92524,0000000096918cfa,18.79
9482,2019-08-04T12:41:20Z,de0d086ae32f87522eab31d3bc52545ed17b065889674963c0709568,60.16829,24.94214,00000000afef4555,16.1
9483,2019-08-04T12:41:20Z,de84f754a3916c8f831b0bb8ea41fc2a42cdea2794558fece3c7ae97,60.1538,24.95595,0000000038bf9618,14.89
9484,2019-08-04T12:41:20Z,e0df847c19b463dec6cea35494d375ce136a276c6a785936c931f60f,60.18203,24.91341,00000000342570c2,25.36
9485,2019-08-04T12:41:20Z,e1a443e10353da64728464e8a720aaf22a62b80d404f1acae1a1c6ee,60.1538,24.95595,0000000038bf9618,31.5
9486,2019-08-04T12:41:20Z,e23a6115ba872037f9b5066c9c9c966b497f449e32a2c9ceb0e55497,60.16829,24.94214,00000000afef4555,7.05
9487,2019-08-04T12:41:20Z,e2ad7d478fd698beae83366f49585d9825bec4865c1610162f3108c2,60.16897,24.95222,00000000aa852af1,21.87
9488,2019-08-04T12:41:20Z,e34bcebfa007159f3d2adb0e62e20fcf721a221f52bdfe2a6ad77831,60.18203,24.91341,00000000342570c2,17.4
9489,2019-08-04T12:41:20Z,e35717ff07f32be5a2e1520f1855533f8dcc72cff7930c9cba9da32b,60.14947,24.91438,000000004ef3150d,9.92
9490,2019-08-04T12:41:20Z,e3c03ee00a1bcd066f8b260cc5b9824d1118b7b7f972a818752aabc7,60.14947,24.91438,000000004ef3150d,6.46
9491,2019-08-04T12:41:20Z,e3e3bac265ab2713063d7435bf5c7374dfc7dfc647fb677a030a1a49,60.18203,24.91341,00000000342570c2,31.5
9492,2019-08-04T12:41:20Z,e447e76c7b53157c11d5bfeb172c27332c81b5ec7f263badf5507888,60.149,24.9843,00000000fffb8cf0,8.38
9493,2019-08-04T12:41:20Z,e4b111abda6e15229c808fb72d5c0c38e2cf3abdbbb62fff5ae48e42,60.16762,24.95415,000000006b44cce7,20.28
9494,2019-08-04T12:41:20Z,e4f8eb3c654b642eaf00a350d3f55a7ec5156d7693c81bb994f49d52,60.1538,24.95595,0000000038bf9618,31.5
9495,2019-08-04T12:41:20Z,e5aafdaa61553663ef99a8a1ff268a9e9c0ab591fa8c2f8e8756e6b3,60.16897,24.95222,00000000aa852af1,16.1
9496,2019-08-04T12:41:20Z,e6989dfb4fc7ca2196d9d2f31154a0cb08522e97aed09a37b890a955,60.16897,24.95222,00000000aa852af1,14.89
9497,2019-08-04T12:41:20Z,e6f4e3d1f5e01888556b077224cb4d8f88d63306fff2388e3fd997d0,60.14951,24.92138,0000000006dd41f6,20.28
9498,2019-08-04T12:41:20Z,e6f7965f2ef456f61121bcce5e466f125192e511c2af72d901307e8e,60.16762,24.95415,000000006b44cce7,10.78
9499,2019-08-04T12:41:20Z,e826dedac8582e619ce18cd7eed68be5ee1fc9ed37e191e06f916835,60.14947,24.91438,000000004ef3150d,10.78
9500,2019-08-04T12:41:20Z,e8edad8445fc4965a5c0eae45906480d83b15e61fc6139c7bdea1e33,60.14699,24.922,00000000a53ed894,17.4
9501,2019-08-04T12:41:20Z,e9115410fa45db5a174eee008cae729dc69937a0e0b5a304899bf1b9,60.17065,24.93641,000000000f4919c9,18.79
9502,2019-08-04T12:41:20Z,e92eb020afcd7c1fad04690230ff8c2f005e404dd25b8dced1df30dd,60.16075,24.95883,00000000f1124bca,12.69
9503,2019-08-04T12:41:20Z,e95415d461b040c869512659bcc843eedf3267c4b029a0b3fab444aa,60.16829,24.94214,00000000afef4555,20.28
9504,2019-08-04T12:41:20Z,e9e19621fc5cfcfed2c808bbadc6cc6dd31e28d3c04cef8b89ca2729,60.16075,24.95883,00000000f1124bca,23.56
9505,2019-08-04T12:41:20Z,ea157e44ed100be3f782d8b3d8e5e0986079c588c9ea754b14917df0,60.16829,24.94214,00000000afef4555,5.41
9506,2019-08-04T12:41:20Z,eaa9924da1e700147607d5145e2b55b48b65deea922ee2e59bd1d5a7,60.173,24.92524,0000000096918cfa,23.56
9507,2019-08-04T12:41:20Z,eac6fda3a18aa9ce55b6359f5c62a044e0bcd6bc3576c8cd815acf07,60.14699,24.922,00000000a53ed894,17.4
9508,2019-08-04T12:41:20Z,eb79d6eb71f039f7008c9c4ea2f36d37f03bf60bddc7867e8b337254,60.16762,24.95415,000000006b44cce7,11.7
9509,2019-08-04T12:41:20Z,ec424a10bcefb6e69c2eabf42534f06e7a10aa0cfb28f6478052cade,60.14699,24.922,00000000a53ed894,14.89
9510,2019-08-04T12:41:20Z,eed1c3b93e33ab3a4802db427c8c197c0fbad358e039b6ea8c8af07b,60.18203,24.91341,00000000342570c2,27.28
9511,2019-08-04T12:41:20Z,ef352dcaa8317b6a3c0a02cd8908dd13da5601cc66ba65c5fd8d031a,60.14947,24.91438,000000004ef3150d,3.4
9512,2019-08-04T12:41:20Z,ef77b04fc57a9781bf581172358ba74cf41e0b2a6ecc8090f99810bf,60.14699,24.922,00000000a53ed894,10.78
9513,2019-08-04T12:41:20Z,efe8b6c6fdf0d2caccd589aaaa4f0228a80590ff9ec7961f2e92103d,60.16762,24.95415,000000006b44cce7,4.94
9514,2019-08-04T12:41:20Z,eff99f303ba37ed36542008434b2d20e50155593bb9fc7bc1dcc4bf3,60.16075,24.95883,00000000f1124bca,11.7
9515,2019-08-04T12:41:20Z,f062cb52d49926a4fb39f723275ed60ab6c0f3bf34e0c3f9d233b7b8,60.14947,24.91438,000000004ef3150d,2.54
9516,2019-08-04T12:41:20Z,f1eb1b22a5e01064a1829b325d256218c68bc9134f03a3f09f3e2566,60.16829,24.94214,00000000afef4555,16.1
9517,2019-08-04T12:41:20Z,f2759841619517bff6a58510ebb0ddbc9378cd300d99652f9b14f90d,60.16531,24.9442,00000000fdda10fe,23.56
9518,2019-08-04T12:41:20Z,f2deba4ef84dbbc8c5d8524f6e2311183003bce4f9bfa6aef5b5ef66,60.14947,24.91438,000000004ef3150d,6.46
9519,2019-08-04T12:41:20Z,f2e063c8c25a8bec0dd6ec3924a5f59fd9694078f2f3fd5b3ea96f29,60.16762,24.95415,000000006b44cce7,16.1
9520,2019-08-04T12:41:20Z,f39827c3c7f4c833d1118043492f78e3255b6da9f4a2c000041d9b61,60.16829,24.94214,00000000afef4555,2.8
9521,2019-08-04T12:41:20Z,f3ec2366b51157150674e5ab6293bdb19e0b30ca4296fee4c97b811c,60.14699,24.922,00000000a53ed894,7.69
9522,2019-08-04T12:41:20Z,f4cf6d61e3954ecf861192b65b6f26288bbe133c7bb5852afeffdc76,60.16829,24.94214,00000000afef4555,20.28
9523,2019-08-04T12:41:20Z,f5f7cfe177dfb0b7ebba2419ae53f70b6b5690dd98d98586004a9107,60.149,24.9843,00000000fffb8cf0,9.12
9524,2019-08-04T12:41:20Z,f6a88c4482d078d6a1d51eabc04916c6f7566cff4a16fd55f3abdef0,60.16531,24.9442,00000000fdda10fe,33.81
9525,2019-08-04T12:41:20Z,f796c9efc581b25280d4b416f8ba3aecca6ddf083e7bdad05f6e595e,60.14699,24.922,00000000a53ed894,8.38
9526,2019-08-04T12:41:20Z,f7f0caf73572bea3c08b592eeb9655b2668cfb16fd8840ca5619d84a,60.14699,24.922,00000000a53ed894,7.69
9527,2019-08-04T12:41:20Z,f84faae0aa9ce2d1d09d270282dd81033ad1352346128534d8c3fc7f,60.149,24.9843,00000000fffb8cf0,18.79
9528,2019-08-04T12:41:20Z,f868d87b5d5a7094b60a131cd3e120c25787ebf751f7c93640b34942,60.16897,24.95222,00000000aa852af1,17.4
9529,2019-08-04T12:41:20Z,fa96854324adae88abb35afa34b2393a20338bfd8fc9602d3ce6ae8d,60.14947,24.91438,000000004ef3150d,16.1
9530,2019-08-04T12:41:20Z,fadc39da3cd26ac621092fbbff224b95bb13446c8d24bbf4f3e50e90,60.14947,24.91438,000000004ef3150d,14.89
9531,2019-08-04T12:41:20Z,fca3daa86786d92fe75c43051a906ab67c8b95c774a1227b3c45ce10,60.18203,24.91341,00000000342570c2,29.32
9532,2019-08-04T12:41:20Z,fd77161cf9715d9d0f922cf45e79e5d9b9debef5113cb32a4f82ef76,60.16762,24.95415,000000006b44cce7,7.05
9533,2019-08-04T12:41:20Z,fe5ca86c906b1cb3bf9dd257ceefc562e41da499878f1074484f7d42,60.14947,24.91438,000000004ef3150d,14.89
9534,2019-08-04T12:41:20Z,feb399897846bc34dc3f4b06ac4ef0ffb0db885977b88e5c5fdb7350,60.14699,24.922,00000000a53ed894,11.7
9535,2019-08-04T12:41:20Z,ff4f3e0f964f23b97e88626f7a506bb4409718931712c58ce0f247af,60.16762,24.95415,000000006b44cce7,9.12
9536,2019-08-04T12:41:20Z,ff8280896145ae17e594c52eac2cdbab47d3757d797878fbc4298596,60.1538,24.95595,0000000038bf9618,18.79
9537,2019-08-04T12:41:20Z,fffd5b230c7cb628fdbf354d7c0a9861536b93aa31e2282b10c020d1,60.14699,24.922,00000000a53ed894,21.87
9538,2019-08-04T12:41:21Z,002609eccfa6482109fb43966e0153bf6f371425cf715e49925348dd,60.14699,24.922,00000000a53ed894,14.89
9539,2019-08-04T12:41:21Z,0152988639aaaa9cc27213280c8f0c0c8ec97ae6a45aaaf743c9c25d,60.16544,24.95398,0000000038d83d41,21.87
9540,2019-08-04T12:41:21Z,07d86ad98399440d0cc3bd3382a7256feb971e49a3686dc17f532e1c,60.16829,24.94214,00000000afef4555,8.38
9541,2019-08-04T12:41:21Z,14c7e1511b70f4dd3359cbece1377aebb4d70531f5489eefe53d7c3c,60.16544,24.95398,0000000038d83d41,25.36
9542,2019-08-04T12:41:21Z,1599d2c9070a6f05e1a5887c2d9209214c04818c6203fe75440734f2,60.1538,24.95595,0000000038bf9618,20.28
9543,2019-08-04T12:41:21Z,1e7ea410376fbdb3f3c476c76d23abad5d830690f78f71ea06f7e321,60.16075,24.95883,00000000f1124bca,6.46
9544,2019-08-04T12:41:21Z,211f6b7b044343d0be369791b3fa3c144d0d0f391e2a42787712efb0,60.16448,24.97323,0000000053c6c2be,12.69
9545,2019-08-04T12:41:21Z,25a7ff811c3c06e426c7c2cbb0433d9a2a3399b23afecbd35584ab0f,60.18203,24.91341,00000000342570c2,10.78
9546,2019-08-04T12:41:21Z,2603b5aecd8f219a410e558446935308ecabb09a6c9e5b38533728ff,60.16829,24.94214,00000000afef4555,13.75
9547,2019-08-04T12:41:21Z,2d3d031189abfaea69cd551a97b2b2d056a908f19bc56701010a2304,60.16897,24.95222,00000000aa852af1,17.4
9548,2019-08-04T12:41:21Z,2d407793ce0a0290a87debe672b1af2af93c687ca83668e17fb0ce63,60.14947,24.91438,000000004ef3150d,11.7
9549,2019-08-04T12:41:21Z,315af4a829b592ba99b203b8ed2cbd499769f8752dfe6de7da4ee929,60.16829,24.94214,00000000afef4555,20.28
9550,2019-08-04T12:41:21Z,3fe84a5a1e657df8910685df3a8cf779a6ebc3362fbc8e578f235ee4,60.15432,24.9211,0000000019fb59c4,8.38
9551,2019-08-04T12:41:21Z,4317f5904a5e6ae921bf743dd534c803083fd90b15a1245881beeade,60.16897,24.95222,00000000aa852af1,25.36
9552,2019-08-04T12:41:21Z,43b676ed3aef4c2d8846694817e76117873be52e7f788e0cb366c1c4,60.16629,24.95957,00000000fb7600be,23.56
9553,2019-08-04T12:41:21Z,44d0b94469070803869f229601e877beb613c3f5aafa009addf97a1a,60.16544,24.95398,0000000038d83d41,17.4
9554,2019-08-04T12:41:21Z,5bbb5184fded3e51bc78e45e39917794285e6bbc72da404802a9599a,60.16531,24.9442,00000000fdda10fe,29.32
9555,2019-08-04T12:41:21Z,5d65719c4cbf045f068d084b72302f447d5fd034413d97d13be00d0e,60.18203,24.91341,00000000342570c2,20.28
9556,2019-08-04T12:41:21Z,653a92a7828f2c43bc74899753f872e8b93c30b6fb419b651a94bbc1,60.16897,24.95222,00000000aa852af1,21.87
9557,2019-08-04T12:41:21Z,69219e9efa41ae9e732653e9eaf08e1a34cb853a9dafe76ddeea4d04,60.16897,24.95222,00000000aa852af1,17.4
9558,2019-08-04T12:41:21Z,6a70e2fbced719333e21eff04fcb9cb36bae9a04d1a3d6ddd96f2c58,60.15432,24.9211,0000000019fb59c4,9.12
9559,2019-08-04T12:41:21Z,737efc92e3419e9d96a8559ec341ea7e18ba6381fd8e4de3d06f82a0,60.14699,24.922,00000000a53ed894,23.56
9560,2019-08-04T12:41:21Z,7678cdb86d454ca9ae52f22d97e635106585a3a046d01da4463695cc,60.18203,24.91341,00000000342570c2,20.28
9561,2019-08-04T12:41:21Z,7856cd9a8241b470ce46295386b13c33e1948a956b3f18b7b3497cdb,60.18203,24.91341,00000000342570c2,21.87
9562,2019-08-04T12:41:21Z,79f136afa0dd8717337c01c70b457c464aaf0fa25b440f51a394ec23,60.16762,24.95415,000000006b44cce7,11.7
9563,2019-08-04T12:41:21Z,87dfaad29a9276ddddb1fa021d3bc23ad14824c1af16f7d87e713689,60.14951,24.92138,0000000006dd41f6,9.92
9564,2019-08-04T12:41:21Z,88808fe92573e9cdf022cc15b9689b6b4b9429f60513c8897b0ba4c7,60.16897,24.95222,00000000aa852af1,14.89
9565,2019-08-04T12:41:21Z,8c75c3289c84fe4493e1e272a77b615fe1985880c5dc68a7c1a17b53,60.16762,24.95415,000000006b44cce7,12.69
9566,2019-08-04T12:41:21Z,91d3b80de4439a4a49ddb8a04d72a0a2ec6c08f351d70232842af567,60.16762,24.95415,000000006b44cce7,25.36
9567,2019-08-04T12:41:21Z,9843c6216661048343a0e49cf3d8aa2883cf77f452666a1c873a1052,60.16448,24.97323,0000000053c6c2be,13.75
9568,2019-08-04T12:41:21Z,9fc0711d7e7722eff7faa0cb6f17846680c06515c1eb93dd49ebcf25,60.14699,24.922,00000000a53ed894,12.69
9569,2019-08-04T12:41:21Z,a23b63dc2df72ba829ea2eabba05dafe724027d59a8f6babf791c1b8,60.16075,24.95883,00000000f1124bca,27.28
9570,2019-08-04T12:41:21Z,a91d379a4b57c5df22db0d7a041ff69f657b4b31f28554b1011fc03c,60.16544,24.95398,0000000038d83d41,38.87
9571,2019-08-04T12:41:21Z,af807b67ce09a2ce1744025c421961213f1608ca658ece4df69555a1,60.16762,24.95415,000000006b44cce7,10.78
9572,2019-08-04T12:41:21Z,b3d30798e4605a05b11dfff0f3fe01c2e8e16ac491fdb956f128ff23,60.14947,24.91438,000000004ef3150d,12.69
9573,2019-08-04T12:41:21Z,b5fd6b317890e5ab2d79e2cd1abe61626d45a753c7337d0d40728898,60.16762,24.95415,000000006b44cce7,17.4
9574,2019-08-04T12:41:21Z,bb98768dad0f7c52cf643f035a3e7e48f5cfe28557c66f2a75914b31,60.14699,24.922,00000000a53ed894,11.7
9575,2019-08-04T12:41:21Z,bcb0201b0a1edf350ae2f681076e7d2d48ebd94c075bd3ca59552020,60.16897,24.95222,00000000aa852af1,12.69
9576,2019-08-04T12:41:21Z,c0cdd4e99cf9447e490b5cbd5e7513df9acfcbabb8bd5117c4731512,60.16075,24.95883,00000000f1124bca,20.28
9577,2019-08-04T12:41:21Z,c40c37def6bf11a63a2556519a7c6233fd417cdeea2cf14f28e7c42c,60.16531,24.9442,00000000fdda10fe,25.36
9578,2019-08-04T12:41:21Z,c97eb4181394121907d47b908495f54e5ee5145ff790f7a1dc21b3cf,60.16897,24.95222,00000000aa852af1,20.28
9579,2019-08-04T12:41:21Z,ca6927628f5ddda20036865c9345ad93d476d62ade3b181de568eed6,60.16897,24.95222,00000000aa852af1,20.28
9580,2019-08-04T12:41:21Z,cf05623e4d87ce0906c0b0b7dbf53aacc1228016cd27c341228b6e76,60.18203,24.91341,00000000342570c2,18.79
9581,2019-08-04T12:41:21Z,cfc0bedb78ded52749db3188cb188bf6a250ef5990da9c5afa9623fc,60.14951,24.92138,0000000006dd41f6,21.87
9582,2019-08-04T12:41:21Z,d661caec7a5da6aef734734bbf9090debe494c1afd98050f88f269bd,60.16829,24.94214,00000000afef4555,11.7
9583,2019-08-04T12:41:21Z,dcaa88e5d510f572877286b8ba0663428b2d71a50b6630460009c779,60.14947,24.91438,000000004ef3150d,11.7
9584,2019-08-04T12:41:21Z,dcb7e8bb90af70568c12a902d706c70e1ac1213e31ba074756f0a27a,60.1538,24.95595,0000000038bf9618,33.81
9585,2019-08-04T12:41:21Z,ded49640b591e73bff71f84fb99d2739eb6c9554164a015017725e03,60.16829,24.94214,00000000afef4555,25.36
9586,2019-08-04T12:41:21Z,e8e366e76c97944e23c0f80b4fd3ce6e5832744922297146a49f0c7e,60.16762,24.95415,000000006b44cce7,7.69
9587,2019-08-04T12:41:21Z,e96bd269a48b822b06141c3362fcb6d5ed4d0d09a120f2e4a712d5c2,60.16897,24.95222,00000000aa852af1,12.69
9588,2019-08-04T12:41:21Z,eee5797db5c3753514933a12e2485caee4ee5803b4d830ba1c22e5c5,60.14947,24.91438,000000004ef3150d,9.12
9589,2019-08-04T12:41:21Z,f088630d7476dae7d4b7e2bb1f10575f2c89acb4b6e061f3d57c2b40,60.16531,24.9442,00000000fdda10fe,23.56
9590,2019-08-04T12:41:21Z,f405a7c4a3a4339f8e3f7e552f6492d6eed76f7d08c54943286213de,60.16762,24.95415,000000006b44cce7,16.1
9591,2019-08-04T12:41:21Z,f4dcf05c12f8c219fceb5039fe90df777204f62c6fdc06c6915a4b3c,60.18203,24.91341,00000000342570c2,25.36
9592,2019-08-04T12:41:21Z,f6609ab1076b1105bb845595a03b41b8fbb282f79c337df5bbc9f841,60.14699,24.922,00000000a53ed894,10.78
9593,2019-08-04T12:41:21Z,fc4f3a44235f1cfc7b53f14ba2da599976a5a0a220d23b852688e485,60.17919,24.95181,000000007b5207b6,21.87
9594,2019-08-04T12:41:21Z,009ad4cd2bd97e04da44cc9789e6bdbdb899eded61d05b7d5634b7be,60.16829,24.94214,00000000afef4555,12.69
9595,2019-08-04T12:41:21Z,00a07b1f8113691d8475c54082a14cdd54decf9845a90e75df8031a6,60.17065,24.93641,000000000f4919c9,21.87
9596,2019-08-04T12:41:21Z,00b07030d00cc5582c0f1be7d73fb09e34f4018445ce11d9da8da813,60.16762,24.95415,000000006b44cce7,17.4
9597,2019-08-04T12:41:21Z,00bdb07c0f4f75c71196362c269c9f652c66cf7d3f3c2d89843af063,60.16629,24.95957,00000000fb7600be,23.56
9598,2019-08-04T12:41:21Z,02978cd5cb7127a718d3d775079ab940a3e81885ce6106495cca5ee4,60.1538,24.95595,0000000038bf9618,18.79
9599,2019-08-04T12:41:21Z,02e858ecddaf323e0938a822f65cb42a78d6ee749e3b1a66303ec932,60.16897,24.95222,00000000aa852af1,25.36
9600,2019-08-04T12:41:21Z,02e8e7e6ea28315c5cb9f878e8a7ee80b22c98f72f604f444ab568f7,60.14947,24.91438,000000004ef3150d,36.27
9601,2019-08-04T12:41:21Z,032e5d7621738a50c9e742e0cba13c819f7c67cedf8687f3ab25595c,60.16762,24.95415,000000006b44cce7,18.79
9602,2019-08-04T12:41:21Z,036c183505fea646b54aeb0c612913cafba94eca65e47d3c6d840a68,60.17919,24.95181,000000007b5207b6,18.79
9603,2019-08-04T12:41:21Z,038e7f3d1d9babcdb48b63ff8e3e1ac732b3c29f665dc7d9a1819abc,60.14699,24.922,00000000a53ed894,13.75
9604,2019-08-04T12:41:21Z,0479a26a59d65bf1dee05c06f4227a0ba63a6e9c9a09e7c34f2e06b4,60.14699,24.922,00000000a53ed894,12.69
9605,2019-08-04T12:41:21Z,04b49a34910d12f55243dd5a756c7cc1e506e5d3cdb418cc635e9ad9,60.16762,24.95415,000000006b44cce7,13.75
9606,2019-08-04T12:41:21Z,04f35922a81b516e7028f61c6ff34faf6da85df0a5cfcefb6df1861f,60.149,24.9843,00000000fffb8cf0,23.56
9607,2019-08-04T12:41:21Z,05d441c83d2df822feaf93d7861452db7a201f22d84cfa36f421dfd2,60.16544,24.95398,0000000038d83d41,14.89
9608,2019-08-04T12:41:21Z,0638ed176f2a4b17c11bae92240575c9305f4bc21592a476b3106be4,60.16762,24.95415,000000006b44cce7,21.87
9609,2019-08-04T12:41:21Z,0745a2141a9beee786a347d3ee1b071719fd2f4abfeeab7f5248c0ad,60.14699,24.922,00000000a53ed894,10.78
9610,2019-08-04T12:41:21Z,0851ab74be2e888decf0046825f09ed302f7b2275e72b09b5b713d85,60.16829,24.94214,00000000afef4555,12.69
9611,2019-08-04T12:41:21Z,0a0acb70a8ef92be52a64d4425e70bb2f7a17d13942c3382c9d68878,60.149,24.9843,00000000fffb8cf0,5.91
9612,2019-08-04T12:41:21Z,0a5616e066b42895361324cfa8abef41d849a55e3e4bed429bab494b,60.16829,24.94214,00000000afef4555,17.4
9613,2019-08-04T12:41:21Z,0a5ed50daf13dd10744537aa851ac7ab1d34d9797ec6ab6e2402aebb,60.16762,24.95415,000000006b44cce7,3.4
9614,2019-08-04T12:41:21Z,0a8eb41acf097f79d7e145d7a002bbaa9f5017b44076ad66b2dbe053,60.16762,24.95415,000000006b44cce7,13.75
9615,2019-08-04T12:41:21Z,0aabf0df4c3c5b45bb8950c92dbe624985f19e8650ed61f92571a65a,60.14699,24.922,00000000a53ed894,4.94
9616,2019-08-04T12:41:21Z,0acb4bd7319729fea4acf035921d1136d86a307a60b4444669cede1a,60.14699,24.922,00000000a53ed894,14.89
9617,2019-08-04T12:41:21Z,0b0dd9af9d52c68ff71ce266d6707abbb0f56c3c63be0f83f7b5df9b,60.16762,24.95415,000000006b44cce7,3.74
9618,2019-08-04T12:41:21Z,0c905239b8c0e14cba671cf4d4d715d1045a30ee62a6285fb489dbb0,60.16829,24.94214,00000000afef4555,14.89
9619,2019-08-04T12:41:21Z,10a99e791e27975dc1c9d73d3163cabacf3bd7bd05a4f7abf6365426,60.14699,24.922,00000000a53ed894,7.69
9620,2019-08-04T12:41:21Z,10e43baea31b3e125346bebbffe89bd2ca514fea388668227b5679ee,60.14699,24.922,00000000a53ed894,13.75
9621,2019-08-04T12:41:21Z,119268a2b328b466959e99158efc17d07641daf2eab0785f813707f9,60.16762,24.95415,000000006b44cce7,10.78
9622,2019-08-04T12:41:21Z,120a63917cb5ab619bf9a71328f14020736ee84e75d5b37278748def,60.16897,24.95222,00000000aa852af1,12.69
9623,2019-08-04T12:41:21Z,121345c4cf0d0f18c684c4eb22e496ac6f8fb537ec2f3812f6966b67,60.16762,24.95415,000000006b44cce7,9.12
9624,2019-08-04T12:41:21Z,1240f5fbc405049e174fb4ad534e104eeddab72ae2aec4e434e7a36c,60.16897,24.95222,00000000aa852af1,36.27
9625,2019-08-04T12:41:21Z,124cce476184e061b136f481014a2abc7208d30e4e520ffd90c85adb,60.17002,24.94407,000000006b087f40,10.78
9626,2019-08-04T12:41:21Z,13bcedb8c59b26417282929d81844b272c7c5bc295614f531219a8e4,60.14947,24.91438,000000004ef3150d,12.69
9627,2019-08-04T12:41:21Z,13ee67fb034e3d24edc9a9618e9d6de24979ebbcb399f83abb02a897,60.14699,24.922,00000000a53ed894,4.5
9628,2019-08-04T12:41:21Z,1423891c6ee1edc7da83904378a35aef2e5797db95b117651d676934,60.16762,24.95415,000000006b44cce7,3.09
9629,2019-08-04T12:41:21Z,1496ce9cf373a2a508a8ab0b7aa0604dd889fd69483881c3752219af,60.14699,24.922,00000000a53ed894,11.7
9630,2019-08-04T12:41:21Z,15ee12e5f9be00a79b0cbbc9912f51cbfa3e486624567e1bde938fb6,60.1538,24.95595,0000000038bf9618,13.75
9631,2019-08-04T12:41:21Z,161aa798c2a18e132fb27ecded773218ea4e42eabbd0e5794b1d7017,60.15432,24.9211,0000000019fb59c4,16.1
9632,2019-08-04T12:41:21Z,171a752ceacd35c6e27c36e67da80ba960a246c0977f0bdca139a472,60.14699,24.922,00000000a53ed894,9.12
9633,2019-08-04T12:41:21Z,1769031b7f4d75de0541e26427b9ecc92c84b80992e3b36bb8eb799e,60.16829,24.94214,00000000afef4555,11.7
9634,2019-08-04T12:41:21Z,17af6ab252328066d6b13406084507dfa7a7f6db3030872e7f87223d,60.17065,24.93641,000000000f4919c9,17.4
9635,2019-08-04T12:41:21Z,1882b53729765cca25bc63400074242872d6fbc57882f131285b277f,60.16829,24.94214,00000000afef4555,17.4
9636,2019-08-04T12:41:21Z,194e6ced97ec114a37fe06d6d73fb687c057d411be476f1ea6f4852e,60.16897,24.95222,00000000aa852af1,41.64
9637,2019-08-04T12:41:21Z,19e53513589dcba5028a4b34911362f7371db2323ba85afdee89638d,60.14699,24.922,00000000a53ed894,10.78
9638,2019-08-04T12:41:21Z,1a93dfa31156cee53b4bd527d8b74655a5da812b6933d8a86d871e47,60.14947,24.91438,000000004ef3150d,8.38
9639,2019-08-04T12:41:21Z,1ad0b84716a79851fa8db7a993012f0c8e496d6cba9d028a546285a2,60.16897,24.95222,00000000aa852af1,20.28
9640,2019-08-04T12:41:21Z,1b3fba902b8d1538b508cdc228fd15fdd87f5aecb68e5611b1a4e354,60.16762,24.95415,000000006b44cce7,2.8
9641,2019-08-04T12:41:21Z,1bcef866fafad7c7460a084e0b0d27c087b549f4ae704390708be47e,60.149,24.9843,00000000fffb8cf0,18.79
9642,2019-08-04T12:41:21Z,1c7ccd5d6570d98e57ef2ebbd716b7504b138f9bb616fbeaa0d1a268,60.14699,24.922,00000000a53ed894,4.5
9643,2019-08-04T12:41:21Z,1c97d2bebb0ebb21f9e68c4c27224b7f8d52178c0bf62341cd087e15,60.14699,24.922,00000000a53ed894,23.56
9644,2019-08-04T12:41:21Z,1da9fb02cdaf83aaec10b8afcd493066d6983a433494752f06710414,60.17002,24.94407,000000006b087f40,23.56
9645,2019-08-04T12:41:21Z,1dcb5d78c4ed02c596144501da43e29defedf2db734c34c36c9bacbd,60.16762,24.95415,000000006b44cce7,14.89
9646,2019-08-04T12:41:21Z,1e24a2120b13c780dbb3a67a73f5058d1847f126fd5f5952e6dddcd3,60.16075,24.95883,00000000f1124bca,20.28
9647,2019-08-04T12:41:21Z,1ec58e626d2335aeeaa7c7d8f715d4334274dbd43448fb62c3901ef6,60.16829,24.94214,00000000afef4555,25.36
9648,2019-08-04T12:41:21Z,1f74037ecab4dbdc5db1a8dc8b583a86630f86a5f2d0a5167b7fa605,60.18203,24.91341,00000000342570c2,29.32
9649,2019-08-04T12:41:21Z,1faaaeff6423708e06d94b904af4be93e399939fbdfd3b3091dc8bd2,60.15432,24.9211,0000000019fb59c4,17.4
9650,2019-08-04T12:41:21Z,203a0c145a43c9a18f8c2a5ba4e18882e7430662bb4ac0e56ab37578,60.17065,24.93641,000000000f4919c9,13.75
9651,2019-08-04T12:41:21Z,20ac7b2ace7c0038aa8df01b9281a9c54f1551fc8ab9b662b1f1ca22,60.18203,24.91341,00000000342570c2,12.69
9652,2019-08-04T12:41:21Z,21bdc11bb63fb48c9d4b5308540ee5df579c9a385001a10fceeeedf3,60.14699,24.922,00000000a53ed894,16.1
9653,2019-08-04T12:41:21Z,21eb94b10f042f4f21566d3ee27d800fb6d899071739c0c5c1fa7af0,60.14699,24.922,00000000a53ed894,20.28
9654,2019-08-04T12:41:21Z,2204ba387d2db0e7d2ca03f7ace46abff8d141668b73c75a1879d7ba,60.14947,24.91438,000000004ef3150d,3.74
9655,2019-08-04T12:41:21Z,22fe9a06fba1036e8eafd726bc450095b1893be067f475e1882bb704,60.14699,24.922,00000000a53ed894,7.69
9656,2019-08-04T12:41:21Z,231026899a6d5b326cb5b1e38b182ca1acb77c7e27bc2378973b29db,60.16629,24.95957,00000000fb7600be,11.7
9657,2019-08-04T12:41:21Z,244b51aa4a7059ba782925258111c295aa4de9596025c55ccd5580ac,60.16829,24.94214,00000000afef4555,12.69
9658,2019-08-04T12:41:21Z,247f8b2fe544f61677fce4b7f300f6be0c3fa9f5a9f057cc0a4b2111,60.16762,24.95415,000000006b44cce7,16.1
9659,2019-08-04T12:41:21Z,2551a9e1b8a03c8e0e378ed37c0130b6e4105ec6b949de9e5a670be8,60.14699,24.922,00000000a53ed894,11.7
9660,2019-08-04T12:41:21Z,257206d3f59df5c426a9c735f4741cba6d792de1cbafe62289d383d7,60.16897,24.95222,00000000aa852af1,36.27
9661,2019-08-04T12:41:21Z,2607d1b2fc6e31a80348fffbed68a7d3a8e0212f197f2d1c573c587b,60.14947,24.91438,000000004ef3150d,5.41
9662,2019-08-04T12:41:21Z,267b66cc2e81a226d253a8f3228a4b45e1fabb634bba60fd0cc21a8d,60.14699,24.922,00000000a53ed894,10.78
9663,2019-08-04T12:41:21Z,269124e75b1e74a7c7dc93b778e02f04d0a53e069a90081c0938ee4c,60.14699,24.922,00000000a53ed894,11.7
9664,2019-08-04T12:41:21Z,27d4452dcae7c8e389fc21669cb3ccaedac87d45d4b1a50131c939e4,60.16762,24.95415,000000006b44cce7,4.5
9665,2019-08-04T12:41:21Z,28d2c3282e9f8fec67baec7992dcd800c45b67071e33cb118905a6b3,60.16829,24.94214,00000000afef4555,1.88
9666,2019-08-04T12:41:21Z,2969cdb120f2d285c556abfe5bac2f8090571f61aba227a474a534d2,60.17065,24.93641,000000000f4919c9,11.7
9667,2019-08-04T12:41:21Z,29a1ee6c0907a00ec6b6dcbb187f5c31d1a11b261aabd339210ee013,60.16897,24.95222,00000000aa852af1,31.5
9668,2019-08-04T12:41:21Z,2a47bdc66249162a9588347a6cbe7895fe798bb25c1194cd69fb1e8b,60.14699,24.922,00000000a53ed894,10.78
9669,2019-08-04T12:41:21Z,2e86f9a432e00fa6ff5b8744ffecbe22a02b4316779bc8b4078af2e2,60.149,24.9843,00000000fffb8cf0,29.32
9670,2019-08-04T12:41:21Z,2ee2e108ed9051b1ccf4d3ee89931dfd53170af0b558fa6579b83e8d,60.15432,24.9211,0000000019fb59c4,9.92
9671,2019-08-04T12:41:21Z,2f08dbfbbe5577f04ea9826f72d5452ddf5fd9bb892769382ea5a4ca,60.16762,24.95415,000000006b44cce7,4.94
9672,2019-08-04T12:41:21Z,32708990f2c831e65f70f2682baf5188fc93348b9a9e78ada8db2bf4,60.14947,24.91438,000000004ef3150d,2.3
9673,2019-08-04T12:41:21Z,32f77f5019e5fce30881c214487361e2e34b8c93277f6e546de72012,60.1638,24.96846,00000000d747f075,27.28
9674,2019-08-04T12:41:21Z,33634cb1e3fc5d4a621e8717d203da8533ed27531a70c6cbe3abf3fa,60.16762,24.95415,000000006b44cce7,2.54
9675,2019-08-04T12:41:21Z,33ec502792a84f23fed03cf16e483d153c65e2850a2549f47034726a,60.16762,24.95415,000000006b44cce7,7.69
9676,2019-08-04T12:41:21Z,3459042c03cbb672a039f7f14a6b99b84f839b0598f9e48bf4dd95f5,60.14699,24.922,00000000a53ed894,9.92
9677,2019-08-04T12:41:21Z,349dd839e41cff363cc4b935496e52b93be15233e508aa82987859bd,60.16075,24.95883,00000000f1124bca,10.78
9678,2019-08-04T12:41:21Z,34bf3e380e2a914953cf9b98fa3d965c890a9f6ed7a0ce833012b9f5,60.16762,24.95415,000000006b44cce7,17.4
9679,2019-08-04T12:41:21Z,34fddf0f4ea194b9720451d11a9de76225577536681d4f4b0a00b860,60.16829,24.94214,00000000afef4555,10.78
9680,2019-08-04T12:41:21Z,358d7986d5bf2a0624fb1412a157b3c7b12f90653457e15a76bbdf50,60.16629,24.95957,00000000fb7600be,20.28
9681,2019-08-04T12:41:21Z,35e6e075578d7a51e510bf8904bde33f1d117264eea0917db98d4808,60.16897,24.95222,00000000aa852af1,8.38
9682,2019-08-04T12:41:21Z,36f876050503d244f74f3cbadcef716904eb2b245190d474b0cfa794,60.16762,24.95415,000000006b44cce7,7.05
9683,2019-08-04T12:41:21Z,3721331dbb97151d17938ed835ffc7208eba26fba6100c62870a3a4f,60.14947,24.91438,000000004ef3150d,2.3
9684,2019-08-04T12:41:21Z,37945fa4e7409fab98aa8bde45081f5bd083def0059485274ad552c0,60.17919,24.95181,000000007b5207b6,5.91
9685,2019-08-04T12:41:21Z,39310ebca1ad756aa2bfcb16c912cb7003ef3e7286a1f037603ade61,60.14699,24.922,00000000a53ed894,12.69
9686,2019-08-04T12:41:21Z,3a6ce73ea4c03a14fc0d3d099e4698d3c1051a2e8e4bd552d5de394d,60.14947,24.91438,000000004ef3150d,7.69
9687,2019-08-04T12:41:21Z,3abc507346480858d62b69d6e29c3b0700ac193520668e17a4ce7cbb,60.16762,24.95415,000000006b44cce7,17.4
9688,2019-08-04T12:41:21Z,3be48824225ca9f2aea5653f6ce21181a76e67a8d4b8361f0cba1f8a,60.14947,24.91438,000000004ef3150d,5.91
9689,2019-08-04T12:41:21Z,3c545ca8c42e2a9a876f2500f6aee220e5fe1c178dd132136643754b,60.16762,24.95415,000000006b44cce7,9.12
9690,2019-08-04T12:41:21Z,3e4965f1ed580ddf80246b1b78cbc55b73c11d67573d9cede2a7ccf7,60.16829,24.94214,00000000afef4555,8.38
9691,2019-08-04T12:41:21Z,3ea5c91c32a318cb798767914dd025c2791a8c19e81c10c22f649247,60.18203,24.91341,00000000342570c2,18.79
9692,2019-08-04T12:41:21Z,3eb138558a5cc58760a67df9709bc42cc329874e907981d33e0116ec,60.16762,24.95415,000000006b44cce7,17.4
9693,2019-08-04T12:41:21Z,3f395809cdaaaa1688c7d1cc770079bbf7ef1349e148bec5c8eacd57,60.16762,24.95415,000000006b44cce7,9.92
9694,2019-08-04T12:41:21Z,42052b48fa907a3f9ad0a511096b057331f7a11a1be046a63fb9629e,60.14699,24.922,00000000a53ed894,14.89
9695,2019-08-04T12:41:21Z,429295e322e9f143f79e9a6340e4974858aa9aa2f5ed6e8512dd00cd,60.14699,24.922,00000000a53ed894,16.1
9696,2019-08-04T12:41:21Z,42d4eb6044091814f327d0b01dc9ae701506417af1a8ab7f4161650d,60.14951,24.92138,0000000006dd41f6,12.69
9697,2019-08-04T12:41:21Z,42da4298ed9f522421f17714e024d9b8fe22e7546df3deeb8b139bd3,60.16075,24.95883,00000000f1124bca,4.11
9698,2019-08-04T12:41:21Z,431375be6b9405ef55878f3aa0bb5dd6a35db8ba650a2bce05081c49,60.14947,24.91438,000000004ef3150d,11.7
9699,2019-08-04T12:41:21Z,4533d27e96c5c6637ddff4243672d658fea4004970652882357105a9,60.14699,24.922,00000000a53ed894,14.89
9700,2019-08-04T12:41:21Z,457d11209b95b153efb57d8f2641f2db0823e91a0d608fa0555a5b69,60.14699,24.922,00000000a53ed894,7.05
9701,2019-08-04T12:41:21Z,467a01a257fbaad22bd4aebafc8f284c9ad3effc429475e57c214e9d,60.14699,24.922,00000000a53ed894,16.1
9702,2019-08-04T12:41:21Z,46cd80ed43d9e3aee24c6fdb0dd7d2e55822fb4b17a474eca46b9904,60.16829,24.94214,00000000afef4555,25.36
9703,2019-08-04T12:41:21Z,47b8aba771bed6ec3a7d57932c44fe859bcf6300054b3acc9d885105,60.14947,24.91438,000000004ef3150d,12.69
9704,2019-08-04T12:41:21Z,47bc9ff9097f9ef5f1862e48b4a42f6a9ddd30c4ef2b6eb43291a7a5,60.14699,24.922,00000000a53ed894,11.7
9705,2019-08-04T12:41:21Z,47cde44e4ddbf6c70162fa882eee962e7c3e2a037b650294ec46568f,60.14947,24.91438,000000004ef3150d,14.89
9706,2019-08-04T12:41:21Z,48f665ebb1a71b0d84fc02bd71918c5ab5608328db534639cbd2a255,60.14947,24.91438,000000004ef3150d,8.38
9707,2019-08-04T12:41:21Z,4aff8c41b8c3f924b9b765007cf6f0f148e9fdc4dfad6299b17f6f71,60.16762,24.95415,000000006b44cce7,10.78
9708,2019-08-04T12:41:21Z,4b1050cc517631e36206d3528399c0b14748daec8c7d1b5dfa412299,60.15432,24.9211,0000000019fb59c4,5.91
9709,2019-08-04T12:41:21Z,4b85388cdaec2b4c15b546160ee326d9668a5e5d3c7b08d0c539946e,60.17919,24.95181,000000007b5207b6,21.87
9710,2019-08-04T12:41:21Z,4bf75585466f0aafa2ed2956fe4b0f7235b4ba3a0606a52219b3156c,60.14699,24.922,00000000a53ed894,12.69
9711,2019-08-04T12:41:21Z,4d4115f2971578ddc2428be944e2954c9e9a5472a818ec1805a022b2,60.149,24.9843,00000000fffb8cf0,36.27
9712,2019-08-04T12:41:21Z,4ebdb6165c5d4892cdc21711313b98b1545bececfb886192c6f0ef22,60.16762,24.95415,000000006b44cce7,7.69
9713,2019-08-04T12:41:21Z,4efc969b8b738c051c221bf9d7829089b44cec23dd378fd86e7fb8be,60.173,24.92524,0000000096918cfa,13.75
9714,2019-08-04T12:41:21Z,4f4940c5c77737c5b8f2fbd5a1b65886ea5f6e0e4fcd50447e11ce21,60.16075,24.95883,00000000f1124bca,17.4
9715,2019-08-04T12:41:21Z,50e21d119f102cee2afe3ac7f1a32032527638769b05aca582d6ecb1,60.16762,24.95415,000000006b44cce7,7.05
9716,2019-08-04T12:41:21Z,514a3981fad6c695ac4940f09374b5d1c2e84d2ca835084ef8707714,60.16075,24.95883,00000000f1124bca,6.46
9717,2019-08-04T12:41:21Z,51b3c7870a399165f0d1d14f7d21688df32b0360f9cc6f3ca61890d8,60.16829,24.94214,00000000afef4555,7.05
9718,2019-08-04T12:41:21Z,52072bd384eaaf4a6958af5510ed039d194dee47f34667bc7bccbe0e,60.14699,24.922,00000000a53ed894,10.78
9719,2019-08-04T12:41:21Z,5263c8fd413ee308494f18228802330e278acc648b425bb454951db5,60.16075,24.95883,00000000f1124bca,11.7
9720,2019-08-04T12:41:21Z,5274280f7558ea562d9ce825000efc025d2de6b91c62614cb68df2b1,60.14947,24.91438,000000004ef3150d,9.92
9721,2019-08-04T12:41:21Z,52f0e69ca7a5cebe604c1f32308dc7f8870d1d85cd4b25ad17f706e9,60.14699,24.922,00000000a53ed894,4.94
9722,2019-08-04T12:41:21Z,53f1f84f2f1f0ea7eb59dd269d86fae99cc25ee089a48f249de1aaec,60.16897,24.95222,00000000aa852af1,16.1
9723,2019-08-04T12:41:21Z,552e7d20be831c5ebfa503ba78ed542d6ece4ecad264308d5dc37a31,60.14699,24.922,00000000a53ed894,14.89
9724,2019-08-04T12:41:21Z,5554305bad43a71cf98d83e92708c7474c1efc189392c1ea94231e9c,60.16531,24.9442,00000000fdda10fe,4.11
9725,2019-08-04T12:41:21Z,570dc61d53aec66ede39dfde66339640878453afc00cd1a55c60bca7,60.16544,24.95398,0000000038d83d41,25.36
9726,2019-08-04T12:41:21Z,571934189bf349efb6f596e76c21612cf9b82ed44913090169936048,60.17065,24.93641,000000000f4919c9,12.69
9727,2019-08-04T12:41:21Z,571e65d939060a58396de22fc44d8842fc9de986824670ad765ec596,60.16762,24.95415,000000006b44cce7,14.89
9728,2019-08-04T12:41:21Z,57c6f9c8fc64c4d7030c1d3576910e338178138cd74acdc9e3630216,60.16629,24.95957,00000000fb7600be,23.56
9729,2019-08-04T12:41:21Z,57eef16af260870a831bd4f88018555730ec7dd21a538e3575825479,60.16829,24.94214,00000000afef4555,21.87
9730,2019-08-04T12:41:21Z,583a35aa08fe45f96deb91a9f4b9317e86eddeee0d636cc11b3e2df8,60.16762,24.95415,000000006b44cce7,11.7
9731,2019-08-04T12:41:21Z,58411163d307bb308f9c94a9720e9ce5ab0ce4f5617cd2b1fcc2037a,60.16762,24.95415,000000006b44cce7,8.38
9732,2019-08-04T12:41:21Z,584cb0b0cdd14e608c8b57c8aecc9826f9b40027e365e2438a444ea2,60.16762,24.95415,000000006b44cce7,11.7
9733,2019-08-04T12:41:21Z,59b01cbdec8ff06fa6d50bac00c3f5f4c45132fc8a62800c08df5d6a,60.16629,24.95957,00000000fb7600be,10.78
9734,2019-08-04T12:41:21Z,5b102c62b98f29bd801e4dd0e9ddbc113db3faa38d59990b9ba5e9ec,60.173,24.92524,0000000096918cfa,38.87
9735,2019-08-04T12:41:21Z,5bf59468120b0262b74eebaba2a7ee8274f3c8165ddcf6f38eae92a8,60.16829,24.94214,00000000afef4555,13.75
9736,2019-08-04T12:41:21Z,5c160268bc9b4b619181ce421d9e58c258e6b59a342945fc29f0004b,60.14947,24.91438,000000004ef3150d,11.7
9737,2019-08-04T12:41:21Z,5cd5117066c75a1cb83d3896a7eba3f3472e133f0013ea7d4e95daaa,60.14699,24.922,00000000a53ed894,7.05
9738,2019-08-04T12:41:21Z,5d70086d53447ee393249cef33c7bae814c1d7c2e3055fc91b38786c,60.17919,24.95181,000000007b5207b6,13.75
9739,2019-08-04T12:41:21Z,5e44b2770fcd3ab47bae5954df365187d2183088b73b895edc47dcd8,60.14699,24.922,00000000a53ed894,9.12
9740,2019-08-04T12:41:21Z,5e7916ca910b02abf2d19906759663c23db63950a353fa546f55c8af,60.14699,24.922,00000000a53ed894,7.05
9741,2019-08-04T12:41:21Z,5ea49ba4de68e03664ec3a87f5de32434d7136b4f8323f022ff9df5b,60.16829,24.94214,00000000afef4555,9.92
9742,2019-08-04T12:41:21Z,60d5c11436b72dd4eb673f606bddc3f8f36675342cba015b9297155f,60.16448,24.97323,0000000053c6c2be,27.28
9743,2019-08-04T12:41:21Z,60d9b71ec38b796bf876dedfaf3112b49ff79677480c7603902857ae,60.14947,24.91438,000000004ef3150d,9.92
9744,2019-08-04T12:41:21Z,614ab7fba7255f6bf6f888e9a04d589962f756b3f427e658f10014f2,60.16075,24.95883,00000000f1124bca,4.11
9745,2019-08-04T12:41:21Z,62a6fe2d9b3b5b4533c51253f8842428bd797b3c6a95a7816ec472ed,60.14947,24.91438,000000004ef3150d,11.7
9746,2019-08-04T12:41:21Z,63d99db5b2b7360c501446ea5e89feba9bd1c6735a7670039916f2ad,60.1538,24.95595,0000000038bf9618,27.28
9747,2019-08-04T12:41:21Z,63defb71d4c3856253a0a2d67a5c370b91ad0527703b334a63fe5344,60.14947,24.91438,000000004ef3150d,13.75
9748,2019-08-04T12:41:21Z,643ef3f01a51bea3c4510d4060a945cd510e5189236d68f5c9489034,60.16829,24.94214,00000000afef4555,1.01
9749,2019-08-04T12:41:21Z,64638a9f9e6c9b32fc4b484b55e4934fcab6cb04605cc76d5f5534b7,60.17065,24.93641,000000000f4919c9,5.91
9750,2019-08-04T12:41:21Z,64d86288e491374eed34c68c82763c2e5dbc87113cf5ca44f23233ba,60.16829,24.94214,00000000afef4555,4.5
9751,2019-08-04T12:41:21Z,64e34af775b57908b23056a31d60ef3b005941f2e7c3db0c49df675d,60.17065,24.93641,000000000f4919c9,9.12
9752,2019-08-04T12:41:21Z,6516a10850095847a8156717b0fba05a9bdc9b5bfedd691ddb07f119,60.14699,24.922,00000000a53ed894,7.69
9753,2019-08-04T12:41:21Z,6525cc634176c25187e68e0d067bcfecfd78e399e93db4ee9d408b7e,60.17919,24.95181,000000007b5207b6,17.4
9754,2019-08-04T12:41:21Z,655204cb507ea9ae811105cdcd766161facaa9f729017a333f102391,60.149,24.9843,00000000fffb8cf0,11.7
9755,2019-08-04T12:41:21Z,66b9cea6cd979b4e9e391e0ef854e2cc38eca6fb9e166811e39edd11,60.16629,24.95957,00000000fb7600be,21.87
9756,2019-08-04T12:41:21Z,6723bebaab92d1a9f8b4318fd4f497a6dec6d7f8e0eafca443925213,60.16075,24.95883,00000000f1124bca,11.7
9757,2019-08-04T12:41:21Z,67591d427f60ba3c369ac0d78088fca7be33081501508d16401dd6cb,60.16762,24.95415,000000006b44cce7,4.11
9758,2019-08-04T12:41:21Z,675eacdf32b5b831fd118fc5539eea4b3cef4bd11e2e1706a9571222,60.16829,24.94214,00000000afef4555,18.79
9759,2019-08-04T12:41:21Z,6774ed72eaf69d7c4aaeeef90990f969954155bbcc52652e75e7deef,60.16829,24.94214,00000000afef4555,4.5
9760,2019-08-04T12:41:21Z,677c53ae4056d6cb123ca576ba5284664b1c7e3e88818bd19b5dd99a,60.17919,24.95181,000000007b5207b6,13.75
9761,2019-08-04T12:41:21Z,6981f80baeddf7459b67845f82744390c976c013f3a4883a53556fc7,60.16762,24.95415,000000006b44cce7,14.89
9762,2019-08-04T12:41:21Z,698b200b63a644828a7314691a16af2af1bccef75d52abb5591a5542,60.14699,24.922,00000000a53ed894,4.5
9763,2019-08-04T12:41:21Z,69f1de5049f5731749defe893b8ae9ada4f5f788a994b8f7413ef657,60.17002,24.94407,000000006b087f40,21.87
9764,2019-08-04T12:41:21Z,6b97071051ccf5db7e5ebee033d4f68d58ed6917ff2fac5b205a6605,60.17065,24.93641,000000000f4919c9,11.7
9765,2019-08-04T12:41:21Z,6c7e018abdf8462af7c7b003bc30f915184f7082e9e865a2c502eed5,60.14699,24.922,00000000a53ed894,5.91
9766,2019-08-04T12:41:21Z,6d40c31367c2556e3fe8fab5dee22bdfde888d4ff9a6d1b0d44a66c1,60.1538,24.95595,0000000038bf9618,25.36
9767,2019-08-04T12:41:21Z,6f3dd17e40daabb4efe868f1b859dc00ecc01846f0a0e2b8db5d1413,60.17919,24.95181,000000007b5207b6,8.38
9768,2019-08-04T12:41:21Z,6f6063a58dd89d886f4a0cacb0ef8b0727f25dddf0ce9e45813dd08b,60.17002,24.94407,000000006b087f40,27.28
9769,2019-08-04T12:41:21Z,6fdf4cfc3a0774e204869ab43ef69c6306cc40c0fd8bbb0f8b505e3a,60.16829,24.94214,00000000afef4555,20.28
9770,2019-08-04T12:41:21Z,6ff93560ca77c6e5a25bc7441cf33cf7fa0138b3da4d99b2dbf5531b,60.14947,24.91438,000000004ef3150d,12.69
9771,2019-08-04T12:41:21Z,70c56152af84cf1bad4d19b0cb31202232b4cd4320ce5ea48895e42b,60.14947,24.91438,000000004ef3150d,11.7
9772,2019-08-04T12:41:21Z,72231bca658d3a16f3bf9c26ba5f13393b8377e4ab0b9ed3de6c811f,60.14699,24.922,00000000a53ed894,13.75
9773,2019-08-04T12:41:21Z,733f21ebebe353e10a55a74b40a0a480e6d276334d4f3d8bcf85b711,60.16075,24.95883,00000000f1124bca,23.56
9774,2019-08-04T12:41:21Z,737779d5b545043aa16af1ca616beeb1b5dfae5e6e1d4a789d7b316d,60.16762,24.95415,000000006b44cce7,20.28
9775,2019-08-04T12:41:21Z,738ce77abafd1ca6f80e6f28e84d1b1886db4cfda3be6ffcdf52c1b1,60.14699,24.922,00000000a53ed894,10.78
9776,2019-08-04T12:41:21Z,73aa46087286af57e3778006af596aa587686a1db1d4b8708764a520,60.16762,24.95415,000000006b44cce7,13.75
9777,2019-08-04T12:41:21Z,759f94c852ff15ca91c3138913c3858c4801702f8f0514ae82fb2a19,60.16897,24.95222,00000000aa852af1,16.1
9778,2019-08-04T12:41:21Z,7664b7f08aaa059ecf6646a595c33fae0c80715febe63e31f45a4662,60.16762,24.95415,000000006b44cce7,4.11
9779,2019-08-04T12:41:21Z,7710eccd13983db8899bd9b7c5b087af0c0580dd467b31f68bd49fa7,60.17002,24.94407,000000006b087f40,12.69
9780,2019-08-04T12:41:21Z,777cceac7be6303a1c82f7cc68061528b01e3aa1b3aa6481cad9e5e3,60.16075,24.95883,00000000f1124bca,11.7
9781,2019-08-04T12:41:21Z,77a12194b9a6789f4b2b8c07ae7fce3c2b531cb221e5fa7ca5deae55,60.16897,24.95222,00000000aa852af1,10.78
9782,2019-08-04T12:41:21Z,79bb1e615a834d4f653cec7efc45ad5b4bbedf2a83c55b44c586ad0a,60.14947,24.91438,000000004ef3150d,6.46
9783,2019-08-04T12:41:21Z,79bde23c1a8980f93a65e14306f0d8ea89e164430d8b991e2bfee82e,60.16531,24.9442,00000000fdda10fe,21.87
9784,2019-08-04T12:41:21Z,79d26f15a82c94ac5d05e0f2b6a6beeae1f407972ec39665d7ab9535,60.16829,24.94214,00000000afef4555,1.88
9785,2019-08-04T12:41:21Z,7a0c0b525f2d3eed6c873bd3b8d27bede551fe4a428ac15c23deadae,60.16075,24.95883,00000000f1124bca,12.69
9786,2019-08-04T12:41:21Z,7a4a06d20ebe57d94e5fceeaf47d5b56ad9a515818e9c20e21a80e61,60.16629,24.95957,00000000fb7600be,18.79
9787,2019-08-04T12:41:21Z,7ab335e046f7f3597f8f615a90857885e35cfecefebd5d24bbf0af90,60.16075,24.95883,00000000f1124bca,9.92
9788,2019-08-04T12:41:21Z,7ad93fed82e41ea4422fa101badc698b0328c3ebf0f6b73c5164d438,60.16897,24.95222,00000000aa852af1,21.87
9789,2019-08-04T12:41:21Z,7af6672e274ebe27cdb785373a857fc5bcad92a386c36dbe3221d4f4,60.14947,24.91438,000000004ef3150d,36.27
9790,2019-08-04T12:41:21Z,7b1c2b4a083f1544ffd4b5e2e87ab8a58a7bb64abb0f8ce3e53b2ed2,60.14699,24.922,00000000a53ed894,25.36
9791,2019-08-04T12:41:21Z,7bb67bcf014747e5d826f95c610d36492f31095552417a0864475491,60.14951,24.92138,0000000006dd41f6,20.28
9792,2019-08-04T12:41:21Z,7c745cc00d8f5183e16ac55c510cda4c1e51f957b06629ddd1e9d5a2,60.16897,24.95222,00000000aa852af1,20.28
9793,2019-08-04T12:41:21Z,7d85ddf11c6bc0fefabdb00f6e37abd4f4f62ced6ce2f2031b44795e,60.17002,24.94407,000000006b087f40,20.28
9794,2019-08-04T12:41:21Z,7d9a3d84c09c3a8d6876389e216e0278048d6b924890fb275a078ffb,60.16531,24.9442,00000000fdda10fe,0.84
9795,2019-08-04T12:41:21Z,7e31a4896ab0ff539440898dfabd8305df79869bff52da941016d1cc,60.1538,24.95595,0000000038bf9618,38.87
9796,2019-08-04T12:41:21Z,7e76449e59f1e3a1a615b54408115353fbb14d815390d03a73b1a7bb,60.14947,24.91438,000000004ef3150d,14.89
9797,2019-08-04T12:41:21Z,7f3c9dd2c7352cb81fb186a7d700841d2bcb47cd8ea0d5f8719b5908,60.16762,24.95415,000000006b44cce7,10.78
9798,2019-08-04T12:41:21Z,7f786ec8e06f1ca3bdd10fc60d0114baf354125b8f6cf796d197f4cc,60.16075,24.95883,00000000f1124bca,6.46
9799,2019-08-04T12:41:21Z,7fe10e69931c2d658099a314f3fce64865329e12a7b834c375e2d5d2,60.14699,24.922,00000000a53ed894,9.12
9800,2019-08-04T12:41:21Z,80cbcb887f3e351e3bef7c5f53dccc578cc3494feec514aed7015c0d,60.16075,24.95883,00000000f1124bca,2.3
9801,2019-08-04T12:41:21Z,82411c6526228322a61f59259f13adf7cde62bd767587b6735867705,60.17919,24.95181,000000007b5207b6,4.11
9802,2019-08-04T12:41:21Z,82ce8c2420645d1eeed2751616ac691b53855581110be4cc97a61036,60.16897,24.95222,00000000aa852af1,18.79
9803,2019-08-04T12:41:21Z,842590c105033000cdd09b5f0e51f990329cbd8720b91931d82e30e1,60.16448,24.97323,0000000053c6c2be,25.36
9804,2019-08-04T12:41:21Z,848fdb054358a3fca79c0246f01263c92b5b48aee6b9fb6e260d7a0b,60.16829,24.94214,00000000afef4555,18.79
9805,2019-08-04T12:41:21Z,848fe01e24ccc782e5968171f53ea31d28f20a455c45d8bac8fb7374,60.173,24.92524,0000000096918cfa,20.28
9806,2019-08-04T12:41:21Z,849a662d95d4185421aff7c6213ba5d7b84cfc58c9fb30ff34054e4c,60.16075,24.95883,00000000f1124bca,12.69
9807,2019-08-04T12:41:21Z,857f5ab05809fdb94740616b8d6662aa2458c4a6009e6f717f8933fb,60.17002,24.94407,000000006b087f40,31.5
9808,2019-08-04T12:41:21Z,859b417d0b562f5c4ab33c3877c95cd7cbb332db91dcd0f4e7a4f3b6,60.14699,24.922,00000000a53ed894,9.12
9809,2019-08-04T12:41:21Z,868cd7608ed6beb209db2aad8c71f56b8aec3a6b453be18e4af217a2,60.17065,24.93641,000000000f4919c9,12.69
9810,2019-08-04T12:41:21Z,87bb1abe21abfcb5e5c2039e579cff7ca863a6019207db356de5b7c2,60.14699,24.922,00000000a53ed894,14.89
9811,2019-08-04T12:41:21Z,885bcc6af7d0aa9718fe1030e32ffff1de5171ae5ef67cf0011874fb,60.14947,24.91438,000000004ef3150d,2.8
9812,2019-08-04T12:41:21Z,8947a5209f3b32173d3dc72792039edf94a2711741ab041b62b30643,60.16762,24.95415,000000006b44cce7,3.4
9813,2019-08-04T12:41:21Z,896f7e896dc6f1ea44b82bf968a988cc10c358ee34821d9d7a4bd07a,60.14947,24.91438,000000004ef3150d,4.94
9814,2019-08-04T12:41:21Z,8a08b2de43a9ef03cf96610718c908e69dcacc59f536a7135b7bb542,60.16629,24.95957,00000000fb7600be,11.7
9815,2019-08-04T12:41:21Z,8ba6cfc17ca70e8304994e018ebd5eb2003177062cde05925d5cacb3,60.173,24.92524,0000000096918cfa,17.4
9816,2019-08-04T12:41:21Z,8d528b00553162a9dd47d2296d15b2fad89aad6a508424d4589618a1,60.14947,24.91438,000000004ef3150d,6.46
9817,2019-08-04T12:41:21Z,8d5672c651968bf1f466b44baefa37f9438850e96140d126f6a99baf,60.16897,24.95222,00000000aa852af1,23.56
9818,2019-08-04T12:41:21Z,8d73f674010f5cb02e8f20251ed86a9afcb7f6b3926039470296bd00,60.17065,24.93641,000000000f4919c9,17.4
9819,2019-08-04T12:41:21Z,8dcf139eb279bcc2696420ba9da858e361600ff02cd29587f66660ec,60.16897,24.95222,00000000aa852af1,23.56
9820,2019-08-04T12:41:21Z,8f9026cfff0b3ccd2e7a22e5767bee52b08ab5630d1c6ac046bf7f39,60.16544,24.95398,0000000038d83d41,20.28
9821,2019-08-04T12:41:21Z,9023a89a49a372e5f97cf86ef1b5de0164eb67cc10d394d383ab75fd,60.16829,24.94214,00000000afef4555,16.1
9822,2019-08-04T12:41:21Z,920dc90f60b295267f63efc8f968408087b71878dc3f49f0ded1c41e,60.17918,24.95141,00000000675d5200,7.69
9823,2019-08-04T12:41:21Z,926717d61529080dfc4c7f8cdcdc82c6490d2a5129474524b8c40ea4,60.16829,24.94214,00000000afef4555,14.89
9824,2019-08-04T12:41:21Z,93a2100e233b204243f7e69b68dea7c9a145d1b5384bd18359bf87a3,60.16531,24.9442,00000000fdda10fe,2.54
9825,2019-08-04T12:41:21Z,93b7794683a373ac7ce9476d49419c2ee26e67b474370e561be167b2,60.14699,24.922,00000000a53ed894,14.89
9826,2019-08-04T12:41:21Z,93e409819362e2429a43710ff4330bd3ed83011b73ae438dd7fb62d8,60.16762,24.95415,000000006b44cce7,4.94
9827,2019-08-04T12:41:21Z,9575ef1c44f26f0301d726029c8b1c28011a4724496943451bee6544,60.14947,24.91438,000000004ef3150d,20.28
9828,2019-08-04T12:41:21Z,958ab5fd2d2c7f0c3fe6dc14fe27005fcf35b013db75f708c22a3619,60.16762,24.95415,000000006b44cce7,14.89
9829,2019-08-04T12:41:21Z,9604244c18efd5978b809f021651f7743e0e64da38fcf3718f9b4f93,60.14699,24.922,00000000a53ed894,4.94
9830,2019-08-04T12:41:21Z,97264f5808fa13851dacabf0c98525eec29849ff4b6a744cc777fd5b,60.16075,24.95883,00000000f1124bca,9.92
9831,2019-08-04T12:41:21Z,9736a8a29aee134a307e0cd4221e9b0a2ab7c48befee43fc62e9f9bd,60.14699,24.922,00000000a53ed894,4.5
9832,2019-08-04T12:41:21Z,9862cafd709b75d07c83b397773e0cf33564666cb81814bdbf5e54f2,60.16897,24.95222,00000000aa852af1,20.28
9833,2019-08-04T12:41:21Z,9868033d7f0d18f01d12a4034f37bf5d6e51e5ed9124c68d4b8b8e6c,60.14947,24.91438,000000004ef3150d,21.87
9834,2019-08-04T12:41:21Z,9885627881a266e5cf401516e009049e859d738e2e019be570f4b4d8,60.16448,24.97323,0000000053c6c2be,23.56
9835,2019-08-04T12:41:21Z,994b630283c750a0b697359e32c4bd06d5b4a32d2edb6c12cce42b32,60.16829,24.94214,00000000afef4555,16.1
9836,2019-08-04T12:41:21Z,99753600aa90a43c336153dd03985a2996b7bc6052086f503020518c,60.14699,24.922,00000000a53ed894,12.69
9837,2019-08-04T12:41:21Z,9a34b36aa39d50d1edfe9175243d0d6ec7fbaf8eb87e3cd483f41a5b,60.16762,24.95415,000000006b44cce7,13.75
9838,2019-08-04T12:41:21Z,9a9db814dfa74ca2c2d51496299715310e81c6e6525cc9d2cb0762eb,60.16897,24.95222,00000000aa852af1,20.28
9839,2019-08-04T12:41:21Z,9acffb3f8b8720e2de83c8cfd41915d268d5eca34e0bd280eed3e6f4,60.16897,24.95222,00000000aa852af1,31.5
9840,2019-08-04T12:41:21Z,9ba6f9fb8bb950d16224b4182d3c3d8349a0f50619be329c165417e0,60.14947,24.91438,000000004ef3150d,21.87
9841,2019-08-04T12:41:21Z,9bad872c31c8c5e53f064b5367350b41271d45ca8a9e508136622800,60.16897,24.95222,00000000aa852af1,10.78
9842,2019-08-04T12:41:21Z,9bf4a5d763fa921335be6c141a0c9fd769fcb2f4c5b40b85a1c99c71,60.14699,24.922,00000000a53ed894,9.92
9843,2019-08-04T12:41:21Z,9e3d4a4b1acd94d2896cd7cf56419110f06ea96faae37aadebd4ec77,60.14947,24.91438,000000004ef3150d,8.38
9844,2019-08-04T12:41:21Z,9ff13c715073d5ad9c464cb67b6de3f703435cf389c32cce5626dfe1,60.149,24.9843,00000000fffb8cf0,23.56
9845,2019-08-04T12:41:21Z,a0db7e8063bede2dd55c2c6cf5111932617ecace670ff65314a7d349,60.16629,24.95957,00000000fb7600be,20.28
9846,2019-08-04T12:41:21Z,a1b52cda133b45cf931b9e31d4037fb841f80432e99d6a000beeadc8,60.17002,24.94407,000000006b087f40,25.36
9847,2019-08-04T12:41:21Z,a22736c5d66f417bc6b745f51492549dc2e5a3c766f5e7e23f183b41,60.14947,24.91438,000000004ef3150d,9.12
9848,2019-08-04T12:41:21Z,a38a21a97a054541f0423f03758c70227116c05254958373e3e93ad0,60.14947,24.91438,000000004ef3150d,4.11
9849,2019-08-04T12:41:21Z,a3d228482bfdd3dbdfaee1ff72b6ac00c2ee8c05e949047ce9117783,60.14699,24.922,00000000a53ed894,6.46
9850,2019-08-04T12:41:21Z,a422a30ec1eb058c7930e1352297c161639faa5b3ca5f5fa47c4adb3,60.14947,24.91438,000000004ef3150d,11.7
9851,2019-08-04T12:41:21Z,a4f416ec0941bb365e3665d7fd224fad15d74225e8ce9f6dd6368bc7,60.17065,24.93641,000000000f4919c9,18.79
9852,2019-08-04T12:41:21Z,a6f944078dd26796f5a849ccb6fdf8a4436f913cf3302597c846462d,60.16762,24.95415,000000006b44cce7,8.38
9853,2019-08-04T12:41:21Z,a7472d1b63171c047444981df223670390009e3ea502132d9963e9fb,60.14947,24.91438,000000004ef3150d,11.7
9854,2019-08-04T12:41:21Z,a76d219c3abcc4ec3a54dd834263f9a24972c71be4c7bbbfc663f22f,60.14699,24.922,00000000a53ed894,9.92
9855,2019-08-04T12:41:21Z,a794d97e26d3678bb11b4364880414bb7bfac4bb49d1867b37b489f7,60.14947,24.91438,000000004ef3150d,4.94
9856,2019-08-04T12:41:21Z,a8df2631c2442628608c1f0352c896eb532a6ca08c85de2c77360aa8,60.14947,24.91438,000000004ef3150d,7.69
9857,2019-08-04T12:41:21Z,a8fffb1bf2cf3b58cca0395d98ab3763c45771fed32527f2dedb644b,60.149,24.9843,00000000fffb8cf0,23.56
9858,2019-08-04T12:41:21Z,a9383e1c3d9b3355965662ff18ad95dfb64daa5d8e71fc20e7e50df7,60.14699,24.922,00000000a53ed894,16.1
9859,2019-08-04T12:41:21Z,a96e9a3805def174e6ededa93b88ce312739d9d68941dffdeca03e9f,60.16762,24.95415,000000006b44cce7,5.41
9860,2019-08-04T12:41:21Z,aa076c3f0d09145aebbb750dde9849ba4eb6759e92ba5753280184d6,60.16762,24.95415,000000006b44cce7,11.7
9861,2019-08-04T12:41:21Z,aa6d51fc5411b69567cb854360c4a81267eac19446946eb27618306a,60.14699,24.922,00000000a53ed894,12.69
9862,2019-08-04T12:41:21Z,ac336ce74c60edd085a670c13e6a7f1225eef48d7b2d583211399d5c,60.17002,24.94407,000000006b087f40,18.79
9863,2019-08-04T12:41:21Z,acdcc8ae1d1c6bb055dfc108154eae58b4b894f0ce1ff174c1065c7e,60.16762,24.95415,000000006b44cce7,4.11
9864,2019-08-04T12:41:21Z,ad8af809ed47a3391bb53d11da159b3a8b0ddc264d94c049ce72bda0,60.17065,24.93641,000000000f4919c9,2.3
9865,2019-08-04T12:41:21Z,ae87b8dd8920695bc9e599874667205991c04e30666d8523f0be4350,60.14947,24.91438,000000004ef3150d,6.46
9866,2019-08-04T12:41:21Z,aebba42e4dd1ce769871996739978c7f80bb88994a3616c908b2cd1a,60.173,24.92524,0000000096918cfa,27.28
9867,2019-08-04T12:41:21Z,aec4b11f0b1ec075878ca4a3b94da464f6fc96e330b913d5bfd346b0,60.16897,24.95222,00000000aa852af1,9.92
9868,2019-08-04T12:41:21Z,af64ca430076b1e91eeb89134e0e026479928845cbe1943bc56104c2,60.14947,24.91438,000000004ef3150d,10.78
9869,2019-08-04T12:41:21Z,b12b27061f30d5659794f14cbed5e4726c5af1ef526611d3b2dded29,60.14947,24.91438,000000004ef3150d,9.12
9870,2019-08-04T12:41:21Z,b26a9be85f5fd17ea58397762fa55db3c8f68fb709d586d61527c892,60.16829,24.94214,00000000afef4555,6.46
9871,2019-08-04T12:41:21Z,b2a01c2a06c3cf1a48333e58e787d9eaf2f975a738c02878220d7774,60.16829,24.94214,00000000afef4555,23.56
9872,2019-08-04T12:41:21Z,b41cc64d7ab4e16a03573bdc3b5863c4b402ec66c7780c7900c02877,60.16829,24.94214,00000000afef4555,12.69
9873,2019-08-04T12:41:21Z,b523d3f8341906e4b3877ff7d9614b4e10d6bbf10afdcc6c53656c8f,60.17065,24.93641,000000000f4919c9,21.87
9874,2019-08-04T12:41:21Z,b5e3abaccf4a03480985d25eb9fbf454c87f7ad06c38c8bdeb0819fa,60.14699,24.922,00000000a53ed894,21.87
9875,2019-08-04T12:41:21Z,b7039958be9f53a3eaed97f705a1974815f52f25226e920155397bec,60.16075,24.95883,00000000f1124bca,13.75
9876,2019-08-04T12:41:21Z,b9c0ac0bb7310d92c296a8870603ebd12c0c632cfc2a1fa33092b337,60.16762,24.95415,000000006b44cce7,8.38
9877,2019-08-04T12:41:21Z,ba9825bb3cfae6aeb29833f0a11189802065c73f8e541b2bcb5b572f,60.14699,24.922,00000000a53ed894,21.87
9878,2019-08-04T12:41:21Z,bb0193f2b0ac4801fe82ed5cec75e687465d707d92e731047f81650f,60.1538,24.95595,0000000038bf9618,2.3
9879,2019-08-04T12:41:21Z,bbaf028173308162290db328f64d6280c3a54be11015e9f4a63d8c47,60.16762,24.95415,000000006b44cce7,13.75
9880,2019-08-04T12:41:21Z,bbe1e18f88cf88928067a0221965768c1f2ae264291cea564d7eb7e8,60.16897,24.95222,00000000aa852af1,13.75
9881,2019-08-04T12:41:21Z,bbf8cd606b9732370f1c0ae0e68d6d0663a23102d831dd10c0e74819,60.16897,24.95222,00000000aa852af1,9.92
9882,2019-08-04T12:41:21Z,bc07df8cc395f6f4f5d483b2233caca5f93a6918f346e4cc3702f8cc,60.16531,24.9442,00000000fdda10fe,14.89
9883,2019-08-04T12:41:21Z,bd055b33f37a0f4211ef88e2ac4d20e5a0620250bc6133d5ccbda839,60.14699,24.922,00000000a53ed894,25.36
9884,2019-08-04T12:41:21Z,bddca8fc17056f9f207a259070e281eedf4cea3e8e22093b88bbd7b5,60.14699,24.922,00000000a53ed894,9.12
9885,2019-08-04T12:41:21Z,be21a77f983baae8e0ba646eda0988a618149dcc7ef4c303c35d5377,60.14947,24.91438,000000004ef3150d,9.12
9886,2019-08-04T12:41:21Z,be5b7850eb542a980e9bad154d0a10b9aa87525829b6cf3c65f95156,60.16897,24.95222,00000000aa852af1,23.56
9887,2019-08-04T12:41:21Z,bebf1edb9736fe66391376c4cf2a3033ab9fa83ae21f86b66392e2d0,60.16762,24.95415,000000006b44cce7,11.7
9888,2019-08-04T12:41:21Z,bef86aee891e6813146b3b9679809c39591429ebddf99a44cc9a60ed,60.14951,24.92138,0000000006dd41f6,27.28
9889,2019-08-04T12:41:21Z,bf2e5725b255e320f1e8375ec03f55194f1fd9f751be9629d873a5c8,60.14699,24.922,00000000a53ed894,2.8
9890,2019-08-04T12:41:21Z,bf992d3cd95a73f02d7223eaffe90a94e3e1e98a8c6759bab631b5b0,60.14947,24.91438,000000004ef3150d,9.12
9891,2019-08-04T12:41:21Z,c0722f63618f97eb8ec4afac1a8538b81a3c87e623d753ad1201bf7c,60.16075,24.95883,00000000f1124bca,13.75
9892,2019-08-04T12:41:21Z,c0a0ca3433586ed2ae0e448f2406fabac7292ac79d49562e0bd5cef8,60.16762,24.95415,000000006b44cce7,13.75
9893,2019-08-04T12:41:21Z,c1e4323d2276cb6e358f5fabb123294e7a0ef87e7169f3cccc8f2e03,60.16075,24.95883,00000000f1124bca,18.79
9894,2019-08-04T12:41:21Z,c36d58ed0e0dddb3e26be1214e369db1c3fa3d4bcf8b53536a25239b,60.17065,24.93641,000000000f4919c9,4.5
9895,2019-08-04T12:41:21Z,c3be6dcc2c0542676c20d28ce38adbe2c0b9be09caa3f22e60210636,60.16075,24.95883,00000000f1124bca,11.7
9896,2019-08-04T12:41:21Z,c551d554f64ffda092ce6c4a6715f0ed438c9649f7676b2944f1ea2f,60.14699,24.922,00000000a53ed894,4.11
9897,2019-08-04T12:41:21Z,c593e91b10da944a20d25c4237bda2fae759d288cea38bcaaee3abfa,60.16448,24.97323,0000000053c6c2be,25.36
9898,2019-08-04T12:41:21Z,c633a260ce59bad4e1ca42f12936ed8ae57a40f5e6528dfb70052c43,60.16897,24.95222,00000000aa852af1,17.4
9899,2019-08-04T12:41:21Z,c7416c039513e3156222d936c483164a0914a3b5a5310985374f4767,60.17065,24.93641,000000000f4919c9,27.28
9900,2019-08-04T12:41:21Z,c7e2cfbb859ebc5dc1cba099bf270004843a57cc2aa134bab49a4f8e,60.14699,24.922,00000000a53ed894,21.87
9901,2019-08-04T12:41:21Z,cad80f69731ad65f7f14bf400d674e0c42de462bd42db112c9d9f261,60.16075,24.95883,00000000f1124bca,21.87
9902,2019-08-04T12:41:21Z,cb3f05d5604f5532e039e6d40514b13aba8f6274d952bb17a8b801fc,60.15432,24.9211,0000000019fb59c4,14.89
9903,2019-08-04T12:41:21Z,cbc336691f17a9c508549e03d522166247a0cd0a944321c1a7d15525,60.14699,24.922,00000000a53ed894,11.7
9904,2019-08-04T12:41:21Z,cbd334d06c16786ddc543b71b34da6278d203ac72606f0f9275e0936,60.16829,24.94214,00000000afef4555,17.4
9905,2019-08-04T12:41:21Z,cc2cf42c6b14536fb92c810ff0e3dd5a3caa74236f14246a5b6e8cdc,60.16762,24.95415,000000006b44cce7,4.94
9906,2019-08-04T12:41:21Z,cce6b6f309e43e2bb1be6a9784582a82891e976d0869d01040586d27,60.14947,24.91438,000000004ef3150d,9.12
9907,2019-08-04T12:41:21Z,cd2346f3db5667fe43eb0d974ddf486ce9722fe427e98ee232d1ba12,60.14951,24.92138,0000000006dd41f6,31.5
9908,2019-08-04T12:41:21Z,cd3e127e27387b6e06cdf27f46fb6046e4182e4d7b49b49c17167c1c,60.14947,24.91438,000000004ef3150d,18.79
9909,2019-08-04T12:41:21Z,cd4ecd3b83630f6e5d65f635804e47a1ceb82853aac36af30044f06a,60.149,24.9843,00000000fffb8cf0,4.5
9910,2019-08-04T12:41:21Z,cd9b2be9ffb37c8b7c5c25f587c95b1c7932a21fb245487ea2f740d9,60.14699,24.922,00000000a53ed894,20.28
9911,2019-08-04T12:41:21Z,ceb777dafa9b7e39125b89735b7f0cf22c3018eb0196043ac8160370,60.14699,24.922,00000000a53ed894,6.46
9912,2019-08-04T12:41:21Z,ced0425d382ce86b7565a8b7b36a453a0880a08ba10090524e6c1ac5,60.14699,24.922,00000000a53ed894,17.4
9913,2019-08-04T12:41:21Z,cf348d1ad8b56dd43f377926c2a3f3a9436d35fc378964335639effa,60.16829,24.94214,00000000afef4555,20.28
9914,2019-08-04T12:41:21Z,cfa42322be0000cf89d8969d1b88ace0ba99cab721dd58d55d41a36e,60.17065,24.93641,000000000f4919c9,13.75
9915,2019-08-04T12:41:21Z,cfc2a688ff31fbb1baac8790fb6d56dc7746ba2cf9e0e5f39d4751a4,60.14699,24.922,00000000a53ed894,4.11
9916,2019-08-04T12:41:21Z,d03671e2aa8386fb28a425b20505ceed966063990d65611e2dfda4f2,60.16075,24.95883,00000000f1124bca,33.81
9917,2019-08-04T12:41:21Z,d0413da80c7714f40ffe50dcfb00039280c64ecebc61c59df72965e6,60.149,24.9843,00000000fffb8cf0,23.56
9918,2019-08-04T12:41:21Z,d098b9b5b30c5fcd4ae8a2b8bc761df72829713d3ae919634876d349,60.14699,24.922,00000000a53ed894,16.1
9919,2019-08-04T12:41:21Z,d0aa228c2a3e6e1568e876cffc76874702e0f0f63f18533551bf02c1,60.16075,24.95883,00000000f1124bca,11.7
9920,2019-08-04T12:41:21Z,d3486259a51296194d20e84e88ba4588e37cf48661effba832c33ab0,60.16762,24.95415,000000006b44cce7,16.1
9921,2019-08-04T12:41:21Z,d38e88e5b926f9d1de6e326cca45116fcca11f10684c80876739c6cd,60.16075,24.95883,00000000f1124bca,7.69
9922,2019-08-04T12:41:21Z,d3a37aedae39925bda7da8e4f05a61b85904a00f88e8684006c76351,60.16829,24.94214,00000000afef4555,17.4
9923,2019-08-04T12:41:21Z,d64eda229ebb6012e59bc89eacb74918e404ce52f16b491f3d48e800,60.16897,24.95222,00000000aa852af1,17.4
9924,2019-08-04T12:41:21Z,d87210146aab139cc6640a20b428dce6ac516806a71a177b70e04f62,60.17065,24.93641,000000000f4919c9,9.92
9925,2019-08-04T12:41:21Z,d8983a8fe916583702bb776d3d8d3cbbe9e78778fd44d07c52ad1f2d,60.14699,24.922,00000000a53ed894,17.4
9926,2019-08-04T12:41:21Z,da667dfa2d8a272a7398e186de027fabd2052052c0aad767a1c7d966,60.16897,24.95222,00000000aa852af1,9.92
9927,2019-08-04T12:41:21Z,daac051ca20430238282e179e0fe525b11ff1e8f1ace26d45b41f331,60.14947,24.91438,000000004ef3150d,4.11
9928,2019-08-04T12:41:21Z,db6993de0692cf79ab1b8e7d86e4b5832d11f57f026a6eb339f977bf,60.14699,24.922,00000000a53ed894,16.1
9929,2019-08-04T12:41:21Z,db9cee77723e2258651606fd447070139d95eb1138f8e56957bff8f1,60.17002,24.94407,000000006b087f40,27.28
9930,2019-08-04T12:41:21Z,dc15145376f4a497910c8d2231d671bf62f1918ad93938a48fdc3eb4,60.149,24.9843,00000000fffb8cf0,20.28
9931,2019-08-04T12:41:21Z,dc24189648e8aebda71bb795080696e046c45f7e46940e0a9dc57a90,60.16629,24.95957,00000000fb7600be,31.5
9932,2019-08-04T12:41:21Z,dd1278c656b83508f32f0334118ac984d95164034946b33271fd7f25,60.16544,24.95398,0000000038d83d41,23.56
9933,2019-08-04T12:41:21Z,ddd849ee86afceedd5f5582ede84380d5596c9ea304d634ab0fd0de0,60.16829,24.94214,00000000afef4555,1.12
9934,2019-08-04T12:41:21Z,de09fd8d15c3d7adbf440a3d0a418a3b476513c968bda8a4aa652adf,60.173,24.92524,0000000096918cfa,27.28
9935,2019-08-04T12:41:21Z,de0d086ae32f87522eab31d3bc52545ed17b065889674963c0709568,60.16829,24.94214,00000000afef4555,14.89
9936,2019-08-04T12:41:21Z,de80795ef38ec3fc82bdcfad2e6b8085944d32f16f7a69122fa220ab,60.16762,24.95415,000000006b44cce7,21.87
9937,2019-08-04T12:41:21Z,de84f754a3916c8f831b0bb8ea41fc2a42cdea2794558fece3c7ae97,60.1538,24.95595,0000000038bf9618,14.89
9938,2019-08-04T12:41:21Z,e23a6115ba872037f9b5066c9c9c966b497f449e32a2c9ceb0e55497,60.16829,24.94214,00000000afef4555,12.69
9939,2019-08-04T12:41:21Z,e2ad7d478fd698beae83366f49585d9825bec4865c1610162f3108c2,60.16897,24.95222,00000000aa852af1,31.5
9940,2019-08-04T12:41:21Z,e341e5e3e0b4fef8c3764508293310da5922b202d791694e43069ad1,60.16544,24.95398,0000000038d83d41,23.56
9941,2019-08-04T12:41:21Z,e34bcebfa007159f3d2adb0e62e20fcf721a221f52bdfe2a6ad77831,60.18203,24.91341,00000000342570c2,17.4
9942,2019-08-04T12:41:21Z,e35717ff07f32be5a2e1520f1855533f8dcc72cff7930c9cba9da32b,60.14947,24.91438,000000004ef3150d,7.69
9943,2019-08-04T12:41:21Z,e38f18bc3340e4884e84fdcf1f0e33a019ef2f2b9fb1430e5b3d35c3,60.16762,24.95415,000000006b44cce7,23.56
9944,2019-08-04T12:41:21Z,e3c03ee00a1bcd066f8b260cc5b9824d1118b7b7f972a818752aabc7,60.14947,24.91438,000000004ef3150d,9.12
9945,2019-08-04T12:41:21Z,e40a26f3f7468f4ac2302b45f1ed9aab7fea245ccf81d0c08072c881,60.16829,24.94214,00000000afef4555,18.79
9946,2019-08-04T12:41:21Z,e447e76c7b53157c11d5bfeb172c27332c81b5ec7f263badf5507888,60.149,24.9843,00000000fffb8cf0,9.12
9947,2019-08-04T12:41:21Z,e621e7131322cca25ac9c09fde26ef4c94d2ba83c5679134b2bcf63d,60.16762,24.95415,000000006b44cce7,18.79
9948,2019-08-04T12:41:21Z,e66d473bad6a91e23d2b1e0cfa70e8f5b016ff6dd7358b5291d022a4,60.16762,24.95415,000000006b44cce7,13.75
9949,2019-08-04T12:41:21Z,e6f4e3d1f5e01888556b077224cb4d8f88d63306fff2388e3fd997d0,60.14951,24.92138,0000000006dd41f6,18.79
9950,2019-08-04T12:41:21Z,e9115410fa45db5a174eee008cae729dc69937a0e0b5a304899bf1b9,60.17065,24.93641,000000000f4919c9,21.87
9951,2019-08-04T12:41:21Z,e92eb020afcd7c1fad04690230ff8c2f005e404dd25b8dced1df30dd,60.16075,24.95883,00000000f1124bca,10.78
9952,2019-08-04T12:41:21Z,e95415d461b040c869512659bcc843eedf3267c4b029a0b3fab444aa,60.16829,24.94214,00000000afef4555,18.79
9953,2019-08-04T12:41:21Z,e9e19621fc5cfcfed2c808bbadc6cc6dd31e28d3c04cef8b89ca2729,60.16075,24.95883,00000000f1124bca,9.92
9954,2019-08-04T12:41:21Z,ea157e44ed100be3f782d8b3d8e5e0986079c588c9ea754b14917df0,60.16829,24.94214,00000000afef4555,6.46
9955,2019-08-04T12:41:21Z,ec350e26364cb676c4cdb72647f039c31e27c775e7bb8973223e5d9b,60.14947,24.91438,000000004ef3150d,17.4
9956,2019-08-04T12:41:21Z,ec424a10bcefb6e69c2eabf42534f06e7a10aa0cfb28f6478052cade,60.14699,24.922,00000000a53ed894,11.7
9957,2019-08-04T12:41:21Z,ef352dcaa8317b6a3c0a02cd8908dd13da5601cc66ba65c5fd8d031a,60.14947,24.91438,000000004ef3150d,4.94
9958,2019-08-04T12:41:21Z,ef77b04fc57a9781bf581172358ba74cf41e0b2a6ecc8090f99810bf,60.14699,24.922,00000000a53ed894,12.69
9959,2019-08-04T12:41:21Z,ef9a957427fa29cb6199e006dc4dfe8d84f32aef7faf1d897e18947b,60.16897,24.95222,00000000aa852af1,25.36
9960,2019-08-04T12:41:21Z,efe8b6c6fdf0d2caccd589aaaa4f0228a80590ff9ec7961f2e92103d,60.16762,24.95415,000000006b44cce7,4.5
9961,2019-08-04T12:41:21Z,f062cb52d49926a4fb39f723275ed60ab6c0f3bf34e0c3f9d233b7b8,60.14947,24.91438,000000004ef3150d,8.38
9962,2019-08-04T12:41:21Z,f1e73fa6dab8e8a2db6d7515f601fac161f17c34beb84aa55e812a9e,60.16762,24.95415,000000006b44cce7,12.69
9963,2019-08-04T12:41:21Z,f2759841619517bff6a58510ebb0ddbc9378cd300d99652f9b14f90d,60.16531,24.9442,00000000fdda10fe,27.28
9964,2019-08-04T12:41:21Z,f2deba4ef84dbbc8c5d8524f6e2311183003bce4f9bfa6aef5b5ef66,60.14947,24.91438,000000004ef3150d,13.75
9965,2019-08-04T12:41:21Z,f2e063c8c25a8bec0dd6ec3924a5f59fd9694078f2f3fd5b3ea96f29,60.16762,24.95415,000000006b44cce7,14.89
9966,2019-08-04T12:41:21Z,f39827c3c7f4c833d1118043492f78e3255b6da9f4a2c000041d9b61,60.16829,24.94214,00000000afef4555,2.8
9967,2019-08-04T12:41:21Z,f3ec2366b51157150674e5ab6293bdb19e0b30ca4296fee4c97b811c,60.14699,24.922,00000000a53ed894,8.38
9968,2019-08-04T12:41:21Z,f45bb5439cba45e9d83f582863bb79887e6c579fad6697300ab0fb93,60.14699,24.922,00000000a53ed894,27.28
9969,2019-08-04T12:41:21Z,f5f7cfe177dfb0b7ebba2419ae53f70b6b5690dd98d98586004a9107,60.149,24.9843,00000000fffb8cf0,18.79
9970,2019-08-04T12:41:21Z,f796c9efc581b25280d4b416f8ba3aecca6ddf083e7bdad05f6e595e,60.14699,24.922,00000000a53ed894,7.69
9971,2019-08-04T12:41:21Z,f7f0caf73572bea3c08b592eeb9655b2668cfb16fd8840ca5619d84a,60.14699,24.922,00000000a53ed894,3.74
9972,2019-08-04T12:41:21Z,f847ec4111b37a677f1bd2577f778f653309f7b486974fefcf5eb8c9,60.1538,24.95595,0000000038bf9618,25.36
9973,2019-08-04T12:41:21Z,f89ed6a4a644f021299a91bd365b752023ef85e8cb44c2ce33ca3b07,60.16448,24.97323,0000000053c6c2be,21.87
9974,2019-08-04T12:41:21Z,f9399339c3de44774896319d3f291771cebcaf2666df1d6062469882,60.16531,24.9442,00000000fdda10fe,33.81
9975,2019-08-04T12:41:21Z,f9a7057352731d27889cbd388be5902a6e62b297a3467232e8e47094,60.16762,24.95415,000000006b44cce7,11.7
9976,2019-08-04T12:41:21Z,f9f454563bb2c7fd9944c5f164bf6c5fad98bb698039934d4d8b54dd,60.16897,24.95222,00000000aa852af1,27.28
9977,2019-08-04T12:41:21Z,fa96854324adae88abb35afa34b2393a20338bfd8fc9602d3ce6ae8d,60.14947,24.91438,000000004ef3150d,13.75
9978,2019-08-04T12:41:21Z,fadc39da3cd26ac621092fbbff224b95bb13446c8d24bbf4f3e50e90,60.14947,24.91438,000000004ef3150d,9.92
9979,2019-08-04T12:41:21Z,fce50ac3cfd2f3b7a897f6575eeda4e45ab42e5b9b5351be836cc0de,60.16897,24.95222,00000000aa852af1,29.32
9980,2019-08-04T12:41:21Z,fd77161cf9715d9d0f922cf45e79e5d9b9debef5113cb32a4f82ef76,60.16762,24.95415,000000006b44cce7,5.41
9981,2019-08-04T12:41:21Z,fe5ca86c906b1cb3bf9dd257ceefc562e41da499878f1074484f7d42,60.14947,24.91438,000000004ef3150d,10.78
9982,2019-08-04T12:41:21Z,feb399897846bc34dc3f4b06ac4ef0ffb0db885977b88e5c5fdb7350,60.14699,24.922,00000000a53ed894,7.69
9983,2019-08-04T12:41:21Z,ff8280896145ae17e594c52eac2cdbab47d3757d797878fbc4298596,60.1538,24.95595,0000000038bf9618,29.32
9984,2019-08-04T12:41:22Z,0152988639aaaa9cc27213280c8f0c0c8ec97ae6a45aaaf743c9c25d,60.16544,24.95398,0000000038d83d41,23.56
9985,2019-08-04T12:41:22Z,07d86ad98399440d0cc3bd3382a7256feb971e49a3686dc17f532e1c,60.16829,24.94214,00000000afef4555,11.7
9986,2019-08-04T12:41:22Z,14c7e1511b70f4dd3359cbece1377aebb4d70531f5489eefe53d7c3c,60.16544,24.95398,0000000038d83d41,21.87
9987,2019-08-04T12:41:22Z,1526f3d92e309513df962ba40c1be4462d5f9b2f140656864b73824f,60.16075,24.95883,00000000f1124bca,27.28
9988,2019-08-04T12:41:22Z,1599d2c9070a6f05e1a5887c2d9209214c04818c6203fe75440734f2,60.1538,24.95595,0000000038bf9618,25.36
9989,2019-08-04T12:41:22Z,165ebbb4090d47319ae370f0d0854fdc1f6b79499f8b2e4d3c3533c0,60.16544,24.95398,0000000038d83d41,33.81
9990,2019-08-04T12:41:22Z,211f6b7b044343d0be369791b3fa3c144d0d0f391e2a42787712efb0,60.16448,24.97323,0000000053c6c2be,12.69
9991,2019-08-04T12:41:22Z,25a7ff811c3c06e426c7c2cbb0433d9a2a3399b23afecbd35584ab0f,60.18203,24.91341,00000000342570c2,13.75
9992,2019-08-04T12:41:22Z,2603b5aecd8f219a410e558446935308ecabb09a6c9e5b38533728ff,60.16829,24.94214,00000000afef4555,14.89
9993,2019-08-04T12:41:22Z,2d3d031189abfaea69cd551a97b2b2d056a908f19bc56701010a2304,60.16897,24.95222,00000000aa852af1,13.75
9994,2019-08-04T12:41:22Z,2d407793ce0a0290a87debe672b1af2af93c687ca83668e17fb0ce63,60.14947,24.91438,000000004ef3150d,9.92
9995,2019-08-04T12:41:22Z,2e5e2eac7a17783a1e43da2fe5aef5541fb947978263e9480ff79b23,60.17002,24.94407,000000006b087f40,27.28
9996,2019-08-04T12:41:22Z,30e3389e320b91ba0341093af7122d03c3b4b3f11096f7885cd6845b,60.16897,24.95222,00000000aa852af1,20.28
9997,2019-08-04T12:41:22Z,315af4a829b592ba99b203b8ed2cbd499769f8752dfe6de7da4ee929,60.16829,24.94214,00000000afef4555,14.89
9998,2019-08-04T12:41:22Z,35568b1e0d67c5d7b6b15bb08540a1aafe24817a9bc06673b97e85c9,60.14947,24.91438,000000004ef3150d,20.28
9999,2019-08-04T12:41:22Z,3944bc7a301be7241d1f7bc4a97f221000d535ce3d8a9af9af9b23b5,60.16531,24.9442,00000000fdda10fe,29.32
10000,2019-08-04T12:41:22Z,3a93902ba6b635489cd6f55b08d93e6fe7a5bc0a86a0b490a88f6d1b,60.16075,24.95883,00000000f1124bca,27.28
10001,2019-08-04T12:41:22Z,3fe5f4ccfa5c777ceafda0674d7c9da6f509f6694b4c2fa254b32e73,60.16897,24.95222,00000000aa852af1,20.28
10002,2019-08-04T12:41:22Z,3fe84a5a1e657df8910685df3a8cf779a6ebc3362fbc8e578f235ee4,60.15432,24.9211,0000000019fb59c4,7.05
10003,2019-08-04T12:41:22Z,4317f5904a5e6ae921bf743dd534c803083fd90b15a1245881beeade,60.16897,24.95222,00000000aa852af1,20.28
10004,2019-08-04T12:41:22Z,43b676ed3aef4c2d8846694817e76117873be52e7f788e0cb366c1c4,60.16629,24.95957,00000000fb7600be,25.36
10005,2019-08-04T12:41:22Z,44d0b94469070803869f229601e877beb613c3f5aafa009addf97a1a,60.16544,24.95398,0000000038d83d41,23.56
10006,2019-08-04T12:41:22Z,4656bad9b5e6dfc3977eca308fc1db3dbf8b0204b90d09b001da242e,60.1638,24.96846,00000000d747f075,25.36
10007,2019-08-04T12:41:22Z,5bbb5184fded3e51bc78e45e39917794285e6bbc72da404802a9599a,60.16531,24.9442,00000000fdda10fe,27.28
10008,2019-08-04T12:41:22Z,5d65719c4cbf045f068d084b72302f447d5fd034413d97d13be00d0e,60.18203,24.91341,00000000342570c2,18.79
10009,2019-08-04T12:41:22Z,5eed115a984d490b02b602d73787aee8dc8c4e9365b77fbff3818a76,60.16629,24.95957,00000000fb7600be,16.1
10010,2019-08-04T12:41:22Z,5fecff186138a9b3e31c6086c33dcd5f1d209e64f0afeed7c688cab0,60.16897,24.95222,00000000aa852af1,23.56
10011,2019-08-04T12:41:22Z,653a92a7828f2c43bc74899753f872e8b93c30b6fb419b651a94bbc1,60.16897,24.95222,00000000aa852af1,20.28
10012,2019-08-04T12:41:22Z,66dabd3229229330d23c70e9e1737429ddfe69db01f4a6a00f70fa20,60.16762,24.95415,000000006b44cce7,23.56
10013,2019-08-04T12:41:22Z,69219e9efa41ae9e732653e9eaf08e1a34cb853a9dafe76ddeea4d04,60.16897,24.95222,00000000aa852af1,14.89
10014,2019-08-04T12:41:22Z,6a70e2fbced719333e21eff04fcb9cb36bae9a04d1a3d6ddd96f2c58,60.15432,24.9211,0000000019fb59c4,7.69
10015,2019-08-04T12:41:22Z,6c8861f56a280e7752e10439271a2498527c69b0796f58de4afc6008,60.16075,24.95883,00000000f1124bca,18.79
10016,2019-08-04T12:41:22Z,6f06341f358e61699fe1e55e986dd0554bc8da28b91daf0c5ad99db6,60.16629,24.95957,00000000fb7600be,18.79
10017,2019-08-04T12:41:22Z,6ff437688c444238352c28f64f9d2a7d0f14d19c9ea42c225380501e,60.16762,24.95415,000000006b44cce7,23.56
10018,2019-08-04T12:41:22Z,70d8572458a1a103555bab897b6443e601e0ed211414b15ad0b56f60,60.16544,24.95398,0000000038d83d41,27.28
10019,2019-08-04T12:41:22Z,737efc92e3419e9d96a8559ec341ea7e18ba6381fd8e4de3d06f82a0,60.14699,24.922,00000000a53ed894,23.56
10020,2019-08-04T12:41:22Z,7678cdb86d454ca9ae52f22d97e635106585a3a046d01da4463695cc,60.18203,24.91341,00000000342570c2,20.28
10021,2019-08-04T12:41:22Z,79f136afa0dd8717337c01c70b457c464aaf0fa25b440f51a394ec23,60.16762,24.95415,000000006b44cce7,16.1
10022,2019-08-04T12:41:22Z,832e732a4e75c1e6f493d5e7fad4a38a512acad1bfe0345895677e4a,60.16897,24.95222,00000000aa852af1,17.4
10023,2019-08-04T12:41:22Z,87dfaad29a9276ddddb1fa021d3bc23ad14824c1af16f7d87e713689,60.14951,24.92138,0000000006dd41f6,12.69
10024,2019-08-04T12:41:22Z,88808fe92573e9cdf022cc15b9689b6b4b9429f60513c8897b0ba4c7,60.16897,24.95222,00000000aa852af1,16.1
10025,2019-08-04T12:41:22Z,89982a6acf91b79a282a6b63978e946ee205f303fcd20e944e06baf0,60.16544,24.95398,0000000038d83d41,23.56
10026,2019-08-04T12:41:22Z,8c3b1ed0846e38cc84b863a80540c8a75bfd85c8bdda36563d153110,60.16544,24.95398,0000000038d83d41,23.56
10027,2019-08-04T12:41:22Z,8c75c3289c84fe4493e1e272a77b615fe1985880c5dc68a7c1a17b53,60.16762,24.95415,000000006b44cce7,12.69
10028,2019-08-04T12:41:22Z,9843c6216661048343a0e49cf3d8aa2883cf77f452666a1c873a1052,60.16448,24.97323,0000000053c6c2be,27.28
10029,2019-08-04T12:41:22Z,a8f8130135c784b027355228017bbfe99e5a6eecec153d44b78bedd3,60.16829,24.94214,00000000afef4555,11.7
10030,2019-08-04T12:41:22Z,af807b67ce09a2ce1744025c421961213f1608ca658ece4df69555a1,60.16762,24.95415,000000006b44cce7,13.75
10031,2019-08-04T12:41:22Z,b33ae7715d6d2571066655c2c8954a5a364b5601869047de83410d9f,60.16629,24.95957,00000000fb7600be,21.87
10032,2019-08-04T12:41:22Z,b3d30798e4605a05b11dfff0f3fe01c2e8e16ac491fdb956f128ff23,60.14947,24.91438,000000004ef3150d,14.89
10033,2019-08-04T12:41:22Z,b5fd6b317890e5ab2d79e2cd1abe61626d45a753c7337d0d40728898,60.16762,24.95415,000000006b44cce7,11.7
10034,2019-08-04T12:41:22Z,bb98768dad0f7c52cf643f035a3e7e48f5cfe28557c66f2a75914b31,60.14699,24.922,00000000a53ed894,16.1
10035,2019-08-04T12:41:22Z,bca443064699e0ac05c40e587aef06d7fd580817e739133a501490bc,60.14699,24.922,00000000a53ed894,25.36
10036,2019-08-04T12:41:22Z,bcb0201b0a1edf350ae2f681076e7d2d48ebd94c075bd3ca59552020,60.16897,24.95222,00000000aa852af1,14.89
10037,2019-08-04T12:41:22Z,bce16addb0ad2b7209298c35b3506869253f4e4a612a4cb45803ddf2,60.16075,24.95883,00000000f1124bca,21.87
10038,2019-08-04T12:41:22Z,be41ebc5fb0d348fc1ef1166d44251c3112a78a4ea01aa980364ee7c,60.14699,24.922,00000000a53ed894,12.69
10039,2019-08-04T12:41:22Z,c40c37def6bf11a63a2556519a7c6233fd417cdeea2cf14f28e7c42c,60.16531,24.9442,00000000fdda10fe,27.28
10040,2019-08-04T12:41:22Z,c97eb4181394121907d47b908495f54e5ee5145ff790f7a1dc21b3cf,60.16897,24.95222,00000000aa852af1,14.89
10041,2019-08-04T12:41:22Z,ca6927628f5ddda20036865c9345ad93d476d62ade3b181de568eed6,60.16897,24.95222,00000000aa852af1,20.28
10042,2019-08-04T12:41:22Z,cf05623e4d87ce0906c0b0b7dbf53aacc1228016cd27c341228b6e76,60.18203,24.91341,00000000342570c2,18.79
10043,2019-08-04T12:41:22Z,cfc0bedb78ded52749db3188cb188bf6a250ef5990da9c5afa9623fc,60.14951,24.92138,0000000006dd41f6,18.79
10044,2019-08-04T12:41:22Z,d0a50f3001c258a38880550f6c0835fcaa85f0a6d36687dc5de98f3b,60.16629,24.95957,00000000fb7600be,21.87
10045,2019-08-04T12:41:22Z,dcb7e8bb90af70568c12a902d706c70e1ac1213e31ba074756f0a27a,60.1538,24.95595,0000000038bf9618,36.27
10046,2019-08-04T12:41:22Z,e8690c2d1711bc10f2d1251a3b5b1e770b98c66c384760400c604de1,60.16829,24.94214,00000000afef4555,14.89
10047,2019-08-04T12:41:22Z,e8e366e76c97944e23c0f80b4fd3ce6e5832744922297146a49f0c7e,60.16762,24.95415,000000006b44cce7,7.05
10048,2019-08-04T12:41:22Z,e96bd269a48b822b06141c3362fcb6d5ed4d0d09a120f2e4a712d5c2,60.16897,24.95222,00000000aa852af1,11.7
10049,2019-08-04T12:41:22Z,eee5797db5c3753514933a12e2485caee4ee5803b4d830ba1c22e5c5,60.14947,24.91438,000000004ef3150d,9.92
10050,2019-08-04T12:41:22Z,efa8e25ea4c5ed441c13cffe6302f0a18f60181c6ede8e013f75a44c,60.16829,24.94214,00000000afef4555,14.89
10051,2019-08-04T12:41:22Z,f088630d7476dae7d4b7e2bb1f10575f2c89acb4b6e061f3d57c2b40,60.16531,24.9442,00000000fdda10fe,25.36
10052,2019-08-04T12:41:22Z,f29ea15113ac0eea0be8ec41c633909de4b0b9ab6c7b9898b128080c,60.16897,24.95222,00000000aa852af1,16.1
10053,2019-08-04T12:41:22Z,f405a7c4a3a4339f8e3f7e552f6492d6eed76f7d08c54943286213de,60.16762,24.95415,000000006b44cce7,13.75
10054,2019-08-04T12:41:22Z,f6609ab1076b1105bb845595a03b41b8fbb282f79c337df5bbc9f841,60.14699,24.922,00000000a53ed894,16.1
10055,2019-08-04T12:41:22Z,f94dddacf96965952551200a02b41925bcd21402aceafb12f19931af,60.16075,24.95883,00000000f1124bca,13.75
10056,2019-08-04T12:41:22Z,009ad4cd2bd97e04da44cc9789e6bdbdb899eded61d05b7d5634b7be,60.16829,24.94214,00000000afef4555,7.05
10057,2019-08-04T12:41:22Z,02978cd5cb7127a718d3d775079ab940a3e81885ce6106495cca5ee4,60.1538,24.95595,0000000038bf9618,31.5
10058,2019-08-04T12:41:22Z,036c183505fea646b54aeb0c612913cafba94eca65e47d3c6d840a68,60.17919,24.95181,000000007b5207b6,20.28
10059,2019-08-04T12:41:22Z,038e7f3d1d9babcdb48b63ff8e3e1ac732b3c29f665dc7d9a1819abc,60.14699,24.922,00000000a53ed894,10.78
10060,2019-08-04T12:41:22Z,0479a26a59d65bf1dee05c06f4227a0ba63a6e9c9a09e7c34f2e06b4,60.14699,24.922,00000000a53ed894,10.78
10061,2019-08-04T12:41:22Z,04b49a34910d12f55243dd5a756c7cc1e506e5d3cdb418cc635e9ad9,60.16762,24.95415,000000006b44cce7,13.75
10062,2019-08-04T12:41:22Z,04f35922a81b516e7028f61c6ff34faf6da85df0a5cfcefb6df1861f,60.149,24.9843,00000000fffb8cf0,20.28
10063,2019-08-04T12:41:22Z,05d441c83d2df822feaf93d7861452db7a201f22d84cfa36f421dfd2,60.16544,24.95398,0000000038d83d41,21.87
10064,2019-08-04T12:41:22Z,07444c376c2a48ed91a2f5462cab887c00378edb4175ee969deb207e,60.18203,24.91341,00000000342570c2,25.36
10065,2019-08-04T12:41:22Z,0745a2141a9beee786a347d3ee1b071719fd2f4abfeeab7f5248c0ad,60.14699,24.922,00000000a53ed894,12.69
10066,2019-08-04T12:41:22Z,0851ab74be2e888decf0046825f09ed302f7b2275e72b09b5b713d85,60.16829,24.94214,00000000afef4555,14.89
10067,2019-08-04T12:41:22Z,0947f9d6bb6c34e382e008052b704b6521ac4f7678a2e8a719bb574b,60.15432,24.9211,0000000019fb59c4,31.5
10068,2019-08-04T12:41:22Z,0a0acb70a8ef92be52a64d4425e70bb2f7a17d13942c3382c9d68878,60.149,24.9843,00000000fffb8cf0,2.3
10069,2019-08-04T12:41:22Z,0a5616e066b42895361324cfa8abef41d849a55e3e4bed429bab494b,60.16829,24.94214,00000000afef4555,11.7
10070,2019-08-04T12:41:22Z,0a5ed50daf13dd10744537aa851ac7ab1d34d9797ec6ab6e2402aebb,60.16762,24.95415,000000006b44cce7,2.3
10071,2019-08-04T12:41:22Z,0aabf0df4c3c5b45bb8950c92dbe624985f19e8650ed61f92571a65a,60.14699,24.922,00000000a53ed894,7.05
10072,2019-08-04T12:41:22Z,0acb4bd7319729fea4acf035921d1136d86a307a60b4444669cede1a,60.14699,24.922,00000000a53ed894,6.46
10073,2019-08-04T12:41:22Z,0b0dd9af9d52c68ff71ce266d6707abbb0f56c3c63be0f83f7b5df9b,60.16762,24.95415,000000006b44cce7,4.5
10074,2019-08-04T12:41:22Z,0c905239b8c0e14cba671cf4d4d715d1045a30ee62a6285fb489dbb0,60.16829,24.94214,00000000afef4555,8.38
10075,2019-08-04T12:41:22Z,0d3525b13d674f1645fdbe6d842fe37b2f416889c5472e9dfcc5445c,60.14947,24.91438,000000004ef3150d,9.92
10076,2019-08-04T12:41:22Z,0edfab64a80649c1b0b39aec3f774c4eab39a95d487fb651e1dc3329,60.16762,24.95415,000000006b44cce7,27.28
10077,2019-08-04T12:41:22Z,0ef4d4e0ed1d5a16b616f3722210deaa1f3be532439fb707802f70a2,60.16075,24.95883,00000000f1124bca,29.32
10078,2019-08-04T12:41:22Z,10a99e791e27975dc1c9d73d3163cabacf3bd7bd05a4f7abf6365426,60.14699,24.922,00000000a53ed894,9.12
10079,2019-08-04T12:41:22Z,120a63917cb5ab619bf9a71328f14020736ee84e75d5b37278748def,60.16897,24.95222,00000000aa852af1,14.89
10080,2019-08-04T12:41:22Z,121345c4cf0d0f18c684c4eb22e496ac6f8fb537ec2f3812f6966b67,60.16762,24.95415,000000006b44cce7,11.7
10081,2019-08-04T12:41:22Z,124cce476184e061b136f481014a2abc7208d30e4e520ffd90c85adb,60.17002,24.94407,000000006b087f40,12.69
10082,2019-08-04T12:41:22Z,12bf044abd7bbc406ad00d85c23d66d7464c84745bdcc47827185b3a,60.16897,24.95222,00000000aa852af1,10.78
10083,2019-08-04T12:41:22Z,13bcedb8c59b26417282929d81844b272c7c5bc295614f531219a8e4,60.14947,24.91438,000000004ef3150d,9.92
10084,2019-08-04T12:41:22Z,13ee67fb034e3d24edc9a9618e9d6de24979ebbcb399f83abb02a897,60.14699,24.922,00000000a53ed894,6.46
10085,2019-08-04T12:41:22Z,1423891c6ee1edc7da83904378a35aef2e5797db95b117651d676934,60.16762,24.95415,000000006b44cce7,3.74
10086,2019-08-04T12:41:22Z,1496ce9cf373a2a508a8ab0b7aa0604dd889fd69483881c3752219af,60.14699,24.922,00000000a53ed894,9.92
10087,2019-08-04T12:41:22Z,1582eee04b12138ba897d22887174c8a8df1e17f4a6e78e892042b2c,60.16762,24.95415,000000006b44cce7,16.1
10088,2019-08-04T12:41:22Z,15ee12e5f9be00a79b0cbbc9912f51cbfa3e486624567e1bde938fb6,60.1538,24.95595,0000000038bf9618,33.81
10089,2019-08-04T12:41:22Z,161aa798c2a18e132fb27ecded773218ea4e42eabbd0e5794b1d7017,60.15432,24.9211,0000000019fb59c4,25.36
10090,2019-08-04T12:41:22Z,16ca2e50aab654110e1bb81e5e374133f99b7f103d24d5cc9635423c,60.16897,24.95222,00000000aa852af1,21.87
10091,2019-08-04T12:41:22Z,1769031b7f4d75de0541e26427b9ecc92c84b80992e3b36bb8eb799e,60.16829,24.94214,00000000afef4555,11.7
10092,2019-08-04T12:41:22Z,17af6ab252328066d6b13406084507dfa7a7f6db3030872e7f87223d,60.17065,24.93641,000000000f4919c9,20.28
10093,2019-08-04T12:41:22Z,1882b53729765cca25bc63400074242872d6fbc57882f131285b277f,60.16829,24.94214,00000000afef4555,18.79
10094,2019-08-04T12:41:22Z,19e53513589dcba5028a4b34911362f7371db2323ba85afdee89638d,60.14699,24.922,00000000a53ed894,14.89
10095,2019-08-04T12:41:22Z,1a93dfa31156cee53b4bd527d8b74655a5da812b6933d8a86d871e47,60.14947,24.91438,000000004ef3150d,8.38
10096,2019-08-04T12:41:22Z,1bcef866fafad7c7460a084e0b0d27c087b549f4ae704390708be47e,60.149,24.9843,00000000fffb8cf0,6.46
10097,2019-08-04T12:41:22Z,1c97d2bebb0ebb21f9e68c4c27224b7f8d52178c0bf62341cd087e15,60.14699,24.922,00000000a53ed894,14.89
10098,2019-08-04T12:41:22Z,1dacfb371d75dd4f90f447aac2a00faad98beb4188a6971c19eb2375,60.16629,24.95957,00000000fb7600be,23.56
10099,2019-08-04T12:41:22Z,1e63d2090b520af23ca3d2c9a05047dc0b0c63f7471b86e9d9f3e7cc,60.16629,24.95957,00000000fb7600be,21.87
10100,2019-08-04T12:41:22Z,1f74037ecab4dbdc5db1a8dc8b583a86630f86a5f2d0a5167b7fa605,60.18203,24.91341,00000000342570c2,13.75
10101,2019-08-04T12:41:22Z,1f81ed7274add201d3059d4a37e2bbe86b6ae1f0fd42a16d7b8dccaa,60.14699,24.922,00000000a53ed894,7.05
10102,2019-08-04T12:41:22Z,203a0c145a43c9a18f8c2a5ba4e18882e7430662bb4ac0e56ab37578,60.17065,24.93641,000000000f4919c9,14.89
10103,2019-08-04T12:41:22Z,203ea7cefd45873084263df2b0f41ad7b2e8878222fb6a53c263c534,60.16829,24.94214,00000000afef4555,29.32
10104,2019-08-04T12:41:22Z,20ac7b2ace7c0038aa8df01b9281a9c54f1551fc8ab9b662b1f1ca22,60.18203,24.91341,00000000342570c2,9.92
10105,2019-08-04T12:41:22Z,21bdc11bb63fb48c9d4b5308540ee5df579c9a385001a10fceeeedf3,60.14699,24.922,00000000a53ed894,20.28
10106,2019-08-04T12:41:22Z,21eed3ade733687b8f56fade8290819b7c6b4a9f38468979fe692c3e,60.16762,24.95415,000000006b44cce7,4.94
10107,2019-08-04T12:41:22Z,2204ba387d2db0e7d2ca03f7ace46abff8d141668b73c75a1879d7ba,60.14947,24.91438,000000004ef3150d,4.94
10108,2019-08-04T12:41:22Z,22fe9a06fba1036e8eafd726bc450095b1893be067f475e1882bb704,60.14699,24.922,00000000a53ed894,14.89
10109,2019-08-04T12:41:22Z,231026899a6d5b326cb5b1e38b182ca1acb77c7e27bc2378973b29db,60.16629,24.95957,00000000fb7600be,21.87
10110,2019-08-04T12:41:22Z,244b51aa4a7059ba782925258111c295aa4de9596025c55ccd5580ac,60.16829,24.94214,00000000afef4555,11.7
10111,2019-08-04T12:41:22Z,2551a9e1b8a03c8e0e378ed37c0130b6e4105ec6b949de9e5a670be8,60.14699,24.922,00000000a53ed894,11.7
10112,2019-08-04T12:41:22Z,2607d1b2fc6e31a80348fffbed68a7d3a8e0212f197f2d1c573c587b,60.14947,24.91438,000000004ef3150d,3.09
10113,2019-08-04T12:41:22Z,26446b74d2d7b573cafeb665dbef395a1091dfa51b51cdf114690e72,60.14699,24.922,00000000a53ed894,29.32
10114,2019-08-04T12:41:22Z,267b66cc2e81a226d253a8f3228a4b45e1fabb634bba60fd0cc21a8d,60.14699,24.922,00000000a53ed894,21.87
10115,2019-08-04T12:41:22Z,27d4452dcae7c8e389fc21669cb3ccaedac87d45d4b1a50131c939e4,60.16762,24.95415,000000006b44cce7,3.74
10116,2019-08-04T12:41:22Z,28d2c3282e9f8fec67baec7992dcd800c45b67071e33cb118905a6b3,60.16829,24.94214,00000000afef4555,3.09
10117,2019-08-04T12:41:22Z,2925098054ee56a846f7c3d1abbc4fe9088d7b7585f81815837fc4e1,60.16829,24.94214,00000000afef4555,23.56
10118,2019-08-04T12:41:22Z,2969cdb120f2d285c556abfe5bac2f8090571f61aba227a474a534d2,60.17065,24.93641,000000000f4919c9,5.91
10119,2019-08-04T12:41:22Z,29a1ee6c0907a00ec6b6dcbb187f5c31d1a11b261aabd339210ee013,60.16897,24.95222,00000000aa852af1,18.79
10120,2019-08-04T12:41:22Z,2a47bdc66249162a9588347a6cbe7895fe798bb25c1194cd69fb1e8b,60.14699,24.922,00000000a53ed894,10.78
10121,2019-08-04T12:41:22Z,2ee2e108ed9051b1ccf4d3ee89931dfd53170af0b558fa6579b83e8d,60.15432,24.9211,0000000019fb59c4,9.12
10122,2019-08-04T12:41:22Z,2f08dbfbbe5577f04ea9826f72d5452ddf5fd9bb892769382ea5a4ca,60.16762,24.95415,000000006b44cce7,11.7
10123,2019-08-04T12:41:22Z,2fabc4773758a12492d31bdfe6b37e6523ae8caabecda356d33dce41,60.15432,24.9211,0000000019fb59c4,23.56
10124,2019-08-04T12:41:22Z,32708990f2c831e65f70f2682baf5188fc93348b9a9e78ada8db2bf4,60.14947,24.91438,000000004ef3150d,5.41
10125,2019-08-04T12:41:22Z,32f77f5019e5fce30881c214487361e2e34b8c93277f6e546de72012,60.1638,24.96846,00000000d747f075,27.28
10126,2019-08-04T12:41:22Z,33634cb1e3fc5d4a621e8717d203da8533ed27531a70c6cbe3abf3fa,60.16762,24.95415,000000006b44cce7,1.38
10127,2019-08-04T12:41:22Z,33ec502792a84f23fed03cf16e483d153c65e2850a2549f47034726a,60.16762,24.95415,000000006b44cce7,4.5
10128,2019-08-04T12:41:22Z,3459042c03cbb672a039f7f14a6b99b84f839b0598f9e48bf4dd95f5,60.14699,24.922,00000000a53ed894,7.69
10129,2019-08-04T12:41:22Z,349dd839e41cff363cc4b935496e52b93be15233e508aa82987859bd,60.16075,24.95883,00000000f1124bca,14.89
10130,2019-08-04T12:41:22Z,34fddf0f4ea194b9720451d11a9de76225577536681d4f4b0a00b860,60.16829,24.94214,00000000afef4555,12.69
10131,2019-08-04T12:41:22Z,358d7986d5bf2a0624fb1412a157b3c7b12f90653457e15a76bbdf50,60.16629,24.95957,00000000fb7600be,12.69
10132,2019-08-04T12:41:22Z,35a958343879c000cfc3f0c01afbc7d54934265828677bf4aefef84f,60.14699,24.922,00000000a53ed894,5.91
10133,2019-08-04T12:41:22Z,35e6e075578d7a51e510bf8904bde33f1d117264eea0917db98d4808,60.16897,24.95222,00000000aa852af1,9.92
10134,2019-08-04T12:41:22Z,36f876050503d244f74f3cbadcef716904eb2b245190d474b0cfa794,60.16762,24.95415,000000006b44cce7,9.92
10135,2019-08-04T12:41:22Z,3721331dbb97151d17938ed835ffc7208eba26fba6100c62870a3a4f,60.14947,24.91438,000000004ef3150d,2.3
10136,2019-08-04T12:41:22Z,37945fa4e7409fab98aa8bde45081f5bd083def0059485274ad552c0,60.17919,24.95181,000000007b5207b6,14.89
10137,2019-08-04T12:41:22Z,381408ba82c360b66229f8a181ed89b02930909f7db6e4582277ef38,60.14699,24.922,00000000a53ed894,21.87
10138,2019-08-04T12:41:22Z,39310ebca1ad756aa2bfcb16c912cb7003ef3e7286a1f037603ade61,60.14699,24.922,00000000a53ed894,8.38
10139,2019-08-04T12:41:22Z,39f03a3a5fd777feee270921a7f51daec12ea679b542b0aaf2e808d7,60.149,24.9843,00000000fffb8cf0,23.56
10140,2019-08-04T12:41:22Z,3a6ce73ea4c03a14fc0d3d099e4698d3c1051a2e8e4bd552d5de394d,60.14947,24.91438,000000004ef3150d,13.75
10141,2019-08-04T12:41:22Z,3abc507346480858d62b69d6e29c3b0700ac193520668e17a4ce7cbb,60.16762,24.95415,000000006b44cce7,18.79
10142,2019-08-04T12:41:22Z,3b73bf57d223bcb9b930ee8619e6603e52485b221389c64d85614baf,60.16897,24.95222,00000000aa852af1,23.56
10143,2019-08-04T12:41:22Z,3be48824225ca9f2aea5653f6ce21181a76e67a8d4b8361f0cba1f8a,60.14947,24.91438,000000004ef3150d,3.4
10144,2019-08-04T12:41:22Z,3c21ef81eb62764c543cc53a1eb793a317f3443dd4838799b2dbd6ff,60.16629,24.95957,00000000fb7600be,18.79
10145,2019-08-04T12:41:22Z,3e99999f43f3bd9e105e735eeb92531a4301e7f258c90535acfba9ae,60.16531,24.9442,00000000fdda10fe,27.28
10146,2019-08-04T12:41:22Z,3e9bb396fbc83c420e59acae7d393de6b4add7ec1dda523b9eaee7a5,60.16075,24.95883,00000000f1124bca,23.56
10147,2019-08-04T12:41:22Z,3ea5c91c32a318cb798767914dd025c2791a8c19e81c10c22f649247,60.18203,24.91341,00000000342570c2,25.36
10148,2019-08-04T12:41:22Z,3ffe89aa6ab1e57883e21fa8f15969f46a5f487bccb2b993eadb3cfb,60.14699,24.922,00000000a53ed894,7.05
10149,2019-08-04T12:41:22Z,403f209e525e5159d33b2056ebebcfa95ff94baf8ae3d9b3442c3090,60.14699,24.922,00000000a53ed894,20.28
10150,2019-08-04T12:41:22Z,409be16c4d34b9e76ac22ea0e8e282da3e9d169fe77ff5ea52a72883,60.14699,24.922,00000000a53ed894,13.75
10151,2019-08-04T12:41:22Z,42052b48fa907a3f9ad0a511096b057331f7a11a1be046a63fb9629e,60.14699,24.922,00000000a53ed894,12.69
10152,2019-08-04T12:41:22Z,42d4eb6044091814f327d0b01dc9ae701506417af1a8ab7f4161650d,60.14951,24.92138,0000000006dd41f6,17.4
10153,2019-08-04T12:41:22Z,42da4298ed9f522421f17714e024d9b8fe22e7546df3deeb8b139bd3,60.16075,24.95883,00000000f1124bca,4.5
10154,2019-08-04T12:41:22Z,431375be6b9405ef55878f3aa0bb5dd6a35db8ba650a2bce05081c49,60.14947,24.91438,000000004ef3150d,14.89
10155,2019-08-04T12:41:22Z,447f951c07ece4b9f8a41fed54b5911f4f8033b69f5a62bfd0cf1d97,60.14699,24.922,00000000a53ed894,33.81
10156,2019-08-04T12:41:22Z,4533d27e96c5c6637ddff4243672d658fea4004970652882357105a9,60.14699,24.922,00000000a53ed894,9.92
10157,2019-08-04T12:41:22Z,457d11209b95b153efb57d8f2641f2db0823e91a0d608fa0555a5b69,60.14699,24.922,00000000a53ed894,5.41
10158,2019-08-04T12:41:22Z,4602ff9d03f6bf4fbb82976098cc1c73e7a7e754050401c772d1406e,60.14947,24.91438,000000004ef3150d,9.92
10159,2019-08-04T12:41:22Z,467a01a257fbaad22bd4aebafc8f284c9ad3effc429475e57c214e9d,60.14699,24.922,00000000a53ed894,12.69
10160,2019-08-04T12:41:22Z,47b8aba771bed6ec3a7d57932c44fe859bcf6300054b3acc9d885105,60.14947,24.91438,000000004ef3150d,21.87
10161,2019-08-04T12:41:22Z,47bc9ff9097f9ef5f1862e48b4a42f6a9ddd30c4ef2b6eb43291a7a5,60.14699,24.922,00000000a53ed894,14.89
10162,2019-08-04T12:41:22Z,47cde44e4ddbf6c70162fa882eee962e7c3e2a037b650294ec46568f,60.14947,24.91438,000000004ef3150d,7.69
10163,2019-08-04T12:41:22Z,485500f74e8398df6fa143c6f1e9e4e4c1acefd7d7941804739cb4fb,60.16829,24.94214,00000000afef4555,11.7
10164,2019-08-04T12:41:22Z,48d0a198e7445da9f7df3cb2cedef7dc861fe850deff789f6ad61d36,60.14947,24.91438,000000004ef3150d,16.1
10165,2019-08-04T12:41:22Z,48f665ebb1a71b0d84fc02bd71918c5ab5608328db534639cbd2a255,60.14947,24.91438,000000004ef3150d,10.78
10166,2019-08-04T12:41:22Z,4926fec57d2640e18cb9d46deb64eba0255ca71b93116f4ae21e4288,60.16829,24.94214,00000000afef4555,13.75
10167,2019-08-04T12:41:22Z,4a565a7be2bb822523480c6ca86154a466bf189290f87a0ef118f8b7,60.149,24.9843,00000000fffb8cf0,18.79
10168,2019-08-04T12:41:22Z,4aff8c41b8c3f924b9b765007cf6f0f148e9fdc4dfad6299b17f6f71,60.16762,24.95415,000000006b44cce7,23.56
10169,2019-08-04T12:41:22Z,4b1050cc517631e36206d3528399c0b14748daec8c7d1b5dfa412299,60.15432,24.9211,0000000019fb59c4,8.38
10170,2019-08-04T12:41:22Z,4b85388cdaec2b4c15b546160ee326d9668a5e5d3c7b08d0c539946e,60.17919,24.95181,000000007b5207b6,7.69
10171,2019-08-04T12:41:22Z,4be50f3eb033f3f46e3069049c8e0a34dc8a2607741c1764369ba4c2,60.16762,24.95415,000000006b44cce7,7.05
10172,2019-08-04T12:41:22Z,4bf75585466f0aafa2ed2956fe4b0f7235b4ba3a0606a52219b3156c,60.14699,24.922,00000000a53ed894,11.7
10173,2019-08-04T12:41:22Z,4d35f03f4cb1cd21fbb173af8af5be5e233c63882fda53232da315f0,60.14699,24.922,00000000a53ed894,20.28
10174,2019-08-04T12:41:22Z,4efc969b8b738c051c221bf9d7829089b44cec23dd378fd86e7fb8be,60.173,24.92524,0000000096918cfa,18.79
10175,2019-08-04T12:41:22Z,4f4940c5c77737c5b8f2fbd5a1b65886ea5f6e0e4fcd50447e11ce21,60.16075,24.95883,00000000f1124bca,16.1
10176,2019-08-04T12:41:22Z,50e21d119f102cee2afe3ac7f1a32032527638769b05aca582d6ecb1,60.16762,24.95415,000000006b44cce7,9.92
10177,2019-08-04T12:41:22Z,514a3981fad6c695ac4940f09374b5d1c2e84d2ca835084ef8707714,60.16075,24.95883,00000000f1124bca,4.5
10178,2019-08-04T12:41:22Z,51b3c7870a399165f0d1d14f7d21688df32b0360f9cc6f3ca61890d8,60.16829,24.94214,00000000afef4555,8.38
10179,2019-08-04T12:41:22Z,52072bd384eaaf4a6958af5510ed039d194dee47f34667bc7bccbe0e,60.14699,24.922,00000000a53ed894,11.7
10180,2019-08-04T12:41:22Z,5263c8fd413ee308494f18228802330e278acc648b425bb454951db5,60.16075,24.95883,00000000f1124bca,13.75
10181,2019-08-04T12:41:22Z,52939581c6c8dd3407dbf44ea9e90471e4bbadfb7e3740a0ba8324f3,60.14699,24.922,00000000a53ed894,10.78
10182,2019-08-04T12:41:22Z,52f0e69ca7a5cebe604c1f32308dc7f8870d1d85cd4b25ad17f706e9,60.14699,24.922,00000000a53ed894,4.5
10183,2019-08-04T12:41:22Z,53263c2a4d1fc6edb42de24a91c19cc8d0050f1e61b0ddd97cf45bba,60.17002,24.94407,000000006b087f40,25.36
10184,2019-08-04T12:41:22Z,53f1f84f2f1f0ea7eb59dd269d86fae99cc25ee089a48f249de1aaec,60.16897,24.95222,00000000aa852af1,14.89
10185,2019-08-04T12:41:22Z,552e7d20be831c5ebfa503ba78ed542d6ece4ecad264308d5dc37a31,60.14699,24.922,00000000a53ed894,14.89
10186,2019-08-04T12:41:22Z,56b8eace741e5227a40ea0a64601a737648080c63d6240b0dca632c4,60.16075,24.95883,00000000f1124bca,14.89
10187,2019-08-04T12:41:22Z,570dc61d53aec66ede39dfde66339640878453afc00cd1a55c60bca7,60.16544,24.95398,0000000038d83d41,17.4
10188,2019-08-04T12:41:22Z,571934189bf349efb6f596e76c21612cf9b82ed44913090169936048,60.17065,24.93641,000000000f4919c9,18.79
10189,2019-08-04T12:41:22Z,571e65d939060a58396de22fc44d8842fc9de986824670ad765ec596,60.16762,24.95415,000000006b44cce7,11.7
10190,2019-08-04T12:41:22Z,57b0ec71591ce4ba591fc3bf71f8714d7a0685e0f2f9ee9526db8e3f,60.17002,24.94407,000000006b087f40,16.1
10191,2019-08-04T12:41:22Z,57bb8beeec6904b9a5cfe83c4ff9a80e63157780137f03de2a4152d3,60.16762,24.95415,000000006b44cce7,11.7
10192,2019-08-04T12:41:22Z,57c6f9c8fc64c4d7030c1d3576910e338178138cd74acdc9e3630216,60.16762,24.95415,000000006b44cce7,18.79
10193,2019-08-04T12:41:22Z,57f88614f91a133004ac1a6dea31a4090f899646a5f62ece691d87af,60.16762,24.95415,000000006b44cce7,12.69
10194,2019-08-04T12:41:22Z,583a35aa08fe45f96deb91a9f4b9317e86eddeee0d636cc11b3e2df8,60.16762,24.95415,000000006b44cce7,9.12
10195,2019-08-04T12:41:22Z,58411163d307bb308f9c94a9720e9ce5ab0ce4f5617cd2b1fcc2037a,60.16762,24.95415,000000006b44cce7,11.7
10196,2019-08-04T12:41:22Z,584cb0b0cdd14e608c8b57c8aecc9826f9b40027e365e2438a444ea2,60.16762,24.95415,000000006b44cce7,11.7
10197,2019-08-04T12:41:22Z,59b01cbdec8ff06fa6d50bac00c3f5f4c45132fc8a62800c08df5d6a,60.16629,24.95957,00000000fb7600be,12.69
10198,2019-08-04T12:41:22Z,5b102c62b98f29bd801e4dd0e9ddbc113db3faa38d59990b9ba5e9ec,60.173,24.92524,0000000096918cfa,29.32
10199,2019-08-04T12:41:22Z,5bc8610f198c0ab38e4e89fd7f4828d032ca2a6ef97c2a17c79e296f,60.14699,24.922,00000000a53ed894,18.79
10200,2019-08-04T12:41:22Z,5bf59468120b0262b74eebaba2a7ee8274f3c8165ddcf6f38eae92a8,60.16829,24.94214,00000000afef4555,23.56
10201,2019-08-04T12:41:22Z,5c160268bc9b4b619181ce421d9e58c258e6b59a342945fc29f0004b,60.14947,24.91438,000000004ef3150d,9.92
10202,2019-08-04T12:41:22Z,5cd5117066c75a1cb83d3896a7eba3f3472e133f0013ea7d4e95daaa,60.14699,24.922,00000000a53ed894,4.94
10203,2019-08-04T12:41:22Z,5d70086d53447ee393249cef33c7bae814c1d7c2e3055fc91b38786c,60.17919,24.95181,000000007b5207b6,10.78
10204,2019-08-04T12:41:22Z,5e44b2770fcd3ab47bae5954df365187d2183088b73b895edc47dcd8,60.14699,24.922,00000000a53ed894,13.75
10205,2019-08-04T12:41:22Z,5e7916ca910b02abf2d19906759663c23db63950a353fa546f55c8af,60.14699,24.922,00000000a53ed894,11.7
10206,2019-08-04T12:41:22Z,5ea49ba4de68e03664ec3a87f5de32434d7136b4f8323f022ff9df5b,60.16829,24.94214,00000000afef4555,7.69
10207,2019-08-04T12:41:22Z,60d5c11436b72dd4eb673f606bddc3f8f36675342cba015b9297155f,60.16448,24.97323,0000000053c6c2be,31.5
10208,2019-08-04T12:41:22Z,614ab7fba7255f6bf6f888e9a04d589962f756b3f427e658f10014f2,60.16075,24.95883,00000000f1124bca,7.69
10209,2019-08-04T12:41:22Z,62a6fe2d9b3b5b4533c51253f8842428bd797b3c6a95a7816ec472ed,60.14947,24.91438,000000004ef3150d,10.78
10210,2019-08-04T12:41:22Z,63d99db5b2b7360c501446ea5e89feba9bd1c6735a7670039916f2ad,60.1538,24.95595,0000000038bf9618,31.5
10211,2019-08-04T12:41:22Z,63defb71d4c3856253a0a2d67a5c370b91ad0527703b334a63fe5344,60.14947,24.91438,000000004ef3150d,14.89
10212,2019-08-04T12:41:22Z,643ef3f01a51bea3c4510d4060a945cd510e5189236d68f5c9489034,60.16829,24.94214,00000000afef4555,1.12
10213,2019-08-04T12:41:22Z,64638a9f9e6c9b32fc4b484b55e4934fcab6cb04605cc76d5f5534b7,60.17065,24.93641,000000000f4919c9,11.7
10214,2019-08-04T12:41:22Z,64a729ec91fd698f4aa9dfe964cf3b0b10d5b6c9d7cefd1ee861d35e,60.16897,24.95222,00000000aa852af1,25.36
10215,2019-08-04T12:41:22Z,64d86288e491374eed34c68c82763c2e5dbc87113cf5ca44f23233ba,60.16829,24.94214,00000000afef4555,10.78
10216,2019-08-04T12:41:22Z,64e34af775b57908b23056a31d60ef3b005941f2e7c3db0c49df675d,60.17065,24.93641,000000000f4919c9,3.74
10217,2019-08-04T12:41:22Z,6503762f2cac51cc2b74da1efa6b16583ed11c9a528d7716b7829c0b,60.16829,24.94214,00000000afef4555,16.1
10218,2019-08-04T12:41:22Z,6516a10850095847a8156717b0fba05a9bdc9b5bfedd691ddb07f119,60.14699,24.922,00000000a53ed894,5.91
10219,2019-08-04T12:41:22Z,651f9b318df5377987b240a35093e4a3fb2db0e83b4b5e012f9f7178,60.16897,24.95222,00000000aa852af1,20.28
10220,2019-08-04T12:41:22Z,6525cc634176c25187e68e0d067bcfecfd78e399e93db4ee9d408b7e,60.17919,24.95181,000000007b5207b6,13.75
10221,2019-08-04T12:41:22Z,655204cb507ea9ae811105cdcd766161facaa9f729017a333f102391,60.149,24.9843,00000000fffb8cf0,9.12
10222,2019-08-04T12:41:22Z,65ecffd91da3aee9add3015b6d8d68144e80f39cc78dbd776441ff52,60.16544,24.95398,0000000038d83d41,31.5
10223,2019-08-04T12:41:22Z,66b9cea6cd979b4e9e391e0ef854e2cc38eca6fb9e166811e39edd11,60.16544,24.95398,0000000038d83d41,29.32
10224,2019-08-04T12:41:22Z,6723bebaab92d1a9f8b4318fd4f497a6dec6d7f8e0eafca443925213,60.16075,24.95883,00000000f1124bca,10.78
10225,2019-08-04T12:41:22Z,675eacdf32b5b831fd118fc5539eea4b3cef4bd11e2e1706a9571222,60.16829,24.94214,00000000afef4555,9.92
10226,2019-08-04T12:41:22Z,6774ed72eaf69d7c4aaeeef90990f969954155bbcc52652e75e7deef,60.16829,24.94214,00000000afef4555,13.75
10227,2019-08-04T12:41:22Z,677c53ae4056d6cb123ca576ba5284664b1c7e3e88818bd19b5dd99a,60.17919,24.95181,000000007b5207b6,11.7
10228,2019-08-04T12:41:22Z,69375ef968867906fc11b34d1e2c4b436d452cd47cb577a7f9e566ef,60.16762,24.95415,000000006b44cce7,9.12
10229,2019-08-04T12:41:22Z,6981f80baeddf7459b67845f82744390c976c013f3a4883a53556fc7,60.16762,24.95415,000000006b44cce7,13.75
10230,2019-08-04T12:41:22Z,698b200b63a644828a7314691a16af2af1bccef75d52abb5591a5542,60.14699,24.922,00000000a53ed894,7.69
10231,2019-08-04T12:41:22Z,6b97071051ccf5db7e5ebee033d4f68d58ed6917ff2fac5b205a6605,60.17065,24.93641,000000000f4919c9,16.1
10232,2019-08-04T12:41:22Z,6c7e018abdf8462af7c7b003bc30f915184f7082e9e865a2c502eed5,60.14699,24.922,00000000a53ed894,10.78
10233,2019-08-04T12:41:22Z,6d40c31367c2556e3fe8fab5dee22bdfde888d4ff9a6d1b0d44a66c1,60.1538,24.95595,0000000038bf9618,20.28
10234,2019-08-04T12:41:22Z,6f3dd17e40daabb4efe868f1b859dc00ecc01846f0a0e2b8db5d1413,60.17919,24.95181,000000007b5207b6,21.87
10235,2019-08-04T12:41:22Z,6ff93560ca77c6e5a25bc7441cf33cf7fa0138b3da4d99b2dbf5531b,60.14947,24.91438,000000004ef3150d,12.69
10236,2019-08-04T12:41:22Z,70c56152af84cf1bad4d19b0cb31202232b4cd4320ce5ea48895e42b,60.14947,24.91438,000000004ef3150d,5.41
10237,2019-08-04T12:41:22Z,72231bca658d3a16f3bf9c26ba5f13393b8377e4ab0b9ed3de6c811f,60.14699,24.922,00000000a53ed894,18.79
10238,2019-08-04T12:41:22Z,72e4de5ded503a6b09635fc51a720ce504c9e77552bc2ffae8d6cae3,60.14699,24.922,00000000a53ed894,21.87
10239,2019-08-04T12:41:22Z,733f21ebebe353e10a55a74b40a0a480e6d276334d4f3d8bcf85b711,60.16075,24.95883,00000000f1124bca,21.87
10240,2019-08-04T12:41:22Z,738ce77abafd1ca6f80e6f28e84d1b1886db4cfda3be6ffcdf52c1b1,60.14699,24.922,00000000a53ed894,8.38
10241,2019-08-04T12:41:22Z,73aa46087286af57e3778006af596aa587686a1db1d4b8708764a520,60.16762,24.95415,000000006b44cce7,17.4
10242,2019-08-04T12:41:22Z,745e52dafbfa395ea41c5fcd0c2717b9091e44d19ab89e03991fdbb7,60.16762,24.95415,000000006b44cce7,10.78
10243,2019-08-04T12:41:22Z,759f94c852ff15ca91c3138913c3858c4801702f8f0514ae82fb2a19,60.16897,24.95222,00000000aa852af1,17.4
10244,2019-08-04T12:41:22Z,7664b7f08aaa059ecf6646a595c33fae0c80715febe63e31f45a4662,60.16762,24.95415,000000006b44cce7,3.74
10245,2019-08-04T12:41:22Z,777cceac7be6303a1c82f7cc68061528b01e3aa1b3aa6481cad9e5e3,60.16075,24.95883,00000000f1124bca,8.38
10246,2019-08-04T12:41:22Z,77a12194b9a6789f4b2b8c07ae7fce3c2b531cb221e5fa7ca5deae55,60.16897,24.95222,00000000aa852af1,16.1
10247,2019-08-04T12:41:22Z,79bb1e615a834d4f653cec7efc45ad5b4bbedf2a83c55b44c586ad0a,60.14947,24.91438,000000004ef3150d,5.91
10248,2019-08-04T12:41:22Z,79bde23c1a8980f93a65e14306f0d8ea89e164430d8b991e2bfee82e,60.16531,24.9442,00000000fdda10fe,12.69
10249,2019-08-04T12:41:22Z,79d26f15a82c94ac5d05e0f2b6a6beeae1f407972ec39665d7ab9535,60.16829,24.94214,00000000afef4555,1.01
10250,2019-08-04T12:41:22Z,7a4a06d20ebe57d94e5fceeaf47d5b56ad9a515818e9c20e21a80e61,60.16629,24.95957,00000000fb7600be,25.36
10251,2019-08-04T12:41:22Z,7ab335e046f7f3597f8f615a90857885e35cfecefebd5d24bbf0af90,60.16075,24.95883,00000000f1124bca,7.05
10252,2019-08-04T12:41:22Z,7ad93fed82e41ea4422fa101badc698b0328c3ebf0f6b73c5164d438,60.16897,24.95222,00000000aa852af1,18.79
10253,2019-08-04T12:41:22Z,7af6672e274ebe27cdb785373a857fc5bcad92a386c36dbe3221d4f4,60.14947,24.91438,000000004ef3150d,17.4
10254,2019-08-04T12:41:22Z,7d85ddf11c6bc0fefabdb00f6e37abd4f4f62ced6ce2f2031b44795e,60.17002,24.94407,000000006b087f40,13.75
10255,2019-08-04T12:41:22Z,7d9a3d84c09c3a8d6876389e216e0278048d6b924890fb275a078ffb,60.16531,24.9442,00000000fdda10fe,0.71
10256,2019-08-04T12:41:22Z,7e31a4896ab0ff539440898dfabd8305df79869bff52da941016d1cc,60.1538,24.95595,0000000038bf9618,33.81
10257,2019-08-04T12:41:22Z,7e76449e59f1e3a1a615b54408115353fbb14d815390d03a73b1a7bb,60.14947,24.91438,000000004ef3150d,11.7
10258,2019-08-04T12:41:22Z,7f786ec8e06f1ca3bdd10fc60d0114baf354125b8f6cf796d197f4cc,60.16075,24.95883,00000000f1124bca,4.5
10259,2019-08-04T12:41:22Z,80cbcb887f3e351e3bef7c5f53dccc578cc3494feec514aed7015c0d,60.16075,24.95883,00000000f1124bca,2.54
10260,2019-08-04T12:41:22Z,80cc39b04598f971820e63498fd27ae72a12a45a60c220fe625b282a,60.14699,24.922,00000000a53ed894,14.89
10261,2019-08-04T12:41:22Z,82411c6526228322a61f59259f13adf7cde62bd767587b6735867705,60.17919,24.95181,000000007b5207b6,4.94
10262,2019-08-04T12:41:22Z,82ce8c2420645d1eeed2751616ac691b53855581110be4cc97a61036,60.16897,24.95222,00000000aa852af1,13.75
10263,2019-08-04T12:41:22Z,842590c105033000cdd09b5f0e51f990329cbd8720b91931d82e30e1,60.16448,24.97323,0000000053c6c2be,31.5
10264,2019-08-04T12:41:22Z,848fdb054358a3fca79c0246f01263c92b5b48aee6b9fb6e260d7a0b,60.16829,24.94214,00000000afef4555,18.79
10265,2019-08-04T12:41:22Z,848fe01e24ccc782e5968171f53ea31d28f20a455c45d8bac8fb7374,60.173,24.92524,0000000096918cfa,20.28
10266,2019-08-04T12:41:22Z,849a662d95d4185421aff7c6213ba5d7b84cfc58c9fb30ff34054e4c,60.16075,24.95883,00000000f1124bca,9.12
10267,2019-08-04T12:41:22Z,857f5ab05809fdb94740616b8d6662aa2458c4a6009e6f717f8933fb,60.17002,24.94407,000000006b087f40,16.1
10268,2019-08-04T12:41:22Z,859b417d0b562f5c4ab33c3877c95cd7cbb332db91dcd0f4e7a4f3b6,60.14699,24.922,00000000a53ed894,6.46
10269,2019-08-04T12:41:22Z,868cd7608ed6beb209db2aad8c71f56b8aec3a6b453be18e4af217a2,60.17065,24.93641,000000000f4919c9,13.75
10270,2019-08-04T12:41:22Z,87bb1abe21abfcb5e5c2039e579cff7ca863a6019207db356de5b7c2,60.14699,24.922,00000000a53ed894,12.69
10271,2019-08-04T12:41:22Z,8822ffe19dec49fe874ac377de5a0504e931e342ecc1f5b1fcb939e5,60.16897,24.95222,00000000aa852af1,16.1
10272,2019-08-04T12:41:22Z,885bcc6af7d0aa9718fe1030e32ffff1de5171ae5ef67cf0011874fb,60.14947,24.91438,000000004ef3150d,3.09
10273,2019-08-04T12:41:22Z,8947a5209f3b32173d3dc72792039edf94a2711741ab041b62b30643,60.16762,24.95415,000000006b44cce7,5.41
10274,2019-08-04T12:41:22Z,896f7e896dc6f1ea44b82bf968a988cc10c358ee34821d9d7a4bd07a,60.14947,24.91438,000000004ef3150d,4.11
10275,2019-08-04T12:41:22Z,8a08b2de43a9ef03cf96610718c908e69dcacc59f536a7135b7bb542,60.16629,24.95957,00000000fb7600be,9.92
10276,2019-08-04T12:41:22Z,8a9eedc7cf775ab4e9ad2e20bdcbcbe1635808b418eedcdcceda7834,60.16762,24.95415,000000006b44cce7,12.69
10277,2019-08-04T12:41:22Z,8ba6cfc17ca70e8304994e018ebd5eb2003177062cde05925d5cacb3,60.173,24.92524,0000000096918cfa,7.05
10278,2019-08-04T12:41:22Z,8bbf5422247a0a6be314130d8fd9ae1814401b75acf3b3ce2da9620c,60.14699,24.922,00000000a53ed894,10.78
10279,2019-08-04T12:41:22Z,8d73f674010f5cb02e8f20251ed86a9afcb7f6b3926039470296bd00,60.17065,24.93641,000000000f4919c9,23.56
10280,2019-08-04T12:41:22Z,8d8a869e83fe2ac29e791666634a33af3ea4048ea4e752b6fb1e238c,60.14947,24.91438,000000004ef3150d,8.38
10281,2019-08-04T12:41:22Z,8dcf139eb279bcc2696420ba9da858e361600ff02cd29587f66660ec,60.16897,24.95222,00000000aa852af1,12.69
10282,2019-08-04T12:41:22Z,8f9026cfff0b3ccd2e7a22e5767bee52b08ab5630d1c6ac046bf7f39,60.16544,24.95398,0000000038d83d41,17.4
10283,2019-08-04T12:41:22Z,9023a89a49a372e5f97cf86ef1b5de0164eb67cc10d394d383ab75fd,60.16829,24.94214,00000000afef4555,10.78
10284,2019-08-04T12:41:22Z,920dc90f60b295267f63efc8f968408087b71878dc3f49f0ded1c41e,60.17919,24.95181,000000007b5207b6,21.87
10285,2019-08-04T12:41:22Z,922ed68b1f7e1a599108591da78cc5ac9fbe5162e1e6528f8f0176fa,60.16544,24.95398,0000000038d83d41,18.79
10286,2019-08-04T12:41:22Z,93a2100e233b204243f7e69b68dea7c9a145d1b5384bd18359bf87a3,60.16531,24.9442,00000000fdda10fe,1.54
10287,2019-08-04T12:41:22Z,93e409819362e2429a43710ff4330bd3ed83011b73ae438dd7fb62d8,60.16762,24.95415,000000006b44cce7,5.41
10288,2019-08-04T12:41:22Z,9575ef1c44f26f0301d726029c8b1c28011a4724496943451bee6544,60.14947,24.91438,000000004ef3150d,7.69
10289,2019-08-04T12:41:22Z,958ab5fd2d2c7f0c3fe6dc14fe27005fcf35b013db75f708c22a3619,60.16762,24.95415,000000006b44cce7,12.69
10290,2019-08-04T12:41:22Z,9604244c18efd5978b809f021651f7743e0e64da38fcf3718f9b4f93,60.14699,24.922,00000000a53ed894,4.94
10291,2019-08-04T12:41:22Z,97264f5808fa13851dacabf0c98525eec29849ff4b6a744cc777fd5b,60.16075,24.95883,00000000f1124bca,11.7
10292,2019-08-04T12:41:22Z,9862cafd709b75d07c83b397773e0cf33564666cb81814bdbf5e54f2,60.16897,24.95222,00000000aa852af1,13.75
10293,2019-08-04T12:41:22Z,99753600aa90a43c336153dd03985a2996b7bc6052086f503020518c,60.14699,24.922,00000000a53ed894,9.92
10294,2019-08-04T12:41:22Z,9a9db814dfa74ca2c2d51496299715310e81c6e6525cc9d2cb0762eb,60.16897,24.95222,00000000aa852af1,14.89
10295,2019-08-04T12:41:22Z,9b03b610755f4cec2e9d83a9763204e758a075614b125210bc914df5,60.16075,24.95883,00000000f1124bca,17.4
10296,2019-08-04T12:41:22Z,9ba6f9fb8bb950d16224b4182d3c3d8349a0f50619be329c165417e0,60.14947,24.91438,000000004ef3150d,25.36
10297,2019-08-04T12:41:22Z,9bad872c31c8c5e53f064b5367350b41271d45ca8a9e508136622800,60.16897,24.95222,00000000aa852af1,5.41
10298,2019-08-04T12:41:22Z,9e3d4a4b1acd94d2896cd7cf56419110f06ea96faae37aadebd4ec77,60.14947,24.91438,000000004ef3150d,5.41
10299,2019-08-04T12:41:22Z,9ff13c715073d5ad9c464cb67b6de3f703435cf389c32cce5626dfe1,60.149,24.9843,00000000fffb8cf0,18.79
10300,2019-08-04T12:41:22Z,a01d7427dcaa19c3efac1cde116c3751db11d6cf2838d0509704616a,60.14699,24.922,00000000a53ed894,17.4
10301,2019-08-04T12:41:22Z,a0db7e8063bede2dd55c2c6cf5111932617ecace670ff65314a7d349,60.16629,24.95957,00000000fb7600be,16.1
10302,2019-08-04T12:41:22Z,a1b52cda133b45cf931b9e31d4037fb841f80432e99d6a000beeadc8,60.17002,24.94407,000000006b087f40,23.56
10303,2019-08-04T12:41:22Z,a22736c5d66f417bc6b745f51492549dc2e5a3c766f5e7e23f183b41,60.14947,24.91438,000000004ef3150d,5.91
10304,2019-08-04T12:41:22Z,a2ca95bd02445ae4d7fe5befdf572c2b1947f3bbb535543bf921af9d,60.16762,24.95415,000000006b44cce7,11.7
10305,2019-08-04T12:41:22Z,a38a21a97a054541f0423f03758c70227116c05254958373e3e93ad0,60.14947,24.91438,000000004ef3150d,7.69
10306,2019-08-04T12:41:22Z,a3d228482bfdd3dbdfaee1ff72b6ac00c2ee8c05e949047ce9117783,60.14699,24.922,00000000a53ed894,5.91
10307,2019-08-04T12:41:22Z,a422a30ec1eb058c7930e1352297c161639faa5b3ca5f5fa47c4adb3,60.14947,24.91438,000000004ef3150d,9.92
10308,2019-08-04T12:41:22Z,a6427dc4d8e46890c882bb4c8f9f8b923e8e30692db686527bbd7b92,60.16762,24.95415,000000006b44cce7,16.1
10309,2019-08-04T12:41:22Z,a7472d1b63171c047444981df223670390009e3ea502132d9963e9fb,60.14947,24.91438,000000004ef3150d,5.91
10310,2019-08-04T12:41:22Z,a76d219c3abcc4ec3a54dd834263f9a24972c71be4c7bbbfc663f22f,60.14699,24.922,00000000a53ed894,9.92
10311,2019-08-04T12:41:22Z,a794d97e26d3678bb11b4364880414bb7bfac4bb49d1867b37b489f7,60.14947,24.91438,000000004ef3150d,18.79
10312,2019-08-04T12:41:22Z,a7a7f84e910c87d01420156efca1675f2f263a8f7f1212bb161e73f3,60.14951,24.92138,0000000006dd41f6,17.4
10313,2019-08-04T12:41:22Z,a8bd45406d5913e098652d4c2d836339758e08d21bf5d88becabdd36,60.14947,24.91438,000000004ef3150d,18.79
10314,2019-08-04T12:41:22Z,a8df2631c2442628608c1f0352c896eb532a6ca08c85de2c77360aa8,60.14947,24.91438,000000004ef3150d,13.75
10315,2019-08-04T12:41:22Z,a8fffb1bf2cf3b58cca0395d98ab3763c45771fed32527f2dedb644b,60.149,24.9843,00000000fffb8cf0,29.32
10316,2019-08-04T12:41:22Z,a9383e1c3d9b3355965662ff18ad95dfb64daa5d8e71fc20e7e50df7,60.14699,24.922,00000000a53ed894,4.94
10317,2019-08-04T12:41:22Z,a96e9a3805def174e6ededa93b88ce312739d9d68941dffdeca03e9f,60.16762,24.95415,000000006b44cce7,7.05
10318,2019-08-04T12:41:22Z,aa076c3f0d09145aebbb750dde9849ba4eb6759e92ba5753280184d6,60.16762,24.95415,000000006b44cce7,11.7
10319,2019-08-04T12:41:22Z,aa5773b59ce2bf1eee53e4e77cd3c261465d2ea538c9a85b8de30cd8,60.14947,24.91438,000000004ef3150d,12.69
10320,2019-08-04T12:41:22Z,aa6d51fc5411b69567cb854360c4a81267eac19446946eb27618306a,60.14699,24.922,00000000a53ed894,11.7
10321,2019-08-04T12:41:22Z,ac93ac0788af8e1b0f20fada4f15ca1ad31f4084b133482d8211571d,60.14699,24.922,00000000a53ed894,14.89
10322,2019-08-04T12:41:22Z,acdcc8ae1d1c6bb055dfc108154eae58b4b894f0ce1ff174c1065c7e,60.16762,24.95415,000000006b44cce7,3.09
10323,2019-08-04T12:41:22Z,ad8af809ed47a3391bb53d11da159b3a8b0ddc264d94c049ce72bda0,60.17065,24.93641,000000000f4919c9,0.59
10324,2019-08-04T12:41:22Z,ae08ba8b9f7ef2a4326d6d7bbf452a87d08f8062feaf20cb7101d414,60.15432,24.9211,0000000019fb59c4,38.87
10325,2019-08-04T12:41:22Z,aebba42e4dd1ce769871996739978c7f80bb88994a3616c908b2cd1a,60.173,24.92524,0000000096918cfa,27.28
10326,2019-08-04T12:41:22Z,aec4b11f0b1ec075878ca4a3b94da464f6fc96e330b913d5bfd346b0,60.16897,24.95222,00000000aa852af1,14.89
10327,2019-08-04T12:41:22Z,aefdb2741d688503f8a51d5af7b715c1270e21331d0aa56b07ea3c23,60.149,24.9843,00000000fffb8cf0,29.32
10328,2019-08-04T12:41:22Z,b0a20a40885487350aaf5c8f46dab27d4d7e1d5c24fefec54c0c62d4,60.16829,24.94214,00000000afef4555,9.92
10329,2019-08-04T12:41:22Z,b11910a4d628e08056481b347d9a80d6edb23f1f2612beaa24606c8b,60.16762,24.95415,000000006b44cce7,14.89
10330,2019-08-04T12:41:22Z,b12b27061f30d5659794f14cbed5e4726c5af1ef526611d3b2dded29,60.14947,24.91438,000000004ef3150d,14.89
10331,2019-08-04T12:41:22Z,b26a9be85f5fd17ea58397762fa55db3c8f68fb709d586d61527c892,60.16829,24.94214,00000000afef4555,6.46
10332,2019-08-04T12:41:22Z,b2a01c2a06c3cf1a48333e58e787d9eaf2f975a738c02878220d7774,60.16829,24.94214,00000000afef4555,10.78
10333,2019-08-04T12:41:22Z,b3d99c04e3db6b698e6e54f19434461336954d0c15385bff6e557be8,60.173,24.92524,0000000096918cfa,27.28
10334,2019-08-04T12:41:22Z,b41cc64d7ab4e16a03573bdc3b5863c4b402ec66c7780c7900c02877,60.16829,24.94214,00000000afef4555,13.75
10335,2019-08-04T12:41:22Z,b523d3f8341906e4b3877ff7d9614b4e10d6bbf10afdcc6c53656c8f,60.17065,24.93641,000000000f4919c9,25.36
10336,2019-08-04T12:41:22Z,b5e3abaccf4a03480985d25eb9fbf454c87f7ad06c38c8bdeb0819fa,60.14699,24.922,00000000a53ed894,20.28
10337,2019-08-04T12:41:22Z,b7039958be9f53a3eaed97f705a1974815f52f25226e920155397bec,60.16075,24.95883,00000000f1124bca,12.69
10338,2019-08-04T12:41:22Z,b81e80c4efa2f6bf7a24861abfd0f0fb5672f1512dc7545a1d387f7f,60.16762,24.95415,000000006b44cce7,4.94
10339,2019-08-04T12:41:22Z,b96b5c0316f3090ad09535b2161dcddd7e16b2eac821bcb1d9895cae,60.16762,24.95415,000000006b44cce7,10.78
10340,2019-08-04T12:41:22Z,b9c0ac0bb7310d92c296a8870603ebd12c0c632cfc2a1fa33092b337,60.16762,24.95415,000000006b44cce7,9.92
10341,2019-08-04T12:41:22Z,ba9825bb3cfae6aeb29833f0a11189802065c73f8e541b2bcb5b572f,60.14699,24.922,00000000a53ed894,21.87
10342,2019-08-04T12:41:22Z,baa2e34cb17a3e4b813a9a7578ddf421b7013fa00788af744fe6fc28,60.1538,24.95595,0000000038bf9618,29.32
10343,2019-08-04T12:41:22Z,bb0193f2b0ac4801fe82ed5cec75e687465d707d92e731047f81650f,60.1538,24.95595,0000000038bf9618,3.74
10344,2019-08-04T12:41:22Z,bbe1e18f88cf88928067a0221965768c1f2ae264291cea564d7eb7e8,60.16897,24.95222,00000000aa852af1,12.69
10345,2019-08-04T12:41:22Z,bbf8cd606b9732370f1c0ae0e68d6d0663a23102d831dd10c0e74819,60.16897,24.95222,00000000aa852af1,8.38
10346,2019-08-04T12:41:22Z,bc07df8cc395f6f4f5d483b2233caca5f93a6918f346e4cc3702f8cc,60.16531,24.9442,00000000fdda10fe,16.1
10347,2019-08-04T12:41:22Z,bc0f5e4ba244a9eac17a0c0e91f3bb97fe71cf42cc829516fcccfc47,60.16762,24.95415,000000006b44cce7,23.56
10348,2019-08-04T12:41:22Z,bcf688ec2e666179e52a495a8304dd7aaaf4acad52788a0929b287a2,60.14699,24.922,00000000a53ed894,18.79
10349,2019-08-04T12:41:22Z,be21a77f983baae8e0ba646eda0988a618149dcc7ef4c303c35d5377,60.14947,24.91438,000000004ef3150d,9.92
10350,2019-08-04T12:41:22Z,bebf1edb9736fe66391376c4cf2a3033ab9fa83ae21f86b66392e2d0,60.16762,24.95415,000000006b44cce7,10.78
10351,2019-08-04T12:41:22Z,bf2e5725b255e320f1e8375ec03f55194f1fd9f751be9629d873a5c8,60.14699,24.922,00000000a53ed894,9.92
10352,2019-08-04T12:41:22Z,bf992d3cd95a73f02d7223eaffe90a94e3e1e98a8c6759bab631b5b0,60.14947,24.91438,000000004ef3150d,6.46
10353,2019-08-04T12:41:22Z,c0722f63618f97eb8ec4afac1a8538b81a3c87e623d753ad1201bf7c,60.16075,24.95883,00000000f1124bca,5.91
10354,2019-08-04T12:41:22Z,c0a0ca3433586ed2ae0e448f2406fabac7292ac79d49562e0bd5cef8,60.16762,24.95415,000000006b44cce7,11.7
10355,2019-08-04T12:41:22Z,c1e4323d2276cb6e358f5fabb123294e7a0ef87e7169f3cccc8f2e03,60.16075,24.95883,00000000f1124bca,20.28
10356,2019-08-04T12:41:22Z,c22d0093a8d103f59838ad43218fa834e328847e5094bcb2e98d5307,60.16829,24.94214,00000000afef4555,20.28
10357,2019-08-04T12:41:22Z,c36d58ed0e0dddb3e26be1214e369db1c3fa3d4bcf8b53536a25239b,60.17065,24.93641,000000000f4919c9,4.11
10358,2019-08-04T12:41:22Z,c3be6dcc2c0542676c20d28ce38adbe2c0b9be09caa3f22e60210636,60.16075,24.95883,00000000f1124bca,11.7
10359,2019-08-04T12:41:22Z,c493415e869d6e6304841784a120f994272b83557256b43e44e4f3e0,60.14699,24.922,00000000a53ed894,3.4
10360,2019-08-04T12:41:22Z,c4dfae0a1b1bd27741275e8f26148b119bf7225960b4275e488612b9,60.14699,24.922,00000000a53ed894,9.92
10361,2019-08-04T12:41:22Z,c551d554f64ffda092ce6c4a6715f0ed438c9649f7676b2944f1ea2f,60.14699,24.922,00000000a53ed894,4.11
10362,2019-08-04T12:41:22Z,c593e91b10da944a20d25c4237bda2fae759d288cea38bcaaee3abfa,60.16448,24.97323,0000000053c6c2be,29.32
10363,2019-08-04T12:41:22Z,c633a260ce59bad4e1ca42f12936ed8ae57a40f5e6528dfb70052c43,60.16897,24.95222,00000000aa852af1,14.89
10364,2019-08-04T12:41:22Z,c7416c039513e3156222d936c483164a0914a3b5a5310985374f4767,60.17065,24.93641,000000000f4919c9,29.32
10365,2019-08-04T12:41:22Z,c9822d9c012b25f745a2934c523f3c9e6db75fbe3f5e673475813381,60.15432,24.9211,0000000019fb59c4,27.28
10366,2019-08-04T12:41:22Z,ca507a06be040b3e520339b63d5bd15463a1862124c4bd940d936e4a,60.16762,24.95415,000000006b44cce7,16.1
10367,2019-08-04T12:41:22Z,cad80f69731ad65f7f14bf400d674e0c42de462bd42db112c9d9f261,60.16075,24.95883,00000000f1124bca,27.28
10368,2019-08-04T12:41:22Z,cb3f05d5604f5532e039e6d40514b13aba8f6274d952bb17a8b801fc,60.15432,24.9211,0000000019fb59c4,29.32
10369,2019-08-04T12:41:22Z,cbd334d06c16786ddc543b71b34da6278d203ac72606f0f9275e0936,60.16829,24.94214,00000000afef4555,21.87
10370,2019-08-04T12:41:22Z,cbeef3bda7bad2ba1dc31f986349ad235f07ee8d53eb4d0bbc920ecd,60.14699,24.922,00000000a53ed894,7.05
10371,2019-08-04T12:41:22Z,cc2cf42c6b14536fb92c810ff0e3dd5a3caa74236f14246a5b6e8cdc,60.16762,24.95415,000000006b44cce7,4.94
10372,2019-08-04T12:41:22Z,cce6b6f309e43e2bb1be6a9784582a82891e976d0869d01040586d27,60.14947,24.91438,000000004ef3150d,3.4
10373,2019-08-04T12:41:22Z,cd2346f3db5667fe43eb0d974ddf486ce9722fe427e98ee232d1ba12,60.14951,24.92138,0000000006dd41f6,31.5
10374,2019-08-04T12:41:22Z,cd3e127e27387b6e06cdf27f46fb6046e4182e4d7b49b49c17167c1c,60.14947,24.91438,000000004ef3150d,16.1
10375,2019-08-04T12:41:22Z,cd4ecd3b83630f6e5d65f635804e47a1ceb82853aac36af30044f06a,60.149,24.9843,00000000fffb8cf0,5.91
10376,2019-08-04T12:41:22Z,cd93ba6049a24990376069c22e8ffe887f6c95af9d4bf16f8c65e949,60.16544,24.95398,0000000038d83d41,17.4
10377,2019-08-04T12:41:22Z,ceb777dafa9b7e39125b89735b7f0cf22c3018eb0196043ac8160370,60.14699,24.922,00000000a53ed894,7.05
10378,2019-08-04T12:41:22Z,cef1d06a10cfa08bcaef8b36535c2ec32c756a76cc0d5c2a1246f933,60.14699,24.922,00000000a53ed894,9.12
10379,2019-08-04T12:41:22Z,cfa42322be0000cf89d8969d1b88ace0ba99cab721dd58d55d41a36e,60.17065,24.93641,000000000f4919c9,20.28
10380,2019-08-04T12:41:22Z,cfc2a688ff31fbb1baac8790fb6d56dc7746ba2cf9e0e5f39d4751a4,60.14699,24.922,00000000a53ed894,5.41
10381,2019-08-04T12:41:22Z,d03671e2aa8386fb28a425b20505ceed966063990d65611e2dfda4f2,60.16075,24.95883,00000000f1124bca,25.36
10382,2019-08-04T12:41:22Z,d0413da80c7714f40ffe50dcfb00039280c64ecebc61c59df72965e6,60.149,24.9843,00000000fffb8cf0,25.36
10383,2019-08-04T12:41:22Z,d098b9b5b30c5fcd4ae8a2b8bc761df72829713d3ae919634876d349,60.14699,24.922,00000000a53ed894,8.38
10384,2019-08-04T12:41:22Z,d0aa228c2a3e6e1568e876cffc76874702e0f0f63f18533551bf02c1,60.16075,24.95883,00000000f1124bca,27.28
10385,2019-08-04T12:41:22Z,d12f9e6275869a74f979eac17b326dfe329bbd78b8732fc998b5f132,60.14699,24.922,00000000a53ed894,16.1
10386,2019-08-04T12:41:22Z,d38e88e5b926f9d1de6e326cca45116fcca11f10684c80876739c6cd,60.16075,24.95883,00000000f1124bca,5.41
10387,2019-08-04T12:41:22Z,d64eda229ebb6012e59bc89eacb74918e404ce52f16b491f3d48e800,60.16897,24.95222,00000000aa852af1,20.28
10388,2019-08-04T12:41:22Z,d7ddfc9e0676391b3abbe5a882fd331c40bf9e846dcef32ddf4fdca4,60.16629,24.95957,00000000fb7600be,25.36
10389,2019-08-04T12:41:22Z,d87210146aab139cc6640a20b428dce6ac516806a71a177b70e04f62,60.17065,24.93641,000000000f4919c9,7.05
10390,2019-08-04T12:41:22Z,d9f200ba56048b934a064e76c266a0324ecef2c90d5dbe1613b9fc4b,60.16762,24.95415,000000006b44cce7,13.75
10391,2019-08-04T12:41:22Z,da0c40291d3ace2273a08e3c9b87cbc15b0f03d0dba61e7c5a88dc0c,60.15432,24.9211,0000000019fb59c4,17.4
10392,2019-08-04T12:41:22Z,da667dfa2d8a272a7398e186de027fabd2052052c0aad767a1c7d966,60.16897,24.95222,00000000aa852af1,7.05
10393,2019-08-04T12:41:22Z,daac051ca20430238282e179e0fe525b11ff1e8f1ace26d45b41f331,60.14947,24.91438,000000004ef3150d,7.69
10394,2019-08-04T12:41:22Z,db6993de0692cf79ab1b8e7d86e4b5832d11f57f026a6eb339f977bf,60.14699,24.922,00000000a53ed894,8.38
10395,2019-08-04T12:41:22Z,dc15145376f4a497910c8d2231d671bf62f1918ad93938a48fdc3eb4,60.149,24.9843,00000000fffb8cf0,23.56
10396,2019-08-04T12:41:22Z,dd5ab917b90cad1fbfd6b6bb0c15be465ca3e33a05d02bd87326c890,60.17002,24.94407,000000006b087f40,20.28
10397,2019-08-04T12:41:22Z,ddc8410b9e4ece4b995b789f95e526693bac176ed77092ba57355dc8,60.16762,24.95415,000000006b44cce7,4.94
10398,2019-08-04T12:41:22Z,ddd849ee86afceedd5f5582ede84380d5596c9ea304d634ab0fd0de0,60.16829,24.94214,00000000afef4555,1.12
10399,2019-08-04T12:41:22Z,de0d086ae32f87522eab31d3bc52545ed17b065889674963c0709568,60.16829,24.94214,00000000afef4555,10.78
10400,2019-08-04T12:41:22Z,e02c0f9f72e9f248a4b5df8af328e1a0132d4d8a72c1e603d14cdacd,60.18203,24.91341,00000000342570c2,14.89
10401,2019-08-04T12:41:22Z,e0df847c19b463dec6cea35494d375ce136a276c6a785936c931f60f,60.18203,24.91341,00000000342570c2,20.28
10402,2019-08-04T12:41:22Z,e146a005895fb34bd6ba171e992a110e3768e607872add67faa900fa,60.16762,24.95415,000000006b44cce7,27.28
10403,2019-08-04T12:41:22Z,e1a443e10353da64728464e8a720aaf22a62b80d404f1acae1a1c6ee,60.1538,24.95595,0000000038bf9618,21.87
10404,2019-08-04T12:41:22Z,e23a6115ba872037f9b5066c9c9c966b497f449e32a2c9ceb0e55497,60.16829,24.94214,00000000afef4555,8.38
10405,2019-08-04T12:41:22Z,e34bcebfa007159f3d2adb0e62e20fcf721a221f52bdfe2a6ad77831,60.18203,24.91341,00000000342570c2,16.1
10406,2019-08-04T12:41:22Z,e35717ff07f32be5a2e1520f1855533f8dcc72cff7930c9cba9da32b,60.14947,24.91438,000000004ef3150d,7.05
10407,2019-08-04T12:41:22Z,e3c03ee00a1bcd066f8b260cc5b9824d1118b7b7f972a818752aabc7,60.14947,24.91438,000000004ef3150d,10.78
10408,2019-08-04T12:41:22Z,e447e76c7b53157c11d5bfeb172c27332c81b5ec7f263badf5507888,60.149,24.9843,00000000fffb8cf0,5.91
10409,2019-08-04T12:41:22Z,e4b111abda6e15229c808fb72d5c0c38e2cf3abdbbb62fff5ae48e42,60.16762,24.95415,000000006b44cce7,14.89
10410,2019-08-04T12:41:22Z,e65f7c68ce6502de36e4f47d0646a91a76d6c8cf8b5ffd26a3df8f4b,60.149,24.9843,00000000fffb8cf0,27.28
10411,2019-08-04T12:41:22Z,e6f4e3d1f5e01888556b077224cb4d8f88d63306fff2388e3fd997d0,60.14951,24.92138,0000000006dd41f6,20.28
10412,2019-08-04T12:41:22Z,e6f7965f2ef456f61121bcce5e466f125192e511c2af72d901307e8e,60.16762,24.95415,000000006b44cce7,14.89
10413,2019-08-04T12:41:22Z,e826dedac8582e619ce18cd7eed68be5ee1fc9ed37e191e06f916835,60.14947,24.91438,000000004ef3150d,11.7
10414,2019-08-04T12:41:22Z,e84c3cf76509496cedd71bb89c4a6c35a27c96f037412cf2cdf25308,60.14699,24.922,00000000a53ed894,21.87
10415,2019-08-04T12:41:22Z,e9115410fa45db5a174eee008cae729dc69937a0e0b5a304899bf1b9,60.17065,24.93641,000000000f4919c9,18.79
10416,2019-08-04T12:41:22Z,e92eb020afcd7c1fad04690230ff8c2f005e404dd25b8dced1df30dd,60.16075,24.95883,00000000f1124bca,12.69
10417,2019-08-04T12:41:22Z,e9e19621fc5cfcfed2c808bbadc6cc6dd31e28d3c04cef8b89ca2729,60.16075,24.95883,00000000f1124bca,12.69
10418,2019-08-04T12:41:22Z,ea157e44ed100be3f782d8b3d8e5e0986079c588c9ea754b14917df0,60.16829,24.94214,00000000afef4555,3.09
10419,2019-08-04T12:41:22Z,ea2f4d9799324f4cd2a6fcda1625b65acdbab9f6b8331c26f63beec2,60.16897,24.95222,00000000aa852af1,21.87
10420,2019-08-04T12:41:22Z,eaa9924da1e700147607d5145e2b55b48b65deea922ee2e59bd1d5a7,60.173,24.92524,0000000096918cfa,21.87
10421,2019-08-04T12:41:22Z,eac6fda3a18aa9ce55b6359f5c62a044e0bcd6bc3576c8cd815acf07,60.14699,24.922,00000000a53ed894,8.38
10422,2019-08-04T12:41:22Z,ec350e26364cb676c4cdb72647f039c31e27c775e7bb8973223e5d9b,60.14947,24.91438,000000004ef3150d,11.7
10423,2019-08-04T12:41:22Z,ec424a10bcefb6e69c2eabf42534f06e7a10aa0cfb28f6478052cade,60.14699,24.922,00000000a53ed894,10.78
10424,2019-08-04T12:41:22Z,ef352dcaa8317b6a3c0a02cd8908dd13da5601cc66ba65c5fd8d031a,60.14947,24.91438,000000004ef3150d,4.11
10425,2019-08-04T12:41:22Z,ef9a957427fa29cb6199e006dc4dfe8d84f32aef7faf1d897e18947b,60.16897,24.95222,00000000aa852af1,16.1
10426,2019-08-04T12:41:22Z,efe8b6c6fdf0d2caccd589aaaa4f0228a80590ff9ec7961f2e92103d,60.16762,24.95415,000000006b44cce7,4.94
10427,2019-08-04T12:41:22Z,f062cb52d49926a4fb39f723275ed60ab6c0f3bf34e0c3f9d233b7b8,60.14947,24.91438,000000004ef3150d,4.5
10428,2019-08-04T12:41:22Z,f20f951802c722181f0e90095001c49e73f84049bb105b95c97049d1,60.17918,24.95141,00000000675d5200,27.28
10429,2019-08-04T12:41:22Z,f2759841619517bff6a58510ebb0ddbc9378cd300d99652f9b14f90d,60.16531,24.9442,00000000fdda10fe,38.87
10430,2019-08-04T12:41:22Z,f366283765028e1454f3cfc564b9f220c9d700bfa8a843746eca3141,60.16897,24.95222,00000000aa852af1,21.87
10431,2019-08-04T12:41:22Z,f39827c3c7f4c833d1118043492f78e3255b6da9f4a2c000041d9b61,60.16829,24.94214,00000000afef4555,1.7
10432,2019-08-04T12:41:22Z,f3ec2366b51157150674e5ab6293bdb19e0b30ca4296fee4c97b811c,60.14699,24.922,00000000a53ed894,7.69
10433,2019-08-04T12:41:22Z,f4cf6d61e3954ecf861192b65b6f26288bbe133c7bb5852afeffdc76,60.16829,24.94214,00000000afef4555,25.36
10434,2019-08-04T12:41:22Z,f5f7cfe177dfb0b7ebba2419ae53f70b6b5690dd98d98586004a9107,60.149,24.9843,00000000fffb8cf0,11.7
10435,2019-08-04T12:41:22Z,f796c9efc581b25280d4b416f8ba3aecca6ddf083e7bdad05f6e595e,60.14699,24.922,00000000a53ed894,9.92
10436,2019-08-04T12:41:22Z,f7f0caf73572bea3c08b592eeb9655b2668cfb16fd8840ca5619d84a,60.14699,24.922,00000000a53ed894,3.74
10437,2019-08-04T12:41:22Z,f847ec4111b37a677f1bd2577f778f653309f7b486974fefcf5eb8c9,60.1538,24.95595,0000000038bf9618,29.32
10438,2019-08-04T12:41:22Z,fa96854324adae88abb35afa34b2393a20338bfd8fc9602d3ce6ae8d,60.14947,24.91438,000000004ef3150d,7.05
10439,2019-08-04T12:41:22Z,fadc39da3cd26ac621092fbbff224b95bb13446c8d24bbf4f3e50e90,60.14947,24.91438,000000004ef3150d,5.91
10440,2019-08-04T12:41:22Z,fc618d570293e104f3bf927312641e3b7c65acce185b1614337d848c,60.16829,24.94214,00000000afef4555,16.1
10441,2019-08-04T12:41:22Z,fce50ac3cfd2f3b7a897f6575eeda4e45ab42e5b9b5351be836cc0de,60.16897,24.95222,00000000aa852af1,16.1
10442,2019-08-04T12:41:22Z,fd77161cf9715d9d0f922cf45e79e5d9b9debef5113cb32a4f82ef76,60.16762,24.95415,000000006b44cce7,5.91
10443,2019-08-04T12:41:22Z,fe5ca86c906b1cb3bf9dd257ceefc562e41da499878f1074484f7d42,60.14947,24.91438,000000004ef3150d,13.75
10444,2019-08-04T12:41:22Z,feb399897846bc34dc3f4b06ac4ef0ffb0db885977b88e5c5fdb7350,60.14699,24.922,00000000a53ed894,4.5
10445,2019-08-04T12:41:22Z,ff4f3e0f964f23b97e88626f7a506bb4409718931712c58ce0f247af,60.16762,24.95415,000000006b44cce7,7.05
10446,2019-08-04T12:41:22Z,ff8280896145ae17e594c52eac2cdbab47d3757d797878fbc4298596,60.1538,24.95595,0000000038bf9618,41.64
10447,2019-08-04T12:41:22Z,ff8d5b9e61bd912b13b664db8ef2919e1f515ca3b20ae67f532a5c8a,60.16762,24.95415,000000006b44cce7,8.38
10448,2019-08-04T12:41:23Z,07d86ad98399440d0cc3bd3382a7256feb971e49a3686dc17f532e1c,60.16829,24.94214,00000000afef4555,10.78
10449,2019-08-04T12:41:23Z,112c36ba789fa57e2b19c9bff8bfe0b3eba19a431c3af4656c4cee5b,60.16531,24.9442,00000000fdda10fe,29.32
10450,2019-08-04T12:41:23Z,1142f5b6806b1ec7d8d47d47013eb530d8a7418f6934d8867b20966a,60.16829,24.94214,00000000afef4555,25.36
10451,2019-08-04T12:41:23Z,14c7e1511b70f4dd3359cbece1377aebb4d70531f5489eefe53d7c3c,60.16544,24.95398,0000000038d83d41,21.87
10452,2019-08-04T12:41:23Z,1599d2c9070a6f05e1a5887c2d9209214c04818c6203fe75440734f2,60.1538,24.95595,0000000038bf9618,21.87
10453,2019-08-04T12:41:23Z,165ebbb4090d47319ae370f0d0854fdc1f6b79499f8b2e4d3c3533c0,60.16544,24.95398,0000000038d83d41,27.28
10454,2019-08-04T12:41:23Z,16c994bb2e24124a910c247376d16e980a65626a94c4c0aaab27df60,60.16829,24.94214,00000000afef4555,31.5
10455,2019-08-04T12:41:23Z,1e7ea410376fbdb3f3c476c76d23abad5d830690f78f71ea06f7e321,60.16075,24.95883,00000000f1124bca,8.38
10456,2019-08-04T12:41:23Z,211f6b7b044343d0be369791b3fa3c144d0d0f391e2a42787712efb0,60.16448,24.97323,0000000053c6c2be,14.89
10457,2019-08-04T12:41:23Z,23587f2ca6a8c83a3c277c80fbeef76540c1646b104df2b06eb3528f,60.18203,24.91341,00000000342570c2,33.81
10458,2019-08-04T12:41:23Z,25a7ff811c3c06e426c7c2cbb0433d9a2a3399b23afecbd35584ab0f,60.18203,24.91341,00000000342570c2,11.7
10459,2019-08-04T12:41:23Z,2603b5aecd8f219a410e558446935308ecabb09a6c9e5b38533728ff,60.16829,24.94214,00000000afef4555,21.87
10460,2019-08-04T12:41:23Z,2d407793ce0a0290a87debe672b1af2af93c687ca83668e17fb0ce63,60.14947,24.91438,000000004ef3150d,17.4
10461,2019-08-04T12:41:23Z,315af4a829b592ba99b203b8ed2cbd499769f8752dfe6de7da4ee929,60.16829,24.94214,00000000afef4555,17.4
10462,2019-08-04T12:41:23Z,3b5cafe90982db26cf737b2e4cd4275276f6a031bca3b2a1f73023b2,60.14699,24.922,00000000a53ed894,12.69
10463,2019-08-04T12:41:23Z,3fe5f4ccfa5c777ceafda0674d7c9da6f509f6694b4c2fa254b32e73,60.16897,24.95222,00000000aa852af1,21.87
10464,2019-08-04T12:41:23Z,3fe84a5a1e657df8910685df3a8cf779a6ebc3362fbc8e578f235ee4,60.15432,24.9211,0000000019fb59c4,8.38
10465,2019-08-04T12:41:23Z,4317f5904a5e6ae921bf743dd534c803083fd90b15a1245881beeade,60.16897,24.95222,00000000aa852af1,33.81
10466,2019-08-04T12:41:23Z,43b676ed3aef4c2d8846694817e76117873be52e7f788e0cb366c1c4,60.16629,24.95957,00000000fb7600be,25.36
10467,2019-08-04T12:41:23Z,44d0b94469070803869f229601e877beb613c3f5aafa009addf97a1a,60.16544,24.95398,0000000038d83d41,16.1
10468,2019-08-04T12:41:23Z,4656bad9b5e6dfc3977eca308fc1db3dbf8b0204b90d09b001da242e,60.1638,24.96846,00000000d747f075,27.28
10469,2019-08-04T12:41:23Z,5bbb5184fded3e51bc78e45e39917794285e6bbc72da404802a9599a,60.16531,24.9442,00000000fdda10fe,29.32
10470,2019-08-04T12:41:23Z,5d65719c4cbf045f068d084b72302f447d5fd034413d97d13be00d0e,60.18203,24.91341,00000000342570c2,23.56
10471,2019-08-04T12:41:23Z,5eed115a984d490b02b602d73787aee8dc8c4e9365b77fbff3818a76,60.16629,24.95957,00000000fb7600be,17.4
10472,2019-08-04T12:41:23Z,5fecff186138a9b3e31c6086c33dcd5f1d209e64f0afeed7c688cab0,60.16897,24.95222,00000000aa852af1,23.56
10473,2019-08-04T12:41:23Z,653a92a7828f2c43bc74899753f872e8b93c30b6fb419b651a94bbc1,60.16897,24.95222,00000000aa852af1,21.87
10474,2019-08-04T12:41:23Z,69219e9efa41ae9e732653e9eaf08e1a34cb853a9dafe76ddeea4d04,60.16897,24.95222,00000000aa852af1,14.89
10475,2019-08-04T12:41:23Z,6a70e2fbced719333e21eff04fcb9cb36bae9a04d1a3d6ddd96f2c58,60.15432,24.9211,0000000019fb59c4,9.12
10476,2019-08-04T12:41:23Z,6c8861f56a280e7752e10439271a2498527c69b0796f58de4afc6008,60.16075,24.95883,00000000f1124bca,13.75
10477,2019-08-04T12:41:23Z,7678cdb86d454ca9ae52f22d97e635106585a3a046d01da4463695cc,60.18203,24.91341,00000000342570c2,13.75
10478,2019-08-04T12:41:23Z,79f136afa0dd8717337c01c70b457c464aaf0fa25b440f51a394ec23,60.16762,24.95415,000000006b44cce7,13.75
10479,2019-08-04T12:41:23Z,85ef35aecf2ff804be3d958b592705ec41c6df9c128c132c65bb283d,60.16897,24.95222,00000000aa852af1,20.28
10480,2019-08-04T12:41:23Z,87dfaad29a9276ddddb1fa021d3bc23ad14824c1af16f7d87e713689,60.14951,24.92138,0000000006dd41f6,10.78
10481,2019-08-04T12:41:23Z,88808fe92573e9cdf022cc15b9689b6b4b9429f60513c8897b0ba4c7,60.16897,24.95222,00000000aa852af1,17.4
10482,2019-08-04T12:41:23Z,8c3b1ed0846e38cc84b863a80540c8a75bfd85c8bdda36563d153110,60.16544,24.95398,0000000038d83d41,25.36
10483,2019-08-04T12:41:23Z,8c75c3289c84fe4493e1e272a77b615fe1985880c5dc68a7c1a17b53,60.16762,24.95415,000000006b44cce7,14.89
10484,2019-08-04T12:41:23Z,9843c6216661048343a0e49cf3d8aa2883cf77f452666a1c873a1052,60.16448,24.97323,0000000053c6c2be,13.75
10485,2019-08-04T12:41:23Z,a23b63dc2df72ba829ea2eabba05dafe724027d59a8f6babf791c1b8,60.16075,24.95883,00000000f1124bca,18.79
10486,2019-08-04T12:41:23Z,a8f8130135c784b027355228017bbfe99e5a6eecec153d44b78bedd3,60.16829,24.94214,00000000afef4555,11.7
10487,2019-08-04T12:41:23Z,a91d379a4b57c5df22db0d7a041ff69f657b4b31f28554b1011fc03c,60.16544,24.95398,0000000038d83d41,27.28
10488,2019-08-04T12:41:23Z,af807b67ce09a2ce1744025c421961213f1608ca658ece4df69555a1,60.16762,24.95415,000000006b44cce7,11.7
10489,2019-08-04T12:41:23Z,b3d30798e4605a05b11dfff0f3fe01c2e8e16ac491fdb956f128ff23,60.14947,24.91438,000000004ef3150d,16.1
10490,2019-08-04T12:41:23Z,b5fd6b317890e5ab2d79e2cd1abe61626d45a753c7337d0d40728898,60.16762,24.95415,000000006b44cce7,8.38
10491,2019-08-04T12:41:23Z,bb98768dad0f7c52cf643f035a3e7e48f5cfe28557c66f2a75914b31,60.14699,24.922,00000000a53ed894,11.7
10492,2019-08-04T12:41:23Z,bcb0201b0a1edf350ae2f681076e7d2d48ebd94c075bd3ca59552020,60.16897,24.95222,00000000aa852af1,13.75
10493,2019-08-04T12:41:23Z,be41ebc5fb0d348fc1ef1166d44251c3112a78a4ea01aa980364ee7c,60.14699,24.922,00000000a53ed894,10.78
10494,2019-08-04T12:41:23Z,c0cdd4e99cf9447e490b5cbd5e7513df9acfcbabb8bd5117c4731512,60.16075,24.95883,00000000f1124bca,14.89
10495,2019-08-04T12:41:23Z,c40c37def6bf11a63a2556519a7c6233fd417cdeea2cf14f28e7c42c,60.16531,24.9442,00000000fdda10fe,29.32
10496,2019-08-04T12:41:23Z,c97eb4181394121907d47b908495f54e5ee5145ff790f7a1dc21b3cf,60.16897,24.95222,00000000aa852af1,11.7
10497,2019-08-04T12:41:23Z,ca6927628f5ddda20036865c9345ad93d476d62ade3b181de568eed6,60.16897,24.95222,00000000aa852af1,20.28
10498,2019-08-04T12:41:23Z,cf05623e4d87ce0906c0b0b7dbf53aacc1228016cd27c341228b6e76,60.18203,24.91341,00000000342570c2,17.4
10499,2019-08-04T12:41:23Z,cfc0bedb78ded52749db3188cb188bf6a250ef5990da9c5afa9623fc,60.14951,24.92138,0000000006dd41f6,18.79
10500,2019-08-04T12:41:23Z,d0a50f3001c258a38880550f6c0835fcaa85f0a6d36687dc5de98f3b,60.16629,24.95957,00000000fb7600be,17.4
10501,2019-08-04T12:41:23Z,dcb7e8bb90af70568c12a902d706c70e1ac1213e31ba074756f0a27a,60.1538,24.95595,0000000038bf9618,36.27
10502,2019-08-04T12:41:23Z,ded49640b591e73bff71f84fb99d2739eb6c9554164a015017725e03,60.16829,24.94214,00000000afef4555,13.75
10503,2019-08-04T12:41:23Z,e8690c2d1711bc10f2d1251a3b5b1e770b98c66c384760400c604de1,60.16829,24.94214,00000000afef4555,21.87
10504,2019-08-04T12:41:23Z,e8e366e76c97944e23c0f80b4fd3ce6e5832744922297146a49f0c7e,60.16762,24.95415,000000006b44cce7,9.92
10505,2019-08-04T12:41:23Z,e96bd269a48b822b06141c3362fcb6d5ed4d0d09a120f2e4a712d5c2,60.16897,24.95222,00000000aa852af1,11.7
10506,2019-08-04T12:41:23Z,ed70dda6b7faebd4340dacdb452ab224d9d3c308df417b7fa76f54e8,60.14951,24.92138,0000000006dd41f6,21.87
10507,2019-08-04T12:41:23Z,eee5797db5c3753514933a12e2485caee4ee5803b4d830ba1c22e5c5,60.14947,24.91438,000000004ef3150d,10.78
10508,2019-08-04T12:41:23Z,efa8e25ea4c5ed441c13cffe6302f0a18f60181c6ede8e013f75a44c,60.16829,24.94214,00000000afef4555,23.56
10509,2019-08-04T12:41:23Z,f088630d7476dae7d4b7e2bb1f10575f2c89acb4b6e061f3d57c2b40,60.16531,24.9442,00000000fdda10fe,20.28
10510,2019-08-04T12:41:23Z,f237103f284dc6c51c64f9728c4f56e0c855dbb1bf8c4165758c3ef0,60.16897,24.95222,00000000aa852af1,17.4
10511,2019-08-04T12:41:23Z,f405a7c4a3a4339f8e3f7e552f6492d6eed76f7d08c54943286213de,60.16762,24.95415,000000006b44cce7,11.7
10512,2019-08-04T12:41:23Z,f6609ab1076b1105bb845595a03b41b8fbb282f79c337df5bbc9f841,60.14699,24.922,00000000a53ed894,11.7
10513,2019-08-04T12:41:23Z,f94dddacf96965952551200a02b41925bcd21402aceafb12f19931af,60.16075,24.95883,00000000f1124bca,14.89
10514,2019-08-04T12:41:23Z,fc4f3a44235f1cfc7b53f14ba2da599976a5a0a220d23b852688e485,60.17919,24.95181,000000007b5207b6,20.28
10515,2019-08-04T12:41:23Z,009ad4cd2bd97e04da44cc9789e6bdbdb899eded61d05b7d5634b7be,60.16829,24.94214,00000000afef4555,9.92
10516,2019-08-04T12:41:23Z,00a07b1f8113691d8475c54082a14cdd54decf9845a90e75df8031a6,60.17065,24.93641,000000000f4919c9,29.32
10517,2019-08-04T12:41:23Z,00bdb07c0f4f75c71196362c269c9f652c66cf7d3f3c2d89843af063,60.16629,24.95957,00000000fb7600be,18.79
10518,2019-08-04T12:41:23Z,02978cd5cb7127a718d3d775079ab940a3e81885ce6106495cca5ee4,60.1538,24.95595,0000000038bf9618,17.4
10519,2019-08-04T12:41:23Z,02e858ecddaf323e0938a822f65cb42a78d6ee749e3b1a66303ec932,60.16897,24.95222,00000000aa852af1,21.87
10520,2019-08-04T12:41:23Z,036c183505fea646b54aeb0c612913cafba94eca65e47d3c6d840a68,60.17919,24.95181,000000007b5207b6,18.79
10521,2019-08-04T12:41:23Z,0413805762399525f916572e0de4852c934500b4a8465ac67a535d41,60.16762,24.95415,000000006b44cce7,17.4
10522,2019-08-04T12:41:23Z,0479a26a59d65bf1dee05c06f4227a0ba63a6e9c9a09e7c34f2e06b4,60.14699,24.922,00000000a53ed894,8.38
10523,2019-08-04T12:41:23Z,04b49a34910d12f55243dd5a756c7cc1e506e5d3cdb418cc635e9ad9,60.16762,24.95415,000000006b44cce7,13.75
10524,2019-08-04T12:41:23Z,04f35922a81b516e7028f61c6ff34faf6da85df0a5cfcefb6df1861f,60.149,24.9843,00000000fffb8cf0,18.79
10525,2019-08-04T12:41:23Z,05d441c83d2df822feaf93d7861452db7a201f22d84cfa36f421dfd2,60.16544,24.95398,0000000038d83d41,12.69
10526,2019-08-04T12:41:23Z,076c28c1895ef1919c11113113c12655c546fc90a00800e5ebec5b56,60.14699,24.922,00000000a53ed894,6.46
10527,2019-08-04T12:41:23Z,0a0acb70a8ef92be52a64d4425e70bb2f7a17d13942c3382c9d68878,60.149,24.9843,00000000fffb8cf0,2.08
10528,2019-08-04T12:41:23Z,0a5616e066b42895361324cfa8abef41d849a55e3e4bed429bab494b,60.16829,24.94214,00000000afef4555,6.46
10529,2019-08-04T12:41:23Z,0a8eb41acf097f79d7e145d7a002bbaa9f5017b44076ad66b2dbe053,60.16762,24.95415,000000006b44cce7,13.75
10530,2019-08-04T12:41:23Z,0aabf0df4c3c5b45bb8950c92dbe624985f19e8650ed61f92571a65a,60.14699,24.922,00000000a53ed894,4.11
10531,2019-08-04T12:41:23Z,0acb4bd7319729fea4acf035921d1136d86a307a60b4444669cede1a,60.14699,24.922,00000000a53ed894,7.05
10532,2019-08-04T12:41:23Z,0b0dd9af9d52c68ff71ce266d6707abbb0f56c3c63be0f83f7b5df9b,60.16762,24.95415,000000006b44cce7,9.12
10533,2019-08-04T12:41:23Z,0c905239b8c0e14cba671cf4d4d715d1045a30ee62a6285fb489dbb0,60.16829,24.94214,00000000afef4555,6.46
10534,2019-08-04T12:41:23Z,0d3525b13d674f1645fdbe6d842fe37b2f416889c5472e9dfcc5445c,60.14947,24.91438,000000004ef3150d,3.4
10535,2019-08-04T12:41:23Z,10a99e791e27975dc1c9d73d3163cabacf3bd7bd05a4f7abf6365426,60.14699,24.922,00000000a53ed894,14.89
10536,2019-08-04T12:41:23Z,10caaea8002e8b3b342b32710efdd7305ff375ca1cdc01411f66b2f6,60.14699,24.922,00000000a53ed894,5.91
10537,2019-08-04T12:41:23Z,120a63917cb5ab619bf9a71328f14020736ee84e75d5b37278748def,60.16897,24.95222,00000000aa852af1,12.69
10538,2019-08-04T12:41:23Z,121345c4cf0d0f18c684c4eb22e496ac6f8fb537ec2f3812f6966b67,60.16762,24.95415,000000006b44cce7,11.7
10539,2019-08-04T12:41:23Z,124cce476184e061b136f481014a2abc7208d30e4e520ffd90c85adb,60.17002,24.94407,000000006b087f40,11.7
10540,2019-08-04T12:41:23Z,13ee67fb034e3d24edc9a9618e9d6de24979ebbcb399f83abb02a897,60.14699,24.922,00000000a53ed894,5.91
10541,2019-08-04T12:41:23Z,1423891c6ee1edc7da83904378a35aef2e5797db95b117651d676934,60.16762,24.95415,000000006b44cce7,4.11
10542,2019-08-04T12:41:23Z,1496ce9cf373a2a508a8ab0b7aa0604dd889fd69483881c3752219af,60.14699,24.922,00000000a53ed894,17.4
10543,2019-08-04T12:41:23Z,15c8c2ab70ffd0d669483e6b2e0094997b8975af22ae063ece71ce38,60.16762,24.95415,000000006b44cce7,14.89
10544,2019-08-04T12:41:23Z,15ee12e5f9be00a79b0cbbc9912f51cbfa3e486624567e1bde938fb6,60.1538,24.95595,0000000038bf9618,27.28
10545,2019-08-04T12:41:23Z,161aa798c2a18e132fb27ecded773218ea4e42eabbd0e5794b1d7017,60.15432,24.9211,0000000019fb59c4,18.79
10546,2019-08-04T12:41:23Z,16ca2e50aab654110e1bb81e5e374133f99b7f103d24d5cc9635423c,60.16897,24.95222,00000000aa852af1,14.89
10547,2019-08-04T12:41:23Z,171a752ceacd35c6e27c36e67da80ba960a246c0977f0bdca139a472,60.14699,24.922,00000000a53ed894,13.75
10548,2019-08-04T12:41:23Z,1769031b7f4d75de0541e26427b9ecc92c84b80992e3b36bb8eb799e,60.16829,24.94214,00000000afef4555,10.78
10549,2019-08-04T12:41:23Z,17af6ab252328066d6b13406084507dfa7a7f6db3030872e7f87223d,60.17065,24.93641,000000000f4919c9,21.87
10550,2019-08-04T12:41:23Z,19e53513589dcba5028a4b34911362f7371db2323ba85afdee89638d,60.14699,24.922,00000000a53ed894,18.79
10551,2019-08-04T12:41:23Z,1a93dfa31156cee53b4bd527d8b74655a5da812b6933d8a86d871e47,60.14947,24.91438,000000004ef3150d,8.38
10552,2019-08-04T12:41:23Z,1ad0b84716a79851fa8db7a993012f0c8e496d6cba9d028a546285a2,60.16897,24.95222,00000000aa852af1,17.4
10553,2019-08-04T12:41:23Z,1b3fba902b8d1538b508cdc228fd15fdd87f5aecb68e5611b1a4e354,60.16762,24.95415,000000006b44cce7,2.3
10554,2019-08-04T12:41:23Z,1bcef866fafad7c7460a084e0b0d27c087b549f4ae704390708be47e,60.149,24.9843,00000000fffb8cf0,7.69
10555,2019-08-04T12:41:23Z,1c7ccd5d6570d98e57ef2ebbd716b7504b138f9bb616fbeaa0d1a268,60.14699,24.922,00000000a53ed894,13.75
10556,2019-08-04T12:41:23Z,1c97d2bebb0ebb21f9e68c4c27224b7f8d52178c0bf62341cd087e15,60.14699,24.922,00000000a53ed894,18.79
10557,2019-08-04T12:41:23Z,1e24a2120b13c780dbb3a67a73f5058d1847f126fd5f5952e6dddcd3,60.16075,24.95883,00000000f1124bca,20.28
10558,2019-08-04T12:41:23Z,1ec58e626d2335aeeaa7c7d8f715d4334274dbd43448fb62c3901ef6,60.16829,24.94214,00000000afef4555,18.79
10559,2019-08-04T12:41:23Z,1f74037ecab4dbdc5db1a8dc8b583a86630f86a5f2d0a5167b7fa605,60.18203,24.91341,00000000342570c2,21.87
10560,2019-08-04T12:41:23Z,1f81ed7274add201d3059d4a37e2bbe86b6ae1f0fd42a16d7b8dccaa,60.14699,24.922,00000000a53ed894,9.12
10561,2019-08-04T12:41:23Z,1faaaeff6423708e06d94b904af4be93e399939fbdfd3b3091dc8bd2,60.15432,24.9211,0000000019fb59c4,14.89
10562,2019-08-04T12:41:23Z,203a0c145a43c9a18f8c2a5ba4e18882e7430662bb4ac0e56ab37578,60.17065,24.93641,000000000f4919c9,12.69
10563,2019-08-04T12:41:23Z,20ac7b2ace7c0038aa8df01b9281a9c54f1551fc8ab9b662b1f1ca22,60.18203,24.91341,00000000342570c2,13.75
10564,2019-08-04T12:41:23Z,21eed3ade733687b8f56fade8290819b7c6b4a9f38468979fe692c3e,60.16762,24.95415,000000006b44cce7,7.05
10565,2019-08-04T12:41:23Z,2204ba387d2db0e7d2ca03f7ace46abff8d141668b73c75a1879d7ba,60.14947,24.91438,000000004ef3150d,10.78
10566,2019-08-04T12:41:23Z,22fe9a06fba1036e8eafd726bc450095b1893be067f475e1882bb704,60.14699,24.922,00000000a53ed894,9.92
10567,2019-08-04T12:41:23Z,231026899a6d5b326cb5b1e38b182ca1acb77c7e27bc2378973b29db,60.16629,24.95957,00000000fb7600be,11.7
10568,2019-08-04T12:41:23Z,23337c2812924a07e4f0bbc92e56d1f85ea40208b6b987f4afc686cf,60.16897,24.95222,00000000aa852af1,17.4
10569,2019-08-04T12:41:23Z,244b51aa4a7059ba782925258111c295aa4de9596025c55ccd5580ac,60.16829,24.94214,00000000afef4555,20.28
10570,2019-08-04T12:41:23Z,2551a9e1b8a03c8e0e378ed37c0130b6e4105ec6b949de9e5a670be8,60.14699,24.922,00000000a53ed894,12.69
10571,2019-08-04T12:41:23Z,2607d1b2fc6e31a80348fffbed68a7d3a8e0212f197f2d1c573c587b,60.14947,24.91438,000000004ef3150d,3.09
10572,2019-08-04T12:41:23Z,267b66cc2e81a226d253a8f3228a4b45e1fabb634bba60fd0cc21a8d,60.14699,24.922,00000000a53ed894,16.1
10573,2019-08-04T12:41:23Z,269124e75b1e74a7c7dc93b778e02f04d0a53e069a90081c0938ee4c,60.14699,24.922,00000000a53ed894,9.92
10574,2019-08-04T12:41:23Z,27d4452dcae7c8e389fc21669cb3ccaedac87d45d4b1a50131c939e4,60.16762,24.95415,000000006b44cce7,3.09
10575,2019-08-04T12:41:23Z,28b43564f7156b67db7cb7b779e948986d7610f921490f9030379704,60.16897,24.95222,00000000aa852af1,8.38
10576,2019-08-04T12:41:23Z,28d2c3282e9f8fec67baec7992dcd800c45b67071e33cb118905a6b3,60.16829,24.94214,00000000afef4555,4.11
10577,2019-08-04T12:41:23Z,29a1ee6c0907a00ec6b6dcbb187f5c31d1a11b261aabd339210ee013,60.16897,24.95222,00000000aa852af1,7.69
10578,2019-08-04T12:41:23Z,2a47bdc66249162a9588347a6cbe7895fe798bb25c1194cd69fb1e8b,60.14699,24.922,00000000a53ed894,10.78
10579,2019-08-04T12:41:23Z,2f08dbfbbe5577f04ea9826f72d5452ddf5fd9bb892769382ea5a4ca,60.16762,24.95415,000000006b44cce7,6.46
10580,2019-08-04T12:41:23Z,30c55d5011d0f6c901437a130dbe2653c7ae0cceee3b0a242394152c,60.14947,24.91438,000000004ef3150d,23.56
10581,2019-08-04T12:41:23Z,32708990f2c831e65f70f2682baf5188fc93348b9a9e78ada8db2bf4,60.14947,24.91438,000000004ef3150d,4.11
10582,2019-08-04T12:41:23Z,32f77f5019e5fce30881c214487361e2e34b8c93277f6e546de72012,60.1638,24.96846,00000000d747f075,31.5
10583,2019-08-04T12:41:23Z,33634cb1e3fc5d4a621e8717d203da8533ed27531a70c6cbe3abf3fa,60.16762,24.95415,000000006b44cce7,2.3
10584,2019-08-04T12:41:23Z,33ec502792a84f23fed03cf16e483d153c65e2850a2549f47034726a,60.16762,24.95415,000000006b44cce7,5.91
10585,2019-08-04T12:41:23Z,3459042c03cbb672a039f7f14a6b99b84f839b0598f9e48bf4dd95f5,60.14699,24.922,00000000a53ed894,9.12
10586,2019-08-04T12:41:23Z,349dd839e41cff363cc4b935496e52b93be15233e508aa82987859bd,60.16075,24.95883,00000000f1124bca,13.75
10587,2019-08-04T12:41:23Z,34fddf0f4ea194b9720451d11a9de76225577536681d4f4b0a00b860,60.16829,24.94214,00000000afef4555,12.69
10588,2019-08-04T12:41:23Z,358d7986d5bf2a0624fb1412a157b3c7b12f90653457e15a76bbdf50,60.16629,24.95957,00000000fb7600be,17.4
10589,2019-08-04T12:41:23Z,35a958343879c000cfc3f0c01afbc7d54934265828677bf4aefef84f,60.14699,24.922,00000000a53ed894,9.12
10590,2019-08-04T12:41:23Z,35e6e075578d7a51e510bf8904bde33f1d117264eea0917db98d4808,60.16897,24.95222,00000000aa852af1,14.89
10591,2019-08-04T12:41:23Z,3721331dbb97151d17938ed835ffc7208eba26fba6100c62870a3a4f,60.14947,24.91438,000000004ef3150d,5.91
10592,2019-08-04T12:41:23Z,37945fa4e7409fab98aa8bde45081f5bd083def0059485274ad552c0,60.17919,24.95181,000000007b5207b6,13.75
10593,2019-08-04T12:41:23Z,37b4192b51c9589b8791bc2e9f830dd541c0e77fd03e7a85a51b68e5,60.16544,24.95398,0000000038d83d41,23.56
10594,2019-08-04T12:41:23Z,388cc7c522b659745d13c0c707774680483a0c8dc7f1266ab35d91e3,60.16629,24.95957,00000000fb7600be,29.32
10595,2019-08-04T12:41:23Z,39310ebca1ad756aa2bfcb16c912cb7003ef3e7286a1f037603ade61,60.14699,24.922,00000000a53ed894,6.46
10596,2019-08-04T12:41:23Z,39384affce73de5534e6b28e6757781ad6130ef205ee585f3c64b58e,60.14951,24.92138,0000000006dd41f6,20.28
10597,2019-08-04T12:41:23Z,395c2fb9c5868607d4c5972103e399bc99c9aef007c21439142a217e,60.17002,24.94407,000000006b087f40,27.28
10598,2019-08-04T12:41:23Z,39f03a3a5fd777feee270921a7f51daec12ea679b542b0aaf2e808d7,60.149,24.9843,00000000fffb8cf0,33.81
10599,2019-08-04T12:41:23Z,3a6ce73ea4c03a14fc0d3d099e4698d3c1051a2e8e4bd552d5de394d,60.14947,24.91438,000000004ef3150d,7.69
10600,2019-08-04T12:41:23Z,3be48824225ca9f2aea5653f6ce21181a76e67a8d4b8361f0cba1f8a,60.14947,24.91438,000000004ef3150d,7.05
10601,2019-08-04T12:41:23Z,3c21ef81eb62764c543cc53a1eb793a317f3443dd4838799b2dbd6ff,60.16629,24.95957,00000000fb7600be,27.28
10602,2019-08-04T12:41:23Z,3c545ca8c42e2a9a876f2500f6aee220e5fe1c178dd132136643754b,60.16762,24.95415,000000006b44cce7,11.7
10603,2019-08-04T12:41:23Z,3e9bb396fbc83c420e59acae7d393de6b4add7ec1dda523b9eaee7a5,60.16075,24.95883,00000000f1124bca,25.36
10604,2019-08-04T12:41:23Z,3ec0a34310840b3aa1aa32a3f2bffbe426e91a242dc6eb5c1e86bba7,60.16448,24.97323,0000000053c6c2be,21.87
10605,2019-08-04T12:41:23Z,3ffe89aa6ab1e57883e21fa8f15969f46a5f487bccb2b993eadb3cfb,60.14699,24.922,00000000a53ed894,7.69
10606,2019-08-04T12:41:23Z,403f209e525e5159d33b2056ebebcfa95ff94baf8ae3d9b3442c3090,60.14699,24.922,00000000a53ed894,10.78
10607,2019-08-04T12:41:23Z,412dc285b5d97952ce14530cd94457e6394f0b393a1087487d2f36d3,60.17002,24.94407,000000006b087f40,23.56
10608,2019-08-04T12:41:23Z,42168beaa0acd47be6bf8e4209edb348c9d27b18517c7420d454a24f,60.17065,24.93641,000000000f4919c9,33.81
10609,2019-08-04T12:41:23Z,42d4eb6044091814f327d0b01dc9ae701506417af1a8ab7f4161650d,60.14951,24.92138,0000000006dd41f6,11.7
10610,2019-08-04T12:41:23Z,42da4298ed9f522421f17714e024d9b8fe22e7546df3deeb8b139bd3,60.16075,24.95883,00000000f1124bca,4.94
10611,2019-08-04T12:41:23Z,431375be6b9405ef55878f3aa0bb5dd6a35db8ba650a2bce05081c49,60.14947,24.91438,000000004ef3150d,11.7
10612,2019-08-04T12:41:23Z,447f951c07ece4b9f8a41fed54b5911f4f8033b69f5a62bfd0cf1d97,60.14699,24.922,00000000a53ed894,12.69
10613,2019-08-04T12:41:23Z,4533d27e96c5c6637ddff4243672d658fea4004970652882357105a9,60.14699,24.922,00000000a53ed894,9.12
10614,2019-08-04T12:41:23Z,457d11209b95b153efb57d8f2641f2db0823e91a0d608fa0555a5b69,60.14699,24.922,00000000a53ed894,6.46
10615,2019-08-04T12:41:23Z,4602ff9d03f6bf4fbb82976098cc1c73e7a7e754050401c772d1406e,60.14947,24.91438,000000004ef3150d,14.89
10616,2019-08-04T12:41:23Z,47bc9ff9097f9ef5f1862e48b4a42f6a9ddd30c4ef2b6eb43291a7a5,60.14699,24.922,00000000a53ed894,12.69
10617,2019-08-04T12:41:23Z,47cde44e4ddbf6c70162fa882eee962e7c3e2a037b650294ec46568f,60.14947,24.91438,000000004ef3150d,11.7
10618,2019-08-04T12:41:23Z,48d0a198e7445da9f7df3cb2cedef7dc861fe850deff789f6ad61d36,60.14947,24.91438,000000004ef3150d,27.28
10619,2019-08-04T12:41:23Z,48f665ebb1a71b0d84fc02bd71918c5ab5608328db534639cbd2a255,60.14947,24.91438,000000004ef3150d,17.4
10620,2019-08-04T12:41:23Z,4926fec57d2640e18cb9d46deb64eba0255ca71b93116f4ae21e4288,60.16829,24.94214,00000000afef4555,12.69
10621,2019-08-04T12:41:23Z,4a3fc0d8003eaf9e5025fb4d14b8e034d1406ebe923ef21f9e6ad429,60.1538,24.95595,0000000038bf9618,27.28
10622,2019-08-04T12:41:23Z,4a565a7be2bb822523480c6ca86154a466bf189290f87a0ef118f8b7,60.149,24.9843,00000000fffb8cf0,20.28
10623,2019-08-04T12:41:23Z,4aff8c41b8c3f924b9b765007cf6f0f148e9fdc4dfad6299b17f6f71,60.16762,24.95415,000000006b44cce7,17.4
10624,2019-08-04T12:41:23Z,4b1050cc517631e36206d3528399c0b14748daec8c7d1b5dfa412299,60.15432,24.9211,0000000019fb59c4,7.69
10625,2019-08-04T12:41:23Z,4b85388cdaec2b4c15b546160ee326d9668a5e5d3c7b08d0c539946e,60.17919,24.95181,000000007b5207b6,9.92
10626,2019-08-04T12:41:23Z,4be50f3eb033f3f46e3069049c8e0a34dc8a2607741c1764369ba4c2,60.16762,24.95415,000000006b44cce7,5.41
10627,2019-08-04T12:41:23Z,4bf75585466f0aafa2ed2956fe4b0f7235b4ba3a0606a52219b3156c,60.14699,24.922,00000000a53ed894,11.7
10628,2019-08-04T12:41:23Z,4cadc8cc23fd84febb6a8383030a34c97b3388a8c9ed7a64cc0f51a6,60.14947,24.91438,000000004ef3150d,20.28
10629,2019-08-04T12:41:23Z,4ebdb6165c5d4892cdc21711313b98b1545bececfb886192c6f0ef22,60.16762,24.95415,000000006b44cce7,10.78
10630,2019-08-04T12:41:23Z,4efc969b8b738c051c221bf9d7829089b44cec23dd378fd86e7fb8be,60.173,24.92524,0000000096918cfa,13.75
10631,2019-08-04T12:41:23Z,4f4940c5c77737c5b8f2fbd5a1b65886ea5f6e0e4fcd50447e11ce21,60.16075,24.95883,00000000f1124bca,20.28
10632,2019-08-04T12:41:23Z,50e21d119f102cee2afe3ac7f1a32032527638769b05aca582d6ecb1,60.16762,24.95415,000000006b44cce7,13.75
10633,2019-08-04T12:41:23Z,514a3981fad6c695ac4940f09374b5d1c2e84d2ca835084ef8707714,60.16075,24.95883,00000000f1124bca,3.74
10634,2019-08-04T12:41:23Z,51b3c7870a399165f0d1d14f7d21688df32b0360f9cc6f3ca61890d8,60.16829,24.94214,00000000afef4555,4.5
10635,2019-08-04T12:41:23Z,52072bd384eaaf4a6958af5510ed039d194dee47f34667bc7bccbe0e,60.14699,24.922,00000000a53ed894,7.69
10636,2019-08-04T12:41:23Z,5263c8fd413ee308494f18228802330e278acc648b425bb454951db5,60.16075,24.95883,00000000f1124bca,12.69
10637,2019-08-04T12:41:23Z,5274280f7558ea562d9ce825000efc025d2de6b91c62614cb68df2b1,60.14947,24.91438,000000004ef3150d,14.89
10638,2019-08-04T12:41:23Z,52939581c6c8dd3407dbf44ea9e90471e4bbadfb7e3740a0ba8324f3,60.14699,24.922,00000000a53ed894,13.75
10639,2019-08-04T12:41:23Z,54065d53a62079540c4be1e19eafa5dd581e8ec35da0c31844438e0b,60.149,24.9843,00000000fffb8cf0,31.5
10640,2019-08-04T12:41:23Z,5554305bad43a71cf98d83e92708c7474c1efc189392c1ea94231e9c,60.16531,24.9442,00000000fdda10fe,2.08
10641,2019-08-04T12:41:23Z,56b8eace741e5227a40ea0a64601a737648080c63d6240b0dca632c4,60.16075,24.95883,00000000f1124bca,12.69
10642,2019-08-04T12:41:23Z,570dc61d53aec66ede39dfde66339640878453afc00cd1a55c60bca7,60.16544,24.95398,0000000038d83d41,21.87
10643,2019-08-04T12:41:23Z,571934189bf349efb6f596e76c21612cf9b82ed44913090169936048,60.17065,24.93641,000000000f4919c9,10.78
10644,2019-08-04T12:41:23Z,57bb8beeec6904b9a5cfe83c4ff9a80e63157780137f03de2a4152d3,60.16762,24.95415,000000006b44cce7,10.78
10645,2019-08-04T12:41:23Z,57c6f9c8fc64c4d7030c1d3576910e338178138cd74acdc9e3630216,60.16762,24.95415,000000006b44cce7,20.28
10646,2019-08-04T12:41:23Z,58122bffe92a82d8b8a6fb46e406f2d86c32db26eca7557ec6943fa5,60.14947,24.91438,000000004ef3150d,18.79
10647,2019-08-04T12:41:23Z,583a35aa08fe45f96deb91a9f4b9317e86eddeee0d636cc11b3e2df8,60.16762,24.95415,000000006b44cce7,9.92
10648,2019-08-04T12:41:23Z,5bc858089bff2f1880f1807e91f165ebf9f1b5841445adcdfb988ddf,60.16829,24.94214,00000000afef4555,23.56
10649,2019-08-04T12:41:23Z,5c160268bc9b4b619181ce421d9e58c258e6b59a342945fc29f0004b,60.14947,24.91438,000000004ef3150d,7.69
10650,2019-08-04T12:41:23Z,5cd5117066c75a1cb83d3896a7eba3f3472e133f0013ea7d4e95daaa,60.14699,24.922,00000000a53ed894,4.94
10651,2019-08-04T12:41:23Z,5d70086d53447ee393249cef33c7bae814c1d7c2e3055fc91b38786c,60.17919,24.95181,000000007b5207b6,9.92
10652,2019-08-04T12:41:23Z,5e53be1d47b3cceeb6ea9406c75327379c8ee8abc68da605b7758e85,60.14947,24.91438,000000004ef3150d,18.79
10653,2019-08-04T12:41:23Z,5e7916ca910b02abf2d19906759663c23db63950a353fa546f55c8af,60.14699,24.922,00000000a53ed894,7.05
10654,2019-08-04T12:41:23Z,5ea49ba4de68e03664ec3a87f5de32434d7136b4f8323f022ff9df5b,60.16829,24.94214,00000000afef4555,16.1
10655,2019-08-04T12:41:23Z,60d5c11436b72dd4eb673f606bddc3f8f36675342cba015b9297155f,60.16448,24.97323,0000000053c6c2be,29.32
10656,2019-08-04T12:41:23Z,60d9b71ec38b796bf876dedfaf3112b49ff79677480c7603902857ae,60.14947,24.91438,000000004ef3150d,17.4
10657,2019-08-04T12:41:23Z,60f1b642fca90c38a1f6bcee13b699f211b8662945e5249aee5d60cb,60.16762,24.95415,000000006b44cce7,12.69
10658,2019-08-04T12:41:23Z,614ab7fba7255f6bf6f888e9a04d589962f756b3f427e658f10014f2,60.16075,24.95883,00000000f1124bca,13.75
10659,2019-08-04T12:41:23Z,62a6fe2d9b3b5b4533c51253f8842428bd797b3c6a95a7816ec472ed,60.14947,24.91438,000000004ef3150d,4.11
10660,2019-08-04T12:41:23Z,63a87f20dbfd068c086129312c165b6e9b1da2ea6c999be1dd1b8391,60.16762,24.95415,000000006b44cce7,12.69
10661,2019-08-04T12:41:23Z,63defb71d4c3856253a0a2d67a5c370b91ad0527703b334a63fe5344,60.14947,24.91438,000000004ef3150d,16.1
10662,2019-08-04T12:41:23Z,643ef3f01a51bea3c4510d4060a945cd510e5189236d68f5c9489034,60.16829,24.94214,00000000afef4555,2.54
10663,2019-08-04T12:41:23Z,64638a9f9e6c9b32fc4b484b55e4934fcab6cb04605cc76d5f5534b7,60.17065,24.93641,000000000f4919c9,14.89
10664,2019-08-04T12:41:23Z,64d86288e491374eed34c68c82763c2e5dbc87113cf5ca44f23233ba,60.16829,24.94214,00000000afef4555,16.1
10665,2019-08-04T12:41:23Z,64e34af775b57908b23056a31d60ef3b005941f2e7c3db0c49df675d,60.17065,24.93641,000000000f4919c9,4.94
10666,2019-08-04T12:41:23Z,6525cc634176c25187e68e0d067bcfecfd78e399e93db4ee9d408b7e,60.17918,24.95141,00000000675d5200,21.87
10667,2019-08-04T12:41:23Z,655204cb507ea9ae811105cdcd766161facaa9f729017a333f102391,60.149,24.9843,00000000fffb8cf0,11.7
10668,2019-08-04T12:41:23Z,66b9cea6cd979b4e9e391e0ef854e2cc38eca6fb9e166811e39edd11,60.16544,24.95398,0000000038d83d41,25.36
10669,2019-08-04T12:41:23Z,6723bebaab92d1a9f8b4318fd4f497a6dec6d7f8e0eafca443925213,60.16075,24.95883,00000000f1124bca,18.79
10670,2019-08-04T12:41:23Z,67591d427f60ba3c369ac0d78088fca7be33081501508d16401dd6cb,60.16762,24.95415,000000006b44cce7,2.08
10671,2019-08-04T12:41:23Z,675eacdf32b5b831fd118fc5539eea4b3cef4bd11e2e1706a9571222,60.16829,24.94214,00000000afef4555,12.69
10672,2019-08-04T12:41:23Z,6774ed72eaf69d7c4aaeeef90990f969954155bbcc52652e75e7deef,60.16829,24.94214,00000000afef4555,7.69
10673,2019-08-04T12:41:23Z,677c53ae4056d6cb123ca576ba5284664b1c7e3e88818bd19b5dd99a,60.17919,24.95181,000000007b5207b6,11.7
10674,2019-08-04T12:41:23Z,6875e3632a29207e29ded33617e66d55de5d8c7804fecedd6f1dfe12,60.14699,24.922,00000000a53ed894,12.69
10675,2019-08-04T12:41:23Z,69375ef968867906fc11b34d1e2c4b436d452cd47cb577a7f9e566ef,60.16762,24.95415,000000006b44cce7,9.92
10676,2019-08-04T12:41:23Z,69f1de5049f5731749defe893b8ae9ada4f5f788a994b8f7413ef657,60.17002,24.94407,000000006b087f40,25.36
10677,2019-08-04T12:41:23Z,6b97071051ccf5db7e5ebee033d4f68d58ed6917ff2fac5b205a6605,60.17065,24.93641,000000000f4919c9,17.4
10678,2019-08-04T12:41:23Z,6cc185919c410bfc359b488921554d891f9748da570db062229c7ec7,60.15432,24.9211,0000000019fb59c4,27.28
10679,2019-08-04T12:41:23Z,6f3dd17e40daabb4efe868f1b859dc00ecc01846f0a0e2b8db5d1413,60.17919,24.95181,000000007b5207b6,14.89
10680,2019-08-04T12:41:23Z,6fdfc33c6b609ea80b4a38ecf657bc68b7bf659752b51edcc22ffb54,60.16762,24.95415,000000006b44cce7,7.69
10681,2019-08-04T12:41:23Z,6fec2e12fc88db6bcc4eb2c81bcfb171de0094ca788c72192002e939,60.15432,24.9211,0000000019fb59c4,36.27
10682,2019-08-04T12:41:23Z,6ff93560ca77c6e5a25bc7441cf33cf7fa0138b3da4d99b2dbf5531b,60.14947,24.91438,000000004ef3150d,16.1
10683,2019-08-04T12:41:23Z,70c56152af84cf1bad4d19b0cb31202232b4cd4320ce5ea48895e42b,60.14947,24.91438,000000004ef3150d,11.7
10684,2019-08-04T12:41:23Z,71479e7c1c4fd96468f16800ff04484480c76e0953d2074500b0df31,60.17919,24.95181,000000007b5207b6,18.79
10685,2019-08-04T12:41:23Z,72e4de5ded503a6b09635fc51a720ce504c9e77552bc2ffae8d6cae3,60.14699,24.922,00000000a53ed894,17.4
10686,2019-08-04T12:41:23Z,738ce77abafd1ca6f80e6f28e84d1b1886db4cfda3be6ffcdf52c1b1,60.14699,24.922,00000000a53ed894,4.94
10687,2019-08-04T12:41:23Z,73b0facd14cf48c255c375afa8f67624efbcb7093cda1db4ca9217c5,60.14951,24.92138,0000000006dd41f6,23.56
10688,2019-08-04T12:41:23Z,7664b7f08aaa059ecf6646a595c33fae0c80715febe63e31f45a4662,60.16762,24.95415,000000006b44cce7,4.5
10689,2019-08-04T12:41:23Z,7710eccd13983db8899bd9b7c5b087af0c0580dd467b31f68bd49fa7,60.17002,24.94407,000000006b087f40,23.56
10690,2019-08-04T12:41:23Z,777cceac7be6303a1c82f7cc68061528b01e3aa1b3aa6481cad9e5e3,60.16075,24.95883,00000000f1124bca,7.05
10691,2019-08-04T12:41:23Z,77ceaec4fde53902092d2d373c6253344ab0dfea86c11865279cd49f,60.16829,24.94214,00000000afef4555,17.4
10692,2019-08-04T12:41:23Z,79bb1e615a834d4f653cec7efc45ad5b4bbedf2a83c55b44c586ad0a,60.14947,24.91438,000000004ef3150d,7.69
10693,2019-08-04T12:41:23Z,79bde23c1a8980f93a65e14306f0d8ea89e164430d8b991e2bfee82e,60.16531,24.9442,00000000fdda10fe,14.89
10694,2019-08-04T12:41:23Z,79d30a3ef05e3d34450d1c975b3fa9d21b994f078f943db791239b07,60.14699,24.922,00000000a53ed894,18.79
10695,2019-08-04T12:41:23Z,7a0c0b525f2d3eed6c873bd3b8d27bede551fe4a428ac15c23deadae,60.16075,24.95883,00000000f1124bca,11.7
10696,2019-08-04T12:41:23Z,7a4a06d20ebe57d94e5fceeaf47d5b56ad9a515818e9c20e21a80e61,60.16629,24.95957,00000000fb7600be,13.75
10697,2019-08-04T12:41:23Z,7a97375000483176c3b37cc0d1744a950d9b322ce3534208fce0b21d,60.14699,24.922,00000000a53ed894,7.69
10698,2019-08-04T12:41:23Z,7ab335e046f7f3597f8f615a90857885e35cfecefebd5d24bbf0af90,60.16075,24.95883,00000000f1124bca,8.38
10699,2019-08-04T12:41:23Z,7ad93fed82e41ea4422fa101badc698b0328c3ebf0f6b73c5164d438,60.16897,24.95222,00000000aa852af1,18.79
10700,2019-08-04T12:41:23Z,7af6672e274ebe27cdb785373a857fc5bcad92a386c36dbe3221d4f4,60.14947,24.91438,000000004ef3150d,18.79
10701,2019-08-04T12:41:23Z,7bb67bcf014747e5d826f95c610d36492f31095552417a0864475491,60.14951,24.92138,0000000006dd41f6,27.28
10702,2019-08-04T12:41:23Z,7d85ddf11c6bc0fefabdb00f6e37abd4f4f62ced6ce2f2031b44795e,60.17002,24.94407,000000006b087f40,20.28
10703,2019-08-04T12:41:23Z,7d9a3d84c09c3a8d6876389e216e0278048d6b924890fb275a078ffb,60.16531,24.9442,00000000fdda10fe,0.59
10704,2019-08-04T12:41:23Z,7e31a4896ab0ff539440898dfabd8305df79869bff52da941016d1cc,60.1538,24.95595,0000000038bf9618,29.32
10705,2019-08-04T12:41:23Z,7f3c9dd2c7352cb81fb186a7d700841d2bcb47cd8ea0d5f8719b5908,60.16762,24.95415,000000006b44cce7,17.4
10706,2019-08-04T12:41:23Z,7f786ec8e06f1ca3bdd10fc60d0114baf354125b8f6cf796d197f4cc,60.16075,24.95883,00000000f1124bca,4.94
10707,2019-08-04T12:41:23Z,7fe10e69931c2d658099a314f3fce64865329e12a7b834c375e2d5d2,60.14699,24.922,00000000a53ed894,18.79
10708,2019-08-04T12:41:23Z,80cbcb887f3e351e3bef7c5f53dccc578cc3494feec514aed7015c0d,60.16075,24.95883,00000000f1124bca,7.69
10709,2019-08-04T12:41:23Z,80cc39b04598f971820e63498fd27ae72a12a45a60c220fe625b282a,60.14699,24.922,00000000a53ed894,16.1
10710,2019-08-04T12:41:23Z,82411c6526228322a61f59259f13adf7cde62bd767587b6735867705,60.17919,24.95181,000000007b5207b6,6.46
10711,2019-08-04T12:41:23Z,83121a75723643c48e3c3b0a3ea5fccb532046432ca445833e8de06a,60.16762,24.95415,000000006b44cce7,7.69
10712,2019-08-04T12:41:23Z,848fdb054358a3fca79c0246f01263c92b5b48aee6b9fb6e260d7a0b,60.16829,24.94214,00000000afef4555,21.87
10713,2019-08-04T12:41:23Z,848fe01e24ccc782e5968171f53ea31d28f20a455c45d8bac8fb7374,60.173,24.92524,0000000096918cfa,25.36
10714,2019-08-04T12:41:23Z,849a662d95d4185421aff7c6213ba5d7b84cfc58c9fb30ff34054e4c,60.16075,24.95883,00000000f1124bca,6.46
10715,2019-08-04T12:41:23Z,857f5ab05809fdb94740616b8d6662aa2458c4a6009e6f717f8933fb,60.17002,24.94407,000000006b087f40,21.87
10716,2019-08-04T12:41:23Z,859b417d0b562f5c4ab33c3877c95cd7cbb332db91dcd0f4e7a4f3b6,60.14699,24.922,00000000a53ed894,10.78
10717,2019-08-04T12:41:23Z,85d67c3be46ecb66832dfd9090a931e1be3dd056f718ea6786622131,60.16897,24.95222,00000000aa852af1,20.28
10718,2019-08-04T12:41:23Z,87cbb5265cd1cc3213ddb5ed9ed2a599ddb7db0b0747121d649b0ae3,60.16544,24.95398,0000000038d83d41,21.87
10719,2019-08-04T12:41:23Z,8822ffe19dec49fe874ac377de5a0504e931e342ecc1f5b1fcb939e5,60.16897,24.95222,00000000aa852af1,9.92
10720,2019-08-04T12:41:23Z,885bcc6af7d0aa9718fe1030e32ffff1de5171ae5ef67cf0011874fb,60.14947,24.91438,000000004ef3150d,1.7
10721,2019-08-04T12:41:23Z,8947a5209f3b32173d3dc72792039edf94a2711741ab041b62b30643,60.16762,24.95415,000000006b44cce7,4.94
10722,2019-08-04T12:41:23Z,896f7e896dc6f1ea44b82bf968a988cc10c358ee34821d9d7a4bd07a,60.14947,24.91438,000000004ef3150d,3.74
10723,2019-08-04T12:41:23Z,8a08b2de43a9ef03cf96610718c908e69dcacc59f536a7135b7bb542,60.16629,24.95957,00000000fb7600be,9.92
10724,2019-08-04T12:41:23Z,8a9eedc7cf775ab4e9ad2e20bdcbcbe1635808b418eedcdcceda7834,60.16762,24.95415,000000006b44cce7,13.75
10725,2019-08-04T12:41:23Z,8acb351d2b6acbd61099205c5c497b7507c1a4da115c4b8fcaa8c930,60.16762,24.95415,000000006b44cce7,16.1
10726,2019-08-04T12:41:23Z,8ba6cfc17ca70e8304994e018ebd5eb2003177062cde05925d5cacb3,60.173,24.92524,0000000096918cfa,11.7
10727,2019-08-04T12:41:23Z,8bbf5422247a0a6be314130d8fd9ae1814401b75acf3b3ce2da9620c,60.14699,24.922,00000000a53ed894,7.05
10728,2019-08-04T12:41:23Z,8ca0330471c9226b95a7aae64e6a8e47adaf5ddf7efec36a68652f3d,60.16075,24.95883,00000000f1124bca,14.89
10729,2019-08-04T12:41:23Z,8d528b00553162a9dd47d2296d15b2fad89aad6a508424d4589618a1,60.14947,24.91438,000000004ef3150d,13.75
10730,2019-08-04T12:41:23Z,8d5672c651968bf1f466b44baefa37f9438850e96140d126f6a99baf,60.16897,24.95222,00000000aa852af1,18.79
10731,2019-08-04T12:41:23Z,8d73f674010f5cb02e8f20251ed86a9afcb7f6b3926039470296bd00,60.17065,24.93641,000000000f4919c9,23.56
10732,2019-08-04T12:41:23Z,8d8a869e83fe2ac29e791666634a33af3ea4048ea4e752b6fb1e238c,60.14947,24.91438,000000004ef3150d,9.92
10733,2019-08-04T12:41:23Z,8dcf139eb279bcc2696420ba9da858e361600ff02cd29587f66660ec,60.16897,24.95222,00000000aa852af1,16.1
10734,2019-08-04T12:41:23Z,8e2ee35c6a6220c1e137f051ac0bcad5502c5a5179570ae13d07c2fe,60.14947,24.91438,000000004ef3150d,18.79
10735,2019-08-04T12:41:23Z,8f9026cfff0b3ccd2e7a22e5767bee52b08ab5630d1c6ac046bf7f39,60.16544,24.95398,0000000038d83d41,23.56
10736,2019-08-04T12:41:23Z,9023a89a49a372e5f97cf86ef1b5de0164eb67cc10d394d383ab75fd,60.16829,24.94214,00000000afef4555,12.69
10737,2019-08-04T12:41:23Z,920dc90f60b295267f63efc8f968408087b71878dc3f49f0ded1c41e,60.17919,24.95181,000000007b5207b6,21.87
10738,2019-08-04T12:41:23Z,922ed68b1f7e1a599108591da78cc5ac9fbe5162e1e6528f8f0176fa,60.16544,24.95398,0000000038d83d41,38.87
10739,2019-08-04T12:41:23Z,926717d61529080dfc4c7f8cdcdc82c6490d2a5129474524b8c40ea4,60.16829,24.94214,00000000afef4555,20.28
10740,2019-08-04T12:41:23Z,93a2100e233b204243f7e69b68dea7c9a145d1b5384bd18359bf87a3,60.16531,24.9442,00000000fdda10fe,1.54
10741,2019-08-04T12:41:23Z,93e409819362e2429a43710ff4330bd3ed83011b73ae438dd7fb62d8,60.16762,24.95415,000000006b44cce7,6.46
10742,2019-08-04T12:41:23Z,958ab5fd2d2c7f0c3fe6dc14fe27005fcf35b013db75f708c22a3619,60.16762,24.95415,000000006b44cce7,16.1
10743,2019-08-04T12:41:23Z,9604244c18efd5978b809f021651f7743e0e64da38fcf3718f9b4f93,60.14699,24.922,00000000a53ed894,17.4
10744,2019-08-04T12:41:23Z,97264f5808fa13851dacabf0c98525eec29849ff4b6a744cc777fd5b,60.16075,24.95883,00000000f1124bca,9.92
10745,2019-08-04T12:41:23Z,9862cafd709b75d07c83b397773e0cf33564666cb81814bdbf5e54f2,60.16897,24.95222,00000000aa852af1,14.89
10746,2019-08-04T12:41:23Z,994b630283c750a0b697359e32c4bd06d5b4a32d2edb6c12cce42b32,60.16829,24.94214,00000000afef4555,16.1
10747,2019-08-04T12:41:23Z,9acffb3f8b8720e2de83c8cfd41915d268d5eca34e0bd280eed3e6f4,60.16897,24.95222,00000000aa852af1,25.36
10748,2019-08-04T12:41:23Z,9b03b610755f4cec2e9d83a9763204e758a075614b125210bc914df5,60.16075,24.95883,00000000f1124bca,21.87
10749,2019-08-04T12:41:23Z,9b8a48b949de8c2f6b09fb1d8e45b6266e4c76b514c2d08d1d53642b,60.14699,24.922,00000000a53ed894,12.69
10750,2019-08-04T12:41:23Z,9ba6f9fb8bb950d16224b4182d3c3d8349a0f50619be329c165417e0,60.14947,24.91438,000000004ef3150d,20.28
10751,2019-08-04T12:41:23Z,9bad872c31c8c5e53f064b5367350b41271d45ca8a9e508136622800,60.16897,24.95222,00000000aa852af1,10.78
10752,2019-08-04T12:41:23Z,9e3d4a4b1acd94d2896cd7cf56419110f06ea96faae37aadebd4ec77,60.14947,24.91438,000000004ef3150d,11.7
10753,2019-08-04T12:41:23Z,9fc52a61eabf679cf9cdee2c33023c321c69afc87ed71f5a6d6655b7,60.14699,24.922,00000000a53ed894,9.12
10754,2019-08-04T12:41:23Z,9ff13c715073d5ad9c464cb67b6de3f703435cf389c32cce5626dfe1,60.149,24.9843,00000000fffb8cf0,31.5
10755,2019-08-04T12:41:23Z,a01d7427dcaa19c3efac1cde116c3751db11d6cf2838d0509704616a,60.14699,24.922,00000000a53ed894,14.89
10756,2019-08-04T12:41:23Z,a38a21a97a054541f0423f03758c70227116c05254958373e3e93ad0,60.14947,24.91438,000000004ef3150d,2.3
10757,2019-08-04T12:41:23Z,a3d228482bfdd3dbdfaee1ff72b6ac00c2ee8c05e949047ce9117783,60.14699,24.922,00000000a53ed894,5.41
10758,2019-08-04T12:41:23Z,a422a30ec1eb058c7930e1352297c161639faa5b3ca5f5fa47c4adb3,60.14947,24.91438,000000004ef3150d,10.78
10759,2019-08-04T12:41:23Z,a6158fc663b4931ef4e811a4acf62ab2f658241775e200b14684f87d,60.16897,24.95222,00000000aa852af1,14.89
10760,2019-08-04T12:41:23Z,a7472d1b63171c047444981df223670390009e3ea502132d9963e9fb,60.14947,24.91438,000000004ef3150d,9.12
10761,2019-08-04T12:41:23Z,a76d219c3abcc4ec3a54dd834263f9a24972c71be4c7bbbfc663f22f,60.14699,24.922,00000000a53ed894,10.78
10762,2019-08-04T12:41:23Z,a794d97e26d3678bb11b4364880414bb7bfac4bb49d1867b37b489f7,60.14947,24.91438,000000004ef3150d,8.38
10763,2019-08-04T12:41:23Z,a7a7f84e910c87d01420156efca1675f2f263a8f7f1212bb161e73f3,60.14951,24.92138,0000000006dd41f6,17.4
10764,2019-08-04T12:41:23Z,a8bd45406d5913e098652d4c2d836339758e08d21bf5d88becabdd36,60.14947,24.91438,000000004ef3150d,16.1
10765,2019-08-04T12:41:23Z,a8df2631c2442628608c1f0352c896eb532a6ca08c85de2c77360aa8,60.14947,24.91438,000000004ef3150d,6.46
10766,2019-08-04T12:41:23Z,a8fffb1bf2cf3b58cca0395d98ab3763c45771fed32527f2dedb644b,60.149,24.9843,00000000fffb8cf0,36.27
10767,2019-08-04T12:41:23Z,a96e9a3805def174e6ededa93b88ce312739d9d68941dffdeca03e9f,60.16762,24.95415,000000006b44cce7,2.8
10768,2019-08-04T12:41:23Z,a9dfc9065260957b1eb8dc3b11b793f73f7940fa5cb61acb16a260e2,60.16897,24.95222,00000000aa852af1,12.69
10769,2019-08-04T12:41:23Z,aa076c3f0d09145aebbb750dde9849ba4eb6759e92ba5753280184d6,60.16762,24.95415,000000006b44cce7,9.92
10770,2019-08-04T12:41:23Z,aa5773b59ce2bf1eee53e4e77cd3c261465d2ea538c9a85b8de30cd8,60.14947,24.91438,000000004ef3150d,10.78
10771,2019-08-04T12:41:23Z,aa6d51fc5411b69567cb854360c4a81267eac19446946eb27618306a,60.14699,24.922,00000000a53ed894,10.78
10772,2019-08-04T12:41:23Z,ac336ce74c60edd085a670c13e6a7f1225eef48d7b2d583211399d5c,60.17002,24.94407,000000006b087f40,25.36
10773,2019-08-04T12:41:23Z,acdcc8ae1d1c6bb055dfc108154eae58b4b894f0ce1ff174c1065c7e,60.16762,24.95415,000000006b44cce7,4.11
10774,2019-08-04T12:41:23Z,ad8af809ed47a3391bb53d11da159b3a8b0ddc264d94c049ce72bda0,60.17065,24.93641,000000000f4919c9,0.5
10775,2019-08-04T12:41:23Z,ae5e89f9ed7f083af8fd3f421c382a5f7b3d90787eed68c3a6c66ee9,60.16829,24.94214,00000000afef4555,33.81
10776,2019-08-04T12:41:23Z,ae87b8dd8920695bc9e599874667205991c04e30666d8523f0be4350,60.14947,24.91438,000000004ef3150d,9.92
10777,2019-08-04T12:41:23Z,aebba42e4dd1ce769871996739978c7f80bb88994a3616c908b2cd1a,60.173,24.92524,0000000096918cfa,17.4
10778,2019-08-04T12:41:23Z,af64ca430076b1e91eeb89134e0e026479928845cbe1943bc56104c2,60.14947,24.91438,000000004ef3150d,9.92
10779,2019-08-04T12:41:23Z,b06c7ebb0cc7182279f47fe99da297fb7bda883549cb7bbc05dff36f,60.16829,24.94214,00000000afef4555,21.87
10780,2019-08-04T12:41:23Z,b0a20a40885487350aaf5c8f46dab27d4d7e1d5c24fefec54c0c62d4,60.16829,24.94214,00000000afef4555,13.75
10781,2019-08-04T12:41:23Z,b11910a4d628e08056481b347d9a80d6edb23f1f2612beaa24606c8b,60.16762,24.95415,000000006b44cce7,20.28
10782,2019-08-04T12:41:23Z,b12b27061f30d5659794f14cbed5e4726c5af1ef526611d3b2dded29,60.14947,24.91438,000000004ef3150d,5.91
10783,2019-08-04T12:41:23Z,b26a9be85f5fd17ea58397762fa55db3c8f68fb709d586d61527c892,60.16829,24.94214,00000000afef4555,13.75
10784,2019-08-04T12:41:23Z,b286a5ad73d5284539b414851f27f57c421773f33f9fc564c7200c36,60.16762,24.95415,000000006b44cce7,20.28
10785,2019-08-04T12:41:23Z,b2a01c2a06c3cf1a48333e58e787d9eaf2f975a738c02878220d7774,60.16829,24.94214,00000000afef4555,6.46
10786,2019-08-04T12:41:23Z,b3d99c04e3db6b698e6e54f19434461336954d0c15385bff6e557be8,60.173,24.92524,0000000096918cfa,25.36
10787,2019-08-04T12:41:23Z,b41cc64d7ab4e16a03573bdc3b5863c4b402ec66c7780c7900c02877,60.16829,24.94214,00000000afef4555,21.87
10788,2019-08-04T12:41:23Z,b5e3abaccf4a03480985d25eb9fbf454c87f7ad06c38c8bdeb0819fa,60.14699,24.922,00000000a53ed894,23.56
10789,2019-08-04T12:41:23Z,b619a20a2a26eeb9431f9666cf192254bb2263e09f6560a5ff68f8f0,60.1638,24.96846,00000000d747f075,50.98
10790,2019-08-04T12:41:23Z,b7039958be9f53a3eaed97f705a1974815f52f25226e920155397bec,60.16075,24.95883,00000000f1124bca,9.92
10791,2019-08-04T12:41:23Z,b7867e052453c9caa213f48b033624b744187f4cd77c2418cf9d7b79,60.14699,24.922,00000000a53ed894,20.28
10792,2019-08-04T12:41:23Z,b82ba472f0cb919b39c31b9c737f1608f6a31ffa63352768f9fa12ea,60.16829,24.94214,00000000afef4555,12.69
10793,2019-08-04T12:41:23Z,b96b5c0316f3090ad09535b2161dcddd7e16b2eac821bcb1d9895cae,60.16762,24.95415,000000006b44cce7,12.69
10794,2019-08-04T12:41:23Z,b9863cc72d21f9ee2f0b218fa4121b5c7775eb45fd7643971fd83fe4,60.14699,24.922,00000000a53ed894,23.56
10795,2019-08-04T12:41:23Z,b9c0ac0bb7310d92c296a8870603ebd12c0c632cfc2a1fa33092b337,60.16762,24.95415,000000006b44cce7,5.41
10796,2019-08-04T12:41:23Z,bb0193f2b0ac4801fe82ed5cec75e687465d707d92e731047f81650f,60.1538,24.95595,0000000038bf9618,1.01
10797,2019-08-04T12:41:23Z,bbe1e18f88cf88928067a0221965768c1f2ae264291cea564d7eb7e8,60.16897,24.95222,00000000aa852af1,9.92
10798,2019-08-04T12:41:23Z,bbf8cd606b9732370f1c0ae0e68d6d0663a23102d831dd10c0e74819,60.16897,24.95222,00000000aa852af1,13.75
10799,2019-08-04T12:41:23Z,bc07df8cc395f6f4f5d483b2233caca5f93a6918f346e4cc3702f8cc,60.16531,24.9442,00000000fdda10fe,18.79
10800,2019-08-04T12:41:23Z,bc3861c61a46fbf78a7423712f1a528cf9f8332531271933056c233f,60.16829,24.94214,00000000afef4555,9.12
10801,2019-08-04T12:41:23Z,bcf688ec2e666179e52a495a8304dd7aaaf4acad52788a0929b287a2,60.14699,24.922,00000000a53ed894,14.89
10802,2019-08-04T12:41:23Z,bddca8fc17056f9f207a259070e281eedf4cea3e8e22093b88bbd7b5,60.14699,24.922,00000000a53ed894,17.4
10803,2019-08-04T12:41:23Z,be21a77f983baae8e0ba646eda0988a618149dcc7ef4c303c35d5377,60.14947,24.91438,000000004ef3150d,9.92
10804,2019-08-04T12:41:23Z,bebf1edb9736fe66391376c4cf2a3033ab9fa83ae21f86b66392e2d0,60.16762,24.95415,000000006b44cce7,9.12
10805,2019-08-04T12:41:23Z,bf2e5725b255e320f1e8375ec03f55194f1fd9f751be9629d873a5c8,60.14699,24.922,00000000a53ed894,4.94
10806,2019-08-04T12:41:23Z,bf992d3cd95a73f02d7223eaffe90a94e3e1e98a8c6759bab631b5b0,60.14947,24.91438,000000004ef3150d,6.46
10807,2019-08-04T12:41:23Z,c0722f63618f97eb8ec4afac1a8538b81a3c87e623d753ad1201bf7c,60.16075,24.95883,00000000f1124bca,3.74
10808,2019-08-04T12:41:23Z,c1e4323d2276cb6e358f5fabb123294e7a0ef87e7169f3cccc8f2e03,60.16075,24.95883,00000000f1124bca,21.87
10809,2019-08-04T12:41:23Z,c36d58ed0e0dddb3e26be1214e369db1c3fa3d4bcf8b53536a25239b,60.17065,24.93641,000000000f4919c9,3.74
10810,2019-08-04T12:41:23Z,c493415e869d6e6304841784a120f994272b83557256b43e44e4f3e0,60.14699,24.922,00000000a53ed894,5.91
10811,2019-08-04T12:41:23Z,c4dfae0a1b1bd27741275e8f26148b119bf7225960b4275e488612b9,60.14699,24.922,00000000a53ed894,12.69
10812,2019-08-04T12:41:23Z,c633a260ce59bad4e1ca42f12936ed8ae57a40f5e6528dfb70052c43,60.16897,24.95222,00000000aa852af1,12.69
10813,2019-08-04T12:41:23Z,c6b973b57d5574eb3341b3141a5ba2b28f477ae9e702ab4ae701cc0d,60.14699,24.922,00000000a53ed894,17.4
10814,2019-08-04T12:41:23Z,c71d8be446020d246378e1f525a13b08549d4712051cead5ccd9287f,60.16762,24.95415,000000006b44cce7,17.4
10815,2019-08-04T12:41:23Z,c728eaa7734efeabe7f33c782081caa960fcced68160e285ee477916,60.14699,24.922,00000000a53ed894,8.38
10816,2019-08-04T12:41:23Z,c905a50dedd9b3d2114cde9160b7adf83adc09683b65598ce24c4047,60.1538,24.95595,0000000038bf9618,13.75
10817,2019-08-04T12:41:23Z,ca507a06be040b3e520339b63d5bd15463a1862124c4bd940d936e4a,60.16762,24.95415,000000006b44cce7,13.75
10818,2019-08-04T12:41:23Z,cad80f69731ad65f7f14bf400d674e0c42de462bd42db112c9d9f261,60.16075,24.95883,00000000f1124bca,29.32
10819,2019-08-04T12:41:23Z,cb3f05d5604f5532e039e6d40514b13aba8f6274d952bb17a8b801fc,60.15432,24.9211,0000000019fb59c4,18.79
10820,2019-08-04T12:41:23Z,cc2cf42c6b14536fb92c810ff0e3dd5a3caa74236f14246a5b6e8cdc,60.16762,24.95415,000000006b44cce7,5.91
10821,2019-08-04T12:41:23Z,cce6b6f309e43e2bb1be6a9784582a82891e976d0869d01040586d27,60.14947,24.91438,000000004ef3150d,4.94
10822,2019-08-04T12:41:23Z,cd2346f3db5667fe43eb0d974ddf486ce9722fe427e98ee232d1ba12,60.14951,24.92138,0000000006dd41f6,21.87
10823,2019-08-04T12:41:23Z,cd3e127e27387b6e06cdf27f46fb6046e4182e4d7b49b49c17167c1c,60.14947,24.91438,000000004ef3150d,13.75
10824,2019-08-04T12:41:23Z,cd4ecd3b83630f6e5d65f635804e47a1ceb82853aac36af30044f06a,60.149,24.9843,00000000fffb8cf0,11.7
10825,2019-08-04T12:41:23Z,ceb777dafa9b7e39125b89735b7f0cf22c3018eb0196043ac8160370,60.14699,24.922,00000000a53ed894,14.89
10826,2019-08-04T12:41:23Z,ced0425d382ce86b7565a8b7b36a453a0880a08ba10090524e6c1ac5,60.14699,24.922,00000000a53ed894,13.75
10827,2019-08-04T12:41:23Z,cef1d06a10cfa08bcaef8b36535c2ec32c756a76cc0d5c2a1246f933,60.14699,24.922,00000000a53ed894,13.75
10828,2019-08-04T12:41:23Z,cf348d1ad8b56dd43f377926c2a3f3a9436d35fc378964335639effa,60.16829,24.94214,00000000afef4555,16.1
10829,2019-08-04T12:41:23Z,cfa42322be0000cf89d8969d1b88ace0ba99cab721dd58d55d41a36e,60.17065,24.93641,000000000f4919c9,12.69
10830,2019-08-04T12:41:23Z,cfc2a688ff31fbb1baac8790fb6d56dc7746ba2cf9e0e5f39d4751a4,60.14699,24.922,00000000a53ed894,4.11
10831,2019-08-04T12:41:23Z,d03671e2aa8386fb28a425b20505ceed966063990d65611e2dfda4f2,60.16075,24.95883,00000000f1124bca,27.28
10832,2019-08-04T12:41:23Z,d098b9b5b30c5fcd4ae8a2b8bc761df72829713d3ae919634876d349,60.14699,24.922,00000000a53ed894,4.5
10833,2019-08-04T12:41:23Z,d1e3b42846da964eb43395a0c02d5cccd930d1a09090f9d668f1ebd9,60.16829,24.94214,00000000afef4555,33.81
10834,2019-08-04T12:41:23Z,d38e88e5b926f9d1de6e326cca45116fcca11f10684c80876739c6cd,60.16075,24.95883,00000000f1124bca,5.41
10835,2019-08-04T12:41:23Z,d3a37aedae39925bda7da8e4f05a61b85904a00f88e8684006c76351,60.16829,24.94214,00000000afef4555,8.38
10836,2019-08-04T12:41:23Z,d87210146aab139cc6640a20b428dce6ac516806a71a177b70e04f62,60.17065,24.93641,000000000f4919c9,7.05
10837,2019-08-04T12:41:23Z,d8f93f7019ced3cf8ccc2946465e8113293e75498092e982fd45bbc5,60.16762,24.95415,000000006b44cce7,13.75
10838,2019-08-04T12:41:23Z,d9e1972e6cb517827f9c355e591924449d0bbdc9bb0f5bc1f8d4f29a,60.16629,24.95957,00000000fb7600be,23.56
10839,2019-08-04T12:41:23Z,da0c40291d3ace2273a08e3c9b87cbc15b0f03d0dba61e7c5a88dc0c,60.15432,24.9211,0000000019fb59c4,17.4
10840,2019-08-04T12:41:23Z,da667dfa2d8a272a7398e186de027fabd2052052c0aad767a1c7d966,60.16897,24.95222,00000000aa852af1,10.78
10841,2019-08-04T12:41:23Z,daac051ca20430238282e179e0fe525b11ff1e8f1ace26d45b41f331,60.14947,24.91438,000000004ef3150d,5.91
10842,2019-08-04T12:41:23Z,db6993de0692cf79ab1b8e7d86e4b5832d11f57f026a6eb339f977bf,60.14699,24.922,00000000a53ed894,5.91
10843,2019-08-04T12:41:23Z,dc15145376f4a497910c8d2231d671bf62f1918ad93938a48fdc3eb4,60.149,24.9843,00000000fffb8cf0,20.28
10844,2019-08-04T12:41:23Z,ddc8410b9e4ece4b995b789f95e526693bac176ed77092ba57355dc8,60.16762,24.95415,000000006b44cce7,4.11
10845,2019-08-04T12:41:23Z,ddd849ee86afceedd5f5582ede84380d5596c9ea304d634ab0fd0de0,60.16829,24.94214,00000000afef4555,0.71
10846,2019-08-04T12:41:23Z,de3fe5f63e74a582e06c8cb02e6128d6013827015ba3e2fe93082977,60.17002,24.94407,000000006b087f40,16.1
10847,2019-08-04T12:41:23Z,de84f754a3916c8f831b0bb8ea41fc2a42cdea2794558fece3c7ae97,60.1538,24.95595,0000000038bf9618,20.28
10848,2019-08-04T12:41:23Z,e02c0f9f72e9f248a4b5df8af328e1a0132d4d8a72c1e603d14cdacd,60.18203,24.91341,00000000342570c2,23.56
10849,2019-08-04T12:41:23Z,e1a443e10353da64728464e8a720aaf22a62b80d404f1acae1a1c6ee,60.1538,24.95595,0000000038bf9618,23.56
10850,2019-08-04T12:41:23Z,e23a6115ba872037f9b5066c9c9c966b497f449e32a2c9ceb0e55497,60.16829,24.94214,00000000afef4555,9.92
10851,2019-08-04T12:41:23Z,e34bcebfa007159f3d2adb0e62e20fcf721a221f52bdfe2a6ad77831,60.18203,24.91341,00000000342570c2,12.69
10852,2019-08-04T12:41:23Z,e3c03ee00a1bcd066f8b260cc5b9824d1118b7b7f972a818752aabc7,60.14947,24.91438,000000004ef3150d,17.4
10853,2019-08-04T12:41:23Z,e447e76c7b53157c11d5bfeb172c27332c81b5ec7f263badf5507888,60.149,24.9843,00000000fffb8cf0,7.69
10854,2019-08-04T12:41:23Z,e6f7965f2ef456f61121bcce5e466f125192e511c2af72d901307e8e,60.16762,24.95415,000000006b44cce7,13.75
10855,2019-08-04T12:41:23Z,e826dedac8582e619ce18cd7eed68be5ee1fc9ed37e191e06f916835,60.14947,24.91438,000000004ef3150d,12.69
10856,2019-08-04T12:41:23Z,e84c3cf76509496cedd71bb89c4a6c35a27c96f037412cf2cdf25308,60.14699,24.922,00000000a53ed894,18.79
10857,2019-08-04T12:41:23Z,e8edad8445fc4965a5c0eae45906480d83b15e61fc6139c7bdea1e33,60.14699,24.922,00000000a53ed894,17.4
10858,2019-08-04T12:41:23Z,e9115410fa45db5a174eee008cae729dc69937a0e0b5a304899bf1b9,60.17065,24.93641,000000000f4919c9,20.28
10859,2019-08-04T12:41:23Z,e92230dc6ed39c00fcf9869eab85626b72672a3722fc667270ef7764,60.16629,24.95957,00000000fb7600be,18.79
10860,2019-08-04T12:41:23Z,e92eb020afcd7c1fad04690230ff8c2f005e404dd25b8dced1df30dd,60.16075,24.95883,00000000f1124bca,11.7
10861,2019-08-04T12:41:23Z,ea157e44ed100be3f782d8b3d8e5e0986079c588c9ea754b14917df0,60.16829,24.94214,00000000afef4555,3.09
10862,2019-08-04T12:41:23Z,ea2f4d9799324f4cd2a6fcda1625b65acdbab9f6b8331c26f63beec2,60.16897,24.95222,00000000aa852af1,17.4
10863,2019-08-04T12:41:23Z,eaa9924da1e700147607d5145e2b55b48b65deea922ee2e59bd1d5a7,60.173,24.92524,0000000096918cfa,23.56
10864,2019-08-04T12:41:23Z,eb6541383f8b12fc5476e5e2bc406933edfd211f49a1bbb93f323fa0,60.14699,24.922,00000000a53ed894,13.75
10865,2019-08-04T12:41:23Z,ec350e26364cb676c4cdb72647f039c31e27c775e7bb8973223e5d9b,60.14947,24.91438,000000004ef3150d,9.92
10866,2019-08-04T12:41:23Z,ec424a10bcefb6e69c2eabf42534f06e7a10aa0cfb28f6478052cade,60.14699,24.922,00000000a53ed894,8.38
10867,2019-08-04T12:41:23Z,ee542aab1ab42664b8e20bb51ee27984d11f536c794da00c81de8e1f,60.16762,24.95415,000000006b44cce7,11.7
10868,2019-08-04T12:41:23Z,ef352dcaa8317b6a3c0a02cd8908dd13da5601cc66ba65c5fd8d031a,60.14947,24.91438,000000004ef3150d,5.91
10869,2019-08-04T12:41:23Z,ef9a957427fa29cb6199e006dc4dfe8d84f32aef7faf1d897e18947b,60.16897,24.95222,00000000aa852af1,17.4
10870,2019-08-04T12:41:23Z,efe8b6c6fdf0d2caccd589aaaa4f0228a80590ff9ec7961f2e92103d,60.16762,24.95415,000000006b44cce7,6.46
10871,2019-08-04T12:41:23Z,f00fb569fe1448dccb8e92e24b081a3164b59eb117131800780c70a9,60.14699,24.922,00000000a53ed894,12.69
10872,2019-08-04T12:41:23Z,f062cb52d49926a4fb39f723275ed60ab6c0f3bf34e0c3f9d233b7b8,60.14947,24.91438,000000004ef3150d,7.05
10873,2019-08-04T12:41:23Z,f15b72a3aad411d2f8a70b41c4f62ad2d744d064d42ec00c71a18ac5,60.16762,24.95415,000000006b44cce7,11.7
10874,2019-08-04T12:41:23Z,f1e73fa6dab8e8a2db6d7515f601fac161f17c34beb84aa55e812a9e,60.16762,24.95415,000000006b44cce7,9.12
10875,2019-08-04T12:41:23Z,f2deba4ef84dbbc8c5d8524f6e2311183003bce4f9bfa6aef5b5ef66,60.14947,24.91438,000000004ef3150d,8.38
10876,2019-08-04T12:41:23Z,f366283765028e1454f3cfc564b9f220c9d700bfa8a843746eca3141,60.16897,24.95222,00000000aa852af1,18.79
10877,2019-08-04T12:41:23Z,f39827c3c7f4c833d1118043492f78e3255b6da9f4a2c000041d9b61,60.16829,24.94214,00000000afef4555,2.8
10878,2019-08-04T12:41:23Z,f4cf6d61e3954ecf861192b65b6f26288bbe133c7bb5852afeffdc76,60.16829,24.94214,00000000afef4555,20.28
10879,2019-08-04T12:41:23Z,f5f7cfe177dfb0b7ebba2419ae53f70b6b5690dd98d98586004a9107,60.149,24.9843,00000000fffb8cf0,10.78
10880,2019-08-04T12:41:23Z,f7777ac6285e2f6b6aa546b03f294d81e169b8236268cfed232c9679,60.16897,24.95222,00000000aa852af1,20.28
10881,2019-08-04T12:41:23Z,f7f0caf73572bea3c08b592eeb9655b2668cfb16fd8840ca5619d84a,60.14699,24.922,00000000a53ed894,2.54
10882,2019-08-04T12:41:23Z,f81439a39740937c6cba523d5ebca87b52d69ff29fb449cf42ade4d6,60.14699,24.922,00000000a53ed894,11.7
10883,2019-08-04T12:41:23Z,f847ec4111b37a677f1bd2577f778f653309f7b486974fefcf5eb8c9,60.1538,24.95595,0000000038bf9618,41.64
10884,2019-08-04T12:41:23Z,f868d87b5d5a7094b60a131cd3e120c25787ebf751f7c93640b34942,60.16897,24.95222,00000000aa852af1,21.87
10885,2019-08-04T12:41:23Z,f9399339c3de44774896319d3f291771cebcaf2666df1d6062469882,60.16531,24.9442,00000000fdda10fe,29.32
10886,2019-08-04T12:41:23Z,fadc39da3cd26ac621092fbbff224b95bb13446c8d24bbf4f3e50e90,60.14947,24.91438,000000004ef3150d,8.38
10887,2019-08-04T12:41:23Z,fbdfc36e8299b9d088aee5440506cb6cbf04edb5951851b743a4c6c0,60.14699,24.922,00000000a53ed894,47.69
10888,2019-08-04T12:41:23Z,fc618d570293e104f3bf927312641e3b7c65acce185b1614337d848c,60.16829,24.94214,00000000afef4555,20.28
10889,2019-08-04T12:41:23Z,fce50ac3cfd2f3b7a897f6575eeda4e45ab42e5b9b5351be836cc0de,60.16897,24.95222,00000000aa852af1,21.87
10890,2019-08-04T12:41:23Z,fd77161cf9715d9d0f922cf45e79e5d9b9debef5113cb32a4f82ef76,60.16762,24.95415,000000006b44cce7,5.91
10891,2019-08-04T12:41:23Z,fe5ca86c906b1cb3bf9dd257ceefc562e41da499878f1074484f7d42,60.14947,24.91438,000000004ef3150d,13.75
10892,2019-08-04T12:41:23Z,feb399897846bc34dc3f4b06ac4ef0ffb0db885977b88e5c5fdb7350,60.14699,24.922,00000000a53ed894,9.12
10893,2019-08-04T12:41:23Z,ff4f3e0f964f23b97e88626f7a506bb4409718931712c58ce0f247af,60.16762,24.95415,000000006b44cce7,13.75
10894,2019-08-04T12:41:23Z,ff8280896145ae17e594c52eac2cdbab47d3757d797878fbc4298596,60.1538,24.95595,0000000038bf9618,23.56
10895,2019-08-04T12:41:23Z,ff8d5b9e61bd912b13b664db8ef2919e1f515ca3b20ae67f532a5c8a,60.16762,24.95415,000000006b44cce7,17.4
10896,2019-08-04T12:41:24Z,07d86ad98399440d0cc3bd3382a7256feb971e49a3686dc17f532e1c,60.16829,24.94214,00000000afef4555,9.92
10897,2019-08-04T12:41:24Z,14c7e1511b70f4dd3359cbece1377aebb4d70531f5489eefe53d7c3c,60.16544,24.95398,0000000038d83d41,25.36
10898,2019-08-04T12:41:24Z,1526f3d92e309513df962ba40c1be4462d5f9b2f140656864b73824f,60.16075,24.95883,00000000f1124bca,20.28
10899,2019-08-04T12:41:24Z,1599d2c9070a6f05e1a5887c2d9209214c04818c6203fe75440734f2,60.1538,24.95595,0000000038bf9618,29.32
10900,2019-08-04T12:41:24Z,165ebbb4090d47319ae370f0d0854fdc1f6b79499f8b2e4d3c3533c0,60.16544,24.95398,0000000038d83d41,25.36
10901,2019-08-04T12:41:24Z,211f6b7b044343d0be369791b3fa3c144d0d0f391e2a42787712efb0,60.16448,24.97323,0000000053c6c2be,12.69
10902,2019-08-04T12:41:24Z,21d09757012e8f7297d1de922f681bcc36581a3d7be770b42b3780a0,60.15432,24.9211,0000000019fb59c4,14.89
10903,2019-08-04T12:41:24Z,25a7ff811c3c06e426c7c2cbb0433d9a2a3399b23afecbd35584ab0f,60.18203,24.91341,00000000342570c2,11.7
10904,2019-08-04T12:41:24Z,2d3d031189abfaea69cd551a97b2b2d056a908f19bc56701010a2304,60.16897,24.95222,00000000aa852af1,18.79
10905,2019-08-04T12:41:24Z,315af4a829b592ba99b203b8ed2cbd499769f8752dfe6de7da4ee929,60.16829,24.94214,00000000afef4555,13.75
10906,2019-08-04T12:41:24Z,35568b1e0d67c5d7b6b15bb08540a1aafe24817a9bc06673b97e85c9,60.14947,24.91438,000000004ef3150d,16.1
10907,2019-08-04T12:41:24Z,3a93902ba6b635489cd6f55b08d93e6fe7a5bc0a86a0b490a88f6d1b,60.16075,24.95883,00000000f1124bca,18.79
10908,2019-08-04T12:41:24Z,3b5cafe90982db26cf737b2e4cd4275276f6a031bca3b2a1f73023b2,60.14699,24.922,00000000a53ed894,11.7
10909,2019-08-04T12:41:24Z,3fe84a5a1e657df8910685df3a8cf779a6ebc3362fbc8e578f235ee4,60.15432,24.9211,0000000019fb59c4,8.38
10910,2019-08-04T12:41:24Z,43b676ed3aef4c2d8846694817e76117873be52e7f788e0cb366c1c4,60.16629,24.95957,00000000fb7600be,25.36
10911,2019-08-04T12:41:24Z,44d0b94469070803869f229601e877beb613c3f5aafa009addf97a1a,60.16544,24.95398,0000000038d83d41,13.75
10912,2019-08-04T12:41:24Z,4656bad9b5e6dfc3977eca308fc1db3dbf8b0204b90d09b001da242e,60.1638,24.96846,00000000d747f075,38.87
10913,2019-08-04T12:41:24Z,5d65719c4cbf045f068d084b72302f447d5fd034413d97d13be00d0e,60.18203,24.91341,00000000342570c2,23.56
10914,2019-08-04T12:41:24Z,5eed115a984d490b02b602d73787aee8dc8c4e9365b77fbff3818a76,60.16629,24.95957,00000000fb7600be,21.87
10915,2019-08-04T12:41:24Z,5fecff186138a9b3e31c6086c33dcd5f1d209e64f0afeed7c688cab0,60.16897,24.95222,00000000aa852af1,16.1
10916,2019-08-04T12:41:24Z,653a92a7828f2c43bc74899753f872e8b93c30b6fb419b651a94bbc1,60.16897,24.95222,00000000aa852af1,21.87
10917,2019-08-04T12:41:24Z,69219e9efa41ae9e732653e9eaf08e1a34cb853a9dafe76ddeea4d04,60.16897,24.95222,00000000aa852af1,20.28
10918,2019-08-04T12:41:24Z,6a70e2fbced719333e21eff04fcb9cb36bae9a04d1a3d6ddd96f2c58,60.15432,24.9211,0000000019fb59c4,9.92
10919,2019-08-04T12:41:24Z,6c8861f56a280e7752e10439271a2498527c69b0796f58de4afc6008,60.16075,24.95883,00000000f1124bca,9.12
10920,2019-08-04T12:41:24Z,70d8572458a1a103555bab897b6443e601e0ed211414b15ad0b56f60,60.16544,24.95398,0000000038d83d41,18.79
10921,2019-08-04T12:41:24Z,737efc92e3419e9d96a8559ec341ea7e18ba6381fd8e4de3d06f82a0,60.14699,24.922,00000000a53ed894,18.79
10922,2019-08-04T12:41:24Z,7678cdb86d454ca9ae52f22d97e635106585a3a046d01da4463695cc,60.18203,24.91341,00000000342570c2,10.78
10923,2019-08-04T12:41:24Z,79f136afa0dd8717337c01c70b457c464aaf0fa25b440f51a394ec23,60.16762,24.95415,000000006b44cce7,13.75
10924,2019-08-04T12:41:24Z,7cc42aefcdb99a20548b43ff621c9fd015a342260ca7bfd2a6c62b83,60.16829,24.94214,00000000afef4555,25.36
10925,2019-08-04T12:41:24Z,85ef35aecf2ff804be3d958b592705ec41c6df9c128c132c65bb283d,60.16897,24.95222,00000000aa852af1,21.87
10926,2019-08-04T12:41:24Z,87dfaad29a9276ddddb1fa021d3bc23ad14824c1af16f7d87e713689,60.14951,24.92138,0000000006dd41f6,9.92
10927,2019-08-04T12:41:24Z,88808fe92573e9cdf022cc15b9689b6b4b9429f60513c8897b0ba4c7,60.16897,24.95222,00000000aa852af1,14.89
10928,2019-08-04T12:41:24Z,89982a6acf91b79a282a6b63978e946ee205f303fcd20e944e06baf0,60.16544,24.95398,0000000038d83d41,20.28
10929,2019-08-04T12:41:24Z,8c3b1ed0846e38cc84b863a80540c8a75bfd85c8bdda36563d153110,60.16544,24.95398,0000000038d83d41,25.36
10930,2019-08-04T12:41:24Z,8c75c3289c84fe4493e1e272a77b615fe1985880c5dc68a7c1a17b53,60.16762,24.95415,000000006b44cce7,12.69
10931,2019-08-04T12:41:24Z,94c5a69a5ae6e9407c3fa9a6919d99beb3558dd4e6750eb480ddc36f,60.16829,24.94214,00000000afef4555,18.79
10932,2019-08-04T12:41:24Z,9843c6216661048343a0e49cf3d8aa2883cf77f452666a1c873a1052,60.16448,24.97323,0000000053c6c2be,29.32
10933,2019-08-04T12:41:24Z,9bc8068948a5b881e1bded553efe012fe129e3e4df62f64a6724917e,60.16829,24.94214,00000000afef4555,27.28
10934,2019-08-04T12:41:24Z,a23b63dc2df72ba829ea2eabba05dafe724027d59a8f6babf791c1b8,60.16075,24.95883,00000000f1124bca,31.5
10935,2019-08-04T12:41:24Z,a8f8130135c784b027355228017bbfe99e5a6eecec153d44b78bedd3,60.16829,24.94214,00000000afef4555,14.89
10936,2019-08-04T12:41:24Z,af807b67ce09a2ce1744025c421961213f1608ca658ece4df69555a1,60.16762,24.95415,000000006b44cce7,18.79
10937,2019-08-04T12:41:24Z,b33ae7715d6d2571066655c2c8954a5a364b5601869047de83410d9f,60.16629,24.95957,00000000fb7600be,27.28
10938,2019-08-04T12:41:24Z,b3d30798e4605a05b11dfff0f3fe01c2e8e16ac491fdb956f128ff23,60.14947,24.91438,000000004ef3150d,14.89
10939,2019-08-04T12:41:24Z,bb98768dad0f7c52cf643f035a3e7e48f5cfe28557c66f2a75914b31,60.14699,24.922,00000000a53ed894,11.7
10940,2019-08-04T12:41:24Z,bcb0201b0a1edf350ae2f681076e7d2d48ebd94c075bd3ca59552020,60.16897,24.95222,00000000aa852af1,9.12
10941,2019-08-04T12:41:24Z,be41ebc5fb0d348fc1ef1166d44251c3112a78a4ea01aa980364ee7c,60.14699,24.922,00000000a53ed894,12.69
10942,2019-08-04T12:41:24Z,c40c37def6bf11a63a2556519a7c6233fd417cdeea2cf14f28e7c42c,60.16531,24.9442,00000000fdda10fe,21.87
10943,2019-08-04T12:41:24Z,ca6927628f5ddda20036865c9345ad93d476d62ade3b181de568eed6,60.16897,24.95222,00000000aa852af1,18.79
10944,2019-08-04T12:41:24Z,cf05623e4d87ce0906c0b0b7dbf53aacc1228016cd27c341228b6e76,60.18203,24.91341,00000000342570c2,17.4
10945,2019-08-04T12:41:24Z,cfc0bedb78ded52749db3188cb188bf6a250ef5990da9c5afa9623fc,60.14951,24.92138,0000000006dd41f6,21.87
10946,2019-08-04T12:41:24Z,d0a50f3001c258a38880550f6c0835fcaa85f0a6d36687dc5de98f3b,60.16629,24.95957,00000000fb7600be,13.75
10947,2019-08-04T12:41:24Z,d661caec7a5da6aef734734bbf9090debe494c1afd98050f88f269bd,60.16829,24.94214,00000000afef4555,18.79
10948,2019-08-04T12:41:24Z,ded49640b591e73bff71f84fb99d2739eb6c9554164a015017725e03,60.16829,24.94214,00000000afef4555,14.89
10949,2019-08-04T12:41:24Z,e8690c2d1711bc10f2d1251a3b5b1e770b98c66c384760400c604de1,60.16829,24.94214,00000000afef4555,21.87
10950,2019-08-04T12:41:24Z,e8e366e76c97944e23c0f80b4fd3ce6e5832744922297146a49f0c7e,60.16762,24.95415,000000006b44cce7,13.75
10951,2019-08-04T12:41:24Z,e96bd269a48b822b06141c3362fcb6d5ed4d0d09a120f2e4a712d5c2,60.16897,24.95222,00000000aa852af1,11.7
10952,2019-08-04T12:41:24Z,eee5797db5c3753514933a12e2485caee4ee5803b4d830ba1c22e5c5,60.14947,24.91438,000000004ef3150d,8.38
10953,2019-08-04T12:41:24Z,f088630d7476dae7d4b7e2bb1f10575f2c89acb4b6e061f3d57c2b40,60.16531,24.9442,00000000fdda10fe,25.36
10954,2019-08-04T12:41:24Z,f405a7c4a3a4339f8e3f7e552f6492d6eed76f7d08c54943286213de,60.16762,24.95415,000000006b44cce7,12.69
10955,2019-08-04T12:41:24Z,f6609ab1076b1105bb845595a03b41b8fbb282f79c337df5bbc9f841,60.14699,24.922,00000000a53ed894,13.75
10956,2019-08-04T12:41:24Z,fc4f3a44235f1cfc7b53f14ba2da599976a5a0a220d23b852688e485,60.17919,24.95181,000000007b5207b6,29.32
10957,2019-08-04T12:41:24Z,009ad4cd2bd97e04da44cc9789e6bdbdb899eded61d05b7d5634b7be,60.16829,24.94214,00000000afef4555,10.78
10958,2019-08-04T12:41:24Z,00a07b1f8113691d8475c54082a14cdd54decf9845a90e75df8031a6,60.17065,24.93641,000000000f4919c9,20.28
10959,2019-08-04T12:41:24Z,00bd7bd4a80a909d8983400f62efd98e7a54af02873a6bfd87020cd7,60.16829,24.94214,00000000afef4555,29.32
10960,2019-08-04T12:41:24Z,017a141d3e3811f35ced343c0b6d13a99f60c79d17afffa0cf0dd3b9,60.14699,24.922,00000000a53ed894,18.79
10961,2019-08-04T12:41:24Z,01f429553e2195416aa27d90d18c5206411813155efa0b01dae13559,60.16629,24.95957,00000000fb7600be,20.28
10962,2019-08-04T12:41:24Z,02779eb12fac4ca9f4e18b53a81b3228a55ba9798c11470f95145cf6,60.16762,24.95415,000000006b44cce7,20.28
10963,2019-08-04T12:41:24Z,02e8e7e6ea28315c5cb9f878e8a7ee80b22c98f72f604f444ab568f7,60.14947,24.91438,000000004ef3150d,29.32
10964,2019-08-04T12:41:24Z,036c183505fea646b54aeb0c612913cafba94eca65e47d3c6d840a68,60.17918,24.95141,00000000675d5200,11.7
10965,2019-08-04T12:41:24Z,038e7f3d1d9babcdb48b63ff8e3e1ac732b3c29f665dc7d9a1819abc,60.14699,24.922,00000000a53ed894,14.89
10966,2019-08-04T12:41:24Z,0413805762399525f916572e0de4852c934500b4a8465ac67a535d41,60.16762,24.95415,000000006b44cce7,20.28
10967,2019-08-04T12:41:24Z,0479a26a59d65bf1dee05c06f4227a0ba63a6e9c9a09e7c34f2e06b4,60.14699,24.922,00000000a53ed894,9.92
10968,2019-08-04T12:41:24Z,04b5d29c48edaaf4904a98e412562e3c0d857eb20342cc7c323d4293,60.16762,24.95415,000000006b44cce7,7.05
10969,2019-08-04T12:41:24Z,04f35922a81b516e7028f61c6ff34faf6da85df0a5cfcefb6df1861f,60.149,24.9843,00000000fffb8cf0,21.87
10970,2019-08-04T12:41:24Z,05d441c83d2df822feaf93d7861452db7a201f22d84cfa36f421dfd2,60.16544,24.95398,0000000038d83d41,11.7
10971,2019-08-04T12:41:24Z,07444c376c2a48ed91a2f5462cab887c00378edb4175ee969deb207e,60.18203,24.91341,00000000342570c2,20.28
10972,2019-08-04T12:41:24Z,076c28c1895ef1919c11113113c12655c546fc90a00800e5ebec5b56,60.14699,24.922,00000000a53ed894,12.69
10973,2019-08-04T12:41:24Z,0851ab74be2e888decf0046825f09ed302f7b2275e72b09b5b713d85,60.16829,24.94214,00000000afef4555,11.7
10974,2019-08-04T12:41:24Z,0947f9d6bb6c34e382e008052b704b6521ac4f7678a2e8a719bb574b,60.15432,24.9211,0000000019fb59c4,27.28
10975,2019-08-04T12:41:24Z,0a0acb70a8ef92be52a64d4425e70bb2f7a17d13942c3382c9d68878,60.149,24.9843,00000000fffb8cf0,4.94
10976,2019-08-04T12:41:24Z,0a5616e066b42895361324cfa8abef41d849a55e3e4bed429bab494b,60.16829,24.94214,00000000afef4555,9.92
10977,2019-08-04T12:41:24Z,0a5ed50daf13dd10744537aa851ac7ab1d34d9797ec6ab6e2402aebb,60.16762,24.95415,000000006b44cce7,3.74
10978,2019-08-04T12:41:24Z,0a862920946d7a0dcbee7c1cf28a7b77c57763261788dbd361ed6409,60.14699,24.922,00000000a53ed894,9.92
10979,2019-08-04T12:41:24Z,0a8eb41acf097f79d7e145d7a002bbaa9f5017b44076ad66b2dbe053,60.16762,24.95415,000000006b44cce7,20.28
10980,2019-08-04T12:41:24Z,0acb4bd7319729fea4acf035921d1136d86a307a60b4444669cede1a,60.14699,24.922,00000000a53ed894,8.38
10981,2019-08-04T12:41:24Z,0c905239b8c0e14cba671cf4d4d715d1045a30ee62a6285fb489dbb0,60.16829,24.94214,00000000afef4555,9.92
10982,2019-08-04T12:41:24Z,0d3525b13d674f1645fdbe6d842fe37b2f416889c5472e9dfcc5445c,60.14947,24.91438,000000004ef3150d,3.74
10983,2019-08-04T12:41:24Z,0d8341f0125a5323521549248771d5448e5f788aefe9b989e3b20114,60.16829,24.94214,00000000afef4555,18.79
10984,2019-08-04T12:41:24Z,0ef4d4e0ed1d5a16b616f3722210deaa1f3be532439fb707802f70a2,60.16075,24.95883,00000000f1124bca,27.28
10985,2019-08-04T12:41:24Z,1163b45fdf756b64ffdbb517aafeed278462e280c81160974b3b6a08,60.16629,24.95957,00000000fb7600be,29.32
10986,2019-08-04T12:41:24Z,121345c4cf0d0f18c684c4eb22e496ac6f8fb537ec2f3812f6966b67,60.16762,24.95415,000000006b44cce7,10.78
10987,2019-08-04T12:41:24Z,1240f5fbc405049e174fb4ad534e104eeddab72ae2aec4e434e7a36c,60.16897,24.95222,00000000aa852af1,23.56
10988,2019-08-04T12:41:24Z,124cce476184e061b136f481014a2abc7208d30e4e520ffd90c85adb,60.17002,24.94407,000000006b087f40,23.56
10989,2019-08-04T12:41:24Z,126ff8aee22cf123572b51282d01680aea0dac78d907b5100c430c50,60.14947,24.91438,000000004ef3150d,33.81
10990,2019-08-04T12:41:24Z,128df515b075ffc54794d311944f31b9b1c1132d182943a9880e5bc0,60.16544,24.95398,0000000038d83d41,17.4
10991,2019-08-04T12:41:24Z,13bcedb8c59b26417282929d81844b272c7c5bc295614f531219a8e4,60.14947,24.91438,000000004ef3150d,16.1
10992,2019-08-04T12:41:24Z,13ee67fb034e3d24edc9a9618e9d6de24979ebbcb399f83abb02a897,60.14699,24.922,00000000a53ed894,5.41
10993,2019-08-04T12:41:24Z,1423891c6ee1edc7da83904378a35aef2e5797db95b117651d676934,60.16762,24.95415,000000006b44cce7,7.69
10994,2019-08-04T12:41:24Z,1515fbb735095b233eea332bf40cff9995758e9bd0ad60218875554b,60.14699,24.922,00000000a53ed894,13.75
10995,2019-08-04T12:41:24Z,15ee12e5f9be00a79b0cbbc9912f51cbfa3e486624567e1bde938fb6,60.1538,24.95595,0000000038bf9618,18.79
10996,2019-08-04T12:41:24Z,1769031b7f4d75de0541e26427b9ecc92c84b80992e3b36bb8eb799e,60.16829,24.94214,00000000afef4555,5.91
10997,2019-08-04T12:41:24Z,17af6ab252328066d6b13406084507dfa7a7f6db3030872e7f87223d,60.17065,24.93641,000000000f4919c9,20.28
10998,2019-08-04T12:41:24Z,1a93dfa31156cee53b4bd527d8b74655a5da812b6933d8a86d871e47,60.14947,24.91438,000000004ef3150d,7.05
10999,2019-08-04T12:41:24Z,1aacd77e1fdbe1544cf1ab29a00642d77ce4a075e388e8a2108aa39b,60.16829,24.94214,00000000afef4555,16.1
11000,2019-08-04T12:41:24Z,1b3fba902b8d1538b508cdc228fd15fdd87f5aecb68e5611b1a4e354,60.16762,24.95415,000000006b44cce7,2.3
11001,2019-08-04T12:41:24Z,1bcef866fafad7c7460a084e0b0d27c087b549f4ae704390708be47e,60.149,24.9843,00000000fffb8cf0,16.1
11002,2019-08-04T12:41:24Z,1c58afacb5cee4e5a350ff1b0b8bb3cc14e04a313254de14f33be085,60.16829,24.94214,00000000afef4555,29.32
11003,2019-08-04T12:41:24Z,1c7ccd5d6570d98e57ef2ebbd716b7504b138f9bb616fbeaa0d1a268,60.14699,24.922,00000000a53ed894,4.11
11004,2019-08-04T12:41:24Z,1ca2a3dc3dfc4b7c43e5c2670f235bdd61b23459d91984dde3e5afff,60.14699,24.922,00000000a53ed894,16.1
11005,2019-08-04T12:41:24Z,1e24a2120b13c780dbb3a67a73f5058d1847f126fd5f5952e6dddcd3,60.16075,24.95883,00000000f1124bca,13.75
11006,2019-08-04T12:41:24Z,1e63d2090b520af23ca3d2c9a05047dc0b0c63f7471b86e9d9f3e7cc,60.16629,24.95957,00000000fb7600be,14.89
11007,2019-08-04T12:41:24Z,1ec58e626d2335aeeaa7c7d8f715d4334274dbd43448fb62c3901ef6,60.16829,24.94214,00000000afef4555,21.87
11008,2019-08-04T12:41:24Z,1f74037ecab4dbdc5db1a8dc8b583a86630f86a5f2d0a5167b7fa605,60.18203,24.91341,00000000342570c2,13.75
11009,2019-08-04T12:41:24Z,1f81ed7274add201d3059d4a37e2bbe86b6ae1f0fd42a16d7b8dccaa,60.14699,24.922,00000000a53ed894,12.69
11010,2019-08-04T12:41:24Z,203a0c145a43c9a18f8c2a5ba4e18882e7430662bb4ac0e56ab37578,60.17065,24.93641,000000000f4919c9,12.69
11011,2019-08-04T12:41:24Z,20ac7b2ace7c0038aa8df01b9281a9c54f1551fc8ab9b662b1f1ca22,60.18203,24.91341,00000000342570c2,13.75
11012,2019-08-04T12:41:24Z,21bdc11bb63fb48c9d4b5308540ee5df579c9a385001a10fceeeedf3,60.14699,24.922,00000000a53ed894,11.7
11013,2019-08-04T12:41:24Z,21eed3ade733687b8f56fade8290819b7c6b4a9f38468979fe692c3e,60.16762,24.95415,000000006b44cce7,4.94
11014,2019-08-04T12:41:24Z,2204ba387d2db0e7d2ca03f7ace46abff8d141668b73c75a1879d7ba,60.14947,24.91438,000000004ef3150d,11.7
11015,2019-08-04T12:41:24Z,2271cbccbcce28d3d0757d9a964f67df1a523b81d97355dc543dd848,60.16897,24.95222,00000000aa852af1,17.4
11016,2019-08-04T12:41:24Z,231026899a6d5b326cb5b1e38b182ca1acb77c7e27bc2378973b29db,60.16629,24.95957,00000000fb7600be,12.69
11017,2019-08-04T12:41:24Z,23337c2812924a07e4f0bbc92e56d1f85ea40208b6b987f4afc686cf,60.16897,24.95222,00000000aa852af1,18.79
11018,2019-08-04T12:41:24Z,244b51aa4a7059ba782925258111c295aa4de9596025c55ccd5580ac,60.16829,24.94214,00000000afef4555,21.87
11019,2019-08-04T12:41:24Z,247f8b2fe544f61677fce4b7f300f6be0c3fa9f5a9f057cc0a4b2111,60.16762,24.95415,000000006b44cce7,16.1
11020,2019-08-04T12:41:24Z,2551a9e1b8a03c8e0e378ed37c0130b6e4105ec6b949de9e5a670be8,60.14699,24.922,00000000a53ed894,9.12
11021,2019-08-04T12:41:24Z,257206d3f59df5c426a9c735f4741cba6d792de1cbafe62289d383d7,60.16897,24.95222,00000000aa852af1,29.32
11022,2019-08-04T12:41:24Z,2607d1b2fc6e31a80348fffbed68a7d3a8e0212f197f2d1c573c587b,60.14947,24.91438,000000004ef3150d,10.78
11023,2019-08-04T12:41:24Z,26446b74d2d7b573cafeb665dbef395a1091dfa51b51cdf114690e72,60.14699,24.922,00000000a53ed894,20.28
11024,2019-08-04T12:41:24Z,269124e75b1e74a7c7dc93b778e02f04d0a53e069a90081c0938ee4c,60.14699,24.922,00000000a53ed894,9.92
11025,2019-08-04T12:41:24Z,279a61d9e903f361f2a2aad4d06dd261e4c74f1c549cfe7f9da8917e,60.16629,24.95957,00000000fb7600be,29.32
11026,2019-08-04T12:41:24Z,27d4452dcae7c8e389fc21669cb3ccaedac87d45d4b1a50131c939e4,60.16762,24.95415,000000006b44cce7,7.05
11027,2019-08-04T12:41:24Z,28b43564f7156b67db7cb7b779e948986d7610f921490f9030379704,60.16897,24.95222,00000000aa852af1,9.12
11028,2019-08-04T12:41:24Z,2969cdb120f2d285c556abfe5bac2f8090571f61aba227a474a534d2,60.17065,24.93641,000000000f4919c9,2.3
11029,2019-08-04T12:41:24Z,29a1ee6c0907a00ec6b6dcbb187f5c31d1a11b261aabd339210ee013,60.16897,24.95222,00000000aa852af1,9.92
11030,2019-08-04T12:41:24Z,2a47bdc66249162a9588347a6cbe7895fe798bb25c1194cd69fb1e8b,60.14699,24.922,00000000a53ed894,7.05
11031,2019-08-04T12:41:24Z,2b9b246647a57878b7a18e94ce4a9117d0c595020ff1b8fa27988756,60.16897,24.95222,00000000aa852af1,21.87
11032,2019-08-04T12:41:24Z,2bc95bfe257249215913b47f8544606d478783f0530c688972c2f11f,60.16629,24.95957,00000000fb7600be,31.5
11033,2019-08-04T12:41:24Z,2e86f9a432e00fa6ff5b8744ffecbe22a02b4316779bc8b4078af2e2,60.149,24.9843,00000000fffb8cf0,29.32
11034,2019-08-04T12:41:24Z,2ee2e108ed9051b1ccf4d3ee89931dfd53170af0b558fa6579b83e8d,60.15432,24.9211,0000000019fb59c4,14.89
11035,2019-08-04T12:41:24Z,32708990f2c831e65f70f2682baf5188fc93348b9a9e78ada8db2bf4,60.14947,24.91438,000000004ef3150d,7.05
11036,2019-08-04T12:41:24Z,33634cb1e3fc5d4a621e8717d203da8533ed27531a70c6cbe3abf3fa,60.16762,24.95415,000000006b44cce7,1.88
11037,2019-08-04T12:41:24Z,33ec502792a84f23fed03cf16e483d153c65e2850a2549f47034726a,60.16762,24.95415,000000006b44cce7,8.38
11038,2019-08-04T12:41:24Z,3405b45677395f577b17b4f3f98f4e4acf64510ac518139bea7227fd,60.16829,24.94214,00000000afef4555,18.79
11039,2019-08-04T12:41:24Z,348d0f13ec830589831a973041803bc7b6c0f0b5f6e5a84e47f292d3,60.17002,24.94407,000000006b087f40,25.36
11040,2019-08-04T12:41:24Z,349dd839e41cff363cc4b935496e52b93be15233e508aa82987859bd,60.16075,24.95883,00000000f1124bca,7.05
11041,2019-08-04T12:41:24Z,34fddf0f4ea194b9720451d11a9de76225577536681d4f4b0a00b860,60.16829,24.94214,00000000afef4555,5.91
11042,2019-08-04T12:41:24Z,352427714fc6e8591df6bd227dde05d3b7ba0881742eee4ae750dcc4,60.15432,24.9211,0000000019fb59c4,23.56
11043,2019-08-04T12:41:24Z,35a958343879c000cfc3f0c01afbc7d54934265828677bf4aefef84f,60.14699,24.922,00000000a53ed894,7.69
11044,2019-08-04T12:41:24Z,35e6e075578d7a51e510bf8904bde33f1d117264eea0917db98d4808,60.16897,24.95222,00000000aa852af1,16.1
11045,2019-08-04T12:41:24Z,36f876050503d244f74f3cbadcef716904eb2b245190d474b0cfa794,60.16762,24.95415,000000006b44cce7,3.09
11046,2019-08-04T12:41:24Z,3721331dbb97151d17938ed835ffc7208eba26fba6100c62870a3a4f,60.14947,24.91438,000000004ef3150d,4.11
11047,2019-08-04T12:41:24Z,37945fa4e7409fab98aa8bde45081f5bd083def0059485274ad552c0,60.17919,24.95181,000000007b5207b6,13.75
11048,2019-08-04T12:41:24Z,38e15f5aeb58c22ca456fc4d3a14f3b4d9f1fac43de070d2565eb1d3,60.16897,24.95222,00000000aa852af1,29.32
11049,2019-08-04T12:41:24Z,39310ebca1ad756aa2bfcb16c912cb7003ef3e7286a1f037603ade61,60.14699,24.922,00000000a53ed894,17.4
11050,2019-08-04T12:41:24Z,39384affce73de5534e6b28e6757781ad6130ef205ee585f3c64b58e,60.14951,24.92138,0000000006dd41f6,27.28
11051,2019-08-04T12:41:24Z,395c2fb9c5868607d4c5972103e399bc99c9aef007c21439142a217e,60.17002,24.94407,000000006b087f40,12.69
11052,2019-08-04T12:41:24Z,39f03a3a5fd777feee270921a7f51daec12ea679b542b0aaf2e808d7,60.149,24.9843,00000000fffb8cf0,21.87
11053,2019-08-04T12:41:24Z,3a6ce73ea4c03a14fc0d3d099e4698d3c1051a2e8e4bd552d5de394d,60.14947,24.91438,000000004ef3150d,7.05
11054,2019-08-04T12:41:24Z,3af48668fcfc51b261558246e08ae2f7f3bb9d4252e908e38c9db003,60.14699,24.922,00000000a53ed894,23.56
11055,2019-08-04T12:41:24Z,3b73bf57d223bcb9b930ee8619e6603e52485b221389c64d85614baf,60.16897,24.95222,00000000aa852af1,27.28
11056,2019-08-04T12:41:24Z,3be48824225ca9f2aea5653f6ce21181a76e67a8d4b8361f0cba1f8a,60.14947,24.91438,000000004ef3150d,11.7
11057,2019-08-04T12:41:24Z,3c21ef81eb62764c543cc53a1eb793a317f3443dd4838799b2dbd6ff,60.16629,24.95957,00000000fb7600be,23.56
11058,2019-08-04T12:41:24Z,3e4965f1ed580ddf80246b1b78cbc55b73c11d67573d9cede2a7ccf7,60.16829,24.94214,00000000afef4555,14.89
11059,2019-08-04T12:41:24Z,3eb138558a5cc58760a67df9709bc42cc329874e907981d33e0116ec,60.16762,24.95415,000000006b44cce7,25.36
11060,2019-08-04T12:41:24Z,3ec0a34310840b3aa1aa32a3f2bffbe426e91a242dc6eb5c1e86bba7,60.16448,24.97323,0000000053c6c2be,21.87
11061,2019-08-04T12:41:24Z,3f395809cdaaaa1688c7d1cc770079bbf7ef1349e148bec5c8eacd57,60.16762,24.95415,000000006b44cce7,9.12
11062,2019-08-04T12:41:24Z,3ffe89aa6ab1e57883e21fa8f15969f46a5f487bccb2b993eadb3cfb,60.14699,24.922,00000000a53ed894,9.12
11063,2019-08-04T12:41:24Z,403f209e525e5159d33b2056ebebcfa95ff94baf8ae3d9b3442c3090,60.14699,24.922,00000000a53ed894,13.75
11064,2019-08-04T12:41:24Z,42052b48fa907a3f9ad0a511096b057331f7a11a1be046a63fb9629e,60.14699,24.922,00000000a53ed894,14.89
11065,2019-08-04T12:41:24Z,42168beaa0acd47be6bf8e4209edb348c9d27b18517c7420d454a24f,60.17065,24.93641,000000000f4919c9,29.32
11066,2019-08-04T12:41:24Z,42d4eb6044091814f327d0b01dc9ae701506417af1a8ab7f4161650d,60.14951,24.92138,0000000006dd41f6,14.89
11067,2019-08-04T12:41:24Z,42da4298ed9f522421f17714e024d9b8fe22e7546df3deeb8b139bd3,60.16075,24.95883,00000000f1124bca,5.41
11068,2019-08-04T12:41:24Z,431375be6b9405ef55878f3aa0bb5dd6a35db8ba650a2bce05081c49,60.14947,24.91438,000000004ef3150d,8.38
11069,2019-08-04T12:41:24Z,447f951c07ece4b9f8a41fed54b5911f4f8033b69f5a62bfd0cf1d97,60.14699,24.922,00000000a53ed894,18.79
11070,2019-08-04T12:41:24Z,44ee4877f05a1899b74ab22ee21cbc370614784087484c772d02aa92,60.16629,24.95957,00000000fb7600be,25.36
11071,2019-08-04T12:41:24Z,4533d27e96c5c6637ddff4243672d658fea4004970652882357105a9,60.14699,24.922,00000000a53ed894,14.89
11072,2019-08-04T12:41:24Z,457d11209b95b153efb57d8f2641f2db0823e91a0d608fa0555a5b69,60.14699,24.922,00000000a53ed894,7.05
11073,2019-08-04T12:41:24Z,45b52ea8efeaf3cb219263a4a3a9476d439c7232ed9287178dfa1966,60.16762,24.95415,000000006b44cce7,20.28
11074,2019-08-04T12:41:24Z,4602ff9d03f6bf4fbb82976098cc1c73e7a7e754050401c772d1406e,60.14947,24.91438,000000004ef3150d,5.91
11075,2019-08-04T12:41:24Z,467a01a257fbaad22bd4aebafc8f284c9ad3effc429475e57c214e9d,60.14699,24.922,00000000a53ed894,13.75
11076,2019-08-04T12:41:24Z,47b8aba771bed6ec3a7d57932c44fe859bcf6300054b3acc9d885105,60.14947,24.91438,000000004ef3150d,6.46
11077,2019-08-04T12:41:24Z,47bc9ff9097f9ef5f1862e48b4a42f6a9ddd30c4ef2b6eb43291a7a5,60.14699,24.922,00000000a53ed894,9.12
11078,2019-08-04T12:41:24Z,47cde44e4ddbf6c70162fa882eee962e7c3e2a037b650294ec46568f,60.14947,24.91438,000000004ef3150d,13.75
11079,2019-08-04T12:41:24Z,485500f74e8398df6fa143c6f1e9e4e4c1acefd7d7941804739cb4fb,60.16829,24.94214,00000000afef4555,14.89
11080,2019-08-04T12:41:24Z,48f665ebb1a71b0d84fc02bd71918c5ab5608328db534639cbd2a255,60.14947,24.91438,000000004ef3150d,13.75
11081,2019-08-04T12:41:24Z,4926fec57d2640e18cb9d46deb64eba0255ca71b93116f4ae21e4288,60.16829,24.94214,00000000afef4555,16.1
11082,2019-08-04T12:41:24Z,49b87a1513c75afd4d05b1b8429f6697a2262af944de3e385700f99f,60.14951,24.92138,0000000006dd41f6,20.28
11083,2019-08-04T12:41:24Z,4b1050cc517631e36206d3528399c0b14748daec8c7d1b5dfa412299,60.15432,24.9211,0000000019fb59c4,4.11
11084,2019-08-04T12:41:24Z,4b85388cdaec2b4c15b546160ee326d9668a5e5d3c7b08d0c539946e,60.17919,24.95181,000000007b5207b6,25.36
11085,2019-08-04T12:41:24Z,4be50f3eb033f3f46e3069049c8e0a34dc8a2607741c1764369ba4c2,60.16762,24.95415,000000006b44cce7,7.05
11086,2019-08-04T12:41:24Z,4bf75585466f0aafa2ed2956fe4b0f7235b4ba3a0606a52219b3156c,60.14699,24.922,00000000a53ed894,9.92
11087,2019-08-04T12:41:24Z,4d35f03f4cb1cd21fbb173af8af5be5e233c63882fda53232da315f0,60.14699,24.922,00000000a53ed894,17.4
11088,2019-08-04T12:41:24Z,4ebdb6165c5d4892cdc21711313b98b1545bececfb886192c6f0ef22,60.16762,24.95415,000000006b44cce7,9.92
11089,2019-08-04T12:41:24Z,4efc969b8b738c051c221bf9d7829089b44cec23dd378fd86e7fb8be,60.173,24.92524,0000000096918cfa,16.1
11090,2019-08-04T12:41:24Z,4f4940c5c77737c5b8f2fbd5a1b65886ea5f6e0e4fcd50447e11ce21,60.16075,24.95883,00000000f1124bca,14.89
11091,2019-08-04T12:41:24Z,50cb63669a1534d5187e4e76c7b10e57705b61e8237469a9afd253b8,60.16762,24.95415,000000006b44cce7,13.75
11092,2019-08-04T12:41:24Z,50e21d119f102cee2afe3ac7f1a32032527638769b05aca582d6ecb1,60.16762,24.95415,000000006b44cce7,16.1
11093,2019-08-04T12:41:24Z,514a3981fad6c695ac4940f09374b5d1c2e84d2ca835084ef8707714,60.16075,24.95883,00000000f1124bca,4.5
11094,2019-08-04T12:41:24Z,51b3c7870a399165f0d1d14f7d21688df32b0360f9cc6f3ca61890d8,60.16829,24.94214,00000000afef4555,6.46
11095,2019-08-04T12:41:24Z,52072bd384eaaf4a6958af5510ed039d194dee47f34667bc7bccbe0e,60.14699,24.922,00000000a53ed894,7.69
11096,2019-08-04T12:41:24Z,5263c8fd413ee308494f18228802330e278acc648b425bb454951db5,60.16075,24.95883,00000000f1124bca,14.89
11097,2019-08-04T12:41:24Z,52939581c6c8dd3407dbf44ea9e90471e4bbadfb7e3740a0ba8324f3,60.14699,24.922,00000000a53ed894,20.28
11098,2019-08-04T12:41:24Z,552e7d20be831c5ebfa503ba78ed542d6ece4ecad264308d5dc37a31,60.14699,24.922,00000000a53ed894,18.79
11099,2019-08-04T12:41:24Z,5554305bad43a71cf98d83e92708c7474c1efc189392c1ea94231e9c,60.16531,24.9442,00000000fdda10fe,3.74
11100,2019-08-04T12:41:24Z,560205233dc9b13886248fb6e54ee21dc3b287080072641e01e08dac,60.16075,24.95883,00000000f1124bca,20.28
11101,2019-08-04T12:41:24Z,5636d9760f1eac9d5d050497d7084fd61a92d5d108695a9023769ac4,60.16629,24.95957,00000000fb7600be,21.87
11102,2019-08-04T12:41:24Z,56b8eace741e5227a40ea0a64601a737648080c63d6240b0dca632c4,60.16075,24.95883,00000000f1124bca,11.7
11103,2019-08-04T12:41:24Z,570dc61d53aec66ede39dfde66339640878453afc00cd1a55c60bca7,60.16544,24.95398,0000000038d83d41,17.4
11104,2019-08-04T12:41:24Z,571934189bf349efb6f596e76c21612cf9b82ed44913090169936048,60.17065,24.93641,000000000f4919c9,27.28
11105,2019-08-04T12:41:24Z,57bb8beeec6904b9a5cfe83c4ff9a80e63157780137f03de2a4152d3,60.16762,24.95415,000000006b44cce7,16.1
11106,2019-08-04T12:41:24Z,57f88614f91a133004ac1a6dea31a4090f899646a5f62ece691d87af,60.16762,24.95415,000000006b44cce7,17.4
11107,2019-08-04T12:41:24Z,583a35aa08fe45f96deb91a9f4b9317e86eddeee0d636cc11b3e2df8,60.16762,24.95415,000000006b44cce7,6.46
11108,2019-08-04T12:41:24Z,58411163d307bb308f9c94a9720e9ce5ab0ce4f5617cd2b1fcc2037a,60.16762,24.95415,000000006b44cce7,12.69
11109,2019-08-04T12:41:24Z,584cb0b0cdd14e608c8b57c8aecc9826f9b40027e365e2438a444ea2,60.16762,24.95415,000000006b44cce7,12.69
11110,2019-08-04T12:41:24Z,5ae2070870c9dfbf35ba1d5d46239aa32753b4fffa2fed3f378f5e8c,60.16544,24.95398,0000000038d83d41,27.28
11111,2019-08-04T12:41:24Z,5b102c62b98f29bd801e4dd0e9ddbc113db3faa38d59990b9ba5e9ec,60.173,24.92524,0000000096918cfa,29.32
11112,2019-08-04T12:41:24Z,5cd5117066c75a1cb83d3896a7eba3f3472e133f0013ea7d4e95daaa,60.14699,24.922,00000000a53ed894,7.69
11113,2019-08-04T12:41:24Z,5d70086d53447ee393249cef33c7bae814c1d7c2e3055fc91b38786c,60.17919,24.95181,000000007b5207b6,9.92
11114,2019-08-04T12:41:24Z,5e53be1d47b3cceeb6ea9406c75327379c8ee8abc68da605b7758e85,60.14947,24.91438,000000004ef3150d,8.38
11115,2019-08-04T12:41:24Z,5e7916ca910b02abf2d19906759663c23db63950a353fa546f55c8af,60.14699,24.922,00000000a53ed894,5.91
11116,2019-08-04T12:41:24Z,5ea49ba4de68e03664ec3a87f5de32434d7136b4f8323f022ff9df5b,60.16829,24.94214,00000000afef4555,6.46
11117,2019-08-04T12:41:24Z,60f1b642fca90c38a1f6bcee13b699f211b8662945e5249aee5d60cb,60.16762,24.95415,000000006b44cce7,13.75
11118,2019-08-04T12:41:24Z,614ab7fba7255f6bf6f888e9a04d589962f756b3f427e658f10014f2,60.16075,24.95883,00000000f1124bca,6.46
11119,2019-08-04T12:41:24Z,62a6fe2d9b3b5b4533c51253f8842428bd797b3c6a95a7816ec472ed,60.14947,24.91438,000000004ef3150d,4.11
11120,2019-08-04T12:41:24Z,63a87f20dbfd068c086129312c165b6e9b1da2ea6c999be1dd1b8391,60.16762,24.95415,000000006b44cce7,13.75
11121,2019-08-04T12:41:24Z,63defb71d4c3856253a0a2d67a5c370b91ad0527703b334a63fe5344,60.14947,24.91438,000000004ef3150d,17.4
11122,2019-08-04T12:41:24Z,641e8defb97171d160f062c4bc3e9d06346f10d5246e6aeac935e1a9,60.16897,24.95222,00000000aa852af1,23.56
11123,2019-08-04T12:41:24Z,643ef3f01a51bea3c4510d4060a945cd510e5189236d68f5c9489034,60.16829,24.94214,00000000afef4555,1.25
11124,2019-08-04T12:41:24Z,64638a9f9e6c9b32fc4b484b55e4934fcab6cb04605cc76d5f5534b7,60.17065,24.93641,000000000f4919c9,9.12
11125,2019-08-04T12:41:24Z,64d86288e491374eed34c68c82763c2e5dbc87113cf5ca44f23233ba,60.16829,24.94214,00000000afef4555,20.28
11126,2019-08-04T12:41:24Z,64e34af775b57908b23056a31d60ef3b005941f2e7c3db0c49df675d,60.17065,24.93641,000000000f4919c9,4.11
11127,2019-08-04T12:41:24Z,6503762f2cac51cc2b74da1efa6b16583ed11c9a528d7716b7829c0b,60.16829,24.94214,00000000afef4555,12.69
11128,2019-08-04T12:41:24Z,6516a10850095847a8156717b0fba05a9bdc9b5bfedd691ddb07f119,60.14699,24.922,00000000a53ed894,13.75
11129,2019-08-04T12:41:24Z,6525cc634176c25187e68e0d067bcfecfd78e399e93db4ee9d408b7e,60.17919,24.95181,000000007b5207b6,21.87
11130,2019-08-04T12:41:24Z,655204cb507ea9ae811105cdcd766161facaa9f729017a333f102391,60.149,24.9843,00000000fffb8cf0,12.69
11131,2019-08-04T12:41:24Z,65de3b8621fadfc61e9d3657dc477ea9867f9d093f80cf0857dcad88,60.16762,24.95415,000000006b44cce7,9.12
11132,2019-08-04T12:41:24Z,66b9cea6cd979b4e9e391e0ef854e2cc38eca6fb9e166811e39edd11,60.16544,24.95398,0000000038d83d41,18.79
11133,2019-08-04T12:41:24Z,6723bebaab92d1a9f8b4318fd4f497a6dec6d7f8e0eafca443925213,60.16075,24.95883,00000000f1124bca,9.92
11134,2019-08-04T12:41:24Z,67591d427f60ba3c369ac0d78088fca7be33081501508d16401dd6cb,60.16762,24.95415,000000006b44cce7,2.3
11135,2019-08-04T12:41:24Z,675eacdf32b5b831fd118fc5539eea4b3cef4bd11e2e1706a9571222,60.16829,24.94214,00000000afef4555,12.69
11136,2019-08-04T12:41:24Z,6774ed72eaf69d7c4aaeeef90990f969954155bbcc52652e75e7deef,60.16829,24.94214,00000000afef4555,10.78
11137,2019-08-04T12:41:24Z,677c53ae4056d6cb123ca576ba5284664b1c7e3e88818bd19b5dd99a,60.17919,24.95181,000000007b5207b6,13.75
11138,2019-08-04T12:41:24Z,6875e3632a29207e29ded33617e66d55de5d8c7804fecedd6f1dfe12,60.14699,24.922,00000000a53ed894,7.05
11139,2019-08-04T12:41:24Z,69f1de5049f5731749defe893b8ae9ada4f5f788a994b8f7413ef657,60.17002,24.94407,000000006b087f40,23.56
11140,2019-08-04T12:41:24Z,6afad0494618e12f213955f9fdad3627f87b922e00bbee706c3152d7,60.16629,24.95957,00000000fb7600be,31.5
11141,2019-08-04T12:41:24Z,6b6668d7ebecfb96a6ed3ca19e97f8da150943ddf1d034675d08a9b8,60.14699,24.922,00000000a53ed894,21.87
11142,2019-08-04T12:41:24Z,6b97071051ccf5db7e5ebee033d4f68d58ed6917ff2fac5b205a6605,60.17065,24.93641,000000000f4919c9,13.75
11143,2019-08-04T12:41:24Z,6c7e018abdf8462af7c7b003bc30f915184f7082e9e865a2c502eed5,60.14699,24.922,00000000a53ed894,10.78
11144,2019-08-04T12:41:24Z,6cc185919c410bfc359b488921554d891f9748da570db062229c7ec7,60.15432,24.9211,0000000019fb59c4,21.87
11145,2019-08-04T12:41:24Z,6e02e56515cc7fe0dad26d8d87ec7b37994e59323b1cf31791116f49,60.17002,24.94407,000000006b087f40,23.56
11146,2019-08-04T12:41:24Z,6f3dd17e40daabb4efe868f1b859dc00ecc01846f0a0e2b8db5d1413,60.17919,24.95181,000000007b5207b6,9.92
11147,2019-08-04T12:41:24Z,6fdfc33c6b609ea80b4a38ecf657bc68b7bf659752b51edcc22ffb54,60.16762,24.95415,000000006b44cce7,9.12
11148,2019-08-04T12:41:24Z,6ff93560ca77c6e5a25bc7441cf33cf7fa0138b3da4d99b2dbf5531b,60.14947,24.91438,000000004ef3150d,9.92
11149,2019-08-04T12:41:24Z,70c56152af84cf1bad4d19b0cb31202232b4cd4320ce5ea48895e42b,60.14947,24.91438,000000004ef3150d,8.38
11150,2019-08-04T12:41:24Z,71479e7c1c4fd96468f16800ff04484480c76e0953d2074500b0df31,60.17919,24.95181,000000007b5207b6,17.4
11151,2019-08-04T12:41:24Z,72231bca658d3a16f3bf9c26ba5f13393b8377e4ab0b9ed3de6c811f,60.14699,24.922,00000000a53ed894,18.79
11152,2019-08-04T12:41:24Z,72e4de5ded503a6b09635fc51a720ce504c9e77552bc2ffae8d6cae3,60.14699,24.922,00000000a53ed894,16.1
11153,2019-08-04T12:41:24Z,733618d50499022af0ec3b91abdc93b6f3f252adb6891da4956ba4fb,60.15432,24.9211,0000000019fb59c4,31.5
11154,2019-08-04T12:41:24Z,733f21ebebe353e10a55a74b40a0a480e6d276334d4f3d8bcf85b711,60.16075,24.95883,00000000f1124bca,31.5
11155,2019-08-04T12:41:24Z,738ce77abafd1ca6f80e6f28e84d1b1886db4cfda3be6ffcdf52c1b1,60.14699,24.922,00000000a53ed894,11.7
11156,2019-08-04T12:41:24Z,75724822b4cc68ff31bae6b0a745632242e1a22c87525d1b530bdeda,60.17002,24.94407,000000006b087f40,18.79
11157,2019-08-04T12:41:24Z,759f94c852ff15ca91c3138913c3858c4801702f8f0514ae82fb2a19,60.16897,24.95222,00000000aa852af1,10.78
11158,2019-08-04T12:41:24Z,7664b7f08aaa059ecf6646a595c33fae0c80715febe63e31f45a4662,60.16762,24.95415,000000006b44cce7,4.11
11159,2019-08-04T12:41:24Z,777cceac7be6303a1c82f7cc68061528b01e3aa1b3aa6481cad9e5e3,60.16075,24.95883,00000000f1124bca,4.94
11160,2019-08-04T12:41:24Z,7790740c47ee85dfd8928c233eb2fe11e25cc9dc3f1403e5cad4a7b9,60.14699,24.922,00000000a53ed894,27.28
11161,2019-08-04T12:41:24Z,77a12194b9a6789f4b2b8c07ae7fce3c2b531cb221e5fa7ca5deae55,60.16897,24.95222,00000000aa852af1,8.38
11162,2019-08-04T12:41:24Z,79bb1e615a834d4f653cec7efc45ad5b4bbedf2a83c55b44c586ad0a,60.14947,24.91438,000000004ef3150d,10.78
11163,2019-08-04T12:41:24Z,79bde23c1a8980f93a65e14306f0d8ea89e164430d8b991e2bfee82e,60.16531,24.9442,00000000fdda10fe,17.4
11164,2019-08-04T12:41:24Z,79d26f15a82c94ac5d05e0f2b6a6beeae1f407972ec39665d7ab9535,60.16829,24.94214,00000000afef4555,2.3
11165,2019-08-04T12:41:24Z,7a0c0b525f2d3eed6c873bd3b8d27bede551fe4a428ac15c23deadae,60.16075,24.95883,00000000f1124bca,23.56
11166,2019-08-04T12:41:24Z,7a4a06d20ebe57d94e5fceeaf47d5b56ad9a515818e9c20e21a80e61,60.16629,24.95957,00000000fb7600be,17.4
11167,2019-08-04T12:41:24Z,7a97375000483176c3b37cc0d1744a950d9b322ce3534208fce0b21d,60.14699,24.922,00000000a53ed894,7.69
11168,2019-08-04T12:41:24Z,7ab335e046f7f3597f8f615a90857885e35cfecefebd5d24bbf0af90,60.16075,24.95883,00000000f1124bca,9.12
11169,2019-08-04T12:41:24Z,7ad93fed82e41ea4422fa101badc698b0328c3ebf0f6b73c5164d438,60.16897,24.95222,00000000aa852af1,16.1
11170,2019-08-04T12:41:24Z,7af6672e274ebe27cdb785373a857fc5bcad92a386c36dbe3221d4f4,60.14947,24.91438,000000004ef3150d,12.69
11171,2019-08-04T12:41:24Z,7b1c2b4a083f1544ffd4b5e2e87ab8a58a7bb64abb0f8ce3e53b2ed2,60.14699,24.922,00000000a53ed894,21.87
11172,2019-08-04T12:41:24Z,7d85ddf11c6bc0fefabdb00f6e37abd4f4f62ced6ce2f2031b44795e,60.17002,24.94407,000000006b087f40,18.79
11173,2019-08-04T12:41:24Z,7d9a3d84c09c3a8d6876389e216e0278048d6b924890fb275a078ffb,60.16531,24.9442,00000000fdda10fe,0.5
11174,2019-08-04T12:41:24Z,7e76449e59f1e3a1a615b54408115353fbb14d815390d03a73b1a7bb,60.14947,24.91438,000000004ef3150d,10.78
11175,2019-08-04T12:41:24Z,7f786ec8e06f1ca3bdd10fc60d0114baf354125b8f6cf796d197f4cc,60.16075,24.95883,00000000f1124bca,4.11
11176,2019-08-04T12:41:24Z,80cbcb887f3e351e3bef7c5f53dccc578cc3494feec514aed7015c0d,60.16075,24.95883,00000000f1124bca,3.09
11177,2019-08-04T12:41:24Z,80cc39b04598f971820e63498fd27ae72a12a45a60c220fe625b282a,60.14699,24.922,00000000a53ed894,21.87
11178,2019-08-04T12:41:24Z,82411c6526228322a61f59259f13adf7cde62bd767587b6735867705,60.17919,24.95181,000000007b5207b6,7.69
11179,2019-08-04T12:41:24Z,83073c017c8293e4b6eab781fbc2147fafa144d33b3618abd1ae5d90,60.17065,24.93641,000000000f4919c9,31.5
11180,2019-08-04T12:41:24Z,83121a75723643c48e3c3b0a3ea5fccb532046432ca445833e8de06a,60.16762,24.95415,000000006b44cce7,5.91
11181,2019-08-04T12:41:24Z,842590c105033000cdd09b5f0e51f990329cbd8720b91931d82e30e1,60.16448,24.97323,0000000053c6c2be,25.36
11182,2019-08-04T12:41:24Z,848fe01e24ccc782e5968171f53ea31d28f20a455c45d8bac8fb7374,60.173,24.92524,0000000096918cfa,13.75
11183,2019-08-04T12:41:24Z,849a662d95d4185421aff7c6213ba5d7b84cfc58c9fb30ff34054e4c,60.16075,24.95883,00000000f1124bca,9.12
11184,2019-08-04T12:41:24Z,857f5ab05809fdb94740616b8d6662aa2458c4a6009e6f717f8933fb,60.17002,24.94407,000000006b087f40,23.56
11185,2019-08-04T12:41:24Z,859b417d0b562f5c4ab33c3877c95cd7cbb332db91dcd0f4e7a4f3b6,60.14699,24.922,00000000a53ed894,6.46
11186,2019-08-04T12:41:24Z,85d66944a64cfde859e7e08ca4b79f3b39d5b03141d500fe7ce73f7e,60.14699,24.922,00000000a53ed894,17.4
11187,2019-08-04T12:41:24Z,85d67c3be46ecb66832dfd9090a931e1be3dd056f718ea6786622131,60.16897,24.95222,00000000aa852af1,18.79
11188,2019-08-04T12:41:24Z,868cd7608ed6beb209db2aad8c71f56b8aec3a6b453be18e4af217a2,60.17065,24.93641,000000000f4919c9,25.36
11189,2019-08-04T12:41:24Z,87bb1abe21abfcb5e5c2039e579cff7ca863a6019207db356de5b7c2,60.14699,24.922,00000000a53ed894,16.1
11190,2019-08-04T12:41:24Z,87cbb5265cd1cc3213ddb5ed9ed2a599ddb7db0b0747121d649b0ae3,60.16544,24.95398,0000000038d83d41,25.36
11191,2019-08-04T12:41:24Z,8822ffe19dec49fe874ac377de5a0504e931e342ecc1f5b1fcb939e5,60.16897,24.95222,00000000aa852af1,13.75
11192,2019-08-04T12:41:24Z,885bcc6af7d0aa9718fe1030e32ffff1de5171ae5ef67cf0011874fb,60.14947,24.91438,000000004ef3150d,4.11
11193,2019-08-04T12:41:24Z,8947a5209f3b32173d3dc72792039edf94a2711741ab041b62b30643,60.16762,24.95415,000000006b44cce7,3.09
11194,2019-08-04T12:41:24Z,896f7e896dc6f1ea44b82bf968a988cc10c358ee34821d9d7a4bd07a,60.14947,24.91438,000000004ef3150d,4.5
11195,2019-08-04T12:41:24Z,8a08b2de43a9ef03cf96610718c908e69dcacc59f536a7135b7bb542,60.16629,24.95957,00000000fb7600be,9.12
11196,2019-08-04T12:41:24Z,8a93ac3ff9f29a5a024811171ed920021c363a5b7688e2c879ab55f6,60.17002,24.94407,000000006b087f40,29.32
11197,2019-08-04T12:41:24Z,8a9eedc7cf775ab4e9ad2e20bdcbcbe1635808b418eedcdcceda7834,60.16762,24.95415,000000006b44cce7,7.69
11198,2019-08-04T12:41:24Z,8b2db0cf88df127735158a23e876f7746a3f6a8ac67d170ca06d1055,60.1538,24.95595,0000000038bf9618,38.87
11199,2019-08-04T12:41:24Z,8b641985c793a3f25a45b2460cb01f5baa6f339c6dd26ba7752d8a7a,60.16897,24.95222,00000000aa852af1,14.89
11200,2019-08-04T12:41:24Z,8ba6cfc17ca70e8304994e018ebd5eb2003177062cde05925d5cacb3,60.173,24.92524,0000000096918cfa,25.36
11201,2019-08-04T12:41:24Z,8bbf5422247a0a6be314130d8fd9ae1814401b75acf3b3ce2da9620c,60.14699,24.922,00000000a53ed894,4.94
11202,2019-08-04T12:41:24Z,8d528b00553162a9dd47d2296d15b2fad89aad6a508424d4589618a1,60.14947,24.91438,000000004ef3150d,10.78
11203,2019-08-04T12:41:24Z,8d8a869e83fe2ac29e791666634a33af3ea4048ea4e752b6fb1e238c,60.14947,24.91438,000000004ef3150d,16.1
11204,2019-08-04T12:41:24Z,8f9026cfff0b3ccd2e7a22e5767bee52b08ab5630d1c6ac046bf7f39,60.16544,24.95398,0000000038d83d41,16.1
11205,2019-08-04T12:41:24Z,9023a89a49a372e5f97cf86ef1b5de0164eb67cc10d394d383ab75fd,60.16829,24.94214,00000000afef4555,20.28
11206,2019-08-04T12:41:24Z,920dc90f60b295267f63efc8f968408087b71878dc3f49f0ded1c41e,60.17919,24.95181,000000007b5207b6,21.87
11207,2019-08-04T12:41:24Z,926717d61529080dfc4c7f8cdcdc82c6490d2a5129474524b8c40ea4,60.16829,24.94214,00000000afef4555,13.75
11208,2019-08-04T12:41:24Z,93a2100e233b204243f7e69b68dea7c9a145d1b5384bd18359bf87a3,60.16531,24.9442,00000000fdda10fe,2.08
11209,2019-08-04T12:41:24Z,93e409819362e2429a43710ff4330bd3ed83011b73ae438dd7fb62d8,60.16762,24.95415,000000006b44cce7,5.41
11210,2019-08-04T12:41:24Z,9575ef1c44f26f0301d726029c8b1c28011a4724496943451bee6544,60.14947,24.91438,000000004ef3150d,9.92
11211,2019-08-04T12:41:24Z,97264f5808fa13851dacabf0c98525eec29849ff4b6a744cc777fd5b,60.16075,24.95883,00000000f1124bca,21.87
11212,2019-08-04T12:41:24Z,9736a8a29aee134a307e0cd4221e9b0a2ab7c48befee43fc62e9f9bd,60.14699,24.922,00000000a53ed894,6.46
11213,2019-08-04T12:41:24Z,9862cafd709b75d07c83b397773e0cf33564666cb81814bdbf5e54f2,60.16897,24.95222,00000000aa852af1,12.69
11214,2019-08-04T12:41:24Z,98bb3b6f5e2403b14b8e01616c07b03bb1fd153ded656033d7bd3533,60.16075,24.95883,00000000f1124bca,25.36
11215,2019-08-04T12:41:24Z,992f6feda52c82ad67e40af55b5602bb22411020701998c6bd65faed,60.16762,24.95415,000000006b44cce7,16.1
11216,2019-08-04T12:41:24Z,9ba6f9fb8bb950d16224b4182d3c3d8349a0f50619be329c165417e0,60.14947,24.91438,000000004ef3150d,20.28
11217,2019-08-04T12:41:24Z,9bad872c31c8c5e53f064b5367350b41271d45ca8a9e508136622800,60.16897,24.95222,00000000aa852af1,11.7
11218,2019-08-04T12:41:24Z,9bf4a5d763fa921335be6c141a0c9fd769fcb2f4c5b40b85a1c99c71,60.14699,24.922,00000000a53ed894,17.4
11219,2019-08-04T12:41:24Z,9e3d4a4b1acd94d2896cd7cf56419110f06ea96faae37aadebd4ec77,60.14947,24.91438,000000004ef3150d,4.5
11220,2019-08-04T12:41:24Z,9fc52a61eabf679cf9cdee2c33023c321c69afc87ed71f5a6d6655b7,60.14699,24.922,00000000a53ed894,12.69
11221,2019-08-04T12:41:24Z,9ff13c715073d5ad9c464cb67b6de3f703435cf389c32cce5626dfe1,60.149,24.9843,00000000fffb8cf0,18.79
11222,2019-08-04T12:41:24Z,a0db7e8063bede2dd55c2c6cf5111932617ecace670ff65314a7d349,60.16629,24.95957,00000000fb7600be,12.69
11223,2019-08-04T12:41:24Z,a22736c5d66f417bc6b745f51492549dc2e5a3c766f5e7e23f183b41,60.14947,24.91438,000000004ef3150d,9.92
11224,2019-08-04T12:41:24Z,a2ca95bd02445ae4d7fe5befdf572c2b1947f3bbb535543bf921af9d,60.16762,24.95415,000000006b44cce7,14.89
11225,2019-08-04T12:41:24Z,a38a21a97a054541f0423f03758c70227116c05254958373e3e93ad0,60.14947,24.91438,000000004ef3150d,2.54
11226,2019-08-04T12:41:24Z,a3d228482bfdd3dbdfaee1ff72b6ac00c2ee8c05e949047ce9117783,60.14699,24.922,00000000a53ed894,17.4
11227,2019-08-04T12:41:24Z,a422a30ec1eb058c7930e1352297c161639faa5b3ca5f5fa47c4adb3,60.14947,24.91438,000000004ef3150d,9.92
11228,2019-08-04T12:41:24Z,a4f416ec0941bb365e3665d7fd224fad15d74225e8ce9f6dd6368bc7,60.17065,24.93641,000000000f4919c9,31.5
11229,2019-08-04T12:41:24Z,a6158fc663b4931ef4e811a4acf62ab2f658241775e200b14684f87d,60.16897,24.95222,00000000aa852af1,13.75
11230,2019-08-04T12:41:24Z,a6f944078dd26796f5a849ccb6fdf8a4436f913cf3302597c846462d,60.16762,24.95415,000000006b44cce7,5.91
11231,2019-08-04T12:41:24Z,a7472d1b63171c047444981df223670390009e3ea502132d9963e9fb,60.14947,24.91438,000000004ef3150d,9.12
11232,2019-08-04T12:41:24Z,a76d219c3abcc4ec3a54dd834263f9a24972c71be4c7bbbfc663f22f,60.14699,24.922,00000000a53ed894,4.5
11233,2019-08-04T12:41:24Z,a794d97e26d3678bb11b4364880414bb7bfac4bb49d1867b37b489f7,60.14947,24.91438,000000004ef3150d,11.7
11234,2019-08-04T12:41:24Z,a7a7f84e910c87d01420156efca1675f2f263a8f7f1212bb161e73f3,60.14951,24.92138,0000000006dd41f6,20.28
11235,2019-08-04T12:41:24Z,a8df2631c2442628608c1f0352c896eb532a6ca08c85de2c77360aa8,60.14947,24.91438,000000004ef3150d,14.89
11236,2019-08-04T12:41:24Z,a8fffb1bf2cf3b58cca0395d98ab3763c45771fed32527f2dedb644b,60.149,24.9843,00000000fffb8cf0,27.28
11237,2019-08-04T12:41:24Z,a9383e1c3d9b3355965662ff18ad95dfb64daa5d8e71fc20e7e50df7,60.14699,24.922,00000000a53ed894,13.75
11238,2019-08-04T12:41:24Z,a96e9a3805def174e6ededa93b88ce312739d9d68941dffdeca03e9f,60.16762,24.95415,000000006b44cce7,3.4
11239,2019-08-04T12:41:24Z,a9dfc9065260957b1eb8dc3b11b793f73f7940fa5cb61acb16a260e2,60.16897,24.95222,00000000aa852af1,11.7
11240,2019-08-04T12:41:24Z,aa076c3f0d09145aebbb750dde9849ba4eb6759e92ba5753280184d6,60.16762,24.95415,000000006b44cce7,9.12
11241,2019-08-04T12:41:24Z,aa5773b59ce2bf1eee53e4e77cd3c261465d2ea538c9a85b8de30cd8,60.14947,24.91438,000000004ef3150d,11.7
11242,2019-08-04T12:41:24Z,aa6d51fc5411b69567cb854360c4a81267eac19446946eb27618306a,60.14699,24.922,00000000a53ed894,16.1
11243,2019-08-04T12:41:24Z,ac336ce74c60edd085a670c13e6a7f1225eef48d7b2d583211399d5c,60.17002,24.94407,000000006b087f40,25.36
11244,2019-08-04T12:41:24Z,acdcc8ae1d1c6bb055dfc108154eae58b4b894f0ce1ff174c1065c7e,60.16762,24.95415,000000006b44cce7,1.7
11245,2019-08-04T12:41:24Z,ad8af809ed47a3391bb53d11da159b3a8b0ddc264d94c049ce72bda0,60.17065,24.93641,000000000f4919c9,0.23
11246,2019-08-04T12:41:24Z,ae87b8dd8920695bc9e599874667205991c04e30666d8523f0be4350,60.14947,24.91438,000000004ef3150d,11.7
11247,2019-08-04T12:41:24Z,aebba42e4dd1ce769871996739978c7f80bb88994a3616c908b2cd1a,60.173,24.92524,0000000096918cfa,20.28
11248,2019-08-04T12:41:24Z,aec4b11f0b1ec075878ca4a3b94da464f6fc96e330b913d5bfd346b0,60.16897,24.95222,00000000aa852af1,6.46
11249,2019-08-04T12:41:24Z,af64ca430076b1e91eeb89134e0e026479928845cbe1943bc56104c2,60.14947,24.91438,000000004ef3150d,9.12
11250,2019-08-04T12:41:24Z,b0a20a40885487350aaf5c8f46dab27d4d7e1d5c24fefec54c0c62d4,60.16829,24.94214,00000000afef4555,17.4
11251,2019-08-04T12:41:24Z,b255261b4f367acbf68fac08700949f13001dfe40901f75ec4a321a9,60.16897,24.95222,00000000aa852af1,23.56
11252,2019-08-04T12:41:24Z,b26a9be85f5fd17ea58397762fa55db3c8f68fb709d586d61527c892,60.16829,24.94214,00000000afef4555,10.78
11253,2019-08-04T12:41:24Z,b2a01c2a06c3cf1a48333e58e787d9eaf2f975a738c02878220d7774,60.16829,24.94214,00000000afef4555,6.46
11254,2019-08-04T12:41:24Z,b3d99c04e3db6b698e6e54f19434461336954d0c15385bff6e557be8,60.173,24.92524,0000000096918cfa,21.87
11255,2019-08-04T12:41:24Z,b41cc64d7ab4e16a03573bdc3b5863c4b402ec66c7780c7900c02877,60.16829,24.94214,00000000afef4555,18.79
11256,2019-08-04T12:41:24Z,b523d3f8341906e4b3877ff7d9614b4e10d6bbf10afdcc6c53656c8f,60.17065,24.93641,000000000f4919c9,23.56
11257,2019-08-04T12:41:24Z,b7039958be9f53a3eaed97f705a1974815f52f25226e920155397bec,60.16075,24.95883,00000000f1124bca,10.78
11258,2019-08-04T12:41:24Z,b81e80c4efa2f6bf7a24861abfd0f0fb5672f1512dc7545a1d387f7f,60.16762,24.95415,000000006b44cce7,14.89
11259,2019-08-04T12:41:24Z,b82ba472f0cb919b39c31b9c737f1608f6a31ffa63352768f9fa12ea,60.16829,24.94214,00000000afef4555,13.75
11260,2019-08-04T12:41:24Z,b92c7fb1d77c3f326d59dbe2689bb5b8ff10fcd691f28b36aa98408c,60.17002,24.94407,000000006b087f40,36.27
11261,2019-08-04T12:41:24Z,b95117e603641dd0d77f12165023522553f649c2e803bc0799cc598d,60.16762,24.95415,000000006b44cce7,7.69
11262,2019-08-04T12:41:24Z,b9c0ac0bb7310d92c296a8870603ebd12c0c632cfc2a1fa33092b337,60.16762,24.95415,000000006b44cce7,7.05
11263,2019-08-04T12:41:24Z,ba9825bb3cfae6aeb29833f0a11189802065c73f8e541b2bcb5b572f,60.14699,24.922,00000000a53ed894,21.87
11264,2019-08-04T12:41:24Z,bb0193f2b0ac4801fe82ed5cec75e687465d707d92e731047f81650f,60.1538,24.95595,0000000038bf9618,3.4
11265,2019-08-04T12:41:24Z,bbe1e18f88cf88928067a0221965768c1f2ae264291cea564d7eb7e8,60.16897,24.95222,00000000aa852af1,9.92
11266,2019-08-04T12:41:24Z,bbeaad18acdd3a2602aa5b07ab6ae8df489cb499c4490b3e6f561a5e,60.16544,24.95398,0000000038d83d41,29.32
11267,2019-08-04T12:41:24Z,bc07df8cc395f6f4f5d483b2233caca5f93a6918f346e4cc3702f8cc,60.16531,24.9442,00000000fdda10fe,13.75
11268,2019-08-04T12:41:24Z,bc0f5e4ba244a9eac17a0c0e91f3bb97fe71cf42cc829516fcccfc47,60.16762,24.95415,000000006b44cce7,21.87
11269,2019-08-04T12:41:24Z,bc478512e217b12ec7e01e1ce8247d394a57fb0c0cc72940f562adc2,60.17065,24.93641,000000000f4919c9,23.56
11270,2019-08-04T12:41:24Z,bcf688ec2e666179e52a495a8304dd7aaaf4acad52788a0929b287a2,60.14699,24.922,00000000a53ed894,13.75
11271,2019-08-04T12:41:24Z,bddca8fc17056f9f207a259070e281eedf4cea3e8e22093b88bbd7b5,60.14699,24.922,00000000a53ed894,12.69
11272,2019-08-04T12:41:24Z,be21a77f983baae8e0ba646eda0988a618149dcc7ef4c303c35d5377,60.14947,24.91438,000000004ef3150d,6.46
11273,2019-08-04T12:41:24Z,bebf1edb9736fe66391376c4cf2a3033ab9fa83ae21f86b66392e2d0,60.16762,24.95415,000000006b44cce7,12.69
11274,2019-08-04T12:41:24Z,bf2e5725b255e320f1e8375ec03f55194f1fd9f751be9629d873a5c8,60.14699,24.922,00000000a53ed894,5.91
11275,2019-08-04T12:41:24Z,bf992d3cd95a73f02d7223eaffe90a94e3e1e98a8c6759bab631b5b0,60.14947,24.91438,000000004ef3150d,10.78
11276,2019-08-04T12:41:24Z,c01fcd711ab1703615e2dc0f683e54f03b64eefe2f5727d20f3e9fd8,60.14699,24.922,00000000a53ed894,23.56
11277,2019-08-04T12:41:24Z,c0722f63618f97eb8ec4afac1a8538b81a3c87e623d753ad1201bf7c,60.16075,24.95883,00000000f1124bca,4.5
11278,2019-08-04T12:41:24Z,c0a0ca3433586ed2ae0e448f2406fabac7292ac79d49562e0bd5cef8,60.16762,24.95415,000000006b44cce7,13.75
11279,2019-08-04T12:41:24Z,c1e4323d2276cb6e358f5fabb123294e7a0ef87e7169f3cccc8f2e03,60.16075,24.95883,00000000f1124bca,13.75
11280,2019-08-04T12:41:24Z,c36d58ed0e0dddb3e26be1214e369db1c3fa3d4bcf8b53536a25239b,60.17065,24.93641,000000000f4919c9,2.08
11281,2019-08-04T12:41:24Z,c3e5ee20ca76f7347fda00c4c2fdee291bc6d843a879b26fbdd70390,60.17065,24.93641,000000000f4919c9,25.36
11282,2019-08-04T12:41:24Z,c493415e869d6e6304841784a120f994272b83557256b43e44e4f3e0,60.14699,24.922,00000000a53ed894,7.69
11283,2019-08-04T12:41:24Z,c4dfae0a1b1bd27741275e8f26148b119bf7225960b4275e488612b9,60.14699,24.922,00000000a53ed894,10.78
11284,2019-08-04T12:41:24Z,c633a260ce59bad4e1ca42f12936ed8ae57a40f5e6528dfb70052c43,60.16897,24.95222,00000000aa852af1,9.12
11285,2019-08-04T12:41:24Z,c6b973b57d5574eb3341b3141a5ba2b28f477ae9e702ab4ae701cc0d,60.14699,24.922,00000000a53ed894,14.89
11286,2019-08-04T12:41:24Z,c728eaa7734efeabe7f33c782081caa960fcced68160e285ee477916,60.14699,24.922,00000000a53ed894,7.69
11287,2019-08-04T12:41:24Z,c905a50dedd9b3d2114cde9160b7adf83adc09683b65598ce24c4047,60.1538,24.95595,0000000038bf9618,31.5
11288,2019-08-04T12:41:24Z,cad80f69731ad65f7f14bf400d674e0c42de462bd42db112c9d9f261,60.16075,24.95883,00000000f1124bca,29.32
11289,2019-08-04T12:41:24Z,cb3f05d5604f5532e039e6d40514b13aba8f6274d952bb17a8b801fc,60.15432,24.9211,0000000019fb59c4,14.89
11290,2019-08-04T12:41:24Z,cbc336691f17a9c508549e03d522166247a0cd0a944321c1a7d15525,60.14699,24.922,00000000a53ed894,23.56
11291,2019-08-04T12:41:24Z,cbd334d06c16786ddc543b71b34da6278d203ac72606f0f9275e0936,60.16829,24.94214,00000000afef4555,18.79
11292,2019-08-04T12:41:24Z,cc2cf42c6b14536fb92c810ff0e3dd5a3caa74236f14246a5b6e8cdc,60.16762,24.95415,000000006b44cce7,7.69
11293,2019-08-04T12:41:24Z,cce6b6f309e43e2bb1be6a9784582a82891e976d0869d01040586d27,60.14947,24.91438,000000004ef3150d,4.94
11294,2019-08-04T12:41:24Z,cd3e127e27387b6e06cdf27f46fb6046e4182e4d7b49b49c17167c1c,60.14947,24.91438,000000004ef3150d,9.12
11295,2019-08-04T12:41:24Z,cd62fc5a92bd89f24a6e3d736d5511bf872859d762723b92f2092abc,60.16829,24.94214,00000000afef4555,13.75
11296,2019-08-04T12:41:24Z,cd9b2be9ffb37c8b7c5c25f587c95b1c7932a21fb245487ea2f740d9,60.14699,24.922,00000000a53ed894,9.92
11297,2019-08-04T12:41:24Z,ceb777dafa9b7e39125b89735b7f0cf22c3018eb0196043ac8160370,60.14699,24.922,00000000a53ed894,12.69
11298,2019-08-04T12:41:24Z,ced0425d382ce86b7565a8b7b36a453a0880a08ba10090524e6c1ac5,60.14699,24.922,00000000a53ed894,20.28
11299,2019-08-04T12:41:24Z,cef1d06a10cfa08bcaef8b36535c2ec32c756a76cc0d5c2a1246f933,60.14699,24.922,00000000a53ed894,14.89
11300,2019-08-04T12:41:24Z,cfa42322be0000cf89d8969d1b88ace0ba99cab721dd58d55d41a36e,60.17065,24.93641,000000000f4919c9,11.7
11301,2019-08-04T12:41:24Z,cfc2a688ff31fbb1baac8790fb6d56dc7746ba2cf9e0e5f39d4751a4,60.14699,24.922,00000000a53ed894,7.05
11302,2019-08-04T12:41:24Z,d0413da80c7714f40ffe50dcfb00039280c64ecebc61c59df72965e6,60.149,24.9843,00000000fffb8cf0,17.4
11303,2019-08-04T12:41:24Z,d098b9b5b30c5fcd4ae8a2b8bc761df72829713d3ae919634876d349,60.14699,24.922,00000000a53ed894,9.12
11304,2019-08-04T12:41:24Z,d0aa228c2a3e6e1568e876cffc76874702e0f0f63f18533551bf02c1,60.16075,24.95883,00000000f1124bca,18.79
11305,2019-08-04T12:41:24Z,d0cab2a2660dcc5cb99a9bdf39d2e6b31b7498985db1b50e48cb478d,60.18203,24.91341,00000000342570c2,16.1
11306,2019-08-04T12:41:24Z,d38e88e5b926f9d1de6e326cca45116fcca11f10684c80876739c6cd,60.16075,24.95883,00000000f1124bca,5.41
11307,2019-08-04T12:41:24Z,d3a37aedae39925bda7da8e4f05a61b85904a00f88e8684006c76351,60.16829,24.94214,00000000afef4555,13.75
11308,2019-08-04T12:41:24Z,d87210146aab139cc6640a20b428dce6ac516806a71a177b70e04f62,60.17065,24.93641,000000000f4919c9,7.69
11309,2019-08-04T12:41:24Z,da39249a4e10c706b90f9484ee61aa801eb91dd4b647e1f0fec07afc,60.16762,24.95415,000000006b44cce7,21.87
11310,2019-08-04T12:41:24Z,da667dfa2d8a272a7398e186de027fabd2052052c0aad767a1c7d966,60.16897,24.95222,00000000aa852af1,14.89
11311,2019-08-04T12:41:24Z,daac051ca20430238282e179e0fe525b11ff1e8f1ace26d45b41f331,60.14947,24.91438,000000004ef3150d,5.41
11312,2019-08-04T12:41:24Z,db6993de0692cf79ab1b8e7d86e4b5832d11f57f026a6eb339f977bf,60.14699,24.922,00000000a53ed894,3.4
11313,2019-08-04T12:41:24Z,dc15145376f4a497910c8d2231d671bf62f1918ad93938a48fdc3eb4,60.149,24.9843,00000000fffb8cf0,21.87
11314,2019-08-04T12:41:24Z,dd1278c656b83508f32f0334118ac984d95164034946b33271fd7f25,60.16544,24.95398,0000000038d83d41,27.28
11315,2019-08-04T12:41:24Z,dd5ab917b90cad1fbfd6b6bb0c15be465ca3e33a05d02bd87326c890,60.17002,24.94407,000000006b087f40,17.4
11316,2019-08-04T12:41:24Z,ddd849ee86afceedd5f5582ede84380d5596c9ea304d634ab0fd0de0,60.16829,24.94214,00000000afef4555,2.8
11317,2019-08-04T12:41:24Z,de09fd8d15c3d7adbf440a3d0a418a3b476513c968bda8a4aa652adf,60.173,24.92524,0000000096918cfa,21.87
11318,2019-08-04T12:41:24Z,de0d086ae32f87522eab31d3bc52545ed17b065889674963c0709568,60.16829,24.94214,00000000afef4555,8.38
11319,2019-08-04T12:41:24Z,de3fe5f63e74a582e06c8cb02e6128d6013827015ba3e2fe93082977,60.17002,24.94407,000000006b087f40,29.32
11320,2019-08-04T12:41:24Z,de84f754a3916c8f831b0bb8ea41fc2a42cdea2794558fece3c7ae97,60.1538,24.95595,0000000038bf9618,20.28
11321,2019-08-04T12:41:24Z,e02c0f9f72e9f248a4b5df8af328e1a0132d4d8a72c1e603d14cdacd,60.18203,24.91341,00000000342570c2,14.89
11322,2019-08-04T12:41:24Z,e0df847c19b463dec6cea35494d375ce136a276c6a785936c931f60f,60.18203,24.91341,00000000342570c2,36.27
11323,2019-08-04T12:41:24Z,e1a443e10353da64728464e8a720aaf22a62b80d404f1acae1a1c6ee,60.1538,24.95595,0000000038bf9618,21.87
11324,2019-08-04T12:41:24Z,e23a6115ba872037f9b5066c9c9c966b497f449e32a2c9ceb0e55497,60.16829,24.94214,00000000afef4555,9.92
11325,2019-08-04T12:41:24Z,e341e5e3e0b4fef8c3764508293310da5922b202d791694e43069ad1,60.16544,24.95398,0000000038d83d41,27.28
11326,2019-08-04T12:41:24Z,e34bcebfa007159f3d2adb0e62e20fcf721a221f52bdfe2a6ad77831,60.18203,24.91341,00000000342570c2,18.79
11327,2019-08-04T12:41:24Z,e35717ff07f32be5a2e1520f1855533f8dcc72cff7930c9cba9da32b,60.14947,24.91438,000000004ef3150d,10.78
11328,2019-08-04T12:41:24Z,e3c03ee00a1bcd066f8b260cc5b9824d1118b7b7f972a818752aabc7,60.14947,24.91438,000000004ef3150d,4.94
11329,2019-08-04T12:41:24Z,e40a26f3f7468f4ac2302b45f1ed9aab7fea245ccf81d0c08072c881,60.16829,24.94214,00000000afef4555,9.92
11330,2019-08-04T12:41:24Z,e447e76c7b53157c11d5bfeb172c27332c81b5ec7f263badf5507888,60.149,24.9843,00000000fffb8cf0,11.7
11331,2019-08-04T12:41:24Z,e621e7131322cca25ac9c09fde26ef4c94d2ba83c5679134b2bcf63d,60.16762,24.95415,000000006b44cce7,13.75
11332,2019-08-04T12:41:24Z,e6f7965f2ef456f61121bcce5e466f125192e511c2af72d901307e8e,60.16762,24.95415,000000006b44cce7,14.89
11333,2019-08-04T12:41:24Z,e7cd5f775c7eea951719f351fcc25c710f857832d6f4b70a51b7b82d,60.16897,24.95222,00000000aa852af1,14.89
11334,2019-08-04T12:41:24Z,e826dedac8582e619ce18cd7eed68be5ee1fc9ed37e191e06f916835,60.14947,24.91438,000000004ef3150d,10.78
11335,2019-08-04T12:41:24Z,e84c3cf76509496cedd71bb89c4a6c35a27c96f037412cf2cdf25308,60.14699,24.922,00000000a53ed894,16.1
11336,2019-08-04T12:41:24Z,e9115410fa45db5a174eee008cae729dc69937a0e0b5a304899bf1b9,60.17065,24.93641,000000000f4919c9,20.28
11337,2019-08-04T12:41:24Z,e92eb020afcd7c1fad04690230ff8c2f005e404dd25b8dced1df30dd,60.16075,24.95883,00000000f1124bca,14.89
11338,2019-08-04T12:41:24Z,e95415d461b040c869512659bcc843eedf3267c4b029a0b3fab444aa,60.16829,24.94214,00000000afef4555,27.28
11339,2019-08-04T12:41:24Z,e9e19621fc5cfcfed2c808bbadc6cc6dd31e28d3c04cef8b89ca2729,60.16075,24.95883,00000000f1124bca,20.28
11340,2019-08-04T12:41:24Z,ea157e44ed100be3f782d8b3d8e5e0986079c588c9ea754b14917df0,60.16829,24.94214,00000000afef4555,4.94
11341,2019-08-04T12:41:24Z,ea2f4d9799324f4cd2a6fcda1625b65acdbab9f6b8331c26f63beec2,60.16897,24.95222,00000000aa852af1,23.56
11342,2019-08-04T12:41:24Z,eac6fda3a18aa9ce55b6359f5c62a044e0bcd6bc3576c8cd815acf07,60.14699,24.922,00000000a53ed894,13.75
11343,2019-08-04T12:41:24Z,eb6541383f8b12fc5476e5e2bc406933edfd211f49a1bbb93f323fa0,60.14699,24.922,00000000a53ed894,13.75
11344,2019-08-04T12:41:24Z,ec424a10bcefb6e69c2eabf42534f06e7a10aa0cfb28f6478052cade,60.14699,24.922,00000000a53ed894,6.46
11345,2019-08-04T12:41:24Z,ed79b42b7b79277b944e3800c2bf93fefe5be88fe6d0d2b52a944ea8,60.16762,24.95415,000000006b44cce7,10.78
11346,2019-08-04T12:41:24Z,ef77b04fc57a9781bf581172358ba74cf41e0b2a6ecc8090f99810bf,60.14699,24.922,00000000a53ed894,10.78
11347,2019-08-04T12:41:24Z,efe8b6c6fdf0d2caccd589aaaa4f0228a80590ff9ec7961f2e92103d,60.16762,24.95415,000000006b44cce7,4.94
11348,2019-08-04T12:41:24Z,eff99f303ba37ed36542008434b2d20e50155593bb9fc7bc1dcc4bf3,60.16075,24.95883,00000000f1124bca,12.69
11349,2019-08-04T12:41:24Z,f00fb569fe1448dccb8e92e24b081a3164b59eb117131800780c70a9,60.14699,24.922,00000000a53ed894,16.1
11350,2019-08-04T12:41:24Z,f062cb52d49926a4fb39f723275ed60ab6c0f3bf34e0c3f9d233b7b8,60.14947,24.91438,000000004ef3150d,4.11
11351,2019-08-04T12:41:24Z,f15b72a3aad411d2f8a70b41c4f62ad2d744d064d42ec00c71a18ac5,60.16762,24.95415,000000006b44cce7,10.78
11352,2019-08-04T12:41:24Z,f2deba4ef84dbbc8c5d8524f6e2311183003bce4f9bfa6aef5b5ef66,60.14947,24.91438,000000004ef3150d,13.75
11353,2019-08-04T12:41:24Z,f2e063c8c25a8bec0dd6ec3924a5f59fd9694078f2f3fd5b3ea96f29,60.16762,24.95415,000000006b44cce7,13.75
11354,2019-08-04T12:41:24Z,f366283765028e1454f3cfc564b9f220c9d700bfa8a843746eca3141,60.16897,24.95222,00000000aa852af1,23.56
11355,2019-08-04T12:41:24Z,f39827c3c7f4c833d1118043492f78e3255b6da9f4a2c000041d9b61,60.16829,24.94214,00000000afef4555,2.3
11356,2019-08-04T12:41:24Z,f3ec2366b51157150674e5ab6293bdb19e0b30ca4296fee4c97b811c,60.14699,24.922,00000000a53ed894,17.4
11357,2019-08-04T12:41:24Z,f5f7cfe177dfb0b7ebba2419ae53f70b6b5690dd98d98586004a9107,60.149,24.9843,00000000fffb8cf0,7.69
11358,2019-08-04T12:41:24Z,f796c9efc581b25280d4b416f8ba3aecca6ddf083e7bdad05f6e595e,60.14699,24.922,00000000a53ed894,14.89
11359,2019-08-04T12:41:24Z,f7f0caf73572bea3c08b592eeb9655b2668cfb16fd8840ca5619d84a,60.14699,24.922,00000000a53ed894,4.11
11360,2019-08-04T12:41:24Z,f847ec4111b37a677f1bd2577f778f653309f7b486974fefcf5eb8c9,60.1538,24.95595,0000000038bf9618,36.27
11361,2019-08-04T12:41:24Z,f868d87b5d5a7094b60a131cd3e120c25787ebf751f7c93640b34942,60.16897,24.95222,00000000aa852af1,13.75
11362,2019-08-04T12:41:24Z,fa96854324adae88abb35afa34b2393a20338bfd8fc9602d3ce6ae8d,60.14947,24.91438,000000004ef3150d,9.92
11363,2019-08-04T12:41:24Z,fadc39da3cd26ac621092fbbff224b95bb13446c8d24bbf4f3e50e90,60.14947,24.91438,000000004ef3150d,20.28
11364,2019-08-04T12:41:24Z,fc618d570293e104f3bf927312641e3b7c65acce185b1614337d848c,60.16829,24.94214,00000000afef4555,12.69
11365,2019-08-04T12:41:24Z,fd77161cf9715d9d0f922cf45e79e5d9b9debef5113cb32a4f82ef76,60.16762,24.95415,000000006b44cce7,12.69
11366,2019-08-04T12:41:24Z,fe5ca86c906b1cb3bf9dd257ceefc562e41da499878f1074484f7d42,60.14947,24.91438,000000004ef3150d,12.69
11367,2019-08-04T12:41:24Z,feb399897846bc34dc3f4b06ac4ef0ffb0db885977b88e5c5fdb7350,60.14699,24.922,00000000a53ed894,21.87
11368,2019-08-04T12:41:24Z,ff4f3e0f964f23b97e88626f7a506bb4409718931712c58ce0f247af,60.16762,24.95415,000000006b44cce7,8.38
11369,2019-08-04T12:41:24Z,ff8d5b9e61bd912b13b664db8ef2919e1f515ca3b20ae67f532a5c8a,60.16762,24.95415,000000006b44cce7,16.1
11370,2019-08-04T12:41:25Z,07d86ad98399440d0cc3bd3382a7256feb971e49a3686dc17f532e1c,60.16829,24.94214,00000000afef4555,18.79
11371,2019-08-04T12:41:25Z,14c7e1511b70f4dd3359cbece1377aebb4d70531f5489eefe53d7c3c,60.16544,24.95398,0000000038d83d41,25.36
11372,2019-08-04T12:41:25Z,1599d2c9070a6f05e1a5887c2d9209214c04818c6203fe75440734f2,60.1538,24.95595,0000000038bf9618,23.56
11373,2019-08-04T12:41:25Z,165ebbb4090d47319ae370f0d0854fdc1f6b79499f8b2e4d3c3533c0,60.16544,24.95398,0000000038d83d41,23.56
11374,2019-08-04T12:41:25Z,1e7ea410376fbdb3f3c476c76d23abad5d830690f78f71ea06f7e321,60.16075,24.95883,00000000f1124bca,17.4
11375,2019-08-04T12:41:25Z,1ea5c6ae07ddb2f4c8e07ffc97a13995d20d16a13d121bcce9429a96,60.17002,24.94407,000000006b087f40,21.87
11376,2019-08-04T12:41:25Z,211f6b7b044343d0be369791b3fa3c144d0d0f391e2a42787712efb0,60.16448,24.97323,0000000053c6c2be,13.75
11377,2019-08-04T12:41:25Z,21d09757012e8f7297d1de922f681bcc36581a3d7be770b42b3780a0,60.15432,24.9211,0000000019fb59c4,13.75
11378,2019-08-04T12:41:25Z,25a7ff811c3c06e426c7c2cbb0433d9a2a3399b23afecbd35584ab0f,60.18203,24.91341,00000000342570c2,9.92
11379,2019-08-04T12:41:25Z,2603b5aecd8f219a410e558446935308ecabb09a6c9e5b38533728ff,60.16829,24.94214,00000000afef4555,21.87
11380,2019-08-04T12:41:25Z,2d407793ce0a0290a87debe672b1af2af93c687ca83668e17fb0ce63,60.14947,24.91438,000000004ef3150d,12.69
11381,2019-08-04T12:41:25Z,30e3389e320b91ba0341093af7122d03c3b4b3f11096f7885cd6845b,60.16897,24.95222,00000000aa852af1,36.27
11382,2019-08-04T12:41:25Z,315af4a829b592ba99b203b8ed2cbd499769f8752dfe6de7da4ee929,60.16829,24.94214,00000000afef4555,20.28
11383,2019-08-04T12:41:25Z,3a93902ba6b635489cd6f55b08d93e6fe7a5bc0a86a0b490a88f6d1b,60.16075,24.95883,00000000f1124bca,23.56
11384,2019-08-04T12:41:25Z,3b5cafe90982db26cf737b2e4cd4275276f6a031bca3b2a1f73023b2,60.14699,24.922,00000000a53ed894,10.78
11385,2019-08-04T12:41:25Z,3fe5f4ccfa5c777ceafda0674d7c9da6f509f6694b4c2fa254b32e73,60.16897,24.95222,00000000aa852af1,21.87
11386,2019-08-04T12:41:25Z,3fe84a5a1e657df8910685df3a8cf779a6ebc3362fbc8e578f235ee4,60.15432,24.9211,0000000019fb59c4,7.69
11387,2019-08-04T12:41:25Z,44d0b94469070803869f229601e877beb613c3f5aafa009addf97a1a,60.16544,24.95398,0000000038d83d41,20.28
11388,2019-08-04T12:41:25Z,4656bad9b5e6dfc3977eca308fc1db3dbf8b0204b90d09b001da242e,60.1638,24.96846,00000000d747f075,29.32
11389,2019-08-04T12:41:25Z,55263bbc600bdb3f17f60748d1df6a8056379acdfca074e2b85e1314,60.16829,24.94214,00000000afef4555,31.5
11390,2019-08-04T12:41:25Z,5bbb5184fded3e51bc78e45e39917794285e6bbc72da404802a9599a,60.16531,24.9442,00000000fdda10fe,27.28
11391,2019-08-04T12:41:25Z,5d65719c4cbf045f068d084b72302f447d5fd034413d97d13be00d0e,60.18203,24.91341,00000000342570c2,18.79
11392,2019-08-04T12:41:25Z,5eed115a984d490b02b602d73787aee8dc8c4e9365b77fbff3818a76,60.16629,24.95957,00000000fb7600be,21.87
11393,2019-08-04T12:41:25Z,5fecff186138a9b3e31c6086c33dcd5f1d209e64f0afeed7c688cab0,60.16897,24.95222,00000000aa852af1,31.5
11394,2019-08-04T12:41:25Z,653a92a7828f2c43bc74899753f872e8b93c30b6fb419b651a94bbc1,60.16897,24.95222,00000000aa852af1,14.89
11395,2019-08-04T12:41:25Z,69219e9efa41ae9e732653e9eaf08e1a34cb853a9dafe76ddeea4d04,60.16897,24.95222,00000000aa852af1,25.36
11396,2019-08-04T12:41:25Z,6a70e2fbced719333e21eff04fcb9cb36bae9a04d1a3d6ddd96f2c58,60.15432,24.9211,0000000019fb59c4,9.12
11397,2019-08-04T12:41:25Z,6c8861f56a280e7752e10439271a2498527c69b0796f58de4afc6008,60.16075,24.95883,00000000f1124bca,16.1
11398,2019-08-04T12:41:25Z,6f06341f358e61699fe1e55e986dd0554bc8da28b91daf0c5ad99db6,60.16629,24.95957,00000000fb7600be,18.79
11399,2019-08-04T12:41:25Z,6ff437688c444238352c28f64f9d2a7d0f14d19c9ea42c225380501e,60.16762,24.95415,000000006b44cce7,23.56
11400,2019-08-04T12:41:25Z,70d8572458a1a103555bab897b6443e601e0ed211414b15ad0b56f60,60.16544,24.95398,0000000038d83d41,29.32
11401,2019-08-04T12:41:25Z,737efc92e3419e9d96a8559ec341ea7e18ba6381fd8e4de3d06f82a0,60.14699,24.922,00000000a53ed894,20.28
11402,2019-08-04T12:41:25Z,7678cdb86d454ca9ae52f22d97e635106585a3a046d01da4463695cc,60.18203,24.91341,00000000342570c2,12.69
11403,2019-08-04T12:41:25Z,79f136afa0dd8717337c01c70b457c464aaf0fa25b440f51a394ec23,60.16762,24.95415,000000006b44cce7,12.69
11404,2019-08-04T12:41:25Z,85ef35aecf2ff804be3d958b592705ec41c6df9c128c132c65bb283d,60.16897,24.95222,00000000aa852af1,21.87
11405,2019-08-04T12:41:25Z,87dfaad29a9276ddddb1fa021d3bc23ad14824c1af16f7d87e713689,60.14951,24.92138,0000000006dd41f6,13.75
11406,2019-08-04T12:41:25Z,88808fe92573e9cdf022cc15b9689b6b4b9429f60513c8897b0ba4c7,60.16897,24.95222,00000000aa852af1,14.89
11407,2019-08-04T12:41:25Z,89982a6acf91b79a282a6b63978e946ee205f303fcd20e944e06baf0,60.16544,24.95398,0000000038d83d41,29.32
11408,2019-08-04T12:41:25Z,8c3b1ed0846e38cc84b863a80540c8a75bfd85c8bdda36563d153110,60.16544,24.95398,0000000038d83d41,20.28
11409,2019-08-04T12:41:25Z,8c75c3289c84fe4493e1e272a77b615fe1985880c5dc68a7c1a17b53,60.16762,24.95415,000000006b44cce7,14.89
11410,2019-08-04T12:41:25Z,94c5a69a5ae6e9407c3fa9a6919d99beb3558dd4e6750eb480ddc36f,60.16829,24.94214,00000000afef4555,14.89
11411,2019-08-04T12:41:25Z,9843c6216661048343a0e49cf3d8aa2883cf77f452666a1c873a1052,60.16448,24.97323,0000000053c6c2be,14.89
11412,2019-08-04T12:41:25Z,a23b63dc2df72ba829ea2eabba05dafe724027d59a8f6babf791c1b8,60.16075,24.95883,00000000f1124bca,14.89
11413,2019-08-04T12:41:25Z,a3a21ef15e1883941a7ed2eb6150357ae068aa4b0b6ce6ca0482ea3a,60.14699,24.922,00000000a53ed894,21.87
11414,2019-08-04T12:41:25Z,a8f8130135c784b027355228017bbfe99e5a6eecec153d44b78bedd3,60.16829,24.94214,00000000afef4555,16.1
11415,2019-08-04T12:41:25Z,ac1f182bc34d1a8fcfb83599a514150d931619d2a8289a617eb1c7a0,60.17065,24.93641,000000000f4919c9,38.87
11416,2019-08-04T12:41:25Z,acd2647d413f41552b31b6e383da445c8902bc2a764d2b7791a7b164,60.16762,24.95415,000000006b44cce7,12.69
11417,2019-08-04T12:41:25Z,af807b67ce09a2ce1744025c421961213f1608ca658ece4df69555a1,60.16762,24.95415,000000006b44cce7,10.78
11418,2019-08-04T12:41:25Z,bb98768dad0f7c52cf643f035a3e7e48f5cfe28557c66f2a75914b31,60.14699,24.922,00000000a53ed894,21.87
11419,2019-08-04T12:41:25Z,bcb0201b0a1edf350ae2f681076e7d2d48ebd94c075bd3ca59552020,60.16897,24.95222,00000000aa852af1,12.69
11420,2019-08-04T12:41:25Z,be41ebc5fb0d348fc1ef1166d44251c3112a78a4ea01aa980364ee7c,60.14699,24.922,00000000a53ed894,12.69
11421,2019-08-04T12:41:25Z,c0cdd4e99cf9447e490b5cbd5e7513df9acfcbabb8bd5117c4731512,60.16075,24.95883,00000000f1124bca,17.4
11422,2019-08-04T12:41:25Z,c40c37def6bf11a63a2556519a7c6233fd417cdeea2cf14f28e7c42c,60.16531,24.9442,00000000fdda10fe,29.32
11423,2019-08-04T12:41:25Z,c97eb4181394121907d47b908495f54e5ee5145ff790f7a1dc21b3cf,60.16897,24.95222,00000000aa852af1,16.1
11424,2019-08-04T12:41:25Z,ca6927628f5ddda20036865c9345ad93d476d62ade3b181de568eed6,60.16897,24.95222,00000000aa852af1,23.56
11425,2019-08-04T12:41:25Z,cf05623e4d87ce0906c0b0b7dbf53aacc1228016cd27c341228b6e76,60.18203,24.91341,00000000342570c2,18.79
11426,2019-08-04T12:41:25Z,cfc0bedb78ded52749db3188cb188bf6a250ef5990da9c5afa9623fc,60.14951,24.92138,0000000006dd41f6,20.28
11427,2019-08-04T12:41:25Z,d0a50f3001c258a38880550f6c0835fcaa85f0a6d36687dc5de98f3b,60.16629,24.95957,00000000fb7600be,27.28
11428,2019-08-04T12:41:25Z,d661caec7a5da6aef734734bbf9090debe494c1afd98050f88f269bd,60.16829,24.94214,00000000afef4555,11.7
11429,2019-08-04T12:41:25Z,dcaa88e5d510f572877286b8ba0663428b2d71a50b6630460009c779,60.14947,24.91438,000000004ef3150d,9.92
11430,2019-08-04T12:41:25Z,dcb7e8bb90af70568c12a902d706c70e1ac1213e31ba074756f0a27a,60.1538,24.95595,0000000038bf9618,36.27
11431,2019-08-04T12:41:25Z,ded49640b591e73bff71f84fb99d2739eb6c9554164a015017725e03,60.16829,24.94214,00000000afef4555,16.1
11432,2019-08-04T12:41:25Z,e8e366e76c97944e23c0f80b4fd3ce6e5832744922297146a49f0c7e,60.16762,24.95415,000000006b44cce7,9.92
11433,2019-08-04T12:41:25Z,e96bd269a48b822b06141c3362fcb6d5ed4d0d09a120f2e4a712d5c2,60.16897,24.95222,00000000aa852af1,14.89
11434,2019-08-04T12:41:25Z,eee5797db5c3753514933a12e2485caee4ee5803b4d830ba1c22e5c5,60.14947,24.91438,000000004ef3150d,17.4
11435,2019-08-04T12:41:25Z,f088630d7476dae7d4b7e2bb1f10575f2c89acb4b6e061f3d57c2b40,60.16531,24.9442,00000000fdda10fe,23.56
11436,2019-08-04T12:41:25Z,f237103f284dc6c51c64f9728c4f56e0c855dbb1bf8c4165758c3ef0,60.16897,24.95222,00000000aa852af1,18.79
11437,2019-08-04T12:41:25Z,f29ea15113ac0eea0be8ec41c633909de4b0b9ab6c7b9898b128080c,60.16897,24.95222,00000000aa852af1,17.4
11438,2019-08-04T12:41:25Z,f6609ab1076b1105bb845595a03b41b8fbb282f79c337df5bbc9f841,60.14699,24.922,00000000a53ed894,10.78
11439,2019-08-04T12:41:25Z,fc4f3a44235f1cfc7b53f14ba2da599976a5a0a220d23b852688e485,60.17919,24.95181,000000007b5207b6,18.79
11440,2019-08-04T12:41:25Z,009ad4cd2bd97e04da44cc9789e6bdbdb899eded61d05b7d5634b7be,60.16829,24.94214,00000000afef4555,8.38
11441,2019-08-04T12:41:25Z,00a07b1f8113691d8475c54082a14cdd54decf9845a90e75df8031a6,60.17065,24.93641,000000000f4919c9,21.87
11442,2019-08-04T12:41:25Z,00bdb07c0f4f75c71196362c269c9f652c66cf7d3f3c2d89843af063,60.16629,24.95957,00000000fb7600be,23.56
11443,2019-08-04T12:41:25Z,017a141d3e3811f35ced343c0b6d13a99f60c79d17afffa0cf0dd3b9,60.14699,24.922,00000000a53ed894,17.4
11444,2019-08-04T12:41:25Z,02978cd5cb7127a718d3d775079ab940a3e81885ce6106495cca5ee4,60.1538,24.95595,0000000038bf9618,17.4
11445,2019-08-04T12:41:25Z,02a0c11101d94209b1945b117fe2f6c2e93cec0c5c8eb0d847b655cf,60.16531,24.9442,00000000fdda10fe,31.5
11446,2019-08-04T12:41:25Z,036c183505fea646b54aeb0c612913cafba94eca65e47d3c6d840a68,60.17918,24.95141,00000000675d5200,18.79
11447,2019-08-04T12:41:25Z,038e7f3d1d9babcdb48b63ff8e3e1ac732b3c29f665dc7d9a1819abc,60.14699,24.922,00000000a53ed894,21.87
11448,2019-08-04T12:41:25Z,0479a26a59d65bf1dee05c06f4227a0ba63a6e9c9a09e7c34f2e06b4,60.14699,24.922,00000000a53ed894,6.46
11449,2019-08-04T12:41:25Z,04b49a34910d12f55243dd5a756c7cc1e506e5d3cdb418cc635e9ad9,60.16762,24.95415,000000006b44cce7,13.75
11450,2019-08-04T12:41:25Z,04b5d29c48edaaf4904a98e412562e3c0d857eb20342cc7c323d4293,60.16762,24.95415,000000006b44cce7,6.46
11451,2019-08-04T12:41:25Z,05d441c83d2df822feaf93d7861452db7a201f22d84cfa36f421dfd2,60.16544,24.95398,0000000038d83d41,18.79
11452,2019-08-04T12:41:25Z,07444c376c2a48ed91a2f5462cab887c00378edb4175ee969deb207e,60.18203,24.91341,00000000342570c2,23.56
11453,2019-08-04T12:41:25Z,076c28c1895ef1919c11113113c12655c546fc90a00800e5ebec5b56,60.14699,24.922,00000000a53ed894,16.1
11454,2019-08-04T12:41:25Z,082bb64252a111bbbb2b4087bd115d2c38ac4660a73c922c72425120,60.16762,24.95415,000000006b44cce7,20.28
11455,2019-08-04T12:41:25Z,0851ab74be2e888decf0046825f09ed302f7b2275e72b09b5b713d85,60.16829,24.94214,00000000afef4555,8.38
11456,2019-08-04T12:41:25Z,0a0acb70a8ef92be52a64d4425e70bb2f7a17d13942c3382c9d68878,60.149,24.9843,00000000fffb8cf0,3.4
11457,2019-08-04T12:41:25Z,0a5ed50daf13dd10744537aa851ac7ab1d34d9797ec6ab6e2402aebb,60.16762,24.95415,000000006b44cce7,4.5
11458,2019-08-04T12:41:25Z,0aabf0df4c3c5b45bb8950c92dbe624985f19e8650ed61f92571a65a,60.14699,24.922,00000000a53ed894,8.38
11459,2019-08-04T12:41:25Z,0b0dd9af9d52c68ff71ce266d6707abbb0f56c3c63be0f83f7b5df9b,60.16762,24.95415,000000006b44cce7,9.12
11460,2019-08-04T12:41:25Z,0c905239b8c0e14cba671cf4d4d715d1045a30ee62a6285fb489dbb0,60.16829,24.94214,00000000afef4555,5.41
11461,2019-08-04T12:41:25Z,0edfab64a80649c1b0b39aec3f774c4eab39a95d487fb651e1dc3329,60.16762,24.95415,000000006b44cce7,25.36
11462,2019-08-04T12:41:25Z,10a99e791e27975dc1c9d73d3163cabacf3bd7bd05a4f7abf6365426,60.14699,24.922,00000000a53ed894,13.75
11463,2019-08-04T12:41:25Z,10caaea8002e8b3b342b32710efdd7305ff375ca1cdc01411f66b2f6,60.14699,24.922,00000000a53ed894,9.92
11464,2019-08-04T12:41:25Z,119268a2b328b466959e99158efc17d07641daf2eab0785f813707f9,60.16762,24.95415,000000006b44cce7,11.7
11465,2019-08-04T12:41:25Z,120a63917cb5ab619bf9a71328f14020736ee84e75d5b37278748def,60.16897,24.95222,00000000aa852af1,12.69
11466,2019-08-04T12:41:25Z,1240f5fbc405049e174fb4ad534e104eeddab72ae2aec4e434e7a36c,60.16897,24.95222,00000000aa852af1,21.87
11467,2019-08-04T12:41:25Z,13bcedb8c59b26417282929d81844b272c7c5bc295614f531219a8e4,60.14947,24.91438,000000004ef3150d,16.1
11468,2019-08-04T12:41:25Z,13ee67fb034e3d24edc9a9618e9d6de24979ebbcb399f83abb02a897,60.14699,24.922,00000000a53ed894,5.41
11469,2019-08-04T12:41:25Z,1423891c6ee1edc7da83904378a35aef2e5797db95b117651d676934,60.16762,24.95415,000000006b44cce7,7.69
11470,2019-08-04T12:41:25Z,1515fbb735095b233eea332bf40cff9995758e9bd0ad60218875554b,60.14699,24.922,00000000a53ed894,14.89
11471,2019-08-04T12:41:25Z,15ee12e5f9be00a79b0cbbc9912f51cbfa3e486624567e1bde938fb6,60.1538,24.95595,0000000038bf9618,17.4
11472,2019-08-04T12:41:25Z,161aa798c2a18e132fb27ecded773218ea4e42eabbd0e5794b1d7017,60.15432,24.9211,0000000019fb59c4,27.28
11473,2019-08-04T12:41:25Z,1769031b7f4d75de0541e26427b9ecc92c84b80992e3b36bb8eb799e,60.16829,24.94214,00000000afef4555,4.94
11474,2019-08-04T12:41:25Z,1a93dfa31156cee53b4bd527d8b74655a5da812b6933d8a86d871e47,60.14947,24.91438,000000004ef3150d,7.05
11475,2019-08-04T12:41:25Z,1aacd77e1fdbe1544cf1ab29a00642d77ce4a075e388e8a2108aa39b,60.16829,24.94214,00000000afef4555,18.79
11476,2019-08-04T12:41:25Z,1ad0b84716a79851fa8db7a993012f0c8e496d6cba9d028a546285a2,60.16897,24.95222,00000000aa852af1,11.7
11477,2019-08-04T12:41:25Z,1b3fba902b8d1538b508cdc228fd15fdd87f5aecb68e5611b1a4e354,60.16762,24.95415,000000006b44cce7,6.46
11478,2019-08-04T12:41:25Z,1bcef866fafad7c7460a084e0b0d27c087b549f4ae704390708be47e,60.149,24.9843,00000000fffb8cf0,16.1
11479,2019-08-04T12:41:25Z,1c669457535e4635f732c228ec524f9d2c440b0d2132fa1acd93122a,60.16897,24.95222,00000000aa852af1,23.56
11480,2019-08-04T12:41:25Z,1c7ccd5d6570d98e57ef2ebbd716b7504b138f9bb616fbeaa0d1a268,60.14699,24.922,00000000a53ed894,3.74
11481,2019-08-04T12:41:25Z,1dacfb371d75dd4f90f447aac2a00faad98beb4188a6971c19eb2375,60.16629,24.95957,00000000fb7600be,23.56
11482,2019-08-04T12:41:25Z,1e24a2120b13c780dbb3a67a73f5058d1847f126fd5f5952e6dddcd3,60.16075,24.95883,00000000f1124bca,14.89
11483,2019-08-04T12:41:25Z,1e63d2090b520af23ca3d2c9a05047dc0b0c63f7471b86e9d9f3e7cc,60.16629,24.95957,00000000fb7600be,14.89
11484,2019-08-04T12:41:25Z,1f74037ecab4dbdc5db1a8dc8b583a86630f86a5f2d0a5167b7fa605,60.18203,24.91341,00000000342570c2,31.5
11485,2019-08-04T12:41:25Z,1f81ed7274add201d3059d4a37e2bbe86b6ae1f0fd42a16d7b8dccaa,60.14699,24.922,00000000a53ed894,7.05
11486,2019-08-04T12:41:25Z,1faaaeff6423708e06d94b904af4be93e399939fbdfd3b3091dc8bd2,60.15432,24.9211,0000000019fb59c4,21.87
11487,2019-08-04T12:41:25Z,203a0c145a43c9a18f8c2a5ba4e18882e7430662bb4ac0e56ab37578,60.17065,24.93641,000000000f4919c9,12.69
11488,2019-08-04T12:41:25Z,203ea7cefd45873084263df2b0f41ad7b2e8878222fb6a53c263c534,60.16829,24.94214,00000000afef4555,25.36
11489,2019-08-04T12:41:25Z,20ac7b2ace7c0038aa8df01b9281a9c54f1551fc8ab9b662b1f1ca22,60.18203,24.91341,00000000342570c2,17.4
11490,2019-08-04T12:41:25Z,21bdc11bb63fb48c9d4b5308540ee5df579c9a385001a10fceeeedf3,60.14699,24.922,00000000a53ed894,12.69
11491,2019-08-04T12:41:25Z,21eed3ade733687b8f56fade8290819b7c6b4a9f38468979fe692c3e,60.16762,24.95415,000000006b44cce7,5.41
11492,2019-08-04T12:41:25Z,2204ba387d2db0e7d2ca03f7ace46abff8d141668b73c75a1879d7ba,60.14947,24.91438,000000004ef3150d,9.92
11493,2019-08-04T12:41:25Z,2271cbccbcce28d3d0757d9a964f67df1a523b81d97355dc543dd848,60.16897,24.95222,00000000aa852af1,8.38
11494,2019-08-04T12:41:25Z,22fe9a06fba1036e8eafd726bc450095b1893be067f475e1882bb704,60.14699,24.922,00000000a53ed894,9.12
11495,2019-08-04T12:41:25Z,231026899a6d5b326cb5b1e38b182ca1acb77c7e27bc2378973b29db,60.16629,24.95957,00000000fb7600be,10.78
11496,2019-08-04T12:41:25Z,23337c2812924a07e4f0bbc92e56d1f85ea40208b6b987f4afc686cf,60.16897,24.95222,00000000aa852af1,14.89
11497,2019-08-04T12:41:25Z,247f8b2fe544f61677fce4b7f300f6be0c3fa9f5a9f057cc0a4b2111,60.16762,24.95415,000000006b44cce7,20.28
11498,2019-08-04T12:41:25Z,250f7cf6c6d1296e84c45fb8621a0704eb5243471980b5187dc40cdd,60.14699,24.922,00000000a53ed894,16.1
11499,2019-08-04T12:41:25Z,257206d3f59df5c426a9c735f4741cba6d792de1cbafe62289d383d7,60.16897,24.95222,00000000aa852af1,13.75
11500,2019-08-04T12:41:25Z,2607d1b2fc6e31a80348fffbed68a7d3a8e0212f197f2d1c573c587b,60.14947,24.91438,000000004ef3150d,2.3
11501,2019-08-04T12:41:25Z,26446b74d2d7b573cafeb665dbef395a1091dfa51b51cdf114690e72,60.14699,24.922,00000000a53ed894,23.56
11502,2019-08-04T12:41:25Z,267b66cc2e81a226d253a8f3228a4b45e1fabb634bba60fd0cc21a8d,60.14699,24.922,00000000a53ed894,16.1
11503,2019-08-04T12:41:25Z,269124e75b1e74a7c7dc93b778e02f04d0a53e069a90081c0938ee4c,60.14699,24.922,00000000a53ed894,20.28
11504,2019-08-04T12:41:25Z,27d4452dcae7c8e389fc21669cb3ccaedac87d45d4b1a50131c939e4,60.16762,24.95415,000000006b44cce7,4.94
11505,2019-08-04T12:41:25Z,28b43564f7156b67db7cb7b779e948986d7610f921490f9030379704,60.16897,24.95222,00000000aa852af1,8.38
11506,2019-08-04T12:41:25Z,28d2c3282e9f8fec67baec7992dcd800c45b67071e33cb118905a6b3,60.16829,24.94214,00000000afef4555,3.09
11507,2019-08-04T12:41:25Z,2969cdb120f2d285c556abfe5bac2f8090571f61aba227a474a534d2,60.17065,24.93641,000000000f4919c9,2.08
11508,2019-08-04T12:41:25Z,29a1ee6c0907a00ec6b6dcbb187f5c31d1a11b261aabd339210ee013,60.16897,24.95222,00000000aa852af1,7.69
11509,2019-08-04T12:41:25Z,2a47bdc66249162a9588347a6cbe7895fe798bb25c1194cd69fb1e8b,60.14699,24.922,00000000a53ed894,16.1
11510,2019-08-04T12:41:25Z,2e86f9a432e00fa6ff5b8744ffecbe22a02b4316779bc8b4078af2e2,60.149,24.9843,00000000fffb8cf0,38.87
11511,2019-08-04T12:41:25Z,2ee2e108ed9051b1ccf4d3ee89931dfd53170af0b558fa6579b83e8d,60.15432,24.9211,0000000019fb59c4,11.7
11512,2019-08-04T12:41:25Z,2f08dbfbbe5577f04ea9826f72d5452ddf5fd9bb892769382ea5a4ca,60.16762,24.95415,000000006b44cce7,9.92
11513,2019-08-04T12:41:25Z,30c55d5011d0f6c901437a130dbe2653c7ae0cceee3b0a242394152c,60.14947,24.91438,000000004ef3150d,9.12
11514,2019-08-04T12:41:25Z,32708990f2c831e65f70f2682baf5188fc93348b9a9e78ada8db2bf4,60.14947,24.91438,000000004ef3150d,3.4
11515,2019-08-04T12:41:25Z,32f77f5019e5fce30881c214487361e2e34b8c93277f6e546de72012,60.1638,24.96846,00000000d747f075,31.5
11516,2019-08-04T12:41:25Z,33ec502792a84f23fed03cf16e483d153c65e2850a2549f47034726a,60.16762,24.95415,000000006b44cce7,4.5
11517,2019-08-04T12:41:25Z,3459042c03cbb672a039f7f14a6b99b84f839b0598f9e48bf4dd95f5,60.14699,24.922,00000000a53ed894,14.89
11518,2019-08-04T12:41:25Z,349dd839e41cff363cc4b935496e52b93be15233e508aa82987859bd,60.16075,24.95883,00000000f1124bca,9.92
11519,2019-08-04T12:41:25Z,34f282042837e6b8407c31fd6c880bdbb7071c56d76c4b6e5ba78819,60.14947,24.91438,000000004ef3150d,11.7
11520,2019-08-04T12:41:25Z,34fddf0f4ea194b9720451d11a9de76225577536681d4f4b0a00b860,60.16829,24.94214,00000000afef4555,11.7
11521,2019-08-04T12:41:25Z,358d7986d5bf2a0624fb1412a157b3c7b12f90653457e15a76bbdf50,60.16629,24.95957,00000000fb7600be,20.28
11522,2019-08-04T12:41:25Z,35a958343879c000cfc3f0c01afbc7d54934265828677bf4aefef84f,60.14699,24.922,00000000a53ed894,9.92
11523,2019-08-04T12:41:25Z,35e6e075578d7a51e510bf8904bde33f1d117264eea0917db98d4808,60.16897,24.95222,00000000aa852af1,7.69
11524,2019-08-04T12:41:25Z,36f876050503d244f74f3cbadcef716904eb2b245190d474b0cfa794,60.16762,24.95415,000000006b44cce7,20.28
11525,2019-08-04T12:41:25Z,3721331dbb97151d17938ed835ffc7208eba26fba6100c62870a3a4f,60.14947,24.91438,000000004ef3150d,4.11
11526,2019-08-04T12:41:25Z,37945fa4e7409fab98aa8bde45081f5bd083def0059485274ad552c0,60.17919,24.95181,000000007b5207b6,13.75
11527,2019-08-04T12:41:25Z,37b4192b51c9589b8791bc2e9f830dd541c0e77fd03e7a85a51b68e5,60.16544,24.95398,0000000038d83d41,31.5
11528,2019-08-04T12:41:25Z,39310ebca1ad756aa2bfcb16c912cb7003ef3e7286a1f037603ade61,60.14699,24.922,00000000a53ed894,17.4
11529,2019-08-04T12:41:25Z,39384affce73de5534e6b28e6757781ad6130ef205ee585f3c64b58e,60.14951,24.92138,0000000006dd41f6,16.1
11530,2019-08-04T12:41:25Z,395c2fb9c5868607d4c5972103e399bc99c9aef007c21439142a217e,60.17002,24.94407,000000006b087f40,16.1
11531,2019-08-04T12:41:25Z,3a6ce73ea4c03a14fc0d3d099e4698d3c1051a2e8e4bd552d5de394d,60.14947,24.91438,000000004ef3150d,10.78
11532,2019-08-04T12:41:25Z,3af48668fcfc51b261558246e08ae2f7f3bb9d4252e908e38c9db003,60.14699,24.922,00000000a53ed894,21.87
11533,2019-08-04T12:41:25Z,3b73bf57d223bcb9b930ee8619e6603e52485b221389c64d85614baf,60.16897,24.95222,00000000aa852af1,21.87
11534,2019-08-04T12:41:25Z,3c21ef81eb62764c543cc53a1eb793a317f3443dd4838799b2dbd6ff,60.16629,24.95957,00000000fb7600be,20.28
11535,2019-08-04T12:41:25Z,3c545ca8c42e2a9a876f2500f6aee220e5fe1c178dd132136643754b,60.16762,24.95415,000000006b44cce7,16.1
11536,2019-08-04T12:41:25Z,3e4965f1ed580ddf80246b1b78cbc55b73c11d67573d9cede2a7ccf7,60.16829,24.94214,00000000afef4555,12.69
11537,2019-08-04T12:41:25Z,3f395809cdaaaa1688c7d1cc770079bbf7ef1349e148bec5c8eacd57,60.16762,24.95415,000000006b44cce7,10.78
11538,2019-08-04T12:41:25Z,3ffe89aa6ab1e57883e21fa8f15969f46a5f487bccb2b993eadb3cfb,60.14699,24.922,00000000a53ed894,6.46
11539,2019-08-04T12:41:25Z,403f209e525e5159d33b2056ebebcfa95ff94baf8ae3d9b3442c3090,60.14699,24.922,00000000a53ed894,11.7
11540,2019-08-04T12:41:25Z,409be16c4d34b9e76ac22ea0e8e282da3e9d169fe77ff5ea52a72883,60.14699,24.922,00000000a53ed894,17.4
11541,2019-08-04T12:41:25Z,412dc285b5d97952ce14530cd94457e6394f0b393a1087487d2f36d3,60.17002,24.94407,000000006b087f40,29.32
11542,2019-08-04T12:41:25Z,429295e322e9f143f79e9a6340e4974858aa9aa2f5ed6e8512dd00cd,60.14699,24.922,00000000a53ed894,13.75
11543,2019-08-04T12:41:25Z,429363aca20efd1e564b3ac367b9eb4702cce1afbe6a22dccb543a7f,60.16075,24.95883,00000000f1124bca,25.36
11544,2019-08-04T12:41:25Z,42d4eb6044091814f327d0b01dc9ae701506417af1a8ab7f4161650d,60.14951,24.92138,0000000006dd41f6,21.87
11545,2019-08-04T12:41:25Z,436df7106ce19510536cf507d8939633784f67da2f872970e0d3ba43,60.16829,24.94214,00000000afef4555,13.75
11546,2019-08-04T12:41:25Z,447f951c07ece4b9f8a41fed54b5911f4f8033b69f5a62bfd0cf1d97,60.14699,24.922,00000000a53ed894,10.78
11547,2019-08-04T12:41:25Z,44ee4877f05a1899b74ab22ee21cbc370614784087484c772d02aa92,60.16629,24.95957,00000000fb7600be,29.32
11548,2019-08-04T12:41:25Z,457d11209b95b153efb57d8f2641f2db0823e91a0d608fa0555a5b69,60.14699,24.922,00000000a53ed894,16.1
11549,2019-08-04T12:41:25Z,47b8aba771bed6ec3a7d57932c44fe859bcf6300054b3acc9d885105,60.14947,24.91438,000000004ef3150d,11.7
11550,2019-08-04T12:41:25Z,47bc9ff9097f9ef5f1862e48b4a42f6a9ddd30c4ef2b6eb43291a7a5,60.14699,24.922,00000000a53ed894,11.7
11551,2019-08-04T12:41:25Z,47cde44e4ddbf6c70162fa882eee962e7c3e2a037b650294ec46568f,60.14947,24.91438,000000004ef3150d,21.87
11552,2019-08-04T12:41:25Z,48f665ebb1a71b0d84fc02bd71918c5ab5608328db534639cbd2a255,60.14947,24.91438,000000004ef3150d,5.91
11553,2019-08-04T12:41:25Z,4926fec57d2640e18cb9d46deb64eba0255ca71b93116f4ae21e4288,60.16829,24.94214,00000000afef4555,12.69
11554,2019-08-04T12:41:25Z,4b1050cc517631e36206d3528399c0b14748daec8c7d1b5dfa412299,60.15432,24.9211,0000000019fb59c4,3.74
11555,2019-08-04T12:41:25Z,4b85388cdaec2b4c15b546160ee326d9668a5e5d3c7b08d0c539946e,60.17919,24.95181,000000007b5207b6,13.75
11556,2019-08-04T12:41:25Z,4be50f3eb033f3f46e3069049c8e0a34dc8a2607741c1764369ba4c2,60.16762,24.95415,000000006b44cce7,5.91
11557,2019-08-04T12:41:25Z,4d35f03f4cb1cd21fbb173af8af5be5e233c63882fda53232da315f0,60.14699,24.922,00000000a53ed894,12.69
11558,2019-08-04T12:41:25Z,4ebdb6165c5d4892cdc21711313b98b1545bececfb886192c6f0ef22,60.16762,24.95415,000000006b44cce7,6.46
11559,2019-08-04T12:41:25Z,4efc969b8b738c051c221bf9d7829089b44cec23dd378fd86e7fb8be,60.173,24.92524,0000000096918cfa,29.32
11560,2019-08-04T12:41:25Z,4f4940c5c77737c5b8f2fbd5a1b65886ea5f6e0e4fcd50447e11ce21,60.16075,24.95883,00000000f1124bca,20.28
11561,2019-08-04T12:41:25Z,50e21d119f102cee2afe3ac7f1a32032527638769b05aca582d6ecb1,60.16762,24.95415,000000006b44cce7,10.78
11562,2019-08-04T12:41:25Z,514a3981fad6c695ac4940f09374b5d1c2e84d2ca835084ef8707714,60.16075,24.95883,00000000f1124bca,23.56
11563,2019-08-04T12:41:25Z,51b3c7870a399165f0d1d14f7d21688df32b0360f9cc6f3ca61890d8,60.16829,24.94214,00000000afef4555,4.94
11564,2019-08-04T12:41:25Z,52072bd384eaaf4a6958af5510ed039d194dee47f34667bc7bccbe0e,60.14699,24.922,00000000a53ed894,7.69
11565,2019-08-04T12:41:25Z,5263c8fd413ee308494f18228802330e278acc648b425bb454951db5,60.16075,24.95883,00000000f1124bca,23.56
11566,2019-08-04T12:41:25Z,5274280f7558ea562d9ce825000efc025d2de6b91c62614cb68df2b1,60.14947,24.91438,000000004ef3150d,10.78
11567,2019-08-04T12:41:25Z,52939581c6c8dd3407dbf44ea9e90471e4bbadfb7e3740a0ba8324f3,60.14699,24.922,00000000a53ed894,9.12
11568,2019-08-04T12:41:25Z,52f0e69ca7a5cebe604c1f32308dc7f8870d1d85cd4b25ad17f706e9,60.14699,24.922,00000000a53ed894,4.11
11569,2019-08-04T12:41:25Z,53263c2a4d1fc6edb42de24a91c19cc8d0050f1e61b0ddd97cf45bba,60.17002,24.94407,000000006b087f40,27.28
11570,2019-08-04T12:41:25Z,54065d53a62079540c4be1e19eafa5dd581e8ec35da0c31844438e0b,60.149,24.9843,00000000fffb8cf0,23.56
11571,2019-08-04T12:41:25Z,552e7d20be831c5ebfa503ba78ed542d6ece4ecad264308d5dc37a31,60.14699,24.922,00000000a53ed894,12.69
11572,2019-08-04T12:41:25Z,5554305bad43a71cf98d83e92708c7474c1efc189392c1ea94231e9c,60.16531,24.9442,00000000fdda10fe,2.3
11573,2019-08-04T12:41:25Z,56b8eace741e5227a40ea0a64601a737648080c63d6240b0dca632c4,60.16075,24.95883,00000000f1124bca,11.7
11574,2019-08-04T12:41:25Z,570dc61d53aec66ede39dfde66339640878453afc00cd1a55c60bca7,60.16544,24.95398,0000000038d83d41,20.28
11575,2019-08-04T12:41:25Z,571934189bf349efb6f596e76c21612cf9b82ed44913090169936048,60.17065,24.93641,000000000f4919c9,10.78
11576,2019-08-04T12:41:25Z,571e65d939060a58396de22fc44d8842fc9de986824670ad765ec596,60.16762,24.95415,000000006b44cce7,21.87
11577,2019-08-04T12:41:25Z,57bb8beeec6904b9a5cfe83c4ff9a80e63157780137f03de2a4152d3,60.16762,24.95415,000000006b44cce7,17.4
11578,2019-08-04T12:41:25Z,583a35aa08fe45f96deb91a9f4b9317e86eddeee0d636cc11b3e2df8,60.16762,24.95415,000000006b44cce7,8.38
11579,2019-08-04T12:41:25Z,58411163d307bb308f9c94a9720e9ce5ab0ce4f5617cd2b1fcc2037a,60.16762,24.95415,000000006b44cce7,12.69
11580,2019-08-04T12:41:25Z,584cb0b0cdd14e608c8b57c8aecc9826f9b40027e365e2438a444ea2,60.16762,24.95415,000000006b44cce7,17.4
11581,2019-08-04T12:41:25Z,59b01cbdec8ff06fa6d50bac00c3f5f4c45132fc8a62800c08df5d6a,60.16629,24.95957,00000000fb7600be,29.32
11582,2019-08-04T12:41:25Z,5ae2070870c9dfbf35ba1d5d46239aa32753b4fffa2fed3f378f5e8c,60.16544,24.95398,0000000038d83d41,23.56
11583,2019-08-04T12:41:25Z,5b102c62b98f29bd801e4dd0e9ddbc113db3faa38d59990b9ba5e9ec,60.173,24.92524,0000000096918cfa,21.87
11584,2019-08-04T12:41:25Z,5c160268bc9b4b619181ce421d9e58c258e6b59a342945fc29f0004b,60.14947,24.91438,000000004ef3150d,11.7
11585,2019-08-04T12:41:25Z,5cd5117066c75a1cb83d3896a7eba3f3472e133f0013ea7d4e95daaa,60.14699,24.922,00000000a53ed894,4.5
11586,2019-08-04T12:41:25Z,5d70086d53447ee393249cef33c7bae814c1d7c2e3055fc91b38786c,60.17919,24.95181,000000007b5207b6,9.12
11587,2019-08-04T12:41:25Z,5e53be1d47b3cceeb6ea9406c75327379c8ee8abc68da605b7758e85,60.14947,24.91438,000000004ef3150d,11.7
11588,2019-08-04T12:41:25Z,5e7916ca910b02abf2d19906759663c23db63950a353fa546f55c8af,60.14699,24.922,00000000a53ed894,9.92
11589,2019-08-04T12:41:25Z,5ea49ba4de68e03664ec3a87f5de32434d7136b4f8323f022ff9df5b,60.16829,24.94214,00000000afef4555,14.89
11590,2019-08-04T12:41:25Z,604a02f00cf5d2e059c26ee48a07cd30e608c4b00f17f447c028da58,60.16762,24.95415,000000006b44cce7,14.89
11591,2019-08-04T12:41:25Z,60d5c11436b72dd4eb673f606bddc3f8f36675342cba015b9297155f,60.16448,24.97323,0000000053c6c2be,25.36
11592,2019-08-04T12:41:25Z,614ab7fba7255f6bf6f888e9a04d589962f756b3f427e658f10014f2,60.16075,24.95883,00000000f1124bca,6.46
11593,2019-08-04T12:41:25Z,6187e3415bcea985be770b4a90f3ed56fbfff1aa331759d34ccbd4ee,60.16897,24.95222,00000000aa852af1,25.36
11594,2019-08-04T12:41:25Z,62a6fe2d9b3b5b4533c51253f8842428bd797b3c6a95a7816ec472ed,60.14947,24.91438,000000004ef3150d,5.41
11595,2019-08-04T12:41:25Z,63d99db5b2b7360c501446ea5e89feba9bd1c6735a7670039916f2ad,60.1538,24.95595,0000000038bf9618,25.36
11596,2019-08-04T12:41:25Z,63defb71d4c3856253a0a2d67a5c370b91ad0527703b334a63fe5344,60.14947,24.91438,000000004ef3150d,10.78
11597,2019-08-04T12:41:25Z,643ef3f01a51bea3c4510d4060a945cd510e5189236d68f5c9489034,60.16829,24.94214,00000000afef4555,3.74
11598,2019-08-04T12:41:25Z,64638a9f9e6c9b32fc4b484b55e4934fcab6cb04605cc76d5f5534b7,60.17065,24.93641,000000000f4919c9,14.89
11599,2019-08-04T12:41:25Z,64d86288e491374eed34c68c82763c2e5dbc87113cf5ca44f23233ba,60.16829,24.94214,00000000afef4555,13.75
11600,2019-08-04T12:41:25Z,64e34af775b57908b23056a31d60ef3b005941f2e7c3db0c49df675d,60.17065,24.93641,000000000f4919c9,4.11
11601,2019-08-04T12:41:25Z,6503762f2cac51cc2b74da1efa6b16583ed11c9a528d7716b7829c0b,60.16829,24.94214,00000000afef4555,27.28
11602,2019-08-04T12:41:25Z,6525cc634176c25187e68e0d067bcfecfd78e399e93db4ee9d408b7e,60.17919,24.95181,000000007b5207b6,27.28
11603,2019-08-04T12:41:25Z,655204cb507ea9ae811105cdcd766161facaa9f729017a333f102391,60.149,24.9843,00000000fffb8cf0,11.7
11604,2019-08-04T12:41:25Z,65a5f0d3b8506f1c6e2e644cdfbec8505edd87af06914a125ac32d29,60.16762,24.95415,000000006b44cce7,17.4
11605,2019-08-04T12:41:25Z,65de3b8621fadfc61e9d3657dc477ea9867f9d093f80cf0857dcad88,60.16762,24.95415,000000006b44cce7,7.05
11606,2019-08-04T12:41:25Z,6723bebaab92d1a9f8b4318fd4f497a6dec6d7f8e0eafca443925213,60.16075,24.95883,00000000f1124bca,13.75
11607,2019-08-04T12:41:25Z,67591d427f60ba3c369ac0d78088fca7be33081501508d16401dd6cb,60.16762,24.95415,000000006b44cce7,3.4
11608,2019-08-04T12:41:25Z,6774ed72eaf69d7c4aaeeef90990f969954155bbcc52652e75e7deef,60.16829,24.94214,00000000afef4555,7.05
11609,2019-08-04T12:41:25Z,677c53ae4056d6cb123ca576ba5284664b1c7e3e88818bd19b5dd99a,60.17919,24.95181,000000007b5207b6,27.28
11610,2019-08-04T12:41:25Z,6875e3632a29207e29ded33617e66d55de5d8c7804fecedd6f1dfe12,60.14699,24.922,00000000a53ed894,4.5
11611,2019-08-04T12:41:25Z,698b200b63a644828a7314691a16af2af1bccef75d52abb5591a5542,60.14699,24.922,00000000a53ed894,4.11
11612,2019-08-04T12:41:25Z,69f1de5049f5731749defe893b8ae9ada4f5f788a994b8f7413ef657,60.17002,24.94407,000000006b087f40,17.4
11613,2019-08-04T12:41:25Z,6b97071051ccf5db7e5ebee033d4f68d58ed6917ff2fac5b205a6605,60.17065,24.93641,000000000f4919c9,11.7
11614,2019-08-04T12:41:25Z,6c7e018abdf8462af7c7b003bc30f915184f7082e9e865a2c502eed5,60.14699,24.922,00000000a53ed894,12.69
11615,2019-08-04T12:41:25Z,6f3dd17e40daabb4efe868f1b859dc00ecc01846f0a0e2b8db5d1413,60.17919,24.95181,000000007b5207b6,16.1
11616,2019-08-04T12:41:25Z,6fdf4cfc3a0774e204869ab43ef69c6306cc40c0fd8bbb0f8b505e3a,60.16829,24.94214,00000000afef4555,23.56
11617,2019-08-04T12:41:25Z,6ff93560ca77c6e5a25bc7441cf33cf7fa0138b3da4d99b2dbf5531b,60.14947,24.91438,000000004ef3150d,9.12
11618,2019-08-04T12:41:25Z,70c56152af84cf1bad4d19b0cb31202232b4cd4320ce5ea48895e42b,60.14947,24.91438,000000004ef3150d,16.1
11619,2019-08-04T12:41:25Z,71479e7c1c4fd96468f16800ff04484480c76e0953d2074500b0df31,60.17919,24.95181,000000007b5207b6,21.87
11620,2019-08-04T12:41:25Z,7177231dcb517ecfa8a835c162a5fd09eeb03f8fd58ff261af4a9817,60.16762,24.95415,000000006b44cce7,23.56
11621,2019-08-04T12:41:25Z,72e4de5ded503a6b09635fc51a720ce504c9e77552bc2ffae8d6cae3,60.14699,24.922,00000000a53ed894,12.69
11622,2019-08-04T12:41:25Z,733f21ebebe353e10a55a74b40a0a480e6d276334d4f3d8bcf85b711,60.16075,24.95883,00000000f1124bca,17.4
11623,2019-08-04T12:41:25Z,738ce77abafd1ca6f80e6f28e84d1b1886db4cfda3be6ffcdf52c1b1,60.14699,24.922,00000000a53ed894,11.7
11624,2019-08-04T12:41:25Z,73aa46087286af57e3778006af596aa587686a1db1d4b8708764a520,60.16762,24.95415,000000006b44cce7,9.92
11625,2019-08-04T12:41:25Z,75724822b4cc68ff31bae6b0a745632242e1a22c87525d1b530bdeda,60.17002,24.94407,000000006b087f40,9.12
11626,2019-08-04T12:41:25Z,759f94c852ff15ca91c3138913c3858c4801702f8f0514ae82fb2a19,60.16897,24.95222,00000000aa852af1,10.78
11627,2019-08-04T12:41:25Z,7664b7f08aaa059ecf6646a595c33fae0c80715febe63e31f45a4662,60.16762,24.95415,000000006b44cce7,3.74
11628,2019-08-04T12:41:25Z,777cceac7be6303a1c82f7cc68061528b01e3aa1b3aa6481cad9e5e3,60.16075,24.95883,00000000f1124bca,7.69
11629,2019-08-04T12:41:25Z,77a12194b9a6789f4b2b8c07ae7fce3c2b531cb221e5fa7ca5deae55,60.16897,24.95222,00000000aa852af1,8.38
11630,2019-08-04T12:41:25Z,77ceaec4fde53902092d2d373c6253344ab0dfea86c11865279cd49f,60.16829,24.94214,00000000afef4555,29.32
11631,2019-08-04T12:41:25Z,78a96267b3bb3aea6c312bb8aa160c1369942384194b03d695640a71,60.17065,24.93641,000000000f4919c9,33.81
11632,2019-08-04T12:41:25Z,79bb1e615a834d4f653cec7efc45ad5b4bbedf2a83c55b44c586ad0a,60.14947,24.91438,000000004ef3150d,16.1
11633,2019-08-04T12:41:25Z,79bde23c1a8980f93a65e14306f0d8ea89e164430d8b991e2bfee82e,60.16531,24.9442,00000000fdda10fe,20.28
11634,2019-08-04T12:41:25Z,79d26f15a82c94ac5d05e0f2b6a6beeae1f407972ec39665d7ab9535,60.16829,24.94214,00000000afef4555,1.54
11635,2019-08-04T12:41:25Z,79d30a3ef05e3d34450d1c975b3fa9d21b994f078f943db791239b07,60.14699,24.922,00000000a53ed894,20.28
11636,2019-08-04T12:41:25Z,7a0c0b525f2d3eed6c873bd3b8d27bede551fe4a428ac15c23deadae,60.16075,24.95883,00000000f1124bca,14.89
11637,2019-08-04T12:41:25Z,7a4a06d20ebe57d94e5fceeaf47d5b56ad9a515818e9c20e21a80e61,60.16629,24.95957,00000000fb7600be,16.1
11638,2019-08-04T12:41:25Z,7a97375000483176c3b37cc0d1744a950d9b322ce3534208fce0b21d,60.14699,24.922,00000000a53ed894,16.1
11639,2019-08-04T12:41:25Z,7ab335e046f7f3597f8f615a90857885e35cfecefebd5d24bbf0af90,60.16075,24.95883,00000000f1124bca,10.78
11640,2019-08-04T12:41:25Z,7ad93fed82e41ea4422fa101badc698b0328c3ebf0f6b73c5164d438,60.16897,24.95222,00000000aa852af1,13.75
11641,2019-08-04T12:41:25Z,7bb67bcf014747e5d826f95c610d36492f31095552417a0864475491,60.14951,24.92138,0000000006dd41f6,18.79
11642,2019-08-04T12:41:25Z,7d9a3d84c09c3a8d6876389e216e0278048d6b924890fb275a078ffb,60.16531,24.9442,00000000fdda10fe,0.41
11643,2019-08-04T12:41:25Z,7f3c9dd2c7352cb81fb186a7d700841d2bcb47cd8ea0d5f8719b5908,60.16762,24.95415,000000006b44cce7,13.75
11644,2019-08-04T12:41:25Z,7f786ec8e06f1ca3bdd10fc60d0114baf354125b8f6cf796d197f4cc,60.16075,24.95883,00000000f1124bca,3.74
11645,2019-08-04T12:41:25Z,7fe10e69931c2d658099a314f3fce64865329e12a7b834c375e2d5d2,60.14699,24.922,00000000a53ed894,5.41
11646,2019-08-04T12:41:25Z,80cbcb887f3e351e3bef7c5f53dccc578cc3494feec514aed7015c0d,60.16075,24.95883,00000000f1124bca,5.41
11647,2019-08-04T12:41:25Z,80cc39b04598f971820e63498fd27ae72a12a45a60c220fe625b282a,60.14699,24.922,00000000a53ed894,29.32
11648,2019-08-04T12:41:25Z,82411c6526228322a61f59259f13adf7cde62bd767587b6735867705,60.17919,24.95181,000000007b5207b6,8.38
11649,2019-08-04T12:41:25Z,82ce8c2420645d1eeed2751616ac691b53855581110be4cc97a61036,60.16897,24.95222,00000000aa852af1,23.56
11650,2019-08-04T12:41:25Z,848fe01e24ccc782e5968171f53ea31d28f20a455c45d8bac8fb7374,60.173,24.92524,0000000096918cfa,14.89
11651,2019-08-04T12:41:25Z,849a662d95d4185421aff7c6213ba5d7b84cfc58c9fb30ff34054e4c,60.16075,24.95883,00000000f1124bca,7.69
11652,2019-08-04T12:41:25Z,84a2754d633d2364ab8245dd97ac58e0bfad70a8380a357871afcc01,60.17002,24.94407,000000006b087f40,44.58
11653,2019-08-04T12:41:25Z,85d66944a64cfde859e7e08ca4b79f3b39d5b03141d500fe7ce73f7e,60.14699,24.922,00000000a53ed894,9.12
11654,2019-08-04T12:41:25Z,868cd7608ed6beb209db2aad8c71f56b8aec3a6b453be18e4af217a2,60.17065,24.93641,000000000f4919c9,25.36
11655,2019-08-04T12:41:25Z,8822ffe19dec49fe874ac377de5a0504e931e342ecc1f5b1fcb939e5,60.16897,24.95222,00000000aa852af1,12.69
11656,2019-08-04T12:41:25Z,885bcc6af7d0aa9718fe1030e32ffff1de5171ae5ef67cf0011874fb,60.14947,24.91438,000000004ef3150d,8.38
11657,2019-08-04T12:41:25Z,8947a5209f3b32173d3dc72792039edf94a2711741ab041b62b30643,60.16762,24.95415,000000006b44cce7,3.09
11658,2019-08-04T12:41:25Z,896f7e896dc6f1ea44b82bf968a988cc10c358ee34821d9d7a4bd07a,60.14947,24.91438,000000004ef3150d,11.7
11659,2019-08-04T12:41:25Z,8a08b2de43a9ef03cf96610718c908e69dcacc59f536a7135b7bb542,60.16629,24.95957,00000000fb7600be,17.4
11660,2019-08-04T12:41:25Z,8b2db0cf88df127735158a23e876f7746a3f6a8ac67d170ca06d1055,60.1538,24.95595,0000000038bf9618,29.32
11661,2019-08-04T12:41:25Z,8ba6cfc17ca70e8304994e018ebd5eb2003177062cde05925d5cacb3,60.173,24.92524,0000000096918cfa,14.89
11662,2019-08-04T12:41:25Z,8bbf5422247a0a6be314130d8fd9ae1814401b75acf3b3ce2da9620c,60.14699,24.922,00000000a53ed894,4.94
11663,2019-08-04T12:41:25Z,8d1d0326bb359113b842bb215f8eec864280c2a8d5edf0e4d6371841,60.14699,24.922,00000000a53ed894,12.69
11664,2019-08-04T12:41:25Z,8d528b00553162a9dd47d2296d15b2fad89aad6a508424d4589618a1,60.14947,24.91438,000000004ef3150d,8.38
11665,2019-08-04T12:41:25Z,8d73f674010f5cb02e8f20251ed86a9afcb7f6b3926039470296bd00,60.17065,24.93641,000000000f4919c9,17.4
11666,2019-08-04T12:41:25Z,8dcf139eb279bcc2696420ba9da858e361600ff02cd29587f66660ec,60.16897,24.95222,00000000aa852af1,27.28
11667,2019-08-04T12:41:25Z,8f9026cfff0b3ccd2e7a22e5767bee52b08ab5630d1c6ac046bf7f39,60.16544,24.95398,0000000038d83d41,16.1
11668,2019-08-04T12:41:25Z,920dc90f60b295267f63efc8f968408087b71878dc3f49f0ded1c41e,60.17919,24.95181,000000007b5207b6,27.28
11669,2019-08-04T12:41:25Z,926717d61529080dfc4c7f8cdcdc82c6490d2a5129474524b8c40ea4,60.16829,24.94214,00000000afef4555,17.4
11670,2019-08-04T12:41:25Z,93a2100e233b204243f7e69b68dea7c9a145d1b5384bd18359bf87a3,60.16531,24.9442,00000000fdda10fe,2.08
11671,2019-08-04T12:41:25Z,93e409819362e2429a43710ff4330bd3ed83011b73ae438dd7fb62d8,60.16762,24.95415,000000006b44cce7,10.78
11672,2019-08-04T12:41:25Z,9542a6d9883eb7a1065854d6f72274cf8d953b5846a4fce3fba9b00d,60.1538,24.95595,0000000038bf9618,29.32
11673,2019-08-04T12:41:25Z,9575ef1c44f26f0301d726029c8b1c28011a4724496943451bee6544,60.14947,24.91438,000000004ef3150d,7.05
11674,2019-08-04T12:41:25Z,9604244c18efd5978b809f021651f7743e0e64da38fcf3718f9b4f93,60.14699,24.922,00000000a53ed894,11.7
11675,2019-08-04T12:41:25Z,96b004e7ce8b4221af704fcf73c09daf78aed09c7ed5803c4bfa5bc1,60.14699,24.922,00000000a53ed894,12.69
11676,2019-08-04T12:41:25Z,97264f5808fa13851dacabf0c98525eec29849ff4b6a744cc777fd5b,60.16075,24.95883,00000000f1124bca,14.89
11677,2019-08-04T12:41:25Z,9736a8a29aee134a307e0cd4221e9b0a2ab7c48befee43fc62e9f9bd,60.14699,24.922,00000000a53ed894,4.11
11678,2019-08-04T12:41:25Z,98bb3b6f5e2403b14b8e01616c07b03bb1fd153ded656033d7bd3533,60.16075,24.95883,00000000f1124bca,16.1
11679,2019-08-04T12:41:25Z,9a9db814dfa74ca2c2d51496299715310e81c6e6525cc9d2cb0762eb,60.16897,24.95222,00000000aa852af1,13.75
11680,2019-08-04T12:41:25Z,9b03b610755f4cec2e9d83a9763204e758a075614b125210bc914df5,60.16075,24.95883,00000000f1124bca,23.56
11681,2019-08-04T12:41:25Z,9bad872c31c8c5e53f064b5367350b41271d45ca8a9e508136622800,60.16897,24.95222,00000000aa852af1,10.78
11682,2019-08-04T12:41:25Z,9e3d4a4b1acd94d2896cd7cf56419110f06ea96faae37aadebd4ec77,60.14947,24.91438,000000004ef3150d,20.28
11683,2019-08-04T12:41:25Z,9fc52a61eabf679cf9cdee2c33023c321c69afc87ed71f5a6d6655b7,60.14699,24.922,00000000a53ed894,9.92
11684,2019-08-04T12:41:25Z,9ff13c715073d5ad9c464cb67b6de3f703435cf389c32cce5626dfe1,60.149,24.9843,00000000fffb8cf0,16.1
11685,2019-08-04T12:41:25Z,a0db7e8063bede2dd55c2c6cf5111932617ecace670ff65314a7d349,60.16629,24.95957,00000000fb7600be,20.28
11686,2019-08-04T12:41:25Z,a1b52cda133b45cf931b9e31d4037fb841f80432e99d6a000beeadc8,60.17002,24.94407,000000006b087f40,20.28
11687,2019-08-04T12:41:25Z,a22736c5d66f417bc6b745f51492549dc2e5a3c766f5e7e23f183b41,60.14947,24.91438,000000004ef3150d,9.92
11688,2019-08-04T12:41:25Z,a38a21a97a054541f0423f03758c70227116c05254958373e3e93ad0,60.14947,24.91438,000000004ef3150d,3.4
11689,2019-08-04T12:41:25Z,a422a30ec1eb058c7930e1352297c161639faa5b3ca5f5fa47c4adb3,60.14947,24.91438,000000004ef3150d,7.05
11690,2019-08-04T12:41:25Z,a4f416ec0941bb365e3665d7fd224fad15d74225e8ce9f6dd6368bc7,60.17065,24.93641,000000000f4919c9,13.75
11691,2019-08-04T12:41:25Z,a6158fc663b4931ef4e811a4acf62ab2f658241775e200b14684f87d,60.16897,24.95222,00000000aa852af1,12.69
11692,2019-08-04T12:41:25Z,a6f944078dd26796f5a849ccb6fdf8a4436f913cf3302597c846462d,60.16762,24.95415,000000006b44cce7,6.46
11693,2019-08-04T12:41:25Z,a7472d1b63171c047444981df223670390009e3ea502132d9963e9fb,60.14947,24.91438,000000004ef3150d,13.75
11694,2019-08-04T12:41:25Z,a76d219c3abcc4ec3a54dd834263f9a24972c71be4c7bbbfc663f22f,60.14699,24.922,00000000a53ed894,4.94
11695,2019-08-04T12:41:25Z,a7a7f84e910c87d01420156efca1675f2f263a8f7f1212bb161e73f3,60.14951,24.92138,0000000006dd41f6,36.27
11696,2019-08-04T12:41:25Z,a88c6bae85183bcf7a25dcbc1fe64128df64a49ded7074a0f51a1f5c,60.14699,24.922,00000000a53ed894,23.56
11697,2019-08-04T12:41:25Z,a8df2631c2442628608c1f0352c896eb532a6ca08c85de2c77360aa8,60.14947,24.91438,000000004ef3150d,5.41
11698,2019-08-04T12:41:25Z,a9383e1c3d9b3355965662ff18ad95dfb64daa5d8e71fc20e7e50df7,60.14699,24.922,00000000a53ed894,23.56
11699,2019-08-04T12:41:25Z,a96e9a3805def174e6ededa93b88ce312739d9d68941dffdeca03e9f,60.16762,24.95415,000000006b44cce7,8.38
11700,2019-08-04T12:41:25Z,a9dfc9065260957b1eb8dc3b11b793f73f7940fa5cb61acb16a260e2,60.16897,24.95222,00000000aa852af1,10.78
11701,2019-08-04T12:41:25Z,aa5773b59ce2bf1eee53e4e77cd3c261465d2ea538c9a85b8de30cd8,60.14947,24.91438,000000004ef3150d,16.1
11702,2019-08-04T12:41:25Z,ab6d002dfa018260db302804edd645141e671ff94a6e582236943377,60.16762,24.95415,000000006b44cce7,16.1
11703,2019-08-04T12:41:25Z,ac336ce74c60edd085a670c13e6a7f1225eef48d7b2d583211399d5c,60.17002,24.94407,000000006b087f40,17.4
11704,2019-08-04T12:41:25Z,ac93ac0788af8e1b0f20fada4f15ca1ad31f4084b133482d8211571d,60.14699,24.922,00000000a53ed894,17.4
11705,2019-08-04T12:41:25Z,acdcc8ae1d1c6bb055dfc108154eae58b4b894f0ce1ff174c1065c7e,60.16762,24.95415,000000006b44cce7,2.08
11706,2019-08-04T12:41:25Z,ad8af809ed47a3391bb53d11da159b3a8b0ddc264d94c049ce72bda0,60.17065,24.93641,000000000f4919c9,1.88
11707,2019-08-04T12:41:25Z,ae87b8dd8920695bc9e599874667205991c04e30666d8523f0be4350,60.14947,24.91438,000000004ef3150d,17.4
11708,2019-08-04T12:41:25Z,aec4b11f0b1ec075878ca4a3b94da464f6fc96e330b913d5bfd346b0,60.16897,24.95222,00000000aa852af1,4.94
11709,2019-08-04T12:41:25Z,af64ca430076b1e91eeb89134e0e026479928845cbe1943bc56104c2,60.14947,24.91438,000000004ef3150d,5.91
11710,2019-08-04T12:41:25Z,b06c7ebb0cc7182279f47fe99da297fb7bda883549cb7bbc05dff36f,60.16829,24.94214,00000000afef4555,18.79
11711,2019-08-04T12:41:25Z,b0a20a40885487350aaf5c8f46dab27d4d7e1d5c24fefec54c0c62d4,60.16829,24.94214,00000000afef4555,14.89
11712,2019-08-04T12:41:25Z,b12b27061f30d5659794f14cbed5e4726c5af1ef526611d3b2dded29,60.14947,24.91438,000000004ef3150d,9.92
11713,2019-08-04T12:41:25Z,b26280ff7943c2f2f00f94125547cbdc285e6c43b7d0a5819c2eac87,60.16762,24.95415,000000006b44cce7,11.7
11714,2019-08-04T12:41:25Z,b26a9be85f5fd17ea58397762fa55db3c8f68fb709d586d61527c892,60.16829,24.94214,00000000afef4555,23.56
11715,2019-08-04T12:41:25Z,b2a01c2a06c3cf1a48333e58e787d9eaf2f975a738c02878220d7774,60.16829,24.94214,00000000afef4555,14.89
11716,2019-08-04T12:41:25Z,b2b344932a455663bb9c15f518950a54e05393ddfca54e5cc094e89a,60.16829,24.94214,00000000afef4555,23.56
11717,2019-08-04T12:41:25Z,b3d99c04e3db6b698e6e54f19434461336954d0c15385bff6e557be8,60.173,24.92524,0000000096918cfa,21.87
11718,2019-08-04T12:41:25Z,b41cc64d7ab4e16a03573bdc3b5863c4b402ec66c7780c7900c02877,60.16829,24.94214,00000000afef4555,12.69
11719,2019-08-04T12:41:25Z,b523d3f8341906e4b3877ff7d9614b4e10d6bbf10afdcc6c53656c8f,60.17065,24.93641,000000000f4919c9,17.4
11720,2019-08-04T12:41:25Z,b5e3abaccf4a03480985d25eb9fbf454c87f7ad06c38c8bdeb0819fa,60.14699,24.922,00000000a53ed894,16.1
11721,2019-08-04T12:41:25Z,b7039958be9f53a3eaed97f705a1974815f52f25226e920155397bec,60.16075,24.95883,00000000f1124bca,9.92
11722,2019-08-04T12:41:25Z,b7867e052453c9caa213f48b033624b744187f4cd77c2418cf9d7b79,60.14699,24.922,00000000a53ed894,25.36
11723,2019-08-04T12:41:25Z,b81e80c4efa2f6bf7a24861abfd0f0fb5672f1512dc7545a1d387f7f,60.16762,24.95415,000000006b44cce7,14.89
11724,2019-08-04T12:41:25Z,b82ba472f0cb919b39c31b9c737f1608f6a31ffa63352768f9fa12ea,60.16829,24.94214,00000000afef4555,20.28
11725,2019-08-04T12:41:25Z,b92c7fb1d77c3f326d59dbe2689bb5b8ff10fcd691f28b36aa98408c,60.17002,24.94407,000000006b087f40,21.87
11726,2019-08-04T12:41:25Z,bb0193f2b0ac4801fe82ed5cec75e687465d707d92e731047f81650f,60.1538,24.95595,0000000038bf9618,1.12
11727,2019-08-04T12:41:25Z,bbe1e18f88cf88928067a0221965768c1f2ae264291cea564d7eb7e8,60.16897,24.95222,00000000aa852af1,17.4
11728,2019-08-04T12:41:25Z,bbe7947ea50de5986f237ccab5782ddb55c199ad6a81e8f692670d0c,60.16829,24.94214,00000000afef4555,17.4
11729,2019-08-04T12:41:25Z,bc07df8cc395f6f4f5d483b2233caca5f93a6918f346e4cc3702f8cc,60.16531,24.9442,00000000fdda10fe,10.78
11730,2019-08-04T12:41:25Z,bc478512e217b12ec7e01e1ce8247d394a57fb0c0cc72940f562adc2,60.17065,24.93641,000000000f4919c9,20.28
11731,2019-08-04T12:41:25Z,bcd2691a0ff43d3491a980272a44d4b5f9de4e70fab9a4ed92488f99,60.16629,24.95957,00000000fb7600be,27.28
11732,2019-08-04T12:41:25Z,bddca8fc17056f9f207a259070e281eedf4cea3e8e22093b88bbd7b5,60.14699,24.922,00000000a53ed894,10.78
11733,2019-08-04T12:41:25Z,bdff3780e8c8abfdca39eab1fa9d3bfc75b96e015b7c6ea951de3215,60.14699,24.922,00000000a53ed894,23.56
11734,2019-08-04T12:41:25Z,be21a77f983baae8e0ba646eda0988a618149dcc7ef4c303c35d5377,60.14947,24.91438,000000004ef3150d,8.38
11735,2019-08-04T12:41:25Z,bebf1edb9736fe66391376c4cf2a3033ab9fa83ae21f86b66392e2d0,60.16762,24.95415,000000006b44cce7,7.69
11736,2019-08-04T12:41:25Z,bf2e5725b255e320f1e8375ec03f55194f1fd9f751be9629d873a5c8,60.14699,24.922,00000000a53ed894,7.69
11737,2019-08-04T12:41:25Z,bf992d3cd95a73f02d7223eaffe90a94e3e1e98a8c6759bab631b5b0,60.14947,24.91438,000000004ef3150d,12.69
11738,2019-08-04T12:41:25Z,c0722f63618f97eb8ec4afac1a8538b81a3c87e623d753ad1201bf7c,60.16075,24.95883,00000000f1124bca,3.4
11739,2019-08-04T12:41:25Z,c0a0ca3433586ed2ae0e448f2406fabac7292ac79d49562e0bd5cef8,60.16762,24.95415,000000006b44cce7,11.7
11740,2019-08-04T12:41:25Z,c22d0093a8d103f59838ad43218fa834e328847e5094bcb2e98d5307,60.16829,24.94214,00000000afef4555,25.36
11741,2019-08-04T12:41:25Z,c261834e6d2c1bd9adddb82d8c6ce2d8aad82a89e32da62f3fcc6063,60.16075,24.95883,00000000f1124bca,25.36
11742,2019-08-04T12:41:25Z,c36d58ed0e0dddb3e26be1214e369db1c3fa3d4bcf8b53536a25239b,60.17065,24.93641,000000000f4919c9,3.74
11743,2019-08-04T12:41:25Z,c3be6dcc2c0542676c20d28ce38adbe2c0b9be09caa3f22e60210636,60.16075,24.95883,00000000f1124bca,29.32
11744,2019-08-04T12:41:25Z,c493415e869d6e6304841784a120f994272b83557256b43e44e4f3e0,60.14699,24.922,00000000a53ed894,11.7
11745,2019-08-04T12:41:25Z,c4dfae0a1b1bd27741275e8f26148b119bf7225960b4275e488612b9,60.14699,24.922,00000000a53ed894,14.89
11746,2019-08-04T12:41:25Z,c551d554f64ffda092ce6c4a6715f0ed438c9649f7676b2944f1ea2f,60.14699,24.922,00000000a53ed894,9.12
11747,2019-08-04T12:41:25Z,c593e91b10da944a20d25c4237bda2fae759d288cea38bcaaee3abfa,60.16448,24.97323,0000000053c6c2be,23.56
11748,2019-08-04T12:41:25Z,c633a260ce59bad4e1ca42f12936ed8ae57a40f5e6528dfb70052c43,60.16897,24.95222,00000000aa852af1,9.12
11749,2019-08-04T12:41:25Z,c728eaa7734efeabe7f33c782081caa960fcced68160e285ee477916,60.14699,24.922,00000000a53ed894,7.69
11750,2019-08-04T12:41:25Z,c7416c039513e3156222d936c483164a0914a3b5a5310985374f4767,60.17065,24.93641,000000000f4919c9,27.28
11751,2019-08-04T12:41:25Z,c7e2cfbb859ebc5dc1cba099bf270004843a57cc2aa134bab49a4f8e,60.14699,24.922,00000000a53ed894,14.89
11752,2019-08-04T12:41:25Z,cad80f69731ad65f7f14bf400d674e0c42de462bd42db112c9d9f261,60.16075,24.95883,00000000f1124bca,12.69
11753,2019-08-04T12:41:25Z,cbeef3bda7bad2ba1dc31f986349ad235f07ee8d53eb4d0bbc920ecd,60.14699,24.922,00000000a53ed894,12.69
11754,2019-08-04T12:41:25Z,cc2cf42c6b14536fb92c810ff0e3dd5a3caa74236f14246a5b6e8cdc,60.16762,24.95415,000000006b44cce7,5.91
11755,2019-08-04T12:41:25Z,cce519499646f89fa1cbd7a6bb694401fa6c081e9ced8642718b392f,60.16762,24.95415,000000006b44cce7,12.69
11756,2019-08-04T12:41:25Z,cce6b6f309e43e2bb1be6a9784582a82891e976d0869d01040586d27,60.14947,24.91438,000000004ef3150d,5.91
11757,2019-08-04T12:41:25Z,cd3e127e27387b6e06cdf27f46fb6046e4182e4d7b49b49c17167c1c,60.14947,24.91438,000000004ef3150d,21.87
11758,2019-08-04T12:41:25Z,cd47b9ac851ce6b21df7b8e918554b0cb1a12d03da7e0aaf14e19314,60.14947,24.91438,000000004ef3150d,21.87
11759,2019-08-04T12:41:25Z,cd4ecd3b83630f6e5d65f635804e47a1ceb82853aac36af30044f06a,60.149,24.9843,00000000fffb8cf0,17.4
11760,2019-08-04T12:41:25Z,cd62fc5a92bd89f24a6e3d736d5511bf872859d762723b92f2092abc,60.16829,24.94214,00000000afef4555,18.79
11761,2019-08-04T12:41:25Z,cd9b2be9ffb37c8b7c5c25f587c95b1c7932a21fb245487ea2f740d9,60.14699,24.922,00000000a53ed894,6.46
11762,2019-08-04T12:41:25Z,ce6a8017f454ee88825097762b1bdb8e5ba78fff9cd3e49bc2ee2400,60.14699,24.922,00000000a53ed894,20.28
11763,2019-08-04T12:41:25Z,ceb777dafa9b7e39125b89735b7f0cf22c3018eb0196043ac8160370,60.14699,24.922,00000000a53ed894,8.38
11764,2019-08-04T12:41:25Z,ced0425d382ce86b7565a8b7b36a453a0880a08ba10090524e6c1ac5,60.14699,24.922,00000000a53ed894,14.89
11765,2019-08-04T12:41:25Z,cef1d06a10cfa08bcaef8b36535c2ec32c756a76cc0d5c2a1246f933,60.14699,24.922,00000000a53ed894,13.75
11766,2019-08-04T12:41:25Z,cf348d1ad8b56dd43f377926c2a3f3a9436d35fc378964335639effa,60.16829,24.94214,00000000afef4555,23.56
11767,2019-08-04T12:41:25Z,cfa42322be0000cf89d8969d1b88ace0ba99cab721dd58d55d41a36e,60.17065,24.93641,000000000f4919c9,13.75
11768,2019-08-04T12:41:25Z,d0413da80c7714f40ffe50dcfb00039280c64ecebc61c59df72965e6,60.149,24.9843,00000000fffb8cf0,27.28
11769,2019-08-04T12:41:25Z,d098b9b5b30c5fcd4ae8a2b8bc761df72829713d3ae919634876d349,60.14699,24.922,00000000a53ed894,14.89
11770,2019-08-04T12:41:25Z,d0cab2a2660dcc5cb99a9bdf39d2e6b31b7498985db1b50e48cb478d,60.18203,24.91341,00000000342570c2,21.87
11771,2019-08-04T12:41:25Z,d12f9e6275869a74f979eac17b326dfe329bbd78b8732fc998b5f132,60.14699,24.922,00000000a53ed894,9.12
11772,2019-08-04T12:41:25Z,d1e3b42846da964eb43395a0c02d5cccd930d1a09090f9d668f1ebd9,60.16829,24.94214,00000000afef4555,25.36
11773,2019-08-04T12:41:25Z,d295fce65c7332728ab79761524c814f41bd0cefa3ad9ef62ac18993,60.14951,24.92138,0000000006dd41f6,20.28
11774,2019-08-04T12:41:25Z,d2b1a7ead9aff41a8cb3fff6b7f4ee84a780b52aae2f3838b83447fc,60.16829,24.94214,00000000afef4555,18.79
11775,2019-08-04T12:41:25Z,d384b57d248a9846b7a184afd69d30f45da3a9a34647eb616a08ee7b,60.17002,24.94407,000000006b087f40,23.56
11776,2019-08-04T12:41:25Z,d38e88e5b926f9d1de6e326cca45116fcca11f10684c80876739c6cd,60.16075,24.95883,00000000f1124bca,9.92
11777,2019-08-04T12:41:25Z,d4fa4bf39dc621ec67b2077be53c06e49f6cdaeaa86b90e453e1e3cb,60.16762,24.95415,000000006b44cce7,25.36
11778,2019-08-04T12:41:25Z,d64eda229ebb6012e59bc89eacb74918e404ce52f16b491f3d48e800,60.16897,24.95222,00000000aa852af1,20.28
11779,2019-08-04T12:41:25Z,d87210146aab139cc6640a20b428dce6ac516806a71a177b70e04f62,60.17065,24.93641,000000000f4919c9,6.46
11780,2019-08-04T12:41:25Z,d8983a8fe916583702bb776d3d8d3cbbe9e78778fd44d07c52ad1f2d,60.14699,24.922,00000000a53ed894,11.7
11781,2019-08-04T12:41:25Z,db6993de0692cf79ab1b8e7d86e4b5832d11f57f026a6eb339f977bf,60.14699,24.922,00000000a53ed894,7.05
11782,2019-08-04T12:41:25Z,dbf9f0495974591badcee3fcfc1b5eb718b26de86aaf486c351ad084,60.14947,24.91438,000000004ef3150d,29.32
11783,2019-08-04T12:41:25Z,dc15145376f4a497910c8d2231d671bf62f1918ad93938a48fdc3eb4,60.149,24.9843,00000000fffb8cf0,18.79
11784,2019-08-04T12:41:25Z,dd5ab917b90cad1fbfd6b6bb0c15be465ca3e33a05d02bd87326c890,60.17002,24.94407,000000006b087f40,14.89
11785,2019-08-04T12:41:25Z,ddd849ee86afceedd5f5582ede84380d5596c9ea304d634ab0fd0de0,60.16829,24.94214,00000000afef4555,1.7
11786,2019-08-04T12:41:25Z,de09fd8d15c3d7adbf440a3d0a418a3b476513c968bda8a4aa652adf,60.173,24.92524,0000000096918cfa,21.87
11787,2019-08-04T12:41:25Z,de0d086ae32f87522eab31d3bc52545ed17b065889674963c0709568,60.16829,24.94214,00000000afef4555,9.12
11788,2019-08-04T12:41:25Z,de3fe5f63e74a582e06c8cb02e6128d6013827015ba3e2fe93082977,60.17002,24.94407,000000006b087f40,33.81
11789,2019-08-04T12:41:25Z,de84f754a3916c8f831b0bb8ea41fc2a42cdea2794558fece3c7ae97,60.1538,24.95595,0000000038bf9618,17.4
11790,2019-08-04T12:41:25Z,e02c0f9f72e9f248a4b5df8af328e1a0132d4d8a72c1e603d14cdacd,60.18203,24.91341,00000000342570c2,23.56
11791,2019-08-04T12:41:25Z,e0df847c19b463dec6cea35494d375ce136a276c6a785936c931f60f,60.18203,24.91341,00000000342570c2,25.36
11792,2019-08-04T12:41:25Z,e0ff1e75104c5dfa3549647c238569888e353e1322256a5c6979de0b,60.14699,24.922,00000000a53ed894,27.28
11793,2019-08-04T12:41:25Z,e146a005895fb34bd6ba171e992a110e3768e607872add67faa900fa,60.16762,24.95415,000000006b44cce7,14.89
11794,2019-08-04T12:41:25Z,e23a6115ba872037f9b5066c9c9c966b497f449e32a2c9ceb0e55497,60.16829,24.94214,00000000afef4555,5.91
11795,2019-08-04T12:41:25Z,e34bcebfa007159f3d2adb0e62e20fcf721a221f52bdfe2a6ad77831,60.18203,24.91341,00000000342570c2,17.4
11796,2019-08-04T12:41:25Z,e38f18bc3340e4884e84fdcf1f0e33a019ef2f2b9fb1430e5b3d35c3,60.16762,24.95415,000000006b44cce7,17.4
11797,2019-08-04T12:41:25Z,e3c03ee00a1bcd066f8b260cc5b9824d1118b7b7f972a818752aabc7,60.14947,24.91438,000000004ef3150d,13.75
11798,2019-08-04T12:41:25Z,e40a26f3f7468f4ac2302b45f1ed9aab7fea245ccf81d0c08072c881,60.16829,24.94214,00000000afef4555,27.28
11799,2019-08-04T12:41:25Z,e447e76c7b53157c11d5bfeb172c27332c81b5ec7f263badf5507888,60.149,24.9843,00000000fffb8cf0,9.92
11800,2019-08-04T12:41:25Z,e4b111abda6e15229c808fb72d5c0c38e2cf3abdbbb62fff5ae48e42,60.16762,24.95415,000000006b44cce7,10.78
11801,2019-08-04T12:41:25Z,e6f4e3d1f5e01888556b077224cb4d8f88d63306fff2388e3fd997d0,60.14951,24.92138,0000000006dd41f6,27.28
11802,2019-08-04T12:41:25Z,e6f7965f2ef456f61121bcce5e466f125192e511c2af72d901307e8e,60.16762,24.95415,000000006b44cce7,20.28
11803,2019-08-04T12:41:25Z,e7cd5f775c7eea951719f351fcc25c710f857832d6f4b70a51b7b82d,60.16897,24.95222,00000000aa852af1,20.28
11804,2019-08-04T12:41:25Z,e826dedac8582e619ce18cd7eed68be5ee1fc9ed37e191e06f916835,60.14947,24.91438,000000004ef3150d,11.7
11805,2019-08-04T12:41:25Z,e9115410fa45db5a174eee008cae729dc69937a0e0b5a304899bf1b9,60.17065,24.93641,000000000f4919c9,20.28
11806,2019-08-04T12:41:25Z,e92eb020afcd7c1fad04690230ff8c2f005e404dd25b8dced1df30dd,60.16075,24.95883,00000000f1124bca,9.12
11807,2019-08-04T12:41:25Z,e95415d461b040c869512659bcc843eedf3267c4b029a0b3fab444aa,60.16829,24.94214,00000000afef4555,18.79
11808,2019-08-04T12:41:25Z,e9e19621fc5cfcfed2c808bbadc6cc6dd31e28d3c04cef8b89ca2729,60.16075,24.95883,00000000f1124bca,9.12
11809,2019-08-04T12:41:25Z,ea157e44ed100be3f782d8b3d8e5e0986079c588c9ea754b14917df0,60.16829,24.94214,00000000afef4555,3.74
11810,2019-08-04T12:41:25Z,ea2f4d9799324f4cd2a6fcda1625b65acdbab9f6b8331c26f63beec2,60.16897,24.95222,00000000aa852af1,17.4
11811,2019-08-04T12:41:25Z,eac6fda3a18aa9ce55b6359f5c62a044e0bcd6bc3576c8cd815acf07,60.14699,24.922,00000000a53ed894,17.4
11812,2019-08-04T12:41:25Z,eb6541383f8b12fc5476e5e2bc406933edfd211f49a1bbb93f323fa0,60.14699,24.922,00000000a53ed894,14.89
11813,2019-08-04T12:41:25Z,eb79d6eb71f039f7008c9c4ea2f36d37f03bf60bddc7867e8b337254,60.16762,24.95415,000000006b44cce7,16.1
11814,2019-08-04T12:41:25Z,ec350e26364cb676c4cdb72647f039c31e27c775e7bb8973223e5d9b,60.14947,24.91438,000000004ef3150d,10.78
11815,2019-08-04T12:41:25Z,ec424a10bcefb6e69c2eabf42534f06e7a10aa0cfb28f6478052cade,60.14699,24.922,00000000a53ed894,14.89
11816,2019-08-04T12:41:25Z,ef77b04fc57a9781bf581172358ba74cf41e0b2a6ecc8090f99810bf,60.14699,24.922,00000000a53ed894,20.28
11817,2019-08-04T12:41:25Z,efe8b6c6fdf0d2caccd589aaaa4f0228a80590ff9ec7961f2e92103d,60.16762,24.95415,000000006b44cce7,5.91
11818,2019-08-04T12:41:25Z,f062cb52d49926a4fb39f723275ed60ab6c0f3bf34e0c3f9d233b7b8,60.14947,24.91438,000000004ef3150d,3.4
11819,2019-08-04T12:41:25Z,f15b72a3aad411d2f8a70b41c4f62ad2d744d064d42ec00c71a18ac5,60.16762,24.95415,000000006b44cce7,7.69
11820,2019-08-04T12:41:25Z,f1eb1b22a5e01064a1829b325d256218c68bc9134f03a3f09f3e2566,60.16829,24.94214,00000000afef4555,29.32
11821,2019-08-04T12:41:25Z,f20f951802c722181f0e90095001c49e73f84049bb105b95c97049d1,60.17918,24.95141,00000000675d5200,23.56
11822,2019-08-04T12:41:25Z,f2759841619517bff6a58510ebb0ddbc9378cd300d99652f9b14f90d,60.16531,24.9442,00000000fdda10fe,31.5
11823,2019-08-04T12:41:25Z,f2e063c8c25a8bec0dd6ec3924a5f59fd9694078f2f3fd5b3ea96f29,60.16762,24.95415,000000006b44cce7,12.69
11824,2019-08-04T12:41:25Z,f366283765028e1454f3cfc564b9f220c9d700bfa8a843746eca3141,60.16897,24.95222,00000000aa852af1,17.4
11825,2019-08-04T12:41:25Z,f5f7cfe177dfb0b7ebba2419ae53f70b6b5690dd98d98586004a9107,60.149,24.9843,00000000fffb8cf0,7.69
11826,2019-08-04T12:41:25Z,f6a88c4482d078d6a1d51eabc04916c6f7566cff4a16fd55f3abdef0,60.16531,24.9442,00000000fdda10fe,33.81
11827,2019-08-04T12:41:25Z,f7f0caf73572bea3c08b592eeb9655b2668cfb16fd8840ca5619d84a,60.14699,24.922,00000000a53ed894,6.46
11828,2019-08-04T12:41:25Z,f81439a39740937c6cba523d5ebca87b52d69ff29fb449cf42ade4d6,60.14699,24.922,00000000a53ed894,11.7
11829,2019-08-04T12:41:25Z,f847ec4111b37a677f1bd2577f778f653309f7b486974fefcf5eb8c9,60.1538,24.95595,0000000038bf9618,29.32
11830,2019-08-04T12:41:25Z,fa96854324adae88abb35afa34b2393a20338bfd8fc9602d3ce6ae8d,60.14947,24.91438,000000004ef3150d,4.94
11831,2019-08-04T12:41:25Z,fadc39da3cd26ac621092fbbff224b95bb13446c8d24bbf4f3e50e90,60.14947,24.91438,000000004ef3150d,6.46
11832,2019-08-04T12:41:25Z,fc618d570293e104f3bf927312641e3b7c65acce185b1614337d848c,60.16829,24.94214,00000000afef4555,13.75
11833,2019-08-04T12:41:25Z,fce50ac3cfd2f3b7a897f6575eeda4e45ab42e5b9b5351be836cc0de,60.16897,24.95222,00000000aa852af1,16.1
11834,2019-08-04T12:41:25Z,fd77161cf9715d9d0f922cf45e79e5d9b9debef5113cb32a4f82ef76,60.16762,24.95415,000000006b44cce7,9.12
11835,2019-08-04T12:41:25Z,fe5ca86c906b1cb3bf9dd257ceefc562e41da499878f1074484f7d42,60.14947,24.91438,000000004ef3150d,12.69
11836,2019-08-04T12:41:25Z,feb399897846bc34dc3f4b06ac4ef0ffb0db885977b88e5c5fdb7350,60.14699,24.922,00000000a53ed894,11.7
11837,2019-08-04T12:41:25Z,ff4f3e0f964f23b97e88626f7a506bb4409718931712c58ce0f247af,60.16762,24.95415,000000006b44cce7,13.75
11838,2019-08-04T12:41:25Z,ff8280896145ae17e594c52eac2cdbab47d3757d797878fbc4298596,60.1538,24.95595,0000000038bf9618,29.32
11839,2019-08-04T12:41:25Z,ff8d5b9e61bd912b13b664db8ef2919e1f515ca3b20ae67f532a5c8a,60.16762,24.95415,000000006b44cce7,10.78
11840,2019-08-04T12:41:25Z,fffd5b230c7cb628fdbf354d7c0a9861536b93aa31e2282b10c020d1,60.14699,24.922,00000000a53ed894,21.87
11841,2019-08-04T12:41:26Z,07d86ad98399440d0cc3bd3382a7256feb971e49a3686dc17f532e1c,60.16829,24.94214,00000000afef4555,17.4
11842,2019-08-04T12:41:26Z,1142f5b6806b1ec7d8d47d47013eb530d8a7418f6934d8867b20966a,60.16829,24.94214,00000000afef4555,25.36
11843,2019-08-04T12:41:26Z,14c7e1511b70f4dd3359cbece1377aebb4d70531f5489eefe53d7c3c,60.16544,24.95398,0000000038d83d41,31.5
11844,2019-08-04T12:41:26Z,1526f3d92e309513df962ba40c1be4462d5f9b2f140656864b73824f,60.16075,24.95883,00000000f1124bca,27.28
11845,2019-08-04T12:41:26Z,1599d2c9070a6f05e1a5887c2d9209214c04818c6203fe75440734f2,60.1538,24.95595,0000000038bf9618,29.32
11846,2019-08-04T12:41:26Z,165ebbb4090d47319ae370f0d0854fdc1f6b79499f8b2e4d3c3533c0,60.16544,24.95398,0000000038d83d41,29.32
11847,2019-08-04T12:41:26Z,1e7ea410376fbdb3f3c476c76d23abad5d830690f78f71ea06f7e321,60.16075,24.95883,00000000f1124bca,7.69
11848,2019-08-04T12:41:26Z,1ea5c6ae07ddb2f4c8e07ffc97a13995d20d16a13d121bcce9429a96,60.17002,24.94407,000000006b087f40,18.79
11849,2019-08-04T12:41:26Z,211f6b7b044343d0be369791b3fa3c144d0d0f391e2a42787712efb0,60.16448,24.97323,0000000053c6c2be,13.75
11850,2019-08-04T12:41:26Z,21d09757012e8f7297d1de922f681bcc36581a3d7be770b42b3780a0,60.15432,24.9211,0000000019fb59c4,18.79
11851,2019-08-04T12:41:26Z,25a7ff811c3c06e426c7c2cbb0433d9a2a3399b23afecbd35584ab0f,60.18203,24.91341,00000000342570c2,23.56
11852,2019-08-04T12:41:26Z,2d3d031189abfaea69cd551a97b2b2d056a908f19bc56701010a2304,60.16897,24.95222,00000000aa852af1,18.79
11853,2019-08-04T12:41:26Z,315af4a829b592ba99b203b8ed2cbd499769f8752dfe6de7da4ee929,60.16829,24.94214,00000000afef4555,9.92
11854,2019-08-04T12:41:26Z,35568b1e0d67c5d7b6b15bb08540a1aafe24817a9bc06673b97e85c9,60.14947,24.91438,000000004ef3150d,21.87
11855,2019-08-04T12:41:26Z,3b5cafe90982db26cf737b2e4cd4275276f6a031bca3b2a1f73023b2,60.14699,24.922,00000000a53ed894,18.79
11856,2019-08-04T12:41:26Z,3fe84a5a1e657df8910685df3a8cf779a6ebc3362fbc8e578f235ee4,60.15432,24.9211,0000000019fb59c4,10.78
11857,2019-08-04T12:41:26Z,439d37409e82fb7eb87bb55e9c4f096cdfb32eaff61155b552086ae1,60.16544,24.95398,0000000038d83d41,23.56
11858,2019-08-04T12:41:26Z,43b676ed3aef4c2d8846694817e76117873be52e7f788e0cb366c1c4,60.16629,24.95957,00000000fb7600be,29.32
11859,2019-08-04T12:41:26Z,44d0b94469070803869f229601e877beb613c3f5aafa009addf97a1a,60.16544,24.95398,0000000038d83d41,13.75
11860,2019-08-04T12:41:26Z,4656bad9b5e6dfc3977eca308fc1db3dbf8b0204b90d09b001da242e,60.1638,24.96846,00000000d747f075,29.32
11861,2019-08-04T12:41:26Z,4a1efc9faf9548fe0ed72037d54a131265a72e61fdfc2009a4e9408a,60.16075,24.95883,00000000f1124bca,20.28
11862,2019-08-04T12:41:26Z,5bbb5184fded3e51bc78e45e39917794285e6bbc72da404802a9599a,60.16531,24.9442,00000000fdda10fe,25.36
11863,2019-08-04T12:41:26Z,5d65719c4cbf045f068d084b72302f447d5fd034413d97d13be00d0e,60.18203,24.91341,00000000342570c2,18.79
11864,2019-08-04T12:41:26Z,5fecff186138a9b3e31c6086c33dcd5f1d209e64f0afeed7c688cab0,60.16897,24.95222,00000000aa852af1,21.87
11865,2019-08-04T12:41:26Z,653a92a7828f2c43bc74899753f872e8b93c30b6fb419b651a94bbc1,60.16897,24.95222,00000000aa852af1,18.79
11866,2019-08-04T12:41:26Z,66dabd3229229330d23c70e9e1737429ddfe69db01f4a6a00f70fa20,60.16762,24.95415,000000006b44cce7,18.79
11867,2019-08-04T12:41:26Z,69219e9efa41ae9e732653e9eaf08e1a34cb853a9dafe76ddeea4d04,60.16897,24.95222,00000000aa852af1,14.89
11868,2019-08-04T12:41:26Z,6a70e2fbced719333e21eff04fcb9cb36bae9a04d1a3d6ddd96f2c58,60.15432,24.9211,0000000019fb59c4,7.05
11869,2019-08-04T12:41:26Z,70d8572458a1a103555bab897b6443e601e0ed211414b15ad0b56f60,60.16544,24.95398,0000000038d83d41,29.32
11870,2019-08-04T12:41:26Z,737efc92e3419e9d96a8559ec341ea7e18ba6381fd8e4de3d06f82a0,60.14699,24.922,00000000a53ed894,23.56
11871,2019-08-04T12:41:26Z,747f2d1ebff218c0ebbdc0fdaef4cbe56633dfb46ae1b1f8c8142201,60.16762,24.95415,000000006b44cce7,20.28
11872,2019-08-04T12:41:26Z,7678cdb86d454ca9ae52f22d97e635106585a3a046d01da4463695cc,60.18203,24.91341,00000000342570c2,17.4
11873,2019-08-04T12:41:26Z,79f136afa0dd8717337c01c70b457c464aaf0fa25b440f51a394ec23,60.16762,24.95415,000000006b44cce7,13.75
11874,2019-08-04T12:41:26Z,85ef35aecf2ff804be3d958b592705ec41c6df9c128c132c65bb283d,60.16897,24.95222,00000000aa852af1,25.36
11875,2019-08-04T12:41:26Z,87dfaad29a9276ddddb1fa021d3bc23ad14824c1af16f7d87e713689,60.14951,24.92138,0000000006dd41f6,9.92
11876,2019-08-04T12:41:26Z,88808fe92573e9cdf022cc15b9689b6b4b9429f60513c8897b0ba4c7,60.16897,24.95222,00000000aa852af1,14.89
11877,2019-08-04T12:41:26Z,8c3b1ed0846e38cc84b863a80540c8a75bfd85c8bdda36563d153110,60.16544,24.95398,0000000038d83d41,23.56
11878,2019-08-04T12:41:26Z,8c75c3289c84fe4493e1e272a77b615fe1985880c5dc68a7c1a17b53,60.16762,24.95415,000000006b44cce7,10.78
11879,2019-08-04T12:41:26Z,94c5a69a5ae6e9407c3fa9a6919d99beb3558dd4e6750eb480ddc36f,60.16829,24.94214,00000000afef4555,20.28
11880,2019-08-04T12:41:26Z,9843c6216661048343a0e49cf3d8aa2883cf77f452666a1c873a1052,60.16448,24.97323,0000000053c6c2be,13.75
11881,2019-08-04T12:41:26Z,a8f8130135c784b027355228017bbfe99e5a6eecec153d44b78bedd3,60.16829,24.94214,00000000afef4555,31.5
11882,2019-08-04T12:41:26Z,a91d379a4b57c5df22db0d7a041ff69f657b4b31f28554b1011fc03c,60.16544,24.95398,0000000038d83d41,29.32
11883,2019-08-04T12:41:26Z,af807b67ce09a2ce1744025c421961213f1608ca658ece4df69555a1,60.16762,24.95415,000000006b44cce7,13.75
11884,2019-08-04T12:41:26Z,b5fd6b317890e5ab2d79e2cd1abe61626d45a753c7337d0d40728898,60.16762,24.95415,000000006b44cce7,13.75
11885,2019-08-04T12:41:26Z,bb98768dad0f7c52cf643f035a3e7e48f5cfe28557c66f2a75914b31,60.14699,24.922,00000000a53ed894,11.7
11886,2019-08-04T12:41:26Z,bca443064699e0ac05c40e587aef06d7fd580817e739133a501490bc,60.14699,24.922,00000000a53ed894,20.28
11887,2019-08-04T12:41:26Z,c40c37def6bf11a63a2556519a7c6233fd417cdeea2cf14f28e7c42c,60.16531,24.9442,00000000fdda10fe,27.28
11888,2019-08-04T12:41:26Z,ca6927628f5ddda20036865c9345ad93d476d62ade3b181de568eed6,60.16897,24.95222,00000000aa852af1,21.87
11889,2019-08-04T12:41:26Z,ce197d5eedb5498917afe7ca3f7275ffeb191f0c5d050bffa154c1d2,60.16531,24.9442,00000000fdda10fe,31.5
11890,2019-08-04T12:41:26Z,cf05623e4d87ce0906c0b0b7dbf53aacc1228016cd27c341228b6e76,60.18203,24.91341,00000000342570c2,17.4
11891,2019-08-04T12:41:26Z,cfc0bedb78ded52749db3188cb188bf6a250ef5990da9c5afa9623fc,60.14951,24.92138,0000000006dd41f6,17.4
11892,2019-08-04T12:41:26Z,d0a50f3001c258a38880550f6c0835fcaa85f0a6d36687dc5de98f3b,60.16629,24.95957,00000000fb7600be,17.4
11893,2019-08-04T12:41:26Z,d48f030c95edb2a3ab176a0ad469436dc60c047f94debbd5917a2704,60.14947,24.91438,000000004ef3150d,21.87
11894,2019-08-04T12:41:26Z,d661caec7a5da6aef734734bbf9090debe494c1afd98050f88f269bd,60.16829,24.94214,00000000afef4555,16.1
11895,2019-08-04T12:41:26Z,dcb7e8bb90af70568c12a902d706c70e1ac1213e31ba074756f0a27a,60.1538,24.95595,0000000038bf9618,27.28
11896,2019-08-04T12:41:26Z,ded49640b591e73bff71f84fb99d2739eb6c9554164a015017725e03,60.16829,24.94214,00000000afef4555,13.75
11897,2019-08-04T12:41:26Z,e8a3f9989b92ca25b37254bbeed32fd40c4e06d6322ba4b873eae590,60.16448,24.97323,0000000053c6c2be,41.64
11898,2019-08-04T12:41:26Z,e8e366e76c97944e23c0f80b4fd3ce6e5832744922297146a49f0c7e,60.16762,24.95415,000000006b44cce7,9.92
11899,2019-08-04T12:41:26Z,e96bd269a48b822b06141c3362fcb6d5ed4d0d09a120f2e4a712d5c2,60.16897,24.95222,00000000aa852af1,13.75
11900,2019-08-04T12:41:26Z,eee5797db5c3753514933a12e2485caee4ee5803b4d830ba1c22e5c5,60.14947,24.91438,000000004ef3150d,17.4
11901,2019-08-04T12:41:26Z,f088630d7476dae7d4b7e2bb1f10575f2c89acb4b6e061f3d57c2b40,60.16531,24.9442,00000000fdda10fe,21.87
11902,2019-08-04T12:41:26Z,f237103f284dc6c51c64f9728c4f56e0c855dbb1bf8c4165758c3ef0,60.16897,24.95222,00000000aa852af1,13.75
11903,2019-08-04T12:41:26Z,f405a7c4a3a4339f8e3f7e552f6492d6eed76f7d08c54943286213de,60.16762,24.95415,000000006b44cce7,17.4
11904,2019-08-04T12:41:26Z,f6609ab1076b1105bb845595a03b41b8fbb282f79c337df5bbc9f841,60.14699,24.922,00000000a53ed894,10.78
11905,2019-08-04T12:41:26Z,f94dddacf96965952551200a02b41925bcd21402aceafb12f19931af,60.16075,24.95883,00000000f1124bca,13.75
11906,2019-08-04T12:41:26Z,009ad4cd2bd97e04da44cc9789e6bdbdb899eded61d05b7d5634b7be,60.16829,24.94214,00000000afef4555,9.12
11907,2019-08-04T12:41:26Z,00a07b1f8113691d8475c54082a14cdd54decf9845a90e75df8031a6,60.17065,24.93641,000000000f4919c9,27.28
11908,2019-08-04T12:41:26Z,02290ce195d0c1a6f6c472f83372d8b189973a36922259ef2b595ec6,60.16829,24.94214,00000000afef4555,21.87
11909,2019-08-04T12:41:26Z,036c183505fea646b54aeb0c612913cafba94eca65e47d3c6d840a68,60.17918,24.95141,00000000675d5200,13.75
11910,2019-08-04T12:41:26Z,04b49a34910d12f55243dd5a756c7cc1e506e5d3cdb418cc635e9ad9,60.16762,24.95415,000000006b44cce7,11.7
11911,2019-08-04T12:41:26Z,05d441c83d2df822feaf93d7861452db7a201f22d84cfa36f421dfd2,60.16544,24.95398,0000000038d83d41,21.87
11912,2019-08-04T12:41:26Z,07444c376c2a48ed91a2f5462cab887c00378edb4175ee969deb207e,60.18203,24.91341,00000000342570c2,29.32
11913,2019-08-04T12:41:26Z,0745a2141a9beee786a347d3ee1b071719fd2f4abfeeab7f5248c0ad,60.14699,24.922,00000000a53ed894,27.28
11914,2019-08-04T12:41:26Z,08171a3d6565fe801fb5288c1100877c6835f5c3c9039afaebfa1cf1,60.149,24.9843,00000000fffb8cf0,36.27
11915,2019-08-04T12:41:26Z,0a0acb70a8ef92be52a64d4425e70bb2f7a17d13942c3382c9d68878,60.149,24.9843,00000000fffb8cf0,1.88
11916,2019-08-04T12:41:26Z,0a5616e066b42895361324cfa8abef41d849a55e3e4bed429bab494b,60.16829,24.94214,00000000afef4555,5.91
11917,2019-08-04T12:41:26Z,0a5ed50daf13dd10744537aa851ac7ab1d34d9797ec6ab6e2402aebb,60.16762,24.95415,000000006b44cce7,5.91
11918,2019-08-04T12:41:26Z,0a8eb41acf097f79d7e145d7a002bbaa9f5017b44076ad66b2dbe053,60.16762,24.95415,000000006b44cce7,17.4
11919,2019-08-04T12:41:26Z,0aabf0df4c3c5b45bb8950c92dbe624985f19e8650ed61f92571a65a,60.14699,24.922,00000000a53ed894,6.46
11920,2019-08-04T12:41:26Z,0acb4bd7319729fea4acf035921d1136d86a307a60b4444669cede1a,60.14699,24.922,00000000a53ed894,5.41
11921,2019-08-04T12:41:26Z,0b0dd9af9d52c68ff71ce266d6707abbb0f56c3c63be0f83f7b5df9b,60.16762,24.95415,000000006b44cce7,4.94
11922,2019-08-04T12:41:26Z,0c905239b8c0e14cba671cf4d4d715d1045a30ee62a6285fb489dbb0,60.16829,24.94214,00000000afef4555,11.7
11923,2019-08-04T12:41:26Z,0d3525b13d674f1645fdbe6d842fe37b2f416889c5472e9dfcc5445c,60.14947,24.91438,000000004ef3150d,3.74
11924,2019-08-04T12:41:26Z,0d8341f0125a5323521549248771d5448e5f788aefe9b989e3b20114,60.16829,24.94214,00000000afef4555,23.56
11925,2019-08-04T12:41:26Z,0edfab64a80649c1b0b39aec3f774c4eab39a95d487fb651e1dc3329,60.16762,24.95415,000000006b44cce7,14.89
11926,2019-08-04T12:41:26Z,0ef4d4e0ed1d5a16b616f3722210deaa1f3be532439fb707802f70a2,60.16075,24.95883,00000000f1124bca,33.81
11927,2019-08-04T12:41:26Z,0fe681ee4c4c70c99bbacaf42e0d3c9bffc5818eb71197978a94b021,60.16762,24.95415,000000006b44cce7,13.75
11928,2019-08-04T12:41:26Z,10a99e791e27975dc1c9d73d3163cabacf3bd7bd05a4f7abf6365426,60.14699,24.922,00000000a53ed894,8.38
11929,2019-08-04T12:41:26Z,10caaea8002e8b3b342b32710efdd7305ff375ca1cdc01411f66b2f6,60.14699,24.922,00000000a53ed894,4.94
11930,2019-08-04T12:41:26Z,120a63917cb5ab619bf9a71328f14020736ee84e75d5b37278748def,60.16897,24.95222,00000000aa852af1,12.69
11931,2019-08-04T12:41:26Z,1240f5fbc405049e174fb4ad534e104eeddab72ae2aec4e434e7a36c,60.16897,24.95222,00000000aa852af1,25.36
11932,2019-08-04T12:41:26Z,124cce476184e061b136f481014a2abc7208d30e4e520ffd90c85adb,60.17002,24.94407,000000006b087f40,13.75
11933,2019-08-04T12:41:26Z,128df515b075ffc54794d311944f31b9b1c1132d182943a9880e5bc0,60.16544,24.95398,0000000038d83d41,16.1
11934,2019-08-04T12:41:26Z,13bcedb8c59b26417282929d81844b272c7c5bc295614f531219a8e4,60.14947,24.91438,000000004ef3150d,17.4
11935,2019-08-04T12:41:26Z,13ee67fb034e3d24edc9a9618e9d6de24979ebbcb399f83abb02a897,60.14699,24.922,00000000a53ed894,10.78
11936,2019-08-04T12:41:26Z,1423891c6ee1edc7da83904378a35aef2e5797db95b117651d676934,60.16762,24.95415,000000006b44cce7,11.7
11937,2019-08-04T12:41:26Z,1496ce9cf373a2a508a8ab0b7aa0604dd889fd69483881c3752219af,60.14699,24.922,00000000a53ed894,10.78
11938,2019-08-04T12:41:26Z,15c8c2ab70ffd0d669483e6b2e0094997b8975af22ae063ece71ce38,60.16762,24.95415,000000006b44cce7,29.32
11939,2019-08-04T12:41:26Z,15ee12e5f9be00a79b0cbbc9912f51cbfa3e486624567e1bde938fb6,60.1538,24.95595,0000000038bf9618,18.79
11940,2019-08-04T12:41:26Z,171a752ceacd35c6e27c36e67da80ba960a246c0977f0bdca139a472,60.14699,24.922,00000000a53ed894,9.92
11941,2019-08-04T12:41:26Z,1769031b7f4d75de0541e26427b9ecc92c84b80992e3b36bb8eb799e,60.16829,24.94214,00000000afef4555,7.05
11942,2019-08-04T12:41:26Z,17af6ab252328066d6b13406084507dfa7a7f6db3030872e7f87223d,60.17065,24.93641,000000000f4919c9,18.79
11943,2019-08-04T12:41:26Z,1a93dfa31156cee53b4bd527d8b74655a5da812b6933d8a86d871e47,60.14947,24.91438,000000004ef3150d,8.38
11944,2019-08-04T12:41:26Z,1aacd77e1fdbe1544cf1ab29a00642d77ce4a075e388e8a2108aa39b,60.16829,24.94214,00000000afef4555,21.87
11945,2019-08-04T12:41:26Z,1ad0b84716a79851fa8db7a993012f0c8e496d6cba9d028a546285a2,60.16897,24.95222,00000000aa852af1,13.75
11946,2019-08-04T12:41:26Z,1b3fba902b8d1538b508cdc228fd15fdd87f5aecb68e5611b1a4e354,60.16762,24.95415,000000006b44cce7,3.09
11947,2019-08-04T12:41:26Z,1bcef866fafad7c7460a084e0b0d27c087b549f4ae704390708be47e,60.149,24.9843,00000000fffb8cf0,7.05
11948,2019-08-04T12:41:26Z,1c669457535e4635f732c228ec524f9d2c440b0d2132fa1acd93122a,60.16897,24.95222,00000000aa852af1,18.79
11949,2019-08-04T12:41:26Z,1c7ccd5d6570d98e57ef2ebbd716b7504b138f9bb616fbeaa0d1a268,60.14699,24.922,00000000a53ed894,5.41
11950,2019-08-04T12:41:26Z,1c97d2bebb0ebb21f9e68c4c27224b7f8d52178c0bf62341cd087e15,60.14699,24.922,00000000a53ed894,12.69
11951,2019-08-04T12:41:26Z,1d4841b6905c46f3c38f79540bae2a88a4e660692149506c0db9da33,60.15432,24.9211,0000000019fb59c4,21.87
11952,2019-08-04T12:41:26Z,1e24a2120b13c780dbb3a67a73f5058d1847f126fd5f5952e6dddcd3,60.16075,24.95883,00000000f1124bca,14.89
11953,2019-08-04T12:41:26Z,1ec58e626d2335aeeaa7c7d8f715d4334274dbd43448fb62c3901ef6,60.16829,24.94214,00000000afef4555,13.75
11954,2019-08-04T12:41:26Z,1f81ed7274add201d3059d4a37e2bbe86b6ae1f0fd42a16d7b8dccaa,60.14699,24.922,00000000a53ed894,10.78
11955,2019-08-04T12:41:26Z,203a0c145a43c9a18f8c2a5ba4e18882e7430662bb4ac0e56ab37578,60.17065,24.93641,000000000f4919c9,13.75
11956,2019-08-04T12:41:26Z,209f23b29f40b8bb8ebec8446830bc674706e222179ceeab18277168,60.16762,24.95415,000000006b44cce7,10.78
11957,2019-08-04T12:41:26Z,20ac7b2ace7c0038aa8df01b9281a9c54f1551fc8ab9b662b1f1ca22,60.18203,24.91341,00000000342570c2,18.79
11958,2019-08-04T12:41:26Z,21eed3ade733687b8f56fade8290819b7c6b4a9f38468979fe692c3e,60.16762,24.95415,000000006b44cce7,8.38
11959,2019-08-04T12:41:26Z,2204ba387d2db0e7d2ca03f7ace46abff8d141668b73c75a1879d7ba,60.14947,24.91438,000000004ef3150d,8.38
11960,2019-08-04T12:41:26Z,231026899a6d5b326cb5b1e38b182ca1acb77c7e27bc2378973b29db,60.16629,24.95957,00000000fb7600be,21.87
11961,2019-08-04T12:41:26Z,244b51aa4a7059ba782925258111c295aa4de9596025c55ccd5580ac,60.16829,24.94214,00000000afef4555,17.4
11962,2019-08-04T12:41:26Z,250f7cf6c6d1296e84c45fb8621a0704eb5243471980b5187dc40cdd,60.14699,24.922,00000000a53ed894,14.89
11963,2019-08-04T12:41:26Z,2551a9e1b8a03c8e0e378ed37c0130b6e4105ec6b949de9e5a670be8,60.14699,24.922,00000000a53ed894,13.75
11964,2019-08-04T12:41:26Z,257206d3f59df5c426a9c735f4741cba6d792de1cbafe62289d383d7,60.16897,24.95222,00000000aa852af1,10.78
11965,2019-08-04T12:41:26Z,2607d1b2fc6e31a80348fffbed68a7d3a8e0212f197f2d1c573c587b,60.14947,24.91438,000000004ef3150d,1.54
11966,2019-08-04T12:41:26Z,26446b74d2d7b573cafeb665dbef395a1091dfa51b51cdf114690e72,60.14699,24.922,00000000a53ed894,25.36
11967,2019-08-04T12:41:26Z,267b66cc2e81a226d253a8f3228a4b45e1fabb634bba60fd0cc21a8d,60.14699,24.922,00000000a53ed894,13.75
11968,2019-08-04T12:41:26Z,269124e75b1e74a7c7dc93b778e02f04d0a53e069a90081c0938ee4c,60.14699,24.922,00000000a53ed894,14.89
11969,2019-08-04T12:41:26Z,279a61d9e903f361f2a2aad4d06dd261e4c74f1c549cfe7f9da8917e,60.16629,24.95957,00000000fb7600be,21.87
11970,2019-08-04T12:41:26Z,27d4452dcae7c8e389fc21669cb3ccaedac87d45d4b1a50131c939e4,60.16762,24.95415,000000006b44cce7,4.94
11971,2019-08-04T12:41:26Z,28b43564f7156b67db7cb7b779e948986d7610f921490f9030379704,60.16897,24.95222,00000000aa852af1,8.38
11972,2019-08-04T12:41:26Z,2969cdb120f2d285c556abfe5bac2f8090571f61aba227a474a534d2,60.17065,24.93641,000000000f4919c9,2.54
11973,2019-08-04T12:41:26Z,29a1ee6c0907a00ec6b6dcbb187f5c31d1a11b261aabd339210ee013,60.16897,24.95222,00000000aa852af1,3.4
11974,2019-08-04T12:41:26Z,2a47bdc66249162a9588347a6cbe7895fe798bb25c1194cd69fb1e8b,60.14699,24.922,00000000a53ed894,11.7
11975,2019-08-04T12:41:26Z,2e86f9a432e00fa6ff5b8744ffecbe22a02b4316779bc8b4078af2e2,60.149,24.9843,00000000fffb8cf0,23.56
11976,2019-08-04T12:41:26Z,2ee2e108ed9051b1ccf4d3ee89931dfd53170af0b558fa6579b83e8d,60.15432,24.9211,0000000019fb59c4,13.75
11977,2019-08-04T12:41:26Z,2f08dbfbbe5577f04ea9826f72d5452ddf5fd9bb892769382ea5a4ca,60.16762,24.95415,000000006b44cce7,12.69
11978,2019-08-04T12:41:26Z,2ff487dabdafef45d633bd5239b8f21bc2f5fa019150a45f204eb8be,60.149,24.9843,00000000fffb8cf0,29.32
11979,2019-08-04T12:41:26Z,3135e514887a9d4d752c38f7871f95e0d5ae90ff40dc9ee03c3b81db,60.16762,24.95415,000000006b44cce7,27.28
11980,2019-08-04T12:41:26Z,32708990f2c831e65f70f2682baf5188fc93348b9a9e78ada8db2bf4,60.14947,24.91438,000000004ef3150d,4.11
11981,2019-08-04T12:41:26Z,32f77f5019e5fce30881c214487361e2e34b8c93277f6e546de72012,60.1638,24.96846,00000000d747f075,29.32
11982,2019-08-04T12:41:26Z,3303170e10852dac3d5bc7188d1b93ece109e216e6c9b13a007c1b00,60.16762,24.95415,000000006b44cce7,13.75
11983,2019-08-04T12:41:26Z,33634cb1e3fc5d4a621e8717d203da8533ed27531a70c6cbe3abf3fa,60.16762,24.95415,000000006b44cce7,2.3
11984,2019-08-04T12:41:26Z,33ec502792a84f23fed03cf16e483d153c65e2850a2549f47034726a,60.16762,24.95415,000000006b44cce7,9.92
11985,2019-08-04T12:41:26Z,3405b45677395f577b17b4f3f98f4e4acf64510ac518139bea7227fd,60.16829,24.94214,00000000afef4555,10.78
11986,2019-08-04T12:41:26Z,349dd839e41cff363cc4b935496e52b93be15233e508aa82987859bd,60.16075,24.95883,00000000f1124bca,13.75
11987,2019-08-04T12:41:26Z,352427714fc6e8591df6bd227dde05d3b7ba0881742eee4ae750dcc4,60.15432,24.9211,0000000019fb59c4,25.36
11988,2019-08-04T12:41:26Z,358d7986d5bf2a0624fb1412a157b3c7b12f90653457e15a76bbdf50,60.16629,24.95957,00000000fb7600be,16.1
11989,2019-08-04T12:41:26Z,35a958343879c000cfc3f0c01afbc7d54934265828677bf4aefef84f,60.14699,24.922,00000000a53ed894,12.69
11990,2019-08-04T12:41:26Z,35e6e075578d7a51e510bf8904bde33f1d117264eea0917db98d4808,60.16897,24.95222,00000000aa852af1,6.46
11991,2019-08-04T12:41:26Z,36f876050503d244f74f3cbadcef716904eb2b245190d474b0cfa794,60.16762,24.95415,000000006b44cce7,9.92
11992,2019-08-04T12:41:26Z,3721331dbb97151d17938ed835ffc7208eba26fba6100c62870a3a4f,60.14947,24.91438,000000004ef3150d,5.41
11993,2019-08-04T12:41:26Z,37945fa4e7409fab98aa8bde45081f5bd083def0059485274ad552c0,60.17919,24.95181,000000007b5207b6,6.46
11994,2019-08-04T12:41:26Z,37ddd8a82f13a78fbe5f35fdf0b6d87be93f2d76ea725c2b0b5b0ebf,60.16762,24.95415,000000006b44cce7,23.56
11995,2019-08-04T12:41:26Z,39384affce73de5534e6b28e6757781ad6130ef205ee585f3c64b58e,60.14951,24.92138,0000000006dd41f6,21.87
11996,2019-08-04T12:41:26Z,395c2fb9c5868607d4c5972103e399bc99c9aef007c21439142a217e,60.17002,24.94407,000000006b087f40,27.28
11997,2019-08-04T12:41:26Z,39f03a3a5fd777feee270921a7f51daec12ea679b542b0aaf2e808d7,60.149,24.9843,00000000fffb8cf0,16.1
11998,2019-08-04T12:41:26Z,3a6ce73ea4c03a14fc0d3d099e4698d3c1051a2e8e4bd552d5de394d,60.14947,24.91438,000000004ef3150d,6.46
11999,2019-08-04T12:41:26Z,3abc507346480858d62b69d6e29c3b0700ac193520668e17a4ce7cbb,60.16762,24.95415,000000006b44cce7,18.79
12000,2019-08-04T12:41:26Z,3af48668fcfc51b261558246e08ae2f7f3bb9d4252e908e38c9db003,60.14699,24.922,00000000a53ed894,18.79
12001,2019-08-04T12:41:26Z,3b73bf57d223bcb9b930ee8619e6603e52485b221389c64d85614baf,60.16897,24.95222,00000000aa852af1,8.38
12002,2019-08-04T12:41:26Z,3be48824225ca9f2aea5653f6ce21181a76e67a8d4b8361f0cba1f8a,60.14947,24.91438,000000004ef3150d,9.92
12003,2019-08-04T12:41:26Z,3e4965f1ed580ddf80246b1b78cbc55b73c11d67573d9cede2a7ccf7,60.16829,24.94214,00000000afef4555,9.92
12004,2019-08-04T12:41:26Z,3e99999f43f3bd9e105e735eeb92531a4301e7f258c90535acfba9ae,60.16531,24.9442,00000000fdda10fe,23.56
12005,2019-08-04T12:41:26Z,3ec0a34310840b3aa1aa32a3f2bffbe426e91a242dc6eb5c1e86bba7,60.16448,24.97323,0000000053c6c2be,29.32
12006,2019-08-04T12:41:26Z,3ffe89aa6ab1e57883e21fa8f15969f46a5f487bccb2b993eadb3cfb,60.14699,24.922,00000000a53ed894,11.7
12007,2019-08-04T12:41:26Z,403f209e525e5159d33b2056ebebcfa95ff94baf8ae3d9b3442c3090,60.14699,24.922,00000000a53ed894,9.92
12008,2019-08-04T12:41:26Z,42168beaa0acd47be6bf8e4209edb348c9d27b18517c7420d454a24f,60.17065,24.93641,000000000f4919c9,17.4
12009,2019-08-04T12:41:26Z,429295e322e9f143f79e9a6340e4974858aa9aa2f5ed6e8512dd00cd,60.14699,24.922,00000000a53ed894,12.69
12010,2019-08-04T12:41:26Z,42d4eb6044091814f327d0b01dc9ae701506417af1a8ab7f4161650d,60.14951,24.92138,0000000006dd41f6,11.7
12011,2019-08-04T12:41:26Z,42da4298ed9f522421f17714e024d9b8fe22e7546df3deeb8b139bd3,60.16075,24.95883,00000000f1124bca,5.41
12012,2019-08-04T12:41:26Z,431375be6b9405ef55878f3aa0bb5dd6a35db8ba650a2bce05081c49,60.14947,24.91438,000000004ef3150d,29.32
12013,2019-08-04T12:41:26Z,436df7106ce19510536cf507d8939633784f67da2f872970e0d3ba43,60.16829,24.94214,00000000afef4555,13.75
12014,2019-08-04T12:41:26Z,447f951c07ece4b9f8a41fed54b5911f4f8033b69f5a62bfd0cf1d97,60.14699,24.922,00000000a53ed894,16.1
12015,2019-08-04T12:41:26Z,4533d27e96c5c6637ddff4243672d658fea4004970652882357105a9,60.14699,24.922,00000000a53ed894,14.89
12016,2019-08-04T12:41:26Z,4602ff9d03f6bf4fbb82976098cc1c73e7a7e754050401c772d1406e,60.14947,24.91438,000000004ef3150d,10.78
12017,2019-08-04T12:41:26Z,467a01a257fbaad22bd4aebafc8f284c9ad3effc429475e57c214e9d,60.14699,24.922,00000000a53ed894,14.89
12018,2019-08-04T12:41:26Z,47b8aba771bed6ec3a7d57932c44fe859bcf6300054b3acc9d885105,60.14947,24.91438,000000004ef3150d,9.92
12019,2019-08-04T12:41:26Z,47bc9ff9097f9ef5f1862e48b4a42f6a9ddd30c4ef2b6eb43291a7a5,60.14699,24.922,00000000a53ed894,11.7
12020,2019-08-04T12:41:26Z,48f665ebb1a71b0d84fc02bd71918c5ab5608328db534639cbd2a255,60.14947,24.91438,000000004ef3150d,6.46
12021,2019-08-04T12:41:26Z,4b1050cc517631e36206d3528399c0b14748daec8c7d1b5dfa412299,60.15432,24.9211,0000000019fb59c4,3.4
12022,2019-08-04T12:41:26Z,4b85388cdaec2b4c15b546160ee326d9668a5e5d3c7b08d0c539946e,60.17919,24.95181,000000007b5207b6,8.38
12023,2019-08-04T12:41:26Z,4be50f3eb033f3f46e3069049c8e0a34dc8a2607741c1764369ba4c2,60.16762,24.95415,000000006b44cce7,4.5
12024,2019-08-04T12:41:26Z,4bf75585466f0aafa2ed2956fe4b0f7235b4ba3a0606a52219b3156c,60.14699,24.922,00000000a53ed894,7.05
12025,2019-08-04T12:41:26Z,4cadc8cc23fd84febb6a8383030a34c97b3388a8c9ed7a64cc0f51a6,60.14947,24.91438,000000004ef3150d,10.78
12026,2019-08-04T12:41:26Z,4ebdb6165c5d4892cdc21711313b98b1545bececfb886192c6f0ef22,60.16762,24.95415,000000006b44cce7,9.92
12027,2019-08-04T12:41:26Z,4efc969b8b738c051c221bf9d7829089b44cec23dd378fd86e7fb8be,60.173,24.92524,0000000096918cfa,18.79
12028,2019-08-04T12:41:26Z,4f4940c5c77737c5b8f2fbd5a1b65886ea5f6e0e4fcd50447e11ce21,60.16075,24.95883,00000000f1124bca,16.1
12029,2019-08-04T12:41:26Z,50cb63669a1534d5187e4e76c7b10e57705b61e8237469a9afd253b8,60.16762,24.95415,000000006b44cce7,16.1
12030,2019-08-04T12:41:26Z,50e21d119f102cee2afe3ac7f1a32032527638769b05aca582d6ecb1,60.16762,24.95415,000000006b44cce7,11.7
12031,2019-08-04T12:41:26Z,514a3981fad6c695ac4940f09374b5d1c2e84d2ca835084ef8707714,60.16075,24.95883,00000000f1124bca,11.7
12032,2019-08-04T12:41:26Z,52072bd384eaaf4a6958af5510ed039d194dee47f34667bc7bccbe0e,60.14699,24.922,00000000a53ed894,5.91
12033,2019-08-04T12:41:26Z,52939581c6c8dd3407dbf44ea9e90471e4bbadfb7e3740a0ba8324f3,60.14699,24.922,00000000a53ed894,8.38
12034,2019-08-04T12:41:26Z,54065d53a62079540c4be1e19eafa5dd581e8ec35da0c31844438e0b,60.149,24.9843,00000000fffb8cf0,31.5
12035,2019-08-04T12:41:26Z,552e7d20be831c5ebfa503ba78ed542d6ece4ecad264308d5dc37a31,60.14699,24.922,00000000a53ed894,11.7
12036,2019-08-04T12:41:26Z,5554305bad43a71cf98d83e92708c7474c1efc189392c1ea94231e9c,60.16531,24.9442,00000000fdda10fe,2.08
12037,2019-08-04T12:41:26Z,56b8eace741e5227a40ea0a64601a737648080c63d6240b0dca632c4,60.16075,24.95883,00000000f1124bca,9.92
12038,2019-08-04T12:41:26Z,570dc61d53aec66ede39dfde66339640878453afc00cd1a55c60bca7,60.16544,24.95398,0000000038d83d41,18.79
12039,2019-08-04T12:41:26Z,571934189bf349efb6f596e76c21612cf9b82ed44913090169936048,60.17065,24.93641,000000000f4919c9,14.89
12040,2019-08-04T12:41:26Z,571e65d939060a58396de22fc44d8842fc9de986824670ad765ec596,60.16762,24.95415,000000006b44cce7,14.89
12041,2019-08-04T12:41:26Z,57bb8beeec6904b9a5cfe83c4ff9a80e63157780137f03de2a4152d3,60.16762,24.95415,000000006b44cce7,17.4
12042,2019-08-04T12:41:26Z,57f88614f91a133004ac1a6dea31a4090f899646a5f62ece691d87af,60.16762,24.95415,000000006b44cce7,10.78
12043,2019-08-04T12:41:26Z,58411163d307bb308f9c94a9720e9ce5ab0ce4f5617cd2b1fcc2037a,60.16762,24.95415,000000006b44cce7,10.78
12044,2019-08-04T12:41:26Z,584cb0b0cdd14e608c8b57c8aecc9826f9b40027e365e2438a444ea2,60.16762,24.95415,000000006b44cce7,11.7
12045,2019-08-04T12:41:26Z,59b01cbdec8ff06fa6d50bac00c3f5f4c45132fc8a62800c08df5d6a,60.16629,24.95957,00000000fb7600be,14.89
12046,2019-08-04T12:41:26Z,5b102c62b98f29bd801e4dd0e9ddbc113db3faa38d59990b9ba5e9ec,60.173,24.92524,0000000096918cfa,23.56
12047,2019-08-04T12:41:26Z,5bc858089bff2f1880f1807e91f165ebf9f1b5841445adcdfb988ddf,60.16829,24.94214,00000000afef4555,21.87
12048,2019-08-04T12:41:26Z,5bf59468120b0262b74eebaba2a7ee8274f3c8165ddcf6f38eae92a8,60.16829,24.94214,00000000afef4555,18.79
12049,2019-08-04T12:41:26Z,5cd5117066c75a1cb83d3896a7eba3f3472e133f0013ea7d4e95daaa,60.14699,24.922,00000000a53ed894,4.94
12050,2019-08-04T12:41:26Z,5d70086d53447ee393249cef33c7bae814c1d7c2e3055fc91b38786c,60.17919,24.95181,000000007b5207b6,9.92
12051,2019-08-04T12:41:26Z,5e7916ca910b02abf2d19906759663c23db63950a353fa546f55c8af,60.14699,24.922,00000000a53ed894,5.91
12052,2019-08-04T12:41:26Z,604a02f00cf5d2e059c26ee48a07cd30e608c4b00f17f447c028da58,60.16762,24.95415,000000006b44cce7,17.4
12053,2019-08-04T12:41:26Z,60d9b71ec38b796bf876dedfaf3112b49ff79677480c7603902857ae,60.14947,24.91438,000000004ef3150d,27.28
12054,2019-08-04T12:41:26Z,614ab7fba7255f6bf6f888e9a04d589962f756b3f427e658f10014f2,60.16075,24.95883,00000000f1124bca,9.12
12055,2019-08-04T12:41:26Z,62a6fe2d9b3b5b4533c51253f8842428bd797b3c6a95a7816ec472ed,60.14947,24.91438,000000004ef3150d,9.12
12056,2019-08-04T12:41:26Z,63a87f20dbfd068c086129312c165b6e9b1da2ea6c999be1dd1b8391,60.16762,24.95415,000000006b44cce7,25.36
12057,2019-08-04T12:41:26Z,63d99db5b2b7360c501446ea5e89feba9bd1c6735a7670039916f2ad,60.1538,24.95595,0000000038bf9618,27.28
12058,2019-08-04T12:41:26Z,63defb71d4c3856253a0a2d67a5c370b91ad0527703b334a63fe5344,60.14947,24.91438,000000004ef3150d,9.92
12059,2019-08-04T12:41:26Z,643ef3f01a51bea3c4510d4060a945cd510e5189236d68f5c9489034,60.16829,24.94214,00000000afef4555,3.09
12060,2019-08-04T12:41:26Z,64638a9f9e6c9b32fc4b484b55e4934fcab6cb04605cc76d5f5534b7,60.17065,24.93641,000000000f4919c9,4.94
12061,2019-08-04T12:41:26Z,64d86288e491374eed34c68c82763c2e5dbc87113cf5ca44f23233ba,60.16829,24.94214,00000000afef4555,10.78
12062,2019-08-04T12:41:26Z,64e34af775b57908b23056a31d60ef3b005941f2e7c3db0c49df675d,60.17065,24.93641,000000000f4919c9,4.5
12063,2019-08-04T12:41:26Z,6503762f2cac51cc2b74da1efa6b16583ed11c9a528d7716b7829c0b,60.16829,24.94214,00000000afef4555,13.75
12064,2019-08-04T12:41:26Z,6516a10850095847a8156717b0fba05a9bdc9b5bfedd691ddb07f119,60.14699,24.922,00000000a53ed894,7.69
12065,2019-08-04T12:41:26Z,651f9b318df5377987b240a35093e4a3fb2db0e83b4b5e012f9f7178,60.16897,24.95222,00000000aa852af1,25.36
12066,2019-08-04T12:41:26Z,6525cc634176c25187e68e0d067bcfecfd78e399e93db4ee9d408b7e,60.17919,24.95181,000000007b5207b6,20.28
12067,2019-08-04T12:41:26Z,65de3b8621fadfc61e9d3657dc477ea9867f9d093f80cf0857dcad88,60.16762,24.95415,000000006b44cce7,9.12
12068,2019-08-04T12:41:26Z,66b9cea6cd979b4e9e391e0ef854e2cc38eca6fb9e166811e39edd11,60.16544,24.95398,0000000038d83d41,21.87
12069,2019-08-04T12:41:26Z,6723bebaab92d1a9f8b4318fd4f497a6dec6d7f8e0eafca443925213,60.16075,24.95883,00000000f1124bca,12.69
12070,2019-08-04T12:41:26Z,67591d427f60ba3c369ac0d78088fca7be33081501508d16401dd6cb,60.16762,24.95415,000000006b44cce7,3.4
12071,2019-08-04T12:41:26Z,675eacdf32b5b831fd118fc5539eea4b3cef4bd11e2e1706a9571222,60.16829,24.94214,00000000afef4555,17.4
12072,2019-08-04T12:41:26Z,6774ed72eaf69d7c4aaeeef90990f969954155bbcc52652e75e7deef,60.16829,24.94214,00000000afef4555,13.75
12073,2019-08-04T12:41:26Z,677c53ae4056d6cb123ca576ba5284664b1c7e3e88818bd19b5dd99a,60.17919,24.95181,000000007b5207b6,10.78
12074,2019-08-04T12:41:26Z,6875e3632a29207e29ded33617e66d55de5d8c7804fecedd6f1dfe12,60.14699,24.922,00000000a53ed894,8.38
12075,2019-08-04T12:41:26Z,698b200b63a644828a7314691a16af2af1bccef75d52abb5591a5542,60.14699,24.922,00000000a53ed894,9.92
12076,2019-08-04T12:41:26Z,6b97071051ccf5db7e5ebee033d4f68d58ed6917ff2fac5b205a6605,60.17065,24.93641,000000000f4919c9,12.69
12077,2019-08-04T12:41:26Z,6c7e018abdf8462af7c7b003bc30f915184f7082e9e865a2c502eed5,60.14699,24.922,00000000a53ed894,7.69
12078,2019-08-04T12:41:26Z,6cc185919c410bfc359b488921554d891f9748da570db062229c7ec7,60.15432,24.9211,0000000019fb59c4,36.27
12079,2019-08-04T12:41:26Z,6f3dd17e40daabb4efe868f1b859dc00ecc01846f0a0e2b8db5d1413,60.17918,24.95141,00000000675d5200,10.78
12080,2019-08-04T12:41:26Z,6fdf4cfc3a0774e204869ab43ef69c6306cc40c0fd8bbb0f8b505e3a,60.16829,24.94214,00000000afef4555,23.56
12081,2019-08-04T12:41:26Z,6ff93560ca77c6e5a25bc7441cf33cf7fa0138b3da4d99b2dbf5531b,60.14947,24.91438,000000004ef3150d,16.1
12082,2019-08-04T12:41:26Z,70c56152af84cf1bad4d19b0cb31202232b4cd4320ce5ea48895e42b,60.14947,24.91438,000000004ef3150d,11.7
12083,2019-08-04T12:41:26Z,71479e7c1c4fd96468f16800ff04484480c76e0953d2074500b0df31,60.17919,24.95181,000000007b5207b6,18.79
12084,2019-08-04T12:41:26Z,72231bca658d3a16f3bf9c26ba5f13393b8377e4ab0b9ed3de6c811f,60.14699,24.922,00000000a53ed894,14.89
12085,2019-08-04T12:41:26Z,733f21ebebe353e10a55a74b40a0a480e6d276334d4f3d8bcf85b711,60.16075,24.95883,00000000f1124bca,20.28
12086,2019-08-04T12:41:26Z,738ce77abafd1ca6f80e6f28e84d1b1886db4cfda3be6ffcdf52c1b1,60.14699,24.922,00000000a53ed894,7.05
12087,2019-08-04T12:41:26Z,73aa46087286af57e3778006af596aa587686a1db1d4b8708764a520,60.16762,24.95415,000000006b44cce7,12.69
12088,2019-08-04T12:41:26Z,745e52dafbfa395ea41c5fcd0c2717b9091e44d19ab89e03991fdbb7,60.16762,24.95415,000000006b44cce7,8.38
12089,2019-08-04T12:41:26Z,7470acbcae5ee27e98f825f59d55cc8115045d611f5d0cd3dbfd81c8,60.16075,24.95883,00000000f1124bca,25.36
12090,2019-08-04T12:41:26Z,74a878d7b0f9bdc972ea66d8945447a7cc0ce8c1cbee6fa6470470cb,60.16629,24.95957,00000000fb7600be,20.28
12091,2019-08-04T12:41:26Z,75724822b4cc68ff31bae6b0a745632242e1a22c87525d1b530bdeda,60.17002,24.94407,000000006b087f40,21.87
12092,2019-08-04T12:41:26Z,759f94c852ff15ca91c3138913c3858c4801702f8f0514ae82fb2a19,60.16897,24.95222,00000000aa852af1,13.75
12093,2019-08-04T12:41:26Z,7664b7f08aaa059ecf6646a595c33fae0c80715febe63e31f45a4662,60.16762,24.95415,000000006b44cce7,7.05
12094,2019-08-04T12:41:26Z,777cceac7be6303a1c82f7cc68061528b01e3aa1b3aa6481cad9e5e3,60.16075,24.95883,00000000f1124bca,9.12
12095,2019-08-04T12:41:26Z,77a12194b9a6789f4b2b8c07ae7fce3c2b531cb221e5fa7ca5deae55,60.16897,24.95222,00000000aa852af1,9.92
12096,2019-08-04T12:41:26Z,77ceaec4fde53902092d2d373c6253344ab0dfea86c11865279cd49f,60.16829,24.94214,00000000afef4555,20.28
12097,2019-08-04T12:41:26Z,79bb1e615a834d4f653cec7efc45ad5b4bbedf2a83c55b44c586ad0a,60.14947,24.91438,000000004ef3150d,10.78
12098,2019-08-04T12:41:26Z,79bde23c1a8980f93a65e14306f0d8ea89e164430d8b991e2bfee82e,60.16531,24.9442,00000000fdda10fe,14.89
12099,2019-08-04T12:41:26Z,79d26f15a82c94ac5d05e0f2b6a6beeae1f407972ec39665d7ab9535,60.16829,24.94214,00000000afef4555,5.91
12100,2019-08-04T12:41:26Z,7a4a06d20ebe57d94e5fceeaf47d5b56ad9a515818e9c20e21a80e61,60.16629,24.95957,00000000fb7600be,13.75
12101,2019-08-04T12:41:26Z,7a97375000483176c3b37cc0d1744a950d9b322ce3534208fce0b21d,60.14699,24.922,00000000a53ed894,7.05
12102,2019-08-04T12:41:26Z,7ab335e046f7f3597f8f615a90857885e35cfecefebd5d24bbf0af90,60.16075,24.95883,00000000f1124bca,7.05
12103,2019-08-04T12:41:26Z,7ad93fed82e41ea4422fa101badc698b0328c3ebf0f6b73c5164d438,60.16897,24.95222,00000000aa852af1,7.05
12104,2019-08-04T12:41:26Z,7af6672e274ebe27cdb785373a857fc5bcad92a386c36dbe3221d4f4,60.14947,24.91438,000000004ef3150d,18.79
12105,2019-08-04T12:41:26Z,7b1c2b4a083f1544ffd4b5e2e87ab8a58a7bb64abb0f8ce3e53b2ed2,60.14699,24.922,00000000a53ed894,23.56
12106,2019-08-04T12:41:26Z,7b61dc50070867948abbe5275032ae82e7643ca4158a809fe41a8b69,60.14699,24.922,00000000a53ed894,13.75
12107,2019-08-04T12:41:26Z,7bb67bcf014747e5d826f95c610d36492f31095552417a0864475491,60.14951,24.92138,0000000006dd41f6,17.4
12108,2019-08-04T12:41:26Z,7be762f58d54665c5e6668eb2fb3eae7201522ddff196bbc5eb731f0,60.14947,24.91438,000000004ef3150d,23.56
12109,2019-08-04T12:41:26Z,7d85ddf11c6bc0fefabdb00f6e37abd4f4f62ced6ce2f2031b44795e,60.17002,24.94407,000000006b087f40,18.79
12110,2019-08-04T12:41:26Z,7d9a3d84c09c3a8d6876389e216e0278048d6b924890fb275a078ffb,60.16531,24.9442,00000000fdda10fe,1.01
12111,2019-08-04T12:41:26Z,7e76449e59f1e3a1a615b54408115353fbb14d815390d03a73b1a7bb,60.14947,24.91438,000000004ef3150d,18.79
12112,2019-08-04T12:41:26Z,7ee87b87cf01698f643e1ba3117b245039edc811605df5dc802e7576,60.14947,24.91438,000000004ef3150d,38.87
12113,2019-08-04T12:41:26Z,7f786ec8e06f1ca3bdd10fc60d0114baf354125b8f6cf796d197f4cc,60.16075,24.95883,00000000f1124bca,3.74
12114,2019-08-04T12:41:26Z,7fe10e69931c2d658099a314f3fce64865329e12a7b834c375e2d5d2,60.14699,24.922,00000000a53ed894,11.7
12115,2019-08-04T12:41:26Z,80cbcb887f3e351e3bef7c5f53dccc578cc3494feec514aed7015c0d,60.16075,24.95883,00000000f1124bca,4.94
12116,2019-08-04T12:41:26Z,82411c6526228322a61f59259f13adf7cde62bd767587b6735867705,60.17919,24.95181,000000007b5207b6,4.11
12117,2019-08-04T12:41:26Z,82ce8c2420645d1eeed2751616ac691b53855581110be4cc97a61036,60.16897,24.95222,00000000aa852af1,21.87
12118,2019-08-04T12:41:26Z,83073c017c8293e4b6eab781fbc2147fafa144d33b3618abd1ae5d90,60.17065,24.93641,000000000f4919c9,27.28
12119,2019-08-04T12:41:26Z,83121a75723643c48e3c3b0a3ea5fccb532046432ca445833e8de06a,60.16762,24.95415,000000006b44cce7,4.11
12120,2019-08-04T12:41:26Z,842590c105033000cdd09b5f0e51f990329cbd8720b91931d82e30e1,60.16448,24.97323,0000000053c6c2be,21.87
12121,2019-08-04T12:41:26Z,848fdb054358a3fca79c0246f01263c92b5b48aee6b9fb6e260d7a0b,60.16829,24.94214,00000000afef4555,23.56
12122,2019-08-04T12:41:26Z,848fe01e24ccc782e5968171f53ea31d28f20a455c45d8bac8fb7374,60.173,24.92524,0000000096918cfa,12.69
12123,2019-08-04T12:41:26Z,849a662d95d4185421aff7c6213ba5d7b84cfc58c9fb30ff34054e4c,60.16075,24.95883,00000000f1124bca,10.78
12124,2019-08-04T12:41:26Z,84a2754d633d2364ab8245dd97ac58e0bfad70a8380a357871afcc01,60.17002,24.94407,000000006b087f40,25.36
12125,2019-08-04T12:41:26Z,859b417d0b562f5c4ab33c3877c95cd7cbb332db91dcd0f4e7a4f3b6,60.14699,24.922,00000000a53ed894,17.4
12126,2019-08-04T12:41:26Z,85d66944a64cfde859e7e08ca4b79f3b39d5b03141d500fe7ce73f7e,60.14699,24.922,00000000a53ed894,6.46
12127,2019-08-04T12:41:26Z,85d67c3be46ecb66832dfd9090a931e1be3dd056f718ea6786622131,60.16897,24.95222,00000000aa852af1,33.81
12128,2019-08-04T12:41:26Z,868cd7608ed6beb209db2aad8c71f56b8aec3a6b453be18e4af217a2,60.17065,24.93641,000000000f4919c9,27.28
12129,2019-08-04T12:41:26Z,87bb1abe21abfcb5e5c2039e579cff7ca863a6019207db356de5b7c2,60.14699,24.922,00000000a53ed894,10.78
12130,2019-08-04T12:41:26Z,87cbb5265cd1cc3213ddb5ed9ed2a599ddb7db0b0747121d649b0ae3,60.16544,24.95398,0000000038d83d41,21.87
12131,2019-08-04T12:41:26Z,8822ffe19dec49fe874ac377de5a0504e931e342ecc1f5b1fcb939e5,60.16897,24.95222,00000000aa852af1,18.79
12132,2019-08-04T12:41:26Z,8947a5209f3b32173d3dc72792039edf94a2711741ab041b62b30643,60.16762,24.95415,000000006b44cce7,2.8
12133,2019-08-04T12:41:26Z,896f7e896dc6f1ea44b82bf968a988cc10c358ee34821d9d7a4bd07a,60.14947,24.91438,000000004ef3150d,7.69
12134,2019-08-04T12:41:26Z,8a08b2de43a9ef03cf96610718c908e69dcacc59f536a7135b7bb542,60.16629,24.95957,00000000fb7600be,11.7
12135,2019-08-04T12:41:26Z,8a9eedc7cf775ab4e9ad2e20bdcbcbe1635808b418eedcdcceda7834,60.16762,24.95415,000000006b44cce7,11.7
12136,2019-08-04T12:41:26Z,8b641985c793a3f25a45b2460cb01f5baa6f339c6dd26ba7752d8a7a,60.16897,24.95222,00000000aa852af1,7.05
12137,2019-08-04T12:41:26Z,8ba6cfc17ca70e8304994e018ebd5eb2003177062cde05925d5cacb3,60.173,24.92524,0000000096918cfa,21.87
12138,2019-08-04T12:41:26Z,8bbf5422247a0a6be314130d8fd9ae1814401b75acf3b3ce2da9620c,60.14699,24.922,00000000a53ed894,6.46
12139,2019-08-04T12:41:26Z,8d1d0326bb359113b842bb215f8eec864280c2a8d5edf0e4d6371841,60.14699,24.922,00000000a53ed894,21.87
12140,2019-08-04T12:41:26Z,8d528b00553162a9dd47d2296d15b2fad89aad6a508424d4589618a1,60.14947,24.91438,000000004ef3150d,12.69
12141,2019-08-04T12:41:26Z,8d73f674010f5cb02e8f20251ed86a9afcb7f6b3926039470296bd00,60.17065,24.93641,000000000f4919c9,21.87
12142,2019-08-04T12:41:26Z,8d8a869e83fe2ac29e791666634a33af3ea4048ea4e752b6fb1e238c,60.14947,24.91438,000000004ef3150d,9.92
12143,2019-08-04T12:41:26Z,8dcf139eb279bcc2696420ba9da858e361600ff02cd29587f66660ec,60.16897,24.95222,00000000aa852af1,17.4
12144,2019-08-04T12:41:26Z,8edd2176e127f8d3baff43afa20a9869b1e3a4f6df8a0930b52064d1,60.14699,24.922,00000000a53ed894,21.87
12145,2019-08-04T12:41:26Z,8f9026cfff0b3ccd2e7a22e5767bee52b08ab5630d1c6ac046bf7f39,60.16544,24.95398,0000000038d83d41,27.28
12146,2019-08-04T12:41:26Z,9023a89a49a372e5f97cf86ef1b5de0164eb67cc10d394d383ab75fd,60.16829,24.94214,00000000afef4555,20.28
12147,2019-08-04T12:41:26Z,90d2c337b3629bdc073dbbe6f0793b7bf6f65d63deb77bddf24052a8,60.16897,24.95222,00000000aa852af1,36.27
12148,2019-08-04T12:41:26Z,920dc90f60b295267f63efc8f968408087b71878dc3f49f0ded1c41e,60.17919,24.95181,000000007b5207b6,23.56
12149,2019-08-04T12:41:26Z,926717d61529080dfc4c7f8cdcdc82c6490d2a5129474524b8c40ea4,60.16829,24.94214,00000000afef4555,12.69
12150,2019-08-04T12:41:26Z,93a2100e233b204243f7e69b68dea7c9a145d1b5384bd18359bf87a3,60.16531,24.9442,00000000fdda10fe,1.12
12151,2019-08-04T12:41:26Z,93e409819362e2429a43710ff4330bd3ed83011b73ae438dd7fb62d8,60.16762,24.95415,000000006b44cce7,8.38
12152,2019-08-04T12:41:26Z,9542a6d9883eb7a1065854d6f72274cf8d953b5846a4fce3fba9b00d,60.1538,24.95595,0000000038bf9618,31.5
12153,2019-08-04T12:41:26Z,9604244c18efd5978b809f021651f7743e0e64da38fcf3718f9b4f93,60.14699,24.922,00000000a53ed894,13.75
12154,2019-08-04T12:41:26Z,96b004e7ce8b4221af704fcf73c09daf78aed09c7ed5803c4bfa5bc1,60.14699,24.922,00000000a53ed894,10.78
12155,2019-08-04T12:41:26Z,97264f5808fa13851dacabf0c98525eec29849ff4b6a744cc777fd5b,60.16075,24.95883,00000000f1124bca,13.75
12156,2019-08-04T12:41:26Z,9736a8a29aee134a307e0cd4221e9b0a2ab7c48befee43fc62e9f9bd,60.14699,24.922,00000000a53ed894,8.38
12157,2019-08-04T12:41:26Z,9862cafd709b75d07c83b397773e0cf33564666cb81814bdbf5e54f2,60.16897,24.95222,00000000aa852af1,11.7
12158,2019-08-04T12:41:26Z,9868033d7f0d18f01d12a4034f37bf5d6e51e5ed9124c68d4b8b8e6c,60.14947,24.91438,000000004ef3150d,18.79
12159,2019-08-04T12:41:26Z,98bb3b6f5e2403b14b8e01616c07b03bb1fd153ded656033d7bd3533,60.16075,24.95883,00000000f1124bca,10.78
12160,2019-08-04T12:41:26Z,9a9db814dfa74ca2c2d51496299715310e81c6e6525cc9d2cb0762eb,60.16897,24.95222,00000000aa852af1,13.75
12161,2019-08-04T12:41:26Z,9acffb3f8b8720e2de83c8cfd41915d268d5eca34e0bd280eed3e6f4,60.16897,24.95222,00000000aa852af1,33.81
12162,2019-08-04T12:41:26Z,9b03b610755f4cec2e9d83a9763204e758a075614b125210bc914df5,60.16075,24.95883,00000000f1124bca,27.28
12163,2019-08-04T12:41:26Z,9bad872c31c8c5e53f064b5367350b41271d45ca8a9e508136622800,60.16897,24.95222,00000000aa852af1,7.05
12164,2019-08-04T12:41:26Z,9e3d4a4b1acd94d2896cd7cf56419110f06ea96faae37aadebd4ec77,60.14947,24.91438,000000004ef3150d,11.7
12165,2019-08-04T12:41:26Z,9fc52a61eabf679cf9cdee2c33023c321c69afc87ed71f5a6d6655b7,60.14699,24.922,00000000a53ed894,18.79
12166,2019-08-04T12:41:26Z,a0db7e8063bede2dd55c2c6cf5111932617ecace670ff65314a7d349,60.16629,24.95957,00000000fb7600be,20.28
12167,2019-08-04T12:41:26Z,a22736c5d66f417bc6b745f51492549dc2e5a3c766f5e7e23f183b41,60.14947,24.91438,000000004ef3150d,18.79
12168,2019-08-04T12:41:26Z,a38a21a97a054541f0423f03758c70227116c05254958373e3e93ad0,60.14947,24.91438,000000004ef3150d,3.4
12169,2019-08-04T12:41:26Z,a3d228482bfdd3dbdfaee1ff72b6ac00c2ee8c05e949047ce9117783,60.14699,24.922,00000000a53ed894,9.12
12170,2019-08-04T12:41:26Z,a4f416ec0941bb365e3665d7fd224fad15d74225e8ce9f6dd6368bc7,60.17065,24.93641,000000000f4919c9,14.89
12171,2019-08-04T12:41:26Z,a665682bd157db9436f4b84bae0b741d356ed033cce05f0ce442ee64,60.16762,24.95415,000000006b44cce7,23.56
12172,2019-08-04T12:41:26Z,a6f944078dd26796f5a849ccb6fdf8a4436f913cf3302597c846462d,60.16762,24.95415,000000006b44cce7,7.05
12173,2019-08-04T12:41:26Z,a7472d1b63171c047444981df223670390009e3ea502132d9963e9fb,60.14947,24.91438,000000004ef3150d,11.7
12174,2019-08-04T12:41:26Z,a7a7f84e910c87d01420156efca1675f2f263a8f7f1212bb161e73f3,60.14951,24.92138,0000000006dd41f6,17.4
12175,2019-08-04T12:41:26Z,a8c6eaffa3af655bde6a224a5f02a332a51ea9662ca7cc53d2d170db,60.16762,24.95415,000000006b44cce7,20.28
12176,2019-08-04T12:41:26Z,a8df2631c2442628608c1f0352c896eb532a6ca08c85de2c77360aa8,60.14947,24.91438,000000004ef3150d,6.46
12177,2019-08-04T12:41:26Z,a9383e1c3d9b3355965662ff18ad95dfb64daa5d8e71fc20e7e50df7,60.14699,24.922,00000000a53ed894,11.7
12178,2019-08-04T12:41:26Z,a96e9a3805def174e6ededa93b88ce312739d9d68941dffdeca03e9f,60.16762,24.95415,000000006b44cce7,4.5
12179,2019-08-04T12:41:26Z,a9dfc9065260957b1eb8dc3b11b793f73f7940fa5cb61acb16a260e2,60.16897,24.95222,00000000aa852af1,11.7
12180,2019-08-04T12:41:26Z,aa5773b59ce2bf1eee53e4e77cd3c261465d2ea538c9a85b8de30cd8,60.14947,24.91438,000000004ef3150d,14.89
12181,2019-08-04T12:41:26Z,acdcc8ae1d1c6bb055dfc108154eae58b4b894f0ce1ff174c1065c7e,60.16762,24.95415,000000006b44cce7,1.88
12182,2019-08-04T12:41:26Z,ad8af809ed47a3391bb53d11da159b3a8b0ddc264d94c049ce72bda0,60.17065,24.93641,000000000f4919c9,1.54
12183,2019-08-04T12:41:26Z,ae08ba8b9f7ef2a4326d6d7bbf452a87d08f8062feaf20cb7101d414,60.15432,24.9211,0000000019fb59c4,25.36
12184,2019-08-04T12:41:26Z,ae828cc3f1fa739d818186776cff673c88a05d0f3dedfb4a765a54fd,60.16829,24.94214,00000000afef4555,23.56
12185,2019-08-04T12:41:26Z,ae87b8dd8920695bc9e599874667205991c04e30666d8523f0be4350,60.14947,24.91438,000000004ef3150d,7.69
12186,2019-08-04T12:41:26Z,aec4b11f0b1ec075878ca4a3b94da464f6fc96e330b913d5bfd346b0,60.16897,24.95222,00000000aa852af1,6.46
12187,2019-08-04T12:41:26Z,aefdb2741d688503f8a51d5af7b715c1270e21331d0aa56b07ea3c23,60.149,24.9843,00000000fffb8cf0,27.28
12188,2019-08-04T12:41:26Z,af64ca430076b1e91eeb89134e0e026479928845cbe1943bc56104c2,60.14947,24.91438,000000004ef3150d,9.12
12189,2019-08-04T12:41:26Z,b06c7ebb0cc7182279f47fe99da297fb7bda883549cb7bbc05dff36f,60.16829,24.94214,00000000afef4555,13.75
12190,2019-08-04T12:41:26Z,b0a20a40885487350aaf5c8f46dab27d4d7e1d5c24fefec54c0c62d4,60.16829,24.94214,00000000afef4555,18.79
12191,2019-08-04T12:41:26Z,b12b27061f30d5659794f14cbed5e4726c5af1ef526611d3b2dded29,60.14947,24.91438,000000004ef3150d,8.38
12192,2019-08-04T12:41:26Z,b1c46b35a1667ba263868d803743275be782738cc3703e39ad165aa7,60.14699,24.922,00000000a53ed894,20.28
12193,2019-08-04T12:41:26Z,b26a9be85f5fd17ea58397762fa55db3c8f68fb709d586d61527c892,60.16829,24.94214,00000000afef4555,12.69
12194,2019-08-04T12:41:26Z,b2a01c2a06c3cf1a48333e58e787d9eaf2f975a738c02878220d7774,60.16829,24.94214,00000000afef4555,16.1
12195,2019-08-04T12:41:26Z,b3d99c04e3db6b698e6e54f19434461336954d0c15385bff6e557be8,60.173,24.92524,0000000096918cfa,31.5
12196,2019-08-04T12:41:26Z,b41cc64d7ab4e16a03573bdc3b5863c4b402ec66c7780c7900c02877,60.16829,24.94214,00000000afef4555,16.1
12197,2019-08-04T12:41:26Z,b523d3f8341906e4b3877ff7d9614b4e10d6bbf10afdcc6c53656c8f,60.17065,24.93641,000000000f4919c9,16.1
12198,2019-08-04T12:41:26Z,b5e3abaccf4a03480985d25eb9fbf454c87f7ad06c38c8bdeb0819fa,60.14699,24.922,00000000a53ed894,16.1
12199,2019-08-04T12:41:26Z,b7039958be9f53a3eaed97f705a1974815f52f25226e920155397bec,60.16075,24.95883,00000000f1124bca,10.78
12200,2019-08-04T12:41:26Z,b7867e052453c9caa213f48b033624b744187f4cd77c2418cf9d7b79,60.14699,24.922,00000000a53ed894,11.7
12201,2019-08-04T12:41:26Z,b82ba472f0cb919b39c31b9c737f1608f6a31ffa63352768f9fa12ea,60.16829,24.94214,00000000afef4555,16.1
12202,2019-08-04T12:41:26Z,b92c7fb1d77c3f326d59dbe2689bb5b8ff10fcd691f28b36aa98408c,60.17002,24.94407,000000006b087f40,12.69
12203,2019-08-04T12:41:26Z,b95117e603641dd0d77f12165023522553f649c2e803bc0799cc598d,60.16762,24.95415,000000006b44cce7,14.89
12204,2019-08-04T12:41:26Z,bb0193f2b0ac4801fe82ed5cec75e687465d707d92e731047f81650f,60.1538,24.95595,0000000038bf9618,4.5
12205,2019-08-04T12:41:26Z,bbaf028173308162290db328f64d6280c3a54be11015e9f4a63d8c47,60.16762,24.95415,000000006b44cce7,16.1
12206,2019-08-04T12:41:26Z,bbe1e18f88cf88928067a0221965768c1f2ae264291cea564d7eb7e8,60.16897,24.95222,00000000aa852af1,17.4
12207,2019-08-04T12:41:26Z,bbeaad18acdd3a2602aa5b07ab6ae8df489cb499c4490b3e6f561a5e,60.16544,24.95398,0000000038d83d41,16.1
12208,2019-08-04T12:41:26Z,bbf8cd606b9732370f1c0ae0e68d6d0663a23102d831dd10c0e74819,60.16897,24.95222,00000000aa852af1,9.12
12209,2019-08-04T12:41:26Z,bc07df8cc395f6f4f5d483b2233caca5f93a6918f346e4cc3702f8cc,60.16531,24.9442,00000000fdda10fe,18.79
12210,2019-08-04T12:41:26Z,bc3861c61a46fbf78a7423712f1a528cf9f8332531271933056c233f,60.16829,24.94214,00000000afef4555,1.38
12211,2019-08-04T12:41:26Z,bc478512e217b12ec7e01e1ce8247d394a57fb0c0cc72940f562adc2,60.17065,24.93641,000000000f4919c9,18.79
12212,2019-08-04T12:41:26Z,bcc1f37c9a84977aa1dab74d72394497773fae02373f12fa44050f84,60.14699,24.922,00000000a53ed894,21.87
12213,2019-08-04T12:41:26Z,bd4ec71179e7755567e37eb54b845b317af028a4effe45dcaeae19bc,60.14699,24.922,00000000a53ed894,21.87
12214,2019-08-04T12:41:26Z,bddca8fc17056f9f207a259070e281eedf4cea3e8e22093b88bbd7b5,60.14699,24.922,00000000a53ed894,9.12
12215,2019-08-04T12:41:26Z,bebf1edb9736fe66391376c4cf2a3033ab9fa83ae21f86b66392e2d0,60.16762,24.95415,000000006b44cce7,16.1
12216,2019-08-04T12:41:26Z,bf2e5725b255e320f1e8375ec03f55194f1fd9f751be9629d873a5c8,60.14699,24.922,00000000a53ed894,2.8
12217,2019-08-04T12:41:26Z,c0722f63618f97eb8ec4afac1a8538b81a3c87e623d753ad1201bf7c,60.16075,24.95883,00000000f1124bca,14.89
12218,2019-08-04T12:41:26Z,c1e4323d2276cb6e358f5fabb123294e7a0ef87e7169f3cccc8f2e03,60.16075,24.95883,00000000f1124bca,17.4
12219,2019-08-04T12:41:26Z,c22d0093a8d103f59838ad43218fa834e328847e5094bcb2e98d5307,60.16829,24.94214,00000000afef4555,14.89
12220,2019-08-04T12:41:26Z,c261834e6d2c1bd9adddb82d8c6ce2d8aad82a89e32da62f3fcc6063,60.16075,24.95883,00000000f1124bca,14.89
12221,2019-08-04T12:41:26Z,c36d58ed0e0dddb3e26be1214e369db1c3fa3d4bcf8b53536a25239b,60.17065,24.93641,000000000f4919c9,3.74
12222,2019-08-04T12:41:26Z,c3be6dcc2c0542676c20d28ce38adbe2c0b9be09caa3f22e60210636,60.16075,24.95883,00000000f1124bca,10.78
12223,2019-08-04T12:41:26Z,c493415e869d6e6304841784a120f994272b83557256b43e44e4f3e0,60.14699,24.922,00000000a53ed894,14.89
12224,2019-08-04T12:41:26Z,c4dfae0a1b1bd27741275e8f26148b119bf7225960b4275e488612b9,60.14699,24.922,00000000a53ed894,13.75
12225,2019-08-04T12:41:26Z,c551d554f64ffda092ce6c4a6715f0ed438c9649f7676b2944f1ea2f,60.14699,24.922,00000000a53ed894,11.7
12226,2019-08-04T12:41:26Z,c593e91b10da944a20d25c4237bda2fae759d288cea38bcaaee3abfa,60.16448,24.97323,0000000053c6c2be,21.87
12227,2019-08-04T12:41:26Z,c633a260ce59bad4e1ca42f12936ed8ae57a40f5e6528dfb70052c43,60.16897,24.95222,00000000aa852af1,9.92
12228,2019-08-04T12:41:26Z,c6b973b57d5574eb3341b3141a5ba2b28f477ae9e702ab4ae701cc0d,60.14699,24.922,00000000a53ed894,14.89
12229,2019-08-04T12:41:26Z,c71d8be446020d246378e1f525a13b08549d4712051cead5ccd9287f,60.16762,24.95415,000000006b44cce7,20.28
12230,2019-08-04T12:41:26Z,c728eaa7734efeabe7f33c782081caa960fcced68160e285ee477916,60.14699,24.922,00000000a53ed894,10.78
12231,2019-08-04T12:41:26Z,c7416c039513e3156222d936c483164a0914a3b5a5310985374f4767,60.17065,24.93641,000000000f4919c9,33.81
12232,2019-08-04T12:41:26Z,c7e2cfbb859ebc5dc1cba099bf270004843a57cc2aa134bab49a4f8e,60.14699,24.922,00000000a53ed894,12.69
12233,2019-08-04T12:41:26Z,c9822d9c012b25f745a2934c523f3c9e6db75fbe3f5e673475813381,60.15432,24.9211,0000000019fb59c4,23.56
12234,2019-08-04T12:41:26Z,cad80f69731ad65f7f14bf400d674e0c42de462bd42db112c9d9f261,60.16075,24.95883,00000000f1124bca,33.81
12235,2019-08-04T12:41:26Z,cbc336691f17a9c508549e03d522166247a0cd0a944321c1a7d15525,60.14699,24.922,00000000a53ed894,9.92
12236,2019-08-04T12:41:26Z,cc2cf42c6b14536fb92c810ff0e3dd5a3caa74236f14246a5b6e8cdc,60.16762,24.95415,000000006b44cce7,5.91
12237,2019-08-04T12:41:26Z,cce519499646f89fa1cbd7a6bb694401fa6c081e9ced8642718b392f,60.16762,24.95415,000000006b44cce7,23.56
12238,2019-08-04T12:41:26Z,cce6b6f309e43e2bb1be6a9784582a82891e976d0869d01040586d27,60.14947,24.91438,000000004ef3150d,4.11
12239,2019-08-04T12:41:26Z,cd3e127e27387b6e06cdf27f46fb6046e4182e4d7b49b49c17167c1c,60.14947,24.91438,000000004ef3150d,9.92
12240,2019-08-04T12:41:26Z,cd47b9ac851ce6b21df7b8e918554b0cb1a12d03da7e0aaf14e19314,60.14947,24.91438,000000004ef3150d,20.28
12241,2019-08-04T12:41:26Z,cd4ecd3b83630f6e5d65f635804e47a1ceb82853aac36af30044f06a,60.149,24.9843,00000000fffb8cf0,16.1
12242,2019-08-04T12:41:26Z,cd62fc5a92bd89f24a6e3d736d5511bf872859d762723b92f2092abc,60.16829,24.94214,00000000afef4555,25.36
12243,2019-08-04T12:41:26Z,cd93ba6049a24990376069c22e8ffe887f6c95af9d4bf16f8c65e949,60.16544,24.95398,0000000038d83d41,25.36
12244,2019-08-04T12:41:26Z,cd9b2be9ffb37c8b7c5c25f587c95b1c7932a21fb245487ea2f740d9,60.14699,24.922,00000000a53ed894,9.12
12245,2019-08-04T12:41:26Z,ceb777dafa9b7e39125b89735b7f0cf22c3018eb0196043ac8160370,60.14699,24.922,00000000a53ed894,18.79
12246,2019-08-04T12:41:26Z,ced0425d382ce86b7565a8b7b36a453a0880a08ba10090524e6c1ac5,60.14699,24.922,00000000a53ed894,27.28
12247,2019-08-04T12:41:26Z,cfa42322be0000cf89d8969d1b88ace0ba99cab721dd58d55d41a36e,60.17065,24.93641,000000000f4919c9,16.1
12248,2019-08-04T12:41:26Z,cfc2a688ff31fbb1baac8790fb6d56dc7746ba2cf9e0e5f39d4751a4,60.14699,24.922,00000000a53ed894,3.74
12249,2019-08-04T12:41:26Z,cfcc9c512b52d7fc43c7a48c00173b851566d94d097e145a357c02e8,60.1538,24.95595,0000000038bf9618,23.56
12250,2019-08-04T12:41:26Z,d03671e2aa8386fb28a425b20505ceed966063990d65611e2dfda4f2,60.16075,24.95883,00000000f1124bca,12.69
12251,2019-08-04T12:41:26Z,d0413da80c7714f40ffe50dcfb00039280c64ecebc61c59df72965e6,60.149,24.9843,00000000fffb8cf0,27.28
12252,2019-08-04T12:41:26Z,d098b9b5b30c5fcd4ae8a2b8bc761df72829713d3ae919634876d349,60.14699,24.922,00000000a53ed894,17.4
12253,2019-08-04T12:41:26Z,d0aa228c2a3e6e1568e876cffc76874702e0f0f63f18533551bf02c1,60.16075,24.95883,00000000f1124bca,31.5
12254,2019-08-04T12:41:26Z,d0cab2a2660dcc5cb99a9bdf39d2e6b31b7498985db1b50e48cb478d,60.18203,24.91341,00000000342570c2,21.87
12255,2019-08-04T12:41:26Z,d12f9e6275869a74f979eac17b326dfe329bbd78b8732fc998b5f132,60.14699,24.922,00000000a53ed894,13.75
12256,2019-08-04T12:41:26Z,d1494ea9019ebe27ab1e0e4d26f4f307c19720a0d8851bc848d80cab,60.1538,24.95595,0000000038bf9618,27.28
12257,2019-08-04T12:41:26Z,d1e3b42846da964eb43395a0c02d5cccd930d1a09090f9d668f1ebd9,60.16829,24.94214,00000000afef4555,18.79
12258,2019-08-04T12:41:26Z,d2b1a7ead9aff41a8cb3fff6b7f4ee84a780b52aae2f3838b83447fc,60.16829,24.94214,00000000afef4555,23.56
12259,2019-08-04T12:41:26Z,d3486259a51296194d20e84e88ba4588e37cf48661effba832c33ab0,60.16762,24.95415,000000006b44cce7,23.56
12260,2019-08-04T12:41:26Z,d38e88e5b926f9d1de6e326cca45116fcca11f10684c80876739c6cd,60.16075,24.95883,00000000f1124bca,5.41
12261,2019-08-04T12:41:26Z,d3c0cff604283ea6adeabb4f867f3fcaf8ee41fd27fc600d33c4d70d,60.16075,24.95883,00000000f1124bca,16.1
12262,2019-08-04T12:41:26Z,d64eda229ebb6012e59bc89eacb74918e404ce52f16b491f3d48e800,60.16897,24.95222,00000000aa852af1,23.56
12263,2019-08-04T12:41:26Z,d87210146aab139cc6640a20b428dce6ac516806a71a177b70e04f62,60.17065,24.93641,000000000f4919c9,11.7
12264,2019-08-04T12:41:26Z,d8983a8fe916583702bb776d3d8d3cbbe9e78778fd44d07c52ad1f2d,60.14699,24.922,00000000a53ed894,18.79
12265,2019-08-04T12:41:26Z,d9e1972e6cb517827f9c355e591924449d0bbdc9bb0f5bc1f8d4f29a,60.16629,24.95957,00000000fb7600be,25.36
12266,2019-08-04T12:41:26Z,db6993de0692cf79ab1b8e7d86e4b5832d11f57f026a6eb339f977bf,60.14699,24.922,00000000a53ed894,14.89
12267,2019-08-04T12:41:26Z,dc15145376f4a497910c8d2231d671bf62f1918ad93938a48fdc3eb4,60.149,24.9843,00000000fffb8cf0,23.56
12268,2019-08-04T12:41:26Z,dd1278c656b83508f32f0334118ac984d95164034946b33271fd7f25,60.16544,24.95398,0000000038d83d41,25.36
12269,2019-08-04T12:41:26Z,dd5ab917b90cad1fbfd6b6bb0c15be465ca3e33a05d02bd87326c890,60.17002,24.94407,000000006b087f40,14.89
12270,2019-08-04T12:41:26Z,ddc8410b9e4ece4b995b789f95e526693bac176ed77092ba57355dc8,60.16762,24.95415,000000006b44cce7,4.94
12271,2019-08-04T12:41:26Z,ddd849ee86afceedd5f5582ede84380d5596c9ea304d634ab0fd0de0,60.16829,24.94214,00000000afef4555,8.38
12272,2019-08-04T12:41:26Z,de0d086ae32f87522eab31d3bc52545ed17b065889674963c0709568,60.16829,24.94214,00000000afef4555,13.75
12273,2019-08-04T12:41:26Z,de3fe5f63e74a582e06c8cb02e6128d6013827015ba3e2fe93082977,60.17002,24.94407,000000006b087f40,29.32
12274,2019-08-04T12:41:26Z,de84f754a3916c8f831b0bb8ea41fc2a42cdea2794558fece3c7ae97,60.1538,24.95595,0000000038bf9618,25.36
12275,2019-08-04T12:41:26Z,e02c0f9f72e9f248a4b5df8af328e1a0132d4d8a72c1e603d14cdacd,60.18203,24.91341,00000000342570c2,16.1
12276,2019-08-04T12:41:26Z,e0ff1e75104c5dfa3549647c238569888e353e1322256a5c6979de0b,60.14699,24.922,00000000a53ed894,27.28
12277,2019-08-04T12:41:26Z,e1a443e10353da64728464e8a720aaf22a62b80d404f1acae1a1c6ee,60.1538,24.95595,0000000038bf9618,20.28
12278,2019-08-04T12:41:26Z,e34bcebfa007159f3d2adb0e62e20fcf721a221f52bdfe2a6ad77831,60.18203,24.91341,00000000342570c2,18.79
12279,2019-08-04T12:41:26Z,e35717ff07f32be5a2e1520f1855533f8dcc72cff7930c9cba9da32b,60.14947,24.91438,000000004ef3150d,12.69
12280,2019-08-04T12:41:26Z,e38f18bc3340e4884e84fdcf1f0e33a019ef2f2b9fb1430e5b3d35c3,60.16762,24.95415,000000006b44cce7,9.92
12281,2019-08-04T12:41:26Z,e40a26f3f7468f4ac2302b45f1ed9aab7fea245ccf81d0c08072c881,60.16829,24.94214,00000000afef4555,23.56
12282,2019-08-04T12:41:26Z,e429c831feb479441d498efd8b97fc9e32328ece33b936d90d326701,60.18203,24.91341,00000000342570c2,14.89
12283,2019-08-04T12:41:26Z,e447e76c7b53157c11d5bfeb172c27332c81b5ec7f263badf5507888,60.149,24.9843,00000000fffb8cf0,12.69
12284,2019-08-04T12:41:26Z,e4b111abda6e15229c808fb72d5c0c38e2cf3abdbbb62fff5ae48e42,60.16762,24.95415,000000006b44cce7,13.75
12285,2019-08-04T12:41:26Z,e65f7c68ce6502de36e4f47d0646a91a76d6c8cf8b5ffd26a3df8f4b,60.149,24.9843,00000000fffb8cf0,21.87
12286,2019-08-04T12:41:26Z,e6f4e3d1f5e01888556b077224cb4d8f88d63306fff2388e3fd997d0,60.14951,24.92138,0000000006dd41f6,20.28
12287,2019-08-04T12:41:26Z,e6f7965f2ef456f61121bcce5e466f125192e511c2af72d901307e8e,60.16762,24.95415,000000006b44cce7,5.91
12288,2019-08-04T12:41:26Z,e7cd5f775c7eea951719f351fcc25c710f857832d6f4b70a51b7b82d,60.16897,24.95222,00000000aa852af1,27.28
12289,2019-08-04T12:41:26Z,e826dedac8582e619ce18cd7eed68be5ee1fc9ed37e191e06f916835,60.14947,24.91438,000000004ef3150d,12.69
12290,2019-08-04T12:41:26Z,e9115410fa45db5a174eee008cae729dc69937a0e0b5a304899bf1b9,60.17065,24.93641,000000000f4919c9,21.87
12291,2019-08-04T12:41:26Z,e92eb020afcd7c1fad04690230ff8c2f005e404dd25b8dced1df30dd,60.16075,24.95883,00000000f1124bca,9.12
12292,2019-08-04T12:41:26Z,e9e19621fc5cfcfed2c808bbadc6cc6dd31e28d3c04cef8b89ca2729,60.16075,24.95883,00000000f1124bca,17.4
12293,2019-08-04T12:41:26Z,ea157e44ed100be3f782d8b3d8e5e0986079c588c9ea754b14917df0,60.16829,24.94214,00000000afef4555,2.8
12294,2019-08-04T12:41:26Z,ea2f4d9799324f4cd2a6fcda1625b65acdbab9f6b8331c26f63beec2,60.16897,24.95222,00000000aa852af1,23.56
12295,2019-08-04T12:41:26Z,eaa9924da1e700147607d5145e2b55b48b65deea922ee2e59bd1d5a7,60.173,24.92524,0000000096918cfa,25.36
12296,2019-08-04T12:41:26Z,ec350e26364cb676c4cdb72647f039c31e27c775e7bb8973223e5d9b,60.14947,24.91438,000000004ef3150d,7.05
12297,2019-08-04T12:41:26Z,ec424a10bcefb6e69c2eabf42534f06e7a10aa0cfb28f6478052cade,60.14699,24.922,00000000a53ed894,13.75
12298,2019-08-04T12:41:26Z,eff99f303ba37ed36542008434b2d20e50155593bb9fc7bc1dcc4bf3,60.16075,24.95883,00000000f1124bca,10.78
12299,2019-08-04T12:41:26Z,f04b198f2f3331022f4a89ef2c2d12283e9c1c03a6c64a1dcb6e76cc,60.173,24.92524,0000000096918cfa,29.32
12300,2019-08-04T12:41:26Z,f062cb52d49926a4fb39f723275ed60ab6c0f3bf34e0c3f9d233b7b8,60.14947,24.91438,000000004ef3150d,3.4
12301,2019-08-04T12:41:26Z,f15b72a3aad411d2f8a70b41c4f62ad2d744d064d42ec00c71a18ac5,60.16762,24.95415,000000006b44cce7,4.5
12302,2019-08-04T12:41:26Z,f1845e00642980be3cdc27a088c619bb0616b86f7cfa0b8909efac80,60.16544,24.95398,0000000038d83d41,29.32
12303,2019-08-04T12:41:26Z,f1eb1b22a5e01064a1829b325d256218c68bc9134f03a3f09f3e2566,60.16829,24.94214,00000000afef4555,18.79
12304,2019-08-04T12:41:26Z,f20f951802c722181f0e90095001c49e73f84049bb105b95c97049d1,60.17918,24.95141,00000000675d5200,21.87
12305,2019-08-04T12:41:26Z,f2759841619517bff6a58510ebb0ddbc9378cd300d99652f9b14f90d,60.16531,24.9442,00000000fdda10fe,29.32
12306,2019-08-04T12:41:26Z,f2deba4ef84dbbc8c5d8524f6e2311183003bce4f9bfa6aef5b5ef66,60.14947,24.91438,000000004ef3150d,6.46
12307,2019-08-04T12:41:26Z,f2e063c8c25a8bec0dd6ec3924a5f59fd9694078f2f3fd5b3ea96f29,60.16762,24.95415,000000006b44cce7,14.89
12308,2019-08-04T12:41:26Z,f366283765028e1454f3cfc564b9f220c9d700bfa8a843746eca3141,60.16897,24.95222,00000000aa852af1,13.75
12309,2019-08-04T12:41:26Z,f39827c3c7f4c833d1118043492f78e3255b6da9f4a2c000041d9b61,60.16829,24.94214,00000000afef4555,4.5
12310,2019-08-04T12:41:26Z,f3ec2366b51157150674e5ab6293bdb19e0b30ca4296fee4c97b811c,60.14699,24.922,00000000a53ed894,8.38
12311,2019-08-04T12:41:26Z,f45bb5439cba45e9d83f582863bb79887e6c579fad6697300ab0fb93,60.14699,24.922,00000000a53ed894,31.5
12312,2019-08-04T12:41:26Z,f57853f71a35677d9b6de74cf0f3bdcc42821f886daf65feb9ab4330,60.149,24.9843,00000000fffb8cf0,29.32
12313,2019-08-04T12:41:26Z,f5f7cfe177dfb0b7ebba2419ae53f70b6b5690dd98d98586004a9107,60.149,24.9843,00000000fffb8cf0,5.41
12314,2019-08-04T12:41:26Z,f796c9efc581b25280d4b416f8ba3aecca6ddf083e7bdad05f6e595e,60.14699,24.922,00000000a53ed894,12.69
12315,2019-08-04T12:41:26Z,f7f0caf73572bea3c08b592eeb9655b2668cfb16fd8840ca5619d84a,60.14699,24.922,00000000a53ed894,2.54
12316,2019-08-04T12:41:26Z,f847ec4111b37a677f1bd2577f778f653309f7b486974fefcf5eb8c9,60.1538,24.95595,0000000038bf9618,23.56
12317,2019-08-04T12:41:26Z,f868d87b5d5a7094b60a131cd3e120c25787ebf751f7c93640b34942,60.16897,24.95222,00000000aa852af1,14.89
12318,2019-08-04T12:41:26Z,f89ed6a4a644f021299a91bd365b752023ef85e8cb44c2ce33ca3b07,60.16448,24.97323,0000000053c6c2be,21.87
12319,2019-08-04T12:41:26Z,f9399339c3de44774896319d3f291771cebcaf2666df1d6062469882,60.16531,24.9442,00000000fdda10fe,27.28
12320,2019-08-04T12:41:26Z,f9a7057352731d27889cbd388be5902a6e62b297a3467232e8e47094,60.16762,24.95415,000000006b44cce7,14.89
12321,2019-08-04T12:41:26Z,fa96854324adae88abb35afa34b2393a20338bfd8fc9602d3ce6ae8d,60.14947,24.91438,000000004ef3150d,4.11
12322,2019-08-04T12:41:26Z,fadc39da3cd26ac621092fbbff224b95bb13446c8d24bbf4f3e50e90,60.14947,24.91438,000000004ef3150d,6.46
12323,2019-08-04T12:41:26Z,fca3daa86786d92fe75c43051a906ab67c8b95c774a1227b3c45ce10,60.18203,24.91341,00000000342570c2,18.79
12324,2019-08-04T12:41:26Z,fd77161cf9715d9d0f922cf45e79e5d9b9debef5113cb32a4f82ef76,60.16762,24.95415,000000006b44cce7,7.05
12325,2019-08-04T12:41:26Z,fe5ca86c906b1cb3bf9dd257ceefc562e41da499878f1074484f7d42,60.14947,24.91438,000000004ef3150d,16.1
12326,2019-08-04T12:41:26Z,feb399897846bc34dc3f4b06ac4ef0ffb0db885977b88e5c5fdb7350,60.14699,24.922,00000000a53ed894,11.7
12327,2019-08-04T12:41:26Z,ff4f3e0f964f23b97e88626f7a506bb4409718931712c58ce0f247af,60.16762,24.95415,000000006b44cce7,10.78
12328,2019-08-04T12:41:27Z,05103967ab0ced9b2339d6cf2c2971af426aeffb8c8519b244e5cc77,60.16762,24.95415,000000006b44cce7,18.79
12329,2019-08-04T12:41:27Z,07d86ad98399440d0cc3bd3382a7256feb971e49a3686dc17f532e1c,60.16829,24.94214,00000000afef4555,14.89
12330,2019-08-04T12:41:27Z,112c36ba789fa57e2b19c9bff8bfe0b3eba19a431c3af4656c4cee5b,60.16531,24.9442,00000000fdda10fe,33.81
12331,2019-08-04T12:41:27Z,14c7e1511b70f4dd3359cbece1377aebb4d70531f5489eefe53d7c3c,60.16544,24.95398,0000000038d83d41,23.56
12332,2019-08-04T12:41:27Z,1599d2c9070a6f05e1a5887c2d9209214c04818c6203fe75440734f2,60.1538,24.95595,0000000038bf9618,33.81
12333,2019-08-04T12:41:27Z,165ebbb4090d47319ae370f0d0854fdc1f6b79499f8b2e4d3c3533c0,60.16544,24.95398,0000000038d83d41,23.56
12334,2019-08-04T12:41:27Z,211f6b7b044343d0be369791b3fa3c144d0d0f391e2a42787712efb0,60.16448,24.97323,0000000053c6c2be,13.75
12335,2019-08-04T12:41:27Z,21d09757012e8f7297d1de922f681bcc36581a3d7be770b42b3780a0,60.15432,24.9211,0000000019fb59c4,16.1
12336,2019-08-04T12:41:27Z,25a7ff811c3c06e426c7c2cbb0433d9a2a3399b23afecbd35584ab0f,60.18203,24.91341,00000000342570c2,17.4
12337,2019-08-04T12:41:27Z,2d3d031189abfaea69cd551a97b2b2d056a908f19bc56701010a2304,60.16897,24.95222,00000000aa852af1,18.79
12338,2019-08-04T12:41:27Z,315af4a829b592ba99b203b8ed2cbd499769f8752dfe6de7da4ee929,60.16829,24.94214,00000000afef4555,20.28
12339,2019-08-04T12:41:27Z,3a93902ba6b635489cd6f55b08d93e6fe7a5bc0a86a0b490a88f6d1b,60.16075,24.95883,00000000f1124bca,25.36
12340,2019-08-04T12:41:27Z,3fe5f4ccfa5c777ceafda0674d7c9da6f509f6694b4c2fa254b32e73,60.16897,24.95222,00000000aa852af1,21.87
12341,2019-08-04T12:41:27Z,3fe84a5a1e657df8910685df3a8cf779a6ebc3362fbc8e578f235ee4,60.15432,24.9211,0000000019fb59c4,7.05
12342,2019-08-04T12:41:27Z,4317f5904a5e6ae921bf743dd534c803083fd90b15a1245881beeade,60.16897,24.95222,00000000aa852af1,25.36
12343,2019-08-04T12:41:27Z,43b676ed3aef4c2d8846694817e76117873be52e7f788e0cb366c1c4,60.16629,24.95957,00000000fb7600be,25.36
12344,2019-08-04T12:41:27Z,44d0b94469070803869f229601e877beb613c3f5aafa009addf97a1a,60.16544,24.95398,0000000038d83d41,14.89
12345,2019-08-04T12:41:27Z,4656bad9b5e6dfc3977eca308fc1db3dbf8b0204b90d09b001da242e,60.1638,24.96846,00000000d747f075,36.27
12346,2019-08-04T12:41:27Z,5d65719c4cbf045f068d084b72302f447d5fd034413d97d13be00d0e,60.18203,24.91341,00000000342570c2,21.87
12347,2019-08-04T12:41:27Z,5eed115a984d490b02b602d73787aee8dc8c4e9365b77fbff3818a76,60.16629,24.95957,00000000fb7600be,16.1
12348,2019-08-04T12:41:27Z,5fecff186138a9b3e31c6086c33dcd5f1d209e64f0afeed7c688cab0,60.16897,24.95222,00000000aa852af1,21.87
12349,2019-08-04T12:41:27Z,653a92a7828f2c43bc74899753f872e8b93c30b6fb419b651a94bbc1,60.16897,24.95222,00000000aa852af1,20.28
12350,2019-08-04T12:41:27Z,69219e9efa41ae9e732653e9eaf08e1a34cb853a9dafe76ddeea4d04,60.16897,24.95222,00000000aa852af1,16.1
12351,2019-08-04T12:41:27Z,6a70e2fbced719333e21eff04fcb9cb36bae9a04d1a3d6ddd96f2c58,60.15432,24.9211,0000000019fb59c4,7.69
12352,2019-08-04T12:41:27Z,6c8861f56a280e7752e10439271a2498527c69b0796f58de4afc6008,60.16075,24.95883,00000000f1124bca,9.92
12353,2019-08-04T12:41:27Z,6f06341f358e61699fe1e55e986dd0554bc8da28b91daf0c5ad99db6,60.16629,24.95957,00000000fb7600be,18.79
12354,2019-08-04T12:41:27Z,70d8572458a1a103555bab897b6443e601e0ed211414b15ad0b56f60,60.16544,24.95398,0000000038d83d41,33.81
12355,2019-08-04T12:41:27Z,737efc92e3419e9d96a8559ec341ea7e18ba6381fd8e4de3d06f82a0,60.14699,24.922,00000000a53ed894,27.28
12356,2019-08-04T12:41:27Z,7678cdb86d454ca9ae52f22d97e635106585a3a046d01da4463695cc,60.18203,24.91341,00000000342570c2,17.4
12357,2019-08-04T12:41:27Z,87dfaad29a9276ddddb1fa021d3bc23ad14824c1af16f7d87e713689,60.14951,24.92138,0000000006dd41f6,9.92
12358,2019-08-04T12:41:27Z,88808fe92573e9cdf022cc15b9689b6b4b9429f60513c8897b0ba4c7,60.16897,24.95222,00000000aa852af1,14.89
12359,2019-08-04T12:41:27Z,91d3b80de4439a4a49ddb8a04d72a0a2ec6c08f351d70232842af567,60.16762,24.95415,000000006b44cce7,36.27
12360,2019-08-04T12:41:27Z,94c5a69a5ae6e9407c3fa9a6919d99beb3558dd4e6750eb480ddc36f,60.16829,24.94214,00000000afef4555,17.4
12361,2019-08-04T12:41:27Z,9843c6216661048343a0e49cf3d8aa2883cf77f452666a1c873a1052,60.16448,24.97323,0000000053c6c2be,13.75
12362,2019-08-04T12:41:27Z,af807b67ce09a2ce1744025c421961213f1608ca658ece4df69555a1,60.16762,24.95415,000000006b44cce7,16.1
12363,2019-08-04T12:41:27Z,b3d30798e4605a05b11dfff0f3fe01c2e8e16ac491fdb956f128ff23,60.14947,24.91438,000000004ef3150d,8.38
12364,2019-08-04T12:41:27Z,b5fd6b317890e5ab2d79e2cd1abe61626d45a753c7337d0d40728898,60.16762,24.95415,000000006b44cce7,10.78
12365,2019-08-04T12:41:27Z,bb98768dad0f7c52cf643f035a3e7e48f5cfe28557c66f2a75914b31,60.14699,24.922,00000000a53ed894,11.7
12366,2019-08-04T12:41:27Z,bcb0201b0a1edf350ae2f681076e7d2d48ebd94c075bd3ca59552020,60.16897,24.95222,00000000aa852af1,10.78
12367,2019-08-04T12:41:27Z,bce16addb0ad2b7209298c35b3506869253f4e4a612a4cb45803ddf2,60.16075,24.95883,00000000f1124bca,21.87
12368,2019-08-04T12:41:27Z,be41ebc5fb0d348fc1ef1166d44251c3112a78a4ea01aa980364ee7c,60.14699,24.922,00000000a53ed894,11.7
12369,2019-08-04T12:41:27Z,c40c37def6bf11a63a2556519a7c6233fd417cdeea2cf14f28e7c42c,60.16531,24.9442,00000000fdda10fe,21.87
12370,2019-08-04T12:41:27Z,c97eb4181394121907d47b908495f54e5ee5145ff790f7a1dc21b3cf,60.16897,24.95222,00000000aa852af1,25.36
12371,2019-08-04T12:41:27Z,ca6927628f5ddda20036865c9345ad93d476d62ade3b181de568eed6,60.16897,24.95222,00000000aa852af1,20.28
12372,2019-08-04T12:41:27Z,cf05623e4d87ce0906c0b0b7dbf53aacc1228016cd27c341228b6e76,60.18203,24.91341,00000000342570c2,16.1
12373,2019-08-04T12:41:27Z,cfc0bedb78ded52749db3188cb188bf6a250ef5990da9c5afa9623fc,60.14951,24.92138,0000000006dd41f6,20.28
12374,2019-08-04T12:41:27Z,d0a50f3001c258a38880550f6c0835fcaa85f0a6d36687dc5de98f3b,60.16629,24.95957,00000000fb7600be,13.75
12375,2019-08-04T12:41:27Z,d568a92135fd8619da42f2038266f4922d5b6d48fe1c5f9490d39f30,60.14947,24.91438,000000004ef3150d,31.5
12376,2019-08-04T12:41:27Z,dcaa88e5d510f572877286b8ba0663428b2d71a50b6630460009c779,60.14947,24.91438,000000004ef3150d,9.92
12377,2019-08-04T12:41:27Z,ded49640b591e73bff71f84fb99d2739eb6c9554164a015017725e03,60.16829,24.94214,00000000afef4555,17.4
12378,2019-08-04T12:41:27Z,e8690c2d1711bc10f2d1251a3b5b1e770b98c66c384760400c604de1,60.16829,24.94214,00000000afef4555,29.32
12379,2019-08-04T12:41:27Z,e8e366e76c97944e23c0f80b4fd3ce6e5832744922297146a49f0c7e,60.16762,24.95415,000000006b44cce7,7.05
12380,2019-08-04T12:41:27Z,e96bd269a48b822b06141c3362fcb6d5ed4d0d09a120f2e4a712d5c2,60.16897,24.95222,00000000aa852af1,14.89
12381,2019-08-04T12:41:27Z,eee5797db5c3753514933a12e2485caee4ee5803b4d830ba1c22e5c5,60.14947,24.91438,000000004ef3150d,9.92
12382,2019-08-04T12:41:27Z,efffdbe497ad2fa39b57c75ffd33c8f0ae621c4ef6154dcb169e5937,60.16075,24.95883,00000000f1124bca,17.4
12383,2019-08-04T12:41:27Z,f088630d7476dae7d4b7e2bb1f10575f2c89acb4b6e061f3d57c2b40,60.16531,24.9442,00000000fdda10fe,20.28
12384,2019-08-04T12:41:27Z,f237103f284dc6c51c64f9728c4f56e0c855dbb1bf8c4165758c3ef0,60.16897,24.95222,00000000aa852af1,21.87
12385,2019-08-04T12:41:27Z,f405a7c4a3a4339f8e3f7e552f6492d6eed76f7d08c54943286213de,60.16762,24.95415,000000006b44cce7,10.78
12386,2019-08-04T12:41:27Z,f6609ab1076b1105bb845595a03b41b8fbb282f79c337df5bbc9f841,60.14699,24.922,00000000a53ed894,9.12
12387,2019-08-04T12:41:27Z,f94dddacf96965952551200a02b41925bcd21402aceafb12f19931af,60.16075,24.95883,00000000f1124bca,4.94
12388,2019-08-04T12:41:27Z,fc4f3a44235f1cfc7b53f14ba2da599976a5a0a220d23b852688e485,60.17918,24.95141,00000000675d5200,27.28
12389,2019-08-04T12:41:27Z,00a07b1f8113691d8475c54082a14cdd54decf9845a90e75df8031a6,60.17065,24.93641,000000000f4919c9,20.28
12390,2019-08-04T12:41:27Z,00b07030d00cc5582c0f1be7d73fb09e34f4018445ce11d9da8da813,60.16762,24.95415,000000006b44cce7,12.69
12391,2019-08-04T12:41:27Z,00bdb07c0f4f75c71196362c269c9f652c66cf7d3f3c2d89843af063,60.16629,24.95957,00000000fb7600be,27.28
12392,2019-08-04T12:41:27Z,02978cd5cb7127a718d3d775079ab940a3e81885ce6106495cca5ee4,60.1538,24.95595,0000000038bf9618,36.27
12393,2019-08-04T12:41:27Z,032e5d7621738a50c9e742e0cba13c819f7c67cedf8687f3ab25595c,60.16762,24.95415,000000006b44cce7,14.89
12394,2019-08-04T12:41:27Z,036c183505fea646b54aeb0c612913cafba94eca65e47d3c6d840a68,60.17919,24.95181,000000007b5207b6,16.1
12395,2019-08-04T12:41:27Z,038e7f3d1d9babcdb48b63ff8e3e1ac732b3c29f665dc7d9a1819abc,60.14699,24.922,00000000a53ed894,8.38
12396,2019-08-04T12:41:27Z,04b49a34910d12f55243dd5a756c7cc1e506e5d3cdb418cc635e9ad9,60.16762,24.95415,000000006b44cce7,6.46
12397,2019-08-04T12:41:27Z,04f35922a81b516e7028f61c6ff34faf6da85df0a5cfcefb6df1861f,60.149,24.9843,00000000fffb8cf0,18.79
12398,2019-08-04T12:41:27Z,07444c376c2a48ed91a2f5462cab887c00378edb4175ee969deb207e,60.18203,24.91341,00000000342570c2,21.87
12399,2019-08-04T12:41:27Z,0745a2141a9beee786a347d3ee1b071719fd2f4abfeeab7f5248c0ad,60.14699,24.922,00000000a53ed894,10.78
12400,2019-08-04T12:41:27Z,076c28c1895ef1919c11113113c12655c546fc90a00800e5ebec5b56,60.14699,24.922,00000000a53ed894,14.89
12401,2019-08-04T12:41:27Z,0851ab74be2e888decf0046825f09ed302f7b2275e72b09b5b713d85,60.16829,24.94214,00000000afef4555,10.78
12402,2019-08-04T12:41:27Z,0947f9d6bb6c34e382e008052b704b6521ac4f7678a2e8a719bb574b,60.15432,24.9211,0000000019fb59c4,33.81
12403,2019-08-04T12:41:27Z,0a0acb70a8ef92be52a64d4425e70bb2f7a17d13942c3382c9d68878,60.149,24.9843,00000000fffb8cf0,1.7
12404,2019-08-04T12:41:27Z,0a5616e066b42895361324cfa8abef41d849a55e3e4bed429bab494b,60.16829,24.94214,00000000afef4555,13.75
12405,2019-08-04T12:41:27Z,0a5ed50daf13dd10744537aa851ac7ab1d34d9797ec6ab6e2402aebb,60.16762,24.95415,000000006b44cce7,4.94
12406,2019-08-04T12:41:27Z,0a862920946d7a0dcbee7c1cf28a7b77c57763261788dbd361ed6409,60.14699,24.922,00000000a53ed894,14.89
12407,2019-08-04T12:41:27Z,0aabf0df4c3c5b45bb8950c92dbe624985f19e8650ed61f92571a65a,60.14699,24.922,00000000a53ed894,11.7
12408,2019-08-04T12:41:27Z,0acb4bd7319729fea4acf035921d1136d86a307a60b4444669cede1a,60.14699,24.922,00000000a53ed894,9.12
12409,2019-08-04T12:41:27Z,0b0dd9af9d52c68ff71ce266d6707abbb0f56c3c63be0f83f7b5df9b,60.16762,24.95415,000000006b44cce7,12.69
12410,2019-08-04T12:41:27Z,0c905239b8c0e14cba671cf4d4d715d1045a30ee62a6285fb489dbb0,60.16829,24.94214,00000000afef4555,10.78
12411,2019-08-04T12:41:27Z,0d3525b13d674f1645fdbe6d842fe37b2f416889c5472e9dfcc5445c,60.14947,24.91438,000000004ef3150d,12.69
12412,2019-08-04T12:41:27Z,0edfab64a80649c1b0b39aec3f774c4eab39a95d487fb651e1dc3329,60.16762,24.95415,000000006b44cce7,18.79
12413,2019-08-04T12:41:27Z,10a99e791e27975dc1c9d73d3163cabacf3bd7bd05a4f7abf6365426,60.14699,24.922,00000000a53ed894,14.89
12414,2019-08-04T12:41:27Z,10caaea8002e8b3b342b32710efdd7305ff375ca1cdc01411f66b2f6,60.14699,24.922,00000000a53ed894,6.46
12415,2019-08-04T12:41:27Z,1163b45fdf756b64ffdbb517aafeed278462e280c81160974b3b6a08,60.16629,24.95957,00000000fb7600be,17.4
12416,2019-08-04T12:41:27Z,119268a2b328b466959e99158efc17d07641daf2eab0785f813707f9,60.16762,24.95415,000000006b44cce7,11.7
12417,2019-08-04T12:41:27Z,120a63917cb5ab619bf9a71328f14020736ee84e75d5b37278748def,60.16897,24.95222,00000000aa852af1,12.69
12418,2019-08-04T12:41:27Z,121345c4cf0d0f18c684c4eb22e496ac6f8fb537ec2f3812f6966b67,60.16762,24.95415,000000006b44cce7,20.28
12419,2019-08-04T12:41:27Z,1240f5fbc405049e174fb4ad534e104eeddab72ae2aec4e434e7a36c,60.16897,24.95222,00000000aa852af1,23.56
12420,2019-08-04T12:41:27Z,124cce476184e061b136f481014a2abc7208d30e4e520ffd90c85adb,60.17002,24.94407,000000006b087f40,16.1
12421,2019-08-04T12:41:27Z,126ff8aee22cf123572b51282d01680aea0dac78d907b5100c430c50,60.14947,24.91438,000000004ef3150d,33.81
12422,2019-08-04T12:41:27Z,128df515b075ffc54794d311944f31b9b1c1132d182943a9880e5bc0,60.16544,24.95398,0000000038d83d41,21.87
12423,2019-08-04T12:41:27Z,13bcedb8c59b26417282929d81844b272c7c5bc295614f531219a8e4,60.14947,24.91438,000000004ef3150d,9.12
12424,2019-08-04T12:41:27Z,13ee67fb034e3d24edc9a9618e9d6de24979ebbcb399f83abb02a897,60.14699,24.922,00000000a53ed894,9.12
12425,2019-08-04T12:41:27Z,1423891c6ee1edc7da83904378a35aef2e5797db95b117651d676934,60.16762,24.95415,000000006b44cce7,4.94
12426,2019-08-04T12:41:27Z,15ee12e5f9be00a79b0cbbc9912f51cbfa3e486624567e1bde938fb6,60.1538,24.95595,0000000038bf9618,18.79
12427,2019-08-04T12:41:27Z,161aa798c2a18e132fb27ecded773218ea4e42eabbd0e5794b1d7017,60.15432,24.9211,0000000019fb59c4,25.36
12428,2019-08-04T12:41:27Z,17af6ab252328066d6b13406084507dfa7a7f6db3030872e7f87223d,60.17065,24.93641,000000000f4919c9,27.28
12429,2019-08-04T12:41:27Z,1882b53729765cca25bc63400074242872d6fbc57882f131285b277f,60.16829,24.94214,00000000afef4555,17.4
12430,2019-08-04T12:41:27Z,1a93dfa31156cee53b4bd527d8b74655a5da812b6933d8a86d871e47,60.14947,24.91438,000000004ef3150d,7.05
12431,2019-08-04T12:41:27Z,1b3fba902b8d1538b508cdc228fd15fdd87f5aecb68e5611b1a4e354,60.16762,24.95415,000000006b44cce7,2.8
12432,2019-08-04T12:41:27Z,1bcef866fafad7c7460a084e0b0d27c087b549f4ae704390708be47e,60.149,24.9843,00000000fffb8cf0,7.05
12433,2019-08-04T12:41:27Z,1c669457535e4635f732c228ec524f9d2c440b0d2132fa1acd93122a,60.16897,24.95222,00000000aa852af1,20.28
12434,2019-08-04T12:41:27Z,1c7ccd5d6570d98e57ef2ebbd716b7504b138f9bb616fbeaa0d1a268,60.14699,24.922,00000000a53ed894,9.92
12435,2019-08-04T12:41:27Z,1dcb5d78c4ed02c596144501da43e29defedf2db734c34c36c9bacbd,60.16762,24.95415,000000006b44cce7,17.4
12436,2019-08-04T12:41:27Z,1e24a2120b13c780dbb3a67a73f5058d1847f126fd5f5952e6dddcd3,60.16075,24.95883,00000000f1124bca,23.56
12437,2019-08-04T12:41:27Z,1e63d2090b520af23ca3d2c9a05047dc0b0c63f7471b86e9d9f3e7cc,60.16629,24.95957,00000000fb7600be,23.56
12438,2019-08-04T12:41:27Z,1ec58e626d2335aeeaa7c7d8f715d4334274dbd43448fb62c3901ef6,60.16829,24.94214,00000000afef4555,10.78
12439,2019-08-04T12:41:27Z,1f74037ecab4dbdc5db1a8dc8b583a86630f86a5f2d0a5167b7fa605,60.18203,24.91341,00000000342570c2,10.78
12440,2019-08-04T12:41:27Z,1f81ed7274add201d3059d4a37e2bbe86b6ae1f0fd42a16d7b8dccaa,60.14699,24.922,00000000a53ed894,14.89
12441,2019-08-04T12:41:27Z,203a0c145a43c9a18f8c2a5ba4e18882e7430662bb4ac0e56ab37578,60.17065,24.93641,000000000f4919c9,16.1
12442,2019-08-04T12:41:27Z,20ac7b2ace7c0038aa8df01b9281a9c54f1551fc8ab9b662b1f1ca22,60.18203,24.91341,00000000342570c2,12.69
12443,2019-08-04T12:41:27Z,21bdc11bb63fb48c9d4b5308540ee5df579c9a385001a10fceeeedf3,60.14699,24.922,00000000a53ed894,11.7
12444,2019-08-04T12:41:27Z,2204ba387d2db0e7d2ca03f7ace46abff8d141668b73c75a1879d7ba,60.14947,24.91438,000000004ef3150d,5.41
12445,2019-08-04T12:41:27Z,231026899a6d5b326cb5b1e38b182ca1acb77c7e27bc2378973b29db,60.16629,24.95957,00000000fb7600be,12.69
12446,2019-08-04T12:41:27Z,24feb6a5d7b8dcde702c2d815fa30aaae737e204f37351224838b01b,60.16762,24.95415,000000006b44cce7,21.87
12447,2019-08-04T12:41:27Z,2551a9e1b8a03c8e0e378ed37c0130b6e4105ec6b949de9e5a670be8,60.14699,24.922,00000000a53ed894,10.78
12448,2019-08-04T12:41:27Z,257206d3f59df5c426a9c735f4741cba6d792de1cbafe62289d383d7,60.16897,24.95222,00000000aa852af1,13.75
12449,2019-08-04T12:41:27Z,2607d1b2fc6e31a80348fffbed68a7d3a8e0212f197f2d1c573c587b,60.14947,24.91438,000000004ef3150d,1.7
12450,2019-08-04T12:41:27Z,27d4452dcae7c8e389fc21669cb3ccaedac87d45d4b1a50131c939e4,60.16762,24.95415,000000006b44cce7,5.91
12451,2019-08-04T12:41:27Z,28b43564f7156b67db7cb7b779e948986d7610f921490f9030379704,60.16897,24.95222,00000000aa852af1,7.69
12452,2019-08-04T12:41:27Z,28d2c3282e9f8fec67baec7992dcd800c45b67071e33cb118905a6b3,60.16829,24.94214,00000000afef4555,3.4
12453,2019-08-04T12:41:27Z,2969cdb120f2d285c556abfe5bac2f8090571f61aba227a474a534d2,60.17065,24.93641,000000000f4919c9,2.8
12454,2019-08-04T12:41:27Z,29a1ee6c0907a00ec6b6dcbb187f5c31d1a11b261aabd339210ee013,60.16897,24.95222,00000000aa852af1,6.46
12455,2019-08-04T12:41:27Z,2a47bdc66249162a9588347a6cbe7895fe798bb25c1194cd69fb1e8b,60.14699,24.922,00000000a53ed894,13.75
12456,2019-08-04T12:41:27Z,2e86f9a432e00fa6ff5b8744ffecbe22a02b4316779bc8b4078af2e2,60.149,24.9843,00000000fffb8cf0,20.28
12457,2019-08-04T12:41:27Z,2ee2e108ed9051b1ccf4d3ee89931dfd53170af0b558fa6579b83e8d,60.15432,24.9211,0000000019fb59c4,12.69
12458,2019-08-04T12:41:27Z,2f08dbfbbe5577f04ea9826f72d5452ddf5fd9bb892769382ea5a4ca,60.16762,24.95415,000000006b44cce7,5.41
12459,2019-08-04T12:41:27Z,30a61e19970b97da6e9b193690e43a087312fbcf2c8fa2206a608183,60.14699,24.922,00000000a53ed894,21.87
12460,2019-08-04T12:41:27Z,32708990f2c831e65f70f2682baf5188fc93348b9a9e78ada8db2bf4,60.14947,24.91438,000000004ef3150d,1.7
12461,2019-08-04T12:41:27Z,32f77f5019e5fce30881c214487361e2e34b8c93277f6e546de72012,60.1638,24.96846,00000000d747f075,29.32
12462,2019-08-04T12:41:27Z,33634cb1e3fc5d4a621e8717d203da8533ed27531a70c6cbe3abf3fa,60.16762,24.95415,000000006b44cce7,2.08
12463,2019-08-04T12:41:27Z,33ec502792a84f23fed03cf16e483d153c65e2850a2549f47034726a,60.16762,24.95415,000000006b44cce7,8.38
12464,2019-08-04T12:41:27Z,349dd839e41cff363cc4b935496e52b93be15233e508aa82987859bd,60.16075,24.95883,00000000f1124bca,33.81
12465,2019-08-04T12:41:27Z,34f282042837e6b8407c31fd6c880bdbb7071c56d76c4b6e5ba78819,60.14947,24.91438,000000004ef3150d,14.89
12466,2019-08-04T12:41:27Z,34fddf0f4ea194b9720451d11a9de76225577536681d4f4b0a00b860,60.16829,24.94214,00000000afef4555,8.38
12467,2019-08-04T12:41:27Z,352427714fc6e8591df6bd227dde05d3b7ba0881742eee4ae750dcc4,60.15432,24.9211,0000000019fb59c4,18.79
12468,2019-08-04T12:41:27Z,358d7986d5bf2a0624fb1412a157b3c7b12f90653457e15a76bbdf50,60.16629,24.95957,00000000fb7600be,9.12
12469,2019-08-04T12:41:27Z,35a958343879c000cfc3f0c01afbc7d54934265828677bf4aefef84f,60.14699,24.922,00000000a53ed894,13.75
12470,2019-08-04T12:41:27Z,35e6e075578d7a51e510bf8904bde33f1d117264eea0917db98d4808,60.16897,24.95222,00000000aa852af1,14.89
12471,2019-08-04T12:41:27Z,36f876050503d244f74f3cbadcef716904eb2b245190d474b0cfa794,60.16762,24.95415,000000006b44cce7,17.4
12472,2019-08-04T12:41:27Z,3721331dbb97151d17938ed835ffc7208eba26fba6100c62870a3a4f,60.14947,24.91438,000000004ef3150d,7.05
12473,2019-08-04T12:41:27Z,37945fa4e7409fab98aa8bde45081f5bd083def0059485274ad552c0,60.17919,24.95181,000000007b5207b6,16.1
12474,2019-08-04T12:41:27Z,38c90c54ec8f56ae2ee5c79f21130a2254d870968839584fc423f1d2,60.14699,24.922,00000000a53ed894,16.1
12475,2019-08-04T12:41:27Z,39310ebca1ad756aa2bfcb16c912cb7003ef3e7286a1f037603ade61,60.14699,24.922,00000000a53ed894,7.05
12476,2019-08-04T12:41:27Z,395c2fb9c5868607d4c5972103e399bc99c9aef007c21439142a217e,60.17002,24.94407,000000006b087f40,21.87
12477,2019-08-04T12:41:27Z,39f03a3a5fd777feee270921a7f51daec12ea679b542b0aaf2e808d7,60.149,24.9843,00000000fffb8cf0,8.38
12478,2019-08-04T12:41:27Z,3a6ce73ea4c03a14fc0d3d099e4698d3c1051a2e8e4bd552d5de394d,60.14947,24.91438,000000004ef3150d,6.46
12479,2019-08-04T12:41:27Z,3af48668fcfc51b261558246e08ae2f7f3bb9d4252e908e38c9db003,60.14699,24.922,00000000a53ed894,18.79
12480,2019-08-04T12:41:27Z,3b73bf57d223bcb9b930ee8619e6603e52485b221389c64d85614baf,60.16897,24.95222,00000000aa852af1,5.91
12481,2019-08-04T12:41:27Z,3be48824225ca9f2aea5653f6ce21181a76e67a8d4b8361f0cba1f8a,60.14947,24.91438,000000004ef3150d,11.7
12482,2019-08-04T12:41:27Z,3e4965f1ed580ddf80246b1b78cbc55b73c11d67573d9cede2a7ccf7,60.16829,24.94214,00000000afef4555,13.75
12483,2019-08-04T12:41:27Z,3f395809cdaaaa1688c7d1cc770079bbf7ef1349e148bec5c8eacd57,60.16762,24.95415,000000006b44cce7,16.1
12484,2019-08-04T12:41:27Z,42da4298ed9f522421f17714e024d9b8fe22e7546df3deeb8b139bd3,60.16075,24.95883,00000000f1124bca,4.11
12485,2019-08-04T12:41:27Z,447f951c07ece4b9f8a41fed54b5911f4f8033b69f5a62bfd0cf1d97,60.14699,24.922,00000000a53ed894,16.1
12486,2019-08-04T12:41:27Z,4533d27e96c5c6637ddff4243672d658fea4004970652882357105a9,60.14699,24.922,00000000a53ed894,20.28
12487,2019-08-04T12:41:27Z,4602ff9d03f6bf4fbb82976098cc1c73e7a7e754050401c772d1406e,60.14947,24.91438,000000004ef3150d,9.92
12488,2019-08-04T12:41:27Z,467a01a257fbaad22bd4aebafc8f284c9ad3effc429475e57c214e9d,60.14699,24.922,00000000a53ed894,27.28
12489,2019-08-04T12:41:27Z,47b8aba771bed6ec3a7d57932c44fe859bcf6300054b3acc9d885105,60.14947,24.91438,000000004ef3150d,7.05
12490,2019-08-04T12:41:27Z,47cde44e4ddbf6c70162fa882eee962e7c3e2a037b650294ec46568f,60.14947,24.91438,000000004ef3150d,11.7
12491,2019-08-04T12:41:27Z,48f665ebb1a71b0d84fc02bd71918c5ab5608328db534639cbd2a255,60.14947,24.91438,000000004ef3150d,4.94
12492,2019-08-04T12:41:27Z,4b1050cc517631e36206d3528399c0b14748daec8c7d1b5dfa412299,60.15432,24.9211,0000000019fb59c4,6.46
12493,2019-08-04T12:41:27Z,4b85388cdaec2b4c15b546160ee326d9668a5e5d3c7b08d0c539946e,60.17919,24.95181,000000007b5207b6,8.38
12494,2019-08-04T12:41:27Z,4be50f3eb033f3f46e3069049c8e0a34dc8a2607741c1764369ba4c2,60.16762,24.95415,000000006b44cce7,5.41
12495,2019-08-04T12:41:27Z,4bf75585466f0aafa2ed2956fe4b0f7235b4ba3a0606a52219b3156c,60.14699,24.922,00000000a53ed894,7.69
12496,2019-08-04T12:41:27Z,4ebdb6165c5d4892cdc21711313b98b1545bececfb886192c6f0ef22,60.16762,24.95415,000000006b44cce7,10.78
12497,2019-08-04T12:41:27Z,4efc969b8b738c051c221bf9d7829089b44cec23dd378fd86e7fb8be,60.173,24.92524,0000000096918cfa,18.79
12498,2019-08-04T12:41:27Z,4f4940c5c77737c5b8f2fbd5a1b65886ea5f6e0e4fcd50447e11ce21,60.16075,24.95883,00000000f1124bca,31.5
12499,2019-08-04T12:41:27Z,50e21d119f102cee2afe3ac7f1a32032527638769b05aca582d6ecb1,60.16762,24.95415,000000006b44cce7,7.05
12500,2019-08-04T12:41:27Z,514a3981fad6c695ac4940f09374b5d1c2e84d2ca835084ef8707714,60.16075,24.95883,00000000f1124bca,11.7
12501,2019-08-04T12:41:27Z,51b3c7870a399165f0d1d14f7d21688df32b0360f9cc6f3ca61890d8,60.16829,24.94214,00000000afef4555,3.74
12502,2019-08-04T12:41:27Z,52072bd384eaaf4a6958af5510ed039d194dee47f34667bc7bccbe0e,60.14699,24.922,00000000a53ed894,10.78
12503,2019-08-04T12:41:27Z,5263c8fd413ee308494f18228802330e278acc648b425bb454951db5,60.16075,24.95883,00000000f1124bca,23.56
12504,2019-08-04T12:41:27Z,52939581c6c8dd3407dbf44ea9e90471e4bbadfb7e3740a0ba8324f3,60.14699,24.922,00000000a53ed894,9.92
12505,2019-08-04T12:41:27Z,552e7d20be831c5ebfa503ba78ed542d6ece4ecad264308d5dc37a31,60.14699,24.922,00000000a53ed894,14.89
12506,2019-08-04T12:41:27Z,5554305bad43a71cf98d83e92708c7474c1efc189392c1ea94231e9c,60.16531,24.9442,00000000fdda10fe,4.94
12507,2019-08-04T12:41:27Z,560205233dc9b13886248fb6e54ee21dc3b287080072641e01e08dac,60.16075,24.95883,00000000f1124bca,21.87
12508,2019-08-04T12:41:27Z,5636d9760f1eac9d5d050497d7084fd61a92d5d108695a9023769ac4,60.16629,24.95957,00000000fb7600be,23.56
12509,2019-08-04T12:41:27Z,56b8eace741e5227a40ea0a64601a737648080c63d6240b0dca632c4,60.16075,24.95883,00000000f1124bca,10.78
12510,2019-08-04T12:41:27Z,570dc61d53aec66ede39dfde66339640878453afc00cd1a55c60bca7,60.16544,24.95398,0000000038d83d41,18.79
12511,2019-08-04T12:41:27Z,571934189bf349efb6f596e76c21612cf9b82ed44913090169936048,60.17065,24.93641,000000000f4919c9,13.75
12512,2019-08-04T12:41:27Z,571e65d939060a58396de22fc44d8842fc9de986824670ad765ec596,60.16762,24.95415,000000006b44cce7,11.7
12513,2019-08-04T12:41:27Z,57c6f9c8fc64c4d7030c1d3576910e338178138cd74acdc9e3630216,60.16629,24.95957,00000000fb7600be,27.28
12514,2019-08-04T12:41:27Z,57f88614f91a133004ac1a6dea31a4090f899646a5f62ece691d87af,60.16762,24.95415,000000006b44cce7,14.89
12515,2019-08-04T12:41:27Z,58122bffe92a82d8b8a6fb46e406f2d86c32db26eca7557ec6943fa5,60.14947,24.91438,000000004ef3150d,13.75
12516,2019-08-04T12:41:27Z,583a35aa08fe45f96deb91a9f4b9317e86eddeee0d636cc11b3e2df8,60.16762,24.95415,000000006b44cce7,10.78
12517,2019-08-04T12:41:27Z,58411163d307bb308f9c94a9720e9ce5ab0ce4f5617cd2b1fcc2037a,60.16762,24.95415,000000006b44cce7,9.12
12518,2019-08-04T12:41:27Z,59b01cbdec8ff06fa6d50bac00c3f5f4c45132fc8a62800c08df5d6a,60.16629,24.95957,00000000fb7600be,12.69
12519,2019-08-04T12:41:27Z,5bf59468120b0262b74eebaba2a7ee8274f3c8165ddcf6f38eae92a8,60.16829,24.94214,00000000afef4555,14.89
12520,2019-08-04T12:41:27Z,5c160268bc9b4b619181ce421d9e58c258e6b59a342945fc29f0004b,60.14947,24.91438,000000004ef3150d,7.69
12521,2019-08-04T12:41:27Z,5cd5117066c75a1cb83d3896a7eba3f3472e133f0013ea7d4e95daaa,60.14699,24.922,00000000a53ed894,6.46
12522,2019-08-04T12:41:27Z,5d70086d53447ee393249cef33c7bae814c1d7c2e3055fc91b38786c,60.17919,24.95181,000000007b5207b6,25.36
12523,2019-08-04T12:41:27Z,5e53be1d47b3cceeb6ea9406c75327379c8ee8abc68da605b7758e85,60.14947,24.91438,000000004ef3150d,9.12
12524,2019-08-04T12:41:27Z,5e7916ca910b02abf2d19906759663c23db63950a353fa546f55c8af,60.14699,24.922,00000000a53ed894,5.41
12525,2019-08-04T12:41:27Z,5ea49ba4de68e03664ec3a87f5de32434d7136b4f8323f022ff9df5b,60.16829,24.94214,00000000afef4555,12.69
12526,2019-08-04T12:41:27Z,5f3a358ea7ec56dfb2271af72ef34416785e497a3653bfb75ef822c3,60.16829,24.94214,00000000afef4555,20.28
12527,2019-08-04T12:41:27Z,614ab7fba7255f6bf6f888e9a04d589962f756b3f427e658f10014f2,60.16075,24.95883,00000000f1124bca,12.69
12528,2019-08-04T12:41:27Z,6187e3415bcea985be770b4a90f3ed56fbfff1aa331759d34ccbd4ee,60.16897,24.95222,00000000aa852af1,23.56
12529,2019-08-04T12:41:27Z,62a6fe2d9b3b5b4533c51253f8842428bd797b3c6a95a7816ec472ed,60.14947,24.91438,000000004ef3150d,6.46
12530,2019-08-04T12:41:27Z,63a87f20dbfd068c086129312c165b6e9b1da2ea6c999be1dd1b8391,60.16762,24.95415,000000006b44cce7,13.75
12531,2019-08-04T12:41:27Z,63d99db5b2b7360c501446ea5e89feba9bd1c6735a7670039916f2ad,60.1538,24.95595,0000000038bf9618,27.28
12532,2019-08-04T12:41:27Z,63defb71d4c3856253a0a2d67a5c370b91ad0527703b334a63fe5344,60.14947,24.91438,000000004ef3150d,7.05
12533,2019-08-04T12:41:27Z,643ef3f01a51bea3c4510d4060a945cd510e5189236d68f5c9489034,60.16829,24.94214,00000000afef4555,2.08
12534,2019-08-04T12:41:27Z,64638a9f9e6c9b32fc4b484b55e4934fcab6cb04605cc76d5f5534b7,60.17065,24.93641,000000000f4919c9,20.28
12535,2019-08-04T12:41:27Z,64d86288e491374eed34c68c82763c2e5dbc87113cf5ca44f23233ba,60.16829,24.94214,00000000afef4555,21.87
12536,2019-08-04T12:41:27Z,64e34af775b57908b23056a31d60ef3b005941f2e7c3db0c49df675d,60.17065,24.93641,000000000f4919c9,4.11
12537,2019-08-04T12:41:27Z,6503762f2cac51cc2b74da1efa6b16583ed11c9a528d7716b7829c0b,60.16829,24.94214,00000000afef4555,13.75
12538,2019-08-04T12:41:27Z,6516a10850095847a8156717b0fba05a9bdc9b5bfedd691ddb07f119,60.14699,24.922,00000000a53ed894,7.69
12539,2019-08-04T12:41:27Z,6525cc634176c25187e68e0d067bcfecfd78e399e93db4ee9d408b7e,60.17918,24.95141,00000000675d5200,20.28
12540,2019-08-04T12:41:27Z,655204cb507ea9ae811105cdcd766161facaa9f729017a333f102391,60.149,24.9843,00000000fffb8cf0,11.7
12541,2019-08-04T12:41:27Z,65de3b8621fadfc61e9d3657dc477ea9867f9d093f80cf0857dcad88,60.16762,24.95415,000000006b44cce7,5.91
12542,2019-08-04T12:41:27Z,6688790e10cbf0805c8bdc210412ed75d7999e61029da0b7ba29458e,60.16829,24.94214,00000000afef4555,23.56
12543,2019-08-04T12:41:27Z,66b9cea6cd979b4e9e391e0ef854e2cc38eca6fb9e166811e39edd11,60.16544,24.95398,0000000038d83d41,23.56
12544,2019-08-04T12:41:27Z,6723bebaab92d1a9f8b4318fd4f497a6dec6d7f8e0eafca443925213,60.16075,24.95883,00000000f1124bca,10.78
12545,2019-08-04T12:41:27Z,67591d427f60ba3c369ac0d78088fca7be33081501508d16401dd6cb,60.16762,24.95415,000000006b44cce7,2.3
12546,2019-08-04T12:41:27Z,675eacdf32b5b831fd118fc5539eea4b3cef4bd11e2e1706a9571222,60.16829,24.94214,00000000afef4555,8.38
12547,2019-08-04T12:41:27Z,6774ed72eaf69d7c4aaeeef90990f969954155bbcc52652e75e7deef,60.16829,24.94214,00000000afef4555,12.69
12548,2019-08-04T12:41:27Z,677c53ae4056d6cb123ca576ba5284664b1c7e3e88818bd19b5dd99a,60.17919,24.95181,000000007b5207b6,13.75
12549,2019-08-04T12:41:27Z,6875e3632a29207e29ded33617e66d55de5d8c7804fecedd6f1dfe12,60.14699,24.922,00000000a53ed894,14.89
12550,2019-08-04T12:41:27Z,69375ef968867906fc11b34d1e2c4b436d452cd47cb577a7f9e566ef,60.16762,24.95415,000000006b44cce7,11.7
12551,2019-08-04T12:41:27Z,6981f80baeddf7459b67845f82744390c976c013f3a4883a53556fc7,60.16762,24.95415,000000006b44cce7,21.87
12552,2019-08-04T12:41:27Z,69f1de5049f5731749defe893b8ae9ada4f5f788a994b8f7413ef657,60.17002,24.94407,000000006b087f40,20.28
12553,2019-08-04T12:41:27Z,6b6668d7ebecfb96a6ed3ca19e97f8da150943ddf1d034675d08a9b8,60.14699,24.922,00000000a53ed894,18.79
12554,2019-08-04T12:41:27Z,6b97071051ccf5db7e5ebee033d4f68d58ed6917ff2fac5b205a6605,60.17065,24.93641,000000000f4919c9,12.69
12555,2019-08-04T12:41:27Z,6c7e018abdf8462af7c7b003bc30f915184f7082e9e865a2c502eed5,60.14699,24.922,00000000a53ed894,4.11
12556,2019-08-04T12:41:27Z,6f3dd17e40daabb4efe868f1b859dc00ecc01846f0a0e2b8db5d1413,60.17918,24.95141,00000000675d5200,7.69
12557,2019-08-04T12:41:27Z,6fdfc33c6b609ea80b4a38ecf657bc68b7bf659752b51edcc22ffb54,60.16762,24.95415,000000006b44cce7,8.38
12558,2019-08-04T12:41:27Z,6fec2e12fc88db6bcc4eb2c81bcfb171de0094ca788c72192002e939,60.15432,24.9211,0000000019fb59c4,23.56
12559,2019-08-04T12:41:27Z,6ff93560ca77c6e5a25bc7441cf33cf7fa0138b3da4d99b2dbf5531b,60.14947,24.91438,000000004ef3150d,11.7
12560,2019-08-04T12:41:27Z,70c56152af84cf1bad4d19b0cb31202232b4cd4320ce5ea48895e42b,60.14947,24.91438,000000004ef3150d,9.12
12561,2019-08-04T12:41:27Z,71479e7c1c4fd96468f16800ff04484480c76e0953d2074500b0df31,60.17919,24.95181,000000007b5207b6,17.4
12562,2019-08-04T12:41:27Z,71c360c0ae36f964d9ca7957d318abe8f1933c8220f225231eb33b39,60.18203,24.91341,00000000342570c2,21.87
12563,2019-08-04T12:41:27Z,72231bca658d3a16f3bf9c26ba5f13393b8377e4ab0b9ed3de6c811f,60.14699,24.922,00000000a53ed894,17.4
12564,2019-08-04T12:41:27Z,72ee53eb29f5a6840f7265c14354e5f6fec93d03847718301866eeb8,60.16762,24.95415,000000006b44cce7,17.4
12565,2019-08-04T12:41:27Z,732235fff054f4f8fff8775b6c0d4fb0ca0f28c455a6fc86de24d162,60.14699,24.922,00000000a53ed894,50.98
12566,2019-08-04T12:41:27Z,733618d50499022af0ec3b91abdc93b6f3f252adb6891da4956ba4fb,60.15432,24.9211,0000000019fb59c4,27.28
12567,2019-08-04T12:41:27Z,738ce77abafd1ca6f80e6f28e84d1b1886db4cfda3be6ffcdf52c1b1,60.14699,24.922,00000000a53ed894,18.79
12568,2019-08-04T12:41:27Z,75724822b4cc68ff31bae6b0a745632242e1a22c87525d1b530bdeda,60.17002,24.94407,000000006b087f40,20.28
12569,2019-08-04T12:41:27Z,759f94c852ff15ca91c3138913c3858c4801702f8f0514ae82fb2a19,60.16897,24.95222,00000000aa852af1,17.4
12570,2019-08-04T12:41:27Z,7664b7f08aaa059ecf6646a595c33fae0c80715febe63e31f45a4662,60.16762,24.95415,000000006b44cce7,13.75
12571,2019-08-04T12:41:27Z,777cceac7be6303a1c82f7cc68061528b01e3aa1b3aa6481cad9e5e3,60.16075,24.95883,00000000f1124bca,4.94
12572,2019-08-04T12:41:27Z,7953eb6c982160df4a8fc08a35e892cfdfacf3438067866d2f21f841,60.16762,24.95415,000000006b44cce7,11.7
12573,2019-08-04T12:41:27Z,79bb1e615a834d4f653cec7efc45ad5b4bbedf2a83c55b44c586ad0a,60.14947,24.91438,000000004ef3150d,14.89
12574,2019-08-04T12:41:27Z,79bde23c1a8980f93a65e14306f0d8ea89e164430d8b991e2bfee82e,60.16531,24.9442,00000000fdda10fe,13.75
12575,2019-08-04T12:41:27Z,79d26f15a82c94ac5d05e0f2b6a6beeae1f407972ec39665d7ab9535,60.16829,24.94214,00000000afef4555,12.69
12576,2019-08-04T12:41:27Z,7a0c0b525f2d3eed6c873bd3b8d27bede551fe4a428ac15c23deadae,60.16075,24.95883,00000000f1124bca,14.89
12577,2019-08-04T12:41:27Z,7a4a06d20ebe57d94e5fceeaf47d5b56ad9a515818e9c20e21a80e61,60.16629,24.95957,00000000fb7600be,17.4
12578,2019-08-04T12:41:27Z,7ad93fed82e41ea4422fa101badc698b0328c3ebf0f6b73c5164d438,60.16897,24.95222,00000000aa852af1,18.79
12579,2019-08-04T12:41:27Z,7af6672e274ebe27cdb785373a857fc5bcad92a386c36dbe3221d4f4,60.14947,24.91438,000000004ef3150d,11.7
12580,2019-08-04T12:41:27Z,7bb67bcf014747e5d826f95c610d36492f31095552417a0864475491,60.14951,24.92138,0000000006dd41f6,18.79
12581,2019-08-04T12:41:27Z,7be762f58d54665c5e6668eb2fb3eae7201522ddff196bbc5eb731f0,60.14947,24.91438,000000004ef3150d,29.32
12582,2019-08-04T12:41:27Z,7d9a3d84c09c3a8d6876389e216e0278048d6b924890fb275a078ffb,60.16531,24.9442,00000000fdda10fe,1.01
12583,2019-08-04T12:41:27Z,7e76449e59f1e3a1a615b54408115353fbb14d815390d03a73b1a7bb,60.14947,24.91438,000000004ef3150d,7.05
12584,2019-08-04T12:41:27Z,7ee87b87cf01698f643e1ba3117b245039edc811605df5dc802e7576,60.14947,24.91438,000000004ef3150d,13.75
12585,2019-08-04T12:41:27Z,7f2f97e26d55f653ed70260ea4f893d01a3984cbdf6d7a3bfb2641de,60.16829,24.94214,00000000afef4555,10.78
12586,2019-08-04T12:41:27Z,7f3c9dd2c7352cb81fb186a7d700841d2bcb47cd8ea0d5f8719b5908,60.16762,24.95415,000000006b44cce7,14.89
12587,2019-08-04T12:41:27Z,7f786ec8e06f1ca3bdd10fc60d0114baf354125b8f6cf796d197f4cc,60.16075,24.95883,00000000f1124bca,7.05
12588,2019-08-04T12:41:27Z,7fe10e69931c2d658099a314f3fce64865329e12a7b834c375e2d5d2,60.14699,24.922,00000000a53ed894,9.92
12589,2019-08-04T12:41:27Z,80cbcb887f3e351e3bef7c5f53dccc578cc3494feec514aed7015c0d,60.16075,24.95883,00000000f1124bca,3.09
12590,2019-08-04T12:41:27Z,80cc39b04598f971820e63498fd27ae72a12a45a60c220fe625b282a,60.14699,24.922,00000000a53ed894,14.89
12591,2019-08-04T12:41:27Z,82411c6526228322a61f59259f13adf7cde62bd767587b6735867705,60.17919,24.95181,000000007b5207b6,4.5
12592,2019-08-04T12:41:27Z,82ce8c2420645d1eeed2751616ac691b53855581110be4cc97a61036,60.16897,24.95222,00000000aa852af1,21.87
12593,2019-08-04T12:41:27Z,83073c017c8293e4b6eab781fbc2147fafa144d33b3618abd1ae5d90,60.17065,24.93641,000000000f4919c9,29.32
12594,2019-08-04T12:41:27Z,83121a75723643c48e3c3b0a3ea5fccb532046432ca445833e8de06a,60.16762,24.95415,000000006b44cce7,3.4
12595,2019-08-04T12:41:27Z,848fdb054358a3fca79c0246f01263c92b5b48aee6b9fb6e260d7a0b,60.16829,24.94214,00000000afef4555,9.12
12596,2019-08-04T12:41:27Z,848fe01e24ccc782e5968171f53ea31d28f20a455c45d8bac8fb7374,60.173,24.92524,0000000096918cfa,11.7
12597,2019-08-04T12:41:27Z,849a662d95d4185421aff7c6213ba5d7b84cfc58c9fb30ff34054e4c,60.16075,24.95883,00000000f1124bca,7.05
12598,2019-08-04T12:41:27Z,859b417d0b562f5c4ab33c3877c95cd7cbb332db91dcd0f4e7a4f3b6,60.14699,24.922,00000000a53ed894,13.75
12599,2019-08-04T12:41:27Z,85d67c3be46ecb66832dfd9090a931e1be3dd056f718ea6786622131,60.16897,24.95222,00000000aa852af1,20.28
12600,2019-08-04T12:41:27Z,868cd7608ed6beb209db2aad8c71f56b8aec3a6b453be18e4af217a2,60.17065,24.93641,000000000f4919c9,31.5
12601,2019-08-04T12:41:27Z,87bb1abe21abfcb5e5c2039e579cff7ca863a6019207db356de5b7c2,60.14699,24.922,00000000a53ed894,9.12
12602,2019-08-04T12:41:27Z,8822ffe19dec49fe874ac377de5a0504e931e342ecc1f5b1fcb939e5,60.16897,24.95222,00000000aa852af1,17.4
12603,2019-08-04T12:41:27Z,885bcc6af7d0aa9718fe1030e32ffff1de5171ae5ef67cf0011874fb,60.14947,24.91438,000000004ef3150d,2.8
12604,2019-08-04T12:41:27Z,896f7e896dc6f1ea44b82bf968a988cc10c358ee34821d9d7a4bd07a,60.14947,24.91438,000000004ef3150d,9.92
12605,2019-08-04T12:41:27Z,8a08b2de43a9ef03cf96610718c908e69dcacc59f536a7135b7bb542,60.16629,24.95957,00000000fb7600be,9.92
12606,2019-08-04T12:41:27Z,8a9eedc7cf775ab4e9ad2e20bdcbcbe1635808b418eedcdcceda7834,60.16762,24.95415,000000006b44cce7,10.78
12607,2019-08-04T12:41:27Z,8b641985c793a3f25a45b2460cb01f5baa6f339c6dd26ba7752d8a7a,60.16897,24.95222,00000000aa852af1,5.91
12608,2019-08-04T12:41:27Z,8ba6cfc17ca70e8304994e018ebd5eb2003177062cde05925d5cacb3,60.173,24.92524,0000000096918cfa,23.56
12609,2019-08-04T12:41:27Z,8bbf5422247a0a6be314130d8fd9ae1814401b75acf3b3ce2da9620c,60.14699,24.922,00000000a53ed894,7.05
12610,2019-08-04T12:41:27Z,8d1d0326bb359113b842bb215f8eec864280c2a8d5edf0e4d6371841,60.14699,24.922,00000000a53ed894,23.56
12611,2019-08-04T12:41:27Z,8d528b00553162a9dd47d2296d15b2fad89aad6a508424d4589618a1,60.14947,24.91438,000000004ef3150d,12.69
12612,2019-08-04T12:41:27Z,8d5672c651968bf1f466b44baefa37f9438850e96140d126f6a99baf,60.16897,24.95222,00000000aa852af1,16.1
12613,2019-08-04T12:41:27Z,8d73f674010f5cb02e8f20251ed86a9afcb7f6b3926039470296bd00,60.17065,24.93641,000000000f4919c9,21.87
12614,2019-08-04T12:41:27Z,8d8a869e83fe2ac29e791666634a33af3ea4048ea4e752b6fb1e238c,60.14947,24.91438,000000004ef3150d,5.41
12615,2019-08-04T12:41:27Z,8edd2176e127f8d3baff43afa20a9869b1e3a4f6df8a0930b52064d1,60.14699,24.922,00000000a53ed894,21.87
12616,2019-08-04T12:41:27Z,8f9026cfff0b3ccd2e7a22e5767bee52b08ab5630d1c6ac046bf7f39,60.16544,24.95398,0000000038d83d41,31.5
12617,2019-08-04T12:41:27Z,9023a89a49a372e5f97cf86ef1b5de0164eb67cc10d394d383ab75fd,60.16829,24.94214,00000000afef4555,11.7
12618,2019-08-04T12:41:27Z,920dc90f60b295267f63efc8f968408087b71878dc3f49f0ded1c41e,60.17919,24.95181,000000007b5207b6,21.87
12619,2019-08-04T12:41:27Z,922ed68b1f7e1a599108591da78cc5ac9fbe5162e1e6528f8f0176fa,60.16544,24.95398,0000000038d83d41,23.56
12620,2019-08-04T12:41:27Z,926717d61529080dfc4c7f8cdcdc82c6490d2a5129474524b8c40ea4,60.16829,24.94214,00000000afef4555,9.92
12621,2019-08-04T12:41:27Z,93a2100e233b204243f7e69b68dea7c9a145d1b5384bd18359bf87a3,60.16531,24.9442,00000000fdda10fe,1.12
12622,2019-08-04T12:41:27Z,93e409819362e2429a43710ff4330bd3ed83011b73ae438dd7fb62d8,60.16762,24.95415,000000006b44cce7,7.69
12623,2019-08-04T12:41:27Z,9575ef1c44f26f0301d726029c8b1c28011a4724496943451bee6544,60.14947,24.91438,000000004ef3150d,8.38
12624,2019-08-04T12:41:27Z,958ab5fd2d2c7f0c3fe6dc14fe27005fcf35b013db75f708c22a3619,60.16762,24.95415,000000006b44cce7,16.1
12625,2019-08-04T12:41:27Z,97264f5808fa13851dacabf0c98525eec29849ff4b6a744cc777fd5b,60.16075,24.95883,00000000f1124bca,13.75
12626,2019-08-04T12:41:27Z,9736a8a29aee134a307e0cd4221e9b0a2ab7c48befee43fc62e9f9bd,60.14699,24.922,00000000a53ed894,7.69
12627,2019-08-04T12:41:27Z,9862cafd709b75d07c83b397773e0cf33564666cb81814bdbf5e54f2,60.16897,24.95222,00000000aa852af1,13.75
12628,2019-08-04T12:41:27Z,9868033d7f0d18f01d12a4034f37bf5d6e51e5ed9124c68d4b8b8e6c,60.14947,24.91438,000000004ef3150d,21.87
12629,2019-08-04T12:41:27Z,98bb3b6f5e2403b14b8e01616c07b03bb1fd153ded656033d7bd3533,60.16075,24.95883,00000000f1124bca,12.69
12630,2019-08-04T12:41:27Z,992f6feda52c82ad67e40af55b5602bb22411020701998c6bd65faed,60.16762,24.95415,000000006b44cce7,14.89
12631,2019-08-04T12:41:27Z,99334da99912e6d4b516e02432e7f88db5a5b87f635722bc3a8b38a6,60.14699,24.922,00000000a53ed894,18.79
12632,2019-08-04T12:41:27Z,99753600aa90a43c336153dd03985a2996b7bc6052086f503020518c,60.14699,24.922,00000000a53ed894,11.7
12633,2019-08-04T12:41:27Z,9a9db814dfa74ca2c2d51496299715310e81c6e6525cc9d2cb0762eb,60.16897,24.95222,00000000aa852af1,17.4
12634,2019-08-04T12:41:27Z,9acffb3f8b8720e2de83c8cfd41915d268d5eca34e0bd280eed3e6f4,60.16897,24.95222,00000000aa852af1,18.79
12635,2019-08-04T12:41:27Z,9b03b610755f4cec2e9d83a9763204e758a075614b125210bc914df5,60.16075,24.95883,00000000f1124bca,18.79
12636,2019-08-04T12:41:27Z,9bad872c31c8c5e53f064b5367350b41271d45ca8a9e508136622800,60.16897,24.95222,00000000aa852af1,10.78
12637,2019-08-04T12:41:27Z,9bf4a5d763fa921335be6c141a0c9fd769fcb2f4c5b40b85a1c99c71,60.14699,24.922,00000000a53ed894,12.69
12638,2019-08-04T12:41:27Z,9e3d4a4b1acd94d2896cd7cf56419110f06ea96faae37aadebd4ec77,60.14947,24.91438,000000004ef3150d,5.41
12639,2019-08-04T12:41:27Z,9fc52a61eabf679cf9cdee2c33023c321c69afc87ed71f5a6d6655b7,60.14699,24.922,00000000a53ed894,16.1
12640,2019-08-04T12:41:27Z,a0db7e8063bede2dd55c2c6cf5111932617ecace670ff65314a7d349,60.16629,24.95957,00000000fb7600be,29.32
12641,2019-08-04T12:41:27Z,a22736c5d66f417bc6b745f51492549dc2e5a3c766f5e7e23f183b41,60.14947,24.91438,000000004ef3150d,5.91
12642,2019-08-04T12:41:27Z,a38a21a97a054541f0423f03758c70227116c05254958373e3e93ad0,60.14947,24.91438,000000004ef3150d,3.4
12643,2019-08-04T12:41:27Z,a3d228482bfdd3dbdfaee1ff72b6ac00c2ee8c05e949047ce9117783,60.14699,24.922,00000000a53ed894,11.7
12644,2019-08-04T12:41:27Z,a422a30ec1eb058c7930e1352297c161639faa5b3ca5f5fa47c4adb3,60.14947,24.91438,000000004ef3150d,8.38
12645,2019-08-04T12:41:27Z,a6158fc663b4931ef4e811a4acf62ab2f658241775e200b14684f87d,60.16897,24.95222,00000000aa852af1,17.4
12646,2019-08-04T12:41:27Z,a6f944078dd26796f5a849ccb6fdf8a4436f913cf3302597c846462d,60.16762,24.95415,000000006b44cce7,4.94
12647,2019-08-04T12:41:27Z,a7472d1b63171c047444981df223670390009e3ea502132d9963e9fb,60.14947,24.91438,000000004ef3150d,5.91
12648,2019-08-04T12:41:27Z,a76d219c3abcc4ec3a54dd834263f9a24972c71be4c7bbbfc663f22f,60.14699,24.922,00000000a53ed894,7.69
12649,2019-08-04T12:41:27Z,a794d97e26d3678bb11b4364880414bb7bfac4bb49d1867b37b489f7,60.14947,24.91438,000000004ef3150d,14.89
12650,2019-08-04T12:41:27Z,a8c6eaffa3af655bde6a224a5f02a332a51ea9662ca7cc53d2d170db,60.16762,24.95415,000000006b44cce7,21.87
12651,2019-08-04T12:41:27Z,a8df2631c2442628608c1f0352c896eb532a6ca08c85de2c77360aa8,60.14947,24.91438,000000004ef3150d,5.41
12652,2019-08-04T12:41:27Z,a8fffb1bf2cf3b58cca0395d98ab3763c45771fed32527f2dedb644b,60.149,24.9843,00000000fffb8cf0,29.32
12653,2019-08-04T12:41:27Z,a96e9a3805def174e6ededa93b88ce312739d9d68941dffdeca03e9f,60.16762,24.95415,000000006b44cce7,2.54
12654,2019-08-04T12:41:27Z,aa076c3f0d09145aebbb750dde9849ba4eb6759e92ba5753280184d6,60.16762,24.95415,000000006b44cce7,9.12
12655,2019-08-04T12:41:27Z,ac93ac0788af8e1b0f20fada4f15ca1ad31f4084b133482d8211571d,60.14699,24.922,00000000a53ed894,23.56
12656,2019-08-04T12:41:27Z,acdcc8ae1d1c6bb055dfc108154eae58b4b894f0ce1ff174c1065c7e,60.16762,24.95415,000000006b44cce7,2.3
12657,2019-08-04T12:41:27Z,ad8af809ed47a3391bb53d11da159b3a8b0ddc264d94c049ce72bda0,60.17065,24.93641,000000000f4919c9,1.01
12658,2019-08-04T12:41:27Z,ae828cc3f1fa739d818186776cff673c88a05d0f3dedfb4a765a54fd,60.16829,24.94214,00000000afef4555,18.79
12659,2019-08-04T12:41:27Z,ae87b8dd8920695bc9e599874667205991c04e30666d8523f0be4350,60.14947,24.91438,000000004ef3150d,11.7
12660,2019-08-04T12:41:27Z,aebba42e4dd1ce769871996739978c7f80bb88994a3616c908b2cd1a,60.173,24.92524,0000000096918cfa,25.36
12661,2019-08-04T12:41:27Z,aec4b11f0b1ec075878ca4a3b94da464f6fc96e330b913d5bfd346b0,60.16897,24.95222,00000000aa852af1,9.12
12662,2019-08-04T12:41:27Z,af64ca430076b1e91eeb89134e0e026479928845cbe1943bc56104c2,60.14947,24.91438,000000004ef3150d,11.7
12663,2019-08-04T12:41:27Z,b06c7ebb0cc7182279f47fe99da297fb7bda883549cb7bbc05dff36f,60.16829,24.94214,00000000afef4555,17.4
12664,2019-08-04T12:41:27Z,b0a20a40885487350aaf5c8f46dab27d4d7e1d5c24fefec54c0c62d4,60.16829,24.94214,00000000afef4555,18.79
12665,2019-08-04T12:41:27Z,b26a9be85f5fd17ea58397762fa55db3c8f68fb709d586d61527c892,60.16829,24.94214,00000000afef4555,6.46
12666,2019-08-04T12:41:27Z,b27b090bd1bd9828dcb6ddbd0a1394e4aa097974747dff90ba0eff71,60.16897,24.95222,00000000aa852af1,20.28
12667,2019-08-04T12:41:27Z,b2a01c2a06c3cf1a48333e58e787d9eaf2f975a738c02878220d7774,60.16829,24.94214,00000000afef4555,14.89
12668,2019-08-04T12:41:27Z,b3b6579684683333d1aa5ffa494c09c28af354be92e6bd3d275c011a,60.14951,24.92138,0000000006dd41f6,20.28
12669,2019-08-04T12:41:27Z,b3e9da5a37ed8ed450753cb7443e607ed1de2af685bad5be61b3e91c,60.16075,24.95883,00000000f1124bca,27.28
12670,2019-08-04T12:41:27Z,b41cc64d7ab4e16a03573bdc3b5863c4b402ec66c7780c7900c02877,60.16829,24.94214,00000000afef4555,16.1
12671,2019-08-04T12:41:27Z,b523d3f8341906e4b3877ff7d9614b4e10d6bbf10afdcc6c53656c8f,60.17065,24.93641,000000000f4919c9,20.28
12672,2019-08-04T12:41:27Z,b7039958be9f53a3eaed97f705a1974815f52f25226e920155397bec,60.16075,24.95883,00000000f1124bca,17.4
12673,2019-08-04T12:41:27Z,b81e80c4efa2f6bf7a24861abfd0f0fb5672f1512dc7545a1d387f7f,60.16762,24.95415,000000006b44cce7,21.87
12674,2019-08-04T12:41:27Z,b8201571cb5ac01b7db7af4fba6c7ff58336a3f03d0fe13edf985c41,60.173,24.92524,0000000096918cfa,25.36
12675,2019-08-04T12:41:27Z,b82ba472f0cb919b39c31b9c737f1608f6a31ffa63352768f9fa12ea,60.16829,24.94214,00000000afef4555,16.1
12676,2019-08-04T12:41:27Z,b92c7fb1d77c3f326d59dbe2689bb5b8ff10fcd691f28b36aa98408c,60.17002,24.94407,000000006b087f40,16.1
12677,2019-08-04T12:41:27Z,b95117e603641dd0d77f12165023522553f649c2e803bc0799cc598d,60.16762,24.95415,000000006b44cce7,21.87
12678,2019-08-04T12:41:27Z,b9c0ac0bb7310d92c296a8870603ebd12c0c632cfc2a1fa33092b337,60.16762,24.95415,000000006b44cce7,13.75
12679,2019-08-04T12:41:27Z,ba9825bb3cfae6aeb29833f0a11189802065c73f8e541b2bcb5b572f,60.14699,24.922,00000000a53ed894,20.28
12680,2019-08-04T12:41:27Z,bb0193f2b0ac4801fe82ed5cec75e687465d707d92e731047f81650f,60.1538,24.95595,0000000038bf9618,3.74
12681,2019-08-04T12:41:27Z,bbaf028173308162290db328f64d6280c3a54be11015e9f4a63d8c47,60.16762,24.95415,000000006b44cce7,21.87
12682,2019-08-04T12:41:27Z,bbe7947ea50de5986f237ccab5782ddb55c199ad6a81e8f692670d0c,60.16829,24.94214,00000000afef4555,11.7
12683,2019-08-04T12:41:27Z,bbeaad18acdd3a2602aa5b07ab6ae8df489cb499c4490b3e6f561a5e,60.16544,24.95398,0000000038d83d41,20.28
12684,2019-08-04T12:41:27Z,bbf8cd606b9732370f1c0ae0e68d6d0663a23102d831dd10c0e74819,60.16897,24.95222,00000000aa852af1,9.92
12685,2019-08-04T12:41:27Z,bc07df8cc395f6f4f5d483b2233caca5f93a6918f346e4cc3702f8cc,60.16531,24.9442,00000000fdda10fe,18.79
12686,2019-08-04T12:41:27Z,bc3861c61a46fbf78a7423712f1a528cf9f8332531271933056c233f,60.16829,24.94214,00000000afef4555,1.88
12687,2019-08-04T12:41:27Z,bc478512e217b12ec7e01e1ce8247d394a57fb0c0cc72940f562adc2,60.17065,24.93641,000000000f4919c9,25.36
12688,2019-08-04T12:41:27Z,bccfcc98a02cf48098244967d091ea74928cc1b8d2f2b771bd11975d,60.1538,24.95595,0000000038bf9618,33.81
12689,2019-08-04T12:41:27Z,bddca8fc17056f9f207a259070e281eedf4cea3e8e22093b88bbd7b5,60.14699,24.922,00000000a53ed894,12.69
12690,2019-08-04T12:41:27Z,be21a77f983baae8e0ba646eda0988a618149dcc7ef4c303c35d5377,60.14947,24.91438,000000004ef3150d,11.7
12691,2019-08-04T12:41:27Z,bf2e5725b255e320f1e8375ec03f55194f1fd9f751be9629d873a5c8,60.14699,24.922,00000000a53ed894,3.09
12692,2019-08-04T12:41:27Z,bf992d3cd95a73f02d7223eaffe90a94e3e1e98a8c6759bab631b5b0,60.14947,24.91438,000000004ef3150d,12.69
12693,2019-08-04T12:41:27Z,c0722f63618f97eb8ec4afac1a8538b81a3c87e623d753ad1201bf7c,60.16075,24.95883,00000000f1124bca,4.5
12694,2019-08-04T12:41:27Z,c0a0ca3433586ed2ae0e448f2406fabac7292ac79d49562e0bd5cef8,60.16762,24.95415,000000006b44cce7,11.7
12695,2019-08-04T12:41:27Z,c22d0093a8d103f59838ad43218fa834e328847e5094bcb2e98d5307,60.16829,24.94214,00000000afef4555,20.28
12696,2019-08-04T12:41:27Z,c261834e6d2c1bd9adddb82d8c6ce2d8aad82a89e32da62f3fcc6063,60.16075,24.95883,00000000f1124bca,27.28
12697,2019-08-04T12:41:27Z,c36d58ed0e0dddb3e26be1214e369db1c3fa3d4bcf8b53536a25239b,60.17065,24.93641,000000000f4919c9,4.5
12698,2019-08-04T12:41:27Z,c3be6dcc2c0542676c20d28ce38adbe2c0b9be09caa3f22e60210636,60.16075,24.95883,00000000f1124bca,21.87
12699,2019-08-04T12:41:27Z,c3e5ee20ca76f7347fda00c4c2fdee291bc6d843a879b26fbdd70390,60.17065,24.93641,000000000f4919c9,27.28
12700,2019-08-04T12:41:27Z,c4dfae0a1b1bd27741275e8f26148b119bf7225960b4275e488612b9,60.14699,24.922,00000000a53ed894,12.69
12701,2019-08-04T12:41:27Z,c551d554f64ffda092ce6c4a6715f0ed438c9649f7676b2944f1ea2f,60.14699,24.922,00000000a53ed894,11.7
12702,2019-08-04T12:41:27Z,c633a260ce59bad4e1ca42f12936ed8ae57a40f5e6528dfb70052c43,60.16897,24.95222,00000000aa852af1,7.05
12703,2019-08-04T12:41:27Z,c71d8be446020d246378e1f525a13b08549d4712051cead5ccd9287f,60.16762,24.95415,000000006b44cce7,17.4
12704,2019-08-04T12:41:27Z,c905a50dedd9b3d2114cde9160b7adf83adc09683b65598ce24c4047,60.1538,24.95595,0000000038bf9618,14.89
12705,2019-08-04T12:41:27Z,cb3f05d5604f5532e039e6d40514b13aba8f6274d952bb17a8b801fc,60.15432,24.9211,0000000019fb59c4,21.87
12706,2019-08-04T12:41:27Z,cbc336691f17a9c508549e03d522166247a0cd0a944321c1a7d15525,60.14699,24.922,00000000a53ed894,14.89
12707,2019-08-04T12:41:27Z,cbd334d06c16786ddc543b71b34da6278d203ac72606f0f9275e0936,60.16829,24.94214,00000000afef4555,16.1
12708,2019-08-04T12:41:27Z,cc2cf42c6b14536fb92c810ff0e3dd5a3caa74236f14246a5b6e8cdc,60.16762,24.95415,000000006b44cce7,9.12
12709,2019-08-04T12:41:27Z,cca4c469470383a073e2fc4aa7102906db6a8d478131e9a1420d96f2,60.16762,24.95415,000000006b44cce7,16.1
12710,2019-08-04T12:41:27Z,cce519499646f89fa1cbd7a6bb694401fa6c081e9ced8642718b392f,60.16762,24.95415,000000006b44cce7,16.1
12711,2019-08-04T12:41:27Z,cce6b6f309e43e2bb1be6a9784582a82891e976d0869d01040586d27,60.14947,24.91438,000000004ef3150d,6.46
12712,2019-08-04T12:41:27Z,cd3e127e27387b6e06cdf27f46fb6046e4182e4d7b49b49c17167c1c,60.14947,24.91438,000000004ef3150d,10.78
12713,2019-08-04T12:41:27Z,cd4ecd3b83630f6e5d65f635804e47a1ceb82853aac36af30044f06a,60.149,24.9843,00000000fffb8cf0,21.87
12714,2019-08-04T12:41:27Z,cd62fc5a92bd89f24a6e3d736d5511bf872859d762723b92f2092abc,60.16829,24.94214,00000000afef4555,18.79
12715,2019-08-04T12:41:27Z,cd93ba6049a24990376069c22e8ffe887f6c95af9d4bf16f8c65e949,60.16544,24.95398,0000000038d83d41,27.28
12716,2019-08-04T12:41:27Z,cd9b2be9ffb37c8b7c5c25f587c95b1c7932a21fb245487ea2f740d9,60.14699,24.922,00000000a53ed894,8.38
12717,2019-08-04T12:41:27Z,ceb777dafa9b7e39125b89735b7f0cf22c3018eb0196043ac8160370,60.14699,24.922,00000000a53ed894,7.69
12718,2019-08-04T12:41:27Z,cef1d06a10cfa08bcaef8b36535c2ec32c756a76cc0d5c2a1246f933,60.14699,24.922,00000000a53ed894,9.12
12719,2019-08-04T12:41:27Z,cfc2a688ff31fbb1baac8790fb6d56dc7746ba2cf9e0e5f39d4751a4,60.14699,24.922,00000000a53ed894,7.05
12720,2019-08-04T12:41:27Z,cfcc9c512b52d7fc43c7a48c00173b851566d94d097e145a357c02e8,60.1538,24.95595,0000000038bf9618,44.58
12721,2019-08-04T12:41:27Z,d03671e2aa8386fb28a425b20505ceed966063990d65611e2dfda4f2,60.16075,24.95883,00000000f1124bca,21.87
12722,2019-08-04T12:41:27Z,d0413da80c7714f40ffe50dcfb00039280c64ecebc61c59df72965e6,60.149,24.9843,00000000fffb8cf0,20.28
12723,2019-08-04T12:41:27Z,d098b9b5b30c5fcd4ae8a2b8bc761df72829713d3ae919634876d349,60.14699,24.922,00000000a53ed894,6.46
12724,2019-08-04T12:41:27Z,d0aa228c2a3e6e1568e876cffc76874702e0f0f63f18533551bf02c1,60.16075,24.95883,00000000f1124bca,21.87
12725,2019-08-04T12:41:27Z,d0cab2a2660dcc5cb99a9bdf39d2e6b31b7498985db1b50e48cb478d,60.18203,24.91341,00000000342570c2,14.89
12726,2019-08-04T12:41:27Z,d12f9e6275869a74f979eac17b326dfe329bbd78b8732fc998b5f132,60.14699,24.922,00000000a53ed894,13.75
12727,2019-08-04T12:41:27Z,d1494ea9019ebe27ab1e0e4d26f4f307c19720a0d8851bc848d80cab,60.1538,24.95595,0000000038bf9618,20.28
12728,2019-08-04T12:41:27Z,d1e3b42846da964eb43395a0c02d5cccd930d1a09090f9d668f1ebd9,60.16829,24.94214,00000000afef4555,23.56
12729,2019-08-04T12:41:27Z,d38e88e5b926f9d1de6e326cca45116fcca11f10684c80876739c6cd,60.16075,24.95883,00000000f1124bca,4.94
12730,2019-08-04T12:41:27Z,d3a37aedae39925bda7da8e4f05a61b85904a00f88e8684006c76351,60.16829,24.94214,00000000afef4555,18.79
12731,2019-08-04T12:41:27Z,d3c0cff604283ea6adeabb4f867f3fcaf8ee41fd27fc600d33c4d70d,60.16075,24.95883,00000000f1124bca,13.75
12732,2019-08-04T12:41:27Z,d5690433f1f0d0855704a06520cd197dac8c6c1293aa376af6854128,60.16897,24.95222,00000000aa852af1,23.56
12733,2019-08-04T12:41:27Z,d64eda229ebb6012e59bc89eacb74918e404ce52f16b491f3d48e800,60.16897,24.95222,00000000aa852af1,27.28
12734,2019-08-04T12:41:27Z,d87210146aab139cc6640a20b428dce6ac516806a71a177b70e04f62,60.17065,24.93641,000000000f4919c9,11.7
12735,2019-08-04T12:41:27Z,d9e1972e6cb517827f9c355e591924449d0bbdc9bb0f5bc1f8d4f29a,60.16629,24.95957,00000000fb7600be,18.79
12736,2019-08-04T12:41:27Z,daac051ca20430238282e179e0fe525b11ff1e8f1ace26d45b41f331,60.14947,24.91438,000000004ef3150d,4.94
12737,2019-08-04T12:41:27Z,db9cee77723e2258651606fd447070139d95eb1138f8e56957bff8f1,60.17002,24.94407,000000006b087f40,20.28
12738,2019-08-04T12:41:27Z,dd1278c656b83508f32f0334118ac984d95164034946b33271fd7f25,60.16544,24.95398,0000000038d83d41,23.56
12739,2019-08-04T12:41:27Z,ddc8410b9e4ece4b995b789f95e526693bac176ed77092ba57355dc8,60.16762,24.95415,000000006b44cce7,9.92
12740,2019-08-04T12:41:27Z,ddd849ee86afceedd5f5582ede84380d5596c9ea304d634ab0fd0de0,60.16829,24.94214,00000000afef4555,5.91
12741,2019-08-04T12:41:27Z,de09fd8d15c3d7adbf440a3d0a418a3b476513c968bda8a4aa652adf,60.173,24.92524,0000000096918cfa,25.36
12742,2019-08-04T12:41:27Z,de0d086ae32f87522eab31d3bc52545ed17b065889674963c0709568,60.16829,24.94214,00000000afef4555,9.92
12743,2019-08-04T12:41:27Z,de84f754a3916c8f831b0bb8ea41fc2a42cdea2794558fece3c7ae97,60.1538,24.95595,0000000038bf9618,25.36
12744,2019-08-04T12:41:27Z,e1a443e10353da64728464e8a720aaf22a62b80d404f1acae1a1c6ee,60.1538,24.95595,0000000038bf9618,17.4
12745,2019-08-04T12:41:27Z,e23a6115ba872037f9b5066c9c9c966b497f449e32a2c9ceb0e55497,60.16829,24.94214,00000000afef4555,5.41
12746,2019-08-04T12:41:27Z,e341e5e3e0b4fef8c3764508293310da5922b202d791694e43069ad1,60.16544,24.95398,0000000038d83d41,12.69
12747,2019-08-04T12:41:27Z,e34bcebfa007159f3d2adb0e62e20fcf721a221f52bdfe2a6ad77831,60.18203,24.91341,00000000342570c2,17.4
12748,2019-08-04T12:41:27Z,e35717ff07f32be5a2e1520f1855533f8dcc72cff7930c9cba9da32b,60.14947,24.91438,000000004ef3150d,9.92
12749,2019-08-04T12:41:27Z,e38f18bc3340e4884e84fdcf1f0e33a019ef2f2b9fb1430e5b3d35c3,60.16762,24.95415,000000006b44cce7,20.28
12750,2019-08-04T12:41:27Z,e3c03ee00a1bcd066f8b260cc5b9824d1118b7b7f972a818752aabc7,60.14947,24.91438,000000004ef3150d,8.38
12751,2019-08-04T12:41:27Z,e40a26f3f7468f4ac2302b45f1ed9aab7fea245ccf81d0c08072c881,60.16829,24.94214,00000000afef4555,11.7
12752,2019-08-04T12:41:27Z,e429c831feb479441d498efd8b97fc9e32328ece33b936d90d326701,60.18203,24.91341,00000000342570c2,12.69
12753,2019-08-04T12:41:27Z,e447e76c7b53157c11d5bfeb172c27332c81b5ec7f263badf5507888,60.149,24.9843,00000000fffb8cf0,9.92
12754,2019-08-04T12:41:27Z,e4b111abda6e15229c808fb72d5c0c38e2cf3abdbbb62fff5ae48e42,60.16762,24.95415,000000006b44cce7,9.92
12755,2019-08-04T12:41:27Z,e6f7965f2ef456f61121bcce5e466f125192e511c2af72d901307e8e,60.16762,24.95415,000000006b44cce7,17.4
12756,2019-08-04T12:41:27Z,e7cd5f775c7eea951719f351fcc25c710f857832d6f4b70a51b7b82d,60.16897,24.95222,00000000aa852af1,23.56
12757,2019-08-04T12:41:27Z,e826dedac8582e619ce18cd7eed68be5ee1fc9ed37e191e06f916835,60.14947,24.91438,000000004ef3150d,11.7
12758,2019-08-04T12:41:27Z,e9115410fa45db5a174eee008cae729dc69937a0e0b5a304899bf1b9,60.17065,24.93641,000000000f4919c9,18.79
12759,2019-08-04T12:41:27Z,e92eb020afcd7c1fad04690230ff8c2f005e404dd25b8dced1df30dd,60.16075,24.95883,00000000f1124bca,7.69
12760,2019-08-04T12:41:27Z,e9e19621fc5cfcfed2c808bbadc6cc6dd31e28d3c04cef8b89ca2729,60.16075,24.95883,00000000f1124bca,27.28
12761,2019-08-04T12:41:27Z,ea157e44ed100be3f782d8b3d8e5e0986079c588c9ea754b14917df0,60.16829,24.94214,00000000afef4555,1.54
12762,2019-08-04T12:41:27Z,ea2f4d9799324f4cd2a6fcda1625b65acdbab9f6b8331c26f63beec2,60.16897,24.95222,00000000aa852af1,17.4
12763,2019-08-04T12:41:27Z,eb6541383f8b12fc5476e5e2bc406933edfd211f49a1bbb93f323fa0,60.14699,24.922,00000000a53ed894,13.75
12764,2019-08-04T12:41:27Z,ec424a10bcefb6e69c2eabf42534f06e7a10aa0cfb28f6478052cade,60.14699,24.922,00000000a53ed894,16.1
12765,2019-08-04T12:41:27Z,ef352dcaa8317b6a3c0a02cd8908dd13da5601cc66ba65c5fd8d031a,60.14947,24.91438,000000004ef3150d,5.41
12766,2019-08-04T12:41:27Z,ef77b04fc57a9781bf581172358ba74cf41e0b2a6ecc8090f99810bf,60.14699,24.922,00000000a53ed894,20.28
12767,2019-08-04T12:41:27Z,f062cb52d49926a4fb39f723275ed60ab6c0f3bf34e0c3f9d233b7b8,60.14947,24.91438,000000004ef3150d,4.11
12768,2019-08-04T12:41:27Z,f15b72a3aad411d2f8a70b41c4f62ad2d744d064d42ec00c71a18ac5,60.16762,24.95415,000000006b44cce7,5.91
12769,2019-08-04T12:41:27Z,f20f951802c722181f0e90095001c49e73f84049bb105b95c97049d1,60.17918,24.95141,00000000675d5200,23.56
12770,2019-08-04T12:41:27Z,f2759841619517bff6a58510ebb0ddbc9378cd300d99652f9b14f90d,60.16531,24.9442,00000000fdda10fe,25.36
12771,2019-08-04T12:41:27Z,f2deba4ef84dbbc8c5d8524f6e2311183003bce4f9bfa6aef5b5ef66,60.14947,24.91438,000000004ef3150d,7.69
12772,2019-08-04T12:41:27Z,f2e063c8c25a8bec0dd6ec3924a5f59fd9694078f2f3fd5b3ea96f29,60.16762,24.95415,000000006b44cce7,16.1
12773,2019-08-04T12:41:27Z,f366283765028e1454f3cfc564b9f220c9d700bfa8a843746eca3141,60.16897,24.95222,00000000aa852af1,14.89
12774,2019-08-04T12:41:27Z,f39827c3c7f4c833d1118043492f78e3255b6da9f4a2c000041d9b61,60.16829,24.94214,00000000afef4555,1.38
12775,2019-08-04T12:41:27Z,f3ec2366b51157150674e5ab6293bdb19e0b30ca4296fee4c97b811c,60.14699,24.922,00000000a53ed894,6.46
12776,2019-08-04T12:41:27Z,f5f7cfe177dfb0b7ebba2419ae53f70b6b5690dd98d98586004a9107,60.149,24.9843,00000000fffb8cf0,5.91
12777,2019-08-04T12:41:27Z,f6a88c4482d078d6a1d51eabc04916c6f7566cff4a16fd55f3abdef0,60.16531,24.9442,00000000fdda10fe,27.28
12778,2019-08-04T12:41:27Z,f7777ac6285e2f6b6aa546b03f294d81e169b8236268cfed232c9679,60.16897,24.95222,00000000aa852af1,21.87
12779,2019-08-04T12:41:27Z,f796c9efc581b25280d4b416f8ba3aecca6ddf083e7bdad05f6e595e,60.14699,24.922,00000000a53ed894,8.38
12780,2019-08-04T12:41:27Z,f7f0caf73572bea3c08b592eeb9655b2668cfb16fd8840ca5619d84a,60.14699,24.922,00000000a53ed894,2.3
12781,2019-08-04T12:41:27Z,f847ec4111b37a677f1bd2577f778f653309f7b486974fefcf5eb8c9,60.1538,24.95595,0000000038bf9618,29.32
12782,2019-08-04T12:41:27Z,f9399339c3de44774896319d3f291771cebcaf2666df1d6062469882,60.16531,24.9442,00000000fdda10fe,23.56
12783,2019-08-04T12:41:27Z,f9a7057352731d27889cbd388be5902a6e62b297a3467232e8e47094,60.16762,24.95415,000000006b44cce7,16.1
12784,2019-08-04T12:41:27Z,fa96854324adae88abb35afa34b2393a20338bfd8fc9602d3ce6ae8d,60.14947,24.91438,000000004ef3150d,5.41
12785,2019-08-04T12:41:27Z,fc618d570293e104f3bf927312641e3b7c65acce185b1614337d848c,60.16829,24.94214,00000000afef4555,16.1
12786,2019-08-04T12:41:27Z,fca3daa86786d92fe75c43051a906ab67c8b95c774a1227b3c45ce10,60.18203,24.91341,00000000342570c2,14.89
12787,2019-08-04T12:41:27Z,fce50ac3cfd2f3b7a897f6575eeda4e45ab42e5b9b5351be836cc0de,60.16897,24.95222,00000000aa852af1,25.36
12788,2019-08-04T12:41:27Z,fe5ca86c906b1cb3bf9dd257ceefc562e41da499878f1074484f7d42,60.14947,24.91438,000000004ef3150d,12.69
12789,2019-08-04T12:41:27Z,feb399897846bc34dc3f4b06ac4ef0ffb0db885977b88e5c5fdb7350,60.14699,24.922,00000000a53ed894,16.1
12790,2019-08-04T12:41:27Z,feef8514003d83f6df23d1f12c4f5c23c5605b684b459e94f0e6e6da,60.16448,24.97323,0000000053c6c2be,38.87
12791,2019-08-04T12:41:27Z,ff4f3e0f964f23b97e88626f7a506bb4409718931712c58ce0f247af,60.16762,24.95415,000000006b44cce7,9.92
12792,2019-08-04T12:41:28Z,0152988639aaaa9cc27213280c8f0c0c8ec97ae6a45aaaf743c9c25d,60.16544,24.95398,0000000038d83d41,23.56
12793,2019-08-04T12:41:28Z,07d86ad98399440d0cc3bd3382a7256feb971e49a3686dc17f532e1c,60.16829,24.94214,00000000afef4555,16.1
12794,2019-08-04T12:41:28Z,0dd09efc9717b508a52eb5196698ac7acffb325c836e14f240e56313,60.14947,24.91438,000000004ef3150d,29.32
12795,2019-08-04T12:41:28Z,14c7e1511b70f4dd3359cbece1377aebb4d70531f5489eefe53d7c3c,60.16544,24.95398,0000000038d83d41,29.32
12796,2019-08-04T12:41:28Z,1526f3d92e309513df962ba40c1be4462d5f9b2f140656864b73824f,60.16075,24.95883,00000000f1124bca,23.56
12797,2019-08-04T12:41:28Z,1599d2c9070a6f05e1a5887c2d9209214c04818c6203fe75440734f2,60.1538,24.95595,0000000038bf9618,41.64
12798,2019-08-04T12:41:28Z,165ebbb4090d47319ae370f0d0854fdc1f6b79499f8b2e4d3c3533c0,60.16544,24.95398,0000000038d83d41,21.87
12799,2019-08-04T12:41:28Z,1ea5c6ae07ddb2f4c8e07ffc97a13995d20d16a13d121bcce9429a96,60.17002,24.94407,000000006b087f40,21.87
12800,2019-08-04T12:41:28Z,211f6b7b044343d0be369791b3fa3c144d0d0f391e2a42787712efb0,60.16448,24.97323,0000000053c6c2be,13.75
12801,2019-08-04T12:41:28Z,2350e9b04a733edca530466fd60d704e4de146d81df0066a1767556b,60.149,24.9843,00000000fffb8cf0,21.87
12802,2019-08-04T12:41:28Z,25a7ff811c3c06e426c7c2cbb0433d9a2a3399b23afecbd35584ab0f,60.18203,24.91341,00000000342570c2,12.69
12803,2019-08-04T12:41:28Z,2d3d031189abfaea69cd551a97b2b2d056a908f19bc56701010a2304,60.16897,24.95222,00000000aa852af1,13.75
12804,2019-08-04T12:41:28Z,2d407793ce0a0290a87debe672b1af2af93c687ca83668e17fb0ce63,60.14947,24.91438,000000004ef3150d,23.56
12805,2019-08-04T12:41:28Z,315af4a829b592ba99b203b8ed2cbd499769f8752dfe6de7da4ee929,60.16829,24.94214,00000000afef4555,21.87
12806,2019-08-04T12:41:28Z,3a93902ba6b635489cd6f55b08d93e6fe7a5bc0a86a0b490a88f6d1b,60.16075,24.95883,00000000f1124bca,27.28
12807,2019-08-04T12:41:28Z,3fe84a5a1e657df8910685df3a8cf779a6ebc3362fbc8e578f235ee4,60.15432,24.9211,0000000019fb59c4,3.74
12808,2019-08-04T12:41:28Z,4317f5904a5e6ae921bf743dd534c803083fd90b15a1245881beeade,60.16897,24.95222,00000000aa852af1,29.32
12809,2019-08-04T12:41:28Z,43b676ed3aef4c2d8846694817e76117873be52e7f788e0cb366c1c4,60.16629,24.95957,00000000fb7600be,27.28
12810,2019-08-04T12:41:28Z,44d0b94469070803869f229601e877beb613c3f5aafa009addf97a1a,60.16544,24.95398,0000000038d83d41,16.1
12811,2019-08-04T12:41:28Z,4656bad9b5e6dfc3977eca308fc1db3dbf8b0204b90d09b001da242e,60.1638,24.96846,00000000d747f075,29.32
12812,2019-08-04T12:41:28Z,5d65719c4cbf045f068d084b72302f447d5fd034413d97d13be00d0e,60.18203,24.91341,00000000342570c2,21.87
12813,2019-08-04T12:41:28Z,5eed115a984d490b02b602d73787aee8dc8c4e9365b77fbff3818a76,60.16629,24.95957,00000000fb7600be,21.87
12814,2019-08-04T12:41:28Z,5fecff186138a9b3e31c6086c33dcd5f1d209e64f0afeed7c688cab0,60.16897,24.95222,00000000aa852af1,11.7
12815,2019-08-04T12:41:28Z,653a92a7828f2c43bc74899753f872e8b93c30b6fb419b651a94bbc1,60.16897,24.95222,00000000aa852af1,16.1
12816,2019-08-04T12:41:28Z,66dabd3229229330d23c70e9e1737429ddfe69db01f4a6a00f70fa20,60.16762,24.95415,000000006b44cce7,18.79
12817,2019-08-04T12:41:28Z,69219e9efa41ae9e732653e9eaf08e1a34cb853a9dafe76ddeea4d04,60.16897,24.95222,00000000aa852af1,14.89
12818,2019-08-04T12:41:28Z,6a70e2fbced719333e21eff04fcb9cb36bae9a04d1a3d6ddd96f2c58,60.15432,24.9211,0000000019fb59c4,7.05
12819,2019-08-04T12:41:28Z,6c8861f56a280e7752e10439271a2498527c69b0796f58de4afc6008,60.16075,24.95883,00000000f1124bca,21.87
12820,2019-08-04T12:41:28Z,6f06341f358e61699fe1e55e986dd0554bc8da28b91daf0c5ad99db6,60.16629,24.95957,00000000fb7600be,20.28
12821,2019-08-04T12:41:28Z,737efc92e3419e9d96a8559ec341ea7e18ba6381fd8e4de3d06f82a0,60.14699,24.922,00000000a53ed894,18.79
12822,2019-08-04T12:41:28Z,7678cdb86d454ca9ae52f22d97e635106585a3a046d01da4463695cc,60.18203,24.91341,00000000342570c2,17.4
12823,2019-08-04T12:41:28Z,79f136afa0dd8717337c01c70b457c464aaf0fa25b440f51a394ec23,60.16762,24.95415,000000006b44cce7,12.69
12824,2019-08-04T12:41:28Z,85ef35aecf2ff804be3d958b592705ec41c6df9c128c132c65bb283d,60.16897,24.95222,00000000aa852af1,23.56
12825,2019-08-04T12:41:28Z,87dfaad29a9276ddddb1fa021d3bc23ad14824c1af16f7d87e713689,60.14951,24.92138,0000000006dd41f6,9.92
12826,2019-08-04T12:41:28Z,88808fe92573e9cdf022cc15b9689b6b4b9429f60513c8897b0ba4c7,60.16897,24.95222,00000000aa852af1,17.4
12827,2019-08-04T12:41:28Z,8c3b1ed0846e38cc84b863a80540c8a75bfd85c8bdda36563d153110,60.16544,24.95398,0000000038d83d41,27.28
12828,2019-08-04T12:41:28Z,8c75c3289c84fe4493e1e272a77b615fe1985880c5dc68a7c1a17b53,60.16762,24.95415,000000006b44cce7,9.92
12829,2019-08-04T12:41:28Z,94c5a69a5ae6e9407c3fa9a6919d99beb3558dd4e6750eb480ddc36f,60.16829,24.94214,00000000afef4555,16.1
12830,2019-08-04T12:41:28Z,9843c6216661048343a0e49cf3d8aa2883cf77f452666a1c873a1052,60.16448,24.97323,0000000053c6c2be,41.64
12831,2019-08-04T12:41:28Z,9ea176cc50b4b7b627807bec1e3dfc22223c1ea35af2995dd823eab7,60.14947,24.91438,000000004ef3150d,27.28
12832,2019-08-04T12:41:28Z,9fc0711d7e7722eff7faa0cb6f17846680c06515c1eb93dd49ebcf25,60.14699,24.922,00000000a53ed894,16.1
12833,2019-08-04T12:41:28Z,a23b63dc2df72ba829ea2eabba05dafe724027d59a8f6babf791c1b8,60.16075,24.95883,00000000f1124bca,20.28
12834,2019-08-04T12:41:28Z,a8f8130135c784b027355228017bbfe99e5a6eecec153d44b78bedd3,60.16829,24.94214,00000000afef4555,14.89
12835,2019-08-04T12:41:28Z,acd2647d413f41552b31b6e383da445c8902bc2a764d2b7791a7b164,60.16762,24.95415,000000006b44cce7,16.1
12836,2019-08-04T12:41:28Z,ae556011c511e79ed2daac915308eebfe8e1f17c56850f7a1fc92ce1,60.14699,24.922,00000000a53ed894,21.87
12837,2019-08-04T12:41:28Z,af807b67ce09a2ce1744025c421961213f1608ca658ece4df69555a1,60.16762,24.95415,000000006b44cce7,13.75
12838,2019-08-04T12:41:28Z,b3d30798e4605a05b11dfff0f3fe01c2e8e16ac491fdb956f128ff23,60.14947,24.91438,000000004ef3150d,18.79
12839,2019-08-04T12:41:28Z,b5fd6b317890e5ab2d79e2cd1abe61626d45a753c7337d0d40728898,60.16762,24.95415,000000006b44cce7,9.12
12840,2019-08-04T12:41:28Z,bb98768dad0f7c52cf643f035a3e7e48f5cfe28557c66f2a75914b31,60.14699,24.922,00000000a53ed894,10.78
12841,2019-08-04T12:41:28Z,bcb0201b0a1edf350ae2f681076e7d2d48ebd94c075bd3ca59552020,60.16897,24.95222,00000000aa852af1,16.1
12842,2019-08-04T12:41:28Z,be41ebc5fb0d348fc1ef1166d44251c3112a78a4ea01aa980364ee7c,60.14699,24.922,00000000a53ed894,13.75
12843,2019-08-04T12:41:28Z,c175b4269517070a33be84e85a4b8b23c3bb430ff6c31b121ac1603f,60.16762,24.95415,000000006b44cce7,18.79
12844,2019-08-04T12:41:28Z,c97eb4181394121907d47b908495f54e5ee5145ff790f7a1dc21b3cf,60.16897,24.95222,00000000aa852af1,11.7
12845,2019-08-04T12:41:28Z,ca6927628f5ddda20036865c9345ad93d476d62ade3b181de568eed6,60.16897,24.95222,00000000aa852af1,18.79
12846,2019-08-04T12:41:28Z,cf05623e4d87ce0906c0b0b7dbf53aacc1228016cd27c341228b6e76,60.18203,24.91341,00000000342570c2,18.79
12847,2019-08-04T12:41:28Z,cfc0bedb78ded52749db3188cb188bf6a250ef5990da9c5afa9623fc,60.14951,24.92138,0000000006dd41f6,27.28
12848,2019-08-04T12:41:28Z,d0a50f3001c258a38880550f6c0835fcaa85f0a6d36687dc5de98f3b,60.16629,24.95957,00000000fb7600be,16.1
12849,2019-08-04T12:41:28Z,d366aa1925472f34a389921734c1777d6d7c2e812b0f284d78697edf,60.1538,24.95595,0000000038bf9618,33.81
12850,2019-08-04T12:41:28Z,dcaa88e5d510f572877286b8ba0663428b2d71a50b6630460009c779,60.14947,24.91438,000000004ef3150d,5.91
12851,2019-08-04T12:41:28Z,ded49640b591e73bff71f84fb99d2739eb6c9554164a015017725e03,60.16829,24.94214,00000000afef4555,16.1
12852,2019-08-04T12:41:28Z,e8690c2d1711bc10f2d1251a3b5b1e770b98c66c384760400c604de1,60.16829,24.94214,00000000afef4555,25.36
12853,2019-08-04T12:41:28Z,e8e366e76c97944e23c0f80b4fd3ce6e5832744922297146a49f0c7e,60.16762,24.95415,000000006b44cce7,11.7
12854,2019-08-04T12:41:28Z,e96bd269a48b822b06141c3362fcb6d5ed4d0d09a120f2e4a712d5c2,60.16897,24.95222,00000000aa852af1,11.7
12855,2019-08-04T12:41:28Z,eee5797db5c3753514933a12e2485caee4ee5803b4d830ba1c22e5c5,60.14947,24.91438,000000004ef3150d,8.38
12856,2019-08-04T12:41:28Z,ef7dba95b756c6d1b3b2481f9588f5dd6bdb1ee317c42ea24e5344ff,60.14699,24.922,00000000a53ed894,20.28
12857,2019-08-04T12:41:28Z,f088630d7476dae7d4b7e2bb1f10575f2c89acb4b6e061f3d57c2b40,60.16531,24.9442,00000000fdda10fe,27.28
12858,2019-08-04T12:41:28Z,f237103f284dc6c51c64f9728c4f56e0c855dbb1bf8c4165758c3ef0,60.16897,24.95222,00000000aa852af1,11.7
12859,2019-08-04T12:41:28Z,f29ea15113ac0eea0be8ec41c633909de4b0b9ab6c7b9898b128080c,60.16897,24.95222,00000000aa852af1,23.56
12860,2019-08-04T12:41:28Z,f405a7c4a3a4339f8e3f7e552f6492d6eed76f7d08c54943286213de,60.16762,24.95415,000000006b44cce7,11.7
12861,2019-08-04T12:41:28Z,f6609ab1076b1105bb845595a03b41b8fbb282f79c337df5bbc9f841,60.14699,24.922,00000000a53ed894,8.38
12862,2019-08-04T12:41:28Z,f94dddacf96965952551200a02b41925bcd21402aceafb12f19931af,60.16075,24.95883,00000000f1124bca,11.7
12863,2019-08-04T12:41:28Z,fc4f3a44235f1cfc7b53f14ba2da599976a5a0a220d23b852688e485,60.17919,24.95181,000000007b5207b6,18.79
12864,2019-08-04T12:41:28Z,009ad4cd2bd97e04da44cc9789e6bdbdb899eded61d05b7d5634b7be,60.16829,24.94214,00000000afef4555,9.12
12865,2019-08-04T12:41:28Z,00a07b1f8113691d8475c54082a14cdd54decf9845a90e75df8031a6,60.17065,24.93641,000000000f4919c9,29.32
12866,2019-08-04T12:41:28Z,00bdb07c0f4f75c71196362c269c9f652c66cf7d3f3c2d89843af063,60.16629,24.95957,00000000fb7600be,17.4
12867,2019-08-04T12:41:28Z,01f429553e2195416aa27d90d18c5206411813155efa0b01dae13559,60.16629,24.95957,00000000fb7600be,21.87
12868,2019-08-04T12:41:28Z,032e5d7621738a50c9e742e0cba13c819f7c67cedf8687f3ab25595c,60.16762,24.95415,000000006b44cce7,18.79
12869,2019-08-04T12:41:28Z,036c183505fea646b54aeb0c612913cafba94eca65e47d3c6d840a68,60.17918,24.95141,00000000675d5200,14.89
12870,2019-08-04T12:41:28Z,038e7f3d1d9babcdb48b63ff8e3e1ac732b3c29f665dc7d9a1819abc,60.14699,24.922,00000000a53ed894,10.78
12871,2019-08-04T12:41:28Z,04f35922a81b516e7028f61c6ff34faf6da85df0a5cfcefb6df1861f,60.149,24.9843,00000000fffb8cf0,25.36
12872,2019-08-04T12:41:28Z,05d441c83d2df822feaf93d7861452db7a201f22d84cfa36f421dfd2,60.16544,24.95398,0000000038d83d41,11.7
12873,2019-08-04T12:41:28Z,0638ed176f2a4b17c11bae92240575c9305f4bc21592a476b3106be4,60.16762,24.95415,000000006b44cce7,23.56
12874,2019-08-04T12:41:28Z,0745a2141a9beee786a347d3ee1b071719fd2f4abfeeab7f5248c0ad,60.14699,24.922,00000000a53ed894,13.75
12875,2019-08-04T12:41:28Z,076c28c1895ef1919c11113113c12655c546fc90a00800e5ebec5b56,60.14699,24.922,00000000a53ed894,13.75
12876,2019-08-04T12:41:28Z,0851ab74be2e888decf0046825f09ed302f7b2275e72b09b5b713d85,60.16829,24.94214,00000000afef4555,16.1
12877,2019-08-04T12:41:28Z,0a0acb70a8ef92be52a64d4425e70bb2f7a17d13942c3382c9d68878,60.149,24.9843,00000000fffb8cf0,5.41
12878,2019-08-04T12:41:28Z,0a5616e066b42895361324cfa8abef41d849a55e3e4bed429bab494b,60.16829,24.94214,00000000afef4555,3.74
12879,2019-08-04T12:41:28Z,0a5ed50daf13dd10744537aa851ac7ab1d34d9797ec6ab6e2402aebb,60.16762,24.95415,000000006b44cce7,4.5
12880,2019-08-04T12:41:28Z,0aabf0df4c3c5b45bb8950c92dbe624985f19e8650ed61f92571a65a,60.14699,24.922,00000000a53ed894,6.46
12881,2019-08-04T12:41:28Z,0b0dd9af9d52c68ff71ce266d6707abbb0f56c3c63be0f83f7b5df9b,60.16762,24.95415,000000006b44cce7,6.46
12882,2019-08-04T12:41:28Z,0c905239b8c0e14cba671cf4d4d715d1045a30ee62a6285fb489dbb0,60.16829,24.94214,00000000afef4555,9.92
12883,2019-08-04T12:41:28Z,0d3525b13d674f1645fdbe6d842fe37b2f416889c5472e9dfcc5445c,60.14947,24.91438,000000004ef3150d,9.12
12884,2019-08-04T12:41:28Z,0ef4d4e0ed1d5a16b616f3722210deaa1f3be532439fb707802f70a2,60.16075,24.95883,00000000f1124bca,12.69
12885,2019-08-04T12:41:28Z,0fe681ee4c4c70c99bbacaf42e0d3c9bffc5818eb71197978a94b021,60.16762,24.95415,000000006b44cce7,31.5
12886,2019-08-04T12:41:28Z,10a99e791e27975dc1c9d73d3163cabacf3bd7bd05a4f7abf6365426,60.14699,24.922,00000000a53ed894,12.69
12887,2019-08-04T12:41:28Z,10caaea8002e8b3b342b32710efdd7305ff375ca1cdc01411f66b2f6,60.14699,24.922,00000000a53ed894,9.12
12888,2019-08-04T12:41:28Z,119268a2b328b466959e99158efc17d07641daf2eab0785f813707f9,60.16762,24.95415,000000006b44cce7,13.75
12889,2019-08-04T12:41:28Z,120a63917cb5ab619bf9a71328f14020736ee84e75d5b37278748def,60.16897,24.95222,00000000aa852af1,10.78
12890,2019-08-04T12:41:28Z,121345c4cf0d0f18c684c4eb22e496ac6f8fb537ec2f3812f6966b67,60.16762,24.95415,000000006b44cce7,16.1
12891,2019-08-04T12:41:28Z,124cce476184e061b136f481014a2abc7208d30e4e520ffd90c85adb,60.17002,24.94407,000000006b087f40,11.7
12892,2019-08-04T12:41:28Z,128df515b075ffc54794d311944f31b9b1c1132d182943a9880e5bc0,60.16544,24.95398,0000000038d83d41,21.87
12893,2019-08-04T12:41:28Z,13ee67fb034e3d24edc9a9618e9d6de24979ebbcb399f83abb02a897,60.14699,24.922,00000000a53ed894,12.69
12894,2019-08-04T12:41:28Z,1423891c6ee1edc7da83904378a35aef2e5797db95b117651d676934,60.16762,24.95415,000000006b44cce7,11.7
12895,2019-08-04T12:41:28Z,1496ce9cf373a2a508a8ab0b7aa0604dd889fd69483881c3752219af,60.14699,24.922,00000000a53ed894,10.78
12896,2019-08-04T12:41:28Z,1515fbb735095b233eea332bf40cff9995758e9bd0ad60218875554b,60.14699,24.922,00000000a53ed894,23.56
12897,2019-08-04T12:41:28Z,15ee12e5f9be00a79b0cbbc9912f51cbfa3e486624567e1bde938fb6,60.1538,24.95595,0000000038bf9618,31.5
12898,2019-08-04T12:41:28Z,161aa798c2a18e132fb27ecded773218ea4e42eabbd0e5794b1d7017,60.15432,24.9211,0000000019fb59c4,14.89
12899,2019-08-04T12:41:28Z,16ca2e50aab654110e1bb81e5e374133f99b7f103d24d5cc9635423c,60.16897,24.95222,00000000aa852af1,20.28
12900,2019-08-04T12:41:28Z,171a752ceacd35c6e27c36e67da80ba960a246c0977f0bdca139a472,60.14699,24.922,00000000a53ed894,16.1
12901,2019-08-04T12:41:28Z,1769031b7f4d75de0541e26427b9ecc92c84b80992e3b36bb8eb799e,60.16829,24.94214,00000000afef4555,17.4
12902,2019-08-04T12:41:28Z,1882b53729765cca25bc63400074242872d6fbc57882f131285b277f,60.16829,24.94214,00000000afef4555,17.4
12903,2019-08-04T12:41:28Z,1ad0b84716a79851fa8db7a993012f0c8e496d6cba9d028a546285a2,60.16897,24.95222,00000000aa852af1,23.56
12904,2019-08-04T12:41:28Z,1b3fba902b8d1538b508cdc228fd15fdd87f5aecb68e5611b1a4e354,60.16762,24.95415,000000006b44cce7,3.4
12905,2019-08-04T12:41:28Z,1bcef866fafad7c7460a084e0b0d27c087b549f4ae704390708be47e,60.149,24.9843,00000000fffb8cf0,14.89
12906,2019-08-04T12:41:28Z,1c7ccd5d6570d98e57ef2ebbd716b7504b138f9bb616fbeaa0d1a268,60.14699,24.922,00000000a53ed894,10.78
12907,2019-08-04T12:41:28Z,1e24a2120b13c780dbb3a67a73f5058d1847f126fd5f5952e6dddcd3,60.16075,24.95883,00000000f1124bca,17.4
12908,2019-08-04T12:41:28Z,1e63d2090b520af23ca3d2c9a05047dc0b0c63f7471b86e9d9f3e7cc,60.16629,24.95957,00000000fb7600be,16.1
12909,2019-08-04T12:41:28Z,1ec58e626d2335aeeaa7c7d8f715d4334274dbd43448fb62c3901ef6,60.16829,24.94214,00000000afef4555,14.89
12910,2019-08-04T12:41:28Z,1eed5192896838d1860e8ea14bda43d065b88fc7dc562f54765e85a8,60.16897,24.95222,00000000aa852af1,27.28
12911,2019-08-04T12:41:28Z,1f74037ecab4dbdc5db1a8dc8b583a86630f86a5f2d0a5167b7fa605,60.18203,24.91341,00000000342570c2,18.79
12912,2019-08-04T12:41:28Z,203a0c145a43c9a18f8c2a5ba4e18882e7430662bb4ac0e56ab37578,60.17065,24.93641,000000000f4919c9,13.75
12913,2019-08-04T12:41:28Z,20ac7b2ace7c0038aa8df01b9281a9c54f1551fc8ab9b662b1f1ca22,60.18203,24.91341,00000000342570c2,21.87
12914,2019-08-04T12:41:28Z,21eb94b10f042f4f21566d3ee27d800fb6d899071739c0c5c1fa7af0,60.14699,24.922,00000000a53ed894,29.32
12915,2019-08-04T12:41:28Z,21eed3ade733687b8f56fade8290819b7c6b4a9f38468979fe692c3e,60.16762,24.95415,000000006b44cce7,6.46
12916,2019-08-04T12:41:28Z,2271cbccbcce28d3d0757d9a964f67df1a523b81d97355dc543dd848,60.16897,24.95222,00000000aa852af1,14.89
12917,2019-08-04T12:41:28Z,22fe9a06fba1036e8eafd726bc450095b1893be067f475e1882bb704,60.14699,24.922,00000000a53ed894,7.69
12918,2019-08-04T12:41:28Z,231026899a6d5b326cb5b1e38b182ca1acb77c7e27bc2378973b29db,60.16629,24.95957,00000000fb7600be,11.7
12919,2019-08-04T12:41:28Z,23337c2812924a07e4f0bbc92e56d1f85ea40208b6b987f4afc686cf,60.16897,24.95222,00000000aa852af1,12.69
12920,2019-08-04T12:41:28Z,247f8b2fe544f61677fce4b7f300f6be0c3fa9f5a9f057cc0a4b2111,60.16762,24.95415,000000006b44cce7,23.56
12921,2019-08-04T12:41:28Z,2551a9e1b8a03c8e0e378ed37c0130b6e4105ec6b949de9e5a670be8,60.14699,24.922,00000000a53ed894,11.7
12922,2019-08-04T12:41:28Z,267b66cc2e81a226d253a8f3228a4b45e1fabb634bba60fd0cc21a8d,60.14699,24.922,00000000a53ed894,17.4
12923,2019-08-04T12:41:28Z,269124e75b1e74a7c7dc93b778e02f04d0a53e069a90081c0938ee4c,60.14699,24.922,00000000a53ed894,11.7
12924,2019-08-04T12:41:28Z,2838eddb482a9bc77b0b867352020e2cbfb71e85aaa1d61307e85f3d,60.14947,24.91438,000000004ef3150d,18.79
12925,2019-08-04T12:41:28Z,28b43564f7156b67db7cb7b779e948986d7610f921490f9030379704,60.16897,24.95222,00000000aa852af1,12.69
12926,2019-08-04T12:41:28Z,28d2c3282e9f8fec67baec7992dcd800c45b67071e33cb118905a6b3,60.16829,24.94214,00000000afef4555,1.7
12927,2019-08-04T12:41:28Z,2969cdb120f2d285c556abfe5bac2f8090571f61aba227a474a534d2,60.17065,24.93641,000000000f4919c9,3.09
12928,2019-08-04T12:41:28Z,29a1ee6c0907a00ec6b6dcbb187f5c31d1a11b261aabd339210ee013,60.16897,24.95222,00000000aa852af1,7.69
12929,2019-08-04T12:41:28Z,2a47bdc66249162a9588347a6cbe7895fe798bb25c1194cd69fb1e8b,60.14699,24.922,00000000a53ed894,9.92
12930,2019-08-04T12:41:28Z,2bf5f9225c5c902bf47c53c03a98b5988a577c9688e1143db7aa3f3d,60.14947,24.91438,000000004ef3150d,6.46
12931,2019-08-04T12:41:28Z,2e86f9a432e00fa6ff5b8744ffecbe22a02b4316779bc8b4078af2e2,60.149,24.9843,00000000fffb8cf0,25.36
12932,2019-08-04T12:41:28Z,2ee2e108ed9051b1ccf4d3ee89931dfd53170af0b558fa6579b83e8d,60.15432,24.9211,0000000019fb59c4,10.78
12933,2019-08-04T12:41:28Z,2f08dbfbbe5577f04ea9826f72d5452ddf5fd9bb892769382ea5a4ca,60.16762,24.95415,000000006b44cce7,16.1
12934,2019-08-04T12:41:28Z,32708990f2c831e65f70f2682baf5188fc93348b9a9e78ada8db2bf4,60.14947,24.91438,000000004ef3150d,2.3
12935,2019-08-04T12:41:28Z,32f77f5019e5fce30881c214487361e2e34b8c93277f6e546de72012,60.1638,24.96846,00000000d747f075,33.81
12936,2019-08-04T12:41:28Z,3303170e10852dac3d5bc7188d1b93ece109e216e6c9b13a007c1b00,60.16762,24.95415,000000006b44cce7,27.28
12937,2019-08-04T12:41:28Z,33634cb1e3fc5d4a621e8717d203da8533ed27531a70c6cbe3abf3fa,60.16762,24.95415,000000006b44cce7,2.8
12938,2019-08-04T12:41:28Z,33ec502792a84f23fed03cf16e483d153c65e2850a2549f47034726a,60.16762,24.95415,000000006b44cce7,11.7
12939,2019-08-04T12:41:28Z,3459042c03cbb672a039f7f14a6b99b84f839b0598f9e48bf4dd95f5,60.14699,24.922,00000000a53ed894,18.79
12940,2019-08-04T12:41:28Z,348d0f13ec830589831a973041803bc7b6c0f0b5f6e5a84e47f292d3,60.17002,24.94407,000000006b087f40,27.28
12941,2019-08-04T12:41:28Z,349dd839e41cff363cc4b935496e52b93be15233e508aa82987859bd,60.16075,24.95883,00000000f1124bca,14.89
12942,2019-08-04T12:41:28Z,34fddf0f4ea194b9720451d11a9de76225577536681d4f4b0a00b860,60.16829,24.94214,00000000afef4555,10.78
12943,2019-08-04T12:41:28Z,358d7986d5bf2a0624fb1412a157b3c7b12f90653457e15a76bbdf50,60.16629,24.95957,00000000fb7600be,10.78
12944,2019-08-04T12:41:28Z,35a958343879c000cfc3f0c01afbc7d54934265828677bf4aefef84f,60.14699,24.922,00000000a53ed894,7.69
12945,2019-08-04T12:41:28Z,35e6e075578d7a51e510bf8904bde33f1d117264eea0917db98d4808,60.16897,24.95222,00000000aa852af1,13.75
12946,2019-08-04T12:41:28Z,36f876050503d244f74f3cbadcef716904eb2b245190d474b0cfa794,60.16762,24.95415,000000006b44cce7,7.05
12947,2019-08-04T12:41:28Z,37945fa4e7409fab98aa8bde45081f5bd083def0059485274ad552c0,60.17919,24.95181,000000007b5207b6,14.89
12948,2019-08-04T12:41:28Z,37b4192b51c9589b8791bc2e9f830dd541c0e77fd03e7a85a51b68e5,60.16544,24.95398,0000000038d83d41,25.36
12949,2019-08-04T12:41:28Z,39310ebca1ad756aa2bfcb16c912cb7003ef3e7286a1f037603ade61,60.14699,24.922,00000000a53ed894,13.75
12950,2019-08-04T12:41:28Z,39f03a3a5fd777feee270921a7f51daec12ea679b542b0aaf2e808d7,60.149,24.9843,00000000fffb8cf0,7.05
12951,2019-08-04T12:41:28Z,3a6ce73ea4c03a14fc0d3d099e4698d3c1051a2e8e4bd552d5de394d,60.14947,24.91438,000000004ef3150d,9.12
12952,2019-08-04T12:41:28Z,3b73bf57d223bcb9b930ee8619e6603e52485b221389c64d85614baf,60.16897,24.95222,00000000aa852af1,7.05
12953,2019-08-04T12:41:28Z,3be48824225ca9f2aea5653f6ce21181a76e67a8d4b8361f0cba1f8a,60.14947,24.91438,000000004ef3150d,6.46
12954,2019-08-04T12:41:28Z,3e4965f1ed580ddf80246b1b78cbc55b73c11d67573d9cede2a7ccf7,60.16829,24.94214,00000000afef4555,12.69
12955,2019-08-04T12:41:28Z,3e99999f43f3bd9e105e735eeb92531a4301e7f258c90535acfba9ae,60.16531,24.9442,00000000fdda10fe,23.56
12956,2019-08-04T12:41:28Z,3e9bb396fbc83c420e59acae7d393de6b4add7ec1dda523b9eaee7a5,60.16075,24.95883,00000000f1124bca,14.89
12957,2019-08-04T12:41:28Z,3f395809cdaaaa1688c7d1cc770079bbf7ef1349e148bec5c8eacd57,60.16762,24.95415,000000006b44cce7,16.1
12958,2019-08-04T12:41:28Z,3ffe89aa6ab1e57883e21fa8f15969f46a5f487bccb2b993eadb3cfb,60.14699,24.922,00000000a53ed894,8.38
12959,2019-08-04T12:41:28Z,403f209e525e5159d33b2056ebebcfa95ff94baf8ae3d9b3442c3090,60.14699,24.922,00000000a53ed894,12.69
12960,2019-08-04T12:41:28Z,42d4eb6044091814f327d0b01dc9ae701506417af1a8ab7f4161650d,60.14951,24.92138,0000000006dd41f6,9.92
12961,2019-08-04T12:41:28Z,42da4298ed9f522421f17714e024d9b8fe22e7546df3deeb8b139bd3,60.16075,24.95883,00000000f1124bca,4.94
12962,2019-08-04T12:41:28Z,447f951c07ece4b9f8a41fed54b5911f4f8033b69f5a62bfd0cf1d97,60.14699,24.922,00000000a53ed894,16.1
12963,2019-08-04T12:41:28Z,4533d27e96c5c6637ddff4243672d658fea4004970652882357105a9,60.14699,24.922,00000000a53ed894,9.12
12964,2019-08-04T12:41:28Z,457d11209b95b153efb57d8f2641f2db0823e91a0d608fa0555a5b69,60.14699,24.922,00000000a53ed894,11.7
12965,2019-08-04T12:41:28Z,4602ff9d03f6bf4fbb82976098cc1c73e7a7e754050401c772d1406e,60.14947,24.91438,000000004ef3150d,11.7
12966,2019-08-04T12:41:28Z,467a01a257fbaad22bd4aebafc8f284c9ad3effc429475e57c214e9d,60.14699,24.922,00000000a53ed894,9.92
12967,2019-08-04T12:41:28Z,47b8aba771bed6ec3a7d57932c44fe859bcf6300054b3acc9d885105,60.14947,24.91438,000000004ef3150d,16.1
12968,2019-08-04T12:41:28Z,47bc9ff9097f9ef5f1862e48b4a42f6a9ddd30c4ef2b6eb43291a7a5,60.14699,24.922,00000000a53ed894,13.75
12969,2019-08-04T12:41:28Z,47cde44e4ddbf6c70162fa882eee962e7c3e2a037b650294ec46568f,60.14947,24.91438,000000004ef3150d,10.78
12970,2019-08-04T12:41:28Z,48f665ebb1a71b0d84fc02bd71918c5ab5608328db534639cbd2a255,60.14947,24.91438,000000004ef3150d,9.12
12971,2019-08-04T12:41:28Z,4a565a7be2bb822523480c6ca86154a466bf189290f87a0ef118f8b7,60.149,24.9843,00000000fffb8cf0,16.1
12972,2019-08-04T12:41:28Z,4b1050cc517631e36206d3528399c0b14748daec8c7d1b5dfa412299,60.15432,24.9211,0000000019fb59c4,4.94
12973,2019-08-04T12:41:28Z,4b85388cdaec2b4c15b546160ee326d9668a5e5d3c7b08d0c539946e,60.17919,24.95181,000000007b5207b6,10.78
12974,2019-08-04T12:41:28Z,4be50f3eb033f3f46e3069049c8e0a34dc8a2607741c1764369ba4c2,60.16762,24.95415,000000006b44cce7,13.75
12975,2019-08-04T12:41:28Z,4cadc8cc23fd84febb6a8383030a34c97b3388a8c9ed7a64cc0f51a6,60.14947,24.91438,000000004ef3150d,12.69
12976,2019-08-04T12:41:28Z,4d35f03f4cb1cd21fbb173af8af5be5e233c63882fda53232da315f0,60.14699,24.922,00000000a53ed894,18.79
12977,2019-08-04T12:41:28Z,4d4115f2971578ddc2428be944e2954c9e9a5472a818ec1805a022b2,60.149,24.9843,00000000fffb8cf0,23.56
12978,2019-08-04T12:41:28Z,4ebdb6165c5d4892cdc21711313b98b1545bececfb886192c6f0ef22,60.16762,24.95415,000000006b44cce7,16.1
12979,2019-08-04T12:41:28Z,4efc969b8b738c051c221bf9d7829089b44cec23dd378fd86e7fb8be,60.173,24.92524,0000000096918cfa,14.89
12980,2019-08-04T12:41:28Z,4f4940c5c77737c5b8f2fbd5a1b65886ea5f6e0e4fcd50447e11ce21,60.16075,24.95883,00000000f1124bca,12.69
12981,2019-08-04T12:41:28Z,50e21d119f102cee2afe3ac7f1a32032527638769b05aca582d6ecb1,60.16762,24.95415,000000006b44cce7,7.69
12982,2019-08-04T12:41:28Z,514a3981fad6c695ac4940f09374b5d1c2e84d2ca835084ef8707714,60.16075,24.95883,00000000f1124bca,4.11
12983,2019-08-04T12:41:28Z,51b3c7870a399165f0d1d14f7d21688df32b0360f9cc6f3ca61890d8,60.16829,24.94214,00000000afef4555,7.05
12984,2019-08-04T12:41:28Z,52072bd384eaaf4a6958af5510ed039d194dee47f34667bc7bccbe0e,60.14699,24.922,00000000a53ed894,11.7
12985,2019-08-04T12:41:28Z,5263c8fd413ee308494f18228802330e278acc648b425bb454951db5,60.16075,24.95883,00000000f1124bca,29.32
12986,2019-08-04T12:41:28Z,53263c2a4d1fc6edb42de24a91c19cc8d0050f1e61b0ddd97cf45bba,60.17002,24.94407,000000006b087f40,23.56
12987,2019-08-04T12:41:28Z,54065d53a62079540c4be1e19eafa5dd581e8ec35da0c31844438e0b,60.149,24.9843,00000000fffb8cf0,20.28
12988,2019-08-04T12:41:28Z,552e7d20be831c5ebfa503ba78ed542d6ece4ecad264308d5dc37a31,60.14699,24.922,00000000a53ed894,17.4
12989,2019-08-04T12:41:28Z,5554305bad43a71cf98d83e92708c7474c1efc189392c1ea94231e9c,60.16531,24.9442,00000000fdda10fe,4.94
12990,2019-08-04T12:41:28Z,5636d9760f1eac9d5d050497d7084fd61a92d5d108695a9023769ac4,60.16629,24.95957,00000000fb7600be,20.28
12991,2019-08-04T12:41:28Z,570dc61d53aec66ede39dfde66339640878453afc00cd1a55c60bca7,60.16544,24.95398,0000000038d83d41,23.56
12992,2019-08-04T12:41:28Z,571934189bf349efb6f596e76c21612cf9b82ed44913090169936048,60.17065,24.93641,000000000f4919c9,17.4
12993,2019-08-04T12:41:28Z,57bb8beeec6904b9a5cfe83c4ff9a80e63157780137f03de2a4152d3,60.16762,24.95415,000000006b44cce7,7.69
12994,2019-08-04T12:41:28Z,58122bffe92a82d8b8a6fb46e406f2d86c32db26eca7557ec6943fa5,60.14947,24.91438,000000004ef3150d,13.75
12995,2019-08-04T12:41:28Z,583a35aa08fe45f96deb91a9f4b9317e86eddeee0d636cc11b3e2df8,60.16762,24.95415,000000006b44cce7,10.78
12996,2019-08-04T12:41:28Z,58411163d307bb308f9c94a9720e9ce5ab0ce4f5617cd2b1fcc2037a,60.16762,24.95415,000000006b44cce7,10.78
12997,2019-08-04T12:41:28Z,584cb0b0cdd14e608c8b57c8aecc9826f9b40027e365e2438a444ea2,60.16762,24.95415,000000006b44cce7,13.75
12998,2019-08-04T12:41:28Z,59b01cbdec8ff06fa6d50bac00c3f5f4c45132fc8a62800c08df5d6a,60.16629,24.95957,00000000fb7600be,16.1
12999,2019-08-04T12:41:28Z,5ae2070870c9dfbf35ba1d5d46239aa32753b4fffa2fed3f378f5e8c,60.16544,24.95398,0000000038d83d41,27.28
13000,2019-08-04T12:41:28Z,5b102c62b98f29bd801e4dd0e9ddbc113db3faa38d59990b9ba5e9ec,60.173,24.92524,0000000096918cfa,29.32
13001,2019-08-04T12:41:28Z,5bc8610f198c0ab38e4e89fd7f4828d032ca2a6ef97c2a17c79e296f,60.14699,24.922,00000000a53ed894,21.87
13002,2019-08-04T12:41:28Z,5c160268bc9b4b619181ce421d9e58c258e6b59a342945fc29f0004b,60.14947,24.91438,000000004ef3150d,9.12
13003,2019-08-04T12:41:28Z,5cd5117066c75a1cb83d3896a7eba3f3472e133f0013ea7d4e95daaa,60.14699,24.922,00000000a53ed894,4.94
13004,2019-08-04T12:41:28Z,5d70086d53447ee393249cef33c7bae814c1d7c2e3055fc91b38786c,60.17919,24.95181,000000007b5207b6,11.7
13005,2019-08-04T12:41:28Z,5e53be1d47b3cceeb6ea9406c75327379c8ee8abc68da605b7758e85,60.14947,24.91438,000000004ef3150d,11.7
13006,2019-08-04T12:41:28Z,5e7916ca910b02abf2d19906759663c23db63950a353fa546f55c8af,60.14699,24.922,00000000a53ed894,17.4
13007,2019-08-04T12:41:28Z,5f3a358ea7ec56dfb2271af72ef34416785e497a3653bfb75ef822c3,60.16829,24.94214,00000000afef4555,18.79
13008,2019-08-04T12:41:28Z,60d9b71ec38b796bf876dedfaf3112b49ff79677480c7603902857ae,60.14947,24.91438,000000004ef3150d,14.89
13009,2019-08-04T12:41:28Z,60f1b642fca90c38a1f6bcee13b699f211b8662945e5249aee5d60cb,60.16762,24.95415,000000006b44cce7,16.1
13010,2019-08-04T12:41:28Z,614ab7fba7255f6bf6f888e9a04d589962f756b3f427e658f10014f2,60.16075,24.95883,00000000f1124bca,9.92
13011,2019-08-04T12:41:28Z,6187e3415bcea985be770b4a90f3ed56fbfff1aa331759d34ccbd4ee,60.16897,24.95222,00000000aa852af1,25.36
13012,2019-08-04T12:41:28Z,62a6fe2d9b3b5b4533c51253f8842428bd797b3c6a95a7816ec472ed,60.14947,24.91438,000000004ef3150d,13.75
13013,2019-08-04T12:41:28Z,63d99db5b2b7360c501446ea5e89feba9bd1c6735a7670039916f2ad,60.1538,24.95595,0000000038bf9618,27.28
13014,2019-08-04T12:41:28Z,63defb71d4c3856253a0a2d67a5c370b91ad0527703b334a63fe5344,60.14947,24.91438,000000004ef3150d,14.89
13015,2019-08-04T12:41:28Z,64394b1287e19738900f57d5c7483e02866e40bc8241fc6f6fbecbcb,60.16762,24.95415,000000006b44cce7,8.38
13016,2019-08-04T12:41:28Z,643ef3f01a51bea3c4510d4060a945cd510e5189236d68f5c9489034,60.16829,24.94214,00000000afef4555,1.38
13017,2019-08-04T12:41:28Z,64638a9f9e6c9b32fc4b484b55e4934fcab6cb04605cc76d5f5534b7,60.17065,24.93641,000000000f4919c9,5.91
13018,2019-08-04T12:41:28Z,64e34af775b57908b23056a31d60ef3b005941f2e7c3db0c49df675d,60.17065,24.93641,000000000f4919c9,4.11
13019,2019-08-04T12:41:28Z,6503762f2cac51cc2b74da1efa6b16583ed11c9a528d7716b7829c0b,60.16829,24.94214,00000000afef4555,17.4
13020,2019-08-04T12:41:28Z,6516a10850095847a8156717b0fba05a9bdc9b5bfedd691ddb07f119,60.14699,24.922,00000000a53ed894,9.92
13021,2019-08-04T12:41:28Z,655204cb507ea9ae811105cdcd766161facaa9f729017a333f102391,60.149,24.9843,00000000fffb8cf0,29.32
13022,2019-08-04T12:41:28Z,65de3b8621fadfc61e9d3657dc477ea9867f9d093f80cf0857dcad88,60.16762,24.95415,000000006b44cce7,7.05
13023,2019-08-04T12:41:28Z,6723bebaab92d1a9f8b4318fd4f497a6dec6d7f8e0eafca443925213,60.16075,24.95883,00000000f1124bca,10.78
13024,2019-08-04T12:41:28Z,67591d427f60ba3c369ac0d78088fca7be33081501508d16401dd6cb,60.16762,24.95415,000000006b44cce7,2.54
13025,2019-08-04T12:41:28Z,675eacdf32b5b831fd118fc5539eea4b3cef4bd11e2e1706a9571222,60.16829,24.94214,00000000afef4555,7.69
13026,2019-08-04T12:41:28Z,6774ed72eaf69d7c4aaeeef90990f969954155bbcc52652e75e7deef,60.16829,24.94214,00000000afef4555,11.7
13027,2019-08-04T12:41:28Z,677c53ae4056d6cb123ca576ba5284664b1c7e3e88818bd19b5dd99a,60.17919,24.95181,000000007b5207b6,20.28
13028,2019-08-04T12:41:28Z,6875e3632a29207e29ded33617e66d55de5d8c7804fecedd6f1dfe12,60.14699,24.922,00000000a53ed894,3.74
13029,2019-08-04T12:41:28Z,69375ef968867906fc11b34d1e2c4b436d452cd47cb577a7f9e566ef,60.16762,24.95415,000000006b44cce7,8.38
13030,2019-08-04T12:41:28Z,6b97071051ccf5db7e5ebee033d4f68d58ed6917ff2fac5b205a6605,60.17065,24.93641,000000000f4919c9,21.87
13031,2019-08-04T12:41:28Z,6c7e018abdf8462af7c7b003bc30f915184f7082e9e865a2c502eed5,60.14699,24.922,00000000a53ed894,11.7
13032,2019-08-04T12:41:28Z,6cc185919c410bfc359b488921554d891f9748da570db062229c7ec7,60.15432,24.9211,0000000019fb59c4,16.1
13033,2019-08-04T12:41:28Z,6d09d9fe0fcb84a1fccf6a8dad5f7db857a294f51549aa1985be0793,60.14951,24.92138,0000000006dd41f6,31.5
13034,2019-08-04T12:41:28Z,6f3dd17e40daabb4efe868f1b859dc00ecc01846f0a0e2b8db5d1413,60.17919,24.95181,000000007b5207b6,9.12
13035,2019-08-04T12:41:28Z,6fc3823219441524e7f749dc3371bfb8c670faa9d4427a5ededed22d,60.16762,24.95415,000000006b44cce7,17.4
13036,2019-08-04T12:41:28Z,6ff93560ca77c6e5a25bc7441cf33cf7fa0138b3da4d99b2dbf5531b,60.14947,24.91438,000000004ef3150d,9.92
13037,2019-08-04T12:41:28Z,70c56152af84cf1bad4d19b0cb31202232b4cd4320ce5ea48895e42b,60.14947,24.91438,000000004ef3150d,9.92
13038,2019-08-04T12:41:28Z,71479e7c1c4fd96468f16800ff04484480c76e0953d2074500b0df31,60.17919,24.95181,000000007b5207b6,18.79
13039,2019-08-04T12:41:28Z,72231bca658d3a16f3bf9c26ba5f13393b8377e4ab0b9ed3de6c811f,60.14699,24.922,00000000a53ed894,20.28
13040,2019-08-04T12:41:28Z,72e4de5ded503a6b09635fc51a720ce504c9e77552bc2ffae8d6cae3,60.14699,24.922,00000000a53ed894,20.28
13041,2019-08-04T12:41:28Z,732235fff054f4f8fff8775b6c0d4fb0ca0f28c455a6fc86de24d162,60.14699,24.922,00000000a53ed894,16.1
13042,2019-08-04T12:41:28Z,733618d50499022af0ec3b91abdc93b6f3f252adb6891da4956ba4fb,60.15432,24.9211,0000000019fb59c4,29.32
13043,2019-08-04T12:41:28Z,733f21ebebe353e10a55a74b40a0a480e6d276334d4f3d8bcf85b711,60.16075,24.95883,00000000f1124bca,29.32
13044,2019-08-04T12:41:28Z,738ce77abafd1ca6f80e6f28e84d1b1886db4cfda3be6ffcdf52c1b1,60.14699,24.922,00000000a53ed894,17.4
13045,2019-08-04T12:41:28Z,75724822b4cc68ff31bae6b0a745632242e1a22c87525d1b530bdeda,60.17002,24.94407,000000006b087f40,27.28
13046,2019-08-04T12:41:28Z,759f94c852ff15ca91c3138913c3858c4801702f8f0514ae82fb2a19,60.16897,24.95222,00000000aa852af1,16.1
13047,2019-08-04T12:41:28Z,7664b7f08aaa059ecf6646a595c33fae0c80715febe63e31f45a4662,60.16762,24.95415,000000006b44cce7,13.75
13048,2019-08-04T12:41:28Z,777cceac7be6303a1c82f7cc68061528b01e3aa1b3aa6481cad9e5e3,60.16075,24.95883,00000000f1124bca,4.94
13049,2019-08-04T12:41:28Z,77a12194b9a6789f4b2b8c07ae7fce3c2b531cb221e5fa7ca5deae55,60.16897,24.95222,00000000aa852af1,13.75
13050,2019-08-04T12:41:28Z,780c1622a97704878de339c1328f5af043e6ce8f8084e4875c1ee308,60.16829,24.94214,00000000afef4555,33.81
13051,2019-08-04T12:41:28Z,78a96267b3bb3aea6c312bb8aa160c1369942384194b03d695640a71,60.17065,24.93641,000000000f4919c9,33.81
13052,2019-08-04T12:41:28Z,79bde23c1a8980f93a65e14306f0d8ea89e164430d8b991e2bfee82e,60.16531,24.9442,00000000fdda10fe,13.75
13053,2019-08-04T12:41:28Z,79d26f15a82c94ac5d05e0f2b6a6beeae1f407972ec39665d7ab9535,60.16829,24.94214,00000000afef4555,12.69
13054,2019-08-04T12:41:28Z,7a0c0b525f2d3eed6c873bd3b8d27bede551fe4a428ac15c23deadae,60.16075,24.95883,00000000f1124bca,9.92
13055,2019-08-04T12:41:28Z,7a4a06d20ebe57d94e5fceeaf47d5b56ad9a515818e9c20e21a80e61,60.16629,24.95957,00000000fb7600be,11.7
13056,2019-08-04T12:41:28Z,7ab335e046f7f3597f8f615a90857885e35cfecefebd5d24bbf0af90,60.16075,24.95883,00000000f1124bca,9.92
13057,2019-08-04T12:41:28Z,7ad93fed82e41ea4422fa101badc698b0328c3ebf0f6b73c5164d438,60.16897,24.95222,00000000aa852af1,10.78
13058,2019-08-04T12:41:28Z,7b1c2b4a083f1544ffd4b5e2e87ab8a58a7bb64abb0f8ce3e53b2ed2,60.14699,24.922,00000000a53ed894,16.1
13059,2019-08-04T12:41:28Z,7b61dc50070867948abbe5275032ae82e7643ca4158a809fe41a8b69,60.14699,24.922,00000000a53ed894,14.89
13060,2019-08-04T12:41:28Z,7be762f58d54665c5e6668eb2fb3eae7201522ddff196bbc5eb731f0,60.14947,24.91438,000000004ef3150d,13.75
13061,2019-08-04T12:41:28Z,7d9a3d84c09c3a8d6876389e216e0278048d6b924890fb275a078ffb,60.16531,24.9442,00000000fdda10fe,0.5
13062,2019-08-04T12:41:28Z,7e76449e59f1e3a1a615b54408115353fbb14d815390d03a73b1a7bb,60.14947,24.91438,000000004ef3150d,8.38
13063,2019-08-04T12:41:28Z,7ee87b87cf01698f643e1ba3117b245039edc811605df5dc802e7576,60.14947,24.91438,000000004ef3150d,13.75
13064,2019-08-04T12:41:28Z,7f2f97e26d55f653ed70260ea4f893d01a3984cbdf6d7a3bfb2641de,60.16829,24.94214,00000000afef4555,13.75
13065,2019-08-04T12:41:28Z,7f3c9dd2c7352cb81fb186a7d700841d2bcb47cd8ea0d5f8719b5908,60.16762,24.95415,000000006b44cce7,11.7
13066,2019-08-04T12:41:28Z,7f786ec8e06f1ca3bdd10fc60d0114baf354125b8f6cf796d197f4cc,60.16075,24.95883,00000000f1124bca,16.1
13067,2019-08-04T12:41:28Z,80cbcb887f3e351e3bef7c5f53dccc578cc3494feec514aed7015c0d,60.16075,24.95883,00000000f1124bca,3.09
13068,2019-08-04T12:41:28Z,80cc39b04598f971820e63498fd27ae72a12a45a60c220fe625b282a,60.14699,24.922,00000000a53ed894,9.92
13069,2019-08-04T12:41:28Z,82411c6526228322a61f59259f13adf7cde62bd767587b6735867705,60.17919,24.95181,000000007b5207b6,7.69
13070,2019-08-04T12:41:28Z,83073c017c8293e4b6eab781fbc2147fafa144d33b3618abd1ae5d90,60.17065,24.93641,000000000f4919c9,25.36
13071,2019-08-04T12:41:28Z,83121a75723643c48e3c3b0a3ea5fccb532046432ca445833e8de06a,60.16762,24.95415,000000006b44cce7,2.3
13072,2019-08-04T12:41:28Z,8340c5d54fa93aaeda99a22573659bd9042c9d8e8b76db4b00ebaaf7,60.16762,24.95415,000000006b44cce7,14.89
13073,2019-08-04T12:41:28Z,848fe01e24ccc782e5968171f53ea31d28f20a455c45d8bac8fb7374,60.173,24.92524,0000000096918cfa,25.36
13074,2019-08-04T12:41:28Z,849a662d95d4185421aff7c6213ba5d7b84cfc58c9fb30ff34054e4c,60.16075,24.95883,00000000f1124bca,7.05
13075,2019-08-04T12:41:28Z,85d66944a64cfde859e7e08ca4b79f3b39d5b03141d500fe7ce73f7e,60.14699,24.922,00000000a53ed894,5.91
13076,2019-08-04T12:41:28Z,85d67c3be46ecb66832dfd9090a931e1be3dd056f718ea6786622131,60.16897,24.95222,00000000aa852af1,13.75
13077,2019-08-04T12:41:28Z,868cd7608ed6beb209db2aad8c71f56b8aec3a6b453be18e4af217a2,60.17065,24.93641,000000000f4919c9,33.81
13078,2019-08-04T12:41:28Z,87cbb5265cd1cc3213ddb5ed9ed2a599ddb7db0b0747121d649b0ae3,60.16544,24.95398,0000000038d83d41,31.5
13079,2019-08-04T12:41:28Z,8822ffe19dec49fe874ac377de5a0504e931e342ecc1f5b1fcb939e5,60.16897,24.95222,00000000aa852af1,16.1
13080,2019-08-04T12:41:28Z,885bcc6af7d0aa9718fe1030e32ffff1de5171ae5ef67cf0011874fb,60.14947,24.91438,000000004ef3150d,5.91
13081,2019-08-04T12:41:28Z,8947a5209f3b32173d3dc72792039edf94a2711741ab041b62b30643,60.16762,24.95415,000000006b44cce7,3.74
13082,2019-08-04T12:41:28Z,896f7e896dc6f1ea44b82bf968a988cc10c358ee34821d9d7a4bd07a,60.14947,24.91438,000000004ef3150d,7.05
13083,2019-08-04T12:41:28Z,8a08b2de43a9ef03cf96610718c908e69dcacc59f536a7135b7bb542,60.16629,24.95957,00000000fb7600be,9.12
13084,2019-08-04T12:41:28Z,8b48271e47fa7c27112ce8b7b4ea01ba9ba027c11a94e21a073990b3,60.173,24.92524,0000000096918cfa,25.36
13085,2019-08-04T12:41:28Z,8b641985c793a3f25a45b2460cb01f5baa6f339c6dd26ba7752d8a7a,60.16897,24.95222,00000000aa852af1,17.4
13086,2019-08-04T12:41:28Z,8ba6cfc17ca70e8304994e018ebd5eb2003177062cde05925d5cacb3,60.173,24.92524,0000000096918cfa,31.5
13087,2019-08-04T12:41:28Z,8bbf5422247a0a6be314130d8fd9ae1814401b75acf3b3ce2da9620c,60.14699,24.922,00000000a53ed894,8.38
13088,2019-08-04T12:41:28Z,8d528b00553162a9dd47d2296d15b2fad89aad6a508424d4589618a1,60.14947,24.91438,000000004ef3150d,8.38
13089,2019-08-04T12:41:28Z,8d5672c651968bf1f466b44baefa37f9438850e96140d126f6a99baf,60.16897,24.95222,00000000aa852af1,18.79
13090,2019-08-04T12:41:28Z,8d73f674010f5cb02e8f20251ed86a9afcb7f6b3926039470296bd00,60.17065,24.93641,000000000f4919c9,27.28
13091,2019-08-04T12:41:28Z,8d8a869e83fe2ac29e791666634a33af3ea4048ea4e752b6fb1e238c,60.14947,24.91438,000000004ef3150d,8.38
13092,2019-08-04T12:41:28Z,8dcf139eb279bcc2696420ba9da858e361600ff02cd29587f66660ec,60.16897,24.95222,00000000aa852af1,16.1
13093,2019-08-04T12:41:28Z,90d2c337b3629bdc073dbbe6f0793b7bf6f65d63deb77bddf24052a8,60.16897,24.95222,00000000aa852af1,27.28
13094,2019-08-04T12:41:28Z,920dc90f60b295267f63efc8f968408087b71878dc3f49f0ded1c41e,60.17919,24.95181,000000007b5207b6,21.87
13095,2019-08-04T12:41:28Z,922ed68b1f7e1a599108591da78cc5ac9fbe5162e1e6528f8f0176fa,60.16544,24.95398,0000000038d83d41,27.28
13096,2019-08-04T12:41:28Z,93a2100e233b204243f7e69b68dea7c9a145d1b5384bd18359bf87a3,60.16531,24.9442,00000000fdda10fe,2.08
13097,2019-08-04T12:41:28Z,93e409819362e2429a43710ff4330bd3ed83011b73ae438dd7fb62d8,60.16762,24.95415,000000006b44cce7,7.05
13098,2019-08-04T12:41:28Z,9575ef1c44f26f0301d726029c8b1c28011a4724496943451bee6544,60.14947,24.91438,000000004ef3150d,9.12
13099,2019-08-04T12:41:28Z,9604244c18efd5978b809f021651f7743e0e64da38fcf3718f9b4f93,60.14699,24.922,00000000a53ed894,10.78
13100,2019-08-04T12:41:28Z,97264f5808fa13851dacabf0c98525eec29849ff4b6a744cc777fd5b,60.16075,24.95883,00000000f1124bca,25.36
13101,2019-08-04T12:41:28Z,9736a8a29aee134a307e0cd4221e9b0a2ab7c48befee43fc62e9f9bd,60.14699,24.922,00000000a53ed894,7.05
13102,2019-08-04T12:41:28Z,9862cafd709b75d07c83b397773e0cf33564666cb81814bdbf5e54f2,60.16897,24.95222,00000000aa852af1,12.69
13103,2019-08-04T12:41:28Z,98bb3b6f5e2403b14b8e01616c07b03bb1fd153ded656033d7bd3533,60.16075,24.95883,00000000f1124bca,21.87
13104,2019-08-04T12:41:28Z,992f6feda52c82ad67e40af55b5602bb22411020701998c6bd65faed,60.16762,24.95415,000000006b44cce7,9.12
13105,2019-08-04T12:41:28Z,994b630283c750a0b697359e32c4bd06d5b4a32d2edb6c12cce42b32,60.16829,24.94214,00000000afef4555,9.92
13106,2019-08-04T12:41:28Z,9a9db814dfa74ca2c2d51496299715310e81c6e6525cc9d2cb0762eb,60.16897,24.95222,00000000aa852af1,17.4
13107,2019-08-04T12:41:28Z,9acffb3f8b8720e2de83c8cfd41915d268d5eca34e0bd280eed3e6f4,60.16897,24.95222,00000000aa852af1,20.28
13108,2019-08-04T12:41:28Z,9b03b610755f4cec2e9d83a9763204e758a075614b125210bc914df5,60.16075,24.95883,00000000f1124bca,20.28
13109,2019-08-04T12:41:28Z,9bad872c31c8c5e53f064b5367350b41271d45ca8a9e508136622800,60.16897,24.95222,00000000aa852af1,10.78
13110,2019-08-04T12:41:28Z,9bf4a5d763fa921335be6c141a0c9fd769fcb2f4c5b40b85a1c99c71,60.14699,24.922,00000000a53ed894,16.1
13111,2019-08-04T12:41:28Z,9e3d4a4b1acd94d2896cd7cf56419110f06ea96faae37aadebd4ec77,60.14947,24.91438,000000004ef3150d,5.91
13112,2019-08-04T12:41:28Z,9fc52a61eabf679cf9cdee2c33023c321c69afc87ed71f5a6d6655b7,60.14699,24.922,00000000a53ed894,18.79
13113,2019-08-04T12:41:28Z,9ff13c715073d5ad9c464cb67b6de3f703435cf389c32cce5626dfe1,60.149,24.9843,00000000fffb8cf0,23.56
13114,2019-08-04T12:41:28Z,a22736c5d66f417bc6b745f51492549dc2e5a3c766f5e7e23f183b41,60.14947,24.91438,000000004ef3150d,12.69
13115,2019-08-04T12:41:28Z,a2e771418a36fc43aa9719d034aa9e3a7a751c5123e4bd33cc2aeea7,60.16531,24.9442,00000000fdda10fe,18.79
13116,2019-08-04T12:41:28Z,a38a21a97a054541f0423f03758c70227116c05254958373e3e93ad0,60.14947,24.91438,000000004ef3150d,3.74
13117,2019-08-04T12:41:28Z,a3d228482bfdd3dbdfaee1ff72b6ac00c2ee8c05e949047ce9117783,60.14699,24.922,00000000a53ed894,6.46
13118,2019-08-04T12:41:28Z,a422a30ec1eb058c7930e1352297c161639faa5b3ca5f5fa47c4adb3,60.14947,24.91438,000000004ef3150d,11.7
13119,2019-08-04T12:41:28Z,a4f416ec0941bb365e3665d7fd224fad15d74225e8ce9f6dd6368bc7,60.17065,24.93641,000000000f4919c9,29.32
13120,2019-08-04T12:41:28Z,a6158fc663b4931ef4e811a4acf62ab2f658241775e200b14684f87d,60.16897,24.95222,00000000aa852af1,13.75
13121,2019-08-04T12:41:28Z,a6f944078dd26796f5a849ccb6fdf8a4436f913cf3302597c846462d,60.16762,24.95415,000000006b44cce7,5.91
13122,2019-08-04T12:41:28Z,a7472d1b63171c047444981df223670390009e3ea502132d9963e9fb,60.14947,24.91438,000000004ef3150d,4.94
13123,2019-08-04T12:41:28Z,a794d97e26d3678bb11b4364880414bb7bfac4bb49d1867b37b489f7,60.14947,24.91438,000000004ef3150d,8.38
13124,2019-08-04T12:41:28Z,a7a7f84e910c87d01420156efca1675f2f263a8f7f1212bb161e73f3,60.14951,24.92138,0000000006dd41f6,25.36
13125,2019-08-04T12:41:28Z,a8bd45406d5913e098652d4c2d836339758e08d21bf5d88becabdd36,60.14947,24.91438,000000004ef3150d,9.12
13126,2019-08-04T12:41:28Z,a8df2631c2442628608c1f0352c896eb532a6ca08c85de2c77360aa8,60.14947,24.91438,000000004ef3150d,5.41
13127,2019-08-04T12:41:28Z,a96e9a3805def174e6ededa93b88ce312739d9d68941dffdeca03e9f,60.16762,24.95415,000000006b44cce7,4.5
13128,2019-08-04T12:41:28Z,a9dfc9065260957b1eb8dc3b11b793f73f7940fa5cb61acb16a260e2,60.16897,24.95222,00000000aa852af1,13.75
13129,2019-08-04T12:41:28Z,aa076c3f0d09145aebbb750dde9849ba4eb6759e92ba5753280184d6,60.16762,24.95415,000000006b44cce7,9.92
13130,2019-08-04T12:41:28Z,aa6d51fc5411b69567cb854360c4a81267eac19446946eb27618306a,60.14699,24.922,00000000a53ed894,14.89
13131,2019-08-04T12:41:28Z,aaabd3028e2bd9f8b0e3a929c8728cb364551bd70da3208662b12033,60.14699,24.922,00000000a53ed894,29.32
13132,2019-08-04T12:41:28Z,aba0a0ba8ac6fa1709e38c64f963a344afc317eae50c6141b2315763,60.16897,24.95222,00000000aa852af1,27.28
13133,2019-08-04T12:41:28Z,ac93ac0788af8e1b0f20fada4f15ca1ad31f4084b133482d8211571d,60.14699,24.922,00000000a53ed894,18.79
13134,2019-08-04T12:41:28Z,acdcc8ae1d1c6bb055dfc108154eae58b4b894f0ce1ff174c1065c7e,60.16762,24.95415,000000006b44cce7,1.88
13135,2019-08-04T12:41:28Z,ad8af809ed47a3391bb53d11da159b3a8b0ddc264d94c049ce72bda0,60.17065,24.93641,000000000f4919c9,1.25
13136,2019-08-04T12:41:28Z,ae828cc3f1fa739d818186776cff673c88a05d0f3dedfb4a765a54fd,60.16829,24.94214,00000000afef4555,16.1
13137,2019-08-04T12:41:28Z,ae87b8dd8920695bc9e599874667205991c04e30666d8523f0be4350,60.14947,24.91438,000000004ef3150d,5.91
13138,2019-08-04T12:41:28Z,aebba42e4dd1ce769871996739978c7f80bb88994a3616c908b2cd1a,60.173,24.92524,0000000096918cfa,20.28
13139,2019-08-04T12:41:28Z,aec4b11f0b1ec075878ca4a3b94da464f6fc96e330b913d5bfd346b0,60.16897,24.95222,00000000aa852af1,7.05
13140,2019-08-04T12:41:28Z,aefdb2741d688503f8a51d5af7b715c1270e21331d0aa56b07ea3c23,60.149,24.9843,00000000fffb8cf0,25.36
13141,2019-08-04T12:41:28Z,b06c7ebb0cc7182279f47fe99da297fb7bda883549cb7bbc05dff36f,60.16829,24.94214,00000000afef4555,21.87
13142,2019-08-04T12:41:28Z,b12b27061f30d5659794f14cbed5e4726c5af1ef526611d3b2dded29,60.14947,24.91438,000000004ef3150d,11.7
13143,2019-08-04T12:41:28Z,b26a9be85f5fd17ea58397762fa55db3c8f68fb709d586d61527c892,60.16829,24.94214,00000000afef4555,5.91
13144,2019-08-04T12:41:28Z,b27b090bd1bd9828dcb6ddbd0a1394e4aa097974747dff90ba0eff71,60.16897,24.95222,00000000aa852af1,9.92
13145,2019-08-04T12:41:28Z,b2a01c2a06c3cf1a48333e58e787d9eaf2f975a738c02878220d7774,60.16829,24.94214,00000000afef4555,9.92
13146,2019-08-04T12:41:28Z,b3d99c04e3db6b698e6e54f19434461336954d0c15385bff6e557be8,60.173,24.92524,0000000096918cfa,17.4
13147,2019-08-04T12:41:28Z,b3e9da5a37ed8ed450753cb7443e607ed1de2af685bad5be61b3e91c,60.16075,24.95883,00000000f1124bca,25.36
13148,2019-08-04T12:41:28Z,b41cc64d7ab4e16a03573bdc3b5863c4b402ec66c7780c7900c02877,60.16829,24.94214,00000000afef4555,12.69
13149,2019-08-04T12:41:28Z,b523d3f8341906e4b3877ff7d9614b4e10d6bbf10afdcc6c53656c8f,60.17065,24.93641,000000000f4919c9,23.56
13150,2019-08-04T12:41:28Z,b5e3abaccf4a03480985d25eb9fbf454c87f7ad06c38c8bdeb0819fa,60.14699,24.922,00000000a53ed894,23.56
13151,2019-08-04T12:41:28Z,b7039958be9f53a3eaed97f705a1974815f52f25226e920155397bec,60.16075,24.95883,00000000f1124bca,10.78
13152,2019-08-04T12:41:28Z,b82ba472f0cb919b39c31b9c737f1608f6a31ffa63352768f9fa12ea,60.16829,24.94214,00000000afef4555,13.75
13153,2019-08-04T12:41:28Z,b997983c234afbb80a17f403cc01c1cc34a559cfc2bd1b5716e9590a,60.16762,24.95415,000000006b44cce7,16.1
13154,2019-08-04T12:41:28Z,b9c0ac0bb7310d92c296a8870603ebd12c0c632cfc2a1fa33092b337,60.16762,24.95415,000000006b44cce7,12.69
13155,2019-08-04T12:41:28Z,bb0193f2b0ac4801fe82ed5cec75e687465d707d92e731047f81650f,60.1538,24.95595,0000000038bf9618,2.08
13156,2019-08-04T12:41:28Z,bbe7947ea50de5986f237ccab5782ddb55c199ad6a81e8f692670d0c,60.16829,24.94214,00000000afef4555,8.38
13157,2019-08-04T12:41:28Z,bbeaad18acdd3a2602aa5b07ab6ae8df489cb499c4490b3e6f561a5e,60.16544,24.95398,0000000038d83d41,25.36
13158,2019-08-04T12:41:28Z,bbf8cd606b9732370f1c0ae0e68d6d0663a23102d831dd10c0e74819,60.16897,24.95222,00000000aa852af1,12.69
13159,2019-08-04T12:41:28Z,bc07df8cc395f6f4f5d483b2233caca5f93a6918f346e4cc3702f8cc,60.16531,24.9442,00000000fdda10fe,14.89
13160,2019-08-04T12:41:28Z,bcf688ec2e666179e52a495a8304dd7aaaf4acad52788a0929b287a2,60.14699,24.922,00000000a53ed894,16.1
13161,2019-08-04T12:41:28Z,be21a77f983baae8e0ba646eda0988a618149dcc7ef4c303c35d5377,60.14947,24.91438,000000004ef3150d,13.75
13162,2019-08-04T12:41:28Z,bf2e5725b255e320f1e8375ec03f55194f1fd9f751be9629d873a5c8,60.14699,24.922,00000000a53ed894,3.4
13163,2019-08-04T12:41:28Z,bf992d3cd95a73f02d7223eaffe90a94e3e1e98a8c6759bab631b5b0,60.14947,24.91438,000000004ef3150d,14.89
13164,2019-08-04T12:41:28Z,c0722f63618f97eb8ec4afac1a8538b81a3c87e623d753ad1201bf7c,60.16075,24.95883,00000000f1124bca,4.5
13165,2019-08-04T12:41:28Z,c0a0ca3433586ed2ae0e448f2406fabac7292ac79d49562e0bd5cef8,60.16762,24.95415,000000006b44cce7,13.75
13166,2019-08-04T12:41:28Z,c1e4323d2276cb6e358f5fabb123294e7a0ef87e7169f3cccc8f2e03,60.16075,24.95883,00000000f1124bca,13.75
13167,2019-08-04T12:41:28Z,c261834e6d2c1bd9adddb82d8c6ce2d8aad82a89e32da62f3fcc6063,60.16075,24.95883,00000000f1124bca,18.79
13168,2019-08-04T12:41:28Z,c36d58ed0e0dddb3e26be1214e369db1c3fa3d4bcf8b53536a25239b,60.17065,24.93641,000000000f4919c9,2.8
13169,2019-08-04T12:41:28Z,c3be6dcc2c0542676c20d28ce38adbe2c0b9be09caa3f22e60210636,60.16075,24.95883,00000000f1124bca,8.38
13170,2019-08-04T12:41:28Z,c493415e869d6e6304841784a120f994272b83557256b43e44e4f3e0,60.14699,24.922,00000000a53ed894,9.92
13171,2019-08-04T12:41:28Z,c4dfae0a1b1bd27741275e8f26148b119bf7225960b4275e488612b9,60.14699,24.922,00000000a53ed894,17.4
13172,2019-08-04T12:41:28Z,c551d554f64ffda092ce6c4a6715f0ed438c9649f7676b2944f1ea2f,60.14699,24.922,00000000a53ed894,18.79
13173,2019-08-04T12:41:28Z,c633a260ce59bad4e1ca42f12936ed8ae57a40f5e6528dfb70052c43,60.16897,24.95222,00000000aa852af1,9.12
13174,2019-08-04T12:41:28Z,c68c02229f2c658d55b76c15cf2816f538b896ce5d3c0ebfc2a90911,60.149,24.9843,00000000fffb8cf0,33.81
13175,2019-08-04T12:41:28Z,c73f71155da3abfccea8ec170a7c229518dc874ca7c0d90cddaf430b,60.16762,24.95415,000000006b44cce7,18.79
13176,2019-08-04T12:41:28Z,c7416c039513e3156222d936c483164a0914a3b5a5310985374f4767,60.17065,24.93641,000000000f4919c9,29.32
13177,2019-08-04T12:41:28Z,c905a50dedd9b3d2114cde9160b7adf83adc09683b65598ce24c4047,60.1538,24.95595,0000000038bf9618,17.4
13178,2019-08-04T12:41:28Z,cad80f69731ad65f7f14bf400d674e0c42de462bd42db112c9d9f261,60.16075,24.95883,00000000f1124bca,31.5
13179,2019-08-04T12:41:28Z,cbc336691f17a9c508549e03d522166247a0cd0a944321c1a7d15525,60.14699,24.922,00000000a53ed894,7.69
13180,2019-08-04T12:41:28Z,cc2cf42c6b14536fb92c810ff0e3dd5a3caa74236f14246a5b6e8cdc,60.16762,24.95415,000000006b44cce7,6.46
13181,2019-08-04T12:41:28Z,cce519499646f89fa1cbd7a6bb694401fa6c081e9ced8642718b392f,60.16762,24.95415,000000006b44cce7,18.79
13182,2019-08-04T12:41:28Z,cce6b6f309e43e2bb1be6a9784582a82891e976d0869d01040586d27,60.14947,24.91438,000000004ef3150d,3.09
13183,2019-08-04T12:41:28Z,cd3e127e27387b6e06cdf27f46fb6046e4182e4d7b49b49c17167c1c,60.14947,24.91438,000000004ef3150d,13.75
13184,2019-08-04T12:41:28Z,cd4ecd3b83630f6e5d65f635804e47a1ceb82853aac36af30044f06a,60.149,24.9843,00000000fffb8cf0,17.4
13185,2019-08-04T12:41:28Z,cd93ba6049a24990376069c22e8ffe887f6c95af9d4bf16f8c65e949,60.16544,24.95398,0000000038d83d41,20.28
13186,2019-08-04T12:41:28Z,cd9b2be9ffb37c8b7c5c25f587c95b1c7932a21fb245487ea2f740d9,60.14699,24.922,00000000a53ed894,14.89
13187,2019-08-04T12:41:28Z,ceb777dafa9b7e39125b89735b7f0cf22c3018eb0196043ac8160370,60.14699,24.922,00000000a53ed894,13.75
13188,2019-08-04T12:41:28Z,ced0425d382ce86b7565a8b7b36a453a0880a08ba10090524e6c1ac5,60.14699,24.922,00000000a53ed894,23.56
13189,2019-08-04T12:41:28Z,cef1d06a10cfa08bcaef8b36535c2ec32c756a76cc0d5c2a1246f933,60.14699,24.922,00000000a53ed894,5.91
13190,2019-08-04T12:41:28Z,cfa42322be0000cf89d8969d1b88ace0ba99cab721dd58d55d41a36e,60.17065,24.93641,000000000f4919c9,11.7
13191,2019-08-04T12:41:28Z,cfc2a688ff31fbb1baac8790fb6d56dc7746ba2cf9e0e5f39d4751a4,60.14699,24.922,00000000a53ed894,5.41
13192,2019-08-04T12:41:28Z,d03671e2aa8386fb28a425b20505ceed966063990d65611e2dfda4f2,60.16075,24.95883,00000000f1124bca,27.28
13193,2019-08-04T12:41:28Z,d0413da80c7714f40ffe50dcfb00039280c64ecebc61c59df72965e6,60.149,24.9843,00000000fffb8cf0,18.79
13194,2019-08-04T12:41:28Z,d0aa228c2a3e6e1568e876cffc76874702e0f0f63f18533551bf02c1,60.16075,24.95883,00000000f1124bca,16.1
13195,2019-08-04T12:41:28Z,d0cab2a2660dcc5cb99a9bdf39d2e6b31b7498985db1b50e48cb478d,60.18203,24.91341,00000000342570c2,16.1
13196,2019-08-04T12:41:28Z,d12f9e6275869a74f979eac17b326dfe329bbd78b8732fc998b5f132,60.14699,24.922,00000000a53ed894,12.69
13197,2019-08-04T12:41:28Z,d3486259a51296194d20e84e88ba4588e37cf48661effba832c33ab0,60.16762,24.95415,000000006b44cce7,23.56
13198,2019-08-04T12:41:28Z,d388a2c86cc65945e59a07273222ff57fc3585d4756b5c498dd443ac,60.16897,24.95222,00000000aa852af1,21.87
13199,2019-08-04T12:41:28Z,d38e88e5b926f9d1de6e326cca45116fcca11f10684c80876739c6cd,60.16075,24.95883,00000000f1124bca,7.05
13200,2019-08-04T12:41:28Z,d5690433f1f0d0855704a06520cd197dac8c6c1293aa376af6854128,60.16897,24.95222,00000000aa852af1,20.28
13201,2019-08-04T12:41:28Z,d64eda229ebb6012e59bc89eacb74918e404ce52f16b491f3d48e800,60.16897,24.95222,00000000aa852af1,11.7
13202,2019-08-04T12:41:28Z,d75c412090c347ad7fca9287bcc4eb9bfb757dc7c1725109861dd93e,60.16629,24.95957,00000000fb7600be,12.69
13203,2019-08-04T12:41:28Z,d87210146aab139cc6640a20b428dce6ac516806a71a177b70e04f62,60.17065,24.93641,000000000f4919c9,9.92
13204,2019-08-04T12:41:28Z,d9e1972e6cb517827f9c355e591924449d0bbdc9bb0f5bc1f8d4f29a,60.16629,24.95957,00000000fb7600be,25.36
13205,2019-08-04T12:41:28Z,da0c40291d3ace2273a08e3c9b87cbc15b0f03d0dba61e7c5a88dc0c,60.15432,24.9211,0000000019fb59c4,18.79
13206,2019-08-04T12:41:28Z,daac051ca20430238282e179e0fe525b11ff1e8f1ace26d45b41f331,60.14947,24.91438,000000004ef3150d,7.69
13207,2019-08-04T12:41:28Z,db9cee77723e2258651606fd447070139d95eb1138f8e56957bff8f1,60.17002,24.94407,000000006b087f40,33.81
13208,2019-08-04T12:41:28Z,dbf9f0495974591badcee3fcfc1b5eb718b26de86aaf486c351ad084,60.14947,24.91438,000000004ef3150d,21.87
13209,2019-08-04T12:41:28Z,ddc8410b9e4ece4b995b789f95e526693bac176ed77092ba57355dc8,60.16762,24.95415,000000006b44cce7,18.79
13210,2019-08-04T12:41:28Z,ddd849ee86afceedd5f5582ede84380d5596c9ea304d634ab0fd0de0,60.16829,24.94214,00000000afef4555,9.12
13211,2019-08-04T12:41:28Z,de09fd8d15c3d7adbf440a3d0a418a3b476513c968bda8a4aa652adf,60.173,24.92524,0000000096918cfa,23.56
13212,2019-08-04T12:41:28Z,de0d086ae32f87522eab31d3bc52545ed17b065889674963c0709568,60.16829,24.94214,00000000afef4555,20.28
13213,2019-08-04T12:41:28Z,de3fe5f63e74a582e06c8cb02e6128d6013827015ba3e2fe93082977,60.17002,24.94407,000000006b087f40,36.27
13214,2019-08-04T12:41:28Z,de84f754a3916c8f831b0bb8ea41fc2a42cdea2794558fece3c7ae97,60.1538,24.95595,0000000038bf9618,20.28
13215,2019-08-04T12:41:28Z,e02c0f9f72e9f248a4b5df8af328e1a0132d4d8a72c1e603d14cdacd,60.18203,24.91341,00000000342570c2,13.75
13216,2019-08-04T12:41:28Z,e1a443e10353da64728464e8a720aaf22a62b80d404f1acae1a1c6ee,60.1538,24.95595,0000000038bf9618,21.87
13217,2019-08-04T12:41:28Z,e23a6115ba872037f9b5066c9c9c966b497f449e32a2c9ceb0e55497,60.16829,24.94214,00000000afef4555,11.7
13218,2019-08-04T12:41:28Z,e2ad7d478fd698beae83366f49585d9825bec4865c1610162f3108c2,60.16897,24.95222,00000000aa852af1,23.56
13219,2019-08-04T12:41:28Z,e2d7945f2c60a0d0622aef6a266620cf09df2e3a66baf2d303464c90,60.1538,24.95595,0000000038bf9618,25.36
13220,2019-08-04T12:41:28Z,e34bcebfa007159f3d2adb0e62e20fcf721a221f52bdfe2a6ad77831,60.18203,24.91341,00000000342570c2,17.4
13221,2019-08-04T12:41:28Z,e35717ff07f32be5a2e1520f1855533f8dcc72cff7930c9cba9da32b,60.14947,24.91438,000000004ef3150d,21.87
13222,2019-08-04T12:41:28Z,e3c03ee00a1bcd066f8b260cc5b9824d1118b7b7f972a818752aabc7,60.14947,24.91438,000000004ef3150d,18.79
13223,2019-08-04T12:41:28Z,e40a26f3f7468f4ac2302b45f1ed9aab7fea245ccf81d0c08072c881,60.16829,24.94214,00000000afef4555,16.1
13224,2019-08-04T12:41:28Z,e429c831feb479441d498efd8b97fc9e32328ece33b936d90d326701,60.18203,24.91341,00000000342570c2,10.78
13225,2019-08-04T12:41:28Z,e447e76c7b53157c11d5bfeb172c27332c81b5ec7f263badf5507888,60.149,24.9843,00000000fffb8cf0,29.32
13226,2019-08-04T12:41:28Z,e4b111abda6e15229c808fb72d5c0c38e2cf3abdbbb62fff5ae48e42,60.16762,24.95415,000000006b44cce7,11.7
13227,2019-08-04T12:41:28Z,e621e7131322cca25ac9c09fde26ef4c94d2ba83c5679134b2bcf63d,60.16762,24.95415,000000006b44cce7,16.1
13228,2019-08-04T12:41:28Z,e6f4e3d1f5e01888556b077224cb4d8f88d63306fff2388e3fd997d0,60.14951,24.92138,0000000006dd41f6,17.4
13229,2019-08-04T12:41:28Z,e6f7965f2ef456f61121bcce5e466f125192e511c2af72d901307e8e,60.16762,24.95415,000000006b44cce7,11.7
13230,2019-08-04T12:41:28Z,e826dedac8582e619ce18cd7eed68be5ee1fc9ed37e191e06f916835,60.14947,24.91438,000000004ef3150d,9.12
13231,2019-08-04T12:41:28Z,e9115410fa45db5a174eee008cae729dc69937a0e0b5a304899bf1b9,60.17065,24.93641,000000000f4919c9,17.4
13232,2019-08-04T12:41:28Z,e9e19621fc5cfcfed2c808bbadc6cc6dd31e28d3c04cef8b89ca2729,60.16075,24.95883,00000000f1124bca,9.12
13233,2019-08-04T12:41:28Z,ea2f4d9799324f4cd2a6fcda1625b65acdbab9f6b8331c26f63beec2,60.16897,24.95222,00000000aa852af1,25.36
13234,2019-08-04T12:41:28Z,eac6fda3a18aa9ce55b6359f5c62a044e0bcd6bc3576c8cd815acf07,60.14699,24.922,00000000a53ed894,9.92
13235,2019-08-04T12:41:28Z,eb6541383f8b12fc5476e5e2bc406933edfd211f49a1bbb93f323fa0,60.14699,24.922,00000000a53ed894,17.4
13236,2019-08-04T12:41:28Z,ec350e26364cb676c4cdb72647f039c31e27c775e7bb8973223e5d9b,60.14947,24.91438,000000004ef3150d,11.7
13237,2019-08-04T12:41:28Z,ec424a10bcefb6e69c2eabf42534f06e7a10aa0cfb28f6478052cade,60.14699,24.922,00000000a53ed894,14.89
13238,2019-08-04T12:41:28Z,eed1c3b93e33ab3a4802db427c8c197c0fbad358e039b6ea8c8af07b,60.18203,24.91341,00000000342570c2,17.4
13239,2019-08-04T12:41:28Z,ef77b04fc57a9781bf581172358ba74cf41e0b2a6ecc8090f99810bf,60.14699,24.922,00000000a53ed894,16.1
13240,2019-08-04T12:41:28Z,efe8b6c6fdf0d2caccd589aaaa4f0228a80590ff9ec7961f2e92103d,60.16762,24.95415,000000006b44cce7,6.46
13241,2019-08-04T12:41:28Z,eff99f303ba37ed36542008434b2d20e50155593bb9fc7bc1dcc4bf3,60.16075,24.95883,00000000f1124bca,23.56
13242,2019-08-04T12:41:28Z,f062cb52d49926a4fb39f723275ed60ab6c0f3bf34e0c3f9d233b7b8,60.14947,24.91438,000000004ef3150d,4.94
13243,2019-08-04T12:41:28Z,f15b72a3aad411d2f8a70b41c4f62ad2d744d064d42ec00c71a18ac5,60.16762,24.95415,000000006b44cce7,7.05
13244,2019-08-04T12:41:28Z,f1845e00642980be3cdc27a088c619bb0616b86f7cfa0b8909efac80,60.16544,24.95398,0000000038d83d41,25.36
13245,2019-08-04T12:41:28Z,f20f951802c722181f0e90095001c49e73f84049bb105b95c97049d1,60.17918,24.95141,00000000675d5200,20.28
13246,2019-08-04T12:41:28Z,f2e063c8c25a8bec0dd6ec3924a5f59fd9694078f2f3fd5b3ea96f29,60.16762,24.95415,000000006b44cce7,16.1
13247,2019-08-04T12:41:28Z,f366283765028e1454f3cfc564b9f220c9d700bfa8a843746eca3141,60.16897,24.95222,00000000aa852af1,17.4
13248,2019-08-04T12:41:28Z,f5f7cfe177dfb0b7ebba2419ae53f70b6b5690dd98d98586004a9107,60.149,24.9843,00000000fffb8cf0,5.41
13249,2019-08-04T12:41:28Z,f7f0caf73572bea3c08b592eeb9655b2668cfb16fd8840ca5619d84a,60.14699,24.922,00000000a53ed894,4.11
13250,2019-08-04T12:41:28Z,f9f454563bb2c7fd9944c5f164bf6c5fad98bb698039934d4d8b54dd,60.16897,24.95222,00000000aa852af1,21.87
13251,2019-08-04T12:41:28Z,fa96854324adae88abb35afa34b2393a20338bfd8fc9602d3ce6ae8d,60.14947,24.91438,000000004ef3150d,4.94
13252,2019-08-04T12:41:28Z,fadc39da3cd26ac621092fbbff224b95bb13446c8d24bbf4f3e50e90,60.14947,24.91438,000000004ef3150d,9.12
13253,2019-08-04T12:41:28Z,fc618d570293e104f3bf927312641e3b7c65acce185b1614337d848c,60.16829,24.94214,00000000afef4555,29.32
13254,2019-08-04T12:41:28Z,fca3daa86786d92fe75c43051a906ab67c8b95c774a1227b3c45ce10,60.18203,24.91341,00000000342570c2,21.87
13255,2019-08-04T12:41:28Z,fce50ac3cfd2f3b7a897f6575eeda4e45ab42e5b9b5351be836cc0de,60.16897,24.95222,00000000aa852af1,17.4
13256,2019-08-04T12:41:28Z,fe5ca86c906b1cb3bf9dd257ceefc562e41da499878f1074484f7d42,60.14947,24.91438,000000004ef3150d,14.89
13257,2019-08-04T12:41:28Z,ff4f3e0f964f23b97e88626f7a506bb4409718931712c58ce0f247af,60.16762,24.95415,000000006b44cce7,7.69
13258,2019-08-04T12:41:28Z,ff8280896145ae17e594c52eac2cdbab47d3757d797878fbc4298596,60.1538,24.95595,0000000038bf9618,29.32
13259,2019-08-04T12:41:29Z,0152988639aaaa9cc27213280c8f0c0c8ec97ae6a45aaaf743c9c25d,60.16544,24.95398,0000000038d83d41,36.27
13260,2019-08-04T12:41:29Z,07d86ad98399440d0cc3bd3382a7256feb971e49a3686dc17f532e1c,60.16829,24.94214,00000000afef4555,14.89
13261,2019-08-04T12:41:29Z,0dd09efc9717b508a52eb5196698ac7acffb325c836e14f240e56313,60.14947,24.91438,000000004ef3150d,20.28
13262,2019-08-04T12:41:29Z,112c36ba789fa57e2b19c9bff8bfe0b3eba19a431c3af4656c4cee5b,60.16531,24.9442,00000000fdda10fe,41.64
13263,2019-08-04T12:41:29Z,14c7e1511b70f4dd3359cbece1377aebb4d70531f5489eefe53d7c3c,60.16544,24.95398,0000000038d83d41,27.28
13264,2019-08-04T12:41:29Z,1599d2c9070a6f05e1a5887c2d9209214c04818c6203fe75440734f2,60.1538,24.95595,0000000038bf9618,31.5
13265,2019-08-04T12:41:29Z,165ebbb4090d47319ae370f0d0854fdc1f6b79499f8b2e4d3c3533c0,60.16544,24.95398,0000000038d83d41,25.36
13266,2019-08-04T12:41:29Z,1e7ea410376fbdb3f3c476c76d23abad5d830690f78f71ea06f7e321,60.16075,24.95883,00000000f1124bca,7.05
13267,2019-08-04T12:41:29Z,211f6b7b044343d0be369791b3fa3c144d0d0f391e2a42787712efb0,60.16448,24.97323,0000000053c6c2be,12.69
13268,2019-08-04T12:41:29Z,25a7ff811c3c06e426c7c2cbb0433d9a2a3399b23afecbd35584ab0f,60.18203,24.91341,00000000342570c2,12.69
13269,2019-08-04T12:41:29Z,2d3d031189abfaea69cd551a97b2b2d056a908f19bc56701010a2304,60.16897,24.95222,00000000aa852af1,18.79
13270,2019-08-04T12:41:29Z,315af4a829b592ba99b203b8ed2cbd499769f8752dfe6de7da4ee929,60.16829,24.94214,00000000afef4555,18.79
13271,2019-08-04T12:41:29Z,3fe5f4ccfa5c777ceafda0674d7c9da6f509f6694b4c2fa254b32e73,60.16897,24.95222,00000000aa852af1,23.56
13272,2019-08-04T12:41:29Z,3fe84a5a1e657df8910685df3a8cf779a6ebc3362fbc8e578f235ee4,60.15432,24.9211,0000000019fb59c4,3.74
13273,2019-08-04T12:41:29Z,4317f5904a5e6ae921bf743dd534c803083fd90b15a1245881beeade,60.16897,24.95222,00000000aa852af1,18.79
13274,2019-08-04T12:41:29Z,43b676ed3aef4c2d8846694817e76117873be52e7f788e0cb366c1c4,60.16629,24.95957,00000000fb7600be,27.28
13275,2019-08-04T12:41:29Z,44d0b94469070803869f229601e877beb613c3f5aafa009addf97a1a,60.16544,24.95398,0000000038d83d41,14.89
13276,2019-08-04T12:41:29Z,4656bad9b5e6dfc3977eca308fc1db3dbf8b0204b90d09b001da242e,60.1638,24.96846,00000000d747f075,29.32
13277,2019-08-04T12:41:29Z,5bbb5184fded3e51bc78e45e39917794285e6bbc72da404802a9599a,60.16531,24.9442,00000000fdda10fe,27.28
13278,2019-08-04T12:41:29Z,5d65719c4cbf045f068d084b72302f447d5fd034413d97d13be00d0e,60.18203,24.91341,00000000342570c2,17.4
13279,2019-08-04T12:41:29Z,5eed115a984d490b02b602d73787aee8dc8c4e9365b77fbff3818a76,60.16629,24.95957,00000000fb7600be,18.79
13280,2019-08-04T12:41:29Z,5fecff186138a9b3e31c6086c33dcd5f1d209e64f0afeed7c688cab0,60.16897,24.95222,00000000aa852af1,25.36
13281,2019-08-04T12:41:29Z,653a92a7828f2c43bc74899753f872e8b93c30b6fb419b651a94bbc1,60.16897,24.95222,00000000aa852af1,14.89
13282,2019-08-04T12:41:29Z,69219e9efa41ae9e732653e9eaf08e1a34cb853a9dafe76ddeea4d04,60.16897,24.95222,00000000aa852af1,18.79
13283,2019-08-04T12:41:29Z,6a70e2fbced719333e21eff04fcb9cb36bae9a04d1a3d6ddd96f2c58,60.15432,24.9211,0000000019fb59c4,9.12
13284,2019-08-04T12:41:29Z,70d8572458a1a103555bab897b6443e601e0ed211414b15ad0b56f60,60.16544,24.95398,0000000038d83d41,23.56
13285,2019-08-04T12:41:29Z,747f2d1ebff218c0ebbdc0fdaef4cbe56633dfb46ae1b1f8c8142201,60.16762,24.95415,000000006b44cce7,20.28
13286,2019-08-04T12:41:29Z,7678cdb86d454ca9ae52f22d97e635106585a3a046d01da4463695cc,60.18203,24.91341,00000000342570c2,17.4
13287,2019-08-04T12:41:29Z,7cc42aefcdb99a20548b43ff621c9fd015a342260ca7bfd2a6c62b83,60.16829,24.94214,00000000afef4555,21.87
13288,2019-08-04T12:41:29Z,85ef35aecf2ff804be3d958b592705ec41c6df9c128c132c65bb283d,60.16897,24.95222,00000000aa852af1,23.56
13289,2019-08-04T12:41:29Z,87dfaad29a9276ddddb1fa021d3bc23ad14824c1af16f7d87e713689,60.14951,24.92138,0000000006dd41f6,12.69
13290,2019-08-04T12:41:29Z,88808fe92573e9cdf022cc15b9689b6b4b9429f60513c8897b0ba4c7,60.16897,24.95222,00000000aa852af1,20.28
13291,2019-08-04T12:41:29Z,89982a6acf91b79a282a6b63978e946ee205f303fcd20e944e06baf0,60.16544,24.95398,0000000038d83d41,20.28
13292,2019-08-04T12:41:29Z,8c75c3289c84fe4493e1e272a77b615fe1985880c5dc68a7c1a17b53,60.16762,24.95415,000000006b44cce7,10.78
13293,2019-08-04T12:41:29Z,94c5a69a5ae6e9407c3fa9a6919d99beb3558dd4e6750eb480ddc36f,60.16829,24.94214,00000000afef4555,12.69
13294,2019-08-04T12:41:29Z,9843c6216661048343a0e49cf3d8aa2883cf77f452666a1c873a1052,60.16448,24.97323,0000000053c6c2be,14.89
13295,2019-08-04T12:41:29Z,9bc8068948a5b881e1bded553efe012fe129e3e4df62f64a6724917e,60.16829,24.94214,00000000afef4555,25.36
13296,2019-08-04T12:41:29Z,9fc0711d7e7722eff7faa0cb6f17846680c06515c1eb93dd49ebcf25,60.14699,24.922,00000000a53ed894,14.89
13297,2019-08-04T12:41:29Z,a23b63dc2df72ba829ea2eabba05dafe724027d59a8f6babf791c1b8,60.16075,24.95883,00000000f1124bca,20.28
13298,2019-08-04T12:41:29Z,a8f8130135c784b027355228017bbfe99e5a6eecec153d44b78bedd3,60.16829,24.94214,00000000afef4555,12.69
13299,2019-08-04T12:41:29Z,a91d379a4b57c5df22db0d7a041ff69f657b4b31f28554b1011fc03c,60.16544,24.95398,0000000038d83d41,31.5
13300,2019-08-04T12:41:29Z,af807b67ce09a2ce1744025c421961213f1608ca658ece4df69555a1,60.16762,24.95415,000000006b44cce7,12.69
13301,2019-08-04T12:41:29Z,b5fd6b317890e5ab2d79e2cd1abe61626d45a753c7337d0d40728898,60.16762,24.95415,000000006b44cce7,10.78
13302,2019-08-04T12:41:29Z,bb98768dad0f7c52cf643f035a3e7e48f5cfe28557c66f2a75914b31,60.14699,24.922,00000000a53ed894,20.28
13303,2019-08-04T12:41:29Z,bcb0201b0a1edf350ae2f681076e7d2d48ebd94c075bd3ca59552020,60.16897,24.95222,00000000aa852af1,10.78
13304,2019-08-04T12:41:29Z,c0cdd4e99cf9447e490b5cbd5e7513df9acfcbabb8bd5117c4731512,60.16075,24.95883,00000000f1124bca,20.28
13305,2019-08-04T12:41:29Z,c40c37def6bf11a63a2556519a7c6233fd417cdeea2cf14f28e7c42c,60.16531,24.9442,00000000fdda10fe,36.27
13306,2019-08-04T12:41:29Z,c97eb4181394121907d47b908495f54e5ee5145ff790f7a1dc21b3cf,60.16897,24.95222,00000000aa852af1,13.75
13307,2019-08-04T12:41:29Z,ca6927628f5ddda20036865c9345ad93d476d62ade3b181de568eed6,60.16897,24.95222,00000000aa852af1,20.28
13308,2019-08-04T12:41:29Z,ce197d5eedb5498917afe7ca3f7275ffeb191f0c5d050bffa154c1d2,60.16531,24.9442,00000000fdda10fe,27.28
13309,2019-08-04T12:41:29Z,cf05623e4d87ce0906c0b0b7dbf53aacc1228016cd27c341228b6e76,60.18203,24.91341,00000000342570c2,18.79
13310,2019-08-04T12:41:29Z,cfc0bedb78ded52749db3188cb188bf6a250ef5990da9c5afa9623fc,60.14951,24.92138,0000000006dd41f6,18.79
13311,2019-08-04T12:41:29Z,d0a50f3001c258a38880550f6c0835fcaa85f0a6d36687dc5de98f3b,60.16629,24.95957,00000000fb7600be,16.1
13312,2019-08-04T12:41:29Z,ded49640b591e73bff71f84fb99d2739eb6c9554164a015017725e03,60.16829,24.94214,00000000afef4555,17.4
13313,2019-08-04T12:41:29Z,e8e366e76c97944e23c0f80b4fd3ce6e5832744922297146a49f0c7e,60.16762,24.95415,000000006b44cce7,7.05
13314,2019-08-04T12:41:29Z,e96bd269a48b822b06141c3362fcb6d5ed4d0d09a120f2e4a712d5c2,60.16897,24.95222,00000000aa852af1,12.69
13315,2019-08-04T12:41:29Z,ed70dda6b7faebd4340dacdb452ab224d9d3c308df417b7fa76f54e8,60.14951,24.92138,0000000006dd41f6,23.56
13316,2019-08-04T12:41:29Z,eee5797db5c3753514933a12e2485caee4ee5803b4d830ba1c22e5c5,60.14947,24.91438,000000004ef3150d,9.92
13317,2019-08-04T12:41:29Z,f088630d7476dae7d4b7e2bb1f10575f2c89acb4b6e061f3d57c2b40,60.16531,24.9442,00000000fdda10fe,21.87
13318,2019-08-04T12:41:29Z,f237103f284dc6c51c64f9728c4f56e0c855dbb1bf8c4165758c3ef0,60.16897,24.95222,00000000aa852af1,17.4
13319,2019-08-04T12:41:29Z,f29ea15113ac0eea0be8ec41c633909de4b0b9ab6c7b9898b128080c,60.16897,24.95222,00000000aa852af1,16.1
13320,2019-08-04T12:41:29Z,f405a7c4a3a4339f8e3f7e552f6492d6eed76f7d08c54943286213de,60.16762,24.95415,000000006b44cce7,12.69
13321,2019-08-04T12:41:29Z,f6609ab1076b1105bb845595a03b41b8fbb282f79c337df5bbc9f841,60.14699,24.922,00000000a53ed894,11.7
13322,2019-08-04T12:41:29Z,f94dddacf96965952551200a02b41925bcd21402aceafb12f19931af,60.16075,24.95883,00000000f1124bca,5.91
13323,2019-08-04T12:41:29Z,fc4f3a44235f1cfc7b53f14ba2da599976a5a0a220d23b852688e485,60.17919,24.95181,000000007b5207b6,18.79
13324,2019-08-04T12:41:29Z,009ad4cd2bd97e04da44cc9789e6bdbdb899eded61d05b7d5634b7be,60.16829,24.94214,00000000afef4555,4.11
13325,2019-08-04T12:41:29Z,00a07b1f8113691d8475c54082a14cdd54decf9845a90e75df8031a6,60.17065,24.93641,000000000f4919c9,29.32
13326,2019-08-04T12:41:29Z,00bdb07c0f4f75c71196362c269c9f652c66cf7d3f3c2d89843af063,60.16629,24.95957,00000000fb7600be,23.56
13327,2019-08-04T12:41:29Z,02978cd5cb7127a718d3d775079ab940a3e81885ce6106495cca5ee4,60.1538,24.95595,0000000038bf9618,21.87
13328,2019-08-04T12:41:29Z,02a0c11101d94209b1945b117fe2f6c2e93cec0c5c8eb0d847b655cf,60.16531,24.9442,00000000fdda10fe,20.28
13329,2019-08-04T12:41:29Z,032e5d7621738a50c9e742e0cba13c819f7c67cedf8687f3ab25595c,60.16762,24.95415,000000006b44cce7,13.75
13330,2019-08-04T12:41:29Z,036c183505fea646b54aeb0c612913cafba94eca65e47d3c6d840a68,60.17919,24.95181,000000007b5207b6,27.28
13331,2019-08-04T12:41:29Z,038e7f3d1d9babcdb48b63ff8e3e1ac732b3c29f665dc7d9a1819abc,60.14699,24.922,00000000a53ed894,12.69
13332,2019-08-04T12:41:29Z,0413805762399525f916572e0de4852c934500b4a8465ac67a535d41,60.16762,24.95415,000000006b44cce7,18.79
13333,2019-08-04T12:41:29Z,0479a26a59d65bf1dee05c06f4227a0ba63a6e9c9a09e7c34f2e06b4,60.14699,24.922,00000000a53ed894,14.89
13334,2019-08-04T12:41:29Z,04b5d29c48edaaf4904a98e412562e3c0d857eb20342cc7c323d4293,60.16762,24.95415,000000006b44cce7,13.75
13335,2019-08-04T12:41:29Z,04f35922a81b516e7028f61c6ff34faf6da85df0a5cfcefb6df1861f,60.149,24.9843,00000000fffb8cf0,23.56
13336,2019-08-04T12:41:29Z,05d441c83d2df822feaf93d7861452db7a201f22d84cfa36f421dfd2,60.16544,24.95398,0000000038d83d41,12.69
13337,2019-08-04T12:41:29Z,07444c376c2a48ed91a2f5462cab887c00378edb4175ee969deb207e,60.18203,24.91341,00000000342570c2,21.87
13338,2019-08-04T12:41:29Z,076c28c1895ef1919c11113113c12655c546fc90a00800e5ebec5b56,60.14699,24.922,00000000a53ed894,13.75
13339,2019-08-04T12:41:29Z,0851ab74be2e888decf0046825f09ed302f7b2275e72b09b5b713d85,60.16829,24.94214,00000000afef4555,16.1
13340,2019-08-04T12:41:29Z,0947f9d6bb6c34e382e008052b704b6521ac4f7678a2e8a719bb574b,60.15432,24.9211,0000000019fb59c4,27.28
13341,2019-08-04T12:41:29Z,0a0acb70a8ef92be52a64d4425e70bb2f7a17d13942c3382c9d68878,60.149,24.9843,00000000fffb8cf0,2.8
13342,2019-08-04T12:41:29Z,0a5616e066b42895361324cfa8abef41d849a55e3e4bed429bab494b,60.16829,24.94214,00000000afef4555,3.74
13343,2019-08-04T12:41:29Z,0a5ed50daf13dd10744537aa851ac7ab1d34d9797ec6ab6e2402aebb,60.16762,24.95415,000000006b44cce7,4.5
13344,2019-08-04T12:41:29Z,0a8eb41acf097f79d7e145d7a002bbaa9f5017b44076ad66b2dbe053,60.16762,24.95415,000000006b44cce7,13.75
13345,2019-08-04T12:41:29Z,0aabf0df4c3c5b45bb8950c92dbe624985f19e8650ed61f92571a65a,60.14699,24.922,00000000a53ed894,7.69
13346,2019-08-04T12:41:29Z,0b0dd9af9d52c68ff71ce266d6707abbb0f56c3c63be0f83f7b5df9b,60.16762,24.95415,000000006b44cce7,9.92
13347,2019-08-04T12:41:29Z,0c905239b8c0e14cba671cf4d4d715d1045a30ee62a6285fb489dbb0,60.16829,24.94214,00000000afef4555,16.1
13348,2019-08-04T12:41:29Z,0d3525b13d674f1645fdbe6d842fe37b2f416889c5472e9dfcc5445c,60.14947,24.91438,000000004ef3150d,11.7
13349,2019-08-04T12:41:29Z,0d8341f0125a5323521549248771d5448e5f788aefe9b989e3b20114,60.16829,24.94214,00000000afef4555,14.89
13350,2019-08-04T12:41:29Z,0edfab64a80649c1b0b39aec3f774c4eab39a95d487fb651e1dc3329,60.16762,24.95415,000000006b44cce7,21.87
13351,2019-08-04T12:41:29Z,10a99e791e27975dc1c9d73d3163cabacf3bd7bd05a4f7abf6365426,60.14699,24.922,00000000a53ed894,13.75
13352,2019-08-04T12:41:29Z,10caaea8002e8b3b342b32710efdd7305ff375ca1cdc01411f66b2f6,60.14699,24.922,00000000a53ed894,5.91
13353,2019-08-04T12:41:29Z,119268a2b328b466959e99158efc17d07641daf2eab0785f813707f9,60.16762,24.95415,000000006b44cce7,13.75
13354,2019-08-04T12:41:29Z,120a63917cb5ab619bf9a71328f14020736ee84e75d5b37278748def,60.16897,24.95222,00000000aa852af1,17.4
13355,2019-08-04T12:41:29Z,121345c4cf0d0f18c684c4eb22e496ac6f8fb537ec2f3812f6966b67,60.16762,24.95415,000000006b44cce7,14.89
13356,2019-08-04T12:41:29Z,128df515b075ffc54794d311944f31b9b1c1132d182943a9880e5bc0,60.16544,24.95398,0000000038d83d41,20.28
13357,2019-08-04T12:41:29Z,1423891c6ee1edc7da83904378a35aef2e5797db95b117651d676934,60.16762,24.95415,000000006b44cce7,8.38
13358,2019-08-04T12:41:29Z,1496ce9cf373a2a508a8ab0b7aa0604dd889fd69483881c3752219af,60.14699,24.922,00000000a53ed894,16.1
13359,2019-08-04T12:41:29Z,1515fbb735095b233eea332bf40cff9995758e9bd0ad60218875554b,60.14699,24.922,00000000a53ed894,16.1
13360,2019-08-04T12:41:29Z,15ee12e5f9be00a79b0cbbc9912f51cbfa3e486624567e1bde938fb6,60.1538,24.95595,0000000038bf9618,17.4
13361,2019-08-04T12:41:29Z,16ca2e50aab654110e1bb81e5e374133f99b7f103d24d5cc9635423c,60.16897,24.95222,00000000aa852af1,20.28
13362,2019-08-04T12:41:29Z,171a752ceacd35c6e27c36e67da80ba960a246c0977f0bdca139a472,60.14699,24.922,00000000a53ed894,17.4
13363,2019-08-04T12:41:29Z,1769031b7f4d75de0541e26427b9ecc92c84b80992e3b36bb8eb799e,60.16829,24.94214,00000000afef4555,17.4
13364,2019-08-04T12:41:29Z,1882b53729765cca25bc63400074242872d6fbc57882f131285b277f,60.16829,24.94214,00000000afef4555,10.78
13365,2019-08-04T12:41:29Z,1a93dfa31156cee53b4bd527d8b74655a5da812b6933d8a86d871e47,60.14947,24.91438,000000004ef3150d,9.12
13366,2019-08-04T12:41:29Z,1ad0b84716a79851fa8db7a993012f0c8e496d6cba9d028a546285a2,60.16897,24.95222,00000000aa852af1,23.56
13367,2019-08-04T12:41:29Z,1b3fba902b8d1538b508cdc228fd15fdd87f5aecb68e5611b1a4e354,60.16762,24.95415,000000006b44cce7,2.8
13368,2019-08-04T12:41:29Z,1bcef866fafad7c7460a084e0b0d27c087b549f4ae704390708be47e,60.149,24.9843,00000000fffb8cf0,16.1
13369,2019-08-04T12:41:29Z,1c7ccd5d6570d98e57ef2ebbd716b7504b138f9bb616fbeaa0d1a268,60.14699,24.922,00000000a53ed894,7.69
13370,2019-08-04T12:41:29Z,1dacfb371d75dd4f90f447aac2a00faad98beb4188a6971c19eb2375,60.16629,24.95957,00000000fb7600be,25.36
13371,2019-08-04T12:41:29Z,1e24a2120b13c780dbb3a67a73f5058d1847f126fd5f5952e6dddcd3,60.16075,24.95883,00000000f1124bca,13.75
13372,2019-08-04T12:41:29Z,1e63d2090b520af23ca3d2c9a05047dc0b0c63f7471b86e9d9f3e7cc,60.16629,24.95957,00000000fb7600be,25.36
13373,2019-08-04T12:41:29Z,1ec58e626d2335aeeaa7c7d8f715d4334274dbd43448fb62c3901ef6,60.16829,24.94214,00000000afef4555,12.69
13374,2019-08-04T12:41:29Z,1f74037ecab4dbdc5db1a8dc8b583a86630f86a5f2d0a5167b7fa605,60.18203,24.91341,00000000342570c2,9.92
13375,2019-08-04T12:41:29Z,1f81ed7274add201d3059d4a37e2bbe86b6ae1f0fd42a16d7b8dccaa,60.14699,24.922,00000000a53ed894,12.69
13376,2019-08-04T12:41:29Z,1faaaeff6423708e06d94b904af4be93e399939fbdfd3b3091dc8bd2,60.15432,24.9211,0000000019fb59c4,18.79
13377,2019-08-04T12:41:29Z,203a0c145a43c9a18f8c2a5ba4e18882e7430662bb4ac0e56ab37578,60.17065,24.93641,000000000f4919c9,14.89
13378,2019-08-04T12:41:29Z,208944c5811f446561788c5415738cbe52bdacb371f415236042698c,60.16897,24.95222,00000000aa852af1,17.4
13379,2019-08-04T12:41:29Z,20ac7b2ace7c0038aa8df01b9281a9c54f1551fc8ab9b662b1f1ca22,60.18203,24.91341,00000000342570c2,13.75
13380,2019-08-04T12:41:29Z,21bdc11bb63fb48c9d4b5308540ee5df579c9a385001a10fceeeedf3,60.14699,24.922,00000000a53ed894,11.7
13381,2019-08-04T12:41:29Z,21eed3ade733687b8f56fade8290819b7c6b4a9f38468979fe692c3e,60.16762,24.95415,000000006b44cce7,5.91
13382,2019-08-04T12:41:29Z,2271cbccbcce28d3d0757d9a964f67df1a523b81d97355dc543dd848,60.16897,24.95222,00000000aa852af1,25.36
13383,2019-08-04T12:41:29Z,22fe9a06fba1036e8eafd726bc450095b1893be067f475e1882bb704,60.14699,24.922,00000000a53ed894,7.69
13384,2019-08-04T12:41:29Z,231026899a6d5b326cb5b1e38b182ca1acb77c7e27bc2378973b29db,60.16629,24.95957,00000000fb7600be,25.36
13385,2019-08-04T12:41:29Z,23337c2812924a07e4f0bbc92e56d1f85ea40208b6b987f4afc686cf,60.16897,24.95222,00000000aa852af1,21.87
13386,2019-08-04T12:41:29Z,247f8b2fe544f61677fce4b7f300f6be0c3fa9f5a9f057cc0a4b2111,60.16762,24.95415,000000006b44cce7,14.89
13387,2019-08-04T12:41:29Z,2551a9e1b8a03c8e0e378ed37c0130b6e4105ec6b949de9e5a670be8,60.14699,24.922,00000000a53ed894,18.79
13388,2019-08-04T12:41:29Z,2607d1b2fc6e31a80348fffbed68a7d3a8e0212f197f2d1c573c587b,60.14947,24.91438,000000004ef3150d,1.54
13389,2019-08-04T12:41:29Z,269124e75b1e74a7c7dc93b778e02f04d0a53e069a90081c0938ee4c,60.14699,24.922,00000000a53ed894,9.92
13390,2019-08-04T12:41:29Z,2838eddb482a9bc77b0b867352020e2cbfb71e85aaa1d61307e85f3d,60.14947,24.91438,000000004ef3150d,20.28
13391,2019-08-04T12:41:29Z,28b43564f7156b67db7cb7b779e948986d7610f921490f9030379704,60.16897,24.95222,00000000aa852af1,6.46
13392,2019-08-04T12:41:29Z,28d2c3282e9f8fec67baec7992dcd800c45b67071e33cb118905a6b3,60.16829,24.94214,00000000afef4555,3.4
13393,2019-08-04T12:41:29Z,2969cdb120f2d285c556abfe5bac2f8090571f61aba227a474a534d2,60.17065,24.93641,000000000f4919c9,2.8
13394,2019-08-04T12:41:29Z,29a1ee6c0907a00ec6b6dcbb187f5c31d1a11b261aabd339210ee013,60.16897,24.95222,00000000aa852af1,4.11
13395,2019-08-04T12:41:29Z,2a47bdc66249162a9588347a6cbe7895fe798bb25c1194cd69fb1e8b,60.14699,24.922,00000000a53ed894,8.38
13396,2019-08-04T12:41:29Z,2bf5f9225c5c902bf47c53c03a98b5988a577c9688e1143db7aa3f3d,60.14947,24.91438,000000004ef3150d,9.92
13397,2019-08-04T12:41:29Z,2ee2e108ed9051b1ccf4d3ee89931dfd53170af0b558fa6579b83e8d,60.15432,24.9211,0000000019fb59c4,9.12
13398,2019-08-04T12:41:29Z,2f08dbfbbe5577f04ea9826f72d5452ddf5fd9bb892769382ea5a4ca,60.16762,24.95415,000000006b44cce7,11.7
13399,2019-08-04T12:41:29Z,32708990f2c831e65f70f2682baf5188fc93348b9a9e78ada8db2bf4,60.14947,24.91438,000000004ef3150d,4.11
13400,2019-08-04T12:41:29Z,32f77f5019e5fce30881c214487361e2e34b8c93277f6e546de72012,60.1638,24.96846,00000000d747f075,25.36
13401,2019-08-04T12:41:29Z,33ec502792a84f23fed03cf16e483d153c65e2850a2549f47034726a,60.16762,24.95415,000000006b44cce7,9.12
13402,2019-08-04T12:41:29Z,3459042c03cbb672a039f7f14a6b99b84f839b0598f9e48bf4dd95f5,60.14699,24.922,00000000a53ed894,7.69
13403,2019-08-04T12:41:29Z,349dd839e41cff363cc4b935496e52b93be15233e508aa82987859bd,60.16075,24.95883,00000000f1124bca,7.69
13404,2019-08-04T12:41:29Z,34fddf0f4ea194b9720451d11a9de76225577536681d4f4b0a00b860,60.16829,24.94214,00000000afef4555,9.92
13405,2019-08-04T12:41:29Z,352427714fc6e8591df6bd227dde05d3b7ba0881742eee4ae750dcc4,60.15432,24.9211,0000000019fb59c4,23.56
13406,2019-08-04T12:41:29Z,358d7986d5bf2a0624fb1412a157b3c7b12f90653457e15a76bbdf50,60.16629,24.95957,00000000fb7600be,18.79
13407,2019-08-04T12:41:29Z,35e6e075578d7a51e510bf8904bde33f1d117264eea0917db98d4808,60.16897,24.95222,00000000aa852af1,7.69
13408,2019-08-04T12:41:29Z,3721331dbb97151d17938ed835ffc7208eba26fba6100c62870a3a4f,60.14947,24.91438,000000004ef3150d,9.12
13409,2019-08-04T12:41:29Z,37945fa4e7409fab98aa8bde45081f5bd083def0059485274ad552c0,60.17919,24.95181,000000007b5207b6,6.46
13410,2019-08-04T12:41:29Z,38c90c54ec8f56ae2ee5c79f21130a2254d870968839584fc423f1d2,60.14699,24.922,00000000a53ed894,16.1
13411,2019-08-04T12:41:29Z,39310ebca1ad756aa2bfcb16c912cb7003ef3e7286a1f037603ade61,60.14699,24.922,00000000a53ed894,6.46
13412,2019-08-04T12:41:29Z,393a579e1c8efb19861f555f12040feeac853f37a2451116693e77aa,60.14699,24.922,00000000a53ed894,16.1
13413,2019-08-04T12:41:29Z,39f03a3a5fd777feee270921a7f51daec12ea679b542b0aaf2e808d7,60.149,24.9843,00000000fffb8cf0,12.69
13414,2019-08-04T12:41:29Z,3a6ce73ea4c03a14fc0d3d099e4698d3c1051a2e8e4bd552d5de394d,60.14947,24.91438,000000004ef3150d,5.91
13415,2019-08-04T12:41:29Z,3abc507346480858d62b69d6e29c3b0700ac193520668e17a4ce7cbb,60.16762,24.95415,000000006b44cce7,20.28
13416,2019-08-04T12:41:29Z,3b73bf57d223bcb9b930ee8619e6603e52485b221389c64d85614baf,60.16897,24.95222,00000000aa852af1,25.36
13417,2019-08-04T12:41:29Z,3be48824225ca9f2aea5653f6ce21181a76e67a8d4b8361f0cba1f8a,60.14947,24.91438,000000004ef3150d,7.05
13418,2019-08-04T12:41:29Z,3cfa9796e4fbf308505fca8b79beef145e09a8da172a768f2fdbb99a,60.16762,24.95415,000000006b44cce7,21.87
13419,2019-08-04T12:41:29Z,3dff549e90afb2bbb590899f86c397b1c4e011947c344f75d16312fa,60.17002,24.94407,000000006b087f40,33.81
13420,2019-08-04T12:41:29Z,3e4965f1ed580ddf80246b1b78cbc55b73c11d67573d9cede2a7ccf7,60.16829,24.94214,00000000afef4555,18.79
13421,2019-08-04T12:41:29Z,3e99999f43f3bd9e105e735eeb92531a4301e7f258c90535acfba9ae,60.16531,24.9442,00000000fdda10fe,31.5
13422,2019-08-04T12:41:29Z,3ec0a34310840b3aa1aa32a3f2bffbe426e91a242dc6eb5c1e86bba7,60.16448,24.97323,0000000053c6c2be,23.56
13423,2019-08-04T12:41:29Z,3ffe89aa6ab1e57883e21fa8f15969f46a5f487bccb2b993eadb3cfb,60.14699,24.922,00000000a53ed894,7.05
13424,2019-08-04T12:41:29Z,403f209e525e5159d33b2056ebebcfa95ff94baf8ae3d9b3442c3090,60.14699,24.922,00000000a53ed894,20.28
13425,2019-08-04T12:41:29Z,42052b48fa907a3f9ad0a511096b057331f7a11a1be046a63fb9629e,60.14699,24.922,00000000a53ed894,25.36
13426,2019-08-04T12:41:29Z,429295e322e9f143f79e9a6340e4974858aa9aa2f5ed6e8512dd00cd,60.14699,24.922,00000000a53ed894,21.87
13427,2019-08-04T12:41:29Z,42d4eb6044091814f327d0b01dc9ae701506417af1a8ab7f4161650d,60.14951,24.92138,0000000006dd41f6,10.78
13428,2019-08-04T12:41:29Z,42da4298ed9f522421f17714e024d9b8fe22e7546df3deeb8b139bd3,60.16075,24.95883,00000000f1124bca,8.38
13429,2019-08-04T12:41:29Z,447f951c07ece4b9f8a41fed54b5911f4f8033b69f5a62bfd0cf1d97,60.14699,24.922,00000000a53ed894,13.75
13430,2019-08-04T12:41:29Z,4533d27e96c5c6637ddff4243672d658fea4004970652882357105a9,60.14699,24.922,00000000a53ed894,9.12
13431,2019-08-04T12:41:29Z,457d11209b95b153efb57d8f2641f2db0823e91a0d608fa0555a5b69,60.14699,24.922,00000000a53ed894,7.05
13432,2019-08-04T12:41:29Z,4602ff9d03f6bf4fbb82976098cc1c73e7a7e754050401c772d1406e,60.14947,24.91438,000000004ef3150d,8.38
13433,2019-08-04T12:41:29Z,467a01a257fbaad22bd4aebafc8f284c9ad3effc429475e57c214e9d,60.14699,24.922,00000000a53ed894,9.12
13434,2019-08-04T12:41:29Z,47b8aba771bed6ec3a7d57932c44fe859bcf6300054b3acc9d885105,60.14947,24.91438,000000004ef3150d,9.92
13435,2019-08-04T12:41:29Z,47bc9ff9097f9ef5f1862e48b4a42f6a9ddd30c4ef2b6eb43291a7a5,60.14699,24.922,00000000a53ed894,9.92
13436,2019-08-04T12:41:29Z,47cde44e4ddbf6c70162fa882eee962e7c3e2a037b650294ec46568f,60.14947,24.91438,000000004ef3150d,8.38
13437,2019-08-04T12:41:29Z,48f665ebb1a71b0d84fc02bd71918c5ab5608328db534639cbd2a255,60.14947,24.91438,000000004ef3150d,5.91
13438,2019-08-04T12:41:29Z,49b87a1513c75afd4d05b1b8429f6697a2262af944de3e385700f99f,60.14951,24.92138,0000000006dd41f6,23.56
13439,2019-08-04T12:41:29Z,4a565a7be2bb822523480c6ca86154a466bf189290f87a0ef118f8b7,60.149,24.9843,00000000fffb8cf0,16.1
13440,2019-08-04T12:41:29Z,4b1050cc517631e36206d3528399c0b14748daec8c7d1b5dfa412299,60.15432,24.9211,0000000019fb59c4,17.4
13441,2019-08-04T12:41:29Z,4b85388cdaec2b4c15b546160ee326d9668a5e5d3c7b08d0c539946e,60.17919,24.95181,000000007b5207b6,6.46
13442,2019-08-04T12:41:29Z,4bf75585466f0aafa2ed2956fe4b0f7235b4ba3a0606a52219b3156c,60.14699,24.922,00000000a53ed894,6.46
13443,2019-08-04T12:41:29Z,4cadc8cc23fd84febb6a8383030a34c97b3388a8c9ed7a64cc0f51a6,60.14947,24.91438,000000004ef3150d,5.41
13444,2019-08-04T12:41:29Z,4d35f03f4cb1cd21fbb173af8af5be5e233c63882fda53232da315f0,60.14699,24.922,00000000a53ed894,23.56
13445,2019-08-04T12:41:29Z,4d4115f2971578ddc2428be944e2954c9e9a5472a818ec1805a022b2,60.149,24.9843,00000000fffb8cf0,21.87
13446,2019-08-04T12:41:29Z,4d7150fb2eb8468dc51f12b2de4a3610a7eb79c7352449ed92531f0e,60.1538,24.95595,0000000038bf9618,38.87
13447,2019-08-04T12:41:29Z,4ebdb6165c5d4892cdc21711313b98b1545bececfb886192c6f0ef22,60.16762,24.95415,000000006b44cce7,8.38
13448,2019-08-04T12:41:29Z,4efc969b8b738c051c221bf9d7829089b44cec23dd378fd86e7fb8be,60.173,24.92524,0000000096918cfa,20.28
13449,2019-08-04T12:41:29Z,4f4940c5c77737c5b8f2fbd5a1b65886ea5f6e0e4fcd50447e11ce21,60.16075,24.95883,00000000f1124bca,13.75
13450,2019-08-04T12:41:29Z,514a3981fad6c695ac4940f09374b5d1c2e84d2ca835084ef8707714,60.16075,24.95883,00000000f1124bca,5.91
13451,2019-08-04T12:41:29Z,51b3c7870a399165f0d1d14f7d21688df32b0360f9cc6f3ca61890d8,60.16829,24.94214,00000000afef4555,1.88
13452,2019-08-04T12:41:29Z,52072bd384eaaf4a6958af5510ed039d194dee47f34667bc7bccbe0e,60.14699,24.922,00000000a53ed894,12.69
13453,2019-08-04T12:41:29Z,5263c8fd413ee308494f18228802330e278acc648b425bb454951db5,60.16075,24.95883,00000000f1124bca,31.5
13454,2019-08-04T12:41:29Z,5274280f7558ea562d9ce825000efc025d2de6b91c62614cb68df2b1,60.14947,24.91438,000000004ef3150d,10.78
13455,2019-08-04T12:41:29Z,52939581c6c8dd3407dbf44ea9e90471e4bbadfb7e3740a0ba8324f3,60.14699,24.922,00000000a53ed894,12.69
13456,2019-08-04T12:41:29Z,52f0e69ca7a5cebe604c1f32308dc7f8870d1d85cd4b25ad17f706e9,60.14699,24.922,00000000a53ed894,9.92
13457,2019-08-04T12:41:29Z,54065d53a62079540c4be1e19eafa5dd581e8ec35da0c31844438e0b,60.149,24.9843,00000000fffb8cf0,25.36
13458,2019-08-04T12:41:29Z,549a82ee7c81f990b484efa7fb6ba7b52849737d2f509078dad1d67e,60.16897,24.95222,00000000aa852af1,27.28
13459,2019-08-04T12:41:29Z,5554305bad43a71cf98d83e92708c7474c1efc189392c1ea94231e9c,60.16531,24.9442,00000000fdda10fe,1.88
13460,2019-08-04T12:41:29Z,56b8eace741e5227a40ea0a64601a737648080c63d6240b0dca632c4,60.16075,24.95883,00000000f1124bca,17.4
13461,2019-08-04T12:41:29Z,570dc61d53aec66ede39dfde66339640878453afc00cd1a55c60bca7,60.16544,24.95398,0000000038d83d41,21.87
13462,2019-08-04T12:41:29Z,571934189bf349efb6f596e76c21612cf9b82ed44913090169936048,60.17065,24.93641,000000000f4919c9,18.79
13463,2019-08-04T12:41:29Z,571e65d939060a58396de22fc44d8842fc9de986824670ad765ec596,60.16762,24.95415,000000006b44cce7,13.75
13464,2019-08-04T12:41:29Z,57bb8beeec6904b9a5cfe83c4ff9a80e63157780137f03de2a4152d3,60.16762,24.95415,000000006b44cce7,9.12
13465,2019-08-04T12:41:29Z,57eef16af260870a831bd4f88018555730ec7dd21a538e3575825479,60.16829,24.94214,00000000afef4555,25.36
13466,2019-08-04T12:41:29Z,57f88614f91a133004ac1a6dea31a4090f899646a5f62ece691d87af,60.16762,24.95415,000000006b44cce7,13.75
13467,2019-08-04T12:41:29Z,583a35aa08fe45f96deb91a9f4b9317e86eddeee0d636cc11b3e2df8,60.16762,24.95415,000000006b44cce7,13.75
13468,2019-08-04T12:41:29Z,59b01cbdec8ff06fa6d50bac00c3f5f4c45132fc8a62800c08df5d6a,60.16629,24.95957,00000000fb7600be,21.87
13469,2019-08-04T12:41:29Z,5c160268bc9b4b619181ce421d9e58c258e6b59a342945fc29f0004b,60.14947,24.91438,000000004ef3150d,5.41
13470,2019-08-04T12:41:29Z,5cd5117066c75a1cb83d3896a7eba3f3472e133f0013ea7d4e95daaa,60.14699,24.922,00000000a53ed894,6.46
13471,2019-08-04T12:41:29Z,5d70086d53447ee393249cef33c7bae814c1d7c2e3055fc91b38786c,60.17919,24.95181,000000007b5207b6,18.79
13472,2019-08-04T12:41:29Z,5e53be1d47b3cceeb6ea9406c75327379c8ee8abc68da605b7758e85,60.14947,24.91438,000000004ef3150d,10.78
13473,2019-08-04T12:41:29Z,5e7916ca910b02abf2d19906759663c23db63950a353fa546f55c8af,60.14699,24.922,00000000a53ed894,10.78
13474,2019-08-04T12:41:29Z,5ea49ba4de68e03664ec3a87f5de32434d7136b4f8323f022ff9df5b,60.16829,24.94214,00000000afef4555,9.12
13475,2019-08-04T12:41:29Z,60d9b71ec38b796bf876dedfaf3112b49ff79677480c7603902857ae,60.14947,24.91438,000000004ef3150d,23.56
13476,2019-08-04T12:41:29Z,614ab7fba7255f6bf6f888e9a04d589962f756b3f427e658f10014f2,60.16075,24.95883,00000000f1124bca,7.69
13477,2019-08-04T12:41:29Z,62a6fe2d9b3b5b4533c51253f8842428bd797b3c6a95a7816ec472ed,60.14947,24.91438,000000004ef3150d,6.46
13478,2019-08-04T12:41:29Z,63d99db5b2b7360c501446ea5e89feba9bd1c6735a7670039916f2ad,60.1538,24.95595,0000000038bf9618,23.56
13479,2019-08-04T12:41:29Z,63defb71d4c3856253a0a2d67a5c370b91ad0527703b334a63fe5344,60.14947,24.91438,000000004ef3150d,4.94
13480,2019-08-04T12:41:29Z,64394b1287e19738900f57d5c7483e02866e40bc8241fc6f6fbecbcb,60.16762,24.95415,000000006b44cce7,3.09
13481,2019-08-04T12:41:29Z,643ef3f01a51bea3c4510d4060a945cd510e5189236d68f5c9489034,60.16829,24.94214,00000000afef4555,1.12
13482,2019-08-04T12:41:29Z,64638a9f9e6c9b32fc4b484b55e4934fcab6cb04605cc76d5f5534b7,60.17065,24.93641,000000000f4919c9,10.78
13483,2019-08-04T12:41:29Z,64d86288e491374eed34c68c82763c2e5dbc87113cf5ca44f23233ba,60.16829,24.94214,00000000afef4555,25.36
13484,2019-08-04T12:41:29Z,64e34af775b57908b23056a31d60ef3b005941f2e7c3db0c49df675d,60.17065,24.93641,000000000f4919c9,4.94
13485,2019-08-04T12:41:29Z,6516a10850095847a8156717b0fba05a9bdc9b5bfedd691ddb07f119,60.14699,24.922,00000000a53ed894,11.7
13486,2019-08-04T12:41:29Z,6525cc634176c25187e68e0d067bcfecfd78e399e93db4ee9d408b7e,60.17919,24.95181,000000007b5207b6,25.36
13487,2019-08-04T12:41:29Z,655204cb507ea9ae811105cdcd766161facaa9f729017a333f102391,60.149,24.9843,00000000fffb8cf0,12.69
13488,2019-08-04T12:41:29Z,6723bebaab92d1a9f8b4318fd4f497a6dec6d7f8e0eafca443925213,60.16075,24.95883,00000000f1124bca,10.78
13489,2019-08-04T12:41:29Z,67591d427f60ba3c369ac0d78088fca7be33081501508d16401dd6cb,60.16762,24.95415,000000006b44cce7,2.54
13490,2019-08-04T12:41:29Z,675eacdf32b5b831fd118fc5539eea4b3cef4bd11e2e1706a9571222,60.16829,24.94214,00000000afef4555,12.69
13491,2019-08-04T12:41:29Z,6774ed72eaf69d7c4aaeeef90990f969954155bbcc52652e75e7deef,60.16829,24.94214,00000000afef4555,5.91
13492,2019-08-04T12:41:29Z,677c53ae4056d6cb123ca576ba5284664b1c7e3e88818bd19b5dd99a,60.17919,24.95181,000000007b5207b6,17.4
13493,2019-08-04T12:41:29Z,6875e3632a29207e29ded33617e66d55de5d8c7804fecedd6f1dfe12,60.14699,24.922,00000000a53ed894,4.94
13494,2019-08-04T12:41:29Z,69375ef968867906fc11b34d1e2c4b436d452cd47cb577a7f9e566ef,60.16762,24.95415,000000006b44cce7,3.74
13495,2019-08-04T12:41:29Z,698b200b63a644828a7314691a16af2af1bccef75d52abb5591a5542,60.14699,24.922,00000000a53ed894,4.94
13496,2019-08-04T12:41:29Z,6b0a82291c959c69fdc5d4aa8e51e7db895cb2b8ff403b6d988a8b7d,60.16829,24.94214,00000000afef4555,25.36
13497,2019-08-04T12:41:29Z,6b6668d7ebecfb96a6ed3ca19e97f8da150943ddf1d034675d08a9b8,60.14699,24.922,00000000a53ed894,18.79
13498,2019-08-04T12:41:29Z,6b97071051ccf5db7e5ebee033d4f68d58ed6917ff2fac5b205a6605,60.17065,24.93641,000000000f4919c9,13.75
13499,2019-08-04T12:41:29Z,6c7e018abdf8462af7c7b003bc30f915184f7082e9e865a2c502eed5,60.14699,24.922,00000000a53ed894,12.69
13500,2019-08-04T12:41:29Z,6f3dd17e40daabb4efe868f1b859dc00ecc01846f0a0e2b8db5d1413,60.17919,24.95181,000000007b5207b6,8.38
13501,2019-08-04T12:41:29Z,6f8d7717df843a7b0be6b0dd55e933ebbd9819bd96c48f210e193e4e,60.16829,24.94214,00000000afef4555,21.87
13502,2019-08-04T12:41:29Z,6ff93560ca77c6e5a25bc7441cf33cf7fa0138b3da4d99b2dbf5531b,60.14947,24.91438,000000004ef3150d,20.28
13503,2019-08-04T12:41:29Z,71479e7c1c4fd96468f16800ff04484480c76e0953d2074500b0df31,60.17919,24.95181,000000007b5207b6,16.1
13504,2019-08-04T12:41:29Z,7176e4b517010283d61468978a67a0e6d800f7b66219728174074b97,60.14947,24.91438,000000004ef3150d,25.36
13505,2019-08-04T12:41:29Z,72231bca658d3a16f3bf9c26ba5f13393b8377e4ab0b9ed3de6c811f,60.14699,24.922,00000000a53ed894,11.7
13506,2019-08-04T12:41:29Z,733f21ebebe353e10a55a74b40a0a480e6d276334d4f3d8bcf85b711,60.16075,24.95883,00000000f1124bca,27.28
13507,2019-08-04T12:41:29Z,738ce77abafd1ca6f80e6f28e84d1b1886db4cfda3be6ffcdf52c1b1,60.14699,24.922,00000000a53ed894,13.75
13508,2019-08-04T12:41:29Z,745e52dafbfa395ea41c5fcd0c2717b9091e44d19ab89e03991fdbb7,60.16762,24.95415,000000006b44cce7,8.38
13509,2019-08-04T12:41:29Z,7664b7f08aaa059ecf6646a595c33fae0c80715febe63e31f45a4662,60.16762,24.95415,000000006b44cce7,7.69
13510,2019-08-04T12:41:29Z,777cceac7be6303a1c82f7cc68061528b01e3aa1b3aa6481cad9e5e3,60.16075,24.95883,00000000f1124bca,9.12
13511,2019-08-04T12:41:29Z,79bde23c1a8980f93a65e14306f0d8ea89e164430d8b991e2bfee82e,60.16531,24.9442,00000000fdda10fe,18.79
13512,2019-08-04T12:41:29Z,79d26f15a82c94ac5d05e0f2b6a6beeae1f407972ec39665d7ab9535,60.16829,24.94214,00000000afef4555,13.75
13513,2019-08-04T12:41:29Z,7a0c0b525f2d3eed6c873bd3b8d27bede551fe4a428ac15c23deadae,60.16075,24.95883,00000000f1124bca,12.69
13514,2019-08-04T12:41:29Z,7a4a06d20ebe57d94e5fceeaf47d5b56ad9a515818e9c20e21a80e61,60.16629,24.95957,00000000fb7600be,12.69
13515,2019-08-04T12:41:29Z,7ab335e046f7f3597f8f615a90857885e35cfecefebd5d24bbf0af90,60.16075,24.95883,00000000f1124bca,6.46
13516,2019-08-04T12:41:29Z,7ad93fed82e41ea4422fa101badc698b0328c3ebf0f6b73c5164d438,60.16897,24.95222,00000000aa852af1,9.92
13517,2019-08-04T12:41:29Z,7b1c2b4a083f1544ffd4b5e2e87ab8a58a7bb64abb0f8ce3e53b2ed2,60.14699,24.922,00000000a53ed894,18.79
13518,2019-08-04T12:41:29Z,7b61dc50070867948abbe5275032ae82e7643ca4158a809fe41a8b69,60.14699,24.922,00000000a53ed894,20.28
13519,2019-08-04T12:41:29Z,7be762f58d54665c5e6668eb2fb3eae7201522ddff196bbc5eb731f0,60.14947,24.91438,000000004ef3150d,18.79
13520,2019-08-04T12:41:29Z,7c9213d7d9786431a8781a665fa1b7091507aa244d28b85d07a1399a,60.17065,24.93641,000000000f4919c9,27.28
13521,2019-08-04T12:41:29Z,7d85ddf11c6bc0fefabdb00f6e37abd4f4f62ced6ce2f2031b44795e,60.17002,24.94407,000000006b087f40,29.32
13522,2019-08-04T12:41:29Z,7e76449e59f1e3a1a615b54408115353fbb14d815390d03a73b1a7bb,60.14947,24.91438,000000004ef3150d,14.89
13523,2019-08-04T12:41:29Z,7ee87b87cf01698f643e1ba3117b245039edc811605df5dc802e7576,60.14947,24.91438,000000004ef3150d,14.89
13524,2019-08-04T12:41:29Z,7f2f97e26d55f653ed70260ea4f893d01a3984cbdf6d7a3bfb2641de,60.16829,24.94214,00000000afef4555,5.91
13525,2019-08-04T12:41:29Z,7f3c9dd2c7352cb81fb186a7d700841d2bcb47cd8ea0d5f8719b5908,60.16762,24.95415,000000006b44cce7,10.78
13526,2019-08-04T12:41:29Z,7f786ec8e06f1ca3bdd10fc60d0114baf354125b8f6cf796d197f4cc,60.16075,24.95883,00000000f1124bca,4.94
13527,2019-08-04T12:41:29Z,80cbcb887f3e351e3bef7c5f53dccc578cc3494feec514aed7015c0d,60.16075,24.95883,00000000f1124bca,2.8
13528,2019-08-04T12:41:29Z,82411c6526228322a61f59259f13adf7cde62bd767587b6735867705,60.17919,24.95181,000000007b5207b6,6.46
13529,2019-08-04T12:41:29Z,83121a75723643c48e3c3b0a3ea5fccb532046432ca445833e8de06a,60.16762,24.95415,000000006b44cce7,2.08
13530,2019-08-04T12:41:29Z,848fdb054358a3fca79c0246f01263c92b5b48aee6b9fb6e260d7a0b,60.16829,24.94214,00000000afef4555,12.69
13531,2019-08-04T12:41:29Z,849a662d95d4185421aff7c6213ba5d7b84cfc58c9fb30ff34054e4c,60.16075,24.95883,00000000f1124bca,14.89
13532,2019-08-04T12:41:29Z,85d66944a64cfde859e7e08ca4b79f3b39d5b03141d500fe7ce73f7e,60.14699,24.922,00000000a53ed894,9.12
13533,2019-08-04T12:41:29Z,85d67c3be46ecb66832dfd9090a931e1be3dd056f718ea6786622131,60.16897,24.95222,00000000aa852af1,18.79
13534,2019-08-04T12:41:29Z,868cd7608ed6beb209db2aad8c71f56b8aec3a6b453be18e4af217a2,60.17065,24.93641,000000000f4919c9,21.87
13535,2019-08-04T12:41:29Z,87bb1abe21abfcb5e5c2039e579cff7ca863a6019207db356de5b7c2,60.14699,24.922,00000000a53ed894,10.78
13536,2019-08-04T12:41:29Z,885bcc6af7d0aa9718fe1030e32ffff1de5171ae5ef67cf0011874fb,60.14947,24.91438,000000004ef3150d,5.91
13537,2019-08-04T12:41:29Z,8947a5209f3b32173d3dc72792039edf94a2711741ab041b62b30643,60.16762,24.95415,000000006b44cce7,3.74
13538,2019-08-04T12:41:29Z,896f7e896dc6f1ea44b82bf968a988cc10c358ee34821d9d7a4bd07a,60.14947,24.91438,000000004ef3150d,5.41
13539,2019-08-04T12:41:29Z,8a08b2de43a9ef03cf96610718c908e69dcacc59f536a7135b7bb542,60.16629,24.95957,00000000fb7600be,17.4
13540,2019-08-04T12:41:29Z,8a9eedc7cf775ab4e9ad2e20bdcbcbe1635808b418eedcdcceda7834,60.16762,24.95415,000000006b44cce7,10.78
13541,2019-08-04T12:41:29Z,8ba6cfc17ca70e8304994e018ebd5eb2003177062cde05925d5cacb3,60.173,24.92524,0000000096918cfa,18.79
13542,2019-08-04T12:41:29Z,8bbf5422247a0a6be314130d8fd9ae1814401b75acf3b3ce2da9620c,60.14699,24.922,00000000a53ed894,8.38
13543,2019-08-04T12:41:29Z,8d1d0326bb359113b842bb215f8eec864280c2a8d5edf0e4d6371841,60.14699,24.922,00000000a53ed894,16.1
13544,2019-08-04T12:41:29Z,8d528b00553162a9dd47d2296d15b2fad89aad6a508424d4589618a1,60.14947,24.91438,000000004ef3150d,20.28
13545,2019-08-04T12:41:29Z,8d5672c651968bf1f466b44baefa37f9438850e96140d126f6a99baf,60.16897,24.95222,00000000aa852af1,13.75
13546,2019-08-04T12:41:29Z,8d8a869e83fe2ac29e791666634a33af3ea4048ea4e752b6fb1e238c,60.14947,24.91438,000000004ef3150d,5.41
13547,2019-08-04T12:41:29Z,8dcf139eb279bcc2696420ba9da858e361600ff02cd29587f66660ec,60.16897,24.95222,00000000aa852af1,18.79
13548,2019-08-04T12:41:29Z,920dc90f60b295267f63efc8f968408087b71878dc3f49f0ded1c41e,60.17919,24.95181,000000007b5207b6,23.56
13549,2019-08-04T12:41:29Z,926717d61529080dfc4c7f8cdcdc82c6490d2a5129474524b8c40ea4,60.16829,24.94214,00000000afef4555,11.7
13550,2019-08-04T12:41:29Z,93a2100e233b204243f7e69b68dea7c9a145d1b5384bd18359bf87a3,60.16531,24.9442,00000000fdda10fe,2.54
13551,2019-08-04T12:41:29Z,93e409819362e2429a43710ff4330bd3ed83011b73ae438dd7fb62d8,60.16762,24.95415,000000006b44cce7,7.05
13552,2019-08-04T12:41:29Z,9575ef1c44f26f0301d726029c8b1c28011a4724496943451bee6544,60.14947,24.91438,000000004ef3150d,13.75
13553,2019-08-04T12:41:29Z,958ab5fd2d2c7f0c3fe6dc14fe27005fcf35b013db75f708c22a3619,60.16762,24.95415,000000006b44cce7,16.1
13554,2019-08-04T12:41:29Z,9604244c18efd5978b809f021651f7743e0e64da38fcf3718f9b4f93,60.14699,24.922,00000000a53ed894,9.12
13555,2019-08-04T12:41:29Z,97264f5808fa13851dacabf0c98525eec29849ff4b6a744cc777fd5b,60.16075,24.95883,00000000f1124bca,8.38
13556,2019-08-04T12:41:29Z,9736a8a29aee134a307e0cd4221e9b0a2ab7c48befee43fc62e9f9bd,60.14699,24.922,00000000a53ed894,9.92
13557,2019-08-04T12:41:29Z,98162c76493f6310ae46e45562327ad94182de391f9651985aae487d,60.16762,24.95415,000000006b44cce7,12.69
13558,2019-08-04T12:41:29Z,9862cafd709b75d07c83b397773e0cf33564666cb81814bdbf5e54f2,60.16897,24.95222,00000000aa852af1,9.92
13559,2019-08-04T12:41:29Z,9868033d7f0d18f01d12a4034f37bf5d6e51e5ed9124c68d4b8b8e6c,60.14947,24.91438,000000004ef3150d,17.4
13560,2019-08-04T12:41:29Z,98bb3b6f5e2403b14b8e01616c07b03bb1fd153ded656033d7bd3533,60.16075,24.95883,00000000f1124bca,21.87
13561,2019-08-04T12:41:29Z,992f6feda52c82ad67e40af55b5602bb22411020701998c6bd65faed,60.16762,24.95415,000000006b44cce7,6.46
13562,2019-08-04T12:41:29Z,99334da99912e6d4b516e02432e7f88db5a5b87f635722bc3a8b38a6,60.14699,24.922,00000000a53ed894,17.4
13563,2019-08-04T12:41:29Z,994b630283c750a0b697359e32c4bd06d5b4a32d2edb6c12cce42b32,60.16829,24.94214,00000000afef4555,14.89
13564,2019-08-04T12:41:29Z,99753600aa90a43c336153dd03985a2996b7bc6052086f503020518c,60.14699,24.922,00000000a53ed894,11.7
13565,2019-08-04T12:41:29Z,9a9db814dfa74ca2c2d51496299715310e81c6e6525cc9d2cb0762eb,60.16897,24.95222,00000000aa852af1,16.1
13566,2019-08-04T12:41:29Z,9b03b610755f4cec2e9d83a9763204e758a075614b125210bc914df5,60.16075,24.95883,00000000f1124bca,18.79
13567,2019-08-04T12:41:29Z,9ba6f9fb8bb950d16224b4182d3c3d8349a0f50619be329c165417e0,60.14947,24.91438,000000004ef3150d,17.4
13568,2019-08-04T12:41:29Z,9bad872c31c8c5e53f064b5367350b41271d45ca8a9e508136622800,60.16897,24.95222,00000000aa852af1,18.79
13569,2019-08-04T12:41:29Z,9bf4a5d763fa921335be6c141a0c9fd769fcb2f4c5b40b85a1c99c71,60.14699,24.922,00000000a53ed894,18.79
13570,2019-08-04T12:41:29Z,9e3d4a4b1acd94d2896cd7cf56419110f06ea96faae37aadebd4ec77,60.14947,24.91438,000000004ef3150d,10.78
13571,2019-08-04T12:41:29Z,9fc52a61eabf679cf9cdee2c33023c321c69afc87ed71f5a6d6655b7,60.14699,24.922,00000000a53ed894,17.4
13572,2019-08-04T12:41:29Z,9ff13c715073d5ad9c464cb67b6de3f703435cf389c32cce5626dfe1,60.149,24.9843,00000000fffb8cf0,14.89
13573,2019-08-04T12:41:29Z,a22736c5d66f417bc6b745f51492549dc2e5a3c766f5e7e23f183b41,60.14947,24.91438,000000004ef3150d,9.92
13574,2019-08-04T12:41:29Z,a38a21a97a054541f0423f03758c70227116c05254958373e3e93ad0,60.14947,24.91438,000000004ef3150d,2.54
13575,2019-08-04T12:41:29Z,a3d228482bfdd3dbdfaee1ff72b6ac00c2ee8c05e949047ce9117783,60.14699,24.922,00000000a53ed894,16.1
13576,2019-08-04T12:41:29Z,a422a30ec1eb058c7930e1352297c161639faa5b3ca5f5fa47c4adb3,60.14947,24.91438,000000004ef3150d,10.78
13577,2019-08-04T12:41:29Z,a4f416ec0941bb365e3665d7fd224fad15d74225e8ce9f6dd6368bc7,60.17065,24.93641,000000000f4919c9,13.75
13578,2019-08-04T12:41:29Z,a6158fc663b4931ef4e811a4acf62ab2f658241775e200b14684f87d,60.16897,24.95222,00000000aa852af1,17.4
13579,2019-08-04T12:41:29Z,a6f944078dd26796f5a849ccb6fdf8a4436f913cf3302597c846462d,60.16762,24.95415,000000006b44cce7,10.78
13580,2019-08-04T12:41:29Z,a7472d1b63171c047444981df223670390009e3ea502132d9963e9fb,60.14947,24.91438,000000004ef3150d,5.41
13581,2019-08-04T12:41:29Z,a794d97e26d3678bb11b4364880414bb7bfac4bb49d1867b37b489f7,60.14947,24.91438,000000004ef3150d,5.41
13582,2019-08-04T12:41:29Z,a8df2631c2442628608c1f0352c896eb532a6ca08c85de2c77360aa8,60.14947,24.91438,000000004ef3150d,4.5
13583,2019-08-04T12:41:29Z,a9383e1c3d9b3355965662ff18ad95dfb64daa5d8e71fc20e7e50df7,60.14699,24.922,00000000a53ed894,16.1
13584,2019-08-04T12:41:29Z,a96e9a3805def174e6ededa93b88ce312739d9d68941dffdeca03e9f,60.16762,24.95415,000000006b44cce7,4.11
13585,2019-08-04T12:41:29Z,aa076c3f0d09145aebbb750dde9849ba4eb6759e92ba5753280184d6,60.16762,24.95415,000000006b44cce7,8.38
13586,2019-08-04T12:41:29Z,aa5773b59ce2bf1eee53e4e77cd3c261465d2ea538c9a85b8de30cd8,60.14947,24.91438,000000004ef3150d,12.69
13587,2019-08-04T12:41:29Z,acdcc8ae1d1c6bb055dfc108154eae58b4b894f0ce1ff174c1065c7e,60.16762,24.95415,000000006b44cce7,1.38
13588,2019-08-04T12:41:29Z,ad8af809ed47a3391bb53d11da159b3a8b0ddc264d94c049ce72bda0,60.17065,24.93641,000000000f4919c9,0.23
13589,2019-08-04T12:41:29Z,ae828cc3f1fa739d818186776cff673c88a05d0f3dedfb4a765a54fd,60.16829,24.94214,00000000afef4555,12.69
13590,2019-08-04T12:41:29Z,ae87b8dd8920695bc9e599874667205991c04e30666d8523f0be4350,60.14947,24.91438,000000004ef3150d,8.38
13591,2019-08-04T12:41:29Z,aebba42e4dd1ce769871996739978c7f80bb88994a3616c908b2cd1a,60.173,24.92524,0000000096918cfa,18.79
13592,2019-08-04T12:41:29Z,aec4b11f0b1ec075878ca4a3b94da464f6fc96e330b913d5bfd346b0,60.16897,24.95222,00000000aa852af1,9.92
13593,2019-08-04T12:41:29Z,af64ca430076b1e91eeb89134e0e026479928845cbe1943bc56104c2,60.14947,24.91438,000000004ef3150d,13.75
13594,2019-08-04T12:41:29Z,b12b27061f30d5659794f14cbed5e4726c5af1ef526611d3b2dded29,60.14947,24.91438,000000004ef3150d,8.38
13595,2019-08-04T12:41:29Z,b26a9be85f5fd17ea58397762fa55db3c8f68fb709d586d61527c892,60.16829,24.94214,00000000afef4555,4.5
13596,2019-08-04T12:41:29Z,b27b090bd1bd9828dcb6ddbd0a1394e4aa097974747dff90ba0eff71,60.16897,24.95222,00000000aa852af1,18.79
13597,2019-08-04T12:41:29Z,b2a01c2a06c3cf1a48333e58e787d9eaf2f975a738c02878220d7774,60.16829,24.94214,00000000afef4555,8.38
13598,2019-08-04T12:41:29Z,b3d99c04e3db6b698e6e54f19434461336954d0c15385bff6e557be8,60.173,24.92524,0000000096918cfa,18.79
13599,2019-08-04T12:41:29Z,b41cc64d7ab4e16a03573bdc3b5863c4b402ec66c7780c7900c02877,60.16829,24.94214,00000000afef4555,29.32
13600,2019-08-04T12:41:29Z,b523d3f8341906e4b3877ff7d9614b4e10d6bbf10afdcc6c53656c8f,60.17065,24.93641,000000000f4919c9,21.87
13601,2019-08-04T12:41:29Z,b5e3abaccf4a03480985d25eb9fbf454c87f7ad06c38c8bdeb0819fa,60.14699,24.922,00000000a53ed894,20.28
13602,2019-08-04T12:41:29Z,b7039958be9f53a3eaed97f705a1974815f52f25226e920155397bec,60.16075,24.95883,00000000f1124bca,16.1
13603,2019-08-04T12:41:29Z,b874348f78678c08b0a30b3baaa93532cbbf474afb71fb1de1d86978,60.17002,24.94407,000000006b087f40,25.36
13604,2019-08-04T12:41:29Z,ba9825bb3cfae6aeb29833f0a11189802065c73f8e541b2bcb5b572f,60.14699,24.922,00000000a53ed894,21.87
13605,2019-08-04T12:41:29Z,bb0193f2b0ac4801fe82ed5cec75e687465d707d92e731047f81650f,60.1538,24.95595,0000000038bf9618,4.94
13606,2019-08-04T12:41:29Z,bbe1e18f88cf88928067a0221965768c1f2ae264291cea564d7eb7e8,60.16897,24.95222,00000000aa852af1,9.92
13607,2019-08-04T12:41:29Z,bbe7947ea50de5986f237ccab5782ddb55c199ad6a81e8f692670d0c,60.16829,24.94214,00000000afef4555,8.38
13608,2019-08-04T12:41:29Z,bbf8cd606b9732370f1c0ae0e68d6d0663a23102d831dd10c0e74819,60.16897,24.95222,00000000aa852af1,9.92
13609,2019-08-04T12:41:29Z,bc07df8cc395f6f4f5d483b2233caca5f93a6918f346e4cc3702f8cc,60.16531,24.9442,00000000fdda10fe,9.92
13610,2019-08-04T12:41:29Z,bd33b7ad8d89c8c1958de09b4900b5ebc62ed61b9decf094268b04d0,60.16762,24.95415,000000006b44cce7,14.89
13611,2019-08-04T12:41:29Z,bddca8fc17056f9f207a259070e281eedf4cea3e8e22093b88bbd7b5,60.14699,24.922,00000000a53ed894,9.12
13612,2019-08-04T12:41:29Z,bdff3780e8c8abfdca39eab1fa9d3bfc75b96e015b7c6ea951de3215,60.14699,24.922,00000000a53ed894,16.1
13613,2019-08-04T12:41:29Z,be21a77f983baae8e0ba646eda0988a618149dcc7ef4c303c35d5377,60.14947,24.91438,000000004ef3150d,13.75
13614,2019-08-04T12:41:29Z,bebf1edb9736fe66391376c4cf2a3033ab9fa83ae21f86b66392e2d0,60.16762,24.95415,000000006b44cce7,8.38
13615,2019-08-04T12:41:29Z,bf992d3cd95a73f02d7223eaffe90a94e3e1e98a8c6759bab631b5b0,60.14947,24.91438,000000004ef3150d,5.41
13616,2019-08-04T12:41:29Z,c0722f63618f97eb8ec4afac1a8538b81a3c87e623d753ad1201bf7c,60.16075,24.95883,00000000f1124bca,4.11
13617,2019-08-04T12:41:29Z,c0a0ca3433586ed2ae0e448f2406fabac7292ac79d49562e0bd5cef8,60.16762,24.95415,000000006b44cce7,16.1
13618,2019-08-04T12:41:29Z,c1e4323d2276cb6e358f5fabb123294e7a0ef87e7169f3cccc8f2e03,60.16075,24.95883,00000000f1124bca,20.28
13619,2019-08-04T12:41:29Z,c261834e6d2c1bd9adddb82d8c6ce2d8aad82a89e32da62f3fcc6063,60.16075,24.95883,00000000f1124bca,17.4
13620,2019-08-04T12:41:29Z,c36d58ed0e0dddb3e26be1214e369db1c3fa3d4bcf8b53536a25239b,60.17065,24.93641,000000000f4919c9,3.74
13621,2019-08-04T12:41:29Z,c3be6dcc2c0542676c20d28ce38adbe2c0b9be09caa3f22e60210636,60.16075,24.95883,00000000f1124bca,5.41
13622,2019-08-04T12:41:29Z,c493415e869d6e6304841784a120f994272b83557256b43e44e4f3e0,60.14699,24.922,00000000a53ed894,17.4
13623,2019-08-04T12:41:29Z,c4dfae0a1b1bd27741275e8f26148b119bf7225960b4275e488612b9,60.14699,24.922,00000000a53ed894,14.89
13624,2019-08-04T12:41:29Z,c593e91b10da944a20d25c4237bda2fae759d288cea38bcaaee3abfa,60.16448,24.97323,0000000053c6c2be,21.87
13625,2019-08-04T12:41:29Z,c633a260ce59bad4e1ca42f12936ed8ae57a40f5e6528dfb70052c43,60.16897,24.95222,00000000aa852af1,9.92
13626,2019-08-04T12:41:29Z,c728eaa7734efeabe7f33c782081caa960fcced68160e285ee477916,60.14699,24.922,00000000a53ed894,10.78
13627,2019-08-04T12:41:29Z,c7e2cfbb859ebc5dc1cba099bf270004843a57cc2aa134bab49a4f8e,60.14699,24.922,00000000a53ed894,17.4
13628,2019-08-04T12:41:29Z,c905a50dedd9b3d2114cde9160b7adf83adc09683b65598ce24c4047,60.1538,24.95595,0000000038bf9618,16.1
13629,2019-08-04T12:41:29Z,cad80f69731ad65f7f14bf400d674e0c42de462bd42db112c9d9f261,60.16075,24.95883,00000000f1124bca,21.87
13630,2019-08-04T12:41:29Z,cbc336691f17a9c508549e03d522166247a0cd0a944321c1a7d15525,60.14699,24.922,00000000a53ed894,6.46
13631,2019-08-04T12:41:29Z,cc2cf42c6b14536fb92c810ff0e3dd5a3caa74236f14246a5b6e8cdc,60.16762,24.95415,000000006b44cce7,6.46
13632,2019-08-04T12:41:29Z,cc3ab8b82d60cbeb3ccd635efb6cd12d127645ab3d03b73bcfec7455,60.16762,24.95415,000000006b44cce7,13.75
13633,2019-08-04T12:41:29Z,cce519499646f89fa1cbd7a6bb694401fa6c081e9ced8642718b392f,60.16762,24.95415,000000006b44cce7,16.1
13634,2019-08-04T12:41:29Z,cce6b6f309e43e2bb1be6a9784582a82891e976d0869d01040586d27,60.14947,24.91438,000000004ef3150d,3.4
13635,2019-08-04T12:41:29Z,cd3e127e27387b6e06cdf27f46fb6046e4182e4d7b49b49c17167c1c,60.14947,24.91438,000000004ef3150d,11.7
13636,2019-08-04T12:41:29Z,cd47b9ac851ce6b21df7b8e918554b0cb1a12d03da7e0aaf14e19314,60.14947,24.91438,000000004ef3150d,18.79
13637,2019-08-04T12:41:29Z,cd4ecd3b83630f6e5d65f635804e47a1ceb82853aac36af30044f06a,60.149,24.9843,00000000fffb8cf0,25.36
13638,2019-08-04T12:41:29Z,cd901ded7514f5e8fc37836bfa35de20ea300787dad0cfbe458626e1,60.16762,24.95415,000000006b44cce7,14.89
13639,2019-08-04T12:41:29Z,cd9b2be9ffb37c8b7c5c25f587c95b1c7932a21fb245487ea2f740d9,60.14699,24.922,00000000a53ed894,7.69
13640,2019-08-04T12:41:29Z,ceb777dafa9b7e39125b89735b7f0cf22c3018eb0196043ac8160370,60.14699,24.922,00000000a53ed894,12.69
13641,2019-08-04T12:41:29Z,ced0425d382ce86b7565a8b7b36a453a0880a08ba10090524e6c1ac5,60.14699,24.922,00000000a53ed894,17.4
13642,2019-08-04T12:41:29Z,cf348d1ad8b56dd43f377926c2a3f3a9436d35fc378964335639effa,60.16829,24.94214,00000000afef4555,25.36
13643,2019-08-04T12:41:29Z,cfa42322be0000cf89d8969d1b88ace0ba99cab721dd58d55d41a36e,60.17065,24.93641,000000000f4919c9,14.89
13644,2019-08-04T12:41:29Z,cfc2a688ff31fbb1baac8790fb6d56dc7746ba2cf9e0e5f39d4751a4,60.14699,24.922,00000000a53ed894,12.69
13645,2019-08-04T12:41:29Z,d03671e2aa8386fb28a425b20505ceed966063990d65611e2dfda4f2,60.16075,24.95883,00000000f1124bca,23.56
13646,2019-08-04T12:41:29Z,d0413da80c7714f40ffe50dcfb00039280c64ecebc61c59df72965e6,60.149,24.9843,00000000fffb8cf0,12.69
13647,2019-08-04T12:41:29Z,d098b9b5b30c5fcd4ae8a2b8bc761df72829713d3ae919634876d349,60.14699,24.922,00000000a53ed894,10.78
13648,2019-08-04T12:41:29Z,d0cab2a2660dcc5cb99a9bdf39d2e6b31b7498985db1b50e48cb478d,60.18203,24.91341,00000000342570c2,25.36
13649,2019-08-04T12:41:29Z,d1e3b42846da964eb43395a0c02d5cccd930d1a09090f9d668f1ebd9,60.16829,24.94214,00000000afef4555,23.56
13650,2019-08-04T12:41:29Z,d2b1a7ead9aff41a8cb3fff6b7f4ee84a780b52aae2f3838b83447fc,60.16829,24.94214,00000000afef4555,18.79
13651,2019-08-04T12:41:29Z,d3486259a51296194d20e84e88ba4588e37cf48661effba832c33ab0,60.16762,24.95415,000000006b44cce7,13.75
13652,2019-08-04T12:41:29Z,d388a2c86cc65945e59a07273222ff57fc3585d4756b5c498dd443ac,60.16897,24.95222,00000000aa852af1,12.69
13653,2019-08-04T12:41:29Z,d38e88e5b926f9d1de6e326cca45116fcca11f10684c80876739c6cd,60.16075,24.95883,00000000f1124bca,7.69
13654,2019-08-04T12:41:29Z,d3c0cff604283ea6adeabb4f867f3fcaf8ee41fd27fc600d33c4d70d,60.16075,24.95883,00000000f1124bca,31.5
13655,2019-08-04T12:41:29Z,d64eda229ebb6012e59bc89eacb74918e404ce52f16b491f3d48e800,60.16897,24.95222,00000000aa852af1,12.69
13656,2019-08-04T12:41:29Z,d75c412090c347ad7fca9287bcc4eb9bfb757dc7c1725109861dd93e,60.16629,24.95957,00000000fb7600be,12.69
13657,2019-08-04T12:41:29Z,d87210146aab139cc6640a20b428dce6ac516806a71a177b70e04f62,60.17065,24.93641,000000000f4919c9,9.92
13658,2019-08-04T12:41:29Z,d8983a8fe916583702bb776d3d8d3cbbe9e78778fd44d07c52ad1f2d,60.14699,24.922,00000000a53ed894,14.89
13659,2019-08-04T12:41:29Z,d9e1972e6cb517827f9c355e591924449d0bbdc9bb0f5bc1f8d4f29a,60.16629,24.95957,00000000fb7600be,12.69
13660,2019-08-04T12:41:29Z,da0c40291d3ace2273a08e3c9b87cbc15b0f03d0dba61e7c5a88dc0c,60.15432,24.9211,0000000019fb59c4,18.79
13661,2019-08-04T12:41:29Z,daac051ca20430238282e179e0fe525b11ff1e8f1ace26d45b41f331,60.14947,24.91438,000000004ef3150d,4.94
13662,2019-08-04T12:41:29Z,dc15145376f4a497910c8d2231d671bf62f1918ad93938a48fdc3eb4,60.149,24.9843,00000000fffb8cf0,27.28
13663,2019-08-04T12:41:29Z,dd1278c656b83508f32f0334118ac984d95164034946b33271fd7f25,60.16544,24.95398,0000000038d83d41,20.28
13664,2019-08-04T12:41:29Z,ddc8410b9e4ece4b995b789f95e526693bac176ed77092ba57355dc8,60.16762,24.95415,000000006b44cce7,10.78
13665,2019-08-04T12:41:29Z,ddd849ee86afceedd5f5582ede84380d5596c9ea304d634ab0fd0de0,60.16829,24.94214,00000000afef4555,11.7
13666,2019-08-04T12:41:29Z,de09fd8d15c3d7adbf440a3d0a418a3b476513c968bda8a4aa652adf,60.173,24.92524,0000000096918cfa,20.28
13667,2019-08-04T12:41:29Z,de0d086ae32f87522eab31d3bc52545ed17b065889674963c0709568,60.16829,24.94214,00000000afef4555,10.78
13668,2019-08-04T12:41:29Z,de84f754a3916c8f831b0bb8ea41fc2a42cdea2794558fece3c7ae97,60.1538,24.95595,0000000038bf9618,27.28
13669,2019-08-04T12:41:29Z,e02c0f9f72e9f248a4b5df8af328e1a0132d4d8a72c1e603d14cdacd,60.18203,24.91341,00000000342570c2,16.1
13670,2019-08-04T12:41:29Z,e0df847c19b463dec6cea35494d375ce136a276c6a785936c931f60f,60.18203,24.91341,00000000342570c2,31.5
13671,2019-08-04T12:41:29Z,e0ff1e75104c5dfa3549647c238569888e353e1322256a5c6979de0b,60.14699,24.922,00000000a53ed894,12.69
13672,2019-08-04T12:41:29Z,e146a005895fb34bd6ba171e992a110e3768e607872add67faa900fa,60.16762,24.95415,000000006b44cce7,12.69
13673,2019-08-04T12:41:29Z,e1a443e10353da64728464e8a720aaf22a62b80d404f1acae1a1c6ee,60.1538,24.95595,0000000038bf9618,23.56
13674,2019-08-04T12:41:29Z,e23a6115ba872037f9b5066c9c9c966b497f449e32a2c9ceb0e55497,60.16829,24.94214,00000000afef4555,9.92
13675,2019-08-04T12:41:29Z,e341e5e3e0b4fef8c3764508293310da5922b202d791694e43069ad1,60.16544,24.95398,0000000038d83d41,13.75
13676,2019-08-04T12:41:29Z,e34bcebfa007159f3d2adb0e62e20fcf721a221f52bdfe2a6ad77831,60.18203,24.91341,00000000342570c2,21.87
13677,2019-08-04T12:41:29Z,e35717ff07f32be5a2e1520f1855533f8dcc72cff7930c9cba9da32b,60.14947,24.91438,000000004ef3150d,10.78
13678,2019-08-04T12:41:29Z,e3c03ee00a1bcd066f8b260cc5b9824d1118b7b7f972a818752aabc7,60.14947,24.91438,000000004ef3150d,8.38
13679,2019-08-04T12:41:29Z,e40a26f3f7468f4ac2302b45f1ed9aab7fea245ccf81d0c08072c881,60.16829,24.94214,00000000afef4555,14.89
13680,2019-08-04T12:41:29Z,e429c831feb479441d498efd8b97fc9e32328ece33b936d90d326701,60.18203,24.91341,00000000342570c2,23.56
13681,2019-08-04T12:41:29Z,e447e76c7b53157c11d5bfeb172c27332c81b5ec7f263badf5507888,60.149,24.9843,00000000fffb8cf0,10.78
13682,2019-08-04T12:41:29Z,e65f7c68ce6502de36e4f47d0646a91a76d6c8cf8b5ffd26a3df8f4b,60.149,24.9843,00000000fffb8cf0,23.56
13683,2019-08-04T12:41:29Z,e6f4e3d1f5e01888556b077224cb4d8f88d63306fff2388e3fd997d0,60.14951,24.92138,0000000006dd41f6,29.32
13684,2019-08-04T12:41:29Z,e826dedac8582e619ce18cd7eed68be5ee1fc9ed37e191e06f916835,60.14947,24.91438,000000004ef3150d,7.05
13685,2019-08-04T12:41:29Z,e9115410fa45db5a174eee008cae729dc69937a0e0b5a304899bf1b9,60.17065,24.93641,000000000f4919c9,38.87
13686,2019-08-04T12:41:29Z,e92eb020afcd7c1fad04690230ff8c2f005e404dd25b8dced1df30dd,60.16075,24.95883,00000000f1124bca,5.91
13687,2019-08-04T12:41:29Z,eac6fda3a18aa9ce55b6359f5c62a044e0bcd6bc3576c8cd815acf07,60.14699,24.922,00000000a53ed894,12.69
13688,2019-08-04T12:41:29Z,eb6541383f8b12fc5476e5e2bc406933edfd211f49a1bbb93f323fa0,60.14699,24.922,00000000a53ed894,16.1
13689,2019-08-04T12:41:29Z,eb79d6eb71f039f7008c9c4ea2f36d37f03bf60bddc7867e8b337254,60.16762,24.95415,000000006b44cce7,14.89
13690,2019-08-04T12:41:29Z,ec350e26364cb676c4cdb72647f039c31e27c775e7bb8973223e5d9b,60.14947,24.91438,000000004ef3150d,13.75
13691,2019-08-04T12:41:29Z,eed1c3b93e33ab3a4802db427c8c197c0fbad358e039b6ea8c8af07b,60.18203,24.91341,00000000342570c2,25.36
13692,2019-08-04T12:41:29Z,ef352dcaa8317b6a3c0a02cd8908dd13da5601cc66ba65c5fd8d031a,60.14947,24.91438,000000004ef3150d,5.91
13693,2019-08-04T12:41:29Z,f062cb52d49926a4fb39f723275ed60ab6c0f3bf34e0c3f9d233b7b8,60.14947,24.91438,000000004ef3150d,5.91
13694,2019-08-04T12:41:29Z,f15b72a3aad411d2f8a70b41c4f62ad2d744d064d42ec00c71a18ac5,60.16762,24.95415,000000006b44cce7,8.38
13695,2019-08-04T12:41:29Z,f1845e00642980be3cdc27a088c619bb0616b86f7cfa0b8909efac80,60.16544,24.95398,0000000038d83d41,21.87
13696,2019-08-04T12:41:29Z,f1eb1b22a5e01064a1829b325d256218c68bc9134f03a3f09f3e2566,60.16829,24.94214,00000000afef4555,17.4
13697,2019-08-04T12:41:29Z,f20f951802c722181f0e90095001c49e73f84049bb105b95c97049d1,60.17918,24.95141,00000000675d5200,21.87
13698,2019-08-04T12:41:29Z,f39827c3c7f4c833d1118043492f78e3255b6da9f4a2c000041d9b61,60.16829,24.94214,00000000afef4555,1.12
13699,2019-08-04T12:41:29Z,f3ec2366b51157150674e5ab6293bdb19e0b30ca4296fee4c97b811c,60.14699,24.922,00000000a53ed894,5.91
13700,2019-08-04T12:41:29Z,f796c9efc581b25280d4b416f8ba3aecca6ddf083e7bdad05f6e595e,60.14699,24.922,00000000a53ed894,6.46
13701,2019-08-04T12:41:29Z,f7f0caf73572bea3c08b592eeb9655b2668cfb16fd8840ca5619d84a,60.14699,24.922,00000000a53ed894,2.54
13702,2019-08-04T12:41:29Z,f9f454563bb2c7fd9944c5f164bf6c5fad98bb698039934d4d8b54dd,60.16897,24.95222,00000000aa852af1,21.87
13703,2019-08-04T12:41:29Z,fa96854324adae88abb35afa34b2393a20338bfd8fc9602d3ce6ae8d,60.14947,24.91438,000000004ef3150d,6.46
13704,2019-08-04T12:41:29Z,fadc39da3cd26ac621092fbbff224b95bb13446c8d24bbf4f3e50e90,60.14947,24.91438,000000004ef3150d,9.92
13705,2019-08-04T12:41:29Z,fc618d570293e104f3bf927312641e3b7c65acce185b1614337d848c,60.16829,24.94214,00000000afef4555,17.4
13706,2019-08-04T12:41:29Z,fca3daa86786d92fe75c43051a906ab67c8b95c774a1227b3c45ce10,60.18203,24.91341,00000000342570c2,23.56
13707,2019-08-04T12:41:29Z,fd77161cf9715d9d0f922cf45e79e5d9b9debef5113cb32a4f82ef76,60.16762,24.95415,000000006b44cce7,5.91
13708,2019-08-04T12:41:29Z,fe5ca86c906b1cb3bf9dd257ceefc562e41da499878f1074484f7d42,60.14947,24.91438,000000004ef3150d,17.4
13709,2019-08-04T12:41:29Z,feb399897846bc34dc3f4b06ac4ef0ffb0db885977b88e5c5fdb7350,60.14699,24.922,00000000a53ed894,13.75
13710,2019-08-04T12:41:29Z,ff4f3e0f964f23b97e88626f7a506bb4409718931712c58ce0f247af,60.16762,24.95415,000000006b44cce7,9.12
13711,2019-08-04T12:41:29Z,ff8280896145ae17e594c52eac2cdbab47d3757d797878fbc4298596,60.1538,24.95595,0000000038bf9618,33.81
13712,2019-08-04T12:41:29Z,ff8d5b9e61bd912b13b664db8ef2919e1f515ca3b20ae67f532a5c8a,60.16762,24.95415,000000006b44cce7,18.79
13713,2019-08-04T12:41:30Z,05103967ab0ced9b2339d6cf2c2971af426aeffb8c8519b244e5cc77,60.16762,24.95415,000000006b44cce7,18.79
13714,2019-08-04T12:41:30Z,07d86ad98399440d0cc3bd3382a7256feb971e49a3686dc17f532e1c,60.16829,24.94214,00000000afef4555,13.75
13715,2019-08-04T12:41:30Z,14c7e1511b70f4dd3359cbece1377aebb4d70531f5489eefe53d7c3c,60.16544,24.95398,0000000038d83d41,21.87
13716,2019-08-04T12:41:30Z,1599d2c9070a6f05e1a5887c2d9209214c04818c6203fe75440734f2,60.1538,24.95595,0000000038bf9618,23.56
13717,2019-08-04T12:41:30Z,165ebbb4090d47319ae370f0d0854fdc1f6b79499f8b2e4d3c3533c0,60.16544,24.95398,0000000038d83d41,20.28
13718,2019-08-04T12:41:30Z,1e7ea410376fbdb3f3c476c76d23abad5d830690f78f71ea06f7e321,60.16075,24.95883,00000000f1124bca,23.56
13719,2019-08-04T12:41:30Z,211f6b7b044343d0be369791b3fa3c144d0d0f391e2a42787712efb0,60.16448,24.97323,0000000053c6c2be,11.7
13720,2019-08-04T12:41:30Z,2350e9b04a733edca530466fd60d704e4de146d81df0066a1767556b,60.149,24.9843,00000000fffb8cf0,18.79
13721,2019-08-04T12:41:30Z,25a7ff811c3c06e426c7c2cbb0433d9a2a3399b23afecbd35584ab0f,60.18203,24.91341,00000000342570c2,16.1
13722,2019-08-04T12:41:30Z,315af4a829b592ba99b203b8ed2cbd499769f8752dfe6de7da4ee929,60.16829,24.94214,00000000afef4555,17.4
13723,2019-08-04T12:41:30Z,3fe84a5a1e657df8910685df3a8cf779a6ebc3362fbc8e578f235ee4,60.15432,24.9211,0000000019fb59c4,8.38
13724,2019-08-04T12:41:30Z,43b676ed3aef4c2d8846694817e76117873be52e7f788e0cb366c1c4,60.16629,24.95957,00000000fb7600be,25.36
13725,2019-08-04T12:41:30Z,44d0b94469070803869f229601e877beb613c3f5aafa009addf97a1a,60.16544,24.95398,0000000038d83d41,14.89
13726,2019-08-04T12:41:30Z,4656bad9b5e6dfc3977eca308fc1db3dbf8b0204b90d09b001da242e,60.1638,24.96846,00000000d747f075,29.32
13727,2019-08-04T12:41:30Z,4d78d16b0cd79cc600b42ad9bc5504bf56df36a3e95daeeecc070053,60.16897,24.95222,00000000aa852af1,20.28
13728,2019-08-04T12:41:30Z,5bbb5184fded3e51bc78e45e39917794285e6bbc72da404802a9599a,60.16531,24.9442,00000000fdda10fe,29.32
13729,2019-08-04T12:41:30Z,5d65719c4cbf045f068d084b72302f447d5fd034413d97d13be00d0e,60.18203,24.91341,00000000342570c2,17.4
13730,2019-08-04T12:41:30Z,5fecff186138a9b3e31c6086c33dcd5f1d209e64f0afeed7c688cab0,60.16897,24.95222,00000000aa852af1,13.75
13731,2019-08-04T12:41:30Z,653a92a7828f2c43bc74899753f872e8b93c30b6fb419b651a94bbc1,60.16897,24.95222,00000000aa852af1,16.1
13732,2019-08-04T12:41:30Z,69219e9efa41ae9e732653e9eaf08e1a34cb853a9dafe76ddeea4d04,60.16897,24.95222,00000000aa852af1,14.89
13733,2019-08-04T12:41:30Z,6a70e2fbced719333e21eff04fcb9cb36bae9a04d1a3d6ddd96f2c58,60.15432,24.9211,0000000019fb59c4,9.92
13734,2019-08-04T12:41:30Z,70d8572458a1a103555bab897b6443e601e0ed211414b15ad0b56f60,60.16544,24.95398,0000000038d83d41,27.28
13735,2019-08-04T12:41:30Z,737efc92e3419e9d96a8559ec341ea7e18ba6381fd8e4de3d06f82a0,60.14699,24.922,00000000a53ed894,20.28
13736,2019-08-04T12:41:30Z,7678cdb86d454ca9ae52f22d97e635106585a3a046d01da4463695cc,60.18203,24.91341,00000000342570c2,11.7
13737,2019-08-04T12:41:30Z,7cc42aefcdb99a20548b43ff621c9fd015a342260ca7bfd2a6c62b83,60.16829,24.94214,00000000afef4555,23.56
13738,2019-08-04T12:41:30Z,85ef35aecf2ff804be3d958b592705ec41c6df9c128c132c65bb283d,60.16897,24.95222,00000000aa852af1,29.32
13739,2019-08-04T12:41:30Z,87dfaad29a9276ddddb1fa021d3bc23ad14824c1af16f7d87e713689,60.14951,24.92138,0000000006dd41f6,9.92
13740,2019-08-04T12:41:30Z,88808fe92573e9cdf022cc15b9689b6b4b9429f60513c8897b0ba4c7,60.16897,24.95222,00000000aa852af1,16.1
13741,2019-08-04T12:41:30Z,89982a6acf91b79a282a6b63978e946ee205f303fcd20e944e06baf0,60.16544,24.95398,0000000038d83d41,33.81
13742,2019-08-04T12:41:30Z,8c75c3289c84fe4493e1e272a77b615fe1985880c5dc68a7c1a17b53,60.16762,24.95415,000000006b44cce7,12.69
13743,2019-08-04T12:41:30Z,94c5a69a5ae6e9407c3fa9a6919d99beb3558dd4e6750eb480ddc36f,60.16829,24.94214,00000000afef4555,9.12
13744,2019-08-04T12:41:30Z,9843c6216661048343a0e49cf3d8aa2883cf77f452666a1c873a1052,60.16448,24.97323,0000000053c6c2be,13.75
13745,2019-08-04T12:41:30Z,a5bea5a25120c383f392f08dd3bcefd19187990b1702cdc93362dd8a,60.18203,24.91341,00000000342570c2,21.87
13746,2019-08-04T12:41:30Z,af807b67ce09a2ce1744025c421961213f1608ca658ece4df69555a1,60.16762,24.95415,000000006b44cce7,18.79
13747,2019-08-04T12:41:30Z,b5fd6b317890e5ab2d79e2cd1abe61626d45a753c7337d0d40728898,60.16762,24.95415,000000006b44cce7,8.38
13748,2019-08-04T12:41:30Z,bb98768dad0f7c52cf643f035a3e7e48f5cfe28557c66f2a75914b31,60.14699,24.922,00000000a53ed894,31.5
13749,2019-08-04T12:41:30Z,bca443064699e0ac05c40e587aef06d7fd580817e739133a501490bc,60.14699,24.922,00000000a53ed894,21.87
13750,2019-08-04T12:41:30Z,bcb0201b0a1edf350ae2f681076e7d2d48ebd94c075bd3ca59552020,60.16897,24.95222,00000000aa852af1,21.87
13751,2019-08-04T12:41:30Z,be41ebc5fb0d348fc1ef1166d44251c3112a78a4ea01aa980364ee7c,60.14699,24.922,00000000a53ed894,13.75
13752,2019-08-04T12:41:30Z,c0cdd4e99cf9447e490b5cbd5e7513df9acfcbabb8bd5117c4731512,60.16075,24.95883,00000000f1124bca,16.1
13753,2019-08-04T12:41:30Z,c97eb4181394121907d47b908495f54e5ee5145ff790f7a1dc21b3cf,60.16897,24.95222,00000000aa852af1,17.4
13754,2019-08-04T12:41:30Z,ca6927628f5ddda20036865c9345ad93d476d62ade3b181de568eed6,60.16897,24.95222,00000000aa852af1,17.4
13755,2019-08-04T12:41:30Z,cf05623e4d87ce0906c0b0b7dbf53aacc1228016cd27c341228b6e76,60.18203,24.91341,00000000342570c2,18.79
13756,2019-08-04T12:41:30Z,cfc0bedb78ded52749db3188cb188bf6a250ef5990da9c5afa9623fc,60.14951,24.92138,0000000006dd41f6,23.56
13757,2019-08-04T12:41:30Z,d0a50f3001c258a38880550f6c0835fcaa85f0a6d36687dc5de98f3b,60.16629,24.95957,00000000fb7600be,20.28
13758,2019-08-04T12:41:30Z,d366aa1925472f34a389921734c1777d6d7c2e812b0f284d78697edf,60.1538,24.95595,0000000038bf9618,36.27
13759,2019-08-04T12:41:30Z,d661caec7a5da6aef734734bbf9090debe494c1afd98050f88f269bd,60.16829,24.94214,00000000afef4555,14.89
13760,2019-08-04T12:41:30Z,ded49640b591e73bff71f84fb99d2739eb6c9554164a015017725e03,60.16829,24.94214,00000000afef4555,14.89
13761,2019-08-04T12:41:30Z,e8690c2d1711bc10f2d1251a3b5b1e770b98c66c384760400c604de1,60.16829,24.94214,00000000afef4555,18.79
13762,2019-08-04T12:41:30Z,e8e366e76c97944e23c0f80b4fd3ce6e5832744922297146a49f0c7e,60.16762,24.95415,000000006b44cce7,13.75
13763,2019-08-04T12:41:30Z,e96bd269a48b822b06141c3362fcb6d5ed4d0d09a120f2e4a712d5c2,60.16897,24.95222,00000000aa852af1,12.69
13764,2019-08-04T12:41:30Z,eee5797db5c3753514933a12e2485caee4ee5803b4d830ba1c22e5c5,60.14947,24.91438,000000004ef3150d,7.69
13765,2019-08-04T12:41:30Z,f088630d7476dae7d4b7e2bb1f10575f2c89acb4b6e061f3d57c2b40,60.16531,24.9442,00000000fdda10fe,20.28
13766,2019-08-04T12:41:30Z,f237103f284dc6c51c64f9728c4f56e0c855dbb1bf8c4165758c3ef0,60.16897,24.95222,00000000aa852af1,14.89
13767,2019-08-04T12:41:30Z,f29ea15113ac0eea0be8ec41c633909de4b0b9ab6c7b9898b128080c,60.16897,24.95222,00000000aa852af1,17.4
13768,2019-08-04T12:41:30Z,f405a7c4a3a4339f8e3f7e552f6492d6eed76f7d08c54943286213de,60.16762,24.95415,000000006b44cce7,17.4
13769,2019-08-04T12:41:30Z,f6609ab1076b1105bb845595a03b41b8fbb282f79c337df5bbc9f841,60.14699,24.922,00000000a53ed894,10.78
13770,2019-08-04T12:41:30Z,f94dddacf96965952551200a02b41925bcd21402aceafb12f19931af,60.16075,24.95883,00000000f1124bca,5.91
13771,2019-08-04T12:41:30Z,fc4f3a44235f1cfc7b53f14ba2da599976a5a0a220d23b852688e485,60.17919,24.95181,000000007b5207b6,31.5
13772,2019-08-04T12:41:30Z,009ad4cd2bd97e04da44cc9789e6bdbdb899eded61d05b7d5634b7be,60.16829,24.94214,00000000afef4555,18.79
13773,2019-08-04T12:41:30Z,00a07b1f8113691d8475c54082a14cdd54decf9845a90e75df8031a6,60.17065,24.93641,000000000f4919c9,29.32
13774,2019-08-04T12:41:30Z,00b07030d00cc5582c0f1be7d73fb09e34f4018445ce11d9da8da813,60.16762,24.95415,000000006b44cce7,18.79
13775,2019-08-04T12:41:30Z,02779eb12fac4ca9f4e18b53a81b3228a55ba9798c11470f95145cf6,60.16762,24.95415,000000006b44cce7,25.36
13776,2019-08-04T12:41:30Z,036c183505fea646b54aeb0c612913cafba94eca65e47d3c6d840a68,60.17919,24.95181,000000007b5207b6,29.32
13777,2019-08-04T12:41:30Z,04338b326fcd064c7ad1bee3fdda9918fb813f045fae6622920bdf45,60.16897,24.95222,00000000aa852af1,31.5
13778,2019-08-04T12:41:30Z,04b49a34910d12f55243dd5a756c7cc1e506e5d3cdb418cc635e9ad9,60.16762,24.95415,000000006b44cce7,13.75
13779,2019-08-04T12:41:30Z,04f35922a81b516e7028f61c6ff34faf6da85df0a5cfcefb6df1861f,60.149,24.9843,00000000fffb8cf0,27.28
13780,2019-08-04T12:41:30Z,05d441c83d2df822feaf93d7861452db7a201f22d84cfa36f421dfd2,60.16544,24.95398,0000000038d83d41,18.79
13781,2019-08-04T12:41:30Z,07444c376c2a48ed91a2f5462cab887c00378edb4175ee969deb207e,60.18203,24.91341,00000000342570c2,10.78
13782,2019-08-04T12:41:30Z,0851ab74be2e888decf0046825f09ed302f7b2275e72b09b5b713d85,60.16829,24.94214,00000000afef4555,9.92
13783,2019-08-04T12:41:30Z,0947f9d6bb6c34e382e008052b704b6521ac4f7678a2e8a719bb574b,60.15432,24.9211,0000000019fb59c4,31.5
13784,2019-08-04T12:41:30Z,0a0acb70a8ef92be52a64d4425e70bb2f7a17d13942c3382c9d68878,60.149,24.9843,00000000fffb8cf0,1.88
13785,2019-08-04T12:41:30Z,0a5616e066b42895361324cfa8abef41d849a55e3e4bed429bab494b,60.16829,24.94214,00000000afef4555,7.05
13786,2019-08-04T12:41:30Z,0a5ed50daf13dd10744537aa851ac7ab1d34d9797ec6ab6e2402aebb,60.16762,24.95415,000000006b44cce7,4.5
13787,2019-08-04T12:41:30Z,0aabf0df4c3c5b45bb8950c92dbe624985f19e8650ed61f92571a65a,60.14699,24.922,00000000a53ed894,12.69
13788,2019-08-04T12:41:30Z,0acb4bd7319729fea4acf035921d1136d86a307a60b4444669cede1a,60.14699,24.922,00000000a53ed894,9.12
13789,2019-08-04T12:41:30Z,0b0dd9af9d52c68ff71ce266d6707abbb0f56c3c63be0f83f7b5df9b,60.16762,24.95415,000000006b44cce7,7.69
13790,2019-08-04T12:41:30Z,0c905239b8c0e14cba671cf4d4d715d1045a30ee62a6285fb489dbb0,60.16829,24.94214,00000000afef4555,13.75
13791,2019-08-04T12:41:30Z,0d3525b13d674f1645fdbe6d842fe37b2f416889c5472e9dfcc5445c,60.14947,24.91438,000000004ef3150d,7.69
13792,2019-08-04T12:41:30Z,0d8341f0125a5323521549248771d5448e5f788aefe9b989e3b20114,60.16829,24.94214,00000000afef4555,17.4
13793,2019-08-04T12:41:30Z,0edfab64a80649c1b0b39aec3f774c4eab39a95d487fb651e1dc3329,60.16762,24.95415,000000006b44cce7,20.28
13794,2019-08-04T12:41:30Z,0ef4d4e0ed1d5a16b616f3722210deaa1f3be532439fb707802f70a2,60.16075,24.95883,00000000f1124bca,27.28
13795,2019-08-04T12:41:30Z,10a99e791e27975dc1c9d73d3163cabacf3bd7bd05a4f7abf6365426,60.14699,24.922,00000000a53ed894,17.4
13796,2019-08-04T12:41:30Z,119268a2b328b466959e99158efc17d07641daf2eab0785f813707f9,60.16762,24.95415,000000006b44cce7,11.7
13797,2019-08-04T12:41:30Z,120a63917cb5ab619bf9a71328f14020736ee84e75d5b37278748def,60.16897,24.95222,00000000aa852af1,12.69
13798,2019-08-04T12:41:30Z,124cce476184e061b136f481014a2abc7208d30e4e520ffd90c85adb,60.17002,24.94407,000000006b087f40,27.28
13799,2019-08-04T12:41:30Z,128df515b075ffc54794d311944f31b9b1c1132d182943a9880e5bc0,60.16544,24.95398,0000000038d83d41,25.36
13800,2019-08-04T12:41:30Z,13ee67fb034e3d24edc9a9618e9d6de24979ebbcb399f83abb02a897,60.14699,24.922,00000000a53ed894,5.41
13801,2019-08-04T12:41:30Z,1496ce9cf373a2a508a8ab0b7aa0604dd889fd69483881c3752219af,60.14699,24.922,00000000a53ed894,13.75
13802,2019-08-04T12:41:30Z,1551f9fdd5a57b17be51babad39f807f04be4d340266c153eb860156,60.15432,24.9211,0000000019fb59c4,21.87
13803,2019-08-04T12:41:30Z,15ee12e5f9be00a79b0cbbc9912f51cbfa3e486624567e1bde938fb6,60.1538,24.95595,0000000038bf9618,36.27
13804,2019-08-04T12:41:30Z,161aa798c2a18e132fb27ecded773218ea4e42eabbd0e5794b1d7017,60.15432,24.9211,0000000019fb59c4,27.28
13805,2019-08-04T12:41:30Z,16ca2e50aab654110e1bb81e5e374133f99b7f103d24d5cc9635423c,60.16897,24.95222,00000000aa852af1,27.28
13806,2019-08-04T12:41:30Z,1769031b7f4d75de0541e26427b9ecc92c84b80992e3b36bb8eb799e,60.16829,24.94214,00000000afef4555,20.28
13807,2019-08-04T12:41:30Z,17af6ab252328066d6b13406084507dfa7a7f6db3030872e7f87223d,60.17065,24.93641,000000000f4919c9,17.4
13808,2019-08-04T12:41:30Z,1882b53729765cca25bc63400074242872d6fbc57882f131285b277f,60.16829,24.94214,00000000afef4555,12.69
13809,2019-08-04T12:41:30Z,197961cf403efacc6bdb07158a50753109701aba7a6e7cbf8502e1ee,60.14947,24.91438,000000004ef3150d,29.32
13810,2019-08-04T12:41:30Z,1a93dfa31156cee53b4bd527d8b74655a5da812b6933d8a86d871e47,60.14947,24.91438,000000004ef3150d,7.05
13811,2019-08-04T12:41:30Z,1aacd77e1fdbe1544cf1ab29a00642d77ce4a075e388e8a2108aa39b,60.16829,24.94214,00000000afef4555,20.28
13812,2019-08-04T12:41:30Z,1bcef866fafad7c7460a084e0b0d27c087b549f4ae704390708be47e,60.149,24.9843,00000000fffb8cf0,7.05
13813,2019-08-04T12:41:30Z,1c7ccd5d6570d98e57ef2ebbd716b7504b138f9bb616fbeaa0d1a268,60.14699,24.922,00000000a53ed894,7.05
13814,2019-08-04T12:41:30Z,1d4841b6905c46f3c38f79540bae2a88a4e660692149506c0db9da33,60.15432,24.9211,0000000019fb59c4,29.32
13815,2019-08-04T12:41:30Z,1e24a2120b13c780dbb3a67a73f5058d1847f126fd5f5952e6dddcd3,60.16075,24.95883,00000000f1124bca,17.4
13816,2019-08-04T12:41:30Z,1ec58e626d2335aeeaa7c7d8f715d4334274dbd43448fb62c3901ef6,60.16829,24.94214,00000000afef4555,12.69
13817,2019-08-04T12:41:30Z,1f74037ecab4dbdc5db1a8dc8b583a86630f86a5f2d0a5167b7fa605,60.18203,24.91341,00000000342570c2,12.69
13818,2019-08-04T12:41:30Z,1f81ed7274add201d3059d4a37e2bbe86b6ae1f0fd42a16d7b8dccaa,60.14699,24.922,00000000a53ed894,13.75
13819,2019-08-04T12:41:30Z,203a0c145a43c9a18f8c2a5ba4e18882e7430662bb4ac0e56ab37578,60.17065,24.93641,000000000f4919c9,11.7
13820,2019-08-04T12:41:30Z,208944c5811f446561788c5415738cbe52bdacb371f415236042698c,60.16897,24.95222,00000000aa852af1,31.5
13821,2019-08-04T12:41:30Z,21eed3ade733687b8f56fade8290819b7c6b4a9f38468979fe692c3e,60.16762,24.95415,000000006b44cce7,5.91
13822,2019-08-04T12:41:30Z,2271cbccbcce28d3d0757d9a964f67df1a523b81d97355dc543dd848,60.16897,24.95222,00000000aa852af1,17.4
13823,2019-08-04T12:41:30Z,229664948f3619e8fc978e65f10afd7b0165ae975dc7f70d018dfad7,60.16762,24.95415,000000006b44cce7,25.36
13824,2019-08-04T12:41:30Z,22fe9a06fba1036e8eafd726bc450095b1893be067f475e1882bb704,60.14699,24.922,00000000a53ed894,14.89
13825,2019-08-04T12:41:30Z,231026899a6d5b326cb5b1e38b182ca1acb77c7e27bc2378973b29db,60.16629,24.95957,00000000fb7600be,23.56
13826,2019-08-04T12:41:30Z,244b51aa4a7059ba782925258111c295aa4de9596025c55ccd5580ac,60.16829,24.94214,00000000afef4555,20.28
13827,2019-08-04T12:41:30Z,2551a9e1b8a03c8e0e378ed37c0130b6e4105ec6b949de9e5a670be8,60.14699,24.922,00000000a53ed894,9.12
13828,2019-08-04T12:41:30Z,257206d3f59df5c426a9c735f4741cba6d792de1cbafe62289d383d7,60.16897,24.95222,00000000aa852af1,31.5
13829,2019-08-04T12:41:30Z,2607d1b2fc6e31a80348fffbed68a7d3a8e0212f197f2d1c573c587b,60.14947,24.91438,000000004ef3150d,3.4
13830,2019-08-04T12:41:30Z,267b66cc2e81a226d253a8f3228a4b45e1fabb634bba60fd0cc21a8d,60.14699,24.922,00000000a53ed894,16.1
13831,2019-08-04T12:41:30Z,269124e75b1e74a7c7dc93b778e02f04d0a53e069a90081c0938ee4c,60.14699,24.922,00000000a53ed894,13.75
13832,2019-08-04T12:41:30Z,2838eddb482a9bc77b0b867352020e2cbfb71e85aaa1d61307e85f3d,60.14947,24.91438,000000004ef3150d,20.28
13833,2019-08-04T12:41:30Z,28b43564f7156b67db7cb7b779e948986d7610f921490f9030379704,60.16897,24.95222,00000000aa852af1,7.05
13834,2019-08-04T12:41:30Z,2969cdb120f2d285c556abfe5bac2f8090571f61aba227a474a534d2,60.17065,24.93641,000000000f4919c9,2.8
13835,2019-08-04T12:41:30Z,29a1ee6c0907a00ec6b6dcbb187f5c31d1a11b261aabd339210ee013,60.16897,24.95222,00000000aa852af1,13.75
13836,2019-08-04T12:41:30Z,2a47bdc66249162a9588347a6cbe7895fe798bb25c1194cd69fb1e8b,60.14699,24.922,00000000a53ed894,11.7
13837,2019-08-04T12:41:30Z,2bc95bfe257249215913b47f8544606d478783f0530c688972c2f11f,60.16629,24.95957,00000000fb7600be,25.36
13838,2019-08-04T12:41:30Z,2ee2e108ed9051b1ccf4d3ee89931dfd53170af0b558fa6579b83e8d,60.15432,24.9211,0000000019fb59c4,10.78
13839,2019-08-04T12:41:30Z,2f08dbfbbe5577f04ea9826f72d5452ddf5fd9bb892769382ea5a4ca,60.16762,24.95415,000000006b44cce7,8.38
13840,2019-08-04T12:41:30Z,32708990f2c831e65f70f2682baf5188fc93348b9a9e78ada8db2bf4,60.14947,24.91438,000000004ef3150d,4.94
13841,2019-08-04T12:41:30Z,32f77f5019e5fce30881c214487361e2e34b8c93277f6e546de72012,60.1638,24.96846,00000000d747f075,27.28
13842,2019-08-04T12:41:30Z,33634cb1e3fc5d4a621e8717d203da8533ed27531a70c6cbe3abf3fa,60.16762,24.95415,000000006b44cce7,1.7
13843,2019-08-04T12:41:30Z,33ec502792a84f23fed03cf16e483d153c65e2850a2549f47034726a,60.16762,24.95415,000000006b44cce7,6.46
13844,2019-08-04T12:41:30Z,3405b45677395f577b17b4f3f98f4e4acf64510ac518139bea7227fd,60.16829,24.94214,00000000afef4555,18.79
13845,2019-08-04T12:41:30Z,3459042c03cbb672a039f7f14a6b99b84f839b0598f9e48bf4dd95f5,60.14699,24.922,00000000a53ed894,11.7
13846,2019-08-04T12:41:30Z,348d0f13ec830589831a973041803bc7b6c0f0b5f6e5a84e47f292d3,60.17002,24.94407,000000006b087f40,23.56
13847,2019-08-04T12:41:30Z,34f282042837e6b8407c31fd6c880bdbb7071c56d76c4b6e5ba78819,60.14947,24.91438,000000004ef3150d,18.79
13848,2019-08-04T12:41:30Z,34fddf0f4ea194b9720451d11a9de76225577536681d4f4b0a00b860,60.16829,24.94214,00000000afef4555,7.69
13849,2019-08-04T12:41:30Z,352427714fc6e8591df6bd227dde05d3b7ba0881742eee4ae750dcc4,60.15432,24.9211,0000000019fb59c4,23.56
13850,2019-08-04T12:41:30Z,358d7986d5bf2a0624fb1412a157b3c7b12f90653457e15a76bbdf50,60.16629,24.95957,00000000fb7600be,11.7
13851,2019-08-04T12:41:30Z,35a958343879c000cfc3f0c01afbc7d54934265828677bf4aefef84f,60.14699,24.922,00000000a53ed894,10.78
13852,2019-08-04T12:41:30Z,35e6e075578d7a51e510bf8904bde33f1d117264eea0917db98d4808,60.16897,24.95222,00000000aa852af1,13.75
13853,2019-08-04T12:41:30Z,36f876050503d244f74f3cbadcef716904eb2b245190d474b0cfa794,60.16762,24.95415,000000006b44cce7,4.94
13854,2019-08-04T12:41:30Z,37945fa4e7409fab98aa8bde45081f5bd083def0059485274ad552c0,60.17918,24.95141,00000000675d5200,7.69
13855,2019-08-04T12:41:30Z,37b4192b51c9589b8791bc2e9f830dd541c0e77fd03e7a85a51b68e5,60.16544,24.95398,0000000038d83d41,25.36
13856,2019-08-04T12:41:30Z,39310ebca1ad756aa2bfcb16c912cb7003ef3e7286a1f037603ade61,60.14699,24.922,00000000a53ed894,5.91
13857,2019-08-04T12:41:30Z,39f03a3a5fd777feee270921a7f51daec12ea679b542b0aaf2e808d7,60.149,24.9843,00000000fffb8cf0,27.28
13858,2019-08-04T12:41:30Z,3a6ce73ea4c03a14fc0d3d099e4698d3c1051a2e8e4bd552d5de394d,60.14947,24.91438,000000004ef3150d,5.41
13859,2019-08-04T12:41:30Z,3af48668fcfc51b261558246e08ae2f7f3bb9d4252e908e38c9db003,60.14699,24.922,00000000a53ed894,16.1
13860,2019-08-04T12:41:30Z,3b73bf57d223bcb9b930ee8619e6603e52485b221389c64d85614baf,60.16897,24.95222,00000000aa852af1,12.69
13861,2019-08-04T12:41:30Z,3be48824225ca9f2aea5653f6ce21181a76e67a8d4b8361f0cba1f8a,60.14947,24.91438,000000004ef3150d,6.46
13862,2019-08-04T12:41:30Z,3c545ca8c42e2a9a876f2500f6aee220e5fe1c178dd132136643754b,60.16762,24.95415,000000006b44cce7,16.1
13863,2019-08-04T12:41:30Z,3e51a6a20330a5ca5af145bab345165eb5f0fcce86d087af4088df64,60.15133,24.92329,00000000e8a064a4,25.36
13864,2019-08-04T12:41:30Z,3e9bb396fbc83c420e59acae7d393de6b4add7ec1dda523b9eaee7a5,60.16075,24.95883,00000000f1124bca,18.79
13865,2019-08-04T12:41:30Z,3eb138558a5cc58760a67df9709bc42cc329874e907981d33e0116ec,60.16762,24.95415,000000006b44cce7,14.89
13866,2019-08-04T12:41:30Z,3f78229668030150fc4e03aed54ed23a2f6ac9c23a0c9bc0d6da03f4,60.16531,24.9442,00000000fdda10fe,33.81
13867,2019-08-04T12:41:30Z,3ffe89aa6ab1e57883e21fa8f15969f46a5f487bccb2b993eadb3cfb,60.14699,24.922,00000000a53ed894,7.05
13868,2019-08-04T12:41:30Z,427f20895f2d0aec0392fd0be9f66c4cd45200a3d32b5b9d52ea0dc2,60.15432,24.9211,0000000019fb59c4,27.28
13869,2019-08-04T12:41:30Z,429295e322e9f143f79e9a6340e4974858aa9aa2f5ed6e8512dd00cd,60.14699,24.922,00000000a53ed894,11.7
13870,2019-08-04T12:41:30Z,42d4eb6044091814f327d0b01dc9ae701506417af1a8ab7f4161650d,60.14951,24.92138,0000000006dd41f6,18.79
13871,2019-08-04T12:41:30Z,42da4298ed9f522421f17714e024d9b8fe22e7546df3deeb8b139bd3,60.16075,24.95883,00000000f1124bca,5.91
13872,2019-08-04T12:41:30Z,4533d27e96c5c6637ddff4243672d658fea4004970652882357105a9,60.14699,24.922,00000000a53ed894,12.69
13873,2019-08-04T12:41:30Z,457d11209b95b153efb57d8f2641f2db0823e91a0d608fa0555a5b69,60.14699,24.922,00000000a53ed894,7.05
13874,2019-08-04T12:41:30Z,4602ff9d03f6bf4fbb82976098cc1c73e7a7e754050401c772d1406e,60.14947,24.91438,000000004ef3150d,17.4
13875,2019-08-04T12:41:30Z,467a01a257fbaad22bd4aebafc8f284c9ad3effc429475e57c214e9d,60.14699,24.922,00000000a53ed894,16.1
13876,2019-08-04T12:41:30Z,48d0a198e7445da9f7df3cb2cedef7dc861fe850deff789f6ad61d36,60.14947,24.91438,000000004ef3150d,21.87
13877,2019-08-04T12:41:30Z,48f665ebb1a71b0d84fc02bd71918c5ab5608328db534639cbd2a255,60.14947,24.91438,000000004ef3150d,7.69
13878,2019-08-04T12:41:30Z,4aff8c41b8c3f924b9b765007cf6f0f148e9fdc4dfad6299b17f6f71,60.16762,24.95415,000000006b44cce7,18.79
13879,2019-08-04T12:41:30Z,4b1050cc517631e36206d3528399c0b14748daec8c7d1b5dfa412299,60.15432,24.9211,0000000019fb59c4,12.69
13880,2019-08-04T12:41:30Z,4b85388cdaec2b4c15b546160ee326d9668a5e5d3c7b08d0c539946e,60.17918,24.95141,00000000675d5200,13.75
13881,2019-08-04T12:41:30Z,4be50f3eb033f3f46e3069049c8e0a34dc8a2607741c1764369ba4c2,60.16762,24.95415,000000006b44cce7,7.05
13882,2019-08-04T12:41:30Z,4bf75585466f0aafa2ed2956fe4b0f7235b4ba3a0606a52219b3156c,60.14699,24.922,00000000a53ed894,11.7
13883,2019-08-04T12:41:30Z,4cadc8cc23fd84febb6a8383030a34c97b3388a8c9ed7a64cc0f51a6,60.14947,24.91438,000000004ef3150d,4.5
13884,2019-08-04T12:41:30Z,4d35f03f4cb1cd21fbb173af8af5be5e233c63882fda53232da315f0,60.14699,24.922,00000000a53ed894,21.87
13885,2019-08-04T12:41:30Z,4d4115f2971578ddc2428be944e2954c9e9a5472a818ec1805a022b2,60.149,24.9843,00000000fffb8cf0,23.56
13886,2019-08-04T12:41:30Z,4d7150fb2eb8468dc51f12b2de4a3610a7eb79c7352449ed92531f0e,60.1538,24.95595,0000000038bf9618,31.5
13887,2019-08-04T12:41:30Z,4efc969b8b738c051c221bf9d7829089b44cec23dd378fd86e7fb8be,60.173,24.92524,0000000096918cfa,20.28
13888,2019-08-04T12:41:30Z,4f4940c5c77737c5b8f2fbd5a1b65886ea5f6e0e4fcd50447e11ce21,60.16075,24.95883,00000000f1124bca,23.56
13889,2019-08-04T12:41:30Z,50e21d119f102cee2afe3ac7f1a32032527638769b05aca582d6ecb1,60.16762,24.95415,000000006b44cce7,9.12
13890,2019-08-04T12:41:30Z,514a3981fad6c695ac4940f09374b5d1c2e84d2ca835084ef8707714,60.16075,24.95883,00000000f1124bca,5.91
13891,2019-08-04T12:41:30Z,51b3c7870a399165f0d1d14f7d21688df32b0360f9cc6f3ca61890d8,60.16829,24.94214,00000000afef4555,0.84
13892,2019-08-04T12:41:30Z,52072bd384eaaf4a6958af5510ed039d194dee47f34667bc7bccbe0e,60.14699,24.922,00000000a53ed894,7.69
13893,2019-08-04T12:41:30Z,5263c8fd413ee308494f18228802330e278acc648b425bb454951db5,60.16075,24.95883,00000000f1124bca,20.28
13894,2019-08-04T12:41:30Z,52939581c6c8dd3407dbf44ea9e90471e4bbadfb7e3740a0ba8324f3,60.14699,24.922,00000000a53ed894,10.78
13895,2019-08-04T12:41:30Z,54065d53a62079540c4be1e19eafa5dd581e8ec35da0c31844438e0b,60.149,24.9843,00000000fffb8cf0,29.32
13896,2019-08-04T12:41:30Z,560205233dc9b13886248fb6e54ee21dc3b287080072641e01e08dac,60.16075,24.95883,00000000f1124bca,18.79
13897,2019-08-04T12:41:30Z,56b8eace741e5227a40ea0a64601a737648080c63d6240b0dca632c4,60.16075,24.95883,00000000f1124bca,23.56
13898,2019-08-04T12:41:30Z,570dc61d53aec66ede39dfde66339640878453afc00cd1a55c60bca7,60.16544,24.95398,0000000038d83d41,23.56
13899,2019-08-04T12:41:30Z,571934189bf349efb6f596e76c21612cf9b82ed44913090169936048,60.17065,24.93641,000000000f4919c9,14.89
13900,2019-08-04T12:41:30Z,58411163d307bb308f9c94a9720e9ce5ab0ce4f5617cd2b1fcc2037a,60.16762,24.95415,000000006b44cce7,7.05
13901,2019-08-04T12:41:30Z,584cb0b0cdd14e608c8b57c8aecc9826f9b40027e365e2438a444ea2,60.16762,24.95415,000000006b44cce7,14.89
13902,2019-08-04T12:41:30Z,59b01cbdec8ff06fa6d50bac00c3f5f4c45132fc8a62800c08df5d6a,60.16629,24.95957,00000000fb7600be,14.89
13903,2019-08-04T12:41:30Z,5b102c62b98f29bd801e4dd0e9ddbc113db3faa38d59990b9ba5e9ec,60.173,24.92524,0000000096918cfa,20.28
13904,2019-08-04T12:41:30Z,5b21511f00a23b33dc791787155b6f890ab1949e3c9a42448c765d19,60.16829,24.94214,00000000afef4555,25.36
13905,2019-08-04T12:41:30Z,5bb54a365362fc3a1d1e4b4421c7b020c45f3274d1393340a1f89eb5,60.16762,24.95415,000000006b44cce7,16.1
13906,2019-08-04T12:41:30Z,5bc858089bff2f1880f1807e91f165ebf9f1b5841445adcdfb988ddf,60.16829,24.94214,00000000afef4555,23.56
13907,2019-08-04T12:41:30Z,5bc8610f198c0ab38e4e89fd7f4828d032ca2a6ef97c2a17c79e296f,60.14699,24.922,00000000a53ed894,21.87
13908,2019-08-04T12:41:30Z,5c160268bc9b4b619181ce421d9e58c258e6b59a342945fc29f0004b,60.14947,24.91438,000000004ef3150d,13.75
13909,2019-08-04T12:41:30Z,5cd5117066c75a1cb83d3896a7eba3f3472e133f0013ea7d4e95daaa,60.14699,24.922,00000000a53ed894,4.11
13910,2019-08-04T12:41:30Z,5d70086d53447ee393249cef33c7bae814c1d7c2e3055fc91b38786c,60.17918,24.95141,00000000675d5200,9.92
13911,2019-08-04T12:41:30Z,5e53be1d47b3cceeb6ea9406c75327379c8ee8abc68da605b7758e85,60.14947,24.91438,000000004ef3150d,11.7
13912,2019-08-04T12:41:30Z,5e7916ca910b02abf2d19906759663c23db63950a353fa546f55c8af,60.14699,24.922,00000000a53ed894,4.94
13913,2019-08-04T12:41:30Z,5ea49ba4de68e03664ec3a87f5de32434d7136b4f8323f022ff9df5b,60.16829,24.94214,00000000afef4555,11.7
13914,2019-08-04T12:41:30Z,614ab7fba7255f6bf6f888e9a04d589962f756b3f427e658f10014f2,60.16075,24.95883,00000000f1124bca,9.92
13915,2019-08-04T12:41:30Z,62916b0c2a8ebabb938b5e97cb14eb89b2b32936d3fad04025ad5854,60.17002,24.94407,000000006b087f40,23.56
13916,2019-08-04T12:41:30Z,62a6fe2d9b3b5b4533c51253f8842428bd797b3c6a95a7816ec472ed,60.14947,24.91438,000000004ef3150d,8.38
13917,2019-08-04T12:41:30Z,63d99db5b2b7360c501446ea5e89feba9bd1c6735a7670039916f2ad,60.1538,24.95595,0000000038bf9618,21.87
13918,2019-08-04T12:41:30Z,63defb71d4c3856253a0a2d67a5c370b91ad0527703b334a63fe5344,60.14947,24.91438,000000004ef3150d,4.94
13919,2019-08-04T12:41:30Z,64394b1287e19738900f57d5c7483e02866e40bc8241fc6f6fbecbcb,60.16762,24.95415,000000006b44cce7,12.69
13920,2019-08-04T12:41:30Z,643ef3f01a51bea3c4510d4060a945cd510e5189236d68f5c9489034,60.16829,24.94214,00000000afef4555,2.3
13921,2019-08-04T12:41:30Z,64638a9f9e6c9b32fc4b484b55e4934fcab6cb04605cc76d5f5534b7,60.17065,24.93641,000000000f4919c9,6.46
13922,2019-08-04T12:41:30Z,64e34af775b57908b23056a31d60ef3b005941f2e7c3db0c49df675d,60.17065,24.93641,000000000f4919c9,4.5
13923,2019-08-04T12:41:30Z,6503762f2cac51cc2b74da1efa6b16583ed11c9a528d7716b7829c0b,60.16829,24.94214,00000000afef4555,13.75
13924,2019-08-04T12:41:30Z,6516a10850095847a8156717b0fba05a9bdc9b5bfedd691ddb07f119,60.14699,24.922,00000000a53ed894,9.12
13925,2019-08-04T12:41:30Z,6525cc634176c25187e68e0d067bcfecfd78e399e93db4ee9d408b7e,60.17919,24.95181,000000007b5207b6,17.4
13926,2019-08-04T12:41:30Z,655204cb507ea9ae811105cdcd766161facaa9f729017a333f102391,60.149,24.9843,00000000fffb8cf0,11.7
13927,2019-08-04T12:41:30Z,65de3b8621fadfc61e9d3657dc477ea9867f9d093f80cf0857dcad88,60.16762,24.95415,000000006b44cce7,12.69
13928,2019-08-04T12:41:30Z,66b9cea6cd979b4e9e391e0ef854e2cc38eca6fb9e166811e39edd11,60.16544,24.95398,0000000038d83d41,23.56
13929,2019-08-04T12:41:30Z,66ed8fbd7b5a85ac68fafa4d05dd6a0dfc28aa34bd60a9787ed2c6f6,60.16829,24.94214,00000000afef4555,29.32
13930,2019-08-04T12:41:30Z,6723bebaab92d1a9f8b4318fd4f497a6dec6d7f8e0eafca443925213,60.16075,24.95883,00000000f1124bca,12.69
13931,2019-08-04T12:41:30Z,67591d427f60ba3c369ac0d78088fca7be33081501508d16401dd6cb,60.16762,24.95415,000000006b44cce7,4.11
13932,2019-08-04T12:41:30Z,675eacdf32b5b831fd118fc5539eea4b3cef4bd11e2e1706a9571222,60.16829,24.94214,00000000afef4555,18.79
13933,2019-08-04T12:41:30Z,6774ed72eaf69d7c4aaeeef90990f969954155bbcc52652e75e7deef,60.16829,24.94214,00000000afef4555,10.78
13934,2019-08-04T12:41:30Z,677c53ae4056d6cb123ca576ba5284664b1c7e3e88818bd19b5dd99a,60.17918,24.95141,00000000675d5200,9.92
13935,2019-08-04T12:41:30Z,6875e3632a29207e29ded33617e66d55de5d8c7804fecedd6f1dfe12,60.14699,24.922,00000000a53ed894,6.46
13936,2019-08-04T12:41:30Z,6981f80baeddf7459b67845f82744390c976c013f3a4883a53556fc7,60.16762,24.95415,000000006b44cce7,14.89
13937,2019-08-04T12:41:30Z,698b200b63a644828a7314691a16af2af1bccef75d52abb5591a5542,60.14699,24.922,00000000a53ed894,10.78
13938,2019-08-04T12:41:30Z,69f1de5049f5731749defe893b8ae9ada4f5f788a994b8f7413ef657,60.17002,24.94407,000000006b087f40,25.36
13939,2019-08-04T12:41:30Z,6b97071051ccf5db7e5ebee033d4f68d58ed6917ff2fac5b205a6605,60.17065,24.93641,000000000f4919c9,16.1
13940,2019-08-04T12:41:30Z,6c7e018abdf8462af7c7b003bc30f915184f7082e9e865a2c502eed5,60.14699,24.922,00000000a53ed894,9.12
13941,2019-08-04T12:41:30Z,6f3dd17e40daabb4efe868f1b859dc00ecc01846f0a0e2b8db5d1413,60.17919,24.95181,000000007b5207b6,9.92
13942,2019-08-04T12:41:30Z,6fdfc33c6b609ea80b4a38ecf657bc68b7bf659752b51edcc22ffb54,60.16762,24.95415,000000006b44cce7,9.92
13943,2019-08-04T12:41:30Z,70c56152af84cf1bad4d19b0cb31202232b4cd4320ce5ea48895e42b,60.14947,24.91438,000000004ef3150d,18.79
13944,2019-08-04T12:41:30Z,71479e7c1c4fd96468f16800ff04484480c76e0953d2074500b0df31,60.17918,24.95141,00000000675d5200,25.36
13945,2019-08-04T12:41:30Z,7176e4b517010283d61468978a67a0e6d800f7b66219728174074b97,60.14947,24.91438,000000004ef3150d,21.87
13946,2019-08-04T12:41:30Z,72231bca658d3a16f3bf9c26ba5f13393b8377e4ab0b9ed3de6c811f,60.14699,24.922,00000000a53ed894,11.7
13947,2019-08-04T12:41:30Z,72e4de5ded503a6b09635fc51a720ce504c9e77552bc2ffae8d6cae3,60.14699,24.922,00000000a53ed894,13.75
13948,2019-08-04T12:41:30Z,733f21ebebe353e10a55a74b40a0a480e6d276334d4f3d8bcf85b711,60.16075,24.95883,00000000f1124bca,16.1
13949,2019-08-04T12:41:30Z,738ce77abafd1ca6f80e6f28e84d1b1886db4cfda3be6ffcdf52c1b1,60.14699,24.922,00000000a53ed894,12.69
13950,2019-08-04T12:41:30Z,745e52dafbfa395ea41c5fcd0c2717b9091e44d19ab89e03991fdbb7,60.16762,24.95415,000000006b44cce7,8.38
13951,2019-08-04T12:41:30Z,74cb545f76f0bfc5498607247e26e814276a11ce91f77208054ecbc5,60.17002,24.94407,000000006b087f40,23.56
13952,2019-08-04T12:41:30Z,759f94c852ff15ca91c3138913c3858c4801702f8f0514ae82fb2a19,60.16897,24.95222,00000000aa852af1,21.87
13953,2019-08-04T12:41:30Z,7664b7f08aaa059ecf6646a595c33fae0c80715febe63e31f45a4662,60.16762,24.95415,000000006b44cce7,7.05
13954,2019-08-04T12:41:30Z,777cceac7be6303a1c82f7cc68061528b01e3aa1b3aa6481cad9e5e3,60.16075,24.95883,00000000f1124bca,5.41
13955,2019-08-04T12:41:30Z,77ceaec4fde53902092d2d373c6253344ab0dfea86c11865279cd49f,60.16829,24.94214,00000000afef4555,14.89
13956,2019-08-04T12:41:30Z,7953eb6c982160df4a8fc08a35e892cfdfacf3438067866d2f21f841,60.16762,24.95415,000000006b44cce7,14.89
13957,2019-08-04T12:41:30Z,79bde23c1a8980f93a65e14306f0d8ea89e164430d8b991e2bfee82e,60.16531,24.9442,00000000fdda10fe,12.69
13958,2019-08-04T12:41:30Z,79d26f15a82c94ac5d05e0f2b6a6beeae1f407972ec39665d7ab9535,60.16829,24.94214,00000000afef4555,5.41
13959,2019-08-04T12:41:30Z,7a0c0b525f2d3eed6c873bd3b8d27bede551fe4a428ac15c23deadae,60.16075,24.95883,00000000f1124bca,13.75
13960,2019-08-04T12:41:30Z,7a4a06d20ebe57d94e5fceeaf47d5b56ad9a515818e9c20e21a80e61,60.16629,24.95957,00000000fb7600be,20.28
13961,2019-08-04T12:41:30Z,7a97375000483176c3b37cc0d1744a950d9b322ce3534208fce0b21d,60.14699,24.922,00000000a53ed894,7.69
13962,2019-08-04T12:41:30Z,7ab335e046f7f3597f8f615a90857885e35cfecefebd5d24bbf0af90,60.16075,24.95883,00000000f1124bca,7.05
13963,2019-08-04T12:41:30Z,7ad93fed82e41ea4422fa101badc698b0328c3ebf0f6b73c5164d438,60.16897,24.95222,00000000aa852af1,8.38
13964,2019-08-04T12:41:30Z,7b1c2b4a083f1544ffd4b5e2e87ab8a58a7bb64abb0f8ce3e53b2ed2,60.14699,24.922,00000000a53ed894,20.28
13965,2019-08-04T12:41:30Z,7be762f58d54665c5e6668eb2fb3eae7201522ddff196bbc5eb731f0,60.14947,24.91438,000000004ef3150d,11.7
13966,2019-08-04T12:41:30Z,7d9a3d84c09c3a8d6876389e216e0278048d6b924890fb275a078ffb,60.16531,24.9442,00000000fdda10fe,0.59
13967,2019-08-04T12:41:30Z,7e76449e59f1e3a1a615b54408115353fbb14d815390d03a73b1a7bb,60.14947,24.91438,000000004ef3150d,9.92
13968,2019-08-04T12:41:30Z,7ee87b87cf01698f643e1ba3117b245039edc811605df5dc802e7576,60.14947,24.91438,000000004ef3150d,11.7
13969,2019-08-04T12:41:30Z,7f2f97e26d55f653ed70260ea4f893d01a3984cbdf6d7a3bfb2641de,60.16829,24.94214,00000000afef4555,9.92
13970,2019-08-04T12:41:30Z,7f3c9dd2c7352cb81fb186a7d700841d2bcb47cd8ea0d5f8719b5908,60.16762,24.95415,000000006b44cce7,9.92
13971,2019-08-04T12:41:30Z,7f786ec8e06f1ca3bdd10fc60d0114baf354125b8f6cf796d197f4cc,60.16075,24.95883,00000000f1124bca,8.38
13972,2019-08-04T12:41:30Z,7fe10e69931c2d658099a314f3fce64865329e12a7b834c375e2d5d2,60.14699,24.922,00000000a53ed894,13.75
13973,2019-08-04T12:41:30Z,80cbcb887f3e351e3bef7c5f53dccc578cc3494feec514aed7015c0d,60.16075,24.95883,00000000f1124bca,3.74
13974,2019-08-04T12:41:30Z,80cc39b04598f971820e63498fd27ae72a12a45a60c220fe625b282a,60.14699,24.922,00000000a53ed894,11.7
13975,2019-08-04T12:41:30Z,82411c6526228322a61f59259f13adf7cde62bd767587b6735867705,60.17918,24.95141,00000000675d5200,9.92
13976,2019-08-04T12:41:30Z,83073c017c8293e4b6eab781fbc2147fafa144d33b3618abd1ae5d90,60.17065,24.93641,000000000f4919c9,27.28
13977,2019-08-04T12:41:30Z,83121a75723643c48e3c3b0a3ea5fccb532046432ca445833e8de06a,60.16762,24.95415,000000006b44cce7,3.09
13978,2019-08-04T12:41:30Z,849a662d95d4185421aff7c6213ba5d7b84cfc58c9fb30ff34054e4c,60.16075,24.95883,00000000f1124bca,9.12
13979,2019-08-04T12:41:30Z,84a2754d633d2364ab8245dd97ac58e0bfad70a8380a357871afcc01,60.17002,24.94407,000000006b087f40,18.79
13980,2019-08-04T12:41:30Z,859b417d0b562f5c4ab33c3877c95cd7cbb332db91dcd0f4e7a4f3b6,60.14699,24.922,00000000a53ed894,17.4
13981,2019-08-04T12:41:30Z,868cd7608ed6beb209db2aad8c71f56b8aec3a6b453be18e4af217a2,60.17065,24.93641,000000000f4919c9,33.81
13982,2019-08-04T12:41:30Z,8822ffe19dec49fe874ac377de5a0504e931e342ecc1f5b1fcb939e5,60.16897,24.95222,00000000aa852af1,21.87
13983,2019-08-04T12:41:30Z,885bcc6af7d0aa9718fe1030e32ffff1de5171ae5ef67cf0011874fb,60.14947,24.91438,000000004ef3150d,11.7
13984,2019-08-04T12:41:30Z,8947a5209f3b32173d3dc72792039edf94a2711741ab041b62b30643,60.16762,24.95415,000000006b44cce7,4.5
13985,2019-08-04T12:41:30Z,8a08b2de43a9ef03cf96610718c908e69dcacc59f536a7135b7bb542,60.16629,24.95957,00000000fb7600be,17.4
13986,2019-08-04T12:41:30Z,8b641985c793a3f25a45b2460cb01f5baa6f339c6dd26ba7752d8a7a,60.16897,24.95222,00000000aa852af1,7.05
13987,2019-08-04T12:41:30Z,8ba6cfc17ca70e8304994e018ebd5eb2003177062cde05925d5cacb3,60.173,24.92524,0000000096918cfa,16.1
13988,2019-08-04T12:41:30Z,8bbf5422247a0a6be314130d8fd9ae1814401b75acf3b3ce2da9620c,60.14699,24.922,00000000a53ed894,11.7
13989,2019-08-04T12:41:30Z,8d528b00553162a9dd47d2296d15b2fad89aad6a508424d4589618a1,60.14947,24.91438,000000004ef3150d,18.79
13990,2019-08-04T12:41:30Z,8d73f674010f5cb02e8f20251ed86a9afcb7f6b3926039470296bd00,60.17065,24.93641,000000000f4919c9,18.79
13991,2019-08-04T12:41:30Z,8d8a869e83fe2ac29e791666634a33af3ea4048ea4e752b6fb1e238c,60.14947,24.91438,000000004ef3150d,5.91
13992,2019-08-04T12:41:30Z,8dcf139eb279bcc2696420ba9da858e361600ff02cd29587f66660ec,60.16897,24.95222,00000000aa852af1,18.79
13993,2019-08-04T12:41:30Z,8de3d516b6cffb3335f9ebec3f6068b693db224f56eae6a50d7c6320,60.16531,24.9442,00000000fdda10fe,33.81
13994,2019-08-04T12:41:30Z,920dc90f60b295267f63efc8f968408087b71878dc3f49f0ded1c41e,60.17918,24.95141,00000000675d5200,11.7
13995,2019-08-04T12:41:30Z,926717d61529080dfc4c7f8cdcdc82c6490d2a5129474524b8c40ea4,60.16829,24.94214,00000000afef4555,9.92
13996,2019-08-04T12:41:30Z,93a2100e233b204243f7e69b68dea7c9a145d1b5384bd18359bf87a3,60.16531,24.9442,00000000fdda10fe,2.54
13997,2019-08-04T12:41:30Z,93e409819362e2429a43710ff4330bd3ed83011b73ae438dd7fb62d8,60.16762,24.95415,000000006b44cce7,11.7
13998,2019-08-04T12:41:30Z,9604244c18efd5978b809f021651f7743e0e64da38fcf3718f9b4f93,60.14699,24.922,00000000a53ed894,5.41
13999,2019-08-04T12:41:30Z,97264f5808fa13851dacabf0c98525eec29849ff4b6a744cc777fd5b,60.16075,24.95883,00000000f1124bca,9.92
14000,2019-08-04T12:41:30Z,9736a8a29aee134a307e0cd4221e9b0a2ab7c48befee43fc62e9f9bd,60.14699,24.922,00000000a53ed894,13.75
14001,2019-08-04T12:41:30Z,9862cafd709b75d07c83b397773e0cf33564666cb81814bdbf5e54f2,60.16897,24.95222,00000000aa852af1,13.75
14002,2019-08-04T12:41:30Z,98bb3b6f5e2403b14b8e01616c07b03bb1fd153ded656033d7bd3533,60.16075,24.95883,00000000f1124bca,12.69
14003,2019-08-04T12:41:30Z,99334da99912e6d4b516e02432e7f88db5a5b87f635722bc3a8b38a6,60.14699,24.922,00000000a53ed894,18.79
14004,2019-08-04T12:41:30Z,9a9db814dfa74ca2c2d51496299715310e81c6e6525cc9d2cb0762eb,60.16897,24.95222,00000000aa852af1,17.4
14005,2019-08-04T12:41:30Z,9ba6f9fb8bb950d16224b4182d3c3d8349a0f50619be329c165417e0,60.14947,24.91438,000000004ef3150d,14.89
14006,2019-08-04T12:41:30Z,9bad872c31c8c5e53f064b5367350b41271d45ca8a9e508136622800,60.16897,24.95222,00000000aa852af1,12.69
14007,2019-08-04T12:41:30Z,9ff13c715073d5ad9c464cb67b6de3f703435cf389c32cce5626dfe1,60.149,24.9843,00000000fffb8cf0,20.28
14008,2019-08-04T12:41:30Z,a01d7427dcaa19c3efac1cde116c3751db11d6cf2838d0509704616a,60.14699,24.922,00000000a53ed894,16.1
14009,2019-08-04T12:41:30Z,a22736c5d66f417bc6b745f51492549dc2e5a3c766f5e7e23f183b41,60.14947,24.91438,000000004ef3150d,9.92
14010,2019-08-04T12:41:30Z,a2e771418a36fc43aa9719d034aa9e3a7a751c5123e4bd33cc2aeea7,60.16531,24.9442,00000000fdda10fe,38.87
14011,2019-08-04T12:41:30Z,a38a21a97a054541f0423f03758c70227116c05254958373e3e93ad0,60.14947,24.91438,000000004ef3150d,2.3
14012,2019-08-04T12:41:30Z,a3d228482bfdd3dbdfaee1ff72b6ac00c2ee8c05e949047ce9117783,60.14699,24.922,00000000a53ed894,7.69
14013,2019-08-04T12:41:30Z,a3fc6806299c898948a47e1ce578633fe0bf8e1786bf950c8fa66a45,60.16762,24.95415,000000006b44cce7,11.7
14014,2019-08-04T12:41:30Z,a41e158d772eaf06a23fe6c476419f78fae156bf286c7e56e79cea64,60.14699,24.922,00000000a53ed894,21.87
14015,2019-08-04T12:41:30Z,a47f8d59e11da7fa47e0cbe518b593e023018f122d5710ffbb775c0f,60.16829,24.94214,00000000afef4555,25.36
14016,2019-08-04T12:41:30Z,a4f416ec0941bb365e3665d7fd224fad15d74225e8ce9f6dd6368bc7,60.17065,24.93641,000000000f4919c9,11.7
14017,2019-08-04T12:41:30Z,a66c6aaed06f5e4b2cde2b0e598cf422548fdbb7d08dfb741f857ec2,60.16762,24.95415,000000006b44cce7,20.28
14018,2019-08-04T12:41:30Z,a6f944078dd26796f5a849ccb6fdf8a4436f913cf3302597c846462d,60.16762,24.95415,000000006b44cce7,7.05
14019,2019-08-04T12:41:30Z,a7472d1b63171c047444981df223670390009e3ea502132d9963e9fb,60.14947,24.91438,000000004ef3150d,4.94
14020,2019-08-04T12:41:30Z,a76d219c3abcc4ec3a54dd834263f9a24972c71be4c7bbbfc663f22f,60.14699,24.922,00000000a53ed894,7.69
14021,2019-08-04T12:41:30Z,a794d97e26d3678bb11b4364880414bb7bfac4bb49d1867b37b489f7,60.14947,24.91438,000000004ef3150d,9.92
14022,2019-08-04T12:41:30Z,a7cce3f9a15a6ef0eb226d7d512132b28b0f60f3ee1ac61caae74b67,60.16448,24.97323,0000000053c6c2be,23.56
14023,2019-08-04T12:41:30Z,a8df2631c2442628608c1f0352c896eb532a6ca08c85de2c77360aa8,60.14947,24.91438,000000004ef3150d,12.69
14024,2019-08-04T12:41:30Z,a96e9a3805def174e6ededa93b88ce312739d9d68941dffdeca03e9f,60.16762,24.95415,000000006b44cce7,2.8
14025,2019-08-04T12:41:30Z,a9dfc9065260957b1eb8dc3b11b793f73f7940fa5cb61acb16a260e2,60.16897,24.95222,00000000aa852af1,20.28
14026,2019-08-04T12:41:30Z,aa076c3f0d09145aebbb750dde9849ba4eb6759e92ba5753280184d6,60.16762,24.95415,000000006b44cce7,9.12
14027,2019-08-04T12:41:30Z,aa5773b59ce2bf1eee53e4e77cd3c261465d2ea538c9a85b8de30cd8,60.14947,24.91438,000000004ef3150d,14.89
14028,2019-08-04T12:41:30Z,ac93ac0788af8e1b0f20fada4f15ca1ad31f4084b133482d8211571d,60.14699,24.922,00000000a53ed894,16.1
14029,2019-08-04T12:41:30Z,acdcc8ae1d1c6bb055dfc108154eae58b4b894f0ce1ff174c1065c7e,60.16762,24.95415,000000006b44cce7,1.7
14030,2019-08-04T12:41:30Z,acf2ca75fc89f696e4c4e66a3328bbd0d7e9245a7e0a24d94db9db8c,60.16629,24.95957,00000000fb7600be,23.56
14031,2019-08-04T12:41:30Z,ad8af809ed47a3391bb53d11da159b3a8b0ddc264d94c049ce72bda0,60.17065,24.93641,000000000f4919c9,0.59
14032,2019-08-04T12:41:30Z,ae828cc3f1fa739d818186776cff673c88a05d0f3dedfb4a765a54fd,60.16829,24.94214,00000000afef4555,16.1
14033,2019-08-04T12:41:30Z,aebba42e4dd1ce769871996739978c7f80bb88994a3616c908b2cd1a,60.173,24.92524,0000000096918cfa,25.36
14034,2019-08-04T12:41:30Z,aec4b11f0b1ec075878ca4a3b94da464f6fc96e330b913d5bfd346b0,60.16897,24.95222,00000000aa852af1,4.94
14035,2019-08-04T12:41:30Z,b06c7ebb0cc7182279f47fe99da297fb7bda883549cb7bbc05dff36f,60.16829,24.94214,00000000afef4555,17.4
14036,2019-08-04T12:41:30Z,b12b27061f30d5659794f14cbed5e4726c5af1ef526611d3b2dded29,60.14947,24.91438,000000004ef3150d,16.1
14037,2019-08-04T12:41:30Z,b26a9be85f5fd17ea58397762fa55db3c8f68fb709d586d61527c892,60.16829,24.94214,00000000afef4555,5.91
14038,2019-08-04T12:41:30Z,b27b090bd1bd9828dcb6ddbd0a1394e4aa097974747dff90ba0eff71,60.16897,24.95222,00000000aa852af1,18.79
14039,2019-08-04T12:41:30Z,b3d99c04e3db6b698e6e54f19434461336954d0c15385bff6e557be8,60.173,24.92524,0000000096918cfa,20.28
14040,2019-08-04T12:41:30Z,b41cc64d7ab4e16a03573bdc3b5863c4b402ec66c7780c7900c02877,60.16829,24.94214,00000000afef4555,11.7
14041,2019-08-04T12:41:30Z,b523d3f8341906e4b3877ff7d9614b4e10d6bbf10afdcc6c53656c8f,60.17065,24.93641,000000000f4919c9,23.56
14042,2019-08-04T12:41:30Z,b5e3abaccf4a03480985d25eb9fbf454c87f7ad06c38c8bdeb0819fa,60.14699,24.922,00000000a53ed894,23.56
14043,2019-08-04T12:41:30Z,b7039958be9f53a3eaed97f705a1974815f52f25226e920155397bec,60.16075,24.95883,00000000f1124bca,12.69
14044,2019-08-04T12:41:30Z,b82ba472f0cb919b39c31b9c737f1608f6a31ffa63352768f9fa12ea,60.16829,24.94214,00000000afef4555,16.1
14045,2019-08-04T12:41:30Z,b92c7fb1d77c3f326d59dbe2689bb5b8ff10fcd691f28b36aa98408c,60.17002,24.94407,000000006b087f40,25.36
14046,2019-08-04T12:41:30Z,b9c0ac0bb7310d92c296a8870603ebd12c0c632cfc2a1fa33092b337,60.16762,24.95415,000000006b44cce7,5.91
14047,2019-08-04T12:41:30Z,ba9825bb3cfae6aeb29833f0a11189802065c73f8e541b2bcb5b572f,60.14699,24.922,00000000a53ed894,18.79
14048,2019-08-04T12:41:30Z,bb0193f2b0ac4801fe82ed5cec75e687465d707d92e731047f81650f,60.1538,24.95595,0000000038bf9618,1.25
14049,2019-08-04T12:41:30Z,bbe1e18f88cf88928067a0221965768c1f2ae264291cea564d7eb7e8,60.16897,24.95222,00000000aa852af1,11.7
14050,2019-08-04T12:41:30Z,bbe7947ea50de5986f237ccab5782ddb55c199ad6a81e8f692670d0c,60.16829,24.94214,00000000afef4555,11.7
14051,2019-08-04T12:41:30Z,bc07df8cc395f6f4f5d483b2233caca5f93a6918f346e4cc3702f8cc,60.16531,24.9442,00000000fdda10fe,13.75
14052,2019-08-04T12:41:30Z,bddca8fc17056f9f207a259070e281eedf4cea3e8e22093b88bbd7b5,60.14699,24.922,00000000a53ed894,11.7
14053,2019-08-04T12:41:30Z,bdff3780e8c8abfdca39eab1fa9d3bfc75b96e015b7c6ea951de3215,60.14699,24.922,00000000a53ed894,21.87
14054,2019-08-04T12:41:30Z,be21a77f983baae8e0ba646eda0988a618149dcc7ef4c303c35d5377,60.14947,24.91438,000000004ef3150d,17.4
14055,2019-08-04T12:41:30Z,bef86aee891e6813146b3b9679809c39591429ebddf99a44cc9a60ed,60.14951,24.92138,0000000006dd41f6,27.28
14056,2019-08-04T12:41:30Z,bf2e5725b255e320f1e8375ec03f55194f1fd9f751be9629d873a5c8,60.14699,24.922,00000000a53ed894,3.09
14057,2019-08-04T12:41:30Z,bf992d3cd95a73f02d7223eaffe90a94e3e1e98a8c6759bab631b5b0,60.14947,24.91438,000000004ef3150d,12.69
14058,2019-08-04T12:41:30Z,c0722f63618f97eb8ec4afac1a8538b81a3c87e623d753ad1201bf7c,60.16075,24.95883,00000000f1124bca,12.69
14059,2019-08-04T12:41:30Z,c0a0ca3433586ed2ae0e448f2406fabac7292ac79d49562e0bd5cef8,60.16762,24.95415,000000006b44cce7,13.75
14060,2019-08-04T12:41:30Z,c1e4323d2276cb6e358f5fabb123294e7a0ef87e7169f3cccc8f2e03,60.16075,24.95883,00000000f1124bca,18.79
14061,2019-08-04T12:41:30Z,c22d0093a8d103f59838ad43218fa834e328847e5094bcb2e98d5307,60.16829,24.94214,00000000afef4555,12.69
14062,2019-08-04T12:41:30Z,c261834e6d2c1bd9adddb82d8c6ce2d8aad82a89e32da62f3fcc6063,60.16075,24.95883,00000000f1124bca,14.89
14063,2019-08-04T12:41:30Z,c36d58ed0e0dddb3e26be1214e369db1c3fa3d4bcf8b53536a25239b,60.17065,24.93641,000000000f4919c9,2.3
14064,2019-08-04T12:41:30Z,c3be6dcc2c0542676c20d28ce38adbe2c0b9be09caa3f22e60210636,60.16075,24.95883,00000000f1124bca,23.56
14065,2019-08-04T12:41:30Z,c493415e869d6e6304841784a120f994272b83557256b43e44e4f3e0,60.14699,24.922,00000000a53ed894,10.78
14066,2019-08-04T12:41:30Z,c4dfae0a1b1bd27741275e8f26148b119bf7225960b4275e488612b9,60.14699,24.922,00000000a53ed894,17.4
14067,2019-08-04T12:41:30Z,c551d554f64ffda092ce6c4a6715f0ed438c9649f7676b2944f1ea2f,60.14699,24.922,00000000a53ed894,20.28
14068,2019-08-04T12:41:30Z,c593e91b10da944a20d25c4237bda2fae759d288cea38bcaaee3abfa,60.16448,24.97323,0000000053c6c2be,21.87
14069,2019-08-04T12:41:30Z,c633a260ce59bad4e1ca42f12936ed8ae57a40f5e6528dfb70052c43,60.16897,24.95222,00000000aa852af1,7.69
14070,2019-08-04T12:41:30Z,c6b973b57d5574eb3341b3141a5ba2b28f477ae9e702ab4ae701cc0d,60.14699,24.922,00000000a53ed894,12.69
14071,2019-08-04T12:41:30Z,c905a50dedd9b3d2114cde9160b7adf83adc09683b65598ce24c4047,60.1538,24.95595,0000000038bf9618,12.69
14072,2019-08-04T12:41:30Z,ca507a06be040b3e520339b63d5bd15463a1862124c4bd940d936e4a,60.16762,24.95415,000000006b44cce7,14.89
14073,2019-08-04T12:41:30Z,cad80f69731ad65f7f14bf400d674e0c42de462bd42db112c9d9f261,60.16075,24.95883,00000000f1124bca,20.28
14074,2019-08-04T12:41:30Z,cbc336691f17a9c508549e03d522166247a0cd0a944321c1a7d15525,60.14699,24.922,00000000a53ed894,7.69
14075,2019-08-04T12:41:30Z,cc2cf42c6b14536fb92c810ff0e3dd5a3caa74236f14246a5b6e8cdc,60.16762,24.95415,000000006b44cce7,6.46
14076,2019-08-04T12:41:30Z,cce6b6f309e43e2bb1be6a9784582a82891e976d0869d01040586d27,60.14947,24.91438,000000004ef3150d,3.4
14077,2019-08-04T12:41:30Z,cd4ecd3b83630f6e5d65f635804e47a1ceb82853aac36af30044f06a,60.149,24.9843,00000000fffb8cf0,8.38
14078,2019-08-04T12:41:30Z,cd9b2be9ffb37c8b7c5c25f587c95b1c7932a21fb245487ea2f740d9,60.14699,24.922,00000000a53ed894,10.78
14079,2019-08-04T12:41:30Z,ce6a8017f454ee88825097762b1bdb8e5ba78fff9cd3e49bc2ee2400,60.14699,24.922,00000000a53ed894,20.28
14080,2019-08-04T12:41:30Z,ceb777dafa9b7e39125b89735b7f0cf22c3018eb0196043ac8160370,60.14699,24.922,00000000a53ed894,11.7
14081,2019-08-04T12:41:30Z,ced0425d382ce86b7565a8b7b36a453a0880a08ba10090524e6c1ac5,60.14699,24.922,00000000a53ed894,18.79
14082,2019-08-04T12:41:30Z,cfa42322be0000cf89d8969d1b88ace0ba99cab721dd58d55d41a36e,60.17065,24.93641,000000000f4919c9,12.69
14083,2019-08-04T12:41:30Z,cfc2a688ff31fbb1baac8790fb6d56dc7746ba2cf9e0e5f39d4751a4,60.14699,24.922,00000000a53ed894,5.91
14084,2019-08-04T12:41:30Z,d03671e2aa8386fb28a425b20505ceed966063990d65611e2dfda4f2,60.16075,24.95883,00000000f1124bca,27.28
14085,2019-08-04T12:41:30Z,d0413da80c7714f40ffe50dcfb00039280c64ecebc61c59df72965e6,60.149,24.9843,00000000fffb8cf0,18.79
14086,2019-08-04T12:41:30Z,d0aa228c2a3e6e1568e876cffc76874702e0f0f63f18533551bf02c1,60.16075,24.95883,00000000f1124bca,21.87
14087,2019-08-04T12:41:30Z,d12f9e6275869a74f979eac17b326dfe329bbd78b8732fc998b5f132,60.14699,24.922,00000000a53ed894,17.4
14088,2019-08-04T12:41:30Z,d1e3b42846da964eb43395a0c02d5cccd930d1a09090f9d668f1ebd9,60.16829,24.94214,00000000afef4555,21.87
14089,2019-08-04T12:41:30Z,d295fce65c7332728ab79761524c814f41bd0cefa3ad9ef62ac18993,60.15133,24.92329,00000000e8a064a4,27.28
14090,2019-08-04T12:41:30Z,d38e88e5b926f9d1de6e326cca45116fcca11f10684c80876739c6cd,60.16075,24.95883,00000000f1124bca,12.69
14091,2019-08-04T12:41:30Z,d3a37aedae39925bda7da8e4f05a61b85904a00f88e8684006c76351,60.16829,24.94214,00000000afef4555,36.27
14092,2019-08-04T12:41:30Z,d3c0cff604283ea6adeabb4f867f3fcaf8ee41fd27fc600d33c4d70d,60.16075,24.95883,00000000f1124bca,21.87
14093,2019-08-04T12:41:30Z,d5690433f1f0d0855704a06520cd197dac8c6c1293aa376af6854128,60.16897,24.95222,00000000aa852af1,18.79
14094,2019-08-04T12:41:30Z,d56a0c03d5831bd595a31278801bb3e146bfc2fb3fdebd163c9e9ef8,60.14699,24.922,00000000a53ed894,17.4
14095,2019-08-04T12:41:30Z,d64eda229ebb6012e59bc89eacb74918e404ce52f16b491f3d48e800,60.16897,24.95222,00000000aa852af1,13.75
14096,2019-08-04T12:41:30Z,d75c412090c347ad7fca9287bcc4eb9bfb757dc7c1725109861dd93e,60.16629,24.95957,00000000fb7600be,11.7
14097,2019-08-04T12:41:30Z,d7ddfc9e0676391b3abbe5a882fd331c40bf9e846dcef32ddf4fdca4,60.16629,24.95957,00000000fb7600be,23.56
14098,2019-08-04T12:41:30Z,d87210146aab139cc6640a20b428dce6ac516806a71a177b70e04f62,60.17065,24.93641,000000000f4919c9,7.69
14099,2019-08-04T12:41:30Z,d8983a8fe916583702bb776d3d8d3cbbe9e78778fd44d07c52ad1f2d,60.14699,24.922,00000000a53ed894,18.79
14100,2019-08-04T12:41:30Z,da0c40291d3ace2273a08e3c9b87cbc15b0f03d0dba61e7c5a88dc0c,60.15432,24.9211,0000000019fb59c4,18.79
14101,2019-08-04T12:41:30Z,daac051ca20430238282e179e0fe525b11ff1e8f1ace26d45b41f331,60.14947,24.91438,000000004ef3150d,8.38
14102,2019-08-04T12:41:30Z,dbf9f0495974591badcee3fcfc1b5eb718b26de86aaf486c351ad084,60.14947,24.91438,000000004ef3150d,17.4
14103,2019-08-04T12:41:30Z,dc15145376f4a497910c8d2231d671bf62f1918ad93938a48fdc3eb4,60.149,24.9843,00000000fffb8cf0,23.56
14104,2019-08-04T12:41:30Z,dd4d709c749e6cfcf1531575846683d4ca730e850e17c6dd39252f8e,60.16075,24.95883,00000000f1124bca,27.28
14105,2019-08-04T12:41:30Z,ddc8410b9e4ece4b995b789f95e526693bac176ed77092ba57355dc8,60.16762,24.95415,000000006b44cce7,6.46
14106,2019-08-04T12:41:30Z,ddd849ee86afceedd5f5582ede84380d5596c9ea304d634ab0fd0de0,60.16829,24.94214,00000000afef4555,3.4
14107,2019-08-04T12:41:30Z,de09fd8d15c3d7adbf440a3d0a418a3b476513c968bda8a4aa652adf,60.173,24.92524,0000000096918cfa,18.79
14108,2019-08-04T12:41:30Z,de0d086ae32f87522eab31d3bc52545ed17b065889674963c0709568,60.16829,24.94214,00000000afef4555,11.7
14109,2019-08-04T12:41:30Z,de3fe5f63e74a582e06c8cb02e6128d6013827015ba3e2fe93082977,60.17002,24.94407,000000006b087f40,23.56
14110,2019-08-04T12:41:30Z,e02c0f9f72e9f248a4b5df8af328e1a0132d4d8a72c1e603d14cdacd,60.18203,24.91341,00000000342570c2,27.28
14111,2019-08-04T12:41:30Z,e0ff1e75104c5dfa3549647c238569888e353e1322256a5c6979de0b,60.14699,24.922,00000000a53ed894,12.69
14112,2019-08-04T12:41:30Z,e23a6115ba872037f9b5066c9c9c966b497f449e32a2c9ceb0e55497,60.16829,24.94214,00000000afef4555,16.1
14113,2019-08-04T12:41:30Z,e341e5e3e0b4fef8c3764508293310da5922b202d791694e43069ad1,60.16544,24.95398,0000000038d83d41,16.1
14114,2019-08-04T12:41:30Z,e429c831feb479441d498efd8b97fc9e32328ece33b936d90d326701,60.18203,24.91341,00000000342570c2,25.36
14115,2019-08-04T12:41:30Z,e447e76c7b53157c11d5bfeb172c27332c81b5ec7f263badf5507888,60.149,24.9843,00000000fffb8cf0,9.12
14116,2019-08-04T12:41:30Z,e621e7131322cca25ac9c09fde26ef4c94d2ba83c5679134b2bcf63d,60.16762,24.95415,000000006b44cce7,11.7
14117,2019-08-04T12:41:30Z,e6f7965f2ef456f61121bcce5e466f125192e511c2af72d901307e8e,60.16762,24.95415,000000006b44cce7,9.92
14118,2019-08-04T12:41:30Z,e826dedac8582e619ce18cd7eed68be5ee1fc9ed37e191e06f916835,60.14947,24.91438,000000004ef3150d,13.75
14119,2019-08-04T12:41:30Z,e9115410fa45db5a174eee008cae729dc69937a0e0b5a304899bf1b9,60.17065,24.93641,000000000f4919c9,25.36
14120,2019-08-04T12:41:30Z,e92eb020afcd7c1fad04690230ff8c2f005e404dd25b8dced1df30dd,60.16075,24.95883,00000000f1124bca,5.41
14121,2019-08-04T12:41:30Z,e9b741533f0b8b77cb324e105a9c1e7350570faa6d44abf69911887a,60.16829,24.94214,00000000afef4555,41.64
14122,2019-08-04T12:41:30Z,e9e19621fc5cfcfed2c808bbadc6cc6dd31e28d3c04cef8b89ca2729,60.16075,24.95883,00000000f1124bca,12.69
14123,2019-08-04T12:41:30Z,ea157e44ed100be3f782d8b3d8e5e0986079c588c9ea754b14917df0,60.16829,24.94214,00000000afef4555,1.01
14124,2019-08-04T12:41:30Z,ea2f4d9799324f4cd2a6fcda1625b65acdbab9f6b8331c26f63beec2,60.16897,24.95222,00000000aa852af1,20.28
14125,2019-08-04T12:41:30Z,eaa9924da1e700147607d5145e2b55b48b65deea922ee2e59bd1d5a7,60.173,24.92524,0000000096918cfa,25.36
14126,2019-08-04T12:41:30Z,eac6fda3a18aa9ce55b6359f5c62a044e0bcd6bc3576c8cd815acf07,60.14699,24.922,00000000a53ed894,13.75
14127,2019-08-04T12:41:30Z,ec350e26364cb676c4cdb72647f039c31e27c775e7bb8973223e5d9b,60.14947,24.91438,000000004ef3150d,17.4
14128,2019-08-04T12:41:30Z,ef352dcaa8317b6a3c0a02cd8908dd13da5601cc66ba65c5fd8d031a,60.14947,24.91438,000000004ef3150d,3.4
14129,2019-08-04T12:41:30Z,efe8b6c6fdf0d2caccd589aaaa4f0228a80590ff9ec7961f2e92103d,60.16762,24.95415,000000006b44cce7,11.7
14130,2019-08-04T12:41:30Z,f062cb52d49926a4fb39f723275ed60ab6c0f3bf34e0c3f9d233b7b8,60.14947,24.91438,000000004ef3150d,4.11
14131,2019-08-04T12:41:30Z,f15b72a3aad411d2f8a70b41c4f62ad2d744d064d42ec00c71a18ac5,60.16762,24.95415,000000006b44cce7,4.11
14132,2019-08-04T12:41:30Z,f20f951802c722181f0e90095001c49e73f84049bb105b95c97049d1,60.17918,24.95141,00000000675d5200,20.28
14133,2019-08-04T12:41:30Z,f2759841619517bff6a58510ebb0ddbc9378cd300d99652f9b14f90d,60.16531,24.9442,00000000fdda10fe,25.36
14134,2019-08-04T12:41:30Z,f2deba4ef84dbbc8c5d8524f6e2311183003bce4f9bfa6aef5b5ef66,60.14947,24.91438,000000004ef3150d,5.91
14135,2019-08-04T12:41:30Z,f2e063c8c25a8bec0dd6ec3924a5f59fd9694078f2f3fd5b3ea96f29,60.16762,24.95415,000000006b44cce7,12.69
14136,2019-08-04T12:41:30Z,f366283765028e1454f3cfc564b9f220c9d700bfa8a843746eca3141,60.16897,24.95222,00000000aa852af1,27.28
14137,2019-08-04T12:41:30Z,f39827c3c7f4c833d1118043492f78e3255b6da9f4a2c000041d9b61,60.16829,24.94214,00000000afef4555,1.88
14138,2019-08-04T12:41:30Z,f57853f71a35677d9b6de74cf0f3bdcc42821f886daf65feb9ab4330,60.149,24.9843,00000000fffb8cf0,29.32
14139,2019-08-04T12:41:30Z,f5f7cfe177dfb0b7ebba2419ae53f70b6b5690dd98d98586004a9107,60.149,24.9843,00000000fffb8cf0,9.92
14140,2019-08-04T12:41:30Z,f74e6d09d258e27d6ddddd51a7dfec9b3038e669e50f8a122bffd157,60.15133,24.92329,00000000e8a064a4,25.36
14141,2019-08-04T12:41:30Z,f796c9efc581b25280d4b416f8ba3aecca6ddf083e7bdad05f6e595e,60.14699,24.922,00000000a53ed894,10.78
14142,2019-08-04T12:41:30Z,f7f0caf73572bea3c08b592eeb9655b2668cfb16fd8840ca5619d84a,60.14699,24.922,00000000a53ed894,6.46
14143,2019-08-04T12:41:30Z,f84faae0aa9ce2d1d09d270282dd81033ad1352346128534d8c3fc7f,60.149,24.9843,00000000fffb8cf0,33.81
14144,2019-08-04T12:41:30Z,f868d87b5d5a7094b60a131cd3e120c25787ebf751f7c93640b34942,60.16897,24.95222,00000000aa852af1,20.28
14145,2019-08-04T12:41:30Z,fa96854324adae88abb35afa34b2393a20338bfd8fc9602d3ce6ae8d,60.14947,24.91438,000000004ef3150d,2.3
14146,2019-08-04T12:41:30Z,fadc39da3cd26ac621092fbbff224b95bb13446c8d24bbf4f3e50e90,60.14947,24.91438,000000004ef3150d,6.46
14147,2019-08-04T12:41:30Z,fca3daa86786d92fe75c43051a906ab67c8b95c774a1227b3c45ce10,60.18203,24.91341,00000000342570c2,21.87
14148,2019-08-04T12:41:30Z,fd77161cf9715d9d0f922cf45e79e5d9b9debef5113cb32a4f82ef76,60.16762,24.95415,000000006b44cce7,6.46
14149,2019-08-04T12:41:30Z,feb399897846bc34dc3f4b06ac4ef0ffb0db885977b88e5c5fdb7350,60.14699,24.922,00000000a53ed894,10.78
14150,2019-08-04T12:41:30Z,ff4f3e0f964f23b97e88626f7a506bb4409718931712c58ce0f247af,60.16762,24.95415,000000006b44cce7,11.7
14151,2019-08-04T12:41:30Z,ff8280896145ae17e594c52eac2cdbab47d3757d797878fbc4298596,60.1538,24.95595,0000000038bf9618,31.5
14152,2019-08-04T12:41:31Z,07d86ad98399440d0cc3bd3382a7256feb971e49a3686dc17f532e1c,60.16829,24.94214,00000000afef4555,14.89
14153,2019-08-04T12:41:31Z,1142f5b6806b1ec7d8d47d47013eb530d8a7418f6934d8867b20966a,60.16829,24.94214,00000000afef4555,18.79
14154,2019-08-04T12:41:31Z,14c7e1511b70f4dd3359cbece1377aebb4d70531f5489eefe53d7c3c,60.16544,24.95398,0000000038d83d41,27.28
14155,2019-08-04T12:41:31Z,1599d2c9070a6f05e1a5887c2d9209214c04818c6203fe75440734f2,60.1538,24.95595,0000000038bf9618,27.28
14156,2019-08-04T12:41:31Z,165ebbb4090d47319ae370f0d0854fdc1f6b79499f8b2e4d3c3533c0,60.16544,24.95398,0000000038d83d41,27.28
14157,2019-08-04T12:41:31Z,1e7ea410376fbdb3f3c476c76d23abad5d830690f78f71ea06f7e321,60.16075,24.95883,00000000f1124bca,11.7
14158,2019-08-04T12:41:31Z,211f6b7b044343d0be369791b3fa3c144d0d0f391e2a42787712efb0,60.16448,24.97323,0000000053c6c2be,12.69
14159,2019-08-04T12:41:31Z,25a7ff811c3c06e426c7c2cbb0433d9a2a3399b23afecbd35584ab0f,60.18203,24.91341,00000000342570c2,14.89
14160,2019-08-04T12:41:31Z,30e3389e320b91ba0341093af7122d03c3b4b3f11096f7885cd6845b,60.16897,24.95222,00000000aa852af1,31.5
14161,2019-08-04T12:41:31Z,315af4a829b592ba99b203b8ed2cbd499769f8752dfe6de7da4ee929,60.16829,24.94214,00000000afef4555,20.28
14162,2019-08-04T12:41:31Z,3fe84a5a1e657df8910685df3a8cf779a6ebc3362fbc8e578f235ee4,60.15432,24.9211,0000000019fb59c4,5.41
14163,2019-08-04T12:41:31Z,4317f5904a5e6ae921bf743dd534c803083fd90b15a1245881beeade,60.16897,24.95222,00000000aa852af1,23.56
14164,2019-08-04T12:41:31Z,43b676ed3aef4c2d8846694817e76117873be52e7f788e0cb366c1c4,60.16629,24.95957,00000000fb7600be,25.36
14165,2019-08-04T12:41:31Z,44d0b94469070803869f229601e877beb613c3f5aafa009addf97a1a,60.16544,24.95398,0000000038d83d41,17.4
14166,2019-08-04T12:41:31Z,4d78d16b0cd79cc600b42ad9bc5504bf56df36a3e95daeeecc070053,60.16897,24.95222,00000000aa852af1,18.79
14167,2019-08-04T12:41:31Z,5d65719c4cbf045f068d084b72302f447d5fd034413d97d13be00d0e,60.18203,24.91341,00000000342570c2,18.79
14168,2019-08-04T12:41:31Z,5eed115a984d490b02b602d73787aee8dc8c4e9365b77fbff3818a76,60.16629,24.95957,00000000fb7600be,16.1
14169,2019-08-04T12:41:31Z,5fecff186138a9b3e31c6086c33dcd5f1d209e64f0afeed7c688cab0,60.16897,24.95222,00000000aa852af1,17.4
14170,2019-08-04T12:41:31Z,653a92a7828f2c43bc74899753f872e8b93c30b6fb419b651a94bbc1,60.16897,24.95222,00000000aa852af1,12.69
14171,2019-08-04T12:41:31Z,69219e9efa41ae9e732653e9eaf08e1a34cb853a9dafe76ddeea4d04,60.16897,24.95222,00000000aa852af1,18.79
14172,2019-08-04T12:41:31Z,6a70e2fbced719333e21eff04fcb9cb36bae9a04d1a3d6ddd96f2c58,60.15432,24.9211,0000000019fb59c4,5.91
14173,2019-08-04T12:41:31Z,6c8861f56a280e7752e10439271a2498527c69b0796f58de4afc6008,60.16075,24.95883,00000000f1124bca,17.4
14174,2019-08-04T12:41:31Z,6f06341f358e61699fe1e55e986dd0554bc8da28b91daf0c5ad99db6,60.16629,24.95957,00000000fb7600be,23.56
14175,2019-08-04T12:41:31Z,737efc92e3419e9d96a8559ec341ea7e18ba6381fd8e4de3d06f82a0,60.14699,24.922,00000000a53ed894,17.4
14176,2019-08-04T12:41:31Z,7678cdb86d454ca9ae52f22d97e635106585a3a046d01da4463695cc,60.18203,24.91341,00000000342570c2,10.78
14177,2019-08-04T12:41:31Z,79f136afa0dd8717337c01c70b457c464aaf0fa25b440f51a394ec23,60.16762,24.95415,000000006b44cce7,23.56
14178,2019-08-04T12:41:31Z,85ef35aecf2ff804be3d958b592705ec41c6df9c128c132c65bb283d,60.16897,24.95222,00000000aa852af1,18.79
14179,2019-08-04T12:41:31Z,87dfaad29a9276ddddb1fa021d3bc23ad14824c1af16f7d87e713689,60.14951,24.92138,0000000006dd41f6,10.78
14180,2019-08-04T12:41:31Z,88808fe92573e9cdf022cc15b9689b6b4b9429f60513c8897b0ba4c7,60.16897,24.95222,00000000aa852af1,17.4
14181,2019-08-04T12:41:31Z,89982a6acf91b79a282a6b63978e946ee205f303fcd20e944e06baf0,60.16544,24.95398,0000000038d83d41,23.56
14182,2019-08-04T12:41:31Z,8c3b1ed0846e38cc84b863a80540c8a75bfd85c8bdda36563d153110,60.16544,24.95398,0000000038d83d41,25.36
14183,2019-08-04T12:41:31Z,8c75c3289c84fe4493e1e272a77b615fe1985880c5dc68a7c1a17b53,60.16762,24.95415,000000006b44cce7,14.89
14184,2019-08-04T12:41:31Z,94c5a69a5ae6e9407c3fa9a6919d99beb3558dd4e6750eb480ddc36f,60.16829,24.94214,00000000afef4555,14.89
14185,2019-08-04T12:41:31Z,9843c6216661048343a0e49cf3d8aa2883cf77f452666a1c873a1052,60.16448,24.97323,0000000053c6c2be,27.28
14186,2019-08-04T12:41:31Z,a23b63dc2df72ba829ea2eabba05dafe724027d59a8f6babf791c1b8,60.16075,24.95883,00000000f1124bca,14.89
14187,2019-08-04T12:41:31Z,ac1f182bc34d1a8fcfb83599a514150d931619d2a8289a617eb1c7a0,60.17065,24.93641,000000000f4919c9,36.27
14188,2019-08-04T12:41:31Z,af807b67ce09a2ce1744025c421961213f1608ca658ece4df69555a1,60.16762,24.95415,000000006b44cce7,14.89
14189,2019-08-04T12:41:31Z,b33ae7715d6d2571066655c2c8954a5a364b5601869047de83410d9f,60.16629,24.95957,00000000fb7600be,27.28
14190,2019-08-04T12:41:31Z,b5fd6b317890e5ab2d79e2cd1abe61626d45a753c7337d0d40728898,60.16762,24.95415,000000006b44cce7,16.1
14191,2019-08-04T12:41:31Z,bb98768dad0f7c52cf643f035a3e7e48f5cfe28557c66f2a75914b31,60.14699,24.922,00000000a53ed894,10.78
14192,2019-08-04T12:41:31Z,bcb0201b0a1edf350ae2f681076e7d2d48ebd94c075bd3ca59552020,60.16897,24.95222,00000000aa852af1,13.75
14193,2019-08-04T12:41:31Z,bce16addb0ad2b7209298c35b3506869253f4e4a612a4cb45803ddf2,60.16075,24.95883,00000000f1124bca,29.32
14194,2019-08-04T12:41:31Z,c068f5b6aef5d05e5a5359bfe82bd3810cd53b3d9e773bc5b4842999,60.14951,24.92138,0000000006dd41f6,33.81
14195,2019-08-04T12:41:31Z,c97eb4181394121907d47b908495f54e5ee5145ff790f7a1dc21b3cf,60.16897,24.95222,00000000aa852af1,16.1
14196,2019-08-04T12:41:31Z,ca6927628f5ddda20036865c9345ad93d476d62ade3b181de568eed6,60.16897,24.95222,00000000aa852af1,21.87
14197,2019-08-04T12:41:31Z,cf05623e4d87ce0906c0b0b7dbf53aacc1228016cd27c341228b6e76,60.18203,24.91341,00000000342570c2,17.4
14198,2019-08-04T12:41:31Z,cfc0bedb78ded52749db3188cb188bf6a250ef5990da9c5afa9623fc,60.14951,24.92138,0000000006dd41f6,23.56
14199,2019-08-04T12:41:31Z,d661caec7a5da6aef734734bbf9090debe494c1afd98050f88f269bd,60.16829,24.94214,00000000afef4555,21.87
14200,2019-08-04T12:41:31Z,ded49640b591e73bff71f84fb99d2739eb6c9554164a015017725e03,60.16829,24.94214,00000000afef4555,20.28
14201,2019-08-04T12:41:31Z,e8e366e76c97944e23c0f80b4fd3ce6e5832744922297146a49f0c7e,60.16762,24.95415,000000006b44cce7,10.78
14202,2019-08-04T12:41:31Z,e96bd269a48b822b06141c3362fcb6d5ed4d0d09a120f2e4a712d5c2,60.16897,24.95222,00000000aa852af1,11.7
14203,2019-08-04T12:41:31Z,ed70dda6b7faebd4340dacdb452ab224d9d3c308df417b7fa76f54e8,60.14951,24.92138,0000000006dd41f6,21.87
14204,2019-08-04T12:41:31Z,eee5797db5c3753514933a12e2485caee4ee5803b4d830ba1c22e5c5,60.14947,24.91438,000000004ef3150d,9.12
14205,2019-08-04T12:41:31Z,f088630d7476dae7d4b7e2bb1f10575f2c89acb4b6e061f3d57c2b40,60.16531,24.9442,00000000fdda10fe,20.28
14206,2019-08-04T12:41:31Z,f237103f284dc6c51c64f9728c4f56e0c855dbb1bf8c4165758c3ef0,60.16897,24.95222,00000000aa852af1,21.87
14207,2019-08-04T12:41:31Z,f405a7c4a3a4339f8e3f7e552f6492d6eed76f7d08c54943286213de,60.16762,24.95415,000000006b44cce7,14.89
14208,2019-08-04T12:41:31Z,f6609ab1076b1105bb845595a03b41b8fbb282f79c337df5bbc9f841,60.14699,24.922,00000000a53ed894,9.12
14209,2019-08-04T12:41:31Z,fc4f3a44235f1cfc7b53f14ba2da599976a5a0a220d23b852688e485,60.17919,24.95181,000000007b5207b6,18.79
14210,2019-08-04T12:41:31Z,009ad4cd2bd97e04da44cc9789e6bdbdb899eded61d05b7d5634b7be,60.16829,24.94214,00000000afef4555,11.7
14211,2019-08-04T12:41:31Z,00a07b1f8113691d8475c54082a14cdd54decf9845a90e75df8031a6,60.17065,24.93641,000000000f4919c9,25.36
14212,2019-08-04T12:41:31Z,010298d620fbe80ab4f46c866c215217b2bf1fd12a2a67b9e56b4ce8,60.16829,24.94214,00000000afef4555,18.79
14213,2019-08-04T12:41:31Z,02290ce195d0c1a6f6c472f83372d8b189973a36922259ef2b595ec6,60.16829,24.94214,00000000afef4555,14.89
14214,2019-08-04T12:41:31Z,02978cd5cb7127a718d3d775079ab940a3e81885ce6106495cca5ee4,60.1538,24.95595,0000000038bf9618,21.87
14215,2019-08-04T12:41:31Z,02a0c11101d94209b1945b117fe2f6c2e93cec0c5c8eb0d847b655cf,60.16531,24.9442,00000000fdda10fe,29.32
14216,2019-08-04T12:41:31Z,036c183505fea646b54aeb0c612913cafba94eca65e47d3c6d840a68,60.17918,24.95141,00000000675d5200,12.69
14217,2019-08-04T12:41:31Z,0479a26a59d65bf1dee05c06f4227a0ba63a6e9c9a09e7c34f2e06b4,60.14699,24.922,00000000a53ed894,11.7
14218,2019-08-04T12:41:31Z,04b49a34910d12f55243dd5a756c7cc1e506e5d3cdb418cc635e9ad9,60.16762,24.95415,000000006b44cce7,5.91
14219,2019-08-04T12:41:31Z,04b5d29c48edaaf4904a98e412562e3c0d857eb20342cc7c323d4293,60.16762,24.95415,000000006b44cce7,7.05
14220,2019-08-04T12:41:31Z,05d441c83d2df822feaf93d7861452db7a201f22d84cfa36f421dfd2,60.16544,24.95398,0000000038d83d41,20.28
14221,2019-08-04T12:41:31Z,0745a2141a9beee786a347d3ee1b071719fd2f4abfeeab7f5248c0ad,60.14699,24.922,00000000a53ed894,11.7
14222,2019-08-04T12:41:31Z,0851ab74be2e888decf0046825f09ed302f7b2275e72b09b5b713d85,60.16829,24.94214,00000000afef4555,9.12
14223,2019-08-04T12:41:31Z,0a0acb70a8ef92be52a64d4425e70bb2f7a17d13942c3382c9d68878,60.149,24.9843,00000000fffb8cf0,1.88
14224,2019-08-04T12:41:31Z,0a5616e066b42895361324cfa8abef41d849a55e3e4bed429bab494b,60.16829,24.94214,00000000afef4555,3.74
14225,2019-08-04T12:41:31Z,0a5ed50daf13dd10744537aa851ac7ab1d34d9797ec6ab6e2402aebb,60.16762,24.95415,000000006b44cce7,6.46
14226,2019-08-04T12:41:31Z,0aabf0df4c3c5b45bb8950c92dbe624985f19e8650ed61f92571a65a,60.14699,24.922,00000000a53ed894,5.91
14227,2019-08-04T12:41:31Z,0c905239b8c0e14cba671cf4d4d715d1045a30ee62a6285fb489dbb0,60.16829,24.94214,00000000afef4555,9.12
14228,2019-08-04T12:41:31Z,0d3525b13d674f1645fdbe6d842fe37b2f416889c5472e9dfcc5445c,60.14947,24.91438,000000004ef3150d,5.41
14229,2019-08-04T12:41:31Z,0d8341f0125a5323521549248771d5448e5f788aefe9b989e3b20114,60.16829,24.94214,00000000afef4555,31.5
14230,2019-08-04T12:41:31Z,10a99e791e27975dc1c9d73d3163cabacf3bd7bd05a4f7abf6365426,60.14699,24.922,00000000a53ed894,12.69
14231,2019-08-04T12:41:31Z,10caaea8002e8b3b342b32710efdd7305ff375ca1cdc01411f66b2f6,60.14699,24.922,00000000a53ed894,5.91
14232,2019-08-04T12:41:31Z,119268a2b328b466959e99158efc17d07641daf2eab0785f813707f9,60.16762,24.95415,000000006b44cce7,18.79
14233,2019-08-04T12:41:31Z,120a63917cb5ab619bf9a71328f14020736ee84e75d5b37278748def,60.16897,24.95222,00000000aa852af1,11.7
14234,2019-08-04T12:41:31Z,124cce476184e061b136f481014a2abc7208d30e4e520ffd90c85adb,60.17002,24.94407,000000006b087f40,12.69
14235,2019-08-04T12:41:31Z,128df515b075ffc54794d311944f31b9b1c1132d182943a9880e5bc0,60.16544,24.95398,0000000038d83d41,23.56
14236,2019-08-04T12:41:31Z,13bcedb8c59b26417282929d81844b272c7c5bc295614f531219a8e4,60.14947,24.91438,000000004ef3150d,10.78
14237,2019-08-04T12:41:31Z,13ee67fb034e3d24edc9a9618e9d6de24979ebbcb399f83abb02a897,60.14699,24.922,00000000a53ed894,3.74
14238,2019-08-04T12:41:31Z,1423891c6ee1edc7da83904378a35aef2e5797db95b117651d676934,60.16762,24.95415,000000006b44cce7,8.38
14239,2019-08-04T12:41:31Z,1496ce9cf373a2a508a8ab0b7aa0604dd889fd69483881c3752219af,60.14699,24.922,00000000a53ed894,10.78
14240,2019-08-04T12:41:31Z,1515fbb735095b233eea332bf40cff9995758e9bd0ad60218875554b,60.14699,24.922,00000000a53ed894,23.56
14241,2019-08-04T12:41:31Z,15ee12e5f9be00a79b0cbbc9912f51cbfa3e486624567e1bde938fb6,60.1538,24.95595,0000000038bf9618,25.36
14242,2019-08-04T12:41:31Z,161aa798c2a18e132fb27ecded773218ea4e42eabbd0e5794b1d7017,60.15432,24.9211,0000000019fb59c4,18.79
14243,2019-08-04T12:41:31Z,16ca2e50aab654110e1bb81e5e374133f99b7f103d24d5cc9635423c,60.16897,24.95222,00000000aa852af1,25.36
14244,2019-08-04T12:41:31Z,1769031b7f4d75de0541e26427b9ecc92c84b80992e3b36bb8eb799e,60.16829,24.94214,00000000afef4555,16.1
14245,2019-08-04T12:41:31Z,17af6ab252328066d6b13406084507dfa7a7f6db3030872e7f87223d,60.17065,24.93641,000000000f4919c9,17.4
14246,2019-08-04T12:41:31Z,1882b53729765cca25bc63400074242872d6fbc57882f131285b277f,60.16829,24.94214,00000000afef4555,12.69
14247,2019-08-04T12:41:31Z,197961cf403efacc6bdb07158a50753109701aba7a6e7cbf8502e1ee,60.14947,24.91438,000000004ef3150d,31.5
14248,2019-08-04T12:41:31Z,1a93dfa31156cee53b4bd527d8b74655a5da812b6933d8a86d871e47,60.14947,24.91438,000000004ef3150d,12.69
14249,2019-08-04T12:41:31Z,1ad0b84716a79851fa8db7a993012f0c8e496d6cba9d028a546285a2,60.16897,24.95222,00000000aa852af1,18.79
14250,2019-08-04T12:41:31Z,1b3fba902b8d1538b508cdc228fd15fdd87f5aecb68e5611b1a4e354,60.16762,24.95415,000000006b44cce7,4.11
14251,2019-08-04T12:41:31Z,1bcef866fafad7c7460a084e0b0d27c087b549f4ae704390708be47e,60.149,24.9843,00000000fffb8cf0,8.38
14252,2019-08-04T12:41:31Z,1c7ccd5d6570d98e57ef2ebbd716b7504b138f9bb616fbeaa0d1a268,60.14699,24.922,00000000a53ed894,5.91
14253,2019-08-04T12:41:31Z,1d4841b6905c46f3c38f79540bae2a88a4e660692149506c0db9da33,60.15432,24.9211,0000000019fb59c4,29.32
14254,2019-08-04T12:41:31Z,1e24a2120b13c780dbb3a67a73f5058d1847f126fd5f5952e6dddcd3,60.16075,24.95883,00000000f1124bca,13.75
14255,2019-08-04T12:41:31Z,1e63d2090b520af23ca3d2c9a05047dc0b0c63f7471b86e9d9f3e7cc,60.16629,24.95957,00000000fb7600be,17.4
14256,2019-08-04T12:41:31Z,1ec58e626d2335aeeaa7c7d8f715d4334274dbd43448fb62c3901ef6,60.16829,24.94214,00000000afef4555,14.89
14257,2019-08-04T12:41:31Z,1f74037ecab4dbdc5db1a8dc8b583a86630f86a5f2d0a5167b7fa605,60.18203,24.91341,00000000342570c2,16.1
14258,2019-08-04T12:41:31Z,1f81ed7274add201d3059d4a37e2bbe86b6ae1f0fd42a16d7b8dccaa,60.14699,24.922,00000000a53ed894,9.92
14259,2019-08-04T12:41:31Z,1faaaeff6423708e06d94b904af4be93e399939fbdfd3b3091dc8bd2,60.15432,24.9211,0000000019fb59c4,16.1
14260,2019-08-04T12:41:31Z,203a0c145a43c9a18f8c2a5ba4e18882e7430662bb4ac0e56ab37578,60.17065,24.93641,000000000f4919c9,13.75
14261,2019-08-04T12:41:31Z,208944c5811f446561788c5415738cbe52bdacb371f415236042698c,60.16897,24.95222,00000000aa852af1,20.28
14262,2019-08-04T12:41:31Z,209f23b29f40b8bb8ebec8446830bc674706e222179ceeab18277168,60.16762,24.95415,000000006b44cce7,14.89
14263,2019-08-04T12:41:31Z,20ac7b2ace7c0038aa8df01b9281a9c54f1551fc8ab9b662b1f1ca22,60.18203,24.91341,00000000342570c2,18.79
14264,2019-08-04T12:41:31Z,21bdc11bb63fb48c9d4b5308540ee5df579c9a385001a10fceeeedf3,60.14699,24.922,00000000a53ed894,13.75
14265,2019-08-04T12:41:31Z,21eed3ade733687b8f56fade8290819b7c6b4a9f38468979fe692c3e,60.16762,24.95415,000000006b44cce7,5.91
14266,2019-08-04T12:41:31Z,22fe9a06fba1036e8eafd726bc450095b1893be067f475e1882bb704,60.14699,24.922,00000000a53ed894,18.79
14267,2019-08-04T12:41:31Z,231026899a6d5b326cb5b1e38b182ca1acb77c7e27bc2378973b29db,60.16629,24.95957,00000000fb7600be,11.7
14268,2019-08-04T12:41:31Z,23337c2812924a07e4f0bbc92e56d1f85ea40208b6b987f4afc686cf,60.16897,24.95222,00000000aa852af1,13.75
14269,2019-08-04T12:41:31Z,2551a9e1b8a03c8e0e378ed37c0130b6e4105ec6b949de9e5a670be8,60.14699,24.922,00000000a53ed894,12.69
14270,2019-08-04T12:41:31Z,257206d3f59df5c426a9c735f4741cba6d792de1cbafe62289d383d7,60.16897,24.95222,00000000aa852af1,18.79
14271,2019-08-04T12:41:31Z,2607d1b2fc6e31a80348fffbed68a7d3a8e0212f197f2d1c573c587b,60.14947,24.91438,000000004ef3150d,7.05
14272,2019-08-04T12:41:31Z,267b66cc2e81a226d253a8f3228a4b45e1fabb634bba60fd0cc21a8d,60.14699,24.922,00000000a53ed894,17.4
14273,2019-08-04T12:41:31Z,27c8aea8e9e9e97b2b4e27b53253fd17e5b8a5da7a2bff45aff26373,60.16762,24.95415,000000006b44cce7,23.56
14274,2019-08-04T12:41:31Z,2838eddb482a9bc77b0b867352020e2cbfb71e85aaa1d61307e85f3d,60.14947,24.91438,000000004ef3150d,21.87
14275,2019-08-04T12:41:31Z,28b43564f7156b67db7cb7b779e948986d7610f921490f9030379704,60.16897,24.95222,00000000aa852af1,11.7
14276,2019-08-04T12:41:31Z,28d2c3282e9f8fec67baec7992dcd800c45b67071e33cb118905a6b3,60.16829,24.94214,00000000afef4555,3.74
14277,2019-08-04T12:41:31Z,2969cdb120f2d285c556abfe5bac2f8090571f61aba227a474a534d2,60.17065,24.93641,000000000f4919c9,3.4
14278,2019-08-04T12:41:31Z,29a1ee6c0907a00ec6b6dcbb187f5c31d1a11b261aabd339210ee013,60.16897,24.95222,00000000aa852af1,10.78
14279,2019-08-04T12:41:31Z,2a47bdc66249162a9588347a6cbe7895fe798bb25c1194cd69fb1e8b,60.14699,24.922,00000000a53ed894,12.69
14280,2019-08-04T12:41:31Z,2ee2e108ed9051b1ccf4d3ee89931dfd53170af0b558fa6579b83e8d,60.15432,24.9211,0000000019fb59c4,9.12
14281,2019-08-04T12:41:31Z,2f08dbfbbe5577f04ea9826f72d5452ddf5fd9bb892769382ea5a4ca,60.16762,24.95415,000000006b44cce7,6.46
14282,2019-08-04T12:41:31Z,32708990f2c831e65f70f2682baf5188fc93348b9a9e78ada8db2bf4,60.14947,24.91438,000000004ef3150d,3.4
14283,2019-08-04T12:41:31Z,32f77f5019e5fce30881c214487361e2e34b8c93277f6e546de72012,60.1638,24.96846,00000000d747f075,27.28
14284,2019-08-04T12:41:31Z,33634cb1e3fc5d4a621e8717d203da8533ed27531a70c6cbe3abf3fa,60.16762,24.95415,000000006b44cce7,1.88
14285,2019-08-04T12:41:31Z,33ec502792a84f23fed03cf16e483d153c65e2850a2549f47034726a,60.16762,24.95415,000000006b44cce7,5.91
14286,2019-08-04T12:41:31Z,3459042c03cbb672a039f7f14a6b99b84f839b0598f9e48bf4dd95f5,60.14699,24.922,00000000a53ed894,13.75
14287,2019-08-04T12:41:31Z,349dd839e41cff363cc4b935496e52b93be15233e508aa82987859bd,60.16075,24.95883,00000000f1124bca,25.36
14288,2019-08-04T12:41:31Z,34fddf0f4ea194b9720451d11a9de76225577536681d4f4b0a00b860,60.16829,24.94214,00000000afef4555,16.1
14289,2019-08-04T12:41:31Z,358d7986d5bf2a0624fb1412a157b3c7b12f90653457e15a76bbdf50,60.16629,24.95957,00000000fb7600be,9.92
14290,2019-08-04T12:41:31Z,35a958343879c000cfc3f0c01afbc7d54934265828677bf4aefef84f,60.14699,24.922,00000000a53ed894,8.38
14291,2019-08-04T12:41:31Z,35e6e075578d7a51e510bf8904bde33f1d117264eea0917db98d4808,60.16897,24.95222,00000000aa852af1,13.75
14292,2019-08-04T12:41:31Z,36f876050503d244f74f3cbadcef716904eb2b245190d474b0cfa794,60.16762,24.95415,000000006b44cce7,7.05
14293,2019-08-04T12:41:31Z,3721331dbb97151d17938ed835ffc7208eba26fba6100c62870a3a4f,60.14947,24.91438,000000004ef3150d,6.46
14294,2019-08-04T12:41:31Z,37945fa4e7409fab98aa8bde45081f5bd083def0059485274ad552c0,60.17919,24.95181,000000007b5207b6,18.79
14295,2019-08-04T12:41:31Z,37b4192b51c9589b8791bc2e9f830dd541c0e77fd03e7a85a51b68e5,60.16544,24.95398,0000000038d83d41,21.87
14296,2019-08-04T12:41:31Z,38c90c54ec8f56ae2ee5c79f21130a2254d870968839584fc423f1d2,60.14699,24.922,00000000a53ed894,12.69
14297,2019-08-04T12:41:31Z,39310ebca1ad756aa2bfcb16c912cb7003ef3e7286a1f037603ade61,60.14699,24.922,00000000a53ed894,8.38
14298,2019-08-04T12:41:31Z,393a579e1c8efb19861f555f12040feeac853f37a2451116693e77aa,60.14699,24.922,00000000a53ed894,17.4
14299,2019-08-04T12:41:31Z,39f03a3a5fd777feee270921a7f51daec12ea679b542b0aaf2e808d7,60.149,24.9843,00000000fffb8cf0,8.38
14300,2019-08-04T12:41:31Z,3a6ce73ea4c03a14fc0d3d099e4698d3c1051a2e8e4bd552d5de394d,60.14947,24.91438,000000004ef3150d,6.46
14301,2019-08-04T12:41:31Z,3af48668fcfc51b261558246e08ae2f7f3bb9d4252e908e38c9db003,60.14699,24.922,00000000a53ed894,16.1
14302,2019-08-04T12:41:31Z,3b73bf57d223bcb9b930ee8619e6603e52485b221389c64d85614baf,60.16897,24.95222,00000000aa852af1,18.79
14303,2019-08-04T12:41:31Z,3be48824225ca9f2aea5653f6ce21181a76e67a8d4b8361f0cba1f8a,60.14947,24.91438,000000004ef3150d,7.05
14304,2019-08-04T12:41:31Z,3e4965f1ed580ddf80246b1b78cbc55b73c11d67573d9cede2a7ccf7,60.16829,24.94214,00000000afef4555,21.87
14305,2019-08-04T12:41:31Z,3e51a6a20330a5ca5af145bab345165eb5f0fcce86d087af4088df64,60.15133,24.92329,00000000e8a064a4,25.36
14306,2019-08-04T12:41:31Z,3f395809cdaaaa1688c7d1cc770079bbf7ef1349e148bec5c8eacd57,60.16762,24.95415,000000006b44cce7,11.7
14307,2019-08-04T12:41:31Z,3ffe89aa6ab1e57883e21fa8f15969f46a5f487bccb2b993eadb3cfb,60.14699,24.922,00000000a53ed894,9.92
14308,2019-08-04T12:41:31Z,429295e322e9f143f79e9a6340e4974858aa9aa2f5ed6e8512dd00cd,60.14699,24.922,00000000a53ed894,10.78
14309,2019-08-04T12:41:31Z,429363aca20efd1e564b3ac367b9eb4702cce1afbe6a22dccb543a7f,60.16075,24.95883,00000000f1124bca,36.27
14310,2019-08-04T12:41:31Z,42d4eb6044091814f327d0b01dc9ae701506417af1a8ab7f4161650d,60.14951,24.92138,0000000006dd41f6,16.1
14311,2019-08-04T12:41:31Z,42da4298ed9f522421f17714e024d9b8fe22e7546df3deeb8b139bd3,60.16075,24.95883,00000000f1124bca,5.91
14312,2019-08-04T12:41:31Z,431375be6b9405ef55878f3aa0bb5dd6a35db8ba650a2bce05081c49,60.14947,24.91438,000000004ef3150d,10.78
14313,2019-08-04T12:41:31Z,436df7106ce19510536cf507d8939633784f67da2f872970e0d3ba43,60.16829,24.94214,00000000afef4555,17.4
14314,2019-08-04T12:41:31Z,447f951c07ece4b9f8a41fed54b5911f4f8033b69f5a62bfd0cf1d97,60.14699,24.922,00000000a53ed894,12.69
14315,2019-08-04T12:41:31Z,4533d27e96c5c6637ddff4243672d658fea4004970652882357105a9,60.14699,24.922,00000000a53ed894,16.1
14316,2019-08-04T12:41:31Z,457d11209b95b153efb57d8f2641f2db0823e91a0d608fa0555a5b69,60.14699,24.922,00000000a53ed894,11.7
14317,2019-08-04T12:41:31Z,4602ff9d03f6bf4fbb82976098cc1c73e7a7e754050401c772d1406e,60.14947,24.91438,000000004ef3150d,9.12
14318,2019-08-04T12:41:31Z,467a01a257fbaad22bd4aebafc8f284c9ad3effc429475e57c214e9d,60.14699,24.922,00000000a53ed894,9.12
14319,2019-08-04T12:41:31Z,47b8aba771bed6ec3a7d57932c44fe859bcf6300054b3acc9d885105,60.14947,24.91438,000000004ef3150d,17.4
14320,2019-08-04T12:41:31Z,47bc9ff9097f9ef5f1862e48b4a42f6a9ddd30c4ef2b6eb43291a7a5,60.14699,24.922,00000000a53ed894,10.78
14321,2019-08-04T12:41:31Z,47cde44e4ddbf6c70162fa882eee962e7c3e2a037b650294ec46568f,60.14947,24.91438,000000004ef3150d,12.69
14322,2019-08-04T12:41:31Z,48d0a198e7445da9f7df3cb2cedef7dc861fe850deff789f6ad61d36,60.14947,24.91438,000000004ef3150d,25.36
14323,2019-08-04T12:41:31Z,48f665ebb1a71b0d84fc02bd71918c5ab5608328db534639cbd2a255,60.14947,24.91438,000000004ef3150d,5.41
14324,2019-08-04T12:41:31Z,4aff8c41b8c3f924b9b765007cf6f0f148e9fdc4dfad6299b17f6f71,60.16762,24.95415,000000006b44cce7,10.78
14325,2019-08-04T12:41:31Z,4b1050cc517631e36206d3528399c0b14748daec8c7d1b5dfa412299,60.15432,24.9211,0000000019fb59c4,3.4
14326,2019-08-04T12:41:31Z,4b85388cdaec2b4c15b546160ee326d9668a5e5d3c7b08d0c539946e,60.17919,24.95181,000000007b5207b6,11.7
14327,2019-08-04T12:41:31Z,4be50f3eb033f3f46e3069049c8e0a34dc8a2607741c1764369ba4c2,60.16762,24.95415,000000006b44cce7,5.41
14328,2019-08-04T12:41:31Z,4d35f03f4cb1cd21fbb173af8af5be5e233c63882fda53232da315f0,60.14699,24.922,00000000a53ed894,16.1
14329,2019-08-04T12:41:31Z,4d4115f2971578ddc2428be944e2954c9e9a5472a818ec1805a022b2,60.149,24.9843,00000000fffb8cf0,13.75
14330,2019-08-04T12:41:31Z,4efc969b8b738c051c221bf9d7829089b44cec23dd378fd86e7fb8be,60.173,24.92524,0000000096918cfa,16.1
14331,2019-08-04T12:41:31Z,4f4940c5c77737c5b8f2fbd5a1b65886ea5f6e0e4fcd50447e11ce21,60.16075,24.95883,00000000f1124bca,9.92
14332,2019-08-04T12:41:31Z,50cb63669a1534d5187e4e76c7b10e57705b61e8237469a9afd253b8,60.16762,24.95415,000000006b44cce7,14.89
14333,2019-08-04T12:41:31Z,50e21d119f102cee2afe3ac7f1a32032527638769b05aca582d6ecb1,60.16762,24.95415,000000006b44cce7,8.38
14334,2019-08-04T12:41:31Z,51b3c7870a399165f0d1d14f7d21688df32b0360f9cc6f3ca61890d8,60.16829,24.94214,00000000afef4555,1.88
14335,2019-08-04T12:41:31Z,52072bd384eaaf4a6958af5510ed039d194dee47f34667bc7bccbe0e,60.14699,24.922,00000000a53ed894,10.78
14336,2019-08-04T12:41:31Z,5274280f7558ea562d9ce825000efc025d2de6b91c62614cb68df2b1,60.14947,24.91438,000000004ef3150d,18.79
14337,2019-08-04T12:41:31Z,52939581c6c8dd3407dbf44ea9e90471e4bbadfb7e3740a0ba8324f3,60.14699,24.922,00000000a53ed894,12.69
14338,2019-08-04T12:41:31Z,52f0e69ca7a5cebe604c1f32308dc7f8870d1d85cd4b25ad17f706e9,60.14699,24.922,00000000a53ed894,8.38
14339,2019-08-04T12:41:31Z,54065d53a62079540c4be1e19eafa5dd581e8ec35da0c31844438e0b,60.149,24.9843,00000000fffb8cf0,21.87
14340,2019-08-04T12:41:31Z,552e7d20be831c5ebfa503ba78ed542d6ece4ecad264308d5dc37a31,60.14699,24.922,00000000a53ed894,16.1
14341,2019-08-04T12:41:31Z,5554305bad43a71cf98d83e92708c7474c1efc189392c1ea94231e9c,60.16531,24.9442,00000000fdda10fe,6.46
14342,2019-08-04T12:41:31Z,56b8eace741e5227a40ea0a64601a737648080c63d6240b0dca632c4,60.16075,24.95883,00000000f1124bca,14.89
14343,2019-08-04T12:41:31Z,570dc61d53aec66ede39dfde66339640878453afc00cd1a55c60bca7,60.16544,24.95398,0000000038d83d41,20.28
14344,2019-08-04T12:41:31Z,571934189bf349efb6f596e76c21612cf9b82ed44913090169936048,60.17065,24.93641,000000000f4919c9,13.75
14345,2019-08-04T12:41:31Z,571e65d939060a58396de22fc44d8842fc9de986824670ad765ec596,60.16762,24.95415,000000006b44cce7,16.1
14346,2019-08-04T12:41:31Z,57b0ec71591ce4ba591fc3bf71f8714d7a0685e0f2f9ee9526db8e3f,60.17002,24.94407,000000006b087f40,29.32
14347,2019-08-04T12:41:31Z,57bb8beeec6904b9a5cfe83c4ff9a80e63157780137f03de2a4152d3,60.16762,24.95415,000000006b44cce7,12.69
14348,2019-08-04T12:41:31Z,58122bffe92a82d8b8a6fb46e406f2d86c32db26eca7557ec6943fa5,60.14947,24.91438,000000004ef3150d,25.36
14349,2019-08-04T12:41:31Z,583a35aa08fe45f96deb91a9f4b9317e86eddeee0d636cc11b3e2df8,60.16762,24.95415,000000006b44cce7,14.89
14350,2019-08-04T12:41:31Z,58411163d307bb308f9c94a9720e9ce5ab0ce4f5617cd2b1fcc2037a,60.16762,24.95415,000000006b44cce7,12.69
14351,2019-08-04T12:41:31Z,59b01cbdec8ff06fa6d50bac00c3f5f4c45132fc8a62800c08df5d6a,60.16629,24.95957,00000000fb7600be,10.78
14352,2019-08-04T12:41:31Z,5b102c62b98f29bd801e4dd0e9ddbc113db3faa38d59990b9ba5e9ec,60.173,24.92524,0000000096918cfa,23.56
14353,2019-08-04T12:41:31Z,5b21511f00a23b33dc791787155b6f890ab1949e3c9a42448c765d19,60.16829,24.94214,00000000afef4555,25.36
14354,2019-08-04T12:41:31Z,5bb54a365362fc3a1d1e4b4421c7b020c45f3274d1393340a1f89eb5,60.16762,24.95415,000000006b44cce7,13.75
14355,2019-08-04T12:41:31Z,5bf59468120b0262b74eebaba2a7ee8274f3c8165ddcf6f38eae92a8,60.16829,24.94214,00000000afef4555,17.4
14356,2019-08-04T12:41:31Z,5c160268bc9b4b619181ce421d9e58c258e6b59a342945fc29f0004b,60.14947,24.91438,000000004ef3150d,7.05
14357,2019-08-04T12:41:31Z,5cd5117066c75a1cb83d3896a7eba3f3472e133f0013ea7d4e95daaa,60.14699,24.922,00000000a53ed894,3.74
14358,2019-08-04T12:41:31Z,5d70086d53447ee393249cef33c7bae814c1d7c2e3055fc91b38786c,60.17919,24.95181,000000007b5207b6,11.7
14359,2019-08-04T12:41:31Z,5e44b2770fcd3ab47bae5954df365187d2183088b73b895edc47dcd8,60.14699,24.922,00000000a53ed894,9.92
14360,2019-08-04T12:41:31Z,5e53be1d47b3cceeb6ea9406c75327379c8ee8abc68da605b7758e85,60.14947,24.91438,000000004ef3150d,17.4
14361,2019-08-04T12:41:31Z,5e7916ca910b02abf2d19906759663c23db63950a353fa546f55c8af,60.14699,24.922,00000000a53ed894,9.92
14362,2019-08-04T12:41:31Z,5ea49ba4de68e03664ec3a87f5de32434d7136b4f8323f022ff9df5b,60.16829,24.94214,00000000afef4555,9.12
14363,2019-08-04T12:41:31Z,5f3a358ea7ec56dfb2271af72ef34416785e497a3653bfb75ef822c3,60.16829,24.94214,00000000afef4555,16.1
14364,2019-08-04T12:41:31Z,60d9b71ec38b796bf876dedfaf3112b49ff79677480c7603902857ae,60.14947,24.91438,000000004ef3150d,9.92
14365,2019-08-04T12:41:31Z,614ab7fba7255f6bf6f888e9a04d589962f756b3f427e658f10014f2,60.16075,24.95883,00000000f1124bca,6.46
14366,2019-08-04T12:41:31Z,62a6fe2d9b3b5b4533c51253f8842428bd797b3c6a95a7816ec472ed,60.14947,24.91438,000000004ef3150d,9.12
14367,2019-08-04T12:41:31Z,634257ded5cc6c04eb832d437b55777b10829352768dadef19d3f64c,60.15432,24.9211,0000000019fb59c4,31.5
14368,2019-08-04T12:41:31Z,63d99db5b2b7360c501446ea5e89feba9bd1c6735a7670039916f2ad,60.1538,24.95595,0000000038bf9618,21.87
14369,2019-08-04T12:41:31Z,63defb71d4c3856253a0a2d67a5c370b91ad0527703b334a63fe5344,60.14947,24.91438,000000004ef3150d,10.78
14370,2019-08-04T12:41:31Z,641e8defb97171d160f062c4bc3e9d06346f10d5246e6aeac935e1a9,60.16897,24.95222,00000000aa852af1,21.87
14371,2019-08-04T12:41:31Z,64394b1287e19738900f57d5c7483e02866e40bc8241fc6f6fbecbcb,60.16762,24.95415,000000006b44cce7,4.94
14372,2019-08-04T12:41:31Z,643ef3f01a51bea3c4510d4060a945cd510e5189236d68f5c9489034,60.16829,24.94214,00000000afef4555,1.25
14373,2019-08-04T12:41:31Z,64638a9f9e6c9b32fc4b484b55e4934fcab6cb04605cc76d5f5534b7,60.17065,24.93641,000000000f4919c9,13.75
14374,2019-08-04T12:41:31Z,64e34af775b57908b23056a31d60ef3b005941f2e7c3db0c49df675d,60.17065,24.93641,000000000f4919c9,8.38
14375,2019-08-04T12:41:31Z,6503762f2cac51cc2b74da1efa6b16583ed11c9a528d7716b7829c0b,60.16829,24.94214,00000000afef4555,17.4
14376,2019-08-04T12:41:31Z,6525cc634176c25187e68e0d067bcfecfd78e399e93db4ee9d408b7e,60.17919,24.95181,000000007b5207b6,17.4
14377,2019-08-04T12:41:31Z,655204cb507ea9ae811105cdcd766161facaa9f729017a333f102391,60.149,24.9843,00000000fffb8cf0,10.78
14378,2019-08-04T12:41:31Z,65de3b8621fadfc61e9d3657dc477ea9867f9d093f80cf0857dcad88,60.16762,24.95415,000000006b44cce7,8.38
14379,2019-08-04T12:41:31Z,6723bebaab92d1a9f8b4318fd4f497a6dec6d7f8e0eafca443925213,60.16075,24.95883,00000000f1124bca,20.28
14380,2019-08-04T12:41:31Z,67591d427f60ba3c369ac0d78088fca7be33081501508d16401dd6cb,60.16762,24.95415,000000006b44cce7,4.11
14381,2019-08-04T12:41:31Z,675eacdf32b5b831fd118fc5539eea4b3cef4bd11e2e1706a9571222,60.16829,24.94214,00000000afef4555,11.7
14382,2019-08-04T12:41:31Z,677c53ae4056d6cb123ca576ba5284664b1c7e3e88818bd19b5dd99a,60.17919,24.95181,000000007b5207b6,18.79
14383,2019-08-04T12:41:31Z,69375ef968867906fc11b34d1e2c4b436d452cd47cb577a7f9e566ef,60.16762,24.95415,000000006b44cce7,8.38
14384,2019-08-04T12:41:31Z,6981f80baeddf7459b67845f82744390c976c013f3a4883a53556fc7,60.16762,24.95415,000000006b44cce7,14.89
14385,2019-08-04T12:41:31Z,698b200b63a644828a7314691a16af2af1bccef75d52abb5591a5542,60.14699,24.922,00000000a53ed894,7.05
14386,2019-08-04T12:41:31Z,69f1de5049f5731749defe893b8ae9ada4f5f788a994b8f7413ef657,60.17002,24.94407,000000006b087f40,13.75
14387,2019-08-04T12:41:31Z,6b6668d7ebecfb96a6ed3ca19e97f8da150943ddf1d034675d08a9b8,60.14699,24.922,00000000a53ed894,25.36
14388,2019-08-04T12:41:31Z,6b97071051ccf5db7e5ebee033d4f68d58ed6917ff2fac5b205a6605,60.17065,24.93641,000000000f4919c9,16.1
14389,2019-08-04T12:41:31Z,6c7e018abdf8462af7c7b003bc30f915184f7082e9e865a2c502eed5,60.14699,24.922,00000000a53ed894,12.69
14390,2019-08-04T12:41:31Z,6e7709b0a9e9956571d6880226fcc9402e5b8f406cf339d959c0cb2a,60.14699,24.922,00000000a53ed894,17.4
14391,2019-08-04T12:41:31Z,6f3dd17e40daabb4efe868f1b859dc00ecc01846f0a0e2b8db5d1413,60.17919,24.95181,000000007b5207b6,13.75
14392,2019-08-04T12:41:31Z,6fdfc33c6b609ea80b4a38ecf657bc68b7bf659752b51edcc22ffb54,60.16762,24.95415,000000006b44cce7,10.78
14393,2019-08-04T12:41:31Z,6fec2e12fc88db6bcc4eb2c81bcfb171de0094ca788c72192002e939,60.15432,24.9211,0000000019fb59c4,29.32
14394,2019-08-04T12:41:31Z,6ff93560ca77c6e5a25bc7441cf33cf7fa0138b3da4d99b2dbf5531b,60.14947,24.91438,000000004ef3150d,14.89
14395,2019-08-04T12:41:31Z,7176e4b517010283d61468978a67a0e6d800f7b66219728174074b97,60.14947,24.91438,000000004ef3150d,17.4
14396,2019-08-04T12:41:31Z,72231bca658d3a16f3bf9c26ba5f13393b8377e4ab0b9ed3de6c811f,60.14699,24.922,00000000a53ed894,23.56
14397,2019-08-04T12:41:31Z,72e4de5ded503a6b09635fc51a720ce504c9e77552bc2ffae8d6cae3,60.14699,24.922,00000000a53ed894,21.87
14398,2019-08-04T12:41:31Z,733f21ebebe353e10a55a74b40a0a480e6d276334d4f3d8bcf85b711,60.16075,24.95883,00000000f1124bca,20.28
14399,2019-08-04T12:41:31Z,737779d5b545043aa16af1ca616beeb1b5dfae5e6e1d4a789d7b316d,60.16762,24.95415,000000006b44cce7,13.75
14400,2019-08-04T12:41:31Z,745e52dafbfa395ea41c5fcd0c2717b9091e44d19ab89e03991fdbb7,60.16762,24.95415,000000006b44cce7,12.69
14401,2019-08-04T12:41:31Z,759f94c852ff15ca91c3138913c3858c4801702f8f0514ae82fb2a19,60.16897,24.95222,00000000aa852af1,13.75
14402,2019-08-04T12:41:31Z,7664b7f08aaa059ecf6646a595c33fae0c80715febe63e31f45a4662,60.16762,24.95415,000000006b44cce7,7.05
14403,2019-08-04T12:41:31Z,7710eccd13983db8899bd9b7c5b087af0c0580dd467b31f68bd49fa7,60.17002,24.94407,000000006b087f40,27.28
14404,2019-08-04T12:41:31Z,777cceac7be6303a1c82f7cc68061528b01e3aa1b3aa6481cad9e5e3,60.16075,24.95883,00000000f1124bca,5.91
14405,2019-08-04T12:41:31Z,77a12194b9a6789f4b2b8c07ae7fce3c2b531cb221e5fa7ca5deae55,60.16897,24.95222,00000000aa852af1,14.89
14406,2019-08-04T12:41:31Z,78a96267b3bb3aea6c312bb8aa160c1369942384194b03d695640a71,60.17065,24.93641,000000000f4919c9,29.32
14407,2019-08-04T12:41:31Z,79bde23c1a8980f93a65e14306f0d8ea89e164430d8b991e2bfee82e,60.16531,24.9442,00000000fdda10fe,14.89
14408,2019-08-04T12:41:31Z,79d26f15a82c94ac5d05e0f2b6a6beeae1f407972ec39665d7ab9535,60.16829,24.94214,00000000afef4555,17.4
14409,2019-08-04T12:41:31Z,7a0c0b525f2d3eed6c873bd3b8d27bede551fe4a428ac15c23deadae,60.16075,24.95883,00000000f1124bca,14.89
14410,2019-08-04T12:41:31Z,7a4a06d20ebe57d94e5fceeaf47d5b56ad9a515818e9c20e21a80e61,60.16629,24.95957,00000000fb7600be,12.69
14411,2019-08-04T12:41:31Z,7a97375000483176c3b37cc0d1744a950d9b322ce3534208fce0b21d,60.14699,24.922,00000000a53ed894,14.89
14412,2019-08-04T12:41:31Z,7ab335e046f7f3597f8f615a90857885e35cfecefebd5d24bbf0af90,60.16075,24.95883,00000000f1124bca,9.12
14413,2019-08-04T12:41:31Z,7ad93fed82e41ea4422fa101badc698b0328c3ebf0f6b73c5164d438,60.16897,24.95222,00000000aa852af1,7.69
14414,2019-08-04T12:41:31Z,7af6672e274ebe27cdb785373a857fc5bcad92a386c36dbe3221d4f4,60.14947,24.91438,000000004ef3150d,13.75
14415,2019-08-04T12:41:31Z,7be762f58d54665c5e6668eb2fb3eae7201522ddff196bbc5eb731f0,60.14947,24.91438,000000004ef3150d,16.1
14416,2019-08-04T12:41:31Z,7c9213d7d9786431a8781a665fa1b7091507aa244d28b85d07a1399a,60.17065,24.93641,000000000f4919c9,31.5
14417,2019-08-04T12:41:31Z,7d9a3d84c09c3a8d6876389e216e0278048d6b924890fb275a078ffb,60.16531,24.9442,00000000fdda10fe,0.59
14418,2019-08-04T12:41:31Z,7e76449e59f1e3a1a615b54408115353fbb14d815390d03a73b1a7bb,60.14947,24.91438,000000004ef3150d,9.12
14419,2019-08-04T12:41:31Z,7ee87b87cf01698f643e1ba3117b245039edc811605df5dc802e7576,60.14947,24.91438,000000004ef3150d,6.46
14420,2019-08-04T12:41:31Z,7f2f97e26d55f653ed70260ea4f893d01a3984cbdf6d7a3bfb2641de,60.16829,24.94214,00000000afef4555,16.1
14421,2019-08-04T12:41:31Z,7f3c9dd2c7352cb81fb186a7d700841d2bcb47cd8ea0d5f8719b5908,60.16762,24.95415,000000006b44cce7,31.5
14422,2019-08-04T12:41:31Z,7f786ec8e06f1ca3bdd10fc60d0114baf354125b8f6cf796d197f4cc,60.16075,24.95883,00000000f1124bca,3.4
14423,2019-08-04T12:41:31Z,80cbcb887f3e351e3bef7c5f53dccc578cc3494feec514aed7015c0d,60.16075,24.95883,00000000f1124bca,3.4
14424,2019-08-04T12:41:31Z,80cc39b04598f971820e63498fd27ae72a12a45a60c220fe625b282a,60.14699,24.922,00000000a53ed894,20.28
14425,2019-08-04T12:41:31Z,82411c6526228322a61f59259f13adf7cde62bd767587b6735867705,60.17919,24.95181,000000007b5207b6,4.94
14426,2019-08-04T12:41:31Z,82ce8c2420645d1eeed2751616ac691b53855581110be4cc97a61036,60.16897,24.95222,00000000aa852af1,17.4
14427,2019-08-04T12:41:31Z,848fdb054358a3fca79c0246f01263c92b5b48aee6b9fb6e260d7a0b,60.16829,24.94214,00000000afef4555,23.56
14428,2019-08-04T12:41:31Z,848fe01e24ccc782e5968171f53ea31d28f20a455c45d8bac8fb7374,60.173,24.92524,0000000096918cfa,11.7
14429,2019-08-04T12:41:31Z,849a662d95d4185421aff7c6213ba5d7b84cfc58c9fb30ff34054e4c,60.16075,24.95883,00000000f1124bca,8.38
14430,2019-08-04T12:41:31Z,85d66944a64cfde859e7e08ca4b79f3b39d5b03141d500fe7ce73f7e,60.14699,24.922,00000000a53ed894,14.89
14431,2019-08-04T12:41:31Z,85d67c3be46ecb66832dfd9090a931e1be3dd056f718ea6786622131,60.16897,24.95222,00000000aa852af1,21.87
14432,2019-08-04T12:41:31Z,868cd7608ed6beb209db2aad8c71f56b8aec3a6b453be18e4af217a2,60.17065,24.93641,000000000f4919c9,21.87
14433,2019-08-04T12:41:31Z,87bb1abe21abfcb5e5c2039e579cff7ca863a6019207db356de5b7c2,60.14699,24.922,00000000a53ed894,11.7
14434,2019-08-04T12:41:31Z,8822ffe19dec49fe874ac377de5a0504e931e342ecc1f5b1fcb939e5,60.16897,24.95222,00000000aa852af1,27.28
14435,2019-08-04T12:41:31Z,885bcc6af7d0aa9718fe1030e32ffff1de5171ae5ef67cf0011874fb,60.14947,24.91438,000000004ef3150d,5.91
14436,2019-08-04T12:41:31Z,8947a5209f3b32173d3dc72792039edf94a2711741ab041b62b30643,60.16762,24.95415,000000006b44cce7,3.4
14437,2019-08-04T12:41:31Z,896f7e896dc6f1ea44b82bf968a988cc10c358ee34821d9d7a4bd07a,60.14947,24.91438,000000004ef3150d,4.94
14438,2019-08-04T12:41:31Z,8a08b2de43a9ef03cf96610718c908e69dcacc59f536a7135b7bb542,60.16629,24.95957,00000000fb7600be,9.92
14439,2019-08-04T12:41:31Z,8b641985c793a3f25a45b2460cb01f5baa6f339c6dd26ba7752d8a7a,60.16897,24.95222,00000000aa852af1,5.91
14440,2019-08-04T12:41:31Z,8ba6cfc17ca70e8304994e018ebd5eb2003177062cde05925d5cacb3,60.173,24.92524,0000000096918cfa,9.92
14441,2019-08-04T12:41:31Z,8d528b00553162a9dd47d2296d15b2fad89aad6a508424d4589618a1,60.14947,24.91438,000000004ef3150d,11.7
14442,2019-08-04T12:41:31Z,8d5672c651968bf1f466b44baefa37f9438850e96140d126f6a99baf,60.16897,24.95222,00000000aa852af1,17.4
14443,2019-08-04T12:41:31Z,8d73f674010f5cb02e8f20251ed86a9afcb7f6b3926039470296bd00,60.17065,24.93641,000000000f4919c9,25.36
14444,2019-08-04T12:41:31Z,8d8a869e83fe2ac29e791666634a33af3ea4048ea4e752b6fb1e238c,60.14947,24.91438,000000004ef3150d,9.92
14445,2019-08-04T12:41:31Z,8dcf139eb279bcc2696420ba9da858e361600ff02cd29587f66660ec,60.16897,24.95222,00000000aa852af1,29.32
14446,2019-08-04T12:41:31Z,8ea568829e5988a5f43e50f26b5973af251de668f8f500a81c34511c,60.1538,24.95595,0000000038bf9618,29.32
14447,2019-08-04T12:41:31Z,910850aa5b6a978d632fe54b69d2c4c181fa3d0fbde24b92b96fdc50,60.16544,24.95398,0000000038d83d41,20.28
14448,2019-08-04T12:41:31Z,920dc90f60b295267f63efc8f968408087b71878dc3f49f0ded1c41e,60.17919,24.95181,000000007b5207b6,18.79
14449,2019-08-04T12:41:31Z,926717d61529080dfc4c7f8cdcdc82c6490d2a5129474524b8c40ea4,60.16829,24.94214,00000000afef4555,13.75
14450,2019-08-04T12:41:31Z,93a2100e233b204243f7e69b68dea7c9a145d1b5384bd18359bf87a3,60.16531,24.9442,00000000fdda10fe,2.08
14451,2019-08-04T12:41:31Z,93e409819362e2429a43710ff4330bd3ed83011b73ae438dd7fb62d8,60.16762,24.95415,000000006b44cce7,4.5
14452,2019-08-04T12:41:31Z,95258c95a003822883679bcfddf9264a79fe6f2e92bb26a72681857e,60.16762,24.95415,000000006b44cce7,17.4
14453,2019-08-04T12:41:31Z,9542a6d9883eb7a1065854d6f72274cf8d953b5846a4fce3fba9b00d,60.1538,24.95595,0000000038bf9618,31.5
14454,2019-08-04T12:41:31Z,9575ef1c44f26f0301d726029c8b1c28011a4724496943451bee6544,60.14947,24.91438,000000004ef3150d,12.69
14455,2019-08-04T12:41:31Z,97264f5808fa13851dacabf0c98525eec29849ff4b6a744cc777fd5b,60.16075,24.95883,00000000f1124bca,18.79
14456,2019-08-04T12:41:31Z,9736a8a29aee134a307e0cd4221e9b0a2ab7c48befee43fc62e9f9bd,60.14699,24.922,00000000a53ed894,4.5
14457,2019-08-04T12:41:31Z,9862cafd709b75d07c83b397773e0cf33564666cb81814bdbf5e54f2,60.16897,24.95222,00000000aa852af1,10.78
14458,2019-08-04T12:41:31Z,9868033d7f0d18f01d12a4034f37bf5d6e51e5ed9124c68d4b8b8e6c,60.14947,24.91438,000000004ef3150d,13.75
14459,2019-08-04T12:41:31Z,9885627881a266e5cf401516e009049e859d738e2e019be570f4b4d8,60.16448,24.97323,0000000053c6c2be,29.32
14460,2019-08-04T12:41:31Z,98bb3b6f5e2403b14b8e01616c07b03bb1fd153ded656033d7bd3533,60.16075,24.95883,00000000f1124bca,11.7
14461,2019-08-04T12:41:31Z,992f6feda52c82ad67e40af55b5602bb22411020701998c6bd65faed,60.16762,24.95415,000000006b44cce7,21.87
14462,2019-08-04T12:41:31Z,99334da99912e6d4b516e02432e7f88db5a5b87f635722bc3a8b38a6,60.14699,24.922,00000000a53ed894,18.79
14463,2019-08-04T12:41:31Z,994b630283c750a0b697359e32c4bd06d5b4a32d2edb6c12cce42b32,60.16829,24.94214,00000000afef4555,14.89
14464,2019-08-04T12:41:31Z,9a9db814dfa74ca2c2d51496299715310e81c6e6525cc9d2cb0762eb,60.16897,24.95222,00000000aa852af1,10.78
14465,2019-08-04T12:41:31Z,9b03b610755f4cec2e9d83a9763204e758a075614b125210bc914df5,60.16075,24.95883,00000000f1124bca,14.89
14466,2019-08-04T12:41:31Z,9b087f99e8170fa160df7340b539501f67b728edaf119fc0f3c8c239,60.16762,24.95415,000000006b44cce7,16.1
14467,2019-08-04T12:41:31Z,9b8ce6fbe947328c891dfbc4d84b0a33b983d3a728e8289d7fb72962,60.15133,24.92329,00000000e8a064a4,31.5
14468,2019-08-04T12:41:31Z,9ba6f9fb8bb950d16224b4182d3c3d8349a0f50619be329c165417e0,60.14947,24.91438,000000004ef3150d,20.28
14469,2019-08-04T12:41:31Z,9bad872c31c8c5e53f064b5367350b41271d45ca8a9e508136622800,60.16897,24.95222,00000000aa852af1,7.05
14470,2019-08-04T12:41:31Z,9e3d4a4b1acd94d2896cd7cf56419110f06ea96faae37aadebd4ec77,60.14947,24.91438,000000004ef3150d,14.89
14471,2019-08-04T12:41:31Z,9ff13c715073d5ad9c464cb67b6de3f703435cf389c32cce5626dfe1,60.149,24.9843,00000000fffb8cf0,25.36
14472,2019-08-04T12:41:31Z,a01d7427dcaa19c3efac1cde116c3751db11d6cf2838d0509704616a,60.14699,24.922,00000000a53ed894,23.56
14473,2019-08-04T12:41:31Z,a15c4ab1a839fe887fbe16a6d76f37a03c40f753cd314308520d305e,60.15432,24.9211,0000000019fb59c4,31.5
14474,2019-08-04T12:41:31Z,a1b52cda133b45cf931b9e31d4037fb841f80432e99d6a000beeadc8,60.17002,24.94407,000000006b087f40,27.28
14475,2019-08-04T12:41:31Z,a22736c5d66f417bc6b745f51492549dc2e5a3c766f5e7e23f183b41,60.14947,24.91438,000000004ef3150d,7.05
14476,2019-08-04T12:41:31Z,a2e771418a36fc43aa9719d034aa9e3a7a751c5123e4bd33cc2aeea7,60.16531,24.9442,00000000fdda10fe,21.87
14477,2019-08-04T12:41:31Z,a38a21a97a054541f0423f03758c70227116c05254958373e3e93ad0,60.14947,24.91438,000000004ef3150d,2.3
14478,2019-08-04T12:41:31Z,a3d228482bfdd3dbdfaee1ff72b6ac00c2ee8c05e949047ce9117783,60.14699,24.922,00000000a53ed894,10.78
14479,2019-08-04T12:41:31Z,a422a30ec1eb058c7930e1352297c161639faa5b3ca5f5fa47c4adb3,60.14947,24.91438,000000004ef3150d,8.38
14480,2019-08-04T12:41:31Z,a47f8d59e11da7fa47e0cbe518b593e023018f122d5710ffbb775c0f,60.16829,24.94214,00000000afef4555,27.28
14481,2019-08-04T12:41:31Z,a4f416ec0941bb365e3665d7fd224fad15d74225e8ce9f6dd6368bc7,60.17065,24.93641,000000000f4919c9,12.69
14482,2019-08-04T12:41:31Z,a6f944078dd26796f5a849ccb6fdf8a4436f913cf3302597c846462d,60.16762,24.95415,000000006b44cce7,4.5
14483,2019-08-04T12:41:31Z,a7472d1b63171c047444981df223670390009e3ea502132d9963e9fb,60.14947,24.91438,000000004ef3150d,10.78
14484,2019-08-04T12:41:31Z,a794d97e26d3678bb11b4364880414bb7bfac4bb49d1867b37b489f7,60.14947,24.91438,000000004ef3150d,10.78
14485,2019-08-04T12:41:31Z,a7a7f84e910c87d01420156efca1675f2f263a8f7f1212bb161e73f3,60.14951,24.92138,0000000006dd41f6,21.87
14486,2019-08-04T12:41:31Z,a855357b8878267690d42454228add06aea98db89e5d8e65eea45956,60.16762,24.95415,000000006b44cce7,36.27
14487,2019-08-04T12:41:31Z,a8bd45406d5913e098652d4c2d836339758e08d21bf5d88becabdd36,60.14947,24.91438,000000004ef3150d,3.74
14488,2019-08-04T12:41:31Z,a8c6eaffa3af655bde6a224a5f02a332a51ea9662ca7cc53d2d170db,60.16544,24.95398,0000000038d83d41,31.5
14489,2019-08-04T12:41:31Z,a8df2631c2442628608c1f0352c896eb532a6ca08c85de2c77360aa8,60.14947,24.91438,000000004ef3150d,5.91
14490,2019-08-04T12:41:31Z,a9383e1c3d9b3355965662ff18ad95dfb64daa5d8e71fc20e7e50df7,60.14699,24.922,00000000a53ed894,11.7
14491,2019-08-04T12:41:31Z,a96e9a3805def174e6ededa93b88ce312739d9d68941dffdeca03e9f,60.16762,24.95415,000000006b44cce7,2.3
14492,2019-08-04T12:41:31Z,aa076c3f0d09145aebbb750dde9849ba4eb6759e92ba5753280184d6,60.16762,24.95415,000000006b44cce7,23.56
14493,2019-08-04T12:41:31Z,acdcc8ae1d1c6bb055dfc108154eae58b4b894f0ce1ff174c1065c7e,60.16762,24.95415,000000006b44cce7,2.54
14494,2019-08-04T12:41:31Z,ad8af809ed47a3391bb53d11da159b3a8b0ddc264d94c049ce72bda0,60.17065,24.93641,000000000f4919c9,0.71
14495,2019-08-04T12:41:31Z,ae5e89f9ed7f083af8fd3f421c382a5f7b3d90787eed68c3a6c66ee9,60.16829,24.94214,00000000afef4555,27.28
14496,2019-08-04T12:41:31Z,ae87b8dd8920695bc9e599874667205991c04e30666d8523f0be4350,60.14947,24.91438,000000004ef3150d,13.75
14497,2019-08-04T12:41:31Z,aec4b11f0b1ec075878ca4a3b94da464f6fc96e330b913d5bfd346b0,60.16897,24.95222,00000000aa852af1,4.11
14498,2019-08-04T12:41:31Z,af64ca430076b1e91eeb89134e0e026479928845cbe1943bc56104c2,60.14947,24.91438,000000004ef3150d,20.28
14499,2019-08-04T12:41:31Z,b06c7ebb0cc7182279f47fe99da297fb7bda883549cb7bbc05dff36f,60.16829,24.94214,00000000afef4555,12.69
14500,2019-08-04T12:41:31Z,b11910a4d628e08056481b347d9a80d6edb23f1f2612beaa24606c8b,60.16762,24.95415,000000006b44cce7,21.87
14501,2019-08-04T12:41:31Z,b12b27061f30d5659794f14cbed5e4726c5af1ef526611d3b2dded29,60.14947,24.91438,000000004ef3150d,8.38
14502,2019-08-04T12:41:31Z,b1c46b35a1667ba263868d803743275be782738cc3703e39ad165aa7,60.14699,24.922,00000000a53ed894,25.36
14503,2019-08-04T12:41:31Z,b3d99c04e3db6b698e6e54f19434461336954d0c15385bff6e557be8,60.173,24.92524,0000000096918cfa,20.28
14504,2019-08-04T12:41:31Z,b3e9da5a37ed8ed450753cb7443e607ed1de2af685bad5be61b3e91c,60.16075,24.95883,00000000f1124bca,21.87
14505,2019-08-04T12:41:31Z,b41cc64d7ab4e16a03573bdc3b5863c4b402ec66c7780c7900c02877,60.16829,24.94214,00000000afef4555,11.7
14506,2019-08-04T12:41:31Z,b523d3f8341906e4b3877ff7d9614b4e10d6bbf10afdcc6c53656c8f,60.17065,24.93641,000000000f4919c9,20.28
14507,2019-08-04T12:41:31Z,b5e3abaccf4a03480985d25eb9fbf454c87f7ad06c38c8bdeb0819fa,60.14699,24.922,00000000a53ed894,17.4
14508,2019-08-04T12:41:31Z,b7039958be9f53a3eaed97f705a1974815f52f25226e920155397bec,60.16075,24.95883,00000000f1124bca,5.91
14509,2019-08-04T12:41:31Z,b92c7fb1d77c3f326d59dbe2689bb5b8ff10fcd691f28b36aa98408c,60.17002,24.94407,000000006b087f40,17.4
14510,2019-08-04T12:41:31Z,b9863cc72d21f9ee2f0b218fa4121b5c7775eb45fd7643971fd83fe4,60.14699,24.922,00000000a53ed894,16.1
14511,2019-08-04T12:41:31Z,b9c0ac0bb7310d92c296a8870603ebd12c0c632cfc2a1fa33092b337,60.16762,24.95415,000000006b44cce7,7.05
14512,2019-08-04T12:41:31Z,bb0193f2b0ac4801fe82ed5cec75e687465d707d92e731047f81650f,60.1538,24.95595,0000000038bf9618,3.4
14513,2019-08-04T12:41:31Z,bbe1e18f88cf88928067a0221965768c1f2ae264291cea564d7eb7e8,60.16897,24.95222,00000000aa852af1,10.78
14514,2019-08-04T12:41:31Z,bbe7947ea50de5986f237ccab5782ddb55c199ad6a81e8f692670d0c,60.16829,24.94214,00000000afef4555,7.05
14515,2019-08-04T12:41:31Z,bbeaad18acdd3a2602aa5b07ab6ae8df489cb499c4490b3e6f561a5e,60.16544,24.95398,0000000038d83d41,17.4
14516,2019-08-04T12:41:31Z,bc07df8cc395f6f4f5d483b2233caca5f93a6918f346e4cc3702f8cc,60.16531,24.9442,00000000fdda10fe,16.1
14517,2019-08-04T12:41:31Z,bddca8fc17056f9f207a259070e281eedf4cea3e8e22093b88bbd7b5,60.14699,24.922,00000000a53ed894,9.92
14518,2019-08-04T12:41:31Z,be3899e685ec11f99f7112d4c7cddf57b9c9edeed8394ef9c49ede71,60.17002,24.94407,000000006b087f40,29.32
14519,2019-08-04T12:41:31Z,bf2e5725b255e320f1e8375ec03f55194f1fd9f751be9629d873a5c8,60.14699,24.922,00000000a53ed894,3.4
14520,2019-08-04T12:41:31Z,bf992d3cd95a73f02d7223eaffe90a94e3e1e98a8c6759bab631b5b0,60.14947,24.91438,000000004ef3150d,14.89
14521,2019-08-04T12:41:31Z,c0722f63618f97eb8ec4afac1a8538b81a3c87e623d753ad1201bf7c,60.16075,24.95883,00000000f1124bca,10.78
14522,2019-08-04T12:41:31Z,c1e4323d2276cb6e358f5fabb123294e7a0ef87e7169f3cccc8f2e03,60.16075,24.95883,00000000f1124bca,18.79
14523,2019-08-04T12:41:31Z,c261834e6d2c1bd9adddb82d8c6ce2d8aad82a89e32da62f3fcc6063,60.16075,24.95883,00000000f1124bca,13.75
14524,2019-08-04T12:41:31Z,c36d58ed0e0dddb3e26be1214e369db1c3fa3d4bcf8b53536a25239b,60.17065,24.93641,000000000f4919c9,4.11
14525,2019-08-04T12:41:31Z,c3be6dcc2c0542676c20d28ce38adbe2c0b9be09caa3f22e60210636,60.16075,24.95883,00000000f1124bca,13.75
14526,2019-08-04T12:41:31Z,c3e5ee20ca76f7347fda00c4c2fdee291bc6d843a879b26fbdd70390,60.17065,24.93641,000000000f4919c9,16.1
14527,2019-08-04T12:41:31Z,c493415e869d6e6304841784a120f994272b83557256b43e44e4f3e0,60.14699,24.922,00000000a53ed894,18.79
14528,2019-08-04T12:41:31Z,c4dfae0a1b1bd27741275e8f26148b119bf7225960b4275e488612b9,60.14699,24.922,00000000a53ed894,25.36
14529,2019-08-04T12:41:31Z,c633a260ce59bad4e1ca42f12936ed8ae57a40f5e6528dfb70052c43,60.16897,24.95222,00000000aa852af1,9.92
14530,2019-08-04T12:41:31Z,c728eaa7734efeabe7f33c782081caa960fcced68160e285ee477916,60.14699,24.922,00000000a53ed894,16.1
14531,2019-08-04T12:41:31Z,c905a50dedd9b3d2114cde9160b7adf83adc09683b65598ce24c4047,60.1538,24.95595,0000000038bf9618,17.4
14532,2019-08-04T12:41:31Z,cad80f69731ad65f7f14bf400d674e0c42de462bd42db112c9d9f261,60.16075,24.95883,00000000f1124bca,11.7
14533,2019-08-04T12:41:31Z,cbc336691f17a9c508549e03d522166247a0cd0a944321c1a7d15525,60.14699,24.922,00000000a53ed894,9.92
14534,2019-08-04T12:41:31Z,cc2cf42c6b14536fb92c810ff0e3dd5a3caa74236f14246a5b6e8cdc,60.16762,24.95415,000000006b44cce7,9.12
14535,2019-08-04T12:41:31Z,cce6b6f309e43e2bb1be6a9784582a82891e976d0869d01040586d27,60.14947,24.91438,000000004ef3150d,2.08
14536,2019-08-04T12:41:31Z,cd3e127e27387b6e06cdf27f46fb6046e4182e4d7b49b49c17167c1c,60.14947,24.91438,000000004ef3150d,16.1
14537,2019-08-04T12:41:31Z,cd4ecd3b83630f6e5d65f635804e47a1ceb82853aac36af30044f06a,60.149,24.9843,00000000fffb8cf0,6.46
14538,2019-08-04T12:41:31Z,cd62fc5a92bd89f24a6e3d736d5511bf872859d762723b92f2092abc,60.16829,24.94214,00000000afef4555,16.1
14539,2019-08-04T12:41:31Z,cd9b2be9ffb37c8b7c5c25f587c95b1c7932a21fb245487ea2f740d9,60.14699,24.922,00000000a53ed894,10.78
14540,2019-08-04T12:41:31Z,ce6a8017f454ee88825097762b1bdb8e5ba78fff9cd3e49bc2ee2400,60.14699,24.922,00000000a53ed894,17.4
14541,2019-08-04T12:41:31Z,ceb777dafa9b7e39125b89735b7f0cf22c3018eb0196043ac8160370,60.14699,24.922,00000000a53ed894,8.38
14542,2019-08-04T12:41:31Z,cef1d06a10cfa08bcaef8b36535c2ec32c756a76cc0d5c2a1246f933,60.14699,24.922,00000000a53ed894,25.36
14543,2019-08-04T12:41:31Z,cf348d1ad8b56dd43f377926c2a3f3a9436d35fc378964335639effa,60.16829,24.94214,00000000afef4555,18.79
14544,2019-08-04T12:41:31Z,cfa42322be0000cf89d8969d1b88ace0ba99cab721dd58d55d41a36e,60.17065,24.93641,000000000f4919c9,12.69
14545,2019-08-04T12:41:31Z,cfc2a688ff31fbb1baac8790fb6d56dc7746ba2cf9e0e5f39d4751a4,60.14699,24.922,00000000a53ed894,9.12
14546,2019-08-04T12:41:31Z,d0413da80c7714f40ffe50dcfb00039280c64ecebc61c59df72965e6,60.149,24.9843,00000000fffb8cf0,17.4
14547,2019-08-04T12:41:31Z,d0cab2a2660dcc5cb99a9bdf39d2e6b31b7498985db1b50e48cb478d,60.18203,24.91341,00000000342570c2,18.79
14548,2019-08-04T12:41:31Z,d12f9e6275869a74f979eac17b326dfe329bbd78b8732fc998b5f132,60.14699,24.922,00000000a53ed894,17.4
14549,2019-08-04T12:41:31Z,d1e3b42846da964eb43395a0c02d5cccd930d1a09090f9d668f1ebd9,60.16829,24.94214,00000000afef4555,10.78
14550,2019-08-04T12:41:31Z,d295fce65c7332728ab79761524c814f41bd0cefa3ad9ef62ac18993,60.14951,24.92138,0000000006dd41f6,27.28
14551,2019-08-04T12:41:31Z,d2b1a7ead9aff41a8cb3fff6b7f4ee84a780b52aae2f3838b83447fc,60.16829,24.94214,00000000afef4555,27.28
14552,2019-08-04T12:41:31Z,d388a2c86cc65945e59a07273222ff57fc3585d4756b5c498dd443ac,60.16897,24.95222,00000000aa852af1,14.89
14553,2019-08-04T12:41:31Z,d38e88e5b926f9d1de6e326cca45116fcca11f10684c80876739c6cd,60.16075,24.95883,00000000f1124bca,8.38
14554,2019-08-04T12:41:31Z,d3c0cff604283ea6adeabb4f867f3fcaf8ee41fd27fc600d33c4d70d,60.16075,24.95883,00000000f1124bca,13.75
14555,2019-08-04T12:41:31Z,d64eda229ebb6012e59bc89eacb74918e404ce52f16b491f3d48e800,60.16897,24.95222,00000000aa852af1,13.75
14556,2019-08-04T12:41:31Z,d75c412090c347ad7fca9287bcc4eb9bfb757dc7c1725109861dd93e,60.16629,24.95957,00000000fb7600be,13.75
14557,2019-08-04T12:41:31Z,d87210146aab139cc6640a20b428dce6ac516806a71a177b70e04f62,60.17065,24.93641,000000000f4919c9,8.38
14558,2019-08-04T12:41:31Z,db9cee77723e2258651606fd447070139d95eb1138f8e56957bff8f1,60.17002,24.94407,000000006b087f40,29.32
14559,2019-08-04T12:41:31Z,dbf9f0495974591badcee3fcfc1b5eb718b26de86aaf486c351ad084,60.14947,24.91438,000000004ef3150d,13.75
14560,2019-08-04T12:41:31Z,ddc8410b9e4ece4b995b789f95e526693bac176ed77092ba57355dc8,60.16762,24.95415,000000006b44cce7,1.88
14561,2019-08-04T12:41:31Z,ddd849ee86afceedd5f5582ede84380d5596c9ea304d634ab0fd0de0,60.16829,24.94214,00000000afef4555,7.05
14562,2019-08-04T12:41:31Z,de09fd8d15c3d7adbf440a3d0a418a3b476513c968bda8a4aa652adf,60.173,24.92524,0000000096918cfa,29.32
14563,2019-08-04T12:41:31Z,de0d086ae32f87522eab31d3bc52545ed17b065889674963c0709568,60.16829,24.94214,00000000afef4555,17.4
14564,2019-08-04T12:41:31Z,de84f754a3916c8f831b0bb8ea41fc2a42cdea2794558fece3c7ae97,60.1538,24.95595,0000000038bf9618,18.79
14565,2019-08-04T12:41:31Z,e0ff1e75104c5dfa3549647c238569888e353e1322256a5c6979de0b,60.14699,24.922,00000000a53ed894,13.75
14566,2019-08-04T12:41:31Z,e1a443e10353da64728464e8a720aaf22a62b80d404f1acae1a1c6ee,60.1538,24.95595,0000000038bf9618,33.81
14567,2019-08-04T12:41:31Z,e35717ff07f32be5a2e1520f1855533f8dcc72cff7930c9cba9da32b,60.14947,24.91438,000000004ef3150d,12.69
14568,2019-08-04T12:41:31Z,e3c03ee00a1bcd066f8b260cc5b9824d1118b7b7f972a818752aabc7,60.14947,24.91438,000000004ef3150d,9.12
14569,2019-08-04T12:41:31Z,e40a26f3f7468f4ac2302b45f1ed9aab7fea245ccf81d0c08072c881,60.16829,24.94214,00000000afef4555,14.89
14570,2019-08-04T12:41:31Z,e447e76c7b53157c11d5bfeb172c27332c81b5ec7f263badf5507888,60.149,24.9843,00000000fffb8cf0,12.69
14571,2019-08-04T12:41:31Z,e4b111abda6e15229c808fb72d5c0c38e2cf3abdbbb62fff5ae48e42,60.16762,24.95415,000000006b44cce7,11.7
14572,2019-08-04T12:41:31Z,e7cd5f775c7eea951719f351fcc25c710f857832d6f4b70a51b7b82d,60.16897,24.95222,00000000aa852af1,10.78
14573,2019-08-04T12:41:31Z,e826dedac8582e619ce18cd7eed68be5ee1fc9ed37e191e06f916835,60.14947,24.91438,000000004ef3150d,13.75
14574,2019-08-04T12:41:31Z,e9115410fa45db5a174eee008cae729dc69937a0e0b5a304899bf1b9,60.17065,24.93641,000000000f4919c9,33.81
14575,2019-08-04T12:41:31Z,e92eb020afcd7c1fad04690230ff8c2f005e404dd25b8dced1df30dd,60.16075,24.95883,00000000f1124bca,7.69
14576,2019-08-04T12:41:31Z,ea157e44ed100be3f782d8b3d8e5e0986079c588c9ea754b14917df0,60.16829,24.94214,00000000afef4555,1.88
14577,2019-08-04T12:41:31Z,eaa9924da1e700147607d5145e2b55b48b65deea922ee2e59bd1d5a7,60.173,24.92524,0000000096918cfa,21.87
14578,2019-08-04T12:41:31Z,eac6fda3a18aa9ce55b6359f5c62a044e0bcd6bc3576c8cd815acf07,60.14699,24.922,00000000a53ed894,11.7
14579,2019-08-04T12:41:31Z,eb79d6eb71f039f7008c9c4ea2f36d37f03bf60bddc7867e8b337254,60.16762,24.95415,000000006b44cce7,18.79
14580,2019-08-04T12:41:31Z,ec424a10bcefb6e69c2eabf42534f06e7a10aa0cfb28f6478052cade,60.14699,24.922,00000000a53ed894,13.75
14581,2019-08-04T12:41:31Z,eed1c3b93e33ab3a4802db427c8c197c0fbad358e039b6ea8c8af07b,60.18203,24.91341,00000000342570c2,23.56
14582,2019-08-04T12:41:31Z,ef77b04fc57a9781bf581172358ba74cf41e0b2a6ecc8090f99810bf,60.14699,24.922,00000000a53ed894,16.1
14583,2019-08-04T12:41:31Z,efe8b6c6fdf0d2caccd589aaaa4f0228a80590ff9ec7961f2e92103d,60.16762,24.95415,000000006b44cce7,9.92
14584,2019-08-04T12:41:31Z,f00fb569fe1448dccb8e92e24b081a3164b59eb117131800780c70a9,60.14699,24.922,00000000a53ed894,20.28
14585,2019-08-04T12:41:31Z,f04b198f2f3331022f4a89ef2c2d12283e9c1c03a6c64a1dcb6e76cc,60.173,24.92524,0000000096918cfa,29.32
14586,2019-08-04T12:41:31Z,f062cb52d49926a4fb39f723275ed60ab6c0f3bf34e0c3f9d233b7b8,60.14947,24.91438,000000004ef3150d,12.69
14587,2019-08-04T12:41:31Z,f15b72a3aad411d2f8a70b41c4f62ad2d744d064d42ec00c71a18ac5,60.16762,24.95415,000000006b44cce7,5.41
14588,2019-08-04T12:41:31Z,f1845e00642980be3cdc27a088c619bb0616b86f7cfa0b8909efac80,60.16544,24.95398,0000000038d83d41,23.56
14589,2019-08-04T12:41:31Z,f20f951802c722181f0e90095001c49e73f84049bb105b95c97049d1,60.17918,24.95141,00000000675d5200,16.1
14590,2019-08-04T12:41:31Z,f2759841619517bff6a58510ebb0ddbc9378cd300d99652f9b14f90d,60.16531,24.9442,00000000fdda10fe,18.79
14591,2019-08-04T12:41:31Z,f2deba4ef84dbbc8c5d8524f6e2311183003bce4f9bfa6aef5b5ef66,60.14947,24.91438,000000004ef3150d,8.38
14592,2019-08-04T12:41:31Z,f39827c3c7f4c833d1118043492f78e3255b6da9f4a2c000041d9b61,60.16829,24.94214,00000000afef4555,1.54
14593,2019-08-04T12:41:31Z,f3ec2366b51157150674e5ab6293bdb19e0b30ca4296fee4c97b811c,60.14699,24.922,00000000a53ed894,6.46
14594,2019-08-04T12:41:31Z,f5f7cfe177dfb0b7ebba2419ae53f70b6b5690dd98d98586004a9107,60.149,24.9843,00000000fffb8cf0,25.36
14595,2019-08-04T12:41:31Z,f6a88c4482d078d6a1d51eabc04916c6f7566cff4a16fd55f3abdef0,60.16531,24.9442,00000000fdda10fe,33.81
14596,2019-08-04T12:41:31Z,f74e6d09d258e27d6ddddd51a7dfec9b3038e669e50f8a122bffd157,60.15133,24.92329,00000000e8a064a4,27.28
14597,2019-08-04T12:41:31Z,f7f0caf73572bea3c08b592eeb9655b2668cfb16fd8840ca5619d84a,60.14699,24.922,00000000a53ed894,3.4
14598,2019-08-04T12:41:31Z,f847ec4111b37a677f1bd2577f778f653309f7b486974fefcf5eb8c9,60.1538,24.95595,0000000038bf9618,38.87
14599,2019-08-04T12:41:31Z,fa96854324adae88abb35afa34b2393a20338bfd8fc9602d3ce6ae8d,60.14947,24.91438,000000004ef3150d,8.38
14600,2019-08-04T12:41:31Z,fadc39da3cd26ac621092fbbff224b95bb13446c8d24bbf4f3e50e90,60.14947,24.91438,000000004ef3150d,7.05
14601,2019-08-04T12:41:31Z,fd77161cf9715d9d0f922cf45e79e5d9b9debef5113cb32a4f82ef76,60.16762,24.95415,000000006b44cce7,5.91
14602,2019-08-04T12:41:31Z,fe5ca86c906b1cb3bf9dd257ceefc562e41da499878f1074484f7d42,60.14947,24.91438,000000004ef3150d,13.75
14603,2019-08-04T12:41:31Z,feb399897846bc34dc3f4b06ac4ef0ffb0db885977b88e5c5fdb7350,60.14699,24.922,00000000a53ed894,7.69
14604,2019-08-04T12:41:31Z,ff4f3e0f964f23b97e88626f7a506bb4409718931712c58ce0f247af,60.16762,24.95415,000000006b44cce7,17.4
14605,2019-08-04T12:41:31Z,ff8280896145ae17e594c52eac2cdbab47d3757d797878fbc4298596,60.1538,24.95595,0000000038bf9618,18.79
14606,2019-08-04T12:41:32Z,07d86ad98399440d0cc3bd3382a7256feb971e49a3686dc17f532e1c,60.16829,24.94214,00000000afef4555,18.79
14607,2019-08-04T12:41:32Z,0dd09efc9717b508a52eb5196698ac7acffb325c836e14f240e56313,60.14947,24.91438,000000004ef3150d,21.87
14608,2019-08-04T12:41:32Z,112c36ba789fa57e2b19c9bff8bfe0b3eba19a431c3af4656c4cee5b,60.16531,24.9442,00000000fdda10fe,29.32
14609,2019-08-04T12:41:32Z,1142f5b6806b1ec7d8d47d47013eb530d8a7418f6934d8867b20966a,60.16829,24.94214,00000000afef4555,23.56
14610,2019-08-04T12:41:32Z,14c7e1511b70f4dd3359cbece1377aebb4d70531f5489eefe53d7c3c,60.16544,24.95398,0000000038d83d41,23.56
14611,2019-08-04T12:41:32Z,1526f3d92e309513df962ba40c1be4462d5f9b2f140656864b73824f,60.16075,24.95883,00000000f1124bca,21.87
14612,2019-08-04T12:41:32Z,1599d2c9070a6f05e1a5887c2d9209214c04818c6203fe75440734f2,60.1538,24.95595,0000000038bf9618,29.32
14613,2019-08-04T12:41:32Z,165ebbb4090d47319ae370f0d0854fdc1f6b79499f8b2e4d3c3533c0,60.16544,24.95398,0000000038d83d41,23.56
14614,2019-08-04T12:41:32Z,211f6b7b044343d0be369791b3fa3c144d0d0f391e2a42787712efb0,60.16448,24.97323,0000000053c6c2be,13.75
14615,2019-08-04T12:41:32Z,21d09757012e8f7297d1de922f681bcc36581a3d7be770b42b3780a0,60.15432,24.9211,0000000019fb59c4,16.1
14616,2019-08-04T12:41:32Z,25a7ff811c3c06e426c7c2cbb0433d9a2a3399b23afecbd35584ab0f,60.18203,24.91341,00000000342570c2,18.79
14617,2019-08-04T12:41:32Z,2603b5aecd8f219a410e558446935308ecabb09a6c9e5b38533728ff,60.16829,24.94214,00000000afef4555,21.87
14618,2019-08-04T12:41:32Z,315af4a829b592ba99b203b8ed2cbd499769f8752dfe6de7da4ee929,60.16829,24.94214,00000000afef4555,14.89
14619,2019-08-04T12:41:32Z,35568b1e0d67c5d7b6b15bb08540a1aafe24817a9bc06673b97e85c9,60.14947,24.91438,000000004ef3150d,11.7
14620,2019-08-04T12:41:32Z,4317f5904a5e6ae921bf743dd534c803083fd90b15a1245881beeade,60.16897,24.95222,00000000aa852af1,23.56
14621,2019-08-04T12:41:32Z,44d0b94469070803869f229601e877beb613c3f5aafa009addf97a1a,60.16544,24.95398,0000000038d83d41,17.4
14622,2019-08-04T12:41:32Z,44f1947d0640fa977e6056a6b644c7fec2930ccd7ba2750d71429f00,60.16544,24.95398,0000000038d83d41,27.28
14623,2019-08-04T12:41:32Z,4656bad9b5e6dfc3977eca308fc1db3dbf8b0204b90d09b001da242e,60.1638,24.96846,00000000d747f075,27.28
14624,2019-08-04T12:41:32Z,4d78d16b0cd79cc600b42ad9bc5504bf56df36a3e95daeeecc070053,60.16897,24.95222,00000000aa852af1,7.69
14625,2019-08-04T12:41:32Z,5d65719c4cbf045f068d084b72302f447d5fd034413d97d13be00d0e,60.18203,24.91341,00000000342570c2,18.79
14626,2019-08-04T12:41:32Z,5eed115a984d490b02b602d73787aee8dc8c4e9365b77fbff3818a76,60.16629,24.95957,00000000fb7600be,17.4
14627,2019-08-04T12:41:32Z,5fecff186138a9b3e31c6086c33dcd5f1d209e64f0afeed7c688cab0,60.16897,24.95222,00000000aa852af1,11.7
14628,2019-08-04T12:41:32Z,653a92a7828f2c43bc74899753f872e8b93c30b6fb419b651a94bbc1,60.16897,24.95222,00000000aa852af1,18.79
14629,2019-08-04T12:41:32Z,66dabd3229229330d23c70e9e1737429ddfe69db01f4a6a00f70fa20,60.16762,24.95415,000000006b44cce7,18.79
14630,2019-08-04T12:41:32Z,69219e9efa41ae9e732653e9eaf08e1a34cb853a9dafe76ddeea4d04,60.16897,24.95222,00000000aa852af1,18.79
14631,2019-08-04T12:41:32Z,6a70e2fbced719333e21eff04fcb9cb36bae9a04d1a3d6ddd96f2c58,60.15432,24.9211,0000000019fb59c4,7.69
14632,2019-08-04T12:41:32Z,6c8861f56a280e7752e10439271a2498527c69b0796f58de4afc6008,60.16075,24.95883,00000000f1124bca,17.4
14633,2019-08-04T12:41:32Z,6f06341f358e61699fe1e55e986dd0554bc8da28b91daf0c5ad99db6,60.16629,24.95957,00000000fb7600be,18.79
14634,2019-08-04T12:41:32Z,70d8572458a1a103555bab897b6443e601e0ed211414b15ad0b56f60,60.16544,24.95398,0000000038d83d41,21.87
14635,2019-08-04T12:41:32Z,737efc92e3419e9d96a8559ec341ea7e18ba6381fd8e4de3d06f82a0,60.14699,24.922,00000000a53ed894,21.87
14636,2019-08-04T12:41:32Z,7678cdb86d454ca9ae52f22d97e635106585a3a046d01da4463695cc,60.18203,24.91341,00000000342570c2,12.69
14637,2019-08-04T12:41:32Z,79f136afa0dd8717337c01c70b457c464aaf0fa25b440f51a394ec23,60.16762,24.95415,000000006b44cce7,13.75
14638,2019-08-04T12:41:32Z,7df8ec5a88dc8a3821619187191a17a27cf3e1d8ca54bbf372e28bbf,60.16829,24.94214,00000000afef4555,25.36
14639,2019-08-04T12:41:32Z,85ef35aecf2ff804be3d958b592705ec41c6df9c128c132c65bb283d,60.16897,24.95222,00000000aa852af1,20.28
14640,2019-08-04T12:41:32Z,87dfaad29a9276ddddb1fa021d3bc23ad14824c1af16f7d87e713689,60.14951,24.92138,0000000006dd41f6,9.92
14641,2019-08-04T12:41:32Z,88808fe92573e9cdf022cc15b9689b6b4b9429f60513c8897b0ba4c7,60.16897,24.95222,00000000aa852af1,21.87
14642,2019-08-04T12:41:32Z,8c3b1ed0846e38cc84b863a80540c8a75bfd85c8bdda36563d153110,60.16544,24.95398,0000000038d83d41,31.5
14643,2019-08-04T12:41:32Z,8c75c3289c84fe4493e1e272a77b615fe1985880c5dc68a7c1a17b53,60.16762,24.95415,000000006b44cce7,23.56
14644,2019-08-04T12:41:32Z,94c5a69a5ae6e9407c3fa9a6919d99beb3558dd4e6750eb480ddc36f,60.16829,24.94214,00000000afef4555,14.89
14645,2019-08-04T12:41:32Z,9843c6216661048343a0e49cf3d8aa2883cf77f452666a1c873a1052,60.16448,24.97323,0000000053c6c2be,13.75
14646,2019-08-04T12:41:32Z,9bc8068948a5b881e1bded553efe012fe129e3e4df62f64a6724917e,60.16829,24.94214,00000000afef4555,20.28
14647,2019-08-04T12:41:32Z,9fc0711d7e7722eff7faa0cb6f17846680c06515c1eb93dd49ebcf25,60.14699,24.922,00000000a53ed894,13.75
14648,2019-08-04T12:41:32Z,a91d379a4b57c5df22db0d7a041ff69f657b4b31f28554b1011fc03c,60.16544,24.95398,0000000038d83d41,25.36
14649,2019-08-04T12:41:32Z,acd2647d413f41552b31b6e383da445c8902bc2a764d2b7791a7b164,60.16762,24.95415,000000006b44cce7,18.79
14650,2019-08-04T12:41:32Z,af807b67ce09a2ce1744025c421961213f1608ca658ece4df69555a1,60.16762,24.95415,000000006b44cce7,11.7
14651,2019-08-04T12:41:32Z,b3d30798e4605a05b11dfff0f3fe01c2e8e16ac491fdb956f128ff23,60.14947,24.91438,000000004ef3150d,10.78
14652,2019-08-04T12:41:32Z,b5fd6b317890e5ab2d79e2cd1abe61626d45a753c7337d0d40728898,60.16762,24.95415,000000006b44cce7,10.78
14653,2019-08-04T12:41:32Z,bca443064699e0ac05c40e587aef06d7fd580817e739133a501490bc,60.14699,24.922,00000000a53ed894,18.79
14654,2019-08-04T12:41:32Z,be41ebc5fb0d348fc1ef1166d44251c3112a78a4ea01aa980364ee7c,60.14699,24.922,00000000a53ed894,13.75
14655,2019-08-04T12:41:32Z,bedde70080278440cf33f510482f5dbd45ad8321fdcb248b929437f7,60.16762,24.95415,000000006b44cce7,16.1
14656,2019-08-04T12:41:32Z,ca6927628f5ddda20036865c9345ad93d476d62ade3b181de568eed6,60.16897,24.95222,00000000aa852af1,20.28
14657,2019-08-04T12:41:32Z,ce358a51e6d8aadc92f348d84faf2751693f532bef422ca636a0e1ea,60.17065,24.93641,000000000f4919c9,31.5
14658,2019-08-04T12:41:32Z,cf05623e4d87ce0906c0b0b7dbf53aacc1228016cd27c341228b6e76,60.18203,24.91341,00000000342570c2,16.1
14659,2019-08-04T12:41:32Z,cfc0bedb78ded52749db3188cb188bf6a250ef5990da9c5afa9623fc,60.14951,24.92138,0000000006dd41f6,25.36
14660,2019-08-04T12:41:32Z,d0a50f3001c258a38880550f6c0835fcaa85f0a6d36687dc5de98f3b,60.16629,24.95957,00000000fb7600be,20.28
14661,2019-08-04T12:41:32Z,d0bb9fef9a0ef26adcdd4732c9c20361bce49826f32c2892242831b8,60.16762,24.95415,000000006b44cce7,18.79
14662,2019-08-04T12:41:32Z,d366aa1925472f34a389921734c1777d6d7c2e812b0f284d78697edf,60.1538,24.95595,0000000038bf9618,50.98
14663,2019-08-04T12:41:32Z,d48f030c95edb2a3ab176a0ad469436dc60c047f94debbd5917a2704,60.14947,24.91438,000000004ef3150d,21.87
14664,2019-08-04T12:41:32Z,d661caec7a5da6aef734734bbf9090debe494c1afd98050f88f269bd,60.16829,24.94214,00000000afef4555,18.79
14665,2019-08-04T12:41:32Z,dcaa88e5d510f572877286b8ba0663428b2d71a50b6630460009c779,60.14947,24.91438,000000004ef3150d,12.69
14666,2019-08-04T12:41:32Z,ded49640b591e73bff71f84fb99d2739eb6c9554164a015017725e03,60.16829,24.94214,00000000afef4555,21.87
14667,2019-08-04T12:41:32Z,e8690c2d1711bc10f2d1251a3b5b1e770b98c66c384760400c604de1,60.16829,24.94214,00000000afef4555,25.36
14668,2019-08-04T12:41:32Z,e8e366e76c97944e23c0f80b4fd3ce6e5832744922297146a49f0c7e,60.16762,24.95415,000000006b44cce7,9.12
14669,2019-08-04T12:41:32Z,e96bd269a48b822b06141c3362fcb6d5ed4d0d09a120f2e4a712d5c2,60.16897,24.95222,00000000aa852af1,13.75
14670,2019-08-04T12:41:32Z,ef7dba95b756c6d1b3b2481f9588f5dd6bdb1ee317c42ea24e5344ff,60.14699,24.922,00000000a53ed894,29.32
14671,2019-08-04T12:41:32Z,f088630d7476dae7d4b7e2bb1f10575f2c89acb4b6e061f3d57c2b40,60.16531,24.9442,00000000fdda10fe,29.32
14672,2019-08-04T12:41:32Z,f237103f284dc6c51c64f9728c4f56e0c855dbb1bf8c4165758c3ef0,60.16897,24.95222,00000000aa852af1,20.28
14673,2019-08-04T12:41:32Z,f29ea15113ac0eea0be8ec41c633909de4b0b9ab6c7b9898b128080c,60.16897,24.95222,00000000aa852af1,23.56
14674,2019-08-04T12:41:32Z,f405a7c4a3a4339f8e3f7e552f6492d6eed76f7d08c54943286213de,60.16762,24.95415,000000006b44cce7,12.69
14675,2019-08-04T12:41:32Z,f6609ab1076b1105bb845595a03b41b8fbb282f79c337df5bbc9f841,60.14699,24.922,00000000a53ed894,11.7
14676,2019-08-04T12:41:32Z,f94dddacf96965952551200a02b41925bcd21402aceafb12f19931af,60.16075,24.95883,00000000f1124bca,7.69
14677,2019-08-04T12:41:32Z,fc4f3a44235f1cfc7b53f14ba2da599976a5a0a220d23b852688e485,60.17919,24.95181,000000007b5207b6,17.4
14678,2019-08-04T12:41:32Z,009ad4cd2bd97e04da44cc9789e6bdbdb899eded61d05b7d5634b7be,60.16829,24.94214,00000000afef4555,5.91
14679,2019-08-04T12:41:32Z,00b07030d00cc5582c0f1be7d73fb09e34f4018445ce11d9da8da813,60.16762,24.95415,000000006b44cce7,17.4
14680,2019-08-04T12:41:32Z,00bdb07c0f4f75c71196362c269c9f652c66cf7d3f3c2d89843af063,60.16629,24.95957,00000000fb7600be,27.28
14681,2019-08-04T12:41:32Z,010298d620fbe80ab4f46c866c215217b2bf1fd12a2a67b9e56b4ce8,60.16829,24.94214,00000000afef4555,14.89
14682,2019-08-04T12:41:32Z,01f429553e2195416aa27d90d18c5206411813155efa0b01dae13559,60.16629,24.95957,00000000fb7600be,18.79
14683,2019-08-04T12:41:32Z,02290ce195d0c1a6f6c472f83372d8b189973a36922259ef2b595ec6,60.16829,24.94214,00000000afef4555,17.4
14684,2019-08-04T12:41:32Z,032e5d7621738a50c9e742e0cba13c819f7c67cedf8687f3ab25595c,60.16762,24.95415,000000006b44cce7,9.12
14685,2019-08-04T12:41:32Z,033759f09b97a9347fd7852dbc2bcd3abbb67a792486acad9d185bca,60.16762,24.95415,000000006b44cce7,14.89
14686,2019-08-04T12:41:32Z,036c183505fea646b54aeb0c612913cafba94eca65e47d3c6d840a68,60.17919,24.95181,000000007b5207b6,27.28
14687,2019-08-04T12:41:32Z,038e7f3d1d9babcdb48b63ff8e3e1ac732b3c29f665dc7d9a1819abc,60.14699,24.922,00000000a53ed894,10.78
14688,2019-08-04T12:41:32Z,0479a26a59d65bf1dee05c06f4227a0ba63a6e9c9a09e7c34f2e06b4,60.14699,24.922,00000000a53ed894,5.91
14689,2019-08-04T12:41:32Z,04b49a34910d12f55243dd5a756c7cc1e506e5d3cdb418cc635e9ad9,60.16762,24.95415,000000006b44cce7,12.69
14690,2019-08-04T12:41:32Z,07444c376c2a48ed91a2f5462cab887c00378edb4175ee969deb207e,60.18203,24.91341,00000000342570c2,17.4
14691,2019-08-04T12:41:32Z,0745a2141a9beee786a347d3ee1b071719fd2f4abfeeab7f5248c0ad,60.14699,24.922,00000000a53ed894,16.1
14692,2019-08-04T12:41:32Z,0851ab74be2e888decf0046825f09ed302f7b2275e72b09b5b713d85,60.16829,24.94214,00000000afef4555,13.75
14693,2019-08-04T12:41:32Z,0947f9d6bb6c34e382e008052b704b6521ac4f7678a2e8a719bb574b,60.15432,24.9211,0000000019fb59c4,25.36
14694,2019-08-04T12:41:32Z,0a0acb70a8ef92be52a64d4425e70bb2f7a17d13942c3382c9d68878,60.149,24.9843,00000000fffb8cf0,9.92
14695,2019-08-04T12:41:32Z,0a5616e066b42895361324cfa8abef41d849a55e3e4bed429bab494b,60.16829,24.94214,00000000afef4555,12.69
14696,2019-08-04T12:41:32Z,0a5ed50daf13dd10744537aa851ac7ab1d34d9797ec6ab6e2402aebb,60.16762,24.95415,000000006b44cce7,5.91
14697,2019-08-04T12:41:32Z,0a8eb41acf097f79d7e145d7a002bbaa9f5017b44076ad66b2dbe053,60.16762,24.95415,000000006b44cce7,17.4
14698,2019-08-04T12:41:32Z,0b0dd9af9d52c68ff71ce266d6707abbb0f56c3c63be0f83f7b5df9b,60.16762,24.95415,000000006b44cce7,10.78
14699,2019-08-04T12:41:32Z,0c905239b8c0e14cba671cf4d4d715d1045a30ee62a6285fb489dbb0,60.16829,24.94214,00000000afef4555,7.69
14700,2019-08-04T12:41:32Z,0ef4d4e0ed1d5a16b616f3722210deaa1f3be532439fb707802f70a2,60.16075,24.95883,00000000f1124bca,16.1
14701,2019-08-04T12:41:32Z,121345c4cf0d0f18c684c4eb22e496ac6f8fb537ec2f3812f6966b67,60.16762,24.95415,000000006b44cce7,10.78
14702,2019-08-04T12:41:32Z,124cce476184e061b136f481014a2abc7208d30e4e520ffd90c85adb,60.17002,24.94407,000000006b087f40,18.79
14703,2019-08-04T12:41:32Z,126ff8aee22cf123572b51282d01680aea0dac78d907b5100c430c50,60.14947,24.91438,000000004ef3150d,31.5
14704,2019-08-04T12:41:32Z,13bcedb8c59b26417282929d81844b272c7c5bc295614f531219a8e4,60.14947,24.91438,000000004ef3150d,14.89
14705,2019-08-04T12:41:32Z,1423891c6ee1edc7da83904378a35aef2e5797db95b117651d676934,60.16762,24.95415,000000006b44cce7,12.69
14706,2019-08-04T12:41:32Z,1496ce9cf373a2a508a8ab0b7aa0604dd889fd69483881c3752219af,60.14699,24.922,00000000a53ed894,21.87
14707,2019-08-04T12:41:32Z,1582eee04b12138ba897d22887174c8a8df1e17f4a6e78e892042b2c,60.16762,24.95415,000000006b44cce7,23.56
14708,2019-08-04T12:41:32Z,161aa798c2a18e132fb27ecded773218ea4e42eabbd0e5794b1d7017,60.15432,24.9211,0000000019fb59c4,20.28
14709,2019-08-04T12:41:32Z,16ca2e50aab654110e1bb81e5e374133f99b7f103d24d5cc9635423c,60.16897,24.95222,00000000aa852af1,27.28
14710,2019-08-04T12:41:32Z,171a752ceacd35c6e27c36e67da80ba960a246c0977f0bdca139a472,60.14699,24.922,00000000a53ed894,9.12
14711,2019-08-04T12:41:32Z,1769031b7f4d75de0541e26427b9ecc92c84b80992e3b36bb8eb799e,60.16829,24.94214,00000000afef4555,11.7
14712,2019-08-04T12:41:32Z,194e6ced97ec114a37fe06d6d73fb687c057d411be476f1ea6f4852e,60.16897,24.95222,00000000aa852af1,16.1
14713,2019-08-04T12:41:32Z,197961cf403efacc6bdb07158a50753109701aba7a6e7cbf8502e1ee,60.14947,24.91438,000000004ef3150d,21.87
14714,2019-08-04T12:41:32Z,1aacd77e1fdbe1544cf1ab29a00642d77ce4a075e388e8a2108aa39b,60.16829,24.94214,00000000afef4555,10.78
14715,2019-08-04T12:41:32Z,1ad0b84716a79851fa8db7a993012f0c8e496d6cba9d028a546285a2,60.16897,24.95222,00000000aa852af1,20.28
14716,2019-08-04T12:41:32Z,1b3fba902b8d1538b508cdc228fd15fdd87f5aecb68e5611b1a4e354,60.16762,24.95415,000000006b44cce7,8.38
14717,2019-08-04T12:41:32Z,1bcef866fafad7c7460a084e0b0d27c087b549f4ae704390708be47e,60.149,24.9843,00000000fffb8cf0,8.38
14718,2019-08-04T12:41:32Z,1c669457535e4635f732c228ec524f9d2c440b0d2132fa1acd93122a,60.16897,24.95222,00000000aa852af1,41.64
14719,2019-08-04T12:41:32Z,1c7ccd5d6570d98e57ef2ebbd716b7504b138f9bb616fbeaa0d1a268,60.14699,24.922,00000000a53ed894,7.05
14720,2019-08-04T12:41:32Z,1dacfb371d75dd4f90f447aac2a00faad98beb4188a6971c19eb2375,60.16629,24.95957,00000000fb7600be,23.56
14721,2019-08-04T12:41:32Z,1e24a2120b13c780dbb3a67a73f5058d1847f126fd5f5952e6dddcd3,60.16075,24.95883,00000000f1124bca,20.28
14722,2019-08-04T12:41:32Z,1e63d2090b520af23ca3d2c9a05047dc0b0c63f7471b86e9d9f3e7cc,60.16629,24.95957,00000000fb7600be,17.4
14723,2019-08-04T12:41:32Z,1ec58e626d2335aeeaa7c7d8f715d4334274dbd43448fb62c3901ef6,60.16829,24.94214,00000000afef4555,10.78
14724,2019-08-04T12:41:32Z,1f74037ecab4dbdc5db1a8dc8b583a86630f86a5f2d0a5167b7fa605,60.18203,24.91341,00000000342570c2,10.78
14725,2019-08-04T12:41:32Z,1f81ed7274add201d3059d4a37e2bbe86b6ae1f0fd42a16d7b8dccaa,60.14699,24.922,00000000a53ed894,16.1
14726,2019-08-04T12:41:32Z,203a0c145a43c9a18f8c2a5ba4e18882e7430662bb4ac0e56ab37578,60.17065,24.93641,000000000f4919c9,16.1
14727,2019-08-04T12:41:32Z,208944c5811f446561788c5415738cbe52bdacb371f415236042698c,60.16897,24.95222,00000000aa852af1,20.28
14728,2019-08-04T12:41:32Z,20ac7b2ace7c0038aa8df01b9281a9c54f1551fc8ab9b662b1f1ca22,60.18203,24.91341,00000000342570c2,31.5
14729,2019-08-04T12:41:32Z,21bdc11bb63fb48c9d4b5308540ee5df579c9a385001a10fceeeedf3,60.14699,24.922,00000000a53ed894,11.7
14730,2019-08-04T12:41:32Z,21eed3ade733687b8f56fade8290819b7c6b4a9f38468979fe692c3e,60.16762,24.95415,000000006b44cce7,4.5
14731,2019-08-04T12:41:32Z,2204ba387d2db0e7d2ca03f7ace46abff8d141668b73c75a1879d7ba,60.14947,24.91438,000000004ef3150d,8.38
14732,2019-08-04T12:41:32Z,2271cbccbcce28d3d0757d9a964f67df1a523b81d97355dc543dd848,60.16897,24.95222,00000000aa852af1,16.1
14733,2019-08-04T12:41:32Z,231026899a6d5b326cb5b1e38b182ca1acb77c7e27bc2378973b29db,60.16629,24.95957,00000000fb7600be,10.78
14734,2019-08-04T12:41:32Z,23337c2812924a07e4f0bbc92e56d1f85ea40208b6b987f4afc686cf,60.16897,24.95222,00000000aa852af1,18.79
14735,2019-08-04T12:41:32Z,257206d3f59df5c426a9c735f4741cba6d792de1cbafe62289d383d7,60.16897,24.95222,00000000aa852af1,18.79
14736,2019-08-04T12:41:32Z,2607d1b2fc6e31a80348fffbed68a7d3a8e0212f197f2d1c573c587b,60.14947,24.91438,000000004ef3150d,5.91
14737,2019-08-04T12:41:32Z,26446b74d2d7b573cafeb665dbef395a1091dfa51b51cdf114690e72,60.14699,24.922,00000000a53ed894,13.75
14738,2019-08-04T12:41:32Z,269124e75b1e74a7c7dc93b778e02f04d0a53e069a90081c0938ee4c,60.14699,24.922,00000000a53ed894,20.28
14739,2019-08-04T12:41:32Z,2838eddb482a9bc77b0b867352020e2cbfb71e85aaa1d61307e85f3d,60.14947,24.91438,000000004ef3150d,14.89
14740,2019-08-04T12:41:32Z,28b43564f7156b67db7cb7b779e948986d7610f921490f9030379704,60.16897,24.95222,00000000aa852af1,12.69
14741,2019-08-04T12:41:32Z,28d2c3282e9f8fec67baec7992dcd800c45b67071e33cb118905a6b3,60.16829,24.94214,00000000afef4555,12.69
14742,2019-08-04T12:41:32Z,2969cdb120f2d285c556abfe5bac2f8090571f61aba227a474a534d2,60.17065,24.93641,000000000f4919c9,3.4
14743,2019-08-04T12:41:32Z,29a1ee6c0907a00ec6b6dcbb187f5c31d1a11b261aabd339210ee013,60.16897,24.95222,00000000aa852af1,9.12
14744,2019-08-04T12:41:32Z,2a47bdc66249162a9588347a6cbe7895fe798bb25c1194cd69fb1e8b,60.14699,24.922,00000000a53ed894,14.89
14745,2019-08-04T12:41:32Z,2e2f4d1ad9ddc47800b58bfd6c1f08de22fdaa2157ec5f3f817246bf,60.16448,24.97323,0000000053c6c2be,20.28
14746,2019-08-04T12:41:32Z,2e86f9a432e00fa6ff5b8744ffecbe22a02b4316779bc8b4078af2e2,60.149,24.9843,00000000fffb8cf0,20.28
14747,2019-08-04T12:41:32Z,2ee2e108ed9051b1ccf4d3ee89931dfd53170af0b558fa6579b83e8d,60.15432,24.9211,0000000019fb59c4,8.38
14748,2019-08-04T12:41:32Z,2f08dbfbbe5577f04ea9826f72d5452ddf5fd9bb892769382ea5a4ca,60.16762,24.95415,000000006b44cce7,9.12
14749,2019-08-04T12:41:32Z,3197a3340c627059b7c7eb4b36e932bf06a1d31d868aabd647df6373,60.16762,24.95415,000000006b44cce7,17.4
14750,2019-08-04T12:41:32Z,32708990f2c831e65f70f2682baf5188fc93348b9a9e78ada8db2bf4,60.14947,24.91438,000000004ef3150d,3.4
14751,2019-08-04T12:41:32Z,32f77f5019e5fce30881c214487361e2e34b8c93277f6e546de72012,60.1638,24.96846,00000000d747f075,25.36
14752,2019-08-04T12:41:32Z,33634cb1e3fc5d4a621e8717d203da8533ed27531a70c6cbe3abf3fa,60.16762,24.95415,000000006b44cce7,3.4
14753,2019-08-04T12:41:32Z,33ec502792a84f23fed03cf16e483d153c65e2850a2549f47034726a,60.16762,24.95415,000000006b44cce7,5.91
14754,2019-08-04T12:41:32Z,34fddf0f4ea194b9720451d11a9de76225577536681d4f4b0a00b860,60.16829,24.94214,00000000afef4555,25.36
14755,2019-08-04T12:41:32Z,352427714fc6e8591df6bd227dde05d3b7ba0881742eee4ae750dcc4,60.15432,24.9211,0000000019fb59c4,17.4
14756,2019-08-04T12:41:32Z,358d7986d5bf2a0624fb1412a157b3c7b12f90653457e15a76bbdf50,60.16629,24.95957,00000000fb7600be,18.79
14757,2019-08-04T12:41:32Z,35a958343879c000cfc3f0c01afbc7d54934265828677bf4aefef84f,60.14699,24.922,00000000a53ed894,12.69
14758,2019-08-04T12:41:32Z,35e6e075578d7a51e510bf8904bde33f1d117264eea0917db98d4808,60.16897,24.95222,00000000aa852af1,13.75
14759,2019-08-04T12:41:32Z,36f876050503d244f74f3cbadcef716904eb2b245190d474b0cfa794,60.16762,24.95415,000000006b44cce7,10.78
14760,2019-08-04T12:41:32Z,3721331dbb97151d17938ed835ffc7208eba26fba6100c62870a3a4f,60.14947,24.91438,000000004ef3150d,3.74
14761,2019-08-04T12:41:32Z,37945fa4e7409fab98aa8bde45081f5bd083def0059485274ad552c0,60.17919,24.95181,000000007b5207b6,7.05
14762,2019-08-04T12:41:32Z,37b4192b51c9589b8791bc2e9f830dd541c0e77fd03e7a85a51b68e5,60.16544,24.95398,0000000038d83d41,29.32
14763,2019-08-04T12:41:32Z,39310ebca1ad756aa2bfcb16c912cb7003ef3e7286a1f037603ade61,60.14699,24.922,00000000a53ed894,16.1
14764,2019-08-04T12:41:32Z,393a579e1c8efb19861f555f12040feeac853f37a2451116693e77aa,60.14699,24.922,00000000a53ed894,17.4
14765,2019-08-04T12:41:32Z,39f03a3a5fd777feee270921a7f51daec12ea679b542b0aaf2e808d7,60.149,24.9843,00000000fffb8cf0,18.79
14766,2019-08-04T12:41:32Z,3a6ce73ea4c03a14fc0d3d099e4698d3c1051a2e8e4bd552d5de394d,60.14947,24.91438,000000004ef3150d,7.69
14767,2019-08-04T12:41:32Z,3be48824225ca9f2aea5653f6ce21181a76e67a8d4b8361f0cba1f8a,60.14947,24.91438,000000004ef3150d,8.38
14768,2019-08-04T12:41:32Z,3e4965f1ed580ddf80246b1b78cbc55b73c11d67573d9cede2a7ccf7,60.16829,24.94214,00000000afef4555,11.7
14769,2019-08-04T12:41:32Z,3ec0a34310840b3aa1aa32a3f2bffbe426e91a242dc6eb5c1e86bba7,60.16448,24.97323,0000000053c6c2be,23.56
14770,2019-08-04T12:41:32Z,3f395809cdaaaa1688c7d1cc770079bbf7ef1349e148bec5c8eacd57,60.16762,24.95415,000000006b44cce7,14.89
14771,2019-08-04T12:41:32Z,3ffe89aa6ab1e57883e21fa8f15969f46a5f487bccb2b993eadb3cfb,60.14699,24.922,00000000a53ed894,12.69
14772,2019-08-04T12:41:32Z,403f209e525e5159d33b2056ebebcfa95ff94baf8ae3d9b3442c3090,60.14699,24.922,00000000a53ed894,13.75
14773,2019-08-04T12:41:32Z,40c1f24f27ad2e9d94c3d1eb17f4ecac671594d068b00f3d4f6efd35,60.16762,24.95415,000000006b44cce7,25.36
14774,2019-08-04T12:41:32Z,42168beaa0acd47be6bf8e4209edb348c9d27b18517c7420d454a24f,60.17065,24.93641,000000000f4919c9,25.36
14775,2019-08-04T12:41:32Z,427f20895f2d0aec0392fd0be9f66c4cd45200a3d32b5b9d52ea0dc2,60.15432,24.9211,0000000019fb59c4,33.81
14776,2019-08-04T12:41:32Z,429295e322e9f143f79e9a6340e4974858aa9aa2f5ed6e8512dd00cd,60.14699,24.922,00000000a53ed894,14.89
14777,2019-08-04T12:41:32Z,429363aca20efd1e564b3ac367b9eb4702cce1afbe6a22dccb543a7f,60.16075,24.95883,00000000f1124bca,41.64
14778,2019-08-04T12:41:32Z,42d4eb6044091814f327d0b01dc9ae701506417af1a8ab7f4161650d,60.14951,24.92138,0000000006dd41f6,16.1
14779,2019-08-04T12:41:32Z,42da4298ed9f522421f17714e024d9b8fe22e7546df3deeb8b139bd3,60.16075,24.95883,00000000f1124bca,4.94
14780,2019-08-04T12:41:32Z,431375be6b9405ef55878f3aa0bb5dd6a35db8ba650a2bce05081c49,60.14947,24.91438,000000004ef3150d,20.28
14781,2019-08-04T12:41:32Z,436df7106ce19510536cf507d8939633784f67da2f872970e0d3ba43,60.16829,24.94214,00000000afef4555,17.4
14782,2019-08-04T12:41:32Z,447f951c07ece4b9f8a41fed54b5911f4f8033b69f5a62bfd0cf1d97,60.14699,24.922,00000000a53ed894,14.89
14783,2019-08-04T12:41:32Z,457d11209b95b153efb57d8f2641f2db0823e91a0d608fa0555a5b69,60.14699,24.922,00000000a53ed894,16.1
14784,2019-08-04T12:41:32Z,4602ff9d03f6bf4fbb82976098cc1c73e7a7e754050401c772d1406e,60.14947,24.91438,000000004ef3150d,13.75
14785,2019-08-04T12:41:32Z,467a01a257fbaad22bd4aebafc8f284c9ad3effc429475e57c214e9d,60.14699,24.922,00000000a53ed894,16.1
14786,2019-08-04T12:41:32Z,47b8aba771bed6ec3a7d57932c44fe859bcf6300054b3acc9d885105,60.14947,24.91438,000000004ef3150d,14.89
14787,2019-08-04T12:41:32Z,47bc9ff9097f9ef5f1862e48b4a42f6a9ddd30c4ef2b6eb43291a7a5,60.14699,24.922,00000000a53ed894,11.7
14788,2019-08-04T12:41:32Z,48d0a198e7445da9f7df3cb2cedef7dc861fe850deff789f6ad61d36,60.14947,24.91438,000000004ef3150d,25.36
14789,2019-08-04T12:41:32Z,48f665ebb1a71b0d84fc02bd71918c5ab5608328db534639cbd2a255,60.14947,24.91438,000000004ef3150d,4.5
14790,2019-08-04T12:41:32Z,4b1050cc517631e36206d3528399c0b14748daec8c7d1b5dfa412299,60.15432,24.9211,0000000019fb59c4,5.91
14791,2019-08-04T12:41:32Z,4b85388cdaec2b4c15b546160ee326d9668a5e5d3c7b08d0c539946e,60.17919,24.95181,000000007b5207b6,8.38
14792,2019-08-04T12:41:32Z,4be50f3eb033f3f46e3069049c8e0a34dc8a2607741c1764369ba4c2,60.16762,24.95415,000000006b44cce7,7.69
14793,2019-08-04T12:41:32Z,4bf75585466f0aafa2ed2956fe4b0f7235b4ba3a0606a52219b3156c,60.14699,24.922,00000000a53ed894,9.12
14794,2019-08-04T12:41:32Z,4cadc8cc23fd84febb6a8383030a34c97b3388a8c9ed7a64cc0f51a6,60.14947,24.91438,000000004ef3150d,8.38
14795,2019-08-04T12:41:32Z,4d4115f2971578ddc2428be944e2954c9e9a5472a818ec1805a022b2,60.149,24.9843,00000000fffb8cf0,23.56
14796,2019-08-04T12:41:32Z,4ebdb6165c5d4892cdc21711313b98b1545bececfb886192c6f0ef22,60.16762,24.95415,000000006b44cce7,10.78
14797,2019-08-04T12:41:32Z,4efc969b8b738c051c221bf9d7829089b44cec23dd378fd86e7fb8be,60.173,24.92524,0000000096918cfa,12.69
14798,2019-08-04T12:41:32Z,4f4940c5c77737c5b8f2fbd5a1b65886ea5f6e0e4fcd50447e11ce21,60.16075,24.95883,00000000f1124bca,18.79
14799,2019-08-04T12:41:32Z,50e21d119f102cee2afe3ac7f1a32032527638769b05aca582d6ecb1,60.16762,24.95415,000000006b44cce7,5.91
14800,2019-08-04T12:41:32Z,514a3981fad6c695ac4940f09374b5d1c2e84d2ca835084ef8707714,60.16075,24.95883,00000000f1124bca,11.7
14801,2019-08-04T12:41:32Z,51b3c7870a399165f0d1d14f7d21688df32b0360f9cc6f3ca61890d8,60.16829,24.94214,00000000afef4555,3.4
14802,2019-08-04T12:41:32Z,5263c8fd413ee308494f18228802330e278acc648b425bb454951db5,60.16075,24.95883,00000000f1124bca,20.28
14803,2019-08-04T12:41:32Z,52939581c6c8dd3407dbf44ea9e90471e4bbadfb7e3740a0ba8324f3,60.14699,24.922,00000000a53ed894,10.78
14804,2019-08-04T12:41:32Z,52f0e69ca7a5cebe604c1f32308dc7f8870d1d85cd4b25ad17f706e9,60.14699,24.922,00000000a53ed894,33.81
14805,2019-08-04T12:41:32Z,54065d53a62079540c4be1e19eafa5dd581e8ec35da0c31844438e0b,60.149,24.9843,00000000fffb8cf0,41.64
14806,2019-08-04T12:41:32Z,5554305bad43a71cf98d83e92708c7474c1efc189392c1ea94231e9c,60.16531,24.9442,00000000fdda10fe,4.5
14807,2019-08-04T12:41:32Z,56b8eace741e5227a40ea0a64601a737648080c63d6240b0dca632c4,60.16075,24.95883,00000000f1124bca,23.56
14808,2019-08-04T12:41:32Z,570dc61d53aec66ede39dfde66339640878453afc00cd1a55c60bca7,60.16544,24.95398,0000000038d83d41,23.56
14809,2019-08-04T12:41:32Z,571934189bf349efb6f596e76c21612cf9b82ed44913090169936048,60.17065,24.93641,000000000f4919c9,10.78
14810,2019-08-04T12:41:32Z,57bb8beeec6904b9a5cfe83c4ff9a80e63157780137f03de2a4152d3,60.16762,24.95415,000000006b44cce7,8.38
14811,2019-08-04T12:41:32Z,57eef16af260870a831bd4f88018555730ec7dd21a538e3575825479,60.16829,24.94214,00000000afef4555,20.28
14812,2019-08-04T12:41:32Z,57f88614f91a133004ac1a6dea31a4090f899646a5f62ece691d87af,60.16762,24.95415,000000006b44cce7,11.7
14813,2019-08-04T12:41:32Z,583a35aa08fe45f96deb91a9f4b9317e86eddeee0d636cc11b3e2df8,60.16762,24.95415,000000006b44cce7,11.7
14814,2019-08-04T12:41:32Z,58411163d307bb308f9c94a9720e9ce5ab0ce4f5617cd2b1fcc2037a,60.16762,24.95415,000000006b44cce7,12.69
14815,2019-08-04T12:41:32Z,584cb0b0cdd14e608c8b57c8aecc9826f9b40027e365e2438a444ea2,60.16762,24.95415,000000006b44cce7,10.78
14816,2019-08-04T12:41:32Z,59b01cbdec8ff06fa6d50bac00c3f5f4c45132fc8a62800c08df5d6a,60.16629,24.95957,00000000fb7600be,14.89
14817,2019-08-04T12:41:32Z,5bf59468120b0262b74eebaba2a7ee8274f3c8165ddcf6f38eae92a8,60.16829,24.94214,00000000afef4555,16.1
14818,2019-08-04T12:41:32Z,5c160268bc9b4b619181ce421d9e58c258e6b59a342945fc29f0004b,60.14947,24.91438,000000004ef3150d,5.91
14819,2019-08-04T12:41:32Z,5cd5117066c75a1cb83d3896a7eba3f3472e133f0013ea7d4e95daaa,60.14699,24.922,00000000a53ed894,5.41
14820,2019-08-04T12:41:32Z,5d70086d53447ee393249cef33c7bae814c1d7c2e3055fc91b38786c,60.17919,24.95181,000000007b5207b6,10.78
14821,2019-08-04T12:41:32Z,5e44b2770fcd3ab47bae5954df365187d2183088b73b895edc47dcd8,60.14699,24.922,00000000a53ed894,11.7
14822,2019-08-04T12:41:32Z,5e53be1d47b3cceeb6ea9406c75327379c8ee8abc68da605b7758e85,60.14947,24.91438,000000004ef3150d,20.28
14823,2019-08-04T12:41:32Z,5e7916ca910b02abf2d19906759663c23db63950a353fa546f55c8af,60.14699,24.922,00000000a53ed894,5.91
14824,2019-08-04T12:41:32Z,5ea49ba4de68e03664ec3a87f5de32434d7136b4f8323f022ff9df5b,60.16829,24.94214,00000000afef4555,8.38
14825,2019-08-04T12:41:32Z,604a02f00cf5d2e059c26ee48a07cd30e608c4b00f17f447c028da58,60.16762,24.95415,000000006b44cce7,20.28
14826,2019-08-04T12:41:32Z,60d9b71ec38b796bf876dedfaf3112b49ff79677480c7603902857ae,60.14947,24.91438,000000004ef3150d,7.69
14827,2019-08-04T12:41:32Z,614ab7fba7255f6bf6f888e9a04d589962f756b3f427e658f10014f2,60.16075,24.95883,00000000f1124bca,5.91
14828,2019-08-04T12:41:32Z,62a6fe2d9b3b5b4533c51253f8842428bd797b3c6a95a7816ec472ed,60.14947,24.91438,000000004ef3150d,9.12
14829,2019-08-04T12:41:32Z,62aca926e533582af1cbef0d3e5d58d66486f219ab2034236649546e,60.16762,24.95415,000000006b44cce7,12.69
14830,2019-08-04T12:41:32Z,634257ded5cc6c04eb832d437b55777b10829352768dadef19d3f64c,60.15432,24.9211,0000000019fb59c4,31.5
14831,2019-08-04T12:41:32Z,63d99db5b2b7360c501446ea5e89feba9bd1c6735a7670039916f2ad,60.1538,24.95595,0000000038bf9618,23.56
14832,2019-08-04T12:41:32Z,63defb71d4c3856253a0a2d67a5c370b91ad0527703b334a63fe5344,60.14947,24.91438,000000004ef3150d,11.7
14833,2019-08-04T12:41:32Z,641e8defb97171d160f062c4bc3e9d06346f10d5246e6aeac935e1a9,60.16897,24.95222,00000000aa852af1,25.36
14834,2019-08-04T12:41:32Z,64394b1287e19738900f57d5c7483e02866e40bc8241fc6f6fbecbcb,60.16762,24.95415,000000006b44cce7,3.4
14835,2019-08-04T12:41:32Z,643ef3f01a51bea3c4510d4060a945cd510e5189236d68f5c9489034,60.16829,24.94214,00000000afef4555,2.8
14836,2019-08-04T12:41:32Z,64638a9f9e6c9b32fc4b484b55e4934fcab6cb04605cc76d5f5534b7,60.17065,24.93641,000000000f4919c9,6.46
14837,2019-08-04T12:41:32Z,64d86288e491374eed34c68c82763c2e5dbc87113cf5ca44f23233ba,60.16829,24.94214,00000000afef4555,20.28
14838,2019-08-04T12:41:32Z,64e34af775b57908b23056a31d60ef3b005941f2e7c3db0c49df675d,60.17065,24.93641,000000000f4919c9,3.74
14839,2019-08-04T12:41:32Z,6525cc634176c25187e68e0d067bcfecfd78e399e93db4ee9d408b7e,60.17919,24.95181,000000007b5207b6,18.79
14840,2019-08-04T12:41:32Z,655204cb507ea9ae811105cdcd766161facaa9f729017a333f102391,60.149,24.9843,00000000fffb8cf0,17.4
14841,2019-08-04T12:41:32Z,65de3b8621fadfc61e9d3657dc477ea9867f9d093f80cf0857dcad88,60.16762,24.95415,000000006b44cce7,9.92
14842,2019-08-04T12:41:32Z,6723bebaab92d1a9f8b4318fd4f497a6dec6d7f8e0eafca443925213,60.16075,24.95883,00000000f1124bca,11.7
14843,2019-08-04T12:41:32Z,67591d427f60ba3c369ac0d78088fca7be33081501508d16401dd6cb,60.16762,24.95415,000000006b44cce7,9.92
14844,2019-08-04T12:41:32Z,6774ed72eaf69d7c4aaeeef90990f969954155bbcc52652e75e7deef,60.16829,24.94214,00000000afef4555,14.89
14845,2019-08-04T12:41:32Z,677c53ae4056d6cb123ca576ba5284664b1c7e3e88818bd19b5dd99a,60.17919,24.95181,000000007b5207b6,21.87
14846,2019-08-04T12:41:32Z,6875e3632a29207e29ded33617e66d55de5d8c7804fecedd6f1dfe12,60.14699,24.922,00000000a53ed894,5.41
14847,2019-08-04T12:41:32Z,69375ef968867906fc11b34d1e2c4b436d452cd47cb577a7f9e566ef,60.16762,24.95415,000000006b44cce7,8.38
14848,2019-08-04T12:41:32Z,6981f80baeddf7459b67845f82744390c976c013f3a4883a53556fc7,60.16762,24.95415,000000006b44cce7,13.75
14849,2019-08-04T12:41:32Z,698b200b63a644828a7314691a16af2af1bccef75d52abb5591a5542,60.14699,24.922,00000000a53ed894,6.46
14850,2019-08-04T12:41:32Z,69f1de5049f5731749defe893b8ae9ada4f5f788a994b8f7413ef657,60.17002,24.94407,000000006b087f40,17.4
14851,2019-08-04T12:41:32Z,6b6668d7ebecfb96a6ed3ca19e97f8da150943ddf1d034675d08a9b8,60.14699,24.922,00000000a53ed894,16.1
14852,2019-08-04T12:41:32Z,6b97071051ccf5db7e5ebee033d4f68d58ed6917ff2fac5b205a6605,60.17065,24.93641,000000000f4919c9,14.89
14853,2019-08-04T12:41:32Z,6c7e018abdf8462af7c7b003bc30f915184f7082e9e865a2c502eed5,60.14699,24.922,00000000a53ed894,5.41
14854,2019-08-04T12:41:32Z,6f3dd17e40daabb4efe868f1b859dc00ecc01846f0a0e2b8db5d1413,60.17919,24.95181,000000007b5207b6,16.1
14855,2019-08-04T12:41:32Z,6fc3823219441524e7f749dc3371bfb8c670faa9d4427a5ededed22d,60.16762,24.95415,000000006b44cce7,14.89
14856,2019-08-04T12:41:32Z,6fdfc33c6b609ea80b4a38ecf657bc68b7bf659752b51edcc22ffb54,60.16762,24.95415,000000006b44cce7,7.05
14857,2019-08-04T12:41:32Z,6ff93560ca77c6e5a25bc7441cf33cf7fa0138b3da4d99b2dbf5531b,60.14947,24.91438,000000004ef3150d,14.89
14858,2019-08-04T12:41:32Z,70c56152af84cf1bad4d19b0cb31202232b4cd4320ce5ea48895e42b,60.14947,24.91438,000000004ef3150d,18.79
14859,2019-08-04T12:41:32Z,7176e4b517010283d61468978a67a0e6d800f7b66219728174074b97,60.14947,24.91438,000000004ef3150d,23.56
14860,2019-08-04T12:41:32Z,71c360c0ae36f964d9ca7957d318abe8f1933c8220f225231eb33b39,60.18203,24.91341,00000000342570c2,23.56
14861,2019-08-04T12:41:32Z,732235fff054f4f8fff8775b6c0d4fb0ca0f28c455a6fc86de24d162,60.14699,24.922,00000000a53ed894,10.78
14862,2019-08-04T12:41:32Z,733f21ebebe353e10a55a74b40a0a480e6d276334d4f3d8bcf85b711,60.16075,24.95883,00000000f1124bca,18.79
14863,2019-08-04T12:41:32Z,737779d5b545043aa16af1ca616beeb1b5dfae5e6e1d4a789d7b316d,60.16762,24.95415,000000006b44cce7,16.1
14864,2019-08-04T12:41:32Z,738ce77abafd1ca6f80e6f28e84d1b1886db4cfda3be6ffcdf52c1b1,60.14699,24.922,00000000a53ed894,13.75
14865,2019-08-04T12:41:32Z,74cb545f76f0bfc5498607247e26e814276a11ce91f77208054ecbc5,60.17002,24.94407,000000006b087f40,21.87
14866,2019-08-04T12:41:32Z,759f94c852ff15ca91c3138913c3858c4801702f8f0514ae82fb2a19,60.16897,24.95222,00000000aa852af1,11.7
14867,2019-08-04T12:41:32Z,7710eccd13983db8899bd9b7c5b087af0c0580dd467b31f68bd49fa7,60.17002,24.94407,000000006b087f40,25.36
14868,2019-08-04T12:41:32Z,777cceac7be6303a1c82f7cc68061528b01e3aa1b3aa6481cad9e5e3,60.16075,24.95883,00000000f1124bca,13.75
14869,2019-08-04T12:41:32Z,77a12194b9a6789f4b2b8c07ae7fce3c2b531cb221e5fa7ca5deae55,60.16897,24.95222,00000000aa852af1,8.38
14870,2019-08-04T12:41:32Z,79d26f15a82c94ac5d05e0f2b6a6beeae1f407972ec39665d7ab9535,60.16829,24.94214,00000000afef4555,11.7
14871,2019-08-04T12:41:32Z,79d30a3ef05e3d34450d1c975b3fa9d21b994f078f943db791239b07,60.14699,24.922,00000000a53ed894,21.87
14872,2019-08-04T12:41:32Z,7a0c0b525f2d3eed6c873bd3b8d27bede551fe4a428ac15c23deadae,60.16075,24.95883,00000000f1124bca,25.36
14873,2019-08-04T12:41:32Z,7a4a06d20ebe57d94e5fceeaf47d5b56ad9a515818e9c20e21a80e61,60.16629,24.95957,00000000fb7600be,17.4
14874,2019-08-04T12:41:32Z,7ab335e046f7f3597f8f615a90857885e35cfecefebd5d24bbf0af90,60.16075,24.95883,00000000f1124bca,7.69
14875,2019-08-04T12:41:32Z,7ad93fed82e41ea4422fa101badc698b0328c3ebf0f6b73c5164d438,60.16897,24.95222,00000000aa852af1,6.46
14876,2019-08-04T12:41:32Z,7af6672e274ebe27cdb785373a857fc5bcad92a386c36dbe3221d4f4,60.14947,24.91438,000000004ef3150d,7.69
14877,2019-08-04T12:41:32Z,7b1c2b4a083f1544ffd4b5e2e87ab8a58a7bb64abb0f8ce3e53b2ed2,60.14699,24.922,00000000a53ed894,25.36
14878,2019-08-04T12:41:32Z,7bb67bcf014747e5d826f95c610d36492f31095552417a0864475491,60.14951,24.92138,0000000006dd41f6,21.87
14879,2019-08-04T12:41:32Z,7be762f58d54665c5e6668eb2fb3eae7201522ddff196bbc5eb731f0,60.14947,24.91438,000000004ef3150d,27.28
14880,2019-08-04T12:41:32Z,7d9a3d84c09c3a8d6876389e216e0278048d6b924890fb275a078ffb,60.16531,24.9442,00000000fdda10fe,0.84
14881,2019-08-04T12:41:32Z,7e76449e59f1e3a1a615b54408115353fbb14d815390d03a73b1a7bb,60.14947,24.91438,000000004ef3150d,5.41
14882,2019-08-04T12:41:32Z,7ee87b87cf01698f643e1ba3117b245039edc811605df5dc802e7576,60.14947,24.91438,000000004ef3150d,4.5
14883,2019-08-04T12:41:32Z,7f3c9dd2c7352cb81fb186a7d700841d2bcb47cd8ea0d5f8719b5908,60.16762,24.95415,000000006b44cce7,20.28
14884,2019-08-04T12:41:32Z,7f786ec8e06f1ca3bdd10fc60d0114baf354125b8f6cf796d197f4cc,60.16075,24.95883,00000000f1124bca,3.4
14885,2019-08-04T12:41:32Z,7fe10e69931c2d658099a314f3fce64865329e12a7b834c375e2d5d2,60.14699,24.922,00000000a53ed894,12.69
14886,2019-08-04T12:41:32Z,80cbcb887f3e351e3bef7c5f53dccc578cc3494feec514aed7015c0d,60.16075,24.95883,00000000f1124bca,4.94
14887,2019-08-04T12:41:32Z,82411c6526228322a61f59259f13adf7cde62bd767587b6735867705,60.17919,24.95181,000000007b5207b6,7.69
14888,2019-08-04T12:41:32Z,82ce8c2420645d1eeed2751616ac691b53855581110be4cc97a61036,60.16897,24.95222,00000000aa852af1,14.89
14889,2019-08-04T12:41:32Z,83073c017c8293e4b6eab781fbc2147fafa144d33b3618abd1ae5d90,60.17065,24.93641,000000000f4919c9,29.32
14890,2019-08-04T12:41:32Z,83121a75723643c48e3c3b0a3ea5fccb532046432ca445833e8de06a,60.16762,24.95415,000000006b44cce7,2.3
14891,2019-08-04T12:41:32Z,848fe01e24ccc782e5968171f53ea31d28f20a455c45d8bac8fb7374,60.173,24.92524,0000000096918cfa,25.36
14892,2019-08-04T12:41:32Z,849a662d95d4185421aff7c6213ba5d7b84cfc58c9fb30ff34054e4c,60.16075,24.95883,00000000f1124bca,5.41
14893,2019-08-04T12:41:32Z,85d66944a64cfde859e7e08ca4b79f3b39d5b03141d500fe7ce73f7e,60.14699,24.922,00000000a53ed894,9.92
14894,2019-08-04T12:41:32Z,85d67c3be46ecb66832dfd9090a931e1be3dd056f718ea6786622131,60.16897,24.95222,00000000aa852af1,16.1
14895,2019-08-04T12:41:32Z,868cd7608ed6beb209db2aad8c71f56b8aec3a6b453be18e4af217a2,60.17065,24.93641,000000000f4919c9,21.87
14896,2019-08-04T12:41:32Z,87bb1abe21abfcb5e5c2039e579cff7ca863a6019207db356de5b7c2,60.14699,24.922,00000000a53ed894,17.4
14897,2019-08-04T12:41:32Z,87cbb5265cd1cc3213ddb5ed9ed2a599ddb7db0b0747121d649b0ae3,60.16544,24.95398,0000000038d83d41,17.4
14898,2019-08-04T12:41:32Z,8822ffe19dec49fe874ac377de5a0504e931e342ecc1f5b1fcb939e5,60.16897,24.95222,00000000aa852af1,16.1
14899,2019-08-04T12:41:32Z,8947a5209f3b32173d3dc72792039edf94a2711741ab041b62b30643,60.16762,24.95415,000000006b44cce7,7.05
14900,2019-08-04T12:41:32Z,896f7e896dc6f1ea44b82bf968a988cc10c358ee34821d9d7a4bd07a,60.14947,24.91438,000000004ef3150d,3.74
14901,2019-08-04T12:41:32Z,8a08b2de43a9ef03cf96610718c908e69dcacc59f536a7135b7bb542,60.16629,24.95957,00000000fb7600be,14.89
14902,2019-08-04T12:41:32Z,8acb351d2b6acbd61099205c5c497b7507c1a4da115c4b8fcaa8c930,60.16762,24.95415,000000006b44cce7,9.12
14903,2019-08-04T12:41:32Z,8b641985c793a3f25a45b2460cb01f5baa6f339c6dd26ba7752d8a7a,60.16897,24.95222,00000000aa852af1,14.89
14904,2019-08-04T12:41:32Z,8ba6cfc17ca70e8304994e018ebd5eb2003177062cde05925d5cacb3,60.173,24.92524,0000000096918cfa,7.05
14905,2019-08-04T12:41:32Z,8bbf5422247a0a6be314130d8fd9ae1814401b75acf3b3ce2da9620c,60.14699,24.922,00000000a53ed894,8.38
14906,2019-08-04T12:41:32Z,8ca0330471c9226b95a7aae64e6a8e47adaf5ddf7efec36a68652f3d,60.16075,24.95883,00000000f1124bca,29.32
14907,2019-08-04T12:41:32Z,8d528b00553162a9dd47d2296d15b2fad89aad6a508424d4589618a1,60.14947,24.91438,000000004ef3150d,14.89
14908,2019-08-04T12:41:32Z,8d5672c651968bf1f466b44baefa37f9438850e96140d126f6a99baf,60.16897,24.95222,00000000aa852af1,21.87
14909,2019-08-04T12:41:32Z,8d73f674010f5cb02e8f20251ed86a9afcb7f6b3926039470296bd00,60.17065,24.93641,000000000f4919c9,23.56
14910,2019-08-04T12:41:32Z,8d8a869e83fe2ac29e791666634a33af3ea4048ea4e752b6fb1e238c,60.14947,24.91438,000000004ef3150d,3.74
14911,2019-08-04T12:41:32Z,8e2ee35c6a6220c1e137f051ac0bcad5502c5a5179570ae13d07c2fe,60.14947,24.91438,000000004ef3150d,20.28
14912,2019-08-04T12:41:32Z,8edd2176e127f8d3baff43afa20a9869b1e3a4f6df8a0930b52064d1,60.14699,24.922,00000000a53ed894,18.79
14913,2019-08-04T12:41:32Z,9023a89a49a372e5f97cf86ef1b5de0164eb67cc10d394d383ab75fd,60.16829,24.94214,00000000afef4555,20.28
14914,2019-08-04T12:41:32Z,920dc90f60b295267f63efc8f968408087b71878dc3f49f0ded1c41e,60.17919,24.95181,000000007b5207b6,20.28
14915,2019-08-04T12:41:32Z,926717d61529080dfc4c7f8cdcdc82c6490d2a5129474524b8c40ea4,60.16829,24.94214,00000000afef4555,16.1
14916,2019-08-04T12:41:32Z,93a2100e233b204243f7e69b68dea7c9a145d1b5384bd18359bf87a3,60.16531,24.9442,00000000fdda10fe,1.25
14917,2019-08-04T12:41:32Z,93e409819362e2429a43710ff4330bd3ed83011b73ae438dd7fb62d8,60.16762,24.95415,000000006b44cce7,5.91
14918,2019-08-04T12:41:32Z,9542a6d9883eb7a1065854d6f72274cf8d953b5846a4fce3fba9b00d,60.1538,24.95595,0000000038bf9618,38.87
14919,2019-08-04T12:41:32Z,958ab5fd2d2c7f0c3fe6dc14fe27005fcf35b013db75f708c22a3619,60.16762,24.95415,000000006b44cce7,13.75
14920,2019-08-04T12:41:32Z,9604244c18efd5978b809f021651f7743e0e64da38fcf3718f9b4f93,60.14699,24.922,00000000a53ed894,9.92
14921,2019-08-04T12:41:32Z,96b004e7ce8b4221af704fcf73c09daf78aed09c7ed5803c4bfa5bc1,60.14699,24.922,00000000a53ed894,16.1
14922,2019-08-04T12:41:32Z,97264f5808fa13851dacabf0c98525eec29849ff4b6a744cc777fd5b,60.16075,24.95883,00000000f1124bca,11.7
14923,2019-08-04T12:41:32Z,98162c76493f6310ae46e45562327ad94182de391f9651985aae487d,60.16762,24.95415,000000006b44cce7,10.78
14924,2019-08-04T12:41:32Z,9862cafd709b75d07c83b397773e0cf33564666cb81814bdbf5e54f2,60.16897,24.95222,00000000aa852af1,11.7
14925,2019-08-04T12:41:32Z,9868033d7f0d18f01d12a4034f37bf5d6e51e5ed9124c68d4b8b8e6c,60.14947,24.91438,000000004ef3150d,18.79
14926,2019-08-04T12:41:32Z,987d01417bcff2d7f663704309df2ebdcdb035da3ddb085fab0cf928,60.16829,24.94214,00000000afef4555,20.28
14927,2019-08-04T12:41:32Z,9885627881a266e5cf401516e009049e859d738e2e019be570f4b4d8,60.16448,24.97323,0000000053c6c2be,17.4
14928,2019-08-04T12:41:32Z,98bb3b6f5e2403b14b8e01616c07b03bb1fd153ded656033d7bd3533,60.16075,24.95883,00000000f1124bca,7.05
14929,2019-08-04T12:41:32Z,9a9db814dfa74ca2c2d51496299715310e81c6e6525cc9d2cb0762eb,60.16897,24.95222,00000000aa852af1,13.75
14930,2019-08-04T12:41:32Z,9acffb3f8b8720e2de83c8cfd41915d268d5eca34e0bd280eed3e6f4,60.16897,24.95222,00000000aa852af1,20.28
14931,2019-08-04T12:41:32Z,9b03b610755f4cec2e9d83a9763204e758a075614b125210bc914df5,60.16075,24.95883,00000000f1124bca,12.69
14932,2019-08-04T12:41:32Z,9b8ce6fbe947328c891dfbc4d84b0a33b983d3a728e8289d7fb72962,60.15133,24.92329,00000000e8a064a4,29.32
14933,2019-08-04T12:41:32Z,9ba6f9fb8bb950d16224b4182d3c3d8349a0f50619be329c165417e0,60.14947,24.91438,000000004ef3150d,18.79
14934,2019-08-04T12:41:32Z,9bad872c31c8c5e53f064b5367350b41271d45ca8a9e508136622800,60.16897,24.95222,00000000aa852af1,8.38
14935,2019-08-04T12:41:32Z,9bf4a5d763fa921335be6c141a0c9fd769fcb2f4c5b40b85a1c99c71,60.14699,24.922,00000000a53ed894,14.89
14936,2019-08-04T12:41:32Z,9e3d4a4b1acd94d2896cd7cf56419110f06ea96faae37aadebd4ec77,60.14947,24.91438,000000004ef3150d,4.94
14937,2019-08-04T12:41:32Z,a01d7427dcaa19c3efac1cde116c3751db11d6cf2838d0509704616a,60.14699,24.922,00000000a53ed894,11.7
14938,2019-08-04T12:41:32Z,a1b52cda133b45cf931b9e31d4037fb841f80432e99d6a000beeadc8,60.17002,24.94407,000000006b087f40,27.28
14939,2019-08-04T12:41:32Z,a2e771418a36fc43aa9719d034aa9e3a7a751c5123e4bd33cc2aeea7,60.16531,24.9442,00000000fdda10fe,25.36
14940,2019-08-04T12:41:32Z,a38a21a97a054541f0423f03758c70227116c05254958373e3e93ad0,60.14947,24.91438,000000004ef3150d,4.5
14941,2019-08-04T12:41:32Z,a3d228482bfdd3dbdfaee1ff72b6ac00c2ee8c05e949047ce9117783,60.14699,24.922,00000000a53ed894,12.69
14942,2019-08-04T12:41:32Z,a47f8d59e11da7fa47e0cbe518b593e023018f122d5710ffbb775c0f,60.16829,24.94214,00000000afef4555,12.69
14943,2019-08-04T12:41:32Z,a4f416ec0941bb365e3665d7fd224fad15d74225e8ce9f6dd6368bc7,60.17065,24.93641,000000000f4919c9,23.56
14944,2019-08-04T12:41:32Z,a6158fc663b4931ef4e811a4acf62ab2f658241775e200b14684f87d,60.16897,24.95222,00000000aa852af1,17.4
14945,2019-08-04T12:41:32Z,a6427dc4d8e46890c882bb4c8f9f8b923e8e30692db686527bbd7b92,60.16762,24.95415,000000006b44cce7,13.75
14946,2019-08-04T12:41:32Z,a6f944078dd26796f5a849ccb6fdf8a4436f913cf3302597c846462d,60.16762,24.95415,000000006b44cce7,16.1
14947,2019-08-04T12:41:32Z,a7472d1b63171c047444981df223670390009e3ea502132d9963e9fb,60.14947,24.91438,000000004ef3150d,7.05
14948,2019-08-04T12:41:32Z,a76d219c3abcc4ec3a54dd834263f9a24972c71be4c7bbbfc663f22f,60.14699,24.922,00000000a53ed894,12.69
14949,2019-08-04T12:41:32Z,a794d97e26d3678bb11b4364880414bb7bfac4bb49d1867b37b489f7,60.14947,24.91438,000000004ef3150d,8.38
14950,2019-08-04T12:41:32Z,a8bd45406d5913e098652d4c2d836339758e08d21bf5d88becabdd36,60.14947,24.91438,000000004ef3150d,7.69
14951,2019-08-04T12:41:32Z,a8df2631c2442628608c1f0352c896eb532a6ca08c85de2c77360aa8,60.14947,24.91438,000000004ef3150d,8.38
14952,2019-08-04T12:41:32Z,a8fffb1bf2cf3b58cca0395d98ab3763c45771fed32527f2dedb644b,60.149,24.9843,00000000fffb8cf0,25.36
14953,2019-08-04T12:41:32Z,a9383e1c3d9b3355965662ff18ad95dfb64daa5d8e71fc20e7e50df7,60.14699,24.922,00000000a53ed894,12.69
14954,2019-08-04T12:41:32Z,a96e9a3805def174e6ededa93b88ce312739d9d68941dffdeca03e9f,60.16762,24.95415,000000006b44cce7,4.5
14955,2019-08-04T12:41:32Z,a9dfc9065260957b1eb8dc3b11b793f73f7940fa5cb61acb16a260e2,60.16897,24.95222,00000000aa852af1,13.75
14956,2019-08-04T12:41:32Z,aa076c3f0d09145aebbb750dde9849ba4eb6759e92ba5753280184d6,60.16762,24.95415,000000006b44cce7,20.28
14957,2019-08-04T12:41:32Z,acdcc8ae1d1c6bb055dfc108154eae58b4b894f0ce1ff174c1065c7e,60.16762,24.95415,000000006b44cce7,3.4
14958,2019-08-04T12:41:32Z,acf2ca75fc89f696e4c4e66a3328bbd0d7e9245a7e0a24d94db9db8c,60.16629,24.95957,00000000fb7600be,31.5
14959,2019-08-04T12:41:32Z,ad8af809ed47a3391bb53d11da159b3a8b0ddc264d94c049ce72bda0,60.17065,24.93641,000000000f4919c9,0.28
14960,2019-08-04T12:41:32Z,ae828cc3f1fa739d818186776cff673c88a05d0f3dedfb4a765a54fd,60.16829,24.94214,00000000afef4555,16.1
14961,2019-08-04T12:41:32Z,ae87b8dd8920695bc9e599874667205991c04e30666d8523f0be4350,60.14947,24.91438,000000004ef3150d,7.69
14962,2019-08-04T12:41:32Z,aebba42e4dd1ce769871996739978c7f80bb88994a3616c908b2cd1a,60.173,24.92524,0000000096918cfa,17.4
14963,2019-08-04T12:41:32Z,aec4b11f0b1ec075878ca4a3b94da464f6fc96e330b913d5bfd346b0,60.16897,24.95222,00000000aa852af1,4.11
14964,2019-08-04T12:41:32Z,aefdb2741d688503f8a51d5af7b715c1270e21331d0aa56b07ea3c23,60.149,24.9843,00000000fffb8cf0,25.36
14965,2019-08-04T12:41:32Z,b06c7ebb0cc7182279f47fe99da297fb7bda883549cb7bbc05dff36f,60.16829,24.94214,00000000afef4555,17.4
14966,2019-08-04T12:41:32Z,b0a20a40885487350aaf5c8f46dab27d4d7e1d5c24fefec54c0c62d4,60.16829,24.94214,00000000afef4555,11.7
14967,2019-08-04T12:41:32Z,b12b27061f30d5659794f14cbed5e4726c5af1ef526611d3b2dded29,60.14947,24.91438,000000004ef3150d,10.78
14968,2019-08-04T12:41:32Z,b1c46b35a1667ba263868d803743275be782738cc3703e39ad165aa7,60.14699,24.922,00000000a53ed894,21.87
14969,2019-08-04T12:41:32Z,b26280ff7943c2f2f00f94125547cbdc285e6c43b7d0a5819c2eac87,60.16762,24.95415,000000006b44cce7,8.38
14970,2019-08-04T12:41:32Z,b26a9be85f5fd17ea58397762fa55db3c8f68fb709d586d61527c892,60.16829,24.94214,00000000afef4555,7.69
14971,2019-08-04T12:41:32Z,b27b090bd1bd9828dcb6ddbd0a1394e4aa097974747dff90ba0eff71,60.16897,24.95222,00000000aa852af1,9.12
14972,2019-08-04T12:41:32Z,b2a01c2a06c3cf1a48333e58e787d9eaf2f975a738c02878220d7774,60.16829,24.94214,00000000afef4555,9.12
14973,2019-08-04T12:41:32Z,b523d3f8341906e4b3877ff7d9614b4e10d6bbf10afdcc6c53656c8f,60.17065,24.93641,000000000f4919c9,13.75
14974,2019-08-04T12:41:32Z,b5e3abaccf4a03480985d25eb9fbf454c87f7ad06c38c8bdeb0819fa,60.14699,24.922,00000000a53ed894,20.28
14975,2019-08-04T12:41:32Z,b7039958be9f53a3eaed97f705a1974815f52f25226e920155397bec,60.16075,24.95883,00000000f1124bca,8.38
14976,2019-08-04T12:41:32Z,b8201571cb5ac01b7db7af4fba6c7ff58336a3f03d0fe13edf985c41,60.173,24.92524,0000000096918cfa,20.28
14977,2019-08-04T12:41:32Z,b874348f78678c08b0a30b3baaa93532cbbf474afb71fb1de1d86978,60.17002,24.94407,000000006b087f40,23.56
14978,2019-08-04T12:41:32Z,b92c7fb1d77c3f326d59dbe2689bb5b8ff10fcd691f28b36aa98408c,60.17002,24.94407,000000006b087f40,12.69
14979,2019-08-04T12:41:32Z,ba9825bb3cfae6aeb29833f0a11189802065c73f8e541b2bcb5b572f,60.14699,24.922,00000000a53ed894,20.28
14980,2019-08-04T12:41:32Z,bb0193f2b0ac4801fe82ed5cec75e687465d707d92e731047f81650f,60.1538,24.95595,0000000038bf9618,1.38
14981,2019-08-04T12:41:32Z,bbe1e18f88cf88928067a0221965768c1f2ae264291cea564d7eb7e8,60.16897,24.95222,00000000aa852af1,16.1
14982,2019-08-04T12:41:32Z,bbeaad18acdd3a2602aa5b07ab6ae8df489cb499c4490b3e6f561a5e,60.16544,24.95398,0000000038d83d41,20.28
14983,2019-08-04T12:41:32Z,bbf8cd606b9732370f1c0ae0e68d6d0663a23102d831dd10c0e74819,60.16897,24.95222,00000000aa852af1,20.28
14984,2019-08-04T12:41:32Z,bc07df8cc395f6f4f5d483b2233caca5f93a6918f346e4cc3702f8cc,60.16531,24.9442,00000000fdda10fe,16.1
14985,2019-08-04T12:41:32Z,bc3861c61a46fbf78a7423712f1a528cf9f8332531271933056c233f,60.16829,24.94214,00000000afef4555,1.38
14986,2019-08-04T12:41:32Z,bd4ec71179e7755567e37eb54b845b317af028a4effe45dcaeae19bc,60.14699,24.922,00000000a53ed894,14.89
14987,2019-08-04T12:41:32Z,bddca8fc17056f9f207a259070e281eedf4cea3e8e22093b88bbd7b5,60.14699,24.922,00000000a53ed894,9.92
14988,2019-08-04T12:41:32Z,bebf1edb9736fe66391376c4cf2a3033ab9fa83ae21f86b66392e2d0,60.16762,24.95415,000000006b44cce7,11.7
14989,2019-08-04T12:41:32Z,bf2e5725b255e320f1e8375ec03f55194f1fd9f751be9629d873a5c8,60.14699,24.922,00000000a53ed894,3.09
14990,2019-08-04T12:41:32Z,bf992d3cd95a73f02d7223eaffe90a94e3e1e98a8c6759bab631b5b0,60.14947,24.91438,000000004ef3150d,9.12
14991,2019-08-04T12:41:32Z,c0722f63618f97eb8ec4afac1a8538b81a3c87e623d753ad1201bf7c,60.16075,24.95883,00000000f1124bca,3.74
14992,2019-08-04T12:41:32Z,c0a0ca3433586ed2ae0e448f2406fabac7292ac79d49562e0bd5cef8,60.16762,24.95415,000000006b44cce7,12.69
14993,2019-08-04T12:41:32Z,c22d0093a8d103f59838ad43218fa834e328847e5094bcb2e98d5307,60.16829,24.94214,00000000afef4555,9.92
14994,2019-08-04T12:41:32Z,c261834e6d2c1bd9adddb82d8c6ce2d8aad82a89e32da62f3fcc6063,60.16075,24.95883,00000000f1124bca,14.89
14995,2019-08-04T12:41:32Z,c36d58ed0e0dddb3e26be1214e369db1c3fa3d4bcf8b53536a25239b,60.17065,24.93641,000000000f4919c9,4.11
14996,2019-08-04T12:41:32Z,c3be6dcc2c0542676c20d28ce38adbe2c0b9be09caa3f22e60210636,60.16075,24.95883,00000000f1124bca,6.46
14997,2019-08-04T12:41:32Z,c493415e869d6e6304841784a120f994272b83557256b43e44e4f3e0,60.14699,24.922,00000000a53ed894,13.75
14998,2019-08-04T12:41:32Z,c4dfae0a1b1bd27741275e8f26148b119bf7225960b4275e488612b9,60.14699,24.922,00000000a53ed894,23.56
14999,2019-08-04T12:41:32Z,c633a260ce59bad4e1ca42f12936ed8ae57a40f5e6528dfb70052c43,60.16897,24.95222,00000000aa852af1,8.38
15000,2019-08-04T12:41:32Z,c905a50dedd9b3d2114cde9160b7adf83adc09683b65598ce24c4047,60.1538,24.95595,0000000038bf9618,21.87
15001,2019-08-04T12:41:32Z,ca507a06be040b3e520339b63d5bd15463a1862124c4bd940d936e4a,60.16762,24.95415,000000006b44cce7,16.1
15002,2019-08-04T12:41:32Z,cad80f69731ad65f7f14bf400d674e0c42de462bd42db112c9d9f261,60.16075,24.95883,00000000f1124bca,10.78
15003,2019-08-04T12:41:32Z,cb3f05d5604f5532e039e6d40514b13aba8f6274d952bb17a8b801fc,60.15432,24.9211,0000000019fb59c4,11.7
15004,2019-08-04T12:41:32Z,cbc336691f17a9c508549e03d522166247a0cd0a944321c1a7d15525,60.14699,24.922,00000000a53ed894,12.69
15005,2019-08-04T12:41:32Z,cc2cf42c6b14536fb92c810ff0e3dd5a3caa74236f14246a5b6e8cdc,60.16762,24.95415,000000006b44cce7,7.05
15006,2019-08-04T12:41:32Z,cc3ab8b82d60cbeb3ccd635efb6cd12d127645ab3d03b73bcfec7455,60.16762,24.95415,000000006b44cce7,21.87
15007,2019-08-04T12:41:32Z,cce6b6f309e43e2bb1be6a9784582a82891e976d0869d01040586d27,60.14947,24.91438,000000004ef3150d,4.94
15008,2019-08-04T12:41:32Z,cd3e127e27387b6e06cdf27f46fb6046e4182e4d7b49b49c17167c1c,60.14947,24.91438,000000004ef3150d,16.1
15009,2019-08-04T12:41:32Z,cd47b9ac851ce6b21df7b8e918554b0cb1a12d03da7e0aaf14e19314,60.14947,24.91438,000000004ef3150d,16.1
15010,2019-08-04T12:41:32Z,cd4ecd3b83630f6e5d65f635804e47a1ceb82853aac36af30044f06a,60.149,24.9843,00000000fffb8cf0,11.7
15011,2019-08-04T12:41:32Z,cd62fc5a92bd89f24a6e3d736d5511bf872859d762723b92f2092abc,60.16829,24.94214,00000000afef4555,18.79
15012,2019-08-04T12:41:32Z,cd75f7c04fb80e2a20a676d8cabee2a705c949353935c6220e5e243c,60.16629,24.95957,00000000fb7600be,29.32
15013,2019-08-04T12:41:32Z,ceb777dafa9b7e39125b89735b7f0cf22c3018eb0196043ac8160370,60.14699,24.922,00000000a53ed894,13.75
15014,2019-08-04T12:41:32Z,cec994f57adea844759ff0f233c3d3e0f92f403bc955c41ab4f67224,60.16829,24.94214,00000000afef4555,17.4
15015,2019-08-04T12:41:32Z,cef1d06a10cfa08bcaef8b36535c2ec32c756a76cc0d5c2a1246f933,60.14699,24.922,00000000a53ed894,12.69
15016,2019-08-04T12:41:32Z,cf348d1ad8b56dd43f377926c2a3f3a9436d35fc378964335639effa,60.16829,24.94214,00000000afef4555,20.28
15017,2019-08-04T12:41:32Z,cfa42322be0000cf89d8969d1b88ace0ba99cab721dd58d55d41a36e,60.17065,24.93641,000000000f4919c9,14.89
15018,2019-08-04T12:41:32Z,cfc2a688ff31fbb1baac8790fb6d56dc7746ba2cf9e0e5f39d4751a4,60.14699,24.922,00000000a53ed894,4.5
15019,2019-08-04T12:41:32Z,d03671e2aa8386fb28a425b20505ceed966063990d65611e2dfda4f2,60.16075,24.95883,00000000f1124bca,21.87
15020,2019-08-04T12:41:32Z,d0413da80c7714f40ffe50dcfb00039280c64ecebc61c59df72965e6,60.149,24.9843,00000000fffb8cf0,16.1
15021,2019-08-04T12:41:32Z,d098b9b5b30c5fcd4ae8a2b8bc761df72829713d3ae919634876d349,60.14699,24.922,00000000a53ed894,11.7
15022,2019-08-04T12:41:32Z,d0aa228c2a3e6e1568e876cffc76874702e0f0f63f18533551bf02c1,60.16075,24.95883,00000000f1124bca,18.79
15023,2019-08-04T12:41:32Z,d0cab2a2660dcc5cb99a9bdf39d2e6b31b7498985db1b50e48cb478d,60.18203,24.91341,00000000342570c2,25.36
15024,2019-08-04T12:41:32Z,d12f9e6275869a74f979eac17b326dfe329bbd78b8732fc998b5f132,60.14699,24.922,00000000a53ed894,14.89
15025,2019-08-04T12:41:32Z,d388a2c86cc65945e59a07273222ff57fc3585d4756b5c498dd443ac,60.16897,24.95222,00000000aa852af1,17.4
15026,2019-08-04T12:41:32Z,d38e88e5b926f9d1de6e326cca45116fcca11f10684c80876739c6cd,60.16075,24.95883,00000000f1124bca,5.41
15027,2019-08-04T12:41:32Z,d3a37aedae39925bda7da8e4f05a61b85904a00f88e8684006c76351,60.16829,24.94214,00000000afef4555,14.89
15028,2019-08-04T12:41:32Z,d43467d2f9037de0c38e1c1000fb907d63a3ab817d7d63401803cc45,60.16762,24.95415,000000006b44cce7,11.7
15029,2019-08-04T12:41:32Z,d5690433f1f0d0855704a06520cd197dac8c6c1293aa376af6854128,60.16897,24.95222,00000000aa852af1,21.87
15030,2019-08-04T12:41:32Z,d56a0c03d5831bd595a31278801bb3e146bfc2fb3fdebd163c9e9ef8,60.14699,24.922,00000000a53ed894,17.4
15031,2019-08-04T12:41:32Z,d64eda229ebb6012e59bc89eacb74918e404ce52f16b491f3d48e800,60.16897,24.95222,00000000aa852af1,9.92
15032,2019-08-04T12:41:32Z,d87210146aab139cc6640a20b428dce6ac516806a71a177b70e04f62,60.17065,24.93641,000000000f4919c9,11.7
15033,2019-08-04T12:41:32Z,d8983a8fe916583702bb776d3d8d3cbbe9e78778fd44d07c52ad1f2d,60.14699,24.922,00000000a53ed894,11.7
15034,2019-08-04T12:41:32Z,da667dfa2d8a272a7398e186de027fabd2052052c0aad767a1c7d966,60.16897,24.95222,00000000aa852af1,17.4
15035,2019-08-04T12:41:32Z,daac051ca20430238282e179e0fe525b11ff1e8f1ace26d45b41f331,60.14947,24.91438,000000004ef3150d,5.91
15036,2019-08-04T12:41:32Z,dbf9f0495974591badcee3fcfc1b5eb718b26de86aaf486c351ad084,60.14947,24.91438,000000004ef3150d,13.75
15037,2019-08-04T12:41:32Z,dc439ef81c2abfb840e3ab145f2b944aae18a1beffd3eb47de845b9c,60.16531,24.9442,00000000fdda10fe,29.32
15038,2019-08-04T12:41:32Z,ddc8410b9e4ece4b995b789f95e526693bac176ed77092ba57355dc8,60.16762,24.95415,000000006b44cce7,3.4
15039,2019-08-04T12:41:32Z,ddd849ee86afceedd5f5582ede84380d5596c9ea304d634ab0fd0de0,60.16829,24.94214,00000000afef4555,9.12
15040,2019-08-04T12:41:32Z,de09fd8d15c3d7adbf440a3d0a418a3b476513c968bda8a4aa652adf,60.173,24.92524,0000000096918cfa,21.87
15041,2019-08-04T12:41:32Z,de0d086ae32f87522eab31d3bc52545ed17b065889674963c0709568,60.16829,24.94214,00000000afef4555,11.7
15042,2019-08-04T12:41:32Z,de3fe5f63e74a582e06c8cb02e6128d6013827015ba3e2fe93082977,60.17002,24.94407,000000006b087f40,23.56
15043,2019-08-04T12:41:32Z,de84f754a3916c8f831b0bb8ea41fc2a42cdea2794558fece3c7ae97,60.1538,24.95595,0000000038bf9618,17.4
15044,2019-08-04T12:41:32Z,e02c0f9f72e9f248a4b5df8af328e1a0132d4d8a72c1e603d14cdacd,60.18203,24.91341,00000000342570c2,16.1
15045,2019-08-04T12:41:32Z,e0e938d5ab6fe3b13270163cd8a4e531dfae4b24ff98ab7e4277114c,60.14947,24.91438,000000004ef3150d,17.4
15046,2019-08-04T12:41:32Z,e0ff1e75104c5dfa3549647c238569888e353e1322256a5c6979de0b,60.14699,24.922,00000000a53ed894,21.87
15047,2019-08-04T12:41:32Z,e1a443e10353da64728464e8a720aaf22a62b80d404f1acae1a1c6ee,60.1538,24.95595,0000000038bf9618,18.79
15048,2019-08-04T12:41:32Z,e23a6115ba872037f9b5066c9c9c966b497f449e32a2c9ceb0e55497,60.16829,24.94214,00000000afef4555,5.91
15049,2019-08-04T12:41:32Z,e2d7945f2c60a0d0622aef6a266620cf09df2e3a66baf2d303464c90,60.1538,24.95595,0000000038bf9618,36.27
15050,2019-08-04T12:41:32Z,e35717ff07f32be5a2e1520f1855533f8dcc72cff7930c9cba9da32b,60.14947,24.91438,000000004ef3150d,18.79
15051,2019-08-04T12:41:32Z,e40a26f3f7468f4ac2302b45f1ed9aab7fea245ccf81d0c08072c881,60.16829,24.94214,00000000afef4555,16.1
15052,2019-08-04T12:41:32Z,e447e76c7b53157c11d5bfeb172c27332c81b5ec7f263badf5507888,60.149,24.9843,00000000fffb8cf0,13.75
15053,2019-08-04T12:41:32Z,e4b111abda6e15229c808fb72d5c0c38e2cf3abdbbb62fff5ae48e42,60.16762,24.95415,000000006b44cce7,9.92
15054,2019-08-04T12:41:32Z,e4f8eb3c654b642eaf00a350d3f55a7ec5156d7693c81bb994f49d52,60.1538,24.95595,0000000038bf9618,36.27
15055,2019-08-04T12:41:32Z,e7cd5f775c7eea951719f351fcc25c710f857832d6f4b70a51b7b82d,60.16897,24.95222,00000000aa852af1,13.75
15056,2019-08-04T12:41:32Z,e9115410fa45db5a174eee008cae729dc69937a0e0b5a304899bf1b9,60.17065,24.93641,000000000f4919c9,31.5
15057,2019-08-04T12:41:32Z,e92eb020afcd7c1fad04690230ff8c2f005e404dd25b8dced1df30dd,60.16075,24.95883,00000000f1124bca,14.89
15058,2019-08-04T12:41:32Z,e9e19621fc5cfcfed2c808bbadc6cc6dd31e28d3c04cef8b89ca2729,60.16075,24.95883,00000000f1124bca,20.28
15059,2019-08-04T12:41:32Z,ea157e44ed100be3f782d8b3d8e5e0986079c588c9ea754b14917df0,60.16829,24.94214,00000000afef4555,1.38
15060,2019-08-04T12:41:32Z,eb6541383f8b12fc5476e5e2bc406933edfd211f49a1bbb93f323fa0,60.14699,24.922,00000000a53ed894,13.75
15061,2019-08-04T12:41:32Z,eb79d6eb71f039f7008c9c4ea2f36d37f03bf60bddc7867e8b337254,60.16762,24.95415,000000006b44cce7,16.1
15062,2019-08-04T12:41:32Z,ec350e26364cb676c4cdb72647f039c31e27c775e7bb8973223e5d9b,60.14947,24.91438,000000004ef3150d,17.4
15063,2019-08-04T12:41:32Z,ec424a10bcefb6e69c2eabf42534f06e7a10aa0cfb28f6478052cade,60.14699,24.922,00000000a53ed894,11.7
15064,2019-08-04T12:41:32Z,ed79b42b7b79277b944e3800c2bf93fefe5be88fe6d0d2b52a944ea8,60.16762,24.95415,000000006b44cce7,16.1
15065,2019-08-04T12:41:32Z,ef352dcaa8317b6a3c0a02cd8908dd13da5601cc66ba65c5fd8d031a,60.14947,24.91438,000000004ef3150d,3.4
15066,2019-08-04T12:41:32Z,ef77b04fc57a9781bf581172358ba74cf41e0b2a6ecc8090f99810bf,60.14699,24.922,00000000a53ed894,14.89
15067,2019-08-04T12:41:32Z,efe8b6c6fdf0d2caccd589aaaa4f0228a80590ff9ec7961f2e92103d,60.16762,24.95415,000000006b44cce7,11.7
15068,2019-08-04T12:41:32Z,eff99f303ba37ed36542008434b2d20e50155593bb9fc7bc1dcc4bf3,60.16075,24.95883,00000000f1124bca,10.78
15069,2019-08-04T12:41:32Z,f062cb52d49926a4fb39f723275ed60ab6c0f3bf34e0c3f9d233b7b8,60.14947,24.91438,000000004ef3150d,5.91
15070,2019-08-04T12:41:32Z,f15b72a3aad411d2f8a70b41c4f62ad2d744d064d42ec00c71a18ac5,60.16762,24.95415,000000006b44cce7,12.69
15071,2019-08-04T12:41:32Z,f1845e00642980be3cdc27a088c619bb0616b86f7cfa0b8909efac80,60.16544,24.95398,0000000038d83d41,21.87
15072,2019-08-04T12:41:32Z,f1eb1b22a5e01064a1829b325d256218c68bc9134f03a3f09f3e2566,60.16829,24.94214,00000000afef4555,18.79
15073,2019-08-04T12:41:32Z,f20f951802c722181f0e90095001c49e73f84049bb105b95c97049d1,60.17918,24.95141,00000000675d5200,23.56
15074,2019-08-04T12:41:32Z,f2adb546cdbceb99c6ab882f712614e2b9a2bec328ec26febcf2fa83,60.16544,24.95398,0000000038d83d41,27.28
15075,2019-08-04T12:41:32Z,f2deba4ef84dbbc8c5d8524f6e2311183003bce4f9bfa6aef5b5ef66,60.14947,24.91438,000000004ef3150d,14.89
15076,2019-08-04T12:41:32Z,f2e063c8c25a8bec0dd6ec3924a5f59fd9694078f2f3fd5b3ea96f29,60.16762,24.95415,000000006b44cce7,11.7
15077,2019-08-04T12:41:32Z,f39827c3c7f4c833d1118043492f78e3255b6da9f4a2c000041d9b61,60.16829,24.94214,00000000afef4555,1.01
15078,2019-08-04T12:41:32Z,f3ec2366b51157150674e5ab6293bdb19e0b30ca4296fee4c97b811c,60.14699,24.922,00000000a53ed894,13.75
15079,2019-08-04T12:41:32Z,f5f7cfe177dfb0b7ebba2419ae53f70b6b5690dd98d98586004a9107,60.149,24.9843,00000000fffb8cf0,13.75
15080,2019-08-04T12:41:32Z,f7f0caf73572bea3c08b592eeb9655b2668cfb16fd8840ca5619d84a,60.14699,24.922,00000000a53ed894,6.46
15081,2019-08-04T12:41:32Z,f81439a39740937c6cba523d5ebca87b52d69ff29fb449cf42ade4d6,60.14699,24.922,00000000a53ed894,10.78
15082,2019-08-04T12:41:32Z,f847ec4111b37a677f1bd2577f778f653309f7b486974fefcf5eb8c9,60.1538,24.95595,0000000038bf9618,36.27
15083,2019-08-04T12:41:32Z,f9399339c3de44774896319d3f291771cebcaf2666df1d6062469882,60.16531,24.9442,00000000fdda10fe,29.32
15084,2019-08-04T12:41:32Z,fa96854324adae88abb35afa34b2393a20338bfd8fc9602d3ce6ae8d,60.14947,24.91438,000000004ef3150d,31.5
15085,2019-08-04T12:41:32Z,fadc39da3cd26ac621092fbbff224b95bb13446c8d24bbf4f3e50e90,60.14947,24.91438,000000004ef3150d,8.38
15086,2019-08-04T12:41:32Z,fc618d570293e104f3bf927312641e3b7c65acce185b1614337d848c,60.16829,24.94214,00000000afef4555,25.36
15087,2019-08-04T12:41:32Z,fca3daa86786d92fe75c43051a906ab67c8b95c774a1227b3c45ce10,60.18203,24.91341,00000000342570c2,21.87
15088,2019-08-04T12:41:32Z,fce50ac3cfd2f3b7a897f6575eeda4e45ab42e5b9b5351be836cc0de,60.16897,24.95222,00000000aa852af1,14.89
15089,2019-08-04T12:41:32Z,fd77161cf9715d9d0f922cf45e79e5d9b9debef5113cb32a4f82ef76,60.16762,24.95415,000000006b44cce7,3.74
15090,2019-08-04T12:41:32Z,fe5ca86c906b1cb3bf9dd257ceefc562e41da499878f1074484f7d42,60.14947,24.91438,000000004ef3150d,13.75
15091,2019-08-04T12:41:32Z,feb399897846bc34dc3f4b06ac4ef0ffb0db885977b88e5c5fdb7350,60.14699,24.922,00000000a53ed894,12.69
15092,2019-08-04T12:41:32Z,ff4f3e0f964f23b97e88626f7a506bb4409718931712c58ce0f247af,60.16762,24.95415,000000006b44cce7,16.1
15093,2019-08-04T12:41:33Z,0152988639aaaa9cc27213280c8f0c0c8ec97ae6a45aaaf743c9c25d,60.16544,24.95398,0000000038d83d41,29.32
15094,2019-08-04T12:41:33Z,07d86ad98399440d0cc3bd3382a7256feb971e49a3686dc17f532e1c,60.16829,24.94214,00000000afef4555,16.1
15095,2019-08-04T12:41:33Z,112c36ba789fa57e2b19c9bff8bfe0b3eba19a431c3af4656c4cee5b,60.16531,24.9442,00000000fdda10fe,25.36
15096,2019-08-04T12:41:33Z,1142f5b6806b1ec7d8d47d47013eb530d8a7418f6934d8867b20966a,60.16829,24.94214,00000000afef4555,27.28
15097,2019-08-04T12:41:33Z,14c7e1511b70f4dd3359cbece1377aebb4d70531f5489eefe53d7c3c,60.16544,24.95398,0000000038d83d41,20.28
15098,2019-08-04T12:41:33Z,1599d2c9070a6f05e1a5887c2d9209214c04818c6203fe75440734f2,60.1538,24.95595,0000000038bf9618,27.28
15099,2019-08-04T12:41:33Z,1e7ea410376fbdb3f3c476c76d23abad5d830690f78f71ea06f7e321,60.16075,24.95883,00000000f1124bca,23.56
15100,2019-08-04T12:41:33Z,211f6b7b044343d0be369791b3fa3c144d0d0f391e2a42787712efb0,60.16448,24.97323,0000000053c6c2be,13.75
15101,2019-08-04T12:41:33Z,21d09757012e8f7297d1de922f681bcc36581a3d7be770b42b3780a0,60.15432,24.9211,0000000019fb59c4,9.92
15102,2019-08-04T12:41:33Z,225f088b867fd7c8c9fe757d30380a7f7ee95d5d717c5c6263cef45f,60.14699,24.922,00000000a53ed894,23.56
15103,2019-08-04T12:41:33Z,25a7ff811c3c06e426c7c2cbb0433d9a2a3399b23afecbd35584ab0f,60.18203,24.91341,00000000342570c2,16.1
15104,2019-08-04T12:41:33Z,2d3d031189abfaea69cd551a97b2b2d056a908f19bc56701010a2304,60.16897,24.95222,00000000aa852af1,12.69
15105,2019-08-04T12:41:33Z,315af4a829b592ba99b203b8ed2cbd499769f8752dfe6de7da4ee929,60.16829,24.94214,00000000afef4555,14.89
15106,2019-08-04T12:41:33Z,3fe5f4ccfa5c777ceafda0674d7c9da6f509f6694b4c2fa254b32e73,60.16897,24.95222,00000000aa852af1,23.56
15107,2019-08-04T12:41:33Z,4317f5904a5e6ae921bf743dd534c803083fd90b15a1245881beeade,60.16897,24.95222,00000000aa852af1,27.28
15108,2019-08-04T12:41:33Z,43b676ed3aef4c2d8846694817e76117873be52e7f788e0cb366c1c4,60.16629,24.95957,00000000fb7600be,23.56
15109,2019-08-04T12:41:33Z,44d0b94469070803869f229601e877beb613c3f5aafa009addf97a1a,60.16544,24.95398,0000000038d83d41,16.1
15110,2019-08-04T12:41:33Z,4656bad9b5e6dfc3977eca308fc1db3dbf8b0204b90d09b001da242e,60.1638,24.96846,00000000d747f075,29.32
15111,2019-08-04T12:41:33Z,4a1efc9faf9548fe0ed72037d54a131265a72e61fdfc2009a4e9408a,60.16075,24.95883,00000000f1124bca,25.36
15112,2019-08-04T12:41:33Z,5bbb5184fded3e51bc78e45e39917794285e6bbc72da404802a9599a,60.16531,24.9442,00000000fdda10fe,27.28
15113,2019-08-04T12:41:33Z,5d65719c4cbf045f068d084b72302f447d5fd034413d97d13be00d0e,60.18203,24.91341,00000000342570c2,23.56
15114,2019-08-04T12:41:33Z,5eed115a984d490b02b602d73787aee8dc8c4e9365b77fbff3818a76,60.16629,24.95957,00000000fb7600be,21.87
15115,2019-08-04T12:41:33Z,5fecff186138a9b3e31c6086c33dcd5f1d209e64f0afeed7c688cab0,60.16897,24.95222,00000000aa852af1,14.89
15116,2019-08-04T12:41:33Z,653a92a7828f2c43bc74899753f872e8b93c30b6fb419b651a94bbc1,60.16897,24.95222,00000000aa852af1,17.4
15117,2019-08-04T12:41:33Z,69219e9efa41ae9e732653e9eaf08e1a34cb853a9dafe76ddeea4d04,60.16897,24.95222,00000000aa852af1,21.87
15118,2019-08-04T12:41:33Z,6a70e2fbced719333e21eff04fcb9cb36bae9a04d1a3d6ddd96f2c58,60.15432,24.9211,0000000019fb59c4,9.12
15119,2019-08-04T12:41:33Z,6ff437688c444238352c28f64f9d2a7d0f14d19c9ea42c225380501e,60.16762,24.95415,000000006b44cce7,27.28
15120,2019-08-04T12:41:33Z,737efc92e3419e9d96a8559ec341ea7e18ba6381fd8e4de3d06f82a0,60.14699,24.922,00000000a53ed894,18.79
15121,2019-08-04T12:41:33Z,7678cdb86d454ca9ae52f22d97e635106585a3a046d01da4463695cc,60.18203,24.91341,00000000342570c2,13.75
15122,2019-08-04T12:41:33Z,79f136afa0dd8717337c01c70b457c464aaf0fa25b440f51a394ec23,60.16762,24.95415,000000006b44cce7,21.87
15123,2019-08-04T12:41:33Z,85ef35aecf2ff804be3d958b592705ec41c6df9c128c132c65bb283d,60.16897,24.95222,00000000aa852af1,21.87
15124,2019-08-04T12:41:33Z,87dfaad29a9276ddddb1fa021d3bc23ad14824c1af16f7d87e713689,60.14951,24.92138,0000000006dd41f6,8.38
15125,2019-08-04T12:41:33Z,88808fe92573e9cdf022cc15b9689b6b4b9429f60513c8897b0ba4c7,60.16897,24.95222,00000000aa852af1,17.4
15126,2019-08-04T12:41:33Z,89982a6acf91b79a282a6b63978e946ee205f303fcd20e944e06baf0,60.16544,24.95398,0000000038d83d41,23.56
15127,2019-08-04T12:41:33Z,8c3b1ed0846e38cc84b863a80540c8a75bfd85c8bdda36563d153110,60.16544,24.95398,0000000038d83d41,27.28
15128,2019-08-04T12:41:33Z,94c5a69a5ae6e9407c3fa9a6919d99beb3558dd4e6750eb480ddc36f,60.16829,24.94214,00000000afef4555,12.69
15129,2019-08-04T12:41:33Z,9843c6216661048343a0e49cf3d8aa2883cf77f452666a1c873a1052,60.16448,24.97323,0000000053c6c2be,27.28
15130,2019-08-04T12:41:33Z,a8f8130135c784b027355228017bbfe99e5a6eecec153d44b78bedd3,60.16829,24.94214,00000000afef4555,20.28
15131,2019-08-04T12:41:33Z,acd2647d413f41552b31b6e383da445c8902bc2a764d2b7791a7b164,60.16762,24.95415,000000006b44cce7,23.56
15132,2019-08-04T12:41:33Z,b3d30798e4605a05b11dfff0f3fe01c2e8e16ac491fdb956f128ff23,60.14947,24.91438,000000004ef3150d,11.7
15133,2019-08-04T12:41:33Z,bb98768dad0f7c52cf643f035a3e7e48f5cfe28557c66f2a75914b31,60.14699,24.922,00000000a53ed894,12.69
15134,2019-08-04T12:41:33Z,bce16addb0ad2b7209298c35b3506869253f4e4a612a4cb45803ddf2,60.16075,24.95883,00000000f1124bca,16.1
15135,2019-08-04T12:41:33Z,bedde70080278440cf33f510482f5dbd45ad8321fdcb248b929437f7,60.16762,24.95415,000000006b44cce7,13.75
15136,2019-08-04T12:41:33Z,c97eb4181394121907d47b908495f54e5ee5145ff790f7a1dc21b3cf,60.16897,24.95222,00000000aa852af1,14.89
15137,2019-08-04T12:41:33Z,cf05623e4d87ce0906c0b0b7dbf53aacc1228016cd27c341228b6e76,60.18203,24.91341,00000000342570c2,16.1
15138,2019-08-04T12:41:33Z,cfc0bedb78ded52749db3188cb188bf6a250ef5990da9c5afa9623fc,60.14951,24.92138,0000000006dd41f6,18.79
15139,2019-08-04T12:41:33Z,ded49640b591e73bff71f84fb99d2739eb6c9554164a015017725e03,60.16829,24.94214,00000000afef4555,12.69
15140,2019-08-04T12:41:33Z,e8e366e76c97944e23c0f80b4fd3ce6e5832744922297146a49f0c7e,60.16762,24.95415,000000006b44cce7,7.69
15141,2019-08-04T12:41:33Z,e96bd269a48b822b06141c3362fcb6d5ed4d0d09a120f2e4a712d5c2,60.16897,24.95222,00000000aa852af1,12.69
15142,2019-08-04T12:41:33Z,efffdbe497ad2fa39b57c75ffd33c8f0ae621c4ef6154dcb169e5937,60.16075,24.95883,00000000f1124bca,11.7
15143,2019-08-04T12:41:33Z,f237103f284dc6c51c64f9728c4f56e0c855dbb1bf8c4165758c3ef0,60.16897,24.95222,00000000aa852af1,33.81
15144,2019-08-04T12:41:33Z,f405a7c4a3a4339f8e3f7e552f6492d6eed76f7d08c54943286213de,60.16762,24.95415,000000006b44cce7,13.75
15145,2019-08-04T12:41:33Z,f6609ab1076b1105bb845595a03b41b8fbb282f79c337df5bbc9f841,60.14699,24.922,00000000a53ed894,12.69
15146,2019-08-04T12:41:33Z,009ad4cd2bd97e04da44cc9789e6bdbdb899eded61d05b7d5634b7be,60.16829,24.94214,00000000afef4555,14.89
15147,2019-08-04T12:41:33Z,00a07b1f8113691d8475c54082a14cdd54decf9845a90e75df8031a6,60.17065,24.93641,000000000f4919c9,20.28
15148,2019-08-04T12:41:33Z,00b07030d00cc5582c0f1be7d73fb09e34f4018445ce11d9da8da813,60.16762,24.95415,000000006b44cce7,17.4
15149,2019-08-04T12:41:33Z,017a141d3e3811f35ced343c0b6d13a99f60c79d17afffa0cf0dd3b9,60.14699,24.922,00000000a53ed894,21.87
15150,2019-08-04T12:41:33Z,01f429553e2195416aa27d90d18c5206411813155efa0b01dae13559,60.16629,24.95957,00000000fb7600be,27.28
15151,2019-08-04T12:41:33Z,02978cd5cb7127a718d3d775079ab940a3e81885ce6106495cca5ee4,60.1538,24.95595,0000000038bf9618,17.4
15152,2019-08-04T12:41:33Z,033759f09b97a9347fd7852dbc2bcd3abbb67a792486acad9d185bca,60.16762,24.95415,000000006b44cce7,11.7
15153,2019-08-04T12:41:33Z,036c183505fea646b54aeb0c612913cafba94eca65e47d3c6d840a68,60.17918,24.95141,00000000675d5200,25.36
15154,2019-08-04T12:41:33Z,0479a26a59d65bf1dee05c06f4227a0ba63a6e9c9a09e7c34f2e06b4,60.14699,24.922,00000000a53ed894,12.69
15155,2019-08-04T12:41:33Z,04f35922a81b516e7028f61c6ff34faf6da85df0a5cfcefb6df1861f,60.149,24.9843,00000000fffb8cf0,27.28
15156,2019-08-04T12:41:33Z,07444c376c2a48ed91a2f5462cab887c00378edb4175ee969deb207e,60.18203,24.91341,00000000342570c2,12.69
15157,2019-08-04T12:41:33Z,0851ab74be2e888decf0046825f09ed302f7b2275e72b09b5b713d85,60.16829,24.94214,00000000afef4555,20.28
15158,2019-08-04T12:41:33Z,0947f9d6bb6c34e382e008052b704b6521ac4f7678a2e8a719bb574b,60.15432,24.9211,0000000019fb59c4,21.87
15159,2019-08-04T12:41:33Z,0a0acb70a8ef92be52a64d4425e70bb2f7a17d13942c3382c9d68878,60.149,24.9843,00000000fffb8cf0,2.8
15160,2019-08-04T12:41:33Z,0a5616e066b42895361324cfa8abef41d849a55e3e4bed429bab494b,60.16829,24.94214,00000000afef4555,9.12
15161,2019-08-04T12:41:33Z,0a5ed50daf13dd10744537aa851ac7ab1d34d9797ec6ab6e2402aebb,60.16762,24.95415,000000006b44cce7,5.41
15162,2019-08-04T12:41:33Z,0a862920946d7a0dcbee7c1cf28a7b77c57763261788dbd361ed6409,60.14699,24.922,00000000a53ed894,18.79
15163,2019-08-04T12:41:33Z,0b0dd9af9d52c68ff71ce266d6707abbb0f56c3c63be0f83f7b5df9b,60.16762,24.95415,000000006b44cce7,16.1
15164,2019-08-04T12:41:33Z,0c905239b8c0e14cba671cf4d4d715d1045a30ee62a6285fb489dbb0,60.16829,24.94214,00000000afef4555,5.41
15165,2019-08-04T12:41:33Z,0d3525b13d674f1645fdbe6d842fe37b2f416889c5472e9dfcc5445c,60.14947,24.91438,000000004ef3150d,20.28
15166,2019-08-04T12:41:33Z,10a99e791e27975dc1c9d73d3163cabacf3bd7bd05a4f7abf6365426,60.14699,24.922,00000000a53ed894,12.69
15167,2019-08-04T12:41:33Z,10caaea8002e8b3b342b32710efdd7305ff375ca1cdc01411f66b2f6,60.14699,24.922,00000000a53ed894,4.94
15168,2019-08-04T12:41:33Z,120a63917cb5ab619bf9a71328f14020736ee84e75d5b37278748def,60.16897,24.95222,00000000aa852af1,13.75
15169,2019-08-04T12:41:33Z,124cce476184e061b136f481014a2abc7208d30e4e520ffd90c85adb,60.17002,24.94407,000000006b087f40,16.1
15170,2019-08-04T12:41:33Z,128df515b075ffc54794d311944f31b9b1c1132d182943a9880e5bc0,60.16544,24.95398,0000000038d83d41,16.1
15171,2019-08-04T12:41:33Z,13bcedb8c59b26417282929d81844b272c7c5bc295614f531219a8e4,60.14947,24.91438,000000004ef3150d,21.87
15172,2019-08-04T12:41:33Z,1515fbb735095b233eea332bf40cff9995758e9bd0ad60218875554b,60.14699,24.922,00000000a53ed894,31.5
15173,2019-08-04T12:41:33Z,151c8075b97e96517236b9bf5ce6bd63294094eae52e427904e6fd66,60.16829,24.94214,00000000afef4555,25.36
15174,2019-08-04T12:41:33Z,1551f9fdd5a57b17be51babad39f807f04be4d340266c153eb860156,60.15432,24.9211,0000000019fb59c4,25.36
15175,2019-08-04T12:41:33Z,1582eee04b12138ba897d22887174c8a8df1e17f4a6e78e892042b2c,60.16762,24.95415,000000006b44cce7,21.87
15176,2019-08-04T12:41:33Z,15ee12e5f9be00a79b0cbbc9912f51cbfa3e486624567e1bde938fb6,60.1538,24.95595,0000000038bf9618,25.36
15177,2019-08-04T12:41:33Z,171a752ceacd35c6e27c36e67da80ba960a246c0977f0bdca139a472,60.14699,24.922,00000000a53ed894,12.69
15178,2019-08-04T12:41:33Z,1769031b7f4d75de0541e26427b9ecc92c84b80992e3b36bb8eb799e,60.16829,24.94214,00000000afef4555,10.78
15179,2019-08-04T12:41:33Z,17af6ab252328066d6b13406084507dfa7a7f6db3030872e7f87223d,60.17065,24.93641,000000000f4919c9,17.4
15180,2019-08-04T12:41:33Z,1882b53729765cca25bc63400074242872d6fbc57882f131285b277f,60.16829,24.94214,00000000afef4555,18.79
15181,2019-08-04T12:41:33Z,194e6ced97ec114a37fe06d6d73fb687c057d411be476f1ea6f4852e,60.16897,24.95222,00000000aa852af1,23.56
15182,2019-08-04T12:41:33Z,1a93dfa31156cee53b4bd527d8b74655a5da812b6933d8a86d871e47,60.14947,24.91438,000000004ef3150d,8.38
15183,2019-08-04T12:41:33Z,1aacd77e1fdbe1544cf1ab29a00642d77ce4a075e388e8a2108aa39b,60.16829,24.94214,00000000afef4555,12.69
15184,2019-08-04T12:41:33Z,1ad0b84716a79851fa8db7a993012f0c8e496d6cba9d028a546285a2,60.16897,24.95222,00000000aa852af1,8.38
15185,2019-08-04T12:41:33Z,1b3fba902b8d1538b508cdc228fd15fdd87f5aecb68e5611b1a4e354,60.16762,24.95415,000000006b44cce7,3.74
15186,2019-08-04T12:41:33Z,1bcef866fafad7c7460a084e0b0d27c087b549f4ae704390708be47e,60.149,24.9843,00000000fffb8cf0,14.89
15187,2019-08-04T12:41:33Z,1bf54c1e78a260db15066420940a08490ba26b0b04954e8ccae2180e,60.16629,24.95957,00000000fb7600be,29.32
15188,2019-08-04T12:41:33Z,1c7ccd5d6570d98e57ef2ebbd716b7504b138f9bb616fbeaa0d1a268,60.14699,24.922,00000000a53ed894,5.91
15189,2019-08-04T12:41:33Z,1d4841b6905c46f3c38f79540bae2a88a4e660692149506c0db9da33,60.15432,24.9211,0000000019fb59c4,33.81
15190,2019-08-04T12:41:33Z,1dcb5d78c4ed02c596144501da43e29defedf2db734c34c36c9bacbd,60.16762,24.95415,000000006b44cce7,31.5
15191,2019-08-04T12:41:33Z,1e24a2120b13c780dbb3a67a73f5058d1847f126fd5f5952e6dddcd3,60.16075,24.95883,00000000f1124bca,18.79
15192,2019-08-04T12:41:33Z,1e2d2a3e069b031861ec5a6b61ca518c2ccb1521ee29e9f82f175508,60.16829,24.94214,00000000afef4555,20.28
15193,2019-08-04T12:41:33Z,1ec58e626d2335aeeaa7c7d8f715d4334274dbd43448fb62c3901ef6,60.16829,24.94214,00000000afef4555,20.28
15194,2019-08-04T12:41:33Z,1f74037ecab4dbdc5db1a8dc8b583a86630f86a5f2d0a5167b7fa605,60.18203,24.91341,00000000342570c2,18.79
15195,2019-08-04T12:41:33Z,1faaaeff6423708e06d94b904af4be93e399939fbdfd3b3091dc8bd2,60.15432,24.9211,0000000019fb59c4,14.89
15196,2019-08-04T12:41:33Z,203a0c145a43c9a18f8c2a5ba4e18882e7430662bb4ac0e56ab37578,60.17065,24.93641,000000000f4919c9,18.79
15197,2019-08-04T12:41:33Z,209f23b29f40b8bb8ebec8446830bc674706e222179ceeab18277168,60.16762,24.95415,000000006b44cce7,17.4
15198,2019-08-04T12:41:33Z,21bdc11bb63fb48c9d4b5308540ee5df579c9a385001a10fceeeedf3,60.14699,24.922,00000000a53ed894,12.69
15199,2019-08-04T12:41:33Z,21eed3ade733687b8f56fade8290819b7c6b4a9f38468979fe692c3e,60.16762,24.95415,000000006b44cce7,4.5
15200,2019-08-04T12:41:33Z,2204ba387d2db0e7d2ca03f7ace46abff8d141668b73c75a1879d7ba,60.14947,24.91438,000000004ef3150d,9.12
15201,2019-08-04T12:41:33Z,2271cbccbcce28d3d0757d9a964f67df1a523b81d97355dc543dd848,60.16897,24.95222,00000000aa852af1,17.4
15202,2019-08-04T12:41:33Z,22fe9a06fba1036e8eafd726bc450095b1893be067f475e1882bb704,60.14699,24.922,00000000a53ed894,5.91
15203,2019-08-04T12:41:33Z,231026899a6d5b326cb5b1e38b182ca1acb77c7e27bc2378973b29db,60.16629,24.95957,00000000fb7600be,11.7
15204,2019-08-04T12:41:33Z,23337c2812924a07e4f0bbc92e56d1f85ea40208b6b987f4afc686cf,60.16897,24.95222,00000000aa852af1,13.75
15205,2019-08-04T12:41:33Z,247f8b2fe544f61677fce4b7f300f6be0c3fa9f5a9f057cc0a4b2111,60.16762,24.95415,000000006b44cce7,20.28
15206,2019-08-04T12:41:33Z,250f7cf6c6d1296e84c45fb8621a0704eb5243471980b5187dc40cdd,60.14699,24.922,00000000a53ed894,17.4
15207,2019-08-04T12:41:33Z,2551a9e1b8a03c8e0e378ed37c0130b6e4105ec6b949de9e5a670be8,60.14699,24.922,00000000a53ed894,18.79
15208,2019-08-04T12:41:33Z,2607d1b2fc6e31a80348fffbed68a7d3a8e0212f197f2d1c573c587b,60.14947,24.91438,000000004ef3150d,3.09
15209,2019-08-04T12:41:33Z,269124e75b1e74a7c7dc93b778e02f04d0a53e069a90081c0938ee4c,60.14699,24.922,00000000a53ed894,14.89
15210,2019-08-04T12:41:33Z,2838eddb482a9bc77b0b867352020e2cbfb71e85aaa1d61307e85f3d,60.14947,24.91438,000000004ef3150d,14.89
15211,2019-08-04T12:41:33Z,28b43564f7156b67db7cb7b779e948986d7610f921490f9030379704,60.16897,24.95222,00000000aa852af1,8.38
15212,2019-08-04T12:41:33Z,28d2c3282e9f8fec67baec7992dcd800c45b67071e33cb118905a6b3,60.16829,24.94214,00000000afef4555,4.94
15213,2019-08-04T12:41:33Z,2925098054ee56a846f7c3d1abbc4fe9088d7b7585f81815837fc4e1,60.16829,24.94214,00000000afef4555,16.1
15214,2019-08-04T12:41:33Z,2969cdb120f2d285c556abfe5bac2f8090571f61aba227a474a534d2,60.17065,24.93641,000000000f4919c9,1.88
15215,2019-08-04T12:41:33Z,29a1ee6c0907a00ec6b6dcbb187f5c31d1a11b261aabd339210ee013,60.16897,24.95222,00000000aa852af1,9.12
15216,2019-08-04T12:41:33Z,2a69e64b30832b5b9cf692b14c109788bb5e84c46ac2ecdf2165a366,60.14951,24.92138,0000000006dd41f6,21.87
15217,2019-08-04T12:41:33Z,2e86f9a432e00fa6ff5b8744ffecbe22a02b4316779bc8b4078af2e2,60.149,24.9843,00000000fffb8cf0,25.36
15218,2019-08-04T12:41:33Z,2ee2e108ed9051b1ccf4d3ee89931dfd53170af0b558fa6579b83e8d,60.15432,24.9211,0000000019fb59c4,7.69
15219,2019-08-04T12:41:33Z,2f08dbfbbe5577f04ea9826f72d5452ddf5fd9bb892769382ea5a4ca,60.16762,24.95415,000000006b44cce7,10.78
15220,2019-08-04T12:41:33Z,3197a3340c627059b7c7eb4b36e932bf06a1d31d868aabd647df6373,60.16762,24.95415,000000006b44cce7,14.89
15221,2019-08-04T12:41:33Z,32708990f2c831e65f70f2682baf5188fc93348b9a9e78ada8db2bf4,60.14947,24.91438,000000004ef3150d,1.88
15222,2019-08-04T12:41:33Z,32f77f5019e5fce30881c214487361e2e34b8c93277f6e546de72012,60.1638,24.96846,00000000d747f075,31.5
15223,2019-08-04T12:41:33Z,33634cb1e3fc5d4a621e8717d203da8533ed27531a70c6cbe3abf3fa,60.16762,24.95415,000000006b44cce7,2.3
15224,2019-08-04T12:41:33Z,33ec502792a84f23fed03cf16e483d153c65e2850a2549f47034726a,60.16762,24.95415,000000006b44cce7,11.7
15225,2019-08-04T12:41:33Z,3405b45677395f577b17b4f3f98f4e4acf64510ac518139bea7227fd,60.16829,24.94214,00000000afef4555,14.89
15226,2019-08-04T12:41:33Z,3459042c03cbb672a039f7f14a6b99b84f839b0598f9e48bf4dd95f5,60.14699,24.922,00000000a53ed894,9.92
15227,2019-08-04T12:41:33Z,349dd839e41cff363cc4b935496e52b93be15233e508aa82987859bd,60.16075,24.95883,00000000f1124bca,16.1
15228,2019-08-04T12:41:33Z,34bf3e380e2a914953cf9b98fa3d965c890a9f6ed7a0ce833012b9f5,60.16762,24.95415,000000006b44cce7,25.36
15229,2019-08-04T12:41:33Z,34fddf0f4ea194b9720451d11a9de76225577536681d4f4b0a00b860,60.16829,24.94214,00000000afef4555,25.36
15230,2019-08-04T12:41:33Z,352427714fc6e8591df6bd227dde05d3b7ba0881742eee4ae750dcc4,60.15432,24.9211,0000000019fb59c4,21.87
15231,2019-08-04T12:41:33Z,358d7986d5bf2a0624fb1412a157b3c7b12f90653457e15a76bbdf50,60.16629,24.95957,00000000fb7600be,14.89
15232,2019-08-04T12:41:33Z,35e6e075578d7a51e510bf8904bde33f1d117264eea0917db98d4808,60.16897,24.95222,00000000aa852af1,7.05
15233,2019-08-04T12:41:33Z,3721331dbb97151d17938ed835ffc7208eba26fba6100c62870a3a4f,60.14947,24.91438,000000004ef3150d,5.91
15234,2019-08-04T12:41:33Z,37945fa4e7409fab98aa8bde45081f5bd083def0059485274ad552c0,60.17919,24.95181,000000007b5207b6,7.05
15235,2019-08-04T12:41:33Z,37b4192b51c9589b8791bc2e9f830dd541c0e77fd03e7a85a51b68e5,60.16544,24.95398,0000000038d83d41,25.36
15236,2019-08-04T12:41:33Z,38c90c54ec8f56ae2ee5c79f21130a2254d870968839584fc423f1d2,60.14699,24.922,00000000a53ed894,13.75
15237,2019-08-04T12:41:33Z,39f03a3a5fd777feee270921a7f51daec12ea679b542b0aaf2e808d7,60.149,24.9843,00000000fffb8cf0,12.69
15238,2019-08-04T12:41:33Z,3a6ce73ea4c03a14fc0d3d099e4698d3c1051a2e8e4bd552d5de394d,60.14947,24.91438,000000004ef3150d,3.09
15239,2019-08-04T12:41:33Z,3af48668fcfc51b261558246e08ae2f7f3bb9d4252e908e38c9db003,60.14699,24.922,00000000a53ed894,16.1
15240,2019-08-04T12:41:33Z,3b73bf57d223bcb9b930ee8619e6603e52485b221389c64d85614baf,60.16897,24.95222,00000000aa852af1,7.69
15241,2019-08-04T12:41:33Z,3be48824225ca9f2aea5653f6ce21181a76e67a8d4b8361f0cba1f8a,60.14947,24.91438,000000004ef3150d,5.91
15242,2019-08-04T12:41:33Z,3e4965f1ed580ddf80246b1b78cbc55b73c11d67573d9cede2a7ccf7,60.16829,24.94214,00000000afef4555,12.69
15243,2019-08-04T12:41:33Z,3e99999f43f3bd9e105e735eeb92531a4301e7f258c90535acfba9ae,60.16531,24.9442,00000000fdda10fe,27.28
15244,2019-08-04T12:41:33Z,3ec0a34310840b3aa1aa32a3f2bffbe426e91a242dc6eb5c1e86bba7,60.16448,24.97323,0000000053c6c2be,21.87
15245,2019-08-04T12:41:33Z,3f395809cdaaaa1688c7d1cc770079bbf7ef1349e148bec5c8eacd57,60.16762,24.95415,000000006b44cce7,9.92
15246,2019-08-04T12:41:33Z,3fe4e214448b0c9a8dfbee81c347d82a8f0b26859201fb1d77f40fa9,60.16448,24.97323,0000000053c6c2be,23.56
15247,2019-08-04T12:41:33Z,3ffe89aa6ab1e57883e21fa8f15969f46a5f487bccb2b993eadb3cfb,60.14699,24.922,00000000a53ed894,5.91
15248,2019-08-04T12:41:33Z,403f209e525e5159d33b2056ebebcfa95ff94baf8ae3d9b3442c3090,60.14699,24.922,00000000a53ed894,11.7
15249,2019-08-04T12:41:33Z,427f20895f2d0aec0392fd0be9f66c4cd45200a3d32b5b9d52ea0dc2,60.15432,24.9211,0000000019fb59c4,23.56
15250,2019-08-04T12:41:33Z,42da4298ed9f522421f17714e024d9b8fe22e7546df3deeb8b139bd3,60.16075,24.95883,00000000f1124bca,11.7
15251,2019-08-04T12:41:33Z,431375be6b9405ef55878f3aa0bb5dd6a35db8ba650a2bce05081c49,60.14947,24.91438,000000004ef3150d,12.69
15252,2019-08-04T12:41:33Z,447f951c07ece4b9f8a41fed54b5911f4f8033b69f5a62bfd0cf1d97,60.14699,24.922,00000000a53ed894,12.69
15253,2019-08-04T12:41:33Z,4533d27e96c5c6637ddff4243672d658fea4004970652882357105a9,60.14699,24.922,00000000a53ed894,13.75
15254,2019-08-04T12:41:33Z,457d11209b95b153efb57d8f2641f2db0823e91a0d608fa0555a5b69,60.14699,24.922,00000000a53ed894,10.78
15255,2019-08-04T12:41:33Z,4602ff9d03f6bf4fbb82976098cc1c73e7a7e754050401c772d1406e,60.14947,24.91438,000000004ef3150d,12.69
15256,2019-08-04T12:41:33Z,467a01a257fbaad22bd4aebafc8f284c9ad3effc429475e57c214e9d,60.14699,24.922,00000000a53ed894,7.05
15257,2019-08-04T12:41:33Z,47cde44e4ddbf6c70162fa882eee962e7c3e2a037b650294ec46568f,60.14947,24.91438,000000004ef3150d,14.89
15258,2019-08-04T12:41:33Z,47f01e2ac7c3ce7e6b660533619f1713531790bd5178978cb1fab47d,60.16897,24.95222,00000000aa852af1,36.27
15259,2019-08-04T12:41:33Z,48d0a198e7445da9f7df3cb2cedef7dc861fe850deff789f6ad61d36,60.14947,24.91438,000000004ef3150d,25.36
15260,2019-08-04T12:41:33Z,48f665ebb1a71b0d84fc02bd71918c5ab5608328db534639cbd2a255,60.14947,24.91438,000000004ef3150d,5.41
15261,2019-08-04T12:41:33Z,49b87a1513c75afd4d05b1b8429f6697a2262af944de3e385700f99f,60.14951,24.92138,0000000006dd41f6,29.32
15262,2019-08-04T12:41:33Z,4a565a7be2bb822523480c6ca86154a466bf189290f87a0ef118f8b7,60.149,24.9843,00000000fffb8cf0,33.81
15263,2019-08-04T12:41:33Z,4aff8c41b8c3f924b9b765007cf6f0f148e9fdc4dfad6299b17f6f71,60.16762,24.95415,000000006b44cce7,6.46
15264,2019-08-04T12:41:33Z,4b1050cc517631e36206d3528399c0b14748daec8c7d1b5dfa412299,60.15432,24.9211,0000000019fb59c4,3.74
15265,2019-08-04T12:41:33Z,4b85388cdaec2b4c15b546160ee326d9668a5e5d3c7b08d0c539946e,60.17919,24.95181,000000007b5207b6,8.38
15266,2019-08-04T12:41:33Z,4be50f3eb033f3f46e3069049c8e0a34dc8a2607741c1764369ba4c2,60.16762,24.95415,000000006b44cce7,9.12
15267,2019-08-04T12:41:33Z,4bf75585466f0aafa2ed2956fe4b0f7235b4ba3a0606a52219b3156c,60.14699,24.922,00000000a53ed894,18.79
15268,2019-08-04T12:41:33Z,4cadc8cc23fd84febb6a8383030a34c97b3388a8c9ed7a64cc0f51a6,60.14947,24.91438,000000004ef3150d,3.74
15269,2019-08-04T12:41:33Z,4d4115f2971578ddc2428be944e2954c9e9a5472a818ec1805a022b2,60.149,24.9843,00000000fffb8cf0,21.87
15270,2019-08-04T12:41:33Z,4d7150fb2eb8468dc51f12b2de4a3610a7eb79c7352449ed92531f0e,60.1538,24.95595,0000000038bf9618,29.32
15271,2019-08-04T12:41:33Z,4ebdb6165c5d4892cdc21711313b98b1545bececfb886192c6f0ef22,60.16762,24.95415,000000006b44cce7,7.05
15272,2019-08-04T12:41:33Z,4efc969b8b738c051c221bf9d7829089b44cec23dd378fd86e7fb8be,60.173,24.92524,0000000096918cfa,27.28
15273,2019-08-04T12:41:33Z,4f4940c5c77737c5b8f2fbd5a1b65886ea5f6e0e4fcd50447e11ce21,60.16075,24.95883,00000000f1124bca,12.69
15274,2019-08-04T12:41:33Z,50e21d119f102cee2afe3ac7f1a32032527638769b05aca582d6ecb1,60.16762,24.95415,000000006b44cce7,6.46
15275,2019-08-04T12:41:33Z,514a3981fad6c695ac4940f09374b5d1c2e84d2ca835084ef8707714,60.16075,24.95883,00000000f1124bca,4.5
15276,2019-08-04T12:41:33Z,51b3c7870a399165f0d1d14f7d21688df32b0360f9cc6f3ca61890d8,60.16829,24.94214,00000000afef4555,0.28
15277,2019-08-04T12:41:33Z,52072bd384eaaf4a6958af5510ed039d194dee47f34667bc7bccbe0e,60.14699,24.922,00000000a53ed894,7.05
15278,2019-08-04T12:41:33Z,5263c8fd413ee308494f18228802330e278acc648b425bb454951db5,60.16075,24.95883,00000000f1124bca,25.36
15279,2019-08-04T12:41:33Z,52939581c6c8dd3407dbf44ea9e90471e4bbadfb7e3740a0ba8324f3,60.14699,24.922,00000000a53ed894,10.78
15280,2019-08-04T12:41:33Z,52f0e69ca7a5cebe604c1f32308dc7f8870d1d85cd4b25ad17f706e9,60.14699,24.922,00000000a53ed894,11.7
15281,2019-08-04T12:41:33Z,54065d53a62079540c4be1e19eafa5dd581e8ec35da0c31844438e0b,60.149,24.9843,00000000fffb8cf0,29.32
15282,2019-08-04T12:41:33Z,5554305bad43a71cf98d83e92708c7474c1efc189392c1ea94231e9c,60.16531,24.9442,00000000fdda10fe,2.08
15283,2019-08-04T12:41:33Z,5636d9760f1eac9d5d050497d7084fd61a92d5d108695a9023769ac4,60.16629,24.95957,00000000fb7600be,25.36
15284,2019-08-04T12:41:33Z,56b8eace741e5227a40ea0a64601a737648080c63d6240b0dca632c4,60.16075,24.95883,00000000f1124bca,10.78
15285,2019-08-04T12:41:33Z,56ca4c1159970bc147ac16d2850f970c56a965ebf9df171c61af2d0e,60.16762,24.95415,000000006b44cce7,14.89
15286,2019-08-04T12:41:33Z,570dc61d53aec66ede39dfde66339640878453afc00cd1a55c60bca7,60.16544,24.95398,0000000038d83d41,21.87
15287,2019-08-04T12:41:33Z,571934189bf349efb6f596e76c21612cf9b82ed44913090169936048,60.17065,24.93641,000000000f4919c9,14.89
15288,2019-08-04T12:41:33Z,571e65d939060a58396de22fc44d8842fc9de986824670ad765ec596,60.16762,24.95415,000000006b44cce7,25.36
15289,2019-08-04T12:41:33Z,58122bffe92a82d8b8a6fb46e406f2d86c32db26eca7557ec6943fa5,60.14947,24.91438,000000004ef3150d,33.81
15290,2019-08-04T12:41:33Z,583a35aa08fe45f96deb91a9f4b9317e86eddeee0d636cc11b3e2df8,60.16762,24.95415,000000006b44cce7,13.75
15291,2019-08-04T12:41:33Z,58411163d307bb308f9c94a9720e9ce5ab0ce4f5617cd2b1fcc2037a,60.16762,24.95415,000000006b44cce7,5.91
15292,2019-08-04T12:41:33Z,5b21511f00a23b33dc791787155b6f890ab1949e3c9a42448c765d19,60.16829,24.94214,00000000afef4555,23.56
15293,2019-08-04T12:41:33Z,5bc858089bff2f1880f1807e91f165ebf9f1b5841445adcdfb988ddf,60.16829,24.94214,00000000afef4555,17.4
15294,2019-08-04T12:41:33Z,5bc8610f198c0ab38e4e89fd7f4828d032ca2a6ef97c2a17c79e296f,60.14699,24.922,00000000a53ed894,18.79
15295,2019-08-04T12:41:33Z,5bf59468120b0262b74eebaba2a7ee8274f3c8165ddcf6f38eae92a8,60.16829,24.94214,00000000afef4555,17.4
15296,2019-08-04T12:41:33Z,5c160268bc9b4b619181ce421d9e58c258e6b59a342945fc29f0004b,60.14947,24.91438,000000004ef3150d,9.12
15297,2019-08-04T12:41:33Z,5cd5117066c75a1cb83d3896a7eba3f3472e133f0013ea7d4e95daaa,60.14699,24.922,00000000a53ed894,5.91
15298,2019-08-04T12:41:33Z,5d70086d53447ee393249cef33c7bae814c1d7c2e3055fc91b38786c,60.17919,24.95181,000000007b5207b6,7.05
15299,2019-08-04T12:41:33Z,5e7916ca910b02abf2d19906759663c23db63950a353fa546f55c8af,60.14699,24.922,00000000a53ed894,23.56
15300,2019-08-04T12:41:33Z,5ea49ba4de68e03664ec3a87f5de32434d7136b4f8323f022ff9df5b,60.16829,24.94214,00000000afef4555,16.1
15301,2019-08-04T12:41:33Z,5ee175437c5a15756f66cae8cf9172e291d462123de1bd59ae7a103b,60.16897,24.95222,00000000aa852af1,29.32
15302,2019-08-04T12:41:33Z,5f3a358ea7ec56dfb2271af72ef34416785e497a3653bfb75ef822c3,60.16829,24.94214,00000000afef4555,27.28
15303,2019-08-04T12:41:33Z,60d5c11436b72dd4eb673f606bddc3f8f36675342cba015b9297155f,60.16448,24.97323,0000000053c6c2be,20.28
15304,2019-08-04T12:41:33Z,60d9b71ec38b796bf876dedfaf3112b49ff79677480c7603902857ae,60.14947,24.91438,000000004ef3150d,6.46
15305,2019-08-04T12:41:33Z,60f1b642fca90c38a1f6bcee13b699f211b8662945e5249aee5d60cb,60.16762,24.95415,000000006b44cce7,13.75
15306,2019-08-04T12:41:33Z,614ab7fba7255f6bf6f888e9a04d589962f756b3f427e658f10014f2,60.16075,24.95883,00000000f1124bca,23.56
15307,2019-08-04T12:41:33Z,62916b0c2a8ebabb938b5e97cb14eb89b2b32936d3fad04025ad5854,60.17002,24.94407,000000006b087f40,25.36
15308,2019-08-04T12:41:33Z,62a6fe2d9b3b5b4533c51253f8842428bd797b3c6a95a7816ec472ed,60.14947,24.91438,000000004ef3150d,16.1
15309,2019-08-04T12:41:33Z,62aca926e533582af1cbef0d3e5d58d66486f219ab2034236649546e,60.16762,24.95415,000000006b44cce7,12.69
15310,2019-08-04T12:41:33Z,63d99db5b2b7360c501446ea5e89feba9bd1c6735a7670039916f2ad,60.1538,24.95595,0000000038bf9618,21.87
15311,2019-08-04T12:41:33Z,63defb71d4c3856253a0a2d67a5c370b91ad0527703b334a63fe5344,60.14947,24.91438,000000004ef3150d,4.11
15312,2019-08-04T12:41:33Z,641e8defb97171d160f062c4bc3e9d06346f10d5246e6aeac935e1a9,60.16897,24.95222,00000000aa852af1,17.4
15313,2019-08-04T12:41:33Z,64394b1287e19738900f57d5c7483e02866e40bc8241fc6f6fbecbcb,60.16762,24.95415,000000006b44cce7,1.54
15314,2019-08-04T12:41:33Z,64638a9f9e6c9b32fc4b484b55e4934fcab6cb04605cc76d5f5534b7,60.17065,24.93641,000000000f4919c9,12.69
15315,2019-08-04T12:41:33Z,64e34af775b57908b23056a31d60ef3b005941f2e7c3db0c49df675d,60.17065,24.93641,000000000f4919c9,2.8
15316,2019-08-04T12:41:33Z,6503762f2cac51cc2b74da1efa6b16583ed11c9a528d7716b7829c0b,60.16829,24.94214,00000000afef4555,14.89
15317,2019-08-04T12:41:33Z,6516a10850095847a8156717b0fba05a9bdc9b5bfedd691ddb07f119,60.14699,24.922,00000000a53ed894,9.92
15318,2019-08-04T12:41:33Z,6525cc634176c25187e68e0d067bcfecfd78e399e93db4ee9d408b7e,60.17919,24.95181,000000007b5207b6,27.28
15319,2019-08-04T12:41:33Z,655204cb507ea9ae811105cdcd766161facaa9f729017a333f102391,60.149,24.9843,00000000fffb8cf0,16.1
15320,2019-08-04T12:41:33Z,65de3b8621fadfc61e9d3657dc477ea9867f9d093f80cf0857dcad88,60.16762,24.95415,000000006b44cce7,7.69
15321,2019-08-04T12:41:33Z,6723bebaab92d1a9f8b4318fd4f497a6dec6d7f8e0eafca443925213,60.16075,24.95883,00000000f1124bca,11.7
15322,2019-08-04T12:41:33Z,67591d427f60ba3c369ac0d78088fca7be33081501508d16401dd6cb,60.16762,24.95415,000000006b44cce7,4.94
15323,2019-08-04T12:41:33Z,675eacdf32b5b831fd118fc5539eea4b3cef4bd11e2e1706a9571222,60.16829,24.94214,00000000afef4555,21.87
15324,2019-08-04T12:41:33Z,6774ed72eaf69d7c4aaeeef90990f969954155bbcc52652e75e7deef,60.16829,24.94214,00000000afef4555,9.92
15325,2019-08-04T12:41:33Z,677c53ae4056d6cb123ca576ba5284664b1c7e3e88818bd19b5dd99a,60.17919,24.95181,000000007b5207b6,16.1
15326,2019-08-04T12:41:33Z,69375ef968867906fc11b34d1e2c4b436d452cd47cb577a7f9e566ef,60.16762,24.95415,000000006b44cce7,6.46
15327,2019-08-04T12:41:33Z,698b200b63a644828a7314691a16af2af1bccef75d52abb5591a5542,60.14699,24.922,00000000a53ed894,4.5
15328,2019-08-04T12:41:33Z,69f1de5049f5731749defe893b8ae9ada4f5f788a994b8f7413ef657,60.17002,24.94407,000000006b087f40,17.4
15329,2019-08-04T12:41:33Z,6b6668d7ebecfb96a6ed3ca19e97f8da150943ddf1d034675d08a9b8,60.14699,24.922,00000000a53ed894,16.1
15330,2019-08-04T12:41:33Z,6b97071051ccf5db7e5ebee033d4f68d58ed6917ff2fac5b205a6605,60.17065,24.93641,000000000f4919c9,17.4
15331,2019-08-04T12:41:33Z,6c7e018abdf8462af7c7b003bc30f915184f7082e9e865a2c502eed5,60.14699,24.922,00000000a53ed894,7.69
15332,2019-08-04T12:41:33Z,6cc185919c410bfc359b488921554d891f9748da570db062229c7ec7,60.15432,24.9211,0000000019fb59c4,33.81
15333,2019-08-04T12:41:33Z,6f3dd17e40daabb4efe868f1b859dc00ecc01846f0a0e2b8db5d1413,60.17919,24.95181,000000007b5207b6,7.69
15334,2019-08-04T12:41:33Z,6fdf4cfc3a0774e204869ab43ef69c6306cc40c0fd8bbb0f8b505e3a,60.16829,24.94214,00000000afef4555,29.32
15335,2019-08-04T12:41:33Z,6fdfc33c6b609ea80b4a38ecf657bc68b7bf659752b51edcc22ffb54,60.16762,24.95415,000000006b44cce7,12.69
15336,2019-08-04T12:41:33Z,6ff93560ca77c6e5a25bc7441cf33cf7fa0138b3da4d99b2dbf5531b,60.14947,24.91438,000000004ef3150d,9.12
15337,2019-08-04T12:41:33Z,7176e4b517010283d61468978a67a0e6d800f7b66219728174074b97,60.14947,24.91438,000000004ef3150d,16.1
15338,2019-08-04T12:41:33Z,71c360c0ae36f964d9ca7957d318abe8f1933c8220f225231eb33b39,60.18203,24.91341,00000000342570c2,33.81
15339,2019-08-04T12:41:33Z,733618d50499022af0ec3b91abdc93b6f3f252adb6891da4956ba4fb,60.15432,24.9211,0000000019fb59c4,36.27
15340,2019-08-04T12:41:33Z,745e52dafbfa395ea41c5fcd0c2717b9091e44d19ab89e03991fdbb7,60.16762,24.95415,000000006b44cce7,18.79
15341,2019-08-04T12:41:33Z,759f94c852ff15ca91c3138913c3858c4801702f8f0514ae82fb2a19,60.16897,24.95222,00000000aa852af1,16.1
15342,2019-08-04T12:41:33Z,7664b7f08aaa059ecf6646a595c33fae0c80715febe63e31f45a4662,60.16762,24.95415,000000006b44cce7,5.91
15343,2019-08-04T12:41:33Z,777cceac7be6303a1c82f7cc68061528b01e3aa1b3aa6481cad9e5e3,60.16075,24.95883,00000000f1124bca,14.89
15344,2019-08-04T12:41:33Z,7796953a0f798f923ba226160bca647fa4b3dcd583e22d452efd0974,60.16629,24.95957,00000000fb7600be,33.81
15345,2019-08-04T12:41:33Z,7953eb6c982160df4a8fc08a35e892cfdfacf3438067866d2f21f841,60.16762,24.95415,000000006b44cce7,16.1
15346,2019-08-04T12:41:33Z,79bb1e615a834d4f653cec7efc45ad5b4bbedf2a83c55b44c586ad0a,60.14947,24.91438,000000004ef3150d,11.7
15347,2019-08-04T12:41:33Z,79bde23c1a8980f93a65e14306f0d8ea89e164430d8b991e2bfee82e,60.16531,24.9442,00000000fdda10fe,16.1
15348,2019-08-04T12:41:33Z,79d26f15a82c94ac5d05e0f2b6a6beeae1f407972ec39665d7ab9535,60.16829,24.94214,00000000afef4555,13.75
15349,2019-08-04T12:41:33Z,79d30a3ef05e3d34450d1c975b3fa9d21b994f078f943db791239b07,60.14699,24.922,00000000a53ed894,16.1
15350,2019-08-04T12:41:33Z,7a0c0b525f2d3eed6c873bd3b8d27bede551fe4a428ac15c23deadae,60.16075,24.95883,00000000f1124bca,17.4
15351,2019-08-04T12:41:33Z,7a4a06d20ebe57d94e5fceeaf47d5b56ad9a515818e9c20e21a80e61,60.16629,24.95957,00000000fb7600be,18.79
15352,2019-08-04T12:41:33Z,7a97375000483176c3b37cc0d1744a950d9b322ce3534208fce0b21d,60.14699,24.922,00000000a53ed894,17.4
15353,2019-08-04T12:41:33Z,7ab335e046f7f3597f8f615a90857885e35cfecefebd5d24bbf0af90,60.16075,24.95883,00000000f1124bca,7.69
15354,2019-08-04T12:41:33Z,7ad93fed82e41ea4422fa101badc698b0328c3ebf0f6b73c5164d438,60.16897,24.95222,00000000aa852af1,5.41
15355,2019-08-04T12:41:33Z,7af6672e274ebe27cdb785373a857fc5bcad92a386c36dbe3221d4f4,60.14947,24.91438,000000004ef3150d,5.91
15356,2019-08-04T12:41:33Z,7be762f58d54665c5e6668eb2fb3eae7201522ddff196bbc5eb731f0,60.14947,24.91438,000000004ef3150d,9.12
15357,2019-08-04T12:41:33Z,7d9a3d84c09c3a8d6876389e216e0278048d6b924890fb275a078ffb,60.16531,24.9442,00000000fdda10fe,0.59
15358,2019-08-04T12:41:33Z,7e76449e59f1e3a1a615b54408115353fbb14d815390d03a73b1a7bb,60.14947,24.91438,000000004ef3150d,12.69
15359,2019-08-04T12:41:33Z,7f2f97e26d55f653ed70260ea4f893d01a3984cbdf6d7a3bfb2641de,60.16829,24.94214,00000000afef4555,13.75
15360,2019-08-04T12:41:33Z,7f786ec8e06f1ca3bdd10fc60d0114baf354125b8f6cf796d197f4cc,60.16075,24.95883,00000000f1124bca,4.11
15361,2019-08-04T12:41:33Z,7fa730b1f84b7e26671b5b24e4775dd24da2b4b6d76b257d59c85228,60.16829,24.94214,00000000afef4555,23.56
15362,2019-08-04T12:41:33Z,80cbcb887f3e351e3bef7c5f53dccc578cc3494feec514aed7015c0d,60.16075,24.95883,00000000f1124bca,9.12
15363,2019-08-04T12:41:33Z,80cc39b04598f971820e63498fd27ae72a12a45a60c220fe625b282a,60.14699,24.922,00000000a53ed894,16.1
15364,2019-08-04T12:41:33Z,82411c6526228322a61f59259f13adf7cde62bd767587b6735867705,60.17919,24.95181,000000007b5207b6,8.38
15365,2019-08-04T12:41:33Z,83121a75723643c48e3c3b0a3ea5fccb532046432ca445833e8de06a,60.16762,24.95415,000000006b44cce7,2.54
15366,2019-08-04T12:41:33Z,848fe01e24ccc782e5968171f53ea31d28f20a455c45d8bac8fb7374,60.173,24.92524,0000000096918cfa,9.12
15367,2019-08-04T12:41:33Z,849a662d95d4185421aff7c6213ba5d7b84cfc58c9fb30ff34054e4c,60.16075,24.95883,00000000f1124bca,7.69
15368,2019-08-04T12:41:33Z,84a2754d633d2364ab8245dd97ac58e0bfad70a8380a357871afcc01,60.17002,24.94407,000000006b087f40,23.56
15369,2019-08-04T12:41:33Z,859b417d0b562f5c4ab33c3877c95cd7cbb332db91dcd0f4e7a4f3b6,60.14699,24.922,00000000a53ed894,18.79
15370,2019-08-04T12:41:33Z,85d66944a64cfde859e7e08ca4b79f3b39d5b03141d500fe7ce73f7e,60.14699,24.922,00000000a53ed894,5.91
15371,2019-08-04T12:41:33Z,87bb1abe21abfcb5e5c2039e579cff7ca863a6019207db356de5b7c2,60.14699,24.922,00000000a53ed894,10.78
15372,2019-08-04T12:41:33Z,87cbb5265cd1cc3213ddb5ed9ed2a599ddb7db0b0747121d649b0ae3,60.16544,24.95398,0000000038d83d41,18.79
15373,2019-08-04T12:41:33Z,8822ffe19dec49fe874ac377de5a0504e931e342ecc1f5b1fcb939e5,60.16897,24.95222,00000000aa852af1,23.56
15374,2019-08-04T12:41:33Z,885bcc6af7d0aa9718fe1030e32ffff1de5171ae5ef67cf0011874fb,60.14947,24.91438,000000004ef3150d,4.94
15375,2019-08-04T12:41:33Z,896f7e896dc6f1ea44b82bf968a988cc10c358ee34821d9d7a4bd07a,60.14947,24.91438,000000004ef3150d,7.69
15376,2019-08-04T12:41:33Z,8a08b2de43a9ef03cf96610718c908e69dcacc59f536a7135b7bb542,60.16629,24.95957,00000000fb7600be,9.12
15377,2019-08-04T12:41:33Z,8a9eedc7cf775ab4e9ad2e20bdcbcbe1635808b418eedcdcceda7834,60.16762,24.95415,000000006b44cce7,17.4
15378,2019-08-04T12:41:33Z,8b641985c793a3f25a45b2460cb01f5baa6f339c6dd26ba7752d8a7a,60.16897,24.95222,00000000aa852af1,6.46
15379,2019-08-04T12:41:33Z,8ba6cfc17ca70e8304994e018ebd5eb2003177062cde05925d5cacb3,60.173,24.92524,0000000096918cfa,17.4
15380,2019-08-04T12:41:33Z,8bbf5422247a0a6be314130d8fd9ae1814401b75acf3b3ce2da9620c,60.14699,24.922,00000000a53ed894,9.12
15381,2019-08-04T12:41:33Z,8d528b00553162a9dd47d2296d15b2fad89aad6a508424d4589618a1,60.14947,24.91438,000000004ef3150d,16.1
15382,2019-08-04T12:41:33Z,8d5672c651968bf1f466b44baefa37f9438850e96140d126f6a99baf,60.16897,24.95222,00000000aa852af1,12.69
15383,2019-08-04T12:41:33Z,8d73f674010f5cb02e8f20251ed86a9afcb7f6b3926039470296bd00,60.17065,24.93641,000000000f4919c9,21.87
15384,2019-08-04T12:41:33Z,8d8a869e83fe2ac29e791666634a33af3ea4048ea4e752b6fb1e238c,60.14947,24.91438,000000004ef3150d,4.5
15385,2019-08-04T12:41:33Z,90d2c337b3629bdc073dbbe6f0793b7bf6f65d63deb77bddf24052a8,60.16897,24.95222,00000000aa852af1,14.89
15386,2019-08-04T12:41:33Z,920dc90f60b295267f63efc8f968408087b71878dc3f49f0ded1c41e,60.17919,24.95181,000000007b5207b6,20.28
15387,2019-08-04T12:41:33Z,926717d61529080dfc4c7f8cdcdc82c6490d2a5129474524b8c40ea4,60.16829,24.94214,00000000afef4555,9.92
15388,2019-08-04T12:41:33Z,93b7794683a373ac7ce9476d49419c2ee26e67b474370e561be167b2,60.14699,24.922,00000000a53ed894,17.4
15389,2019-08-04T12:41:33Z,93e409819362e2429a43710ff4330bd3ed83011b73ae438dd7fb62d8,60.16762,24.95415,000000006b44cce7,6.46
15390,2019-08-04T12:41:33Z,958ab5fd2d2c7f0c3fe6dc14fe27005fcf35b013db75f708c22a3619,60.16762,24.95415,000000006b44cce7,16.1
15391,2019-08-04T12:41:33Z,9604244c18efd5978b809f021651f7743e0e64da38fcf3718f9b4f93,60.14699,24.922,00000000a53ed894,13.75
15392,2019-08-04T12:41:33Z,96b004e7ce8b4221af704fcf73c09daf78aed09c7ed5803c4bfa5bc1,60.14699,24.922,00000000a53ed894,21.87
15393,2019-08-04T12:41:33Z,97264f5808fa13851dacabf0c98525eec29849ff4b6a744cc777fd5b,60.16075,24.95883,00000000f1124bca,16.1
15394,2019-08-04T12:41:33Z,9862cafd709b75d07c83b397773e0cf33564666cb81814bdbf5e54f2,60.16897,24.95222,00000000aa852af1,16.1
15395,2019-08-04T12:41:33Z,9868033d7f0d18f01d12a4034f37bf5d6e51e5ed9124c68d4b8b8e6c,60.14947,24.91438,000000004ef3150d,13.75
15396,2019-08-04T12:41:33Z,98bb3b6f5e2403b14b8e01616c07b03bb1fd153ded656033d7bd3533,60.16075,24.95883,00000000f1124bca,13.75
15397,2019-08-04T12:41:33Z,992f6feda52c82ad67e40af55b5602bb22411020701998c6bd65faed,60.16762,24.95415,000000006b44cce7,9.92
15398,2019-08-04T12:41:33Z,99334da99912e6d4b516e02432e7f88db5a5b87f635722bc3a8b38a6,60.14699,24.922,00000000a53ed894,29.32
15399,2019-08-04T12:41:33Z,994b630283c750a0b697359e32c4bd06d5b4a32d2edb6c12cce42b32,60.16829,24.94214,00000000afef4555,20.28
15400,2019-08-04T12:41:33Z,9a9db814dfa74ca2c2d51496299715310e81c6e6525cc9d2cb0762eb,60.16897,24.95222,00000000aa852af1,17.4
15401,2019-08-04T12:41:33Z,9b03b610755f4cec2e9d83a9763204e758a075614b125210bc914df5,60.16075,24.95883,00000000f1124bca,33.81
15402,2019-08-04T12:41:33Z,9ba6f9fb8bb950d16224b4182d3c3d8349a0f50619be329c165417e0,60.14947,24.91438,000000004ef3150d,33.81
15403,2019-08-04T12:41:33Z,9bad872c31c8c5e53f064b5367350b41271d45ca8a9e508136622800,60.16897,24.95222,00000000aa852af1,12.69
15404,2019-08-04T12:41:33Z,9e3d4a4b1acd94d2896cd7cf56419110f06ea96faae37aadebd4ec77,60.14947,24.91438,000000004ef3150d,9.12
15405,2019-08-04T12:41:33Z,9fc52a61eabf679cf9cdee2c33023c321c69afc87ed71f5a6d6655b7,60.14699,24.922,00000000a53ed894,18.79
15406,2019-08-04T12:41:33Z,9ff13c715073d5ad9c464cb67b6de3f703435cf389c32cce5626dfe1,60.149,24.9843,00000000fffb8cf0,18.79
15407,2019-08-04T12:41:33Z,a22736c5d66f417bc6b745f51492549dc2e5a3c766f5e7e23f183b41,60.14947,24.91438,000000004ef3150d,7.05
15408,2019-08-04T12:41:33Z,a38a21a97a054541f0423f03758c70227116c05254958373e3e93ad0,60.14947,24.91438,000000004ef3150d,5.41
15409,2019-08-04T12:41:33Z,a3d228482bfdd3dbdfaee1ff72b6ac00c2ee8c05e949047ce9117783,60.14699,24.922,00000000a53ed894,10.78
15410,2019-08-04T12:41:33Z,a3fc6806299c898948a47e1ce578633fe0bf8e1786bf950c8fa66a45,60.16762,24.95415,000000006b44cce7,20.28
15411,2019-08-04T12:41:33Z,a422a30ec1eb058c7930e1352297c161639faa5b3ca5f5fa47c4adb3,60.14947,24.91438,000000004ef3150d,6.46
15412,2019-08-04T12:41:33Z,a47f8d59e11da7fa47e0cbe518b593e023018f122d5710ffbb775c0f,60.16829,24.94214,00000000afef4555,23.56
15413,2019-08-04T12:41:33Z,a6158fc663b4931ef4e811a4acf62ab2f658241775e200b14684f87d,60.16897,24.95222,00000000aa852af1,14.89
15414,2019-08-04T12:41:33Z,a6427dc4d8e46890c882bb4c8f9f8b923e8e30692db686527bbd7b92,60.16762,24.95415,000000006b44cce7,12.69
15415,2019-08-04T12:41:33Z,a66c6aaed06f5e4b2cde2b0e598cf422548fdbb7d08dfb741f857ec2,60.16762,24.95415,000000006b44cce7,20.28
15416,2019-08-04T12:41:33Z,a6f944078dd26796f5a849ccb6fdf8a4436f913cf3302597c846462d,60.16762,24.95415,000000006b44cce7,8.38
15417,2019-08-04T12:41:33Z,a7472d1b63171c047444981df223670390009e3ea502132d9963e9fb,60.14947,24.91438,000000004ef3150d,5.41
15418,2019-08-04T12:41:33Z,a76d219c3abcc4ec3a54dd834263f9a24972c71be4c7bbbfc663f22f,60.14699,24.922,00000000a53ed894,10.78
15419,2019-08-04T12:41:33Z,a794d97e26d3678bb11b4364880414bb7bfac4bb49d1867b37b489f7,60.14947,24.91438,000000004ef3150d,10.78
15420,2019-08-04T12:41:33Z,a8bd45406d5913e098652d4c2d836339758e08d21bf5d88becabdd36,60.14947,24.91438,000000004ef3150d,2.54
15421,2019-08-04T12:41:33Z,a8df2631c2442628608c1f0352c896eb532a6ca08c85de2c77360aa8,60.14947,24.91438,000000004ef3150d,7.69
15422,2019-08-04T12:41:33Z,a9383e1c3d9b3355965662ff18ad95dfb64daa5d8e71fc20e7e50df7,60.14699,24.922,00000000a53ed894,8.38
15423,2019-08-04T12:41:33Z,a9dfc9065260957b1eb8dc3b11b793f73f7940fa5cb61acb16a260e2,60.16897,24.95222,00000000aa852af1,16.1
15424,2019-08-04T12:41:33Z,aa076c3f0d09145aebbb750dde9849ba4eb6759e92ba5753280184d6,60.16762,24.95415,000000006b44cce7,14.89
15425,2019-08-04T12:41:33Z,aa6d51fc5411b69567cb854360c4a81267eac19446946eb27618306a,60.14699,24.922,00000000a53ed894,18.79
15426,2019-08-04T12:41:33Z,ac93ac0788af8e1b0f20fada4f15ca1ad31f4084b133482d8211571d,60.14699,24.922,00000000a53ed894,11.7
15427,2019-08-04T12:41:33Z,ad8af809ed47a3391bb53d11da159b3a8b0ddc264d94c049ce72bda0,60.17065,24.93641,000000000f4919c9,0.34
15428,2019-08-04T12:41:33Z,ae828cc3f1fa739d818186776cff673c88a05d0f3dedfb4a765a54fd,60.16829,24.94214,00000000afef4555,17.4
15429,2019-08-04T12:41:33Z,ae87b8dd8920695bc9e599874667205991c04e30666d8523f0be4350,60.14947,24.91438,000000004ef3150d,14.89
15430,2019-08-04T12:41:33Z,aebba42e4dd1ce769871996739978c7f80bb88994a3616c908b2cd1a,60.173,24.92524,0000000096918cfa,17.4
15431,2019-08-04T12:41:33Z,aec4b11f0b1ec075878ca4a3b94da464f6fc96e330b913d5bfd346b0,60.16897,24.95222,00000000aa852af1,16.1
15432,2019-08-04T12:41:33Z,aefdb2741d688503f8a51d5af7b715c1270e21331d0aa56b07ea3c23,60.149,24.9843,00000000fffb8cf0,27.28
15433,2019-08-04T12:41:33Z,af64ca430076b1e91eeb89134e0e026479928845cbe1943bc56104c2,60.14947,24.91438,000000004ef3150d,16.1
15434,2019-08-04T12:41:33Z,af8d59ebae9a22f7ba004eab4dcac2f4560a935bf6a7f9e2ffc0d0af,60.14947,24.91438,000000004ef3150d,25.36
15435,2019-08-04T12:41:33Z,b0a20a40885487350aaf5c8f46dab27d4d7e1d5c24fefec54c0c62d4,60.16829,24.94214,00000000afef4555,10.78
15436,2019-08-04T12:41:33Z,b12b27061f30d5659794f14cbed5e4726c5af1ef526611d3b2dded29,60.14947,24.91438,000000004ef3150d,14.89
15437,2019-08-04T12:41:33Z,b26a9be85f5fd17ea58397762fa55db3c8f68fb709d586d61527c892,60.16829,24.94214,00000000afef4555,5.41
15438,2019-08-04T12:41:33Z,b3d99c04e3db6b698e6e54f19434461336954d0c15385bff6e557be8,60.173,24.92524,0000000096918cfa,27.28
15439,2019-08-04T12:41:33Z,b3e9da5a37ed8ed450753cb7443e607ed1de2af685bad5be61b3e91c,60.16075,24.95883,00000000f1124bca,20.28
15440,2019-08-04T12:41:33Z,b41cc64d7ab4e16a03573bdc3b5863c4b402ec66c7780c7900c02877,60.16829,24.94214,00000000afef4555,11.7
15441,2019-08-04T12:41:33Z,b523d3f8341906e4b3877ff7d9614b4e10d6bbf10afdcc6c53656c8f,60.17065,24.93641,000000000f4919c9,18.79
15442,2019-08-04T12:41:33Z,b82ba472f0cb919b39c31b9c737f1608f6a31ffa63352768f9fa12ea,60.16829,24.94214,00000000afef4555,21.87
15443,2019-08-04T12:41:33Z,b92c7fb1d77c3f326d59dbe2689bb5b8ff10fcd691f28b36aa98408c,60.17002,24.94407,000000006b087f40,21.87
15444,2019-08-04T12:41:33Z,bb0193f2b0ac4801fe82ed5cec75e687465d707d92e731047f81650f,60.1538,24.95595,0000000038bf9618,3.09
15445,2019-08-04T12:41:33Z,bbe1e18f88cf88928067a0221965768c1f2ae264291cea564d7eb7e8,60.16897,24.95222,00000000aa852af1,16.1
15446,2019-08-04T12:41:33Z,bbe7947ea50de5986f237ccab5782ddb55c199ad6a81e8f692670d0c,60.16829,24.94214,00000000afef4555,7.69
15447,2019-08-04T12:41:33Z,bbeaad18acdd3a2602aa5b07ab6ae8df489cb499c4490b3e6f561a5e,60.16544,24.95398,0000000038d83d41,27.28
15448,2019-08-04T12:41:33Z,bbf8cd606b9732370f1c0ae0e68d6d0663a23102d831dd10c0e74819,60.16897,24.95222,00000000aa852af1,21.87
15449,2019-08-04T12:41:33Z,bc07df8cc395f6f4f5d483b2233caca5f93a6918f346e4cc3702f8cc,60.16531,24.9442,00000000fdda10fe,12.69
15450,2019-08-04T12:41:33Z,bc3861c61a46fbf78a7423712f1a528cf9f8332531271933056c233f,60.16829,24.94214,00000000afef4555,1.54
15451,2019-08-04T12:41:33Z,bcf688ec2e666179e52a495a8304dd7aaaf4acad52788a0929b287a2,60.14699,24.922,00000000a53ed894,23.56
15452,2019-08-04T12:41:33Z,bd4ec71179e7755567e37eb54b845b317af028a4effe45dcaeae19bc,60.14699,24.922,00000000a53ed894,13.75
15453,2019-08-04T12:41:33Z,bddca8fc17056f9f207a259070e281eedf4cea3e8e22093b88bbd7b5,60.14699,24.922,00000000a53ed894,9.12
15454,2019-08-04T12:41:33Z,bebf1edb9736fe66391376c4cf2a3033ab9fa83ae21f86b66392e2d0,60.16762,24.95415,000000006b44cce7,9.92
15455,2019-08-04T12:41:33Z,bf2e5725b255e320f1e8375ec03f55194f1fd9f751be9629d873a5c8,60.14699,24.922,00000000a53ed894,3.4
15456,2019-08-04T12:41:33Z,c0722f63618f97eb8ec4afac1a8538b81a3c87e623d753ad1201bf7c,60.16075,24.95883,00000000f1124bca,4.5
15457,2019-08-04T12:41:33Z,c1e4323d2276cb6e358f5fabb123294e7a0ef87e7169f3cccc8f2e03,60.16075,24.95883,00000000f1124bca,18.79
15458,2019-08-04T12:41:33Z,c22d0093a8d103f59838ad43218fa834e328847e5094bcb2e98d5307,60.16829,24.94214,00000000afef4555,9.12
15459,2019-08-04T12:41:33Z,c261834e6d2c1bd9adddb82d8c6ce2d8aad82a89e32da62f3fcc6063,60.16075,24.95883,00000000f1124bca,13.75
15460,2019-08-04T12:41:33Z,c36d58ed0e0dddb3e26be1214e369db1c3fa3d4bcf8b53536a25239b,60.17065,24.93641,000000000f4919c9,3.74
15461,2019-08-04T12:41:33Z,c3be6dcc2c0542676c20d28ce38adbe2c0b9be09caa3f22e60210636,60.16075,24.95883,00000000f1124bca,3.09
15462,2019-08-04T12:41:33Z,c493415e869d6e6304841784a120f994272b83557256b43e44e4f3e0,60.14699,24.922,00000000a53ed894,17.4
15463,2019-08-04T12:41:33Z,c633a260ce59bad4e1ca42f12936ed8ae57a40f5e6528dfb70052c43,60.16897,24.95222,00000000aa852af1,9.12
15464,2019-08-04T12:41:33Z,c905a50dedd9b3d2114cde9160b7adf83adc09683b65598ce24c4047,60.1538,24.95595,0000000038bf9618,23.56
15465,2019-08-04T12:41:33Z,cad80f69731ad65f7f14bf400d674e0c42de462bd42db112c9d9f261,60.16075,24.95883,00000000f1124bca,10.78
15466,2019-08-04T12:41:33Z,cb3f05d5604f5532e039e6d40514b13aba8f6274d952bb17a8b801fc,60.15432,24.9211,0000000019fb59c4,21.87
15467,2019-08-04T12:41:33Z,cbc336691f17a9c508549e03d522166247a0cd0a944321c1a7d15525,60.14699,24.922,00000000a53ed894,9.92
15468,2019-08-04T12:41:33Z,cc2cf42c6b14536fb92c810ff0e3dd5a3caa74236f14246a5b6e8cdc,60.16762,24.95415,000000006b44cce7,5.91
15469,2019-08-04T12:41:33Z,cce6b6f309e43e2bb1be6a9784582a82891e976d0869d01040586d27,60.14947,24.91438,000000004ef3150d,4.5
15470,2019-08-04T12:41:33Z,cd3e127e27387b6e06cdf27f46fb6046e4182e4d7b49b49c17167c1c,60.14947,24.91438,000000004ef3150d,17.4
15471,2019-08-04T12:41:33Z,cd4ecd3b83630f6e5d65f635804e47a1ceb82853aac36af30044f06a,60.149,24.9843,00000000fffb8cf0,10.78
15472,2019-08-04T12:41:33Z,cd62fc5a92bd89f24a6e3d736d5511bf872859d762723b92f2092abc,60.16829,24.94214,00000000afef4555,17.4
15473,2019-08-04T12:41:33Z,cd93ba6049a24990376069c22e8ffe887f6c95af9d4bf16f8c65e949,60.16544,24.95398,0000000038d83d41,17.4
15474,2019-08-04T12:41:33Z,cd9b2be9ffb37c8b7c5c25f587c95b1c7932a21fb245487ea2f740d9,60.14699,24.922,00000000a53ed894,10.78
15475,2019-08-04T12:41:33Z,ceb777dafa9b7e39125b89735b7f0cf22c3018eb0196043ac8160370,60.14699,24.922,00000000a53ed894,13.75
15476,2019-08-04T12:41:33Z,cec994f57adea844759ff0f233c3d3e0f92f403bc955c41ab4f67224,60.16829,24.94214,00000000afef4555,23.56
15477,2019-08-04T12:41:33Z,cef1d06a10cfa08bcaef8b36535c2ec32c756a76cc0d5c2a1246f933,60.14699,24.922,00000000a53ed894,4.11
15478,2019-08-04T12:41:33Z,cf348d1ad8b56dd43f377926c2a3f3a9436d35fc378964335639effa,60.16829,24.94214,00000000afef4555,23.56
15479,2019-08-04T12:41:33Z,cfa42322be0000cf89d8969d1b88ace0ba99cab721dd58d55d41a36e,60.17065,24.93641,000000000f4919c9,14.89
15480,2019-08-04T12:41:33Z,d0413da80c7714f40ffe50dcfb00039280c64ecebc61c59df72965e6,60.149,24.9843,00000000fffb8cf0,13.75
15481,2019-08-04T12:41:33Z,d098b9b5b30c5fcd4ae8a2b8bc761df72829713d3ae919634876d349,60.14699,24.922,00000000a53ed894,11.7
15482,2019-08-04T12:41:33Z,d0cab2a2660dcc5cb99a9bdf39d2e6b31b7498985db1b50e48cb478d,60.18203,24.91341,00000000342570c2,20.28
15483,2019-08-04T12:41:33Z,d1e3b42846da964eb43395a0c02d5cccd930d1a09090f9d668f1ebd9,60.16829,24.94214,00000000afef4555,11.7
15484,2019-08-04T12:41:33Z,d295fce65c7332728ab79761524c814f41bd0cefa3ad9ef62ac18993,60.14951,24.92138,0000000006dd41f6,21.87
15485,2019-08-04T12:41:33Z,d388a2c86cc65945e59a07273222ff57fc3585d4756b5c498dd443ac,60.16897,24.95222,00000000aa852af1,16.1
15486,2019-08-04T12:41:33Z,d38e88e5b926f9d1de6e326cca45116fcca11f10684c80876739c6cd,60.16075,24.95883,00000000f1124bca,4.94
15487,2019-08-04T12:41:33Z,d3c0cff604283ea6adeabb4f867f3fcaf8ee41fd27fc600d33c4d70d,60.16075,24.95883,00000000f1124bca,20.28
15488,2019-08-04T12:41:33Z,d5690433f1f0d0855704a06520cd197dac8c6c1293aa376af6854128,60.16897,24.95222,00000000aa852af1,18.79
15489,2019-08-04T12:41:33Z,d75c412090c347ad7fca9287bcc4eb9bfb757dc7c1725109861dd93e,60.16629,24.95957,00000000fb7600be,16.1
15490,2019-08-04T12:41:33Z,d87210146aab139cc6640a20b428dce6ac516806a71a177b70e04f62,60.17065,24.93641,000000000f4919c9,9.92
15491,2019-08-04T12:41:33Z,d8983a8fe916583702bb776d3d8d3cbbe9e78778fd44d07c52ad1f2d,60.14699,24.922,00000000a53ed894,14.89
15492,2019-08-04T12:41:33Z,d9e1972e6cb517827f9c355e591924449d0bbdc9bb0f5bc1f8d4f29a,60.16629,24.95957,00000000fb7600be,25.36
15493,2019-08-04T12:41:33Z,da0c40291d3ace2273a08e3c9b87cbc15b0f03d0dba61e7c5a88dc0c,60.15432,24.9211,0000000019fb59c4,29.32
15494,2019-08-04T12:41:33Z,da667dfa2d8a272a7398e186de027fabd2052052c0aad767a1c7d966,60.16897,24.95222,00000000aa852af1,18.79
15495,2019-08-04T12:41:33Z,daac051ca20430238282e179e0fe525b11ff1e8f1ace26d45b41f331,60.14947,24.91438,000000004ef3150d,11.7
15496,2019-08-04T12:41:33Z,dcec4c4fb70c5f7dd0f408b6499f8c5ab0c2e9ff2b6d0fb082eba391,60.16075,24.95883,00000000f1124bca,21.87
15497,2019-08-04T12:41:33Z,ddc8410b9e4ece4b995b789f95e526693bac176ed77092ba57355dc8,60.16762,24.95415,000000006b44cce7,1.88
15498,2019-08-04T12:41:33Z,ddd849ee86afceedd5f5582ede84380d5596c9ea304d634ab0fd0de0,60.16829,24.94214,00000000afef4555,12.69
15499,2019-08-04T12:41:33Z,de09fd8d15c3d7adbf440a3d0a418a3b476513c968bda8a4aa652adf,60.173,24.92524,0000000096918cfa,23.56
15500,2019-08-04T12:41:33Z,de0d086ae32f87522eab31d3bc52545ed17b065889674963c0709568,60.16829,24.94214,00000000afef4555,11.7
15501,2019-08-04T12:41:33Z,de3fe5f63e74a582e06c8cb02e6128d6013827015ba3e2fe93082977,60.17002,24.94407,000000006b087f40,13.75
15502,2019-08-04T12:41:33Z,de84f754a3916c8f831b0bb8ea41fc2a42cdea2794558fece3c7ae97,60.1538,24.95595,0000000038bf9618,20.28
15503,2019-08-04T12:41:33Z,df0e8ff4d2b113239e66c4c62bfa198af147b596a2f83309d01d3b3b,60.16762,24.95415,000000006b44cce7,3.74
15504,2019-08-04T12:41:33Z,e02c0f9f72e9f248a4b5df8af328e1a0132d4d8a72c1e603d14cdacd,60.18203,24.91341,00000000342570c2,20.28
15505,2019-08-04T12:41:33Z,e0df847c19b463dec6cea35494d375ce136a276c6a785936c931f60f,60.18203,24.91341,00000000342570c2,33.81
15506,2019-08-04T12:41:33Z,e0ff1e75104c5dfa3549647c238569888e353e1322256a5c6979de0b,60.14699,24.922,00000000a53ed894,12.69
15507,2019-08-04T12:41:33Z,e23a6115ba872037f9b5066c9c9c966b497f449e32a2c9ceb0e55497,60.16829,24.94214,00000000afef4555,7.69
15508,2019-08-04T12:41:33Z,e341e5e3e0b4fef8c3764508293310da5922b202d791694e43069ad1,60.16544,24.95398,0000000038d83d41,20.28
15509,2019-08-04T12:41:33Z,e34bcebfa007159f3d2adb0e62e20fcf721a221f52bdfe2a6ad77831,60.18203,24.91341,00000000342570c2,17.4
15510,2019-08-04T12:41:33Z,e35717ff07f32be5a2e1520f1855533f8dcc72cff7930c9cba9da32b,60.14947,24.91438,000000004ef3150d,13.75
15511,2019-08-04T12:41:33Z,e3c03ee00a1bcd066f8b260cc5b9824d1118b7b7f972a818752aabc7,60.14947,24.91438,000000004ef3150d,21.87
15512,2019-08-04T12:41:33Z,e40a26f3f7468f4ac2302b45f1ed9aab7fea245ccf81d0c08072c881,60.16829,24.94214,00000000afef4555,12.69
15513,2019-08-04T12:41:33Z,e447e76c7b53157c11d5bfeb172c27332c81b5ec7f263badf5507888,60.149,24.9843,00000000fffb8cf0,13.75
15514,2019-08-04T12:41:33Z,e4b111abda6e15229c808fb72d5c0c38e2cf3abdbbb62fff5ae48e42,60.16762,24.95415,000000006b44cce7,16.1
15515,2019-08-04T12:41:33Z,e621e7131322cca25ac9c09fde26ef4c94d2ba83c5679134b2bcf63d,60.16762,24.95415,000000006b44cce7,10.78
15516,2019-08-04T12:41:33Z,e65f7c68ce6502de36e4f47d0646a91a76d6c8cf8b5ffd26a3df8f4b,60.149,24.9843,00000000fffb8cf0,33.81
15517,2019-08-04T12:41:33Z,e6f4e3d1f5e01888556b077224cb4d8f88d63306fff2388e3fd997d0,60.14951,24.92138,0000000006dd41f6,21.87
15518,2019-08-04T12:41:33Z,e6f7965f2ef456f61121bcce5e466f125192e511c2af72d901307e8e,60.16762,24.95415,000000006b44cce7,12.69
15519,2019-08-04T12:41:33Z,e9115410fa45db5a174eee008cae729dc69937a0e0b5a304899bf1b9,60.17065,24.93641,000000000f4919c9,21.87
15520,2019-08-04T12:41:33Z,e92eb020afcd7c1fad04690230ff8c2f005e404dd25b8dced1df30dd,60.16075,24.95883,00000000f1124bca,9.92
15521,2019-08-04T12:41:33Z,e95415d461b040c869512659bcc843eedf3267c4b029a0b3fab444aa,60.16829,24.94214,00000000afef4555,44.58
15522,2019-08-04T12:41:33Z,e9e19621fc5cfcfed2c808bbadc6cc6dd31e28d3c04cef8b89ca2729,60.16075,24.95883,00000000f1124bca,9.12
15523,2019-08-04T12:41:33Z,ea157e44ed100be3f782d8b3d8e5e0986079c588c9ea754b14917df0,60.16829,24.94214,00000000afef4555,1.12
15524,2019-08-04T12:41:33Z,eac6fda3a18aa9ce55b6359f5c62a044e0bcd6bc3576c8cd815acf07,60.14699,24.922,00000000a53ed894,10.78
15525,2019-08-04T12:41:33Z,eb6541383f8b12fc5476e5e2bc406933edfd211f49a1bbb93f323fa0,60.14699,24.922,00000000a53ed894,23.56
15526,2019-08-04T12:41:33Z,ec350e26364cb676c4cdb72647f039c31e27c775e7bb8973223e5d9b,60.14947,24.91438,000000004ef3150d,17.4
15527,2019-08-04T12:41:33Z,ec424a10bcefb6e69c2eabf42534f06e7a10aa0cfb28f6478052cade,60.14699,24.922,00000000a53ed894,20.28
15528,2019-08-04T12:41:33Z,eed1c3b93e33ab3a4802db427c8c197c0fbad358e039b6ea8c8af07b,60.18203,24.91341,00000000342570c2,27.28
15529,2019-08-04T12:41:33Z,ef352dcaa8317b6a3c0a02cd8908dd13da5601cc66ba65c5fd8d031a,60.14947,24.91438,000000004ef3150d,3.74
15530,2019-08-04T12:41:33Z,efb34de795db6f264e3952a38caeeb1f9639190c609e5af11b12cf58,60.15133,24.92329,00000000e8a064a4,36.27
15531,2019-08-04T12:41:33Z,efe8b6c6fdf0d2caccd589aaaa4f0228a80590ff9ec7961f2e92103d,60.16762,24.95415,000000006b44cce7,5.41
15532,2019-08-04T12:41:33Z,f00fb569fe1448dccb8e92e24b081a3164b59eb117131800780c70a9,60.14699,24.922,00000000a53ed894,16.1
15533,2019-08-04T12:41:33Z,f04b198f2f3331022f4a89ef2c2d12283e9c1c03a6c64a1dcb6e76cc,60.173,24.92524,0000000096918cfa,25.36
15534,2019-08-04T12:41:33Z,f062cb52d49926a4fb39f723275ed60ab6c0f3bf34e0c3f9d233b7b8,60.14947,24.91438,000000004ef3150d,9.12
15535,2019-08-04T12:41:33Z,f15b72a3aad411d2f8a70b41c4f62ad2d744d064d42ec00c71a18ac5,60.16762,24.95415,000000006b44cce7,6.46
15536,2019-08-04T12:41:33Z,f1845e00642980be3cdc27a088c619bb0616b86f7cfa0b8909efac80,60.16544,24.95398,0000000038d83d41,27.28
15537,2019-08-04T12:41:33Z,f20f951802c722181f0e90095001c49e73f84049bb105b95c97049d1,60.17918,24.95141,00000000675d5200,25.36
15538,2019-08-04T12:41:33Z,f2759841619517bff6a58510ebb0ddbc9378cd300d99652f9b14f90d,60.16531,24.9442,00000000fdda10fe,23.56
15539,2019-08-04T12:41:33Z,f2e063c8c25a8bec0dd6ec3924a5f59fd9694078f2f3fd5b3ea96f29,60.16762,24.95415,000000006b44cce7,16.1
15540,2019-08-04T12:41:33Z,f39827c3c7f4c833d1118043492f78e3255b6da9f4a2c000041d9b61,60.16829,24.94214,00000000afef4555,0.59
15541,2019-08-04T12:41:33Z,f3ec2366b51157150674e5ab6293bdb19e0b30ca4296fee4c97b811c,60.14699,24.922,00000000a53ed894,7.69
15542,2019-08-04T12:41:33Z,f5f7cfe177dfb0b7ebba2419ae53f70b6b5690dd98d98586004a9107,60.149,24.9843,00000000fffb8cf0,23.56
15543,2019-08-04T12:41:33Z,f6a88c4482d078d6a1d51eabc04916c6f7566cff4a16fd55f3abdef0,60.16531,24.9442,00000000fdda10fe,44.58
15544,2019-08-04T12:41:33Z,f796c9efc581b25280d4b416f8ba3aecca6ddf083e7bdad05f6e595e,60.14699,24.922,00000000a53ed894,11.7
15545,2019-08-04T12:41:33Z,f7f0caf73572bea3c08b592eeb9655b2668cfb16fd8840ca5619d84a,60.14699,24.922,00000000a53ed894,5.41
15546,2019-08-04T12:41:33Z,f81439a39740937c6cba523d5ebca87b52d69ff29fb449cf42ade4d6,60.14699,24.922,00000000a53ed894,9.92
15547,2019-08-04T12:41:33Z,f84faae0aa9ce2d1d09d270282dd81033ad1352346128534d8c3fc7f,60.149,24.9843,00000000fffb8cf0,29.32
15548,2019-08-04T12:41:33Z,f9a7057352731d27889cbd388be5902a6e62b297a3467232e8e47094,60.16762,24.95415,000000006b44cce7,9.12
15549,2019-08-04T12:41:33Z,fa96854324adae88abb35afa34b2393a20338bfd8fc9602d3ce6ae8d,60.14947,24.91438,000000004ef3150d,5.41
15550,2019-08-04T12:41:33Z,fadc39da3cd26ac621092fbbff224b95bb13446c8d24bbf4f3e50e90,60.14947,24.91438,000000004ef3150d,10.78
15551,2019-08-04T12:41:33Z,fc618d570293e104f3bf927312641e3b7c65acce185b1614337d848c,60.16829,24.94214,00000000afef4555,25.36
15552,2019-08-04T12:41:33Z,fca3daa86786d92fe75c43051a906ab67c8b95c774a1227b3c45ce10,60.18203,24.91341,00000000342570c2,20.28
15553,2019-08-04T12:41:33Z,fce50ac3cfd2f3b7a897f6575eeda4e45ab42e5b9b5351be836cc0de,60.16897,24.95222,00000000aa852af1,21.87
15554,2019-08-04T12:41:33Z,fd77161cf9715d9d0f922cf45e79e5d9b9debef5113cb32a4f82ef76,60.16762,24.95415,000000006b44cce7,4.11
15555,2019-08-04T12:41:33Z,fe5ca86c906b1cb3bf9dd257ceefc562e41da499878f1074484f7d42,60.14947,24.91438,000000004ef3150d,12.69
15556,2019-08-04T12:41:33Z,ff8280896145ae17e594c52eac2cdbab47d3757d797878fbc4298596,60.1538,24.95595,0000000038bf9618,20.28
15557,2019-08-04T12:41:34Z,07d86ad98399440d0cc3bd3382a7256feb971e49a3686dc17f532e1c,60.16829,24.94214,00000000afef4555,13.75
15558,2019-08-04T12:41:34Z,14c7e1511b70f4dd3359cbece1377aebb4d70531f5489eefe53d7c3c,60.16544,24.95398,0000000038d83d41,21.87
15559,2019-08-04T12:41:34Z,1599d2c9070a6f05e1a5887c2d9209214c04818c6203fe75440734f2,60.1538,24.95595,0000000038bf9618,23.56
15560,2019-08-04T12:41:34Z,165ebbb4090d47319ae370f0d0854fdc1f6b79499f8b2e4d3c3533c0,60.16544,24.95398,0000000038d83d41,21.87
15561,2019-08-04T12:41:34Z,16c994bb2e24124a910c247376d16e980a65626a94c4c0aaab27df60,60.16829,24.94214,00000000afef4555,31.5
15562,2019-08-04T12:41:34Z,211f6b7b044343d0be369791b3fa3c144d0d0f391e2a42787712efb0,60.16448,24.97323,0000000053c6c2be,13.75
15563,2019-08-04T12:41:34Z,21d09757012e8f7297d1de922f681bcc36581a3d7be770b42b3780a0,60.15432,24.9211,0000000019fb59c4,13.75
15564,2019-08-04T12:41:34Z,25a7ff811c3c06e426c7c2cbb0433d9a2a3399b23afecbd35584ab0f,60.18203,24.91341,00000000342570c2,10.78
15565,2019-08-04T12:41:34Z,2603b5aecd8f219a410e558446935308ecabb09a6c9e5b38533728ff,60.16829,24.94214,00000000afef4555,18.79
15566,2019-08-04T12:41:34Z,2d3d031189abfaea69cd551a97b2b2d056a908f19bc56701010a2304,60.16897,24.95222,00000000aa852af1,14.89
15567,2019-08-04T12:41:34Z,315af4a829b592ba99b203b8ed2cbd499769f8752dfe6de7da4ee929,60.16829,24.94214,00000000afef4555,21.87
15568,2019-08-04T12:41:34Z,35568b1e0d67c5d7b6b15bb08540a1aafe24817a9bc06673b97e85c9,60.14947,24.91438,000000004ef3150d,21.87
15569,2019-08-04T12:41:34Z,3944bc7a301be7241d1f7bc4a97f221000d535ce3d8a9af9af9b23b5,60.16531,24.9442,00000000fdda10fe,33.81
15570,2019-08-04T12:41:34Z,3b5cafe90982db26cf737b2e4cd4275276f6a031bca3b2a1f73023b2,60.14699,24.922,00000000a53ed894,11.7
15571,2019-08-04T12:41:34Z,4317f5904a5e6ae921bf743dd534c803083fd90b15a1245881beeade,60.16897,24.95222,00000000aa852af1,27.28
15572,2019-08-04T12:41:34Z,43b676ed3aef4c2d8846694817e76117873be52e7f788e0cb366c1c4,60.16629,24.95957,00000000fb7600be,25.36
15573,2019-08-04T12:41:34Z,44d0b94469070803869f229601e877beb613c3f5aafa009addf97a1a,60.16544,24.95398,0000000038d83d41,13.75
15574,2019-08-04T12:41:34Z,4656bad9b5e6dfc3977eca308fc1db3dbf8b0204b90d09b001da242e,60.1638,24.96846,00000000d747f075,29.32
15575,2019-08-04T12:41:34Z,55263bbc600bdb3f17f60748d1df6a8056379acdfca074e2b85e1314,60.16829,24.94214,00000000afef4555,25.36
15576,2019-08-04T12:41:34Z,5d65719c4cbf045f068d084b72302f447d5fd034413d97d13be00d0e,60.18203,24.91341,00000000342570c2,23.56
15577,2019-08-04T12:41:34Z,5eed115a984d490b02b602d73787aee8dc8c4e9365b77fbff3818a76,60.16629,24.95957,00000000fb7600be,20.28
15578,2019-08-04T12:41:34Z,5fecff186138a9b3e31c6086c33dcd5f1d209e64f0afeed7c688cab0,60.16897,24.95222,00000000aa852af1,18.79
15579,2019-08-04T12:41:34Z,653a92a7828f2c43bc74899753f872e8b93c30b6fb419b651a94bbc1,60.16897,24.95222,00000000aa852af1,20.28
15580,2019-08-04T12:41:34Z,66dabd3229229330d23c70e9e1737429ddfe69db01f4a6a00f70fa20,60.16762,24.95415,000000006b44cce7,20.28
15581,2019-08-04T12:41:34Z,69219e9efa41ae9e732653e9eaf08e1a34cb853a9dafe76ddeea4d04,60.16897,24.95222,00000000aa852af1,17.4
15582,2019-08-04T12:41:34Z,6a70e2fbced719333e21eff04fcb9cb36bae9a04d1a3d6ddd96f2c58,60.15432,24.9211,0000000019fb59c4,7.05
15583,2019-08-04T12:41:34Z,6c8861f56a280e7752e10439271a2498527c69b0796f58de4afc6008,60.16075,24.95883,00000000f1124bca,12.69
15584,2019-08-04T12:41:34Z,70d8572458a1a103555bab897b6443e601e0ed211414b15ad0b56f60,60.16544,24.95398,0000000038d83d41,23.56
15585,2019-08-04T12:41:34Z,737efc92e3419e9d96a8559ec341ea7e18ba6381fd8e4de3d06f82a0,60.14699,24.922,00000000a53ed894,25.36
15586,2019-08-04T12:41:34Z,7678cdb86d454ca9ae52f22d97e635106585a3a046d01da4463695cc,60.18203,24.91341,00000000342570c2,17.4
15587,2019-08-04T12:41:34Z,79f136afa0dd8717337c01c70b457c464aaf0fa25b440f51a394ec23,60.16762,24.95415,000000006b44cce7,16.1
15588,2019-08-04T12:41:34Z,85ef35aecf2ff804be3d958b592705ec41c6df9c128c132c65bb283d,60.16897,24.95222,00000000aa852af1,23.56
15589,2019-08-04T12:41:34Z,87dfaad29a9276ddddb1fa021d3bc23ad14824c1af16f7d87e713689,60.14951,24.92138,0000000006dd41f6,12.69
15590,2019-08-04T12:41:34Z,88808fe92573e9cdf022cc15b9689b6b4b9429f60513c8897b0ba4c7,60.16897,24.95222,00000000aa852af1,16.1
15591,2019-08-04T12:41:34Z,89982a6acf91b79a282a6b63978e946ee205f303fcd20e944e06baf0,60.16544,24.95398,0000000038d83d41,23.56
15592,2019-08-04T12:41:34Z,8c3b1ed0846e38cc84b863a80540c8a75bfd85c8bdda36563d153110,60.16544,24.95398,0000000038d83d41,25.36
15593,2019-08-04T12:41:34Z,94c5a69a5ae6e9407c3fa9a6919d99beb3558dd4e6750eb480ddc36f,60.16829,24.94214,00000000afef4555,25.36
15594,2019-08-04T12:41:34Z,9843c6216661048343a0e49cf3d8aa2883cf77f452666a1c873a1052,60.16448,24.97323,0000000053c6c2be,12.69
15595,2019-08-04T12:41:34Z,9fc0711d7e7722eff7faa0cb6f17846680c06515c1eb93dd49ebcf25,60.14699,24.922,00000000a53ed894,12.69
15596,2019-08-04T12:41:34Z,a23b63dc2df72ba829ea2eabba05dafe724027d59a8f6babf791c1b8,60.16075,24.95883,00000000f1124bca,18.79
15597,2019-08-04T12:41:34Z,a8f8130135c784b027355228017bbfe99e5a6eecec153d44b78bedd3,60.16829,24.94214,00000000afef4555,16.1
15598,2019-08-04T12:41:34Z,af807b67ce09a2ce1744025c421961213f1608ca658ece4df69555a1,60.16762,24.95415,000000006b44cce7,14.89
15599,2019-08-04T12:41:34Z,b5fd6b317890e5ab2d79e2cd1abe61626d45a753c7337d0d40728898,60.16762,24.95415,000000006b44cce7,16.1
15600,2019-08-04T12:41:34Z,bb98768dad0f7c52cf643f035a3e7e48f5cfe28557c66f2a75914b31,60.14699,24.922,00000000a53ed894,12.69
15601,2019-08-04T12:41:34Z,bcb0201b0a1edf350ae2f681076e7d2d48ebd94c075bd3ca59552020,60.16897,24.95222,00000000aa852af1,18.79
15602,2019-08-04T12:41:34Z,bedde70080278440cf33f510482f5dbd45ad8321fdcb248b929437f7,60.16762,24.95415,000000006b44cce7,11.7
15603,2019-08-04T12:41:34Z,c0cdd4e99cf9447e490b5cbd5e7513df9acfcbabb8bd5117c4731512,60.16075,24.95883,00000000f1124bca,14.89
15604,2019-08-04T12:41:34Z,c97eb4181394121907d47b908495f54e5ee5145ff790f7a1dc21b3cf,60.16897,24.95222,00000000aa852af1,12.69
15605,2019-08-04T12:41:34Z,ca6927628f5ddda20036865c9345ad93d476d62ade3b181de568eed6,60.16897,24.95222,00000000aa852af1,16.1
15606,2019-08-04T12:41:34Z,cf05623e4d87ce0906c0b0b7dbf53aacc1228016cd27c341228b6e76,60.18203,24.91341,00000000342570c2,18.79
15607,2019-08-04T12:41:34Z,cfc0bedb78ded52749db3188cb188bf6a250ef5990da9c5afa9623fc,60.14951,24.92138,0000000006dd41f6,20.28
15608,2019-08-04T12:41:34Z,d661caec7a5da6aef734734bbf9090debe494c1afd98050f88f269bd,60.16829,24.94214,00000000afef4555,18.79
15609,2019-08-04T12:41:34Z,ded49640b591e73bff71f84fb99d2739eb6c9554164a015017725e03,60.16829,24.94214,00000000afef4555,18.79
15610,2019-08-04T12:41:34Z,e8e366e76c97944e23c0f80b4fd3ce6e5832744922297146a49f0c7e,60.16762,24.95415,000000006b44cce7,12.69
15611,2019-08-04T12:41:34Z,e96bd269a48b822b06141c3362fcb6d5ed4d0d09a120f2e4a712d5c2,60.16897,24.95222,00000000aa852af1,12.69
15612,2019-08-04T12:41:34Z,f088630d7476dae7d4b7e2bb1f10575f2c89acb4b6e061f3d57c2b40,60.16531,24.9442,00000000fdda10fe,29.32
15613,2019-08-04T12:41:34Z,f405a7c4a3a4339f8e3f7e552f6492d6eed76f7d08c54943286213de,60.16762,24.95415,000000006b44cce7,11.7
15614,2019-08-04T12:41:34Z,f6609ab1076b1105bb845595a03b41b8fbb282f79c337df5bbc9f841,60.14699,24.922,00000000a53ed894,12.69
15615,2019-08-04T12:41:34Z,f94dddacf96965952551200a02b41925bcd21402aceafb12f19931af,60.16075,24.95883,00000000f1124bca,7.69
15616,2019-08-04T12:41:34Z,fc4f3a44235f1cfc7b53f14ba2da599976a5a0a220d23b852688e485,60.17919,24.95181,000000007b5207b6,21.87
15617,2019-08-04T12:41:34Z,009ad4cd2bd97e04da44cc9789e6bdbdb899eded61d05b7d5634b7be,60.16829,24.94214,00000000afef4555,7.69
15618,2019-08-04T12:41:34Z,00a07b1f8113691d8475c54082a14cdd54decf9845a90e75df8031a6,60.17065,24.93641,000000000f4919c9,21.87
15619,2019-08-04T12:41:34Z,02290ce195d0c1a6f6c472f83372d8b189973a36922259ef2b595ec6,60.16829,24.94214,00000000afef4555,23.56
15620,2019-08-04T12:41:34Z,02978cd5cb7127a718d3d775079ab940a3e81885ce6106495cca5ee4,60.1538,24.95595,0000000038bf9618,31.5
15621,2019-08-04T12:41:34Z,032e5d7621738a50c9e742e0cba13c819f7c67cedf8687f3ab25595c,60.16762,24.95415,000000006b44cce7,7.05
15622,2019-08-04T12:41:34Z,036c183505fea646b54aeb0c612913cafba94eca65e47d3c6d840a68,60.17919,24.95181,000000007b5207b6,18.79
15623,2019-08-04T12:41:34Z,0479a26a59d65bf1dee05c06f4227a0ba63a6e9c9a09e7c34f2e06b4,60.14699,24.922,00000000a53ed894,9.12
15624,2019-08-04T12:41:34Z,04b49a34910d12f55243dd5a756c7cc1e506e5d3cdb418cc635e9ad9,60.16762,24.95415,000000006b44cce7,8.38
15625,2019-08-04T12:41:34Z,04b5d29c48edaaf4904a98e412562e3c0d857eb20342cc7c323d4293,60.16762,24.95415,000000006b44cce7,10.78
15626,2019-08-04T12:41:34Z,04f35922a81b516e7028f61c6ff34faf6da85df0a5cfcefb6df1861f,60.149,24.9843,00000000fffb8cf0,23.56
15627,2019-08-04T12:41:34Z,05d441c83d2df822feaf93d7861452db7a201f22d84cfa36f421dfd2,60.16544,24.95398,0000000038d83d41,12.69
15628,2019-08-04T12:41:34Z,0638ed176f2a4b17c11bae92240575c9305f4bc21592a476b3106be4,60.16762,24.95415,000000006b44cce7,21.87
15629,2019-08-04T12:41:34Z,07444c376c2a48ed91a2f5462cab887c00378edb4175ee969deb207e,60.18203,24.91341,00000000342570c2,17.4
15630,2019-08-04T12:41:34Z,07fa093f5dceb6043b0a8c9d8ad01c1bfdfe15d4b3071a26b747ea07,60.14699,24.922,00000000a53ed894,9.92
15631,2019-08-04T12:41:34Z,0851ab74be2e888decf0046825f09ed302f7b2275e72b09b5b713d85,60.16829,24.94214,00000000afef4555,29.32
15632,2019-08-04T12:41:34Z,0952de1e75ca994bb018aaa22bee06785fe007f21f206e323740c94b,60.15133,24.92329,00000000e8a064a4,27.28
15633,2019-08-04T12:41:34Z,0a0acb70a8ef92be52a64d4425e70bb2f7a17d13942c3382c9d68878,60.149,24.9843,00000000fffb8cf0,2.08
15634,2019-08-04T12:41:34Z,0a5616e066b42895361324cfa8abef41d849a55e3e4bed429bab494b,60.16829,24.94214,00000000afef4555,6.46
15635,2019-08-04T12:41:34Z,0a5ed50daf13dd10744537aa851ac7ab1d34d9797ec6ab6e2402aebb,60.16762,24.95415,000000006b44cce7,7.05
15636,2019-08-04T12:41:34Z,0b0dd9af9d52c68ff71ce266d6707abbb0f56c3c63be0f83f7b5df9b,60.16762,24.95415,000000006b44cce7,7.05
15637,2019-08-04T12:41:34Z,0d3525b13d674f1645fdbe6d842fe37b2f416889c5472e9dfcc5445c,60.14947,24.91438,000000004ef3150d,8.38
15638,2019-08-04T12:41:34Z,0d8341f0125a5323521549248771d5448e5f788aefe9b989e3b20114,60.16829,24.94214,00000000afef4555,23.56
15639,2019-08-04T12:41:34Z,0d963177e81fa665e49cab41aeba81fdbaa70407a6459fc808467830,60.16829,24.94214,00000000afef4555,17.4
15640,2019-08-04T12:41:34Z,0ef4d4e0ed1d5a16b616f3722210deaa1f3be532439fb707802f70a2,60.16075,24.95883,00000000f1124bca,14.89
15641,2019-08-04T12:41:34Z,10a99e791e27975dc1c9d73d3163cabacf3bd7bd05a4f7abf6365426,60.14699,24.922,00000000a53ed894,9.92
15642,2019-08-04T12:41:34Z,10caaea8002e8b3b342b32710efdd7305ff375ca1cdc01411f66b2f6,60.14699,24.922,00000000a53ed894,9.92
15643,2019-08-04T12:41:34Z,119268a2b328b466959e99158efc17d07641daf2eab0785f813707f9,60.16762,24.95415,000000006b44cce7,20.28
15644,2019-08-04T12:41:34Z,120a63917cb5ab619bf9a71328f14020736ee84e75d5b37278748def,60.16897,24.95222,00000000aa852af1,12.69
15645,2019-08-04T12:41:34Z,121345c4cf0d0f18c684c4eb22e496ac6f8fb537ec2f3812f6966b67,60.16762,24.95415,000000006b44cce7,18.79
15646,2019-08-04T12:41:34Z,126ff8aee22cf123572b51282d01680aea0dac78d907b5100c430c50,60.14947,24.91438,000000004ef3150d,25.36
15647,2019-08-04T12:41:34Z,128df515b075ffc54794d311944f31b9b1c1132d182943a9880e5bc0,60.16544,24.95398,0000000038d83d41,18.79
15648,2019-08-04T12:41:34Z,13bcedb8c59b26417282929d81844b272c7c5bc295614f531219a8e4,60.14947,24.91438,000000004ef3150d,13.75
15649,2019-08-04T12:41:34Z,1423891c6ee1edc7da83904378a35aef2e5797db95b117651d676934,60.16762,24.95415,000000006b44cce7,12.69
15650,2019-08-04T12:41:34Z,1496ce9cf373a2a508a8ab0b7aa0604dd889fd69483881c3752219af,60.14699,24.922,00000000a53ed894,12.69
15651,2019-08-04T12:41:34Z,1515fbb735095b233eea332bf40cff9995758e9bd0ad60218875554b,60.14699,24.922,00000000a53ed894,14.89
15652,2019-08-04T12:41:34Z,15ee12e5f9be00a79b0cbbc9912f51cbfa3e486624567e1bde938fb6,60.1538,24.95595,0000000038bf9618,20.28
15653,2019-08-04T12:41:34Z,16ca2e50aab654110e1bb81e5e374133f99b7f103d24d5cc9635423c,60.16897,24.95222,00000000aa852af1,23.56
15654,2019-08-04T12:41:34Z,1769031b7f4d75de0541e26427b9ecc92c84b80992e3b36bb8eb799e,60.16829,24.94214,00000000afef4555,14.89
15655,2019-08-04T12:41:34Z,17af6ab252328066d6b13406084507dfa7a7f6db3030872e7f87223d,60.17065,24.93641,000000000f4919c9,16.1
15656,2019-08-04T12:41:34Z,1882b53729765cca25bc63400074242872d6fbc57882f131285b277f,60.16829,24.94214,00000000afef4555,8.38
15657,2019-08-04T12:41:34Z,1a93dfa31156cee53b4bd527d8b74655a5da812b6933d8a86d871e47,60.14947,24.91438,000000004ef3150d,9.92
15658,2019-08-04T12:41:34Z,1aacd77e1fdbe1544cf1ab29a00642d77ce4a075e388e8a2108aa39b,60.16829,24.94214,00000000afef4555,14.89
15659,2019-08-04T12:41:34Z,1ad0b84716a79851fa8db7a993012f0c8e496d6cba9d028a546285a2,60.16897,24.95222,00000000aa852af1,9.12
15660,2019-08-04T12:41:34Z,1b3fba902b8d1538b508cdc228fd15fdd87f5aecb68e5611b1a4e354,60.16762,24.95415,000000006b44cce7,3.09
15661,2019-08-04T12:41:34Z,1bcef866fafad7c7460a084e0b0d27c087b549f4ae704390708be47e,60.149,24.9843,00000000fffb8cf0,7.69
15662,2019-08-04T12:41:34Z,1bf54c1e78a260db15066420940a08490ba26b0b04954e8ccae2180e,60.16629,24.95957,00000000fb7600be,21.87
15663,2019-08-04T12:41:34Z,1c7ccd5d6570d98e57ef2ebbd716b7504b138f9bb616fbeaa0d1a268,60.14699,24.922,00000000a53ed894,5.41
15664,2019-08-04T12:41:34Z,1ca2a3dc3dfc4b7c43e5c2670f235bdd61b23459d91984dde3e5afff,60.14699,24.922,00000000a53ed894,11.7
15665,2019-08-04T12:41:34Z,1dacfb371d75dd4f90f447aac2a00faad98beb4188a6971c19eb2375,60.16629,24.95957,00000000fb7600be,18.79
15666,2019-08-04T12:41:34Z,1e24a2120b13c780dbb3a67a73f5058d1847f126fd5f5952e6dddcd3,60.16075,24.95883,00000000f1124bca,11.7
15667,2019-08-04T12:41:34Z,1ec58e626d2335aeeaa7c7d8f715d4334274dbd43448fb62c3901ef6,60.16829,24.94214,00000000afef4555,11.7
15668,2019-08-04T12:41:34Z,1eed5192896838d1860e8ea14bda43d065b88fc7dc562f54765e85a8,60.16897,24.95222,00000000aa852af1,25.36
15669,2019-08-04T12:41:34Z,1f81ed7274add201d3059d4a37e2bbe86b6ae1f0fd42a16d7b8dccaa,60.14699,24.922,00000000a53ed894,9.12
15670,2019-08-04T12:41:34Z,203a0c145a43c9a18f8c2a5ba4e18882e7430662bb4ac0e56ab37578,60.17065,24.93641,000000000f4919c9,9.92
15671,2019-08-04T12:41:34Z,208944c5811f446561788c5415738cbe52bdacb371f415236042698c,60.16897,24.95222,00000000aa852af1,14.89
15672,2019-08-04T12:41:34Z,20ac7b2ace7c0038aa8df01b9281a9c54f1551fc8ab9b662b1f1ca22,60.18203,24.91341,00000000342570c2,18.79
15673,2019-08-04T12:41:34Z,21bdc11bb63fb48c9d4b5308540ee5df579c9a385001a10fceeeedf3,60.14699,24.922,00000000a53ed894,12.69
15674,2019-08-04T12:41:34Z,21eb94b10f042f4f21566d3ee27d800fb6d899071739c0c5c1fa7af0,60.14699,24.922,00000000a53ed894,17.4
15675,2019-08-04T12:41:34Z,2204ba387d2db0e7d2ca03f7ace46abff8d141668b73c75a1879d7ba,60.14947,24.91438,000000004ef3150d,6.46
15676,2019-08-04T12:41:34Z,22fe9a06fba1036e8eafd726bc450095b1893be067f475e1882bb704,60.14699,24.922,00000000a53ed894,6.46
15677,2019-08-04T12:41:34Z,231026899a6d5b326cb5b1e38b182ca1acb77c7e27bc2378973b29db,60.16629,24.95957,00000000fb7600be,20.28
15678,2019-08-04T12:41:34Z,247f8b2fe544f61677fce4b7f300f6be0c3fa9f5a9f057cc0a4b2111,60.16762,24.95415,000000006b44cce7,17.4
15679,2019-08-04T12:41:34Z,250f7cf6c6d1296e84c45fb8621a0704eb5243471980b5187dc40cdd,60.14699,24.922,00000000a53ed894,17.4
15680,2019-08-04T12:41:34Z,2551a9e1b8a03c8e0e378ed37c0130b6e4105ec6b949de9e5a670be8,60.14699,24.922,00000000a53ed894,14.89
15681,2019-08-04T12:41:34Z,2607d1b2fc6e31a80348fffbed68a7d3a8e0212f197f2d1c573c587b,60.14947,24.91438,000000004ef3150d,3.4
15682,2019-08-04T12:41:34Z,269124e75b1e74a7c7dc93b778e02f04d0a53e069a90081c0938ee4c,60.14699,24.922,00000000a53ed894,14.89
15683,2019-08-04T12:41:34Z,28b43564f7156b67db7cb7b779e948986d7610f921490f9030379704,60.16897,24.95222,00000000aa852af1,5.41
15684,2019-08-04T12:41:34Z,28d2c3282e9f8fec67baec7992dcd800c45b67071e33cb118905a6b3,60.16829,24.94214,00000000afef4555,7.05
15685,2019-08-04T12:41:34Z,2969cdb120f2d285c556abfe5bac2f8090571f61aba227a474a534d2,60.17065,24.93641,000000000f4919c9,3.4
15686,2019-08-04T12:41:34Z,29a1ee6c0907a00ec6b6dcbb187f5c31d1a11b261aabd339210ee013,60.16897,24.95222,00000000aa852af1,9.12
15687,2019-08-04T12:41:34Z,2a69e64b30832b5b9cf692b14c109788bb5e84c46ac2ecdf2165a366,60.14951,24.92138,0000000006dd41f6,38.87
15688,2019-08-04T12:41:34Z,2ee2e108ed9051b1ccf4d3ee89931dfd53170af0b558fa6579b83e8d,60.15432,24.9211,0000000019fb59c4,11.7
15689,2019-08-04T12:41:34Z,2f08dbfbbe5577f04ea9826f72d5452ddf5fd9bb892769382ea5a4ca,60.16762,24.95415,000000006b44cce7,12.69
15690,2019-08-04T12:41:34Z,2ff487dabdafef45d633bd5239b8f21bc2f5fa019150a45f204eb8be,60.149,24.9843,00000000fffb8cf0,33.81
15691,2019-08-04T12:41:34Z,30c55d5011d0f6c901437a130dbe2653c7ae0cceee3b0a242394152c,60.14947,24.91438,000000004ef3150d,20.28
15692,2019-08-04T12:41:34Z,32708990f2c831e65f70f2682baf5188fc93348b9a9e78ada8db2bf4,60.14947,24.91438,000000004ef3150d,1.38
15693,2019-08-04T12:41:34Z,32f77f5019e5fce30881c214487361e2e34b8c93277f6e546de72012,60.1638,24.96846,00000000d747f075,29.32
15694,2019-08-04T12:41:34Z,33634cb1e3fc5d4a621e8717d203da8533ed27531a70c6cbe3abf3fa,60.16762,24.95415,000000006b44cce7,1.7
15695,2019-08-04T12:41:34Z,3399a354769c380070243269426dd9aaaf1675675fbf266ecaea587a,60.16762,24.95415,000000006b44cce7,17.4
15696,2019-08-04T12:41:34Z,33ec502792a84f23fed03cf16e483d153c65e2850a2549f47034726a,60.16762,24.95415,000000006b44cce7,7.05
15697,2019-08-04T12:41:34Z,34f282042837e6b8407c31fd6c880bdbb7071c56d76c4b6e5ba78819,60.14947,24.91438,000000004ef3150d,17.4
15698,2019-08-04T12:41:34Z,34fddf0f4ea194b9720451d11a9de76225577536681d4f4b0a00b860,60.16829,24.94214,00000000afef4555,16.1
15699,2019-08-04T12:41:34Z,352427714fc6e8591df6bd227dde05d3b7ba0881742eee4ae750dcc4,60.15432,24.9211,0000000019fb59c4,27.28
15700,2019-08-04T12:41:34Z,358d7986d5bf2a0624fb1412a157b3c7b12f90653457e15a76bbdf50,60.16629,24.95957,00000000fb7600be,6.46
15701,2019-08-04T12:41:34Z,35990bd13540cf4cacf8b1f54e4df2b7b768f50f3410f21304985cc8,60.149,24.9843,00000000fffb8cf0,38.87
15702,2019-08-04T12:41:34Z,35e6e075578d7a51e510bf8904bde33f1d117264eea0917db98d4808,60.16897,24.95222,00000000aa852af1,7.05
15703,2019-08-04T12:41:34Z,3721331dbb97151d17938ed835ffc7208eba26fba6100c62870a3a4f,60.14947,24.91438,000000004ef3150d,5.91
15704,2019-08-04T12:41:34Z,37945fa4e7409fab98aa8bde45081f5bd083def0059485274ad552c0,60.17919,24.95181,000000007b5207b6,14.89
15705,2019-08-04T12:41:34Z,37b4192b51c9589b8791bc2e9f830dd541c0e77fd03e7a85a51b68e5,60.16544,24.95398,0000000038d83d41,29.32
15706,2019-08-04T12:41:34Z,38e15f5aeb58c22ca456fc4d3a14f3b4d9f1fac43de070d2565eb1d3,60.16897,24.95222,00000000aa852af1,18.79
15707,2019-08-04T12:41:34Z,39310ebca1ad756aa2bfcb16c912cb7003ef3e7286a1f037603ade61,60.14699,24.922,00000000a53ed894,4.11
15708,2019-08-04T12:41:34Z,393a579e1c8efb19861f555f12040feeac853f37a2451116693e77aa,60.14699,24.922,00000000a53ed894,18.79
15709,2019-08-04T12:41:34Z,39f03a3a5fd777feee270921a7f51daec12ea679b542b0aaf2e808d7,60.149,24.9843,00000000fffb8cf0,9.92
15710,2019-08-04T12:41:34Z,3a6ce73ea4c03a14fc0d3d099e4698d3c1051a2e8e4bd552d5de394d,60.14947,24.91438,000000004ef3150d,4.94
15711,2019-08-04T12:41:34Z,3af48668fcfc51b261558246e08ae2f7f3bb9d4252e908e38c9db003,60.14699,24.922,00000000a53ed894,21.87
15712,2019-08-04T12:41:34Z,3b73bf57d223bcb9b930ee8619e6603e52485b221389c64d85614baf,60.16897,24.95222,00000000aa852af1,16.1
15713,2019-08-04T12:41:34Z,3be48824225ca9f2aea5653f6ce21181a76e67a8d4b8361f0cba1f8a,60.14947,24.91438,000000004ef3150d,7.69
15714,2019-08-04T12:41:34Z,3c21ef81eb62764c543cc53a1eb793a317f3443dd4838799b2dbd6ff,60.16629,24.95957,00000000fb7600be,20.28
15715,2019-08-04T12:41:34Z,3c545ca8c42e2a9a876f2500f6aee220e5fe1c178dd132136643754b,60.16762,24.95415,000000006b44cce7,16.1
15716,2019-08-04T12:41:34Z,3e99999f43f3bd9e105e735eeb92531a4301e7f258c90535acfba9ae,60.16531,24.9442,00000000fdda10fe,27.28
15717,2019-08-04T12:41:34Z,3ec0a34310840b3aa1aa32a3f2bffbe426e91a242dc6eb5c1e86bba7,60.16448,24.97323,0000000053c6c2be,25.36
15718,2019-08-04T12:41:34Z,403f209e525e5159d33b2056ebebcfa95ff94baf8ae3d9b3442c3090,60.14699,24.922,00000000a53ed894,13.75
15719,2019-08-04T12:41:34Z,409be16c4d34b9e76ac22ea0e8e282da3e9d169fe77ff5ea52a72883,60.14699,24.922,00000000a53ed894,20.28
15720,2019-08-04T12:41:34Z,427f20895f2d0aec0392fd0be9f66c4cd45200a3d32b5b9d52ea0dc2,60.15432,24.9211,0000000019fb59c4,23.56
15721,2019-08-04T12:41:34Z,42d4eb6044091814f327d0b01dc9ae701506417af1a8ab7f4161650d,60.14951,24.92138,0000000006dd41f6,20.28
15722,2019-08-04T12:41:34Z,42da4298ed9f522421f17714e024d9b8fe22e7546df3deeb8b139bd3,60.16075,24.95883,00000000f1124bca,12.69
15723,2019-08-04T12:41:34Z,436df7106ce19510536cf507d8939633784f67da2f872970e0d3ba43,60.16829,24.94214,00000000afef4555,12.69
15724,2019-08-04T12:41:34Z,457d11209b95b153efb57d8f2641f2db0823e91a0d608fa0555a5b69,60.14699,24.922,00000000a53ed894,9.92
15725,2019-08-04T12:41:34Z,4602ff9d03f6bf4fbb82976098cc1c73e7a7e754050401c772d1406e,60.14947,24.91438,000000004ef3150d,6.46
15726,2019-08-04T12:41:34Z,467a01a257fbaad22bd4aebafc8f284c9ad3effc429475e57c214e9d,60.14699,24.922,00000000a53ed894,9.12
15727,2019-08-04T12:41:34Z,47b8aba771bed6ec3a7d57932c44fe859bcf6300054b3acc9d885105,60.14947,24.91438,000000004ef3150d,13.75
15728,2019-08-04T12:41:34Z,47bc9ff9097f9ef5f1862e48b4a42f6a9ddd30c4ef2b6eb43291a7a5,60.14699,24.922,00000000a53ed894,16.1
15729,2019-08-04T12:41:34Z,48f665ebb1a71b0d84fc02bd71918c5ab5608328db534639cbd2a255,60.14947,24.91438,000000004ef3150d,4.11
15730,2019-08-04T12:41:34Z,4a3fc0d8003eaf9e5025fb4d14b8e034d1406ebe923ef21f9e6ad429,60.1538,24.95595,0000000038bf9618,33.81
15731,2019-08-04T12:41:34Z,4a565a7be2bb822523480c6ca86154a466bf189290f87a0ef118f8b7,60.149,24.9843,00000000fffb8cf0,17.4
15732,2019-08-04T12:41:34Z,4b1050cc517631e36206d3528399c0b14748daec8c7d1b5dfa412299,60.15432,24.9211,0000000019fb59c4,11.7
15733,2019-08-04T12:41:34Z,4b85388cdaec2b4c15b546160ee326d9668a5e5d3c7b08d0c539946e,60.17919,24.95181,000000007b5207b6,7.05
15734,2019-08-04T12:41:34Z,4be50f3eb033f3f46e3069049c8e0a34dc8a2607741c1764369ba4c2,60.16762,24.95415,000000006b44cce7,9.92
15735,2019-08-04T12:41:34Z,4cadc8cc23fd84febb6a8383030a34c97b3388a8c9ed7a64cc0f51a6,60.14947,24.91438,000000004ef3150d,2.54
15736,2019-08-04T12:41:34Z,4d35f03f4cb1cd21fbb173af8af5be5e233c63882fda53232da315f0,60.14699,24.922,00000000a53ed894,10.78
15737,2019-08-04T12:41:34Z,4d4115f2971578ddc2428be944e2954c9e9a5472a818ec1805a022b2,60.149,24.9843,00000000fffb8cf0,18.79
15738,2019-08-04T12:41:34Z,4d7150fb2eb8468dc51f12b2de4a3610a7eb79c7352449ed92531f0e,60.1538,24.95595,0000000038bf9618,25.36
15739,2019-08-04T12:41:34Z,4ebdb6165c5d4892cdc21711313b98b1545bececfb886192c6f0ef22,60.16762,24.95415,000000006b44cce7,7.05
15740,2019-08-04T12:41:34Z,4efc969b8b738c051c221bf9d7829089b44cec23dd378fd86e7fb8be,60.173,24.92524,0000000096918cfa,20.28
15741,2019-08-04T12:41:34Z,4f387b8eb5373361960a83c899f3753098c010a7b841c2bd861bfc91,60.16629,24.95957,00000000fb7600be,18.79
15742,2019-08-04T12:41:34Z,4f4940c5c77737c5b8f2fbd5a1b65886ea5f6e0e4fcd50447e11ce21,60.16075,24.95883,00000000f1124bca,18.79
15743,2019-08-04T12:41:34Z,50e21d119f102cee2afe3ac7f1a32032527638769b05aca582d6ecb1,60.16762,24.95415,000000006b44cce7,9.12
15744,2019-08-04T12:41:34Z,514a3981fad6c695ac4940f09374b5d1c2e84d2ca835084ef8707714,60.16075,24.95883,00000000f1124bca,2.8
15745,2019-08-04T12:41:34Z,51b3c7870a399165f0d1d14f7d21688df32b0360f9cc6f3ca61890d8,60.16829,24.94214,00000000afef4555,1.38
15746,2019-08-04T12:41:34Z,52072bd384eaaf4a6958af5510ed039d194dee47f34667bc7bccbe0e,60.14699,24.922,00000000a53ed894,5.91
15747,2019-08-04T12:41:34Z,5263c8fd413ee308494f18228802330e278acc648b425bb454951db5,60.16075,24.95883,00000000f1124bca,14.89
15748,2019-08-04T12:41:34Z,5274280f7558ea562d9ce825000efc025d2de6b91c62614cb68df2b1,60.14947,24.91438,000000004ef3150d,14.89
15749,2019-08-04T12:41:34Z,52939581c6c8dd3407dbf44ea9e90471e4bbadfb7e3740a0ba8324f3,60.14699,24.922,00000000a53ed894,23.56
15750,2019-08-04T12:41:34Z,52f0e69ca7a5cebe604c1f32308dc7f8870d1d85cd4b25ad17f706e9,60.14699,24.922,00000000a53ed894,13.75
15751,2019-08-04T12:41:34Z,53263c2a4d1fc6edb42de24a91c19cc8d0050f1e61b0ddd97cf45bba,60.17002,24.94407,000000006b087f40,29.32
15752,2019-08-04T12:41:34Z,54065d53a62079540c4be1e19eafa5dd581e8ec35da0c31844438e0b,60.149,24.9843,00000000fffb8cf0,27.28
15753,2019-08-04T12:41:34Z,5554305bad43a71cf98d83e92708c7474c1efc189392c1ea94231e9c,60.16531,24.9442,00000000fdda10fe,1.7
15754,2019-08-04T12:41:34Z,560205233dc9b13886248fb6e54ee21dc3b287080072641e01e08dac,60.16075,24.95883,00000000f1124bca,29.32
15755,2019-08-04T12:41:34Z,56b8eace741e5227a40ea0a64601a737648080c63d6240b0dca632c4,60.16075,24.95883,00000000f1124bca,11.7
15756,2019-08-04T12:41:34Z,570dc61d53aec66ede39dfde66339640878453afc00cd1a55c60bca7,60.16544,24.95398,0000000038d83d41,21.87
15757,2019-08-04T12:41:34Z,571934189bf349efb6f596e76c21612cf9b82ed44913090169936048,60.17065,24.93641,000000000f4919c9,23.56
15758,2019-08-04T12:41:34Z,57bb8beeec6904b9a5cfe83c4ff9a80e63157780137f03de2a4152d3,60.16762,24.95415,000000006b44cce7,9.92
15759,2019-08-04T12:41:34Z,57f88614f91a133004ac1a6dea31a4090f899646a5f62ece691d87af,60.16762,24.95415,000000006b44cce7,8.38
15760,2019-08-04T12:41:34Z,583a35aa08fe45f96deb91a9f4b9317e86eddeee0d636cc11b3e2df8,60.16762,24.95415,000000006b44cce7,6.46
15761,2019-08-04T12:41:34Z,58411163d307bb308f9c94a9720e9ce5ab0ce4f5617cd2b1fcc2037a,60.16762,24.95415,000000006b44cce7,7.69
15762,2019-08-04T12:41:34Z,584cb0b0cdd14e608c8b57c8aecc9826f9b40027e365e2438a444ea2,60.16762,24.95415,000000006b44cce7,16.1
15763,2019-08-04T12:41:34Z,59b01cbdec8ff06fa6d50bac00c3f5f4c45132fc8a62800c08df5d6a,60.16629,24.95957,00000000fb7600be,36.27
15764,2019-08-04T12:41:34Z,5bc858089bff2f1880f1807e91f165ebf9f1b5841445adcdfb988ddf,60.16829,24.94214,00000000afef4555,18.79
15765,2019-08-04T12:41:34Z,5bf59468120b0262b74eebaba2a7ee8274f3c8165ddcf6f38eae92a8,60.16829,24.94214,00000000afef4555,27.28
15766,2019-08-04T12:41:34Z,5c160268bc9b4b619181ce421d9e58c258e6b59a342945fc29f0004b,60.14947,24.91438,000000004ef3150d,8.38
15767,2019-08-04T12:41:34Z,5d70086d53447ee393249cef33c7bae814c1d7c2e3055fc91b38786c,60.17919,24.95181,000000007b5207b6,10.78
15768,2019-08-04T12:41:34Z,5e53be1d47b3cceeb6ea9406c75327379c8ee8abc68da605b7758e85,60.14947,24.91438,000000004ef3150d,18.79
15769,2019-08-04T12:41:34Z,5e7916ca910b02abf2d19906759663c23db63950a353fa546f55c8af,60.14699,24.922,00000000a53ed894,11.7
15770,2019-08-04T12:41:34Z,5ea49ba4de68e03664ec3a87f5de32434d7136b4f8323f022ff9df5b,60.16829,24.94214,00000000afef4555,10.78
15771,2019-08-04T12:41:34Z,5ee175437c5a15756f66cae8cf9172e291d462123de1bd59ae7a103b,60.16897,24.95222,00000000aa852af1,29.32
15772,2019-08-04T12:41:34Z,60d5c11436b72dd4eb673f606bddc3f8f36675342cba015b9297155f,60.16448,24.97323,0000000053c6c2be,18.79
15773,2019-08-04T12:41:34Z,60d9b71ec38b796bf876dedfaf3112b49ff79677480c7603902857ae,60.14947,24.91438,000000004ef3150d,7.69
15774,2019-08-04T12:41:34Z,614ab7fba7255f6bf6f888e9a04d589962f756b3f427e658f10014f2,60.16075,24.95883,00000000f1124bca,12.69
15775,2019-08-04T12:41:34Z,6187e3415bcea985be770b4a90f3ed56fbfff1aa331759d34ccbd4ee,60.16897,24.95222,00000000aa852af1,29.32
15776,2019-08-04T12:41:34Z,62a6fe2d9b3b5b4533c51253f8842428bd797b3c6a95a7816ec472ed,60.14947,24.91438,000000004ef3150d,3.4
15777,2019-08-04T12:41:34Z,63a87f20dbfd068c086129312c165b6e9b1da2ea6c999be1dd1b8391,60.16762,24.95415,000000006b44cce7,17.4
15778,2019-08-04T12:41:34Z,63d99db5b2b7360c501446ea5e89feba9bd1c6735a7670039916f2ad,60.1538,24.95595,0000000038bf9618,20.28
15779,2019-08-04T12:41:34Z,63defb71d4c3856253a0a2d67a5c370b91ad0527703b334a63fe5344,60.14947,24.91438,000000004ef3150d,12.69
15780,2019-08-04T12:41:34Z,64394b1287e19738900f57d5c7483e02866e40bc8241fc6f6fbecbcb,60.16762,24.95415,000000006b44cce7,2.3
15781,2019-08-04T12:41:34Z,643ef3f01a51bea3c4510d4060a945cd510e5189236d68f5c9489034,60.16829,24.94214,00000000afef4555,0.59
15782,2019-08-04T12:41:34Z,64638a9f9e6c9b32fc4b484b55e4934fcab6cb04605cc76d5f5534b7,60.17065,24.93641,000000000f4919c9,14.89
15783,2019-08-04T12:41:34Z,64e34af775b57908b23056a31d60ef3b005941f2e7c3db0c49df675d,60.17065,24.93641,000000000f4919c9,2.3
15784,2019-08-04T12:41:34Z,6503762f2cac51cc2b74da1efa6b16583ed11c9a528d7716b7829c0b,60.16829,24.94214,00000000afef4555,16.1
15785,2019-08-04T12:41:34Z,6516a10850095847a8156717b0fba05a9bdc9b5bfedd691ddb07f119,60.14699,24.922,00000000a53ed894,9.12
15786,2019-08-04T12:41:34Z,6525cc634176c25187e68e0d067bcfecfd78e399e93db4ee9d408b7e,60.17919,24.95181,000000007b5207b6,18.79
15787,2019-08-04T12:41:34Z,655204cb507ea9ae811105cdcd766161facaa9f729017a333f102391,60.149,24.9843,00000000fffb8cf0,14.89
15788,2019-08-04T12:41:34Z,65de3b8621fadfc61e9d3657dc477ea9867f9d093f80cf0857dcad88,60.16762,24.95415,000000006b44cce7,6.46
15789,2019-08-04T12:41:34Z,6723bebaab92d1a9f8b4318fd4f497a6dec6d7f8e0eafca443925213,60.16075,24.95883,00000000f1124bca,7.05
15790,2019-08-04T12:41:34Z,67591d427f60ba3c369ac0d78088fca7be33081501508d16401dd6cb,60.16762,24.95415,000000006b44cce7,2.8
15791,2019-08-04T12:41:34Z,675eacdf32b5b831fd118fc5539eea4b3cef4bd11e2e1706a9571222,60.16829,24.94214,00000000afef4555,9.12
15792,2019-08-04T12:41:34Z,6774ed72eaf69d7c4aaeeef90990f969954155bbcc52652e75e7deef,60.16829,24.94214,00000000afef4555,20.28
15793,2019-08-04T12:41:34Z,677c53ae4056d6cb123ca576ba5284664b1c7e3e88818bd19b5dd99a,60.17919,24.95181,000000007b5207b6,23.56
15794,2019-08-04T12:41:34Z,6875e3632a29207e29ded33617e66d55de5d8c7804fecedd6f1dfe12,60.14699,24.922,00000000a53ed894,5.91
15795,2019-08-04T12:41:34Z,69375ef968867906fc11b34d1e2c4b436d452cd47cb577a7f9e566ef,60.16762,24.95415,000000006b44cce7,7.69
15796,2019-08-04T12:41:34Z,698b200b63a644828a7314691a16af2af1bccef75d52abb5591a5542,60.14699,24.922,00000000a53ed894,7.05
15797,2019-08-04T12:41:34Z,6b97071051ccf5db7e5ebee033d4f68d58ed6917ff2fac5b205a6605,60.17065,24.93641,000000000f4919c9,29.32
15798,2019-08-04T12:41:34Z,6cc185919c410bfc359b488921554d891f9748da570db062229c7ec7,60.15432,24.9211,0000000019fb59c4,29.32
15799,2019-08-04T12:41:34Z,6d40c31367c2556e3fe8fab5dee22bdfde888d4ff9a6d1b0d44a66c1,60.1538,24.95595,0000000038bf9618,31.5
15800,2019-08-04T12:41:34Z,6e6ca3aab72f19540d33694cbe1569400b424367bbdc33104afb7abb,60.16762,24.95415,000000006b44cce7,23.56
15801,2019-08-04T12:41:34Z,6e7709b0a9e9956571d6880226fcc9402e5b8f406cf339d959c0cb2a,60.14699,24.922,00000000a53ed894,16.1
15802,2019-08-04T12:41:34Z,6f3dd17e40daabb4efe868f1b859dc00ecc01846f0a0e2b8db5d1413,60.17919,24.95181,000000007b5207b6,10.78
15803,2019-08-04T12:41:34Z,6fdfc33c6b609ea80b4a38ecf657bc68b7bf659752b51edcc22ffb54,60.16762,24.95415,000000006b44cce7,9.12
15804,2019-08-04T12:41:34Z,6ff93560ca77c6e5a25bc7441cf33cf7fa0138b3da4d99b2dbf5531b,60.14947,24.91438,000000004ef3150d,7.05
15805,2019-08-04T12:41:34Z,70c56152af84cf1bad4d19b0cb31202232b4cd4320ce5ea48895e42b,60.14947,24.91438,000000004ef3150d,5.91
15806,2019-08-04T12:41:34Z,71479e7c1c4fd96468f16800ff04484480c76e0953d2074500b0df31,60.17918,24.95141,00000000675d5200,17.4
15807,2019-08-04T12:41:34Z,72231bca658d3a16f3bf9c26ba5f13393b8377e4ab0b9ed3de6c811f,60.14699,24.922,00000000a53ed894,14.89
15808,2019-08-04T12:41:34Z,733f21ebebe353e10a55a74b40a0a480e6d276334d4f3d8bcf85b711,60.16075,24.95883,00000000f1124bca,23.56
15809,2019-08-04T12:41:34Z,737779d5b545043aa16af1ca616beeb1b5dfae5e6e1d4a789d7b316d,60.16762,24.95415,000000006b44cce7,18.79
15810,2019-08-04T12:41:34Z,73aa46087286af57e3778006af596aa587686a1db1d4b8708764a520,60.16762,24.95415,000000006b44cce7,14.89
15811,2019-08-04T12:41:34Z,745e52dafbfa395ea41c5fcd0c2717b9091e44d19ab89e03991fdbb7,60.16762,24.95415,000000006b44cce7,9.92
15812,2019-08-04T12:41:34Z,7470acbcae5ee27e98f825f59d55cc8115045d611f5d0cd3dbfd81c8,60.16075,24.95883,00000000f1124bca,25.36
15813,2019-08-04T12:41:34Z,759f94c852ff15ca91c3138913c3858c4801702f8f0514ae82fb2a19,60.16897,24.95222,00000000aa852af1,16.1
15814,2019-08-04T12:41:34Z,7664b7f08aaa059ecf6646a595c33fae0c80715febe63e31f45a4662,60.16762,24.95415,000000006b44cce7,7.69
15815,2019-08-04T12:41:34Z,777cceac7be6303a1c82f7cc68061528b01e3aa1b3aa6481cad9e5e3,60.16075,24.95883,00000000f1124bca,11.7
15816,2019-08-04T12:41:34Z,77a12194b9a6789f4b2b8c07ae7fce3c2b531cb221e5fa7ca5deae55,60.16897,24.95222,00000000aa852af1,9.12
15817,2019-08-04T12:41:34Z,79bde23c1a8980f93a65e14306f0d8ea89e164430d8b991e2bfee82e,60.16531,24.9442,00000000fdda10fe,16.1
15818,2019-08-04T12:41:34Z,7a0c0b525f2d3eed6c873bd3b8d27bede551fe4a428ac15c23deadae,60.16075,24.95883,00000000f1124bca,23.56
15819,2019-08-04T12:41:34Z,7a4a06d20ebe57d94e5fceeaf47d5b56ad9a515818e9c20e21a80e61,60.16629,24.95957,00000000fb7600be,12.69
15820,2019-08-04T12:41:34Z,7a97375000483176c3b37cc0d1744a950d9b322ce3534208fce0b21d,60.14699,24.922,00000000a53ed894,14.89
15821,2019-08-04T12:41:34Z,7ab335e046f7f3597f8f615a90857885e35cfecefebd5d24bbf0af90,60.16075,24.95883,00000000f1124bca,8.38
15822,2019-08-04T12:41:34Z,7ad93fed82e41ea4422fa101badc698b0328c3ebf0f6b73c5164d438,60.16897,24.95222,00000000aa852af1,4.5
15823,2019-08-04T12:41:34Z,7af6672e274ebe27cdb785373a857fc5bcad92a386c36dbe3221d4f4,60.14947,24.91438,000000004ef3150d,9.12
15824,2019-08-04T12:41:34Z,7bb67bcf014747e5d826f95c610d36492f31095552417a0864475491,60.14951,24.92138,0000000006dd41f6,20.28
15825,2019-08-04T12:41:34Z,7d9a3d84c09c3a8d6876389e216e0278048d6b924890fb275a078ffb,60.16531,24.9442,00000000fdda10fe,0.59
15826,2019-08-04T12:41:34Z,7e76449e59f1e3a1a615b54408115353fbb14d815390d03a73b1a7bb,60.14947,24.91438,000000004ef3150d,11.7
15827,2019-08-04T12:41:34Z,7f2f97e26d55f653ed70260ea4f893d01a3984cbdf6d7a3bfb2641de,60.16829,24.94214,00000000afef4555,7.69
15828,2019-08-04T12:41:34Z,7f786ec8e06f1ca3bdd10fc60d0114baf354125b8f6cf796d197f4cc,60.16075,24.95883,00000000f1124bca,6.46
15829,2019-08-04T12:41:34Z,80cc39b04598f971820e63498fd27ae72a12a45a60c220fe625b282a,60.14699,24.922,00000000a53ed894,10.78
15830,2019-08-04T12:41:34Z,82411c6526228322a61f59259f13adf7cde62bd767587b6735867705,60.17919,24.95181,000000007b5207b6,5.41
15831,2019-08-04T12:41:34Z,83073c017c8293e4b6eab781fbc2147fafa144d33b3618abd1ae5d90,60.17065,24.93641,000000000f4919c9,27.28
15832,2019-08-04T12:41:34Z,83121a75723643c48e3c3b0a3ea5fccb532046432ca445833e8de06a,60.16762,24.95415,000000006b44cce7,2.54
15833,2019-08-04T12:41:34Z,848fe01e24ccc782e5968171f53ea31d28f20a455c45d8bac8fb7374,60.173,24.92524,0000000096918cfa,29.32
15834,2019-08-04T12:41:34Z,849a662d95d4185421aff7c6213ba5d7b84cfc58c9fb30ff34054e4c,60.16075,24.95883,00000000f1124bca,10.78
15835,2019-08-04T12:41:34Z,85d66944a64cfde859e7e08ca4b79f3b39d5b03141d500fe7ce73f7e,60.14699,24.922,00000000a53ed894,10.78
15836,2019-08-04T12:41:34Z,87bb1abe21abfcb5e5c2039e579cff7ca863a6019207db356de5b7c2,60.14699,24.922,00000000a53ed894,16.1
15837,2019-08-04T12:41:34Z,885bcc6af7d0aa9718fe1030e32ffff1de5171ae5ef67cf0011874fb,60.14947,24.91438,000000004ef3150d,8.38
15838,2019-08-04T12:41:34Z,8947a5209f3b32173d3dc72792039edf94a2711741ab041b62b30643,60.16762,24.95415,000000006b44cce7,7.69
15839,2019-08-04T12:41:34Z,896f7e896dc6f1ea44b82bf968a988cc10c358ee34821d9d7a4bd07a,60.14947,24.91438,000000004ef3150d,10.78
15840,2019-08-04T12:41:34Z,8a08b2de43a9ef03cf96610718c908e69dcacc59f536a7135b7bb542,60.16629,24.95957,00000000fb7600be,9.12
15841,2019-08-04T12:41:34Z,8acb351d2b6acbd61099205c5c497b7507c1a4da115c4b8fcaa8c930,60.16762,24.95415,000000006b44cce7,9.12
15842,2019-08-04T12:41:34Z,8b2db0cf88df127735158a23e876f7746a3f6a8ac67d170ca06d1055,60.1538,24.95595,0000000038bf9618,29.32
15843,2019-08-04T12:41:34Z,8b641985c793a3f25a45b2460cb01f5baa6f339c6dd26ba7752d8a7a,60.16897,24.95222,00000000aa852af1,13.75
15844,2019-08-04T12:41:34Z,8ba6cfc17ca70e8304994e018ebd5eb2003177062cde05925d5cacb3,60.173,24.92524,0000000096918cfa,13.75
15845,2019-08-04T12:41:34Z,8bbf5422247a0a6be314130d8fd9ae1814401b75acf3b3ce2da9620c,60.14699,24.922,00000000a53ed894,5.41
15846,2019-08-04T12:41:34Z,8d528b00553162a9dd47d2296d15b2fad89aad6a508424d4589618a1,60.14947,24.91438,000000004ef3150d,13.75
15847,2019-08-04T12:41:34Z,8d5672c651968bf1f466b44baefa37f9438850e96140d126f6a99baf,60.16897,24.95222,00000000aa852af1,12.69
15848,2019-08-04T12:41:34Z,8d73f674010f5cb02e8f20251ed86a9afcb7f6b3926039470296bd00,60.17065,24.93641,000000000f4919c9,31.5
15849,2019-08-04T12:41:34Z,8d8a869e83fe2ac29e791666634a33af3ea4048ea4e752b6fb1e238c,60.14947,24.91438,000000004ef3150d,5.41
15850,2019-08-04T12:41:34Z,8dcf139eb279bcc2696420ba9da858e361600ff02cd29587f66660ec,60.16897,24.95222,00000000aa852af1,20.28
15851,2019-08-04T12:41:34Z,8de3d516b6cffb3335f9ebec3f6068b693db224f56eae6a50d7c6320,60.16531,24.9442,00000000fdda10fe,21.87
15852,2019-08-04T12:41:34Z,90d2c337b3629bdc073dbbe6f0793b7bf6f65d63deb77bddf24052a8,60.16897,24.95222,00000000aa852af1,14.89
15853,2019-08-04T12:41:34Z,920dc90f60b295267f63efc8f968408087b71878dc3f49f0ded1c41e,60.17919,24.95181,000000007b5207b6,16.1
15854,2019-08-04T12:41:34Z,926717d61529080dfc4c7f8cdcdc82c6490d2a5129474524b8c40ea4,60.16829,24.94214,00000000afef4555,16.1
15855,2019-08-04T12:41:34Z,93205bf765289313ac67faf11c2a1e784734f9dc837d74560f7c7464,60.16897,24.95222,00000000aa852af1,27.28
15856,2019-08-04T12:41:34Z,93a2100e233b204243f7e69b68dea7c9a145d1b5384bd18359bf87a3,60.16531,24.9442,00000000fdda10fe,2.08
15857,2019-08-04T12:41:34Z,93e409819362e2429a43710ff4330bd3ed83011b73ae438dd7fb62d8,60.16762,24.95415,000000006b44cce7,5.41
15858,2019-08-04T12:41:34Z,9575ef1c44f26f0301d726029c8b1c28011a4724496943451bee6544,60.14947,24.91438,000000004ef3150d,25.36
15859,2019-08-04T12:41:34Z,9591073e4d80dad61baa6f0f131c11bd0853c54a96256d3345164e14,60.14699,24.922,00000000a53ed894,13.75
15860,2019-08-04T12:41:34Z,9604244c18efd5978b809f021651f7743e0e64da38fcf3718f9b4f93,60.14699,24.922,00000000a53ed894,7.69
15861,2019-08-04T12:41:34Z,97264f5808fa13851dacabf0c98525eec29849ff4b6a744cc777fd5b,60.16075,24.95883,00000000f1124bca,10.78
15862,2019-08-04T12:41:34Z,9736a8a29aee134a307e0cd4221e9b0a2ab7c48befee43fc62e9f9bd,60.14699,24.922,00000000a53ed894,11.7
15863,2019-08-04T12:41:34Z,99334da99912e6d4b516e02432e7f88db5a5b87f635722bc3a8b38a6,60.14699,24.922,00000000a53ed894,14.89
15864,2019-08-04T12:41:34Z,994b630283c750a0b697359e32c4bd06d5b4a32d2edb6c12cce42b32,60.16829,24.94214,00000000afef4555,20.28
15865,2019-08-04T12:41:34Z,99753600aa90a43c336153dd03985a2996b7bc6052086f503020518c,60.14699,24.922,00000000a53ed894,12.69
15866,2019-08-04T12:41:34Z,9a9db814dfa74ca2c2d51496299715310e81c6e6525cc9d2cb0762eb,60.16897,24.95222,00000000aa852af1,14.89
15867,2019-08-04T12:41:34Z,9b03b610755f4cec2e9d83a9763204e758a075614b125210bc914df5,60.16075,24.95883,00000000f1124bca,23.56
15868,2019-08-04T12:41:34Z,9bad872c31c8c5e53f064b5367350b41271d45ca8a9e508136622800,60.16897,24.95222,00000000aa852af1,8.38
15869,2019-08-04T12:41:34Z,9e3d4a4b1acd94d2896cd7cf56419110f06ea96faae37aadebd4ec77,60.14947,24.91438,000000004ef3150d,5.91
15870,2019-08-04T12:41:34Z,9fc52a61eabf679cf9cdee2c33023c321c69afc87ed71f5a6d6655b7,60.14699,24.922,00000000a53ed894,13.75
15871,2019-08-04T12:41:34Z,9ff13c715073d5ad9c464cb67b6de3f703435cf389c32cce5626dfe1,60.149,24.9843,00000000fffb8cf0,16.1
15872,2019-08-04T12:41:34Z,a01d7427dcaa19c3efac1cde116c3751db11d6cf2838d0509704616a,60.14699,24.922,00000000a53ed894,11.7
15873,2019-08-04T12:41:34Z,a22736c5d66f417bc6b745f51492549dc2e5a3c766f5e7e23f183b41,60.14947,24.91438,000000004ef3150d,14.89
15874,2019-08-04T12:41:34Z,a2e771418a36fc43aa9719d034aa9e3a7a751c5123e4bd33cc2aeea7,60.16531,24.9442,00000000fdda10fe,25.36
15875,2019-08-04T12:41:34Z,a38a21a97a054541f0423f03758c70227116c05254958373e3e93ad0,60.14947,24.91438,000000004ef3150d,23.56
15876,2019-08-04T12:41:34Z,a422a30ec1eb058c7930e1352297c161639faa5b3ca5f5fa47c4adb3,60.14947,24.91438,000000004ef3150d,5.91
15877,2019-08-04T12:41:34Z,a47f8d59e11da7fa47e0cbe518b593e023018f122d5710ffbb775c0f,60.16829,24.94214,00000000afef4555,17.4
15878,2019-08-04T12:41:34Z,a4f416ec0941bb365e3665d7fd224fad15d74225e8ce9f6dd6368bc7,60.17065,24.93641,000000000f4919c9,16.1
15879,2019-08-04T12:41:34Z,a590e9fb8960943273ead07320590436c531fbaf32e54f7db42f1f19,60.16629,24.95957,00000000fb7600be,21.87
15880,2019-08-04T12:41:34Z,a6158fc663b4931ef4e811a4acf62ab2f658241775e200b14684f87d,60.16897,24.95222,00000000aa852af1,13.75
15881,2019-08-04T12:41:34Z,a6f944078dd26796f5a849ccb6fdf8a4436f913cf3302597c846462d,60.16762,24.95415,000000006b44cce7,5.91
15882,2019-08-04T12:41:34Z,a7472d1b63171c047444981df223670390009e3ea502132d9963e9fb,60.14947,24.91438,000000004ef3150d,5.41
15883,2019-08-04T12:41:34Z,a76d219c3abcc4ec3a54dd834263f9a24972c71be4c7bbbfc663f22f,60.14699,24.922,00000000a53ed894,7.69
15884,2019-08-04T12:41:34Z,a794d97e26d3678bb11b4364880414bb7bfac4bb49d1867b37b489f7,60.14947,24.91438,000000004ef3150d,8.38
15885,2019-08-04T12:41:34Z,a8df2631c2442628608c1f0352c896eb532a6ca08c85de2c77360aa8,60.14947,24.91438,000000004ef3150d,11.7
15886,2019-08-04T12:41:34Z,a8fffb1bf2cf3b58cca0395d98ab3763c45771fed32527f2dedb644b,60.149,24.9843,00000000fffb8cf0,25.36
15887,2019-08-04T12:41:34Z,a9383e1c3d9b3355965662ff18ad95dfb64daa5d8e71fc20e7e50df7,60.14699,24.922,00000000a53ed894,9.92
15888,2019-08-04T12:41:34Z,a9dfc9065260957b1eb8dc3b11b793f73f7940fa5cb61acb16a260e2,60.16897,24.95222,00000000aa852af1,18.79
15889,2019-08-04T12:41:34Z,aa076c3f0d09145aebbb750dde9849ba4eb6759e92ba5753280184d6,60.16762,24.95415,000000006b44cce7,9.92
15890,2019-08-04T12:41:34Z,aa5773b59ce2bf1eee53e4e77cd3c261465d2ea538c9a85b8de30cd8,60.14947,24.91438,000000004ef3150d,16.1
15891,2019-08-04T12:41:34Z,aa6d51fc5411b69567cb854360c4a81267eac19446946eb27618306a,60.14699,24.922,00000000a53ed894,29.32
15892,2019-08-04T12:41:34Z,acdcc8ae1d1c6bb055dfc108154eae58b4b894f0ce1ff174c1065c7e,60.16762,24.95415,000000006b44cce7,2.8
15893,2019-08-04T12:41:34Z,ad8af809ed47a3391bb53d11da159b3a8b0ddc264d94c049ce72bda0,60.17065,24.93641,000000000f4919c9,2.3
15894,2019-08-04T12:41:34Z,ae828cc3f1fa739d818186776cff673c88a05d0f3dedfb4a765a54fd,60.16829,24.94214,00000000afef4555,9.92
15895,2019-08-04T12:41:34Z,ae87b8dd8920695bc9e599874667205991c04e30666d8523f0be4350,60.14947,24.91438,000000004ef3150d,7.69
15896,2019-08-04T12:41:34Z,aec4b11f0b1ec075878ca4a3b94da464f6fc96e330b913d5bfd346b0,60.16897,24.95222,00000000aa852af1,5.41
15897,2019-08-04T12:41:34Z,af64ca430076b1e91eeb89134e0e026479928845cbe1943bc56104c2,60.14947,24.91438,000000004ef3150d,13.75
15898,2019-08-04T12:41:34Z,b06c7ebb0cc7182279f47fe99da297fb7bda883549cb7bbc05dff36f,60.16829,24.94214,00000000afef4555,16.1
15899,2019-08-04T12:41:34Z,b0a20a40885487350aaf5c8f46dab27d4d7e1d5c24fefec54c0c62d4,60.16829,24.94214,00000000afef4555,21.87
15900,2019-08-04T12:41:34Z,b1c46b35a1667ba263868d803743275be782738cc3703e39ad165aa7,60.14699,24.922,00000000a53ed894,18.79
15901,2019-08-04T12:41:34Z,b26280ff7943c2f2f00f94125547cbdc285e6c43b7d0a5819c2eac87,60.16762,24.95415,000000006b44cce7,18.79
15902,2019-08-04T12:41:34Z,b26a9be85f5fd17ea58397762fa55db3c8f68fb709d586d61527c892,60.16829,24.94214,00000000afef4555,6.46
15903,2019-08-04T12:41:34Z,b27b090bd1bd9828dcb6ddbd0a1394e4aa097974747dff90ba0eff71,60.16897,24.95222,00000000aa852af1,27.28
15904,2019-08-04T12:41:34Z,b2a01c2a06c3cf1a48333e58e787d9eaf2f975a738c02878220d7774,60.16829,24.94214,00000000afef4555,9.92
15905,2019-08-04T12:41:34Z,b3e9da5a37ed8ed450753cb7443e607ed1de2af685bad5be61b3e91c,60.16075,24.95883,00000000f1124bca,20.28
15906,2019-08-04T12:41:34Z,b41cc64d7ab4e16a03573bdc3b5863c4b402ec66c7780c7900c02877,60.16829,24.94214,00000000afef4555,18.79
15907,2019-08-04T12:41:34Z,b523d3f8341906e4b3877ff7d9614b4e10d6bbf10afdcc6c53656c8f,60.17065,24.93641,000000000f4919c9,16.1
15908,2019-08-04T12:41:34Z,b7039958be9f53a3eaed97f705a1974815f52f25226e920155397bec,60.16075,24.95883,00000000f1124bca,16.1
15909,2019-08-04T12:41:34Z,b82ba472f0cb919b39c31b9c737f1608f6a31ffa63352768f9fa12ea,60.16829,24.94214,00000000afef4555,17.4
15910,2019-08-04T12:41:34Z,b92c7fb1d77c3f326d59dbe2689bb5b8ff10fcd691f28b36aa98408c,60.17002,24.94407,000000006b087f40,20.28
15911,2019-08-04T12:41:34Z,ba9825bb3cfae6aeb29833f0a11189802065c73f8e541b2bcb5b572f,60.14699,24.922,00000000a53ed894,18.79
15912,2019-08-04T12:41:34Z,bb0193f2b0ac4801fe82ed5cec75e687465d707d92e731047f81650f,60.1538,24.95595,0000000038bf9618,1.25
15913,2019-08-04T12:41:34Z,bbf8cd606b9732370f1c0ae0e68d6d0663a23102d831dd10c0e74819,60.16897,24.95222,00000000aa852af1,14.89
15914,2019-08-04T12:41:34Z,bc07df8cc395f6f4f5d483b2233caca5f93a6918f346e4cc3702f8cc,60.16531,24.9442,00000000fdda10fe,12.69
15915,2019-08-04T12:41:34Z,bc3861c61a46fbf78a7423712f1a528cf9f8332531271933056c233f,60.16829,24.94214,00000000afef4555,4.11
15916,2019-08-04T12:41:34Z,be21a77f983baae8e0ba646eda0988a618149dcc7ef4c303c35d5377,60.14947,24.91438,000000004ef3150d,17.4
15917,2019-08-04T12:41:34Z,bebf1edb9736fe66391376c4cf2a3033ab9fa83ae21f86b66392e2d0,60.16762,24.95415,000000006b44cce7,10.78
15918,2019-08-04T12:41:34Z,bf2e5725b255e320f1e8375ec03f55194f1fd9f751be9629d873a5c8,60.14699,24.922,00000000a53ed894,4.11
15919,2019-08-04T12:41:34Z,c0722f63618f97eb8ec4afac1a8538b81a3c87e623d753ad1201bf7c,60.16075,24.95883,00000000f1124bca,9.12
15920,2019-08-04T12:41:34Z,c22d0093a8d103f59838ad43218fa834e328847e5094bcb2e98d5307,60.16829,24.94214,00000000afef4555,8.38
15921,2019-08-04T12:41:34Z,c25db2e7a7b685e41480c3c47352c0ed5e57e4cb99af3ff5b5a611d7,60.16829,24.94214,00000000afef4555,20.28
15922,2019-08-04T12:41:34Z,c261834e6d2c1bd9adddb82d8c6ce2d8aad82a89e32da62f3fcc6063,60.16075,24.95883,00000000f1124bca,17.4
15923,2019-08-04T12:41:34Z,c36d58ed0e0dddb3e26be1214e369db1c3fa3d4bcf8b53536a25239b,60.17065,24.93641,000000000f4919c9,2.3
15924,2019-08-04T12:41:34Z,c3be6dcc2c0542676c20d28ce38adbe2c0b9be09caa3f22e60210636,60.16075,24.95883,00000000f1124bca,5.91
15925,2019-08-04T12:41:34Z,c633a260ce59bad4e1ca42f12936ed8ae57a40f5e6528dfb70052c43,60.16897,24.95222,00000000aa852af1,13.75
15926,2019-08-04T12:41:34Z,c6b973b57d5574eb3341b3141a5ba2b28f477ae9e702ab4ae701cc0d,60.14699,24.922,00000000a53ed894,18.79
15927,2019-08-04T12:41:34Z,c728eaa7734efeabe7f33c782081caa960fcced68160e285ee477916,60.14699,24.922,00000000a53ed894,13.75
15928,2019-08-04T12:41:34Z,c7416c039513e3156222d936c483164a0914a3b5a5310985374f4767,60.17065,24.93641,000000000f4919c9,29.32
15929,2019-08-04T12:41:34Z,c905a50dedd9b3d2114cde9160b7adf83adc09683b65598ce24c4047,60.1538,24.95595,0000000038bf9618,17.4
15930,2019-08-04T12:41:34Z,ca507a06be040b3e520339b63d5bd15463a1862124c4bd940d936e4a,60.16762,24.95415,000000006b44cce7,14.89
15931,2019-08-04T12:41:34Z,cad80f69731ad65f7f14bf400d674e0c42de462bd42db112c9d9f261,60.16075,24.95883,00000000f1124bca,27.28
15932,2019-08-04T12:41:34Z,cb3f05d5604f5532e039e6d40514b13aba8f6274d952bb17a8b801fc,60.15432,24.9211,0000000019fb59c4,21.87
15933,2019-08-04T12:41:34Z,cbc336691f17a9c508549e03d522166247a0cd0a944321c1a7d15525,60.14699,24.922,00000000a53ed894,9.92
15934,2019-08-04T12:41:34Z,cc2cf42c6b14536fb92c810ff0e3dd5a3caa74236f14246a5b6e8cdc,60.16762,24.95415,000000006b44cce7,9.92
15935,2019-08-04T12:41:34Z,cce6b6f309e43e2bb1be6a9784582a82891e976d0869d01040586d27,60.14947,24.91438,000000004ef3150d,7.05
15936,2019-08-04T12:41:34Z,cd3e127e27387b6e06cdf27f46fb6046e4182e4d7b49b49c17167c1c,60.14947,24.91438,000000004ef3150d,12.69
15937,2019-08-04T12:41:34Z,cd4ecd3b83630f6e5d65f635804e47a1ceb82853aac36af30044f06a,60.149,24.9843,00000000fffb8cf0,11.7
15938,2019-08-04T12:41:34Z,cd62fc5a92bd89f24a6e3d736d5511bf872859d762723b92f2092abc,60.16829,24.94214,00000000afef4555,13.75
15939,2019-08-04T12:41:34Z,cd93ba6049a24990376069c22e8ffe887f6c95af9d4bf16f8c65e949,60.16544,24.95398,0000000038d83d41,20.28
15940,2019-08-04T12:41:34Z,cd9b2be9ffb37c8b7c5c25f587c95b1c7932a21fb245487ea2f740d9,60.14699,24.922,00000000a53ed894,9.92
15941,2019-08-04T12:41:34Z,ceb777dafa9b7e39125b89735b7f0cf22c3018eb0196043ac8160370,60.14699,24.922,00000000a53ed894,9.92
15942,2019-08-04T12:41:34Z,cef1d06a10cfa08bcaef8b36535c2ec32c756a76cc0d5c2a1246f933,60.14699,24.922,00000000a53ed894,4.5
15943,2019-08-04T12:41:34Z,cfa42322be0000cf89d8969d1b88ace0ba99cab721dd58d55d41a36e,60.17065,24.93641,000000000f4919c9,18.79
15944,2019-08-04T12:41:34Z,cfc2a688ff31fbb1baac8790fb6d56dc7746ba2cf9e0e5f39d4751a4,60.14699,24.922,00000000a53ed894,7.05
15945,2019-08-04T12:41:34Z,d0413da80c7714f40ffe50dcfb00039280c64ecebc61c59df72965e6,60.149,24.9843,00000000fffb8cf0,16.1
15946,2019-08-04T12:41:34Z,d0aa228c2a3e6e1568e876cffc76874702e0f0f63f18533551bf02c1,60.16075,24.95883,00000000f1124bca,12.69
15947,2019-08-04T12:41:34Z,d0cab2a2660dcc5cb99a9bdf39d2e6b31b7498985db1b50e48cb478d,60.18203,24.91341,00000000342570c2,23.56
15948,2019-08-04T12:41:34Z,d12f9e6275869a74f979eac17b326dfe329bbd78b8732fc998b5f132,60.14699,24.922,00000000a53ed894,10.78
15949,2019-08-04T12:41:34Z,d1494ea9019ebe27ab1e0e4d26f4f307c19720a0d8851bc848d80cab,60.1538,24.95595,0000000038bf9618,17.4
15950,2019-08-04T12:41:34Z,d3c0cff604283ea6adeabb4f867f3fcaf8ee41fd27fc600d33c4d70d,60.16075,24.95883,00000000f1124bca,31.5
15951,2019-08-04T12:41:34Z,d5690433f1f0d0855704a06520cd197dac8c6c1293aa376af6854128,60.16897,24.95222,00000000aa852af1,16.1
15952,2019-08-04T12:41:34Z,d64eda229ebb6012e59bc89eacb74918e404ce52f16b491f3d48e800,60.16897,24.95222,00000000aa852af1,13.75
15953,2019-08-04T12:41:34Z,d6b274f1f49dde057f37b6d65670f16c2a7ba75e21283e342e5c3bfb,60.16762,24.95415,000000006b44cce7,14.89
15954,2019-08-04T12:41:34Z,d87210146aab139cc6640a20b428dce6ac516806a71a177b70e04f62,60.17065,24.93641,000000000f4919c9,11.7
15955,2019-08-04T12:41:34Z,d8983a8fe916583702bb776d3d8d3cbbe9e78778fd44d07c52ad1f2d,60.14699,24.922,00000000a53ed894,16.1
15956,2019-08-04T12:41:34Z,da0c40291d3ace2273a08e3c9b87cbc15b0f03d0dba61e7c5a88dc0c,60.15432,24.9211,0000000019fb59c4,20.28
15957,2019-08-04T12:41:34Z,da667dfa2d8a272a7398e186de027fabd2052052c0aad767a1c7d966,60.16897,24.95222,00000000aa852af1,10.78
15958,2019-08-04T12:41:34Z,daac051ca20430238282e179e0fe525b11ff1e8f1ace26d45b41f331,60.14947,24.91438,000000004ef3150d,14.89
15959,2019-08-04T12:41:34Z,db9cee77723e2258651606fd447070139d95eb1138f8e56957bff8f1,60.17002,24.94407,000000006b087f40,18.79
15960,2019-08-04T12:41:34Z,dbf9f0495974591badcee3fcfc1b5eb718b26de86aaf486c351ad084,60.14947,24.91438,000000004ef3150d,11.7
15961,2019-08-04T12:41:34Z,dcec4c4fb70c5f7dd0f408b6499f8c5ab0c2e9ff2b6d0fb082eba391,60.16075,24.95883,00000000f1124bca,29.32
15962,2019-08-04T12:41:34Z,ddc8410b9e4ece4b995b789f95e526693bac176ed77092ba57355dc8,60.16762,24.95415,000000006b44cce7,4.11
15963,2019-08-04T12:41:34Z,ddd849ee86afceedd5f5582ede84380d5596c9ea304d634ab0fd0de0,60.16829,24.94214,00000000afef4555,16.1
15964,2019-08-04T12:41:34Z,de09fd8d15c3d7adbf440a3d0a418a3b476513c968bda8a4aa652adf,60.173,24.92524,0000000096918cfa,23.56
15965,2019-08-04T12:41:34Z,de0d086ae32f87522eab31d3bc52545ed17b065889674963c0709568,60.16829,24.94214,00000000afef4555,14.89
15966,2019-08-04T12:41:34Z,de3fe5f63e74a582e06c8cb02e6128d6013827015ba3e2fe93082977,60.17002,24.94407,000000006b087f40,23.56
15967,2019-08-04T12:41:34Z,de84f754a3916c8f831b0bb8ea41fc2a42cdea2794558fece3c7ae97,60.1538,24.95595,0000000038bf9618,21.87
15968,2019-08-04T12:41:34Z,e02c0f9f72e9f248a4b5df8af328e1a0132d4d8a72c1e603d14cdacd,60.18203,24.91341,00000000342570c2,18.79
15969,2019-08-04T12:41:34Z,e0e938d5ab6fe3b13270163cd8a4e531dfae4b24ff98ab7e4277114c,60.14947,24.91438,000000004ef3150d,14.89
15970,2019-08-04T12:41:34Z,e0ff1e75104c5dfa3549647c238569888e353e1322256a5c6979de0b,60.14699,24.922,00000000a53ed894,9.92
15971,2019-08-04T12:41:34Z,e146a005895fb34bd6ba171e992a110e3768e607872add67faa900fa,60.16762,24.95415,000000006b44cce7,9.92
15972,2019-08-04T12:41:34Z,e1a443e10353da64728464e8a720aaf22a62b80d404f1acae1a1c6ee,60.1538,24.95595,0000000038bf9618,20.28
15973,2019-08-04T12:41:34Z,e23a6115ba872037f9b5066c9c9c966b497f449e32a2c9ceb0e55497,60.16829,24.94214,00000000afef4555,8.38
15974,2019-08-04T12:41:34Z,e2d7945f2c60a0d0622aef6a266620cf09df2e3a66baf2d303464c90,60.1538,24.95595,0000000038bf9618,36.27
15975,2019-08-04T12:41:34Z,e341e5e3e0b4fef8c3764508293310da5922b202d791694e43069ad1,60.16544,24.95398,0000000038d83d41,27.28
15976,2019-08-04T12:41:34Z,e34bcebfa007159f3d2adb0e62e20fcf721a221f52bdfe2a6ad77831,60.18203,24.91341,00000000342570c2,16.1
15977,2019-08-04T12:41:34Z,e35717ff07f32be5a2e1520f1855533f8dcc72cff7930c9cba9da32b,60.14947,24.91438,000000004ef3150d,9.92
15978,2019-08-04T12:41:34Z,e3c03ee00a1bcd066f8b260cc5b9824d1118b7b7f972a818752aabc7,60.14947,24.91438,000000004ef3150d,14.89
15979,2019-08-04T12:41:34Z,e447e76c7b53157c11d5bfeb172c27332c81b5ec7f263badf5507888,60.149,24.9843,00000000fffb8cf0,12.69
15980,2019-08-04T12:41:34Z,e6f4e3d1f5e01888556b077224cb4d8f88d63306fff2388e3fd997d0,60.14951,24.92138,0000000006dd41f6,17.4
15981,2019-08-04T12:41:34Z,e6f7965f2ef456f61121bcce5e466f125192e511c2af72d901307e8e,60.16762,24.95415,000000006b44cce7,12.69
15982,2019-08-04T12:41:34Z,e7cd5f775c7eea951719f351fcc25c710f857832d6f4b70a51b7b82d,60.16897,24.95222,00000000aa852af1,10.78
15983,2019-08-04T12:41:34Z,e826dedac8582e619ce18cd7eed68be5ee1fc9ed37e191e06f916835,60.14947,24.91438,000000004ef3150d,12.69
15984,2019-08-04T12:41:34Z,e9115410fa45db5a174eee008cae729dc69937a0e0b5a304899bf1b9,60.17065,24.93641,000000000f4919c9,27.28
15985,2019-08-04T12:41:34Z,e92eb020afcd7c1fad04690230ff8c2f005e404dd25b8dced1df30dd,60.16075,24.95883,00000000f1124bca,9.12
15986,2019-08-04T12:41:34Z,e9e19621fc5cfcfed2c808bbadc6cc6dd31e28d3c04cef8b89ca2729,60.16075,24.95883,00000000f1124bca,9.92
15987,2019-08-04T12:41:34Z,ea157e44ed100be3f782d8b3d8e5e0986079c588c9ea754b14917df0,60.16829,24.94214,00000000afef4555,0.41
15988,2019-08-04T12:41:34Z,ea2f4d9799324f4cd2a6fcda1625b65acdbab9f6b8331c26f63beec2,60.16897,24.95222,00000000aa852af1,21.87
15989,2019-08-04T12:41:34Z,eb6541383f8b12fc5476e5e2bc406933edfd211f49a1bbb93f323fa0,60.14699,24.922,00000000a53ed894,13.75
15990,2019-08-04T12:41:34Z,ec350e26364cb676c4cdb72647f039c31e27c775e7bb8973223e5d9b,60.14947,24.91438,000000004ef3150d,23.56
15991,2019-08-04T12:41:34Z,eed1c3b93e33ab3a4802db427c8c197c0fbad358e039b6ea8c8af07b,60.18203,24.91341,00000000342570c2,20.28
15992,2019-08-04T12:41:34Z,ef352dcaa8317b6a3c0a02cd8908dd13da5601cc66ba65c5fd8d031a,60.14947,24.91438,000000004ef3150d,3.09
15993,2019-08-04T12:41:34Z,eff99f303ba37ed36542008434b2d20e50155593bb9fc7bc1dcc4bf3,60.16075,24.95883,00000000f1124bca,7.69
15994,2019-08-04T12:41:34Z,f04b198f2f3331022f4a89ef2c2d12283e9c1c03a6c64a1dcb6e76cc,60.173,24.92524,0000000096918cfa,21.87
15995,2019-08-04T12:41:34Z,f062cb52d49926a4fb39f723275ed60ab6c0f3bf34e0c3f9d233b7b8,60.14947,24.91438,000000004ef3150d,8.38
15996,2019-08-04T12:41:34Z,f15b72a3aad411d2f8a70b41c4f62ad2d744d064d42ec00c71a18ac5,60.16762,24.95415,000000006b44cce7,5.41
15997,2019-08-04T12:41:34Z,f1e73fa6dab8e8a2db6d7515f601fac161f17c34beb84aa55e812a9e,60.16762,24.95415,000000006b44cce7,17.4
15998,2019-08-04T12:41:34Z,f20f951802c722181f0e90095001c49e73f84049bb105b95c97049d1,60.17918,24.95141,00000000675d5200,29.32
15999,2019-08-04T12:41:34Z,f2759841619517bff6a58510ebb0ddbc9378cd300d99652f9b14f90d,60.16531,24.9442,00000000fdda10fe,21.87
16000,2019-08-04T12:41:34Z,f2deba4ef84dbbc8c5d8524f6e2311183003bce4f9bfa6aef5b5ef66,60.14947,24.91438,000000004ef3150d,8.38
16001,2019-08-04T12:41:34Z,f366283765028e1454f3cfc564b9f220c9d700bfa8a843746eca3141,60.16897,24.95222,00000000aa852af1,16.1
16002,2019-08-04T12:41:34Z,f5f7cfe177dfb0b7ebba2419ae53f70b6b5690dd98d98586004a9107,60.149,24.9843,00000000fffb8cf0,8.38
16003,2019-08-04T12:41:34Z,f796c9efc581b25280d4b416f8ba3aecca6ddf083e7bdad05f6e595e,60.14699,24.922,00000000a53ed894,7.05
16004,2019-08-04T12:41:34Z,f7f0caf73572bea3c08b592eeb9655b2668cfb16fd8840ca5619d84a,60.14699,24.922,00000000a53ed894,3.74
16005,2019-08-04T12:41:34Z,f81439a39740937c6cba523d5ebca87b52d69ff29fb449cf42ade4d6,60.14699,24.922,00000000a53ed894,14.89
16006,2019-08-04T12:41:34Z,f9a7057352731d27889cbd388be5902a6e62b297a3467232e8e47094,60.16762,24.95415,000000006b44cce7,18.79
16007,2019-08-04T12:41:34Z,fa96854324adae88abb35afa34b2393a20338bfd8fc9602d3ce6ae8d,60.14947,24.91438,000000004ef3150d,5.91
16008,2019-08-04T12:41:34Z,fadc39da3cd26ac621092fbbff224b95bb13446c8d24bbf4f3e50e90,60.14947,24.91438,000000004ef3150d,9.92
16009,2019-08-04T12:41:34Z,fca3daa86786d92fe75c43051a906ab67c8b95c774a1227b3c45ce10,60.18203,24.91341,00000000342570c2,27.28
16010,2019-08-04T12:41:34Z,fce50ac3cfd2f3b7a897f6575eeda4e45ab42e5b9b5351be836cc0de,60.16897,24.95222,00000000aa852af1,16.1
16011,2019-08-04T12:41:34Z,fd77161cf9715d9d0f922cf45e79e5d9b9debef5113cb32a4f82ef76,60.16762,24.95415,000000006b44cce7,10.78
16012,2019-08-04T12:41:34Z,fe5ca86c906b1cb3bf9dd257ceefc562e41da499878f1074484f7d42,60.14947,24.91438,000000004ef3150d,12.69
16013,2019-08-04T12:41:34Z,feb399897846bc34dc3f4b06ac4ef0ffb0db885977b88e5c5fdb7350,60.14699,24.922,00000000a53ed894,7.69
16014,2019-08-04T12:41:34Z,ff4f3e0f964f23b97e88626f7a506bb4409718931712c58ce0f247af,60.16762,24.95415,000000006b44cce7,7.69
16015,2019-08-04T12:41:34Z,ff8280896145ae17e594c52eac2cdbab47d3757d797878fbc4298596,60.1538,24.95595,0000000038bf9618,21.87
16016,2019-08-04T12:41:35Z,07d86ad98399440d0cc3bd3382a7256feb971e49a3686dc17f532e1c,60.16829,24.94214,00000000afef4555,13.75
16017,2019-08-04T12:41:35Z,112c36ba789fa57e2b19c9bff8bfe0b3eba19a431c3af4656c4cee5b,60.16531,24.9442,00000000fdda10fe,36.27
16018,2019-08-04T12:41:35Z,1142f5b6806b1ec7d8d47d47013eb530d8a7418f6934d8867b20966a,60.16829,24.94214,00000000afef4555,25.36
16019,2019-08-04T12:41:35Z,14c7e1511b70f4dd3359cbece1377aebb4d70531f5489eefe53d7c3c,60.16544,24.95398,0000000038d83d41,25.36
16020,2019-08-04T12:41:35Z,1599d2c9070a6f05e1a5887c2d9209214c04818c6203fe75440734f2,60.1538,24.95595,0000000038bf9618,27.28
16021,2019-08-04T12:41:35Z,16c994bb2e24124a910c247376d16e980a65626a94c4c0aaab27df60,60.16829,24.94214,00000000afef4555,29.32
16022,2019-08-04T12:41:35Z,211f6b7b044343d0be369791b3fa3c144d0d0f391e2a42787712efb0,60.16448,24.97323,0000000053c6c2be,14.89
16023,2019-08-04T12:41:35Z,25a7ff811c3c06e426c7c2cbb0433d9a2a3399b23afecbd35584ab0f,60.18203,24.91341,00000000342570c2,11.7
16024,2019-08-04T12:41:35Z,2603b5aecd8f219a410e558446935308ecabb09a6c9e5b38533728ff,60.16829,24.94214,00000000afef4555,16.1
16025,2019-08-04T12:41:35Z,315af4a829b592ba99b203b8ed2cbd499769f8752dfe6de7da4ee929,60.16829,24.94214,00000000afef4555,17.4
16026,2019-08-04T12:41:35Z,4317f5904a5e6ae921bf743dd534c803083fd90b15a1245881beeade,60.16897,24.95222,00000000aa852af1,21.87
16027,2019-08-04T12:41:35Z,43b676ed3aef4c2d8846694817e76117873be52e7f788e0cb366c1c4,60.16629,24.95957,00000000fb7600be,29.32
16028,2019-08-04T12:41:35Z,44d0b94469070803869f229601e877beb613c3f5aafa009addf97a1a,60.16544,24.95398,0000000038d83d41,17.4
16029,2019-08-04T12:41:35Z,4d78d16b0cd79cc600b42ad9bc5504bf56df36a3e95daeeecc070053,60.16897,24.95222,00000000aa852af1,9.92
16030,2019-08-04T12:41:35Z,5d65719c4cbf045f068d084b72302f447d5fd034413d97d13be00d0e,60.18203,24.91341,00000000342570c2,23.56
16031,2019-08-04T12:41:35Z,5eed115a984d490b02b602d73787aee8dc8c4e9365b77fbff3818a76,60.16629,24.95957,00000000fb7600be,17.4
16032,2019-08-04T12:41:35Z,5fecff186138a9b3e31c6086c33dcd5f1d209e64f0afeed7c688cab0,60.16897,24.95222,00000000aa852af1,18.79
16033,2019-08-04T12:41:35Z,653a92a7828f2c43bc74899753f872e8b93c30b6fb419b651a94bbc1,60.16897,24.95222,00000000aa852af1,14.89
16034,2019-08-04T12:41:35Z,69219e9efa41ae9e732653e9eaf08e1a34cb853a9dafe76ddeea4d04,60.16897,24.95222,00000000aa852af1,18.79
16035,2019-08-04T12:41:35Z,6a70e2fbced719333e21eff04fcb9cb36bae9a04d1a3d6ddd96f2c58,60.15432,24.9211,0000000019fb59c4,13.75
16036,2019-08-04T12:41:35Z,6c8861f56a280e7752e10439271a2498527c69b0796f58de4afc6008,60.16075,24.95883,00000000f1124bca,25.36
16037,2019-08-04T12:41:35Z,6f06341f358e61699fe1e55e986dd0554bc8da28b91daf0c5ad99db6,60.16629,24.95957,00000000fb7600be,21.87
16038,2019-08-04T12:41:35Z,70d8572458a1a103555bab897b6443e601e0ed211414b15ad0b56f60,60.16544,24.95398,0000000038d83d41,25.36
16039,2019-08-04T12:41:35Z,7678cdb86d454ca9ae52f22d97e635106585a3a046d01da4463695cc,60.18203,24.91341,00000000342570c2,23.56
16040,2019-08-04T12:41:35Z,7856cd9a8241b470ce46295386b13c33e1948a956b3f18b7b3497cdb,60.18203,24.91341,00000000342570c2,25.36
16041,2019-08-04T12:41:35Z,79f136afa0dd8717337c01c70b457c464aaf0fa25b440f51a394ec23,60.16762,24.95415,000000006b44cce7,16.1
16042,2019-08-04T12:41:35Z,85ef35aecf2ff804be3d958b592705ec41c6df9c128c132c65bb283d,60.16897,24.95222,00000000aa852af1,18.79
16043,2019-08-04T12:41:35Z,87dfaad29a9276ddddb1fa021d3bc23ad14824c1af16f7d87e713689,60.14951,24.92138,0000000006dd41f6,11.7
16044,2019-08-04T12:41:35Z,88808fe92573e9cdf022cc15b9689b6b4b9429f60513c8897b0ba4c7,60.16897,24.95222,00000000aa852af1,17.4
16045,2019-08-04T12:41:35Z,8c3b1ed0846e38cc84b863a80540c8a75bfd85c8bdda36563d153110,60.16544,24.95398,0000000038d83d41,29.32
16046,2019-08-04T12:41:35Z,9843c6216661048343a0e49cf3d8aa2883cf77f452666a1c873a1052,60.16448,24.97323,0000000053c6c2be,13.75
16047,2019-08-04T12:41:35Z,9fc0711d7e7722eff7faa0cb6f17846680c06515c1eb93dd49ebcf25,60.14699,24.922,00000000a53ed894,14.89
16048,2019-08-04T12:41:35Z,a23b63dc2df72ba829ea2eabba05dafe724027d59a8f6babf791c1b8,60.16075,24.95883,00000000f1124bca,20.28
16049,2019-08-04T12:41:35Z,a8f8130135c784b027355228017bbfe99e5a6eecec153d44b78bedd3,60.16829,24.94214,00000000afef4555,13.75
16050,2019-08-04T12:41:35Z,af807b67ce09a2ce1744025c421961213f1608ca658ece4df69555a1,60.16762,24.95415,000000006b44cce7,10.78
16051,2019-08-04T12:41:35Z,b5fd6b317890e5ab2d79e2cd1abe61626d45a753c7337d0d40728898,60.16762,24.95415,000000006b44cce7,11.7
16052,2019-08-04T12:41:35Z,bb98768dad0f7c52cf643f035a3e7e48f5cfe28557c66f2a75914b31,60.14699,24.922,00000000a53ed894,18.79
16053,2019-08-04T12:41:35Z,bcb0201b0a1edf350ae2f681076e7d2d48ebd94c075bd3ca59552020,60.16897,24.95222,00000000aa852af1,17.4
16054,2019-08-04T12:41:35Z,bedde70080278440cf33f510482f5dbd45ad8321fdcb248b929437f7,60.16762,24.95415,000000006b44cce7,23.56
16055,2019-08-04T12:41:35Z,c175b4269517070a33be84e85a4b8b23c3bb430ff6c31b121ac1603f,60.16762,24.95415,000000006b44cce7,17.4
16056,2019-08-04T12:41:35Z,c40c37def6bf11a63a2556519a7c6233fd417cdeea2cf14f28e7c42c,60.16531,24.9442,00000000fdda10fe,38.87
16057,2019-08-04T12:41:35Z,c97eb4181394121907d47b908495f54e5ee5145ff790f7a1dc21b3cf,60.16897,24.95222,00000000aa852af1,18.79
16058,2019-08-04T12:41:35Z,ca6927628f5ddda20036865c9345ad93d476d62ade3b181de568eed6,60.16897,24.95222,00000000aa852af1,25.36
16059,2019-08-04T12:41:35Z,cf05623e4d87ce0906c0b0b7dbf53aacc1228016cd27c341228b6e76,60.18203,24.91341,00000000342570c2,17.4
16060,2019-08-04T12:41:35Z,d0a50f3001c258a38880550f6c0835fcaa85f0a6d36687dc5de98f3b,60.16629,24.95957,00000000fb7600be,18.79
16061,2019-08-04T12:41:35Z,d0bb9fef9a0ef26adcdd4732c9c20361bce49826f32c2892242831b8,60.16762,24.95415,000000006b44cce7,18.79
16062,2019-08-04T12:41:35Z,dcb7e8bb90af70568c12a902d706c70e1ac1213e31ba074756f0a27a,60.1538,24.95595,0000000038bf9618,29.32
16063,2019-08-04T12:41:35Z,ded49640b591e73bff71f84fb99d2739eb6c9554164a015017725e03,60.16829,24.94214,00000000afef4555,18.79
16064,2019-08-04T12:41:35Z,e8690c2d1711bc10f2d1251a3b5b1e770b98c66c384760400c604de1,60.16829,24.94214,00000000afef4555,18.79
16065,2019-08-04T12:41:35Z,e8e366e76c97944e23c0f80b4fd3ce6e5832744922297146a49f0c7e,60.16762,24.95415,000000006b44cce7,9.12
16066,2019-08-04T12:41:35Z,e96bd269a48b822b06141c3362fcb6d5ed4d0d09a120f2e4a712d5c2,60.16897,24.95222,00000000aa852af1,13.75
16067,2019-08-04T12:41:35Z,f088630d7476dae7d4b7e2bb1f10575f2c89acb4b6e061f3d57c2b40,60.16531,24.9442,00000000fdda10fe,21.87
16068,2019-08-04T12:41:35Z,f29ea15113ac0eea0be8ec41c633909de4b0b9ab6c7b9898b128080c,60.16897,24.95222,00000000aa852af1,13.75
16069,2019-08-04T12:41:35Z,f405a7c4a3a4339f8e3f7e552f6492d6eed76f7d08c54943286213de,60.16762,24.95415,000000006b44cce7,13.75
16070,2019-08-04T12:41:35Z,f6609ab1076b1105bb845595a03b41b8fbb282f79c337df5bbc9f841,60.14699,24.922,00000000a53ed894,14.89
16071,2019-08-04T12:41:35Z,f94dddacf96965952551200a02b41925bcd21402aceafb12f19931af,60.16075,24.95883,00000000f1124bca,12.69
16072,2019-08-04T12:41:35Z,fc4f3a44235f1cfc7b53f14ba2da599976a5a0a220d23b852688e485,60.17919,24.95181,000000007b5207b6,20.28
16073,2019-08-04T12:41:35Z,009ad4cd2bd97e04da44cc9789e6bdbdb899eded61d05b7d5634b7be,60.16829,24.94214,00000000afef4555,9.92
16074,2019-08-04T12:41:35Z,00a07b1f8113691d8475c54082a14cdd54decf9845a90e75df8031a6,60.17065,24.93641,000000000f4919c9,20.28
16075,2019-08-04T12:41:35Z,017a141d3e3811f35ced343c0b6d13a99f60c79d17afffa0cf0dd3b9,60.14699,24.922,00000000a53ed894,27.28
16076,2019-08-04T12:41:35Z,02290ce195d0c1a6f6c472f83372d8b189973a36922259ef2b595ec6,60.16829,24.94214,00000000afef4555,16.1
16077,2019-08-04T12:41:35Z,02a0c11101d94209b1945b117fe2f6c2e93cec0c5c8eb0d847b655cf,60.16531,24.9442,00000000fdda10fe,33.81
16078,2019-08-04T12:41:35Z,032e5d7621738a50c9e742e0cba13c819f7c67cedf8687f3ab25595c,60.16762,24.95415,000000006b44cce7,5.41
16079,2019-08-04T12:41:35Z,033759f09b97a9347fd7852dbc2bcd3abbb67a792486acad9d185bca,60.16762,24.95415,000000006b44cce7,9.92
16080,2019-08-04T12:41:35Z,036c183505fea646b54aeb0c612913cafba94eca65e47d3c6d840a68,60.17919,24.95181,000000007b5207b6,20.28
16081,2019-08-04T12:41:35Z,038e7f3d1d9babcdb48b63ff8e3e1ac732b3c29f665dc7d9a1819abc,60.14699,24.922,00000000a53ed894,13.75
16082,2019-08-04T12:41:35Z,0479a26a59d65bf1dee05c06f4227a0ba63a6e9c9a09e7c34f2e06b4,60.14699,24.922,00000000a53ed894,9.12
16083,2019-08-04T12:41:35Z,04b5d29c48edaaf4904a98e412562e3c0d857eb20342cc7c323d4293,60.16762,24.95415,000000006b44cce7,9.12
16084,2019-08-04T12:41:35Z,04f35922a81b516e7028f61c6ff34faf6da85df0a5cfcefb6df1861f,60.149,24.9843,00000000fffb8cf0,23.56
16085,2019-08-04T12:41:35Z,05d441c83d2df822feaf93d7861452db7a201f22d84cfa36f421dfd2,60.16544,24.95398,0000000038d83d41,20.28
16086,2019-08-04T12:41:35Z,076c28c1895ef1919c11113113c12655c546fc90a00800e5ebec5b56,60.14699,24.922,00000000a53ed894,21.87
16087,2019-08-04T12:41:35Z,07fa093f5dceb6043b0a8c9d8ad01c1bfdfe15d4b3071a26b747ea07,60.14699,24.922,00000000a53ed894,18.79
16088,2019-08-04T12:41:35Z,0851ab74be2e888decf0046825f09ed302f7b2275e72b09b5b713d85,60.16829,24.94214,00000000afef4555,13.75
16089,2019-08-04T12:41:35Z,0a0acb70a8ef92be52a64d4425e70bb2f7a17d13942c3382c9d68878,60.149,24.9843,00000000fffb8cf0,1.88
16090,2019-08-04T12:41:35Z,0a5616e066b42895361324cfa8abef41d849a55e3e4bed429bab494b,60.16829,24.94214,00000000afef4555,7.05
16091,2019-08-04T12:41:35Z,0a5ed50daf13dd10744537aa851ac7ab1d34d9797ec6ab6e2402aebb,60.16762,24.95415,000000006b44cce7,3.09
16092,2019-08-04T12:41:35Z,0a8eb41acf097f79d7e145d7a002bbaa9f5017b44076ad66b2dbe053,60.16762,24.95415,000000006b44cce7,10.78
16093,2019-08-04T12:41:35Z,0aabf0df4c3c5b45bb8950c92dbe624985f19e8650ed61f92571a65a,60.14699,24.922,00000000a53ed894,9.12
16094,2019-08-04T12:41:35Z,0b0dd9af9d52c68ff71ce266d6707abbb0f56c3c63be0f83f7b5df9b,60.16762,24.95415,000000006b44cce7,9.92
16095,2019-08-04T12:41:35Z,0c905239b8c0e14cba671cf4d4d715d1045a30ee62a6285fb489dbb0,60.16829,24.94214,00000000afef4555,13.75
16096,2019-08-04T12:41:35Z,10a99e791e27975dc1c9d73d3163cabacf3bd7bd05a4f7abf6365426,60.14699,24.922,00000000a53ed894,14.89
16097,2019-08-04T12:41:35Z,10caaea8002e8b3b342b32710efdd7305ff375ca1cdc01411f66b2f6,60.14699,24.922,00000000a53ed894,8.38
16098,2019-08-04T12:41:35Z,119268a2b328b466959e99158efc17d07641daf2eab0785f813707f9,60.16762,24.95415,000000006b44cce7,10.78
16099,2019-08-04T12:41:35Z,120a63917cb5ab619bf9a71328f14020736ee84e75d5b37278748def,60.16897,24.95222,00000000aa852af1,11.7
16100,2019-08-04T12:41:35Z,124cce476184e061b136f481014a2abc7208d30e4e520ffd90c85adb,60.17002,24.94407,000000006b087f40,21.87
16101,2019-08-04T12:41:35Z,13bcedb8c59b26417282929d81844b272c7c5bc295614f531219a8e4,60.14947,24.91438,000000004ef3150d,18.79
16102,2019-08-04T12:41:35Z,13ee67fb034e3d24edc9a9618e9d6de24979ebbcb399f83abb02a897,60.14699,24.922,00000000a53ed894,5.41
16103,2019-08-04T12:41:35Z,1496ce9cf373a2a508a8ab0b7aa0604dd889fd69483881c3752219af,60.14699,24.922,00000000a53ed894,17.4
16104,2019-08-04T12:41:35Z,15ee12e5f9be00a79b0cbbc9912f51cbfa3e486624567e1bde938fb6,60.1538,24.95595,0000000038bf9618,36.27
16105,2019-08-04T12:41:35Z,161aa798c2a18e132fb27ecded773218ea4e42eabbd0e5794b1d7017,60.15432,24.9211,0000000019fb59c4,16.1
16106,2019-08-04T12:41:35Z,16ca2e50aab654110e1bb81e5e374133f99b7f103d24d5cc9635423c,60.16897,24.95222,00000000aa852af1,20.28
16107,2019-08-04T12:41:35Z,1769031b7f4d75de0541e26427b9ecc92c84b80992e3b36bb8eb799e,60.16829,24.94214,00000000afef4555,4.11
16108,2019-08-04T12:41:35Z,17af6ab252328066d6b13406084507dfa7a7f6db3030872e7f87223d,60.17065,24.93641,000000000f4919c9,29.32
16109,2019-08-04T12:41:35Z,1882b53729765cca25bc63400074242872d6fbc57882f131285b277f,60.16829,24.94214,00000000afef4555,11.7
16110,2019-08-04T12:41:35Z,194e6ced97ec114a37fe06d6d73fb687c057d411be476f1ea6f4852e,60.16897,24.95222,00000000aa852af1,21.87
16111,2019-08-04T12:41:35Z,1a93dfa31156cee53b4bd527d8b74655a5da812b6933d8a86d871e47,60.14947,24.91438,000000004ef3150d,5.91
16112,2019-08-04T12:41:35Z,1bcef866fafad7c7460a084e0b0d27c087b549f4ae704390708be47e,60.149,24.9843,00000000fffb8cf0,27.28
16113,2019-08-04T12:41:35Z,1c669457535e4635f732c228ec524f9d2c440b0d2132fa1acd93122a,60.16897,24.95222,00000000aa852af1,29.32
16114,2019-08-04T12:41:35Z,1c7ccd5d6570d98e57ef2ebbd716b7504b138f9bb616fbeaa0d1a268,60.14699,24.922,00000000a53ed894,9.12
16115,2019-08-04T12:41:35Z,1e24a2120b13c780dbb3a67a73f5058d1847f126fd5f5952e6dddcd3,60.16075,24.95883,00000000f1124bca,20.28
16116,2019-08-04T12:41:35Z,1e63d2090b520af23ca3d2c9a05047dc0b0c63f7471b86e9d9f3e7cc,60.16629,24.95957,00000000fb7600be,20.28
16117,2019-08-04T12:41:35Z,1ec58e626d2335aeeaa7c7d8f715d4334274dbd43448fb62c3901ef6,60.16829,24.94214,00000000afef4555,21.87
16118,2019-08-04T12:41:35Z,1f74037ecab4dbdc5db1a8dc8b583a86630f86a5f2d0a5167b7fa605,60.18203,24.91341,00000000342570c2,12.69
16119,2019-08-04T12:41:35Z,1faaaeff6423708e06d94b904af4be93e399939fbdfd3b3091dc8bd2,60.15432,24.9211,0000000019fb59c4,16.1
16120,2019-08-04T12:41:35Z,203a0c145a43c9a18f8c2a5ba4e18882e7430662bb4ac0e56ab37578,60.17065,24.93641,000000000f4919c9,11.7
16121,2019-08-04T12:41:35Z,208944c5811f446561788c5415738cbe52bdacb371f415236042698c,60.16897,24.95222,00000000aa852af1,20.28
16122,2019-08-04T12:41:35Z,20ac7b2ace7c0038aa8df01b9281a9c54f1551fc8ab9b662b1f1ca22,60.18203,24.91341,00000000342570c2,14.89
16123,2019-08-04T12:41:35Z,21bdc11bb63fb48c9d4b5308540ee5df579c9a385001a10fceeeedf3,60.14699,24.922,00000000a53ed894,12.69
16124,2019-08-04T12:41:35Z,21eb94b10f042f4f21566d3ee27d800fb6d899071739c0c5c1fa7af0,60.14699,24.922,00000000a53ed894,16.1
16125,2019-08-04T12:41:35Z,2204ba387d2db0e7d2ca03f7ace46abff8d141668b73c75a1879d7ba,60.14947,24.91438,000000004ef3150d,21.87
16126,2019-08-04T12:41:35Z,231026899a6d5b326cb5b1e38b182ca1acb77c7e27bc2378973b29db,60.16629,24.95957,00000000fb7600be,11.7
16127,2019-08-04T12:41:35Z,250f7cf6c6d1296e84c45fb8621a0704eb5243471980b5187dc40cdd,60.14699,24.922,00000000a53ed894,25.36
16128,2019-08-04T12:41:35Z,257206d3f59df5c426a9c735f4741cba6d792de1cbafe62289d383d7,60.16897,24.95222,00000000aa852af1,25.36
16129,2019-08-04T12:41:35Z,2607d1b2fc6e31a80348fffbed68a7d3a8e0212f197f2d1c573c587b,60.14947,24.91438,000000004ef3150d,1.88
16130,2019-08-04T12:41:35Z,269124e75b1e74a7c7dc93b778e02f04d0a53e069a90081c0938ee4c,60.14699,24.922,00000000a53ed894,16.1
16131,2019-08-04T12:41:35Z,26a4ff30aad95332c4b603e9e728a10486413889de9d2c4573524923,60.16762,24.95415,000000006b44cce7,11.7
16132,2019-08-04T12:41:35Z,2838eddb482a9bc77b0b867352020e2cbfb71e85aaa1d61307e85f3d,60.14947,24.91438,000000004ef3150d,16.1
16133,2019-08-04T12:41:35Z,28b43564f7156b67db7cb7b779e948986d7610f921490f9030379704,60.16897,24.95222,00000000aa852af1,11.7
16134,2019-08-04T12:41:35Z,28d2c3282e9f8fec67baec7992dcd800c45b67071e33cb118905a6b3,60.16829,24.94214,00000000afef4555,4.11
16135,2019-08-04T12:41:35Z,2969cdb120f2d285c556abfe5bac2f8090571f61aba227a474a534d2,60.17065,24.93641,000000000f4919c9,3.09
16136,2019-08-04T12:41:35Z,29a1ee6c0907a00ec6b6dcbb187f5c31d1a11b261aabd339210ee013,60.16897,24.95222,00000000aa852af1,11.7
16137,2019-08-04T12:41:35Z,2a47bdc66249162a9588347a6cbe7895fe798bb25c1194cd69fb1e8b,60.14699,24.922,00000000a53ed894,16.1
16138,2019-08-04T12:41:35Z,2b9b246647a57878b7a18e94ce4a9117d0c595020ff1b8fa27988756,60.16897,24.95222,00000000aa852af1,29.32
16139,2019-08-04T12:41:35Z,2e86f9a432e00fa6ff5b8744ffecbe22a02b4316779bc8b4078af2e2,60.149,24.9843,00000000fffb8cf0,27.28
16140,2019-08-04T12:41:35Z,2ee2e108ed9051b1ccf4d3ee89931dfd53170af0b558fa6579b83e8d,60.15432,24.9211,0000000019fb59c4,12.69
16141,2019-08-04T12:41:35Z,2f08dbfbbe5577f04ea9826f72d5452ddf5fd9bb892769382ea5a4ca,60.16762,24.95415,000000006b44cce7,9.12
16142,2019-08-04T12:41:35Z,2ff487dabdafef45d633bd5239b8f21bc2f5fa019150a45f204eb8be,60.149,24.9843,00000000fffb8cf0,33.81
16143,2019-08-04T12:41:35Z,30c55d5011d0f6c901437a130dbe2653c7ae0cceee3b0a242394152c,60.14947,24.91438,000000004ef3150d,38.87
16144,2019-08-04T12:41:35Z,3197a3340c627059b7c7eb4b36e932bf06a1d31d868aabd647df6373,60.16762,24.95415,000000006b44cce7,10.78
16145,2019-08-04T12:41:35Z,32708990f2c831e65f70f2682baf5188fc93348b9a9e78ada8db2bf4,60.14947,24.91438,000000004ef3150d,1.54
16146,2019-08-04T12:41:35Z,33634cb1e3fc5d4a621e8717d203da8533ed27531a70c6cbe3abf3fa,60.16762,24.95415,000000006b44cce7,1.25
16147,2019-08-04T12:41:35Z,33ec502792a84f23fed03cf16e483d153c65e2850a2549f47034726a,60.16762,24.95415,000000006b44cce7,7.69
16148,2019-08-04T12:41:35Z,3459042c03cbb672a039f7f14a6b99b84f839b0598f9e48bf4dd95f5,60.14699,24.922,00000000a53ed894,13.75
16149,2019-08-04T12:41:35Z,348d0f13ec830589831a973041803bc7b6c0f0b5f6e5a84e47f292d3,60.17002,24.94407,000000006b087f40,31.5
16150,2019-08-04T12:41:35Z,349dd839e41cff363cc4b935496e52b93be15233e508aa82987859bd,60.16075,24.95883,00000000f1124bca,21.87
16151,2019-08-04T12:41:35Z,34f282042837e6b8407c31fd6c880bdbb7071c56d76c4b6e5ba78819,60.14947,24.91438,000000004ef3150d,17.4
16152,2019-08-04T12:41:35Z,352427714fc6e8591df6bd227dde05d3b7ba0881742eee4ae750dcc4,60.15432,24.9211,0000000019fb59c4,20.28
16153,2019-08-04T12:41:35Z,358d7986d5bf2a0624fb1412a157b3c7b12f90653457e15a76bbdf50,60.16629,24.95957,00000000fb7600be,9.92
16154,2019-08-04T12:41:35Z,35e6e075578d7a51e510bf8904bde33f1d117264eea0917db98d4808,60.16897,24.95222,00000000aa852af1,18.79
16155,2019-08-04T12:41:35Z,36f876050503d244f74f3cbadcef716904eb2b245190d474b0cfa794,60.16762,24.95415,000000006b44cce7,4.94
16156,2019-08-04T12:41:35Z,3721331dbb97151d17938ed835ffc7208eba26fba6100c62870a3a4f,60.14947,24.91438,000000004ef3150d,9.12
16157,2019-08-04T12:41:35Z,37945fa4e7409fab98aa8bde45081f5bd083def0059485274ad552c0,60.17919,24.95181,000000007b5207b6,12.69
16158,2019-08-04T12:41:35Z,37b4192b51c9589b8791bc2e9f830dd541c0e77fd03e7a85a51b68e5,60.16544,24.95398,0000000038d83d41,23.56
16159,2019-08-04T12:41:35Z,38e15f5aeb58c22ca456fc4d3a14f3b4d9f1fac43de070d2565eb1d3,60.16897,24.95222,00000000aa852af1,17.4
16160,2019-08-04T12:41:35Z,39310ebca1ad756aa2bfcb16c912cb7003ef3e7286a1f037603ade61,60.14699,24.922,00000000a53ed894,3.74
16161,2019-08-04T12:41:35Z,393a579e1c8efb19861f555f12040feeac853f37a2451116693e77aa,60.14699,24.922,00000000a53ed894,13.75
16162,2019-08-04T12:41:35Z,39f03a3a5fd777feee270921a7f51daec12ea679b542b0aaf2e808d7,60.149,24.9843,00000000fffb8cf0,14.89
16163,2019-08-04T12:41:35Z,3a6ce73ea4c03a14fc0d3d099e4698d3c1051a2e8e4bd552d5de394d,60.14947,24.91438,000000004ef3150d,4.11
16164,2019-08-04T12:41:35Z,3abc507346480858d62b69d6e29c3b0700ac193520668e17a4ce7cbb,60.16762,24.95415,000000006b44cce7,14.89
16165,2019-08-04T12:41:35Z,3af48668fcfc51b261558246e08ae2f7f3bb9d4252e908e38c9db003,60.14699,24.922,00000000a53ed894,18.79
16166,2019-08-04T12:41:35Z,3b73bf57d223bcb9b930ee8619e6603e52485b221389c64d85614baf,60.16897,24.95222,00000000aa852af1,8.38
16167,2019-08-04T12:41:35Z,3be48824225ca9f2aea5653f6ce21181a76e67a8d4b8361f0cba1f8a,60.14947,24.91438,000000004ef3150d,9.92
16168,2019-08-04T12:41:35Z,3e4965f1ed580ddf80246b1b78cbc55b73c11d67573d9cede2a7ccf7,60.16829,24.94214,00000000afef4555,14.89
16169,2019-08-04T12:41:35Z,3e51a6a20330a5ca5af145bab345165eb5f0fcce86d087af4088df64,60.15133,24.92329,00000000e8a064a4,25.36
16170,2019-08-04T12:41:35Z,3ec0a34310840b3aa1aa32a3f2bffbe426e91a242dc6eb5c1e86bba7,60.16448,24.97323,0000000053c6c2be,31.5
16171,2019-08-04T12:41:35Z,3ef78c4485a99bfa3d5e1df620f767b22e6c6583cefd990dee77f784,60.16762,24.95415,000000006b44cce7,13.75
16172,2019-08-04T12:41:35Z,3f395809cdaaaa1688c7d1cc770079bbf7ef1349e148bec5c8eacd57,60.16762,24.95415,000000006b44cce7,17.4
16173,2019-08-04T12:41:35Z,3ffe89aa6ab1e57883e21fa8f15969f46a5f487bccb2b993eadb3cfb,60.14699,24.922,00000000a53ed894,8.38
16174,2019-08-04T12:41:35Z,403f209e525e5159d33b2056ebebcfa95ff94baf8ae3d9b3442c3090,60.14699,24.922,00000000a53ed894,16.1
16175,2019-08-04T12:41:35Z,42d4eb6044091814f327d0b01dc9ae701506417af1a8ab7f4161650d,60.14951,24.92138,0000000006dd41f6,20.28
16176,2019-08-04T12:41:35Z,42da4298ed9f522421f17714e024d9b8fe22e7546df3deeb8b139bd3,60.16075,24.95883,00000000f1124bca,5.91
16177,2019-08-04T12:41:35Z,436df7106ce19510536cf507d8939633784f67da2f872970e0d3ba43,60.16829,24.94214,00000000afef4555,12.69
16178,2019-08-04T12:41:35Z,457d11209b95b153efb57d8f2641f2db0823e91a0d608fa0555a5b69,60.14699,24.922,00000000a53ed894,9.12
16179,2019-08-04T12:41:35Z,4602ff9d03f6bf4fbb82976098cc1c73e7a7e754050401c772d1406e,60.14947,24.91438,000000004ef3150d,7.69
16180,2019-08-04T12:41:35Z,467a01a257fbaad22bd4aebafc8f284c9ad3effc429475e57c214e9d,60.14699,24.922,00000000a53ed894,10.78
16181,2019-08-04T12:41:35Z,47bc9ff9097f9ef5f1862e48b4a42f6a9ddd30c4ef2b6eb43291a7a5,60.14699,24.922,00000000a53ed894,10.78
16182,2019-08-04T12:41:35Z,47cde44e4ddbf6c70162fa882eee962e7c3e2a037b650294ec46568f,60.14947,24.91438,000000004ef3150d,9.92
16183,2019-08-04T12:41:35Z,48d0a198e7445da9f7df3cb2cedef7dc861fe850deff789f6ad61d36,60.14947,24.91438,000000004ef3150d,25.36
16184,2019-08-04T12:41:35Z,4a3fc0d8003eaf9e5025fb4d14b8e034d1406ebe923ef21f9e6ad429,60.1538,24.95595,0000000038bf9618,41.64
16185,2019-08-04T12:41:35Z,4a565a7be2bb822523480c6ca86154a466bf189290f87a0ef118f8b7,60.149,24.9843,00000000fffb8cf0,16.1
16186,2019-08-04T12:41:35Z,4b1050cc517631e36206d3528399c0b14748daec8c7d1b5dfa412299,60.15432,24.9211,0000000019fb59c4,4.94
16187,2019-08-04T12:41:35Z,4b85388cdaec2b4c15b546160ee326d9668a5e5d3c7b08d0c539946e,60.17919,24.95181,000000007b5207b6,4.94
16188,2019-08-04T12:41:35Z,4be50f3eb033f3f46e3069049c8e0a34dc8a2607741c1764369ba4c2,60.16762,24.95415,000000006b44cce7,4.5
16189,2019-08-04T12:41:35Z,4bf75585466f0aafa2ed2956fe4b0f7235b4ba3a0606a52219b3156c,60.14699,24.922,00000000a53ed894,10.78
16190,2019-08-04T12:41:35Z,4cadc8cc23fd84febb6a8383030a34c97b3388a8c9ed7a64cc0f51a6,60.14947,24.91438,000000004ef3150d,5.41
16191,2019-08-04T12:41:35Z,4d35f03f4cb1cd21fbb173af8af5be5e233c63882fda53232da315f0,60.14699,24.922,00000000a53ed894,14.89
16192,2019-08-04T12:41:35Z,4ebdb6165c5d4892cdc21711313b98b1545bececfb886192c6f0ef22,60.16762,24.95415,000000006b44cce7,7.69
16193,2019-08-04T12:41:35Z,4efc969b8b738c051c221bf9d7829089b44cec23dd378fd86e7fb8be,60.173,24.92524,0000000096918cfa,16.1
16194,2019-08-04T12:41:35Z,4f387b8eb5373361960a83c899f3753098c010a7b841c2bd861bfc91,60.16629,24.95957,00000000fb7600be,16.1
16195,2019-08-04T12:41:35Z,50e21d119f102cee2afe3ac7f1a32032527638769b05aca582d6ecb1,60.16762,24.95415,000000006b44cce7,4.11
16196,2019-08-04T12:41:35Z,514a3981fad6c695ac4940f09374b5d1c2e84d2ca835084ef8707714,60.16075,24.95883,00000000f1124bca,5.41
16197,2019-08-04T12:41:35Z,51b3c7870a399165f0d1d14f7d21688df32b0360f9cc6f3ca61890d8,60.16829,24.94214,00000000afef4555,2.54
16198,2019-08-04T12:41:35Z,52072bd384eaaf4a6958af5510ed039d194dee47f34667bc7bccbe0e,60.14699,24.922,00000000a53ed894,9.12
16199,2019-08-04T12:41:35Z,52939581c6c8dd3407dbf44ea9e90471e4bbadfb7e3740a0ba8324f3,60.14699,24.922,00000000a53ed894,9.12
16200,2019-08-04T12:41:35Z,5554305bad43a71cf98d83e92708c7474c1efc189392c1ea94231e9c,60.16531,24.9442,00000000fdda10fe,7.05
16201,2019-08-04T12:41:35Z,560205233dc9b13886248fb6e54ee21dc3b287080072641e01e08dac,60.16075,24.95883,00000000f1124bca,16.1
16202,2019-08-04T12:41:35Z,5636d9760f1eac9d5d050497d7084fd61a92d5d108695a9023769ac4,60.16629,24.95957,00000000fb7600be,20.28
16203,2019-08-04T12:41:35Z,56b8eace741e5227a40ea0a64601a737648080c63d6240b0dca632c4,60.16075,24.95883,00000000f1124bca,13.75
16204,2019-08-04T12:41:35Z,570dc61d53aec66ede39dfde66339640878453afc00cd1a55c60bca7,60.16544,24.95398,0000000038d83d41,20.28
16205,2019-08-04T12:41:35Z,571934189bf349efb6f596e76c21612cf9b82ed44913090169936048,60.17065,24.93641,000000000f4919c9,17.4
16206,2019-08-04T12:41:35Z,57bb8beeec6904b9a5cfe83c4ff9a80e63157780137f03de2a4152d3,60.16762,24.95415,000000006b44cce7,7.69
16207,2019-08-04T12:41:35Z,57f88614f91a133004ac1a6dea31a4090f899646a5f62ece691d87af,60.16762,24.95415,000000006b44cce7,7.05
16208,2019-08-04T12:41:35Z,583a35aa08fe45f96deb91a9f4b9317e86eddeee0d636cc11b3e2df8,60.16762,24.95415,000000006b44cce7,8.38
16209,2019-08-04T12:41:35Z,584cb0b0cdd14e608c8b57c8aecc9826f9b40027e365e2438a444ea2,60.16762,24.95415,000000006b44cce7,12.69
16210,2019-08-04T12:41:35Z,59b01cbdec8ff06fa6d50bac00c3f5f4c45132fc8a62800c08df5d6a,60.16629,24.95957,00000000fb7600be,31.5
16211,2019-08-04T12:41:35Z,5b102c62b98f29bd801e4dd0e9ddbc113db3faa38d59990b9ba5e9ec,60.173,24.92524,0000000096918cfa,23.56
16212,2019-08-04T12:41:35Z,5bc8610f198c0ab38e4e89fd7f4828d032ca2a6ef97c2a17c79e296f,60.14699,24.922,00000000a53ed894,18.79
16213,2019-08-04T12:41:35Z,5c160268bc9b4b619181ce421d9e58c258e6b59a342945fc29f0004b,60.14947,24.91438,000000004ef3150d,8.38
16214,2019-08-04T12:41:35Z,5cd5117066c75a1cb83d3896a7eba3f3472e133f0013ea7d4e95daaa,60.14699,24.922,00000000a53ed894,5.41
16215,2019-08-04T12:41:35Z,5d70086d53447ee393249cef33c7bae814c1d7c2e3055fc91b38786c,60.17919,24.95181,000000007b5207b6,18.79
16216,2019-08-04T12:41:35Z,5e7916ca910b02abf2d19906759663c23db63950a353fa546f55c8af,60.14699,24.922,00000000a53ed894,16.1
16217,2019-08-04T12:41:35Z,5ea49ba4de68e03664ec3a87f5de32434d7136b4f8323f022ff9df5b,60.16829,24.94214,00000000afef4555,5.41
16218,2019-08-04T12:41:35Z,5f3a358ea7ec56dfb2271af72ef34416785e497a3653bfb75ef822c3,60.16829,24.94214,00000000afef4555,20.28
16219,2019-08-04T12:41:35Z,60d5c11436b72dd4eb673f606bddc3f8f36675342cba015b9297155f,60.16448,24.97323,0000000053c6c2be,29.32
16220,2019-08-04T12:41:35Z,614ab7fba7255f6bf6f888e9a04d589962f756b3f427e658f10014f2,60.16075,24.95883,00000000f1124bca,6.46
16221,2019-08-04T12:41:35Z,63a87f20dbfd068c086129312c165b6e9b1da2ea6c999be1dd1b8391,60.16762,24.95415,000000006b44cce7,25.36
16222,2019-08-04T12:41:35Z,63d99db5b2b7360c501446ea5e89feba9bd1c6735a7670039916f2ad,60.1538,24.95595,0000000038bf9618,20.28
16223,2019-08-04T12:41:35Z,641e8defb97171d160f062c4bc3e9d06346f10d5246e6aeac935e1a9,60.16897,24.95222,00000000aa852af1,12.69
16224,2019-08-04T12:41:35Z,64394b1287e19738900f57d5c7483e02866e40bc8241fc6f6fbecbcb,60.16762,24.95415,000000006b44cce7,9.92
16225,2019-08-04T12:41:35Z,64638a9f9e6c9b32fc4b484b55e4934fcab6cb04605cc76d5f5534b7,60.17065,24.93641,000000000f4919c9,7.05
16226,2019-08-04T12:41:35Z,64e34af775b57908b23056a31d60ef3b005941f2e7c3db0c49df675d,60.17065,24.93641,000000000f4919c9,4.94
16227,2019-08-04T12:41:35Z,6516a10850095847a8156717b0fba05a9bdc9b5bfedd691ddb07f119,60.14699,24.922,00000000a53ed894,7.69
16228,2019-08-04T12:41:35Z,6525cc634176c25187e68e0d067bcfecfd78e399e93db4ee9d408b7e,60.17919,24.95181,000000007b5207b6,29.32
16229,2019-08-04T12:41:35Z,65de3b8621fadfc61e9d3657dc477ea9867f9d093f80cf0857dcad88,60.16762,24.95415,000000006b44cce7,7.05
16230,2019-08-04T12:41:35Z,65ecffd91da3aee9add3015b6d8d68144e80f39cc78dbd776441ff52,60.16544,24.95398,0000000038d83d41,33.81
16231,2019-08-04T12:41:35Z,669e5f999da18f3c4c7ad8a59c04e31b4ecc3446f4c170514d82fccd,60.16531,24.9442,00000000fdda10fe,33.81
16232,2019-08-04T12:41:35Z,66b9cea6cd979b4e9e391e0ef854e2cc38eca6fb9e166811e39edd11,60.16544,24.95398,0000000038d83d41,21.87
16233,2019-08-04T12:41:35Z,6723bebaab92d1a9f8b4318fd4f497a6dec6d7f8e0eafca443925213,60.16075,24.95883,00000000f1124bca,14.89
16234,2019-08-04T12:41:35Z,67591d427f60ba3c369ac0d78088fca7be33081501508d16401dd6cb,60.16762,24.95415,000000006b44cce7,3.09
16235,2019-08-04T12:41:35Z,675eacdf32b5b831fd118fc5539eea4b3cef4bd11e2e1706a9571222,60.16829,24.94214,00000000afef4555,5.91
16236,2019-08-04T12:41:35Z,677c53ae4056d6cb123ca576ba5284664b1c7e3e88818bd19b5dd99a,60.17919,24.95181,000000007b5207b6,27.28
16237,2019-08-04T12:41:35Z,6875e3632a29207e29ded33617e66d55de5d8c7804fecedd6f1dfe12,60.14699,24.922,00000000a53ed894,4.5
16238,2019-08-04T12:41:35Z,69375ef968867906fc11b34d1e2c4b436d452cd47cb577a7f9e566ef,60.16762,24.95415,000000006b44cce7,3.74
16239,2019-08-04T12:41:35Z,696d977b82fe0f0a15c3aaccef89f3b805ee2d6969a74059d737461d,60.14951,24.92138,0000000006dd41f6,20.28
16240,2019-08-04T12:41:35Z,6981f80baeddf7459b67845f82744390c976c013f3a4883a53556fc7,60.16762,24.95415,000000006b44cce7,12.69
16241,2019-08-04T12:41:35Z,698b200b63a644828a7314691a16af2af1bccef75d52abb5591a5542,60.14699,24.922,00000000a53ed894,16.1
16242,2019-08-04T12:41:35Z,6b6668d7ebecfb96a6ed3ca19e97f8da150943ddf1d034675d08a9b8,60.14699,24.922,00000000a53ed894,17.4
16243,2019-08-04T12:41:35Z,6b97071051ccf5db7e5ebee033d4f68d58ed6917ff2fac5b205a6605,60.17065,24.93641,000000000f4919c9,17.4
16244,2019-08-04T12:41:35Z,6cc185919c410bfc359b488921554d891f9748da570db062229c7ec7,60.15432,24.9211,0000000019fb59c4,23.56
16245,2019-08-04T12:41:35Z,6f3dd17e40daabb4efe868f1b859dc00ecc01846f0a0e2b8db5d1413,60.17919,24.95181,000000007b5207b6,27.28
16246,2019-08-04T12:41:35Z,6f6424bbbaf60613d510509f7f01d817e2161b2043aeda1ad4f4723b,60.14951,24.92138,0000000006dd41f6,23.56
16247,2019-08-04T12:41:35Z,6f8d7717df843a7b0be6b0dd55e933ebbd9819bd96c48f210e193e4e,60.16829,24.94214,00000000afef4555,23.56
16248,2019-08-04T12:41:35Z,6fdf4cfc3a0774e204869ab43ef69c6306cc40c0fd8bbb0f8b505e3a,60.16829,24.94214,00000000afef4555,18.79
16249,2019-08-04T12:41:35Z,6fdfc33c6b609ea80b4a38ecf657bc68b7bf659752b51edcc22ffb54,60.16762,24.95415,000000006b44cce7,9.92
16250,2019-08-04T12:41:35Z,6ff93560ca77c6e5a25bc7441cf33cf7fa0138b3da4d99b2dbf5531b,60.14947,24.91438,000000004ef3150d,16.1
16251,2019-08-04T12:41:35Z,70c56152af84cf1bad4d19b0cb31202232b4cd4320ce5ea48895e42b,60.14947,24.91438,000000004ef3150d,17.4
16252,2019-08-04T12:41:35Z,719ab7845e1d8a08ad2a1eb293bf50b1695df1881f0624b2a1fc78b8,60.14951,24.92138,0000000006dd41f6,23.56
16253,2019-08-04T12:41:35Z,733f21ebebe353e10a55a74b40a0a480e6d276334d4f3d8bcf85b711,60.16075,24.95883,00000000f1124bca,21.87
16254,2019-08-04T12:41:35Z,745e52dafbfa395ea41c5fcd0c2717b9091e44d19ab89e03991fdbb7,60.16762,24.95415,000000006b44cce7,8.38
16255,2019-08-04T12:41:35Z,759f94c852ff15ca91c3138913c3858c4801702f8f0514ae82fb2a19,60.16897,24.95222,00000000aa852af1,13.75
16256,2019-08-04T12:41:35Z,7664b7f08aaa059ecf6646a595c33fae0c80715febe63e31f45a4662,60.16762,24.95415,000000006b44cce7,5.91
16257,2019-08-04T12:41:35Z,777cceac7be6303a1c82f7cc68061528b01e3aa1b3aa6481cad9e5e3,60.16075,24.95883,00000000f1124bca,8.38
16258,2019-08-04T12:41:35Z,77a12194b9a6789f4b2b8c07ae7fce3c2b531cb221e5fa7ca5deae55,60.16897,24.95222,00000000aa852af1,9.12
16259,2019-08-04T12:41:35Z,7953eb6c982160df4a8fc08a35e892cfdfacf3438067866d2f21f841,60.16762,24.95415,000000006b44cce7,14.89
16260,2019-08-04T12:41:35Z,79bde23c1a8980f93a65e14306f0d8ea89e164430d8b991e2bfee82e,60.16531,24.9442,00000000fdda10fe,16.1
16261,2019-08-04T12:41:35Z,79d26f15a82c94ac5d05e0f2b6a6beeae1f407972ec39665d7ab9535,60.16829,24.94214,00000000afef4555,20.28
16262,2019-08-04T12:41:35Z,7a0c0b525f2d3eed6c873bd3b8d27bede551fe4a428ac15c23deadae,60.16075,24.95883,00000000f1124bca,12.69
16263,2019-08-04T12:41:35Z,7a4a06d20ebe57d94e5fceeaf47d5b56ad9a515818e9c20e21a80e61,60.16629,24.95957,00000000fb7600be,18.79
16264,2019-08-04T12:41:35Z,7a97375000483176c3b37cc0d1744a950d9b322ce3534208fce0b21d,60.14699,24.922,00000000a53ed894,7.69
16265,2019-08-04T12:41:35Z,7ab335e046f7f3597f8f615a90857885e35cfecefebd5d24bbf0af90,60.16075,24.95883,00000000f1124bca,7.05
16266,2019-08-04T12:41:35Z,7ad93fed82e41ea4422fa101badc698b0328c3ebf0f6b73c5164d438,60.16897,24.95222,00000000aa852af1,7.69
16267,2019-08-04T12:41:35Z,7af6672e274ebe27cdb785373a857fc5bcad92a386c36dbe3221d4f4,60.14947,24.91438,000000004ef3150d,9.12
16268,2019-08-04T12:41:35Z,7b1c2b4a083f1544ffd4b5e2e87ab8a58a7bb64abb0f8ce3e53b2ed2,60.14699,24.922,00000000a53ed894,16.1
16269,2019-08-04T12:41:35Z,7be762f58d54665c5e6668eb2fb3eae7201522ddff196bbc5eb731f0,60.14947,24.91438,000000004ef3150d,16.1
16270,2019-08-04T12:41:35Z,7d9a3d84c09c3a8d6876389e216e0278048d6b924890fb275a078ffb,60.16531,24.9442,00000000fdda10fe,0.5
16271,2019-08-04T12:41:35Z,7e76449e59f1e3a1a615b54408115353fbb14d815390d03a73b1a7bb,60.14947,24.91438,000000004ef3150d,7.69
16272,2019-08-04T12:41:35Z,7ee87b87cf01698f643e1ba3117b245039edc811605df5dc802e7576,60.14947,24.91438,000000004ef3150d,6.46
16273,2019-08-04T12:41:35Z,7f2f97e26d55f653ed70260ea4f893d01a3984cbdf6d7a3bfb2641de,60.16829,24.94214,00000000afef4555,5.41
16274,2019-08-04T12:41:35Z,7f3c9dd2c7352cb81fb186a7d700841d2bcb47cd8ea0d5f8719b5908,60.16762,24.95415,000000006b44cce7,11.7
16275,2019-08-04T12:41:35Z,7f786ec8e06f1ca3bdd10fc60d0114baf354125b8f6cf796d197f4cc,60.16075,24.95883,00000000f1124bca,4.94
16276,2019-08-04T12:41:35Z,7fe10e69931c2d658099a314f3fce64865329e12a7b834c375e2d5d2,60.14699,24.922,00000000a53ed894,17.4
16277,2019-08-04T12:41:35Z,80cbcb887f3e351e3bef7c5f53dccc578cc3494feec514aed7015c0d,60.16075,24.95883,00000000f1124bca,9.12
16278,2019-08-04T12:41:35Z,80cc39b04598f971820e63498fd27ae72a12a45a60c220fe625b282a,60.14699,24.922,00000000a53ed894,8.38
16279,2019-08-04T12:41:35Z,82411c6526228322a61f59259f13adf7cde62bd767587b6735867705,60.17919,24.95181,000000007b5207b6,4.94
16280,2019-08-04T12:41:35Z,83121a75723643c48e3c3b0a3ea5fccb532046432ca445833e8de06a,60.16762,24.95415,000000006b44cce7,2.3
16281,2019-08-04T12:41:35Z,848fe01e24ccc782e5968171f53ea31d28f20a455c45d8bac8fb7374,60.173,24.92524,0000000096918cfa,18.79
16282,2019-08-04T12:41:35Z,8499290ca844477035cb04c821386788d09243bf12e2337d45411ac1,60.17002,24.94407,000000006b087f40,18.79
16283,2019-08-04T12:41:35Z,849a662d95d4185421aff7c6213ba5d7b84cfc58c9fb30ff34054e4c,60.16075,24.95883,00000000f1124bca,9.92
16284,2019-08-04T12:41:35Z,85d66944a64cfde859e7e08ca4b79f3b39d5b03141d500fe7ce73f7e,60.14699,24.922,00000000a53ed894,8.38
16285,2019-08-04T12:41:35Z,85d67c3be46ecb66832dfd9090a931e1be3dd056f718ea6786622131,60.16897,24.95222,00000000aa852af1,17.4
16286,2019-08-04T12:41:35Z,868cd7608ed6beb209db2aad8c71f56b8aec3a6b453be18e4af217a2,60.17065,24.93641,000000000f4919c9,21.87
16287,2019-08-04T12:41:35Z,87bb1abe21abfcb5e5c2039e579cff7ca863a6019207db356de5b7c2,60.14699,24.922,00000000a53ed894,9.92
16288,2019-08-04T12:41:35Z,87cbb5265cd1cc3213ddb5ed9ed2a599ddb7db0b0747121d649b0ae3,60.16544,24.95398,0000000038d83d41,20.28
16289,2019-08-04T12:41:35Z,8947a5209f3b32173d3dc72792039edf94a2711741ab041b62b30643,60.16762,24.95415,000000006b44cce7,4.94
16290,2019-08-04T12:41:35Z,896f7e896dc6f1ea44b82bf968a988cc10c358ee34821d9d7a4bd07a,60.14947,24.91438,000000004ef3150d,8.38
16291,2019-08-04T12:41:35Z,8a08b2de43a9ef03cf96610718c908e69dcacc59f536a7135b7bb542,60.16629,24.95957,00000000fb7600be,29.32
16292,2019-08-04T12:41:35Z,8a9eedc7cf775ab4e9ad2e20bdcbcbe1635808b418eedcdcceda7834,60.16762,24.95415,000000006b44cce7,11.7
16293,2019-08-04T12:41:35Z,8b641985c793a3f25a45b2460cb01f5baa6f339c6dd26ba7752d8a7a,60.16897,24.95222,00000000aa852af1,17.4
16294,2019-08-04T12:41:35Z,8ba6cfc17ca70e8304994e018ebd5eb2003177062cde05925d5cacb3,60.173,24.92524,0000000096918cfa,9.92
16295,2019-08-04T12:41:35Z,8d5672c651968bf1f466b44baefa37f9438850e96140d126f6a99baf,60.16897,24.95222,00000000aa852af1,20.28
16296,2019-08-04T12:41:35Z,8d73f674010f5cb02e8f20251ed86a9afcb7f6b3926039470296bd00,60.17065,24.93641,000000000f4919c9,20.28
16297,2019-08-04T12:41:35Z,8d7da72d35c2ac527039f569af91c4f1de2d3fbb83af89458935fb73,60.1538,24.95595,0000000038bf9618,31.5
16298,2019-08-04T12:41:35Z,8d8a869e83fe2ac29e791666634a33af3ea4048ea4e752b6fb1e238c,60.14947,24.91438,000000004ef3150d,5.41
16299,2019-08-04T12:41:35Z,8dcf139eb279bcc2696420ba9da858e361600ff02cd29587f66660ec,60.16897,24.95222,00000000aa852af1,17.4
16300,2019-08-04T12:41:35Z,8ea568829e5988a5f43e50f26b5973af251de668f8f500a81c34511c,60.1538,24.95595,0000000038bf9618,33.81
16301,2019-08-04T12:41:35Z,9023a89a49a372e5f97cf86ef1b5de0164eb67cc10d394d383ab75fd,60.16829,24.94214,00000000afef4555,21.87
16302,2019-08-04T12:41:35Z,90d2c337b3629bdc073dbbe6f0793b7bf6f65d63deb77bddf24052a8,60.16897,24.95222,00000000aa852af1,17.4
16303,2019-08-04T12:41:35Z,920dc90f60b295267f63efc8f968408087b71878dc3f49f0ded1c41e,60.17919,24.95181,000000007b5207b6,20.28
16304,2019-08-04T12:41:35Z,93a2100e233b204243f7e69b68dea7c9a145d1b5384bd18359bf87a3,60.16531,24.9442,00000000fdda10fe,2.3
16305,2019-08-04T12:41:35Z,9575ef1c44f26f0301d726029c8b1c28011a4724496943451bee6544,60.14947,24.91438,000000004ef3150d,9.12
16306,2019-08-04T12:41:35Z,958ab5fd2d2c7f0c3fe6dc14fe27005fcf35b013db75f708c22a3619,60.16762,24.95415,000000006b44cce7,13.75
16307,2019-08-04T12:41:35Z,9604244c18efd5978b809f021651f7743e0e64da38fcf3718f9b4f93,60.14699,24.922,00000000a53ed894,7.05
16308,2019-08-04T12:41:35Z,96b004e7ce8b4221af704fcf73c09daf78aed09c7ed5803c4bfa5bc1,60.14699,24.922,00000000a53ed894,14.89
16309,2019-08-04T12:41:35Z,9736a8a29aee134a307e0cd4221e9b0a2ab7c48befee43fc62e9f9bd,60.14699,24.922,00000000a53ed894,5.41
16310,2019-08-04T12:41:35Z,98162c76493f6310ae46e45562327ad94182de391f9651985aae487d,60.16762,24.95415,000000006b44cce7,16.1
16311,2019-08-04T12:41:35Z,9862cafd709b75d07c83b397773e0cf33564666cb81814bdbf5e54f2,60.16897,24.95222,00000000aa852af1,12.69
16312,2019-08-04T12:41:35Z,9868033d7f0d18f01d12a4034f37bf5d6e51e5ed9124c68d4b8b8e6c,60.14947,24.91438,000000004ef3150d,9.92
16313,2019-08-04T12:41:35Z,98bb3b6f5e2403b14b8e01616c07b03bb1fd153ded656033d7bd3533,60.16075,24.95883,00000000f1124bca,10.78
16314,2019-08-04T12:41:35Z,994b630283c750a0b697359e32c4bd06d5b4a32d2edb6c12cce42b32,60.16829,24.94214,00000000afef4555,16.1
16315,2019-08-04T12:41:35Z,9a9db814dfa74ca2c2d51496299715310e81c6e6525cc9d2cb0762eb,60.16897,24.95222,00000000aa852af1,16.1
16316,2019-08-04T12:41:35Z,9bad872c31c8c5e53f064b5367350b41271d45ca8a9e508136622800,60.16897,24.95222,00000000aa852af1,5.41
16317,2019-08-04T12:41:35Z,9e3d4a4b1acd94d2896cd7cf56419110f06ea96faae37aadebd4ec77,60.14947,24.91438,000000004ef3150d,4.5
16318,2019-08-04T12:41:35Z,9ff13c715073d5ad9c464cb67b6de3f703435cf389c32cce5626dfe1,60.149,24.9843,00000000fffb8cf0,21.87
16319,2019-08-04T12:41:35Z,a22736c5d66f417bc6b745f51492549dc2e5a3c766f5e7e23f183b41,60.14947,24.91438,000000004ef3150d,5.91
16320,2019-08-04T12:41:35Z,a2e771418a36fc43aa9719d034aa9e3a7a751c5123e4bd33cc2aeea7,60.16531,24.9442,00000000fdda10fe,23.56
16321,2019-08-04T12:41:35Z,a38a21a97a054541f0423f03758c70227116c05254958373e3e93ad0,60.14947,24.91438,000000004ef3150d,6.46
16322,2019-08-04T12:41:35Z,a3d228482bfdd3dbdfaee1ff72b6ac00c2ee8c05e949047ce9117783,60.14699,24.922,00000000a53ed894,4.94
16323,2019-08-04T12:41:35Z,a41e158d772eaf06a23fe6c476419f78fae156bf286c7e56e79cea64,60.14699,24.922,00000000a53ed894,16.1
16324,2019-08-04T12:41:35Z,a422a30ec1eb058c7930e1352297c161639faa5b3ca5f5fa47c4adb3,60.14947,24.91438,000000004ef3150d,14.89
16325,2019-08-04T12:41:35Z,a590e9fb8960943273ead07320590436c531fbaf32e54f7db42f1f19,60.16629,24.95957,00000000fb7600be,20.28
16326,2019-08-04T12:41:35Z,a6158fc663b4931ef4e811a4acf62ab2f658241775e200b14684f87d,60.16897,24.95222,00000000aa852af1,11.7
16327,2019-08-04T12:41:35Z,a6f944078dd26796f5a849ccb6fdf8a4436f913cf3302597c846462d,60.16762,24.95415,000000006b44cce7,7.69
16328,2019-08-04T12:41:35Z,a7472d1b63171c047444981df223670390009e3ea502132d9963e9fb,60.14947,24.91438,000000004ef3150d,9.12
16329,2019-08-04T12:41:35Z,a794d97e26d3678bb11b4364880414bb7bfac4bb49d1867b37b489f7,60.14947,24.91438,000000004ef3150d,10.78
16330,2019-08-04T12:41:35Z,a7a7f84e910c87d01420156efca1675f2f263a8f7f1212bb161e73f3,60.14951,24.92138,0000000006dd41f6,23.56
16331,2019-08-04T12:41:35Z,a8bd45406d5913e098652d4c2d836339758e08d21bf5d88becabdd36,60.14947,24.91438,000000004ef3150d,3.09
16332,2019-08-04T12:41:35Z,a8df2631c2442628608c1f0352c896eb532a6ca08c85de2c77360aa8,60.14947,24.91438,000000004ef3150d,3.4
16333,2019-08-04T12:41:35Z,a8fffb1bf2cf3b58cca0395d98ab3763c45771fed32527f2dedb644b,60.149,24.9843,00000000fffb8cf0,27.28
16334,2019-08-04T12:41:35Z,a9383e1c3d9b3355965662ff18ad95dfb64daa5d8e71fc20e7e50df7,60.14699,24.922,00000000a53ed894,18.79
16335,2019-08-04T12:41:35Z,a96e9a3805def174e6ededa93b88ce312739d9d68941dffdeca03e9f,60.16762,24.95415,000000006b44cce7,7.05
16336,2019-08-04T12:41:35Z,aa076c3f0d09145aebbb750dde9849ba4eb6759e92ba5753280184d6,60.16762,24.95415,000000006b44cce7,11.7
16337,2019-08-04T12:41:35Z,ac93ac0788af8e1b0f20fada4f15ca1ad31f4084b133482d8211571d,60.14699,24.922,00000000a53ed894,18.79
16338,2019-08-04T12:41:35Z,acdcc8ae1d1c6bb055dfc108154eae58b4b894f0ce1ff174c1065c7e,60.16762,24.95415,000000006b44cce7,8.38
16339,2019-08-04T12:41:35Z,ad8af809ed47a3391bb53d11da159b3a8b0ddc264d94c049ce72bda0,60.17065,24.93641,000000000f4919c9,2.08
16340,2019-08-04T12:41:35Z,ae87b8dd8920695bc9e599874667205991c04e30666d8523f0be4350,60.14947,24.91438,000000004ef3150d,7.69
16341,2019-08-04T12:41:35Z,aebba42e4dd1ce769871996739978c7f80bb88994a3616c908b2cd1a,60.173,24.92524,0000000096918cfa,21.87
16342,2019-08-04T12:41:35Z,b06c7ebb0cc7182279f47fe99da297fb7bda883549cb7bbc05dff36f,60.16829,24.94214,00000000afef4555,18.79
16343,2019-08-04T12:41:35Z,b0a20a40885487350aaf5c8f46dab27d4d7e1d5c24fefec54c0c62d4,60.16829,24.94214,00000000afef4555,12.69
16344,2019-08-04T12:41:35Z,b12b27061f30d5659794f14cbed5e4726c5af1ef526611d3b2dded29,60.14947,24.91438,000000004ef3150d,11.7
16345,2019-08-04T12:41:35Z,b27b090bd1bd9828dcb6ddbd0a1394e4aa097974747dff90ba0eff71,60.16897,24.95222,00000000aa852af1,16.1
16346,2019-08-04T12:41:35Z,b2a01c2a06c3cf1a48333e58e787d9eaf2f975a738c02878220d7774,60.16829,24.94214,00000000afef4555,7.69
16347,2019-08-04T12:41:35Z,b3d99c04e3db6b698e6e54f19434461336954d0c15385bff6e557be8,60.173,24.92524,0000000096918cfa,21.87
16348,2019-08-04T12:41:35Z,b3e9da5a37ed8ed450753cb7443e607ed1de2af685bad5be61b3e91c,60.16075,24.95883,00000000f1124bca,18.79
16349,2019-08-04T12:41:35Z,b41cc64d7ab4e16a03573bdc3b5863c4b402ec66c7780c7900c02877,60.16829,24.94214,00000000afef4555,18.79
16350,2019-08-04T12:41:35Z,b523d3f8341906e4b3877ff7d9614b4e10d6bbf10afdcc6c53656c8f,60.17065,24.93641,000000000f4919c9,25.36
16351,2019-08-04T12:41:35Z,b5e3abaccf4a03480985d25eb9fbf454c87f7ad06c38c8bdeb0819fa,60.14699,24.922,00000000a53ed894,16.1
16352,2019-08-04T12:41:35Z,b7039958be9f53a3eaed97f705a1974815f52f25226e920155397bec,60.16075,24.95883,00000000f1124bca,14.89
16353,2019-08-04T12:41:35Z,b8201571cb5ac01b7db7af4fba6c7ff58336a3f03d0fe13edf985c41,60.173,24.92524,0000000096918cfa,20.28
16354,2019-08-04T12:41:35Z,b82ba472f0cb919b39c31b9c737f1608f6a31ffa63352768f9fa12ea,60.16829,24.94214,00000000afef4555,29.32
16355,2019-08-04T12:41:35Z,b92c7fb1d77c3f326d59dbe2689bb5b8ff10fcd691f28b36aa98408c,60.17002,24.94407,000000006b087f40,25.36
16356,2019-08-04T12:41:35Z,b9c0ac0bb7310d92c296a8870603ebd12c0c632cfc2a1fa33092b337,60.16762,24.95415,000000006b44cce7,11.7
16357,2019-08-04T12:41:35Z,bb0193f2b0ac4801fe82ed5cec75e687465d707d92e731047f81650f,60.1538,24.95595,0000000038bf9618,1.12
16358,2019-08-04T12:41:35Z,bbe1e18f88cf88928067a0221965768c1f2ae264291cea564d7eb7e8,60.16897,24.95222,00000000aa852af1,18.79
16359,2019-08-04T12:41:35Z,bbe7947ea50de5986f237ccab5782ddb55c199ad6a81e8f692670d0c,60.16829,24.94214,00000000afef4555,4.5
16360,2019-08-04T12:41:35Z,bbf8cd606b9732370f1c0ae0e68d6d0663a23102d831dd10c0e74819,60.16897,24.95222,00000000aa852af1,20.28
16361,2019-08-04T12:41:35Z,bc07df8cc395f6f4f5d483b2233caca5f93a6918f346e4cc3702f8cc,60.16531,24.9442,00000000fdda10fe,10.78
16362,2019-08-04T12:41:35Z,bc3861c61a46fbf78a7423712f1a528cf9f8332531271933056c233f,60.16829,24.94214,00000000afef4555,4.5
16363,2019-08-04T12:41:35Z,bd055b33f37a0f4211ef88e2ac4d20e5a0620250bc6133d5ccbda839,60.14699,24.922,00000000a53ed894,11.7
16364,2019-08-04T12:41:35Z,bddca8fc17056f9f207a259070e281eedf4cea3e8e22093b88bbd7b5,60.14699,24.922,00000000a53ed894,11.7
16365,2019-08-04T12:41:35Z,be21a77f983baae8e0ba646eda0988a618149dcc7ef4c303c35d5377,60.14947,24.91438,000000004ef3150d,20.28
16366,2019-08-04T12:41:35Z,bebf1edb9736fe66391376c4cf2a3033ab9fa83ae21f86b66392e2d0,60.16762,24.95415,000000006b44cce7,11.7
16367,2019-08-04T12:41:35Z,bef86aee891e6813146b3b9679809c39591429ebddf99a44cc9a60ed,60.14951,24.92138,0000000006dd41f6,27.28
16368,2019-08-04T12:41:35Z,bf2e5725b255e320f1e8375ec03f55194f1fd9f751be9629d873a5c8,60.14699,24.922,00000000a53ed894,2.54
16369,2019-08-04T12:41:35Z,bf992d3cd95a73f02d7223eaffe90a94e3e1e98a8c6759bab631b5b0,60.14947,24.91438,000000004ef3150d,18.79
16370,2019-08-04T12:41:35Z,c01fcd711ab1703615e2dc0f683e54f03b64eefe2f5727d20f3e9fd8,60.14699,24.922,00000000a53ed894,20.28
16371,2019-08-04T12:41:35Z,c0722f63618f97eb8ec4afac1a8538b81a3c87e623d753ad1201bf7c,60.16075,24.95883,00000000f1124bca,3.09
16372,2019-08-04T12:41:35Z,c1e4323d2276cb6e358f5fabb123294e7a0ef87e7169f3cccc8f2e03,60.16075,24.95883,00000000f1124bca,18.79
16373,2019-08-04T12:41:35Z,c22d0093a8d103f59838ad43218fa834e328847e5094bcb2e98d5307,60.16829,24.94214,00000000afef4555,11.7
16374,2019-08-04T12:41:35Z,c25db2e7a7b685e41480c3c47352c0ed5e57e4cb99af3ff5b5a611d7,60.16829,24.94214,00000000afef4555,27.28
16375,2019-08-04T12:41:35Z,c261834e6d2c1bd9adddb82d8c6ce2d8aad82a89e32da62f3fcc6063,60.16075,24.95883,00000000f1124bca,25.36
16376,2019-08-04T12:41:35Z,c36d58ed0e0dddb3e26be1214e369db1c3fa3d4bcf8b53536a25239b,60.17065,24.93641,000000000f4919c9,4.11
16377,2019-08-04T12:41:35Z,c3be6dcc2c0542676c20d28ce38adbe2c0b9be09caa3f22e60210636,60.16075,24.95883,00000000f1124bca,4.94
16378,2019-08-04T12:41:35Z,c493415e869d6e6304841784a120f994272b83557256b43e44e4f3e0,60.14699,24.922,00000000a53ed894,21.87
16379,2019-08-04T12:41:35Z,c593e91b10da944a20d25c4237bda2fae759d288cea38bcaaee3abfa,60.16448,24.97323,0000000053c6c2be,25.36
16380,2019-08-04T12:41:35Z,c633a260ce59bad4e1ca42f12936ed8ae57a40f5e6528dfb70052c43,60.16897,24.95222,00000000aa852af1,9.12
16381,2019-08-04T12:41:35Z,c905a50dedd9b3d2114cde9160b7adf83adc09683b65598ce24c4047,60.1538,24.95595,0000000038bf9618,20.28
16382,2019-08-04T12:41:35Z,c9822d9c012b25f745a2934c523f3c9e6db75fbe3f5e673475813381,60.15432,24.9211,0000000019fb59c4,27.28
16383,2019-08-04T12:41:35Z,cad80f69731ad65f7f14bf400d674e0c42de462bd42db112c9d9f261,60.16075,24.95883,00000000f1124bca,11.7
16384,2019-08-04T12:41:35Z,cb3f05d5604f5532e039e6d40514b13aba8f6274d952bb17a8b801fc,60.15432,24.9211,0000000019fb59c4,23.56
16385,2019-08-04T12:41:35Z,cbc336691f17a9c508549e03d522166247a0cd0a944321c1a7d15525,60.14699,24.922,00000000a53ed894,13.75
16386,2019-08-04T12:41:35Z,cc2cf42c6b14536fb92c810ff0e3dd5a3caa74236f14246a5b6e8cdc,60.16762,24.95415,000000006b44cce7,5.41
16387,2019-08-04T12:41:35Z,cd4ecd3b83630f6e5d65f635804e47a1ceb82853aac36af30044f06a,60.149,24.9843,00000000fffb8cf0,31.5
16388,2019-08-04T12:41:35Z,cd62fc5a92bd89f24a6e3d736d5511bf872859d762723b92f2092abc,60.16829,24.94214,00000000afef4555,20.28
16389,2019-08-04T12:41:35Z,cd9b2be9ffb37c8b7c5c25f587c95b1c7932a21fb245487ea2f740d9,60.14699,24.922,00000000a53ed894,11.7
16390,2019-08-04T12:41:35Z,ceb777dafa9b7e39125b89735b7f0cf22c3018eb0196043ac8160370,60.14699,24.922,00000000a53ed894,7.69
16391,2019-08-04T12:41:35Z,cfa42322be0000cf89d8969d1b88ace0ba99cab721dd58d55d41a36e,60.17065,24.93641,000000000f4919c9,11.7
16392,2019-08-04T12:41:35Z,cfc2a688ff31fbb1baac8790fb6d56dc7746ba2cf9e0e5f39d4751a4,60.14699,24.922,00000000a53ed894,9.12
16393,2019-08-04T12:41:35Z,d0413da80c7714f40ffe50dcfb00039280c64ecebc61c59df72965e6,60.149,24.9843,00000000fffb8cf0,31.5
16394,2019-08-04T12:41:35Z,d0aa228c2a3e6e1568e876cffc76874702e0f0f63f18533551bf02c1,60.16075,24.95883,00000000f1124bca,25.36
16395,2019-08-04T12:41:35Z,d0cab2a2660dcc5cb99a9bdf39d2e6b31b7498985db1b50e48cb478d,60.18203,24.91341,00000000342570c2,20.28
16396,2019-08-04T12:41:35Z,d12f9e6275869a74f979eac17b326dfe329bbd78b8732fc998b5f132,60.14699,24.922,00000000a53ed894,10.78
16397,2019-08-04T12:41:35Z,d1494ea9019ebe27ab1e0e4d26f4f307c19720a0d8851bc848d80cab,60.1538,24.95595,0000000038bf9618,20.28
16398,2019-08-04T12:41:35Z,d1e3b42846da964eb43395a0c02d5cccd930d1a09090f9d668f1ebd9,60.16829,24.94214,00000000afef4555,18.79
16399,2019-08-04T12:41:35Z,d388a2c86cc65945e59a07273222ff57fc3585d4756b5c498dd443ac,60.16897,24.95222,00000000aa852af1,18.79
16400,2019-08-04T12:41:35Z,d38e88e5b926f9d1de6e326cca45116fcca11f10684c80876739c6cd,60.16075,24.95883,00000000f1124bca,5.91
16401,2019-08-04T12:41:35Z,d3c0cff604283ea6adeabb4f867f3fcaf8ee41fd27fc600d33c4d70d,60.16075,24.95883,00000000f1124bca,14.89
16402,2019-08-04T12:41:35Z,d64eda229ebb6012e59bc89eacb74918e404ce52f16b491f3d48e800,60.16897,24.95222,00000000aa852af1,18.79
16403,2019-08-04T12:41:35Z,d6b274f1f49dde057f37b6d65670f16c2a7ba75e21283e342e5c3bfb,60.16762,24.95415,000000006b44cce7,12.69
16404,2019-08-04T12:41:35Z,d75c412090c347ad7fca9287bcc4eb9bfb757dc7c1725109861dd93e,60.16629,24.95957,00000000fb7600be,14.89
16405,2019-08-04T12:41:35Z,d87210146aab139cc6640a20b428dce6ac516806a71a177b70e04f62,60.17065,24.93641,000000000f4919c9,11.7
16406,2019-08-04T12:41:35Z,d8f93f7019ced3cf8ccc2946465e8113293e75498092e982fd45bbc5,60.16762,24.95415,000000006b44cce7,13.75
16407,2019-08-04T12:41:35Z,da0c40291d3ace2273a08e3c9b87cbc15b0f03d0dba61e7c5a88dc0c,60.15432,24.9211,0000000019fb59c4,31.5
16408,2019-08-04T12:41:35Z,daac051ca20430238282e179e0fe525b11ff1e8f1ace26d45b41f331,60.14947,24.91438,000000004ef3150d,11.7
16409,2019-08-04T12:41:35Z,db6993de0692cf79ab1b8e7d86e4b5832d11f57f026a6eb339f977bf,60.14699,24.922,00000000a53ed894,16.1
16410,2019-08-04T12:41:35Z,db9cee77723e2258651606fd447070139d95eb1138f8e56957bff8f1,60.17002,24.94407,000000006b087f40,23.56
16411,2019-08-04T12:41:35Z,dbf9f0495974591badcee3fcfc1b5eb718b26de86aaf486c351ad084,60.14947,24.91438,000000004ef3150d,9.12
16412,2019-08-04T12:41:35Z,dc439ef81c2abfb840e3ab145f2b944aae18a1beffd3eb47de845b9c,60.16531,24.9442,00000000fdda10fe,29.32
16413,2019-08-04T12:41:35Z,ddc8410b9e4ece4b995b789f95e526693bac176ed77092ba57355dc8,60.16762,24.95415,000000006b44cce7,2.54
16414,2019-08-04T12:41:35Z,ddd849ee86afceedd5f5582ede84380d5596c9ea304d634ab0fd0de0,60.16829,24.94214,00000000afef4555,16.1
16415,2019-08-04T12:41:35Z,de09fd8d15c3d7adbf440a3d0a418a3b476513c968bda8a4aa652adf,60.173,24.92524,0000000096918cfa,29.32
16416,2019-08-04T12:41:35Z,de0d086ae32f87522eab31d3bc52545ed17b065889674963c0709568,60.16829,24.94214,00000000afef4555,18.79
16417,2019-08-04T12:41:35Z,de3fe5f63e74a582e06c8cb02e6128d6013827015ba3e2fe93082977,60.17002,24.94407,000000006b087f40,20.28
16418,2019-08-04T12:41:35Z,de665e2881b544352f9ae484ad22edb5f4183ea4591dea0646fc8897,60.14947,24.91438,000000004ef3150d,21.87
16419,2019-08-04T12:41:35Z,de84f754a3916c8f831b0bb8ea41fc2a42cdea2794558fece3c7ae97,60.1538,24.95595,0000000038bf9618,20.28
16420,2019-08-04T12:41:35Z,e02c0f9f72e9f248a4b5df8af328e1a0132d4d8a72c1e603d14cdacd,60.18203,24.91341,00000000342570c2,14.89
16421,2019-08-04T12:41:35Z,e0e938d5ab6fe3b13270163cd8a4e531dfae4b24ff98ab7e4277114c,60.14947,24.91438,000000004ef3150d,27.28
16422,2019-08-04T12:41:35Z,e0ff1e75104c5dfa3549647c238569888e353e1322256a5c6979de0b,60.14699,24.922,00000000a53ed894,7.69
16423,2019-08-04T12:41:35Z,e1cbbba69be9f9e38dbd0b8b87c2462229dfc7862362eb4b76a5c8b6,60.14947,24.91438,000000004ef3150d,33.81
16424,2019-08-04T12:41:35Z,e23a6115ba872037f9b5066c9c9c966b497f449e32a2c9ceb0e55497,60.16829,24.94214,00000000afef4555,9.12
16425,2019-08-04T12:41:35Z,e341e5e3e0b4fef8c3764508293310da5922b202d791694e43069ad1,60.16544,24.95398,0000000038d83d41,14.89
16426,2019-08-04T12:41:35Z,e34bcebfa007159f3d2adb0e62e20fcf721a221f52bdfe2a6ad77831,60.18203,24.91341,00000000342570c2,27.28
16427,2019-08-04T12:41:35Z,e3958567766a3d31f49f6b0c3171d3e8c31d30783a684788f5baac02,60.16762,24.95415,000000006b44cce7,20.28
16428,2019-08-04T12:41:35Z,e447e76c7b53157c11d5bfeb172c27332c81b5ec7f263badf5507888,60.149,24.9843,00000000fffb8cf0,12.69
16429,2019-08-04T12:41:35Z,e621e7131322cca25ac9c09fde26ef4c94d2ba83c5679134b2bcf63d,60.16762,24.95415,000000006b44cce7,10.78
16430,2019-08-04T12:41:35Z,e6f4e3d1f5e01888556b077224cb4d8f88d63306fff2388e3fd997d0,60.14951,24.92138,0000000006dd41f6,21.87
16431,2019-08-04T12:41:35Z,e7cd5f775c7eea951719f351fcc25c710f857832d6f4b70a51b7b82d,60.16897,24.95222,00000000aa852af1,18.79
16432,2019-08-04T12:41:35Z,e826dedac8582e619ce18cd7eed68be5ee1fc9ed37e191e06f916835,60.14947,24.91438,000000004ef3150d,13.75
16433,2019-08-04T12:41:35Z,e9115410fa45db5a174eee008cae729dc69937a0e0b5a304899bf1b9,60.17065,24.93641,000000000f4919c9,21.87
16434,2019-08-04T12:41:35Z,e92eb020afcd7c1fad04690230ff8c2f005e404dd25b8dced1df30dd,60.16075,24.95883,00000000f1124bca,8.38
16435,2019-08-04T12:41:35Z,e9e19621fc5cfcfed2c808bbadc6cc6dd31e28d3c04cef8b89ca2729,60.16075,24.95883,00000000f1124bca,21.87
16436,2019-08-04T12:41:35Z,ea157e44ed100be3f782d8b3d8e5e0986079c588c9ea754b14917df0,60.16829,24.94214,00000000afef4555,0.05
16437,2019-08-04T12:41:35Z,ea2f4d9799324f4cd2a6fcda1625b65acdbab9f6b8331c26f63beec2,60.16897,24.95222,00000000aa852af1,16.1
16438,2019-08-04T12:41:35Z,eac6fda3a18aa9ce55b6359f5c62a044e0bcd6bc3576c8cd815acf07,60.14699,24.922,00000000a53ed894,12.69
16439,2019-08-04T12:41:35Z,ec350e26364cb676c4cdb72647f039c31e27c775e7bb8973223e5d9b,60.14947,24.91438,000000004ef3150d,18.79
16440,2019-08-04T12:41:35Z,ec424a10bcefb6e69c2eabf42534f06e7a10aa0cfb28f6478052cade,60.14699,24.922,00000000a53ed894,5.91
16441,2019-08-04T12:41:35Z,ed79b42b7b79277b944e3800c2bf93fefe5be88fe6d0d2b52a944ea8,60.16762,24.95415,000000006b44cce7,12.69
16442,2019-08-04T12:41:35Z,ef352dcaa8317b6a3c0a02cd8908dd13da5601cc66ba65c5fd8d031a,60.14947,24.91438,000000004ef3150d,3.74
16443,2019-08-04T12:41:35Z,ef77b04fc57a9781bf581172358ba74cf41e0b2a6ecc8090f99810bf,60.14699,24.922,00000000a53ed894,12.69
16444,2019-08-04T12:41:35Z,efe8b6c6fdf0d2caccd589aaaa4f0228a80590ff9ec7961f2e92103d,60.16762,24.95415,000000006b44cce7,14.89
16445,2019-08-04T12:41:35Z,f00fb569fe1448dccb8e92e24b081a3164b59eb117131800780c70a9,60.14699,24.922,00000000a53ed894,21.87
16446,2019-08-04T12:41:35Z,f04b198f2f3331022f4a89ef2c2d12283e9c1c03a6c64a1dcb6e76cc,60.173,24.92524,0000000096918cfa,23.56
16447,2019-08-04T12:41:35Z,f062cb52d49926a4fb39f723275ed60ab6c0f3bf34e0c3f9d233b7b8,60.14947,24.91438,000000004ef3150d,3.74
16448,2019-08-04T12:41:35Z,f15b72a3aad411d2f8a70b41c4f62ad2d744d064d42ec00c71a18ac5,60.16762,24.95415,000000006b44cce7,4.11
16449,2019-08-04T12:41:35Z,f1845e00642980be3cdc27a088c619bb0616b86f7cfa0b8909efac80,60.16544,24.95398,0000000038d83d41,27.28
16450,2019-08-04T12:41:35Z,f1eb1b22a5e01064a1829b325d256218c68bc9134f03a3f09f3e2566,60.16829,24.94214,00000000afef4555,13.75
16451,2019-08-04T12:41:35Z,f20f951802c722181f0e90095001c49e73f84049bb105b95c97049d1,60.17918,24.95141,00000000675d5200,25.36
16452,2019-08-04T12:41:35Z,f2adb546cdbceb99c6ab882f712614e2b9a2bec328ec26febcf2fa83,60.16762,24.95415,000000006b44cce7,25.36
16453,2019-08-04T12:41:35Z,f2e063c8c25a8bec0dd6ec3924a5f59fd9694078f2f3fd5b3ea96f29,60.16762,24.95415,000000006b44cce7,13.75
16454,2019-08-04T12:41:35Z,f366283765028e1454f3cfc564b9f220c9d700bfa8a843746eca3141,60.16897,24.95222,00000000aa852af1,12.69
16455,2019-08-04T12:41:35Z,f39827c3c7f4c833d1118043492f78e3255b6da9f4a2c000041d9b61,60.16829,24.94214,00000000afef4555,0.34
16456,2019-08-04T12:41:35Z,f45bb5439cba45e9d83f582863bb79887e6c579fad6697300ab0fb93,60.14699,24.922,00000000a53ed894,36.27
16457,2019-08-04T12:41:35Z,f5f7cfe177dfb0b7ebba2419ae53f70b6b5690dd98d98586004a9107,60.149,24.9843,00000000fffb8cf0,10.78
16458,2019-08-04T12:41:35Z,f7f0caf73572bea3c08b592eeb9655b2668cfb16fd8840ca5619d84a,60.14699,24.922,00000000a53ed894,10.78
16459,2019-08-04T12:41:35Z,f81439a39740937c6cba523d5ebca87b52d69ff29fb449cf42ade4d6,60.14699,24.922,00000000a53ed894,13.75
16460,2019-08-04T12:41:35Z,f868d87b5d5a7094b60a131cd3e120c25787ebf751f7c93640b34942,60.16897,24.95222,00000000aa852af1,18.79
16461,2019-08-04T12:41:35Z,f89ed6a4a644f021299a91bd365b752023ef85e8cb44c2ce33ca3b07,60.16448,24.97323,0000000053c6c2be,33.81
16462,2019-08-04T12:41:35Z,f9a7057352731d27889cbd388be5902a6e62b297a3467232e8e47094,60.16762,24.95415,000000006b44cce7,16.1
16463,2019-08-04T12:41:35Z,fa96854324adae88abb35afa34b2393a20338bfd8fc9602d3ce6ae8d,60.14947,24.91438,000000004ef3150d,4.11
16464,2019-08-04T12:41:35Z,fc618d570293e104f3bf927312641e3b7c65acce185b1614337d848c,60.16829,24.94214,00000000afef4555,14.89
16465,2019-08-04T12:41:35Z,fce50ac3cfd2f3b7a897f6575eeda4e45ab42e5b9b5351be836cc0de,60.16897,24.95222,00000000aa852af1,23.56
16466,2019-08-04T12:41:35Z,fd77161cf9715d9d0f922cf45e79e5d9b9debef5113cb32a4f82ef76,60.16762,24.95415,000000006b44cce7,7.69
16467,2019-08-04T12:41:35Z,fe5ca86c906b1cb3bf9dd257ceefc562e41da499878f1074484f7d42,60.14947,24.91438,000000004ef3150d,18.79
16468,2019-08-04T12:41:35Z,feb399897846bc34dc3f4b06ac4ef0ffb0db885977b88e5c5fdb7350,60.14699,24.922,00000000a53ed894,7.69
16469,2019-08-04T12:41:35Z,ff4f3e0f964f23b97e88626f7a506bb4409718931712c58ce0f247af,60.16762,24.95415,000000006b44cce7,10.78
16470,2019-08-04T12:41:35Z,ff8280896145ae17e594c52eac2cdbab47d3757d797878fbc4298596,60.1538,24.95595,0000000038bf9618,27.28
16471,2019-08-04T12:41:35Z,ff8d5b9e61bd912b13b664db8ef2919e1f515ca3b20ae67f532a5c8a,60.16762,24.95415,000000006b44cce7,14.89
16472,2019-08-04T12:41:36Z,002609eccfa6482109fb43966e0153bf6f371425cf715e49925348dd,60.14699,24.922,00000000a53ed894,16.1
16473,2019-08-04T12:41:36Z,07d86ad98399440d0cc3bd3382a7256feb971e49a3686dc17f532e1c,60.16829,24.94214,00000000afef4555,16.1
16474,2019-08-04T12:41:36Z,112c36ba789fa57e2b19c9bff8bfe0b3eba19a431c3af4656c4cee5b,60.16531,24.9442,00000000fdda10fe,27.28
16475,2019-08-04T12:41:36Z,14c7e1511b70f4dd3359cbece1377aebb4d70531f5489eefe53d7c3c,60.16544,24.95398,0000000038d83d41,21.87
16476,2019-08-04T12:41:36Z,1599d2c9070a6f05e1a5887c2d9209214c04818c6203fe75440734f2,60.1538,24.95595,0000000038bf9618,25.36
16477,2019-08-04T12:41:36Z,165ebbb4090d47319ae370f0d0854fdc1f6b79499f8b2e4d3c3533c0,60.16544,24.95398,0000000038d83d41,23.56
16478,2019-08-04T12:41:36Z,16962a7bb036a995c8cf0c2bc17153c812c23d9af2eaf2207425da3b,60.14951,24.92138,0000000006dd41f6,29.32
16479,2019-08-04T12:41:36Z,1e7ea410376fbdb3f3c476c76d23abad5d830690f78f71ea06f7e321,60.16075,24.95883,00000000f1124bca,16.1
16480,2019-08-04T12:41:36Z,211f6b7b044343d0be369791b3fa3c144d0d0f391e2a42787712efb0,60.16448,24.97323,0000000053c6c2be,14.89
16481,2019-08-04T12:41:36Z,25a7ff811c3c06e426c7c2cbb0433d9a2a3399b23afecbd35584ab0f,60.18203,24.91341,00000000342570c2,14.89
16482,2019-08-04T12:41:36Z,2603b5aecd8f219a410e558446935308ecabb09a6c9e5b38533728ff,60.16829,24.94214,00000000afef4555,17.4
16483,2019-08-04T12:41:36Z,2d3d031189abfaea69cd551a97b2b2d056a908f19bc56701010a2304,60.16897,24.95222,00000000aa852af1,13.75
16484,2019-08-04T12:41:36Z,315af4a829b592ba99b203b8ed2cbd499769f8752dfe6de7da4ee929,60.16829,24.94214,00000000afef4555,20.28
16485,2019-08-04T12:41:36Z,3944bc7a301be7241d1f7bc4a97f221000d535ce3d8a9af9af9b23b5,60.16531,24.9442,00000000fdda10fe,25.36
16486,2019-08-04T12:41:36Z,3b5cafe90982db26cf737b2e4cd4275276f6a031bca3b2a1f73023b2,60.14699,24.922,00000000a53ed894,20.28
16487,2019-08-04T12:41:36Z,43b676ed3aef4c2d8846694817e76117873be52e7f788e0cb366c1c4,60.16629,24.95957,00000000fb7600be,31.5
16488,2019-08-04T12:41:36Z,44d0b94469070803869f229601e877beb613c3f5aafa009addf97a1a,60.16544,24.95398,0000000038d83d41,17.4
16489,2019-08-04T12:41:36Z,4656bad9b5e6dfc3977eca308fc1db3dbf8b0204b90d09b001da242e,60.1638,24.96846,00000000d747f075,31.5
16490,2019-08-04T12:41:36Z,4d78d16b0cd79cc600b42ad9bc5504bf56df36a3e95daeeecc070053,60.16897,24.95222,00000000aa852af1,12.69
16491,2019-08-04T12:41:36Z,5bbb5184fded3e51bc78e45e39917794285e6bbc72da404802a9599a,60.16531,24.9442,00000000fdda10fe,29.32
16492,2019-08-04T12:41:36Z,5d65719c4cbf045f068d084b72302f447d5fd034413d97d13be00d0e,60.18203,24.91341,00000000342570c2,18.79
16493,2019-08-04T12:41:36Z,5eed115a984d490b02b602d73787aee8dc8c4e9365b77fbff3818a76,60.16629,24.95957,00000000fb7600be,27.28
16494,2019-08-04T12:41:36Z,5fecff186138a9b3e31c6086c33dcd5f1d209e64f0afeed7c688cab0,60.16897,24.95222,00000000aa852af1,20.28
16495,2019-08-04T12:41:36Z,653a92a7828f2c43bc74899753f872e8b93c30b6fb419b651a94bbc1,60.16897,24.95222,00000000aa852af1,17.4
16496,2019-08-04T12:41:36Z,69219e9efa41ae9e732653e9eaf08e1a34cb853a9dafe76ddeea4d04,60.16897,24.95222,00000000aa852af1,20.28
16497,2019-08-04T12:41:36Z,6a70e2fbced719333e21eff04fcb9cb36bae9a04d1a3d6ddd96f2c58,60.15432,24.9211,0000000019fb59c4,8.38
16498,2019-08-04T12:41:36Z,70d8572458a1a103555bab897b6443e601e0ed211414b15ad0b56f60,60.16544,24.95398,0000000038d83d41,25.36
16499,2019-08-04T12:41:36Z,747f2d1ebff218c0ebbdc0fdaef4cbe56633dfb46ae1b1f8c8142201,60.16762,24.95415,000000006b44cce7,18.79
16500,2019-08-04T12:41:36Z,7678cdb86d454ca9ae52f22d97e635106585a3a046d01da4463695cc,60.18203,24.91341,00000000342570c2,18.79
16501,2019-08-04T12:41:36Z,85ef35aecf2ff804be3d958b592705ec41c6df9c128c132c65bb283d,60.16897,24.95222,00000000aa852af1,27.28
16502,2019-08-04T12:41:36Z,87dfaad29a9276ddddb1fa021d3bc23ad14824c1af16f7d87e713689,60.14951,24.92138,0000000006dd41f6,9.12
16503,2019-08-04T12:41:36Z,88808fe92573e9cdf022cc15b9689b6b4b9429f60513c8897b0ba4c7,60.16897,24.95222,00000000aa852af1,16.1
16504,2019-08-04T12:41:36Z,89982a6acf91b79a282a6b63978e946ee205f303fcd20e944e06baf0,60.16544,24.95398,0000000038d83d41,25.36
16505,2019-08-04T12:41:36Z,8c3b1ed0846e38cc84b863a80540c8a75bfd85c8bdda36563d153110,60.16544,24.95398,0000000038d83d41,23.56
16506,2019-08-04T12:41:36Z,9843c6216661048343a0e49cf3d8aa2883cf77f452666a1c873a1052,60.16448,24.97323,0000000053c6c2be,14.89
16507,2019-08-04T12:41:36Z,9bc8068948a5b881e1bded553efe012fe129e3e4df62f64a6724917e,60.16829,24.94214,00000000afef4555,25.36
16508,2019-08-04T12:41:36Z,9fc0711d7e7722eff7faa0cb6f17846680c06515c1eb93dd49ebcf25,60.14699,24.922,00000000a53ed894,14.89
16509,2019-08-04T12:41:36Z,a8f8130135c784b027355228017bbfe99e5a6eecec153d44b78bedd3,60.16829,24.94214,00000000afef4555,14.89
16510,2019-08-04T12:41:36Z,a91d379a4b57c5df22db0d7a041ff69f657b4b31f28554b1011fc03c,60.16544,24.95398,0000000038d83d41,29.32
16511,2019-08-04T12:41:36Z,acd2647d413f41552b31b6e383da445c8902bc2a764d2b7791a7b164,60.16762,24.95415,000000006b44cce7,13.75
16512,2019-08-04T12:41:36Z,af807b67ce09a2ce1744025c421961213f1608ca658ece4df69555a1,60.16762,24.95415,000000006b44cce7,8.38
16513,2019-08-04T12:41:36Z,b5fd6b317890e5ab2d79e2cd1abe61626d45a753c7337d0d40728898,60.16762,24.95415,000000006b44cce7,16.1
16514,2019-08-04T12:41:36Z,bb98768dad0f7c52cf643f035a3e7e48f5cfe28557c66f2a75914b31,60.14699,24.922,00000000a53ed894,14.89
16515,2019-08-04T12:41:36Z,be41ebc5fb0d348fc1ef1166d44251c3112a78a4ea01aa980364ee7c,60.14699,24.922,00000000a53ed894,12.69
16516,2019-08-04T12:41:36Z,c40c37def6bf11a63a2556519a7c6233fd417cdeea2cf14f28e7c42c,60.16531,24.9442,00000000fdda10fe,27.28
16517,2019-08-04T12:41:36Z,c57798b6cb94af1e3e6f6a5c075de6a78c68f325119741127f810a0e,60.16897,24.95222,00000000aa852af1,17.4
16518,2019-08-04T12:41:36Z,ca6927628f5ddda20036865c9345ad93d476d62ade3b181de568eed6,60.16897,24.95222,00000000aa852af1,23.56
16519,2019-08-04T12:41:36Z,cf05623e4d87ce0906c0b0b7dbf53aacc1228016cd27c341228b6e76,60.18203,24.91341,00000000342570c2,20.28
16520,2019-08-04T12:41:36Z,d0a50f3001c258a38880550f6c0835fcaa85f0a6d36687dc5de98f3b,60.16629,24.95957,00000000fb7600be,29.32
16521,2019-08-04T12:41:36Z,ded49640b591e73bff71f84fb99d2739eb6c9554164a015017725e03,60.16829,24.94214,00000000afef4555,17.4
16522,2019-08-04T12:41:36Z,e8e366e76c97944e23c0f80b4fd3ce6e5832744922297146a49f0c7e,60.16762,24.95415,000000006b44cce7,10.78
16523,2019-08-04T12:41:36Z,e96bd269a48b822b06141c3362fcb6d5ed4d0d09a120f2e4a712d5c2,60.16897,24.95222,00000000aa852af1,12.69
16524,2019-08-04T12:41:36Z,ed70dda6b7faebd4340dacdb452ab224d9d3c308df417b7fa76f54e8,60.14951,24.92138,0000000006dd41f6,23.56
16525,2019-08-04T12:41:36Z,f088630d7476dae7d4b7e2bb1f10575f2c89acb4b6e061f3d57c2b40,60.16531,24.9442,00000000fdda10fe,33.81
16526,2019-08-04T12:41:36Z,f405a7c4a3a4339f8e3f7e552f6492d6eed76f7d08c54943286213de,60.16762,24.95415,000000006b44cce7,11.7
16527,2019-08-04T12:41:36Z,f6609ab1076b1105bb845595a03b41b8fbb282f79c337df5bbc9f841,60.14699,24.922,00000000a53ed894,11.7
16528,2019-08-04T12:41:36Z,f94dddacf96965952551200a02b41925bcd21402aceafb12f19931af,60.16075,24.95883,00000000f1124bca,10.78
16529,2019-08-04T12:41:36Z,fbb75be788ddadef0cdb49568eccaf53db4a58b2fe9a5e3626b53be6,60.1538,24.95595,0000000038bf9618,29.32
16530,2019-08-04T12:41:36Z,fc4f3a44235f1cfc7b53f14ba2da599976a5a0a220d23b852688e485,60.17919,24.95181,000000007b5207b6,21.87
16531,2019-08-04T12:41:36Z,009ad4cd2bd97e04da44cc9789e6bdbdb899eded61d05b7d5634b7be,60.16829,24.94214,00000000afef4555,7.05
16532,2019-08-04T12:41:36Z,00a07b1f8113691d8475c54082a14cdd54decf9845a90e75df8031a6,60.17065,24.93641,000000000f4919c9,18.79
16533,2019-08-04T12:41:36Z,010298d620fbe80ab4f46c866c215217b2bf1fd12a2a67b9e56b4ce8,60.16829,24.94214,00000000afef4555,14.89
16534,2019-08-04T12:41:36Z,032e5d7621738a50c9e742e0cba13c819f7c67cedf8687f3ab25595c,60.16762,24.95415,000000006b44cce7,16.1
16535,2019-08-04T12:41:36Z,033759f09b97a9347fd7852dbc2bcd3abbb67a792486acad9d185bca,60.16762,24.95415,000000006b44cce7,7.69
16536,2019-08-04T12:41:36Z,036c183505fea646b54aeb0c612913cafba94eca65e47d3c6d840a68,60.17919,24.95181,000000007b5207b6,31.5
16537,2019-08-04T12:41:36Z,0413805762399525f916572e0de4852c934500b4a8465ac67a535d41,60.16762,24.95415,000000006b44cce7,13.75
16538,2019-08-04T12:41:36Z,0479a26a59d65bf1dee05c06f4227a0ba63a6e9c9a09e7c34f2e06b4,60.14699,24.922,00000000a53ed894,18.79
16539,2019-08-04T12:41:36Z,04b49a34910d12f55243dd5a756c7cc1e506e5d3cdb418cc635e9ad9,60.16762,24.95415,000000006b44cce7,11.7
16540,2019-08-04T12:41:36Z,04b5d29c48edaaf4904a98e412562e3c0d857eb20342cc7c323d4293,60.16762,24.95415,000000006b44cce7,8.38
16541,2019-08-04T12:41:36Z,05d441c83d2df822feaf93d7861452db7a201f22d84cfa36f421dfd2,60.16544,24.95398,0000000038d83d41,18.79
16542,2019-08-04T12:41:36Z,07444c376c2a48ed91a2f5462cab887c00378edb4175ee969deb207e,60.18203,24.91341,00000000342570c2,21.87
16543,2019-08-04T12:41:36Z,0745a2141a9beee786a347d3ee1b071719fd2f4abfeeab7f5248c0ad,60.14699,24.922,00000000a53ed894,12.69
16544,2019-08-04T12:41:36Z,07fa093f5dceb6043b0a8c9d8ad01c1bfdfe15d4b3071a26b747ea07,60.14699,24.922,00000000a53ed894,12.69
16545,2019-08-04T12:41:36Z,0851ab74be2e888decf0046825f09ed302f7b2275e72b09b5b713d85,60.16829,24.94214,00000000afef4555,12.69
16546,2019-08-04T12:41:36Z,0947f9d6bb6c34e382e008052b704b6521ac4f7678a2e8a719bb574b,60.15432,24.9211,0000000019fb59c4,27.28
16547,2019-08-04T12:41:36Z,0a0acb70a8ef92be52a64d4425e70bb2f7a17d13942c3382c9d68878,60.149,24.9843,00000000fffb8cf0,6.46
16548,2019-08-04T12:41:36Z,0a5616e066b42895361324cfa8abef41d849a55e3e4bed429bab494b,60.16829,24.94214,00000000afef4555,9.12
16549,2019-08-04T12:41:36Z,0a5ed50daf13dd10744537aa851ac7ab1d34d9797ec6ab6e2402aebb,60.16762,24.95415,000000006b44cce7,4.5
16550,2019-08-04T12:41:36Z,0a862920946d7a0dcbee7c1cf28a7b77c57763261788dbd361ed6409,60.14699,24.922,00000000a53ed894,12.69
16551,2019-08-04T12:41:36Z,0aabf0df4c3c5b45bb8950c92dbe624985f19e8650ed61f92571a65a,60.14699,24.922,00000000a53ed894,11.7
16552,2019-08-04T12:41:36Z,0b0dd9af9d52c68ff71ce266d6707abbb0f56c3c63be0f83f7b5df9b,60.16762,24.95415,000000006b44cce7,9.92
16553,2019-08-04T12:41:36Z,0c905239b8c0e14cba671cf4d4d715d1045a30ee62a6285fb489dbb0,60.16829,24.94214,00000000afef4555,14.89
16554,2019-08-04T12:41:36Z,0d8341f0125a5323521549248771d5448e5f788aefe9b989e3b20114,60.16829,24.94214,00000000afef4555,29.32
16555,2019-08-04T12:41:36Z,0ef4d4e0ed1d5a16b616f3722210deaa1f3be532439fb707802f70a2,60.16075,24.95883,00000000f1124bca,20.28
16556,2019-08-04T12:41:36Z,10a99e791e27975dc1c9d73d3163cabacf3bd7bd05a4f7abf6365426,60.14699,24.922,00000000a53ed894,13.75
16557,2019-08-04T12:41:36Z,10caaea8002e8b3b342b32710efdd7305ff375ca1cdc01411f66b2f6,60.14699,24.922,00000000a53ed894,3.74
16558,2019-08-04T12:41:36Z,119268a2b328b466959e99158efc17d07641daf2eab0785f813707f9,60.16762,24.95415,000000006b44cce7,7.05
16559,2019-08-04T12:41:36Z,120a63917cb5ab619bf9a71328f14020736ee84e75d5b37278748def,60.16897,24.95222,00000000aa852af1,10.78
16560,2019-08-04T12:41:36Z,124cce476184e061b136f481014a2abc7208d30e4e520ffd90c85adb,60.17002,24.94407,000000006b087f40,14.89
16561,2019-08-04T12:41:36Z,13bcedb8c59b26417282929d81844b272c7c5bc295614f531219a8e4,60.14947,24.91438,000000004ef3150d,13.75
16562,2019-08-04T12:41:36Z,13ee67fb034e3d24edc9a9618e9d6de24979ebbcb399f83abb02a897,60.14699,24.922,00000000a53ed894,4.5
16563,2019-08-04T12:41:36Z,1423891c6ee1edc7da83904378a35aef2e5797db95b117651d676934,60.16762,24.95415,000000006b44cce7,9.12
16564,2019-08-04T12:41:36Z,1496ce9cf373a2a508a8ab0b7aa0604dd889fd69483881c3752219af,60.14699,24.922,00000000a53ed894,16.1
16565,2019-08-04T12:41:36Z,1515fbb735095b233eea332bf40cff9995758e9bd0ad60218875554b,60.14699,24.922,00000000a53ed894,20.28
16566,2019-08-04T12:41:36Z,1551f9fdd5a57b17be51babad39f807f04be4d340266c153eb860156,60.15432,24.9211,0000000019fb59c4,23.56
16567,2019-08-04T12:41:36Z,15ee12e5f9be00a79b0cbbc9912f51cbfa3e486624567e1bde938fb6,60.1538,24.95595,0000000038bf9618,25.36
16568,2019-08-04T12:41:36Z,161aa798c2a18e132fb27ecded773218ea4e42eabbd0e5794b1d7017,60.15432,24.9211,0000000019fb59c4,17.4
16569,2019-08-04T12:41:36Z,1769031b7f4d75de0541e26427b9ecc92c84b80992e3b36bb8eb799e,60.16829,24.94214,00000000afef4555,7.69
16570,2019-08-04T12:41:36Z,17af6ab252328066d6b13406084507dfa7a7f6db3030872e7f87223d,60.17065,24.93641,000000000f4919c9,23.56
16571,2019-08-04T12:41:36Z,1882b53729765cca25bc63400074242872d6fbc57882f131285b277f,60.16829,24.94214,00000000afef4555,17.4
16572,2019-08-04T12:41:36Z,1a93dfa31156cee53b4bd527d8b74655a5da812b6933d8a86d871e47,60.14947,24.91438,000000004ef3150d,8.38
16573,2019-08-04T12:41:36Z,1aacd77e1fdbe1544cf1ab29a00642d77ce4a075e388e8a2108aa39b,60.16829,24.94214,00000000afef4555,21.87
16574,2019-08-04T12:41:36Z,1ad0b84716a79851fa8db7a993012f0c8e496d6cba9d028a546285a2,60.16897,24.95222,00000000aa852af1,23.56
16575,2019-08-04T12:41:36Z,1bcef866fafad7c7460a084e0b0d27c087b549f4ae704390708be47e,60.149,24.9843,00000000fffb8cf0,18.79
16576,2019-08-04T12:41:36Z,1bf54c1e78a260db15066420940a08490ba26b0b04954e8ccae2180e,60.16629,24.95957,00000000fb7600be,25.36
16577,2019-08-04T12:41:36Z,1c13175307f58b1bf07c8838e26a2f5d0fd5b21a7517c0b4f4e6bd8f,60.1538,24.95595,0000000038bf9618,33.81
16578,2019-08-04T12:41:36Z,1c7ccd5d6570d98e57ef2ebbd716b7504b138f9bb616fbeaa0d1a268,60.14699,24.922,00000000a53ed894,11.7
16579,2019-08-04T12:41:36Z,1dacfb371d75dd4f90f447aac2a00faad98beb4188a6971c19eb2375,60.16629,24.95957,00000000fb7600be,18.79
16580,2019-08-04T12:41:36Z,1e24a2120b13c780dbb3a67a73f5058d1847f126fd5f5952e6dddcd3,60.16075,24.95883,00000000f1124bca,12.69
16581,2019-08-04T12:41:36Z,1ec58e626d2335aeeaa7c7d8f715d4334274dbd43448fb62c3901ef6,60.16829,24.94214,00000000afef4555,14.89
16582,2019-08-04T12:41:36Z,1f74037ecab4dbdc5db1a8dc8b583a86630f86a5f2d0a5167b7fa605,60.18203,24.91341,00000000342570c2,7.05
16583,2019-08-04T12:41:36Z,203a0c145a43c9a18f8c2a5ba4e18882e7430662bb4ac0e56ab37578,60.17065,24.93641,000000000f4919c9,14.89
16584,2019-08-04T12:41:36Z,20ac7b2ace7c0038aa8df01b9281a9c54f1551fc8ab9b662b1f1ca22,60.18203,24.91341,00000000342570c2,25.36
16585,2019-08-04T12:41:36Z,21bdc11bb63fb48c9d4b5308540ee5df579c9a385001a10fceeeedf3,60.14699,24.922,00000000a53ed894,12.69
16586,2019-08-04T12:41:36Z,21eed3ade733687b8f56fade8290819b7c6b4a9f38468979fe692c3e,60.16762,24.95415,000000006b44cce7,10.78
16587,2019-08-04T12:41:36Z,2204ba387d2db0e7d2ca03f7ace46abff8d141668b73c75a1879d7ba,60.14947,24.91438,000000004ef3150d,21.87
16588,2019-08-04T12:41:36Z,22fe9a06fba1036e8eafd726bc450095b1893be067f475e1882bb704,60.14699,24.922,00000000a53ed894,4.94
16589,2019-08-04T12:41:36Z,231026899a6d5b326cb5b1e38b182ca1acb77c7e27bc2378973b29db,60.16629,24.95957,00000000fb7600be,13.75
16590,2019-08-04T12:41:36Z,2607d1b2fc6e31a80348fffbed68a7d3a8e0212f197f2d1c573c587b,60.14947,24.91438,000000004ef3150d,1.88
16591,2019-08-04T12:41:36Z,269124e75b1e74a7c7dc93b778e02f04d0a53e069a90081c0938ee4c,60.14699,24.922,00000000a53ed894,10.78
16592,2019-08-04T12:41:36Z,26a4ff30aad95332c4b603e9e728a10486413889de9d2c4573524923,60.16762,24.95415,000000006b44cce7,11.7
16593,2019-08-04T12:41:36Z,28d2c3282e9f8fec67baec7992dcd800c45b67071e33cb118905a6b3,60.16829,24.94214,00000000afef4555,7.69
16594,2019-08-04T12:41:36Z,2969cdb120f2d285c556abfe5bac2f8090571f61aba227a474a534d2,60.17065,24.93641,000000000f4919c9,2.8
16595,2019-08-04T12:41:36Z,29a1ee6c0907a00ec6b6dcbb187f5c31d1a11b261aabd339210ee013,60.16897,24.95222,00000000aa852af1,11.7
16596,2019-08-04T12:41:36Z,2a47bdc66249162a9588347a6cbe7895fe798bb25c1194cd69fb1e8b,60.14699,24.922,00000000a53ed894,11.7
16597,2019-08-04T12:41:36Z,2ee2e108ed9051b1ccf4d3ee89931dfd53170af0b558fa6579b83e8d,60.15432,24.9211,0000000019fb59c4,17.4
16598,2019-08-04T12:41:36Z,2ff487dabdafef45d633bd5239b8f21bc2f5fa019150a45f204eb8be,60.149,24.9843,00000000fffb8cf0,38.87
16599,2019-08-04T12:41:36Z,30c55d5011d0f6c901437a130dbe2653c7ae0cceee3b0a242394152c,60.14947,24.91438,000000004ef3150d,25.36
16600,2019-08-04T12:41:36Z,33634cb1e3fc5d4a621e8717d203da8533ed27531a70c6cbe3abf3fa,60.16762,24.95415,000000006b44cce7,2.08
16601,2019-08-04T12:41:36Z,33ec502792a84f23fed03cf16e483d153c65e2850a2549f47034726a,60.16762,24.95415,000000006b44cce7,11.7
16602,2019-08-04T12:41:36Z,3405b45677395f577b17b4f3f98f4e4acf64510ac518139bea7227fd,60.16829,24.94214,00000000afef4555,21.87
16603,2019-08-04T12:41:36Z,34f282042837e6b8407c31fd6c880bdbb7071c56d76c4b6e5ba78819,60.14947,24.91438,000000004ef3150d,21.87
16604,2019-08-04T12:41:36Z,34fddf0f4ea194b9720451d11a9de76225577536681d4f4b0a00b860,60.16829,24.94214,00000000afef4555,21.87
16605,2019-08-04T12:41:36Z,352427714fc6e8591df6bd227dde05d3b7ba0881742eee4ae750dcc4,60.15432,24.9211,0000000019fb59c4,36.27
16606,2019-08-04T12:41:36Z,358d7986d5bf2a0624fb1412a157b3c7b12f90653457e15a76bbdf50,60.16629,24.95957,00000000fb7600be,16.1
16607,2019-08-04T12:41:36Z,35a958343879c000cfc3f0c01afbc7d54934265828677bf4aefef84f,60.14699,24.922,00000000a53ed894,12.69
16608,2019-08-04T12:41:36Z,35e6e075578d7a51e510bf8904bde33f1d117264eea0917db98d4808,60.16897,24.95222,00000000aa852af1,7.69
16609,2019-08-04T12:41:36Z,36f876050503d244f74f3cbadcef716904eb2b245190d474b0cfa794,60.16762,24.95415,000000006b44cce7,4.5
16610,2019-08-04T12:41:36Z,3721331dbb97151d17938ed835ffc7208eba26fba6100c62870a3a4f,60.14947,24.91438,000000004ef3150d,3.74
16611,2019-08-04T12:41:36Z,37945fa4e7409fab98aa8bde45081f5bd083def0059485274ad552c0,60.17919,24.95181,000000007b5207b6,6.46
16612,2019-08-04T12:41:36Z,38c90c54ec8f56ae2ee5c79f21130a2254d870968839584fc423f1d2,60.14699,24.922,00000000a53ed894,21.87
16613,2019-08-04T12:41:36Z,3a6ce73ea4c03a14fc0d3d099e4698d3c1051a2e8e4bd552d5de394d,60.14947,24.91438,000000004ef3150d,4.5
16614,2019-08-04T12:41:36Z,3abc507346480858d62b69d6e29c3b0700ac193520668e17a4ce7cbb,60.16762,24.95415,000000006b44cce7,16.1
16615,2019-08-04T12:41:36Z,3b73bf57d223bcb9b930ee8619e6603e52485b221389c64d85614baf,60.16897,24.95222,00000000aa852af1,5.91
16616,2019-08-04T12:41:36Z,3be48824225ca9f2aea5653f6ce21181a76e67a8d4b8361f0cba1f8a,60.14947,24.91438,000000004ef3150d,6.46
16617,2019-08-04T12:41:36Z,3e4965f1ed580ddf80246b1b78cbc55b73c11d67573d9cede2a7ccf7,60.16829,24.94214,00000000afef4555,25.36
16618,2019-08-04T12:41:36Z,3f395809cdaaaa1688c7d1cc770079bbf7ef1349e148bec5c8eacd57,60.16762,24.95415,000000006b44cce7,9.92
16619,2019-08-04T12:41:36Z,3ffe89aa6ab1e57883e21fa8f15969f46a5f487bccb2b993eadb3cfb,60.14699,24.922,00000000a53ed894,7.05
16620,2019-08-04T12:41:36Z,403f209e525e5159d33b2056ebebcfa95ff94baf8ae3d9b3442c3090,60.14699,24.922,00000000a53ed894,13.75
16621,2019-08-04T12:41:36Z,4126e6b01e07a8de94eb8b87f02ad2bdab1a191c8c0312dd1141a9eb,60.14951,24.92138,0000000006dd41f6,20.28
16622,2019-08-04T12:41:36Z,42168beaa0acd47be6bf8e4209edb348c9d27b18517c7420d454a24f,60.17065,24.93641,000000000f4919c9,23.56
16623,2019-08-04T12:41:36Z,427f20895f2d0aec0392fd0be9f66c4cd45200a3d32b5b9d52ea0dc2,60.15432,24.9211,0000000019fb59c4,23.56
16624,2019-08-04T12:41:36Z,429295e322e9f143f79e9a6340e4974858aa9aa2f5ed6e8512dd00cd,60.14699,24.922,00000000a53ed894,12.69
16625,2019-08-04T12:41:36Z,42da4298ed9f522421f17714e024d9b8fe22e7546df3deeb8b139bd3,60.16075,24.95883,00000000f1124bca,7.69
16626,2019-08-04T12:41:36Z,436df7106ce19510536cf507d8939633784f67da2f872970e0d3ba43,60.16829,24.94214,00000000afef4555,11.7
16627,2019-08-04T12:41:36Z,447f951c07ece4b9f8a41fed54b5911f4f8033b69f5a62bfd0cf1d97,60.14699,24.922,00000000a53ed894,14.89
16628,2019-08-04T12:41:36Z,4533d27e96c5c6637ddff4243672d658fea4004970652882357105a9,60.14699,24.922,00000000a53ed894,7.05
16629,2019-08-04T12:41:36Z,457d11209b95b153efb57d8f2641f2db0823e91a0d608fa0555a5b69,60.14699,24.922,00000000a53ed894,16.1
16630,2019-08-04T12:41:36Z,4602ff9d03f6bf4fbb82976098cc1c73e7a7e754050401c772d1406e,60.14947,24.91438,000000004ef3150d,17.4
16631,2019-08-04T12:41:36Z,47b8aba771bed6ec3a7d57932c44fe859bcf6300054b3acc9d885105,60.14947,24.91438,000000004ef3150d,17.4
16632,2019-08-04T12:41:36Z,47bc9ff9097f9ef5f1862e48b4a42f6a9ddd30c4ef2b6eb43291a7a5,60.14699,24.922,00000000a53ed894,9.92
16633,2019-08-04T12:41:36Z,48d0a198e7445da9f7df3cb2cedef7dc861fe850deff789f6ad61d36,60.14947,24.91438,000000004ef3150d,23.56
16634,2019-08-04T12:41:36Z,48f665ebb1a71b0d84fc02bd71918c5ab5608328db534639cbd2a255,60.14947,24.91438,000000004ef3150d,3.4
16635,2019-08-04T12:41:36Z,4a565a7be2bb822523480c6ca86154a466bf189290f87a0ef118f8b7,60.149,24.9843,00000000fffb8cf0,31.5
16636,2019-08-04T12:41:36Z,4b1050cc517631e36206d3528399c0b14748daec8c7d1b5dfa412299,60.15432,24.9211,0000000019fb59c4,4.5
16637,2019-08-04T12:41:36Z,4b2a241d832696fc878ceb269b0fbf4987989a0c3109bd2e8ac08170,60.16897,24.95222,00000000aa852af1,25.36
16638,2019-08-04T12:41:36Z,4b85388cdaec2b4c15b546160ee326d9668a5e5d3c7b08d0c539946e,60.17919,24.95181,000000007b5207b6,11.7
16639,2019-08-04T12:41:36Z,4be50f3eb033f3f46e3069049c8e0a34dc8a2607741c1764369ba4c2,60.16762,24.95415,000000006b44cce7,9.92
16640,2019-08-04T12:41:36Z,4bf75585466f0aafa2ed2956fe4b0f7235b4ba3a0606a52219b3156c,60.14699,24.922,00000000a53ed894,14.89
16641,2019-08-04T12:41:36Z,4cadc8cc23fd84febb6a8383030a34c97b3388a8c9ed7a64cc0f51a6,60.14947,24.91438,000000004ef3150d,4.5
16642,2019-08-04T12:41:36Z,4d35f03f4cb1cd21fbb173af8af5be5e233c63882fda53232da315f0,60.14699,24.922,00000000a53ed894,23.56
16643,2019-08-04T12:41:36Z,4d4115f2971578ddc2428be944e2954c9e9a5472a818ec1805a022b2,60.149,24.9843,00000000fffb8cf0,12.69
16644,2019-08-04T12:41:36Z,4ebdb6165c5d4892cdc21711313b98b1545bececfb886192c6f0ef22,60.16762,24.95415,000000006b44cce7,9.12
16645,2019-08-04T12:41:36Z,4efc969b8b738c051c221bf9d7829089b44cec23dd378fd86e7fb8be,60.173,24.92524,0000000096918cfa,18.79
16646,2019-08-04T12:41:36Z,4f387b8eb5373361960a83c899f3753098c010a7b841c2bd861bfc91,60.16629,24.95957,00000000fb7600be,16.1
16647,2019-08-04T12:41:36Z,4f4940c5c77737c5b8f2fbd5a1b65886ea5f6e0e4fcd50447e11ce21,60.16075,24.95883,00000000f1124bca,13.75
16648,2019-08-04T12:41:36Z,50e21d119f102cee2afe3ac7f1a32032527638769b05aca582d6ecb1,60.16762,24.95415,000000006b44cce7,9.12
16649,2019-08-04T12:41:36Z,514a3981fad6c695ac4940f09374b5d1c2e84d2ca835084ef8707714,60.16075,24.95883,00000000f1124bca,2.08
16650,2019-08-04T12:41:36Z,51b3c7870a399165f0d1d14f7d21688df32b0360f9cc6f3ca61890d8,60.16829,24.94214,00000000afef4555,0.41
16651,2019-08-04T12:41:36Z,5260920d709c998754a6afe0e430e890d27be1843672147fb4d05338,60.16762,24.95415,000000006b44cce7,14.89
16652,2019-08-04T12:41:36Z,52939581c6c8dd3407dbf44ea9e90471e4bbadfb7e3740a0ba8324f3,60.14699,24.922,00000000a53ed894,14.89
16653,2019-08-04T12:41:36Z,52f0e69ca7a5cebe604c1f32308dc7f8870d1d85cd4b25ad17f706e9,60.14699,24.922,00000000a53ed894,9.12
16654,2019-08-04T12:41:36Z,53263c2a4d1fc6edb42de24a91c19cc8d0050f1e61b0ddd97cf45bba,60.17002,24.94407,000000006b087f40,27.28
16655,2019-08-04T12:41:36Z,54065d53a62079540c4be1e19eafa5dd581e8ec35da0c31844438e0b,60.149,24.9843,00000000fffb8cf0,25.36
16656,2019-08-04T12:41:36Z,552e7d20be831c5ebfa503ba78ed542d6ece4ecad264308d5dc37a31,60.14699,24.922,00000000a53ed894,16.1
16657,2019-08-04T12:41:36Z,5554305bad43a71cf98d83e92708c7474c1efc189392c1ea94231e9c,60.16531,24.9442,00000000fdda10fe,3.74
16658,2019-08-04T12:41:36Z,560205233dc9b13886248fb6e54ee21dc3b287080072641e01e08dac,60.16075,24.95883,00000000f1124bca,13.75
16659,2019-08-04T12:41:36Z,56b8eace741e5227a40ea0a64601a737648080c63d6240b0dca632c4,60.16075,24.95883,00000000f1124bca,18.79
16660,2019-08-04T12:41:36Z,570dc61d53aec66ede39dfde66339640878453afc00cd1a55c60bca7,60.16544,24.95398,0000000038d83d41,27.28
16661,2019-08-04T12:41:36Z,571934189bf349efb6f596e76c21612cf9b82ed44913090169936048,60.17065,24.93641,000000000f4919c9,16.1
16662,2019-08-04T12:41:36Z,57bb8beeec6904b9a5cfe83c4ff9a80e63157780137f03de2a4152d3,60.16762,24.95415,000000006b44cce7,8.38
16663,2019-08-04T12:41:36Z,57eef16af260870a831bd4f88018555730ec7dd21a538e3575825479,60.16829,24.94214,00000000afef4555,18.79
16664,2019-08-04T12:41:36Z,583a35aa08fe45f96deb91a9f4b9317e86eddeee0d636cc11b3e2df8,60.16762,24.95415,000000006b44cce7,20.28
16665,2019-08-04T12:41:36Z,58411163d307bb308f9c94a9720e9ce5ab0ce4f5617cd2b1fcc2037a,60.16762,24.95415,000000006b44cce7,4.5
16666,2019-08-04T12:41:36Z,59b01cbdec8ff06fa6d50bac00c3f5f4c45132fc8a62800c08df5d6a,60.16629,24.95957,00000000fb7600be,7.69
16667,2019-08-04T12:41:36Z,5b102c62b98f29bd801e4dd0e9ddbc113db3faa38d59990b9ba5e9ec,60.173,24.92524,0000000096918cfa,23.56
16668,2019-08-04T12:41:36Z,5bb54a365362fc3a1d1e4b4421c7b020c45f3274d1393340a1f89eb5,60.16762,24.95415,000000006b44cce7,16.1
16669,2019-08-04T12:41:36Z,5bc858089bff2f1880f1807e91f165ebf9f1b5841445adcdfb988ddf,60.16829,24.94214,00000000afef4555,21.87
16670,2019-08-04T12:41:36Z,5bc8610f198c0ab38e4e89fd7f4828d032ca2a6ef97c2a17c79e296f,60.14699,24.922,00000000a53ed894,20.28
16671,2019-08-04T12:41:36Z,5c46671175475bc574d3a64fe85e1ce7792c14d29f1e79a39da24fa0,60.149,24.9843,00000000fffb8cf0,21.87
16672,2019-08-04T12:41:36Z,5cd5117066c75a1cb83d3896a7eba3f3472e133f0013ea7d4e95daaa,60.14699,24.922,00000000a53ed894,4.94
16673,2019-08-04T12:41:36Z,5d70086d53447ee393249cef33c7bae814c1d7c2e3055fc91b38786c,60.17919,24.95181,000000007b5207b6,7.69
16674,2019-08-04T12:41:36Z,5ea49ba4de68e03664ec3a87f5de32434d7136b4f8323f022ff9df5b,60.16829,24.94214,00000000afef4555,7.69
16675,2019-08-04T12:41:36Z,5f3a358ea7ec56dfb2271af72ef34416785e497a3653bfb75ef822c3,60.16829,24.94214,00000000afef4555,17.4
16676,2019-08-04T12:41:36Z,60d9b71ec38b796bf876dedfaf3112b49ff79677480c7603902857ae,60.14947,24.91438,000000004ef3150d,18.79
16677,2019-08-04T12:41:36Z,614ab7fba7255f6bf6f888e9a04d589962f756b3f427e658f10014f2,60.16075,24.95883,00000000f1124bca,9.92
16678,2019-08-04T12:41:36Z,62aca926e533582af1cbef0d3e5d58d66486f219ab2034236649546e,60.16762,24.95415,000000006b44cce7,10.78
16679,2019-08-04T12:41:36Z,63d99db5b2b7360c501446ea5e89feba9bd1c6735a7670039916f2ad,60.1538,24.95595,0000000038bf9618,21.87
16680,2019-08-04T12:41:36Z,63defb71d4c3856253a0a2d67a5c370b91ad0527703b334a63fe5344,60.14947,24.91438,000000004ef3150d,4.5
16681,2019-08-04T12:41:36Z,641e8defb97171d160f062c4bc3e9d06346f10d5246e6aeac935e1a9,60.16897,24.95222,00000000aa852af1,13.75
16682,2019-08-04T12:41:36Z,64394b1287e19738900f57d5c7483e02866e40bc8241fc6f6fbecbcb,60.16762,24.95415,000000006b44cce7,3.74
16683,2019-08-04T12:41:36Z,643ef3f01a51bea3c4510d4060a945cd510e5189236d68f5c9489034,60.16829,24.94214,00000000afef4555,1.7
16684,2019-08-04T12:41:36Z,64638a9f9e6c9b32fc4b484b55e4934fcab6cb04605cc76d5f5534b7,60.17065,24.93641,000000000f4919c9,13.75
16685,2019-08-04T12:41:36Z,64e34af775b57908b23056a31d60ef3b005941f2e7c3db0c49df675d,60.17065,24.93641,000000000f4919c9,4.11
16686,2019-08-04T12:41:36Z,6503762f2cac51cc2b74da1efa6b16583ed11c9a528d7716b7829c0b,60.16829,24.94214,00000000afef4555,16.1
16687,2019-08-04T12:41:36Z,6516a10850095847a8156717b0fba05a9bdc9b5bfedd691ddb07f119,60.14699,24.922,00000000a53ed894,7.69
16688,2019-08-04T12:41:36Z,6525cc634176c25187e68e0d067bcfecfd78e399e93db4ee9d408b7e,60.17918,24.95141,00000000675d5200,23.56
16689,2019-08-04T12:41:36Z,655204cb507ea9ae811105cdcd766161facaa9f729017a333f102391,60.149,24.9843,00000000fffb8cf0,14.89
16690,2019-08-04T12:41:36Z,65de3b8621fadfc61e9d3657dc477ea9867f9d093f80cf0857dcad88,60.16762,24.95415,000000006b44cce7,4.94
16691,2019-08-04T12:41:36Z,6723bebaab92d1a9f8b4318fd4f497a6dec6d7f8e0eafca443925213,60.16075,24.95883,00000000f1124bca,16.1
16692,2019-08-04T12:41:36Z,675eacdf32b5b831fd118fc5539eea4b3cef4bd11e2e1706a9571222,60.16829,24.94214,00000000afef4555,20.28
16693,2019-08-04T12:41:36Z,6774ed72eaf69d7c4aaeeef90990f969954155bbcc52652e75e7deef,60.16829,24.94214,00000000afef4555,4.5
16694,2019-08-04T12:41:36Z,677c53ae4056d6cb123ca576ba5284664b1c7e3e88818bd19b5dd99a,60.17918,24.95141,00000000675d5200,18.79
16695,2019-08-04T12:41:36Z,6875e3632a29207e29ded33617e66d55de5d8c7804fecedd6f1dfe12,60.14699,24.922,00000000a53ed894,4.94
16696,2019-08-04T12:41:36Z,698b200b63a644828a7314691a16af2af1bccef75d52abb5591a5542,60.14699,24.922,00000000a53ed894,5.91
16697,2019-08-04T12:41:36Z,69f1de5049f5731749defe893b8ae9ada4f5f788a994b8f7413ef657,60.17002,24.94407,000000006b087f40,29.32
16698,2019-08-04T12:41:36Z,6b97071051ccf5db7e5ebee033d4f68d58ed6917ff2fac5b205a6605,60.17065,24.93641,000000000f4919c9,21.87
16699,2019-08-04T12:41:36Z,6c7e018abdf8462af7c7b003bc30f915184f7082e9e865a2c502eed5,60.14699,24.922,00000000a53ed894,9.92
16700,2019-08-04T12:41:36Z,6f3dd17e40daabb4efe868f1b859dc00ecc01846f0a0e2b8db5d1413,60.17919,24.95181,000000007b5207b6,16.1
16701,2019-08-04T12:41:36Z,6f6424bbbaf60613d510509f7f01d817e2161b2043aeda1ad4f4723b,60.14951,24.92138,0000000006dd41f6,14.89
16702,2019-08-04T12:41:36Z,6fdf4cfc3a0774e204869ab43ef69c6306cc40c0fd8bbb0f8b505e3a,60.16829,24.94214,00000000afef4555,16.1
16703,2019-08-04T12:41:36Z,6fdfc33c6b609ea80b4a38ecf657bc68b7bf659752b51edcc22ffb54,60.16762,24.95415,000000006b44cce7,6.46
16704,2019-08-04T12:41:36Z,6fec2e12fc88db6bcc4eb2c81bcfb171de0094ca788c72192002e939,60.15432,24.9211,0000000019fb59c4,29.32
16705,2019-08-04T12:41:36Z,6ff93560ca77c6e5a25bc7441cf33cf7fa0138b3da4d99b2dbf5531b,60.14947,24.91438,000000004ef3150d,10.78
16706,2019-08-04T12:41:36Z,70c56152af84cf1bad4d19b0cb31202232b4cd4320ce5ea48895e42b,60.14947,24.91438,000000004ef3150d,13.75
16707,2019-08-04T12:41:36Z,71479e7c1c4fd96468f16800ff04484480c76e0953d2074500b0df31,60.17919,24.95181,000000007b5207b6,20.28
16708,2019-08-04T12:41:36Z,72231bca658d3a16f3bf9c26ba5f13393b8377e4ab0b9ed3de6c811f,60.14699,24.922,00000000a53ed894,17.4
16709,2019-08-04T12:41:36Z,733f21ebebe353e10a55a74b40a0a480e6d276334d4f3d8bcf85b711,60.16075,24.95883,00000000f1124bca,13.75
16710,2019-08-04T12:41:36Z,73aa46087286af57e3778006af596aa587686a1db1d4b8708764a520,60.16762,24.95415,000000006b44cce7,17.4
16711,2019-08-04T12:41:36Z,759f94c852ff15ca91c3138913c3858c4801702f8f0514ae82fb2a19,60.16897,24.95222,00000000aa852af1,8.38
16712,2019-08-04T12:41:36Z,7664b7f08aaa059ecf6646a595c33fae0c80715febe63e31f45a4662,60.16762,24.95415,000000006b44cce7,4.94
16713,2019-08-04T12:41:36Z,777cceac7be6303a1c82f7cc68061528b01e3aa1b3aa6481cad9e5e3,60.16075,24.95883,00000000f1124bca,7.69
16714,2019-08-04T12:41:36Z,7790740c47ee85dfd8928c233eb2fe11e25cc9dc3f1403e5cad4a7b9,60.14699,24.922,00000000a53ed894,27.28
16715,2019-08-04T12:41:36Z,77a12194b9a6789f4b2b8c07ae7fce3c2b531cb221e5fa7ca5deae55,60.16897,24.95222,00000000aa852af1,20.28
16716,2019-08-04T12:41:36Z,79bb1e615a834d4f653cec7efc45ad5b4bbedf2a83c55b44c586ad0a,60.14947,24.91438,000000004ef3150d,20.28
16717,2019-08-04T12:41:36Z,79bde23c1a8980f93a65e14306f0d8ea89e164430d8b991e2bfee82e,60.16531,24.9442,00000000fdda10fe,14.89
16718,2019-08-04T12:41:36Z,79d30a3ef05e3d34450d1c975b3fa9d21b994f078f943db791239b07,60.14699,24.922,00000000a53ed894,17.4
16719,2019-08-04T12:41:36Z,7a0c0b525f2d3eed6c873bd3b8d27bede551fe4a428ac15c23deadae,60.16075,24.95883,00000000f1124bca,7.69
16720,2019-08-04T12:41:36Z,7a4a06d20ebe57d94e5fceeaf47d5b56ad9a515818e9c20e21a80e61,60.16629,24.95957,00000000fb7600be,13.75
16721,2019-08-04T12:41:36Z,7a97375000483176c3b37cc0d1744a950d9b322ce3534208fce0b21d,60.14699,24.922,00000000a53ed894,7.69
16722,2019-08-04T12:41:36Z,7ab335e046f7f3597f8f615a90857885e35cfecefebd5d24bbf0af90,60.16075,24.95883,00000000f1124bca,14.89
16723,2019-08-04T12:41:36Z,7ad93fed82e41ea4422fa101badc698b0328c3ebf0f6b73c5164d438,60.16897,24.95222,00000000aa852af1,8.38
16724,2019-08-04T12:41:36Z,7af6672e274ebe27cdb785373a857fc5bcad92a386c36dbe3221d4f4,60.14947,24.91438,000000004ef3150d,18.79
16725,2019-08-04T12:41:36Z,7be762f58d54665c5e6668eb2fb3eae7201522ddff196bbc5eb731f0,60.14947,24.91438,000000004ef3150d,20.28
16726,2019-08-04T12:41:36Z,7d9a3d84c09c3a8d6876389e216e0278048d6b924890fb275a078ffb,60.16531,24.9442,00000000fdda10fe,0.71
16727,2019-08-04T12:41:36Z,7e76449e59f1e3a1a615b54408115353fbb14d815390d03a73b1a7bb,60.14947,24.91438,000000004ef3150d,10.78
16728,2019-08-04T12:41:36Z,7f3c9dd2c7352cb81fb186a7d700841d2bcb47cd8ea0d5f8719b5908,60.16762,24.95415,000000006b44cce7,14.89
16729,2019-08-04T12:41:36Z,7f786ec8e06f1ca3bdd10fc60d0114baf354125b8f6cf796d197f4cc,60.16075,24.95883,00000000f1124bca,4.11
16730,2019-08-04T12:41:36Z,7fc69f85c4fe9b7bc29667f56ef933a690fcba5c28c574f69be9c162,60.15432,24.9211,0000000019fb59c4,27.28
16731,2019-08-04T12:41:36Z,7fe10e69931c2d658099a314f3fce64865329e12a7b834c375e2d5d2,60.14699,24.922,00000000a53ed894,16.1
16732,2019-08-04T12:41:36Z,80cbcb887f3e351e3bef7c5f53dccc578cc3494feec514aed7015c0d,60.16075,24.95883,00000000f1124bca,2.54
16733,2019-08-04T12:41:36Z,80cc39b04598f971820e63498fd27ae72a12a45a60c220fe625b282a,60.14699,24.922,00000000a53ed894,11.7
16734,2019-08-04T12:41:36Z,82411c6526228322a61f59259f13adf7cde62bd767587b6735867705,60.17919,24.95181,000000007b5207b6,4.94
16735,2019-08-04T12:41:36Z,83073c017c8293e4b6eab781fbc2147fafa144d33b3618abd1ae5d90,60.17065,24.93641,000000000f4919c9,31.5
16736,2019-08-04T12:41:36Z,83121a75723643c48e3c3b0a3ea5fccb532046432ca445833e8de06a,60.16762,24.95415,000000006b44cce7,2.54
16737,2019-08-04T12:41:36Z,8340c5d54fa93aaeda99a22573659bd9042c9d8e8b76db4b00ebaaf7,60.16762,24.95415,000000006b44cce7,17.4
16738,2019-08-04T12:41:36Z,848fe01e24ccc782e5968171f53ea31d28f20a455c45d8bac8fb7374,60.173,24.92524,0000000096918cfa,13.75
16739,2019-08-04T12:41:36Z,8499290ca844477035cb04c821386788d09243bf12e2337d45411ac1,60.17002,24.94407,000000006b087f40,8.38
16740,2019-08-04T12:41:36Z,849a662d95d4185421aff7c6213ba5d7b84cfc58c9fb30ff34054e4c,60.16075,24.95883,00000000f1124bca,12.69
16741,2019-08-04T12:41:36Z,84a2754d633d2364ab8245dd97ac58e0bfad70a8380a357871afcc01,60.17002,24.94407,000000006b087f40,44.58
16742,2019-08-04T12:41:36Z,859b417d0b562f5c4ab33c3877c95cd7cbb332db91dcd0f4e7a4f3b6,60.14699,24.922,00000000a53ed894,14.89
16743,2019-08-04T12:41:36Z,85d66944a64cfde859e7e08ca4b79f3b39d5b03141d500fe7ce73f7e,60.14699,24.922,00000000a53ed894,9.12
16744,2019-08-04T12:41:36Z,85d67c3be46ecb66832dfd9090a931e1be3dd056f718ea6786622131,60.16897,24.95222,00000000aa852af1,17.4
16745,2019-08-04T12:41:36Z,868cd7608ed6beb209db2aad8c71f56b8aec3a6b453be18e4af217a2,60.17065,24.93641,000000000f4919c9,27.28
16746,2019-08-04T12:41:36Z,87bb1abe21abfcb5e5c2039e579cff7ca863a6019207db356de5b7c2,60.14699,24.922,00000000a53ed894,9.12
16747,2019-08-04T12:41:36Z,87cbb5265cd1cc3213ddb5ed9ed2a599ddb7db0b0747121d649b0ae3,60.16544,24.95398,0000000038d83d41,27.28
16748,2019-08-04T12:41:36Z,8822ffe19dec49fe874ac377de5a0504e931e342ecc1f5b1fcb939e5,60.16897,24.95222,00000000aa852af1,11.7
16749,2019-08-04T12:41:36Z,8947a5209f3b32173d3dc72792039edf94a2711741ab041b62b30643,60.16762,24.95415,000000006b44cce7,4.11
16750,2019-08-04T12:41:36Z,8a08b2de43a9ef03cf96610718c908e69dcacc59f536a7135b7bb542,60.16629,24.95957,00000000fb7600be,9.12
16751,2019-08-04T12:41:36Z,8a9eedc7cf775ab4e9ad2e20bdcbcbe1635808b418eedcdcceda7834,60.16762,24.95415,000000006b44cce7,6.46
16752,2019-08-04T12:41:36Z,8b641985c793a3f25a45b2460cb01f5baa6f339c6dd26ba7752d8a7a,60.16897,24.95222,00000000aa852af1,10.78
16753,2019-08-04T12:41:36Z,8ba6cfc17ca70e8304994e018ebd5eb2003177062cde05925d5cacb3,60.173,24.92524,0000000096918cfa,13.75
16754,2019-08-04T12:41:36Z,8bbf5422247a0a6be314130d8fd9ae1814401b75acf3b3ce2da9620c,60.14699,24.922,00000000a53ed894,18.79
16755,2019-08-04T12:41:36Z,8d73f674010f5cb02e8f20251ed86a9afcb7f6b3926039470296bd00,60.17065,24.93641,000000000f4919c9,11.7
16756,2019-08-04T12:41:36Z,8d7da72d35c2ac527039f569af91c4f1de2d3fbb83af89458935fb73,60.1538,24.95595,0000000038bf9618,31.5
16757,2019-08-04T12:41:36Z,8d8a869e83fe2ac29e791666634a33af3ea4048ea4e752b6fb1e238c,60.14947,24.91438,000000004ef3150d,8.38
16758,2019-08-04T12:41:36Z,9023a89a49a372e5f97cf86ef1b5de0164eb67cc10d394d383ab75fd,60.16829,24.94214,00000000afef4555,16.1
16759,2019-08-04T12:41:36Z,90d2c337b3629bdc073dbbe6f0793b7bf6f65d63deb77bddf24052a8,60.16897,24.95222,00000000aa852af1,25.36
16760,2019-08-04T12:41:36Z,920dc90f60b295267f63efc8f968408087b71878dc3f49f0ded1c41e,60.17919,24.95181,000000007b5207b6,23.56
16761,2019-08-04T12:41:36Z,926717d61529080dfc4c7f8cdcdc82c6490d2a5129474524b8c40ea4,60.16829,24.94214,00000000afef4555,14.89
16762,2019-08-04T12:41:36Z,93a2100e233b204243f7e69b68dea7c9a145d1b5384bd18359bf87a3,60.16531,24.9442,00000000fdda10fe,2.08
16763,2019-08-04T12:41:36Z,9575ef1c44f26f0301d726029c8b1c28011a4724496943451bee6544,60.14947,24.91438,000000004ef3150d,7.69
16764,2019-08-04T12:41:36Z,958ab5fd2d2c7f0c3fe6dc14fe27005fcf35b013db75f708c22a3619,60.16762,24.95415,000000006b44cce7,12.69
16765,2019-08-04T12:41:36Z,9604244c18efd5978b809f021651f7743e0e64da38fcf3718f9b4f93,60.14699,24.922,00000000a53ed894,4.94
16766,2019-08-04T12:41:36Z,97264f5808fa13851dacabf0c98525eec29849ff4b6a744cc777fd5b,60.16075,24.95883,00000000f1124bca,17.4
16767,2019-08-04T12:41:36Z,9862cafd709b75d07c83b397773e0cf33564666cb81814bdbf5e54f2,60.16897,24.95222,00000000aa852af1,12.69
16768,2019-08-04T12:41:36Z,9868033d7f0d18f01d12a4034f37bf5d6e51e5ed9124c68d4b8b8e6c,60.14947,24.91438,000000004ef3150d,10.78
16769,2019-08-04T12:41:36Z,98bb3b6f5e2403b14b8e01616c07b03bb1fd153ded656033d7bd3533,60.16075,24.95883,00000000f1124bca,7.69
16770,2019-08-04T12:41:36Z,992f6feda52c82ad67e40af55b5602bb22411020701998c6bd65faed,60.16762,24.95415,000000006b44cce7,9.12
16771,2019-08-04T12:41:36Z,99334da99912e6d4b516e02432e7f88db5a5b87f635722bc3a8b38a6,60.14699,24.922,00000000a53ed894,16.1
16772,2019-08-04T12:41:36Z,994b630283c750a0b697359e32c4bd06d5b4a32d2edb6c12cce42b32,60.16829,24.94214,00000000afef4555,10.78
16773,2019-08-04T12:41:36Z,9a9db814dfa74ca2c2d51496299715310e81c6e6525cc9d2cb0762eb,60.16897,24.95222,00000000aa852af1,16.1
16774,2019-08-04T12:41:36Z,9b087f99e8170fa160df7340b539501f67b728edaf119fc0f3c8c239,60.16762,24.95415,000000006b44cce7,17.4
16775,2019-08-04T12:41:36Z,9e3d4a4b1acd94d2896cd7cf56419110f06ea96faae37aadebd4ec77,60.14947,24.91438,000000004ef3150d,8.38
16776,2019-08-04T12:41:36Z,9ff13c715073d5ad9c464cb67b6de3f703435cf389c32cce5626dfe1,60.149,24.9843,00000000fffb8cf0,20.28
16777,2019-08-04T12:41:36Z,a1b52cda133b45cf931b9e31d4037fb841f80432e99d6a000beeadc8,60.17002,24.94407,000000006b087f40,20.28
16778,2019-08-04T12:41:36Z,a22736c5d66f417bc6b745f51492549dc2e5a3c766f5e7e23f183b41,60.14947,24.91438,000000004ef3150d,4.5
16779,2019-08-04T12:41:36Z,a2e771418a36fc43aa9719d034aa9e3a7a751c5123e4bd33cc2aeea7,60.16531,24.9442,00000000fdda10fe,27.28
16780,2019-08-04T12:41:36Z,a38a21a97a054541f0423f03758c70227116c05254958373e3e93ad0,60.14947,24.91438,000000004ef3150d,4.5
16781,2019-08-04T12:41:36Z,a3d228482bfdd3dbdfaee1ff72b6ac00c2ee8c05e949047ce9117783,60.14699,24.922,00000000a53ed894,7.05
16782,2019-08-04T12:41:36Z,a41e158d772eaf06a23fe6c476419f78fae156bf286c7e56e79cea64,60.14699,24.922,00000000a53ed894,23.56
16783,2019-08-04T12:41:36Z,a422a30ec1eb058c7930e1352297c161639faa5b3ca5f5fa47c4adb3,60.14947,24.91438,000000004ef3150d,6.46
16784,2019-08-04T12:41:36Z,a4f416ec0941bb365e3665d7fd224fad15d74225e8ce9f6dd6368bc7,60.17065,24.93641,000000000f4919c9,21.87
16785,2019-08-04T12:41:36Z,a6158fc663b4931ef4e811a4acf62ab2f658241775e200b14684f87d,60.16897,24.95222,00000000aa852af1,17.4
16786,2019-08-04T12:41:36Z,a6f944078dd26796f5a849ccb6fdf8a4436f913cf3302597c846462d,60.16762,24.95415,000000006b44cce7,6.46
16787,2019-08-04T12:41:36Z,a7472d1b63171c047444981df223670390009e3ea502132d9963e9fb,60.14947,24.91438,000000004ef3150d,12.69
16788,2019-08-04T12:41:36Z,a76d219c3abcc4ec3a54dd834263f9a24972c71be4c7bbbfc663f22f,60.14699,24.922,00000000a53ed894,4.5
16789,2019-08-04T12:41:36Z,a794d97e26d3678bb11b4364880414bb7bfac4bb49d1867b37b489f7,60.14947,24.91438,000000004ef3150d,11.7
16790,2019-08-04T12:41:36Z,a7a7f84e910c87d01420156efca1675f2f263a8f7f1212bb161e73f3,60.14951,24.92138,0000000006dd41f6,16.1
16791,2019-08-04T12:41:36Z,a7cce3f9a15a6ef0eb226d7d512132b28b0f60f3ee1ac61caae74b67,60.16448,24.97323,0000000053c6c2be,23.56
16792,2019-08-04T12:41:36Z,a8bd45406d5913e098652d4c2d836339758e08d21bf5d88becabdd36,60.14947,24.91438,000000004ef3150d,4.94
16793,2019-08-04T12:41:36Z,a8df2631c2442628608c1f0352c896eb532a6ca08c85de2c77360aa8,60.14947,24.91438,000000004ef3150d,4.11
16794,2019-08-04T12:41:36Z,a8fffb1bf2cf3b58cca0395d98ab3763c45771fed32527f2dedb644b,60.149,24.9843,00000000fffb8cf0,29.32
16795,2019-08-04T12:41:36Z,a9383e1c3d9b3355965662ff18ad95dfb64daa5d8e71fc20e7e50df7,60.14699,24.922,00000000a53ed894,10.78
16796,2019-08-04T12:41:36Z,a96e9a3805def174e6ededa93b88ce312739d9d68941dffdeca03e9f,60.16762,24.95415,000000006b44cce7,17.4
16797,2019-08-04T12:41:36Z,a9dfc9065260957b1eb8dc3b11b793f73f7940fa5cb61acb16a260e2,60.16897,24.95222,00000000aa852af1,23.56
16798,2019-08-04T12:41:36Z,aa076c3f0d09145aebbb750dde9849ba4eb6759e92ba5753280184d6,60.16762,24.95415,000000006b44cce7,12.69
16799,2019-08-04T12:41:36Z,aa5773b59ce2bf1eee53e4e77cd3c261465d2ea538c9a85b8de30cd8,60.14947,24.91438,000000004ef3150d,8.38
16800,2019-08-04T12:41:36Z,acdcc8ae1d1c6bb055dfc108154eae58b4b894f0ce1ff174c1065c7e,60.16762,24.95415,000000006b44cce7,5.91
16801,2019-08-04T12:41:36Z,ad8af809ed47a3391bb53d11da159b3a8b0ddc264d94c049ce72bda0,60.17065,24.93641,000000000f4919c9,0.41
16802,2019-08-04T12:41:36Z,aec4b11f0b1ec075878ca4a3b94da464f6fc96e330b913d5bfd346b0,60.16897,24.95222,00000000aa852af1,10.78
16803,2019-08-04T12:41:36Z,af64ca430076b1e91eeb89134e0e026479928845cbe1943bc56104c2,60.14947,24.91438,000000004ef3150d,21.87
16804,2019-08-04T12:41:36Z,b0a20a40885487350aaf5c8f46dab27d4d7e1d5c24fefec54c0c62d4,60.16829,24.94214,00000000afef4555,20.28
16805,2019-08-04T12:41:36Z,b12b27061f30d5659794f14cbed5e4726c5af1ef526611d3b2dded29,60.14947,24.91438,000000004ef3150d,9.92
16806,2019-08-04T12:41:36Z,b26280ff7943c2f2f00f94125547cbdc285e6c43b7d0a5819c2eac87,60.16762,24.95415,000000006b44cce7,14.89
16807,2019-08-04T12:41:36Z,b27b090bd1bd9828dcb6ddbd0a1394e4aa097974747dff90ba0eff71,60.16897,24.95222,00000000aa852af1,9.92
16808,2019-08-04T12:41:36Z,b2a01c2a06c3cf1a48333e58e787d9eaf2f975a738c02878220d7774,60.16829,24.94214,00000000afef4555,10.78
16809,2019-08-04T12:41:36Z,b3d99c04e3db6b698e6e54f19434461336954d0c15385bff6e557be8,60.173,24.92524,0000000096918cfa,38.87
16810,2019-08-04T12:41:36Z,b3e9da5a37ed8ed450753cb7443e607ed1de2af685bad5be61b3e91c,60.16075,24.95883,00000000f1124bca,9.92
16811,2019-08-04T12:41:36Z,b41cc64d7ab4e16a03573bdc3b5863c4b402ec66c7780c7900c02877,60.16829,24.94214,00000000afef4555,11.7
16812,2019-08-04T12:41:36Z,b523d3f8341906e4b3877ff7d9614b4e10d6bbf10afdcc6c53656c8f,60.17065,24.93641,000000000f4919c9,17.4
16813,2019-08-04T12:41:36Z,b5e3abaccf4a03480985d25eb9fbf454c87f7ad06c38c8bdeb0819fa,60.14699,24.922,00000000a53ed894,14.89
16814,2019-08-04T12:41:36Z,b7039958be9f53a3eaed97f705a1974815f52f25226e920155397bec,60.16075,24.95883,00000000f1124bca,16.1
16815,2019-08-04T12:41:36Z,b8201571cb5ac01b7db7af4fba6c7ff58336a3f03d0fe13edf985c41,60.173,24.92524,0000000096918cfa,14.89
16816,2019-08-04T12:41:36Z,b82ba472f0cb919b39c31b9c737f1608f6a31ffa63352768f9fa12ea,60.16829,24.94214,00000000afef4555,9.92
16817,2019-08-04T12:41:36Z,b92c7fb1d77c3f326d59dbe2689bb5b8ff10fcd691f28b36aa98408c,60.17002,24.94407,000000006b087f40,23.56
16818,2019-08-04T12:41:36Z,bb0193f2b0ac4801fe82ed5cec75e687465d707d92e731047f81650f,60.1538,24.95595,0000000038bf9618,1.12
16819,2019-08-04T12:41:36Z,bbe7947ea50de5986f237ccab5782ddb55c199ad6a81e8f692670d0c,60.16829,24.94214,00000000afef4555,9.12
16820,2019-08-04T12:41:36Z,bbeaad18acdd3a2602aa5b07ab6ae8df489cb499c4490b3e6f561a5e,60.16544,24.95398,0000000038d83d41,29.32
16821,2019-08-04T12:41:36Z,bc07df8cc395f6f4f5d483b2233caca5f93a6918f346e4cc3702f8cc,60.16531,24.9442,00000000fdda10fe,20.28
16822,2019-08-04T12:41:36Z,bc3861c61a46fbf78a7423712f1a528cf9f8332531271933056c233f,60.16829,24.94214,00000000afef4555,9.12
16823,2019-08-04T12:41:36Z,bcf688ec2e666179e52a495a8304dd7aaaf4acad52788a0929b287a2,60.14699,24.922,00000000a53ed894,27.28
16824,2019-08-04T12:41:36Z,be21a77f983baae8e0ba646eda0988a618149dcc7ef4c303c35d5377,60.14947,24.91438,000000004ef3150d,14.89
16825,2019-08-04T12:41:36Z,bef86aee891e6813146b3b9679809c39591429ebddf99a44cc9a60ed,60.14951,24.92138,0000000006dd41f6,20.28
16826,2019-08-04T12:41:36Z,bf2e5725b255e320f1e8375ec03f55194f1fd9f751be9629d873a5c8,60.14699,24.922,00000000a53ed894,3.09
16827,2019-08-04T12:41:36Z,bf992d3cd95a73f02d7223eaffe90a94e3e1e98a8c6759bab631b5b0,60.14947,24.91438,000000004ef3150d,9.12
16828,2019-08-04T12:41:36Z,c0722f63618f97eb8ec4afac1a8538b81a3c87e623d753ad1201bf7c,60.16075,24.95883,00000000f1124bca,4.5
16829,2019-08-04T12:41:36Z,c1e4323d2276cb6e358f5fabb123294e7a0ef87e7169f3cccc8f2e03,60.16075,24.95883,00000000f1124bca,18.79
16830,2019-08-04T12:41:36Z,c22d0093a8d103f59838ad43218fa834e328847e5094bcb2e98d5307,60.16829,24.94214,00000000afef4555,6.46
16831,2019-08-04T12:41:36Z,c261834e6d2c1bd9adddb82d8c6ce2d8aad82a89e32da62f3fcc6063,60.16075,24.95883,00000000f1124bca,14.89
16832,2019-08-04T12:41:36Z,c2cc1b6c0c0d4fc16a65430d50430a6931aa2801399b5a6efa9c1a9b,60.14699,24.922,00000000a53ed894,13.75
16833,2019-08-04T12:41:36Z,c3030757d75278e7f315041b72e191553e7f0e64db02c9da19a42dc4,60.16762,24.95415,000000006b44cce7,18.79
16834,2019-08-04T12:41:36Z,c36d58ed0e0dddb3e26be1214e369db1c3fa3d4bcf8b53536a25239b,60.17065,24.93641,000000000f4919c9,4.11
16835,2019-08-04T12:41:36Z,c3be6dcc2c0542676c20d28ce38adbe2c0b9be09caa3f22e60210636,60.16075,24.95883,00000000f1124bca,8.38
16836,2019-08-04T12:41:36Z,c4dfae0a1b1bd27741275e8f26148b119bf7225960b4275e488612b9,60.14699,24.922,00000000a53ed894,16.1
16837,2019-08-04T12:41:36Z,c633a260ce59bad4e1ca42f12936ed8ae57a40f5e6528dfb70052c43,60.16897,24.95222,00000000aa852af1,13.75
16838,2019-08-04T12:41:36Z,c728eaa7734efeabe7f33c782081caa960fcced68160e285ee477916,60.14699,24.922,00000000a53ed894,14.89
16839,2019-08-04T12:41:36Z,c905a50dedd9b3d2114cde9160b7adf83adc09683b65598ce24c4047,60.1538,24.95595,0000000038bf9618,25.36
16840,2019-08-04T12:41:36Z,c9822d9c012b25f745a2934c523f3c9e6db75fbe3f5e673475813381,60.15432,24.9211,0000000019fb59c4,23.56
16841,2019-08-04T12:41:36Z,cad80f69731ad65f7f14bf400d674e0c42de462bd42db112c9d9f261,60.16075,24.95883,00000000f1124bca,12.69
16842,2019-08-04T12:41:36Z,cb3f05d5604f5532e039e6d40514b13aba8f6274d952bb17a8b801fc,60.15432,24.9211,0000000019fb59c4,23.56
16843,2019-08-04T12:41:36Z,cbc336691f17a9c508549e03d522166247a0cd0a944321c1a7d15525,60.14699,24.922,00000000a53ed894,10.78
16844,2019-08-04T12:41:36Z,cc2cf42c6b14536fb92c810ff0e3dd5a3caa74236f14246a5b6e8cdc,60.16762,24.95415,000000006b44cce7,4.94
16845,2019-08-04T12:41:36Z,cc3ab8b82d60cbeb3ccd635efb6cd12d127645ab3d03b73bcfec7455,60.16762,24.95415,000000006b44cce7,17.4
16846,2019-08-04T12:41:36Z,cce6b6f309e43e2bb1be6a9784582a82891e976d0869d01040586d27,60.14947,24.91438,000000004ef3150d,5.41
16847,2019-08-04T12:41:36Z,cd3e127e27387b6e06cdf27f46fb6046e4182e4d7b49b49c17167c1c,60.14947,24.91438,000000004ef3150d,13.75
16848,2019-08-04T12:41:36Z,cd47b9ac851ce6b21df7b8e918554b0cb1a12d03da7e0aaf14e19314,60.14947,24.91438,000000004ef3150d,18.79
16849,2019-08-04T12:41:36Z,cd4ecd3b83630f6e5d65f635804e47a1ceb82853aac36af30044f06a,60.149,24.9843,00000000fffb8cf0,36.27
16850,2019-08-04T12:41:36Z,cd9b2be9ffb37c8b7c5c25f587c95b1c7932a21fb245487ea2f740d9,60.14699,24.922,00000000a53ed894,7.05
16851,2019-08-04T12:41:36Z,ce6a8017f454ee88825097762b1bdb8e5ba78fff9cd3e49bc2ee2400,60.14699,24.922,00000000a53ed894,16.1
16852,2019-08-04T12:41:36Z,ceb777dafa9b7e39125b89735b7f0cf22c3018eb0196043ac8160370,60.14699,24.922,00000000a53ed894,17.4
16853,2019-08-04T12:41:36Z,cef1d06a10cfa08bcaef8b36535c2ec32c756a76cc0d5c2a1246f933,60.14699,24.922,00000000a53ed894,9.92
16854,2019-08-04T12:41:36Z,cfa42322be0000cf89d8969d1b88ace0ba99cab721dd58d55d41a36e,60.17065,24.93641,000000000f4919c9,20.28
16855,2019-08-04T12:41:36Z,cfc2a688ff31fbb1baac8790fb6d56dc7746ba2cf9e0e5f39d4751a4,60.14699,24.922,00000000a53ed894,7.69
16856,2019-08-04T12:41:36Z,d03671e2aa8386fb28a425b20505ceed966063990d65611e2dfda4f2,60.16075,24.95883,00000000f1124bca,21.87
16857,2019-08-04T12:41:36Z,d0413da80c7714f40ffe50dcfb00039280c64ecebc61c59df72965e6,60.149,24.9843,00000000fffb8cf0,38.87
16858,2019-08-04T12:41:36Z,d0aa228c2a3e6e1568e876cffc76874702e0f0f63f18533551bf02c1,60.16075,24.95883,00000000f1124bca,14.89
16859,2019-08-04T12:41:36Z,d0cab2a2660dcc5cb99a9bdf39d2e6b31b7498985db1b50e48cb478d,60.18203,24.91341,00000000342570c2,25.36
16860,2019-08-04T12:41:36Z,d150c7aba4e7419f0ddd187392a9c2a429f44fa82535fb594c48ff55,60.16897,24.95222,00000000aa852af1,27.28
16861,2019-08-04T12:41:36Z,d1e3b42846da964eb43395a0c02d5cccd930d1a09090f9d668f1ebd9,60.16829,24.94214,00000000afef4555,12.69
16862,2019-08-04T12:41:36Z,d38e88e5b926f9d1de6e326cca45116fcca11f10684c80876739c6cd,60.16075,24.95883,00000000f1124bca,3.4
16863,2019-08-04T12:41:36Z,d3a37aedae39925bda7da8e4f05a61b85904a00f88e8684006c76351,60.16829,24.94214,00000000afef4555,11.7
16864,2019-08-04T12:41:36Z,d64eda229ebb6012e59bc89eacb74918e404ce52f16b491f3d48e800,60.16897,24.95222,00000000aa852af1,16.1
16865,2019-08-04T12:41:36Z,d6b274f1f49dde057f37b6d65670f16c2a7ba75e21283e342e5c3bfb,60.16762,24.95415,000000006b44cce7,16.1
16866,2019-08-04T12:41:36Z,d75c412090c347ad7fca9287bcc4eb9bfb757dc7c1725109861dd93e,60.16629,24.95957,00000000fb7600be,9.92
16867,2019-08-04T12:41:36Z,d87210146aab139cc6640a20b428dce6ac516806a71a177b70e04f62,60.17065,24.93641,000000000f4919c9,9.92
16868,2019-08-04T12:41:36Z,d9e1972e6cb517827f9c355e591924449d0bbdc9bb0f5bc1f8d4f29a,60.16629,24.95957,00000000fb7600be,18.79
16869,2019-08-04T12:41:36Z,da0c40291d3ace2273a08e3c9b87cbc15b0f03d0dba61e7c5a88dc0c,60.15432,24.9211,0000000019fb59c4,23.56
16870,2019-08-04T12:41:36Z,da667dfa2d8a272a7398e186de027fabd2052052c0aad767a1c7d966,60.16897,24.95222,00000000aa852af1,17.4
16871,2019-08-04T12:41:36Z,daac051ca20430238282e179e0fe525b11ff1e8f1ace26d45b41f331,60.14947,24.91438,000000004ef3150d,7.69
16872,2019-08-04T12:41:36Z,dc439ef81c2abfb840e3ab145f2b944aae18a1beffd3eb47de845b9c,60.16531,24.9442,00000000fdda10fe,16.1
16873,2019-08-04T12:41:36Z,ddc8410b9e4ece4b995b789f95e526693bac176ed77092ba57355dc8,60.16762,24.95415,000000006b44cce7,2.3
16874,2019-08-04T12:41:36Z,ddd849ee86afceedd5f5582ede84380d5596c9ea304d634ab0fd0de0,60.16829,24.94214,00000000afef4555,20.28
16875,2019-08-04T12:41:36Z,de0d086ae32f87522eab31d3bc52545ed17b065889674963c0709568,60.16829,24.94214,00000000afef4555,9.12
16876,2019-08-04T12:41:36Z,de3fe5f63e74a582e06c8cb02e6128d6013827015ba3e2fe93082977,60.17002,24.94407,000000006b087f40,18.79
16877,2019-08-04T12:41:36Z,de84f754a3916c8f831b0bb8ea41fc2a42cdea2794558fece3c7ae97,60.1538,24.95595,0000000038bf9618,21.87
16878,2019-08-04T12:41:36Z,e02c0f9f72e9f248a4b5df8af328e1a0132d4d8a72c1e603d14cdacd,60.18203,24.91341,00000000342570c2,13.75
16879,2019-08-04T12:41:36Z,e0e938d5ab6fe3b13270163cd8a4e531dfae4b24ff98ab7e4277114c,60.14947,24.91438,000000004ef3150d,25.36
16880,2019-08-04T12:41:36Z,e0ff1e75104c5dfa3549647c238569888e353e1322256a5c6979de0b,60.14699,24.922,00000000a53ed894,9.12
16881,2019-08-04T12:41:36Z,e146a005895fb34bd6ba171e992a110e3768e607872add67faa900fa,60.16762,24.95415,000000006b44cce7,17.4
16882,2019-08-04T12:41:36Z,e23a6115ba872037f9b5066c9c9c966b497f449e32a2c9ceb0e55497,60.16829,24.94214,00000000afef4555,8.38
16883,2019-08-04T12:41:36Z,e341e5e3e0b4fef8c3764508293310da5922b202d791694e43069ad1,60.16544,24.95398,0000000038d83d41,14.89
16884,2019-08-04T12:41:36Z,e34bcebfa007159f3d2adb0e62e20fcf721a221f52bdfe2a6ad77831,60.18203,24.91341,00000000342570c2,17.4
16885,2019-08-04T12:41:36Z,e35717ff07f32be5a2e1520f1855533f8dcc72cff7930c9cba9da32b,60.14947,24.91438,000000004ef3150d,9.12
16886,2019-08-04T12:41:36Z,e3c03ee00a1bcd066f8b260cc5b9824d1118b7b7f972a818752aabc7,60.14947,24.91438,000000004ef3150d,9.12
16887,2019-08-04T12:41:36Z,e40a26f3f7468f4ac2302b45f1ed9aab7fea245ccf81d0c08072c881,60.16829,24.94214,00000000afef4555,10.78
16888,2019-08-04T12:41:36Z,e447e76c7b53157c11d5bfeb172c27332c81b5ec7f263badf5507888,60.149,24.9843,00000000fffb8cf0,8.38
16889,2019-08-04T12:41:36Z,e4b111abda6e15229c808fb72d5c0c38e2cf3abdbbb62fff5ae48e42,60.16762,24.95415,000000006b44cce7,12.69
16890,2019-08-04T12:41:36Z,e4f8eb3c654b642eaf00a350d3f55a7ec5156d7693c81bb994f49d52,60.1538,24.95595,0000000038bf9618,47.69
16891,2019-08-04T12:41:36Z,e621e7131322cca25ac9c09fde26ef4c94d2ba83c5679134b2bcf63d,60.16762,24.95415,000000006b44cce7,10.78
16892,2019-08-04T12:41:36Z,e6f4e3d1f5e01888556b077224cb4d8f88d63306fff2388e3fd997d0,60.14951,24.92138,0000000006dd41f6,18.79
16893,2019-08-04T12:41:36Z,e6f7965f2ef456f61121bcce5e466f125192e511c2af72d901307e8e,60.16762,24.95415,000000006b44cce7,6.46
16894,2019-08-04T12:41:36Z,e7cd5f775c7eea951719f351fcc25c710f857832d6f4b70a51b7b82d,60.16897,24.95222,00000000aa852af1,12.69
16895,2019-08-04T12:41:36Z,e826dedac8582e619ce18cd7eed68be5ee1fc9ed37e191e06f916835,60.14947,24.91438,000000004ef3150d,10.78
16896,2019-08-04T12:41:36Z,e84c3cf76509496cedd71bb89c4a6c35a27c96f037412cf2cdf25308,60.14699,24.922,00000000a53ed894,16.1
16897,2019-08-04T12:41:36Z,e9115410fa45db5a174eee008cae729dc69937a0e0b5a304899bf1b9,60.17065,24.93641,000000000f4919c9,23.56
16898,2019-08-04T12:41:36Z,e92eb020afcd7c1fad04690230ff8c2f005e404dd25b8dced1df30dd,60.16075,24.95883,00000000f1124bca,7.05
16899,2019-08-04T12:41:36Z,e9e19621fc5cfcfed2c808bbadc6cc6dd31e28d3c04cef8b89ca2729,60.16075,24.95883,00000000f1124bca,16.1
16900,2019-08-04T12:41:36Z,ec424a10bcefb6e69c2eabf42534f06e7a10aa0cfb28f6478052cade,60.14699,24.922,00000000a53ed894,7.05
16901,2019-08-04T12:41:36Z,ef352dcaa8317b6a3c0a02cd8908dd13da5601cc66ba65c5fd8d031a,60.14947,24.91438,000000004ef3150d,8.38
16902,2019-08-04T12:41:36Z,ef77b04fc57a9781bf581172358ba74cf41e0b2a6ecc8090f99810bf,60.14699,24.922,00000000a53ed894,11.7
16903,2019-08-04T12:41:36Z,efe8b6c6fdf0d2caccd589aaaa4f0228a80590ff9ec7961f2e92103d,60.16762,24.95415,000000006b44cce7,16.1
16904,2019-08-04T12:41:36Z,eff99f303ba37ed36542008434b2d20e50155593bb9fc7bc1dcc4bf3,60.16075,24.95883,00000000f1124bca,9.92
16905,2019-08-04T12:41:36Z,f04b198f2f3331022f4a89ef2c2d12283e9c1c03a6c64a1dcb6e76cc,60.173,24.92524,0000000096918cfa,31.5
16906,2019-08-04T12:41:36Z,f062cb52d49926a4fb39f723275ed60ab6c0f3bf34e0c3f9d233b7b8,60.14947,24.91438,000000004ef3150d,5.41
16907,2019-08-04T12:41:36Z,f15b72a3aad411d2f8a70b41c4f62ad2d744d064d42ec00c71a18ac5,60.16762,24.95415,000000006b44cce7,3.4
16908,2019-08-04T12:41:36Z,f1845e00642980be3cdc27a088c619bb0616b86f7cfa0b8909efac80,60.16544,24.95398,0000000038d83d41,29.32
16909,2019-08-04T12:41:36Z,f1e73fa6dab8e8a2db6d7515f601fac161f17c34beb84aa55e812a9e,60.16762,24.95415,000000006b44cce7,16.1
16910,2019-08-04T12:41:36Z,f20f951802c722181f0e90095001c49e73f84049bb105b95c97049d1,60.17918,24.95141,00000000675d5200,29.32
16911,2019-08-04T12:41:36Z,f2deba4ef84dbbc8c5d8524f6e2311183003bce4f9bfa6aef5b5ef66,60.14947,24.91438,000000004ef3150d,7.69
16912,2019-08-04T12:41:36Z,f2e063c8c25a8bec0dd6ec3924a5f59fd9694078f2f3fd5b3ea96f29,60.16762,24.95415,000000006b44cce7,10.78
16913,2019-08-04T12:41:36Z,f366283765028e1454f3cfc564b9f220c9d700bfa8a843746eca3141,60.16897,24.95222,00000000aa852af1,20.28
16914,2019-08-04T12:41:36Z,f39827c3c7f4c833d1118043492f78e3255b6da9f4a2c000041d9b61,60.16829,24.94214,00000000afef4555,0.84
16915,2019-08-04T12:41:36Z,f3ec2366b51157150674e5ab6293bdb19e0b30ca4296fee4c97b811c,60.14699,24.922,00000000a53ed894,17.4
16916,2019-08-04T12:41:36Z,f57853f71a35677d9b6de74cf0f3bdcc42821f886daf65feb9ab4330,60.149,24.9843,00000000fffb8cf0,27.28
16917,2019-08-04T12:41:36Z,f5f7cfe177dfb0b7ebba2419ae53f70b6b5690dd98d98586004a9107,60.149,24.9843,00000000fffb8cf0,20.28
16918,2019-08-04T12:41:36Z,f796c9efc581b25280d4b416f8ba3aecca6ddf083e7bdad05f6e595e,60.14699,24.922,00000000a53ed894,7.69
16919,2019-08-04T12:41:36Z,f7f0caf73572bea3c08b592eeb9655b2668cfb16fd8840ca5619d84a,60.14699,24.922,00000000a53ed894,9.12
16920,2019-08-04T12:41:36Z,f81439a39740937c6cba523d5ebca87b52d69ff29fb449cf42ade4d6,60.14699,24.922,00000000a53ed894,14.89
16921,2019-08-04T12:41:36Z,f9a7057352731d27889cbd388be5902a6e62b297a3467232e8e47094,60.16762,24.95415,000000006b44cce7,14.89
16922,2019-08-04T12:41:36Z,fadc39da3cd26ac621092fbbff224b95bb13446c8d24bbf4f3e50e90,60.14947,24.91438,000000004ef3150d,7.05
16923,2019-08-04T12:41:36Z,fc5c517b4bcaf5e392ff920858d70ed6c59751b0934ce3dbe372996e,60.16829,24.94214,00000000afef4555,20.28
16924,2019-08-04T12:41:36Z,fd77161cf9715d9d0f922cf45e79e5d9b9debef5113cb32a4f82ef76,60.16762,24.95415,000000006b44cce7,8.38
16925,2019-08-04T12:41:36Z,fe5ca86c906b1cb3bf9dd257ceefc562e41da499878f1074484f7d42,60.14947,24.91438,000000004ef3150d,9.92
16926,2019-08-04T12:41:37Z,07d86ad98399440d0cc3bd3382a7256feb971e49a3686dc17f532e1c,60.16829,24.94214,00000000afef4555,18.79
16927,2019-08-04T12:41:37Z,0dd09efc9717b508a52eb5196698ac7acffb325c836e14f240e56313,60.14947,24.91438,000000004ef3150d,18.79
16928,2019-08-04T12:41:37Z,14c7e1511b70f4dd3359cbece1377aebb4d70531f5489eefe53d7c3c,60.16544,24.95398,0000000038d83d41,23.56
16929,2019-08-04T12:41:37Z,1599d2c9070a6f05e1a5887c2d9209214c04818c6203fe75440734f2,60.1538,24.95595,0000000038bf9618,25.36
16930,2019-08-04T12:41:37Z,165ebbb4090d47319ae370f0d0854fdc1f6b79499f8b2e4d3c3533c0,60.16544,24.95398,0000000038d83d41,27.28
16931,2019-08-04T12:41:37Z,211f6b7b044343d0be369791b3fa3c144d0d0f391e2a42787712efb0,60.16448,24.97323,0000000053c6c2be,13.75
16932,2019-08-04T12:41:37Z,2350e9b04a733edca530466fd60d704e4de146d81df0066a1767556b,60.149,24.9843,00000000fffb8cf0,23.56
16933,2019-08-04T12:41:37Z,25a7ff811c3c06e426c7c2cbb0433d9a2a3399b23afecbd35584ab0f,60.18203,24.91341,00000000342570c2,13.75
16934,2019-08-04T12:41:37Z,2603b5aecd8f219a410e558446935308ecabb09a6c9e5b38533728ff,60.16829,24.94214,00000000afef4555,13.75
16935,2019-08-04T12:41:37Z,315af4a829b592ba99b203b8ed2cbd499769f8752dfe6de7da4ee929,60.16829,24.94214,00000000afef4555,14.89
16936,2019-08-04T12:41:37Z,35568b1e0d67c5d7b6b15bb08540a1aafe24817a9bc06673b97e85c9,60.14947,24.91438,000000004ef3150d,16.1
16937,2019-08-04T12:41:37Z,43b676ed3aef4c2d8846694817e76117873be52e7f788e0cb366c1c4,60.16629,24.95957,00000000fb7600be,25.36
16938,2019-08-04T12:41:37Z,44d0b94469070803869f229601e877beb613c3f5aafa009addf97a1a,60.16544,24.95398,0000000038d83d41,14.89
16939,2019-08-04T12:41:37Z,5d65719c4cbf045f068d084b72302f447d5fd034413d97d13be00d0e,60.18203,24.91341,00000000342570c2,20.28
16940,2019-08-04T12:41:37Z,5eed115a984d490b02b602d73787aee8dc8c4e9365b77fbff3818a76,60.16629,24.95957,00000000fb7600be,14.89
16941,2019-08-04T12:41:37Z,5fecff186138a9b3e31c6086c33dcd5f1d209e64f0afeed7c688cab0,60.16897,24.95222,00000000aa852af1,21.87
16942,2019-08-04T12:41:37Z,653a92a7828f2c43bc74899753f872e8b93c30b6fb419b651a94bbc1,60.16897,24.95222,00000000aa852af1,23.56
16943,2019-08-04T12:41:37Z,66dabd3229229330d23c70e9e1737429ddfe69db01f4a6a00f70fa20,60.16762,24.95415,000000006b44cce7,18.79
16944,2019-08-04T12:41:37Z,69219e9efa41ae9e732653e9eaf08e1a34cb853a9dafe76ddeea4d04,60.16897,24.95222,00000000aa852af1,14.89
16945,2019-08-04T12:41:37Z,6a4fb562fd2a38f15fbb1d8b7c4269574816246b0b2fb05b6d0487e9,60.16829,24.94214,00000000afef4555,25.36
16946,2019-08-04T12:41:37Z,6a70e2fbced719333e21eff04fcb9cb36bae9a04d1a3d6ddd96f2c58,60.15432,24.9211,0000000019fb59c4,6.46
16947,2019-08-04T12:41:37Z,6c8861f56a280e7752e10439271a2498527c69b0796f58de4afc6008,60.16075,24.95883,00000000f1124bca,13.75
16948,2019-08-04T12:41:37Z,70d8572458a1a103555bab897b6443e601e0ed211414b15ad0b56f60,60.16544,24.95398,0000000038d83d41,20.28
16949,2019-08-04T12:41:37Z,737efc92e3419e9d96a8559ec341ea7e18ba6381fd8e4de3d06f82a0,60.14699,24.922,00000000a53ed894,25.36
16950,2019-08-04T12:41:37Z,7678cdb86d454ca9ae52f22d97e635106585a3a046d01da4463695cc,60.18203,24.91341,00000000342570c2,16.1
16951,2019-08-04T12:41:37Z,7876e65f126121713ab8aded48e44b64ad5dd53b4c6e52536c374874,60.14951,24.92138,0000000006dd41f6,23.56
16952,2019-08-04T12:41:37Z,85ef35aecf2ff804be3d958b592705ec41c6df9c128c132c65bb283d,60.16897,24.95222,00000000aa852af1,23.56
16953,2019-08-04T12:41:37Z,87dfaad29a9276ddddb1fa021d3bc23ad14824c1af16f7d87e713689,60.14951,24.92138,0000000006dd41f6,12.69
16954,2019-08-04T12:41:37Z,88808fe92573e9cdf022cc15b9689b6b4b9429f60513c8897b0ba4c7,60.16897,24.95222,00000000aa852af1,17.4
16955,2019-08-04T12:41:37Z,89982a6acf91b79a282a6b63978e946ee205f303fcd20e944e06baf0,60.16544,24.95398,0000000038d83d41,21.87
16956,2019-08-04T12:41:37Z,8c3b1ed0846e38cc84b863a80540c8a75bfd85c8bdda36563d153110,60.16544,24.95398,0000000038d83d41,23.56
16957,2019-08-04T12:41:37Z,94c5a69a5ae6e9407c3fa9a6919d99beb3558dd4e6750eb480ddc36f,60.16829,24.94214,00000000afef4555,10.78
16958,2019-08-04T12:41:37Z,9843c6216661048343a0e49cf3d8aa2883cf77f452666a1c873a1052,60.16448,24.97323,0000000053c6c2be,13.75
16959,2019-08-04T12:41:37Z,a23b63dc2df72ba829ea2eabba05dafe724027d59a8f6babf791c1b8,60.16075,24.95883,00000000f1124bca,17.4
16960,2019-08-04T12:41:37Z,a8f8130135c784b027355228017bbfe99e5a6eecec153d44b78bedd3,60.16829,24.94214,00000000afef4555,18.79
16961,2019-08-04T12:41:37Z,a91d379a4b57c5df22db0d7a041ff69f657b4b31f28554b1011fc03c,60.16544,24.95398,0000000038d83d41,29.32
16962,2019-08-04T12:41:37Z,acd2647d413f41552b31b6e383da445c8902bc2a764d2b7791a7b164,60.16762,24.95415,000000006b44cce7,7.69
16963,2019-08-04T12:41:37Z,ae556011c511e79ed2daac915308eebfe8e1f17c56850f7a1fc92ce1,60.14699,24.922,00000000a53ed894,18.79
16964,2019-08-04T12:41:37Z,af807b67ce09a2ce1744025c421961213f1608ca658ece4df69555a1,60.16762,24.95415,000000006b44cce7,12.69
16965,2019-08-04T12:41:37Z,b6768ae226a93bce23852414e20866c7413513d067579c03ea883dfa,60.17065,24.93641,000000000f4919c9,14.89
16966,2019-08-04T12:41:37Z,bcb0201b0a1edf350ae2f681076e7d2d48ebd94c075bd3ca59552020,60.16897,24.95222,00000000aa852af1,17.4
16967,2019-08-04T12:41:37Z,ca6927628f5ddda20036865c9345ad93d476d62ade3b181de568eed6,60.16897,24.95222,00000000aa852af1,21.87
16968,2019-08-04T12:41:37Z,cf05623e4d87ce0906c0b0b7dbf53aacc1228016cd27c341228b6e76,60.18203,24.91341,00000000342570c2,18.79
16969,2019-08-04T12:41:37Z,d0a50f3001c258a38880550f6c0835fcaa85f0a6d36687dc5de98f3b,60.16629,24.95957,00000000fb7600be,16.1
16970,2019-08-04T12:41:37Z,dcb7e8bb90af70568c12a902d706c70e1ac1213e31ba074756f0a27a,60.1538,24.95595,0000000038bf9618,20.28
16971,2019-08-04T12:41:37Z,ded49640b591e73bff71f84fb99d2739eb6c9554164a015017725e03,60.16829,24.94214,00000000afef4555,16.1
16972,2019-08-04T12:41:37Z,e8e366e76c97944e23c0f80b4fd3ce6e5832744922297146a49f0c7e,60.16762,24.95415,000000006b44cce7,10.78
16973,2019-08-04T12:41:37Z,e96bd269a48b822b06141c3362fcb6d5ed4d0d09a120f2e4a712d5c2,60.16897,24.95222,00000000aa852af1,12.69
16974,2019-08-04T12:41:37Z,ed70dda6b7faebd4340dacdb452ab224d9d3c308df417b7fa76f54e8,60.14951,24.92138,0000000006dd41f6,23.56
16975,2019-08-04T12:41:37Z,efffdbe497ad2fa39b57c75ffd33c8f0ae621c4ef6154dcb169e5937,60.16075,24.95883,00000000f1124bca,12.69
16976,2019-08-04T12:41:37Z,f088630d7476dae7d4b7e2bb1f10575f2c89acb4b6e061f3d57c2b40,60.16531,24.9442,00000000fdda10fe,18.79
16977,2019-08-04T12:41:37Z,f237103f284dc6c51c64f9728c4f56e0c855dbb1bf8c4165758c3ef0,60.16897,24.95222,00000000aa852af1,21.87
16978,2019-08-04T12:41:37Z,f29ea15113ac0eea0be8ec41c633909de4b0b9ab6c7b9898b128080c,60.16897,24.95222,00000000aa852af1,13.75
16979,2019-08-04T12:41:37Z,f405a7c4a3a4339f8e3f7e552f6492d6eed76f7d08c54943286213de,60.16762,24.95415,000000006b44cce7,9.92
16980,2019-08-04T12:41:37Z,f6609ab1076b1105bb845595a03b41b8fbb282f79c337df5bbc9f841,60.14699,24.922,00000000a53ed894,11.7
16981,2019-08-04T12:41:37Z,fbb75be788ddadef0cdb49568eccaf53db4a58b2fe9a5e3626b53be6,60.1538,24.95595,0000000038bf9618,21.87
16982,2019-08-04T12:41:37Z,009ad4cd2bd97e04da44cc9789e6bdbdb899eded61d05b7d5634b7be,60.16829,24.94214,00000000afef4555,16.1
16983,2019-08-04T12:41:37Z,00bdb07c0f4f75c71196362c269c9f652c66cf7d3f3c2d89843af063,60.16629,24.95957,00000000fb7600be,13.75
16984,2019-08-04T12:41:37Z,036c183505fea646b54aeb0c612913cafba94eca65e47d3c6d840a68,60.17918,24.95141,00000000675d5200,29.32
16985,2019-08-04T12:41:37Z,04b49a34910d12f55243dd5a756c7cc1e506e5d3cdb418cc635e9ad9,60.16762,24.95415,000000006b44cce7,8.38
16986,2019-08-04T12:41:37Z,04b5d29c48edaaf4904a98e412562e3c0d857eb20342cc7c323d4293,60.16762,24.95415,000000006b44cce7,9.92
16987,2019-08-04T12:41:37Z,05d441c83d2df822feaf93d7861452db7a201f22d84cfa36f421dfd2,60.16544,24.95398,0000000038d83d41,17.4
16988,2019-08-04T12:41:37Z,07444c376c2a48ed91a2f5462cab887c00378edb4175ee969deb207e,60.18203,24.91341,00000000342570c2,12.69
16989,2019-08-04T12:41:37Z,07fa093f5dceb6043b0a8c9d8ad01c1bfdfe15d4b3071a26b747ea07,60.14699,24.922,00000000a53ed894,10.78
16990,2019-08-04T12:41:37Z,082bb64252a111bbbb2b4087bd115d2c38ac4660a73c922c72425120,60.16762,24.95415,000000006b44cce7,21.87
16991,2019-08-04T12:41:37Z,0851ab74be2e888decf0046825f09ed302f7b2275e72b09b5b713d85,60.16829,24.94214,00000000afef4555,13.75
16992,2019-08-04T12:41:37Z,0947f9d6bb6c34e382e008052b704b6521ac4f7678a2e8a719bb574b,60.15432,24.9211,0000000019fb59c4,36.27
16993,2019-08-04T12:41:37Z,0a0acb70a8ef92be52a64d4425e70bb2f7a17d13942c3382c9d68878,60.149,24.9843,00000000fffb8cf0,7.05
16994,2019-08-04T12:41:37Z,0a5616e066b42895361324cfa8abef41d849a55e3e4bed429bab494b,60.16829,24.94214,00000000afef4555,10.78
16995,2019-08-04T12:41:37Z,0a5ed50daf13dd10744537aa851ac7ab1d34d9797ec6ab6e2402aebb,60.16762,24.95415,000000006b44cce7,4.5
16996,2019-08-04T12:41:37Z,0a862920946d7a0dcbee7c1cf28a7b77c57763261788dbd361ed6409,60.14699,24.922,00000000a53ed894,18.79
16997,2019-08-04T12:41:37Z,0aabf0df4c3c5b45bb8950c92dbe624985f19e8650ed61f92571a65a,60.14699,24.922,00000000a53ed894,8.38
16998,2019-08-04T12:41:37Z,0c905239b8c0e14cba671cf4d4d715d1045a30ee62a6285fb489dbb0,60.16829,24.94214,00000000afef4555,17.4
16999,2019-08-04T12:41:37Z,0ef4d4e0ed1d5a16b616f3722210deaa1f3be532439fb707802f70a2,60.16075,24.95883,00000000f1124bca,23.56
17000,2019-08-04T12:41:37Z,10a99e791e27975dc1c9d73d3163cabacf3bd7bd05a4f7abf6365426,60.14699,24.922,00000000a53ed894,10.78
17001,2019-08-04T12:41:37Z,10caaea8002e8b3b342b32710efdd7305ff375ca1cdc01411f66b2f6,60.14699,24.922,00000000a53ed894,3.74
17002,2019-08-04T12:41:37Z,119268a2b328b466959e99158efc17d07641daf2eab0785f813707f9,60.16762,24.95415,000000006b44cce7,9.92
17003,2019-08-04T12:41:37Z,120a63917cb5ab619bf9a71328f14020736ee84e75d5b37278748def,60.16897,24.95222,00000000aa852af1,18.79
17004,2019-08-04T12:41:37Z,1240f5fbc405049e174fb4ad534e104eeddab72ae2aec4e434e7a36c,60.16897,24.95222,00000000aa852af1,25.36
17005,2019-08-04T12:41:37Z,124cce476184e061b136f481014a2abc7208d30e4e520ffd90c85adb,60.17002,24.94407,000000006b087f40,11.7
17006,2019-08-04T12:41:37Z,13bcedb8c59b26417282929d81844b272c7c5bc295614f531219a8e4,60.14947,24.91438,000000004ef3150d,16.1
17007,2019-08-04T12:41:37Z,13ee67fb034e3d24edc9a9618e9d6de24979ebbcb399f83abb02a897,60.14699,24.922,00000000a53ed894,2.8
17008,2019-08-04T12:41:37Z,1423891c6ee1edc7da83904378a35aef2e5797db95b117651d676934,60.16762,24.95415,000000006b44cce7,11.7
17009,2019-08-04T12:41:37Z,1496ce9cf373a2a508a8ab0b7aa0604dd889fd69483881c3752219af,60.14699,24.922,00000000a53ed894,13.75
17010,2019-08-04T12:41:37Z,1504a2043ecda430936466e17819a78caf95f0c572b6b07009c4d35a,60.16544,24.95398,0000000038d83d41,25.36
17011,2019-08-04T12:41:37Z,1515fbb735095b233eea332bf40cff9995758e9bd0ad60218875554b,60.14699,24.922,00000000a53ed894,23.56
17012,2019-08-04T12:41:37Z,15ee12e5f9be00a79b0cbbc9912f51cbfa3e486624567e1bde938fb6,60.1538,24.95595,0000000038bf9618,17.4
17013,2019-08-04T12:41:37Z,161aa798c2a18e132fb27ecded773218ea4e42eabbd0e5794b1d7017,60.15432,24.9211,0000000019fb59c4,20.28
17014,2019-08-04T12:41:37Z,1769031b7f4d75de0541e26427b9ecc92c84b80992e3b36bb8eb799e,60.16829,24.94214,00000000afef4555,17.4
17015,2019-08-04T12:41:37Z,1882b53729765cca25bc63400074242872d6fbc57882f131285b277f,60.16829,24.94214,00000000afef4555,9.92
17016,2019-08-04T12:41:37Z,194e6ced97ec114a37fe06d6d73fb687c057d411be476f1ea6f4852e,60.16897,24.95222,00000000aa852af1,16.1
17017,2019-08-04T12:41:37Z,1a93dfa31156cee53b4bd527d8b74655a5da812b6933d8a86d871e47,60.14947,24.91438,000000004ef3150d,5.91
17018,2019-08-04T12:41:37Z,1aacd77e1fdbe1544cf1ab29a00642d77ce4a075e388e8a2108aa39b,60.16829,24.94214,00000000afef4555,18.79
17019,2019-08-04T12:41:37Z,1b3fba902b8d1538b508cdc228fd15fdd87f5aecb68e5611b1a4e354,60.16762,24.95415,000000006b44cce7,2.3
17020,2019-08-04T12:41:37Z,1bcef866fafad7c7460a084e0b0d27c087b549f4ae704390708be47e,60.149,24.9843,00000000fffb8cf0,6.46
17021,2019-08-04T12:41:37Z,1c13175307f58b1bf07c8838e26a2f5d0fd5b21a7517c0b4f4e6bd8f,60.1538,24.95595,0000000038bf9618,36.27
17022,2019-08-04T12:41:37Z,1c7ccd5d6570d98e57ef2ebbd716b7504b138f9bb616fbeaa0d1a268,60.14699,24.922,00000000a53ed894,9.12
17023,2019-08-04T12:41:37Z,1e24a2120b13c780dbb3a67a73f5058d1847f126fd5f5952e6dddcd3,60.16075,24.95883,00000000f1124bca,12.69
17024,2019-08-04T12:41:37Z,1e63d2090b520af23ca3d2c9a05047dc0b0c63f7471b86e9d9f3e7cc,60.16629,24.95957,00000000fb7600be,29.32
17025,2019-08-04T12:41:37Z,1ec58e626d2335aeeaa7c7d8f715d4334274dbd43448fb62c3901ef6,60.16829,24.94214,00000000afef4555,17.4
17026,2019-08-04T12:41:37Z,1f74037ecab4dbdc5db1a8dc8b583a86630f86a5f2d0a5167b7fa605,60.18203,24.91341,00000000342570c2,36.27
17027,2019-08-04T12:41:37Z,1f81ed7274add201d3059d4a37e2bbe86b6ae1f0fd42a16d7b8dccaa,60.14699,24.922,00000000a53ed894,9.12
17028,2019-08-04T12:41:37Z,1faaaeff6423708e06d94b904af4be93e399939fbdfd3b3091dc8bd2,60.15432,24.9211,0000000019fb59c4,14.89
17029,2019-08-04T12:41:37Z,203a0c145a43c9a18f8c2a5ba4e18882e7430662bb4ac0e56ab37578,60.17065,24.93641,000000000f4919c9,14.89
17030,2019-08-04T12:41:37Z,208944c5811f446561788c5415738cbe52bdacb371f415236042698c,60.16897,24.95222,00000000aa852af1,20.28
17031,2019-08-04T12:41:37Z,21bdc11bb63fb48c9d4b5308540ee5df579c9a385001a10fceeeedf3,60.14699,24.922,00000000a53ed894,14.89
17032,2019-08-04T12:41:37Z,21eb94b10f042f4f21566d3ee27d800fb6d899071739c0c5c1fa7af0,60.14699,24.922,00000000a53ed894,23.56
17033,2019-08-04T12:41:37Z,21eed3ade733687b8f56fade8290819b7c6b4a9f38468979fe692c3e,60.16762,24.95415,000000006b44cce7,7.69
17034,2019-08-04T12:41:37Z,2204ba387d2db0e7d2ca03f7ace46abff8d141668b73c75a1879d7ba,60.14947,24.91438,000000004ef3150d,11.7
17035,2019-08-04T12:41:37Z,2271cbccbcce28d3d0757d9a964f67df1a523b81d97355dc543dd848,60.16897,24.95222,00000000aa852af1,21.87
17036,2019-08-04T12:41:37Z,22fe9a06fba1036e8eafd726bc450095b1893be067f475e1882bb704,60.14699,24.922,00000000a53ed894,9.12
17037,2019-08-04T12:41:37Z,231026899a6d5b326cb5b1e38b182ca1acb77c7e27bc2378973b29db,60.16629,24.95957,00000000fb7600be,12.69
17038,2019-08-04T12:41:37Z,23337c2812924a07e4f0bbc92e56d1f85ea40208b6b987f4afc686cf,60.16897,24.95222,00000000aa852af1,14.89
17039,2019-08-04T12:41:37Z,250f7cf6c6d1296e84c45fb8621a0704eb5243471980b5187dc40cdd,60.14699,24.922,00000000a53ed894,12.69
17040,2019-08-04T12:41:37Z,2607d1b2fc6e31a80348fffbed68a7d3a8e0212f197f2d1c573c587b,60.14947,24.91438,000000004ef3150d,3.09
17041,2019-08-04T12:41:37Z,269124e75b1e74a7c7dc93b778e02f04d0a53e069a90081c0938ee4c,60.14699,24.922,00000000a53ed894,9.12
17042,2019-08-04T12:41:37Z,28b43564f7156b67db7cb7b779e948986d7610f921490f9030379704,60.16897,24.95222,00000000aa852af1,12.69
17043,2019-08-04T12:41:37Z,28d2c3282e9f8fec67baec7992dcd800c45b67071e33cb118905a6b3,60.16829,24.94214,00000000afef4555,6.46
17044,2019-08-04T12:41:37Z,2969cdb120f2d285c556abfe5bac2f8090571f61aba227a474a534d2,60.17065,24.93641,000000000f4919c9,2.3
17045,2019-08-04T12:41:37Z,29a1ee6c0907a00ec6b6dcbb187f5c31d1a11b261aabd339210ee013,60.16897,24.95222,00000000aa852af1,13.75
17046,2019-08-04T12:41:37Z,2a47bdc66249162a9588347a6cbe7895fe798bb25c1194cd69fb1e8b,60.14699,24.922,00000000a53ed894,7.69
17047,2019-08-04T12:41:37Z,2bc95bfe257249215913b47f8544606d478783f0530c688972c2f11f,60.16629,24.95957,00000000fb7600be,21.87
17048,2019-08-04T12:41:37Z,2e86f9a432e00fa6ff5b8744ffecbe22a02b4316779bc8b4078af2e2,60.149,24.9843,00000000fffb8cf0,29.32
17049,2019-08-04T12:41:37Z,2ee2e108ed9051b1ccf4d3ee89931dfd53170af0b558fa6579b83e8d,60.15432,24.9211,0000000019fb59c4,13.75
17050,2019-08-04T12:41:37Z,2ff487dabdafef45d633bd5239b8f21bc2f5fa019150a45f204eb8be,60.149,24.9843,00000000fffb8cf0,25.36
17051,2019-08-04T12:41:37Z,30c55d5011d0f6c901437a130dbe2653c7ae0cceee3b0a242394152c,60.14947,24.91438,000000004ef3150d,31.5
17052,2019-08-04T12:41:37Z,32708990f2c831e65f70f2682baf5188fc93348b9a9e78ada8db2bf4,60.14947,24.91438,000000004ef3150d,2.54
17053,2019-08-04T12:41:37Z,32f77f5019e5fce30881c214487361e2e34b8c93277f6e546de72012,60.1638,24.96846,00000000d747f075,29.32
17054,2019-08-04T12:41:37Z,33634cb1e3fc5d4a621e8717d203da8533ed27531a70c6cbe3abf3fa,60.16762,24.95415,000000006b44cce7,1.7
17055,2019-08-04T12:41:37Z,33ec502792a84f23fed03cf16e483d153c65e2850a2549f47034726a,60.16762,24.95415,000000006b44cce7,11.7
17056,2019-08-04T12:41:37Z,3459042c03cbb672a039f7f14a6b99b84f839b0598f9e48bf4dd95f5,60.14699,24.922,00000000a53ed894,9.12
17057,2019-08-04T12:41:37Z,348d0f13ec830589831a973041803bc7b6c0f0b5f6e5a84e47f292d3,60.17002,24.94407,000000006b087f40,27.28
17058,2019-08-04T12:41:37Z,349dd839e41cff363cc4b935496e52b93be15233e508aa82987859bd,60.16075,24.95883,00000000f1124bca,21.87
17059,2019-08-04T12:41:37Z,34f282042837e6b8407c31fd6c880bdbb7071c56d76c4b6e5ba78819,60.14947,24.91438,000000004ef3150d,16.1
17060,2019-08-04T12:41:37Z,352427714fc6e8591df6bd227dde05d3b7ba0881742eee4ae750dcc4,60.15432,24.9211,0000000019fb59c4,27.28
17061,2019-08-04T12:41:37Z,358d7986d5bf2a0624fb1412a157b3c7b12f90653457e15a76bbdf50,60.16629,24.95957,00000000fb7600be,12.69
17062,2019-08-04T12:41:37Z,35a958343879c000cfc3f0c01afbc7d54934265828677bf4aefef84f,60.14699,24.922,00000000a53ed894,12.69
17063,2019-08-04T12:41:37Z,35e6e075578d7a51e510bf8904bde33f1d117264eea0917db98d4808,60.16897,24.95222,00000000aa852af1,7.69
17064,2019-08-04T12:41:37Z,36f876050503d244f74f3cbadcef716904eb2b245190d474b0cfa794,60.16762,24.95415,000000006b44cce7,1.7
17065,2019-08-04T12:41:37Z,37945fa4e7409fab98aa8bde45081f5bd083def0059485274ad552c0,60.17919,24.95181,000000007b5207b6,7.05
17066,2019-08-04T12:41:37Z,39310ebca1ad756aa2bfcb16c912cb7003ef3e7286a1f037603ade61,60.14699,24.922,00000000a53ed894,11.7
17067,2019-08-04T12:41:37Z,393a579e1c8efb19861f555f12040feeac853f37a2451116693e77aa,60.14699,24.922,00000000a53ed894,16.1
17068,2019-08-04T12:41:37Z,39f03a3a5fd777feee270921a7f51daec12ea679b542b0aaf2e808d7,60.149,24.9843,00000000fffb8cf0,25.36
17069,2019-08-04T12:41:37Z,3a6ce73ea4c03a14fc0d3d099e4698d3c1051a2e8e4bd552d5de394d,60.14947,24.91438,000000004ef3150d,3.74
17070,2019-08-04T12:41:37Z,3af48668fcfc51b261558246e08ae2f7f3bb9d4252e908e38c9db003,60.14699,24.922,00000000a53ed894,17.4
17071,2019-08-04T12:41:37Z,3b73bf57d223bcb9b930ee8619e6603e52485b221389c64d85614baf,60.16897,24.95222,00000000aa852af1,7.05
17072,2019-08-04T12:41:37Z,3e4965f1ed580ddf80246b1b78cbc55b73c11d67573d9cede2a7ccf7,60.16829,24.94214,00000000afef4555,11.7
17073,2019-08-04T12:41:37Z,3e51a6a20330a5ca5af145bab345165eb5f0fcce86d087af4088df64,60.15133,24.92329,00000000e8a064a4,33.81
17074,2019-08-04T12:41:37Z,3e99999f43f3bd9e105e735eeb92531a4301e7f258c90535acfba9ae,60.16531,24.9442,00000000fdda10fe,20.28
17075,2019-08-04T12:41:37Z,3ec0a34310840b3aa1aa32a3f2bffbe426e91a242dc6eb5c1e86bba7,60.16448,24.97323,0000000053c6c2be,27.28
17076,2019-08-04T12:41:37Z,3f395809cdaaaa1688c7d1cc770079bbf7ef1349e148bec5c8eacd57,60.16762,24.95415,000000006b44cce7,10.78
17077,2019-08-04T12:41:37Z,3f78229668030150fc4e03aed54ed23a2f6ac9c23a0c9bc0d6da03f4,60.16531,24.9442,00000000fdda10fe,25.36
17078,2019-08-04T12:41:37Z,3ffe89aa6ab1e57883e21fa8f15969f46a5f487bccb2b993eadb3cfb,60.14699,24.922,00000000a53ed894,6.46
17079,2019-08-04T12:41:37Z,409be16c4d34b9e76ac22ea0e8e282da3e9d169fe77ff5ea52a72883,60.14699,24.922,00000000a53ed894,13.75
17080,2019-08-04T12:41:37Z,427f20895f2d0aec0392fd0be9f66c4cd45200a3d32b5b9d52ea0dc2,60.15432,24.9211,0000000019fb59c4,29.32
17081,2019-08-04T12:41:37Z,429363aca20efd1e564b3ac367b9eb4702cce1afbe6a22dccb543a7f,60.16075,24.95883,00000000f1124bca,33.81
17082,2019-08-04T12:41:37Z,42d4eb6044091814f327d0b01dc9ae701506417af1a8ab7f4161650d,60.14951,24.92138,0000000006dd41f6,18.79
17083,2019-08-04T12:41:37Z,42da4298ed9f522421f17714e024d9b8fe22e7546df3deeb8b139bd3,60.16075,24.95883,00000000f1124bca,5.41
17084,2019-08-04T12:41:37Z,431375be6b9405ef55878f3aa0bb5dd6a35db8ba650a2bce05081c49,60.14947,24.91438,000000004ef3150d,5.91
17085,2019-08-04T12:41:37Z,436df7106ce19510536cf507d8939633784f67da2f872970e0d3ba43,60.16829,24.94214,00000000afef4555,14.89
17086,2019-08-04T12:41:37Z,447f951c07ece4b9f8a41fed54b5911f4f8033b69f5a62bfd0cf1d97,60.14699,24.922,00000000a53ed894,17.4
17087,2019-08-04T12:41:37Z,4533d27e96c5c6637ddff4243672d658fea4004970652882357105a9,60.14699,24.922,00000000a53ed894,8.38
17088,2019-08-04T12:41:37Z,457d11209b95b153efb57d8f2641f2db0823e91a0d608fa0555a5b69,60.14699,24.922,00000000a53ed894,6.46
17089,2019-08-04T12:41:37Z,4602ff9d03f6bf4fbb82976098cc1c73e7a7e754050401c772d1406e,60.14947,24.91438,000000004ef3150d,7.69
17090,2019-08-04T12:41:37Z,467a01a257fbaad22bd4aebafc8f284c9ad3effc429475e57c214e9d,60.14699,24.922,00000000a53ed894,13.75
17091,2019-08-04T12:41:37Z,47b8aba771bed6ec3a7d57932c44fe859bcf6300054b3acc9d885105,60.14947,24.91438,000000004ef3150d,20.28
17092,2019-08-04T12:41:37Z,47cde44e4ddbf6c70162fa882eee962e7c3e2a037b650294ec46568f,60.14947,24.91438,000000004ef3150d,9.92
17093,2019-08-04T12:41:37Z,48d0a198e7445da9f7df3cb2cedef7dc861fe850deff789f6ad61d36,60.14947,24.91438,000000004ef3150d,25.36
17094,2019-08-04T12:41:37Z,4a565a7be2bb822523480c6ca86154a466bf189290f87a0ef118f8b7,60.149,24.9843,00000000fffb8cf0,31.5
17095,2019-08-04T12:41:37Z,4b1050cc517631e36206d3528399c0b14748daec8c7d1b5dfa412299,60.15432,24.9211,0000000019fb59c4,2.8
17096,2019-08-04T12:41:37Z,4b2a241d832696fc878ceb269b0fbf4987989a0c3109bd2e8ac08170,60.16897,24.95222,00000000aa852af1,21.87
17097,2019-08-04T12:41:37Z,4b85388cdaec2b4c15b546160ee326d9668a5e5d3c7b08d0c539946e,60.17919,24.95181,000000007b5207b6,7.69
17098,2019-08-04T12:41:37Z,4bf75585466f0aafa2ed2956fe4b0f7235b4ba3a0606a52219b3156c,60.14699,24.922,00000000a53ed894,9.12
17099,2019-08-04T12:41:37Z,4cadc8cc23fd84febb6a8383030a34c97b3388a8c9ed7a64cc0f51a6,60.14947,24.91438,000000004ef3150d,3.74
17100,2019-08-04T12:41:37Z,4d4115f2971578ddc2428be944e2954c9e9a5472a818ec1805a022b2,60.149,24.9843,00000000fffb8cf0,18.79
17101,2019-08-04T12:41:37Z,4d7150fb2eb8468dc51f12b2de4a3610a7eb79c7352449ed92531f0e,60.1538,24.95595,0000000038bf9618,27.28
17102,2019-08-04T12:41:37Z,4ebdb6165c5d4892cdc21711313b98b1545bececfb886192c6f0ef22,60.16762,24.95415,000000006b44cce7,9.12
17103,2019-08-04T12:41:37Z,4f387b8eb5373361960a83c899f3753098c010a7b841c2bd861bfc91,60.16629,24.95957,00000000fb7600be,21.87
17104,2019-08-04T12:41:37Z,4f4940c5c77737c5b8f2fbd5a1b65886ea5f6e0e4fcd50447e11ce21,60.16075,24.95883,00000000f1124bca,27.28
17105,2019-08-04T12:41:37Z,4f93e95b96f69cefa42bba16e15af19b9c451693070e117b208ea068,60.16075,24.95883,00000000f1124bca,21.87
17106,2019-08-04T12:41:37Z,50cb63669a1534d5187e4e76c7b10e57705b61e8237469a9afd253b8,60.16762,24.95415,000000006b44cce7,21.87
17107,2019-08-04T12:41:37Z,50e21d119f102cee2afe3ac7f1a32032527638769b05aca582d6ecb1,60.16762,24.95415,000000006b44cce7,4.5
17108,2019-08-04T12:41:37Z,514a3981fad6c695ac4940f09374b5d1c2e84d2ca835084ef8707714,60.16075,24.95883,00000000f1124bca,3.74
17109,2019-08-04T12:41:37Z,51b3c7870a399165f0d1d14f7d21688df32b0360f9cc6f3ca61890d8,60.16829,24.94214,00000000afef4555,4.11
17110,2019-08-04T12:41:37Z,5260920d709c998754a6afe0e430e890d27be1843672147fb4d05338,60.16762,24.95415,000000006b44cce7,12.69
17111,2019-08-04T12:41:37Z,5274280f7558ea562d9ce825000efc025d2de6b91c62614cb68df2b1,60.14947,24.91438,000000004ef3150d,12.69
17112,2019-08-04T12:41:37Z,52939581c6c8dd3407dbf44ea9e90471e4bbadfb7e3740a0ba8324f3,60.14699,24.922,00000000a53ed894,10.78
17113,2019-08-04T12:41:37Z,52f0e69ca7a5cebe604c1f32308dc7f8870d1d85cd4b25ad17f706e9,60.14699,24.922,00000000a53ed894,4.94
17114,2019-08-04T12:41:37Z,552e7d20be831c5ebfa503ba78ed542d6ece4ecad264308d5dc37a31,60.14699,24.922,00000000a53ed894,9.92
17115,2019-08-04T12:41:37Z,5554305bad43a71cf98d83e92708c7474c1efc189392c1ea94231e9c,60.16531,24.9442,00000000fdda10fe,2.3
17116,2019-08-04T12:41:37Z,5636d9760f1eac9d5d050497d7084fd61a92d5d108695a9023769ac4,60.16629,24.95957,00000000fb7600be,17.4
17117,2019-08-04T12:41:37Z,56b8eace741e5227a40ea0a64601a737648080c63d6240b0dca632c4,60.16075,24.95883,00000000f1124bca,12.69
17118,2019-08-04T12:41:37Z,570dc61d53aec66ede39dfde66339640878453afc00cd1a55c60bca7,60.16544,24.95398,0000000038d83d41,25.36
17119,2019-08-04T12:41:37Z,571934189bf349efb6f596e76c21612cf9b82ed44913090169936048,60.17065,24.93641,000000000f4919c9,11.7
17120,2019-08-04T12:41:37Z,57c6f9c8fc64c4d7030c1d3576910e338178138cd74acdc9e3630216,60.16629,24.95957,00000000fb7600be,33.81
17121,2019-08-04T12:41:37Z,57eef16af260870a831bd4f88018555730ec7dd21a538e3575825479,60.16829,24.94214,00000000afef4555,20.28
17122,2019-08-04T12:41:37Z,58122bffe92a82d8b8a6fb46e406f2d86c32db26eca7557ec6943fa5,60.14947,24.91438,000000004ef3150d,17.4
17123,2019-08-04T12:41:37Z,583a35aa08fe45f96deb91a9f4b9317e86eddeee0d636cc11b3e2df8,60.16762,24.95415,000000006b44cce7,11.7
17124,2019-08-04T12:41:37Z,58411163d307bb308f9c94a9720e9ce5ab0ce4f5617cd2b1fcc2037a,60.16762,24.95415,000000006b44cce7,7.69
17125,2019-08-04T12:41:37Z,5966e39260804b1e804f63b354a53470a1f621ac8e68afdd522a565f,60.17002,24.94407,000000006b087f40,20.28
17126,2019-08-04T12:41:37Z,59b01cbdec8ff06fa6d50bac00c3f5f4c45132fc8a62800c08df5d6a,60.16629,24.95957,00000000fb7600be,16.1
17127,2019-08-04T12:41:37Z,5b102c62b98f29bd801e4dd0e9ddbc113db3faa38d59990b9ba5e9ec,60.173,24.92524,0000000096918cfa,29.32
17128,2019-08-04T12:41:37Z,5b21511f00a23b33dc791787155b6f890ab1949e3c9a42448c765d19,60.16829,24.94214,00000000afef4555,33.81
17129,2019-08-04T12:41:37Z,5bf59468120b0262b74eebaba2a7ee8274f3c8165ddcf6f38eae92a8,60.16829,24.94214,00000000afef4555,20.28
17130,2019-08-04T12:41:37Z,5c160268bc9b4b619181ce421d9e58c258e6b59a342945fc29f0004b,60.14947,24.91438,000000004ef3150d,9.12
17131,2019-08-04T12:41:37Z,5cd5117066c75a1cb83d3896a7eba3f3472e133f0013ea7d4e95daaa,60.14699,24.922,00000000a53ed894,6.46
17132,2019-08-04T12:41:37Z,5d70086d53447ee393249cef33c7bae814c1d7c2e3055fc91b38786c,60.17919,24.95181,000000007b5207b6,9.92
17133,2019-08-04T12:41:37Z,5e7916ca910b02abf2d19906759663c23db63950a353fa546f55c8af,60.14699,24.922,00000000a53ed894,8.38
17134,2019-08-04T12:41:37Z,5ea49ba4de68e03664ec3a87f5de32434d7136b4f8323f022ff9df5b,60.16829,24.94214,00000000afef4555,7.05
17135,2019-08-04T12:41:37Z,604a02f00cf5d2e059c26ee48a07cd30e608c4b00f17f447c028da58,60.16762,24.95415,000000006b44cce7,20.28
17136,2019-08-04T12:41:37Z,614ab7fba7255f6bf6f888e9a04d589962f756b3f427e658f10014f2,60.16075,24.95883,00000000f1124bca,11.7
17137,2019-08-04T12:41:37Z,62a6fe2d9b3b5b4533c51253f8842428bd797b3c6a95a7816ec472ed,60.14947,24.91438,000000004ef3150d,5.41
17138,2019-08-04T12:41:37Z,63defb71d4c3856253a0a2d67a5c370b91ad0527703b334a63fe5344,60.14947,24.91438,000000004ef3150d,5.91
17139,2019-08-04T12:41:37Z,64638a9f9e6c9b32fc4b484b55e4934fcab6cb04605cc76d5f5534b7,60.17065,24.93641,000000000f4919c9,7.05
17140,2019-08-04T12:41:37Z,64e34af775b57908b23056a31d60ef3b005941f2e7c3db0c49df675d,60.17065,24.93641,000000000f4919c9,4.11
17141,2019-08-04T12:41:37Z,6503762f2cac51cc2b74da1efa6b16583ed11c9a528d7716b7829c0b,60.16829,24.94214,00000000afef4555,12.69
17142,2019-08-04T12:41:37Z,651b877c5e2e76a6fd8d2d9e9bbaf56a4bfd787e136a05a3587a6b46,60.14947,24.91438,000000004ef3150d,23.56
17143,2019-08-04T12:41:37Z,6525cc634176c25187e68e0d067bcfecfd78e399e93db4ee9d408b7e,60.17919,24.95181,000000007b5207b6,25.36
17144,2019-08-04T12:41:37Z,655204cb507ea9ae811105cdcd766161facaa9f729017a333f102391,60.149,24.9843,00000000fffb8cf0,21.87
17145,2019-08-04T12:41:37Z,66b9cea6cd979b4e9e391e0ef854e2cc38eca6fb9e166811e39edd11,60.16544,24.95398,0000000038d83d41,27.28
17146,2019-08-04T12:41:37Z,6723bebaab92d1a9f8b4318fd4f497a6dec6d7f8e0eafca443925213,60.16075,24.95883,00000000f1124bca,10.78
17147,2019-08-04T12:41:37Z,67591d427f60ba3c369ac0d78088fca7be33081501508d16401dd6cb,60.16762,24.95415,000000006b44cce7,3.4
17148,2019-08-04T12:41:37Z,675eacdf32b5b831fd118fc5539eea4b3cef4bd11e2e1706a9571222,60.16829,24.94214,00000000afef4555,9.92
17149,2019-08-04T12:41:37Z,6774ed72eaf69d7c4aaeeef90990f969954155bbcc52652e75e7deef,60.16829,24.94214,00000000afef4555,10.78
17150,2019-08-04T12:41:37Z,677c53ae4056d6cb123ca576ba5284664b1c7e3e88818bd19b5dd99a,60.17919,24.95181,000000007b5207b6,20.28
17151,2019-08-04T12:41:37Z,6875e3632a29207e29ded33617e66d55de5d8c7804fecedd6f1dfe12,60.14699,24.922,00000000a53ed894,4.11
17152,2019-08-04T12:41:37Z,69375ef968867906fc11b34d1e2c4b436d452cd47cb577a7f9e566ef,60.16762,24.95415,000000006b44cce7,10.78
17153,2019-08-04T12:41:37Z,6981f80baeddf7459b67845f82744390c976c013f3a4883a53556fc7,60.16762,24.95415,000000006b44cce7,17.4
17154,2019-08-04T12:41:37Z,698b200b63a644828a7314691a16af2af1bccef75d52abb5591a5542,60.14699,24.922,00000000a53ed894,11.7
17155,2019-08-04T12:41:37Z,6b0a82291c959c69fdc5d4aa8e51e7db895cb2b8ff403b6d988a8b7d,60.16829,24.94214,00000000afef4555,27.28
17156,2019-08-04T12:41:37Z,6b6668d7ebecfb96a6ed3ca19e97f8da150943ddf1d034675d08a9b8,60.14699,24.922,00000000a53ed894,11.7
17157,2019-08-04T12:41:37Z,6b97071051ccf5db7e5ebee033d4f68d58ed6917ff2fac5b205a6605,60.17065,24.93641,000000000f4919c9,18.79
17158,2019-08-04T12:41:37Z,6c7e018abdf8462af7c7b003bc30f915184f7082e9e865a2c502eed5,60.14699,24.922,00000000a53ed894,6.46
17159,2019-08-04T12:41:37Z,6cc185919c410bfc359b488921554d891f9748da570db062229c7ec7,60.15432,24.9211,0000000019fb59c4,16.1
17160,2019-08-04T12:41:37Z,6d40c31367c2556e3fe8fab5dee22bdfde888d4ff9a6d1b0d44a66c1,60.1538,24.95595,0000000038bf9618,33.81
17161,2019-08-04T12:41:37Z,6f3dd17e40daabb4efe868f1b859dc00ecc01846f0a0e2b8db5d1413,60.17919,24.95181,000000007b5207b6,18.79
17162,2019-08-04T12:41:37Z,6f6424bbbaf60613d510509f7f01d817e2161b2043aeda1ad4f4723b,60.14951,24.92138,0000000006dd41f6,14.89
17163,2019-08-04T12:41:37Z,6fdf4cfc3a0774e204869ab43ef69c6306cc40c0fd8bbb0f8b505e3a,60.16829,24.94214,00000000afef4555,18.79
17164,2019-08-04T12:41:37Z,6fec2e12fc88db6bcc4eb2c81bcfb171de0094ca788c72192002e939,60.15432,24.9211,0000000019fb59c4,29.32
17165,2019-08-04T12:41:37Z,70c56152af84cf1bad4d19b0cb31202232b4cd4320ce5ea48895e42b,60.14947,24.91438,000000004ef3150d,12.69
17166,2019-08-04T12:41:37Z,71479e7c1c4fd96468f16800ff04484480c76e0953d2074500b0df31,60.17919,24.95181,000000007b5207b6,18.79
17167,2019-08-04T12:41:37Z,7176e4b517010283d61468978a67a0e6d800f7b66219728174074b97,60.14947,24.91438,000000004ef3150d,20.28
17168,2019-08-04T12:41:37Z,72231bca658d3a16f3bf9c26ba5f13393b8377e4ab0b9ed3de6c811f,60.14699,24.922,00000000a53ed894,14.89
17169,2019-08-04T12:41:37Z,72e4de5ded503a6b09635fc51a720ce504c9e77552bc2ffae8d6cae3,60.14699,24.922,00000000a53ed894,10.78
17170,2019-08-04T12:41:37Z,733f21ebebe353e10a55a74b40a0a480e6d276334d4f3d8bcf85b711,60.16075,24.95883,00000000f1124bca,20.28
17171,2019-08-04T12:41:37Z,737779d5b545043aa16af1ca616beeb1b5dfae5e6e1d4a789d7b316d,60.16762,24.95415,000000006b44cce7,23.56
17172,2019-08-04T12:41:37Z,759f94c852ff15ca91c3138913c3858c4801702f8f0514ae82fb2a19,60.16897,24.95222,00000000aa852af1,9.92
17173,2019-08-04T12:41:37Z,7664b7f08aaa059ecf6646a595c33fae0c80715febe63e31f45a4662,60.16762,24.95415,000000006b44cce7,8.38
17174,2019-08-04T12:41:37Z,773cde2fe905572767422dd8f7b13c6579d615ef03314b665c7bf40f,60.16762,24.95415,000000006b44cce7,10.78
17175,2019-08-04T12:41:37Z,777cceac7be6303a1c82f7cc68061528b01e3aa1b3aa6481cad9e5e3,60.16075,24.95883,00000000f1124bca,4.5
17176,2019-08-04T12:41:37Z,79bde23c1a8980f93a65e14306f0d8ea89e164430d8b991e2bfee82e,60.16531,24.9442,00000000fdda10fe,10.78
17177,2019-08-04T12:41:37Z,79d30a3ef05e3d34450d1c975b3fa9d21b994f078f943db791239b07,60.14699,24.922,00000000a53ed894,21.87
17178,2019-08-04T12:41:37Z,7a0c0b525f2d3eed6c873bd3b8d27bede551fe4a428ac15c23deadae,60.16075,24.95883,00000000f1124bca,20.28
17179,2019-08-04T12:41:37Z,7a4a06d20ebe57d94e5fceeaf47d5b56ad9a515818e9c20e21a80e61,60.16629,24.95957,00000000fb7600be,18.79
17180,2019-08-04T12:41:37Z,7a97375000483176c3b37cc0d1744a950d9b322ce3534208fce0b21d,60.14699,24.922,00000000a53ed894,16.1
17181,2019-08-04T12:41:37Z,7ab335e046f7f3597f8f615a90857885e35cfecefebd5d24bbf0af90,60.16075,24.95883,00000000f1124bca,7.05
17182,2019-08-04T12:41:37Z,7af6672e274ebe27cdb785373a857fc5bcad92a386c36dbe3221d4f4,60.14947,24.91438,000000004ef3150d,7.05
17183,2019-08-04T12:41:37Z,7be762f58d54665c5e6668eb2fb3eae7201522ddff196bbc5eb731f0,60.14947,24.91438,000000004ef3150d,20.28
17184,2019-08-04T12:41:37Z,7d9a3d84c09c3a8d6876389e216e0278048d6b924890fb275a078ffb,60.16531,24.9442,00000000fdda10fe,0.59
17185,2019-08-04T12:41:37Z,7e31a4896ab0ff539440898dfabd8305df79869bff52da941016d1cc,60.1538,24.95595,0000000038bf9618,41.64
17186,2019-08-04T12:41:37Z,7e76449e59f1e3a1a615b54408115353fbb14d815390d03a73b1a7bb,60.14947,24.91438,000000004ef3150d,8.38
17187,2019-08-04T12:41:37Z,7ee87b87cf01698f643e1ba3117b245039edc811605df5dc802e7576,60.14947,24.91438,000000004ef3150d,9.92
17188,2019-08-04T12:41:37Z,7f2f97e26d55f653ed70260ea4f893d01a3984cbdf6d7a3bfb2641de,60.16829,24.94214,00000000afef4555,7.05
17189,2019-08-04T12:41:37Z,7f786ec8e06f1ca3bdd10fc60d0114baf354125b8f6cf796d197f4cc,60.16075,24.95883,00000000f1124bca,4.94
17190,2019-08-04T12:41:37Z,80cbcb887f3e351e3bef7c5f53dccc578cc3494feec514aed7015c0d,60.16075,24.95883,00000000f1124bca,6.46
17191,2019-08-04T12:41:37Z,80cc39b04598f971820e63498fd27ae72a12a45a60c220fe625b282a,60.14699,24.922,00000000a53ed894,7.05
17192,2019-08-04T12:41:37Z,82411c6526228322a61f59259f13adf7cde62bd767587b6735867705,60.17919,24.95181,000000007b5207b6,8.38
17193,2019-08-04T12:41:37Z,83121a75723643c48e3c3b0a3ea5fccb532046432ca445833e8de06a,60.16762,24.95415,000000006b44cce7,2.8
17194,2019-08-04T12:41:37Z,848fe01e24ccc782e5968171f53ea31d28f20a455c45d8bac8fb7374,60.173,24.92524,0000000096918cfa,38.87
17195,2019-08-04T12:41:37Z,849a662d95d4185421aff7c6213ba5d7b84cfc58c9fb30ff34054e4c,60.16075,24.95883,00000000f1124bca,6.46
17196,2019-08-04T12:41:37Z,85d66944a64cfde859e7e08ca4b79f3b39d5b03141d500fe7ce73f7e,60.14699,24.922,00000000a53ed894,9.12
17197,2019-08-04T12:41:37Z,85d67c3be46ecb66832dfd9090a931e1be3dd056f718ea6786622131,60.16897,24.95222,00000000aa852af1,13.75
17198,2019-08-04T12:41:37Z,868cd7608ed6beb209db2aad8c71f56b8aec3a6b453be18e4af217a2,60.17065,24.93641,000000000f4919c9,20.28
17199,2019-08-04T12:41:37Z,87bb1abe21abfcb5e5c2039e579cff7ca863a6019207db356de5b7c2,60.14699,24.922,00000000a53ed894,7.69
17200,2019-08-04T12:41:37Z,87cbb5265cd1cc3213ddb5ed9ed2a599ddb7db0b0747121d649b0ae3,60.16544,24.95398,0000000038d83d41,25.36
17201,2019-08-04T12:41:37Z,8822ffe19dec49fe874ac377de5a0504e931e342ecc1f5b1fcb939e5,60.16897,24.95222,00000000aa852af1,9.12
17202,2019-08-04T12:41:37Z,885bcc6af7d0aa9718fe1030e32ffff1de5171ae5ef67cf0011874fb,60.14947,24.91438,000000004ef3150d,4.11
17203,2019-08-04T12:41:37Z,8947a5209f3b32173d3dc72792039edf94a2711741ab041b62b30643,60.16762,24.95415,000000006b44cce7,16.1
17204,2019-08-04T12:41:37Z,896f7e896dc6f1ea44b82bf968a988cc10c358ee34821d9d7a4bd07a,60.14947,24.91438,000000004ef3150d,5.91
17205,2019-08-04T12:41:37Z,8a08b2de43a9ef03cf96610718c908e69dcacc59f536a7135b7bb542,60.16629,24.95957,00000000fb7600be,10.78
17206,2019-08-04T12:41:37Z,8acb351d2b6acbd61099205c5c497b7507c1a4da115c4b8fcaa8c930,60.16762,24.95415,000000006b44cce7,23.56
17207,2019-08-04T12:41:37Z,8b641985c793a3f25a45b2460cb01f5baa6f339c6dd26ba7752d8a7a,60.16897,24.95222,00000000aa852af1,6.46
17208,2019-08-04T12:41:37Z,8ba6cfc17ca70e8304994e018ebd5eb2003177062cde05925d5cacb3,60.173,24.92524,0000000096918cfa,20.28
17209,2019-08-04T12:41:37Z,8d528b00553162a9dd47d2296d15b2fad89aad6a508424d4589618a1,60.14947,24.91438,000000004ef3150d,20.28
17210,2019-08-04T12:41:37Z,8d5672c651968bf1f466b44baefa37f9438850e96140d126f6a99baf,60.16897,24.95222,00000000aa852af1,29.32
17211,2019-08-04T12:41:37Z,8d73f674010f5cb02e8f20251ed86a9afcb7f6b3926039470296bd00,60.17065,24.93641,000000000f4919c9,11.7
17212,2019-08-04T12:41:37Z,8d7da72d35c2ac527039f569af91c4f1de2d3fbb83af89458935fb73,60.1538,24.95595,0000000038bf9618,27.28
17213,2019-08-04T12:41:37Z,8dcf139eb279bcc2696420ba9da858e361600ff02cd29587f66660ec,60.16897,24.95222,00000000aa852af1,29.32
17214,2019-08-04T12:41:37Z,8ea568829e5988a5f43e50f26b5973af251de668f8f500a81c34511c,60.1538,24.95595,0000000038bf9618,33.81
17215,2019-08-04T12:41:37Z,9023a89a49a372e5f97cf86ef1b5de0164eb67cc10d394d383ab75fd,60.16829,24.94214,00000000afef4555,17.4
17216,2019-08-04T12:41:37Z,90d2c337b3629bdc073dbbe6f0793b7bf6f65d63deb77bddf24052a8,60.16897,24.95222,00000000aa852af1,17.4
17217,2019-08-04T12:41:37Z,920dc90f60b295267f63efc8f968408087b71878dc3f49f0ded1c41e,60.17919,24.95181,000000007b5207b6,21.87
17218,2019-08-04T12:41:37Z,926717d61529080dfc4c7f8cdcdc82c6490d2a5129474524b8c40ea4,60.16829,24.94214,00000000afef4555,13.75
17219,2019-08-04T12:41:37Z,93a2100e233b204243f7e69b68dea7c9a145d1b5384bd18359bf87a3,60.16531,24.9442,00000000fdda10fe,1.54
17220,2019-08-04T12:41:37Z,93e409819362e2429a43710ff4330bd3ed83011b73ae438dd7fb62d8,60.16762,24.95415,000000006b44cce7,9.92
17221,2019-08-04T12:41:37Z,94237bc673d78a307ecc9da6df18d0b37e632b8cd6709f81081f000a,60.17002,24.94407,000000006b087f40,38.87
17222,2019-08-04T12:41:37Z,9575ef1c44f26f0301d726029c8b1c28011a4724496943451bee6544,60.14947,24.91438,000000004ef3150d,11.7
17223,2019-08-04T12:41:37Z,958ab5fd2d2c7f0c3fe6dc14fe27005fcf35b013db75f708c22a3619,60.16762,24.95415,000000006b44cce7,14.89
17224,2019-08-04T12:41:37Z,9604244c18efd5978b809f021651f7743e0e64da38fcf3718f9b4f93,60.14699,24.922,00000000a53ed894,9.12
17225,2019-08-04T12:41:37Z,96b004e7ce8b4221af704fcf73c09daf78aed09c7ed5803c4bfa5bc1,60.14699,24.922,00000000a53ed894,16.1
17226,2019-08-04T12:41:37Z,97264f5808fa13851dacabf0c98525eec29849ff4b6a744cc777fd5b,60.16075,24.95883,00000000f1124bca,18.79
17227,2019-08-04T12:41:37Z,9736a8a29aee134a307e0cd4221e9b0a2ab7c48befee43fc62e9f9bd,60.14699,24.922,00000000a53ed894,4.94
17228,2019-08-04T12:41:37Z,9862cafd709b75d07c83b397773e0cf33564666cb81814bdbf5e54f2,60.16897,24.95222,00000000aa852af1,18.79
17229,2019-08-04T12:41:37Z,9868033d7f0d18f01d12a4034f37bf5d6e51e5ed9124c68d4b8b8e6c,60.14947,24.91438,000000004ef3150d,21.87
17230,2019-08-04T12:41:37Z,987d01417bcff2d7f663704309df2ebdcdb035da3ddb085fab0cf928,60.16829,24.94214,00000000afef4555,25.36
17231,2019-08-04T12:41:37Z,98bb3b6f5e2403b14b8e01616c07b03bb1fd153ded656033d7bd3533,60.16075,24.95883,00000000f1124bca,7.69
17232,2019-08-04T12:41:37Z,992f6feda52c82ad67e40af55b5602bb22411020701998c6bd65faed,60.16762,24.95415,000000006b44cce7,5.41
17233,2019-08-04T12:41:37Z,99334da99912e6d4b516e02432e7f88db5a5b87f635722bc3a8b38a6,60.14699,24.922,00000000a53ed894,13.75
17234,2019-08-04T12:41:37Z,994b630283c750a0b697359e32c4bd06d5b4a32d2edb6c12cce42b32,60.16829,24.94214,00000000afef4555,10.78
17235,2019-08-04T12:41:37Z,9a9db814dfa74ca2c2d51496299715310e81c6e6525cc9d2cb0762eb,60.16897,24.95222,00000000aa852af1,13.75
17236,2019-08-04T12:41:37Z,9acffb3f8b8720e2de83c8cfd41915d268d5eca34e0bd280eed3e6f4,60.16897,24.95222,00000000aa852af1,9.12
17237,2019-08-04T12:41:37Z,9bad872c31c8c5e53f064b5367350b41271d45ca8a9e508136622800,60.16897,24.95222,00000000aa852af1,4.94
17238,2019-08-04T12:41:37Z,9e3d4a4b1acd94d2896cd7cf56419110f06ea96faae37aadebd4ec77,60.14947,24.91438,000000004ef3150d,3.74
17239,2019-08-04T12:41:37Z,9ff13c715073d5ad9c464cb67b6de3f703435cf389c32cce5626dfe1,60.149,24.9843,00000000fffb8cf0,38.87
17240,2019-08-04T12:41:37Z,a013af23449d6d98abee74e52eabec399ca57bd09762466edcc54f33,60.16762,24.95415,000000006b44cce7,25.36
17241,2019-08-04T12:41:37Z,a1b52cda133b45cf931b9e31d4037fb841f80432e99d6a000beeadc8,60.17002,24.94407,000000006b087f40,17.4
17242,2019-08-04T12:41:37Z,a38a21a97a054541f0423f03758c70227116c05254958373e3e93ad0,60.14947,24.91438,000000004ef3150d,7.69
17243,2019-08-04T12:41:37Z,a3d228482bfdd3dbdfaee1ff72b6ac00c2ee8c05e949047ce9117783,60.14699,24.922,00000000a53ed894,9.92
17244,2019-08-04T12:41:37Z,a422a30ec1eb058c7930e1352297c161639faa5b3ca5f5fa47c4adb3,60.14947,24.91438,000000004ef3150d,5.91
17245,2019-08-04T12:41:37Z,a47f8d59e11da7fa47e0cbe518b593e023018f122d5710ffbb775c0f,60.16829,24.94214,00000000afef4555,31.5
17246,2019-08-04T12:41:37Z,a4f416ec0941bb365e3665d7fd224fad15d74225e8ce9f6dd6368bc7,60.17065,24.93641,000000000f4919c9,20.28
17247,2019-08-04T12:41:37Z,a6158fc663b4931ef4e811a4acf62ab2f658241775e200b14684f87d,60.16897,24.95222,00000000aa852af1,9.12
17248,2019-08-04T12:41:37Z,a6d70813f5482dbc1c20f0d6da003396409d72414de93c6916e4097a,60.16762,24.95415,000000006b44cce7,20.28
17249,2019-08-04T12:41:37Z,a6f944078dd26796f5a849ccb6fdf8a4436f913cf3302597c846462d,60.16762,24.95415,000000006b44cce7,6.46
17250,2019-08-04T12:41:37Z,a7472d1b63171c047444981df223670390009e3ea502132d9963e9fb,60.14947,24.91438,000000004ef3150d,5.41
17251,2019-08-04T12:41:37Z,a76d219c3abcc4ec3a54dd834263f9a24972c71be4c7bbbfc663f22f,60.14699,24.922,00000000a53ed894,7.69
17252,2019-08-04T12:41:37Z,a794d97e26d3678bb11b4364880414bb7bfac4bb49d1867b37b489f7,60.14947,24.91438,000000004ef3150d,10.78
17253,2019-08-04T12:41:37Z,a8bd45406d5913e098652d4c2d836339758e08d21bf5d88becabdd36,60.14947,24.91438,000000004ef3150d,2.8
17254,2019-08-04T12:41:37Z,a8df2631c2442628608c1f0352c896eb532a6ca08c85de2c77360aa8,60.14947,24.91438,000000004ef3150d,5.41
17255,2019-08-04T12:41:37Z,a8fffb1bf2cf3b58cca0395d98ab3763c45771fed32527f2dedb644b,60.149,24.9843,00000000fffb8cf0,29.32
17256,2019-08-04T12:41:37Z,a9383e1c3d9b3355965662ff18ad95dfb64daa5d8e71fc20e7e50df7,60.14699,24.922,00000000a53ed894,9.92
17257,2019-08-04T12:41:37Z,a9dfc9065260957b1eb8dc3b11b793f73f7940fa5cb61acb16a260e2,60.16897,24.95222,00000000aa852af1,21.87
17258,2019-08-04T12:41:37Z,aa076c3f0d09145aebbb750dde9849ba4eb6759e92ba5753280184d6,60.16762,24.95415,000000006b44cce7,12.69
17259,2019-08-04T12:41:37Z,aa5773b59ce2bf1eee53e4e77cd3c261465d2ea538c9a85b8de30cd8,60.14947,24.91438,000000004ef3150d,7.69
17260,2019-08-04T12:41:37Z,aa6d51fc5411b69567cb854360c4a81267eac19446946eb27618306a,60.14699,24.922,00000000a53ed894,12.69
17261,2019-08-04T12:41:37Z,aba0a0ba8ac6fa1709e38c64f963a344afc317eae50c6141b2315763,60.16897,24.95222,00000000aa852af1,27.28
17262,2019-08-04T12:41:37Z,acdcc8ae1d1c6bb055dfc108154eae58b4b894f0ce1ff174c1065c7e,60.16762,24.95415,000000006b44cce7,1.25
17263,2019-08-04T12:41:37Z,ad8af809ed47a3391bb53d11da159b3a8b0ddc264d94c049ce72bda0,60.17065,24.93641,000000000f4919c9,0.34
17264,2019-08-04T12:41:37Z,ae08ba8b9f7ef2a4326d6d7bbf452a87d08f8062feaf20cb7101d414,60.15432,24.9211,0000000019fb59c4,31.5
17265,2019-08-04T12:41:37Z,ae828cc3f1fa739d818186776cff673c88a05d0f3dedfb4a765a54fd,60.16829,24.94214,00000000afef4555,18.79
17266,2019-08-04T12:41:37Z,ae87b8dd8920695bc9e599874667205991c04e30666d8523f0be4350,60.14947,24.91438,000000004ef3150d,5.41
17267,2019-08-04T12:41:37Z,aec4b11f0b1ec075878ca4a3b94da464f6fc96e330b913d5bfd346b0,60.16897,24.95222,00000000aa852af1,7.05
17268,2019-08-04T12:41:37Z,af8d59ebae9a22f7ba004eab4dcac2f4560a935bf6a7f9e2ffc0d0af,60.14947,24.91438,000000004ef3150d,17.4
17269,2019-08-04T12:41:37Z,b11910a4d628e08056481b347d9a80d6edb23f1f2612beaa24606c8b,60.16762,24.95415,000000006b44cce7,23.56
17270,2019-08-04T12:41:37Z,b12b27061f30d5659794f14cbed5e4726c5af1ef526611d3b2dded29,60.14947,24.91438,000000004ef3150d,13.75
17271,2019-08-04T12:41:37Z,b26280ff7943c2f2f00f94125547cbdc285e6c43b7d0a5819c2eac87,60.16762,24.95415,000000006b44cce7,20.28
17272,2019-08-04T12:41:37Z,b26a9be85f5fd17ea58397762fa55db3c8f68fb709d586d61527c892,60.16829,24.94214,00000000afef4555,4.94
17273,2019-08-04T12:41:37Z,b27b090bd1bd9828dcb6ddbd0a1394e4aa097974747dff90ba0eff71,60.16897,24.95222,00000000aa852af1,25.36
17274,2019-08-04T12:41:37Z,b3e9da5a37ed8ed450753cb7443e607ed1de2af685bad5be61b3e91c,60.16075,24.95883,00000000f1124bca,10.78
17275,2019-08-04T12:41:37Z,b41cc64d7ab4e16a03573bdc3b5863c4b402ec66c7780c7900c02877,60.16829,24.94214,00000000afef4555,21.87
17276,2019-08-04T12:41:37Z,b523d3f8341906e4b3877ff7d9614b4e10d6bbf10afdcc6c53656c8f,60.17065,24.93641,000000000f4919c9,29.32
17277,2019-08-04T12:41:37Z,b5e3abaccf4a03480985d25eb9fbf454c87f7ad06c38c8bdeb0819fa,60.14699,24.922,00000000a53ed894,18.79
17278,2019-08-04T12:41:37Z,b8201571cb5ac01b7db7af4fba6c7ff58336a3f03d0fe13edf985c41,60.173,24.92524,0000000096918cfa,27.28
17279,2019-08-04T12:41:37Z,b82ba472f0cb919b39c31b9c737f1608f6a31ffa63352768f9fa12ea,60.16829,24.94214,00000000afef4555,18.79
17280,2019-08-04T12:41:37Z,b92c7fb1d77c3f326d59dbe2689bb5b8ff10fcd691f28b36aa98408c,60.17002,24.94407,000000006b087f40,16.1
17281,2019-08-04T12:41:37Z,b9863cc72d21f9ee2f0b218fa4121b5c7775eb45fd7643971fd83fe4,60.14699,24.922,00000000a53ed894,25.36
17282,2019-08-04T12:41:37Z,b9c0ac0bb7310d92c296a8870603ebd12c0c632cfc2a1fa33092b337,60.16762,24.95415,000000006b44cce7,5.91
17283,2019-08-04T12:41:37Z,bb0193f2b0ac4801fe82ed5cec75e687465d707d92e731047f81650f,60.1538,24.95595,0000000038bf9618,2.54
17284,2019-08-04T12:41:37Z,bbe1e18f88cf88928067a0221965768c1f2ae264291cea564d7eb7e8,60.16897,24.95222,00000000aa852af1,20.28
17285,2019-08-04T12:41:37Z,bbe7947ea50de5986f237ccab5782ddb55c199ad6a81e8f692670d0c,60.16829,24.94214,00000000afef4555,9.12
17286,2019-08-04T12:41:37Z,bc07df8cc395f6f4f5d483b2233caca5f93a6918f346e4cc3702f8cc,60.16531,24.9442,00000000fdda10fe,10.78
17287,2019-08-04T12:41:37Z,bc3861c61a46fbf78a7423712f1a528cf9f8332531271933056c233f,60.16829,24.94214,00000000afef4555,7.69
17288,2019-08-04T12:41:37Z,bd055b33f37a0f4211ef88e2ac4d20e5a0620250bc6133d5ccbda839,60.14699,24.922,00000000a53ed894,16.1
17289,2019-08-04T12:41:37Z,bddca8fc17056f9f207a259070e281eedf4cea3e8e22093b88bbd7b5,60.14699,24.922,00000000a53ed894,12.69
17290,2019-08-04T12:41:37Z,be5b5aeb9dcbe02b58758ad88498601dc6b7594d91a4d3bfede9852b,60.16762,24.95415,000000006b44cce7,31.5
17291,2019-08-04T12:41:37Z,bf2e5725b255e320f1e8375ec03f55194f1fd9f751be9629d873a5c8,60.14699,24.922,00000000a53ed894,10.78
17292,2019-08-04T12:41:37Z,bf992d3cd95a73f02d7223eaffe90a94e3e1e98a8c6759bab631b5b0,60.14947,24.91438,000000004ef3150d,21.87
17293,2019-08-04T12:41:37Z,c0a0ca3433586ed2ae0e448f2406fabac7292ac79d49562e0bd5cef8,60.16762,24.95415,000000006b44cce7,14.89
17294,2019-08-04T12:41:37Z,c1e4323d2276cb6e358f5fabb123294e7a0ef87e7169f3cccc8f2e03,60.16075,24.95883,00000000f1124bca,29.32
17295,2019-08-04T12:41:37Z,c22d0093a8d103f59838ad43218fa834e328847e5094bcb2e98d5307,60.16829,24.94214,00000000afef4555,9.12
17296,2019-08-04T12:41:37Z,c25db2e7a7b685e41480c3c47352c0ed5e57e4cb99af3ff5b5a611d7,60.16829,24.94214,00000000afef4555,25.36
17297,2019-08-04T12:41:37Z,c261834e6d2c1bd9adddb82d8c6ce2d8aad82a89e32da62f3fcc6063,60.16075,24.95883,00000000f1124bca,11.7
17298,2019-08-04T12:41:37Z,c36d58ed0e0dddb3e26be1214e369db1c3fa3d4bcf8b53536a25239b,60.17065,24.93641,000000000f4919c9,4.11
17299,2019-08-04T12:41:37Z,c3be6dcc2c0542676c20d28ce38adbe2c0b9be09caa3f22e60210636,60.16075,24.95883,00000000f1124bca,4.5
17300,2019-08-04T12:41:37Z,c4dfae0a1b1bd27741275e8f26148b119bf7225960b4275e488612b9,60.14699,24.922,00000000a53ed894,12.69
17301,2019-08-04T12:41:37Z,c633a260ce59bad4e1ca42f12936ed8ae57a40f5e6528dfb70052c43,60.16897,24.95222,00000000aa852af1,7.69
17302,2019-08-04T12:41:37Z,c905a50dedd9b3d2114cde9160b7adf83adc09683b65598ce24c4047,60.1538,24.95595,0000000038bf9618,13.75
17303,2019-08-04T12:41:37Z,c9822d9c012b25f745a2934c523f3c9e6db75fbe3f5e673475813381,60.15432,24.9211,0000000019fb59c4,20.28
17304,2019-08-04T12:41:37Z,ca507a06be040b3e520339b63d5bd15463a1862124c4bd940d936e4a,60.16762,24.95415,000000006b44cce7,18.79
17305,2019-08-04T12:41:37Z,cb3f05d5604f5532e039e6d40514b13aba8f6274d952bb17a8b801fc,60.15432,24.9211,0000000019fb59c4,25.36
17306,2019-08-04T12:41:37Z,cbc336691f17a9c508549e03d522166247a0cd0a944321c1a7d15525,60.14699,24.922,00000000a53ed894,9.92
17307,2019-08-04T12:41:37Z,cc2cf42c6b14536fb92c810ff0e3dd5a3caa74236f14246a5b6e8cdc,60.16762,24.95415,000000006b44cce7,5.91
17308,2019-08-04T12:41:37Z,cce6b6f309e43e2bb1be6a9784582a82891e976d0869d01040586d27,60.14947,24.91438,000000004ef3150d,13.75
17309,2019-08-04T12:41:37Z,cd9b2be9ffb37c8b7c5c25f587c95b1c7932a21fb245487ea2f740d9,60.14699,24.922,00000000a53ed894,9.12
17310,2019-08-04T12:41:37Z,ce6a8017f454ee88825097762b1bdb8e5ba78fff9cd3e49bc2ee2400,60.14699,24.922,00000000a53ed894,18.79
17311,2019-08-04T12:41:37Z,ceb777dafa9b7e39125b89735b7f0cf22c3018eb0196043ac8160370,60.14699,24.922,00000000a53ed894,12.69
17312,2019-08-04T12:41:37Z,ced0425d382ce86b7565a8b7b36a453a0880a08ba10090524e6c1ac5,60.14699,24.922,00000000a53ed894,20.28
17313,2019-08-04T12:41:37Z,cef1d06a10cfa08bcaef8b36535c2ec32c756a76cc0d5c2a1246f933,60.14699,24.922,00000000a53ed894,10.78
17314,2019-08-04T12:41:37Z,cf348d1ad8b56dd43f377926c2a3f3a9436d35fc378964335639effa,60.16829,24.94214,00000000afef4555,23.56
17315,2019-08-04T12:41:37Z,cfa42322be0000cf89d8969d1b88ace0ba99cab721dd58d55d41a36e,60.17065,24.93641,000000000f4919c9,17.4
17316,2019-08-04T12:41:37Z,cfc2a688ff31fbb1baac8790fb6d56dc7746ba2cf9e0e5f39d4751a4,60.14699,24.922,00000000a53ed894,5.41
17317,2019-08-04T12:41:37Z,d0413da80c7714f40ffe50dcfb00039280c64ecebc61c59df72965e6,60.149,24.9843,00000000fffb8cf0,16.1
17318,2019-08-04T12:41:37Z,d098b9b5b30c5fcd4ae8a2b8bc761df72829713d3ae919634876d349,60.14699,24.922,00000000a53ed894,6.46
17319,2019-08-04T12:41:37Z,d0cab2a2660dcc5cb99a9bdf39d2e6b31b7498985db1b50e48cb478d,60.18203,24.91341,00000000342570c2,23.56
17320,2019-08-04T12:41:37Z,d1494ea9019ebe27ab1e0e4d26f4f307c19720a0d8851bc848d80cab,60.1538,24.95595,0000000038bf9618,20.28
17321,2019-08-04T12:41:37Z,d1e3b42846da964eb43395a0c02d5cccd930d1a09090f9d668f1ebd9,60.16829,24.94214,00000000afef4555,16.1
17322,2019-08-04T12:41:37Z,d295fce65c7332728ab79761524c814f41bd0cefa3ad9ef62ac18993,60.14951,24.92138,0000000006dd41f6,33.81
17323,2019-08-04T12:41:37Z,d3486259a51296194d20e84e88ba4588e37cf48661effba832c33ab0,60.16762,24.95415,000000006b44cce7,16.1
17324,2019-08-04T12:41:37Z,d38e88e5b926f9d1de6e326cca45116fcca11f10684c80876739c6cd,60.16075,24.95883,00000000f1124bca,7.69
17325,2019-08-04T12:41:37Z,d3c0cff604283ea6adeabb4f867f3fcaf8ee41fd27fc600d33c4d70d,60.16075,24.95883,00000000f1124bca,23.56
17326,2019-08-04T12:41:37Z,d5690433f1f0d0855704a06520cd197dac8c6c1293aa376af6854128,60.16897,24.95222,00000000aa852af1,18.79
17327,2019-08-04T12:41:37Z,d6b274f1f49dde057f37b6d65670f16c2a7ba75e21283e342e5c3bfb,60.16762,24.95415,000000006b44cce7,14.89
17328,2019-08-04T12:41:37Z,d75c412090c347ad7fca9287bcc4eb9bfb757dc7c1725109861dd93e,60.16629,24.95957,00000000fb7600be,17.4
17329,2019-08-04T12:41:37Z,d87210146aab139cc6640a20b428dce6ac516806a71a177b70e04f62,60.17065,24.93641,000000000f4919c9,9.12
17330,2019-08-04T12:41:37Z,d8983a8fe916583702bb776d3d8d3cbbe9e78778fd44d07c52ad1f2d,60.14699,24.922,00000000a53ed894,17.4
17331,2019-08-04T12:41:37Z,d8e7e8b511d1123d1389cf08abbfa54b2b38e1824598b88008356c33,60.16897,24.95222,00000000aa852af1,29.32
17332,2019-08-04T12:41:37Z,da0c40291d3ace2273a08e3c9b87cbc15b0f03d0dba61e7c5a88dc0c,60.15432,24.9211,0000000019fb59c4,23.56
17333,2019-08-04T12:41:37Z,da667dfa2d8a272a7398e186de027fabd2052052c0aad767a1c7d966,60.16897,24.95222,00000000aa852af1,13.75
17334,2019-08-04T12:41:37Z,daac051ca20430238282e179e0fe525b11ff1e8f1ace26d45b41f331,60.14947,24.91438,000000004ef3150d,10.78
17335,2019-08-04T12:41:37Z,dbf9f0495974591badcee3fcfc1b5eb718b26de86aaf486c351ad084,60.14947,24.91438,000000004ef3150d,16.1
17336,2019-08-04T12:41:37Z,dc439ef81c2abfb840e3ab145f2b944aae18a1beffd3eb47de845b9c,60.16531,24.9442,00000000fdda10fe,25.36
17337,2019-08-04T12:41:37Z,dcec4c4fb70c5f7dd0f408b6499f8c5ab0c2e9ff2b6d0fb082eba391,60.16075,24.95883,00000000f1124bca,27.28
17338,2019-08-04T12:41:37Z,ddc8410b9e4ece4b995b789f95e526693bac176ed77092ba57355dc8,60.16762,24.95415,000000006b44cce7,2.08
17339,2019-08-04T12:41:37Z,de09fd8d15c3d7adbf440a3d0a418a3b476513c968bda8a4aa652adf,60.173,24.92524,0000000096918cfa,25.36
17340,2019-08-04T12:41:37Z,de0d086ae32f87522eab31d3bc52545ed17b065889674963c0709568,60.16829,24.94214,00000000afef4555,9.92
17341,2019-08-04T12:41:37Z,de3fe5f63e74a582e06c8cb02e6128d6013827015ba3e2fe93082977,60.17002,24.94407,000000006b087f40,21.87
17342,2019-08-04T12:41:37Z,de84f754a3916c8f831b0bb8ea41fc2a42cdea2794558fece3c7ae97,60.1538,24.95595,0000000038bf9618,31.5
17343,2019-08-04T12:41:37Z,e02c0f9f72e9f248a4b5df8af328e1a0132d4d8a72c1e603d14cdacd,60.18203,24.91341,00000000342570c2,16.1
17344,2019-08-04T12:41:37Z,e0df847c19b463dec6cea35494d375ce136a276c6a785936c931f60f,60.18203,24.91341,00000000342570c2,20.28
17345,2019-08-04T12:41:37Z,e0e938d5ab6fe3b13270163cd8a4e531dfae4b24ff98ab7e4277114c,60.14947,24.91438,000000004ef3150d,17.4
17346,2019-08-04T12:41:37Z,e0ff1e75104c5dfa3549647c238569888e353e1322256a5c6979de0b,60.14699,24.922,00000000a53ed894,10.78
17347,2019-08-04T12:41:37Z,e1322e5118885f9bd50f4b2f8c4fd6d329ced295738b9983ef61b1c8,60.1538,24.95595,0000000038bf9618,29.32
17348,2019-08-04T12:41:37Z,e2ad7d478fd698beae83366f49585d9825bec4865c1610162f3108c2,60.16897,24.95222,00000000aa852af1,27.28
17349,2019-08-04T12:41:37Z,e341e5e3e0b4fef8c3764508293310da5922b202d791694e43069ad1,60.16544,24.95398,0000000038d83d41,13.75
17350,2019-08-04T12:41:37Z,e34bcebfa007159f3d2adb0e62e20fcf721a221f52bdfe2a6ad77831,60.18203,24.91341,00000000342570c2,21.87
17351,2019-08-04T12:41:37Z,e35717ff07f32be5a2e1520f1855533f8dcc72cff7930c9cba9da32b,60.14947,24.91438,000000004ef3150d,20.28
17352,2019-08-04T12:41:37Z,e40a26f3f7468f4ac2302b45f1ed9aab7fea245ccf81d0c08072c881,60.16829,24.94214,00000000afef4555,12.69
17353,2019-08-04T12:41:37Z,e447e76c7b53157c11d5bfeb172c27332c81b5ec7f263badf5507888,60.149,24.9843,00000000fffb8cf0,11.7
17354,2019-08-04T12:41:37Z,e4b111abda6e15229c808fb72d5c0c38e2cf3abdbbb62fff5ae48e42,60.16762,24.95415,000000006b44cce7,20.28
17355,2019-08-04T12:41:37Z,e65f7c68ce6502de36e4f47d0646a91a76d6c8cf8b5ffd26a3df8f4b,60.149,24.9843,00000000fffb8cf0,27.28
17356,2019-08-04T12:41:37Z,e6f4e3d1f5e01888556b077224cb4d8f88d63306fff2388e3fd997d0,60.14951,24.92138,0000000006dd41f6,20.28
17357,2019-08-04T12:41:37Z,e6f7965f2ef456f61121bcce5e466f125192e511c2af72d901307e8e,60.16762,24.95415,000000006b44cce7,7.69
17358,2019-08-04T12:41:37Z,e7cd5f775c7eea951719f351fcc25c710f857832d6f4b70a51b7b82d,60.16897,24.95222,00000000aa852af1,12.69
17359,2019-08-04T12:41:37Z,e826dedac8582e619ce18cd7eed68be5ee1fc9ed37e191e06f916835,60.14947,24.91438,000000004ef3150d,10.78
17360,2019-08-04T12:41:37Z,e9115410fa45db5a174eee008cae729dc69937a0e0b5a304899bf1b9,60.17065,24.93641,000000000f4919c9,23.56
17361,2019-08-04T12:41:37Z,e92eb020afcd7c1fad04690230ff8c2f005e404dd25b8dced1df30dd,60.16075,24.95883,00000000f1124bca,16.1
17362,2019-08-04T12:41:37Z,e9e19621fc5cfcfed2c808bbadc6cc6dd31e28d3c04cef8b89ca2729,60.16075,24.95883,00000000f1124bca,7.05
17363,2019-08-04T12:41:37Z,ea157e44ed100be3f782d8b3d8e5e0986079c588c9ea754b14917df0,60.16829,24.94214,00000000afef4555,0.71
17364,2019-08-04T12:41:37Z,ea2f4d9799324f4cd2a6fcda1625b65acdbab9f6b8331c26f63beec2,60.16897,24.95222,00000000aa852af1,16.1
17365,2019-08-04T12:41:37Z,eac6fda3a18aa9ce55b6359f5c62a044e0bcd6bc3576c8cd815acf07,60.14699,24.922,00000000a53ed894,14.89
17366,2019-08-04T12:41:37Z,eb80f0a38d684598f0116076f67fa9de51fad4eb64ddcfd7a5dd3f64,60.16897,24.95222,00000000aa852af1,41.64
17367,2019-08-04T12:41:37Z,ec424a10bcefb6e69c2eabf42534f06e7a10aa0cfb28f6478052cade,60.14699,24.922,00000000a53ed894,11.7
17368,2019-08-04T12:41:37Z,ed79b42b7b79277b944e3800c2bf93fefe5be88fe6d0d2b52a944ea8,60.16762,24.95415,000000006b44cce7,18.79
17369,2019-08-04T12:41:37Z,ef352dcaa8317b6a3c0a02cd8908dd13da5601cc66ba65c5fd8d031a,60.14947,24.91438,000000004ef3150d,7.69
17370,2019-08-04T12:41:37Z,efb34de795db6f264e3952a38caeeb1f9639190c609e5af11b12cf58,60.15133,24.92329,00000000e8a064a4,21.87
17371,2019-08-04T12:41:37Z,f00fb569fe1448dccb8e92e24b081a3164b59eb117131800780c70a9,60.14699,24.922,00000000a53ed894,16.1
17372,2019-08-04T12:41:37Z,f04b198f2f3331022f4a89ef2c2d12283e9c1c03a6c64a1dcb6e76cc,60.173,24.92524,0000000096918cfa,16.1
17373,2019-08-04T12:41:37Z,f062cb52d49926a4fb39f723275ed60ab6c0f3bf34e0c3f9d233b7b8,60.14947,24.91438,000000004ef3150d,13.75
17374,2019-08-04T12:41:37Z,f15b72a3aad411d2f8a70b41c4f62ad2d744d064d42ec00c71a18ac5,60.16762,24.95415,000000006b44cce7,7.05
17375,2019-08-04T12:41:37Z,f1845e00642980be3cdc27a088c619bb0616b86f7cfa0b8909efac80,60.16544,24.95398,0000000038d83d41,29.32
17376,2019-08-04T12:41:37Z,f1e73fa6dab8e8a2db6d7515f601fac161f17c34beb84aa55e812a9e,60.16762,24.95415,000000006b44cce7,7.69
17377,2019-08-04T12:41:37Z,f1eb1b22a5e01064a1829b325d256218c68bc9134f03a3f09f3e2566,60.16829,24.94214,00000000afef4555,16.1
17378,2019-08-04T12:41:37Z,f20f951802c722181f0e90095001c49e73f84049bb105b95c97049d1,60.17918,24.95141,00000000675d5200,25.36
17379,2019-08-04T12:41:37Z,f2e063c8c25a8bec0dd6ec3924a5f59fd9694078f2f3fd5b3ea96f29,60.16762,24.95415,000000006b44cce7,25.36
17380,2019-08-04T12:41:37Z,f366283765028e1454f3cfc564b9f220c9d700bfa8a843746eca3141,60.16897,24.95222,00000000aa852af1,21.87
17381,2019-08-04T12:41:37Z,f39827c3c7f4c833d1118043492f78e3255b6da9f4a2c000041d9b61,60.16829,24.94214,00000000afef4555,1.54
17382,2019-08-04T12:41:37Z,f3ec2366b51157150674e5ab6293bdb19e0b30ca4296fee4c97b811c,60.14699,24.922,00000000a53ed894,9.92
17383,2019-08-04T12:41:37Z,f5f7cfe177dfb0b7ebba2419ae53f70b6b5690dd98d98586004a9107,60.149,24.9843,00000000fffb8cf0,12.69
17384,2019-08-04T12:41:37Z,f796c9efc581b25280d4b416f8ba3aecca6ddf083e7bdad05f6e595e,60.14699,24.922,00000000a53ed894,11.7
17385,2019-08-04T12:41:37Z,f81439a39740937c6cba523d5ebca87b52d69ff29fb449cf42ade4d6,60.14699,24.922,00000000a53ed894,12.69
17386,2019-08-04T12:41:37Z,fa96854324adae88abb35afa34b2393a20338bfd8fc9602d3ce6ae8d,60.14947,24.91438,000000004ef3150d,4.5
17387,2019-08-04T12:41:37Z,fc5c517b4bcaf5e392ff920858d70ed6c59751b0934ce3dbe372996e,60.16829,24.94214,00000000afef4555,25.36
17388,2019-08-04T12:41:37Z,fc618d570293e104f3bf927312641e3b7c65acce185b1614337d848c,60.16829,24.94214,00000000afef4555,23.56
17389,2019-08-04T12:41:37Z,fce50ac3cfd2f3b7a897f6575eeda4e45ab42e5b9b5351be836cc0de,60.16897,24.95222,00000000aa852af1,9.92
17390,2019-08-04T12:41:37Z,fd77161cf9715d9d0f922cf45e79e5d9b9debef5113cb32a4f82ef76,60.16762,24.95415,000000006b44cce7,4.5
17391,2019-08-04T12:41:37Z,fe5ca86c906b1cb3bf9dd257ceefc562e41da499878f1074484f7d42,60.14947,24.91438,000000004ef3150d,11.7
17392,2019-08-04T12:41:37Z,feb399897846bc34dc3f4b06ac4ef0ffb0db885977b88e5c5fdb7350,60.14699,24.922,00000000a53ed894,16.1
17393,2019-08-04T12:41:37Z,ff4f3e0f964f23b97e88626f7a506bb4409718931712c58ce0f247af,60.16762,24.95415,000000006b44cce7,18.79
17394,2019-08-04T12:41:37Z,ff8280896145ae17e594c52eac2cdbab47d3757d797878fbc4298596,60.1538,24.95595,0000000038bf9618,31.5
17395,2019-08-04T12:41:38Z,07d86ad98399440d0cc3bd3382a7256feb971e49a3686dc17f532e1c,60.16829,24.94214,00000000afef4555,12.69
17396,2019-08-04T12:41:38Z,112c36ba789fa57e2b19c9bff8bfe0b3eba19a431c3af4656c4cee5b,60.16531,24.9442,00000000fdda10fe,27.28
17397,2019-08-04T12:41:38Z,1142f5b6806b1ec7d8d47d47013eb530d8a7418f6934d8867b20966a,60.16829,24.94214,00000000afef4555,23.56
17398,2019-08-04T12:41:38Z,14c7e1511b70f4dd3359cbece1377aebb4d70531f5489eefe53d7c3c,60.16544,24.95398,0000000038d83d41,33.81
17399,2019-08-04T12:41:38Z,1599d2c9070a6f05e1a5887c2d9209214c04818c6203fe75440734f2,60.1538,24.95595,0000000038bf9618,25.36
17400,2019-08-04T12:41:38Z,165ebbb4090d47319ae370f0d0854fdc1f6b79499f8b2e4d3c3533c0,60.16544,24.95398,0000000038d83d41,25.36
17401,2019-08-04T12:41:38Z,1e7ea410376fbdb3f3c476c76d23abad5d830690f78f71ea06f7e321,60.16075,24.95883,00000000f1124bca,9.12
17402,2019-08-04T12:41:38Z,211f6b7b044343d0be369791b3fa3c144d0d0f391e2a42787712efb0,60.16448,24.97323,0000000053c6c2be,12.69
17403,2019-08-04T12:41:38Z,25a7ff811c3c06e426c7c2cbb0433d9a2a3399b23afecbd35584ab0f,60.18203,24.91341,00000000342570c2,13.75
17404,2019-08-04T12:41:38Z,297c725b456ef12d2712634b21546721cbe93224d3a5762d897404f2,60.16762,24.95415,000000006b44cce7,23.56
17405,2019-08-04T12:41:38Z,2d3d031189abfaea69cd551a97b2b2d056a908f19bc56701010a2304,60.16897,24.95222,00000000aa852af1,14.89
17406,2019-08-04T12:41:38Z,315af4a829b592ba99b203b8ed2cbd499769f8752dfe6de7da4ee929,60.16829,24.94214,00000000afef4555,13.75
17407,2019-08-04T12:41:38Z,35568b1e0d67c5d7b6b15bb08540a1aafe24817a9bc06673b97e85c9,60.14947,24.91438,000000004ef3150d,25.36
17408,2019-08-04T12:41:38Z,3b5cafe90982db26cf737b2e4cd4275276f6a031bca3b2a1f73023b2,60.14699,24.922,00000000a53ed894,10.78
17409,2019-08-04T12:41:38Z,3fe5f4ccfa5c777ceafda0674d7c9da6f509f6694b4c2fa254b32e73,60.16897,24.95222,00000000aa852af1,25.36
17410,2019-08-04T12:41:38Z,4317f5904a5e6ae921bf743dd534c803083fd90b15a1245881beeade,60.16897,24.95222,00000000aa852af1,17.4
17411,2019-08-04T12:41:38Z,44d0b94469070803869f229601e877beb613c3f5aafa009addf97a1a,60.16544,24.95398,0000000038d83d41,16.1
17412,2019-08-04T12:41:38Z,4656bad9b5e6dfc3977eca308fc1db3dbf8b0204b90d09b001da242e,60.1638,24.96846,00000000d747f075,31.5
17413,2019-08-04T12:41:38Z,4d78d16b0cd79cc600b42ad9bc5504bf56df36a3e95daeeecc070053,60.16897,24.95222,00000000aa852af1,17.4
17414,2019-08-04T12:41:38Z,5d65719c4cbf045f068d084b72302f447d5fd034413d97d13be00d0e,60.18203,24.91341,00000000342570c2,21.87
17415,2019-08-04T12:41:38Z,5eed115a984d490b02b602d73787aee8dc8c4e9365b77fbff3818a76,60.16629,24.95957,00000000fb7600be,18.79
17416,2019-08-04T12:41:38Z,653a92a7828f2c43bc74899753f872e8b93c30b6fb419b651a94bbc1,60.16897,24.95222,00000000aa852af1,16.1
17417,2019-08-04T12:41:38Z,66dabd3229229330d23c70e9e1737429ddfe69db01f4a6a00f70fa20,60.16762,24.95415,000000006b44cce7,18.79
17418,2019-08-04T12:41:38Z,69219e9efa41ae9e732653e9eaf08e1a34cb853a9dafe76ddeea4d04,60.16897,24.95222,00000000aa852af1,16.1
17419,2019-08-04T12:41:38Z,6a70e2fbced719333e21eff04fcb9cb36bae9a04d1a3d6ddd96f2c58,60.15432,24.9211,0000000019fb59c4,7.05
17420,2019-08-04T12:41:38Z,6c8861f56a280e7752e10439271a2498527c69b0796f58de4afc6008,60.16075,24.95883,00000000f1124bca,8.38
17421,2019-08-04T12:41:38Z,6ff437688c444238352c28f64f9d2a7d0f14d19c9ea42c225380501e,60.16762,24.95415,000000006b44cce7,25.36
17422,2019-08-04T12:41:38Z,70d8572458a1a103555bab897b6443e601e0ed211414b15ad0b56f60,60.16544,24.95398,0000000038d83d41,23.56
17423,2019-08-04T12:41:38Z,737efc92e3419e9d96a8559ec341ea7e18ba6381fd8e4de3d06f82a0,60.14699,24.922,00000000a53ed894,18.79
17424,2019-08-04T12:41:38Z,747f2d1ebff218c0ebbdc0fdaef4cbe56633dfb46ae1b1f8c8142201,60.16762,24.95415,000000006b44cce7,17.4
17425,2019-08-04T12:41:38Z,7678cdb86d454ca9ae52f22d97e635106585a3a046d01da4463695cc,60.18203,24.91341,00000000342570c2,16.1
17426,2019-08-04T12:41:38Z,85ef35aecf2ff804be3d958b592705ec41c6df9c128c132c65bb283d,60.16897,24.95222,00000000aa852af1,27.28
17427,2019-08-04T12:41:38Z,87dfaad29a9276ddddb1fa021d3bc23ad14824c1af16f7d87e713689,60.14951,24.92138,0000000006dd41f6,12.69
17428,2019-08-04T12:41:38Z,88808fe92573e9cdf022cc15b9689b6b4b9429f60513c8897b0ba4c7,60.16897,24.95222,00000000aa852af1,18.79
17429,2019-08-04T12:41:38Z,89982a6acf91b79a282a6b63978e946ee205f303fcd20e944e06baf0,60.16544,24.95398,0000000038d83d41,25.36
17430,2019-08-04T12:41:38Z,8c3b1ed0846e38cc84b863a80540c8a75bfd85c8bdda36563d153110,60.16544,24.95398,0000000038d83d41,36.27
17431,2019-08-04T12:41:38Z,8c75c3289c84fe4493e1e272a77b615fe1985880c5dc68a7c1a17b53,60.16762,24.95415,000000006b44cce7,18.79
17432,2019-08-04T12:41:38Z,94c5a69a5ae6e9407c3fa9a6919d99beb3558dd4e6750eb480ddc36f,60.16829,24.94214,00000000afef4555,13.75
17433,2019-08-04T12:41:38Z,9843c6216661048343a0e49cf3d8aa2883cf77f452666a1c873a1052,60.16448,24.97323,0000000053c6c2be,12.69
17434,2019-08-04T12:41:38Z,a23b63dc2df72ba829ea2eabba05dafe724027d59a8f6babf791c1b8,60.16075,24.95883,00000000f1124bca,17.4
17435,2019-08-04T12:41:38Z,af807b67ce09a2ce1744025c421961213f1608ca658ece4df69555a1,60.16762,24.95415,000000006b44cce7,11.7
17436,2019-08-04T12:41:38Z,b5fd6b317890e5ab2d79e2cd1abe61626d45a753c7337d0d40728898,60.16762,24.95415,000000006b44cce7,9.92
17437,2019-08-04T12:41:38Z,b6768ae226a93bce23852414e20866c7413513d067579c03ea883dfa,60.17065,24.93641,000000000f4919c9,13.75
17438,2019-08-04T12:41:38Z,bb98768dad0f7c52cf643f035a3e7e48f5cfe28557c66f2a75914b31,60.14699,24.922,00000000a53ed894,11.7
17439,2019-08-04T12:41:38Z,bce16addb0ad2b7209298c35b3506869253f4e4a612a4cb45803ddf2,60.16075,24.95883,00000000f1124bca,21.87
17440,2019-08-04T12:41:38Z,be41ebc5fb0d348fc1ef1166d44251c3112a78a4ea01aa980364ee7c,60.14699,24.922,00000000a53ed894,16.1
17441,2019-08-04T12:41:38Z,c0cdd4e99cf9447e490b5cbd5e7513df9acfcbabb8bd5117c4731512,60.16075,24.95883,00000000f1124bca,18.79
17442,2019-08-04T12:41:38Z,c97eb4181394121907d47b908495f54e5ee5145ff790f7a1dc21b3cf,60.16897,24.95222,00000000aa852af1,12.69
17443,2019-08-04T12:41:38Z,ca6927628f5ddda20036865c9345ad93d476d62ade3b181de568eed6,60.16897,24.95222,00000000aa852af1,27.28
17444,2019-08-04T12:41:38Z,cf05623e4d87ce0906c0b0b7dbf53aacc1228016cd27c341228b6e76,60.18203,24.91341,00000000342570c2,18.79
17445,2019-08-04T12:41:38Z,cfc0bedb78ded52749db3188cb188bf6a250ef5990da9c5afa9623fc,60.14951,24.92138,0000000006dd41f6,27.28
17446,2019-08-04T12:41:38Z,dcb7e8bb90af70568c12a902d706c70e1ac1213e31ba074756f0a27a,60.1538,24.95595,0000000038bf9618,27.28
17447,2019-08-04T12:41:38Z,ded49640b591e73bff71f84fb99d2739eb6c9554164a015017725e03,60.16829,24.94214,00000000afef4555,12.69
17448,2019-08-04T12:41:38Z,e8690c2d1711bc10f2d1251a3b5b1e770b98c66c384760400c604de1,60.16829,24.94214,00000000afef4555,27.28
17449,2019-08-04T12:41:38Z,e8e366e76c97944e23c0f80b4fd3ce6e5832744922297146a49f0c7e,60.16762,24.95415,000000006b44cce7,14.89
17450,2019-08-04T12:41:38Z,e96bd269a48b822b06141c3362fcb6d5ed4d0d09a120f2e4a712d5c2,60.16897,24.95222,00000000aa852af1,13.75
17451,2019-08-04T12:41:38Z,efffdbe497ad2fa39b57c75ffd33c8f0ae621c4ef6154dcb169e5937,60.16075,24.95883,00000000f1124bca,20.28
17452,2019-08-04T12:41:38Z,f088630d7476dae7d4b7e2bb1f10575f2c89acb4b6e061f3d57c2b40,60.16531,24.9442,00000000fdda10fe,23.56
17453,2019-08-04T12:41:38Z,f29ea15113ac0eea0be8ec41c633909de4b0b9ab6c7b9898b128080c,60.16897,24.95222,00000000aa852af1,16.1
17454,2019-08-04T12:41:38Z,f405a7c4a3a4339f8e3f7e552f6492d6eed76f7d08c54943286213de,60.16762,24.95415,000000006b44cce7,10.78
17455,2019-08-04T12:41:38Z,f6609ab1076b1105bb845595a03b41b8fbb282f79c337df5bbc9f841,60.14699,24.922,00000000a53ed894,11.7
17456,2019-08-04T12:41:38Z,f94dddacf96965952551200a02b41925bcd21402aceafb12f19931af,60.16075,24.95883,00000000f1124bca,7.69
17457,2019-08-04T12:41:38Z,fc4f3a44235f1cfc7b53f14ba2da599976a5a0a220d23b852688e485,60.17919,24.95181,000000007b5207b6,18.79
17458,2019-08-04T12:41:38Z,009ad4cd2bd97e04da44cc9789e6bdbdb899eded61d05b7d5634b7be,60.16829,24.94214,00000000afef4555,13.75
17459,2019-08-04T12:41:38Z,00a07b1f8113691d8475c54082a14cdd54decf9845a90e75df8031a6,60.17065,24.93641,000000000f4919c9,23.56
17460,2019-08-04T12:41:38Z,010298d620fbe80ab4f46c866c215217b2bf1fd12a2a67b9e56b4ce8,60.16829,24.94214,00000000afef4555,12.69
17461,2019-08-04T12:41:38Z,02a0c11101d94209b1945b117fe2f6c2e93cec0c5c8eb0d847b655cf,60.16531,24.9442,00000000fdda10fe,38.87
17462,2019-08-04T12:41:38Z,032e5d7621738a50c9e742e0cba13c819f7c67cedf8687f3ab25595c,60.16762,24.95415,000000006b44cce7,6.46
17463,2019-08-04T12:41:38Z,033759f09b97a9347fd7852dbc2bcd3abbb67a792486acad9d185bca,60.16762,24.95415,000000006b44cce7,6.46
17464,2019-08-04T12:41:38Z,036c183505fea646b54aeb0c612913cafba94eca65e47d3c6d840a68,60.17918,24.95141,00000000675d5200,17.4
17465,2019-08-04T12:41:38Z,0479a26a59d65bf1dee05c06f4227a0ba63a6e9c9a09e7c34f2e06b4,60.14699,24.922,00000000a53ed894,14.89
17466,2019-08-04T12:41:38Z,04b49a34910d12f55243dd5a756c7cc1e506e5d3cdb418cc635e9ad9,60.16762,24.95415,000000006b44cce7,5.41
17467,2019-08-04T12:41:38Z,04b5d29c48edaaf4904a98e412562e3c0d857eb20342cc7c323d4293,60.16762,24.95415,000000006b44cce7,6.46
17468,2019-08-04T12:41:38Z,07444c376c2a48ed91a2f5462cab887c00378edb4175ee969deb207e,60.18203,24.91341,00000000342570c2,14.89
17469,2019-08-04T12:41:38Z,07fa093f5dceb6043b0a8c9d8ad01c1bfdfe15d4b3071a26b747ea07,60.14699,24.922,00000000a53ed894,11.7
17470,2019-08-04T12:41:38Z,0851ab74be2e888decf0046825f09ed302f7b2275e72b09b5b713d85,60.16829,24.94214,00000000afef4555,16.1
17471,2019-08-04T12:41:38Z,0a0acb70a8ef92be52a64d4425e70bb2f7a17d13942c3382c9d68878,60.149,24.9843,00000000fffb8cf0,2.54
17472,2019-08-04T12:41:38Z,0a5ed50daf13dd10744537aa851ac7ab1d34d9797ec6ab6e2402aebb,60.16762,24.95415,000000006b44cce7,3.4
17473,2019-08-04T12:41:38Z,0a8eb41acf097f79d7e145d7a002bbaa9f5017b44076ad66b2dbe053,60.16762,24.95415,000000006b44cce7,18.79
17474,2019-08-04T12:41:38Z,0aabf0df4c3c5b45bb8950c92dbe624985f19e8650ed61f92571a65a,60.14699,24.922,00000000a53ed894,7.05
17475,2019-08-04T12:41:38Z,0b0dd9af9d52c68ff71ce266d6707abbb0f56c3c63be0f83f7b5df9b,60.16762,24.95415,000000006b44cce7,7.05
17476,2019-08-04T12:41:38Z,0c905239b8c0e14cba671cf4d4d715d1045a30ee62a6285fb489dbb0,60.16829,24.94214,00000000afef4555,18.79
17477,2019-08-04T12:41:38Z,0d3525b13d674f1645fdbe6d842fe37b2f416889c5472e9dfcc5445c,60.14947,24.91438,000000004ef3150d,9.12
17478,2019-08-04T12:41:38Z,10a99e791e27975dc1c9d73d3163cabacf3bd7bd05a4f7abf6365426,60.14699,24.922,00000000a53ed894,14.89
17479,2019-08-04T12:41:38Z,119268a2b328b466959e99158efc17d07641daf2eab0785f813707f9,60.16762,24.95415,000000006b44cce7,11.7
17480,2019-08-04T12:41:38Z,120a63917cb5ab619bf9a71328f14020736ee84e75d5b37278748def,60.16897,24.95222,00000000aa852af1,13.75
17481,2019-08-04T12:41:38Z,1240f5fbc405049e174fb4ad534e104eeddab72ae2aec4e434e7a36c,60.16897,24.95222,00000000aa852af1,21.87
17482,2019-08-04T12:41:38Z,124cce476184e061b136f481014a2abc7208d30e4e520ffd90c85adb,60.17002,24.94407,000000006b087f40,12.69
17483,2019-08-04T12:41:38Z,126ff8aee22cf123572b51282d01680aea0dac78d907b5100c430c50,60.14947,24.91438,000000004ef3150d,27.28
17484,2019-08-04T12:41:38Z,128df515b075ffc54794d311944f31b9b1c1132d182943a9880e5bc0,60.16544,24.95398,0000000038d83d41,21.87
17485,2019-08-04T12:41:38Z,13bcedb8c59b26417282929d81844b272c7c5bc295614f531219a8e4,60.14947,24.91438,000000004ef3150d,10.78
17486,2019-08-04T12:41:38Z,13ee67fb034e3d24edc9a9618e9d6de24979ebbcb399f83abb02a897,60.14699,24.922,00000000a53ed894,3.74
17487,2019-08-04T12:41:38Z,1551f9fdd5a57b17be51babad39f807f04be4d340266c153eb860156,60.15432,24.9211,0000000019fb59c4,17.4
17488,2019-08-04T12:41:38Z,15ee12e5f9be00a79b0cbbc9912f51cbfa3e486624567e1bde938fb6,60.1538,24.95595,0000000038bf9618,18.79
17489,2019-08-04T12:41:38Z,161aa798c2a18e132fb27ecded773218ea4e42eabbd0e5794b1d7017,60.15432,24.9211,0000000019fb59c4,21.87
17490,2019-08-04T12:41:38Z,16ca2e50aab654110e1bb81e5e374133f99b7f103d24d5cc9635423c,60.16897,24.95222,00000000aa852af1,25.36
17491,2019-08-04T12:41:38Z,1769031b7f4d75de0541e26427b9ecc92c84b80992e3b36bb8eb799e,60.16829,24.94214,00000000afef4555,11.7
17492,2019-08-04T12:41:38Z,17af6ab252328066d6b13406084507dfa7a7f6db3030872e7f87223d,60.17065,24.93641,000000000f4919c9,33.81
17493,2019-08-04T12:41:38Z,1882b53729765cca25bc63400074242872d6fbc57882f131285b277f,60.16829,24.94214,00000000afef4555,21.87
17494,2019-08-04T12:41:38Z,197961cf403efacc6bdb07158a50753109701aba7a6e7cbf8502e1ee,60.14947,24.91438,000000004ef3150d,20.28
17495,2019-08-04T12:41:38Z,1a93dfa31156cee53b4bd527d8b74655a5da812b6933d8a86d871e47,60.14947,24.91438,000000004ef3150d,9.12
17496,2019-08-04T12:41:38Z,1ad0b84716a79851fa8db7a993012f0c8e496d6cba9d028a546285a2,60.16897,24.95222,00000000aa852af1,13.75
17497,2019-08-04T12:41:38Z,1b3fba902b8d1538b508cdc228fd15fdd87f5aecb68e5611b1a4e354,60.16762,24.95415,000000006b44cce7,2.8
17498,2019-08-04T12:41:38Z,1bcef866fafad7c7460a084e0b0d27c087b549f4ae704390708be47e,60.149,24.9843,00000000fffb8cf0,7.69
17499,2019-08-04T12:41:38Z,1c7ccd5d6570d98e57ef2ebbd716b7504b138f9bb616fbeaa0d1a268,60.14699,24.922,00000000a53ed894,10.78
17500,2019-08-04T12:41:38Z,1cc5f03259fab561805ccb96a6677731768ad3ac975bab2e4db8faa1,60.16762,24.95415,000000006b44cce7,13.75
17501,2019-08-04T12:41:38Z,1dacfb371d75dd4f90f447aac2a00faad98beb4188a6971c19eb2375,60.16629,24.95957,00000000fb7600be,18.79
17502,2019-08-04T12:41:38Z,1ec58e626d2335aeeaa7c7d8f715d4334274dbd43448fb62c3901ef6,60.16829,24.94214,00000000afef4555,14.89
17503,2019-08-04T12:41:38Z,1f81ed7274add201d3059d4a37e2bbe86b6ae1f0fd42a16d7b8dccaa,60.14699,24.922,00000000a53ed894,8.38
17504,2019-08-04T12:41:38Z,203a0c145a43c9a18f8c2a5ba4e18882e7430662bb4ac0e56ab37578,60.17065,24.93641,000000000f4919c9,16.1
17505,2019-08-04T12:41:38Z,208944c5811f446561788c5415738cbe52bdacb371f415236042698c,60.16897,24.95222,00000000aa852af1,18.79
17506,2019-08-04T12:41:38Z,20ac7b2ace7c0038aa8df01b9281a9c54f1551fc8ab9b662b1f1ca22,60.18203,24.91341,00000000342570c2,20.28
17507,2019-08-04T12:41:38Z,20e1249c5e0bf83f1f5ab37b0d62c5f9fe97faebc2442a2edbb13ed5,60.16762,24.95415,000000006b44cce7,20.28
17508,2019-08-04T12:41:38Z,21b55c3dfd455543844687d0e016d83dbfa9008e83688521d8163980,60.1538,24.95595,0000000038bf9618,41.64
17509,2019-08-04T12:41:38Z,21bdc11bb63fb48c9d4b5308540ee5df579c9a385001a10fceeeedf3,60.14699,24.922,00000000a53ed894,12.69
17510,2019-08-04T12:41:38Z,21eb94b10f042f4f21566d3ee27d800fb6d899071739c0c5c1fa7af0,60.14699,24.922,00000000a53ed894,21.87
17511,2019-08-04T12:41:38Z,21eed3ade733687b8f56fade8290819b7c6b4a9f38468979fe692c3e,60.16762,24.95415,000000006b44cce7,9.12
17512,2019-08-04T12:41:38Z,231026899a6d5b326cb5b1e38b182ca1acb77c7e27bc2378973b29db,60.16629,24.95957,00000000fb7600be,10.78
17513,2019-08-04T12:41:38Z,23337c2812924a07e4f0bbc92e56d1f85ea40208b6b987f4afc686cf,60.16897,24.95222,00000000aa852af1,20.28
17514,2019-08-04T12:41:38Z,247f8b2fe544f61677fce4b7f300f6be0c3fa9f5a9f057cc0a4b2111,60.16762,24.95415,000000006b44cce7,8.38
17515,2019-08-04T12:41:38Z,250f7cf6c6d1296e84c45fb8621a0704eb5243471980b5187dc40cdd,60.14699,24.922,00000000a53ed894,10.78
17516,2019-08-04T12:41:38Z,257206d3f59df5c426a9c735f4741cba6d792de1cbafe62289d383d7,60.16897,24.95222,00000000aa852af1,23.56
17517,2019-08-04T12:41:38Z,2607d1b2fc6e31a80348fffbed68a7d3a8e0212f197f2d1c573c587b,60.14947,24.91438,000000004ef3150d,2.3
17518,2019-08-04T12:41:38Z,269124e75b1e74a7c7dc93b778e02f04d0a53e069a90081c0938ee4c,60.14699,24.922,00000000a53ed894,17.4
17519,2019-08-04T12:41:38Z,28b43564f7156b67db7cb7b779e948986d7610f921490f9030379704,60.16897,24.95222,00000000aa852af1,8.38
17520,2019-08-04T12:41:38Z,28d2c3282e9f8fec67baec7992dcd800c45b67071e33cb118905a6b3,60.16829,24.94214,00000000afef4555,7.05
17521,2019-08-04T12:41:38Z,2969cdb120f2d285c556abfe5bac2f8090571f61aba227a474a534d2,60.17065,24.93641,000000000f4919c9,1.54
17522,2019-08-04T12:41:38Z,29a1ee6c0907a00ec6b6dcbb187f5c31d1a11b261aabd339210ee013,60.16897,24.95222,00000000aa852af1,8.38
17523,2019-08-04T12:41:38Z,2a47bdc66249162a9588347a6cbe7895fe798bb25c1194cd69fb1e8b,60.14699,24.922,00000000a53ed894,20.28
17524,2019-08-04T12:41:38Z,2e86f9a432e00fa6ff5b8744ffecbe22a02b4316779bc8b4078af2e2,60.149,24.9843,00000000fffb8cf0,25.36
17525,2019-08-04T12:41:38Z,2ee2e108ed9051b1ccf4d3ee89931dfd53170af0b558fa6579b83e8d,60.15432,24.9211,0000000019fb59c4,21.87
17526,2019-08-04T12:41:38Z,30c55d5011d0f6c901437a130dbe2653c7ae0cceee3b0a242394152c,60.14947,24.91438,000000004ef3150d,16.1
17527,2019-08-04T12:41:38Z,3197a3340c627059b7c7eb4b36e932bf06a1d31d868aabd647df6373,60.16762,24.95415,000000006b44cce7,9.92
17528,2019-08-04T12:41:38Z,32708990f2c831e65f70f2682baf5188fc93348b9a9e78ada8db2bf4,60.14947,24.91438,000000004ef3150d,1.88
17529,2019-08-04T12:41:38Z,32f77f5019e5fce30881c214487361e2e34b8c93277f6e546de72012,60.1638,24.96846,00000000d747f075,27.28
17530,2019-08-04T12:41:38Z,33634cb1e3fc5d4a621e8717d203da8533ed27531a70c6cbe3abf3fa,60.16762,24.95415,000000006b44cce7,1.7
17531,2019-08-04T12:41:38Z,33ec502792a84f23fed03cf16e483d153c65e2850a2549f47034726a,60.16762,24.95415,000000006b44cce7,7.05
17532,2019-08-04T12:41:38Z,349dd839e41cff363cc4b935496e52b93be15233e508aa82987859bd,60.16075,24.95883,00000000f1124bca,18.79
17533,2019-08-04T12:41:38Z,34f282042837e6b8407c31fd6c880bdbb7071c56d76c4b6e5ba78819,60.14947,24.91438,000000004ef3150d,11.7
17534,2019-08-04T12:41:38Z,34fddf0f4ea194b9720451d11a9de76225577536681d4f4b0a00b860,60.16829,24.94214,00000000afef4555,16.1
17535,2019-08-04T12:41:38Z,358d7986d5bf2a0624fb1412a157b3c7b12f90653457e15a76bbdf50,60.16629,24.95957,00000000fb7600be,18.79
17536,2019-08-04T12:41:38Z,35a958343879c000cfc3f0c01afbc7d54934265828677bf4aefef84f,60.14699,24.922,00000000a53ed894,8.38
17537,2019-08-04T12:41:38Z,35e6e075578d7a51e510bf8904bde33f1d117264eea0917db98d4808,60.16897,24.95222,00000000aa852af1,7.05
17538,2019-08-04T12:41:38Z,36f876050503d244f74f3cbadcef716904eb2b245190d474b0cfa794,60.16762,24.95415,000000006b44cce7,1.38
17539,2019-08-04T12:41:38Z,3721331dbb97151d17938ed835ffc7208eba26fba6100c62870a3a4f,60.14947,24.91438,000000004ef3150d,6.46
17540,2019-08-04T12:41:38Z,37945fa4e7409fab98aa8bde45081f5bd083def0059485274ad552c0,60.17919,24.95181,000000007b5207b6,6.46
17541,2019-08-04T12:41:38Z,37ddd8a82f13a78fbe5f35fdf0b6d87be93f2d76ea725c2b0b5b0ebf,60.16762,24.95415,000000006b44cce7,18.79
17542,2019-08-04T12:41:38Z,39310ebca1ad756aa2bfcb16c912cb7003ef3e7286a1f037603ade61,60.14699,24.922,00000000a53ed894,7.69
17543,2019-08-04T12:41:38Z,393a579e1c8efb19861f555f12040feeac853f37a2451116693e77aa,60.14699,24.922,00000000a53ed894,12.69
17544,2019-08-04T12:41:38Z,39f03a3a5fd777feee270921a7f51daec12ea679b542b0aaf2e808d7,60.149,24.9843,00000000fffb8cf0,21.87
17545,2019-08-04T12:41:38Z,3a6ce73ea4c03a14fc0d3d099e4698d3c1051a2e8e4bd552d5de394d,60.14947,24.91438,000000004ef3150d,6.46
17546,2019-08-04T12:41:38Z,3af48668fcfc51b261558246e08ae2f7f3bb9d4252e908e38c9db003,60.14699,24.922,00000000a53ed894,17.4
17547,2019-08-04T12:41:38Z,3be48824225ca9f2aea5653f6ce21181a76e67a8d4b8361f0cba1f8a,60.14947,24.91438,000000004ef3150d,8.38
17548,2019-08-04T12:41:38Z,3e4965f1ed580ddf80246b1b78cbc55b73c11d67573d9cede2a7ccf7,60.16829,24.94214,00000000afef4555,21.87
17549,2019-08-04T12:41:38Z,3eb138558a5cc58760a67df9709bc42cc329874e907981d33e0116ec,60.16762,24.95415,000000006b44cce7,18.79
17550,2019-08-04T12:41:38Z,3ec0a34310840b3aa1aa32a3f2bffbe426e91a242dc6eb5c1e86bba7,60.16448,24.97323,0000000053c6c2be,25.36
17551,2019-08-04T12:41:38Z,3ffe89aa6ab1e57883e21fa8f15969f46a5f487bccb2b993eadb3cfb,60.14699,24.922,00000000a53ed894,7.05
17552,2019-08-04T12:41:38Z,409be16c4d34b9e76ac22ea0e8e282da3e9d169fe77ff5ea52a72883,60.14699,24.922,00000000a53ed894,13.75
17553,2019-08-04T12:41:38Z,4126e6b01e07a8de94eb8b87f02ad2bdab1a191c8c0312dd1141a9eb,60.14951,24.92138,0000000006dd41f6,20.28
17554,2019-08-04T12:41:38Z,427f20895f2d0aec0392fd0be9f66c4cd45200a3d32b5b9d52ea0dc2,60.15432,24.9211,0000000019fb59c4,29.32
17555,2019-08-04T12:41:38Z,429363aca20efd1e564b3ac367b9eb4702cce1afbe6a22dccb543a7f,60.16075,24.95883,00000000f1124bca,17.4
17556,2019-08-04T12:41:38Z,42d4eb6044091814f327d0b01dc9ae701506417af1a8ab7f4161650d,60.14951,24.92138,0000000006dd41f6,13.75
17557,2019-08-04T12:41:38Z,431375be6b9405ef55878f3aa0bb5dd6a35db8ba650a2bce05081c49,60.14947,24.91438,000000004ef3150d,8.38
17558,2019-08-04T12:41:38Z,4533d27e96c5c6637ddff4243672d658fea4004970652882357105a9,60.14699,24.922,00000000a53ed894,7.69
17559,2019-08-04T12:41:38Z,4602ff9d03f6bf4fbb82976098cc1c73e7a7e754050401c772d1406e,60.14947,24.91438,000000004ef3150d,5.91
17560,2019-08-04T12:41:38Z,467a01a257fbaad22bd4aebafc8f284c9ad3effc429475e57c214e9d,60.14699,24.922,00000000a53ed894,12.69
17561,2019-08-04T12:41:38Z,47bc9ff9097f9ef5f1862e48b4a42f6a9ddd30c4ef2b6eb43291a7a5,60.14699,24.922,00000000a53ed894,13.75
17562,2019-08-04T12:41:38Z,47cde44e4ddbf6c70162fa882eee962e7c3e2a037b650294ec46568f,60.14947,24.91438,000000004ef3150d,7.69
17563,2019-08-04T12:41:38Z,47f01e2ac7c3ce7e6b660533619f1713531790bd5178978cb1fab47d,60.16897,24.95222,00000000aa852af1,31.5
17564,2019-08-04T12:41:38Z,48f665ebb1a71b0d84fc02bd71918c5ab5608328db534639cbd2a255,60.14947,24.91438,000000004ef3150d,7.69
17565,2019-08-04T12:41:38Z,4a565a7be2bb822523480c6ca86154a466bf189290f87a0ef118f8b7,60.149,24.9843,00000000fffb8cf0,20.28
17566,2019-08-04T12:41:38Z,4aff8c41b8c3f924b9b765007cf6f0f148e9fdc4dfad6299b17f6f71,60.16762,24.95415,000000006b44cce7,12.69
17567,2019-08-04T12:41:38Z,4b1050cc517631e36206d3528399c0b14748daec8c7d1b5dfa412299,60.15432,24.9211,0000000019fb59c4,3.4
17568,2019-08-04T12:41:38Z,4b85388cdaec2b4c15b546160ee326d9668a5e5d3c7b08d0c539946e,60.17919,24.95181,000000007b5207b6,7.05
17569,2019-08-04T12:41:38Z,4be50f3eb033f3f46e3069049c8e0a34dc8a2607741c1764369ba4c2,60.16762,24.95415,000000006b44cce7,4.94
17570,2019-08-04T12:41:38Z,4bf75585466f0aafa2ed2956fe4b0f7235b4ba3a0606a52219b3156c,60.14699,24.922,00000000a53ed894,8.38
17571,2019-08-04T12:41:38Z,4cadc8cc23fd84febb6a8383030a34c97b3388a8c9ed7a64cc0f51a6,60.14947,24.91438,000000004ef3150d,5.91
17572,2019-08-04T12:41:38Z,4d4115f2971578ddc2428be944e2954c9e9a5472a818ec1805a022b2,60.149,24.9843,00000000fffb8cf0,21.87
17573,2019-08-04T12:41:38Z,4d89a401b568b2833e8ab1289ed0c7de99d8194a897afed6eca65024,60.16762,24.95415,000000006b44cce7,23.56
17574,2019-08-04T12:41:38Z,4ebdb6165c5d4892cdc21711313b98b1545bececfb886192c6f0ef22,60.16762,24.95415,000000006b44cce7,7.69
17575,2019-08-04T12:41:38Z,4efc969b8b738c051c221bf9d7829089b44cec23dd378fd86e7fb8be,60.173,24.92524,0000000096918cfa,29.32
17576,2019-08-04T12:41:38Z,4f4940c5c77737c5b8f2fbd5a1b65886ea5f6e0e4fcd50447e11ce21,60.16075,24.95883,00000000f1124bca,20.28
17577,2019-08-04T12:41:38Z,4f93e95b96f69cefa42bba16e15af19b9c451693070e117b208ea068,60.16075,24.95883,00000000f1124bca,18.79
17578,2019-08-04T12:41:38Z,50e21d119f102cee2afe3ac7f1a32032527638769b05aca582d6ecb1,60.16762,24.95415,000000006b44cce7,4.5
17579,2019-08-04T12:41:38Z,514a3981fad6c695ac4940f09374b5d1c2e84d2ca835084ef8707714,60.16075,24.95883,00000000f1124bca,9.92
17580,2019-08-04T12:41:38Z,51b3c7870a399165f0d1d14f7d21688df32b0360f9cc6f3ca61890d8,60.16829,24.94214,00000000afef4555,0.59
17581,2019-08-04T12:41:38Z,52072bd384eaaf4a6958af5510ed039d194dee47f34667bc7bccbe0e,60.14699,24.922,00000000a53ed894,5.41
17582,2019-08-04T12:41:38Z,5260920d709c998754a6afe0e430e890d27be1843672147fb4d05338,60.16762,24.95415,000000006b44cce7,21.87
17583,2019-08-04T12:41:38Z,52f0e69ca7a5cebe604c1f32308dc7f8870d1d85cd4b25ad17f706e9,60.14699,24.922,00000000a53ed894,11.7
17584,2019-08-04T12:41:38Z,53263c2a4d1fc6edb42de24a91c19cc8d0050f1e61b0ddd97cf45bba,60.17002,24.94407,000000006b087f40,31.5
17585,2019-08-04T12:41:38Z,54065d53a62079540c4be1e19eafa5dd581e8ec35da0c31844438e0b,60.149,24.9843,00000000fffb8cf0,23.56
17586,2019-08-04T12:41:38Z,552e7d20be831c5ebfa503ba78ed542d6ece4ecad264308d5dc37a31,60.14699,24.922,00000000a53ed894,12.69
17587,2019-08-04T12:41:38Z,5554305bad43a71cf98d83e92708c7474c1efc189392c1ea94231e9c,60.16531,24.9442,00000000fdda10fe,2.08
17588,2019-08-04T12:41:38Z,5636d9760f1eac9d5d050497d7084fd61a92d5d108695a9023769ac4,60.16629,24.95957,00000000fb7600be,11.7
17589,2019-08-04T12:41:38Z,56b8eace741e5227a40ea0a64601a737648080c63d6240b0dca632c4,60.16075,24.95883,00000000f1124bca,11.7
17590,2019-08-04T12:41:38Z,570dc61d53aec66ede39dfde66339640878453afc00cd1a55c60bca7,60.16544,24.95398,0000000038d83d41,17.4
17591,2019-08-04T12:41:38Z,571934189bf349efb6f596e76c21612cf9b82ed44913090169936048,60.17065,24.93641,000000000f4919c9,20.28
17592,2019-08-04T12:41:38Z,57bb8beeec6904b9a5cfe83c4ff9a80e63157780137f03de2a4152d3,60.16762,24.95415,000000006b44cce7,3.4
17593,2019-08-04T12:41:38Z,57eef16af260870a831bd4f88018555730ec7dd21a538e3575825479,60.16829,24.94214,00000000afef4555,20.28
17594,2019-08-04T12:41:38Z,57f88614f91a133004ac1a6dea31a4090f899646a5f62ece691d87af,60.16762,24.95415,000000006b44cce7,13.75
17595,2019-08-04T12:41:38Z,583a35aa08fe45f96deb91a9f4b9317e86eddeee0d636cc11b3e2df8,60.16762,24.95415,000000006b44cce7,9.12
17596,2019-08-04T12:41:38Z,58411163d307bb308f9c94a9720e9ce5ab0ce4f5617cd2b1fcc2037a,60.16762,24.95415,000000006b44cce7,9.12
17597,2019-08-04T12:41:38Z,584cb0b0cdd14e608c8b57c8aecc9826f9b40027e365e2438a444ea2,60.16762,24.95415,000000006b44cce7,13.75
17598,2019-08-04T12:41:38Z,5966e39260804b1e804f63b354a53470a1f621ac8e68afdd522a565f,60.17002,24.94407,000000006b087f40,25.36
17599,2019-08-04T12:41:38Z,59b01cbdec8ff06fa6d50bac00c3f5f4c45132fc8a62800c08df5d6a,60.16629,24.95957,00000000fb7600be,6.46
17600,2019-08-04T12:41:38Z,5b102c62b98f29bd801e4dd0e9ddbc113db3faa38d59990b9ba5e9ec,60.173,24.92524,0000000096918cfa,25.36
17601,2019-08-04T12:41:38Z,5bbb03fd7db8dd6ddb6cf3e308c02476b0b549e3a4b28867cd8a89b3,60.14947,24.91438,000000004ef3150d,33.81
17602,2019-08-04T12:41:38Z,5bc858089bff2f1880f1807e91f165ebf9f1b5841445adcdfb988ddf,60.16829,24.94214,00000000afef4555,18.79
17603,2019-08-04T12:41:38Z,5bc8610f198c0ab38e4e89fd7f4828d032ca2a6ef97c2a17c79e296f,60.14699,24.922,00000000a53ed894,18.79
17604,2019-08-04T12:41:38Z,5bf59468120b0262b74eebaba2a7ee8274f3c8165ddcf6f38eae92a8,60.16829,24.94214,00000000afef4555,20.28
17605,2019-08-04T12:41:38Z,5c160268bc9b4b619181ce421d9e58c258e6b59a342945fc29f0004b,60.14947,24.91438,000000004ef3150d,5.91
17606,2019-08-04T12:41:38Z,5c46671175475bc574d3a64fe85e1ce7792c14d29f1e79a39da24fa0,60.149,24.9843,00000000fffb8cf0,17.4
17607,2019-08-04T12:41:38Z,5cd5117066c75a1cb83d3896a7eba3f3472e133f0013ea7d4e95daaa,60.14699,24.922,00000000a53ed894,9.12
17608,2019-08-04T12:41:38Z,5d70086d53447ee393249cef33c7bae814c1d7c2e3055fc91b38786c,60.17919,24.95181,000000007b5207b6,16.1
17609,2019-08-04T12:41:38Z,5e44b2770fcd3ab47bae5954df365187d2183088b73b895edc47dcd8,60.14699,24.922,00000000a53ed894,12.69
17610,2019-08-04T12:41:38Z,5e7916ca910b02abf2d19906759663c23db63950a353fa546f55c8af,60.14699,24.922,00000000a53ed894,12.69
17611,2019-08-04T12:41:38Z,5ea49ba4de68e03664ec3a87f5de32434d7136b4f8323f022ff9df5b,60.16829,24.94214,00000000afef4555,13.75
17612,2019-08-04T12:41:38Z,60d7fd34e511ad1565b92db2fbb5ef2908f7a273acceda524945e86e,60.16075,24.95883,00000000f1124bca,21.87
17613,2019-08-04T12:41:38Z,60d9b71ec38b796bf876dedfaf3112b49ff79677480c7603902857ae,60.14947,24.91438,000000004ef3150d,16.1
17614,2019-08-04T12:41:38Z,614ab7fba7255f6bf6f888e9a04d589962f756b3f427e658f10014f2,60.16075,24.95883,00000000f1124bca,11.7
17615,2019-08-04T12:41:38Z,6187e3415bcea985be770b4a90f3ed56fbfff1aa331759d34ccbd4ee,60.16897,24.95222,00000000aa852af1,27.28
17616,2019-08-04T12:41:38Z,63a87f20dbfd068c086129312c165b6e9b1da2ea6c999be1dd1b8391,60.16762,24.95415,000000006b44cce7,16.1
17617,2019-08-04T12:41:38Z,63d99db5b2b7360c501446ea5e89feba9bd1c6735a7670039916f2ad,60.1538,24.95595,0000000038bf9618,31.5
17618,2019-08-04T12:41:38Z,63defb71d4c3856253a0a2d67a5c370b91ad0527703b334a63fe5344,60.14947,24.91438,000000004ef3150d,9.12
17619,2019-08-04T12:41:38Z,64394b1287e19738900f57d5c7483e02866e40bc8241fc6f6fbecbcb,60.16762,24.95415,000000006b44cce7,0.71
17620,2019-08-04T12:41:38Z,643ef3f01a51bea3c4510d4060a945cd510e5189236d68f5c9489034,60.16829,24.94214,00000000afef4555,1.12
17621,2019-08-04T12:41:38Z,64638a9f9e6c9b32fc4b484b55e4934fcab6cb04605cc76d5f5534b7,60.17065,24.93641,000000000f4919c9,10.78
17622,2019-08-04T12:41:38Z,64e34af775b57908b23056a31d60ef3b005941f2e7c3db0c49df675d,60.17065,24.93641,000000000f4919c9,7.69
17623,2019-08-04T12:41:38Z,6503762f2cac51cc2b74da1efa6b16583ed11c9a528d7716b7829c0b,60.16829,24.94214,00000000afef4555,11.7
17624,2019-08-04T12:41:38Z,6516a10850095847a8156717b0fba05a9bdc9b5bfedd691ddb07f119,60.14699,24.922,00000000a53ed894,9.92
17625,2019-08-04T12:41:38Z,6525cc634176c25187e68e0d067bcfecfd78e399e93db4ee9d408b7e,60.17919,24.95181,000000007b5207b6,17.4
17626,2019-08-04T12:41:38Z,655204cb507ea9ae811105cdcd766161facaa9f729017a333f102391,60.149,24.9843,00000000fffb8cf0,25.36
17627,2019-08-04T12:41:38Z,65de3b8621fadfc61e9d3657dc477ea9867f9d093f80cf0857dcad88,60.16762,24.95415,000000006b44cce7,6.46
17628,2019-08-04T12:41:38Z,66b9cea6cd979b4e9e391e0ef854e2cc38eca6fb9e166811e39edd11,60.16544,24.95398,0000000038d83d41,27.28
17629,2019-08-04T12:41:38Z,67591d427f60ba3c369ac0d78088fca7be33081501508d16401dd6cb,60.16762,24.95415,000000006b44cce7,4.5
17630,2019-08-04T12:41:38Z,675eacdf32b5b831fd118fc5539eea4b3cef4bd11e2e1706a9571222,60.16829,24.94214,00000000afef4555,9.92
17631,2019-08-04T12:41:38Z,6774ed72eaf69d7c4aaeeef90990f969954155bbcc52652e75e7deef,60.16829,24.94214,00000000afef4555,8.38
17632,2019-08-04T12:41:38Z,677c53ae4056d6cb123ca576ba5284664b1c7e3e88818bd19b5dd99a,60.17919,24.95181,000000007b5207b6,17.4
17633,2019-08-04T12:41:38Z,698b200b63a644828a7314691a16af2af1bccef75d52abb5591a5542,60.14699,24.922,00000000a53ed894,5.91
17634,2019-08-04T12:41:38Z,6b97071051ccf5db7e5ebee033d4f68d58ed6917ff2fac5b205a6605,60.17065,24.93641,000000000f4919c9,18.79
17635,2019-08-04T12:41:38Z,6c7e018abdf8462af7c7b003bc30f915184f7082e9e865a2c502eed5,60.14699,24.922,00000000a53ed894,9.92
17636,2019-08-04T12:41:38Z,6cc185919c410bfc359b488921554d891f9748da570db062229c7ec7,60.15432,24.9211,0000000019fb59c4,23.56
17637,2019-08-04T12:41:38Z,6e7709b0a9e9956571d6880226fcc9402e5b8f406cf339d959c0cb2a,60.14699,24.922,00000000a53ed894,20.28
17638,2019-08-04T12:41:38Z,6f3dd17e40daabb4efe868f1b859dc00ecc01846f0a0e2b8db5d1413,60.17919,24.95181,000000007b5207b6,20.28
17639,2019-08-04T12:41:38Z,6f8d7717df843a7b0be6b0dd55e933ebbd9819bd96c48f210e193e4e,60.16829,24.94214,00000000afef4555,20.28
17640,2019-08-04T12:41:38Z,6fc3823219441524e7f749dc3371bfb8c670faa9d4427a5ededed22d,60.16762,24.95415,000000006b44cce7,29.32
17641,2019-08-04T12:41:38Z,6fdfc33c6b609ea80b4a38ecf657bc68b7bf659752b51edcc22ffb54,60.16762,24.95415,000000006b44cce7,10.78
17642,2019-08-04T12:41:38Z,6ff93560ca77c6e5a25bc7441cf33cf7fa0138b3da4d99b2dbf5531b,60.14947,24.91438,000000004ef3150d,8.38
17643,2019-08-04T12:41:38Z,71479e7c1c4fd96468f16800ff04484480c76e0953d2074500b0df31,60.17919,24.95181,000000007b5207b6,16.1
17644,2019-08-04T12:41:38Z,72231bca658d3a16f3bf9c26ba5f13393b8377e4ab0b9ed3de6c811f,60.14699,24.922,00000000a53ed894,11.7
17645,2019-08-04T12:41:38Z,72e4de5ded503a6b09635fc51a720ce504c9e77552bc2ffae8d6cae3,60.14699,24.922,00000000a53ed894,16.1
17646,2019-08-04T12:41:38Z,733f21ebebe353e10a55a74b40a0a480e6d276334d4f3d8bcf85b711,60.16075,24.95883,00000000f1124bca,17.4
17647,2019-08-04T12:41:38Z,737779d5b545043aa16af1ca616beeb1b5dfae5e6e1d4a789d7b316d,60.16762,24.95415,000000006b44cce7,17.4
17648,2019-08-04T12:41:38Z,759f94c852ff15ca91c3138913c3858c4801702f8f0514ae82fb2a19,60.16897,24.95222,00000000aa852af1,16.1
17649,2019-08-04T12:41:38Z,7664b7f08aaa059ecf6646a595c33fae0c80715febe63e31f45a4662,60.16762,24.95415,000000006b44cce7,3.74
17650,2019-08-04T12:41:38Z,777cceac7be6303a1c82f7cc68061528b01e3aa1b3aa6481cad9e5e3,60.16075,24.95883,00000000f1124bca,14.89
17651,2019-08-04T12:41:38Z,77a12194b9a6789f4b2b8c07ae7fce3c2b531cb221e5fa7ca5deae55,60.16897,24.95222,00000000aa852af1,12.69
17652,2019-08-04T12:41:38Z,79bde23c1a8980f93a65e14306f0d8ea89e164430d8b991e2bfee82e,60.16531,24.9442,00000000fdda10fe,14.89
17653,2019-08-04T12:41:38Z,79d30a3ef05e3d34450d1c975b3fa9d21b994f078f943db791239b07,60.14699,24.922,00000000a53ed894,17.4
17654,2019-08-04T12:41:38Z,7a4a06d20ebe57d94e5fceeaf47d5b56ad9a515818e9c20e21a80e61,60.16629,24.95957,00000000fb7600be,17.4
17655,2019-08-04T12:41:38Z,7a97375000483176c3b37cc0d1744a950d9b322ce3534208fce0b21d,60.14699,24.922,00000000a53ed894,17.4
17656,2019-08-04T12:41:38Z,7ab335e046f7f3597f8f615a90857885e35cfecefebd5d24bbf0af90,60.16075,24.95883,00000000f1124bca,6.46
17657,2019-08-04T12:41:38Z,7ad93fed82e41ea4422fa101badc698b0328c3ebf0f6b73c5164d438,60.16897,24.95222,00000000aa852af1,8.38
17658,2019-08-04T12:41:38Z,7be762f58d54665c5e6668eb2fb3eae7201522ddff196bbc5eb731f0,60.14947,24.91438,000000004ef3150d,12.69
17659,2019-08-04T12:41:38Z,7c9213d7d9786431a8781a665fa1b7091507aa244d28b85d07a1399a,60.17065,24.93641,000000000f4919c9,27.28
17660,2019-08-04T12:41:38Z,7d9a3d84c09c3a8d6876389e216e0278048d6b924890fb275a078ffb,60.16531,24.9442,00000000fdda10fe,0.71
17661,2019-08-04T12:41:38Z,7e76449e59f1e3a1a615b54408115353fbb14d815390d03a73b1a7bb,60.14947,24.91438,000000004ef3150d,11.7
17662,2019-08-04T12:41:38Z,7ee87b87cf01698f643e1ba3117b245039edc811605df5dc802e7576,60.14947,24.91438,000000004ef3150d,23.56
17663,2019-08-04T12:41:38Z,7f2f97e26d55f653ed70260ea4f893d01a3984cbdf6d7a3bfb2641de,60.16829,24.94214,00000000afef4555,7.69
17664,2019-08-04T12:41:38Z,7f3c9dd2c7352cb81fb186a7d700841d2bcb47cd8ea0d5f8719b5908,60.16762,24.95415,000000006b44cce7,17.4
17665,2019-08-04T12:41:38Z,7f786ec8e06f1ca3bdd10fc60d0114baf354125b8f6cf796d197f4cc,60.16075,24.95883,00000000f1124bca,4.5
17666,2019-08-04T12:41:38Z,7f813aa01c02e4affab1466c4e6ec3ea61ea6ab92c647a0490179245,60.14699,24.922,00000000a53ed894,25.36
17667,2019-08-04T12:41:38Z,80cbcb887f3e351e3bef7c5f53dccc578cc3494feec514aed7015c0d,60.16075,24.95883,00000000f1124bca,4.11
17668,2019-08-04T12:41:38Z,82411c6526228322a61f59259f13adf7cde62bd767587b6735867705,60.17919,24.95181,000000007b5207b6,7.05
17669,2019-08-04T12:41:38Z,82ce8c2420645d1eeed2751616ac691b53855581110be4cc97a61036,60.16897,24.95222,00000000aa852af1,17.4
17670,2019-08-04T12:41:38Z,83073c017c8293e4b6eab781fbc2147fafa144d33b3618abd1ae5d90,60.17065,24.93641,000000000f4919c9,33.81
17671,2019-08-04T12:41:38Z,83121a75723643c48e3c3b0a3ea5fccb532046432ca445833e8de06a,60.16762,24.95415,000000006b44cce7,3.74
17672,2019-08-04T12:41:38Z,848fe01e24ccc782e5968171f53ea31d28f20a455c45d8bac8fb7374,60.173,24.92524,0000000096918cfa,16.1
17673,2019-08-04T12:41:38Z,849a662d95d4185421aff7c6213ba5d7b84cfc58c9fb30ff34054e4c,60.16075,24.95883,00000000f1124bca,7.69
17674,2019-08-04T12:41:38Z,859b417d0b562f5c4ab33c3877c95cd7cbb332db91dcd0f4e7a4f3b6,60.14699,24.922,00000000a53ed894,9.92
17675,2019-08-04T12:41:38Z,8671d4796925b87aa375ec961920222f3024852d26ca40013f9985df,60.18203,24.91341,00000000342570c2,31.5
17676,2019-08-04T12:41:38Z,87bb1abe21abfcb5e5c2039e579cff7ca863a6019207db356de5b7c2,60.14699,24.922,00000000a53ed894,9.92
17677,2019-08-04T12:41:38Z,8822ffe19dec49fe874ac377de5a0504e931e342ecc1f5b1fcb939e5,60.16897,24.95222,00000000aa852af1,12.69
17678,2019-08-04T12:41:38Z,885bcc6af7d0aa9718fe1030e32ffff1de5171ae5ef67cf0011874fb,60.14947,24.91438,000000004ef3150d,5.41
17679,2019-08-04T12:41:38Z,8947a5209f3b32173d3dc72792039edf94a2711741ab041b62b30643,60.16762,24.95415,000000006b44cce7,5.41
17680,2019-08-04T12:41:38Z,8a08b2de43a9ef03cf96610718c908e69dcacc59f536a7135b7bb542,60.16629,24.95957,00000000fb7600be,10.78
17681,2019-08-04T12:41:38Z,8a9eedc7cf775ab4e9ad2e20bdcbcbe1635808b418eedcdcceda7834,60.16762,24.95415,000000006b44cce7,10.78
17682,2019-08-04T12:41:38Z,8acb351d2b6acbd61099205c5c497b7507c1a4da115c4b8fcaa8c930,60.16762,24.95415,000000006b44cce7,11.7
17683,2019-08-04T12:41:38Z,8b641985c793a3f25a45b2460cb01f5baa6f339c6dd26ba7752d8a7a,60.16897,24.95222,00000000aa852af1,9.92
17684,2019-08-04T12:41:38Z,8ba6cfc17ca70e8304994e018ebd5eb2003177062cde05925d5cacb3,60.173,24.92524,0000000096918cfa,18.79
17685,2019-08-04T12:41:38Z,8d5672c651968bf1f466b44baefa37f9438850e96140d126f6a99baf,60.16897,24.95222,00000000aa852af1,16.1
17686,2019-08-04T12:41:38Z,8d73f674010f5cb02e8f20251ed86a9afcb7f6b3926039470296bd00,60.17065,24.93641,000000000f4919c9,16.1
17687,2019-08-04T12:41:38Z,8d7da72d35c2ac527039f569af91c4f1de2d3fbb83af89458935fb73,60.1538,24.95595,0000000038bf9618,21.87
17688,2019-08-04T12:41:38Z,8d8a869e83fe2ac29e791666634a33af3ea4048ea4e752b6fb1e238c,60.14947,24.91438,000000004ef3150d,3.4
17689,2019-08-04T12:41:38Z,8dcf139eb279bcc2696420ba9da858e361600ff02cd29587f66660ec,60.16897,24.95222,00000000aa852af1,18.79
17690,2019-08-04T12:41:38Z,920dc90f60b295267f63efc8f968408087b71878dc3f49f0ded1c41e,60.17919,24.95181,000000007b5207b6,20.28
17691,2019-08-04T12:41:38Z,926717d61529080dfc4c7f8cdcdc82c6490d2a5129474524b8c40ea4,60.16829,24.94214,00000000afef4555,12.69
17692,2019-08-04T12:41:38Z,93a2100e233b204243f7e69b68dea7c9a145d1b5384bd18359bf87a3,60.16531,24.9442,00000000fdda10fe,1.38
17693,2019-08-04T12:41:38Z,93e409819362e2429a43710ff4330bd3ed83011b73ae438dd7fb62d8,60.16762,24.95415,000000006b44cce7,4.94
17694,2019-08-04T12:41:38Z,9575ef1c44f26f0301d726029c8b1c28011a4724496943451bee6544,60.14947,24.91438,000000004ef3150d,9.12
17695,2019-08-04T12:41:38Z,9604244c18efd5978b809f021651f7743e0e64da38fcf3718f9b4f93,60.14699,24.922,00000000a53ed894,12.69
17696,2019-08-04T12:41:38Z,97264f5808fa13851dacabf0c98525eec29849ff4b6a744cc777fd5b,60.16075,24.95883,00000000f1124bca,10.78
17697,2019-08-04T12:41:38Z,9736a8a29aee134a307e0cd4221e9b0a2ab7c48befee43fc62e9f9bd,60.14699,24.922,00000000a53ed894,4.5
17698,2019-08-04T12:41:38Z,9862cafd709b75d07c83b397773e0cf33564666cb81814bdbf5e54f2,60.16897,24.95222,00000000aa852af1,20.28
17699,2019-08-04T12:41:38Z,9885627881a266e5cf401516e009049e859d738e2e019be570f4b4d8,60.16448,24.97323,0000000053c6c2be,20.28
17700,2019-08-04T12:41:38Z,98bb3b6f5e2403b14b8e01616c07b03bb1fd153ded656033d7bd3533,60.16075,24.95883,00000000f1124bca,18.79
17701,2019-08-04T12:41:38Z,992f6feda52c82ad67e40af55b5602bb22411020701998c6bd65faed,60.16762,24.95415,000000006b44cce7,13.75
17702,2019-08-04T12:41:38Z,99334da99912e6d4b516e02432e7f88db5a5b87f635722bc3a8b38a6,60.14699,24.922,00000000a53ed894,12.69
17703,2019-08-04T12:41:38Z,994b630283c750a0b697359e32c4bd06d5b4a32d2edb6c12cce42b32,60.16829,24.94214,00000000afef4555,11.7
17704,2019-08-04T12:41:38Z,99753600aa90a43c336153dd03985a2996b7bc6052086f503020518c,60.14699,24.922,00000000a53ed894,12.69
17705,2019-08-04T12:41:38Z,9a9db814dfa74ca2c2d51496299715310e81c6e6525cc9d2cb0762eb,60.16897,24.95222,00000000aa852af1,12.69
17706,2019-08-04T12:41:38Z,9acffb3f8b8720e2de83c8cfd41915d268d5eca34e0bd280eed3e6f4,60.16897,24.95222,00000000aa852af1,16.1
17707,2019-08-04T12:41:38Z,9bad872c31c8c5e53f064b5367350b41271d45ca8a9e508136622800,60.16897,24.95222,00000000aa852af1,5.41
17708,2019-08-04T12:41:38Z,9e3d4a4b1acd94d2896cd7cf56419110f06ea96faae37aadebd4ec77,60.14947,24.91438,000000004ef3150d,8.38
17709,2019-08-04T12:41:38Z,9ff13c715073d5ad9c464cb67b6de3f703435cf389c32cce5626dfe1,60.149,24.9843,00000000fffb8cf0,18.79
17710,2019-08-04T12:41:38Z,a01600f5f4b5b85b69f18ba26359d644be241dcec94c0cc3fb136d73,60.16762,24.95415,000000006b44cce7,23.56
17711,2019-08-04T12:41:38Z,a22736c5d66f417bc6b745f51492549dc2e5a3c766f5e7e23f183b41,60.14947,24.91438,000000004ef3150d,4.94
17712,2019-08-04T12:41:38Z,a2e771418a36fc43aa9719d034aa9e3a7a751c5123e4bd33cc2aeea7,60.16531,24.9442,00000000fdda10fe,31.5
17713,2019-08-04T12:41:38Z,a38a21a97a054541f0423f03758c70227116c05254958373e3e93ad0,60.14947,24.91438,000000004ef3150d,4.5
17714,2019-08-04T12:41:38Z,a3d228482bfdd3dbdfaee1ff72b6ac00c2ee8c05e949047ce9117783,60.14699,24.922,00000000a53ed894,5.41
17715,2019-08-04T12:41:38Z,a41e158d772eaf06a23fe6c476419f78fae156bf286c7e56e79cea64,60.14699,24.922,00000000a53ed894,9.92
17716,2019-08-04T12:41:38Z,a422a30ec1eb058c7930e1352297c161639faa5b3ca5f5fa47c4adb3,60.14947,24.91438,000000004ef3150d,5.91
17717,2019-08-04T12:41:38Z,a4f416ec0941bb365e3665d7fd224fad15d74225e8ce9f6dd6368bc7,60.17065,24.93641,000000000f4919c9,13.75
17718,2019-08-04T12:41:38Z,a6f944078dd26796f5a849ccb6fdf8a4436f913cf3302597c846462d,60.16762,24.95415,000000006b44cce7,5.41
17719,2019-08-04T12:41:38Z,a7472d1b63171c047444981df223670390009e3ea502132d9963e9fb,60.14947,24.91438,000000004ef3150d,7.69
17720,2019-08-04T12:41:38Z,a794d97e26d3678bb11b4364880414bb7bfac4bb49d1867b37b489f7,60.14947,24.91438,000000004ef3150d,9.92
17721,2019-08-04T12:41:38Z,a7a7f84e910c87d01420156efca1675f2f263a8f7f1212bb161e73f3,60.14951,24.92138,0000000006dd41f6,23.56
17722,2019-08-04T12:41:38Z,a88c6bae85183bcf7a25dcbc1fe64128df64a49ded7074a0f51a1f5c,60.14699,24.922,00000000a53ed894,23.56
17723,2019-08-04T12:41:38Z,a8bd45406d5913e098652d4c2d836339758e08d21bf5d88becabdd36,60.14947,24.91438,000000004ef3150d,4.11
17724,2019-08-04T12:41:38Z,a8df2631c2442628608c1f0352c896eb532a6ca08c85de2c77360aa8,60.14947,24.91438,000000004ef3150d,4.5
17725,2019-08-04T12:41:38Z,a8fffb1bf2cf3b58cca0395d98ab3763c45771fed32527f2dedb644b,60.149,24.9843,00000000fffb8cf0,31.5
17726,2019-08-04T12:41:38Z,a9dfc9065260957b1eb8dc3b11b793f73f7940fa5cb61acb16a260e2,60.16897,24.95222,00000000aa852af1,27.28
17727,2019-08-04T12:41:38Z,aa5773b59ce2bf1eee53e4e77cd3c261465d2ea538c9a85b8de30cd8,60.14947,24.91438,000000004ef3150d,11.7
17728,2019-08-04T12:41:38Z,ac93ac0788af8e1b0f20fada4f15ca1ad31f4084b133482d8211571d,60.14699,24.922,00000000a53ed894,11.7
17729,2019-08-04T12:41:38Z,acdcc8ae1d1c6bb055dfc108154eae58b4b894f0ce1ff174c1065c7e,60.16762,24.95415,000000006b44cce7,5.91
17730,2019-08-04T12:41:38Z,acf2ca75fc89f696e4c4e66a3328bbd0d7e9245a7e0a24d94db9db8c,60.16629,24.95957,00000000fb7600be,25.36
17731,2019-08-04T12:41:38Z,ad8af809ed47a3391bb53d11da159b3a8b0ddc264d94c049ce72bda0,60.17065,24.93641,000000000f4919c9,0.5
17732,2019-08-04T12:41:38Z,ae87b8dd8920695bc9e599874667205991c04e30666d8523f0be4350,60.14947,24.91438,000000004ef3150d,5.41
17733,2019-08-04T12:41:38Z,aec4b11f0b1ec075878ca4a3b94da464f6fc96e330b913d5bfd346b0,60.16897,24.95222,00000000aa852af1,9.12
17734,2019-08-04T12:41:38Z,af8d59ebae9a22f7ba004eab4dcac2f4560a935bf6a7f9e2ffc0d0af,60.14947,24.91438,000000004ef3150d,21.87
17735,2019-08-04T12:41:38Z,b06c7ebb0cc7182279f47fe99da297fb7bda883549cb7bbc05dff36f,60.16829,24.94214,00000000afef4555,25.36
17736,2019-08-04T12:41:38Z,b12b27061f30d5659794f14cbed5e4726c5af1ef526611d3b2dded29,60.14947,24.91438,000000004ef3150d,9.92
17737,2019-08-04T12:41:38Z,b26a9be85f5fd17ea58397762fa55db3c8f68fb709d586d61527c892,60.16829,24.94214,00000000afef4555,4.94
17738,2019-08-04T12:41:38Z,b27b090bd1bd9828dcb6ddbd0a1394e4aa097974747dff90ba0eff71,60.16897,24.95222,00000000aa852af1,16.1
17739,2019-08-04T12:41:38Z,b2a01c2a06c3cf1a48333e58e787d9eaf2f975a738c02878220d7774,60.16829,24.94214,00000000afef4555,18.79
17740,2019-08-04T12:41:38Z,b3e9da5a37ed8ed450753cb7443e607ed1de2af685bad5be61b3e91c,60.16075,24.95883,00000000f1124bca,9.12
17741,2019-08-04T12:41:38Z,b41cc64d7ab4e16a03573bdc3b5863c4b402ec66c7780c7900c02877,60.16829,24.94214,00000000afef4555,20.28
17742,2019-08-04T12:41:38Z,b523d3f8341906e4b3877ff7d9614b4e10d6bbf10afdcc6c53656c8f,60.17065,24.93641,000000000f4919c9,21.87
17743,2019-08-04T12:41:38Z,b5e3abaccf4a03480985d25eb9fbf454c87f7ad06c38c8bdeb0819fa,60.14699,24.922,00000000a53ed894,12.69
17744,2019-08-04T12:41:38Z,b7039958be9f53a3eaed97f705a1974815f52f25226e920155397bec,60.16075,24.95883,00000000f1124bca,12.69
17745,2019-08-04T12:41:38Z,b8201571cb5ac01b7db7af4fba6c7ff58336a3f03d0fe13edf985c41,60.173,24.92524,0000000096918cfa,13.75
17746,2019-08-04T12:41:38Z,b874348f78678c08b0a30b3baaa93532cbbf474afb71fb1de1d86978,60.17002,24.94407,000000006b087f40,27.28
17747,2019-08-04T12:41:38Z,b92c7fb1d77c3f326d59dbe2689bb5b8ff10fcd691f28b36aa98408c,60.17002,24.94407,000000006b087f40,18.79
17748,2019-08-04T12:41:38Z,bb0193f2b0ac4801fe82ed5cec75e687465d707d92e731047f81650f,60.1538,24.95595,0000000038bf9618,3.4
17749,2019-08-04T12:41:38Z,bbe7947ea50de5986f237ccab5782ddb55c199ad6a81e8f692670d0c,60.16829,24.94214,00000000afef4555,9.12
17750,2019-08-04T12:41:38Z,bbf8cd606b9732370f1c0ae0e68d6d0663a23102d831dd10c0e74819,60.16897,24.95222,00000000aa852af1,27.28
17751,2019-08-04T12:41:38Z,bc07df8cc395f6f4f5d483b2233caca5f93a6918f346e4cc3702f8cc,60.16531,24.9442,00000000fdda10fe,12.69
17752,2019-08-04T12:41:38Z,bc3861c61a46fbf78a7423712f1a528cf9f8332531271933056c233f,60.16829,24.94214,00000000afef4555,3.09
17753,2019-08-04T12:41:38Z,bcf688ec2e666179e52a495a8304dd7aaaf4acad52788a0929b287a2,60.14699,24.922,00000000a53ed894,23.56
17754,2019-08-04T12:41:38Z,bd055b33f37a0f4211ef88e2ac4d20e5a0620250bc6133d5ccbda839,60.14699,24.922,00000000a53ed894,12.69
17755,2019-08-04T12:41:38Z,bd33b7ad8d89c8c1958de09b4900b5ebc62ed61b9decf094268b04d0,60.16762,24.95415,000000006b44cce7,16.1
17756,2019-08-04T12:41:38Z,bebf1edb9736fe66391376c4cf2a3033ab9fa83ae21f86b66392e2d0,60.16762,24.95415,000000006b44cce7,9.92
17757,2019-08-04T12:41:38Z,bef86aee891e6813146b3b9679809c39591429ebddf99a44cc9a60ed,60.14951,24.92138,0000000006dd41f6,17.4
17758,2019-08-04T12:41:38Z,bf2e5725b255e320f1e8375ec03f55194f1fd9f751be9629d873a5c8,60.14699,24.922,00000000a53ed894,4.5
17759,2019-08-04T12:41:38Z,bf992d3cd95a73f02d7223eaffe90a94e3e1e98a8c6759bab631b5b0,60.14947,24.91438,000000004ef3150d,18.79
17760,2019-08-04T12:41:38Z,c0722f63618f97eb8ec4afac1a8538b81a3c87e623d753ad1201bf7c,60.16075,24.95883,00000000f1124bca,8.38
17761,2019-08-04T12:41:38Z,c0872968c54204234fb9792b4e0d997b0ea5882f431eda70bb244e3a,60.14699,24.922,00000000a53ed894,13.75
17762,2019-08-04T12:41:38Z,c22d0093a8d103f59838ad43218fa834e328847e5094bcb2e98d5307,60.16829,24.94214,00000000afef4555,10.78
17763,2019-08-04T12:41:38Z,c25db2e7a7b685e41480c3c47352c0ed5e57e4cb99af3ff5b5a611d7,60.16829,24.94214,00000000afef4555,21.87
17764,2019-08-04T12:41:38Z,c261834e6d2c1bd9adddb82d8c6ce2d8aad82a89e32da62f3fcc6063,60.16075,24.95883,00000000f1124bca,9.12
17765,2019-08-04T12:41:38Z,c2cc1b6c0c0d4fc16a65430d50430a6931aa2801399b5a6efa9c1a9b,60.14699,24.922,00000000a53ed894,14.89
17766,2019-08-04T12:41:38Z,c2df6019d8d482b8e842c4255041699db5564f71198829142be74c80,60.16762,24.95415,000000006b44cce7,16.1
17767,2019-08-04T12:41:38Z,c3030757d75278e7f315041b72e191553e7f0e64db02c9da19a42dc4,60.16762,24.95415,000000006b44cce7,20.28
17768,2019-08-04T12:41:38Z,c36d58ed0e0dddb3e26be1214e369db1c3fa3d4bcf8b53536a25239b,60.17065,24.93641,000000000f4919c9,4.94
17769,2019-08-04T12:41:38Z,c3be6dcc2c0542676c20d28ce38adbe2c0b9be09caa3f22e60210636,60.16075,24.95883,00000000f1124bca,5.41
17770,2019-08-04T12:41:38Z,c493415e869d6e6304841784a120f994272b83557256b43e44e4f3e0,60.14699,24.922,00000000a53ed894,9.12
17771,2019-08-04T12:41:38Z,c633a260ce59bad4e1ca42f12936ed8ae57a40f5e6528dfb70052c43,60.16897,24.95222,00000000aa852af1,9.12
17772,2019-08-04T12:41:38Z,c905a50dedd9b3d2114cde9160b7adf83adc09683b65598ce24c4047,60.1538,24.95595,0000000038bf9618,21.87
17773,2019-08-04T12:41:38Z,c9822d9c012b25f745a2934c523f3c9e6db75fbe3f5e673475813381,60.15432,24.9211,0000000019fb59c4,23.56
17774,2019-08-04T12:41:38Z,ca507a06be040b3e520339b63d5bd15463a1862124c4bd940d936e4a,60.16762,24.95415,000000006b44cce7,16.1
17775,2019-08-04T12:41:38Z,cb3f05d5604f5532e039e6d40514b13aba8f6274d952bb17a8b801fc,60.15432,24.9211,0000000019fb59c4,17.4
17776,2019-08-04T12:41:38Z,cbc336691f17a9c508549e03d522166247a0cd0a944321c1a7d15525,60.14699,24.922,00000000a53ed894,6.46
17777,2019-08-04T12:41:38Z,cc2cf42c6b14536fb92c810ff0e3dd5a3caa74236f14246a5b6e8cdc,60.16762,24.95415,000000006b44cce7,8.38
17778,2019-08-04T12:41:38Z,cc453ceb886eb5496be24270494c14dbef86956ac7f88b70b10133e3,60.16629,24.95957,00000000fb7600be,27.28
17779,2019-08-04T12:41:38Z,cce6b6f309e43e2bb1be6a9784582a82891e976d0869d01040586d27,60.14947,24.91438,000000004ef3150d,9.92
17780,2019-08-04T12:41:38Z,cd3e127e27387b6e06cdf27f46fb6046e4182e4d7b49b49c17167c1c,60.14947,24.91438,000000004ef3150d,11.7
17781,2019-08-04T12:41:38Z,cd4ecd3b83630f6e5d65f635804e47a1ceb82853aac36af30044f06a,60.149,24.9843,00000000fffb8cf0,21.87
17782,2019-08-04T12:41:38Z,cd62fc5a92bd89f24a6e3d736d5511bf872859d762723b92f2092abc,60.16829,24.94214,00000000afef4555,18.79
17783,2019-08-04T12:41:38Z,cd9b2be9ffb37c8b7c5c25f587c95b1c7932a21fb245487ea2f740d9,60.14699,24.922,00000000a53ed894,16.1
17784,2019-08-04T12:41:38Z,ceb777dafa9b7e39125b89735b7f0cf22c3018eb0196043ac8160370,60.14699,24.922,00000000a53ed894,7.69
17785,2019-08-04T12:41:38Z,ced0425d382ce86b7565a8b7b36a453a0880a08ba10090524e6c1ac5,60.14699,24.922,00000000a53ed894,23.56
17786,2019-08-04T12:41:38Z,cef1d06a10cfa08bcaef8b36535c2ec32c756a76cc0d5c2a1246f933,60.14699,24.922,00000000a53ed894,6.46
17787,2019-08-04T12:41:38Z,cfa42322be0000cf89d8969d1b88ace0ba99cab721dd58d55d41a36e,60.17065,24.93641,000000000f4919c9,20.28
17788,2019-08-04T12:41:38Z,cfc2a688ff31fbb1baac8790fb6d56dc7746ba2cf9e0e5f39d4751a4,60.14699,24.922,00000000a53ed894,6.46
17789,2019-08-04T12:41:38Z,d098b9b5b30c5fcd4ae8a2b8bc761df72829713d3ae919634876d349,60.14699,24.922,00000000a53ed894,7.05
17790,2019-08-04T12:41:38Z,d0aa228c2a3e6e1568e876cffc76874702e0f0f63f18533551bf02c1,60.16075,24.95883,00000000f1124bca,20.28
17791,2019-08-04T12:41:38Z,d12f9e6275869a74f979eac17b326dfe329bbd78b8732fc998b5f132,60.14699,24.922,00000000a53ed894,14.89
17792,2019-08-04T12:41:38Z,d1494ea9019ebe27ab1e0e4d26f4f307c19720a0d8851bc848d80cab,60.1538,24.95595,0000000038bf9618,36.27
17793,2019-08-04T12:41:38Z,d1e3b42846da964eb43395a0c02d5cccd930d1a09090f9d668f1ebd9,60.16829,24.94214,00000000afef4555,11.7
17794,2019-08-04T12:41:38Z,d38e88e5b926f9d1de6e326cca45116fcca11f10684c80876739c6cd,60.16075,24.95883,00000000f1124bca,8.38
17795,2019-08-04T12:41:38Z,d5690433f1f0d0855704a06520cd197dac8c6c1293aa376af6854128,60.16897,24.95222,00000000aa852af1,29.32
17796,2019-08-04T12:41:38Z,d75c412090c347ad7fca9287bcc4eb9bfb757dc7c1725109861dd93e,60.16629,24.95957,00000000fb7600be,9.92
17797,2019-08-04T12:41:38Z,d87210146aab139cc6640a20b428dce6ac516806a71a177b70e04f62,60.17065,24.93641,000000000f4919c9,10.78
17798,2019-08-04T12:41:38Z,d8e7e8b511d1123d1389cf08abbfa54b2b38e1824598b88008356c33,60.16897,24.95222,00000000aa852af1,18.79
17799,2019-08-04T12:41:38Z,da0c40291d3ace2273a08e3c9b87cbc15b0f03d0dba61e7c5a88dc0c,60.15432,24.9211,0000000019fb59c4,18.79
17800,2019-08-04T12:41:38Z,da667dfa2d8a272a7398e186de027fabd2052052c0aad767a1c7d966,60.16897,24.95222,00000000aa852af1,16.1
17801,2019-08-04T12:41:38Z,daac051ca20430238282e179e0fe525b11ff1e8f1ace26d45b41f331,60.14947,24.91438,000000004ef3150d,7.05
17802,2019-08-04T12:41:38Z,dbf9f0495974591badcee3fcfc1b5eb718b26de86aaf486c351ad084,60.14947,24.91438,000000004ef3150d,20.28
17803,2019-08-04T12:41:38Z,dc15145376f4a497910c8d2231d671bf62f1918ad93938a48fdc3eb4,60.149,24.9843,00000000fffb8cf0,31.5
17804,2019-08-04T12:41:38Z,dcec4c4fb70c5f7dd0f408b6499f8c5ab0c2e9ff2b6d0fb082eba391,60.16075,24.95883,00000000f1124bca,16.1
17805,2019-08-04T12:41:38Z,ddc8410b9e4ece4b995b789f95e526693bac176ed77092ba57355dc8,60.16762,24.95415,000000006b44cce7,1.88
17806,2019-08-04T12:41:38Z,de09fd8d15c3d7adbf440a3d0a418a3b476513c968bda8a4aa652adf,60.173,24.92524,0000000096918cfa,17.4
17807,2019-08-04T12:41:38Z,de0d086ae32f87522eab31d3bc52545ed17b065889674963c0709568,60.16829,24.94214,00000000afef4555,8.38
17808,2019-08-04T12:41:38Z,de3fe5f63e74a582e06c8cb02e6128d6013827015ba3e2fe93082977,60.17002,24.94407,000000006b087f40,27.28
17809,2019-08-04T12:41:38Z,de84f754a3916c8f831b0bb8ea41fc2a42cdea2794558fece3c7ae97,60.1538,24.95595,0000000038bf9618,21.87
17810,2019-08-04T12:41:38Z,e0df847c19b463dec6cea35494d375ce136a276c6a785936c931f60f,60.18203,24.91341,00000000342570c2,23.56
17811,2019-08-04T12:41:38Z,e0e938d5ab6fe3b13270163cd8a4e531dfae4b24ff98ab7e4277114c,60.14947,24.91438,000000004ef3150d,13.75
17812,2019-08-04T12:41:38Z,e0ff1e75104c5dfa3549647c238569888e353e1322256a5c6979de0b,60.14699,24.922,00000000a53ed894,6.46
17813,2019-08-04T12:41:38Z,e1322e5118885f9bd50f4b2f8c4fd6d329ced295738b9983ef61b1c8,60.1538,24.95595,0000000038bf9618,21.87
17814,2019-08-04T12:41:38Z,e1a443e10353da64728464e8a720aaf22a62b80d404f1acae1a1c6ee,60.1538,24.95595,0000000038bf9618,25.36
17815,2019-08-04T12:41:38Z,e2ad7d478fd698beae83366f49585d9825bec4865c1610162f3108c2,60.16897,24.95222,00000000aa852af1,33.81
17816,2019-08-04T12:41:38Z,e341e5e3e0b4fef8c3764508293310da5922b202d791694e43069ad1,60.16544,24.95398,0000000038d83d41,25.36
17817,2019-08-04T12:41:38Z,e34bcebfa007159f3d2adb0e62e20fcf721a221f52bdfe2a6ad77831,60.18203,24.91341,00000000342570c2,29.32
17818,2019-08-04T12:41:38Z,e35717ff07f32be5a2e1520f1855533f8dcc72cff7930c9cba9da32b,60.14947,24.91438,000000004ef3150d,12.69
17819,2019-08-04T12:41:38Z,e3c03ee00a1bcd066f8b260cc5b9824d1118b7b7f972a818752aabc7,60.14947,24.91438,000000004ef3150d,20.28
17820,2019-08-04T12:41:38Z,e40a26f3f7468f4ac2302b45f1ed9aab7fea245ccf81d0c08072c881,60.16829,24.94214,00000000afef4555,13.75
17821,2019-08-04T12:41:38Z,e447e76c7b53157c11d5bfeb172c27332c81b5ec7f263badf5507888,60.149,24.9843,00000000fffb8cf0,14.89
17822,2019-08-04T12:41:38Z,e621e7131322cca25ac9c09fde26ef4c94d2ba83c5679134b2bcf63d,60.16762,24.95415,000000006b44cce7,20.28
17823,2019-08-04T12:41:38Z,e6f7965f2ef456f61121bcce5e466f125192e511c2af72d901307e8e,60.16762,24.95415,000000006b44cce7,11.7
17824,2019-08-04T12:41:38Z,e7cd5f775c7eea951719f351fcc25c710f857832d6f4b70a51b7b82d,60.16897,24.95222,00000000aa852af1,9.12
17825,2019-08-04T12:41:38Z,e826dedac8582e619ce18cd7eed68be5ee1fc9ed37e191e06f916835,60.14947,24.91438,000000004ef3150d,12.69
17826,2019-08-04T12:41:38Z,e9115410fa45db5a174eee008cae729dc69937a0e0b5a304899bf1b9,60.17065,24.93641,000000000f4919c9,21.87
17827,2019-08-04T12:41:38Z,e92eb020afcd7c1fad04690230ff8c2f005e404dd25b8dced1df30dd,60.16075,24.95883,00000000f1124bca,11.7
17828,2019-08-04T12:41:38Z,e9e19621fc5cfcfed2c808bbadc6cc6dd31e28d3c04cef8b89ca2729,60.16075,24.95883,00000000f1124bca,9.92
17829,2019-08-04T12:41:38Z,eaa9924da1e700147607d5145e2b55b48b65deea922ee2e59bd1d5a7,60.173,24.92524,0000000096918cfa,31.5
17830,2019-08-04T12:41:38Z,eb2b33f9220768c2cc8b0c8294ca9c9c7992595adf0a92b228a456da,60.16897,24.95222,00000000aa852af1,21.87
17831,2019-08-04T12:41:38Z,eb6541383f8b12fc5476e5e2bc406933edfd211f49a1bbb93f323fa0,60.14699,24.922,00000000a53ed894,14.89
17832,2019-08-04T12:41:38Z,eb79d6eb71f039f7008c9c4ea2f36d37f03bf60bddc7867e8b337254,60.16762,24.95415,000000006b44cce7,21.87
17833,2019-08-04T12:41:38Z,ec424a10bcefb6e69c2eabf42534f06e7a10aa0cfb28f6478052cade,60.14699,24.922,00000000a53ed894,7.69
17834,2019-08-04T12:41:38Z,ef352dcaa8317b6a3c0a02cd8908dd13da5601cc66ba65c5fd8d031a,60.14947,24.91438,000000004ef3150d,5.91
17835,2019-08-04T12:41:38Z,ef77b04fc57a9781bf581172358ba74cf41e0b2a6ecc8090f99810bf,60.14699,24.922,00000000a53ed894,18.79
17836,2019-08-04T12:41:38Z,efb34de795db6f264e3952a38caeeb1f9639190c609e5af11b12cf58,60.15133,24.92329,00000000e8a064a4,23.56
17837,2019-08-04T12:41:38Z,efe8b6c6fdf0d2caccd589aaaa4f0228a80590ff9ec7961f2e92103d,60.16762,24.95415,000000006b44cce7,10.78
17838,2019-08-04T12:41:38Z,eff99f303ba37ed36542008434b2d20e50155593bb9fc7bc1dcc4bf3,60.16075,24.95883,00000000f1124bca,9.12
17839,2019-08-04T12:41:38Z,f04b198f2f3331022f4a89ef2c2d12283e9c1c03a6c64a1dcb6e76cc,60.173,24.92524,0000000096918cfa,14.89
17840,2019-08-04T12:41:38Z,f062cb52d49926a4fb39f723275ed60ab6c0f3bf34e0c3f9d233b7b8,60.14947,24.91438,000000004ef3150d,6.46
17841,2019-08-04T12:41:38Z,f15b72a3aad411d2f8a70b41c4f62ad2d744d064d42ec00c71a18ac5,60.16762,24.95415,000000006b44cce7,13.75
17842,2019-08-04T12:41:38Z,f1e73fa6dab8e8a2db6d7515f601fac161f17c34beb84aa55e812a9e,60.16762,24.95415,000000006b44cce7,9.12
17843,2019-08-04T12:41:38Z,f1eb1b22a5e01064a1829b325d256218c68bc9134f03a3f09f3e2566,60.16829,24.94214,00000000afef4555,16.1
17844,2019-08-04T12:41:38Z,f20f951802c722181f0e90095001c49e73f84049bb105b95c97049d1,60.17918,24.95141,00000000675d5200,23.56
17845,2019-08-04T12:41:38Z,f2deba4ef84dbbc8c5d8524f6e2311183003bce4f9bfa6aef5b5ef66,60.14947,24.91438,000000004ef3150d,6.46
17846,2019-08-04T12:41:38Z,f2e063c8c25a8bec0dd6ec3924a5f59fd9694078f2f3fd5b3ea96f29,60.16762,24.95415,000000006b44cce7,14.89
17847,2019-08-04T12:41:38Z,f366283765028e1454f3cfc564b9f220c9d700bfa8a843746eca3141,60.16897,24.95222,00000000aa852af1,18.79
17848,2019-08-04T12:41:38Z,f39827c3c7f4c833d1118043492f78e3255b6da9f4a2c000041d9b61,60.16829,24.94214,00000000afef4555,0.84
17849,2019-08-04T12:41:38Z,f3ec2366b51157150674e5ab6293bdb19e0b30ca4296fee4c97b811c,60.14699,24.922,00000000a53ed894,7.69
17850,2019-08-04T12:41:38Z,f7f0caf73572bea3c08b592eeb9655b2668cfb16fd8840ca5619d84a,60.14699,24.922,00000000a53ed894,2.54
17851,2019-08-04T12:41:38Z,f81439a39740937c6cba523d5ebca87b52d69ff29fb449cf42ade4d6,60.14699,24.922,00000000a53ed894,13.75
17852,2019-08-04T12:41:38Z,f847ec4111b37a677f1bd2577f778f653309f7b486974fefcf5eb8c9,60.1538,24.95595,0000000038bf9618,29.32
17853,2019-08-04T12:41:38Z,fa96854324adae88abb35afa34b2393a20338bfd8fc9602d3ce6ae8d,60.14947,24.91438,000000004ef3150d,3.09
17854,2019-08-04T12:41:38Z,fadc39da3cd26ac621092fbbff224b95bb13446c8d24bbf4f3e50e90,60.14947,24.91438,000000004ef3150d,4.5
17855,2019-08-04T12:41:38Z,fc618d570293e104f3bf927312641e3b7c65acce185b1614337d848c,60.16829,24.94214,00000000afef4555,16.1
17856,2019-08-04T12:41:38Z,fce50ac3cfd2f3b7a897f6575eeda4e45ab42e5b9b5351be836cc0de,60.16897,24.95222,00000000aa852af1,27.28
17857,2019-08-04T12:41:38Z,fe5ca86c906b1cb3bf9dd257ceefc562e41da499878f1074484f7d42,60.14947,24.91438,000000004ef3150d,12.69
17858,2019-08-04T12:41:38Z,feb399897846bc34dc3f4b06ac4ef0ffb0db885977b88e5c5fdb7350,60.14699,24.922,00000000a53ed894,7.05
17859,2019-08-04T12:41:38Z,ff4f3e0f964f23b97e88626f7a506bb4409718931712c58ce0f247af,60.16762,24.95415,000000006b44cce7,7.69
17860,2019-08-04T12:41:38Z,ff8280896145ae17e594c52eac2cdbab47d3757d797878fbc4298596,60.1538,24.95595,0000000038bf9618,20.28
17861,2019-08-04T12:41:38Z,ff8d5b9e61bd912b13b664db8ef2919e1f515ca3b20ae67f532a5c8a,60.16762,24.95415,000000006b44cce7,13.75
17862,2019-08-04T12:41:39Z,07d86ad98399440d0cc3bd3382a7256feb971e49a3686dc17f532e1c,60.16829,24.94214,00000000afef4555,14.89
17863,2019-08-04T12:41:39Z,14c7e1511b70f4dd3359cbece1377aebb4d70531f5489eefe53d7c3c,60.16544,24.95398,0000000038d83d41,21.87
17864,2019-08-04T12:41:39Z,1599d2c9070a6f05e1a5887c2d9209214c04818c6203fe75440734f2,60.1538,24.95595,0000000038bf9618,27.28
17865,2019-08-04T12:41:39Z,211f6b7b044343d0be369791b3fa3c144d0d0f391e2a42787712efb0,60.16448,24.97323,0000000053c6c2be,13.75
17866,2019-08-04T12:41:39Z,2350e9b04a733edca530466fd60d704e4de146d81df0066a1767556b,60.149,24.9843,00000000fffb8cf0,23.56
17867,2019-08-04T12:41:39Z,25a7ff811c3c06e426c7c2cbb0433d9a2a3399b23afecbd35584ab0f,60.18203,24.91341,00000000342570c2,14.89
17868,2019-08-04T12:41:39Z,2603b5aecd8f219a410e558446935308ecabb09a6c9e5b38533728ff,60.16829,24.94214,00000000afef4555,17.4
17869,2019-08-04T12:41:39Z,2d3d031189abfaea69cd551a97b2b2d056a908f19bc56701010a2304,60.16897,24.95222,00000000aa852af1,17.4
17870,2019-08-04T12:41:39Z,315af4a829b592ba99b203b8ed2cbd499769f8752dfe6de7da4ee929,60.16829,24.94214,00000000afef4555,14.89
17871,2019-08-04T12:41:39Z,3944bc7a301be7241d1f7bc4a97f221000d535ce3d8a9af9af9b23b5,60.16531,24.9442,00000000fdda10fe,25.36
17872,2019-08-04T12:41:39Z,3b5cafe90982db26cf737b2e4cd4275276f6a031bca3b2a1f73023b2,60.14699,24.922,00000000a53ed894,11.7
17873,2019-08-04T12:41:39Z,3fe5f4ccfa5c777ceafda0674d7c9da6f509f6694b4c2fa254b32e73,60.16897,24.95222,00000000aa852af1,25.36
17874,2019-08-04T12:41:39Z,44d0b94469070803869f229601e877beb613c3f5aafa009addf97a1a,60.16544,24.95398,0000000038d83d41,17.4
17875,2019-08-04T12:41:39Z,4a1efc9faf9548fe0ed72037d54a131265a72e61fdfc2009a4e9408a,60.16075,24.95883,00000000f1124bca,18.79
17876,2019-08-04T12:41:39Z,5d65719c4cbf045f068d084b72302f447d5fd034413d97d13be00d0e,60.18203,24.91341,00000000342570c2,18.79
17877,2019-08-04T12:41:39Z,5fecff186138a9b3e31c6086c33dcd5f1d209e64f0afeed7c688cab0,60.16897,24.95222,00000000aa852af1,11.7
17878,2019-08-04T12:41:39Z,653a92a7828f2c43bc74899753f872e8b93c30b6fb419b651a94bbc1,60.16897,24.95222,00000000aa852af1,20.28
17879,2019-08-04T12:41:39Z,69219e9efa41ae9e732653e9eaf08e1a34cb853a9dafe76ddeea4d04,60.16897,24.95222,00000000aa852af1,16.1
17880,2019-08-04T12:41:39Z,6a70e2fbced719333e21eff04fcb9cb36bae9a04d1a3d6ddd96f2c58,60.15432,24.9211,0000000019fb59c4,9.12
17881,2019-08-04T12:41:39Z,6c1aaf8f7e848546d8ec5d4d5168e3e69d98c353d3ba63819f69d28c,60.16629,24.95957,00000000fb7600be,36.27
17882,2019-08-04T12:41:39Z,6f06341f358e61699fe1e55e986dd0554bc8da28b91daf0c5ad99db6,60.16629,24.95957,00000000fb7600be,23.56
17883,2019-08-04T12:41:39Z,70d8572458a1a103555bab897b6443e601e0ed211414b15ad0b56f60,60.16544,24.95398,0000000038d83d41,25.36
17884,2019-08-04T12:41:39Z,737efc92e3419e9d96a8559ec341ea7e18ba6381fd8e4de3d06f82a0,60.14699,24.922,00000000a53ed894,18.79
17885,2019-08-04T12:41:39Z,7678cdb86d454ca9ae52f22d97e635106585a3a046d01da4463695cc,60.18203,24.91341,00000000342570c2,21.87
17886,2019-08-04T12:41:39Z,85ef35aecf2ff804be3d958b592705ec41c6df9c128c132c65bb283d,60.16897,24.95222,00000000aa852af1,29.32
17887,2019-08-04T12:41:39Z,87dfaad29a9276ddddb1fa021d3bc23ad14824c1af16f7d87e713689,60.14951,24.92138,0000000006dd41f6,12.69
17888,2019-08-04T12:41:39Z,88808fe92573e9cdf022cc15b9689b6b4b9429f60513c8897b0ba4c7,60.16897,24.95222,00000000aa852af1,14.89
17889,2019-08-04T12:41:39Z,89982a6acf91b79a282a6b63978e946ee205f303fcd20e944e06baf0,60.16544,24.95398,0000000038d83d41,29.32
17890,2019-08-04T12:41:39Z,8c3b1ed0846e38cc84b863a80540c8a75bfd85c8bdda36563d153110,60.16544,24.95398,0000000038d83d41,21.87
17891,2019-08-04T12:41:39Z,8c75c3289c84fe4493e1e272a77b615fe1985880c5dc68a7c1a17b53,60.16762,24.95415,000000006b44cce7,12.69
17892,2019-08-04T12:41:39Z,94c5a69a5ae6e9407c3fa9a6919d99beb3558dd4e6750eb480ddc36f,60.16829,24.94214,00000000afef4555,10.78
17893,2019-08-04T12:41:39Z,9843c6216661048343a0e49cf3d8aa2883cf77f452666a1c873a1052,60.16448,24.97323,0000000053c6c2be,12.69
17894,2019-08-04T12:41:39Z,9fc0711d7e7722eff7faa0cb6f17846680c06515c1eb93dd49ebcf25,60.14699,24.922,00000000a53ed894,14.89
17895,2019-08-04T12:41:39Z,a8f8130135c784b027355228017bbfe99e5a6eecec153d44b78bedd3,60.16829,24.94214,00000000afef4555,23.56
17896,2019-08-04T12:41:39Z,acd2647d413f41552b31b6e383da445c8902bc2a764d2b7791a7b164,60.16762,24.95415,000000006b44cce7,11.7
17897,2019-08-04T12:41:39Z,b6768ae226a93bce23852414e20866c7413513d067579c03ea883dfa,60.17065,24.93641,000000000f4919c9,20.28
17898,2019-08-04T12:41:39Z,bcb0201b0a1edf350ae2f681076e7d2d48ebd94c075bd3ca59552020,60.16897,24.95222,00000000aa852af1,20.28
17899,2019-08-04T12:41:39Z,c0cdd4e99cf9447e490b5cbd5e7513df9acfcbabb8bd5117c4731512,60.16075,24.95883,00000000f1124bca,20.28
17900,2019-08-04T12:41:39Z,c175b4269517070a33be84e85a4b8b23c3bb430ff6c31b121ac1603f,60.16762,24.95415,000000006b44cce7,12.69
17901,2019-08-04T12:41:39Z,c40c37def6bf11a63a2556519a7c6233fd417cdeea2cf14f28e7c42c,60.16531,24.9442,00000000fdda10fe,23.56
17902,2019-08-04T12:41:39Z,ca6927628f5ddda20036865c9345ad93d476d62ade3b181de568eed6,60.16897,24.95222,00000000aa852af1,21.87
17903,2019-08-04T12:41:39Z,cf05623e4d87ce0906c0b0b7dbf53aacc1228016cd27c341228b6e76,60.18203,24.91341,00000000342570c2,17.4
17904,2019-08-04T12:41:39Z,ded49640b591e73bff71f84fb99d2739eb6c9554164a015017725e03,60.16829,24.94214,00000000afef4555,21.87
17905,2019-08-04T12:41:39Z,e8690c2d1711bc10f2d1251a3b5b1e770b98c66c384760400c604de1,60.16829,24.94214,00000000afef4555,20.28
17906,2019-08-04T12:41:39Z,e8e366e76c97944e23c0f80b4fd3ce6e5832744922297146a49f0c7e,60.16762,24.95415,000000006b44cce7,10.78
17907,2019-08-04T12:41:39Z,e96bd269a48b822b06141c3362fcb6d5ed4d0d09a120f2e4a712d5c2,60.16897,24.95222,00000000aa852af1,14.89
17908,2019-08-04T12:41:39Z,f088630d7476dae7d4b7e2bb1f10575f2c89acb4b6e061f3d57c2b40,60.16531,24.9442,00000000fdda10fe,23.56
17909,2019-08-04T12:41:39Z,f405a7c4a3a4339f8e3f7e552f6492d6eed76f7d08c54943286213de,60.16762,24.95415,000000006b44cce7,18.79
17910,2019-08-04T12:41:39Z,f6609ab1076b1105bb845595a03b41b8fbb282f79c337df5bbc9f841,60.14699,24.922,00000000a53ed894,18.79
17911,2019-08-04T12:41:39Z,f94dddacf96965952551200a02b41925bcd21402aceafb12f19931af,60.16075,24.95883,00000000f1124bca,14.89
17912,2019-08-04T12:41:39Z,fc4f3a44235f1cfc7b53f14ba2da599976a5a0a220d23b852688e485,60.17919,24.95181,000000007b5207b6,18.79
17913,2019-08-04T12:41:39Z,009ad4cd2bd97e04da44cc9789e6bdbdb899eded61d05b7d5634b7be,60.16829,24.94214,00000000afef4555,6.46
17914,2019-08-04T12:41:39Z,02290ce195d0c1a6f6c472f83372d8b189973a36922259ef2b595ec6,60.16829,24.94214,00000000afef4555,23.56
17915,2019-08-04T12:41:39Z,02978cd5cb7127a718d3d775079ab940a3e81885ce6106495cca5ee4,60.1538,24.95595,0000000038bf9618,20.28
17916,2019-08-04T12:41:39Z,032e5d7621738a50c9e742e0cba13c819f7c67cedf8687f3ab25595c,60.16762,24.95415,000000006b44cce7,16.1
17917,2019-08-04T12:41:39Z,033759f09b97a9347fd7852dbc2bcd3abbb67a792486acad9d185bca,60.16762,24.95415,000000006b44cce7,5.91
17918,2019-08-04T12:41:39Z,036c183505fea646b54aeb0c612913cafba94eca65e47d3c6d840a68,60.17919,24.95181,000000007b5207b6,16.1
17919,2019-08-04T12:41:39Z,0479a26a59d65bf1dee05c06f4227a0ba63a6e9c9a09e7c34f2e06b4,60.14699,24.922,00000000a53ed894,11.7
17920,2019-08-04T12:41:39Z,04b49a34910d12f55243dd5a756c7cc1e506e5d3cdb418cc635e9ad9,60.16762,24.95415,000000006b44cce7,10.78
17921,2019-08-04T12:41:39Z,04b5d29c48edaaf4904a98e412562e3c0d857eb20342cc7c323d4293,60.16762,24.95415,000000006b44cce7,7.05
17922,2019-08-04T12:41:39Z,05d441c83d2df822feaf93d7861452db7a201f22d84cfa36f421dfd2,60.16544,24.95398,0000000038d83d41,14.89
17923,2019-08-04T12:41:39Z,07444c376c2a48ed91a2f5462cab887c00378edb4175ee969deb207e,60.18203,24.91341,00000000342570c2,36.27
17924,2019-08-04T12:41:39Z,0745a2141a9beee786a347d3ee1b071719fd2f4abfeeab7f5248c0ad,60.14699,24.922,00000000a53ed894,13.75
17925,2019-08-04T12:41:39Z,076c28c1895ef1919c11113113c12655c546fc90a00800e5ebec5b56,60.14699,24.922,00000000a53ed894,17.4
17926,2019-08-04T12:41:39Z,07fa093f5dceb6043b0a8c9d8ad01c1bfdfe15d4b3071a26b747ea07,60.14699,24.922,00000000a53ed894,4.5
17927,2019-08-04T12:41:39Z,082bb64252a111bbbb2b4087bd115d2c38ac4660a73c922c72425120,60.16762,24.95415,000000006b44cce7,17.4
17928,2019-08-04T12:41:39Z,0851ab74be2e888decf0046825f09ed302f7b2275e72b09b5b713d85,60.16829,24.94214,00000000afef4555,18.79
17929,2019-08-04T12:41:39Z,0a0acb70a8ef92be52a64d4425e70bb2f7a17d13942c3382c9d68878,60.149,24.9843,00000000fffb8cf0,2.8
17930,2019-08-04T12:41:39Z,0a5616e066b42895361324cfa8abef41d849a55e3e4bed429bab494b,60.16829,24.94214,00000000afef4555,12.69
17931,2019-08-04T12:41:39Z,0a5ed50daf13dd10744537aa851ac7ab1d34d9797ec6ab6e2402aebb,60.16762,24.95415,000000006b44cce7,2.54
17932,2019-08-04T12:41:39Z,0a8eb41acf097f79d7e145d7a002bbaa9f5017b44076ad66b2dbe053,60.16762,24.95415,000000006b44cce7,12.69
17933,2019-08-04T12:41:39Z,0aabf0df4c3c5b45bb8950c92dbe624985f19e8650ed61f92571a65a,60.14699,24.922,00000000a53ed894,4.94
17934,2019-08-04T12:41:39Z,0acbdaddd8a60709fcf87da316025ee82f4e935bc3369dbbad316813,60.16762,24.95415,000000006b44cce7,25.36
17935,2019-08-04T12:41:39Z,0b0dd9af9d52c68ff71ce266d6707abbb0f56c3c63be0f83f7b5df9b,60.16762,24.95415,000000006b44cce7,21.87
17936,2019-08-04T12:41:39Z,0d3525b13d674f1645fdbe6d842fe37b2f416889c5472e9dfcc5445c,60.14947,24.91438,000000004ef3150d,13.75
17937,2019-08-04T12:41:39Z,0d963177e81fa665e49cab41aeba81fdbaa70407a6459fc808467830,60.16829,24.94214,00000000afef4555,23.56
17938,2019-08-04T12:41:39Z,0ef4d4e0ed1d5a16b616f3722210deaa1f3be532439fb707802f70a2,60.16075,24.95883,00000000f1124bca,20.28
17939,2019-08-04T12:41:39Z,10a99e791e27975dc1c9d73d3163cabacf3bd7bd05a4f7abf6365426,60.14699,24.922,00000000a53ed894,12.69
17940,2019-08-04T12:41:39Z,10caaea8002e8b3b342b32710efdd7305ff375ca1cdc01411f66b2f6,60.14699,24.922,00000000a53ed894,3.74
17941,2019-08-04T12:41:39Z,119268a2b328b466959e99158efc17d07641daf2eab0785f813707f9,60.16762,24.95415,000000006b44cce7,11.7
17942,2019-08-04T12:41:39Z,120a63917cb5ab619bf9a71328f14020736ee84e75d5b37278748def,60.16897,24.95222,00000000aa852af1,12.69
17943,2019-08-04T12:41:39Z,124cce476184e061b136f481014a2abc7208d30e4e520ffd90c85adb,60.17002,24.94407,000000006b087f40,14.89
17944,2019-08-04T12:41:39Z,12fb8b4ee43472fe3f49e3ac6791275a4a7d7beec0e3b87fbae1320e,60.16829,24.94214,00000000afef4555,25.36
17945,2019-08-04T12:41:39Z,13bcedb8c59b26417282929d81844b272c7c5bc295614f531219a8e4,60.14947,24.91438,000000004ef3150d,12.69
17946,2019-08-04T12:41:39Z,13ee67fb034e3d24edc9a9618e9d6de24979ebbcb399f83abb02a897,60.14699,24.922,00000000a53ed894,5.41
17947,2019-08-04T12:41:39Z,1423891c6ee1edc7da83904378a35aef2e5797db95b117651d676934,60.16762,24.95415,000000006b44cce7,6.46
17948,2019-08-04T12:41:39Z,1504a2043ecda430936466e17819a78caf95f0c572b6b07009c4d35a,60.16544,24.95398,0000000038d83d41,27.28
17949,2019-08-04T12:41:39Z,1515fbb735095b233eea332bf40cff9995758e9bd0ad60218875554b,60.14699,24.922,00000000a53ed894,16.1
17950,2019-08-04T12:41:39Z,1551f9fdd5a57b17be51babad39f807f04be4d340266c153eb860156,60.15432,24.9211,0000000019fb59c4,12.69
17951,2019-08-04T12:41:39Z,161aa798c2a18e132fb27ecded773218ea4e42eabbd0e5794b1d7017,60.15432,24.9211,0000000019fb59c4,13.75
17952,2019-08-04T12:41:39Z,171a752ceacd35c6e27c36e67da80ba960a246c0977f0bdca139a472,60.14699,24.922,00000000a53ed894,18.79
17953,2019-08-04T12:41:39Z,1769031b7f4d75de0541e26427b9ecc92c84b80992e3b36bb8eb799e,60.16829,24.94214,00000000afef4555,7.69
17954,2019-08-04T12:41:39Z,1882b53729765cca25bc63400074242872d6fbc57882f131285b277f,60.16829,24.94214,00000000afef4555,16.1
17955,2019-08-04T12:41:39Z,1a93dfa31156cee53b4bd527d8b74655a5da812b6933d8a86d871e47,60.14947,24.91438,000000004ef3150d,5.91
17956,2019-08-04T12:41:39Z,1aacd77e1fdbe1544cf1ab29a00642d77ce4a075e388e8a2108aa39b,60.16829,24.94214,00000000afef4555,10.78
17957,2019-08-04T12:41:39Z,1ad0b84716a79851fa8db7a993012f0c8e496d6cba9d028a546285a2,60.16897,24.95222,00000000aa852af1,17.4
17958,2019-08-04T12:41:39Z,1b3fba902b8d1538b508cdc228fd15fdd87f5aecb68e5611b1a4e354,60.16762,24.95415,000000006b44cce7,3.4
17959,2019-08-04T12:41:39Z,1bcef866fafad7c7460a084e0b0d27c087b549f4ae704390708be47e,60.149,24.9843,00000000fffb8cf0,7.05
17960,2019-08-04T12:41:39Z,1c669457535e4635f732c228ec524f9d2c440b0d2132fa1acd93122a,60.16897,24.95222,00000000aa852af1,18.79
17961,2019-08-04T12:41:39Z,1c7ccd5d6570d98e57ef2ebbd716b7504b138f9bb616fbeaa0d1a268,60.14699,24.922,00000000a53ed894,6.46
17962,2019-08-04T12:41:39Z,1d4841b6905c46f3c38f79540bae2a88a4e660692149506c0db9da33,60.15432,24.9211,0000000019fb59c4,27.28
17963,2019-08-04T12:41:39Z,1e24a2120b13c780dbb3a67a73f5058d1847f126fd5f5952e6dddcd3,60.16075,24.95883,00000000f1124bca,17.4
17964,2019-08-04T12:41:39Z,1ec58e626d2335aeeaa7c7d8f715d4334274dbd43448fb62c3901ef6,60.16829,24.94214,00000000afef4555,13.75
17965,2019-08-04T12:41:39Z,1efd3fbd32cdfc27dbc1c02c60e780bfb7d07f0fe1f00c72998f2892,60.16897,24.95222,00000000aa852af1,25.36
17966,2019-08-04T12:41:39Z,1f74037ecab4dbdc5db1a8dc8b583a86630f86a5f2d0a5167b7fa605,60.18203,24.91341,00000000342570c2,12.69
17967,2019-08-04T12:41:39Z,1f81ed7274add201d3059d4a37e2bbe86b6ae1f0fd42a16d7b8dccaa,60.14699,24.922,00000000a53ed894,4.11
17968,2019-08-04T12:41:39Z,1faaaeff6423708e06d94b904af4be93e399939fbdfd3b3091dc8bd2,60.15432,24.9211,0000000019fb59c4,16.1
17969,2019-08-04T12:41:39Z,203a0c145a43c9a18f8c2a5ba4e18882e7430662bb4ac0e56ab37578,60.17065,24.93641,000000000f4919c9,12.69
17970,2019-08-04T12:41:39Z,208944c5811f446561788c5415738cbe52bdacb371f415236042698c,60.16897,24.95222,00000000aa852af1,17.4
17971,2019-08-04T12:41:39Z,20ac7b2ace7c0038aa8df01b9281a9c54f1551fc8ab9b662b1f1ca22,60.18203,24.91341,00000000342570c2,18.79
17972,2019-08-04T12:41:39Z,21b55c3dfd455543844687d0e016d83dbfa9008e83688521d8163980,60.1538,24.95595,0000000038bf9618,29.32
17973,2019-08-04T12:41:39Z,21bdc11bb63fb48c9d4b5308540ee5df579c9a385001a10fceeeedf3,60.14699,24.922,00000000a53ed894,13.75
17974,2019-08-04T12:41:39Z,21eed3ade733687b8f56fade8290819b7c6b4a9f38468979fe692c3e,60.16762,24.95415,000000006b44cce7,5.91
17975,2019-08-04T12:41:39Z,2204ba387d2db0e7d2ca03f7ace46abff8d141668b73c75a1879d7ba,60.14947,24.91438,000000004ef3150d,9.92
17976,2019-08-04T12:41:39Z,22fe9a06fba1036e8eafd726bc450095b1893be067f475e1882bb704,60.14699,24.922,00000000a53ed894,5.41
17977,2019-08-04T12:41:39Z,231026899a6d5b326cb5b1e38b182ca1acb77c7e27bc2378973b29db,60.16629,24.95957,00000000fb7600be,12.69
17978,2019-08-04T12:41:39Z,23337c2812924a07e4f0bbc92e56d1f85ea40208b6b987f4afc686cf,60.16897,24.95222,00000000aa852af1,13.75
17979,2019-08-04T12:41:39Z,247f8b2fe544f61677fce4b7f300f6be0c3fa9f5a9f057cc0a4b2111,60.16762,24.95415,000000006b44cce7,16.1
17980,2019-08-04T12:41:39Z,250f7cf6c6d1296e84c45fb8621a0704eb5243471980b5187dc40cdd,60.14699,24.922,00000000a53ed894,25.36
17981,2019-08-04T12:41:39Z,2607d1b2fc6e31a80348fffbed68a7d3a8e0212f197f2d1c573c587b,60.14947,24.91438,000000004ef3150d,4.94
17982,2019-08-04T12:41:39Z,269124e75b1e74a7c7dc93b778e02f04d0a53e069a90081c0938ee4c,60.14699,24.922,00000000a53ed894,17.4
17983,2019-08-04T12:41:39Z,2838eddb482a9bc77b0b867352020e2cbfb71e85aaa1d61307e85f3d,60.14947,24.91438,000000004ef3150d,18.79
17984,2019-08-04T12:41:39Z,28b43564f7156b67db7cb7b779e948986d7610f921490f9030379704,60.16897,24.95222,00000000aa852af1,6.46
17985,2019-08-04T12:41:39Z,2969cdb120f2d285c556abfe5bac2f8090571f61aba227a474a534d2,60.17065,24.93641,000000000f4919c9,1.54
17986,2019-08-04T12:41:39Z,2a47bdc66249162a9588347a6cbe7895fe798bb25c1194cd69fb1e8b,60.14699,24.922,00000000a53ed894,12.69
17987,2019-08-04T12:41:39Z,2b9b246647a57878b7a18e94ce4a9117d0c595020ff1b8fa27988756,60.16897,24.95222,00000000aa852af1,31.5
17988,2019-08-04T12:41:39Z,2ee2e108ed9051b1ccf4d3ee89931dfd53170af0b558fa6579b83e8d,60.15432,24.9211,0000000019fb59c4,18.79
17989,2019-08-04T12:41:39Z,30c55d5011d0f6c901437a130dbe2653c7ae0cceee3b0a242394152c,60.14947,24.91438,000000004ef3150d,20.28
17990,2019-08-04T12:41:39Z,32708990f2c831e65f70f2682baf5188fc93348b9a9e78ada8db2bf4,60.14947,24.91438,000000004ef3150d,1.7
17991,2019-08-04T12:41:39Z,33634cb1e3fc5d4a621e8717d203da8533ed27531a70c6cbe3abf3fa,60.16762,24.95415,000000006b44cce7,2.8
17992,2019-08-04T12:41:39Z,33ec502792a84f23fed03cf16e483d153c65e2850a2549f47034726a,60.16762,24.95415,000000006b44cce7,5.91
17993,2019-08-04T12:41:39Z,3405b45677395f577b17b4f3f98f4e4acf64510ac518139bea7227fd,60.16829,24.94214,00000000afef4555,17.4
17994,2019-08-04T12:41:39Z,3459042c03cbb672a039f7f14a6b99b84f839b0598f9e48bf4dd95f5,60.14699,24.922,00000000a53ed894,16.1
17995,2019-08-04T12:41:39Z,348d0f13ec830589831a973041803bc7b6c0f0b5f6e5a84e47f292d3,60.17002,24.94407,000000006b087f40,20.28
17996,2019-08-04T12:41:39Z,349dd839e41cff363cc4b935496e52b93be15233e508aa82987859bd,60.16075,24.95883,00000000f1124bca,14.89
17997,2019-08-04T12:41:39Z,34f282042837e6b8407c31fd6c880bdbb7071c56d76c4b6e5ba78819,60.14947,24.91438,000000004ef3150d,17.4
17998,2019-08-04T12:41:39Z,34fddf0f4ea194b9720451d11a9de76225577536681d4f4b0a00b860,60.16829,24.94214,00000000afef4555,21.87
17999,2019-08-04T12:41:39Z,358d7986d5bf2a0624fb1412a157b3c7b12f90653457e15a76bbdf50,60.16629,24.95957,00000000fb7600be,12.69
18000,2019-08-04T12:41:39Z,35a958343879c000cfc3f0c01afbc7d54934265828677bf4aefef84f,60.14699,24.922,00000000a53ed894,9.92
18001,2019-08-04T12:41:39Z,35e6e075578d7a51e510bf8904bde33f1d117264eea0917db98d4808,60.16897,24.95222,00000000aa852af1,7.69
18002,2019-08-04T12:41:39Z,36f876050503d244f74f3cbadcef716904eb2b245190d474b0cfa794,60.16762,24.95415,000000006b44cce7,7.69
18003,2019-08-04T12:41:39Z,3721331dbb97151d17938ed835ffc7208eba26fba6100c62870a3a4f,60.14947,24.91438,000000004ef3150d,4.11
18004,2019-08-04T12:41:39Z,37945fa4e7409fab98aa8bde45081f5bd083def0059485274ad552c0,60.17919,24.95181,000000007b5207b6,10.78
18005,2019-08-04T12:41:39Z,37b4192b51c9589b8791bc2e9f830dd541c0e77fd03e7a85a51b68e5,60.16544,24.95398,0000000038d83d41,16.1
18006,2019-08-04T12:41:39Z,37c5fa285cfc1de3c5363b53a2909ca0f43381a381ee6fc132d5ba8f,60.16897,24.95222,00000000aa852af1,17.4
18007,2019-08-04T12:41:39Z,381408ba82c360b66229f8a181ed89b02930909f7db6e4582277ef38,60.14699,24.922,00000000a53ed894,20.28
18008,2019-08-04T12:41:39Z,39310ebca1ad756aa2bfcb16c912cb7003ef3e7286a1f037603ade61,60.14699,24.922,00000000a53ed894,6.46
18009,2019-08-04T12:41:39Z,393a579e1c8efb19861f555f12040feeac853f37a2451116693e77aa,60.14699,24.922,00000000a53ed894,14.89
18010,2019-08-04T12:41:39Z,39f03a3a5fd777feee270921a7f51daec12ea679b542b0aaf2e808d7,60.149,24.9843,00000000fffb8cf0,11.7
18011,2019-08-04T12:41:39Z,3a6ce73ea4c03a14fc0d3d099e4698d3c1051a2e8e4bd552d5de394d,60.14947,24.91438,000000004ef3150d,4.5
18012,2019-08-04T12:41:39Z,3af48668fcfc51b261558246e08ae2f7f3bb9d4252e908e38c9db003,60.14699,24.922,00000000a53ed894,14.89
18013,2019-08-04T12:41:39Z,3b73bf57d223bcb9b930ee8619e6603e52485b221389c64d85614baf,60.16897,24.95222,00000000aa852af1,20.28
18014,2019-08-04T12:41:39Z,3be48824225ca9f2aea5653f6ce21181a76e67a8d4b8361f0cba1f8a,60.14947,24.91438,000000004ef3150d,5.91
18015,2019-08-04T12:41:39Z,3e99999f43f3bd9e105e735eeb92531a4301e7f258c90535acfba9ae,60.16531,24.9442,00000000fdda10fe,27.28
18016,2019-08-04T12:41:39Z,3ea5c91c32a318cb798767914dd025c2791a8c19e81c10c22f649247,60.18203,24.91341,00000000342570c2,21.87
18017,2019-08-04T12:41:39Z,3eb138558a5cc58760a67df9709bc42cc329874e907981d33e0116ec,60.16762,24.95415,000000006b44cce7,20.28
18018,2019-08-04T12:41:39Z,3ef78c4485a99bfa3d5e1df620f767b22e6c6583cefd990dee77f784,60.16762,24.95415,000000006b44cce7,21.87
18019,2019-08-04T12:41:39Z,3f395809cdaaaa1688c7d1cc770079bbf7ef1349e148bec5c8eacd57,60.16762,24.95415,000000006b44cce7,16.1
18020,2019-08-04T12:41:39Z,3ffe89aa6ab1e57883e21fa8f15969f46a5f487bccb2b993eadb3cfb,60.14699,24.922,00000000a53ed894,7.69
18021,2019-08-04T12:41:39Z,403f209e525e5159d33b2056ebebcfa95ff94baf8ae3d9b3442c3090,60.14699,24.922,00000000a53ed894,18.79
18022,2019-08-04T12:41:39Z,427f20895f2d0aec0392fd0be9f66c4cd45200a3d32b5b9d52ea0dc2,60.15432,24.9211,0000000019fb59c4,31.5
18023,2019-08-04T12:41:39Z,429295e322e9f143f79e9a6340e4974858aa9aa2f5ed6e8512dd00cd,60.14699,24.922,00000000a53ed894,14.89
18024,2019-08-04T12:41:39Z,429363aca20efd1e564b3ac367b9eb4702cce1afbe6a22dccb543a7f,60.16075,24.95883,00000000f1124bca,23.56
18025,2019-08-04T12:41:39Z,42d4eb6044091814f327d0b01dc9ae701506417af1a8ab7f4161650d,60.14951,24.92138,0000000006dd41f6,14.89
18026,2019-08-04T12:41:39Z,42da4298ed9f522421f17714e024d9b8fe22e7546df3deeb8b139bd3,60.16075,24.95883,00000000f1124bca,7.69
18027,2019-08-04T12:41:39Z,431375be6b9405ef55878f3aa0bb5dd6a35db8ba650a2bce05081c49,60.14947,24.91438,000000004ef3150d,7.05
18028,2019-08-04T12:41:39Z,436df7106ce19510536cf507d8939633784f67da2f872970e0d3ba43,60.16829,24.94214,00000000afef4555,9.92
18029,2019-08-04T12:41:39Z,457d11209b95b153efb57d8f2641f2db0823e91a0d608fa0555a5b69,60.14699,24.922,00000000a53ed894,16.1
18030,2019-08-04T12:41:39Z,4602ff9d03f6bf4fbb82976098cc1c73e7a7e754050401c772d1406e,60.14947,24.91438,000000004ef3150d,9.12
18031,2019-08-04T12:41:39Z,467a01a257fbaad22bd4aebafc8f284c9ad3effc429475e57c214e9d,60.14699,24.922,00000000a53ed894,10.78
18032,2019-08-04T12:41:39Z,47b8aba771bed6ec3a7d57932c44fe859bcf6300054b3acc9d885105,60.14947,24.91438,000000004ef3150d,18.79
18033,2019-08-04T12:41:39Z,47bc9ff9097f9ef5f1862e48b4a42f6a9ddd30c4ef2b6eb43291a7a5,60.14699,24.922,00000000a53ed894,16.1
18034,2019-08-04T12:41:39Z,47cde44e4ddbf6c70162fa882eee962e7c3e2a037b650294ec46568f,60.14947,24.91438,000000004ef3150d,4.94
18035,2019-08-04T12:41:39Z,49b87a1513c75afd4d05b1b8429f6697a2262af944de3e385700f99f,60.14951,24.92138,0000000006dd41f6,23.56
18036,2019-08-04T12:41:39Z,4a3fc0d8003eaf9e5025fb4d14b8e034d1406ebe923ef21f9e6ad429,60.1538,24.95595,0000000038bf9618,20.28
18037,2019-08-04T12:41:39Z,4a565a7be2bb822523480c6ca86154a466bf189290f87a0ef118f8b7,60.149,24.9843,00000000fffb8cf0,18.79
18038,2019-08-04T12:41:39Z,4aff8c41b8c3f924b9b765007cf6f0f148e9fdc4dfad6299b17f6f71,60.16762,24.95415,000000006b44cce7,18.79
18039,2019-08-04T12:41:39Z,4b1050cc517631e36206d3528399c0b14748daec8c7d1b5dfa412299,60.15432,24.9211,0000000019fb59c4,5.41
18040,2019-08-04T12:41:39Z,4b2a241d832696fc878ceb269b0fbf4987989a0c3109bd2e8ac08170,60.16897,24.95222,00000000aa852af1,27.28
18041,2019-08-04T12:41:39Z,4b85388cdaec2b4c15b546160ee326d9668a5e5d3c7b08d0c539946e,60.17919,24.95181,000000007b5207b6,4.94
18042,2019-08-04T12:41:39Z,4be50f3eb033f3f46e3069049c8e0a34dc8a2607741c1764369ba4c2,60.16762,24.95415,000000006b44cce7,5.91
18043,2019-08-04T12:41:39Z,4bf75585466f0aafa2ed2956fe4b0f7235b4ba3a0606a52219b3156c,60.14699,24.922,00000000a53ed894,13.75
18044,2019-08-04T12:41:39Z,4cadc8cc23fd84febb6a8383030a34c97b3388a8c9ed7a64cc0f51a6,60.14947,24.91438,000000004ef3150d,2.54
18045,2019-08-04T12:41:39Z,4ebdb6165c5d4892cdc21711313b98b1545bececfb886192c6f0ef22,60.16762,24.95415,000000006b44cce7,9.12
18046,2019-08-04T12:41:39Z,4f4940c5c77737c5b8f2fbd5a1b65886ea5f6e0e4fcd50447e11ce21,60.16075,24.95883,00000000f1124bca,21.87
18047,2019-08-04T12:41:39Z,50e21d119f102cee2afe3ac7f1a32032527638769b05aca582d6ecb1,60.16762,24.95415,000000006b44cce7,7.69
18048,2019-08-04T12:41:39Z,514a3981fad6c695ac4940f09374b5d1c2e84d2ca835084ef8707714,60.16075,24.95883,00000000f1124bca,5.91
18049,2019-08-04T12:41:39Z,51b3c7870a399165f0d1d14f7d21688df32b0360f9cc6f3ca61890d8,60.16829,24.94214,00000000afef4555,9.92
18050,2019-08-04T12:41:39Z,52072bd384eaaf4a6958af5510ed039d194dee47f34667bc7bccbe0e,60.14699,24.922,00000000a53ed894,4.5
18051,2019-08-04T12:41:39Z,52f0e69ca7a5cebe604c1f32308dc7f8870d1d85cd4b25ad17f706e9,60.14699,24.922,00000000a53ed894,5.41
18052,2019-08-04T12:41:39Z,54065d53a62079540c4be1e19eafa5dd581e8ec35da0c31844438e0b,60.149,24.9843,00000000fffb8cf0,14.89
18053,2019-08-04T12:41:39Z,549a82ee7c81f990b484efa7fb6ba7b52849737d2f509078dad1d67e,60.16897,24.95222,00000000aa852af1,31.5
18054,2019-08-04T12:41:39Z,5554305bad43a71cf98d83e92708c7474c1efc189392c1ea94231e9c,60.16531,24.9442,00000000fdda10fe,5.41
18055,2019-08-04T12:41:39Z,5636d9760f1eac9d5d050497d7084fd61a92d5d108695a9023769ac4,60.16629,24.95957,00000000fb7600be,18.79
18056,2019-08-04T12:41:39Z,570dc61d53aec66ede39dfde66339640878453afc00cd1a55c60bca7,60.16544,24.95398,0000000038d83d41,20.28
18057,2019-08-04T12:41:39Z,571934189bf349efb6f596e76c21612cf9b82ed44913090169936048,60.17065,24.93641,000000000f4919c9,17.4
18058,2019-08-04T12:41:39Z,57eef16af260870a831bd4f88018555730ec7dd21a538e3575825479,60.16829,24.94214,00000000afef4555,21.87
18059,2019-08-04T12:41:39Z,57f88614f91a133004ac1a6dea31a4090f899646a5f62ece691d87af,60.16762,24.95415,000000006b44cce7,7.05
18060,2019-08-04T12:41:39Z,58122bffe92a82d8b8a6fb46e406f2d86c32db26eca7557ec6943fa5,60.14947,24.91438,000000004ef3150d,23.56
18061,2019-08-04T12:41:39Z,583a35aa08fe45f96deb91a9f4b9317e86eddeee0d636cc11b3e2df8,60.16762,24.95415,000000006b44cce7,18.79
18062,2019-08-04T12:41:39Z,58411163d307bb308f9c94a9720e9ce5ab0ce4f5617cd2b1fcc2037a,60.16762,24.95415,000000006b44cce7,7.69
18063,2019-08-04T12:41:39Z,5966e39260804b1e804f63b354a53470a1f621ac8e68afdd522a565f,60.17002,24.94407,000000006b087f40,18.79
18064,2019-08-04T12:41:39Z,59b01cbdec8ff06fa6d50bac00c3f5f4c45132fc8a62800c08df5d6a,60.16629,24.95957,00000000fb7600be,20.28
18065,2019-08-04T12:41:39Z,5b102c62b98f29bd801e4dd0e9ddbc113db3faa38d59990b9ba5e9ec,60.173,24.92524,0000000096918cfa,23.56
18066,2019-08-04T12:41:39Z,5bc858089bff2f1880f1807e91f165ebf9f1b5841445adcdfb988ddf,60.16829,24.94214,00000000afef4555,21.87
18067,2019-08-04T12:41:39Z,5bf59468120b0262b74eebaba2a7ee8274f3c8165ddcf6f38eae92a8,60.16829,24.94214,00000000afef4555,17.4
18068,2019-08-04T12:41:39Z,5c160268bc9b4b619181ce421d9e58c258e6b59a342945fc29f0004b,60.14947,24.91438,000000004ef3150d,17.4
18069,2019-08-04T12:41:39Z,5c46671175475bc574d3a64fe85e1ce7792c14d29f1e79a39da24fa0,60.149,24.9843,00000000fffb8cf0,18.79
18070,2019-08-04T12:41:39Z,5cd5117066c75a1cb83d3896a7eba3f3472e133f0013ea7d4e95daaa,60.14699,24.922,00000000a53ed894,5.91
18071,2019-08-04T12:41:39Z,5d70086d53447ee393249cef33c7bae814c1d7c2e3055fc91b38786c,60.17919,24.95181,000000007b5207b6,8.38
18072,2019-08-04T12:41:39Z,5ea49ba4de68e03664ec3a87f5de32434d7136b4f8323f022ff9df5b,60.16829,24.94214,00000000afef4555,7.69
18073,2019-08-04T12:41:39Z,60d9b71ec38b796bf876dedfaf3112b49ff79677480c7603902857ae,60.14947,24.91438,000000004ef3150d,17.4
18074,2019-08-04T12:41:39Z,614ab7fba7255f6bf6f888e9a04d589962f756b3f427e658f10014f2,60.16075,24.95883,00000000f1124bca,8.38
18075,2019-08-04T12:41:39Z,62a6fe2d9b3b5b4533c51253f8842428bd797b3c6a95a7816ec472ed,60.14947,24.91438,000000004ef3150d,4.5
18076,2019-08-04T12:41:39Z,62aca926e533582af1cbef0d3e5d58d66486f219ab2034236649546e,60.16762,24.95415,000000006b44cce7,18.79
18077,2019-08-04T12:41:39Z,63a87f20dbfd068c086129312c165b6e9b1da2ea6c999be1dd1b8391,60.16762,24.95415,000000006b44cce7,13.75
18078,2019-08-04T12:41:39Z,63d99db5b2b7360c501446ea5e89feba9bd1c6735a7670039916f2ad,60.1538,24.95595,0000000038bf9618,21.87
18079,2019-08-04T12:41:39Z,63defb71d4c3856253a0a2d67a5c370b91ad0527703b334a63fe5344,60.14947,24.91438,000000004ef3150d,8.38
18080,2019-08-04T12:41:39Z,641e8defb97171d160f062c4bc3e9d06346f10d5246e6aeac935e1a9,60.16897,24.95222,00000000aa852af1,27.28
18081,2019-08-04T12:41:39Z,64394b1287e19738900f57d5c7483e02866e40bc8241fc6f6fbecbcb,60.16762,24.95415,000000006b44cce7,2.3
18082,2019-08-04T12:41:39Z,643ef3f01a51bea3c4510d4060a945cd510e5189236d68f5c9489034,60.16829,24.94214,00000000afef4555,1.01
18083,2019-08-04T12:41:39Z,64638a9f9e6c9b32fc4b484b55e4934fcab6cb04605cc76d5f5534b7,60.17065,24.93641,000000000f4919c9,12.69
18084,2019-08-04T12:41:39Z,64e34af775b57908b23056a31d60ef3b005941f2e7c3db0c49df675d,60.17065,24.93641,000000000f4919c9,9.12
18085,2019-08-04T12:41:39Z,6503762f2cac51cc2b74da1efa6b16583ed11c9a528d7716b7829c0b,60.16829,24.94214,00000000afef4555,11.7
18086,2019-08-04T12:41:39Z,6525cc634176c25187e68e0d067bcfecfd78e399e93db4ee9d408b7e,60.17919,24.95181,000000007b5207b6,18.79
18087,2019-08-04T12:41:39Z,655204cb507ea9ae811105cdcd766161facaa9f729017a333f102391,60.149,24.9843,00000000fffb8cf0,33.81
18088,2019-08-04T12:41:39Z,65de3b8621fadfc61e9d3657dc477ea9867f9d093f80cf0857dcad88,60.16762,24.95415,000000006b44cce7,5.91
18089,2019-08-04T12:41:39Z,6723bebaab92d1a9f8b4318fd4f497a6dec6d7f8e0eafca443925213,60.16075,24.95883,00000000f1124bca,6.46
18090,2019-08-04T12:41:39Z,67591d427f60ba3c369ac0d78088fca7be33081501508d16401dd6cb,60.16762,24.95415,000000006b44cce7,4.94
18091,2019-08-04T12:41:39Z,675eacdf32b5b831fd118fc5539eea4b3cef4bd11e2e1706a9571222,60.16829,24.94214,00000000afef4555,20.28
18092,2019-08-04T12:41:39Z,6774ed72eaf69d7c4aaeeef90990f969954155bbcc52652e75e7deef,60.16829,24.94214,00000000afef4555,9.92
18093,2019-08-04T12:41:39Z,677c53ae4056d6cb123ca576ba5284664b1c7e3e88818bd19b5dd99a,60.17919,24.95181,000000007b5207b6,21.87
18094,2019-08-04T12:41:39Z,69375ef968867906fc11b34d1e2c4b436d452cd47cb577a7f9e566ef,60.16762,24.95415,000000006b44cce7,2.8
18095,2019-08-04T12:41:39Z,696d977b82fe0f0a15c3aaccef89f3b805ee2d6969a74059d737461d,60.14951,24.92138,0000000006dd41f6,31.5
18096,2019-08-04T12:41:39Z,69f1de5049f5731749defe893b8ae9ada4f5f788a994b8f7413ef657,60.17002,24.94407,000000006b087f40,14.89
18097,2019-08-04T12:41:39Z,6b97071051ccf5db7e5ebee033d4f68d58ed6917ff2fac5b205a6605,60.17065,24.93641,000000000f4919c9,25.36
18098,2019-08-04T12:41:39Z,6c7e018abdf8462af7c7b003bc30f915184f7082e9e865a2c502eed5,60.14699,24.922,00000000a53ed894,8.38
18099,2019-08-04T12:41:39Z,6f3dd17e40daabb4efe868f1b859dc00ecc01846f0a0e2b8db5d1413,60.17919,24.95181,000000007b5207b6,6.46
18100,2019-08-04T12:41:39Z,6fdfc33c6b609ea80b4a38ecf657bc68b7bf659752b51edcc22ffb54,60.16762,24.95415,000000006b44cce7,5.41
18101,2019-08-04T12:41:39Z,6ff93560ca77c6e5a25bc7441cf33cf7fa0138b3da4d99b2dbf5531b,60.14947,24.91438,000000004ef3150d,7.69
18102,2019-08-04T12:41:39Z,70c56152af84cf1bad4d19b0cb31202232b4cd4320ce5ea48895e42b,60.14947,24.91438,000000004ef3150d,17.4
18103,2019-08-04T12:41:39Z,71479e7c1c4fd96468f16800ff04484480c76e0953d2074500b0df31,60.17919,24.95181,000000007b5207b6,17.4
18104,2019-08-04T12:41:39Z,717ec83582f90ad3fbcc82cab7c846b2c314da665d65740914f0a714,60.16897,24.95222,00000000aa852af1,18.79
18105,2019-08-04T12:41:39Z,733618d50499022af0ec3b91abdc93b6f3f252adb6891da4956ba4fb,60.15432,24.9211,0000000019fb59c4,23.56
18106,2019-08-04T12:41:39Z,733f21ebebe353e10a55a74b40a0a480e6d276334d4f3d8bcf85b711,60.16075,24.95883,00000000f1124bca,21.87
18107,2019-08-04T12:41:39Z,74cb545f76f0bfc5498607247e26e814276a11ce91f77208054ecbc5,60.17002,24.94407,000000006b087f40,23.56
18108,2019-08-04T12:41:39Z,759f94c852ff15ca91c3138913c3858c4801702f8f0514ae82fb2a19,60.16897,24.95222,00000000aa852af1,16.1
18109,2019-08-04T12:41:39Z,7664b7f08aaa059ecf6646a595c33fae0c80715febe63e31f45a4662,60.16762,24.95415,000000006b44cce7,16.1
18110,2019-08-04T12:41:39Z,777cceac7be6303a1c82f7cc68061528b01e3aa1b3aa6481cad9e5e3,60.16075,24.95883,00000000f1124bca,8.38
18111,2019-08-04T12:41:39Z,77a12194b9a6789f4b2b8c07ae7fce3c2b531cb221e5fa7ca5deae55,60.16897,24.95222,00000000aa852af1,9.92
18112,2019-08-04T12:41:39Z,79bde23c1a8980f93a65e14306f0d8ea89e164430d8b991e2bfee82e,60.16531,24.9442,00000000fdda10fe,12.69
18113,2019-08-04T12:41:39Z,7a0c0b525f2d3eed6c873bd3b8d27bede551fe4a428ac15c23deadae,60.16075,24.95883,00000000f1124bca,13.75
18114,2019-08-04T12:41:39Z,7a4a06d20ebe57d94e5fceeaf47d5b56ad9a515818e9c20e21a80e61,60.16629,24.95957,00000000fb7600be,21.87
18115,2019-08-04T12:41:39Z,7a97375000483176c3b37cc0d1744a950d9b322ce3534208fce0b21d,60.14699,24.922,00000000a53ed894,20.28
18116,2019-08-04T12:41:39Z,7ab335e046f7f3597f8f615a90857885e35cfecefebd5d24bbf0af90,60.16075,24.95883,00000000f1124bca,7.69
18117,2019-08-04T12:41:39Z,7ad93fed82e41ea4422fa101badc698b0328c3ebf0f6b73c5164d438,60.16897,24.95222,00000000aa852af1,9.92
18118,2019-08-04T12:41:39Z,7af6672e274ebe27cdb785373a857fc5bcad92a386c36dbe3221d4f4,60.14947,24.91438,000000004ef3150d,9.12
18119,2019-08-04T12:41:39Z,7be762f58d54665c5e6668eb2fb3eae7201522ddff196bbc5eb731f0,60.14947,24.91438,000000004ef3150d,13.75
18120,2019-08-04T12:41:39Z,7d9a3d84c09c3a8d6876389e216e0278048d6b924890fb275a078ffb,60.16531,24.9442,00000000fdda10fe,0.71
18121,2019-08-04T12:41:39Z,7e76449e59f1e3a1a615b54408115353fbb14d815390d03a73b1a7bb,60.14947,24.91438,000000004ef3150d,4.94
18122,2019-08-04T12:41:39Z,7ee87b87cf01698f643e1ba3117b245039edc811605df5dc802e7576,60.14947,24.91438,000000004ef3150d,9.92
18123,2019-08-04T12:41:39Z,7f2f97e26d55f653ed70260ea4f893d01a3984cbdf6d7a3bfb2641de,60.16829,24.94214,00000000afef4555,5.91
18124,2019-08-04T12:41:39Z,7f3c9dd2c7352cb81fb186a7d700841d2bcb47cd8ea0d5f8719b5908,60.16762,24.95415,000000006b44cce7,7.05
18125,2019-08-04T12:41:39Z,7f786ec8e06f1ca3bdd10fc60d0114baf354125b8f6cf796d197f4cc,60.16075,24.95883,00000000f1124bca,5.91
18126,2019-08-04T12:41:39Z,7f813aa01c02e4affab1466c4e6ec3ea61ea6ab92c647a0490179245,60.14699,24.922,00000000a53ed894,23.56
18127,2019-08-04T12:41:39Z,7fe10e69931c2d658099a314f3fce64865329e12a7b834c375e2d5d2,60.14699,24.922,00000000a53ed894,11.7
18128,2019-08-04T12:41:39Z,80cbcb887f3e351e3bef7c5f53dccc578cc3494feec514aed7015c0d,60.16075,24.95883,00000000f1124bca,5.91
18129,2019-08-04T12:41:39Z,80cc39b04598f971820e63498fd27ae72a12a45a60c220fe625b282a,60.14699,24.922,00000000a53ed894,14.89
18130,2019-08-04T12:41:39Z,82411c6526228322a61f59259f13adf7cde62bd767587b6735867705,60.17919,24.95181,000000007b5207b6,5.41
18131,2019-08-04T12:41:39Z,82ce8c2420645d1eeed2751616ac691b53855581110be4cc97a61036,60.16897,24.95222,00000000aa852af1,25.36
18132,2019-08-04T12:41:39Z,83121a75723643c48e3c3b0a3ea5fccb532046432ca445833e8de06a,60.16762,24.95415,000000006b44cce7,2.3
18133,2019-08-04T12:41:39Z,848fe01e24ccc782e5968171f53ea31d28f20a455c45d8bac8fb7374,60.173,24.92524,0000000096918cfa,13.75
18134,2019-08-04T12:41:39Z,849a662d95d4185421aff7c6213ba5d7b84cfc58c9fb30ff34054e4c,60.16075,24.95883,00000000f1124bca,11.7
18135,2019-08-04T12:41:39Z,84eabd120b074df2af16555f4c2db60e3ef1a465d061e90ace8cbb87,60.16829,24.94214,00000000afef4555,25.36
18136,2019-08-04T12:41:39Z,859b417d0b562f5c4ab33c3877c95cd7cbb332db91dcd0f4e7a4f3b6,60.14699,24.922,00000000a53ed894,17.4
18137,2019-08-04T12:41:39Z,85d66944a64cfde859e7e08ca4b79f3b39d5b03141d500fe7ce73f7e,60.14699,24.922,00000000a53ed894,21.87
18138,2019-08-04T12:41:39Z,868cd7608ed6beb209db2aad8c71f56b8aec3a6b453be18e4af217a2,60.17065,24.93641,000000000f4919c9,23.56
18139,2019-08-04T12:41:39Z,87cbb5265cd1cc3213ddb5ed9ed2a599ddb7db0b0747121d649b0ae3,60.16544,24.95398,0000000038d83d41,27.28
18140,2019-08-04T12:41:39Z,8822ffe19dec49fe874ac377de5a0504e931e342ecc1f5b1fcb939e5,60.16897,24.95222,00000000aa852af1,18.79
18141,2019-08-04T12:41:39Z,885bcc6af7d0aa9718fe1030e32ffff1de5171ae5ef67cf0011874fb,60.14947,24.91438,000000004ef3150d,4.11
18142,2019-08-04T12:41:39Z,8a08b2de43a9ef03cf96610718c908e69dcacc59f536a7135b7bb542,60.16629,24.95957,00000000fb7600be,9.92
18143,2019-08-04T12:41:39Z,8a9eedc7cf775ab4e9ad2e20bdcbcbe1635808b418eedcdcceda7834,60.16762,24.95415,000000006b44cce7,7.05
18144,2019-08-04T12:41:39Z,8b641985c793a3f25a45b2460cb01f5baa6f339c6dd26ba7752d8a7a,60.16897,24.95222,00000000aa852af1,11.7
18145,2019-08-04T12:41:39Z,8ba6cfc17ca70e8304994e018ebd5eb2003177062cde05925d5cacb3,60.173,24.92524,0000000096918cfa,16.1
18146,2019-08-04T12:41:39Z,8bbf5422247a0a6be314130d8fd9ae1814401b75acf3b3ce2da9620c,60.14699,24.922,00000000a53ed894,14.89
18147,2019-08-04T12:41:39Z,8d5672c651968bf1f466b44baefa37f9438850e96140d126f6a99baf,60.16897,24.95222,00000000aa852af1,14.89
18148,2019-08-04T12:41:39Z,8d73f674010f5cb02e8f20251ed86a9afcb7f6b3926039470296bd00,60.17065,24.93641,000000000f4919c9,20.28
18149,2019-08-04T12:41:39Z,8d7da72d35c2ac527039f569af91c4f1de2d3fbb83af89458935fb73,60.1538,24.95595,0000000038bf9618,31.5
18150,2019-08-04T12:41:39Z,8d8a869e83fe2ac29e791666634a33af3ea4048ea4e752b6fb1e238c,60.14947,24.91438,000000004ef3150d,5.41
18151,2019-08-04T12:41:39Z,8dcf139eb279bcc2696420ba9da858e361600ff02cd29587f66660ec,60.16897,24.95222,00000000aa852af1,17.4
18152,2019-08-04T12:41:39Z,9023a89a49a372e5f97cf86ef1b5de0164eb67cc10d394d383ab75fd,60.16829,24.94214,00000000afef4555,16.1
18153,2019-08-04T12:41:39Z,920dc90f60b295267f63efc8f968408087b71878dc3f49f0ded1c41e,60.17919,24.95181,000000007b5207b6,23.56
18154,2019-08-04T12:41:39Z,926717d61529080dfc4c7f8cdcdc82c6490d2a5129474524b8c40ea4,60.16829,24.94214,00000000afef4555,10.78
18155,2019-08-04T12:41:39Z,93a2100e233b204243f7e69b68dea7c9a145d1b5384bd18359bf87a3,60.16531,24.9442,00000000fdda10fe,2.3
18156,2019-08-04T12:41:39Z,93e409819362e2429a43710ff4330bd3ed83011b73ae438dd7fb62d8,60.16762,24.95415,000000006b44cce7,4.5
18157,2019-08-04T12:41:39Z,94237bc673d78a307ecc9da6df18d0b37e632b8cd6709f81081f000a,60.17002,24.94407,000000006b087f40,31.5
18158,2019-08-04T12:41:39Z,958ab5fd2d2c7f0c3fe6dc14fe27005fcf35b013db75f708c22a3619,60.16762,24.95415,000000006b44cce7,18.79
18159,2019-08-04T12:41:39Z,97264f5808fa13851dacabf0c98525eec29849ff4b6a744cc777fd5b,60.16075,24.95883,00000000f1124bca,9.92
18160,2019-08-04T12:41:39Z,9736a8a29aee134a307e0cd4221e9b0a2ab7c48befee43fc62e9f9bd,60.14699,24.922,00000000a53ed894,6.46
18161,2019-08-04T12:41:39Z,9868033d7f0d18f01d12a4034f37bf5d6e51e5ed9124c68d4b8b8e6c,60.14947,24.91438,000000004ef3150d,17.4
18162,2019-08-04T12:41:39Z,987d01417bcff2d7f663704309df2ebdcdb035da3ddb085fab0cf928,60.16829,24.94214,00000000afef4555,21.87
18163,2019-08-04T12:41:39Z,9885627881a266e5cf401516e009049e859d738e2e019be570f4b4d8,60.16448,24.97323,0000000053c6c2be,20.28
18164,2019-08-04T12:41:39Z,98bb3b6f5e2403b14b8e01616c07b03bb1fd153ded656033d7bd3533,60.16075,24.95883,00000000f1124bca,11.7
18165,2019-08-04T12:41:39Z,992f6feda52c82ad67e40af55b5602bb22411020701998c6bd65faed,60.16762,24.95415,000000006b44cce7,13.75
18166,2019-08-04T12:41:39Z,99334da99912e6d4b516e02432e7f88db5a5b87f635722bc3a8b38a6,60.14699,24.922,00000000a53ed894,10.78
18167,2019-08-04T12:41:39Z,994b630283c750a0b697359e32c4bd06d5b4a32d2edb6c12cce42b32,60.16829,24.94214,00000000afef4555,13.75
18168,2019-08-04T12:41:39Z,9a9db814dfa74ca2c2d51496299715310e81c6e6525cc9d2cb0762eb,60.16897,24.95222,00000000aa852af1,18.79
18169,2019-08-04T12:41:39Z,9ac4c3176875b59567d28bf01df0c9490620902ff082fd0b93d15cb4,60.18203,24.91341,00000000342570c2,33.81
18170,2019-08-04T12:41:39Z,9acffb3f8b8720e2de83c8cfd41915d268d5eca34e0bd280eed3e6f4,60.16897,24.95222,00000000aa852af1,12.69
18171,2019-08-04T12:41:39Z,9bad872c31c8c5e53f064b5367350b41271d45ca8a9e508136622800,60.16897,24.95222,00000000aa852af1,9.92
18172,2019-08-04T12:41:39Z,9e3d4a4b1acd94d2896cd7cf56419110f06ea96faae37aadebd4ec77,60.14947,24.91438,000000004ef3150d,4.11
18173,2019-08-04T12:41:39Z,9ff13c715073d5ad9c464cb67b6de3f703435cf389c32cce5626dfe1,60.149,24.9843,00000000fffb8cf0,14.89
18174,2019-08-04T12:41:39Z,a01d7427dcaa19c3efac1cde116c3751db11d6cf2838d0509704616a,60.14699,24.922,00000000a53ed894,14.89
18175,2019-08-04T12:41:39Z,a1b52cda133b45cf931b9e31d4037fb841f80432e99d6a000beeadc8,60.17002,24.94407,000000006b087f40,31.5
18176,2019-08-04T12:41:39Z,a22736c5d66f417bc6b745f51492549dc2e5a3c766f5e7e23f183b41,60.14947,24.91438,000000004ef3150d,4.11
18177,2019-08-04T12:41:39Z,a2e771418a36fc43aa9719d034aa9e3a7a751c5123e4bd33cc2aeea7,60.16531,24.9442,00000000fdda10fe,29.32
18178,2019-08-04T12:41:39Z,a38a21a97a054541f0423f03758c70227116c05254958373e3e93ad0,60.14947,24.91438,000000004ef3150d,12.69
18179,2019-08-04T12:41:39Z,a3d228482bfdd3dbdfaee1ff72b6ac00c2ee8c05e949047ce9117783,60.14699,24.922,00000000a53ed894,4.5
18180,2019-08-04T12:41:39Z,a41e158d772eaf06a23fe6c476419f78fae156bf286c7e56e79cea64,60.14699,24.922,00000000a53ed894,11.7
18181,2019-08-04T12:41:39Z,a422a30ec1eb058c7930e1352297c161639faa5b3ca5f5fa47c4adb3,60.14947,24.91438,000000004ef3150d,10.78
18182,2019-08-04T12:41:39Z,a4f416ec0941bb365e3665d7fd224fad15d74225e8ce9f6dd6368bc7,60.17065,24.93641,000000000f4919c9,10.78
18183,2019-08-04T12:41:39Z,a6158fc663b4931ef4e811a4acf62ab2f658241775e200b14684f87d,60.16897,24.95222,00000000aa852af1,10.78
18184,2019-08-04T12:41:39Z,a665682bd157db9436f4b84bae0b741d356ed033cce05f0ce442ee64,60.16762,24.95415,000000006b44cce7,11.7
18185,2019-08-04T12:41:39Z,a6f944078dd26796f5a849ccb6fdf8a4436f913cf3302597c846462d,60.16762,24.95415,000000006b44cce7,7.05
18186,2019-08-04T12:41:39Z,a7472d1b63171c047444981df223670390009e3ea502132d9963e9fb,60.14947,24.91438,000000004ef3150d,8.38
18187,2019-08-04T12:41:39Z,a76d219c3abcc4ec3a54dd834263f9a24972c71be4c7bbbfc663f22f,60.14699,24.922,00000000a53ed894,7.69
18188,2019-08-04T12:41:39Z,a794d97e26d3678bb11b4364880414bb7bfac4bb49d1867b37b489f7,60.14947,24.91438,000000004ef3150d,9.92
18189,2019-08-04T12:41:39Z,a7a7f84e910c87d01420156efca1675f2f263a8f7f1212bb161e73f3,60.14951,24.92138,0000000006dd41f6,21.87
18190,2019-08-04T12:41:39Z,a88c6bae85183bcf7a25dcbc1fe64128df64a49ded7074a0f51a1f5c,60.14699,24.922,00000000a53ed894,17.4
18191,2019-08-04T12:41:39Z,a8df2631c2442628608c1f0352c896eb532a6ca08c85de2c77360aa8,60.14947,24.91438,000000004ef3150d,2.54
18192,2019-08-04T12:41:39Z,a8fffb1bf2cf3b58cca0395d98ab3763c45771fed32527f2dedb644b,60.149,24.9843,00000000fffb8cf0,31.5
18193,2019-08-04T12:41:39Z,a9383e1c3d9b3355965662ff18ad95dfb64daa5d8e71fc20e7e50df7,60.14699,24.922,00000000a53ed894,17.4
18194,2019-08-04T12:41:39Z,aa076c3f0d09145aebbb750dde9849ba4eb6759e92ba5753280184d6,60.16762,24.95415,000000006b44cce7,10.78
18195,2019-08-04T12:41:39Z,aa5773b59ce2bf1eee53e4e77cd3c261465d2ea538c9a85b8de30cd8,60.14947,24.91438,000000004ef3150d,10.78
18196,2019-08-04T12:41:39Z,aa6d51fc5411b69567cb854360c4a81267eac19446946eb27618306a,60.14699,24.922,00000000a53ed894,14.89
18197,2019-08-04T12:41:39Z,acdcc8ae1d1c6bb055dfc108154eae58b4b894f0ce1ff174c1065c7e,60.16762,24.95415,000000006b44cce7,4.5
18198,2019-08-04T12:41:39Z,ad8af809ed47a3391bb53d11da159b3a8b0ddc264d94c049ce72bda0,60.17065,24.93641,000000000f4919c9,0.23
18199,2019-08-04T12:41:39Z,ae08ba8b9f7ef2a4326d6d7bbf452a87d08f8062feaf20cb7101d414,60.15432,24.9211,0000000019fb59c4,27.28
18200,2019-08-04T12:41:39Z,ae828cc3f1fa739d818186776cff673c88a05d0f3dedfb4a765a54fd,60.16829,24.94214,00000000afef4555,18.79
18201,2019-08-04T12:41:39Z,ae87b8dd8920695bc9e599874667205991c04e30666d8523f0be4350,60.14947,24.91438,000000004ef3150d,3.74
18202,2019-08-04T12:41:39Z,aec4b11f0b1ec075878ca4a3b94da464f6fc96e330b913d5bfd346b0,60.16897,24.95222,00000000aa852af1,11.7
18203,2019-08-04T12:41:39Z,af8d59ebae9a22f7ba004eab4dcac2f4560a935bf6a7f9e2ffc0d0af,60.14947,24.91438,000000004ef3150d,27.28
18204,2019-08-04T12:41:39Z,b0a20a40885487350aaf5c8f46dab27d4d7e1d5c24fefec54c0c62d4,60.16829,24.94214,00000000afef4555,10.78
18205,2019-08-04T12:41:39Z,b12b27061f30d5659794f14cbed5e4726c5af1ef526611d3b2dded29,60.14947,24.91438,000000004ef3150d,7.05
18206,2019-08-04T12:41:39Z,b27b090bd1bd9828dcb6ddbd0a1394e4aa097974747dff90ba0eff71,60.16897,24.95222,00000000aa852af1,9.92
18207,2019-08-04T12:41:39Z,b3d99c04e3db6b698e6e54f19434461336954d0c15385bff6e557be8,60.173,24.92524,0000000096918cfa,33.81
18208,2019-08-04T12:41:39Z,b3e9da5a37ed8ed450753cb7443e607ed1de2af685bad5be61b3e91c,60.16075,24.95883,00000000f1124bca,16.1
18209,2019-08-04T12:41:39Z,b41cc64d7ab4e16a03573bdc3b5863c4b402ec66c7780c7900c02877,60.16829,24.94214,00000000afef4555,23.56
18210,2019-08-04T12:41:39Z,b523d3f8341906e4b3877ff7d9614b4e10d6bbf10afdcc6c53656c8f,60.17065,24.93641,000000000f4919c9,27.28
18211,2019-08-04T12:41:39Z,b7039958be9f53a3eaed97f705a1974815f52f25226e920155397bec,60.16075,24.95883,00000000f1124bca,8.38
18212,2019-08-04T12:41:39Z,b8201571cb5ac01b7db7af4fba6c7ff58336a3f03d0fe13edf985c41,60.173,24.92524,0000000096918cfa,18.79
18213,2019-08-04T12:41:39Z,b82ba472f0cb919b39c31b9c737f1608f6a31ffa63352768f9fa12ea,60.16829,24.94214,00000000afef4555,20.28
18214,2019-08-04T12:41:39Z,b874348f78678c08b0a30b3baaa93532cbbf474afb71fb1de1d86978,60.17002,24.94407,000000006b087f40,33.81
18215,2019-08-04T12:41:39Z,b9c0ac0bb7310d92c296a8870603ebd12c0c632cfc2a1fa33092b337,60.16762,24.95415,000000006b44cce7,20.28
18216,2019-08-04T12:41:39Z,ba9825bb3cfae6aeb29833f0a11189802065c73f8e541b2bcb5b572f,60.14699,24.922,00000000a53ed894,21.87
18217,2019-08-04T12:41:39Z,bb0193f2b0ac4801fe82ed5cec75e687465d707d92e731047f81650f,60.1538,24.95595,0000000038bf9618,2.54
18218,2019-08-04T12:41:39Z,bbe1e18f88cf88928067a0221965768c1f2ae264291cea564d7eb7e8,60.16897,24.95222,00000000aa852af1,14.89
18219,2019-08-04T12:41:39Z,bbe7947ea50de5986f237ccab5782ddb55c199ad6a81e8f692670d0c,60.16829,24.94214,00000000afef4555,7.05
18220,2019-08-04T12:41:39Z,bc07df8cc395f6f4f5d483b2233caca5f93a6918f346e4cc3702f8cc,60.16531,24.9442,00000000fdda10fe,10.78
18221,2019-08-04T12:41:39Z,bcf688ec2e666179e52a495a8304dd7aaaf4acad52788a0929b287a2,60.14699,24.922,00000000a53ed894,16.1
18222,2019-08-04T12:41:39Z,bd055b33f37a0f4211ef88e2ac4d20e5a0620250bc6133d5ccbda839,60.14699,24.922,00000000a53ed894,9.92
18223,2019-08-04T12:41:39Z,bebf1edb9736fe66391376c4cf2a3033ab9fa83ae21f86b66392e2d0,60.16762,24.95415,000000006b44cce7,9.92
18224,2019-08-04T12:41:39Z,bef86aee891e6813146b3b9679809c39591429ebddf99a44cc9a60ed,60.14951,24.92138,0000000006dd41f6,18.79
18225,2019-08-04T12:41:39Z,bf2e5725b255e320f1e8375ec03f55194f1fd9f751be9629d873a5c8,60.14699,24.922,00000000a53ed894,4.11
18226,2019-08-04T12:41:39Z,bf992d3cd95a73f02d7223eaffe90a94e3e1e98a8c6759bab631b5b0,60.14947,24.91438,000000004ef3150d,11.7
18227,2019-08-04T12:41:39Z,c01fcd711ab1703615e2dc0f683e54f03b64eefe2f5727d20f3e9fd8,60.14699,24.922,00000000a53ed894,21.87
18228,2019-08-04T12:41:39Z,c0722f63618f97eb8ec4afac1a8538b81a3c87e623d753ad1201bf7c,60.16075,24.95883,00000000f1124bca,4.11
18229,2019-08-04T12:41:39Z,c0872968c54204234fb9792b4e0d997b0ea5882f431eda70bb244e3a,60.14699,24.922,00000000a53ed894,12.69
18230,2019-08-04T12:41:39Z,c0a0ca3433586ed2ae0e448f2406fabac7292ac79d49562e0bd5cef8,60.16762,24.95415,000000006b44cce7,14.89
18231,2019-08-04T12:41:39Z,c1e4323d2276cb6e358f5fabb123294e7a0ef87e7169f3cccc8f2e03,60.16075,24.95883,00000000f1124bca,21.87
18232,2019-08-04T12:41:39Z,c22d0093a8d103f59838ad43218fa834e328847e5094bcb2e98d5307,60.16829,24.94214,00000000afef4555,16.1
18233,2019-08-04T12:41:39Z,c261834e6d2c1bd9adddb82d8c6ce2d8aad82a89e32da62f3fcc6063,60.16075,24.95883,00000000f1124bca,11.7
18234,2019-08-04T12:41:39Z,c36d58ed0e0dddb3e26be1214e369db1c3fa3d4bcf8b53536a25239b,60.17065,24.93641,000000000f4919c9,4.11
18235,2019-08-04T12:41:39Z,c3810ce0b90eb320ca748fce472b47910b3112d6468582a43a41bdc6,60.16829,24.94214,00000000afef4555,17.4
18236,2019-08-04T12:41:39Z,c3be6dcc2c0542676c20d28ce38adbe2c0b9be09caa3f22e60210636,60.16075,24.95883,00000000f1124bca,3.74
18237,2019-08-04T12:41:39Z,c493415e869d6e6304841784a120f994272b83557256b43e44e4f3e0,60.14699,24.922,00000000a53ed894,27.28
18238,2019-08-04T12:41:39Z,c4dfae0a1b1bd27741275e8f26148b119bf7225960b4275e488612b9,60.14699,24.922,00000000a53ed894,11.7
18239,2019-08-04T12:41:39Z,c633a260ce59bad4e1ca42f12936ed8ae57a40f5e6528dfb70052c43,60.16897,24.95222,00000000aa852af1,7.05
18240,2019-08-04T12:41:39Z,c68c02229f2c658d55b76c15cf2816f538b896ce5d3c0ebfc2a90911,60.149,24.9843,00000000fffb8cf0,31.5
18241,2019-08-04T12:41:39Z,c905a50dedd9b3d2114cde9160b7adf83adc09683b65598ce24c4047,60.1538,24.95595,0000000038bf9618,25.36
18242,2019-08-04T12:41:39Z,c9822d9c012b25f745a2934c523f3c9e6db75fbe3f5e673475813381,60.15432,24.9211,0000000019fb59c4,23.56
18243,2019-08-04T12:41:39Z,cad80f69731ad65f7f14bf400d674e0c42de462bd42db112c9d9f261,60.16075,24.95883,00000000f1124bca,21.87
18244,2019-08-04T12:41:39Z,cb3f05d5604f5532e039e6d40514b13aba8f6274d952bb17a8b801fc,60.15432,24.9211,0000000019fb59c4,20.28
18245,2019-08-04T12:41:39Z,cbc336691f17a9c508549e03d522166247a0cd0a944321c1a7d15525,60.14699,24.922,00000000a53ed894,6.46
18246,2019-08-04T12:41:39Z,cc2cf42c6b14536fb92c810ff0e3dd5a3caa74236f14246a5b6e8cdc,60.16762,24.95415,000000006b44cce7,5.91
18247,2019-08-04T12:41:39Z,cc3ab8b82d60cbeb3ccd635efb6cd12d127645ab3d03b73bcfec7455,60.16762,24.95415,000000006b44cce7,17.4
18248,2019-08-04T12:41:39Z,cce6b6f309e43e2bb1be6a9784582a82891e976d0869d01040586d27,60.14947,24.91438,000000004ef3150d,4.5
18249,2019-08-04T12:41:39Z,cd47b9ac851ce6b21df7b8e918554b0cb1a12d03da7e0aaf14e19314,60.14947,24.91438,000000004ef3150d,38.87
18250,2019-08-04T12:41:39Z,cd4ecd3b83630f6e5d65f635804e47a1ceb82853aac36af30044f06a,60.149,24.9843,00000000fffb8cf0,21.87
18251,2019-08-04T12:41:39Z,cd9b2be9ffb37c8b7c5c25f587c95b1c7932a21fb245487ea2f740d9,60.14699,24.922,00000000a53ed894,7.69
18252,2019-08-04T12:41:39Z,ceb777dafa9b7e39125b89735b7f0cf22c3018eb0196043ac8160370,60.14699,24.922,00000000a53ed894,8.38
18253,2019-08-04T12:41:39Z,ced0425d382ce86b7565a8b7b36a453a0880a08ba10090524e6c1ac5,60.14699,24.922,00000000a53ed894,17.4
18254,2019-08-04T12:41:39Z,cef1d06a10cfa08bcaef8b36535c2ec32c756a76cc0d5c2a1246f933,60.14699,24.922,00000000a53ed894,17.4
18255,2019-08-04T12:41:39Z,cfa42322be0000cf89d8969d1b88ace0ba99cab721dd58d55d41a36e,60.17065,24.93641,000000000f4919c9,16.1
18256,2019-08-04T12:41:39Z,cfc2a688ff31fbb1baac8790fb6d56dc7746ba2cf9e0e5f39d4751a4,60.14699,24.922,00000000a53ed894,4.5
18257,2019-08-04T12:41:39Z,d0413da80c7714f40ffe50dcfb00039280c64ecebc61c59df72965e6,60.149,24.9843,00000000fffb8cf0,18.79
18258,2019-08-04T12:41:39Z,d098b9b5b30c5fcd4ae8a2b8bc761df72829713d3ae919634876d349,60.14699,24.922,00000000a53ed894,5.91
18259,2019-08-04T12:41:39Z,d0aa228c2a3e6e1568e876cffc76874702e0f0f63f18533551bf02c1,60.16075,24.95883,00000000f1124bca,23.56
18260,2019-08-04T12:41:39Z,d0cab2a2660dcc5cb99a9bdf39d2e6b31b7498985db1b50e48cb478d,60.18203,24.91341,00000000342570c2,12.69
18261,2019-08-04T12:41:39Z,d12f9e6275869a74f979eac17b326dfe329bbd78b8732fc998b5f132,60.14699,24.922,00000000a53ed894,20.28
18262,2019-08-04T12:41:39Z,d1494ea9019ebe27ab1e0e4d26f4f307c19720a0d8851bc848d80cab,60.1538,24.95595,0000000038bf9618,25.36
18263,2019-08-04T12:41:39Z,d150c7aba4e7419f0ddd187392a9c2a429f44fa82535fb594c48ff55,60.16897,24.95222,00000000aa852af1,16.1
18264,2019-08-04T12:41:39Z,d1e3b42846da964eb43395a0c02d5cccd930d1a09090f9d668f1ebd9,60.16829,24.94214,00000000afef4555,11.7
18265,2019-08-04T12:41:39Z,d295fce65c7332728ab79761524c814f41bd0cefa3ad9ef62ac18993,60.14951,24.92138,0000000006dd41f6,17.4
18266,2019-08-04T12:41:39Z,d388a2c86cc65945e59a07273222ff57fc3585d4756b5c498dd443ac,60.16897,24.95222,00000000aa852af1,21.87
18267,2019-08-04T12:41:39Z,d38e88e5b926f9d1de6e326cca45116fcca11f10684c80876739c6cd,60.16075,24.95883,00000000f1124bca,8.38
18268,2019-08-04T12:41:39Z,d3c0cff604283ea6adeabb4f867f3fcaf8ee41fd27fc600d33c4d70d,60.16075,24.95883,00000000f1124bca,13.75
18269,2019-08-04T12:41:39Z,d40cd80d9d61b689c322d505bc9b94916b25448438e211b3b07cbe43,60.16762,24.95415,000000006b44cce7,31.5
18270,2019-08-04T12:41:39Z,d5690433f1f0d0855704a06520cd197dac8c6c1293aa376af6854128,60.16897,24.95222,00000000aa852af1,20.28
18271,2019-08-04T12:41:39Z,d64eda229ebb6012e59bc89eacb74918e404ce52f16b491f3d48e800,60.16897,24.95222,00000000aa852af1,16.1
18272,2019-08-04T12:41:39Z,d6b274f1f49dde057f37b6d65670f16c2a7ba75e21283e342e5c3bfb,60.16762,24.95415,000000006b44cce7,14.89
18273,2019-08-04T12:41:39Z,d75c412090c347ad7fca9287bcc4eb9bfb757dc7c1725109861dd93e,60.16629,24.95957,00000000fb7600be,9.92
18274,2019-08-04T12:41:39Z,d87210146aab139cc6640a20b428dce6ac516806a71a177b70e04f62,60.17065,24.93641,000000000f4919c9,9.12
18275,2019-08-04T12:41:39Z,d8e7e8b511d1123d1389cf08abbfa54b2b38e1824598b88008356c33,60.16897,24.95222,00000000aa852af1,14.89
18276,2019-08-04T12:41:39Z,da667dfa2d8a272a7398e186de027fabd2052052c0aad767a1c7d966,60.16897,24.95222,00000000aa852af1,14.89
18277,2019-08-04T12:41:39Z,da79bc3a154be3d65c15bbffd0b895193ffd8167bba8a96ad28308e5,60.16762,24.95415,000000006b44cce7,23.56
18278,2019-08-04T12:41:39Z,daac051ca20430238282e179e0fe525b11ff1e8f1ace26d45b41f331,60.14947,24.91438,000000004ef3150d,5.41
18279,2019-08-04T12:41:39Z,ddc8410b9e4ece4b995b789f95e526693bac176ed77092ba57355dc8,60.16762,24.95415,000000006b44cce7,2.8
18280,2019-08-04T12:41:39Z,de09fd8d15c3d7adbf440a3d0a418a3b476513c968bda8a4aa652adf,60.173,24.92524,0000000096918cfa,21.87
18281,2019-08-04T12:41:39Z,de0d086ae32f87522eab31d3bc52545ed17b065889674963c0709568,60.16829,24.94214,00000000afef4555,18.79
18282,2019-08-04T12:41:39Z,de3fe5f63e74a582e06c8cb02e6128d6013827015ba3e2fe93082977,60.17002,24.94407,000000006b087f40,25.36
18283,2019-08-04T12:41:39Z,de84f754a3916c8f831b0bb8ea41fc2a42cdea2794558fece3c7ae97,60.1538,24.95595,0000000038bf9618,21.87
18284,2019-08-04T12:41:39Z,e02c0f9f72e9f248a4b5df8af328e1a0132d4d8a72c1e603d14cdacd,60.18203,24.91341,00000000342570c2,20.28
18285,2019-08-04T12:41:39Z,e0e938d5ab6fe3b13270163cd8a4e531dfae4b24ff98ab7e4277114c,60.14947,24.91438,000000004ef3150d,23.56
18286,2019-08-04T12:41:39Z,e0ff1e75104c5dfa3549647c238569888e353e1322256a5c6979de0b,60.14699,24.922,00000000a53ed894,7.05
18287,2019-08-04T12:41:39Z,e1322e5118885f9bd50f4b2f8c4fd6d329ced295738b9983ef61b1c8,60.1538,24.95595,0000000038bf9618,31.5
18288,2019-08-04T12:41:39Z,e34bcebfa007159f3d2adb0e62e20fcf721a221f52bdfe2a6ad77831,60.18203,24.91341,00000000342570c2,25.36
18289,2019-08-04T12:41:39Z,e3958567766a3d31f49f6b0c3171d3e8c31d30783a684788f5baac02,60.16762,24.95415,000000006b44cce7,14.89
18290,2019-08-04T12:41:39Z,e447e76c7b53157c11d5bfeb172c27332c81b5ec7f263badf5507888,60.149,24.9843,00000000fffb8cf0,12.69
18291,2019-08-04T12:41:39Z,e6f7965f2ef456f61121bcce5e466f125192e511c2af72d901307e8e,60.16762,24.95415,000000006b44cce7,14.89
18292,2019-08-04T12:41:39Z,e7cd5f775c7eea951719f351fcc25c710f857832d6f4b70a51b7b82d,60.16897,24.95222,00000000aa852af1,14.89
18293,2019-08-04T12:41:39Z,e826dedac8582e619ce18cd7eed68be5ee1fc9ed37e191e06f916835,60.14947,24.91438,000000004ef3150d,7.69
18294,2019-08-04T12:41:39Z,e9115410fa45db5a174eee008cae729dc69937a0e0b5a304899bf1b9,60.17065,24.93641,000000000f4919c9,20.28
18295,2019-08-04T12:41:39Z,e92eb020afcd7c1fad04690230ff8c2f005e404dd25b8dced1df30dd,60.16075,24.95883,00000000f1124bca,17.4
18296,2019-08-04T12:41:39Z,e9e19621fc5cfcfed2c808bbadc6cc6dd31e28d3c04cef8b89ca2729,60.16075,24.95883,00000000f1124bca,14.89
18297,2019-08-04T12:41:39Z,ea157e44ed100be3f782d8b3d8e5e0986079c588c9ea754b14917df0,60.16829,24.94214,00000000afef4555,1.25
18298,2019-08-04T12:41:39Z,ea2f4d9799324f4cd2a6fcda1625b65acdbab9f6b8331c26f63beec2,60.16897,24.95222,00000000aa852af1,13.75
18299,2019-08-04T12:41:39Z,eac6fda3a18aa9ce55b6359f5c62a044e0bcd6bc3576c8cd815acf07,60.14699,24.922,00000000a53ed894,14.89
18300,2019-08-04T12:41:39Z,eb6541383f8b12fc5476e5e2bc406933edfd211f49a1bbb93f323fa0,60.14699,24.922,00000000a53ed894,11.7
18301,2019-08-04T12:41:39Z,eb79d6eb71f039f7008c9c4ea2f36d37f03bf60bddc7867e8b337254,60.16762,24.95415,000000006b44cce7,31.5
18302,2019-08-04T12:41:39Z,ec350e26364cb676c4cdb72647f039c31e27c775e7bb8973223e5d9b,60.14947,24.91438,000000004ef3150d,13.75
18303,2019-08-04T12:41:39Z,eed1c3b93e33ab3a4802db427c8c197c0fbad358e039b6ea8c8af07b,60.18203,24.91341,00000000342570c2,17.4
18304,2019-08-04T12:41:39Z,ef352dcaa8317b6a3c0a02cd8908dd13da5601cc66ba65c5fd8d031a,60.14947,24.91438,000000004ef3150d,3.74
18305,2019-08-04T12:41:39Z,efe8b6c6fdf0d2caccd589aaaa4f0228a80590ff9ec7961f2e92103d,60.16762,24.95415,000000006b44cce7,9.92
18306,2019-08-04T12:41:39Z,f04b198f2f3331022f4a89ef2c2d12283e9c1c03a6c64a1dcb6e76cc,60.173,24.92524,0000000096918cfa,16.1
18307,2019-08-04T12:41:39Z,f062cb52d49926a4fb39f723275ed60ab6c0f3bf34e0c3f9d233b7b8,60.14947,24.91438,000000004ef3150d,9.12
18308,2019-08-04T12:41:39Z,f15b72a3aad411d2f8a70b41c4f62ad2d744d064d42ec00c71a18ac5,60.16762,24.95415,000000006b44cce7,3.74
18309,2019-08-04T12:41:39Z,f1eb1b22a5e01064a1829b325d256218c68bc9134f03a3f09f3e2566,60.16829,24.94214,00000000afef4555,23.56
18310,2019-08-04T12:41:39Z,f20f951802c722181f0e90095001c49e73f84049bb105b95c97049d1,60.17918,24.95141,00000000675d5200,41.64
18311,2019-08-04T12:41:39Z,f2759841619517bff6a58510ebb0ddbc9378cd300d99652f9b14f90d,60.16531,24.9442,00000000fdda10fe,25.36
18312,2019-08-04T12:41:39Z,f2deba4ef84dbbc8c5d8524f6e2311183003bce4f9bfa6aef5b5ef66,60.14947,24.91438,000000004ef3150d,10.78
18313,2019-08-04T12:41:39Z,f2e063c8c25a8bec0dd6ec3924a5f59fd9694078f2f3fd5b3ea96f29,60.16762,24.95415,000000006b44cce7,9.92
18314,2019-08-04T12:41:39Z,f3ec2366b51157150674e5ab6293bdb19e0b30ca4296fee4c97b811c,60.14699,24.922,00000000a53ed894,9.92
18315,2019-08-04T12:41:39Z,f5f7cfe177dfb0b7ebba2419ae53f70b6b5690dd98d98586004a9107,60.149,24.9843,00000000fffb8cf0,14.89
18316,2019-08-04T12:41:39Z,f6a88c4482d078d6a1d51eabc04916c6f7566cff4a16fd55f3abdef0,60.16531,24.9442,00000000fdda10fe,21.87
18317,2019-08-04T12:41:39Z,f796c9efc581b25280d4b416f8ba3aecca6ddf083e7bdad05f6e595e,60.14699,24.922,00000000a53ed894,17.4
18318,2019-08-04T12:41:39Z,f7f0caf73572bea3c08b592eeb9655b2668cfb16fd8840ca5619d84a,60.14699,24.922,00000000a53ed894,4.94
18319,2019-08-04T12:41:39Z,f81439a39740937c6cba523d5ebca87b52d69ff29fb449cf42ade4d6,60.14699,24.922,00000000a53ed894,9.92
18320,2019-08-04T12:41:39Z,f868d87b5d5a7094b60a131cd3e120c25787ebf751f7c93640b34942,60.16897,24.95222,00000000aa852af1,14.89
18321,2019-08-04T12:41:39Z,f9f454563bb2c7fd9944c5f164bf6c5fad98bb698039934d4d8b54dd,60.16897,24.95222,00000000aa852af1,25.36
18322,2019-08-04T12:41:39Z,fa6dc4a802376fbd66ff40c05f18e0cd8c141f9626d129eabdabdfe6,60.16544,24.95398,0000000038d83d41,31.5
18323,2019-08-04T12:41:39Z,fa96854324adae88abb35afa34b2393a20338bfd8fc9602d3ce6ae8d,60.14947,24.91438,000000004ef3150d,3.4
18324,2019-08-04T12:41:39Z,fadc39da3cd26ac621092fbbff224b95bb13446c8d24bbf4f3e50e90,60.14947,24.91438,000000004ef3150d,6.46
18325,2019-08-04T12:41:39Z,fc618d570293e104f3bf927312641e3b7c65acce185b1614337d848c,60.16829,24.94214,00000000afef4555,23.56
18326,2019-08-04T12:41:39Z,fe5ca86c906b1cb3bf9dd257ceefc562e41da499878f1074484f7d42,60.14947,24.91438,000000004ef3150d,17.4
18327,2019-08-04T12:41:39Z,feb399897846bc34dc3f4b06ac4ef0ffb0db885977b88e5c5fdb7350,60.14699,24.922,00000000a53ed894,10.78
18328,2019-08-04T12:41:39Z,ff8280896145ae17e594c52eac2cdbab47d3757d797878fbc4298596,60.1538,24.95595,0000000038bf9618,20.28
18329,2019-08-04T12:41:40Z,05103967ab0ced9b2339d6cf2c2971af426aeffb8c8519b244e5cc77,60.16762,24.95415,000000006b44cce7,20.28
18330,2019-08-04T12:41:40Z,07d86ad98399440d0cc3bd3382a7256feb971e49a3686dc17f532e1c,60.16829,24.94214,00000000afef4555,16.1
18331,2019-08-04T12:41:40Z,1142f5b6806b1ec7d8d47d47013eb530d8a7418f6934d8867b20966a,60.16829,24.94214,00000000afef4555,31.5
18332,2019-08-04T12:41:40Z,14c7e1511b70f4dd3359cbece1377aebb4d70531f5489eefe53d7c3c,60.16544,24.95398,0000000038d83d41,25.36
18333,2019-08-04T12:41:40Z,1599d2c9070a6f05e1a5887c2d9209214c04818c6203fe75440734f2,60.1538,24.95595,0000000038bf9618,20.28
18334,2019-08-04T12:41:40Z,1e7ea410376fbdb3f3c476c76d23abad5d830690f78f71ea06f7e321,60.16075,24.95883,00000000f1124bca,8.38
18335,2019-08-04T12:41:40Z,211f6b7b044343d0be369791b3fa3c144d0d0f391e2a42787712efb0,60.16448,24.97323,0000000053c6c2be,12.69
18336,2019-08-04T12:41:40Z,21d09757012e8f7297d1de922f681bcc36581a3d7be770b42b3780a0,60.15432,24.9211,0000000019fb59c4,12.69
18337,2019-08-04T12:41:40Z,25a7ff811c3c06e426c7c2cbb0433d9a2a3399b23afecbd35584ab0f,60.18203,24.91341,00000000342570c2,12.69
18338,2019-08-04T12:41:40Z,2d3d031189abfaea69cd551a97b2b2d056a908f19bc56701010a2304,60.16897,24.95222,00000000aa852af1,14.89
18339,2019-08-04T12:41:40Z,2d407793ce0a0290a87debe672b1af2af93c687ca83668e17fb0ce63,60.14947,24.91438,000000004ef3150d,12.69
18340,2019-08-04T12:41:40Z,2e5e2eac7a17783a1e43da2fe5aef5541fb947978263e9480ff79b23,60.17002,24.94407,000000006b087f40,29.32
18341,2019-08-04T12:41:40Z,315af4a829b592ba99b203b8ed2cbd499769f8752dfe6de7da4ee929,60.16829,24.94214,00000000afef4555,16.1
18342,2019-08-04T12:41:40Z,3944bc7a301be7241d1f7bc4a97f221000d535ce3d8a9af9af9b23b5,60.16531,24.9442,00000000fdda10fe,27.28
18343,2019-08-04T12:41:40Z,3b5cafe90982db26cf737b2e4cd4275276f6a031bca3b2a1f73023b2,60.14699,24.922,00000000a53ed894,18.79
18344,2019-08-04T12:41:40Z,43b676ed3aef4c2d8846694817e76117873be52e7f788e0cb366c1c4,60.16629,24.95957,00000000fb7600be,33.81
18345,2019-08-04T12:41:40Z,44d0b94469070803869f229601e877beb613c3f5aafa009addf97a1a,60.16544,24.95398,0000000038d83d41,13.75
18346,2019-08-04T12:41:40Z,4a1efc9faf9548fe0ed72037d54a131265a72e61fdfc2009a4e9408a,60.16075,24.95883,00000000f1124bca,20.28
18347,2019-08-04T12:41:40Z,5bbb5184fded3e51bc78e45e39917794285e6bbc72da404802a9599a,60.16531,24.9442,00000000fdda10fe,27.28
18348,2019-08-04T12:41:40Z,5d65719c4cbf045f068d084b72302f447d5fd034413d97d13be00d0e,60.18203,24.91341,00000000342570c2,18.79
18349,2019-08-04T12:41:40Z,5fecff186138a9b3e31c6086c33dcd5f1d209e64f0afeed7c688cab0,60.16897,24.95222,00000000aa852af1,27.28
18350,2019-08-04T12:41:40Z,653a92a7828f2c43bc74899753f872e8b93c30b6fb419b651a94bbc1,60.16897,24.95222,00000000aa852af1,12.69
18351,2019-08-04T12:41:40Z,69219e9efa41ae9e732653e9eaf08e1a34cb853a9dafe76ddeea4d04,60.16897,24.95222,00000000aa852af1,14.89
18352,2019-08-04T12:41:40Z,6a70e2fbced719333e21eff04fcb9cb36bae9a04d1a3d6ddd96f2c58,60.15432,24.9211,0000000019fb59c4,7.05
18353,2019-08-04T12:41:40Z,6c8861f56a280e7752e10439271a2498527c69b0796f58de4afc6008,60.16075,24.95883,00000000f1124bca,23.56
18354,2019-08-04T12:41:40Z,70d8572458a1a103555bab897b6443e601e0ed211414b15ad0b56f60,60.16544,24.95398,0000000038d83d41,21.87
18355,2019-08-04T12:41:40Z,737efc92e3419e9d96a8559ec341ea7e18ba6381fd8e4de3d06f82a0,60.14699,24.922,00000000a53ed894,20.28
18356,2019-08-04T12:41:40Z,747f2d1ebff218c0ebbdc0fdaef4cbe56633dfb46ae1b1f8c8142201,60.16762,24.95415,000000006b44cce7,16.1
18357,2019-08-04T12:41:40Z,7678cdb86d454ca9ae52f22d97e635106585a3a046d01da4463695cc,60.18203,24.91341,00000000342570c2,18.79
18358,2019-08-04T12:41:40Z,87dfaad29a9276ddddb1fa021d3bc23ad14824c1af16f7d87e713689,60.14951,24.92138,0000000006dd41f6,10.78
18359,2019-08-04T12:41:40Z,88808fe92573e9cdf022cc15b9689b6b4b9429f60513c8897b0ba4c7,60.16897,24.95222,00000000aa852af1,18.79
18360,2019-08-04T12:41:40Z,8c75c3289c84fe4493e1e272a77b615fe1985880c5dc68a7c1a17b53,60.16762,24.95415,000000006b44cce7,12.69
18361,2019-08-04T12:41:40Z,94c5a69a5ae6e9407c3fa9a6919d99beb3558dd4e6750eb480ddc36f,60.16829,24.94214,00000000afef4555,14.89
18362,2019-08-04T12:41:40Z,9843c6216661048343a0e49cf3d8aa2883cf77f452666a1c873a1052,60.16448,24.97323,0000000053c6c2be,12.69
18363,2019-08-04T12:41:40Z,9fc0711d7e7722eff7faa0cb6f17846680c06515c1eb93dd49ebcf25,60.14699,24.922,00000000a53ed894,14.89
18364,2019-08-04T12:41:40Z,a8f8130135c784b027355228017bbfe99e5a6eecec153d44b78bedd3,60.16829,24.94214,00000000afef4555,20.28
18365,2019-08-04T12:41:40Z,acd2647d413f41552b31b6e383da445c8902bc2a764d2b7791a7b164,60.16762,24.95415,000000006b44cce7,11.7
18366,2019-08-04T12:41:40Z,af807b67ce09a2ce1744025c421961213f1608ca658ece4df69555a1,60.16762,24.95415,000000006b44cce7,9.92
18367,2019-08-04T12:41:40Z,b33ae7715d6d2571066655c2c8954a5a364b5601869047de83410d9f,60.16629,24.95957,00000000fb7600be,25.36
18368,2019-08-04T12:41:40Z,b5fd6b317890e5ab2d79e2cd1abe61626d45a753c7337d0d40728898,60.16762,24.95415,000000006b44cce7,9.92
18369,2019-08-04T12:41:40Z,b6768ae226a93bce23852414e20866c7413513d067579c03ea883dfa,60.17065,24.93641,000000000f4919c9,12.69
18370,2019-08-04T12:41:40Z,bb98768dad0f7c52cf643f035a3e7e48f5cfe28557c66f2a75914b31,60.14699,24.922,00000000a53ed894,11.7
18371,2019-08-04T12:41:40Z,c0cdd4e99cf9447e490b5cbd5e7513df9acfcbabb8bd5117c4731512,60.16075,24.95883,00000000f1124bca,13.75
18372,2019-08-04T12:41:40Z,ca6927628f5ddda20036865c9345ad93d476d62ade3b181de568eed6,60.16897,24.95222,00000000aa852af1,21.87
18373,2019-08-04T12:41:40Z,ce358a51e6d8aadc92f348d84faf2751693f532bef422ca636a0e1ea,60.17065,24.93641,000000000f4919c9,25.36
18374,2019-08-04T12:41:40Z,cf05623e4d87ce0906c0b0b7dbf53aacc1228016cd27c341228b6e76,60.18203,24.91341,00000000342570c2,18.79
18375,2019-08-04T12:41:40Z,cfc0bedb78ded52749db3188cb188bf6a250ef5990da9c5afa9623fc,60.14951,24.92138,0000000006dd41f6,25.36
18376,2019-08-04T12:41:40Z,ded49640b591e73bff71f84fb99d2739eb6c9554164a015017725e03,60.16829,24.94214,00000000afef4555,14.89
18377,2019-08-04T12:41:40Z,e8e366e76c97944e23c0f80b4fd3ce6e5832744922297146a49f0c7e,60.16762,24.95415,000000006b44cce7,8.38
18378,2019-08-04T12:41:40Z,e96bd269a48b822b06141c3362fcb6d5ed4d0d09a120f2e4a712d5c2,60.16897,24.95222,00000000aa852af1,12.69
18379,2019-08-04T12:41:40Z,ed70dda6b7faebd4340dacdb452ab224d9d3c308df417b7fa76f54e8,60.14951,24.92138,0000000006dd41f6,21.87
18380,2019-08-04T12:41:40Z,efffdbe497ad2fa39b57c75ffd33c8f0ae621c4ef6154dcb169e5937,60.16075,24.95883,00000000f1124bca,13.75
18381,2019-08-04T12:41:40Z,f088630d7476dae7d4b7e2bb1f10575f2c89acb4b6e061f3d57c2b40,60.16531,24.9442,00000000fdda10fe,18.79
18382,2019-08-04T12:41:40Z,f29ea15113ac0eea0be8ec41c633909de4b0b9ab6c7b9898b128080c,60.16897,24.95222,00000000aa852af1,14.89
18383,2019-08-04T12:41:40Z,f405a7c4a3a4339f8e3f7e552f6492d6eed76f7d08c54943286213de,60.16762,24.95415,000000006b44cce7,10.78
18384,2019-08-04T12:41:40Z,f6609ab1076b1105bb845595a03b41b8fbb282f79c337df5bbc9f841,60.14699,24.922,00000000a53ed894,21.87
18385,2019-08-04T12:41:40Z,f94dddacf96965952551200a02b41925bcd21402aceafb12f19931af,60.16075,24.95883,00000000f1124bca,14.89
18386,2019-08-04T12:41:40Z,fc4f3a44235f1cfc7b53f14ba2da599976a5a0a220d23b852688e485,60.17918,24.95141,00000000675d5200,33.81
18387,2019-08-04T12:41:40Z,009ad4cd2bd97e04da44cc9789e6bdbdb899eded61d05b7d5634b7be,60.16829,24.94214,00000000afef4555,5.91
18388,2019-08-04T12:41:40Z,00a07b1f8113691d8475c54082a14cdd54decf9845a90e75df8031a6,60.17065,24.93641,000000000f4919c9,31.5
18389,2019-08-04T12:41:40Z,00bdb07c0f4f75c71196362c269c9f652c66cf7d3f3c2d89843af063,60.16629,24.95957,00000000fb7600be,23.56
18390,2019-08-04T12:41:40Z,032e5d7621738a50c9e742e0cba13c819f7c67cedf8687f3ab25595c,60.16762,24.95415,000000006b44cce7,12.69
18391,2019-08-04T12:41:40Z,033759f09b97a9347fd7852dbc2bcd3abbb67a792486acad9d185bca,60.16762,24.95415,000000006b44cce7,4.94
18392,2019-08-04T12:41:40Z,036c183505fea646b54aeb0c612913cafba94eca65e47d3c6d840a68,60.17918,24.95141,00000000675d5200,36.27
18393,2019-08-04T12:41:40Z,0479a26a59d65bf1dee05c06f4227a0ba63a6e9c9a09e7c34f2e06b4,60.14699,24.922,00000000a53ed894,7.69
18394,2019-08-04T12:41:40Z,04b49a34910d12f55243dd5a756c7cc1e506e5d3cdb418cc635e9ad9,60.16762,24.95415,000000006b44cce7,7.05
18395,2019-08-04T12:41:40Z,04b5d29c48edaaf4904a98e412562e3c0d857eb20342cc7c323d4293,60.16762,24.95415,000000006b44cce7,5.91
18396,2019-08-04T12:41:40Z,04f35922a81b516e7028f61c6ff34faf6da85df0a5cfcefb6df1861f,60.149,24.9843,00000000fffb8cf0,44.58
18397,2019-08-04T12:41:40Z,05d441c83d2df822feaf93d7861452db7a201f22d84cfa36f421dfd2,60.16544,24.95398,0000000038d83d41,12.69
18398,2019-08-04T12:41:40Z,0638ed176f2a4b17c11bae92240575c9305f4bc21592a476b3106be4,60.16762,24.95415,000000006b44cce7,16.1
18399,2019-08-04T12:41:40Z,0745a2141a9beee786a347d3ee1b071719fd2f4abfeeab7f5248c0ad,60.14699,24.922,00000000a53ed894,12.69
18400,2019-08-04T12:41:40Z,076c28c1895ef1919c11113113c12655c546fc90a00800e5ebec5b56,60.14699,24.922,00000000a53ed894,10.78
18401,2019-08-04T12:41:40Z,07fa093f5dceb6043b0a8c9d8ad01c1bfdfe15d4b3071a26b747ea07,60.14699,24.922,00000000a53ed894,10.78
18402,2019-08-04T12:41:40Z,0851ab74be2e888decf0046825f09ed302f7b2275e72b09b5b713d85,60.16829,24.94214,00000000afef4555,21.87
18403,2019-08-04T12:41:40Z,0a0acb70a8ef92be52a64d4425e70bb2f7a17d13942c3382c9d68878,60.149,24.9843,00000000fffb8cf0,2.08
18404,2019-08-04T12:41:40Z,0a5616e066b42895361324cfa8abef41d849a55e3e4bed429bab494b,60.16829,24.94214,00000000afef4555,10.78
18405,2019-08-04T12:41:40Z,0a5ed50daf13dd10744537aa851ac7ab1d34d9797ec6ab6e2402aebb,60.16762,24.95415,000000006b44cce7,4.5
18406,2019-08-04T12:41:40Z,0aabf0df4c3c5b45bb8950c92dbe624985f19e8650ed61f92571a65a,60.14699,24.922,00000000a53ed894,7.05
18407,2019-08-04T12:41:40Z,0b0dd9af9d52c68ff71ce266d6707abbb0f56c3c63be0f83f7b5df9b,60.16762,24.95415,000000006b44cce7,4.5
18408,2019-08-04T12:41:40Z,0c905239b8c0e14cba671cf4d4d715d1045a30ee62a6285fb489dbb0,60.16829,24.94214,00000000afef4555,18.79
18409,2019-08-04T12:41:40Z,0d963177e81fa665e49cab41aeba81fdbaa70407a6459fc808467830,60.16829,24.94214,00000000afef4555,14.89
18410,2019-08-04T12:41:40Z,0ef4d4e0ed1d5a16b616f3722210deaa1f3be532439fb707802f70a2,60.16075,24.95883,00000000f1124bca,13.75
18411,2019-08-04T12:41:40Z,10a99e791e27975dc1c9d73d3163cabacf3bd7bd05a4f7abf6365426,60.14699,24.922,00000000a53ed894,9.92
18412,2019-08-04T12:41:40Z,10caaea8002e8b3b342b32710efdd7305ff375ca1cdc01411f66b2f6,60.14699,24.922,00000000a53ed894,3.74
18413,2019-08-04T12:41:40Z,119268a2b328b466959e99158efc17d07641daf2eab0785f813707f9,60.16762,24.95415,000000006b44cce7,10.78
18414,2019-08-04T12:41:40Z,120a63917cb5ab619bf9a71328f14020736ee84e75d5b37278748def,60.16897,24.95222,00000000aa852af1,12.69
18415,2019-08-04T12:41:40Z,121345c4cf0d0f18c684c4eb22e496ac6f8fb537ec2f3812f6966b67,60.16762,24.95415,000000006b44cce7,17.4
18416,2019-08-04T12:41:40Z,13bcedb8c59b26417282929d81844b272c7c5bc295614f531219a8e4,60.14947,24.91438,000000004ef3150d,11.7
18417,2019-08-04T12:41:40Z,13ee67fb034e3d24edc9a9618e9d6de24979ebbcb399f83abb02a897,60.14699,24.922,00000000a53ed894,4.11
18418,2019-08-04T12:41:40Z,1423891c6ee1edc7da83904378a35aef2e5797db95b117651d676934,60.16762,24.95415,000000006b44cce7,12.69
18419,2019-08-04T12:41:40Z,1496ce9cf373a2a508a8ab0b7aa0604dd889fd69483881c3752219af,60.14699,24.922,00000000a53ed894,9.12
18420,2019-08-04T12:41:40Z,151c8075b97e96517236b9bf5ce6bd63294094eae52e427904e6fd66,60.16829,24.94214,00000000afef4555,16.1
18421,2019-08-04T12:41:40Z,15ee12e5f9be00a79b0cbbc9912f51cbfa3e486624567e1bde938fb6,60.1538,24.95595,0000000038bf9618,16.1
18422,2019-08-04T12:41:40Z,161aa798c2a18e132fb27ecded773218ea4e42eabbd0e5794b1d7017,60.15432,24.9211,0000000019fb59c4,11.7
18423,2019-08-04T12:41:40Z,171a752ceacd35c6e27c36e67da80ba960a246c0977f0bdca139a472,60.14699,24.922,00000000a53ed894,16.1
18424,2019-08-04T12:41:40Z,1769031b7f4d75de0541e26427b9ecc92c84b80992e3b36bb8eb799e,60.16829,24.94214,00000000afef4555,6.46
18425,2019-08-04T12:41:40Z,17af6ab252328066d6b13406084507dfa7a7f6db3030872e7f87223d,60.17065,24.93641,000000000f4919c9,16.1
18426,2019-08-04T12:41:40Z,197961cf403efacc6bdb07158a50753109701aba7a6e7cbf8502e1ee,60.14947,24.91438,000000004ef3150d,13.75
18427,2019-08-04T12:41:40Z,1a93dfa31156cee53b4bd527d8b74655a5da812b6933d8a86d871e47,60.14947,24.91438,000000004ef3150d,13.75
18428,2019-08-04T12:41:40Z,1aacd77e1fdbe1544cf1ab29a00642d77ce4a075e388e8a2108aa39b,60.16829,24.94214,00000000afef4555,18.79
18429,2019-08-04T12:41:40Z,1ad0b84716a79851fa8db7a993012f0c8e496d6cba9d028a546285a2,60.16897,24.95222,00000000aa852af1,10.78
18430,2019-08-04T12:41:40Z,1b3fba902b8d1538b508cdc228fd15fdd87f5aecb68e5611b1a4e354,60.16762,24.95415,000000006b44cce7,4.11
18431,2019-08-04T12:41:40Z,1bcef866fafad7c7460a084e0b0d27c087b549f4ae704390708be47e,60.149,24.9843,00000000fffb8cf0,7.05
18432,2019-08-04T12:41:40Z,1e24a2120b13c780dbb3a67a73f5058d1847f126fd5f5952e6dddcd3,60.16075,24.95883,00000000f1124bca,29.32
18433,2019-08-04T12:41:40Z,1ec58e626d2335aeeaa7c7d8f715d4334274dbd43448fb62c3901ef6,60.16829,24.94214,00000000afef4555,18.79
18434,2019-08-04T12:41:40Z,1f74037ecab4dbdc5db1a8dc8b583a86630f86a5f2d0a5167b7fa605,60.18203,24.91341,00000000342570c2,10.78
18435,2019-08-04T12:41:40Z,203a0c145a43c9a18f8c2a5ba4e18882e7430662bb4ac0e56ab37578,60.17065,24.93641,000000000f4919c9,13.75
18436,2019-08-04T12:41:40Z,208944c5811f446561788c5415738cbe52bdacb371f415236042698c,60.16897,24.95222,00000000aa852af1,21.87
18437,2019-08-04T12:41:40Z,21bdc11bb63fb48c9d4b5308540ee5df579c9a385001a10fceeeedf3,60.14699,24.922,00000000a53ed894,12.69
18438,2019-08-04T12:41:40Z,22fe9a06fba1036e8eafd726bc450095b1893be067f475e1882bb704,60.14699,24.922,00000000a53ed894,8.38
18439,2019-08-04T12:41:40Z,231026899a6d5b326cb5b1e38b182ca1acb77c7e27bc2378973b29db,60.16629,24.95957,00000000fb7600be,11.7
18440,2019-08-04T12:41:40Z,23337c2812924a07e4f0bbc92e56d1f85ea40208b6b987f4afc686cf,60.16897,24.95222,00000000aa852af1,17.4
18441,2019-08-04T12:41:40Z,247f8b2fe544f61677fce4b7f300f6be0c3fa9f5a9f057cc0a4b2111,60.16762,24.95415,000000006b44cce7,17.4
18442,2019-08-04T12:41:40Z,2607d1b2fc6e31a80348fffbed68a7d3a8e0212f197f2d1c573c587b,60.14947,24.91438,000000004ef3150d,3.74
18443,2019-08-04T12:41:40Z,269124e75b1e74a7c7dc93b778e02f04d0a53e069a90081c0938ee4c,60.14699,24.922,00000000a53ed894,13.75
18444,2019-08-04T12:41:40Z,2838eddb482a9bc77b0b867352020e2cbfb71e85aaa1d61307e85f3d,60.14947,24.91438,000000004ef3150d,17.4
18445,2019-08-04T12:41:40Z,28b43564f7156b67db7cb7b779e948986d7610f921490f9030379704,60.16897,24.95222,00000000aa852af1,5.91
18446,2019-08-04T12:41:40Z,28d2c3282e9f8fec67baec7992dcd800c45b67071e33cb118905a6b3,60.16829,24.94214,00000000afef4555,9.12
18447,2019-08-04T12:41:40Z,2969cdb120f2d285c556abfe5bac2f8090571f61aba227a474a534d2,60.17065,24.93641,000000000f4919c9,5.41
18448,2019-08-04T12:41:40Z,29a1ee6c0907a00ec6b6dcbb187f5c31d1a11b261aabd339210ee013,60.16897,24.95222,00000000aa852af1,11.7
18449,2019-08-04T12:41:40Z,2a47bdc66249162a9588347a6cbe7895fe798bb25c1194cd69fb1e8b,60.14699,24.922,00000000a53ed894,16.1
18450,2019-08-04T12:41:40Z,2bc95bfe257249215913b47f8544606d478783f0530c688972c2f11f,60.16629,24.95957,00000000fb7600be,25.36
18451,2019-08-04T12:41:40Z,2ee2e108ed9051b1ccf4d3ee89931dfd53170af0b558fa6579b83e8d,60.15432,24.9211,0000000019fb59c4,12.69
18452,2019-08-04T12:41:40Z,303b71b588600720035fd295c72c5a573cc3eb884d1289fc42ae5b2b,60.16897,24.95222,00000000aa852af1,27.28
18453,2019-08-04T12:41:40Z,30c55d5011d0f6c901437a130dbe2653c7ae0cceee3b0a242394152c,60.14947,24.91438,000000004ef3150d,21.87
18454,2019-08-04T12:41:40Z,3165c6ee17d11e4b51e03844fd1234cd64aecc860cd6c162ceb99058,60.16897,24.95222,00000000aa852af1,18.79
18455,2019-08-04T12:41:40Z,3197a3340c627059b7c7eb4b36e932bf06a1d31d868aabd647df6373,60.16762,24.95415,000000006b44cce7,11.7
18456,2019-08-04T12:41:40Z,32708990f2c831e65f70f2682baf5188fc93348b9a9e78ada8db2bf4,60.14947,24.91438,000000004ef3150d,1.01
18457,2019-08-04T12:41:40Z,32f77f5019e5fce30881c214487361e2e34b8c93277f6e546de72012,60.1638,24.96846,00000000d747f075,36.27
18458,2019-08-04T12:41:40Z,33634cb1e3fc5d4a621e8717d203da8533ed27531a70c6cbe3abf3fa,60.16762,24.95415,000000006b44cce7,2.54
18459,2019-08-04T12:41:40Z,33ec502792a84f23fed03cf16e483d153c65e2850a2549f47034726a,60.16762,24.95415,000000006b44cce7,8.38
18460,2019-08-04T12:41:40Z,3405b45677395f577b17b4f3f98f4e4acf64510ac518139bea7227fd,60.16829,24.94214,00000000afef4555,14.89
18461,2019-08-04T12:41:40Z,348d0f13ec830589831a973041803bc7b6c0f0b5f6e5a84e47f292d3,60.17002,24.94407,000000006b087f40,25.36
18462,2019-08-04T12:41:40Z,349dd839e41cff363cc4b935496e52b93be15233e508aa82987859bd,60.16075,24.95883,00000000f1124bca,12.69
18463,2019-08-04T12:41:40Z,34bf3e380e2a914953cf9b98fa3d965c890a9f6ed7a0ce833012b9f5,60.16762,24.95415,000000006b44cce7,25.36
18464,2019-08-04T12:41:40Z,34f282042837e6b8407c31fd6c880bdbb7071c56d76c4b6e5ba78819,60.14947,24.91438,000000004ef3150d,14.89
18465,2019-08-04T12:41:40Z,34fddf0f4ea194b9720451d11a9de76225577536681d4f4b0a00b860,60.16829,24.94214,00000000afef4555,17.4
18466,2019-08-04T12:41:40Z,358d7986d5bf2a0624fb1412a157b3c7b12f90653457e15a76bbdf50,60.16629,24.95957,00000000fb7600be,16.1
18467,2019-08-04T12:41:40Z,35a958343879c000cfc3f0c01afbc7d54934265828677bf4aefef84f,60.14699,24.922,00000000a53ed894,9.92
18468,2019-08-04T12:41:40Z,35e6e075578d7a51e510bf8904bde33f1d117264eea0917db98d4808,60.16897,24.95222,00000000aa852af1,7.69
18469,2019-08-04T12:41:40Z,36f876050503d244f74f3cbadcef716904eb2b245190d474b0cfa794,60.16762,24.95415,000000006b44cce7,3.09
18470,2019-08-04T12:41:40Z,3721331dbb97151d17938ed835ffc7208eba26fba6100c62870a3a4f,60.14947,24.91438,000000004ef3150d,6.46
18471,2019-08-04T12:41:40Z,37945fa4e7409fab98aa8bde45081f5bd083def0059485274ad552c0,60.17918,24.95141,00000000675d5200,6.46
18472,2019-08-04T12:41:40Z,39310ebca1ad756aa2bfcb16c912cb7003ef3e7286a1f037603ade61,60.14699,24.922,00000000a53ed894,6.46
18473,2019-08-04T12:41:40Z,39f03a3a5fd777feee270921a7f51daec12ea679b542b0aaf2e808d7,60.149,24.9843,00000000fffb8cf0,9.92
18474,2019-08-04T12:41:40Z,3a6ce73ea4c03a14fc0d3d099e4698d3c1051a2e8e4bd552d5de394d,60.14947,24.91438,000000004ef3150d,4.5
18475,2019-08-04T12:41:40Z,3af48668fcfc51b261558246e08ae2f7f3bb9d4252e908e38c9db003,60.14699,24.922,00000000a53ed894,13.75
18476,2019-08-04T12:41:40Z,3b73bf57d223bcb9b930ee8619e6603e52485b221389c64d85614baf,60.16897,24.95222,00000000aa852af1,14.89
18477,2019-08-04T12:41:40Z,3be48824225ca9f2aea5653f6ce21181a76e67a8d4b8361f0cba1f8a,60.14947,24.91438,000000004ef3150d,10.78
18478,2019-08-04T12:41:40Z,3e4965f1ed580ddf80246b1b78cbc55b73c11d67573d9cede2a7ccf7,60.16829,24.94214,00000000afef4555,10.78
18479,2019-08-04T12:41:40Z,3e99999f43f3bd9e105e735eeb92531a4301e7f258c90535acfba9ae,60.16531,24.9442,00000000fdda10fe,16.1
18480,2019-08-04T12:41:40Z,3ef78c4485a99bfa3d5e1df620f767b22e6c6583cefd990dee77f784,60.16762,24.95415,000000006b44cce7,12.69
18481,2019-08-04T12:41:40Z,3f395809cdaaaa1688c7d1cc770079bbf7ef1349e148bec5c8eacd57,60.16762,24.95415,000000006b44cce7,10.78
18482,2019-08-04T12:41:40Z,3ffe89aa6ab1e57883e21fa8f15969f46a5f487bccb2b993eadb3cfb,60.14699,24.922,00000000a53ed894,7.05
18483,2019-08-04T12:41:40Z,403f209e525e5159d33b2056ebebcfa95ff94baf8ae3d9b3442c3090,60.14699,24.922,00000000a53ed894,14.89
18484,2019-08-04T12:41:40Z,42052b48fa907a3f9ad0a511096b057331f7a11a1be046a63fb9629e,60.14699,24.922,00000000a53ed894,31.5
18485,2019-08-04T12:41:40Z,429295e322e9f143f79e9a6340e4974858aa9aa2f5ed6e8512dd00cd,60.14699,24.922,00000000a53ed894,20.28
18486,2019-08-04T12:41:40Z,42d4eb6044091814f327d0b01dc9ae701506417af1a8ab7f4161650d,60.14951,24.92138,0000000006dd41f6,12.69
18487,2019-08-04T12:41:40Z,42da4298ed9f522421f17714e024d9b8fe22e7546df3deeb8b139bd3,60.16075,24.95883,00000000f1124bca,4.5
18488,2019-08-04T12:41:40Z,431375be6b9405ef55878f3aa0bb5dd6a35db8ba650a2bce05081c49,60.14947,24.91438,000000004ef3150d,29.32
18489,2019-08-04T12:41:40Z,436df7106ce19510536cf507d8939633784f67da2f872970e0d3ba43,60.16829,24.94214,00000000afef4555,14.89
18490,2019-08-04T12:41:40Z,4533d27e96c5c6637ddff4243672d658fea4004970652882357105a9,60.14699,24.922,00000000a53ed894,13.75
18491,2019-08-04T12:41:40Z,457d11209b95b153efb57d8f2641f2db0823e91a0d608fa0555a5b69,60.14699,24.922,00000000a53ed894,18.79
18492,2019-08-04T12:41:40Z,4602ff9d03f6bf4fbb82976098cc1c73e7a7e754050401c772d1406e,60.14947,24.91438,000000004ef3150d,7.69
18493,2019-08-04T12:41:40Z,467a01a257fbaad22bd4aebafc8f284c9ad3effc429475e57c214e9d,60.14699,24.922,00000000a53ed894,7.69
18494,2019-08-04T12:41:40Z,47bc9ff9097f9ef5f1862e48b4a42f6a9ddd30c4ef2b6eb43291a7a5,60.14699,24.922,00000000a53ed894,9.92
18495,2019-08-04T12:41:40Z,47cde44e4ddbf6c70162fa882eee962e7c3e2a037b650294ec46568f,60.14947,24.91438,000000004ef3150d,18.79
18496,2019-08-04T12:41:40Z,48f665ebb1a71b0d84fc02bd71918c5ab5608328db534639cbd2a255,60.14947,24.91438,000000004ef3150d,5.41
18497,2019-08-04T12:41:40Z,4a3d577d3ee3d826cbea528f3687f4006a366f46438733731c24ccb5,60.14699,24.922,00000000a53ed894,21.87
18498,2019-08-04T12:41:40Z,4aff8c41b8c3f924b9b765007cf6f0f148e9fdc4dfad6299b17f6f71,60.16762,24.95415,000000006b44cce7,16.1
18499,2019-08-04T12:41:40Z,4b1050cc517631e36206d3528399c0b14748daec8c7d1b5dfa412299,60.15432,24.9211,0000000019fb59c4,7.05
18500,2019-08-04T12:41:40Z,4b2a241d832696fc878ceb269b0fbf4987989a0c3109bd2e8ac08170,60.16897,24.95222,00000000aa852af1,12.69
18501,2019-08-04T12:41:40Z,4b85388cdaec2b4c15b546160ee326d9668a5e5d3c7b08d0c539946e,60.17918,24.95141,00000000675d5200,13.75
18502,2019-08-04T12:41:40Z,4be50f3eb033f3f46e3069049c8e0a34dc8a2607741c1764369ba4c2,60.16762,24.95415,000000006b44cce7,7.05
18503,2019-08-04T12:41:40Z,4bf75585466f0aafa2ed2956fe4b0f7235b4ba3a0606a52219b3156c,60.14699,24.922,00000000a53ed894,4.5
18504,2019-08-04T12:41:40Z,4cadc8cc23fd84febb6a8383030a34c97b3388a8c9ed7a64cc0f51a6,60.14947,24.91438,000000004ef3150d,4.11
18505,2019-08-04T12:41:40Z,4ebdb6165c5d4892cdc21711313b98b1545bececfb886192c6f0ef22,60.16762,24.95415,000000006b44cce7,7.69
18506,2019-08-04T12:41:40Z,50e21d119f102cee2afe3ac7f1a32032527638769b05aca582d6ecb1,60.16762,24.95415,000000006b44cce7,7.69
18507,2019-08-04T12:41:40Z,514a3981fad6c695ac4940f09374b5d1c2e84d2ca835084ef8707714,60.16075,24.95883,00000000f1124bca,4.94
18508,2019-08-04T12:41:40Z,51b3c7870a399165f0d1d14f7d21688df32b0360f9cc6f3ca61890d8,60.16829,24.94214,00000000afef4555,1.25
18509,2019-08-04T12:41:40Z,52072bd384eaaf4a6958af5510ed039d194dee47f34667bc7bccbe0e,60.14699,24.922,00000000a53ed894,14.89
18510,2019-08-04T12:41:40Z,52939581c6c8dd3407dbf44ea9e90471e4bbadfb7e3740a0ba8324f3,60.14699,24.922,00000000a53ed894,16.1
18511,2019-08-04T12:41:40Z,52f0e69ca7a5cebe604c1f32308dc7f8870d1d85cd4b25ad17f706e9,60.14699,24.922,00000000a53ed894,12.69
18512,2019-08-04T12:41:40Z,54065d53a62079540c4be1e19eafa5dd581e8ec35da0c31844438e0b,60.149,24.9843,00000000fffb8cf0,23.56
18513,2019-08-04T12:41:40Z,552e7d20be831c5ebfa503ba78ed542d6ece4ecad264308d5dc37a31,60.14699,24.922,00000000a53ed894,12.69
18514,2019-08-04T12:41:40Z,5554305bad43a71cf98d83e92708c7474c1efc189392c1ea94231e9c,60.16531,24.9442,00000000fdda10fe,3.74
18515,2019-08-04T12:41:40Z,560205233dc9b13886248fb6e54ee21dc3b287080072641e01e08dac,60.16075,24.95883,00000000f1124bca,20.28
18516,2019-08-04T12:41:40Z,5636d9760f1eac9d5d050497d7084fd61a92d5d108695a9023769ac4,60.16629,24.95957,00000000fb7600be,16.1
18517,2019-08-04T12:41:40Z,56b8eace741e5227a40ea0a64601a737648080c63d6240b0dca632c4,60.16075,24.95883,00000000f1124bca,23.56
18518,2019-08-04T12:41:40Z,570dc61d53aec66ede39dfde66339640878453afc00cd1a55c60bca7,60.16544,24.95398,0000000038d83d41,25.36
18519,2019-08-04T12:41:40Z,571934189bf349efb6f596e76c21612cf9b82ed44913090169936048,60.17065,24.93641,000000000f4919c9,12.69
18520,2019-08-04T12:41:40Z,57bb8beeec6904b9a5cfe83c4ff9a80e63157780137f03de2a4152d3,60.16762,24.95415,000000006b44cce7,9.12
18521,2019-08-04T12:41:40Z,57eef16af260870a831bd4f88018555730ec7dd21a538e3575825479,60.16829,24.94214,00000000afef4555,27.28
18522,2019-08-04T12:41:40Z,58122bffe92a82d8b8a6fb46e406f2d86c32db26eca7557ec6943fa5,60.14947,24.91438,000000004ef3150d,14.89
18523,2019-08-04T12:41:40Z,58411163d307bb308f9c94a9720e9ce5ab0ce4f5617cd2b1fcc2037a,60.16762,24.95415,000000006b44cce7,14.89
18524,2019-08-04T12:41:40Z,5966e39260804b1e804f63b354a53470a1f621ac8e68afdd522a565f,60.17002,24.94407,000000006b087f40,17.4
18525,2019-08-04T12:41:40Z,59b01cbdec8ff06fa6d50bac00c3f5f4c45132fc8a62800c08df5d6a,60.16629,24.95957,00000000fb7600be,10.78
18526,2019-08-04T12:41:40Z,5b102c62b98f29bd801e4dd0e9ddbc113db3faa38d59990b9ba5e9ec,60.173,24.92524,0000000096918cfa,18.79
18527,2019-08-04T12:41:40Z,5bb54a365362fc3a1d1e4b4421c7b020c45f3274d1393340a1f89eb5,60.16762,24.95415,000000006b44cce7,16.1
18528,2019-08-04T12:41:40Z,5bc8610f198c0ab38e4e89fd7f4828d032ca2a6ef97c2a17c79e296f,60.14699,24.922,00000000a53ed894,17.4
18529,2019-08-04T12:41:40Z,5c160268bc9b4b619181ce421d9e58c258e6b59a342945fc29f0004b,60.14947,24.91438,000000004ef3150d,4.94
18530,2019-08-04T12:41:40Z,5c46671175475bc574d3a64fe85e1ce7792c14d29f1e79a39da24fa0,60.149,24.9843,00000000fffb8cf0,29.32
18531,2019-08-04T12:41:40Z,5d2a1d92163963135c63af616a47ad542e6dfce6839f5a3899a14071,60.16829,24.94214,00000000afef4555,16.1
18532,2019-08-04T12:41:40Z,5d70086d53447ee393249cef33c7bae814c1d7c2e3055fc91b38786c,60.17918,24.95141,00000000675d5200,18.79
18533,2019-08-04T12:41:40Z,5e7916ca910b02abf2d19906759663c23db63950a353fa546f55c8af,60.14699,24.922,00000000a53ed894,16.1
18534,2019-08-04T12:41:40Z,5ea49ba4de68e03664ec3a87f5de32434d7136b4f8323f022ff9df5b,60.16829,24.94214,00000000afef4555,11.7
18535,2019-08-04T12:41:40Z,60d7fd34e511ad1565b92db2fbb5ef2908f7a273acceda524945e86e,60.16075,24.95883,00000000f1124bca,25.36
18536,2019-08-04T12:41:40Z,60d9b71ec38b796bf876dedfaf3112b49ff79677480c7603902857ae,60.14947,24.91438,000000004ef3150d,14.89
18537,2019-08-04T12:41:40Z,614ab7fba7255f6bf6f888e9a04d589962f756b3f427e658f10014f2,60.16075,24.95883,00000000f1124bca,4.5
18538,2019-08-04T12:41:40Z,626afba1adb8348abfb0f9bc6e2c3d7f544e32d0696422b8d7466579,60.17002,24.94407,000000006b087f40,33.81
18539,2019-08-04T12:41:40Z,62916b0c2a8ebabb938b5e97cb14eb89b2b32936d3fad04025ad5854,60.17002,24.94407,000000006b087f40,20.28
18540,2019-08-04T12:41:40Z,62a6fe2d9b3b5b4533c51253f8842428bd797b3c6a95a7816ec472ed,60.14947,24.91438,000000004ef3150d,7.69
18541,2019-08-04T12:41:40Z,63d99db5b2b7360c501446ea5e89feba9bd1c6735a7670039916f2ad,60.1538,24.95595,0000000038bf9618,20.28
18542,2019-08-04T12:41:40Z,63defb71d4c3856253a0a2d67a5c370b91ad0527703b334a63fe5344,60.14947,24.91438,000000004ef3150d,11.7
18543,2019-08-04T12:41:40Z,641e8defb97171d160f062c4bc3e9d06346f10d5246e6aeac935e1a9,60.16897,24.95222,00000000aa852af1,23.56
18544,2019-08-04T12:41:40Z,64394b1287e19738900f57d5c7483e02866e40bc8241fc6f6fbecbcb,60.16762,24.95415,000000006b44cce7,2.8
18545,2019-08-04T12:41:40Z,643ef3f01a51bea3c4510d4060a945cd510e5189236d68f5c9489034,60.16829,24.94214,00000000afef4555,1.38
18546,2019-08-04T12:41:40Z,64638a9f9e6c9b32fc4b484b55e4934fcab6cb04605cc76d5f5534b7,60.17065,24.93641,000000000f4919c9,7.69
18547,2019-08-04T12:41:40Z,64e34af775b57908b23056a31d60ef3b005941f2e7c3db0c49df675d,60.17065,24.93641,000000000f4919c9,5.91
18548,2019-08-04T12:41:40Z,6503762f2cac51cc2b74da1efa6b16583ed11c9a528d7716b7829c0b,60.16829,24.94214,00000000afef4555,17.4
18549,2019-08-04T12:41:40Z,6516a10850095847a8156717b0fba05a9bdc9b5bfedd691ddb07f119,60.14699,24.922,00000000a53ed894,17.4
18550,2019-08-04T12:41:40Z,6525cc634176c25187e68e0d067bcfecfd78e399e93db4ee9d408b7e,60.17919,24.95181,000000007b5207b6,25.36
18551,2019-08-04T12:41:40Z,655204cb507ea9ae811105cdcd766161facaa9f729017a333f102391,60.149,24.9843,00000000fffb8cf0,21.87
18552,2019-08-04T12:41:40Z,65de3b8621fadfc61e9d3657dc477ea9867f9d093f80cf0857dcad88,60.16762,24.95415,000000006b44cce7,8.38
18553,2019-08-04T12:41:40Z,6723bebaab92d1a9f8b4318fd4f497a6dec6d7f8e0eafca443925213,60.16075,24.95883,00000000f1124bca,25.36
18554,2019-08-04T12:41:40Z,67591d427f60ba3c369ac0d78088fca7be33081501508d16401dd6cb,60.16762,24.95415,000000006b44cce7,5.91
18555,2019-08-04T12:41:40Z,675eacdf32b5b831fd118fc5539eea4b3cef4bd11e2e1706a9571222,60.16829,24.94214,00000000afef4555,11.7
18556,2019-08-04T12:41:40Z,677c53ae4056d6cb123ca576ba5284664b1c7e3e88818bd19b5dd99a,60.17919,24.95181,000000007b5207b6,20.28
18557,2019-08-04T12:41:40Z,6875e3632a29207e29ded33617e66d55de5d8c7804fecedd6f1dfe12,60.14699,24.922,00000000a53ed894,4.94
18558,2019-08-04T12:41:40Z,69375ef968867906fc11b34d1e2c4b436d452cd47cb577a7f9e566ef,60.16762,24.95415,000000006b44cce7,3.4
18559,2019-08-04T12:41:40Z,696d977b82fe0f0a15c3aaccef89f3b805ee2d6969a74059d737461d,60.14951,24.92138,0000000006dd41f6,25.36
18560,2019-08-04T12:41:40Z,698b200b63a644828a7314691a16af2af1bccef75d52abb5591a5542,60.14699,24.922,00000000a53ed894,6.46
18561,2019-08-04T12:41:40Z,6b6668d7ebecfb96a6ed3ca19e97f8da150943ddf1d034675d08a9b8,60.14699,24.922,00000000a53ed894,14.89
18562,2019-08-04T12:41:40Z,6b97071051ccf5db7e5ebee033d4f68d58ed6917ff2fac5b205a6605,60.17065,24.93641,000000000f4919c9,20.28
18563,2019-08-04T12:41:40Z,6c7e018abdf8462af7c7b003bc30f915184f7082e9e865a2c502eed5,60.14699,24.922,00000000a53ed894,10.78
18564,2019-08-04T12:41:40Z,6f3dd17e40daabb4efe868f1b859dc00ecc01846f0a0e2b8db5d1413,60.17918,24.95141,00000000675d5200,9.12
18565,2019-08-04T12:41:40Z,6f8d7717df843a7b0be6b0dd55e933ebbd9819bd96c48f210e193e4e,60.16829,24.94214,00000000afef4555,18.79
18566,2019-08-04T12:41:40Z,6fdfc33c6b609ea80b4a38ecf657bc68b7bf659752b51edcc22ffb54,60.16762,24.95415,000000006b44cce7,7.69
18567,2019-08-04T12:41:40Z,6ff93560ca77c6e5a25bc7441cf33cf7fa0138b3da4d99b2dbf5531b,60.14947,24.91438,000000004ef3150d,11.7
18568,2019-08-04T12:41:40Z,70c56152af84cf1bad4d19b0cb31202232b4cd4320ce5ea48895e42b,60.14947,24.91438,000000004ef3150d,9.12
18569,2019-08-04T12:41:40Z,72231bca658d3a16f3bf9c26ba5f13393b8377e4ab0b9ed3de6c811f,60.14699,24.922,00000000a53ed894,13.75
18570,2019-08-04T12:41:40Z,745e52dafbfa395ea41c5fcd0c2717b9091e44d19ab89e03991fdbb7,60.16762,24.95415,000000006b44cce7,10.78
18571,2019-08-04T12:41:40Z,759f94c852ff15ca91c3138913c3858c4801702f8f0514ae82fb2a19,60.16897,24.95222,00000000aa852af1,11.7
18572,2019-08-04T12:41:40Z,7664b7f08aaa059ecf6646a595c33fae0c80715febe63e31f45a4662,60.16762,24.95415,000000006b44cce7,4.94
18573,2019-08-04T12:41:40Z,777cceac7be6303a1c82f7cc68061528b01e3aa1b3aa6481cad9e5e3,60.16075,24.95883,00000000f1124bca,4.94
18574,2019-08-04T12:41:40Z,77a12194b9a6789f4b2b8c07ae7fce3c2b531cb221e5fa7ca5deae55,60.16897,24.95222,00000000aa852af1,7.05
18575,2019-08-04T12:41:40Z,7953eb6c982160df4a8fc08a35e892cfdfacf3438067866d2f21f841,60.16762,24.95415,000000006b44cce7,20.28
18576,2019-08-04T12:41:40Z,79bde23c1a8980f93a65e14306f0d8ea89e164430d8b991e2bfee82e,60.16531,24.9442,00000000fdda10fe,12.69
18577,2019-08-04T12:41:40Z,79d30a3ef05e3d34450d1c975b3fa9d21b994f078f943db791239b07,60.14699,24.922,00000000a53ed894,18.79
18578,2019-08-04T12:41:40Z,7a0c0b525f2d3eed6c873bd3b8d27bede551fe4a428ac15c23deadae,60.16075,24.95883,00000000f1124bca,14.89
18579,2019-08-04T12:41:40Z,7a4a06d20ebe57d94e5fceeaf47d5b56ad9a515818e9c20e21a80e61,60.16629,24.95957,00000000fb7600be,21.87
18580,2019-08-04T12:41:40Z,7a97375000483176c3b37cc0d1744a950d9b322ce3534208fce0b21d,60.14699,24.922,00000000a53ed894,23.56
18581,2019-08-04T12:41:40Z,7ab335e046f7f3597f8f615a90857885e35cfecefebd5d24bbf0af90,60.16075,24.95883,00000000f1124bca,5.91
18582,2019-08-04T12:41:40Z,7ad93fed82e41ea4422fa101badc698b0328c3ebf0f6b73c5164d438,60.16897,24.95222,00000000aa852af1,9.12
18583,2019-08-04T12:41:40Z,7af6672e274ebe27cdb785373a857fc5bcad92a386c36dbe3221d4f4,60.14947,24.91438,000000004ef3150d,7.69
18584,2019-08-04T12:41:40Z,7b61dc50070867948abbe5275032ae82e7643ca4158a809fe41a8b69,60.14699,24.922,00000000a53ed894,16.1
18585,2019-08-04T12:41:40Z,7bb67bcf014747e5d826f95c610d36492f31095552417a0864475491,60.14951,24.92138,0000000006dd41f6,18.79
18586,2019-08-04T12:41:40Z,7c3e30f8265c495083db66916242e1237a89a17dcdd165c2c4497700,60.149,24.9843,00000000fffb8cf0,33.81
18587,2019-08-04T12:41:40Z,7e76449e59f1e3a1a615b54408115353fbb14d815390d03a73b1a7bb,60.14947,24.91438,000000004ef3150d,12.69
18588,2019-08-04T12:41:40Z,7ee87b87cf01698f643e1ba3117b245039edc811605df5dc802e7576,60.14947,24.91438,000000004ef3150d,7.69
18589,2019-08-04T12:41:40Z,7f2f97e26d55f653ed70260ea4f893d01a3984cbdf6d7a3bfb2641de,60.16829,24.94214,00000000afef4555,7.05
18590,2019-08-04T12:41:40Z,7f3c9dd2c7352cb81fb186a7d700841d2bcb47cd8ea0d5f8719b5908,60.16762,24.95415,000000006b44cce7,11.7
18591,2019-08-04T12:41:40Z,7f786ec8e06f1ca3bdd10fc60d0114baf354125b8f6cf796d197f4cc,60.16075,24.95883,00000000f1124bca,4.94
18592,2019-08-04T12:41:40Z,80aec8656b3422b9e9819007367c799a4e108fee246063f9117203e4,60.1538,24.95595,0000000038bf9618,33.81
18593,2019-08-04T12:41:40Z,80cbcb887f3e351e3bef7c5f53dccc578cc3494feec514aed7015c0d,60.16075,24.95883,00000000f1124bca,6.46
18594,2019-08-04T12:41:40Z,82411c6526228322a61f59259f13adf7cde62bd767587b6735867705,60.17918,24.95141,00000000675d5200,7.05
18595,2019-08-04T12:41:40Z,82ce8c2420645d1eeed2751616ac691b53855581110be4cc97a61036,60.16897,24.95222,00000000aa852af1,20.28
18596,2019-08-04T12:41:40Z,83073c017c8293e4b6eab781fbc2147fafa144d33b3618abd1ae5d90,60.17065,24.93641,000000000f4919c9,29.32
18597,2019-08-04T12:41:40Z,83121a75723643c48e3c3b0a3ea5fccb532046432ca445833e8de06a,60.16762,24.95415,000000006b44cce7,2.8
18598,2019-08-04T12:41:40Z,848fe01e24ccc782e5968171f53ea31d28f20a455c45d8bac8fb7374,60.173,24.92524,0000000096918cfa,20.28
18599,2019-08-04T12:41:40Z,8499290ca844477035cb04c821386788d09243bf12e2337d45411ac1,60.17002,24.94407,000000006b087f40,29.32
18600,2019-08-04T12:41:40Z,849a662d95d4185421aff7c6213ba5d7b84cfc58c9fb30ff34054e4c,60.16075,24.95883,00000000f1124bca,8.38
18601,2019-08-04T12:41:40Z,85d66944a64cfde859e7e08ca4b79f3b39d5b03141d500fe7ce73f7e,60.14699,24.922,00000000a53ed894,14.89
18602,2019-08-04T12:41:40Z,868cd7608ed6beb209db2aad8c71f56b8aec3a6b453be18e4af217a2,60.17065,24.93641,000000000f4919c9,14.89
18603,2019-08-04T12:41:40Z,8822ffe19dec49fe874ac377de5a0504e931e342ecc1f5b1fcb939e5,60.16897,24.95222,00000000aa852af1,12.69
18604,2019-08-04T12:41:40Z,885bcc6af7d0aa9718fe1030e32ffff1de5171ae5ef67cf0011874fb,60.14947,24.91438,000000004ef3150d,6.46
18605,2019-08-04T12:41:40Z,8947a5209f3b32173d3dc72792039edf94a2711741ab041b62b30643,60.16762,24.95415,000000006b44cce7,12.69
18606,2019-08-04T12:41:40Z,896f7e896dc6f1ea44b82bf968a988cc10c358ee34821d9d7a4bd07a,60.14947,24.91438,000000004ef3150d,8.38
18607,2019-08-04T12:41:40Z,8a08b2de43a9ef03cf96610718c908e69dcacc59f536a7135b7bb542,60.16629,24.95957,00000000fb7600be,10.78
18608,2019-08-04T12:41:40Z,8acb351d2b6acbd61099205c5c497b7507c1a4da115c4b8fcaa8c930,60.16762,24.95415,000000006b44cce7,17.4
18609,2019-08-04T12:41:40Z,8b641985c793a3f25a45b2460cb01f5baa6f339c6dd26ba7752d8a7a,60.16897,24.95222,00000000aa852af1,23.56
18610,2019-08-04T12:41:40Z,8ba6cfc17ca70e8304994e018ebd5eb2003177062cde05925d5cacb3,60.173,24.92524,0000000096918cfa,16.1
18611,2019-08-04T12:41:40Z,8bbf5422247a0a6be314130d8fd9ae1814401b75acf3b3ce2da9620c,60.14699,24.922,00000000a53ed894,20.28
18612,2019-08-04T12:41:40Z,8d528b00553162a9dd47d2296d15b2fad89aad6a508424d4589618a1,60.14947,24.91438,000000004ef3150d,17.4
18613,2019-08-04T12:41:40Z,8d5672c651968bf1f466b44baefa37f9438850e96140d126f6a99baf,60.16897,24.95222,00000000aa852af1,21.87
18614,2019-08-04T12:41:40Z,8d73f674010f5cb02e8f20251ed86a9afcb7f6b3926039470296bd00,60.17065,24.93641,000000000f4919c9,18.79
18615,2019-08-04T12:41:40Z,8d8a869e83fe2ac29e791666634a33af3ea4048ea4e752b6fb1e238c,60.14947,24.91438,000000004ef3150d,4.11
18616,2019-08-04T12:41:40Z,8dcf139eb279bcc2696420ba9da858e361600ff02cd29587f66660ec,60.16897,24.95222,00000000aa852af1,17.4
18617,2019-08-04T12:41:40Z,920dc90f60b295267f63efc8f968408087b71878dc3f49f0ded1c41e,60.17918,24.95141,00000000675d5200,7.05
18618,2019-08-04T12:41:40Z,926717d61529080dfc4c7f8cdcdc82c6490d2a5129474524b8c40ea4,60.16829,24.94214,00000000afef4555,18.79
18619,2019-08-04T12:41:40Z,93a2100e233b204243f7e69b68dea7c9a145d1b5384bd18359bf87a3,60.16531,24.9442,00000000fdda10fe,2.8
18620,2019-08-04T12:41:40Z,93e409819362e2429a43710ff4330bd3ed83011b73ae438dd7fb62d8,60.16762,24.95415,000000006b44cce7,13.75
18621,2019-08-04T12:41:40Z,94237bc673d78a307ecc9da6df18d0b37e632b8cd6709f81081f000a,60.17002,24.94407,000000006b087f40,20.28
18622,2019-08-04T12:41:40Z,9604244c18efd5978b809f021651f7743e0e64da38fcf3718f9b4f93,60.14699,24.922,00000000a53ed894,16.1
18623,2019-08-04T12:41:40Z,97264f5808fa13851dacabf0c98525eec29849ff4b6a744cc777fd5b,60.16075,24.95883,00000000f1124bca,17.4
18624,2019-08-04T12:41:40Z,9862cafd709b75d07c83b397773e0cf33564666cb81814bdbf5e54f2,60.16897,24.95222,00000000aa852af1,12.69
18625,2019-08-04T12:41:40Z,9885627881a266e5cf401516e009049e859d738e2e019be570f4b4d8,60.16448,24.97323,0000000053c6c2be,27.28
18626,2019-08-04T12:41:40Z,98bb3b6f5e2403b14b8e01616c07b03bb1fd153ded656033d7bd3533,60.16075,24.95883,00000000f1124bca,9.12
18627,2019-08-04T12:41:40Z,99334da99912e6d4b516e02432e7f88db5a5b87f635722bc3a8b38a6,60.14699,24.922,00000000a53ed894,17.4
18628,2019-08-04T12:41:40Z,994b630283c750a0b697359e32c4bd06d5b4a32d2edb6c12cce42b32,60.16829,24.94214,00000000afef4555,9.12
18629,2019-08-04T12:41:40Z,9a9db814dfa74ca2c2d51496299715310e81c6e6525cc9d2cb0762eb,60.16897,24.95222,00000000aa852af1,17.4
18630,2019-08-04T12:41:40Z,9acffb3f8b8720e2de83c8cfd41915d268d5eca34e0bd280eed3e6f4,60.16897,24.95222,00000000aa852af1,18.79
18631,2019-08-04T12:41:40Z,9bf4a5d763fa921335be6c141a0c9fd769fcb2f4c5b40b85a1c99c71,60.14699,24.922,00000000a53ed894,21.87
18632,2019-08-04T12:41:40Z,9e3d4a4b1acd94d2896cd7cf56419110f06ea96faae37aadebd4ec77,60.14947,24.91438,000000004ef3150d,4.11
18633,2019-08-04T12:41:40Z,9ff13c715073d5ad9c464cb67b6de3f703435cf389c32cce5626dfe1,60.149,24.9843,00000000fffb8cf0,38.87
18634,2019-08-04T12:41:40Z,a22736c5d66f417bc6b745f51492549dc2e5a3c766f5e7e23f183b41,60.14947,24.91438,000000004ef3150d,4.11
18635,2019-08-04T12:41:40Z,a2ff3e38cd375b2ad8433e939eff89dc118acf09b0b2339b33bccb47,60.16897,24.95222,00000000aa852af1,25.36
18636,2019-08-04T12:41:40Z,a38a21a97a054541f0423f03758c70227116c05254958373e3e93ad0,60.14947,24.91438,000000004ef3150d,5.41
18637,2019-08-04T12:41:40Z,a3d228482bfdd3dbdfaee1ff72b6ac00c2ee8c05e949047ce9117783,60.14699,24.922,00000000a53ed894,5.41
18638,2019-08-04T12:41:40Z,a422a30ec1eb058c7930e1352297c161639faa5b3ca5f5fa47c4adb3,60.14947,24.91438,000000004ef3150d,16.1
18639,2019-08-04T12:41:40Z,a47f8d59e11da7fa47e0cbe518b593e023018f122d5710ffbb775c0f,60.16829,24.94214,00000000afef4555,16.1
18640,2019-08-04T12:41:40Z,a4f416ec0941bb365e3665d7fd224fad15d74225e8ce9f6dd6368bc7,60.17065,24.93641,000000000f4919c9,33.81
18641,2019-08-04T12:41:40Z,a6158fc663b4931ef4e811a4acf62ab2f658241775e200b14684f87d,60.16897,24.95222,00000000aa852af1,16.1
18642,2019-08-04T12:41:40Z,a6427dc4d8e46890c882bb4c8f9f8b923e8e30692db686527bbd7b92,60.16762,24.95415,000000006b44cce7,13.75
18643,2019-08-04T12:41:40Z,a66c6aaed06f5e4b2cde2b0e598cf422548fdbb7d08dfb741f857ec2,60.16762,24.95415,000000006b44cce7,23.56
18644,2019-08-04T12:41:40Z,a6f944078dd26796f5a849ccb6fdf8a4436f913cf3302597c846462d,60.16762,24.95415,000000006b44cce7,9.92
18645,2019-08-04T12:41:40Z,a7472d1b63171c047444981df223670390009e3ea502132d9963e9fb,60.14947,24.91438,000000004ef3150d,5.91
18646,2019-08-04T12:41:40Z,a76d219c3abcc4ec3a54dd834263f9a24972c71be4c7bbbfc663f22f,60.14699,24.922,00000000a53ed894,7.05
18647,2019-08-04T12:41:40Z,a794d97e26d3678bb11b4364880414bb7bfac4bb49d1867b37b489f7,60.14947,24.91438,000000004ef3150d,7.05
18648,2019-08-04T12:41:40Z,a8df2631c2442628608c1f0352c896eb532a6ca08c85de2c77360aa8,60.14947,24.91438,000000004ef3150d,3.4
18649,2019-08-04T12:41:40Z,a9383e1c3d9b3355965662ff18ad95dfb64daa5d8e71fc20e7e50df7,60.14699,24.922,00000000a53ed894,12.69
18650,2019-08-04T12:41:40Z,aa076c3f0d09145aebbb750dde9849ba4eb6759e92ba5753280184d6,60.16762,24.95415,000000006b44cce7,10.78
18651,2019-08-04T12:41:40Z,aa5773b59ce2bf1eee53e4e77cd3c261465d2ea538c9a85b8de30cd8,60.14947,24.91438,000000004ef3150d,11.7
18652,2019-08-04T12:41:40Z,aa6d51fc5411b69567cb854360c4a81267eac19446946eb27618306a,60.14699,24.922,00000000a53ed894,21.87
18653,2019-08-04T12:41:40Z,ac93ac0788af8e1b0f20fada4f15ca1ad31f4084b133482d8211571d,60.14699,24.922,00000000a53ed894,16.1
18654,2019-08-04T12:41:40Z,acdcc8ae1d1c6bb055dfc108154eae58b4b894f0ce1ff174c1065c7e,60.16762,24.95415,000000006b44cce7,5.91
18655,2019-08-04T12:41:40Z,ad8af809ed47a3391bb53d11da159b3a8b0ddc264d94c049ce72bda0,60.17065,24.93641,000000000f4919c9,1.38
18656,2019-08-04T12:41:40Z,ae08ba8b9f7ef2a4326d6d7bbf452a87d08f8062feaf20cb7101d414,60.15432,24.9211,0000000019fb59c4,23.56
18657,2019-08-04T12:41:40Z,ae87b8dd8920695bc9e599874667205991c04e30666d8523f0be4350,60.14947,24.91438,000000004ef3150d,4.5
18658,2019-08-04T12:41:40Z,aec4b11f0b1ec075878ca4a3b94da464f6fc96e330b913d5bfd346b0,60.16897,24.95222,00000000aa852af1,16.1
18659,2019-08-04T12:41:40Z,aefdb2741d688503f8a51d5af7b715c1270e21331d0aa56b07ea3c23,60.149,24.9843,00000000fffb8cf0,38.87
18660,2019-08-04T12:41:40Z,af8d59ebae9a22f7ba004eab4dcac2f4560a935bf6a7f9e2ffc0d0af,60.14947,24.91438,000000004ef3150d,18.79
18661,2019-08-04T12:41:40Z,b06c7ebb0cc7182279f47fe99da297fb7bda883549cb7bbc05dff36f,60.16829,24.94214,00000000afef4555,36.27
18662,2019-08-04T12:41:40Z,b0a20a40885487350aaf5c8f46dab27d4d7e1d5c24fefec54c0c62d4,60.16829,24.94214,00000000afef4555,14.89
18663,2019-08-04T12:41:40Z,b11910a4d628e08056481b347d9a80d6edb23f1f2612beaa24606c8b,60.16762,24.95415,000000006b44cce7,13.75
18664,2019-08-04T12:41:40Z,b255261b4f367acbf68fac08700949f13001dfe40901f75ec4a321a9,60.16897,24.95222,00000000aa852af1,23.56
18665,2019-08-04T12:41:40Z,b26a9be85f5fd17ea58397762fa55db3c8f68fb709d586d61527c892,60.16829,24.94214,00000000afef4555,7.05
18666,2019-08-04T12:41:40Z,b27b090bd1bd9828dcb6ddbd0a1394e4aa097974747dff90ba0eff71,60.16897,24.95222,00000000aa852af1,16.1
18667,2019-08-04T12:41:40Z,b2a01c2a06c3cf1a48333e58e787d9eaf2f975a738c02878220d7774,60.16829,24.94214,00000000afef4555,13.75
18668,2019-08-04T12:41:40Z,b3e9da5a37ed8ed450753cb7443e607ed1de2af685bad5be61b3e91c,60.16075,24.95883,00000000f1124bca,23.56
18669,2019-08-04T12:41:40Z,b41cc64d7ab4e16a03573bdc3b5863c4b402ec66c7780c7900c02877,60.16829,24.94214,00000000afef4555,9.12
18670,2019-08-04T12:41:40Z,b523d3f8341906e4b3877ff7d9614b4e10d6bbf10afdcc6c53656c8f,60.17065,24.93641,000000000f4919c9,23.56
18671,2019-08-04T12:41:40Z,b69b16c2a26a4bb629e51e0165fb79bbffdeb2a24c5d49297fddfcb0,60.16762,24.95415,000000006b44cce7,29.32
18672,2019-08-04T12:41:40Z,b7039958be9f53a3eaed97f705a1974815f52f25226e920155397bec,60.16075,24.95883,00000000f1124bca,16.1
18673,2019-08-04T12:41:40Z,b82ba472f0cb919b39c31b9c737f1608f6a31ffa63352768f9fa12ea,60.16829,24.94214,00000000afef4555,16.1
18674,2019-08-04T12:41:40Z,b9c0ac0bb7310d92c296a8870603ebd12c0c632cfc2a1fa33092b337,60.16762,24.95415,000000006b44cce7,17.4
18675,2019-08-04T12:41:40Z,ba9825bb3cfae6aeb29833f0a11189802065c73f8e541b2bcb5b572f,60.14699,24.922,00000000a53ed894,17.4
18676,2019-08-04T12:41:40Z,bb0193f2b0ac4801fe82ed5cec75e687465d707d92e731047f81650f,60.1538,24.95595,0000000038bf9618,3.4
18677,2019-08-04T12:41:40Z,bbe1e18f88cf88928067a0221965768c1f2ae264291cea564d7eb7e8,60.16897,24.95222,00000000aa852af1,21.87
18678,2019-08-04T12:41:40Z,bbe7947ea50de5986f237ccab5782ddb55c199ad6a81e8f692670d0c,60.16829,24.94214,00000000afef4555,12.69
18679,2019-08-04T12:41:40Z,bc07df8cc395f6f4f5d483b2233caca5f93a6918f346e4cc3702f8cc,60.16531,24.9442,00000000fdda10fe,18.79
18680,2019-08-04T12:41:40Z,bc3861c61a46fbf78a7423712f1a528cf9f8332531271933056c233f,60.16829,24.94214,00000000afef4555,8.38
18681,2019-08-04T12:41:40Z,bcf688ec2e666179e52a495a8304dd7aaaf4acad52788a0929b287a2,60.14699,24.922,00000000a53ed894,20.28
18682,2019-08-04T12:41:40Z,bd055b33f37a0f4211ef88e2ac4d20e5a0620250bc6133d5ccbda839,60.14699,24.922,00000000a53ed894,10.78
18683,2019-08-04T12:41:40Z,bd4ec71179e7755567e37eb54b845b317af028a4effe45dcaeae19bc,60.14699,24.922,00000000a53ed894,20.28
18684,2019-08-04T12:41:40Z,bddca8fc17056f9f207a259070e281eedf4cea3e8e22093b88bbd7b5,60.14699,24.922,00000000a53ed894,13.75
18685,2019-08-04T12:41:40Z,bef86aee891e6813146b3b9679809c39591429ebddf99a44cc9a60ed,60.14951,24.92138,0000000006dd41f6,18.79
18686,2019-08-04T12:41:40Z,bf2e5725b255e320f1e8375ec03f55194f1fd9f751be9629d873a5c8,60.14699,24.922,00000000a53ed894,3.4
18687,2019-08-04T12:41:40Z,bf992d3cd95a73f02d7223eaffe90a94e3e1e98a8c6759bab631b5b0,60.14947,24.91438,000000004ef3150d,11.7
18688,2019-08-04T12:41:40Z,c0722f63618f97eb8ec4afac1a8538b81a3c87e623d753ad1201bf7c,60.16075,24.95883,00000000f1124bca,3.4
18689,2019-08-04T12:41:40Z,c261834e6d2c1bd9adddb82d8c6ce2d8aad82a89e32da62f3fcc6063,60.16075,24.95883,00000000f1124bca,10.78
18690,2019-08-04T12:41:40Z,c2cc1b6c0c0d4fc16a65430d50430a6931aa2801399b5a6efa9c1a9b,60.14699,24.922,00000000a53ed894,17.4
18691,2019-08-04T12:41:40Z,c36d58ed0e0dddb3e26be1214e369db1c3fa3d4bcf8b53536a25239b,60.17065,24.93641,000000000f4919c9,4.11
18692,2019-08-04T12:41:40Z,c3810ce0b90eb320ca748fce472b47910b3112d6468582a43a41bdc6,60.16829,24.94214,00000000afef4555,14.89
18693,2019-08-04T12:41:40Z,c3be6dcc2c0542676c20d28ce38adbe2c0b9be09caa3f22e60210636,60.16075,24.95883,00000000f1124bca,5.91
18694,2019-08-04T12:41:40Z,c3e5ee20ca76f7347fda00c4c2fdee291bc6d843a879b26fbdd70390,60.17065,24.93641,000000000f4919c9,20.28
18695,2019-08-04T12:41:40Z,c4dfae0a1b1bd27741275e8f26148b119bf7225960b4275e488612b9,60.14699,24.922,00000000a53ed894,18.79
18696,2019-08-04T12:41:40Z,c593e91b10da944a20d25c4237bda2fae759d288cea38bcaaee3abfa,60.16448,24.97323,0000000053c6c2be,27.28
18697,2019-08-04T12:41:40Z,c633a260ce59bad4e1ca42f12936ed8ae57a40f5e6528dfb70052c43,60.16897,24.95222,00000000aa852af1,12.69
18698,2019-08-04T12:41:40Z,c6b973b57d5574eb3341b3141a5ba2b28f477ae9e702ab4ae701cc0d,60.14699,24.922,00000000a53ed894,20.28
18699,2019-08-04T12:41:40Z,c728eaa7734efeabe7f33c782081caa960fcced68160e285ee477916,60.14699,24.922,00000000a53ed894,17.4
18700,2019-08-04T12:41:40Z,c7951807c3dfab7d09841dfc9c9b2a4fc0bcf4f43e44a9ac61b85c91,60.17002,24.94407,000000006b087f40,21.87
18701,2019-08-04T12:41:40Z,c905a50dedd9b3d2114cde9160b7adf83adc09683b65598ce24c4047,60.1538,24.95595,0000000038bf9618,21.87
18702,2019-08-04T12:41:40Z,ca507a06be040b3e520339b63d5bd15463a1862124c4bd940d936e4a,60.16762,24.95415,000000006b44cce7,16.1
18703,2019-08-04T12:41:40Z,cad80f69731ad65f7f14bf400d674e0c42de462bd42db112c9d9f261,60.16075,24.95883,00000000f1124bca,21.87
18704,2019-08-04T12:41:40Z,cb3f05d5604f5532e039e6d40514b13aba8f6274d952bb17a8b801fc,60.15432,24.9211,0000000019fb59c4,18.79
18705,2019-08-04T12:41:40Z,cbc336691f17a9c508549e03d522166247a0cd0a944321c1a7d15525,60.14699,24.922,00000000a53ed894,13.75
18706,2019-08-04T12:41:40Z,cc2cf42c6b14536fb92c810ff0e3dd5a3caa74236f14246a5b6e8cdc,60.16762,24.95415,000000006b44cce7,5.91
18707,2019-08-04T12:41:40Z,cc3ab8b82d60cbeb3ccd635efb6cd12d127645ab3d03b73bcfec7455,60.16762,24.95415,000000006b44cce7,18.79
18708,2019-08-04T12:41:40Z,cc453ceb886eb5496be24270494c14dbef86956ac7f88b70b10133e3,60.16629,24.95957,00000000fb7600be,16.1
18709,2019-08-04T12:41:40Z,cce6b6f309e43e2bb1be6a9784582a82891e976d0869d01040586d27,60.14947,24.91438,000000004ef3150d,8.38
18710,2019-08-04T12:41:40Z,cd2346f3db5667fe43eb0d974ddf486ce9722fe427e98ee232d1ba12,60.14951,24.92138,0000000006dd41f6,23.56
18711,2019-08-04T12:41:40Z,cd3e127e27387b6e06cdf27f46fb6046e4182e4d7b49b49c17167c1c,60.14947,24.91438,000000004ef3150d,13.75
18712,2019-08-04T12:41:40Z,cd4ecd3b83630f6e5d65f635804e47a1ceb82853aac36af30044f06a,60.149,24.9843,00000000fffb8cf0,18.79
18713,2019-08-04T12:41:40Z,cd9b2be9ffb37c8b7c5c25f587c95b1c7932a21fb245487ea2f740d9,60.14699,24.922,00000000a53ed894,9.92
18714,2019-08-04T12:41:40Z,ceb777dafa9b7e39125b89735b7f0cf22c3018eb0196043ac8160370,60.14699,24.922,00000000a53ed894,14.89
18715,2019-08-04T12:41:40Z,ced0425d382ce86b7565a8b7b36a453a0880a08ba10090524e6c1ac5,60.14699,24.922,00000000a53ed894,6.46
18716,2019-08-04T12:41:40Z,cef1d06a10cfa08bcaef8b36535c2ec32c756a76cc0d5c2a1246f933,60.14699,24.922,00000000a53ed894,8.38
18717,2019-08-04T12:41:40Z,cfa42322be0000cf89d8969d1b88ace0ba99cab721dd58d55d41a36e,60.17065,24.93641,000000000f4919c9,13.75
18718,2019-08-04T12:41:40Z,cfc2a688ff31fbb1baac8790fb6d56dc7746ba2cf9e0e5f39d4751a4,60.14699,24.922,00000000a53ed894,4.11
18719,2019-08-04T12:41:40Z,d03671e2aa8386fb28a425b20505ceed966063990d65611e2dfda4f2,60.16075,24.95883,00000000f1124bca,18.79
18720,2019-08-04T12:41:40Z,d0413da80c7714f40ffe50dcfb00039280c64ecebc61c59df72965e6,60.149,24.9843,00000000fffb8cf0,20.28
18721,2019-08-04T12:41:40Z,d098b9b5b30c5fcd4ae8a2b8bc761df72829713d3ae919634876d349,60.14699,24.922,00000000a53ed894,5.41
18722,2019-08-04T12:41:40Z,d0aa228c2a3e6e1568e876cffc76874702e0f0f63f18533551bf02c1,60.16075,24.95883,00000000f1124bca,12.69
18723,2019-08-04T12:41:40Z,d0cab2a2660dcc5cb99a9bdf39d2e6b31b7498985db1b50e48cb478d,60.18203,24.91341,00000000342570c2,18.79
18724,2019-08-04T12:41:40Z,d12f9e6275869a74f979eac17b326dfe329bbd78b8732fc998b5f132,60.14699,24.922,00000000a53ed894,25.36
18725,2019-08-04T12:41:40Z,d1494ea9019ebe27ab1e0e4d26f4f307c19720a0d8851bc848d80cab,60.1538,24.95595,0000000038bf9618,21.87
18726,2019-08-04T12:41:40Z,d150c7aba4e7419f0ddd187392a9c2a429f44fa82535fb594c48ff55,60.16897,24.95222,00000000aa852af1,9.92
18727,2019-08-04T12:41:40Z,d388a2c86cc65945e59a07273222ff57fc3585d4756b5c498dd443ac,60.16897,24.95222,00000000aa852af1,25.36
18728,2019-08-04T12:41:40Z,d38e88e5b926f9d1de6e326cca45116fcca11f10684c80876739c6cd,60.16075,24.95883,00000000f1124bca,4.94
18729,2019-08-04T12:41:40Z,d3c0cff604283ea6adeabb4f867f3fcaf8ee41fd27fc600d33c4d70d,60.16075,24.95883,00000000f1124bca,29.32
18730,2019-08-04T12:41:40Z,d5690433f1f0d0855704a06520cd197dac8c6c1293aa376af6854128,60.16897,24.95222,00000000aa852af1,17.4
18731,2019-08-04T12:41:40Z,d5d06f5eab3ef6b4ffa85daffcc95dc4d4a7f2f0925a97b90d12449f,60.16762,24.95415,000000006b44cce7,18.79
18732,2019-08-04T12:41:40Z,d64eda229ebb6012e59bc89eacb74918e404ce52f16b491f3d48e800,60.16897,24.95222,00000000aa852af1,17.4
18733,2019-08-04T12:41:40Z,d75c412090c347ad7fca9287bcc4eb9bfb757dc7c1725109861dd93e,60.16629,24.95957,00000000fb7600be,11.7
18734,2019-08-04T12:41:40Z,d87210146aab139cc6640a20b428dce6ac516806a71a177b70e04f62,60.17065,24.93641,000000000f4919c9,10.78
18735,2019-08-04T12:41:40Z,d8e7e8b511d1123d1389cf08abbfa54b2b38e1824598b88008356c33,60.16897,24.95222,00000000aa852af1,17.4
18736,2019-08-04T12:41:40Z,da667dfa2d8a272a7398e186de027fabd2052052c0aad767a1c7d966,60.16897,24.95222,00000000aa852af1,9.12
18737,2019-08-04T12:41:40Z,daac051ca20430238282e179e0fe525b11ff1e8f1ace26d45b41f331,60.14947,24.91438,000000004ef3150d,12.69
18738,2019-08-04T12:41:40Z,dbf9f0495974591badcee3fcfc1b5eb718b26de86aaf486c351ad084,60.14947,24.91438,000000004ef3150d,9.92
18739,2019-08-04T12:41:40Z,dc1c4323de4d895200d2ce734baf64170970bdef349e6206fe57bb15,60.16829,24.94214,00000000afef4555,8.38
18740,2019-08-04T12:41:40Z,ddc8410b9e4ece4b995b789f95e526693bac176ed77092ba57355dc8,60.16762,24.95415,000000006b44cce7,0.84
18741,2019-08-04T12:41:40Z,de09fd8d15c3d7adbf440a3d0a418a3b476513c968bda8a4aa652adf,60.173,24.92524,0000000096918cfa,31.5
18742,2019-08-04T12:41:40Z,de0d086ae32f87522eab31d3bc52545ed17b065889674963c0709568,60.16829,24.94214,00000000afef4555,9.92
18743,2019-08-04T12:41:40Z,de3fe5f63e74a582e06c8cb02e6128d6013827015ba3e2fe93082977,60.17002,24.94407,000000006b087f40,20.28
18744,2019-08-04T12:41:40Z,df0e8ff4d2b113239e66c4c62bfa198af147b596a2f83309d01d3b3b,60.16762,24.95415,000000006b44cce7,5.91
18745,2019-08-04T12:41:40Z,e02c0f9f72e9f248a4b5df8af328e1a0132d4d8a72c1e603d14cdacd,60.18203,24.91341,00000000342570c2,10.78
18746,2019-08-04T12:41:40Z,e0ff1e75104c5dfa3549647c238569888e353e1322256a5c6979de0b,60.14699,24.922,00000000a53ed894,6.46
18747,2019-08-04T12:41:40Z,e1322e5118885f9bd50f4b2f8c4fd6d329ced295738b9983ef61b1c8,60.1538,24.95595,0000000038bf9618,33.81
18748,2019-08-04T12:41:40Z,e23a6115ba872037f9b5066c9c9c966b497f449e32a2c9ceb0e55497,60.16829,24.94214,00000000afef4555,9.12
18749,2019-08-04T12:41:40Z,e34bcebfa007159f3d2adb0e62e20fcf721a221f52bdfe2a6ad77831,60.18203,24.91341,00000000342570c2,13.75
18750,2019-08-04T12:41:40Z,e35717ff07f32be5a2e1520f1855533f8dcc72cff7930c9cba9da32b,60.14947,24.91438,000000004ef3150d,21.87
18751,2019-08-04T12:41:40Z,e3958567766a3d31f49f6b0c3171d3e8c31d30783a684788f5baac02,60.16762,24.95415,000000006b44cce7,17.4
18752,2019-08-04T12:41:40Z,e3c03ee00a1bcd066f8b260cc5b9824d1118b7b7f972a818752aabc7,60.14947,24.91438,000000004ef3150d,11.7
18753,2019-08-04T12:41:40Z,e40a26f3f7468f4ac2302b45f1ed9aab7fea245ccf81d0c08072c881,60.16829,24.94214,00000000afef4555,8.38
18754,2019-08-04T12:41:40Z,e447e76c7b53157c11d5bfeb172c27332c81b5ec7f263badf5507888,60.149,24.9843,00000000fffb8cf0,7.05
18755,2019-08-04T12:41:40Z,e65f7c68ce6502de36e4f47d0646a91a76d6c8cf8b5ffd26a3df8f4b,60.149,24.9843,00000000fffb8cf0,29.32
18756,2019-08-04T12:41:40Z,e6f7965f2ef456f61121bcce5e466f125192e511c2af72d901307e8e,60.16762,24.95415,000000006b44cce7,9.92
18757,2019-08-04T12:41:40Z,e7cd5f775c7eea951719f351fcc25c710f857832d6f4b70a51b7b82d,60.16897,24.95222,00000000aa852af1,17.4
18758,2019-08-04T12:41:40Z,e826dedac8582e619ce18cd7eed68be5ee1fc9ed37e191e06f916835,60.14947,24.91438,000000004ef3150d,13.75
18759,2019-08-04T12:41:40Z,e9115410fa45db5a174eee008cae729dc69937a0e0b5a304899bf1b9,60.17065,24.93641,000000000f4919c9,18.79
18760,2019-08-04T12:41:40Z,e9e19621fc5cfcfed2c808bbadc6cc6dd31e28d3c04cef8b89ca2729,60.16075,24.95883,00000000f1124bca,21.87
18761,2019-08-04T12:41:40Z,ea157e44ed100be3f782d8b3d8e5e0986079c588c9ea754b14917df0,60.16829,24.94214,00000000afef4555,0.34
18762,2019-08-04T12:41:40Z,ea2f4d9799324f4cd2a6fcda1625b65acdbab9f6b8331c26f63beec2,60.16897,24.95222,00000000aa852af1,12.69
18763,2019-08-04T12:41:40Z,eac6fda3a18aa9ce55b6359f5c62a044e0bcd6bc3576c8cd815acf07,60.14699,24.922,00000000a53ed894,14.89
18764,2019-08-04T12:41:40Z,ec424a10bcefb6e69c2eabf42534f06e7a10aa0cfb28f6478052cade,60.14699,24.922,00000000a53ed894,7.69
18765,2019-08-04T12:41:40Z,eed1c3b93e33ab3a4802db427c8c197c0fbad358e039b6ea8c8af07b,60.18203,24.91341,00000000342570c2,18.79
18766,2019-08-04T12:41:40Z,ef352dcaa8317b6a3c0a02cd8908dd13da5601cc66ba65c5fd8d031a,60.14947,24.91438,000000004ef3150d,14.89
18767,2019-08-04T12:41:40Z,ef77b04fc57a9781bf581172358ba74cf41e0b2a6ecc8090f99810bf,60.14699,24.922,00000000a53ed894,17.4
18768,2019-08-04T12:41:40Z,efe8b6c6fdf0d2caccd589aaaa4f0228a80590ff9ec7961f2e92103d,60.16762,24.95415,000000006b44cce7,17.4
18769,2019-08-04T12:41:40Z,eff99f303ba37ed36542008434b2d20e50155593bb9fc7bc1dcc4bf3,60.16075,24.95883,00000000f1124bca,16.1
18770,2019-08-04T12:41:40Z,f062cb52d49926a4fb39f723275ed60ab6c0f3bf34e0c3f9d233b7b8,60.14947,24.91438,000000004ef3150d,7.05
18771,2019-08-04T12:41:40Z,f15b72a3aad411d2f8a70b41c4f62ad2d744d064d42ec00c71a18ac5,60.16762,24.95415,000000006b44cce7,3.74
18772,2019-08-04T12:41:40Z,f1e73fa6dab8e8a2db6d7515f601fac161f17c34beb84aa55e812a9e,60.16762,24.95415,000000006b44cce7,7.69
18773,2019-08-04T12:41:40Z,f1eb1b22a5e01064a1829b325d256218c68bc9134f03a3f09f3e2566,60.16829,24.94214,00000000afef4555,17.4
18774,2019-08-04T12:41:40Z,f20f951802c722181f0e90095001c49e73f84049bb105b95c97049d1,60.17918,24.95141,00000000675d5200,27.28
18775,2019-08-04T12:41:40Z,f2759841619517bff6a58510ebb0ddbc9378cd300d99652f9b14f90d,60.16531,24.9442,00000000fdda10fe,25.36
18776,2019-08-04T12:41:40Z,f2deba4ef84dbbc8c5d8524f6e2311183003bce4f9bfa6aef5b5ef66,60.14947,24.91438,000000004ef3150d,9.92
18777,2019-08-04T12:41:40Z,f2e063c8c25a8bec0dd6ec3924a5f59fd9694078f2f3fd5b3ea96f29,60.16762,24.95415,000000006b44cce7,9.12
18778,2019-08-04T12:41:40Z,f39827c3c7f4c833d1118043492f78e3255b6da9f4a2c000041d9b61,60.16829,24.94214,00000000afef4555,0.5
18779,2019-08-04T12:41:40Z,f3ec2366b51157150674e5ab6293bdb19e0b30ca4296fee4c97b811c,60.14699,24.922,00000000a53ed894,18.79
18780,2019-08-04T12:41:40Z,f5f7cfe177dfb0b7ebba2419ae53f70b6b5690dd98d98586004a9107,60.149,24.9843,00000000fffb8cf0,16.1
18781,2019-08-04T12:41:40Z,f6a88c4482d078d6a1d51eabc04916c6f7566cff4a16fd55f3abdef0,60.16531,24.9442,00000000fdda10fe,25.36
18782,2019-08-04T12:41:40Z,f81439a39740937c6cba523d5ebca87b52d69ff29fb449cf42ade4d6,60.14699,24.922,00000000a53ed894,11.7
18783,2019-08-04T12:41:40Z,f9399339c3de44774896319d3f291771cebcaf2666df1d6062469882,60.16531,24.9442,00000000fdda10fe,23.56
18784,2019-08-04T12:41:40Z,f9f454563bb2c7fd9944c5f164bf6c5fad98bb698039934d4d8b54dd,60.16897,24.95222,00000000aa852af1,20.28
18785,2019-08-04T12:41:40Z,fa96854324adae88abb35afa34b2393a20338bfd8fc9602d3ce6ae8d,60.14947,24.91438,000000004ef3150d,2.3
18786,2019-08-04T12:41:40Z,fadc39da3cd26ac621092fbbff224b95bb13446c8d24bbf4f3e50e90,60.14947,24.91438,000000004ef3150d,12.69
18787,2019-08-04T12:41:40Z,fc618d570293e104f3bf927312641e3b7c65acce185b1614337d848c,60.16829,24.94214,00000000afef4555,12.69
18788,2019-08-04T12:41:40Z,fca3daa86786d92fe75c43051a906ab67c8b95c774a1227b3c45ce10,60.18203,24.91341,00000000342570c2,25.36
18789,2019-08-04T12:41:40Z,fd77161cf9715d9d0f922cf45e79e5d9b9debef5113cb32a4f82ef76,60.16762,24.95415,000000006b44cce7,11.7
18790,2019-08-04T12:41:40Z,fe5ca86c906b1cb3bf9dd257ceefc562e41da499878f1074484f7d42,60.14947,24.91438,000000004ef3150d,14.89
18791,2019-08-04T12:41:40Z,ff4f3e0f964f23b97e88626f7a506bb4409718931712c58ce0f247af,60.16762,24.95415,000000006b44cce7,12.69
18792,2019-08-04T12:41:40Z,ff8280896145ae17e594c52eac2cdbab47d3757d797878fbc4298596,60.1538,24.95595,0000000038bf9618,27.28
18793,2019-08-04T12:41:41Z,07d86ad98399440d0cc3bd3382a7256feb971e49a3686dc17f532e1c,60.16829,24.94214,00000000afef4555,17.4
18794,2019-08-04T12:41:41Z,0dd09efc9717b508a52eb5196698ac7acffb325c836e14f240e56313,60.14947,24.91438,000000004ef3150d,12.69
18795,2019-08-04T12:41:41Z,1526f3d92e309513df962ba40c1be4462d5f9b2f140656864b73824f,60.16075,24.95883,00000000f1124bca,25.36
18796,2019-08-04T12:41:41Z,1599d2c9070a6f05e1a5887c2d9209214c04818c6203fe75440734f2,60.1538,24.95595,0000000038bf9618,21.87
18797,2019-08-04T12:41:41Z,16c994bb2e24124a910c247376d16e980a65626a94c4c0aaab27df60,60.16829,24.94214,00000000afef4555,31.5
18798,2019-08-04T12:41:41Z,211f6b7b044343d0be369791b3fa3c144d0d0f391e2a42787712efb0,60.16448,24.97323,0000000053c6c2be,13.75
18799,2019-08-04T12:41:41Z,23587f2ca6a8c83a3c277c80fbeef76540c1646b104df2b06eb3528f,60.18203,24.91341,00000000342570c2,25.36
18800,2019-08-04T12:41:41Z,25a7ff811c3c06e426c7c2cbb0433d9a2a3399b23afecbd35584ab0f,60.18203,24.91341,00000000342570c2,10.78
18801,2019-08-04T12:41:41Z,2d3d031189abfaea69cd551a97b2b2d056a908f19bc56701010a2304,60.16897,24.95222,00000000aa852af1,17.4
18802,2019-08-04T12:41:41Z,315af4a829b592ba99b203b8ed2cbd499769f8752dfe6de7da4ee929,60.16829,24.94214,00000000afef4555,14.89
18803,2019-08-04T12:41:41Z,35568b1e0d67c5d7b6b15bb08540a1aafe24817a9bc06673b97e85c9,60.14947,24.91438,000000004ef3150d,11.7
18804,2019-08-04T12:41:41Z,3b5cafe90982db26cf737b2e4cd4275276f6a031bca3b2a1f73023b2,60.14699,24.922,00000000a53ed894,12.69
18805,2019-08-04T12:41:41Z,43b676ed3aef4c2d8846694817e76117873be52e7f788e0cb366c1c4,60.16629,24.95957,00000000fb7600be,29.32
18806,2019-08-04T12:41:41Z,44d0b94469070803869f229601e877beb613c3f5aafa009addf97a1a,60.16544,24.95398,0000000038d83d41,13.75
18807,2019-08-04T12:41:41Z,4656bad9b5e6dfc3977eca308fc1db3dbf8b0204b90d09b001da242e,60.1638,24.96846,00000000d747f075,25.36
18808,2019-08-04T12:41:41Z,4a1efc9faf9548fe0ed72037d54a131265a72e61fdfc2009a4e9408a,60.16075,24.95883,00000000f1124bca,20.28
18809,2019-08-04T12:41:41Z,4d78d16b0cd79cc600b42ad9bc5504bf56df36a3e95daeeecc070053,60.16897,24.95222,00000000aa852af1,14.89
18810,2019-08-04T12:41:41Z,5d65719c4cbf045f068d084b72302f447d5fd034413d97d13be00d0e,60.18203,24.91341,00000000342570c2,18.79
18811,2019-08-04T12:41:41Z,5eed115a984d490b02b602d73787aee8dc8c4e9365b77fbff3818a76,60.16629,24.95957,00000000fb7600be,17.4
18812,2019-08-04T12:41:41Z,5fecff186138a9b3e31c6086c33dcd5f1d209e64f0afeed7c688cab0,60.16897,24.95222,00000000aa852af1,16.1
18813,2019-08-04T12:41:41Z,653a92a7828f2c43bc74899753f872e8b93c30b6fb419b651a94bbc1,60.16897,24.95222,00000000aa852af1,21.87
18814,2019-08-04T12:41:41Z,66dabd3229229330d23c70e9e1737429ddfe69db01f4a6a00f70fa20,60.16762,24.95415,000000006b44cce7,16.1
18815,2019-08-04T12:41:41Z,6a70e2fbced719333e21eff04fcb9cb36bae9a04d1a3d6ddd96f2c58,60.15432,24.9211,0000000019fb59c4,9.12
18816,2019-08-04T12:41:41Z,6c8861f56a280e7752e10439271a2498527c69b0796f58de4afc6008,60.16075,24.95883,00000000f1124bca,13.75
18817,2019-08-04T12:41:41Z,6f06341f358e61699fe1e55e986dd0554bc8da28b91daf0c5ad99db6,60.16629,24.95957,00000000fb7600be,23.56
18818,2019-08-04T12:41:41Z,6ff437688c444238352c28f64f9d2a7d0f14d19c9ea42c225380501e,60.16762,24.95415,000000006b44cce7,23.56
18819,2019-08-04T12:41:41Z,70d8572458a1a103555bab897b6443e601e0ed211414b15ad0b56f60,60.16544,24.95398,0000000038d83d41,25.36
18820,2019-08-04T12:41:41Z,737efc92e3419e9d96a8559ec341ea7e18ba6381fd8e4de3d06f82a0,60.14699,24.922,00000000a53ed894,33.81
18821,2019-08-04T12:41:41Z,7678cdb86d454ca9ae52f22d97e635106585a3a046d01da4463695cc,60.18203,24.91341,00000000342570c2,20.28
18822,2019-08-04T12:41:41Z,79f136afa0dd8717337c01c70b457c464aaf0fa25b440f51a394ec23,60.16762,24.95415,000000006b44cce7,29.32
18823,2019-08-04T12:41:41Z,85ef35aecf2ff804be3d958b592705ec41c6df9c128c132c65bb283d,60.16897,24.95222,00000000aa852af1,25.36
18824,2019-08-04T12:41:41Z,87dfaad29a9276ddddb1fa021d3bc23ad14824c1af16f7d87e713689,60.14951,24.92138,0000000006dd41f6,12.69
18825,2019-08-04T12:41:41Z,88808fe92573e9cdf022cc15b9689b6b4b9429f60513c8897b0ba4c7,60.16897,24.95222,00000000aa852af1,18.79
18826,2019-08-04T12:41:41Z,94c5a69a5ae6e9407c3fa9a6919d99beb3558dd4e6750eb480ddc36f,60.16829,24.94214,00000000afef4555,14.89
18827,2019-08-04T12:41:41Z,9843c6216661048343a0e49cf3d8aa2883cf77f452666a1c873a1052,60.16448,24.97323,0000000053c6c2be,13.75
18828,2019-08-04T12:41:41Z,9fc0711d7e7722eff7faa0cb6f17846680c06515c1eb93dd49ebcf25,60.14699,24.922,00000000a53ed894,14.89
18829,2019-08-04T12:41:41Z,acd2647d413f41552b31b6e383da445c8902bc2a764d2b7791a7b164,60.16762,24.95415,000000006b44cce7,17.4
18830,2019-08-04T12:41:41Z,b5fd6b317890e5ab2d79e2cd1abe61626d45a753c7337d0d40728898,60.16762,24.95415,000000006b44cce7,12.69
18831,2019-08-04T12:41:41Z,b6768ae226a93bce23852414e20866c7413513d067579c03ea883dfa,60.17065,24.93641,000000000f4919c9,12.69
18832,2019-08-04T12:41:41Z,bcb0201b0a1edf350ae2f681076e7d2d48ebd94c075bd3ca59552020,60.16897,24.95222,00000000aa852af1,14.89
18833,2019-08-04T12:41:41Z,be41ebc5fb0d348fc1ef1166d44251c3112a78a4ea01aa980364ee7c,60.14699,24.922,00000000a53ed894,12.69
18834,2019-08-04T12:41:41Z,c40c37def6bf11a63a2556519a7c6233fd417cdeea2cf14f28e7c42c,60.16531,24.9442,00000000fdda10fe,18.79
18835,2019-08-04T12:41:41Z,c97eb4181394121907d47b908495f54e5ee5145ff790f7a1dc21b3cf,60.16897,24.95222,00000000aa852af1,11.7
18836,2019-08-04T12:41:41Z,ca6927628f5ddda20036865c9345ad93d476d62ade3b181de568eed6,60.16897,24.95222,00000000aa852af1,23.56
18837,2019-08-04T12:41:41Z,cf05623e4d87ce0906c0b0b7dbf53aacc1228016cd27c341228b6e76,60.18203,24.91341,00000000342570c2,25.36
18838,2019-08-04T12:41:41Z,d0a50f3001c258a38880550f6c0835fcaa85f0a6d36687dc5de98f3b,60.16629,24.95957,00000000fb7600be,20.28
18839,2019-08-04T12:41:41Z,ded49640b591e73bff71f84fb99d2739eb6c9554164a015017725e03,60.16829,24.94214,00000000afef4555,13.75
18840,2019-08-04T12:41:41Z,e8690c2d1711bc10f2d1251a3b5b1e770b98c66c384760400c604de1,60.16829,24.94214,00000000afef4555,41.64
18841,2019-08-04T12:41:41Z,e8e366e76c97944e23c0f80b4fd3ce6e5832744922297146a49f0c7e,60.16762,24.95415,000000006b44cce7,14.89
18842,2019-08-04T12:41:41Z,e96bd269a48b822b06141c3362fcb6d5ed4d0d09a120f2e4a712d5c2,60.16897,24.95222,00000000aa852af1,12.69
18843,2019-08-04T12:41:41Z,f088630d7476dae7d4b7e2bb1f10575f2c89acb4b6e061f3d57c2b40,60.16531,24.9442,00000000fdda10fe,20.28
18844,2019-08-04T12:41:41Z,f29ea15113ac0eea0be8ec41c633909de4b0b9ab6c7b9898b128080c,60.16897,24.95222,00000000aa852af1,25.36
18845,2019-08-04T12:41:41Z,f405a7c4a3a4339f8e3f7e552f6492d6eed76f7d08c54943286213de,60.16762,24.95415,000000006b44cce7,17.4
18846,2019-08-04T12:41:41Z,f6609ab1076b1105bb845595a03b41b8fbb282f79c337df5bbc9f841,60.14699,24.922,00000000a53ed894,9.92
18847,2019-08-04T12:41:41Z,f94dddacf96965952551200a02b41925bcd21402aceafb12f19931af,60.16075,24.95883,00000000f1124bca,16.1
18848,2019-08-04T12:41:41Z,fc4f3a44235f1cfc7b53f14ba2da599976a5a0a220d23b852688e485,60.17919,24.95181,000000007b5207b6,33.81
18849,2019-08-04T12:41:41Z,009ad4cd2bd97e04da44cc9789e6bdbdb899eded61d05b7d5634b7be,60.16829,24.94214,00000000afef4555,7.69
18850,2019-08-04T12:41:41Z,00b07030d00cc5582c0f1be7d73fb09e34f4018445ce11d9da8da813,60.16762,24.95415,000000006b44cce7,18.79
18851,2019-08-04T12:41:41Z,010298d620fbe80ab4f46c866c215217b2bf1fd12a2a67b9e56b4ce8,60.16829,24.94214,00000000afef4555,17.4
18852,2019-08-04T12:41:41Z,017a141d3e3811f35ced343c0b6d13a99f60c79d17afffa0cf0dd3b9,60.14699,24.922,00000000a53ed894,18.79
18853,2019-08-04T12:41:41Z,02978cd5cb7127a718d3d775079ab940a3e81885ce6106495cca5ee4,60.1538,24.95595,0000000038bf9618,27.28
18854,2019-08-04T12:41:41Z,033759f09b97a9347fd7852dbc2bcd3abbb67a792486acad9d185bca,60.16762,24.95415,000000006b44cce7,5.41
18855,2019-08-04T12:41:41Z,036c183505fea646b54aeb0c612913cafba94eca65e47d3c6d840a68,60.17919,24.95181,000000007b5207b6,21.87
18856,2019-08-04T12:41:41Z,0479a26a59d65bf1dee05c06f4227a0ba63a6e9c9a09e7c34f2e06b4,60.14699,24.922,00000000a53ed894,7.05
18857,2019-08-04T12:41:41Z,04b49a34910d12f55243dd5a756c7cc1e506e5d3cdb418cc635e9ad9,60.16762,24.95415,000000006b44cce7,7.69
18858,2019-08-04T12:41:41Z,04b5d29c48edaaf4904a98e412562e3c0d857eb20342cc7c323d4293,60.16762,24.95415,000000006b44cce7,12.69
18859,2019-08-04T12:41:41Z,05d441c83d2df822feaf93d7861452db7a201f22d84cfa36f421dfd2,60.16544,24.95398,0000000038d83d41,25.36
18860,2019-08-04T12:41:41Z,0745a2141a9beee786a347d3ee1b071719fd2f4abfeeab7f5248c0ad,60.14699,24.922,00000000a53ed894,13.75
18861,2019-08-04T12:41:41Z,076c28c1895ef1919c11113113c12655c546fc90a00800e5ebec5b56,60.14699,24.922,00000000a53ed894,8.38
18862,2019-08-04T12:41:41Z,07bf96920dcc31dce7370ec251043acadf21127e0775bbe537e02247,60.17002,24.94407,000000006b087f40,20.28
18863,2019-08-04T12:41:41Z,0947f9d6bb6c34e382e008052b704b6521ac4f7678a2e8a719bb574b,60.15432,24.9211,0000000019fb59c4,21.87
18864,2019-08-04T12:41:41Z,0a0acb70a8ef92be52a64d4425e70bb2f7a17d13942c3382c9d68878,60.149,24.9843,00000000fffb8cf0,1.7
18865,2019-08-04T12:41:41Z,0a5616e066b42895361324cfa8abef41d849a55e3e4bed429bab494b,60.16829,24.94214,00000000afef4555,9.92
18866,2019-08-04T12:41:41Z,0a5ed50daf13dd10744537aa851ac7ab1d34d9797ec6ab6e2402aebb,60.16762,24.95415,000000006b44cce7,3.74
18867,2019-08-04T12:41:41Z,0a862920946d7a0dcbee7c1cf28a7b77c57763261788dbd361ed6409,60.14699,24.922,00000000a53ed894,12.69
18868,2019-08-04T12:41:41Z,0aabf0df4c3c5b45bb8950c92dbe624985f19e8650ed61f92571a65a,60.14699,24.922,00000000a53ed894,7.05
18869,2019-08-04T12:41:41Z,0b0dd9af9d52c68ff71ce266d6707abbb0f56c3c63be0f83f7b5df9b,60.16762,24.95415,000000006b44cce7,6.46
18870,2019-08-04T12:41:41Z,0c905239b8c0e14cba671cf4d4d715d1045a30ee62a6285fb489dbb0,60.16829,24.94214,00000000afef4555,9.12
18871,2019-08-04T12:41:41Z,0d3525b13d674f1645fdbe6d842fe37b2f416889c5472e9dfcc5445c,60.14947,24.91438,000000004ef3150d,16.1
18872,2019-08-04T12:41:41Z,0d8341f0125a5323521549248771d5448e5f788aefe9b989e3b20114,60.16829,24.94214,00000000afef4555,16.1
18873,2019-08-04T12:41:41Z,0fe681ee4c4c70c99bbacaf42e0d3c9bffc5818eb71197978a94b021,60.16762,24.95415,000000006b44cce7,29.32
18874,2019-08-04T12:41:41Z,10a99e791e27975dc1c9d73d3163cabacf3bd7bd05a4f7abf6365426,60.14699,24.922,00000000a53ed894,13.75
18875,2019-08-04T12:41:41Z,10caaea8002e8b3b342b32710efdd7305ff375ca1cdc01411f66b2f6,60.14699,24.922,00000000a53ed894,4.5
18876,2019-08-04T12:41:41Z,1163b45fdf756b64ffdbb517aafeed278462e280c81160974b3b6a08,60.16629,24.95957,00000000fb7600be,23.56
18877,2019-08-04T12:41:41Z,124cce476184e061b136f481014a2abc7208d30e4e520ffd90c85adb,60.17002,24.94407,000000006b087f40,12.69
18878,2019-08-04T12:41:41Z,13bcedb8c59b26417282929d81844b272c7c5bc295614f531219a8e4,60.14947,24.91438,000000004ef3150d,6.46
18879,2019-08-04T12:41:41Z,13ee67fb034e3d24edc9a9618e9d6de24979ebbcb399f83abb02a897,60.14699,24.922,00000000a53ed894,3.4
18880,2019-08-04T12:41:41Z,1423891c6ee1edc7da83904378a35aef2e5797db95b117651d676934,60.16762,24.95415,000000006b44cce7,12.69
18881,2019-08-04T12:41:41Z,1496ce9cf373a2a508a8ab0b7aa0604dd889fd69483881c3752219af,60.14699,24.922,00000000a53ed894,14.89
18882,2019-08-04T12:41:41Z,1551f9fdd5a57b17be51babad39f807f04be4d340266c153eb860156,60.15432,24.9211,0000000019fb59c4,25.36
18883,2019-08-04T12:41:41Z,15ee12e5f9be00a79b0cbbc9912f51cbfa3e486624567e1bde938fb6,60.1538,24.95595,0000000038bf9618,17.4
18884,2019-08-04T12:41:41Z,161aa798c2a18e132fb27ecded773218ea4e42eabbd0e5794b1d7017,60.15432,24.9211,0000000019fb59c4,9.92
18885,2019-08-04T12:41:41Z,1769031b7f4d75de0541e26427b9ecc92c84b80992e3b36bb8eb799e,60.16829,24.94214,00000000afef4555,9.92
18886,2019-08-04T12:41:41Z,17af6ab252328066d6b13406084507dfa7a7f6db3030872e7f87223d,60.17065,24.93641,000000000f4919c9,17.4
18887,2019-08-04T12:41:41Z,197961cf403efacc6bdb07158a50753109701aba7a6e7cbf8502e1ee,60.14947,24.91438,000000004ef3150d,13.75
18888,2019-08-04T12:41:41Z,1a93dfa31156cee53b4bd527d8b74655a5da812b6933d8a86d871e47,60.14947,24.91438,000000004ef3150d,4.94
18889,2019-08-04T12:41:41Z,1aacd77e1fdbe1544cf1ab29a00642d77ce4a075e388e8a2108aa39b,60.16829,24.94214,00000000afef4555,20.28
18890,2019-08-04T12:41:41Z,1ad0b84716a79851fa8db7a993012f0c8e496d6cba9d028a546285a2,60.16897,24.95222,00000000aa852af1,13.75
18891,2019-08-04T12:41:41Z,1b3fba902b8d1538b508cdc228fd15fdd87f5aecb68e5611b1a4e354,60.16762,24.95415,000000006b44cce7,4.11
18892,2019-08-04T12:41:41Z,1bcef866fafad7c7460a084e0b0d27c087b549f4ae704390708be47e,60.149,24.9843,00000000fffb8cf0,7.69
18893,2019-08-04T12:41:41Z,1c13175307f58b1bf07c8838e26a2f5d0fd5b21a7517c0b4f4e6bd8f,60.1538,24.95595,0000000038bf9618,38.87
18894,2019-08-04T12:41:41Z,1dacfb371d75dd4f90f447aac2a00faad98beb4188a6971c19eb2375,60.16629,24.95957,00000000fb7600be,20.28
18895,2019-08-04T12:41:41Z,1dcb5d78c4ed02c596144501da43e29defedf2db734c34c36c9bacbd,60.16762,24.95415,000000006b44cce7,25.36
18896,2019-08-04T12:41:41Z,1e24a2120b13c780dbb3a67a73f5058d1847f126fd5f5952e6dddcd3,60.16075,24.95883,00000000f1124bca,23.56
18897,2019-08-04T12:41:41Z,1e63d2090b520af23ca3d2c9a05047dc0b0c63f7471b86e9d9f3e7cc,60.16629,24.95957,00000000fb7600be,20.28
18898,2019-08-04T12:41:41Z,1ec58e626d2335aeeaa7c7d8f715d4334274dbd43448fb62c3901ef6,60.16829,24.94214,00000000afef4555,17.4
18899,2019-08-04T12:41:41Z,1efd3fbd32cdfc27dbc1c02c60e780bfb7d07f0fe1f00c72998f2892,60.16897,24.95222,00000000aa852af1,27.28
18900,2019-08-04T12:41:41Z,1f74037ecab4dbdc5db1a8dc8b583a86630f86a5f2d0a5167b7fa605,60.18203,24.91341,00000000342570c2,14.89
18901,2019-08-04T12:41:41Z,1f81ed7274add201d3059d4a37e2bbe86b6ae1f0fd42a16d7b8dccaa,60.14699,24.922,00000000a53ed894,7.05
18902,2019-08-04T12:41:41Z,1faaaeff6423708e06d94b904af4be93e399939fbdfd3b3091dc8bd2,60.15432,24.9211,0000000019fb59c4,14.89
18903,2019-08-04T12:41:41Z,203a0c145a43c9a18f8c2a5ba4e18882e7430662bb4ac0e56ab37578,60.17065,24.93641,000000000f4919c9,20.28
18904,2019-08-04T12:41:41Z,208944c5811f446561788c5415738cbe52bdacb371f415236042698c,60.16897,24.95222,00000000aa852af1,20.28
18905,2019-08-04T12:41:41Z,20ac7b2ace7c0038aa8df01b9281a9c54f1551fc8ab9b662b1f1ca22,60.18203,24.91341,00000000342570c2,18.79
18906,2019-08-04T12:41:41Z,21b55c3dfd455543844687d0e016d83dbfa9008e83688521d8163980,60.1538,24.95595,0000000038bf9618,38.87
18907,2019-08-04T12:41:41Z,21bdc11bb63fb48c9d4b5308540ee5df579c9a385001a10fceeeedf3,60.14699,24.922,00000000a53ed894,13.75
18908,2019-08-04T12:41:41Z,21eb94b10f042f4f21566d3ee27d800fb6d899071739c0c5c1fa7af0,60.14699,24.922,00000000a53ed894,16.1
18909,2019-08-04T12:41:41Z,21eed3ade733687b8f56fade8290819b7c6b4a9f38468979fe692c3e,60.16762,24.95415,000000006b44cce7,7.69
18910,2019-08-04T12:41:41Z,2204ba387d2db0e7d2ca03f7ace46abff8d141668b73c75a1879d7ba,60.14947,24.91438,000000004ef3150d,9.92
18911,2019-08-04T12:41:41Z,22fe9a06fba1036e8eafd726bc450095b1893be067f475e1882bb704,60.14699,24.922,00000000a53ed894,7.69
18912,2019-08-04T12:41:41Z,231026899a6d5b326cb5b1e38b182ca1acb77c7e27bc2378973b29db,60.16629,24.95957,00000000fb7600be,12.69
18913,2019-08-04T12:41:41Z,23337c2812924a07e4f0bbc92e56d1f85ea40208b6b987f4afc686cf,60.16897,24.95222,00000000aa852af1,13.75
18914,2019-08-04T12:41:41Z,2607d1b2fc6e31a80348fffbed68a7d3a8e0212f197f2d1c573c587b,60.14947,24.91438,000000004ef3150d,3.4
18915,2019-08-04T12:41:41Z,269124e75b1e74a7c7dc93b778e02f04d0a53e069a90081c0938ee4c,60.14699,24.922,00000000a53ed894,10.78
18916,2019-08-04T12:41:41Z,26a4ff30aad95332c4b603e9e728a10486413889de9d2c4573524923,60.16762,24.95415,000000006b44cce7,18.79
18917,2019-08-04T12:41:41Z,2838eddb482a9bc77b0b867352020e2cbfb71e85aaa1d61307e85f3d,60.14947,24.91438,000000004ef3150d,8.38
18918,2019-08-04T12:41:41Z,28b43564f7156b67db7cb7b779e948986d7610f921490f9030379704,60.16897,24.95222,00000000aa852af1,17.4
18919,2019-08-04T12:41:41Z,28d2c3282e9f8fec67baec7992dcd800c45b67071e33cb118905a6b3,60.16829,24.94214,00000000afef4555,9.92
18920,2019-08-04T12:41:41Z,2969cdb120f2d285c556abfe5bac2f8090571f61aba227a474a534d2,60.17065,24.93641,000000000f4919c9,11.7
18921,2019-08-04T12:41:41Z,29a1ee6c0907a00ec6b6dcbb187f5c31d1a11b261aabd339210ee013,60.16897,24.95222,00000000aa852af1,16.1
18922,2019-08-04T12:41:41Z,2a47bdc66249162a9588347a6cbe7895fe798bb25c1194cd69fb1e8b,60.14699,24.922,00000000a53ed894,14.89
18923,2019-08-04T12:41:41Z,2ee2e108ed9051b1ccf4d3ee89931dfd53170af0b558fa6579b83e8d,60.15432,24.9211,0000000019fb59c4,11.7
18924,2019-08-04T12:41:41Z,2f08dbfbbe5577f04ea9826f72d5452ddf5fd9bb892769382ea5a4ca,60.16762,24.95415,000000006b44cce7,21.87
18925,2019-08-04T12:41:41Z,30a61e19970b97da6e9b193690e43a087312fbcf2c8fa2206a608183,60.14699,24.922,00000000a53ed894,23.56
18926,2019-08-04T12:41:41Z,30c55d5011d0f6c901437a130dbe2653c7ae0cceee3b0a242394152c,60.14947,24.91438,000000004ef3150d,25.36
18927,2019-08-04T12:41:41Z,32708990f2c831e65f70f2682baf5188fc93348b9a9e78ada8db2bf4,60.14947,24.91438,000000004ef3150d,3.09
18928,2019-08-04T12:41:41Z,33634cb1e3fc5d4a621e8717d203da8533ed27531a70c6cbe3abf3fa,60.16762,24.95415,000000006b44cce7,2.08
18929,2019-08-04T12:41:41Z,33ec502792a84f23fed03cf16e483d153c65e2850a2549f47034726a,60.16762,24.95415,000000006b44cce7,5.41
18930,2019-08-04T12:41:41Z,3405b45677395f577b17b4f3f98f4e4acf64510ac518139bea7227fd,60.16829,24.94214,00000000afef4555,18.79
18931,2019-08-04T12:41:41Z,3459042c03cbb672a039f7f14a6b99b84f839b0598f9e48bf4dd95f5,60.14699,24.922,00000000a53ed894,9.12
18932,2019-08-04T12:41:41Z,349dd839e41cff363cc4b935496e52b93be15233e508aa82987859bd,60.16075,24.95883,00000000f1124bca,16.1
18933,2019-08-04T12:41:41Z,34f282042837e6b8407c31fd6c880bdbb7071c56d76c4b6e5ba78819,60.14947,24.91438,000000004ef3150d,20.28
18934,2019-08-04T12:41:41Z,352427714fc6e8591df6bd227dde05d3b7ba0881742eee4ae750dcc4,60.15432,24.9211,0000000019fb59c4,27.28
18935,2019-08-04T12:41:41Z,358d7986d5bf2a0624fb1412a157b3c7b12f90653457e15a76bbdf50,60.16629,24.95957,00000000fb7600be,11.7
18936,2019-08-04T12:41:41Z,36f876050503d244f74f3cbadcef716904eb2b245190d474b0cfa794,60.16762,24.95415,000000006b44cce7,3.09
18937,2019-08-04T12:41:41Z,3721331dbb97151d17938ed835ffc7208eba26fba6100c62870a3a4f,60.14947,24.91438,000000004ef3150d,7.69
18938,2019-08-04T12:41:41Z,37945fa4e7409fab98aa8bde45081f5bd083def0059485274ad552c0,60.17919,24.95181,000000007b5207b6,7.05
18939,2019-08-04T12:41:41Z,38e15f5aeb58c22ca456fc4d3a14f3b4d9f1fac43de070d2565eb1d3,60.16897,24.95222,00000000aa852af1,23.56
18940,2019-08-04T12:41:41Z,39f03a3a5fd777feee270921a7f51daec12ea679b542b0aaf2e808d7,60.149,24.9843,00000000fffb8cf0,20.28
18941,2019-08-04T12:41:41Z,3abc507346480858d62b69d6e29c3b0700ac193520668e17a4ce7cbb,60.16762,24.95415,000000006b44cce7,27.28
18942,2019-08-04T12:41:41Z,3af48668fcfc51b261558246e08ae2f7f3bb9d4252e908e38c9db003,60.14699,24.922,00000000a53ed894,13.75
18943,2019-08-04T12:41:41Z,3b73bf57d223bcb9b930ee8619e6603e52485b221389c64d85614baf,60.16897,24.95222,00000000aa852af1,13.75
18944,2019-08-04T12:41:41Z,3d26e1d1c042133ccb16301bbada637dd3dea1623426336738e0f1c0,60.149,24.9843,00000000fffb8cf0,27.28
18945,2019-08-04T12:41:41Z,3e4965f1ed580ddf80246b1b78cbc55b73c11d67573d9cede2a7ccf7,60.16829,24.94214,00000000afef4555,14.89
18946,2019-08-04T12:41:41Z,3eb138558a5cc58760a67df9709bc42cc329874e907981d33e0116ec,60.16762,24.95415,000000006b44cce7,23.56
18947,2019-08-04T12:41:41Z,3f395809cdaaaa1688c7d1cc770079bbf7ef1349e148bec5c8eacd57,60.16762,24.95415,000000006b44cce7,7.69
18948,2019-08-04T12:41:41Z,3f78229668030150fc4e03aed54ed23a2f6ac9c23a0c9bc0d6da03f4,60.16531,24.9442,00000000fdda10fe,33.81
18949,2019-08-04T12:41:41Z,3ffe89aa6ab1e57883e21fa8f15969f46a5f487bccb2b993eadb3cfb,60.14699,24.922,00000000a53ed894,10.78
18950,2019-08-04T12:41:41Z,403f209e525e5159d33b2056ebebcfa95ff94baf8ae3d9b3442c3090,60.14699,24.922,00000000a53ed894,16.1
18951,2019-08-04T12:41:41Z,409be16c4d34b9e76ac22ea0e8e282da3e9d169fe77ff5ea52a72883,60.14699,24.922,00000000a53ed894,17.4
18952,2019-08-04T12:41:41Z,4126e6b01e07a8de94eb8b87f02ad2bdab1a191c8c0312dd1141a9eb,60.14951,24.92138,0000000006dd41f6,29.32
18953,2019-08-04T12:41:41Z,42d4eb6044091814f327d0b01dc9ae701506417af1a8ab7f4161650d,60.14951,24.92138,0000000006dd41f6,16.1
18954,2019-08-04T12:41:41Z,42da4298ed9f522421f17714e024d9b8fe22e7546df3deeb8b139bd3,60.16075,24.95883,00000000f1124bca,3.74
18955,2019-08-04T12:41:41Z,431375be6b9405ef55878f3aa0bb5dd6a35db8ba650a2bce05081c49,60.14947,24.91438,000000004ef3150d,20.28
18956,2019-08-04T12:41:41Z,436df7106ce19510536cf507d8939633784f67da2f872970e0d3ba43,60.16829,24.94214,00000000afef4555,14.89
18957,2019-08-04T12:41:41Z,4533d27e96c5c6637ddff4243672d658fea4004970652882357105a9,60.14699,24.922,00000000a53ed894,18.79
18958,2019-08-04T12:41:41Z,457d11209b95b153efb57d8f2641f2db0823e91a0d608fa0555a5b69,60.14699,24.922,00000000a53ed894,10.78
18959,2019-08-04T12:41:41Z,459ee564ad7aca128b70ae089395378da384eb1ff35cefde7d7f5736,60.16829,24.94214,00000000afef4555,7.69
18960,2019-08-04T12:41:41Z,4602ff9d03f6bf4fbb82976098cc1c73e7a7e754050401c772d1406e,60.14947,24.91438,000000004ef3150d,5.91
18961,2019-08-04T12:41:41Z,47b8aba771bed6ec3a7d57932c44fe859bcf6300054b3acc9d885105,60.14947,24.91438,000000004ef3150d,18.79
18962,2019-08-04T12:41:41Z,47bc9ff9097f9ef5f1862e48b4a42f6a9ddd30c4ef2b6eb43291a7a5,60.14699,24.922,00000000a53ed894,14.89
18963,2019-08-04T12:41:41Z,47cde44e4ddbf6c70162fa882eee962e7c3e2a037b650294ec46568f,60.14947,24.91438,000000004ef3150d,11.7
18964,2019-08-04T12:41:41Z,48f665ebb1a71b0d84fc02bd71918c5ab5608328db534639cbd2a255,60.14947,24.91438,000000004ef3150d,5.91
18965,2019-08-04T12:41:41Z,4926fec57d2640e18cb9d46deb64eba0255ca71b93116f4ae21e4288,60.16829,24.94214,00000000afef4555,23.56
18966,2019-08-04T12:41:41Z,4a3fc0d8003eaf9e5025fb4d14b8e034d1406ebe923ef21f9e6ad429,60.1538,24.95595,0000000038bf9618,31.5
18967,2019-08-04T12:41:41Z,4a565a7be2bb822523480c6ca86154a466bf189290f87a0ef118f8b7,60.149,24.9843,00000000fffb8cf0,23.56
18968,2019-08-04T12:41:41Z,4b1050cc517631e36206d3528399c0b14748daec8c7d1b5dfa412299,60.15432,24.9211,0000000019fb59c4,4.5
18969,2019-08-04T12:41:41Z,4b85388cdaec2b4c15b546160ee326d9668a5e5d3c7b08d0c539946e,60.17919,24.95181,000000007b5207b6,20.28
18970,2019-08-04T12:41:41Z,4be50f3eb033f3f46e3069049c8e0a34dc8a2607741c1764369ba4c2,60.16762,24.95415,000000006b44cce7,4.94
18971,2019-08-04T12:41:41Z,4bf75585466f0aafa2ed2956fe4b0f7235b4ba3a0606a52219b3156c,60.14699,24.922,00000000a53ed894,5.41
18972,2019-08-04T12:41:41Z,4d35f03f4cb1cd21fbb173af8af5be5e233c63882fda53232da315f0,60.14699,24.922,00000000a53ed894,12.69
18973,2019-08-04T12:41:41Z,4d4115f2971578ddc2428be944e2954c9e9a5472a818ec1805a022b2,60.149,24.9843,00000000fffb8cf0,23.56
18974,2019-08-04T12:41:41Z,4d89a401b568b2833e8ab1289ed0c7de99d8194a897afed6eca65024,60.16762,24.95415,000000006b44cce7,20.28
18975,2019-08-04T12:41:41Z,4ebdb6165c5d4892cdc21711313b98b1545bececfb886192c6f0ef22,60.16762,24.95415,000000006b44cce7,9.92
18976,2019-08-04T12:41:41Z,50e21d119f102cee2afe3ac7f1a32032527638769b05aca582d6ecb1,60.16762,24.95415,000000006b44cce7,11.7
18977,2019-08-04T12:41:41Z,514a3981fad6c695ac4940f09374b5d1c2e84d2ca835084ef8707714,60.16075,24.95883,00000000f1124bca,7.05
18978,2019-08-04T12:41:41Z,51b3c7870a399165f0d1d14f7d21688df32b0360f9cc6f3ca61890d8,60.16829,24.94214,00000000afef4555,1.12
18979,2019-08-04T12:41:41Z,52072bd384eaaf4a6958af5510ed039d194dee47f34667bc7bccbe0e,60.14699,24.922,00000000a53ed894,6.46
18980,2019-08-04T12:41:41Z,5263c8fd413ee308494f18228802330e278acc648b425bb454951db5,60.16075,24.95883,00000000f1124bca,36.27
18981,2019-08-04T12:41:41Z,52f0e69ca7a5cebe604c1f32308dc7f8870d1d85cd4b25ad17f706e9,60.14699,24.922,00000000a53ed894,16.1
18982,2019-08-04T12:41:41Z,53263c2a4d1fc6edb42de24a91c19cc8d0050f1e61b0ddd97cf45bba,60.17002,24.94407,000000006b087f40,25.36
18983,2019-08-04T12:41:41Z,54065d53a62079540c4be1e19eafa5dd581e8ec35da0c31844438e0b,60.149,24.9843,00000000fffb8cf0,13.75
18984,2019-08-04T12:41:41Z,552e7d20be831c5ebfa503ba78ed542d6ece4ecad264308d5dc37a31,60.14699,24.922,00000000a53ed894,9.92
18985,2019-08-04T12:41:41Z,5554305bad43a71cf98d83e92708c7474c1efc189392c1ea94231e9c,60.16531,24.9442,00000000fdda10fe,3.74
18986,2019-08-04T12:41:41Z,560205233dc9b13886248fb6e54ee21dc3b287080072641e01e08dac,60.16075,24.95883,00000000f1124bca,16.1
18987,2019-08-04T12:41:41Z,5636d9760f1eac9d5d050497d7084fd61a92d5d108695a9023769ac4,60.16629,24.95957,00000000fb7600be,18.79
18988,2019-08-04T12:41:41Z,571934189bf349efb6f596e76c21612cf9b82ed44913090169936048,60.17065,24.93641,000000000f4919c9,23.56
18989,2019-08-04T12:41:41Z,571e65d939060a58396de22fc44d8842fc9de986824670ad765ec596,60.16762,24.95415,000000006b44cce7,14.89
18990,2019-08-04T12:41:41Z,57bb8beeec6904b9a5cfe83c4ff9a80e63157780137f03de2a4152d3,60.16762,24.95415,000000006b44cce7,9.12
18991,2019-08-04T12:41:41Z,57c6f9c8fc64c4d7030c1d3576910e338178138cd74acdc9e3630216,60.16629,24.95957,00000000fb7600be,38.87
18992,2019-08-04T12:41:41Z,57eef16af260870a831bd4f88018555730ec7dd21a538e3575825479,60.16829,24.94214,00000000afef4555,25.36
18993,2019-08-04T12:41:41Z,57f88614f91a133004ac1a6dea31a4090f899646a5f62ece691d87af,60.16762,24.95415,000000006b44cce7,13.75
18994,2019-08-04T12:41:41Z,58411163d307bb308f9c94a9720e9ce5ab0ce4f5617cd2b1fcc2037a,60.16762,24.95415,000000006b44cce7,16.1
18995,2019-08-04T12:41:41Z,584cb0b0cdd14e608c8b57c8aecc9826f9b40027e365e2438a444ea2,60.16762,24.95415,000000006b44cce7,13.75
18996,2019-08-04T12:41:41Z,59b01cbdec8ff06fa6d50bac00c3f5f4c45132fc8a62800c08df5d6a,60.16629,24.95957,00000000fb7600be,10.78
18997,2019-08-04T12:41:41Z,5b102c62b98f29bd801e4dd0e9ddbc113db3faa38d59990b9ba5e9ec,60.173,24.92524,0000000096918cfa,31.5
18998,2019-08-04T12:41:41Z,5bb54a365362fc3a1d1e4b4421c7b020c45f3274d1393340a1f89eb5,60.16762,24.95415,000000006b44cce7,10.78
18999,2019-08-04T12:41:41Z,5bbb03fd7db8dd6ddb6cf3e308c02476b0b549e3a4b28867cd8a89b3,60.14947,24.91438,000000004ef3150d,17.4
19000,2019-08-04T12:41:41Z,5bc858089bff2f1880f1807e91f165ebf9f1b5841445adcdfb988ddf,60.16829,24.94214,00000000afef4555,21.87
19001,2019-08-04T12:41:41Z,5bc8610f198c0ab38e4e89fd7f4828d032ca2a6ef97c2a17c79e296f,60.14699,24.922,00000000a53ed894,20.28
19002,2019-08-04T12:41:41Z,5c160268bc9b4b619181ce421d9e58c258e6b59a342945fc29f0004b,60.14947,24.91438,000000004ef3150d,7.05
19003,2019-08-04T12:41:41Z,5cd5117066c75a1cb83d3896a7eba3f3472e133f0013ea7d4e95daaa,60.14699,24.922,00000000a53ed894,4.94
19004,2019-08-04T12:41:41Z,5d70086d53447ee393249cef33c7bae814c1d7c2e3055fc91b38786c,60.17919,24.95181,000000007b5207b6,6.46
19005,2019-08-04T12:41:41Z,5e7916ca910b02abf2d19906759663c23db63950a353fa546f55c8af,60.14699,24.922,00000000a53ed894,16.1
19006,2019-08-04T12:41:41Z,60d5c11436b72dd4eb673f606bddc3f8f36675342cba015b9297155f,60.16448,24.97323,0000000053c6c2be,25.36
19007,2019-08-04T12:41:41Z,60d9b71ec38b796bf876dedfaf3112b49ff79677480c7603902857ae,60.14947,24.91438,000000004ef3150d,12.69
19008,2019-08-04T12:41:41Z,614ab7fba7255f6bf6f888e9a04d589962f756b3f427e658f10014f2,60.16075,24.95883,00000000f1124bca,9.12
19009,2019-08-04T12:41:41Z,62916b0c2a8ebabb938b5e97cb14eb89b2b32936d3fad04025ad5854,60.17002,24.94407,000000006b087f40,9.92
19010,2019-08-04T12:41:41Z,62a6fe2d9b3b5b4533c51253f8842428bd797b3c6a95a7816ec472ed,60.14947,24.91438,000000004ef3150d,5.91
19011,2019-08-04T12:41:41Z,63a87f20dbfd068c086129312c165b6e9b1da2ea6c999be1dd1b8391,60.16762,24.95415,000000006b44cce7,17.4
19012,2019-08-04T12:41:41Z,63d99db5b2b7360c501446ea5e89feba9bd1c6735a7670039916f2ad,60.1538,24.95595,0000000038bf9618,27.28
19013,2019-08-04T12:41:41Z,63defb71d4c3856253a0a2d67a5c370b91ad0527703b334a63fe5344,60.14947,24.91438,000000004ef3150d,12.69
19014,2019-08-04T12:41:41Z,64394b1287e19738900f57d5c7483e02866e40bc8241fc6f6fbecbcb,60.16762,24.95415,000000006b44cce7,4.5
19015,2019-08-04T12:41:41Z,643ef3f01a51bea3c4510d4060a945cd510e5189236d68f5c9489034,60.16829,24.94214,00000000afef4555,1.7
19016,2019-08-04T12:41:41Z,64638a9f9e6c9b32fc4b484b55e4934fcab6cb04605cc76d5f5534b7,60.17065,24.93641,000000000f4919c9,14.89
19017,2019-08-04T12:41:41Z,64e34af775b57908b23056a31d60ef3b005941f2e7c3db0c49df675d,60.17065,24.93641,000000000f4919c9,4.94
19018,2019-08-04T12:41:41Z,6503762f2cac51cc2b74da1efa6b16583ed11c9a528d7716b7829c0b,60.16829,24.94214,00000000afef4555,12.69
19019,2019-08-04T12:41:41Z,6516a10850095847a8156717b0fba05a9bdc9b5bfedd691ddb07f119,60.14699,24.922,00000000a53ed894,10.78
19020,2019-08-04T12:41:41Z,6525cc634176c25187e68e0d067bcfecfd78e399e93db4ee9d408b7e,60.17918,24.95141,00000000675d5200,25.36
19021,2019-08-04T12:41:41Z,655204cb507ea9ae811105cdcd766161facaa9f729017a333f102391,60.149,24.9843,00000000fffb8cf0,25.36
19022,2019-08-04T12:41:41Z,65b3adca9ee7adbad7277ff62bf8d0019944180762113925a4e71d95,60.149,24.9843,00000000fffb8cf0,29.32
19023,2019-08-04T12:41:41Z,65de3b8621fadfc61e9d3657dc477ea9867f9d093f80cf0857dcad88,60.16762,24.95415,000000006b44cce7,5.91
19024,2019-08-04T12:41:41Z,66319a5673dfaa1ce72563c02b505fb08d612a81b58ec4a3808f907b,60.16762,24.95415,000000006b44cce7,18.79
19025,2019-08-04T12:41:41Z,6723bebaab92d1a9f8b4318fd4f497a6dec6d7f8e0eafca443925213,60.16075,24.95883,00000000f1124bca,7.69
19026,2019-08-04T12:41:41Z,67591d427f60ba3c369ac0d78088fca7be33081501508d16401dd6cb,60.16762,24.95415,000000006b44cce7,5.91
19027,2019-08-04T12:41:41Z,675eacdf32b5b831fd118fc5539eea4b3cef4bd11e2e1706a9571222,60.16829,24.94214,00000000afef4555,9.92
19028,2019-08-04T12:41:41Z,677c53ae4056d6cb123ca576ba5284664b1c7e3e88818bd19b5dd99a,60.17919,24.95181,000000007b5207b6,23.56
19029,2019-08-04T12:41:41Z,6875e3632a29207e29ded33617e66d55de5d8c7804fecedd6f1dfe12,60.14699,24.922,00000000a53ed894,2.3
19030,2019-08-04T12:41:41Z,69375ef968867906fc11b34d1e2c4b436d452cd47cb577a7f9e566ef,60.16762,24.95415,000000006b44cce7,3.4
19031,2019-08-04T12:41:41Z,696d977b82fe0f0a15c3aaccef89f3b805ee2d6969a74059d737461d,60.14951,24.92138,0000000006dd41f6,25.36
19032,2019-08-04T12:41:41Z,698b200b63a644828a7314691a16af2af1bccef75d52abb5591a5542,60.14699,24.922,00000000a53ed894,4.11
19033,2019-08-04T12:41:41Z,69f1de5049f5731749defe893b8ae9ada4f5f788a994b8f7413ef657,60.17002,24.94407,000000006b087f40,12.69
19034,2019-08-04T12:41:41Z,6b97071051ccf5db7e5ebee033d4f68d58ed6917ff2fac5b205a6605,60.17065,24.93641,000000000f4919c9,23.56
19035,2019-08-04T12:41:41Z,6e7709b0a9e9956571d6880226fcc9402e5b8f406cf339d959c0cb2a,60.14699,24.922,00000000a53ed894,14.89
19036,2019-08-04T12:41:41Z,6f3dd17e40daabb4efe868f1b859dc00ecc01846f0a0e2b8db5d1413,60.17919,24.95181,000000007b5207b6,9.12
19037,2019-08-04T12:41:41Z,6f8d7717df843a7b0be6b0dd55e933ebbd9819bd96c48f210e193e4e,60.16829,24.94214,00000000afef4555,16.1
19038,2019-08-04T12:41:41Z,6ff93560ca77c6e5a25bc7441cf33cf7fa0138b3da4d99b2dbf5531b,60.14947,24.91438,000000004ef3150d,16.1
19039,2019-08-04T12:41:41Z,70c56152af84cf1bad4d19b0cb31202232b4cd4320ce5ea48895e42b,60.14947,24.91438,000000004ef3150d,9.92
19040,2019-08-04T12:41:41Z,71479e7c1c4fd96468f16800ff04484480c76e0953d2074500b0df31,60.17918,24.95141,00000000675d5200,17.4
19041,2019-08-04T12:41:41Z,7258219b95343671675733fb0eddcd6791af1b1c0117eb5b1a83e20d,60.16762,24.95415,000000006b44cce7,18.79
19042,2019-08-04T12:41:41Z,745e52dafbfa395ea41c5fcd0c2717b9091e44d19ab89e03991fdbb7,60.16762,24.95415,000000006b44cce7,11.7
19043,2019-08-04T12:41:41Z,74cb545f76f0bfc5498607247e26e814276a11ce91f77208054ecbc5,60.17002,24.94407,000000006b087f40,20.28
19044,2019-08-04T12:41:41Z,759f94c852ff15ca91c3138913c3858c4801702f8f0514ae82fb2a19,60.16897,24.95222,00000000aa852af1,11.7
19045,2019-08-04T12:41:41Z,7664b7f08aaa059ecf6646a595c33fae0c80715febe63e31f45a4662,60.16762,24.95415,000000006b44cce7,4.94
19046,2019-08-04T12:41:41Z,773cde2fe905572767422dd8f7b13c6579d615ef03314b665c7bf40f,60.16762,24.95415,000000006b44cce7,13.75
19047,2019-08-04T12:41:41Z,777cceac7be6303a1c82f7cc68061528b01e3aa1b3aa6481cad9e5e3,60.16075,24.95883,00000000f1124bca,4.11
19048,2019-08-04T12:41:41Z,77a12194b9a6789f4b2b8c07ae7fce3c2b531cb221e5fa7ca5deae55,60.16897,24.95222,00000000aa852af1,20.28
19049,2019-08-04T12:41:41Z,7953eb6c982160df4a8fc08a35e892cfdfacf3438067866d2f21f841,60.16762,24.95415,000000006b44cce7,18.79
19050,2019-08-04T12:41:41Z,79bde23c1a8980f93a65e14306f0d8ea89e164430d8b991e2bfee82e,60.16531,24.9442,00000000fdda10fe,16.1
19051,2019-08-04T12:41:41Z,7a0c0b525f2d3eed6c873bd3b8d27bede551fe4a428ac15c23deadae,60.16075,24.95883,00000000f1124bca,12.69
19052,2019-08-04T12:41:41Z,7a4a06d20ebe57d94e5fceeaf47d5b56ad9a515818e9c20e21a80e61,60.16629,24.95957,00000000fb7600be,12.69
19053,2019-08-04T12:41:41Z,7ab335e046f7f3597f8f615a90857885e35cfecefebd5d24bbf0af90,60.16075,24.95883,00000000f1124bca,8.38
19054,2019-08-04T12:41:41Z,7ad93fed82e41ea4422fa101badc698b0328c3ebf0f6b73c5164d438,60.16897,24.95222,00000000aa852af1,16.1
19055,2019-08-04T12:41:41Z,7af6672e274ebe27cdb785373a857fc5bcad92a386c36dbe3221d4f4,60.14947,24.91438,000000004ef3150d,11.7
19056,2019-08-04T12:41:41Z,7bb67bcf014747e5d826f95c610d36492f31095552417a0864475491,60.14951,24.92138,0000000006dd41f6,18.79
19057,2019-08-04T12:41:41Z,7be762f58d54665c5e6668eb2fb3eae7201522ddff196bbc5eb731f0,60.14947,24.91438,000000004ef3150d,12.69
19058,2019-08-04T12:41:41Z,7d9a3d84c09c3a8d6876389e216e0278048d6b924890fb275a078ffb,60.16531,24.9442,00000000fdda10fe,0.71
19059,2019-08-04T12:41:41Z,7e76449e59f1e3a1a615b54408115353fbb14d815390d03a73b1a7bb,60.14947,24.91438,000000004ef3150d,14.89
19060,2019-08-04T12:41:41Z,7f2f97e26d55f653ed70260ea4f893d01a3984cbdf6d7a3bfb2641de,60.16829,24.94214,00000000afef4555,9.12
19061,2019-08-04T12:41:41Z,7f3c9dd2c7352cb81fb186a7d700841d2bcb47cd8ea0d5f8719b5908,60.16762,24.95415,000000006b44cce7,6.46
19062,2019-08-04T12:41:41Z,7f786ec8e06f1ca3bdd10fc60d0114baf354125b8f6cf796d197f4cc,60.16075,24.95883,00000000f1124bca,5.91
19063,2019-08-04T12:41:41Z,80cbcb887f3e351e3bef7c5f53dccc578cc3494feec514aed7015c0d,60.16075,24.95883,00000000f1124bca,4.94
19064,2019-08-04T12:41:41Z,80cc39b04598f971820e63498fd27ae72a12a45a60c220fe625b282a,60.14699,24.922,00000000a53ed894,16.1
19065,2019-08-04T12:41:41Z,82411c6526228322a61f59259f13adf7cde62bd767587b6735867705,60.17919,24.95181,000000007b5207b6,5.91
19066,2019-08-04T12:41:41Z,82ce8c2420645d1eeed2751616ac691b53855581110be4cc97a61036,60.16897,24.95222,00000000aa852af1,13.75
19067,2019-08-04T12:41:41Z,83121a75723643c48e3c3b0a3ea5fccb532046432ca445833e8de06a,60.16762,24.95415,000000006b44cce7,3.09
19068,2019-08-04T12:41:41Z,848fe01e24ccc782e5968171f53ea31d28f20a455c45d8bac8fb7374,60.173,24.92524,0000000096918cfa,17.4
19069,2019-08-04T12:41:41Z,8499290ca844477035cb04c821386788d09243bf12e2337d45411ac1,60.17002,24.94407,000000006b087f40,14.89
19070,2019-08-04T12:41:41Z,849a662d95d4185421aff7c6213ba5d7b84cfc58c9fb30ff34054e4c,60.16075,24.95883,00000000f1124bca,11.7
19071,2019-08-04T12:41:41Z,85d66944a64cfde859e7e08ca4b79f3b39d5b03141d500fe7ce73f7e,60.14699,24.922,00000000a53ed894,10.78
19072,2019-08-04T12:41:41Z,85d67c3be46ecb66832dfd9090a931e1be3dd056f718ea6786622131,60.16897,24.95222,00000000aa852af1,12.69
19073,2019-08-04T12:41:41Z,868cd7608ed6beb209db2aad8c71f56b8aec3a6b453be18e4af217a2,60.17065,24.93641,000000000f4919c9,16.1
19074,2019-08-04T12:41:41Z,885bcc6af7d0aa9718fe1030e32ffff1de5171ae5ef67cf0011874fb,60.14947,24.91438,000000004ef3150d,4.5
19075,2019-08-04T12:41:41Z,8947a5209f3b32173d3dc72792039edf94a2711741ab041b62b30643,60.16762,24.95415,000000006b44cce7,5.41
19076,2019-08-04T12:41:41Z,896f7e896dc6f1ea44b82bf968a988cc10c358ee34821d9d7a4bd07a,60.14947,24.91438,000000004ef3150d,9.92
19077,2019-08-04T12:41:41Z,8a08b2de43a9ef03cf96610718c908e69dcacc59f536a7135b7bb542,60.16629,24.95957,00000000fb7600be,9.12
19078,2019-08-04T12:41:41Z,8acb351d2b6acbd61099205c5c497b7507c1a4da115c4b8fcaa8c930,60.16762,24.95415,000000006b44cce7,17.4
19079,2019-08-04T12:41:41Z,8b2db0cf88df127735158a23e876f7746a3f6a8ac67d170ca06d1055,60.1538,24.95595,0000000038bf9618,27.28
19080,2019-08-04T12:41:41Z,8b641985c793a3f25a45b2460cb01f5baa6f339c6dd26ba7752d8a7a,60.16897,24.95222,00000000aa852af1,13.75
19081,2019-08-04T12:41:41Z,8ba6cfc17ca70e8304994e018ebd5eb2003177062cde05925d5cacb3,60.173,24.92524,0000000096918cfa,31.5
19082,2019-08-04T12:41:41Z,8bbf5422247a0a6be314130d8fd9ae1814401b75acf3b3ce2da9620c,60.14699,24.922,00000000a53ed894,11.7
19083,2019-08-04T12:41:41Z,8ca0330471c9226b95a7aae64e6a8e47adaf5ddf7efec36a68652f3d,60.16075,24.95883,00000000f1124bca,18.79
19084,2019-08-04T12:41:41Z,8d528b00553162a9dd47d2296d15b2fad89aad6a508424d4589618a1,60.14947,24.91438,000000004ef3150d,12.69
19085,2019-08-04T12:41:41Z,8d5672c651968bf1f466b44baefa37f9438850e96140d126f6a99baf,60.16897,24.95222,00000000aa852af1,23.56
19086,2019-08-04T12:41:41Z,8d8a869e83fe2ac29e791666634a33af3ea4048ea4e752b6fb1e238c,60.14947,24.91438,000000004ef3150d,9.12
19087,2019-08-04T12:41:41Z,8dcf139eb279bcc2696420ba9da858e361600ff02cd29587f66660ec,60.16897,24.95222,00000000aa852af1,16.1
19088,2019-08-04T12:41:41Z,8de3d516b6cffb3335f9ebec3f6068b693db224f56eae6a50d7c6320,60.16531,24.9442,00000000fdda10fe,27.28
19089,2019-08-04T12:41:41Z,920dc90f60b295267f63efc8f968408087b71878dc3f49f0ded1c41e,60.17919,24.95181,000000007b5207b6,20.28
19090,2019-08-04T12:41:41Z,93a2100e233b204243f7e69b68dea7c9a145d1b5384bd18359bf87a3,60.16531,24.9442,00000000fdda10fe,1.7
19091,2019-08-04T12:41:41Z,93e409819362e2429a43710ff4330bd3ed83011b73ae438dd7fb62d8,60.16762,24.95415,000000006b44cce7,8.38
19092,2019-08-04T12:41:41Z,94237bc673d78a307ecc9da6df18d0b37e632b8cd6709f81081f000a,60.17002,24.94407,000000006b087f40,17.4
19093,2019-08-04T12:41:41Z,9575ef1c44f26f0301d726029c8b1c28011a4724496943451bee6544,60.14947,24.91438,000000004ef3150d,7.05
19094,2019-08-04T12:41:41Z,96b004e7ce8b4221af704fcf73c09daf78aed09c7ed5803c4bfa5bc1,60.14699,24.922,00000000a53ed894,17.4
19095,2019-08-04T12:41:41Z,97264f5808fa13851dacabf0c98525eec29849ff4b6a744cc777fd5b,60.16075,24.95883,00000000f1124bca,12.69
19096,2019-08-04T12:41:41Z,9736a8a29aee134a307e0cd4221e9b0a2ab7c48befee43fc62e9f9bd,60.14699,24.922,00000000a53ed894,4.5
19097,2019-08-04T12:41:41Z,9862cafd709b75d07c83b397773e0cf33564666cb81814bdbf5e54f2,60.16897,24.95222,00000000aa852af1,13.75
19098,2019-08-04T12:41:41Z,9868033d7f0d18f01d12a4034f37bf5d6e51e5ed9124c68d4b8b8e6c,60.14947,24.91438,000000004ef3150d,13.75
19099,2019-08-04T12:41:41Z,98bb3b6f5e2403b14b8e01616c07b03bb1fd153ded656033d7bd3533,60.16075,24.95883,00000000f1124bca,12.69
19100,2019-08-04T12:41:41Z,99334da99912e6d4b516e02432e7f88db5a5b87f635722bc3a8b38a6,60.14699,24.922,00000000a53ed894,16.1
19101,2019-08-04T12:41:41Z,994b630283c750a0b697359e32c4bd06d5b4a32d2edb6c12cce42b32,60.16829,24.94214,00000000afef4555,13.75
19102,2019-08-04T12:41:41Z,9a9db814dfa74ca2c2d51496299715310e81c6e6525cc9d2cb0762eb,60.16897,24.95222,00000000aa852af1,16.1
19103,2019-08-04T12:41:41Z,9ac4c3176875b59567d28bf01df0c9490620902ff082fd0b93d15cb4,60.18203,24.91341,00000000342570c2,36.27
19104,2019-08-04T12:41:41Z,9acffb3f8b8720e2de83c8cfd41915d268d5eca34e0bd280eed3e6f4,60.16897,24.95222,00000000aa852af1,11.7
19105,2019-08-04T12:41:41Z,9b03b610755f4cec2e9d83a9763204e758a075614b125210bc914df5,60.16075,24.95883,00000000f1124bca,18.79
19106,2019-08-04T12:41:41Z,9bad872c31c8c5e53f064b5367350b41271d45ca8a9e508136622800,60.16897,24.95222,00000000aa852af1,11.7
19107,2019-08-04T12:41:41Z,9bf4a5d763fa921335be6c141a0c9fd769fcb2f4c5b40b85a1c99c71,60.14699,24.922,00000000a53ed894,20.28
19108,2019-08-04T12:41:41Z,9e3d4a4b1acd94d2896cd7cf56419110f06ea96faae37aadebd4ec77,60.14947,24.91438,000000004ef3150d,5.41
19109,2019-08-04T12:41:41Z,9ff13c715073d5ad9c464cb67b6de3f703435cf389c32cce5626dfe1,60.149,24.9843,00000000fffb8cf0,23.56
19110,2019-08-04T12:41:41Z,a01d7427dcaa19c3efac1cde116c3751db11d6cf2838d0509704616a,60.14699,24.922,00000000a53ed894,14.89
19111,2019-08-04T12:41:41Z,a22736c5d66f417bc6b745f51492549dc2e5a3c766f5e7e23f183b41,60.14947,24.91438,000000004ef3150d,8.38
19112,2019-08-04T12:41:41Z,a2e771418a36fc43aa9719d034aa9e3a7a751c5123e4bd33cc2aeea7,60.16531,24.9442,00000000fdda10fe,18.79
19113,2019-08-04T12:41:41Z,a2ff3e38cd375b2ad8433e939eff89dc118acf09b0b2339b33bccb47,60.16897,24.95222,00000000aa852af1,20.28
19114,2019-08-04T12:41:41Z,a422a30ec1eb058c7930e1352297c161639faa5b3ca5f5fa47c4adb3,60.14947,24.91438,000000004ef3150d,13.75
19115,2019-08-04T12:41:41Z,a4f416ec0941bb365e3665d7fd224fad15d74225e8ce9f6dd6368bc7,60.17065,24.93641,000000000f4919c9,23.56
19116,2019-08-04T12:41:41Z,a6158fc663b4931ef4e811a4acf62ab2f658241775e200b14684f87d,60.16897,24.95222,00000000aa852af1,10.78
19117,2019-08-04T12:41:41Z,a6f944078dd26796f5a849ccb6fdf8a4436f913cf3302597c846462d,60.16762,24.95415,000000006b44cce7,4.11
19118,2019-08-04T12:41:41Z,a7472d1b63171c047444981df223670390009e3ea502132d9963e9fb,60.14947,24.91438,000000004ef3150d,9.12
19119,2019-08-04T12:41:41Z,a76d219c3abcc4ec3a54dd834263f9a24972c71be4c7bbbfc663f22f,60.14699,24.922,00000000a53ed894,5.91
19120,2019-08-04T12:41:41Z,a794d97e26d3678bb11b4364880414bb7bfac4bb49d1867b37b489f7,60.14947,24.91438,000000004ef3150d,6.46
19121,2019-08-04T12:41:41Z,a8bd45406d5913e098652d4c2d836339758e08d21bf5d88becabdd36,60.14947,24.91438,000000004ef3150d,2.8
19122,2019-08-04T12:41:41Z,a8df2631c2442628608c1f0352c896eb532a6ca08c85de2c77360aa8,60.14947,24.91438,000000004ef3150d,5.41
19123,2019-08-04T12:41:41Z,a9dfc9065260957b1eb8dc3b11b793f73f7940fa5cb61acb16a260e2,60.16897,24.95222,00000000aa852af1,27.28
19124,2019-08-04T12:41:41Z,aa5773b59ce2bf1eee53e4e77cd3c261465d2ea538c9a85b8de30cd8,60.14947,24.91438,000000004ef3150d,9.12
19125,2019-08-04T12:41:41Z,aa6d51fc5411b69567cb854360c4a81267eac19446946eb27618306a,60.14699,24.922,00000000a53ed894,12.69
19126,2019-08-04T12:41:41Z,ac93ac0788af8e1b0f20fada4f15ca1ad31f4084b133482d8211571d,60.14699,24.922,00000000a53ed894,17.4
19127,2019-08-04T12:41:41Z,acdcc8ae1d1c6bb055dfc108154eae58b4b894f0ce1ff174c1065c7e,60.16762,24.95415,000000006b44cce7,4.5
19128,2019-08-04T12:41:41Z,ad8af809ed47a3391bb53d11da159b3a8b0ddc264d94c049ce72bda0,60.17065,24.93641,000000000f4919c9,0.23
19129,2019-08-04T12:41:41Z,ae08ba8b9f7ef2a4326d6d7bbf452a87d08f8062feaf20cb7101d414,60.15432,24.9211,0000000019fb59c4,23.56
19130,2019-08-04T12:41:41Z,ae828cc3f1fa739d818186776cff673c88a05d0f3dedfb4a765a54fd,60.16829,24.94214,00000000afef4555,14.89
19131,2019-08-04T12:41:41Z,aec4b11f0b1ec075878ca4a3b94da464f6fc96e330b913d5bfd346b0,60.16897,24.95222,00000000aa852af1,8.38
19132,2019-08-04T12:41:41Z,af64ca430076b1e91eeb89134e0e026479928845cbe1943bc56104c2,60.14947,24.91438,000000004ef3150d,21.87
19133,2019-08-04T12:41:41Z,b26a9be85f5fd17ea58397762fa55db3c8f68fb709d586d61527c892,60.16829,24.94214,00000000afef4555,4.5
19134,2019-08-04T12:41:41Z,b27b090bd1bd9828dcb6ddbd0a1394e4aa097974747dff90ba0eff71,60.16897,24.95222,00000000aa852af1,16.1
19135,2019-08-04T12:41:41Z,b3e9da5a37ed8ed450753cb7443e607ed1de2af685bad5be61b3e91c,60.16075,24.95883,00000000f1124bca,11.7
19136,2019-08-04T12:41:41Z,b41cc64d7ab4e16a03573bdc3b5863c4b402ec66c7780c7900c02877,60.16829,24.94214,00000000afef4555,11.7
19137,2019-08-04T12:41:41Z,b523d3f8341906e4b3877ff7d9614b4e10d6bbf10afdcc6c53656c8f,60.17065,24.93641,000000000f4919c9,25.36
19138,2019-08-04T12:41:41Z,b5e3abaccf4a03480985d25eb9fbf454c87f7ad06c38c8bdeb0819fa,60.14699,24.922,00000000a53ed894,20.28
19139,2019-08-04T12:41:41Z,b7039958be9f53a3eaed97f705a1974815f52f25226e920155397bec,60.16075,24.95883,00000000f1124bca,23.56
19140,2019-08-04T12:41:41Z,b8201571cb5ac01b7db7af4fba6c7ff58336a3f03d0fe13edf985c41,60.173,24.92524,0000000096918cfa,20.28
19141,2019-08-04T12:41:41Z,b9c0ac0bb7310d92c296a8870603ebd12c0c632cfc2a1fa33092b337,60.16762,24.95415,000000006b44cce7,14.89
19142,2019-08-04T12:41:41Z,ba9825bb3cfae6aeb29833f0a11189802065c73f8e541b2bcb5b572f,60.14699,24.922,00000000a53ed894,20.28
19143,2019-08-04T12:41:41Z,baa222a8cd4bafd707316f5932b27c8a4aa5bca6b488ae3d59c3b0dc,60.17065,24.93641,000000000f4919c9,33.81
19144,2019-08-04T12:41:41Z,bb0193f2b0ac4801fe82ed5cec75e687465d707d92e731047f81650f,60.1538,24.95595,0000000038bf9618,2.54
19145,2019-08-04T12:41:41Z,bbe1e18f88cf88928067a0221965768c1f2ae264291cea564d7eb7e8,60.16897,24.95222,00000000aa852af1,31.5
19146,2019-08-04T12:41:41Z,bbe7947ea50de5986f237ccab5782ddb55c199ad6a81e8f692670d0c,60.16829,24.94214,00000000afef4555,7.05
19147,2019-08-04T12:41:41Z,bc3861c61a46fbf78a7423712f1a528cf9f8332531271933056c233f,60.16829,24.94214,00000000afef4555,18.79
19148,2019-08-04T12:41:41Z,bd4ec71179e7755567e37eb54b845b317af028a4effe45dcaeae19bc,60.14699,24.922,00000000a53ed894,14.89
19149,2019-08-04T12:41:41Z,bddca8fc17056f9f207a259070e281eedf4cea3e8e22093b88bbd7b5,60.14699,24.922,00000000a53ed894,13.75
19150,2019-08-04T12:41:41Z,bebf1edb9736fe66391376c4cf2a3033ab9fa83ae21f86b66392e2d0,60.16762,24.95415,000000006b44cce7,17.4
19151,2019-08-04T12:41:41Z,bef86aee891e6813146b3b9679809c39591429ebddf99a44cc9a60ed,60.14951,24.92138,0000000006dd41f6,18.79
19152,2019-08-04T12:41:41Z,bf2e5725b255e320f1e8375ec03f55194f1fd9f751be9629d873a5c8,60.14699,24.922,00000000a53ed894,4.5
19153,2019-08-04T12:41:41Z,bf992d3cd95a73f02d7223eaffe90a94e3e1e98a8c6759bab631b5b0,60.14947,24.91438,000000004ef3150d,13.75
19154,2019-08-04T12:41:41Z,c0722f63618f97eb8ec4afac1a8538b81a3c87e623d753ad1201bf7c,60.16075,24.95883,00000000f1124bca,4.94
19155,2019-08-04T12:41:41Z,c0a0ca3433586ed2ae0e448f2406fabac7292ac79d49562e0bd5cef8,60.16762,24.95415,000000006b44cce7,14.89
19156,2019-08-04T12:41:41Z,c22d0093a8d103f59838ad43218fa834e328847e5094bcb2e98d5307,60.16829,24.94214,00000000afef4555,10.78
19157,2019-08-04T12:41:41Z,c36d58ed0e0dddb3e26be1214e369db1c3fa3d4bcf8b53536a25239b,60.17065,24.93641,000000000f4919c9,4.94
19158,2019-08-04T12:41:41Z,c3be6dcc2c0542676c20d28ce38adbe2c0b9be09caa3f22e60210636,60.16075,24.95883,00000000f1124bca,4.94
19159,2019-08-04T12:41:41Z,c3e5ee20ca76f7347fda00c4c2fdee291bc6d843a879b26fbdd70390,60.17065,24.93641,000000000f4919c9,20.28
19160,2019-08-04T12:41:41Z,c493415e869d6e6304841784a120f994272b83557256b43e44e4f3e0,60.14699,24.922,00000000a53ed894,11.7
19161,2019-08-04T12:41:41Z,c633a260ce59bad4e1ca42f12936ed8ae57a40f5e6528dfb70052c43,60.16897,24.95222,00000000aa852af1,9.92
19162,2019-08-04T12:41:41Z,c71d8be446020d246378e1f525a13b08549d4712051cead5ccd9287f,60.16762,24.95415,000000006b44cce7,11.7
19163,2019-08-04T12:41:41Z,c728eaa7734efeabe7f33c782081caa960fcced68160e285ee477916,60.14699,24.922,00000000a53ed894,18.79
19164,2019-08-04T12:41:41Z,c7951807c3dfab7d09841dfc9c9b2a4fc0bcf4f43e44a9ac61b85c91,60.17002,24.94407,000000006b087f40,23.56
19165,2019-08-04T12:41:41Z,c905a50dedd9b3d2114cde9160b7adf83adc09683b65598ce24c4047,60.1538,24.95595,0000000038bf9618,18.79
19166,2019-08-04T12:41:41Z,c9822d9c012b25f745a2934c523f3c9e6db75fbe3f5e673475813381,60.15432,24.9211,0000000019fb59c4,18.79
19167,2019-08-04T12:41:41Z,cb3f05d5604f5532e039e6d40514b13aba8f6274d952bb17a8b801fc,60.15432,24.9211,0000000019fb59c4,14.89
19168,2019-08-04T12:41:41Z,cbc336691f17a9c508549e03d522166247a0cd0a944321c1a7d15525,60.14699,24.922,00000000a53ed894,8.38
19169,2019-08-04T12:41:41Z,cc2cf42c6b14536fb92c810ff0e3dd5a3caa74236f14246a5b6e8cdc,60.16762,24.95415,000000006b44cce7,5.91
19170,2019-08-04T12:41:41Z,cce6b6f309e43e2bb1be6a9784582a82891e976d0869d01040586d27,60.14947,24.91438,000000004ef3150d,5.41
19171,2019-08-04T12:41:41Z,cd3e127e27387b6e06cdf27f46fb6046e4182e4d7b49b49c17167c1c,60.14947,24.91438,000000004ef3150d,13.75
19172,2019-08-04T12:41:41Z,cd9b2be9ffb37c8b7c5c25f587c95b1c7932a21fb245487ea2f740d9,60.14699,24.922,00000000a53ed894,6.46
19173,2019-08-04T12:41:41Z,ceb777dafa9b7e39125b89735b7f0cf22c3018eb0196043ac8160370,60.14699,24.922,00000000a53ed894,13.75
19174,2019-08-04T12:41:41Z,ced0425d382ce86b7565a8b7b36a453a0880a08ba10090524e6c1ac5,60.14699,24.922,00000000a53ed894,9.12
19175,2019-08-04T12:41:41Z,cef1d06a10cfa08bcaef8b36535c2ec32c756a76cc0d5c2a1246f933,60.14699,24.922,00000000a53ed894,9.92
19176,2019-08-04T12:41:41Z,cfa42322be0000cf89d8969d1b88ace0ba99cab721dd58d55d41a36e,60.17065,24.93641,000000000f4919c9,16.1
19177,2019-08-04T12:41:41Z,cfc2a688ff31fbb1baac8790fb6d56dc7746ba2cf9e0e5f39d4751a4,60.14699,24.922,00000000a53ed894,4.94
19178,2019-08-04T12:41:41Z,d098b9b5b30c5fcd4ae8a2b8bc761df72829713d3ae919634876d349,60.14699,24.922,00000000a53ed894,10.78
19179,2019-08-04T12:41:41Z,d0aa228c2a3e6e1568e876cffc76874702e0f0f63f18533551bf02c1,60.16075,24.95883,00000000f1124bca,17.4
19180,2019-08-04T12:41:41Z,d0cab2a2660dcc5cb99a9bdf39d2e6b31b7498985db1b50e48cb478d,60.18203,24.91341,00000000342570c2,13.75
19181,2019-08-04T12:41:41Z,d12f9e6275869a74f979eac17b326dfe329bbd78b8732fc998b5f132,60.14699,24.922,00000000a53ed894,25.36
19182,2019-08-04T12:41:41Z,d1e3b42846da964eb43395a0c02d5cccd930d1a09090f9d668f1ebd9,60.16829,24.94214,00000000afef4555,16.1
19183,2019-08-04T12:41:41Z,d3486259a51296194d20e84e88ba4588e37cf48661effba832c33ab0,60.16762,24.95415,000000006b44cce7,13.75
19184,2019-08-04T12:41:41Z,d388a2c86cc65945e59a07273222ff57fc3585d4756b5c498dd443ac,60.16897,24.95222,00000000aa852af1,20.28
19185,2019-08-04T12:41:41Z,d38e88e5b926f9d1de6e326cca45116fcca11f10684c80876739c6cd,60.16075,24.95883,00000000f1124bca,8.38
19186,2019-08-04T12:41:41Z,d3a37aedae39925bda7da8e4f05a61b85904a00f88e8684006c76351,60.16829,24.94214,00000000afef4555,16.1
19187,2019-08-04T12:41:41Z,d3c0cff604283ea6adeabb4f867f3fcaf8ee41fd27fc600d33c4d70d,60.16075,24.95883,00000000f1124bca,21.87
19188,2019-08-04T12:41:41Z,d5690433f1f0d0855704a06520cd197dac8c6c1293aa376af6854128,60.16897,24.95222,00000000aa852af1,16.1
19189,2019-08-04T12:41:41Z,d64eda229ebb6012e59bc89eacb74918e404ce52f16b491f3d48e800,60.16897,24.95222,00000000aa852af1,20.28
19190,2019-08-04T12:41:41Z,d75c412090c347ad7fca9287bcc4eb9bfb757dc7c1725109861dd93e,60.16629,24.95957,00000000fb7600be,18.79
19191,2019-08-04T12:41:41Z,d87210146aab139cc6640a20b428dce6ac516806a71a177b70e04f62,60.17065,24.93641,000000000f4919c9,9.12
19192,2019-08-04T12:41:41Z,d8e7e8b511d1123d1389cf08abbfa54b2b38e1824598b88008356c33,60.16897,24.95222,00000000aa852af1,23.56
19193,2019-08-04T12:41:41Z,da667dfa2d8a272a7398e186de027fabd2052052c0aad767a1c7d966,60.16897,24.95222,00000000aa852af1,16.1
19194,2019-08-04T12:41:41Z,daac051ca20430238282e179e0fe525b11ff1e8f1ace26d45b41f331,60.14947,24.91438,000000004ef3150d,7.69
19195,2019-08-04T12:41:41Z,db9cee77723e2258651606fd447070139d95eb1138f8e56957bff8f1,60.17002,24.94407,000000006b087f40,21.87
19196,2019-08-04T12:41:41Z,dbf9f0495974591badcee3fcfc1b5eb718b26de86aaf486c351ad084,60.14947,24.91438,000000004ef3150d,14.89
19197,2019-08-04T12:41:41Z,dc439ef81c2abfb840e3ab145f2b944aae18a1beffd3eb47de845b9c,60.16531,24.9442,00000000fdda10fe,25.36
19198,2019-08-04T12:41:41Z,ddd849ee86afceedd5f5582ede84380d5596c9ea304d634ab0fd0de0,60.16829,24.94214,00000000afef4555,21.87
19199,2019-08-04T12:41:41Z,de09fd8d15c3d7adbf440a3d0a418a3b476513c968bda8a4aa652adf,60.173,24.92524,0000000096918cfa,25.36
19200,2019-08-04T12:41:41Z,de0d086ae32f87522eab31d3bc52545ed17b065889674963c0709568,60.16829,24.94214,00000000afef4555,9.12
19201,2019-08-04T12:41:41Z,de84f754a3916c8f831b0bb8ea41fc2a42cdea2794558fece3c7ae97,60.1538,24.95595,0000000038bf9618,20.28
19202,2019-08-04T12:41:41Z,e02c0f9f72e9f248a4b5df8af328e1a0132d4d8a72c1e603d14cdacd,60.18203,24.91341,00000000342570c2,18.79
19203,2019-08-04T12:41:41Z,e0df847c19b463dec6cea35494d375ce136a276c6a785936c931f60f,60.18203,24.91341,00000000342570c2,20.28
19204,2019-08-04T12:41:41Z,e0e938d5ab6fe3b13270163cd8a4e531dfae4b24ff98ab7e4277114c,60.14947,24.91438,000000004ef3150d,17.4
19205,2019-08-04T12:41:41Z,e0ff1e75104c5dfa3549647c238569888e353e1322256a5c6979de0b,60.14699,24.922,00000000a53ed894,6.46
19206,2019-08-04T12:41:41Z,e1322e5118885f9bd50f4b2f8c4fd6d329ced295738b9983ef61b1c8,60.1538,24.95595,0000000038bf9618,18.79
19207,2019-08-04T12:41:41Z,e1a443e10353da64728464e8a720aaf22a62b80d404f1acae1a1c6ee,60.1538,24.95595,0000000038bf9618,27.28
19208,2019-08-04T12:41:41Z,e23a6115ba872037f9b5066c9c9c966b497f449e32a2c9ceb0e55497,60.16829,24.94214,00000000afef4555,10.78
19209,2019-08-04T12:41:41Z,e341e5e3e0b4fef8c3764508293310da5922b202d791694e43069ad1,60.16544,24.95398,0000000038d83d41,13.75
19210,2019-08-04T12:41:41Z,e34bcebfa007159f3d2adb0e62e20fcf721a221f52bdfe2a6ad77831,60.18203,24.91341,00000000342570c2,11.7
19211,2019-08-04T12:41:41Z,e35717ff07f32be5a2e1520f1855533f8dcc72cff7930c9cba9da32b,60.14947,24.91438,000000004ef3150d,20.28
19212,2019-08-04T12:41:41Z,e40a26f3f7468f4ac2302b45f1ed9aab7fea245ccf81d0c08072c881,60.16829,24.94214,00000000afef4555,9.92
19213,2019-08-04T12:41:41Z,e447e76c7b53157c11d5bfeb172c27332c81b5ec7f263badf5507888,60.149,24.9843,00000000fffb8cf0,10.78
19214,2019-08-04T12:41:41Z,e4f8eb3c654b642eaf00a350d3f55a7ec5156d7693c81bb994f49d52,60.1538,24.95595,0000000038bf9618,29.32
19215,2019-08-04T12:41:41Z,e826dedac8582e619ce18cd7eed68be5ee1fc9ed37e191e06f916835,60.14947,24.91438,000000004ef3150d,8.38
19216,2019-08-04T12:41:41Z,e9115410fa45db5a174eee008cae729dc69937a0e0b5a304899bf1b9,60.17065,24.93641,000000000f4919c9,18.79
19217,2019-08-04T12:41:41Z,e92eb020afcd7c1fad04690230ff8c2f005e404dd25b8dced1df30dd,60.16075,24.95883,00000000f1124bca,8.38
19218,2019-08-04T12:41:41Z,e9e19621fc5cfcfed2c808bbadc6cc6dd31e28d3c04cef8b89ca2729,60.16075,24.95883,00000000f1124bca,20.28
19219,2019-08-04T12:41:41Z,ea157e44ed100be3f782d8b3d8e5e0986079c588c9ea754b14917df0,60.16829,24.94214,00000000afef4555,0.41
19220,2019-08-04T12:41:41Z,ea2f4d9799324f4cd2a6fcda1625b65acdbab9f6b8331c26f63beec2,60.16897,24.95222,00000000aa852af1,14.89
19221,2019-08-04T12:41:41Z,eac6fda3a18aa9ce55b6359f5c62a044e0bcd6bc3576c8cd815acf07,60.14699,24.922,00000000a53ed894,10.78
19222,2019-08-04T12:41:41Z,ec096f9d9f6ac607dcfcecf3327071d33a6ed3fdedd3cc796ba91fdc,60.16897,24.95222,00000000aa852af1,23.56
19223,2019-08-04T12:41:41Z,ed70712277756192c688e0f4d7620cdb33803ab3e0cc7c180c3efd23,60.15432,24.9211,0000000019fb59c4,25.36
19224,2019-08-04T12:41:41Z,eed1c3b93e33ab3a4802db427c8c197c0fbad358e039b6ea8c8af07b,60.18203,24.91341,00000000342570c2,16.1
19225,2019-08-04T12:41:41Z,ef352dcaa8317b6a3c0a02cd8908dd13da5601cc66ba65c5fd8d031a,60.14947,24.91438,000000004ef3150d,7.69
19226,2019-08-04T12:41:41Z,ef77b04fc57a9781bf581172358ba74cf41e0b2a6ecc8090f99810bf,60.14699,24.922,00000000a53ed894,12.69
19227,2019-08-04T12:41:41Z,f04b198f2f3331022f4a89ef2c2d12283e9c1c03a6c64a1dcb6e76cc,60.173,24.92524,0000000096918cfa,18.79
19228,2019-08-04T12:41:41Z,f062cb52d49926a4fb39f723275ed60ab6c0f3bf34e0c3f9d233b7b8,60.14947,24.91438,000000004ef3150d,9.12
19229,2019-08-04T12:41:41Z,f15b72a3aad411d2f8a70b41c4f62ad2d744d064d42ec00c71a18ac5,60.16762,24.95415,000000006b44cce7,3.74
19230,2019-08-04T12:41:41Z,f1e73fa6dab8e8a2db6d7515f601fac161f17c34beb84aa55e812a9e,60.16762,24.95415,000000006b44cce7,7.69
19231,2019-08-04T12:41:41Z,f1eb1b22a5e01064a1829b325d256218c68bc9134f03a3f09f3e2566,60.16829,24.94214,00000000afef4555,17.4
19232,2019-08-04T12:41:41Z,f20f951802c722181f0e90095001c49e73f84049bb105b95c97049d1,60.17918,24.95141,00000000675d5200,29.32
19233,2019-08-04T12:41:41Z,f2deba4ef84dbbc8c5d8524f6e2311183003bce4f9bfa6aef5b5ef66,60.14947,24.91438,000000004ef3150d,8.38
19234,2019-08-04T12:41:41Z,f2e063c8c25a8bec0dd6ec3924a5f59fd9694078f2f3fd5b3ea96f29,60.16762,24.95415,000000006b44cce7,9.92
19235,2019-08-04T12:41:41Z,f39827c3c7f4c833d1118043492f78e3255b6da9f4a2c000041d9b61,60.16829,24.94214,00000000afef4555,1.25
19236,2019-08-04T12:41:41Z,f3ec2366b51157150674e5ab6293bdb19e0b30ca4296fee4c97b811c,60.14699,24.922,00000000a53ed894,14.89
19237,2019-08-04T12:41:41Z,f5f7cfe177dfb0b7ebba2419ae53f70b6b5690dd98d98586004a9107,60.149,24.9843,00000000fffb8cf0,13.75
19238,2019-08-04T12:41:41Z,f6a88c4482d078d6a1d51eabc04916c6f7566cff4a16fd55f3abdef0,60.16531,24.9442,00000000fdda10fe,14.89
19239,2019-08-04T12:41:41Z,f796c9efc581b25280d4b416f8ba3aecca6ddf083e7bdad05f6e595e,60.14699,24.922,00000000a53ed894,7.05
19240,2019-08-04T12:41:41Z,f7f0caf73572bea3c08b592eeb9655b2668cfb16fd8840ca5619d84a,60.14699,24.922,00000000a53ed894,6.46
19241,2019-08-04T12:41:41Z,f81439a39740937c6cba523d5ebca87b52d69ff29fb449cf42ade4d6,60.14699,24.922,00000000a53ed894,17.4
19242,2019-08-04T12:41:41Z,f868d87b5d5a7094b60a131cd3e120c25787ebf751f7c93640b34942,60.16897,24.95222,00000000aa852af1,12.69
19243,2019-08-04T12:41:41Z,f9f454563bb2c7fd9944c5f164bf6c5fad98bb698039934d4d8b54dd,60.16897,24.95222,00000000aa852af1,25.36
19244,2019-08-04T12:41:41Z,fa96854324adae88abb35afa34b2393a20338bfd8fc9602d3ce6ae8d,60.14947,24.91438,000000004ef3150d,6.46
19245,2019-08-04T12:41:41Z,fadc39da3cd26ac621092fbbff224b95bb13446c8d24bbf4f3e50e90,60.14947,24.91438,000000004ef3150d,5.91
19246,2019-08-04T12:41:41Z,fc618d570293e104f3bf927312641e3b7c65acce185b1614337d848c,60.16829,24.94214,00000000afef4555,21.87
19247,2019-08-04T12:41:41Z,fce50ac3cfd2f3b7a897f6575eeda4e45ab42e5b9b5351be836cc0de,60.16897,24.95222,00000000aa852af1,38.87
19248,2019-08-04T12:41:41Z,fe5ca86c906b1cb3bf9dd257ceefc562e41da499878f1074484f7d42,60.14947,24.91438,000000004ef3150d,12.69
19249,2019-08-04T12:41:41Z,feb399897846bc34dc3f4b06ac4ef0ffb0db885977b88e5c5fdb7350,60.14699,24.922,00000000a53ed894,4.94
19250,2019-08-04T12:41:41Z,ff4f3e0f964f23b97e88626f7a506bb4409718931712c58ce0f247af,60.16762,24.95415,000000006b44cce7,10.78
19251,2019-08-04T12:41:41Z,ff8280896145ae17e594c52eac2cdbab47d3757d797878fbc4298596,60.1538,24.95595,0000000038bf9618,23.56
19252,2019-08-04T12:41:42Z,002609eccfa6482109fb43966e0153bf6f371425cf715e49925348dd,60.14699,24.922,00000000a53ed894,13.75
19253,2019-08-04T12:41:42Z,07d86ad98399440d0cc3bd3382a7256feb971e49a3686dc17f532e1c,60.16829,24.94214,00000000afef4555,27.28
19254,2019-08-04T12:41:42Z,112c36ba789fa57e2b19c9bff8bfe0b3eba19a431c3af4656c4cee5b,60.16531,24.9442,00000000fdda10fe,29.32
19255,2019-08-04T12:41:42Z,1142f5b6806b1ec7d8d47d47013eb530d8a7418f6934d8867b20966a,60.16829,24.94214,00000000afef4555,17.4
19256,2019-08-04T12:41:42Z,14c7e1511b70f4dd3359cbece1377aebb4d70531f5489eefe53d7c3c,60.16544,24.95398,0000000038d83d41,25.36
19257,2019-08-04T12:41:42Z,1599d2c9070a6f05e1a5887c2d9209214c04818c6203fe75440734f2,60.1538,24.95595,0000000038bf9618,25.36
19258,2019-08-04T12:41:42Z,1e7ea410376fbdb3f3c476c76d23abad5d830690f78f71ea06f7e321,60.16075,24.95883,00000000f1124bca,10.78
19259,2019-08-04T12:41:42Z,211f6b7b044343d0be369791b3fa3c144d0d0f391e2a42787712efb0,60.16448,24.97323,0000000053c6c2be,16.1
19260,2019-08-04T12:41:42Z,25a7ff811c3c06e426c7c2cbb0433d9a2a3399b23afecbd35584ab0f,60.18203,24.91341,00000000342570c2,13.75
19261,2019-08-04T12:41:42Z,2603b5aecd8f219a410e558446935308ecabb09a6c9e5b38533728ff,60.16829,24.94214,00000000afef4555,13.75
19262,2019-08-04T12:41:42Z,315af4a829b592ba99b203b8ed2cbd499769f8752dfe6de7da4ee929,60.16829,24.94214,00000000afef4555,21.87
19263,2019-08-04T12:41:42Z,3b5cafe90982db26cf737b2e4cd4275276f6a031bca3b2a1f73023b2,60.14699,24.922,00000000a53ed894,10.78
19264,2019-08-04T12:41:42Z,4317f5904a5e6ae921bf743dd534c803083fd90b15a1245881beeade,60.16897,24.95222,00000000aa852af1,21.87
19265,2019-08-04T12:41:42Z,44d0b94469070803869f229601e877beb613c3f5aafa009addf97a1a,60.16544,24.95398,0000000038d83d41,17.4
19266,2019-08-04T12:41:42Z,4656bad9b5e6dfc3977eca308fc1db3dbf8b0204b90d09b001da242e,60.1638,24.96846,00000000d747f075,38.87
19267,2019-08-04T12:41:42Z,5bbb5184fded3e51bc78e45e39917794285e6bbc72da404802a9599a,60.16531,24.9442,00000000fdda10fe,27.28
19268,2019-08-04T12:41:42Z,5d65719c4cbf045f068d084b72302f447d5fd034413d97d13be00d0e,60.18203,24.91341,00000000342570c2,16.1
19269,2019-08-04T12:41:42Z,5eed115a984d490b02b602d73787aee8dc8c4e9365b77fbff3818a76,60.16629,24.95957,00000000fb7600be,17.4
19270,2019-08-04T12:41:42Z,5fecff186138a9b3e31c6086c33dcd5f1d209e64f0afeed7c688cab0,60.16897,24.95222,00000000aa852af1,18.79
19271,2019-08-04T12:41:42Z,653a92a7828f2c43bc74899753f872e8b93c30b6fb419b651a94bbc1,60.16897,24.95222,00000000aa852af1,13.75
19272,2019-08-04T12:41:42Z,69219e9efa41ae9e732653e9eaf08e1a34cb853a9dafe76ddeea4d04,60.16897,24.95222,00000000aa852af1,17.4
19273,2019-08-04T12:41:42Z,6a70e2fbced719333e21eff04fcb9cb36bae9a04d1a3d6ddd96f2c58,60.15432,24.9211,0000000019fb59c4,7.05
19274,2019-08-04T12:41:42Z,6c8861f56a280e7752e10439271a2498527c69b0796f58de4afc6008,60.16075,24.95883,00000000f1124bca,10.78
19275,2019-08-04T12:41:42Z,70d8572458a1a103555bab897b6443e601e0ed211414b15ad0b56f60,60.16544,24.95398,0000000038d83d41,23.56
19276,2019-08-04T12:41:42Z,737efc92e3419e9d96a8559ec341ea7e18ba6381fd8e4de3d06f82a0,60.14699,24.922,00000000a53ed894,20.28
19277,2019-08-04T12:41:42Z,85ef35aecf2ff804be3d958b592705ec41c6df9c128c132c65bb283d,60.16897,24.95222,00000000aa852af1,23.56
19278,2019-08-04T12:41:42Z,87dfaad29a9276ddddb1fa021d3bc23ad14824c1af16f7d87e713689,60.14951,24.92138,0000000006dd41f6,8.38
19279,2019-08-04T12:41:42Z,88808fe92573e9cdf022cc15b9689b6b4b9429f60513c8897b0ba4c7,60.16897,24.95222,00000000aa852af1,16.1
19280,2019-08-04T12:41:42Z,8c3b1ed0846e38cc84b863a80540c8a75bfd85c8bdda36563d153110,60.16544,24.95398,0000000038d83d41,25.36
19281,2019-08-04T12:41:42Z,8c75c3289c84fe4493e1e272a77b615fe1985880c5dc68a7c1a17b53,60.16762,24.95415,000000006b44cce7,14.89
19282,2019-08-04T12:41:42Z,94c5a69a5ae6e9407c3fa9a6919d99beb3558dd4e6750eb480ddc36f,60.16829,24.94214,00000000afef4555,25.36
19283,2019-08-04T12:41:42Z,9843c6216661048343a0e49cf3d8aa2883cf77f452666a1c873a1052,60.16448,24.97323,0000000053c6c2be,23.56
19284,2019-08-04T12:41:42Z,9bc8068948a5b881e1bded553efe012fe129e3e4df62f64a6724917e,60.16829,24.94214,00000000afef4555,29.32
19285,2019-08-04T12:41:42Z,9ea176cc50b4b7b627807bec1e3dfc22223c1ea35af2995dd823eab7,60.14947,24.91438,000000004ef3150d,13.75
19286,2019-08-04T12:41:42Z,b5fd6b317890e5ab2d79e2cd1abe61626d45a753c7337d0d40728898,60.16762,24.95415,000000006b44cce7,10.78
19287,2019-08-04T12:41:42Z,b6768ae226a93bce23852414e20866c7413513d067579c03ea883dfa,60.17065,24.93641,000000000f4919c9,29.32
19288,2019-08-04T12:41:42Z,bb98768dad0f7c52cf643f035a3e7e48f5cfe28557c66f2a75914b31,60.14699,24.922,00000000a53ed894,16.1
19289,2019-08-04T12:41:42Z,bce16addb0ad2b7209298c35b3506869253f4e4a612a4cb45803ddf2,60.16075,24.95883,00000000f1124bca,7.05
19290,2019-08-04T12:41:42Z,bedde70080278440cf33f510482f5dbd45ad8321fdcb248b929437f7,60.16762,24.95415,000000006b44cce7,11.7
19291,2019-08-04T12:41:42Z,c40c37def6bf11a63a2556519a7c6233fd417cdeea2cf14f28e7c42c,60.16531,24.9442,00000000fdda10fe,31.5
19292,2019-08-04T12:41:42Z,cf05623e4d87ce0906c0b0b7dbf53aacc1228016cd27c341228b6e76,60.18203,24.91341,00000000342570c2,18.79
19293,2019-08-04T12:41:42Z,cfc0bedb78ded52749db3188cb188bf6a250ef5990da9c5afa9623fc,60.14951,24.92138,0000000006dd41f6,23.56
19294,2019-08-04T12:41:42Z,d0a50f3001c258a38880550f6c0835fcaa85f0a6d36687dc5de98f3b,60.16629,24.95957,00000000fb7600be,18.79
19295,2019-08-04T12:41:42Z,dcaa88e5d510f572877286b8ba0663428b2d71a50b6630460009c779,60.14947,24.91438,000000004ef3150d,9.92
19296,2019-08-04T12:41:42Z,dcb7e8bb90af70568c12a902d706c70e1ac1213e31ba074756f0a27a,60.1538,24.95595,0000000038bf9618,20.28
19297,2019-08-04T12:41:42Z,ded49640b591e73bff71f84fb99d2739eb6c9554164a015017725e03,60.16829,24.94214,00000000afef4555,16.1
19298,2019-08-04T12:41:42Z,e8e366e76c97944e23c0f80b4fd3ce6e5832744922297146a49f0c7e,60.16762,24.95415,000000006b44cce7,9.92
19299,2019-08-04T12:41:42Z,e96bd269a48b822b06141c3362fcb6d5ed4d0d09a120f2e4a712d5c2,60.16897,24.95222,00000000aa852af1,12.69
19300,2019-08-04T12:41:42Z,f088630d7476dae7d4b7e2bb1f10575f2c89acb4b6e061f3d57c2b40,60.16531,24.9442,00000000fdda10fe,23.56
19301,2019-08-04T12:41:42Z,f4dcf05c12f8c219fceb5039fe90df777204f62c6fdc06c6915a4b3c,60.18203,24.91341,00000000342570c2,29.32
19302,2019-08-04T12:41:42Z,f6609ab1076b1105bb845595a03b41b8fbb282f79c337df5bbc9f841,60.14699,24.922,00000000a53ed894,7.69
19303,2019-08-04T12:41:42Z,f94dddacf96965952551200a02b41925bcd21402aceafb12f19931af,60.16075,24.95883,00000000f1124bca,11.7
19304,2019-08-04T12:41:42Z,fc4f3a44235f1cfc7b53f14ba2da599976a5a0a220d23b852688e485,60.17919,24.95181,000000007b5207b6,20.28
19305,2019-08-04T12:41:42Z,009ad4cd2bd97e04da44cc9789e6bdbdb899eded61d05b7d5634b7be,60.16829,24.94214,00000000afef4555,4.94
19306,2019-08-04T12:41:42Z,00a07b1f8113691d8475c54082a14cdd54decf9845a90e75df8031a6,60.17065,24.93641,000000000f4919c9,33.81
19307,2019-08-04T12:41:42Z,00bdb07c0f4f75c71196362c269c9f652c66cf7d3f3c2d89843af063,60.16629,24.95957,00000000fb7600be,21.87
19308,2019-08-04T12:41:42Z,010298d620fbe80ab4f46c866c215217b2bf1fd12a2a67b9e56b4ce8,60.16829,24.94214,00000000afef4555,20.28
19309,2019-08-04T12:41:42Z,032e5d7621738a50c9e742e0cba13c819f7c67cedf8687f3ab25595c,60.16762,24.95415,000000006b44cce7,10.78
19310,2019-08-04T12:41:42Z,033759f09b97a9347fd7852dbc2bcd3abbb67a792486acad9d185bca,60.16762,24.95415,000000006b44cce7,7.05
19311,2019-08-04T12:41:42Z,036c183505fea646b54aeb0c612913cafba94eca65e47d3c6d840a68,60.17919,24.95181,000000007b5207b6,18.79
19312,2019-08-04T12:41:42Z,0479a26a59d65bf1dee05c06f4227a0ba63a6e9c9a09e7c34f2e06b4,60.14699,24.922,00000000a53ed894,13.75
19313,2019-08-04T12:41:42Z,04b49a34910d12f55243dd5a756c7cc1e506e5d3cdb418cc635e9ad9,60.16762,24.95415,000000006b44cce7,5.41
19314,2019-08-04T12:41:42Z,04b5d29c48edaaf4904a98e412562e3c0d857eb20342cc7c323d4293,60.16762,24.95415,000000006b44cce7,11.7
19315,2019-08-04T12:41:42Z,07fa093f5dceb6043b0a8c9d8ad01c1bfdfe15d4b3071a26b747ea07,60.14699,24.922,00000000a53ed894,17.4
19316,2019-08-04T12:41:42Z,0a0acb70a8ef92be52a64d4425e70bb2f7a17d13942c3382c9d68878,60.149,24.9843,00000000fffb8cf0,4.94
19317,2019-08-04T12:41:42Z,0a5ed50daf13dd10744537aa851ac7ab1d34d9797ec6ab6e2402aebb,60.16762,24.95415,000000006b44cce7,4.5
19318,2019-08-04T12:41:42Z,0a862920946d7a0dcbee7c1cf28a7b77c57763261788dbd361ed6409,60.14699,24.922,00000000a53ed894,13.75
19319,2019-08-04T12:41:42Z,0aabf0df4c3c5b45bb8950c92dbe624985f19e8650ed61f92571a65a,60.14699,24.922,00000000a53ed894,5.91
19320,2019-08-04T12:41:42Z,0b0dd9af9d52c68ff71ce266d6707abbb0f56c3c63be0f83f7b5df9b,60.16762,24.95415,000000006b44cce7,7.05
19321,2019-08-04T12:41:42Z,0c905239b8c0e14cba671cf4d4d715d1045a30ee62a6285fb489dbb0,60.16829,24.94214,00000000afef4555,14.89
19322,2019-08-04T12:41:42Z,0d8341f0125a5323521549248771d5448e5f788aefe9b989e3b20114,60.16829,24.94214,00000000afef4555,17.4
19323,2019-08-04T12:41:42Z,0ef4d4e0ed1d5a16b616f3722210deaa1f3be532439fb707802f70a2,60.16075,24.95883,00000000f1124bca,18.79
19324,2019-08-04T12:41:42Z,10a99e791e27975dc1c9d73d3163cabacf3bd7bd05a4f7abf6365426,60.14699,24.922,00000000a53ed894,12.69
19325,2019-08-04T12:41:42Z,10caaea8002e8b3b342b32710efdd7305ff375ca1cdc01411f66b2f6,60.14699,24.922,00000000a53ed894,4.11
19326,2019-08-04T12:41:42Z,119268a2b328b466959e99158efc17d07641daf2eab0785f813707f9,60.16762,24.95415,000000006b44cce7,14.89
19327,2019-08-04T12:41:42Z,120a63917cb5ab619bf9a71328f14020736ee84e75d5b37278748def,60.16897,24.95222,00000000aa852af1,12.69
19328,2019-08-04T12:41:42Z,124cce476184e061b136f481014a2abc7208d30e4e520ffd90c85adb,60.17002,24.94407,000000006b087f40,13.75
19329,2019-08-04T12:41:42Z,126ff8aee22cf123572b51282d01680aea0dac78d907b5100c430c50,60.14947,24.91438,000000004ef3150d,23.56
19330,2019-08-04T12:41:42Z,12fb8b4ee43472fe3f49e3ac6791275a4a7d7beec0e3b87fbae1320e,60.16829,24.94214,00000000afef4555,27.28
19331,2019-08-04T12:41:42Z,13bcedb8c59b26417282929d81844b272c7c5bc295614f531219a8e4,60.14947,24.91438,000000004ef3150d,11.7
19332,2019-08-04T12:41:42Z,13ee67fb034e3d24edc9a9618e9d6de24979ebbcb399f83abb02a897,60.14699,24.922,00000000a53ed894,3.09
19333,2019-08-04T12:41:42Z,1423891c6ee1edc7da83904378a35aef2e5797db95b117651d676934,60.16762,24.95415,000000006b44cce7,13.75
19334,2019-08-04T12:41:42Z,1496ce9cf373a2a508a8ab0b7aa0604dd889fd69483881c3752219af,60.14699,24.922,00000000a53ed894,17.4
19335,2019-08-04T12:41:42Z,1551f9fdd5a57b17be51babad39f807f04be4d340266c153eb860156,60.15432,24.9211,0000000019fb59c4,23.56
19336,2019-08-04T12:41:42Z,15ee12e5f9be00a79b0cbbc9912f51cbfa3e486624567e1bde938fb6,60.1538,24.95595,0000000038bf9618,18.79
19337,2019-08-04T12:41:42Z,161aa798c2a18e132fb27ecded773218ea4e42eabbd0e5794b1d7017,60.15432,24.9211,0000000019fb59c4,5.91
19338,2019-08-04T12:41:42Z,162fcc3711287e7287479d948f54f820fb95d665191f206f0c428cfc,60.1538,24.95595,0000000038bf9618,38.87
19339,2019-08-04T12:41:42Z,171a752ceacd35c6e27c36e67da80ba960a246c0977f0bdca139a472,60.14699,24.922,00000000a53ed894,18.79
19340,2019-08-04T12:41:42Z,1769031b7f4d75de0541e26427b9ecc92c84b80992e3b36bb8eb799e,60.16829,24.94214,00000000afef4555,4.94
19341,2019-08-04T12:41:42Z,17a8241bf128a683e281230fb8e97f6b45adaa7f9b4bb0f8aaa40240,60.16629,24.95957,00000000fb7600be,38.87
19342,2019-08-04T12:41:42Z,17af6ab252328066d6b13406084507dfa7a7f6db3030872e7f87223d,60.17065,24.93641,000000000f4919c9,29.32
19343,2019-08-04T12:41:42Z,197961cf403efacc6bdb07158a50753109701aba7a6e7cbf8502e1ee,60.14947,24.91438,000000004ef3150d,13.75
19344,2019-08-04T12:41:42Z,1a93dfa31156cee53b4bd527d8b74655a5da812b6933d8a86d871e47,60.14947,24.91438,000000004ef3150d,7.05
19345,2019-08-04T12:41:42Z,1aacd77e1fdbe1544cf1ab29a00642d77ce4a075e388e8a2108aa39b,60.16829,24.94214,00000000afef4555,10.78
19346,2019-08-04T12:41:42Z,1ad0b84716a79851fa8db7a993012f0c8e496d6cba9d028a546285a2,60.16897,24.95222,00000000aa852af1,10.78
19347,2019-08-04T12:41:42Z,1b3fba902b8d1538b508cdc228fd15fdd87f5aecb68e5611b1a4e354,60.16762,24.95415,000000006b44cce7,2.8
19348,2019-08-04T12:41:42Z,1bcef866fafad7c7460a084e0b0d27c087b549f4ae704390708be47e,60.149,24.9843,00000000fffb8cf0,7.05
19349,2019-08-04T12:41:42Z,1c7ccd5d6570d98e57ef2ebbd716b7504b138f9bb616fbeaa0d1a268,60.14699,24.922,00000000a53ed894,18.79
19350,2019-08-04T12:41:42Z,1d4841b6905c46f3c38f79540bae2a88a4e660692149506c0db9da33,60.15432,24.9211,0000000019fb59c4,14.89
19351,2019-08-04T12:41:42Z,1dcb5d78c4ed02c596144501da43e29defedf2db734c34c36c9bacbd,60.16762,24.95415,000000006b44cce7,14.89
19352,2019-08-04T12:41:42Z,1e24a2120b13c780dbb3a67a73f5058d1847f126fd5f5952e6dddcd3,60.16075,24.95883,00000000f1124bca,20.28
19353,2019-08-04T12:41:42Z,1e63d2090b520af23ca3d2c9a05047dc0b0c63f7471b86e9d9f3e7cc,60.16629,24.95957,00000000fb7600be,29.32
19354,2019-08-04T12:41:42Z,1ec58e626d2335aeeaa7c7d8f715d4334274dbd43448fb62c3901ef6,60.16829,24.94214,00000000afef4555,18.79
19355,2019-08-04T12:41:42Z,1f74037ecab4dbdc5db1a8dc8b583a86630f86a5f2d0a5167b7fa605,60.18203,24.91341,00000000342570c2,20.28
19356,2019-08-04T12:41:42Z,1f81ed7274add201d3059d4a37e2bbe86b6ae1f0fd42a16d7b8dccaa,60.14699,24.922,00000000a53ed894,8.38
19357,2019-08-04T12:41:42Z,1faaaeff6423708e06d94b904af4be93e399939fbdfd3b3091dc8bd2,60.15432,24.9211,0000000019fb59c4,13.75
19358,2019-08-04T12:41:42Z,203a0c145a43c9a18f8c2a5ba4e18882e7430662bb4ac0e56ab37578,60.17065,24.93641,000000000f4919c9,10.78
19359,2019-08-04T12:41:42Z,208944c5811f446561788c5415738cbe52bdacb371f415236042698c,60.16897,24.95222,00000000aa852af1,16.1
19360,2019-08-04T12:41:42Z,20ac7b2ace7c0038aa8df01b9281a9c54f1551fc8ab9b662b1f1ca22,60.18203,24.91341,00000000342570c2,16.1
19361,2019-08-04T12:41:42Z,21bdc11bb63fb48c9d4b5308540ee5df579c9a385001a10fceeeedf3,60.14699,24.922,00000000a53ed894,12.69
19362,2019-08-04T12:41:42Z,21eb94b10f042f4f21566d3ee27d800fb6d899071739c0c5c1fa7af0,60.14699,24.922,00000000a53ed894,21.87
19363,2019-08-04T12:41:42Z,2204ba387d2db0e7d2ca03f7ace46abff8d141668b73c75a1879d7ba,60.14947,24.91438,000000004ef3150d,12.69
19364,2019-08-04T12:41:42Z,231026899a6d5b326cb5b1e38b182ca1acb77c7e27bc2378973b29db,60.16629,24.95957,00000000fb7600be,11.7
19365,2019-08-04T12:41:42Z,23337c2812924a07e4f0bbc92e56d1f85ea40208b6b987f4afc686cf,60.16897,24.95222,00000000aa852af1,16.1
19366,2019-08-04T12:41:42Z,247f8b2fe544f61677fce4b7f300f6be0c3fa9f5a9f057cc0a4b2111,60.16762,24.95415,000000006b44cce7,10.78
19367,2019-08-04T12:41:42Z,2607d1b2fc6e31a80348fffbed68a7d3a8e0212f197f2d1c573c587b,60.14947,24.91438,000000004ef3150d,3.4
19368,2019-08-04T12:41:42Z,269124e75b1e74a7c7dc93b778e02f04d0a53e069a90081c0938ee4c,60.14699,24.922,00000000a53ed894,14.89
19369,2019-08-04T12:41:42Z,26a4ff30aad95332c4b603e9e728a10486413889de9d2c4573524923,60.16762,24.95415,000000006b44cce7,11.7
19370,2019-08-04T12:41:42Z,2838eddb482a9bc77b0b867352020e2cbfb71e85aaa1d61307e85f3d,60.14947,24.91438,000000004ef3150d,13.75
19371,2019-08-04T12:41:42Z,28b43564f7156b67db7cb7b779e948986d7610f921490f9030379704,60.16897,24.95222,00000000aa852af1,5.91
19372,2019-08-04T12:41:42Z,2969cdb120f2d285c556abfe5bac2f8090571f61aba227a474a534d2,60.17065,24.93641,000000000f4919c9,4.5
19373,2019-08-04T12:41:42Z,29a1ee6c0907a00ec6b6dcbb187f5c31d1a11b261aabd339210ee013,60.16897,24.95222,00000000aa852af1,13.75
19374,2019-08-04T12:41:42Z,2f08dbfbbe5577f04ea9826f72d5452ddf5fd9bb892769382ea5a4ca,60.16762,24.95415,000000006b44cce7,20.28
19375,2019-08-04T12:41:42Z,2fabc4773758a12492d31bdfe6b37e6523ae8caabecda356d33dce41,60.15432,24.9211,0000000019fb59c4,16.1
19376,2019-08-04T12:41:42Z,303b71b588600720035fd295c72c5a573cc3eb884d1289fc42ae5b2b,60.16897,24.95222,00000000aa852af1,20.28
19377,2019-08-04T12:41:42Z,30a61e19970b97da6e9b193690e43a087312fbcf2c8fa2206a608183,60.14699,24.922,00000000a53ed894,21.87
19378,2019-08-04T12:41:42Z,30c55d5011d0f6c901437a130dbe2653c7ae0cceee3b0a242394152c,60.14947,24.91438,000000004ef3150d,21.87
19379,2019-08-04T12:41:42Z,32708990f2c831e65f70f2682baf5188fc93348b9a9e78ada8db2bf4,60.14947,24.91438,000000004ef3150d,1.7
19380,2019-08-04T12:41:42Z,32f77f5019e5fce30881c214487361e2e34b8c93277f6e546de72012,60.1638,24.96846,00000000d747f075,31.5
19381,2019-08-04T12:41:42Z,33634cb1e3fc5d4a621e8717d203da8533ed27531a70c6cbe3abf3fa,60.16762,24.95415,000000006b44cce7,2.3
19382,2019-08-04T12:41:42Z,33ec502792a84f23fed03cf16e483d153c65e2850a2549f47034726a,60.16762,24.95415,000000006b44cce7,8.38
19383,2019-08-04T12:41:42Z,3405b45677395f577b17b4f3f98f4e4acf64510ac518139bea7227fd,60.16829,24.94214,00000000afef4555,13.75
19384,2019-08-04T12:41:42Z,3459042c03cbb672a039f7f14a6b99b84f839b0598f9e48bf4dd95f5,60.14699,24.922,00000000a53ed894,13.75
19385,2019-08-04T12:41:42Z,34f282042837e6b8407c31fd6c880bdbb7071c56d76c4b6e5ba78819,60.14947,24.91438,000000004ef3150d,16.1
19386,2019-08-04T12:41:42Z,34fddf0f4ea194b9720451d11a9de76225577536681d4f4b0a00b860,60.16829,24.94214,00000000afef4555,18.79
19387,2019-08-04T12:41:42Z,352427714fc6e8591df6bd227dde05d3b7ba0881742eee4ae750dcc4,60.15432,24.9211,0000000019fb59c4,27.28
19388,2019-08-04T12:41:42Z,35c76904d3ba6f306e259af6d950e10416449aa9fca8c2a4e10a9d90,60.16762,24.95415,000000006b44cce7,21.87
19389,2019-08-04T12:41:42Z,35e6e075578d7a51e510bf8904bde33f1d117264eea0917db98d4808,60.16897,24.95222,00000000aa852af1,12.69
19390,2019-08-04T12:41:42Z,36f876050503d244f74f3cbadcef716904eb2b245190d474b0cfa794,60.16762,24.95415,000000006b44cce7,2.8
19391,2019-08-04T12:41:42Z,3721331dbb97151d17938ed835ffc7208eba26fba6100c62870a3a4f,60.14947,24.91438,000000004ef3150d,14.89
19392,2019-08-04T12:41:42Z,37945fa4e7409fab98aa8bde45081f5bd083def0059485274ad552c0,60.17919,24.95181,000000007b5207b6,6.46
19393,2019-08-04T12:41:42Z,37b4192b51c9589b8791bc2e9f830dd541c0e77fd03e7a85a51b68e5,60.16544,24.95398,0000000038d83d41,29.32
19394,2019-08-04T12:41:42Z,38e15f5aeb58c22ca456fc4d3a14f3b4d9f1fac43de070d2565eb1d3,60.16897,24.95222,00000000aa852af1,21.87
19395,2019-08-04T12:41:42Z,393a579e1c8efb19861f555f12040feeac853f37a2451116693e77aa,60.14699,24.922,00000000a53ed894,17.4
19396,2019-08-04T12:41:42Z,39f03a3a5fd777feee270921a7f51daec12ea679b542b0aaf2e808d7,60.149,24.9843,00000000fffb8cf0,23.56
19397,2019-08-04T12:41:42Z,3a6ce73ea4c03a14fc0d3d099e4698d3c1051a2e8e4bd552d5de394d,60.14947,24.91438,000000004ef3150d,4.11
19398,2019-08-04T12:41:42Z,3af48668fcfc51b261558246e08ae2f7f3bb9d4252e908e38c9db003,60.14699,24.922,00000000a53ed894,12.69
19399,2019-08-04T12:41:42Z,3d26e1d1c042133ccb16301bbada637dd3dea1623426336738e0f1c0,60.149,24.9843,00000000fffb8cf0,23.56
19400,2019-08-04T12:41:42Z,3e4965f1ed580ddf80246b1b78cbc55b73c11d67573d9cede2a7ccf7,60.16829,24.94214,00000000afef4555,16.1
19401,2019-08-04T12:41:42Z,3e99999f43f3bd9e105e735eeb92531a4301e7f258c90535acfba9ae,60.16531,24.9442,00000000fdda10fe,36.27
19402,2019-08-04T12:41:42Z,3f395809cdaaaa1688c7d1cc770079bbf7ef1349e148bec5c8eacd57,60.16762,24.95415,000000006b44cce7,9.12
19403,2019-08-04T12:41:42Z,3ffe89aa6ab1e57883e21fa8f15969f46a5f487bccb2b993eadb3cfb,60.14699,24.922,00000000a53ed894,12.69
19404,2019-08-04T12:41:42Z,403f209e525e5159d33b2056ebebcfa95ff94baf8ae3d9b3442c3090,60.14699,24.922,00000000a53ed894,18.79
19405,2019-08-04T12:41:42Z,409be16c4d34b9e76ac22ea0e8e282da3e9d169fe77ff5ea52a72883,60.14699,24.922,00000000a53ed894,12.69
19406,2019-08-04T12:41:42Z,42168beaa0acd47be6bf8e4209edb348c9d27b18517c7420d454a24f,60.17065,24.93641,000000000f4919c9,25.36
19407,2019-08-04T12:41:42Z,42da4298ed9f522421f17714e024d9b8fe22e7546df3deeb8b139bd3,60.16075,24.95883,00000000f1124bca,5.41
19408,2019-08-04T12:41:42Z,431375be6b9405ef55878f3aa0bb5dd6a35db8ba650a2bce05081c49,60.14947,24.91438,000000004ef3150d,12.69
19409,2019-08-04T12:41:42Z,436df7106ce19510536cf507d8939633784f67da2f872970e0d3ba43,60.16829,24.94214,00000000afef4555,18.79
19410,2019-08-04T12:41:42Z,447f951c07ece4b9f8a41fed54b5911f4f8033b69f5a62bfd0cf1d97,60.14699,24.922,00000000a53ed894,20.28
19411,2019-08-04T12:41:42Z,4533d27e96c5c6637ddff4243672d658fea4004970652882357105a9,60.14699,24.922,00000000a53ed894,7.05
19412,2019-08-04T12:41:42Z,457d11209b95b153efb57d8f2641f2db0823e91a0d608fa0555a5b69,60.14699,24.922,00000000a53ed894,23.56
19413,2019-08-04T12:41:42Z,467a01a257fbaad22bd4aebafc8f284c9ad3effc429475e57c214e9d,60.14699,24.922,00000000a53ed894,11.7
19414,2019-08-04T12:41:42Z,47b8aba771bed6ec3a7d57932c44fe859bcf6300054b3acc9d885105,60.14947,24.91438,000000004ef3150d,25.36
19415,2019-08-04T12:41:42Z,47cde44e4ddbf6c70162fa882eee962e7c3e2a037b650294ec46568f,60.14947,24.91438,000000004ef3150d,7.05
19416,2019-08-04T12:41:42Z,48d0a198e7445da9f7df3cb2cedef7dc861fe850deff789f6ad61d36,60.14947,24.91438,000000004ef3150d,23.56
19417,2019-08-04T12:41:42Z,48f665ebb1a71b0d84fc02bd71918c5ab5608328db534639cbd2a255,60.14947,24.91438,000000004ef3150d,7.05
19418,2019-08-04T12:41:42Z,4a1a129202050ebeed57c0765b3c9d72574e077e2f6a1e0c6d2ce943,60.16531,24.9442,00000000fdda10fe,21.87
19419,2019-08-04T12:41:42Z,4b1050cc517631e36206d3528399c0b14748daec8c7d1b5dfa412299,60.15432,24.9211,0000000019fb59c4,9.12
19420,2019-08-04T12:41:42Z,4b85388cdaec2b4c15b546160ee326d9668a5e5d3c7b08d0c539946e,60.17919,24.95181,000000007b5207b6,9.12
19421,2019-08-04T12:41:42Z,4be50f3eb033f3f46e3069049c8e0a34dc8a2607741c1764369ba4c2,60.16762,24.95415,000000006b44cce7,8.38
19422,2019-08-04T12:41:42Z,4bf75585466f0aafa2ed2956fe4b0f7235b4ba3a0606a52219b3156c,60.14699,24.922,00000000a53ed894,9.92
19423,2019-08-04T12:41:42Z,4cadc8cc23fd84febb6a8383030a34c97b3388a8c9ed7a64cc0f51a6,60.14947,24.91438,000000004ef3150d,5.91
19424,2019-08-04T12:41:42Z,4d35f03f4cb1cd21fbb173af8af5be5e233c63882fda53232da315f0,60.14699,24.922,00000000a53ed894,18.79
19425,2019-08-04T12:41:42Z,4d4115f2971578ddc2428be944e2954c9e9a5472a818ec1805a022b2,60.149,24.9843,00000000fffb8cf0,25.36
19426,2019-08-04T12:41:42Z,4f387b8eb5373361960a83c899f3753098c010a7b841c2bd861bfc91,60.16629,24.95957,00000000fb7600be,27.28
19427,2019-08-04T12:41:42Z,4f4940c5c77737c5b8f2fbd5a1b65886ea5f6e0e4fcd50447e11ce21,60.16075,24.95883,00000000f1124bca,18.79
19428,2019-08-04T12:41:42Z,514a3981fad6c695ac4940f09374b5d1c2e84d2ca835084ef8707714,60.16075,24.95883,00000000f1124bca,4.94
19429,2019-08-04T12:41:42Z,51b3c7870a399165f0d1d14f7d21688df32b0360f9cc6f3ca61890d8,60.16829,24.94214,00000000afef4555,0.5
19430,2019-08-04T12:41:42Z,52072bd384eaaf4a6958af5510ed039d194dee47f34667bc7bccbe0e,60.14699,24.922,00000000a53ed894,5.41
19431,2019-08-04T12:41:42Z,52939581c6c8dd3407dbf44ea9e90471e4bbadfb7e3740a0ba8324f3,60.14699,24.922,00000000a53ed894,9.92
19432,2019-08-04T12:41:42Z,54065d53a62079540c4be1e19eafa5dd581e8ec35da0c31844438e0b,60.149,24.9843,00000000fffb8cf0,29.32
19433,2019-08-04T12:41:42Z,552e7d20be831c5ebfa503ba78ed542d6ece4ecad264308d5dc37a31,60.14699,24.922,00000000a53ed894,17.4
19434,2019-08-04T12:41:42Z,5554305bad43a71cf98d83e92708c7474c1efc189392c1ea94231e9c,60.16531,24.9442,00000000fdda10fe,2.08
19435,2019-08-04T12:41:42Z,560205233dc9b13886248fb6e54ee21dc3b287080072641e01e08dac,60.16075,24.95883,00000000f1124bca,21.87
19436,2019-08-04T12:41:42Z,56b8eace741e5227a40ea0a64601a737648080c63d6240b0dca632c4,60.16075,24.95883,00000000f1124bca,11.7
19437,2019-08-04T12:41:42Z,570dc61d53aec66ede39dfde66339640878453afc00cd1a55c60bca7,60.16544,24.95398,0000000038d83d41,21.87
19438,2019-08-04T12:41:42Z,571934189bf349efb6f596e76c21612cf9b82ed44913090169936048,60.17065,24.93641,000000000f4919c9,16.1
19439,2019-08-04T12:41:42Z,57bb8beeec6904b9a5cfe83c4ff9a80e63157780137f03de2a4152d3,60.16762,24.95415,000000006b44cce7,7.05
19440,2019-08-04T12:41:42Z,57f88614f91a133004ac1a6dea31a4090f899646a5f62ece691d87af,60.16762,24.95415,000000006b44cce7,10.78
19441,2019-08-04T12:41:42Z,58122bffe92a82d8b8a6fb46e406f2d86c32db26eca7557ec6943fa5,60.14947,24.91438,000000004ef3150d,12.69
19442,2019-08-04T12:41:42Z,58411163d307bb308f9c94a9720e9ce5ab0ce4f5617cd2b1fcc2037a,60.16762,24.95415,000000006b44cce7,17.4
19443,2019-08-04T12:41:42Z,584cb0b0cdd14e608c8b57c8aecc9826f9b40027e365e2438a444ea2,60.16762,24.95415,000000006b44cce7,13.75
19444,2019-08-04T12:41:42Z,59185011c9b90097b030c2699971231dfd34c428c73f40e341e2e3d4,60.16762,24.95415,000000006b44cce7,20.28
19445,2019-08-04T12:41:42Z,5966e39260804b1e804f63b354a53470a1f621ac8e68afdd522a565f,60.17002,24.94407,000000006b087f40,14.89
19446,2019-08-04T12:41:42Z,59b01cbdec8ff06fa6d50bac00c3f5f4c45132fc8a62800c08df5d6a,60.16629,24.95957,00000000fb7600be,7.05
19447,2019-08-04T12:41:42Z,5b102c62b98f29bd801e4dd0e9ddbc113db3faa38d59990b9ba5e9ec,60.173,24.92524,0000000096918cfa,31.5
19448,2019-08-04T12:41:42Z,5b21511f00a23b33dc791787155b6f890ab1949e3c9a42448c765d19,60.16829,24.94214,00000000afef4555,25.36
19449,2019-08-04T12:41:42Z,5bb54a365362fc3a1d1e4b4421c7b020c45f3274d1393340a1f89eb5,60.16762,24.95415,000000006b44cce7,9.92
19450,2019-08-04T12:41:42Z,5bc858089bff2f1880f1807e91f165ebf9f1b5841445adcdfb988ddf,60.16829,24.94214,00000000afef4555,20.28
19451,2019-08-04T12:41:42Z,5bf59468120b0262b74eebaba2a7ee8274f3c8165ddcf6f38eae92a8,60.16829,24.94214,00000000afef4555,16.1
19452,2019-08-04T12:41:42Z,5c160268bc9b4b619181ce421d9e58c258e6b59a342945fc29f0004b,60.14947,24.91438,000000004ef3150d,4.11
19453,2019-08-04T12:41:42Z,5cd5117066c75a1cb83d3896a7eba3f3472e133f0013ea7d4e95daaa,60.14699,24.922,00000000a53ed894,5.41
19454,2019-08-04T12:41:42Z,5d70086d53447ee393249cef33c7bae814c1d7c2e3055fc91b38786c,60.17919,24.95181,000000007b5207b6,9.12
19455,2019-08-04T12:41:42Z,5e7916ca910b02abf2d19906759663c23db63950a353fa546f55c8af,60.14699,24.922,00000000a53ed894,8.38
19456,2019-08-04T12:41:42Z,5ea49ba4de68e03664ec3a87f5de32434d7136b4f8323f022ff9df5b,60.16829,24.94214,00000000afef4555,13.75
19457,2019-08-04T12:41:42Z,5f3a358ea7ec56dfb2271af72ef34416785e497a3653bfb75ef822c3,60.16829,24.94214,00000000afef4555,25.36
19458,2019-08-04T12:41:42Z,60d7fd34e511ad1565b92db2fbb5ef2908f7a273acceda524945e86e,60.16075,24.95883,00000000f1124bca,25.36
19459,2019-08-04T12:41:42Z,60d9b71ec38b796bf876dedfaf3112b49ff79677480c7603902857ae,60.14947,24.91438,000000004ef3150d,16.1
19460,2019-08-04T12:41:42Z,614ab7fba7255f6bf6f888e9a04d589962f756b3f427e658f10014f2,60.16075,24.95883,00000000f1124bca,10.78
19461,2019-08-04T12:41:42Z,6187e3415bcea985be770b4a90f3ed56fbfff1aa331759d34ccbd4ee,60.16897,24.95222,00000000aa852af1,21.87
19462,2019-08-04T12:41:42Z,618c67a01d8cc4dd1a54ae3e38926247e43dfc357d88cfd1c658ba36,60.14947,24.91438,000000004ef3150d,31.5
19463,2019-08-04T12:41:42Z,62916b0c2a8ebabb938b5e97cb14eb89b2b32936d3fad04025ad5854,60.17002,24.94407,000000006b087f40,10.78
19464,2019-08-04T12:41:42Z,62a6fe2d9b3b5b4533c51253f8842428bd797b3c6a95a7816ec472ed,60.14947,24.91438,000000004ef3150d,10.78
19465,2019-08-04T12:41:42Z,634257ded5cc6c04eb832d437b55777b10829352768dadef19d3f64c,60.15432,24.9211,0000000019fb59c4,25.36
19466,2019-08-04T12:41:42Z,63a87f20dbfd068c086129312c165b6e9b1da2ea6c999be1dd1b8391,60.16762,24.95415,000000006b44cce7,16.1
19467,2019-08-04T12:41:42Z,63d99db5b2b7360c501446ea5e89feba9bd1c6735a7670039916f2ad,60.1538,24.95595,0000000038bf9618,29.32
19468,2019-08-04T12:41:42Z,63defb71d4c3856253a0a2d67a5c370b91ad0527703b334a63fe5344,60.14947,24.91438,000000004ef3150d,8.38
19469,2019-08-04T12:41:42Z,64394b1287e19738900f57d5c7483e02866e40bc8241fc6f6fbecbcb,60.16762,24.95415,000000006b44cce7,3.4
19470,2019-08-04T12:41:42Z,643ef3f01a51bea3c4510d4060a945cd510e5189236d68f5c9489034,60.16829,24.94214,00000000afef4555,1.7
19471,2019-08-04T12:41:42Z,64638a9f9e6c9b32fc4b484b55e4934fcab6cb04605cc76d5f5534b7,60.17065,24.93641,000000000f4919c9,7.69
19472,2019-08-04T12:41:42Z,64e34af775b57908b23056a31d60ef3b005941f2e7c3db0c49df675d,60.17065,24.93641,000000000f4919c9,17.4
19473,2019-08-04T12:41:42Z,6503762f2cac51cc2b74da1efa6b16583ed11c9a528d7716b7829c0b,60.16829,24.94214,00000000afef4555,13.75
19474,2019-08-04T12:41:42Z,6516a10850095847a8156717b0fba05a9bdc9b5bfedd691ddb07f119,60.14699,24.922,00000000a53ed894,10.78
19475,2019-08-04T12:41:42Z,6525cc634176c25187e68e0d067bcfecfd78e399e93db4ee9d408b7e,60.17919,24.95181,000000007b5207b6,16.1
19476,2019-08-04T12:41:42Z,655204cb507ea9ae811105cdcd766161facaa9f729017a333f102391,60.149,24.9843,00000000fffb8cf0,21.87
19477,2019-08-04T12:41:42Z,6723bebaab92d1a9f8b4318fd4f497a6dec6d7f8e0eafca443925213,60.16075,24.95883,00000000f1124bca,5.41
19478,2019-08-04T12:41:42Z,67591d427f60ba3c369ac0d78088fca7be33081501508d16401dd6cb,60.16762,24.95415,000000006b44cce7,3.09
19479,2019-08-04T12:41:42Z,675eacdf32b5b831fd118fc5539eea4b3cef4bd11e2e1706a9571222,60.16829,24.94214,00000000afef4555,10.78
19480,2019-08-04T12:41:42Z,677c53ae4056d6cb123ca576ba5284664b1c7e3e88818bd19b5dd99a,60.17919,24.95181,000000007b5207b6,13.75
19481,2019-08-04T12:41:42Z,6875e3632a29207e29ded33617e66d55de5d8c7804fecedd6f1dfe12,60.14699,24.922,00000000a53ed894,8.38
19482,2019-08-04T12:41:42Z,69375ef968867906fc11b34d1e2c4b436d452cd47cb577a7f9e566ef,60.16762,24.95415,000000006b44cce7,3.4
19483,2019-08-04T12:41:42Z,696d977b82fe0f0a15c3aaccef89f3b805ee2d6969a74059d737461d,60.14951,24.92138,0000000006dd41f6,21.87
19484,2019-08-04T12:41:42Z,6981f80baeddf7459b67845f82744390c976c013f3a4883a53556fc7,60.16762,24.95415,000000006b44cce7,21.87
19485,2019-08-04T12:41:42Z,698b200b63a644828a7314691a16af2af1bccef75d52abb5591a5542,60.14699,24.922,00000000a53ed894,5.41
19486,2019-08-04T12:41:42Z,69f1de5049f5731749defe893b8ae9ada4f5f788a994b8f7413ef657,60.17002,24.94407,000000006b087f40,12.69
19487,2019-08-04T12:41:42Z,6b6668d7ebecfb96a6ed3ca19e97f8da150943ddf1d034675d08a9b8,60.14699,24.922,00000000a53ed894,14.89
19488,2019-08-04T12:41:42Z,6b97071051ccf5db7e5ebee033d4f68d58ed6917ff2fac5b205a6605,60.17065,24.93641,000000000f4919c9,18.79
19489,2019-08-04T12:41:42Z,6c7e018abdf8462af7c7b003bc30f915184f7082e9e865a2c502eed5,60.14699,24.922,00000000a53ed894,16.1
19490,2019-08-04T12:41:42Z,6f3dd17e40daabb4efe868f1b859dc00ecc01846f0a0e2b8db5d1413,60.17919,24.95181,000000007b5207b6,9.12
19491,2019-08-04T12:41:42Z,6fc3823219441524e7f749dc3371bfb8c670faa9d4427a5ededed22d,60.16762,24.95415,000000006b44cce7,8.38
19492,2019-08-04T12:41:42Z,6fdf4cfc3a0774e204869ab43ef69c6306cc40c0fd8bbb0f8b505e3a,60.16829,24.94214,00000000afef4555,18.79
19493,2019-08-04T12:41:42Z,6fdfc33c6b609ea80b4a38ecf657bc68b7bf659752b51edcc22ffb54,60.16762,24.95415,000000006b44cce7,9.12
19494,2019-08-04T12:41:42Z,6ff93560ca77c6e5a25bc7441cf33cf7fa0138b3da4d99b2dbf5531b,60.14947,24.91438,000000004ef3150d,9.92
19495,2019-08-04T12:41:42Z,70c56152af84cf1bad4d19b0cb31202232b4cd4320ce5ea48895e42b,60.14947,24.91438,000000004ef3150d,11.7
19496,2019-08-04T12:41:42Z,71479e7c1c4fd96468f16800ff04484480c76e0953d2074500b0df31,60.17919,24.95181,000000007b5207b6,17.4
19497,2019-08-04T12:41:42Z,72231bca658d3a16f3bf9c26ba5f13393b8377e4ab0b9ed3de6c811f,60.14699,24.922,00000000a53ed894,16.1
19498,2019-08-04T12:41:42Z,733f21ebebe353e10a55a74b40a0a480e6d276334d4f3d8bcf85b711,60.16075,24.95883,00000000f1124bca,25.36
19499,2019-08-04T12:41:42Z,737779d5b545043aa16af1ca616beeb1b5dfae5e6e1d4a789d7b316d,60.16762,24.95415,000000006b44cce7,20.28
19500,2019-08-04T12:41:42Z,759f94c852ff15ca91c3138913c3858c4801702f8f0514ae82fb2a19,60.16897,24.95222,00000000aa852af1,9.92
19501,2019-08-04T12:41:42Z,773cde2fe905572767422dd8f7b13c6579d615ef03314b665c7bf40f,60.16762,24.95415,000000006b44cce7,13.75
19502,2019-08-04T12:41:42Z,777cceac7be6303a1c82f7cc68061528b01e3aa1b3aa6481cad9e5e3,60.16075,24.95883,00000000f1124bca,12.69
19503,2019-08-04T12:41:42Z,77a12194b9a6789f4b2b8c07ae7fce3c2b531cb221e5fa7ca5deae55,60.16897,24.95222,00000000aa852af1,18.79
19504,2019-08-04T12:41:42Z,7a0c0b525f2d3eed6c873bd3b8d27bede551fe4a428ac15c23deadae,60.16075,24.95883,00000000f1124bca,10.78
19505,2019-08-04T12:41:42Z,7a4a06d20ebe57d94e5fceeaf47d5b56ad9a515818e9c20e21a80e61,60.16629,24.95957,00000000fb7600be,10.78
19506,2019-08-04T12:41:42Z,7ab335e046f7f3597f8f615a90857885e35cfecefebd5d24bbf0af90,60.16075,24.95883,00000000f1124bca,18.79
19507,2019-08-04T12:41:42Z,7ad93fed82e41ea4422fa101badc698b0328c3ebf0f6b73c5164d438,60.16897,24.95222,00000000aa852af1,16.1
19508,2019-08-04T12:41:42Z,7af6672e274ebe27cdb785373a857fc5bcad92a386c36dbe3221d4f4,60.14947,24.91438,000000004ef3150d,9.12
19509,2019-08-04T12:41:42Z,7b1c2b4a083f1544ffd4b5e2e87ab8a58a7bb64abb0f8ce3e53b2ed2,60.14699,24.922,00000000a53ed894,21.87
19510,2019-08-04T12:41:42Z,7be762f58d54665c5e6668eb2fb3eae7201522ddff196bbc5eb731f0,60.14947,24.91438,000000004ef3150d,9.12
19511,2019-08-04T12:41:42Z,7c9213d7d9786431a8781a665fa1b7091507aa244d28b85d07a1399a,60.17065,24.93641,000000000f4919c9,25.36
19512,2019-08-04T12:41:42Z,7d85ddf11c6bc0fefabdb00f6e37abd4f4f62ced6ce2f2031b44795e,60.17002,24.94407,000000006b087f40,20.28
19513,2019-08-04T12:41:42Z,7d9a3d84c09c3a8d6876389e216e0278048d6b924890fb275a078ffb,60.16531,24.9442,00000000fdda10fe,0.84
19514,2019-08-04T12:41:42Z,7e36fb1182193c51358dce0d239803bfdf30236f61f0352edbb1ad75,60.17065,24.93641,000000000f4919c9,33.81
19515,2019-08-04T12:41:42Z,7e76449e59f1e3a1a615b54408115353fbb14d815390d03a73b1a7bb,60.14947,24.91438,000000004ef3150d,4.94
19516,2019-08-04T12:41:42Z,7f2f97e26d55f653ed70260ea4f893d01a3984cbdf6d7a3bfb2641de,60.16829,24.94214,00000000afef4555,9.12
19517,2019-08-04T12:41:42Z,7f3c9dd2c7352cb81fb186a7d700841d2bcb47cd8ea0d5f8719b5908,60.16762,24.95415,000000006b44cce7,10.78
19518,2019-08-04T12:41:42Z,7f786ec8e06f1ca3bdd10fc60d0114baf354125b8f6cf796d197f4cc,60.16075,24.95883,00000000f1124bca,4.11
19519,2019-08-04T12:41:42Z,80cc39b04598f971820e63498fd27ae72a12a45a60c220fe625b282a,60.14699,24.922,00000000a53ed894,12.69
19520,2019-08-04T12:41:42Z,82411c6526228322a61f59259f13adf7cde62bd767587b6735867705,60.17919,24.95181,000000007b5207b6,5.91
19521,2019-08-04T12:41:42Z,82ce8c2420645d1eeed2751616ac691b53855581110be4cc97a61036,60.16897,24.95222,00000000aa852af1,16.1
19522,2019-08-04T12:41:42Z,83073c017c8293e4b6eab781fbc2147fafa144d33b3618abd1ae5d90,60.17065,24.93641,000000000f4919c9,25.36
19523,2019-08-04T12:41:42Z,83121a75723643c48e3c3b0a3ea5fccb532046432ca445833e8de06a,60.16762,24.95415,000000006b44cce7,2.54
19524,2019-08-04T12:41:42Z,848fe01e24ccc782e5968171f53ea31d28f20a455c45d8bac8fb7374,60.173,24.92524,0000000096918cfa,23.56
19525,2019-08-04T12:41:42Z,849a662d95d4185421aff7c6213ba5d7b84cfc58c9fb30ff34054e4c,60.16075,24.95883,00000000f1124bca,10.78
19526,2019-08-04T12:41:42Z,84eabd120b074df2af16555f4c2db60e3ef1a465d061e90ace8cbb87,60.16829,24.94214,00000000afef4555,25.36
19527,2019-08-04T12:41:42Z,859b417d0b562f5c4ab33c3877c95cd7cbb332db91dcd0f4e7a4f3b6,60.14699,24.922,00000000a53ed894,9.92
19528,2019-08-04T12:41:42Z,85d66944a64cfde859e7e08ca4b79f3b39d5b03141d500fe7ce73f7e,60.14699,24.922,00000000a53ed894,10.78
19529,2019-08-04T12:41:42Z,868cd7608ed6beb209db2aad8c71f56b8aec3a6b453be18e4af217a2,60.17065,24.93641,000000000f4919c9,27.28
19530,2019-08-04T12:41:42Z,87bb1abe21abfcb5e5c2039e579cff7ca863a6019207db356de5b7c2,60.14699,24.922,00000000a53ed894,18.79
19531,2019-08-04T12:41:42Z,87cbb5265cd1cc3213ddb5ed9ed2a599ddb7db0b0747121d649b0ae3,60.16544,24.95398,0000000038d83d41,29.32
19532,2019-08-04T12:41:42Z,8829e285e51c0d4af122465705662b6c54ff8df31b75e657e5d57b48,60.16829,24.94214,00000000afef4555,29.32
19533,2019-08-04T12:41:42Z,8947a5209f3b32173d3dc72792039edf94a2711741ab041b62b30643,60.16762,24.95415,000000006b44cce7,7.69
19534,2019-08-04T12:41:42Z,896f7e896dc6f1ea44b82bf968a988cc10c358ee34821d9d7a4bd07a,60.14947,24.91438,000000004ef3150d,9.12
19535,2019-08-04T12:41:42Z,8a08b2de43a9ef03cf96610718c908e69dcacc59f536a7135b7bb542,60.16629,24.95957,00000000fb7600be,10.78
19536,2019-08-04T12:41:42Z,8a93ac3ff9f29a5a024811171ed920021c363a5b7688e2c879ab55f6,60.17002,24.94407,000000006b087f40,29.32
19537,2019-08-04T12:41:42Z,8a9eedc7cf775ab4e9ad2e20bdcbcbe1635808b418eedcdcceda7834,60.16762,24.95415,000000006b44cce7,13.75
19538,2019-08-04T12:41:42Z,8acb351d2b6acbd61099205c5c497b7507c1a4da115c4b8fcaa8c930,60.16762,24.95415,000000006b44cce7,14.89
19539,2019-08-04T12:41:42Z,8b641985c793a3f25a45b2460cb01f5baa6f339c6dd26ba7752d8a7a,60.16897,24.95222,00000000aa852af1,12.69
19540,2019-08-04T12:41:42Z,8ba6cfc17ca70e8304994e018ebd5eb2003177062cde05925d5cacb3,60.173,24.92524,0000000096918cfa,21.87
19541,2019-08-04T12:41:42Z,8bbf5422247a0a6be314130d8fd9ae1814401b75acf3b3ce2da9620c,60.14699,24.922,00000000a53ed894,12.69
19542,2019-08-04T12:41:42Z,8ca0330471c9226b95a7aae64e6a8e47adaf5ddf7efec36a68652f3d,60.16075,24.95883,00000000f1124bca,16.1
19543,2019-08-04T12:41:42Z,8d528b00553162a9dd47d2296d15b2fad89aad6a508424d4589618a1,60.14947,24.91438,000000004ef3150d,18.79
19544,2019-08-04T12:41:42Z,8d5672c651968bf1f466b44baefa37f9438850e96140d126f6a99baf,60.16897,24.95222,00000000aa852af1,12.69
19545,2019-08-04T12:41:42Z,8d73f674010f5cb02e8f20251ed86a9afcb7f6b3926039470296bd00,60.17065,24.93641,000000000f4919c9,12.69
19546,2019-08-04T12:41:42Z,8d8a869e83fe2ac29e791666634a33af3ea4048ea4e752b6fb1e238c,60.14947,24.91438,000000004ef3150d,4.5
19547,2019-08-04T12:41:42Z,9023a89a49a372e5f97cf86ef1b5de0164eb67cc10d394d383ab75fd,60.16829,24.94214,00000000afef4555,18.79
19548,2019-08-04T12:41:42Z,90d2c337b3629bdc073dbbe6f0793b7bf6f65d63deb77bddf24052a8,60.16897,24.95222,00000000aa852af1,20.28
19549,2019-08-04T12:41:42Z,920dc90f60b295267f63efc8f968408087b71878dc3f49f0ded1c41e,60.17919,24.95181,000000007b5207b6,25.36
19550,2019-08-04T12:41:42Z,926717d61529080dfc4c7f8cdcdc82c6490d2a5129474524b8c40ea4,60.16829,24.94214,00000000afef4555,25.36
19551,2019-08-04T12:41:42Z,93205bf765289313ac67faf11c2a1e784734f9dc837d74560f7c7464,60.16897,24.95222,00000000aa852af1,38.87
19552,2019-08-04T12:41:42Z,93a2100e233b204243f7e69b68dea7c9a145d1b5384bd18359bf87a3,60.16531,24.9442,00000000fdda10fe,1.54
19553,2019-08-04T12:41:42Z,94237bc673d78a307ecc9da6df18d0b37e632b8cd6709f81081f000a,60.17002,24.94407,000000006b087f40,14.89
19554,2019-08-04T12:41:42Z,9542a6d9883eb7a1065854d6f72274cf8d953b5846a4fce3fba9b00d,60.1538,24.95595,0000000038bf9618,25.36
19555,2019-08-04T12:41:42Z,9575ef1c44f26f0301d726029c8b1c28011a4724496943451bee6544,60.14947,24.91438,000000004ef3150d,10.78
19556,2019-08-04T12:41:42Z,9604244c18efd5978b809f021651f7743e0e64da38fcf3718f9b4f93,60.14699,24.922,00000000a53ed894,16.1
19557,2019-08-04T12:41:42Z,9736a8a29aee134a307e0cd4221e9b0a2ab7c48befee43fc62e9f9bd,60.14699,24.922,00000000a53ed894,4.94
19558,2019-08-04T12:41:42Z,98162c76493f6310ae46e45562327ad94182de391f9651985aae487d,60.16762,24.95415,000000006b44cce7,13.75
19559,2019-08-04T12:41:42Z,9862cafd709b75d07c83b397773e0cf33564666cb81814bdbf5e54f2,60.16897,24.95222,00000000aa852af1,14.89
19560,2019-08-04T12:41:42Z,9868033d7f0d18f01d12a4034f37bf5d6e51e5ed9124c68d4b8b8e6c,60.14947,24.91438,000000004ef3150d,10.78
19561,2019-08-04T12:41:42Z,9885627881a266e5cf401516e009049e859d738e2e019be570f4b4d8,60.16448,24.97323,0000000053c6c2be,12.69
19562,2019-08-04T12:41:42Z,98bb3b6f5e2403b14b8e01616c07b03bb1fd153ded656033d7bd3533,60.16075,24.95883,00000000f1124bca,7.69
19563,2019-08-04T12:41:42Z,99334da99912e6d4b516e02432e7f88db5a5b87f635722bc3a8b38a6,60.14699,24.922,00000000a53ed894,13.75
19564,2019-08-04T12:41:42Z,99753600aa90a43c336153dd03985a2996b7bc6052086f503020518c,60.14699,24.922,00000000a53ed894,11.7
19565,2019-08-04T12:41:42Z,9a9db814dfa74ca2c2d51496299715310e81c6e6525cc9d2cb0762eb,60.16897,24.95222,00000000aa852af1,16.1
19566,2019-08-04T12:41:42Z,9ac4c3176875b59567d28bf01df0c9490620902ff082fd0b93d15cb4,60.18203,24.91341,00000000342570c2,20.28
19567,2019-08-04T12:41:42Z,9acffb3f8b8720e2de83c8cfd41915d268d5eca34e0bd280eed3e6f4,60.16897,24.95222,00000000aa852af1,14.89
19568,2019-08-04T12:41:42Z,9b03b610755f4cec2e9d83a9763204e758a075614b125210bc914df5,60.16075,24.95883,00000000f1124bca,23.56
19569,2019-08-04T12:41:42Z,9bad872c31c8c5e53f064b5367350b41271d45ca8a9e508136622800,60.16897,24.95222,00000000aa852af1,7.05
19570,2019-08-04T12:41:42Z,9bf4a5d763fa921335be6c141a0c9fd769fcb2f4c5b40b85a1c99c71,60.14699,24.922,00000000a53ed894,14.89
19571,2019-08-04T12:41:42Z,9e3d4a4b1acd94d2896cd7cf56419110f06ea96faae37aadebd4ec77,60.14947,24.91438,000000004ef3150d,5.91
19572,2019-08-04T12:41:42Z,9ff13c715073d5ad9c464cb67b6de3f703435cf389c32cce5626dfe1,60.149,24.9843,00000000fffb8cf0,20.28
19573,2019-08-04T12:41:42Z,a013af23449d6d98abee74e52eabec399ca57bd09762466edcc54f33,60.16762,24.95415,000000006b44cce7,14.89
19574,2019-08-04T12:41:42Z,a1b52cda133b45cf931b9e31d4037fb841f80432e99d6a000beeadc8,60.17002,24.94407,000000006b087f40,25.36
19575,2019-08-04T12:41:42Z,a22736c5d66f417bc6b745f51492549dc2e5a3c766f5e7e23f183b41,60.14947,24.91438,000000004ef3150d,4.94
19576,2019-08-04T12:41:42Z,a2e771418a36fc43aa9719d034aa9e3a7a751c5123e4bd33cc2aeea7,60.16531,24.9442,00000000fdda10fe,23.56
19577,2019-08-04T12:41:42Z,a38a21a97a054541f0423f03758c70227116c05254958373e3e93ad0,60.14947,24.91438,000000004ef3150d,9.12
19578,2019-08-04T12:41:42Z,a3d228482bfdd3dbdfaee1ff72b6ac00c2ee8c05e949047ce9117783,60.14699,24.922,00000000a53ed894,5.41
19579,2019-08-04T12:41:42Z,a422a30ec1eb058c7930e1352297c161639faa5b3ca5f5fa47c4adb3,60.14947,24.91438,000000004ef3150d,14.89
19580,2019-08-04T12:41:42Z,a47f8d59e11da7fa47e0cbe518b593e023018f122d5710ffbb775c0f,60.16829,24.94214,00000000afef4555,25.36
19581,2019-08-04T12:41:42Z,a6158fc663b4931ef4e811a4acf62ab2f658241775e200b14684f87d,60.16897,24.95222,00000000aa852af1,14.89
19582,2019-08-04T12:41:42Z,a6f944078dd26796f5a849ccb6fdf8a4436f913cf3302597c846462d,60.16762,24.95415,000000006b44cce7,9.12
19583,2019-08-04T12:41:42Z,a7472d1b63171c047444981df223670390009e3ea502132d9963e9fb,60.14947,24.91438,000000004ef3150d,9.92
19584,2019-08-04T12:41:42Z,a76d219c3abcc4ec3a54dd834263f9a24972c71be4c7bbbfc663f22f,60.14699,24.922,00000000a53ed894,11.7
19585,2019-08-04T12:41:42Z,a8bd45406d5913e098652d4c2d836339758e08d21bf5d88becabdd36,60.14947,24.91438,000000004ef3150d,4.5
19586,2019-08-04T12:41:42Z,a8df2631c2442628608c1f0352c896eb532a6ca08c85de2c77360aa8,60.14947,24.91438,000000004ef3150d,10.78
19587,2019-08-04T12:41:42Z,a9dfc9065260957b1eb8dc3b11b793f73f7940fa5cb61acb16a260e2,60.16897,24.95222,00000000aa852af1,18.79
19588,2019-08-04T12:41:42Z,aa5773b59ce2bf1eee53e4e77cd3c261465d2ea538c9a85b8de30cd8,60.14947,24.91438,000000004ef3150d,13.75
19589,2019-08-04T12:41:42Z,ac36860ddd2d60f33c730b2ecc540578d8edcf2c1e8c55e897d76d93,60.14951,24.92138,0000000006dd41f6,18.79
19590,2019-08-04T12:41:42Z,ac93ac0788af8e1b0f20fada4f15ca1ad31f4084b133482d8211571d,60.14699,24.922,00000000a53ed894,16.1
19591,2019-08-04T12:41:42Z,acdcc8ae1d1c6bb055dfc108154eae58b4b894f0ce1ff174c1065c7e,60.16762,24.95415,000000006b44cce7,9.12
19592,2019-08-04T12:41:42Z,ad8af809ed47a3391bb53d11da159b3a8b0ddc264d94c049ce72bda0,60.17065,24.93641,000000000f4919c9,0.71
19593,2019-08-04T12:41:42Z,ae08ba8b9f7ef2a4326d6d7bbf452a87d08f8062feaf20cb7101d414,60.15432,24.9211,0000000019fb59c4,38.87
19594,2019-08-04T12:41:42Z,ae828cc3f1fa739d818186776cff673c88a05d0f3dedfb4a765a54fd,60.16829,24.94214,00000000afef4555,17.4
19595,2019-08-04T12:41:42Z,ae87b8dd8920695bc9e599874667205991c04e30666d8523f0be4350,60.14947,24.91438,000000004ef3150d,7.69
19596,2019-08-04T12:41:42Z,aec4b11f0b1ec075878ca4a3b94da464f6fc96e330b913d5bfd346b0,60.16897,24.95222,00000000aa852af1,7.05
19597,2019-08-04T12:41:42Z,b06c7ebb0cc7182279f47fe99da297fb7bda883549cb7bbc05dff36f,60.16829,24.94214,00000000afef4555,16.1
19598,2019-08-04T12:41:42Z,b12b27061f30d5659794f14cbed5e4726c5af1ef526611d3b2dded29,60.14947,24.91438,000000004ef3150d,7.05
19599,2019-08-04T12:41:42Z,b2a01c2a06c3cf1a48333e58e787d9eaf2f975a738c02878220d7774,60.16829,24.94214,00000000afef4555,16.1
19600,2019-08-04T12:41:42Z,b358ee4c4b3194a69faa37d447d5f5c908477c95c52d1dd1989a9f15,60.1538,24.95595,0000000038bf9618,29.32
19601,2019-08-04T12:41:42Z,b3d99c04e3db6b698e6e54f19434461336954d0c15385bff6e557be8,60.173,24.92524,0000000096918cfa,27.28
19602,2019-08-04T12:41:42Z,b3e9da5a37ed8ed450753cb7443e607ed1de2af685bad5be61b3e91c,60.16075,24.95883,00000000f1124bca,12.69
19603,2019-08-04T12:41:42Z,b523d3f8341906e4b3877ff7d9614b4e10d6bbf10afdcc6c53656c8f,60.17065,24.93641,000000000f4919c9,20.28
19604,2019-08-04T12:41:42Z,b5e3abaccf4a03480985d25eb9fbf454c87f7ad06c38c8bdeb0819fa,60.14699,24.922,00000000a53ed894,13.75
19605,2019-08-04T12:41:42Z,b8201571cb5ac01b7db7af4fba6c7ff58336a3f03d0fe13edf985c41,60.173,24.92524,0000000096918cfa,20.28
19606,2019-08-04T12:41:42Z,b82ba472f0cb919b39c31b9c737f1608f6a31ffa63352768f9fa12ea,60.16829,24.94214,00000000afef4555,16.1
19607,2019-08-04T12:41:42Z,b92c7fb1d77c3f326d59dbe2689bb5b8ff10fcd691f28b36aa98408c,60.17002,24.94407,000000006b087f40,23.56
19608,2019-08-04T12:41:42Z,b9c0ac0bb7310d92c296a8870603ebd12c0c632cfc2a1fa33092b337,60.16762,24.95415,000000006b44cce7,5.41
19609,2019-08-04T12:41:42Z,bb0193f2b0ac4801fe82ed5cec75e687465d707d92e731047f81650f,60.1538,24.95595,0000000038bf9618,4.94
19610,2019-08-04T12:41:42Z,bbe1e18f88cf88928067a0221965768c1f2ae264291cea564d7eb7e8,60.16897,24.95222,00000000aa852af1,11.7
19611,2019-08-04T12:41:42Z,bbe7947ea50de5986f237ccab5782ddb55c199ad6a81e8f692670d0c,60.16829,24.94214,00000000afef4555,8.38
19612,2019-08-04T12:41:42Z,bbeaad18acdd3a2602aa5b07ab6ae8df489cb499c4490b3e6f561a5e,60.16544,24.95398,0000000038d83d41,16.1
19613,2019-08-04T12:41:42Z,bc07df8cc395f6f4f5d483b2233caca5f93a6918f346e4cc3702f8cc,60.16531,24.9442,00000000fdda10fe,14.89
19614,2019-08-04T12:41:42Z,bdff3780e8c8abfdca39eab1fa9d3bfc75b96e015b7c6ea951de3215,60.14699,24.922,00000000a53ed894,21.87
19615,2019-08-04T12:41:42Z,bef86aee891e6813146b3b9679809c39591429ebddf99a44cc9a60ed,60.14951,24.92138,0000000006dd41f6,27.28
19616,2019-08-04T12:41:42Z,bf2e5725b255e320f1e8375ec03f55194f1fd9f751be9629d873a5c8,60.14699,24.922,00000000a53ed894,2.8
19617,2019-08-04T12:41:42Z,bf992d3cd95a73f02d7223eaffe90a94e3e1e98a8c6759bab631b5b0,60.14947,24.91438,000000004ef3150d,10.78
19618,2019-08-04T12:41:42Z,c0722f63618f97eb8ec4afac1a8538b81a3c87e623d753ad1201bf7c,60.16075,24.95883,00000000f1124bca,3.09
19619,2019-08-04T12:41:42Z,c0a0ca3433586ed2ae0e448f2406fabac7292ac79d49562e0bd5cef8,60.16762,24.95415,000000006b44cce7,16.1
19620,2019-08-04T12:41:42Z,c1e4323d2276cb6e358f5fabb123294e7a0ef87e7169f3cccc8f2e03,60.16075,24.95883,00000000f1124bca,23.56
19621,2019-08-04T12:41:42Z,c22d0093a8d103f59838ad43218fa834e328847e5094bcb2e98d5307,60.16829,24.94214,00000000afef4555,14.89
19622,2019-08-04T12:41:42Z,c25db2e7a7b685e41480c3c47352c0ed5e57e4cb99af3ff5b5a611d7,60.16829,24.94214,00000000afef4555,25.36
19623,2019-08-04T12:41:42Z,c261834e6d2c1bd9adddb82d8c6ce2d8aad82a89e32da62f3fcc6063,60.16075,24.95883,00000000f1124bca,16.1
19624,2019-08-04T12:41:42Z,c36d58ed0e0dddb3e26be1214e369db1c3fa3d4bcf8b53536a25239b,60.17065,24.93641,000000000f4919c9,2.54
19625,2019-08-04T12:41:42Z,c3be6dcc2c0542676c20d28ce38adbe2c0b9be09caa3f22e60210636,60.16075,24.95883,00000000f1124bca,14.89
19626,2019-08-04T12:41:42Z,c3e5ee20ca76f7347fda00c4c2fdee291bc6d843a879b26fbdd70390,60.17065,24.93641,000000000f4919c9,23.56
19627,2019-08-04T12:41:42Z,c493415e869d6e6304841784a120f994272b83557256b43e44e4f3e0,60.14699,24.922,00000000a53ed894,13.75
19628,2019-08-04T12:41:42Z,c633a260ce59bad4e1ca42f12936ed8ae57a40f5e6528dfb70052c43,60.16897,24.95222,00000000aa852af1,7.69
19629,2019-08-04T12:41:42Z,c728eaa7734efeabe7f33c782081caa960fcced68160e285ee477916,60.14699,24.922,00000000a53ed894,16.1
19630,2019-08-04T12:41:42Z,c7951807c3dfab7d09841dfc9c9b2a4fc0bcf4f43e44a9ac61b85c91,60.17002,24.94407,000000006b087f40,10.78
19631,2019-08-04T12:41:42Z,c905a50dedd9b3d2114cde9160b7adf83adc09683b65598ce24c4047,60.1538,24.95595,0000000038bf9618,23.56
19632,2019-08-04T12:41:42Z,c9822d9c012b25f745a2934c523f3c9e6db75fbe3f5e673475813381,60.15432,24.9211,0000000019fb59c4,20.28
19633,2019-08-04T12:41:42Z,cb3f05d5604f5532e039e6d40514b13aba8f6274d952bb17a8b801fc,60.15432,24.9211,0000000019fb59c4,21.87
19634,2019-08-04T12:41:42Z,cbc336691f17a9c508549e03d522166247a0cd0a944321c1a7d15525,60.14699,24.922,00000000a53ed894,7.69
19635,2019-08-04T12:41:42Z,cc2cf42c6b14536fb92c810ff0e3dd5a3caa74236f14246a5b6e8cdc,60.16762,24.95415,000000006b44cce7,5.41
19636,2019-08-04T12:41:42Z,cc453ceb886eb5496be24270494c14dbef86956ac7f88b70b10133e3,60.16629,24.95957,00000000fb7600be,21.87
19637,2019-08-04T12:41:42Z,cce6b6f309e43e2bb1be6a9784582a82891e976d0869d01040586d27,60.14947,24.91438,000000004ef3150d,9.92
19638,2019-08-04T12:41:42Z,cd3e127e27387b6e06cdf27f46fb6046e4182e4d7b49b49c17167c1c,60.14947,24.91438,000000004ef3150d,25.36
19639,2019-08-04T12:41:42Z,cd4ecd3b83630f6e5d65f635804e47a1ceb82853aac36af30044f06a,60.149,24.9843,00000000fffb8cf0,18.79
19640,2019-08-04T12:41:42Z,cd62fc5a92bd89f24a6e3d736d5511bf872859d762723b92f2092abc,60.16829,24.94214,00000000afef4555,29.32
19641,2019-08-04T12:41:42Z,cd9b2be9ffb37c8b7c5c25f587c95b1c7932a21fb245487ea2f740d9,60.14699,24.922,00000000a53ed894,9.12
19642,2019-08-04T12:41:42Z,ceb777dafa9b7e39125b89735b7f0cf22c3018eb0196043ac8160370,60.14699,24.922,00000000a53ed894,16.1
19643,2019-08-04T12:41:42Z,ced0425d382ce86b7565a8b7b36a453a0880a08ba10090524e6c1ac5,60.14699,24.922,00000000a53ed894,17.4
19644,2019-08-04T12:41:42Z,cef1d06a10cfa08bcaef8b36535c2ec32c756a76cc0d5c2a1246f933,60.14699,24.922,00000000a53ed894,12.69
19645,2019-08-04T12:41:42Z,cf348d1ad8b56dd43f377926c2a3f3a9436d35fc378964335639effa,60.16829,24.94214,00000000afef4555,36.27
19646,2019-08-04T12:41:42Z,cfa42322be0000cf89d8969d1b88ace0ba99cab721dd58d55d41a36e,60.17065,24.93641,000000000f4919c9,13.75
19647,2019-08-04T12:41:42Z,cfc2a688ff31fbb1baac8790fb6d56dc7746ba2cf9e0e5f39d4751a4,60.14699,24.922,00000000a53ed894,8.38
19648,2019-08-04T12:41:42Z,d03671e2aa8386fb28a425b20505ceed966063990d65611e2dfda4f2,60.16075,24.95883,00000000f1124bca,31.5
19649,2019-08-04T12:41:42Z,d0413da80c7714f40ffe50dcfb00039280c64ecebc61c59df72965e6,60.149,24.9843,00000000fffb8cf0,23.56
19650,2019-08-04T12:41:42Z,d098b9b5b30c5fcd4ae8a2b8bc761df72829713d3ae919634876d349,60.14699,24.922,00000000a53ed894,9.12
19651,2019-08-04T12:41:42Z,d0aa228c2a3e6e1568e876cffc76874702e0f0f63f18533551bf02c1,60.16075,24.95883,00000000f1124bca,17.4
19652,2019-08-04T12:41:42Z,d0cab2a2660dcc5cb99a9bdf39d2e6b31b7498985db1b50e48cb478d,60.18203,24.91341,00000000342570c2,20.28
19653,2019-08-04T12:41:42Z,d12f9e6275869a74f979eac17b326dfe329bbd78b8732fc998b5f132,60.14699,24.922,00000000a53ed894,20.28
19654,2019-08-04T12:41:42Z,d1494ea9019ebe27ab1e0e4d26f4f307c19720a0d8851bc848d80cab,60.1538,24.95595,0000000038bf9618,36.27
19655,2019-08-04T12:41:42Z,d150c7aba4e7419f0ddd187392a9c2a429f44fa82535fb594c48ff55,60.16897,24.95222,00000000aa852af1,12.69
19656,2019-08-04T12:41:42Z,d1e3b42846da964eb43395a0c02d5cccd930d1a09090f9d668f1ebd9,60.16829,24.94214,00000000afef4555,17.4
19657,2019-08-04T12:41:42Z,d295fce65c7332728ab79761524c814f41bd0cefa3ad9ef62ac18993,60.14951,24.92138,0000000006dd41f6,20.28
19658,2019-08-04T12:41:42Z,d388a2c86cc65945e59a07273222ff57fc3585d4756b5c498dd443ac,60.16897,24.95222,00000000aa852af1,29.32
19659,2019-08-04T12:41:42Z,d38e88e5b926f9d1de6e326cca45116fcca11f10684c80876739c6cd,60.16075,24.95883,00000000f1124bca,7.69
19660,2019-08-04T12:41:42Z,d3c0cff604283ea6adeabb4f867f3fcaf8ee41fd27fc600d33c4d70d,60.16075,24.95883,00000000f1124bca,16.1
19661,2019-08-04T12:41:42Z,d64eda229ebb6012e59bc89eacb74918e404ce52f16b491f3d48e800,60.16897,24.95222,00000000aa852af1,21.87
19662,2019-08-04T12:41:42Z,d75c412090c347ad7fca9287bcc4eb9bfb757dc7c1725109861dd93e,60.16629,24.95957,00000000fb7600be,18.79
19663,2019-08-04T12:41:42Z,d87210146aab139cc6640a20b428dce6ac516806a71a177b70e04f62,60.17065,24.93641,000000000f4919c9,10.78
19664,2019-08-04T12:41:42Z,d8e7e8b511d1123d1389cf08abbfa54b2b38e1824598b88008356c33,60.16897,24.95222,00000000aa852af1,13.75
19665,2019-08-04T12:41:42Z,d9e1972e6cb517827f9c355e591924449d0bbdc9bb0f5bc1f8d4f29a,60.16629,24.95957,00000000fb7600be,27.28
19666,2019-08-04T12:41:42Z,da0c40291d3ace2273a08e3c9b87cbc15b0f03d0dba61e7c5a88dc0c,60.15432,24.9211,0000000019fb59c4,20.28
19667,2019-08-04T12:41:42Z,da667dfa2d8a272a7398e186de027fabd2052052c0aad767a1c7d966,60.16897,24.95222,00000000aa852af1,31.5
19668,2019-08-04T12:41:42Z,daac051ca20430238282e179e0fe525b11ff1e8f1ace26d45b41f331,60.14947,24.91438,000000004ef3150d,14.89
19669,2019-08-04T12:41:42Z,db6993de0692cf79ab1b8e7d86e4b5832d11f57f026a6eb339f977bf,60.14699,24.922,00000000a53ed894,17.4
19670,2019-08-04T12:41:42Z,db9cee77723e2258651606fd447070139d95eb1138f8e56957bff8f1,60.17002,24.94407,000000006b087f40,20.28
19671,2019-08-04T12:41:42Z,dc1c4323de4d895200d2ce734baf64170970bdef349e6206fe57bb15,60.16829,24.94214,00000000afef4555,16.1
19672,2019-08-04T12:41:42Z,dc439ef81c2abfb840e3ab145f2b944aae18a1beffd3eb47de845b9c,60.16531,24.9442,00000000fdda10fe,33.81
19673,2019-08-04T12:41:42Z,dcec4c4fb70c5f7dd0f408b6499f8c5ab0c2e9ff2b6d0fb082eba391,60.16075,24.95883,00000000f1124bca,25.36
19674,2019-08-04T12:41:42Z,dd4d709c749e6cfcf1531575846683d4ca730e850e17c6dd39252f8e,60.16075,24.95883,00000000f1124bca,14.89
19675,2019-08-04T12:41:42Z,ddc8410b9e4ece4b995b789f95e526693bac176ed77092ba57355dc8,60.16762,24.95415,000000006b44cce7,4.5
19676,2019-08-04T12:41:42Z,de09fd8d15c3d7adbf440a3d0a418a3b476513c968bda8a4aa652adf,60.173,24.92524,0000000096918cfa,29.32
19677,2019-08-04T12:41:42Z,de0d086ae32f87522eab31d3bc52545ed17b065889674963c0709568,60.16829,24.94214,00000000afef4555,7.69
19678,2019-08-04T12:41:42Z,de84f754a3916c8f831b0bb8ea41fc2a42cdea2794558fece3c7ae97,60.1538,24.95595,0000000038bf9618,20.28
19679,2019-08-04T12:41:42Z,e0df847c19b463dec6cea35494d375ce136a276c6a785936c931f60f,60.18203,24.91341,00000000342570c2,21.87
19680,2019-08-04T12:41:42Z,e0e938d5ab6fe3b13270163cd8a4e531dfae4b24ff98ab7e4277114c,60.14947,24.91438,000000004ef3150d,9.92
19681,2019-08-04T12:41:42Z,e23a6115ba872037f9b5066c9c9c966b497f449e32a2c9ceb0e55497,60.16829,24.94214,00000000afef4555,7.69
19682,2019-08-04T12:41:42Z,e2d7945f2c60a0d0622aef6a266620cf09df2e3a66baf2d303464c90,60.1538,24.95595,0000000038bf9618,23.56
19683,2019-08-04T12:41:42Z,e341e5e3e0b4fef8c3764508293310da5922b202d791694e43069ad1,60.16544,24.95398,0000000038d83d41,20.28
19684,2019-08-04T12:41:42Z,e34bcebfa007159f3d2adb0e62e20fcf721a221f52bdfe2a6ad77831,60.18203,24.91341,00000000342570c2,23.56
19685,2019-08-04T12:41:42Z,e3c03ee00a1bcd066f8b260cc5b9824d1118b7b7f972a818752aabc7,60.14947,24.91438,000000004ef3150d,17.4
19686,2019-08-04T12:41:42Z,e40a26f3f7468f4ac2302b45f1ed9aab7fea245ccf81d0c08072c881,60.16829,24.94214,00000000afef4555,5.41
19687,2019-08-04T12:41:42Z,e447e76c7b53157c11d5bfeb172c27332c81b5ec7f263badf5507888,60.149,24.9843,00000000fffb8cf0,13.75
19688,2019-08-04T12:41:42Z,e6f4e3d1f5e01888556b077224cb4d8f88d63306fff2388e3fd997d0,60.14951,24.92138,0000000006dd41f6,21.87
19689,2019-08-04T12:41:42Z,e6f7965f2ef456f61121bcce5e466f125192e511c2af72d901307e8e,60.16762,24.95415,000000006b44cce7,9.12
19690,2019-08-04T12:41:42Z,e7cd5f775c7eea951719f351fcc25c710f857832d6f4b70a51b7b82d,60.16897,24.95222,00000000aa852af1,11.7
19691,2019-08-04T12:41:42Z,e826dedac8582e619ce18cd7eed68be5ee1fc9ed37e191e06f916835,60.14947,24.91438,000000004ef3150d,9.92
19692,2019-08-04T12:41:42Z,e9115410fa45db5a174eee008cae729dc69937a0e0b5a304899bf1b9,60.17065,24.93641,000000000f4919c9,21.87
19693,2019-08-04T12:41:42Z,e92eb020afcd7c1fad04690230ff8c2f005e404dd25b8dced1df30dd,60.16075,24.95883,00000000f1124bca,8.38
19694,2019-08-04T12:41:42Z,e9e19621fc5cfcfed2c808bbadc6cc6dd31e28d3c04cef8b89ca2729,60.16075,24.95883,00000000f1124bca,17.4
19695,2019-08-04T12:41:42Z,ea157e44ed100be3f782d8b3d8e5e0986079c588c9ea754b14917df0,60.16829,24.94214,00000000afef4555,1.7
19696,2019-08-04T12:41:42Z,eb6541383f8b12fc5476e5e2bc406933edfd211f49a1bbb93f323fa0,60.14699,24.922,00000000a53ed894,17.4
19697,2019-08-04T12:41:42Z,eb80f0a38d684598f0116076f67fa9de51fad4eb64ddcfd7a5dd3f64,60.16897,24.95222,00000000aa852af1,21.87
19698,2019-08-04T12:41:42Z,ec424a10bcefb6e69c2eabf42534f06e7a10aa0cfb28f6478052cade,60.14699,24.922,00000000a53ed894,7.05
19699,2019-08-04T12:41:42Z,ed70712277756192c688e0f4d7620cdb33803ab3e0cc7c180c3efd23,60.15432,24.9211,0000000019fb59c4,25.36
19700,2019-08-04T12:41:42Z,ed79b42b7b79277b944e3800c2bf93fefe5be88fe6d0d2b52a944ea8,60.16762,24.95415,000000006b44cce7,12.69
19701,2019-08-04T12:41:42Z,eed1c3b93e33ab3a4802db427c8c197c0fbad358e039b6ea8c8af07b,60.18203,24.91341,00000000342570c2,18.79
19702,2019-08-04T12:41:42Z,ef352dcaa8317b6a3c0a02cd8908dd13da5601cc66ba65c5fd8d031a,60.14947,24.91438,000000004ef3150d,8.38
19703,2019-08-04T12:41:42Z,efe8b6c6fdf0d2caccd589aaaa4f0228a80590ff9ec7961f2e92103d,60.16762,24.95415,000000006b44cce7,16.1
19704,2019-08-04T12:41:42Z,f04b198f2f3331022f4a89ef2c2d12283e9c1c03a6c64a1dcb6e76cc,60.173,24.92524,0000000096918cfa,20.28
19705,2019-08-04T12:41:42Z,f062cb52d49926a4fb39f723275ed60ab6c0f3bf34e0c3f9d233b7b8,60.14947,24.91438,000000004ef3150d,7.05
19706,2019-08-04T12:41:42Z,f15b72a3aad411d2f8a70b41c4f62ad2d744d064d42ec00c71a18ac5,60.16762,24.95415,000000006b44cce7,3.74
19707,2019-08-04T12:41:42Z,f1e73fa6dab8e8a2db6d7515f601fac161f17c34beb84aa55e812a9e,60.16762,24.95415,000000006b44cce7,12.69
19708,2019-08-04T12:41:42Z,f1eb1b22a5e01064a1829b325d256218c68bc9134f03a3f09f3e2566,60.16829,24.94214,00000000afef4555,20.28
19709,2019-08-04T12:41:42Z,f2759841619517bff6a58510ebb0ddbc9378cd300d99652f9b14f90d,60.16531,24.9442,00000000fdda10fe,25.36
19710,2019-08-04T12:41:42Z,f2deba4ef84dbbc8c5d8524f6e2311183003bce4f9bfa6aef5b5ef66,60.14947,24.91438,000000004ef3150d,8.38
19711,2019-08-04T12:41:42Z,f2e063c8c25a8bec0dd6ec3924a5f59fd9694078f2f3fd5b3ea96f29,60.16762,24.95415,000000006b44cce7,9.92
19712,2019-08-04T12:41:42Z,f39827c3c7f4c833d1118043492f78e3255b6da9f4a2c000041d9b61,60.16829,24.94214,00000000afef4555,0.84
19713,2019-08-04T12:41:42Z,f57853f71a35677d9b6de74cf0f3bdcc42821f886daf65feb9ab4330,60.149,24.9843,00000000fffb8cf0,29.32
19714,2019-08-04T12:41:42Z,f5f7cfe177dfb0b7ebba2419ae53f70b6b5690dd98d98586004a9107,60.149,24.9843,00000000fffb8cf0,9.92
19715,2019-08-04T12:41:42Z,f796c9efc581b25280d4b416f8ba3aecca6ddf083e7bdad05f6e595e,60.14699,24.922,00000000a53ed894,8.38
19716,2019-08-04T12:41:42Z,f7f0caf73572bea3c08b592eeb9655b2668cfb16fd8840ca5619d84a,60.14699,24.922,00000000a53ed894,7.69
19717,2019-08-04T12:41:42Z,f868d87b5d5a7094b60a131cd3e120c25787ebf751f7c93640b34942,60.16897,24.95222,00000000aa852af1,25.36
19718,2019-08-04T12:41:42Z,f9a7057352731d27889cbd388be5902a6e62b297a3467232e8e47094,60.16762,24.95415,000000006b44cce7,13.75
19719,2019-08-04T12:41:42Z,f9f454563bb2c7fd9944c5f164bf6c5fad98bb698039934d4d8b54dd,60.16897,24.95222,00000000aa852af1,21.87
19720,2019-08-04T12:41:42Z,fadc39da3cd26ac621092fbbff224b95bb13446c8d24bbf4f3e50e90,60.14947,24.91438,000000004ef3150d,5.41
19721,2019-08-04T12:41:42Z,fc618d570293e104f3bf927312641e3b7c65acce185b1614337d848c,60.16829,24.94214,00000000afef4555,17.4
19722,2019-08-04T12:41:42Z,fd77161cf9715d9d0f922cf45e79e5d9b9debef5113cb32a4f82ef76,60.16762,24.95415,000000006b44cce7,4.5
19723,2019-08-04T12:41:42Z,fe5ca86c906b1cb3bf9dd257ceefc562e41da499878f1074484f7d42,60.14947,24.91438,000000004ef3150d,16.1
19724,2019-08-04T12:41:42Z,feb399897846bc34dc3f4b06ac4ef0ffb0db885977b88e5c5fdb7350,60.14699,24.922,00000000a53ed894,10.78
19725,2019-08-04T12:41:42Z,fef7e63471b9df4d5f68907f8607d8b1830400ae9fff12023fef50f0,60.14951,24.92138,0000000006dd41f6,20.28
19726,2019-08-04T12:41:42Z,ff4f3e0f964f23b97e88626f7a506bb4409718931712c58ce0f247af,60.16762,24.95415,000000006b44cce7,8.38
19727,2019-08-04T12:41:42Z,ff8280896145ae17e594c52eac2cdbab47d3757d797878fbc4298596,60.1538,24.95595,0000000038bf9618,29.32
19728,2019-08-04T12:41:43Z,07d86ad98399440d0cc3bd3382a7256feb971e49a3686dc17f532e1c,60.16829,24.94214,00000000afef4555,21.87
19729,2019-08-04T12:41:43Z,09bfb0ba18ca8d4146edead386ae6004b5feb9c84501198c964e7c45,60.16897,24.95222,00000000aa852af1,21.87
19730,2019-08-04T12:41:43Z,14c7e1511b70f4dd3359cbece1377aebb4d70531f5489eefe53d7c3c,60.16544,24.95398,0000000038d83d41,25.36
19731,2019-08-04T12:41:43Z,1599d2c9070a6f05e1a5887c2d9209214c04818c6203fe75440734f2,60.1538,24.95595,0000000038bf9618,27.28
19732,2019-08-04T12:41:43Z,16962a7bb036a995c8cf0c2bc17153c812c23d9af2eaf2207425da3b,60.14951,24.92138,0000000006dd41f6,21.87
19733,2019-08-04T12:41:43Z,1e7ea410376fbdb3f3c476c76d23abad5d830690f78f71ea06f7e321,60.16075,24.95883,00000000f1124bca,14.89
19734,2019-08-04T12:41:43Z,211f6b7b044343d0be369791b3fa3c144d0d0f391e2a42787712efb0,60.16448,24.97323,0000000053c6c2be,12.69
19735,2019-08-04T12:41:43Z,25a7ff811c3c06e426c7c2cbb0433d9a2a3399b23afecbd35584ab0f,60.18203,24.91341,00000000342570c2,11.7
19736,2019-08-04T12:41:43Z,2f296f178903769d80a34f17a1beef377e041852b35742df84ce7c59,60.16829,24.94214,00000000afef4555,29.32
19737,2019-08-04T12:41:43Z,315af4a829b592ba99b203b8ed2cbd499769f8752dfe6de7da4ee929,60.16829,24.94214,00000000afef4555,14.89
19738,2019-08-04T12:41:43Z,44d0b94469070803869f229601e877beb613c3f5aafa009addf97a1a,60.16544,24.95398,0000000038d83d41,20.28
19739,2019-08-04T12:41:43Z,4656bad9b5e6dfc3977eca308fc1db3dbf8b0204b90d09b001da242e,60.1638,24.96846,00000000d747f075,29.32
19740,2019-08-04T12:41:43Z,5d65719c4cbf045f068d084b72302f447d5fd034413d97d13be00d0e,60.18203,24.91341,00000000342570c2,16.1
19741,2019-08-04T12:41:43Z,5eed115a984d490b02b602d73787aee8dc8c4e9365b77fbff3818a76,60.16629,24.95957,00000000fb7600be,20.28
19742,2019-08-04T12:41:43Z,6066632ddc94b5c482a2d4f45ed2532e55e3fd63e414a084a596a737,60.16762,24.95415,000000006b44cce7,17.4
19743,2019-08-04T12:41:43Z,653a92a7828f2c43bc74899753f872e8b93c30b6fb419b651a94bbc1,60.16897,24.95222,00000000aa852af1,11.7
19744,2019-08-04T12:41:43Z,6a70e2fbced719333e21eff04fcb9cb36bae9a04d1a3d6ddd96f2c58,60.15432,24.9211,0000000019fb59c4,10.78
19745,2019-08-04T12:41:43Z,6c8861f56a280e7752e10439271a2498527c69b0796f58de4afc6008,60.16075,24.95883,00000000f1124bca,16.1
19746,2019-08-04T12:41:43Z,6f06341f358e61699fe1e55e986dd0554bc8da28b91daf0c5ad99db6,60.16629,24.95957,00000000fb7600be,18.79
19747,2019-08-04T12:41:43Z,70d8572458a1a103555bab897b6443e601e0ed211414b15ad0b56f60,60.16544,24.95398,0000000038d83d41,25.36
19748,2019-08-04T12:41:43Z,737efc92e3419e9d96a8559ec341ea7e18ba6381fd8e4de3d06f82a0,60.14699,24.922,00000000a53ed894,23.56
19749,2019-08-04T12:41:43Z,77839e655f856d5295739c2388237a95b399c3b8a4f659cd1345d939,60.16829,24.94214,00000000afef4555,27.28
19750,2019-08-04T12:41:43Z,79f136afa0dd8717337c01c70b457c464aaf0fa25b440f51a394ec23,60.16762,24.95415,000000006b44cce7,13.75
19751,2019-08-04T12:41:43Z,85ef35aecf2ff804be3d958b592705ec41c6df9c128c132c65bb283d,60.16897,24.95222,00000000aa852af1,23.56
19752,2019-08-04T12:41:43Z,87dfaad29a9276ddddb1fa021d3bc23ad14824c1af16f7d87e713689,60.14951,24.92138,0000000006dd41f6,8.38
19753,2019-08-04T12:41:43Z,88808fe92573e9cdf022cc15b9689b6b4b9429f60513c8897b0ba4c7,60.16897,24.95222,00000000aa852af1,17.4
19754,2019-08-04T12:41:43Z,89982a6acf91b79a282a6b63978e946ee205f303fcd20e944e06baf0,60.16544,24.95398,0000000038d83d41,25.36
19755,2019-08-04T12:41:43Z,8c75c3289c84fe4493e1e272a77b615fe1985880c5dc68a7c1a17b53,60.16762,24.95415,000000006b44cce7,12.69
19756,2019-08-04T12:41:43Z,94c5a69a5ae6e9407c3fa9a6919d99beb3558dd4e6750eb480ddc36f,60.16829,24.94214,00000000afef4555,12.69
19757,2019-08-04T12:41:43Z,9843c6216661048343a0e49cf3d8aa2883cf77f452666a1c873a1052,60.16448,24.97323,0000000053c6c2be,12.69
19758,2019-08-04T12:41:43Z,a91d379a4b57c5df22db0d7a041ff69f657b4b31f28554b1011fc03c,60.16544,24.95398,0000000038d83d41,25.36
19759,2019-08-04T12:41:43Z,acd2647d413f41552b31b6e383da445c8902bc2a764d2b7791a7b164,60.16762,24.95415,000000006b44cce7,11.7
19760,2019-08-04T12:41:43Z,af807b67ce09a2ce1744025c421961213f1608ca658ece4df69555a1,60.16762,24.95415,000000006b44cce7,13.75
19761,2019-08-04T12:41:43Z,b5fd6b317890e5ab2d79e2cd1abe61626d45a753c7337d0d40728898,60.16762,24.95415,000000006b44cce7,17.4
19762,2019-08-04T12:41:43Z,b6768ae226a93bce23852414e20866c7413513d067579c03ea883dfa,60.17065,24.93641,000000000f4919c9,10.78
19763,2019-08-04T12:41:43Z,bb98768dad0f7c52cf643f035a3e7e48f5cfe28557c66f2a75914b31,60.14699,24.922,00000000a53ed894,11.7
19764,2019-08-04T12:41:43Z,bca443064699e0ac05c40e587aef06d7fd580817e739133a501490bc,60.14699,24.922,00000000a53ed894,18.79
19765,2019-08-04T12:41:43Z,c40c37def6bf11a63a2556519a7c6233fd417cdeea2cf14f28e7c42c,60.16531,24.9442,00000000fdda10fe,29.32
19766,2019-08-04T12:41:43Z,ca6927628f5ddda20036865c9345ad93d476d62ade3b181de568eed6,60.16897,24.95222,00000000aa852af1,21.87
19767,2019-08-04T12:41:43Z,cf05623e4d87ce0906c0b0b7dbf53aacc1228016cd27c341228b6e76,60.18203,24.91341,00000000342570c2,29.32
19768,2019-08-04T12:41:43Z,cfc0bedb78ded52749db3188cb188bf6a250ef5990da9c5afa9623fc,60.14951,24.92138,0000000006dd41f6,27.28
19769,2019-08-04T12:41:43Z,d0a50f3001c258a38880550f6c0835fcaa85f0a6d36687dc5de98f3b,60.16629,24.95957,00000000fb7600be,14.89
19770,2019-08-04T12:41:43Z,d661caec7a5da6aef734734bbf9090debe494c1afd98050f88f269bd,60.16829,24.94214,00000000afef4555,10.78
19771,2019-08-04T12:41:43Z,dcb7e8bb90af70568c12a902d706c70e1ac1213e31ba074756f0a27a,60.1538,24.95595,0000000038bf9618,25.36
19772,2019-08-04T12:41:43Z,ded49640b591e73bff71f84fb99d2739eb6c9554164a015017725e03,60.16829,24.94214,00000000afef4555,20.28
19773,2019-08-04T12:41:43Z,e8e366e76c97944e23c0f80b4fd3ce6e5832744922297146a49f0c7e,60.16762,24.95415,000000006b44cce7,11.7
19774,2019-08-04T12:41:43Z,e96bd269a48b822b06141c3362fcb6d5ed4d0d09a120f2e4a712d5c2,60.16897,24.95222,00000000aa852af1,13.75
19775,2019-08-04T12:41:43Z,f088630d7476dae7d4b7e2bb1f10575f2c89acb4b6e061f3d57c2b40,60.16531,24.9442,00000000fdda10fe,23.56
19776,2019-08-04T12:41:43Z,f237103f284dc6c51c64f9728c4f56e0c855dbb1bf8c4165758c3ef0,60.16897,24.95222,00000000aa852af1,27.28
19777,2019-08-04T12:41:43Z,f405a7c4a3a4339f8e3f7e552f6492d6eed76f7d08c54943286213de,60.16762,24.95415,000000006b44cce7,12.69
19778,2019-08-04T12:41:43Z,f45ac1642ec7d40985b62d31f6c0f51f392a33080c7dc1f686f90067,60.1538,24.95595,0000000038bf9618,31.5
19779,2019-08-04T12:41:43Z,f6609ab1076b1105bb845595a03b41b8fbb282f79c337df5bbc9f841,60.14699,24.922,00000000a53ed894,7.69
19780,2019-08-04T12:41:43Z,f94dddacf96965952551200a02b41925bcd21402aceafb12f19931af,60.16075,24.95883,00000000f1124bca,7.69
19781,2019-08-04T12:41:43Z,fc4f3a44235f1cfc7b53f14ba2da599976a5a0a220d23b852688e485,60.17919,24.95181,000000007b5207b6,21.87
19782,2019-08-04T12:41:43Z,009ad4cd2bd97e04da44cc9789e6bdbdb899eded61d05b7d5634b7be,60.16829,24.94214,00000000afef4555,4.11
19783,2019-08-04T12:41:43Z,00a07b1f8113691d8475c54082a14cdd54decf9845a90e75df8031a6,60.17065,24.93641,000000000f4919c9,21.87
19784,2019-08-04T12:41:43Z,00b07030d00cc5582c0f1be7d73fb09e34f4018445ce11d9da8da813,60.16762,24.95415,000000006b44cce7,14.89
19785,2019-08-04T12:41:43Z,010298d620fbe80ab4f46c866c215217b2bf1fd12a2a67b9e56b4ce8,60.16829,24.94214,00000000afef4555,12.69
19786,2019-08-04T12:41:43Z,02290ce195d0c1a6f6c472f83372d8b189973a36922259ef2b595ec6,60.16829,24.94214,00000000afef4555,27.28
19787,2019-08-04T12:41:43Z,02978cd5cb7127a718d3d775079ab940a3e81885ce6106495cca5ee4,60.1538,24.95595,0000000038bf9618,21.87
19788,2019-08-04T12:41:43Z,02a0c11101d94209b1945b117fe2f6c2e93cec0c5c8eb0d847b655cf,60.16531,24.9442,00000000fdda10fe,36.27
19789,2019-08-04T12:41:43Z,033759f09b97a9347fd7852dbc2bcd3abbb67a792486acad9d185bca,60.16762,24.95415,000000006b44cce7,10.78
19790,2019-08-04T12:41:43Z,036c183505fea646b54aeb0c612913cafba94eca65e47d3c6d840a68,60.17919,24.95181,000000007b5207b6,18.79
19791,2019-08-04T12:41:43Z,038e7f3d1d9babcdb48b63ff8e3e1ac732b3c29f665dc7d9a1819abc,60.14699,24.922,00000000a53ed894,16.1
19792,2019-08-04T12:41:43Z,0479a26a59d65bf1dee05c06f4227a0ba63a6e9c9a09e7c34f2e06b4,60.14699,24.922,00000000a53ed894,17.4
19793,2019-08-04T12:41:43Z,04b49a34910d12f55243dd5a756c7cc1e506e5d3cdb418cc635e9ad9,60.16762,24.95415,000000006b44cce7,9.92
19794,2019-08-04T12:41:43Z,04b5d29c48edaaf4904a98e412562e3c0d857eb20342cc7c323d4293,60.16762,24.95415,000000006b44cce7,9.92
19795,2019-08-04T12:41:43Z,05d441c83d2df822feaf93d7861452db7a201f22d84cfa36f421dfd2,60.16544,24.95398,0000000038d83d41,18.79
19796,2019-08-04T12:41:43Z,076c28c1895ef1919c11113113c12655c546fc90a00800e5ebec5b56,60.14699,24.922,00000000a53ed894,12.69
19797,2019-08-04T12:41:43Z,0851ab74be2e888decf0046825f09ed302f7b2275e72b09b5b713d85,60.16829,24.94214,00000000afef4555,18.79
19798,2019-08-04T12:41:43Z,0947f9d6bb6c34e382e008052b704b6521ac4f7678a2e8a719bb574b,60.15432,24.9211,0000000019fb59c4,23.56
19799,2019-08-04T12:41:43Z,09e6b7d5a7a9e691d686fb405bc2bfe0c9e5d525b47385d9235575e3,60.16897,24.95222,00000000aa852af1,18.79
19800,2019-08-04T12:41:43Z,0a0acb70a8ef92be52a64d4425e70bb2f7a17d13942c3382c9d68878,60.149,24.9843,00000000fffb8cf0,2.08
19801,2019-08-04T12:41:43Z,0a5616e066b42895361324cfa8abef41d849a55e3e4bed429bab494b,60.16829,24.94214,00000000afef4555,11.7
19802,2019-08-04T12:41:43Z,0a5ed50daf13dd10744537aa851ac7ab1d34d9797ec6ab6e2402aebb,60.16762,24.95415,000000006b44cce7,3.74
19803,2019-08-04T12:41:43Z,0aabf0df4c3c5b45bb8950c92dbe624985f19e8650ed61f92571a65a,60.14699,24.922,00000000a53ed894,7.69
19804,2019-08-04T12:41:43Z,0b0dd9af9d52c68ff71ce266d6707abbb0f56c3c63be0f83f7b5df9b,60.16762,24.95415,000000006b44cce7,8.38
19805,2019-08-04T12:41:43Z,0c905239b8c0e14cba671cf4d4d715d1045a30ee62a6285fb489dbb0,60.16829,24.94214,00000000afef4555,18.79
19806,2019-08-04T12:41:43Z,0d3525b13d674f1645fdbe6d842fe37b2f416889c5472e9dfcc5445c,60.14947,24.91438,000000004ef3150d,11.7
19807,2019-08-04T12:41:43Z,0d8341f0125a5323521549248771d5448e5f788aefe9b989e3b20114,60.16829,24.94214,00000000afef4555,18.79
19808,2019-08-04T12:41:43Z,0d963177e81fa665e49cab41aeba81fdbaa70407a6459fc808467830,60.16829,24.94214,00000000afef4555,27.28
19809,2019-08-04T12:41:43Z,10a99e791e27975dc1c9d73d3163cabacf3bd7bd05a4f7abf6365426,60.14699,24.922,00000000a53ed894,14.89
19810,2019-08-04T12:41:43Z,10caaea8002e8b3b342b32710efdd7305ff375ca1cdc01411f66b2f6,60.14699,24.922,00000000a53ed894,7.05
19811,2019-08-04T12:41:43Z,124cce476184e061b136f481014a2abc7208d30e4e520ffd90c85adb,60.17002,24.94407,000000006b087f40,20.28
19812,2019-08-04T12:41:43Z,12fb8b4ee43472fe3f49e3ac6791275a4a7d7beec0e3b87fbae1320e,60.16829,24.94214,00000000afef4555,23.56
19813,2019-08-04T12:41:43Z,13ee67fb034e3d24edc9a9618e9d6de24979ebbcb399f83abb02a897,60.14699,24.922,00000000a53ed894,4.11
19814,2019-08-04T12:41:43Z,1423891c6ee1edc7da83904378a35aef2e5797db95b117651d676934,60.16762,24.95415,000000006b44cce7,9.92
19815,2019-08-04T12:41:43Z,1515fbb735095b233eea332bf40cff9995758e9bd0ad60218875554b,60.14699,24.922,00000000a53ed894,29.32
19816,2019-08-04T12:41:43Z,1551f9fdd5a57b17be51babad39f807f04be4d340266c153eb860156,60.15432,24.9211,0000000019fb59c4,20.28
19817,2019-08-04T12:41:43Z,15ee12e5f9be00a79b0cbbc9912f51cbfa3e486624567e1bde938fb6,60.1538,24.95595,0000000038bf9618,27.28
19818,2019-08-04T12:41:43Z,161aa798c2a18e132fb27ecded773218ea4e42eabbd0e5794b1d7017,60.15432,24.9211,0000000019fb59c4,5.91
19819,2019-08-04T12:41:43Z,171a752ceacd35c6e27c36e67da80ba960a246c0977f0bdca139a472,60.14699,24.922,00000000a53ed894,12.69
19820,2019-08-04T12:41:43Z,1769031b7f4d75de0541e26427b9ecc92c84b80992e3b36bb8eb799e,60.16829,24.94214,00000000afef4555,5.91
19821,2019-08-04T12:41:43Z,1882b53729765cca25bc63400074242872d6fbc57882f131285b277f,60.16829,24.94214,00000000afef4555,18.79
19822,2019-08-04T12:41:43Z,194e6ced97ec114a37fe06d6d73fb687c057d411be476f1ea6f4852e,60.16897,24.95222,00000000aa852af1,27.28
19823,2019-08-04T12:41:43Z,1a93dfa31156cee53b4bd527d8b74655a5da812b6933d8a86d871e47,60.14947,24.91438,000000004ef3150d,10.78
19824,2019-08-04T12:41:43Z,1aacd77e1fdbe1544cf1ab29a00642d77ce4a075e388e8a2108aa39b,60.16829,24.94214,00000000afef4555,17.4
19825,2019-08-04T12:41:43Z,1ad0b84716a79851fa8db7a993012f0c8e496d6cba9d028a546285a2,60.16897,24.95222,00000000aa852af1,11.7
19826,2019-08-04T12:41:43Z,1b3fba902b8d1538b508cdc228fd15fdd87f5aecb68e5611b1a4e354,60.16762,24.95415,000000006b44cce7,3.4
19827,2019-08-04T12:41:43Z,1bcef866fafad7c7460a084e0b0d27c087b549f4ae704390708be47e,60.149,24.9843,00000000fffb8cf0,7.69
19828,2019-08-04T12:41:43Z,1c669457535e4635f732c228ec524f9d2c440b0d2132fa1acd93122a,60.16897,24.95222,00000000aa852af1,25.36
19829,2019-08-04T12:41:43Z,1c95e90d50249037b08826fca8f9485883828eed3484a49bd96cd428,60.16762,24.95415,000000006b44cce7,12.69
19830,2019-08-04T12:41:43Z,1d4841b6905c46f3c38f79540bae2a88a4e660692149506c0db9da33,60.15432,24.9211,0000000019fb59c4,18.79
19831,2019-08-04T12:41:43Z,1dacfb371d75dd4f90f447aac2a00faad98beb4188a6971c19eb2375,60.16629,24.95957,00000000fb7600be,27.28
19832,2019-08-04T12:41:43Z,1dcb5d78c4ed02c596144501da43e29defedf2db734c34c36c9bacbd,60.16762,24.95415,000000006b44cce7,18.79
19833,2019-08-04T12:41:43Z,1e24a2120b13c780dbb3a67a73f5058d1847f126fd5f5952e6dddcd3,60.16075,24.95883,00000000f1124bca,21.87
19834,2019-08-04T12:41:43Z,1e63d2090b520af23ca3d2c9a05047dc0b0c63f7471b86e9d9f3e7cc,60.16629,24.95957,00000000fb7600be,16.1
19835,2019-08-04T12:41:43Z,1f74037ecab4dbdc5db1a8dc8b583a86630f86a5f2d0a5167b7fa605,60.18203,24.91341,00000000342570c2,18.79
19836,2019-08-04T12:41:43Z,1f81ed7274add201d3059d4a37e2bbe86b6ae1f0fd42a16d7b8dccaa,60.14699,24.922,00000000a53ed894,9.12
19837,2019-08-04T12:41:43Z,1faaaeff6423708e06d94b904af4be93e399939fbdfd3b3091dc8bd2,60.15432,24.9211,0000000019fb59c4,21.87
19838,2019-08-04T12:41:43Z,203a0c145a43c9a18f8c2a5ba4e18882e7430662bb4ac0e56ab37578,60.17065,24.93641,000000000f4919c9,16.1
19839,2019-08-04T12:41:43Z,208944c5811f446561788c5415738cbe52bdacb371f415236042698c,60.16897,24.95222,00000000aa852af1,16.1
19840,2019-08-04T12:41:43Z,21bdc11bb63fb48c9d4b5308540ee5df579c9a385001a10fceeeedf3,60.14699,24.922,00000000a53ed894,12.69
19841,2019-08-04T12:41:43Z,21eed3ade733687b8f56fade8290819b7c6b4a9f38468979fe692c3e,60.16762,24.95415,000000006b44cce7,9.12
19842,2019-08-04T12:41:43Z,2204ba387d2db0e7d2ca03f7ace46abff8d141668b73c75a1879d7ba,60.14947,24.91438,000000004ef3150d,16.1
19843,2019-08-04T12:41:43Z,22fe9a06fba1036e8eafd726bc450095b1893be067f475e1882bb704,60.14699,24.922,00000000a53ed894,8.38
19844,2019-08-04T12:41:43Z,231026899a6d5b326cb5b1e38b182ca1acb77c7e27bc2378973b29db,60.16629,24.95957,00000000fb7600be,10.78
19845,2019-08-04T12:41:43Z,23337c2812924a07e4f0bbc92e56d1f85ea40208b6b987f4afc686cf,60.16897,24.95222,00000000aa852af1,12.69
19846,2019-08-04T12:41:43Z,247f8b2fe544f61677fce4b7f300f6be0c3fa9f5a9f057cc0a4b2111,60.16762,24.95415,000000006b44cce7,9.12
19847,2019-08-04T12:41:43Z,257206d3f59df5c426a9c735f4741cba6d792de1cbafe62289d383d7,60.16897,24.95222,00000000aa852af1,21.87
19848,2019-08-04T12:41:43Z,2607d1b2fc6e31a80348fffbed68a7d3a8e0212f197f2d1c573c587b,60.14947,24.91438,000000004ef3150d,5.41
19849,2019-08-04T12:41:43Z,28b43564f7156b67db7cb7b779e948986d7610f921490f9030379704,60.16897,24.95222,00000000aa852af1,9.92
19850,2019-08-04T12:41:43Z,2969cdb120f2d285c556abfe5bac2f8090571f61aba227a474a534d2,60.17065,24.93641,000000000f4919c9,3.74
19851,2019-08-04T12:41:43Z,29a1ee6c0907a00ec6b6dcbb187f5c31d1a11b261aabd339210ee013,60.16897,24.95222,00000000aa852af1,8.38
19852,2019-08-04T12:41:43Z,2a47bdc66249162a9588347a6cbe7895fe798bb25c1194cd69fb1e8b,60.14699,24.922,00000000a53ed894,9.12
19853,2019-08-04T12:41:43Z,2ee2e108ed9051b1ccf4d3ee89931dfd53170af0b558fa6579b83e8d,60.15432,24.9211,0000000019fb59c4,11.7
19854,2019-08-04T12:41:43Z,2f08dbfbbe5577f04ea9826f72d5452ddf5fd9bb892769382ea5a4ca,60.16762,24.95415,000000006b44cce7,11.7
19855,2019-08-04T12:41:43Z,3004b57f95861dcbc505cbe89ab781674966526a063bee7072de8aba,60.16829,24.94214,00000000afef4555,25.36
19856,2019-08-04T12:41:43Z,3104493096145a2f45646a7fb644e1ca0b2b52c7692f8bf6bcbfdea6,60.16762,24.95415,000000006b44cce7,23.56
19857,2019-08-04T12:41:43Z,32708990f2c831e65f70f2682baf5188fc93348b9a9e78ada8db2bf4,60.14947,24.91438,000000004ef3150d,1.25
19858,2019-08-04T12:41:43Z,32f77f5019e5fce30881c214487361e2e34b8c93277f6e546de72012,60.1638,24.96846,00000000d747f075,27.28
19859,2019-08-04T12:41:43Z,33634cb1e3fc5d4a621e8717d203da8533ed27531a70c6cbe3abf3fa,60.16762,24.95415,000000006b44cce7,2.8
19860,2019-08-04T12:41:43Z,3405b45677395f577b17b4f3f98f4e4acf64510ac518139bea7227fd,60.16829,24.94214,00000000afef4555,33.81
19861,2019-08-04T12:41:43Z,349dd839e41cff363cc4b935496e52b93be15233e508aa82987859bd,60.16075,24.95883,00000000f1124bca,25.36
19862,2019-08-04T12:41:43Z,34fddf0f4ea194b9720451d11a9de76225577536681d4f4b0a00b860,60.16829,24.94214,00000000afef4555,27.28
19863,2019-08-04T12:41:43Z,358d7986d5bf2a0624fb1412a157b3c7b12f90653457e15a76bbdf50,60.16629,24.95957,00000000fb7600be,21.87
19864,2019-08-04T12:41:43Z,35c76904d3ba6f306e259af6d950e10416449aa9fca8c2a4e10a9d90,60.16762,24.95415,000000006b44cce7,16.1
19865,2019-08-04T12:41:43Z,35e6e075578d7a51e510bf8904bde33f1d117264eea0917db98d4808,60.16897,24.95222,00000000aa852af1,11.7
19866,2019-08-04T12:41:43Z,36f876050503d244f74f3cbadcef716904eb2b245190d474b0cfa794,60.16762,24.95415,000000006b44cce7,4.94
19867,2019-08-04T12:41:43Z,3721331dbb97151d17938ed835ffc7208eba26fba6100c62870a3a4f,60.14947,24.91438,000000004ef3150d,21.87
19868,2019-08-04T12:41:43Z,37945fa4e7409fab98aa8bde45081f5bd083def0059485274ad552c0,60.17919,24.95181,000000007b5207b6,9.92
19869,2019-08-04T12:41:43Z,37c5fa285cfc1de3c5363b53a2909ca0f43381a381ee6fc132d5ba8f,60.16897,24.95222,00000000aa852af1,20.28
19870,2019-08-04T12:41:43Z,381408ba82c360b66229f8a181ed89b02930909f7db6e4582277ef38,60.14699,24.922,00000000a53ed894,23.56
19871,2019-08-04T12:41:43Z,38e15f5aeb58c22ca456fc4d3a14f3b4d9f1fac43de070d2565eb1d3,60.16897,24.95222,00000000aa852af1,29.32
19872,2019-08-04T12:41:43Z,39310ebca1ad756aa2bfcb16c912cb7003ef3e7286a1f037603ade61,60.14699,24.922,00000000a53ed894,3.74
19873,2019-08-04T12:41:43Z,393a579e1c8efb19861f555f12040feeac853f37a2451116693e77aa,60.14699,24.922,00000000a53ed894,14.89
19874,2019-08-04T12:41:43Z,3a6ce73ea4c03a14fc0d3d099e4698d3c1051a2e8e4bd552d5de394d,60.14947,24.91438,000000004ef3150d,17.4
19875,2019-08-04T12:41:43Z,3af48668fcfc51b261558246e08ae2f7f3bb9d4252e908e38c9db003,60.14699,24.922,00000000a53ed894,12.69
19876,2019-08-04T12:41:43Z,3b73bf57d223bcb9b930ee8619e6603e52485b221389c64d85614baf,60.16897,24.95222,00000000aa852af1,11.7
19877,2019-08-04T12:41:43Z,3d26e1d1c042133ccb16301bbada637dd3dea1623426336738e0f1c0,60.149,24.9843,00000000fffb8cf0,29.32
19878,2019-08-04T12:41:43Z,3e4965f1ed580ddf80246b1b78cbc55b73c11d67573d9cede2a7ccf7,60.16829,24.94214,00000000afef4555,14.89
19879,2019-08-04T12:41:43Z,3e9bb396fbc83c420e59acae7d393de6b4add7ec1dda523b9eaee7a5,60.16075,24.95883,00000000f1124bca,23.56
19880,2019-08-04T12:41:43Z,3f395809cdaaaa1688c7d1cc770079bbf7ef1349e148bec5c8eacd57,60.16762,24.95415,000000006b44cce7,9.92
19881,2019-08-04T12:41:43Z,3fe4e214448b0c9a8dfbee81c347d82a8f0b26859201fb1d77f40fa9,60.16448,24.97323,0000000053c6c2be,27.28
19882,2019-08-04T12:41:43Z,403e1aeccf11577024fd23325aa803a7d0a04b5d3400c115078785a9,60.14699,24.922,00000000a53ed894,20.28
19883,2019-08-04T12:41:43Z,409be16c4d34b9e76ac22ea0e8e282da3e9d169fe77ff5ea52a72883,60.14699,24.922,00000000a53ed894,16.1
19884,2019-08-04T12:41:43Z,427f20895f2d0aec0392fd0be9f66c4cd45200a3d32b5b9d52ea0dc2,60.15432,24.9211,0000000019fb59c4,27.28
19885,2019-08-04T12:41:43Z,429295e322e9f143f79e9a6340e4974858aa9aa2f5ed6e8512dd00cd,60.14699,24.922,00000000a53ed894,14.89
19886,2019-08-04T12:41:43Z,42da4298ed9f522421f17714e024d9b8fe22e7546df3deeb8b139bd3,60.16075,24.95883,00000000f1124bca,6.46
19887,2019-08-04T12:41:43Z,431375be6b9405ef55878f3aa0bb5dd6a35db8ba650a2bce05081c49,60.14947,24.91438,000000004ef3150d,18.79
19888,2019-08-04T12:41:43Z,457d11209b95b153efb57d8f2641f2db0823e91a0d608fa0555a5b69,60.14699,24.922,00000000a53ed894,8.38
19889,2019-08-04T12:41:43Z,459ee564ad7aca128b70ae089395378da384eb1ff35cefde7d7f5736,60.16829,24.94214,00000000afef4555,9.12
19890,2019-08-04T12:41:43Z,4602ff9d03f6bf4fbb82976098cc1c73e7a7e754050401c772d1406e,60.14947,24.91438,000000004ef3150d,7.05
19891,2019-08-04T12:41:43Z,467a01a257fbaad22bd4aebafc8f284c9ad3effc429475e57c214e9d,60.14699,24.922,00000000a53ed894,6.46
19892,2019-08-04T12:41:43Z,47cde44e4ddbf6c70162fa882eee962e7c3e2a037b650294ec46568f,60.14947,24.91438,000000004ef3150d,4.94
19893,2019-08-04T12:41:43Z,48f665ebb1a71b0d84fc02bd71918c5ab5608328db534639cbd2a255,60.14947,24.91438,000000004ef3150d,8.38
19894,2019-08-04T12:41:43Z,4a3fc0d8003eaf9e5025fb4d14b8e034d1406ebe923ef21f9e6ad429,60.1538,24.95595,0000000038bf9618,27.28
19895,2019-08-04T12:41:43Z,4a565a7be2bb822523480c6ca86154a466bf189290f87a0ef118f8b7,60.149,24.9843,00000000fffb8cf0,21.87
19896,2019-08-04T12:41:43Z,4aff8c41b8c3f924b9b765007cf6f0f148e9fdc4dfad6299b17f6f71,60.16762,24.95415,000000006b44cce7,5.91
19897,2019-08-04T12:41:43Z,4b1050cc517631e36206d3528399c0b14748daec8c7d1b5dfa412299,60.15432,24.9211,0000000019fb59c4,5.41
19898,2019-08-04T12:41:43Z,4b85388cdaec2b4c15b546160ee326d9668a5e5d3c7b08d0c539946e,60.17919,24.95181,000000007b5207b6,11.7
19899,2019-08-04T12:41:43Z,4bf75585466f0aafa2ed2956fe4b0f7235b4ba3a0606a52219b3156c,60.14699,24.922,00000000a53ed894,7.69
19900,2019-08-04T12:41:43Z,4cadc8cc23fd84febb6a8383030a34c97b3388a8c9ed7a64cc0f51a6,60.14947,24.91438,000000004ef3150d,6.46
19901,2019-08-04T12:41:43Z,4d4115f2971578ddc2428be944e2954c9e9a5472a818ec1805a022b2,60.149,24.9843,00000000fffb8cf0,13.75
19902,2019-08-04T12:41:43Z,4f4940c5c77737c5b8f2fbd5a1b65886ea5f6e0e4fcd50447e11ce21,60.16075,24.95883,00000000f1124bca,23.56
19903,2019-08-04T12:41:43Z,50e21d119f102cee2afe3ac7f1a32032527638769b05aca582d6ecb1,60.16762,24.95415,000000006b44cce7,4.5
19904,2019-08-04T12:41:43Z,514a3981fad6c695ac4940f09374b5d1c2e84d2ca835084ef8707714,60.16075,24.95883,00000000f1124bca,3.4
19905,2019-08-04T12:41:43Z,52072bd384eaaf4a6958af5510ed039d194dee47f34667bc7bccbe0e,60.14699,24.922,00000000a53ed894,9.92
19906,2019-08-04T12:41:43Z,5260920d709c998754a6afe0e430e890d27be1843672147fb4d05338,60.16762,24.95415,000000006b44cce7,23.56
19907,2019-08-04T12:41:43Z,52f0e69ca7a5cebe604c1f32308dc7f8870d1d85cd4b25ad17f706e9,60.14699,24.922,00000000a53ed894,12.69
19908,2019-08-04T12:41:43Z,53263c2a4d1fc6edb42de24a91c19cc8d0050f1e61b0ddd97cf45bba,60.17002,24.94407,000000006b087f40,23.56
19909,2019-08-04T12:41:43Z,54065d53a62079540c4be1e19eafa5dd581e8ec35da0c31844438e0b,60.149,24.9843,00000000fffb8cf0,14.89
19910,2019-08-04T12:41:43Z,5554305bad43a71cf98d83e92708c7474c1efc189392c1ea94231e9c,60.16531,24.9442,00000000fdda10fe,5.91
19911,2019-08-04T12:41:43Z,560205233dc9b13886248fb6e54ee21dc3b287080072641e01e08dac,60.16075,24.95883,00000000f1124bca,23.56
19912,2019-08-04T12:41:43Z,56b8eace741e5227a40ea0a64601a737648080c63d6240b0dca632c4,60.16075,24.95883,00000000f1124bca,20.28
19913,2019-08-04T12:41:43Z,570dc61d53aec66ede39dfde66339640878453afc00cd1a55c60bca7,60.16544,24.95398,0000000038d83d41,23.56
19914,2019-08-04T12:41:43Z,571934189bf349efb6f596e76c21612cf9b82ed44913090169936048,60.17065,24.93641,000000000f4919c9,29.32
19915,2019-08-04T12:41:43Z,57bb8beeec6904b9a5cfe83c4ff9a80e63157780137f03de2a4152d3,60.16762,24.95415,000000006b44cce7,6.46
19916,2019-08-04T12:41:43Z,57c6f9c8fc64c4d7030c1d3576910e338178138cd74acdc9e3630216,60.16762,24.95415,000000006b44cce7,20.28
19917,2019-08-04T12:41:43Z,57f88614f91a133004ac1a6dea31a4090f899646a5f62ece691d87af,60.16762,24.95415,000000006b44cce7,7.69
19918,2019-08-04T12:41:43Z,583a35aa08fe45f96deb91a9f4b9317e86eddeee0d636cc11b3e2df8,60.16762,24.95415,000000006b44cce7,8.38
19919,2019-08-04T12:41:43Z,58411163d307bb308f9c94a9720e9ce5ab0ce4f5617cd2b1fcc2037a,60.16762,24.95415,000000006b44cce7,9.92
19920,2019-08-04T12:41:43Z,5966e39260804b1e804f63b354a53470a1f621ac8e68afdd522a565f,60.17002,24.94407,000000006b087f40,21.87
19921,2019-08-04T12:41:43Z,59b01cbdec8ff06fa6d50bac00c3f5f4c45132fc8a62800c08df5d6a,60.16629,24.95957,00000000fb7600be,10.78
19922,2019-08-04T12:41:43Z,5bb54a365362fc3a1d1e4b4421c7b020c45f3274d1393340a1f89eb5,60.16762,24.95415,000000006b44cce7,11.7
19923,2019-08-04T12:41:43Z,5bc8610f198c0ab38e4e89fd7f4828d032ca2a6ef97c2a17c79e296f,60.14699,24.922,00000000a53ed894,21.87
19924,2019-08-04T12:41:43Z,5c160268bc9b4b619181ce421d9e58c258e6b59a342945fc29f0004b,60.14947,24.91438,000000004ef3150d,5.41
19925,2019-08-04T12:41:43Z,5cd5117066c75a1cb83d3896a7eba3f3472e133f0013ea7d4e95daaa,60.14699,24.922,00000000a53ed894,4.5
19926,2019-08-04T12:41:43Z,5d70086d53447ee393249cef33c7bae814c1d7c2e3055fc91b38786c,60.17919,24.95181,000000007b5207b6,8.38
19927,2019-08-04T12:41:43Z,5e53be1d47b3cceeb6ea9406c75327379c8ee8abc68da605b7758e85,60.14947,24.91438,000000004ef3150d,27.28
19928,2019-08-04T12:41:43Z,5e7916ca910b02abf2d19906759663c23db63950a353fa546f55c8af,60.14699,24.922,00000000a53ed894,6.46
19929,2019-08-04T12:41:43Z,5ea49ba4de68e03664ec3a87f5de32434d7136b4f8323f022ff9df5b,60.16829,24.94214,00000000afef4555,5.41
19930,2019-08-04T12:41:43Z,604a02f00cf5d2e059c26ee48a07cd30e608c4b00f17f447c028da58,60.16762,24.95415,000000006b44cce7,13.75
19931,2019-08-04T12:41:43Z,60d9b71ec38b796bf876dedfaf3112b49ff79677480c7603902857ae,60.14947,24.91438,000000004ef3150d,23.56
19932,2019-08-04T12:41:43Z,614ab7fba7255f6bf6f888e9a04d589962f756b3f427e658f10014f2,60.16075,24.95883,00000000f1124bca,7.69
19933,2019-08-04T12:41:43Z,6187e3415bcea985be770b4a90f3ed56fbfff1aa331759d34ccbd4ee,60.16897,24.95222,00000000aa852af1,29.32
19934,2019-08-04T12:41:43Z,62916b0c2a8ebabb938b5e97cb14eb89b2b32936d3fad04025ad5854,60.17002,24.94407,000000006b087f40,9.12
19935,2019-08-04T12:41:43Z,62a6fe2d9b3b5b4533c51253f8842428bd797b3c6a95a7816ec472ed,60.14947,24.91438,000000004ef3150d,11.7
19936,2019-08-04T12:41:43Z,63a87f20dbfd068c086129312c165b6e9b1da2ea6c999be1dd1b8391,60.16762,24.95415,000000006b44cce7,21.87
19937,2019-08-04T12:41:43Z,63d99db5b2b7360c501446ea5e89feba9bd1c6735a7670039916f2ad,60.1538,24.95595,0000000038bf9618,25.36
19938,2019-08-04T12:41:43Z,63defb71d4c3856253a0a2d67a5c370b91ad0527703b334a63fe5344,60.14947,24.91438,000000004ef3150d,8.38
19939,2019-08-04T12:41:43Z,641e8defb97171d160f062c4bc3e9d06346f10d5246e6aeac935e1a9,60.16897,24.95222,00000000aa852af1,20.28
19940,2019-08-04T12:41:43Z,64394b1287e19738900f57d5c7483e02866e40bc8241fc6f6fbecbcb,60.16762,24.95415,000000006b44cce7,3.74
19941,2019-08-04T12:41:43Z,643ef3f01a51bea3c4510d4060a945cd510e5189236d68f5c9489034,60.16829,24.94214,00000000afef4555,1.88
19942,2019-08-04T12:41:43Z,64638a9f9e6c9b32fc4b484b55e4934fcab6cb04605cc76d5f5534b7,60.17065,24.93641,000000000f4919c9,14.89
19943,2019-08-04T12:41:43Z,64e34af775b57908b23056a31d60ef3b005941f2e7c3db0c49df675d,60.17065,24.93641,000000000f4919c9,7.05
19944,2019-08-04T12:41:43Z,6503762f2cac51cc2b74da1efa6b16583ed11c9a528d7716b7829c0b,60.16829,24.94214,00000000afef4555,13.75
19945,2019-08-04T12:41:43Z,6516a10850095847a8156717b0fba05a9bdc9b5bfedd691ddb07f119,60.14699,24.922,00000000a53ed894,10.78
19946,2019-08-04T12:41:43Z,651b877c5e2e76a6fd8d2d9e9bbaf56a4bfd787e136a05a3587a6b46,60.14947,24.91438,000000004ef3150d,17.4
19947,2019-08-04T12:41:43Z,6525cc634176c25187e68e0d067bcfecfd78e399e93db4ee9d408b7e,60.17919,24.95181,000000007b5207b6,25.36
19948,2019-08-04T12:41:43Z,655204cb507ea9ae811105cdcd766161facaa9f729017a333f102391,60.149,24.9843,00000000fffb8cf0,12.69
19949,2019-08-04T12:41:43Z,65b3adca9ee7adbad7277ff62bf8d0019944180762113925a4e71d95,60.149,24.9843,00000000fffb8cf0,33.81
19950,2019-08-04T12:41:43Z,65de3b8621fadfc61e9d3657dc477ea9867f9d093f80cf0857dcad88,60.16762,24.95415,000000006b44cce7,10.78
19951,2019-08-04T12:41:43Z,6723bebaab92d1a9f8b4318fd4f497a6dec6d7f8e0eafca443925213,60.16075,24.95883,00000000f1124bca,5.41
19952,2019-08-04T12:41:43Z,67591d427f60ba3c369ac0d78088fca7be33081501508d16401dd6cb,60.16762,24.95415,000000006b44cce7,3.4
19953,2019-08-04T12:41:43Z,675eacdf32b5b831fd118fc5539eea4b3cef4bd11e2e1706a9571222,60.16829,24.94214,00000000afef4555,13.75
19954,2019-08-04T12:41:43Z,6774ed72eaf69d7c4aaeeef90990f969954155bbcc52652e75e7deef,60.16829,24.94214,00000000afef4555,17.4
19955,2019-08-04T12:41:43Z,677c53ae4056d6cb123ca576ba5284664b1c7e3e88818bd19b5dd99a,60.17919,24.95181,000000007b5207b6,16.1
19956,2019-08-04T12:41:43Z,6875e3632a29207e29ded33617e66d55de5d8c7804fecedd6f1dfe12,60.14699,24.922,00000000a53ed894,4.94
19957,2019-08-04T12:41:43Z,69375ef968867906fc11b34d1e2c4b436d452cd47cb577a7f9e566ef,60.16762,24.95415,000000006b44cce7,2.3
19958,2019-08-04T12:41:43Z,696d977b82fe0f0a15c3aaccef89f3b805ee2d6969a74059d737461d,60.14951,24.92138,0000000006dd41f6,23.56
19959,2019-08-04T12:41:43Z,698b200b63a644828a7314691a16af2af1bccef75d52abb5591a5542,60.14699,24.922,00000000a53ed894,5.91
19960,2019-08-04T12:41:43Z,69f1de5049f5731749defe893b8ae9ada4f5f788a994b8f7413ef657,60.17002,24.94407,000000006b087f40,17.4
19961,2019-08-04T12:41:43Z,6b97071051ccf5db7e5ebee033d4f68d58ed6917ff2fac5b205a6605,60.17065,24.93641,000000000f4919c9,17.4
19962,2019-08-04T12:41:43Z,6f3dd17e40daabb4efe868f1b859dc00ecc01846f0a0e2b8db5d1413,60.17919,24.95181,000000007b5207b6,9.12
19963,2019-08-04T12:41:43Z,6f8d7717df843a7b0be6b0dd55e933ebbd9819bd96c48f210e193e4e,60.16829,24.94214,00000000afef4555,9.92
19964,2019-08-04T12:41:43Z,6fdf4cfc3a0774e204869ab43ef69c6306cc40c0fd8bbb0f8b505e3a,60.16829,24.94214,00000000afef4555,18.79
19965,2019-08-04T12:41:43Z,6fdfc33c6b609ea80b4a38ecf657bc68b7bf659752b51edcc22ffb54,60.16762,24.95415,000000006b44cce7,4.94
19966,2019-08-04T12:41:43Z,6ff93560ca77c6e5a25bc7441cf33cf7fa0138b3da4d99b2dbf5531b,60.14947,24.91438,000000004ef3150d,14.89
19967,2019-08-04T12:41:43Z,71479e7c1c4fd96468f16800ff04484480c76e0953d2074500b0df31,60.17919,24.95181,000000007b5207b6,18.79
19968,2019-08-04T12:41:43Z,718d4dc10908448b92dfc5bfae1e40ad89aa149d72397daac4ffa6dc,60.16762,24.95415,000000006b44cce7,18.79
19969,2019-08-04T12:41:43Z,733f21ebebe353e10a55a74b40a0a480e6d276334d4f3d8bcf85b711,60.16075,24.95883,00000000f1124bca,25.36
19970,2019-08-04T12:41:43Z,745e52dafbfa395ea41c5fcd0c2717b9091e44d19ab89e03991fdbb7,60.16762,24.95415,000000006b44cce7,9.12
19971,2019-08-04T12:41:43Z,759f94c852ff15ca91c3138913c3858c4801702f8f0514ae82fb2a19,60.16897,24.95222,00000000aa852af1,9.92
19972,2019-08-04T12:41:43Z,7664b7f08aaa059ecf6646a595c33fae0c80715febe63e31f45a4662,60.16762,24.95415,000000006b44cce7,9.92
19973,2019-08-04T12:41:43Z,7710eccd13983db8899bd9b7c5b087af0c0580dd467b31f68bd49fa7,60.17002,24.94407,000000006b087f40,25.36
19974,2019-08-04T12:41:43Z,777cceac7be6303a1c82f7cc68061528b01e3aa1b3aa6481cad9e5e3,60.16075,24.95883,00000000f1124bca,11.7
19975,2019-08-04T12:41:43Z,77a12194b9a6789f4b2b8c07ae7fce3c2b531cb221e5fa7ca5deae55,60.16897,24.95222,00000000aa852af1,7.69
19976,2019-08-04T12:41:43Z,7953eb6c982160df4a8fc08a35e892cfdfacf3438067866d2f21f841,60.16762,24.95415,000000006b44cce7,14.89
19977,2019-08-04T12:41:43Z,79bde23c1a8980f93a65e14306f0d8ea89e164430d8b991e2bfee82e,60.16531,24.9442,00000000fdda10fe,13.75
19978,2019-08-04T12:41:43Z,7a0c0b525f2d3eed6c873bd3b8d27bede551fe4a428ac15c23deadae,60.16075,24.95883,00000000f1124bca,12.69
19979,2019-08-04T12:41:43Z,7a4a06d20ebe57d94e5fceeaf47d5b56ad9a515818e9c20e21a80e61,60.16629,24.95957,00000000fb7600be,12.69
19980,2019-08-04T12:41:43Z,7a97375000483176c3b37cc0d1744a950d9b322ce3534208fce0b21d,60.14699,24.922,00000000a53ed894,7.05
19981,2019-08-04T12:41:43Z,7ab335e046f7f3597f8f615a90857885e35cfecefebd5d24bbf0af90,60.16075,24.95883,00000000f1124bca,7.69
19982,2019-08-04T12:41:43Z,7b61dc50070867948abbe5275032ae82e7643ca4158a809fe41a8b69,60.14699,24.922,00000000a53ed894,13.75
19983,2019-08-04T12:41:43Z,7bb67bcf014747e5d826f95c610d36492f31095552417a0864475491,60.14951,24.92138,0000000006dd41f6,14.89
19984,2019-08-04T12:41:43Z,7be762f58d54665c5e6668eb2fb3eae7201522ddff196bbc5eb731f0,60.14947,24.91438,000000004ef3150d,33.81
19985,2019-08-04T12:41:43Z,7d9a3d84c09c3a8d6876389e216e0278048d6b924890fb275a078ffb,60.16531,24.9442,00000000fdda10fe,0.5
19986,2019-08-04T12:41:43Z,7e76449e59f1e3a1a615b54408115353fbb14d815390d03a73b1a7bb,60.14947,24.91438,000000004ef3150d,7.69
19987,2019-08-04T12:41:43Z,7ee87b87cf01698f643e1ba3117b245039edc811605df5dc802e7576,60.14947,24.91438,000000004ef3150d,6.46
19988,2019-08-04T12:41:43Z,7f2f97e26d55f653ed70260ea4f893d01a3984cbdf6d7a3bfb2641de,60.16829,24.94214,00000000afef4555,29.32
19989,2019-08-04T12:41:43Z,7f786ec8e06f1ca3bdd10fc60d0114baf354125b8f6cf796d197f4cc,60.16075,24.95883,00000000f1124bca,8.38
19990,2019-08-04T12:41:43Z,7fe10e69931c2d658099a314f3fce64865329e12a7b834c375e2d5d2,60.14699,24.922,00000000a53ed894,12.69
19991,2019-08-04T12:41:43Z,80cbcb887f3e351e3bef7c5f53dccc578cc3494feec514aed7015c0d,60.16075,24.95883,00000000f1124bca,11.7
19992,2019-08-04T12:41:43Z,80cc39b04598f971820e63498fd27ae72a12a45a60c220fe625b282a,60.14699,24.922,00000000a53ed894,11.7
19993,2019-08-04T12:41:43Z,82411c6526228322a61f59259f13adf7cde62bd767587b6735867705,60.17919,24.95181,000000007b5207b6,7.69
19994,2019-08-04T12:41:43Z,83121a75723643c48e3c3b0a3ea5fccb532046432ca445833e8de06a,60.16762,24.95415,000000006b44cce7,1.38
19995,2019-08-04T12:41:43Z,848fe01e24ccc782e5968171f53ea31d28f20a455c45d8bac8fb7374,60.173,24.92524,0000000096918cfa,11.7
19996,2019-08-04T12:41:43Z,849a662d95d4185421aff7c6213ba5d7b84cfc58c9fb30ff34054e4c,60.16075,24.95883,00000000f1124bca,14.89
19997,2019-08-04T12:41:43Z,85d66944a64cfde859e7e08ca4b79f3b39d5b03141d500fe7ce73f7e,60.14699,24.922,00000000a53ed894,9.12
19998,2019-08-04T12:41:43Z,85d67c3be46ecb66832dfd9090a931e1be3dd056f718ea6786622131,60.16897,24.95222,00000000aa852af1,33.81
19999,2019-08-04T12:41:43Z,868cd7608ed6beb209db2aad8c71f56b8aec3a6b453be18e4af217a2,60.17065,24.93641,000000000f4919c9,21.87
20000,2019-08-04T12:41:43Z,87bb1abe21abfcb5e5c2039e579cff7ca863a6019207db356de5b7c2,60.14699,24.922,00000000a53ed894,14.89
20001,2019-08-04T12:41:43Z,87cbb5265cd1cc3213ddb5ed9ed2a599ddb7db0b0747121d649b0ae3,60.16544,24.95398,0000000038d83d41,21.87
20002,2019-08-04T12:41:43Z,8822ffe19dec49fe874ac377de5a0504e931e342ecc1f5b1fcb939e5,60.16897,24.95222,00000000aa852af1,18.79
20003,2019-08-04T12:41:43Z,885bcc6af7d0aa9718fe1030e32ffff1de5171ae5ef67cf0011874fb,60.14947,24.91438,000000004ef3150d,7.05
20004,2019-08-04T12:41:43Z,8947a5209f3b32173d3dc72792039edf94a2711741ab041b62b30643,60.16762,24.95415,000000006b44cce7,4.5
20005,2019-08-04T12:41:43Z,896f7e896dc6f1ea44b82bf968a988cc10c358ee34821d9d7a4bd07a,60.14947,24.91438,000000004ef3150d,18.79
20006,2019-08-04T12:41:43Z,8a08b2de43a9ef03cf96610718c908e69dcacc59f536a7135b7bb542,60.16629,24.95957,00000000fb7600be,9.92
20007,2019-08-04T12:41:43Z,8a9eedc7cf775ab4e9ad2e20bdcbcbe1635808b418eedcdcceda7834,60.16762,24.95415,000000006b44cce7,10.78
20008,2019-08-04T12:41:43Z,8b2db0cf88df127735158a23e876f7746a3f6a8ac67d170ca06d1055,60.1538,24.95595,0000000038bf9618,21.87
20009,2019-08-04T12:41:43Z,8b641985c793a3f25a45b2460cb01f5baa6f339c6dd26ba7752d8a7a,60.16897,24.95222,00000000aa852af1,5.91
20010,2019-08-04T12:41:43Z,8ba6cfc17ca70e8304994e018ebd5eb2003177062cde05925d5cacb3,60.173,24.92524,0000000096918cfa,14.89
20011,2019-08-04T12:41:43Z,8bbf5422247a0a6be314130d8fd9ae1814401b75acf3b3ce2da9620c,60.14699,24.922,00000000a53ed894,9.92
20012,2019-08-04T12:41:43Z,8d528b00553162a9dd47d2296d15b2fad89aad6a508424d4589618a1,60.14947,24.91438,000000004ef3150d,20.28
20013,2019-08-04T12:41:43Z,8d5672c651968bf1f466b44baefa37f9438850e96140d126f6a99baf,60.16897,24.95222,00000000aa852af1,27.28
20014,2019-08-04T12:41:43Z,8d73f674010f5cb02e8f20251ed86a9afcb7f6b3926039470296bd00,60.17065,24.93641,000000000f4919c9,27.28
20015,2019-08-04T12:41:43Z,8d8a869e83fe2ac29e791666634a33af3ea4048ea4e752b6fb1e238c,60.14947,24.91438,000000004ef3150d,4.11
20016,2019-08-04T12:41:43Z,9023a89a49a372e5f97cf86ef1b5de0164eb67cc10d394d383ab75fd,60.16829,24.94214,00000000afef4555,23.56
20017,2019-08-04T12:41:43Z,90d2c337b3629bdc073dbbe6f0793b7bf6f65d63deb77bddf24052a8,60.16897,24.95222,00000000aa852af1,25.36
20018,2019-08-04T12:41:43Z,920dc90f60b295267f63efc8f968408087b71878dc3f49f0ded1c41e,60.17919,24.95181,000000007b5207b6,21.87
20019,2019-08-04T12:41:43Z,93205bf765289313ac67faf11c2a1e784734f9dc837d74560f7c7464,60.16897,24.95222,00000000aa852af1,33.81
20020,2019-08-04T12:41:43Z,93a2100e233b204243f7e69b68dea7c9a145d1b5384bd18359bf87a3,60.16531,24.9442,00000000fdda10fe,1.54
20021,2019-08-04T12:41:43Z,93e409819362e2429a43710ff4330bd3ed83011b73ae438dd7fb62d8,60.16762,24.95415,000000006b44cce7,7.05
20022,2019-08-04T12:41:43Z,94237bc673d78a307ecc9da6df18d0b37e632b8cd6709f81081f000a,60.17002,24.94407,000000006b087f40,13.75
20023,2019-08-04T12:41:43Z,9591073e4d80dad61baa6f0f131c11bd0853c54a96256d3345164e14,60.14699,24.922,00000000a53ed894,18.79
20024,2019-08-04T12:41:43Z,9604244c18efd5978b809f021651f7743e0e64da38fcf3718f9b4f93,60.14699,24.922,00000000a53ed894,11.7
20025,2019-08-04T12:41:43Z,96b004e7ce8b4221af704fcf73c09daf78aed09c7ed5803c4bfa5bc1,60.14699,24.922,00000000a53ed894,18.79
20026,2019-08-04T12:41:43Z,97264f5808fa13851dacabf0c98525eec29849ff4b6a744cc777fd5b,60.16075,24.95883,00000000f1124bca,12.69
20027,2019-08-04T12:41:43Z,9736a8a29aee134a307e0cd4221e9b0a2ab7c48befee43fc62e9f9bd,60.14699,24.922,00000000a53ed894,9.12
20028,2019-08-04T12:41:43Z,9862cafd709b75d07c83b397773e0cf33564666cb81814bdbf5e54f2,60.16897,24.95222,00000000aa852af1,14.89
20029,2019-08-04T12:41:43Z,9868033d7f0d18f01d12a4034f37bf5d6e51e5ed9124c68d4b8b8e6c,60.14947,24.91438,000000004ef3150d,17.4
20030,2019-08-04T12:41:43Z,9885627881a266e5cf401516e009049e859d738e2e019be570f4b4d8,60.16448,24.97323,0000000053c6c2be,16.1
20031,2019-08-04T12:41:43Z,992f6feda52c82ad67e40af55b5602bb22411020701998c6bd65faed,60.16762,24.95415,000000006b44cce7,8.38
20032,2019-08-04T12:41:43Z,994b630283c750a0b697359e32c4bd06d5b4a32d2edb6c12cce42b32,60.16829,24.94214,00000000afef4555,9.12
20033,2019-08-04T12:41:43Z,99753600aa90a43c336153dd03985a2996b7bc6052086f503020518c,60.14699,24.922,00000000a53ed894,11.7
20034,2019-08-04T12:41:43Z,9a9db814dfa74ca2c2d51496299715310e81c6e6525cc9d2cb0762eb,60.16897,24.95222,00000000aa852af1,14.89
20035,2019-08-04T12:41:43Z,9ac4c3176875b59567d28bf01df0c9490620902ff082fd0b93d15cb4,60.18203,24.91341,00000000342570c2,23.56
20036,2019-08-04T12:41:43Z,9acffb3f8b8720e2de83c8cfd41915d268d5eca34e0bd280eed3e6f4,60.16897,24.95222,00000000aa852af1,18.79
20037,2019-08-04T12:41:43Z,9b03b610755f4cec2e9d83a9763204e758a075614b125210bc914df5,60.16075,24.95883,00000000f1124bca,21.87
20038,2019-08-04T12:41:43Z,9bad872c31c8c5e53f064b5367350b41271d45ca8a9e508136622800,60.16897,24.95222,00000000aa852af1,7.05
20039,2019-08-04T12:41:43Z,9e3d4a4b1acd94d2896cd7cf56419110f06ea96faae37aadebd4ec77,60.14947,24.91438,000000004ef3150d,4.94
20040,2019-08-04T12:41:43Z,9fefb811ab81bb9384abf4e9df9626ebc92d893e2b3dae00b2e8949d,60.16829,24.94214,00000000afef4555,23.56
20041,2019-08-04T12:41:43Z,9ff13c715073d5ad9c464cb67b6de3f703435cf389c32cce5626dfe1,60.149,24.9843,00000000fffb8cf0,18.79
20042,2019-08-04T12:41:43Z,a013af23449d6d98abee74e52eabec399ca57bd09762466edcc54f33,60.16762,24.95415,000000006b44cce7,17.4
20043,2019-08-04T12:41:43Z,a01d7427dcaa19c3efac1cde116c3751db11d6cf2838d0509704616a,60.14699,24.922,00000000a53ed894,9.12
20044,2019-08-04T12:41:43Z,a1b52cda133b45cf931b9e31d4037fb841f80432e99d6a000beeadc8,60.17002,24.94407,000000006b087f40,27.28
20045,2019-08-04T12:41:43Z,a38a21a97a054541f0423f03758c70227116c05254958373e3e93ad0,60.14947,24.91438,000000004ef3150d,7.05
20046,2019-08-04T12:41:43Z,a3d228482bfdd3dbdfaee1ff72b6ac00c2ee8c05e949047ce9117783,60.14699,24.922,00000000a53ed894,3.74
20047,2019-08-04T12:41:43Z,a422a30ec1eb058c7930e1352297c161639faa5b3ca5f5fa47c4adb3,60.14947,24.91438,000000004ef3150d,7.69
20048,2019-08-04T12:41:43Z,a4f416ec0941bb365e3665d7fd224fad15d74225e8ce9f6dd6368bc7,60.17065,24.93641,000000000f4919c9,29.32
20049,2019-08-04T12:41:43Z,a590e9fb8960943273ead07320590436c531fbaf32e54f7db42f1f19,60.16629,24.95957,00000000fb7600be,25.36
20050,2019-08-04T12:41:43Z,a6158fc663b4931ef4e811a4acf62ab2f658241775e200b14684f87d,60.16897,24.95222,00000000aa852af1,13.75
20051,2019-08-04T12:41:43Z,a6f944078dd26796f5a849ccb6fdf8a4436f913cf3302597c846462d,60.16762,24.95415,000000006b44cce7,4.5
20052,2019-08-04T12:41:43Z,a7472d1b63171c047444981df223670390009e3ea502132d9963e9fb,60.14947,24.91438,000000004ef3150d,7.05
20053,2019-08-04T12:41:43Z,a76d219c3abcc4ec3a54dd834263f9a24972c71be4c7bbbfc663f22f,60.14699,24.922,00000000a53ed894,14.89
20054,2019-08-04T12:41:43Z,a794d97e26d3678bb11b4364880414bb7bfac4bb49d1867b37b489f7,60.14947,24.91438,000000004ef3150d,9.92
20055,2019-08-04T12:41:43Z,a7a7f84e910c87d01420156efca1675f2f263a8f7f1212bb161e73f3,60.14951,24.92138,0000000006dd41f6,31.5
20056,2019-08-04T12:41:43Z,a8bd45406d5913e098652d4c2d836339758e08d21bf5d88becabdd36,60.14947,24.91438,000000004ef3150d,5.91
20057,2019-08-04T12:41:43Z,a8df2631c2442628608c1f0352c896eb532a6ca08c85de2c77360aa8,60.14947,24.91438,000000004ef3150d,11.7
20058,2019-08-04T12:41:43Z,a9383e1c3d9b3355965662ff18ad95dfb64daa5d8e71fc20e7e50df7,60.14699,24.922,00000000a53ed894,9.92
20059,2019-08-04T12:41:43Z,a9dfc9065260957b1eb8dc3b11b793f73f7940fa5cb61acb16a260e2,60.16897,24.95222,00000000aa852af1,20.28
20060,2019-08-04T12:41:43Z,aa076c3f0d09145aebbb750dde9849ba4eb6759e92ba5753280184d6,60.16762,24.95415,000000006b44cce7,16.1
20061,2019-08-04T12:41:43Z,aa5773b59ce2bf1eee53e4e77cd3c261465d2ea538c9a85b8de30cd8,60.14947,24.91438,000000004ef3150d,7.69
20062,2019-08-04T12:41:43Z,aa6d51fc5411b69567cb854360c4a81267eac19446946eb27618306a,60.14699,24.922,00000000a53ed894,17.4
20063,2019-08-04T12:41:43Z,ac36860ddd2d60f33c730b2ecc540578d8edcf2c1e8c55e897d76d93,60.14951,24.92138,0000000006dd41f6,20.28
20064,2019-08-04T12:41:43Z,ac93ac0788af8e1b0f20fada4f15ca1ad31f4084b133482d8211571d,60.14699,24.922,00000000a53ed894,9.92
20065,2019-08-04T12:41:43Z,acdcc8ae1d1c6bb055dfc108154eae58b4b894f0ce1ff174c1065c7e,60.16762,24.95415,000000006b44cce7,4.5
20066,2019-08-04T12:41:43Z,ad8af809ed47a3391bb53d11da159b3a8b0ddc264d94c049ce72bda0,60.17065,24.93641,000000000f4919c9,1.88
20067,2019-08-04T12:41:43Z,ae87b8dd8920695bc9e599874667205991c04e30666d8523f0be4350,60.14947,24.91438,000000004ef3150d,5.41
20068,2019-08-04T12:41:43Z,aebba42e4dd1ce769871996739978c7f80bb88994a3616c908b2cd1a,60.173,24.92524,0000000096918cfa,47.69
20069,2019-08-04T12:41:43Z,aec4b11f0b1ec075878ca4a3b94da464f6fc96e330b913d5bfd346b0,60.16897,24.95222,00000000aa852af1,11.7
20070,2019-08-04T12:41:43Z,af8d59ebae9a22f7ba004eab4dcac2f4560a935bf6a7f9e2ffc0d0af,60.14947,24.91438,000000004ef3150d,29.32
20071,2019-08-04T12:41:43Z,b0a20a40885487350aaf5c8f46dab27d4d7e1d5c24fefec54c0c62d4,60.16829,24.94214,00000000afef4555,16.1
20072,2019-08-04T12:41:43Z,b12b27061f30d5659794f14cbed5e4726c5af1ef526611d3b2dded29,60.14947,24.91438,000000004ef3150d,7.05
20073,2019-08-04T12:41:43Z,b27b090bd1bd9828dcb6ddbd0a1394e4aa097974747dff90ba0eff71,60.16897,24.95222,00000000aa852af1,7.69
20074,2019-08-04T12:41:43Z,b286a5ad73d5284539b414851f27f57c421773f33f9fc564c7200c36,60.16762,24.95415,000000006b44cce7,23.56
20075,2019-08-04T12:41:43Z,b3d99c04e3db6b698e6e54f19434461336954d0c15385bff6e557be8,60.173,24.92524,0000000096918cfa,27.28
20076,2019-08-04T12:41:43Z,b3e9da5a37ed8ed450753cb7443e607ed1de2af685bad5be61b3e91c,60.16075,24.95883,00000000f1124bca,12.69
20077,2019-08-04T12:41:43Z,b523d3f8341906e4b3877ff7d9614b4e10d6bbf10afdcc6c53656c8f,60.17065,24.93641,000000000f4919c9,18.79
20078,2019-08-04T12:41:43Z,b7039958be9f53a3eaed97f705a1974815f52f25226e920155397bec,60.16075,24.95883,00000000f1124bca,18.79
20079,2019-08-04T12:41:43Z,b8201571cb5ac01b7db7af4fba6c7ff58336a3f03d0fe13edf985c41,60.173,24.92524,0000000096918cfa,23.56
20080,2019-08-04T12:41:43Z,b82ba472f0cb919b39c31b9c737f1608f6a31ffa63352768f9fa12ea,60.16829,24.94214,00000000afef4555,14.89
20081,2019-08-04T12:41:43Z,b874348f78678c08b0a30b3baaa93532cbbf474afb71fb1de1d86978,60.17002,24.94407,000000006b087f40,23.56
20082,2019-08-04T12:41:43Z,b92c7fb1d77c3f326d59dbe2689bb5b8ff10fcd691f28b36aa98408c,60.17002,24.94407,000000006b087f40,20.28
20083,2019-08-04T12:41:43Z,bb0193f2b0ac4801fe82ed5cec75e687465d707d92e731047f81650f,60.1538,24.95595,0000000038bf9618,3.09
20084,2019-08-04T12:41:43Z,bbe1e18f88cf88928067a0221965768c1f2ae264291cea564d7eb7e8,60.16897,24.95222,00000000aa852af1,16.1
20085,2019-08-04T12:41:43Z,bbe7947ea50de5986f237ccab5782ddb55c199ad6a81e8f692670d0c,60.16829,24.94214,00000000afef4555,9.12
20086,2019-08-04T12:41:43Z,bbeaad18acdd3a2602aa5b07ab6ae8df489cb499c4490b3e6f561a5e,60.16544,24.95398,0000000038d83d41,11.7
20087,2019-08-04T12:41:43Z,bbf8cd606b9732370f1c0ae0e68d6d0663a23102d831dd10c0e74819,60.16897,24.95222,00000000aa852af1,14.89
20088,2019-08-04T12:41:43Z,bc07df8cc395f6f4f5d483b2233caca5f93a6918f346e4cc3702f8cc,60.16531,24.9442,00000000fdda10fe,16.1
20089,2019-08-04T12:41:43Z,bddca8fc17056f9f207a259070e281eedf4cea3e8e22093b88bbd7b5,60.14699,24.922,00000000a53ed894,14.89
20090,2019-08-04T12:41:43Z,c0722f63618f97eb8ec4afac1a8538b81a3c87e623d753ad1201bf7c,60.16075,24.95883,00000000f1124bca,3.4
20091,2019-08-04T12:41:43Z,c0872968c54204234fb9792b4e0d997b0ea5882f431eda70bb244e3a,60.14699,24.922,00000000a53ed894,21.87
20092,2019-08-04T12:41:43Z,c0a0ca3433586ed2ae0e448f2406fabac7292ac79d49562e0bd5cef8,60.16762,24.95415,000000006b44cce7,14.89
20093,2019-08-04T12:41:43Z,c22d0093a8d103f59838ad43218fa834e328847e5094bcb2e98d5307,60.16829,24.94214,00000000afef4555,12.69
20094,2019-08-04T12:41:43Z,c25db2e7a7b685e41480c3c47352c0ed5e57e4cb99af3ff5b5a611d7,60.16829,24.94214,00000000afef4555,20.28
20095,2019-08-04T12:41:43Z,c261834e6d2c1bd9adddb82d8c6ce2d8aad82a89e32da62f3fcc6063,60.16075,24.95883,00000000f1124bca,12.69
20096,2019-08-04T12:41:43Z,c36d58ed0e0dddb3e26be1214e369db1c3fa3d4bcf8b53536a25239b,60.17065,24.93641,000000000f4919c9,4.5
20097,2019-08-04T12:41:43Z,c3e5ee20ca76f7347fda00c4c2fdee291bc6d843a879b26fbdd70390,60.17065,24.93641,000000000f4919c9,31.5
20098,2019-08-04T12:41:43Z,c493415e869d6e6304841784a120f994272b83557256b43e44e4f3e0,60.14699,24.922,00000000a53ed894,16.1
20099,2019-08-04T12:41:43Z,c633a260ce59bad4e1ca42f12936ed8ae57a40f5e6528dfb70052c43,60.16897,24.95222,00000000aa852af1,7.05
20100,2019-08-04T12:41:43Z,c905a50dedd9b3d2114cde9160b7adf83adc09683b65598ce24c4047,60.1538,24.95595,0000000038bf9618,23.56
20101,2019-08-04T12:41:43Z,c9822d9c012b25f745a2934c523f3c9e6db75fbe3f5e673475813381,60.15432,24.9211,0000000019fb59c4,21.87
20102,2019-08-04T12:41:43Z,cad80f69731ad65f7f14bf400d674e0c42de462bd42db112c9d9f261,60.16075,24.95883,00000000f1124bca,25.36
20103,2019-08-04T12:41:43Z,cb3f05d5604f5532e039e6d40514b13aba8f6274d952bb17a8b801fc,60.15432,24.9211,0000000019fb59c4,14.89
20104,2019-08-04T12:41:43Z,cbc336691f17a9c508549e03d522166247a0cd0a944321c1a7d15525,60.14699,24.922,00000000a53ed894,6.46
20105,2019-08-04T12:41:43Z,cc2cf42c6b14536fb92c810ff0e3dd5a3caa74236f14246a5b6e8cdc,60.16762,24.95415,000000006b44cce7,4.94
20106,2019-08-04T12:41:43Z,cce6b6f309e43e2bb1be6a9784582a82891e976d0869d01040586d27,60.14947,24.91438,000000004ef3150d,5.91
20107,2019-08-04T12:41:43Z,cd2346f3db5667fe43eb0d974ddf486ce9722fe427e98ee232d1ba12,60.14951,24.92138,0000000006dd41f6,20.28
20108,2019-08-04T12:41:43Z,cd4ecd3b83630f6e5d65f635804e47a1ceb82853aac36af30044f06a,60.149,24.9843,00000000fffb8cf0,27.28
20109,2019-08-04T12:41:43Z,cd9b2be9ffb37c8b7c5c25f587c95b1c7932a21fb245487ea2f740d9,60.14699,24.922,00000000a53ed894,9.92
20110,2019-08-04T12:41:43Z,ceb777dafa9b7e39125b89735b7f0cf22c3018eb0196043ac8160370,60.14699,24.922,00000000a53ed894,21.87
20111,2019-08-04T12:41:43Z,ced0425d382ce86b7565a8b7b36a453a0880a08ba10090524e6c1ac5,60.14699,24.922,00000000a53ed894,11.7
20112,2019-08-04T12:41:43Z,cef1d06a10cfa08bcaef8b36535c2ec32c756a76cc0d5c2a1246f933,60.14699,24.922,00000000a53ed894,13.75
20113,2019-08-04T12:41:43Z,cf348d1ad8b56dd43f377926c2a3f3a9436d35fc378964335639effa,60.16829,24.94214,00000000afef4555,20.28
20114,2019-08-04T12:41:43Z,cfa42322be0000cf89d8969d1b88ace0ba99cab721dd58d55d41a36e,60.17065,24.93641,000000000f4919c9,17.4
20115,2019-08-04T12:41:43Z,d0413da80c7714f40ffe50dcfb00039280c64ecebc61c59df72965e6,60.149,24.9843,00000000fffb8cf0,18.79
20116,2019-08-04T12:41:43Z,d098b9b5b30c5fcd4ae8a2b8bc761df72829713d3ae919634876d349,60.14699,24.922,00000000a53ed894,18.79
20117,2019-08-04T12:41:43Z,d0aa228c2a3e6e1568e876cffc76874702e0f0f63f18533551bf02c1,60.16075,24.95883,00000000f1124bca,18.79
20118,2019-08-04T12:41:43Z,d0cab2a2660dcc5cb99a9bdf39d2e6b31b7498985db1b50e48cb478d,60.18203,24.91341,00000000342570c2,21.87
20119,2019-08-04T12:41:43Z,d1494ea9019ebe27ab1e0e4d26f4f307c19720a0d8851bc848d80cab,60.1538,24.95595,0000000038bf9618,21.87
20120,2019-08-04T12:41:43Z,d150c7aba4e7419f0ddd187392a9c2a429f44fa82535fb594c48ff55,60.16897,24.95222,00000000aa852af1,12.69
20121,2019-08-04T12:41:43Z,d38e88e5b926f9d1de6e326cca45116fcca11f10684c80876739c6cd,60.16075,24.95883,00000000f1124bca,9.92
20122,2019-08-04T12:41:43Z,d3c0cff604283ea6adeabb4f867f3fcaf8ee41fd27fc600d33c4d70d,60.16075,24.95883,00000000f1124bca,25.36
20123,2019-08-04T12:41:43Z,d5690433f1f0d0855704a06520cd197dac8c6c1293aa376af6854128,60.16897,24.95222,00000000aa852af1,16.1
20124,2019-08-04T12:41:43Z,d87210146aab139cc6640a20b428dce6ac516806a71a177b70e04f62,60.17065,24.93641,000000000f4919c9,8.38
20125,2019-08-04T12:41:43Z,d8983a8fe916583702bb776d3d8d3cbbe9e78778fd44d07c52ad1f2d,60.14699,24.922,00000000a53ed894,16.1
20126,2019-08-04T12:41:43Z,d8e7e8b511d1123d1389cf08abbfa54b2b38e1824598b88008356c33,60.16897,24.95222,00000000aa852af1,20.28
20127,2019-08-04T12:41:43Z,da0c40291d3ace2273a08e3c9b87cbc15b0f03d0dba61e7c5a88dc0c,60.15432,24.9211,0000000019fb59c4,27.28
20128,2019-08-04T12:41:43Z,da667dfa2d8a272a7398e186de027fabd2052052c0aad767a1c7d966,60.16897,24.95222,00000000aa852af1,14.89
20129,2019-08-04T12:41:43Z,daac051ca20430238282e179e0fe525b11ff1e8f1ace26d45b41f331,60.14947,24.91438,000000004ef3150d,5.91
20130,2019-08-04T12:41:43Z,db1c092b674e7d324385c68c4998a1b2b8409e98f6ba1fb9e2924c07,60.16629,24.95957,00000000fb7600be,27.28
20131,2019-08-04T12:41:43Z,dc1c4323de4d895200d2ce734baf64170970bdef349e6206fe57bb15,60.16829,24.94214,00000000afef4555,17.4
20132,2019-08-04T12:41:43Z,dc439ef81c2abfb840e3ab145f2b944aae18a1beffd3eb47de845b9c,60.16531,24.9442,00000000fdda10fe,21.87
20133,2019-08-04T12:41:43Z,dcae3c49707466f4b6286ece65c027ad6e3fd8c61c14c030003e1da7,60.16829,24.94214,00000000afef4555,23.56
20134,2019-08-04T12:41:43Z,dd4d709c749e6cfcf1531575846683d4ca730e850e17c6dd39252f8e,60.16075,24.95883,00000000f1124bca,29.32
20135,2019-08-04T12:41:43Z,ddc8410b9e4ece4b995b789f95e526693bac176ed77092ba57355dc8,60.16762,24.95415,000000006b44cce7,0.84
20136,2019-08-04T12:41:43Z,de09fd8d15c3d7adbf440a3d0a418a3b476513c968bda8a4aa652adf,60.173,24.92524,0000000096918cfa,23.56
20137,2019-08-04T12:41:43Z,de0d086ae32f87522eab31d3bc52545ed17b065889674963c0709568,60.16829,24.94214,00000000afef4555,20.28
20138,2019-08-04T12:41:43Z,de84f754a3916c8f831b0bb8ea41fc2a42cdea2794558fece3c7ae97,60.1538,24.95595,0000000038bf9618,23.56
20139,2019-08-04T12:41:43Z,df0e8ff4d2b113239e66c4c62bfa198af147b596a2f83309d01d3b3b,60.16762,24.95415,000000006b44cce7,2.8
20140,2019-08-04T12:41:43Z,e02c0f9f72e9f248a4b5df8af328e1a0132d4d8a72c1e603d14cdacd,60.18203,24.91341,00000000342570c2,20.28
20141,2019-08-04T12:41:43Z,e0e938d5ab6fe3b13270163cd8a4e531dfae4b24ff98ab7e4277114c,60.14947,24.91438,000000004ef3150d,11.7
20142,2019-08-04T12:41:43Z,e0ff1e75104c5dfa3549647c238569888e353e1322256a5c6979de0b,60.14699,24.922,00000000a53ed894,11.7
20143,2019-08-04T12:41:43Z,e23a6115ba872037f9b5066c9c9c966b497f449e32a2c9ceb0e55497,60.16829,24.94214,00000000afef4555,9.12
20144,2019-08-04T12:41:43Z,e2d7945f2c60a0d0622aef6a266620cf09df2e3a66baf2d303464c90,60.1538,24.95595,0000000038bf9618,29.32
20145,2019-08-04T12:41:43Z,e341e5e3e0b4fef8c3764508293310da5922b202d791694e43069ad1,60.16544,24.95398,0000000038d83d41,21.87
20146,2019-08-04T12:41:43Z,e34bcebfa007159f3d2adb0e62e20fcf721a221f52bdfe2a6ad77831,60.18203,24.91341,00000000342570c2,20.28
20147,2019-08-04T12:41:43Z,e3c03ee00a1bcd066f8b260cc5b9824d1118b7b7f972a818752aabc7,60.14947,24.91438,000000004ef3150d,13.75
20148,2019-08-04T12:41:43Z,e40a26f3f7468f4ac2302b45f1ed9aab7fea245ccf81d0c08072c881,60.16829,24.94214,00000000afef4555,4.11
20149,2019-08-04T12:41:43Z,e447e76c7b53157c11d5bfeb172c27332c81b5ec7f263badf5507888,60.149,24.9843,00000000fffb8cf0,11.7
20150,2019-08-04T12:41:43Z,e6f7965f2ef456f61121bcce5e466f125192e511c2af72d901307e8e,60.16762,24.95415,000000006b44cce7,11.7
20151,2019-08-04T12:41:43Z,e7cd5f775c7eea951719f351fcc25c710f857832d6f4b70a51b7b82d,60.16897,24.95222,00000000aa852af1,27.28
20152,2019-08-04T12:41:43Z,e826dedac8582e619ce18cd7eed68be5ee1fc9ed37e191e06f916835,60.14947,24.91438,000000004ef3150d,7.69
20153,2019-08-04T12:41:43Z,e9115410fa45db5a174eee008cae729dc69937a0e0b5a304899bf1b9,60.17065,24.93641,000000000f4919c9,29.32
20154,2019-08-04T12:41:43Z,e92eb020afcd7c1fad04690230ff8c2f005e404dd25b8dced1df30dd,60.16075,24.95883,00000000f1124bca,11.7
20155,2019-08-04T12:41:43Z,e9e19621fc5cfcfed2c808bbadc6cc6dd31e28d3c04cef8b89ca2729,60.16075,24.95883,00000000f1124bca,10.78
20156,2019-08-04T12:41:43Z,ea157e44ed100be3f782d8b3d8e5e0986079c588c9ea754b14917df0,60.16829,24.94214,00000000afef4555,1.01
20157,2019-08-04T12:41:43Z,eac6fda3a18aa9ce55b6359f5c62a044e0bcd6bc3576c8cd815acf07,60.14699,24.922,00000000a53ed894,8.38
20158,2019-08-04T12:41:43Z,eb6541383f8b12fc5476e5e2bc406933edfd211f49a1bbb93f323fa0,60.14699,24.922,00000000a53ed894,31.5
20159,2019-08-04T12:41:43Z,ec424a10bcefb6e69c2eabf42534f06e7a10aa0cfb28f6478052cade,60.14699,24.922,00000000a53ed894,10.78
20160,2019-08-04T12:41:43Z,ed79b42b7b79277b944e3800c2bf93fefe5be88fe6d0d2b52a944ea8,60.16762,24.95415,000000006b44cce7,17.4
20161,2019-08-04T12:41:43Z,eed1c3b93e33ab3a4802db427c8c197c0fbad358e039b6ea8c8af07b,60.18203,24.91341,00000000342570c2,11.7
20162,2019-08-04T12:41:43Z,ef352dcaa8317b6a3c0a02cd8908dd13da5601cc66ba65c5fd8d031a,60.14947,24.91438,000000004ef3150d,10.78
20163,2019-08-04T12:41:43Z,f04b198f2f3331022f4a89ef2c2d12283e9c1c03a6c64a1dcb6e76cc,60.173,24.92524,0000000096918cfa,17.4
20164,2019-08-04T12:41:43Z,f062cb52d49926a4fb39f723275ed60ab6c0f3bf34e0c3f9d233b7b8,60.14947,24.91438,000000004ef3150d,23.56
20165,2019-08-04T12:41:43Z,f1e73fa6dab8e8a2db6d7515f601fac161f17c34beb84aa55e812a9e,60.16762,24.95415,000000006b44cce7,7.05
20166,2019-08-04T12:41:43Z,f2deba4ef84dbbc8c5d8524f6e2311183003bce4f9bfa6aef5b5ef66,60.14947,24.91438,000000004ef3150d,13.75
20167,2019-08-04T12:41:43Z,f2e063c8c25a8bec0dd6ec3924a5f59fd9694078f2f3fd5b3ea96f29,60.16762,24.95415,000000006b44cce7,11.7
20168,2019-08-04T12:41:43Z,f39827c3c7f4c833d1118043492f78e3255b6da9f4a2c000041d9b61,60.16829,24.94214,00000000afef4555,0.28
20169,2019-08-04T12:41:43Z,f3ec2366b51157150674e5ab6293bdb19e0b30ca4296fee4c97b811c,60.14699,24.922,00000000a53ed894,12.69
20170,2019-08-04T12:41:43Z,f66767381dd8d1bf0e53c7bb920dd23845902ad04a03ab1134a70b11,60.173,24.92524,0000000096918cfa,29.32
20171,2019-08-04T12:41:43Z,f796c9efc581b25280d4b416f8ba3aecca6ddf083e7bdad05f6e595e,60.14699,24.922,00000000a53ed894,9.12
20172,2019-08-04T12:41:43Z,f7f0caf73572bea3c08b592eeb9655b2668cfb16fd8840ca5619d84a,60.14699,24.922,00000000a53ed894,3.4
20173,2019-08-04T12:41:43Z,f868d87b5d5a7094b60a131cd3e120c25787ebf751f7c93640b34942,60.16897,24.95222,00000000aa852af1,31.5
20174,2019-08-04T12:41:43Z,f89ed6a4a644f021299a91bd365b752023ef85e8cb44c2ce33ca3b07,60.16448,24.97323,0000000053c6c2be,18.79
20175,2019-08-04T12:41:43Z,fa96854324adae88abb35afa34b2393a20338bfd8fc9602d3ce6ae8d,60.14947,24.91438,000000004ef3150d,2.8
20176,2019-08-04T12:41:43Z,fadc39da3cd26ac621092fbbff224b95bb13446c8d24bbf4f3e50e90,60.14947,24.91438,000000004ef3150d,7.05
20177,2019-08-04T12:41:43Z,fca3daa86786d92fe75c43051a906ab67c8b95c774a1227b3c45ce10,60.18203,24.91341,00000000342570c2,25.36
20178,2019-08-04T12:41:43Z,fce50ac3cfd2f3b7a897f6575eeda4e45ab42e5b9b5351be836cc0de,60.16897,24.95222,00000000aa852af1,20.28
20179,2019-08-04T12:41:43Z,fd77161cf9715d9d0f922cf45e79e5d9b9debef5113cb32a4f82ef76,60.16762,24.95415,000000006b44cce7,7.05
20180,2019-08-04T12:41:43Z,fe5ca86c906b1cb3bf9dd257ceefc562e41da499878f1074484f7d42,60.14947,24.91438,000000004ef3150d,16.1
20181,2019-08-04T12:41:43Z,feb399897846bc34dc3f4b06ac4ef0ffb0db885977b88e5c5fdb7350,60.14699,24.922,00000000a53ed894,7.05
20182,2019-08-04T12:41:43Z,ff4f3e0f964f23b97e88626f7a506bb4409718931712c58ce0f247af,60.16762,24.95415,000000006b44cce7,14.89
20183,2019-08-04T12:41:43Z,fffd5b230c7cb628fdbf354d7c0a9861536b93aa31e2282b10c020d1,60.14699,24.922,00000000a53ed894,29.32
20184,2019-08-04T12:41:44Z,07d86ad98399440d0cc3bd3382a7256feb971e49a3686dc17f532e1c,60.16829,24.94214,00000000afef4555,17.4
20185,2019-08-04T12:41:44Z,1142f5b6806b1ec7d8d47d47013eb530d8a7418f6934d8867b20966a,60.16829,24.94214,00000000afef4555,21.87
20186,2019-08-04T12:41:44Z,14c7e1511b70f4dd3359cbece1377aebb4d70531f5489eefe53d7c3c,60.16544,24.95398,0000000038d83d41,21.87
20187,2019-08-04T12:41:44Z,1599d2c9070a6f05e1a5887c2d9209214c04818c6203fe75440734f2,60.1538,24.95595,0000000038bf9618,27.28
20188,2019-08-04T12:41:44Z,165ebbb4090d47319ae370f0d0854fdc1f6b79499f8b2e4d3c3533c0,60.16544,24.95398,0000000038d83d41,29.32
20189,2019-08-04T12:41:44Z,1e7ea410376fbdb3f3c476c76d23abad5d830690f78f71ea06f7e321,60.16075,24.95883,00000000f1124bca,10.78
20190,2019-08-04T12:41:44Z,211f6b7b044343d0be369791b3fa3c144d0d0f391e2a42787712efb0,60.16448,24.97323,0000000053c6c2be,11.7
20191,2019-08-04T12:41:44Z,21d09757012e8f7297d1de922f681bcc36581a3d7be770b42b3780a0,60.15432,24.9211,0000000019fb59c4,17.4
20192,2019-08-04T12:41:44Z,25a7ff811c3c06e426c7c2cbb0433d9a2a3399b23afecbd35584ab0f,60.18203,24.91341,00000000342570c2,9.92
20193,2019-08-04T12:41:44Z,2603b5aecd8f219a410e558446935308ecabb09a6c9e5b38533728ff,60.16829,24.94214,00000000afef4555,13.75
20194,2019-08-04T12:41:44Z,2d3d031189abfaea69cd551a97b2b2d056a908f19bc56701010a2304,60.16897,24.95222,00000000aa852af1,12.69
20195,2019-08-04T12:41:44Z,2d407793ce0a0290a87debe672b1af2af93c687ca83668e17fb0ce63,60.14947,24.91438,000000004ef3150d,25.36
20196,2019-08-04T12:41:44Z,2e5e2eac7a17783a1e43da2fe5aef5541fb947978263e9480ff79b23,60.17002,24.94407,000000006b087f40,38.87
20197,2019-08-04T12:41:44Z,315af4a829b592ba99b203b8ed2cbd499769f8752dfe6de7da4ee929,60.16829,24.94214,00000000afef4555,13.75
20198,2019-08-04T12:41:44Z,35568b1e0d67c5d7b6b15bb08540a1aafe24817a9bc06673b97e85c9,60.14947,24.91438,000000004ef3150d,9.92
20199,2019-08-04T12:41:44Z,43b676ed3aef4c2d8846694817e76117873be52e7f788e0cb366c1c4,60.16629,24.95957,00000000fb7600be,27.28
20200,2019-08-04T12:41:44Z,44d0b94469070803869f229601e877beb613c3f5aafa009addf97a1a,60.16544,24.95398,0000000038d83d41,18.79
20201,2019-08-04T12:41:44Z,4656bad9b5e6dfc3977eca308fc1db3dbf8b0204b90d09b001da242e,60.1638,24.96846,00000000d747f075,36.27
20202,2019-08-04T12:41:44Z,5bbb5184fded3e51bc78e45e39917794285e6bbc72da404802a9599a,60.16531,24.9442,00000000fdda10fe,36.27
20203,2019-08-04T12:41:44Z,5d65719c4cbf045f068d084b72302f447d5fd034413d97d13be00d0e,60.18203,24.91341,00000000342570c2,16.1
20204,2019-08-04T12:41:44Z,5eed115a984d490b02b602d73787aee8dc8c4e9365b77fbff3818a76,60.16629,24.95957,00000000fb7600be,14.89
20205,2019-08-04T12:41:44Z,5fecff186138a9b3e31c6086c33dcd5f1d209e64f0afeed7c688cab0,60.16897,24.95222,00000000aa852af1,11.7
20206,2019-08-04T12:41:44Z,69219e9efa41ae9e732653e9eaf08e1a34cb853a9dafe76ddeea4d04,60.16897,24.95222,00000000aa852af1,25.36
20207,2019-08-04T12:41:44Z,6a70e2fbced719333e21eff04fcb9cb36bae9a04d1a3d6ddd96f2c58,60.15432,24.9211,0000000019fb59c4,9.12
20208,2019-08-04T12:41:44Z,6c8861f56a280e7752e10439271a2498527c69b0796f58de4afc6008,60.16075,24.95883,00000000f1124bca,14.89
20209,2019-08-04T12:41:44Z,6f06341f358e61699fe1e55e986dd0554bc8da28b91daf0c5ad99db6,60.16629,24.95957,00000000fb7600be,17.4
20210,2019-08-04T12:41:44Z,70d8572458a1a103555bab897b6443e601e0ed211414b15ad0b56f60,60.16544,24.95398,0000000038d83d41,25.36
20211,2019-08-04T12:41:44Z,7678cdb86d454ca9ae52f22d97e635106585a3a046d01da4463695cc,60.18203,24.91341,00000000342570c2,20.28
20212,2019-08-04T12:41:44Z,79f136afa0dd8717337c01c70b457c464aaf0fa25b440f51a394ec23,60.16762,24.95415,000000006b44cce7,16.1
20213,2019-08-04T12:41:44Z,85ef35aecf2ff804be3d958b592705ec41c6df9c128c132c65bb283d,60.16897,24.95222,00000000aa852af1,23.56
20214,2019-08-04T12:41:44Z,87dfaad29a9276ddddb1fa021d3bc23ad14824c1af16f7d87e713689,60.14951,24.92138,0000000006dd41f6,11.7
20215,2019-08-04T12:41:44Z,88808fe92573e9cdf022cc15b9689b6b4b9429f60513c8897b0ba4c7,60.16897,24.95222,00000000aa852af1,21.87
20216,2019-08-04T12:41:44Z,89982a6acf91b79a282a6b63978e946ee205f303fcd20e944e06baf0,60.16544,24.95398,0000000038d83d41,27.28
20217,2019-08-04T12:41:44Z,8c3b1ed0846e38cc84b863a80540c8a75bfd85c8bdda36563d153110,60.16544,24.95398,0000000038d83d41,25.36
20218,2019-08-04T12:41:44Z,94c5a69a5ae6e9407c3fa9a6919d99beb3558dd4e6750eb480ddc36f,60.16829,24.94214,00000000afef4555,12.69
20219,2019-08-04T12:41:44Z,9843c6216661048343a0e49cf3d8aa2883cf77f452666a1c873a1052,60.16448,24.97323,0000000053c6c2be,13.75
20220,2019-08-04T12:41:44Z,9fc0711d7e7722eff7faa0cb6f17846680c06515c1eb93dd49ebcf25,60.14699,24.922,00000000a53ed894,14.89
20221,2019-08-04T12:41:44Z,a3a21ef15e1883941a7ed2eb6150357ae068aa4b0b6ce6ca0482ea3a,60.14951,24.92138,0000000006dd41f6,31.5
20222,2019-08-04T12:41:44Z,a91d379a4b57c5df22db0d7a041ff69f657b4b31f28554b1011fc03c,60.16544,24.95398,0000000038d83d41,25.36
20223,2019-08-04T12:41:44Z,acd2647d413f41552b31b6e383da445c8902bc2a764d2b7791a7b164,60.16762,24.95415,000000006b44cce7,10.78
20224,2019-08-04T12:41:44Z,af807b67ce09a2ce1744025c421961213f1608ca658ece4df69555a1,60.16762,24.95415,000000006b44cce7,14.89
20225,2019-08-04T12:41:44Z,b5fd6b317890e5ab2d79e2cd1abe61626d45a753c7337d0d40728898,60.16762,24.95415,000000006b44cce7,11.7
20226,2019-08-04T12:41:44Z,b6768ae226a93bce23852414e20866c7413513d067579c03ea883dfa,60.17065,24.93641,000000000f4919c9,21.87
20227,2019-08-04T12:41:44Z,bb98768dad0f7c52cf643f035a3e7e48f5cfe28557c66f2a75914b31,60.14699,24.922,00000000a53ed894,16.1
20228,2019-08-04T12:41:44Z,bce16addb0ad2b7209298c35b3506869253f4e4a612a4cb45803ddf2,60.16075,24.95883,00000000f1124bca,9.92
20229,2019-08-04T12:41:44Z,be41ebc5fb0d348fc1ef1166d44251c3112a78a4ea01aa980364ee7c,60.14699,24.922,00000000a53ed894,14.89
20230,2019-08-04T12:41:44Z,c175b4269517070a33be84e85a4b8b23c3bb430ff6c31b121ac1603f,60.16762,24.95415,000000006b44cce7,16.1
20231,2019-08-04T12:41:44Z,c40c37def6bf11a63a2556519a7c6233fd417cdeea2cf14f28e7c42c,60.16531,24.9442,00000000fdda10fe,25.36
20232,2019-08-04T12:41:44Z,c97eb4181394121907d47b908495f54e5ee5145ff790f7a1dc21b3cf,60.16897,24.95222,00000000aa852af1,11.7
20233,2019-08-04T12:41:44Z,ca6927628f5ddda20036865c9345ad93d476d62ade3b181de568eed6,60.16897,24.95222,00000000aa852af1,25.36
20234,2019-08-04T12:41:44Z,cf05623e4d87ce0906c0b0b7dbf53aacc1228016cd27c341228b6e76,60.18203,24.91341,00000000342570c2,21.87
20235,2019-08-04T12:41:44Z,d0a50f3001c258a38880550f6c0835fcaa85f0a6d36687dc5de98f3b,60.16629,24.95957,00000000fb7600be,21.87
20236,2019-08-04T12:41:44Z,d366aa1925472f34a389921734c1777d6d7c2e812b0f284d78697edf,60.1538,24.95595,0000000038bf9618,36.27
20237,2019-08-04T12:41:44Z,d661caec7a5da6aef734734bbf9090debe494c1afd98050f88f269bd,60.16829,24.94214,00000000afef4555,20.28
20238,2019-08-04T12:41:44Z,dcb7e8bb90af70568c12a902d706c70e1ac1213e31ba074756f0a27a,60.1538,24.95595,0000000038bf9618,27.28
20239,2019-08-04T12:41:44Z,ded49640b591e73bff71f84fb99d2739eb6c9554164a015017725e03,60.16829,24.94214,00000000afef4555,14.89
20240,2019-08-04T12:41:44Z,e8e366e76c97944e23c0f80b4fd3ce6e5832744922297146a49f0c7e,60.16762,24.95415,000000006b44cce7,9.12
20241,2019-08-04T12:41:44Z,e96bd269a48b822b06141c3362fcb6d5ed4d0d09a120f2e4a712d5c2,60.16897,24.95222,00000000aa852af1,12.69
20242,2019-08-04T12:41:44Z,f088630d7476dae7d4b7e2bb1f10575f2c89acb4b6e061f3d57c2b40,60.16531,24.9442,00000000fdda10fe,20.28
20243,2019-08-04T12:41:44Z,f405a7c4a3a4339f8e3f7e552f6492d6eed76f7d08c54943286213de,60.16762,24.95415,000000006b44cce7,14.89
20244,2019-08-04T12:41:44Z,f45ac1642ec7d40985b62d31f6c0f51f392a33080c7dc1f686f90067,60.1538,24.95595,0000000038bf9618,38.87
20245,2019-08-04T12:41:44Z,f6609ab1076b1105bb845595a03b41b8fbb282f79c337df5bbc9f841,60.14699,24.922,00000000a53ed894,10.78
20246,2019-08-04T12:41:44Z,f94dddacf96965952551200a02b41925bcd21402aceafb12f19931af,60.16075,24.95883,00000000f1124bca,11.7
20247,2019-08-04T12:41:44Z,009ad4cd2bd97e04da44cc9789e6bdbdb899eded61d05b7d5634b7be,60.16829,24.94214,00000000afef4555,8.38
20248,2019-08-04T12:41:44Z,00a07b1f8113691d8475c54082a14cdd54decf9845a90e75df8031a6,60.17065,24.93641,000000000f4919c9,17.4
20249,2019-08-04T12:41:44Z,00bdb07c0f4f75c71196362c269c9f652c66cf7d3f3c2d89843af063,60.16629,24.95957,00000000fb7600be,21.87
20250,2019-08-04T12:41:44Z,010298d620fbe80ab4f46c866c215217b2bf1fd12a2a67b9e56b4ce8,60.16829,24.94214,00000000afef4555,9.12
20251,2019-08-04T12:41:44Z,02a0c11101d94209b1945b117fe2f6c2e93cec0c5c8eb0d847b655cf,60.16531,24.9442,00000000fdda10fe,25.36
20252,2019-08-04T12:41:44Z,032e5d7621738a50c9e742e0cba13c819f7c67cedf8687f3ab25595c,60.16762,24.95415,000000006b44cce7,7.05
20253,2019-08-04T12:41:44Z,033759f09b97a9347fd7852dbc2bcd3abbb67a792486acad9d185bca,60.16762,24.95415,000000006b44cce7,16.1
20254,2019-08-04T12:41:44Z,036c183505fea646b54aeb0c612913cafba94eca65e47d3c6d840a68,60.17918,24.95141,00000000675d5200,13.75
20255,2019-08-04T12:41:44Z,0479a26a59d65bf1dee05c06f4227a0ba63a6e9c9a09e7c34f2e06b4,60.14699,24.922,00000000a53ed894,7.69
20256,2019-08-04T12:41:44Z,04b49a34910d12f55243dd5a756c7cc1e506e5d3cdb418cc635e9ad9,60.16762,24.95415,000000006b44cce7,7.05
20257,2019-08-04T12:41:44Z,04b5d29c48edaaf4904a98e412562e3c0d857eb20342cc7c323d4293,60.16762,24.95415,000000006b44cce7,7.05
20258,2019-08-04T12:41:44Z,04f35922a81b516e7028f61c6ff34faf6da85df0a5cfcefb6df1861f,60.149,24.9843,00000000fffb8cf0,21.87
20259,2019-08-04T12:41:44Z,05d441c83d2df822feaf93d7861452db7a201f22d84cfa36f421dfd2,60.16544,24.95398,0000000038d83d41,17.4
20260,2019-08-04T12:41:44Z,0638ed176f2a4b17c11bae92240575c9305f4bc21592a476b3106be4,60.16762,24.95415,000000006b44cce7,14.89
20261,2019-08-04T12:41:44Z,076c28c1895ef1919c11113113c12655c546fc90a00800e5ebec5b56,60.14699,24.922,00000000a53ed894,11.7
20262,2019-08-04T12:41:44Z,07fa093f5dceb6043b0a8c9d8ad01c1bfdfe15d4b3071a26b747ea07,60.14699,24.922,00000000a53ed894,16.1
20263,2019-08-04T12:41:44Z,0947f9d6bb6c34e382e008052b704b6521ac4f7678a2e8a719bb574b,60.15432,24.9211,0000000019fb59c4,25.36
20264,2019-08-04T12:41:44Z,09e6b7d5a7a9e691d686fb405bc2bfe0c9e5d525b47385d9235575e3,60.16897,24.95222,00000000aa852af1,21.87
20265,2019-08-04T12:41:44Z,0a0acb70a8ef92be52a64d4425e70bb2f7a17d13942c3382c9d68878,60.149,24.9843,00000000fffb8cf0,2.08
20266,2019-08-04T12:41:44Z,0a5616e066b42895361324cfa8abef41d849a55e3e4bed429bab494b,60.16829,24.94214,00000000afef4555,13.75
20267,2019-08-04T12:41:44Z,0a5ed50daf13dd10744537aa851ac7ab1d34d9797ec6ab6e2402aebb,60.16762,24.95415,000000006b44cce7,4.5
20268,2019-08-04T12:41:44Z,0a862920946d7a0dcbee7c1cf28a7b77c57763261788dbd361ed6409,60.14699,24.922,00000000a53ed894,17.4
20269,2019-08-04T12:41:44Z,0aabf0df4c3c5b45bb8950c92dbe624985f19e8650ed61f92571a65a,60.14699,24.922,00000000a53ed894,13.75
20270,2019-08-04T12:41:44Z,0b0dd9af9d52c68ff71ce266d6707abbb0f56c3c63be0f83f7b5df9b,60.16762,24.95415,000000006b44cce7,17.4
20271,2019-08-04T12:41:44Z,0c905239b8c0e14cba671cf4d4d715d1045a30ee62a6285fb489dbb0,60.16829,24.94214,00000000afef4555,11.7
20272,2019-08-04T12:41:44Z,0d3525b13d674f1645fdbe6d842fe37b2f416889c5472e9dfcc5445c,60.14947,24.91438,000000004ef3150d,8.38
20273,2019-08-04T12:41:44Z,0d8341f0125a5323521549248771d5448e5f788aefe9b989e3b20114,60.16829,24.94214,00000000afef4555,10.78
20274,2019-08-04T12:41:44Z,10a99e791e27975dc1c9d73d3163cabacf3bd7bd05a4f7abf6365426,60.14699,24.922,00000000a53ed894,12.69
20275,2019-08-04T12:41:44Z,10caaea8002e8b3b342b32710efdd7305ff375ca1cdc01411f66b2f6,60.14699,24.922,00000000a53ed894,7.05
20276,2019-08-04T12:41:44Z,119268a2b328b466959e99158efc17d07641daf2eab0785f813707f9,60.16762,24.95415,000000006b44cce7,16.1
20277,2019-08-04T12:41:44Z,120a63917cb5ab619bf9a71328f14020736ee84e75d5b37278748def,60.16897,24.95222,00000000aa852af1,10.78
20278,2019-08-04T12:41:44Z,124cce476184e061b136f481014a2abc7208d30e4e520ffd90c85adb,60.17002,24.94407,000000006b087f40,16.1
20279,2019-08-04T12:41:44Z,13bcedb8c59b26417282929d81844b272c7c5bc295614f531219a8e4,60.14947,24.91438,000000004ef3150d,12.69
20280,2019-08-04T12:41:44Z,13ee67fb034e3d24edc9a9618e9d6de24979ebbcb399f83abb02a897,60.14699,24.922,00000000a53ed894,2.8
20281,2019-08-04T12:41:44Z,1423891c6ee1edc7da83904378a35aef2e5797db95b117651d676934,60.16762,24.95415,000000006b44cce7,9.92
20282,2019-08-04T12:41:44Z,1496ce9cf373a2a508a8ab0b7aa0604dd889fd69483881c3752219af,60.14699,24.922,00000000a53ed894,14.89
20283,2019-08-04T12:41:44Z,15ee12e5f9be00a79b0cbbc9912f51cbfa3e486624567e1bde938fb6,60.1538,24.95595,0000000038bf9618,29.32
20284,2019-08-04T12:41:44Z,161aa798c2a18e132fb27ecded773218ea4e42eabbd0e5794b1d7017,60.15432,24.9211,0000000019fb59c4,5.91
20285,2019-08-04T12:41:44Z,162fcc3711287e7287479d948f54f820fb95d665191f206f0c428cfc,60.1538,24.95595,0000000038bf9618,16.1
20286,2019-08-04T12:41:44Z,16ca2e50aab654110e1bb81e5e374133f99b7f103d24d5cc9635423c,60.16897,24.95222,00000000aa852af1,25.36
20287,2019-08-04T12:41:44Z,1769031b7f4d75de0541e26427b9ecc92c84b80992e3b36bb8eb799e,60.16829,24.94214,00000000afef4555,7.05
20288,2019-08-04T12:41:44Z,1882b53729765cca25bc63400074242872d6fbc57882f131285b277f,60.16829,24.94214,00000000afef4555,16.1
20289,2019-08-04T12:41:44Z,194e6ced97ec114a37fe06d6d73fb687c057d411be476f1ea6f4852e,60.16897,24.95222,00000000aa852af1,18.79
20290,2019-08-04T12:41:44Z,197961cf403efacc6bdb07158a50753109701aba7a6e7cbf8502e1ee,60.14947,24.91438,000000004ef3150d,18.79
20291,2019-08-04T12:41:44Z,1a93dfa31156cee53b4bd527d8b74655a5da812b6933d8a86d871e47,60.14947,24.91438,000000004ef3150d,5.91
20292,2019-08-04T12:41:44Z,1aacd77e1fdbe1544cf1ab29a00642d77ce4a075e388e8a2108aa39b,60.16829,24.94214,00000000afef4555,11.7
20293,2019-08-04T12:41:44Z,1ad0b84716a79851fa8db7a993012f0c8e496d6cba9d028a546285a2,60.16897,24.95222,00000000aa852af1,12.69
20294,2019-08-04T12:41:44Z,1b3fba902b8d1538b508cdc228fd15fdd87f5aecb68e5611b1a4e354,60.16762,24.95415,000000006b44cce7,3.4
20295,2019-08-04T12:41:44Z,1bcef866fafad7c7460a084e0b0d27c087b549f4ae704390708be47e,60.149,24.9843,00000000fffb8cf0,7.05
20296,2019-08-04T12:41:44Z,1c13175307f58b1bf07c8838e26a2f5d0fd5b21a7517c0b4f4e6bd8f,60.1538,24.95595,0000000038bf9618,25.36
20297,2019-08-04T12:41:44Z,1c669457535e4635f732c228ec524f9d2c440b0d2132fa1acd93122a,60.16897,24.95222,00000000aa852af1,17.4
20298,2019-08-04T12:41:44Z,1c7ccd5d6570d98e57ef2ebbd716b7504b138f9bb616fbeaa0d1a268,60.14699,24.922,00000000a53ed894,6.46
20299,2019-08-04T12:41:44Z,1dacfb371d75dd4f90f447aac2a00faad98beb4188a6971c19eb2375,60.16629,24.95957,00000000fb7600be,18.79
20300,2019-08-04T12:41:44Z,1e63d2090b520af23ca3d2c9a05047dc0b0c63f7471b86e9d9f3e7cc,60.16629,24.95957,00000000fb7600be,18.79
20301,2019-08-04T12:41:44Z,1ec58e626d2335aeeaa7c7d8f715d4334274dbd43448fb62c3901ef6,60.16829,24.94214,00000000afef4555,9.12
20302,2019-08-04T12:41:44Z,1eed5192896838d1860e8ea14bda43d065b88fc7dc562f54765e85a8,60.16897,24.95222,00000000aa852af1,31.5
20303,2019-08-04T12:41:44Z,1f74037ecab4dbdc5db1a8dc8b583a86630f86a5f2d0a5167b7fa605,60.18203,24.91341,00000000342570c2,31.5
20304,2019-08-04T12:41:44Z,1f81ed7274add201d3059d4a37e2bbe86b6ae1f0fd42a16d7b8dccaa,60.14699,24.922,00000000a53ed894,7.05
20305,2019-08-04T12:41:44Z,1faaaeff6423708e06d94b904af4be93e399939fbdfd3b3091dc8bd2,60.15432,24.9211,0000000019fb59c4,11.7
20306,2019-08-04T12:41:44Z,20ac7b2ace7c0038aa8df01b9281a9c54f1551fc8ab9b662b1f1ca22,60.18203,24.91341,00000000342570c2,20.28
20307,2019-08-04T12:41:44Z,21bdc11bb63fb48c9d4b5308540ee5df579c9a385001a10fceeeedf3,60.14699,24.922,00000000a53ed894,12.69
20308,2019-08-04T12:41:44Z,21eed3ade733687b8f56fade8290819b7c6b4a9f38468979fe692c3e,60.16762,24.95415,000000006b44cce7,11.7
20309,2019-08-04T12:41:44Z,2204ba387d2db0e7d2ca03f7ace46abff8d141668b73c75a1879d7ba,60.14947,24.91438,000000004ef3150d,13.75
20310,2019-08-04T12:41:44Z,22fe9a06fba1036e8eafd726bc450095b1893be067f475e1882bb704,60.14699,24.922,00000000a53ed894,11.7
20311,2019-08-04T12:41:44Z,231026899a6d5b326cb5b1e38b182ca1acb77c7e27bc2378973b29db,60.16629,24.95957,00000000fb7600be,11.7
20312,2019-08-04T12:41:44Z,247f8b2fe544f61677fce4b7f300f6be0c3fa9f5a9f057cc0a4b2111,60.16762,24.95415,000000006b44cce7,11.7
20313,2019-08-04T12:41:44Z,257206d3f59df5c426a9c735f4741cba6d792de1cbafe62289d383d7,60.16897,24.95222,00000000aa852af1,25.36
20314,2019-08-04T12:41:44Z,2607d1b2fc6e31a80348fffbed68a7d3a8e0212f197f2d1c573c587b,60.14947,24.91438,000000004ef3150d,7.05
20315,2019-08-04T12:41:44Z,269124e75b1e74a7c7dc93b778e02f04d0a53e069a90081c0938ee4c,60.14699,24.922,00000000a53ed894,11.7
20316,2019-08-04T12:41:44Z,2838eddb482a9bc77b0b867352020e2cbfb71e85aaa1d61307e85f3d,60.14947,24.91438,000000004ef3150d,10.78
20317,2019-08-04T12:41:44Z,28b43564f7156b67db7cb7b779e948986d7610f921490f9030379704,60.16897,24.95222,00000000aa852af1,9.12
20318,2019-08-04T12:41:44Z,28d2c3282e9f8fec67baec7992dcd800c45b67071e33cb118905a6b3,60.16829,24.94214,00000000afef4555,6.46
20319,2019-08-04T12:41:44Z,2969cdb120f2d285c556abfe5bac2f8090571f61aba227a474a534d2,60.17065,24.93641,000000000f4919c9,27.28
20320,2019-08-04T12:41:44Z,29a1ee6c0907a00ec6b6dcbb187f5c31d1a11b261aabd339210ee013,60.16897,24.95222,00000000aa852af1,12.69
20321,2019-08-04T12:41:44Z,2ee2e108ed9051b1ccf4d3ee89931dfd53170af0b558fa6579b83e8d,60.15432,24.9211,0000000019fb59c4,9.92
20322,2019-08-04T12:41:44Z,2f08dbfbbe5577f04ea9826f72d5452ddf5fd9bb892769382ea5a4ca,60.16762,24.95415,000000006b44cce7,9.92
20323,2019-08-04T12:41:44Z,2fabc4773758a12492d31bdfe6b37e6523ae8caabecda356d33dce41,60.15432,24.9211,0000000019fb59c4,21.87
20324,2019-08-04T12:41:44Z,3004b57f95861dcbc505cbe89ab781674966526a063bee7072de8aba,60.16829,24.94214,00000000afef4555,16.1
20325,2019-08-04T12:41:44Z,32708990f2c831e65f70f2682baf5188fc93348b9a9e78ada8db2bf4,60.14947,24.91438,000000004ef3150d,2.3
20326,2019-08-04T12:41:44Z,33634cb1e3fc5d4a621e8717d203da8533ed27531a70c6cbe3abf3fa,60.16762,24.95415,000000006b44cce7,2.3
20327,2019-08-04T12:41:44Z,33ec502792a84f23fed03cf16e483d153c65e2850a2549f47034726a,60.16762,24.95415,000000006b44cce7,10.78
20328,2019-08-04T12:41:44Z,3459042c03cbb672a039f7f14a6b99b84f839b0598f9e48bf4dd95f5,60.14699,24.922,00000000a53ed894,11.7
20329,2019-08-04T12:41:44Z,347c2747f8b58cdc6f96b541d1a35f2c0e182b542706a38e0ce7ef4a,60.149,24.9843,00000000fffb8cf0,29.32
20330,2019-08-04T12:41:44Z,349dd839e41cff363cc4b935496e52b93be15233e508aa82987859bd,60.16075,24.95883,00000000f1124bca,18.79
20331,2019-08-04T12:41:44Z,352427714fc6e8591df6bd227dde05d3b7ba0881742eee4ae750dcc4,60.15432,24.9211,0000000019fb59c4,29.32
20332,2019-08-04T12:41:44Z,35a958343879c000cfc3f0c01afbc7d54934265828677bf4aefef84f,60.14699,24.922,00000000a53ed894,20.28
20333,2019-08-04T12:41:44Z,35e6e075578d7a51e510bf8904bde33f1d117264eea0917db98d4808,60.16897,24.95222,00000000aa852af1,7.69
20334,2019-08-04T12:41:44Z,36f876050503d244f74f3cbadcef716904eb2b245190d474b0cfa794,60.16762,24.95415,000000006b44cce7,2.08
20335,2019-08-04T12:41:44Z,3721331dbb97151d17938ed835ffc7208eba26fba6100c62870a3a4f,60.14947,24.91438,000000004ef3150d,6.46
20336,2019-08-04T12:41:44Z,37945fa4e7409fab98aa8bde45081f5bd083def0059485274ad552c0,60.17919,24.95181,000000007b5207b6,9.12
20337,2019-08-04T12:41:44Z,39310ebca1ad756aa2bfcb16c912cb7003ef3e7286a1f037603ade61,60.14699,24.922,00000000a53ed894,9.92
20338,2019-08-04T12:41:44Z,393a579e1c8efb19861f555f12040feeac853f37a2451116693e77aa,60.14699,24.922,00000000a53ed894,16.1
20339,2019-08-04T12:41:44Z,39f03a3a5fd777feee270921a7f51daec12ea679b542b0aaf2e808d7,60.149,24.9843,00000000fffb8cf0,13.75
20340,2019-08-04T12:41:44Z,3a6ce73ea4c03a14fc0d3d099e4698d3c1051a2e8e4bd552d5de394d,60.14947,24.91438,000000004ef3150d,7.05
20341,2019-08-04T12:41:44Z,3b73bf57d223bcb9b930ee8619e6603e52485b221389c64d85614baf,60.16897,24.95222,00000000aa852af1,8.38
20342,2019-08-04T12:41:44Z,3be48824225ca9f2aea5653f6ce21181a76e67a8d4b8361f0cba1f8a,60.14947,24.91438,000000004ef3150d,20.28
20343,2019-08-04T12:41:44Z,3d26e1d1c042133ccb16301bbada637dd3dea1623426336738e0f1c0,60.149,24.9843,00000000fffb8cf0,23.56
20344,2019-08-04T12:41:44Z,3e4965f1ed580ddf80246b1b78cbc55b73c11d67573d9cede2a7ccf7,60.16829,24.94214,00000000afef4555,10.78
20345,2019-08-04T12:41:44Z,3e99999f43f3bd9e105e735eeb92531a4301e7f258c90535acfba9ae,60.16531,24.9442,00000000fdda10fe,17.4
20346,2019-08-04T12:41:44Z,3e9bb396fbc83c420e59acae7d393de6b4add7ec1dda523b9eaee7a5,60.16075,24.95883,00000000f1124bca,17.4
20347,2019-08-04T12:41:44Z,3ec0a34310840b3aa1aa32a3f2bffbe426e91a242dc6eb5c1e86bba7,60.16448,24.97323,0000000053c6c2be,25.36
20348,2019-08-04T12:41:44Z,3f395809cdaaaa1688c7d1cc770079bbf7ef1349e148bec5c8eacd57,60.16762,24.95415,000000006b44cce7,10.78
20349,2019-08-04T12:41:44Z,3ffe89aa6ab1e57883e21fa8f15969f46a5f487bccb2b993eadb3cfb,60.14699,24.922,00000000a53ed894,6.46
20350,2019-08-04T12:41:44Z,409be16c4d34b9e76ac22ea0e8e282da3e9d169fe77ff5ea52a72883,60.14699,24.922,00000000a53ed894,20.28
20351,2019-08-04T12:41:44Z,427f20895f2d0aec0392fd0be9f66c4cd45200a3d32b5b9d52ea0dc2,60.15432,24.9211,0000000019fb59c4,31.5
20352,2019-08-04T12:41:44Z,42d4eb6044091814f327d0b01dc9ae701506417af1a8ab7f4161650d,60.14951,24.92138,0000000006dd41f6,12.69
20353,2019-08-04T12:41:44Z,42da4298ed9f522421f17714e024d9b8fe22e7546df3deeb8b139bd3,60.16075,24.95883,00000000f1124bca,7.05
20354,2019-08-04T12:41:44Z,431375be6b9405ef55878f3aa0bb5dd6a35db8ba650a2bce05081c49,60.14947,24.91438,000000004ef3150d,14.89
20355,2019-08-04T12:41:44Z,436df7106ce19510536cf507d8939633784f67da2f872970e0d3ba43,60.16829,24.94214,00000000afef4555,13.75
20356,2019-08-04T12:41:44Z,4533d27e96c5c6637ddff4243672d658fea4004970652882357105a9,60.14699,24.922,00000000a53ed894,9.92
20357,2019-08-04T12:41:44Z,457d11209b95b153efb57d8f2641f2db0823e91a0d608fa0555a5b69,60.14699,24.922,00000000a53ed894,9.92
20358,2019-08-04T12:41:44Z,459ee564ad7aca128b70ae089395378da384eb1ff35cefde7d7f5736,60.16829,24.94214,00000000afef4555,12.69
20359,2019-08-04T12:41:44Z,4602ff9d03f6bf4fbb82976098cc1c73e7a7e754050401c772d1406e,60.14947,24.91438,000000004ef3150d,10.78
20360,2019-08-04T12:41:44Z,467a01a257fbaad22bd4aebafc8f284c9ad3effc429475e57c214e9d,60.14699,24.922,00000000a53ed894,8.38
20361,2019-08-04T12:41:44Z,47bc9ff9097f9ef5f1862e48b4a42f6a9ddd30c4ef2b6eb43291a7a5,60.14699,24.922,00000000a53ed894,13.75
20362,2019-08-04T12:41:44Z,47cde44e4ddbf6c70162fa882eee962e7c3e2a037b650294ec46568f,60.14947,24.91438,000000004ef3150d,13.75
20363,2019-08-04T12:41:44Z,48f665ebb1a71b0d84fc02bd71918c5ab5608328db534639cbd2a255,60.14947,24.91438,000000004ef3150d,7.05
20364,2019-08-04T12:41:44Z,4a1a129202050ebeed57c0765b3c9d72574e077e2f6a1e0c6d2ce943,60.16531,24.9442,00000000fdda10fe,27.28
20365,2019-08-04T12:41:44Z,4a565a7be2bb822523480c6ca86154a466bf189290f87a0ef118f8b7,60.149,24.9843,00000000fffb8cf0,21.87
20366,2019-08-04T12:41:44Z,4aff8c41b8c3f924b9b765007cf6f0f148e9fdc4dfad6299b17f6f71,60.16762,24.95415,000000006b44cce7,11.7
20367,2019-08-04T12:41:44Z,4b1050cc517631e36206d3528399c0b14748daec8c7d1b5dfa412299,60.15432,24.9211,0000000019fb59c4,7.69
20368,2019-08-04T12:41:44Z,4b85388cdaec2b4c15b546160ee326d9668a5e5d3c7b08d0c539946e,60.17919,24.95181,000000007b5207b6,12.69
20369,2019-08-04T12:41:44Z,4be50f3eb033f3f46e3069049c8e0a34dc8a2607741c1764369ba4c2,60.16762,24.95415,000000006b44cce7,7.05
20370,2019-08-04T12:41:44Z,4bf75585466f0aafa2ed2956fe4b0f7235b4ba3a0606a52219b3156c,60.14699,24.922,00000000a53ed894,14.89
20371,2019-08-04T12:41:44Z,4cadc8cc23fd84febb6a8383030a34c97b3388a8c9ed7a64cc0f51a6,60.14947,24.91438,000000004ef3150d,4.94
20372,2019-08-04T12:41:44Z,4d4115f2971578ddc2428be944e2954c9e9a5472a818ec1805a022b2,60.149,24.9843,00000000fffb8cf0,12.69
20373,2019-08-04T12:41:44Z,4ebdb6165c5d4892cdc21711313b98b1545bececfb886192c6f0ef22,60.16762,24.95415,000000006b44cce7,12.69
20374,2019-08-04T12:41:44Z,4f4940c5c77737c5b8f2fbd5a1b65886ea5f6e0e4fcd50447e11ce21,60.16075,24.95883,00000000f1124bca,29.32
20375,2019-08-04T12:41:44Z,50e21d119f102cee2afe3ac7f1a32032527638769b05aca582d6ecb1,60.16762,24.95415,000000006b44cce7,5.91
20376,2019-08-04T12:41:44Z,514a3981fad6c695ac4940f09374b5d1c2e84d2ca835084ef8707714,60.16075,24.95883,00000000f1124bca,7.05
20377,2019-08-04T12:41:44Z,51b3c7870a399165f0d1d14f7d21688df32b0360f9cc6f3ca61890d8,60.16829,24.94214,00000000afef4555,1.01
20378,2019-08-04T12:41:44Z,52939581c6c8dd3407dbf44ea9e90471e4bbadfb7e3740a0ba8324f3,60.14699,24.922,00000000a53ed894,9.12
20379,2019-08-04T12:41:44Z,52f0e69ca7a5cebe604c1f32308dc7f8870d1d85cd4b25ad17f706e9,60.14699,24.922,00000000a53ed894,9.92
20380,2019-08-04T12:41:44Z,54065d53a62079540c4be1e19eafa5dd581e8ec35da0c31844438e0b,60.149,24.9843,00000000fffb8cf0,11.7
20381,2019-08-04T12:41:44Z,5554305bad43a71cf98d83e92708c7474c1efc189392c1ea94231e9c,60.16531,24.9442,00000000fdda10fe,3.74
20382,2019-08-04T12:41:44Z,560205233dc9b13886248fb6e54ee21dc3b287080072641e01e08dac,60.16075,24.95883,00000000f1124bca,25.36
20383,2019-08-04T12:41:44Z,5636d9760f1eac9d5d050497d7084fd61a92d5d108695a9023769ac4,60.16629,24.95957,00000000fb7600be,10.78
20384,2019-08-04T12:41:44Z,56b8eace741e5227a40ea0a64601a737648080c63d6240b0dca632c4,60.16075,24.95883,00000000f1124bca,21.87
20385,2019-08-04T12:41:44Z,570dc61d53aec66ede39dfde66339640878453afc00cd1a55c60bca7,60.16544,24.95398,0000000038d83d41,17.4
20386,2019-08-04T12:41:44Z,571934189bf349efb6f596e76c21612cf9b82ed44913090169936048,60.17065,24.93641,000000000f4919c9,23.56
20387,2019-08-04T12:41:44Z,57bb8beeec6904b9a5cfe83c4ff9a80e63157780137f03de2a4152d3,60.16762,24.95415,000000006b44cce7,4.11
20388,2019-08-04T12:41:44Z,57f88614f91a133004ac1a6dea31a4090f899646a5f62ece691d87af,60.16762,24.95415,000000006b44cce7,14.89
20389,2019-08-04T12:41:44Z,583a35aa08fe45f96deb91a9f4b9317e86eddeee0d636cc11b3e2df8,60.16762,24.95415,000000006b44cce7,10.78
20390,2019-08-04T12:41:44Z,58411163d307bb308f9c94a9720e9ce5ab0ce4f5617cd2b1fcc2037a,60.16762,24.95415,000000006b44cce7,5.91
20391,2019-08-04T12:41:44Z,584cb0b0cdd14e608c8b57c8aecc9826f9b40027e365e2438a444ea2,60.16762,24.95415,000000006b44cce7,12.69
20392,2019-08-04T12:41:44Z,5966e39260804b1e804f63b354a53470a1f621ac8e68afdd522a565f,60.17002,24.94407,000000006b087f40,13.75
20393,2019-08-04T12:41:44Z,59b01cbdec8ff06fa6d50bac00c3f5f4c45132fc8a62800c08df5d6a,60.16629,24.95957,00000000fb7600be,8.38
20394,2019-08-04T12:41:44Z,5b102c62b98f29bd801e4dd0e9ddbc113db3faa38d59990b9ba5e9ec,60.173,24.92524,0000000096918cfa,18.79
20395,2019-08-04T12:41:44Z,5bc858089bff2f1880f1807e91f165ebf9f1b5841445adcdfb988ddf,60.16829,24.94214,00000000afef4555,25.36
20396,2019-08-04T12:41:44Z,5bc8610f198c0ab38e4e89fd7f4828d032ca2a6ef97c2a17c79e296f,60.14699,24.922,00000000a53ed894,21.87
20397,2019-08-04T12:41:44Z,5c160268bc9b4b619181ce421d9e58c258e6b59a342945fc29f0004b,60.14947,24.91438,000000004ef3150d,11.7
20398,2019-08-04T12:41:44Z,5cd5117066c75a1cb83d3896a7eba3f3472e133f0013ea7d4e95daaa,60.14699,24.922,00000000a53ed894,4.5
20399,2019-08-04T12:41:44Z,5d70086d53447ee393249cef33c7bae814c1d7c2e3055fc91b38786c,60.17919,24.95181,000000007b5207b6,6.46
20400,2019-08-04T12:41:44Z,5e7916ca910b02abf2d19906759663c23db63950a353fa546f55c8af,60.14699,24.922,00000000a53ed894,4.11
20401,2019-08-04T12:41:44Z,5ea49ba4de68e03664ec3a87f5de32434d7136b4f8323f022ff9df5b,60.16829,24.94214,00000000afef4555,6.46
20402,2019-08-04T12:41:44Z,5ee175437c5a15756f66cae8cf9172e291d462123de1bd59ae7a103b,60.16897,24.95222,00000000aa852af1,12.69
20403,2019-08-04T12:41:44Z,604a02f00cf5d2e059c26ee48a07cd30e608c4b00f17f447c028da58,60.16762,24.95415,000000006b44cce7,20.28
20404,2019-08-04T12:41:44Z,60d7fd34e511ad1565b92db2fbb5ef2908f7a273acceda524945e86e,60.16075,24.95883,00000000f1124bca,25.36
20405,2019-08-04T12:41:44Z,60d9b71ec38b796bf876dedfaf3112b49ff79677480c7603902857ae,60.14947,24.91438,000000004ef3150d,17.4
20406,2019-08-04T12:41:44Z,614ab7fba7255f6bf6f888e9a04d589962f756b3f427e658f10014f2,60.16075,24.95883,00000000f1124bca,4.94
20407,2019-08-04T12:41:44Z,6187e3415bcea985be770b4a90f3ed56fbfff1aa331759d34ccbd4ee,60.16897,24.95222,00000000aa852af1,21.87
20408,2019-08-04T12:41:44Z,62916b0c2a8ebabb938b5e97cb14eb89b2b32936d3fad04025ad5854,60.17002,24.94407,000000006b087f40,8.38
20409,2019-08-04T12:41:44Z,63a87f20dbfd068c086129312c165b6e9b1da2ea6c999be1dd1b8391,60.16762,24.95415,000000006b44cce7,17.4
20410,2019-08-04T12:41:44Z,63d99db5b2b7360c501446ea5e89feba9bd1c6735a7670039916f2ad,60.1538,24.95595,0000000038bf9618,29.32
20411,2019-08-04T12:41:44Z,63defb71d4c3856253a0a2d67a5c370b91ad0527703b334a63fe5344,60.14947,24.91438,000000004ef3150d,5.41
20412,2019-08-04T12:41:44Z,643ef3f01a51bea3c4510d4060a945cd510e5189236d68f5c9489034,60.16829,24.94214,00000000afef4555,1.12
20413,2019-08-04T12:41:44Z,64638a9f9e6c9b32fc4b484b55e4934fcab6cb04605cc76d5f5534b7,60.17065,24.93641,000000000f4919c9,13.75
20414,2019-08-04T12:41:44Z,64e34af775b57908b23056a31d60ef3b005941f2e7c3db0c49df675d,60.17065,24.93641,000000000f4919c9,14.89
20415,2019-08-04T12:41:44Z,6503762f2cac51cc2b74da1efa6b16583ed11c9a528d7716b7829c0b,60.16829,24.94214,00000000afef4555,14.89
20416,2019-08-04T12:41:44Z,6516a10850095847a8156717b0fba05a9bdc9b5bfedd691ddb07f119,60.14699,24.922,00000000a53ed894,9.92
20417,2019-08-04T12:41:44Z,651b877c5e2e76a6fd8d2d9e9bbaf56a4bfd787e136a05a3587a6b46,60.14947,24.91438,000000004ef3150d,25.36
20418,2019-08-04T12:41:44Z,6525cc634176c25187e68e0d067bcfecfd78e399e93db4ee9d408b7e,60.17919,24.95181,000000007b5207b6,23.56
20419,2019-08-04T12:41:44Z,655204cb507ea9ae811105cdcd766161facaa9f729017a333f102391,60.149,24.9843,00000000fffb8cf0,12.69
20420,2019-08-04T12:41:44Z,66b9cea6cd979b4e9e391e0ef854e2cc38eca6fb9e166811e39edd11,60.16544,24.95398,0000000038d83d41,23.56
20421,2019-08-04T12:41:44Z,6723bebaab92d1a9f8b4318fd4f497a6dec6d7f8e0eafca443925213,60.16075,24.95883,00000000f1124bca,5.91
20422,2019-08-04T12:41:44Z,67591d427f60ba3c369ac0d78088fca7be33081501508d16401dd6cb,60.16762,24.95415,000000006b44cce7,4.94
20423,2019-08-04T12:41:44Z,675eacdf32b5b831fd118fc5539eea4b3cef4bd11e2e1706a9571222,60.16829,24.94214,00000000afef4555,16.1
20424,2019-08-04T12:41:44Z,6774ed72eaf69d7c4aaeeef90990f969954155bbcc52652e75e7deef,60.16829,24.94214,00000000afef4555,10.78
20425,2019-08-04T12:41:44Z,677c53ae4056d6cb123ca576ba5284664b1c7e3e88818bd19b5dd99a,60.17919,24.95181,000000007b5207b6,14.89
20426,2019-08-04T12:41:44Z,6875e3632a29207e29ded33617e66d55de5d8c7804fecedd6f1dfe12,60.14699,24.922,00000000a53ed894,11.7
20427,2019-08-04T12:41:44Z,696d977b82fe0f0a15c3aaccef89f3b805ee2d6969a74059d737461d,60.14951,24.92138,0000000006dd41f6,29.32
20428,2019-08-04T12:41:44Z,6981f80baeddf7459b67845f82744390c976c013f3a4883a53556fc7,60.16762,24.95415,000000006b44cce7,13.75
20429,2019-08-04T12:41:44Z,6b6668d7ebecfb96a6ed3ca19e97f8da150943ddf1d034675d08a9b8,60.14699,24.922,00000000a53ed894,20.28
20430,2019-08-04T12:41:44Z,6b97071051ccf5db7e5ebee033d4f68d58ed6917ff2fac5b205a6605,60.17065,24.93641,000000000f4919c9,20.28
20431,2019-08-04T12:41:44Z,6c7e018abdf8462af7c7b003bc30f915184f7082e9e865a2c502eed5,60.14699,24.922,00000000a53ed894,7.69
20432,2019-08-04T12:41:44Z,6e02e56515cc7fe0dad26d8d87ec7b37994e59323b1cf31791116f49,60.17002,24.94407,000000006b087f40,16.1
20433,2019-08-04T12:41:44Z,6f3dd17e40daabb4efe868f1b859dc00ecc01846f0a0e2b8db5d1413,60.17918,24.95141,00000000675d5200,10.78
20434,2019-08-04T12:41:44Z,6fdfc33c6b609ea80b4a38ecf657bc68b7bf659752b51edcc22ffb54,60.16762,24.95415,000000006b44cce7,5.91
20435,2019-08-04T12:41:44Z,6ff93560ca77c6e5a25bc7441cf33cf7fa0138b3da4d99b2dbf5531b,60.14947,24.91438,000000004ef3150d,9.92
20436,2019-08-04T12:41:44Z,70c56152af84cf1bad4d19b0cb31202232b4cd4320ce5ea48895e42b,60.14947,24.91438,000000004ef3150d,12.69
20437,2019-08-04T12:41:44Z,71479e7c1c4fd96468f16800ff04484480c76e0953d2074500b0df31,60.17919,24.95181,000000007b5207b6,18.79
20438,2019-08-04T12:41:44Z,72231bca658d3a16f3bf9c26ba5f13393b8377e4ab0b9ed3de6c811f,60.14699,24.922,00000000a53ed894,13.75
20439,2019-08-04T12:41:44Z,733f21ebebe353e10a55a74b40a0a480e6d276334d4f3d8bcf85b711,60.16075,24.95883,00000000f1124bca,23.56
20440,2019-08-04T12:41:44Z,745e52dafbfa395ea41c5fcd0c2717b9091e44d19ab89e03991fdbb7,60.16762,24.95415,000000006b44cce7,13.75
20441,2019-08-04T12:41:44Z,759f94c852ff15ca91c3138913c3858c4801702f8f0514ae82fb2a19,60.16897,24.95222,00000000aa852af1,7.69
20442,2019-08-04T12:41:44Z,7664b7f08aaa059ecf6646a595c33fae0c80715febe63e31f45a4662,60.16762,24.95415,000000006b44cce7,3.74
20443,2019-08-04T12:41:44Z,777cceac7be6303a1c82f7cc68061528b01e3aa1b3aa6481cad9e5e3,60.16075,24.95883,00000000f1124bca,7.69
20444,2019-08-04T12:41:44Z,77a12194b9a6789f4b2b8c07ae7fce3c2b531cb221e5fa7ca5deae55,60.16897,24.95222,00000000aa852af1,23.56
20445,2019-08-04T12:41:44Z,79bde23c1a8980f93a65e14306f0d8ea89e164430d8b991e2bfee82e,60.16531,24.9442,00000000fdda10fe,14.89
20446,2019-08-04T12:41:44Z,7a0c0b525f2d3eed6c873bd3b8d27bede551fe4a428ac15c23deadae,60.16075,24.95883,00000000f1124bca,18.79
20447,2019-08-04T12:41:44Z,7a4a06d20ebe57d94e5fceeaf47d5b56ad9a515818e9c20e21a80e61,60.16629,24.95957,00000000fb7600be,11.7
20448,2019-08-04T12:41:44Z,7ab335e046f7f3597f8f615a90857885e35cfecefebd5d24bbf0af90,60.16075,24.95883,00000000f1124bca,10.78
20449,2019-08-04T12:41:44Z,7af6672e274ebe27cdb785373a857fc5bcad92a386c36dbe3221d4f4,60.14947,24.91438,000000004ef3150d,7.69
20450,2019-08-04T12:41:44Z,7bb67bcf014747e5d826f95c610d36492f31095552417a0864475491,60.14951,24.92138,0000000006dd41f6,13.75
20451,2019-08-04T12:41:44Z,7be762f58d54665c5e6668eb2fb3eae7201522ddff196bbc5eb731f0,60.14947,24.91438,000000004ef3150d,11.7
20452,2019-08-04T12:41:44Z,7c9213d7d9786431a8781a665fa1b7091507aa244d28b85d07a1399a,60.17065,24.93641,000000000f4919c9,36.27
20453,2019-08-04T12:41:44Z,7d9a3d84c09c3a8d6876389e216e0278048d6b924890fb275a078ffb,60.16531,24.9442,00000000fdda10fe,0.84
20454,2019-08-04T12:41:44Z,7e76449e59f1e3a1a615b54408115353fbb14d815390d03a73b1a7bb,60.14947,24.91438,000000004ef3150d,10.78
20455,2019-08-04T12:41:44Z,7ee87b87cf01698f643e1ba3117b245039edc811605df5dc802e7576,60.14947,24.91438,000000004ef3150d,8.38
20456,2019-08-04T12:41:44Z,7f2f97e26d55f653ed70260ea4f893d01a3984cbdf6d7a3bfb2641de,60.16829,24.94214,00000000afef4555,8.38
20457,2019-08-04T12:41:44Z,7f3c9dd2c7352cb81fb186a7d700841d2bcb47cd8ea0d5f8719b5908,60.16762,24.95415,000000006b44cce7,12.69
20458,2019-08-04T12:41:44Z,7f786ec8e06f1ca3bdd10fc60d0114baf354125b8f6cf796d197f4cc,60.16075,24.95883,00000000f1124bca,6.46
20459,2019-08-04T12:41:44Z,80cbcb887f3e351e3bef7c5f53dccc578cc3494feec514aed7015c0d,60.16075,24.95883,00000000f1124bca,9.12
20460,2019-08-04T12:41:44Z,81fed8075f6ecb598d4ddc816663fc3693278a971ccec3048ef1ef51,60.17002,24.94407,000000006b087f40,31.5
20461,2019-08-04T12:41:44Z,82411c6526228322a61f59259f13adf7cde62bd767587b6735867705,60.17919,24.95181,000000007b5207b6,7.69
20462,2019-08-04T12:41:44Z,82ce8c2420645d1eeed2751616ac691b53855581110be4cc97a61036,60.16897,24.95222,00000000aa852af1,33.81
20463,2019-08-04T12:41:44Z,83121a75723643c48e3c3b0a3ea5fccb532046432ca445833e8de06a,60.16762,24.95415,000000006b44cce7,0.5
20464,2019-08-04T12:41:44Z,848fe01e24ccc782e5968171f53ea31d28f20a455c45d8bac8fb7374,60.173,24.92524,0000000096918cfa,10.78
20465,2019-08-04T12:41:44Z,8499290ca844477035cb04c821386788d09243bf12e2337d45411ac1,60.17002,24.94407,000000006b087f40,16.1
20466,2019-08-04T12:41:44Z,849a662d95d4185421aff7c6213ba5d7b84cfc58c9fb30ff34054e4c,60.16075,24.95883,00000000f1124bca,10.78
20467,2019-08-04T12:41:44Z,859b417d0b562f5c4ab33c3877c95cd7cbb332db91dcd0f4e7a4f3b6,60.14699,24.922,00000000a53ed894,11.7
20468,2019-08-04T12:41:44Z,85badfe1efe61c861574e41b6836e0eeaa56ecdd3977a5f2f52b75a9,60.16829,24.94214,00000000afef4555,17.4
20469,2019-08-04T12:41:44Z,85d66944a64cfde859e7e08ca4b79f3b39d5b03141d500fe7ce73f7e,60.14699,24.922,00000000a53ed894,7.69
20470,2019-08-04T12:41:44Z,85d67c3be46ecb66832dfd9090a931e1be3dd056f718ea6786622131,60.16897,24.95222,00000000aa852af1,14.89
20471,2019-08-04T12:41:44Z,8632e9e1f944677a1776c00e3293dd15d0ba7b1444c1125bfb2cda54,60.16829,24.94214,00000000afef4555,21.87
20472,2019-08-04T12:41:44Z,868cd7608ed6beb209db2aad8c71f56b8aec3a6b453be18e4af217a2,60.17065,24.93641,000000000f4919c9,16.1
20473,2019-08-04T12:41:44Z,87bb1abe21abfcb5e5c2039e579cff7ca863a6019207db356de5b7c2,60.14699,24.922,00000000a53ed894,17.4
20474,2019-08-04T12:41:44Z,8822ffe19dec49fe874ac377de5a0504e931e342ecc1f5b1fcb939e5,60.16897,24.95222,00000000aa852af1,21.87
20475,2019-08-04T12:41:44Z,885bcc6af7d0aa9718fe1030e32ffff1de5171ae5ef67cf0011874fb,60.14947,24.91438,000000004ef3150d,11.7
20476,2019-08-04T12:41:44Z,896f7e896dc6f1ea44b82bf968a988cc10c358ee34821d9d7a4bd07a,60.14947,24.91438,000000004ef3150d,9.12
20477,2019-08-04T12:41:44Z,8a08b2de43a9ef03cf96610718c908e69dcacc59f536a7135b7bb542,60.16629,24.95957,00000000fb7600be,23.56
20478,2019-08-04T12:41:44Z,8ba6cfc17ca70e8304994e018ebd5eb2003177062cde05925d5cacb3,60.173,24.92524,0000000096918cfa,14.89
20479,2019-08-04T12:41:44Z,8bbf5422247a0a6be314130d8fd9ae1814401b75acf3b3ce2da9620c,60.14699,24.922,00000000a53ed894,9.12
20480,2019-08-04T12:41:44Z,8ca0330471c9226b95a7aae64e6a8e47adaf5ddf7efec36a68652f3d,60.16075,24.95883,00000000f1124bca,25.36
20481,2019-08-04T12:41:44Z,8d528b00553162a9dd47d2296d15b2fad89aad6a508424d4589618a1,60.14947,24.91438,000000004ef3150d,14.89
20482,2019-08-04T12:41:44Z,8d5672c651968bf1f466b44baefa37f9438850e96140d126f6a99baf,60.16897,24.95222,00000000aa852af1,20.28
20483,2019-08-04T12:41:44Z,8d73f674010f5cb02e8f20251ed86a9afcb7f6b3926039470296bd00,60.17065,24.93641,000000000f4919c9,29.32
20484,2019-08-04T12:41:44Z,8d8a869e83fe2ac29e791666634a33af3ea4048ea4e752b6fb1e238c,60.14947,24.91438,000000004ef3150d,5.91
20485,2019-08-04T12:41:44Z,8dcf139eb279bcc2696420ba9da858e361600ff02cd29587f66660ec,60.16897,24.95222,00000000aa852af1,20.28
20486,2019-08-04T12:41:44Z,9023a89a49a372e5f97cf86ef1b5de0164eb67cc10d394d383ab75fd,60.16829,24.94214,00000000afef4555,18.79
20487,2019-08-04T12:41:44Z,920dc90f60b295267f63efc8f968408087b71878dc3f49f0ded1c41e,60.17918,24.95141,00000000675d5200,7.69
20488,2019-08-04T12:41:44Z,926717d61529080dfc4c7f8cdcdc82c6490d2a5129474524b8c40ea4,60.16829,24.94214,00000000afef4555,13.75
20489,2019-08-04T12:41:44Z,93a2100e233b204243f7e69b68dea7c9a145d1b5384bd18359bf87a3,60.16531,24.9442,00000000fdda10fe,1.88
20490,2019-08-04T12:41:44Z,93e409819362e2429a43710ff4330bd3ed83011b73ae438dd7fb62d8,60.16762,24.95415,000000006b44cce7,5.41
20491,2019-08-04T12:41:44Z,9575ef1c44f26f0301d726029c8b1c28011a4724496943451bee6544,60.14947,24.91438,000000004ef3150d,14.89
20492,2019-08-04T12:41:44Z,9604244c18efd5978b809f021651f7743e0e64da38fcf3718f9b4f93,60.14699,24.922,00000000a53ed894,12.69
20493,2019-08-04T12:41:44Z,96b004e7ce8b4221af704fcf73c09daf78aed09c7ed5803c4bfa5bc1,60.14699,24.922,00000000a53ed894,20.28
20494,2019-08-04T12:41:44Z,97264f5808fa13851dacabf0c98525eec29849ff4b6a744cc777fd5b,60.16075,24.95883,00000000f1124bca,13.75
20495,2019-08-04T12:41:44Z,9736a8a29aee134a307e0cd4221e9b0a2ab7c48befee43fc62e9f9bd,60.14699,24.922,00000000a53ed894,9.92
20496,2019-08-04T12:41:44Z,9862cafd709b75d07c83b397773e0cf33564666cb81814bdbf5e54f2,60.16897,24.95222,00000000aa852af1,14.89
20497,2019-08-04T12:41:44Z,9868033d7f0d18f01d12a4034f37bf5d6e51e5ed9124c68d4b8b8e6c,60.14947,24.91438,000000004ef3150d,5.41
20498,2019-08-04T12:41:44Z,98bb3b6f5e2403b14b8e01616c07b03bb1fd153ded656033d7bd3533,60.16075,24.95883,00000000f1124bca,14.89
20499,2019-08-04T12:41:44Z,992f6feda52c82ad67e40af55b5602bb22411020701998c6bd65faed,60.16762,24.95415,000000006b44cce7,10.78
20500,2019-08-04T12:41:44Z,994b630283c750a0b697359e32c4bd06d5b4a32d2edb6c12cce42b32,60.16829,24.94214,00000000afef4555,12.69
20501,2019-08-04T12:41:44Z,99753600aa90a43c336153dd03985a2996b7bc6052086f503020518c,60.14699,24.922,00000000a53ed894,11.7
20502,2019-08-04T12:41:44Z,9ac4c3176875b59567d28bf01df0c9490620902ff082fd0b93d15cb4,60.18203,24.91341,00000000342570c2,20.28
20503,2019-08-04T12:41:44Z,9acffb3f8b8720e2de83c8cfd41915d268d5eca34e0bd280eed3e6f4,60.16897,24.95222,00000000aa852af1,10.78
20504,2019-08-04T12:41:44Z,9bad872c31c8c5e53f064b5367350b41271d45ca8a9e508136622800,60.16897,24.95222,00000000aa852af1,3.74
20505,2019-08-04T12:41:44Z,9e3d4a4b1acd94d2896cd7cf56419110f06ea96faae37aadebd4ec77,60.14947,24.91438,000000004ef3150d,5.41
20506,2019-08-04T12:41:44Z,9feead3068ed3a48c56f1fa4b4bd06ed064ca5141afe9d8f907a8941,60.16629,24.95957,00000000fb7600be,25.36
20507,2019-08-04T12:41:44Z,9ff13c715073d5ad9c464cb67b6de3f703435cf389c32cce5626dfe1,60.149,24.9843,00000000fffb8cf0,17.4
20508,2019-08-04T12:41:44Z,a013af23449d6d98abee74e52eabec399ca57bd09762466edcc54f33,60.16762,24.95415,000000006b44cce7,17.4
20509,2019-08-04T12:41:44Z,a01d7427dcaa19c3efac1cde116c3751db11d6cf2838d0509704616a,60.14699,24.922,00000000a53ed894,14.89
20510,2019-08-04T12:41:44Z,a1b52cda133b45cf931b9e31d4037fb841f80432e99d6a000beeadc8,60.17002,24.94407,000000006b087f40,20.28
20511,2019-08-04T12:41:44Z,a22736c5d66f417bc6b745f51492549dc2e5a3c766f5e7e23f183b41,60.14947,24.91438,000000004ef3150d,3.4
20512,2019-08-04T12:41:44Z,a38a21a97a054541f0423f03758c70227116c05254958373e3e93ad0,60.14947,24.91438,000000004ef3150d,9.92
20513,2019-08-04T12:41:44Z,a3d228482bfdd3dbdfaee1ff72b6ac00c2ee8c05e949047ce9117783,60.14699,24.922,00000000a53ed894,5.91
20514,2019-08-04T12:41:44Z,a41e158d772eaf06a23fe6c476419f78fae156bf286c7e56e79cea64,60.14699,24.922,00000000a53ed894,20.28
20515,2019-08-04T12:41:44Z,a422a30ec1eb058c7930e1352297c161639faa5b3ca5f5fa47c4adb3,60.14947,24.91438,000000004ef3150d,4.5
20516,2019-08-04T12:41:44Z,a47f8d59e11da7fa47e0cbe518b593e023018f122d5710ffbb775c0f,60.16829,24.94214,00000000afef4555,18.79
20517,2019-08-04T12:41:44Z,a4f416ec0941bb365e3665d7fd224fad15d74225e8ce9f6dd6368bc7,60.17065,24.93641,000000000f4919c9,33.81
20518,2019-08-04T12:41:44Z,a6158fc663b4931ef4e811a4acf62ab2f658241775e200b14684f87d,60.16897,24.95222,00000000aa852af1,14.89
20519,2019-08-04T12:41:44Z,a6484386e3b96e03bba2e837ed3ccbed2e2adb2e7b945583013cb0f2,60.1538,24.95595,0000000038bf9618,41.64
20520,2019-08-04T12:41:44Z,a6d70813f5482dbc1c20f0d6da003396409d72414de93c6916e4097a,60.16762,24.95415,000000006b44cce7,18.79
20521,2019-08-04T12:41:44Z,a6f944078dd26796f5a849ccb6fdf8a4436f913cf3302597c846462d,60.16762,24.95415,000000006b44cce7,7.69
20522,2019-08-04T12:41:44Z,a7472d1b63171c047444981df223670390009e3ea502132d9963e9fb,60.14947,24.91438,000000004ef3150d,11.7
20523,2019-08-04T12:41:44Z,a76d219c3abcc4ec3a54dd834263f9a24972c71be4c7bbbfc663f22f,60.14699,24.922,00000000a53ed894,5.41
20524,2019-08-04T12:41:44Z,a7a7f84e910c87d01420156efca1675f2f263a8f7f1212bb161e73f3,60.14951,24.92138,0000000006dd41f6,18.79
20525,2019-08-04T12:41:44Z,a88c6bae85183bcf7a25dcbc1fe64128df64a49ded7074a0f51a1f5c,60.14699,24.922,00000000a53ed894,25.36
20526,2019-08-04T12:41:44Z,a8bd45406d5913e098652d4c2d836339758e08d21bf5d88becabdd36,60.14947,24.91438,000000004ef3150d,7.69
20527,2019-08-04T12:41:44Z,a8df2631c2442628608c1f0352c896eb532a6ca08c85de2c77360aa8,60.14947,24.91438,000000004ef3150d,8.38
20528,2019-08-04T12:41:44Z,a9383e1c3d9b3355965662ff18ad95dfb64daa5d8e71fc20e7e50df7,60.14699,24.922,00000000a53ed894,9.92
20529,2019-08-04T12:41:44Z,a96e9a3805def174e6ededa93b88ce312739d9d68941dffdeca03e9f,60.16762,24.95415,000000006b44cce7,14.89
20530,2019-08-04T12:41:44Z,a9dfc9065260957b1eb8dc3b11b793f73f7940fa5cb61acb16a260e2,60.16897,24.95222,00000000aa852af1,17.4
20531,2019-08-04T12:41:44Z,aa076c3f0d09145aebbb750dde9849ba4eb6759e92ba5753280184d6,60.16762,24.95415,000000006b44cce7,9.92
20532,2019-08-04T12:41:44Z,aa5773b59ce2bf1eee53e4e77cd3c261465d2ea538c9a85b8de30cd8,60.14947,24.91438,000000004ef3150d,8.38
20533,2019-08-04T12:41:44Z,aa6d51fc5411b69567cb854360c4a81267eac19446946eb27618306a,60.14699,24.922,00000000a53ed894,10.78
20534,2019-08-04T12:41:44Z,aba0a0ba8ac6fa1709e38c64f963a344afc317eae50c6141b2315763,60.16897,24.95222,00000000aa852af1,23.56
20535,2019-08-04T12:41:44Z,ac36860ddd2d60f33c730b2ecc540578d8edcf2c1e8c55e897d76d93,60.14951,24.92138,0000000006dd41f6,14.89
20536,2019-08-04T12:41:44Z,ac93ac0788af8e1b0f20fada4f15ca1ad31f4084b133482d8211571d,60.14699,24.922,00000000a53ed894,12.69
20537,2019-08-04T12:41:44Z,acdcc8ae1d1c6bb055dfc108154eae58b4b894f0ce1ff174c1065c7e,60.16762,24.95415,000000006b44cce7,4.5
20538,2019-08-04T12:41:44Z,ad8af809ed47a3391bb53d11da159b3a8b0ddc264d94c049ce72bda0,60.17065,24.93641,000000000f4919c9,0.28
20539,2019-08-04T12:41:44Z,ae08ba8b9f7ef2a4326d6d7bbf452a87d08f8062feaf20cb7101d414,60.15432,24.9211,0000000019fb59c4,25.36
20540,2019-08-04T12:41:44Z,ae828cc3f1fa739d818186776cff673c88a05d0f3dedfb4a765a54fd,60.16829,24.94214,00000000afef4555,16.1
20541,2019-08-04T12:41:44Z,ae87b8dd8920695bc9e599874667205991c04e30666d8523f0be4350,60.14947,24.91438,000000004ef3150d,6.46
20542,2019-08-04T12:41:44Z,aec4b11f0b1ec075878ca4a3b94da464f6fc96e330b913d5bfd346b0,60.16897,24.95222,00000000aa852af1,13.75
20543,2019-08-04T12:41:44Z,af2076810e26511562c652d7bb56794c120526dbd4919212167cc3ed,60.16897,24.95222,00000000aa852af1,20.28
20544,2019-08-04T12:41:44Z,b12b27061f30d5659794f14cbed5e4726c5af1ef526611d3b2dded29,60.14947,24.91438,000000004ef3150d,14.89
20545,2019-08-04T12:41:44Z,b26a9be85f5fd17ea58397762fa55db3c8f68fb709d586d61527c892,60.16829,24.94214,00000000afef4555,4.94
20546,2019-08-04T12:41:44Z,b27b090bd1bd9828dcb6ddbd0a1394e4aa097974747dff90ba0eff71,60.16897,24.95222,00000000aa852af1,10.78
20547,2019-08-04T12:41:44Z,b2a01c2a06c3cf1a48333e58e787d9eaf2f975a738c02878220d7774,60.16829,24.94214,00000000afef4555,18.79
20548,2019-08-04T12:41:44Z,b3d99c04e3db6b698e6e54f19434461336954d0c15385bff6e557be8,60.173,24.92524,0000000096918cfa,21.87
20549,2019-08-04T12:41:44Z,b3e9da5a37ed8ed450753cb7443e607ed1de2af685bad5be61b3e91c,60.16075,24.95883,00000000f1124bca,14.89
20550,2019-08-04T12:41:44Z,b41cc64d7ab4e16a03573bdc3b5863c4b402ec66c7780c7900c02877,60.16829,24.94214,00000000afef4555,12.69
20551,2019-08-04T12:41:44Z,b523d3f8341906e4b3877ff7d9614b4e10d6bbf10afdcc6c53656c8f,60.17065,24.93641,000000000f4919c9,21.87
20552,2019-08-04T12:41:44Z,b5e3abaccf4a03480985d25eb9fbf454c87f7ad06c38c8bdeb0819fa,60.14699,24.922,00000000a53ed894,17.4
20553,2019-08-04T12:41:44Z,b619a20a2a26eeb9431f9666cf192254bb2263e09f6560a5ff68f8f0,60.1638,24.96846,00000000d747f075,33.81
20554,2019-08-04T12:41:44Z,b7039958be9f53a3eaed97f705a1974815f52f25226e920155397bec,60.16075,24.95883,00000000f1124bca,18.79
20555,2019-08-04T12:41:44Z,b8201571cb5ac01b7db7af4fba6c7ff58336a3f03d0fe13edf985c41,60.173,24.92524,0000000096918cfa,13.75
20556,2019-08-04T12:41:44Z,b874348f78678c08b0a30b3baaa93532cbbf474afb71fb1de1d86978,60.17002,24.94407,000000006b087f40,25.36
20557,2019-08-04T12:41:44Z,b9c0ac0bb7310d92c296a8870603ebd12c0c632cfc2a1fa33092b337,60.16762,24.95415,000000006b44cce7,11.7
20558,2019-08-04T12:41:44Z,ba9825bb3cfae6aeb29833f0a11189802065c73f8e541b2bcb5b572f,60.14699,24.922,00000000a53ed894,14.89
20559,2019-08-04T12:41:44Z,bb0193f2b0ac4801fe82ed5cec75e687465d707d92e731047f81650f,60.1538,24.95595,0000000038bf9618,3.4
20560,2019-08-04T12:41:44Z,bbe7947ea50de5986f237ccab5782ddb55c199ad6a81e8f692670d0c,60.16829,24.94214,00000000afef4555,17.4
20561,2019-08-04T12:41:44Z,bbeaad18acdd3a2602aa5b07ab6ae8df489cb499c4490b3e6f561a5e,60.16544,24.95398,0000000038d83d41,18.79
20562,2019-08-04T12:41:44Z,bbf8cd606b9732370f1c0ae0e68d6d0663a23102d831dd10c0e74819,60.16897,24.95222,00000000aa852af1,14.89
20563,2019-08-04T12:41:44Z,bc07df8cc395f6f4f5d483b2233caca5f93a6918f346e4cc3702f8cc,60.16531,24.9442,00000000fdda10fe,16.1
20564,2019-08-04T12:41:44Z,bc3861c61a46fbf78a7423712f1a528cf9f8332531271933056c233f,60.16829,24.94214,00000000afef4555,12.69
20565,2019-08-04T12:41:44Z,bcf688ec2e666179e52a495a8304dd7aaaf4acad52788a0929b287a2,60.14699,24.922,00000000a53ed894,20.28
20566,2019-08-04T12:41:44Z,bd055b33f37a0f4211ef88e2ac4d20e5a0620250bc6133d5ccbda839,60.14699,24.922,00000000a53ed894,13.75
20567,2019-08-04T12:41:44Z,bebf1edb9736fe66391376c4cf2a3033ab9fa83ae21f86b66392e2d0,60.16762,24.95415,000000006b44cce7,17.4
20568,2019-08-04T12:41:44Z,bf2e5725b255e320f1e8375ec03f55194f1fd9f751be9629d873a5c8,60.14699,24.922,00000000a53ed894,2.08
20569,2019-08-04T12:41:44Z,c22d0093a8d103f59838ad43218fa834e328847e5094bcb2e98d5307,60.16829,24.94214,00000000afef4555,8.38
20570,2019-08-04T12:41:44Z,c261834e6d2c1bd9adddb82d8c6ce2d8aad82a89e32da62f3fcc6063,60.16075,24.95883,00000000f1124bca,13.75
20571,2019-08-04T12:41:44Z,c2cc1b6c0c0d4fc16a65430d50430a6931aa2801399b5a6efa9c1a9b,60.14699,24.922,00000000a53ed894,13.75
20572,2019-08-04T12:41:44Z,c36d58ed0e0dddb3e26be1214e369db1c3fa3d4bcf8b53536a25239b,60.17065,24.93641,000000000f4919c9,4.11
20573,2019-08-04T12:41:44Z,c3be6dcc2c0542676c20d28ce38adbe2c0b9be09caa3f22e60210636,60.16075,24.95883,00000000f1124bca,8.38
20574,2019-08-04T12:41:44Z,c493415e869d6e6304841784a120f994272b83557256b43e44e4f3e0,60.14699,24.922,00000000a53ed894,17.4
20575,2019-08-04T12:41:44Z,c633a260ce59bad4e1ca42f12936ed8ae57a40f5e6528dfb70052c43,60.16897,24.95222,00000000aa852af1,14.89
20576,2019-08-04T12:41:44Z,c68c02229f2c658d55b76c15cf2816f538b896ce5d3c0ebfc2a90911,60.149,24.9843,00000000fffb8cf0,44.58
20577,2019-08-04T12:41:44Z,c71d8be446020d246378e1f525a13b08549d4712051cead5ccd9287f,60.16762,24.95415,000000006b44cce7,27.28
20578,2019-08-04T12:41:44Z,c7951807c3dfab7d09841dfc9c9b2a4fc0bcf4f43e44a9ac61b85c91,60.17002,24.94407,000000006b087f40,9.92
20579,2019-08-04T12:41:44Z,c905a50dedd9b3d2114cde9160b7adf83adc09683b65598ce24c4047,60.1538,24.95595,0000000038bf9618,25.36
20580,2019-08-04T12:41:44Z,c9822d9c012b25f745a2934c523f3c9e6db75fbe3f5e673475813381,60.15432,24.9211,0000000019fb59c4,18.79
20581,2019-08-04T12:41:44Z,cb3f05d5604f5532e039e6d40514b13aba8f6274d952bb17a8b801fc,60.15432,24.9211,0000000019fb59c4,13.75
20582,2019-08-04T12:41:44Z,cbc336691f17a9c508549e03d522166247a0cd0a944321c1a7d15525,60.14699,24.922,00000000a53ed894,5.91
20583,2019-08-04T12:41:44Z,cc2cf42c6b14536fb92c810ff0e3dd5a3caa74236f14246a5b6e8cdc,60.16762,24.95415,000000006b44cce7,6.46
20584,2019-08-04T12:41:44Z,cce6b6f309e43e2bb1be6a9784582a82891e976d0869d01040586d27,60.14947,24.91438,000000004ef3150d,7.05
20585,2019-08-04T12:41:44Z,cd2346f3db5667fe43eb0d974ddf486ce9722fe427e98ee232d1ba12,60.14951,24.92138,0000000006dd41f6,25.36
20586,2019-08-04T12:41:44Z,cd3e127e27387b6e06cdf27f46fb6046e4182e4d7b49b49c17167c1c,60.14947,24.91438,000000004ef3150d,17.4
20587,2019-08-04T12:41:44Z,cd4ecd3b83630f6e5d65f635804e47a1ceb82853aac36af30044f06a,60.149,24.9843,00000000fffb8cf0,21.87
20588,2019-08-04T12:41:44Z,cd9b2be9ffb37c8b7c5c25f587c95b1c7932a21fb245487ea2f740d9,60.14699,24.922,00000000a53ed894,8.38
20589,2019-08-04T12:41:44Z,ce6a8017f454ee88825097762b1bdb8e5ba78fff9cd3e49bc2ee2400,60.14699,24.922,00000000a53ed894,18.79
20590,2019-08-04T12:41:44Z,ceb777dafa9b7e39125b89735b7f0cf22c3018eb0196043ac8160370,60.14699,24.922,00000000a53ed894,8.38
20591,2019-08-04T12:41:44Z,cef1d06a10cfa08bcaef8b36535c2ec32c756a76cc0d5c2a1246f933,60.14699,24.922,00000000a53ed894,12.69
20592,2019-08-04T12:41:44Z,cfa42322be0000cf89d8969d1b88ace0ba99cab721dd58d55d41a36e,60.17065,24.93641,000000000f4919c9,18.79
20593,2019-08-04T12:41:44Z,cfc2a688ff31fbb1baac8790fb6d56dc7746ba2cf9e0e5f39d4751a4,60.14699,24.922,00000000a53ed894,5.41
20594,2019-08-04T12:41:44Z,d0413da80c7714f40ffe50dcfb00039280c64ecebc61c59df72965e6,60.149,24.9843,00000000fffb8cf0,21.87
20595,2019-08-04T12:41:44Z,d098b9b5b30c5fcd4ae8a2b8bc761df72829713d3ae919634876d349,60.14699,24.922,00000000a53ed894,10.78
20596,2019-08-04T12:41:44Z,d0aa228c2a3e6e1568e876cffc76874702e0f0f63f18533551bf02c1,60.16075,24.95883,00000000f1124bca,21.87
20597,2019-08-04T12:41:44Z,d0cab2a2660dcc5cb99a9bdf39d2e6b31b7498985db1b50e48cb478d,60.18203,24.91341,00000000342570c2,11.7
20598,2019-08-04T12:41:44Z,d150c7aba4e7419f0ddd187392a9c2a429f44fa82535fb594c48ff55,60.16897,24.95222,00000000aa852af1,14.89
20599,2019-08-04T12:41:44Z,d295fce65c7332728ab79761524c814f41bd0cefa3ad9ef62ac18993,60.14951,24.92138,0000000006dd41f6,25.36
20600,2019-08-04T12:41:44Z,d3486259a51296194d20e84e88ba4588e37cf48661effba832c33ab0,60.16762,24.95415,000000006b44cce7,13.75
20601,2019-08-04T12:41:44Z,d388a2c86cc65945e59a07273222ff57fc3585d4756b5c498dd443ac,60.16897,24.95222,00000000aa852af1,11.7
20602,2019-08-04T12:41:44Z,d38e88e5b926f9d1de6e326cca45116fcca11f10684c80876739c6cd,60.16075,24.95883,00000000f1124bca,8.38
20603,2019-08-04T12:41:44Z,d3a37aedae39925bda7da8e4f05a61b85904a00f88e8684006c76351,60.16829,24.94214,00000000afef4555,13.75
20604,2019-08-04T12:41:44Z,d3c0cff604283ea6adeabb4f867f3fcaf8ee41fd27fc600d33c4d70d,60.16075,24.95883,00000000f1124bca,33.81
20605,2019-08-04T12:41:44Z,d5690433f1f0d0855704a06520cd197dac8c6c1293aa376af6854128,60.16897,24.95222,00000000aa852af1,18.79
20606,2019-08-04T12:41:44Z,d64eda229ebb6012e59bc89eacb74918e404ce52f16b491f3d48e800,60.16897,24.95222,00000000aa852af1,16.1
20607,2019-08-04T12:41:44Z,d75c412090c347ad7fca9287bcc4eb9bfb757dc7c1725109861dd93e,60.16629,24.95957,00000000fb7600be,12.69
20608,2019-08-04T12:41:44Z,d87210146aab139cc6640a20b428dce6ac516806a71a177b70e04f62,60.17065,24.93641,000000000f4919c9,10.78
20609,2019-08-04T12:41:44Z,da667dfa2d8a272a7398e186de027fabd2052052c0aad767a1c7d966,60.16897,24.95222,00000000aa852af1,16.1
20610,2019-08-04T12:41:44Z,daac051ca20430238282e179e0fe525b11ff1e8f1ace26d45b41f331,60.14947,24.91438,000000004ef3150d,9.92
20611,2019-08-04T12:41:44Z,dbf9f0495974591badcee3fcfc1b5eb718b26de86aaf486c351ad084,60.14947,24.91438,000000004ef3150d,11.7
20612,2019-08-04T12:41:44Z,dc15145376f4a497910c8d2231d671bf62f1918ad93938a48fdc3eb4,60.149,24.9843,00000000fffb8cf0,14.89
20613,2019-08-04T12:41:44Z,dc1c4323de4d895200d2ce734baf64170970bdef349e6206fe57bb15,60.16829,24.94214,00000000afef4555,20.28
20614,2019-08-04T12:41:44Z,dc439ef81c2abfb840e3ab145f2b944aae18a1beffd3eb47de845b9c,60.16531,24.9442,00000000fdda10fe,17.4
20615,2019-08-04T12:41:44Z,ddc8410b9e4ece4b995b789f95e526693bac176ed77092ba57355dc8,60.16762,24.95415,000000006b44cce7,4.11
20616,2019-08-04T12:41:44Z,de09fd8d15c3d7adbf440a3d0a418a3b476513c968bda8a4aa652adf,60.173,24.92524,0000000096918cfa,21.87
20617,2019-08-04T12:41:44Z,de0d086ae32f87522eab31d3bc52545ed17b065889674963c0709568,60.16829,24.94214,00000000afef4555,17.4
20618,2019-08-04T12:41:44Z,de3fe5f63e74a582e06c8cb02e6128d6013827015ba3e2fe93082977,60.17002,24.94407,000000006b087f40,21.87
20619,2019-08-04T12:41:44Z,de84f754a3916c8f831b0bb8ea41fc2a42cdea2794558fece3c7ae97,60.1538,24.95595,0000000038bf9618,18.79
20620,2019-08-04T12:41:44Z,e0df847c19b463dec6cea35494d375ce136a276c6a785936c931f60f,60.18203,24.91341,00000000342570c2,21.87
20621,2019-08-04T12:41:44Z,e0ff1e75104c5dfa3549647c238569888e353e1322256a5c6979de0b,60.14699,24.922,00000000a53ed894,9.92
20622,2019-08-04T12:41:44Z,e1322e5118885f9bd50f4b2f8c4fd6d329ced295738b9983ef61b1c8,60.1538,24.95595,0000000038bf9618,18.79
20623,2019-08-04T12:41:44Z,e23a6115ba872037f9b5066c9c9c966b497f449e32a2c9ceb0e55497,60.16829,24.94214,00000000afef4555,9.12
20624,2019-08-04T12:41:44Z,e2ad7d478fd698beae83366f49585d9825bec4865c1610162f3108c2,60.16897,24.95222,00000000aa852af1,20.28
20625,2019-08-04T12:41:44Z,e341e5e3e0b4fef8c3764508293310da5922b202d791694e43069ad1,60.16544,24.95398,0000000038d83d41,9.12
20626,2019-08-04T12:41:44Z,e34bcebfa007159f3d2adb0e62e20fcf721a221f52bdfe2a6ad77831,60.18203,24.91341,00000000342570c2,25.36
20627,2019-08-04T12:41:44Z,e35717ff07f32be5a2e1520f1855533f8dcc72cff7930c9cba9da32b,60.14947,24.91438,000000004ef3150d,17.4
20628,2019-08-04T12:41:44Z,e40a26f3f7468f4ac2302b45f1ed9aab7fea245ccf81d0c08072c881,60.16829,24.94214,00000000afef4555,9.12
20629,2019-08-04T12:41:44Z,e447e76c7b53157c11d5bfeb172c27332c81b5ec7f263badf5507888,60.149,24.9843,00000000fffb8cf0,7.69
20630,2019-08-04T12:41:44Z,e65f7c68ce6502de36e4f47d0646a91a76d6c8cf8b5ffd26a3df8f4b,60.149,24.9843,00000000fffb8cf0,23.56
20631,2019-08-04T12:41:44Z,e6f4e3d1f5e01888556b077224cb4d8f88d63306fff2388e3fd997d0,60.14951,24.92138,0000000006dd41f6,17.4
20632,2019-08-04T12:41:44Z,e7cd5f775c7eea951719f351fcc25c710f857832d6f4b70a51b7b82d,60.16897,24.95222,00000000aa852af1,10.78
20633,2019-08-04T12:41:44Z,e826dedac8582e619ce18cd7eed68be5ee1fc9ed37e191e06f916835,60.14947,24.91438,000000004ef3150d,10.78
20634,2019-08-04T12:41:44Z,e84c3cf76509496cedd71bb89c4a6c35a27c96f037412cf2cdf25308,60.14699,24.922,00000000a53ed894,14.89
20635,2019-08-04T12:41:44Z,e9115410fa45db5a174eee008cae729dc69937a0e0b5a304899bf1b9,60.17065,24.93641,000000000f4919c9,23.56
20636,2019-08-04T12:41:44Z,e92eb020afcd7c1fad04690230ff8c2f005e404dd25b8dced1df30dd,60.16075,24.95883,00000000f1124bca,11.7
20637,2019-08-04T12:41:44Z,e9e19621fc5cfcfed2c808bbadc6cc6dd31e28d3c04cef8b89ca2729,60.16075,24.95883,00000000f1124bca,12.69
20638,2019-08-04T12:41:44Z,ea157e44ed100be3f782d8b3d8e5e0986079c588c9ea754b14917df0,60.16829,24.94214,00000000afef4555,1.54
20639,2019-08-04T12:41:44Z,eac6fda3a18aa9ce55b6359f5c62a044e0bcd6bc3576c8cd815acf07,60.14699,24.922,00000000a53ed894,14.89
20640,2019-08-04T12:41:44Z,eb79d6eb71f039f7008c9c4ea2f36d37f03bf60bddc7867e8b337254,60.16762,24.95415,000000006b44cce7,20.28
20641,2019-08-04T12:41:44Z,ec424a10bcefb6e69c2eabf42534f06e7a10aa0cfb28f6478052cade,60.14699,24.922,00000000a53ed894,5.41
20642,2019-08-04T12:41:44Z,ed70712277756192c688e0f4d7620cdb33803ab3e0cc7c180c3efd23,60.15432,24.9211,0000000019fb59c4,21.87
20643,2019-08-04T12:41:44Z,eed1c3b93e33ab3a4802db427c8c197c0fbad358e039b6ea8c8af07b,60.18203,24.91341,00000000342570c2,14.89
20644,2019-08-04T12:41:44Z,ef352dcaa8317b6a3c0a02cd8908dd13da5601cc66ba65c5fd8d031a,60.14947,24.91438,000000004ef3150d,11.7
20645,2019-08-04T12:41:44Z,eff99f303ba37ed36542008434b2d20e50155593bb9fc7bc1dcc4bf3,60.16075,24.95883,00000000f1124bca,9.12
20646,2019-08-04T12:41:44Z,f04b198f2f3331022f4a89ef2c2d12283e9c1c03a6c64a1dcb6e76cc,60.173,24.92524,0000000096918cfa,21.87
20647,2019-08-04T12:41:44Z,f062cb52d49926a4fb39f723275ed60ab6c0f3bf34e0c3f9d233b7b8,60.14947,24.91438,000000004ef3150d,21.87
20648,2019-08-04T12:41:44Z,f15b72a3aad411d2f8a70b41c4f62ad2d744d064d42ec00c71a18ac5,60.16762,24.95415,000000006b44cce7,1.54
20649,2019-08-04T12:41:44Z,f1eb1b22a5e01064a1829b325d256218c68bc9134f03a3f09f3e2566,60.16829,24.94214,00000000afef4555,29.32
20650,2019-08-04T12:41:44Z,f20f951802c722181f0e90095001c49e73f84049bb105b95c97049d1,60.17918,24.95141,00000000675d5200,38.87
20651,2019-08-04T12:41:44Z,f39827c3c7f4c833d1118043492f78e3255b6da9f4a2c000041d9b61,60.16829,24.94214,00000000afef4555,0.41
20652,2019-08-04T12:41:44Z,f3ec2366b51157150674e5ab6293bdb19e0b30ca4296fee4c97b811c,60.14699,24.922,00000000a53ed894,9.12
20653,2019-08-04T12:41:44Z,f5f7cfe177dfb0b7ebba2419ae53f70b6b5690dd98d98586004a9107,60.149,24.9843,00000000fffb8cf0,9.12
20654,2019-08-04T12:41:44Z,f66767381dd8d1bf0e53c7bb920dd23845902ad04a03ab1134a70b11,60.173,24.92524,0000000096918cfa,25.36
20655,2019-08-04T12:41:44Z,f6a88c4482d078d6a1d51eabc04916c6f7566cff4a16fd55f3abdef0,60.16531,24.9442,00000000fdda10fe,16.1
20656,2019-08-04T12:41:44Z,f97bd6b766461dd4066a8fde3d7dfed9d1027ff23973200a005458cd,60.17002,24.94407,000000006b087f40,23.56
20657,2019-08-04T12:41:44Z,f9f454563bb2c7fd9944c5f164bf6c5fad98bb698039934d4d8b54dd,60.16897,24.95222,00000000aa852af1,33.81
20658,2019-08-04T12:41:44Z,fa96854324adae88abb35afa34b2393a20338bfd8fc9602d3ce6ae8d,60.14947,24.91438,000000004ef3150d,3.4
20659,2019-08-04T12:41:44Z,fadc39da3cd26ac621092fbbff224b95bb13446c8d24bbf4f3e50e90,60.14947,24.91438,000000004ef3150d,3.4
20660,2019-08-04T12:41:44Z,fd77161cf9715d9d0f922cf45e79e5d9b9debef5113cb32a4f82ef76,60.16762,24.95415,000000006b44cce7,9.12
20661,2019-08-04T12:41:44Z,fe5ca86c906b1cb3bf9dd257ceefc562e41da499878f1074484f7d42,60.14947,24.91438,000000004ef3150d,11.7
20662,2019-08-04T12:41:44Z,ff4f3e0f964f23b97e88626f7a506bb4409718931712c58ce0f247af,60.16762,24.95415,000000006b44cce7,14.89
20663,2019-08-04T12:41:45Z,07d86ad98399440d0cc3bd3382a7256feb971e49a3686dc17f532e1c,60.16829,24.94214,00000000afef4555,13.75
20664,2019-08-04T12:41:45Z,112c36ba789fa57e2b19c9bff8bfe0b3eba19a431c3af4656c4cee5b,60.16531,24.9442,00000000fdda10fe,36.27
20665,2019-08-04T12:41:45Z,14c7e1511b70f4dd3359cbece1377aebb4d70531f5489eefe53d7c3c,60.16544,24.95398,0000000038d83d41,23.56
20666,2019-08-04T12:41:45Z,1599d2c9070a6f05e1a5887c2d9209214c04818c6203fe75440734f2,60.1538,24.95595,0000000038bf9618,20.28
20667,2019-08-04T12:41:45Z,165ebbb4090d47319ae370f0d0854fdc1f6b79499f8b2e4d3c3533c0,60.16544,24.95398,0000000038d83d41,25.36
20668,2019-08-04T12:41:45Z,16962a7bb036a995c8cf0c2bc17153c812c23d9af2eaf2207425da3b,60.14951,24.92138,0000000006dd41f6,25.36
20669,2019-08-04T12:41:45Z,1e7ea410376fbdb3f3c476c76d23abad5d830690f78f71ea06f7e321,60.16075,24.95883,00000000f1124bca,21.87
20670,2019-08-04T12:41:45Z,211f6b7b044343d0be369791b3fa3c144d0d0f391e2a42787712efb0,60.16448,24.97323,0000000053c6c2be,12.69
20671,2019-08-04T12:41:45Z,21d09757012e8f7297d1de922f681bcc36581a3d7be770b42b3780a0,60.15432,24.9211,0000000019fb59c4,17.4
20672,2019-08-04T12:41:45Z,2350e9b04a733edca530466fd60d704e4de146d81df0066a1767556b,60.149,24.9843,00000000fffb8cf0,36.27
20673,2019-08-04T12:41:45Z,25a7ff811c3c06e426c7c2cbb0433d9a2a3399b23afecbd35584ab0f,60.18203,24.91341,00000000342570c2,18.79
20674,2019-08-04T12:41:45Z,2603b5aecd8f219a410e558446935308ecabb09a6c9e5b38533728ff,60.16829,24.94214,00000000afef4555,14.89
20675,2019-08-04T12:41:45Z,315af4a829b592ba99b203b8ed2cbd499769f8752dfe6de7da4ee929,60.16829,24.94214,00000000afef4555,16.1
20676,2019-08-04T12:41:45Z,3b5cafe90982db26cf737b2e4cd4275276f6a031bca3b2a1f73023b2,60.14699,24.922,00000000a53ed894,18.79
20677,2019-08-04T12:41:45Z,44d0b94469070803869f229601e877beb613c3f5aafa009addf97a1a,60.16544,24.95398,0000000038d83d41,14.89
20678,2019-08-04T12:41:45Z,4656bad9b5e6dfc3977eca308fc1db3dbf8b0204b90d09b001da242e,60.1638,24.96846,00000000d747f075,27.28
20679,2019-08-04T12:41:45Z,4d78d16b0cd79cc600b42ad9bc5504bf56df36a3e95daeeecc070053,60.16897,24.95222,00000000aa852af1,12.69
20680,2019-08-04T12:41:45Z,5d65719c4cbf045f068d084b72302f447d5fd034413d97d13be00d0e,60.18203,24.91341,00000000342570c2,16.1
20681,2019-08-04T12:41:45Z,5eed115a984d490b02b602d73787aee8dc8c4e9365b77fbff3818a76,60.16629,24.95957,00000000fb7600be,20.28
20682,2019-08-04T12:41:45Z,6066632ddc94b5c482a2d4f45ed2532e55e3fd63e414a084a596a737,60.16762,24.95415,000000006b44cce7,17.4
20683,2019-08-04T12:41:45Z,66dabd3229229330d23c70e9e1737429ddfe69db01f4a6a00f70fa20,60.16762,24.95415,000000006b44cce7,20.28
20684,2019-08-04T12:41:45Z,69219e9efa41ae9e732653e9eaf08e1a34cb853a9dafe76ddeea4d04,60.16897,24.95222,00000000aa852af1,18.79
20685,2019-08-04T12:41:45Z,6a70e2fbced719333e21eff04fcb9cb36bae9a04d1a3d6ddd96f2c58,60.15432,24.9211,0000000019fb59c4,7.69
20686,2019-08-04T12:41:45Z,6f06341f358e61699fe1e55e986dd0554bc8da28b91daf0c5ad99db6,60.16629,24.95957,00000000fb7600be,23.56
20687,2019-08-04T12:41:45Z,70d8572458a1a103555bab897b6443e601e0ed211414b15ad0b56f60,60.16544,24.95398,0000000038d83d41,27.28
20688,2019-08-04T12:41:45Z,7678cdb86d454ca9ae52f22d97e635106585a3a046d01da4463695cc,60.18203,24.91341,00000000342570c2,21.87
20689,2019-08-04T12:41:45Z,79f136afa0dd8717337c01c70b457c464aaf0fa25b440f51a394ec23,60.16762,24.95415,000000006b44cce7,16.1
20690,2019-08-04T12:41:45Z,85ef35aecf2ff804be3d958b592705ec41c6df9c128c132c65bb283d,60.16897,24.95222,00000000aa852af1,27.28
20691,2019-08-04T12:41:45Z,87dfaad29a9276ddddb1fa021d3bc23ad14824c1af16f7d87e713689,60.14951,24.92138,0000000006dd41f6,9.92
20692,2019-08-04T12:41:45Z,88808fe92573e9cdf022cc15b9689b6b4b9429f60513c8897b0ba4c7,60.16897,24.95222,00000000aa852af1,20.28
20693,2019-08-04T12:41:45Z,89982a6acf91b79a282a6b63978e946ee205f303fcd20e944e06baf0,60.16544,24.95398,0000000038d83d41,21.87
20694,2019-08-04T12:41:45Z,8c3b1ed0846e38cc84b863a80540c8a75bfd85c8bdda36563d153110,60.16544,24.95398,0000000038d83d41,23.56
20695,2019-08-04T12:41:45Z,94c5a69a5ae6e9407c3fa9a6919d99beb3558dd4e6750eb480ddc36f,60.16829,24.94214,00000000afef4555,14.89
20696,2019-08-04T12:41:45Z,9843c6216661048343a0e49cf3d8aa2883cf77f452666a1c873a1052,60.16448,24.97323,0000000053c6c2be,14.89
20697,2019-08-04T12:41:45Z,9bc8068948a5b881e1bded553efe012fe129e3e4df62f64a6724917e,60.16829,24.94214,00000000afef4555,27.28
20698,2019-08-04T12:41:45Z,9ea176cc50b4b7b627807bec1e3dfc22223c1ea35af2995dd823eab7,60.14947,24.91438,000000004ef3150d,18.79
20699,2019-08-04T12:41:45Z,a6098be5b3296a394e998a69f3bcb81591e627ba68ee6df36c111623,60.16829,24.94214,00000000afef4555,25.36
20700,2019-08-04T12:41:45Z,acd2647d413f41552b31b6e383da445c8902bc2a764d2b7791a7b164,60.16762,24.95415,000000006b44cce7,11.7
20701,2019-08-04T12:41:45Z,ae556011c511e79ed2daac915308eebfe8e1f17c56850f7a1fc92ce1,60.14699,24.922,00000000a53ed894,23.56
20702,2019-08-04T12:41:45Z,b33ae7715d6d2571066655c2c8954a5a364b5601869047de83410d9f,60.16629,24.95957,00000000fb7600be,21.87
20703,2019-08-04T12:41:45Z,b5fd6b317890e5ab2d79e2cd1abe61626d45a753c7337d0d40728898,60.16762,24.95415,000000006b44cce7,11.7
20704,2019-08-04T12:41:45Z,b6768ae226a93bce23852414e20866c7413513d067579c03ea883dfa,60.17065,24.93641,000000000f4919c9,16.1
20705,2019-08-04T12:41:45Z,bcb0201b0a1edf350ae2f681076e7d2d48ebd94c075bd3ca59552020,60.16897,24.95222,00000000aa852af1,14.89
20706,2019-08-04T12:41:45Z,bce16addb0ad2b7209298c35b3506869253f4e4a612a4cb45803ddf2,60.16075,24.95883,00000000f1124bca,11.7
20707,2019-08-04T12:41:45Z,cf05623e4d87ce0906c0b0b7dbf53aacc1228016cd27c341228b6e76,60.18203,24.91341,00000000342570c2,17.4
20708,2019-08-04T12:41:45Z,d661caec7a5da6aef734734bbf9090debe494c1afd98050f88f269bd,60.16829,24.94214,00000000afef4555,12.69
20709,2019-08-04T12:41:45Z,ded49640b591e73bff71f84fb99d2739eb6c9554164a015017725e03,60.16829,24.94214,00000000afef4555,14.89
20710,2019-08-04T12:41:45Z,e8a7e4275353b186b27072d9685ebaeae431cffa122368d6c0deed53,60.14951,24.92138,0000000006dd41f6,29.32
20711,2019-08-04T12:41:45Z,e8e366e76c97944e23c0f80b4fd3ce6e5832744922297146a49f0c7e,60.16762,24.95415,000000006b44cce7,10.78
20712,2019-08-04T12:41:45Z,e96bd269a48b822b06141c3362fcb6d5ed4d0d09a120f2e4a712d5c2,60.16897,24.95222,00000000aa852af1,13.75
20713,2019-08-04T12:41:45Z,ed70dda6b7faebd4340dacdb452ab224d9d3c308df417b7fa76f54e8,60.14951,24.92138,0000000006dd41f6,20.28
20714,2019-08-04T12:41:45Z,f088630d7476dae7d4b7e2bb1f10575f2c89acb4b6e061f3d57c2b40,60.16531,24.9442,00000000fdda10fe,27.28
20715,2019-08-04T12:41:45Z,f29ea15113ac0eea0be8ec41c633909de4b0b9ab6c7b9898b128080c,60.16897,24.95222,00000000aa852af1,21.87
20716,2019-08-04T12:41:45Z,f6609ab1076b1105bb845595a03b41b8fbb282f79c337df5bbc9f841,60.14699,24.922,00000000a53ed894,20.28
20717,2019-08-04T12:41:45Z,f94dddacf96965952551200a02b41925bcd21402aceafb12f19931af,60.16075,24.95883,00000000f1124bca,11.7
20718,2019-08-04T12:41:45Z,fc4f3a44235f1cfc7b53f14ba2da599976a5a0a220d23b852688e485,60.17919,24.95181,000000007b5207b6,21.87
20719,2019-08-04T12:41:45Z,009ad4cd2bd97e04da44cc9789e6bdbdb899eded61d05b7d5634b7be,60.16829,24.94214,00000000afef4555,14.89
20720,2019-08-04T12:41:45Z,00a07b1f8113691d8475c54082a14cdd54decf9845a90e75df8031a6,60.17065,24.93641,000000000f4919c9,23.56
20721,2019-08-04T12:41:45Z,00b07030d00cc5582c0f1be7d73fb09e34f4018445ce11d9da8da813,60.16762,24.95415,000000006b44cce7,16.1
20722,2019-08-04T12:41:45Z,00bdb07c0f4f75c71196362c269c9f652c66cf7d3f3c2d89843af063,60.16629,24.95957,00000000fb7600be,23.56
20723,2019-08-04T12:41:45Z,010298d620fbe80ab4f46c866c215217b2bf1fd12a2a67b9e56b4ce8,60.16829,24.94214,00000000afef4555,12.69
20724,2019-08-04T12:41:45Z,032e5d7621738a50c9e742e0cba13c819f7c67cedf8687f3ab25595c,60.16762,24.95415,000000006b44cce7,16.1
20725,2019-08-04T12:41:45Z,033759f09b97a9347fd7852dbc2bcd3abbb67a792486acad9d185bca,60.16762,24.95415,000000006b44cce7,12.69
20726,2019-08-04T12:41:45Z,036c183505fea646b54aeb0c612913cafba94eca65e47d3c6d840a68,60.17919,24.95181,000000007b5207b6,21.87
20727,2019-08-04T12:41:45Z,0479a26a59d65bf1dee05c06f4227a0ba63a6e9c9a09e7c34f2e06b4,60.14699,24.922,00000000a53ed894,7.69
20728,2019-08-04T12:41:45Z,04b49a34910d12f55243dd5a756c7cc1e506e5d3cdb418cc635e9ad9,60.16762,24.95415,000000006b44cce7,3.09
20729,2019-08-04T12:41:45Z,04b5d29c48edaaf4904a98e412562e3c0d857eb20342cc7c323d4293,60.16762,24.95415,000000006b44cce7,9.92
20730,2019-08-04T12:41:45Z,04f35922a81b516e7028f61c6ff34faf6da85df0a5cfcefb6df1861f,60.149,24.9843,00000000fffb8cf0,47.69
20731,2019-08-04T12:41:45Z,05d441c83d2df822feaf93d7861452db7a201f22d84cfa36f421dfd2,60.16544,24.95398,0000000038d83d41,18.79
20732,2019-08-04T12:41:45Z,0638ed176f2a4b17c11bae92240575c9305f4bc21592a476b3106be4,60.16762,24.95415,000000006b44cce7,16.1
20733,2019-08-04T12:41:45Z,0745a2141a9beee786a347d3ee1b071719fd2f4abfeeab7f5248c0ad,60.14699,24.922,00000000a53ed894,12.69
20734,2019-08-04T12:41:45Z,076c28c1895ef1919c11113113c12655c546fc90a00800e5ebec5b56,60.14699,24.922,00000000a53ed894,10.78
20735,2019-08-04T12:41:45Z,09e6b7d5a7a9e691d686fb405bc2bfe0c9e5d525b47385d9235575e3,60.16897,24.95222,00000000aa852af1,20.28
20736,2019-08-04T12:41:45Z,0a0acb70a8ef92be52a64d4425e70bb2f7a17d13942c3382c9d68878,60.149,24.9843,00000000fffb8cf0,1.54
20737,2019-08-04T12:41:45Z,0a5616e066b42895361324cfa8abef41d849a55e3e4bed429bab494b,60.16829,24.94214,00000000afef4555,7.69
20738,2019-08-04T12:41:45Z,0a5ed50daf13dd10744537aa851ac7ab1d34d9797ec6ab6e2402aebb,60.16762,24.95415,000000006b44cce7,3.09
20739,2019-08-04T12:41:45Z,0aabf0df4c3c5b45bb8950c92dbe624985f19e8650ed61f92571a65a,60.14699,24.922,00000000a53ed894,11.7
20740,2019-08-04T12:41:45Z,0b0dd9af9d52c68ff71ce266d6707abbb0f56c3c63be0f83f7b5df9b,60.16762,24.95415,000000006b44cce7,12.69
20741,2019-08-04T12:41:45Z,0d3525b13d674f1645fdbe6d842fe37b2f416889c5472e9dfcc5445c,60.14947,24.91438,000000004ef3150d,16.1
20742,2019-08-04T12:41:45Z,0d8341f0125a5323521549248771d5448e5f788aefe9b989e3b20114,60.16829,24.94214,00000000afef4555,9.12
20743,2019-08-04T12:41:45Z,10a99e791e27975dc1c9d73d3163cabacf3bd7bd05a4f7abf6365426,60.14699,24.922,00000000a53ed894,8.38
20744,2019-08-04T12:41:45Z,10caaea8002e8b3b342b32710efdd7305ff375ca1cdc01411f66b2f6,60.14699,24.922,00000000a53ed894,10.78
20745,2019-08-04T12:41:45Z,119268a2b328b466959e99158efc17d07641daf2eab0785f813707f9,60.16762,24.95415,000000006b44cce7,17.4
20746,2019-08-04T12:41:45Z,124cce476184e061b136f481014a2abc7208d30e4e520ffd90c85adb,60.17002,24.94407,000000006b087f40,12.69
20747,2019-08-04T12:41:45Z,126ff8aee22cf123572b51282d01680aea0dac78d907b5100c430c50,60.14947,24.91438,000000004ef3150d,31.5
20748,2019-08-04T12:41:45Z,13bcedb8c59b26417282929d81844b272c7c5bc295614f531219a8e4,60.14947,24.91438,000000004ef3150d,12.69
20749,2019-08-04T12:41:45Z,13ee67fb034e3d24edc9a9618e9d6de24979ebbcb399f83abb02a897,60.14699,24.922,00000000a53ed894,16.1
20750,2019-08-04T12:41:45Z,1496ce9cf373a2a508a8ab0b7aa0604dd889fd69483881c3752219af,60.14699,24.922,00000000a53ed894,11.7
20751,2019-08-04T12:41:45Z,1515fbb735095b233eea332bf40cff9995758e9bd0ad60218875554b,60.14699,24.922,00000000a53ed894,17.4
20752,2019-08-04T12:41:45Z,151c8075b97e96517236b9bf5ce6bd63294094eae52e427904e6fd66,60.16829,24.94214,00000000afef4555,16.1
20753,2019-08-04T12:41:45Z,15ee12e5f9be00a79b0cbbc9912f51cbfa3e486624567e1bde938fb6,60.1538,24.95595,0000000038bf9618,16.1
20754,2019-08-04T12:41:45Z,162fcc3711287e7287479d948f54f820fb95d665191f206f0c428cfc,60.1538,24.95595,0000000038bf9618,27.28
20755,2019-08-04T12:41:45Z,1769031b7f4d75de0541e26427b9ecc92c84b80992e3b36bb8eb799e,60.16829,24.94214,00000000afef4555,5.91
20756,2019-08-04T12:41:45Z,17af6ab252328066d6b13406084507dfa7a7f6db3030872e7f87223d,60.17065,24.93641,000000000f4919c9,17.4
20757,2019-08-04T12:41:45Z,1882b53729765cca25bc63400074242872d6fbc57882f131285b277f,60.16829,24.94214,00000000afef4555,8.38
20758,2019-08-04T12:41:45Z,194e6ced97ec114a37fe06d6d73fb687c057d411be476f1ea6f4852e,60.16897,24.95222,00000000aa852af1,23.56
20759,2019-08-04T12:41:45Z,197961cf403efacc6bdb07158a50753109701aba7a6e7cbf8502e1ee,60.14947,24.91438,000000004ef3150d,20.28
20760,2019-08-04T12:41:45Z,1aacd77e1fdbe1544cf1ab29a00642d77ce4a075e388e8a2108aa39b,60.16829,24.94214,00000000afef4555,7.69
20761,2019-08-04T12:41:45Z,1ad0b84716a79851fa8db7a993012f0c8e496d6cba9d028a546285a2,60.16897,24.95222,00000000aa852af1,9.12
20762,2019-08-04T12:41:45Z,1b3fba902b8d1538b508cdc228fd15fdd87f5aecb68e5611b1a4e354,60.16762,24.95415,000000006b44cce7,3.4
20763,2019-08-04T12:41:45Z,1bcef866fafad7c7460a084e0b0d27c087b549f4ae704390708be47e,60.149,24.9843,00000000fffb8cf0,18.79
20764,2019-08-04T12:41:45Z,1c13175307f58b1bf07c8838e26a2f5d0fd5b21a7517c0b4f4e6bd8f,60.1538,24.95595,0000000038bf9618,18.79
20765,2019-08-04T12:41:45Z,1c669457535e4635f732c228ec524f9d2c440b0d2132fa1acd93122a,60.16897,24.95222,00000000aa852af1,20.28
20766,2019-08-04T12:41:45Z,1c7ccd5d6570d98e57ef2ebbd716b7504b138f9bb616fbeaa0d1a268,60.14699,24.922,00000000a53ed894,9.92
20767,2019-08-04T12:41:45Z,1c95e90d50249037b08826fca8f9485883828eed3484a49bd96cd428,60.16762,24.95415,000000006b44cce7,13.75
20768,2019-08-04T12:41:45Z,1d4841b6905c46f3c38f79540bae2a88a4e660692149506c0db9da33,60.15432,24.9211,0000000019fb59c4,23.56
20769,2019-08-04T12:41:45Z,1e24a2120b13c780dbb3a67a73f5058d1847f126fd5f5952e6dddcd3,60.16075,24.95883,00000000f1124bca,23.56
20770,2019-08-04T12:41:45Z,1f74037ecab4dbdc5db1a8dc8b583a86630f86a5f2d0a5167b7fa605,60.18203,24.91341,00000000342570c2,17.4
20771,2019-08-04T12:41:45Z,1f81ed7274add201d3059d4a37e2bbe86b6ae1f0fd42a16d7b8dccaa,60.14699,24.922,00000000a53ed894,9.12
20772,2019-08-04T12:41:45Z,203a0c145a43c9a18f8c2a5ba4e18882e7430662bb4ac0e56ab37578,60.17065,24.93641,000000000f4919c9,11.7
20773,2019-08-04T12:41:45Z,208944c5811f446561788c5415738cbe52bdacb371f415236042698c,60.16897,24.95222,00000000aa852af1,12.69
20774,2019-08-04T12:41:45Z,21bdc11bb63fb48c9d4b5308540ee5df579c9a385001a10fceeeedf3,60.14699,24.922,00000000a53ed894,14.89
20775,2019-08-04T12:41:45Z,21eb94b10f042f4f21566d3ee27d800fb6d899071739c0c5c1fa7af0,60.14699,24.922,00000000a53ed894,18.79
20776,2019-08-04T12:41:45Z,2204ba387d2db0e7d2ca03f7ace46abff8d141668b73c75a1879d7ba,60.14947,24.91438,000000004ef3150d,9.12
20777,2019-08-04T12:41:45Z,231026899a6d5b326cb5b1e38b182ca1acb77c7e27bc2378973b29db,60.16629,24.95957,00000000fb7600be,11.7
20778,2019-08-04T12:41:45Z,23337c2812924a07e4f0bbc92e56d1f85ea40208b6b987f4afc686cf,60.16897,24.95222,00000000aa852af1,13.75
20779,2019-08-04T12:41:45Z,247f8b2fe544f61677fce4b7f300f6be0c3fa9f5a9f057cc0a4b2111,60.16762,24.95415,000000006b44cce7,14.89
20780,2019-08-04T12:41:45Z,2607d1b2fc6e31a80348fffbed68a7d3a8e0212f197f2d1c573c587b,60.14947,24.91438,000000004ef3150d,4.5
20781,2019-08-04T12:41:45Z,267b66cc2e81a226d253a8f3228a4b45e1fabb634bba60fd0cc21a8d,60.14699,24.922,00000000a53ed894,25.36
20782,2019-08-04T12:41:45Z,269124e75b1e74a7c7dc93b778e02f04d0a53e069a90081c0938ee4c,60.14699,24.922,00000000a53ed894,18.79
20783,2019-08-04T12:41:45Z,2838eddb482a9bc77b0b867352020e2cbfb71e85aaa1d61307e85f3d,60.14947,24.91438,000000004ef3150d,11.7
20784,2019-08-04T12:41:45Z,28b43564f7156b67db7cb7b779e948986d7610f921490f9030379704,60.16897,24.95222,00000000aa852af1,10.78
20785,2019-08-04T12:41:45Z,28d2c3282e9f8fec67baec7992dcd800c45b67071e33cb118905a6b3,60.16829,24.94214,00000000afef4555,4.94
20786,2019-08-04T12:41:45Z,2969cdb120f2d285c556abfe5bac2f8090571f61aba227a474a534d2,60.17065,24.93641,000000000f4919c9,7.05
20787,2019-08-04T12:41:45Z,29a1ee6c0907a00ec6b6dcbb187f5c31d1a11b261aabd339210ee013,60.16897,24.95222,00000000aa852af1,14.89
20788,2019-08-04T12:41:45Z,2bc95bfe257249215913b47f8544606d478783f0530c688972c2f11f,60.16629,24.95957,00000000fb7600be,23.56
20789,2019-08-04T12:41:45Z,2e86f9a432e00fa6ff5b8744ffecbe22a02b4316779bc8b4078af2e2,60.149,24.9843,00000000fffb8cf0,31.5
20790,2019-08-04T12:41:45Z,2ee2e108ed9051b1ccf4d3ee89931dfd53170af0b558fa6579b83e8d,60.15432,24.9211,0000000019fb59c4,9.12
20791,2019-08-04T12:41:45Z,2f08dbfbbe5577f04ea9826f72d5452ddf5fd9bb892769382ea5a4ca,60.16762,24.95415,000000006b44cce7,21.87
20792,2019-08-04T12:41:45Z,2fabc4773758a12492d31bdfe6b37e6523ae8caabecda356d33dce41,60.15432,24.9211,0000000019fb59c4,25.36
20793,2019-08-04T12:41:45Z,3004b57f95861dcbc505cbe89ab781674966526a063bee7072de8aba,60.16829,24.94214,00000000afef4555,12.69
20794,2019-08-04T12:41:45Z,30a6bed86e2e8cacef2646dd90a47eccb0b7a11d9db2ac916c89cefd,60.16829,24.94214,00000000afef4555,23.56
20795,2019-08-04T12:41:45Z,30c55d5011d0f6c901437a130dbe2653c7ae0cceee3b0a242394152c,60.14947,24.91438,000000004ef3150d,21.87
20796,2019-08-04T12:41:45Z,3165c6ee17d11e4b51e03844fd1234cd64aecc860cd6c162ceb99058,60.16897,24.95222,00000000aa852af1,17.4
20797,2019-08-04T12:41:45Z,3197a3340c627059b7c7eb4b36e932bf06a1d31d868aabd647df6373,60.16762,24.95415,000000006b44cce7,17.4
20798,2019-08-04T12:41:45Z,32708990f2c831e65f70f2682baf5188fc93348b9a9e78ada8db2bf4,60.14947,24.91438,000000004ef3150d,2.54
20799,2019-08-04T12:41:45Z,32f77f5019e5fce30881c214487361e2e34b8c93277f6e546de72012,60.1638,24.96846,00000000d747f075,31.5
20800,2019-08-04T12:41:45Z,33634cb1e3fc5d4a621e8717d203da8533ed27531a70c6cbe3abf3fa,60.16762,24.95415,000000006b44cce7,1.7
20801,2019-08-04T12:41:45Z,3459042c03cbb672a039f7f14a6b99b84f839b0598f9e48bf4dd95f5,60.14699,24.922,00000000a53ed894,9.12
20802,2019-08-04T12:41:45Z,347978a409d9305273a67b717c3aea02694d5ff4b38cb593d408e4be,60.14947,24.91438,000000004ef3150d,31.5
20803,2019-08-04T12:41:45Z,347c2747f8b58cdc6f96b541d1a35f2c0e182b542706a38e0ce7ef4a,60.149,24.9843,00000000fffb8cf0,21.87
20804,2019-08-04T12:41:45Z,349dd839e41cff363cc4b935496e52b93be15233e508aa82987859bd,60.16075,24.95883,00000000f1124bca,14.89
20805,2019-08-04T12:41:45Z,352427714fc6e8591df6bd227dde05d3b7ba0881742eee4ae750dcc4,60.15432,24.9211,0000000019fb59c4,23.56
20806,2019-08-04T12:41:45Z,358d7986d5bf2a0624fb1412a157b3c7b12f90653457e15a76bbdf50,60.16629,24.95957,00000000fb7600be,10.78
20807,2019-08-04T12:41:45Z,36f876050503d244f74f3cbadcef716904eb2b245190d474b0cfa794,60.16762,24.95415,000000006b44cce7,0.84
20808,2019-08-04T12:41:45Z,3721331dbb97151d17938ed835ffc7208eba26fba6100c62870a3a4f,60.14947,24.91438,000000004ef3150d,9.12
20809,2019-08-04T12:41:45Z,37945fa4e7409fab98aa8bde45081f5bd083def0059485274ad552c0,60.17919,24.95181,000000007b5207b6,7.05
20810,2019-08-04T12:41:45Z,37b4192b51c9589b8791bc2e9f830dd541c0e77fd03e7a85a51b68e5,60.16544,24.95398,0000000038d83d41,18.79
20811,2019-08-04T12:41:45Z,37c5fa285cfc1de3c5363b53a2909ca0f43381a381ee6fc132d5ba8f,60.16897,24.95222,00000000aa852af1,18.79
20812,2019-08-04T12:41:45Z,39310ebca1ad756aa2bfcb16c912cb7003ef3e7286a1f037603ade61,60.14699,24.922,00000000a53ed894,9.92
20813,2019-08-04T12:41:45Z,396b845a1e5f627f3bc08495207a8c778214ad3bc79ddd896675be4d,60.17918,24.95141,00000000675d5200,31.5
20814,2019-08-04T12:41:45Z,3a6ce73ea4c03a14fc0d3d099e4698d3c1051a2e8e4bd552d5de394d,60.14947,24.91438,000000004ef3150d,7.69
20815,2019-08-04T12:41:45Z,3be48824225ca9f2aea5653f6ce21181a76e67a8d4b8361f0cba1f8a,60.14947,24.91438,000000004ef3150d,4.5
20816,2019-08-04T12:41:45Z,3d26e1d1c042133ccb16301bbada637dd3dea1623426336738e0f1c0,60.149,24.9843,00000000fffb8cf0,17.4
20817,2019-08-04T12:41:45Z,3e4965f1ed580ddf80246b1b78cbc55b73c11d67573d9cede2a7ccf7,60.16829,24.94214,00000000afef4555,9.92
20818,2019-08-04T12:41:45Z,3ea5c91c32a318cb798767914dd025c2791a8c19e81c10c22f649247,60.18203,24.91341,00000000342570c2,27.28
20819,2019-08-04T12:41:45Z,3ec0a34310840b3aa1aa32a3f2bffbe426e91a242dc6eb5c1e86bba7,60.16448,24.97323,0000000053c6c2be,33.81
20820,2019-08-04T12:41:45Z,3f395809cdaaaa1688c7d1cc770079bbf7ef1349e148bec5c8eacd57,60.16762,24.95415,000000006b44cce7,11.7
20821,2019-08-04T12:41:45Z,3f78229668030150fc4e03aed54ed23a2f6ac9c23a0c9bc0d6da03f4,60.16531,24.9442,00000000fdda10fe,20.28
20822,2019-08-04T12:41:45Z,3ffe89aa6ab1e57883e21fa8f15969f46a5f487bccb2b993eadb3cfb,60.14699,24.922,00000000a53ed894,7.05
20823,2019-08-04T12:41:45Z,409be16c4d34b9e76ac22ea0e8e282da3e9d169fe77ff5ea52a72883,60.14699,24.922,00000000a53ed894,23.56
20824,2019-08-04T12:41:45Z,42168beaa0acd47be6bf8e4209edb348c9d27b18517c7420d454a24f,60.17065,24.93641,000000000f4919c9,36.27
20825,2019-08-04T12:41:45Z,42d4eb6044091814f327d0b01dc9ae701506417af1a8ab7f4161650d,60.14951,24.92138,0000000006dd41f6,17.4
20826,2019-08-04T12:41:45Z,42da4298ed9f522421f17714e024d9b8fe22e7546df3deeb8b139bd3,60.16075,24.95883,00000000f1124bca,4.11
20827,2019-08-04T12:41:45Z,431375be6b9405ef55878f3aa0bb5dd6a35db8ba650a2bce05081c49,60.14947,24.91438,000000004ef3150d,14.89
20828,2019-08-04T12:41:45Z,436df7106ce19510536cf507d8939633784f67da2f872970e0d3ba43,60.16829,24.94214,00000000afef4555,12.69
20829,2019-08-04T12:41:45Z,4533d27e96c5c6637ddff4243672d658fea4004970652882357105a9,60.14699,24.922,00000000a53ed894,5.41
20830,2019-08-04T12:41:45Z,457d11209b95b153efb57d8f2641f2db0823e91a0d608fa0555a5b69,60.14699,24.922,00000000a53ed894,9.12
20831,2019-08-04T12:41:45Z,459ee564ad7aca128b70ae089395378da384eb1ff35cefde7d7f5736,60.16829,24.94214,00000000afef4555,11.7
20832,2019-08-04T12:41:45Z,4602ff9d03f6bf4fbb82976098cc1c73e7a7e754050401c772d1406e,60.14947,24.91438,000000004ef3150d,6.46
20833,2019-08-04T12:41:45Z,467a01a257fbaad22bd4aebafc8f284c9ad3effc429475e57c214e9d,60.14699,24.922,00000000a53ed894,11.7
20834,2019-08-04T12:41:45Z,47cde44e4ddbf6c70162fa882eee962e7c3e2a037b650294ec46568f,60.14947,24.91438,000000004ef3150d,4.94
20835,2019-08-04T12:41:45Z,48f665ebb1a71b0d84fc02bd71918c5ab5608328db534639cbd2a255,60.14947,24.91438,000000004ef3150d,7.05
20836,2019-08-04T12:41:45Z,4a565a7be2bb822523480c6ca86154a466bf189290f87a0ef118f8b7,60.149,24.9843,00000000fffb8cf0,31.5
20837,2019-08-04T12:41:45Z,4b1050cc517631e36206d3528399c0b14748daec8c7d1b5dfa412299,60.15432,24.9211,0000000019fb59c4,5.91
20838,2019-08-04T12:41:45Z,4b85388cdaec2b4c15b546160ee326d9668a5e5d3c7b08d0c539946e,60.17919,24.95181,000000007b5207b6,9.92
20839,2019-08-04T12:41:45Z,4be50f3eb033f3f46e3069049c8e0a34dc8a2607741c1764369ba4c2,60.16762,24.95415,000000006b44cce7,7.05
20840,2019-08-04T12:41:45Z,4bf75585466f0aafa2ed2956fe4b0f7235b4ba3a0606a52219b3156c,60.14699,24.922,00000000a53ed894,9.12
20841,2019-08-04T12:41:45Z,4cadc8cc23fd84febb6a8383030a34c97b3388a8c9ed7a64cc0f51a6,60.14947,24.91438,000000004ef3150d,11.7
20842,2019-08-04T12:41:45Z,4d35f03f4cb1cd21fbb173af8af5be5e233c63882fda53232da315f0,60.14699,24.922,00000000a53ed894,20.28
20843,2019-08-04T12:41:45Z,4d4115f2971578ddc2428be944e2954c9e9a5472a818ec1805a022b2,60.149,24.9843,00000000fffb8cf0,13.75
20844,2019-08-04T12:41:45Z,4d7150fb2eb8468dc51f12b2de4a3610a7eb79c7352449ed92531f0e,60.1538,24.95595,0000000038bf9618,31.5
20845,2019-08-04T12:41:45Z,4f4940c5c77737c5b8f2fbd5a1b65886ea5f6e0e4fcd50447e11ce21,60.16075,24.95883,00000000f1124bca,20.28
20846,2019-08-04T12:41:45Z,50e21d119f102cee2afe3ac7f1a32032527638769b05aca582d6ecb1,60.16762,24.95415,000000006b44cce7,2.3
20847,2019-08-04T12:41:45Z,514a3981fad6c695ac4940f09374b5d1c2e84d2ca835084ef8707714,60.16075,24.95883,00000000f1124bca,4.5
20848,2019-08-04T12:41:45Z,51b3c7870a399165f0d1d14f7d21688df32b0360f9cc6f3ca61890d8,60.16829,24.94214,00000000afef4555,0.28
20849,2019-08-04T12:41:45Z,52072bd384eaaf4a6958af5510ed039d194dee47f34667bc7bccbe0e,60.14699,24.922,00000000a53ed894,7.69
20850,2019-08-04T12:41:45Z,52f0e69ca7a5cebe604c1f32308dc7f8870d1d85cd4b25ad17f706e9,60.14699,24.922,00000000a53ed894,8.38
20851,2019-08-04T12:41:45Z,552e7d20be831c5ebfa503ba78ed542d6ece4ecad264308d5dc37a31,60.14699,24.922,00000000a53ed894,21.87
20852,2019-08-04T12:41:45Z,5554305bad43a71cf98d83e92708c7474c1efc189392c1ea94231e9c,60.16531,24.9442,00000000fdda10fe,3.74
20853,2019-08-04T12:41:45Z,5636d9760f1eac9d5d050497d7084fd61a92d5d108695a9023769ac4,60.16629,24.95957,00000000fb7600be,17.4
20854,2019-08-04T12:41:45Z,56b8eace741e5227a40ea0a64601a737648080c63d6240b0dca632c4,60.16075,24.95883,00000000f1124bca,17.4
20855,2019-08-04T12:41:45Z,571934189bf349efb6f596e76c21612cf9b82ed44913090169936048,60.17065,24.93641,000000000f4919c9,23.56
20856,2019-08-04T12:41:45Z,571e65d939060a58396de22fc44d8842fc9de986824670ad765ec596,60.16762,24.95415,000000006b44cce7,14.89
20857,2019-08-04T12:41:45Z,57bb8beeec6904b9a5cfe83c4ff9a80e63157780137f03de2a4152d3,60.16762,24.95415,000000006b44cce7,5.91
20858,2019-08-04T12:41:45Z,58411163d307bb308f9c94a9720e9ce5ab0ce4f5617cd2b1fcc2037a,60.16762,24.95415,000000006b44cce7,5.91
20859,2019-08-04T12:41:45Z,584cb0b0cdd14e608c8b57c8aecc9826f9b40027e365e2438a444ea2,60.16762,24.95415,000000006b44cce7,13.75
20860,2019-08-04T12:41:45Z,5966e39260804b1e804f63b354a53470a1f621ac8e68afdd522a565f,60.17002,24.94407,000000006b087f40,13.75
20861,2019-08-04T12:41:45Z,59b01cbdec8ff06fa6d50bac00c3f5f4c45132fc8a62800c08df5d6a,60.16629,24.95957,00000000fb7600be,7.69
20862,2019-08-04T12:41:45Z,5b102c62b98f29bd801e4dd0e9ddbc113db3faa38d59990b9ba5e9ec,60.173,24.92524,0000000096918cfa,18.79
20863,2019-08-04T12:41:45Z,5b21511f00a23b33dc791787155b6f890ab1949e3c9a42448c765d19,60.16829,24.94214,00000000afef4555,29.32
20864,2019-08-04T12:41:45Z,5bbb03fd7db8dd6ddb6cf3e308c02476b0b549e3a4b28867cd8a89b3,60.14947,24.91438,000000004ef3150d,18.79
20865,2019-08-04T12:41:45Z,5bc8610f198c0ab38e4e89fd7f4828d032ca2a6ef97c2a17c79e296f,60.14699,24.922,00000000a53ed894,20.28
20866,2019-08-04T12:41:45Z,5cd5117066c75a1cb83d3896a7eba3f3472e133f0013ea7d4e95daaa,60.14699,24.922,00000000a53ed894,5.41
20867,2019-08-04T12:41:45Z,5d70086d53447ee393249cef33c7bae814c1d7c2e3055fc91b38786c,60.17919,24.95181,000000007b5207b6,7.05
20868,2019-08-04T12:41:45Z,5e7916ca910b02abf2d19906759663c23db63950a353fa546f55c8af,60.14699,24.922,00000000a53ed894,3.74
20869,2019-08-04T12:41:45Z,5ea49ba4de68e03664ec3a87f5de32434d7136b4f8323f022ff9df5b,60.16829,24.94214,00000000afef4555,9.12
20870,2019-08-04T12:41:45Z,5ee175437c5a15756f66cae8cf9172e291d462123de1bd59ae7a103b,60.16897,24.95222,00000000aa852af1,14.89
20871,2019-08-04T12:41:45Z,60d9b71ec38b796bf876dedfaf3112b49ff79677480c7603902857ae,60.14947,24.91438,000000004ef3150d,18.79
20872,2019-08-04T12:41:45Z,60f1b642fca90c38a1f6bcee13b699f211b8662945e5249aee5d60cb,60.16762,24.95415,000000006b44cce7,27.28
20873,2019-08-04T12:41:45Z,614ab7fba7255f6bf6f888e9a04d589962f756b3f427e658f10014f2,60.16075,24.95883,00000000f1124bca,5.91
20874,2019-08-04T12:41:45Z,62916b0c2a8ebabb938b5e97cb14eb89b2b32936d3fad04025ad5854,60.17002,24.94407,000000006b087f40,8.38
20875,2019-08-04T12:41:45Z,62a6fe2d9b3b5b4533c51253f8842428bd797b3c6a95a7816ec472ed,60.14947,24.91438,000000004ef3150d,10.78
20876,2019-08-04T12:41:45Z,63a87f20dbfd068c086129312c165b6e9b1da2ea6c999be1dd1b8391,60.16762,24.95415,000000006b44cce7,14.89
20877,2019-08-04T12:41:45Z,64394b1287e19738900f57d5c7483e02866e40bc8241fc6f6fbecbcb,60.16762,24.95415,000000006b44cce7,5.91
20878,2019-08-04T12:41:45Z,643ef3f01a51bea3c4510d4060a945cd510e5189236d68f5c9489034,60.16829,24.94214,00000000afef4555,3.4
20879,2019-08-04T12:41:45Z,64638a9f9e6c9b32fc4b484b55e4934fcab6cb04605cc76d5f5534b7,60.17065,24.93641,000000000f4919c9,12.69
20880,2019-08-04T12:41:45Z,64e34af775b57908b23056a31d60ef3b005941f2e7c3db0c49df675d,60.17065,24.93641,000000000f4919c9,4.5
20881,2019-08-04T12:41:45Z,6503762f2cac51cc2b74da1efa6b16583ed11c9a528d7716b7829c0b,60.16829,24.94214,00000000afef4555,13.75
20882,2019-08-04T12:41:45Z,6516a10850095847a8156717b0fba05a9bdc9b5bfedd691ddb07f119,60.14699,24.922,00000000a53ed894,14.89
20883,2019-08-04T12:41:45Z,6525cc634176c25187e68e0d067bcfecfd78e399e93db4ee9d408b7e,60.17919,24.95181,000000007b5207b6,20.28
20884,2019-08-04T12:41:45Z,655204cb507ea9ae811105cdcd766161facaa9f729017a333f102391,60.149,24.9843,00000000fffb8cf0,14.89
20885,2019-08-04T12:41:45Z,65b3adca9ee7adbad7277ff62bf8d0019944180762113925a4e71d95,60.149,24.9843,00000000fffb8cf0,14.89
20886,2019-08-04T12:41:45Z,65de3b8621fadfc61e9d3657dc477ea9867f9d093f80cf0857dcad88,60.16762,24.95415,000000006b44cce7,11.7
20887,2019-08-04T12:41:45Z,6723bebaab92d1a9f8b4318fd4f497a6dec6d7f8e0eafca443925213,60.16075,24.95883,00000000f1124bca,5.91
20888,2019-08-04T12:41:45Z,67591d427f60ba3c369ac0d78088fca7be33081501508d16401dd6cb,60.16762,24.95415,000000006b44cce7,3.74
20889,2019-08-04T12:41:45Z,675eacdf32b5b831fd118fc5539eea4b3cef4bd11e2e1706a9571222,60.16829,24.94214,00000000afef4555,9.12
20890,2019-08-04T12:41:45Z,6774ed72eaf69d7c4aaeeef90990f969954155bbcc52652e75e7deef,60.16829,24.94214,00000000afef4555,5.91
20891,2019-08-04T12:41:45Z,677c53ae4056d6cb123ca576ba5284664b1c7e3e88818bd19b5dd99a,60.17919,24.95181,000000007b5207b6,10.78
20892,2019-08-04T12:41:45Z,6875e3632a29207e29ded33617e66d55de5d8c7804fecedd6f1dfe12,60.14699,24.922,00000000a53ed894,4.94
20893,2019-08-04T12:41:45Z,69375ef968867906fc11b34d1e2c4b436d452cd47cb577a7f9e566ef,60.16762,24.95415,000000006b44cce7,4.5
20894,2019-08-04T12:41:45Z,698b200b63a644828a7314691a16af2af1bccef75d52abb5591a5542,60.14699,24.922,00000000a53ed894,9.12
20895,2019-08-04T12:41:45Z,69f1de5049f5731749defe893b8ae9ada4f5f788a994b8f7413ef657,60.17002,24.94407,000000006b087f40,18.79
20896,2019-08-04T12:41:45Z,6b6668d7ebecfb96a6ed3ca19e97f8da150943ddf1d034675d08a9b8,60.14699,24.922,00000000a53ed894,10.78
20897,2019-08-04T12:41:45Z,6b97071051ccf5db7e5ebee033d4f68d58ed6917ff2fac5b205a6605,60.17065,24.93641,000000000f4919c9,14.89
20898,2019-08-04T12:41:45Z,6c7e018abdf8462af7c7b003bc30f915184f7082e9e865a2c502eed5,60.14699,24.922,00000000a53ed894,12.69
20899,2019-08-04T12:41:45Z,6e7709b0a9e9956571d6880226fcc9402e5b8f406cf339d959c0cb2a,60.14699,24.922,00000000a53ed894,12.69
20900,2019-08-04T12:41:45Z,6f3dd17e40daabb4efe868f1b859dc00ecc01846f0a0e2b8db5d1413,60.17919,24.95181,000000007b5207b6,25.36
20901,2019-08-04T12:41:45Z,6f8d7717df843a7b0be6b0dd55e933ebbd9819bd96c48f210e193e4e,60.16829,24.94214,00000000afef4555,17.4
20902,2019-08-04T12:41:45Z,6fdfc33c6b609ea80b4a38ecf657bc68b7bf659752b51edcc22ffb54,60.16762,24.95415,000000006b44cce7,7.05
20903,2019-08-04T12:41:45Z,6ff93560ca77c6e5a25bc7441cf33cf7fa0138b3da4d99b2dbf5531b,60.14947,24.91438,000000004ef3150d,9.12
20904,2019-08-04T12:41:45Z,70c56152af84cf1bad4d19b0cb31202232b4cd4320ce5ea48895e42b,60.14947,24.91438,000000004ef3150d,11.7
20905,2019-08-04T12:41:45Z,71479e7c1c4fd96468f16800ff04484480c76e0953d2074500b0df31,60.17919,24.95181,000000007b5207b6,16.1
20906,2019-08-04T12:41:45Z,71c360c0ae36f964d9ca7957d318abe8f1933c8220f225231eb33b39,60.18203,24.91341,00000000342570c2,38.87
20907,2019-08-04T12:41:45Z,72231bca658d3a16f3bf9c26ba5f13393b8377e4ab0b9ed3de6c811f,60.14699,24.922,00000000a53ed894,21.87
20908,2019-08-04T12:41:45Z,733f21ebebe353e10a55a74b40a0a480e6d276334d4f3d8bcf85b711,60.16075,24.95883,00000000f1124bca,41.64
20909,2019-08-04T12:41:45Z,745e52dafbfa395ea41c5fcd0c2717b9091e44d19ab89e03991fdbb7,60.16762,24.95415,000000006b44cce7,21.87
20910,2019-08-04T12:41:45Z,7470acbcae5ee27e98f825f59d55cc8115045d611f5d0cd3dbfd81c8,60.16075,24.95883,00000000f1124bca,29.32
20911,2019-08-04T12:41:45Z,759f94c852ff15ca91c3138913c3858c4801702f8f0514ae82fb2a19,60.16897,24.95222,00000000aa852af1,13.75
20912,2019-08-04T12:41:45Z,7664b7f08aaa059ecf6646a595c33fae0c80715febe63e31f45a4662,60.16762,24.95415,000000006b44cce7,5.91
20913,2019-08-04T12:41:45Z,773cde2fe905572767422dd8f7b13c6579d615ef03314b665c7bf40f,60.16762,24.95415,000000006b44cce7,12.69
20914,2019-08-04T12:41:45Z,777cceac7be6303a1c82f7cc68061528b01e3aa1b3aa6481cad9e5e3,60.16075,24.95883,00000000f1124bca,9.92
20915,2019-08-04T12:41:45Z,77a12194b9a6789f4b2b8c07ae7fce3c2b531cb221e5fa7ca5deae55,60.16897,24.95222,00000000aa852af1,8.38
20916,2019-08-04T12:41:45Z,79bde23c1a8980f93a65e14306f0d8ea89e164430d8b991e2bfee82e,60.16531,24.9442,00000000fdda10fe,21.87
20917,2019-08-04T12:41:45Z,7a0c0b525f2d3eed6c873bd3b8d27bede551fe4a428ac15c23deadae,60.16075,24.95883,00000000f1124bca,10.78
20918,2019-08-04T12:41:45Z,7a4a06d20ebe57d94e5fceeaf47d5b56ad9a515818e9c20e21a80e61,60.16629,24.95957,00000000fb7600be,11.7
20919,2019-08-04T12:41:45Z,7a97375000483176c3b37cc0d1744a950d9b322ce3534208fce0b21d,60.14699,24.922,00000000a53ed894,16.1
20920,2019-08-04T12:41:45Z,7ab335e046f7f3597f8f615a90857885e35cfecefebd5d24bbf0af90,60.16075,24.95883,00000000f1124bca,25.36
20921,2019-08-04T12:41:45Z,7ad93fed82e41ea4422fa101badc698b0328c3ebf0f6b73c5164d438,60.16897,24.95222,00000000aa852af1,7.69
20922,2019-08-04T12:41:45Z,7af6672e274ebe27cdb785373a857fc5bcad92a386c36dbe3221d4f4,60.14947,24.91438,000000004ef3150d,6.46
20923,2019-08-04T12:41:45Z,7b61dc50070867948abbe5275032ae82e7643ca4158a809fe41a8b69,60.14699,24.922,00000000a53ed894,8.38
20924,2019-08-04T12:41:45Z,7bb67bcf014747e5d826f95c610d36492f31095552417a0864475491,60.14951,24.92138,0000000006dd41f6,21.87
20925,2019-08-04T12:41:45Z,7be762f58d54665c5e6668eb2fb3eae7201522ddff196bbc5eb731f0,60.14947,24.91438,000000004ef3150d,20.28
20926,2019-08-04T12:41:45Z,7c9213d7d9786431a8781a665fa1b7091507aa244d28b85d07a1399a,60.17065,24.93641,000000000f4919c9,25.36
20927,2019-08-04T12:41:45Z,7d9a3d84c09c3a8d6876389e216e0278048d6b924890fb275a078ffb,60.16531,24.9442,00000000fdda10fe,0.59
20928,2019-08-04T12:41:45Z,7e76449e59f1e3a1a615b54408115353fbb14d815390d03a73b1a7bb,60.14947,24.91438,000000004ef3150d,7.05
20929,2019-08-04T12:41:45Z,7ee87b87cf01698f643e1ba3117b245039edc811605df5dc802e7576,60.14947,24.91438,000000004ef3150d,7.69
20930,2019-08-04T12:41:45Z,7f2f97e26d55f653ed70260ea4f893d01a3984cbdf6d7a3bfb2641de,60.16829,24.94214,00000000afef4555,6.46
20931,2019-08-04T12:41:45Z,7f3c9dd2c7352cb81fb186a7d700841d2bcb47cd8ea0d5f8719b5908,60.16762,24.95415,000000006b44cce7,9.92
20932,2019-08-04T12:41:45Z,7f786ec8e06f1ca3bdd10fc60d0114baf354125b8f6cf796d197f4cc,60.16075,24.95883,00000000f1124bca,4.5
20933,2019-08-04T12:41:45Z,80cbcb887f3e351e3bef7c5f53dccc578cc3494feec514aed7015c0d,60.16075,24.95883,00000000f1124bca,7.69
20934,2019-08-04T12:41:45Z,80cc39b04598f971820e63498fd27ae72a12a45a60c220fe625b282a,60.14699,24.922,00000000a53ed894,11.7
20935,2019-08-04T12:41:45Z,82411c6526228322a61f59259f13adf7cde62bd767587b6735867705,60.17919,24.95181,000000007b5207b6,14.89
20936,2019-08-04T12:41:45Z,83121a75723643c48e3c3b0a3ea5fccb532046432ca445833e8de06a,60.16762,24.95415,000000006b44cce7,2.54
20937,2019-08-04T12:41:45Z,848fe01e24ccc782e5968171f53ea31d28f20a455c45d8bac8fb7374,60.173,24.92524,0000000096918cfa,9.92
20938,2019-08-04T12:41:45Z,8499290ca844477035cb04c821386788d09243bf12e2337d45411ac1,60.17002,24.94407,000000006b087f40,16.1
20939,2019-08-04T12:41:45Z,849a662d95d4185421aff7c6213ba5d7b84cfc58c9fb30ff34054e4c,60.16075,24.95883,00000000f1124bca,12.69
20940,2019-08-04T12:41:45Z,859b417d0b562f5c4ab33c3877c95cd7cbb332db91dcd0f4e7a4f3b6,60.14699,24.922,00000000a53ed894,11.7
20941,2019-08-04T12:41:45Z,85d66944a64cfde859e7e08ca4b79f3b39d5b03141d500fe7ce73f7e,60.14699,24.922,00000000a53ed894,12.69
20942,2019-08-04T12:41:45Z,87bb1abe21abfcb5e5c2039e579cff7ca863a6019207db356de5b7c2,60.14699,24.922,00000000a53ed894,10.78
20943,2019-08-04T12:41:45Z,8822ffe19dec49fe874ac377de5a0504e931e342ecc1f5b1fcb939e5,60.16897,24.95222,00000000aa852af1,16.1
20944,2019-08-04T12:41:45Z,8947a5209f3b32173d3dc72792039edf94a2711741ab041b62b30643,60.16762,24.95415,000000006b44cce7,4.11
20945,2019-08-04T12:41:45Z,896f7e896dc6f1ea44b82bf968a988cc10c358ee34821d9d7a4bd07a,60.14947,24.91438,000000004ef3150d,17.4
20946,2019-08-04T12:41:45Z,8a08b2de43a9ef03cf96610718c908e69dcacc59f536a7135b7bb542,60.16629,24.95957,00000000fb7600be,9.92
20947,2019-08-04T12:41:45Z,8acb351d2b6acbd61099205c5c497b7507c1a4da115c4b8fcaa8c930,60.16762,24.95415,000000006b44cce7,14.89
20948,2019-08-04T12:41:45Z,8ba6cfc17ca70e8304994e018ebd5eb2003177062cde05925d5cacb3,60.173,24.92524,0000000096918cfa,8.38
20949,2019-08-04T12:41:45Z,8bbf5422247a0a6be314130d8fd9ae1814401b75acf3b3ce2da9620c,60.14699,24.922,00000000a53ed894,10.78
20950,2019-08-04T12:41:45Z,8d73f674010f5cb02e8f20251ed86a9afcb7f6b3926039470296bd00,60.17065,24.93641,000000000f4919c9,21.87
20951,2019-08-04T12:41:45Z,8d8a869e83fe2ac29e791666634a33af3ea4048ea4e752b6fb1e238c,60.14947,24.91438,000000004ef3150d,3.74
20952,2019-08-04T12:41:45Z,8dcf139eb279bcc2696420ba9da858e361600ff02cd29587f66660ec,60.16897,24.95222,00000000aa852af1,20.28
20953,2019-08-04T12:41:45Z,8de3d516b6cffb3335f9ebec3f6068b693db224f56eae6a50d7c6320,60.16531,24.9442,00000000fdda10fe,23.56
20954,2019-08-04T12:41:45Z,9023a89a49a372e5f97cf86ef1b5de0164eb67cc10d394d383ab75fd,60.16829,24.94214,00000000afef4555,11.7
20955,2019-08-04T12:41:45Z,920dc90f60b295267f63efc8f968408087b71878dc3f49f0ded1c41e,60.17919,24.95181,000000007b5207b6,25.36
20956,2019-08-04T12:41:45Z,926717d61529080dfc4c7f8cdcdc82c6490d2a5129474524b8c40ea4,60.16829,24.94214,00000000afef4555,18.79
20957,2019-08-04T12:41:45Z,93a2100e233b204243f7e69b68dea7c9a145d1b5384bd18359bf87a3,60.16531,24.9442,00000000fdda10fe,2.3
20958,2019-08-04T12:41:45Z,94237bc673d78a307ecc9da6df18d0b37e632b8cd6709f81081f000a,60.17002,24.94407,000000006b087f40,17.4
20959,2019-08-04T12:41:45Z,9575ef1c44f26f0301d726029c8b1c28011a4724496943451bee6544,60.14947,24.91438,000000004ef3150d,8.38
20960,2019-08-04T12:41:45Z,9604244c18efd5978b809f021651f7743e0e64da38fcf3718f9b4f93,60.14699,24.922,00000000a53ed894,11.7
20961,2019-08-04T12:41:45Z,97264f5808fa13851dacabf0c98525eec29849ff4b6a744cc777fd5b,60.16075,24.95883,00000000f1124bca,12.69
20962,2019-08-04T12:41:45Z,9736a8a29aee134a307e0cd4221e9b0a2ab7c48befee43fc62e9f9bd,60.14699,24.922,00000000a53ed894,5.41
20963,2019-08-04T12:41:45Z,9862cafd709b75d07c83b397773e0cf33564666cb81814bdbf5e54f2,60.16897,24.95222,00000000aa852af1,16.1
20964,2019-08-04T12:41:45Z,9868033d7f0d18f01d12a4034f37bf5d6e51e5ed9124c68d4b8b8e6c,60.14947,24.91438,000000004ef3150d,18.79
20965,2019-08-04T12:41:45Z,9885627881a266e5cf401516e009049e859d738e2e019be570f4b4d8,60.16448,24.97323,0000000053c6c2be,17.4
20966,2019-08-04T12:41:45Z,98bb3b6f5e2403b14b8e01616c07b03bb1fd153ded656033d7bd3533,60.16075,24.95883,00000000f1124bca,9.12
20967,2019-08-04T12:41:45Z,992f6feda52c82ad67e40af55b5602bb22411020701998c6bd65faed,60.16762,24.95415,000000006b44cce7,13.75
20968,2019-08-04T12:41:45Z,99334da99912e6d4b516e02432e7f88db5a5b87f635722bc3a8b38a6,60.14699,24.922,00000000a53ed894,18.79
20969,2019-08-04T12:41:45Z,994b630283c750a0b697359e32c4bd06d5b4a32d2edb6c12cce42b32,60.16829,24.94214,00000000afef4555,13.75
20970,2019-08-04T12:41:45Z,99753600aa90a43c336153dd03985a2996b7bc6052086f503020518c,60.14699,24.922,00000000a53ed894,13.75
20971,2019-08-04T12:41:45Z,9a9db814dfa74ca2c2d51496299715310e81c6e6525cc9d2cb0762eb,60.16897,24.95222,00000000aa852af1,12.69
20972,2019-08-04T12:41:45Z,9ac4c3176875b59567d28bf01df0c9490620902ff082fd0b93d15cb4,60.18203,24.91341,00000000342570c2,16.1
20973,2019-08-04T12:41:45Z,9acffb3f8b8720e2de83c8cfd41915d268d5eca34e0bd280eed3e6f4,60.16897,24.95222,00000000aa852af1,20.28
20974,2019-08-04T12:41:45Z,9b03b610755f4cec2e9d83a9763204e758a075614b125210bc914df5,60.16075,24.95883,00000000f1124bca,31.5
20975,2019-08-04T12:41:45Z,9bad872c31c8c5e53f064b5367350b41271d45ca8a9e508136622800,60.16897,24.95222,00000000aa852af1,4.5
20976,2019-08-04T12:41:45Z,9e3d4a4b1acd94d2896cd7cf56419110f06ea96faae37aadebd4ec77,60.14947,24.91438,000000004ef3150d,16.1
20977,2019-08-04T12:41:45Z,9feead3068ed3a48c56f1fa4b4bd06ed064ca5141afe9d8f907a8941,60.16629,24.95957,00000000fb7600be,25.36
20978,2019-08-04T12:41:45Z,9ff13c715073d5ad9c464cb67b6de3f703435cf389c32cce5626dfe1,60.149,24.9843,00000000fffb8cf0,20.28
20979,2019-08-04T12:41:45Z,a01d7427dcaa19c3efac1cde116c3751db11d6cf2838d0509704616a,60.14699,24.922,00000000a53ed894,11.7
20980,2019-08-04T12:41:45Z,a22736c5d66f417bc6b745f51492549dc2e5a3c766f5e7e23f183b41,60.14947,24.91438,000000004ef3150d,9.92
20981,2019-08-04T12:41:45Z,a2e771418a36fc43aa9719d034aa9e3a7a751c5123e4bd33cc2aeea7,60.16531,24.9442,00000000fdda10fe,11.7
20982,2019-08-04T12:41:45Z,a38a21a97a054541f0423f03758c70227116c05254958373e3e93ad0,60.14947,24.91438,000000004ef3150d,9.12
20983,2019-08-04T12:41:45Z,a422a30ec1eb058c7930e1352297c161639faa5b3ca5f5fa47c4adb3,60.14947,24.91438,000000004ef3150d,4.11
20984,2019-08-04T12:41:45Z,a47f8d59e11da7fa47e0cbe518b593e023018f122d5710ffbb775c0f,60.16829,24.94214,00000000afef4555,13.75
20985,2019-08-04T12:41:45Z,a6158fc663b4931ef4e811a4acf62ab2f658241775e200b14684f87d,60.16897,24.95222,00000000aa852af1,29.32
20986,2019-08-04T12:41:45Z,a6f944078dd26796f5a849ccb6fdf8a4436f913cf3302597c846462d,60.16762,24.95415,000000006b44cce7,6.46
20987,2019-08-04T12:41:45Z,a7472d1b63171c047444981df223670390009e3ea502132d9963e9fb,60.14947,24.91438,000000004ef3150d,9.92
20988,2019-08-04T12:41:45Z,a76d219c3abcc4ec3a54dd834263f9a24972c71be4c7bbbfc663f22f,60.14699,24.922,00000000a53ed894,5.91
20989,2019-08-04T12:41:45Z,a794d97e26d3678bb11b4364880414bb7bfac4bb49d1867b37b489f7,60.14947,24.91438,000000004ef3150d,9.12
20990,2019-08-04T12:41:45Z,a7a7f84e910c87d01420156efca1675f2f263a8f7f1212bb161e73f3,60.14951,24.92138,0000000006dd41f6,23.56
20991,2019-08-04T12:41:45Z,a8bd45406d5913e098652d4c2d836339758e08d21bf5d88becabdd36,60.14947,24.91438,000000004ef3150d,10.78
20992,2019-08-04T12:41:45Z,a8df2631c2442628608c1f0352c896eb532a6ca08c85de2c77360aa8,60.14947,24.91438,000000004ef3150d,6.46
20993,2019-08-04T12:41:45Z,a9383e1c3d9b3355965662ff18ad95dfb64daa5d8e71fc20e7e50df7,60.14699,24.922,00000000a53ed894,10.78
20994,2019-08-04T12:41:45Z,a96e9a3805def174e6ededa93b88ce312739d9d68941dffdeca03e9f,60.16762,24.95415,000000006b44cce7,16.1
20995,2019-08-04T12:41:45Z,aa076c3f0d09145aebbb750dde9849ba4eb6759e92ba5753280184d6,60.16762,24.95415,000000006b44cce7,9.92
20996,2019-08-04T12:41:45Z,aa6d51fc5411b69567cb854360c4a81267eac19446946eb27618306a,60.14699,24.922,00000000a53ed894,9.92
20997,2019-08-04T12:41:45Z,aba0a0ba8ac6fa1709e38c64f963a344afc317eae50c6141b2315763,60.16897,24.95222,00000000aa852af1,25.36
20998,2019-08-04T12:41:45Z,ac93ac0788af8e1b0f20fada4f15ca1ad31f4084b133482d8211571d,60.14699,24.922,00000000a53ed894,16.1
20999,2019-08-04T12:41:45Z,acdcc8ae1d1c6bb055dfc108154eae58b4b894f0ce1ff174c1065c7e,60.16762,24.95415,000000006b44cce7,3.74
21000,2019-08-04T12:41:45Z,ad8af809ed47a3391bb53d11da159b3a8b0ddc264d94c049ce72bda0,60.17065,24.93641,000000000f4919c9,1.88
21001,2019-08-04T12:41:45Z,ae08ba8b9f7ef2a4326d6d7bbf452a87d08f8062feaf20cb7101d414,60.15432,24.9211,0000000019fb59c4,18.79
21002,2019-08-04T12:41:45Z,ae828cc3f1fa739d818186776cff673c88a05d0f3dedfb4a765a54fd,60.16829,24.94214,00000000afef4555,7.05
21003,2019-08-04T12:41:45Z,ae87b8dd8920695bc9e599874667205991c04e30666d8523f0be4350,60.14947,24.91438,000000004ef3150d,4.5
21004,2019-08-04T12:41:45Z,aec4b11f0b1ec075878ca4a3b94da464f6fc96e330b913d5bfd346b0,60.16897,24.95222,00000000aa852af1,16.1
21005,2019-08-04T12:41:45Z,af64ca430076b1e91eeb89134e0e026479928845cbe1943bc56104c2,60.14947,24.91438,000000004ef3150d,29.32
21006,2019-08-04T12:41:45Z,af8d59ebae9a22f7ba004eab4dcac2f4560a935bf6a7f9e2ffc0d0af,60.14947,24.91438,000000004ef3150d,17.4
21007,2019-08-04T12:41:45Z,b06c7ebb0cc7182279f47fe99da297fb7bda883549cb7bbc05dff36f,60.16829,24.94214,00000000afef4555,31.5
21008,2019-08-04T12:41:45Z,b0a20a40885487350aaf5c8f46dab27d4d7e1d5c24fefec54c0c62d4,60.16829,24.94214,00000000afef4555,12.69
21009,2019-08-04T12:41:45Z,b0d94ef9ea9572719866fc0dad1f45c8712d2b6534bfe5ca3d3fefaf,60.16829,24.94214,00000000afef4555,38.87
21010,2019-08-04T12:41:45Z,b12b27061f30d5659794f14cbed5e4726c5af1ef526611d3b2dded29,60.14947,24.91438,000000004ef3150d,10.78
21011,2019-08-04T12:41:45Z,b26280ff7943c2f2f00f94125547cbdc285e6c43b7d0a5819c2eac87,60.16762,24.95415,000000006b44cce7,10.78
21012,2019-08-04T12:41:45Z,b26a9be85f5fd17ea58397762fa55db3c8f68fb709d586d61527c892,60.16829,24.94214,00000000afef4555,17.4
21013,2019-08-04T12:41:45Z,b286a5ad73d5284539b414851f27f57c421773f33f9fc564c7200c36,60.16762,24.95415,000000006b44cce7,25.36
21014,2019-08-04T12:41:45Z,b2a01c2a06c3cf1a48333e58e787d9eaf2f975a738c02878220d7774,60.16829,24.94214,00000000afef4555,18.79
21015,2019-08-04T12:41:45Z,b3d99c04e3db6b698e6e54f19434461336954d0c15385bff6e557be8,60.173,24.92524,0000000096918cfa,33.81
21016,2019-08-04T12:41:45Z,b3e9da5a37ed8ed450753cb7443e607ed1de2af685bad5be61b3e91c,60.16075,24.95883,00000000f1124bca,12.69
21017,2019-08-04T12:41:45Z,b41cc64d7ab4e16a03573bdc3b5863c4b402ec66c7780c7900c02877,60.16829,24.94214,00000000afef4555,9.92
21018,2019-08-04T12:41:45Z,b523d3f8341906e4b3877ff7d9614b4e10d6bbf10afdcc6c53656c8f,60.17065,24.93641,000000000f4919c9,25.36
21019,2019-08-04T12:41:45Z,b5e3abaccf4a03480985d25eb9fbf454c87f7ad06c38c8bdeb0819fa,60.14699,24.922,00000000a53ed894,14.89
21020,2019-08-04T12:41:45Z,b619a20a2a26eeb9431f9666cf192254bb2263e09f6560a5ff68f8f0,60.1638,24.96846,00000000d747f075,38.87
21021,2019-08-04T12:41:45Z,b670feb17d43bf7c9bfc6b8236bd8f240defd4d2f9c402ce52a406a4,60.16897,24.95222,00000000aa852af1,13.75
21022,2019-08-04T12:41:45Z,b7039958be9f53a3eaed97f705a1974815f52f25226e920155397bec,60.16075,24.95883,00000000f1124bca,17.4
21023,2019-08-04T12:41:45Z,b8201571cb5ac01b7db7af4fba6c7ff58336a3f03d0fe13edf985c41,60.173,24.92524,0000000096918cfa,17.4
21024,2019-08-04T12:41:45Z,b82ba472f0cb919b39c31b9c737f1608f6a31ffa63352768f9fa12ea,60.16829,24.94214,00000000afef4555,10.78
21025,2019-08-04T12:41:45Z,b874348f78678c08b0a30b3baaa93532cbbf474afb71fb1de1d86978,60.17002,24.94407,000000006b087f40,27.28
21026,2019-08-04T12:41:45Z,b9c0ac0bb7310d92c296a8870603ebd12c0c632cfc2a1fa33092b337,60.16762,24.95415,000000006b44cce7,10.78
21027,2019-08-04T12:41:45Z,bb0193f2b0ac4801fe82ed5cec75e687465d707d92e731047f81650f,60.1538,24.95595,0000000038bf9618,1.25
21028,2019-08-04T12:41:45Z,bbe7947ea50de5986f237ccab5782ddb55c199ad6a81e8f692670d0c,60.16829,24.94214,00000000afef4555,5.91
21029,2019-08-04T12:41:45Z,bbeaad18acdd3a2602aa5b07ab6ae8df489cb499c4490b3e6f561a5e,60.16544,24.95398,0000000038d83d41,17.4
21030,2019-08-04T12:41:45Z,bbf8cd606b9732370f1c0ae0e68d6d0663a23102d831dd10c0e74819,60.16897,24.95222,00000000aa852af1,9.12
21031,2019-08-04T12:41:45Z,bc07df8cc395f6f4f5d483b2233caca5f93a6918f346e4cc3702f8cc,60.16531,24.9442,00000000fdda10fe,11.7
21032,2019-08-04T12:41:45Z,bc3861c61a46fbf78a7423712f1a528cf9f8332531271933056c233f,60.16829,24.94214,00000000afef4555,18.79
21033,2019-08-04T12:41:45Z,bccfcc98a02cf48098244967d091ea74928cc1b8d2f2b771bd11975d,60.1538,24.95595,0000000038bf9618,31.5
21034,2019-08-04T12:41:45Z,bcf688ec2e666179e52a495a8304dd7aaaf4acad52788a0929b287a2,60.14699,24.922,00000000a53ed894,17.4
21035,2019-08-04T12:41:45Z,bd055b33f37a0f4211ef88e2ac4d20e5a0620250bc6133d5ccbda839,60.14699,24.922,00000000a53ed894,16.1
21036,2019-08-04T12:41:45Z,bddca8fc17056f9f207a259070e281eedf4cea3e8e22093b88bbd7b5,60.14699,24.922,00000000a53ed894,14.89
21037,2019-08-04T12:41:45Z,bebf1edb9736fe66391376c4cf2a3033ab9fa83ae21f86b66392e2d0,60.16762,24.95415,000000006b44cce7,9.92
21038,2019-08-04T12:41:45Z,bef86aee891e6813146b3b9679809c39591429ebddf99a44cc9a60ed,60.14951,24.92138,0000000006dd41f6,29.32
21039,2019-08-04T12:41:45Z,bf2e5725b255e320f1e8375ec03f55194f1fd9f751be9629d873a5c8,60.14699,24.922,00000000a53ed894,3.74
21040,2019-08-04T12:41:45Z,bf7b5b4e75942592c7b9ce61d2191afc196d5b162bcff93bc53ea1d7,60.17002,24.94407,000000006b087f40,20.28
21041,2019-08-04T12:41:45Z,bf992d3cd95a73f02d7223eaffe90a94e3e1e98a8c6759bab631b5b0,60.14947,24.91438,000000004ef3150d,18.79
21042,2019-08-04T12:41:45Z,c0722f63618f97eb8ec4afac1a8538b81a3c87e623d753ad1201bf7c,60.16075,24.95883,00000000f1124bca,4.5
21043,2019-08-04T12:41:45Z,c0a0ca3433586ed2ae0e448f2406fabac7292ac79d49562e0bd5cef8,60.16762,24.95415,000000006b44cce7,11.7
21044,2019-08-04T12:41:45Z,c1e4323d2276cb6e358f5fabb123294e7a0ef87e7169f3cccc8f2e03,60.16075,24.95883,00000000f1124bca,23.56
21045,2019-08-04T12:41:45Z,c22d0093a8d103f59838ad43218fa834e328847e5094bcb2e98d5307,60.16829,24.94214,00000000afef4555,13.75
21046,2019-08-04T12:41:45Z,c25db2e7a7b685e41480c3c47352c0ed5e57e4cb99af3ff5b5a611d7,60.16829,24.94214,00000000afef4555,23.56
21047,2019-08-04T12:41:45Z,c2df6019d8d482b8e842c4255041699db5564f71198829142be74c80,60.16762,24.95415,000000006b44cce7,18.79
21048,2019-08-04T12:41:45Z,c36d58ed0e0dddb3e26be1214e369db1c3fa3d4bcf8b53536a25239b,60.17065,24.93641,000000000f4919c9,4.11
21049,2019-08-04T12:41:45Z,c3b2521faf0f7ae79434e40e86c59699d399444b775c7619f6e73e36,60.16075,24.95883,00000000f1124bca,29.32
21050,2019-08-04T12:41:45Z,c3be6dcc2c0542676c20d28ce38adbe2c0b9be09caa3f22e60210636,60.16075,24.95883,00000000f1124bca,7.69
21051,2019-08-04T12:41:45Z,c3c19e1fbb72afb2fb89fdc6bf035bc03da5a9952823206e623603c7,60.16762,24.95415,000000006b44cce7,25.36
21052,2019-08-04T12:41:45Z,c3e5ee20ca76f7347fda00c4c2fdee291bc6d843a879b26fbdd70390,60.17065,24.93641,000000000f4919c9,16.1
21053,2019-08-04T12:41:45Z,c493415e869d6e6304841784a120f994272b83557256b43e44e4f3e0,60.14699,24.922,00000000a53ed894,7.05
21054,2019-08-04T12:41:45Z,c593e91b10da944a20d25c4237bda2fae759d288cea38bcaaee3abfa,60.16448,24.97323,0000000053c6c2be,29.32
21055,2019-08-04T12:41:45Z,c633a260ce59bad4e1ca42f12936ed8ae57a40f5e6528dfb70052c43,60.16897,24.95222,00000000aa852af1,13.75
21056,2019-08-04T12:41:45Z,c7951807c3dfab7d09841dfc9c9b2a4fc0bcf4f43e44a9ac61b85c91,60.17002,24.94407,000000006b087f40,10.78
21057,2019-08-04T12:41:45Z,c905a50dedd9b3d2114cde9160b7adf83adc09683b65598ce24c4047,60.1538,24.95595,0000000038bf9618,17.4
21058,2019-08-04T12:41:45Z,c9822d9c012b25f745a2934c523f3c9e6db75fbe3f5e673475813381,60.15432,24.9211,0000000019fb59c4,12.69
21059,2019-08-04T12:41:45Z,cb3f05d5604f5532e039e6d40514b13aba8f6274d952bb17a8b801fc,60.15432,24.9211,0000000019fb59c4,9.12
21060,2019-08-04T12:41:45Z,cbc336691f17a9c508549e03d522166247a0cd0a944321c1a7d15525,60.14699,24.922,00000000a53ed894,7.69
21061,2019-08-04T12:41:45Z,cc2cf42c6b14536fb92c810ff0e3dd5a3caa74236f14246a5b6e8cdc,60.16762,24.95415,000000006b44cce7,4.94
21062,2019-08-04T12:41:45Z,cce6b6f309e43e2bb1be6a9784582a82891e976d0869d01040586d27,60.14947,24.91438,000000004ef3150d,4.5
21063,2019-08-04T12:41:45Z,cd3e127e27387b6e06cdf27f46fb6046e4182e4d7b49b49c17167c1c,60.14947,24.91438,000000004ef3150d,16.1
21064,2019-08-04T12:41:45Z,cd9b2be9ffb37c8b7c5c25f587c95b1c7932a21fb245487ea2f740d9,60.14699,24.922,00000000a53ed894,11.7
21065,2019-08-04T12:41:45Z,ceb777dafa9b7e39125b89735b7f0cf22c3018eb0196043ac8160370,60.14699,24.922,00000000a53ed894,8.38
21066,2019-08-04T12:41:45Z,ced0425d382ce86b7565a8b7b36a453a0880a08ba10090524e6c1ac5,60.14699,24.922,00000000a53ed894,25.36
21067,2019-08-04T12:41:45Z,cef1d06a10cfa08bcaef8b36535c2ec32c756a76cc0d5c2a1246f933,60.14699,24.922,00000000a53ed894,12.69
21068,2019-08-04T12:41:45Z,cf348d1ad8b56dd43f377926c2a3f3a9436d35fc378964335639effa,60.16829,24.94214,00000000afef4555,17.4
21069,2019-08-04T12:41:45Z,cfa42322be0000cf89d8969d1b88ace0ba99cab721dd58d55d41a36e,60.17065,24.93641,000000000f4919c9,17.4
21070,2019-08-04T12:41:45Z,cfc2a688ff31fbb1baac8790fb6d56dc7746ba2cf9e0e5f39d4751a4,60.14699,24.922,00000000a53ed894,4.5
21071,2019-08-04T12:41:45Z,d0413da80c7714f40ffe50dcfb00039280c64ecebc61c59df72965e6,60.149,24.9843,00000000fffb8cf0,20.28
21072,2019-08-04T12:41:45Z,d098b9b5b30c5fcd4ae8a2b8bc761df72829713d3ae919634876d349,60.14699,24.922,00000000a53ed894,10.78
21073,2019-08-04T12:41:45Z,d0aa228c2a3e6e1568e876cffc76874702e0f0f63f18533551bf02c1,60.16075,24.95883,00000000f1124bca,16.1
21074,2019-08-04T12:41:45Z,d0cab2a2660dcc5cb99a9bdf39d2e6b31b7498985db1b50e48cb478d,60.18203,24.91341,00000000342570c2,9.92
21075,2019-08-04T12:41:45Z,d150c7aba4e7419f0ddd187392a9c2a429f44fa82535fb594c48ff55,60.16897,24.95222,00000000aa852af1,10.78
21076,2019-08-04T12:41:45Z,d1e3b42846da964eb43395a0c02d5cccd930d1a09090f9d668f1ebd9,60.16829,24.94214,00000000afef4555,17.4
21077,2019-08-04T12:41:45Z,d38e88e5b926f9d1de6e326cca45116fcca11f10684c80876739c6cd,60.16075,24.95883,00000000f1124bca,4.5
21078,2019-08-04T12:41:45Z,d5690433f1f0d0855704a06520cd197dac8c6c1293aa376af6854128,60.16897,24.95222,00000000aa852af1,13.75
21079,2019-08-04T12:41:45Z,d75c412090c347ad7fca9287bcc4eb9bfb757dc7c1725109861dd93e,60.16629,24.95957,00000000fb7600be,11.7
21080,2019-08-04T12:41:45Z,d87210146aab139cc6640a20b428dce6ac516806a71a177b70e04f62,60.17065,24.93641,000000000f4919c9,11.7
21081,2019-08-04T12:41:45Z,d8983a8fe916583702bb776d3d8d3cbbe9e78778fd44d07c52ad1f2d,60.14699,24.922,00000000a53ed894,18.79
21082,2019-08-04T12:41:45Z,d8e7e8b511d1123d1389cf08abbfa54b2b38e1824598b88008356c33,60.16897,24.95222,00000000aa852af1,16.1
21083,2019-08-04T12:41:45Z,daac051ca20430238282e179e0fe525b11ff1e8f1ace26d45b41f331,60.14947,24.91438,000000004ef3150d,13.75
21084,2019-08-04T12:41:45Z,db6993de0692cf79ab1b8e7d86e4b5832d11f57f026a6eb339f977bf,60.14699,24.922,00000000a53ed894,25.36
21085,2019-08-04T12:41:45Z,dc15145376f4a497910c8d2231d671bf62f1918ad93938a48fdc3eb4,60.149,24.9843,00000000fffb8cf0,21.87
21086,2019-08-04T12:41:45Z,dc1c4323de4d895200d2ce734baf64170970bdef349e6206fe57bb15,60.16829,24.94214,00000000afef4555,10.78
21087,2019-08-04T12:41:45Z,dcec4c4fb70c5f7dd0f408b6499f8c5ab0c2e9ff2b6d0fb082eba391,60.16075,24.95883,00000000f1124bca,11.7
21088,2019-08-04T12:41:45Z,dd4d709c749e6cfcf1531575846683d4ca730e850e17c6dd39252f8e,60.16075,24.95883,00000000f1124bca,12.69
21089,2019-08-04T12:41:45Z,ddc8410b9e4ece4b995b789f95e526693bac176ed77092ba57355dc8,60.16762,24.95415,000000006b44cce7,1.7
21090,2019-08-04T12:41:45Z,de09fd8d15c3d7adbf440a3d0a418a3b476513c968bda8a4aa652adf,60.173,24.92524,0000000096918cfa,17.4
21091,2019-08-04T12:41:45Z,de0d086ae32f87522eab31d3bc52545ed17b065889674963c0709568,60.16829,24.94214,00000000afef4555,13.75
21092,2019-08-04T12:41:45Z,de3fe5f63e74a582e06c8cb02e6128d6013827015ba3e2fe93082977,60.17002,24.94407,000000006b087f40,25.36
21093,2019-08-04T12:41:45Z,de84f754a3916c8f831b0bb8ea41fc2a42cdea2794558fece3c7ae97,60.1538,24.95595,0000000038bf9618,18.79
21094,2019-08-04T12:41:45Z,e02c0f9f72e9f248a4b5df8af328e1a0132d4d8a72c1e603d14cdacd,60.18203,24.91341,00000000342570c2,11.7
21095,2019-08-04T12:41:45Z,e0df847c19b463dec6cea35494d375ce136a276c6a785936c931f60f,60.18203,24.91341,00000000342570c2,23.56
21096,2019-08-04T12:41:45Z,e0e938d5ab6fe3b13270163cd8a4e531dfae4b24ff98ab7e4277114c,60.14947,24.91438,000000004ef3150d,12.69
21097,2019-08-04T12:41:45Z,e0ff1e75104c5dfa3549647c238569888e353e1322256a5c6979de0b,60.14699,24.922,00000000a53ed894,9.92
21098,2019-08-04T12:41:45Z,e1322e5118885f9bd50f4b2f8c4fd6d329ced295738b9983ef61b1c8,60.1538,24.95595,0000000038bf9618,21.87
21099,2019-08-04T12:41:45Z,e341e5e3e0b4fef8c3764508293310da5922b202d791694e43069ad1,60.16544,24.95398,0000000038d83d41,10.78
21100,2019-08-04T12:41:45Z,e34bcebfa007159f3d2adb0e62e20fcf721a221f52bdfe2a6ad77831,60.18203,24.91341,00000000342570c2,23.56
21101,2019-08-04T12:41:45Z,e35717ff07f32be5a2e1520f1855533f8dcc72cff7930c9cba9da32b,60.14947,24.91438,000000004ef3150d,16.1
21102,2019-08-04T12:41:45Z,e3c03ee00a1bcd066f8b260cc5b9824d1118b7b7f972a818752aabc7,60.14947,24.91438,000000004ef3150d,27.28
21103,2019-08-04T12:41:45Z,e40a26f3f7468f4ac2302b45f1ed9aab7fea245ccf81d0c08072c881,60.16829,24.94214,00000000afef4555,9.92
21104,2019-08-04T12:41:45Z,e447e76c7b53157c11d5bfeb172c27332c81b5ec7f263badf5507888,60.149,24.9843,00000000fffb8cf0,23.56
21105,2019-08-04T12:41:45Z,e621e7131322cca25ac9c09fde26ef4c94d2ba83c5679134b2bcf63d,60.16762,24.95415,000000006b44cce7,13.75
21106,2019-08-04T12:41:45Z,e6f7965f2ef456f61121bcce5e466f125192e511c2af72d901307e8e,60.16762,24.95415,000000006b44cce7,10.78
21107,2019-08-04T12:41:45Z,e7cd5f775c7eea951719f351fcc25c710f857832d6f4b70a51b7b82d,60.16897,24.95222,00000000aa852af1,12.69
21108,2019-08-04T12:41:45Z,e826dedac8582e619ce18cd7eed68be5ee1fc9ed37e191e06f916835,60.14947,24.91438,000000004ef3150d,8.38
21109,2019-08-04T12:41:45Z,e9115410fa45db5a174eee008cae729dc69937a0e0b5a304899bf1b9,60.17065,24.93641,000000000f4919c9,31.5
21110,2019-08-04T12:41:45Z,e92eb020afcd7c1fad04690230ff8c2f005e404dd25b8dced1df30dd,60.16075,24.95883,00000000f1124bca,11.7
21111,2019-08-04T12:41:45Z,e9e19621fc5cfcfed2c808bbadc6cc6dd31e28d3c04cef8b89ca2729,60.16075,24.95883,00000000f1124bca,13.75
21112,2019-08-04T12:41:45Z,ea157e44ed100be3f782d8b3d8e5e0986079c588c9ea754b14917df0,60.16829,24.94214,00000000afef4555,1.88
21113,2019-08-04T12:41:45Z,ea2f4d9799324f4cd2a6fcda1625b65acdbab9f6b8331c26f63beec2,60.16897,24.95222,00000000aa852af1,21.87
21114,2019-08-04T12:41:45Z,eac6fda3a18aa9ce55b6359f5c62a044e0bcd6bc3576c8cd815acf07,60.14699,24.922,00000000a53ed894,10.78
21115,2019-08-04T12:41:45Z,ec096f9d9f6ac607dcfcecf3327071d33a6ed3fdedd3cc796ba91fdc,60.16897,24.95222,00000000aa852af1,18.79
21116,2019-08-04T12:41:45Z,ec424a10bcefb6e69c2eabf42534f06e7a10aa0cfb28f6478052cade,60.14699,24.922,00000000a53ed894,4.5
21117,2019-08-04T12:41:45Z,ed70712277756192c688e0f4d7620cdb33803ab3e0cc7c180c3efd23,60.15432,24.9211,0000000019fb59c4,20.28
21118,2019-08-04T12:41:45Z,ed79b42b7b79277b944e3800c2bf93fefe5be88fe6d0d2b52a944ea8,60.16762,24.95415,000000006b44cce7,17.4
21119,2019-08-04T12:41:45Z,eed1c3b93e33ab3a4802db427c8c197c0fbad358e039b6ea8c8af07b,60.18203,24.91341,00000000342570c2,25.36
21120,2019-08-04T12:41:45Z,ef352dcaa8317b6a3c0a02cd8908dd13da5601cc66ba65c5fd8d031a,60.14947,24.91438,000000004ef3150d,8.38
21121,2019-08-04T12:41:45Z,ef77b04fc57a9781bf581172358ba74cf41e0b2a6ecc8090f99810bf,60.14699,24.922,00000000a53ed894,18.79
21122,2019-08-04T12:41:45Z,efe8b6c6fdf0d2caccd589aaaa4f0228a80590ff9ec7961f2e92103d,60.16762,24.95415,000000006b44cce7,7.05
21123,2019-08-04T12:41:45Z,f00fb569fe1448dccb8e92e24b081a3164b59eb117131800780c70a9,60.14699,24.922,00000000a53ed894,27.28
21124,2019-08-04T12:41:45Z,f04b198f2f3331022f4a89ef2c2d12283e9c1c03a6c64a1dcb6e76cc,60.173,24.92524,0000000096918cfa,18.79
21125,2019-08-04T12:41:45Z,f062cb52d49926a4fb39f723275ed60ab6c0f3bf34e0c3f9d233b7b8,60.14947,24.91438,000000004ef3150d,14.89
21126,2019-08-04T12:41:45Z,f1e73fa6dab8e8a2db6d7515f601fac161f17c34beb84aa55e812a9e,60.16762,24.95415,000000006b44cce7,16.1
21127,2019-08-04T12:41:45Z,f20f951802c722181f0e90095001c49e73f84049bb105b95c97049d1,60.17918,24.95141,00000000675d5200,27.28
21128,2019-08-04T12:41:45Z,f2deba4ef84dbbc8c5d8524f6e2311183003bce4f9bfa6aef5b5ef66,60.14947,24.91438,000000004ef3150d,9.12
21129,2019-08-04T12:41:45Z,f39827c3c7f4c833d1118043492f78e3255b6da9f4a2c000041d9b61,60.16829,24.94214,00000000afef4555,0.5
21130,2019-08-04T12:41:45Z,f5f7cfe177dfb0b7ebba2419ae53f70b6b5690dd98d98586004a9107,60.149,24.9843,00000000fffb8cf0,11.7
21131,2019-08-04T12:41:45Z,f66767381dd8d1bf0e53c7bb920dd23845902ad04a03ab1134a70b11,60.173,24.92524,0000000096918cfa,18.79
21132,2019-08-04T12:41:45Z,f6a88c4482d078d6a1d51eabc04916c6f7566cff4a16fd55f3abdef0,60.16531,24.9442,00000000fdda10fe,21.87
21133,2019-08-04T12:41:45Z,f6f40aff7053e40606943194f27b856d164215a3401680a7aed8a27b,60.17065,24.93641,000000000f4919c9,29.32
21134,2019-08-04T12:41:45Z,f796c9efc581b25280d4b416f8ba3aecca6ddf083e7bdad05f6e595e,60.14699,24.922,00000000a53ed894,8.38
21135,2019-08-04T12:41:45Z,f7f0caf73572bea3c08b592eeb9655b2668cfb16fd8840ca5619d84a,60.14699,24.922,00000000a53ed894,4.94
21136,2019-08-04T12:41:45Z,f868d87b5d5a7094b60a131cd3e120c25787ebf751f7c93640b34942,60.16897,24.95222,00000000aa852af1,23.56
21137,2019-08-04T12:41:45Z,f97bd6b766461dd4066a8fde3d7dfed9d1027ff23973200a005458cd,60.17002,24.94407,000000006b087f40,18.79
21138,2019-08-04T12:41:45Z,f9f454563bb2c7fd9944c5f164bf6c5fad98bb698039934d4d8b54dd,60.16897,24.95222,00000000aa852af1,20.28
21139,2019-08-04T12:41:45Z,fa96854324adae88abb35afa34b2393a20338bfd8fc9602d3ce6ae8d,60.14947,24.91438,000000004ef3150d,5.91
21140,2019-08-04T12:41:45Z,fadc39da3cd26ac621092fbbff224b95bb13446c8d24bbf4f3e50e90,60.14947,24.91438,000000004ef3150d,4.5
21141,2019-08-04T12:41:45Z,fd77161cf9715d9d0f922cf45e79e5d9b9debef5113cb32a4f82ef76,60.16762,24.95415,000000006b44cce7,5.91
21142,2019-08-04T12:41:45Z,fe5ca86c906b1cb3bf9dd257ceefc562e41da499878f1074484f7d42,60.14947,24.91438,000000004ef3150d,13.75
21143,2019-08-04T12:41:46Z,002609eccfa6482109fb43966e0153bf6f371425cf715e49925348dd,60.14699,24.922,00000000a53ed894,21.87
21144,2019-08-04T12:41:46Z,0152988639aaaa9cc27213280c8f0c0c8ec97ae6a45aaaf743c9c25d,60.16544,24.95398,0000000038d83d41,29.32
21145,2019-08-04T12:41:46Z,07d86ad98399440d0cc3bd3382a7256feb971e49a3686dc17f532e1c,60.16829,24.94214,00000000afef4555,14.89
21146,2019-08-04T12:41:46Z,0dd09efc9717b508a52eb5196698ac7acffb325c836e14f240e56313,60.14947,24.91438,000000004ef3150d,20.28
21147,2019-08-04T12:41:46Z,112c36ba789fa57e2b19c9bff8bfe0b3eba19a431c3af4656c4cee5b,60.16531,24.9442,00000000fdda10fe,33.81
21148,2019-08-04T12:41:46Z,1142f5b6806b1ec7d8d47d47013eb530d8a7418f6934d8867b20966a,60.16829,24.94214,00000000afef4555,27.28
21149,2019-08-04T12:41:46Z,14c7e1511b70f4dd3359cbece1377aebb4d70531f5489eefe53d7c3c,60.16544,24.95398,0000000038d83d41,23.56
21150,2019-08-04T12:41:46Z,1599d2c9070a6f05e1a5887c2d9209214c04818c6203fe75440734f2,60.1538,24.95595,0000000038bf9618,23.56
21151,2019-08-04T12:41:46Z,165ebbb4090d47319ae370f0d0854fdc1f6b79499f8b2e4d3c3533c0,60.16544,24.95398,0000000038d83d41,23.56
21152,2019-08-04T12:41:46Z,1e7ea410376fbdb3f3c476c76d23abad5d830690f78f71ea06f7e321,60.16075,24.95883,00000000f1124bca,10.78
21153,2019-08-04T12:41:46Z,211f6b7b044343d0be369791b3fa3c144d0d0f391e2a42787712efb0,60.16448,24.97323,0000000053c6c2be,12.69
21154,2019-08-04T12:41:46Z,21d09757012e8f7297d1de922f681bcc36581a3d7be770b42b3780a0,60.15432,24.9211,0000000019fb59c4,11.7
21155,2019-08-04T12:41:46Z,25a7ff811c3c06e426c7c2cbb0433d9a2a3399b23afecbd35584ab0f,60.18203,24.91341,00000000342570c2,17.4
21156,2019-08-04T12:41:46Z,2603b5aecd8f219a410e558446935308ecabb09a6c9e5b38533728ff,60.16829,24.94214,00000000afef4555,20.28
21157,2019-08-04T12:41:46Z,315af4a829b592ba99b203b8ed2cbd499769f8752dfe6de7da4ee929,60.16829,24.94214,00000000afef4555,17.4
21158,2019-08-04T12:41:46Z,4317f5904a5e6ae921bf743dd534c803083fd90b15a1245881beeade,60.16897,24.95222,00000000aa852af1,27.28
21159,2019-08-04T12:41:46Z,44d0b94469070803869f229601e877beb613c3f5aafa009addf97a1a,60.16544,24.95398,0000000038d83d41,17.4
21160,2019-08-04T12:41:46Z,4a1efc9faf9548fe0ed72037d54a131265a72e61fdfc2009a4e9408a,60.16075,24.95883,00000000f1124bca,16.1
21161,2019-08-04T12:41:46Z,5bbb5184fded3e51bc78e45e39917794285e6bbc72da404802a9599a,60.16531,24.9442,00000000fdda10fe,29.32
21162,2019-08-04T12:41:46Z,5d65719c4cbf045f068d084b72302f447d5fd034413d97d13be00d0e,60.18203,24.91341,00000000342570c2,16.1
21163,2019-08-04T12:41:46Z,5eed115a984d490b02b602d73787aee8dc8c4e9365b77fbff3818a76,60.16629,24.95957,00000000fb7600be,18.79
21164,2019-08-04T12:41:46Z,69219e9efa41ae9e732653e9eaf08e1a34cb853a9dafe76ddeea4d04,60.16897,24.95222,00000000aa852af1,16.1
21165,2019-08-04T12:41:46Z,6a70e2fbced719333e21eff04fcb9cb36bae9a04d1a3d6ddd96f2c58,60.15432,24.9211,0000000019fb59c4,5.91
21166,2019-08-04T12:41:46Z,6f06341f358e61699fe1e55e986dd0554bc8da28b91daf0c5ad99db6,60.16629,24.95957,00000000fb7600be,20.28
21167,2019-08-04T12:41:46Z,70d8572458a1a103555bab897b6443e601e0ed211414b15ad0b56f60,60.16544,24.95398,0000000038d83d41,36.27
21168,2019-08-04T12:41:46Z,71230a1e5ab6c21c997acbb4b5e35a0a2a2898b6d830e82bb9c245cb,60.16544,24.95398,0000000038d83d41,23.56
21169,2019-08-04T12:41:46Z,7678cdb86d454ca9ae52f22d97e635106585a3a046d01da4463695cc,60.18203,24.91341,00000000342570c2,18.79
21170,2019-08-04T12:41:46Z,85ef35aecf2ff804be3d958b592705ec41c6df9c128c132c65bb283d,60.16897,24.95222,00000000aa852af1,18.79
21171,2019-08-04T12:41:46Z,87dfaad29a9276ddddb1fa021d3bc23ad14824c1af16f7d87e713689,60.14951,24.92138,0000000006dd41f6,21.87
21172,2019-08-04T12:41:46Z,88808fe92573e9cdf022cc15b9689b6b4b9429f60513c8897b0ba4c7,60.16897,24.95222,00000000aa852af1,16.1
21173,2019-08-04T12:41:46Z,8c3b1ed0846e38cc84b863a80540c8a75bfd85c8bdda36563d153110,60.16544,24.95398,0000000038d83d41,23.56
21174,2019-08-04T12:41:46Z,8c75c3289c84fe4493e1e272a77b615fe1985880c5dc68a7c1a17b53,60.16762,24.95415,000000006b44cce7,13.75
21175,2019-08-04T12:41:46Z,94c5a69a5ae6e9407c3fa9a6919d99beb3558dd4e6750eb480ddc36f,60.16829,24.94214,00000000afef4555,27.28
21176,2019-08-04T12:41:46Z,9843c6216661048343a0e49cf3d8aa2883cf77f452666a1c873a1052,60.16448,24.97323,0000000053c6c2be,16.1
21177,2019-08-04T12:41:46Z,acd2647d413f41552b31b6e383da445c8902bc2a764d2b7791a7b164,60.16762,24.95415,000000006b44cce7,12.69
21178,2019-08-04T12:41:46Z,af807b67ce09a2ce1744025c421961213f1608ca658ece4df69555a1,60.16762,24.95415,000000006b44cce7,12.69
21179,2019-08-04T12:41:46Z,b5fd6b317890e5ab2d79e2cd1abe61626d45a753c7337d0d40728898,60.16762,24.95415,000000006b44cce7,11.7
21180,2019-08-04T12:41:46Z,b6768ae226a93bce23852414e20866c7413513d067579c03ea883dfa,60.17065,24.93641,000000000f4919c9,18.79
21181,2019-08-04T12:41:46Z,bcb0201b0a1edf350ae2f681076e7d2d48ebd94c075bd3ca59552020,60.16897,24.95222,00000000aa852af1,17.4
21182,2019-08-04T12:41:46Z,bce16addb0ad2b7209298c35b3506869253f4e4a612a4cb45803ddf2,60.16075,24.95883,00000000f1124bca,17.4
21183,2019-08-04T12:41:46Z,c40c37def6bf11a63a2556519a7c6233fd417cdeea2cf14f28e7c42c,60.16531,24.9442,00000000fdda10fe,21.87
21184,2019-08-04T12:41:46Z,cf05623e4d87ce0906c0b0b7dbf53aacc1228016cd27c341228b6e76,60.18203,24.91341,00000000342570c2,17.4
21185,2019-08-04T12:41:46Z,cfc0bedb78ded52749db3188cb188bf6a250ef5990da9c5afa9623fc,60.14951,24.92138,0000000006dd41f6,23.56
21186,2019-08-04T12:41:46Z,d661caec7a5da6aef734734bbf9090debe494c1afd98050f88f269bd,60.16829,24.94214,00000000afef4555,13.75
21187,2019-08-04T12:41:46Z,dcaa88e5d510f572877286b8ba0663428b2d71a50b6630460009c779,60.14947,24.91438,000000004ef3150d,16.1
21188,2019-08-04T12:41:46Z,dcb7e8bb90af70568c12a902d706c70e1ac1213e31ba074756f0a27a,60.1538,24.95595,0000000038bf9618,20.28
21189,2019-08-04T12:41:46Z,ded49640b591e73bff71f84fb99d2739eb6c9554164a015017725e03,60.16829,24.94214,00000000afef4555,11.7
21190,2019-08-04T12:41:46Z,e8690c2d1711bc10f2d1251a3b5b1e770b98c66c384760400c604de1,60.16829,24.94214,00000000afef4555,23.56
21191,2019-08-04T12:41:46Z,e8e366e76c97944e23c0f80b4fd3ce6e5832744922297146a49f0c7e,60.16762,24.95415,000000006b44cce7,10.78
21192,2019-08-04T12:41:46Z,e96bd269a48b822b06141c3362fcb6d5ed4d0d09a120f2e4a712d5c2,60.16897,24.95222,00000000aa852af1,10.78
21193,2019-08-04T12:41:46Z,ed70dda6b7faebd4340dacdb452ab224d9d3c308df417b7fa76f54e8,60.14951,24.92138,0000000006dd41f6,23.56
21194,2019-08-04T12:41:46Z,f088630d7476dae7d4b7e2bb1f10575f2c89acb4b6e061f3d57c2b40,60.16531,24.9442,00000000fdda10fe,17.4
21195,2019-08-04T12:41:46Z,f237103f284dc6c51c64f9728c4f56e0c855dbb1bf8c4165758c3ef0,60.16897,24.95222,00000000aa852af1,23.56
21196,2019-08-04T12:41:46Z,f29ea15113ac0eea0be8ec41c633909de4b0b9ab6c7b9898b128080c,60.16897,24.95222,00000000aa852af1,13.75
21197,2019-08-04T12:41:46Z,f405a7c4a3a4339f8e3f7e552f6492d6eed76f7d08c54943286213de,60.16762,24.95415,000000006b44cce7,13.75
21198,2019-08-04T12:41:46Z,009ad4cd2bd97e04da44cc9789e6bdbdb899eded61d05b7d5634b7be,60.16829,24.94214,00000000afef4555,5.91
21199,2019-08-04T12:41:46Z,00a07b1f8113691d8475c54082a14cdd54decf9845a90e75df8031a6,60.17065,24.93641,000000000f4919c9,23.56
21200,2019-08-04T12:41:46Z,010298d620fbe80ab4f46c866c215217b2bf1fd12a2a67b9e56b4ce8,60.16829,24.94214,00000000afef4555,17.4
21201,2019-08-04T12:41:46Z,017a141d3e3811f35ced343c0b6d13a99f60c79d17afffa0cf0dd3b9,60.14699,24.922,00000000a53ed894,16.1
21202,2019-08-04T12:41:46Z,032e5d7621738a50c9e742e0cba13c819f7c67cedf8687f3ab25595c,60.16762,24.95415,000000006b44cce7,5.91
21203,2019-08-04T12:41:46Z,036c183505fea646b54aeb0c612913cafba94eca65e47d3c6d840a68,60.17918,24.95141,00000000675d5200,20.28
21204,2019-08-04T12:41:46Z,0479a26a59d65bf1dee05c06f4227a0ba63a6e9c9a09e7c34f2e06b4,60.14699,24.922,00000000a53ed894,9.92
21205,2019-08-04T12:41:46Z,04b49a34910d12f55243dd5a756c7cc1e506e5d3cdb418cc635e9ad9,60.16762,24.95415,000000006b44cce7,9.92
21206,2019-08-04T12:41:46Z,04b5d29c48edaaf4904a98e412562e3c0d857eb20342cc7c323d4293,60.16762,24.95415,000000006b44cce7,10.78
21207,2019-08-04T12:41:46Z,0638ed176f2a4b17c11bae92240575c9305f4bc21592a476b3106be4,60.16762,24.95415,000000006b44cce7,13.75
21208,2019-08-04T12:41:46Z,0745a2141a9beee786a347d3ee1b071719fd2f4abfeeab7f5248c0ad,60.14699,24.922,00000000a53ed894,12.69
21209,2019-08-04T12:41:46Z,076c28c1895ef1919c11113113c12655c546fc90a00800e5ebec5b56,60.14699,24.922,00000000a53ed894,7.69
21210,2019-08-04T12:41:46Z,07fa093f5dceb6043b0a8c9d8ad01c1bfdfe15d4b3071a26b747ea07,60.14699,24.922,00000000a53ed894,10.78
21211,2019-08-04T12:41:46Z,082bb64252a111bbbb2b4087bd115d2c38ac4660a73c922c72425120,60.16762,24.95415,000000006b44cce7,14.89
21212,2019-08-04T12:41:46Z,0947f9d6bb6c34e382e008052b704b6521ac4f7678a2e8a719bb574b,60.15432,24.9211,0000000019fb59c4,25.36
21213,2019-08-04T12:41:46Z,0a0acb70a8ef92be52a64d4425e70bb2f7a17d13942c3382c9d68878,60.149,24.9843,00000000fffb8cf0,1.88
21214,2019-08-04T12:41:46Z,0a5616e066b42895361324cfa8abef41d849a55e3e4bed429bab494b,60.16829,24.94214,00000000afef4555,17.4
21215,2019-08-04T12:41:46Z,0a5ed50daf13dd10744537aa851ac7ab1d34d9797ec6ab6e2402aebb,60.16762,24.95415,000000006b44cce7,2.8
21216,2019-08-04T12:41:46Z,0aabf0df4c3c5b45bb8950c92dbe624985f19e8650ed61f92571a65a,60.14699,24.922,00000000a53ed894,10.78
21217,2019-08-04T12:41:46Z,0b0dd9af9d52c68ff71ce266d6707abbb0f56c3c63be0f83f7b5df9b,60.16762,24.95415,000000006b44cce7,10.78
21218,2019-08-04T12:41:46Z,0c905239b8c0e14cba671cf4d4d715d1045a30ee62a6285fb489dbb0,60.16829,24.94214,00000000afef4555,9.92
21219,2019-08-04T12:41:46Z,0d3525b13d674f1645fdbe6d842fe37b2f416889c5472e9dfcc5445c,60.14947,24.91438,000000004ef3150d,6.46
21220,2019-08-04T12:41:46Z,0d8341f0125a5323521549248771d5448e5f788aefe9b989e3b20114,60.16829,24.94214,00000000afef4555,11.7
21221,2019-08-04T12:41:46Z,0ef4d4e0ed1d5a16b616f3722210deaa1f3be532439fb707802f70a2,60.16075,24.95883,00000000f1124bca,14.89
21222,2019-08-04T12:41:46Z,10a99e791e27975dc1c9d73d3163cabacf3bd7bd05a4f7abf6365426,60.14699,24.922,00000000a53ed894,13.75
21223,2019-08-04T12:41:46Z,10caaea8002e8b3b342b32710efdd7305ff375ca1cdc01411f66b2f6,60.14699,24.922,00000000a53ed894,9.12
21224,2019-08-04T12:41:46Z,119268a2b328b466959e99158efc17d07641daf2eab0785f813707f9,60.16762,24.95415,000000006b44cce7,20.28
21225,2019-08-04T12:41:46Z,120a63917cb5ab619bf9a71328f14020736ee84e75d5b37278748def,60.16897,24.95222,00000000aa852af1,10.78
21226,2019-08-04T12:41:46Z,121345c4cf0d0f18c684c4eb22e496ac6f8fb537ec2f3812f6966b67,60.16762,24.95415,000000006b44cce7,18.79
21227,2019-08-04T12:41:46Z,124cce476184e061b136f481014a2abc7208d30e4e520ffd90c85adb,60.17002,24.94407,000000006b087f40,10.78
21228,2019-08-04T12:41:46Z,128df515b075ffc54794d311944f31b9b1c1132d182943a9880e5bc0,60.16544,24.95398,0000000038d83d41,17.4
21229,2019-08-04T12:41:46Z,13bcedb8c59b26417282929d81844b272c7c5bc295614f531219a8e4,60.14947,24.91438,000000004ef3150d,16.1
21230,2019-08-04T12:41:46Z,13ee67fb034e3d24edc9a9618e9d6de24979ebbcb399f83abb02a897,60.14699,24.922,00000000a53ed894,5.41
21231,2019-08-04T12:41:46Z,1423891c6ee1edc7da83904378a35aef2e5797db95b117651d676934,60.16762,24.95415,000000006b44cce7,8.38
21232,2019-08-04T12:41:46Z,1496ce9cf373a2a508a8ab0b7aa0604dd889fd69483881c3752219af,60.14699,24.922,00000000a53ed894,17.4
21233,2019-08-04T12:41:46Z,15ee12e5f9be00a79b0cbbc9912f51cbfa3e486624567e1bde938fb6,60.1538,24.95595,0000000038bf9618,16.1
21234,2019-08-04T12:41:46Z,161aa798c2a18e132fb27ecded773218ea4e42eabbd0e5794b1d7017,60.15432,24.9211,0000000019fb59c4,7.05
21235,2019-08-04T12:41:46Z,162fcc3711287e7287479d948f54f820fb95d665191f206f0c428cfc,60.1538,24.95595,0000000038bf9618,31.5
21236,2019-08-04T12:41:46Z,171a752ceacd35c6e27c36e67da80ba960a246c0977f0bdca139a472,60.14699,24.922,00000000a53ed894,9.12
21237,2019-08-04T12:41:46Z,1769031b7f4d75de0541e26427b9ecc92c84b80992e3b36bb8eb799e,60.16829,24.94214,00000000afef4555,13.75
21238,2019-08-04T12:41:46Z,17af6ab252328066d6b13406084507dfa7a7f6db3030872e7f87223d,60.17065,24.93641,000000000f4919c9,38.87
21239,2019-08-04T12:41:46Z,1882b53729765cca25bc63400074242872d6fbc57882f131285b277f,60.16829,24.94214,00000000afef4555,16.1
21240,2019-08-04T12:41:46Z,194e6ced97ec114a37fe06d6d73fb687c057d411be476f1ea6f4852e,60.16897,24.95222,00000000aa852af1,20.28
21241,2019-08-04T12:41:46Z,197961cf403efacc6bdb07158a50753109701aba7a6e7cbf8502e1ee,60.14947,24.91438,000000004ef3150d,27.28
21242,2019-08-04T12:41:46Z,1a93dfa31156cee53b4bd527d8b74655a5da812b6933d8a86d871e47,60.14947,24.91438,000000004ef3150d,9.12
21243,2019-08-04T12:41:46Z,1aacd77e1fdbe1544cf1ab29a00642d77ce4a075e388e8a2108aa39b,60.16829,24.94214,00000000afef4555,10.78
21244,2019-08-04T12:41:46Z,1ad0b84716a79851fa8db7a993012f0c8e496d6cba9d028a546285a2,60.16897,24.95222,00000000aa852af1,13.75
21245,2019-08-04T12:41:46Z,1b3fba902b8d1538b508cdc228fd15fdd87f5aecb68e5611b1a4e354,60.16762,24.95415,000000006b44cce7,2.8
21246,2019-08-04T12:41:46Z,1bcef866fafad7c7460a084e0b0d27c087b549f4ae704390708be47e,60.149,24.9843,00000000fffb8cf0,8.38
21247,2019-08-04T12:41:46Z,1c13175307f58b1bf07c8838e26a2f5d0fd5b21a7517c0b4f4e6bd8f,60.1538,24.95595,0000000038bf9618,20.28
21248,2019-08-04T12:41:46Z,1c669457535e4635f732c228ec524f9d2c440b0d2132fa1acd93122a,60.16897,24.95222,00000000aa852af1,18.79
21249,2019-08-04T12:41:46Z,1c7ccd5d6570d98e57ef2ebbd716b7504b138f9bb616fbeaa0d1a268,60.14699,24.922,00000000a53ed894,5.91
21250,2019-08-04T12:41:46Z,1d4841b6905c46f3c38f79540bae2a88a4e660692149506c0db9da33,60.15432,24.9211,0000000019fb59c4,14.89
21251,2019-08-04T12:41:46Z,1dacfb371d75dd4f90f447aac2a00faad98beb4188a6971c19eb2375,60.16629,24.95957,00000000fb7600be,21.87
21252,2019-08-04T12:41:46Z,1dcb5d78c4ed02c596144501da43e29defedf2db734c34c36c9bacbd,60.16762,24.95415,000000006b44cce7,17.4
21253,2019-08-04T12:41:46Z,1e24a2120b13c780dbb3a67a73f5058d1847f126fd5f5952e6dddcd3,60.16075,24.95883,00000000f1124bca,20.28
21254,2019-08-04T12:41:46Z,1e63d2090b520af23ca3d2c9a05047dc0b0c63f7471b86e9d9f3e7cc,60.16629,24.95957,00000000fb7600be,25.36
21255,2019-08-04T12:41:46Z,1eed5192896838d1860e8ea14bda43d065b88fc7dc562f54765e85a8,60.16897,24.95222,00000000aa852af1,31.5
21256,2019-08-04T12:41:46Z,1efd3fbd32cdfc27dbc1c02c60e780bfb7d07f0fe1f00c72998f2892,60.16897,24.95222,00000000aa852af1,17.4
21257,2019-08-04T12:41:46Z,1f74037ecab4dbdc5db1a8dc8b583a86630f86a5f2d0a5167b7fa605,60.18203,24.91341,00000000342570c2,25.36
21258,2019-08-04T12:41:46Z,1f81ed7274add201d3059d4a37e2bbe86b6ae1f0fd42a16d7b8dccaa,60.14699,24.922,00000000a53ed894,7.69
21259,2019-08-04T12:41:46Z,203a0c145a43c9a18f8c2a5ba4e18882e7430662bb4ac0e56ab37578,60.17065,24.93641,000000000f4919c9,13.75
21260,2019-08-04T12:41:46Z,208944c5811f446561788c5415738cbe52bdacb371f415236042698c,60.16897,24.95222,00000000aa852af1,14.89
21261,2019-08-04T12:41:46Z,20ac7b2ace7c0038aa8df01b9281a9c54f1551fc8ab9b662b1f1ca22,60.18203,24.91341,00000000342570c2,20.28
21262,2019-08-04T12:41:46Z,21bdc11bb63fb48c9d4b5308540ee5df579c9a385001a10fceeeedf3,60.14699,24.922,00000000a53ed894,12.69
21263,2019-08-04T12:41:46Z,2204ba387d2db0e7d2ca03f7ace46abff8d141668b73c75a1879d7ba,60.14947,24.91438,000000004ef3150d,13.75
21264,2019-08-04T12:41:46Z,22fe9a06fba1036e8eafd726bc450095b1893be067f475e1882bb704,60.14699,24.922,00000000a53ed894,11.7
21265,2019-08-04T12:41:46Z,231026899a6d5b326cb5b1e38b182ca1acb77c7e27bc2378973b29db,60.16629,24.95957,00000000fb7600be,23.56
21266,2019-08-04T12:41:46Z,23337c2812924a07e4f0bbc92e56d1f85ea40208b6b987f4afc686cf,60.16897,24.95222,00000000aa852af1,17.4
21267,2019-08-04T12:41:46Z,2607d1b2fc6e31a80348fffbed68a7d3a8e0212f197f2d1c573c587b,60.14947,24.91438,000000004ef3150d,3.4
21268,2019-08-04T12:41:46Z,267b66cc2e81a226d253a8f3228a4b45e1fabb634bba60fd0cc21a8d,60.14699,24.922,00000000a53ed894,21.87
21269,2019-08-04T12:41:46Z,269124e75b1e74a7c7dc93b778e02f04d0a53e069a90081c0938ee4c,60.14699,24.922,00000000a53ed894,14.89
21270,2019-08-04T12:41:46Z,2838eddb482a9bc77b0b867352020e2cbfb71e85aaa1d61307e85f3d,60.14947,24.91438,000000004ef3150d,16.1
21271,2019-08-04T12:41:46Z,28d2c3282e9f8fec67baec7992dcd800c45b67071e33cb118905a6b3,60.16829,24.94214,00000000afef4555,16.1
21272,2019-08-04T12:41:46Z,2969cdb120f2d285c556abfe5bac2f8090571f61aba227a474a534d2,60.17065,24.93641,000000000f4919c9,6.46
21273,2019-08-04T12:41:46Z,29a1ee6c0907a00ec6b6dcbb187f5c31d1a11b261aabd339210ee013,60.16897,24.95222,00000000aa852af1,12.69
21274,2019-08-04T12:41:46Z,2ee2e108ed9051b1ccf4d3ee89931dfd53170af0b558fa6579b83e8d,60.15432,24.9211,0000000019fb59c4,7.69
21275,2019-08-04T12:41:46Z,2f08dbfbbe5577f04ea9826f72d5452ddf5fd9bb892769382ea5a4ca,60.16762,24.95415,000000006b44cce7,17.4
21276,2019-08-04T12:41:46Z,30c55d5011d0f6c901437a130dbe2653c7ae0cceee3b0a242394152c,60.14947,24.91438,000000004ef3150d,21.87
21277,2019-08-04T12:41:46Z,3197a3340c627059b7c7eb4b36e932bf06a1d31d868aabd647df6373,60.16762,24.95415,000000006b44cce7,13.75
21278,2019-08-04T12:41:46Z,32708990f2c831e65f70f2682baf5188fc93348b9a9e78ada8db2bf4,60.14947,24.91438,000000004ef3150d,2.08
21279,2019-08-04T12:41:46Z,32f77f5019e5fce30881c214487361e2e34b8c93277f6e546de72012,60.1638,24.96846,00000000d747f075,27.28
21280,2019-08-04T12:41:46Z,33634cb1e3fc5d4a621e8717d203da8533ed27531a70c6cbe3abf3fa,60.16762,24.95415,000000006b44cce7,1.88
21281,2019-08-04T12:41:46Z,3459042c03cbb672a039f7f14a6b99b84f839b0598f9e48bf4dd95f5,60.14699,24.922,00000000a53ed894,17.4
21282,2019-08-04T12:41:46Z,352427714fc6e8591df6bd227dde05d3b7ba0881742eee4ae750dcc4,60.15432,24.9211,0000000019fb59c4,21.87
21283,2019-08-04T12:41:46Z,358d7986d5bf2a0624fb1412a157b3c7b12f90653457e15a76bbdf50,60.16629,24.95957,00000000fb7600be,18.79
21284,2019-08-04T12:41:46Z,35e6e075578d7a51e510bf8904bde33f1d117264eea0917db98d4808,60.16897,24.95222,00000000aa852af1,7.69
21285,2019-08-04T12:41:46Z,36f876050503d244f74f3cbadcef716904eb2b245190d474b0cfa794,60.16762,24.95415,000000006b44cce7,0.41
21286,2019-08-04T12:41:46Z,37945fa4e7409fab98aa8bde45081f5bd083def0059485274ad552c0,60.17919,24.95181,000000007b5207b6,7.69
21287,2019-08-04T12:41:46Z,37c5fa285cfc1de3c5363b53a2909ca0f43381a381ee6fc132d5ba8f,60.16897,24.95222,00000000aa852af1,9.92
21288,2019-08-04T12:41:46Z,39310ebca1ad756aa2bfcb16c912cb7003ef3e7286a1f037603ade61,60.14699,24.922,00000000a53ed894,18.79
21289,2019-08-04T12:41:46Z,393a579e1c8efb19861f555f12040feeac853f37a2451116693e77aa,60.14699,24.922,00000000a53ed894,18.79
21290,2019-08-04T12:41:46Z,3a6ce73ea4c03a14fc0d3d099e4698d3c1051a2e8e4bd552d5de394d,60.14947,24.91438,000000004ef3150d,2.3
21291,2019-08-04T12:41:46Z,3abc507346480858d62b69d6e29c3b0700ac193520668e17a4ce7cbb,60.16762,24.95415,000000006b44cce7,20.28
21292,2019-08-04T12:41:46Z,3be48824225ca9f2aea5653f6ce21181a76e67a8d4b8361f0cba1f8a,60.14947,24.91438,000000004ef3150d,8.38
21293,2019-08-04T12:41:46Z,3c21ef81eb62764c543cc53a1eb793a317f3443dd4838799b2dbd6ff,60.16629,24.95957,00000000fb7600be,27.28
21294,2019-08-04T12:41:46Z,3d26e1d1c042133ccb16301bbada637dd3dea1623426336738e0f1c0,60.149,24.9843,00000000fffb8cf0,29.32
21295,2019-08-04T12:41:46Z,3e4965f1ed580ddf80246b1b78cbc55b73c11d67573d9cede2a7ccf7,60.16829,24.94214,00000000afef4555,13.75
21296,2019-08-04T12:41:46Z,3e99999f43f3bd9e105e735eeb92531a4301e7f258c90535acfba9ae,60.16531,24.9442,00000000fdda10fe,23.56
21297,2019-08-04T12:41:46Z,3f395809cdaaaa1688c7d1cc770079bbf7ef1349e148bec5c8eacd57,60.16762,24.95415,000000006b44cce7,9.92
21298,2019-08-04T12:41:46Z,3f78229668030150fc4e03aed54ed23a2f6ac9c23a0c9bc0d6da03f4,60.16531,24.9442,00000000fdda10fe,25.36
21299,2019-08-04T12:41:46Z,3ffe89aa6ab1e57883e21fa8f15969f46a5f487bccb2b993eadb3cfb,60.14699,24.922,00000000a53ed894,7.05
21300,2019-08-04T12:41:46Z,409be16c4d34b9e76ac22ea0e8e282da3e9d169fe77ff5ea52a72883,60.14699,24.922,00000000a53ed894,27.28
21301,2019-08-04T12:41:46Z,4126e6b01e07a8de94eb8b87f02ad2bdab1a191c8c0312dd1141a9eb,60.14951,24.92138,0000000006dd41f6,27.28
21302,2019-08-04T12:41:46Z,427f20895f2d0aec0392fd0be9f66c4cd45200a3d32b5b9d52ea0dc2,60.15432,24.9211,0000000019fb59c4,33.81
21303,2019-08-04T12:41:46Z,429295e322e9f143f79e9a6340e4974858aa9aa2f5ed6e8512dd00cd,60.14699,24.922,00000000a53ed894,20.28
21304,2019-08-04T12:41:46Z,429363aca20efd1e564b3ac367b9eb4702cce1afbe6a22dccb543a7f,60.16075,24.95883,00000000f1124bca,18.79
21305,2019-08-04T12:41:46Z,42d4eb6044091814f327d0b01dc9ae701506417af1a8ab7f4161650d,60.14951,24.92138,0000000006dd41f6,17.4
21306,2019-08-04T12:41:46Z,42da4298ed9f522421f17714e024d9b8fe22e7546df3deeb8b139bd3,60.16075,24.95883,00000000f1124bca,4.11
21307,2019-08-04T12:41:46Z,431375be6b9405ef55878f3aa0bb5dd6a35db8ba650a2bce05081c49,60.14947,24.91438,000000004ef3150d,14.89
21308,2019-08-04T12:41:46Z,436df7106ce19510536cf507d8939633784f67da2f872970e0d3ba43,60.16829,24.94214,00000000afef4555,11.7
21309,2019-08-04T12:41:46Z,4533d27e96c5c6637ddff4243672d658fea4004970652882357105a9,60.14699,24.922,00000000a53ed894,8.38
21310,2019-08-04T12:41:46Z,459ee564ad7aca128b70ae089395378da384eb1ff35cefde7d7f5736,60.16829,24.94214,00000000afef4555,14.89
21311,2019-08-04T12:41:46Z,4602ff9d03f6bf4fbb82976098cc1c73e7a7e754050401c772d1406e,60.14947,24.91438,000000004ef3150d,5.41
21312,2019-08-04T12:41:46Z,467a01a257fbaad22bd4aebafc8f284c9ad3effc429475e57c214e9d,60.14699,24.922,00000000a53ed894,10.78
21313,2019-08-04T12:41:46Z,47bc9ff9097f9ef5f1862e48b4a42f6a9ddd30c4ef2b6eb43291a7a5,60.14699,24.922,00000000a53ed894,17.4
21314,2019-08-04T12:41:46Z,47cde44e4ddbf6c70162fa882eee962e7c3e2a037b650294ec46568f,60.14947,24.91438,000000004ef3150d,5.41
21315,2019-08-04T12:41:46Z,48f665ebb1a71b0d84fc02bd71918c5ab5608328db534639cbd2a255,60.14947,24.91438,000000004ef3150d,9.12
21316,2019-08-04T12:41:46Z,4a565a7be2bb822523480c6ca86154a466bf189290f87a0ef118f8b7,60.149,24.9843,00000000fffb8cf0,23.56
21317,2019-08-04T12:41:46Z,4aff8c41b8c3f924b9b765007cf6f0f148e9fdc4dfad6299b17f6f71,60.16762,24.95415,000000006b44cce7,13.75
21318,2019-08-04T12:41:46Z,4b1050cc517631e36206d3528399c0b14748daec8c7d1b5dfa412299,60.15432,24.9211,0000000019fb59c4,4.5
21319,2019-08-04T12:41:46Z,4b85388cdaec2b4c15b546160ee326d9668a5e5d3c7b08d0c539946e,60.17919,24.95181,000000007b5207b6,14.89
21320,2019-08-04T12:41:46Z,4be50f3eb033f3f46e3069049c8e0a34dc8a2607741c1764369ba4c2,60.16762,24.95415,000000006b44cce7,11.7
21321,2019-08-04T12:41:46Z,4cadc8cc23fd84febb6a8383030a34c97b3388a8c9ed7a64cc0f51a6,60.14947,24.91438,000000004ef3150d,3.4
21322,2019-08-04T12:41:46Z,4d35f03f4cb1cd21fbb173af8af5be5e233c63882fda53232da315f0,60.14699,24.922,00000000a53ed894,14.89
21323,2019-08-04T12:41:46Z,4d4115f2971578ddc2428be944e2954c9e9a5472a818ec1805a022b2,60.149,24.9843,00000000fffb8cf0,11.7
21324,2019-08-04T12:41:46Z,4f4940c5c77737c5b8f2fbd5a1b65886ea5f6e0e4fcd50447e11ce21,60.16075,24.95883,00000000f1124bca,20.28
21325,2019-08-04T12:41:46Z,514a3981fad6c695ac4940f09374b5d1c2e84d2ca835084ef8707714,60.16075,24.95883,00000000f1124bca,4.11
21326,2019-08-04T12:41:46Z,51b3c7870a399165f0d1d14f7d21688df32b0360f9cc6f3ca61890d8,60.16829,24.94214,00000000afef4555,0.19
21327,2019-08-04T12:41:46Z,52072bd384eaaf4a6958af5510ed039d194dee47f34667bc7bccbe0e,60.14699,24.922,00000000a53ed894,6.46
21328,2019-08-04T12:41:46Z,5274280f7558ea562d9ce825000efc025d2de6b91c62614cb68df2b1,60.14947,24.91438,000000004ef3150d,12.69
21329,2019-08-04T12:41:46Z,52939581c6c8dd3407dbf44ea9e90471e4bbadfb7e3740a0ba8324f3,60.14699,24.922,00000000a53ed894,9.92
21330,2019-08-04T12:41:46Z,52f0e69ca7a5cebe604c1f32308dc7f8870d1d85cd4b25ad17f706e9,60.14699,24.922,00000000a53ed894,11.7
21331,2019-08-04T12:41:46Z,53263c2a4d1fc6edb42de24a91c19cc8d0050f1e61b0ddd97cf45bba,60.17002,24.94407,000000006b087f40,27.28
21332,2019-08-04T12:41:46Z,5399ca5a9abed7a5da7a71e85cbeae837e42ee1dc94852ba2c16bcd1,60.173,24.92524,0000000096918cfa,27.28
21333,2019-08-04T12:41:46Z,54065d53a62079540c4be1e19eafa5dd581e8ec35da0c31844438e0b,60.149,24.9843,00000000fffb8cf0,12.69
21334,2019-08-04T12:41:46Z,552e7d20be831c5ebfa503ba78ed542d6ece4ecad264308d5dc37a31,60.14699,24.922,00000000a53ed894,11.7
21335,2019-08-04T12:41:46Z,5554305bad43a71cf98d83e92708c7474c1efc189392c1ea94231e9c,60.16531,24.9442,00000000fdda10fe,1.88
21336,2019-08-04T12:41:46Z,560205233dc9b13886248fb6e54ee21dc3b287080072641e01e08dac,60.16075,24.95883,00000000f1124bca,16.1
21337,2019-08-04T12:41:46Z,5636d9760f1eac9d5d050497d7084fd61a92d5d108695a9023769ac4,60.16629,24.95957,00000000fb7600be,16.1
21338,2019-08-04T12:41:46Z,56b8eace741e5227a40ea0a64601a737648080c63d6240b0dca632c4,60.16075,24.95883,00000000f1124bca,18.79
21339,2019-08-04T12:41:46Z,570dc61d53aec66ede39dfde66339640878453afc00cd1a55c60bca7,60.16544,24.95398,0000000038d83d41,27.28
21340,2019-08-04T12:41:46Z,571934189bf349efb6f596e76c21612cf9b82ed44913090169936048,60.17065,24.93641,000000000f4919c9,13.75
21341,2019-08-04T12:41:46Z,571e65d939060a58396de22fc44d8842fc9de986824670ad765ec596,60.16762,24.95415,000000006b44cce7,27.28
21342,2019-08-04T12:41:46Z,57eef16af260870a831bd4f88018555730ec7dd21a538e3575825479,60.16829,24.94214,00000000afef4555,23.56
21343,2019-08-04T12:41:46Z,583a35aa08fe45f96deb91a9f4b9317e86eddeee0d636cc11b3e2df8,60.16762,24.95415,000000006b44cce7,11.7
21344,2019-08-04T12:41:46Z,58411163d307bb308f9c94a9720e9ce5ab0ce4f5617cd2b1fcc2037a,60.16762,24.95415,000000006b44cce7,5.41
21345,2019-08-04T12:41:46Z,584cb0b0cdd14e608c8b57c8aecc9826f9b40027e365e2438a444ea2,60.16762,24.95415,000000006b44cce7,14.89
21346,2019-08-04T12:41:46Z,5966e39260804b1e804f63b354a53470a1f621ac8e68afdd522a565f,60.17002,24.94407,000000006b087f40,10.78
21347,2019-08-04T12:41:46Z,59b01cbdec8ff06fa6d50bac00c3f5f4c45132fc8a62800c08df5d6a,60.16629,24.95957,00000000fb7600be,7.69
21348,2019-08-04T12:41:46Z,5ae2070870c9dfbf35ba1d5d46239aa32753b4fffa2fed3f378f5e8c,60.16544,24.95398,0000000038d83d41,29.32
21349,2019-08-04T12:41:46Z,5bb54a365362fc3a1d1e4b4421c7b020c45f3274d1393340a1f89eb5,60.16762,24.95415,000000006b44cce7,7.05
21350,2019-08-04T12:41:46Z,5bc858089bff2f1880f1807e91f165ebf9f1b5841445adcdfb988ddf,60.16829,24.94214,00000000afef4555,14.89
21351,2019-08-04T12:41:46Z,5bc8610f198c0ab38e4e89fd7f4828d032ca2a6ef97c2a17c79e296f,60.14699,24.922,00000000a53ed894,18.79
21352,2019-08-04T12:41:46Z,5d70086d53447ee393249cef33c7bae814c1d7c2e3055fc91b38786c,60.17919,24.95181,000000007b5207b6,7.69
21353,2019-08-04T12:41:46Z,5e44b2770fcd3ab47bae5954df365187d2183088b73b895edc47dcd8,60.14699,24.922,00000000a53ed894,7.05
21354,2019-08-04T12:41:46Z,5e7916ca910b02abf2d19906759663c23db63950a353fa546f55c8af,60.14699,24.922,00000000a53ed894,9.12
21355,2019-08-04T12:41:46Z,5ea49ba4de68e03664ec3a87f5de32434d7136b4f8323f022ff9df5b,60.16829,24.94214,00000000afef4555,3.74
21356,2019-08-04T12:41:46Z,60d5c11436b72dd4eb673f606bddc3f8f36675342cba015b9297155f,60.16448,24.97323,0000000053c6c2be,20.28
21357,2019-08-04T12:41:46Z,60d9b71ec38b796bf876dedfaf3112b49ff79677480c7603902857ae,60.14947,24.91438,000000004ef3150d,16.1
21358,2019-08-04T12:41:46Z,6225617fe9177a8a42bf0853f21d04174acd9c74f36db1d9de646ff0,60.16762,24.95415,000000006b44cce7,29.32
21359,2019-08-04T12:41:46Z,62916b0c2a8ebabb938b5e97cb14eb89b2b32936d3fad04025ad5854,60.17002,24.94407,000000006b087f40,7.05
21360,2019-08-04T12:41:46Z,62a6fe2d9b3b5b4533c51253f8842428bd797b3c6a95a7816ec472ed,60.14947,24.91438,000000004ef3150d,9.92
21361,2019-08-04T12:41:46Z,63a87f20dbfd068c086129312c165b6e9b1da2ea6c999be1dd1b8391,60.16762,24.95415,000000006b44cce7,14.89
21362,2019-08-04T12:41:46Z,63d99db5b2b7360c501446ea5e89feba9bd1c6735a7670039916f2ad,60.1538,24.95595,0000000038bf9618,29.32
21363,2019-08-04T12:41:46Z,63defb71d4c3856253a0a2d67a5c370b91ad0527703b334a63fe5344,60.14947,24.91438,000000004ef3150d,4.11
21364,2019-08-04T12:41:46Z,641e8defb97171d160f062c4bc3e9d06346f10d5246e6aeac935e1a9,60.16897,24.95222,00000000aa852af1,18.79
21365,2019-08-04T12:41:46Z,64394b1287e19738900f57d5c7483e02866e40bc8241fc6f6fbecbcb,60.16762,24.95415,000000006b44cce7,10.78
21366,2019-08-04T12:41:46Z,643ef3f01a51bea3c4510d4060a945cd510e5189236d68f5c9489034,60.16829,24.94214,00000000afef4555,0.84
21367,2019-08-04T12:41:46Z,64638a9f9e6c9b32fc4b484b55e4934fcab6cb04605cc76d5f5534b7,60.17065,24.93641,000000000f4919c9,9.92
21368,2019-08-04T12:41:46Z,64e34af775b57908b23056a31d60ef3b005941f2e7c3db0c49df675d,60.17065,24.93641,000000000f4919c9,14.89
21369,2019-08-04T12:41:46Z,6516a10850095847a8156717b0fba05a9bdc9b5bfedd691ddb07f119,60.14699,24.922,00000000a53ed894,11.7
21370,2019-08-04T12:41:46Z,6525cc634176c25187e68e0d067bcfecfd78e399e93db4ee9d408b7e,60.17918,24.95141,00000000675d5200,27.28
21371,2019-08-04T12:41:46Z,655204cb507ea9ae811105cdcd766161facaa9f729017a333f102391,60.149,24.9843,00000000fffb8cf0,9.12
21372,2019-08-04T12:41:46Z,6723bebaab92d1a9f8b4318fd4f497a6dec6d7f8e0eafca443925213,60.16075,24.95883,00000000f1124bca,5.91
21373,2019-08-04T12:41:46Z,675eacdf32b5b831fd118fc5539eea4b3cef4bd11e2e1706a9571222,60.16829,24.94214,00000000afef4555,9.12
21374,2019-08-04T12:41:46Z,6774ed72eaf69d7c4aaeeef90990f969954155bbcc52652e75e7deef,60.16829,24.94214,00000000afef4555,6.46
21375,2019-08-04T12:41:46Z,677c53ae4056d6cb123ca576ba5284664b1c7e3e88818bd19b5dd99a,60.17919,24.95181,000000007b5207b6,16.1
21376,2019-08-04T12:41:46Z,6875e3632a29207e29ded33617e66d55de5d8c7804fecedd6f1dfe12,60.14699,24.922,00000000a53ed894,12.69
21377,2019-08-04T12:41:46Z,69375ef968867906fc11b34d1e2c4b436d452cd47cb577a7f9e566ef,60.16762,24.95415,000000006b44cce7,4.11
21378,2019-08-04T12:41:46Z,698b200b63a644828a7314691a16af2af1bccef75d52abb5591a5542,60.14699,24.922,00000000a53ed894,9.12
21379,2019-08-04T12:41:46Z,69f1de5049f5731749defe893b8ae9ada4f5f788a994b8f7413ef657,60.17002,24.94407,000000006b087f40,29.32
21380,2019-08-04T12:41:46Z,6b97071051ccf5db7e5ebee033d4f68d58ed6917ff2fac5b205a6605,60.17065,24.93641,000000000f4919c9,33.81
21381,2019-08-04T12:41:46Z,6c7e018abdf8462af7c7b003bc30f915184f7082e9e865a2c502eed5,60.14699,24.922,00000000a53ed894,14.89
21382,2019-08-04T12:41:46Z,6f3dd17e40daabb4efe868f1b859dc00ecc01846f0a0e2b8db5d1413,60.17919,24.95181,000000007b5207b6,8.38
21383,2019-08-04T12:41:46Z,6f8d7717df843a7b0be6b0dd55e933ebbd9819bd96c48f210e193e4e,60.16829,24.94214,00000000afef4555,13.75
21384,2019-08-04T12:41:46Z,6fdf4cfc3a0774e204869ab43ef69c6306cc40c0fd8bbb0f8b505e3a,60.16829,24.94214,00000000afef4555,17.4
21385,2019-08-04T12:41:46Z,6fdfc33c6b609ea80b4a38ecf657bc68b7bf659752b51edcc22ffb54,60.16762,24.95415,000000006b44cce7,9.92
21386,2019-08-04T12:41:46Z,6ff93560ca77c6e5a25bc7441cf33cf7fa0138b3da4d99b2dbf5531b,60.14947,24.91438,000000004ef3150d,12.69
21387,2019-08-04T12:41:46Z,70c56152af84cf1bad4d19b0cb31202232b4cd4320ce5ea48895e42b,60.14947,24.91438,000000004ef3150d,8.38
21388,2019-08-04T12:41:46Z,71479e7c1c4fd96468f16800ff04484480c76e0953d2074500b0df31,60.17919,24.95181,000000007b5207b6,17.4
21389,2019-08-04T12:41:46Z,72231bca658d3a16f3bf9c26ba5f13393b8377e4ab0b9ed3de6c811f,60.14699,24.922,00000000a53ed894,18.79
21390,2019-08-04T12:41:46Z,733f21ebebe353e10a55a74b40a0a480e6d276334d4f3d8bcf85b711,60.16075,24.95883,00000000f1124bca,23.56
21391,2019-08-04T12:41:46Z,759f94c852ff15ca91c3138913c3858c4801702f8f0514ae82fb2a19,60.16897,24.95222,00000000aa852af1,13.75
21392,2019-08-04T12:41:46Z,7664b7f08aaa059ecf6646a595c33fae0c80715febe63e31f45a4662,60.16762,24.95415,000000006b44cce7,4.5
21393,2019-08-04T12:41:46Z,777cceac7be6303a1c82f7cc68061528b01e3aa1b3aa6481cad9e5e3,60.16075,24.95883,00000000f1124bca,4.94
21394,2019-08-04T12:41:46Z,77a12194b9a6789f4b2b8c07ae7fce3c2b531cb221e5fa7ca5deae55,60.16897,24.95222,00000000aa852af1,7.05
21395,2019-08-04T12:41:46Z,78a96267b3bb3aea6c312bb8aa160c1369942384194b03d695640a71,60.17065,24.93641,000000000f4919c9,27.28
21396,2019-08-04T12:41:46Z,79bde23c1a8980f93a65e14306f0d8ea89e164430d8b991e2bfee82e,60.16531,24.9442,00000000fdda10fe,13.75
21397,2019-08-04T12:41:46Z,7a0c0b525f2d3eed6c873bd3b8d27bede551fe4a428ac15c23deadae,60.16075,24.95883,00000000f1124bca,16.1
21398,2019-08-04T12:41:46Z,7a4a06d20ebe57d94e5fceeaf47d5b56ad9a515818e9c20e21a80e61,60.16629,24.95957,00000000fb7600be,12.69
21399,2019-08-04T12:41:46Z,7a97375000483176c3b37cc0d1744a950d9b322ce3534208fce0b21d,60.14699,24.922,00000000a53ed894,20.28
21400,2019-08-04T12:41:46Z,7ab335e046f7f3597f8f615a90857885e35cfecefebd5d24bbf0af90,60.16075,24.95883,00000000f1124bca,11.7
21401,2019-08-04T12:41:46Z,7ad93fed82e41ea4422fa101badc698b0328c3ebf0f6b73c5164d438,60.16897,24.95222,00000000aa852af1,9.92
21402,2019-08-04T12:41:46Z,7af6672e274ebe27cdb785373a857fc5bcad92a386c36dbe3221d4f4,60.14947,24.91438,000000004ef3150d,14.89
21403,2019-08-04T12:41:46Z,7b1c2b4a083f1544ffd4b5e2e87ab8a58a7bb64abb0f8ce3e53b2ed2,60.14699,24.922,00000000a53ed894,18.79
21404,2019-08-04T12:41:46Z,7b61dc50070867948abbe5275032ae82e7643ca4158a809fe41a8b69,60.14699,24.922,00000000a53ed894,18.79
21405,2019-08-04T12:41:46Z,7bb67bcf014747e5d826f95c610d36492f31095552417a0864475491,60.14951,24.92138,0000000006dd41f6,16.1
21406,2019-08-04T12:41:46Z,7be762f58d54665c5e6668eb2fb3eae7201522ddff196bbc5eb731f0,60.14947,24.91438,000000004ef3150d,10.78
21407,2019-08-04T12:41:46Z,7d9a3d84c09c3a8d6876389e216e0278048d6b924890fb275a078ffb,60.16531,24.9442,00000000fdda10fe,0.84
21408,2019-08-04T12:41:46Z,7e31a4896ab0ff539440898dfabd8305df79869bff52da941016d1cc,60.1538,24.95595,0000000038bf9618,27.28
21409,2019-08-04T12:41:46Z,7e76449e59f1e3a1a615b54408115353fbb14d815390d03a73b1a7bb,60.14947,24.91438,000000004ef3150d,3.74
21410,2019-08-04T12:41:46Z,7ee87b87cf01698f643e1ba3117b245039edc811605df5dc802e7576,60.14947,24.91438,000000004ef3150d,10.78
21411,2019-08-04T12:41:46Z,7f2f97e26d55f653ed70260ea4f893d01a3984cbdf6d7a3bfb2641de,60.16829,24.94214,00000000afef4555,5.91
21412,2019-08-04T12:41:46Z,7f786ec8e06f1ca3bdd10fc60d0114baf354125b8f6cf796d197f4cc,60.16075,24.95883,00000000f1124bca,4.94
21413,2019-08-04T12:41:46Z,80cbcb887f3e351e3bef7c5f53dccc578cc3494feec514aed7015c0d,60.16075,24.95883,00000000f1124bca,18.79
21414,2019-08-04T12:41:46Z,80cc39b04598f971820e63498fd27ae72a12a45a60c220fe625b282a,60.14699,24.922,00000000a53ed894,12.69
21415,2019-08-04T12:41:46Z,82411c6526228322a61f59259f13adf7cde62bd767587b6735867705,60.17919,24.95181,000000007b5207b6,8.38
21416,2019-08-04T12:41:46Z,83073c017c8293e4b6eab781fbc2147fafa144d33b3618abd1ae5d90,60.17065,24.93641,000000000f4919c9,31.5
21417,2019-08-04T12:41:46Z,83121a75723643c48e3c3b0a3ea5fccb532046432ca445833e8de06a,60.16762,24.95415,000000006b44cce7,0.84
21418,2019-08-04T12:41:46Z,848fe01e24ccc782e5968171f53ea31d28f20a455c45d8bac8fb7374,60.173,24.92524,0000000096918cfa,13.75
21419,2019-08-04T12:41:46Z,8499290ca844477035cb04c821386788d09243bf12e2337d45411ac1,60.17002,24.94407,000000006b087f40,16.1
21420,2019-08-04T12:41:46Z,849a662d95d4185421aff7c6213ba5d7b84cfc58c9fb30ff34054e4c,60.16075,24.95883,00000000f1124bca,7.05
21421,2019-08-04T12:41:46Z,859b417d0b562f5c4ab33c3877c95cd7cbb332db91dcd0f4e7a4f3b6,60.14699,24.922,00000000a53ed894,8.38
21422,2019-08-04T12:41:46Z,85d66944a64cfde859e7e08ca4b79f3b39d5b03141d500fe7ce73f7e,60.14699,24.922,00000000a53ed894,6.46
21423,2019-08-04T12:41:46Z,85d67c3be46ecb66832dfd9090a931e1be3dd056f718ea6786622131,60.16897,24.95222,00000000aa852af1,13.75
21424,2019-08-04T12:41:46Z,868cd7608ed6beb209db2aad8c71f56b8aec3a6b453be18e4af217a2,60.17065,24.93641,000000000f4919c9,25.36
21425,2019-08-04T12:41:46Z,87bb1abe21abfcb5e5c2039e579cff7ca863a6019207db356de5b7c2,60.14699,24.922,00000000a53ed894,16.1
21426,2019-08-04T12:41:46Z,8822ffe19dec49fe874ac377de5a0504e931e342ecc1f5b1fcb939e5,60.16897,24.95222,00000000aa852af1,31.5
21427,2019-08-04T12:41:46Z,885bcc6af7d0aa9718fe1030e32ffff1de5171ae5ef67cf0011874fb,60.14947,24.91438,000000004ef3150d,5.41
21428,2019-08-04T12:41:46Z,8947a5209f3b32173d3dc72792039edf94a2711741ab041b62b30643,60.16762,24.95415,000000006b44cce7,9.12
21429,2019-08-04T12:41:46Z,896f7e896dc6f1ea44b82bf968a988cc10c358ee34821d9d7a4bd07a,60.14947,24.91438,000000004ef3150d,20.28
21430,2019-08-04T12:41:46Z,8a08b2de43a9ef03cf96610718c908e69dcacc59f536a7135b7bb542,60.16629,24.95957,00000000fb7600be,9.12
21431,2019-08-04T12:41:46Z,8acb351d2b6acbd61099205c5c497b7507c1a4da115c4b8fcaa8c930,60.16762,24.95415,000000006b44cce7,17.4
21432,2019-08-04T12:41:46Z,8b641985c793a3f25a45b2460cb01f5baa6f339c6dd26ba7752d8a7a,60.16897,24.95222,00000000aa852af1,12.69
21433,2019-08-04T12:41:46Z,8ba6cfc17ca70e8304994e018ebd5eb2003177062cde05925d5cacb3,60.173,24.92524,0000000096918cfa,5.41
21434,2019-08-04T12:41:46Z,8d5672c651968bf1f466b44baefa37f9438850e96140d126f6a99baf,60.16897,24.95222,00000000aa852af1,23.56
21435,2019-08-04T12:41:46Z,8d73f674010f5cb02e8f20251ed86a9afcb7f6b3926039470296bd00,60.17065,24.93641,000000000f4919c9,14.89
21436,2019-08-04T12:41:46Z,8d8a869e83fe2ac29e791666634a33af3ea4048ea4e752b6fb1e238c,60.14947,24.91438,000000004ef3150d,5.41
21437,2019-08-04T12:41:46Z,8dcf139eb279bcc2696420ba9da858e361600ff02cd29587f66660ec,60.16897,24.95222,00000000aa852af1,14.89
21438,2019-08-04T12:41:46Z,9023a89a49a372e5f97cf86ef1b5de0164eb67cc10d394d383ab75fd,60.16829,24.94214,00000000afef4555,17.4
21439,2019-08-04T12:41:46Z,920dc90f60b295267f63efc8f968408087b71878dc3f49f0ded1c41e,60.17919,24.95181,000000007b5207b6,18.79
21440,2019-08-04T12:41:46Z,93a2100e233b204243f7e69b68dea7c9a145d1b5384bd18359bf87a3,60.16531,24.9442,00000000fdda10fe,2.8
21441,2019-08-04T12:41:46Z,93e409819362e2429a43710ff4330bd3ed83011b73ae438dd7fb62d8,60.16762,24.95415,000000006b44cce7,11.7
21442,2019-08-04T12:41:46Z,94237bc673d78a307ecc9da6df18d0b37e632b8cd6709f81081f000a,60.17002,24.94407,000000006b087f40,31.5
21443,2019-08-04T12:41:46Z,9575ef1c44f26f0301d726029c8b1c28011a4724496943451bee6544,60.14947,24.91438,000000004ef3150d,10.78
21444,2019-08-04T12:41:46Z,958ab5fd2d2c7f0c3fe6dc14fe27005fcf35b013db75f708c22a3619,60.16762,24.95415,000000006b44cce7,23.56
21445,2019-08-04T12:41:46Z,95b4ffdd3e223cc112dd4b761681f239c2cb374e37f870ccf96dd7a8,60.16629,24.95957,00000000fb7600be,29.32
21446,2019-08-04T12:41:46Z,9604244c18efd5978b809f021651f7743e0e64da38fcf3718f9b4f93,60.14699,24.922,00000000a53ed894,4.94
21447,2019-08-04T12:41:46Z,97264f5808fa13851dacabf0c98525eec29849ff4b6a744cc777fd5b,60.16075,24.95883,00000000f1124bca,11.7
21448,2019-08-04T12:41:46Z,9736a8a29aee134a307e0cd4221e9b0a2ab7c48befee43fc62e9f9bd,60.14699,24.922,00000000a53ed894,5.41
21449,2019-08-04T12:41:46Z,9862cafd709b75d07c83b397773e0cf33564666cb81814bdbf5e54f2,60.16897,24.95222,00000000aa852af1,20.28
21450,2019-08-04T12:41:46Z,9868033d7f0d18f01d12a4034f37bf5d6e51e5ed9124c68d4b8b8e6c,60.14947,24.91438,000000004ef3150d,13.75
21451,2019-08-04T12:41:46Z,9885627881a266e5cf401516e009049e859d738e2e019be570f4b4d8,60.16448,24.97323,0000000053c6c2be,11.7
21452,2019-08-04T12:41:46Z,98bb3b6f5e2403b14b8e01616c07b03bb1fd153ded656033d7bd3533,60.16075,24.95883,00000000f1124bca,3.4
21453,2019-08-04T12:41:46Z,994b630283c750a0b697359e32c4bd06d5b4a32d2edb6c12cce42b32,60.16829,24.94214,00000000afef4555,16.1
21454,2019-08-04T12:41:46Z,9a9db814dfa74ca2c2d51496299715310e81c6e6525cc9d2cb0762eb,60.16897,24.95222,00000000aa852af1,17.4
21455,2019-08-04T12:41:46Z,9ac4c3176875b59567d28bf01df0c9490620902ff082fd0b93d15cb4,60.18203,24.91341,00000000342570c2,21.87
21456,2019-08-04T12:41:46Z,9acffb3f8b8720e2de83c8cfd41915d268d5eca34e0bd280eed3e6f4,60.16897,24.95222,00000000aa852af1,8.38
21457,2019-08-04T12:41:46Z,9b03b610755f4cec2e9d83a9763204e758a075614b125210bc914df5,60.16075,24.95883,00000000f1124bca,20.28
21458,2019-08-04T12:41:46Z,9bad872c31c8c5e53f064b5367350b41271d45ca8a9e508136622800,60.16897,24.95222,00000000aa852af1,4.11
21459,2019-08-04T12:41:46Z,9c65108fa1e4c7a8b7ec88de2204e7e33756d7988c733db64ea57fda,60.149,24.9843,00000000fffb8cf0,29.32
21460,2019-08-04T12:41:46Z,9e3d4a4b1acd94d2896cd7cf56419110f06ea96faae37aadebd4ec77,60.14947,24.91438,000000004ef3150d,4.94
21461,2019-08-04T12:41:46Z,9ff13c715073d5ad9c464cb67b6de3f703435cf389c32cce5626dfe1,60.149,24.9843,00000000fffb8cf0,33.81
21462,2019-08-04T12:41:46Z,a01d7427dcaa19c3efac1cde116c3751db11d6cf2838d0509704616a,60.14699,24.922,00000000a53ed894,13.75
21463,2019-08-04T12:41:46Z,a039eebce30ffb04ae0c0d96c461d554442c56a615d0abd905bb740a,60.16829,24.94214,00000000afef4555,31.5
21464,2019-08-04T12:41:46Z,a1b52cda133b45cf931b9e31d4037fb841f80432e99d6a000beeadc8,60.17002,24.94407,000000006b087f40,14.89
21465,2019-08-04T12:41:46Z,a22736c5d66f417bc6b745f51492549dc2e5a3c766f5e7e23f183b41,60.14947,24.91438,000000004ef3150d,7.69
21466,2019-08-04T12:41:46Z,a2e771418a36fc43aa9719d034aa9e3a7a751c5123e4bd33cc2aeea7,60.16531,24.9442,00000000fdda10fe,18.79
21467,2019-08-04T12:41:46Z,a38a21a97a054541f0423f03758c70227116c05254958373e3e93ad0,60.14947,24.91438,000000004ef3150d,13.75
21468,2019-08-04T12:41:46Z,a3d228482bfdd3dbdfaee1ff72b6ac00c2ee8c05e949047ce9117783,60.14699,24.922,00000000a53ed894,10.78
21469,2019-08-04T12:41:46Z,a422a30ec1eb058c7930e1352297c161639faa5b3ca5f5fa47c4adb3,60.14947,24.91438,000000004ef3150d,4.11
21470,2019-08-04T12:41:46Z,a4f416ec0941bb365e3665d7fd224fad15d74225e8ce9f6dd6368bc7,60.17065,24.93641,000000000f4919c9,21.87
21471,2019-08-04T12:41:46Z,a6f944078dd26796f5a849ccb6fdf8a4436f913cf3302597c846462d,60.16762,24.95415,000000006b44cce7,7.69
21472,2019-08-04T12:41:46Z,a7472d1b63171c047444981df223670390009e3ea502132d9963e9fb,60.14947,24.91438,000000004ef3150d,10.78
21473,2019-08-04T12:41:46Z,a76d219c3abcc4ec3a54dd834263f9a24972c71be4c7bbbfc663f22f,60.14699,24.922,00000000a53ed894,10.78
21474,2019-08-04T12:41:46Z,a794d97e26d3678bb11b4364880414bb7bfac4bb49d1867b37b489f7,60.14947,24.91438,000000004ef3150d,6.46
21475,2019-08-04T12:41:46Z,a7a7f84e910c87d01420156efca1675f2f263a8f7f1212bb161e73f3,60.14951,24.92138,0000000006dd41f6,27.28
21476,2019-08-04T12:41:46Z,a8bd45406d5913e098652d4c2d836339758e08d21bf5d88becabdd36,60.14947,24.91438,000000004ef3150d,14.89
21477,2019-08-04T12:41:46Z,a8df2631c2442628608c1f0352c896eb532a6ca08c85de2c77360aa8,60.14947,24.91438,000000004ef3150d,4.94
21478,2019-08-04T12:41:46Z,a9383e1c3d9b3355965662ff18ad95dfb64daa5d8e71fc20e7e50df7,60.14699,24.922,00000000a53ed894,14.89
21479,2019-08-04T12:41:46Z,a9dfc9065260957b1eb8dc3b11b793f73f7940fa5cb61acb16a260e2,60.16897,24.95222,00000000aa852af1,17.4
21480,2019-08-04T12:41:46Z,aa5773b59ce2bf1eee53e4e77cd3c261465d2ea538c9a85b8de30cd8,60.14947,24.91438,000000004ef3150d,9.92
21481,2019-08-04T12:41:46Z,aa6d51fc5411b69567cb854360c4a81267eac19446946eb27618306a,60.14699,24.922,00000000a53ed894,7.69
21482,2019-08-04T12:41:46Z,aba0a0ba8ac6fa1709e38c64f963a344afc317eae50c6141b2315763,60.16897,24.95222,00000000aa852af1,23.56
21483,2019-08-04T12:41:46Z,ac93ac0788af8e1b0f20fada4f15ca1ad31f4084b133482d8211571d,60.14699,24.922,00000000a53ed894,20.28
21484,2019-08-04T12:41:46Z,acdcc8ae1d1c6bb055dfc108154eae58b4b894f0ce1ff174c1065c7e,60.16762,24.95415,000000006b44cce7,3.74
21485,2019-08-04T12:41:46Z,ad8af809ed47a3391bb53d11da159b3a8b0ddc264d94c049ce72bda0,60.17065,24.93641,000000000f4919c9,1.01
21486,2019-08-04T12:41:46Z,ae08ba8b9f7ef2a4326d6d7bbf452a87d08f8062feaf20cb7101d414,60.15432,24.9211,0000000019fb59c4,14.89
21487,2019-08-04T12:41:46Z,ae828cc3f1fa739d818186776cff673c88a05d0f3dedfb4a765a54fd,60.16829,24.94214,00000000afef4555,9.12
21488,2019-08-04T12:41:46Z,ae87b8dd8920695bc9e599874667205991c04e30666d8523f0be4350,60.14947,24.91438,000000004ef3150d,14.89
21489,2019-08-04T12:41:46Z,aec4b11f0b1ec075878ca4a3b94da464f6fc96e330b913d5bfd346b0,60.16897,24.95222,00000000aa852af1,13.75
21490,2019-08-04T12:41:46Z,af8d59ebae9a22f7ba004eab4dcac2f4560a935bf6a7f9e2ffc0d0af,60.14947,24.91438,000000004ef3150d,16.1
21491,2019-08-04T12:41:46Z,b0a20a40885487350aaf5c8f46dab27d4d7e1d5c24fefec54c0c62d4,60.16829,24.94214,00000000afef4555,21.87
21492,2019-08-04T12:41:46Z,b12b27061f30d5659794f14cbed5e4726c5af1ef526611d3b2dded29,60.14947,24.91438,000000004ef3150d,8.38
21493,2019-08-04T12:41:46Z,b26280ff7943c2f2f00f94125547cbdc285e6c43b7d0a5819c2eac87,60.16762,24.95415,000000006b44cce7,18.79
21494,2019-08-04T12:41:46Z,b3d99c04e3db6b698e6e54f19434461336954d0c15385bff6e557be8,60.173,24.92524,0000000096918cfa,25.36
21495,2019-08-04T12:41:46Z,b3e9da5a37ed8ed450753cb7443e607ed1de2af685bad5be61b3e91c,60.16075,24.95883,00000000f1124bca,7.69
21496,2019-08-04T12:41:46Z,b41cc64d7ab4e16a03573bdc3b5863c4b402ec66c7780c7900c02877,60.16829,24.94214,00000000afef4555,11.7
21497,2019-08-04T12:41:46Z,b523d3f8341906e4b3877ff7d9614b4e10d6bbf10afdcc6c53656c8f,60.17065,24.93641,000000000f4919c9,16.1
21498,2019-08-04T12:41:46Z,b5e3abaccf4a03480985d25eb9fbf454c87f7ad06c38c8bdeb0819fa,60.14699,24.922,00000000a53ed894,14.89
21499,2019-08-04T12:41:46Z,b670feb17d43bf7c9bfc6b8236bd8f240defd4d2f9c402ce52a406a4,60.16897,24.95222,00000000aa852af1,13.75
21500,2019-08-04T12:41:46Z,b7039958be9f53a3eaed97f705a1974815f52f25226e920155397bec,60.16075,24.95883,00000000f1124bca,23.56
21501,2019-08-04T12:41:46Z,b8201571cb5ac01b7db7af4fba6c7ff58336a3f03d0fe13edf985c41,60.173,24.92524,0000000096918cfa,18.79
21502,2019-08-04T12:41:46Z,b82ba472f0cb919b39c31b9c737f1608f6a31ffa63352768f9fa12ea,60.16829,24.94214,00000000afef4555,14.89
21503,2019-08-04T12:41:46Z,b92c7fb1d77c3f326d59dbe2689bb5b8ff10fcd691f28b36aa98408c,60.17002,24.94407,000000006b087f40,17.4
21504,2019-08-04T12:41:46Z,b9c0ac0bb7310d92c296a8870603ebd12c0c632cfc2a1fa33092b337,60.16762,24.95415,000000006b44cce7,18.79
21505,2019-08-04T12:41:46Z,ba9825bb3cfae6aeb29833f0a11189802065c73f8e541b2bcb5b572f,60.14699,24.922,00000000a53ed894,16.1
21506,2019-08-04T12:41:46Z,baa222a8cd4bafd707316f5932b27c8a4aa5bca6b488ae3d59c3b0dc,60.17065,24.93641,000000000f4919c9,23.56
21507,2019-08-04T12:41:46Z,bb0193f2b0ac4801fe82ed5cec75e687465d707d92e731047f81650f,60.1538,24.95595,0000000038bf9618,3.4
21508,2019-08-04T12:41:46Z,bb690c5f762552813228dbfc36d18539ad20c7403ac64a5c5e7508fd,60.1538,24.95595,0000000038bf9618,38.87
21509,2019-08-04T12:41:46Z,bbe7947ea50de5986f237ccab5782ddb55c199ad6a81e8f692670d0c,60.16829,24.94214,00000000afef4555,9.12
21510,2019-08-04T12:41:46Z,bbeaad18acdd3a2602aa5b07ab6ae8df489cb499c4490b3e6f561a5e,60.16544,24.95398,0000000038d83d41,10.78
21511,2019-08-04T12:41:46Z,bbf8cd606b9732370f1c0ae0e68d6d0663a23102d831dd10c0e74819,60.16897,24.95222,00000000aa852af1,12.69
21512,2019-08-04T12:41:46Z,bc07df8cc395f6f4f5d483b2233caca5f93a6918f346e4cc3702f8cc,60.16531,24.9442,00000000fdda10fe,12.69
21513,2019-08-04T12:41:46Z,bccfcc98a02cf48098244967d091ea74928cc1b8d2f2b771bd11975d,60.1538,24.95595,0000000038bf9618,25.36
21514,2019-08-04T12:41:46Z,bcf688ec2e666179e52a495a8304dd7aaaf4acad52788a0929b287a2,60.14699,24.922,00000000a53ed894,17.4
21515,2019-08-04T12:41:46Z,bd4ec71179e7755567e37eb54b845b317af028a4effe45dcaeae19bc,60.14699,24.922,00000000a53ed894,20.28
21516,2019-08-04T12:41:46Z,bddca8fc17056f9f207a259070e281eedf4cea3e8e22093b88bbd7b5,60.14699,24.922,00000000a53ed894,11.7
21517,2019-08-04T12:41:46Z,bebf1edb9736fe66391376c4cf2a3033ab9fa83ae21f86b66392e2d0,60.16762,24.95415,000000006b44cce7,8.38
21518,2019-08-04T12:41:46Z,bef86aee891e6813146b3b9679809c39591429ebddf99a44cc9a60ed,60.14951,24.92138,0000000006dd41f6,36.27
21519,2019-08-04T12:41:46Z,bf2e5725b255e320f1e8375ec03f55194f1fd9f751be9629d873a5c8,60.14699,24.922,00000000a53ed894,3.09
21520,2019-08-04T12:41:46Z,bf992d3cd95a73f02d7223eaffe90a94e3e1e98a8c6759bab631b5b0,60.14947,24.91438,000000004ef3150d,11.7
21521,2019-08-04T12:41:46Z,c0722f63618f97eb8ec4afac1a8538b81a3c87e623d753ad1201bf7c,60.16075,24.95883,00000000f1124bca,4.94
21522,2019-08-04T12:41:46Z,c0a0ca3433586ed2ae0e448f2406fabac7292ac79d49562e0bd5cef8,60.16762,24.95415,000000006b44cce7,12.69
21523,2019-08-04T12:41:46Z,c1e4323d2276cb6e358f5fabb123294e7a0ef87e7169f3cccc8f2e03,60.16075,24.95883,00000000f1124bca,20.28
21524,2019-08-04T12:41:46Z,c261834e6d2c1bd9adddb82d8c6ce2d8aad82a89e32da62f3fcc6063,60.16075,24.95883,00000000f1124bca,14.89
21525,2019-08-04T12:41:46Z,c36d58ed0e0dddb3e26be1214e369db1c3fa3d4bcf8b53536a25239b,60.17065,24.93641,000000000f4919c9,4.94
21526,2019-08-04T12:41:46Z,c3be6dcc2c0542676c20d28ce38adbe2c0b9be09caa3f22e60210636,60.16075,24.95883,00000000f1124bca,5.91
21527,2019-08-04T12:41:46Z,c3c19e1fbb72afb2fb89fdc6bf035bc03da5a9952823206e623603c7,60.16762,24.95415,000000006b44cce7,16.1
21528,2019-08-04T12:41:46Z,c3e5ee20ca76f7347fda00c4c2fdee291bc6d843a879b26fbdd70390,60.17065,24.93641,000000000f4919c9,17.4
21529,2019-08-04T12:41:46Z,c493415e869d6e6304841784a120f994272b83557256b43e44e4f3e0,60.14699,24.922,00000000a53ed894,8.38
21530,2019-08-04T12:41:46Z,c551d554f64ffda092ce6c4a6715f0ed438c9649f7676b2944f1ea2f,60.14699,24.922,00000000a53ed894,20.28
21531,2019-08-04T12:41:46Z,c633a260ce59bad4e1ca42f12936ed8ae57a40f5e6528dfb70052c43,60.16897,24.95222,00000000aa852af1,10.78
21532,2019-08-04T12:41:46Z,c7951807c3dfab7d09841dfc9c9b2a4fc0bcf4f43e44a9ac61b85c91,60.17002,24.94407,000000006b087f40,14.89
21533,2019-08-04T12:41:46Z,c905a50dedd9b3d2114cde9160b7adf83adc09683b65598ce24c4047,60.1538,24.95595,0000000038bf9618,27.28
21534,2019-08-04T12:41:46Z,c9822d9c012b25f745a2934c523f3c9e6db75fbe3f5e673475813381,60.15432,24.9211,0000000019fb59c4,8.38
21535,2019-08-04T12:41:46Z,ca507a06be040b3e520339b63d5bd15463a1862124c4bd940d936e4a,60.16762,24.95415,000000006b44cce7,16.1
21536,2019-08-04T12:41:46Z,cb3f05d5604f5532e039e6d40514b13aba8f6274d952bb17a8b801fc,60.15432,24.9211,0000000019fb59c4,21.87
21537,2019-08-04T12:41:46Z,cbc336691f17a9c508549e03d522166247a0cd0a944321c1a7d15525,60.14699,24.922,00000000a53ed894,11.7
21538,2019-08-04T12:41:46Z,cbeef3bda7bad2ba1dc31f986349ad235f07ee8d53eb4d0bbc920ecd,60.14699,24.922,00000000a53ed894,13.75
21539,2019-08-04T12:41:46Z,cc2cf42c6b14536fb92c810ff0e3dd5a3caa74236f14246a5b6e8cdc,60.16762,24.95415,000000006b44cce7,5.41
21540,2019-08-04T12:41:46Z,cce6b6f309e43e2bb1be6a9784582a82891e976d0869d01040586d27,60.14947,24.91438,000000004ef3150d,4.94
21541,2019-08-04T12:41:46Z,cd3e127e27387b6e06cdf27f46fb6046e4182e4d7b49b49c17167c1c,60.14947,24.91438,000000004ef3150d,21.87
21542,2019-08-04T12:41:46Z,cd4867e8bfd7af028b5546f9acfa77ecb7ff107d7c09d62186ecbbd7,60.16075,24.95883,00000000f1124bca,20.28
21543,2019-08-04T12:41:46Z,cd4ecd3b83630f6e5d65f635804e47a1ceb82853aac36af30044f06a,60.149,24.9843,00000000fffb8cf0,18.79
21544,2019-08-04T12:41:46Z,cd9b2be9ffb37c8b7c5c25f587c95b1c7932a21fb245487ea2f740d9,60.14699,24.922,00000000a53ed894,14.89
21545,2019-08-04T12:41:46Z,ceb777dafa9b7e39125b89735b7f0cf22c3018eb0196043ac8160370,60.14699,24.922,00000000a53ed894,9.12
21546,2019-08-04T12:41:46Z,cef1d06a10cfa08bcaef8b36535c2ec32c756a76cc0d5c2a1246f933,60.14699,24.922,00000000a53ed894,11.7
21547,2019-08-04T12:41:46Z,cf348d1ad8b56dd43f377926c2a3f3a9436d35fc378964335639effa,60.16829,24.94214,00000000afef4555,16.1
21548,2019-08-04T12:41:46Z,cfa42322be0000cf89d8969d1b88ace0ba99cab721dd58d55d41a36e,60.17065,24.93641,000000000f4919c9,14.89
21549,2019-08-04T12:41:46Z,cfc2a688ff31fbb1baac8790fb6d56dc7746ba2cf9e0e5f39d4751a4,60.14699,24.922,00000000a53ed894,9.12
21550,2019-08-04T12:41:46Z,d0413da80c7714f40ffe50dcfb00039280c64ecebc61c59df72965e6,60.149,24.9843,00000000fffb8cf0,18.79
21551,2019-08-04T12:41:46Z,d098b9b5b30c5fcd4ae8a2b8bc761df72829713d3ae919634876d349,60.14699,24.922,00000000a53ed894,8.38
21552,2019-08-04T12:41:46Z,d0aa228c2a3e6e1568e876cffc76874702e0f0f63f18533551bf02c1,60.16075,24.95883,00000000f1124bca,21.87
21553,2019-08-04T12:41:46Z,d0cab2a2660dcc5cb99a9bdf39d2e6b31b7498985db1b50e48cb478d,60.18203,24.91341,00000000342570c2,16.1
21554,2019-08-04T12:41:46Z,d150c7aba4e7419f0ddd187392a9c2a429f44fa82535fb594c48ff55,60.16897,24.95222,00000000aa852af1,9.12
21555,2019-08-04T12:41:46Z,d295fce65c7332728ab79761524c814f41bd0cefa3ad9ef62ac18993,60.14951,24.92138,0000000006dd41f6,18.79
21556,2019-08-04T12:41:46Z,d3486259a51296194d20e84e88ba4588e37cf48661effba832c33ab0,60.16762,24.95415,000000006b44cce7,12.69
21557,2019-08-04T12:41:46Z,d38e88e5b926f9d1de6e326cca45116fcca11f10684c80876739c6cd,60.16075,24.95883,00000000f1124bca,8.38
21558,2019-08-04T12:41:46Z,d3c0cff604283ea6adeabb4f867f3fcaf8ee41fd27fc600d33c4d70d,60.16075,24.95883,00000000f1124bca,29.32
21559,2019-08-04T12:41:46Z,d5d06f5eab3ef6b4ffa85daffcc95dc4d4a7f2f0925a97b90d12449f,60.16762,24.95415,000000006b44cce7,23.56
21560,2019-08-04T12:41:46Z,d75c412090c347ad7fca9287bcc4eb9bfb757dc7c1725109861dd93e,60.16629,24.95957,00000000fb7600be,14.89
21561,2019-08-04T12:41:46Z,d83dd9c0a861e25c7f5ddcd393756626def7c7f82a9f3fc35e1665a9,60.14947,24.91438,000000004ef3150d,4.94
21562,2019-08-04T12:41:46Z,d87210146aab139cc6640a20b428dce6ac516806a71a177b70e04f62,60.17065,24.93641,000000000f4919c9,9.12
21563,2019-08-04T12:41:46Z,d8e7e8b511d1123d1389cf08abbfa54b2b38e1824598b88008356c33,60.16897,24.95222,00000000aa852af1,10.78
21564,2019-08-04T12:41:46Z,da667dfa2d8a272a7398e186de027fabd2052052c0aad767a1c7d966,60.16897,24.95222,00000000aa852af1,20.28
21565,2019-08-04T12:41:46Z,daac051ca20430238282e179e0fe525b11ff1e8f1ace26d45b41f331,60.14947,24.91438,000000004ef3150d,10.78
21566,2019-08-04T12:41:46Z,dbf9f0495974591badcee3fcfc1b5eb718b26de86aaf486c351ad084,60.14947,24.91438,000000004ef3150d,5.91
21567,2019-08-04T12:41:46Z,dc1c4323de4d895200d2ce734baf64170970bdef349e6206fe57bb15,60.16829,24.94214,00000000afef4555,9.92
21568,2019-08-04T12:41:46Z,dc439ef81c2abfb840e3ab145f2b944aae18a1beffd3eb47de845b9c,60.16531,24.9442,00000000fdda10fe,38.87
21569,2019-08-04T12:41:46Z,dcec4c4fb70c5f7dd0f408b6499f8c5ab0c2e9ff2b6d0fb082eba391,60.16075,24.95883,00000000f1124bca,18.79
21570,2019-08-04T12:41:46Z,dd4d709c749e6cfcf1531575846683d4ca730e850e17c6dd39252f8e,60.16075,24.95883,00000000f1124bca,27.28
21571,2019-08-04T12:41:46Z,dd80b99bb92c5d1e15d284887f8a7babce7c973c3a90e89127a5d0fc,60.16544,24.95398,0000000038d83d41,36.27
21572,2019-08-04T12:41:46Z,ddc8410b9e4ece4b995b789f95e526693bac176ed77092ba57355dc8,60.16762,24.95415,000000006b44cce7,3.09
21573,2019-08-04T12:41:46Z,de09fd8d15c3d7adbf440a3d0a418a3b476513c968bda8a4aa652adf,60.173,24.92524,0000000096918cfa,21.87
21574,2019-08-04T12:41:46Z,de0d086ae32f87522eab31d3bc52545ed17b065889674963c0709568,60.16829,24.94214,00000000afef4555,10.78
21575,2019-08-04T12:41:46Z,de84f754a3916c8f831b0bb8ea41fc2a42cdea2794558fece3c7ae97,60.1538,24.95595,0000000038bf9618,27.28
21576,2019-08-04T12:41:46Z,e02c0f9f72e9f248a4b5df8af328e1a0132d4d8a72c1e603d14cdacd,60.18203,24.91341,00000000342570c2,18.79
21577,2019-08-04T12:41:46Z,e0e938d5ab6fe3b13270163cd8a4e531dfae4b24ff98ab7e4277114c,60.14947,24.91438,000000004ef3150d,12.69
21578,2019-08-04T12:41:46Z,e1322e5118885f9bd50f4b2f8c4fd6d329ced295738b9983ef61b1c8,60.1538,24.95595,0000000038bf9618,33.81
21579,2019-08-04T12:41:46Z,e146a005895fb34bd6ba171e992a110e3768e607872add67faa900fa,60.16762,24.95415,000000006b44cce7,13.75
21580,2019-08-04T12:41:46Z,e23a6115ba872037f9b5066c9c9c966b497f449e32a2c9ceb0e55497,60.16829,24.94214,00000000afef4555,5.91
21581,2019-08-04T12:41:46Z,e341e5e3e0b4fef8c3764508293310da5922b202d791694e43069ad1,60.16544,24.95398,0000000038d83d41,18.79
21582,2019-08-04T12:41:46Z,e35717ff07f32be5a2e1520f1855533f8dcc72cff7930c9cba9da32b,60.14947,24.91438,000000004ef3150d,23.56
21583,2019-08-04T12:41:46Z,e40a26f3f7468f4ac2302b45f1ed9aab7fea245ccf81d0c08072c881,60.16829,24.94214,00000000afef4555,14.89
21584,2019-08-04T12:41:46Z,e447e76c7b53157c11d5bfeb172c27332c81b5ec7f263badf5507888,60.149,24.9843,00000000fffb8cf0,3.09
21585,2019-08-04T12:41:46Z,e6f7965f2ef456f61121bcce5e466f125192e511c2af72d901307e8e,60.16762,24.95415,000000006b44cce7,10.78
21586,2019-08-04T12:41:46Z,e7cd5f775c7eea951719f351fcc25c710f857832d6f4b70a51b7b82d,60.16897,24.95222,00000000aa852af1,11.7
21587,2019-08-04T12:41:46Z,e826dedac8582e619ce18cd7eed68be5ee1fc9ed37e191e06f916835,60.14947,24.91438,000000004ef3150d,5.91
21588,2019-08-04T12:41:46Z,e9115410fa45db5a174eee008cae729dc69937a0e0b5a304899bf1b9,60.17065,24.93641,000000000f4919c9,18.79
21589,2019-08-04T12:41:46Z,e92eb020afcd7c1fad04690230ff8c2f005e404dd25b8dced1df30dd,60.16075,24.95883,00000000f1124bca,9.92
21590,2019-08-04T12:41:46Z,e9e19621fc5cfcfed2c808bbadc6cc6dd31e28d3c04cef8b89ca2729,60.16075,24.95883,00000000f1124bca,9.12
21591,2019-08-04T12:41:46Z,ea157e44ed100be3f782d8b3d8e5e0986079c588c9ea754b14917df0,60.16829,24.94214,00000000afef4555,0.34
21592,2019-08-04T12:41:46Z,eac6fda3a18aa9ce55b6359f5c62a044e0bcd6bc3576c8cd815acf07,60.14699,24.922,00000000a53ed894,9.92
21593,2019-08-04T12:41:46Z,eb6541383f8b12fc5476e5e2bc406933edfd211f49a1bbb93f323fa0,60.14699,24.922,00000000a53ed894,9.92
21594,2019-08-04T12:41:46Z,ec424a10bcefb6e69c2eabf42534f06e7a10aa0cfb28f6478052cade,60.14699,24.922,00000000a53ed894,6.46
21595,2019-08-04T12:41:46Z,ed70712277756192c688e0f4d7620cdb33803ab3e0cc7c180c3efd23,60.15432,24.9211,0000000019fb59c4,17.4
21596,2019-08-04T12:41:46Z,ed79b42b7b79277b944e3800c2bf93fefe5be88fe6d0d2b52a944ea8,60.16762,24.95415,000000006b44cce7,13.75
21597,2019-08-04T12:41:46Z,eed1c3b93e33ab3a4802db427c8c197c0fbad358e039b6ea8c8af07b,60.18203,24.91341,00000000342570c2,16.1
21598,2019-08-04T12:41:46Z,ef352dcaa8317b6a3c0a02cd8908dd13da5601cc66ba65c5fd8d031a,60.14947,24.91438,000000004ef3150d,13.75
21599,2019-08-04T12:41:46Z,ef77b04fc57a9781bf581172358ba74cf41e0b2a6ecc8090f99810bf,60.14699,24.922,00000000a53ed894,18.79
21600,2019-08-04T12:41:46Z,efe8b6c6fdf0d2caccd589aaaa4f0228a80590ff9ec7961f2e92103d,60.16762,24.95415,000000006b44cce7,12.69
21601,2019-08-04T12:41:46Z,f04b198f2f3331022f4a89ef2c2d12283e9c1c03a6c64a1dcb6e76cc,60.173,24.92524,0000000096918cfa,20.28
21602,2019-08-04T12:41:46Z,f062cb52d49926a4fb39f723275ed60ab6c0f3bf34e0c3f9d233b7b8,60.14947,24.91438,000000004ef3150d,8.38
21603,2019-08-04T12:41:46Z,f15b72a3aad411d2f8a70b41c4f62ad2d744d064d42ec00c71a18ac5,60.16762,24.95415,000000006b44cce7,2.54
21604,2019-08-04T12:41:46Z,f1e73fa6dab8e8a2db6d7515f601fac161f17c34beb84aa55e812a9e,60.16762,24.95415,000000006b44cce7,8.38
21605,2019-08-04T12:41:46Z,f2759841619517bff6a58510ebb0ddbc9378cd300d99652f9b14f90d,60.16531,24.9442,00000000fdda10fe,31.5
21606,2019-08-04T12:41:46Z,f2deba4ef84dbbc8c5d8524f6e2311183003bce4f9bfa6aef5b5ef66,60.14947,24.91438,000000004ef3150d,4.94
21607,2019-08-04T12:41:46Z,f2e063c8c25a8bec0dd6ec3924a5f59fd9694078f2f3fd5b3ea96f29,60.16762,24.95415,000000006b44cce7,12.69
21608,2019-08-04T12:41:46Z,f39827c3c7f4c833d1118043492f78e3255b6da9f4a2c000041d9b61,60.16829,24.94214,00000000afef4555,0.23
21609,2019-08-04T12:41:46Z,f3ec2366b51157150674e5ab6293bdb19e0b30ca4296fee4c97b811c,60.14699,24.922,00000000a53ed894,9.92
21610,2019-08-04T12:41:46Z,f5f7cfe177dfb0b7ebba2419ae53f70b6b5690dd98d98586004a9107,60.149,24.9843,00000000fffb8cf0,12.69
21611,2019-08-04T12:41:46Z,f66767381dd8d1bf0e53c7bb920dd23845902ad04a03ab1134a70b11,60.173,24.92524,0000000096918cfa,14.89
21612,2019-08-04T12:41:46Z,f6a88c4482d078d6a1d51eabc04916c6f7566cff4a16fd55f3abdef0,60.16531,24.9442,00000000fdda10fe,23.56
21613,2019-08-04T12:41:46Z,f7217b8e84186a60f5c42e18db84534eaee8151a4ac1e45255c1195a,60.14699,24.922,00000000a53ed894,31.5
21614,2019-08-04T12:41:46Z,f7777ac6285e2f6b6aa546b03f294d81e169b8236268cfed232c9679,60.16897,24.95222,00000000aa852af1,16.1
21615,2019-08-04T12:41:46Z,f796c9efc581b25280d4b416f8ba3aecca6ddf083e7bdad05f6e595e,60.14699,24.922,00000000a53ed894,9.12
21616,2019-08-04T12:41:46Z,f7f0caf73572bea3c08b592eeb9655b2668cfb16fd8840ca5619d84a,60.14699,24.922,00000000a53ed894,5.91
21617,2019-08-04T12:41:46Z,f81439a39740937c6cba523d5ebca87b52d69ff29fb449cf42ade4d6,60.14699,24.922,00000000a53ed894,14.89
21618,2019-08-04T12:41:46Z,f868d87b5d5a7094b60a131cd3e120c25787ebf751f7c93640b34942,60.16897,24.95222,00000000aa852af1,14.89
21619,2019-08-04T12:41:46Z,f86f1df2f5c201403e3bc7c157ec0bffa00950b97863a85d6ac2fdb3,60.17065,24.93641,000000000f4919c9,14.89
21620,2019-08-04T12:41:46Z,f9a7057352731d27889cbd388be5902a6e62b297a3467232e8e47094,60.16762,24.95415,000000006b44cce7,14.89
21621,2019-08-04T12:41:46Z,f9f454563bb2c7fd9944c5f164bf6c5fad98bb698039934d4d8b54dd,60.16897,24.95222,00000000aa852af1,23.56
21622,2019-08-04T12:41:46Z,fa96854324adae88abb35afa34b2393a20338bfd8fc9602d3ce6ae8d,60.14947,24.91438,000000004ef3150d,3.09
21623,2019-08-04T12:41:46Z,fadc39da3cd26ac621092fbbff224b95bb13446c8d24bbf4f3e50e90,60.14947,24.91438,000000004ef3150d,7.69
21624,2019-08-04T12:41:46Z,fca3daa86786d92fe75c43051a906ab67c8b95c774a1227b3c45ce10,60.18203,24.91341,00000000342570c2,20.28
21625,2019-08-04T12:41:46Z,fe5ca86c906b1cb3bf9dd257ceefc562e41da499878f1074484f7d42,60.14947,24.91438,000000004ef3150d,13.75
21626,2019-08-04T12:41:46Z,feb399897846bc34dc3f4b06ac4ef0ffb0db885977b88e5c5fdb7350,60.14699,24.922,00000000a53ed894,12.69
21627,2019-08-04T12:41:46Z,ff8280896145ae17e594c52eac2cdbab47d3757d797878fbc4298596,60.1538,24.95595,0000000038bf9618,31.5
21628,2019-08-04T12:41:47Z,07d86ad98399440d0cc3bd3382a7256feb971e49a3686dc17f532e1c,60.16829,24.94214,00000000afef4555,11.7
21629,2019-08-04T12:41:47Z,1142f5b6806b1ec7d8d47d47013eb530d8a7418f6934d8867b20966a,60.16829,24.94214,00000000afef4555,27.28
21630,2019-08-04T12:41:47Z,14c7e1511b70f4dd3359cbece1377aebb4d70531f5489eefe53d7c3c,60.16544,24.95398,0000000038d83d41,25.36
21631,2019-08-04T12:41:47Z,1599d2c9070a6f05e1a5887c2d9209214c04818c6203fe75440734f2,60.1538,24.95595,0000000038bf9618,27.28
21632,2019-08-04T12:41:47Z,16962a7bb036a995c8cf0c2bc17153c812c23d9af2eaf2207425da3b,60.14951,24.92138,0000000006dd41f6,31.5
21633,2019-08-04T12:41:47Z,211f6b7b044343d0be369791b3fa3c144d0d0f391e2a42787712efb0,60.16448,24.97323,0000000053c6c2be,12.69
21634,2019-08-04T12:41:47Z,21d09757012e8f7297d1de922f681bcc36581a3d7be770b42b3780a0,60.15432,24.9211,0000000019fb59c4,11.7
21635,2019-08-04T12:41:47Z,25a7ff811c3c06e426c7c2cbb0433d9a2a3399b23afecbd35584ab0f,60.18203,24.91341,00000000342570c2,18.79
21636,2019-08-04T12:41:47Z,2d3d031189abfaea69cd551a97b2b2d056a908f19bc56701010a2304,60.16897,24.95222,00000000aa852af1,14.89
21637,2019-08-04T12:41:47Z,315af4a829b592ba99b203b8ed2cbd499769f8752dfe6de7da4ee929,60.16829,24.94214,00000000afef4555,16.1
21638,2019-08-04T12:41:47Z,35568b1e0d67c5d7b6b15bb08540a1aafe24817a9bc06673b97e85c9,60.14947,24.91438,000000004ef3150d,7.69
21639,2019-08-04T12:41:47Z,3b5cafe90982db26cf737b2e4cd4275276f6a031bca3b2a1f73023b2,60.14699,24.922,00000000a53ed894,18.79
21640,2019-08-04T12:41:47Z,3fe5f4ccfa5c777ceafda0674d7c9da6f509f6694b4c2fa254b32e73,60.16897,24.95222,00000000aa852af1,27.28
21641,2019-08-04T12:41:47Z,44d0b94469070803869f229601e877beb613c3f5aafa009addf97a1a,60.16544,24.95398,0000000038d83d41,14.89
21642,2019-08-04T12:41:47Z,4a1efc9faf9548fe0ed72037d54a131265a72e61fdfc2009a4e9408a,60.16075,24.95883,00000000f1124bca,16.1
21643,2019-08-04T12:41:47Z,5d65719c4cbf045f068d084b72302f447d5fd034413d97d13be00d0e,60.18203,24.91341,00000000342570c2,16.1
21644,2019-08-04T12:41:47Z,5eed115a984d490b02b602d73787aee8dc8c4e9365b77fbff3818a76,60.16629,24.95957,00000000fb7600be,20.28
21645,2019-08-04T12:41:47Z,66dabd3229229330d23c70e9e1737429ddfe69db01f4a6a00f70fa20,60.16762,24.95415,000000006b44cce7,17.4
21646,2019-08-04T12:41:47Z,69219e9efa41ae9e732653e9eaf08e1a34cb853a9dafe76ddeea4d04,60.16897,24.95222,00000000aa852af1,20.28
21647,2019-08-04T12:41:47Z,6a70e2fbced719333e21eff04fcb9cb36bae9a04d1a3d6ddd96f2c58,60.15432,24.9211,0000000019fb59c4,7.69
21648,2019-08-04T12:41:47Z,6c8861f56a280e7752e10439271a2498527c69b0796f58de4afc6008,60.16075,24.95883,00000000f1124bca,20.28
21649,2019-08-04T12:41:47Z,6f06341f358e61699fe1e55e986dd0554bc8da28b91daf0c5ad99db6,60.16629,24.95957,00000000fb7600be,21.87
21650,2019-08-04T12:41:47Z,70d8572458a1a103555bab897b6443e601e0ed211414b15ad0b56f60,60.16544,24.95398,0000000038d83d41,23.56
21651,2019-08-04T12:41:47Z,79f136afa0dd8717337c01c70b457c464aaf0fa25b440f51a394ec23,60.16762,24.95415,000000006b44cce7,20.28
21652,2019-08-04T12:41:47Z,85ef35aecf2ff804be3d958b592705ec41c6df9c128c132c65bb283d,60.16897,24.95222,00000000aa852af1,21.87
21653,2019-08-04T12:41:47Z,87dfaad29a9276ddddb1fa021d3bc23ad14824c1af16f7d87e713689,60.14951,24.92138,0000000006dd41f6,9.92
21654,2019-08-04T12:41:47Z,88808fe92573e9cdf022cc15b9689b6b4b9429f60513c8897b0ba4c7,60.16897,24.95222,00000000aa852af1,16.1
21655,2019-08-04T12:41:47Z,89982a6acf91b79a282a6b63978e946ee205f303fcd20e944e06baf0,60.16544,24.95398,0000000038d83d41,20.28
21656,2019-08-04T12:41:47Z,8c3b1ed0846e38cc84b863a80540c8a75bfd85c8bdda36563d153110,60.16544,24.95398,0000000038d83d41,25.36
21657,2019-08-04T12:41:47Z,8c75c3289c84fe4493e1e272a77b615fe1985880c5dc68a7c1a17b53,60.16762,24.95415,000000006b44cce7,12.69
21658,2019-08-04T12:41:47Z,94c5a69a5ae6e9407c3fa9a6919d99beb3558dd4e6750eb480ddc36f,60.16829,24.94214,00000000afef4555,16.1
21659,2019-08-04T12:41:47Z,9843c6216661048343a0e49cf3d8aa2883cf77f452666a1c873a1052,60.16448,24.97323,0000000053c6c2be,27.28
21660,2019-08-04T12:41:47Z,a91d379a4b57c5df22db0d7a041ff69f657b4b31f28554b1011fc03c,60.16544,24.95398,0000000038d83d41,27.28
21661,2019-08-04T12:41:47Z,acd2647d413f41552b31b6e383da445c8902bc2a764d2b7791a7b164,60.16762,24.95415,000000006b44cce7,17.4
21662,2019-08-04T12:41:47Z,ae556011c511e79ed2daac915308eebfe8e1f17c56850f7a1fc92ce1,60.14699,24.922,00000000a53ed894,25.36
21663,2019-08-04T12:41:47Z,b5fd6b317890e5ab2d79e2cd1abe61626d45a753c7337d0d40728898,60.16762,24.95415,000000006b44cce7,9.92
21664,2019-08-04T12:41:47Z,b6768ae226a93bce23852414e20866c7413513d067579c03ea883dfa,60.17065,24.93641,000000000f4919c9,16.1
21665,2019-08-04T12:41:47Z,bb98768dad0f7c52cf643f035a3e7e48f5cfe28557c66f2a75914b31,60.14699,24.922,00000000a53ed894,12.69
21666,2019-08-04T12:41:47Z,be41ebc5fb0d348fc1ef1166d44251c3112a78a4ea01aa980364ee7c,60.14699,24.922,00000000a53ed894,14.89
21667,2019-08-04T12:41:47Z,c40c37def6bf11a63a2556519a7c6233fd417cdeea2cf14f28e7c42c,60.16531,24.9442,00000000fdda10fe,20.28
21668,2019-08-04T12:41:47Z,c57798b6cb94af1e3e6f6a5c075de6a78c68f325119741127f810a0e,60.16897,24.95222,00000000aa852af1,18.79
21669,2019-08-04T12:41:47Z,c97eb4181394121907d47b908495f54e5ee5145ff790f7a1dc21b3cf,60.16897,24.95222,00000000aa852af1,10.78
21670,2019-08-04T12:41:47Z,cf05623e4d87ce0906c0b0b7dbf53aacc1228016cd27c341228b6e76,60.18203,24.91341,00000000342570c2,20.28
21671,2019-08-04T12:41:47Z,d0bb9fef9a0ef26adcdd4732c9c20361bce49826f32c2892242831b8,60.16762,24.95415,000000006b44cce7,16.1
21672,2019-08-04T12:41:47Z,dcb7e8bb90af70568c12a902d706c70e1ac1213e31ba074756f0a27a,60.1538,24.95595,0000000038bf9618,17.4
21673,2019-08-04T12:41:47Z,ded49640b591e73bff71f84fb99d2739eb6c9554164a015017725e03,60.16829,24.94214,00000000afef4555,13.75
21674,2019-08-04T12:41:47Z,e8690c2d1711bc10f2d1251a3b5b1e770b98c66c384760400c604de1,60.16829,24.94214,00000000afef4555,25.36
21675,2019-08-04T12:41:47Z,e8e366e76c97944e23c0f80b4fd3ce6e5832744922297146a49f0c7e,60.16762,24.95415,000000006b44cce7,13.75
21676,2019-08-04T12:41:47Z,e96bd269a48b822b06141c3362fcb6d5ed4d0d09a120f2e4a712d5c2,60.16897,24.95222,00000000aa852af1,11.7
21677,2019-08-04T12:41:47Z,f088630d7476dae7d4b7e2bb1f10575f2c89acb4b6e061f3d57c2b40,60.16531,24.9442,00000000fdda10fe,21.87
21678,2019-08-04T12:41:47Z,f237103f284dc6c51c64f9728c4f56e0c855dbb1bf8c4165758c3ef0,60.16897,24.95222,00000000aa852af1,25.36
21679,2019-08-04T12:41:47Z,f405a7c4a3a4339f8e3f7e552f6492d6eed76f7d08c54943286213de,60.16762,24.95415,000000006b44cce7,13.75
21680,2019-08-04T12:41:47Z,f6609ab1076b1105bb845595a03b41b8fbb282f79c337df5bbc9f841,60.14699,24.922,00000000a53ed894,9.12
21681,2019-08-04T12:41:47Z,f94dddacf96965952551200a02b41925bcd21402aceafb12f19931af,60.16075,24.95883,00000000f1124bca,7.05
21682,2019-08-04T12:41:47Z,fc4f3a44235f1cfc7b53f14ba2da599976a5a0a220d23b852688e485,60.17919,24.95181,000000007b5207b6,21.87
21683,2019-08-04T12:41:47Z,009ad4cd2bd97e04da44cc9789e6bdbdb899eded61d05b7d5634b7be,60.16829,24.94214,00000000afef4555,3.74
21684,2019-08-04T12:41:47Z,00bdb07c0f4f75c71196362c269c9f652c66cf7d3f3c2d89843af063,60.16629,24.95957,00000000fb7600be,25.36
21685,2019-08-04T12:41:47Z,010298d620fbe80ab4f46c866c215217b2bf1fd12a2a67b9e56b4ce8,60.16829,24.94214,00000000afef4555,10.78
21686,2019-08-04T12:41:47Z,032e5d7621738a50c9e742e0cba13c819f7c67cedf8687f3ab25595c,60.16762,24.95415,000000006b44cce7,9.92
21687,2019-08-04T12:41:47Z,033759f09b97a9347fd7852dbc2bcd3abbb67a792486acad9d185bca,60.16762,24.95415,000000006b44cce7,14.89
21688,2019-08-04T12:41:47Z,036c183505fea646b54aeb0c612913cafba94eca65e47d3c6d840a68,60.17918,24.95141,00000000675d5200,20.28
21689,2019-08-04T12:41:47Z,04b49a34910d12f55243dd5a756c7cc1e506e5d3cdb418cc635e9ad9,60.16762,24.95415,000000006b44cce7,2.8
21690,2019-08-04T12:41:47Z,04b5d29c48edaaf4904a98e412562e3c0d857eb20342cc7c323d4293,60.16762,24.95415,000000006b44cce7,8.38
21691,2019-08-04T12:41:47Z,05d441c83d2df822feaf93d7861452db7a201f22d84cfa36f421dfd2,60.16544,24.95398,0000000038d83d41,12.69
21692,2019-08-04T12:41:47Z,07fa093f5dceb6043b0a8c9d8ad01c1bfdfe15d4b3071a26b747ea07,60.14699,24.922,00000000a53ed894,17.4
21693,2019-08-04T12:41:47Z,0947f9d6bb6c34e382e008052b704b6521ac4f7678a2e8a719bb574b,60.15432,24.9211,0000000019fb59c4,23.56
21694,2019-08-04T12:41:47Z,0a0acb70a8ef92be52a64d4425e70bb2f7a17d13942c3382c9d68878,60.149,24.9843,00000000fffb8cf0,2.54
21695,2019-08-04T12:41:47Z,0a5616e066b42895361324cfa8abef41d849a55e3e4bed429bab494b,60.16829,24.94214,00000000afef4555,18.79
21696,2019-08-04T12:41:47Z,0a5ed50daf13dd10744537aa851ac7ab1d34d9797ec6ab6e2402aebb,60.16762,24.95415,000000006b44cce7,4.94
21697,2019-08-04T12:41:47Z,0aabf0df4c3c5b45bb8950c92dbe624985f19e8650ed61f92571a65a,60.14699,24.922,00000000a53ed894,16.1
21698,2019-08-04T12:41:47Z,0b0dd9af9d52c68ff71ce266d6707abbb0f56c3c63be0f83f7b5df9b,60.16762,24.95415,000000006b44cce7,9.12
21699,2019-08-04T12:41:47Z,0c905239b8c0e14cba671cf4d4d715d1045a30ee62a6285fb489dbb0,60.16829,24.94214,00000000afef4555,14.89
21700,2019-08-04T12:41:47Z,0d3525b13d674f1645fdbe6d842fe37b2f416889c5472e9dfcc5445c,60.14947,24.91438,000000004ef3150d,7.05
21701,2019-08-04T12:41:47Z,10caaea8002e8b3b342b32710efdd7305ff375ca1cdc01411f66b2f6,60.14699,24.922,00000000a53ed894,11.7
21702,2019-08-04T12:41:47Z,119268a2b328b466959e99158efc17d07641daf2eab0785f813707f9,60.16762,24.95415,000000006b44cce7,16.1
21703,2019-08-04T12:41:47Z,120a63917cb5ab619bf9a71328f14020736ee84e75d5b37278748def,60.16897,24.95222,00000000aa852af1,13.75
21704,2019-08-04T12:41:47Z,128df515b075ffc54794d311944f31b9b1c1132d182943a9880e5bc0,60.16544,24.95398,0000000038d83d41,17.4
21705,2019-08-04T12:41:47Z,13bcedb8c59b26417282929d81844b272c7c5bc295614f531219a8e4,60.14947,24.91438,000000004ef3150d,12.69
21706,2019-08-04T12:41:47Z,13ee67fb034e3d24edc9a9618e9d6de24979ebbcb399f83abb02a897,60.14699,24.922,00000000a53ed894,10.78
21707,2019-08-04T12:41:47Z,1423891c6ee1edc7da83904378a35aef2e5797db95b117651d676934,60.16762,24.95415,000000006b44cce7,25.36
21708,2019-08-04T12:41:47Z,1496ce9cf373a2a508a8ab0b7aa0604dd889fd69483881c3752219af,60.14699,24.922,00000000a53ed894,9.92
21709,2019-08-04T12:41:47Z,1551f9fdd5a57b17be51babad39f807f04be4d340266c153eb860156,60.15432,24.9211,0000000019fb59c4,20.28
21710,2019-08-04T12:41:47Z,15ee12e5f9be00a79b0cbbc9912f51cbfa3e486624567e1bde938fb6,60.1538,24.95595,0000000038bf9618,23.56
21711,2019-08-04T12:41:47Z,161aa798c2a18e132fb27ecded773218ea4e42eabbd0e5794b1d7017,60.15432,24.9211,0000000019fb59c4,11.7
21712,2019-08-04T12:41:47Z,171a752ceacd35c6e27c36e67da80ba960a246c0977f0bdca139a472,60.14699,24.922,00000000a53ed894,9.12
21713,2019-08-04T12:41:47Z,1769031b7f4d75de0541e26427b9ecc92c84b80992e3b36bb8eb799e,60.16829,24.94214,00000000afef4555,5.41
21714,2019-08-04T12:41:47Z,197961cf403efacc6bdb07158a50753109701aba7a6e7cbf8502e1ee,60.14947,24.91438,000000004ef3150d,14.89
21715,2019-08-04T12:41:47Z,1a93dfa31156cee53b4bd527d8b74655a5da812b6933d8a86d871e47,60.14947,24.91438,000000004ef3150d,9.12
21716,2019-08-04T12:41:47Z,1aacd77e1fdbe1544cf1ab29a00642d77ce4a075e388e8a2108aa39b,60.16829,24.94214,00000000afef4555,10.78
21717,2019-08-04T12:41:47Z,1ad0b84716a79851fa8db7a993012f0c8e496d6cba9d028a546285a2,60.16897,24.95222,00000000aa852af1,12.69
21718,2019-08-04T12:41:47Z,1b3fba902b8d1538b508cdc228fd15fdd87f5aecb68e5611b1a4e354,60.16762,24.95415,000000006b44cce7,2.3
21719,2019-08-04T12:41:47Z,1bcef866fafad7c7460a084e0b0d27c087b549f4ae704390708be47e,60.149,24.9843,00000000fffb8cf0,18.79
21720,2019-08-04T12:41:47Z,1c13175307f58b1bf07c8838e26a2f5d0fd5b21a7517c0b4f4e6bd8f,60.1538,24.95595,0000000038bf9618,18.79
21721,2019-08-04T12:41:47Z,1c669457535e4635f732c228ec524f9d2c440b0d2132fa1acd93122a,60.16897,24.95222,00000000aa852af1,29.32
21722,2019-08-04T12:41:47Z,1c7ccd5d6570d98e57ef2ebbd716b7504b138f9bb616fbeaa0d1a268,60.14699,24.922,00000000a53ed894,4.5
21723,2019-08-04T12:41:47Z,1d4841b6905c46f3c38f79540bae2a88a4e660692149506c0db9da33,60.15432,24.9211,0000000019fb59c4,23.56
21724,2019-08-04T12:41:47Z,1dacfb371d75dd4f90f447aac2a00faad98beb4188a6971c19eb2375,60.16629,24.95957,00000000fb7600be,21.87
21725,2019-08-04T12:41:47Z,1dcb5d78c4ed02c596144501da43e29defedf2db734c34c36c9bacbd,60.16762,24.95415,000000006b44cce7,21.87
21726,2019-08-04T12:41:47Z,1eed5192896838d1860e8ea14bda43d065b88fc7dc562f54765e85a8,60.16897,24.95222,00000000aa852af1,25.36
21727,2019-08-04T12:41:47Z,1f74037ecab4dbdc5db1a8dc8b583a86630f86a5f2d0a5167b7fa605,60.18203,24.91341,00000000342570c2,25.36
21728,2019-08-04T12:41:47Z,1f81ed7274add201d3059d4a37e2bbe86b6ae1f0fd42a16d7b8dccaa,60.14699,24.922,00000000a53ed894,10.78
21729,2019-08-04T12:41:47Z,203a0c145a43c9a18f8c2a5ba4e18882e7430662bb4ac0e56ab37578,60.17065,24.93641,000000000f4919c9,12.69
21730,2019-08-04T12:41:47Z,208944c5811f446561788c5415738cbe52bdacb371f415236042698c,60.16897,24.95222,00000000aa852af1,16.1
21731,2019-08-04T12:41:47Z,21bdc11bb63fb48c9d4b5308540ee5df579c9a385001a10fceeeedf3,60.14699,24.922,00000000a53ed894,16.1
21732,2019-08-04T12:41:47Z,21eed3ade733687b8f56fade8290819b7c6b4a9f38468979fe692c3e,60.16762,24.95415,000000006b44cce7,9.92
21733,2019-08-04T12:41:47Z,22fe9a06fba1036e8eafd726bc450095b1893be067f475e1882bb704,60.14699,24.922,00000000a53ed894,12.69
21734,2019-08-04T12:41:47Z,231026899a6d5b326cb5b1e38b182ca1acb77c7e27bc2378973b29db,60.16629,24.95957,00000000fb7600be,10.78
21735,2019-08-04T12:41:47Z,23337c2812924a07e4f0bbc92e56d1f85ea40208b6b987f4afc686cf,60.16897,24.95222,00000000aa852af1,13.75
21736,2019-08-04T12:41:47Z,244b51aa4a7059ba782925258111c295aa4de9596025c55ccd5580ac,60.16829,24.94214,00000000afef4555,23.56
21737,2019-08-04T12:41:47Z,247f8b2fe544f61677fce4b7f300f6be0c3fa9f5a9f057cc0a4b2111,60.16762,24.95415,000000006b44cce7,10.78
21738,2019-08-04T12:41:47Z,2607d1b2fc6e31a80348fffbed68a7d3a8e0212f197f2d1c573c587b,60.14947,24.91438,000000004ef3150d,3.74
21739,2019-08-04T12:41:47Z,267b66cc2e81a226d253a8f3228a4b45e1fabb634bba60fd0cc21a8d,60.14699,24.922,00000000a53ed894,14.89
21740,2019-08-04T12:41:47Z,2838eddb482a9bc77b0b867352020e2cbfb71e85aaa1d61307e85f3d,60.14947,24.91438,000000004ef3150d,11.7
21741,2019-08-04T12:41:47Z,28b43564f7156b67db7cb7b779e948986d7610f921490f9030379704,60.16897,24.95222,00000000aa852af1,7.69
21742,2019-08-04T12:41:47Z,28d2c3282e9f8fec67baec7992dcd800c45b67071e33cb118905a6b3,60.16829,24.94214,00000000afef4555,14.89
21743,2019-08-04T12:41:47Z,2969cdb120f2d285c556abfe5bac2f8090571f61aba227a474a534d2,60.17065,24.93641,000000000f4919c9,4.94
21744,2019-08-04T12:41:47Z,29a1ee6c0907a00ec6b6dcbb187f5c31d1a11b261aabd339210ee013,60.16897,24.95222,00000000aa852af1,9.92
21745,2019-08-04T12:41:47Z,2bc95bfe257249215913b47f8544606d478783f0530c688972c2f11f,60.16629,24.95957,00000000fb7600be,36.27
21746,2019-08-04T12:41:47Z,2e86f9a432e00fa6ff5b8744ffecbe22a02b4316779bc8b4078af2e2,60.149,24.9843,00000000fffb8cf0,25.36
21747,2019-08-04T12:41:47Z,2ee2e108ed9051b1ccf4d3ee89931dfd53170af0b558fa6579b83e8d,60.15432,24.9211,0000000019fb59c4,7.69
21748,2019-08-04T12:41:47Z,2f08dbfbbe5577f04ea9826f72d5452ddf5fd9bb892769382ea5a4ca,60.16762,24.95415,000000006b44cce7,12.69
21749,2019-08-04T12:41:47Z,2fabc4773758a12492d31bdfe6b37e6523ae8caabecda356d33dce41,60.15432,24.9211,0000000019fb59c4,20.28
21750,2019-08-04T12:41:47Z,303b71b588600720035fd295c72c5a573cc3eb884d1289fc42ae5b2b,60.16897,24.95222,00000000aa852af1,27.28
21751,2019-08-04T12:41:47Z,30a61e19970b97da6e9b193690e43a087312fbcf2c8fa2206a608183,60.14699,24.922,00000000a53ed894,18.79
21752,2019-08-04T12:41:47Z,30c55d5011d0f6c901437a130dbe2653c7ae0cceee3b0a242394152c,60.14947,24.91438,000000004ef3150d,25.36
21753,2019-08-04T12:41:47Z,3165c6ee17d11e4b51e03844fd1234cd64aecc860cd6c162ceb99058,60.16897,24.95222,00000000aa852af1,16.1
21754,2019-08-04T12:41:47Z,32708990f2c831e65f70f2682baf5188fc93348b9a9e78ada8db2bf4,60.14947,24.91438,000000004ef3150d,9.92
21755,2019-08-04T12:41:47Z,32f77f5019e5fce30881c214487361e2e34b8c93277f6e546de72012,60.1638,24.96846,00000000d747f075,21.87
21756,2019-08-04T12:41:47Z,33634cb1e3fc5d4a621e8717d203da8533ed27531a70c6cbe3abf3fa,60.16762,24.95415,000000006b44cce7,2.08
21757,2019-08-04T12:41:47Z,33ec502792a84f23fed03cf16e483d153c65e2850a2549f47034726a,60.16762,24.95415,000000006b44cce7,7.05
21758,2019-08-04T12:41:47Z,3405b45677395f577b17b4f3f98f4e4acf64510ac518139bea7227fd,60.16829,24.94214,00000000afef4555,31.5
21759,2019-08-04T12:41:47Z,3459042c03cbb672a039f7f14a6b99b84f839b0598f9e48bf4dd95f5,60.14699,24.922,00000000a53ed894,11.7
21760,2019-08-04T12:41:47Z,347c2747f8b58cdc6f96b541d1a35f2c0e182b542706a38e0ce7ef4a,60.149,24.9843,00000000fffb8cf0,20.28
21761,2019-08-04T12:41:47Z,348d0f13ec830589831a973041803bc7b6c0f0b5f6e5a84e47f292d3,60.17002,24.94407,000000006b087f40,25.36
21762,2019-08-04T12:41:47Z,349dd839e41cff363cc4b935496e52b93be15233e508aa82987859bd,60.16075,24.95883,00000000f1124bca,13.75
21763,2019-08-04T12:41:47Z,352427714fc6e8591df6bd227dde05d3b7ba0881742eee4ae750dcc4,60.15432,24.9211,0000000019fb59c4,23.56
21764,2019-08-04T12:41:47Z,358d7986d5bf2a0624fb1412a157b3c7b12f90653457e15a76bbdf50,60.16629,24.95957,00000000fb7600be,9.92
21765,2019-08-04T12:41:47Z,35a958343879c000cfc3f0c01afbc7d54934265828677bf4aefef84f,60.14699,24.922,00000000a53ed894,25.36
21766,2019-08-04T12:41:47Z,35e6e075578d7a51e510bf8904bde33f1d117264eea0917db98d4808,60.16897,24.95222,00000000aa852af1,7.05
21767,2019-08-04T12:41:47Z,36ac881c69da50c52f9930ba957c471ef37589fd6826f4dc4c14b85e,60.16544,24.95398,0000000038d83d41,25.36
21768,2019-08-04T12:41:47Z,36f876050503d244f74f3cbadcef716904eb2b245190d474b0cfa794,60.16762,24.95415,000000006b44cce7,1.25
21769,2019-08-04T12:41:47Z,3721331dbb97151d17938ed835ffc7208eba26fba6100c62870a3a4f,60.14947,24.91438,000000004ef3150d,6.46
21770,2019-08-04T12:41:47Z,37945fa4e7409fab98aa8bde45081f5bd083def0059485274ad552c0,60.17919,24.95181,000000007b5207b6,9.12
21771,2019-08-04T12:41:47Z,388cc7c522b659745d13c0c707774680483a0c8dc7f1266ab35d91e3,60.16762,24.95415,000000006b44cce7,18.79
21772,2019-08-04T12:41:47Z,38e15f5aeb58c22ca456fc4d3a14f3b4d9f1fac43de070d2565eb1d3,60.16897,24.95222,00000000aa852af1,20.28
21773,2019-08-04T12:41:47Z,39310ebca1ad756aa2bfcb16c912cb7003ef3e7286a1f037603ade61,60.14699,24.922,00000000a53ed894,5.41
21774,2019-08-04T12:41:47Z,3a6ce73ea4c03a14fc0d3d099e4698d3c1051a2e8e4bd552d5de394d,60.14947,24.91438,000000004ef3150d,10.78
21775,2019-08-04T12:41:47Z,3abc507346480858d62b69d6e29c3b0700ac193520668e17a4ce7cbb,60.16762,24.95415,000000006b44cce7,17.4
21776,2019-08-04T12:41:47Z,3b73bf57d223bcb9b930ee8619e6603e52485b221389c64d85614baf,60.16897,24.95222,00000000aa852af1,10.78
21777,2019-08-04T12:41:47Z,3be48824225ca9f2aea5653f6ce21181a76e67a8d4b8361f0cba1f8a,60.14947,24.91438,000000004ef3150d,17.4
21778,2019-08-04T12:41:47Z,3cfa9796e4fbf308505fca8b79beef145e09a8da172a768f2fdbb99a,60.16762,24.95415,000000006b44cce7,14.89
21779,2019-08-04T12:41:47Z,3d26e1d1c042133ccb16301bbada637dd3dea1623426336738e0f1c0,60.149,24.9843,00000000fffb8cf0,27.28
21780,2019-08-04T12:41:47Z,3e3c69b24ec8712da152fe3c533be8912c2aab3ece26b50640c31cd0,60.16544,24.95398,0000000038d83d41,25.36
21781,2019-08-04T12:41:47Z,3e4965f1ed580ddf80246b1b78cbc55b73c11d67573d9cede2a7ccf7,60.16829,24.94214,00000000afef4555,10.78
21782,2019-08-04T12:41:47Z,3e99999f43f3bd9e105e735eeb92531a4301e7f258c90535acfba9ae,60.16531,24.9442,00000000fdda10fe,21.87
21783,2019-08-04T12:41:47Z,3f395809cdaaaa1688c7d1cc770079bbf7ef1349e148bec5c8eacd57,60.16762,24.95415,000000006b44cce7,9.92
21784,2019-08-04T12:41:47Z,3f78229668030150fc4e03aed54ed23a2f6ac9c23a0c9bc0d6da03f4,60.16531,24.9442,00000000fdda10fe,21.87
21785,2019-08-04T12:41:47Z,403f209e525e5159d33b2056ebebcfa95ff94baf8ae3d9b3442c3090,60.14699,24.922,00000000a53ed894,23.56
21786,2019-08-04T12:41:47Z,409be16c4d34b9e76ac22ea0e8e282da3e9d169fe77ff5ea52a72883,60.14699,24.922,00000000a53ed894,12.69
21787,2019-08-04T12:41:47Z,427f20895f2d0aec0392fd0be9f66c4cd45200a3d32b5b9d52ea0dc2,60.15432,24.9211,0000000019fb59c4,25.36
21788,2019-08-04T12:41:47Z,429363aca20efd1e564b3ac367b9eb4702cce1afbe6a22dccb543a7f,60.16075,24.95883,00000000f1124bca,31.5
21789,2019-08-04T12:41:47Z,42d4eb6044091814f327d0b01dc9ae701506417af1a8ab7f4161650d,60.14951,24.92138,0000000006dd41f6,18.79
21790,2019-08-04T12:41:47Z,42da4298ed9f522421f17714e024d9b8fe22e7546df3deeb8b139bd3,60.16075,24.95883,00000000f1124bca,9.92
21791,2019-08-04T12:41:47Z,431375be6b9405ef55878f3aa0bb5dd6a35db8ba650a2bce05081c49,60.14947,24.91438,000000004ef3150d,20.28
21792,2019-08-04T12:41:47Z,436df7106ce19510536cf507d8939633784f67da2f872970e0d3ba43,60.16829,24.94214,00000000afef4555,16.1
21793,2019-08-04T12:41:47Z,43e1eab7f64d16e44a7ba2981efebc2152360e3841e16957d99a2e4e,60.14947,24.91438,000000004ef3150d,23.56
21794,2019-08-04T12:41:47Z,4533d27e96c5c6637ddff4243672d658fea4004970652882357105a9,60.14699,24.922,00000000a53ed894,7.69
21795,2019-08-04T12:41:47Z,459ee564ad7aca128b70ae089395378da384eb1ff35cefde7d7f5736,60.16829,24.94214,00000000afef4555,5.41
21796,2019-08-04T12:41:47Z,4602ff9d03f6bf4fbb82976098cc1c73e7a7e754050401c772d1406e,60.14947,24.91438,000000004ef3150d,9.12
21797,2019-08-04T12:41:47Z,467a01a257fbaad22bd4aebafc8f284c9ad3effc429475e57c214e9d,60.14699,24.922,00000000a53ed894,11.7
21798,2019-08-04T12:41:47Z,47cde44e4ddbf6c70162fa882eee962e7c3e2a037b650294ec46568f,60.14947,24.91438,000000004ef3150d,4.5
21799,2019-08-04T12:41:47Z,48f665ebb1a71b0d84fc02bd71918c5ab5608328db534639cbd2a255,60.14947,24.91438,000000004ef3150d,4.5
21800,2019-08-04T12:41:47Z,4a3fc0d8003eaf9e5025fb4d14b8e034d1406ebe923ef21f9e6ad429,60.1538,24.95595,0000000038bf9618,38.87
21801,2019-08-04T12:41:47Z,4a565a7be2bb822523480c6ca86154a466bf189290f87a0ef118f8b7,60.149,24.9843,00000000fffb8cf0,16.1
21802,2019-08-04T12:41:47Z,4b1050cc517631e36206d3528399c0b14748daec8c7d1b5dfa412299,60.15432,24.9211,0000000019fb59c4,4.5
21803,2019-08-04T12:41:47Z,4b85388cdaec2b4c15b546160ee326d9668a5e5d3c7b08d0c539946e,60.17919,24.95181,000000007b5207b6,7.05
21804,2019-08-04T12:41:47Z,4be50f3eb033f3f46e3069049c8e0a34dc8a2607741c1764369ba4c2,60.16762,24.95415,000000006b44cce7,7.69
21805,2019-08-04T12:41:47Z,4bf75585466f0aafa2ed2956fe4b0f7235b4ba3a0606a52219b3156c,60.14699,24.922,00000000a53ed894,16.1
21806,2019-08-04T12:41:47Z,4cadc8cc23fd84febb6a8383030a34c97b3388a8c9ed7a64cc0f51a6,60.14947,24.91438,000000004ef3150d,4.94
21807,2019-08-04T12:41:47Z,4d4115f2971578ddc2428be944e2954c9e9a5472a818ec1805a022b2,60.149,24.9843,00000000fffb8cf0,16.1
21808,2019-08-04T12:41:47Z,4d7150fb2eb8468dc51f12b2de4a3610a7eb79c7352449ed92531f0e,60.1538,24.95595,0000000038bf9618,38.87
21809,2019-08-04T12:41:47Z,4f4940c5c77737c5b8f2fbd5a1b65886ea5f6e0e4fcd50447e11ce21,60.16075,24.95883,00000000f1124bca,17.4
21810,2019-08-04T12:41:47Z,4f93e95b96f69cefa42bba16e15af19b9c451693070e117b208ea068,60.16075,24.95883,00000000f1124bca,29.32
21811,2019-08-04T12:41:47Z,50e21d119f102cee2afe3ac7f1a32032527638769b05aca582d6ecb1,60.16762,24.95415,000000006b44cce7,9.12
21812,2019-08-04T12:41:47Z,514a3981fad6c695ac4940f09374b5d1c2e84d2ca835084ef8707714,60.16075,24.95883,00000000f1124bca,5.91
21813,2019-08-04T12:41:47Z,51b3c7870a399165f0d1d14f7d21688df32b0360f9cc6f3ca61890d8,60.16829,24.94214,00000000afef4555,0.08
21814,2019-08-04T12:41:47Z,5260920d709c998754a6afe0e430e890d27be1843672147fb4d05338,60.16762,24.95415,000000006b44cce7,21.87
21815,2019-08-04T12:41:47Z,5274280f7558ea562d9ce825000efc025d2de6b91c62614cb68df2b1,60.14947,24.91438,000000004ef3150d,13.75
21816,2019-08-04T12:41:47Z,52939581c6c8dd3407dbf44ea9e90471e4bbadfb7e3740a0ba8324f3,60.14699,24.922,00000000a53ed894,12.69
21817,2019-08-04T12:41:47Z,52f0e69ca7a5cebe604c1f32308dc7f8870d1d85cd4b25ad17f706e9,60.14699,24.922,00000000a53ed894,14.89
21818,2019-08-04T12:41:47Z,54065d53a62079540c4be1e19eafa5dd581e8ec35da0c31844438e0b,60.149,24.9843,00000000fffb8cf0,11.7
21819,2019-08-04T12:41:47Z,552e7d20be831c5ebfa503ba78ed542d6ece4ecad264308d5dc37a31,60.14699,24.922,00000000a53ed894,17.4
21820,2019-08-04T12:41:47Z,5554305bad43a71cf98d83e92708c7474c1efc189392c1ea94231e9c,60.16531,24.9442,00000000fdda10fe,2.08
21821,2019-08-04T12:41:47Z,556a86b2e90ec03e679f4434e2ebcef0eb687cb52bafbd0d98d26c88,60.14947,24.91438,000000004ef3150d,18.79
21822,2019-08-04T12:41:47Z,560205233dc9b13886248fb6e54ee21dc3b287080072641e01e08dac,60.16075,24.95883,00000000f1124bca,16.1
21823,2019-08-04T12:41:47Z,5636d9760f1eac9d5d050497d7084fd61a92d5d108695a9023769ac4,60.16629,24.95957,00000000fb7600be,23.56
21824,2019-08-04T12:41:47Z,56b8eace741e5227a40ea0a64601a737648080c63d6240b0dca632c4,60.16075,24.95883,00000000f1124bca,16.1
21825,2019-08-04T12:41:47Z,570dc61d53aec66ede39dfde66339640878453afc00cd1a55c60bca7,60.16544,24.95398,0000000038d83d41,27.28
21826,2019-08-04T12:41:47Z,571934189bf349efb6f596e76c21612cf9b82ed44913090169936048,60.17065,24.93641,000000000f4919c9,12.69
21827,2019-08-04T12:41:47Z,57bb8beeec6904b9a5cfe83c4ff9a80e63157780137f03de2a4152d3,60.16762,24.95415,000000006b44cce7,7.05
21828,2019-08-04T12:41:47Z,57f88614f91a133004ac1a6dea31a4090f899646a5f62ece691d87af,60.16762,24.95415,000000006b44cce7,6.46
21829,2019-08-04T12:41:47Z,58122bffe92a82d8b8a6fb46e406f2d86c32db26eca7557ec6943fa5,60.14947,24.91438,000000004ef3150d,17.4
21830,2019-08-04T12:41:47Z,584cb0b0cdd14e608c8b57c8aecc9826f9b40027e365e2438a444ea2,60.16762,24.95415,000000006b44cce7,13.75
21831,2019-08-04T12:41:47Z,59b01cbdec8ff06fa6d50bac00c3f5f4c45132fc8a62800c08df5d6a,60.16629,24.95957,00000000fb7600be,21.87
21832,2019-08-04T12:41:47Z,5bb54a365362fc3a1d1e4b4421c7b020c45f3274d1393340a1f89eb5,60.16762,24.95415,000000006b44cce7,14.89
21833,2019-08-04T12:41:47Z,5bbb03fd7db8dd6ddb6cf3e308c02476b0b549e3a4b28867cd8a89b3,60.14947,24.91438,000000004ef3150d,17.4
21834,2019-08-04T12:41:47Z,5bc858089bff2f1880f1807e91f165ebf9f1b5841445adcdfb988ddf,60.16829,24.94214,00000000afef4555,20.28
21835,2019-08-04T12:41:47Z,5bc8610f198c0ab38e4e89fd7f4828d032ca2a6ef97c2a17c79e296f,60.14699,24.922,00000000a53ed894,21.87
21836,2019-08-04T12:41:47Z,5bf59468120b0262b74eebaba2a7ee8274f3c8165ddcf6f38eae92a8,60.16829,24.94214,00000000afef4555,25.36
21837,2019-08-04T12:41:47Z,5c160268bc9b4b619181ce421d9e58c258e6b59a342945fc29f0004b,60.14947,24.91438,000000004ef3150d,3.4
21838,2019-08-04T12:41:47Z,5cd5117066c75a1cb83d3896a7eba3f3472e133f0013ea7d4e95daaa,60.14699,24.922,00000000a53ed894,7.05
21839,2019-08-04T12:41:47Z,5d70086d53447ee393249cef33c7bae814c1d7c2e3055fc91b38786c,60.17919,24.95181,000000007b5207b6,9.92
21840,2019-08-04T12:41:47Z,5e7916ca910b02abf2d19906759663c23db63950a353fa546f55c8af,60.14699,24.922,00000000a53ed894,13.75
21841,2019-08-04T12:41:47Z,5ea49ba4de68e03664ec3a87f5de32434d7136b4f8323f022ff9df5b,60.16829,24.94214,00000000afef4555,4.5
21842,2019-08-04T12:41:47Z,5ee175437c5a15756f66cae8cf9172e291d462123de1bd59ae7a103b,60.16897,24.95222,00000000aa852af1,9.92
21843,2019-08-04T12:41:47Z,604a02f00cf5d2e059c26ee48a07cd30e608c4b00f17f447c028da58,60.16762,24.95415,000000006b44cce7,13.75
21844,2019-08-04T12:41:47Z,60d7fd34e511ad1565b92db2fbb5ef2908f7a273acceda524945e86e,60.16075,24.95883,00000000f1124bca,33.81
21845,2019-08-04T12:41:47Z,60d9b71ec38b796bf876dedfaf3112b49ff79677480c7603902857ae,60.14947,24.91438,000000004ef3150d,14.89
21846,2019-08-04T12:41:47Z,614ab7fba7255f6bf6f888e9a04d589962f756b3f427e658f10014f2,60.16075,24.95883,00000000f1124bca,4.5
21847,2019-08-04T12:41:47Z,62916b0c2a8ebabb938b5e97cb14eb89b2b32936d3fad04025ad5854,60.17002,24.94407,000000006b087f40,3.09
21848,2019-08-04T12:41:47Z,63a87f20dbfd068c086129312c165b6e9b1da2ea6c999be1dd1b8391,60.16762,24.95415,000000006b44cce7,17.4
21849,2019-08-04T12:41:47Z,63defb71d4c3856253a0a2d67a5c370b91ad0527703b334a63fe5344,60.14947,24.91438,000000004ef3150d,9.12
21850,2019-08-04T12:41:47Z,641e8defb97171d160f062c4bc3e9d06346f10d5246e6aeac935e1a9,60.16897,24.95222,00000000aa852af1,21.87
21851,2019-08-04T12:41:47Z,643ef3f01a51bea3c4510d4060a945cd510e5189236d68f5c9489034,60.16829,24.94214,00000000afef4555,0.84
21852,2019-08-04T12:41:47Z,64638a9f9e6c9b32fc4b484b55e4934fcab6cb04605cc76d5f5534b7,60.17065,24.93641,000000000f4919c9,10.78
21853,2019-08-04T12:41:47Z,64e34af775b57908b23056a31d60ef3b005941f2e7c3db0c49df675d,60.17065,24.93641,000000000f4919c9,4.5
21854,2019-08-04T12:41:47Z,6503762f2cac51cc2b74da1efa6b16583ed11c9a528d7716b7829c0b,60.16829,24.94214,00000000afef4555,17.4
21855,2019-08-04T12:41:47Z,6516a10850095847a8156717b0fba05a9bdc9b5bfedd691ddb07f119,60.14699,24.922,00000000a53ed894,6.46
21856,2019-08-04T12:41:47Z,6525cc634176c25187e68e0d067bcfecfd78e399e93db4ee9d408b7e,60.17919,24.95181,000000007b5207b6,17.4
21857,2019-08-04T12:41:47Z,655204cb507ea9ae811105cdcd766161facaa9f729017a333f102391,60.149,24.9843,00000000fffb8cf0,10.78
21858,2019-08-04T12:41:47Z,65de3b8621fadfc61e9d3657dc477ea9867f9d093f80cf0857dcad88,60.16762,24.95415,000000006b44cce7,9.92
21859,2019-08-04T12:41:47Z,66b9cea6cd979b4e9e391e0ef854e2cc38eca6fb9e166811e39edd11,60.16544,24.95398,0000000038d83d41,25.36
21860,2019-08-04T12:41:47Z,6723bebaab92d1a9f8b4318fd4f497a6dec6d7f8e0eafca443925213,60.16075,24.95883,00000000f1124bca,3.74
21861,2019-08-04T12:41:47Z,67591d427f60ba3c369ac0d78088fca7be33081501508d16401dd6cb,60.16762,24.95415,000000006b44cce7,2.8
21862,2019-08-04T12:41:47Z,675eacdf32b5b831fd118fc5539eea4b3cef4bd11e2e1706a9571222,60.16829,24.94214,00000000afef4555,8.38
21863,2019-08-04T12:41:47Z,6774ed72eaf69d7c4aaeeef90990f969954155bbcc52652e75e7deef,60.16829,24.94214,00000000afef4555,7.69
21864,2019-08-04T12:41:47Z,677c53ae4056d6cb123ca576ba5284664b1c7e3e88818bd19b5dd99a,60.17919,24.95181,000000007b5207b6,23.56
21865,2019-08-04T12:41:47Z,6875e3632a29207e29ded33617e66d55de5d8c7804fecedd6f1dfe12,60.14699,24.922,00000000a53ed894,7.69
21866,2019-08-04T12:41:47Z,69375ef968867906fc11b34d1e2c4b436d452cd47cb577a7f9e566ef,60.16762,24.95415,000000006b44cce7,3.74
21867,2019-08-04T12:41:47Z,696d977b82fe0f0a15c3aaccef89f3b805ee2d6969a74059d737461d,60.14951,24.92138,0000000006dd41f6,21.87
21868,2019-08-04T12:41:47Z,698b200b63a644828a7314691a16af2af1bccef75d52abb5591a5542,60.14699,24.922,00000000a53ed894,7.05
21869,2019-08-04T12:41:47Z,69f1de5049f5731749defe893b8ae9ada4f5f788a994b8f7413ef657,60.17002,24.94407,000000006b087f40,20.28
21870,2019-08-04T12:41:47Z,6b97071051ccf5db7e5ebee033d4f68d58ed6917ff2fac5b205a6605,60.17065,24.93641,000000000f4919c9,20.28
21871,2019-08-04T12:41:47Z,6c7e018abdf8462af7c7b003bc30f915184f7082e9e865a2c502eed5,60.14699,24.922,00000000a53ed894,7.05
21872,2019-08-04T12:41:47Z,6f3dd17e40daabb4efe868f1b859dc00ecc01846f0a0e2b8db5d1413,60.17919,24.95181,000000007b5207b6,9.12
21873,2019-08-04T12:41:47Z,6f8d7717df843a7b0be6b0dd55e933ebbd9819bd96c48f210e193e4e,60.16829,24.94214,00000000afef4555,11.7
21874,2019-08-04T12:41:47Z,6fdf4cfc3a0774e204869ab43ef69c6306cc40c0fd8bbb0f8b505e3a,60.16829,24.94214,00000000afef4555,14.89
21875,2019-08-04T12:41:47Z,6fdfc33c6b609ea80b4a38ecf657bc68b7bf659752b51edcc22ffb54,60.16762,24.95415,000000006b44cce7,7.69
21876,2019-08-04T12:41:47Z,6ff93560ca77c6e5a25bc7441cf33cf7fa0138b3da4d99b2dbf5531b,60.14947,24.91438,000000004ef3150d,8.38
21877,2019-08-04T12:41:47Z,70c56152af84cf1bad4d19b0cb31202232b4cd4320ce5ea48895e42b,60.14947,24.91438,000000004ef3150d,9.92
21878,2019-08-04T12:41:47Z,71479e7c1c4fd96468f16800ff04484480c76e0953d2074500b0df31,60.17919,24.95181,000000007b5207b6,20.28
21879,2019-08-04T12:41:47Z,718d4dc10908448b92dfc5bfae1e40ad89aa149d72397daac4ffa6dc,60.16762,24.95415,000000006b44cce7,21.87
21880,2019-08-04T12:41:47Z,71c360c0ae36f964d9ca7957d318abe8f1933c8220f225231eb33b39,60.18203,24.91341,00000000342570c2,21.87
21881,2019-08-04T12:41:47Z,72231bca658d3a16f3bf9c26ba5f13393b8377e4ab0b9ed3de6c811f,60.14699,24.922,00000000a53ed894,12.69
21882,2019-08-04T12:41:47Z,733f21ebebe353e10a55a74b40a0a480e6d276334d4f3d8bcf85b711,60.16075,24.95883,00000000f1124bca,18.79
21883,2019-08-04T12:41:47Z,73aa46087286af57e3778006af596aa587686a1db1d4b8708764a520,60.16762,24.95415,000000006b44cce7,16.1
21884,2019-08-04T12:41:47Z,745e52dafbfa395ea41c5fcd0c2717b9091e44d19ab89e03991fdbb7,60.16762,24.95415,000000006b44cce7,13.75
21885,2019-08-04T12:41:47Z,759f94c852ff15ca91c3138913c3858c4801702f8f0514ae82fb2a19,60.16897,24.95222,00000000aa852af1,14.89
21886,2019-08-04T12:41:47Z,7664b7f08aaa059ecf6646a595c33fae0c80715febe63e31f45a4662,60.16762,24.95415,000000006b44cce7,4.11
21887,2019-08-04T12:41:47Z,777cceac7be6303a1c82f7cc68061528b01e3aa1b3aa6481cad9e5e3,60.16075,24.95883,00000000f1124bca,12.69
21888,2019-08-04T12:41:47Z,77a12194b9a6789f4b2b8c07ae7fce3c2b531cb221e5fa7ca5deae55,60.16897,24.95222,00000000aa852af1,7.05
21889,2019-08-04T12:41:47Z,77e7445ef8f6f58f29ebb276d03269cc8819cc91620a14861959f8ab,60.16762,24.95415,000000006b44cce7,25.36
21890,2019-08-04T12:41:47Z,79bde23c1a8980f93a65e14306f0d8ea89e164430d8b991e2bfee82e,60.16531,24.9442,00000000fdda10fe,14.89
21891,2019-08-04T12:41:47Z,7a0c0b525f2d3eed6c873bd3b8d27bede551fe4a428ac15c23deadae,60.16075,24.95883,00000000f1124bca,25.36
21892,2019-08-04T12:41:47Z,7a4a06d20ebe57d94e5fceeaf47d5b56ad9a515818e9c20e21a80e61,60.16629,24.95957,00000000fb7600be,25.36
21893,2019-08-04T12:41:47Z,7a97375000483176c3b37cc0d1744a950d9b322ce3534208fce0b21d,60.14699,24.922,00000000a53ed894,7.05
21894,2019-08-04T12:41:47Z,7ab335e046f7f3597f8f615a90857885e35cfecefebd5d24bbf0af90,60.16075,24.95883,00000000f1124bca,12.69
21895,2019-08-04T12:41:47Z,7ad93fed82e41ea4422fa101badc698b0328c3ebf0f6b73c5164d438,60.16897,24.95222,00000000aa852af1,8.38
21896,2019-08-04T12:41:47Z,7af6672e274ebe27cdb785373a857fc5bcad92a386c36dbe3221d4f4,60.14947,24.91438,000000004ef3150d,12.69
21897,2019-08-04T12:41:47Z,7b61dc50070867948abbe5275032ae82e7643ca4158a809fe41a8b69,60.14699,24.922,00000000a53ed894,5.91
21898,2019-08-04T12:41:47Z,7bb67bcf014747e5d826f95c610d36492f31095552417a0864475491,60.14951,24.92138,0000000006dd41f6,14.89
21899,2019-08-04T12:41:47Z,7be762f58d54665c5e6668eb2fb3eae7201522ddff196bbc5eb731f0,60.14947,24.91438,000000004ef3150d,7.69
21900,2019-08-04T12:41:47Z,7d9a3d84c09c3a8d6876389e216e0278048d6b924890fb275a078ffb,60.16531,24.9442,00000000fdda10fe,0.84
21901,2019-08-04T12:41:47Z,7e31a4896ab0ff539440898dfabd8305df79869bff52da941016d1cc,60.1538,24.95595,0000000038bf9618,31.5
21902,2019-08-04T12:41:47Z,7e76449e59f1e3a1a615b54408115353fbb14d815390d03a73b1a7bb,60.14947,24.91438,000000004ef3150d,4.5
21903,2019-08-04T12:41:47Z,7ee87b87cf01698f643e1ba3117b245039edc811605df5dc802e7576,60.14947,24.91438,000000004ef3150d,8.38
21904,2019-08-04T12:41:47Z,7f2f97e26d55f653ed70260ea4f893d01a3984cbdf6d7a3bfb2641de,60.16829,24.94214,00000000afef4555,5.41
21905,2019-08-04T12:41:47Z,7f786ec8e06f1ca3bdd10fc60d0114baf354125b8f6cf796d197f4cc,60.16075,24.95883,00000000f1124bca,3.4
21906,2019-08-04T12:41:47Z,80cbcb887f3e351e3bef7c5f53dccc578cc3494feec514aed7015c0d,60.16075,24.95883,00000000f1124bca,7.05
21907,2019-08-04T12:41:47Z,8164c6a1ba8bb70b66a8eb236262d7f6defe7d476295595f37375f95,60.173,24.92524,0000000096918cfa,25.36
21908,2019-08-04T12:41:47Z,82411c6526228322a61f59259f13adf7cde62bd767587b6735867705,60.17919,24.95181,000000007b5207b6,7.69
21909,2019-08-04T12:41:47Z,83073c017c8293e4b6eab781fbc2147fafa144d33b3618abd1ae5d90,60.17065,24.93641,000000000f4919c9,31.5
21910,2019-08-04T12:41:47Z,83121a75723643c48e3c3b0a3ea5fccb532046432ca445833e8de06a,60.16762,24.95415,000000006b44cce7,0.59
21911,2019-08-04T12:41:47Z,848fe01e24ccc782e5968171f53ea31d28f20a455c45d8bac8fb7374,60.173,24.92524,0000000096918cfa,12.69
21912,2019-08-04T12:41:47Z,8499290ca844477035cb04c821386788d09243bf12e2337d45411ac1,60.17002,24.94407,000000006b087f40,12.69
21913,2019-08-04T12:41:47Z,849a662d95d4185421aff7c6213ba5d7b84cfc58c9fb30ff34054e4c,60.16075,24.95883,00000000f1124bca,9.92
21914,2019-08-04T12:41:47Z,84eabd120b074df2af16555f4c2db60e3ef1a465d061e90ace8cbb87,60.16829,24.94214,00000000afef4555,21.87
21915,2019-08-04T12:41:47Z,859b417d0b562f5c4ab33c3877c95cd7cbb332db91dcd0f4e7a4f3b6,60.14699,24.922,00000000a53ed894,14.89
21916,2019-08-04T12:41:47Z,85d66944a64cfde859e7e08ca4b79f3b39d5b03141d500fe7ce73f7e,60.14699,24.922,00000000a53ed894,14.89
21917,2019-08-04T12:41:47Z,85d67c3be46ecb66832dfd9090a931e1be3dd056f718ea6786622131,60.16897,24.95222,00000000aa852af1,23.56
21918,2019-08-04T12:41:47Z,868cd7608ed6beb209db2aad8c71f56b8aec3a6b453be18e4af217a2,60.17065,24.93641,000000000f4919c9,25.36
21919,2019-08-04T12:41:47Z,87bb1abe21abfcb5e5c2039e579cff7ca863a6019207db356de5b7c2,60.14699,24.922,00000000a53ed894,10.78
21920,2019-08-04T12:41:47Z,885bcc6af7d0aa9718fe1030e32ffff1de5171ae5ef67cf0011874fb,60.14947,24.91438,000000004ef3150d,7.05
21921,2019-08-04T12:41:47Z,8947a5209f3b32173d3dc72792039edf94a2711741ab041b62b30643,60.16762,24.95415,000000006b44cce7,5.91
21922,2019-08-04T12:41:47Z,896f7e896dc6f1ea44b82bf968a988cc10c358ee34821d9d7a4bd07a,60.14947,24.91438,000000004ef3150d,17.4
21923,2019-08-04T12:41:47Z,8a08b2de43a9ef03cf96610718c908e69dcacc59f536a7135b7bb542,60.16629,24.95957,00000000fb7600be,17.4
21924,2019-08-04T12:41:47Z,8a9eedc7cf775ab4e9ad2e20bdcbcbe1635808b418eedcdcceda7834,60.16762,24.95415,000000006b44cce7,13.75
21925,2019-08-04T12:41:47Z,8b641985c793a3f25a45b2460cb01f5baa6f339c6dd26ba7752d8a7a,60.16897,24.95222,00000000aa852af1,5.91
21926,2019-08-04T12:41:47Z,8ba6cfc17ca70e8304994e018ebd5eb2003177062cde05925d5cacb3,60.173,24.92524,0000000096918cfa,9.12
21927,2019-08-04T12:41:47Z,8bbf5422247a0a6be314130d8fd9ae1814401b75acf3b3ce2da9620c,60.14699,24.922,00000000a53ed894,9.12
21928,2019-08-04T12:41:47Z,8d73f674010f5cb02e8f20251ed86a9afcb7f6b3926039470296bd00,60.17065,24.93641,000000000f4919c9,16.1
21929,2019-08-04T12:41:47Z,8d8a869e83fe2ac29e791666634a33af3ea4048ea4e752b6fb1e238c,60.14947,24.91438,000000004ef3150d,2.8
21930,2019-08-04T12:41:47Z,8dcf139eb279bcc2696420ba9da858e361600ff02cd29587f66660ec,60.16897,24.95222,00000000aa852af1,17.4
21931,2019-08-04T12:41:47Z,8de3d516b6cffb3335f9ebec3f6068b693db224f56eae6a50d7c6320,60.16531,24.9442,00000000fdda10fe,33.81
21932,2019-08-04T12:41:47Z,920dc90f60b295267f63efc8f968408087b71878dc3f49f0ded1c41e,60.17919,24.95181,000000007b5207b6,20.28
21933,2019-08-04T12:41:47Z,926717d61529080dfc4c7f8cdcdc82c6490d2a5129474524b8c40ea4,60.16829,24.94214,00000000afef4555,14.89
21934,2019-08-04T12:41:47Z,93a2100e233b204243f7e69b68dea7c9a145d1b5384bd18359bf87a3,60.16531,24.9442,00000000fdda10fe,1.38
21935,2019-08-04T12:41:47Z,93e409819362e2429a43710ff4330bd3ed83011b73ae438dd7fb62d8,60.16762,24.95415,000000006b44cce7,12.69
21936,2019-08-04T12:41:47Z,94237bc673d78a307ecc9da6df18d0b37e632b8cd6709f81081f000a,60.17002,24.94407,000000006b087f40,10.78
21937,2019-08-04T12:41:47Z,9575ef1c44f26f0301d726029c8b1c28011a4724496943451bee6544,60.14947,24.91438,000000004ef3150d,10.78
21938,2019-08-04T12:41:47Z,9604244c18efd5978b809f021651f7743e0e64da38fcf3718f9b4f93,60.14699,24.922,00000000a53ed894,8.38
21939,2019-08-04T12:41:47Z,97264f5808fa13851dacabf0c98525eec29849ff4b6a744cc777fd5b,60.16075,24.95883,00000000f1124bca,7.69
21940,2019-08-04T12:41:47Z,9736a8a29aee134a307e0cd4221e9b0a2ab7c48befee43fc62e9f9bd,60.14699,24.922,00000000a53ed894,9.92
21941,2019-08-04T12:41:47Z,98162c76493f6310ae46e45562327ad94182de391f9651985aae487d,60.16762,24.95415,000000006b44cce7,16.1
21942,2019-08-04T12:41:47Z,9868033d7f0d18f01d12a4034f37bf5d6e51e5ed9124c68d4b8b8e6c,60.14947,24.91438,000000004ef3150d,8.38
21943,2019-08-04T12:41:47Z,9885627881a266e5cf401516e009049e859d738e2e019be570f4b4d8,60.16448,24.97323,0000000053c6c2be,9.12
21944,2019-08-04T12:41:47Z,98bb3b6f5e2403b14b8e01616c07b03bb1fd153ded656033d7bd3533,60.16075,24.95883,00000000f1124bca,5.41
21945,2019-08-04T12:41:47Z,992f6feda52c82ad67e40af55b5602bb22411020701998c6bd65faed,60.16762,24.95415,000000006b44cce7,11.7
21946,2019-08-04T12:41:47Z,99334da99912e6d4b516e02432e7f88db5a5b87f635722bc3a8b38a6,60.14699,24.922,00000000a53ed894,20.28
21947,2019-08-04T12:41:47Z,994b630283c750a0b697359e32c4bd06d5b4a32d2edb6c12cce42b32,60.16829,24.94214,00000000afef4555,10.78
21948,2019-08-04T12:41:47Z,99753600aa90a43c336153dd03985a2996b7bc6052086f503020518c,60.14699,24.922,00000000a53ed894,11.7
21949,2019-08-04T12:41:47Z,9a9db814dfa74ca2c2d51496299715310e81c6e6525cc9d2cb0762eb,60.16897,24.95222,00000000aa852af1,17.4
21950,2019-08-04T12:41:47Z,9acffb3f8b8720e2de83c8cfd41915d268d5eca34e0bd280eed3e6f4,60.16897,24.95222,00000000aa852af1,9.12
21951,2019-08-04T12:41:47Z,9b03b610755f4cec2e9d83a9763204e758a075614b125210bc914df5,60.16075,24.95883,00000000f1124bca,14.89
21952,2019-08-04T12:41:47Z,9bad872c31c8c5e53f064b5367350b41271d45ca8a9e508136622800,60.16897,24.95222,00000000aa852af1,3.74
21953,2019-08-04T12:41:47Z,9bf4a5d763fa921335be6c141a0c9fd769fcb2f4c5b40b85a1c99c71,60.14699,24.922,00000000a53ed894,18.79
21954,2019-08-04T12:41:47Z,9c4ebe900b020382009e86d8dc808310c4df58ab1a2b0bf6bbdf0ba7,60.16762,24.95415,000000006b44cce7,23.56
21955,2019-08-04T12:41:47Z,9c65108fa1e4c7a8b7ec88de2204e7e33756d7988c733db64ea57fda,60.149,24.9843,00000000fffb8cf0,27.28
21956,2019-08-04T12:41:47Z,9e3d4a4b1acd94d2896cd7cf56419110f06ea96faae37aadebd4ec77,60.14947,24.91438,000000004ef3150d,7.69
21957,2019-08-04T12:41:47Z,9feead3068ed3a48c56f1fa4b4bd06ed064ca5141afe9d8f907a8941,60.16629,24.95957,00000000fb7600be,14.89
21958,2019-08-04T12:41:47Z,a01d7427dcaa19c3efac1cde116c3751db11d6cf2838d0509704616a,60.14699,24.922,00000000a53ed894,21.87
21959,2019-08-04T12:41:47Z,a039eebce30ffb04ae0c0d96c461d554442c56a615d0abd905bb740a,60.16829,24.94214,00000000afef4555,27.28
21960,2019-08-04T12:41:47Z,a1b52cda133b45cf931b9e31d4037fb841f80432e99d6a000beeadc8,60.17002,24.94407,000000006b087f40,27.28
21961,2019-08-04T12:41:47Z,a22736c5d66f417bc6b745f51492549dc2e5a3c766f5e7e23f183b41,60.14947,24.91438,000000004ef3150d,7.05
21962,2019-08-04T12:41:47Z,a2e771418a36fc43aa9719d034aa9e3a7a751c5123e4bd33cc2aeea7,60.16531,24.9442,00000000fdda10fe,14.89
21963,2019-08-04T12:41:47Z,a38a21a97a054541f0423f03758c70227116c05254958373e3e93ad0,60.14947,24.91438,000000004ef3150d,14.89
21964,2019-08-04T12:41:47Z,a3d228482bfdd3dbdfaee1ff72b6ac00c2ee8c05e949047ce9117783,60.14699,24.922,00000000a53ed894,9.12
21965,2019-08-04T12:41:47Z,a422a30ec1eb058c7930e1352297c161639faa5b3ca5f5fa47c4adb3,60.14947,24.91438,000000004ef3150d,14.89
21966,2019-08-04T12:41:47Z,a4f416ec0941bb365e3665d7fd224fad15d74225e8ce9f6dd6368bc7,60.17065,24.93641,000000000f4919c9,27.28
21967,2019-08-04T12:41:47Z,a6158fc663b4931ef4e811a4acf62ab2f658241775e200b14684f87d,60.16897,24.95222,00000000aa852af1,18.79
21968,2019-08-04T12:41:47Z,a6427dc4d8e46890c882bb4c8f9f8b923e8e30692db686527bbd7b92,60.16762,24.95415,000000006b44cce7,21.87
21969,2019-08-04T12:41:47Z,a6f944078dd26796f5a849ccb6fdf8a4436f913cf3302597c846462d,60.16762,24.95415,000000006b44cce7,11.7
21970,2019-08-04T12:41:47Z,a7472d1b63171c047444981df223670390009e3ea502132d9963e9fb,60.14947,24.91438,000000004ef3150d,12.69
21971,2019-08-04T12:41:47Z,a76d219c3abcc4ec3a54dd834263f9a24972c71be4c7bbbfc663f22f,60.14699,24.922,00000000a53ed894,16.1
21972,2019-08-04T12:41:47Z,a8bd45406d5913e098652d4c2d836339758e08d21bf5d88becabdd36,60.14947,24.91438,000000004ef3150d,9.92
21973,2019-08-04T12:41:47Z,a8df2631c2442628608c1f0352c896eb532a6ca08c85de2c77360aa8,60.14947,24.91438,000000004ef3150d,3.4
21974,2019-08-04T12:41:47Z,a9383e1c3d9b3355965662ff18ad95dfb64daa5d8e71fc20e7e50df7,60.14699,24.922,00000000a53ed894,10.78
21975,2019-08-04T12:41:47Z,a9dfc9065260957b1eb8dc3b11b793f73f7940fa5cb61acb16a260e2,60.16897,24.95222,00000000aa852af1,10.78
21976,2019-08-04T12:41:47Z,aa076c3f0d09145aebbb750dde9849ba4eb6759e92ba5753280184d6,60.16762,24.95415,000000006b44cce7,12.69
21977,2019-08-04T12:41:47Z,aa5773b59ce2bf1eee53e4e77cd3c261465d2ea538c9a85b8de30cd8,60.14947,24.91438,000000004ef3150d,9.92
21978,2019-08-04T12:41:47Z,aa6d51fc5411b69567cb854360c4a81267eac19446946eb27618306a,60.14699,24.922,00000000a53ed894,8.38
21979,2019-08-04T12:41:47Z,ac36860ddd2d60f33c730b2ecc540578d8edcf2c1e8c55e897d76d93,60.14951,24.92138,0000000006dd41f6,18.79
21980,2019-08-04T12:41:47Z,acdcc8ae1d1c6bb055dfc108154eae58b4b894f0ce1ff174c1065c7e,60.16762,24.95415,000000006b44cce7,5.41
21981,2019-08-04T12:41:47Z,ad8af809ed47a3391bb53d11da159b3a8b0ddc264d94c049ce72bda0,60.17065,24.93641,000000000f4919c9,2.54
21982,2019-08-04T12:41:47Z,ae08ba8b9f7ef2a4326d6d7bbf452a87d08f8062feaf20cb7101d414,60.15432,24.9211,0000000019fb59c4,18.79
21983,2019-08-04T12:41:47Z,ae828cc3f1fa739d818186776cff673c88a05d0f3dedfb4a765a54fd,60.16829,24.94214,00000000afef4555,7.69
21984,2019-08-04T12:41:47Z,ae87b8dd8920695bc9e599874667205991c04e30666d8523f0be4350,60.14947,24.91438,000000004ef3150d,7.05
21985,2019-08-04T12:41:47Z,aec4b11f0b1ec075878ca4a3b94da464f6fc96e330b913d5bfd346b0,60.16897,24.95222,00000000aa852af1,11.7
21986,2019-08-04T12:41:47Z,af8d59ebae9a22f7ba004eab4dcac2f4560a935bf6a7f9e2ffc0d0af,60.14947,24.91438,000000004ef3150d,12.69
21987,2019-08-04T12:41:47Z,b11910a4d628e08056481b347d9a80d6edb23f1f2612beaa24606c8b,60.16762,24.95415,000000006b44cce7,16.1
21988,2019-08-04T12:41:47Z,b12b27061f30d5659794f14cbed5e4726c5af1ef526611d3b2dded29,60.14947,24.91438,000000004ef3150d,9.92
21989,2019-08-04T12:41:47Z,b26a9be85f5fd17ea58397762fa55db3c8f68fb709d586d61527c892,60.16829,24.94214,00000000afef4555,9.92
21990,2019-08-04T12:41:47Z,b358ee4c4b3194a69faa37d447d5f5c908477c95c52d1dd1989a9f15,60.1538,24.95595,0000000038bf9618,38.87
21991,2019-08-04T12:41:47Z,b3d99c04e3db6b698e6e54f19434461336954d0c15385bff6e557be8,60.173,24.92524,0000000096918cfa,27.28
21992,2019-08-04T12:41:47Z,b523d3f8341906e4b3877ff7d9614b4e10d6bbf10afdcc6c53656c8f,60.17065,24.93641,000000000f4919c9,18.79
21993,2019-08-04T12:41:47Z,b5e3abaccf4a03480985d25eb9fbf454c87f7ad06c38c8bdeb0819fa,60.14699,24.922,00000000a53ed894,16.1
21994,2019-08-04T12:41:47Z,b7039958be9f53a3eaed97f705a1974815f52f25226e920155397bec,60.16075,24.95883,00000000f1124bca,25.36
21995,2019-08-04T12:41:47Z,b81e80c4efa2f6bf7a24861abfd0f0fb5672f1512dc7545a1d387f7f,60.16762,24.95415,000000006b44cce7,11.7
21996,2019-08-04T12:41:47Z,b8201571cb5ac01b7db7af4fba6c7ff58336a3f03d0fe13edf985c41,60.173,24.92524,0000000096918cfa,18.79
21997,2019-08-04T12:41:47Z,b82ba472f0cb919b39c31b9c737f1608f6a31ffa63352768f9fa12ea,60.16829,24.94214,00000000afef4555,16.1
21998,2019-08-04T12:41:47Z,b9c0ac0bb7310d92c296a8870603ebd12c0c632cfc2a1fa33092b337,60.16762,24.95415,000000006b44cce7,13.75
21999,2019-08-04T12:41:47Z,ba9825bb3cfae6aeb29833f0a11189802065c73f8e541b2bcb5b572f,60.14699,24.922,00000000a53ed894,14.89
22000,2019-08-04T12:41:47Z,baa222a8cd4bafd707316f5932b27c8a4aa5bca6b488ae3d59c3b0dc,60.17065,24.93641,000000000f4919c9,29.32
22001,2019-08-04T12:41:47Z,bb0193f2b0ac4801fe82ed5cec75e687465d707d92e731047f81650f,60.1538,24.95595,0000000038bf9618,1.25
22002,2019-08-04T12:41:47Z,bbe1e18f88cf88928067a0221965768c1f2ae264291cea564d7eb7e8,60.16897,24.95222,00000000aa852af1,20.28
22003,2019-08-04T12:41:47Z,bbeaad18acdd3a2602aa5b07ab6ae8df489cb499c4490b3e6f561a5e,60.16544,24.95398,0000000038d83d41,16.1
22004,2019-08-04T12:41:47Z,bbf8cd606b9732370f1c0ae0e68d6d0663a23102d831dd10c0e74819,60.16897,24.95222,00000000aa852af1,10.78
22005,2019-08-04T12:41:47Z,bc07df8cc395f6f4f5d483b2233caca5f93a6918f346e4cc3702f8cc,60.16531,24.9442,00000000fdda10fe,13.75
22006,2019-08-04T12:41:47Z,bc3861c61a46fbf78a7423712f1a528cf9f8332531271933056c233f,60.16829,24.94214,00000000afef4555,16.1
22007,2019-08-04T12:41:47Z,bc478512e217b12ec7e01e1ce8247d394a57fb0c0cc72940f562adc2,60.17065,24.93641,000000000f4919c9,21.87
22008,2019-08-04T12:41:47Z,bcf688ec2e666179e52a495a8304dd7aaaf4acad52788a0929b287a2,60.14699,24.922,00000000a53ed894,16.1
22009,2019-08-04T12:41:47Z,bd055b33f37a0f4211ef88e2ac4d20e5a0620250bc6133d5ccbda839,60.14699,24.922,00000000a53ed894,14.89
22010,2019-08-04T12:41:47Z,bd4ec71179e7755567e37eb54b845b317af028a4effe45dcaeae19bc,60.14699,24.922,00000000a53ed894,13.75
22011,2019-08-04T12:41:47Z,bddca8fc17056f9f207a259070e281eedf4cea3e8e22093b88bbd7b5,60.14699,24.922,00000000a53ed894,11.7
22012,2019-08-04T12:41:47Z,be3899e685ec11f99f7112d4c7cddf57b9c9edeed8394ef9c49ede71,60.17002,24.94407,000000006b087f40,25.36
22013,2019-08-04T12:41:47Z,bf2e5725b255e320f1e8375ec03f55194f1fd9f751be9629d873a5c8,60.14699,24.922,00000000a53ed894,2.8
22014,2019-08-04T12:41:47Z,bf992d3cd95a73f02d7223eaffe90a94e3e1e98a8c6759bab631b5b0,60.14947,24.91438,000000004ef3150d,25.36
22015,2019-08-04T12:41:47Z,c0722f63618f97eb8ec4afac1a8538b81a3c87e623d753ad1201bf7c,60.16075,24.95883,00000000f1124bca,4.94
22016,2019-08-04T12:41:47Z,c0a0ca3433586ed2ae0e448f2406fabac7292ac79d49562e0bd5cef8,60.16762,24.95415,000000006b44cce7,16.1
22017,2019-08-04T12:41:47Z,c22d0093a8d103f59838ad43218fa834e328847e5094bcb2e98d5307,60.16829,24.94214,00000000afef4555,9.12
22018,2019-08-04T12:41:47Z,c261834e6d2c1bd9adddb82d8c6ce2d8aad82a89e32da62f3fcc6063,60.16075,24.95883,00000000f1124bca,9.92
22019,2019-08-04T12:41:47Z,c36d58ed0e0dddb3e26be1214e369db1c3fa3d4bcf8b53536a25239b,60.17065,24.93641,000000000f4919c9,4.94
22020,2019-08-04T12:41:47Z,c3be6dcc2c0542676c20d28ce38adbe2c0b9be09caa3f22e60210636,60.16075,24.95883,00000000f1124bca,5.41
22021,2019-08-04T12:41:47Z,c493415e869d6e6304841784a120f994272b83557256b43e44e4f3e0,60.14699,24.922,00000000a53ed894,23.56
22022,2019-08-04T12:41:47Z,c4dfae0a1b1bd27741275e8f26148b119bf7225960b4275e488612b9,60.14699,24.922,00000000a53ed894,16.1
22023,2019-08-04T12:41:47Z,c633a260ce59bad4e1ca42f12936ed8ae57a40f5e6528dfb70052c43,60.16897,24.95222,00000000aa852af1,17.4
22024,2019-08-04T12:41:47Z,c68c02229f2c658d55b76c15cf2816f538b896ce5d3c0ebfc2a90911,60.149,24.9843,00000000fffb8cf0,23.56
22025,2019-08-04T12:41:47Z,c7416c039513e3156222d936c483164a0914a3b5a5310985374f4767,60.17065,24.93641,000000000f4919c9,29.32
22026,2019-08-04T12:41:47Z,c7951807c3dfab7d09841dfc9c9b2a4fc0bcf4f43e44a9ac61b85c91,60.17002,24.94407,000000006b087f40,10.78
22027,2019-08-04T12:41:47Z,c905a50dedd9b3d2114cde9160b7adf83adc09683b65598ce24c4047,60.1538,24.95595,0000000038bf9618,18.79
22028,2019-08-04T12:41:47Z,c9822d9c012b25f745a2934c523f3c9e6db75fbe3f5e673475813381,60.15432,24.9211,0000000019fb59c4,8.38
22029,2019-08-04T12:41:47Z,ca507a06be040b3e520339b63d5bd15463a1862124c4bd940d936e4a,60.16762,24.95415,000000006b44cce7,12.69
22030,2019-08-04T12:41:47Z,cad80f69731ad65f7f14bf400d674e0c42de462bd42db112c9d9f261,60.16075,24.95883,00000000f1124bca,18.79
22031,2019-08-04T12:41:47Z,cb3f05d5604f5532e039e6d40514b13aba8f6274d952bb17a8b801fc,60.15432,24.9211,0000000019fb59c4,25.36
22032,2019-08-04T12:41:47Z,cbc336691f17a9c508549e03d522166247a0cd0a944321c1a7d15525,60.14699,24.922,00000000a53ed894,14.89
22033,2019-08-04T12:41:47Z,cce6b6f309e43e2bb1be6a9784582a82891e976d0869d01040586d27,60.14947,24.91438,000000004ef3150d,13.75
22034,2019-08-04T12:41:47Z,cd3e127e27387b6e06cdf27f46fb6046e4182e4d7b49b49c17167c1c,60.14947,24.91438,000000004ef3150d,9.92
22035,2019-08-04T12:41:47Z,cd4ecd3b83630f6e5d65f635804e47a1ceb82853aac36af30044f06a,60.149,24.9843,00000000fffb8cf0,20.28
22036,2019-08-04T12:41:47Z,ceb777dafa9b7e39125b89735b7f0cf22c3018eb0196043ac8160370,60.14699,24.922,00000000a53ed894,10.78
22037,2019-08-04T12:41:47Z,ced0425d382ce86b7565a8b7b36a453a0880a08ba10090524e6c1ac5,60.14699,24.922,00000000a53ed894,16.1
22038,2019-08-04T12:41:47Z,cef1d06a10cfa08bcaef8b36535c2ec32c756a76cc0d5c2a1246f933,60.14699,24.922,00000000a53ed894,9.12
22039,2019-08-04T12:41:47Z,cf348d1ad8b56dd43f377926c2a3f3a9436d35fc378964335639effa,60.16829,24.94214,00000000afef4555,23.56
22040,2019-08-04T12:41:47Z,cfa42322be0000cf89d8969d1b88ace0ba99cab721dd58d55d41a36e,60.17065,24.93641,000000000f4919c9,18.79
22041,2019-08-04T12:41:47Z,cfc2a688ff31fbb1baac8790fb6d56dc7746ba2cf9e0e5f39d4751a4,60.14699,24.922,00000000a53ed894,10.78
22042,2019-08-04T12:41:47Z,d0413da80c7714f40ffe50dcfb00039280c64ecebc61c59df72965e6,60.149,24.9843,00000000fffb8cf0,36.27
22043,2019-08-04T12:41:47Z,d098b9b5b30c5fcd4ae8a2b8bc761df72829713d3ae919634876d349,60.14699,24.922,00000000a53ed894,9.12
22044,2019-08-04T12:41:47Z,d0cab2a2660dcc5cb99a9bdf39d2e6b31b7498985db1b50e48cb478d,60.18203,24.91341,00000000342570c2,9.12
22045,2019-08-04T12:41:47Z,d150c7aba4e7419f0ddd187392a9c2a429f44fa82535fb594c48ff55,60.16897,24.95222,00000000aa852af1,14.89
22046,2019-08-04T12:41:47Z,d1e3b42846da964eb43395a0c02d5cccd930d1a09090f9d668f1ebd9,60.16829,24.94214,00000000afef4555,18.79
22047,2019-08-04T12:41:47Z,d3486259a51296194d20e84e88ba4588e37cf48661effba832c33ab0,60.16762,24.95415,000000006b44cce7,9.92
22048,2019-08-04T12:41:47Z,d388a2c86cc65945e59a07273222ff57fc3585d4756b5c498dd443ac,60.16897,24.95222,00000000aa852af1,16.1
22049,2019-08-04T12:41:47Z,d38e88e5b926f9d1de6e326cca45116fcca11f10684c80876739c6cd,60.16075,24.95883,00000000f1124bca,12.69
22050,2019-08-04T12:41:47Z,d3c0cff604283ea6adeabb4f867f3fcaf8ee41fd27fc600d33c4d70d,60.16075,24.95883,00000000f1124bca,21.87
22051,2019-08-04T12:41:47Z,d5690433f1f0d0855704a06520cd197dac8c6c1293aa376af6854128,60.16897,24.95222,00000000aa852af1,25.36
22052,2019-08-04T12:41:47Z,d64eda229ebb6012e59bc89eacb74918e404ce52f16b491f3d48e800,60.16897,24.95222,00000000aa852af1,18.79
22053,2019-08-04T12:41:47Z,d75c412090c347ad7fca9287bcc4eb9bfb757dc7c1725109861dd93e,60.16629,24.95957,00000000fb7600be,16.1
22054,2019-08-04T12:41:47Z,d83dd9c0a861e25c7f5ddcd393756626def7c7f82a9f3fc35e1665a9,60.14947,24.91438,000000004ef3150d,5.91
22055,2019-08-04T12:41:47Z,d87210146aab139cc6640a20b428dce6ac516806a71a177b70e04f62,60.17065,24.93641,000000000f4919c9,9.12
22056,2019-08-04T12:41:47Z,d8e7e8b511d1123d1389cf08abbfa54b2b38e1824598b88008356c33,60.16897,24.95222,00000000aa852af1,9.12
22057,2019-08-04T12:41:47Z,da0c40291d3ace2273a08e3c9b87cbc15b0f03d0dba61e7c5a88dc0c,60.15432,24.9211,0000000019fb59c4,23.56
22058,2019-08-04T12:41:47Z,da667dfa2d8a272a7398e186de027fabd2052052c0aad767a1c7d966,60.16897,24.95222,00000000aa852af1,16.1
22059,2019-08-04T12:41:47Z,daac051ca20430238282e179e0fe525b11ff1e8f1ace26d45b41f331,60.14947,24.91438,000000004ef3150d,10.78
22060,2019-08-04T12:41:47Z,db9cee77723e2258651606fd447070139d95eb1138f8e56957bff8f1,60.17002,24.94407,000000006b087f40,23.56
22061,2019-08-04T12:41:47Z,dbf9f0495974591badcee3fcfc1b5eb718b26de86aaf486c351ad084,60.14947,24.91438,000000004ef3150d,5.41
22062,2019-08-04T12:41:47Z,dc15145376f4a497910c8d2231d671bf62f1918ad93938a48fdc3eb4,60.149,24.9843,00000000fffb8cf0,25.36
22063,2019-08-04T12:41:47Z,dc1c4323de4d895200d2ce734baf64170970bdef349e6206fe57bb15,60.16829,24.94214,00000000afef4555,12.69
22064,2019-08-04T12:41:47Z,dc439ef81c2abfb840e3ab145f2b944aae18a1beffd3eb47de845b9c,60.16531,24.9442,00000000fdda10fe,20.28
22065,2019-08-04T12:41:47Z,dcec4c4fb70c5f7dd0f408b6499f8c5ab0c2e9ff2b6d0fb082eba391,60.16075,24.95883,00000000f1124bca,18.79
22066,2019-08-04T12:41:47Z,dd4d709c749e6cfcf1531575846683d4ca730e850e17c6dd39252f8e,60.16075,24.95883,00000000f1124bca,17.4
22067,2019-08-04T12:41:47Z,ddc8410b9e4ece4b995b789f95e526693bac176ed77092ba57355dc8,60.16762,24.95415,000000006b44cce7,2.54
22068,2019-08-04T12:41:47Z,de09fd8d15c3d7adbf440a3d0a418a3b476513c968bda8a4aa652adf,60.173,24.92524,0000000096918cfa,21.87
22069,2019-08-04T12:41:47Z,de0d086ae32f87522eab31d3bc52545ed17b065889674963c0709568,60.16829,24.94214,00000000afef4555,12.69
22070,2019-08-04T12:41:47Z,de3fe5f63e74a582e06c8cb02e6128d6013827015ba3e2fe93082977,60.17002,24.94407,000000006b087f40,25.36
22071,2019-08-04T12:41:47Z,de84f754a3916c8f831b0bb8ea41fc2a42cdea2794558fece3c7ae97,60.1538,24.95595,0000000038bf9618,25.36
22072,2019-08-04T12:41:47Z,e02c0f9f72e9f248a4b5df8af328e1a0132d4d8a72c1e603d14cdacd,60.18203,24.91341,00000000342570c2,20.28
22073,2019-08-04T12:41:47Z,e0e938d5ab6fe3b13270163cd8a4e531dfae4b24ff98ab7e4277114c,60.14947,24.91438,000000004ef3150d,9.12
22074,2019-08-04T12:41:47Z,e0ff1e75104c5dfa3549647c238569888e353e1322256a5c6979de0b,60.14699,24.922,00000000a53ed894,17.4
22075,2019-08-04T12:41:47Z,e1a443e10353da64728464e8a720aaf22a62b80d404f1acae1a1c6ee,60.1538,24.95595,0000000038bf9618,31.5
22076,2019-08-04T12:41:47Z,e23a6115ba872037f9b5066c9c9c966b497f449e32a2c9ceb0e55497,60.16829,24.94214,00000000afef4555,4.94
22077,2019-08-04T12:41:47Z,e341e5e3e0b4fef8c3764508293310da5922b202d791694e43069ad1,60.16544,24.95398,0000000038d83d41,6.46
22078,2019-08-04T12:41:47Z,e34bcebfa007159f3d2adb0e62e20fcf721a221f52bdfe2a6ad77831,60.18203,24.91341,00000000342570c2,21.87
22079,2019-08-04T12:41:47Z,e40a26f3f7468f4ac2302b45f1ed9aab7fea245ccf81d0c08072c881,60.16829,24.94214,00000000afef4555,3.09
22080,2019-08-04T12:41:47Z,e447e76c7b53157c11d5bfeb172c27332c81b5ec7f263badf5507888,60.149,24.9843,00000000fffb8cf0,5.91
22081,2019-08-04T12:41:47Z,e621e7131322cca25ac9c09fde26ef4c94d2ba83c5679134b2bcf63d,60.16762,24.95415,000000006b44cce7,9.12
22082,2019-08-04T12:41:47Z,e65f7c68ce6502de36e4f47d0646a91a76d6c8cf8b5ffd26a3df8f4b,60.149,24.9843,00000000fffb8cf0,18.79
22083,2019-08-04T12:41:47Z,e7cd5f775c7eea951719f351fcc25c710f857832d6f4b70a51b7b82d,60.16897,24.95222,00000000aa852af1,12.69
22084,2019-08-04T12:41:47Z,e826dedac8582e619ce18cd7eed68be5ee1fc9ed37e191e06f916835,60.14947,24.91438,000000004ef3150d,4.11
22085,2019-08-04T12:41:47Z,e9115410fa45db5a174eee008cae729dc69937a0e0b5a304899bf1b9,60.17065,24.93641,000000000f4919c9,25.36
22086,2019-08-04T12:41:47Z,e92eb020afcd7c1fad04690230ff8c2f005e404dd25b8dced1df30dd,60.16075,24.95883,00000000f1124bca,7.69
22087,2019-08-04T12:41:47Z,e9e19621fc5cfcfed2c808bbadc6cc6dd31e28d3c04cef8b89ca2729,60.16075,24.95883,00000000f1124bca,13.75
22088,2019-08-04T12:41:47Z,ea157e44ed100be3f782d8b3d8e5e0986079c588c9ea754b14917df0,60.16829,24.94214,00000000afef4555,0.41
22089,2019-08-04T12:41:47Z,ea2f4d9799324f4cd2a6fcda1625b65acdbab9f6b8331c26f63beec2,60.16897,24.95222,00000000aa852af1,27.28
22090,2019-08-04T12:41:47Z,eac6fda3a18aa9ce55b6359f5c62a044e0bcd6bc3576c8cd815acf07,60.14699,24.922,00000000a53ed894,16.1
22091,2019-08-04T12:41:47Z,ec096f9d9f6ac607dcfcecf3327071d33a6ed3fdedd3cc796ba91fdc,60.16897,24.95222,00000000aa852af1,18.79
22092,2019-08-04T12:41:47Z,ec424a10bcefb6e69c2eabf42534f06e7a10aa0cfb28f6478052cade,60.14699,24.922,00000000a53ed894,5.91
22093,2019-08-04T12:41:47Z,ed70712277756192c688e0f4d7620cdb33803ab3e0cc7c180c3efd23,60.15432,24.9211,0000000019fb59c4,18.79
22094,2019-08-04T12:41:47Z,ed79b42b7b79277b944e3800c2bf93fefe5be88fe6d0d2b52a944ea8,60.16762,24.95415,000000006b44cce7,17.4
22095,2019-08-04T12:41:47Z,eed1c3b93e33ab3a4802db427c8c197c0fbad358e039b6ea8c8af07b,60.18203,24.91341,00000000342570c2,20.28
22096,2019-08-04T12:41:47Z,ef352dcaa8317b6a3c0a02cd8908dd13da5601cc66ba65c5fd8d031a,60.14947,24.91438,000000004ef3150d,10.78
22097,2019-08-04T12:41:47Z,f04b198f2f3331022f4a89ef2c2d12283e9c1c03a6c64a1dcb6e76cc,60.173,24.92524,0000000096918cfa,21.87
22098,2019-08-04T12:41:47Z,f062cb52d49926a4fb39f723275ed60ab6c0f3bf34e0c3f9d233b7b8,60.14947,24.91438,000000004ef3150d,17.4
22099,2019-08-04T12:41:47Z,f15b72a3aad411d2f8a70b41c4f62ad2d744d064d42ec00c71a18ac5,60.16762,24.95415,000000006b44cce7,10.78
22100,2019-08-04T12:41:47Z,f1845e00642980be3cdc27a088c619bb0616b86f7cfa0b8909efac80,60.16544,24.95398,0000000038d83d41,21.87
22101,2019-08-04T12:41:47Z,f1e73fa6dab8e8a2db6d7515f601fac161f17c34beb84aa55e812a9e,60.16762,24.95415,000000006b44cce7,6.46
22102,2019-08-04T12:41:47Z,f20f951802c722181f0e90095001c49e73f84049bb105b95c97049d1,60.17918,24.95141,00000000675d5200,20.28
22103,2019-08-04T12:41:47Z,f2e063c8c25a8bec0dd6ec3924a5f59fd9694078f2f3fd5b3ea96f29,60.16762,24.95415,000000006b44cce7,23.56
22104,2019-08-04T12:41:47Z,f39827c3c7f4c833d1118043492f78e3255b6da9f4a2c000041d9b61,60.16829,24.94214,00000000afef4555,0.84
22105,2019-08-04T12:41:47Z,f3ec2366b51157150674e5ab6293bdb19e0b30ca4296fee4c97b811c,60.14699,24.922,00000000a53ed894,8.38
22106,2019-08-04T12:41:47Z,f5f7cfe177dfb0b7ebba2419ae53f70b6b5690dd98d98586004a9107,60.149,24.9843,00000000fffb8cf0,25.36
22107,2019-08-04T12:41:47Z,f66767381dd8d1bf0e53c7bb920dd23845902ad04a03ab1134a70b11,60.173,24.92524,0000000096918cfa,21.87
22108,2019-08-04T12:41:47Z,f6a88c4482d078d6a1d51eabc04916c6f7566cff4a16fd55f3abdef0,60.16531,24.9442,00000000fdda10fe,20.28
22109,2019-08-04T12:41:47Z,f7777ac6285e2f6b6aa546b03f294d81e169b8236268cfed232c9679,60.16897,24.95222,00000000aa852af1,18.79
22110,2019-08-04T12:41:47Z,f796c9efc581b25280d4b416f8ba3aecca6ddf083e7bdad05f6e595e,60.14699,24.922,00000000a53ed894,7.05
22111,2019-08-04T12:41:47Z,f7f0caf73572bea3c08b592eeb9655b2668cfb16fd8840ca5619d84a,60.14699,24.922,00000000a53ed894,7.05
22112,2019-08-04T12:41:47Z,f81439a39740937c6cba523d5ebca87b52d69ff29fb449cf42ade4d6,60.14699,24.922,00000000a53ed894,13.75
22113,2019-08-04T12:41:47Z,f868d87b5d5a7094b60a131cd3e120c25787ebf751f7c93640b34942,60.16897,24.95222,00000000aa852af1,23.56
22114,2019-08-04T12:41:47Z,f86f1df2f5c201403e3bc7c157ec0bffa00950b97863a85d6ac2fdb3,60.17065,24.93641,000000000f4919c9,20.28
22115,2019-08-04T12:41:47Z,f9399339c3de44774896319d3f291771cebcaf2666df1d6062469882,60.16531,24.9442,00000000fdda10fe,31.5
22116,2019-08-04T12:41:47Z,f9a7057352731d27889cbd388be5902a6e62b297a3467232e8e47094,60.16762,24.95415,000000006b44cce7,9.92
22117,2019-08-04T12:41:47Z,fa96854324adae88abb35afa34b2393a20338bfd8fc9602d3ce6ae8d,60.14947,24.91438,000000004ef3150d,2.3
22118,2019-08-04T12:41:47Z,fadc39da3cd26ac621092fbbff224b95bb13446c8d24bbf4f3e50e90,60.14947,24.91438,000000004ef3150d,4.94
22119,2019-08-04T12:41:47Z,fce50ac3cfd2f3b7a897f6575eeda4e45ab42e5b9b5351be836cc0de,60.16897,24.95222,00000000aa852af1,14.89
22120,2019-08-04T12:41:47Z,fe5ca86c906b1cb3bf9dd257ceefc562e41da499878f1074484f7d42,60.14947,24.91438,000000004ef3150d,12.69
22121,2019-08-04T12:41:47Z,ff4f3e0f964f23b97e88626f7a506bb4409718931712c58ce0f247af,60.16762,24.95415,000000006b44cce7,11.7
22122,2019-08-04T12:41:47Z,ff8280896145ae17e594c52eac2cdbab47d3757d797878fbc4298596,60.1538,24.95595,0000000038bf9618,33.81
22123,2019-08-04T12:41:48Z,07d86ad98399440d0cc3bd3382a7256feb971e49a3686dc17f532e1c,60.16829,24.94214,00000000afef4555,21.87
22124,2019-08-04T12:41:48Z,0dd09efc9717b508a52eb5196698ac7acffb325c836e14f240e56313,60.14947,24.91438,000000004ef3150d,13.75
22125,2019-08-04T12:41:48Z,14c7e1511b70f4dd3359cbece1377aebb4d70531f5489eefe53d7c3c,60.16544,24.95398,0000000038d83d41,25.36
22126,2019-08-04T12:41:48Z,1599d2c9070a6f05e1a5887c2d9209214c04818c6203fe75440734f2,60.1538,24.95595,0000000038bf9618,27.28
22127,2019-08-04T12:41:48Z,1e7ea410376fbdb3f3c476c76d23abad5d830690f78f71ea06f7e321,60.16075,24.95883,00000000f1124bca,10.78
22128,2019-08-04T12:41:48Z,211f6b7b044343d0be369791b3fa3c144d0d0f391e2a42787712efb0,60.16448,24.97323,0000000053c6c2be,13.75
22129,2019-08-04T12:41:48Z,21d09757012e8f7297d1de922f681bcc36581a3d7be770b42b3780a0,60.15432,24.9211,0000000019fb59c4,14.89
22130,2019-08-04T12:41:48Z,2350e9b04a733edca530466fd60d704e4de146d81df0066a1767556b,60.149,24.9843,00000000fffb8cf0,17.4
22131,2019-08-04T12:41:48Z,25a7ff811c3c06e426c7c2cbb0433d9a2a3399b23afecbd35584ab0f,60.18203,24.91341,00000000342570c2,11.7
22132,2019-08-04T12:41:48Z,315af4a829b592ba99b203b8ed2cbd499769f8752dfe6de7da4ee929,60.16829,24.94214,00000000afef4555,20.28
22133,2019-08-04T12:41:48Z,35568b1e0d67c5d7b6b15bb08540a1aafe24817a9bc06673b97e85c9,60.14947,24.91438,000000004ef3150d,9.92
22134,2019-08-04T12:41:48Z,3944bc7a301be7241d1f7bc4a97f221000d535ce3d8a9af9af9b23b5,60.16531,24.9442,00000000fdda10fe,23.56
22135,2019-08-04T12:41:48Z,3fe5f4ccfa5c777ceafda0674d7c9da6f509f6694b4c2fa254b32e73,60.16897,24.95222,00000000aa852af1,18.79
22136,2019-08-04T12:41:48Z,4317f5904a5e6ae921bf743dd534c803083fd90b15a1245881beeade,60.16897,24.95222,00000000aa852af1,23.56
22137,2019-08-04T12:41:48Z,43b676ed3aef4c2d8846694817e76117873be52e7f788e0cb366c1c4,60.16629,24.95957,00000000fb7600be,27.28
22138,2019-08-04T12:41:48Z,44d0b94469070803869f229601e877beb613c3f5aafa009addf97a1a,60.16544,24.95398,0000000038d83d41,29.32
22139,2019-08-04T12:41:48Z,5bbb5184fded3e51bc78e45e39917794285e6bbc72da404802a9599a,60.16531,24.9442,00000000fdda10fe,31.5
22140,2019-08-04T12:41:48Z,5d65719c4cbf045f068d084b72302f447d5fd034413d97d13be00d0e,60.18203,24.91341,00000000342570c2,18.79
22141,2019-08-04T12:41:48Z,5eed115a984d490b02b602d73787aee8dc8c4e9365b77fbff3818a76,60.16629,24.95957,00000000fb7600be,18.79
22142,2019-08-04T12:41:48Z,69219e9efa41ae9e732653e9eaf08e1a34cb853a9dafe76ddeea4d04,60.16897,24.95222,00000000aa852af1,21.87
22143,2019-08-04T12:41:48Z,6a70e2fbced719333e21eff04fcb9cb36bae9a04d1a3d6ddd96f2c58,60.15432,24.9211,0000000019fb59c4,7.69
22144,2019-08-04T12:41:48Z,70d8572458a1a103555bab897b6443e601e0ed211414b15ad0b56f60,60.16544,24.95398,0000000038d83d41,29.32
22145,2019-08-04T12:41:48Z,737efc92e3419e9d96a8559ec341ea7e18ba6381fd8e4de3d06f82a0,60.14699,24.922,00000000a53ed894,20.28
22146,2019-08-04T12:41:48Z,7678cdb86d454ca9ae52f22d97e635106585a3a046d01da4463695cc,60.18203,24.91341,00000000342570c2,20.28
22147,2019-08-04T12:41:48Z,85ef35aecf2ff804be3d958b592705ec41c6df9c128c132c65bb283d,60.16897,24.95222,00000000aa852af1,18.79
22148,2019-08-04T12:41:48Z,87dfaad29a9276ddddb1fa021d3bc23ad14824c1af16f7d87e713689,60.14951,24.92138,0000000006dd41f6,9.92
22149,2019-08-04T12:41:48Z,88808fe92573e9cdf022cc15b9689b6b4b9429f60513c8897b0ba4c7,60.16897,24.95222,00000000aa852af1,20.28
22150,2019-08-04T12:41:48Z,89982a6acf91b79a282a6b63978e946ee205f303fcd20e944e06baf0,60.16544,24.95398,0000000038d83d41,25.36
22151,2019-08-04T12:41:48Z,9843c6216661048343a0e49cf3d8aa2883cf77f452666a1c873a1052,60.16448,24.97323,0000000053c6c2be,13.75
22152,2019-08-04T12:41:48Z,9ea176cc50b4b7b627807bec1e3dfc22223c1ea35af2995dd823eab7,60.14947,24.91438,000000004ef3150d,11.7
22153,2019-08-04T12:41:48Z,af807b67ce09a2ce1744025c421961213f1608ca658ece4df69555a1,60.16762,24.95415,000000006b44cce7,10.78
22154,2019-08-04T12:41:48Z,b33ae7715d6d2571066655c2c8954a5a364b5601869047de83410d9f,60.16629,24.95957,00000000fb7600be,23.56
22155,2019-08-04T12:41:48Z,b5fd6b317890e5ab2d79e2cd1abe61626d45a753c7337d0d40728898,60.16762,24.95415,000000006b44cce7,9.12
22156,2019-08-04T12:41:48Z,b6768ae226a93bce23852414e20866c7413513d067579c03ea883dfa,60.17065,24.93641,000000000f4919c9,25.36
22157,2019-08-04T12:41:48Z,bb98768dad0f7c52cf643f035a3e7e48f5cfe28557c66f2a75914b31,60.14699,24.922,00000000a53ed894,11.7
22158,2019-08-04T12:41:48Z,bcb0201b0a1edf350ae2f681076e7d2d48ebd94c075bd3ca59552020,60.16897,24.95222,00000000aa852af1,14.89
22159,2019-08-04T12:41:48Z,c0cdd4e99cf9447e490b5cbd5e7513df9acfcbabb8bd5117c4731512,60.16075,24.95883,00000000f1124bca,18.79
22160,2019-08-04T12:41:48Z,c97eb4181394121907d47b908495f54e5ee5145ff790f7a1dc21b3cf,60.16897,24.95222,00000000aa852af1,20.28
22161,2019-08-04T12:41:48Z,ca6927628f5ddda20036865c9345ad93d476d62ade3b181de568eed6,60.16897,24.95222,00000000aa852af1,16.1
22162,2019-08-04T12:41:48Z,cf05623e4d87ce0906c0b0b7dbf53aacc1228016cd27c341228b6e76,60.18203,24.91341,00000000342570c2,18.79
22163,2019-08-04T12:41:48Z,cfc0bedb78ded52749db3188cb188bf6a250ef5990da9c5afa9623fc,60.14951,24.92138,0000000006dd41f6,21.87
22164,2019-08-04T12:41:48Z,d0bb9fef9a0ef26adcdd4732c9c20361bce49826f32c2892242831b8,60.16762,24.95415,000000006b44cce7,21.87
22165,2019-08-04T12:41:48Z,dcb7e8bb90af70568c12a902d706c70e1ac1213e31ba074756f0a27a,60.1538,24.95595,0000000038bf9618,17.4
22166,2019-08-04T12:41:48Z,ded49640b591e73bff71f84fb99d2739eb6c9554164a015017725e03,60.16829,24.94214,00000000afef4555,14.89
22167,2019-08-04T12:41:48Z,e8e366e76c97944e23c0f80b4fd3ce6e5832744922297146a49f0c7e,60.16762,24.95415,000000006b44cce7,12.69
22168,2019-08-04T12:41:48Z,e96bd269a48b822b06141c3362fcb6d5ed4d0d09a120f2e4a712d5c2,60.16897,24.95222,00000000aa852af1,12.69
22169,2019-08-04T12:41:48Z,f088630d7476dae7d4b7e2bb1f10575f2c89acb4b6e061f3d57c2b40,60.16531,24.9442,00000000fdda10fe,33.81
22170,2019-08-04T12:41:48Z,f405a7c4a3a4339f8e3f7e552f6492d6eed76f7d08c54943286213de,60.16762,24.95415,000000006b44cce7,16.1
22171,2019-08-04T12:41:48Z,f6609ab1076b1105bb845595a03b41b8fbb282f79c337df5bbc9f841,60.14699,24.922,00000000a53ed894,11.7
22172,2019-08-04T12:41:48Z,f94dddacf96965952551200a02b41925bcd21402aceafb12f19931af,60.16075,24.95883,00000000f1124bca,7.05
22173,2019-08-04T12:41:48Z,fc4f3a44235f1cfc7b53f14ba2da599976a5a0a220d23b852688e485,60.17919,24.95181,000000007b5207b6,21.87
22174,2019-08-04T12:41:48Z,009ad4cd2bd97e04da44cc9789e6bdbdb899eded61d05b7d5634b7be,60.16829,24.94214,00000000afef4555,6.46
22175,2019-08-04T12:41:48Z,00b07030d00cc5582c0f1be7d73fb09e34f4018445ce11d9da8da813,60.16762,24.95415,000000006b44cce7,21.87
22176,2019-08-04T12:41:48Z,010298d620fbe80ab4f46c866c215217b2bf1fd12a2a67b9e56b4ce8,60.16829,24.94214,00000000afef4555,10.78
22177,2019-08-04T12:41:48Z,017a141d3e3811f35ced343c0b6d13a99f60c79d17afffa0cf0dd3b9,60.14699,24.922,00000000a53ed894,23.56
22178,2019-08-04T12:41:48Z,01da8d635edb337efac5db2fb1a84795fe6d67137745e65608f8fb75,60.16762,24.95415,000000006b44cce7,29.32
22179,2019-08-04T12:41:48Z,032e5d7621738a50c9e742e0cba13c819f7c67cedf8687f3ab25595c,60.16762,24.95415,000000006b44cce7,17.4
22180,2019-08-04T12:41:48Z,036c183505fea646b54aeb0c612913cafba94eca65e47d3c6d840a68,60.17918,24.95141,00000000675d5200,29.32
22181,2019-08-04T12:41:48Z,038e7f3d1d9babcdb48b63ff8e3e1ac732b3c29f665dc7d9a1819abc,60.14699,24.922,00000000a53ed894,17.4
22182,2019-08-04T12:41:48Z,0413805762399525f916572e0de4852c934500b4a8465ac67a535d41,60.16762,24.95415,000000006b44cce7,12.69
22183,2019-08-04T12:41:48Z,0479a26a59d65bf1dee05c06f4227a0ba63a6e9c9a09e7c34f2e06b4,60.14699,24.922,00000000a53ed894,18.79
22184,2019-08-04T12:41:48Z,04b49a34910d12f55243dd5a756c7cc1e506e5d3cdb418cc635e9ad9,60.16762,24.95415,000000006b44cce7,5.41
22185,2019-08-04T12:41:48Z,04b5d29c48edaaf4904a98e412562e3c0d857eb20342cc7c323d4293,60.16762,24.95415,000000006b44cce7,8.38
22186,2019-08-04T12:41:48Z,04f35922a81b516e7028f61c6ff34faf6da85df0a5cfcefb6df1861f,60.149,24.9843,00000000fffb8cf0,27.28
22187,2019-08-04T12:41:48Z,05d441c83d2df822feaf93d7861452db7a201f22d84cfa36f421dfd2,60.16544,24.95398,0000000038d83d41,20.28
22188,2019-08-04T12:41:48Z,0638ed176f2a4b17c11bae92240575c9305f4bc21592a476b3106be4,60.16762,24.95415,000000006b44cce7,12.69
22189,2019-08-04T12:41:48Z,073c1eeb0d9e511743bae8d5b87b95a19017f59a1dc3597d8618a908,60.173,24.92524,0000000096918cfa,36.27
22190,2019-08-04T12:41:48Z,07444c376c2a48ed91a2f5462cab887c00378edb4175ee969deb207e,60.18203,24.91341,00000000342570c2,29.32
22191,2019-08-04T12:41:48Z,076c28c1895ef1919c11113113c12655c546fc90a00800e5ebec5b56,60.14699,24.922,00000000a53ed894,14.89
22192,2019-08-04T12:41:48Z,07fa093f5dceb6043b0a8c9d8ad01c1bfdfe15d4b3071a26b747ea07,60.14699,24.922,00000000a53ed894,17.4
22193,2019-08-04T12:41:48Z,0947f9d6bb6c34e382e008052b704b6521ac4f7678a2e8a719bb574b,60.15432,24.9211,0000000019fb59c4,20.28
22194,2019-08-04T12:41:48Z,0a0acb70a8ef92be52a64d4425e70bb2f7a17d13942c3382c9d68878,60.149,24.9843,00000000fffb8cf0,3.09
22195,2019-08-04T12:41:48Z,0a5616e066b42895361324cfa8abef41d849a55e3e4bed429bab494b,60.16829,24.94214,00000000afef4555,13.75
22196,2019-08-04T12:41:48Z,0a5ed50daf13dd10744537aa851ac7ab1d34d9797ec6ab6e2402aebb,60.16762,24.95415,000000006b44cce7,8.38
22197,2019-08-04T12:41:48Z,0aabf0df4c3c5b45bb8950c92dbe624985f19e8650ed61f92571a65a,60.14699,24.922,00000000a53ed894,5.91
22198,2019-08-04T12:41:48Z,0b0dd9af9d52c68ff71ce266d6707abbb0f56c3c63be0f83f7b5df9b,60.16762,24.95415,000000006b44cce7,5.91
22199,2019-08-04T12:41:48Z,0c905239b8c0e14cba671cf4d4d715d1045a30ee62a6285fb489dbb0,60.16829,24.94214,00000000afef4555,12.69
22200,2019-08-04T12:41:48Z,0d3525b13d674f1645fdbe6d842fe37b2f416889c5472e9dfcc5445c,60.14947,24.91438,000000004ef3150d,8.38
22201,2019-08-04T12:41:48Z,0d8341f0125a5323521549248771d5448e5f788aefe9b989e3b20114,60.16829,24.94214,00000000afef4555,7.69
22202,2019-08-04T12:41:48Z,10a99e791e27975dc1c9d73d3163cabacf3bd7bd05a4f7abf6365426,60.14699,24.922,00000000a53ed894,11.7
22203,2019-08-04T12:41:48Z,119268a2b328b466959e99158efc17d07641daf2eab0785f813707f9,60.16762,24.95415,000000006b44cce7,20.28
22204,2019-08-04T12:41:48Z,120a63917cb5ab619bf9a71328f14020736ee84e75d5b37278748def,60.16897,24.95222,00000000aa852af1,12.69
22205,2019-08-04T12:41:48Z,128df515b075ffc54794d311944f31b9b1c1132d182943a9880e5bc0,60.16544,24.95398,0000000038d83d41,25.36
22206,2019-08-04T12:41:48Z,13bcedb8c59b26417282929d81844b272c7c5bc295614f531219a8e4,60.14947,24.91438,000000004ef3150d,12.69
22207,2019-08-04T12:41:48Z,13ee67fb034e3d24edc9a9618e9d6de24979ebbcb399f83abb02a897,60.14699,24.922,00000000a53ed894,8.38
22208,2019-08-04T12:41:48Z,1496ce9cf373a2a508a8ab0b7aa0604dd889fd69483881c3752219af,60.14699,24.922,00000000a53ed894,18.79
22209,2019-08-04T12:41:48Z,1504a2043ecda430936466e17819a78caf95f0c572b6b07009c4d35a,60.16544,24.95398,0000000038d83d41,27.28
22210,2019-08-04T12:41:48Z,1515fbb735095b233eea332bf40cff9995758e9bd0ad60218875554b,60.14699,24.922,00000000a53ed894,21.87
22211,2019-08-04T12:41:48Z,1551f9fdd5a57b17be51babad39f807f04be4d340266c153eb860156,60.15432,24.9211,0000000019fb59c4,20.28
22212,2019-08-04T12:41:48Z,161aa798c2a18e132fb27ecded773218ea4e42eabbd0e5794b1d7017,60.15432,24.9211,0000000019fb59c4,11.7
22213,2019-08-04T12:41:48Z,162fcc3711287e7287479d948f54f820fb95d665191f206f0c428cfc,60.1538,24.95595,0000000038bf9618,27.28
22214,2019-08-04T12:41:48Z,171a752ceacd35c6e27c36e67da80ba960a246c0977f0bdca139a472,60.14699,24.922,00000000a53ed894,5.91
22215,2019-08-04T12:41:48Z,1769031b7f4d75de0541e26427b9ecc92c84b80992e3b36bb8eb799e,60.16829,24.94214,00000000afef4555,5.91
22216,2019-08-04T12:41:48Z,17af6ab252328066d6b13406084507dfa7a7f6db3030872e7f87223d,60.17065,24.93641,000000000f4919c9,20.28
22217,2019-08-04T12:41:48Z,194e6ced97ec114a37fe06d6d73fb687c057d411be476f1ea6f4852e,60.16897,24.95222,00000000aa852af1,31.5
22218,2019-08-04T12:41:48Z,197961cf403efacc6bdb07158a50753109701aba7a6e7cbf8502e1ee,60.14947,24.91438,000000004ef3150d,17.4
22219,2019-08-04T12:41:48Z,1a93dfa31156cee53b4bd527d8b74655a5da812b6933d8a86d871e47,60.14947,24.91438,000000004ef3150d,21.87
22220,2019-08-04T12:41:48Z,1aacd77e1fdbe1544cf1ab29a00642d77ce4a075e388e8a2108aa39b,60.16829,24.94214,00000000afef4555,4.94
22221,2019-08-04T12:41:48Z,1ad0b84716a79851fa8db7a993012f0c8e496d6cba9d028a546285a2,60.16897,24.95222,00000000aa852af1,8.38
22222,2019-08-04T12:41:48Z,1b3fba902b8d1538b508cdc228fd15fdd87f5aecb68e5611b1a4e354,60.16762,24.95415,000000006b44cce7,2.54
22223,2019-08-04T12:41:48Z,1bcef866fafad7c7460a084e0b0d27c087b549f4ae704390708be47e,60.149,24.9843,00000000fffb8cf0,6.46
22224,2019-08-04T12:41:48Z,1c13175307f58b1bf07c8838e26a2f5d0fd5b21a7517c0b4f4e6bd8f,60.1538,24.95595,0000000038bf9618,21.87
22225,2019-08-04T12:41:48Z,1c7ccd5d6570d98e57ef2ebbd716b7504b138f9bb616fbeaa0d1a268,60.14699,24.922,00000000a53ed894,5.41
22226,2019-08-04T12:41:48Z,1d4841b6905c46f3c38f79540bae2a88a4e660692149506c0db9da33,60.15432,24.9211,0000000019fb59c4,20.28
22227,2019-08-04T12:41:48Z,1eed5192896838d1860e8ea14bda43d065b88fc7dc562f54765e85a8,60.16897,24.95222,00000000aa852af1,16.1
22228,2019-08-04T12:41:48Z,1f74037ecab4dbdc5db1a8dc8b583a86630f86a5f2d0a5167b7fa605,60.18203,24.91341,00000000342570c2,20.28
22229,2019-08-04T12:41:48Z,1f81ed7274add201d3059d4a37e2bbe86b6ae1f0fd42a16d7b8dccaa,60.14699,24.922,00000000a53ed894,13.75
22230,2019-08-04T12:41:48Z,1faaaeff6423708e06d94b904af4be93e399939fbdfd3b3091dc8bd2,60.15432,24.9211,0000000019fb59c4,14.89
22231,2019-08-04T12:41:48Z,203a0c145a43c9a18f8c2a5ba4e18882e7430662bb4ac0e56ab37578,60.17065,24.93641,000000000f4919c9,13.75
22232,2019-08-04T12:41:48Z,208944c5811f446561788c5415738cbe52bdacb371f415236042698c,60.16897,24.95222,00000000aa852af1,21.87
22233,2019-08-04T12:41:48Z,209f23b29f40b8bb8ebec8446830bc674706e222179ceeab18277168,60.16762,24.95415,000000006b44cce7,12.69
22234,2019-08-04T12:41:48Z,20ac7b2ace7c0038aa8df01b9281a9c54f1551fc8ab9b662b1f1ca22,60.18203,24.91341,00000000342570c2,18.79
22235,2019-08-04T12:41:48Z,21bdc11bb63fb48c9d4b5308540ee5df579c9a385001a10fceeeedf3,60.14699,24.922,00000000a53ed894,16.1
22236,2019-08-04T12:41:48Z,21eb94b10f042f4f21566d3ee27d800fb6d899071739c0c5c1fa7af0,60.14699,24.922,00000000a53ed894,16.1
22237,2019-08-04T12:41:48Z,21eed3ade733687b8f56fade8290819b7c6b4a9f38468979fe692c3e,60.16762,24.95415,000000006b44cce7,5.91
22238,2019-08-04T12:41:48Z,22fe9a06fba1036e8eafd726bc450095b1893be067f475e1882bb704,60.14699,24.922,00000000a53ed894,7.05
22239,2019-08-04T12:41:48Z,231026899a6d5b326cb5b1e38b182ca1acb77c7e27bc2378973b29db,60.16629,24.95957,00000000fb7600be,10.78
22240,2019-08-04T12:41:48Z,23337c2812924a07e4f0bbc92e56d1f85ea40208b6b987f4afc686cf,60.16897,24.95222,00000000aa852af1,25.36
22241,2019-08-04T12:41:48Z,244b51aa4a7059ba782925258111c295aa4de9596025c55ccd5580ac,60.16829,24.94214,00000000afef4555,17.4
22242,2019-08-04T12:41:48Z,253fdd441216127a924d7d1a48bbffbc75a471e5aa199b2173ba16e0,60.14699,24.922,00000000a53ed894,23.56
22243,2019-08-04T12:41:48Z,257206d3f59df5c426a9c735f4741cba6d792de1cbafe62289d383d7,60.16897,24.95222,00000000aa852af1,21.87
22244,2019-08-04T12:41:48Z,2607d1b2fc6e31a80348fffbed68a7d3a8e0212f197f2d1c573c587b,60.14947,24.91438,000000004ef3150d,4.5
22245,2019-08-04T12:41:48Z,269124e75b1e74a7c7dc93b778e02f04d0a53e069a90081c0938ee4c,60.14699,24.922,00000000a53ed894,9.92
22246,2019-08-04T12:41:48Z,2838eddb482a9bc77b0b867352020e2cbfb71e85aaa1d61307e85f3d,60.14947,24.91438,000000004ef3150d,8.38
22247,2019-08-04T12:41:48Z,28b43564f7156b67db7cb7b779e948986d7610f921490f9030379704,60.16897,24.95222,00000000aa852af1,5.91
22248,2019-08-04T12:41:48Z,28d2c3282e9f8fec67baec7992dcd800c45b67071e33cb118905a6b3,60.16829,24.94214,00000000afef4555,7.69
22249,2019-08-04T12:41:48Z,2969cdb120f2d285c556abfe5bac2f8090571f61aba227a474a534d2,60.17065,24.93641,000000000f4919c9,7.05
22250,2019-08-04T12:41:48Z,29a1ee6c0907a00ec6b6dcbb187f5c31d1a11b261aabd339210ee013,60.16897,24.95222,00000000aa852af1,13.75
22251,2019-08-04T12:41:48Z,2a767d6875ef5fa533a2eb311aafaab1d857135cf6da5786d2407a49,60.14699,24.922,00000000a53ed894,5.41
22252,2019-08-04T12:41:48Z,2ee2e108ed9051b1ccf4d3ee89931dfd53170af0b558fa6579b83e8d,60.15432,24.9211,0000000019fb59c4,7.69
22253,2019-08-04T12:41:48Z,2f08dbfbbe5577f04ea9826f72d5452ddf5fd9bb892769382ea5a4ca,60.16762,24.95415,000000006b44cce7,16.1
22254,2019-08-04T12:41:48Z,30c55d5011d0f6c901437a130dbe2653c7ae0cceee3b0a242394152c,60.14947,24.91438,000000004ef3150d,27.28
22255,2019-08-04T12:41:48Z,3165c6ee17d11e4b51e03844fd1234cd64aecc860cd6c162ceb99058,60.16897,24.95222,00000000aa852af1,9.92
22256,2019-08-04T12:41:48Z,32708990f2c831e65f70f2682baf5188fc93348b9a9e78ada8db2bf4,60.14947,24.91438,000000004ef3150d,5.41
22257,2019-08-04T12:41:48Z,32f77f5019e5fce30881c214487361e2e34b8c93277f6e546de72012,60.1638,24.96846,00000000d747f075,31.5
22258,2019-08-04T12:41:48Z,33634cb1e3fc5d4a621e8717d203da8533ed27531a70c6cbe3abf3fa,60.16762,24.95415,000000006b44cce7,2.54
22259,2019-08-04T12:41:48Z,33ec502792a84f23fed03cf16e483d153c65e2850a2549f47034726a,60.16762,24.95415,000000006b44cce7,14.89
22260,2019-08-04T12:41:48Z,3459042c03cbb672a039f7f14a6b99b84f839b0598f9e48bf4dd95f5,60.14699,24.922,00000000a53ed894,13.75
22261,2019-08-04T12:41:48Z,347c2747f8b58cdc6f96b541d1a35f2c0e182b542706a38e0ce7ef4a,60.149,24.9843,00000000fffb8cf0,11.7
22262,2019-08-04T12:41:48Z,348d0f13ec830589831a973041803bc7b6c0f0b5f6e5a84e47f292d3,60.17002,24.94407,000000006b087f40,17.4
22263,2019-08-04T12:41:48Z,34fddf0f4ea194b9720451d11a9de76225577536681d4f4b0a00b860,60.16829,24.94214,00000000afef4555,18.79
22264,2019-08-04T12:41:48Z,358d7986d5bf2a0624fb1412a157b3c7b12f90653457e15a76bbdf50,60.16629,24.95957,00000000fb7600be,12.69
22265,2019-08-04T12:41:48Z,35e6e075578d7a51e510bf8904bde33f1d117264eea0917db98d4808,60.16897,24.95222,00000000aa852af1,21.87
22266,2019-08-04T12:41:48Z,36f876050503d244f74f3cbadcef716904eb2b245190d474b0cfa794,60.16762,24.95415,000000006b44cce7,1.12
22267,2019-08-04T12:41:48Z,3721331dbb97151d17938ed835ffc7208eba26fba6100c62870a3a4f,60.14947,24.91438,000000004ef3150d,11.7
22268,2019-08-04T12:41:48Z,37945fa4e7409fab98aa8bde45081f5bd083def0059485274ad552c0,60.17919,24.95181,000000007b5207b6,12.69
22269,2019-08-04T12:41:48Z,37b4192b51c9589b8791bc2e9f830dd541c0e77fd03e7a85a51b68e5,60.16544,24.95398,0000000038d83d41,25.36
22270,2019-08-04T12:41:48Z,37c5fa285cfc1de3c5363b53a2909ca0f43381a381ee6fc132d5ba8f,60.16897,24.95222,00000000aa852af1,9.92
22271,2019-08-04T12:41:48Z,38c90c54ec8f56ae2ee5c79f21130a2254d870968839584fc423f1d2,60.14699,24.922,00000000a53ed894,20.28
22272,2019-08-04T12:41:48Z,38e15f5aeb58c22ca456fc4d3a14f3b4d9f1fac43de070d2565eb1d3,60.16897,24.95222,00000000aa852af1,13.75
22273,2019-08-04T12:41:48Z,39310ebca1ad756aa2bfcb16c912cb7003ef3e7286a1f037603ade61,60.14699,24.922,00000000a53ed894,4.5
22274,2019-08-04T12:41:48Z,393a579e1c8efb19861f555f12040feeac853f37a2451116693e77aa,60.14699,24.922,00000000a53ed894,12.69
22275,2019-08-04T12:41:48Z,3a6ce73ea4c03a14fc0d3d099e4698d3c1051a2e8e4bd552d5de394d,60.14947,24.91438,000000004ef3150d,9.92
22276,2019-08-04T12:41:48Z,3b73bf57d223bcb9b930ee8619e6603e52485b221389c64d85614baf,60.16897,24.95222,00000000aa852af1,10.78
22277,2019-08-04T12:41:48Z,3be48824225ca9f2aea5653f6ce21181a76e67a8d4b8361f0cba1f8a,60.14947,24.91438,000000004ef3150d,8.38
22278,2019-08-04T12:41:48Z,3c21ef81eb62764c543cc53a1eb793a317f3443dd4838799b2dbd6ff,60.16629,24.95957,00000000fb7600be,18.79
22279,2019-08-04T12:41:48Z,3d26e1d1c042133ccb16301bbada637dd3dea1623426336738e0f1c0,60.149,24.9843,00000000fffb8cf0,25.36
22280,2019-08-04T12:41:48Z,3e4965f1ed580ddf80246b1b78cbc55b73c11d67573d9cede2a7ccf7,60.16829,24.94214,00000000afef4555,9.92
22281,2019-08-04T12:41:48Z,3e99999f43f3bd9e105e735eeb92531a4301e7f258c90535acfba9ae,60.16531,24.9442,00000000fdda10fe,25.36
22282,2019-08-04T12:41:48Z,3eb138558a5cc58760a67df9709bc42cc329874e907981d33e0116ec,60.16762,24.95415,000000006b44cce7,17.4
22283,2019-08-04T12:41:48Z,3ec0a34310840b3aa1aa32a3f2bffbe426e91a242dc6eb5c1e86bba7,60.16448,24.97323,0000000053c6c2be,25.36
22284,2019-08-04T12:41:48Z,3ef78c4485a99bfa3d5e1df620f767b22e6c6583cefd990dee77f784,60.16762,24.95415,000000006b44cce7,20.28
22285,2019-08-04T12:41:48Z,3f395809cdaaaa1688c7d1cc770079bbf7ef1349e148bec5c8eacd57,60.16762,24.95415,000000006b44cce7,7.69
22286,2019-08-04T12:41:48Z,3ffe89aa6ab1e57883e21fa8f15969f46a5f487bccb2b993eadb3cfb,60.14699,24.922,00000000a53ed894,7.69
22287,2019-08-04T12:41:48Z,409be16c4d34b9e76ac22ea0e8e282da3e9d169fe77ff5ea52a72883,60.14699,24.922,00000000a53ed894,18.79
22288,2019-08-04T12:41:48Z,427f20895f2d0aec0392fd0be9f66c4cd45200a3d32b5b9d52ea0dc2,60.15432,24.9211,0000000019fb59c4,27.28
22289,2019-08-04T12:41:48Z,42d4eb6044091814f327d0b01dc9ae701506417af1a8ab7f4161650d,60.14951,24.92138,0000000006dd41f6,14.89
22290,2019-08-04T12:41:48Z,42da4298ed9f522421f17714e024d9b8fe22e7546df3deeb8b139bd3,60.16075,24.95883,00000000f1124bca,4.94
22291,2019-08-04T12:41:48Z,431375be6b9405ef55878f3aa0bb5dd6a35db8ba650a2bce05081c49,60.14947,24.91438,000000004ef3150d,14.89
22292,2019-08-04T12:41:48Z,436df7106ce19510536cf507d8939633784f67da2f872970e0d3ba43,60.16829,24.94214,00000000afef4555,8.38
22293,2019-08-04T12:41:48Z,43e1eab7f64d16e44a7ba2981efebc2152360e3841e16957d99a2e4e,60.14947,24.91438,000000004ef3150d,27.28
22294,2019-08-04T12:41:48Z,447f951c07ece4b9f8a41fed54b5911f4f8033b69f5a62bfd0cf1d97,60.14699,24.922,00000000a53ed894,14.89
22295,2019-08-04T12:41:48Z,4533d27e96c5c6637ddff4243672d658fea4004970652882357105a9,60.14699,24.922,00000000a53ed894,21.87
22296,2019-08-04T12:41:48Z,457d11209b95b153efb57d8f2641f2db0823e91a0d608fa0555a5b69,60.14699,24.922,00000000a53ed894,17.4
22297,2019-08-04T12:41:48Z,459ee564ad7aca128b70ae089395378da384eb1ff35cefde7d7f5736,60.16829,24.94214,00000000afef4555,13.75
22298,2019-08-04T12:41:48Z,4602ff9d03f6bf4fbb82976098cc1c73e7a7e754050401c772d1406e,60.14947,24.91438,000000004ef3150d,7.05
22299,2019-08-04T12:41:48Z,467a01a257fbaad22bd4aebafc8f284c9ad3effc429475e57c214e9d,60.14699,24.922,00000000a53ed894,13.75
22300,2019-08-04T12:41:48Z,473b521a4a8687b7493a051ebb0b7c97be75623f27fe056ca0a8a2bc,60.16448,24.97323,0000000053c6c2be,29.32
22301,2019-08-04T12:41:48Z,47bc9ff9097f9ef5f1862e48b4a42f6a9ddd30c4ef2b6eb43291a7a5,60.14699,24.922,00000000a53ed894,9.92
22302,2019-08-04T12:41:48Z,47cde44e4ddbf6c70162fa882eee962e7c3e2a037b650294ec46568f,60.14947,24.91438,000000004ef3150d,4.11
22303,2019-08-04T12:41:48Z,48f665ebb1a71b0d84fc02bd71918c5ab5608328db534639cbd2a255,60.14947,24.91438,000000004ef3150d,3.09
22304,2019-08-04T12:41:48Z,49b87a1513c75afd4d05b1b8429f6697a2262af944de3e385700f99f,60.14951,24.92138,0000000006dd41f6,27.28
22305,2019-08-04T12:41:48Z,4a1a129202050ebeed57c0765b3c9d72574e077e2f6a1e0c6d2ce943,60.16531,24.9442,00000000fdda10fe,20.28
22306,2019-08-04T12:41:48Z,4b1050cc517631e36206d3528399c0b14748daec8c7d1b5dfa412299,60.15432,24.9211,0000000019fb59c4,7.05
22307,2019-08-04T12:41:48Z,4b85388cdaec2b4c15b546160ee326d9668a5e5d3c7b08d0c539946e,60.17919,24.95181,000000007b5207b6,7.69
22308,2019-08-04T12:41:48Z,4be50f3eb033f3f46e3069049c8e0a34dc8a2607741c1764369ba4c2,60.16762,24.95415,000000006b44cce7,7.05
22309,2019-08-04T12:41:48Z,4bf75585466f0aafa2ed2956fe4b0f7235b4ba3a0606a52219b3156c,60.14699,24.922,00000000a53ed894,21.87
22310,2019-08-04T12:41:48Z,4cadc8cc23fd84febb6a8383030a34c97b3388a8c9ed7a64cc0f51a6,60.14947,24.91438,000000004ef3150d,4.11
22311,2019-08-04T12:41:48Z,4d35f03f4cb1cd21fbb173af8af5be5e233c63882fda53232da315f0,60.14699,24.922,00000000a53ed894,16.1
22312,2019-08-04T12:41:48Z,4d4115f2971578ddc2428be944e2954c9e9a5472a818ec1805a022b2,60.149,24.9843,00000000fffb8cf0,14.89
22313,2019-08-04T12:41:48Z,4ebdb6165c5d4892cdc21711313b98b1545bececfb886192c6f0ef22,60.16762,24.95415,000000006b44cce7,9.92
22314,2019-08-04T12:41:48Z,4f387b8eb5373361960a83c899f3753098c010a7b841c2bd861bfc91,60.16629,24.95957,00000000fb7600be,31.5
22315,2019-08-04T12:41:48Z,4f4940c5c77737c5b8f2fbd5a1b65886ea5f6e0e4fcd50447e11ce21,60.16075,24.95883,00000000f1124bca,16.1
22316,2019-08-04T12:41:48Z,4f93e95b96f69cefa42bba16e15af19b9c451693070e117b208ea068,60.16075,24.95883,00000000f1124bca,20.28
22317,2019-08-04T12:41:48Z,514a3981fad6c695ac4940f09374b5d1c2e84d2ca835084ef8707714,60.16075,24.95883,00000000f1124bca,4.5
22318,2019-08-04T12:41:48Z,51b3c7870a399165f0d1d14f7d21688df32b0360f9cc6f3ca61890d8,60.16829,24.94214,00000000afef4555,0.34
22319,2019-08-04T12:41:48Z,52072bd384eaaf4a6958af5510ed039d194dee47f34667bc7bccbe0e,60.14699,24.922,00000000a53ed894,7.69
22320,2019-08-04T12:41:48Z,52939581c6c8dd3407dbf44ea9e90471e4bbadfb7e3740a0ba8324f3,60.14699,24.922,00000000a53ed894,9.92
22321,2019-08-04T12:41:48Z,5399ca5a9abed7a5da7a71e85cbeae837e42ee1dc94852ba2c16bcd1,60.173,24.92524,0000000096918cfa,29.32
22322,2019-08-04T12:41:48Z,54065d53a62079540c4be1e19eafa5dd581e8ec35da0c31844438e0b,60.149,24.9843,00000000fffb8cf0,8.38
22323,2019-08-04T12:41:48Z,5554305bad43a71cf98d83e92708c7474c1efc189392c1ea94231e9c,60.16531,24.9442,00000000fdda10fe,4.11
22324,2019-08-04T12:41:48Z,560205233dc9b13886248fb6e54ee21dc3b287080072641e01e08dac,60.16075,24.95883,00000000f1124bca,20.28
22325,2019-08-04T12:41:48Z,56b8eace741e5227a40ea0a64601a737648080c63d6240b0dca632c4,60.16075,24.95883,00000000f1124bca,20.28
22326,2019-08-04T12:41:48Z,570dc61d53aec66ede39dfde66339640878453afc00cd1a55c60bca7,60.16544,24.95398,0000000038d83d41,27.28
22327,2019-08-04T12:41:48Z,571934189bf349efb6f596e76c21612cf9b82ed44913090169936048,60.17065,24.93641,000000000f4919c9,17.4
22328,2019-08-04T12:41:48Z,571e65d939060a58396de22fc44d8842fc9de986824670ad765ec596,60.16762,24.95415,000000006b44cce7,12.69
22329,2019-08-04T12:41:48Z,57bb8beeec6904b9a5cfe83c4ff9a80e63157780137f03de2a4152d3,60.16762,24.95415,000000006b44cce7,6.46
22330,2019-08-04T12:41:48Z,57eef16af260870a831bd4f88018555730ec7dd21a538e3575825479,60.16829,24.94214,00000000afef4555,21.87
22331,2019-08-04T12:41:48Z,57f88614f91a133004ac1a6dea31a4090f899646a5f62ece691d87af,60.16762,24.95415,000000006b44cce7,7.05
22332,2019-08-04T12:41:48Z,58122bffe92a82d8b8a6fb46e406f2d86c32db26eca7557ec6943fa5,60.14947,24.91438,000000004ef3150d,9.92
22333,2019-08-04T12:41:48Z,58411163d307bb308f9c94a9720e9ce5ab0ce4f5617cd2b1fcc2037a,60.16762,24.95415,000000006b44cce7,11.7
22334,2019-08-04T12:41:48Z,584cb0b0cdd14e608c8b57c8aecc9826f9b40027e365e2438a444ea2,60.16762,24.95415,000000006b44cce7,18.79
22335,2019-08-04T12:41:48Z,58f62cc5b6685d28ab6c1ae5e0e01a4c70179fce47a03e45d4ef8476,60.14951,24.92138,0000000006dd41f6,21.87
22336,2019-08-04T12:41:48Z,5966e39260804b1e804f63b354a53470a1f621ac8e68afdd522a565f,60.17002,24.94407,000000006b087f40,18.79
22337,2019-08-04T12:41:48Z,59b01cbdec8ff06fa6d50bac00c3f5f4c45132fc8a62800c08df5d6a,60.16629,24.95957,00000000fb7600be,12.69
22338,2019-08-04T12:41:48Z,5bb54a365362fc3a1d1e4b4421c7b020c45f3274d1393340a1f89eb5,60.16762,24.95415,000000006b44cce7,11.7
22339,2019-08-04T12:41:48Z,5bbb03fd7db8dd6ddb6cf3e308c02476b0b549e3a4b28867cd8a89b3,60.14947,24.91438,000000004ef3150d,17.4
22340,2019-08-04T12:41:48Z,5bc8610f198c0ab38e4e89fd7f4828d032ca2a6ef97c2a17c79e296f,60.14699,24.922,00000000a53ed894,20.28
22341,2019-08-04T12:41:48Z,5bf59468120b0262b74eebaba2a7ee8274f3c8165ddcf6f38eae92a8,60.16829,24.94214,00000000afef4555,18.79
22342,2019-08-04T12:41:48Z,5c160268bc9b4b619181ce421d9e58c258e6b59a342945fc29f0004b,60.14947,24.91438,000000004ef3150d,5.41
22343,2019-08-04T12:41:48Z,5c46671175475bc574d3a64fe85e1ce7792c14d29f1e79a39da24fa0,60.149,24.9843,00000000fffb8cf0,31.5
22344,2019-08-04T12:41:48Z,5cd5117066c75a1cb83d3896a7eba3f3472e133f0013ea7d4e95daaa,60.14699,24.922,00000000a53ed894,8.38
22345,2019-08-04T12:41:48Z,5d70086d53447ee393249cef33c7bae814c1d7c2e3055fc91b38786c,60.17919,24.95181,000000007b5207b6,11.7
22346,2019-08-04T12:41:48Z,5e7916ca910b02abf2d19906759663c23db63950a353fa546f55c8af,60.14699,24.922,00000000a53ed894,7.69
22347,2019-08-04T12:41:48Z,5ea49ba4de68e03664ec3a87f5de32434d7136b4f8323f022ff9df5b,60.16829,24.94214,00000000afef4555,12.69
22348,2019-08-04T12:41:48Z,5ee175437c5a15756f66cae8cf9172e291d462123de1bd59ae7a103b,60.16897,24.95222,00000000aa852af1,4.5
22349,2019-08-04T12:41:48Z,604a02f00cf5d2e059c26ee48a07cd30e608c4b00f17f447c028da58,60.16762,24.95415,000000006b44cce7,13.75
22350,2019-08-04T12:41:48Z,60d7fd34e511ad1565b92db2fbb5ef2908f7a273acceda524945e86e,60.16075,24.95883,00000000f1124bca,21.87
22351,2019-08-04T12:41:48Z,60d9b71ec38b796bf876dedfaf3112b49ff79677480c7603902857ae,60.14947,24.91438,000000004ef3150d,17.4
22352,2019-08-04T12:41:48Z,614ab7fba7255f6bf6f888e9a04d589962f756b3f427e658f10014f2,60.16075,24.95883,00000000f1124bca,11.7
22353,2019-08-04T12:41:48Z,626afba1adb8348abfb0f9bc6e2c3d7f544e32d0696422b8d7466579,60.17002,24.94407,000000006b087f40,25.36
22354,2019-08-04T12:41:48Z,62916b0c2a8ebabb938b5e97cb14eb89b2b32936d3fad04025ad5854,60.17002,24.94407,000000006b087f40,3.74
22355,2019-08-04T12:41:48Z,62a6fe2d9b3b5b4533c51253f8842428bd797b3c6a95a7816ec472ed,60.14947,24.91438,000000004ef3150d,9.12
22356,2019-08-04T12:41:48Z,63a87f20dbfd068c086129312c165b6e9b1da2ea6c999be1dd1b8391,60.16762,24.95415,000000006b44cce7,14.89
22357,2019-08-04T12:41:48Z,63defb71d4c3856253a0a2d67a5c370b91ad0527703b334a63fe5344,60.14947,24.91438,000000004ef3150d,14.89
22358,2019-08-04T12:41:48Z,641e8defb97171d160f062c4bc3e9d06346f10d5246e6aeac935e1a9,60.16897,24.95222,00000000aa852af1,17.4
22359,2019-08-04T12:41:48Z,64394b1287e19738900f57d5c7483e02866e40bc8241fc6f6fbecbcb,60.16762,24.95415,000000006b44cce7,13.75
22360,2019-08-04T12:41:48Z,643ef3f01a51bea3c4510d4060a945cd510e5189236d68f5c9489034,60.16829,24.94214,00000000afef4555,2.8
22361,2019-08-04T12:41:48Z,64638a9f9e6c9b32fc4b484b55e4934fcab6cb04605cc76d5f5534b7,60.17065,24.93641,000000000f4919c9,8.38
22362,2019-08-04T12:41:48Z,64e34af775b57908b23056a31d60ef3b005941f2e7c3db0c49df675d,60.17065,24.93641,000000000f4919c9,4.11
22363,2019-08-04T12:41:48Z,6503762f2cac51cc2b74da1efa6b16583ed11c9a528d7716b7829c0b,60.16829,24.94214,00000000afef4555,16.1
22364,2019-08-04T12:41:48Z,6516a10850095847a8156717b0fba05a9bdc9b5bfedd691ddb07f119,60.14699,24.922,00000000a53ed894,9.92
22365,2019-08-04T12:41:48Z,651f9b318df5377987b240a35093e4a3fb2db0e83b4b5e012f9f7178,60.16897,24.95222,00000000aa852af1,20.28
22366,2019-08-04T12:41:48Z,6525cc634176c25187e68e0d067bcfecfd78e399e93db4ee9d408b7e,60.17919,24.95181,000000007b5207b6,21.87
22367,2019-08-04T12:41:48Z,655204cb507ea9ae811105cdcd766161facaa9f729017a333f102391,60.149,24.9843,00000000fffb8cf0,7.69
22368,2019-08-04T12:41:48Z,65de3b8621fadfc61e9d3657dc477ea9867f9d093f80cf0857dcad88,60.16762,24.95415,000000006b44cce7,10.78
22369,2019-08-04T12:41:48Z,67591d427f60ba3c369ac0d78088fca7be33081501508d16401dd6cb,60.16762,24.95415,000000006b44cce7,3.09
22370,2019-08-04T12:41:48Z,675eacdf32b5b831fd118fc5539eea4b3cef4bd11e2e1706a9571222,60.16829,24.94214,00000000afef4555,10.78
22371,2019-08-04T12:41:48Z,6774ed72eaf69d7c4aaeeef90990f969954155bbcc52652e75e7deef,60.16829,24.94214,00000000afef4555,8.38
22372,2019-08-04T12:41:48Z,677c53ae4056d6cb123ca576ba5284664b1c7e3e88818bd19b5dd99a,60.17919,24.95181,000000007b5207b6,12.69
22373,2019-08-04T12:41:48Z,6875e3632a29207e29ded33617e66d55de5d8c7804fecedd6f1dfe12,60.14699,24.922,00000000a53ed894,9.12
22374,2019-08-04T12:41:48Z,69375ef968867906fc11b34d1e2c4b436d452cd47cb577a7f9e566ef,60.16762,24.95415,000000006b44cce7,4.94
22375,2019-08-04T12:41:48Z,6981f80baeddf7459b67845f82744390c976c013f3a4883a53556fc7,60.16762,24.95415,000000006b44cce7,14.89
22376,2019-08-04T12:41:48Z,698b200b63a644828a7314691a16af2af1bccef75d52abb5591a5542,60.14699,24.922,00000000a53ed894,6.46
22377,2019-08-04T12:41:48Z,69f1de5049f5731749defe893b8ae9ada4f5f788a994b8f7413ef657,60.17002,24.94407,000000006b087f40,21.87
22378,2019-08-04T12:41:48Z,6b6668d7ebecfb96a6ed3ca19e97f8da150943ddf1d034675d08a9b8,60.14699,24.922,00000000a53ed894,9.92
22379,2019-08-04T12:41:48Z,6b97071051ccf5db7e5ebee033d4f68d58ed6917ff2fac5b205a6605,60.17065,24.93641,000000000f4919c9,20.28
22380,2019-08-04T12:41:48Z,6c7e018abdf8462af7c7b003bc30f915184f7082e9e865a2c502eed5,60.14699,24.922,00000000a53ed894,14.89
22381,2019-08-04T12:41:48Z,6f3dd17e40daabb4efe868f1b859dc00ecc01846f0a0e2b8db5d1413,60.17919,24.95181,000000007b5207b6,13.75
22382,2019-08-04T12:41:48Z,6f8d7717df843a7b0be6b0dd55e933ebbd9819bd96c48f210e193e4e,60.16829,24.94214,00000000afef4555,20.28
22383,2019-08-04T12:41:48Z,6fdf4cfc3a0774e204869ab43ef69c6306cc40c0fd8bbb0f8b505e3a,60.16829,24.94214,00000000afef4555,16.1
22384,2019-08-04T12:41:48Z,6fdfc33c6b609ea80b4a38ecf657bc68b7bf659752b51edcc22ffb54,60.16762,24.95415,000000006b44cce7,12.69
22385,2019-08-04T12:41:48Z,6ff93560ca77c6e5a25bc7441cf33cf7fa0138b3da4d99b2dbf5531b,60.14947,24.91438,000000004ef3150d,7.69
22386,2019-08-04T12:41:48Z,71479e7c1c4fd96468f16800ff04484480c76e0953d2074500b0df31,60.17919,24.95181,000000007b5207b6,14.89
22387,2019-08-04T12:41:48Z,733f21ebebe353e10a55a74b40a0a480e6d276334d4f3d8bcf85b711,60.16075,24.95883,00000000f1124bca,27.28
22388,2019-08-04T12:41:48Z,745e52dafbfa395ea41c5fcd0c2717b9091e44d19ab89e03991fdbb7,60.16762,24.95415,000000006b44cce7,8.38
22389,2019-08-04T12:41:48Z,74cb545f76f0bfc5498607247e26e814276a11ce91f77208054ecbc5,60.17002,24.94407,000000006b087f40,21.87
22390,2019-08-04T12:41:48Z,759f94c852ff15ca91c3138913c3858c4801702f8f0514ae82fb2a19,60.16897,24.95222,00000000aa852af1,13.75
22391,2019-08-04T12:41:48Z,7664b7f08aaa059ecf6646a595c33fae0c80715febe63e31f45a4662,60.16762,24.95415,000000006b44cce7,3.74
22392,2019-08-04T12:41:48Z,773cde2fe905572767422dd8f7b13c6579d615ef03314b665c7bf40f,60.16762,24.95415,000000006b44cce7,12.69
22393,2019-08-04T12:41:48Z,777cceac7be6303a1c82f7cc68061528b01e3aa1b3aa6481cad9e5e3,60.16075,24.95883,00000000f1124bca,10.78
22394,2019-08-04T12:41:48Z,77a12194b9a6789f4b2b8c07ae7fce3c2b531cb221e5fa7ca5deae55,60.16897,24.95222,00000000aa852af1,7.05
22395,2019-08-04T12:41:48Z,77e7445ef8f6f58f29ebb276d03269cc8819cc91620a14861959f8ab,60.16762,24.95415,000000006b44cce7,16.1
22396,2019-08-04T12:41:48Z,79bde23c1a8980f93a65e14306f0d8ea89e164430d8b991e2bfee82e,60.16531,24.9442,00000000fdda10fe,14.89
22397,2019-08-04T12:41:48Z,7a0c0b525f2d3eed6c873bd3b8d27bede551fe4a428ac15c23deadae,60.16075,24.95883,00000000f1124bca,23.56
22398,2019-08-04T12:41:48Z,7a4a06d20ebe57d94e5fceeaf47d5b56ad9a515818e9c20e21a80e61,60.16629,24.95957,00000000fb7600be,16.1
22399,2019-08-04T12:41:48Z,7ab335e046f7f3597f8f615a90857885e35cfecefebd5d24bbf0af90,60.16075,24.95883,00000000f1124bca,12.69
22400,2019-08-04T12:41:48Z,7ad93fed82e41ea4422fa101badc698b0328c3ebf0f6b73c5164d438,60.16897,24.95222,00000000aa852af1,7.69
22401,2019-08-04T12:41:48Z,7af6672e274ebe27cdb785373a857fc5bcad92a386c36dbe3221d4f4,60.14947,24.91438,000000004ef3150d,5.91
22402,2019-08-04T12:41:48Z,7b61dc50070867948abbe5275032ae82e7643ca4158a809fe41a8b69,60.14699,24.922,00000000a53ed894,3.4
22403,2019-08-04T12:41:48Z,7bb67bcf014747e5d826f95c610d36492f31095552417a0864475491,60.14951,24.92138,0000000006dd41f6,12.69
22404,2019-08-04T12:41:48Z,7be762f58d54665c5e6668eb2fb3eae7201522ddff196bbc5eb731f0,60.14947,24.91438,000000004ef3150d,9.92
22405,2019-08-04T12:41:48Z,7c9213d7d9786431a8781a665fa1b7091507aa244d28b85d07a1399a,60.17065,24.93641,000000000f4919c9,33.81
22406,2019-08-04T12:41:48Z,7d9a3d84c09c3a8d6876389e216e0278048d6b924890fb275a078ffb,60.16531,24.9442,00000000fdda10fe,0.59
22407,2019-08-04T12:41:48Z,7e31a4896ab0ff539440898dfabd8305df79869bff52da941016d1cc,60.1538,24.95595,0000000038bf9618,29.32
22408,2019-08-04T12:41:48Z,7ee87b87cf01698f643e1ba3117b245039edc811605df5dc802e7576,60.14947,24.91438,000000004ef3150d,16.1
22409,2019-08-04T12:41:48Z,7f2f97e26d55f653ed70260ea4f893d01a3984cbdf6d7a3bfb2641de,60.16829,24.94214,00000000afef4555,9.92
22410,2019-08-04T12:41:48Z,7f3c9dd2c7352cb81fb186a7d700841d2bcb47cd8ea0d5f8719b5908,60.16762,24.95415,000000006b44cce7,7.05
22411,2019-08-04T12:41:48Z,7f786ec8e06f1ca3bdd10fc60d0114baf354125b8f6cf796d197f4cc,60.16075,24.95883,00000000f1124bca,4.94
22412,2019-08-04T12:41:48Z,80cc39b04598f971820e63498fd27ae72a12a45a60c220fe625b282a,60.14699,24.922,00000000a53ed894,9.12
22413,2019-08-04T12:41:48Z,81fed8075f6ecb598d4ddc816663fc3693278a971ccec3048ef1ef51,60.17002,24.94407,000000006b087f40,25.36
22414,2019-08-04T12:41:48Z,82411c6526228322a61f59259f13adf7cde62bd767587b6735867705,60.17919,24.95181,000000007b5207b6,7.69
22415,2019-08-04T12:41:48Z,848fe01e24ccc782e5968171f53ea31d28f20a455c45d8bac8fb7374,60.173,24.92524,0000000096918cfa,12.69
22416,2019-08-04T12:41:48Z,849a662d95d4185421aff7c6213ba5d7b84cfc58c9fb30ff34054e4c,60.16075,24.95883,00000000f1124bca,12.69
22417,2019-08-04T12:41:48Z,859b417d0b562f5c4ab33c3877c95cd7cbb332db91dcd0f4e7a4f3b6,60.14699,24.922,00000000a53ed894,9.12
22418,2019-08-04T12:41:48Z,85d66944a64cfde859e7e08ca4b79f3b39d5b03141d500fe7ce73f7e,60.14699,24.922,00000000a53ed894,7.69
22419,2019-08-04T12:41:48Z,8632e9e1f944677a1776c00e3293dd15d0ba7b1444c1125bfb2cda54,60.16829,24.94214,00000000afef4555,21.87
22420,2019-08-04T12:41:48Z,87cbb5265cd1cc3213ddb5ed9ed2a599ddb7db0b0747121d649b0ae3,60.16544,24.95398,0000000038d83d41,27.28
22421,2019-08-04T12:41:48Z,8822ffe19dec49fe874ac377de5a0504e931e342ecc1f5b1fcb939e5,60.16897,24.95222,00000000aa852af1,21.87
22422,2019-08-04T12:41:48Z,885bcc6af7d0aa9718fe1030e32ffff1de5171ae5ef67cf0011874fb,60.14947,24.91438,000000004ef3150d,4.11
22423,2019-08-04T12:41:48Z,8947a5209f3b32173d3dc72792039edf94a2711741ab041b62b30643,60.16762,24.95415,000000006b44cce7,3.09
22424,2019-08-04T12:41:48Z,896f7e896dc6f1ea44b82bf968a988cc10c358ee34821d9d7a4bd07a,60.14947,24.91438,000000004ef3150d,7.05
22425,2019-08-04T12:41:48Z,8a08b2de43a9ef03cf96610718c908e69dcacc59f536a7135b7bb542,60.16629,24.95957,00000000fb7600be,10.78
22426,2019-08-04T12:41:48Z,8a9eedc7cf775ab4e9ad2e20bdcbcbe1635808b418eedcdcceda7834,60.16762,24.95415,000000006b44cce7,25.36
22427,2019-08-04T12:41:48Z,8acb351d2b6acbd61099205c5c497b7507c1a4da115c4b8fcaa8c930,60.16762,24.95415,000000006b44cce7,9.92
22428,2019-08-04T12:41:48Z,8b48271e47fa7c27112ce8b7b4ea01ba9ba027c11a94e21a073990b3,60.173,24.92524,0000000096918cfa,25.36
22429,2019-08-04T12:41:48Z,8b641985c793a3f25a45b2460cb01f5baa6f339c6dd26ba7752d8a7a,60.16897,24.95222,00000000aa852af1,7.05
22430,2019-08-04T12:41:48Z,8ba6cfc17ca70e8304994e018ebd5eb2003177062cde05925d5cacb3,60.173,24.92524,0000000096918cfa,7.05
22431,2019-08-04T12:41:48Z,8bbf5422247a0a6be314130d8fd9ae1814401b75acf3b3ce2da9620c,60.14699,24.922,00000000a53ed894,4.5
22432,2019-08-04T12:41:48Z,8d73f674010f5cb02e8f20251ed86a9afcb7f6b3926039470296bd00,60.17065,24.93641,000000000f4919c9,16.1
22433,2019-08-04T12:41:48Z,8d8a869e83fe2ac29e791666634a33af3ea4048ea4e752b6fb1e238c,60.14947,24.91438,000000004ef3150d,4.11
22434,2019-08-04T12:41:48Z,8dcf139eb279bcc2696420ba9da858e361600ff02cd29587f66660ec,60.16897,24.95222,00000000aa852af1,18.79
22435,2019-08-04T12:41:48Z,8de3d516b6cffb3335f9ebec3f6068b693db224f56eae6a50d7c6320,60.16531,24.9442,00000000fdda10fe,27.28
22436,2019-08-04T12:41:48Z,8edd2176e127f8d3baff43afa20a9869b1e3a4f6df8a0930b52064d1,60.14699,24.922,00000000a53ed894,23.56
22437,2019-08-04T12:41:48Z,920dc90f60b295267f63efc8f968408087b71878dc3f49f0ded1c41e,60.17919,24.95181,000000007b5207b6,17.4
22438,2019-08-04T12:41:48Z,926717d61529080dfc4c7f8cdcdc82c6490d2a5129474524b8c40ea4,60.16829,24.94214,00000000afef4555,18.79
22439,2019-08-04T12:41:48Z,93a2100e233b204243f7e69b68dea7c9a145d1b5384bd18359bf87a3,60.16531,24.9442,00000000fdda10fe,1.88
22440,2019-08-04T12:41:48Z,93e409819362e2429a43710ff4330bd3ed83011b73ae438dd7fb62d8,60.16762,24.95415,000000006b44cce7,5.91
22441,2019-08-04T12:41:48Z,9407dd7db91ac0bdc9380c6470dd0bf619755ee7296b772123ebfaf0,60.16544,24.95398,0000000038d83d41,31.5
22442,2019-08-04T12:41:48Z,94237bc673d78a307ecc9da6df18d0b37e632b8cd6709f81081f000a,60.17002,24.94407,000000006b087f40,12.69
22443,2019-08-04T12:41:48Z,9575ef1c44f26f0301d726029c8b1c28011a4724496943451bee6544,60.14947,24.91438,000000004ef3150d,10.78
22444,2019-08-04T12:41:48Z,958ab5fd2d2c7f0c3fe6dc14fe27005fcf35b013db75f708c22a3619,60.16762,24.95415,000000006b44cce7,13.75
22445,2019-08-04T12:41:48Z,9604244c18efd5978b809f021651f7743e0e64da38fcf3718f9b4f93,60.14699,24.922,00000000a53ed894,5.41
22446,2019-08-04T12:41:48Z,97264f5808fa13851dacabf0c98525eec29849ff4b6a744cc777fd5b,60.16075,24.95883,00000000f1124bca,9.92
22447,2019-08-04T12:41:48Z,9736a8a29aee134a307e0cd4221e9b0a2ab7c48befee43fc62e9f9bd,60.14699,24.922,00000000a53ed894,9.12
22448,2019-08-04T12:41:48Z,9862cafd709b75d07c83b397773e0cf33564666cb81814bdbf5e54f2,60.16897,24.95222,00000000aa852af1,16.1
22449,2019-08-04T12:41:48Z,9868033d7f0d18f01d12a4034f37bf5d6e51e5ed9124c68d4b8b8e6c,60.14947,24.91438,000000004ef3150d,4.94
22450,2019-08-04T12:41:48Z,987d01417bcff2d7f663704309df2ebdcdb035da3ddb085fab0cf928,60.16829,24.94214,00000000afef4555,9.92
22451,2019-08-04T12:41:48Z,9885627881a266e5cf401516e009049e859d738e2e019be570f4b4d8,60.16448,24.97323,0000000053c6c2be,17.4
22452,2019-08-04T12:41:48Z,98bb3b6f5e2403b14b8e01616c07b03bb1fd153ded656033d7bd3533,60.16075,24.95883,00000000f1124bca,4.5
22453,2019-08-04T12:41:48Z,99753600aa90a43c336153dd03985a2996b7bc6052086f503020518c,60.14699,24.922,00000000a53ed894,11.7
22454,2019-08-04T12:41:48Z,9a9db814dfa74ca2c2d51496299715310e81c6e6525cc9d2cb0762eb,60.16897,24.95222,00000000aa852af1,21.87
22455,2019-08-04T12:41:48Z,9ac4c3176875b59567d28bf01df0c9490620902ff082fd0b93d15cb4,60.18203,24.91341,00000000342570c2,25.36
22456,2019-08-04T12:41:48Z,9acffb3f8b8720e2de83c8cfd41915d268d5eca34e0bd280eed3e6f4,60.16897,24.95222,00000000aa852af1,5.91
22457,2019-08-04T12:41:48Z,9b03b610755f4cec2e9d83a9763204e758a075614b125210bc914df5,60.16075,24.95883,00000000f1124bca,14.89
22458,2019-08-04T12:41:48Z,9bad872c31c8c5e53f064b5367350b41271d45ca8a9e508136622800,60.16897,24.95222,00000000aa852af1,6.46
22459,2019-08-04T12:41:48Z,9bf4a5d763fa921335be6c141a0c9fd769fcb2f4c5b40b85a1c99c71,60.14699,24.922,00000000a53ed894,17.4
22460,2019-08-04T12:41:48Z,9c65108fa1e4c7a8b7ec88de2204e7e33756d7988c733db64ea57fda,60.149,24.9843,00000000fffb8cf0,44.58
22461,2019-08-04T12:41:48Z,9e3d4a4b1acd94d2896cd7cf56419110f06ea96faae37aadebd4ec77,60.14947,24.91438,000000004ef3150d,8.38
22462,2019-08-04T12:41:48Z,9ff13c715073d5ad9c464cb67b6de3f703435cf389c32cce5626dfe1,60.149,24.9843,00000000fffb8cf0,20.28
22463,2019-08-04T12:41:48Z,a1b52cda133b45cf931b9e31d4037fb841f80432e99d6a000beeadc8,60.17002,24.94407,000000006b087f40,29.32
22464,2019-08-04T12:41:48Z,a22736c5d66f417bc6b745f51492549dc2e5a3c766f5e7e23f183b41,60.14947,24.91438,000000004ef3150d,7.69
22465,2019-08-04T12:41:48Z,a2e771418a36fc43aa9719d034aa9e3a7a751c5123e4bd33cc2aeea7,60.16531,24.9442,00000000fdda10fe,21.87
22466,2019-08-04T12:41:48Z,a38a21a97a054541f0423f03758c70227116c05254958373e3e93ad0,60.14947,24.91438,000000004ef3150d,10.78
22467,2019-08-04T12:41:48Z,a3d228482bfdd3dbdfaee1ff72b6ac00c2ee8c05e949047ce9117783,60.14699,24.922,00000000a53ed894,3.74
22468,2019-08-04T12:41:48Z,a41e158d772eaf06a23fe6c476419f78fae156bf286c7e56e79cea64,60.14699,24.922,00000000a53ed894,20.28
22469,2019-08-04T12:41:48Z,a47f8d59e11da7fa47e0cbe518b593e023018f122d5710ffbb775c0f,60.16829,24.94214,00000000afef4555,20.28
22470,2019-08-04T12:41:48Z,a4f416ec0941bb365e3665d7fd224fad15d74225e8ce9f6dd6368bc7,60.17065,24.93641,000000000f4919c9,20.28
22471,2019-08-04T12:41:48Z,a6484386e3b96e03bba2e837ed3ccbed2e2adb2e7b945583013cb0f2,60.1538,24.95595,0000000038bf9618,29.32
22472,2019-08-04T12:41:48Z,a6f944078dd26796f5a849ccb6fdf8a4436f913cf3302597c846462d,60.16762,24.95415,000000006b44cce7,9.12
22473,2019-08-04T12:41:48Z,a7472d1b63171c047444981df223670390009e3ea502132d9963e9fb,60.14947,24.91438,000000004ef3150d,7.05
22474,2019-08-04T12:41:48Z,a76d219c3abcc4ec3a54dd834263f9a24972c71be4c7bbbfc663f22f,60.14699,24.922,00000000a53ed894,8.38
22475,2019-08-04T12:41:48Z,a794d97e26d3678bb11b4364880414bb7bfac4bb49d1867b37b489f7,60.14947,24.91438,000000004ef3150d,9.12
22476,2019-08-04T12:41:48Z,a7cce3f9a15a6ef0eb226d7d512132b28b0f60f3ee1ac61caae74b67,60.16448,24.97323,0000000053c6c2be,18.79
22477,2019-08-04T12:41:48Z,a8bd45406d5913e098652d4c2d836339758e08d21bf5d88becabdd36,60.14947,24.91438,000000004ef3150d,10.78
22478,2019-08-04T12:41:48Z,a8df2631c2442628608c1f0352c896eb532a6ca08c85de2c77360aa8,60.14947,24.91438,000000004ef3150d,7.69
22479,2019-08-04T12:41:48Z,a9383e1c3d9b3355965662ff18ad95dfb64daa5d8e71fc20e7e50df7,60.14699,24.922,00000000a53ed894,6.46
22480,2019-08-04T12:41:48Z,a9dfc9065260957b1eb8dc3b11b793f73f7940fa5cb61acb16a260e2,60.16897,24.95222,00000000aa852af1,12.69
22481,2019-08-04T12:41:48Z,aa076c3f0d09145aebbb750dde9849ba4eb6759e92ba5753280184d6,60.16762,24.95415,000000006b44cce7,10.78
22482,2019-08-04T12:41:48Z,aa5773b59ce2bf1eee53e4e77cd3c261465d2ea538c9a85b8de30cd8,60.14947,24.91438,000000004ef3150d,7.69
22483,2019-08-04T12:41:48Z,aa6d51fc5411b69567cb854360c4a81267eac19446946eb27618306a,60.14699,24.922,00000000a53ed894,9.12
22484,2019-08-04T12:41:48Z,ac36860ddd2d60f33c730b2ecc540578d8edcf2c1e8c55e897d76d93,60.14951,24.92138,0000000006dd41f6,18.79
22485,2019-08-04T12:41:48Z,ac93ac0788af8e1b0f20fada4f15ca1ad31f4084b133482d8211571d,60.14699,24.922,00000000a53ed894,18.79
22486,2019-08-04T12:41:48Z,ad8af809ed47a3391bb53d11da159b3a8b0ddc264d94c049ce72bda0,60.17065,24.93641,000000000f4919c9,0.34
22487,2019-08-04T12:41:48Z,ae08ba8b9f7ef2a4326d6d7bbf452a87d08f8062feaf20cb7101d414,60.15432,24.9211,0000000019fb59c4,18.79
22488,2019-08-04T12:41:48Z,ae828cc3f1fa739d818186776cff673c88a05d0f3dedfb4a765a54fd,60.16829,24.94214,00000000afef4555,25.36
22489,2019-08-04T12:41:48Z,ae87b8dd8920695bc9e599874667205991c04e30666d8523f0be4350,60.14947,24.91438,000000004ef3150d,5.41
22490,2019-08-04T12:41:48Z,aec4b11f0b1ec075878ca4a3b94da464f6fc96e330b913d5bfd346b0,60.16897,24.95222,00000000aa852af1,8.38
22491,2019-08-04T12:41:48Z,af2076810e26511562c652d7bb56794c120526dbd4919212167cc3ed,60.16897,24.95222,00000000aa852af1,23.56
22492,2019-08-04T12:41:48Z,b12b27061f30d5659794f14cbed5e4726c5af1ef526611d3b2dded29,60.14947,24.91438,000000004ef3150d,7.05
22493,2019-08-04T12:41:48Z,b286a5ad73d5284539b414851f27f57c421773f33f9fc564c7200c36,60.16762,24.95415,000000006b44cce7,17.4
22494,2019-08-04T12:41:48Z,b3d99c04e3db6b698e6e54f19434461336954d0c15385bff6e557be8,60.173,24.92524,0000000096918cfa,23.56
22495,2019-08-04T12:41:48Z,b3e9da5a37ed8ed450753cb7443e607ed1de2af685bad5be61b3e91c,60.16075,24.95883,00000000f1124bca,13.75
22496,2019-08-04T12:41:48Z,b523d3f8341906e4b3877ff7d9614b4e10d6bbf10afdcc6c53656c8f,60.17065,24.93641,000000000f4919c9,31.5
22497,2019-08-04T12:41:48Z,b670feb17d43bf7c9bfc6b8236bd8f240defd4d2f9c402ce52a406a4,60.16897,24.95222,00000000aa852af1,12.69
22498,2019-08-04T12:41:48Z,b81e80c4efa2f6bf7a24861abfd0f0fb5672f1512dc7545a1d387f7f,60.16762,24.95415,000000006b44cce7,18.79
22499,2019-08-04T12:41:48Z,b8201571cb5ac01b7db7af4fba6c7ff58336a3f03d0fe13edf985c41,60.173,24.92524,0000000096918cfa,10.78
22500,2019-08-04T12:41:48Z,b82ba472f0cb919b39c31b9c737f1608f6a31ffa63352768f9fa12ea,60.16829,24.94214,00000000afef4555,5.41
22501,2019-08-04T12:41:48Z,b9c0ac0bb7310d92c296a8870603ebd12c0c632cfc2a1fa33092b337,60.16762,24.95415,000000006b44cce7,14.89
22502,2019-08-04T12:41:48Z,ba9825bb3cfae6aeb29833f0a11189802065c73f8e541b2bcb5b572f,60.14699,24.922,00000000a53ed894,25.36
22503,2019-08-04T12:41:48Z,bb0193f2b0ac4801fe82ed5cec75e687465d707d92e731047f81650f,60.1538,24.95595,0000000038bf9618,3.74
22504,2019-08-04T12:41:48Z,bbe7947ea50de5986f237ccab5782ddb55c199ad6a81e8f692670d0c,60.16829,24.94214,00000000afef4555,6.46
22505,2019-08-04T12:41:48Z,bbeaad18acdd3a2602aa5b07ab6ae8df489cb499c4490b3e6f561a5e,60.16544,24.95398,0000000038d83d41,23.56
22506,2019-08-04T12:41:48Z,bc07df8cc395f6f4f5d483b2233caca5f93a6918f346e4cc3702f8cc,60.16531,24.9442,00000000fdda10fe,11.7
22507,2019-08-04T12:41:48Z,bc478512e217b12ec7e01e1ce8247d394a57fb0c0cc72940f562adc2,60.17065,24.93641,000000000f4919c9,29.32
22508,2019-08-04T12:41:48Z,bd055b33f37a0f4211ef88e2ac4d20e5a0620250bc6133d5ccbda839,60.14699,24.922,00000000a53ed894,18.79
22509,2019-08-04T12:41:48Z,bd4ec71179e7755567e37eb54b845b317af028a4effe45dcaeae19bc,60.14699,24.922,00000000a53ed894,17.4
22510,2019-08-04T12:41:48Z,bddca8fc17056f9f207a259070e281eedf4cea3e8e22093b88bbd7b5,60.14699,24.922,00000000a53ed894,9.92
22511,2019-08-04T12:41:48Z,bebf1edb9736fe66391376c4cf2a3033ab9fa83ae21f86b66392e2d0,60.16762,24.95415,000000006b44cce7,11.7
22512,2019-08-04T12:41:48Z,bf2e5725b255e320f1e8375ec03f55194f1fd9f751be9629d873a5c8,60.14699,24.922,00000000a53ed894,2.3
22513,2019-08-04T12:41:48Z,bf7b5b4e75942592c7b9ce61d2191afc196d5b162bcff93bc53ea1d7,60.17002,24.94407,000000006b087f40,27.28
22514,2019-08-04T12:41:48Z,bf992d3cd95a73f02d7223eaffe90a94e3e1e98a8c6759bab631b5b0,60.14947,24.91438,000000004ef3150d,18.79
22515,2019-08-04T12:41:48Z,c0722f63618f97eb8ec4afac1a8538b81a3c87e623d753ad1201bf7c,60.16075,24.95883,00000000f1124bca,4.11
22516,2019-08-04T12:41:48Z,c0a0ca3433586ed2ae0e448f2406fabac7292ac79d49562e0bd5cef8,60.16762,24.95415,000000006b44cce7,13.75
22517,2019-08-04T12:41:48Z,c1e4323d2276cb6e358f5fabb123294e7a0ef87e7169f3cccc8f2e03,60.16075,24.95883,00000000f1124bca,21.87
22518,2019-08-04T12:41:48Z,c22d0093a8d103f59838ad43218fa834e328847e5094bcb2e98d5307,60.16829,24.94214,00000000afef4555,6.46
22519,2019-08-04T12:41:48Z,c261834e6d2c1bd9adddb82d8c6ce2d8aad82a89e32da62f3fcc6063,60.16075,24.95883,00000000f1124bca,4.5
22520,2019-08-04T12:41:48Z,c36d58ed0e0dddb3e26be1214e369db1c3fa3d4bcf8b53536a25239b,60.17065,24.93641,000000000f4919c9,5.41
22521,2019-08-04T12:41:48Z,c3b2521faf0f7ae79434e40e86c59699d399444b775c7619f6e73e36,60.16075,24.95883,00000000f1124bca,29.32
22522,2019-08-04T12:41:48Z,c3be6dcc2c0542676c20d28ce38adbe2c0b9be09caa3f22e60210636,60.16075,24.95883,00000000f1124bca,7.69
22523,2019-08-04T12:41:48Z,c493415e869d6e6304841784a120f994272b83557256b43e44e4f3e0,60.14699,24.922,00000000a53ed894,9.12
22524,2019-08-04T12:41:48Z,c633a260ce59bad4e1ca42f12936ed8ae57a40f5e6528dfb70052c43,60.16897,24.95222,00000000aa852af1,8.38
22525,2019-08-04T12:41:48Z,c728eaa7734efeabe7f33c782081caa960fcced68160e285ee477916,60.14699,24.922,00000000a53ed894,20.28
22526,2019-08-04T12:41:48Z,c7416c039513e3156222d936c483164a0914a3b5a5310985374f4767,60.17065,24.93641,000000000f4919c9,23.56
22527,2019-08-04T12:41:48Z,c7951807c3dfab7d09841dfc9c9b2a4fc0bcf4f43e44a9ac61b85c91,60.17002,24.94407,000000006b087f40,29.32
22528,2019-08-04T12:41:48Z,c905a50dedd9b3d2114cde9160b7adf83adc09683b65598ce24c4047,60.1538,24.95595,0000000038bf9618,29.32
22529,2019-08-04T12:41:48Z,c9822d9c012b25f745a2934c523f3c9e6db75fbe3f5e673475813381,60.15432,24.9211,0000000019fb59c4,4.94
22530,2019-08-04T12:41:48Z,cbc336691f17a9c508549e03d522166247a0cd0a944321c1a7d15525,60.14699,24.922,00000000a53ed894,7.05
22531,2019-08-04T12:41:48Z,cc2cf42c6b14536fb92c810ff0e3dd5a3caa74236f14246a5b6e8cdc,60.16762,24.95415,000000006b44cce7,5.91
22532,2019-08-04T12:41:48Z,cce6b6f309e43e2bb1be6a9784582a82891e976d0869d01040586d27,60.14947,24.91438,000000004ef3150d,5.91
22533,2019-08-04T12:41:48Z,cd9b2be9ffb37c8b7c5c25f587c95b1c7932a21fb245487ea2f740d9,60.14699,24.922,00000000a53ed894,9.12
22534,2019-08-04T12:41:48Z,ce6a8017f454ee88825097762b1bdb8e5ba78fff9cd3e49bc2ee2400,60.14699,24.922,00000000a53ed894,23.56
22535,2019-08-04T12:41:48Z,ceb777dafa9b7e39125b89735b7f0cf22c3018eb0196043ac8160370,60.14699,24.922,00000000a53ed894,29.32
22536,2019-08-04T12:41:48Z,cef1d06a10cfa08bcaef8b36535c2ec32c756a76cc0d5c2a1246f933,60.14699,24.922,00000000a53ed894,7.05
22537,2019-08-04T12:41:48Z,cfa42322be0000cf89d8969d1b88ace0ba99cab721dd58d55d41a36e,60.17065,24.93641,000000000f4919c9,14.89
22538,2019-08-04T12:41:48Z,d0413da80c7714f40ffe50dcfb00039280c64ecebc61c59df72965e6,60.149,24.9843,00000000fffb8cf0,29.32
22539,2019-08-04T12:41:48Z,d098b9b5b30c5fcd4ae8a2b8bc761df72829713d3ae919634876d349,60.14699,24.922,00000000a53ed894,7.69
22540,2019-08-04T12:41:48Z,d0aa228c2a3e6e1568e876cffc76874702e0f0f63f18533551bf02c1,60.16075,24.95883,00000000f1124bca,27.28
22541,2019-08-04T12:41:48Z,d0cab2a2660dcc5cb99a9bdf39d2e6b31b7498985db1b50e48cb478d,60.18203,24.91341,00000000342570c2,9.92
22542,2019-08-04T12:41:48Z,d1494ea9019ebe27ab1e0e4d26f4f307c19720a0d8851bc848d80cab,60.1538,24.95595,0000000038bf9618,23.56
22543,2019-08-04T12:41:48Z,d150c7aba4e7419f0ddd187392a9c2a429f44fa82535fb594c48ff55,60.16897,24.95222,00000000aa852af1,8.38
22544,2019-08-04T12:41:48Z,d388a2c86cc65945e59a07273222ff57fc3585d4756b5c498dd443ac,60.16897,24.95222,00000000aa852af1,20.28
22545,2019-08-04T12:41:48Z,d5690433f1f0d0855704a06520cd197dac8c6c1293aa376af6854128,60.16897,24.95222,00000000aa852af1,23.56
22546,2019-08-04T12:41:48Z,d83dd9c0a861e25c7f5ddcd393756626def7c7f82a9f3fc35e1665a9,60.14947,24.91438,000000004ef3150d,5.41
22547,2019-08-04T12:41:48Z,d87210146aab139cc6640a20b428dce6ac516806a71a177b70e04f62,60.17065,24.93641,000000000f4919c9,12.69
22548,2019-08-04T12:41:48Z,d8e7e8b511d1123d1389cf08abbfa54b2b38e1824598b88008356c33,60.16897,24.95222,00000000aa852af1,17.4
22549,2019-08-04T12:41:48Z,da0c40291d3ace2273a08e3c9b87cbc15b0f03d0dba61e7c5a88dc0c,60.15432,24.9211,0000000019fb59c4,18.79
22550,2019-08-04T12:41:48Z,da667dfa2d8a272a7398e186de027fabd2052052c0aad767a1c7d966,60.16897,24.95222,00000000aa852af1,11.7
22551,2019-08-04T12:41:48Z,daac051ca20430238282e179e0fe525b11ff1e8f1ace26d45b41f331,60.14947,24.91438,000000004ef3150d,20.28
22552,2019-08-04T12:41:48Z,db9cee77723e2258651606fd447070139d95eb1138f8e56957bff8f1,60.17002,24.94407,000000006b087f40,27.28
22553,2019-08-04T12:41:48Z,dbf9f0495974591badcee3fcfc1b5eb718b26de86aaf486c351ad084,60.14947,24.91438,000000004ef3150d,9.92
22554,2019-08-04T12:41:48Z,dc15145376f4a497910c8d2231d671bf62f1918ad93938a48fdc3eb4,60.149,24.9843,00000000fffb8cf0,27.28
22555,2019-08-04T12:41:48Z,dc1c4323de4d895200d2ce734baf64170970bdef349e6206fe57bb15,60.16829,24.94214,00000000afef4555,14.89
22556,2019-08-04T12:41:48Z,dc439ef81c2abfb840e3ab145f2b944aae18a1beffd3eb47de845b9c,60.16531,24.9442,00000000fdda10fe,29.32
22557,2019-08-04T12:41:48Z,ddc8410b9e4ece4b995b789f95e526693bac176ed77092ba57355dc8,60.16762,24.95415,000000006b44cce7,2.08
22558,2019-08-04T12:41:48Z,de09fd8d15c3d7adbf440a3d0a418a3b476513c968bda8a4aa652adf,60.173,24.92524,0000000096918cfa,20.28
22559,2019-08-04T12:41:48Z,de0d086ae32f87522eab31d3bc52545ed17b065889674963c0709568,60.16829,24.94214,00000000afef4555,8.38
22560,2019-08-04T12:41:48Z,de3fe5f63e74a582e06c8cb02e6128d6013827015ba3e2fe93082977,60.17002,24.94407,000000006b087f40,21.87
22561,2019-08-04T12:41:48Z,e02c0f9f72e9f248a4b5df8af328e1a0132d4d8a72c1e603d14cdacd,60.18203,24.91341,00000000342570c2,20.28
22562,2019-08-04T12:41:48Z,e0df847c19b463dec6cea35494d375ce136a276c6a785936c931f60f,60.18203,24.91341,00000000342570c2,21.87
22563,2019-08-04T12:41:48Z,e0e938d5ab6fe3b13270163cd8a4e531dfae4b24ff98ab7e4277114c,60.14947,24.91438,000000004ef3150d,7.69
22564,2019-08-04T12:41:48Z,e0ff1e75104c5dfa3549647c238569888e353e1322256a5c6979de0b,60.14699,24.922,00000000a53ed894,5.91
22565,2019-08-04T12:41:48Z,e1a443e10353da64728464e8a720aaf22a62b80d404f1acae1a1c6ee,60.1538,24.95595,0000000038bf9618,21.87
22566,2019-08-04T12:41:48Z,e23a6115ba872037f9b5066c9c9c966b497f449e32a2c9ceb0e55497,60.16829,24.94214,00000000afef4555,7.69
22567,2019-08-04T12:41:48Z,e2d7945f2c60a0d0622aef6a266620cf09df2e3a66baf2d303464c90,60.1538,24.95595,0000000038bf9618,38.87
22568,2019-08-04T12:41:48Z,e341e5e3e0b4fef8c3764508293310da5922b202d791694e43069ad1,60.16544,24.95398,0000000038d83d41,12.69
22569,2019-08-04T12:41:48Z,e34bcebfa007159f3d2adb0e62e20fcf721a221f52bdfe2a6ad77831,60.18203,24.91341,00000000342570c2,14.89
22570,2019-08-04T12:41:48Z,e35717ff07f32be5a2e1520f1855533f8dcc72cff7930c9cba9da32b,60.14947,24.91438,000000004ef3150d,13.75
22571,2019-08-04T12:41:48Z,e40a26f3f7468f4ac2302b45f1ed9aab7fea245ccf81d0c08072c881,60.16829,24.94214,00000000afef4555,4.94
22572,2019-08-04T12:41:48Z,e447e76c7b53157c11d5bfeb172c27332c81b5ec7f263badf5507888,60.149,24.9843,00000000fffb8cf0,9.92
22573,2019-08-04T12:41:48Z,e7cd5f775c7eea951719f351fcc25c710f857832d6f4b70a51b7b82d,60.16897,24.95222,00000000aa852af1,14.89
22574,2019-08-04T12:41:48Z,e826dedac8582e619ce18cd7eed68be5ee1fc9ed37e191e06f916835,60.14947,24.91438,000000004ef3150d,5.91
22575,2019-08-04T12:41:48Z,e84c3cf76509496cedd71bb89c4a6c35a27c96f037412cf2cdf25308,60.14699,24.922,00000000a53ed894,17.4
22576,2019-08-04T12:41:48Z,e9115410fa45db5a174eee008cae729dc69937a0e0b5a304899bf1b9,60.17065,24.93641,000000000f4919c9,29.32
22577,2019-08-04T12:41:48Z,e92eb020afcd7c1fad04690230ff8c2f005e404dd25b8dced1df30dd,60.16075,24.95883,00000000f1124bca,5.91
22578,2019-08-04T12:41:48Z,e9e19621fc5cfcfed2c808bbadc6cc6dd31e28d3c04cef8b89ca2729,60.16075,24.95883,00000000f1124bca,18.79
22579,2019-08-04T12:41:48Z,ea157e44ed100be3f782d8b3d8e5e0986079c588c9ea754b14917df0,60.16829,24.94214,00000000afef4555,0.5
22580,2019-08-04T12:41:48Z,ea2f4d9799324f4cd2a6fcda1625b65acdbab9f6b8331c26f63beec2,60.16897,24.95222,00000000aa852af1,23.56
22581,2019-08-04T12:41:48Z,eac6fda3a18aa9ce55b6359f5c62a044e0bcd6bc3576c8cd815acf07,60.14699,24.922,00000000a53ed894,17.4
22582,2019-08-04T12:41:48Z,ec096f9d9f6ac607dcfcecf3327071d33a6ed3fdedd3cc796ba91fdc,60.16897,24.95222,00000000aa852af1,14.89
22583,2019-08-04T12:41:48Z,ec424a10bcefb6e69c2eabf42534f06e7a10aa0cfb28f6478052cade,60.14699,24.922,00000000a53ed894,11.7
22584,2019-08-04T12:41:48Z,ed70712277756192c688e0f4d7620cdb33803ab3e0cc7c180c3efd23,60.15432,24.9211,0000000019fb59c4,25.36
22585,2019-08-04T12:41:48Z,eed1c3b93e33ab3a4802db427c8c197c0fbad358e039b6ea8c8af07b,60.18203,24.91341,00000000342570c2,16.1
22586,2019-08-04T12:41:48Z,eff99f303ba37ed36542008434b2d20e50155593bb9fc7bc1dcc4bf3,60.16075,24.95883,00000000f1124bca,9.92
22587,2019-08-04T12:41:48Z,f04b198f2f3331022f4a89ef2c2d12283e9c1c03a6c64a1dcb6e76cc,60.173,24.92524,0000000096918cfa,29.32
22588,2019-08-04T12:41:48Z,f062cb52d49926a4fb39f723275ed60ab6c0f3bf34e0c3f9d233b7b8,60.14947,24.91438,000000004ef3150d,13.75
22589,2019-08-04T12:41:48Z,f15b72a3aad411d2f8a70b41c4f62ad2d744d064d42ec00c71a18ac5,60.16762,24.95415,000000006b44cce7,4.11
22590,2019-08-04T12:41:48Z,f1eb1b22a5e01064a1829b325d256218c68bc9134f03a3f09f3e2566,60.16829,24.94214,00000000afef4555,7.69
22591,2019-08-04T12:41:48Z,f20f951802c722181f0e90095001c49e73f84049bb105b95c97049d1,60.17918,24.95141,00000000675d5200,21.87
22592,2019-08-04T12:41:48Z,f2deba4ef84dbbc8c5d8524f6e2311183003bce4f9bfa6aef5b5ef66,60.14947,24.91438,000000004ef3150d,5.41
22593,2019-08-04T12:41:48Z,f2e063c8c25a8bec0dd6ec3924a5f59fd9694078f2f3fd5b3ea96f29,60.16762,24.95415,000000006b44cce7,13.75
22594,2019-08-04T12:41:48Z,f39827c3c7f4c833d1118043492f78e3255b6da9f4a2c000041d9b61,60.16829,24.94214,00000000afef4555,1.12
22595,2019-08-04T12:41:48Z,f5f7cfe177dfb0b7ebba2419ae53f70b6b5690dd98d98586004a9107,60.149,24.9843,00000000fffb8cf0,23.56
22596,2019-08-04T12:41:48Z,f7217b8e84186a60f5c42e18db84534eaee8151a4ac1e45255c1195a,60.14699,24.922,00000000a53ed894,25.36
22597,2019-08-04T12:41:48Z,f7777ac6285e2f6b6aa546b03f294d81e169b8236268cfed232c9679,60.16897,24.95222,00000000aa852af1,21.87
22598,2019-08-04T12:41:48Z,f7f0caf73572bea3c08b592eeb9655b2668cfb16fd8840ca5619d84a,60.14699,24.922,00000000a53ed894,5.91
22599,2019-08-04T12:41:48Z,f81439a39740937c6cba523d5ebca87b52d69ff29fb449cf42ade4d6,60.14699,24.922,00000000a53ed894,10.78
22600,2019-08-04T12:41:48Z,f868d87b5d5a7094b60a131cd3e120c25787ebf751f7c93640b34942,60.16897,24.95222,00000000aa852af1,8.38
22601,2019-08-04T12:41:48Z,f86f1df2f5c201403e3bc7c157ec0bffa00950b97863a85d6ac2fdb3,60.17065,24.93641,000000000f4919c9,25.36
22602,2019-08-04T12:41:48Z,f97bd6b766461dd4066a8fde3d7dfed9d1027ff23973200a005458cd,60.17002,24.94407,000000006b087f40,23.56
22603,2019-08-04T12:41:48Z,f9a7057352731d27889cbd388be5902a6e62b297a3467232e8e47094,60.16762,24.95415,000000006b44cce7,14.89
22604,2019-08-04T12:41:48Z,fa96854324adae88abb35afa34b2393a20338bfd8fc9602d3ce6ae8d,60.14947,24.91438,000000004ef3150d,3.09
22605,2019-08-04T12:41:48Z,fadc39da3cd26ac621092fbbff224b95bb13446c8d24bbf4f3e50e90,60.14947,24.91438,000000004ef3150d,4.94
22606,2019-08-04T12:41:48Z,fca3daa86786d92fe75c43051a906ab67c8b95c774a1227b3c45ce10,60.18203,24.91341,00000000342570c2,18.79
22607,2019-08-04T12:41:48Z,fd77161cf9715d9d0f922cf45e79e5d9b9debef5113cb32a4f82ef76,60.16762,24.95415,000000006b44cce7,11.7
22608,2019-08-04T12:41:48Z,fe5ca86c906b1cb3bf9dd257ceefc562e41da499878f1074484f7d42,60.14947,24.91438,000000004ef3150d,14.89
22609,2019-08-04T12:41:48Z,feb399897846bc34dc3f4b06ac4ef0ffb0db885977b88e5c5fdb7350,60.14699,24.922,00000000a53ed894,12.69
22610,2019-08-04T12:41:48Z,ff8280896145ae17e594c52eac2cdbab47d3757d797878fbc4298596,60.1538,24.95595,0000000038bf9618,21.87
22611,2019-08-04T12:41:49Z,07d86ad98399440d0cc3bd3382a7256feb971e49a3686dc17f532e1c,60.16829,24.94214,00000000afef4555,17.4
22612,2019-08-04T12:41:49Z,112c36ba789fa57e2b19c9bff8bfe0b3eba19a431c3af4656c4cee5b,60.16531,24.9442,00000000fdda10fe,33.81
22613,2019-08-04T12:41:49Z,1142f5b6806b1ec7d8d47d47013eb530d8a7418f6934d8867b20966a,60.16829,24.94214,00000000afef4555,20.28
22614,2019-08-04T12:41:49Z,14c7e1511b70f4dd3359cbece1377aebb4d70531f5489eefe53d7c3c,60.16544,24.95398,0000000038d83d41,27.28
22615,2019-08-04T12:41:49Z,1599d2c9070a6f05e1a5887c2d9209214c04818c6203fe75440734f2,60.1538,24.95595,0000000038bf9618,31.5
22616,2019-08-04T12:41:49Z,165ebbb4090d47319ae370f0d0854fdc1f6b79499f8b2e4d3c3533c0,60.16544,24.95398,0000000038d83d41,29.32
22617,2019-08-04T12:41:49Z,211f6b7b044343d0be369791b3fa3c144d0d0f391e2a42787712efb0,60.16448,24.97323,0000000053c6c2be,13.75
22618,2019-08-04T12:41:49Z,21d09757012e8f7297d1de922f681bcc36581a3d7be770b42b3780a0,60.15432,24.9211,0000000019fb59c4,9.12
22619,2019-08-04T12:41:49Z,2350e9b04a733edca530466fd60d704e4de146d81df0066a1767556b,60.149,24.9843,00000000fffb8cf0,21.87
22620,2019-08-04T12:41:49Z,25a7ff811c3c06e426c7c2cbb0433d9a2a3399b23afecbd35584ab0f,60.18203,24.91341,00000000342570c2,12.69
22621,2019-08-04T12:41:49Z,2603b5aecd8f219a410e558446935308ecabb09a6c9e5b38533728ff,60.16829,24.94214,00000000afef4555,12.69
22622,2019-08-04T12:41:49Z,2d3d031189abfaea69cd551a97b2b2d056a908f19bc56701010a2304,60.16897,24.95222,00000000aa852af1,17.4
22623,2019-08-04T12:41:49Z,315af4a829b592ba99b203b8ed2cbd499769f8752dfe6de7da4ee929,60.16829,24.94214,00000000afef4555,20.28
22624,2019-08-04T12:41:49Z,35568b1e0d67c5d7b6b15bb08540a1aafe24817a9bc06673b97e85c9,60.14947,24.91438,000000004ef3150d,13.75
22625,2019-08-04T12:41:49Z,4317f5904a5e6ae921bf743dd534c803083fd90b15a1245881beeade,60.16897,24.95222,00000000aa852af1,20.28
22626,2019-08-04T12:41:49Z,43b676ed3aef4c2d8846694817e76117873be52e7f788e0cb366c1c4,60.16629,24.95957,00000000fb7600be,27.28
22627,2019-08-04T12:41:49Z,44d0b94469070803869f229601e877beb613c3f5aafa009addf97a1a,60.16544,24.95398,0000000038d83d41,16.1
22628,2019-08-04T12:41:49Z,4656bad9b5e6dfc3977eca308fc1db3dbf8b0204b90d09b001da242e,60.1638,24.96846,00000000d747f075,29.32
22629,2019-08-04T12:41:49Z,4a1efc9faf9548fe0ed72037d54a131265a72e61fdfc2009a4e9408a,60.16075,24.95883,00000000f1124bca,18.79
22630,2019-08-04T12:41:49Z,5bbb5184fded3e51bc78e45e39917794285e6bbc72da404802a9599a,60.16531,24.9442,00000000fdda10fe,25.36
22631,2019-08-04T12:41:49Z,5d65719c4cbf045f068d084b72302f447d5fd034413d97d13be00d0e,60.18203,24.91341,00000000342570c2,17.4
22632,2019-08-04T12:41:49Z,69219e9efa41ae9e732653e9eaf08e1a34cb853a9dafe76ddeea4d04,60.16897,24.95222,00000000aa852af1,14.89
22633,2019-08-04T12:41:49Z,6a70e2fbced719333e21eff04fcb9cb36bae9a04d1a3d6ddd96f2c58,60.15432,24.9211,0000000019fb59c4,5.41
22634,2019-08-04T12:41:49Z,6c8861f56a280e7752e10439271a2498527c69b0796f58de4afc6008,60.16075,24.95883,00000000f1124bca,12.69
22635,2019-08-04T12:41:49Z,6f06341f358e61699fe1e55e986dd0554bc8da28b91daf0c5ad99db6,60.16629,24.95957,00000000fb7600be,21.87
22636,2019-08-04T12:41:49Z,70d8572458a1a103555bab897b6443e601e0ed211414b15ad0b56f60,60.16544,24.95398,0000000038d83d41,23.56
22637,2019-08-04T12:41:49Z,737efc92e3419e9d96a8559ec341ea7e18ba6381fd8e4de3d06f82a0,60.14699,24.922,00000000a53ed894,21.87
22638,2019-08-04T12:41:49Z,747f2d1ebff218c0ebbdc0fdaef4cbe56633dfb46ae1b1f8c8142201,60.16762,24.95415,000000006b44cce7,17.4
22639,2019-08-04T12:41:49Z,7678cdb86d454ca9ae52f22d97e635106585a3a046d01da4463695cc,60.18203,24.91341,00000000342570c2,29.32
22640,2019-08-04T12:41:49Z,85ef35aecf2ff804be3d958b592705ec41c6df9c128c132c65bb283d,60.16897,24.95222,00000000aa852af1,20.28
22641,2019-08-04T12:41:49Z,87dfaad29a9276ddddb1fa021d3bc23ad14824c1af16f7d87e713689,60.14951,24.92138,0000000006dd41f6,21.87
22642,2019-08-04T12:41:49Z,88808fe92573e9cdf022cc15b9689b6b4b9429f60513c8897b0ba4c7,60.16897,24.95222,00000000aa852af1,20.28
22643,2019-08-04T12:41:49Z,89982a6acf91b79a282a6b63978e946ee205f303fcd20e944e06baf0,60.16544,24.95398,0000000038d83d41,29.32
22644,2019-08-04T12:41:49Z,8c75c3289c84fe4493e1e272a77b615fe1985880c5dc68a7c1a17b53,60.16762,24.95415,000000006b44cce7,14.89
22645,2019-08-04T12:41:49Z,9843c6216661048343a0e49cf3d8aa2883cf77f452666a1c873a1052,60.16448,24.97323,0000000053c6c2be,13.75
22646,2019-08-04T12:41:49Z,9ea176cc50b4b7b627807bec1e3dfc22223c1ea35af2995dd823eab7,60.14947,24.91438,000000004ef3150d,10.78
22647,2019-08-04T12:41:49Z,9fc0711d7e7722eff7faa0cb6f17846680c06515c1eb93dd49ebcf25,60.14699,24.922,00000000a53ed894,14.89
22648,2019-08-04T12:41:49Z,a6098be5b3296a394e998a69f3bcb81591e627ba68ee6df36c111623,60.16829,24.94214,00000000afef4555,31.5
22649,2019-08-04T12:41:49Z,a91d379a4b57c5df22db0d7a041ff69f657b4b31f28554b1011fc03c,60.16544,24.95398,0000000038d83d41,29.32
22650,2019-08-04T12:41:49Z,af807b67ce09a2ce1744025c421961213f1608ca658ece4df69555a1,60.16762,24.95415,000000006b44cce7,14.89
22651,2019-08-04T12:41:49Z,b6768ae226a93bce23852414e20866c7413513d067579c03ea883dfa,60.17065,24.93641,000000000f4919c9,10.78
22652,2019-08-04T12:41:49Z,bb98768dad0f7c52cf643f035a3e7e48f5cfe28557c66f2a75914b31,60.14699,24.922,00000000a53ed894,12.69
22653,2019-08-04T12:41:49Z,bcb0201b0a1edf350ae2f681076e7d2d48ebd94c075bd3ca59552020,60.16897,24.95222,00000000aa852af1,10.78
22654,2019-08-04T12:41:49Z,bce16addb0ad2b7209298c35b3506869253f4e4a612a4cb45803ddf2,60.16075,24.95883,00000000f1124bca,14.89
22655,2019-08-04T12:41:49Z,be41ebc5fb0d348fc1ef1166d44251c3112a78a4ea01aa980364ee7c,60.14699,24.922,00000000a53ed894,13.75
22656,2019-08-04T12:41:49Z,c175b4269517070a33be84e85a4b8b23c3bb430ff6c31b121ac1603f,60.16762,24.95415,000000006b44cce7,10.78
22657,2019-08-04T12:41:49Z,c40c37def6bf11a63a2556519a7c6233fd417cdeea2cf14f28e7c42c,60.16531,24.9442,00000000fdda10fe,25.36
22658,2019-08-04T12:41:49Z,c97eb4181394121907d47b908495f54e5ee5145ff790f7a1dc21b3cf,60.16897,24.95222,00000000aa852af1,13.75
22659,2019-08-04T12:41:49Z,ca6927628f5ddda20036865c9345ad93d476d62ade3b181de568eed6,60.16897,24.95222,00000000aa852af1,25.36
22660,2019-08-04T12:41:49Z,cf05623e4d87ce0906c0b0b7dbf53aacc1228016cd27c341228b6e76,60.18203,24.91341,00000000342570c2,23.56
22661,2019-08-04T12:41:49Z,cfc0bedb78ded52749db3188cb188bf6a250ef5990da9c5afa9623fc,60.14951,24.92138,0000000006dd41f6,25.36
22662,2019-08-04T12:41:49Z,d0a50f3001c258a38880550f6c0835fcaa85f0a6d36687dc5de98f3b,60.16629,24.95957,00000000fb7600be,20.28
22663,2019-08-04T12:41:49Z,d661caec7a5da6aef734734bbf9090debe494c1afd98050f88f269bd,60.16829,24.94214,00000000afef4555,17.4
22664,2019-08-04T12:41:49Z,dcb7e8bb90af70568c12a902d706c70e1ac1213e31ba074756f0a27a,60.1538,24.95595,0000000038bf9618,33.81
22665,2019-08-04T12:41:49Z,ded49640b591e73bff71f84fb99d2739eb6c9554164a015017725e03,60.16829,24.94214,00000000afef4555,14.89
22666,2019-08-04T12:41:49Z,e8e366e76c97944e23c0f80b4fd3ce6e5832744922297146a49f0c7e,60.16762,24.95415,000000006b44cce7,13.75
22667,2019-08-04T12:41:49Z,e96bd269a48b822b06141c3362fcb6d5ed4d0d09a120f2e4a712d5c2,60.16897,24.95222,00000000aa852af1,13.75
22668,2019-08-04T12:41:49Z,f088630d7476dae7d4b7e2bb1f10575f2c89acb4b6e061f3d57c2b40,60.16531,24.9442,00000000fdda10fe,21.87
22669,2019-08-04T12:41:49Z,f29ea15113ac0eea0be8ec41c633909de4b0b9ab6c7b9898b128080c,60.16897,24.95222,00000000aa852af1,16.1
22670,2019-08-04T12:41:49Z,f405a7c4a3a4339f8e3f7e552f6492d6eed76f7d08c54943286213de,60.16762,24.95415,000000006b44cce7,14.89
22671,2019-08-04T12:41:49Z,f6609ab1076b1105bb845595a03b41b8fbb282f79c337df5bbc9f841,60.14699,24.922,00000000a53ed894,11.7
22672,2019-08-04T12:41:49Z,f94dddacf96965952551200a02b41925bcd21402aceafb12f19931af,60.16075,24.95883,00000000f1124bca,12.69
22673,2019-08-04T12:41:49Z,fc4f3a44235f1cfc7b53f14ba2da599976a5a0a220d23b852688e485,60.17919,24.95181,000000007b5207b6,21.87
22674,2019-08-04T12:41:49Z,009ad4cd2bd97e04da44cc9789e6bdbdb899eded61d05b7d5634b7be,60.16829,24.94214,00000000afef4555,8.38
22675,2019-08-04T12:41:49Z,00a07b1f8113691d8475c54082a14cdd54decf9845a90e75df8031a6,60.17065,24.93641,000000000f4919c9,29.32
22676,2019-08-04T12:41:49Z,00b07030d00cc5582c0f1be7d73fb09e34f4018445ce11d9da8da813,60.16762,24.95415,000000006b44cce7,12.69
22677,2019-08-04T12:41:49Z,00bdb07c0f4f75c71196362c269c9f652c66cf7d3f3c2d89843af063,60.16629,24.95957,00000000fb7600be,21.87
22678,2019-08-04T12:41:49Z,010298d620fbe80ab4f46c866c215217b2bf1fd12a2a67b9e56b4ce8,60.16829,24.94214,00000000afef4555,5.41
22679,2019-08-04T12:41:49Z,02290ce195d0c1a6f6c472f83372d8b189973a36922259ef2b595ec6,60.16829,24.94214,00000000afef4555,27.28
22680,2019-08-04T12:41:49Z,02978cd5cb7127a718d3d775079ab940a3e81885ce6106495cca5ee4,60.1538,24.95595,0000000038bf9618,25.36
22681,2019-08-04T12:41:49Z,032e5d7621738a50c9e742e0cba13c819f7c67cedf8687f3ab25595c,60.16762,24.95415,000000006b44cce7,23.56
22682,2019-08-04T12:41:49Z,036c183505fea646b54aeb0c612913cafba94eca65e47d3c6d840a68,60.17918,24.95141,00000000675d5200,25.36
22683,2019-08-04T12:41:49Z,04b49a34910d12f55243dd5a756c7cc1e506e5d3cdb418cc635e9ad9,60.16762,24.95415,000000006b44cce7,3.74
22684,2019-08-04T12:41:49Z,04b5d29c48edaaf4904a98e412562e3c0d857eb20342cc7c323d4293,60.16762,24.95415,000000006b44cce7,9.12
22685,2019-08-04T12:41:49Z,04f35922a81b516e7028f61c6ff34faf6da85df0a5cfcefb6df1861f,60.149,24.9843,00000000fffb8cf0,21.87
22686,2019-08-04T12:41:49Z,05d441c83d2df822feaf93d7861452db7a201f22d84cfa36f421dfd2,60.16544,24.95398,0000000038d83d41,20.28
22687,2019-08-04T12:41:49Z,073c1eeb0d9e511743bae8d5b87b95a19017f59a1dc3597d8618a908,60.173,24.92524,0000000096918cfa,36.27
22688,2019-08-04T12:41:49Z,076c28c1895ef1919c11113113c12655c546fc90a00800e5ebec5b56,60.14699,24.922,00000000a53ed894,13.75
22689,2019-08-04T12:41:49Z,0851ab74be2e888decf0046825f09ed302f7b2275e72b09b5b713d85,60.16829,24.94214,00000000afef4555,23.56
22690,2019-08-04T12:41:49Z,09e6b7d5a7a9e691d686fb405bc2bfe0c9e5d525b47385d9235575e3,60.16897,24.95222,00000000aa852af1,9.12
22691,2019-08-04T12:41:49Z,0a0acb70a8ef92be52a64d4425e70bb2f7a17d13942c3382c9d68878,60.149,24.9843,00000000fffb8cf0,5.91
22692,2019-08-04T12:41:49Z,0a5ed50daf13dd10744537aa851ac7ab1d34d9797ec6ab6e2402aebb,60.16762,24.95415,000000006b44cce7,14.89
22693,2019-08-04T12:41:49Z,0b0dd9af9d52c68ff71ce266d6707abbb0f56c3c63be0f83f7b5df9b,60.16762,24.95415,000000006b44cce7,11.7
22694,2019-08-04T12:41:49Z,0c905239b8c0e14cba671cf4d4d715d1045a30ee62a6285fb489dbb0,60.16829,24.94214,00000000afef4555,14.89
22695,2019-08-04T12:41:49Z,0d3525b13d674f1645fdbe6d842fe37b2f416889c5472e9dfcc5445c,60.14947,24.91438,000000004ef3150d,5.41
22696,2019-08-04T12:41:49Z,0d8341f0125a5323521549248771d5448e5f788aefe9b989e3b20114,60.16829,24.94214,00000000afef4555,9.12
22697,2019-08-04T12:41:49Z,0ef4d4e0ed1d5a16b616f3722210deaa1f3be532439fb707802f70a2,60.16075,24.95883,00000000f1124bca,9.12
22698,2019-08-04T12:41:49Z,10a99e791e27975dc1c9d73d3163cabacf3bd7bd05a4f7abf6365426,60.14699,24.922,00000000a53ed894,8.38
22699,2019-08-04T12:41:49Z,120a63917cb5ab619bf9a71328f14020736ee84e75d5b37278748def,60.16897,24.95222,00000000aa852af1,11.7
22700,2019-08-04T12:41:49Z,124cce476184e061b136f481014a2abc7208d30e4e520ffd90c85adb,60.17002,24.94407,000000006b087f40,27.28
22701,2019-08-04T12:41:49Z,128df515b075ffc54794d311944f31b9b1c1132d182943a9880e5bc0,60.16544,24.95398,0000000038d83d41,31.5
22702,2019-08-04T12:41:49Z,12fb8b4ee43472fe3f49e3ac6791275a4a7d7beec0e3b87fbae1320e,60.16829,24.94214,00000000afef4555,25.36
22703,2019-08-04T12:41:49Z,13bcedb8c59b26417282929d81844b272c7c5bc295614f531219a8e4,60.14947,24.91438,000000004ef3150d,10.78
22704,2019-08-04T12:41:49Z,1423891c6ee1edc7da83904378a35aef2e5797db95b117651d676934,60.16762,24.95415,000000006b44cce7,9.92
22705,2019-08-04T12:41:49Z,1551f9fdd5a57b17be51babad39f807f04be4d340266c153eb860156,60.15432,24.9211,0000000019fb59c4,16.1
22706,2019-08-04T12:41:49Z,15ee12e5f9be00a79b0cbbc9912f51cbfa3e486624567e1bde938fb6,60.1538,24.95595,0000000038bf9618,18.79
22707,2019-08-04T12:41:49Z,161aa798c2a18e132fb27ecded773218ea4e42eabbd0e5794b1d7017,60.15432,24.9211,0000000019fb59c4,16.1
22708,2019-08-04T12:41:49Z,162fcc3711287e7287479d948f54f820fb95d665191f206f0c428cfc,60.1538,24.95595,0000000038bf9618,25.36
22709,2019-08-04T12:41:49Z,171a752ceacd35c6e27c36e67da80ba960a246c0977f0bdca139a472,60.14699,24.922,00000000a53ed894,14.89
22710,2019-08-04T12:41:49Z,1769031b7f4d75de0541e26427b9ecc92c84b80992e3b36bb8eb799e,60.16829,24.94214,00000000afef4555,4.11
22711,2019-08-04T12:41:49Z,17af6ab252328066d6b13406084507dfa7a7f6db3030872e7f87223d,60.17065,24.93641,000000000f4919c9,18.79
22712,2019-08-04T12:41:49Z,194e6ced97ec114a37fe06d6d73fb687c057d411be476f1ea6f4852e,60.16897,24.95222,00000000aa852af1,17.4
22713,2019-08-04T12:41:49Z,197961cf403efacc6bdb07158a50753109701aba7a6e7cbf8502e1ee,60.14947,24.91438,000000004ef3150d,11.7
22714,2019-08-04T12:41:49Z,1a93dfa31156cee53b4bd527d8b74655a5da812b6933d8a86d871e47,60.14947,24.91438,000000004ef3150d,4.94
22715,2019-08-04T12:41:49Z,1aacd77e1fdbe1544cf1ab29a00642d77ce4a075e388e8a2108aa39b,60.16829,24.94214,00000000afef4555,4.5
22716,2019-08-04T12:41:49Z,1ad0b84716a79851fa8db7a993012f0c8e496d6cba9d028a546285a2,60.16897,24.95222,00000000aa852af1,12.69
22717,2019-08-04T12:41:49Z,1b3fba902b8d1538b508cdc228fd15fdd87f5aecb68e5611b1a4e354,60.16762,24.95415,000000006b44cce7,3.4
22718,2019-08-04T12:41:49Z,1bcef866fafad7c7460a084e0b0d27c087b549f4ae704390708be47e,60.149,24.9843,00000000fffb8cf0,18.79
22719,2019-08-04T12:41:49Z,1c669457535e4635f732c228ec524f9d2c440b0d2132fa1acd93122a,60.16897,24.95222,00000000aa852af1,23.56
22720,2019-08-04T12:41:49Z,1c7ccd5d6570d98e57ef2ebbd716b7504b138f9bb616fbeaa0d1a268,60.14699,24.922,00000000a53ed894,4.94
22721,2019-08-04T12:41:49Z,1d4841b6905c46f3c38f79540bae2a88a4e660692149506c0db9da33,60.15432,24.9211,0000000019fb59c4,13.75
22722,2019-08-04T12:41:49Z,1eed5192896838d1860e8ea14bda43d065b88fc7dc562f54765e85a8,60.16897,24.95222,00000000aa852af1,16.1
22723,2019-08-04T12:41:49Z,203a0c145a43c9a18f8c2a5ba4e18882e7430662bb4ac0e56ab37578,60.17065,24.93641,000000000f4919c9,12.69
22724,2019-08-04T12:41:49Z,208944c5811f446561788c5415738cbe52bdacb371f415236042698c,60.16897,24.95222,00000000aa852af1,12.69
22725,2019-08-04T12:41:49Z,21bdc11bb63fb48c9d4b5308540ee5df579c9a385001a10fceeeedf3,60.14699,24.922,00000000a53ed894,6.46
22726,2019-08-04T12:41:49Z,21eed3ade733687b8f56fade8290819b7c6b4a9f38468979fe692c3e,60.16762,24.95415,000000006b44cce7,5.91
22727,2019-08-04T12:41:49Z,2204ba387d2db0e7d2ca03f7ace46abff8d141668b73c75a1879d7ba,60.14947,24.91438,000000004ef3150d,18.79
22728,2019-08-04T12:41:49Z,231026899a6d5b326cb5b1e38b182ca1acb77c7e27bc2378973b29db,60.16629,24.95957,00000000fb7600be,21.87
22729,2019-08-04T12:41:49Z,23337c2812924a07e4f0bbc92e56d1f85ea40208b6b987f4afc686cf,60.16897,24.95222,00000000aa852af1,7.69
22730,2019-08-04T12:41:49Z,244b51aa4a7059ba782925258111c295aa4de9596025c55ccd5580ac,60.16829,24.94214,00000000afef4555,18.79
22731,2019-08-04T12:41:49Z,257206d3f59df5c426a9c735f4741cba6d792de1cbafe62289d383d7,60.16897,24.95222,00000000aa852af1,20.28
22732,2019-08-04T12:41:49Z,2607d1b2fc6e31a80348fffbed68a7d3a8e0212f197f2d1c573c587b,60.14947,24.91438,000000004ef3150d,3.74
22733,2019-08-04T12:41:49Z,267b66cc2e81a226d253a8f3228a4b45e1fabb634bba60fd0cc21a8d,60.14699,24.922,00000000a53ed894,21.87
22734,2019-08-04T12:41:49Z,269124e75b1e74a7c7dc93b778e02f04d0a53e069a90081c0938ee4c,60.14699,24.922,00000000a53ed894,14.89
22735,2019-08-04T12:41:49Z,2838eddb482a9bc77b0b867352020e2cbfb71e85aaa1d61307e85f3d,60.14947,24.91438,000000004ef3150d,13.75
22736,2019-08-04T12:41:49Z,28b43564f7156b67db7cb7b779e948986d7610f921490f9030379704,60.16897,24.95222,00000000aa852af1,6.46
22737,2019-08-04T12:41:49Z,28d2c3282e9f8fec67baec7992dcd800c45b67071e33cb118905a6b3,60.16829,24.94214,00000000afef4555,13.75
22738,2019-08-04T12:41:49Z,2969cdb120f2d285c556abfe5bac2f8090571f61aba227a474a534d2,60.17065,24.93641,000000000f4919c9,20.28
22739,2019-08-04T12:41:49Z,29a1ee6c0907a00ec6b6dcbb187f5c31d1a11b261aabd339210ee013,60.16897,24.95222,00000000aa852af1,13.75
22740,2019-08-04T12:41:49Z,2a47bdc66249162a9588347a6cbe7895fe798bb25c1194cd69fb1e8b,60.14699,24.922,00000000a53ed894,13.75
22741,2019-08-04T12:41:49Z,2a767d6875ef5fa533a2eb311aafaab1d857135cf6da5786d2407a49,60.14699,24.922,00000000a53ed894,13.75
22742,2019-08-04T12:41:49Z,2ee2e108ed9051b1ccf4d3ee89931dfd53170af0b558fa6579b83e8d,60.15432,24.9211,0000000019fb59c4,9.12
22743,2019-08-04T12:41:49Z,303b71b588600720035fd295c72c5a573cc3eb884d1289fc42ae5b2b,60.16897,24.95222,00000000aa852af1,18.79
22744,2019-08-04T12:41:49Z,3165c6ee17d11e4b51e03844fd1234cd64aecc860cd6c162ceb99058,60.16897,24.95222,00000000aa852af1,21.87
22745,2019-08-04T12:41:49Z,32708990f2c831e65f70f2682baf5188fc93348b9a9e78ada8db2bf4,60.14947,24.91438,000000004ef3150d,2.3
22746,2019-08-04T12:41:49Z,33634cb1e3fc5d4a621e8717d203da8533ed27531a70c6cbe3abf3fa,60.16762,24.95415,000000006b44cce7,3.09
22747,2019-08-04T12:41:49Z,33ec502792a84f23fed03cf16e483d153c65e2850a2549f47034726a,60.16762,24.95415,000000006b44cce7,13.75
22748,2019-08-04T12:41:49Z,3405b45677395f577b17b4f3f98f4e4acf64510ac518139bea7227fd,60.16829,24.94214,00000000afef4555,31.5
22749,2019-08-04T12:41:49Z,3459042c03cbb672a039f7f14a6b99b84f839b0598f9e48bf4dd95f5,60.14699,24.922,00000000a53ed894,16.1
22750,2019-08-04T12:41:49Z,348d0f13ec830589831a973041803bc7b6c0f0b5f6e5a84e47f292d3,60.17002,24.94407,000000006b087f40,10.78
22751,2019-08-04T12:41:49Z,349dd839e41cff363cc4b935496e52b93be15233e508aa82987859bd,60.16075,24.95883,00000000f1124bca,16.1
22752,2019-08-04T12:41:49Z,34f282042837e6b8407c31fd6c880bdbb7071c56d76c4b6e5ba78819,60.14947,24.91438,000000004ef3150d,20.28
22753,2019-08-04T12:41:49Z,352427714fc6e8591df6bd227dde05d3b7ba0881742eee4ae750dcc4,60.15432,24.9211,0000000019fb59c4,27.28
22754,2019-08-04T12:41:49Z,358d7986d5bf2a0624fb1412a157b3c7b12f90653457e15a76bbdf50,60.16629,24.95957,00000000fb7600be,9.92
22755,2019-08-04T12:41:49Z,35a958343879c000cfc3f0c01afbc7d54934265828677bf4aefef84f,60.14699,24.922,00000000a53ed894,14.89
22756,2019-08-04T12:41:49Z,35e6e075578d7a51e510bf8904bde33f1d117264eea0917db98d4808,60.16897,24.95222,00000000aa852af1,13.75
22757,2019-08-04T12:41:49Z,36f876050503d244f74f3cbadcef716904eb2b245190d474b0cfa794,60.16762,24.95415,000000006b44cce7,0.59
22758,2019-08-04T12:41:49Z,3721331dbb97151d17938ed835ffc7208eba26fba6100c62870a3a4f,60.14947,24.91438,000000004ef3150d,16.1
22759,2019-08-04T12:41:49Z,37945fa4e7409fab98aa8bde45081f5bd083def0059485274ad552c0,60.17919,24.95181,000000007b5207b6,11.7
22760,2019-08-04T12:41:49Z,37c5fa285cfc1de3c5363b53a2909ca0f43381a381ee6fc132d5ba8f,60.16897,24.95222,00000000aa852af1,20.28
22761,2019-08-04T12:41:49Z,37ddd8a82f13a78fbe5f35fdf0b6d87be93f2d76ea725c2b0b5b0ebf,60.16762,24.95415,000000006b44cce7,20.28
22762,2019-08-04T12:41:49Z,388cc7c522b659745d13c0c707774680483a0c8dc7f1266ab35d91e3,60.16762,24.95415,000000006b44cce7,21.87
22763,2019-08-04T12:41:49Z,39310ebca1ad756aa2bfcb16c912cb7003ef3e7286a1f037603ade61,60.14699,24.922,00000000a53ed894,7.69
22764,2019-08-04T12:41:49Z,393a579e1c8efb19861f555f12040feeac853f37a2451116693e77aa,60.14699,24.922,00000000a53ed894,17.4
22765,2019-08-04T12:41:49Z,39f03a3a5fd777feee270921a7f51daec12ea679b542b0aaf2e808d7,60.149,24.9843,00000000fffb8cf0,18.79
22766,2019-08-04T12:41:49Z,3a6ce73ea4c03a14fc0d3d099e4698d3c1051a2e8e4bd552d5de394d,60.14947,24.91438,000000004ef3150d,9.92
22767,2019-08-04T12:41:49Z,3b73bf57d223bcb9b930ee8619e6603e52485b221389c64d85614baf,60.16897,24.95222,00000000aa852af1,12.69
22768,2019-08-04T12:41:49Z,3be48824225ca9f2aea5653f6ce21181a76e67a8d4b8361f0cba1f8a,60.14947,24.91438,000000004ef3150d,8.38
22769,2019-08-04T12:41:49Z,3c21ef81eb62764c543cc53a1eb793a317f3443dd4838799b2dbd6ff,60.16629,24.95957,00000000fb7600be,23.56
22770,2019-08-04T12:41:49Z,3cfa9796e4fbf308505fca8b79beef145e09a8da172a768f2fdbb99a,60.16762,24.95415,000000006b44cce7,18.79
22771,2019-08-04T12:41:49Z,3d26e1d1c042133ccb16301bbada637dd3dea1623426336738e0f1c0,60.149,24.9843,00000000fffb8cf0,21.87
22772,2019-08-04T12:41:49Z,3e4965f1ed580ddf80246b1b78cbc55b73c11d67573d9cede2a7ccf7,60.16829,24.94214,00000000afef4555,9.92
22773,2019-08-04T12:41:49Z,3e99999f43f3bd9e105e735eeb92531a4301e7f258c90535acfba9ae,60.16531,24.9442,00000000fdda10fe,21.87
22774,2019-08-04T12:41:49Z,3ec0a34310840b3aa1aa32a3f2bffbe426e91a242dc6eb5c1e86bba7,60.16448,24.97323,0000000053c6c2be,27.28
22775,2019-08-04T12:41:49Z,3ef78c4485a99bfa3d5e1df620f767b22e6c6583cefd990dee77f784,60.16762,24.95415,000000006b44cce7,16.1
22776,2019-08-04T12:41:49Z,3f395809cdaaaa1688c7d1cc770079bbf7ef1349e148bec5c8eacd57,60.16762,24.95415,000000006b44cce7,5.91
22777,2019-08-04T12:41:49Z,3ffe89aa6ab1e57883e21fa8f15969f46a5f487bccb2b993eadb3cfb,60.14699,24.922,00000000a53ed894,9.12
22778,2019-08-04T12:41:49Z,409be16c4d34b9e76ac22ea0e8e282da3e9d169fe77ff5ea52a72883,60.14699,24.922,00000000a53ed894,16.1
22779,2019-08-04T12:41:49Z,427f20895f2d0aec0392fd0be9f66c4cd45200a3d32b5b9d52ea0dc2,60.15432,24.9211,0000000019fb59c4,23.56
22780,2019-08-04T12:41:49Z,429295e322e9f143f79e9a6340e4974858aa9aa2f5ed6e8512dd00cd,60.14699,24.922,00000000a53ed894,13.75
22781,2019-08-04T12:41:49Z,42d4eb6044091814f327d0b01dc9ae701506417af1a8ab7f4161650d,60.14951,24.92138,0000000006dd41f6,10.78
22782,2019-08-04T12:41:49Z,42da4298ed9f522421f17714e024d9b8fe22e7546df3deeb8b139bd3,60.16075,24.95883,00000000f1124bca,13.75
22783,2019-08-04T12:41:49Z,431375be6b9405ef55878f3aa0bb5dd6a35db8ba650a2bce05081c49,60.14947,24.91438,000000004ef3150d,11.7
22784,2019-08-04T12:41:49Z,459ee564ad7aca128b70ae089395378da384eb1ff35cefde7d7f5736,60.16829,24.94214,00000000afef4555,17.4
22785,2019-08-04T12:41:49Z,4602ff9d03f6bf4fbb82976098cc1c73e7a7e754050401c772d1406e,60.14947,24.91438,000000004ef3150d,7.69
22786,2019-08-04T12:41:49Z,467a01a257fbaad22bd4aebafc8f284c9ad3effc429475e57c214e9d,60.14699,24.922,00000000a53ed894,7.69
22787,2019-08-04T12:41:49Z,47bc9ff9097f9ef5f1862e48b4a42f6a9ddd30c4ef2b6eb43291a7a5,60.14699,24.922,00000000a53ed894,10.78
22788,2019-08-04T12:41:49Z,47cde44e4ddbf6c70162fa882eee962e7c3e2a037b650294ec46568f,60.14947,24.91438,000000004ef3150d,7.05
22789,2019-08-04T12:41:49Z,48f665ebb1a71b0d84fc02bd71918c5ab5608328db534639cbd2a255,60.14947,24.91438,000000004ef3150d,3.4
22790,2019-08-04T12:41:49Z,4a1a129202050ebeed57c0765b3c9d72574e077e2f6a1e0c6d2ce943,60.16531,24.9442,00000000fdda10fe,31.5
22791,2019-08-04T12:41:49Z,4b1050cc517631e36206d3528399c0b14748daec8c7d1b5dfa412299,60.15432,24.9211,0000000019fb59c4,3.4
22792,2019-08-04T12:41:49Z,4b2a241d832696fc878ceb269b0fbf4987989a0c3109bd2e8ac08170,60.16897,24.95222,00000000aa852af1,13.75
22793,2019-08-04T12:41:49Z,4b85388cdaec2b4c15b546160ee326d9668a5e5d3c7b08d0c539946e,60.17919,24.95181,000000007b5207b6,5.91
22794,2019-08-04T12:41:49Z,4be50f3eb033f3f46e3069049c8e0a34dc8a2607741c1764369ba4c2,60.16762,24.95415,000000006b44cce7,5.41
22795,2019-08-04T12:41:49Z,4bf75585466f0aafa2ed2956fe4b0f7235b4ba3a0606a52219b3156c,60.14699,24.922,00000000a53ed894,7.69
22796,2019-08-04T12:41:49Z,4cadc8cc23fd84febb6a8383030a34c97b3388a8c9ed7a64cc0f51a6,60.14947,24.91438,000000004ef3150d,7.05
22797,2019-08-04T12:41:49Z,4d4115f2971578ddc2428be944e2954c9e9a5472a818ec1805a022b2,60.149,24.9843,00000000fffb8cf0,8.38
22798,2019-08-04T12:41:49Z,4d7150fb2eb8468dc51f12b2de4a3610a7eb79c7352449ed92531f0e,60.1538,24.95595,0000000038bf9618,36.27
22799,2019-08-04T12:41:49Z,4ebdb6165c5d4892cdc21711313b98b1545bececfb886192c6f0ef22,60.16762,24.95415,000000006b44cce7,8.38
22800,2019-08-04T12:41:49Z,50e21d119f102cee2afe3ac7f1a32032527638769b05aca582d6ecb1,60.16762,24.95415,000000006b44cce7,21.87
22801,2019-08-04T12:41:49Z,514a3981fad6c695ac4940f09374b5d1c2e84d2ca835084ef8707714,60.16075,24.95883,00000000f1124bca,7.05
22802,2019-08-04T12:41:49Z,51b3c7870a399165f0d1d14f7d21688df32b0360f9cc6f3ca61890d8,60.16829,24.94214,00000000afef4555,1.54
22803,2019-08-04T12:41:49Z,52072bd384eaaf4a6958af5510ed039d194dee47f34667bc7bccbe0e,60.14699,24.922,00000000a53ed894,7.69
22804,2019-08-04T12:41:49Z,52939581c6c8dd3407dbf44ea9e90471e4bbadfb7e3740a0ba8324f3,60.14699,24.922,00000000a53ed894,25.36
22805,2019-08-04T12:41:49Z,52f0e69ca7a5cebe604c1f32308dc7f8870d1d85cd4b25ad17f706e9,60.14699,24.922,00000000a53ed894,8.38
22806,2019-08-04T12:41:49Z,53263c2a4d1fc6edb42de24a91c19cc8d0050f1e61b0ddd97cf45bba,60.17002,24.94407,000000006b087f40,18.79
22807,2019-08-04T12:41:49Z,54065d53a62079540c4be1e19eafa5dd581e8ec35da0c31844438e0b,60.149,24.9843,00000000fffb8cf0,12.69
22808,2019-08-04T12:41:49Z,552e7d20be831c5ebfa503ba78ed542d6ece4ecad264308d5dc37a31,60.14699,24.922,00000000a53ed894,9.12
22809,2019-08-04T12:41:49Z,5554305bad43a71cf98d83e92708c7474c1efc189392c1ea94231e9c,60.16531,24.9442,00000000fdda10fe,3.4
22810,2019-08-04T12:41:49Z,56b8eace741e5227a40ea0a64601a737648080c63d6240b0dca632c4,60.16075,24.95883,00000000f1124bca,23.56
22811,2019-08-04T12:41:49Z,570dc61d53aec66ede39dfde66339640878453afc00cd1a55c60bca7,60.16544,24.95398,0000000038d83d41,16.1
22812,2019-08-04T12:41:49Z,571934189bf349efb6f596e76c21612cf9b82ed44913090169936048,60.17065,24.93641,000000000f4919c9,18.79
22813,2019-08-04T12:41:49Z,571e65d939060a58396de22fc44d8842fc9de986824670ad765ec596,60.16762,24.95415,000000006b44cce7,12.69
22814,2019-08-04T12:41:49Z,57bb8beeec6904b9a5cfe83c4ff9a80e63157780137f03de2a4152d3,60.16762,24.95415,000000006b44cce7,5.91
22815,2019-08-04T12:41:49Z,58411163d307bb308f9c94a9720e9ce5ab0ce4f5617cd2b1fcc2037a,60.16762,24.95415,000000006b44cce7,5.41
22816,2019-08-04T12:41:49Z,584cb0b0cdd14e608c8b57c8aecc9826f9b40027e365e2438a444ea2,60.16762,24.95415,000000006b44cce7,11.7
22817,2019-08-04T12:41:49Z,5966e39260804b1e804f63b354a53470a1f621ac8e68afdd522a565f,60.17002,24.94407,000000006b087f40,25.36
22818,2019-08-04T12:41:49Z,59b01cbdec8ff06fa6d50bac00c3f5f4c45132fc8a62800c08df5d6a,60.16629,24.95957,00000000fb7600be,21.87
22819,2019-08-04T12:41:49Z,5b102c62b98f29bd801e4dd0e9ddbc113db3faa38d59990b9ba5e9ec,60.173,24.92524,0000000096918cfa,31.5
22820,2019-08-04T12:41:49Z,5bc858089bff2f1880f1807e91f165ebf9f1b5841445adcdfb988ddf,60.16829,24.94214,00000000afef4555,25.36
22821,2019-08-04T12:41:49Z,5bc8610f198c0ab38e4e89fd7f4828d032ca2a6ef97c2a17c79e296f,60.14699,24.922,00000000a53ed894,27.28
22822,2019-08-04T12:41:49Z,5cd5117066c75a1cb83d3896a7eba3f3472e133f0013ea7d4e95daaa,60.14699,24.922,00000000a53ed894,4.5
22823,2019-08-04T12:41:49Z,5d70086d53447ee393249cef33c7bae814c1d7c2e3055fc91b38786c,60.17919,24.95181,000000007b5207b6,9.92
22824,2019-08-04T12:41:49Z,5ea49ba4de68e03664ec3a87f5de32434d7136b4f8323f022ff9df5b,60.16829,24.94214,00000000afef4555,7.05
22825,2019-08-04T12:41:49Z,5ee175437c5a15756f66cae8cf9172e291d462123de1bd59ae7a103b,60.16897,24.95222,00000000aa852af1,9.92
22826,2019-08-04T12:41:49Z,60d7fd34e511ad1565b92db2fbb5ef2908f7a273acceda524945e86e,60.16075,24.95883,00000000f1124bca,14.89
22827,2019-08-04T12:41:49Z,60d9b71ec38b796bf876dedfaf3112b49ff79677480c7603902857ae,60.14947,24.91438,000000004ef3150d,14.89
22828,2019-08-04T12:41:49Z,614ab7fba7255f6bf6f888e9a04d589962f756b3f427e658f10014f2,60.16075,24.95883,00000000f1124bca,6.46
22829,2019-08-04T12:41:49Z,62916b0c2a8ebabb938b5e97cb14eb89b2b32936d3fad04025ad5854,60.17002,24.94407,000000006b087f40,7.05
22830,2019-08-04T12:41:49Z,62a6fe2d9b3b5b4533c51253f8842428bd797b3c6a95a7816ec472ed,60.14947,24.91438,000000004ef3150d,10.78
22831,2019-08-04T12:41:49Z,63d99db5b2b7360c501446ea5e89feba9bd1c6735a7670039916f2ad,60.1538,24.95595,0000000038bf9618,33.81
22832,2019-08-04T12:41:49Z,63defb71d4c3856253a0a2d67a5c370b91ad0527703b334a63fe5344,60.14947,24.91438,000000004ef3150d,12.69
22833,2019-08-04T12:41:49Z,643ef3f01a51bea3c4510d4060a945cd510e5189236d68f5c9489034,60.16829,24.94214,00000000afef4555,1.88
22834,2019-08-04T12:41:49Z,64638a9f9e6c9b32fc4b484b55e4934fcab6cb04605cc76d5f5534b7,60.17065,24.93641,000000000f4919c9,12.69
22835,2019-08-04T12:41:49Z,64e34af775b57908b23056a31d60ef3b005941f2e7c3db0c49df675d,60.17065,24.93641,000000000f4919c9,4.11
22836,2019-08-04T12:41:49Z,6516a10850095847a8156717b0fba05a9bdc9b5bfedd691ddb07f119,60.14699,24.922,00000000a53ed894,11.7
22837,2019-08-04T12:41:49Z,655204cb507ea9ae811105cdcd766161facaa9f729017a333f102391,60.149,24.9843,00000000fffb8cf0,7.05
22838,2019-08-04T12:41:49Z,65b3adca9ee7adbad7277ff62bf8d0019944180762113925a4e71d95,60.149,24.9843,00000000fffb8cf0,27.28
22839,2019-08-04T12:41:49Z,65de3b8621fadfc61e9d3657dc477ea9867f9d093f80cf0857dcad88,60.16762,24.95415,000000006b44cce7,14.89
22840,2019-08-04T12:41:49Z,66b9cea6cd979b4e9e391e0ef854e2cc38eca6fb9e166811e39edd11,60.16544,24.95398,0000000038d83d41,16.1
22841,2019-08-04T12:41:49Z,6723bebaab92d1a9f8b4318fd4f497a6dec6d7f8e0eafca443925213,60.16075,24.95883,00000000f1124bca,4.5
22842,2019-08-04T12:41:49Z,67591d427f60ba3c369ac0d78088fca7be33081501508d16401dd6cb,60.16762,24.95415,000000006b44cce7,7.05
22843,2019-08-04T12:41:49Z,675eacdf32b5b831fd118fc5539eea4b3cef4bd11e2e1706a9571222,60.16829,24.94214,00000000afef4555,11.7
22844,2019-08-04T12:41:49Z,6774ed72eaf69d7c4aaeeef90990f969954155bbcc52652e75e7deef,60.16829,24.94214,00000000afef4555,5.91
22845,2019-08-04T12:41:49Z,677c53ae4056d6cb123ca576ba5284664b1c7e3e88818bd19b5dd99a,60.17919,24.95181,000000007b5207b6,14.89
22846,2019-08-04T12:41:49Z,6875e3632a29207e29ded33617e66d55de5d8c7804fecedd6f1dfe12,60.14699,24.922,00000000a53ed894,7.05
22847,2019-08-04T12:41:49Z,6981f80baeddf7459b67845f82744390c976c013f3a4883a53556fc7,60.16762,24.95415,000000006b44cce7,16.1
22848,2019-08-04T12:41:49Z,698b200b63a644828a7314691a16af2af1bccef75d52abb5591a5542,60.14699,24.922,00000000a53ed894,7.05
22849,2019-08-04T12:41:49Z,6b97071051ccf5db7e5ebee033d4f68d58ed6917ff2fac5b205a6605,60.17065,24.93641,000000000f4919c9,16.1
22850,2019-08-04T12:41:49Z,6c7e018abdf8462af7c7b003bc30f915184f7082e9e865a2c502eed5,60.14699,24.922,00000000a53ed894,16.1
22851,2019-08-04T12:41:49Z,6d98548087c63c4056b64df44e99e3e4c54715067c35f7d3e0ec6ecd,60.16762,24.95415,000000006b44cce7,10.78
22852,2019-08-04T12:41:49Z,6e02e56515cc7fe0dad26d8d87ec7b37994e59323b1cf31791116f49,60.17002,24.94407,000000006b087f40,44.58
22853,2019-08-04T12:41:49Z,6f3dd17e40daabb4efe868f1b859dc00ecc01846f0a0e2b8db5d1413,60.17919,24.95181,000000007b5207b6,21.87
22854,2019-08-04T12:41:49Z,6f6424bbbaf60613d510509f7f01d817e2161b2043aeda1ad4f4723b,60.14951,24.92138,0000000006dd41f6,20.28
22855,2019-08-04T12:41:49Z,6f8d7717df843a7b0be6b0dd55e933ebbd9819bd96c48f210e193e4e,60.16829,24.94214,00000000afef4555,13.75
22856,2019-08-04T12:41:49Z,6fdfc33c6b609ea80b4a38ecf657bc68b7bf659752b51edcc22ffb54,60.16762,24.95415,000000006b44cce7,7.05
22857,2019-08-04T12:41:49Z,6ff93560ca77c6e5a25bc7441cf33cf7fa0138b3da4d99b2dbf5531b,60.14947,24.91438,000000004ef3150d,9.92
22858,2019-08-04T12:41:49Z,71479e7c1c4fd96468f16800ff04484480c76e0953d2074500b0df31,60.17919,24.95181,000000007b5207b6,17.4
22859,2019-08-04T12:41:49Z,733f21ebebe353e10a55a74b40a0a480e6d276334d4f3d8bcf85b711,60.16075,24.95883,00000000f1124bca,12.69
22860,2019-08-04T12:41:49Z,759f94c852ff15ca91c3138913c3858c4801702f8f0514ae82fb2a19,60.16897,24.95222,00000000aa852af1,11.7
22861,2019-08-04T12:41:49Z,7664b7f08aaa059ecf6646a595c33fae0c80715febe63e31f45a4662,60.16762,24.95415,000000006b44cce7,7.05
22862,2019-08-04T12:41:49Z,773cde2fe905572767422dd8f7b13c6579d615ef03314b665c7bf40f,60.16762,24.95415,000000006b44cce7,5.91
22863,2019-08-04T12:41:49Z,777cceac7be6303a1c82f7cc68061528b01e3aa1b3aa6481cad9e5e3,60.16075,24.95883,00000000f1124bca,7.69
22864,2019-08-04T12:41:49Z,79bde23c1a8980f93a65e14306f0d8ea89e164430d8b991e2bfee82e,60.16531,24.9442,00000000fdda10fe,13.75
22865,2019-08-04T12:41:49Z,79d30a3ef05e3d34450d1c975b3fa9d21b994f078f943db791239b07,60.14699,24.922,00000000a53ed894,11.7
22866,2019-08-04T12:41:49Z,7a0c0b525f2d3eed6c873bd3b8d27bede551fe4a428ac15c23deadae,60.16075,24.95883,00000000f1124bca,23.56
22867,2019-08-04T12:41:49Z,7a4a06d20ebe57d94e5fceeaf47d5b56ad9a515818e9c20e21a80e61,60.16629,24.95957,00000000fb7600be,12.69
22868,2019-08-04T12:41:49Z,7a97375000483176c3b37cc0d1744a950d9b322ce3534208fce0b21d,60.14699,24.922,00000000a53ed894,14.89
22869,2019-08-04T12:41:49Z,7ab335e046f7f3597f8f615a90857885e35cfecefebd5d24bbf0af90,60.16075,24.95883,00000000f1124bca,11.7
22870,2019-08-04T12:41:49Z,7ad93fed82e41ea4422fa101badc698b0328c3ebf0f6b73c5164d438,60.16897,24.95222,00000000aa852af1,20.28
22871,2019-08-04T12:41:49Z,7b61dc50070867948abbe5275032ae82e7643ca4158a809fe41a8b69,60.14699,24.922,00000000a53ed894,4.11
22872,2019-08-04T12:41:49Z,7bb67bcf014747e5d826f95c610d36492f31095552417a0864475491,60.14951,24.92138,0000000006dd41f6,17.4
22873,2019-08-04T12:41:49Z,7be762f58d54665c5e6668eb2fb3eae7201522ddff196bbc5eb731f0,60.14947,24.91438,000000004ef3150d,9.12
22874,2019-08-04T12:41:49Z,7d9a3d84c09c3a8d6876389e216e0278048d6b924890fb275a078ffb,60.16531,24.9442,00000000fdda10fe,0.71
22875,2019-08-04T12:41:49Z,7e76449e59f1e3a1a615b54408115353fbb14d815390d03a73b1a7bb,60.14947,24.91438,000000004ef3150d,11.7
22876,2019-08-04T12:41:49Z,7ee87b87cf01698f643e1ba3117b245039edc811605df5dc802e7576,60.14947,24.91438,000000004ef3150d,11.7
22877,2019-08-04T12:41:49Z,7f2f97e26d55f653ed70260ea4f893d01a3984cbdf6d7a3bfb2641de,60.16829,24.94214,00000000afef4555,8.38
22878,2019-08-04T12:41:49Z,7f3c9dd2c7352cb81fb186a7d700841d2bcb47cd8ea0d5f8719b5908,60.16762,24.95415,000000006b44cce7,7.69
22879,2019-08-04T12:41:49Z,7f786ec8e06f1ca3bdd10fc60d0114baf354125b8f6cf796d197f4cc,60.16075,24.95883,00000000f1124bca,3.4
22880,2019-08-04T12:41:49Z,7fe10e69931c2d658099a314f3fce64865329e12a7b834c375e2d5d2,60.14699,24.922,00000000a53ed894,9.12
22881,2019-08-04T12:41:49Z,80cbcb887f3e351e3bef7c5f53dccc578cc3494feec514aed7015c0d,60.16075,24.95883,00000000f1124bca,4.94
22882,2019-08-04T12:41:49Z,80cc39b04598f971820e63498fd27ae72a12a45a60c220fe625b282a,60.14699,24.922,00000000a53ed894,8.38
22883,2019-08-04T12:41:49Z,82411c6526228322a61f59259f13adf7cde62bd767587b6735867705,60.17919,24.95181,000000007b5207b6,7.05
22884,2019-08-04T12:41:49Z,83121a75723643c48e3c3b0a3ea5fccb532046432ca445833e8de06a,60.16762,24.95415,000000006b44cce7,4.5
22885,2019-08-04T12:41:49Z,848fe01e24ccc782e5968171f53ea31d28f20a455c45d8bac8fb7374,60.173,24.92524,0000000096918cfa,9.92
22886,2019-08-04T12:41:49Z,8499290ca844477035cb04c821386788d09243bf12e2337d45411ac1,60.17002,24.94407,000000006b087f40,14.89
22887,2019-08-04T12:41:49Z,849a662d95d4185421aff7c6213ba5d7b84cfc58c9fb30ff34054e4c,60.16075,24.95883,00000000f1124bca,7.05
22888,2019-08-04T12:41:49Z,85d66944a64cfde859e7e08ca4b79f3b39d5b03141d500fe7ce73f7e,60.14699,24.922,00000000a53ed894,14.89
22889,2019-08-04T12:41:49Z,868cd7608ed6beb209db2aad8c71f56b8aec3a6b453be18e4af217a2,60.17065,24.93641,000000000f4919c9,25.36
22890,2019-08-04T12:41:49Z,87bb1abe21abfcb5e5c2039e579cff7ca863a6019207db356de5b7c2,60.14699,24.922,00000000a53ed894,9.12
22891,2019-08-04T12:41:49Z,87cbb5265cd1cc3213ddb5ed9ed2a599ddb7db0b0747121d649b0ae3,60.16544,24.95398,0000000038d83d41,21.87
22892,2019-08-04T12:41:49Z,885bcc6af7d0aa9718fe1030e32ffff1de5171ae5ef67cf0011874fb,60.14947,24.91438,000000004ef3150d,17.4
22893,2019-08-04T12:41:49Z,8947a5209f3b32173d3dc72792039edf94a2711741ab041b62b30643,60.16762,24.95415,000000006b44cce7,9.12
22894,2019-08-04T12:41:49Z,8a08b2de43a9ef03cf96610718c908e69dcacc59f536a7135b7bb542,60.16629,24.95957,00000000fb7600be,9.92
22895,2019-08-04T12:41:49Z,8acb351d2b6acbd61099205c5c497b7507c1a4da115c4b8fcaa8c930,60.16762,24.95415,000000006b44cce7,13.75
22896,2019-08-04T12:41:49Z,8b2db0cf88df127735158a23e876f7746a3f6a8ac67d170ca06d1055,60.1538,24.95595,0000000038bf9618,31.5
22897,2019-08-04T12:41:49Z,8b641985c793a3f25a45b2460cb01f5baa6f339c6dd26ba7752d8a7a,60.16897,24.95222,00000000aa852af1,5.41
22898,2019-08-04T12:41:49Z,8ba6cfc17ca70e8304994e018ebd5eb2003177062cde05925d5cacb3,60.173,24.92524,0000000096918cfa,18.79
22899,2019-08-04T12:41:49Z,8bbf5422247a0a6be314130d8fd9ae1814401b75acf3b3ce2da9620c,60.14699,24.922,00000000a53ed894,5.41
22900,2019-08-04T12:41:49Z,8ca0330471c9226b95a7aae64e6a8e47adaf5ddf7efec36a68652f3d,60.16075,24.95883,00000000f1124bca,21.87
22901,2019-08-04T12:41:49Z,8d1d0326bb359113b842bb215f8eec864280c2a8d5edf0e4d6371841,60.14699,24.922,00000000a53ed894,11.7
22902,2019-08-04T12:41:49Z,8d73f674010f5cb02e8f20251ed86a9afcb7f6b3926039470296bd00,60.17065,24.93641,000000000f4919c9,21.87
22903,2019-08-04T12:41:49Z,8d8a869e83fe2ac29e791666634a33af3ea4048ea4e752b6fb1e238c,60.14947,24.91438,000000004ef3150d,5.91
22904,2019-08-04T12:41:49Z,8dcf139eb279bcc2696420ba9da858e361600ff02cd29587f66660ec,60.16897,24.95222,00000000aa852af1,16.1
22905,2019-08-04T12:41:49Z,8de3d516b6cffb3335f9ebec3f6068b693db224f56eae6a50d7c6320,60.16531,24.9442,00000000fdda10fe,20.28
22906,2019-08-04T12:41:49Z,9023a89a49a372e5f97cf86ef1b5de0164eb67cc10d394d383ab75fd,60.16829,24.94214,00000000afef4555,18.79
22907,2019-08-04T12:41:49Z,90d2c337b3629bdc073dbbe6f0793b7bf6f65d63deb77bddf24052a8,60.16897,24.95222,00000000aa852af1,21.87
22908,2019-08-04T12:41:49Z,920dc90f60b295267f63efc8f968408087b71878dc3f49f0ded1c41e,60.17919,24.95181,000000007b5207b6,20.28
22909,2019-08-04T12:41:49Z,93a2100e233b204243f7e69b68dea7c9a145d1b5384bd18359bf87a3,60.16531,24.9442,00000000fdda10fe,2.08
22910,2019-08-04T12:41:49Z,94237bc673d78a307ecc9da6df18d0b37e632b8cd6709f81081f000a,60.17002,24.94407,000000006b087f40,7.69
22911,2019-08-04T12:41:49Z,9542a6d9883eb7a1065854d6f72274cf8d953b5846a4fce3fba9b00d,60.1538,24.95595,0000000038bf9618,29.32
22912,2019-08-04T12:41:49Z,9575ef1c44f26f0301d726029c8b1c28011a4724496943451bee6544,60.14947,24.91438,000000004ef3150d,9.12
22913,2019-08-04T12:41:49Z,958ab5fd2d2c7f0c3fe6dc14fe27005fcf35b013db75f708c22a3619,60.16762,24.95415,000000006b44cce7,20.28
22914,2019-08-04T12:41:49Z,97264f5808fa13851dacabf0c98525eec29849ff4b6a744cc777fd5b,60.16075,24.95883,00000000f1124bca,7.69
22915,2019-08-04T12:41:49Z,9736a8a29aee134a307e0cd4221e9b0a2ab7c48befee43fc62e9f9bd,60.14699,24.922,00000000a53ed894,9.12
22916,2019-08-04T12:41:49Z,9862cafd709b75d07c83b397773e0cf33564666cb81814bdbf5e54f2,60.16897,24.95222,00000000aa852af1,25.36
22917,2019-08-04T12:41:49Z,9868033d7f0d18f01d12a4034f37bf5d6e51e5ed9124c68d4b8b8e6c,60.14947,24.91438,000000004ef3150d,17.4
22918,2019-08-04T12:41:49Z,987d01417bcff2d7f663704309df2ebdcdb035da3ddb085fab0cf928,60.16829,24.94214,00000000afef4555,12.69
22919,2019-08-04T12:41:49Z,9885627881a266e5cf401516e009049e859d738e2e019be570f4b4d8,60.16448,24.97323,0000000053c6c2be,18.79
22920,2019-08-04T12:41:49Z,98bb3b6f5e2403b14b8e01616c07b03bb1fd153ded656033d7bd3533,60.16075,24.95883,00000000f1124bca,5.91
22921,2019-08-04T12:41:49Z,994b630283c750a0b697359e32c4bd06d5b4a32d2edb6c12cce42b32,60.16829,24.94214,00000000afef4555,12.69
22922,2019-08-04T12:41:49Z,9a9db814dfa74ca2c2d51496299715310e81c6e6525cc9d2cb0762eb,60.16897,24.95222,00000000aa852af1,29.32
22923,2019-08-04T12:41:49Z,9ac4c3176875b59567d28bf01df0c9490620902ff082fd0b93d15cb4,60.18203,24.91341,00000000342570c2,23.56
22924,2019-08-04T12:41:49Z,9b03b610755f4cec2e9d83a9763204e758a075614b125210bc914df5,60.16075,24.95883,00000000f1124bca,25.36
22925,2019-08-04T12:41:49Z,9bad872c31c8c5e53f064b5367350b41271d45ca8a9e508136622800,60.16897,24.95222,00000000aa852af1,4.5
22926,2019-08-04T12:41:49Z,9bf4a5d763fa921335be6c141a0c9fd769fcb2f4c5b40b85a1c99c71,60.14699,24.922,00000000a53ed894,18.79
22927,2019-08-04T12:41:49Z,9c65108fa1e4c7a8b7ec88de2204e7e33756d7988c733db64ea57fda,60.149,24.9843,00000000fffb8cf0,29.32
22928,2019-08-04T12:41:49Z,9ff13c715073d5ad9c464cb67b6de3f703435cf389c32cce5626dfe1,60.149,24.9843,00000000fffb8cf0,29.32
22929,2019-08-04T12:41:49Z,a01d7427dcaa19c3efac1cde116c3751db11d6cf2838d0509704616a,60.14699,24.922,00000000a53ed894,20.28
22930,2019-08-04T12:41:49Z,a2e771418a36fc43aa9719d034aa9e3a7a751c5123e4bd33cc2aeea7,60.16531,24.9442,00000000fdda10fe,27.28
22931,2019-08-04T12:41:49Z,a38a21a97a054541f0423f03758c70227116c05254958373e3e93ad0,60.14947,24.91438,000000004ef3150d,9.12
22932,2019-08-04T12:41:49Z,a3d228482bfdd3dbdfaee1ff72b6ac00c2ee8c05e949047ce9117783,60.14699,24.922,00000000a53ed894,10.78
22933,2019-08-04T12:41:49Z,a422a30ec1eb058c7930e1352297c161639faa5b3ca5f5fa47c4adb3,60.14947,24.91438,000000004ef3150d,8.38
22934,2019-08-04T12:41:49Z,a47f8d59e11da7fa47e0cbe518b593e023018f122d5710ffbb775c0f,60.16829,24.94214,00000000afef4555,21.87
22935,2019-08-04T12:41:49Z,a6484386e3b96e03bba2e837ed3ccbed2e2adb2e7b945583013cb0f2,60.1538,24.95595,0000000038bf9618,27.28
22936,2019-08-04T12:41:49Z,a665682bd157db9436f4b84bae0b741d356ed033cce05f0ce442ee64,60.16762,24.95415,000000006b44cce7,18.79
22937,2019-08-04T12:41:49Z,a66c6aaed06f5e4b2cde2b0e598cf422548fdbb7d08dfb741f857ec2,60.16762,24.95415,000000006b44cce7,20.28
22938,2019-08-04T12:41:49Z,a6f944078dd26796f5a849ccb6fdf8a4436f913cf3302597c846462d,60.16762,24.95415,000000006b44cce7,4.5
22939,2019-08-04T12:41:49Z,a7472d1b63171c047444981df223670390009e3ea502132d9963e9fb,60.14947,24.91438,000000004ef3150d,10.78
22940,2019-08-04T12:41:49Z,a794d97e26d3678bb11b4364880414bb7bfac4bb49d1867b37b489f7,60.14947,24.91438,000000004ef3150d,6.46
22941,2019-08-04T12:41:49Z,a8bd45406d5913e098652d4c2d836339758e08d21bf5d88becabdd36,60.14947,24.91438,000000004ef3150d,9.12
22942,2019-08-04T12:41:49Z,a8df2631c2442628608c1f0352c896eb532a6ca08c85de2c77360aa8,60.14947,24.91438,000000004ef3150d,3.74
22943,2019-08-04T12:41:49Z,a9383e1c3d9b3355965662ff18ad95dfb64daa5d8e71fc20e7e50df7,60.14699,24.922,00000000a53ed894,10.78
22944,2019-08-04T12:41:49Z,aa5773b59ce2bf1eee53e4e77cd3c261465d2ea538c9a85b8de30cd8,60.14947,24.91438,000000004ef3150d,4.11
22945,2019-08-04T12:41:49Z,aa6d51fc5411b69567cb854360c4a81267eac19446946eb27618306a,60.14699,24.922,00000000a53ed894,14.89
22946,2019-08-04T12:41:49Z,ac36860ddd2d60f33c730b2ecc540578d8edcf2c1e8c55e897d76d93,60.14951,24.92138,0000000006dd41f6,29.32
22947,2019-08-04T12:41:49Z,ac93ac0788af8e1b0f20fada4f15ca1ad31f4084b133482d8211571d,60.14699,24.922,00000000a53ed894,27.28
22948,2019-08-04T12:41:49Z,acdcc8ae1d1c6bb055dfc108154eae58b4b894f0ce1ff174c1065c7e,60.16762,24.95415,000000006b44cce7,4.94
22949,2019-08-04T12:41:49Z,ad8af809ed47a3391bb53d11da159b3a8b0ddc264d94c049ce72bda0,60.17065,24.93641,000000000f4919c9,3.74
22950,2019-08-04T12:41:49Z,ae08ba8b9f7ef2a4326d6d7bbf452a87d08f8062feaf20cb7101d414,60.15432,24.9211,0000000019fb59c4,16.1
22951,2019-08-04T12:41:49Z,ae828cc3f1fa739d818186776cff673c88a05d0f3dedfb4a765a54fd,60.16829,24.94214,00000000afef4555,13.75
22952,2019-08-04T12:41:49Z,ae87b8dd8920695bc9e599874667205991c04e30666d8523f0be4350,60.14947,24.91438,000000004ef3150d,5.91
22953,2019-08-04T12:41:49Z,af8d59ebae9a22f7ba004eab4dcac2f4560a935bf6a7f9e2ffc0d0af,60.14947,24.91438,000000004ef3150d,18.79
22954,2019-08-04T12:41:49Z,b0a20a40885487350aaf5c8f46dab27d4d7e1d5c24fefec54c0c62d4,60.16829,24.94214,00000000afef4555,17.4
22955,2019-08-04T12:41:49Z,b12b27061f30d5659794f14cbed5e4726c5af1ef526611d3b2dded29,60.14947,24.91438,000000004ef3150d,4.94
22956,2019-08-04T12:41:49Z,b286a5ad73d5284539b414851f27f57c421773f33f9fc564c7200c36,60.16762,24.95415,000000006b44cce7,16.1
22957,2019-08-04T12:41:49Z,b2b344932a455663bb9c15f518950a54e05393ddfca54e5cc094e89a,60.16829,24.94214,00000000afef4555,18.79
22958,2019-08-04T12:41:49Z,b3d99c04e3db6b698e6e54f19434461336954d0c15385bff6e557be8,60.173,24.92524,0000000096918cfa,25.36
22959,2019-08-04T12:41:49Z,b3e9da5a37ed8ed450753cb7443e607ed1de2af685bad5be61b3e91c,60.16075,24.95883,00000000f1124bca,11.7
22960,2019-08-04T12:41:49Z,b41cc64d7ab4e16a03573bdc3b5863c4b402ec66c7780c7900c02877,60.16829,24.94214,00000000afef4555,12.69
22961,2019-08-04T12:41:49Z,b523d3f8341906e4b3877ff7d9614b4e10d6bbf10afdcc6c53656c8f,60.17065,24.93641,000000000f4919c9,23.56
22962,2019-08-04T12:41:49Z,b619a20a2a26eeb9431f9666cf192254bb2263e09f6560a5ff68f8f0,60.1638,24.96846,00000000d747f075,44.58
22963,2019-08-04T12:41:49Z,b81e80c4efa2f6bf7a24861abfd0f0fb5672f1512dc7545a1d387f7f,60.16762,24.95415,000000006b44cce7,13.75
22964,2019-08-04T12:41:49Z,b8201571cb5ac01b7db7af4fba6c7ff58336a3f03d0fe13edf985c41,60.173,24.92524,0000000096918cfa,18.79
22965,2019-08-04T12:41:49Z,b82ba472f0cb919b39c31b9c737f1608f6a31ffa63352768f9fa12ea,60.16829,24.94214,00000000afef4555,11.7
22966,2019-08-04T12:41:49Z,b9c0ac0bb7310d92c296a8870603ebd12c0c632cfc2a1fa33092b337,60.16762,24.95415,000000006b44cce7,9.92
22967,2019-08-04T12:41:49Z,ba9825bb3cfae6aeb29833f0a11189802065c73f8e541b2bcb5b572f,60.14699,24.922,00000000a53ed894,17.4
22968,2019-08-04T12:41:49Z,bb0193f2b0ac4801fe82ed5cec75e687465d707d92e731047f81650f,60.1538,24.95595,0000000038bf9618,2.08
22969,2019-08-04T12:41:49Z,bbe1e18f88cf88928067a0221965768c1f2ae264291cea564d7eb7e8,60.16897,24.95222,00000000aa852af1,16.1
22970,2019-08-04T12:41:49Z,bbe7947ea50de5986f237ccab5782ddb55c199ad6a81e8f692670d0c,60.16829,24.94214,00000000afef4555,8.38
22971,2019-08-04T12:41:49Z,bbf8cd606b9732370f1c0ae0e68d6d0663a23102d831dd10c0e74819,60.16897,24.95222,00000000aa852af1,9.92
22972,2019-08-04T12:41:49Z,bc07df8cc395f6f4f5d483b2233caca5f93a6918f346e4cc3702f8cc,60.16531,24.9442,00000000fdda10fe,13.75
22973,2019-08-04T12:41:49Z,bc478512e217b12ec7e01e1ce8247d394a57fb0c0cc72940f562adc2,60.17065,24.93641,000000000f4919c9,25.36
22974,2019-08-04T12:41:49Z,bd055b33f37a0f4211ef88e2ac4d20e5a0620250bc6133d5ccbda839,60.14699,24.922,00000000a53ed894,17.4
22975,2019-08-04T12:41:49Z,bd33b7ad8d89c8c1958de09b4900b5ebc62ed61b9decf094268b04d0,60.16762,24.95415,000000006b44cce7,11.7
22976,2019-08-04T12:41:49Z,bf7b5b4e75942592c7b9ce61d2191afc196d5b162bcff93bc53ea1d7,60.17002,24.94407,000000006b087f40,25.36
22977,2019-08-04T12:41:49Z,bf992d3cd95a73f02d7223eaffe90a94e3e1e98a8c6759bab631b5b0,60.14947,24.91438,000000004ef3150d,11.7
22978,2019-08-04T12:41:49Z,c0722f63618f97eb8ec4afac1a8538b81a3c87e623d753ad1201bf7c,60.16075,24.95883,00000000f1124bca,4.94
22979,2019-08-04T12:41:49Z,c0a0ca3433586ed2ae0e448f2406fabac7292ac79d49562e0bd5cef8,60.16762,24.95415,000000006b44cce7,13.75
22980,2019-08-04T12:41:49Z,c18a638a8f7d2d4e67c538d49830623f943f762f4942350ba7358441,60.173,24.92524,0000000096918cfa,25.36
22981,2019-08-04T12:41:49Z,c1e4323d2276cb6e358f5fabb123294e7a0ef87e7169f3cccc8f2e03,60.16075,24.95883,00000000f1124bca,23.56
22982,2019-08-04T12:41:49Z,c22d0093a8d103f59838ad43218fa834e328847e5094bcb2e98d5307,60.16829,24.94214,00000000afef4555,8.38
22983,2019-08-04T12:41:49Z,c261834e6d2c1bd9adddb82d8c6ce2d8aad82a89e32da62f3fcc6063,60.16075,24.95883,00000000f1124bca,6.46
22984,2019-08-04T12:41:49Z,c36d58ed0e0dddb3e26be1214e369db1c3fa3d4bcf8b53536a25239b,60.17065,24.93641,000000000f4919c9,2.8
22985,2019-08-04T12:41:49Z,c3be6dcc2c0542676c20d28ce38adbe2c0b9be09caa3f22e60210636,60.16075,24.95883,00000000f1124bca,5.91
22986,2019-08-04T12:41:49Z,c3c19e1fbb72afb2fb89fdc6bf035bc03da5a9952823206e623603c7,60.16762,24.95415,000000006b44cce7,21.87
22987,2019-08-04T12:41:49Z,c3e5ee20ca76f7347fda00c4c2fdee291bc6d843a879b26fbdd70390,60.17065,24.93641,000000000f4919c9,14.89
22988,2019-08-04T12:41:49Z,c593e91b10da944a20d25c4237bda2fae759d288cea38bcaaee3abfa,60.16448,24.97323,0000000053c6c2be,23.56
22989,2019-08-04T12:41:49Z,c633a260ce59bad4e1ca42f12936ed8ae57a40f5e6528dfb70052c43,60.16897,24.95222,00000000aa852af1,9.92
22990,2019-08-04T12:41:49Z,c73f71155da3abfccea8ec170a7c229518dc874ca7c0d90cddaf430b,60.16762,24.95415,000000006b44cce7,13.75
22991,2019-08-04T12:41:49Z,c905a50dedd9b3d2114cde9160b7adf83adc09683b65598ce24c4047,60.1538,24.95595,0000000038bf9618,27.28
22992,2019-08-04T12:41:49Z,c97b3360abfc936c8c1053f560fe0741f7b1f188b598e2f8b96456f6,60.16762,24.95415,000000006b44cce7,20.28
22993,2019-08-04T12:41:49Z,c9822d9c012b25f745a2934c523f3c9e6db75fbe3f5e673475813381,60.15432,24.9211,0000000019fb59c4,5.41
22994,2019-08-04T12:41:49Z,cad80f69731ad65f7f14bf400d674e0c42de462bd42db112c9d9f261,60.16075,24.95883,00000000f1124bca,12.69
22995,2019-08-04T12:41:49Z,cb3f05d5604f5532e039e6d40514b13aba8f6274d952bb17a8b801fc,60.15432,24.9211,0000000019fb59c4,16.1
22996,2019-08-04T12:41:49Z,cbc336691f17a9c508549e03d522166247a0cd0a944321c1a7d15525,60.14699,24.922,00000000a53ed894,8.38
22997,2019-08-04T12:41:49Z,cd3e127e27387b6e06cdf27f46fb6046e4182e4d7b49b49c17167c1c,60.14947,24.91438,000000004ef3150d,7.69
22998,2019-08-04T12:41:49Z,cd4867e8bfd7af028b5546f9acfa77ecb7ff107d7c09d62186ecbbd7,60.16075,24.95883,00000000f1124bca,14.89
22999,2019-08-04T12:41:49Z,cd9b2be9ffb37c8b7c5c25f587c95b1c7932a21fb245487ea2f740d9,60.14699,24.922,00000000a53ed894,7.69
23000,2019-08-04T12:41:49Z,ce6a8017f454ee88825097762b1bdb8e5ba78fff9cd3e49bc2ee2400,60.14699,24.922,00000000a53ed894,20.28
23001,2019-08-04T12:41:49Z,ceb777dafa9b7e39125b89735b7f0cf22c3018eb0196043ac8160370,60.14699,24.922,00000000a53ed894,9.12
23002,2019-08-04T12:41:49Z,ced0425d382ce86b7565a8b7b36a453a0880a08ba10090524e6c1ac5,60.14699,24.922,00000000a53ed894,14.89
23003,2019-08-04T12:41:49Z,cef1d06a10cfa08bcaef8b36535c2ec32c756a76cc0d5c2a1246f933,60.14699,24.922,00000000a53ed894,7.05
23004,2019-08-04T12:41:49Z,cfa42322be0000cf89d8969d1b88ace0ba99cab721dd58d55d41a36e,60.17065,24.93641,000000000f4919c9,14.89
23005,2019-08-04T12:41:49Z,cfc2a688ff31fbb1baac8790fb6d56dc7746ba2cf9e0e5f39d4751a4,60.14699,24.922,00000000a53ed894,7.05
23006,2019-08-04T12:41:49Z,d0413da80c7714f40ffe50dcfb00039280c64ecebc61c59df72965e6,60.149,24.9843,00000000fffb8cf0,20.28
23007,2019-08-04T12:41:49Z,d098b9b5b30c5fcd4ae8a2b8bc761df72829713d3ae919634876d349,60.14699,24.922,00000000a53ed894,6.46
23008,2019-08-04T12:41:49Z,d0aa228c2a3e6e1568e876cffc76874702e0f0f63f18533551bf02c1,60.16075,24.95883,00000000f1124bca,20.28
23009,2019-08-04T12:41:49Z,d0cab2a2660dcc5cb99a9bdf39d2e6b31b7498985db1b50e48cb478d,60.18203,24.91341,00000000342570c2,9.92
23010,2019-08-04T12:41:49Z,d1494ea9019ebe27ab1e0e4d26f4f307c19720a0d8851bc848d80cab,60.1538,24.95595,0000000038bf9618,36.27
23011,2019-08-04T12:41:49Z,d150c7aba4e7419f0ddd187392a9c2a429f44fa82535fb594c48ff55,60.16897,24.95222,00000000aa852af1,16.1
23012,2019-08-04T12:41:49Z,d295fce65c7332728ab79761524c814f41bd0cefa3ad9ef62ac18993,60.14951,24.92138,0000000006dd41f6,17.4
23013,2019-08-04T12:41:49Z,d3c0cff604283ea6adeabb4f867f3fcaf8ee41fd27fc600d33c4d70d,60.16075,24.95883,00000000f1124bca,27.28
23014,2019-08-04T12:41:49Z,d64eda229ebb6012e59bc89eacb74918e404ce52f16b491f3d48e800,60.16897,24.95222,00000000aa852af1,14.89
23015,2019-08-04T12:41:49Z,d6b274f1f49dde057f37b6d65670f16c2a7ba75e21283e342e5c3bfb,60.16762,24.95415,000000006b44cce7,9.92
23016,2019-08-04T12:41:49Z,d75c412090c347ad7fca9287bcc4eb9bfb757dc7c1725109861dd93e,60.16629,24.95957,00000000fb7600be,17.4
23017,2019-08-04T12:41:49Z,d83dd9c0a861e25c7f5ddcd393756626def7c7f82a9f3fc35e1665a9,60.14947,24.91438,000000004ef3150d,6.46
23018,2019-08-04T12:41:49Z,da667dfa2d8a272a7398e186de027fabd2052052c0aad767a1c7d966,60.16897,24.95222,00000000aa852af1,14.89
23019,2019-08-04T12:41:49Z,da79bc3a154be3d65c15bbffd0b895193ffd8167bba8a96ad28308e5,60.16762,24.95415,000000006b44cce7,20.28
23020,2019-08-04T12:41:49Z,daac051ca20430238282e179e0fe525b11ff1e8f1ace26d45b41f331,60.14947,24.91438,000000004ef3150d,14.89
23021,2019-08-04T12:41:49Z,db6993de0692cf79ab1b8e7d86e4b5832d11f57f026a6eb339f977bf,60.14699,24.922,00000000a53ed894,12.69
23022,2019-08-04T12:41:49Z,db9cee77723e2258651606fd447070139d95eb1138f8e56957bff8f1,60.17002,24.94407,000000006b087f40,23.56
23023,2019-08-04T12:41:49Z,dbf9f0495974591badcee3fcfc1b5eb718b26de86aaf486c351ad084,60.14947,24.91438,000000004ef3150d,11.7
23024,2019-08-04T12:41:49Z,dc15145376f4a497910c8d2231d671bf62f1918ad93938a48fdc3eb4,60.149,24.9843,00000000fffb8cf0,13.75
23025,2019-08-04T12:41:49Z,dc1c4323de4d895200d2ce734baf64170970bdef349e6206fe57bb15,60.16829,24.94214,00000000afef4555,11.7
23026,2019-08-04T12:41:49Z,ddc8410b9e4ece4b995b789f95e526693bac176ed77092ba57355dc8,60.16762,24.95415,000000006b44cce7,2.8
23027,2019-08-04T12:41:49Z,de0d086ae32f87522eab31d3bc52545ed17b065889674963c0709568,60.16829,24.94214,00000000afef4555,7.69
23028,2019-08-04T12:41:49Z,de3fe5f63e74a582e06c8cb02e6128d6013827015ba3e2fe93082977,60.17002,24.94407,000000006b087f40,23.56
23029,2019-08-04T12:41:49Z,de84f754a3916c8f831b0bb8ea41fc2a42cdea2794558fece3c7ae97,60.1538,24.95595,0000000038bf9618,20.28
23030,2019-08-04T12:41:49Z,e02c0f9f72e9f248a4b5df8af328e1a0132d4d8a72c1e603d14cdacd,60.18203,24.91341,00000000342570c2,13.75
23031,2019-08-04T12:41:49Z,e0e938d5ab6fe3b13270163cd8a4e531dfae4b24ff98ab7e4277114c,60.14947,24.91438,000000004ef3150d,12.69
23032,2019-08-04T12:41:49Z,e0ff1e75104c5dfa3549647c238569888e353e1322256a5c6979de0b,60.14699,24.922,00000000a53ed894,9.12
23033,2019-08-04T12:41:49Z,e23a6115ba872037f9b5066c9c9c966b497f449e32a2c9ceb0e55497,60.16829,24.94214,00000000afef4555,5.41
23034,2019-08-04T12:41:49Z,e2ad7d478fd698beae83366f49585d9825bec4865c1610162f3108c2,60.16897,24.95222,00000000aa852af1,29.32
23035,2019-08-04T12:41:49Z,e34bcebfa007159f3d2adb0e62e20fcf721a221f52bdfe2a6ad77831,60.18203,24.91341,00000000342570c2,18.79
23036,2019-08-04T12:41:49Z,e390dba80525e670f46d7ec306caf12493110fbff239aafdbf7384e4,60.16829,24.94214,00000000afef4555,25.36
23037,2019-08-04T12:41:49Z,e40a26f3f7468f4ac2302b45f1ed9aab7fea245ccf81d0c08072c881,60.16829,24.94214,00000000afef4555,3.4
23038,2019-08-04T12:41:49Z,e447e76c7b53157c11d5bfeb172c27332c81b5ec7f263badf5507888,60.149,24.9843,00000000fffb8cf0,13.75
23039,2019-08-04T12:41:49Z,e621e7131322cca25ac9c09fde26ef4c94d2ba83c5679134b2bcf63d,60.16762,24.95415,000000006b44cce7,16.1
23040,2019-08-04T12:41:49Z,e65f7c68ce6502de36e4f47d0646a91a76d6c8cf8b5ffd26a3df8f4b,60.149,24.9843,00000000fffb8cf0,25.36
23041,2019-08-04T12:41:49Z,e6f4e3d1f5e01888556b077224cb4d8f88d63306fff2388e3fd997d0,60.14951,24.92138,0000000006dd41f6,18.79
23042,2019-08-04T12:41:49Z,e6f7965f2ef456f61121bcce5e466f125192e511c2af72d901307e8e,60.16762,24.95415,000000006b44cce7,14.89
23043,2019-08-04T12:41:49Z,e7cd5f775c7eea951719f351fcc25c710f857832d6f4b70a51b7b82d,60.16897,24.95222,00000000aa852af1,10.78
23044,2019-08-04T12:41:49Z,e826dedac8582e619ce18cd7eed68be5ee1fc9ed37e191e06f916835,60.14947,24.91438,000000004ef3150d,9.12
23045,2019-08-04T12:41:49Z,e9115410fa45db5a174eee008cae729dc69937a0e0b5a304899bf1b9,60.17065,24.93641,000000000f4919c9,20.28
23046,2019-08-04T12:41:49Z,e92eb020afcd7c1fad04690230ff8c2f005e404dd25b8dced1df30dd,60.16075,24.95883,00000000f1124bca,8.38
23047,2019-08-04T12:41:49Z,e9e19621fc5cfcfed2c808bbadc6cc6dd31e28d3c04cef8b89ca2729,60.16075,24.95883,00000000f1124bca,8.38
23048,2019-08-04T12:41:49Z,ea157e44ed100be3f782d8b3d8e5e0986079c588c9ea754b14917df0,60.16829,24.94214,00000000afef4555,1.38
23049,2019-08-04T12:41:49Z,eac6fda3a18aa9ce55b6359f5c62a044e0bcd6bc3576c8cd815acf07,60.14699,24.922,00000000a53ed894,12.69
23050,2019-08-04T12:41:49Z,ec096f9d9f6ac607dcfcecf3327071d33a6ed3fdedd3cc796ba91fdc,60.16897,24.95222,00000000aa852af1,20.28
23051,2019-08-04T12:41:49Z,ed70712277756192c688e0f4d7620cdb33803ab3e0cc7c180c3efd23,60.15432,24.9211,0000000019fb59c4,23.56
23052,2019-08-04T12:41:49Z,eed1c3b93e33ab3a4802db427c8c197c0fbad358e039b6ea8c8af07b,60.18203,24.91341,00000000342570c2,10.78
23053,2019-08-04T12:41:49Z,ef352dcaa8317b6a3c0a02cd8908dd13da5601cc66ba65c5fd8d031a,60.14947,24.91438,000000004ef3150d,14.89
23054,2019-08-04T12:41:49Z,ef77b04fc57a9781bf581172358ba74cf41e0b2a6ecc8090f99810bf,60.14699,24.922,00000000a53ed894,13.75
23055,2019-08-04T12:41:49Z,f00fb569fe1448dccb8e92e24b081a3164b59eb117131800780c70a9,60.14699,24.922,00000000a53ed894,12.69
23056,2019-08-04T12:41:49Z,f062cb52d49926a4fb39f723275ed60ab6c0f3bf34e0c3f9d233b7b8,60.14947,24.91438,000000004ef3150d,27.28
23057,2019-08-04T12:41:49Z,f15b72a3aad411d2f8a70b41c4f62ad2d744d064d42ec00c71a18ac5,60.16762,24.95415,000000006b44cce7,4.5
23058,2019-08-04T12:41:49Z,f1e73fa6dab8e8a2db6d7515f601fac161f17c34beb84aa55e812a9e,60.16762,24.95415,000000006b44cce7,6.46
23059,2019-08-04T12:41:49Z,f2deba4ef84dbbc8c5d8524f6e2311183003bce4f9bfa6aef5b5ef66,60.14947,24.91438,000000004ef3150d,4.94
23060,2019-08-04T12:41:49Z,f2e063c8c25a8bec0dd6ec3924a5f59fd9694078f2f3fd5b3ea96f29,60.16762,24.95415,000000006b44cce7,7.69
23061,2019-08-04T12:41:49Z,f39827c3c7f4c833d1118043492f78e3255b6da9f4a2c000041d9b61,60.16829,24.94214,00000000afef4555,1.25
23062,2019-08-04T12:41:49Z,f3ec2366b51157150674e5ab6293bdb19e0b30ca4296fee4c97b811c,60.14699,24.922,00000000a53ed894,9.12
23063,2019-08-04T12:41:49Z,f5f7cfe177dfb0b7ebba2419ae53f70b6b5690dd98d98586004a9107,60.149,24.9843,00000000fffb8cf0,25.36
23064,2019-08-04T12:41:49Z,f66767381dd8d1bf0e53c7bb920dd23845902ad04a03ab1134a70b11,60.173,24.92524,0000000096918cfa,17.4
23065,2019-08-04T12:41:49Z,f7777ac6285e2f6b6aa546b03f294d81e169b8236268cfed232c9679,60.16897,24.95222,00000000aa852af1,25.36
23066,2019-08-04T12:41:49Z,f796c9efc581b25280d4b416f8ba3aecca6ddf083e7bdad05f6e595e,60.14699,24.922,00000000a53ed894,12.69
23067,2019-08-04T12:41:49Z,f81439a39740937c6cba523d5ebca87b52d69ff29fb449cf42ade4d6,60.14699,24.922,00000000a53ed894,9.92
23068,2019-08-04T12:41:49Z,f84faae0aa9ce2d1d09d270282dd81033ad1352346128534d8c3fc7f,60.149,24.9843,00000000fffb8cf0,41.64
23069,2019-08-04T12:41:49Z,f868d87b5d5a7094b60a131cd3e120c25787ebf751f7c93640b34942,60.16897,24.95222,00000000aa852af1,9.12
23070,2019-08-04T12:41:49Z,f86f1df2f5c201403e3bc7c157ec0bffa00950b97863a85d6ac2fdb3,60.17065,24.93641,000000000f4919c9,20.28
23071,2019-08-04T12:41:49Z,f97bd6b766461dd4066a8fde3d7dfed9d1027ff23973200a005458cd,60.17002,24.94407,000000006b087f40,21.87
23072,2019-08-04T12:41:49Z,fa96854324adae88abb35afa34b2393a20338bfd8fc9602d3ce6ae8d,60.14947,24.91438,000000004ef3150d,9.12
23073,2019-08-04T12:41:49Z,fadc39da3cd26ac621092fbbff224b95bb13446c8d24bbf4f3e50e90,60.14947,24.91438,000000004ef3150d,6.46
23074,2019-08-04T12:41:49Z,fc5c517b4bcaf5e392ff920858d70ed6c59751b0934ce3dbe372996e,60.16829,24.94214,00000000afef4555,23.56
23075,2019-08-04T12:41:49Z,fca3daa86786d92fe75c43051a906ab67c8b95c774a1227b3c45ce10,60.18203,24.91341,00000000342570c2,17.4
23076,2019-08-04T12:41:49Z,fd77161cf9715d9d0f922cf45e79e5d9b9debef5113cb32a4f82ef76,60.16762,24.95415,000000006b44cce7,4.11
23077,2019-08-04T12:41:49Z,fe5ca86c906b1cb3bf9dd257ceefc562e41da499878f1074484f7d42,60.14947,24.91438,000000004ef3150d,14.89
23078,2019-08-04T12:41:49Z,fe694a484edd6d458a9dd6ab1b972c47170c8d32ebc0a87317ddc660,60.18203,24.91341,00000000342570c2,31.5
23079,2019-08-04T12:41:49Z,ff4f3e0f964f23b97e88626f7a506bb4409718931712c58ce0f247af,60.16762,24.95415,000000006b44cce7,9.92
23080,2019-08-04T12:41:49Z,ff8280896145ae17e594c52eac2cdbab47d3757d797878fbc4298596,60.1538,24.95595,0000000038bf9618,29.32
23081,2019-08-04T12:41:50Z,07d86ad98399440d0cc3bd3382a7256feb971e49a3686dc17f532e1c,60.16829,24.94214,00000000afef4555,20.28
23082,2019-08-04T12:41:50Z,1142f5b6806b1ec7d8d47d47013eb530d8a7418f6934d8867b20966a,60.16829,24.94214,00000000afef4555,27.28
23083,2019-08-04T12:41:50Z,14c7e1511b70f4dd3359cbece1377aebb4d70531f5489eefe53d7c3c,60.16544,24.95398,0000000038d83d41,31.5
23084,2019-08-04T12:41:50Z,1599d2c9070a6f05e1a5887c2d9209214c04818c6203fe75440734f2,60.1538,24.95595,0000000038bf9618,27.28
23085,2019-08-04T12:41:50Z,211f6b7b044343d0be369791b3fa3c144d0d0f391e2a42787712efb0,60.16448,24.97323,0000000053c6c2be,12.69
23086,2019-08-04T12:41:50Z,21d09757012e8f7297d1de922f681bcc36581a3d7be770b42b3780a0,60.15432,24.9211,0000000019fb59c4,13.75
23087,2019-08-04T12:41:50Z,2350e9b04a733edca530466fd60d704e4de146d81df0066a1767556b,60.149,24.9843,00000000fffb8cf0,13.75
23088,2019-08-04T12:41:50Z,25a7ff811c3c06e426c7c2cbb0433d9a2a3399b23afecbd35584ab0f,60.18203,24.91341,00000000342570c2,14.89
23089,2019-08-04T12:41:50Z,2603b5aecd8f219a410e558446935308ecabb09a6c9e5b38533728ff,60.16829,24.94214,00000000afef4555,16.1
23090,2019-08-04T12:41:50Z,2d3d031189abfaea69cd551a97b2b2d056a908f19bc56701010a2304,60.16897,24.95222,00000000aa852af1,18.79
23091,2019-08-04T12:41:50Z,2e5e2eac7a17783a1e43da2fe5aef5541fb947978263e9480ff79b23,60.17002,24.94407,000000006b087f40,31.5
23092,2019-08-04T12:41:50Z,315af4a829b592ba99b203b8ed2cbd499769f8752dfe6de7da4ee929,60.16829,24.94214,00000000afef4555,23.56
23093,2019-08-04T12:41:50Z,4317f5904a5e6ae921bf743dd534c803083fd90b15a1245881beeade,60.16897,24.95222,00000000aa852af1,29.32
23094,2019-08-04T12:41:50Z,43b676ed3aef4c2d8846694817e76117873be52e7f788e0cb366c1c4,60.16629,24.95957,00000000fb7600be,25.36
23095,2019-08-04T12:41:50Z,44d0b94469070803869f229601e877beb613c3f5aafa009addf97a1a,60.16544,24.95398,0000000038d83d41,18.79
23096,2019-08-04T12:41:50Z,4656bad9b5e6dfc3977eca308fc1db3dbf8b0204b90d09b001da242e,60.1638,24.96846,00000000d747f075,31.5
23097,2019-08-04T12:41:50Z,5d65719c4cbf045f068d084b72302f447d5fd034413d97d13be00d0e,60.18203,24.91341,00000000342570c2,17.4
23098,2019-08-04T12:41:50Z,62419d6b1578f35e5e56573669f6605d71e40584ee69bdddf2885e3f,60.16829,24.94214,00000000afef4555,18.79
23099,2019-08-04T12:41:50Z,69219e9efa41ae9e732653e9eaf08e1a34cb853a9dafe76ddeea4d04,60.16897,24.95222,00000000aa852af1,23.56
23100,2019-08-04T12:41:50Z,6a70e2fbced719333e21eff04fcb9cb36bae9a04d1a3d6ddd96f2c58,60.15432,24.9211,0000000019fb59c4,7.69
23101,2019-08-04T12:41:50Z,6c8861f56a280e7752e10439271a2498527c69b0796f58de4afc6008,60.16075,24.95883,00000000f1124bca,14.89
23102,2019-08-04T12:41:50Z,6f06341f358e61699fe1e55e986dd0554bc8da28b91daf0c5ad99db6,60.16629,24.95957,00000000fb7600be,23.56
23103,2019-08-04T12:41:50Z,70d8572458a1a103555bab897b6443e601e0ed211414b15ad0b56f60,60.16544,24.95398,0000000038d83d41,29.32
23104,2019-08-04T12:41:50Z,737efc92e3419e9d96a8559ec341ea7e18ba6381fd8e4de3d06f82a0,60.14699,24.922,00000000a53ed894,21.87
23105,2019-08-04T12:41:50Z,7678cdb86d454ca9ae52f22d97e635106585a3a046d01da4463695cc,60.18203,24.91341,00000000342570c2,21.87
23106,2019-08-04T12:41:50Z,85ef35aecf2ff804be3d958b592705ec41c6df9c128c132c65bb283d,60.16897,24.95222,00000000aa852af1,27.28
23107,2019-08-04T12:41:50Z,87dfaad29a9276ddddb1fa021d3bc23ad14824c1af16f7d87e713689,60.14951,24.92138,0000000006dd41f6,10.78
23108,2019-08-04T12:41:50Z,88808fe92573e9cdf022cc15b9689b6b4b9429f60513c8897b0ba4c7,60.16897,24.95222,00000000aa852af1,14.89
23109,2019-08-04T12:41:50Z,89982a6acf91b79a282a6b63978e946ee205f303fcd20e944e06baf0,60.16544,24.95398,0000000038d83d41,27.28
23110,2019-08-04T12:41:50Z,8c3b1ed0846e38cc84b863a80540c8a75bfd85c8bdda36563d153110,60.16544,24.95398,0000000038d83d41,20.28
23111,2019-08-04T12:41:50Z,8c75c3289c84fe4493e1e272a77b615fe1985880c5dc68a7c1a17b53,60.16762,24.95415,000000006b44cce7,13.75
23112,2019-08-04T12:41:50Z,94c5a69a5ae6e9407c3fa9a6919d99beb3558dd4e6750eb480ddc36f,60.16829,24.94214,00000000afef4555,17.4
23113,2019-08-04T12:41:50Z,97213bcaf23791d688268e0368e22920e7c8afc4ed9295b6e721ea00,60.15432,24.9211,0000000019fb59c4,25.36
23114,2019-08-04T12:41:50Z,9843c6216661048343a0e49cf3d8aa2883cf77f452666a1c873a1052,60.16448,24.97323,0000000053c6c2be,12.69
23115,2019-08-04T12:41:50Z,9fc0711d7e7722eff7faa0cb6f17846680c06515c1eb93dd49ebcf25,60.14699,24.922,00000000a53ed894,12.69
23116,2019-08-04T12:41:50Z,a6098be5b3296a394e998a69f3bcb81591e627ba68ee6df36c111623,60.16829,24.94214,00000000afef4555,20.28
23117,2019-08-04T12:41:50Z,acd2647d413f41552b31b6e383da445c8902bc2a764d2b7791a7b164,60.16762,24.95415,000000006b44cce7,16.1
23118,2019-08-04T12:41:50Z,af807b67ce09a2ce1744025c421961213f1608ca658ece4df69555a1,60.16762,24.95415,000000006b44cce7,9.12
23119,2019-08-04T12:41:50Z,b33ae7715d6d2571066655c2c8954a5a364b5601869047de83410d9f,60.16629,24.95957,00000000fb7600be,27.28
23120,2019-08-04T12:41:50Z,b5fd6b317890e5ab2d79e2cd1abe61626d45a753c7337d0d40728898,60.16762,24.95415,000000006b44cce7,11.7
23121,2019-08-04T12:41:50Z,b6768ae226a93bce23852414e20866c7413513d067579c03ea883dfa,60.17065,24.93641,000000000f4919c9,16.1
23122,2019-08-04T12:41:50Z,bb98768dad0f7c52cf643f035a3e7e48f5cfe28557c66f2a75914b31,60.14699,24.922,00000000a53ed894,12.69
23123,2019-08-04T12:41:50Z,bcb0201b0a1edf350ae2f681076e7d2d48ebd94c075bd3ca59552020,60.16897,24.95222,00000000aa852af1,11.7
23124,2019-08-04T12:41:50Z,be41ebc5fb0d348fc1ef1166d44251c3112a78a4ea01aa980364ee7c,60.14699,24.922,00000000a53ed894,14.89
23125,2019-08-04T12:41:50Z,c175b4269517070a33be84e85a4b8b23c3bb430ff6c31b121ac1603f,60.16762,24.95415,000000006b44cce7,20.28
23126,2019-08-04T12:41:50Z,c40c37def6bf11a63a2556519a7c6233fd417cdeea2cf14f28e7c42c,60.16531,24.9442,00000000fdda10fe,21.87
23127,2019-08-04T12:41:50Z,c97eb4181394121907d47b908495f54e5ee5145ff790f7a1dc21b3cf,60.16897,24.95222,00000000aa852af1,12.69
23128,2019-08-04T12:41:50Z,ca6927628f5ddda20036865c9345ad93d476d62ade3b181de568eed6,60.16897,24.95222,00000000aa852af1,25.36
23129,2019-08-04T12:41:50Z,cf05623e4d87ce0906c0b0b7dbf53aacc1228016cd27c341228b6e76,60.18203,24.91341,00000000342570c2,20.28
23130,2019-08-04T12:41:50Z,d0a50f3001c258a38880550f6c0835fcaa85f0a6d36687dc5de98f3b,60.16629,24.95957,00000000fb7600be,16.1
23131,2019-08-04T12:41:50Z,d661caec7a5da6aef734734bbf9090debe494c1afd98050f88f269bd,60.16829,24.94214,00000000afef4555,11.7
23132,2019-08-04T12:41:50Z,ded49640b591e73bff71f84fb99d2739eb6c9554164a015017725e03,60.16829,24.94214,00000000afef4555,12.69
23133,2019-08-04T12:41:50Z,e8e366e76c97944e23c0f80b4fd3ce6e5832744922297146a49f0c7e,60.16762,24.95415,000000006b44cce7,8.38
23134,2019-08-04T12:41:50Z,e96bd269a48b822b06141c3362fcb6d5ed4d0d09a120f2e4a712d5c2,60.16897,24.95222,00000000aa852af1,13.75
23135,2019-08-04T12:41:50Z,ed70dda6b7faebd4340dacdb452ab224d9d3c308df417b7fa76f54e8,60.14951,24.92138,0000000006dd41f6,23.56
23136,2019-08-04T12:41:50Z,efffdbe497ad2fa39b57c75ffd33c8f0ae621c4ef6154dcb169e5937,60.16075,24.95883,00000000f1124bca,8.38
23137,2019-08-04T12:41:50Z,f088630d7476dae7d4b7e2bb1f10575f2c89acb4b6e061f3d57c2b40,60.16531,24.9442,00000000fdda10fe,21.87
23138,2019-08-04T12:41:50Z,f237103f284dc6c51c64f9728c4f56e0c855dbb1bf8c4165758c3ef0,60.16897,24.95222,00000000aa852af1,23.56
23139,2019-08-04T12:41:50Z,f29ea15113ac0eea0be8ec41c633909de4b0b9ab6c7b9898b128080c,60.16897,24.95222,00000000aa852af1,16.1
23140,2019-08-04T12:41:50Z,f6609ab1076b1105bb845595a03b41b8fbb282f79c337df5bbc9f841,60.14699,24.922,00000000a53ed894,16.1
23141,2019-08-04T12:41:50Z,f94dddacf96965952551200a02b41925bcd21402aceafb12f19931af,60.16075,24.95883,00000000f1124bca,7.69
23142,2019-08-04T12:41:50Z,fc4f3a44235f1cfc7b53f14ba2da599976a5a0a220d23b852688e485,60.17919,24.95181,000000007b5207b6,36.27
23143,2019-08-04T12:41:50Z,009ad4cd2bd97e04da44cc9789e6bdbdb899eded61d05b7d5634b7be,60.16829,24.94214,00000000afef4555,9.12
23144,2019-08-04T12:41:50Z,00a07b1f8113691d8475c54082a14cdd54decf9845a90e75df8031a6,60.17065,24.93641,000000000f4919c9,20.28
23145,2019-08-04T12:41:50Z,00bdb07c0f4f75c71196362c269c9f652c66cf7d3f3c2d89843af063,60.16629,24.95957,00000000fb7600be,33.81
23146,2019-08-04T12:41:50Z,010298d620fbe80ab4f46c866c215217b2bf1fd12a2a67b9e56b4ce8,60.16829,24.94214,00000000afef4555,9.12
23147,2019-08-04T12:41:50Z,033759f09b97a9347fd7852dbc2bcd3abbb67a792486acad9d185bca,60.16762,24.95415,000000006b44cce7,7.05
23148,2019-08-04T12:41:50Z,036d188b13531106628d1ea851fbe964903880d1a7b9265f672171b7,60.16762,24.95415,000000006b44cce7,14.89
23149,2019-08-04T12:41:50Z,038e7f3d1d9babcdb48b63ff8e3e1ac732b3c29f665dc7d9a1819abc,60.14699,24.922,00000000a53ed894,13.75
23150,2019-08-04T12:41:50Z,0479a26a59d65bf1dee05c06f4227a0ba63a6e9c9a09e7c34f2e06b4,60.14699,24.922,00000000a53ed894,10.78
23151,2019-08-04T12:41:50Z,04b49a34910d12f55243dd5a756c7cc1e506e5d3cdb418cc635e9ad9,60.16762,24.95415,000000006b44cce7,3.74
23152,2019-08-04T12:41:50Z,04b5d29c48edaaf4904a98e412562e3c0d857eb20342cc7c323d4293,60.16762,24.95415,000000006b44cce7,7.05
23153,2019-08-04T12:41:50Z,076c28c1895ef1919c11113113c12655c546fc90a00800e5ebec5b56,60.14699,24.922,00000000a53ed894,11.7
23154,2019-08-04T12:41:50Z,07fa093f5dceb6043b0a8c9d8ad01c1bfdfe15d4b3071a26b747ea07,60.14699,24.922,00000000a53ed894,13.75
23155,2019-08-04T12:41:50Z,09e6b7d5a7a9e691d686fb405bc2bfe0c9e5d525b47385d9235575e3,60.16897,24.95222,00000000aa852af1,36.27
23156,2019-08-04T12:41:50Z,0a0acb70a8ef92be52a64d4425e70bb2f7a17d13942c3382c9d68878,60.149,24.9843,00000000fffb8cf0,4.94
23157,2019-08-04T12:41:50Z,0a5616e066b42895361324cfa8abef41d849a55e3e4bed429bab494b,60.16829,24.94214,00000000afef4555,11.7
23158,2019-08-04T12:41:50Z,0a5ed50daf13dd10744537aa851ac7ab1d34d9797ec6ab6e2402aebb,60.16762,24.95415,000000006b44cce7,5.41
23159,2019-08-04T12:41:50Z,0aabf0df4c3c5b45bb8950c92dbe624985f19e8650ed61f92571a65a,60.14699,24.922,00000000a53ed894,4.94
23160,2019-08-04T12:41:50Z,0b0dd9af9d52c68ff71ce266d6707abbb0f56c3c63be0f83f7b5df9b,60.16762,24.95415,000000006b44cce7,5.91
23161,2019-08-04T12:41:50Z,0d3525b13d674f1645fdbe6d842fe37b2f416889c5472e9dfcc5445c,60.14947,24.91438,000000004ef3150d,5.91
23162,2019-08-04T12:41:50Z,0d8341f0125a5323521549248771d5448e5f788aefe9b989e3b20114,60.16829,24.94214,00000000afef4555,21.87
23163,2019-08-04T12:41:50Z,0ef4d4e0ed1d5a16b616f3722210deaa1f3be532439fb707802f70a2,60.16075,24.95883,00000000f1124bca,25.36
23164,2019-08-04T12:41:50Z,10a99e791e27975dc1c9d73d3163cabacf3bd7bd05a4f7abf6365426,60.14699,24.922,00000000a53ed894,14.89
23165,2019-08-04T12:41:50Z,10caaea8002e8b3b342b32710efdd7305ff375ca1cdc01411f66b2f6,60.14699,24.922,00000000a53ed894,10.78
23166,2019-08-04T12:41:50Z,10e43baea31b3e125346bebbffe89bd2ca514fea388668227b5679ee,60.14699,24.922,00000000a53ed894,16.1
23167,2019-08-04T12:41:50Z,120a63917cb5ab619bf9a71328f14020736ee84e75d5b37278748def,60.16897,24.95222,00000000aa852af1,9.92
23168,2019-08-04T12:41:50Z,124cce476184e061b136f481014a2abc7208d30e4e520ffd90c85adb,60.17002,24.94407,000000006b087f40,16.1
23169,2019-08-04T12:41:50Z,128df515b075ffc54794d311944f31b9b1c1132d182943a9880e5bc0,60.16544,24.95398,0000000038d83d41,27.28
23170,2019-08-04T12:41:50Z,13bcedb8c59b26417282929d81844b272c7c5bc295614f531219a8e4,60.14947,24.91438,000000004ef3150d,11.7
23171,2019-08-04T12:41:50Z,13ee67fb034e3d24edc9a9618e9d6de24979ebbcb399f83abb02a897,60.14699,24.922,00000000a53ed894,6.46
23172,2019-08-04T12:41:50Z,1496ce9cf373a2a508a8ab0b7aa0604dd889fd69483881c3752219af,60.14699,24.922,00000000a53ed894,11.7
23173,2019-08-04T12:41:50Z,1551f9fdd5a57b17be51babad39f807f04be4d340266c153eb860156,60.15432,24.9211,0000000019fb59c4,20.28
23174,2019-08-04T12:41:50Z,15cf6d343d34c11800b72aaf1776845a91669b36914f3f13d6da7149,60.14951,24.92138,0000000006dd41f6,23.56
23175,2019-08-04T12:41:50Z,15ee12e5f9be00a79b0cbbc9912f51cbfa3e486624567e1bde938fb6,60.1538,24.95595,0000000038bf9618,16.1
23176,2019-08-04T12:41:50Z,161aa798c2a18e132fb27ecded773218ea4e42eabbd0e5794b1d7017,60.15432,24.9211,0000000019fb59c4,21.87
23177,2019-08-04T12:41:50Z,16ca2e50aab654110e1bb81e5e374133f99b7f103d24d5cc9635423c,60.16897,24.95222,00000000aa852af1,29.32
23178,2019-08-04T12:41:50Z,1769031b7f4d75de0541e26427b9ecc92c84b80992e3b36bb8eb799e,60.16829,24.94214,00000000afef4555,3.74
23179,2019-08-04T12:41:50Z,194e6ced97ec114a37fe06d6d73fb687c057d411be476f1ea6f4852e,60.16897,24.95222,00000000aa852af1,21.87
23180,2019-08-04T12:41:50Z,197961cf403efacc6bdb07158a50753109701aba7a6e7cbf8502e1ee,60.14947,24.91438,000000004ef3150d,41.64
23181,2019-08-04T12:41:50Z,1a1d6a5c916dbba6f91ba33070bcd24c33091cf9859e7f40c953b677,60.16544,24.95398,0000000038d83d41,36.27
23182,2019-08-04T12:41:50Z,1a93dfa31156cee53b4bd527d8b74655a5da812b6933d8a86d871e47,60.14947,24.91438,000000004ef3150d,6.46
23183,2019-08-04T12:41:50Z,1aacd77e1fdbe1544cf1ab29a00642d77ce4a075e388e8a2108aa39b,60.16829,24.94214,00000000afef4555,14.89
23184,2019-08-04T12:41:50Z,1ad0b84716a79851fa8db7a993012f0c8e496d6cba9d028a546285a2,60.16897,24.95222,00000000aa852af1,12.69
23185,2019-08-04T12:41:50Z,1b3fba902b8d1538b508cdc228fd15fdd87f5aecb68e5611b1a4e354,60.16762,24.95415,000000006b44cce7,6.46
23186,2019-08-04T12:41:50Z,1bcef866fafad7c7460a084e0b0d27c087b549f4ae704390708be47e,60.149,24.9843,00000000fffb8cf0,7.69
23187,2019-08-04T12:41:50Z,1c13175307f58b1bf07c8838e26a2f5d0fd5b21a7517c0b4f4e6bd8f,60.1538,24.95595,0000000038bf9618,14.89
23188,2019-08-04T12:41:50Z,1c669457535e4635f732c228ec524f9d2c440b0d2132fa1acd93122a,60.16897,24.95222,00000000aa852af1,18.79
23189,2019-08-04T12:41:50Z,1c7ccd5d6570d98e57ef2ebbd716b7504b138f9bb616fbeaa0d1a268,60.14699,24.922,00000000a53ed894,7.69
23190,2019-08-04T12:41:50Z,1ca2a3dc3dfc4b7c43e5c2670f235bdd61b23459d91984dde3e5afff,60.14699,24.922,00000000a53ed894,13.75
23191,2019-08-04T12:41:50Z,1d4841b6905c46f3c38f79540bae2a88a4e660692149506c0db9da33,60.15432,24.9211,0000000019fb59c4,18.79
23192,2019-08-04T12:41:50Z,1dacfb371d75dd4f90f447aac2a00faad98beb4188a6971c19eb2375,60.16629,24.95957,00000000fb7600be,18.79
23193,2019-08-04T12:41:50Z,1dcb5d78c4ed02c596144501da43e29defedf2db734c34c36c9bacbd,60.16762,24.95415,000000006b44cce7,16.1
23194,2019-08-04T12:41:50Z,1e24a2120b13c780dbb3a67a73f5058d1847f126fd5f5952e6dddcd3,60.16075,24.95883,00000000f1124bca,21.87
23195,2019-08-04T12:41:50Z,1e63d2090b520af23ca3d2c9a05047dc0b0c63f7471b86e9d9f3e7cc,60.16629,24.95957,00000000fb7600be,20.28
23196,2019-08-04T12:41:50Z,1ec58e626d2335aeeaa7c7d8f715d4334274dbd43448fb62c3901ef6,60.16829,24.94214,00000000afef4555,25.36
23197,2019-08-04T12:41:50Z,1eed5192896838d1860e8ea14bda43d065b88fc7dc562f54765e85a8,60.16897,24.95222,00000000aa852af1,21.87
23198,2019-08-04T12:41:50Z,1efd3fbd32cdfc27dbc1c02c60e780bfb7d07f0fe1f00c72998f2892,60.16897,24.95222,00000000aa852af1,16.1
23199,2019-08-04T12:41:50Z,1f74037ecab4dbdc5db1a8dc8b583a86630f86a5f2d0a5167b7fa605,60.18203,24.91341,00000000342570c2,16.1
23200,2019-08-04T12:41:50Z,1f81ed7274add201d3059d4a37e2bbe86b6ae1f0fd42a16d7b8dccaa,60.14699,24.922,00000000a53ed894,9.12
23201,2019-08-04T12:41:50Z,1faaaeff6423708e06d94b904af4be93e399939fbdfd3b3091dc8bd2,60.15432,24.9211,0000000019fb59c4,13.75
23202,2019-08-04T12:41:50Z,203a0c145a43c9a18f8c2a5ba4e18882e7430662bb4ac0e56ab37578,60.17065,24.93641,000000000f4919c9,11.7
23203,2019-08-04T12:41:50Z,21eed3ade733687b8f56fade8290819b7c6b4a9f38468979fe692c3e,60.16762,24.95415,000000006b44cce7,5.91
23204,2019-08-04T12:41:50Z,2204ba387d2db0e7d2ca03f7ace46abff8d141668b73c75a1879d7ba,60.14947,24.91438,000000004ef3150d,7.69
23205,2019-08-04T12:41:50Z,22fe9a06fba1036e8eafd726bc450095b1893be067f475e1882bb704,60.14699,24.922,00000000a53ed894,11.7
23206,2019-08-04T12:41:50Z,231026899a6d5b326cb5b1e38b182ca1acb77c7e27bc2378973b29db,60.16629,24.95957,00000000fb7600be,10.78
23207,2019-08-04T12:41:50Z,23337c2812924a07e4f0bbc92e56d1f85ea40208b6b987f4afc686cf,60.16897,24.95222,00000000aa852af1,11.7
23208,2019-08-04T12:41:50Z,244b51aa4a7059ba782925258111c295aa4de9596025c55ccd5580ac,60.16829,24.94214,00000000afef4555,25.36
23209,2019-08-04T12:41:50Z,247f8b2fe544f61677fce4b7f300f6be0c3fa9f5a9f057cc0a4b2111,60.16762,24.95415,000000006b44cce7,8.38
23210,2019-08-04T12:41:50Z,257206d3f59df5c426a9c735f4741cba6d792de1cbafe62289d383d7,60.16897,24.95222,00000000aa852af1,25.36
23211,2019-08-04T12:41:50Z,2607d1b2fc6e31a80348fffbed68a7d3a8e0212f197f2d1c573c587b,60.14947,24.91438,000000004ef3150d,6.46
23212,2019-08-04T12:41:50Z,269124e75b1e74a7c7dc93b778e02f04d0a53e069a90081c0938ee4c,60.14699,24.922,00000000a53ed894,12.69
23213,2019-08-04T12:41:50Z,2838eddb482a9bc77b0b867352020e2cbfb71e85aaa1d61307e85f3d,60.14947,24.91438,000000004ef3150d,4.5
23214,2019-08-04T12:41:50Z,28b43564f7156b67db7cb7b779e948986d7610f921490f9030379704,60.16897,24.95222,00000000aa852af1,14.89
23215,2019-08-04T12:41:50Z,28d2c3282e9f8fec67baec7992dcd800c45b67071e33cb118905a6b3,60.16829,24.94214,00000000afef4555,4.94
23216,2019-08-04T12:41:50Z,2969cdb120f2d285c556abfe5bac2f8090571f61aba227a474a534d2,60.17065,24.93641,000000000f4919c9,14.89
23217,2019-08-04T12:41:50Z,29a1ee6c0907a00ec6b6dcbb187f5c31d1a11b261aabd339210ee013,60.16897,24.95222,00000000aa852af1,13.75
23218,2019-08-04T12:41:50Z,2a47bdc66249162a9588347a6cbe7895fe798bb25c1194cd69fb1e8b,60.14699,24.922,00000000a53ed894,14.89
23219,2019-08-04T12:41:50Z,2a767d6875ef5fa533a2eb311aafaab1d857135cf6da5786d2407a49,60.14699,24.922,00000000a53ed894,11.7
23220,2019-08-04T12:41:50Z,2e86f9a432e00fa6ff5b8744ffecbe22a02b4316779bc8b4078af2e2,60.149,24.9843,00000000fffb8cf0,31.5
23221,2019-08-04T12:41:50Z,2ee2e108ed9051b1ccf4d3ee89931dfd53170af0b558fa6579b83e8d,60.15432,24.9211,0000000019fb59c4,7.69
23222,2019-08-04T12:41:50Z,2fabc4773758a12492d31bdfe6b37e6523ae8caabecda356d33dce41,60.15432,24.9211,0000000019fb59c4,13.75
23223,2019-08-04T12:41:50Z,2ff487dabdafef45d633bd5239b8f21bc2f5fa019150a45f204eb8be,60.149,24.9843,00000000fffb8cf0,29.32
23224,2019-08-04T12:41:50Z,3165c6ee17d11e4b51e03844fd1234cd64aecc860cd6c162ceb99058,60.16897,24.95222,00000000aa852af1,9.12
23225,2019-08-04T12:41:50Z,32708990f2c831e65f70f2682baf5188fc93348b9a9e78ada8db2bf4,60.14947,24.91438,000000004ef3150d,1.7
23226,2019-08-04T12:41:50Z,33634cb1e3fc5d4a621e8717d203da8533ed27531a70c6cbe3abf3fa,60.16762,24.95415,000000006b44cce7,4.5
23227,2019-08-04T12:41:50Z,33ec502792a84f23fed03cf16e483d153c65e2850a2549f47034726a,60.16762,24.95415,000000006b44cce7,9.92
23228,2019-08-04T12:41:50Z,3459042c03cbb672a039f7f14a6b99b84f839b0598f9e48bf4dd95f5,60.14699,24.922,00000000a53ed894,12.69
23229,2019-08-04T12:41:50Z,347c2747f8b58cdc6f96b541d1a35f2c0e182b542706a38e0ce7ef4a,60.149,24.9843,00000000fffb8cf0,14.89
23230,2019-08-04T12:41:50Z,348d0f13ec830589831a973041803bc7b6c0f0b5f6e5a84e47f292d3,60.17002,24.94407,000000006b087f40,23.56
23231,2019-08-04T12:41:50Z,352427714fc6e8591df6bd227dde05d3b7ba0881742eee4ae750dcc4,60.15432,24.9211,0000000019fb59c4,23.56
23232,2019-08-04T12:41:50Z,35a958343879c000cfc3f0c01afbc7d54934265828677bf4aefef84f,60.14699,24.922,00000000a53ed894,7.69
23233,2019-08-04T12:41:50Z,36f876050503d244f74f3cbadcef716904eb2b245190d474b0cfa794,60.16762,24.95415,000000006b44cce7,2.08
23234,2019-08-04T12:41:50Z,37190d6ba826560355df0dff3a798fc7b83215adcac34acf54e7aa5d,60.16897,24.95222,00000000aa852af1,25.36
23235,2019-08-04T12:41:50Z,3721331dbb97151d17938ed835ffc7208eba26fba6100c62870a3a4f,60.14947,24.91438,000000004ef3150d,7.69
23236,2019-08-04T12:41:50Z,37945fa4e7409fab98aa8bde45081f5bd083def0059485274ad552c0,60.17918,24.95141,00000000675d5200,6.46
23237,2019-08-04T12:41:50Z,388cc7c522b659745d13c0c707774680483a0c8dc7f1266ab35d91e3,60.16762,24.95415,000000006b44cce7,20.28
23238,2019-08-04T12:41:50Z,38c90c54ec8f56ae2ee5c79f21130a2254d870968839584fc423f1d2,60.14699,24.922,00000000a53ed894,16.1
23239,2019-08-04T12:41:50Z,38e15f5aeb58c22ca456fc4d3a14f3b4d9f1fac43de070d2565eb1d3,60.16897,24.95222,00000000aa852af1,21.87
23240,2019-08-04T12:41:50Z,39310ebca1ad756aa2bfcb16c912cb7003ef3e7286a1f037603ade61,60.14699,24.922,00000000a53ed894,18.79
23241,2019-08-04T12:41:50Z,393a579e1c8efb19861f555f12040feeac853f37a2451116693e77aa,60.14699,24.922,00000000a53ed894,18.79
23242,2019-08-04T12:41:50Z,39f03a3a5fd777feee270921a7f51daec12ea679b542b0aaf2e808d7,60.149,24.9843,00000000fffb8cf0,23.56
23243,2019-08-04T12:41:50Z,3a6ce73ea4c03a14fc0d3d099e4698d3c1051a2e8e4bd552d5de394d,60.14947,24.91438,000000004ef3150d,7.69
23244,2019-08-04T12:41:50Z,3be48824225ca9f2aea5653f6ce21181a76e67a8d4b8361f0cba1f8a,60.14947,24.91438,000000004ef3150d,5.91
23245,2019-08-04T12:41:50Z,3c21ef81eb62764c543cc53a1eb793a317f3443dd4838799b2dbd6ff,60.16629,24.95957,00000000fb7600be,17.4
23246,2019-08-04T12:41:50Z,3cfa9796e4fbf308505fca8b79beef145e09a8da172a768f2fdbb99a,60.16762,24.95415,000000006b44cce7,16.1
23247,2019-08-04T12:41:50Z,3e51a6a20330a5ca5af145bab345165eb5f0fcce86d087af4088df64,60.14951,24.92138,0000000006dd41f6,25.36
23248,2019-08-04T12:41:50Z,3e9bb396fbc83c420e59acae7d393de6b4add7ec1dda523b9eaee7a5,60.16075,24.95883,00000000f1124bca,31.5
23249,2019-08-04T12:41:50Z,3ea5c91c32a318cb798767914dd025c2791a8c19e81c10c22f649247,60.18203,24.91341,00000000342570c2,21.87
23250,2019-08-04T12:41:50Z,3f395809cdaaaa1688c7d1cc770079bbf7ef1349e148bec5c8eacd57,60.16762,24.95415,000000006b44cce7,10.78
23251,2019-08-04T12:41:50Z,3ffe89aa6ab1e57883e21fa8f15969f46a5f487bccb2b993eadb3cfb,60.14699,24.922,00000000a53ed894,7.69
23252,2019-08-04T12:41:50Z,429295e322e9f143f79e9a6340e4974858aa9aa2f5ed6e8512dd00cd,60.14699,24.922,00000000a53ed894,12.69
23253,2019-08-04T12:41:50Z,429363aca20efd1e564b3ac367b9eb4702cce1afbe6a22dccb543a7f,60.16075,24.95883,00000000f1124bca,21.87
23254,2019-08-04T12:41:50Z,42d4eb6044091814f327d0b01dc9ae701506417af1a8ab7f4161650d,60.14951,24.92138,0000000006dd41f6,17.4
23255,2019-08-04T12:41:50Z,42da4298ed9f522421f17714e024d9b8fe22e7546df3deeb8b139bd3,60.16075,24.95883,00000000f1124bca,16.1
23256,2019-08-04T12:41:50Z,431375be6b9405ef55878f3aa0bb5dd6a35db8ba650a2bce05081c49,60.14947,24.91438,000000004ef3150d,17.4
23257,2019-08-04T12:41:50Z,436df7106ce19510536cf507d8939633784f67da2f872970e0d3ba43,60.16829,24.94214,00000000afef4555,8.38
23258,2019-08-04T12:41:50Z,43e1eab7f64d16e44a7ba2981efebc2152360e3841e16957d99a2e4e,60.14947,24.91438,000000004ef3150d,27.28
23259,2019-08-04T12:41:50Z,4533d27e96c5c6637ddff4243672d658fea4004970652882357105a9,60.14699,24.922,00000000a53ed894,16.1
23260,2019-08-04T12:41:50Z,457d11209b95b153efb57d8f2641f2db0823e91a0d608fa0555a5b69,60.14699,24.922,00000000a53ed894,18.79
23261,2019-08-04T12:41:50Z,4602ff9d03f6bf4fbb82976098cc1c73e7a7e754050401c772d1406e,60.14947,24.91438,000000004ef3150d,8.38
23262,2019-08-04T12:41:50Z,47cde44e4ddbf6c70162fa882eee962e7c3e2a037b650294ec46568f,60.14947,24.91438,000000004ef3150d,4.94
23263,2019-08-04T12:41:50Z,48f665ebb1a71b0d84fc02bd71918c5ab5608328db534639cbd2a255,60.14947,24.91438,000000004ef3150d,4.11
23264,2019-08-04T12:41:50Z,4a1a129202050ebeed57c0765b3c9d72574e077e2f6a1e0c6d2ce943,60.16531,24.9442,00000000fdda10fe,29.32
23265,2019-08-04T12:41:50Z,4b1050cc517631e36206d3528399c0b14748daec8c7d1b5dfa412299,60.15432,24.9211,0000000019fb59c4,4.11
23266,2019-08-04T12:41:50Z,4b85388cdaec2b4c15b546160ee326d9668a5e5d3c7b08d0c539946e,60.17918,24.95141,00000000675d5200,16.1
23267,2019-08-04T12:41:50Z,4be50f3eb033f3f46e3069049c8e0a34dc8a2607741c1764369ba4c2,60.16762,24.95415,000000006b44cce7,6.46
23268,2019-08-04T12:41:50Z,4bf75585466f0aafa2ed2956fe4b0f7235b4ba3a0606a52219b3156c,60.14699,24.922,00000000a53ed894,5.91
23269,2019-08-04T12:41:50Z,4cadc8cc23fd84febb6a8383030a34c97b3388a8c9ed7a64cc0f51a6,60.14947,24.91438,000000004ef3150d,11.7
23270,2019-08-04T12:41:50Z,4d4115f2971578ddc2428be944e2954c9e9a5472a818ec1805a022b2,60.149,24.9843,00000000fffb8cf0,14.89
23271,2019-08-04T12:41:50Z,4d7150fb2eb8468dc51f12b2de4a3610a7eb79c7352449ed92531f0e,60.1538,24.95595,0000000038bf9618,29.32
23272,2019-08-04T12:41:50Z,4ebdb6165c5d4892cdc21711313b98b1545bececfb886192c6f0ef22,60.16762,24.95415,000000006b44cce7,5.91
23273,2019-08-04T12:41:50Z,4f4940c5c77737c5b8f2fbd5a1b65886ea5f6e0e4fcd50447e11ce21,60.16075,24.95883,00000000f1124bca,11.7
23274,2019-08-04T12:41:50Z,4f93e95b96f69cefa42bba16e15af19b9c451693070e117b208ea068,60.16075,24.95883,00000000f1124bca,23.56
23275,2019-08-04T12:41:50Z,50e21d119f102cee2afe3ac7f1a32032527638769b05aca582d6ecb1,60.16762,24.95415,000000006b44cce7,4.94
23276,2019-08-04T12:41:50Z,514a3981fad6c695ac4940f09374b5d1c2e84d2ca835084ef8707714,60.16075,24.95883,00000000f1124bca,3.09
23277,2019-08-04T12:41:50Z,51b3c7870a399165f0d1d14f7d21688df32b0360f9cc6f3ca61890d8,60.16829,24.94214,00000000afef4555,3.4
23278,2019-08-04T12:41:50Z,52072bd384eaaf4a6958af5510ed039d194dee47f34667bc7bccbe0e,60.14699,24.922,00000000a53ed894,4.5
23279,2019-08-04T12:41:50Z,52f0e69ca7a5cebe604c1f32308dc7f8870d1d85cd4b25ad17f706e9,60.14699,24.922,00000000a53ed894,4.94
23280,2019-08-04T12:41:50Z,53263c2a4d1fc6edb42de24a91c19cc8d0050f1e61b0ddd97cf45bba,60.17002,24.94407,000000006b087f40,23.56
23281,2019-08-04T12:41:50Z,54065d53a62079540c4be1e19eafa5dd581e8ec35da0c31844438e0b,60.149,24.9843,00000000fffb8cf0,9.92
23282,2019-08-04T12:41:50Z,5554305bad43a71cf98d83e92708c7474c1efc189392c1ea94231e9c,60.16531,24.9442,00000000fdda10fe,2.54
23283,2019-08-04T12:41:50Z,56b8eace741e5227a40ea0a64601a737648080c63d6240b0dca632c4,60.16075,24.95883,00000000f1124bca,31.5
23284,2019-08-04T12:41:50Z,570dc61d53aec66ede39dfde66339640878453afc00cd1a55c60bca7,60.16544,24.95398,0000000038d83d41,18.79
23285,2019-08-04T12:41:50Z,571934189bf349efb6f596e76c21612cf9b82ed44913090169936048,60.17065,24.93641,000000000f4919c9,14.89
23286,2019-08-04T12:41:50Z,57bb8beeec6904b9a5cfe83c4ff9a80e63157780137f03de2a4152d3,60.16762,24.95415,000000006b44cce7,5.41
23287,2019-08-04T12:41:50Z,57f88614f91a133004ac1a6dea31a4090f899646a5f62ece691d87af,60.16762,24.95415,000000006b44cce7,11.7
23288,2019-08-04T12:41:50Z,58122bffe92a82d8b8a6fb46e406f2d86c32db26eca7557ec6943fa5,60.14947,24.91438,000000004ef3150d,14.89
23289,2019-08-04T12:41:50Z,583a35aa08fe45f96deb91a9f4b9317e86eddeee0d636cc11b3e2df8,60.16762,24.95415,000000006b44cce7,9.92
23290,2019-08-04T12:41:50Z,58411163d307bb308f9c94a9720e9ce5ab0ce4f5617cd2b1fcc2037a,60.16762,24.95415,000000006b44cce7,8.38
23291,2019-08-04T12:41:50Z,5966e39260804b1e804f63b354a53470a1f621ac8e68afdd522a565f,60.17002,24.94407,000000006b087f40,18.79
23292,2019-08-04T12:41:50Z,59b01cbdec8ff06fa6d50bac00c3f5f4c45132fc8a62800c08df5d6a,60.16629,24.95957,00000000fb7600be,10.78
23293,2019-08-04T12:41:50Z,5b102c62b98f29bd801e4dd0e9ddbc113db3faa38d59990b9ba5e9ec,60.173,24.92524,0000000096918cfa,23.56
23294,2019-08-04T12:41:50Z,5bbb03fd7db8dd6ddb6cf3e308c02476b0b549e3a4b28867cd8a89b3,60.14947,24.91438,000000004ef3150d,20.28
23295,2019-08-04T12:41:50Z,5bc858089bff2f1880f1807e91f165ebf9f1b5841445adcdfb988ddf,60.16829,24.94214,00000000afef4555,20.28
23296,2019-08-04T12:41:50Z,5bc8610f198c0ab38e4e89fd7f4828d032ca2a6ef97c2a17c79e296f,60.14699,24.922,00000000a53ed894,20.28
23297,2019-08-04T12:41:50Z,5c160268bc9b4b619181ce421d9e58c258e6b59a342945fc29f0004b,60.14947,24.91438,000000004ef3150d,9.12
23298,2019-08-04T12:41:50Z,5cd5117066c75a1cb83d3896a7eba3f3472e133f0013ea7d4e95daaa,60.14699,24.922,00000000a53ed894,4.5
23299,2019-08-04T12:41:50Z,5d70086d53447ee393249cef33c7bae814c1d7c2e3055fc91b38786c,60.17918,24.95141,00000000675d5200,16.1
23300,2019-08-04T12:41:50Z,5e7916ca910b02abf2d19906759663c23db63950a353fa546f55c8af,60.14699,24.922,00000000a53ed894,11.7
23301,2019-08-04T12:41:50Z,5ea49ba4de68e03664ec3a87f5de32434d7136b4f8323f022ff9df5b,60.16829,24.94214,00000000afef4555,9.12
23302,2019-08-04T12:41:50Z,60d5c11436b72dd4eb673f606bddc3f8f36675342cba015b9297155f,60.16448,24.97323,0000000053c6c2be,23.56
23303,2019-08-04T12:41:50Z,60d7fd34e511ad1565b92db2fbb5ef2908f7a273acceda524945e86e,60.16075,24.95883,00000000f1124bca,12.69
23304,2019-08-04T12:41:50Z,60d9b71ec38b796bf876dedfaf3112b49ff79677480c7603902857ae,60.14947,24.91438,000000004ef3150d,20.28
23305,2019-08-04T12:41:50Z,614ab7fba7255f6bf6f888e9a04d589962f756b3f427e658f10014f2,60.16075,24.95883,00000000f1124bca,4.11
23306,2019-08-04T12:41:50Z,6187e3415bcea985be770b4a90f3ed56fbfff1aa331759d34ccbd4ee,60.16897,24.95222,00000000aa852af1,29.32
23307,2019-08-04T12:41:50Z,62916b0c2a8ebabb938b5e97cb14eb89b2b32936d3fad04025ad5854,60.17002,24.94407,000000006b087f40,4.94
23308,2019-08-04T12:41:50Z,63d99db5b2b7360c501446ea5e89feba9bd1c6735a7670039916f2ad,60.1538,24.95595,0000000038bf9618,31.5
23309,2019-08-04T12:41:50Z,63defb71d4c3856253a0a2d67a5c370b91ad0527703b334a63fe5344,60.14947,24.91438,000000004ef3150d,13.75
23310,2019-08-04T12:41:50Z,64394b1287e19738900f57d5c7483e02866e40bc8241fc6f6fbecbcb,60.16762,24.95415,000000006b44cce7,18.79
23311,2019-08-04T12:41:50Z,643ef3f01a51bea3c4510d4060a945cd510e5189236d68f5c9489034,60.16829,24.94214,00000000afef4555,1.88
23312,2019-08-04T12:41:50Z,64638a9f9e6c9b32fc4b484b55e4934fcab6cb04605cc76d5f5534b7,60.17065,24.93641,000000000f4919c9,9.92
23313,2019-08-04T12:41:50Z,64e34af775b57908b23056a31d60ef3b005941f2e7c3db0c49df675d,60.17065,24.93641,000000000f4919c9,9.12
23314,2019-08-04T12:41:50Z,6516a10850095847a8156717b0fba05a9bdc9b5bfedd691ddb07f119,60.14699,24.922,00000000a53ed894,16.1
23315,2019-08-04T12:41:50Z,6525cc634176c25187e68e0d067bcfecfd78e399e93db4ee9d408b7e,60.17919,24.95181,000000007b5207b6,17.4
23316,2019-08-04T12:41:50Z,655204cb507ea9ae811105cdcd766161facaa9f729017a333f102391,60.149,24.9843,00000000fffb8cf0,9.92
23317,2019-08-04T12:41:50Z,65b3adca9ee7adbad7277ff62bf8d0019944180762113925a4e71d95,60.149,24.9843,00000000fffb8cf0,25.36
23318,2019-08-04T12:41:50Z,65de3b8621fadfc61e9d3657dc477ea9867f9d093f80cf0857dcad88,60.16762,24.95415,000000006b44cce7,9.92
23319,2019-08-04T12:41:50Z,66b9cea6cd979b4e9e391e0ef854e2cc38eca6fb9e166811e39edd11,60.16629,24.95957,00000000fb7600be,33.81
23320,2019-08-04T12:41:50Z,6723bebaab92d1a9f8b4318fd4f497a6dec6d7f8e0eafca443925213,60.16075,24.95883,00000000f1124bca,8.38
23321,2019-08-04T12:41:50Z,6774ed72eaf69d7c4aaeeef90990f969954155bbcc52652e75e7deef,60.16829,24.94214,00000000afef4555,7.69
23322,2019-08-04T12:41:50Z,677c53ae4056d6cb123ca576ba5284664b1c7e3e88818bd19b5dd99a,60.17918,24.95141,00000000675d5200,13.75
23323,2019-08-04T12:41:50Z,6875e3632a29207e29ded33617e66d55de5d8c7804fecedd6f1dfe12,60.14699,24.922,00000000a53ed894,6.46
23324,2019-08-04T12:41:50Z,69375ef968867906fc11b34d1e2c4b436d452cd47cb577a7f9e566ef,60.16762,24.95415,000000006b44cce7,4.5
23325,2019-08-04T12:41:50Z,698b200b63a644828a7314691a16af2af1bccef75d52abb5591a5542,60.14699,24.922,00000000a53ed894,5.91
23326,2019-08-04T12:41:50Z,6b97071051ccf5db7e5ebee033d4f68d58ed6917ff2fac5b205a6605,60.17065,24.93641,000000000f4919c9,31.5
23327,2019-08-04T12:41:50Z,6c7e018abdf8462af7c7b003bc30f915184f7082e9e865a2c502eed5,60.14699,24.922,00000000a53ed894,7.69
23328,2019-08-04T12:41:50Z,6f3dd17e40daabb4efe868f1b859dc00ecc01846f0a0e2b8db5d1413,60.17918,24.95141,00000000675d5200,7.69
23329,2019-08-04T12:41:50Z,6f8d7717df843a7b0be6b0dd55e933ebbd9819bd96c48f210e193e4e,60.16829,24.94214,00000000afef4555,18.79
23330,2019-08-04T12:41:50Z,6fdfc33c6b609ea80b4a38ecf657bc68b7bf659752b51edcc22ffb54,60.16762,24.95415,000000006b44cce7,5.91
23331,2019-08-04T12:41:50Z,6ff93560ca77c6e5a25bc7441cf33cf7fa0138b3da4d99b2dbf5531b,60.14947,24.91438,000000004ef3150d,18.79
23332,2019-08-04T12:41:50Z,70c56152af84cf1bad4d19b0cb31202232b4cd4320ce5ea48895e42b,60.14947,24.91438,000000004ef3150d,13.75
23333,2019-08-04T12:41:50Z,71479e7c1c4fd96468f16800ff04484480c76e0953d2074500b0df31,60.17919,24.95181,000000007b5207b6,18.79
23334,2019-08-04T12:41:50Z,72231bca658d3a16f3bf9c26ba5f13393b8377e4ab0b9ed3de6c811f,60.14699,24.922,00000000a53ed894,13.75
23335,2019-08-04T12:41:50Z,733f21ebebe353e10a55a74b40a0a480e6d276334d4f3d8bcf85b711,60.16075,24.95883,00000000f1124bca,18.79
23336,2019-08-04T12:41:50Z,737779d5b545043aa16af1ca616beeb1b5dfae5e6e1d4a789d7b316d,60.16762,24.95415,000000006b44cce7,14.89
23337,2019-08-04T12:41:50Z,745e52dafbfa395ea41c5fcd0c2717b9091e44d19ab89e03991fdbb7,60.16762,24.95415,000000006b44cce7,13.75
23338,2019-08-04T12:41:50Z,759f94c852ff15ca91c3138913c3858c4801702f8f0514ae82fb2a19,60.16897,24.95222,00000000aa852af1,16.1
23339,2019-08-04T12:41:50Z,7664b7f08aaa059ecf6646a595c33fae0c80715febe63e31f45a4662,60.16762,24.95415,000000006b44cce7,3.4
23340,2019-08-04T12:41:50Z,7710eccd13983db8899bd9b7c5b087af0c0580dd467b31f68bd49fa7,60.17002,24.94407,000000006b087f40,23.56
23341,2019-08-04T12:41:50Z,773cde2fe905572767422dd8f7b13c6579d615ef03314b665c7bf40f,60.16762,24.95415,000000006b44cce7,5.41
23342,2019-08-04T12:41:50Z,777cceac7be6303a1c82f7cc68061528b01e3aa1b3aa6481cad9e5e3,60.16075,24.95883,00000000f1124bca,8.38
23343,2019-08-04T12:41:50Z,77a12194b9a6789f4b2b8c07ae7fce3c2b531cb221e5fa7ca5deae55,60.16897,24.95222,00000000aa852af1,11.7
23344,2019-08-04T12:41:50Z,79bde23c1a8980f93a65e14306f0d8ea89e164430d8b991e2bfee82e,60.16531,24.9442,00000000fdda10fe,16.1
23345,2019-08-04T12:41:50Z,79d30a3ef05e3d34450d1c975b3fa9d21b994f078f943db791239b07,60.14699,24.922,00000000a53ed894,17.4
23346,2019-08-04T12:41:50Z,7a4a06d20ebe57d94e5fceeaf47d5b56ad9a515818e9c20e21a80e61,60.16629,24.95957,00000000fb7600be,13.75
23347,2019-08-04T12:41:50Z,7ab335e046f7f3597f8f615a90857885e35cfecefebd5d24bbf0af90,60.16075,24.95883,00000000f1124bca,7.69
23348,2019-08-04T12:41:50Z,7ad93fed82e41ea4422fa101badc698b0328c3ebf0f6b73c5164d438,60.16897,24.95222,00000000aa852af1,9.12
23349,2019-08-04T12:41:50Z,7af6672e274ebe27cdb785373a857fc5bcad92a386c36dbe3221d4f4,60.14947,24.91438,000000004ef3150d,25.36
23350,2019-08-04T12:41:50Z,7b61dc50070867948abbe5275032ae82e7643ca4158a809fe41a8b69,60.14699,24.922,00000000a53ed894,4.94
23351,2019-08-04T12:41:50Z,7be762f58d54665c5e6668eb2fb3eae7201522ddff196bbc5eb731f0,60.14947,24.91438,000000004ef3150d,27.28
23352,2019-08-04T12:41:50Z,7c9213d7d9786431a8781a665fa1b7091507aa244d28b85d07a1399a,60.17065,24.93641,000000000f4919c9,29.32
23353,2019-08-04T12:41:50Z,7d9a3d84c09c3a8d6876389e216e0278048d6b924890fb275a078ffb,60.16531,24.9442,00000000fdda10fe,1.01
23354,2019-08-04T12:41:50Z,7e76449e59f1e3a1a615b54408115353fbb14d815390d03a73b1a7bb,60.14947,24.91438,000000004ef3150d,7.05
23355,2019-08-04T12:41:50Z,7ee87b87cf01698f643e1ba3117b245039edc811605df5dc802e7576,60.14947,24.91438,000000004ef3150d,9.92
23356,2019-08-04T12:41:50Z,7f2f97e26d55f653ed70260ea4f893d01a3984cbdf6d7a3bfb2641de,60.16829,24.94214,00000000afef4555,9.92
23357,2019-08-04T12:41:50Z,7f3c9dd2c7352cb81fb186a7d700841d2bcb47cd8ea0d5f8719b5908,60.16762,24.95415,000000006b44cce7,9.92
23358,2019-08-04T12:41:50Z,7f786ec8e06f1ca3bdd10fc60d0114baf354125b8f6cf796d197f4cc,60.16075,24.95883,00000000f1124bca,5.91
23359,2019-08-04T12:41:50Z,7fe10e69931c2d658099a314f3fce64865329e12a7b834c375e2d5d2,60.14699,24.922,00000000a53ed894,8.38
23360,2019-08-04T12:41:50Z,80bbbdbb2393bd532901304597c074f0872c71c7a1679243a485943b,60.16897,24.95222,00000000aa852af1,33.81
23361,2019-08-04T12:41:50Z,80cbcb887f3e351e3bef7c5f53dccc578cc3494feec514aed7015c0d,60.16075,24.95883,00000000f1124bca,5.91
23362,2019-08-04T12:41:50Z,80cc39b04598f971820e63498fd27ae72a12a45a60c220fe625b282a,60.14699,24.922,00000000a53ed894,12.69
23363,2019-08-04T12:41:50Z,8164c6a1ba8bb70b66a8eb236262d7f6defe7d476295595f37375f95,60.173,24.92524,0000000096918cfa,25.36
23364,2019-08-04T12:41:50Z,81da708a2709f98b8d5d8b1a586bf6e1d5de068c5b9bacca55bb9ff1,60.1538,24.95595,0000000038bf9618,33.81
23365,2019-08-04T12:41:50Z,81fed8075f6ecb598d4ddc816663fc3693278a971ccec3048ef1ef51,60.17002,24.94407,000000006b087f40,27.28
23366,2019-08-04T12:41:50Z,82411c6526228322a61f59259f13adf7cde62bd767587b6735867705,60.17918,24.95141,00000000675d5200,9.92
23367,2019-08-04T12:41:50Z,83121a75723643c48e3c3b0a3ea5fccb532046432ca445833e8de06a,60.16762,24.95415,000000006b44cce7,0.41
23368,2019-08-04T12:41:50Z,848fe01e24ccc782e5968171f53ea31d28f20a455c45d8bac8fb7374,60.173,24.92524,0000000096918cfa,12.69
23369,2019-08-04T12:41:50Z,8499290ca844477035cb04c821386788d09243bf12e2337d45411ac1,60.17002,24.94407,000000006b087f40,23.56
23370,2019-08-04T12:41:50Z,849a662d95d4185421aff7c6213ba5d7b84cfc58c9fb30ff34054e4c,60.16075,24.95883,00000000f1124bca,7.69
23371,2019-08-04T12:41:50Z,859b417d0b562f5c4ab33c3877c95cd7cbb332db91dcd0f4e7a4f3b6,60.14699,24.922,00000000a53ed894,11.7
23372,2019-08-04T12:41:50Z,85d66944a64cfde859e7e08ca4b79f3b39d5b03141d500fe7ce73f7e,60.14699,24.922,00000000a53ed894,9.12
23373,2019-08-04T12:41:50Z,868cd7608ed6beb209db2aad8c71f56b8aec3a6b453be18e4af217a2,60.17065,24.93641,000000000f4919c9,16.1
23374,2019-08-04T12:41:50Z,87bb1abe21abfcb5e5c2039e579cff7ca863a6019207db356de5b7c2,60.14699,24.922,00000000a53ed894,12.69
23375,2019-08-04T12:41:50Z,87cbb5265cd1cc3213ddb5ed9ed2a599ddb7db0b0747121d649b0ae3,60.16544,24.95398,0000000038d83d41,18.79
23376,2019-08-04T12:41:50Z,8947a5209f3b32173d3dc72792039edf94a2711741ab041b62b30643,60.16762,24.95415,000000006b44cce7,5.91
23377,2019-08-04T12:41:50Z,896f7e896dc6f1ea44b82bf968a988cc10c358ee34821d9d7a4bd07a,60.14947,24.91438,000000004ef3150d,9.92
23378,2019-08-04T12:41:50Z,8a08b2de43a9ef03cf96610718c908e69dcacc59f536a7135b7bb542,60.16629,24.95957,00000000fb7600be,11.7
23379,2019-08-04T12:41:50Z,8acb351d2b6acbd61099205c5c497b7507c1a4da115c4b8fcaa8c930,60.16762,24.95415,000000006b44cce7,12.69
23380,2019-08-04T12:41:50Z,8b2db0cf88df127735158a23e876f7746a3f6a8ac67d170ca06d1055,60.1538,24.95595,0000000038bf9618,25.36
23381,2019-08-04T12:41:50Z,8b641985c793a3f25a45b2460cb01f5baa6f339c6dd26ba7752d8a7a,60.16897,24.95222,00000000aa852af1,17.4
23382,2019-08-04T12:41:50Z,8ba6cfc17ca70e8304994e018ebd5eb2003177062cde05925d5cacb3,60.173,24.92524,0000000096918cfa,20.28
23383,2019-08-04T12:41:50Z,8bbf5422247a0a6be314130d8fd9ae1814401b75acf3b3ce2da9620c,60.14699,24.922,00000000a53ed894,9.12
23384,2019-08-04T12:41:50Z,8ca0330471c9226b95a7aae64e6a8e47adaf5ddf7efec36a68652f3d,60.16075,24.95883,00000000f1124bca,18.79
23385,2019-08-04T12:41:50Z,8d73f674010f5cb02e8f20251ed86a9afcb7f6b3926039470296bd00,60.17065,24.93641,000000000f4919c9,20.28
23386,2019-08-04T12:41:50Z,8d8a869e83fe2ac29e791666634a33af3ea4048ea4e752b6fb1e238c,60.14947,24.91438,000000004ef3150d,5.91
23387,2019-08-04T12:41:50Z,8edd2176e127f8d3baff43afa20a9869b1e3a4f6df8a0930b52064d1,60.14699,24.922,00000000a53ed894,21.87
23388,2019-08-04T12:41:50Z,9023a89a49a372e5f97cf86ef1b5de0164eb67cc10d394d383ab75fd,60.16829,24.94214,00000000afef4555,23.56
23389,2019-08-04T12:41:50Z,90d2c337b3629bdc073dbbe6f0793b7bf6f65d63deb77bddf24052a8,60.16897,24.95222,00000000aa852af1,16.1
23390,2019-08-04T12:41:50Z,920dc90f60b295267f63efc8f968408087b71878dc3f49f0ded1c41e,60.17918,24.95141,00000000675d5200,9.92
23391,2019-08-04T12:41:50Z,93a2100e233b204243f7e69b68dea7c9a145d1b5384bd18359bf87a3,60.16531,24.9442,00000000fdda10fe,1.54
23392,2019-08-04T12:41:50Z,93e409819362e2429a43710ff4330bd3ed83011b73ae438dd7fb62d8,60.16762,24.95415,000000006b44cce7,7.69
23393,2019-08-04T12:41:50Z,94237bc673d78a307ecc9da6df18d0b37e632b8cd6709f81081f000a,60.17002,24.94407,000000006b087f40,5.91
23394,2019-08-04T12:41:50Z,9542a6d9883eb7a1065854d6f72274cf8d953b5846a4fce3fba9b00d,60.1538,24.95595,0000000038bf9618,25.36
23395,2019-08-04T12:41:50Z,9575ef1c44f26f0301d726029c8b1c28011a4724496943451bee6544,60.14947,24.91438,000000004ef3150d,9.92
23396,2019-08-04T12:41:50Z,9604244c18efd5978b809f021651f7743e0e64da38fcf3718f9b4f93,60.14699,24.922,00000000a53ed894,4.11
23397,2019-08-04T12:41:50Z,97264f5808fa13851dacabf0c98525eec29849ff4b6a744cc777fd5b,60.16075,24.95883,00000000f1124bca,8.38
23398,2019-08-04T12:41:50Z,9736a8a29aee134a307e0cd4221e9b0a2ab7c48befee43fc62e9f9bd,60.14699,24.922,00000000a53ed894,13.75
23399,2019-08-04T12:41:50Z,9868033d7f0d18f01d12a4034f37bf5d6e51e5ed9124c68d4b8b8e6c,60.14947,24.91438,000000004ef3150d,12.69
23400,2019-08-04T12:41:50Z,987d01417bcff2d7f663704309df2ebdcdb035da3ddb085fab0cf928,60.16829,24.94214,00000000afef4555,20.28
23401,2019-08-04T12:41:50Z,9885627881a266e5cf401516e009049e859d738e2e019be570f4b4d8,60.16448,24.97323,0000000053c6c2be,8.38
23402,2019-08-04T12:41:50Z,98bb3b6f5e2403b14b8e01616c07b03bb1fd153ded656033d7bd3533,60.16075,24.95883,00000000f1124bca,4.5
23403,2019-08-04T12:41:50Z,99334da99912e6d4b516e02432e7f88db5a5b87f635722bc3a8b38a6,60.14699,24.922,00000000a53ed894,21.87
23404,2019-08-04T12:41:50Z,994b630283c750a0b697359e32c4bd06d5b4a32d2edb6c12cce42b32,60.16829,24.94214,00000000afef4555,14.89
23405,2019-08-04T12:41:50Z,9a9db814dfa74ca2c2d51496299715310e81c6e6525cc9d2cb0762eb,60.16897,24.95222,00000000aa852af1,12.69
23406,2019-08-04T12:41:50Z,9ac4c3176875b59567d28bf01df0c9490620902ff082fd0b93d15cb4,60.18203,24.91341,00000000342570c2,23.56
23407,2019-08-04T12:41:50Z,9acffb3f8b8720e2de83c8cfd41915d268d5eca34e0bd280eed3e6f4,60.16897,24.95222,00000000aa852af1,11.7
23408,2019-08-04T12:41:50Z,9b03b610755f4cec2e9d83a9763204e758a075614b125210bc914df5,60.16075,24.95883,00000000f1124bca,12.69
23409,2019-08-04T12:41:50Z,9bad872c31c8c5e53f064b5367350b41271d45ca8a9e508136622800,60.16897,24.95222,00000000aa852af1,9.92
23410,2019-08-04T12:41:50Z,9e3d4a4b1acd94d2896cd7cf56419110f06ea96faae37aadebd4ec77,60.14947,24.91438,000000004ef3150d,3.74
23411,2019-08-04T12:41:50Z,9ff13c715073d5ad9c464cb67b6de3f703435cf389c32cce5626dfe1,60.149,24.9843,00000000fffb8cf0,18.79
23412,2019-08-04T12:41:50Z,a1b52cda133b45cf931b9e31d4037fb841f80432e99d6a000beeadc8,60.17002,24.94407,000000006b087f40,16.1
23413,2019-08-04T12:41:50Z,a22736c5d66f417bc6b745f51492549dc2e5a3c766f5e7e23f183b41,60.14947,24.91438,000000004ef3150d,3.74
23414,2019-08-04T12:41:50Z,a2e771418a36fc43aa9719d034aa9e3a7a751c5123e4bd33cc2aeea7,60.16531,24.9442,00000000fdda10fe,50.98
23415,2019-08-04T12:41:50Z,a38a21a97a054541f0423f03758c70227116c05254958373e3e93ad0,60.14947,24.91438,000000004ef3150d,11.7
23416,2019-08-04T12:41:50Z,a422a30ec1eb058c7930e1352297c161639faa5b3ca5f5fa47c4adb3,60.14947,24.91438,000000004ef3150d,4.5
23417,2019-08-04T12:41:50Z,a47f8d59e11da7fa47e0cbe518b593e023018f122d5710ffbb775c0f,60.16829,24.94214,00000000afef4555,25.36
23418,2019-08-04T12:41:50Z,a6158fc663b4931ef4e811a4acf62ab2f658241775e200b14684f87d,60.16897,24.95222,00000000aa852af1,16.1
23419,2019-08-04T12:41:50Z,a6f944078dd26796f5a849ccb6fdf8a4436f913cf3302597c846462d,60.16762,24.95415,000000006b44cce7,7.69
23420,2019-08-04T12:41:50Z,a7472d1b63171c047444981df223670390009e3ea502132d9963e9fb,60.14947,24.91438,000000004ef3150d,7.05
23421,2019-08-04T12:41:50Z,a794d97e26d3678bb11b4364880414bb7bfac4bb49d1867b37b489f7,60.14947,24.91438,000000004ef3150d,25.36
23422,2019-08-04T12:41:50Z,a8bd45406d5913e098652d4c2d836339758e08d21bf5d88becabdd36,60.14947,24.91438,000000004ef3150d,17.4
23423,2019-08-04T12:41:50Z,a8df2631c2442628608c1f0352c896eb532a6ca08c85de2c77360aa8,60.14947,24.91438,000000004ef3150d,3.74
23424,2019-08-04T12:41:50Z,a9dfc9065260957b1eb8dc3b11b793f73f7940fa5cb61acb16a260e2,60.16897,24.95222,00000000aa852af1,20.28
23425,2019-08-04T12:41:50Z,aa076c3f0d09145aebbb750dde9849ba4eb6759e92ba5753280184d6,60.16762,24.95415,000000006b44cce7,8.38
23426,2019-08-04T12:41:50Z,aa6d51fc5411b69567cb854360c4a81267eac19446946eb27618306a,60.14699,24.922,00000000a53ed894,10.78
23427,2019-08-04T12:41:50Z,ac76ddb47330fe8965a3fd8ac890bda3045bb0ec515928503c2ee81a,60.16629,24.95957,00000000fb7600be,23.56
23428,2019-08-04T12:41:50Z,acdcc8ae1d1c6bb055dfc108154eae58b4b894f0ce1ff174c1065c7e,60.16762,24.95415,000000006b44cce7,4.11
23429,2019-08-04T12:41:50Z,acf2ca75fc89f696e4c4e66a3328bbd0d7e9245a7e0a24d94db9db8c,60.16629,24.95957,00000000fb7600be,23.56
23430,2019-08-04T12:41:50Z,ad8af809ed47a3391bb53d11da159b3a8b0ddc264d94c049ce72bda0,60.17065,24.93641,000000000f4919c9,2.3
23431,2019-08-04T12:41:50Z,ae08ba8b9f7ef2a4326d6d7bbf452a87d08f8062feaf20cb7101d414,60.15432,24.9211,0000000019fb59c4,13.75
23432,2019-08-04T12:41:50Z,ae87b8dd8920695bc9e599874667205991c04e30666d8523f0be4350,60.14947,24.91438,000000004ef3150d,4.94
23433,2019-08-04T12:41:50Z,aec4b11f0b1ec075878ca4a3b94da464f6fc96e330b913d5bfd346b0,60.16897,24.95222,00000000aa852af1,7.05
23434,2019-08-04T12:41:50Z,af2076810e26511562c652d7bb56794c120526dbd4919212167cc3ed,60.16897,24.95222,00000000aa852af1,21.87
23435,2019-08-04T12:41:50Z,b07bf68512027f613ec42ef35ecc9ae28f38158a4193299be33e7481,60.14699,24.922,00000000a53ed894,29.32
23436,2019-08-04T12:41:50Z,b0a20a40885487350aaf5c8f46dab27d4d7e1d5c24fefec54c0c62d4,60.16829,24.94214,00000000afef4555,21.87
23437,2019-08-04T12:41:50Z,b255261b4f367acbf68fac08700949f13001dfe40901f75ec4a321a9,60.16897,24.95222,00000000aa852af1,20.28
23438,2019-08-04T12:41:50Z,b26a9be85f5fd17ea58397762fa55db3c8f68fb709d586d61527c892,60.16829,24.94214,00000000afef4555,6.46
23439,2019-08-04T12:41:50Z,b3d99c04e3db6b698e6e54f19434461336954d0c15385bff6e557be8,60.173,24.92524,0000000096918cfa,36.27
23440,2019-08-04T12:41:50Z,b3e9da5a37ed8ed450753cb7443e607ed1de2af685bad5be61b3e91c,60.16075,24.95883,00000000f1124bca,9.92
23441,2019-08-04T12:41:50Z,b41cc64d7ab4e16a03573bdc3b5863c4b402ec66c7780c7900c02877,60.16829,24.94214,00000000afef4555,13.75
23442,2019-08-04T12:41:50Z,b523d3f8341906e4b3877ff7d9614b4e10d6bbf10afdcc6c53656c8f,60.17065,24.93641,000000000f4919c9,14.89
23443,2019-08-04T12:41:50Z,b5699cee0ca3024bb38dcee9c2b88c0717831bda1fc341722d38a783,60.16448,24.97323,0000000053c6c2be,20.28
23444,2019-08-04T12:41:50Z,b5e3abaccf4a03480985d25eb9fbf454c87f7ad06c38c8bdeb0819fa,60.14699,24.922,00000000a53ed894,13.75
23445,2019-08-04T12:41:50Z,b619a20a2a26eeb9431f9666cf192254bb2263e09f6560a5ff68f8f0,60.1638,24.96846,00000000d747f075,33.81
23446,2019-08-04T12:41:50Z,b69b16c2a26a4bb629e51e0165fb79bbffdeb2a24c5d49297fddfcb0,60.16762,24.95415,000000006b44cce7,20.28
23447,2019-08-04T12:41:50Z,b81e80c4efa2f6bf7a24861abfd0f0fb5672f1512dc7545a1d387f7f,60.16762,24.95415,000000006b44cce7,9.92
23448,2019-08-04T12:41:50Z,b8201571cb5ac01b7db7af4fba6c7ff58336a3f03d0fe13edf985c41,60.173,24.92524,0000000096918cfa,23.56
23449,2019-08-04T12:41:50Z,b82ba472f0cb919b39c31b9c737f1608f6a31ffa63352768f9fa12ea,60.16829,24.94214,00000000afef4555,7.05
23450,2019-08-04T12:41:50Z,b92c7fb1d77c3f326d59dbe2689bb5b8ff10fcd691f28b36aa98408c,60.17002,24.94407,000000006b087f40,20.28
23451,2019-08-04T12:41:50Z,b9c0ac0bb7310d92c296a8870603ebd12c0c632cfc2a1fa33092b337,60.16762,24.95415,000000006b44cce7,9.92
23452,2019-08-04T12:41:50Z,ba9825bb3cfae6aeb29833f0a11189802065c73f8e541b2bcb5b572f,60.14699,24.922,00000000a53ed894,17.4
23453,2019-08-04T12:41:50Z,bb0193f2b0ac4801fe82ed5cec75e687465d707d92e731047f81650f,60.1538,24.95595,0000000038bf9618,3.09
23454,2019-08-04T12:41:50Z,bbe1e18f88cf88928067a0221965768c1f2ae264291cea564d7eb7e8,60.16897,24.95222,00000000aa852af1,13.75
23455,2019-08-04T12:41:50Z,bbe7947ea50de5986f237ccab5782ddb55c199ad6a81e8f692670d0c,60.16829,24.94214,00000000afef4555,5.41
23456,2019-08-04T12:41:50Z,bbeaad18acdd3a2602aa5b07ab6ae8df489cb499c4490b3e6f561a5e,60.16544,24.95398,0000000038d83d41,20.28
23457,2019-08-04T12:41:50Z,bbf8cd606b9732370f1c0ae0e68d6d0663a23102d831dd10c0e74819,60.16897,24.95222,00000000aa852af1,9.92
23458,2019-08-04T12:41:50Z,bc07df8cc395f6f4f5d483b2233caca5f93a6918f346e4cc3702f8cc,60.16531,24.9442,00000000fdda10fe,13.75
23459,2019-08-04T12:41:50Z,bc3861c61a46fbf78a7423712f1a528cf9f8332531271933056c233f,60.16829,24.94214,00000000afef4555,9.92
23460,2019-08-04T12:41:50Z,bc478512e217b12ec7e01e1ce8247d394a57fb0c0cc72940f562adc2,60.17065,24.93641,000000000f4919c9,14.89
23461,2019-08-04T12:41:50Z,bddca8fc17056f9f207a259070e281eedf4cea3e8e22093b88bbd7b5,60.14699,24.922,00000000a53ed894,18.79
23462,2019-08-04T12:41:50Z,bef86aee891e6813146b3b9679809c39591429ebddf99a44cc9a60ed,60.14951,24.92138,0000000006dd41f6,31.5
23463,2019-08-04T12:41:50Z,bf2e5725b255e320f1e8375ec03f55194f1fd9f751be9629d873a5c8,60.14699,24.922,00000000a53ed894,2.8
23464,2019-08-04T12:41:50Z,bf992d3cd95a73f02d7223eaffe90a94e3e1e98a8c6759bab631b5b0,60.14947,24.91438,000000004ef3150d,10.78
23465,2019-08-04T12:41:50Z,c0722f63618f97eb8ec4afac1a8538b81a3c87e623d753ad1201bf7c,60.16075,24.95883,00000000f1124bca,4.5
23466,2019-08-04T12:41:50Z,c22d0093a8d103f59838ad43218fa834e328847e5094bcb2e98d5307,60.16829,24.94214,00000000afef4555,10.78
23467,2019-08-04T12:41:50Z,c261834e6d2c1bd9adddb82d8c6ce2d8aad82a89e32da62f3fcc6063,60.16075,24.95883,00000000f1124bca,6.46
23468,2019-08-04T12:41:50Z,c2cc1b6c0c0d4fc16a65430d50430a6931aa2801399b5a6efa9c1a9b,60.14699,24.922,00000000a53ed894,18.79
23469,2019-08-04T12:41:50Z,c2df6019d8d482b8e842c4255041699db5564f71198829142be74c80,60.16762,24.95415,000000006b44cce7,12.69
23470,2019-08-04T12:41:50Z,c36d58ed0e0dddb3e26be1214e369db1c3fa3d4bcf8b53536a25239b,60.17065,24.93641,000000000f4919c9,2.8
23471,2019-08-04T12:41:50Z,c3be6dcc2c0542676c20d28ce38adbe2c0b9be09caa3f22e60210636,60.16075,24.95883,00000000f1124bca,6.46
23472,2019-08-04T12:41:50Z,c3e5ee20ca76f7347fda00c4c2fdee291bc6d843a879b26fbdd70390,60.17065,24.93641,000000000f4919c9,25.36
23473,2019-08-04T12:41:50Z,c493415e869d6e6304841784a120f994272b83557256b43e44e4f3e0,60.14699,24.922,00000000a53ed894,14.89
23474,2019-08-04T12:41:50Z,c551d554f64ffda092ce6c4a6715f0ed438c9649f7676b2944f1ea2f,60.14699,24.922,00000000a53ed894,20.28
23475,2019-08-04T12:41:50Z,c593e91b10da944a20d25c4237bda2fae759d288cea38bcaaee3abfa,60.16448,24.97323,0000000053c6c2be,25.36
23476,2019-08-04T12:41:50Z,c633a260ce59bad4e1ca42f12936ed8ae57a40f5e6528dfb70052c43,60.16897,24.95222,00000000aa852af1,14.89
23477,2019-08-04T12:41:50Z,c7416c039513e3156222d936c483164a0914a3b5a5310985374f4767,60.17065,24.93641,000000000f4919c9,29.32
23478,2019-08-04T12:41:50Z,c905a50dedd9b3d2114cde9160b7adf83adc09683b65598ce24c4047,60.1538,24.95595,0000000038bf9618,31.5
23479,2019-08-04T12:41:50Z,c9822d9c012b25f745a2934c523f3c9e6db75fbe3f5e673475813381,60.15432,24.9211,0000000019fb59c4,14.89
23480,2019-08-04T12:41:50Z,ca507a06be040b3e520339b63d5bd15463a1862124c4bd940d936e4a,60.16762,24.95415,000000006b44cce7,14.89
23481,2019-08-04T12:41:50Z,cad80f69731ad65f7f14bf400d674e0c42de462bd42db112c9d9f261,60.16075,24.95883,00000000f1124bca,13.75
23482,2019-08-04T12:41:50Z,cb3f05d5604f5532e039e6d40514b13aba8f6274d952bb17a8b801fc,60.15432,24.9211,0000000019fb59c4,23.56
23483,2019-08-04T12:41:50Z,cbc336691f17a9c508549e03d522166247a0cd0a944321c1a7d15525,60.14699,24.922,00000000a53ed894,10.78
23484,2019-08-04T12:41:50Z,cc2cf42c6b14536fb92c810ff0e3dd5a3caa74236f14246a5b6e8cdc,60.16762,24.95415,000000006b44cce7,7.05
23485,2019-08-04T12:41:50Z,cc3ab8b82d60cbeb3ccd635efb6cd12d127645ab3d03b73bcfec7455,60.16762,24.95415,000000006b44cce7,14.89
23486,2019-08-04T12:41:50Z,cce6b6f309e43e2bb1be6a9784582a82891e976d0869d01040586d27,60.14947,24.91438,000000004ef3150d,7.69
23487,2019-08-04T12:41:50Z,cd2346f3db5667fe43eb0d974ddf486ce9722fe427e98ee232d1ba12,60.14951,24.92138,0000000006dd41f6,25.36
23488,2019-08-04T12:41:50Z,cd3e127e27387b6e06cdf27f46fb6046e4182e4d7b49b49c17167c1c,60.14947,24.91438,000000004ef3150d,20.28
23489,2019-08-04T12:41:50Z,cd4867e8bfd7af028b5546f9acfa77ecb7ff107d7c09d62186ecbbd7,60.16075,24.95883,00000000f1124bca,12.69
23490,2019-08-04T12:41:50Z,cd4ecd3b83630f6e5d65f635804e47a1ceb82853aac36af30044f06a,60.149,24.9843,00000000fffb8cf0,17.4
23491,2019-08-04T12:41:50Z,cd62fc5a92bd89f24a6e3d736d5511bf872859d762723b92f2092abc,60.16829,24.94214,00000000afef4555,25.36
23492,2019-08-04T12:41:50Z,cd9b2be9ffb37c8b7c5c25f587c95b1c7932a21fb245487ea2f740d9,60.14699,24.922,00000000a53ed894,9.12
23493,2019-08-04T12:41:50Z,ced0425d382ce86b7565a8b7b36a453a0880a08ba10090524e6c1ac5,60.14699,24.922,00000000a53ed894,11.7
23494,2019-08-04T12:41:50Z,cef1d06a10cfa08bcaef8b36535c2ec32c756a76cc0d5c2a1246f933,60.14699,24.922,00000000a53ed894,8.38
23495,2019-08-04T12:41:50Z,cfa42322be0000cf89d8969d1b88ace0ba99cab721dd58d55d41a36e,60.17065,24.93641,000000000f4919c9,11.7
23496,2019-08-04T12:41:50Z,cfc2a688ff31fbb1baac8790fb6d56dc7746ba2cf9e0e5f39d4751a4,60.14699,24.922,00000000a53ed894,4.11
23497,2019-08-04T12:41:50Z,d0413da80c7714f40ffe50dcfb00039280c64ecebc61c59df72965e6,60.149,24.9843,00000000fffb8cf0,20.28
23498,2019-08-04T12:41:50Z,d098b9b5b30c5fcd4ae8a2b8bc761df72829713d3ae919634876d349,60.14699,24.922,00000000a53ed894,7.69
23499,2019-08-04T12:41:50Z,d0aa228c2a3e6e1568e876cffc76874702e0f0f63f18533551bf02c1,60.16075,24.95883,00000000f1124bca,16.1
23500,2019-08-04T12:41:50Z,d0cab2a2660dcc5cb99a9bdf39d2e6b31b7498985db1b50e48cb478d,60.18203,24.91341,00000000342570c2,16.1
23501,2019-08-04T12:41:50Z,d150c7aba4e7419f0ddd187392a9c2a429f44fa82535fb594c48ff55,60.16897,24.95222,00000000aa852af1,9.12
23502,2019-08-04T12:41:50Z,d295fce65c7332728ab79761524c814f41bd0cefa3ad9ef62ac18993,60.14951,24.92138,0000000006dd41f6,20.28
23503,2019-08-04T12:41:50Z,d388a2c86cc65945e59a07273222ff57fc3585d4756b5c498dd443ac,60.16897,24.95222,00000000aa852af1,23.56
23504,2019-08-04T12:41:50Z,d38e88e5b926f9d1de6e326cca45116fcca11f10684c80876739c6cd,60.16075,24.95883,00000000f1124bca,12.69
23505,2019-08-04T12:41:50Z,d4f40f4a28c7bd37ed41e50623e9489688b3df7d21a8c5c5bc7d6ab5,60.14951,24.92138,0000000006dd41f6,27.28
23506,2019-08-04T12:41:50Z,d75c412090c347ad7fca9287bcc4eb9bfb757dc7c1725109861dd93e,60.16629,24.95957,00000000fb7600be,14.89
23507,2019-08-04T12:41:50Z,d83dd9c0a861e25c7f5ddcd393756626def7c7f82a9f3fc35e1665a9,60.14947,24.91438,000000004ef3150d,4.11
23508,2019-08-04T12:41:50Z,d87210146aab139cc6640a20b428dce6ac516806a71a177b70e04f62,60.17065,24.93641,000000000f4919c9,9.92
23509,2019-08-04T12:41:50Z,d8e7e8b511d1123d1389cf08abbfa54b2b38e1824598b88008356c33,60.16897,24.95222,00000000aa852af1,8.38
23510,2019-08-04T12:41:50Z,d8f93f7019ced3cf8ccc2946465e8113293e75498092e982fd45bbc5,60.16762,24.95415,000000006b44cce7,14.89
23511,2019-08-04T12:41:50Z,da667dfa2d8a272a7398e186de027fabd2052052c0aad767a1c7d966,60.16897,24.95222,00000000aa852af1,9.92
23512,2019-08-04T12:41:50Z,daac051ca20430238282e179e0fe525b11ff1e8f1ace26d45b41f331,60.14947,24.91438,000000004ef3150d,31.5
23513,2019-08-04T12:41:50Z,db6993de0692cf79ab1b8e7d86e4b5832d11f57f026a6eb339f977bf,60.14699,24.922,00000000a53ed894,13.75
23514,2019-08-04T12:41:50Z,dbf9f0495974591badcee3fcfc1b5eb718b26de86aaf486c351ad084,60.14947,24.91438,000000004ef3150d,5.41
23515,2019-08-04T12:41:50Z,dc15145376f4a497910c8d2231d671bf62f1918ad93938a48fdc3eb4,60.149,24.9843,00000000fffb8cf0,16.1
23516,2019-08-04T12:41:50Z,dc439ef81c2abfb840e3ab145f2b944aae18a1beffd3eb47de845b9c,60.16531,24.9442,00000000fdda10fe,33.81
23517,2019-08-04T12:41:50Z,dcae3c49707466f4b6286ece65c027ad6e3fd8c61c14c030003e1da7,60.16829,24.94214,00000000afef4555,23.56
23518,2019-08-04T12:41:50Z,dcec4c4fb70c5f7dd0f408b6499f8c5ab0c2e9ff2b6d0fb082eba391,60.16075,24.95883,00000000f1124bca,27.28
23519,2019-08-04T12:41:50Z,dd4d709c749e6cfcf1531575846683d4ca730e850e17c6dd39252f8e,60.16075,24.95883,00000000f1124bca,16.1
23520,2019-08-04T12:41:50Z,ddc8410b9e4ece4b995b789f95e526693bac176ed77092ba57355dc8,60.16762,24.95415,000000006b44cce7,3.09
23521,2019-08-04T12:41:50Z,de0d086ae32f87522eab31d3bc52545ed17b065889674963c0709568,60.16829,24.94214,00000000afef4555,23.56
23522,2019-08-04T12:41:50Z,de3fe5f63e74a582e06c8cb02e6128d6013827015ba3e2fe93082977,60.17002,24.94407,000000006b087f40,27.28
23523,2019-08-04T12:41:50Z,de84f754a3916c8f831b0bb8ea41fc2a42cdea2794558fece3c7ae97,60.1538,24.95595,0000000038bf9618,33.81
23524,2019-08-04T12:41:50Z,e02c0f9f72e9f248a4b5df8af328e1a0132d4d8a72c1e603d14cdacd,60.18203,24.91341,00000000342570c2,8.38
23525,2019-08-04T12:41:50Z,e0df847c19b463dec6cea35494d375ce136a276c6a785936c931f60f,60.18203,24.91341,00000000342570c2,23.56
23526,2019-08-04T12:41:50Z,e0e938d5ab6fe3b13270163cd8a4e531dfae4b24ff98ab7e4277114c,60.14947,24.91438,000000004ef3150d,36.27
23527,2019-08-04T12:41:50Z,e0ff1e75104c5dfa3549647c238569888e353e1322256a5c6979de0b,60.14699,24.922,00000000a53ed894,12.69
23528,2019-08-04T12:41:50Z,e23a6115ba872037f9b5066c9c9c966b497f449e32a2c9ceb0e55497,60.16829,24.94214,00000000afef4555,7.69
23529,2019-08-04T12:41:50Z,e34bcebfa007159f3d2adb0e62e20fcf721a221f52bdfe2a6ad77831,60.18203,24.91341,00000000342570c2,14.89
23530,2019-08-04T12:41:50Z,e40a26f3f7468f4ac2302b45f1ed9aab7fea245ccf81d0c08072c881,60.16829,24.94214,00000000afef4555,6.46
23531,2019-08-04T12:41:50Z,e447e76c7b53157c11d5bfeb172c27332c81b5ec7f263badf5507888,60.149,24.9843,00000000fffb8cf0,18.79
23532,2019-08-04T12:41:50Z,e4b111abda6e15229c808fb72d5c0c38e2cf3abdbbb62fff5ae48e42,60.16762,24.95415,000000006b44cce7,12.69
23533,2019-08-04T12:41:50Z,e4f8eb3c654b642eaf00a350d3f55a7ec5156d7693c81bb994f49d52,60.1538,24.95595,0000000038bf9618,36.27
23534,2019-08-04T12:41:50Z,e621e7131322cca25ac9c09fde26ef4c94d2ba83c5679134b2bcf63d,60.16762,24.95415,000000006b44cce7,12.69
23535,2019-08-04T12:41:50Z,e65f7c68ce6502de36e4f47d0646a91a76d6c8cf8b5ffd26a3df8f4b,60.149,24.9843,00000000fffb8cf0,18.79
23536,2019-08-04T12:41:50Z,e6f4e3d1f5e01888556b077224cb4d8f88d63306fff2388e3fd997d0,60.14951,24.92138,0000000006dd41f6,16.1
23537,2019-08-04T12:41:50Z,e6f7965f2ef456f61121bcce5e466f125192e511c2af72d901307e8e,60.16762,24.95415,000000006b44cce7,11.7
23538,2019-08-04T12:41:50Z,e7cd5f775c7eea951719f351fcc25c710f857832d6f4b70a51b7b82d,60.16897,24.95222,00000000aa852af1,18.79
23539,2019-08-04T12:41:50Z,e826dedac8582e619ce18cd7eed68be5ee1fc9ed37e191e06f916835,60.14947,24.91438,000000004ef3150d,8.38
23540,2019-08-04T12:41:50Z,e84c3cf76509496cedd71bb89c4a6c35a27c96f037412cf2cdf25308,60.14699,24.922,00000000a53ed894,16.1
23541,2019-08-04T12:41:50Z,e9115410fa45db5a174eee008cae729dc69937a0e0b5a304899bf1b9,60.17065,24.93641,000000000f4919c9,27.28
23542,2019-08-04T12:41:50Z,e92eb020afcd7c1fad04690230ff8c2f005e404dd25b8dced1df30dd,60.16075,24.95883,00000000f1124bca,9.92
23543,2019-08-04T12:41:50Z,e9e19621fc5cfcfed2c808bbadc6cc6dd31e28d3c04cef8b89ca2729,60.16075,24.95883,00000000f1124bca,21.87
23544,2019-08-04T12:41:50Z,ea157e44ed100be3f782d8b3d8e5e0986079c588c9ea754b14917df0,60.16829,24.94214,00000000afef4555,8.38
23545,2019-08-04T12:41:50Z,ea2f4d9799324f4cd2a6fcda1625b65acdbab9f6b8331c26f63beec2,60.16897,24.95222,00000000aa852af1,18.79
23546,2019-08-04T12:41:50Z,eb6541383f8b12fc5476e5e2bc406933edfd211f49a1bbb93f323fa0,60.14699,24.922,00000000a53ed894,16.1
23547,2019-08-04T12:41:50Z,ec096f9d9f6ac607dcfcecf3327071d33a6ed3fdedd3cc796ba91fdc,60.16897,24.95222,00000000aa852af1,23.56
23548,2019-08-04T12:41:50Z,ec424a10bcefb6e69c2eabf42534f06e7a10aa0cfb28f6478052cade,60.14699,24.922,00000000a53ed894,13.75
23549,2019-08-04T12:41:50Z,ed70712277756192c688e0f4d7620cdb33803ab3e0cc7c180c3efd23,60.15432,24.9211,0000000019fb59c4,17.4
23550,2019-08-04T12:41:50Z,ed79b42b7b79277b944e3800c2bf93fefe5be88fe6d0d2b52a944ea8,60.16762,24.95415,000000006b44cce7,11.7
23551,2019-08-04T12:41:50Z,eed1c3b93e33ab3a4802db427c8c197c0fbad358e039b6ea8c8af07b,60.18203,24.91341,00000000342570c2,13.75
23552,2019-08-04T12:41:50Z,ef352dcaa8317b6a3c0a02cd8908dd13da5601cc66ba65c5fd8d031a,60.14947,24.91438,000000004ef3150d,7.69
23553,2019-08-04T12:41:50Z,ef77b04fc57a9781bf581172358ba74cf41e0b2a6ecc8090f99810bf,60.14699,24.922,00000000a53ed894,14.89
23554,2019-08-04T12:41:50Z,efe8b6c6fdf0d2caccd589aaaa4f0228a80590ff9ec7961f2e92103d,60.16762,24.95415,000000006b44cce7,11.7
23555,2019-08-04T12:41:50Z,f062cb52d49926a4fb39f723275ed60ab6c0f3bf34e0c3f9d233b7b8,60.14947,24.91438,000000004ef3150d,6.46
23556,2019-08-04T12:41:50Z,f15b72a3aad411d2f8a70b41c4f62ad2d744d064d42ec00c71a18ac5,60.16762,24.95415,000000006b44cce7,5.41
23557,2019-08-04T12:41:50Z,f1e73fa6dab8e8a2db6d7515f601fac161f17c34beb84aa55e812a9e,60.16762,24.95415,000000006b44cce7,5.91
23558,2019-08-04T12:41:50Z,f20f951802c722181f0e90095001c49e73f84049bb105b95c97049d1,60.17918,24.95141,00000000675d5200,29.32
23559,2019-08-04T12:41:50Z,f39827c3c7f4c833d1118043492f78e3255b6da9f4a2c000041d9b61,60.16829,24.94214,00000000afef4555,2.08
23560,2019-08-04T12:41:50Z,f5f7cfe177dfb0b7ebba2419ae53f70b6b5690dd98d98586004a9107,60.149,24.9843,00000000fffb8cf0,21.87
23561,2019-08-04T12:41:50Z,f66767381dd8d1bf0e53c7bb920dd23845902ad04a03ab1134a70b11,60.173,24.92524,0000000096918cfa,27.28
23562,2019-08-04T12:41:50Z,f74e6d09d258e27d6ddddd51a7dfec9b3038e669e50f8a122bffd157,60.14951,24.92138,0000000006dd41f6,18.79
23563,2019-08-04T12:41:50Z,f7777ac6285e2f6b6aa546b03f294d81e169b8236268cfed232c9679,60.16897,24.95222,00000000aa852af1,25.36
23564,2019-08-04T12:41:50Z,f796c9efc581b25280d4b416f8ba3aecca6ddf083e7bdad05f6e595e,60.14699,24.922,00000000a53ed894,14.89
23565,2019-08-04T12:41:50Z,f7f0caf73572bea3c08b592eeb9655b2668cfb16fd8840ca5619d84a,60.14699,24.922,00000000a53ed894,3.4
23566,2019-08-04T12:41:50Z,f81439a39740937c6cba523d5ebca87b52d69ff29fb449cf42ade4d6,60.14699,24.922,00000000a53ed894,16.1
23567,2019-08-04T12:41:50Z,f868d87b5d5a7094b60a131cd3e120c25787ebf751f7c93640b34942,60.16897,24.95222,00000000aa852af1,25.36
23568,2019-08-04T12:41:50Z,f86f1df2f5c201403e3bc7c157ec0bffa00950b97863a85d6ac2fdb3,60.17065,24.93641,000000000f4919c9,23.56
23569,2019-08-04T12:41:50Z,f89ed6a4a644f021299a91bd365b752023ef85e8cb44c2ce33ca3b07,60.16448,24.97323,0000000053c6c2be,25.36
23570,2019-08-04T12:41:50Z,f97bd6b766461dd4066a8fde3d7dfed9d1027ff23973200a005458cd,60.17002,24.94407,000000006b087f40,8.38
23571,2019-08-04T12:41:50Z,f9f454563bb2c7fd9944c5f164bf6c5fad98bb698039934d4d8b54dd,60.16897,24.95222,00000000aa852af1,31.5
23572,2019-08-04T12:41:50Z,fa96854324adae88abb35afa34b2393a20338bfd8fc9602d3ce6ae8d,60.14947,24.91438,000000004ef3150d,3.4
23573,2019-08-04T12:41:50Z,fadc39da3cd26ac621092fbbff224b95bb13446c8d24bbf4f3e50e90,60.14947,24.91438,000000004ef3150d,10.78
23574,2019-08-04T12:41:50Z,fc5c517b4bcaf5e392ff920858d70ed6c59751b0934ce3dbe372996e,60.16829,24.94214,00000000afef4555,17.4
23575,2019-08-04T12:41:50Z,fca3daa86786d92fe75c43051a906ab67c8b95c774a1227b3c45ce10,60.18203,24.91341,00000000342570c2,20.28
23576,2019-08-04T12:41:50Z,fce50ac3cfd2f3b7a897f6575eeda4e45ab42e5b9b5351be836cc0de,60.16897,24.95222,00000000aa852af1,25.36
23577,2019-08-04T12:41:50Z,fe5ca86c906b1cb3bf9dd257ceefc562e41da499878f1074484f7d42,60.14947,24.91438,000000004ef3150d,13.75
23578,2019-08-04T12:41:50Z,feef8514003d83f6df23d1f12c4f5c23c5605b684b459e94f0e6e6da,60.16448,24.97323,0000000053c6c2be,21.87
23579,2019-08-04T12:41:50Z,ff8280896145ae17e594c52eac2cdbab47d3757d797878fbc4298596,60.1538,24.95595,0000000038bf9618,33.81
23580,2019-08-04T12:41:51Z,0152988639aaaa9cc27213280c8f0c0c8ec97ae6a45aaaf743c9c25d,60.16544,24.95398,0000000038d83d41,31.5
23581,2019-08-04T12:41:51Z,07d86ad98399440d0cc3bd3382a7256feb971e49a3686dc17f532e1c,60.16829,24.94214,00000000afef4555,14.89
23582,2019-08-04T12:41:51Z,0dd09efc9717b508a52eb5196698ac7acffb325c836e14f240e56313,60.14947,24.91438,000000004ef3150d,18.79
23583,2019-08-04T12:41:51Z,14c7e1511b70f4dd3359cbece1377aebb4d70531f5489eefe53d7c3c,60.16544,24.95398,0000000038d83d41,27.28
23584,2019-08-04T12:41:51Z,1599d2c9070a6f05e1a5887c2d9209214c04818c6203fe75440734f2,60.1538,24.95595,0000000038bf9618,21.87
23585,2019-08-04T12:41:51Z,165ebbb4090d47319ae370f0d0854fdc1f6b79499f8b2e4d3c3533c0,60.16544,24.95398,0000000038d83d41,23.56
23586,2019-08-04T12:41:51Z,16c994bb2e24124a910c247376d16e980a65626a94c4c0aaab27df60,60.16829,24.94214,00000000afef4555,29.32
23587,2019-08-04T12:41:51Z,1e7ea410376fbdb3f3c476c76d23abad5d830690f78f71ea06f7e321,60.16075,24.95883,00000000f1124bca,14.89
23588,2019-08-04T12:41:51Z,211f6b7b044343d0be369791b3fa3c144d0d0f391e2a42787712efb0,60.16448,24.97323,0000000053c6c2be,11.7
23589,2019-08-04T12:41:51Z,21d09757012e8f7297d1de922f681bcc36581a3d7be770b42b3780a0,60.15432,24.9211,0000000019fb59c4,8.38
23590,2019-08-04T12:41:51Z,2350e9b04a733edca530466fd60d704e4de146d81df0066a1767556b,60.149,24.9843,00000000fffb8cf0,10.78
23591,2019-08-04T12:41:51Z,25a7ff811c3c06e426c7c2cbb0433d9a2a3399b23afecbd35584ab0f,60.18203,24.91341,00000000342570c2,20.28
23592,2019-08-04T12:41:51Z,2d3d031189abfaea69cd551a97b2b2d056a908f19bc56701010a2304,60.16897,24.95222,00000000aa852af1,17.4
23593,2019-08-04T12:41:51Z,315af4a829b592ba99b203b8ed2cbd499769f8752dfe6de7da4ee929,60.16829,24.94214,00000000afef4555,17.4
23594,2019-08-04T12:41:51Z,35568b1e0d67c5d7b6b15bb08540a1aafe24817a9bc06673b97e85c9,60.14947,24.91438,000000004ef3150d,5.91
23595,2019-08-04T12:41:51Z,4317f5904a5e6ae921bf743dd534c803083fd90b15a1245881beeade,60.16897,24.95222,00000000aa852af1,21.87
23596,2019-08-04T12:41:51Z,44d0b94469070803869f229601e877beb613c3f5aafa009addf97a1a,60.16544,24.95398,0000000038d83d41,20.28
23597,2019-08-04T12:41:51Z,5bbb5184fded3e51bc78e45e39917794285e6bbc72da404802a9599a,60.16531,24.9442,00000000fdda10fe,25.36
23598,2019-08-04T12:41:51Z,5d65719c4cbf045f068d084b72302f447d5fd034413d97d13be00d0e,60.18203,24.91341,00000000342570c2,18.79
23599,2019-08-04T12:41:51Z,5eed115a984d490b02b602d73787aee8dc8c4e9365b77fbff3818a76,60.16629,24.95957,00000000fb7600be,23.56
23600,2019-08-04T12:41:51Z,5fecff186138a9b3e31c6086c33dcd5f1d209e64f0afeed7c688cab0,60.16897,24.95222,00000000aa852af1,17.4
23601,2019-08-04T12:41:51Z,69219e9efa41ae9e732653e9eaf08e1a34cb853a9dafe76ddeea4d04,60.16897,24.95222,00000000aa852af1,14.89
23602,2019-08-04T12:41:51Z,6a70e2fbced719333e21eff04fcb9cb36bae9a04d1a3d6ddd96f2c58,60.15432,24.9211,0000000019fb59c4,9.92
23603,2019-08-04T12:41:51Z,6c8861f56a280e7752e10439271a2498527c69b0796f58de4afc6008,60.16075,24.95883,00000000f1124bca,17.4
23604,2019-08-04T12:41:51Z,737efc92e3419e9d96a8559ec341ea7e18ba6381fd8e4de3d06f82a0,60.14699,24.922,00000000a53ed894,27.28
23605,2019-08-04T12:41:51Z,7678cdb86d454ca9ae52f22d97e635106585a3a046d01da4463695cc,60.18203,24.91341,00000000342570c2,27.28
23606,2019-08-04T12:41:51Z,79f136afa0dd8717337c01c70b457c464aaf0fa25b440f51a394ec23,60.16762,24.95415,000000006b44cce7,13.75
23607,2019-08-04T12:41:51Z,85ef35aecf2ff804be3d958b592705ec41c6df9c128c132c65bb283d,60.16897,24.95222,00000000aa852af1,18.79
23608,2019-08-04T12:41:51Z,87dfaad29a9276ddddb1fa021d3bc23ad14824c1af16f7d87e713689,60.14951,24.92138,0000000006dd41f6,9.92
23609,2019-08-04T12:41:51Z,88808fe92573e9cdf022cc15b9689b6b4b9429f60513c8897b0ba4c7,60.16897,24.95222,00000000aa852af1,14.89
23610,2019-08-04T12:41:51Z,89982a6acf91b79a282a6b63978e946ee205f303fcd20e944e06baf0,60.16544,24.95398,0000000038d83d41,20.28
23611,2019-08-04T12:41:51Z,8c75c3289c84fe4493e1e272a77b615fe1985880c5dc68a7c1a17b53,60.16762,24.95415,000000006b44cce7,12.69
23612,2019-08-04T12:41:51Z,9843c6216661048343a0e49cf3d8aa2883cf77f452666a1c873a1052,60.16448,24.97323,0000000053c6c2be,13.75
23613,2019-08-04T12:41:51Z,acd2647d413f41552b31b6e383da445c8902bc2a764d2b7791a7b164,60.16762,24.95415,000000006b44cce7,12.69
23614,2019-08-04T12:41:51Z,af807b67ce09a2ce1744025c421961213f1608ca658ece4df69555a1,60.16762,24.95415,000000006b44cce7,14.89
23615,2019-08-04T12:41:51Z,b5fd6b317890e5ab2d79e2cd1abe61626d45a753c7337d0d40728898,60.16762,24.95415,000000006b44cce7,11.7
23616,2019-08-04T12:41:51Z,b6768ae226a93bce23852414e20866c7413513d067579c03ea883dfa,60.17065,24.93641,000000000f4919c9,14.89
23617,2019-08-04T12:41:51Z,bb98768dad0f7c52cf643f035a3e7e48f5cfe28557c66f2a75914b31,60.14699,24.922,00000000a53ed894,16.1
23618,2019-08-04T12:41:51Z,bca443064699e0ac05c40e587aef06d7fd580817e739133a501490bc,60.14699,24.922,00000000a53ed894,16.1
23619,2019-08-04T12:41:51Z,bcb0201b0a1edf350ae2f681076e7d2d48ebd94c075bd3ca59552020,60.16897,24.95222,00000000aa852af1,9.12
23620,2019-08-04T12:41:51Z,c175b4269517070a33be84e85a4b8b23c3bb430ff6c31b121ac1603f,60.16762,24.95415,000000006b44cce7,11.7
23621,2019-08-04T12:41:51Z,c97eb4181394121907d47b908495f54e5ee5145ff790f7a1dc21b3cf,60.16897,24.95222,00000000aa852af1,14.89
23622,2019-08-04T12:41:51Z,ca6927628f5ddda20036865c9345ad93d476d62ade3b181de568eed6,60.16897,24.95222,00000000aa852af1,21.87
23623,2019-08-04T12:41:51Z,cf05623e4d87ce0906c0b0b7dbf53aacc1228016cd27c341228b6e76,60.18203,24.91341,00000000342570c2,18.79
23624,2019-08-04T12:41:51Z,cfc0bedb78ded52749db3188cb188bf6a250ef5990da9c5afa9623fc,60.14951,24.92138,0000000006dd41f6,23.56
23625,2019-08-04T12:41:51Z,d661caec7a5da6aef734734bbf9090debe494c1afd98050f88f269bd,60.16829,24.94214,00000000afef4555,18.79
23626,2019-08-04T12:41:51Z,ded49640b591e73bff71f84fb99d2739eb6c9554164a015017725e03,60.16829,24.94214,00000000afef4555,17.4
23627,2019-08-04T12:41:51Z,e8690c2d1711bc10f2d1251a3b5b1e770b98c66c384760400c604de1,60.16829,24.94214,00000000afef4555,21.87
23628,2019-08-04T12:41:51Z,e8e366e76c97944e23c0f80b4fd3ce6e5832744922297146a49f0c7e,60.16762,24.95415,000000006b44cce7,9.12
23629,2019-08-04T12:41:51Z,e96bd269a48b822b06141c3362fcb6d5ed4d0d09a120f2e4a712d5c2,60.16897,24.95222,00000000aa852af1,14.89
23630,2019-08-04T12:41:51Z,efffdbe497ad2fa39b57c75ffd33c8f0ae621c4ef6154dcb169e5937,60.16075,24.95883,00000000f1124bca,13.75
23631,2019-08-04T12:41:51Z,f088630d7476dae7d4b7e2bb1f10575f2c89acb4b6e061f3d57c2b40,60.16531,24.9442,00000000fdda10fe,20.28
23632,2019-08-04T12:41:51Z,f405a7c4a3a4339f8e3f7e552f6492d6eed76f7d08c54943286213de,60.16762,24.95415,000000006b44cce7,12.69
23633,2019-08-04T12:41:51Z,f6609ab1076b1105bb845595a03b41b8fbb282f79c337df5bbc9f841,60.14699,24.922,00000000a53ed894,12.69
23634,2019-08-04T12:41:51Z,f94dddacf96965952551200a02b41925bcd21402aceafb12f19931af,60.16075,24.95883,00000000f1124bca,8.38
23635,2019-08-04T12:41:51Z,fc4f3a44235f1cfc7b53f14ba2da599976a5a0a220d23b852688e485,60.17919,24.95181,000000007b5207b6,23.56
23636,2019-08-04T12:41:51Z,009ad4cd2bd97e04da44cc9789e6bdbdb899eded61d05b7d5634b7be,60.16829,24.94214,00000000afef4555,6.46
23637,2019-08-04T12:41:51Z,00a07b1f8113691d8475c54082a14cdd54decf9845a90e75df8031a6,60.17065,24.93641,000000000f4919c9,21.87
23638,2019-08-04T12:41:51Z,00b07030d00cc5582c0f1be7d73fb09e34f4018445ce11d9da8da813,60.16762,24.95415,000000006b44cce7,16.1
23639,2019-08-04T12:41:51Z,00bdb07c0f4f75c71196362c269c9f652c66cf7d3f3c2d89843af063,60.16629,24.95957,00000000fb7600be,33.81
23640,2019-08-04T12:41:51Z,032e5d7621738a50c9e742e0cba13c819f7c67cedf8687f3ab25595c,60.16762,24.95415,000000006b44cce7,16.1
23641,2019-08-04T12:41:51Z,033759f09b97a9347fd7852dbc2bcd3abbb67a792486acad9d185bca,60.16762,24.95415,000000006b44cce7,7.05
23642,2019-08-04T12:41:51Z,036c183505fea646b54aeb0c612913cafba94eca65e47d3c6d840a68,60.17918,24.95141,00000000675d5200,18.79
23643,2019-08-04T12:41:51Z,036d188b13531106628d1ea851fbe964903880d1a7b9265f672171b7,60.16762,24.95415,000000006b44cce7,11.7
23644,2019-08-04T12:41:51Z,0479a26a59d65bf1dee05c06f4227a0ba63a6e9c9a09e7c34f2e06b4,60.14699,24.922,00000000a53ed894,10.78
23645,2019-08-04T12:41:51Z,04b49a34910d12f55243dd5a756c7cc1e506e5d3cdb418cc635e9ad9,60.16762,24.95415,000000006b44cce7,4.94
23646,2019-08-04T12:41:51Z,04b5d29c48edaaf4904a98e412562e3c0d857eb20342cc7c323d4293,60.16762,24.95415,000000006b44cce7,7.69
23647,2019-08-04T12:41:51Z,04f35922a81b516e7028f61c6ff34faf6da85df0a5cfcefb6df1861f,60.149,24.9843,00000000fffb8cf0,25.36
23648,2019-08-04T12:41:51Z,073c1eeb0d9e511743bae8d5b87b95a19017f59a1dc3597d8618a908,60.173,24.92524,0000000096918cfa,25.36
23649,2019-08-04T12:41:51Z,0745a2141a9beee786a347d3ee1b071719fd2f4abfeeab7f5248c0ad,60.14699,24.922,00000000a53ed894,12.69
23650,2019-08-04T12:41:51Z,076c28c1895ef1919c11113113c12655c546fc90a00800e5ebec5b56,60.14699,24.922,00000000a53ed894,5.91
23651,2019-08-04T12:41:51Z,07fa093f5dceb6043b0a8c9d8ad01c1bfdfe15d4b3071a26b747ea07,60.14699,24.922,00000000a53ed894,11.7
23652,2019-08-04T12:41:51Z,0947f9d6bb6c34e382e008052b704b6521ac4f7678a2e8a719bb574b,60.15432,24.9211,0000000019fb59c4,23.56
23653,2019-08-04T12:41:51Z,09e6b7d5a7a9e691d686fb405bc2bfe0c9e5d525b47385d9235575e3,60.16897,24.95222,00000000aa852af1,8.38
23654,2019-08-04T12:41:51Z,0a0acb70a8ef92be52a64d4425e70bb2f7a17d13942c3382c9d68878,60.149,24.9843,00000000fffb8cf0,4.11
23655,2019-08-04T12:41:51Z,0a5616e066b42895361324cfa8abef41d849a55e3e4bed429bab494b,60.16829,24.94214,00000000afef4555,10.78
23656,2019-08-04T12:41:51Z,0a5ed50daf13dd10744537aa851ac7ab1d34d9797ec6ab6e2402aebb,60.16762,24.95415,000000006b44cce7,4.94
23657,2019-08-04T12:41:51Z,0b0dd9af9d52c68ff71ce266d6707abbb0f56c3c63be0f83f7b5df9b,60.16762,24.95415,000000006b44cce7,10.78
23658,2019-08-04T12:41:51Z,0c905239b8c0e14cba671cf4d4d715d1045a30ee62a6285fb489dbb0,60.16829,24.94214,00000000afef4555,10.78
23659,2019-08-04T12:41:51Z,0d3525b13d674f1645fdbe6d842fe37b2f416889c5472e9dfcc5445c,60.14947,24.91438,000000004ef3150d,3.09
23660,2019-08-04T12:41:51Z,0d8341f0125a5323521549248771d5448e5f788aefe9b989e3b20114,60.16829,24.94214,00000000afef4555,9.12
23661,2019-08-04T12:41:51Z,10a99e791e27975dc1c9d73d3163cabacf3bd7bd05a4f7abf6365426,60.14699,24.922,00000000a53ed894,14.89
23662,2019-08-04T12:41:51Z,10caaea8002e8b3b342b32710efdd7305ff375ca1cdc01411f66b2f6,60.14699,24.922,00000000a53ed894,8.38
23663,2019-08-04T12:41:51Z,119268a2b328b466959e99158efc17d07641daf2eab0785f813707f9,60.16762,24.95415,000000006b44cce7,16.1
23664,2019-08-04T12:41:51Z,120a63917cb5ab619bf9a71328f14020736ee84e75d5b37278748def,60.16897,24.95222,00000000aa852af1,10.78
23665,2019-08-04T12:41:51Z,121345c4cf0d0f18c684c4eb22e496ac6f8fb537ec2f3812f6966b67,60.16762,24.95415,000000006b44cce7,16.1
23666,2019-08-04T12:41:51Z,128df515b075ffc54794d311944f31b9b1c1132d182943a9880e5bc0,60.16544,24.95398,0000000038d83d41,21.87
23667,2019-08-04T12:41:51Z,12fb8b4ee43472fe3f49e3ac6791275a4a7d7beec0e3b87fbae1320e,60.16829,24.94214,00000000afef4555,23.56
23668,2019-08-04T12:41:51Z,13bcedb8c59b26417282929d81844b272c7c5bc295614f531219a8e4,60.14947,24.91438,000000004ef3150d,12.69
23669,2019-08-04T12:41:51Z,13ee67fb034e3d24edc9a9618e9d6de24979ebbcb399f83abb02a897,60.14699,24.922,00000000a53ed894,7.69
23670,2019-08-04T12:41:51Z,1496ce9cf373a2a508a8ab0b7aa0604dd889fd69483881c3752219af,60.14699,24.922,00000000a53ed894,9.92
23671,2019-08-04T12:41:51Z,1515fbb735095b233eea332bf40cff9995758e9bd0ad60218875554b,60.14699,24.922,00000000a53ed894,13.75
23672,2019-08-04T12:41:51Z,1551f9fdd5a57b17be51babad39f807f04be4d340266c153eb860156,60.15432,24.9211,0000000019fb59c4,16.1
23673,2019-08-04T12:41:51Z,161aa798c2a18e132fb27ecded773218ea4e42eabbd0e5794b1d7017,60.15432,24.9211,0000000019fb59c4,7.05
23674,2019-08-04T12:41:51Z,162fcc3711287e7287479d948f54f820fb95d665191f206f0c428cfc,60.1538,24.95595,0000000038bf9618,33.81
23675,2019-08-04T12:41:51Z,1769031b7f4d75de0541e26427b9ecc92c84b80992e3b36bb8eb799e,60.16829,24.94214,00000000afef4555,5.41
23676,2019-08-04T12:41:51Z,18ef0b94474746ee036f0552cb5aa43799d16196360c576feafb8eac,60.16544,24.95398,0000000038d83d41,17.4
23677,2019-08-04T12:41:51Z,194e6ced97ec114a37fe06d6d73fb687c057d411be476f1ea6f4852e,60.16897,24.95222,00000000aa852af1,12.69
23678,2019-08-04T12:41:51Z,197961cf403efacc6bdb07158a50753109701aba7a6e7cbf8502e1ee,60.14947,24.91438,000000004ef3150d,10.78
23679,2019-08-04T12:41:51Z,1a93dfa31156cee53b4bd527d8b74655a5da812b6933d8a86d871e47,60.14947,24.91438,000000004ef3150d,9.92
23680,2019-08-04T12:41:51Z,1ad0b84716a79851fa8db7a993012f0c8e496d6cba9d028a546285a2,60.16897,24.95222,00000000aa852af1,6.46
23681,2019-08-04T12:41:51Z,1b3fba902b8d1538b508cdc228fd15fdd87f5aecb68e5611b1a4e354,60.16762,24.95415,000000006b44cce7,2.54
23682,2019-08-04T12:41:51Z,1bcef866fafad7c7460a084e0b0d27c087b549f4ae704390708be47e,60.149,24.9843,00000000fffb8cf0,17.4
23683,2019-08-04T12:41:51Z,1c13175307f58b1bf07c8838e26a2f5d0fd5b21a7517c0b4f4e6bd8f,60.1538,24.95595,0000000038bf9618,14.89
23684,2019-08-04T12:41:51Z,1c7ccd5d6570d98e57ef2ebbd716b7504b138f9bb616fbeaa0d1a268,60.14699,24.922,00000000a53ed894,6.46
23685,2019-08-04T12:41:51Z,1d4841b6905c46f3c38f79540bae2a88a4e660692149506c0db9da33,60.15432,24.9211,0000000019fb59c4,13.75
23686,2019-08-04T12:41:51Z,1e24a2120b13c780dbb3a67a73f5058d1847f126fd5f5952e6dddcd3,60.16075,24.95883,00000000f1124bca,23.56
23687,2019-08-04T12:41:51Z,1ec58e626d2335aeeaa7c7d8f715d4334274dbd43448fb62c3901ef6,60.16829,24.94214,00000000afef4555,31.5
23688,2019-08-04T12:41:51Z,1eed5192896838d1860e8ea14bda43d065b88fc7dc562f54765e85a8,60.16897,24.95222,00000000aa852af1,21.87
23689,2019-08-04T12:41:51Z,1f74037ecab4dbdc5db1a8dc8b583a86630f86a5f2d0a5167b7fa605,60.18203,24.91341,00000000342570c2,12.69
23690,2019-08-04T12:41:51Z,1f81ed7274add201d3059d4a37e2bbe86b6ae1f0fd42a16d7b8dccaa,60.14699,24.922,00000000a53ed894,8.38
23691,2019-08-04T12:41:51Z,20ac7b2ace7c0038aa8df01b9281a9c54f1551fc8ab9b662b1f1ca22,60.18203,24.91341,00000000342570c2,23.56
23692,2019-08-04T12:41:51Z,21bdc11bb63fb48c9d4b5308540ee5df579c9a385001a10fceeeedf3,60.14699,24.922,00000000a53ed894,10.78
23693,2019-08-04T12:41:51Z,21eb94b10f042f4f21566d3ee27d800fb6d899071739c0c5c1fa7af0,60.14699,24.922,00000000a53ed894,16.1
23694,2019-08-04T12:41:51Z,229664948f3619e8fc978e65f10afd7b0165ae975dc7f70d018dfad7,60.16762,24.95415,000000006b44cce7,14.89
23695,2019-08-04T12:41:51Z,22fe9a06fba1036e8eafd726bc450095b1893be067f475e1882bb704,60.14699,24.922,00000000a53ed894,7.69
23696,2019-08-04T12:41:51Z,231026899a6d5b326cb5b1e38b182ca1acb77c7e27bc2378973b29db,60.16629,24.95957,00000000fb7600be,11.7
23697,2019-08-04T12:41:51Z,23337c2812924a07e4f0bbc92e56d1f85ea40208b6b987f4afc686cf,60.16897,24.95222,00000000aa852af1,8.38
23698,2019-08-04T12:41:51Z,250f7cf6c6d1296e84c45fb8621a0704eb5243471980b5187dc40cdd,60.14699,24.922,00000000a53ed894,12.69
23699,2019-08-04T12:41:51Z,2551a9e1b8a03c8e0e378ed37c0130b6e4105ec6b949de9e5a670be8,60.14699,24.922,00000000a53ed894,11.7
23700,2019-08-04T12:41:51Z,257206d3f59df5c426a9c735f4741cba6d792de1cbafe62289d383d7,60.16897,24.95222,00000000aa852af1,20.28
23701,2019-08-04T12:41:51Z,2607d1b2fc6e31a80348fffbed68a7d3a8e0212f197f2d1c573c587b,60.14947,24.91438,000000004ef3150d,3.4
23702,2019-08-04T12:41:51Z,267b66cc2e81a226d253a8f3228a4b45e1fabb634bba60fd0cc21a8d,60.14699,24.922,00000000a53ed894,13.75
23703,2019-08-04T12:41:51Z,269124e75b1e74a7c7dc93b778e02f04d0a53e069a90081c0938ee4c,60.14699,24.922,00000000a53ed894,17.4
23704,2019-08-04T12:41:51Z,2838eddb482a9bc77b0b867352020e2cbfb71e85aaa1d61307e85f3d,60.14947,24.91438,000000004ef3150d,9.12
23705,2019-08-04T12:41:51Z,28b43564f7156b67db7cb7b779e948986d7610f921490f9030379704,60.16897,24.95222,00000000aa852af1,5.91
23706,2019-08-04T12:41:51Z,2969cdb120f2d285c556abfe5bac2f8090571f61aba227a474a534d2,60.17065,24.93641,000000000f4919c9,8.38
23707,2019-08-04T12:41:51Z,29a1ee6c0907a00ec6b6dcbb187f5c31d1a11b261aabd339210ee013,60.16897,24.95222,00000000aa852af1,14.89
23708,2019-08-04T12:41:51Z,2a767d6875ef5fa533a2eb311aafaab1d857135cf6da5786d2407a49,60.14699,24.922,00000000a53ed894,7.69
23709,2019-08-04T12:41:51Z,2e86f9a432e00fa6ff5b8744ffecbe22a02b4316779bc8b4078af2e2,60.149,24.9843,00000000fffb8cf0,29.32
23710,2019-08-04T12:41:51Z,2ee2e108ed9051b1ccf4d3ee89931dfd53170af0b558fa6579b83e8d,60.15432,24.9211,0000000019fb59c4,9.92
23711,2019-08-04T12:41:51Z,2fabc4773758a12492d31bdfe6b37e6523ae8caabecda356d33dce41,60.15432,24.9211,0000000019fb59c4,29.32
23712,2019-08-04T12:41:51Z,30a6bed86e2e8cacef2646dd90a47eccb0b7a11d9db2ac916c89cefd,60.16829,24.94214,00000000afef4555,12.69
23713,2019-08-04T12:41:51Z,30c55d5011d0f6c901437a130dbe2653c7ae0cceee3b0a242394152c,60.14947,24.91438,000000004ef3150d,18.79
23714,2019-08-04T12:41:51Z,3165c6ee17d11e4b51e03844fd1234cd64aecc860cd6c162ceb99058,60.16897,24.95222,00000000aa852af1,12.69
23715,2019-08-04T12:41:51Z,32708990f2c831e65f70f2682baf5188fc93348b9a9e78ada8db2bf4,60.14947,24.91438,000000004ef3150d,1.88
23716,2019-08-04T12:41:51Z,32f77f5019e5fce30881c214487361e2e34b8c93277f6e546de72012,60.1638,24.96846,00000000d747f075,23.56
23717,2019-08-04T12:41:51Z,33634cb1e3fc5d4a621e8717d203da8533ed27531a70c6cbe3abf3fa,60.16762,24.95415,000000006b44cce7,3.09
23718,2019-08-04T12:41:51Z,33ec502792a84f23fed03cf16e483d153c65e2850a2549f47034726a,60.16762,24.95415,000000006b44cce7,7.69
23719,2019-08-04T12:41:51Z,347c2747f8b58cdc6f96b541d1a35f2c0e182b542706a38e0ce7ef4a,60.149,24.9843,00000000fffb8cf0,17.4
23720,2019-08-04T12:41:51Z,348d0f13ec830589831a973041803bc7b6c0f0b5f6e5a84e47f292d3,60.17002,24.94407,000000006b087f40,21.87
23721,2019-08-04T12:41:51Z,34bf3e380e2a914953cf9b98fa3d965c890a9f6ed7a0ce833012b9f5,60.16762,24.95415,000000006b44cce7,17.4
23722,2019-08-04T12:41:51Z,352427714fc6e8591df6bd227dde05d3b7ba0881742eee4ae750dcc4,60.15432,24.9211,0000000019fb59c4,20.28
23723,2019-08-04T12:41:51Z,358d7986d5bf2a0624fb1412a157b3c7b12f90653457e15a76bbdf50,60.16629,24.95957,00000000fb7600be,17.4
23724,2019-08-04T12:41:51Z,35a958343879c000cfc3f0c01afbc7d54934265828677bf4aefef84f,60.14699,24.922,00000000a53ed894,8.38
23725,2019-08-04T12:41:51Z,35e6e075578d7a51e510bf8904bde33f1d117264eea0917db98d4808,60.16897,24.95222,00000000aa852af1,12.69
23726,2019-08-04T12:41:51Z,36ac881c69da50c52f9930ba957c471ef37589fd6826f4dc4c14b85e,60.16544,24.95398,0000000038d83d41,33.81
23727,2019-08-04T12:41:51Z,36f876050503d244f74f3cbadcef716904eb2b245190d474b0cfa794,60.16762,24.95415,000000006b44cce7,1.7
23728,2019-08-04T12:41:51Z,37190d6ba826560355df0dff3a798fc7b83215adcac34acf54e7aa5d,60.16897,24.95222,00000000aa852af1,23.56
23729,2019-08-04T12:41:51Z,37945fa4e7409fab98aa8bde45081f5bd083def0059485274ad552c0,60.17919,24.95181,000000007b5207b6,7.05
23730,2019-08-04T12:41:51Z,39310ebca1ad756aa2bfcb16c912cb7003ef3e7286a1f037603ade61,60.14699,24.922,00000000a53ed894,5.41
23731,2019-08-04T12:41:51Z,39f03a3a5fd777feee270921a7f51daec12ea679b542b0aaf2e808d7,60.149,24.9843,00000000fffb8cf0,23.56
23732,2019-08-04T12:41:51Z,3a6ce73ea4c03a14fc0d3d099e4698d3c1051a2e8e4bd552d5de394d,60.14947,24.91438,000000004ef3150d,11.7
23733,2019-08-04T12:41:51Z,3b73bf57d223bcb9b930ee8619e6603e52485b221389c64d85614baf,60.16897,24.95222,00000000aa852af1,21.87
23734,2019-08-04T12:41:51Z,3c545ca8c42e2a9a876f2500f6aee220e5fe1c178dd132136643754b,60.16762,24.95415,000000006b44cce7,20.28
23735,2019-08-04T12:41:51Z,3dff549e90afb2bbb590899f86c397b1c4e011947c344f75d16312fa,60.17002,24.94407,000000006b087f40,29.32
23736,2019-08-04T12:41:51Z,3e4965f1ed580ddf80246b1b78cbc55b73c11d67573d9cede2a7ccf7,60.16829,24.94214,00000000afef4555,18.79
23737,2019-08-04T12:41:51Z,3e99999f43f3bd9e105e735eeb92531a4301e7f258c90535acfba9ae,60.16531,24.9442,00000000fdda10fe,17.4
23738,2019-08-04T12:41:51Z,3ea5c91c32a318cb798767914dd025c2791a8c19e81c10c22f649247,60.18203,24.91341,00000000342570c2,27.28
23739,2019-08-04T12:41:51Z,3ec0a34310840b3aa1aa32a3f2bffbe426e91a242dc6eb5c1e86bba7,60.16448,24.97323,0000000053c6c2be,27.28
23740,2019-08-04T12:41:51Z,3f395809cdaaaa1688c7d1cc770079bbf7ef1349e148bec5c8eacd57,60.16762,24.95415,000000006b44cce7,11.7
23741,2019-08-04T12:41:51Z,3ffe89aa6ab1e57883e21fa8f15969f46a5f487bccb2b993eadb3cfb,60.14699,24.922,00000000a53ed894,9.92
23742,2019-08-04T12:41:51Z,403f209e525e5159d33b2056ebebcfa95ff94baf8ae3d9b3442c3090,60.14699,24.922,00000000a53ed894,20.28
23743,2019-08-04T12:41:51Z,429295e322e9f143f79e9a6340e4974858aa9aa2f5ed6e8512dd00cd,60.14699,24.922,00000000a53ed894,21.87
23744,2019-08-04T12:41:51Z,42da4298ed9f522421f17714e024d9b8fe22e7546df3deeb8b139bd3,60.16075,24.95883,00000000f1124bca,4.11
23745,2019-08-04T12:41:51Z,431375be6b9405ef55878f3aa0bb5dd6a35db8ba650a2bce05081c49,60.14947,24.91438,000000004ef3150d,10.78
23746,2019-08-04T12:41:51Z,436df7106ce19510536cf507d8939633784f67da2f872970e0d3ba43,60.16829,24.94214,00000000afef4555,18.79
23747,2019-08-04T12:41:51Z,43e1eab7f64d16e44a7ba2981efebc2152360e3841e16957d99a2e4e,60.14947,24.91438,000000004ef3150d,14.89
23748,2019-08-04T12:41:51Z,4533d27e96c5c6637ddff4243672d658fea4004970652882357105a9,60.14699,24.922,00000000a53ed894,18.79
23749,2019-08-04T12:41:51Z,457d11209b95b153efb57d8f2641f2db0823e91a0d608fa0555a5b69,60.14699,24.922,00000000a53ed894,20.28
23750,2019-08-04T12:41:51Z,459ee564ad7aca128b70ae089395378da384eb1ff35cefde7d7f5736,60.16829,24.94214,00000000afef4555,12.69
23751,2019-08-04T12:41:51Z,4602ff9d03f6bf4fbb82976098cc1c73e7a7e754050401c772d1406e,60.14947,24.91438,000000004ef3150d,5.91
23752,2019-08-04T12:41:51Z,467a01a257fbaad22bd4aebafc8f284c9ad3effc429475e57c214e9d,60.14699,24.922,00000000a53ed894,12.69
23753,2019-08-04T12:41:51Z,47bc9ff9097f9ef5f1862e48b4a42f6a9ddd30c4ef2b6eb43291a7a5,60.14699,24.922,00000000a53ed894,18.79
23754,2019-08-04T12:41:51Z,47cde44e4ddbf6c70162fa882eee962e7c3e2a037b650294ec46568f,60.14947,24.91438,000000004ef3150d,7.05
23755,2019-08-04T12:41:51Z,49a65249028b8406648fd3c6acb8c2d9ef211efeade1e6b282af8779,60.16897,24.95222,00000000aa852af1,27.28
23756,2019-08-04T12:41:51Z,4a1a129202050ebeed57c0765b3c9d72574e077e2f6a1e0c6d2ce943,60.16531,24.9442,00000000fdda10fe,16.1
23757,2019-08-04T12:41:51Z,4a565a7be2bb822523480c6ca86154a466bf189290f87a0ef118f8b7,60.149,24.9843,00000000fffb8cf0,25.36
23758,2019-08-04T12:41:51Z,4aff8c41b8c3f924b9b765007cf6f0f148e9fdc4dfad6299b17f6f71,60.16762,24.95415,000000006b44cce7,14.89
23759,2019-08-04T12:41:51Z,4b1050cc517631e36206d3528399c0b14748daec8c7d1b5dfa412299,60.15432,24.9211,0000000019fb59c4,5.41
23760,2019-08-04T12:41:51Z,4b85388cdaec2b4c15b546160ee326d9668a5e5d3c7b08d0c539946e,60.17919,24.95181,000000007b5207b6,7.69
23761,2019-08-04T12:41:51Z,4be50f3eb033f3f46e3069049c8e0a34dc8a2607741c1764369ba4c2,60.16762,24.95415,000000006b44cce7,13.75
23762,2019-08-04T12:41:51Z,4cadc8cc23fd84febb6a8383030a34c97b3388a8c9ed7a64cc0f51a6,60.14947,24.91438,000000004ef3150d,9.12
23763,2019-08-04T12:41:51Z,4d4115f2971578ddc2428be944e2954c9e9a5472a818ec1805a022b2,60.149,24.9843,00000000fffb8cf0,27.28
23764,2019-08-04T12:41:51Z,4f4940c5c77737c5b8f2fbd5a1b65886ea5f6e0e4fcd50447e11ce21,60.16075,24.95883,00000000f1124bca,14.89
23765,2019-08-04T12:41:51Z,4f93e95b96f69cefa42bba16e15af19b9c451693070e117b208ea068,60.16075,24.95883,00000000f1124bca,33.81
23766,2019-08-04T12:41:51Z,50e21d119f102cee2afe3ac7f1a32032527638769b05aca582d6ecb1,60.16762,24.95415,000000006b44cce7,4.5
23767,2019-08-04T12:41:51Z,514a3981fad6c695ac4940f09374b5d1c2e84d2ca835084ef8707714,60.16075,24.95883,00000000f1124bca,3.74
23768,2019-08-04T12:41:51Z,51b3c7870a399165f0d1d14f7d21688df32b0360f9cc6f3ca61890d8,60.16829,24.94214,00000000afef4555,2.3
23769,2019-08-04T12:41:51Z,52072bd384eaaf4a6958af5510ed039d194dee47f34667bc7bccbe0e,60.14699,24.922,00000000a53ed894,9.12
23770,2019-08-04T12:41:51Z,5274280f7558ea562d9ce825000efc025d2de6b91c62614cb68df2b1,60.14947,24.91438,000000004ef3150d,13.75
23771,2019-08-04T12:41:51Z,52939581c6c8dd3407dbf44ea9e90471e4bbadfb7e3740a0ba8324f3,60.14699,24.922,00000000a53ed894,7.69
23772,2019-08-04T12:41:51Z,52f0e69ca7a5cebe604c1f32308dc7f8870d1d85cd4b25ad17f706e9,60.14699,24.922,00000000a53ed894,6.46
23773,2019-08-04T12:41:51Z,53263c2a4d1fc6edb42de24a91c19cc8d0050f1e61b0ddd97cf45bba,60.17002,24.94407,000000006b087f40,27.28
23774,2019-08-04T12:41:51Z,54065d53a62079540c4be1e19eafa5dd581e8ec35da0c31844438e0b,60.149,24.9843,00000000fffb8cf0,29.32
23775,2019-08-04T12:41:51Z,5554305bad43a71cf98d83e92708c7474c1efc189392c1ea94231e9c,60.16531,24.9442,00000000fdda10fe,4.11
23776,2019-08-04T12:41:51Z,56ca4c1159970bc147ac16d2850f970c56a965ebf9df171c61af2d0e,60.16762,24.95415,000000006b44cce7,21.87
23777,2019-08-04T12:41:51Z,570dc61d53aec66ede39dfde66339640878453afc00cd1a55c60bca7,60.16544,24.95398,0000000038d83d41,16.1
23778,2019-08-04T12:41:51Z,571934189bf349efb6f596e76c21612cf9b82ed44913090169936048,60.17065,24.93641,000000000f4919c9,13.75
23779,2019-08-04T12:41:51Z,571e65d939060a58396de22fc44d8842fc9de986824670ad765ec596,60.16762,24.95415,000000006b44cce7,12.69
23780,2019-08-04T12:41:51Z,57bb8beeec6904b9a5cfe83c4ff9a80e63157780137f03de2a4152d3,60.16762,24.95415,000000006b44cce7,7.69
23781,2019-08-04T12:41:51Z,583a35aa08fe45f96deb91a9f4b9317e86eddeee0d636cc11b3e2df8,60.16762,24.95415,000000006b44cce7,11.7
23782,2019-08-04T12:41:51Z,58411163d307bb308f9c94a9720e9ce5ab0ce4f5617cd2b1fcc2037a,60.16762,24.95415,000000006b44cce7,11.7
23783,2019-08-04T12:41:51Z,584cb0b0cdd14e608c8b57c8aecc9826f9b40027e365e2438a444ea2,60.16762,24.95415,000000006b44cce7,13.75
23784,2019-08-04T12:41:51Z,5966e39260804b1e804f63b354a53470a1f621ac8e68afdd522a565f,60.17002,24.94407,000000006b087f40,18.79
23785,2019-08-04T12:41:51Z,59b01cbdec8ff06fa6d50bac00c3f5f4c45132fc8a62800c08df5d6a,60.16629,24.95957,00000000fb7600be,9.92
23786,2019-08-04T12:41:51Z,5ae2070870c9dfbf35ba1d5d46239aa32753b4fffa2fed3f378f5e8c,60.16544,24.95398,0000000038d83d41,31.5
23787,2019-08-04T12:41:51Z,5bb54a365362fc3a1d1e4b4421c7b020c45f3274d1393340a1f89eb5,60.16762,24.95415,000000006b44cce7,11.7
23788,2019-08-04T12:41:51Z,5bbb03fd7db8dd6ddb6cf3e308c02476b0b549e3a4b28867cd8a89b3,60.14947,24.91438,000000004ef3150d,23.56
23789,2019-08-04T12:41:51Z,5bf59468120b0262b74eebaba2a7ee8274f3c8165ddcf6f38eae92a8,60.16829,24.94214,00000000afef4555,23.56
23790,2019-08-04T12:41:51Z,5c160268bc9b4b619181ce421d9e58c258e6b59a342945fc29f0004b,60.14947,24.91438,000000004ef3150d,7.05
23791,2019-08-04T12:41:51Z,5cd5117066c75a1cb83d3896a7eba3f3472e133f0013ea7d4e95daaa,60.14699,24.922,00000000a53ed894,4.94
23792,2019-08-04T12:41:51Z,5d70086d53447ee393249cef33c7bae814c1d7c2e3055fc91b38786c,60.17919,24.95181,000000007b5207b6,8.38
23793,2019-08-04T12:41:51Z,5ea49ba4de68e03664ec3a87f5de32434d7136b4f8323f022ff9df5b,60.16829,24.94214,00000000afef4555,12.69
23794,2019-08-04T12:41:51Z,5ee175437c5a15756f66cae8cf9172e291d462123de1bd59ae7a103b,60.16897,24.95222,00000000aa852af1,5.41
23795,2019-08-04T12:41:51Z,604a02f00cf5d2e059c26ee48a07cd30e608c4b00f17f447c028da58,60.16762,24.95415,000000006b44cce7,18.79
23796,2019-08-04T12:41:51Z,60d5c11436b72dd4eb673f606bddc3f8f36675342cba015b9297155f,60.16448,24.97323,0000000053c6c2be,21.87
23797,2019-08-04T12:41:51Z,60d7fd34e511ad1565b92db2fbb5ef2908f7a273acceda524945e86e,60.16075,24.95883,00000000f1124bca,29.32
23798,2019-08-04T12:41:51Z,614ab7fba7255f6bf6f888e9a04d589962f756b3f427e658f10014f2,60.16075,24.95883,00000000f1124bca,4.5
23799,2019-08-04T12:41:51Z,62916b0c2a8ebabb938b5e97cb14eb89b2b32936d3fad04025ad5854,60.17002,24.94407,000000006b087f40,9.92
23800,2019-08-04T12:41:51Z,62a6fe2d9b3b5b4533c51253f8842428bd797b3c6a95a7816ec472ed,60.14947,24.91438,000000004ef3150d,9.92
23801,2019-08-04T12:41:51Z,63defb71d4c3856253a0a2d67a5c370b91ad0527703b334a63fe5344,60.14947,24.91438,000000004ef3150d,8.38
23802,2019-08-04T12:41:51Z,64394b1287e19738900f57d5c7483e02866e40bc8241fc6f6fbecbcb,60.16762,24.95415,000000006b44cce7,18.79
23803,2019-08-04T12:41:51Z,643ef3f01a51bea3c4510d4060a945cd510e5189236d68f5c9489034,60.16829,24.94214,00000000afef4555,2.08
23804,2019-08-04T12:41:51Z,64638a9f9e6c9b32fc4b484b55e4934fcab6cb04605cc76d5f5534b7,60.17065,24.93641,000000000f4919c9,8.38
23805,2019-08-04T12:41:51Z,64e34af775b57908b23056a31d60ef3b005941f2e7c3db0c49df675d,60.17065,24.93641,000000000f4919c9,4.94
23806,2019-08-04T12:41:51Z,6503762f2cac51cc2b74da1efa6b16583ed11c9a528d7716b7829c0b,60.16829,24.94214,00000000afef4555,25.36
23807,2019-08-04T12:41:51Z,6516a10850095847a8156717b0fba05a9bdc9b5bfedd691ddb07f119,60.14699,24.922,00000000a53ed894,8.38
23808,2019-08-04T12:41:51Z,6525cc634176c25187e68e0d067bcfecfd78e399e93db4ee9d408b7e,60.17919,24.95181,000000007b5207b6,16.1
23809,2019-08-04T12:41:51Z,655204cb507ea9ae811105cdcd766161facaa9f729017a333f102391,60.149,24.9843,00000000fffb8cf0,11.7
23810,2019-08-04T12:41:51Z,65b3adca9ee7adbad7277ff62bf8d0019944180762113925a4e71d95,60.149,24.9843,00000000fffb8cf0,18.79
23811,2019-08-04T12:41:51Z,65de3b8621fadfc61e9d3657dc477ea9867f9d093f80cf0857dcad88,60.16762,24.95415,000000006b44cce7,10.78
23812,2019-08-04T12:41:51Z,66b9cea6cd979b4e9e391e0ef854e2cc38eca6fb9e166811e39edd11,60.16629,24.95957,00000000fb7600be,25.36
23813,2019-08-04T12:41:51Z,6723bebaab92d1a9f8b4318fd4f497a6dec6d7f8e0eafca443925213,60.16075,24.95883,00000000f1124bca,4.5
23814,2019-08-04T12:41:51Z,67591d427f60ba3c369ac0d78088fca7be33081501508d16401dd6cb,60.16762,24.95415,000000006b44cce7,3.74
23815,2019-08-04T12:41:51Z,677c53ae4056d6cb123ca576ba5284664b1c7e3e88818bd19b5dd99a,60.17919,24.95181,000000007b5207b6,18.79
23816,2019-08-04T12:41:51Z,6875e3632a29207e29ded33617e66d55de5d8c7804fecedd6f1dfe12,60.14699,24.922,00000000a53ed894,11.7
23817,2019-08-04T12:41:51Z,69375ef968867906fc11b34d1e2c4b436d452cd47cb577a7f9e566ef,60.16762,24.95415,000000006b44cce7,5.41
23818,2019-08-04T12:41:51Z,6981f80baeddf7459b67845f82744390c976c013f3a4883a53556fc7,60.16762,24.95415,000000006b44cce7,17.4
23819,2019-08-04T12:41:51Z,69f1de5049f5731749defe893b8ae9ada4f5f788a994b8f7413ef657,60.17002,24.94407,000000006b087f40,18.79
23820,2019-08-04T12:41:51Z,6b97071051ccf5db7e5ebee033d4f68d58ed6917ff2fac5b205a6605,60.17065,24.93641,000000000f4919c9,21.87
23821,2019-08-04T12:41:51Z,6c7e018abdf8462af7c7b003bc30f915184f7082e9e865a2c502eed5,60.14699,24.922,00000000a53ed894,7.05
23822,2019-08-04T12:41:51Z,6f3dd17e40daabb4efe868f1b859dc00ecc01846f0a0e2b8db5d1413,60.17919,24.95181,000000007b5207b6,8.38
23823,2019-08-04T12:41:51Z,6f8d7717df843a7b0be6b0dd55e933ebbd9819bd96c48f210e193e4e,60.16829,24.94214,00000000afef4555,18.79
23824,2019-08-04T12:41:51Z,6fdf4cfc3a0774e204869ab43ef69c6306cc40c0fd8bbb0f8b505e3a,60.16829,24.94214,00000000afef4555,18.79
23825,2019-08-04T12:41:51Z,6fdfc33c6b609ea80b4a38ecf657bc68b7bf659752b51edcc22ffb54,60.16762,24.95415,000000006b44cce7,9.12
23826,2019-08-04T12:41:51Z,6ff93560ca77c6e5a25bc7441cf33cf7fa0138b3da4d99b2dbf5531b,60.14947,24.91438,000000004ef3150d,5.91
23827,2019-08-04T12:41:51Z,70c56152af84cf1bad4d19b0cb31202232b4cd4320ce5ea48895e42b,60.14947,24.91438,000000004ef3150d,16.1
23828,2019-08-04T12:41:51Z,733f21ebebe353e10a55a74b40a0a480e6d276334d4f3d8bcf85b711,60.16075,24.95883,00000000f1124bca,17.4
23829,2019-08-04T12:41:51Z,738ce77abafd1ca6f80e6f28e84d1b1886db4cfda3be6ffcdf52c1b1,60.14699,24.922,00000000a53ed894,9.12
23830,2019-08-04T12:41:51Z,73aa46087286af57e3778006af596aa587686a1db1d4b8708764a520,60.16762,24.95415,000000006b44cce7,18.79
23831,2019-08-04T12:41:51Z,745e52dafbfa395ea41c5fcd0c2717b9091e44d19ab89e03991fdbb7,60.16762,24.95415,000000006b44cce7,16.1
23832,2019-08-04T12:41:51Z,759f94c852ff15ca91c3138913c3858c4801702f8f0514ae82fb2a19,60.16897,24.95222,00000000aa852af1,13.75
23833,2019-08-04T12:41:51Z,7664b7f08aaa059ecf6646a595c33fae0c80715febe63e31f45a4662,60.16762,24.95415,000000006b44cce7,7.69
23834,2019-08-04T12:41:51Z,7710eccd13983db8899bd9b7c5b087af0c0580dd467b31f68bd49fa7,60.17002,24.94407,000000006b087f40,18.79
23835,2019-08-04T12:41:51Z,773cde2fe905572767422dd8f7b13c6579d615ef03314b665c7bf40f,60.16762,24.95415,000000006b44cce7,17.4
23836,2019-08-04T12:41:51Z,777cceac7be6303a1c82f7cc68061528b01e3aa1b3aa6481cad9e5e3,60.16075,24.95883,00000000f1124bca,5.41
23837,2019-08-04T12:41:51Z,77a12194b9a6789f4b2b8c07ae7fce3c2b531cb221e5fa7ca5deae55,60.16897,24.95222,00000000aa852af1,10.78
23838,2019-08-04T12:41:51Z,79bde23c1a8980f93a65e14306f0d8ea89e164430d8b991e2bfee82e,60.16531,24.9442,00000000fdda10fe,14.89
23839,2019-08-04T12:41:51Z,7a0c0b525f2d3eed6c873bd3b8d27bede551fe4a428ac15c23deadae,60.16075,24.95883,00000000f1124bca,23.56
23840,2019-08-04T12:41:51Z,7a4a06d20ebe57d94e5fceeaf47d5b56ad9a515818e9c20e21a80e61,60.16629,24.95957,00000000fb7600be,11.7
23841,2019-08-04T12:41:51Z,7a97375000483176c3b37cc0d1744a950d9b322ce3534208fce0b21d,60.14699,24.922,00000000a53ed894,7.05
23842,2019-08-04T12:41:51Z,7ab335e046f7f3597f8f615a90857885e35cfecefebd5d24bbf0af90,60.16075,24.95883,00000000f1124bca,9.12
23843,2019-08-04T12:41:51Z,7ad93fed82e41ea4422fa101badc698b0328c3ebf0f6b73c5164d438,60.16897,24.95222,00000000aa852af1,8.38
23844,2019-08-04T12:41:51Z,7af6672e274ebe27cdb785373a857fc5bcad92a386c36dbe3221d4f4,60.14947,24.91438,000000004ef3150d,4.11
23845,2019-08-04T12:41:51Z,7b1c2b4a083f1544ffd4b5e2e87ab8a58a7bb64abb0f8ce3e53b2ed2,60.14699,24.922,00000000a53ed894,23.56
23846,2019-08-04T12:41:51Z,7b61dc50070867948abbe5275032ae82e7643ca4158a809fe41a8b69,60.14699,24.922,00000000a53ed894,6.46
23847,2019-08-04T12:41:51Z,7bb67bcf014747e5d826f95c610d36492f31095552417a0864475491,60.14951,24.92138,0000000006dd41f6,17.4
23848,2019-08-04T12:41:51Z,7be762f58d54665c5e6668eb2fb3eae7201522ddff196bbc5eb731f0,60.14947,24.91438,000000004ef3150d,8.38
23849,2019-08-04T12:41:51Z,7d9a3d84c09c3a8d6876389e216e0278048d6b924890fb275a078ffb,60.16531,24.9442,00000000fdda10fe,0.59
23850,2019-08-04T12:41:51Z,7e31a4896ab0ff539440898dfabd8305df79869bff52da941016d1cc,60.1538,24.95595,0000000038bf9618,27.28
23851,2019-08-04T12:41:51Z,7e76449e59f1e3a1a615b54408115353fbb14d815390d03a73b1a7bb,60.14947,24.91438,000000004ef3150d,2.8
23852,2019-08-04T12:41:51Z,7ee87b87cf01698f643e1ba3117b245039edc811605df5dc802e7576,60.14947,24.91438,000000004ef3150d,11.7
23853,2019-08-04T12:41:51Z,7f2f97e26d55f653ed70260ea4f893d01a3984cbdf6d7a3bfb2641de,60.16829,24.94214,00000000afef4555,11.7
23854,2019-08-04T12:41:51Z,7f3c9dd2c7352cb81fb186a7d700841d2bcb47cd8ea0d5f8719b5908,60.16762,24.95415,000000006b44cce7,16.1
23855,2019-08-04T12:41:51Z,7f786ec8e06f1ca3bdd10fc60d0114baf354125b8f6cf796d197f4cc,60.16075,24.95883,00000000f1124bca,1.7
23856,2019-08-04T12:41:51Z,7fe10e69931c2d658099a314f3fce64865329e12a7b834c375e2d5d2,60.14699,24.922,00000000a53ed894,12.69
23857,2019-08-04T12:41:51Z,80cbcb887f3e351e3bef7c5f53dccc578cc3494feec514aed7015c0d,60.16075,24.95883,00000000f1124bca,5.41
23858,2019-08-04T12:41:51Z,81da708a2709f98b8d5d8b1a586bf6e1d5de068c5b9bacca55bb9ff1,60.1538,24.95595,0000000038bf9618,31.5
23859,2019-08-04T12:41:51Z,81fed8075f6ecb598d4ddc816663fc3693278a971ccec3048ef1ef51,60.17002,24.94407,000000006b087f40,27.28
23860,2019-08-04T12:41:51Z,82411c6526228322a61f59259f13adf7cde62bd767587b6735867705,60.17919,24.95181,000000007b5207b6,8.38
23861,2019-08-04T12:41:51Z,83073c017c8293e4b6eab781fbc2147fafa144d33b3618abd1ae5d90,60.17065,24.93641,000000000f4919c9,33.81
23862,2019-08-04T12:41:51Z,83121a75723643c48e3c3b0a3ea5fccb532046432ca445833e8de06a,60.16762,24.95415,000000006b44cce7,0.34
23863,2019-08-04T12:41:51Z,848fe01e24ccc782e5968171f53ea31d28f20a455c45d8bac8fb7374,60.173,24.92524,0000000096918cfa,10.78
23864,2019-08-04T12:41:51Z,8499290ca844477035cb04c821386788d09243bf12e2337d45411ac1,60.17002,24.94407,000000006b087f40,17.4
23865,2019-08-04T12:41:51Z,849a662d95d4185421aff7c6213ba5d7b84cfc58c9fb30ff34054e4c,60.16075,24.95883,00000000f1124bca,9.12
23866,2019-08-04T12:41:51Z,85d66944a64cfde859e7e08ca4b79f3b39d5b03141d500fe7ce73f7e,60.14699,24.922,00000000a53ed894,16.1
23867,2019-08-04T12:41:51Z,85d67c3be46ecb66832dfd9090a931e1be3dd056f718ea6786622131,60.16897,24.95222,00000000aa852af1,21.87
23868,2019-08-04T12:41:51Z,87bb1abe21abfcb5e5c2039e579cff7ca863a6019207db356de5b7c2,60.14699,24.922,00000000a53ed894,11.7
23869,2019-08-04T12:41:51Z,87cbb5265cd1cc3213ddb5ed9ed2a599ddb7db0b0747121d649b0ae3,60.16544,24.95398,0000000038d83d41,20.28
23870,2019-08-04T12:41:51Z,8829e285e51c0d4af122465705662b6c54ff8df31b75e657e5d57b48,60.16829,24.94214,00000000afef4555,20.28
23871,2019-08-04T12:41:51Z,885bcc6af7d0aa9718fe1030e32ffff1de5171ae5ef67cf0011874fb,60.14947,24.91438,000000004ef3150d,6.46
23872,2019-08-04T12:41:51Z,8947a5209f3b32173d3dc72792039edf94a2711741ab041b62b30643,60.16762,24.95415,000000006b44cce7,3.4
23873,2019-08-04T12:41:51Z,896f7e896dc6f1ea44b82bf968a988cc10c358ee34821d9d7a4bd07a,60.14947,24.91438,000000004ef3150d,10.78
23874,2019-08-04T12:41:51Z,8a08b2de43a9ef03cf96610718c908e69dcacc59f536a7135b7bb542,60.16629,24.95957,00000000fb7600be,10.78
23875,2019-08-04T12:41:51Z,8acb351d2b6acbd61099205c5c497b7507c1a4da115c4b8fcaa8c930,60.16762,24.95415,000000006b44cce7,8.38
23876,2019-08-04T12:41:51Z,8b2db0cf88df127735158a23e876f7746a3f6a8ac67d170ca06d1055,60.1538,24.95595,0000000038bf9618,27.28
23877,2019-08-04T12:41:51Z,8b641985c793a3f25a45b2460cb01f5baa6f339c6dd26ba7752d8a7a,60.16897,24.95222,00000000aa852af1,12.69
23878,2019-08-04T12:41:51Z,8ba6cfc17ca70e8304994e018ebd5eb2003177062cde05925d5cacb3,60.173,24.92524,0000000096918cfa,11.7
23879,2019-08-04T12:41:51Z,8d528b00553162a9dd47d2296d15b2fad89aad6a508424d4589618a1,60.14947,24.91438,000000004ef3150d,29.32
23880,2019-08-04T12:41:51Z,8d73f674010f5cb02e8f20251ed86a9afcb7f6b3926039470296bd00,60.17065,24.93641,000000000f4919c9,13.75
23881,2019-08-04T12:41:51Z,8d8a869e83fe2ac29e791666634a33af3ea4048ea4e752b6fb1e238c,60.14947,24.91438,000000004ef3150d,3.4
23882,2019-08-04T12:41:51Z,90d2c337b3629bdc073dbbe6f0793b7bf6f65d63deb77bddf24052a8,60.16897,24.95222,00000000aa852af1,17.4
23883,2019-08-04T12:41:51Z,920dc90f60b295267f63efc8f968408087b71878dc3f49f0ded1c41e,60.17919,24.95181,000000007b5207b6,21.87
23884,2019-08-04T12:41:51Z,9303135f01486f9d765684f2484efbd1658f2c61a93b0ace6786a1dc,60.16629,24.95957,00000000fb7600be,25.36
23885,2019-08-04T12:41:51Z,93a2100e233b204243f7e69b68dea7c9a145d1b5384bd18359bf87a3,60.16531,24.9442,00000000fdda10fe,1.38
23886,2019-08-04T12:41:51Z,94237bc673d78a307ecc9da6df18d0b37e632b8cd6709f81081f000a,60.17002,24.94407,000000006b087f40,6.46
23887,2019-08-04T12:41:51Z,9542a6d9883eb7a1065854d6f72274cf8d953b5846a4fce3fba9b00d,60.1538,24.95595,0000000038bf9618,20.28
23888,2019-08-04T12:41:51Z,9575ef1c44f26f0301d726029c8b1c28011a4724496943451bee6544,60.14947,24.91438,000000004ef3150d,8.38
23889,2019-08-04T12:41:51Z,9604244c18efd5978b809f021651f7743e0e64da38fcf3718f9b4f93,60.14699,24.922,00000000a53ed894,5.91
23890,2019-08-04T12:41:51Z,97264f5808fa13851dacabf0c98525eec29849ff4b6a744cc777fd5b,60.16075,24.95883,00000000f1124bca,9.12
23891,2019-08-04T12:41:51Z,9736a8a29aee134a307e0cd4221e9b0a2ab7c48befee43fc62e9f9bd,60.14699,24.922,00000000a53ed894,7.69
23892,2019-08-04T12:41:51Z,9868033d7f0d18f01d12a4034f37bf5d6e51e5ed9124c68d4b8b8e6c,60.14947,24.91438,000000004ef3150d,3.4
23893,2019-08-04T12:41:51Z,9885627881a266e5cf401516e009049e859d738e2e019be570f4b4d8,60.16448,24.97323,0000000053c6c2be,10.78
23894,2019-08-04T12:41:51Z,98bb3b6f5e2403b14b8e01616c07b03bb1fd153ded656033d7bd3533,60.16075,24.95883,00000000f1124bca,4.11
23895,2019-08-04T12:41:51Z,992f6feda52c82ad67e40af55b5602bb22411020701998c6bd65faed,60.16762,24.95415,000000006b44cce7,9.12
23896,2019-08-04T12:41:51Z,99334da99912e6d4b516e02432e7f88db5a5b87f635722bc3a8b38a6,60.14699,24.922,00000000a53ed894,29.32
23897,2019-08-04T12:41:51Z,994b630283c750a0b697359e32c4bd06d5b4a32d2edb6c12cce42b32,60.16829,24.94214,00000000afef4555,14.89
23898,2019-08-04T12:41:51Z,99753600aa90a43c336153dd03985a2996b7bc6052086f503020518c,60.14699,24.922,00000000a53ed894,12.69
23899,2019-08-04T12:41:51Z,9a9db814dfa74ca2c2d51496299715310e81c6e6525cc9d2cb0762eb,60.16897,24.95222,00000000aa852af1,20.28
23900,2019-08-04T12:41:51Z,9ac4c3176875b59567d28bf01df0c9490620902ff082fd0b93d15cb4,60.18203,24.91341,00000000342570c2,21.87
23901,2019-08-04T12:41:51Z,9acffb3f8b8720e2de83c8cfd41915d268d5eca34e0bd280eed3e6f4,60.16897,24.95222,00000000aa852af1,16.1
23902,2019-08-04T12:41:51Z,9b03b610755f4cec2e9d83a9763204e758a075614b125210bc914df5,60.16075,24.95883,00000000f1124bca,17.4
23903,2019-08-04T12:41:51Z,9bad872c31c8c5e53f064b5367350b41271d45ca8a9e508136622800,60.16897,24.95222,00000000aa852af1,11.7
23904,2019-08-04T12:41:51Z,9e3d4a4b1acd94d2896cd7cf56419110f06ea96faae37aadebd4ec77,60.14947,24.91438,000000004ef3150d,12.69
23905,2019-08-04T12:41:51Z,a22736c5d66f417bc6b745f51492549dc2e5a3c766f5e7e23f183b41,60.14947,24.91438,000000004ef3150d,8.38
23906,2019-08-04T12:41:51Z,a38a21a97a054541f0423f03758c70227116c05254958373e3e93ad0,60.14947,24.91438,000000004ef3150d,13.75
23907,2019-08-04T12:41:51Z,a3d228482bfdd3dbdfaee1ff72b6ac00c2ee8c05e949047ce9117783,60.14699,24.922,00000000a53ed894,11.7
23908,2019-08-04T12:41:51Z,a422a30ec1eb058c7930e1352297c161639faa5b3ca5f5fa47c4adb3,60.14947,24.91438,000000004ef3150d,8.38
23909,2019-08-04T12:41:51Z,a4787b6f2d40f6190707f57bbc4805899cd1b06e2a89cf9a01441995,60.16829,24.94214,00000000afef4555,25.36
23910,2019-08-04T12:41:51Z,a4f416ec0941bb365e3665d7fd224fad15d74225e8ce9f6dd6368bc7,60.17065,24.93641,000000000f4919c9,25.36
23911,2019-08-04T12:41:51Z,a665682bd157db9436f4b84bae0b741d356ed033cce05f0ce442ee64,60.16762,24.95415,000000006b44cce7,16.1
23912,2019-08-04T12:41:51Z,a6f944078dd26796f5a849ccb6fdf8a4436f913cf3302597c846462d,60.16762,24.95415,000000006b44cce7,4.11
23913,2019-08-04T12:41:51Z,a7472d1b63171c047444981df223670390009e3ea502132d9963e9fb,60.14947,24.91438,000000004ef3150d,7.05
23914,2019-08-04T12:41:51Z,a794d97e26d3678bb11b4364880414bb7bfac4bb49d1867b37b489f7,60.14947,24.91438,000000004ef3150d,13.75
23915,2019-08-04T12:41:51Z,a8bd45406d5913e098652d4c2d836339758e08d21bf5d88becabdd36,60.14947,24.91438,000000004ef3150d,9.92
23916,2019-08-04T12:41:51Z,a8df2631c2442628608c1f0352c896eb532a6ca08c85de2c77360aa8,60.14947,24.91438,000000004ef3150d,5.91
23917,2019-08-04T12:41:51Z,a9383e1c3d9b3355965662ff18ad95dfb64daa5d8e71fc20e7e50df7,60.14699,24.922,00000000a53ed894,5.41
23918,2019-08-04T12:41:51Z,a9dfc9065260957b1eb8dc3b11b793f73f7940fa5cb61acb16a260e2,60.16897,24.95222,00000000aa852af1,21.87
23919,2019-08-04T12:41:51Z,aa076c3f0d09145aebbb750dde9849ba4eb6759e92ba5753280184d6,60.16762,24.95415,000000006b44cce7,11.7
23920,2019-08-04T12:41:51Z,aa5773b59ce2bf1eee53e4e77cd3c261465d2ea538c9a85b8de30cd8,60.14947,24.91438,000000004ef3150d,13.75
23921,2019-08-04T12:41:51Z,aa6d51fc5411b69567cb854360c4a81267eac19446946eb27618306a,60.14699,24.922,00000000a53ed894,11.7
23922,2019-08-04T12:41:51Z,ac76ddb47330fe8965a3fd8ac890bda3045bb0ec515928503c2ee81a,60.16629,24.95957,00000000fb7600be,21.87
23923,2019-08-04T12:41:51Z,acdcc8ae1d1c6bb055dfc108154eae58b4b894f0ce1ff174c1065c7e,60.16762,24.95415,000000006b44cce7,2.8
23924,2019-08-04T12:41:51Z,ad8af809ed47a3391bb53d11da159b3a8b0ddc264d94c049ce72bda0,60.17065,24.93641,000000000f4919c9,1.12
23925,2019-08-04T12:41:51Z,ae08ba8b9f7ef2a4326d6d7bbf452a87d08f8062feaf20cb7101d414,60.15432,24.9211,0000000019fb59c4,13.75
23926,2019-08-04T12:41:51Z,ae828cc3f1fa739d818186776cff673c88a05d0f3dedfb4a765a54fd,60.16829,24.94214,00000000afef4555,7.05
23927,2019-08-04T12:41:51Z,ae87b8dd8920695bc9e599874667205991c04e30666d8523f0be4350,60.14947,24.91438,000000004ef3150d,3.4
23928,2019-08-04T12:41:51Z,aec4b11f0b1ec075878ca4a3b94da464f6fc96e330b913d5bfd346b0,60.16897,24.95222,00000000aa852af1,8.38
23929,2019-08-04T12:41:51Z,af8d59ebae9a22f7ba004eab4dcac2f4560a935bf6a7f9e2ffc0d0af,60.14947,24.91438,000000004ef3150d,18.79
23930,2019-08-04T12:41:51Z,b06c7ebb0cc7182279f47fe99da297fb7bda883549cb7bbc05dff36f,60.16829,24.94214,00000000afef4555,27.28
23931,2019-08-04T12:41:51Z,b11910a4d628e08056481b347d9a80d6edb23f1f2612beaa24606c8b,60.16762,24.95415,000000006b44cce7,14.89
23932,2019-08-04T12:41:51Z,b12b27061f30d5659794f14cbed5e4726c5af1ef526611d3b2dded29,60.14947,24.91438,000000004ef3150d,14.89
23933,2019-08-04T12:41:51Z,b27b090bd1bd9828dcb6ddbd0a1394e4aa097974747dff90ba0eff71,60.16897,24.95222,00000000aa852af1,8.38
23934,2019-08-04T12:41:51Z,b3d99c04e3db6b698e6e54f19434461336954d0c15385bff6e557be8,60.173,24.92524,0000000096918cfa,25.36
23935,2019-08-04T12:41:51Z,b3e9da5a37ed8ed450753cb7443e607ed1de2af685bad5be61b3e91c,60.16075,24.95883,00000000f1124bca,18.79
23936,2019-08-04T12:41:51Z,b41cc64d7ab4e16a03573bdc3b5863c4b402ec66c7780c7900c02877,60.16829,24.94214,00000000afef4555,16.1
23937,2019-08-04T12:41:51Z,b523d3f8341906e4b3877ff7d9614b4e10d6bbf10afdcc6c53656c8f,60.17065,24.93641,000000000f4919c9,33.81
23938,2019-08-04T12:41:51Z,b5699cee0ca3024bb38dcee9c2b88c0717831bda1fc341722d38a783,60.16448,24.97323,0000000053c6c2be,20.28
23939,2019-08-04T12:41:51Z,b619a20a2a26eeb9431f9666cf192254bb2263e09f6560a5ff68f8f0,60.1638,24.96846,00000000d747f075,29.32
23940,2019-08-04T12:41:51Z,b670feb17d43bf7c9bfc6b8236bd8f240defd4d2f9c402ce52a406a4,60.16897,24.95222,00000000aa852af1,17.4
23941,2019-08-04T12:41:51Z,b81e80c4efa2f6bf7a24861abfd0f0fb5672f1512dc7545a1d387f7f,60.16762,24.95415,000000006b44cce7,13.75
23942,2019-08-04T12:41:51Z,b8201571cb5ac01b7db7af4fba6c7ff58336a3f03d0fe13edf985c41,60.173,24.92524,0000000096918cfa,16.1
23943,2019-08-04T12:41:51Z,b82ba472f0cb919b39c31b9c737f1608f6a31ffa63352768f9fa12ea,60.16829,24.94214,00000000afef4555,5.41
23944,2019-08-04T12:41:51Z,b92c7fb1d77c3f326d59dbe2689bb5b8ff10fcd691f28b36aa98408c,60.17002,24.94407,000000006b087f40,17.4
23945,2019-08-04T12:41:51Z,bb0193f2b0ac4801fe82ed5cec75e687465d707d92e731047f81650f,60.1538,24.95595,0000000038bf9618,1.01
23946,2019-08-04T12:41:51Z,bbe7947ea50de5986f237ccab5782ddb55c199ad6a81e8f692670d0c,60.16829,24.94214,00000000afef4555,10.78
23947,2019-08-04T12:41:51Z,bbeaad18acdd3a2602aa5b07ab6ae8df489cb499c4490b3e6f561a5e,60.16544,24.95398,0000000038d83d41,13.75
23948,2019-08-04T12:41:51Z,bbf8cd606b9732370f1c0ae0e68d6d0663a23102d831dd10c0e74819,60.16897,24.95222,00000000aa852af1,13.75
23949,2019-08-04T12:41:51Z,bc478512e217b12ec7e01e1ce8247d394a57fb0c0cc72940f562adc2,60.17065,24.93641,000000000f4919c9,20.28
23950,2019-08-04T12:41:51Z,bd4ec71179e7755567e37eb54b845b317af028a4effe45dcaeae19bc,60.14699,24.922,00000000a53ed894,8.38
23951,2019-08-04T12:41:51Z,bddca8fc17056f9f207a259070e281eedf4cea3e8e22093b88bbd7b5,60.14699,24.922,00000000a53ed894,9.12
23952,2019-08-04T12:41:51Z,bebf1edb9736fe66391376c4cf2a3033ab9fa83ae21f86b66392e2d0,60.16762,24.95415,000000006b44cce7,8.38
23953,2019-08-04T12:41:51Z,bf2e5725b255e320f1e8375ec03f55194f1fd9f751be9629d873a5c8,60.14699,24.922,00000000a53ed894,3.09
23954,2019-08-04T12:41:51Z,bf7b5b4e75942592c7b9ce61d2191afc196d5b162bcff93bc53ea1d7,60.17002,24.94407,000000006b087f40,20.28
23955,2019-08-04T12:41:51Z,bf992d3cd95a73f02d7223eaffe90a94e3e1e98a8c6759bab631b5b0,60.14947,24.91438,000000004ef3150d,10.78
23956,2019-08-04T12:41:51Z,c0722f63618f97eb8ec4afac1a8538b81a3c87e623d753ad1201bf7c,60.16075,24.95883,00000000f1124bca,5.91
23957,2019-08-04T12:41:51Z,c0a0ca3433586ed2ae0e448f2406fabac7292ac79d49562e0bd5cef8,60.16762,24.95415,000000006b44cce7,13.75
23958,2019-08-04T12:41:51Z,c1e4323d2276cb6e358f5fabb123294e7a0ef87e7169f3cccc8f2e03,60.16075,24.95883,00000000f1124bca,18.79
23959,2019-08-04T12:41:51Z,c22d0093a8d103f59838ad43218fa834e328847e5094bcb2e98d5307,60.16829,24.94214,00000000afef4555,14.89
23960,2019-08-04T12:41:51Z,c25db2e7a7b685e41480c3c47352c0ed5e57e4cb99af3ff5b5a611d7,60.16829,24.94214,00000000afef4555,21.87
23961,2019-08-04T12:41:51Z,c36d58ed0e0dddb3e26be1214e369db1c3fa3d4bcf8b53536a25239b,60.17065,24.93641,000000000f4919c9,4.94
23962,2019-08-04T12:41:51Z,c3be6dcc2c0542676c20d28ce38adbe2c0b9be09caa3f22e60210636,60.16075,24.95883,00000000f1124bca,2.8
23963,2019-08-04T12:41:51Z,c633a260ce59bad4e1ca42f12936ed8ae57a40f5e6528dfb70052c43,60.16897,24.95222,00000000aa852af1,9.92
23964,2019-08-04T12:41:51Z,c7951807c3dfab7d09841dfc9c9b2a4fc0bcf4f43e44a9ac61b85c91,60.17002,24.94407,000000006b087f40,18.79
23965,2019-08-04T12:41:51Z,c905a50dedd9b3d2114cde9160b7adf83adc09683b65598ce24c4047,60.1538,24.95595,0000000038bf9618,18.79
23966,2019-08-04T12:41:51Z,c9822d9c012b25f745a2934c523f3c9e6db75fbe3f5e673475813381,60.15432,24.9211,0000000019fb59c4,20.28
23967,2019-08-04T12:41:51Z,ca507a06be040b3e520339b63d5bd15463a1862124c4bd940d936e4a,60.16762,24.95415,000000006b44cce7,8.38
23968,2019-08-04T12:41:51Z,cb3f05d5604f5532e039e6d40514b13aba8f6274d952bb17a8b801fc,60.15432,24.9211,0000000019fb59c4,16.1
23969,2019-08-04T12:41:51Z,cbc336691f17a9c508549e03d522166247a0cd0a944321c1a7d15525,60.14699,24.922,00000000a53ed894,5.91
23970,2019-08-04T12:41:51Z,cc2cf42c6b14536fb92c810ff0e3dd5a3caa74236f14246a5b6e8cdc,60.16762,24.95415,000000006b44cce7,5.91
23971,2019-08-04T12:41:51Z,cce6b6f309e43e2bb1be6a9784582a82891e976d0869d01040586d27,60.14947,24.91438,000000004ef3150d,7.69
23972,2019-08-04T12:41:51Z,cd4867e8bfd7af028b5546f9acfa77ecb7ff107d7c09d62186ecbbd7,60.16075,24.95883,00000000f1124bca,8.38
23973,2019-08-04T12:41:51Z,cd4ecd3b83630f6e5d65f635804e47a1ceb82853aac36af30044f06a,60.149,24.9843,00000000fffb8cf0,14.89
23974,2019-08-04T12:41:51Z,cd9b2be9ffb37c8b7c5c25f587c95b1c7932a21fb245487ea2f740d9,60.14699,24.922,00000000a53ed894,6.46
23975,2019-08-04T12:41:51Z,ceb777dafa9b7e39125b89735b7f0cf22c3018eb0196043ac8160370,60.14699,24.922,00000000a53ed894,9.12
23976,2019-08-04T12:41:51Z,ced0425d382ce86b7565a8b7b36a453a0880a08ba10090524e6c1ac5,60.14699,24.922,00000000a53ed894,12.69
23977,2019-08-04T12:41:51Z,cfa42322be0000cf89d8969d1b88ace0ba99cab721dd58d55d41a36e,60.17065,24.93641,000000000f4919c9,23.56
23978,2019-08-04T12:41:51Z,cfc2a688ff31fbb1baac8790fb6d56dc7746ba2cf9e0e5f39d4751a4,60.14699,24.922,00000000a53ed894,4.11
23979,2019-08-04T12:41:51Z,cfcc9c512b52d7fc43c7a48c00173b851566d94d097e145a357c02e8,60.1538,24.95595,0000000038bf9618,18.79
23980,2019-08-04T12:41:51Z,d0413da80c7714f40ffe50dcfb00039280c64ecebc61c59df72965e6,60.149,24.9843,00000000fffb8cf0,18.79
23981,2019-08-04T12:41:51Z,d098b9b5b30c5fcd4ae8a2b8bc761df72829713d3ae919634876d349,60.14699,24.922,00000000a53ed894,5.91
23982,2019-08-04T12:41:51Z,d0cab2a2660dcc5cb99a9bdf39d2e6b31b7498985db1b50e48cb478d,60.18203,24.91341,00000000342570c2,12.69
23983,2019-08-04T12:41:51Z,d38e88e5b926f9d1de6e326cca45116fcca11f10684c80876739c6cd,60.16075,24.95883,00000000f1124bca,4.5
23984,2019-08-04T12:41:51Z,d83dd9c0a861e25c7f5ddcd393756626def7c7f82a9f3fc35e1665a9,60.14947,24.91438,000000004ef3150d,3.4
23985,2019-08-04T12:41:51Z,d87210146aab139cc6640a20b428dce6ac516806a71a177b70e04f62,60.17065,24.93641,000000000f4919c9,10.78
23986,2019-08-04T12:41:51Z,d8e7e8b511d1123d1389cf08abbfa54b2b38e1824598b88008356c33,60.16897,24.95222,00000000aa852af1,12.69
23987,2019-08-04T12:41:51Z,da667dfa2d8a272a7398e186de027fabd2052052c0aad767a1c7d966,60.16897,24.95222,00000000aa852af1,9.12
23988,2019-08-04T12:41:51Z,daac051ca20430238282e179e0fe525b11ff1e8f1ace26d45b41f331,60.14947,24.91438,000000004ef3150d,13.75
23989,2019-08-04T12:41:51Z,db6993de0692cf79ab1b8e7d86e4b5832d11f57f026a6eb339f977bf,60.14699,24.922,00000000a53ed894,8.38
23990,2019-08-04T12:41:51Z,dbf9f0495974591badcee3fcfc1b5eb718b26de86aaf486c351ad084,60.14947,24.91438,000000004ef3150d,4.5
23991,2019-08-04T12:41:51Z,dc15145376f4a497910c8d2231d671bf62f1918ad93938a48fdc3eb4,60.149,24.9843,00000000fffb8cf0,25.36
23992,2019-08-04T12:41:51Z,dc439ef81c2abfb840e3ab145f2b944aae18a1beffd3eb47de845b9c,60.16531,24.9442,00000000fdda10fe,9.12
23993,2019-08-04T12:41:51Z,dd4d709c749e6cfcf1531575846683d4ca730e850e17c6dd39252f8e,60.16075,24.95883,00000000f1124bca,20.28
23994,2019-08-04T12:41:51Z,ddc8410b9e4ece4b995b789f95e526693bac176ed77092ba57355dc8,60.16762,24.95415,000000006b44cce7,3.74
23995,2019-08-04T12:41:51Z,de09fd8d15c3d7adbf440a3d0a418a3b476513c968bda8a4aa652adf,60.173,24.92524,0000000096918cfa,25.36
23996,2019-08-04T12:41:51Z,de0d086ae32f87522eab31d3bc52545ed17b065889674963c0709568,60.16829,24.94214,00000000afef4555,12.69
23997,2019-08-04T12:41:51Z,de3fe5f63e74a582e06c8cb02e6128d6013827015ba3e2fe93082977,60.17002,24.94407,000000006b087f40,18.79
23998,2019-08-04T12:41:51Z,de84f754a3916c8f831b0bb8ea41fc2a42cdea2794558fece3c7ae97,60.1538,24.95595,0000000038bf9618,44.58
23999,2019-08-04T12:41:51Z,e02c0f9f72e9f248a4b5df8af328e1a0132d4d8a72c1e603d14cdacd,60.18203,24.91341,00000000342570c2,13.75
24000,2019-08-04T12:41:51Z,e0e938d5ab6fe3b13270163cd8a4e531dfae4b24ff98ab7e4277114c,60.14947,24.91438,000000004ef3150d,8.38
24001,2019-08-04T12:41:51Z,e0ff1e75104c5dfa3549647c238569888e353e1322256a5c6979de0b,60.14699,24.922,00000000a53ed894,9.12
24002,2019-08-04T12:41:51Z,e1a443e10353da64728464e8a720aaf22a62b80d404f1acae1a1c6ee,60.1538,24.95595,0000000038bf9618,23.56
24003,2019-08-04T12:41:51Z,e2d7945f2c60a0d0622aef6a266620cf09df2e3a66baf2d303464c90,60.1538,24.95595,0000000038bf9618,31.5
24004,2019-08-04T12:41:51Z,e341e5e3e0b4fef8c3764508293310da5922b202d791694e43069ad1,60.16544,24.95398,0000000038d83d41,17.4
24005,2019-08-04T12:41:51Z,e40a26f3f7468f4ac2302b45f1ed9aab7fea245ccf81d0c08072c881,60.16829,24.94214,00000000afef4555,8.38
24006,2019-08-04T12:41:51Z,e447e76c7b53157c11d5bfeb172c27332c81b5ec7f263badf5507888,60.149,24.9843,00000000fffb8cf0,16.1
24007,2019-08-04T12:41:51Z,e4b111abda6e15229c808fb72d5c0c38e2cf3abdbbb62fff5ae48e42,60.16762,24.95415,000000006b44cce7,20.28
24008,2019-08-04T12:41:51Z,e4f8eb3c654b642eaf00a350d3f55a7ec5156d7693c81bb994f49d52,60.1538,24.95595,0000000038bf9618,38.87
24009,2019-08-04T12:41:51Z,e621e7131322cca25ac9c09fde26ef4c94d2ba83c5679134b2bcf63d,60.16762,24.95415,000000006b44cce7,9.92
24010,2019-08-04T12:41:51Z,e65f7c68ce6502de36e4f47d0646a91a76d6c8cf8b5ffd26a3df8f4b,60.149,24.9843,00000000fffb8cf0,17.4
24011,2019-08-04T12:41:51Z,e7cd5f775c7eea951719f351fcc25c710f857832d6f4b70a51b7b82d,60.16897,24.95222,00000000aa852af1,17.4
24012,2019-08-04T12:41:51Z,e826dedac8582e619ce18cd7eed68be5ee1fc9ed37e191e06f916835,60.14947,24.91438,000000004ef3150d,4.5
24013,2019-08-04T12:41:51Z,e9115410fa45db5a174eee008cae729dc69937a0e0b5a304899bf1b9,60.17065,24.93641,000000000f4919c9,18.79
24014,2019-08-04T12:41:51Z,e92eb020afcd7c1fad04690230ff8c2f005e404dd25b8dced1df30dd,60.16075,24.95883,00000000f1124bca,6.46
24015,2019-08-04T12:41:51Z,e9e19621fc5cfcfed2c808bbadc6cc6dd31e28d3c04cef8b89ca2729,60.16075,24.95883,00000000f1124bca,8.38
24016,2019-08-04T12:41:51Z,ea157e44ed100be3f782d8b3d8e5e0986079c588c9ea754b14917df0,60.16829,24.94214,00000000afef4555,2.54
24017,2019-08-04T12:41:51Z,ea2f4d9799324f4cd2a6fcda1625b65acdbab9f6b8331c26f63beec2,60.16897,24.95222,00000000aa852af1,14.89
24018,2019-08-04T12:41:51Z,ed70712277756192c688e0f4d7620cdb33803ab3e0cc7c180c3efd23,60.15432,24.9211,0000000019fb59c4,14.89
24019,2019-08-04T12:41:51Z,eed1c3b93e33ab3a4802db427c8c197c0fbad358e039b6ea8c8af07b,60.18203,24.91341,00000000342570c2,11.7
24020,2019-08-04T12:41:51Z,f062cb52d49926a4fb39f723275ed60ab6c0f3bf34e0c3f9d233b7b8,60.14947,24.91438,000000004ef3150d,9.92
24021,2019-08-04T12:41:51Z,f15b72a3aad411d2f8a70b41c4f62ad2d744d064d42ec00c71a18ac5,60.16762,24.95415,000000006b44cce7,7.05
24022,2019-08-04T12:41:51Z,f1e73fa6dab8e8a2db6d7515f601fac161f17c34beb84aa55e812a9e,60.16762,24.95415,000000006b44cce7,4.94
24023,2019-08-04T12:41:51Z,f20f951802c722181f0e90095001c49e73f84049bb105b95c97049d1,60.17918,24.95141,00000000675d5200,20.28
24024,2019-08-04T12:41:51Z,f2deba4ef84dbbc8c5d8524f6e2311183003bce4f9bfa6aef5b5ef66,60.14947,24.91438,000000004ef3150d,7.05
24025,2019-08-04T12:41:51Z,f2e063c8c25a8bec0dd6ec3924a5f59fd9694078f2f3fd5b3ea96f29,60.16762,24.95415,000000006b44cce7,13.75
24026,2019-08-04T12:41:51Z,f39827c3c7f4c833d1118043492f78e3255b6da9f4a2c000041d9b61,60.16829,24.94214,00000000afef4555,2.8
24027,2019-08-04T12:41:51Z,f3ec2366b51157150674e5ab6293bdb19e0b30ca4296fee4c97b811c,60.14699,24.922,00000000a53ed894,20.28
24028,2019-08-04T12:41:51Z,f45bb5439cba45e9d83f582863bb79887e6c579fad6697300ab0fb93,60.14699,24.922,00000000a53ed894,21.87
24029,2019-08-04T12:41:51Z,f5f7cfe177dfb0b7ebba2419ae53f70b6b5690dd98d98586004a9107,60.149,24.9843,00000000fffb8cf0,11.7
24030,2019-08-04T12:41:51Z,f74e6d09d258e27d6ddddd51a7dfec9b3038e669e50f8a122bffd157,60.14951,24.92138,0000000006dd41f6,27.28
24031,2019-08-04T12:41:51Z,f7f0caf73572bea3c08b592eeb9655b2668cfb16fd8840ca5619d84a,60.14699,24.922,00000000a53ed894,7.69
24032,2019-08-04T12:41:51Z,f89ed6a4a644f021299a91bd365b752023ef85e8cb44c2ce33ca3b07,60.16448,24.97323,0000000053c6c2be,16.1
24033,2019-08-04T12:41:51Z,f97bd6b766461dd4066a8fde3d7dfed9d1027ff23973200a005458cd,60.17002,24.94407,000000006b087f40,6.46
24034,2019-08-04T12:41:51Z,f9a7057352731d27889cbd388be5902a6e62b297a3467232e8e47094,60.16762,24.95415,000000006b44cce7,13.75
24035,2019-08-04T12:41:51Z,fa96854324adae88abb35afa34b2393a20338bfd8fc9602d3ce6ae8d,60.14947,24.91438,000000004ef3150d,4.94
24036,2019-08-04T12:41:51Z,fadc39da3cd26ac621092fbbff224b95bb13446c8d24bbf4f3e50e90,60.14947,24.91438,000000004ef3150d,6.46
24037,2019-08-04T12:41:51Z,fca3daa86786d92fe75c43051a906ab67c8b95c774a1227b3c45ce10,60.18203,24.91341,00000000342570c2,25.36
24038,2019-08-04T12:41:51Z,fce50ac3cfd2f3b7a897f6575eeda4e45ab42e5b9b5351be836cc0de,60.16897,24.95222,00000000aa852af1,18.79
24039,2019-08-04T12:41:51Z,fd77161cf9715d9d0f922cf45e79e5d9b9debef5113cb32a4f82ef76,60.16762,24.95415,000000006b44cce7,4.11
24040,2019-08-04T12:41:51Z,fdae9ef39942cf54462ee06edd41b7e506adc4d1ee57c4ef579413d0,60.16829,24.94214,00000000afef4555,21.87
24041,2019-08-04T12:41:51Z,fe5ca86c906b1cb3bf9dd257ceefc562e41da499878f1074484f7d42,60.14947,24.91438,000000004ef3150d,13.75
24042,2019-08-04T12:41:51Z,feb399897846bc34dc3f4b06ac4ef0ffb0db885977b88e5c5fdb7350,60.14699,24.922,00000000a53ed894,9.12
24043,2019-08-04T12:41:51Z,ff4f3e0f964f23b97e88626f7a506bb4409718931712c58ce0f247af,60.16762,24.95415,000000006b44cce7,4.94
24044,2019-08-04T12:41:51Z,ff8280896145ae17e594c52eac2cdbab47d3757d797878fbc4298596,60.1538,24.95595,0000000038bf9618,36.27
24045,2019-08-04T12:41:51Z,ff8d5b9e61bd912b13b664db8ef2919e1f515ca3b20ae67f532a5c8a,60.16762,24.95415,000000006b44cce7,12.69
24046,2019-08-04T12:41:52Z,07d86ad98399440d0cc3bd3382a7256feb971e49a3686dc17f532e1c,60.16829,24.94214,00000000afef4555,9.12
24047,2019-08-04T12:41:52Z,0dd09efc9717b508a52eb5196698ac7acffb325c836e14f240e56313,60.14947,24.91438,000000004ef3150d,8.38
24048,2019-08-04T12:41:52Z,112c36ba789fa57e2b19c9bff8bfe0b3eba19a431c3af4656c4cee5b,60.16531,24.9442,00000000fdda10fe,58.17
24049,2019-08-04T12:41:52Z,14c7e1511b70f4dd3359cbece1377aebb4d70531f5489eefe53d7c3c,60.16544,24.95398,0000000038d83d41,25.36
24050,2019-08-04T12:41:52Z,1526f3d92e309513df962ba40c1be4462d5f9b2f140656864b73824f,60.16075,24.95883,00000000f1124bca,18.79
24051,2019-08-04T12:41:52Z,1599d2c9070a6f05e1a5887c2d9209214c04818c6203fe75440734f2,60.1538,24.95595,0000000038bf9618,27.28
24052,2019-08-04T12:41:52Z,16c994bb2e24124a910c247376d16e980a65626a94c4c0aaab27df60,60.16829,24.94214,00000000afef4555,29.32
24053,2019-08-04T12:41:52Z,211f6b7b044343d0be369791b3fa3c144d0d0f391e2a42787712efb0,60.16448,24.97323,0000000053c6c2be,12.69
24054,2019-08-04T12:41:52Z,21d09757012e8f7297d1de922f681bcc36581a3d7be770b42b3780a0,60.15432,24.9211,0000000019fb59c4,9.92
24055,2019-08-04T12:41:52Z,2350e9b04a733edca530466fd60d704e4de146d81df0066a1767556b,60.149,24.9843,00000000fffb8cf0,11.7
24056,2019-08-04T12:41:52Z,25a7ff811c3c06e426c7c2cbb0433d9a2a3399b23afecbd35584ab0f,60.18203,24.91341,00000000342570c2,18.79
24057,2019-08-04T12:41:52Z,315af4a829b592ba99b203b8ed2cbd499769f8752dfe6de7da4ee929,60.16829,24.94214,00000000afef4555,25.36
24058,2019-08-04T12:41:52Z,3b5cafe90982db26cf737b2e4cd4275276f6a031bca3b2a1f73023b2,60.14699,24.922,00000000a53ed894,10.78
24059,2019-08-04T12:41:52Z,4317f5904a5e6ae921bf743dd534c803083fd90b15a1245881beeade,60.16897,24.95222,00000000aa852af1,20.28
24060,2019-08-04T12:41:52Z,44d0b94469070803869f229601e877beb613c3f5aafa009addf97a1a,60.16544,24.95398,0000000038d83d41,21.87
24061,2019-08-04T12:41:52Z,4656bad9b5e6dfc3977eca308fc1db3dbf8b0204b90d09b001da242e,60.1638,24.96846,00000000d747f075,31.5
24062,2019-08-04T12:41:52Z,57a75e8d2a7c752a9eca62fc364f00a67cd3feca62f0c7cb76bac6c7,60.18203,24.91341,00000000342570c2,25.36
24063,2019-08-04T12:41:52Z,5bbb5184fded3e51bc78e45e39917794285e6bbc72da404802a9599a,60.16531,24.9442,00000000fdda10fe,36.27
24064,2019-08-04T12:41:52Z,5d65719c4cbf045f068d084b72302f447d5fd034413d97d13be00d0e,60.18203,24.91341,00000000342570c2,18.79
24065,2019-08-04T12:41:52Z,5eed115a984d490b02b602d73787aee8dc8c4e9365b77fbff3818a76,60.16629,24.95957,00000000fb7600be,21.87
24066,2019-08-04T12:41:52Z,69219e9efa41ae9e732653e9eaf08e1a34cb853a9dafe76ddeea4d04,60.16897,24.95222,00000000aa852af1,17.4
24067,2019-08-04T12:41:52Z,6a70e2fbced719333e21eff04fcb9cb36bae9a04d1a3d6ddd96f2c58,60.15432,24.9211,0000000019fb59c4,5.41
24068,2019-08-04T12:41:52Z,6c8861f56a280e7752e10439271a2498527c69b0796f58de4afc6008,60.16075,24.95883,00000000f1124bca,18.79
24069,2019-08-04T12:41:52Z,70d8572458a1a103555bab897b6443e601e0ed211414b15ad0b56f60,60.16544,24.95398,0000000038d83d41,20.28
24070,2019-08-04T12:41:52Z,7678cdb86d454ca9ae52f22d97e635106585a3a046d01da4463695cc,60.18203,24.91341,00000000342570c2,14.89
24071,2019-08-04T12:41:52Z,7876e65f126121713ab8aded48e44b64ad5dd53b4c6e52536c374874,60.14951,24.92138,0000000006dd41f6,23.56
24072,2019-08-04T12:41:52Z,79f136afa0dd8717337c01c70b457c464aaf0fa25b440f51a394ec23,60.16762,24.95415,000000006b44cce7,13.75
24073,2019-08-04T12:41:52Z,85ef35aecf2ff804be3d958b592705ec41c6df9c128c132c65bb283d,60.16897,24.95222,00000000aa852af1,18.79
24074,2019-08-04T12:41:52Z,87dfaad29a9276ddddb1fa021d3bc23ad14824c1af16f7d87e713689,60.14951,24.92138,0000000006dd41f6,23.56
24075,2019-08-04T12:41:52Z,88808fe92573e9cdf022cc15b9689b6b4b9429f60513c8897b0ba4c7,60.16897,24.95222,00000000aa852af1,21.87
24076,2019-08-04T12:41:52Z,89982a6acf91b79a282a6b63978e946ee205f303fcd20e944e06baf0,60.16544,24.95398,0000000038d83d41,25.36
24077,2019-08-04T12:41:52Z,8c3b1ed0846e38cc84b863a80540c8a75bfd85c8bdda36563d153110,60.16544,24.95398,0000000038d83d41,33.81
24078,2019-08-04T12:41:52Z,8c75c3289c84fe4493e1e272a77b615fe1985880c5dc68a7c1a17b53,60.16762,24.95415,000000006b44cce7,16.1
24079,2019-08-04T12:41:52Z,9843c6216661048343a0e49cf3d8aa2883cf77f452666a1c873a1052,60.16448,24.97323,0000000053c6c2be,17.4
24080,2019-08-04T12:41:52Z,9ea176cc50b4b7b627807bec1e3dfc22223c1ea35af2995dd823eab7,60.14947,24.91438,000000004ef3150d,14.89
24081,2019-08-04T12:41:52Z,a6098be5b3296a394e998a69f3bcb81591e627ba68ee6df36c111623,60.16829,24.94214,00000000afef4555,25.36
24082,2019-08-04T12:41:52Z,a91d379a4b57c5df22db0d7a041ff69f657b4b31f28554b1011fc03c,60.16544,24.95398,0000000038d83d41,29.32
24083,2019-08-04T12:41:52Z,acd2647d413f41552b31b6e383da445c8902bc2a764d2b7791a7b164,60.16762,24.95415,000000006b44cce7,12.69
24084,2019-08-04T12:41:52Z,af807b67ce09a2ce1744025c421961213f1608ca658ece4df69555a1,60.16762,24.95415,000000006b44cce7,17.4
24085,2019-08-04T12:41:52Z,b5fd6b317890e5ab2d79e2cd1abe61626d45a753c7337d0d40728898,60.16762,24.95415,000000006b44cce7,9.12
24086,2019-08-04T12:41:52Z,b6768ae226a93bce23852414e20866c7413513d067579c03ea883dfa,60.17065,24.93641,000000000f4919c9,12.69
24087,2019-08-04T12:41:52Z,bb98768dad0f7c52cf643f035a3e7e48f5cfe28557c66f2a75914b31,60.14699,24.922,00000000a53ed894,12.69
24088,2019-08-04T12:41:52Z,bca443064699e0ac05c40e587aef06d7fd580817e739133a501490bc,60.14699,24.922,00000000a53ed894,21.87
24089,2019-08-04T12:41:52Z,be41ebc5fb0d348fc1ef1166d44251c3112a78a4ea01aa980364ee7c,60.14699,24.922,00000000a53ed894,13.75
24090,2019-08-04T12:41:52Z,c40c37def6bf11a63a2556519a7c6233fd417cdeea2cf14f28e7c42c,60.16531,24.9442,00000000fdda10fe,25.36
24091,2019-08-04T12:41:52Z,c97eb4181394121907d47b908495f54e5ee5145ff790f7a1dc21b3cf,60.16897,24.95222,00000000aa852af1,12.69
24092,2019-08-04T12:41:52Z,ca6927628f5ddda20036865c9345ad93d476d62ade3b181de568eed6,60.16897,24.95222,00000000aa852af1,23.56
24093,2019-08-04T12:41:52Z,cf05623e4d87ce0906c0b0b7dbf53aacc1228016cd27c341228b6e76,60.18203,24.91341,00000000342570c2,16.1
24094,2019-08-04T12:41:52Z,cfc0bedb78ded52749db3188cb188bf6a250ef5990da9c5afa9623fc,60.14951,24.92138,0000000006dd41f6,18.79
24095,2019-08-04T12:41:52Z,d661caec7a5da6aef734734bbf9090debe494c1afd98050f88f269bd,60.16829,24.94214,00000000afef4555,11.7
24096,2019-08-04T12:41:52Z,ded49640b591e73bff71f84fb99d2739eb6c9554164a015017725e03,60.16829,24.94214,00000000afef4555,14.89
24097,2019-08-04T12:41:52Z,e8e366e76c97944e23c0f80b4fd3ce6e5832744922297146a49f0c7e,60.16762,24.95415,000000006b44cce7,7.69
24098,2019-08-04T12:41:52Z,e96bd269a48b822b06141c3362fcb6d5ed4d0d09a120f2e4a712d5c2,60.16897,24.95222,00000000aa852af1,13.75
24099,2019-08-04T12:41:52Z,f088630d7476dae7d4b7e2bb1f10575f2c89acb4b6e061f3d57c2b40,60.16531,24.9442,00000000fdda10fe,20.28
24100,2019-08-04T12:41:52Z,f237103f284dc6c51c64f9728c4f56e0c855dbb1bf8c4165758c3ef0,60.16897,24.95222,00000000aa852af1,27.28
24101,2019-08-04T12:41:52Z,f29ea15113ac0eea0be8ec41c633909de4b0b9ab6c7b9898b128080c,60.16897,24.95222,00000000aa852af1,16.1
24102,2019-08-04T12:41:52Z,f6609ab1076b1105bb845595a03b41b8fbb282f79c337df5bbc9f841,60.14699,24.922,00000000a53ed894,8.38
24103,2019-08-04T12:41:52Z,fc4f3a44235f1cfc7b53f14ba2da599976a5a0a220d23b852688e485,60.17919,24.95181,000000007b5207b6,20.28
24104,2019-08-04T12:41:52Z,009ad4cd2bd97e04da44cc9789e6bdbdb899eded61d05b7d5634b7be,60.16829,24.94214,00000000afef4555,9.12
24105,2019-08-04T12:41:52Z,00b07030d00cc5582c0f1be7d73fb09e34f4018445ce11d9da8da813,60.16762,24.95415,000000006b44cce7,9.12
24106,2019-08-04T12:41:52Z,00bdb07c0f4f75c71196362c269c9f652c66cf7d3f3c2d89843af063,60.16629,24.95957,00000000fb7600be,20.28
24107,2019-08-04T12:41:52Z,032e5d7621738a50c9e742e0cba13c819f7c67cedf8687f3ab25595c,60.16762,24.95415,000000006b44cce7,14.89
24108,2019-08-04T12:41:52Z,033759f09b97a9347fd7852dbc2bcd3abbb67a792486acad9d185bca,60.16762,24.95415,000000006b44cce7,11.7
24109,2019-08-04T12:41:52Z,036c183505fea646b54aeb0c612913cafba94eca65e47d3c6d840a68,60.17919,24.95181,000000007b5207b6,27.28
24110,2019-08-04T12:41:52Z,0413805762399525f916572e0de4852c934500b4a8465ac67a535d41,60.16762,24.95415,000000006b44cce7,17.4
24111,2019-08-04T12:41:52Z,0479a26a59d65bf1dee05c06f4227a0ba63a6e9c9a09e7c34f2e06b4,60.14699,24.922,00000000a53ed894,8.38
24112,2019-08-04T12:41:52Z,04b49a34910d12f55243dd5a756c7cc1e506e5d3cdb418cc635e9ad9,60.16762,24.95415,000000006b44cce7,2.8
24113,2019-08-04T12:41:52Z,04b5d29c48edaaf4904a98e412562e3c0d857eb20342cc7c323d4293,60.16762,24.95415,000000006b44cce7,6.46
24114,2019-08-04T12:41:52Z,04f35922a81b516e7028f61c6ff34faf6da85df0a5cfcefb6df1861f,60.149,24.9843,00000000fffb8cf0,23.56
24115,2019-08-04T12:41:52Z,05d441c83d2df822feaf93d7861452db7a201f22d84cfa36f421dfd2,60.16544,24.95398,0000000038d83d41,11.7
24116,2019-08-04T12:41:52Z,073c1eeb0d9e511743bae8d5b87b95a19017f59a1dc3597d8618a908,60.173,24.92524,0000000096918cfa,44.58
24117,2019-08-04T12:41:52Z,0745a2141a9beee786a347d3ee1b071719fd2f4abfeeab7f5248c0ad,60.14699,24.922,00000000a53ed894,12.69
24118,2019-08-04T12:41:52Z,076c28c1895ef1919c11113113c12655c546fc90a00800e5ebec5b56,60.14699,24.922,00000000a53ed894,6.46
24119,2019-08-04T12:41:52Z,079d83ae6087cd1411666777b60e9986477a71ca0a318d4af5ae2f22,60.16897,24.95222,00000000aa852af1,29.32
24120,2019-08-04T12:41:52Z,09e6b7d5a7a9e691d686fb405bc2bfe0c9e5d525b47385d9235575e3,60.16897,24.95222,00000000aa852af1,13.75
24121,2019-08-04T12:41:52Z,0a0acb70a8ef92be52a64d4425e70bb2f7a17d13942c3382c9d68878,60.149,24.9843,00000000fffb8cf0,2.8
24122,2019-08-04T12:41:52Z,0a5ed50daf13dd10744537aa851ac7ab1d34d9797ec6ab6e2402aebb,60.16762,24.95415,000000006b44cce7,3.09
24123,2019-08-04T12:41:52Z,0aabf0df4c3c5b45bb8950c92dbe624985f19e8650ed61f92571a65a,60.14699,24.922,00000000a53ed894,8.38
24124,2019-08-04T12:41:52Z,0acb4bd7319729fea4acf035921d1136d86a307a60b4444669cede1a,60.14699,24.922,00000000a53ed894,9.92
24125,2019-08-04T12:41:52Z,0c905239b8c0e14cba671cf4d4d715d1045a30ee62a6285fb489dbb0,60.16829,24.94214,00000000afef4555,21.87
24126,2019-08-04T12:41:52Z,0d3525b13d674f1645fdbe6d842fe37b2f416889c5472e9dfcc5445c,60.14947,24.91438,000000004ef3150d,5.91
24127,2019-08-04T12:41:52Z,0d8341f0125a5323521549248771d5448e5f788aefe9b989e3b20114,60.16829,24.94214,00000000afef4555,12.69
24128,2019-08-04T12:41:52Z,0e104ab0d57cc157e322b37becc39408016dae6685999de8fc32e347,60.14699,24.922,00000000a53ed894,23.56
24129,2019-08-04T12:41:52Z,0ef4d4e0ed1d5a16b616f3722210deaa1f3be532439fb707802f70a2,60.16075,24.95883,00000000f1124bca,9.92
24130,2019-08-04T12:41:52Z,10a99e791e27975dc1c9d73d3163cabacf3bd7bd05a4f7abf6365426,60.14699,24.922,00000000a53ed894,13.75
24131,2019-08-04T12:41:52Z,1163b45fdf756b64ffdbb517aafeed278462e280c81160974b3b6a08,60.16629,24.95957,00000000fb7600be,25.36
24132,2019-08-04T12:41:52Z,119268a2b328b466959e99158efc17d07641daf2eab0785f813707f9,60.16762,24.95415,000000006b44cce7,23.56
24133,2019-08-04T12:41:52Z,120a63917cb5ab619bf9a71328f14020736ee84e75d5b37278748def,60.16897,24.95222,00000000aa852af1,10.78
24134,2019-08-04T12:41:52Z,121345c4cf0d0f18c684c4eb22e496ac6f8fb537ec2f3812f6966b67,60.16762,24.95415,000000006b44cce7,17.4
24135,2019-08-04T12:41:52Z,124cce476184e061b136f481014a2abc7208d30e4e520ffd90c85adb,60.17002,24.94407,000000006b087f40,18.79
24136,2019-08-04T12:41:52Z,128df515b075ffc54794d311944f31b9b1c1132d182943a9880e5bc0,60.16544,24.95398,0000000038d83d41,14.89
24137,2019-08-04T12:41:52Z,12fb8b4ee43472fe3f49e3ac6791275a4a7d7beec0e3b87fbae1320e,60.16829,24.94214,00000000afef4555,25.36
24138,2019-08-04T12:41:52Z,13bcedb8c59b26417282929d81844b272c7c5bc295614f531219a8e4,60.14947,24.91438,000000004ef3150d,21.87
24139,2019-08-04T12:41:52Z,13ee67fb034e3d24edc9a9618e9d6de24979ebbcb399f83abb02a897,60.14699,24.922,00000000a53ed894,5.41
24140,2019-08-04T12:41:52Z,1496ce9cf373a2a508a8ab0b7aa0604dd889fd69483881c3752219af,60.14699,24.922,00000000a53ed894,16.1
24141,2019-08-04T12:41:52Z,1515fbb735095b233eea332bf40cff9995758e9bd0ad60218875554b,60.14699,24.922,00000000a53ed894,13.75
24142,2019-08-04T12:41:52Z,15ee12e5f9be00a79b0cbbc9912f51cbfa3e486624567e1bde938fb6,60.1538,24.95595,0000000038bf9618,14.89
24143,2019-08-04T12:41:52Z,161aa798c2a18e132fb27ecded773218ea4e42eabbd0e5794b1d7017,60.15432,24.9211,0000000019fb59c4,4.5
24144,2019-08-04T12:41:52Z,162fcc3711287e7287479d948f54f820fb95d665191f206f0c428cfc,60.1538,24.95595,0000000038bf9618,29.32
24145,2019-08-04T12:41:52Z,16ca2e50aab654110e1bb81e5e374133f99b7f103d24d5cc9635423c,60.16897,24.95222,00000000aa852af1,25.36
24146,2019-08-04T12:41:52Z,171a752ceacd35c6e27c36e67da80ba960a246c0977f0bdca139a472,60.14699,24.922,00000000a53ed894,13.75
24147,2019-08-04T12:41:52Z,1769031b7f4d75de0541e26427b9ecc92c84b80992e3b36bb8eb799e,60.16829,24.94214,00000000afef4555,3.74
24148,2019-08-04T12:41:52Z,1882b53729765cca25bc63400074242872d6fbc57882f131285b277f,60.16829,24.94214,00000000afef4555,11.7
24149,2019-08-04T12:41:52Z,194e6ced97ec114a37fe06d6d73fb687c057d411be476f1ea6f4852e,60.16897,24.95222,00000000aa852af1,21.87
24150,2019-08-04T12:41:52Z,197961cf403efacc6bdb07158a50753109701aba7a6e7cbf8502e1ee,60.14947,24.91438,000000004ef3150d,13.75
24151,2019-08-04T12:41:52Z,1a93dfa31156cee53b4bd527d8b74655a5da812b6933d8a86d871e47,60.14947,24.91438,000000004ef3150d,18.79
24152,2019-08-04T12:41:52Z,1aacd77e1fdbe1544cf1ab29a00642d77ce4a075e388e8a2108aa39b,60.16829,24.94214,00000000afef4555,12.69
24153,2019-08-04T12:41:52Z,1ad0b84716a79851fa8db7a993012f0c8e496d6cba9d028a546285a2,60.16897,24.95222,00000000aa852af1,9.92
24154,2019-08-04T12:41:52Z,1b3fba902b8d1538b508cdc228fd15fdd87f5aecb68e5611b1a4e354,60.16762,24.95415,000000006b44cce7,3.4
24155,2019-08-04T12:41:52Z,1bcef866fafad7c7460a084e0b0d27c087b549f4ae704390708be47e,60.149,24.9843,00000000fffb8cf0,9.12
24156,2019-08-04T12:41:52Z,1c13175307f58b1bf07c8838e26a2f5d0fd5b21a7517c0b4f4e6bd8f,60.1538,24.95595,0000000038bf9618,18.79
24157,2019-08-04T12:41:52Z,1c7ccd5d6570d98e57ef2ebbd716b7504b138f9bb616fbeaa0d1a268,60.14699,24.922,00000000a53ed894,7.05
24158,2019-08-04T12:41:52Z,1ca2a3dc3dfc4b7c43e5c2670f235bdd61b23459d91984dde3e5afff,60.14699,24.922,00000000a53ed894,14.89
24159,2019-08-04T12:41:52Z,1d4841b6905c46f3c38f79540bae2a88a4e660692149506c0db9da33,60.15432,24.9211,0000000019fb59c4,12.69
24160,2019-08-04T12:41:52Z,1e63d2090b520af23ca3d2c9a05047dc0b0c63f7471b86e9d9f3e7cc,60.16629,24.95957,00000000fb7600be,27.28
24161,2019-08-04T12:41:52Z,1f74037ecab4dbdc5db1a8dc8b583a86630f86a5f2d0a5167b7fa605,60.18203,24.91341,00000000342570c2,21.87
24162,2019-08-04T12:41:52Z,203a0c145a43c9a18f8c2a5ba4e18882e7430662bb4ac0e56ab37578,60.17065,24.93641,000000000f4919c9,12.69
24163,2019-08-04T12:41:52Z,208944c5811f446561788c5415738cbe52bdacb371f415236042698c,60.16897,24.95222,00000000aa852af1,27.28
24164,2019-08-04T12:41:52Z,20ac7b2ace7c0038aa8df01b9281a9c54f1551fc8ab9b662b1f1ca22,60.18203,24.91341,00000000342570c2,17.4
24165,2019-08-04T12:41:52Z,21eb94b10f042f4f21566d3ee27d800fb6d899071739c0c5c1fa7af0,60.14699,24.922,00000000a53ed894,16.1
24166,2019-08-04T12:41:52Z,21eed3ade733687b8f56fade8290819b7c6b4a9f38468979fe692c3e,60.16762,24.95415,000000006b44cce7,6.46
24167,2019-08-04T12:41:52Z,2204ba387d2db0e7d2ca03f7ace46abff8d141668b73c75a1879d7ba,60.14947,24.91438,000000004ef3150d,13.75
24168,2019-08-04T12:41:52Z,231026899a6d5b326cb5b1e38b182ca1acb77c7e27bc2378973b29db,60.16629,24.95957,00000000fb7600be,11.7
24169,2019-08-04T12:41:52Z,23337c2812924a07e4f0bbc92e56d1f85ea40208b6b987f4afc686cf,60.16897,24.95222,00000000aa852af1,16.1
24170,2019-08-04T12:41:52Z,244b51aa4a7059ba782925258111c295aa4de9596025c55ccd5580ac,60.16829,24.94214,00000000afef4555,18.79
24171,2019-08-04T12:41:52Z,247f8b2fe544f61677fce4b7f300f6be0c3fa9f5a9f057cc0a4b2111,60.16762,24.95415,000000006b44cce7,12.69
24172,2019-08-04T12:41:52Z,250f7cf6c6d1296e84c45fb8621a0704eb5243471980b5187dc40cdd,60.14699,24.922,00000000a53ed894,18.79
24173,2019-08-04T12:41:52Z,2551a9e1b8a03c8e0e378ed37c0130b6e4105ec6b949de9e5a670be8,60.14699,24.922,00000000a53ed894,12.69
24174,2019-08-04T12:41:52Z,2607d1b2fc6e31a80348fffbed68a7d3a8e0212f197f2d1c573c587b,60.14947,24.91438,000000004ef3150d,11.7
24175,2019-08-04T12:41:52Z,265a58e6a64b398acb880f2ffc0931be4969fb0e6600195cb5408c7c,60.16075,24.95883,00000000f1124bca,33.81
24176,2019-08-04T12:41:52Z,2838eddb482a9bc77b0b867352020e2cbfb71e85aaa1d61307e85f3d,60.14947,24.91438,000000004ef3150d,5.91
24177,2019-08-04T12:41:52Z,28b43564f7156b67db7cb7b779e948986d7610f921490f9030379704,60.16897,24.95222,00000000aa852af1,7.05
24178,2019-08-04T12:41:52Z,2969cdb120f2d285c556abfe5bac2f8090571f61aba227a474a534d2,60.17065,24.93641,000000000f4919c9,13.75
24179,2019-08-04T12:41:52Z,29a1ee6c0907a00ec6b6dcbb187f5c31d1a11b261aabd339210ee013,60.16897,24.95222,00000000aa852af1,11.7
24180,2019-08-04T12:41:52Z,2a767d6875ef5fa533a2eb311aafaab1d857135cf6da5786d2407a49,60.14699,24.922,00000000a53ed894,8.38
24181,2019-08-04T12:41:52Z,2e86f9a432e00fa6ff5b8744ffecbe22a02b4316779bc8b4078af2e2,60.149,24.9843,00000000fffb8cf0,27.28
24182,2019-08-04T12:41:52Z,2ee2e108ed9051b1ccf4d3ee89931dfd53170af0b558fa6579b83e8d,60.15432,24.9211,0000000019fb59c4,9.92
24183,2019-08-04T12:41:52Z,2fabc4773758a12492d31bdfe6b37e6523ae8caabecda356d33dce41,60.15432,24.9211,0000000019fb59c4,31.5
24184,2019-08-04T12:41:52Z,30a6bed86e2e8cacef2646dd90a47eccb0b7a11d9db2ac916c89cefd,60.16829,24.94214,00000000afef4555,17.4
24185,2019-08-04T12:41:52Z,30c55d5011d0f6c901437a130dbe2653c7ae0cceee3b0a242394152c,60.14947,24.91438,000000004ef3150d,50.98
24186,2019-08-04T12:41:52Z,3197a3340c627059b7c7eb4b36e932bf06a1d31d868aabd647df6373,60.16762,24.95415,000000006b44cce7,18.79
24187,2019-08-04T12:41:52Z,32708990f2c831e65f70f2682baf5188fc93348b9a9e78ada8db2bf4,60.14947,24.91438,000000004ef3150d,4.11
24188,2019-08-04T12:41:52Z,33634cb1e3fc5d4a621e8717d203da8533ed27531a70c6cbe3abf3fa,60.16762,24.95415,000000006b44cce7,1.7
24189,2019-08-04T12:41:52Z,33ec502792a84f23fed03cf16e483d153c65e2850a2549f47034726a,60.16762,24.95415,000000006b44cce7,18.79
24190,2019-08-04T12:41:52Z,3405b45677395f577b17b4f3f98f4e4acf64510ac518139bea7227fd,60.16829,24.94214,00000000afef4555,31.5
24191,2019-08-04T12:41:52Z,347c2747f8b58cdc6f96b541d1a35f2c0e182b542706a38e0ce7ef4a,60.149,24.9843,00000000fffb8cf0,10.78
24192,2019-08-04T12:41:52Z,348d0f13ec830589831a973041803bc7b6c0f0b5f6e5a84e47f292d3,60.17002,24.94407,000000006b087f40,17.4
24193,2019-08-04T12:41:52Z,352427714fc6e8591df6bd227dde05d3b7ba0881742eee4ae750dcc4,60.15432,24.9211,0000000019fb59c4,23.56
24194,2019-08-04T12:41:52Z,35502547e06ee42a683582ce5b803d594fd683773fb80142e128be38,60.16762,24.95415,000000006b44cce7,18.79
24195,2019-08-04T12:41:52Z,358d7986d5bf2a0624fb1412a157b3c7b12f90653457e15a76bbdf50,60.16629,24.95957,00000000fb7600be,11.7
24196,2019-08-04T12:41:52Z,35e6e075578d7a51e510bf8904bde33f1d117264eea0917db98d4808,60.16897,24.95222,00000000aa852af1,17.4
24197,2019-08-04T12:41:52Z,36ac881c69da50c52f9930ba957c471ef37589fd6826f4dc4c14b85e,60.16544,24.95398,0000000038d83d41,25.36
24198,2019-08-04T12:41:52Z,36f876050503d244f74f3cbadcef716904eb2b245190d474b0cfa794,60.16762,24.95415,000000006b44cce7,3.09
24199,2019-08-04T12:41:52Z,37190d6ba826560355df0dff3a798fc7b83215adcac34acf54e7aa5d,60.16897,24.95222,00000000aa852af1,23.56
24200,2019-08-04T12:41:52Z,37945fa4e7409fab98aa8bde45081f5bd083def0059485274ad552c0,60.17919,24.95181,000000007b5207b6,9.92
24201,2019-08-04T12:41:52Z,37b4192b51c9589b8791bc2e9f830dd541c0e77fd03e7a85a51b68e5,60.16544,24.95398,0000000038d83d41,29.32
24202,2019-08-04T12:41:52Z,38e15f5aeb58c22ca456fc4d3a14f3b4d9f1fac43de070d2565eb1d3,60.16897,24.95222,00000000aa852af1,25.36
24203,2019-08-04T12:41:52Z,393a579e1c8efb19861f555f12040feeac853f37a2451116693e77aa,60.14699,24.922,00000000a53ed894,16.1
24204,2019-08-04T12:41:52Z,396b845a1e5f627f3bc08495207a8c778214ad3bc79ddd896675be4d,60.17918,24.95141,00000000675d5200,31.5
24205,2019-08-04T12:41:52Z,39f03a3a5fd777feee270921a7f51daec12ea679b542b0aaf2e808d7,60.149,24.9843,00000000fffb8cf0,14.89
24206,2019-08-04T12:41:52Z,3abc507346480858d62b69d6e29c3b0700ac193520668e17a4ce7cbb,60.16762,24.95415,000000006b44cce7,13.75
24207,2019-08-04T12:41:52Z,3b73bf57d223bcb9b930ee8619e6603e52485b221389c64d85614baf,60.16897,24.95222,00000000aa852af1,21.87
24208,2019-08-04T12:41:52Z,3be48824225ca9f2aea5653f6ce21181a76e67a8d4b8361f0cba1f8a,60.14947,24.91438,000000004ef3150d,16.1
24209,2019-08-04T12:41:52Z,3c21ef81eb62764c543cc53a1eb793a317f3443dd4838799b2dbd6ff,60.16629,24.95957,00000000fb7600be,25.36
24210,2019-08-04T12:41:52Z,3e4965f1ed580ddf80246b1b78cbc55b73c11d67573d9cede2a7ccf7,60.16829,24.94214,00000000afef4555,21.87
24211,2019-08-04T12:41:52Z,3e99999f43f3bd9e105e735eeb92531a4301e7f258c90535acfba9ae,60.16531,24.9442,00000000fdda10fe,18.79
24212,2019-08-04T12:41:52Z,3e9bb396fbc83c420e59acae7d393de6b4add7ec1dda523b9eaee7a5,60.16075,24.95883,00000000f1124bca,20.28
24213,2019-08-04T12:41:52Z,3ea5c91c32a318cb798767914dd025c2791a8c19e81c10c22f649247,60.18203,24.91341,00000000342570c2,31.5
24214,2019-08-04T12:41:52Z,3f395809cdaaaa1688c7d1cc770079bbf7ef1349e148bec5c8eacd57,60.16762,24.95415,000000006b44cce7,13.75
24215,2019-08-04T12:41:52Z,3ffe89aa6ab1e57883e21fa8f15969f46a5f487bccb2b993eadb3cfb,60.14699,24.922,00000000a53ed894,7.69
24216,2019-08-04T12:41:52Z,403f209e525e5159d33b2056ebebcfa95ff94baf8ae3d9b3442c3090,60.14699,24.922,00000000a53ed894,13.75
24217,2019-08-04T12:41:52Z,4157eed3f2574f5f9b1f7c3ccc1c36e181e82585ec5d491a1aedc6c9,60.16762,24.95415,000000006b44cce7,17.4
24218,2019-08-04T12:41:52Z,4192cabc6dff3cd8f4c506c56be3a81e53d1f20d9aa21f9d88ade380,60.14699,24.922,00000000a53ed894,21.87
24219,2019-08-04T12:41:52Z,427f20895f2d0aec0392fd0be9f66c4cd45200a3d32b5b9d52ea0dc2,60.15432,24.9211,0000000019fb59c4,29.32
24220,2019-08-04T12:41:52Z,429363aca20efd1e564b3ac367b9eb4702cce1afbe6a22dccb543a7f,60.16075,24.95883,00000000f1124bca,21.87
24221,2019-08-04T12:41:52Z,42d4eb6044091814f327d0b01dc9ae701506417af1a8ab7f4161650d,60.14951,24.92138,0000000006dd41f6,17.4
24222,2019-08-04T12:41:52Z,42da4298ed9f522421f17714e024d9b8fe22e7546df3deeb8b139bd3,60.16075,24.95883,00000000f1124bca,5.91
24223,2019-08-04T12:41:52Z,431375be6b9405ef55878f3aa0bb5dd6a35db8ba650a2bce05081c49,60.14947,24.91438,000000004ef3150d,10.78
24224,2019-08-04T12:41:52Z,436df7106ce19510536cf507d8939633784f67da2f872970e0d3ba43,60.16829,24.94214,00000000afef4555,14.89
24225,2019-08-04T12:41:52Z,457d11209b95b153efb57d8f2641f2db0823e91a0d608fa0555a5b69,60.14699,24.922,00000000a53ed894,13.75
24226,2019-08-04T12:41:52Z,459ee564ad7aca128b70ae089395378da384eb1ff35cefde7d7f5736,60.16829,24.94214,00000000afef4555,12.69
24227,2019-08-04T12:41:52Z,4602ff9d03f6bf4fbb82976098cc1c73e7a7e754050401c772d1406e,60.14947,24.91438,000000004ef3150d,4.11
24228,2019-08-04T12:41:52Z,467a01a257fbaad22bd4aebafc8f284c9ad3effc429475e57c214e9d,60.14699,24.922,00000000a53ed894,12.69
24229,2019-08-04T12:41:52Z,47cde44e4ddbf6c70162fa882eee962e7c3e2a037b650294ec46568f,60.14947,24.91438,000000004ef3150d,5.41
24230,2019-08-04T12:41:52Z,48f665ebb1a71b0d84fc02bd71918c5ab5608328db534639cbd2a255,60.14947,24.91438,000000004ef3150d,3.09
24231,2019-08-04T12:41:52Z,4a1a129202050ebeed57c0765b3c9d72574e077e2f6a1e0c6d2ce943,60.16531,24.9442,00000000fdda10fe,21.87
24232,2019-08-04T12:41:52Z,4a3d577d3ee3d826cbea528f3687f4006a366f46438733731c24ccb5,60.14699,24.922,00000000a53ed894,12.69
24233,2019-08-04T12:41:52Z,4a565a7be2bb822523480c6ca86154a466bf189290f87a0ef118f8b7,60.149,24.9843,00000000fffb8cf0,18.79
24234,2019-08-04T12:41:52Z,4aff8c41b8c3f924b9b765007cf6f0f148e9fdc4dfad6299b17f6f71,60.16762,24.95415,000000006b44cce7,18.79
24235,2019-08-04T12:41:52Z,4b1050cc517631e36206d3528399c0b14748daec8c7d1b5dfa412299,60.15432,24.9211,0000000019fb59c4,7.05
24236,2019-08-04T12:41:52Z,4b85388cdaec2b4c15b546160ee326d9668a5e5d3c7b08d0c539946e,60.17919,24.95181,000000007b5207b6,20.28
24237,2019-08-04T12:41:52Z,4be50f3eb033f3f46e3069049c8e0a34dc8a2607741c1764369ba4c2,60.16762,24.95415,000000006b44cce7,11.7
24238,2019-08-04T12:41:52Z,4cadc8cc23fd84febb6a8383030a34c97b3388a8c9ed7a64cc0f51a6,60.14947,24.91438,000000004ef3150d,5.41
24239,2019-08-04T12:41:52Z,4d4115f2971578ddc2428be944e2954c9e9a5472a818ec1805a022b2,60.149,24.9843,00000000fffb8cf0,9.12
24240,2019-08-04T12:41:52Z,4ebdb6165c5d4892cdc21711313b98b1545bececfb886192c6f0ef22,60.16762,24.95415,000000006b44cce7,7.05
24241,2019-08-04T12:41:52Z,4f4940c5c77737c5b8f2fbd5a1b65886ea5f6e0e4fcd50447e11ce21,60.16075,24.95883,00000000f1124bca,17.4
24242,2019-08-04T12:41:52Z,50cb63669a1534d5187e4e76c7b10e57705b61e8237469a9afd253b8,60.16762,24.95415,000000006b44cce7,17.4
24243,2019-08-04T12:41:52Z,514a3981fad6c695ac4940f09374b5d1c2e84d2ca835084ef8707714,60.16075,24.95883,00000000f1124bca,3.4
24244,2019-08-04T12:41:52Z,51b3c7870a399165f0d1d14f7d21688df32b0360f9cc6f3ca61890d8,60.16829,24.94214,00000000afef4555,3.09
24245,2019-08-04T12:41:52Z,52072bd384eaaf4a6958af5510ed039d194dee47f34667bc7bccbe0e,60.14699,24.922,00000000a53ed894,12.69
24246,2019-08-04T12:41:52Z,5274280f7558ea562d9ce825000efc025d2de6b91c62614cb68df2b1,60.14947,24.91438,000000004ef3150d,17.4
24247,2019-08-04T12:41:52Z,52939581c6c8dd3407dbf44ea9e90471e4bbadfb7e3740a0ba8324f3,60.14699,24.922,00000000a53ed894,8.38
24248,2019-08-04T12:41:52Z,52f0e69ca7a5cebe604c1f32308dc7f8870d1d85cd4b25ad17f706e9,60.14699,24.922,00000000a53ed894,9.12
24249,2019-08-04T12:41:52Z,53263c2a4d1fc6edb42de24a91c19cc8d0050f1e61b0ddd97cf45bba,60.17002,24.94407,000000006b087f40,29.32
24250,2019-08-04T12:41:52Z,54065d53a62079540c4be1e19eafa5dd581e8ec35da0c31844438e0b,60.149,24.9843,00000000fffb8cf0,9.92
24251,2019-08-04T12:41:52Z,552e7d20be831c5ebfa503ba78ed542d6ece4ecad264308d5dc37a31,60.14699,24.922,00000000a53ed894,11.7
24252,2019-08-04T12:41:52Z,5554305bad43a71cf98d83e92708c7474c1efc189392c1ea94231e9c,60.16531,24.9442,00000000fdda10fe,3.74
24253,2019-08-04T12:41:52Z,556a86b2e90ec03e679f4434e2ebcef0eb687cb52bafbd0d98d26c88,60.14947,24.91438,000000004ef3150d,21.87
24254,2019-08-04T12:41:52Z,5636d9760f1eac9d5d050497d7084fd61a92d5d108695a9023769ac4,60.16629,24.95957,00000000fb7600be,16.1
24255,2019-08-04T12:41:52Z,56b8eace741e5227a40ea0a64601a737648080c63d6240b0dca632c4,60.16075,24.95883,00000000f1124bca,17.4
24256,2019-08-04T12:41:52Z,570dc61d53aec66ede39dfde66339640878453afc00cd1a55c60bca7,60.16544,24.95398,0000000038d83d41,17.4
24257,2019-08-04T12:41:52Z,571934189bf349efb6f596e76c21612cf9b82ed44913090169936048,60.17065,24.93641,000000000f4919c9,10.78
24258,2019-08-04T12:41:52Z,571e65d939060a58396de22fc44d8842fc9de986824670ad765ec596,60.16762,24.95415,000000006b44cce7,5.91
24259,2019-08-04T12:41:52Z,57c6f9c8fc64c4d7030c1d3576910e338178138cd74acdc9e3630216,60.16629,24.95957,00000000fb7600be,29.32
24260,2019-08-04T12:41:52Z,57f88614f91a133004ac1a6dea31a4090f899646a5f62ece691d87af,60.16762,24.95415,000000006b44cce7,9.92
24261,2019-08-04T12:41:52Z,58122bffe92a82d8b8a6fb46e406f2d86c32db26eca7557ec6943fa5,60.14947,24.91438,000000004ef3150d,10.78
24262,2019-08-04T12:41:52Z,583a35aa08fe45f96deb91a9f4b9317e86eddeee0d636cc11b3e2df8,60.16762,24.95415,000000006b44cce7,12.69
24263,2019-08-04T12:41:52Z,58411163d307bb308f9c94a9720e9ce5ab0ce4f5617cd2b1fcc2037a,60.16762,24.95415,000000006b44cce7,7.05
24264,2019-08-04T12:41:52Z,584cb0b0cdd14e608c8b57c8aecc9826f9b40027e365e2438a444ea2,60.16762,24.95415,000000006b44cce7,13.75
24265,2019-08-04T12:41:52Z,5966e39260804b1e804f63b354a53470a1f621ac8e68afdd522a565f,60.17002,24.94407,000000006b087f40,25.36
24266,2019-08-04T12:41:52Z,59b01cbdec8ff06fa6d50bac00c3f5f4c45132fc8a62800c08df5d6a,60.16629,24.95957,00000000fb7600be,5.41
24267,2019-08-04T12:41:52Z,5b21511f00a23b33dc791787155b6f890ab1949e3c9a42448c765d19,60.16829,24.94214,00000000afef4555,25.36
24268,2019-08-04T12:41:52Z,5bc8610f198c0ab38e4e89fd7f4828d032ca2a6ef97c2a17c79e296f,60.14699,24.922,00000000a53ed894,18.79
24269,2019-08-04T12:41:52Z,5bf59468120b0262b74eebaba2a7ee8274f3c8165ddcf6f38eae92a8,60.16829,24.94214,00000000afef4555,20.28
24270,2019-08-04T12:41:52Z,5c46671175475bc574d3a64fe85e1ce7792c14d29f1e79a39da24fa0,60.149,24.9843,00000000fffb8cf0,25.36
24271,2019-08-04T12:41:52Z,5cd5117066c75a1cb83d3896a7eba3f3472e133f0013ea7d4e95daaa,60.14699,24.922,00000000a53ed894,4.94
24272,2019-08-04T12:41:52Z,5d70086d53447ee393249cef33c7bae814c1d7c2e3055fc91b38786c,60.17919,24.95181,000000007b5207b6,7.05
24273,2019-08-04T12:41:52Z,5e7916ca910b02abf2d19906759663c23db63950a353fa546f55c8af,60.14699,24.922,00000000a53ed894,7.69
24274,2019-08-04T12:41:52Z,5ea49ba4de68e03664ec3a87f5de32434d7136b4f8323f022ff9df5b,60.16829,24.94214,00000000afef4555,18.79
24275,2019-08-04T12:41:52Z,5ee175437c5a15756f66cae8cf9172e291d462123de1bd59ae7a103b,60.16897,24.95222,00000000aa852af1,16.1
24276,2019-08-04T12:41:52Z,60d5c11436b72dd4eb673f606bddc3f8f36675342cba015b9297155f,60.16448,24.97323,0000000053c6c2be,14.89
24277,2019-08-04T12:41:52Z,60d9b71ec38b796bf876dedfaf3112b49ff79677480c7603902857ae,60.14947,24.91438,000000004ef3150d,13.75
24278,2019-08-04T12:41:52Z,614ab7fba7255f6bf6f888e9a04d589962f756b3f427e658f10014f2,60.16075,24.95883,00000000f1124bca,4.94
24279,2019-08-04T12:41:52Z,62916b0c2a8ebabb938b5e97cb14eb89b2b32936d3fad04025ad5854,60.17002,24.94407,000000006b087f40,11.7
24280,2019-08-04T12:41:52Z,62a6fe2d9b3b5b4533c51253f8842428bd797b3c6a95a7816ec472ed,60.14947,24.91438,000000004ef3150d,4.94
24281,2019-08-04T12:41:52Z,63defb71d4c3856253a0a2d67a5c370b91ad0527703b334a63fe5344,60.14947,24.91438,000000004ef3150d,9.92
24282,2019-08-04T12:41:52Z,64394b1287e19738900f57d5c7483e02866e40bc8241fc6f6fbecbcb,60.16762,24.95415,000000006b44cce7,7.69
24283,2019-08-04T12:41:52Z,643ef3f01a51bea3c4510d4060a945cd510e5189236d68f5c9489034,60.16829,24.94214,00000000afef4555,0.84
24284,2019-08-04T12:41:52Z,64638a9f9e6c9b32fc4b484b55e4934fcab6cb04605cc76d5f5534b7,60.17065,24.93641,000000000f4919c9,8.38
24285,2019-08-04T12:41:52Z,64e34af775b57908b23056a31d60ef3b005941f2e7c3db0c49df675d,60.17065,24.93641,000000000f4919c9,2.8
24286,2019-08-04T12:41:52Z,6503762f2cac51cc2b74da1efa6b16583ed11c9a528d7716b7829c0b,60.16829,24.94214,00000000afef4555,18.79
24287,2019-08-04T12:41:52Z,6516a10850095847a8156717b0fba05a9bdc9b5bfedd691ddb07f119,60.14699,24.922,00000000a53ed894,16.1
24288,2019-08-04T12:41:52Z,6525cc634176c25187e68e0d067bcfecfd78e399e93db4ee9d408b7e,60.17919,24.95181,000000007b5207b6,18.79
24289,2019-08-04T12:41:52Z,655204cb507ea9ae811105cdcd766161facaa9f729017a333f102391,60.149,24.9843,00000000fffb8cf0,9.92
24290,2019-08-04T12:41:52Z,65b3adca9ee7adbad7277ff62bf8d0019944180762113925a4e71d95,60.149,24.9843,00000000fffb8cf0,25.36
24291,2019-08-04T12:41:52Z,6723bebaab92d1a9f8b4318fd4f497a6dec6d7f8e0eafca443925213,60.16075,24.95883,00000000f1124bca,4.5
24292,2019-08-04T12:41:52Z,67591d427f60ba3c369ac0d78088fca7be33081501508d16401dd6cb,60.16762,24.95415,000000006b44cce7,3.09
24293,2019-08-04T12:41:52Z,6774ed72eaf69d7c4aaeeef90990f969954155bbcc52652e75e7deef,60.16829,24.94214,00000000afef4555,5.91
24294,2019-08-04T12:41:52Z,6875e3632a29207e29ded33617e66d55de5d8c7804fecedd6f1dfe12,60.14699,24.922,00000000a53ed894,6.46
24295,2019-08-04T12:41:52Z,69375ef968867906fc11b34d1e2c4b436d452cd47cb577a7f9e566ef,60.16762,24.95415,000000006b44cce7,4.94
24296,2019-08-04T12:41:52Z,6981f80baeddf7459b67845f82744390c976c013f3a4883a53556fc7,60.16762,24.95415,000000006b44cce7,20.28
24297,2019-08-04T12:41:52Z,698b200b63a644828a7314691a16af2af1bccef75d52abb5591a5542,60.14699,24.922,00000000a53ed894,16.1
24298,2019-08-04T12:41:52Z,69f1de5049f5731749defe893b8ae9ada4f5f788a994b8f7413ef657,60.17002,24.94407,000000006b087f40,21.87
24299,2019-08-04T12:41:52Z,6b0a82291c959c69fdc5d4aa8e51e7db895cb2b8ff403b6d988a8b7d,60.16829,24.94214,00000000afef4555,25.36
24300,2019-08-04T12:41:52Z,6b6668d7ebecfb96a6ed3ca19e97f8da150943ddf1d034675d08a9b8,60.14699,24.922,00000000a53ed894,16.1
24301,2019-08-04T12:41:52Z,6b97071051ccf5db7e5ebee033d4f68d58ed6917ff2fac5b205a6605,60.17065,24.93641,000000000f4919c9,18.79
24302,2019-08-04T12:41:52Z,6f3dd17e40daabb4efe868f1b859dc00ecc01846f0a0e2b8db5d1413,60.17919,24.95181,000000007b5207b6,7.05
24303,2019-08-04T12:41:52Z,6f6424bbbaf60613d510509f7f01d817e2161b2043aeda1ad4f4723b,60.14951,24.92138,0000000006dd41f6,21.87
24304,2019-08-04T12:41:52Z,6f8d7717df843a7b0be6b0dd55e933ebbd9819bd96c48f210e193e4e,60.16829,24.94214,00000000afef4555,16.1
24305,2019-08-04T12:41:52Z,6fdf4cfc3a0774e204869ab43ef69c6306cc40c0fd8bbb0f8b505e3a,60.16829,24.94214,00000000afef4555,13.75
24306,2019-08-04T12:41:52Z,6fdfc33c6b609ea80b4a38ecf657bc68b7bf659752b51edcc22ffb54,60.16762,24.95415,000000006b44cce7,6.46
24307,2019-08-04T12:41:52Z,6fec2e12fc88db6bcc4eb2c81bcfb171de0094ca788c72192002e939,60.15432,24.9211,0000000019fb59c4,29.32
24308,2019-08-04T12:41:52Z,6ff93560ca77c6e5a25bc7441cf33cf7fa0138b3da4d99b2dbf5531b,60.14947,24.91438,000000004ef3150d,9.92
24309,2019-08-04T12:41:52Z,70c56152af84cf1bad4d19b0cb31202232b4cd4320ce5ea48895e42b,60.14947,24.91438,000000004ef3150d,17.4
24310,2019-08-04T12:41:52Z,733618d50499022af0ec3b91abdc93b6f3f252adb6891da4956ba4fb,60.15432,24.9211,0000000019fb59c4,25.36
24311,2019-08-04T12:41:52Z,733f21ebebe353e10a55a74b40a0a480e6d276334d4f3d8bcf85b711,60.16075,24.95883,00000000f1124bca,17.4
24312,2019-08-04T12:41:52Z,7664b7f08aaa059ecf6646a595c33fae0c80715febe63e31f45a4662,60.16762,24.95415,000000006b44cce7,9.12
24313,2019-08-04T12:41:52Z,76eb0b45eac8a8284082ead3dd4d2d265db2274e90c4819a73d04d14,60.18203,24.91341,00000000342570c2,29.32
24314,2019-08-04T12:41:52Z,773cde2fe905572767422dd8f7b13c6579d615ef03314b665c7bf40f,60.16762,24.95415,000000006b44cce7,6.46
24315,2019-08-04T12:41:52Z,777cceac7be6303a1c82f7cc68061528b01e3aa1b3aa6481cad9e5e3,60.16075,24.95883,00000000f1124bca,4.94
24316,2019-08-04T12:41:52Z,77a12194b9a6789f4b2b8c07ae7fce3c2b531cb221e5fa7ca5deae55,60.16897,24.95222,00000000aa852af1,9.12
24317,2019-08-04T12:41:52Z,79bde23c1a8980f93a65e14306f0d8ea89e164430d8b991e2bfee82e,60.16531,24.9442,00000000fdda10fe,16.1
24318,2019-08-04T12:41:52Z,7a0c0b525f2d3eed6c873bd3b8d27bede551fe4a428ac15c23deadae,60.16075,24.95883,00000000f1124bca,20.28
24319,2019-08-04T12:41:52Z,7a4a06d20ebe57d94e5fceeaf47d5b56ad9a515818e9c20e21a80e61,60.16629,24.95957,00000000fb7600be,21.87
24320,2019-08-04T12:41:52Z,7a97375000483176c3b37cc0d1744a950d9b322ce3534208fce0b21d,60.14699,24.922,00000000a53ed894,13.75
24321,2019-08-04T12:41:52Z,7ab335e046f7f3597f8f615a90857885e35cfecefebd5d24bbf0af90,60.16075,24.95883,00000000f1124bca,10.78
24322,2019-08-04T12:41:52Z,7ad93fed82e41ea4422fa101badc698b0328c3ebf0f6b73c5164d438,60.16897,24.95222,00000000aa852af1,9.92
24323,2019-08-04T12:41:52Z,7af6672e274ebe27cdb785373a857fc5bcad92a386c36dbe3221d4f4,60.14947,24.91438,000000004ef3150d,10.78
24324,2019-08-04T12:41:52Z,7bb67bcf014747e5d826f95c610d36492f31095552417a0864475491,60.14951,24.92138,0000000006dd41f6,13.75
24325,2019-08-04T12:41:52Z,7be762f58d54665c5e6668eb2fb3eae7201522ddff196bbc5eb731f0,60.14947,24.91438,000000004ef3150d,9.12
24326,2019-08-04T12:41:52Z,7d9a3d84c09c3a8d6876389e216e0278048d6b924890fb275a078ffb,60.16531,24.9442,00000000fdda10fe,0.71
24327,2019-08-04T12:41:52Z,7e31a4896ab0ff539440898dfabd8305df79869bff52da941016d1cc,60.1538,24.95595,0000000038bf9618,38.87
24328,2019-08-04T12:41:52Z,7e76449e59f1e3a1a615b54408115353fbb14d815390d03a73b1a7bb,60.14947,24.91438,000000004ef3150d,5.91
24329,2019-08-04T12:41:52Z,7ee87b87cf01698f643e1ba3117b245039edc811605df5dc802e7576,60.14947,24.91438,000000004ef3150d,7.69
24330,2019-08-04T12:41:52Z,7f2f97e26d55f653ed70260ea4f893d01a3984cbdf6d7a3bfb2641de,60.16829,24.94214,00000000afef4555,25.36
24331,2019-08-04T12:41:52Z,7f786ec8e06f1ca3bdd10fc60d0114baf354125b8f6cf796d197f4cc,60.16075,24.95883,00000000f1124bca,4.94
24332,2019-08-04T12:41:52Z,80cbcb887f3e351e3bef7c5f53dccc578cc3494feec514aed7015c0d,60.16075,24.95883,00000000f1124bca,9.92
24333,2019-08-04T12:41:52Z,80cc39b04598f971820e63498fd27ae72a12a45a60c220fe625b282a,60.14699,24.922,00000000a53ed894,9.92
24334,2019-08-04T12:41:52Z,8164c6a1ba8bb70b66a8eb236262d7f6defe7d476295595f37375f95,60.173,24.92524,0000000096918cfa,29.32
24335,2019-08-04T12:41:52Z,81fed8075f6ecb598d4ddc816663fc3693278a971ccec3048ef1ef51,60.17002,24.94407,000000006b087f40,27.28
24336,2019-08-04T12:41:52Z,82411c6526228322a61f59259f13adf7cde62bd767587b6735867705,60.17918,24.95141,00000000675d5200,18.79
24337,2019-08-04T12:41:52Z,83073c017c8293e4b6eab781fbc2147fafa144d33b3618abd1ae5d90,60.17065,24.93641,000000000f4919c9,27.28
24338,2019-08-04T12:41:52Z,83121a75723643c48e3c3b0a3ea5fccb532046432ca445833e8de06a,60.16762,24.95415,000000006b44cce7,1.88
24339,2019-08-04T12:41:52Z,848fe01e24ccc782e5968171f53ea31d28f20a455c45d8bac8fb7374,60.173,24.92524,0000000096918cfa,11.7
24340,2019-08-04T12:41:52Z,8499290ca844477035cb04c821386788d09243bf12e2337d45411ac1,60.17002,24.94407,000000006b087f40,20.28
24341,2019-08-04T12:41:52Z,849a662d95d4185421aff7c6213ba5d7b84cfc58c9fb30ff34054e4c,60.16075,24.95883,00000000f1124bca,7.69
24342,2019-08-04T12:41:52Z,859b417d0b562f5c4ab33c3877c95cd7cbb332db91dcd0f4e7a4f3b6,60.14699,24.922,00000000a53ed894,9.92
24343,2019-08-04T12:41:52Z,87bb1abe21abfcb5e5c2039e579cff7ca863a6019207db356de5b7c2,60.14699,24.922,00000000a53ed894,14.89
24344,2019-08-04T12:41:52Z,87cbb5265cd1cc3213ddb5ed9ed2a599ddb7db0b0747121d649b0ae3,60.16544,24.95398,0000000038d83d41,20.28
24345,2019-08-04T12:41:52Z,8822ffe19dec49fe874ac377de5a0504e931e342ecc1f5b1fcb939e5,60.16897,24.95222,00000000aa852af1,13.75
24346,2019-08-04T12:41:52Z,885bcc6af7d0aa9718fe1030e32ffff1de5171ae5ef67cf0011874fb,60.14947,24.91438,000000004ef3150d,7.69
24347,2019-08-04T12:41:52Z,8947a5209f3b32173d3dc72792039edf94a2711741ab041b62b30643,60.16762,24.95415,000000006b44cce7,9.12
24348,2019-08-04T12:41:52Z,896f7e896dc6f1ea44b82bf968a988cc10c358ee34821d9d7a4bd07a,60.14947,24.91438,000000004ef3150d,10.78
24349,2019-08-04T12:41:52Z,8a08b2de43a9ef03cf96610718c908e69dcacc59f536a7135b7bb542,60.16629,24.95957,00000000fb7600be,16.1
24350,2019-08-04T12:41:52Z,8b2db0cf88df127735158a23e876f7746a3f6a8ac67d170ca06d1055,60.1538,24.95595,0000000038bf9618,16.1
24351,2019-08-04T12:41:52Z,8b48271e47fa7c27112ce8b7b4ea01ba9ba027c11a94e21a073990b3,60.173,24.92524,0000000096918cfa,25.36
24352,2019-08-04T12:41:52Z,8b641985c793a3f25a45b2460cb01f5baa6f339c6dd26ba7752d8a7a,60.16897,24.95222,00000000aa852af1,10.78
24353,2019-08-04T12:41:52Z,8ba6cfc17ca70e8304994e018ebd5eb2003177062cde05925d5cacb3,60.173,24.92524,0000000096918cfa,10.78
24354,2019-08-04T12:41:52Z,8ca0330471c9226b95a7aae64e6a8e47adaf5ddf7efec36a68652f3d,60.16075,24.95883,00000000f1124bca,25.36
24355,2019-08-04T12:41:52Z,8d73f674010f5cb02e8f20251ed86a9afcb7f6b3926039470296bd00,60.17065,24.93641,000000000f4919c9,14.89
24356,2019-08-04T12:41:52Z,8dcf139eb279bcc2696420ba9da858e361600ff02cd29587f66660ec,60.16897,24.95222,00000000aa852af1,29.32
24357,2019-08-04T12:41:52Z,8de3d516b6cffb3335f9ebec3f6068b693db224f56eae6a50d7c6320,60.16531,24.9442,00000000fdda10fe,20.28
24358,2019-08-04T12:41:52Z,8edd2176e127f8d3baff43afa20a9869b1e3a4f6df8a0930b52064d1,60.14699,24.922,00000000a53ed894,16.1
24359,2019-08-04T12:41:52Z,90d2c337b3629bdc073dbbe6f0793b7bf6f65d63deb77bddf24052a8,60.16897,24.95222,00000000aa852af1,12.69
24360,2019-08-04T12:41:52Z,920dc90f60b295267f63efc8f968408087b71878dc3f49f0ded1c41e,60.17919,24.95181,000000007b5207b6,16.1
24361,2019-08-04T12:41:52Z,926717d61529080dfc4c7f8cdcdc82c6490d2a5129474524b8c40ea4,60.16829,24.94214,00000000afef4555,23.56
24362,2019-08-04T12:41:52Z,9303135f01486f9d765684f2484efbd1658f2c61a93b0ace6786a1dc,60.16629,24.95957,00000000fb7600be,25.36
24363,2019-08-04T12:41:52Z,93a2100e233b204243f7e69b68dea7c9a145d1b5384bd18359bf87a3,60.16531,24.9442,00000000fdda10fe,1.38
24364,2019-08-04T12:41:52Z,94237bc673d78a307ecc9da6df18d0b37e632b8cd6709f81081f000a,60.17002,24.94407,000000006b087f40,9.12
24365,2019-08-04T12:41:52Z,9575ef1c44f26f0301d726029c8b1c28011a4724496943451bee6544,60.14947,24.91438,000000004ef3150d,29.32
24366,2019-08-04T12:41:52Z,9604244c18efd5978b809f021651f7743e0e64da38fcf3718f9b4f93,60.14699,24.922,00000000a53ed894,6.46
24367,2019-08-04T12:41:52Z,97264f5808fa13851dacabf0c98525eec29849ff4b6a744cc777fd5b,60.16075,24.95883,00000000f1124bca,11.7
24368,2019-08-04T12:41:52Z,9736a8a29aee134a307e0cd4221e9b0a2ab7c48befee43fc62e9f9bd,60.14699,24.922,00000000a53ed894,7.69
24369,2019-08-04T12:41:52Z,9862cafd709b75d07c83b397773e0cf33564666cb81814bdbf5e54f2,60.16897,24.95222,00000000aa852af1,18.79
24370,2019-08-04T12:41:52Z,9868033d7f0d18f01d12a4034f37bf5d6e51e5ed9124c68d4b8b8e6c,60.14947,24.91438,000000004ef3150d,4.94
24371,2019-08-04T12:41:52Z,987d01417bcff2d7f663704309df2ebdcdb035da3ddb085fab0cf928,60.16829,24.94214,00000000afef4555,21.87
24372,2019-08-04T12:41:52Z,9885627881a266e5cf401516e009049e859d738e2e019be570f4b4d8,60.16448,24.97323,0000000053c6c2be,11.7
24373,2019-08-04T12:41:52Z,98bb3b6f5e2403b14b8e01616c07b03bb1fd153ded656033d7bd3533,60.16075,24.95883,00000000f1124bca,4.5
24374,2019-08-04T12:41:52Z,98e1e68d5f5554a92a47831b58146634872eefd6d487fd39ae3dc6f8,60.16544,24.95398,0000000038d83d41,31.5
24375,2019-08-04T12:41:52Z,992f6feda52c82ad67e40af55b5602bb22411020701998c6bd65faed,60.16762,24.95415,000000006b44cce7,7.69
24376,2019-08-04T12:41:52Z,99334da99912e6d4b516e02432e7f88db5a5b87f635722bc3a8b38a6,60.14699,24.922,00000000a53ed894,16.1
24377,2019-08-04T12:41:52Z,994b630283c750a0b697359e32c4bd06d5b4a32d2edb6c12cce42b32,60.16829,24.94214,00000000afef4555,9.12
24378,2019-08-04T12:41:52Z,99753600aa90a43c336153dd03985a2996b7bc6052086f503020518c,60.14699,24.922,00000000a53ed894,12.69
24379,2019-08-04T12:41:52Z,9a9db814dfa74ca2c2d51496299715310e81c6e6525cc9d2cb0762eb,60.16897,24.95222,00000000aa852af1,18.79
24380,2019-08-04T12:41:52Z,9ac4c3176875b59567d28bf01df0c9490620902ff082fd0b93d15cb4,60.18203,24.91341,00000000342570c2,20.28
24381,2019-08-04T12:41:52Z,9acffb3f8b8720e2de83c8cfd41915d268d5eca34e0bd280eed3e6f4,60.16897,24.95222,00000000aa852af1,9.92
24382,2019-08-04T12:41:52Z,9b03b610755f4cec2e9d83a9763204e758a075614b125210bc914df5,60.16075,24.95883,00000000f1124bca,5.91
24383,2019-08-04T12:41:52Z,9bad872c31c8c5e53f064b5367350b41271d45ca8a9e508136622800,60.16897,24.95222,00000000aa852af1,13.75
24384,2019-08-04T12:41:52Z,9bf4a5d763fa921335be6c141a0c9fd769fcb2f4c5b40b85a1c99c71,60.14699,24.922,00000000a53ed894,11.7
24385,2019-08-04T12:41:52Z,9e3d4a4b1acd94d2896cd7cf56419110f06ea96faae37aadebd4ec77,60.14947,24.91438,000000004ef3150d,7.05
24386,2019-08-04T12:41:52Z,9ff13c715073d5ad9c464cb67b6de3f703435cf389c32cce5626dfe1,60.149,24.9843,00000000fffb8cf0,20.28
24387,2019-08-04T12:41:52Z,a1b52cda133b45cf931b9e31d4037fb841f80432e99d6a000beeadc8,60.17002,24.94407,000000006b087f40,18.79
24388,2019-08-04T12:41:52Z,a22736c5d66f417bc6b745f51492549dc2e5a3c766f5e7e23f183b41,60.14947,24.91438,000000004ef3150d,9.92
24389,2019-08-04T12:41:52Z,a38a21a97a054541f0423f03758c70227116c05254958373e3e93ad0,60.14947,24.91438,000000004ef3150d,31.5
24390,2019-08-04T12:41:52Z,a3d228482bfdd3dbdfaee1ff72b6ac00c2ee8c05e949047ce9117783,60.14699,24.922,00000000a53ed894,7.69
24391,2019-08-04T12:41:52Z,a422a30ec1eb058c7930e1352297c161639faa5b3ca5f5fa47c4adb3,60.14947,24.91438,000000004ef3150d,7.69
24392,2019-08-04T12:41:52Z,a47f8d59e11da7fa47e0cbe518b593e023018f122d5710ffbb775c0f,60.16829,24.94214,00000000afef4555,10.78
24393,2019-08-04T12:41:52Z,a4f416ec0941bb365e3665d7fd224fad15d74225e8ce9f6dd6368bc7,60.17065,24.93641,000000000f4919c9,20.28
24394,2019-08-04T12:41:52Z,a6427dc4d8e46890c882bb4c8f9f8b923e8e30692db686527bbd7b92,60.16762,24.95415,000000006b44cce7,20.28
24395,2019-08-04T12:41:52Z,a6484386e3b96e03bba2e837ed3ccbed2e2adb2e7b945583013cb0f2,60.1538,24.95595,0000000038bf9618,23.56
24396,2019-08-04T12:41:52Z,a6f944078dd26796f5a849ccb6fdf8a4436f913cf3302597c846462d,60.16762,24.95415,000000006b44cce7,4.94
24397,2019-08-04T12:41:52Z,a7472d1b63171c047444981df223670390009e3ea502132d9963e9fb,60.14947,24.91438,000000004ef3150d,14.89
24398,2019-08-04T12:41:52Z,a794d97e26d3678bb11b4364880414bb7bfac4bb49d1867b37b489f7,60.14947,24.91438,000000004ef3150d,9.92
24399,2019-08-04T12:41:52Z,a7a7f84e910c87d01420156efca1675f2f263a8f7f1212bb161e73f3,60.14951,24.92138,0000000006dd41f6,14.89
24400,2019-08-04T12:41:52Z,a8bd45406d5913e098652d4c2d836339758e08d21bf5d88becabdd36,60.14947,24.91438,000000004ef3150d,16.1
24401,2019-08-04T12:41:52Z,a8df2631c2442628608c1f0352c896eb532a6ca08c85de2c77360aa8,60.14947,24.91438,000000004ef3150d,7.05
24402,2019-08-04T12:41:52Z,a9383e1c3d9b3355965662ff18ad95dfb64daa5d8e71fc20e7e50df7,60.14699,24.922,00000000a53ed894,14.89
24403,2019-08-04T12:41:52Z,a9dfc9065260957b1eb8dc3b11b793f73f7940fa5cb61acb16a260e2,60.16897,24.95222,00000000aa852af1,12.69
24404,2019-08-04T12:41:52Z,aa076c3f0d09145aebbb750dde9849ba4eb6759e92ba5753280184d6,60.16762,24.95415,000000006b44cce7,16.1
24405,2019-08-04T12:41:52Z,aa5773b59ce2bf1eee53e4e77cd3c261465d2ea538c9a85b8de30cd8,60.14947,24.91438,000000004ef3150d,7.69
24406,2019-08-04T12:41:52Z,aa6d51fc5411b69567cb854360c4a81267eac19446946eb27618306a,60.14699,24.922,00000000a53ed894,9.92
24407,2019-08-04T12:41:52Z,ac76ddb47330fe8965a3fd8ac890bda3045bb0ec515928503c2ee81a,60.16629,24.95957,00000000fb7600be,21.87
24408,2019-08-04T12:41:52Z,acdcc8ae1d1c6bb055dfc108154eae58b4b894f0ce1ff174c1065c7e,60.16762,24.95415,000000006b44cce7,3.74
24409,2019-08-04T12:41:52Z,ad8af809ed47a3391bb53d11da159b3a8b0ddc264d94c049ce72bda0,60.17065,24.93641,000000000f4919c9,0.59
24410,2019-08-04T12:41:52Z,ae08ba8b9f7ef2a4326d6d7bbf452a87d08f8062feaf20cb7101d414,60.15432,24.9211,0000000019fb59c4,11.7
24411,2019-08-04T12:41:52Z,ae828cc3f1fa739d818186776cff673c88a05d0f3dedfb4a765a54fd,60.16829,24.94214,00000000afef4555,9.12
24412,2019-08-04T12:41:52Z,ae87b8dd8920695bc9e599874667205991c04e30666d8523f0be4350,60.14947,24.91438,000000004ef3150d,4.11
24413,2019-08-04T12:41:52Z,aec4b11f0b1ec075878ca4a3b94da464f6fc96e330b913d5bfd346b0,60.16897,24.95222,00000000aa852af1,5.91
24414,2019-08-04T12:41:52Z,af2076810e26511562c652d7bb56794c120526dbd4919212167cc3ed,60.16897,24.95222,00000000aa852af1,14.89
24415,2019-08-04T12:41:52Z,b12b27061f30d5659794f14cbed5e4726c5af1ef526611d3b2dded29,60.14947,24.91438,000000004ef3150d,4.94
24416,2019-08-04T12:41:52Z,b27b090bd1bd9828dcb6ddbd0a1394e4aa097974747dff90ba0eff71,60.16897,24.95222,00000000aa852af1,25.36
24417,2019-08-04T12:41:52Z,b2b344932a455663bb9c15f518950a54e05393ddfca54e5cc094e89a,60.16829,24.94214,00000000afef4555,21.87
24418,2019-08-04T12:41:52Z,b41cc64d7ab4e16a03573bdc3b5863c4b402ec66c7780c7900c02877,60.16829,24.94214,00000000afef4555,11.7
24419,2019-08-04T12:41:52Z,b523d3f8341906e4b3877ff7d9614b4e10d6bbf10afdcc6c53656c8f,60.17065,24.93641,000000000f4919c9,29.32
24420,2019-08-04T12:41:52Z,b5e3abaccf4a03480985d25eb9fbf454c87f7ad06c38c8bdeb0819fa,60.14699,24.922,00000000a53ed894,14.89
24421,2019-08-04T12:41:52Z,b92c7fb1d77c3f326d59dbe2689bb5b8ff10fcd691f28b36aa98408c,60.17002,24.94407,000000006b087f40,33.81
24422,2019-08-04T12:41:52Z,b936adc4821ac74aa643564d0b86e3858f1ec392e3f43e92427d7edc,60.14699,24.922,00000000a53ed894,16.1
24423,2019-08-04T12:41:52Z,bb0193f2b0ac4801fe82ed5cec75e687465d707d92e731047f81650f,60.1538,24.95595,0000000038bf9618,2.8
24424,2019-08-04T12:41:52Z,bbe7947ea50de5986f237ccab5782ddb55c199ad6a81e8f692670d0c,60.16829,24.94214,00000000afef4555,11.7
24425,2019-08-04T12:41:52Z,bbeaad18acdd3a2602aa5b07ab6ae8df489cb499c4490b3e6f561a5e,60.16544,24.95398,0000000038d83d41,11.7
24426,2019-08-04T12:41:52Z,bbf8cd606b9732370f1c0ae0e68d6d0663a23102d831dd10c0e74819,60.16897,24.95222,00000000aa852af1,17.4
24427,2019-08-04T12:41:52Z,bc07df8cc395f6f4f5d483b2233caca5f93a6918f346e4cc3702f8cc,60.16531,24.9442,00000000fdda10fe,10.78
24428,2019-08-04T12:41:52Z,bc3861c61a46fbf78a7423712f1a528cf9f8332531271933056c233f,60.16829,24.94214,00000000afef4555,17.4
24429,2019-08-04T12:41:52Z,bc478512e217b12ec7e01e1ce8247d394a57fb0c0cc72940f562adc2,60.17065,24.93641,000000000f4919c9,16.1
24430,2019-08-04T12:41:52Z,bd33b7ad8d89c8c1958de09b4900b5ebc62ed61b9decf094268b04d0,60.16762,24.95415,000000006b44cce7,9.92
24431,2019-08-04T12:41:52Z,bddca8fc17056f9f207a259070e281eedf4cea3e8e22093b88bbd7b5,60.14699,24.922,00000000a53ed894,4.94
24432,2019-08-04T12:41:52Z,bebf1edb9736fe66391376c4cf2a3033ab9fa83ae21f86b66392e2d0,60.16762,24.95415,000000006b44cce7,8.38
24433,2019-08-04T12:41:52Z,bf2e5725b255e320f1e8375ec03f55194f1fd9f751be9629d873a5c8,60.14699,24.922,00000000a53ed894,3.74
24434,2019-08-04T12:41:52Z,bf992d3cd95a73f02d7223eaffe90a94e3e1e98a8c6759bab631b5b0,60.14947,24.91438,000000004ef3150d,11.7
24435,2019-08-04T12:41:52Z,c0722f63618f97eb8ec4afac1a8538b81a3c87e623d753ad1201bf7c,60.16075,24.95883,00000000f1124bca,2.8
24436,2019-08-04T12:41:52Z,c0a0ca3433586ed2ae0e448f2406fabac7292ac79d49562e0bd5cef8,60.16762,24.95415,000000006b44cce7,14.89
24437,2019-08-04T12:41:52Z,c22d0093a8d103f59838ad43218fa834e328847e5094bcb2e98d5307,60.16829,24.94214,00000000afef4555,7.05
24438,2019-08-04T12:41:52Z,c25db2e7a7b685e41480c3c47352c0ed5e57e4cb99af3ff5b5a611d7,60.16829,24.94214,00000000afef4555,25.36
24439,2019-08-04T12:41:52Z,c261834e6d2c1bd9adddb82d8c6ce2d8aad82a89e32da62f3fcc6063,60.16075,24.95883,00000000f1124bca,4.94
24440,2019-08-04T12:41:52Z,c2df6019d8d482b8e842c4255041699db5564f71198829142be74c80,60.16762,24.95415,000000006b44cce7,7.69
24441,2019-08-04T12:41:52Z,c36d58ed0e0dddb3e26be1214e369db1c3fa3d4bcf8b53536a25239b,60.17065,24.93641,000000000f4919c9,3.74
24442,2019-08-04T12:41:52Z,c3be6dcc2c0542676c20d28ce38adbe2c0b9be09caa3f22e60210636,60.16075,24.95883,00000000f1124bca,7.05
24443,2019-08-04T12:41:52Z,c3e5ee20ca76f7347fda00c4c2fdee291bc6d843a879b26fbdd70390,60.17065,24.93641,000000000f4919c9,25.36
24444,2019-08-04T12:41:52Z,c493415e869d6e6304841784a120f994272b83557256b43e44e4f3e0,60.14699,24.922,00000000a53ed894,17.4
24445,2019-08-04T12:41:52Z,c633a260ce59bad4e1ca42f12936ed8ae57a40f5e6528dfb70052c43,60.16897,24.95222,00000000aa852af1,17.4
24446,2019-08-04T12:41:52Z,c7951807c3dfab7d09841dfc9c9b2a4fc0bcf4f43e44a9ac61b85c91,60.17002,24.94407,000000006b087f40,18.79
24447,2019-08-04T12:41:52Z,c7e2cfbb859ebc5dc1cba099bf270004843a57cc2aa134bab49a4f8e,60.14699,24.922,00000000a53ed894,12.69
24448,2019-08-04T12:41:52Z,c905a50dedd9b3d2114cde9160b7adf83adc09683b65598ce24c4047,60.1538,24.95595,0000000038bf9618,25.36
24449,2019-08-04T12:41:52Z,ca507a06be040b3e520339b63d5bd15463a1862124c4bd940d936e4a,60.16762,24.95415,000000006b44cce7,9.92
24450,2019-08-04T12:41:52Z,cb3f05d5604f5532e039e6d40514b13aba8f6274d952bb17a8b801fc,60.15432,24.9211,0000000019fb59c4,13.75
24451,2019-08-04T12:41:52Z,cbc336691f17a9c508549e03d522166247a0cd0a944321c1a7d15525,60.14699,24.922,00000000a53ed894,9.12
24452,2019-08-04T12:41:52Z,cc2cf42c6b14536fb92c810ff0e3dd5a3caa74236f14246a5b6e8cdc,60.16762,24.95415,000000006b44cce7,9.92
24453,2019-08-04T12:41:52Z,cc3ab8b82d60cbeb3ccd635efb6cd12d127645ab3d03b73bcfec7455,60.16762,24.95415,000000006b44cce7,17.4
24454,2019-08-04T12:41:52Z,cce6b6f309e43e2bb1be6a9784582a82891e976d0869d01040586d27,60.14947,24.91438,000000004ef3150d,13.75
24455,2019-08-04T12:41:52Z,cd3e127e27387b6e06cdf27f46fb6046e4182e4d7b49b49c17167c1c,60.14947,24.91438,000000004ef3150d,9.92
24456,2019-08-04T12:41:52Z,cd4867e8bfd7af028b5546f9acfa77ecb7ff107d7c09d62186ecbbd7,60.16075,24.95883,00000000f1124bca,9.12
24457,2019-08-04T12:41:52Z,cd9b2be9ffb37c8b7c5c25f587c95b1c7932a21fb245487ea2f740d9,60.14699,24.922,00000000a53ed894,18.79
24458,2019-08-04T12:41:52Z,ceb777dafa9b7e39125b89735b7f0cf22c3018eb0196043ac8160370,60.14699,24.922,00000000a53ed894,8.38
24459,2019-08-04T12:41:52Z,cef1d06a10cfa08bcaef8b36535c2ec32c756a76cc0d5c2a1246f933,60.14699,24.922,00000000a53ed894,7.69
24460,2019-08-04T12:41:52Z,cfa42322be0000cf89d8969d1b88ace0ba99cab721dd58d55d41a36e,60.17065,24.93641,000000000f4919c9,13.75
24461,2019-08-04T12:41:52Z,cfc2a688ff31fbb1baac8790fb6d56dc7746ba2cf9e0e5f39d4751a4,60.14699,24.922,00000000a53ed894,9.92
24462,2019-08-04T12:41:52Z,d0413da80c7714f40ffe50dcfb00039280c64ecebc61c59df72965e6,60.149,24.9843,00000000fffb8cf0,21.87
24463,2019-08-04T12:41:52Z,d098b9b5b30c5fcd4ae8a2b8bc761df72829713d3ae919634876d349,60.14699,24.922,00000000a53ed894,7.69
24464,2019-08-04T12:41:52Z,d0aa228c2a3e6e1568e876cffc76874702e0f0f63f18533551bf02c1,60.16075,24.95883,00000000f1124bca,16.1
24465,2019-08-04T12:41:52Z,d0cab2a2660dcc5cb99a9bdf39d2e6b31b7498985db1b50e48cb478d,60.18203,24.91341,00000000342570c2,11.7
24466,2019-08-04T12:41:52Z,d12f9e6275869a74f979eac17b326dfe329bbd78b8732fc998b5f132,60.14699,24.922,00000000a53ed894,25.36
24467,2019-08-04T12:41:52Z,d150c7aba4e7419f0ddd187392a9c2a429f44fa82535fb594c48ff55,60.16897,24.95222,00000000aa852af1,9.92
24468,2019-08-04T12:41:52Z,d3c0cff604283ea6adeabb4f867f3fcaf8ee41fd27fc600d33c4d70d,60.16075,24.95883,00000000f1124bca,14.89
24469,2019-08-04T12:41:52Z,d617f7281dde71cd9c504a5185c5c7848ed658616b24f56386e61bd3,60.16897,24.95222,00000000aa852af1,17.4
24470,2019-08-04T12:41:52Z,d75c412090c347ad7fca9287bcc4eb9bfb757dc7c1725109861dd93e,60.16629,24.95957,00000000fb7600be,9.12
24471,2019-08-04T12:41:52Z,d87210146aab139cc6640a20b428dce6ac516806a71a177b70e04f62,60.17065,24.93641,000000000f4919c9,9.92
24472,2019-08-04T12:41:52Z,d8e7e8b511d1123d1389cf08abbfa54b2b38e1824598b88008356c33,60.16897,24.95222,00000000aa852af1,11.7
24473,2019-08-04T12:41:52Z,da0c40291d3ace2273a08e3c9b87cbc15b0f03d0dba61e7c5a88dc0c,60.15432,24.9211,0000000019fb59c4,29.32
24474,2019-08-04T12:41:52Z,db9cee77723e2258651606fd447070139d95eb1138f8e56957bff8f1,60.17002,24.94407,000000006b087f40,25.36
24475,2019-08-04T12:41:52Z,dbf9f0495974591badcee3fcfc1b5eb718b26de86aaf486c351ad084,60.14947,24.91438,000000004ef3150d,7.05
24476,2019-08-04T12:41:52Z,dc15145376f4a497910c8d2231d671bf62f1918ad93938a48fdc3eb4,60.149,24.9843,00000000fffb8cf0,23.56
24477,2019-08-04T12:41:52Z,dc439ef81c2abfb840e3ab145f2b944aae18a1beffd3eb47de845b9c,60.16531,24.9442,00000000fdda10fe,14.89
24478,2019-08-04T12:41:52Z,dcec4c4fb70c5f7dd0f408b6499f8c5ab0c2e9ff2b6d0fb082eba391,60.16075,24.95883,00000000f1124bca,14.89
24479,2019-08-04T12:41:52Z,ddc8410b9e4ece4b995b789f95e526693bac176ed77092ba57355dc8,60.16762,24.95415,000000006b44cce7,9.92
24480,2019-08-04T12:41:52Z,ddce2d528e197cb0d54977ebbbc13ab565284b3d8048e2feb6ba27d1,60.15432,24.9211,0000000019fb59c4,29.32
24481,2019-08-04T12:41:52Z,de09fd8d15c3d7adbf440a3d0a418a3b476513c968bda8a4aa652adf,60.173,24.92524,0000000096918cfa,29.32
24482,2019-08-04T12:41:52Z,de0d086ae32f87522eab31d3bc52545ed17b065889674963c0709568,60.16829,24.94214,00000000afef4555,17.4
24483,2019-08-04T12:41:52Z,de3fe5f63e74a582e06c8cb02e6128d6013827015ba3e2fe93082977,60.17002,24.94407,000000006b087f40,29.32
24484,2019-08-04T12:41:52Z,de84f754a3916c8f831b0bb8ea41fc2a42cdea2794558fece3c7ae97,60.1538,24.95595,0000000038bf9618,23.56
24485,2019-08-04T12:41:52Z,e02c0f9f72e9f248a4b5df8af328e1a0132d4d8a72c1e603d14cdacd,60.18203,24.91341,00000000342570c2,25.36
24486,2019-08-04T12:41:52Z,e0e938d5ab6fe3b13270163cd8a4e531dfae4b24ff98ab7e4277114c,60.14947,24.91438,000000004ef3150d,16.1
24487,2019-08-04T12:41:52Z,e0ff1e75104c5dfa3549647c238569888e353e1322256a5c6979de0b,60.14699,24.922,00000000a53ed894,7.69
24488,2019-08-04T12:41:52Z,e1322e5118885f9bd50f4b2f8c4fd6d329ced295738b9983ef61b1c8,60.1538,24.95595,0000000038bf9618,29.32
24489,2019-08-04T12:41:52Z,e1a443e10353da64728464e8a720aaf22a62b80d404f1acae1a1c6ee,60.1538,24.95595,0000000038bf9618,31.5
24490,2019-08-04T12:41:52Z,e1cbbba69be9f9e38dbd0b8b87c2462229dfc7862362eb4b76a5c8b6,60.14947,24.91438,000000004ef3150d,31.5
24491,2019-08-04T12:41:52Z,e23a6115ba872037f9b5066c9c9c966b497f449e32a2c9ceb0e55497,60.16829,24.94214,00000000afef4555,9.92
24492,2019-08-04T12:41:52Z,e341e5e3e0b4fef8c3764508293310da5922b202d791694e43069ad1,60.16544,24.95398,0000000038d83d41,14.89
24493,2019-08-04T12:41:52Z,e34bcebfa007159f3d2adb0e62e20fcf721a221f52bdfe2a6ad77831,60.18203,24.91341,00000000342570c2,25.36
24494,2019-08-04T12:41:52Z,e40a26f3f7468f4ac2302b45f1ed9aab7fea245ccf81d0c08072c881,60.16829,24.94214,00000000afef4555,4.94
24495,2019-08-04T12:41:52Z,e447e76c7b53157c11d5bfeb172c27332c81b5ec7f263badf5507888,60.149,24.9843,00000000fffb8cf0,11.7
24496,2019-08-04T12:41:52Z,e621e7131322cca25ac9c09fde26ef4c94d2ba83c5679134b2bcf63d,60.16762,24.95415,000000006b44cce7,14.89
24497,2019-08-04T12:41:52Z,e65f7c68ce6502de36e4f47d0646a91a76d6c8cf8b5ffd26a3df8f4b,60.149,24.9843,00000000fffb8cf0,14.89
24498,2019-08-04T12:41:52Z,e6f7965f2ef456f61121bcce5e466f125192e511c2af72d901307e8e,60.16762,24.95415,000000006b44cce7,11.7
24499,2019-08-04T12:41:52Z,e7cd5f775c7eea951719f351fcc25c710f857832d6f4b70a51b7b82d,60.16897,24.95222,00000000aa852af1,14.89
24500,2019-08-04T12:41:52Z,e826dedac8582e619ce18cd7eed68be5ee1fc9ed37e191e06f916835,60.14947,24.91438,000000004ef3150d,8.38
24501,2019-08-04T12:41:52Z,e9115410fa45db5a174eee008cae729dc69937a0e0b5a304899bf1b9,60.17065,24.93641,000000000f4919c9,17.4
24502,2019-08-04T12:41:52Z,e92eb020afcd7c1fad04690230ff8c2f005e404dd25b8dced1df30dd,60.16075,24.95883,00000000f1124bca,10.78
24503,2019-08-04T12:41:52Z,e9e19621fc5cfcfed2c808bbadc6cc6dd31e28d3c04cef8b89ca2729,60.16075,24.95883,00000000f1124bca,9.92
24504,2019-08-04T12:41:52Z,ea157e44ed100be3f782d8b3d8e5e0986079c588c9ea754b14917df0,60.16829,24.94214,00000000afef4555,1.88
24505,2019-08-04T12:41:52Z,eac6fda3a18aa9ce55b6359f5c62a044e0bcd6bc3576c8cd815acf07,60.14699,24.922,00000000a53ed894,17.4
24506,2019-08-04T12:41:52Z,eb6541383f8b12fc5476e5e2bc406933edfd211f49a1bbb93f323fa0,60.14699,24.922,00000000a53ed894,10.78
24507,2019-08-04T12:41:52Z,ec096f9d9f6ac607dcfcecf3327071d33a6ed3fdedd3cc796ba91fdc,60.16897,24.95222,00000000aa852af1,21.87
24508,2019-08-04T12:41:52Z,ec424a10bcefb6e69c2eabf42534f06e7a10aa0cfb28f6478052cade,60.14699,24.922,00000000a53ed894,12.69
24509,2019-08-04T12:41:52Z,ed70712277756192c688e0f4d7620cdb33803ab3e0cc7c180c3efd23,60.15432,24.9211,0000000019fb59c4,13.75
24510,2019-08-04T12:41:52Z,f062cb52d49926a4fb39f723275ed60ab6c0f3bf34e0c3f9d233b7b8,60.14947,24.91438,000000004ef3150d,9.12
24511,2019-08-04T12:41:52Z,f15b72a3aad411d2f8a70b41c4f62ad2d744d064d42ec00c71a18ac5,60.16762,24.95415,000000006b44cce7,3.74
24512,2019-08-04T12:41:52Z,f1e73fa6dab8e8a2db6d7515f601fac161f17c34beb84aa55e812a9e,60.16762,24.95415,000000006b44cce7,3.09
24513,2019-08-04T12:41:52Z,f1eb1b22a5e01064a1829b325d256218c68bc9134f03a3f09f3e2566,60.16829,24.94214,00000000afef4555,20.28
24514,2019-08-04T12:41:52Z,f2deba4ef84dbbc8c5d8524f6e2311183003bce4f9bfa6aef5b5ef66,60.14947,24.91438,000000004ef3150d,7.05
24515,2019-08-04T12:41:52Z,f2e063c8c25a8bec0dd6ec3924a5f59fd9694078f2f3fd5b3ea96f29,60.16762,24.95415,000000006b44cce7,12.69
24516,2019-08-04T12:41:52Z,f39827c3c7f4c833d1118043492f78e3255b6da9f4a2c000041d9b61,60.16829,24.94214,00000000afef4555,2.08
24517,2019-08-04T12:41:52Z,f3ec2366b51157150674e5ab6293bdb19e0b30ca4296fee4c97b811c,60.14699,24.922,00000000a53ed894,11.7
24518,2019-08-04T12:41:52Z,f5f7cfe177dfb0b7ebba2419ae53f70b6b5690dd98d98586004a9107,60.149,24.9843,00000000fffb8cf0,10.78
24519,2019-08-04T12:41:52Z,f66767381dd8d1bf0e53c7bb920dd23845902ad04a03ab1134a70b11,60.173,24.92524,0000000096918cfa,17.4
24520,2019-08-04T12:41:52Z,f74e6d09d258e27d6ddddd51a7dfec9b3038e669e50f8a122bffd157,60.14951,24.92138,0000000006dd41f6,20.28
24521,2019-08-04T12:41:52Z,f7777ac6285e2f6b6aa546b03f294d81e169b8236268cfed232c9679,60.16897,24.95222,00000000aa852af1,16.1
24522,2019-08-04T12:41:52Z,f7f0caf73572bea3c08b592eeb9655b2668cfb16fd8840ca5619d84a,60.14699,24.922,00000000a53ed894,7.69
24523,2019-08-04T12:41:52Z,f97bd6b766461dd4066a8fde3d7dfed9d1027ff23973200a005458cd,60.17002,24.94407,000000006b087f40,9.12
24524,2019-08-04T12:41:52Z,f9a7057352731d27889cbd388be5902a6e62b297a3467232e8e47094,60.16762,24.95415,000000006b44cce7,14.89
24525,2019-08-04T12:41:52Z,fa96854324adae88abb35afa34b2393a20338bfd8fc9602d3ce6ae8d,60.14947,24.91438,000000004ef3150d,1.7
24526,2019-08-04T12:41:52Z,fadc39da3cd26ac621092fbbff224b95bb13446c8d24bbf4f3e50e90,60.14947,24.91438,000000004ef3150d,4.5
24527,2019-08-04T12:41:52Z,fc5c517b4bcaf5e392ff920858d70ed6c59751b0934ce3dbe372996e,60.16829,24.94214,00000000afef4555,21.87
24528,2019-08-04T12:41:52Z,fce50ac3cfd2f3b7a897f6575eeda4e45ab42e5b9b5351be836cc0de,60.16897,24.95222,00000000aa852af1,25.36
24529,2019-08-04T12:41:52Z,fd77161cf9715d9d0f922cf45e79e5d9b9debef5113cb32a4f82ef76,60.16762,24.95415,000000006b44cce7,3.4
24530,2019-08-04T12:41:52Z,fe5ca86c906b1cb3bf9dd257ceefc562e41da499878f1074484f7d42,60.14947,24.91438,000000004ef3150d,18.79
24531,2019-08-04T12:41:52Z,fe694a484edd6d458a9dd6ab1b972c47170c8d32ebc0a87317ddc660,60.18203,24.91341,00000000342570c2,25.36
24532,2019-08-04T12:41:52Z,feb399897846bc34dc3f4b06ac4ef0ffb0db885977b88e5c5fdb7350,60.14699,24.922,00000000a53ed894,12.69
24533,2019-08-04T12:41:52Z,ff4f3e0f964f23b97e88626f7a506bb4409718931712c58ce0f247af,60.16762,24.95415,000000006b44cce7,7.69
24534,2019-08-04T12:41:53Z,07d86ad98399440d0cc3bd3382a7256feb971e49a3686dc17f532e1c,60.16829,24.94214,00000000afef4555,16.1
24535,2019-08-04T12:41:53Z,112c36ba789fa57e2b19c9bff8bfe0b3eba19a431c3af4656c4cee5b,60.16531,24.9442,00000000fdda10fe,33.81
24536,2019-08-04T12:41:53Z,14c7e1511b70f4dd3359cbece1377aebb4d70531f5489eefe53d7c3c,60.16544,24.95398,0000000038d83d41,23.56
24537,2019-08-04T12:41:53Z,1526f3d92e309513df962ba40c1be4462d5f9b2f140656864b73824f,60.16075,24.95883,00000000f1124bca,23.56
24538,2019-08-04T12:41:53Z,1599d2c9070a6f05e1a5887c2d9209214c04818c6203fe75440734f2,60.1538,24.95595,0000000038bf9618,31.5
24539,2019-08-04T12:41:53Z,165ebbb4090d47319ae370f0d0854fdc1f6b79499f8b2e4d3c3533c0,60.16544,24.95398,0000000038d83d41,21.87
24540,2019-08-04T12:41:53Z,211f6b7b044343d0be369791b3fa3c144d0d0f391e2a42787712efb0,60.16448,24.97323,0000000053c6c2be,11.7
24541,2019-08-04T12:41:53Z,21d09757012e8f7297d1de922f681bcc36581a3d7be770b42b3780a0,60.15432,24.9211,0000000019fb59c4,9.92
24542,2019-08-04T12:41:53Z,2350e9b04a733edca530466fd60d704e4de146d81df0066a1767556b,60.149,24.9843,00000000fffb8cf0,17.4
24543,2019-08-04T12:41:53Z,25a7ff811c3c06e426c7c2cbb0433d9a2a3399b23afecbd35584ab0f,60.18203,24.91341,00000000342570c2,14.89
24544,2019-08-04T12:41:53Z,2603b5aecd8f219a410e558446935308ecabb09a6c9e5b38533728ff,60.16829,24.94214,00000000afef4555,17.4
24545,2019-08-04T12:41:53Z,315af4a829b592ba99b203b8ed2cbd499769f8752dfe6de7da4ee929,60.16829,24.94214,00000000afef4555,21.87
24546,2019-08-04T12:41:53Z,402f8edce2e4dcc34a418a83e568dd491c14d450d63a3f35850d9c2e,60.16762,24.95415,000000006b44cce7,11.7
24547,2019-08-04T12:41:53Z,4317f5904a5e6ae921bf743dd534c803083fd90b15a1245881beeade,60.16897,24.95222,00000000aa852af1,23.56
24548,2019-08-04T12:41:53Z,44d0b94469070803869f229601e877beb613c3f5aafa009addf97a1a,60.16544,24.95398,0000000038d83d41,20.28
24549,2019-08-04T12:41:53Z,4a1efc9faf9548fe0ed72037d54a131265a72e61fdfc2009a4e9408a,60.16075,24.95883,00000000f1124bca,20.28
24550,2019-08-04T12:41:53Z,5d65719c4cbf045f068d084b72302f447d5fd034413d97d13be00d0e,60.18203,24.91341,00000000342570c2,17.4
24551,2019-08-04T12:41:53Z,5eed115a984d490b02b602d73787aee8dc8c4e9365b77fbff3818a76,60.16629,24.95957,00000000fb7600be,20.28
24552,2019-08-04T12:41:53Z,69219e9efa41ae9e732653e9eaf08e1a34cb853a9dafe76ddeea4d04,60.16897,24.95222,00000000aa852af1,14.89
24553,2019-08-04T12:41:53Z,6a70e2fbced719333e21eff04fcb9cb36bae9a04d1a3d6ddd96f2c58,60.15432,24.9211,0000000019fb59c4,5.91
24554,2019-08-04T12:41:53Z,6c8861f56a280e7752e10439271a2498527c69b0796f58de4afc6008,60.16075,24.95883,00000000f1124bca,11.7
24555,2019-08-04T12:41:53Z,6f06341f358e61699fe1e55e986dd0554bc8da28b91daf0c5ad99db6,60.16629,24.95957,00000000fb7600be,20.28
24556,2019-08-04T12:41:53Z,70d8572458a1a103555bab897b6443e601e0ed211414b15ad0b56f60,60.16544,24.95398,0000000038d83d41,27.28
24557,2019-08-04T12:41:53Z,737efc92e3419e9d96a8559ec341ea7e18ba6381fd8e4de3d06f82a0,60.14699,24.922,00000000a53ed894,20.28
24558,2019-08-04T12:41:53Z,7678cdb86d454ca9ae52f22d97e635106585a3a046d01da4463695cc,60.18203,24.91341,00000000342570c2,13.75
24559,2019-08-04T12:41:53Z,85ef35aecf2ff804be3d958b592705ec41c6df9c128c132c65bb283d,60.16897,24.95222,00000000aa852af1,20.28
24560,2019-08-04T12:41:53Z,87dfaad29a9276ddddb1fa021d3bc23ad14824c1af16f7d87e713689,60.14951,24.92138,0000000006dd41f6,12.69
24561,2019-08-04T12:41:53Z,88808fe92573e9cdf022cc15b9689b6b4b9429f60513c8897b0ba4c7,60.16897,24.95222,00000000aa852af1,13.75
24562,2019-08-04T12:41:53Z,8c3b1ed0846e38cc84b863a80540c8a75bfd85c8bdda36563d153110,60.16544,24.95398,0000000038d83d41,23.56
24563,2019-08-04T12:41:53Z,8c75c3289c84fe4493e1e272a77b615fe1985880c5dc68a7c1a17b53,60.16762,24.95415,000000006b44cce7,10.78
24564,2019-08-04T12:41:53Z,9843c6216661048343a0e49cf3d8aa2883cf77f452666a1c873a1052,60.16448,24.97323,0000000053c6c2be,13.75
24565,2019-08-04T12:41:53Z,9ea176cc50b4b7b627807bec1e3dfc22223c1ea35af2995dd823eab7,60.14947,24.91438,000000004ef3150d,18.79
24566,2019-08-04T12:41:53Z,af807b67ce09a2ce1744025c421961213f1608ca658ece4df69555a1,60.16762,24.95415,000000006b44cce7,9.92
24567,2019-08-04T12:41:53Z,b5fd6b317890e5ab2d79e2cd1abe61626d45a753c7337d0d40728898,60.16762,24.95415,000000006b44cce7,13.75
24568,2019-08-04T12:41:53Z,b6768ae226a93bce23852414e20866c7413513d067579c03ea883dfa,60.17065,24.93641,000000000f4919c9,10.78
24569,2019-08-04T12:41:53Z,bb98768dad0f7c52cf643f035a3e7e48f5cfe28557c66f2a75914b31,60.14699,24.922,00000000a53ed894,18.79
24570,2019-08-04T12:41:53Z,bce16addb0ad2b7209298c35b3506869253f4e4a612a4cb45803ddf2,60.16075,24.95883,00000000f1124bca,18.79
24571,2019-08-04T12:41:53Z,ca6927628f5ddda20036865c9345ad93d476d62ade3b181de568eed6,60.16897,24.95222,00000000aa852af1,21.87
24572,2019-08-04T12:41:53Z,cf05623e4d87ce0906c0b0b7dbf53aacc1228016cd27c341228b6e76,60.18203,24.91341,00000000342570c2,17.4
24573,2019-08-04T12:41:53Z,cfc0bedb78ded52749db3188cb188bf6a250ef5990da9c5afa9623fc,60.14951,24.92138,0000000006dd41f6,21.87
24574,2019-08-04T12:41:53Z,d366aa1925472f34a389921734c1777d6d7c2e812b0f284d78697edf,60.1538,24.95595,0000000038bf9618,33.81
24575,2019-08-04T12:41:53Z,dcb7e8bb90af70568c12a902d706c70e1ac1213e31ba074756f0a27a,60.1538,24.95595,0000000038bf9618,29.32
24576,2019-08-04T12:41:53Z,ded49640b591e73bff71f84fb99d2739eb6c9554164a015017725e03,60.16829,24.94214,00000000afef4555,13.75
24577,2019-08-04T12:41:53Z,e8e366e76c97944e23c0f80b4fd3ce6e5832744922297146a49f0c7e,60.16762,24.95415,000000006b44cce7,9.92
24578,2019-08-04T12:41:53Z,e96bd269a48b822b06141c3362fcb6d5ed4d0d09a120f2e4a712d5c2,60.16897,24.95222,00000000aa852af1,14.89
24579,2019-08-04T12:41:53Z,ed70dda6b7faebd4340dacdb452ab224d9d3c308df417b7fa76f54e8,60.14951,24.92138,0000000006dd41f6,31.5
24580,2019-08-04T12:41:53Z,f405a7c4a3a4339f8e3f7e552f6492d6eed76f7d08c54943286213de,60.16762,24.95415,000000006b44cce7,9.92
24581,2019-08-04T12:41:53Z,f6609ab1076b1105bb845595a03b41b8fbb282f79c337df5bbc9f841,60.14699,24.922,00000000a53ed894,11.7
24582,2019-08-04T12:41:53Z,f94dddacf96965952551200a02b41925bcd21402aceafb12f19931af,60.16075,24.95883,00000000f1124bca,5.41
24583,2019-08-04T12:41:53Z,fc4f3a44235f1cfc7b53f14ba2da599976a5a0a220d23b852688e485,60.17919,24.95181,000000007b5207b6,21.87
24584,2019-08-04T12:41:53Z,009ad4cd2bd97e04da44cc9789e6bdbdb899eded61d05b7d5634b7be,60.16829,24.94214,00000000afef4555,9.12
24585,2019-08-04T12:41:53Z,00b07030d00cc5582c0f1be7d73fb09e34f4018445ce11d9da8da813,60.16762,24.95415,000000006b44cce7,8.38
24586,2019-08-04T12:41:53Z,010298d620fbe80ab4f46c866c215217b2bf1fd12a2a67b9e56b4ce8,60.16829,24.94214,00000000afef4555,10.78
24587,2019-08-04T12:41:53Z,032e5d7621738a50c9e742e0cba13c819f7c67cedf8687f3ab25595c,60.16762,24.95415,000000006b44cce7,12.69
24588,2019-08-04T12:41:53Z,033759f09b97a9347fd7852dbc2bcd3abbb67a792486acad9d185bca,60.16762,24.95415,000000006b44cce7,10.78
24589,2019-08-04T12:41:53Z,04b49a34910d12f55243dd5a756c7cc1e506e5d3cdb418cc635e9ad9,60.16762,24.95415,000000006b44cce7,1.38
24590,2019-08-04T12:41:53Z,04b5d29c48edaaf4904a98e412562e3c0d857eb20342cc7c323d4293,60.16762,24.95415,000000006b44cce7,9.92
24591,2019-08-04T12:41:53Z,05d441c83d2df822feaf93d7861452db7a201f22d84cfa36f421dfd2,60.16544,24.95398,0000000038d83d41,17.4
24592,2019-08-04T12:41:53Z,073c1eeb0d9e511743bae8d5b87b95a19017f59a1dc3597d8618a908,60.173,24.92524,0000000096918cfa,18.79
24593,2019-08-04T12:41:53Z,07444c376c2a48ed91a2f5462cab887c00378edb4175ee969deb207e,60.18203,24.91341,00000000342570c2,27.28
24594,2019-08-04T12:41:53Z,082bb64252a111bbbb2b4087bd115d2c38ac4660a73c922c72425120,60.16762,24.95415,000000006b44cce7,16.1
24595,2019-08-04T12:41:53Z,0947f9d6bb6c34e382e008052b704b6521ac4f7678a2e8a719bb574b,60.15432,24.9211,0000000019fb59c4,23.56
24596,2019-08-04T12:41:53Z,0a0acb70a8ef92be52a64d4425e70bb2f7a17d13942c3382c9d68878,60.149,24.9843,00000000fffb8cf0,2.8
24597,2019-08-04T12:41:53Z,0a5616e066b42895361324cfa8abef41d849a55e3e4bed429bab494b,60.16829,24.94214,00000000afef4555,17.4
24598,2019-08-04T12:41:53Z,0a5ed50daf13dd10744537aa851ac7ab1d34d9797ec6ab6e2402aebb,60.16762,24.95415,000000006b44cce7,5.91
24599,2019-08-04T12:41:53Z,0aabf0df4c3c5b45bb8950c92dbe624985f19e8650ed61f92571a65a,60.14699,24.922,00000000a53ed894,12.69
24600,2019-08-04T12:41:53Z,0acb4bd7319729fea4acf035921d1136d86a307a60b4444669cede1a,60.14699,24.922,00000000a53ed894,7.69
24601,2019-08-04T12:41:53Z,0b0dd9af9d52c68ff71ce266d6707abbb0f56c3c63be0f83f7b5df9b,60.16762,24.95415,000000006b44cce7,9.12
24602,2019-08-04T12:41:53Z,0bff251f683fe3bcebc305ef3e1bc5aef303d51c6a9bb0fb62b7d9c7,60.18203,24.91341,00000000342570c2,31.5
24603,2019-08-04T12:41:53Z,0c905239b8c0e14cba671cf4d4d715d1045a30ee62a6285fb489dbb0,60.16829,24.94214,00000000afef4555,9.92
24604,2019-08-04T12:41:53Z,0d3525b13d674f1645fdbe6d842fe37b2f416889c5472e9dfcc5445c,60.14947,24.91438,000000004ef3150d,12.69
24605,2019-08-04T12:41:53Z,0d8341f0125a5323521549248771d5448e5f788aefe9b989e3b20114,60.16829,24.94214,00000000afef4555,9.92
24606,2019-08-04T12:41:53Z,0ef4d4e0ed1d5a16b616f3722210deaa1f3be532439fb707802f70a2,60.16075,24.95883,00000000f1124bca,16.1
24607,2019-08-04T12:41:53Z,10a99e791e27975dc1c9d73d3163cabacf3bd7bd05a4f7abf6365426,60.14699,24.922,00000000a53ed894,8.38
24608,2019-08-04T12:41:53Z,10caaea8002e8b3b342b32710efdd7305ff375ca1cdc01411f66b2f6,60.14699,24.922,00000000a53ed894,6.46
24609,2019-08-04T12:41:53Z,120a63917cb5ab619bf9a71328f14020736ee84e75d5b37278748def,60.16897,24.95222,00000000aa852af1,10.78
24610,2019-08-04T12:41:53Z,121345c4cf0d0f18c684c4eb22e496ac6f8fb537ec2f3812f6966b67,60.16762,24.95415,000000006b44cce7,16.1
24611,2019-08-04T12:41:53Z,124cce476184e061b136f481014a2abc7208d30e4e520ffd90c85adb,60.17002,24.94407,000000006b087f40,29.32
24612,2019-08-04T12:41:53Z,13bcedb8c59b26417282929d81844b272c7c5bc295614f531219a8e4,60.14947,24.91438,000000004ef3150d,29.32
24613,2019-08-04T12:41:53Z,1515fbb735095b233eea332bf40cff9995758e9bd0ad60218875554b,60.14699,24.922,00000000a53ed894,12.69
24614,2019-08-04T12:41:53Z,1551f9fdd5a57b17be51babad39f807f04be4d340266c153eb860156,60.15432,24.9211,0000000019fb59c4,16.1
24615,2019-08-04T12:41:53Z,15ee12e5f9be00a79b0cbbc9912f51cbfa3e486624567e1bde938fb6,60.1538,24.95595,0000000038bf9618,20.28
24616,2019-08-04T12:41:53Z,161aa798c2a18e132fb27ecded773218ea4e42eabbd0e5794b1d7017,60.15432,24.9211,0000000019fb59c4,8.38
24617,2019-08-04T12:41:53Z,16ca2e50aab654110e1bb81e5e374133f99b7f103d24d5cc9635423c,60.16897,24.95222,00000000aa852af1,21.87
24618,2019-08-04T12:41:53Z,1769031b7f4d75de0541e26427b9ecc92c84b80992e3b36bb8eb799e,60.16829,24.94214,00000000afef4555,3.4
24619,2019-08-04T12:41:53Z,17af6ab252328066d6b13406084507dfa7a7f6db3030872e7f87223d,60.17065,24.93641,000000000f4919c9,23.56
24620,2019-08-04T12:41:53Z,194e6ced97ec114a37fe06d6d73fb687c057d411be476f1ea6f4852e,60.16897,24.95222,00000000aa852af1,16.1
24621,2019-08-04T12:41:53Z,197961cf403efacc6bdb07158a50753109701aba7a6e7cbf8502e1ee,60.14947,24.91438,000000004ef3150d,21.87
24622,2019-08-04T12:41:53Z,1a93dfa31156cee53b4bd527d8b74655a5da812b6933d8a86d871e47,60.14947,24.91438,000000004ef3150d,7.05
24623,2019-08-04T12:41:53Z,1aacd77e1fdbe1544cf1ab29a00642d77ce4a075e388e8a2108aa39b,60.16829,24.94214,00000000afef4555,17.4
24624,2019-08-04T12:41:53Z,1ad0b84716a79851fa8db7a993012f0c8e496d6cba9d028a546285a2,60.16897,24.95222,00000000aa852af1,6.46
24625,2019-08-04T12:41:53Z,1b3fba902b8d1538b508cdc228fd15fdd87f5aecb68e5611b1a4e354,60.16762,24.95415,000000006b44cce7,4.5
24626,2019-08-04T12:41:53Z,1bcef866fafad7c7460a084e0b0d27c087b549f4ae704390708be47e,60.149,24.9843,00000000fffb8cf0,6.46
24627,2019-08-04T12:41:53Z,1c13175307f58b1bf07c8838e26a2f5d0fd5b21a7517c0b4f4e6bd8f,60.1538,24.95595,0000000038bf9618,18.79
24628,2019-08-04T12:41:53Z,1c669457535e4635f732c228ec524f9d2c440b0d2132fa1acd93122a,60.16897,24.95222,00000000aa852af1,17.4
24629,2019-08-04T12:41:53Z,1c7ccd5d6570d98e57ef2ebbd716b7504b138f9bb616fbeaa0d1a268,60.14699,24.922,00000000a53ed894,9.12
24630,2019-08-04T12:41:53Z,1cc5f03259fab561805ccb96a6677731768ad3ac975bab2e4db8faa1,60.16762,24.95415,000000006b44cce7,12.69
24631,2019-08-04T12:41:53Z,1d4841b6905c46f3c38f79540bae2a88a4e660692149506c0db9da33,60.15432,24.9211,0000000019fb59c4,10.78
24632,2019-08-04T12:41:53Z,1dacfb371d75dd4f90f447aac2a00faad98beb4188a6971c19eb2375,60.16629,24.95957,00000000fb7600be,18.79
24633,2019-08-04T12:41:53Z,1e24a2120b13c780dbb3a67a73f5058d1847f126fd5f5952e6dddcd3,60.16075,24.95883,00000000f1124bca,18.79
24634,2019-08-04T12:41:53Z,1eed5192896838d1860e8ea14bda43d065b88fc7dc562f54765e85a8,60.16897,24.95222,00000000aa852af1,18.79
24635,2019-08-04T12:41:53Z,1efd3fbd32cdfc27dbc1c02c60e780bfb7d07f0fe1f00c72998f2892,60.16897,24.95222,00000000aa852af1,23.56
24636,2019-08-04T12:41:53Z,1f74037ecab4dbdc5db1a8dc8b583a86630f86a5f2d0a5167b7fa605,60.18203,24.91341,00000000342570c2,9.12
24637,2019-08-04T12:41:53Z,203a0c145a43c9a18f8c2a5ba4e18882e7430662bb4ac0e56ab37578,60.17065,24.93641,000000000f4919c9,16.1
24638,2019-08-04T12:41:53Z,20ac7b2ace7c0038aa8df01b9281a9c54f1551fc8ab9b662b1f1ca22,60.18203,24.91341,00000000342570c2,21.87
24639,2019-08-04T12:41:53Z,21bdc11bb63fb48c9d4b5308540ee5df579c9a385001a10fceeeedf3,60.14699,24.922,00000000a53ed894,10.78
24640,2019-08-04T12:41:53Z,21eb94b10f042f4f21566d3ee27d800fb6d899071739c0c5c1fa7af0,60.14699,24.922,00000000a53ed894,18.79
24641,2019-08-04T12:41:53Z,21eed3ade733687b8f56fade8290819b7c6b4a9f38468979fe692c3e,60.16762,24.95415,000000006b44cce7,10.78
24642,2019-08-04T12:41:53Z,2204ba387d2db0e7d2ca03f7ace46abff8d141668b73c75a1879d7ba,60.14947,24.91438,000000004ef3150d,11.7
24643,2019-08-04T12:41:53Z,22fe9a06fba1036e8eafd726bc450095b1893be067f475e1882bb704,60.14699,24.922,00000000a53ed894,8.38
24644,2019-08-04T12:41:53Z,231026899a6d5b326cb5b1e38b182ca1acb77c7e27bc2378973b29db,60.16629,24.95957,00000000fb7600be,11.7
24645,2019-08-04T12:41:53Z,244b51aa4a7059ba782925258111c295aa4de9596025c55ccd5580ac,60.16829,24.94214,00000000afef4555,13.75
24646,2019-08-04T12:41:53Z,247f8b2fe544f61677fce4b7f300f6be0c3fa9f5a9f057cc0a4b2111,60.16762,24.95415,000000006b44cce7,12.69
24647,2019-08-04T12:41:53Z,250f7cf6c6d1296e84c45fb8621a0704eb5243471980b5187dc40cdd,60.14699,24.922,00000000a53ed894,8.38
24648,2019-08-04T12:41:53Z,2607d1b2fc6e31a80348fffbed68a7d3a8e0212f197f2d1c573c587b,60.14947,24.91438,000000004ef3150d,4.94
24649,2019-08-04T12:41:53Z,267b66cc2e81a226d253a8f3228a4b45e1fabb634bba60fd0cc21a8d,60.14699,24.922,00000000a53ed894,21.87
24650,2019-08-04T12:41:53Z,269124e75b1e74a7c7dc93b778e02f04d0a53e069a90081c0938ee4c,60.14699,24.922,00000000a53ed894,9.92
24651,2019-08-04T12:41:53Z,2838eddb482a9bc77b0b867352020e2cbfb71e85aaa1d61307e85f3d,60.14947,24.91438,000000004ef3150d,9.92
24652,2019-08-04T12:41:53Z,28b43564f7156b67db7cb7b779e948986d7610f921490f9030379704,60.16897,24.95222,00000000aa852af1,9.92
24653,2019-08-04T12:41:53Z,2969cdb120f2d285c556abfe5bac2f8090571f61aba227a474a534d2,60.17065,24.93641,000000000f4919c9,11.7
24654,2019-08-04T12:41:53Z,29a4a664ccec24ad7eaf3f2a589c42e971d9a86b5d602dda52a5cb7a,60.16897,24.95222,00000000aa852af1,25.36
24655,2019-08-04T12:41:53Z,2e86f9a432e00fa6ff5b8744ffecbe22a02b4316779bc8b4078af2e2,60.149,24.9843,00000000fffb8cf0,29.32
24656,2019-08-04T12:41:53Z,2ee2e108ed9051b1ccf4d3ee89931dfd53170af0b558fa6579b83e8d,60.15432,24.9211,0000000019fb59c4,6.46
24657,2019-08-04T12:41:53Z,2f08dbfbbe5577f04ea9826f72d5452ddf5fd9bb892769382ea5a4ca,60.16762,24.95415,000000006b44cce7,18.79
24658,2019-08-04T12:41:53Z,2ff487dabdafef45d633bd5239b8f21bc2f5fa019150a45f204eb8be,60.149,24.9843,00000000fffb8cf0,27.28
24659,2019-08-04T12:41:53Z,30a6bed86e2e8cacef2646dd90a47eccb0b7a11d9db2ac916c89cefd,60.16829,24.94214,00000000afef4555,20.28
24660,2019-08-04T12:41:53Z,32708990f2c831e65f70f2682baf5188fc93348b9a9e78ada8db2bf4,60.14947,24.91438,000000004ef3150d,3.74
24661,2019-08-04T12:41:53Z,32f77f5019e5fce30881c214487361e2e34b8c93277f6e546de72012,60.1638,24.96846,00000000d747f075,31.5
24662,2019-08-04T12:41:53Z,33634cb1e3fc5d4a621e8717d203da8533ed27531a70c6cbe3abf3fa,60.16762,24.95415,000000006b44cce7,1.38
24663,2019-08-04T12:41:53Z,33ec502792a84f23fed03cf16e483d153c65e2850a2549f47034726a,60.16762,24.95415,000000006b44cce7,12.69
24664,2019-08-04T12:41:53Z,3459042c03cbb672a039f7f14a6b99b84f839b0598f9e48bf4dd95f5,60.14699,24.922,00000000a53ed894,16.1
24665,2019-08-04T12:41:53Z,348d0f13ec830589831a973041803bc7b6c0f0b5f6e5a84e47f292d3,60.17002,24.94407,000000006b087f40,27.28
24666,2019-08-04T12:41:53Z,349dd839e41cff363cc4b935496e52b93be15233e508aa82987859bd,60.16075,24.95883,00000000f1124bca,18.79
24667,2019-08-04T12:41:53Z,34f282042837e6b8407c31fd6c880bdbb7071c56d76c4b6e5ba78819,60.14947,24.91438,000000004ef3150d,17.4
24668,2019-08-04T12:41:53Z,358d7986d5bf2a0624fb1412a157b3c7b12f90653457e15a76bbdf50,60.16629,24.95957,00000000fb7600be,12.69
24669,2019-08-04T12:41:53Z,35a958343879c000cfc3f0c01afbc7d54934265828677bf4aefef84f,60.14699,24.922,00000000a53ed894,12.69
24670,2019-08-04T12:41:53Z,35e6e075578d7a51e510bf8904bde33f1d117264eea0917db98d4808,60.16897,24.95222,00000000aa852af1,18.79
24671,2019-08-04T12:41:53Z,3721331dbb97151d17938ed835ffc7208eba26fba6100c62870a3a4f,60.14947,24.91438,000000004ef3150d,8.38
24672,2019-08-04T12:41:53Z,37945fa4e7409fab98aa8bde45081f5bd083def0059485274ad552c0,60.17919,24.95181,000000007b5207b6,9.92
24673,2019-08-04T12:41:53Z,37c5fa285cfc1de3c5363b53a2909ca0f43381a381ee6fc132d5ba8f,60.16897,24.95222,00000000aa852af1,33.81
24674,2019-08-04T12:41:53Z,38c90c54ec8f56ae2ee5c79f21130a2254d870968839584fc423f1d2,60.14699,24.922,00000000a53ed894,20.28
24675,2019-08-04T12:41:53Z,39310ebca1ad756aa2bfcb16c912cb7003ef3e7286a1f037603ade61,60.14699,24.922,00000000a53ed894,5.91
24676,2019-08-04T12:41:53Z,39f03a3a5fd777feee270921a7f51daec12ea679b542b0aaf2e808d7,60.149,24.9843,00000000fffb8cf0,16.1
24677,2019-08-04T12:41:53Z,3a6ce73ea4c03a14fc0d3d099e4698d3c1051a2e8e4bd552d5de394d,60.14947,24.91438,000000004ef3150d,7.05
24678,2019-08-04T12:41:53Z,3be48824225ca9f2aea5653f6ce21181a76e67a8d4b8361f0cba1f8a,60.14947,24.91438,000000004ef3150d,13.75
24679,2019-08-04T12:41:53Z,3e4965f1ed580ddf80246b1b78cbc55b73c11d67573d9cede2a7ccf7,60.16829,24.94214,00000000afef4555,10.78
24680,2019-08-04T12:41:53Z,3e99999f43f3bd9e105e735eeb92531a4301e7f258c90535acfba9ae,60.16531,24.9442,00000000fdda10fe,25.36
24681,2019-08-04T12:41:53Z,3ec0a34310840b3aa1aa32a3f2bffbe426e91a242dc6eb5c1e86bba7,60.16448,24.97323,0000000053c6c2be,25.36
24682,2019-08-04T12:41:53Z,3ffe89aa6ab1e57883e21fa8f15969f46a5f487bccb2b993eadb3cfb,60.14699,24.922,00000000a53ed894,7.05
24683,2019-08-04T12:41:53Z,409be16c4d34b9e76ac22ea0e8e282da3e9d169fe77ff5ea52a72883,60.14699,24.922,00000000a53ed894,16.1
24684,2019-08-04T12:41:53Z,42168beaa0acd47be6bf8e4209edb348c9d27b18517c7420d454a24f,60.17065,24.93641,000000000f4919c9,31.5
24685,2019-08-04T12:41:53Z,427f20895f2d0aec0392fd0be9f66c4cd45200a3d32b5b9d52ea0dc2,60.15432,24.9211,0000000019fb59c4,29.32
24686,2019-08-04T12:41:53Z,429363aca20efd1e564b3ac367b9eb4702cce1afbe6a22dccb543a7f,60.16075,24.95883,00000000f1124bca,21.87
24687,2019-08-04T12:41:53Z,42da4298ed9f522421f17714e024d9b8fe22e7546df3deeb8b139bd3,60.16075,24.95883,00000000f1124bca,16.1
24688,2019-08-04T12:41:53Z,431375be6b9405ef55878f3aa0bb5dd6a35db8ba650a2bce05081c49,60.14947,24.91438,000000004ef3150d,27.28
24689,2019-08-04T12:41:53Z,436df7106ce19510536cf507d8939633784f67da2f872970e0d3ba43,60.16829,24.94214,00000000afef4555,12.69
24690,2019-08-04T12:41:53Z,4533d27e96c5c6637ddff4243672d658fea4004970652882357105a9,60.14699,24.922,00000000a53ed894,13.75
24691,2019-08-04T12:41:53Z,457d11209b95b153efb57d8f2641f2db0823e91a0d608fa0555a5b69,60.14699,24.922,00000000a53ed894,18.79
24692,2019-08-04T12:41:53Z,459ee564ad7aca128b70ae089395378da384eb1ff35cefde7d7f5736,60.16829,24.94214,00000000afef4555,9.12
24693,2019-08-04T12:41:53Z,4602ff9d03f6bf4fbb82976098cc1c73e7a7e754050401c772d1406e,60.14947,24.91438,000000004ef3150d,9.12
24694,2019-08-04T12:41:53Z,47cde44e4ddbf6c70162fa882eee962e7c3e2a037b650294ec46568f,60.14947,24.91438,000000004ef3150d,5.41
24695,2019-08-04T12:41:53Z,48f665ebb1a71b0d84fc02bd71918c5ab5608328db534639cbd2a255,60.14947,24.91438,000000004ef3150d,3.74
24696,2019-08-04T12:41:53Z,4a3fc0d8003eaf9e5025fb4d14b8e034d1406ebe923ef21f9e6ad429,60.1538,24.95595,0000000038bf9618,25.36
24697,2019-08-04T12:41:53Z,4a9cdbd5bbc52d6dbc358a8a1b64af4d8ac9c83b2b5a807c95aa5523,60.16762,24.95415,000000006b44cce7,21.87
24698,2019-08-04T12:41:53Z,4aff8c41b8c3f924b9b765007cf6f0f148e9fdc4dfad6299b17f6f71,60.16762,24.95415,000000006b44cce7,14.89
24699,2019-08-04T12:41:53Z,4b1050cc517631e36206d3528399c0b14748daec8c7d1b5dfa412299,60.15432,24.9211,0000000019fb59c4,2.8
24700,2019-08-04T12:41:53Z,4b2a241d832696fc878ceb269b0fbf4987989a0c3109bd2e8ac08170,60.16897,24.95222,00000000aa852af1,16.1
24701,2019-08-04T12:41:53Z,4b85388cdaec2b4c15b546160ee326d9668a5e5d3c7b08d0c539946e,60.17919,24.95181,000000007b5207b6,9.12
24702,2019-08-04T12:41:53Z,4be256682db9202c326fac957665719375e49ea2e9064753243c6503,60.14699,24.922,00000000a53ed894,16.1
24703,2019-08-04T12:41:53Z,4cadc8cc23fd84febb6a8383030a34c97b3388a8c9ed7a64cc0f51a6,60.14947,24.91438,000000004ef3150d,25.36
24704,2019-08-04T12:41:53Z,4ebdb6165c5d4892cdc21711313b98b1545bececfb886192c6f0ef22,60.16762,24.95415,000000006b44cce7,16.1
24705,2019-08-04T12:41:53Z,4f4940c5c77737c5b8f2fbd5a1b65886ea5f6e0e4fcd50447e11ce21,60.16075,24.95883,00000000f1124bca,14.89
24706,2019-08-04T12:41:53Z,50e21d119f102cee2afe3ac7f1a32032527638769b05aca582d6ecb1,60.16762,24.95415,000000006b44cce7,12.69
24707,2019-08-04T12:41:53Z,514a3981fad6c695ac4940f09374b5d1c2e84d2ca835084ef8707714,60.16075,24.95883,00000000f1124bca,2.8
24708,2019-08-04T12:41:53Z,51b3c7870a399165f0d1d14f7d21688df32b0360f9cc6f3ca61890d8,60.16829,24.94214,00000000afef4555,2.8
24709,2019-08-04T12:41:53Z,52682eba627e116e65e2befda590f009478fae356f8ba6de9eea9c16,60.16531,24.9442,00000000fdda10fe,27.28
24710,2019-08-04T12:41:53Z,5274280f7558ea562d9ce825000efc025d2de6b91c62614cb68df2b1,60.14947,24.91438,000000004ef3150d,21.87
24711,2019-08-04T12:41:53Z,52f0e69ca7a5cebe604c1f32308dc7f8870d1d85cd4b25ad17f706e9,60.14699,24.922,00000000a53ed894,9.92
24712,2019-08-04T12:41:53Z,5399ca5a9abed7a5da7a71e85cbeae837e42ee1dc94852ba2c16bcd1,60.173,24.92524,0000000096918cfa,25.36
24713,2019-08-04T12:41:53Z,54065d53a62079540c4be1e19eafa5dd581e8ec35da0c31844438e0b,60.149,24.9843,00000000fffb8cf0,13.75
24714,2019-08-04T12:41:53Z,552e7d20be831c5ebfa503ba78ed542d6ece4ecad264308d5dc37a31,60.14699,24.922,00000000a53ed894,14.89
24715,2019-08-04T12:41:53Z,5554305bad43a71cf98d83e92708c7474c1efc189392c1ea94231e9c,60.16531,24.9442,00000000fdda10fe,3.74
24716,2019-08-04T12:41:53Z,556a86b2e90ec03e679f4434e2ebcef0eb687cb52bafbd0d98d26c88,60.14947,24.91438,000000004ef3150d,23.56
24717,2019-08-04T12:41:53Z,56b8eace741e5227a40ea0a64601a737648080c63d6240b0dca632c4,60.16075,24.95883,00000000f1124bca,13.75
24718,2019-08-04T12:41:53Z,56ca4c1159970bc147ac16d2850f970c56a965ebf9df171c61af2d0e,60.16762,24.95415,000000006b44cce7,17.4
24719,2019-08-04T12:41:53Z,570dc61d53aec66ede39dfde66339640878453afc00cd1a55c60bca7,60.16544,24.95398,0000000038d83d41,25.36
24720,2019-08-04T12:41:53Z,571934189bf349efb6f596e76c21612cf9b82ed44913090169936048,60.17065,24.93641,000000000f4919c9,14.89
24721,2019-08-04T12:41:53Z,571e65d939060a58396de22fc44d8842fc9de986824670ad765ec596,60.16762,24.95415,000000006b44cce7,5.91
24722,2019-08-04T12:41:53Z,57bb8beeec6904b9a5cfe83c4ff9a80e63157780137f03de2a4152d3,60.16762,24.95415,000000006b44cce7,4.5
24723,2019-08-04T12:41:53Z,57eef16af260870a831bd4f88018555730ec7dd21a538e3575825479,60.16829,24.94214,00000000afef4555,18.79
24724,2019-08-04T12:41:53Z,57f88614f91a133004ac1a6dea31a4090f899646a5f62ece691d87af,60.16762,24.95415,000000006b44cce7,9.12
24725,2019-08-04T12:41:53Z,583a35aa08fe45f96deb91a9f4b9317e86eddeee0d636cc11b3e2df8,60.16762,24.95415,000000006b44cce7,7.69
24726,2019-08-04T12:41:53Z,58411163d307bb308f9c94a9720e9ce5ab0ce4f5617cd2b1fcc2037a,60.16762,24.95415,000000006b44cce7,13.75
24727,2019-08-04T12:41:53Z,584cb0b0cdd14e608c8b57c8aecc9826f9b40027e365e2438a444ea2,60.16762,24.95415,000000006b44cce7,13.75
24728,2019-08-04T12:41:53Z,59b01cbdec8ff06fa6d50bac00c3f5f4c45132fc8a62800c08df5d6a,60.16629,24.95957,00000000fb7600be,16.1
24729,2019-08-04T12:41:53Z,5ad49b1df485697faf158be3cea0719c350ca503bd67590b1123e8fb,60.16897,24.95222,00000000aa852af1,41.64
24730,2019-08-04T12:41:53Z,5c160268bc9b4b619181ce421d9e58c258e6b59a342945fc29f0004b,60.14947,24.91438,000000004ef3150d,3.4
24731,2019-08-04T12:41:53Z,5c46671175475bc574d3a64fe85e1ce7792c14d29f1e79a39da24fa0,60.149,24.9843,00000000fffb8cf0,23.56
24732,2019-08-04T12:41:53Z,5cd5117066c75a1cb83d3896a7eba3f3472e133f0013ea7d4e95daaa,60.14699,24.922,00000000a53ed894,16.1
24733,2019-08-04T12:41:53Z,5d70086d53447ee393249cef33c7bae814c1d7c2e3055fc91b38786c,60.17919,24.95181,000000007b5207b6,7.05
24734,2019-08-04T12:41:53Z,5e7916ca910b02abf2d19906759663c23db63950a353fa546f55c8af,60.14699,24.922,00000000a53ed894,5.91
24735,2019-08-04T12:41:53Z,5ea49ba4de68e03664ec3a87f5de32434d7136b4f8323f022ff9df5b,60.16829,24.94214,00000000afef4555,17.4
24736,2019-08-04T12:41:53Z,60d5c11436b72dd4eb673f606bddc3f8f36675342cba015b9297155f,60.16448,24.97323,0000000053c6c2be,16.1
24737,2019-08-04T12:41:53Z,60d7fd34e511ad1565b92db2fbb5ef2908f7a273acceda524945e86e,60.16075,24.95883,00000000f1124bca,14.89
24738,2019-08-04T12:41:53Z,60d9b71ec38b796bf876dedfaf3112b49ff79677480c7603902857ae,60.14947,24.91438,000000004ef3150d,13.75
24739,2019-08-04T12:41:53Z,614ab7fba7255f6bf6f888e9a04d589962f756b3f427e658f10014f2,60.16075,24.95883,00000000f1124bca,4.5
24740,2019-08-04T12:41:53Z,6187e3415bcea985be770b4a90f3ed56fbfff1aa331759d34ccbd4ee,60.16897,24.95222,00000000aa852af1,23.56
24741,2019-08-04T12:41:53Z,62916b0c2a8ebabb938b5e97cb14eb89b2b32936d3fad04025ad5854,60.17002,24.94407,000000006b087f40,4.94
24742,2019-08-04T12:41:53Z,63defb71d4c3856253a0a2d67a5c370b91ad0527703b334a63fe5344,60.14947,24.91438,000000004ef3150d,20.28
24743,2019-08-04T12:41:53Z,641e8defb97171d160f062c4bc3e9d06346f10d5246e6aeac935e1a9,60.16897,24.95222,00000000aa852af1,17.4
24744,2019-08-04T12:41:53Z,64394b1287e19738900f57d5c7483e02866e40bc8241fc6f6fbecbcb,60.16762,24.95415,000000006b44cce7,8.38
24745,2019-08-04T12:41:53Z,643ef3f01a51bea3c4510d4060a945cd510e5189236d68f5c9489034,60.16829,24.94214,00000000afef4555,1.7
24746,2019-08-04T12:41:53Z,64638a9f9e6c9b32fc4b484b55e4934fcab6cb04605cc76d5f5534b7,60.17065,24.93641,000000000f4919c9,13.75
24747,2019-08-04T12:41:53Z,64e34af775b57908b23056a31d60ef3b005941f2e7c3db0c49df675d,60.17065,24.93641,000000000f4919c9,5.91
24748,2019-08-04T12:41:53Z,6503762f2cac51cc2b74da1efa6b16583ed11c9a528d7716b7829c0b,60.16829,24.94214,00000000afef4555,13.75
24749,2019-08-04T12:41:53Z,6525cc634176c25187e68e0d067bcfecfd78e399e93db4ee9d408b7e,60.17919,24.95181,000000007b5207b6,21.87
24750,2019-08-04T12:41:53Z,655204cb507ea9ae811105cdcd766161facaa9f729017a333f102391,60.149,24.9843,00000000fffb8cf0,3.74
24751,2019-08-04T12:41:53Z,65b3adca9ee7adbad7277ff62bf8d0019944180762113925a4e71d95,60.149,24.9843,00000000fffb8cf0,21.87
24752,2019-08-04T12:41:53Z,6723bebaab92d1a9f8b4318fd4f497a6dec6d7f8e0eafca443925213,60.16075,24.95883,00000000f1124bca,3.4
24753,2019-08-04T12:41:53Z,67591d427f60ba3c369ac0d78088fca7be33081501508d16401dd6cb,60.16762,24.95415,000000006b44cce7,3.09
24754,2019-08-04T12:41:53Z,6774ed72eaf69d7c4aaeeef90990f969954155bbcc52652e75e7deef,60.16829,24.94214,00000000afef4555,8.38
24755,2019-08-04T12:41:53Z,677c53ae4056d6cb123ca576ba5284664b1c7e3e88818bd19b5dd99a,60.17918,24.95141,00000000675d5200,12.69
24756,2019-08-04T12:41:53Z,6875e3632a29207e29ded33617e66d55de5d8c7804fecedd6f1dfe12,60.14699,24.922,00000000a53ed894,4.5
24757,2019-08-04T12:41:53Z,69375ef968867906fc11b34d1e2c4b436d452cd47cb577a7f9e566ef,60.16762,24.95415,000000006b44cce7,14.89
24758,2019-08-04T12:41:53Z,6981f80baeddf7459b67845f82744390c976c013f3a4883a53556fc7,60.16762,24.95415,000000006b44cce7,8.38
24759,2019-08-04T12:41:53Z,698b200b63a644828a7314691a16af2af1bccef75d52abb5591a5542,60.14699,24.922,00000000a53ed894,10.78
24760,2019-08-04T12:41:53Z,6afad0494618e12f213955f9fdad3627f87b922e00bbee706c3152d7,60.16762,24.95415,000000006b44cce7,23.56
24761,2019-08-04T12:41:53Z,6b0a82291c959c69fdc5d4aa8e51e7db895cb2b8ff403b6d988a8b7d,60.16829,24.94214,00000000afef4555,23.56
24762,2019-08-04T12:41:53Z,6b97071051ccf5db7e5ebee033d4f68d58ed6917ff2fac5b205a6605,60.17065,24.93641,000000000f4919c9,21.87
24763,2019-08-04T12:41:53Z,6f3dd17e40daabb4efe868f1b859dc00ecc01846f0a0e2b8db5d1413,60.17918,24.95141,00000000675d5200,10.78
24764,2019-08-04T12:41:53Z,6f8d7717df843a7b0be6b0dd55e933ebbd9819bd96c48f210e193e4e,60.16829,24.94214,00000000afef4555,18.79
24765,2019-08-04T12:41:53Z,6fdf4cfc3a0774e204869ab43ef69c6306cc40c0fd8bbb0f8b505e3a,60.16829,24.94214,00000000afef4555,20.28
24766,2019-08-04T12:41:53Z,6fdfc33c6b609ea80b4a38ecf657bc68b7bf659752b51edcc22ffb54,60.16762,24.95415,000000006b44cce7,6.46
24767,2019-08-04T12:41:53Z,6ff93560ca77c6e5a25bc7441cf33cf7fa0138b3da4d99b2dbf5531b,60.14947,24.91438,000000004ef3150d,12.69
24768,2019-08-04T12:41:53Z,70c56152af84cf1bad4d19b0cb31202232b4cd4320ce5ea48895e42b,60.14947,24.91438,000000004ef3150d,17.4
24769,2019-08-04T12:41:53Z,71479e7c1c4fd96468f16800ff04484480c76e0953d2074500b0df31,60.17919,24.95181,000000007b5207b6,18.79
24770,2019-08-04T12:41:53Z,733618d50499022af0ec3b91abdc93b6f3f252adb6891da4956ba4fb,60.15432,24.9211,0000000019fb59c4,25.36
24771,2019-08-04T12:41:53Z,733f21ebebe353e10a55a74b40a0a480e6d276334d4f3d8bcf85b711,60.16075,24.95883,00000000f1124bca,14.89
24772,2019-08-04T12:41:53Z,745e52dafbfa395ea41c5fcd0c2717b9091e44d19ab89e03991fdbb7,60.16762,24.95415,000000006b44cce7,9.12
24773,2019-08-04T12:41:53Z,759f94c852ff15ca91c3138913c3858c4801702f8f0514ae82fb2a19,60.16897,24.95222,00000000aa852af1,13.75
24774,2019-08-04T12:41:53Z,7664b7f08aaa059ecf6646a595c33fae0c80715febe63e31f45a4662,60.16762,24.95415,000000006b44cce7,3.74
24775,2019-08-04T12:41:53Z,7710eccd13983db8899bd9b7c5b087af0c0580dd467b31f68bd49fa7,60.17002,24.94407,000000006b087f40,23.56
24776,2019-08-04T12:41:53Z,773cde2fe905572767422dd8f7b13c6579d615ef03314b665c7bf40f,60.16762,24.95415,000000006b44cce7,11.7
24777,2019-08-04T12:41:53Z,777cceac7be6303a1c82f7cc68061528b01e3aa1b3aa6481cad9e5e3,60.16075,24.95883,00000000f1124bca,13.75
24778,2019-08-04T12:41:53Z,77a12194b9a6789f4b2b8c07ae7fce3c2b531cb221e5fa7ca5deae55,60.16897,24.95222,00000000aa852af1,13.75
24779,2019-08-04T12:41:53Z,79bde23c1a8980f93a65e14306f0d8ea89e164430d8b991e2bfee82e,60.16531,24.9442,00000000fdda10fe,11.7
24780,2019-08-04T12:41:53Z,79d30a3ef05e3d34450d1c975b3fa9d21b994f078f943db791239b07,60.14699,24.922,00000000a53ed894,14.89
24781,2019-08-04T12:41:53Z,7a0c0b525f2d3eed6c873bd3b8d27bede551fe4a428ac15c23deadae,60.16075,24.95883,00000000f1124bca,23.56
24782,2019-08-04T12:41:53Z,7a4a06d20ebe57d94e5fceeaf47d5b56ad9a515818e9c20e21a80e61,60.16629,24.95957,00000000fb7600be,18.79
24783,2019-08-04T12:41:53Z,7ab335e046f7f3597f8f615a90857885e35cfecefebd5d24bbf0af90,60.16075,24.95883,00000000f1124bca,11.7
24784,2019-08-04T12:41:53Z,7ad93fed82e41ea4422fa101badc698b0328c3ebf0f6b73c5164d438,60.16897,24.95222,00000000aa852af1,16.1
24785,2019-08-04T12:41:53Z,7af6672e274ebe27cdb785373a857fc5bcad92a386c36dbe3221d4f4,60.14947,24.91438,000000004ef3150d,4.11
24786,2019-08-04T12:41:53Z,7b61dc50070867948abbe5275032ae82e7643ca4158a809fe41a8b69,60.14699,24.922,00000000a53ed894,9.92
24787,2019-08-04T12:41:53Z,7bb67bcf014747e5d826f95c610d36492f31095552417a0864475491,60.14951,24.92138,0000000006dd41f6,17.4
24788,2019-08-04T12:41:53Z,7be762f58d54665c5e6668eb2fb3eae7201522ddff196bbc5eb731f0,60.14947,24.91438,000000004ef3150d,6.46
24789,2019-08-04T12:41:53Z,7c3e30f8265c495083db66916242e1237a89a17dcdd165c2c4497700,60.149,24.9843,00000000fffb8cf0,31.5
24790,2019-08-04T12:41:53Z,7d9a3d84c09c3a8d6876389e216e0278048d6b924890fb275a078ffb,60.16531,24.9442,00000000fdda10fe,0.71
24791,2019-08-04T12:41:53Z,7e31a4896ab0ff539440898dfabd8305df79869bff52da941016d1cc,60.1538,24.95595,0000000038bf9618,36.27
24792,2019-08-04T12:41:53Z,7ee87b87cf01698f643e1ba3117b245039edc811605df5dc802e7576,60.14947,24.91438,000000004ef3150d,14.89
24793,2019-08-04T12:41:53Z,7f2f97e26d55f653ed70260ea4f893d01a3984cbdf6d7a3bfb2641de,60.16829,24.94214,00000000afef4555,12.69
24794,2019-08-04T12:41:53Z,7f3c9dd2c7352cb81fb186a7d700841d2bcb47cd8ea0d5f8719b5908,60.16762,24.95415,000000006b44cce7,12.69
24795,2019-08-04T12:41:53Z,7f786ec8e06f1ca3bdd10fc60d0114baf354125b8f6cf796d197f4cc,60.16075,24.95883,00000000f1124bca,3.4
24796,2019-08-04T12:41:53Z,7fe10e69931c2d658099a314f3fce64865329e12a7b834c375e2d5d2,60.14699,24.922,00000000a53ed894,12.69
24797,2019-08-04T12:41:53Z,80bbbdbb2393bd532901304597c074f0872c71c7a1679243a485943b,60.16897,24.95222,00000000aa852af1,31.5
24798,2019-08-04T12:41:53Z,80cbcb887f3e351e3bef7c5f53dccc578cc3494feec514aed7015c0d,60.16075,24.95883,00000000f1124bca,5.91
24799,2019-08-04T12:41:53Z,80cc39b04598f971820e63498fd27ae72a12a45a60c220fe625b282a,60.14699,24.922,00000000a53ed894,14.89
24800,2019-08-04T12:41:53Z,8164c6a1ba8bb70b66a8eb236262d7f6defe7d476295595f37375f95,60.173,24.92524,0000000096918cfa,41.64
24801,2019-08-04T12:41:53Z,81fed8075f6ecb598d4ddc816663fc3693278a971ccec3048ef1ef51,60.17002,24.94407,000000006b087f40,38.87
24802,2019-08-04T12:41:53Z,82411c6526228322a61f59259f13adf7cde62bd767587b6735867705,60.17919,24.95181,000000007b5207b6,10.78
24803,2019-08-04T12:41:53Z,83073c017c8293e4b6eab781fbc2147fafa144d33b3618abd1ae5d90,60.17065,24.93641,000000000f4919c9,27.28
24804,2019-08-04T12:41:53Z,83121a75723643c48e3c3b0a3ea5fccb532046432ca445833e8de06a,60.16762,24.95415,000000006b44cce7,0.34
24805,2019-08-04T12:41:53Z,848fe01e24ccc782e5968171f53ea31d28f20a455c45d8bac8fb7374,60.173,24.92524,0000000096918cfa,10.78
24806,2019-08-04T12:41:53Z,8499290ca844477035cb04c821386788d09243bf12e2337d45411ac1,60.17002,24.94407,000000006b087f40,20.28
24807,2019-08-04T12:41:53Z,849a662d95d4185421aff7c6213ba5d7b84cfc58c9fb30ff34054e4c,60.16075,24.95883,00000000f1124bca,10.78
24808,2019-08-04T12:41:53Z,85d66944a64cfde859e7e08ca4b79f3b39d5b03141d500fe7ce73f7e,60.14699,24.922,00000000a53ed894,14.89
24809,2019-08-04T12:41:53Z,85d67c3be46ecb66832dfd9090a931e1be3dd056f718ea6786622131,60.16897,24.95222,00000000aa852af1,21.87
24810,2019-08-04T12:41:53Z,8632e9e1f944677a1776c00e3293dd15d0ba7b1444c1125bfb2cda54,60.16829,24.94214,00000000afef4555,17.4
24811,2019-08-04T12:41:53Z,868cd7608ed6beb209db2aad8c71f56b8aec3a6b453be18e4af217a2,60.17065,24.93641,000000000f4919c9,21.87
24812,2019-08-04T12:41:53Z,87bb1abe21abfcb5e5c2039e579cff7ca863a6019207db356de5b7c2,60.14699,24.922,00000000a53ed894,14.89
24813,2019-08-04T12:41:53Z,87cbb5265cd1cc3213ddb5ed9ed2a599ddb7db0b0747121d649b0ae3,60.16544,24.95398,0000000038d83d41,21.87
24814,2019-08-04T12:41:53Z,8822ffe19dec49fe874ac377de5a0504e931e342ecc1f5b1fcb939e5,60.16897,24.95222,00000000aa852af1,17.4
24815,2019-08-04T12:41:53Z,885bcc6af7d0aa9718fe1030e32ffff1de5171ae5ef67cf0011874fb,60.14947,24.91438,000000004ef3150d,12.69
24816,2019-08-04T12:41:53Z,8947a5209f3b32173d3dc72792039edf94a2711741ab041b62b30643,60.16762,24.95415,000000006b44cce7,5.41
24817,2019-08-04T12:41:53Z,8a08b2de43a9ef03cf96610718c908e69dcacc59f536a7135b7bb542,60.16629,24.95957,00000000fb7600be,23.56
24818,2019-08-04T12:41:53Z,8a93ac3ff9f29a5a024811171ed920021c363a5b7688e2c879ab55f6,60.17002,24.94407,000000006b087f40,36.27
24819,2019-08-04T12:41:53Z,8b2db0cf88df127735158a23e876f7746a3f6a8ac67d170ca06d1055,60.1538,24.95595,0000000038bf9618,27.28
24820,2019-08-04T12:41:53Z,8b641985c793a3f25a45b2460cb01f5baa6f339c6dd26ba7752d8a7a,60.16897,24.95222,00000000aa852af1,7.05
24821,2019-08-04T12:41:53Z,8ba6cfc17ca70e8304994e018ebd5eb2003177062cde05925d5cacb3,60.173,24.92524,0000000096918cfa,8.38
24822,2019-08-04T12:41:53Z,8bbf5422247a0a6be314130d8fd9ae1814401b75acf3b3ce2da9620c,60.14699,24.922,00000000a53ed894,11.7
24823,2019-08-04T12:41:53Z,8d5672c651968bf1f466b44baefa37f9438850e96140d126f6a99baf,60.16897,24.95222,00000000aa852af1,23.56
24824,2019-08-04T12:41:53Z,8d73f674010f5cb02e8f20251ed86a9afcb7f6b3926039470296bd00,60.17065,24.93641,000000000f4919c9,21.87
24825,2019-08-04T12:41:53Z,8d8a869e83fe2ac29e791666634a33af3ea4048ea4e752b6fb1e238c,60.14947,24.91438,000000004ef3150d,3.09
24826,2019-08-04T12:41:53Z,8dcf139eb279bcc2696420ba9da858e361600ff02cd29587f66660ec,60.16897,24.95222,00000000aa852af1,18.79
24827,2019-08-04T12:41:53Z,8de3d516b6cffb3335f9ebec3f6068b693db224f56eae6a50d7c6320,60.16531,24.9442,00000000fdda10fe,33.81
24828,2019-08-04T12:41:53Z,90d2c337b3629bdc073dbbe6f0793b7bf6f65d63deb77bddf24052a8,60.16897,24.95222,00000000aa852af1,18.79
24829,2019-08-04T12:41:53Z,920dc90f60b295267f63efc8f968408087b71878dc3f49f0ded1c41e,60.17919,24.95181,000000007b5207b6,25.36
24830,2019-08-04T12:41:53Z,93a2100e233b204243f7e69b68dea7c9a145d1b5384bd18359bf87a3,60.16531,24.9442,00000000fdda10fe,1.12
24831,2019-08-04T12:41:53Z,93e409819362e2429a43710ff4330bd3ed83011b73ae438dd7fb62d8,60.16762,24.95415,000000006b44cce7,10.78
24832,2019-08-04T12:41:53Z,94237bc673d78a307ecc9da6df18d0b37e632b8cd6709f81081f000a,60.17002,24.94407,000000006b087f40,8.38
24833,2019-08-04T12:41:53Z,9542a6d9883eb7a1065854d6f72274cf8d953b5846a4fce3fba9b00d,60.1538,24.95595,0000000038bf9618,27.28
24834,2019-08-04T12:41:53Z,9575ef1c44f26f0301d726029c8b1c28011a4724496943451bee6544,60.14947,24.91438,000000004ef3150d,10.78
24835,2019-08-04T12:41:53Z,9604244c18efd5978b809f021651f7743e0e64da38fcf3718f9b4f93,60.14699,24.922,00000000a53ed894,9.12
24836,2019-08-04T12:41:53Z,97264f5808fa13851dacabf0c98525eec29849ff4b6a744cc777fd5b,60.16075,24.95883,00000000f1124bca,16.1
24837,2019-08-04T12:41:53Z,9736a8a29aee134a307e0cd4221e9b0a2ab7c48befee43fc62e9f9bd,60.14699,24.922,00000000a53ed894,4.5
24838,2019-08-04T12:41:53Z,9862cafd709b75d07c83b397773e0cf33564666cb81814bdbf5e54f2,60.16897,24.95222,00000000aa852af1,12.69
24839,2019-08-04T12:41:53Z,9868033d7f0d18f01d12a4034f37bf5d6e51e5ed9124c68d4b8b8e6c,60.14947,24.91438,000000004ef3150d,8.38
24840,2019-08-04T12:41:53Z,987d01417bcff2d7f663704309df2ebdcdb035da3ddb085fab0cf928,60.16829,24.94214,00000000afef4555,14.89
24841,2019-08-04T12:41:53Z,9885627881a266e5cf401516e009049e859d738e2e019be570f4b4d8,60.16448,24.97323,0000000053c6c2be,17.4
24842,2019-08-04T12:41:53Z,98bb3b6f5e2403b14b8e01616c07b03bb1fd153ded656033d7bd3533,60.16075,24.95883,00000000f1124bca,7.05
24843,2019-08-04T12:41:53Z,98e1e68d5f5554a92a47831b58146634872eefd6d487fd39ae3dc6f8,60.16544,24.95398,0000000038d83d41,25.36
24844,2019-08-04T12:41:53Z,992f6feda52c82ad67e40af55b5602bb22411020701998c6bd65faed,60.16762,24.95415,000000006b44cce7,5.91
24845,2019-08-04T12:41:53Z,994b630283c750a0b697359e32c4bd06d5b4a32d2edb6c12cce42b32,60.16829,24.94214,00000000afef4555,9.92
24846,2019-08-04T12:41:53Z,99753600aa90a43c336153dd03985a2996b7bc6052086f503020518c,60.14699,24.922,00000000a53ed894,12.69
24847,2019-08-04T12:41:53Z,9a9db814dfa74ca2c2d51496299715310e81c6e6525cc9d2cb0762eb,60.16897,24.95222,00000000aa852af1,20.28
24848,2019-08-04T12:41:53Z,9ac4c3176875b59567d28bf01df0c9490620902ff082fd0b93d15cb4,60.18203,24.91341,00000000342570c2,18.79
24849,2019-08-04T12:41:53Z,9acffb3f8b8720e2de83c8cfd41915d268d5eca34e0bd280eed3e6f4,60.16897,24.95222,00000000aa852af1,14.89
24850,2019-08-04T12:41:53Z,9b03b610755f4cec2e9d83a9763204e758a075614b125210bc914df5,60.16075,24.95883,00000000f1124bca,6.46
24851,2019-08-04T12:41:53Z,9bad872c31c8c5e53f064b5367350b41271d45ca8a9e508136622800,60.16897,24.95222,00000000aa852af1,11.7
24852,2019-08-04T12:41:53Z,9bf4a5d763fa921335be6c141a0c9fd769fcb2f4c5b40b85a1c99c71,60.14699,24.922,00000000a53ed894,9.92
24853,2019-08-04T12:41:53Z,9e3d4a4b1acd94d2896cd7cf56419110f06ea96faae37aadebd4ec77,60.14947,24.91438,000000004ef3150d,3.74
24854,2019-08-04T12:41:53Z,9feead3068ed3a48c56f1fa4b4bd06ed064ca5141afe9d8f907a8941,60.16629,24.95957,00000000fb7600be,17.4
24855,2019-08-04T12:41:53Z,9ff13c715073d5ad9c464cb67b6de3f703435cf389c32cce5626dfe1,60.149,24.9843,00000000fffb8cf0,27.28
24856,2019-08-04T12:41:53Z,a01d7427dcaa19c3efac1cde116c3751db11d6cf2838d0509704616a,60.14699,24.922,00000000a53ed894,20.28
24857,2019-08-04T12:41:53Z,a22736c5d66f417bc6b745f51492549dc2e5a3c766f5e7e23f183b41,60.14947,24.91438,000000004ef3150d,9.12
24858,2019-08-04T12:41:53Z,a38a21a97a054541f0423f03758c70227116c05254958373e3e93ad0,60.14947,24.91438,000000004ef3150d,8.38
24859,2019-08-04T12:41:53Z,a422a30ec1eb058c7930e1352297c161639faa5b3ca5f5fa47c4adb3,60.14947,24.91438,000000004ef3150d,5.91
24860,2019-08-04T12:41:53Z,a47f8d59e11da7fa47e0cbe518b593e023018f122d5710ffbb775c0f,60.16829,24.94214,00000000afef4555,29.32
24861,2019-08-04T12:41:53Z,a6f944078dd26796f5a849ccb6fdf8a4436f913cf3302597c846462d,60.16762,24.95415,000000006b44cce7,9.12
24862,2019-08-04T12:41:53Z,a7472d1b63171c047444981df223670390009e3ea502132d9963e9fb,60.14947,24.91438,000000004ef3150d,13.75
24863,2019-08-04T12:41:53Z,a794d97e26d3678bb11b4364880414bb7bfac4bb49d1867b37b489f7,60.14947,24.91438,000000004ef3150d,16.1
24864,2019-08-04T12:41:53Z,a7a7f84e910c87d01420156efca1675f2f263a8f7f1212bb161e73f3,60.14951,24.92138,0000000006dd41f6,21.87
24865,2019-08-04T12:41:53Z,a8b590caa009f57ce3aab7636bdb8de732266166d9cdfda486b62b93,60.16762,24.95415,000000006b44cce7,18.79
24866,2019-08-04T12:41:53Z,a8bd45406d5913e098652d4c2d836339758e08d21bf5d88becabdd36,60.14947,24.91438,000000004ef3150d,9.92
24867,2019-08-04T12:41:53Z,a8c6eaffa3af655bde6a224a5f02a332a51ea9662ca7cc53d2d170db,60.16544,24.95398,0000000038d83d41,29.32
24868,2019-08-04T12:41:53Z,a8df2631c2442628608c1f0352c896eb532a6ca08c85de2c77360aa8,60.14947,24.91438,000000004ef3150d,6.46
24869,2019-08-04T12:41:53Z,a9383e1c3d9b3355965662ff18ad95dfb64daa5d8e71fc20e7e50df7,60.14699,24.922,00000000a53ed894,12.69
24870,2019-08-04T12:41:53Z,aa076c3f0d09145aebbb750dde9849ba4eb6759e92ba5753280184d6,60.16762,24.95415,000000006b44cce7,12.69
24871,2019-08-04T12:41:53Z,aa5773b59ce2bf1eee53e4e77cd3c261465d2ea538c9a85b8de30cd8,60.14947,24.91438,000000004ef3150d,5.41
24872,2019-08-04T12:41:53Z,aa6d51fc5411b69567cb854360c4a81267eac19446946eb27618306a,60.14699,24.922,00000000a53ed894,10.78
24873,2019-08-04T12:41:53Z,ac36860ddd2d60f33c730b2ecc540578d8edcf2c1e8c55e897d76d93,60.14951,24.92138,0000000006dd41f6,13.75
24874,2019-08-04T12:41:53Z,ac76ddb47330fe8965a3fd8ac890bda3045bb0ec515928503c2ee81a,60.16629,24.95957,00000000fb7600be,18.79
24875,2019-08-04T12:41:53Z,ac93ac0788af8e1b0f20fada4f15ca1ad31f4084b133482d8211571d,60.14699,24.922,00000000a53ed894,14.89
24876,2019-08-04T12:41:53Z,acdcc8ae1d1c6bb055dfc108154eae58b4b894f0ce1ff174c1065c7e,60.16762,24.95415,000000006b44cce7,6.46
24877,2019-08-04T12:41:53Z,ad2e6db1b35213a7b8c271b4f7c6390d599c69da9c0eb4bf250f70b6,60.16829,24.94214,00000000afef4555,31.5
24878,2019-08-04T12:41:53Z,ad8af809ed47a3391bb53d11da159b3a8b0ddc264d94c049ce72bda0,60.17065,24.93641,000000000f4919c9,0.34
24879,2019-08-04T12:41:53Z,ae08ba8b9f7ef2a4326d6d7bbf452a87d08f8062feaf20cb7101d414,60.15432,24.9211,0000000019fb59c4,14.89
24880,2019-08-04T12:41:53Z,ae828cc3f1fa739d818186776cff673c88a05d0f3dedfb4a765a54fd,60.16829,24.94214,00000000afef4555,8.38
24881,2019-08-04T12:41:53Z,ae87b8dd8920695bc9e599874667205991c04e30666d8523f0be4350,60.14947,24.91438,000000004ef3150d,2.8
24882,2019-08-04T12:41:53Z,aec4b11f0b1ec075878ca4a3b94da464f6fc96e330b913d5bfd346b0,60.16897,24.95222,00000000aa852af1,7.69
24883,2019-08-04T12:41:53Z,b12b27061f30d5659794f14cbed5e4726c5af1ef526611d3b2dded29,60.14947,24.91438,000000004ef3150d,13.75
24884,2019-08-04T12:41:53Z,b26280ff7943c2f2f00f94125547cbdc285e6c43b7d0a5819c2eac87,60.16762,24.95415,000000006b44cce7,16.1
24885,2019-08-04T12:41:53Z,b3d99c04e3db6b698e6e54f19434461336954d0c15385bff6e557be8,60.173,24.92524,0000000096918cfa,16.1
24886,2019-08-04T12:41:53Z,b41cc64d7ab4e16a03573bdc3b5863c4b402ec66c7780c7900c02877,60.16829,24.94214,00000000afef4555,17.4
24887,2019-08-04T12:41:53Z,b523d3f8341906e4b3877ff7d9614b4e10d6bbf10afdcc6c53656c8f,60.17065,24.93641,000000000f4919c9,16.1
24888,2019-08-04T12:41:53Z,b670feb17d43bf7c9bfc6b8236bd8f240defd4d2f9c402ce52a406a4,60.16897,24.95222,00000000aa852af1,16.1
24889,2019-08-04T12:41:53Z,b69b16c2a26a4bb629e51e0165fb79bbffdeb2a24c5d49297fddfcb0,60.16762,24.95415,000000006b44cce7,16.1
24890,2019-08-04T12:41:53Z,b7039958be9f53a3eaed97f705a1974815f52f25226e920155397bec,60.16075,24.95883,00000000f1124bca,20.28
24891,2019-08-04T12:41:53Z,b81e80c4efa2f6bf7a24861abfd0f0fb5672f1512dc7545a1d387f7f,60.16762,24.95415,000000006b44cce7,7.69
24892,2019-08-04T12:41:53Z,b82ba472f0cb919b39c31b9c737f1608f6a31ffa63352768f9fa12ea,60.16829,24.94214,00000000afef4555,7.05
24893,2019-08-04T12:41:53Z,b936adc4821ac74aa643564d0b86e3858f1ec392e3f43e92427d7edc,60.14699,24.922,00000000a53ed894,14.89
24894,2019-08-04T12:41:53Z,b9c0ac0bb7310d92c296a8870603ebd12c0c632cfc2a1fa33092b337,60.16762,24.95415,000000006b44cce7,6.46
24895,2019-08-04T12:41:53Z,bb0193f2b0ac4801fe82ed5cec75e687465d707d92e731047f81650f,60.1538,24.95595,0000000038bf9618,1.01
24896,2019-08-04T12:41:53Z,bbe1e18f88cf88928067a0221965768c1f2ae264291cea564d7eb7e8,60.16897,24.95222,00000000aa852af1,10.78
24897,2019-08-04T12:41:53Z,bbe7947ea50de5986f237ccab5782ddb55c199ad6a81e8f692670d0c,60.16829,24.94214,00000000afef4555,7.69
24898,2019-08-04T12:41:53Z,bbeaad18acdd3a2602aa5b07ab6ae8df489cb499c4490b3e6f561a5e,60.16544,24.95398,0000000038d83d41,20.28
24899,2019-08-04T12:41:53Z,bbf8cd606b9732370f1c0ae0e68d6d0663a23102d831dd10c0e74819,60.16897,24.95222,00000000aa852af1,13.75
24900,2019-08-04T12:41:53Z,bc07df8cc395f6f4f5d483b2233caca5f93a6918f346e4cc3702f8cc,60.16531,24.9442,00000000fdda10fe,23.56
24901,2019-08-04T12:41:53Z,bc478512e217b12ec7e01e1ce8247d394a57fb0c0cc72940f562adc2,60.17065,24.93641,000000000f4919c9,20.28
24902,2019-08-04T12:41:53Z,bd33b7ad8d89c8c1958de09b4900b5ebc62ed61b9decf094268b04d0,60.16762,24.95415,000000006b44cce7,8.38
24903,2019-08-04T12:41:53Z,bebf1edb9736fe66391376c4cf2a3033ab9fa83ae21f86b66392e2d0,60.16762,24.95415,000000006b44cce7,14.89
24904,2019-08-04T12:41:53Z,bf2e5725b255e320f1e8375ec03f55194f1fd9f751be9629d873a5c8,60.14699,24.922,00000000a53ed894,5.91
24905,2019-08-04T12:41:53Z,bf7b5b4e75942592c7b9ce61d2191afc196d5b162bcff93bc53ea1d7,60.17002,24.94407,000000006b087f40,54.47
24906,2019-08-04T12:41:53Z,c0722f63618f97eb8ec4afac1a8538b81a3c87e623d753ad1201bf7c,60.16075,24.95883,00000000f1124bca,4.11
24907,2019-08-04T12:41:53Z,c0a0ca3433586ed2ae0e448f2406fabac7292ac79d49562e0bd5cef8,60.16762,24.95415,000000006b44cce7,16.1
24908,2019-08-04T12:41:53Z,c1e4323d2276cb6e358f5fabb123294e7a0ef87e7169f3cccc8f2e03,60.16075,24.95883,00000000f1124bca,23.56
24909,2019-08-04T12:41:53Z,c22d0093a8d103f59838ad43218fa834e328847e5094bcb2e98d5307,60.16829,24.94214,00000000afef4555,12.69
24910,2019-08-04T12:41:53Z,c25db2e7a7b685e41480c3c47352c0ed5e57e4cb99af3ff5b5a611d7,60.16829,24.94214,00000000afef4555,21.87
24911,2019-08-04T12:41:53Z,c261834e6d2c1bd9adddb82d8c6ce2d8aad82a89e32da62f3fcc6063,60.16075,24.95883,00000000f1124bca,4.5
24912,2019-08-04T12:41:53Z,c2cc1b6c0c0d4fc16a65430d50430a6931aa2801399b5a6efa9c1a9b,60.14699,24.922,00000000a53ed894,14.89
24913,2019-08-04T12:41:53Z,c2df6019d8d482b8e842c4255041699db5564f71198829142be74c80,60.16762,24.95415,000000006b44cce7,11.7
24914,2019-08-04T12:41:53Z,c36d58ed0e0dddb3e26be1214e369db1c3fa3d4bcf8b53536a25239b,60.17065,24.93641,000000000f4919c9,2.54
24915,2019-08-04T12:41:53Z,c3b2521faf0f7ae79434e40e86c59699d399444b775c7619f6e73e36,60.16075,24.95883,00000000f1124bca,21.87
24916,2019-08-04T12:41:53Z,c3be6dcc2c0542676c20d28ce38adbe2c0b9be09caa3f22e60210636,60.16075,24.95883,00000000f1124bca,4.5
24917,2019-08-04T12:41:53Z,c3e5ee20ca76f7347fda00c4c2fdee291bc6d843a879b26fbdd70390,60.17065,24.93641,000000000f4919c9,21.87
24918,2019-08-04T12:41:53Z,c493415e869d6e6304841784a120f994272b83557256b43e44e4f3e0,60.14699,24.922,00000000a53ed894,8.38
24919,2019-08-04T12:41:53Z,c633a260ce59bad4e1ca42f12936ed8ae57a40f5e6528dfb70052c43,60.16897,24.95222,00000000aa852af1,7.69
24920,2019-08-04T12:41:53Z,c6b973b57d5574eb3341b3141a5ba2b28f477ae9e702ab4ae701cc0d,60.14699,24.922,00000000a53ed894,14.89
24921,2019-08-04T12:41:53Z,c728eaa7734efeabe7f33c782081caa960fcced68160e285ee477916,60.14699,24.922,00000000a53ed894,16.1
24922,2019-08-04T12:41:53Z,c7951807c3dfab7d09841dfc9c9b2a4fc0bcf4f43e44a9ac61b85c91,60.17002,24.94407,000000006b087f40,20.28
24923,2019-08-04T12:41:53Z,c905a50dedd9b3d2114cde9160b7adf83adc09683b65598ce24c4047,60.1538,24.95595,0000000038bf9618,16.1
24924,2019-08-04T12:41:53Z,c9822d9c012b25f745a2934c523f3c9e6db75fbe3f5e673475813381,60.15432,24.9211,0000000019fb59c4,4.11
24925,2019-08-04T12:41:53Z,ca507a06be040b3e520339b63d5bd15463a1862124c4bd940d936e4a,60.16762,24.95415,000000006b44cce7,7.69
24926,2019-08-04T12:41:53Z,cad80f69731ad65f7f14bf400d674e0c42de462bd42db112c9d9f261,60.16075,24.95883,00000000f1124bca,21.87
24927,2019-08-04T12:41:53Z,cbc336691f17a9c508549e03d522166247a0cd0a944321c1a7d15525,60.14699,24.922,00000000a53ed894,7.69
24928,2019-08-04T12:41:53Z,cc2cf42c6b14536fb92c810ff0e3dd5a3caa74236f14246a5b6e8cdc,60.16762,24.95415,000000006b44cce7,9.92
24929,2019-08-04T12:41:53Z,cce6b6f309e43e2bb1be6a9784582a82891e976d0869d01040586d27,60.14947,24.91438,000000004ef3150d,17.4
24930,2019-08-04T12:41:53Z,cd2346f3db5667fe43eb0d974ddf486ce9722fe427e98ee232d1ba12,60.14951,24.92138,0000000006dd41f6,11.7
24931,2019-08-04T12:41:53Z,cd3e127e27387b6e06cdf27f46fb6046e4182e4d7b49b49c17167c1c,60.14947,24.91438,000000004ef3150d,11.7
24932,2019-08-04T12:41:53Z,cd4867e8bfd7af028b5546f9acfa77ecb7ff107d7c09d62186ecbbd7,60.16075,24.95883,00000000f1124bca,20.28
24933,2019-08-04T12:41:53Z,cd9b2be9ffb37c8b7c5c25f587c95b1c7932a21fb245487ea2f740d9,60.14699,24.922,00000000a53ed894,7.69
24934,2019-08-04T12:41:53Z,ce6a8017f454ee88825097762b1bdb8e5ba78fff9cd3e49bc2ee2400,60.14699,24.922,00000000a53ed894,18.79
24935,2019-08-04T12:41:53Z,ceb777dafa9b7e39125b89735b7f0cf22c3018eb0196043ac8160370,60.14699,24.922,00000000a53ed894,10.78
24936,2019-08-04T12:41:53Z,ced0425d382ce86b7565a8b7b36a453a0880a08ba10090524e6c1ac5,60.14699,24.922,00000000a53ed894,14.89
24937,2019-08-04T12:41:53Z,cef1d06a10cfa08bcaef8b36535c2ec32c756a76cc0d5c2a1246f933,60.14699,24.922,00000000a53ed894,10.78
24938,2019-08-04T12:41:53Z,cfa42322be0000cf89d8969d1b88ace0ba99cab721dd58d55d41a36e,60.17065,24.93641,000000000f4919c9,13.75
24939,2019-08-04T12:41:53Z,d0413da80c7714f40ffe50dcfb00039280c64ecebc61c59df72965e6,60.149,24.9843,00000000fffb8cf0,20.28
24940,2019-08-04T12:41:53Z,d098b9b5b30c5fcd4ae8a2b8bc761df72829713d3ae919634876d349,60.14699,24.922,00000000a53ed894,8.38
24941,2019-08-04T12:41:53Z,d0aa228c2a3e6e1568e876cffc76874702e0f0f63f18533551bf02c1,60.16075,24.95883,00000000f1124bca,20.28
24942,2019-08-04T12:41:53Z,d0cab2a2660dcc5cb99a9bdf39d2e6b31b7498985db1b50e48cb478d,60.18203,24.91341,00000000342570c2,10.78
24943,2019-08-04T12:41:53Z,d150c7aba4e7419f0ddd187392a9c2a429f44fa82535fb594c48ff55,60.16897,24.95222,00000000aa852af1,8.38
24944,2019-08-04T12:41:53Z,d38e88e5b926f9d1de6e326cca45116fcca11f10684c80876739c6cd,60.16075,24.95883,00000000f1124bca,11.7
24945,2019-08-04T12:41:53Z,d3c0cff604283ea6adeabb4f867f3fcaf8ee41fd27fc600d33c4d70d,60.16075,24.95883,00000000f1124bca,21.87
24946,2019-08-04T12:41:53Z,d617f7281dde71cd9c504a5185c5c7848ed658616b24f56386e61bd3,60.16897,24.95222,00000000aa852af1,17.4
24947,2019-08-04T12:41:53Z,d6b274f1f49dde057f37b6d65670f16c2a7ba75e21283e342e5c3bfb,60.16762,24.95415,000000006b44cce7,18.79
24948,2019-08-04T12:41:53Z,d75c412090c347ad7fca9287bcc4eb9bfb757dc7c1725109861dd93e,60.16629,24.95957,00000000fb7600be,9.92
24949,2019-08-04T12:41:53Z,d83dd9c0a861e25c7f5ddcd393756626def7c7f82a9f3fc35e1665a9,60.14947,24.91438,000000004ef3150d,3.4
24950,2019-08-04T12:41:53Z,d87210146aab139cc6640a20b428dce6ac516806a71a177b70e04f62,60.17065,24.93641,000000000f4919c9,9.92
24951,2019-08-04T12:41:53Z,d8983a8fe916583702bb776d3d8d3cbbe9e78778fd44d07c52ad1f2d,60.14699,24.922,00000000a53ed894,17.4
24952,2019-08-04T12:41:53Z,d8e7e8b511d1123d1389cf08abbfa54b2b38e1824598b88008356c33,60.16897,24.95222,00000000aa852af1,11.7
24953,2019-08-04T12:41:53Z,da0c40291d3ace2273a08e3c9b87cbc15b0f03d0dba61e7c5a88dc0c,60.15432,24.9211,0000000019fb59c4,29.32
24954,2019-08-04T12:41:53Z,daac051ca20430238282e179e0fe525b11ff1e8f1ace26d45b41f331,60.14947,24.91438,000000004ef3150d,14.89
24955,2019-08-04T12:41:53Z,db9cee77723e2258651606fd447070139d95eb1138f8e56957bff8f1,60.17002,24.94407,000000006b087f40,21.87
24956,2019-08-04T12:41:53Z,dbf9f0495974591badcee3fcfc1b5eb718b26de86aaf486c351ad084,60.14947,24.91438,000000004ef3150d,5.91
24957,2019-08-04T12:41:53Z,dc15145376f4a497910c8d2231d671bf62f1918ad93938a48fdc3eb4,60.149,24.9843,00000000fffb8cf0,21.87
24958,2019-08-04T12:41:53Z,dc439ef81c2abfb840e3ab145f2b944aae18a1beffd3eb47de845b9c,60.16531,24.9442,00000000fdda10fe,18.79
24959,2019-08-04T12:41:53Z,dcae3c49707466f4b6286ece65c027ad6e3fd8c61c14c030003e1da7,60.16829,24.94214,00000000afef4555,29.32
24960,2019-08-04T12:41:53Z,dcec4c4fb70c5f7dd0f408b6499f8c5ab0c2e9ff2b6d0fb082eba391,60.16075,24.95883,00000000f1124bca,18.79
24961,2019-08-04T12:41:53Z,dd4d709c749e6cfcf1531575846683d4ca730e850e17c6dd39252f8e,60.16075,24.95883,00000000f1124bca,21.87
24962,2019-08-04T12:41:53Z,de09fd8d15c3d7adbf440a3d0a418a3b476513c968bda8a4aa652adf,60.173,24.92524,0000000096918cfa,29.32
24963,2019-08-04T12:41:53Z,de0d086ae32f87522eab31d3bc52545ed17b065889674963c0709568,60.16829,24.94214,00000000afef4555,8.38
24964,2019-08-04T12:41:53Z,de3fe5f63e74a582e06c8cb02e6128d6013827015ba3e2fe93082977,60.17002,24.94407,000000006b087f40,21.87
24965,2019-08-04T12:41:53Z,de84f754a3916c8f831b0bb8ea41fc2a42cdea2794558fece3c7ae97,60.1538,24.95595,0000000038bf9618,20.28
24966,2019-08-04T12:41:53Z,df0e8ff4d2b113239e66c4c62bfa198af147b596a2f83309d01d3b3b,60.16762,24.95415,000000006b44cce7,0.5
24967,2019-08-04T12:41:53Z,e02c0f9f72e9f248a4b5df8af328e1a0132d4d8a72c1e603d14cdacd,60.18203,24.91341,00000000342570c2,16.1
24968,2019-08-04T12:41:53Z,e0df847c19b463dec6cea35494d375ce136a276c6a785936c931f60f,60.18203,24.91341,00000000342570c2,21.87
24969,2019-08-04T12:41:53Z,e0e938d5ab6fe3b13270163cd8a4e531dfae4b24ff98ab7e4277114c,60.14947,24.91438,000000004ef3150d,8.38
24970,2019-08-04T12:41:53Z,e0ff1e75104c5dfa3549647c238569888e353e1322256a5c6979de0b,60.14699,24.922,00000000a53ed894,4.94
24971,2019-08-04T12:41:53Z,e1322e5118885f9bd50f4b2f8c4fd6d329ced295738b9983ef61b1c8,60.1538,24.95595,0000000038bf9618,33.81
24972,2019-08-04T12:41:53Z,e1a443e10353da64728464e8a720aaf22a62b80d404f1acae1a1c6ee,60.1538,24.95595,0000000038bf9618,31.5
24973,2019-08-04T12:41:53Z,e23a6115ba872037f9b5066c9c9c966b497f449e32a2c9ceb0e55497,60.16829,24.94214,00000000afef4555,6.46
24974,2019-08-04T12:41:53Z,e2d7945f2c60a0d0622aef6a266620cf09df2e3a66baf2d303464c90,60.1538,24.95595,0000000038bf9618,27.28
24975,2019-08-04T12:41:53Z,e341e5e3e0b4fef8c3764508293310da5922b202d791694e43069ad1,60.16544,24.95398,0000000038d83d41,25.36
24976,2019-08-04T12:41:53Z,e34bcebfa007159f3d2adb0e62e20fcf721a221f52bdfe2a6ad77831,60.18203,24.91341,00000000342570c2,18.79
24977,2019-08-04T12:41:53Z,e40a26f3f7468f4ac2302b45f1ed9aab7fea245ccf81d0c08072c881,60.16829,24.94214,00000000afef4555,4.11
24978,2019-08-04T12:41:53Z,e447e76c7b53157c11d5bfeb172c27332c81b5ec7f263badf5507888,60.149,24.9843,00000000fffb8cf0,18.79
24979,2019-08-04T12:41:53Z,e621e7131322cca25ac9c09fde26ef4c94d2ba83c5679134b2bcf63d,60.16762,24.95415,000000006b44cce7,18.79
24980,2019-08-04T12:41:53Z,e65f7c68ce6502de36e4f47d0646a91a76d6c8cf8b5ffd26a3df8f4b,60.149,24.9843,00000000fffb8cf0,27.28
24981,2019-08-04T12:41:53Z,e7cd5f775c7eea951719f351fcc25c710f857832d6f4b70a51b7b82d,60.16897,24.95222,00000000aa852af1,14.89
24982,2019-08-04T12:41:53Z,e826dedac8582e619ce18cd7eed68be5ee1fc9ed37e191e06f916835,60.14947,24.91438,000000004ef3150d,8.38
24983,2019-08-04T12:41:53Z,e9115410fa45db5a174eee008cae729dc69937a0e0b5a304899bf1b9,60.17065,24.93641,000000000f4919c9,33.81
24984,2019-08-04T12:41:53Z,e92eb020afcd7c1fad04690230ff8c2f005e404dd25b8dced1df30dd,60.16075,24.95883,00000000f1124bca,5.91
24985,2019-08-04T12:41:53Z,e9e19621fc5cfcfed2c808bbadc6cc6dd31e28d3c04cef8b89ca2729,60.16075,24.95883,00000000f1124bca,5.91
24986,2019-08-04T12:41:53Z,eac6fda3a18aa9ce55b6359f5c62a044e0bcd6bc3576c8cd815acf07,60.14699,24.922,00000000a53ed894,17.4
24987,2019-08-04T12:41:53Z,eb6541383f8b12fc5476e5e2bc406933edfd211f49a1bbb93f323fa0,60.14699,24.922,00000000a53ed894,16.1
24988,2019-08-04T12:41:53Z,ec096f9d9f6ac607dcfcecf3327071d33a6ed3fdedd3cc796ba91fdc,60.16897,24.95222,00000000aa852af1,25.36
24989,2019-08-04T12:41:53Z,ec424a10bcefb6e69c2eabf42534f06e7a10aa0cfb28f6478052cade,60.14699,24.922,00000000a53ed894,13.75
24990,2019-08-04T12:41:53Z,ed70712277756192c688e0f4d7620cdb33803ab3e0cc7c180c3efd23,60.15432,24.9211,0000000019fb59c4,10.78
24991,2019-08-04T12:41:53Z,eed1c3b93e33ab3a4802db427c8c197c0fbad358e039b6ea8c8af07b,60.18203,24.91341,00000000342570c2,17.4
24992,2019-08-04T12:41:53Z,ef77b04fc57a9781bf581172358ba74cf41e0b2a6ecc8090f99810bf,60.14699,24.922,00000000a53ed894,16.1
24993,2019-08-04T12:41:53Z,f00fb569fe1448dccb8e92e24b081a3164b59eb117131800780c70a9,60.14699,24.922,00000000a53ed894,13.75
24994,2019-08-04T12:41:53Z,f15b72a3aad411d2f8a70b41c4f62ad2d744d064d42ec00c71a18ac5,60.16762,24.95415,000000006b44cce7,3.4
24995,2019-08-04T12:41:53Z,f1e73fa6dab8e8a2db6d7515f601fac161f17c34beb84aa55e812a9e,60.16762,24.95415,000000006b44cce7,2.3
24996,2019-08-04T12:41:53Z,f2deba4ef84dbbc8c5d8524f6e2311183003bce4f9bfa6aef5b5ef66,60.14947,24.91438,000000004ef3150d,6.46
24997,2019-08-04T12:41:53Z,f2e063c8c25a8bec0dd6ec3924a5f59fd9694078f2f3fd5b3ea96f29,60.16762,24.95415,000000006b44cce7,12.69
24998,2019-08-04T12:41:53Z,f39827c3c7f4c833d1118043492f78e3255b6da9f4a2c000041d9b61,60.16829,24.94214,00000000afef4555,2.54
24999,2019-08-04T12:41:53Z,f5f7cfe177dfb0b7ebba2419ae53f70b6b5690dd98d98586004a9107,60.149,24.9843,00000000fffb8cf0,14.89
25000,2019-08-04T12:41:53Z,f66767381dd8d1bf0e53c7bb920dd23845902ad04a03ab1134a70b11,60.173,24.92524,0000000096918cfa,14.89
25001,2019-08-04T12:41:53Z,f74e6d09d258e27d6ddddd51a7dfec9b3038e669e50f8a122bffd157,60.14951,24.92138,0000000006dd41f6,25.36
25002,2019-08-04T12:41:53Z,f7777ac6285e2f6b6aa546b03f294d81e169b8236268cfed232c9679,60.16897,24.95222,00000000aa852af1,21.87
25003,2019-08-04T12:41:53Z,f796c9efc581b25280d4b416f8ba3aecca6ddf083e7bdad05f6e595e,60.14699,24.922,00000000a53ed894,11.7
25004,2019-08-04T12:41:53Z,f868d87b5d5a7094b60a131cd3e120c25787ebf751f7c93640b34942,60.16897,24.95222,00000000aa852af1,16.1
25005,2019-08-04T12:41:53Z,f8921b07c5b509c95015ee48304dcbb9b43fc2b579459b8efd3731fc,60.16897,24.95222,00000000aa852af1,14.89
25006,2019-08-04T12:41:53Z,f97bd6b766461dd4066a8fde3d7dfed9d1027ff23973200a005458cd,60.17002,24.94407,000000006b087f40,5.91
25007,2019-08-04T12:41:53Z,fa96854324adae88abb35afa34b2393a20338bfd8fc9602d3ce6ae8d,60.14947,24.91438,000000004ef3150d,7.69
25008,2019-08-04T12:41:53Z,fadc39da3cd26ac621092fbbff224b95bb13446c8d24bbf4f3e50e90,60.14947,24.91438,000000004ef3150d,3.4
25009,2019-08-04T12:41:53Z,fc5c517b4bcaf5e392ff920858d70ed6c59751b0934ce3dbe372996e,60.16829,24.94214,00000000afef4555,17.4
25010,2019-08-04T12:41:53Z,fce50ac3cfd2f3b7a897f6575eeda4e45ab42e5b9b5351be836cc0de,60.16897,24.95222,00000000aa852af1,23.56
25011,2019-08-04T12:41:53Z,fd77161cf9715d9d0f922cf45e79e5d9b9debef5113cb32a4f82ef76,60.16762,24.95415,000000006b44cce7,3.4
25012,2019-08-04T12:41:53Z,fe5ca86c906b1cb3bf9dd257ceefc562e41da499878f1074484f7d42,60.14947,24.91438,000000004ef3150d,11.7
25013,2019-08-04T12:41:53Z,feb399897846bc34dc3f4b06ac4ef0ffb0db885977b88e5c5fdb7350,60.14699,24.922,00000000a53ed894,16.1
25014,2019-08-04T12:41:53Z,feef8514003d83f6df23d1f12c4f5c23c5605b684b459e94f0e6e6da,60.16448,24.97323,0000000053c6c2be,25.36
25015,2019-08-04T12:41:53Z,ff4f3e0f964f23b97e88626f7a506bb4409718931712c58ce0f247af,60.16762,24.95415,000000006b44cce7,9.12
25016,2019-08-04T12:41:53Z,ff8280896145ae17e594c52eac2cdbab47d3757d797878fbc4298596,60.1538,24.95595,0000000038bf9618,25.36
25017,2019-08-04T12:41:53Z,ff8d5b9e61bd912b13b664db8ef2919e1f515ca3b20ae67f532a5c8a,60.16762,24.95415,000000006b44cce7,18.79
25018,2019-08-04T12:41:54Z,07d86ad98399440d0cc3bd3382a7256feb971e49a3686dc17f532e1c,60.16829,24.94214,00000000afef4555,9.92
25019,2019-08-04T12:41:54Z,09bfb0ba18ca8d4146edead386ae6004b5feb9c84501198c964e7c45,60.16897,24.95222,00000000aa852af1,23.56
25020,2019-08-04T12:41:54Z,0dd09efc9717b508a52eb5196698ac7acffb325c836e14f240e56313,60.14947,24.91438,000000004ef3150d,8.38
25021,2019-08-04T12:41:54Z,112c36ba789fa57e2b19c9bff8bfe0b3eba19a431c3af4656c4cee5b,60.16531,24.9442,00000000fdda10fe,31.5
25022,2019-08-04T12:41:54Z,14c7e1511b70f4dd3359cbece1377aebb4d70531f5489eefe53d7c3c,60.16544,24.95398,0000000038d83d41,31.5
25023,2019-08-04T12:41:54Z,1599d2c9070a6f05e1a5887c2d9209214c04818c6203fe75440734f2,60.1538,24.95595,0000000038bf9618,23.56
25024,2019-08-04T12:41:54Z,165ebbb4090d47319ae370f0d0854fdc1f6b79499f8b2e4d3c3533c0,60.16544,24.95398,0000000038d83d41,27.28
25025,2019-08-04T12:41:54Z,1e7ea410376fbdb3f3c476c76d23abad5d830690f78f71ea06f7e321,60.16075,24.95883,00000000f1124bca,7.69
25026,2019-08-04T12:41:54Z,211f6b7b044343d0be369791b3fa3c144d0d0f391e2a42787712efb0,60.16448,24.97323,0000000053c6c2be,12.69
25027,2019-08-04T12:41:54Z,21d09757012e8f7297d1de922f681bcc36581a3d7be770b42b3780a0,60.15432,24.9211,0000000019fb59c4,13.75
25028,2019-08-04T12:41:54Z,2350e9b04a733edca530466fd60d704e4de146d81df0066a1767556b,60.149,24.9843,00000000fffb8cf0,20.28
25029,2019-08-04T12:41:54Z,25a7ff811c3c06e426c7c2cbb0433d9a2a3399b23afecbd35584ab0f,60.18203,24.91341,00000000342570c2,23.56
25030,2019-08-04T12:41:54Z,2603b5aecd8f219a410e558446935308ecabb09a6c9e5b38533728ff,60.16829,24.94214,00000000afef4555,16.1
25031,2019-08-04T12:41:54Z,315af4a829b592ba99b203b8ed2cbd499769f8752dfe6de7da4ee929,60.16829,24.94214,00000000afef4555,16.1
25032,2019-08-04T12:41:54Z,3fe5f4ccfa5c777ceafda0674d7c9da6f509f6694b4c2fa254b32e73,60.16897,24.95222,00000000aa852af1,27.28
25033,2019-08-04T12:41:54Z,43b676ed3aef4c2d8846694817e76117873be52e7f788e0cb366c1c4,60.16629,24.95957,00000000fb7600be,23.56
25034,2019-08-04T12:41:54Z,44d0b94469070803869f229601e877beb613c3f5aafa009addf97a1a,60.16544,24.95398,0000000038d83d41,14.89
25035,2019-08-04T12:41:54Z,5bbb5184fded3e51bc78e45e39917794285e6bbc72da404802a9599a,60.16531,24.9442,00000000fdda10fe,31.5
25036,2019-08-04T12:41:54Z,5d65719c4cbf045f068d084b72302f447d5fd034413d97d13be00d0e,60.18203,24.91341,00000000342570c2,17.4
25037,2019-08-04T12:41:54Z,5eed115a984d490b02b602d73787aee8dc8c4e9365b77fbff3818a76,60.16629,24.95957,00000000fb7600be,13.75
25038,2019-08-04T12:41:54Z,5fecff186138a9b3e31c6086c33dcd5f1d209e64f0afeed7c688cab0,60.16897,24.95222,00000000aa852af1,17.4
25039,2019-08-04T12:41:54Z,653a92a7828f2c43bc74899753f872e8b93c30b6fb419b651a94bbc1,60.16897,24.95222,00000000aa852af1,14.89
25040,2019-08-04T12:41:54Z,69219e9efa41ae9e732653e9eaf08e1a34cb853a9dafe76ddeea4d04,60.16897,24.95222,00000000aa852af1,17.4
25041,2019-08-04T12:41:54Z,6a70e2fbced719333e21eff04fcb9cb36bae9a04d1a3d6ddd96f2c58,60.15432,24.9211,0000000019fb59c4,9.12
25042,2019-08-04T12:41:54Z,6f06341f358e61699fe1e55e986dd0554bc8da28b91daf0c5ad99db6,60.16629,24.95957,00000000fb7600be,18.79
25043,2019-08-04T12:41:54Z,70d8572458a1a103555bab897b6443e601e0ed211414b15ad0b56f60,60.16544,24.95398,0000000038d83d41,20.28
25044,2019-08-04T12:41:54Z,7678cdb86d454ca9ae52f22d97e635106585a3a046d01da4463695cc,60.18203,24.91341,00000000342570c2,20.28
25045,2019-08-04T12:41:54Z,79f136afa0dd8717337c01c70b457c464aaf0fa25b440f51a394ec23,60.16762,24.95415,000000006b44cce7,14.89
25046,2019-08-04T12:41:54Z,85ef35aecf2ff804be3d958b592705ec41c6df9c128c132c65bb283d,60.16897,24.95222,00000000aa852af1,20.28
25047,2019-08-04T12:41:54Z,87dfaad29a9276ddddb1fa021d3bc23ad14824c1af16f7d87e713689,60.14951,24.92138,0000000006dd41f6,9.12
25048,2019-08-04T12:41:54Z,88808fe92573e9cdf022cc15b9689b6b4b9429f60513c8897b0ba4c7,60.16897,24.95222,00000000aa852af1,16.1
25049,2019-08-04T12:41:54Z,89982a6acf91b79a282a6b63978e946ee205f303fcd20e944e06baf0,60.16544,24.95398,0000000038d83d41,23.56
25050,2019-08-04T12:41:54Z,9843c6216661048343a0e49cf3d8aa2883cf77f452666a1c873a1052,60.16448,24.97323,0000000053c6c2be,12.69
25051,2019-08-04T12:41:54Z,9fc0711d7e7722eff7faa0cb6f17846680c06515c1eb93dd49ebcf25,60.14699,24.922,00000000a53ed894,11.7
25052,2019-08-04T12:41:54Z,a91d379a4b57c5df22db0d7a041ff69f657b4b31f28554b1011fc03c,60.16544,24.95398,0000000038d83d41,25.36
25053,2019-08-04T12:41:54Z,af807b67ce09a2ce1744025c421961213f1608ca658ece4df69555a1,60.16762,24.95415,000000006b44cce7,8.38
25054,2019-08-04T12:41:54Z,b5fd6b317890e5ab2d79e2cd1abe61626d45a753c7337d0d40728898,60.16762,24.95415,000000006b44cce7,10.78
25055,2019-08-04T12:41:54Z,b6768ae226a93bce23852414e20866c7413513d067579c03ea883dfa,60.17065,24.93641,000000000f4919c9,18.79
25056,2019-08-04T12:41:54Z,bb98768dad0f7c52cf643f035a3e7e48f5cfe28557c66f2a75914b31,60.14699,24.922,00000000a53ed894,12.69
25057,2019-08-04T12:41:54Z,be41ebc5fb0d348fc1ef1166d44251c3112a78a4ea01aa980364ee7c,60.14699,24.922,00000000a53ed894,13.75
25058,2019-08-04T12:41:54Z,c40c37def6bf11a63a2556519a7c6233fd417cdeea2cf14f28e7c42c,60.16531,24.9442,00000000fdda10fe,18.79
25059,2019-08-04T12:41:54Z,c97eb4181394121907d47b908495f54e5ee5145ff790f7a1dc21b3cf,60.16897,24.95222,00000000aa852af1,13.75
25060,2019-08-04T12:41:54Z,ca6927628f5ddda20036865c9345ad93d476d62ade3b181de568eed6,60.16897,24.95222,00000000aa852af1,21.87
25061,2019-08-04T12:41:54Z,cf05623e4d87ce0906c0b0b7dbf53aacc1228016cd27c341228b6e76,60.18203,24.91341,00000000342570c2,18.79
25062,2019-08-04T12:41:54Z,cfc0bedb78ded52749db3188cb188bf6a250ef5990da9c5afa9623fc,60.14951,24.92138,0000000006dd41f6,18.79
25063,2019-08-04T12:41:54Z,d366aa1925472f34a389921734c1777d6d7c2e812b0f284d78697edf,60.1538,24.95595,0000000038bf9618,36.27
25064,2019-08-04T12:41:54Z,dcb7e8bb90af70568c12a902d706c70e1ac1213e31ba074756f0a27a,60.1538,24.95595,0000000038bf9618,20.28
25065,2019-08-04T12:41:54Z,ded49640b591e73bff71f84fb99d2739eb6c9554164a015017725e03,60.16829,24.94214,00000000afef4555,17.4
25066,2019-08-04T12:41:54Z,e8e366e76c97944e23c0f80b4fd3ce6e5832744922297146a49f0c7e,60.16762,24.95415,000000006b44cce7,9.12
25067,2019-08-04T12:41:54Z,e96bd269a48b822b06141c3362fcb6d5ed4d0d09a120f2e4a712d5c2,60.16897,24.95222,00000000aa852af1,14.89
25068,2019-08-04T12:41:54Z,ed70dda6b7faebd4340dacdb452ab224d9d3c308df417b7fa76f54e8,60.14951,24.92138,0000000006dd41f6,29.32
25069,2019-08-04T12:41:54Z,f088630d7476dae7d4b7e2bb1f10575f2c89acb4b6e061f3d57c2b40,60.16531,24.9442,00000000fdda10fe,29.32
25070,2019-08-04T12:41:54Z,f29ea15113ac0eea0be8ec41c633909de4b0b9ab6c7b9898b128080c,60.16897,24.95222,00000000aa852af1,21.87
25071,2019-08-04T12:41:54Z,f45ac1642ec7d40985b62d31f6c0f51f392a33080c7dc1f686f90067,60.1538,24.95595,0000000038bf9618,33.81
25072,2019-08-04T12:41:54Z,f6609ab1076b1105bb845595a03b41b8fbb282f79c337df5bbc9f841,60.14699,24.922,00000000a53ed894,9.92
25073,2019-08-04T12:41:54Z,f94dddacf96965952551200a02b41925bcd21402aceafb12f19931af,60.16075,24.95883,00000000f1124bca,17.4
25074,2019-08-04T12:41:54Z,fc4f3a44235f1cfc7b53f14ba2da599976a5a0a220d23b852688e485,60.17919,24.95181,000000007b5207b6,21.87
25075,2019-08-04T12:41:54Z,010298d620fbe80ab4f46c866c215217b2bf1fd12a2a67b9e56b4ce8,60.16829,24.94214,00000000afef4555,7.69
25076,2019-08-04T12:41:54Z,02a0c11101d94209b1945b117fe2f6c2e93cec0c5c8eb0d847b655cf,60.16531,24.9442,00000000fdda10fe,27.28
25077,2019-08-04T12:41:54Z,032e5d7621738a50c9e742e0cba13c819f7c67cedf8687f3ab25595c,60.16762,24.95415,000000006b44cce7,9.12
25078,2019-08-04T12:41:54Z,036c183505fea646b54aeb0c612913cafba94eca65e47d3c6d840a68,60.17918,24.95141,00000000675d5200,17.4
25079,2019-08-04T12:41:54Z,036d188b13531106628d1ea851fbe964903880d1a7b9265f672171b7,60.16762,24.95415,000000006b44cce7,18.79
25080,2019-08-04T12:41:54Z,04b5d29c48edaaf4904a98e412562e3c0d857eb20342cc7c323d4293,60.16762,24.95415,000000006b44cce7,9.92
25081,2019-08-04T12:41:54Z,04f35922a81b516e7028f61c6ff34faf6da85df0a5cfcefb6df1861f,60.149,24.9843,00000000fffb8cf0,17.4
25082,2019-08-04T12:41:54Z,05d441c83d2df822feaf93d7861452db7a201f22d84cfa36f421dfd2,60.16544,24.95398,0000000038d83d41,17.4
25083,2019-08-04T12:41:54Z,073c1eeb0d9e511743bae8d5b87b95a19017f59a1dc3597d8618a908,60.173,24.92524,0000000096918cfa,23.56
25084,2019-08-04T12:41:54Z,0745a2141a9beee786a347d3ee1b071719fd2f4abfeeab7f5248c0ad,60.14699,24.922,00000000a53ed894,31.5
25085,2019-08-04T12:41:54Z,076c28c1895ef1919c11113113c12655c546fc90a00800e5ebec5b56,60.14699,24.922,00000000a53ed894,5.41
25086,2019-08-04T12:41:54Z,07fa093f5dceb6043b0a8c9d8ad01c1bfdfe15d4b3071a26b747ea07,60.14699,24.922,00000000a53ed894,7.69
25087,2019-08-04T12:41:54Z,082bb64252a111bbbb2b4087bd115d2c38ac4660a73c922c72425120,60.16762,24.95415,000000006b44cce7,21.87
25088,2019-08-04T12:41:54Z,0947f9d6bb6c34e382e008052b704b6521ac4f7678a2e8a719bb574b,60.15432,24.9211,0000000019fb59c4,27.28
25089,2019-08-04T12:41:54Z,09e6b7d5a7a9e691d686fb405bc2bfe0c9e5d525b47385d9235575e3,60.16897,24.95222,00000000aa852af1,11.7
25090,2019-08-04T12:41:54Z,0a0acb70a8ef92be52a64d4425e70bb2f7a17d13942c3382c9d68878,60.149,24.9843,00000000fffb8cf0,2.08
25091,2019-08-04T12:41:54Z,0a5616e066b42895361324cfa8abef41d849a55e3e4bed429bab494b,60.16829,24.94214,00000000afef4555,12.69
25092,2019-08-04T12:41:54Z,0a5ed50daf13dd10744537aa851ac7ab1d34d9797ec6ab6e2402aebb,60.16762,24.95415,000000006b44cce7,3.74
25093,2019-08-04T12:41:54Z,0acb4bd7319729fea4acf035921d1136d86a307a60b4444669cede1a,60.14699,24.922,00000000a53ed894,6.46
25094,2019-08-04T12:41:54Z,0b0dd9af9d52c68ff71ce266d6707abbb0f56c3c63be0f83f7b5df9b,60.16762,24.95415,000000006b44cce7,4.94
25095,2019-08-04T12:41:54Z,0d3525b13d674f1645fdbe6d842fe37b2f416889c5472e9dfcc5445c,60.14947,24.91438,000000004ef3150d,7.05
25096,2019-08-04T12:41:54Z,0ef4d4e0ed1d5a16b616f3722210deaa1f3be532439fb707802f70a2,60.16075,24.95883,00000000f1124bca,12.69
25097,2019-08-04T12:41:54Z,10a99e791e27975dc1c9d73d3163cabacf3bd7bd05a4f7abf6365426,60.14699,24.922,00000000a53ed894,14.89
25098,2019-08-04T12:41:54Z,10caaea8002e8b3b342b32710efdd7305ff375ca1cdc01411f66b2f6,60.14699,24.922,00000000a53ed894,5.91
25099,2019-08-04T12:41:54Z,119268a2b328b466959e99158efc17d07641daf2eab0785f813707f9,60.16762,24.95415,000000006b44cce7,58.17
25100,2019-08-04T12:41:54Z,120a63917cb5ab619bf9a71328f14020736ee84e75d5b37278748def,60.16897,24.95222,00000000aa852af1,10.78
25101,2019-08-04T12:41:54Z,126ff8aee22cf123572b51282d01680aea0dac78d907b5100c430c50,60.14947,24.91438,000000004ef3150d,36.27
25102,2019-08-04T12:41:54Z,128df515b075ffc54794d311944f31b9b1c1132d182943a9880e5bc0,60.16544,24.95398,0000000038d83d41,23.56
25103,2019-08-04T12:41:54Z,13ee67fb034e3d24edc9a9618e9d6de24979ebbcb399f83abb02a897,60.14699,24.922,00000000a53ed894,9.12
25104,2019-08-04T12:41:54Z,1496ce9cf373a2a508a8ab0b7aa0604dd889fd69483881c3752219af,60.14699,24.922,00000000a53ed894,9.92
25105,2019-08-04T12:41:54Z,1515fbb735095b233eea332bf40cff9995758e9bd0ad60218875554b,60.14699,24.922,00000000a53ed894,9.92
25106,2019-08-04T12:41:54Z,1551f9fdd5a57b17be51babad39f807f04be4d340266c153eb860156,60.15432,24.9211,0000000019fb59c4,14.89
25107,2019-08-04T12:41:54Z,15ee12e5f9be00a79b0cbbc9912f51cbfa3e486624567e1bde938fb6,60.1538,24.95595,0000000038bf9618,20.28
25108,2019-08-04T12:41:54Z,161aa798c2a18e132fb27ecded773218ea4e42eabbd0e5794b1d7017,60.15432,24.9211,0000000019fb59c4,16.1
25109,2019-08-04T12:41:54Z,16ca2e50aab654110e1bb81e5e374133f99b7f103d24d5cc9635423c,60.16897,24.95222,00000000aa852af1,20.28
25110,2019-08-04T12:41:54Z,171a752ceacd35c6e27c36e67da80ba960a246c0977f0bdca139a472,60.14699,24.922,00000000a53ed894,23.56
25111,2019-08-04T12:41:54Z,1769031b7f4d75de0541e26427b9ecc92c84b80992e3b36bb8eb799e,60.16829,24.94214,00000000afef4555,5.41
25112,2019-08-04T12:41:54Z,17a8241bf128a683e281230fb8e97f6b45adaa7f9b4bb0f8aaa40240,60.16629,24.95957,00000000fb7600be,23.56
25113,2019-08-04T12:41:54Z,17af6ab252328066d6b13406084507dfa7a7f6db3030872e7f87223d,60.17065,24.93641,000000000f4919c9,33.81
25114,2019-08-04T12:41:54Z,1882b53729765cca25bc63400074242872d6fbc57882f131285b277f,60.16829,24.94214,00000000afef4555,5.41
25115,2019-08-04T12:41:54Z,194e6ced97ec114a37fe06d6d73fb687c057d411be476f1ea6f4852e,60.16897,24.95222,00000000aa852af1,16.1
25116,2019-08-04T12:41:54Z,197961cf403efacc6bdb07158a50753109701aba7a6e7cbf8502e1ee,60.14947,24.91438,000000004ef3150d,17.4
25117,2019-08-04T12:41:54Z,1a93dfa31156cee53b4bd527d8b74655a5da812b6933d8a86d871e47,60.14947,24.91438,000000004ef3150d,14.89
25118,2019-08-04T12:41:54Z,1aacd77e1fdbe1544cf1ab29a00642d77ce4a075e388e8a2108aa39b,60.16829,24.94214,00000000afef4555,13.75
25119,2019-08-04T12:41:54Z,1ad0b84716a79851fa8db7a993012f0c8e496d6cba9d028a546285a2,60.16897,24.95222,00000000aa852af1,9.12
25120,2019-08-04T12:41:54Z,1b3fba902b8d1538b508cdc228fd15fdd87f5aecb68e5611b1a4e354,60.16762,24.95415,000000006b44cce7,3.09
25121,2019-08-04T12:41:54Z,1b577cccfa28c7e2d4591ce0886d0b8c3669b5778a6061c908240f73,60.14947,24.91438,000000004ef3150d,2.8
25122,2019-08-04T12:41:54Z,1bcef866fafad7c7460a084e0b0d27c087b549f4ae704390708be47e,60.149,24.9843,00000000fffb8cf0,7.69
25123,2019-08-04T12:41:54Z,1c13175307f58b1bf07c8838e26a2f5d0fd5b21a7517c0b4f4e6bd8f,60.1538,24.95595,0000000038bf9618,27.28
25124,2019-08-04T12:41:54Z,1c669457535e4635f732c228ec524f9d2c440b0d2132fa1acd93122a,60.16897,24.95222,00000000aa852af1,18.79
25125,2019-08-04T12:41:54Z,1c7ccd5d6570d98e57ef2ebbd716b7504b138f9bb616fbeaa0d1a268,60.14699,24.922,00000000a53ed894,9.92
25126,2019-08-04T12:41:54Z,1d4841b6905c46f3c38f79540bae2a88a4e660692149506c0db9da33,60.15432,24.9211,0000000019fb59c4,25.36
25127,2019-08-04T12:41:54Z,1dacfb371d75dd4f90f447aac2a00faad98beb4188a6971c19eb2375,60.16629,24.95957,00000000fb7600be,23.56
25128,2019-08-04T12:41:54Z,1e24a2120b13c780dbb3a67a73f5058d1847f126fd5f5952e6dddcd3,60.16075,24.95883,00000000f1124bca,21.87
25129,2019-08-04T12:41:54Z,1ec58e626d2335aeeaa7c7d8f715d4334274dbd43448fb62c3901ef6,60.16829,24.94214,00000000afef4555,21.87
25130,2019-08-04T12:41:54Z,1f74037ecab4dbdc5db1a8dc8b583a86630f86a5f2d0a5167b7fa605,60.18203,24.91341,00000000342570c2,16.1
25131,2019-08-04T12:41:54Z,1f81ed7274add201d3059d4a37e2bbe86b6ae1f0fd42a16d7b8dccaa,60.14699,24.922,00000000a53ed894,7.69
25132,2019-08-04T12:41:54Z,1faaaeff6423708e06d94b904af4be93e399939fbdfd3b3091dc8bd2,60.15432,24.9211,0000000019fb59c4,13.75
25133,2019-08-04T12:41:54Z,203a0c145a43c9a18f8c2a5ba4e18882e7430662bb4ac0e56ab37578,60.17065,24.93641,000000000f4919c9,10.78
25134,2019-08-04T12:41:54Z,20ac7b2ace7c0038aa8df01b9281a9c54f1551fc8ab9b662b1f1ca22,60.18203,24.91341,00000000342570c2,33.81
25135,2019-08-04T12:41:54Z,21bdc11bb63fb48c9d4b5308540ee5df579c9a385001a10fceeeedf3,60.14699,24.922,00000000a53ed894,7.69
25136,2019-08-04T12:41:54Z,21eb94b10f042f4f21566d3ee27d800fb6d899071739c0c5c1fa7af0,60.14699,24.922,00000000a53ed894,20.28
25137,2019-08-04T12:41:54Z,21eed3ade733687b8f56fade8290819b7c6b4a9f38468979fe692c3e,60.16762,24.95415,000000006b44cce7,8.38
25138,2019-08-04T12:41:54Z,2204ba387d2db0e7d2ca03f7ace46abff8d141668b73c75a1879d7ba,60.14947,24.91438,000000004ef3150d,10.78
25139,2019-08-04T12:41:54Z,22fe9a06fba1036e8eafd726bc450095b1893be067f475e1882bb704,60.14699,24.922,00000000a53ed894,8.38
25140,2019-08-04T12:41:54Z,231026899a6d5b326cb5b1e38b182ca1acb77c7e27bc2378973b29db,60.16629,24.95957,00000000fb7600be,12.69
25141,2019-08-04T12:41:54Z,23337c2812924a07e4f0bbc92e56d1f85ea40208b6b987f4afc686cf,60.16897,24.95222,00000000aa852af1,9.12
25142,2019-08-04T12:41:54Z,247f8b2fe544f61677fce4b7f300f6be0c3fa9f5a9f057cc0a4b2111,60.16762,24.95415,000000006b44cce7,12.69
25143,2019-08-04T12:41:54Z,250f7cf6c6d1296e84c45fb8621a0704eb5243471980b5187dc40cdd,60.14699,24.922,00000000a53ed894,9.92
25144,2019-08-04T12:41:54Z,2607d1b2fc6e31a80348fffbed68a7d3a8e0212f197f2d1c573c587b,60.14947,24.91438,000000004ef3150d,7.05
25145,2019-08-04T12:41:54Z,269124e75b1e74a7c7dc93b778e02f04d0a53e069a90081c0938ee4c,60.14699,24.922,00000000a53ed894,16.1
25146,2019-08-04T12:41:54Z,2838eddb482a9bc77b0b867352020e2cbfb71e85aaa1d61307e85f3d,60.14947,24.91438,000000004ef3150d,11.7
25147,2019-08-04T12:41:54Z,28b43564f7156b67db7cb7b779e948986d7610f921490f9030379704,60.16897,24.95222,00000000aa852af1,18.79
25148,2019-08-04T12:41:54Z,28d2c3282e9f8fec67baec7992dcd800c45b67071e33cb118905a6b3,60.16829,24.94214,00000000afef4555,7.69
25149,2019-08-04T12:41:54Z,2969cdb120f2d285c556abfe5bac2f8090571f61aba227a474a534d2,60.17065,24.93641,000000000f4919c9,7.69
25150,2019-08-04T12:41:54Z,29a1ee6c0907a00ec6b6dcbb187f5c31d1a11b261aabd339210ee013,60.16897,24.95222,00000000aa852af1,23.56
25151,2019-08-04T12:41:54Z,2a061d8ed35a3fbf83e9825d7870dd78d31ff54e3de0f194d792fc95,60.16762,24.95415,000000006b44cce7,16.1
25152,2019-08-04T12:41:54Z,2a767d6875ef5fa533a2eb311aafaab1d857135cf6da5786d2407a49,60.14699,24.922,00000000a53ed894,5.91
25153,2019-08-04T12:41:54Z,2ee2e108ed9051b1ccf4d3ee89931dfd53170af0b558fa6579b83e8d,60.15432,24.9211,0000000019fb59c4,6.46
25154,2019-08-04T12:41:54Z,30a6bed86e2e8cacef2646dd90a47eccb0b7a11d9db2ac916c89cefd,60.16829,24.94214,00000000afef4555,16.1
25155,2019-08-04T12:41:54Z,32708990f2c831e65f70f2682baf5188fc93348b9a9e78ada8db2bf4,60.14947,24.91438,000000004ef3150d,5.91
25156,2019-08-04T12:41:54Z,32f77f5019e5fce30881c214487361e2e34b8c93277f6e546de72012,60.1638,24.96846,00000000d747f075,36.27
25157,2019-08-04T12:41:54Z,33634cb1e3fc5d4a621e8717d203da8533ed27531a70c6cbe3abf3fa,60.16762,24.95415,000000006b44cce7,1.54
25158,2019-08-04T12:41:54Z,33ec502792a84f23fed03cf16e483d153c65e2850a2549f47034726a,60.16762,24.95415,000000006b44cce7,9.92
25159,2019-08-04T12:41:54Z,347c2747f8b58cdc6f96b541d1a35f2c0e182b542706a38e0ce7ef4a,60.149,24.9843,00000000fffb8cf0,13.75
25160,2019-08-04T12:41:54Z,349dd839e41cff363cc4b935496e52b93be15233e508aa82987859bd,60.16075,24.95883,00000000f1124bca,18.79
25161,2019-08-04T12:41:54Z,352427714fc6e8591df6bd227dde05d3b7ba0881742eee4ae750dcc4,60.15432,24.9211,0000000019fb59c4,23.56
25162,2019-08-04T12:41:54Z,358d7986d5bf2a0624fb1412a157b3c7b12f90653457e15a76bbdf50,60.16629,24.95957,00000000fb7600be,29.32
25163,2019-08-04T12:41:54Z,35a958343879c000cfc3f0c01afbc7d54934265828677bf4aefef84f,60.14699,24.922,00000000a53ed894,16.1
25164,2019-08-04T12:41:54Z,35e6e075578d7a51e510bf8904bde33f1d117264eea0917db98d4808,60.16897,24.95222,00000000aa852af1,9.92
25165,2019-08-04T12:41:54Z,36ac881c69da50c52f9930ba957c471ef37589fd6826f4dc4c14b85e,60.16544,24.95398,0000000038d83d41,23.56
25166,2019-08-04T12:41:54Z,36f876050503d244f74f3cbadcef716904eb2b245190d474b0cfa794,60.16762,24.95415,000000006b44cce7,1.12
25167,2019-08-04T12:41:54Z,3721331dbb97151d17938ed835ffc7208eba26fba6100c62870a3a4f,60.14947,24.91438,000000004ef3150d,7.05
25168,2019-08-04T12:41:54Z,37945fa4e7409fab98aa8bde45081f5bd083def0059485274ad552c0,60.17919,24.95181,000000007b5207b6,9.12
25169,2019-08-04T12:41:54Z,37b4192b51c9589b8791bc2e9f830dd541c0e77fd03e7a85a51b68e5,60.16544,24.95398,0000000038d83d41,27.28
25170,2019-08-04T12:41:54Z,37c5fa285cfc1de3c5363b53a2909ca0f43381a381ee6fc132d5ba8f,60.16897,24.95222,00000000aa852af1,20.28
25171,2019-08-04T12:41:54Z,38c90c54ec8f56ae2ee5c79f21130a2254d870968839584fc423f1d2,60.14699,24.922,00000000a53ed894,21.87
25172,2019-08-04T12:41:54Z,38e15f5aeb58c22ca456fc4d3a14f3b4d9f1fac43de070d2565eb1d3,60.16897,24.95222,00000000aa852af1,25.36
25173,2019-08-04T12:41:54Z,39310ebca1ad756aa2bfcb16c912cb7003ef3e7286a1f037603ade61,60.14699,24.922,00000000a53ed894,16.1
25174,2019-08-04T12:41:54Z,39f03a3a5fd777feee270921a7f51daec12ea679b542b0aaf2e808d7,60.149,24.9843,00000000fffb8cf0,9.12
25175,2019-08-04T12:41:54Z,3a6ce73ea4c03a14fc0d3d099e4698d3c1051a2e8e4bd552d5de394d,60.14947,24.91438,000000004ef3150d,5.91
25176,2019-08-04T12:41:54Z,3b73bf57d223bcb9b930ee8619e6603e52485b221389c64d85614baf,60.16897,24.95222,00000000aa852af1,31.5
25177,2019-08-04T12:41:54Z,3d26e1d1c042133ccb16301bbada637dd3dea1623426336738e0f1c0,60.149,24.9843,00000000fffb8cf0,38.87
25178,2019-08-04T12:41:54Z,3e4965f1ed580ddf80246b1b78cbc55b73c11d67573d9cede2a7ccf7,60.16829,24.94214,00000000afef4555,12.69
25179,2019-08-04T12:41:54Z,3e99999f43f3bd9e105e735eeb92531a4301e7f258c90535acfba9ae,60.16531,24.9442,00000000fdda10fe,29.32
25180,2019-08-04T12:41:54Z,3ea5c91c32a318cb798767914dd025c2791a8c19e81c10c22f649247,60.18203,24.91341,00000000342570c2,29.32
25181,2019-08-04T12:41:54Z,3ec0a34310840b3aa1aa32a3f2bffbe426e91a242dc6eb5c1e86bba7,60.16448,24.97323,0000000053c6c2be,21.87
25182,2019-08-04T12:41:54Z,3ef78c4485a99bfa3d5e1df620f767b22e6c6583cefd990dee77f784,60.16762,24.95415,000000006b44cce7,18.79
25183,2019-08-04T12:41:54Z,3f395809cdaaaa1688c7d1cc770079bbf7ef1349e148bec5c8eacd57,60.16762,24.95415,000000006b44cce7,10.78
25184,2019-08-04T12:41:54Z,3ffe89aa6ab1e57883e21fa8f15969f46a5f487bccb2b993eadb3cfb,60.14699,24.922,00000000a53ed894,11.7
25185,2019-08-04T12:41:54Z,429295e322e9f143f79e9a6340e4974858aa9aa2f5ed6e8512dd00cd,60.14699,24.922,00000000a53ed894,23.56
25186,2019-08-04T12:41:54Z,429363aca20efd1e564b3ac367b9eb4702cce1afbe6a22dccb543a7f,60.16075,24.95883,00000000f1124bca,16.1
25187,2019-08-04T12:41:54Z,42d4eb6044091814f327d0b01dc9ae701506417af1a8ab7f4161650d,60.14951,24.92138,0000000006dd41f6,21.87
25188,2019-08-04T12:41:54Z,431375be6b9405ef55878f3aa0bb5dd6a35db8ba650a2bce05081c49,60.14947,24.91438,000000004ef3150d,16.1
25189,2019-08-04T12:41:54Z,43e1eab7f64d16e44a7ba2981efebc2152360e3841e16957d99a2e4e,60.14947,24.91438,000000004ef3150d,18.79
25190,2019-08-04T12:41:54Z,4533d27e96c5c6637ddff4243672d658fea4004970652882357105a9,60.14699,24.922,00000000a53ed894,16.1
25191,2019-08-04T12:41:54Z,459ee564ad7aca128b70ae089395378da384eb1ff35cefde7d7f5736,60.16829,24.94214,00000000afef4555,20.28
25192,2019-08-04T12:41:54Z,4602ff9d03f6bf4fbb82976098cc1c73e7a7e754050401c772d1406e,60.14947,24.91438,000000004ef3150d,4.11
25193,2019-08-04T12:41:54Z,467a01a257fbaad22bd4aebafc8f284c9ad3effc429475e57c214e9d,60.14699,24.922,00000000a53ed894,11.7
25194,2019-08-04T12:41:54Z,47bc9ff9097f9ef5f1862e48b4a42f6a9ddd30c4ef2b6eb43291a7a5,60.14699,24.922,00000000a53ed894,14.89
25195,2019-08-04T12:41:54Z,47cde44e4ddbf6c70162fa882eee962e7c3e2a037b650294ec46568f,60.14947,24.91438,000000004ef3150d,5.41
25196,2019-08-04T12:41:54Z,48f665ebb1a71b0d84fc02bd71918c5ab5608328db534639cbd2a255,60.14947,24.91438,000000004ef3150d,3.09
25197,2019-08-04T12:41:54Z,49b87a1513c75afd4d05b1b8429f6697a2262af944de3e385700f99f,60.14951,24.92138,0000000006dd41f6,25.36
25198,2019-08-04T12:41:54Z,4a565a7be2bb822523480c6ca86154a466bf189290f87a0ef118f8b7,60.149,24.9843,00000000fffb8cf0,29.32
25199,2019-08-04T12:41:54Z,4aff8c41b8c3f924b9b765007cf6f0f148e9fdc4dfad6299b17f6f71,60.16762,24.95415,000000006b44cce7,11.7
25200,2019-08-04T12:41:54Z,4b1050cc517631e36206d3528399c0b14748daec8c7d1b5dfa412299,60.15432,24.9211,0000000019fb59c4,2.8
25201,2019-08-04T12:41:54Z,4b2a241d832696fc878ceb269b0fbf4987989a0c3109bd2e8ac08170,60.16897,24.95222,00000000aa852af1,21.87
25202,2019-08-04T12:41:54Z,4b85388cdaec2b4c15b546160ee326d9668a5e5d3c7b08d0c539946e,60.17919,24.95181,000000007b5207b6,9.12
25203,2019-08-04T12:41:54Z,4be50f3eb033f3f46e3069049c8e0a34dc8a2607741c1764369ba4c2,60.16762,24.95415,000000006b44cce7,9.12
25204,2019-08-04T12:41:54Z,4cadc8cc23fd84febb6a8383030a34c97b3388a8c9ed7a64cc0f51a6,60.14947,24.91438,000000004ef3150d,13.75
25205,2019-08-04T12:41:54Z,4d4115f2971578ddc2428be944e2954c9e9a5472a818ec1805a022b2,60.149,24.9843,00000000fffb8cf0,8.38
25206,2019-08-04T12:41:54Z,4ebdb6165c5d4892cdc21711313b98b1545bececfb886192c6f0ef22,60.16762,24.95415,000000006b44cce7,9.92
25207,2019-08-04T12:41:54Z,4f3e7e318758c4e12c5f1a7fa243eb8a9e99dba13505ec56cdd71cdb,60.16544,24.95398,0000000038d83d41,38.87
25208,2019-08-04T12:41:54Z,4f4940c5c77737c5b8f2fbd5a1b65886ea5f6e0e4fcd50447e11ce21,60.16075,24.95883,00000000f1124bca,21.87
25209,2019-08-04T12:41:54Z,4f93e95b96f69cefa42bba16e15af19b9c451693070e117b208ea068,60.16075,24.95883,00000000f1124bca,29.32
25210,2019-08-04T12:41:54Z,50e21d119f102cee2afe3ac7f1a32032527638769b05aca582d6ecb1,60.16762,24.95415,000000006b44cce7,9.12
25211,2019-08-04T12:41:54Z,514a3981fad6c695ac4940f09374b5d1c2e84d2ca835084ef8707714,60.16075,24.95883,00000000f1124bca,4.5
25212,2019-08-04T12:41:54Z,51b3c7870a399165f0d1d14f7d21688df32b0360f9cc6f3ca61890d8,60.16829,24.94214,00000000afef4555,6.46
25213,2019-08-04T12:41:54Z,52072bd384eaaf4a6958af5510ed039d194dee47f34667bc7bccbe0e,60.14699,24.922,00000000a53ed894,8.38
25214,2019-08-04T12:41:54Z,5274280f7558ea562d9ce825000efc025d2de6b91c62614cb68df2b1,60.14947,24.91438,000000004ef3150d,12.69
25215,2019-08-04T12:41:54Z,52f0e69ca7a5cebe604c1f32308dc7f8870d1d85cd4b25ad17f706e9,60.14699,24.922,00000000a53ed894,8.38
25216,2019-08-04T12:41:54Z,5399ca5a9abed7a5da7a71e85cbeae837e42ee1dc94852ba2c16bcd1,60.173,24.92524,0000000096918cfa,25.36
25217,2019-08-04T12:41:54Z,54065d53a62079540c4be1e19eafa5dd581e8ec35da0c31844438e0b,60.149,24.9843,00000000fffb8cf0,10.78
25218,2019-08-04T12:41:54Z,552e7d20be831c5ebfa503ba78ed542d6ece4ecad264308d5dc37a31,60.14699,24.922,00000000a53ed894,20.28
25219,2019-08-04T12:41:54Z,5554305bad43a71cf98d83e92708c7474c1efc189392c1ea94231e9c,60.16531,24.9442,00000000fdda10fe,4.11
25220,2019-08-04T12:41:54Z,560205233dc9b13886248fb6e54ee21dc3b287080072641e01e08dac,60.16075,24.95883,00000000f1124bca,20.28
25221,2019-08-04T12:41:54Z,56b8eace741e5227a40ea0a64601a737648080c63d6240b0dca632c4,60.16075,24.95883,00000000f1124bca,23.56
25222,2019-08-04T12:41:54Z,56ca4c1159970bc147ac16d2850f970c56a965ebf9df171c61af2d0e,60.16762,24.95415,000000006b44cce7,21.87
25223,2019-08-04T12:41:54Z,570dc61d53aec66ede39dfde66339640878453afc00cd1a55c60bca7,60.16544,24.95398,0000000038d83d41,21.87
25224,2019-08-04T12:41:54Z,571934189bf349efb6f596e76c21612cf9b82ed44913090169936048,60.17065,24.93641,000000000f4919c9,10.78
25225,2019-08-04T12:41:54Z,571e65d939060a58396de22fc44d8842fc9de986824670ad765ec596,60.16762,24.95415,000000006b44cce7,4.11
25226,2019-08-04T12:41:54Z,57bb8beeec6904b9a5cfe83c4ff9a80e63157780137f03de2a4152d3,60.16762,24.95415,000000006b44cce7,7.05
25227,2019-08-04T12:41:54Z,57f88614f91a133004ac1a6dea31a4090f899646a5f62ece691d87af,60.16762,24.95415,000000006b44cce7,4.94
25228,2019-08-04T12:41:54Z,58411163d307bb308f9c94a9720e9ce5ab0ce4f5617cd2b1fcc2037a,60.16762,24.95415,000000006b44cce7,14.89
25229,2019-08-04T12:41:54Z,584cb0b0cdd14e608c8b57c8aecc9826f9b40027e365e2438a444ea2,60.16762,24.95415,000000006b44cce7,12.69
25230,2019-08-04T12:41:54Z,5966e39260804b1e804f63b354a53470a1f621ac8e68afdd522a565f,60.17002,24.94407,000000006b087f40,20.28
25231,2019-08-04T12:41:54Z,59877ef284214dfe0b2c083f64189c5fcf63aeff32538e30c60294fb,60.14699,24.922,00000000a53ed894,25.36
25232,2019-08-04T12:41:54Z,59b01cbdec8ff06fa6d50bac00c3f5f4c45132fc8a62800c08df5d6a,60.16629,24.95957,00000000fb7600be,18.79
25233,2019-08-04T12:41:54Z,5b21511f00a23b33dc791787155b6f890ab1949e3c9a42448c765d19,60.16829,24.94214,00000000afef4555,27.28
25234,2019-08-04T12:41:54Z,5bb54a365362fc3a1d1e4b4421c7b020c45f3274d1393340a1f89eb5,60.16762,24.95415,000000006b44cce7,17.4
25235,2019-08-04T12:41:54Z,5bbb03fd7db8dd6ddb6cf3e308c02476b0b549e3a4b28867cd8a89b3,60.14947,24.91438,000000004ef3150d,14.89
25236,2019-08-04T12:41:54Z,5bc8610f198c0ab38e4e89fd7f4828d032ca2a6ef97c2a17c79e296f,60.14699,24.922,00000000a53ed894,27.28
25237,2019-08-04T12:41:54Z,5c160268bc9b4b619181ce421d9e58c258e6b59a342945fc29f0004b,60.14947,24.91438,000000004ef3150d,6.46
25238,2019-08-04T12:41:54Z,5d70086d53447ee393249cef33c7bae814c1d7c2e3055fc91b38786c,60.17919,24.95181,000000007b5207b6,7.05
25239,2019-08-04T12:41:54Z,5e7916ca910b02abf2d19906759663c23db63950a353fa546f55c8af,60.14699,24.922,00000000a53ed894,6.46
25240,2019-08-04T12:41:54Z,5ea49ba4de68e03664ec3a87f5de32434d7136b4f8323f022ff9df5b,60.16829,24.94214,00000000afef4555,12.69
25241,2019-08-04T12:41:54Z,5ee175437c5a15756f66cae8cf9172e291d462123de1bd59ae7a103b,60.16897,24.95222,00000000aa852af1,9.92
25242,2019-08-04T12:41:54Z,5f3a358ea7ec56dfb2271af72ef34416785e497a3653bfb75ef822c3,60.16829,24.94214,00000000afef4555,27.28
25243,2019-08-04T12:41:54Z,604a02f00cf5d2e059c26ee48a07cd30e608c4b00f17f447c028da58,60.16762,24.95415,000000006b44cce7,18.79
25244,2019-08-04T12:41:54Z,60d5c11436b72dd4eb673f606bddc3f8f36675342cba015b9297155f,60.16448,24.97323,0000000053c6c2be,9.92
25245,2019-08-04T12:41:54Z,60d7fd34e511ad1565b92db2fbb5ef2908f7a273acceda524945e86e,60.16075,24.95883,00000000f1124bca,14.89
25246,2019-08-04T12:41:54Z,60d9b71ec38b796bf876dedfaf3112b49ff79677480c7603902857ae,60.14947,24.91438,000000004ef3150d,14.89
25247,2019-08-04T12:41:54Z,614ab7fba7255f6bf6f888e9a04d589962f756b3f427e658f10014f2,60.16075,24.95883,00000000f1124bca,8.38
25248,2019-08-04T12:41:54Z,62916b0c2a8ebabb938b5e97cb14eb89b2b32936d3fad04025ad5854,60.17002,24.94407,000000006b087f40,7.05
25249,2019-08-04T12:41:54Z,62a6fe2d9b3b5b4533c51253f8842428bd797b3c6a95a7816ec472ed,60.14947,24.91438,000000004ef3150d,7.69
25250,2019-08-04T12:41:54Z,63defb71d4c3856253a0a2d67a5c370b91ad0527703b334a63fe5344,60.14947,24.91438,000000004ef3150d,5.91
25251,2019-08-04T12:41:54Z,64394b1287e19738900f57d5c7483e02866e40bc8241fc6f6fbecbcb,60.16762,24.95415,000000006b44cce7,5.41
25252,2019-08-04T12:41:54Z,643ef3f01a51bea3c4510d4060a945cd510e5189236d68f5c9489034,60.16829,24.94214,00000000afef4555,1.38
25253,2019-08-04T12:41:54Z,64638a9f9e6c9b32fc4b484b55e4934fcab6cb04605cc76d5f5534b7,60.17065,24.93641,000000000f4919c9,20.28
25254,2019-08-04T12:41:54Z,64e34af775b57908b23056a31d60ef3b005941f2e7c3db0c49df675d,60.17065,24.93641,000000000f4919c9,3.4
25255,2019-08-04T12:41:54Z,6516a10850095847a8156717b0fba05a9bdc9b5bfedd691ddb07f119,60.14699,24.922,00000000a53ed894,18.79
25256,2019-08-04T12:41:54Z,6525cc634176c25187e68e0d067bcfecfd78e399e93db4ee9d408b7e,60.17919,24.95181,000000007b5207b6,16.1
25257,2019-08-04T12:41:54Z,65b3adca9ee7adbad7277ff62bf8d0019944180762113925a4e71d95,60.149,24.9843,00000000fffb8cf0,16.1
25258,2019-08-04T12:41:54Z,65de3b8621fadfc61e9d3657dc477ea9867f9d093f80cf0857dcad88,60.16762,24.95415,000000006b44cce7,9.12
25259,2019-08-04T12:41:54Z,6723bebaab92d1a9f8b4318fd4f497a6dec6d7f8e0eafca443925213,60.16075,24.95883,00000000f1124bca,2.08
25260,2019-08-04T12:41:54Z,67591d427f60ba3c369ac0d78088fca7be33081501508d16401dd6cb,60.16762,24.95415,000000006b44cce7,2.8
25261,2019-08-04T12:41:54Z,6774ed72eaf69d7c4aaeeef90990f969954155bbcc52652e75e7deef,60.16829,24.94214,00000000afef4555,8.38
25262,2019-08-04T12:41:54Z,677c53ae4056d6cb123ca576ba5284664b1c7e3e88818bd19b5dd99a,60.17919,24.95181,000000007b5207b6,20.28
25263,2019-08-04T12:41:54Z,698b200b63a644828a7314691a16af2af1bccef75d52abb5591a5542,60.14699,24.922,00000000a53ed894,17.4
25264,2019-08-04T12:41:54Z,6b6668d7ebecfb96a6ed3ca19e97f8da150943ddf1d034675d08a9b8,60.14699,24.922,00000000a53ed894,16.1
25265,2019-08-04T12:41:54Z,6b97071051ccf5db7e5ebee033d4f68d58ed6917ff2fac5b205a6605,60.17065,24.93641,000000000f4919c9,18.79
25266,2019-08-04T12:41:54Z,6c7e018abdf8462af7c7b003bc30f915184f7082e9e865a2c502eed5,60.14699,24.922,00000000a53ed894,12.69
25267,2019-08-04T12:41:54Z,6f3dd17e40daabb4efe868f1b859dc00ecc01846f0a0e2b8db5d1413,60.17918,24.95141,00000000675d5200,18.79
25268,2019-08-04T12:41:54Z,6fdfc33c6b609ea80b4a38ecf657bc68b7bf659752b51edcc22ffb54,60.16762,24.95415,000000006b44cce7,8.38
25269,2019-08-04T12:41:54Z,6ff93560ca77c6e5a25bc7441cf33cf7fa0138b3da4d99b2dbf5531b,60.14947,24.91438,000000004ef3150d,16.1
25270,2019-08-04T12:41:54Z,70c56152af84cf1bad4d19b0cb31202232b4cd4320ce5ea48895e42b,60.14947,24.91438,000000004ef3150d,13.75
25271,2019-08-04T12:41:54Z,71479e7c1c4fd96468f16800ff04484480c76e0953d2074500b0df31,60.17919,24.95181,000000007b5207b6,16.1
25272,2019-08-04T12:41:54Z,733618d50499022af0ec3b91abdc93b6f3f252adb6891da4956ba4fb,60.15432,24.9211,0000000019fb59c4,23.56
25273,2019-08-04T12:41:54Z,733f21ebebe353e10a55a74b40a0a480e6d276334d4f3d8bcf85b711,60.16075,24.95883,00000000f1124bca,16.1
25274,2019-08-04T12:41:54Z,759f94c852ff15ca91c3138913c3858c4801702f8f0514ae82fb2a19,60.16897,24.95222,00000000aa852af1,13.75
25275,2019-08-04T12:41:54Z,7664b7f08aaa059ecf6646a595c33fae0c80715febe63e31f45a4662,60.16762,24.95415,000000006b44cce7,3.4
25276,2019-08-04T12:41:54Z,773cde2fe905572767422dd8f7b13c6579d615ef03314b665c7bf40f,60.16762,24.95415,000000006b44cce7,9.92
25277,2019-08-04T12:41:54Z,777cceac7be6303a1c82f7cc68061528b01e3aa1b3aa6481cad9e5e3,60.16075,24.95883,00000000f1124bca,4.94
25278,2019-08-04T12:41:54Z,77a12194b9a6789f4b2b8c07ae7fce3c2b531cb221e5fa7ca5deae55,60.16897,24.95222,00000000aa852af1,9.92
25279,2019-08-04T12:41:54Z,79bde23c1a8980f93a65e14306f0d8ea89e164430d8b991e2bfee82e,60.16531,24.9442,00000000fdda10fe,14.89
25280,2019-08-04T12:41:54Z,7a4a06d20ebe57d94e5fceeaf47d5b56ad9a515818e9c20e21a80e61,60.16629,24.95957,00000000fb7600be,13.75
25281,2019-08-04T12:41:54Z,7a97375000483176c3b37cc0d1744a950d9b322ce3534208fce0b21d,60.14699,24.922,00000000a53ed894,16.1
25282,2019-08-04T12:41:54Z,7ab335e046f7f3597f8f615a90857885e35cfecefebd5d24bbf0af90,60.16075,24.95883,00000000f1124bca,12.69
25283,2019-08-04T12:41:54Z,7ad93fed82e41ea4422fa101badc698b0328c3ebf0f6b73c5164d438,60.16897,24.95222,00000000aa852af1,10.78
25284,2019-08-04T12:41:54Z,7af6672e274ebe27cdb785373a857fc5bcad92a386c36dbe3221d4f4,60.14947,24.91438,000000004ef3150d,3.74
25285,2019-08-04T12:41:54Z,7b61dc50070867948abbe5275032ae82e7643ca4158a809fe41a8b69,60.14699,24.922,00000000a53ed894,17.4
25286,2019-08-04T12:41:54Z,7be762f58d54665c5e6668eb2fb3eae7201522ddff196bbc5eb731f0,60.14947,24.91438,000000004ef3150d,14.89
25287,2019-08-04T12:41:54Z,7d9a3d84c09c3a8d6876389e216e0278048d6b924890fb275a078ffb,60.16531,24.9442,00000000fdda10fe,0.5
25288,2019-08-04T12:41:54Z,7e76449e59f1e3a1a615b54408115353fbb14d815390d03a73b1a7bb,60.14947,24.91438,000000004ef3150d,13.75
25289,2019-08-04T12:41:54Z,7ee87b87cf01698f643e1ba3117b245039edc811605df5dc802e7576,60.14947,24.91438,000000004ef3150d,10.78
25290,2019-08-04T12:41:54Z,7f2f97e26d55f653ed70260ea4f893d01a3984cbdf6d7a3bfb2641de,60.16829,24.94214,00000000afef4555,17.4
25291,2019-08-04T12:41:54Z,7f3c9dd2c7352cb81fb186a7d700841d2bcb47cd8ea0d5f8719b5908,60.16762,24.95415,000000006b44cce7,9.12
25292,2019-08-04T12:41:54Z,7f786ec8e06f1ca3bdd10fc60d0114baf354125b8f6cf796d197f4cc,60.16075,24.95883,00000000f1124bca,4.11
25293,2019-08-04T12:41:54Z,80cbcb887f3e351e3bef7c5f53dccc578cc3494feec514aed7015c0d,60.16075,24.95883,00000000f1124bca,5.91
25294,2019-08-04T12:41:54Z,80cc39b04598f971820e63498fd27ae72a12a45a60c220fe625b282a,60.14699,24.922,00000000a53ed894,7.69
25295,2019-08-04T12:41:54Z,8164c6a1ba8bb70b66a8eb236262d7f6defe7d476295595f37375f95,60.173,24.92524,0000000096918cfa,33.81
25296,2019-08-04T12:41:54Z,82411c6526228322a61f59259f13adf7cde62bd767587b6735867705,60.17919,24.95181,000000007b5207b6,10.78
25297,2019-08-04T12:41:54Z,83073c017c8293e4b6eab781fbc2147fafa144d33b3618abd1ae5d90,60.17065,24.93641,000000000f4919c9,36.27
25298,2019-08-04T12:41:54Z,83121a75723643c48e3c3b0a3ea5fccb532046432ca445833e8de06a,60.16762,24.95415,000000006b44cce7,1.12
25299,2019-08-04T12:41:54Z,848fe01e24ccc782e5968171f53ea31d28f20a455c45d8bac8fb7374,60.173,24.92524,0000000096918cfa,12.69
25300,2019-08-04T12:41:54Z,849a662d95d4185421aff7c6213ba5d7b84cfc58c9fb30ff34054e4c,60.16075,24.95883,00000000f1124bca,9.12
25301,2019-08-04T12:41:54Z,859b417d0b562f5c4ab33c3877c95cd7cbb332db91dcd0f4e7a4f3b6,60.14699,24.922,00000000a53ed894,9.12
25302,2019-08-04T12:41:54Z,85d67c3be46ecb66832dfd9090a931e1be3dd056f718ea6786622131,60.16897,24.95222,00000000aa852af1,20.28
25303,2019-08-04T12:41:54Z,868cd7608ed6beb209db2aad8c71f56b8aec3a6b453be18e4af217a2,60.17065,24.93641,000000000f4919c9,20.28
25304,2019-08-04T12:41:54Z,87bb1abe21abfcb5e5c2039e579cff7ca863a6019207db356de5b7c2,60.14699,24.922,00000000a53ed894,21.87
25305,2019-08-04T12:41:54Z,87cbb5265cd1cc3213ddb5ed9ed2a599ddb7db0b0747121d649b0ae3,60.16544,24.95398,0000000038d83d41,20.28
25306,2019-08-04T12:41:54Z,8822ffe19dec49fe874ac377de5a0504e931e342ecc1f5b1fcb939e5,60.16897,24.95222,00000000aa852af1,18.79
25307,2019-08-04T12:41:54Z,8829e285e51c0d4af122465705662b6c54ff8df31b75e657e5d57b48,60.16829,24.94214,00000000afef4555,20.28
25308,2019-08-04T12:41:54Z,885bcc6af7d0aa9718fe1030e32ffff1de5171ae5ef67cf0011874fb,60.14947,24.91438,000000004ef3150d,7.69
25309,2019-08-04T12:41:54Z,896f7e896dc6f1ea44b82bf968a988cc10c358ee34821d9d7a4bd07a,60.14947,24.91438,000000004ef3150d,41.64
25310,2019-08-04T12:41:54Z,8a08b2de43a9ef03cf96610718c908e69dcacc59f536a7135b7bb542,60.16629,24.95957,00000000fb7600be,10.78
25311,2019-08-04T12:41:54Z,8a93ac3ff9f29a5a024811171ed920021c363a5b7688e2c879ab55f6,60.17002,24.94407,000000006b087f40,25.36
25312,2019-08-04T12:41:54Z,8b641985c793a3f25a45b2460cb01f5baa6f339c6dd26ba7752d8a7a,60.16897,24.95222,00000000aa852af1,11.7
25313,2019-08-04T12:41:54Z,8ba6cfc17ca70e8304994e018ebd5eb2003177062cde05925d5cacb3,60.173,24.92524,0000000096918cfa,16.1
25314,2019-08-04T12:41:54Z,8bbf5422247a0a6be314130d8fd9ae1814401b75acf3b3ce2da9620c,60.14699,24.922,00000000a53ed894,9.92
25315,2019-08-04T12:41:54Z,8ca0330471c9226b95a7aae64e6a8e47adaf5ddf7efec36a68652f3d,60.16075,24.95883,00000000f1124bca,16.1
25316,2019-08-04T12:41:54Z,8d528b00553162a9dd47d2296d15b2fad89aad6a508424d4589618a1,60.14947,24.91438,000000004ef3150d,21.87
25317,2019-08-04T12:41:54Z,8d5766dbef5d3b5e87b4a6fad45b4cee92029af9c57dc200b48a063b,60.14699,24.922,00000000a53ed894,25.36
25318,2019-08-04T12:41:54Z,8d73f674010f5cb02e8f20251ed86a9afcb7f6b3926039470296bd00,60.17065,24.93641,000000000f4919c9,27.28
25319,2019-08-04T12:41:54Z,8d8a869e83fe2ac29e791666634a33af3ea4048ea4e752b6fb1e238c,60.14947,24.91438,000000004ef3150d,4.5
25320,2019-08-04T12:41:54Z,8dcf139eb279bcc2696420ba9da858e361600ff02cd29587f66660ec,60.16897,24.95222,00000000aa852af1,27.28
25321,2019-08-04T12:41:54Z,8de3d516b6cffb3335f9ebec3f6068b693db224f56eae6a50d7c6320,60.16531,24.9442,00000000fdda10fe,31.5
25322,2019-08-04T12:41:54Z,8edd2176e127f8d3baff43afa20a9869b1e3a4f6df8a0930b52064d1,60.14699,24.922,00000000a53ed894,17.4
25323,2019-08-04T12:41:54Z,9023a89a49a372e5f97cf86ef1b5de0164eb67cc10d394d383ab75fd,60.16829,24.94214,00000000afef4555,16.1
25324,2019-08-04T12:41:54Z,90d2c337b3629bdc073dbbe6f0793b7bf6f65d63deb77bddf24052a8,60.16897,24.95222,00000000aa852af1,17.4
25325,2019-08-04T12:41:54Z,920dc90f60b295267f63efc8f968408087b71878dc3f49f0ded1c41e,60.17919,24.95181,000000007b5207b6,20.28
25326,2019-08-04T12:41:54Z,926717d61529080dfc4c7f8cdcdc82c6490d2a5129474524b8c40ea4,60.16829,24.94214,00000000afef4555,27.28
25327,2019-08-04T12:41:54Z,93a2100e233b204243f7e69b68dea7c9a145d1b5384bd18359bf87a3,60.16531,24.9442,00000000fdda10fe,2.08
25328,2019-08-04T12:41:54Z,93e409819362e2429a43710ff4330bd3ed83011b73ae438dd7fb62d8,60.16762,24.95415,000000006b44cce7,8.38
25329,2019-08-04T12:41:54Z,94237bc673d78a307ecc9da6df18d0b37e632b8cd6709f81081f000a,60.17002,24.94407,000000006b087f40,17.4
25330,2019-08-04T12:41:54Z,9575ef1c44f26f0301d726029c8b1c28011a4724496943451bee6544,60.14947,24.91438,000000004ef3150d,17.4
25331,2019-08-04T12:41:54Z,958ab5fd2d2c7f0c3fe6dc14fe27005fcf35b013db75f708c22a3619,60.16762,24.95415,000000006b44cce7,13.75
25332,2019-08-04T12:41:54Z,95b4ffdd3e223cc112dd4b761681f239c2cb374e37f870ccf96dd7a8,60.16629,24.95957,00000000fb7600be,31.5
25333,2019-08-04T12:41:54Z,9604244c18efd5978b809f021651f7743e0e64da38fcf3718f9b4f93,60.14699,24.922,00000000a53ed894,10.78
25334,2019-08-04T12:41:54Z,97264f5808fa13851dacabf0c98525eec29849ff4b6a744cc777fd5b,60.16075,24.95883,00000000f1124bca,16.1
25335,2019-08-04T12:41:54Z,9736a8a29aee134a307e0cd4221e9b0a2ab7c48befee43fc62e9f9bd,60.14699,24.922,00000000a53ed894,9.92
25336,2019-08-04T12:41:54Z,9862cafd709b75d07c83b397773e0cf33564666cb81814bdbf5e54f2,60.16897,24.95222,00000000aa852af1,16.1
25337,2019-08-04T12:41:54Z,9868033d7f0d18f01d12a4034f37bf5d6e51e5ed9124c68d4b8b8e6c,60.14947,24.91438,000000004ef3150d,11.7
25338,2019-08-04T12:41:54Z,987d01417bcff2d7f663704309df2ebdcdb035da3ddb085fab0cf928,60.16829,24.94214,00000000afef4555,18.79
25339,2019-08-04T12:41:54Z,9885627881a266e5cf401516e009049e859d738e2e019be570f4b4d8,60.16448,24.97323,0000000053c6c2be,14.89
25340,2019-08-04T12:41:54Z,98bb3b6f5e2403b14b8e01616c07b03bb1fd153ded656033d7bd3533,60.16075,24.95883,00000000f1124bca,3.09
25341,2019-08-04T12:41:54Z,98e1e68d5f5554a92a47831b58146634872eefd6d487fd39ae3dc6f8,60.16544,24.95398,0000000038d83d41,29.32
25342,2019-08-04T12:41:54Z,992f6feda52c82ad67e40af55b5602bb22411020701998c6bd65faed,60.16762,24.95415,000000006b44cce7,8.38
25343,2019-08-04T12:41:54Z,99334da99912e6d4b516e02432e7f88db5a5b87f635722bc3a8b38a6,60.14699,24.922,00000000a53ed894,16.1
25344,2019-08-04T12:41:54Z,994b630283c750a0b697359e32c4bd06d5b4a32d2edb6c12cce42b32,60.16829,24.94214,00000000afef4555,7.69
25345,2019-08-04T12:41:54Z,9a9db814dfa74ca2c2d51496299715310e81c6e6525cc9d2cb0762eb,60.16897,24.95222,00000000aa852af1,20.28
25346,2019-08-04T12:41:54Z,9ac4c3176875b59567d28bf01df0c9490620902ff082fd0b93d15cb4,60.18203,24.91341,00000000342570c2,27.28
25347,2019-08-04T12:41:54Z,9acffb3f8b8720e2de83c8cfd41915d268d5eca34e0bd280eed3e6f4,60.16897,24.95222,00000000aa852af1,18.79
25348,2019-08-04T12:41:54Z,9b03b610755f4cec2e9d83a9763204e758a075614b125210bc914df5,60.16075,24.95883,00000000f1124bca,11.7
25349,2019-08-04T12:41:54Z,9bad872c31c8c5e53f064b5367350b41271d45ca8a9e508136622800,60.16897,24.95222,00000000aa852af1,13.75
25350,2019-08-04T12:41:54Z,9bf4a5d763fa921335be6c141a0c9fd769fcb2f4c5b40b85a1c99c71,60.14699,24.922,00000000a53ed894,20.28
25351,2019-08-04T12:41:54Z,9c65108fa1e4c7a8b7ec88de2204e7e33756d7988c733db64ea57fda,60.149,24.9843,00000000fffb8cf0,31.5
25352,2019-08-04T12:41:54Z,9e3d4a4b1acd94d2896cd7cf56419110f06ea96faae37aadebd4ec77,60.14947,24.91438,000000004ef3150d,11.7
25353,2019-08-04T12:41:54Z,9ff13c715073d5ad9c464cb67b6de3f703435cf389c32cce5626dfe1,60.149,24.9843,00000000fffb8cf0,38.87
25354,2019-08-04T12:41:54Z,a1b52cda133b45cf931b9e31d4037fb841f80432e99d6a000beeadc8,60.17002,24.94407,000000006b087f40,17.4
25355,2019-08-04T12:41:54Z,a22736c5d66f417bc6b745f51492549dc2e5a3c766f5e7e23f183b41,60.14947,24.91438,000000004ef3150d,21.87
25356,2019-08-04T12:41:54Z,a2e771418a36fc43aa9719d034aa9e3a7a751c5123e4bd33cc2aeea7,60.16531,24.9442,00000000fdda10fe,21.87
25357,2019-08-04T12:41:54Z,a38a21a97a054541f0423f03758c70227116c05254958373e3e93ad0,60.14947,24.91438,000000004ef3150d,16.1
25358,2019-08-04T12:41:54Z,a3d228482bfdd3dbdfaee1ff72b6ac00c2ee8c05e949047ce9117783,60.14699,24.922,00000000a53ed894,7.69
25359,2019-08-04T12:41:54Z,a422a30ec1eb058c7930e1352297c161639faa5b3ca5f5fa47c4adb3,60.14947,24.91438,000000004ef3150d,6.46
25360,2019-08-04T12:41:54Z,a6158fc663b4931ef4e811a4acf62ab2f658241775e200b14684f87d,60.16897,24.95222,00000000aa852af1,20.28
25361,2019-08-04T12:41:54Z,a6484386e3b96e03bba2e837ed3ccbed2e2adb2e7b945583013cb0f2,60.1538,24.95595,0000000038bf9618,27.28
25362,2019-08-04T12:41:54Z,a7472d1b63171c047444981df223670390009e3ea502132d9963e9fb,60.14947,24.91438,000000004ef3150d,11.7
25363,2019-08-04T12:41:54Z,a794d97e26d3678bb11b4364880414bb7bfac4bb49d1867b37b489f7,60.14947,24.91438,000000004ef3150d,12.69
25364,2019-08-04T12:41:54Z,a7a7f84e910c87d01420156efca1675f2f263a8f7f1212bb161e73f3,60.14951,24.92138,0000000006dd41f6,18.79
25365,2019-08-04T12:41:54Z,a8bd45406d5913e098652d4c2d836339758e08d21bf5d88becabdd36,60.14947,24.91438,000000004ef3150d,9.12
25366,2019-08-04T12:41:54Z,a8df2631c2442628608c1f0352c896eb532a6ca08c85de2c77360aa8,60.14947,24.91438,000000004ef3150d,10.78
25367,2019-08-04T12:41:54Z,aa5773b59ce2bf1eee53e4e77cd3c261465d2ea538c9a85b8de30cd8,60.14947,24.91438,000000004ef3150d,4.94
25368,2019-08-04T12:41:54Z,ac93ac0788af8e1b0f20fada4f15ca1ad31f4084b133482d8211571d,60.14699,24.922,00000000a53ed894,14.89
25369,2019-08-04T12:41:54Z,acdcc8ae1d1c6bb055dfc108154eae58b4b894f0ce1ff174c1065c7e,60.16762,24.95415,000000006b44cce7,7.69
25370,2019-08-04T12:41:54Z,ad8af809ed47a3391bb53d11da159b3a8b0ddc264d94c049ce72bda0,60.17065,24.93641,000000000f4919c9,1.12
25371,2019-08-04T12:41:54Z,ae08ba8b9f7ef2a4326d6d7bbf452a87d08f8062feaf20cb7101d414,60.15432,24.9211,0000000019fb59c4,21.87
25372,2019-08-04T12:41:54Z,ae828cc3f1fa739d818186776cff673c88a05d0f3dedfb4a765a54fd,60.16829,24.94214,00000000afef4555,10.78
25373,2019-08-04T12:41:54Z,aec4b11f0b1ec075878ca4a3b94da464f6fc96e330b913d5bfd346b0,60.16897,24.95222,00000000aa852af1,3.74
25374,2019-08-04T12:41:54Z,af2076810e26511562c652d7bb56794c120526dbd4919212167cc3ed,60.16897,24.95222,00000000aa852af1,13.75
25375,2019-08-04T12:41:54Z,b11910a4d628e08056481b347d9a80d6edb23f1f2612beaa24606c8b,60.16762,24.95415,000000006b44cce7,16.1
25376,2019-08-04T12:41:54Z,b1c46b35a1667ba263868d803743275be782738cc3703e39ad165aa7,60.14699,24.922,00000000a53ed894,21.87
25377,2019-08-04T12:41:54Z,b255261b4f367acbf68fac08700949f13001dfe40901f75ec4a321a9,60.16897,24.95222,00000000aa852af1,29.32
25378,2019-08-04T12:41:54Z,b26a9be85f5fd17ea58397762fa55db3c8f68fb709d586d61527c892,60.16829,24.94214,00000000afef4555,10.78
25379,2019-08-04T12:41:54Z,b27b090bd1bd9828dcb6ddbd0a1394e4aa097974747dff90ba0eff71,60.16897,24.95222,00000000aa852af1,16.1
25380,2019-08-04T12:41:54Z,b286a5ad73d5284539b414851f27f57c421773f33f9fc564c7200c36,60.16762,24.95415,000000006b44cce7,16.1
25381,2019-08-04T12:41:54Z,b2a01c2a06c3cf1a48333e58e787d9eaf2f975a738c02878220d7774,60.16829,24.94214,00000000afef4555,10.78
25382,2019-08-04T12:41:54Z,b3d99c04e3db6b698e6e54f19434461336954d0c15385bff6e557be8,60.173,24.92524,0000000096918cfa,20.28
25383,2019-08-04T12:41:54Z,b41cc64d7ab4e16a03573bdc3b5863c4b402ec66c7780c7900c02877,60.16829,24.94214,00000000afef4555,14.89
25384,2019-08-04T12:41:54Z,b523d3f8341906e4b3877ff7d9614b4e10d6bbf10afdcc6c53656c8f,60.17065,24.93641,000000000f4919c9,25.36
25385,2019-08-04T12:41:54Z,b5e3abaccf4a03480985d25eb9fbf454c87f7ad06c38c8bdeb0819fa,60.14699,24.922,00000000a53ed894,10.78
25386,2019-08-04T12:41:54Z,b7039958be9f53a3eaed97f705a1974815f52f25226e920155397bec,60.16075,24.95883,00000000f1124bca,29.32
25387,2019-08-04T12:41:54Z,b81e80c4efa2f6bf7a24861abfd0f0fb5672f1512dc7545a1d387f7f,60.16762,24.95415,000000006b44cce7,5.41
25388,2019-08-04T12:41:54Z,b82ba472f0cb919b39c31b9c737f1608f6a31ffa63352768f9fa12ea,60.16829,24.94214,00000000afef4555,10.78
25389,2019-08-04T12:41:54Z,b92c7fb1d77c3f326d59dbe2689bb5b8ff10fcd691f28b36aa98408c,60.17002,24.94407,000000006b087f40,23.56
25390,2019-08-04T12:41:54Z,b936adc4821ac74aa643564d0b86e3858f1ec392e3f43e92427d7edc,60.14699,24.922,00000000a53ed894,17.4
25391,2019-08-04T12:41:54Z,b9c0ac0bb7310d92c296a8870603ebd12c0c632cfc2a1fa33092b337,60.16762,24.95415,000000006b44cce7,7.05
25392,2019-08-04T12:41:54Z,ba9825bb3cfae6aeb29833f0a11189802065c73f8e541b2bcb5b572f,60.14699,24.922,00000000a53ed894,21.87
25393,2019-08-04T12:41:54Z,bb0193f2b0ac4801fe82ed5cec75e687465d707d92e731047f81650f,60.1538,24.95595,0000000038bf9618,2.08
25394,2019-08-04T12:41:54Z,bbe1e18f88cf88928067a0221965768c1f2ae264291cea564d7eb7e8,60.16897,24.95222,00000000aa852af1,12.69
25395,2019-08-04T12:41:54Z,bbe7947ea50de5986f237ccab5782ddb55c199ad6a81e8f692670d0c,60.16829,24.94214,00000000afef4555,17.4
25396,2019-08-04T12:41:54Z,bbeaad18acdd3a2602aa5b07ab6ae8df489cb499c4490b3e6f561a5e,60.16544,24.95398,0000000038d83d41,21.87
25397,2019-08-04T12:41:54Z,bc07df8cc395f6f4f5d483b2233caca5f93a6918f346e4cc3702f8cc,60.16531,24.9442,00000000fdda10fe,13.75
25398,2019-08-04T12:41:54Z,bcc1f37c9a84977aa1dab74d72394497773fae02373f12fa44050f84,60.14699,24.922,00000000a53ed894,23.56
25399,2019-08-04T12:41:54Z,bd33b7ad8d89c8c1958de09b4900b5ebc62ed61b9decf094268b04d0,60.16762,24.95415,000000006b44cce7,10.78
25400,2019-08-04T12:41:54Z,bd4ec71179e7755567e37eb54b845b317af028a4effe45dcaeae19bc,60.14699,24.922,00000000a53ed894,23.56
25401,2019-08-04T12:41:54Z,bddca8fc17056f9f207a259070e281eedf4cea3e8e22093b88bbd7b5,60.14699,24.922,00000000a53ed894,7.69
25402,2019-08-04T12:41:54Z,bf2e5725b255e320f1e8375ec03f55194f1fd9f751be9629d873a5c8,60.14699,24.922,00000000a53ed894,3.74
25403,2019-08-04T12:41:54Z,bf992d3cd95a73f02d7223eaffe90a94e3e1e98a8c6759bab631b5b0,60.14947,24.91438,000000004ef3150d,9.92
25404,2019-08-04T12:41:54Z,c0722f63618f97eb8ec4afac1a8538b81a3c87e623d753ad1201bf7c,60.16075,24.95883,00000000f1124bca,5.91
25405,2019-08-04T12:41:54Z,c0a0ca3433586ed2ae0e448f2406fabac7292ac79d49562e0bd5cef8,60.16762,24.95415,000000006b44cce7,12.69
25406,2019-08-04T12:41:54Z,c18a638a8f7d2d4e67c538d49830623f943f762f4942350ba7358441,60.173,24.92524,0000000096918cfa,25.36
25407,2019-08-04T12:41:54Z,c1e4323d2276cb6e358f5fabb123294e7a0ef87e7169f3cccc8f2e03,60.16075,24.95883,00000000f1124bca,23.56
25408,2019-08-04T12:41:54Z,c22d0093a8d103f59838ad43218fa834e328847e5094bcb2e98d5307,60.16829,24.94214,00000000afef4555,7.69
25409,2019-08-04T12:41:54Z,c25db2e7a7b685e41480c3c47352c0ed5e57e4cb99af3ff5b5a611d7,60.16829,24.94214,00000000afef4555,18.79
25410,2019-08-04T12:41:54Z,c261834e6d2c1bd9adddb82d8c6ce2d8aad82a89e32da62f3fcc6063,60.16075,24.95883,00000000f1124bca,4.11
25411,2019-08-04T12:41:54Z,c2df6019d8d482b8e842c4255041699db5564f71198829142be74c80,60.16762,24.95415,000000006b44cce7,8.38
25412,2019-08-04T12:41:54Z,c36d58ed0e0dddb3e26be1214e369db1c3fa3d4bcf8b53536a25239b,60.17065,24.93641,000000000f4919c9,2.54
25413,2019-08-04T12:41:54Z,c3b2521faf0f7ae79434e40e86c59699d399444b775c7619f6e73e36,60.16075,24.95883,00000000f1124bca,21.87
25414,2019-08-04T12:41:54Z,c3be6dcc2c0542676c20d28ce38adbe2c0b9be09caa3f22e60210636,60.16075,24.95883,00000000f1124bca,4.11
25415,2019-08-04T12:41:54Z,c3e5ee20ca76f7347fda00c4c2fdee291bc6d843a879b26fbdd70390,60.17065,24.93641,000000000f4919c9,14.89
25416,2019-08-04T12:41:54Z,c633a260ce59bad4e1ca42f12936ed8ae57a40f5e6528dfb70052c43,60.16897,24.95222,00000000aa852af1,17.4
25417,2019-08-04T12:41:54Z,c6b973b57d5574eb3341b3141a5ba2b28f477ae9e702ab4ae701cc0d,60.14699,24.922,00000000a53ed894,9.92
25418,2019-08-04T12:41:54Z,c728eaa7734efeabe7f33c782081caa960fcced68160e285ee477916,60.14699,24.922,00000000a53ed894,17.4
25419,2019-08-04T12:41:54Z,c905a50dedd9b3d2114cde9160b7adf83adc09683b65598ce24c4047,60.1538,24.95595,0000000038bf9618,21.87
25420,2019-08-04T12:41:54Z,c9822d9c012b25f745a2934c523f3c9e6db75fbe3f5e673475813381,60.15432,24.9211,0000000019fb59c4,9.92
25421,2019-08-04T12:41:54Z,ca507a06be040b3e520339b63d5bd15463a1862124c4bd940d936e4a,60.16762,24.95415,000000006b44cce7,8.38
25422,2019-08-04T12:41:54Z,cad80f69731ad65f7f14bf400d674e0c42de462bd42db112c9d9f261,60.16075,24.95883,00000000f1124bca,20.28
25423,2019-08-04T12:41:54Z,cb3f05d5604f5532e039e6d40514b13aba8f6274d952bb17a8b801fc,60.15432,24.9211,0000000019fb59c4,25.36
25424,2019-08-04T12:41:54Z,cbc336691f17a9c508549e03d522166247a0cd0a944321c1a7d15525,60.14699,24.922,00000000a53ed894,8.38
25425,2019-08-04T12:41:54Z,cc2cf42c6b14536fb92c810ff0e3dd5a3caa74236f14246a5b6e8cdc,60.16762,24.95415,000000006b44cce7,8.38
25426,2019-08-04T12:41:54Z,cce6b6f309e43e2bb1be6a9784582a82891e976d0869d01040586d27,60.14947,24.91438,000000004ef3150d,7.05
25427,2019-08-04T12:41:54Z,cd2346f3db5667fe43eb0d974ddf486ce9722fe427e98ee232d1ba12,60.14951,24.92138,0000000006dd41f6,18.79
25428,2019-08-04T12:41:54Z,cd3e127e27387b6e06cdf27f46fb6046e4182e4d7b49b49c17167c1c,60.14947,24.91438,000000004ef3150d,18.79
25429,2019-08-04T12:41:54Z,cd4867e8bfd7af028b5546f9acfa77ecb7ff107d7c09d62186ecbbd7,60.16075,24.95883,00000000f1124bca,20.28
25430,2019-08-04T12:41:54Z,cd9b2be9ffb37c8b7c5c25f587c95b1c7932a21fb245487ea2f740d9,60.14699,24.922,00000000a53ed894,12.69
25431,2019-08-04T12:41:54Z,ceb777dafa9b7e39125b89735b7f0cf22c3018eb0196043ac8160370,60.14699,24.922,00000000a53ed894,14.89
25432,2019-08-04T12:41:54Z,cef1d06a10cfa08bcaef8b36535c2ec32c756a76cc0d5c2a1246f933,60.14699,24.922,00000000a53ed894,7.69
25433,2019-08-04T12:41:54Z,cfa42322be0000cf89d8969d1b88ace0ba99cab721dd58d55d41a36e,60.17065,24.93641,000000000f4919c9,16.1
25434,2019-08-04T12:41:54Z,cfc2a688ff31fbb1baac8790fb6d56dc7746ba2cf9e0e5f39d4751a4,60.14699,24.922,00000000a53ed894,5.91
25435,2019-08-04T12:41:54Z,d0413da80c7714f40ffe50dcfb00039280c64ecebc61c59df72965e6,60.149,24.9843,00000000fffb8cf0,23.56
25436,2019-08-04T12:41:54Z,d098b9b5b30c5fcd4ae8a2b8bc761df72829713d3ae919634876d349,60.14699,24.922,00000000a53ed894,7.05
25437,2019-08-04T12:41:54Z,d0aa228c2a3e6e1568e876cffc76874702e0f0f63f18533551bf02c1,60.16075,24.95883,00000000f1124bca,21.87
25438,2019-08-04T12:41:54Z,d0cab2a2660dcc5cb99a9bdf39d2e6b31b7498985db1b50e48cb478d,60.18203,24.91341,00000000342570c2,12.69
25439,2019-08-04T12:41:54Z,d150c7aba4e7419f0ddd187392a9c2a429f44fa82535fb594c48ff55,60.16897,24.95222,00000000aa852af1,13.75
25440,2019-08-04T12:41:54Z,d388a2c86cc65945e59a07273222ff57fc3585d4756b5c498dd443ac,60.16897,24.95222,00000000aa852af1,21.87
25441,2019-08-04T12:41:54Z,d38e88e5b926f9d1de6e326cca45116fcca11f10684c80876739c6cd,60.16075,24.95883,00000000f1124bca,6.46
25442,2019-08-04T12:41:54Z,d3c0cff604283ea6adeabb4f867f3fcaf8ee41fd27fc600d33c4d70d,60.16075,24.95883,00000000f1124bca,21.87
25443,2019-08-04T12:41:54Z,d6b274f1f49dde057f37b6d65670f16c2a7ba75e21283e342e5c3bfb,60.16762,24.95415,000000006b44cce7,18.79
25444,2019-08-04T12:41:54Z,d75c412090c347ad7fca9287bcc4eb9bfb757dc7c1725109861dd93e,60.16629,24.95957,00000000fb7600be,11.7
25445,2019-08-04T12:41:54Z,d83dd9c0a861e25c7f5ddcd393756626def7c7f82a9f3fc35e1665a9,60.14947,24.91438,000000004ef3150d,4.11
25446,2019-08-04T12:41:54Z,d87210146aab139cc6640a20b428dce6ac516806a71a177b70e04f62,60.17065,24.93641,000000000f4919c9,10.78
25447,2019-08-04T12:41:54Z,d8e7e8b511d1123d1389cf08abbfa54b2b38e1824598b88008356c33,60.16897,24.95222,00000000aa852af1,18.79
25448,2019-08-04T12:41:54Z,daac051ca20430238282e179e0fe525b11ff1e8f1ace26d45b41f331,60.14947,24.91438,000000004ef3150d,17.4
25449,2019-08-04T12:41:54Z,db9cee77723e2258651606fd447070139d95eb1138f8e56957bff8f1,60.17002,24.94407,000000006b087f40,18.79
25450,2019-08-04T12:41:54Z,dbf9f0495974591badcee3fcfc1b5eb718b26de86aaf486c351ad084,60.14947,24.91438,000000004ef3150d,16.1
25451,2019-08-04T12:41:54Z,dc439ef81c2abfb840e3ab145f2b944aae18a1beffd3eb47de845b9c,60.16531,24.9442,00000000fdda10fe,11.7
25452,2019-08-04T12:41:54Z,dcec4c4fb70c5f7dd0f408b6499f8c5ab0c2e9ff2b6d0fb082eba391,60.16075,24.95883,00000000f1124bca,25.36
25453,2019-08-04T12:41:54Z,dd1278c656b83508f32f0334118ac984d95164034946b33271fd7f25,60.16544,24.95398,0000000038d83d41,21.87
25454,2019-08-04T12:41:54Z,dd4d709c749e6cfcf1531575846683d4ca730e850e17c6dd39252f8e,60.16075,24.95883,00000000f1124bca,6.46
25455,2019-08-04T12:41:54Z,de09fd8d15c3d7adbf440a3d0a418a3b476513c968bda8a4aa652adf,60.173,24.92524,0000000096918cfa,25.36
25456,2019-08-04T12:41:54Z,de0d086ae32f87522eab31d3bc52545ed17b065889674963c0709568,60.16829,24.94214,00000000afef4555,7.69
25457,2019-08-04T12:41:54Z,de3fe5f63e74a582e06c8cb02e6128d6013827015ba3e2fe93082977,60.17002,24.94407,000000006b087f40,20.28
25458,2019-08-04T12:41:54Z,de84f754a3916c8f831b0bb8ea41fc2a42cdea2794558fece3c7ae97,60.1538,24.95595,0000000038bf9618,25.36
25459,2019-08-04T12:41:54Z,e02c0f9f72e9f248a4b5df8af328e1a0132d4d8a72c1e603d14cdacd,60.18203,24.91341,00000000342570c2,11.7
25460,2019-08-04T12:41:54Z,e0df847c19b463dec6cea35494d375ce136a276c6a785936c931f60f,60.18203,24.91341,00000000342570c2,23.56
25461,2019-08-04T12:41:54Z,e0e938d5ab6fe3b13270163cd8a4e531dfae4b24ff98ab7e4277114c,60.14947,24.91438,000000004ef3150d,11.7
25462,2019-08-04T12:41:54Z,e0ff1e75104c5dfa3549647c238569888e353e1322256a5c6979de0b,60.14699,24.922,00000000a53ed894,9.12
25463,2019-08-04T12:41:54Z,e1322e5118885f9bd50f4b2f8c4fd6d329ced295738b9983ef61b1c8,60.1538,24.95595,0000000038bf9618,36.27
25464,2019-08-04T12:41:54Z,e23a6115ba872037f9b5066c9c9c966b497f449e32a2c9ceb0e55497,60.16829,24.94214,00000000afef4555,9.12
25465,2019-08-04T12:41:54Z,e34bcebfa007159f3d2adb0e62e20fcf721a221f52bdfe2a6ad77831,60.18203,24.91341,00000000342570c2,17.4
25466,2019-08-04T12:41:54Z,e40a26f3f7468f4ac2302b45f1ed9aab7fea245ccf81d0c08072c881,60.16829,24.94214,00000000afef4555,4.5
25467,2019-08-04T12:41:54Z,e447e76c7b53157c11d5bfeb172c27332c81b5ec7f263badf5507888,60.149,24.9843,00000000fffb8cf0,20.28
25468,2019-08-04T12:41:54Z,e6f4e3d1f5e01888556b077224cb4d8f88d63306fff2388e3fd997d0,60.14951,24.92138,0000000006dd41f6,25.36
25469,2019-08-04T12:41:54Z,e764c71787bfa606c5c782497e3328f680577e3032027962db0542a2,60.149,24.9843,00000000fffb8cf0,36.27
25470,2019-08-04T12:41:54Z,e7cd5f775c7eea951719f351fcc25c710f857832d6f4b70a51b7b82d,60.16897,24.95222,00000000aa852af1,10.78
25471,2019-08-04T12:41:54Z,e826dedac8582e619ce18cd7eed68be5ee1fc9ed37e191e06f916835,60.14947,24.91438,000000004ef3150d,4.5
25472,2019-08-04T12:41:54Z,e9115410fa45db5a174eee008cae729dc69937a0e0b5a304899bf1b9,60.17065,24.93641,000000000f4919c9,18.79
25473,2019-08-04T12:41:54Z,e92eb020afcd7c1fad04690230ff8c2f005e404dd25b8dced1df30dd,60.16075,24.95883,00000000f1124bca,17.4
25474,2019-08-04T12:41:54Z,e9e19621fc5cfcfed2c808bbadc6cc6dd31e28d3c04cef8b89ca2729,60.16075,24.95883,00000000f1124bca,9.92
25475,2019-08-04T12:41:54Z,ea157e44ed100be3f782d8b3d8e5e0986079c588c9ea754b14917df0,60.16829,24.94214,00000000afef4555,3.74
25476,2019-08-04T12:41:54Z,ea2f4d9799324f4cd2a6fcda1625b65acdbab9f6b8331c26f63beec2,60.16897,24.95222,00000000aa852af1,17.4
25477,2019-08-04T12:41:54Z,ec096f9d9f6ac607dcfcecf3327071d33a6ed3fdedd3cc796ba91fdc,60.16897,24.95222,00000000aa852af1,17.4
25478,2019-08-04T12:41:54Z,ec424a10bcefb6e69c2eabf42534f06e7a10aa0cfb28f6478052cade,60.14699,24.922,00000000a53ed894,12.69
25479,2019-08-04T12:41:54Z,ed79b42b7b79277b944e3800c2bf93fefe5be88fe6d0d2b52a944ea8,60.16762,24.95415,000000006b44cce7,21.87
25480,2019-08-04T12:41:54Z,eed1c3b93e33ab3a4802db427c8c197c0fbad358e039b6ea8c8af07b,60.18203,24.91341,00000000342570c2,12.69
25481,2019-08-04T12:41:54Z,ef352dcaa8317b6a3c0a02cd8908dd13da5601cc66ba65c5fd8d031a,60.14947,24.91438,000000004ef3150d,18.79
25482,2019-08-04T12:41:54Z,ef77b04fc57a9781bf581172358ba74cf41e0b2a6ecc8090f99810bf,60.14699,24.922,00000000a53ed894,16.1
25483,2019-08-04T12:41:54Z,eff99f303ba37ed36542008434b2d20e50155593bb9fc7bc1dcc4bf3,60.16075,24.95883,00000000f1124bca,14.89
25484,2019-08-04T12:41:54Z,f00fb569fe1448dccb8e92e24b081a3164b59eb117131800780c70a9,60.14699,24.922,00000000a53ed894,14.89
25485,2019-08-04T12:41:54Z,f062cb52d49926a4fb39f723275ed60ab6c0f3bf34e0c3f9d233b7b8,60.14947,24.91438,000000004ef3150d,14.89
25486,2019-08-04T12:41:54Z,f15b72a3aad411d2f8a70b41c4f62ad2d744d064d42ec00c71a18ac5,60.16762,24.95415,000000006b44cce7,2.54
25487,2019-08-04T12:41:54Z,f1845e00642980be3cdc27a088c619bb0616b86f7cfa0b8909efac80,60.16544,24.95398,0000000038d83d41,29.32
25488,2019-08-04T12:41:54Z,f1e73fa6dab8e8a2db6d7515f601fac161f17c34beb84aa55e812a9e,60.16762,24.95415,000000006b44cce7,0.71
25489,2019-08-04T12:41:54Z,f20f951802c722181f0e90095001c49e73f84049bb105b95c97049d1,60.17918,24.95141,00000000675d5200,27.28
25490,2019-08-04T12:41:54Z,f2deba4ef84dbbc8c5d8524f6e2311183003bce4f9bfa6aef5b5ef66,60.14947,24.91438,000000004ef3150d,4.5
25491,2019-08-04T12:41:54Z,f2e063c8c25a8bec0dd6ec3924a5f59fd9694078f2f3fd5b3ea96f29,60.16762,24.95415,000000006b44cce7,11.7
25492,2019-08-04T12:41:54Z,f39827c3c7f4c833d1118043492f78e3255b6da9f4a2c000041d9b61,60.16829,24.94214,00000000afef4555,3.4
25493,2019-08-04T12:41:54Z,f3ae5fbfa333a67b36e1001865c12e1664df2f41cbe38db4a258ae81,60.18203,24.91341,00000000342570c2,27.28
25494,2019-08-04T12:41:54Z,f3ec2366b51157150674e5ab6293bdb19e0b30ca4296fee4c97b811c,60.14699,24.922,00000000a53ed894,16.1
25495,2019-08-04T12:41:54Z,f5f7cfe177dfb0b7ebba2419ae53f70b6b5690dd98d98586004a9107,60.149,24.9843,00000000fffb8cf0,14.89
25496,2019-08-04T12:41:54Z,f7777ac6285e2f6b6aa546b03f294d81e169b8236268cfed232c9679,60.16897,24.95222,00000000aa852af1,14.89
25497,2019-08-04T12:41:54Z,f796c9efc581b25280d4b416f8ba3aecca6ddf083e7bdad05f6e595e,60.14699,24.922,00000000a53ed894,9.92
25498,2019-08-04T12:41:54Z,f7f0caf73572bea3c08b592eeb9655b2668cfb16fd8840ca5619d84a,60.14699,24.922,00000000a53ed894,5.41
25499,2019-08-04T12:41:54Z,f868d87b5d5a7094b60a131cd3e120c25787ebf751f7c93640b34942,60.16897,24.95222,00000000aa852af1,9.12
25500,2019-08-04T12:41:54Z,f8921b07c5b509c95015ee48304dcbb9b43fc2b579459b8efd3731fc,60.16897,24.95222,00000000aa852af1,21.87
25501,2019-08-04T12:41:54Z,f97bd6b766461dd4066a8fde3d7dfed9d1027ff23973200a005458cd,60.17002,24.94407,000000006b087f40,7.69
25502,2019-08-04T12:41:54Z,f9a7057352731d27889cbd388be5902a6e62b297a3467232e8e47094,60.16762,24.95415,000000006b44cce7,14.89
25503,2019-08-04T12:41:54Z,fadc39da3cd26ac621092fbbff224b95bb13446c8d24bbf4f3e50e90,60.14947,24.91438,000000004ef3150d,13.75
25504,2019-08-04T12:41:54Z,fc5c517b4bcaf5e392ff920858d70ed6c59751b0934ce3dbe372996e,60.16829,24.94214,00000000afef4555,23.56
25505,2019-08-04T12:41:54Z,fce50ac3cfd2f3b7a897f6575eeda4e45ab42e5b9b5351be836cc0de,60.16897,24.95222,00000000aa852af1,10.78
25506,2019-08-04T12:41:54Z,fd77161cf9715d9d0f922cf45e79e5d9b9debef5113cb32a4f82ef76,60.16762,24.95415,000000006b44cce7,2.8
25507,2019-08-04T12:41:54Z,fe5ca86c906b1cb3bf9dd257ceefc562e41da499878f1074484f7d42,60.14947,24.91438,000000004ef3150d,16.1
25508,2019-08-04T12:41:54Z,fe694a484edd6d458a9dd6ab1b972c47170c8d32ebc0a87317ddc660,60.18203,24.91341,00000000342570c2,36.27
25509,2019-08-04T12:41:54Z,feb399897846bc34dc3f4b06ac4ef0ffb0db885977b88e5c5fdb7350,60.14699,24.922,00000000a53ed894,11.7
25510,2019-08-04T12:41:54Z,feef8514003d83f6df23d1f12c4f5c23c5605b684b459e94f0e6e6da,60.16448,24.97323,0000000053c6c2be,31.5
25511,2019-08-04T12:41:54Z,ff4f3e0f964f23b97e88626f7a506bb4409718931712c58ce0f247af,60.16762,24.95415,000000006b44cce7,11.7
25512,2019-08-04T12:41:54Z,ff8280896145ae17e594c52eac2cdbab47d3757d797878fbc4298596,60.1538,24.95595,0000000038bf9618,23.56
25513,2019-08-04T12:41:54Z,ff8d5b9e61bd912b13b664db8ef2919e1f515ca3b20ae67f532a5c8a,60.16762,24.95415,000000006b44cce7,11.7
25514,2019-08-04T12:41:55Z,05103967ab0ced9b2339d6cf2c2971af426aeffb8c8519b244e5cc77,60.16762,24.95415,000000006b44cce7,17.4
25515,2019-08-04T12:41:55Z,07d86ad98399440d0cc3bd3382a7256feb971e49a3686dc17f532e1c,60.16829,24.94214,00000000afef4555,16.1
25516,2019-08-04T12:41:55Z,14c7e1511b70f4dd3359cbece1377aebb4d70531f5489eefe53d7c3c,60.16544,24.95398,0000000038d83d41,23.56
25517,2019-08-04T12:41:55Z,1599d2c9070a6f05e1a5887c2d9209214c04818c6203fe75440734f2,60.1538,24.95595,0000000038bf9618,33.81
25518,2019-08-04T12:41:55Z,165ebbb4090d47319ae370f0d0854fdc1f6b79499f8b2e4d3c3533c0,60.16544,24.95398,0000000038d83d41,29.32
25519,2019-08-04T12:41:55Z,16962a7bb036a995c8cf0c2bc17153c812c23d9af2eaf2207425da3b,60.14951,24.92138,0000000006dd41f6,20.28
25520,2019-08-04T12:41:55Z,1e7ea410376fbdb3f3c476c76d23abad5d830690f78f71ea06f7e321,60.16075,24.95883,00000000f1124bca,21.87
25521,2019-08-04T12:41:55Z,211f6b7b044343d0be369791b3fa3c144d0d0f391e2a42787712efb0,60.16448,24.97323,0000000053c6c2be,11.7
25522,2019-08-04T12:41:55Z,25a7ff811c3c06e426c7c2cbb0433d9a2a3399b23afecbd35584ab0f,60.18203,24.91341,00000000342570c2,10.78
25523,2019-08-04T12:41:55Z,2603b5aecd8f219a410e558446935308ecabb09a6c9e5b38533728ff,60.16829,24.94214,00000000afef4555,9.12
25524,2019-08-04T12:41:55Z,315af4a829b592ba99b203b8ed2cbd499769f8752dfe6de7da4ee929,60.16829,24.94214,00000000afef4555,16.1
25525,2019-08-04T12:41:55Z,35568b1e0d67c5d7b6b15bb08540a1aafe24817a9bc06673b97e85c9,60.14947,24.91438,000000004ef3150d,11.7
25526,2019-08-04T12:41:55Z,3944bc7a301be7241d1f7bc4a97f221000d535ce3d8a9af9af9b23b5,60.16531,24.9442,00000000fdda10fe,31.5
25527,2019-08-04T12:41:55Z,3b5cafe90982db26cf737b2e4cd4275276f6a031bca3b2a1f73023b2,60.14699,24.922,00000000a53ed894,10.78
25528,2019-08-04T12:41:55Z,3fe5f4ccfa5c777ceafda0674d7c9da6f509f6694b4c2fa254b32e73,60.16897,24.95222,00000000aa852af1,21.87
25529,2019-08-04T12:41:55Z,402f8edce2e4dcc34a418a83e568dd491c14d450d63a3f35850d9c2e,60.16762,24.95415,000000006b44cce7,11.7
25530,2019-08-04T12:41:55Z,43b676ed3aef4c2d8846694817e76117873be52e7f788e0cb366c1c4,60.16629,24.95957,00000000fb7600be,36.27
25531,2019-08-04T12:41:55Z,44d0b94469070803869f229601e877beb613c3f5aafa009addf97a1a,60.16544,24.95398,0000000038d83d41,23.56
25532,2019-08-04T12:41:55Z,4656bad9b5e6dfc3977eca308fc1db3dbf8b0204b90d09b001da242e,60.1638,24.96846,00000000d747f075,27.28
25533,2019-08-04T12:41:55Z,57a75e8d2a7c752a9eca62fc364f00a67cd3feca62f0c7cb76bac6c7,60.18203,24.91341,00000000342570c2,33.81
25534,2019-08-04T12:41:55Z,5d65719c4cbf045f068d084b72302f447d5fd034413d97d13be00d0e,60.18203,24.91341,00000000342570c2,18.79
25535,2019-08-04T12:41:55Z,5eed115a984d490b02b602d73787aee8dc8c4e9365b77fbff3818a76,60.16629,24.95957,00000000fb7600be,20.28
25536,2019-08-04T12:41:55Z,5fecff186138a9b3e31c6086c33dcd5f1d209e64f0afeed7c688cab0,60.16897,24.95222,00000000aa852af1,21.87
25537,2019-08-04T12:41:55Z,653a92a7828f2c43bc74899753f872e8b93c30b6fb419b651a94bbc1,60.16897,24.95222,00000000aa852af1,21.87
25538,2019-08-04T12:41:55Z,69219e9efa41ae9e732653e9eaf08e1a34cb853a9dafe76ddeea4d04,60.16897,24.95222,00000000aa852af1,17.4
25539,2019-08-04T12:41:55Z,6a70e2fbced719333e21eff04fcb9cb36bae9a04d1a3d6ddd96f2c58,60.15432,24.9211,0000000019fb59c4,7.05
25540,2019-08-04T12:41:55Z,70d8572458a1a103555bab897b6443e601e0ed211414b15ad0b56f60,60.16544,24.95398,0000000038d83d41,25.36
25541,2019-08-04T12:41:55Z,737efc92e3419e9d96a8559ec341ea7e18ba6381fd8e4de3d06f82a0,60.14699,24.922,00000000a53ed894,25.36
25542,2019-08-04T12:41:55Z,7678cdb86d454ca9ae52f22d97e635106585a3a046d01da4463695cc,60.18203,24.91341,00000000342570c2,18.79
25543,2019-08-04T12:41:55Z,85ef35aecf2ff804be3d958b592705ec41c6df9c128c132c65bb283d,60.16897,24.95222,00000000aa852af1,23.56
25544,2019-08-04T12:41:55Z,87dfaad29a9276ddddb1fa021d3bc23ad14824c1af16f7d87e713689,60.14951,24.92138,0000000006dd41f6,11.7
25545,2019-08-04T12:41:55Z,88808fe92573e9cdf022cc15b9689b6b4b9429f60513c8897b0ba4c7,60.16897,24.95222,00000000aa852af1,18.79
25546,2019-08-04T12:41:55Z,89982a6acf91b79a282a6b63978e946ee205f303fcd20e944e06baf0,60.16544,24.95398,0000000038d83d41,20.28
25547,2019-08-04T12:41:55Z,8c3b1ed0846e38cc84b863a80540c8a75bfd85c8bdda36563d153110,60.16544,24.95398,0000000038d83d41,25.36
25548,2019-08-04T12:41:55Z,9843c6216661048343a0e49cf3d8aa2883cf77f452666a1c873a1052,60.16448,24.97323,0000000053c6c2be,14.89
25549,2019-08-04T12:41:55Z,9ea176cc50b4b7b627807bec1e3dfc22223c1ea35af2995dd823eab7,60.14947,24.91438,000000004ef3150d,14.89
25550,2019-08-04T12:41:55Z,a91d379a4b57c5df22db0d7a041ff69f657b4b31f28554b1011fc03c,60.16544,24.95398,0000000038d83d41,27.28
25551,2019-08-04T12:41:55Z,acd2647d413f41552b31b6e383da445c8902bc2a764d2b7791a7b164,60.16762,24.95415,000000006b44cce7,17.4
25552,2019-08-04T12:41:55Z,af807b67ce09a2ce1744025c421961213f1608ca658ece4df69555a1,60.16762,24.95415,000000006b44cce7,12.69
25553,2019-08-04T12:41:55Z,b5fd6b317890e5ab2d79e2cd1abe61626d45a753c7337d0d40728898,60.16762,24.95415,000000006b44cce7,17.4
25554,2019-08-04T12:41:55Z,b6768ae226a93bce23852414e20866c7413513d067579c03ea883dfa,60.17065,24.93641,000000000f4919c9,16.1
25555,2019-08-04T12:41:55Z,bb98768dad0f7c52cf643f035a3e7e48f5cfe28557c66f2a75914b31,60.14699,24.922,00000000a53ed894,23.56
25556,2019-08-04T12:41:55Z,bcb0201b0a1edf350ae2f681076e7d2d48ebd94c075bd3ca59552020,60.16897,24.95222,00000000aa852af1,11.7
25557,2019-08-04T12:41:55Z,c40c37def6bf11a63a2556519a7c6233fd417cdeea2cf14f28e7c42c,60.16531,24.9442,00000000fdda10fe,21.87
25558,2019-08-04T12:41:55Z,cf05623e4d87ce0906c0b0b7dbf53aacc1228016cd27c341228b6e76,60.18203,24.91341,00000000342570c2,18.79
25559,2019-08-04T12:41:55Z,cfc0bedb78ded52749db3188cb188bf6a250ef5990da9c5afa9623fc,60.14951,24.92138,0000000006dd41f6,16.1
25560,2019-08-04T12:41:55Z,d661caec7a5da6aef734734bbf9090debe494c1afd98050f88f269bd,60.16829,24.94214,00000000afef4555,9.92
25561,2019-08-04T12:41:55Z,dcb7e8bb90af70568c12a902d706c70e1ac1213e31ba074756f0a27a,60.1538,24.95595,0000000038bf9618,21.87
25562,2019-08-04T12:41:55Z,ded49640b591e73bff71f84fb99d2739eb6c9554164a015017725e03,60.16829,24.94214,00000000afef4555,16.1
25563,2019-08-04T12:41:55Z,e8e366e76c97944e23c0f80b4fd3ce6e5832744922297146a49f0c7e,60.16762,24.95415,000000006b44cce7,11.7
25564,2019-08-04T12:41:55Z,e96bd269a48b822b06141c3362fcb6d5ed4d0d09a120f2e4a712d5c2,60.16897,24.95222,00000000aa852af1,12.69
25565,2019-08-04T12:41:55Z,f088630d7476dae7d4b7e2bb1f10575f2c89acb4b6e061f3d57c2b40,60.16531,24.9442,00000000fdda10fe,29.32
25566,2019-08-04T12:41:55Z,f237103f284dc6c51c64f9728c4f56e0c855dbb1bf8c4165758c3ef0,60.16897,24.95222,00000000aa852af1,21.87
25567,2019-08-04T12:41:55Z,f29ea15113ac0eea0be8ec41c633909de4b0b9ab6c7b9898b128080c,60.16897,24.95222,00000000aa852af1,13.75
25568,2019-08-04T12:41:55Z,f405a7c4a3a4339f8e3f7e552f6492d6eed76f7d08c54943286213de,60.16762,24.95415,000000006b44cce7,23.56
25569,2019-08-04T12:41:55Z,f45ac1642ec7d40985b62d31f6c0f51f392a33080c7dc1f686f90067,60.1538,24.95595,0000000038bf9618,33.81
25570,2019-08-04T12:41:55Z,f6609ab1076b1105bb845595a03b41b8fbb282f79c337df5bbc9f841,60.14699,24.922,00000000a53ed894,14.89
25571,2019-08-04T12:41:55Z,f94dddacf96965952551200a02b41925bcd21402aceafb12f19931af,60.16075,24.95883,00000000f1124bca,9.12
25572,2019-08-04T12:41:55Z,00b07030d00cc5582c0f1be7d73fb09e34f4018445ce11d9da8da813,60.16762,24.95415,000000006b44cce7,14.89
25573,2019-08-04T12:41:55Z,00bdb07c0f4f75c71196362c269c9f652c66cf7d3f3c2d89843af063,60.16629,24.95957,00000000fb7600be,18.79
25574,2019-08-04T12:41:55Z,010298d620fbe80ab4f46c866c215217b2bf1fd12a2a67b9e56b4ce8,60.16829,24.94214,00000000afef4555,3.74
25575,2019-08-04T12:41:55Z,01f429553e2195416aa27d90d18c5206411813155efa0b01dae13559,60.16762,24.95415,000000006b44cce7,12.69
25576,2019-08-04T12:41:55Z,033759f09b97a9347fd7852dbc2bcd3abbb67a792486acad9d185bca,60.16762,24.95415,000000006b44cce7,4.11
25577,2019-08-04T12:41:55Z,036c183505fea646b54aeb0c612913cafba94eca65e47d3c6d840a68,60.17918,24.95141,00000000675d5200,21.87
25578,2019-08-04T12:41:55Z,0479a26a59d65bf1dee05c06f4227a0ba63a6e9c9a09e7c34f2e06b4,60.14699,24.922,00000000a53ed894,12.69
25579,2019-08-04T12:41:55Z,04b49a34910d12f55243dd5a756c7cc1e506e5d3cdb418cc635e9ad9,60.16762,24.95415,000000006b44cce7,7.05
25580,2019-08-04T12:41:55Z,04b5d29c48edaaf4904a98e412562e3c0d857eb20342cc7c323d4293,60.16762,24.95415,000000006b44cce7,9.12
25581,2019-08-04T12:41:55Z,05d441c83d2df822feaf93d7861452db7a201f22d84cfa36f421dfd2,60.16544,24.95398,0000000038d83d41,18.79
25582,2019-08-04T12:41:55Z,073c1eeb0d9e511743bae8d5b87b95a19017f59a1dc3597d8618a908,60.173,24.92524,0000000096918cfa,23.56
25583,2019-08-04T12:41:55Z,07444c376c2a48ed91a2f5462cab887c00378edb4175ee969deb207e,60.18203,24.91341,00000000342570c2,29.32
25584,2019-08-04T12:41:55Z,0745a2141a9beee786a347d3ee1b071719fd2f4abfeeab7f5248c0ad,60.14699,24.922,00000000a53ed894,11.7
25585,2019-08-04T12:41:55Z,076c28c1895ef1919c11113113c12655c546fc90a00800e5ebec5b56,60.14699,24.922,00000000a53ed894,8.38
25586,2019-08-04T12:41:55Z,07fa093f5dceb6043b0a8c9d8ad01c1bfdfe15d4b3071a26b747ea07,60.14699,24.922,00000000a53ed894,7.69
25587,2019-08-04T12:41:55Z,0947f9d6bb6c34e382e008052b704b6521ac4f7678a2e8a719bb574b,60.15432,24.9211,0000000019fb59c4,21.87
25588,2019-08-04T12:41:55Z,0985da74acd58674b773e6eed917d36a8e0ff820dcdc525b3aec0ec6,60.16762,24.95415,000000006b44cce7,38.87
25589,2019-08-04T12:41:55Z,0a0acb70a8ef92be52a64d4425e70bb2f7a17d13942c3382c9d68878,60.149,24.9843,00000000fffb8cf0,2.54
25590,2019-08-04T12:41:55Z,0a5ed50daf13dd10744537aa851ac7ab1d34d9797ec6ab6e2402aebb,60.16762,24.95415,000000006b44cce7,2.54
25591,2019-08-04T12:41:55Z,0b0dd9af9d52c68ff71ce266d6707abbb0f56c3c63be0f83f7b5df9b,60.16762,24.95415,000000006b44cce7,4.5
25592,2019-08-04T12:41:55Z,0d3525b13d674f1645fdbe6d842fe37b2f416889c5472e9dfcc5445c,60.14947,24.91438,000000004ef3150d,8.38
25593,2019-08-04T12:41:55Z,0ef4d4e0ed1d5a16b616f3722210deaa1f3be532439fb707802f70a2,60.16075,24.95883,00000000f1124bca,9.12
25594,2019-08-04T12:41:55Z,10caaea8002e8b3b342b32710efdd7305ff375ca1cdc01411f66b2f6,60.14699,24.922,00000000a53ed894,8.38
25595,2019-08-04T12:41:55Z,119268a2b328b466959e99158efc17d07641daf2eab0785f813707f9,60.16762,24.95415,000000006b44cce7,11.7
25596,2019-08-04T12:41:55Z,120a63917cb5ab619bf9a71328f14020736ee84e75d5b37278748def,60.16897,24.95222,00000000aa852af1,13.75
25597,2019-08-04T12:41:55Z,124cce476184e061b136f481014a2abc7208d30e4e520ffd90c85adb,60.17002,24.94407,000000006b087f40,17.4
25598,2019-08-04T12:41:55Z,128df515b075ffc54794d311944f31b9b1c1132d182943a9880e5bc0,60.16544,24.95398,0000000038d83d41,20.28
25599,2019-08-04T12:41:55Z,13bcedb8c59b26417282929d81844b272c7c5bc295614f531219a8e4,60.14947,24.91438,000000004ef3150d,8.38
25600,2019-08-04T12:41:55Z,13ee67fb034e3d24edc9a9618e9d6de24979ebbcb399f83abb02a897,60.14699,24.922,00000000a53ed894,5.91
25601,2019-08-04T12:41:55Z,1496ce9cf373a2a508a8ab0b7aa0604dd889fd69483881c3752219af,60.14699,24.922,00000000a53ed894,9.12
25602,2019-08-04T12:41:55Z,1515fbb735095b233eea332bf40cff9995758e9bd0ad60218875554b,60.14699,24.922,00000000a53ed894,11.7
25603,2019-08-04T12:41:55Z,1551f9fdd5a57b17be51babad39f807f04be4d340266c153eb860156,60.15432,24.9211,0000000019fb59c4,21.87
25604,2019-08-04T12:41:55Z,15ee12e5f9be00a79b0cbbc9912f51cbfa3e486624567e1bde938fb6,60.1538,24.95595,0000000038bf9618,14.89
25605,2019-08-04T12:41:55Z,161aa798c2a18e132fb27ecded773218ea4e42eabbd0e5794b1d7017,60.15432,24.9211,0000000019fb59c4,18.79
25606,2019-08-04T12:41:55Z,1769031b7f4d75de0541e26427b9ecc92c84b80992e3b36bb8eb799e,60.16829,24.94214,00000000afef4555,5.41
25607,2019-08-04T12:41:55Z,17af6ab252328066d6b13406084507dfa7a7f6db3030872e7f87223d,60.17065,24.93641,000000000f4919c9,27.28
25608,2019-08-04T12:41:55Z,1882b53729765cca25bc63400074242872d6fbc57882f131285b277f,60.16829,24.94214,00000000afef4555,9.92
25609,2019-08-04T12:41:55Z,194e6ced97ec114a37fe06d6d73fb687c057d411be476f1ea6f4852e,60.16897,24.95222,00000000aa852af1,13.75
25610,2019-08-04T12:41:55Z,197961cf403efacc6bdb07158a50753109701aba7a6e7cbf8502e1ee,60.14947,24.91438,000000004ef3150d,12.69
25611,2019-08-04T12:41:55Z,1aacd77e1fdbe1544cf1ab29a00642d77ce4a075e388e8a2108aa39b,60.16829,24.94214,00000000afef4555,11.7
25612,2019-08-04T12:41:55Z,1ad0b84716a79851fa8db7a993012f0c8e496d6cba9d028a546285a2,60.16897,24.95222,00000000aa852af1,11.7
25613,2019-08-04T12:41:55Z,1b3fba902b8d1538b508cdc228fd15fdd87f5aecb68e5611b1a4e354,60.16762,24.95415,000000006b44cce7,3.09
25614,2019-08-04T12:41:55Z,1b577cccfa28c7e2d4591ce0886d0b8c3669b5778a6061c908240f73,60.14947,24.91438,000000004ef3150d,3.74
25615,2019-08-04T12:41:55Z,1bcef866fafad7c7460a084e0b0d27c087b549f4ae704390708be47e,60.149,24.9843,00000000fffb8cf0,7.69
25616,2019-08-04T12:41:55Z,1c13175307f58b1bf07c8838e26a2f5d0fd5b21a7517c0b4f4e6bd8f,60.1538,24.95595,0000000038bf9618,21.87
25617,2019-08-04T12:41:55Z,1c669457535e4635f732c228ec524f9d2c440b0d2132fa1acd93122a,60.16897,24.95222,00000000aa852af1,21.87
25618,2019-08-04T12:41:55Z,1c7ccd5d6570d98e57ef2ebbd716b7504b138f9bb616fbeaa0d1a268,60.14699,24.922,00000000a53ed894,9.12
25619,2019-08-04T12:41:55Z,1d4841b6905c46f3c38f79540bae2a88a4e660692149506c0db9da33,60.15432,24.9211,0000000019fb59c4,11.7
25620,2019-08-04T12:41:55Z,1dacfb371d75dd4f90f447aac2a00faad98beb4188a6971c19eb2375,60.16629,24.95957,00000000fb7600be,21.87
25621,2019-08-04T12:41:55Z,1e24a2120b13c780dbb3a67a73f5058d1847f126fd5f5952e6dddcd3,60.16075,24.95883,00000000f1124bca,20.28
25622,2019-08-04T12:41:55Z,1f74037ecab4dbdc5db1a8dc8b583a86630f86a5f2d0a5167b7fa605,60.18203,24.91341,00000000342570c2,23.56
25623,2019-08-04T12:41:55Z,1f81ed7274add201d3059d4a37e2bbe86b6ae1f0fd42a16d7b8dccaa,60.14699,24.922,00000000a53ed894,4.94
25624,2019-08-04T12:41:55Z,1faaaeff6423708e06d94b904af4be93e399939fbdfd3b3091dc8bd2,60.15432,24.9211,0000000019fb59c4,25.36
25625,2019-08-04T12:41:55Z,203a0c145a43c9a18f8c2a5ba4e18882e7430662bb4ac0e56ab37578,60.17065,24.93641,000000000f4919c9,10.78
25626,2019-08-04T12:41:55Z,20ac7b2ace7c0038aa8df01b9281a9c54f1551fc8ab9b662b1f1ca22,60.18203,24.91341,00000000342570c2,17.4
25627,2019-08-04T12:41:55Z,21bdc11bb63fb48c9d4b5308540ee5df579c9a385001a10fceeeedf3,60.14699,24.922,00000000a53ed894,11.7
25628,2019-08-04T12:41:55Z,21eed3ade733687b8f56fade8290819b7c6b4a9f38468979fe692c3e,60.16762,24.95415,000000006b44cce7,12.69
25629,2019-08-04T12:41:55Z,22fe9a06fba1036e8eafd726bc450095b1893be067f475e1882bb704,60.14699,24.922,00000000a53ed894,11.7
25630,2019-08-04T12:41:55Z,231026899a6d5b326cb5b1e38b182ca1acb77c7e27bc2378973b29db,60.16629,24.95957,00000000fb7600be,10.78
25631,2019-08-04T12:41:55Z,23337c2812924a07e4f0bbc92e56d1f85ea40208b6b987f4afc686cf,60.16897,24.95222,00000000aa852af1,9.92
25632,2019-08-04T12:41:55Z,250f7cf6c6d1296e84c45fb8621a0704eb5243471980b5187dc40cdd,60.14699,24.922,00000000a53ed894,9.92
25633,2019-08-04T12:41:55Z,257206d3f59df5c426a9c735f4741cba6d792de1cbafe62289d383d7,60.16897,24.95222,00000000aa852af1,17.4
25634,2019-08-04T12:41:55Z,2607d1b2fc6e31a80348fffbed68a7d3a8e0212f197f2d1c573c587b,60.14947,24.91438,000000004ef3150d,4.94
25635,2019-08-04T12:41:55Z,269124e75b1e74a7c7dc93b778e02f04d0a53e069a90081c0938ee4c,60.14699,24.922,00000000a53ed894,11.7
25636,2019-08-04T12:41:55Z,274e0815ea908a282a87fa9a2625a03aa28af05d02828c2c7ac9fc10,60.149,24.9843,00000000fffb8cf0,18.79
25637,2019-08-04T12:41:55Z,28b43564f7156b67db7cb7b779e948986d7610f921490f9030379704,60.16897,24.95222,00000000aa852af1,5.91
25638,2019-08-04T12:41:55Z,2969cdb120f2d285c556abfe5bac2f8090571f61aba227a474a534d2,60.17065,24.93641,000000000f4919c9,20.28
25639,2019-08-04T12:41:55Z,29a1ee6c0907a00ec6b6dcbb187f5c31d1a11b261aabd339210ee013,60.16897,24.95222,00000000aa852af1,10.78
25640,2019-08-04T12:41:55Z,2bc95bfe257249215913b47f8544606d478783f0530c688972c2f11f,60.16629,24.95957,00000000fb7600be,23.56
25641,2019-08-04T12:41:55Z,2ee2e108ed9051b1ccf4d3ee89931dfd53170af0b558fa6579b83e8d,60.15432,24.9211,0000000019fb59c4,9.92
25642,2019-08-04T12:41:55Z,2fabc4773758a12492d31bdfe6b37e6523ae8caabecda356d33dce41,60.15432,24.9211,0000000019fb59c4,18.79
25643,2019-08-04T12:41:55Z,30a6bed86e2e8cacef2646dd90a47eccb0b7a11d9db2ac916c89cefd,60.16829,24.94214,00000000afef4555,17.4
25644,2019-08-04T12:41:55Z,32708990f2c831e65f70f2682baf5188fc93348b9a9e78ada8db2bf4,60.14947,24.91438,000000004ef3150d,1.88
25645,2019-08-04T12:41:55Z,33ec502792a84f23fed03cf16e483d153c65e2850a2549f47034726a,60.16762,24.95415,000000006b44cce7,11.7
25646,2019-08-04T12:41:55Z,3459042c03cbb672a039f7f14a6b99b84f839b0598f9e48bf4dd95f5,60.14699,24.922,00000000a53ed894,18.79
25647,2019-08-04T12:41:55Z,347c2747f8b58cdc6f96b541d1a35f2c0e182b542706a38e0ce7ef4a,60.149,24.9843,00000000fffb8cf0,7.69
25648,2019-08-04T12:41:55Z,349dd839e41cff363cc4b935496e52b93be15233e508aa82987859bd,60.16075,24.95883,00000000f1124bca,13.75
25649,2019-08-04T12:41:55Z,34bf3e380e2a914953cf9b98fa3d965c890a9f6ed7a0ce833012b9f5,60.16762,24.95415,000000006b44cce7,25.36
25650,2019-08-04T12:41:55Z,34f282042837e6b8407c31fd6c880bdbb7071c56d76c4b6e5ba78819,60.14947,24.91438,000000004ef3150d,20.28
25651,2019-08-04T12:41:55Z,352427714fc6e8591df6bd227dde05d3b7ba0881742eee4ae750dcc4,60.15432,24.9211,0000000019fb59c4,27.28
25652,2019-08-04T12:41:55Z,35a958343879c000cfc3f0c01afbc7d54934265828677bf4aefef84f,60.14699,24.922,00000000a53ed894,12.69
25653,2019-08-04T12:41:55Z,35e6e075578d7a51e510bf8904bde33f1d117264eea0917db98d4808,60.16897,24.95222,00000000aa852af1,18.79
25654,2019-08-04T12:41:55Z,3721331dbb97151d17938ed835ffc7208eba26fba6100c62870a3a4f,60.14947,24.91438,000000004ef3150d,10.78
25655,2019-08-04T12:41:55Z,377af6064f021cc5b46c99fdabf1b59cb6cb7af94bd8d605697c3b37,60.16762,24.95415,000000006b44cce7,13.75
25656,2019-08-04T12:41:55Z,37945fa4e7409fab98aa8bde45081f5bd083def0059485274ad552c0,60.17919,24.95181,000000007b5207b6,7.05
25657,2019-08-04T12:41:55Z,37c5fa285cfc1de3c5363b53a2909ca0f43381a381ee6fc132d5ba8f,60.16897,24.95222,00000000aa852af1,23.56
25658,2019-08-04T12:41:55Z,388cc7c522b659745d13c0c707774680483a0c8dc7f1266ab35d91e3,60.16762,24.95415,000000006b44cce7,16.1
25659,2019-08-04T12:41:55Z,39310ebca1ad756aa2bfcb16c912cb7003ef3e7286a1f037603ade61,60.14699,24.922,00000000a53ed894,8.38
25660,2019-08-04T12:41:55Z,39f03a3a5fd777feee270921a7f51daec12ea679b542b0aaf2e808d7,60.149,24.9843,00000000fffb8cf0,13.75
25661,2019-08-04T12:41:55Z,3a6ce73ea4c03a14fc0d3d099e4698d3c1051a2e8e4bd552d5de394d,60.14947,24.91438,000000004ef3150d,9.12
25662,2019-08-04T12:41:55Z,3abc507346480858d62b69d6e29c3b0700ac193520668e17a4ce7cbb,60.16762,24.95415,000000006b44cce7,17.4
25663,2019-08-04T12:41:55Z,3be48824225ca9f2aea5653f6ce21181a76e67a8d4b8361f0cba1f8a,60.14947,24.91438,000000004ef3150d,17.4
25664,2019-08-04T12:41:55Z,3c21ef81eb62764c543cc53a1eb793a317f3443dd4838799b2dbd6ff,60.16629,24.95957,00000000fb7600be,14.89
25665,2019-08-04T12:41:55Z,3e4965f1ed580ddf80246b1b78cbc55b73c11d67573d9cede2a7ccf7,60.16829,24.94214,00000000afef4555,13.75
25666,2019-08-04T12:41:55Z,3e99999f43f3bd9e105e735eeb92531a4301e7f258c90535acfba9ae,60.16531,24.9442,00000000fdda10fe,21.87
25667,2019-08-04T12:41:55Z,3e9bb396fbc83c420e59acae7d393de6b4add7ec1dda523b9eaee7a5,60.16075,24.95883,00000000f1124bca,21.87
25668,2019-08-04T12:41:55Z,3eb138558a5cc58760a67df9709bc42cc329874e907981d33e0116ec,60.16762,24.95415,000000006b44cce7,18.79
25669,2019-08-04T12:41:55Z,3f395809cdaaaa1688c7d1cc770079bbf7ef1349e148bec5c8eacd57,60.16762,24.95415,000000006b44cce7,13.75
25670,2019-08-04T12:41:55Z,409be16c4d34b9e76ac22ea0e8e282da3e9d169fe77ff5ea52a72883,60.14699,24.922,00000000a53ed894,12.69
25671,2019-08-04T12:41:55Z,429363aca20efd1e564b3ac367b9eb4702cce1afbe6a22dccb543a7f,60.16075,24.95883,00000000f1124bca,17.4
25672,2019-08-04T12:41:55Z,42da4298ed9f522421f17714e024d9b8fe22e7546df3deeb8b139bd3,60.16075,24.95883,00000000f1124bca,6.46
25673,2019-08-04T12:41:55Z,43e1eab7f64d16e44a7ba2981efebc2152360e3841e16957d99a2e4e,60.14947,24.91438,000000004ef3150d,17.4
25674,2019-08-04T12:41:55Z,457d11209b95b153efb57d8f2641f2db0823e91a0d608fa0555a5b69,60.14699,24.922,00000000a53ed894,18.79
25675,2019-08-04T12:41:55Z,459ee564ad7aca128b70ae089395378da384eb1ff35cefde7d7f5736,60.16829,24.94214,00000000afef4555,14.89
25676,2019-08-04T12:41:55Z,4602ff9d03f6bf4fbb82976098cc1c73e7a7e754050401c772d1406e,60.14947,24.91438,000000004ef3150d,10.78
25677,2019-08-04T12:41:55Z,467a01a257fbaad22bd4aebafc8f284c9ad3effc429475e57c214e9d,60.14699,24.922,00000000a53ed894,6.46
25678,2019-08-04T12:41:55Z,473b521a4a8687b7493a051ebb0b7c97be75623f27fe056ca0a8a2bc,60.16448,24.97323,0000000053c6c2be,25.36
25679,2019-08-04T12:41:55Z,47bc9ff9097f9ef5f1862e48b4a42f6a9ddd30c4ef2b6eb43291a7a5,60.14699,24.922,00000000a53ed894,9.92
25680,2019-08-04T12:41:55Z,48f665ebb1a71b0d84fc02bd71918c5ab5608328db534639cbd2a255,60.14947,24.91438,000000004ef3150d,3.09
25681,2019-08-04T12:41:55Z,4a1a129202050ebeed57c0765b3c9d72574e077e2f6a1e0c6d2ce943,60.16531,24.9442,00000000fdda10fe,18.79
25682,2019-08-04T12:41:55Z,4a3d577d3ee3d826cbea528f3687f4006a366f46438733731c24ccb5,60.14699,24.922,00000000a53ed894,18.79
25683,2019-08-04T12:41:55Z,4b1050cc517631e36206d3528399c0b14748daec8c7d1b5dfa412299,60.15432,24.9211,0000000019fb59c4,4.5
25684,2019-08-04T12:41:55Z,4b2a241d832696fc878ceb269b0fbf4987989a0c3109bd2e8ac08170,60.16897,24.95222,00000000aa852af1,16.1
25685,2019-08-04T12:41:55Z,4b85388cdaec2b4c15b546160ee326d9668a5e5d3c7b08d0c539946e,60.17919,24.95181,000000007b5207b6,9.12
25686,2019-08-04T12:41:55Z,4be50f3eb033f3f46e3069049c8e0a34dc8a2607741c1764369ba4c2,60.16762,24.95415,000000006b44cce7,8.38
25687,2019-08-04T12:41:55Z,4bf75585466f0aafa2ed2956fe4b0f7235b4ba3a0606a52219b3156c,60.14699,24.922,00000000a53ed894,12.69
25688,2019-08-04T12:41:55Z,4cadc8cc23fd84febb6a8383030a34c97b3388a8c9ed7a64cc0f51a6,60.14947,24.91438,000000004ef3150d,10.78
25689,2019-08-04T12:41:55Z,4d4115f2971578ddc2428be944e2954c9e9a5472a818ec1805a022b2,60.149,24.9843,00000000fffb8cf0,12.69
25690,2019-08-04T12:41:55Z,4f3e7e318758c4e12c5f1a7fa243eb8a9e99dba13505ec56cdd71cdb,60.16544,24.95398,0000000038d83d41,29.32
25691,2019-08-04T12:41:55Z,50cb63669a1534d5187e4e76c7b10e57705b61e8237469a9afd253b8,60.16762,24.95415,000000006b44cce7,18.79
25692,2019-08-04T12:41:55Z,50e21d119f102cee2afe3ac7f1a32032527638769b05aca582d6ecb1,60.16762,24.95415,000000006b44cce7,4.94
25693,2019-08-04T12:41:55Z,514a3981fad6c695ac4940f09374b5d1c2e84d2ca835084ef8707714,60.16075,24.95883,00000000f1124bca,4.5
25694,2019-08-04T12:41:55Z,51b3c7870a399165f0d1d14f7d21688df32b0360f9cc6f3ca61890d8,60.16829,24.94214,00000000afef4555,2.3
25695,2019-08-04T12:41:55Z,52072bd384eaaf4a6958af5510ed039d194dee47f34667bc7bccbe0e,60.14699,24.922,00000000a53ed894,9.12
25696,2019-08-04T12:41:55Z,52939581c6c8dd3407dbf44ea9e90471e4bbadfb7e3740a0ba8324f3,60.14699,24.922,00000000a53ed894,10.78
25697,2019-08-04T12:41:55Z,52f0e69ca7a5cebe604c1f32308dc7f8870d1d85cd4b25ad17f706e9,60.14699,24.922,00000000a53ed894,8.38
25698,2019-08-04T12:41:55Z,5399ca5a9abed7a5da7a71e85cbeae837e42ee1dc94852ba2c16bcd1,60.173,24.92524,0000000096918cfa,23.56
25699,2019-08-04T12:41:55Z,54065d53a62079540c4be1e19eafa5dd581e8ec35da0c31844438e0b,60.149,24.9843,00000000fffb8cf0,11.7
25700,2019-08-04T12:41:55Z,5554305bad43a71cf98d83e92708c7474c1efc189392c1ea94231e9c,60.16531,24.9442,00000000fdda10fe,2.08
25701,2019-08-04T12:41:55Z,556a86b2e90ec03e679f4434e2ebcef0eb687cb52bafbd0d98d26c88,60.14947,24.91438,000000004ef3150d,27.28
25702,2019-08-04T12:41:55Z,56b8eace741e5227a40ea0a64601a737648080c63d6240b0dca632c4,60.16075,24.95883,00000000f1124bca,25.36
25703,2019-08-04T12:41:55Z,570dc61d53aec66ede39dfde66339640878453afc00cd1a55c60bca7,60.16544,24.95398,0000000038d83d41,25.36
25704,2019-08-04T12:41:55Z,571934189bf349efb6f596e76c21612cf9b82ed44913090169936048,60.17065,24.93641,000000000f4919c9,17.4
25705,2019-08-04T12:41:55Z,571e65d939060a58396de22fc44d8842fc9de986824670ad765ec596,60.16762,24.95415,000000006b44cce7,12.69
25706,2019-08-04T12:41:55Z,57f88614f91a133004ac1a6dea31a4090f899646a5f62ece691d87af,60.16762,24.95415,000000006b44cce7,7.69
25707,2019-08-04T12:41:55Z,583a35aa08fe45f96deb91a9f4b9317e86eddeee0d636cc11b3e2df8,60.16762,24.95415,000000006b44cce7,8.38
25708,2019-08-04T12:41:55Z,58411163d307bb308f9c94a9720e9ce5ab0ce4f5617cd2b1fcc2037a,60.16762,24.95415,000000006b44cce7,9.92
25709,2019-08-04T12:41:55Z,59877ef284214dfe0b2c083f64189c5fcf63aeff32538e30c60294fb,60.14699,24.922,00000000a53ed894,27.28
25710,2019-08-04T12:41:55Z,59b01cbdec8ff06fa6d50bac00c3f5f4c45132fc8a62800c08df5d6a,60.16629,24.95957,00000000fb7600be,17.4
25711,2019-08-04T12:41:55Z,5ad49b1df485697faf158be3cea0719c350ca503bd67590b1123e8fb,60.16897,24.95222,00000000aa852af1,23.56
25712,2019-08-04T12:41:55Z,5ae2070870c9dfbf35ba1d5d46239aa32753b4fffa2fed3f378f5e8c,60.16544,24.95398,0000000038d83d41,27.28
25713,2019-08-04T12:41:55Z,5bb54a365362fc3a1d1e4b4421c7b020c45f3274d1393340a1f89eb5,60.16762,24.95415,000000006b44cce7,7.69
25714,2019-08-04T12:41:55Z,5bf59468120b0262b74eebaba2a7ee8274f3c8165ddcf6f38eae92a8,60.16829,24.94214,00000000afef4555,23.56
25715,2019-08-04T12:41:55Z,5c160268bc9b4b619181ce421d9e58c258e6b59a342945fc29f0004b,60.14947,24.91438,000000004ef3150d,3.74
25716,2019-08-04T12:41:55Z,5c46671175475bc574d3a64fe85e1ce7792c14d29f1e79a39da24fa0,60.149,24.9843,00000000fffb8cf0,20.28
25717,2019-08-04T12:41:55Z,5cd5117066c75a1cb83d3896a7eba3f3472e133f0013ea7d4e95daaa,60.14699,24.922,00000000a53ed894,9.12
25718,2019-08-04T12:41:55Z,5d70086d53447ee393249cef33c7bae814c1d7c2e3055fc91b38786c,60.17919,24.95181,000000007b5207b6,8.38
25719,2019-08-04T12:41:55Z,5e44b2770fcd3ab47bae5954df365187d2183088b73b895edc47dcd8,60.14699,24.922,00000000a53ed894,14.89
25720,2019-08-04T12:41:55Z,5e7916ca910b02abf2d19906759663c23db63950a353fa546f55c8af,60.14699,24.922,00000000a53ed894,11.7
25721,2019-08-04T12:41:55Z,5ea49ba4de68e03664ec3a87f5de32434d7136b4f8323f022ff9df5b,60.16829,24.94214,00000000afef4555,4.11
25722,2019-08-04T12:41:55Z,5f3a358ea7ec56dfb2271af72ef34416785e497a3653bfb75ef822c3,60.16829,24.94214,00000000afef4555,13.75
25723,2019-08-04T12:41:55Z,6035eadbad92ef954f3cc58996e2cdacac2aab108cca21a86f5cf589,60.17002,24.94407,000000006b087f40,21.87
25724,2019-08-04T12:41:55Z,60d7fd34e511ad1565b92db2fbb5ef2908f7a273acceda524945e86e,60.16075,24.95883,00000000f1124bca,17.4
25725,2019-08-04T12:41:55Z,60d9b71ec38b796bf876dedfaf3112b49ff79677480c7603902857ae,60.14947,24.91438,000000004ef3150d,25.36
25726,2019-08-04T12:41:55Z,614ab7fba7255f6bf6f888e9a04d589962f756b3f427e658f10014f2,60.16075,24.95883,00000000f1124bca,7.05
25727,2019-08-04T12:41:55Z,6187e3415bcea985be770b4a90f3ed56fbfff1aa331759d34ccbd4ee,60.16897,24.95222,00000000aa852af1,29.32
25728,2019-08-04T12:41:55Z,62916b0c2a8ebabb938b5e97cb14eb89b2b32936d3fad04025ad5854,60.17002,24.94407,000000006b087f40,13.75
25729,2019-08-04T12:41:55Z,62a6fe2d9b3b5b4533c51253f8842428bd797b3c6a95a7816ec472ed,60.14947,24.91438,000000004ef3150d,20.28
25730,2019-08-04T12:41:55Z,634257ded5cc6c04eb832d437b55777b10829352768dadef19d3f64c,60.15432,24.9211,0000000019fb59c4,29.32
25731,2019-08-04T12:41:55Z,63defb71d4c3856253a0a2d67a5c370b91ad0527703b334a63fe5344,60.14947,24.91438,000000004ef3150d,7.05
25732,2019-08-04T12:41:55Z,64394b1287e19738900f57d5c7483e02866e40bc8241fc6f6fbecbcb,60.16762,24.95415,000000006b44cce7,5.41
25733,2019-08-04T12:41:55Z,643ef3f01a51bea3c4510d4060a945cd510e5189236d68f5c9489034,60.16829,24.94214,00000000afef4555,6.46
25734,2019-08-04T12:41:55Z,64638a9f9e6c9b32fc4b484b55e4934fcab6cb04605cc76d5f5534b7,60.17065,24.93641,000000000f4919c9,7.05
25735,2019-08-04T12:41:55Z,64e34af775b57908b23056a31d60ef3b005941f2e7c3db0c49df675d,60.17065,24.93641,000000000f4919c9,4.5
25736,2019-08-04T12:41:55Z,6516a10850095847a8156717b0fba05a9bdc9b5bfedd691ddb07f119,60.14699,24.922,00000000a53ed894,16.1
25737,2019-08-04T12:41:55Z,6525cc634176c25187e68e0d067bcfecfd78e399e93db4ee9d408b7e,60.17919,24.95181,000000007b5207b6,18.79
25738,2019-08-04T12:41:55Z,655204cb507ea9ae811105cdcd766161facaa9f729017a333f102391,60.149,24.9843,00000000fffb8cf0,5.41
25739,2019-08-04T12:41:55Z,65b3adca9ee7adbad7277ff62bf8d0019944180762113925a4e71d95,60.149,24.9843,00000000fffb8cf0,20.28
25740,2019-08-04T12:41:55Z,65de3b8621fadfc61e9d3657dc477ea9867f9d093f80cf0857dcad88,60.16762,24.95415,000000006b44cce7,5.91
25741,2019-08-04T12:41:55Z,66b9cea6cd979b4e9e391e0ef854e2cc38eca6fb9e166811e39edd11,60.16544,24.95398,0000000038d83d41,18.79
25742,2019-08-04T12:41:55Z,6723bebaab92d1a9f8b4318fd4f497a6dec6d7f8e0eafca443925213,60.16075,24.95883,00000000f1124bca,3.4
25743,2019-08-04T12:41:55Z,67591d427f60ba3c369ac0d78088fca7be33081501508d16401dd6cb,60.16762,24.95415,000000006b44cce7,4.11
25744,2019-08-04T12:41:55Z,6774ed72eaf69d7c4aaeeef90990f969954155bbcc52652e75e7deef,60.16829,24.94214,00000000afef4555,6.46
25745,2019-08-04T12:41:55Z,677c53ae4056d6cb123ca576ba5284664b1c7e3e88818bd19b5dd99a,60.17919,24.95181,000000007b5207b6,23.56
25746,2019-08-04T12:41:55Z,6875e3632a29207e29ded33617e66d55de5d8c7804fecedd6f1dfe12,60.14699,24.922,00000000a53ed894,5.41
25747,2019-08-04T12:41:55Z,6981f80baeddf7459b67845f82744390c976c013f3a4883a53556fc7,60.16762,24.95415,000000006b44cce7,20.28
25748,2019-08-04T12:41:55Z,698b200b63a644828a7314691a16af2af1bccef75d52abb5591a5542,60.14699,24.922,00000000a53ed894,16.1
25749,2019-08-04T12:41:55Z,6b6668d7ebecfb96a6ed3ca19e97f8da150943ddf1d034675d08a9b8,60.14699,24.922,00000000a53ed894,11.7
25750,2019-08-04T12:41:55Z,6b97071051ccf5db7e5ebee033d4f68d58ed6917ff2fac5b205a6605,60.17065,24.93641,000000000f4919c9,18.79
25751,2019-08-04T12:41:55Z,6c7e018abdf8462af7c7b003bc30f915184f7082e9e865a2c502eed5,60.14699,24.922,00000000a53ed894,7.05
25752,2019-08-04T12:41:55Z,6e7709b0a9e9956571d6880226fcc9402e5b8f406cf339d959c0cb2a,60.14699,24.922,00000000a53ed894,17.4
25753,2019-08-04T12:41:55Z,6f3dd17e40daabb4efe868f1b859dc00ecc01846f0a0e2b8db5d1413,60.17919,24.95181,000000007b5207b6,9.12
25754,2019-08-04T12:41:55Z,6f6424bbbaf60613d510509f7f01d817e2161b2043aeda1ad4f4723b,60.14951,24.92138,0000000006dd41f6,21.87
25755,2019-08-04T12:41:55Z,6f8d7717df843a7b0be6b0dd55e933ebbd9819bd96c48f210e193e4e,60.16829,24.94214,00000000afef4555,21.87
25756,2019-08-04T12:41:55Z,6fdf4cfc3a0774e204869ab43ef69c6306cc40c0fd8bbb0f8b505e3a,60.16829,24.94214,00000000afef4555,18.79
25757,2019-08-04T12:41:55Z,6fdfc33c6b609ea80b4a38ecf657bc68b7bf659752b51edcc22ffb54,60.16762,24.95415,000000006b44cce7,18.79
25758,2019-08-04T12:41:55Z,6ff93560ca77c6e5a25bc7441cf33cf7fa0138b3da4d99b2dbf5531b,60.14947,24.91438,000000004ef3150d,20.28
25759,2019-08-04T12:41:55Z,70c56152af84cf1bad4d19b0cb31202232b4cd4320ce5ea48895e42b,60.14947,24.91438,000000004ef3150d,11.7
25760,2019-08-04T12:41:55Z,71c360c0ae36f964d9ca7957d318abe8f1933c8220f225231eb33b39,60.18203,24.91341,00000000342570c2,27.28
25761,2019-08-04T12:41:55Z,72231bca658d3a16f3bf9c26ba5f13393b8377e4ab0b9ed3de6c811f,60.14699,24.922,00000000a53ed894,20.28
25762,2019-08-04T12:41:55Z,733618d50499022af0ec3b91abdc93b6f3f252adb6891da4956ba4fb,60.15432,24.9211,0000000019fb59c4,31.5
25763,2019-08-04T12:41:55Z,733f21ebebe353e10a55a74b40a0a480e6d276334d4f3d8bcf85b711,60.16075,24.95883,00000000f1124bca,13.75
25764,2019-08-04T12:41:55Z,759f94c852ff15ca91c3138913c3858c4801702f8f0514ae82fb2a19,60.16897,24.95222,00000000aa852af1,14.89
25765,2019-08-04T12:41:55Z,7664b7f08aaa059ecf6646a595c33fae0c80715febe63e31f45a4662,60.16762,24.95415,000000006b44cce7,5.41
25766,2019-08-04T12:41:55Z,773cde2fe905572767422dd8f7b13c6579d615ef03314b665c7bf40f,60.16762,24.95415,000000006b44cce7,12.69
25767,2019-08-04T12:41:55Z,777cceac7be6303a1c82f7cc68061528b01e3aa1b3aa6481cad9e5e3,60.16075,24.95883,00000000f1124bca,4.94
25768,2019-08-04T12:41:55Z,77a12194b9a6789f4b2b8c07ae7fce3c2b531cb221e5fa7ca5deae55,60.16897,24.95222,00000000aa852af1,9.12
25769,2019-08-04T12:41:55Z,79bde23c1a8980f93a65e14306f0d8ea89e164430d8b991e2bfee82e,60.16531,24.9442,00000000fdda10fe,12.69
25770,2019-08-04T12:41:55Z,79d30a3ef05e3d34450d1c975b3fa9d21b994f078f943db791239b07,60.14699,24.922,00000000a53ed894,18.79
25771,2019-08-04T12:41:55Z,7a0c0b525f2d3eed6c873bd3b8d27bede551fe4a428ac15c23deadae,60.16075,24.95883,00000000f1124bca,31.5
25772,2019-08-04T12:41:55Z,7a4a06d20ebe57d94e5fceeaf47d5b56ad9a515818e9c20e21a80e61,60.16629,24.95957,00000000fb7600be,18.79
25773,2019-08-04T12:41:55Z,7ab335e046f7f3597f8f615a90857885e35cfecefebd5d24bbf0af90,60.16075,24.95883,00000000f1124bca,9.92
25774,2019-08-04T12:41:55Z,7ad93fed82e41ea4422fa101badc698b0328c3ebf0f6b73c5164d438,60.16897,24.95222,00000000aa852af1,13.75
25775,2019-08-04T12:41:55Z,7af6672e274ebe27cdb785373a857fc5bcad92a386c36dbe3221d4f4,60.14947,24.91438,000000004ef3150d,9.92
25776,2019-08-04T12:41:55Z,7b1c2b4a083f1544ffd4b5e2e87ab8a58a7bb64abb0f8ce3e53b2ed2,60.14699,24.922,00000000a53ed894,25.36
25777,2019-08-04T12:41:55Z,7be762f58d54665c5e6668eb2fb3eae7201522ddff196bbc5eb731f0,60.14947,24.91438,000000004ef3150d,18.79
25778,2019-08-04T12:41:55Z,7c9213d7d9786431a8781a665fa1b7091507aa244d28b85d07a1399a,60.17065,24.93641,000000000f4919c9,31.5
25779,2019-08-04T12:41:55Z,7d9a3d84c09c3a8d6876389e216e0278048d6b924890fb275a078ffb,60.16531,24.9442,00000000fdda10fe,0.5
25780,2019-08-04T12:41:55Z,7e31a4896ab0ff539440898dfabd8305df79869bff52da941016d1cc,60.1538,24.95595,0000000038bf9618,29.32
25781,2019-08-04T12:41:55Z,7e76449e59f1e3a1a615b54408115353fbb14d815390d03a73b1a7bb,60.14947,24.91438,000000004ef3150d,8.38
25782,2019-08-04T12:41:55Z,7f2f97e26d55f653ed70260ea4f893d01a3984cbdf6d7a3bfb2641de,60.16829,24.94214,00000000afef4555,4.94
25783,2019-08-04T12:41:55Z,7f3c9dd2c7352cb81fb186a7d700841d2bcb47cd8ea0d5f8719b5908,60.16762,24.95415,000000006b44cce7,5.91
25784,2019-08-04T12:41:55Z,7f786ec8e06f1ca3bdd10fc60d0114baf354125b8f6cf796d197f4cc,60.16075,24.95883,00000000f1124bca,8.38
25785,2019-08-04T12:41:55Z,7fe10e69931c2d658099a314f3fce64865329e12a7b834c375e2d5d2,60.14699,24.922,00000000a53ed894,9.92
25786,2019-08-04T12:41:55Z,80cbcb887f3e351e3bef7c5f53dccc578cc3494feec514aed7015c0d,60.16075,24.95883,00000000f1124bca,9.12
25787,2019-08-04T12:41:55Z,80cc39b04598f971820e63498fd27ae72a12a45a60c220fe625b282a,60.14699,24.922,00000000a53ed894,17.4
25788,2019-08-04T12:41:55Z,8164c6a1ba8bb70b66a8eb236262d7f6defe7d476295595f37375f95,60.173,24.92524,0000000096918cfa,21.87
25789,2019-08-04T12:41:55Z,82411c6526228322a61f59259f13adf7cde62bd767587b6735867705,60.17919,24.95181,000000007b5207b6,7.69
25790,2019-08-04T12:41:55Z,83121a75723643c48e3c3b0a3ea5fccb532046432ca445833e8de06a,60.16762,24.95415,000000006b44cce7,0.34
25791,2019-08-04T12:41:55Z,848fe01e24ccc782e5968171f53ea31d28f20a455c45d8bac8fb7374,60.173,24.92524,0000000096918cfa,10.78
25792,2019-08-04T12:41:55Z,849a662d95d4185421aff7c6213ba5d7b84cfc58c9fb30ff34054e4c,60.16075,24.95883,00000000f1124bca,10.78
25793,2019-08-04T12:41:55Z,85ae2fb0d86e4b0b584d5ad52913239834a7534824072f7f160f3982,60.15432,24.9211,0000000019fb59c4,29.32
25794,2019-08-04T12:41:55Z,85d66944a64cfde859e7e08ca4b79f3b39d5b03141d500fe7ce73f7e,60.14699,24.922,00000000a53ed894,9.92
25795,2019-08-04T12:41:55Z,85d67c3be46ecb66832dfd9090a931e1be3dd056f718ea6786622131,60.16897,24.95222,00000000aa852af1,18.79
25796,2019-08-04T12:41:55Z,868cd7608ed6beb209db2aad8c71f56b8aec3a6b453be18e4af217a2,60.17065,24.93641,000000000f4919c9,21.87
25797,2019-08-04T12:41:55Z,87cbb5265cd1cc3213ddb5ed9ed2a599ddb7db0b0747121d649b0ae3,60.16544,24.95398,0000000038d83d41,23.56
25798,2019-08-04T12:41:55Z,8822ffe19dec49fe874ac377de5a0504e931e342ecc1f5b1fcb939e5,60.16897,24.95222,00000000aa852af1,14.89
25799,2019-08-04T12:41:55Z,885bcc6af7d0aa9718fe1030e32ffff1de5171ae5ef67cf0011874fb,60.14947,24.91438,000000004ef3150d,5.41
25800,2019-08-04T12:41:55Z,8947a5209f3b32173d3dc72792039edf94a2711741ab041b62b30643,60.16762,24.95415,000000006b44cce7,2.8
25801,2019-08-04T12:41:55Z,896f7e896dc6f1ea44b82bf968a988cc10c358ee34821d9d7a4bd07a,60.14947,24.91438,000000004ef3150d,5.41
25802,2019-08-04T12:41:55Z,8a08b2de43a9ef03cf96610718c908e69dcacc59f536a7135b7bb542,60.16629,24.95957,00000000fb7600be,18.79
25803,2019-08-04T12:41:55Z,8b641985c793a3f25a45b2460cb01f5baa6f339c6dd26ba7752d8a7a,60.16897,24.95222,00000000aa852af1,13.75
25804,2019-08-04T12:41:55Z,8ba6cfc17ca70e8304994e018ebd5eb2003177062cde05925d5cacb3,60.173,24.92524,0000000096918cfa,20.28
25805,2019-08-04T12:41:55Z,8d73f674010f5cb02e8f20251ed86a9afcb7f6b3926039470296bd00,60.17065,24.93641,000000000f4919c9,17.4
25806,2019-08-04T12:41:55Z,8d8a869e83fe2ac29e791666634a33af3ea4048ea4e752b6fb1e238c,60.14947,24.91438,000000004ef3150d,10.78
25807,2019-08-04T12:41:55Z,8dcf139eb279bcc2696420ba9da858e361600ff02cd29587f66660ec,60.16897,24.95222,00000000aa852af1,16.1
25808,2019-08-04T12:41:55Z,8f9026cfff0b3ccd2e7a22e5767bee52b08ab5630d1c6ac046bf7f39,60.16544,24.95398,0000000038d83d41,29.32
25809,2019-08-04T12:41:55Z,9023a89a49a372e5f97cf86ef1b5de0164eb67cc10d394d383ab75fd,60.16829,24.94214,00000000afef4555,13.75
25810,2019-08-04T12:41:55Z,920dc90f60b295267f63efc8f968408087b71878dc3f49f0ded1c41e,60.17919,24.95181,000000007b5207b6,17.4
25811,2019-08-04T12:41:55Z,926717d61529080dfc4c7f8cdcdc82c6490d2a5129474524b8c40ea4,60.16829,24.94214,00000000afef4555,18.79
25812,2019-08-04T12:41:55Z,93a2100e233b204243f7e69b68dea7c9a145d1b5384bd18359bf87a3,60.16531,24.9442,00000000fdda10fe,2.54
25813,2019-08-04T12:41:55Z,93e409819362e2429a43710ff4330bd3ed83011b73ae438dd7fb62d8,60.16762,24.95415,000000006b44cce7,10.78
25814,2019-08-04T12:41:55Z,94237bc673d78a307ecc9da6df18d0b37e632b8cd6709f81081f000a,60.17002,24.94407,000000006b087f40,13.75
25815,2019-08-04T12:41:55Z,9575ef1c44f26f0301d726029c8b1c28011a4724496943451bee6544,60.14947,24.91438,000000004ef3150d,11.7
25816,2019-08-04T12:41:55Z,9604244c18efd5978b809f021651f7743e0e64da38fcf3718f9b4f93,60.14699,24.922,00000000a53ed894,7.69
25817,2019-08-04T12:41:55Z,97264f5808fa13851dacabf0c98525eec29849ff4b6a744cc777fd5b,60.16075,24.95883,00000000f1124bca,11.7
25818,2019-08-04T12:41:55Z,9736a8a29aee134a307e0cd4221e9b0a2ab7c48befee43fc62e9f9bd,60.14699,24.922,00000000a53ed894,5.91
25819,2019-08-04T12:41:55Z,9862cafd709b75d07c83b397773e0cf33564666cb81814bdbf5e54f2,60.16897,24.95222,00000000aa852af1,25.36
25820,2019-08-04T12:41:55Z,9868033d7f0d18f01d12a4034f37bf5d6e51e5ed9124c68d4b8b8e6c,60.14947,24.91438,000000004ef3150d,4.94
25821,2019-08-04T12:41:55Z,9885627881a266e5cf401516e009049e859d738e2e019be570f4b4d8,60.16448,24.97323,0000000053c6c2be,12.69
25822,2019-08-04T12:41:55Z,98bb3b6f5e2403b14b8e01616c07b03bb1fd153ded656033d7bd3533,60.16075,24.95883,00000000f1124bca,2.3
25823,2019-08-04T12:41:55Z,992f6feda52c82ad67e40af55b5602bb22411020701998c6bd65faed,60.16762,24.95415,000000006b44cce7,7.69
25824,2019-08-04T12:41:55Z,99334da99912e6d4b516e02432e7f88db5a5b87f635722bc3a8b38a6,60.14699,24.922,00000000a53ed894,29.32
25825,2019-08-04T12:41:55Z,994b630283c750a0b697359e32c4bd06d5b4a32d2edb6c12cce42b32,60.16829,24.94214,00000000afef4555,12.69
25826,2019-08-04T12:41:55Z,9a9db814dfa74ca2c2d51496299715310e81c6e6525cc9d2cb0762eb,60.16897,24.95222,00000000aa852af1,23.56
25827,2019-08-04T12:41:55Z,9ac4c3176875b59567d28bf01df0c9490620902ff082fd0b93d15cb4,60.18203,24.91341,00000000342570c2,36.27
25828,2019-08-04T12:41:55Z,9acffb3f8b8720e2de83c8cfd41915d268d5eca34e0bd280eed3e6f4,60.16897,24.95222,00000000aa852af1,13.75
25829,2019-08-04T12:41:55Z,9b03b610755f4cec2e9d83a9763204e758a075614b125210bc914df5,60.16075,24.95883,00000000f1124bca,14.89
25830,2019-08-04T12:41:55Z,9bad872c31c8c5e53f064b5367350b41271d45ca8a9e508136622800,60.16897,24.95222,00000000aa852af1,9.92
25831,2019-08-04T12:41:55Z,9bf4a5d763fa921335be6c141a0c9fd769fcb2f4c5b40b85a1c99c71,60.14699,24.922,00000000a53ed894,14.89
25832,2019-08-04T12:41:55Z,9e3d4a4b1acd94d2896cd7cf56419110f06ea96faae37aadebd4ec77,60.14947,24.91438,000000004ef3150d,8.38
25833,2019-08-04T12:41:55Z,a1b52cda133b45cf931b9e31d4037fb841f80432e99d6a000beeadc8,60.17002,24.94407,000000006b087f40,17.4
25834,2019-08-04T12:41:55Z,a22736c5d66f417bc6b745f51492549dc2e5a3c766f5e7e23f183b41,60.14947,24.91438,000000004ef3150d,8.38
25835,2019-08-04T12:41:55Z,a2e771418a36fc43aa9719d034aa9e3a7a751c5123e4bd33cc2aeea7,60.16531,24.9442,00000000fdda10fe,23.56
25836,2019-08-04T12:41:55Z,a38a21a97a054541f0423f03758c70227116c05254958373e3e93ad0,60.14947,24.91438,000000004ef3150d,18.79
25837,2019-08-04T12:41:55Z,a3d228482bfdd3dbdfaee1ff72b6ac00c2ee8c05e949047ce9117783,60.14699,24.922,00000000a53ed894,12.69
25838,2019-08-04T12:41:55Z,a422a30ec1eb058c7930e1352297c161639faa5b3ca5f5fa47c4adb3,60.14947,24.91438,000000004ef3150d,9.92
25839,2019-08-04T12:41:55Z,a47f8d59e11da7fa47e0cbe518b593e023018f122d5710ffbb775c0f,60.16829,24.94214,00000000afef4555,23.56
25840,2019-08-04T12:41:55Z,a4f416ec0941bb365e3665d7fd224fad15d74225e8ce9f6dd6368bc7,60.17065,24.93641,000000000f4919c9,21.87
25841,2019-08-04T12:41:55Z,a6158fc663b4931ef4e811a4acf62ab2f658241775e200b14684f87d,60.16897,24.95222,00000000aa852af1,17.4
25842,2019-08-04T12:41:55Z,a6484386e3b96e03bba2e837ed3ccbed2e2adb2e7b945583013cb0f2,60.1538,24.95595,0000000038bf9618,27.28
25843,2019-08-04T12:41:55Z,a66c6aaed06f5e4b2cde2b0e598cf422548fdbb7d08dfb741f857ec2,60.16762,24.95415,000000006b44cce7,18.79
25844,2019-08-04T12:41:55Z,a6f944078dd26796f5a849ccb6fdf8a4436f913cf3302597c846462d,60.16762,24.95415,000000006b44cce7,9.12
25845,2019-08-04T12:41:55Z,a7472d1b63171c047444981df223670390009e3ea502132d9963e9fb,60.14947,24.91438,000000004ef3150d,8.38
25846,2019-08-04T12:41:55Z,a794d97e26d3678bb11b4364880414bb7bfac4bb49d1867b37b489f7,60.14947,24.91438,000000004ef3150d,9.92
25847,2019-08-04T12:41:55Z,a7cce3f9a15a6ef0eb226d7d512132b28b0f60f3ee1ac61caae74b67,60.16448,24.97323,0000000053c6c2be,27.28
25848,2019-08-04T12:41:55Z,a8bd45406d5913e098652d4c2d836339758e08d21bf5d88becabdd36,60.14947,24.91438,000000004ef3150d,9.12
25849,2019-08-04T12:41:55Z,a8df2631c2442628608c1f0352c896eb532a6ca08c85de2c77360aa8,60.14947,24.91438,000000004ef3150d,8.38
25850,2019-08-04T12:41:55Z,a9383e1c3d9b3355965662ff18ad95dfb64daa5d8e71fc20e7e50df7,60.14699,24.922,00000000a53ed894,17.4
25851,2019-08-04T12:41:55Z,aa076c3f0d09145aebbb750dde9849ba4eb6759e92ba5753280184d6,60.16762,24.95415,000000006b44cce7,9.92
25852,2019-08-04T12:41:55Z,aa5773b59ce2bf1eee53e4e77cd3c261465d2ea538c9a85b8de30cd8,60.14947,24.91438,000000004ef3150d,8.38
25853,2019-08-04T12:41:55Z,aa6d51fc5411b69567cb854360c4a81267eac19446946eb27618306a,60.14699,24.922,00000000a53ed894,11.7
25854,2019-08-04T12:41:55Z,aba0a0ba8ac6fa1709e38c64f963a344afc317eae50c6141b2315763,60.16897,24.95222,00000000aa852af1,31.5
25855,2019-08-04T12:41:55Z,ac36860ddd2d60f33c730b2ecc540578d8edcf2c1e8c55e897d76d93,60.14951,24.92138,0000000006dd41f6,21.87
25856,2019-08-04T12:41:55Z,acdcc8ae1d1c6bb055dfc108154eae58b4b894f0ce1ff174c1065c7e,60.16762,24.95415,000000006b44cce7,9.92
25857,2019-08-04T12:41:55Z,ad8af809ed47a3391bb53d11da159b3a8b0ddc264d94c049ce72bda0,60.17065,24.93641,000000000f4919c9,0.41
25858,2019-08-04T12:41:55Z,ae08ba8b9f7ef2a4326d6d7bbf452a87d08f8062feaf20cb7101d414,60.15432,24.9211,0000000019fb59c4,14.89
25859,2019-08-04T12:41:55Z,ae828cc3f1fa739d818186776cff673c88a05d0f3dedfb4a765a54fd,60.16829,24.94214,00000000afef4555,4.11
25860,2019-08-04T12:41:55Z,ae87b8dd8920695bc9e599874667205991c04e30666d8523f0be4350,60.14947,24.91438,000000004ef3150d,2.8
25861,2019-08-04T12:41:55Z,aec4b11f0b1ec075878ca4a3b94da464f6fc96e330b913d5bfd346b0,60.16897,24.95222,00000000aa852af1,4.5
25862,2019-08-04T12:41:55Z,af2076810e26511562c652d7bb56794c120526dbd4919212167cc3ed,60.16897,24.95222,00000000aa852af1,20.28
25863,2019-08-04T12:41:55Z,af8d59ebae9a22f7ba004eab4dcac2f4560a935bf6a7f9e2ffc0d0af,60.14947,24.91438,000000004ef3150d,13.75
25864,2019-08-04T12:41:55Z,b11910a4d628e08056481b347d9a80d6edb23f1f2612beaa24606c8b,60.16762,24.95415,000000006b44cce7,14.89
25865,2019-08-04T12:41:55Z,b12b27061f30d5659794f14cbed5e4726c5af1ef526611d3b2dded29,60.14947,24.91438,000000004ef3150d,6.46
25866,2019-08-04T12:41:55Z,b26280ff7943c2f2f00f94125547cbdc285e6c43b7d0a5819c2eac87,60.16762,24.95415,000000006b44cce7,17.4
25867,2019-08-04T12:41:55Z,b26a9be85f5fd17ea58397762fa55db3c8f68fb709d586d61527c892,60.16829,24.94214,00000000afef4555,6.46
25868,2019-08-04T12:41:55Z,b27b090bd1bd9828dcb6ddbd0a1394e4aa097974747dff90ba0eff71,60.16897,24.95222,00000000aa852af1,10.78
25869,2019-08-04T12:41:55Z,b3e9da5a37ed8ed450753cb7443e607ed1de2af685bad5be61b3e91c,60.16075,24.95883,00000000f1124bca,13.75
25870,2019-08-04T12:41:55Z,b41cc64d7ab4e16a03573bdc3b5863c4b402ec66c7780c7900c02877,60.16829,24.94214,00000000afef4555,11.7
25871,2019-08-04T12:41:55Z,b523d3f8341906e4b3877ff7d9614b4e10d6bbf10afdcc6c53656c8f,60.17065,24.93641,000000000f4919c9,12.69
25872,2019-08-04T12:41:55Z,b619a20a2a26eeb9431f9666cf192254bb2263e09f6560a5ff68f8f0,60.1638,24.96846,00000000d747f075,33.81
25873,2019-08-04T12:41:55Z,b7039958be9f53a3eaed97f705a1974815f52f25226e920155397bec,60.16075,24.95883,00000000f1124bca,20.28
25874,2019-08-04T12:41:55Z,b81e80c4efa2f6bf7a24861abfd0f0fb5672f1512dc7545a1d387f7f,60.16762,24.95415,000000006b44cce7,3.4
25875,2019-08-04T12:41:55Z,b8201571cb5ac01b7db7af4fba6c7ff58336a3f03d0fe13edf985c41,60.173,24.92524,0000000096918cfa,23.56
25876,2019-08-04T12:41:55Z,b82ba472f0cb919b39c31b9c737f1608f6a31ffa63352768f9fa12ea,60.16829,24.94214,00000000afef4555,7.69
25877,2019-08-04T12:41:55Z,b92c7fb1d77c3f326d59dbe2689bb5b8ff10fcd691f28b36aa98408c,60.17002,24.94407,000000006b087f40,20.28
25878,2019-08-04T12:41:55Z,bb0193f2b0ac4801fe82ed5cec75e687465d707d92e731047f81650f,60.1538,24.95595,0000000038bf9618,2.8
25879,2019-08-04T12:41:55Z,bbe1e18f88cf88928067a0221965768c1f2ae264291cea564d7eb7e8,60.16897,24.95222,00000000aa852af1,10.78
25880,2019-08-04T12:41:55Z,bbe7947ea50de5986f237ccab5782ddb55c199ad6a81e8f692670d0c,60.16829,24.94214,00000000afef4555,11.7
25881,2019-08-04T12:41:55Z,bbeaad18acdd3a2602aa5b07ab6ae8df489cb499c4490b3e6f561a5e,60.16544,24.95398,0000000038d83d41,20.28
25882,2019-08-04T12:41:55Z,bbf8cd606b9732370f1c0ae0e68d6d0663a23102d831dd10c0e74819,60.16897,24.95222,00000000aa852af1,14.89
25883,2019-08-04T12:41:55Z,bc07df8cc395f6f4f5d483b2233caca5f93a6918f346e4cc3702f8cc,60.16531,24.9442,00000000fdda10fe,13.75
25884,2019-08-04T12:41:55Z,bc478512e217b12ec7e01e1ce8247d394a57fb0c0cc72940f562adc2,60.17065,24.93641,000000000f4919c9,21.87
25885,2019-08-04T12:41:55Z,bd33b7ad8d89c8c1958de09b4900b5ebc62ed61b9decf094268b04d0,60.16762,24.95415,000000006b44cce7,8.38
25886,2019-08-04T12:41:55Z,bddca8fc17056f9f207a259070e281eedf4cea3e8e22093b88bbd7b5,60.14699,24.922,00000000a53ed894,9.12
25887,2019-08-04T12:41:55Z,bdff3780e8c8abfdca39eab1fa9d3bfc75b96e015b7c6ea951de3215,60.14699,24.922,00000000a53ed894,11.7
25888,2019-08-04T12:41:55Z,bebf1edb9736fe66391376c4cf2a3033ab9fa83ae21f86b66392e2d0,60.16762,24.95415,000000006b44cce7,10.78
25889,2019-08-04T12:41:55Z,bef86aee891e6813146b3b9679809c39591429ebddf99a44cc9a60ed,60.14951,24.92138,0000000006dd41f6,18.79
25890,2019-08-04T12:41:55Z,bf2e5725b255e320f1e8375ec03f55194f1fd9f751be9629d873a5c8,60.14699,24.922,00000000a53ed894,4.11
25891,2019-08-04T12:41:55Z,bf992d3cd95a73f02d7223eaffe90a94e3e1e98a8c6759bab631b5b0,60.14947,24.91438,000000004ef3150d,16.1
25892,2019-08-04T12:41:55Z,c0722f63618f97eb8ec4afac1a8538b81a3c87e623d753ad1201bf7c,60.16075,24.95883,00000000f1124bca,5.91
25893,2019-08-04T12:41:55Z,c1e4323d2276cb6e358f5fabb123294e7a0ef87e7169f3cccc8f2e03,60.16075,24.95883,00000000f1124bca,10.78
25894,2019-08-04T12:41:55Z,c22d0093a8d103f59838ad43218fa834e328847e5094bcb2e98d5307,60.16829,24.94214,00000000afef4555,5.91
25895,2019-08-04T12:41:55Z,c261834e6d2c1bd9adddb82d8c6ce2d8aad82a89e32da62f3fcc6063,60.16075,24.95883,00000000f1124bca,4.11
25896,2019-08-04T12:41:55Z,c2df6019d8d482b8e842c4255041699db5564f71198829142be74c80,60.16762,24.95415,000000006b44cce7,12.69
25897,2019-08-04T12:41:55Z,c36d58ed0e0dddb3e26be1214e369db1c3fa3d4bcf8b53536a25239b,60.17065,24.93641,000000000f4919c9,4.11
25898,2019-08-04T12:41:55Z,c3be6dcc2c0542676c20d28ce38adbe2c0b9be09caa3f22e60210636,60.16075,24.95883,00000000f1124bca,9.12
25899,2019-08-04T12:41:55Z,c3e5ee20ca76f7347fda00c4c2fdee291bc6d843a879b26fbdd70390,60.17065,24.93641,000000000f4919c9,27.28
25900,2019-08-04T12:41:55Z,c551d554f64ffda092ce6c4a6715f0ed438c9649f7676b2944f1ea2f,60.14699,24.922,00000000a53ed894,16.1
25901,2019-08-04T12:41:55Z,c593e91b10da944a20d25c4237bda2fae759d288cea38bcaaee3abfa,60.16448,24.97323,0000000053c6c2be,21.87
25902,2019-08-04T12:41:55Z,c633a260ce59bad4e1ca42f12936ed8ae57a40f5e6528dfb70052c43,60.16897,24.95222,00000000aa852af1,7.69
25903,2019-08-04T12:41:55Z,c905a50dedd9b3d2114cde9160b7adf83adc09683b65598ce24c4047,60.1538,24.95595,0000000038bf9618,21.87
25904,2019-08-04T12:41:55Z,c9822d9c012b25f745a2934c523f3c9e6db75fbe3f5e673475813381,60.15432,24.9211,0000000019fb59c4,10.78
25905,2019-08-04T12:41:55Z,cad80f69731ad65f7f14bf400d674e0c42de462bd42db112c9d9f261,60.16075,24.95883,00000000f1124bca,25.36
25906,2019-08-04T12:41:55Z,cb3f05d5604f5532e039e6d40514b13aba8f6274d952bb17a8b801fc,60.15432,24.9211,0000000019fb59c4,25.36
25907,2019-08-04T12:41:55Z,cbc336691f17a9c508549e03d522166247a0cd0a944321c1a7d15525,60.14699,24.922,00000000a53ed894,17.4
25908,2019-08-04T12:41:55Z,cc2cf42c6b14536fb92c810ff0e3dd5a3caa74236f14246a5b6e8cdc,60.16762,24.95415,000000006b44cce7,5.91
25909,2019-08-04T12:41:55Z,cd2346f3db5667fe43eb0d974ddf486ce9722fe427e98ee232d1ba12,60.14951,24.92138,0000000006dd41f6,18.79
25910,2019-08-04T12:41:55Z,cd3e127e27387b6e06cdf27f46fb6046e4182e4d7b49b49c17167c1c,60.14947,24.91438,000000004ef3150d,8.38
25911,2019-08-04T12:41:55Z,cd4867e8bfd7af028b5546f9acfa77ecb7ff107d7c09d62186ecbbd7,60.16075,24.95883,00000000f1124bca,14.89
25912,2019-08-04T12:41:55Z,cd4ecd3b83630f6e5d65f635804e47a1ceb82853aac36af30044f06a,60.149,24.9843,00000000fffb8cf0,21.87
25913,2019-08-04T12:41:55Z,cd9b2be9ffb37c8b7c5c25f587c95b1c7932a21fb245487ea2f740d9,60.14699,24.922,00000000a53ed894,11.7
25914,2019-08-04T12:41:55Z,ceb777dafa9b7e39125b89735b7f0cf22c3018eb0196043ac8160370,60.14699,24.922,00000000a53ed894,16.1
25915,2019-08-04T12:41:55Z,cef1d06a10cfa08bcaef8b36535c2ec32c756a76cc0d5c2a1246f933,60.14699,24.922,00000000a53ed894,7.05
25916,2019-08-04T12:41:55Z,cf348d1ad8b56dd43f377926c2a3f3a9436d35fc378964335639effa,60.16829,24.94214,00000000afef4555,25.36
25917,2019-08-04T12:41:55Z,cfa42322be0000cf89d8969d1b88ace0ba99cab721dd58d55d41a36e,60.17065,24.93641,000000000f4919c9,13.75
25918,2019-08-04T12:41:55Z,cfc2a688ff31fbb1baac8790fb6d56dc7746ba2cf9e0e5f39d4751a4,60.14699,24.922,00000000a53ed894,7.69
25919,2019-08-04T12:41:55Z,d098b9b5b30c5fcd4ae8a2b8bc761df72829713d3ae919634876d349,60.14699,24.922,00000000a53ed894,7.69
25920,2019-08-04T12:41:55Z,d0aa228c2a3e6e1568e876cffc76874702e0f0f63f18533551bf02c1,60.16075,24.95883,00000000f1124bca,17.4
25921,2019-08-04T12:41:55Z,d0cab2a2660dcc5cb99a9bdf39d2e6b31b7498985db1b50e48cb478d,60.18203,24.91341,00000000342570c2,7.69
25922,2019-08-04T12:41:55Z,d150c7aba4e7419f0ddd187392a9c2a429f44fa82535fb594c48ff55,60.16897,24.95222,00000000aa852af1,12.69
25923,2019-08-04T12:41:55Z,d38e88e5b926f9d1de6e326cca45116fcca11f10684c80876739c6cd,60.16075,24.95883,00000000f1124bca,7.69
25924,2019-08-04T12:41:55Z,d3c0cff604283ea6adeabb4f867f3fcaf8ee41fd27fc600d33c4d70d,60.16075,24.95883,00000000f1124bca,20.28
25925,2019-08-04T12:41:55Z,d617f7281dde71cd9c504a5185c5c7848ed658616b24f56386e61bd3,60.16897,24.95222,00000000aa852af1,17.4
25926,2019-08-04T12:41:55Z,d635f6e4536bd89d5a215500e5d4203d21e632e50e0403f82c5d00f9,60.15432,24.9211,0000000019fb59c4,13.75
25927,2019-08-04T12:41:55Z,d64eda229ebb6012e59bc89eacb74918e404ce52f16b491f3d48e800,60.16897,24.95222,00000000aa852af1,9.12
25928,2019-08-04T12:41:55Z,d75c412090c347ad7fca9287bcc4eb9bfb757dc7c1725109861dd93e,60.16629,24.95957,00000000fb7600be,18.79
25929,2019-08-04T12:41:55Z,d8983a8fe916583702bb776d3d8d3cbbe9e78778fd44d07c52ad1f2d,60.14699,24.922,00000000a53ed894,16.1
25930,2019-08-04T12:41:55Z,d8e7e8b511d1123d1389cf08abbfa54b2b38e1824598b88008356c33,60.16897,24.95222,00000000aa852af1,21.87
25931,2019-08-04T12:41:55Z,d9850522e3aa6a2204b3237b8fe0044f41732a79a88cfc4b4811bcad,60.18203,24.91341,00000000342570c2,25.36
25932,2019-08-04T12:41:55Z,da0c40291d3ace2273a08e3c9b87cbc15b0f03d0dba61e7c5a88dc0c,60.15432,24.9211,0000000019fb59c4,17.4
25933,2019-08-04T12:41:55Z,db9cee77723e2258651606fd447070139d95eb1138f8e56957bff8f1,60.17002,24.94407,000000006b087f40,16.1
25934,2019-08-04T12:41:55Z,dbf9f0495974591badcee3fcfc1b5eb718b26de86aaf486c351ad084,60.14947,24.91438,000000004ef3150d,5.91
25935,2019-08-04T12:41:55Z,dc439ef81c2abfb840e3ab145f2b944aae18a1beffd3eb47de845b9c,60.16531,24.9442,00000000fdda10fe,23.56
25936,2019-08-04T12:41:55Z,dcec4c4fb70c5f7dd0f408b6499f8c5ab0c2e9ff2b6d0fb082eba391,60.16075,24.95883,00000000f1124bca,12.69
25937,2019-08-04T12:41:55Z,ddc8410b9e4ece4b995b789f95e526693bac176ed77092ba57355dc8,60.16762,24.95415,000000006b44cce7,2.3
25938,2019-08-04T12:41:55Z,de09fd8d15c3d7adbf440a3d0a418a3b476513c968bda8a4aa652adf,60.173,24.92524,0000000096918cfa,29.32
25939,2019-08-04T12:41:55Z,de0d086ae32f87522eab31d3bc52545ed17b065889674963c0709568,60.16829,24.94214,00000000afef4555,18.79
25940,2019-08-04T12:41:55Z,de3fe5f63e74a582e06c8cb02e6128d6013827015ba3e2fe93082977,60.17002,24.94407,000000006b087f40,21.87
25941,2019-08-04T12:41:55Z,de84f754a3916c8f831b0bb8ea41fc2a42cdea2794558fece3c7ae97,60.1538,24.95595,0000000038bf9618,27.28
25942,2019-08-04T12:41:55Z,e02c0f9f72e9f248a4b5df8af328e1a0132d4d8a72c1e603d14cdacd,60.18203,24.91341,00000000342570c2,13.75
25943,2019-08-04T12:41:55Z,e0df847c19b463dec6cea35494d375ce136a276c6a785936c931f60f,60.18203,24.91341,00000000342570c2,25.36
25944,2019-08-04T12:41:55Z,e0e938d5ab6fe3b13270163cd8a4e531dfae4b24ff98ab7e4277114c,60.14947,24.91438,000000004ef3150d,11.7
25945,2019-08-04T12:41:55Z,e0ff1e75104c5dfa3549647c238569888e353e1322256a5c6979de0b,60.14699,24.922,00000000a53ed894,6.46
25946,2019-08-04T12:41:55Z,e1322e5118885f9bd50f4b2f8c4fd6d329ced295738b9983ef61b1c8,60.1538,24.95595,0000000038bf9618,29.32
25947,2019-08-04T12:41:55Z,e1a443e10353da64728464e8a720aaf22a62b80d404f1acae1a1c6ee,60.1538,24.95595,0000000038bf9618,23.56
25948,2019-08-04T12:41:55Z,e2a26e213b693dfad9e0eabd216abd780d9fcc38aa7668536e408a30,60.16544,24.95398,0000000038d83d41,23.56
25949,2019-08-04T12:41:55Z,e2d7945f2c60a0d0622aef6a266620cf09df2e3a66baf2d303464c90,60.1538,24.95595,0000000038bf9618,29.32
25950,2019-08-04T12:41:55Z,e341e5e3e0b4fef8c3764508293310da5922b202d791694e43069ad1,60.16544,24.95398,0000000038d83d41,7.69
25951,2019-08-04T12:41:55Z,e40a26f3f7468f4ac2302b45f1ed9aab7fea245ccf81d0c08072c881,60.16829,24.94214,00000000afef4555,4.5
25952,2019-08-04T12:41:55Z,e621e7131322cca25ac9c09fde26ef4c94d2ba83c5679134b2bcf63d,60.16762,24.95415,000000006b44cce7,7.05
25953,2019-08-04T12:41:55Z,e65f7c68ce6502de36e4f47d0646a91a76d6c8cf8b5ffd26a3df8f4b,60.149,24.9843,00000000fffb8cf0,27.28
25954,2019-08-04T12:41:55Z,e6f7965f2ef456f61121bcce5e466f125192e511c2af72d901307e8e,60.16762,24.95415,000000006b44cce7,17.4
25955,2019-08-04T12:41:55Z,e7cd5f775c7eea951719f351fcc25c710f857832d6f4b70a51b7b82d,60.16897,24.95222,00000000aa852af1,9.92
25956,2019-08-04T12:41:55Z,e9115410fa45db5a174eee008cae729dc69937a0e0b5a304899bf1b9,60.17065,24.93641,000000000f4919c9,25.36
25957,2019-08-04T12:41:55Z,e92eb020afcd7c1fad04690230ff8c2f005e404dd25b8dced1df30dd,60.16075,24.95883,00000000f1124bca,12.69
25958,2019-08-04T12:41:55Z,e9e19621fc5cfcfed2c808bbadc6cc6dd31e28d3c04cef8b89ca2729,60.16075,24.95883,00000000f1124bca,5.91
25959,2019-08-04T12:41:55Z,ea157e44ed100be3f782d8b3d8e5e0986079c588c9ea754b14917df0,60.16829,24.94214,00000000afef4555,3.4
25960,2019-08-04T12:41:55Z,ec096f9d9f6ac607dcfcecf3327071d33a6ed3fdedd3cc796ba91fdc,60.16897,24.95222,00000000aa852af1,14.89
25961,2019-08-04T12:41:55Z,ec424a10bcefb6e69c2eabf42534f06e7a10aa0cfb28f6478052cade,60.14699,24.922,00000000a53ed894,11.7
25962,2019-08-04T12:41:55Z,ed70712277756192c688e0f4d7620cdb33803ab3e0cc7c180c3efd23,60.15432,24.9211,0000000019fb59c4,14.89
25963,2019-08-04T12:41:55Z,eed1c3b93e33ab3a4802db427c8c197c0fbad358e039b6ea8c8af07b,60.18203,24.91341,00000000342570c2,9.92
25964,2019-08-04T12:41:55Z,f062cb52d49926a4fb39f723275ed60ab6c0f3bf34e0c3f9d233b7b8,60.14947,24.91438,000000004ef3150d,18.79
25965,2019-08-04T12:41:55Z,f1845e00642980be3cdc27a088c619bb0616b86f7cfa0b8909efac80,60.16544,24.95398,0000000038d83d41,27.28
25966,2019-08-04T12:41:55Z,f1e73fa6dab8e8a2db6d7515f601fac161f17c34beb84aa55e812a9e,60.16762,24.95415,000000006b44cce7,0.34
25967,2019-08-04T12:41:55Z,f2deba4ef84dbbc8c5d8524f6e2311183003bce4f9bfa6aef5b5ef66,60.14947,24.91438,000000004ef3150d,10.78
25968,2019-08-04T12:41:55Z,f45bb5439cba45e9d83f582863bb79887e6c579fad6697300ab0fb93,60.14699,24.922,00000000a53ed894,20.28
25969,2019-08-04T12:41:55Z,f5f7cfe177dfb0b7ebba2419ae53f70b6b5690dd98d98586004a9107,60.149,24.9843,00000000fffb8cf0,20.28
25970,2019-08-04T12:41:55Z,f66767381dd8d1bf0e53c7bb920dd23845902ad04a03ab1134a70b11,60.173,24.92524,0000000096918cfa,14.89
25971,2019-08-04T12:41:55Z,f74e6d09d258e27d6ddddd51a7dfec9b3038e669e50f8a122bffd157,60.14951,24.92138,0000000006dd41f6,29.32
25972,2019-08-04T12:41:55Z,f7777ac6285e2f6b6aa546b03f294d81e169b8236268cfed232c9679,60.16897,24.95222,00000000aa852af1,14.89
25973,2019-08-04T12:41:55Z,f796c9efc581b25280d4b416f8ba3aecca6ddf083e7bdad05f6e595e,60.14699,24.922,00000000a53ed894,7.69
25974,2019-08-04T12:41:55Z,f7f0caf73572bea3c08b592eeb9655b2668cfb16fd8840ca5619d84a,60.14699,24.922,00000000a53ed894,6.46
25975,2019-08-04T12:41:55Z,f81439a39740937c6cba523d5ebca87b52d69ff29fb449cf42ade4d6,60.14699,24.922,00000000a53ed894,16.1
25976,2019-08-04T12:41:55Z,f868d87b5d5a7094b60a131cd3e120c25787ebf751f7c93640b34942,60.16897,24.95222,00000000aa852af1,7.69
25977,2019-08-04T12:41:55Z,f97bd6b766461dd4066a8fde3d7dfed9d1027ff23973200a005458cd,60.17002,24.94407,000000006b087f40,12.69
25978,2019-08-04T12:41:55Z,f9a7057352731d27889cbd388be5902a6e62b297a3467232e8e47094,60.16762,24.95415,000000006b44cce7,11.7
25979,2019-08-04T12:41:55Z,fa96854324adae88abb35afa34b2393a20338bfd8fc9602d3ce6ae8d,60.14947,24.91438,000000004ef3150d,7.69
25980,2019-08-04T12:41:55Z,fadc39da3cd26ac621092fbbff224b95bb13446c8d24bbf4f3e50e90,60.14947,24.91438,000000004ef3150d,7.05
25981,2019-08-04T12:41:55Z,fca3daa86786d92fe75c43051a906ab67c8b95c774a1227b3c45ce10,60.18203,24.91341,00000000342570c2,20.28
25982,2019-08-04T12:41:55Z,fe5ca86c906b1cb3bf9dd257ceefc562e41da499878f1074484f7d42,60.14947,24.91438,000000004ef3150d,23.56
25983,2019-08-04T12:41:55Z,feb399897846bc34dc3f4b06ac4ef0ffb0db885977b88e5c5fdb7350,60.14699,24.922,00000000a53ed894,16.1
25984,2019-08-04T12:41:56Z,07d86ad98399440d0cc3bd3382a7256feb971e49a3686dc17f532e1c,60.16829,24.94214,00000000afef4555,11.7
25985,2019-08-04T12:41:56Z,0dd09efc9717b508a52eb5196698ac7acffb325c836e14f240e56313,60.14947,24.91438,000000004ef3150d,12.69
25986,2019-08-04T12:41:56Z,14c7e1511b70f4dd3359cbece1377aebb4d70531f5489eefe53d7c3c,60.16544,24.95398,0000000038d83d41,27.28
25987,2019-08-04T12:41:56Z,1526f3d92e309513df962ba40c1be4462d5f9b2f140656864b73824f,60.16075,24.95883,00000000f1124bca,25.36
25988,2019-08-04T12:41:56Z,1599d2c9070a6f05e1a5887c2d9209214c04818c6203fe75440734f2,60.1538,24.95595,0000000038bf9618,25.36
25989,2019-08-04T12:41:56Z,165ebbb4090d47319ae370f0d0854fdc1f6b79499f8b2e4d3c3533c0,60.16544,24.95398,0000000038d83d41,23.56
25990,2019-08-04T12:41:56Z,16c994bb2e24124a910c247376d16e980a65626a94c4c0aaab27df60,60.16829,24.94214,00000000afef4555,23.56
25991,2019-08-04T12:41:56Z,1e7ea410376fbdb3f3c476c76d23abad5d830690f78f71ea06f7e321,60.16075,24.95883,00000000f1124bca,7.05
25992,2019-08-04T12:41:56Z,211f6b7b044343d0be369791b3fa3c144d0d0f391e2a42787712efb0,60.16448,24.97323,0000000053c6c2be,14.89
25993,2019-08-04T12:41:56Z,2350e9b04a733edca530466fd60d704e4de146d81df0066a1767556b,60.149,24.9843,00000000fffb8cf0,18.79
25994,2019-08-04T12:41:56Z,25a7ff811c3c06e426c7c2cbb0433d9a2a3399b23afecbd35584ab0f,60.18203,24.91341,00000000342570c2,18.79
25995,2019-08-04T12:41:56Z,2603b5aecd8f219a410e558446935308ecabb09a6c9e5b38533728ff,60.16829,24.94214,00000000afef4555,13.75
25996,2019-08-04T12:41:56Z,315af4a829b592ba99b203b8ed2cbd499769f8752dfe6de7da4ee929,60.16829,24.94214,00000000afef4555,20.28
25997,2019-08-04T12:41:56Z,3944bc7a301be7241d1f7bc4a97f221000d535ce3d8a9af9af9b23b5,60.16531,24.9442,00000000fdda10fe,38.87
25998,2019-08-04T12:41:56Z,44d0b94469070803869f229601e877beb613c3f5aafa009addf97a1a,60.16544,24.95398,0000000038d83d41,23.56
25999,2019-08-04T12:41:56Z,4656bad9b5e6dfc3977eca308fc1db3dbf8b0204b90d09b001da242e,60.1638,24.96846,00000000d747f075,33.81
26000,2019-08-04T12:41:56Z,4a1efc9faf9548fe0ed72037d54a131265a72e61fdfc2009a4e9408a,60.16075,24.95883,00000000f1124bca,18.79
26001,2019-08-04T12:41:56Z,57a75e8d2a7c752a9eca62fc364f00a67cd3feca62f0c7cb76bac6c7,60.18203,24.91341,00000000342570c2,25.36
26002,2019-08-04T12:41:56Z,5d65719c4cbf045f068d084b72302f447d5fd034413d97d13be00d0e,60.18203,24.91341,00000000342570c2,17.4
26003,2019-08-04T12:41:56Z,5eed115a984d490b02b602d73787aee8dc8c4e9365b77fbff3818a76,60.16629,24.95957,00000000fb7600be,20.28
26004,2019-08-04T12:41:56Z,66dabd3229229330d23c70e9e1737429ddfe69db01f4a6a00f70fa20,60.16762,24.95415,000000006b44cce7,18.79
26005,2019-08-04T12:41:56Z,69219e9efa41ae9e732653e9eaf08e1a34cb853a9dafe76ddeea4d04,60.16897,24.95222,00000000aa852af1,18.79
26006,2019-08-04T12:41:56Z,6a70e2fbced719333e21eff04fcb9cb36bae9a04d1a3d6ddd96f2c58,60.15432,24.9211,0000000019fb59c4,7.05
26007,2019-08-04T12:41:56Z,6f06341f358e61699fe1e55e986dd0554bc8da28b91daf0c5ad99db6,60.16629,24.95957,00000000fb7600be,31.5
26008,2019-08-04T12:41:56Z,70d8572458a1a103555bab897b6443e601e0ed211414b15ad0b56f60,60.16544,24.95398,0000000038d83d41,23.56
26009,2019-08-04T12:41:56Z,737efc92e3419e9d96a8559ec341ea7e18ba6381fd8e4de3d06f82a0,60.14699,24.922,00000000a53ed894,36.27
26010,2019-08-04T12:41:56Z,7678cdb86d454ca9ae52f22d97e635106585a3a046d01da4463695cc,60.18203,24.91341,00000000342570c2,23.56
26011,2019-08-04T12:41:56Z,79f136afa0dd8717337c01c70b457c464aaf0fa25b440f51a394ec23,60.16762,24.95415,000000006b44cce7,13.75
26012,2019-08-04T12:41:56Z,85ef35aecf2ff804be3d958b592705ec41c6df9c128c132c65bb283d,60.16897,24.95222,00000000aa852af1,21.87
26013,2019-08-04T12:41:56Z,87dfaad29a9276ddddb1fa021d3bc23ad14824c1af16f7d87e713689,60.14951,24.92138,0000000006dd41f6,11.7
26014,2019-08-04T12:41:56Z,88808fe92573e9cdf022cc15b9689b6b4b9429f60513c8897b0ba4c7,60.16897,24.95222,00000000aa852af1,20.28
26015,2019-08-04T12:41:56Z,89982a6acf91b79a282a6b63978e946ee205f303fcd20e944e06baf0,60.16544,24.95398,0000000038d83d41,29.32
26016,2019-08-04T12:41:56Z,8c3b1ed0846e38cc84b863a80540c8a75bfd85c8bdda36563d153110,60.16544,24.95398,0000000038d83d41,21.87
26017,2019-08-04T12:41:56Z,8c75c3289c84fe4493e1e272a77b615fe1985880c5dc68a7c1a17b53,60.16762,24.95415,000000006b44cce7,13.75
26018,2019-08-04T12:41:56Z,9843c6216661048343a0e49cf3d8aa2883cf77f452666a1c873a1052,60.16448,24.97323,0000000053c6c2be,16.1
26019,2019-08-04T12:41:56Z,99e2e374006ef5e33260626b9ce7146f90689eab11436fee95e12f96,60.16075,24.95883,00000000f1124bca,17.4
26020,2019-08-04T12:41:56Z,9ea176cc50b4b7b627807bec1e3dfc22223c1ea35af2995dd823eab7,60.14947,24.91438,000000004ef3150d,21.87
26021,2019-08-04T12:41:56Z,9fc0711d7e7722eff7faa0cb6f17846680c06515c1eb93dd49ebcf25,60.14699,24.922,00000000a53ed894,13.75
26022,2019-08-04T12:41:56Z,a91d379a4b57c5df22db0d7a041ff69f657b4b31f28554b1011fc03c,60.16544,24.95398,0000000038d83d41,31.5
26023,2019-08-04T12:41:56Z,af807b67ce09a2ce1744025c421961213f1608ca658ece4df69555a1,60.16762,24.95415,000000006b44cce7,13.75
26024,2019-08-04T12:41:56Z,b5fd6b317890e5ab2d79e2cd1abe61626d45a753c7337d0d40728898,60.16762,24.95415,000000006b44cce7,9.92
26025,2019-08-04T12:41:56Z,b6768ae226a93bce23852414e20866c7413513d067579c03ea883dfa,60.17065,24.93641,000000000f4919c9,23.56
26026,2019-08-04T12:41:56Z,bca443064699e0ac05c40e587aef06d7fd580817e739133a501490bc,60.14699,24.922,00000000a53ed894,20.28
26027,2019-08-04T12:41:56Z,bcb0201b0a1edf350ae2f681076e7d2d48ebd94c075bd3ca59552020,60.16897,24.95222,00000000aa852af1,9.12
26028,2019-08-04T12:41:56Z,c0cdd4e99cf9447e490b5cbd5e7513df9acfcbabb8bd5117c4731512,60.16075,24.95883,00000000f1124bca,20.28
26029,2019-08-04T12:41:56Z,c175b4269517070a33be84e85a4b8b23c3bb430ff6c31b121ac1603f,60.16762,24.95415,000000006b44cce7,3.74
26030,2019-08-04T12:41:56Z,c97eb4181394121907d47b908495f54e5ee5145ff790f7a1dc21b3cf,60.16897,24.95222,00000000aa852af1,16.1
26031,2019-08-04T12:41:56Z,ca6927628f5ddda20036865c9345ad93d476d62ade3b181de568eed6,60.16897,24.95222,00000000aa852af1,21.87
26032,2019-08-04T12:41:56Z,cf05623e4d87ce0906c0b0b7dbf53aacc1228016cd27c341228b6e76,60.18203,24.91341,00000000342570c2,18.79
26033,2019-08-04T12:41:56Z,cfc0bedb78ded52749db3188cb188bf6a250ef5990da9c5afa9623fc,60.14951,24.92138,0000000006dd41f6,18.79
26034,2019-08-04T12:41:56Z,d366aa1925472f34a389921734c1777d6d7c2e812b0f284d78697edf,60.1538,24.95595,0000000038bf9618,36.27
26035,2019-08-04T12:41:56Z,d661caec7a5da6aef734734bbf9090debe494c1afd98050f88f269bd,60.16829,24.94214,00000000afef4555,25.36
26036,2019-08-04T12:41:56Z,ded49640b591e73bff71f84fb99d2739eb6c9554164a015017725e03,60.16829,24.94214,00000000afef4555,18.79
26037,2019-08-04T12:41:56Z,e8e366e76c97944e23c0f80b4fd3ce6e5832744922297146a49f0c7e,60.16762,24.95415,000000006b44cce7,8.38
26038,2019-08-04T12:41:56Z,e96bd269a48b822b06141c3362fcb6d5ed4d0d09a120f2e4a712d5c2,60.16897,24.95222,00000000aa852af1,11.7
26039,2019-08-04T12:41:56Z,f088630d7476dae7d4b7e2bb1f10575f2c89acb4b6e061f3d57c2b40,60.16531,24.9442,00000000fdda10fe,44.58
26040,2019-08-04T12:41:56Z,f237103f284dc6c51c64f9728c4f56e0c855dbb1bf8c4165758c3ef0,60.16897,24.95222,00000000aa852af1,27.28
26041,2019-08-04T12:41:56Z,f405a7c4a3a4339f8e3f7e552f6492d6eed76f7d08c54943286213de,60.16762,24.95415,000000006b44cce7,16.1
26042,2019-08-04T12:41:56Z,f6609ab1076b1105bb845595a03b41b8fbb282f79c337df5bbc9f841,60.14699,24.922,00000000a53ed894,8.38
26043,2019-08-04T12:41:56Z,f94dddacf96965952551200a02b41925bcd21402aceafb12f19931af,60.16075,24.95883,00000000f1124bca,6.46
26044,2019-08-04T12:41:56Z,fc4f3a44235f1cfc7b53f14ba2da599976a5a0a220d23b852688e485,60.17919,24.95181,000000007b5207b6,23.56
26045,2019-08-04T12:41:56Z,009ad4cd2bd97e04da44cc9789e6bdbdb899eded61d05b7d5634b7be,60.16829,24.94214,00000000afef4555,14.89
26046,2019-08-04T12:41:56Z,00a07b1f8113691d8475c54082a14cdd54decf9845a90e75df8031a6,60.17065,24.93641,000000000f4919c9,20.28
26047,2019-08-04T12:41:56Z,00b07030d00cc5582c0f1be7d73fb09e34f4018445ce11d9da8da813,60.16762,24.95415,000000006b44cce7,11.7
26048,2019-08-04T12:41:56Z,010298d620fbe80ab4f46c866c215217b2bf1fd12a2a67b9e56b4ce8,60.16829,24.94214,00000000afef4555,10.78
26049,2019-08-04T12:41:56Z,02978cd5cb7127a718d3d775079ab940a3e81885ce6106495cca5ee4,60.1538,24.95595,0000000038bf9618,25.36
26050,2019-08-04T12:41:56Z,032e5d7621738a50c9e742e0cba13c819f7c67cedf8687f3ab25595c,60.16762,24.95415,000000006b44cce7,9.92
26051,2019-08-04T12:41:56Z,033759f09b97a9347fd7852dbc2bcd3abbb67a792486acad9d185bca,60.16762,24.95415,000000006b44cce7,7.05
26052,2019-08-04T12:41:56Z,036c183505fea646b54aeb0c612913cafba94eca65e47d3c6d840a68,60.17918,24.95141,00000000675d5200,16.1
26053,2019-08-04T12:41:56Z,0413805762399525f916572e0de4852c934500b4a8465ac67a535d41,60.16762,24.95415,000000006b44cce7,14.89
26054,2019-08-04T12:41:56Z,04b49a34910d12f55243dd5a756c7cc1e506e5d3cdb418cc635e9ad9,60.16762,24.95415,000000006b44cce7,4.11
26055,2019-08-04T12:41:56Z,04b5d29c48edaaf4904a98e412562e3c0d857eb20342cc7c323d4293,60.16762,24.95415,000000006b44cce7,8.38
26056,2019-08-04T12:41:56Z,04f35922a81b516e7028f61c6ff34faf6da85df0a5cfcefb6df1861f,60.149,24.9843,00000000fffb8cf0,23.56
26057,2019-08-04T12:41:56Z,073c1eeb0d9e511743bae8d5b87b95a19017f59a1dc3597d8618a908,60.173,24.92524,0000000096918cfa,23.56
26058,2019-08-04T12:41:56Z,07444c376c2a48ed91a2f5462cab887c00378edb4175ee969deb207e,60.18203,24.91341,00000000342570c2,25.36
26059,2019-08-04T12:41:56Z,076c28c1895ef1919c11113113c12655c546fc90a00800e5ebec5b56,60.14699,24.922,00000000a53ed894,3.4
26060,2019-08-04T12:41:56Z,07fa093f5dceb6043b0a8c9d8ad01c1bfdfe15d4b3071a26b747ea07,60.14699,24.922,00000000a53ed894,13.75
26061,2019-08-04T12:41:56Z,0947f9d6bb6c34e382e008052b704b6521ac4f7678a2e8a719bb574b,60.15432,24.9211,0000000019fb59c4,21.87
26062,2019-08-04T12:41:56Z,0a0acb70a8ef92be52a64d4425e70bb2f7a17d13942c3382c9d68878,60.149,24.9843,00000000fffb8cf0,3.74
26063,2019-08-04T12:41:56Z,0a5ed50daf13dd10744537aa851ac7ab1d34d9797ec6ab6e2402aebb,60.16762,24.95415,000000006b44cce7,7.69
26064,2019-08-04T12:41:56Z,0aabf0df4c3c5b45bb8950c92dbe624985f19e8650ed61f92571a65a,60.14699,24.922,00000000a53ed894,6.46
26065,2019-08-04T12:41:56Z,0acb4bd7319729fea4acf035921d1136d86a307a60b4444669cede1a,60.14699,24.922,00000000a53ed894,7.05
26066,2019-08-04T12:41:56Z,0b0dd9af9d52c68ff71ce266d6707abbb0f56c3c63be0f83f7b5df9b,60.16762,24.95415,000000006b44cce7,7.69
26067,2019-08-04T12:41:56Z,0d8341f0125a5323521549248771d5448e5f788aefe9b989e3b20114,60.16829,24.94214,00000000afef4555,11.7
26068,2019-08-04T12:41:56Z,0ef4d4e0ed1d5a16b616f3722210deaa1f3be532439fb707802f70a2,60.16075,24.95883,00000000f1124bca,13.75
26069,2019-08-04T12:41:56Z,10a99e791e27975dc1c9d73d3163cabacf3bd7bd05a4f7abf6365426,60.14699,24.922,00000000a53ed894,9.12
26070,2019-08-04T12:41:56Z,10caaea8002e8b3b342b32710efdd7305ff375ca1cdc01411f66b2f6,60.14699,24.922,00000000a53ed894,11.7
26071,2019-08-04T12:41:56Z,114392e2bd8aa30354412a215c0c8a5ec87f062c65442cd19991a35e,60.17002,24.94407,000000006b087f40,33.81
26072,2019-08-04T12:41:56Z,119268a2b328b466959e99158efc17d07641daf2eab0785f813707f9,60.16762,24.95415,000000006b44cce7,10.78
26073,2019-08-04T12:41:56Z,120a63917cb5ab619bf9a71328f14020736ee84e75d5b37278748def,60.16897,24.95222,00000000aa852af1,18.79
26074,2019-08-04T12:41:56Z,128df515b075ffc54794d311944f31b9b1c1132d182943a9880e5bc0,60.16544,24.95398,0000000038d83d41,21.87
26075,2019-08-04T12:41:56Z,12fb8b4ee43472fe3f49e3ac6791275a4a7d7beec0e3b87fbae1320e,60.16829,24.94214,00000000afef4555,20.28
26076,2019-08-04T12:41:56Z,13bcedb8c59b26417282929d81844b272c7c5bc295614f531219a8e4,60.14947,24.91438,000000004ef3150d,17.4
26077,2019-08-04T12:41:56Z,13ee67fb034e3d24edc9a9618e9d6de24979ebbcb399f83abb02a897,60.14699,24.922,00000000a53ed894,8.38
26078,2019-08-04T12:41:56Z,1423891c6ee1edc7da83904378a35aef2e5797db95b117651d676934,60.16762,24.95415,000000006b44cce7,11.7
26079,2019-08-04T12:41:56Z,1496ce9cf373a2a508a8ab0b7aa0604dd889fd69483881c3752219af,60.14699,24.922,00000000a53ed894,13.75
26080,2019-08-04T12:41:56Z,1551f9fdd5a57b17be51babad39f807f04be4d340266c153eb860156,60.15432,24.9211,0000000019fb59c4,21.87
26081,2019-08-04T12:41:56Z,15ee12e5f9be00a79b0cbbc9912f51cbfa3e486624567e1bde938fb6,60.1538,24.95595,0000000038bf9618,31.5
26082,2019-08-04T12:41:56Z,161aa798c2a18e132fb27ecded773218ea4e42eabbd0e5794b1d7017,60.15432,24.9211,0000000019fb59c4,9.92
26083,2019-08-04T12:41:56Z,1769031b7f4d75de0541e26427b9ecc92c84b80992e3b36bb8eb799e,60.16829,24.94214,00000000afef4555,4.5
26084,2019-08-04T12:41:56Z,197961cf403efacc6bdb07158a50753109701aba7a6e7cbf8502e1ee,60.14947,24.91438,000000004ef3150d,9.92
26085,2019-08-04T12:41:56Z,1a93dfa31156cee53b4bd527d8b74655a5da812b6933d8a86d871e47,60.14947,24.91438,000000004ef3150d,7.69
26086,2019-08-04T12:41:56Z,1aacd77e1fdbe1544cf1ab29a00642d77ce4a075e388e8a2108aa39b,60.16829,24.94214,00000000afef4555,17.4
26087,2019-08-04T12:41:56Z,1ad0b84716a79851fa8db7a993012f0c8e496d6cba9d028a546285a2,60.16897,24.95222,00000000aa852af1,12.69
26088,2019-08-04T12:41:56Z,1b3fba902b8d1538b508cdc228fd15fdd87f5aecb68e5611b1a4e354,60.16762,24.95415,000000006b44cce7,2.3
26089,2019-08-04T12:41:56Z,1b577cccfa28c7e2d4591ce0886d0b8c3669b5778a6061c908240f73,60.14947,24.91438,000000004ef3150d,3.09
26090,2019-08-04T12:41:56Z,1bcef866fafad7c7460a084e0b0d27c087b549f4ae704390708be47e,60.149,24.9843,00000000fffb8cf0,8.38
26091,2019-08-04T12:41:56Z,1c13175307f58b1bf07c8838e26a2f5d0fd5b21a7517c0b4f4e6bd8f,60.1538,24.95595,0000000038bf9618,27.28
26092,2019-08-04T12:41:56Z,1c669457535e4635f732c228ec524f9d2c440b0d2132fa1acd93122a,60.16897,24.95222,00000000aa852af1,21.87
26093,2019-08-04T12:41:56Z,1c7ccd5d6570d98e57ef2ebbd716b7504b138f9bb616fbeaa0d1a268,60.14699,24.922,00000000a53ed894,12.69
26094,2019-08-04T12:41:56Z,1c95e90d50249037b08826fca8f9485883828eed3484a49bd96cd428,60.16762,24.95415,000000006b44cce7,36.27
26095,2019-08-04T12:41:56Z,1cc5f03259fab561805ccb96a6677731768ad3ac975bab2e4db8faa1,60.16762,24.95415,000000006b44cce7,20.28
26096,2019-08-04T12:41:56Z,1d4841b6905c46f3c38f79540bae2a88a4e660692149506c0db9da33,60.15432,24.9211,0000000019fb59c4,23.56
26097,2019-08-04T12:41:56Z,1dacfb371d75dd4f90f447aac2a00faad98beb4188a6971c19eb2375,60.16629,24.95957,00000000fb7600be,21.87
26098,2019-08-04T12:41:56Z,1e24a2120b13c780dbb3a67a73f5058d1847f126fd5f5952e6dddcd3,60.16075,24.95883,00000000f1124bca,21.87
26099,2019-08-04T12:41:56Z,1f74037ecab4dbdc5db1a8dc8b583a86630f86a5f2d0a5167b7fa605,60.18203,24.91341,00000000342570c2,31.5
26100,2019-08-04T12:41:56Z,1faaaeff6423708e06d94b904af4be93e399939fbdfd3b3091dc8bd2,60.15432,24.9211,0000000019fb59c4,13.75
26101,2019-08-04T12:41:56Z,203a0c145a43c9a18f8c2a5ba4e18882e7430662bb4ac0e56ab37578,60.17065,24.93641,000000000f4919c9,14.89
26102,2019-08-04T12:41:56Z,208944c5811f446561788c5415738cbe52bdacb371f415236042698c,60.16897,24.95222,00000000aa852af1,27.28
26103,2019-08-04T12:41:56Z,20ac7b2ace7c0038aa8df01b9281a9c54f1551fc8ab9b662b1f1ca22,60.18203,24.91341,00000000342570c2,25.36
26104,2019-08-04T12:41:56Z,2204ba387d2db0e7d2ca03f7ace46abff8d141668b73c75a1879d7ba,60.14947,24.91438,000000004ef3150d,12.69
26105,2019-08-04T12:41:56Z,22fe9a06fba1036e8eafd726bc450095b1893be067f475e1882bb704,60.14699,24.922,00000000a53ed894,10.78
26106,2019-08-04T12:41:56Z,231026899a6d5b326cb5b1e38b182ca1acb77c7e27bc2378973b29db,60.16629,24.95957,00000000fb7600be,21.87
26107,2019-08-04T12:41:56Z,23337c2812924a07e4f0bbc92e56d1f85ea40208b6b987f4afc686cf,60.16897,24.95222,00000000aa852af1,16.1
26108,2019-08-04T12:41:56Z,250f7cf6c6d1296e84c45fb8621a0704eb5243471980b5187dc40cdd,60.14699,24.922,00000000a53ed894,14.89
26109,2019-08-04T12:41:56Z,2607d1b2fc6e31a80348fffbed68a7d3a8e0212f197f2d1c573c587b,60.14947,24.91438,000000004ef3150d,4.94
26110,2019-08-04T12:41:56Z,267b66cc2e81a226d253a8f3228a4b45e1fabb634bba60fd0cc21a8d,60.14699,24.922,00000000a53ed894,14.89
26111,2019-08-04T12:41:56Z,269124e75b1e74a7c7dc93b778e02f04d0a53e069a90081c0938ee4c,60.14699,24.922,00000000a53ed894,14.89
26112,2019-08-04T12:41:56Z,274e0815ea908a282a87fa9a2625a03aa28af05d02828c2c7ac9fc10,60.149,24.9843,00000000fffb8cf0,27.28
26113,2019-08-04T12:41:56Z,2838eddb482a9bc77b0b867352020e2cbfb71e85aaa1d61307e85f3d,60.14947,24.91438,000000004ef3150d,6.46
26114,2019-08-04T12:41:56Z,28b43564f7156b67db7cb7b779e948986d7610f921490f9030379704,60.16897,24.95222,00000000aa852af1,7.05
26115,2019-08-04T12:41:56Z,2969cdb120f2d285c556abfe5bac2f8090571f61aba227a474a534d2,60.17065,24.93641,000000000f4919c9,18.79
26116,2019-08-04T12:41:56Z,29a1ee6c0907a00ec6b6dcbb187f5c31d1a11b261aabd339210ee013,60.16897,24.95222,00000000aa852af1,18.79
26117,2019-08-04T12:41:56Z,2a47bdc66249162a9588347a6cbe7895fe798bb25c1194cd69fb1e8b,60.14699,24.922,00000000a53ed894,7.69
26118,2019-08-04T12:41:56Z,2bc95bfe257249215913b47f8544606d478783f0530c688972c2f11f,60.16629,24.95957,00000000fb7600be,29.32
26119,2019-08-04T12:41:56Z,2dcdb31cceab0432eaa079a78bd86fde06ceae6070e591c445a5b6c7,60.16762,24.95415,000000006b44cce7,16.1
26120,2019-08-04T12:41:56Z,2e86f9a432e00fa6ff5b8744ffecbe22a02b4316779bc8b4078af2e2,60.149,24.9843,00000000fffb8cf0,25.36
26121,2019-08-04T12:41:56Z,2ee2e108ed9051b1ccf4d3ee89931dfd53170af0b558fa6579b83e8d,60.15432,24.9211,0000000019fb59c4,4.5
26122,2019-08-04T12:41:56Z,2f08dbfbbe5577f04ea9826f72d5452ddf5fd9bb892769382ea5a4ca,60.16762,24.95415,000000006b44cce7,13.75
26123,2019-08-04T12:41:56Z,2fabc4773758a12492d31bdfe6b37e6523ae8caabecda356d33dce41,60.15432,24.9211,0000000019fb59c4,20.28
26124,2019-08-04T12:41:56Z,30a6bed86e2e8cacef2646dd90a47eccb0b7a11d9db2ac916c89cefd,60.16829,24.94214,00000000afef4555,21.87
26125,2019-08-04T12:41:56Z,30bf3ece5ac13324f3f4fd78c788a1b4c5898ca8f8ce23775cea7c6b,60.16829,24.94214,00000000afef4555,21.87
26126,2019-08-04T12:41:56Z,3197a3340c627059b7c7eb4b36e932bf06a1d31d868aabd647df6373,60.16762,24.95415,000000006b44cce7,18.79
26127,2019-08-04T12:41:56Z,33634cb1e3fc5d4a621e8717d203da8533ed27531a70c6cbe3abf3fa,60.16762,24.95415,000000006b44cce7,2.3
26128,2019-08-04T12:41:56Z,347c2747f8b58cdc6f96b541d1a35f2c0e182b542706a38e0ce7ef4a,60.149,24.9843,00000000fffb8cf0,14.89
26129,2019-08-04T12:41:56Z,348d0f13ec830589831a973041803bc7b6c0f0b5f6e5a84e47f292d3,60.17002,24.94407,000000006b087f40,25.36
26130,2019-08-04T12:41:56Z,34f282042837e6b8407c31fd6c880bdbb7071c56d76c4b6e5ba78819,60.14947,24.91438,000000004ef3150d,14.89
26131,2019-08-04T12:41:56Z,352427714fc6e8591df6bd227dde05d3b7ba0881742eee4ae750dcc4,60.15432,24.9211,0000000019fb59c4,25.36
26132,2019-08-04T12:41:56Z,358d7986d5bf2a0624fb1412a157b3c7b12f90653457e15a76bbdf50,60.16629,24.95957,00000000fb7600be,12.69
26133,2019-08-04T12:41:56Z,36f876050503d244f74f3cbadcef716904eb2b245190d474b0cfa794,60.16762,24.95415,000000006b44cce7,2.08
26134,2019-08-04T12:41:56Z,3721331dbb97151d17938ed835ffc7208eba26fba6100c62870a3a4f,60.14947,24.91438,000000004ef3150d,14.89
26135,2019-08-04T12:41:56Z,377af6064f021cc5b46c99fdabf1b59cb6cb7af94bd8d605697c3b37,60.16762,24.95415,000000006b44cce7,12.69
26136,2019-08-04T12:41:56Z,37945fa4e7409fab98aa8bde45081f5bd083def0059485274ad552c0,60.17919,24.95181,000000007b5207b6,9.92
26137,2019-08-04T12:41:56Z,37b4192b51c9589b8791bc2e9f830dd541c0e77fd03e7a85a51b68e5,60.16544,24.95398,0000000038d83d41,20.28
26138,2019-08-04T12:41:56Z,37c5fa285cfc1de3c5363b53a2909ca0f43381a381ee6fc132d5ba8f,60.16897,24.95222,00000000aa852af1,10.78
26139,2019-08-04T12:41:56Z,388cc7c522b659745d13c0c707774680483a0c8dc7f1266ab35d91e3,60.16762,24.95415,000000006b44cce7,17.4
26140,2019-08-04T12:41:56Z,38c90c54ec8f56ae2ee5c79f21130a2254d870968839584fc423f1d2,60.14699,24.922,00000000a53ed894,16.1
26141,2019-08-04T12:41:56Z,39310ebca1ad756aa2bfcb16c912cb7003ef3e7286a1f037603ade61,60.14699,24.922,00000000a53ed894,25.36
26142,2019-08-04T12:41:56Z,393a579e1c8efb19861f555f12040feeac853f37a2451116693e77aa,60.14699,24.922,00000000a53ed894,16.1
26143,2019-08-04T12:41:56Z,39f03a3a5fd777feee270921a7f51daec12ea679b542b0aaf2e808d7,60.149,24.9843,00000000fffb8cf0,11.7
26144,2019-08-04T12:41:56Z,3be48824225ca9f2aea5653f6ce21181a76e67a8d4b8361f0cba1f8a,60.14947,24.91438,000000004ef3150d,13.75
26145,2019-08-04T12:41:56Z,3c21ef81eb62764c543cc53a1eb793a317f3443dd4838799b2dbd6ff,60.16629,24.95957,00000000fb7600be,33.81
26146,2019-08-04T12:41:56Z,3cd65823dcef56ffe44e4c8fdcd764e13f34e4d1bd637a6853ab7e17,60.16629,24.95957,00000000fb7600be,27.28
26147,2019-08-04T12:41:56Z,3e4965f1ed580ddf80246b1b78cbc55b73c11d67573d9cede2a7ccf7,60.16829,24.94214,00000000afef4555,16.1
26148,2019-08-04T12:41:56Z,3e99999f43f3bd9e105e735eeb92531a4301e7f258c90535acfba9ae,60.16531,24.9442,00000000fdda10fe,17.4
26149,2019-08-04T12:41:56Z,3e9bb396fbc83c420e59acae7d393de6b4add7ec1dda523b9eaee7a5,60.16075,24.95883,00000000f1124bca,23.56
26150,2019-08-04T12:41:56Z,3eb138558a5cc58760a67df9709bc42cc329874e907981d33e0116ec,60.16762,24.95415,000000006b44cce7,21.87
26151,2019-08-04T12:41:56Z,3ec0a34310840b3aa1aa32a3f2bffbe426e91a242dc6eb5c1e86bba7,60.16448,24.97323,0000000053c6c2be,27.28
26152,2019-08-04T12:41:56Z,3f395809cdaaaa1688c7d1cc770079bbf7ef1349e148bec5c8eacd57,60.16762,24.95415,000000006b44cce7,11.7
26153,2019-08-04T12:41:56Z,3fe4e214448b0c9a8dfbee81c347d82a8f0b26859201fb1d77f40fa9,60.16448,24.97323,0000000053c6c2be,25.36
26154,2019-08-04T12:41:56Z,3ffe89aa6ab1e57883e21fa8f15969f46a5f487bccb2b993eadb3cfb,60.14699,24.922,00000000a53ed894,7.69
26155,2019-08-04T12:41:56Z,409be16c4d34b9e76ac22ea0e8e282da3e9d169fe77ff5ea52a72883,60.14699,24.922,00000000a53ed894,17.4
26156,2019-08-04T12:41:56Z,429295e322e9f143f79e9a6340e4974858aa9aa2f5ed6e8512dd00cd,60.14699,24.922,00000000a53ed894,14.89
26157,2019-08-04T12:41:56Z,429363aca20efd1e564b3ac367b9eb4702cce1afbe6a22dccb543a7f,60.16075,24.95883,00000000f1124bca,20.28
26158,2019-08-04T12:41:56Z,42da4298ed9f522421f17714e024d9b8fe22e7546df3deeb8b139bd3,60.16075,24.95883,00000000f1124bca,10.78
26159,2019-08-04T12:41:56Z,436df7106ce19510536cf507d8939633784f67da2f872970e0d3ba43,60.16829,24.94214,00000000afef4555,8.38
26160,2019-08-04T12:41:56Z,457d11209b95b153efb57d8f2641f2db0823e91a0d608fa0555a5b69,60.14699,24.922,00000000a53ed894,17.4
26161,2019-08-04T12:41:56Z,4602ff9d03f6bf4fbb82976098cc1c73e7a7e754050401c772d1406e,60.14947,24.91438,000000004ef3150d,4.5
26162,2019-08-04T12:41:56Z,461e0551aa738d3a13f45df2db888c35e83791fa9e61452030a37335,60.16762,24.95415,000000006b44cce7,21.87
26163,2019-08-04T12:41:56Z,467a01a257fbaad22bd4aebafc8f284c9ad3effc429475e57c214e9d,60.14699,24.922,00000000a53ed894,9.92
26164,2019-08-04T12:41:56Z,46c5ca11771a305a890c4ab0cf6654b8e3b6d72df9c2e4ee012a9e4a,60.16531,24.9442,00000000fdda10fe,31.5
26165,2019-08-04T12:41:56Z,473b521a4a8687b7493a051ebb0b7c97be75623f27fe056ca0a8a2bc,60.16448,24.97323,0000000053c6c2be,27.28
26166,2019-08-04T12:41:56Z,47bc9ff9097f9ef5f1862e48b4a42f6a9ddd30c4ef2b6eb43291a7a5,60.14699,24.922,00000000a53ed894,10.78
26167,2019-08-04T12:41:56Z,47cde44e4ddbf6c70162fa882eee962e7c3e2a037b650294ec46568f,60.14947,24.91438,000000004ef3150d,9.92
26168,2019-08-04T12:41:56Z,48f665ebb1a71b0d84fc02bd71918c5ab5608328db534639cbd2a255,60.14947,24.91438,000000004ef3150d,2.08
26169,2019-08-04T12:41:56Z,4a1a129202050ebeed57c0765b3c9d72574e077e2f6a1e0c6d2ce943,60.16531,24.9442,00000000fdda10fe,21.87
26170,2019-08-04T12:41:56Z,4a3d577d3ee3d826cbea528f3687f4006a366f46438733731c24ccb5,60.14699,24.922,00000000a53ed894,16.1
26171,2019-08-04T12:41:56Z,4a3fc0d8003eaf9e5025fb4d14b8e034d1406ebe923ef21f9e6ad429,60.1538,24.95595,0000000038bf9618,29.32
26172,2019-08-04T12:41:56Z,4b1050cc517631e36206d3528399c0b14748daec8c7d1b5dfa412299,60.15432,24.9211,0000000019fb59c4,4.5
26173,2019-08-04T12:41:56Z,4b2a241d832696fc878ceb269b0fbf4987989a0c3109bd2e8ac08170,60.16897,24.95222,00000000aa852af1,10.78
26174,2019-08-04T12:41:56Z,4b85388cdaec2b4c15b546160ee326d9668a5e5d3c7b08d0c539946e,60.17919,24.95181,000000007b5207b6,11.7
26175,2019-08-04T12:41:56Z,4cadc8cc23fd84febb6a8383030a34c97b3388a8c9ed7a64cc0f51a6,60.14947,24.91438,000000004ef3150d,9.92
26176,2019-08-04T12:41:56Z,4d35f03f4cb1cd21fbb173af8af5be5e233c63882fda53232da315f0,60.14699,24.922,00000000a53ed894,14.89
26177,2019-08-04T12:41:56Z,4d4115f2971578ddc2428be944e2954c9e9a5472a818ec1805a022b2,60.149,24.9843,00000000fffb8cf0,8.38
26178,2019-08-04T12:41:56Z,4ebdb6165c5d4892cdc21711313b98b1545bececfb886192c6f0ef22,60.16762,24.95415,000000006b44cce7,16.1
26179,2019-08-04T12:41:56Z,4f4940c5c77737c5b8f2fbd5a1b65886ea5f6e0e4fcd50447e11ce21,60.16075,24.95883,00000000f1124bca,33.81
26180,2019-08-04T12:41:56Z,50e21d119f102cee2afe3ac7f1a32032527638769b05aca582d6ecb1,60.16762,24.95415,000000006b44cce7,5.41
26181,2019-08-04T12:41:56Z,514a3981fad6c695ac4940f09374b5d1c2e84d2ca835084ef8707714,60.16075,24.95883,00000000f1124bca,3.4
26182,2019-08-04T12:41:56Z,51b3c7870a399165f0d1d14f7d21688df32b0360f9cc6f3ca61890d8,60.16829,24.94214,00000000afef4555,1.38
26183,2019-08-04T12:41:56Z,52072bd384eaaf4a6958af5510ed039d194dee47f34667bc7bccbe0e,60.14699,24.922,00000000a53ed894,5.91
26184,2019-08-04T12:41:56Z,52939581c6c8dd3407dbf44ea9e90471e4bbadfb7e3740a0ba8324f3,60.14699,24.922,00000000a53ed894,17.4
26185,2019-08-04T12:41:56Z,52f0e69ca7a5cebe604c1f32308dc7f8870d1d85cd4b25ad17f706e9,60.14699,24.922,00000000a53ed894,6.46
26186,2019-08-04T12:41:56Z,53263c2a4d1fc6edb42de24a91c19cc8d0050f1e61b0ddd97cf45bba,60.17002,24.94407,000000006b087f40,27.28
26187,2019-08-04T12:41:56Z,552e7d20be831c5ebfa503ba78ed542d6ece4ecad264308d5dc37a31,60.14699,24.922,00000000a53ed894,12.69
26188,2019-08-04T12:41:56Z,5554305bad43a71cf98d83e92708c7474c1efc189392c1ea94231e9c,60.16531,24.9442,00000000fdda10fe,5.91
26189,2019-08-04T12:41:56Z,556a86b2e90ec03e679f4434e2ebcef0eb687cb52bafbd0d98d26c88,60.14947,24.91438,000000004ef3150d,14.89
26190,2019-08-04T12:41:56Z,56b8eace741e5227a40ea0a64601a737648080c63d6240b0dca632c4,60.16075,24.95883,00000000f1124bca,11.7
26191,2019-08-04T12:41:56Z,570dc61d53aec66ede39dfde66339640878453afc00cd1a55c60bca7,60.16544,24.95398,0000000038d83d41,27.28
26192,2019-08-04T12:41:56Z,571934189bf349efb6f596e76c21612cf9b82ed44913090169936048,60.17065,24.93641,000000000f4919c9,9.92
26193,2019-08-04T12:41:56Z,57451bc715fa6c748ba6f4851a37716e07c66082fd1a8e49d1207ae2,60.149,24.9843,00000000fffb8cf0,20.28
26194,2019-08-04T12:41:56Z,57bb8beeec6904b9a5cfe83c4ff9a80e63157780137f03de2a4152d3,60.16762,24.95415,000000006b44cce7,7.05
26195,2019-08-04T12:41:56Z,57c6f9c8fc64c4d7030c1d3576910e338178138cd74acdc9e3630216,60.16762,24.95415,000000006b44cce7,20.28
26196,2019-08-04T12:41:56Z,57eef16af260870a831bd4f88018555730ec7dd21a538e3575825479,60.16829,24.94214,00000000afef4555,18.79
26197,2019-08-04T12:41:56Z,583a35aa08fe45f96deb91a9f4b9317e86eddeee0d636cc11b3e2df8,60.16762,24.95415,000000006b44cce7,9.92
26198,2019-08-04T12:41:56Z,58411163d307bb308f9c94a9720e9ce5ab0ce4f5617cd2b1fcc2037a,60.16762,24.95415,000000006b44cce7,10.78
26199,2019-08-04T12:41:56Z,5ad49b1df485697faf158be3cea0719c350ca503bd67590b1123e8fb,60.16897,24.95222,00000000aa852af1,33.81
26200,2019-08-04T12:41:56Z,5bb54a365362fc3a1d1e4b4421c7b020c45f3274d1393340a1f89eb5,60.16762,24.95415,000000006b44cce7,9.92
26201,2019-08-04T12:41:56Z,5bbb03fd7db8dd6ddb6cf3e308c02476b0b549e3a4b28867cd8a89b3,60.14947,24.91438,000000004ef3150d,13.75
26202,2019-08-04T12:41:56Z,5c46671175475bc574d3a64fe85e1ce7792c14d29f1e79a39da24fa0,60.149,24.9843,00000000fffb8cf0,16.1
26203,2019-08-04T12:41:56Z,5cd5117066c75a1cb83d3896a7eba3f3472e133f0013ea7d4e95daaa,60.14699,24.922,00000000a53ed894,10.78
26204,2019-08-04T12:41:56Z,5d70086d53447ee393249cef33c7bae814c1d7c2e3055fc91b38786c,60.17919,24.95181,000000007b5207b6,7.69
26205,2019-08-04T12:41:56Z,5e7916ca910b02abf2d19906759663c23db63950a353fa546f55c8af,60.14699,24.922,00000000a53ed894,4.94
26206,2019-08-04T12:41:56Z,5ea49ba4de68e03664ec3a87f5de32434d7136b4f8323f022ff9df5b,60.16829,24.94214,00000000afef4555,6.46
26207,2019-08-04T12:41:56Z,5ee175437c5a15756f66cae8cf9172e291d462123de1bd59ae7a103b,60.16897,24.95222,00000000aa852af1,9.12
26208,2019-08-04T12:41:56Z,6035eadbad92ef954f3cc58996e2cdacac2aab108cca21a86f5cf589,60.17002,24.94407,000000006b087f40,21.87
26209,2019-08-04T12:41:56Z,604a02f00cf5d2e059c26ee48a07cd30e608c4b00f17f447c028da58,60.16762,24.95415,000000006b44cce7,16.1
26210,2019-08-04T12:41:56Z,60d5c11436b72dd4eb673f606bddc3f8f36675342cba015b9297155f,60.16448,24.97323,0000000053c6c2be,8.38
26211,2019-08-04T12:41:56Z,60d7fd34e511ad1565b92db2fbb5ef2908f7a273acceda524945e86e,60.16075,24.95883,00000000f1124bca,17.4
26212,2019-08-04T12:41:56Z,60d9b71ec38b796bf876dedfaf3112b49ff79677480c7603902857ae,60.14947,24.91438,000000004ef3150d,12.69
26213,2019-08-04T12:41:56Z,614ab7fba7255f6bf6f888e9a04d589962f756b3f427e658f10014f2,60.16075,24.95883,00000000f1124bca,7.69
26214,2019-08-04T12:41:56Z,62916b0c2a8ebabb938b5e97cb14eb89b2b32936d3fad04025ad5854,60.17002,24.94407,000000006b087f40,7.69
26215,2019-08-04T12:41:56Z,62a6fe2d9b3b5b4533c51253f8842428bd797b3c6a95a7816ec472ed,60.14947,24.91438,000000004ef3150d,14.89
26216,2019-08-04T12:41:56Z,63d99db5b2b7360c501446ea5e89feba9bd1c6735a7670039916f2ad,60.1538,24.95595,0000000038bf9618,31.5
26217,2019-08-04T12:41:56Z,63defb71d4c3856253a0a2d67a5c370b91ad0527703b334a63fe5344,60.14947,24.91438,000000004ef3150d,5.91
26218,2019-08-04T12:41:56Z,64394b1287e19738900f57d5c7483e02866e40bc8241fc6f6fbecbcb,60.16762,24.95415,000000006b44cce7,5.91
26219,2019-08-04T12:41:56Z,643ef3f01a51bea3c4510d4060a945cd510e5189236d68f5c9489034,60.16829,24.94214,00000000afef4555,2.08
26220,2019-08-04T12:41:56Z,64638a9f9e6c9b32fc4b484b55e4934fcab6cb04605cc76d5f5534b7,60.17065,24.93641,000000000f4919c9,16.1
26221,2019-08-04T12:41:56Z,64e34af775b57908b23056a31d60ef3b005941f2e7c3db0c49df675d,60.17065,24.93641,000000000f4919c9,9.12
26222,2019-08-04T12:41:56Z,6503762f2cac51cc2b74da1efa6b16583ed11c9a528d7716b7829c0b,60.16829,24.94214,00000000afef4555,20.28
26223,2019-08-04T12:41:56Z,6525cc634176c25187e68e0d067bcfecfd78e399e93db4ee9d408b7e,60.17918,24.95141,00000000675d5200,27.28
26224,2019-08-04T12:41:56Z,655204cb507ea9ae811105cdcd766161facaa9f729017a333f102391,60.149,24.9843,00000000fffb8cf0,9.92
26225,2019-08-04T12:41:56Z,65b3adca9ee7adbad7277ff62bf8d0019944180762113925a4e71d95,60.149,24.9843,00000000fffb8cf0,12.69
26226,2019-08-04T12:41:56Z,66b9cea6cd979b4e9e391e0ef854e2cc38eca6fb9e166811e39edd11,60.16629,24.95957,00000000fb7600be,18.79
26227,2019-08-04T12:41:56Z,6723bebaab92d1a9f8b4318fd4f497a6dec6d7f8e0eafca443925213,60.16075,24.95883,00000000f1124bca,4.5
26228,2019-08-04T12:41:56Z,67591d427f60ba3c369ac0d78088fca7be33081501508d16401dd6cb,60.16762,24.95415,000000006b44cce7,5.41
26229,2019-08-04T12:41:56Z,6774ed72eaf69d7c4aaeeef90990f969954155bbcc52652e75e7deef,60.16829,24.94214,00000000afef4555,7.05
26230,2019-08-04T12:41:56Z,677c53ae4056d6cb123ca576ba5284664b1c7e3e88818bd19b5dd99a,60.17919,24.95181,000000007b5207b6,18.79
26231,2019-08-04T12:41:56Z,69375ef968867906fc11b34d1e2c4b436d452cd47cb577a7f9e566ef,60.16762,24.95415,000000006b44cce7,7.05
26232,2019-08-04T12:41:56Z,69f1de5049f5731749defe893b8ae9ada4f5f788a994b8f7413ef657,60.17002,24.94407,000000006b087f40,31.5
26233,2019-08-04T12:41:56Z,6afad0494618e12f213955f9fdad3627f87b922e00bbee706c3152d7,60.16629,24.95957,00000000fb7600be,23.56
26234,2019-08-04T12:41:56Z,6b6668d7ebecfb96a6ed3ca19e97f8da150943ddf1d034675d08a9b8,60.14699,24.922,00000000a53ed894,14.89
26235,2019-08-04T12:41:56Z,6b97071051ccf5db7e5ebee033d4f68d58ed6917ff2fac5b205a6605,60.17065,24.93641,000000000f4919c9,14.89
26236,2019-08-04T12:41:56Z,6c7e018abdf8462af7c7b003bc30f915184f7082e9e865a2c502eed5,60.14699,24.922,00000000a53ed894,11.7
26237,2019-08-04T12:41:56Z,6e02e56515cc7fe0dad26d8d87ec7b37994e59323b1cf31791116f49,60.17002,24.94407,000000006b087f40,25.36
26238,2019-08-04T12:41:56Z,6f3dd17e40daabb4efe868f1b859dc00ecc01846f0a0e2b8db5d1413,60.17919,24.95181,000000007b5207b6,17.4
26239,2019-08-04T12:41:56Z,6f6424bbbaf60613d510509f7f01d817e2161b2043aeda1ad4f4723b,60.14951,24.92138,0000000006dd41f6,33.81
26240,2019-08-04T12:41:56Z,6f8d7717df843a7b0be6b0dd55e933ebbd9819bd96c48f210e193e4e,60.16829,24.94214,00000000afef4555,11.7
26241,2019-08-04T12:41:56Z,6fdfc33c6b609ea80b4a38ecf657bc68b7bf659752b51edcc22ffb54,60.16762,24.95415,000000006b44cce7,8.38
26242,2019-08-04T12:41:56Z,6ff93560ca77c6e5a25bc7441cf33cf7fa0138b3da4d99b2dbf5531b,60.14947,24.91438,000000004ef3150d,9.92
26243,2019-08-04T12:41:56Z,70c56152af84cf1bad4d19b0cb31202232b4cd4320ce5ea48895e42b,60.14947,24.91438,000000004ef3150d,6.46
26244,2019-08-04T12:41:56Z,71479e7c1c4fd96468f16800ff04484480c76e0953d2074500b0df31,60.17919,24.95181,000000007b5207b6,17.4
26245,2019-08-04T12:41:56Z,71c360c0ae36f964d9ca7957d318abe8f1933c8220f225231eb33b39,60.18203,24.91341,00000000342570c2,29.32
26246,2019-08-04T12:41:56Z,733f21ebebe353e10a55a74b40a0a480e6d276334d4f3d8bcf85b711,60.16075,24.95883,00000000f1124bca,14.89
26247,2019-08-04T12:41:56Z,74cb545f76f0bfc5498607247e26e814276a11ce91f77208054ecbc5,60.17002,24.94407,000000006b087f40,20.28
26248,2019-08-04T12:41:56Z,759f94c852ff15ca91c3138913c3858c4801702f8f0514ae82fb2a19,60.16897,24.95222,00000000aa852af1,12.69
26249,2019-08-04T12:41:56Z,7664b7f08aaa059ecf6646a595c33fae0c80715febe63e31f45a4662,60.16762,24.95415,000000006b44cce7,7.69
26250,2019-08-04T12:41:56Z,773cde2fe905572767422dd8f7b13c6579d615ef03314b665c7bf40f,60.16762,24.95415,000000006b44cce7,8.38
26251,2019-08-04T12:41:56Z,777cceac7be6303a1c82f7cc68061528b01e3aa1b3aa6481cad9e5e3,60.16075,24.95883,00000000f1124bca,10.78
26252,2019-08-04T12:41:56Z,7796953a0f798f923ba226160bca647fa4b3dcd583e22d452efd0974,60.16629,24.95957,00000000fb7600be,31.5
26253,2019-08-04T12:41:56Z,77a12194b9a6789f4b2b8c07ae7fce3c2b531cb221e5fa7ca5deae55,60.16897,24.95222,00000000aa852af1,9.92
26254,2019-08-04T12:41:56Z,79d30a3ef05e3d34450d1c975b3fa9d21b994f078f943db791239b07,60.14699,24.922,00000000a53ed894,16.1
26255,2019-08-04T12:41:56Z,7a0c0b525f2d3eed6c873bd3b8d27bede551fe4a428ac15c23deadae,60.16075,24.95883,00000000f1124bca,25.36
26256,2019-08-04T12:41:56Z,7a4a06d20ebe57d94e5fceeaf47d5b56ad9a515818e9c20e21a80e61,60.16629,24.95957,00000000fb7600be,18.79
26257,2019-08-04T12:41:56Z,7a97375000483176c3b37cc0d1744a950d9b322ce3534208fce0b21d,60.14699,24.922,00000000a53ed894,7.69
26258,2019-08-04T12:41:56Z,7ab335e046f7f3597f8f615a90857885e35cfecefebd5d24bbf0af90,60.16075,24.95883,00000000f1124bca,23.56
26259,2019-08-04T12:41:56Z,7ad93fed82e41ea4422fa101badc698b0328c3ebf0f6b73c5164d438,60.16897,24.95222,00000000aa852af1,14.89
26260,2019-08-04T12:41:56Z,7b61dc50070867948abbe5275032ae82e7643ca4158a809fe41a8b69,60.14699,24.922,00000000a53ed894,8.38
26261,2019-08-04T12:41:56Z,7bb67bcf014747e5d826f95c610d36492f31095552417a0864475491,60.14951,24.92138,0000000006dd41f6,17.4
26262,2019-08-04T12:41:56Z,7be762f58d54665c5e6668eb2fb3eae7201522ddff196bbc5eb731f0,60.14947,24.91438,000000004ef3150d,10.78
26263,2019-08-04T12:41:56Z,7d9a3d84c09c3a8d6876389e216e0278048d6b924890fb275a078ffb,60.16531,24.9442,00000000fdda10fe,0.84
26264,2019-08-04T12:41:56Z,7e31a4896ab0ff539440898dfabd8305df79869bff52da941016d1cc,60.1538,24.95595,0000000038bf9618,25.36
26265,2019-08-04T12:41:56Z,7e76449e59f1e3a1a615b54408115353fbb14d815390d03a73b1a7bb,60.14947,24.91438,000000004ef3150d,14.89
26266,2019-08-04T12:41:56Z,7ed2e551d72c45a21ee9c859e96198a40adba806b108ca092d03d1d2,60.149,24.9843,00000000fffb8cf0,21.87
26267,2019-08-04T12:41:56Z,7ee87b87cf01698f643e1ba3117b245039edc811605df5dc802e7576,60.14947,24.91438,000000004ef3150d,9.92
26268,2019-08-04T12:41:56Z,7f2f97e26d55f653ed70260ea4f893d01a3984cbdf6d7a3bfb2641de,60.16829,24.94214,00000000afef4555,21.87
26269,2019-08-04T12:41:56Z,7f3c9dd2c7352cb81fb186a7d700841d2bcb47cd8ea0d5f8719b5908,60.16762,24.95415,000000006b44cce7,7.69
26270,2019-08-04T12:41:56Z,7f786ec8e06f1ca3bdd10fc60d0114baf354125b8f6cf796d197f4cc,60.16075,24.95883,00000000f1124bca,3.4
26271,2019-08-04T12:41:56Z,7fe10e69931c2d658099a314f3fce64865329e12a7b834c375e2d5d2,60.14699,24.922,00000000a53ed894,11.7
26272,2019-08-04T12:41:56Z,80cbcb887f3e351e3bef7c5f53dccc578cc3494feec514aed7015c0d,60.16075,24.95883,00000000f1124bca,6.46
26273,2019-08-04T12:41:56Z,80cc39b04598f971820e63498fd27ae72a12a45a60c220fe625b282a,60.14699,24.922,00000000a53ed894,9.92
26274,2019-08-04T12:41:56Z,82411c6526228322a61f59259f13adf7cde62bd767587b6735867705,60.17919,24.95181,000000007b5207b6,14.89
26275,2019-08-04T12:41:56Z,83121a75723643c48e3c3b0a3ea5fccb532046432ca445833e8de06a,60.16762,24.95415,000000006b44cce7,0.5
26276,2019-08-04T12:41:56Z,848fe01e24ccc782e5968171f53ea31d28f20a455c45d8bac8fb7374,60.173,24.92524,0000000096918cfa,12.69
26277,2019-08-04T12:41:56Z,8499290ca844477035cb04c821386788d09243bf12e2337d45411ac1,60.17002,24.94407,000000006b087f40,18.79
26278,2019-08-04T12:41:56Z,849a662d95d4185421aff7c6213ba5d7b84cfc58c9fb30ff34054e4c,60.16075,24.95883,00000000f1124bca,9.12
26279,2019-08-04T12:41:56Z,84eabd120b074df2af16555f4c2db60e3ef1a465d061e90ace8cbb87,60.16829,24.94214,00000000afef4555,25.36
26280,2019-08-04T12:41:56Z,8594fb61dec551b4c22c66779b2529be01deb33351d410dd2cf87bb7,60.14699,24.922,00000000a53ed894,29.32
26281,2019-08-04T12:41:56Z,85ae2fb0d86e4b0b584d5ad52913239834a7534824072f7f160f3982,60.15432,24.9211,0000000019fb59c4,25.36
26282,2019-08-04T12:41:56Z,85d66944a64cfde859e7e08ca4b79f3b39d5b03141d500fe7ce73f7e,60.14699,24.922,00000000a53ed894,9.12
26283,2019-08-04T12:41:56Z,868cd7608ed6beb209db2aad8c71f56b8aec3a6b453be18e4af217a2,60.17065,24.93641,000000000f4919c9,20.28
26284,2019-08-04T12:41:56Z,87cbb5265cd1cc3213ddb5ed9ed2a599ddb7db0b0747121d649b0ae3,60.16544,24.95398,0000000038d83d41,18.79
26285,2019-08-04T12:41:56Z,8822ffe19dec49fe874ac377de5a0504e931e342ecc1f5b1fcb939e5,60.16897,24.95222,00000000aa852af1,23.56
26286,2019-08-04T12:41:56Z,8829e285e51c0d4af122465705662b6c54ff8df31b75e657e5d57b48,60.16829,24.94214,00000000afef4555,21.87
26287,2019-08-04T12:41:56Z,885bcc6af7d0aa9718fe1030e32ffff1de5171ae5ef67cf0011874fb,60.14947,24.91438,000000004ef3150d,9.92
26288,2019-08-04T12:41:56Z,8947a5209f3b32173d3dc72792039edf94a2711741ab041b62b30643,60.16762,24.95415,000000006b44cce7,3.74
26289,2019-08-04T12:41:56Z,896f7e896dc6f1ea44b82bf968a988cc10c358ee34821d9d7a4bd07a,60.14947,24.91438,000000004ef3150d,12.69
26290,2019-08-04T12:41:56Z,8a08b2de43a9ef03cf96610718c908e69dcacc59f536a7135b7bb542,60.16629,24.95957,00000000fb7600be,11.7
26291,2019-08-04T12:41:56Z,8b641985c793a3f25a45b2460cb01f5baa6f339c6dd26ba7752d8a7a,60.16897,24.95222,00000000aa852af1,6.46
26292,2019-08-04T12:41:56Z,8ba6cfc17ca70e8304994e018ebd5eb2003177062cde05925d5cacb3,60.173,24.92524,0000000096918cfa,29.32
26293,2019-08-04T12:41:56Z,8bbf5422247a0a6be314130d8fd9ae1814401b75acf3b3ce2da9620c,60.14699,24.922,00000000a53ed894,16.1
26294,2019-08-04T12:41:56Z,8d528b00553162a9dd47d2296d15b2fad89aad6a508424d4589618a1,60.14947,24.91438,000000004ef3150d,27.28
26295,2019-08-04T12:41:56Z,8d5672c651968bf1f466b44baefa37f9438850e96140d126f6a99baf,60.16897,24.95222,00000000aa852af1,14.89
26296,2019-08-04T12:41:56Z,8d5766dbef5d3b5e87b4a6fad45b4cee92029af9c57dc200b48a063b,60.14699,24.922,00000000a53ed894,27.28
26297,2019-08-04T12:41:56Z,8d73f674010f5cb02e8f20251ed86a9afcb7f6b3926039470296bd00,60.17065,24.93641,000000000f4919c9,18.79
26298,2019-08-04T12:41:56Z,8d8a869e83fe2ac29e791666634a33af3ea4048ea4e752b6fb1e238c,60.14947,24.91438,000000004ef3150d,3.74
26299,2019-08-04T12:41:56Z,8dcf139eb279bcc2696420ba9da858e361600ff02cd29587f66660ec,60.16897,24.95222,00000000aa852af1,18.79
26300,2019-08-04T12:41:56Z,8de3d516b6cffb3335f9ebec3f6068b693db224f56eae6a50d7c6320,60.16531,24.9442,00000000fdda10fe,31.5
26301,2019-08-04T12:41:56Z,8f9026cfff0b3ccd2e7a22e5767bee52b08ab5630d1c6ac046bf7f39,60.16544,24.95398,0000000038d83d41,38.87
26302,2019-08-04T12:41:56Z,9023a89a49a372e5f97cf86ef1b5de0164eb67cc10d394d383ab75fd,60.16829,24.94214,00000000afef4555,23.56
26303,2019-08-04T12:41:56Z,920dc90f60b295267f63efc8f968408087b71878dc3f49f0ded1c41e,60.17919,24.95181,000000007b5207b6,31.5
26304,2019-08-04T12:41:56Z,93a2100e233b204243f7e69b68dea7c9a145d1b5384bd18359bf87a3,60.16531,24.9442,00000000fdda10fe,2.3
26305,2019-08-04T12:41:56Z,93e409819362e2429a43710ff4330bd3ed83011b73ae438dd7fb62d8,60.16762,24.95415,000000006b44cce7,10.78
26306,2019-08-04T12:41:56Z,94237bc673d78a307ecc9da6df18d0b37e632b8cd6709f81081f000a,60.17002,24.94407,000000006b087f40,16.1
26307,2019-08-04T12:41:56Z,9575ef1c44f26f0301d726029c8b1c28011a4724496943451bee6544,60.14947,24.91438,000000004ef3150d,7.05
26308,2019-08-04T12:41:56Z,958ab5fd2d2c7f0c3fe6dc14fe27005fcf35b013db75f708c22a3619,60.16762,24.95415,000000006b44cce7,14.89
26309,2019-08-04T12:41:56Z,9604244c18efd5978b809f021651f7743e0e64da38fcf3718f9b4f93,60.14699,24.922,00000000a53ed894,10.78
26310,2019-08-04T12:41:56Z,9736a8a29aee134a307e0cd4221e9b0a2ab7c48befee43fc62e9f9bd,60.14699,24.922,00000000a53ed894,5.91
26311,2019-08-04T12:41:56Z,98162c76493f6310ae46e45562327ad94182de391f9651985aae487d,60.16762,24.95415,000000006b44cce7,16.1
26312,2019-08-04T12:41:56Z,9868033d7f0d18f01d12a4034f37bf5d6e51e5ed9124c68d4b8b8e6c,60.14947,24.91438,000000004ef3150d,5.91
26313,2019-08-04T12:41:56Z,9885627881a266e5cf401516e009049e859d738e2e019be570f4b4d8,60.16448,24.97323,0000000053c6c2be,13.75
26314,2019-08-04T12:41:56Z,98bb3b6f5e2403b14b8e01616c07b03bb1fd153ded656033d7bd3533,60.16075,24.95883,00000000f1124bca,3.4
26315,2019-08-04T12:41:56Z,992f6feda52c82ad67e40af55b5602bb22411020701998c6bd65faed,60.16762,24.95415,000000006b44cce7,11.7
26316,2019-08-04T12:41:56Z,99334da99912e6d4b516e02432e7f88db5a5b87f635722bc3a8b38a6,60.14699,24.922,00000000a53ed894,13.75
26317,2019-08-04T12:41:56Z,994b630283c750a0b697359e32c4bd06d5b4a32d2edb6c12cce42b32,60.16829,24.94214,00000000afef4555,9.92
26318,2019-08-04T12:41:56Z,9a9db814dfa74ca2c2d51496299715310e81c6e6525cc9d2cb0762eb,60.16897,24.95222,00000000aa852af1,29.32
26319,2019-08-04T12:41:56Z,9ac4c3176875b59567d28bf01df0c9490620902ff082fd0b93d15cb4,60.18203,24.91341,00000000342570c2,27.28
26320,2019-08-04T12:41:56Z,9acffb3f8b8720e2de83c8cfd41915d268d5eca34e0bd280eed3e6f4,60.16897,24.95222,00000000aa852af1,13.75
26321,2019-08-04T12:41:56Z,9b03b610755f4cec2e9d83a9763204e758a075614b125210bc914df5,60.16075,24.95883,00000000f1124bca,17.4
26322,2019-08-04T12:41:56Z,9bad872c31c8c5e53f064b5367350b41271d45ca8a9e508136622800,60.16897,24.95222,00000000aa852af1,11.7
26323,2019-08-04T12:41:56Z,9bba567797b8a0c3647e4c615ad86396ada035ea1ad5f65777dfc144,60.14699,24.922,00000000a53ed894,20.28
26324,2019-08-04T12:41:56Z,9c65108fa1e4c7a8b7ec88de2204e7e33756d7988c733db64ea57fda,60.149,24.9843,00000000fffb8cf0,36.27
26325,2019-08-04T12:41:56Z,9e3d4a4b1acd94d2896cd7cf56419110f06ea96faae37aadebd4ec77,60.14947,24.91438,000000004ef3150d,7.05
26326,2019-08-04T12:41:56Z,9ff13c715073d5ad9c464cb67b6de3f703435cf389c32cce5626dfe1,60.149,24.9843,00000000fffb8cf0,21.87
26327,2019-08-04T12:41:56Z,a013af23449d6d98abee74e52eabec399ca57bd09762466edcc54f33,60.16762,24.95415,000000006b44cce7,16.1
26328,2019-08-04T12:41:56Z,a22736c5d66f417bc6b745f51492549dc2e5a3c766f5e7e23f183b41,60.14947,24.91438,000000004ef3150d,8.38
26329,2019-08-04T12:41:56Z,a38a21a97a054541f0423f03758c70227116c05254958373e3e93ad0,60.14947,24.91438,000000004ef3150d,14.89
26330,2019-08-04T12:41:56Z,a3d228482bfdd3dbdfaee1ff72b6ac00c2ee8c05e949047ce9117783,60.14699,24.922,00000000a53ed894,6.46
26331,2019-08-04T12:41:56Z,a41e158d772eaf06a23fe6c476419f78fae156bf286c7e56e79cea64,60.14699,24.922,00000000a53ed894,13.75
26332,2019-08-04T12:41:56Z,a6484386e3b96e03bba2e837ed3ccbed2e2adb2e7b945583013cb0f2,60.1538,24.95595,0000000038bf9618,25.36
26333,2019-08-04T12:41:56Z,a6f944078dd26796f5a849ccb6fdf8a4436f913cf3302597c846462d,60.16762,24.95415,000000006b44cce7,14.89
26334,2019-08-04T12:41:56Z,a7472d1b63171c047444981df223670390009e3ea502132d9963e9fb,60.14947,24.91438,000000004ef3150d,10.78
26335,2019-08-04T12:41:56Z,a794d97e26d3678bb11b4364880414bb7bfac4bb49d1867b37b489f7,60.14947,24.91438,000000004ef3150d,9.92
26336,2019-08-04T12:41:56Z,a8bd45406d5913e098652d4c2d836339758e08d21bf5d88becabdd36,60.14947,24.91438,000000004ef3150d,5.91
26337,2019-08-04T12:41:56Z,a96e9a3805def174e6ededa93b88ce312739d9d68941dffdeca03e9f,60.16762,24.95415,000000006b44cce7,16.1
26338,2019-08-04T12:41:56Z,a9dfc9065260957b1eb8dc3b11b793f73f7940fa5cb61acb16a260e2,60.16897,24.95222,00000000aa852af1,14.89
26339,2019-08-04T12:41:56Z,aa076c3f0d09145aebbb750dde9849ba4eb6759e92ba5753280184d6,60.16762,24.95415,000000006b44cce7,14.89
26340,2019-08-04T12:41:56Z,aa5773b59ce2bf1eee53e4e77cd3c261465d2ea538c9a85b8de30cd8,60.14947,24.91438,000000004ef3150d,4.11
26341,2019-08-04T12:41:56Z,aa6d51fc5411b69567cb854360c4a81267eac19446946eb27618306a,60.14699,24.922,00000000a53ed894,6.46
26342,2019-08-04T12:41:56Z,ac36860ddd2d60f33c730b2ecc540578d8edcf2c1e8c55e897d76d93,60.14951,24.92138,0000000006dd41f6,13.75
26343,2019-08-04T12:41:56Z,acdcc8ae1d1c6bb055dfc108154eae58b4b894f0ce1ff174c1065c7e,60.16762,24.95415,000000006b44cce7,10.78
26344,2019-08-04T12:41:56Z,ad8af809ed47a3391bb53d11da159b3a8b0ddc264d94c049ce72bda0,60.17065,24.93641,000000000f4919c9,1.01
26345,2019-08-04T12:41:56Z,ae08ba8b9f7ef2a4326d6d7bbf452a87d08f8062feaf20cb7101d414,60.15432,24.9211,0000000019fb59c4,9.12
26346,2019-08-04T12:41:56Z,ae828cc3f1fa739d818186776cff673c88a05d0f3dedfb4a765a54fd,60.16829,24.94214,00000000afef4555,9.12
26347,2019-08-04T12:41:56Z,ae87b8dd8920695bc9e599874667205991c04e30666d8523f0be4350,60.14947,24.91438,000000004ef3150d,3.4
26348,2019-08-04T12:41:56Z,af8d59ebae9a22f7ba004eab4dcac2f4560a935bf6a7f9e2ffc0d0af,60.14947,24.91438,000000004ef3150d,13.75
26349,2019-08-04T12:41:56Z,b12b27061f30d5659794f14cbed5e4726c5af1ef526611d3b2dded29,60.14947,24.91438,000000004ef3150d,14.89
26350,2019-08-04T12:41:56Z,b27b090bd1bd9828dcb6ddbd0a1394e4aa097974747dff90ba0eff71,60.16897,24.95222,00000000aa852af1,13.75
26351,2019-08-04T12:41:56Z,b2b344932a455663bb9c15f518950a54e05393ddfca54e5cc094e89a,60.16829,24.94214,00000000afef4555,25.36
26352,2019-08-04T12:41:56Z,b2f4a0d16a465937b24ab8f836aa06aaa351ba0ab2788965983e4753,60.17002,24.94407,000000006b087f40,25.36
26353,2019-08-04T12:41:56Z,b3d99c04e3db6b698e6e54f19434461336954d0c15385bff6e557be8,60.173,24.92524,0000000096918cfa,29.32
26354,2019-08-04T12:41:56Z,b3e9da5a37ed8ed450753cb7443e607ed1de2af685bad5be61b3e91c,60.16075,24.95883,00000000f1124bca,9.92
26355,2019-08-04T12:41:56Z,b41cc64d7ab4e16a03573bdc3b5863c4b402ec66c7780c7900c02877,60.16829,24.94214,00000000afef4555,21.87
26356,2019-08-04T12:41:56Z,b523d3f8341906e4b3877ff7d9614b4e10d6bbf10afdcc6c53656c8f,60.17065,24.93641,000000000f4919c9,36.27
26357,2019-08-04T12:41:56Z,b7039958be9f53a3eaed97f705a1974815f52f25226e920155397bec,60.16075,24.95883,00000000f1124bca,20.28
26358,2019-08-04T12:41:56Z,b81e80c4efa2f6bf7a24861abfd0f0fb5672f1512dc7545a1d387f7f,60.16762,24.95415,000000006b44cce7,4.5
26359,2019-08-04T12:41:56Z,b82ba472f0cb919b39c31b9c737f1608f6a31ffa63352768f9fa12ea,60.16829,24.94214,00000000afef4555,9.92
26360,2019-08-04T12:41:56Z,b92c7fb1d77c3f326d59dbe2689bb5b8ff10fcd691f28b36aa98408c,60.17002,24.94407,000000006b087f40,25.36
26361,2019-08-04T12:41:56Z,b936adc4821ac74aa643564d0b86e3858f1ec392e3f43e92427d7edc,60.14699,24.922,00000000a53ed894,16.1
26362,2019-08-04T12:41:56Z,ba9825bb3cfae6aeb29833f0a11189802065c73f8e541b2bcb5b572f,60.14699,24.922,00000000a53ed894,21.87
26363,2019-08-04T12:41:56Z,bb0193f2b0ac4801fe82ed5cec75e687465d707d92e731047f81650f,60.1538,24.95595,0000000038bf9618,1.25
26364,2019-08-04T12:41:56Z,bbe1e18f88cf88928067a0221965768c1f2ae264291cea564d7eb7e8,60.16897,24.95222,00000000aa852af1,10.78
26365,2019-08-04T12:41:56Z,bbe7947ea50de5986f237ccab5782ddb55c199ad6a81e8f692670d0c,60.16829,24.94214,00000000afef4555,6.46
26366,2019-08-04T12:41:56Z,bbeaad18acdd3a2602aa5b07ab6ae8df489cb499c4490b3e6f561a5e,60.16544,24.95398,0000000038d83d41,20.28
26367,2019-08-04T12:41:56Z,bbf8cd606b9732370f1c0ae0e68d6d0663a23102d831dd10c0e74819,60.16897,24.95222,00000000aa852af1,12.69
26368,2019-08-04T12:41:56Z,bc07df8cc395f6f4f5d483b2233caca5f93a6918f346e4cc3702f8cc,60.16531,24.9442,00000000fdda10fe,12.69
26369,2019-08-04T12:41:56Z,bd33b7ad8d89c8c1958de09b4900b5ebc62ed61b9decf094268b04d0,60.16762,24.95415,000000006b44cce7,9.92
26370,2019-08-04T12:41:56Z,bddca8fc17056f9f207a259070e281eedf4cea3e8e22093b88bbd7b5,60.14699,24.922,00000000a53ed894,8.38
26371,2019-08-04T12:41:56Z,bdff3780e8c8abfdca39eab1fa9d3bfc75b96e015b7c6ea951de3215,60.14699,24.922,00000000a53ed894,21.87
26372,2019-08-04T12:41:56Z,be3899e685ec11f99f7112d4c7cddf57b9c9edeed8394ef9c49ede71,60.17002,24.94407,000000006b087f40,23.56
26373,2019-08-04T12:41:56Z,bebf1edb9736fe66391376c4cf2a3033ab9fa83ae21f86b66392e2d0,60.16762,24.95415,000000006b44cce7,11.7
26374,2019-08-04T12:41:56Z,bf2e5725b255e320f1e8375ec03f55194f1fd9f751be9629d873a5c8,60.14699,24.922,00000000a53ed894,2.3
26375,2019-08-04T12:41:56Z,bf7b5b4e75942592c7b9ce61d2191afc196d5b162bcff93bc53ea1d7,60.17002,24.94407,000000006b087f40,20.28
26376,2019-08-04T12:41:56Z,c0722f63618f97eb8ec4afac1a8538b81a3c87e623d753ad1201bf7c,60.16075,24.95883,00000000f1124bca,5.91
26377,2019-08-04T12:41:56Z,c0872968c54204234fb9792b4e0d997b0ea5882f431eda70bb244e3a,60.14699,24.922,00000000a53ed894,21.87
26378,2019-08-04T12:41:56Z,c0a0ca3433586ed2ae0e448f2406fabac7292ac79d49562e0bd5cef8,60.16762,24.95415,000000006b44cce7,14.89
26379,2019-08-04T12:41:56Z,c22d0093a8d103f59838ad43218fa834e328847e5094bcb2e98d5307,60.16829,24.94214,00000000afef4555,6.46
26380,2019-08-04T12:41:56Z,c261834e6d2c1bd9adddb82d8c6ce2d8aad82a89e32da62f3fcc6063,60.16075,24.95883,00000000f1124bca,7.05
26381,2019-08-04T12:41:56Z,c2df6019d8d482b8e842c4255041699db5564f71198829142be74c80,60.16762,24.95415,000000006b44cce7,14.89
26382,2019-08-04T12:41:56Z,c36d58ed0e0dddb3e26be1214e369db1c3fa3d4bcf8b53536a25239b,60.17065,24.93641,000000000f4919c9,4.5
26383,2019-08-04T12:41:56Z,c3be6dcc2c0542676c20d28ce38adbe2c0b9be09caa3f22e60210636,60.16075,24.95883,00000000f1124bca,3.4
26384,2019-08-04T12:41:56Z,c493415e869d6e6304841784a120f994272b83557256b43e44e4f3e0,60.14699,24.922,00000000a53ed894,8.38
26385,2019-08-04T12:41:56Z,c593e91b10da944a20d25c4237bda2fae759d288cea38bcaaee3abfa,60.16448,24.97323,0000000053c6c2be,21.87
26386,2019-08-04T12:41:56Z,c633a260ce59bad4e1ca42f12936ed8ae57a40f5e6528dfb70052c43,60.16897,24.95222,00000000aa852af1,8.38
26387,2019-08-04T12:41:56Z,c68c02229f2c658d55b76c15cf2816f538b896ce5d3c0ebfc2a90911,60.149,24.9843,00000000fffb8cf0,31.5
26388,2019-08-04T12:41:56Z,c87da10aff699f66ab177faaafcbfb29044be17a0cdcd0770f99f6f0,60.17065,24.93641,000000000f4919c9,25.36
26389,2019-08-04T12:41:56Z,c905a50dedd9b3d2114cde9160b7adf83adc09683b65598ce24c4047,60.1538,24.95595,0000000038bf9618,16.1
26390,2019-08-04T12:41:56Z,c9822d9c012b25f745a2934c523f3c9e6db75fbe3f5e673475813381,60.15432,24.9211,0000000019fb59c4,9.92
26391,2019-08-04T12:41:56Z,cad80f69731ad65f7f14bf400d674e0c42de462bd42db112c9d9f261,60.16075,24.95883,00000000f1124bca,20.28
26392,2019-08-04T12:41:56Z,cb3f05d5604f5532e039e6d40514b13aba8f6274d952bb17a8b801fc,60.15432,24.9211,0000000019fb59c4,23.56
26393,2019-08-04T12:41:56Z,cbc336691f17a9c508549e03d522166247a0cd0a944321c1a7d15525,60.14699,24.922,00000000a53ed894,9.12
26394,2019-08-04T12:41:56Z,cc2cf42c6b14536fb92c810ff0e3dd5a3caa74236f14246a5b6e8cdc,60.16762,24.95415,000000006b44cce7,5.41
26395,2019-08-04T12:41:56Z,cce6b6f309e43e2bb1be6a9784582a82891e976d0869d01040586d27,60.14947,24.91438,000000004ef3150d,12.69
26396,2019-08-04T12:41:56Z,cd3e127e27387b6e06cdf27f46fb6046e4182e4d7b49b49c17167c1c,60.14947,24.91438,000000004ef3150d,13.75
26397,2019-08-04T12:41:56Z,cd4867e8bfd7af028b5546f9acfa77ecb7ff107d7c09d62186ecbbd7,60.16075,24.95883,00000000f1124bca,12.69
26398,2019-08-04T12:41:56Z,cd4ecd3b83630f6e5d65f635804e47a1ceb82853aac36af30044f06a,60.149,24.9843,00000000fffb8cf0,36.27
26399,2019-08-04T12:41:56Z,ced0425d382ce86b7565a8b7b36a453a0880a08ba10090524e6c1ac5,60.14699,24.922,00000000a53ed894,12.69
26400,2019-08-04T12:41:56Z,cef1d06a10cfa08bcaef8b36535c2ec32c756a76cc0d5c2a1246f933,60.14699,24.922,00000000a53ed894,7.69
26401,2019-08-04T12:41:56Z,cf348d1ad8b56dd43f377926c2a3f3a9436d35fc378964335639effa,60.16829,24.94214,00000000afef4555,27.28
26402,2019-08-04T12:41:56Z,cfa42322be0000cf89d8969d1b88ace0ba99cab721dd58d55d41a36e,60.17065,24.93641,000000000f4919c9,21.87
26403,2019-08-04T12:41:56Z,cfc2a688ff31fbb1baac8790fb6d56dc7746ba2cf9e0e5f39d4751a4,60.14699,24.922,00000000a53ed894,5.91
26404,2019-08-04T12:41:56Z,d0413da80c7714f40ffe50dcfb00039280c64ecebc61c59df72965e6,60.149,24.9843,00000000fffb8cf0,12.69
26405,2019-08-04T12:41:56Z,d098b9b5b30c5fcd4ae8a2b8bc761df72829713d3ae919634876d349,60.14699,24.922,00000000a53ed894,9.12
26406,2019-08-04T12:41:56Z,d0aa228c2a3e6e1568e876cffc76874702e0f0f63f18533551bf02c1,60.16075,24.95883,00000000f1124bca,18.79
26407,2019-08-04T12:41:56Z,d0aca6a3ca5814935673fed46701a17fd9fdab823de9175d7a109b00,60.16762,24.95415,000000006b44cce7,31.5
26408,2019-08-04T12:41:56Z,d0cab2a2660dcc5cb99a9bdf39d2e6b31b7498985db1b50e48cb478d,60.18203,24.91341,00000000342570c2,10.78
26409,2019-08-04T12:41:56Z,d1494ea9019ebe27ab1e0e4d26f4f307c19720a0d8851bc848d80cab,60.1538,24.95595,0000000038bf9618,21.87
26410,2019-08-04T12:41:56Z,d150c7aba4e7419f0ddd187392a9c2a429f44fa82535fb594c48ff55,60.16897,24.95222,00000000aa852af1,9.12
26411,2019-08-04T12:41:56Z,d38e88e5b926f9d1de6e326cca45116fcca11f10684c80876739c6cd,60.16075,24.95883,00000000f1124bca,5.91
26412,2019-08-04T12:41:56Z,d635f6e4536bd89d5a215500e5d4203d21e632e50e0403f82c5d00f9,60.15432,24.9211,0000000019fb59c4,21.87
26413,2019-08-04T12:41:56Z,d75c412090c347ad7fca9287bcc4eb9bfb757dc7c1725109861dd93e,60.16629,24.95957,00000000fb7600be,20.28
26414,2019-08-04T12:41:56Z,d87210146aab139cc6640a20b428dce6ac516806a71a177b70e04f62,60.17065,24.93641,000000000f4919c9,9.12
26415,2019-08-04T12:41:56Z,d8e7e8b511d1123d1389cf08abbfa54b2b38e1824598b88008356c33,60.16897,24.95222,00000000aa852af1,10.78
26416,2019-08-04T12:41:56Z,db6993de0692cf79ab1b8e7d86e4b5832d11f57f026a6eb339f977bf,60.14699,24.922,00000000a53ed894,9.12
26417,2019-08-04T12:41:56Z,dbf9f0495974591badcee3fcfc1b5eb718b26de86aaf486c351ad084,60.14947,24.91438,000000004ef3150d,3.74
26418,2019-08-04T12:41:56Z,dc15145376f4a497910c8d2231d671bf62f1918ad93938a48fdc3eb4,60.149,24.9843,00000000fffb8cf0,12.69
26419,2019-08-04T12:41:56Z,dc439ef81c2abfb840e3ab145f2b944aae18a1beffd3eb47de845b9c,60.16531,24.9442,00000000fdda10fe,16.1
26420,2019-08-04T12:41:56Z,dcec4c4fb70c5f7dd0f408b6499f8c5ab0c2e9ff2b6d0fb082eba391,60.16075,24.95883,00000000f1124bca,21.87
26421,2019-08-04T12:41:56Z,dd4d709c749e6cfcf1531575846683d4ca730e850e17c6dd39252f8e,60.16075,24.95883,00000000f1124bca,11.7
26422,2019-08-04T12:41:56Z,ddc8410b9e4ece4b995b789f95e526693bac176ed77092ba57355dc8,60.16762,24.95415,000000006b44cce7,3.74
26423,2019-08-04T12:41:56Z,de3fe5f63e74a582e06c8cb02e6128d6013827015ba3e2fe93082977,60.17002,24.94407,000000006b087f40,18.79
26424,2019-08-04T12:41:56Z,de84f754a3916c8f831b0bb8ea41fc2a42cdea2794558fece3c7ae97,60.1538,24.95595,0000000038bf9618,41.64
26425,2019-08-04T12:41:56Z,e02c0f9f72e9f248a4b5df8af328e1a0132d4d8a72c1e603d14cdacd,60.18203,24.91341,00000000342570c2,14.89
26426,2019-08-04T12:41:56Z,e0df847c19b463dec6cea35494d375ce136a276c6a785936c931f60f,60.18203,24.91341,00000000342570c2,31.5
26427,2019-08-04T12:41:56Z,e0e938d5ab6fe3b13270163cd8a4e531dfae4b24ff98ab7e4277114c,60.14947,24.91438,000000004ef3150d,10.78
26428,2019-08-04T12:41:56Z,e0ff1e75104c5dfa3549647c238569888e353e1322256a5c6979de0b,60.14699,24.922,00000000a53ed894,9.12
26429,2019-08-04T12:41:56Z,e1a443e10353da64728464e8a720aaf22a62b80d404f1acae1a1c6ee,60.1538,24.95595,0000000038bf9618,33.81
26430,2019-08-04T12:41:56Z,e1cbbba69be9f9e38dbd0b8b87c2462229dfc7862362eb4b76a5c8b6,60.14947,24.91438,000000004ef3150d,31.5
26431,2019-08-04T12:41:56Z,e23a6115ba872037f9b5066c9c9c966b497f449e32a2c9ceb0e55497,60.16829,24.94214,00000000afef4555,12.69
26432,2019-08-04T12:41:56Z,e341e5e3e0b4fef8c3764508293310da5922b202d791694e43069ad1,60.16544,24.95398,0000000038d83d41,14.89
26433,2019-08-04T12:41:56Z,e34bcebfa007159f3d2adb0e62e20fcf721a221f52bdfe2a6ad77831,60.18203,24.91341,00000000342570c2,25.36
26434,2019-08-04T12:41:56Z,e3e3bac265ab2713063d7435bf5c7374dfc7dfc647fb677a030a1a49,60.18203,24.91341,00000000342570c2,27.28
26435,2019-08-04T12:41:56Z,e40a26f3f7468f4ac2302b45f1ed9aab7fea245ccf81d0c08072c881,60.16829,24.94214,00000000afef4555,2.54
26436,2019-08-04T12:41:56Z,e447e76c7b53157c11d5bfeb172c27332c81b5ec7f263badf5507888,60.149,24.9843,00000000fffb8cf0,20.28
26437,2019-08-04T12:41:56Z,e621e7131322cca25ac9c09fde26ef4c94d2ba83c5679134b2bcf63d,60.16762,24.95415,000000006b44cce7,11.7
26438,2019-08-04T12:41:56Z,e6f7965f2ef456f61121bcce5e466f125192e511c2af72d901307e8e,60.16762,24.95415,000000006b44cce7,14.89
26439,2019-08-04T12:41:56Z,e7cd5f775c7eea951719f351fcc25c710f857832d6f4b70a51b7b82d,60.16897,24.95222,00000000aa852af1,10.78
26440,2019-08-04T12:41:56Z,e826dedac8582e619ce18cd7eed68be5ee1fc9ed37e191e06f916835,60.14947,24.91438,000000004ef3150d,6.46
26441,2019-08-04T12:41:56Z,e9115410fa45db5a174eee008cae729dc69937a0e0b5a304899bf1b9,60.17065,24.93641,000000000f4919c9,17.4
26442,2019-08-04T12:41:56Z,e92eb020afcd7c1fad04690230ff8c2f005e404dd25b8dced1df30dd,60.16075,24.95883,00000000f1124bca,12.69
26443,2019-08-04T12:41:56Z,ea157e44ed100be3f782d8b3d8e5e0986079c588c9ea754b14917df0,60.16829,24.94214,00000000afef4555,6.46
26444,2019-08-04T12:41:56Z,ec096f9d9f6ac607dcfcecf3327071d33a6ed3fdedd3cc796ba91fdc,60.16897,24.95222,00000000aa852af1,16.1
26445,2019-08-04T12:41:56Z,ec424a10bcefb6e69c2eabf42534f06e7a10aa0cfb28f6478052cade,60.14699,24.922,00000000a53ed894,5.91
26446,2019-08-04T12:41:56Z,ed70712277756192c688e0f4d7620cdb33803ab3e0cc7c180c3efd23,60.15432,24.9211,0000000019fb59c4,13.75
26447,2019-08-04T12:41:56Z,eed1c3b93e33ab3a4802db427c8c197c0fbad358e039b6ea8c8af07b,60.18203,24.91341,00000000342570c2,8.38
26448,2019-08-04T12:41:56Z,ef352dcaa8317b6a3c0a02cd8908dd13da5601cc66ba65c5fd8d031a,60.14947,24.91438,000000004ef3150d,9.92
26449,2019-08-04T12:41:56Z,f062cb52d49926a4fb39f723275ed60ab6c0f3bf34e0c3f9d233b7b8,60.14947,24.91438,000000004ef3150d,18.79
26450,2019-08-04T12:41:56Z,f15b72a3aad411d2f8a70b41c4f62ad2d744d064d42ec00c71a18ac5,60.16762,24.95415,000000006b44cce7,1.7
26451,2019-08-04T12:41:56Z,f1e73fa6dab8e8a2db6d7515f601fac161f17c34beb84aa55e812a9e,60.16762,24.95415,000000006b44cce7,0.41
26452,2019-08-04T12:41:56Z,f20f951802c722181f0e90095001c49e73f84049bb105b95c97049d1,60.17918,24.95141,00000000675d5200,38.87
26453,2019-08-04T12:41:56Z,f2e063c8c25a8bec0dd6ec3924a5f59fd9694078f2f3fd5b3ea96f29,60.16762,24.95415,000000006b44cce7,9.92
26454,2019-08-04T12:41:56Z,f3ec2366b51157150674e5ab6293bdb19e0b30ca4296fee4c97b811c,60.14699,24.922,00000000a53ed894,20.28
26455,2019-08-04T12:41:56Z,f45bb5439cba45e9d83f582863bb79887e6c579fad6697300ab0fb93,60.14699,24.922,00000000a53ed894,29.32
26456,2019-08-04T12:41:56Z,f5f7cfe177dfb0b7ebba2419ae53f70b6b5690dd98d98586004a9107,60.149,24.9843,00000000fffb8cf0,13.75
26457,2019-08-04T12:41:56Z,f66767381dd8d1bf0e53c7bb920dd23845902ad04a03ab1134a70b11,60.173,24.92524,0000000096918cfa,14.89
26458,2019-08-04T12:41:56Z,f796c9efc581b25280d4b416f8ba3aecca6ddf083e7bdad05f6e595e,60.14699,24.922,00000000a53ed894,9.12
26459,2019-08-04T12:41:56Z,f7f0caf73572bea3c08b592eeb9655b2668cfb16fd8840ca5619d84a,60.14699,24.922,00000000a53ed894,7.05
26460,2019-08-04T12:41:56Z,f868d87b5d5a7094b60a131cd3e120c25787ebf751f7c93640b34942,60.16897,24.95222,00000000aa852af1,16.1
26461,2019-08-04T12:41:56Z,f97bd6b766461dd4066a8fde3d7dfed9d1027ff23973200a005458cd,60.17002,24.94407,000000006b087f40,7.69
26462,2019-08-04T12:41:56Z,fa96854324adae88abb35afa34b2393a20338bfd8fc9602d3ce6ae8d,60.14947,24.91438,000000004ef3150d,2.08
26463,2019-08-04T12:41:56Z,fc5c517b4bcaf5e392ff920858d70ed6c59751b0934ce3dbe372996e,60.16829,24.94214,00000000afef4555,14.89
26464,2019-08-04T12:41:56Z,fdae9ef39942cf54462ee06edd41b7e506adc4d1ee57c4ef579413d0,60.16829,24.94214,00000000afef4555,25.36
26465,2019-08-04T12:41:56Z,fe5ca86c906b1cb3bf9dd257ceefc562e41da499878f1074484f7d42,60.14947,24.91438,000000004ef3150d,17.4
26466,2019-08-04T12:41:56Z,feb399897846bc34dc3f4b06ac4ef0ffb0db885977b88e5c5fdb7350,60.14699,24.922,00000000a53ed894,18.79
26467,2019-08-04T12:41:57Z,05103967ab0ced9b2339d6cf2c2971af426aeffb8c8519b244e5cc77,60.16762,24.95415,000000006b44cce7,27.28
26468,2019-08-04T12:41:57Z,07d86ad98399440d0cc3bd3382a7256feb971e49a3686dc17f532e1c,60.16829,24.94214,00000000afef4555,9.92
26469,2019-08-04T12:41:57Z,0dd09efc9717b508a52eb5196698ac7acffb325c836e14f240e56313,60.14947,24.91438,000000004ef3150d,11.7
26470,2019-08-04T12:41:57Z,14c7e1511b70f4dd3359cbece1377aebb4d70531f5489eefe53d7c3c,60.16544,24.95398,0000000038d83d41,29.32
26471,2019-08-04T12:41:57Z,1599d2c9070a6f05e1a5887c2d9209214c04818c6203fe75440734f2,60.1538,24.95595,0000000038bf9618,27.28
26472,2019-08-04T12:41:57Z,16962a7bb036a995c8cf0c2bc17153c812c23d9af2eaf2207425da3b,60.14951,24.92138,0000000006dd41f6,20.28
26473,2019-08-04T12:41:57Z,1e7ea410376fbdb3f3c476c76d23abad5d830690f78f71ea06f7e321,60.16075,24.95883,00000000f1124bca,9.12
26474,2019-08-04T12:41:57Z,211f6b7b044343d0be369791b3fa3c144d0d0f391e2a42787712efb0,60.16448,24.97323,0000000053c6c2be,13.75
26475,2019-08-04T12:41:57Z,21d09757012e8f7297d1de922f681bcc36581a3d7be770b42b3780a0,60.15432,24.9211,0000000019fb59c4,14.89
26476,2019-08-04T12:41:57Z,2350e9b04a733edca530466fd60d704e4de146d81df0066a1767556b,60.149,24.9843,00000000fffb8cf0,11.7
26477,2019-08-04T12:41:57Z,23587f2ca6a8c83a3c277c80fbeef76540c1646b104df2b06eb3528f,60.18203,24.91341,00000000342570c2,27.28
26478,2019-08-04T12:41:57Z,25a7ff811c3c06e426c7c2cbb0433d9a2a3399b23afecbd35584ab0f,60.18203,24.91341,00000000342570c2,18.79
26479,2019-08-04T12:41:57Z,2d3d031189abfaea69cd551a97b2b2d056a908f19bc56701010a2304,60.16897,24.95222,00000000aa852af1,12.69
26480,2019-08-04T12:41:57Z,2d407793ce0a0290a87debe672b1af2af93c687ca83668e17fb0ce63,60.14947,24.91438,000000004ef3150d,33.81
26481,2019-08-04T12:41:57Z,315af4a829b592ba99b203b8ed2cbd499769f8752dfe6de7da4ee929,60.16829,24.94214,00000000afef4555,25.36
26482,2019-08-04T12:41:57Z,35568b1e0d67c5d7b6b15bb08540a1aafe24817a9bc06673b97e85c9,60.14947,24.91438,000000004ef3150d,14.89
26483,2019-08-04T12:41:57Z,3944bc7a301be7241d1f7bc4a97f221000d535ce3d8a9af9af9b23b5,60.16531,24.9442,00000000fdda10fe,38.87
26484,2019-08-04T12:41:57Z,4317f5904a5e6ae921bf743dd534c803083fd90b15a1245881beeade,60.16897,24.95222,00000000aa852af1,20.28
26485,2019-08-04T12:41:57Z,43b676ed3aef4c2d8846694817e76117873be52e7f788e0cb366c1c4,60.16629,24.95957,00000000fb7600be,27.28
26486,2019-08-04T12:41:57Z,44d0b94469070803869f229601e877beb613c3f5aafa009addf97a1a,60.16544,24.95398,0000000038d83d41,16.1
26487,2019-08-04T12:41:57Z,4a1efc9faf9548fe0ed72037d54a131265a72e61fdfc2009a4e9408a,60.16075,24.95883,00000000f1124bca,16.1
26488,2019-08-04T12:41:57Z,5d65719c4cbf045f068d084b72302f447d5fd034413d97d13be00d0e,60.18203,24.91341,00000000342570c2,18.79
26489,2019-08-04T12:41:57Z,5eed115a984d490b02b602d73787aee8dc8c4e9365b77fbff3818a76,60.16629,24.95957,00000000fb7600be,18.79
26490,2019-08-04T12:41:57Z,69219e9efa41ae9e732653e9eaf08e1a34cb853a9dafe76ddeea4d04,60.16897,24.95222,00000000aa852af1,16.1
26491,2019-08-04T12:41:57Z,6a70e2fbced719333e21eff04fcb9cb36bae9a04d1a3d6ddd96f2c58,60.15432,24.9211,0000000019fb59c4,7.69
26492,2019-08-04T12:41:57Z,6c8861f56a280e7752e10439271a2498527c69b0796f58de4afc6008,60.16075,24.95883,00000000f1124bca,16.1
26493,2019-08-04T12:41:57Z,6f06341f358e61699fe1e55e986dd0554bc8da28b91daf0c5ad99db6,60.16629,24.95957,00000000fb7600be,27.28
26494,2019-08-04T12:41:57Z,70d8572458a1a103555bab897b6443e601e0ed211414b15ad0b56f60,60.16544,24.95398,0000000038d83d41,29.32
26495,2019-08-04T12:41:57Z,737efc92e3419e9d96a8559ec341ea7e18ba6381fd8e4de3d06f82a0,60.14699,24.922,00000000a53ed894,18.79
26496,2019-08-04T12:41:57Z,747f2d1ebff218c0ebbdc0fdaef4cbe56633dfb46ae1b1f8c8142201,60.16762,24.95415,000000006b44cce7,16.1
26497,2019-08-04T12:41:57Z,7678cdb86d454ca9ae52f22d97e635106585a3a046d01da4463695cc,60.18203,24.91341,00000000342570c2,21.87
26498,2019-08-04T12:41:57Z,85ef35aecf2ff804be3d958b592705ec41c6df9c128c132c65bb283d,60.16897,24.95222,00000000aa852af1,29.32
26499,2019-08-04T12:41:57Z,87dfaad29a9276ddddb1fa021d3bc23ad14824c1af16f7d87e713689,60.14951,24.92138,0000000006dd41f6,23.56
26500,2019-08-04T12:41:57Z,88808fe92573e9cdf022cc15b9689b6b4b9429f60513c8897b0ba4c7,60.16897,24.95222,00000000aa852af1,16.1
26501,2019-08-04T12:41:57Z,89982a6acf91b79a282a6b63978e946ee205f303fcd20e944e06baf0,60.16544,24.95398,0000000038d83d41,27.28
26502,2019-08-04T12:41:57Z,8c3b1ed0846e38cc84b863a80540c8a75bfd85c8bdda36563d153110,60.16544,24.95398,0000000038d83d41,23.56
26503,2019-08-04T12:41:57Z,9843c6216661048343a0e49cf3d8aa2883cf77f452666a1c873a1052,60.16448,24.97323,0000000053c6c2be,12.69
26504,2019-08-04T12:41:57Z,99e2e374006ef5e33260626b9ce7146f90689eab11436fee95e12f96,60.16075,24.95883,00000000f1124bca,13.75
26505,2019-08-04T12:41:57Z,a91d379a4b57c5df22db0d7a041ff69f657b4b31f28554b1011fc03c,60.16544,24.95398,0000000038d83d41,25.36
26506,2019-08-04T12:41:57Z,af807b67ce09a2ce1744025c421961213f1608ca658ece4df69555a1,60.16762,24.95415,000000006b44cce7,11.7
26507,2019-08-04T12:41:57Z,b3c310577d35bd377d24b071aa38ea8308b8888ec2ac287b9f18eedf,60.14699,24.922,00000000a53ed894,25.36
26508,2019-08-04T12:41:57Z,b6768ae226a93bce23852414e20866c7413513d067579c03ea883dfa,60.17065,24.93641,000000000f4919c9,13.75
26509,2019-08-04T12:41:57Z,bb98768dad0f7c52cf643f035a3e7e48f5cfe28557c66f2a75914b31,60.14699,24.922,00000000a53ed894,12.69
26510,2019-08-04T12:41:57Z,bcb0201b0a1edf350ae2f681076e7d2d48ebd94c075bd3ca59552020,60.16897,24.95222,00000000aa852af1,8.38
26511,2019-08-04T12:41:57Z,be41ebc5fb0d348fc1ef1166d44251c3112a78a4ea01aa980364ee7c,60.14699,24.922,00000000a53ed894,14.89
26512,2019-08-04T12:41:57Z,ca6927628f5ddda20036865c9345ad93d476d62ade3b181de568eed6,60.16897,24.95222,00000000aa852af1,21.87
26513,2019-08-04T12:41:57Z,cf05623e4d87ce0906c0b0b7dbf53aacc1228016cd27c341228b6e76,60.18203,24.91341,00000000342570c2,21.87
26514,2019-08-04T12:41:57Z,cfc0bedb78ded52749db3188cb188bf6a250ef5990da9c5afa9623fc,60.14951,24.92138,0000000006dd41f6,20.28
26515,2019-08-04T12:41:57Z,d661caec7a5da6aef734734bbf9090debe494c1afd98050f88f269bd,60.16829,24.94214,00000000afef4555,14.89
26516,2019-08-04T12:41:57Z,ded49640b591e73bff71f84fb99d2739eb6c9554164a015017725e03,60.16829,24.94214,00000000afef4555,21.87
26517,2019-08-04T12:41:57Z,e8e366e76c97944e23c0f80b4fd3ce6e5832744922297146a49f0c7e,60.16762,24.95415,000000006b44cce7,14.89
26518,2019-08-04T12:41:57Z,e96bd269a48b822b06141c3362fcb6d5ed4d0d09a120f2e4a712d5c2,60.16897,24.95222,00000000aa852af1,12.69
26519,2019-08-04T12:41:57Z,f088630d7476dae7d4b7e2bb1f10575f2c89acb4b6e061f3d57c2b40,60.16531,24.9442,00000000fdda10fe,16.1
26520,2019-08-04T12:41:57Z,f237103f284dc6c51c64f9728c4f56e0c855dbb1bf8c4165758c3ef0,60.16897,24.95222,00000000aa852af1,18.79
26521,2019-08-04T12:41:57Z,f29ea15113ac0eea0be8ec41c633909de4b0b9ab6c7b9898b128080c,60.16897,24.95222,00000000aa852af1,14.89
26522,2019-08-04T12:41:57Z,f6609ab1076b1105bb845595a03b41b8fbb282f79c337df5bbc9f841,60.14699,24.922,00000000a53ed894,7.05
26523,2019-08-04T12:41:57Z,f94dddacf96965952551200a02b41925bcd21402aceafb12f19931af,60.16075,24.95883,00000000f1124bca,5.41
26524,2019-08-04T12:41:57Z,fc4f3a44235f1cfc7b53f14ba2da599976a5a0a220d23b852688e485,60.17918,24.95141,00000000675d5200,25.36
26525,2019-08-04T12:41:57Z,009ad4cd2bd97e04da44cc9789e6bdbdb899eded61d05b7d5634b7be,60.16829,24.94214,00000000afef4555,13.75
26526,2019-08-04T12:41:57Z,00a07b1f8113691d8475c54082a14cdd54decf9845a90e75df8031a6,60.17065,24.93641,000000000f4919c9,27.28
26527,2019-08-04T12:41:57Z,00b07030d00cc5582c0f1be7d73fb09e34f4018445ce11d9da8da813,60.16762,24.95415,000000006b44cce7,7.69
26528,2019-08-04T12:41:57Z,00bdb07c0f4f75c71196362c269c9f652c66cf7d3f3c2d89843af063,60.16629,24.95957,00000000fb7600be,31.5
26529,2019-08-04T12:41:57Z,010298d620fbe80ab4f46c866c215217b2bf1fd12a2a67b9e56b4ce8,60.16829,24.94214,00000000afef4555,9.92
26530,2019-08-04T12:41:57Z,033759f09b97a9347fd7852dbc2bcd3abbb67a792486acad9d185bca,60.16762,24.95415,000000006b44cce7,4.94
26531,2019-08-04T12:41:57Z,036c183505fea646b54aeb0c612913cafba94eca65e47d3c6d840a68,60.17919,24.95181,000000007b5207b6,25.36
26532,2019-08-04T12:41:57Z,04b49a34910d12f55243dd5a756c7cc1e506e5d3cdb418cc635e9ad9,60.16762,24.95415,000000006b44cce7,3.4
26533,2019-08-04T12:41:57Z,04b5d29c48edaaf4904a98e412562e3c0d857eb20342cc7c323d4293,60.16762,24.95415,000000006b44cce7,7.69
26534,2019-08-04T12:41:57Z,05d441c83d2df822feaf93d7861452db7a201f22d84cfa36f421dfd2,60.16544,24.95398,0000000038d83d41,13.75
26535,2019-08-04T12:41:57Z,073c1eeb0d9e511743bae8d5b87b95a19017f59a1dc3597d8618a908,60.173,24.92524,0000000096918cfa,9.92
26536,2019-08-04T12:41:57Z,076c28c1895ef1919c11113113c12655c546fc90a00800e5ebec5b56,60.14699,24.922,00000000a53ed894,4.11
26537,2019-08-04T12:41:57Z,07fa093f5dceb6043b0a8c9d8ad01c1bfdfe15d4b3071a26b747ea07,60.14699,24.922,00000000a53ed894,12.69
26538,2019-08-04T12:41:57Z,09e6b7d5a7a9e691d686fb405bc2bfe0c9e5d525b47385d9235575e3,60.16897,24.95222,00000000aa852af1,9.92
26539,2019-08-04T12:41:57Z,0a0acb70a8ef92be52a64d4425e70bb2f7a17d13942c3382c9d68878,60.149,24.9843,00000000fffb8cf0,3.09
26540,2019-08-04T12:41:57Z,0a5616e066b42895361324cfa8abef41d849a55e3e4bed429bab494b,60.16829,24.94214,00000000afef4555,14.89
26541,2019-08-04T12:41:57Z,0a5ed50daf13dd10744537aa851ac7ab1d34d9797ec6ab6e2402aebb,60.16762,24.95415,000000006b44cce7,3.74
26542,2019-08-04T12:41:57Z,0aabf0df4c3c5b45bb8950c92dbe624985f19e8650ed61f92571a65a,60.14699,24.922,00000000a53ed894,9.12
26543,2019-08-04T12:41:57Z,0acb4bd7319729fea4acf035921d1136d86a307a60b4444669cede1a,60.14699,24.922,00000000a53ed894,4.94
26544,2019-08-04T12:41:57Z,0b0dd9af9d52c68ff71ce266d6707abbb0f56c3c63be0f83f7b5df9b,60.16762,24.95415,000000006b44cce7,12.69
26545,2019-08-04T12:41:57Z,0c905239b8c0e14cba671cf4d4d715d1045a30ee62a6285fb489dbb0,60.16829,24.94214,00000000afef4555,20.28
26546,2019-08-04T12:41:57Z,0d3525b13d674f1645fdbe6d842fe37b2f416889c5472e9dfcc5445c,60.14947,24.91438,000000004ef3150d,9.12
26547,2019-08-04T12:41:57Z,0ef4d4e0ed1d5a16b616f3722210deaa1f3be532439fb707802f70a2,60.16075,24.95883,00000000f1124bca,5.91
26548,2019-08-04T12:41:57Z,10a99e791e27975dc1c9d73d3163cabacf3bd7bd05a4f7abf6365426,60.14699,24.922,00000000a53ed894,9.92
26549,2019-08-04T12:41:57Z,10caaea8002e8b3b342b32710efdd7305ff375ca1cdc01411f66b2f6,60.14699,24.922,00000000a53ed894,13.75
26550,2019-08-04T12:41:57Z,1163b45fdf756b64ffdbb517aafeed278462e280c81160974b3b6a08,60.16629,24.95957,00000000fb7600be,18.79
26551,2019-08-04T12:41:57Z,120a63917cb5ab619bf9a71328f14020736ee84e75d5b37278748def,60.16897,24.95222,00000000aa852af1,9.92
26552,2019-08-04T12:41:57Z,128df515b075ffc54794d311944f31b9b1c1132d182943a9880e5bc0,60.16544,24.95398,0000000038d83d41,21.87
26553,2019-08-04T12:41:57Z,12fb8b4ee43472fe3f49e3ac6791275a4a7d7beec0e3b87fbae1320e,60.16829,24.94214,00000000afef4555,14.89
26554,2019-08-04T12:41:57Z,13bcedb8c59b26417282929d81844b272c7c5bc295614f531219a8e4,60.14947,24.91438,000000004ef3150d,17.4
26555,2019-08-04T12:41:57Z,13ee67fb034e3d24edc9a9618e9d6de24979ebbcb399f83abb02a897,60.14699,24.922,00000000a53ed894,5.91
26556,2019-08-04T12:41:57Z,1496ce9cf373a2a508a8ab0b7aa0604dd889fd69483881c3752219af,60.14699,24.922,00000000a53ed894,16.1
26557,2019-08-04T12:41:57Z,1515fbb735095b233eea332bf40cff9995758e9bd0ad60218875554b,60.14699,24.922,00000000a53ed894,16.1
26558,2019-08-04T12:41:57Z,1551f9fdd5a57b17be51babad39f807f04be4d340266c153eb860156,60.15432,24.9211,0000000019fb59c4,13.75
26559,2019-08-04T12:41:57Z,15c8c2ab70ffd0d669483e6b2e0094997b8975af22ae063ece71ce38,60.16762,24.95415,000000006b44cce7,25.36
26560,2019-08-04T12:41:57Z,161aa798c2a18e132fb27ecded773218ea4e42eabbd0e5794b1d7017,60.15432,24.9211,0000000019fb59c4,12.69
26561,2019-08-04T12:41:57Z,1769031b7f4d75de0541e26427b9ecc92c84b80992e3b36bb8eb799e,60.16829,24.94214,00000000afef4555,3.09
26562,2019-08-04T12:41:57Z,17af6ab252328066d6b13406084507dfa7a7f6db3030872e7f87223d,60.17065,24.93641,000000000f4919c9,23.56
26563,2019-08-04T12:41:57Z,1882b53729765cca25bc63400074242872d6fbc57882f131285b277f,60.16829,24.94214,00000000afef4555,6.46
26564,2019-08-04T12:41:57Z,194e6ced97ec114a37fe06d6d73fb687c057d411be476f1ea6f4852e,60.16897,24.95222,00000000aa852af1,21.87
26565,2019-08-04T12:41:57Z,197961cf403efacc6bdb07158a50753109701aba7a6e7cbf8502e1ee,60.14947,24.91438,000000004ef3150d,16.1
26566,2019-08-04T12:41:57Z,1aacd77e1fdbe1544cf1ab29a00642d77ce4a075e388e8a2108aa39b,60.16829,24.94214,00000000afef4555,13.75
26567,2019-08-04T12:41:57Z,1ad0b84716a79851fa8db7a993012f0c8e496d6cba9d028a546285a2,60.16897,24.95222,00000000aa852af1,9.92
26568,2019-08-04T12:41:57Z,1b3fba902b8d1538b508cdc228fd15fdd87f5aecb68e5611b1a4e354,60.16762,24.95415,000000006b44cce7,3.4
26569,2019-08-04T12:41:57Z,1b577cccfa28c7e2d4591ce0886d0b8c3669b5778a6061c908240f73,60.14947,24.91438,000000004ef3150d,4.11
26570,2019-08-04T12:41:57Z,1bcef866fafad7c7460a084e0b0d27c087b549f4ae704390708be47e,60.149,24.9843,00000000fffb8cf0,10.78
26571,2019-08-04T12:41:57Z,1c13175307f58b1bf07c8838e26a2f5d0fd5b21a7517c0b4f4e6bd8f,60.1538,24.95595,0000000038bf9618,21.87
26572,2019-08-04T12:41:57Z,1c669457535e4635f732c228ec524f9d2c440b0d2132fa1acd93122a,60.16897,24.95222,00000000aa852af1,20.28
26573,2019-08-04T12:41:57Z,1c7ccd5d6570d98e57ef2ebbd716b7504b138f9bb616fbeaa0d1a268,60.14699,24.922,00000000a53ed894,9.12
26574,2019-08-04T12:41:57Z,1d4841b6905c46f3c38f79540bae2a88a4e660692149506c0db9da33,60.15432,24.9211,0000000019fb59c4,17.4
26575,2019-08-04T12:41:57Z,1e24a2120b13c780dbb3a67a73f5058d1847f126fd5f5952e6dddcd3,60.16075,24.95883,00000000f1124bca,21.87
26576,2019-08-04T12:41:57Z,1ec58e626d2335aeeaa7c7d8f715d4334274dbd43448fb62c3901ef6,60.16829,24.94214,00000000afef4555,18.79
26577,2019-08-04T12:41:57Z,1eed5192896838d1860e8ea14bda43d065b88fc7dc562f54765e85a8,60.16897,24.95222,00000000aa852af1,16.1
26578,2019-08-04T12:41:57Z,1f74037ecab4dbdc5db1a8dc8b583a86630f86a5f2d0a5167b7fa605,60.18203,24.91341,00000000342570c2,9.12
26579,2019-08-04T12:41:57Z,1f81ed7274add201d3059d4a37e2bbe86b6ae1f0fd42a16d7b8dccaa,60.14699,24.922,00000000a53ed894,10.78
26580,2019-08-04T12:41:57Z,203a0c145a43c9a18f8c2a5ba4e18882e7430662bb4ac0e56ab37578,60.17065,24.93641,000000000f4919c9,16.1
26581,2019-08-04T12:41:57Z,21eb94b10f042f4f21566d3ee27d800fb6d899071739c0c5c1fa7af0,60.14699,24.922,00000000a53ed894,18.79
26582,2019-08-04T12:41:57Z,21eed3ade733687b8f56fade8290819b7c6b4a9f38468979fe692c3e,60.16762,24.95415,000000006b44cce7,9.92
26583,2019-08-04T12:41:57Z,2204ba387d2db0e7d2ca03f7ace46abff8d141668b73c75a1879d7ba,60.14947,24.91438,000000004ef3150d,23.56
26584,2019-08-04T12:41:57Z,22fe9a06fba1036e8eafd726bc450095b1893be067f475e1882bb704,60.14699,24.922,00000000a53ed894,7.05
26585,2019-08-04T12:41:57Z,231026899a6d5b326cb5b1e38b182ca1acb77c7e27bc2378973b29db,60.16629,24.95957,00000000fb7600be,11.7
26586,2019-08-04T12:41:57Z,23337c2812924a07e4f0bbc92e56d1f85ea40208b6b987f4afc686cf,60.16897,24.95222,00000000aa852af1,9.92
26587,2019-08-04T12:41:57Z,250f7cf6c6d1296e84c45fb8621a0704eb5243471980b5187dc40cdd,60.14699,24.922,00000000a53ed894,14.89
26588,2019-08-04T12:41:57Z,253fdd441216127a924d7d1a48bbffbc75a471e5aa199b2173ba16e0,60.14699,24.922,00000000a53ed894,29.32
26589,2019-08-04T12:41:57Z,2607d1b2fc6e31a80348fffbed68a7d3a8e0212f197f2d1c573c587b,60.14947,24.91438,000000004ef3150d,16.1
26590,2019-08-04T12:41:57Z,269124e75b1e74a7c7dc93b778e02f04d0a53e069a90081c0938ee4c,60.14699,24.922,00000000a53ed894,17.4
26591,2019-08-04T12:41:57Z,274e0815ea908a282a87fa9a2625a03aa28af05d02828c2c7ac9fc10,60.149,24.9843,00000000fffb8cf0,18.79
26592,2019-08-04T12:41:57Z,2838eddb482a9bc77b0b867352020e2cbfb71e85aaa1d61307e85f3d,60.14947,24.91438,000000004ef3150d,9.12
26593,2019-08-04T12:41:57Z,28d2c3282e9f8fec67baec7992dcd800c45b67071e33cb118905a6b3,60.16829,24.94214,00000000afef4555,14.89
26594,2019-08-04T12:41:57Z,2969cdb120f2d285c556abfe5bac2f8090571f61aba227a474a534d2,60.17065,24.93641,000000000f4919c9,7.05
26595,2019-08-04T12:41:57Z,29a1ee6c0907a00ec6b6dcbb187f5c31d1a11b261aabd339210ee013,60.16897,24.95222,00000000aa852af1,11.7
26596,2019-08-04T12:41:57Z,2a47bdc66249162a9588347a6cbe7895fe798bb25c1194cd69fb1e8b,60.14699,24.922,00000000a53ed894,14.89
26597,2019-08-04T12:41:57Z,2a767d6875ef5fa533a2eb311aafaab1d857135cf6da5786d2407a49,60.14699,24.922,00000000a53ed894,12.69
26598,2019-08-04T12:41:57Z,2b9b246647a57878b7a18e94ce4a9117d0c595020ff1b8fa27988756,60.16897,24.95222,00000000aa852af1,27.28
26599,2019-08-04T12:41:57Z,2e86f9a432e00fa6ff5b8744ffecbe22a02b4316779bc8b4078af2e2,60.149,24.9843,00000000fffb8cf0,25.36
26600,2019-08-04T12:41:57Z,2ee2e108ed9051b1ccf4d3ee89931dfd53170af0b558fa6579b83e8d,60.15432,24.9211,0000000019fb59c4,4.5
26601,2019-08-04T12:41:57Z,2fabc4773758a12492d31bdfe6b37e6523ae8caabecda356d33dce41,60.15432,24.9211,0000000019fb59c4,27.28
26602,2019-08-04T12:41:57Z,3165c6ee17d11e4b51e03844fd1234cd64aecc860cd6c162ceb99058,60.16897,24.95222,00000000aa852af1,16.1
26603,2019-08-04T12:41:57Z,32708990f2c831e65f70f2682baf5188fc93348b9a9e78ada8db2bf4,60.14947,24.91438,000000004ef3150d,3.09
26604,2019-08-04T12:41:57Z,33634cb1e3fc5d4a621e8717d203da8533ed27531a70c6cbe3abf3fa,60.16762,24.95415,000000006b44cce7,2.54
26605,2019-08-04T12:41:57Z,33ec502792a84f23fed03cf16e483d153c65e2850a2549f47034726a,60.16762,24.95415,000000006b44cce7,11.7
26606,2019-08-04T12:41:57Z,3459042c03cbb672a039f7f14a6b99b84f839b0598f9e48bf4dd95f5,60.14699,24.922,00000000a53ed894,10.78
26607,2019-08-04T12:41:57Z,347c2747f8b58cdc6f96b541d1a35f2c0e182b542706a38e0ce7ef4a,60.149,24.9843,00000000fffb8cf0,9.12
26608,2019-08-04T12:41:57Z,348d0f13ec830589831a973041803bc7b6c0f0b5f6e5a84e47f292d3,60.17002,24.94407,000000006b087f40,17.4
26609,2019-08-04T12:41:57Z,349dd839e41cff363cc4b935496e52b93be15233e508aa82987859bd,60.16075,24.95883,00000000f1124bca,13.75
26610,2019-08-04T12:41:57Z,34bf3e380e2a914953cf9b98fa3d965c890a9f6ed7a0ce833012b9f5,60.16762,24.95415,000000006b44cce7,23.56
26611,2019-08-04T12:41:57Z,34f282042837e6b8407c31fd6c880bdbb7071c56d76c4b6e5ba78819,60.14947,24.91438,000000004ef3150d,10.78
26612,2019-08-04T12:41:57Z,352427714fc6e8591df6bd227dde05d3b7ba0881742eee4ae750dcc4,60.15432,24.9211,0000000019fb59c4,23.56
26613,2019-08-04T12:41:57Z,358d7986d5bf2a0624fb1412a157b3c7b12f90653457e15a76bbdf50,60.16629,24.95957,00000000fb7600be,25.36
26614,2019-08-04T12:41:57Z,35e6e075578d7a51e510bf8904bde33f1d117264eea0917db98d4808,60.16897,24.95222,00000000aa852af1,20.28
26615,2019-08-04T12:41:57Z,3721331dbb97151d17938ed835ffc7208eba26fba6100c62870a3a4f,60.14947,24.91438,000000004ef3150d,23.56
26616,2019-08-04T12:41:57Z,37945fa4e7409fab98aa8bde45081f5bd083def0059485274ad552c0,60.17919,24.95181,000000007b5207b6,8.38
26617,2019-08-04T12:41:57Z,38e15f5aeb58c22ca456fc4d3a14f3b4d9f1fac43de070d2565eb1d3,60.16897,24.95222,00000000aa852af1,25.36
26618,2019-08-04T12:41:57Z,39310ebca1ad756aa2bfcb16c912cb7003ef3e7286a1f037603ade61,60.14699,24.922,00000000a53ed894,5.41
26619,2019-08-04T12:41:57Z,393a579e1c8efb19861f555f12040feeac853f37a2451116693e77aa,60.14699,24.922,00000000a53ed894,12.69
26620,2019-08-04T12:41:57Z,396b845a1e5f627f3bc08495207a8c778214ad3bc79ddd896675be4d,60.17918,24.95141,00000000675d5200,31.5
26621,2019-08-04T12:41:57Z,39f03a3a5fd777feee270921a7f51daec12ea679b542b0aaf2e808d7,60.149,24.9843,00000000fffb8cf0,23.56
26622,2019-08-04T12:41:57Z,3a6ce73ea4c03a14fc0d3d099e4698d3c1051a2e8e4bd552d5de394d,60.14947,24.91438,000000004ef3150d,9.92
26623,2019-08-04T12:41:57Z,3d26e1d1c042133ccb16301bbada637dd3dea1623426336738e0f1c0,60.149,24.9843,00000000fffb8cf0,27.28
26624,2019-08-04T12:41:57Z,3e4965f1ed580ddf80246b1b78cbc55b73c11d67573d9cede2a7ccf7,60.16829,24.94214,00000000afef4555,17.4
26625,2019-08-04T12:41:57Z,3ea5c91c32a318cb798767914dd025c2791a8c19e81c10c22f649247,60.18203,24.91341,00000000342570c2,21.87
26626,2019-08-04T12:41:57Z,3ef78c4485a99bfa3d5e1df620f767b22e6c6583cefd990dee77f784,60.16762,24.95415,000000006b44cce7,21.87
26627,2019-08-04T12:41:57Z,3ffe89aa6ab1e57883e21fa8f15969f46a5f487bccb2b993eadb3cfb,60.14699,24.922,00000000a53ed894,7.05
26628,2019-08-04T12:41:57Z,4126e6b01e07a8de94eb8b87f02ad2bdab1a191c8c0312dd1141a9eb,60.14951,24.92138,0000000006dd41f6,31.5
26629,2019-08-04T12:41:57Z,429295e322e9f143f79e9a6340e4974858aa9aa2f5ed6e8512dd00cd,60.14699,24.922,00000000a53ed894,14.89
26630,2019-08-04T12:41:57Z,42da4298ed9f522421f17714e024d9b8fe22e7546df3deeb8b139bd3,60.16075,24.95883,00000000f1124bca,16.1
26631,2019-08-04T12:41:57Z,431375be6b9405ef55878f3aa0bb5dd6a35db8ba650a2bce05081c49,60.14947,24.91438,000000004ef3150d,12.69
26632,2019-08-04T12:41:57Z,43e1eab7f64d16e44a7ba2981efebc2152360e3841e16957d99a2e4e,60.14947,24.91438,000000004ef3150d,23.56
26633,2019-08-04T12:41:57Z,4447cd740532670664d61eed3ffea8eee3a66f8be52967e08166a1cd,60.1538,24.95595,0000000038bf9618,31.5
26634,2019-08-04T12:41:57Z,457d11209b95b153efb57d8f2641f2db0823e91a0d608fa0555a5b69,60.14699,24.922,00000000a53ed894,16.1
26635,2019-08-04T12:41:57Z,4602ff9d03f6bf4fbb82976098cc1c73e7a7e754050401c772d1406e,60.14947,24.91438,000000004ef3150d,4.5
26636,2019-08-04T12:41:57Z,467a01a257fbaad22bd4aebafc8f284c9ad3effc429475e57c214e9d,60.14699,24.922,00000000a53ed894,9.92
26637,2019-08-04T12:41:57Z,47bc9ff9097f9ef5f1862e48b4a42f6a9ddd30c4ef2b6eb43291a7a5,60.14699,24.922,00000000a53ed894,12.69
26638,2019-08-04T12:41:57Z,47cde44e4ddbf6c70162fa882eee962e7c3e2a037b650294ec46568f,60.14947,24.91438,000000004ef3150d,11.7
26639,2019-08-04T12:41:57Z,48f665ebb1a71b0d84fc02bd71918c5ab5608328db534639cbd2a255,60.14947,24.91438,000000004ef3150d,2.54
26640,2019-08-04T12:41:57Z,4a3d577d3ee3d826cbea528f3687f4006a366f46438733731c24ccb5,60.14699,24.922,00000000a53ed894,16.1
26641,2019-08-04T12:41:57Z,4a3fc0d8003eaf9e5025fb4d14b8e034d1406ebe923ef21f9e6ad429,60.1538,24.95595,0000000038bf9618,38.87
26642,2019-08-04T12:41:57Z,4b1050cc517631e36206d3528399c0b14748daec8c7d1b5dfa412299,60.15432,24.9211,0000000019fb59c4,4.11
26643,2019-08-04T12:41:57Z,4b2a241d832696fc878ceb269b0fbf4987989a0c3109bd2e8ac08170,60.16897,24.95222,00000000aa852af1,21.87
26644,2019-08-04T12:41:57Z,4b85388cdaec2b4c15b546160ee326d9668a5e5d3c7b08d0c539946e,60.17919,24.95181,000000007b5207b6,16.1
26645,2019-08-04T12:41:57Z,4be256682db9202c326fac957665719375e49ea2e9064753243c6503,60.14699,24.922,00000000a53ed894,16.1
26646,2019-08-04T12:41:57Z,4be50f3eb033f3f46e3069049c8e0a34dc8a2607741c1764369ba4c2,60.16762,24.95415,000000006b44cce7,5.41
26647,2019-08-04T12:41:57Z,4bf75585466f0aafa2ed2956fe4b0f7235b4ba3a0606a52219b3156c,60.14699,24.922,00000000a53ed894,10.78
26648,2019-08-04T12:41:57Z,4cadc8cc23fd84febb6a8383030a34c97b3388a8c9ed7a64cc0f51a6,60.14947,24.91438,000000004ef3150d,12.69
26649,2019-08-04T12:41:57Z,4d4115f2971578ddc2428be944e2954c9e9a5472a818ec1805a022b2,60.149,24.9843,00000000fffb8cf0,3.09
26650,2019-08-04T12:41:57Z,4ebdb6165c5d4892cdc21711313b98b1545bececfb886192c6f0ef22,60.16762,24.95415,000000006b44cce7,9.92
26651,2019-08-04T12:41:57Z,4f4940c5c77737c5b8f2fbd5a1b65886ea5f6e0e4fcd50447e11ce21,60.16075,24.95883,00000000f1124bca,27.28
26652,2019-08-04T12:41:57Z,50e21d119f102cee2afe3ac7f1a32032527638769b05aca582d6ecb1,60.16762,24.95415,000000006b44cce7,9.12
26653,2019-08-04T12:41:57Z,514a3981fad6c695ac4940f09374b5d1c2e84d2ca835084ef8707714,60.16075,24.95883,00000000f1124bca,9.12
26654,2019-08-04T12:41:57Z,52072bd384eaaf4a6958af5510ed039d194dee47f34667bc7bccbe0e,60.14699,24.922,00000000a53ed894,4.11
26655,2019-08-04T12:41:57Z,52939581c6c8dd3407dbf44ea9e90471e4bbadfb7e3740a0ba8324f3,60.14699,24.922,00000000a53ed894,7.69
26656,2019-08-04T12:41:57Z,52f0e69ca7a5cebe604c1f32308dc7f8870d1d85cd4b25ad17f706e9,60.14699,24.922,00000000a53ed894,8.38
26657,2019-08-04T12:41:57Z,53263c2a4d1fc6edb42de24a91c19cc8d0050f1e61b0ddd97cf45bba,60.17002,24.94407,000000006b087f40,29.32
26658,2019-08-04T12:41:57Z,54065d53a62079540c4be1e19eafa5dd581e8ec35da0c31844438e0b,60.149,24.9843,00000000fffb8cf0,11.7
26659,2019-08-04T12:41:57Z,552e7d20be831c5ebfa503ba78ed542d6ece4ecad264308d5dc37a31,60.14699,24.922,00000000a53ed894,23.56
26660,2019-08-04T12:41:57Z,5554305bad43a71cf98d83e92708c7474c1efc189392c1ea94231e9c,60.16531,24.9442,00000000fdda10fe,2.3
26661,2019-08-04T12:41:57Z,556a86b2e90ec03e679f4434e2ebcef0eb687cb52bafbd0d98d26c88,60.14947,24.91438,000000004ef3150d,16.1
26662,2019-08-04T12:41:57Z,570dc61d53aec66ede39dfde66339640878453afc00cd1a55c60bca7,60.16544,24.95398,0000000038d83d41,27.28
26663,2019-08-04T12:41:57Z,571934189bf349efb6f596e76c21612cf9b82ed44913090169936048,60.17065,24.93641,000000000f4919c9,17.4
26664,2019-08-04T12:41:57Z,571e65d939060a58396de22fc44d8842fc9de986824670ad765ec596,60.16762,24.95415,000000006b44cce7,3.74
26665,2019-08-04T12:41:57Z,57bb8beeec6904b9a5cfe83c4ff9a80e63157780137f03de2a4152d3,60.16762,24.95415,000000006b44cce7,7.69
26666,2019-08-04T12:41:57Z,58122bffe92a82d8b8a6fb46e406f2d86c32db26eca7557ec6943fa5,60.14947,24.91438,000000004ef3150d,16.1
26667,2019-08-04T12:41:57Z,58411163d307bb308f9c94a9720e9ce5ab0ce4f5617cd2b1fcc2037a,60.16762,24.95415,000000006b44cce7,10.78
26668,2019-08-04T12:41:57Z,59b01cbdec8ff06fa6d50bac00c3f5f4c45132fc8a62800c08df5d6a,60.16629,24.95957,00000000fb7600be,8.38
26669,2019-08-04T12:41:57Z,5bb54a365362fc3a1d1e4b4421c7b020c45f3274d1393340a1f89eb5,60.16762,24.95415,000000006b44cce7,9.12
26670,2019-08-04T12:41:57Z,5bbb03fd7db8dd6ddb6cf3e308c02476b0b549e3a4b28867cd8a89b3,60.14947,24.91438,000000004ef3150d,23.56
26671,2019-08-04T12:41:57Z,5bc858089bff2f1880f1807e91f165ebf9f1b5841445adcdfb988ddf,60.16829,24.94214,00000000afef4555,20.28
26672,2019-08-04T12:41:57Z,5bc8610f198c0ab38e4e89fd7f4828d032ca2a6ef97c2a17c79e296f,60.14699,24.922,00000000a53ed894,20.28
26673,2019-08-04T12:41:57Z,5c160268bc9b4b619181ce421d9e58c258e6b59a342945fc29f0004b,60.14947,24.91438,000000004ef3150d,4.5
26674,2019-08-04T12:41:57Z,5c46671175475bc574d3a64fe85e1ce7792c14d29f1e79a39da24fa0,60.149,24.9843,00000000fffb8cf0,23.56
26675,2019-08-04T12:41:57Z,5cd5117066c75a1cb83d3896a7eba3f3472e133f0013ea7d4e95daaa,60.14699,24.922,00000000a53ed894,9.12
26676,2019-08-04T12:41:57Z,5d70086d53447ee393249cef33c7bae814c1d7c2e3055fc91b38786c,60.17919,24.95181,000000007b5207b6,8.38
26677,2019-08-04T12:41:57Z,5e7916ca910b02abf2d19906759663c23db63950a353fa546f55c8af,60.14699,24.922,00000000a53ed894,13.75
26678,2019-08-04T12:41:57Z,5ea49ba4de68e03664ec3a87f5de32434d7136b4f8323f022ff9df5b,60.16829,24.94214,00000000afef4555,5.41
26679,2019-08-04T12:41:57Z,5ee175437c5a15756f66cae8cf9172e291d462123de1bd59ae7a103b,60.16897,24.95222,00000000aa852af1,9.12
26680,2019-08-04T12:41:57Z,5f3a358ea7ec56dfb2271af72ef34416785e497a3653bfb75ef822c3,60.16829,24.94214,00000000afef4555,13.75
26681,2019-08-04T12:41:57Z,60d5c11436b72dd4eb673f606bddc3f8f36675342cba015b9297155f,60.16448,24.97323,0000000053c6c2be,25.36
26682,2019-08-04T12:41:57Z,60d7fd34e511ad1565b92db2fbb5ef2908f7a273acceda524945e86e,60.16075,24.95883,00000000f1124bca,14.89
26683,2019-08-04T12:41:57Z,60d9b71ec38b796bf876dedfaf3112b49ff79677480c7603902857ae,60.14947,24.91438,000000004ef3150d,16.1
26684,2019-08-04T12:41:57Z,614ab7fba7255f6bf6f888e9a04d589962f756b3f427e658f10014f2,60.16075,24.95883,00000000f1124bca,7.69
26685,2019-08-04T12:41:57Z,62916b0c2a8ebabb938b5e97cb14eb89b2b32936d3fad04025ad5854,60.17002,24.94407,000000006b087f40,14.89
26686,2019-08-04T12:41:57Z,62a6fe2d9b3b5b4533c51253f8842428bd797b3c6a95a7816ec472ed,60.14947,24.91438,000000004ef3150d,6.46
26687,2019-08-04T12:41:57Z,63defb71d4c3856253a0a2d67a5c370b91ad0527703b334a63fe5344,60.14947,24.91438,000000004ef3150d,7.69
26688,2019-08-04T12:41:57Z,641e8defb97171d160f062c4bc3e9d06346f10d5246e6aeac935e1a9,60.16897,24.95222,00000000aa852af1,21.87
26689,2019-08-04T12:41:57Z,643ef3f01a51bea3c4510d4060a945cd510e5189236d68f5c9489034,60.16829,24.94214,00000000afef4555,1.88
26690,2019-08-04T12:41:57Z,64638a9f9e6c9b32fc4b484b55e4934fcab6cb04605cc76d5f5534b7,60.17065,24.93641,000000000f4919c9,10.78
26691,2019-08-04T12:41:57Z,64e34af775b57908b23056a31d60ef3b005941f2e7c3db0c49df675d,60.17065,24.93641,000000000f4919c9,8.38
26692,2019-08-04T12:41:57Z,6503762f2cac51cc2b74da1efa6b16583ed11c9a528d7716b7829c0b,60.16829,24.94214,00000000afef4555,13.75
26693,2019-08-04T12:41:57Z,6525cc634176c25187e68e0d067bcfecfd78e399e93db4ee9d408b7e,60.17919,24.95181,000000007b5207b6,14.89
26694,2019-08-04T12:41:57Z,655204cb507ea9ae811105cdcd766161facaa9f729017a333f102391,60.149,24.9843,00000000fffb8cf0,3.4
26695,2019-08-04T12:41:57Z,65b3adca9ee7adbad7277ff62bf8d0019944180762113925a4e71d95,60.149,24.9843,00000000fffb8cf0,21.87
26696,2019-08-04T12:41:57Z,65de3b8621fadfc61e9d3657dc477ea9867f9d093f80cf0857dcad88,60.16762,24.95415,000000006b44cce7,2.8
26697,2019-08-04T12:41:57Z,66b9cea6cd979b4e9e391e0ef854e2cc38eca6fb9e166811e39edd11,60.16629,24.95957,00000000fb7600be,29.32
26698,2019-08-04T12:41:57Z,6723bebaab92d1a9f8b4318fd4f497a6dec6d7f8e0eafca443925213,60.16075,24.95883,00000000f1124bca,3.09
26699,2019-08-04T12:41:57Z,67591d427f60ba3c369ac0d78088fca7be33081501508d16401dd6cb,60.16762,24.95415,000000006b44cce7,3.09
26700,2019-08-04T12:41:57Z,6774ed72eaf69d7c4aaeeef90990f969954155bbcc52652e75e7deef,60.16829,24.94214,00000000afef4555,8.38
26701,2019-08-04T12:41:57Z,677c53ae4056d6cb123ca576ba5284664b1c7e3e88818bd19b5dd99a,60.17919,24.95181,000000007b5207b6,17.4
26702,2019-08-04T12:41:57Z,69375ef968867906fc11b34d1e2c4b436d452cd47cb577a7f9e566ef,60.16762,24.95415,000000006b44cce7,6.46
26703,2019-08-04T12:41:57Z,698b200b63a644828a7314691a16af2af1bccef75d52abb5591a5542,60.14699,24.922,00000000a53ed894,13.75
26704,2019-08-04T12:41:57Z,6afad0494618e12f213955f9fdad3627f87b922e00bbee706c3152d7,60.16762,24.95415,000000006b44cce7,23.56
26705,2019-08-04T12:41:57Z,6b97071051ccf5db7e5ebee033d4f68d58ed6917ff2fac5b205a6605,60.17065,24.93641,000000000f4919c9,23.56
26706,2019-08-04T12:41:57Z,6c7e018abdf8462af7c7b003bc30f915184f7082e9e865a2c502eed5,60.14699,24.922,00000000a53ed894,8.38
26707,2019-08-04T12:41:57Z,6f3dd17e40daabb4efe868f1b859dc00ecc01846f0a0e2b8db5d1413,60.17919,24.95181,000000007b5207b6,9.12
26708,2019-08-04T12:41:57Z,6f8d7717df843a7b0be6b0dd55e933ebbd9819bd96c48f210e193e4e,60.16829,24.94214,00000000afef4555,9.92
26709,2019-08-04T12:41:57Z,6fdf4cfc3a0774e204869ab43ef69c6306cc40c0fd8bbb0f8b505e3a,60.16829,24.94214,00000000afef4555,7.05
26710,2019-08-04T12:41:57Z,6fdfc33c6b609ea80b4a38ecf657bc68b7bf659752b51edcc22ffb54,60.16762,24.95415,000000006b44cce7,7.05
26711,2019-08-04T12:41:57Z,6fec2e12fc88db6bcc4eb2c81bcfb171de0094ca788c72192002e939,60.15432,24.9211,0000000019fb59c4,25.36
26712,2019-08-04T12:41:57Z,6ff93560ca77c6e5a25bc7441cf33cf7fa0138b3da4d99b2dbf5531b,60.14947,24.91438,000000004ef3150d,12.69
26713,2019-08-04T12:41:57Z,70c56152af84cf1bad4d19b0cb31202232b4cd4320ce5ea48895e42b,60.14947,24.91438,000000004ef3150d,17.4
26714,2019-08-04T12:41:57Z,71479e7c1c4fd96468f16800ff04484480c76e0953d2074500b0df31,60.17918,24.95141,00000000675d5200,25.36
26715,2019-08-04T12:41:57Z,733618d50499022af0ec3b91abdc93b6f3f252adb6891da4956ba4fb,60.15432,24.9211,0000000019fb59c4,23.56
26716,2019-08-04T12:41:57Z,733f21ebebe353e10a55a74b40a0a480e6d276334d4f3d8bcf85b711,60.16075,24.95883,00000000f1124bca,20.28
26717,2019-08-04T12:41:57Z,73aa46087286af57e3778006af596aa587686a1db1d4b8708764a520,60.16762,24.95415,000000006b44cce7,21.87
26718,2019-08-04T12:41:57Z,745e52dafbfa395ea41c5fcd0c2717b9091e44d19ab89e03991fdbb7,60.16762,24.95415,000000006b44cce7,10.78
26719,2019-08-04T12:41:57Z,759f94c852ff15ca91c3138913c3858c4801702f8f0514ae82fb2a19,60.16897,24.95222,00000000aa852af1,16.1
26720,2019-08-04T12:41:57Z,7664b7f08aaa059ecf6646a595c33fae0c80715febe63e31f45a4662,60.16762,24.95415,000000006b44cce7,3.09
26721,2019-08-04T12:41:57Z,773cde2fe905572767422dd8f7b13c6579d615ef03314b665c7bf40f,60.16762,24.95415,000000006b44cce7,7.05
26722,2019-08-04T12:41:57Z,777cceac7be6303a1c82f7cc68061528b01e3aa1b3aa6481cad9e5e3,60.16075,24.95883,00000000f1124bca,9.92
26723,2019-08-04T12:41:57Z,77a12194b9a6789f4b2b8c07ae7fce3c2b531cb221e5fa7ca5deae55,60.16897,24.95222,00000000aa852af1,12.69
26724,2019-08-04T12:41:57Z,79bde23c1a8980f93a65e14306f0d8ea89e164430d8b991e2bfee82e,60.16531,24.9442,00000000fdda10fe,11.7
26725,2019-08-04T12:41:57Z,7a0c0b525f2d3eed6c873bd3b8d27bede551fe4a428ac15c23deadae,60.16075,24.95883,00000000f1124bca,21.87
26726,2019-08-04T12:41:57Z,7a4a06d20ebe57d94e5fceeaf47d5b56ad9a515818e9c20e21a80e61,60.16629,24.95957,00000000fb7600be,18.79
26727,2019-08-04T12:41:57Z,7a97375000483176c3b37cc0d1744a950d9b322ce3534208fce0b21d,60.14699,24.922,00000000a53ed894,18.79
26728,2019-08-04T12:41:57Z,7ab335e046f7f3597f8f615a90857885e35cfecefebd5d24bbf0af90,60.16075,24.95883,00000000f1124bca,9.12
26729,2019-08-04T12:41:57Z,7ad93fed82e41ea4422fa101badc698b0328c3ebf0f6b73c5164d438,60.16897,24.95222,00000000aa852af1,13.75
26730,2019-08-04T12:41:57Z,7af6672e274ebe27cdb785373a857fc5bcad92a386c36dbe3221d4f4,60.14947,24.91438,000000004ef3150d,5.91
26731,2019-08-04T12:41:57Z,7b61dc50070867948abbe5275032ae82e7643ca4158a809fe41a8b69,60.14699,24.922,00000000a53ed894,11.7
26732,2019-08-04T12:41:57Z,7bb67bcf014747e5d826f95c610d36492f31095552417a0864475491,60.14951,24.92138,0000000006dd41f6,18.79
26733,2019-08-04T12:41:57Z,7be762f58d54665c5e6668eb2fb3eae7201522ddff196bbc5eb731f0,60.14947,24.91438,000000004ef3150d,11.7
26734,2019-08-04T12:41:57Z,7d9a3d84c09c3a8d6876389e216e0278048d6b924890fb275a078ffb,60.16531,24.9442,00000000fdda10fe,0.71
26735,2019-08-04T12:41:57Z,7e31a4896ab0ff539440898dfabd8305df79869bff52da941016d1cc,60.1538,24.95595,0000000038bf9618,33.81
26736,2019-08-04T12:41:57Z,7e76449e59f1e3a1a615b54408115353fbb14d815390d03a73b1a7bb,60.14947,24.91438,000000004ef3150d,9.92
26737,2019-08-04T12:41:57Z,7ed2e551d72c45a21ee9c859e96198a40adba806b108ca092d03d1d2,60.149,24.9843,00000000fffb8cf0,16.1
26738,2019-08-04T12:41:57Z,7ee87b87cf01698f643e1ba3117b245039edc811605df5dc802e7576,60.14947,24.91438,000000004ef3150d,29.32
26739,2019-08-04T12:41:57Z,7f2f97e26d55f653ed70260ea4f893d01a3984cbdf6d7a3bfb2641de,60.16829,24.94214,00000000afef4555,5.91
26740,2019-08-04T12:41:57Z,7f3c9dd2c7352cb81fb186a7d700841d2bcb47cd8ea0d5f8719b5908,60.16762,24.95415,000000006b44cce7,12.69
26741,2019-08-04T12:41:57Z,7f786ec8e06f1ca3bdd10fc60d0114baf354125b8f6cf796d197f4cc,60.16075,24.95883,00000000f1124bca,9.12
26742,2019-08-04T12:41:57Z,80cbcb887f3e351e3bef7c5f53dccc578cc3494feec514aed7015c0d,60.16075,24.95883,00000000f1124bca,4.94
26743,2019-08-04T12:41:57Z,8164c6a1ba8bb70b66a8eb236262d7f6defe7d476295595f37375f95,60.173,24.92524,0000000096918cfa,9.12
26744,2019-08-04T12:41:57Z,82411c6526228322a61f59259f13adf7cde62bd767587b6735867705,60.17919,24.95181,000000007b5207b6,16.1
26745,2019-08-04T12:41:57Z,83121a75723643c48e3c3b0a3ea5fccb532046432ca445833e8de06a,60.16762,24.95415,000000006b44cce7,0.34
26746,2019-08-04T12:41:57Z,848fe01e24ccc782e5968171f53ea31d28f20a455c45d8bac8fb7374,60.173,24.92524,0000000096918cfa,13.75
26747,2019-08-04T12:41:57Z,849a662d95d4185421aff7c6213ba5d7b84cfc58c9fb30ff34054e4c,60.16075,24.95883,00000000f1124bca,10.78
26748,2019-08-04T12:41:57Z,85ae2fb0d86e4b0b584d5ad52913239834a7534824072f7f160f3982,60.15432,24.9211,0000000019fb59c4,25.36
26749,2019-08-04T12:41:57Z,85d67c3be46ecb66832dfd9090a931e1be3dd056f718ea6786622131,60.16897,24.95222,00000000aa852af1,27.28
26750,2019-08-04T12:41:57Z,8829e285e51c0d4af122465705662b6c54ff8df31b75e657e5d57b48,60.16829,24.94214,00000000afef4555,29.32
26751,2019-08-04T12:41:57Z,8947a5209f3b32173d3dc72792039edf94a2711741ab041b62b30643,60.16762,24.95415,000000006b44cce7,7.69
26752,2019-08-04T12:41:57Z,896f7e896dc6f1ea44b82bf968a988cc10c358ee34821d9d7a4bd07a,60.14947,24.91438,000000004ef3150d,10.78
26753,2019-08-04T12:41:57Z,8a08b2de43a9ef03cf96610718c908e69dcacc59f536a7135b7bb542,60.16629,24.95957,00000000fb7600be,18.79
26754,2019-08-04T12:41:57Z,8a9eedc7cf775ab4e9ad2e20bdcbcbe1635808b418eedcdcceda7834,60.16762,24.95415,000000006b44cce7,16.1
26755,2019-08-04T12:41:57Z,8b641985c793a3f25a45b2460cb01f5baa6f339c6dd26ba7752d8a7a,60.16897,24.95222,00000000aa852af1,6.46
26756,2019-08-04T12:41:57Z,8ba6cfc17ca70e8304994e018ebd5eb2003177062cde05925d5cacb3,60.173,24.92524,0000000096918cfa,17.4
26757,2019-08-04T12:41:57Z,8bbf5422247a0a6be314130d8fd9ae1814401b75acf3b3ce2da9620c,60.14699,24.922,00000000a53ed894,13.75
26758,2019-08-04T12:41:57Z,8d1d0326bb359113b842bb215f8eec864280c2a8d5edf0e4d6371841,60.14699,24.922,00000000a53ed894,13.75
26759,2019-08-04T12:41:57Z,8d5672c651968bf1f466b44baefa37f9438850e96140d126f6a99baf,60.16897,24.95222,00000000aa852af1,14.89
26760,2019-08-04T12:41:57Z,8d73f674010f5cb02e8f20251ed86a9afcb7f6b3926039470296bd00,60.17065,24.93641,000000000f4919c9,12.69
26761,2019-08-04T12:41:57Z,8d8a869e83fe2ac29e791666634a33af3ea4048ea4e752b6fb1e238c,60.14947,24.91438,000000004ef3150d,2.8
26762,2019-08-04T12:41:57Z,8dcf139eb279bcc2696420ba9da858e361600ff02cd29587f66660ec,60.16897,24.95222,00000000aa852af1,16.1
26763,2019-08-04T12:41:57Z,8f9026cfff0b3ccd2e7a22e5767bee52b08ab5630d1c6ac046bf7f39,60.16544,24.95398,0000000038d83d41,29.32
26764,2019-08-04T12:41:57Z,9023a89a49a372e5f97cf86ef1b5de0164eb67cc10d394d383ab75fd,60.16829,24.94214,00000000afef4555,13.75
26765,2019-08-04T12:41:57Z,920dc90f60b295267f63efc8f968408087b71878dc3f49f0ded1c41e,60.17919,24.95181,000000007b5207b6,27.28
26766,2019-08-04T12:41:57Z,926717d61529080dfc4c7f8cdcdc82c6490d2a5129474524b8c40ea4,60.16829,24.94214,00000000afef4555,27.28
26767,2019-08-04T12:41:57Z,93a2100e233b204243f7e69b68dea7c9a145d1b5384bd18359bf87a3,60.16531,24.9442,00000000fdda10fe,1.01
26768,2019-08-04T12:41:57Z,93e409819362e2429a43710ff4330bd3ed83011b73ae438dd7fb62d8,60.16762,24.95415,000000006b44cce7,13.75
26769,2019-08-04T12:41:57Z,9604244c18efd5978b809f021651f7743e0e64da38fcf3718f9b4f93,60.14699,24.922,00000000a53ed894,4.11
26770,2019-08-04T12:41:57Z,970139730e911dde7a8d21b6a0585bc180d9aae13d65e906795b6868,60.16629,24.95957,00000000fb7600be,27.28
26771,2019-08-04T12:41:57Z,97264f5808fa13851dacabf0c98525eec29849ff4b6a744cc777fd5b,60.16075,24.95883,00000000f1124bca,9.12
26772,2019-08-04T12:41:57Z,9736a8a29aee134a307e0cd4221e9b0a2ab7c48befee43fc62e9f9bd,60.14699,24.922,00000000a53ed894,4.5
26773,2019-08-04T12:41:57Z,9815b6ee70b72e671ef90ffe04a130f496411e14708fbee8100be1ea,60.14699,24.922,00000000a53ed894,27.28
26774,2019-08-04T12:41:57Z,9862cafd709b75d07c83b397773e0cf33564666cb81814bdbf5e54f2,60.16897,24.95222,00000000aa852af1,11.7
26775,2019-08-04T12:41:57Z,9868033d7f0d18f01d12a4034f37bf5d6e51e5ed9124c68d4b8b8e6c,60.14947,24.91438,000000004ef3150d,9.92
26776,2019-08-04T12:41:57Z,987d01417bcff2d7f663704309df2ebdcdb035da3ddb085fab0cf928,60.16829,24.94214,00000000afef4555,20.28
26777,2019-08-04T12:41:57Z,9885627881a266e5cf401516e009049e859d738e2e019be570f4b4d8,60.16448,24.97323,0000000053c6c2be,9.12
26778,2019-08-04T12:41:57Z,98bb3b6f5e2403b14b8e01616c07b03bb1fd153ded656033d7bd3533,60.16075,24.95883,00000000f1124bca,18.79
26779,2019-08-04T12:41:57Z,992f6feda52c82ad67e40af55b5602bb22411020701998c6bd65faed,60.16762,24.95415,000000006b44cce7,9.92
26780,2019-08-04T12:41:57Z,99334da99912e6d4b516e02432e7f88db5a5b87f635722bc3a8b38a6,60.14699,24.922,00000000a53ed894,11.7
26781,2019-08-04T12:41:57Z,994b630283c750a0b697359e32c4bd06d5b4a32d2edb6c12cce42b32,60.16829,24.94214,00000000afef4555,7.05
26782,2019-08-04T12:41:57Z,9ac4c3176875b59567d28bf01df0c9490620902ff082fd0b93d15cb4,60.18203,24.91341,00000000342570c2,16.1
26783,2019-08-04T12:41:57Z,9acffb3f8b8720e2de83c8cfd41915d268d5eca34e0bd280eed3e6f4,60.16897,24.95222,00000000aa852af1,11.7
26784,2019-08-04T12:41:57Z,9b03b610755f4cec2e9d83a9763204e758a075614b125210bc914df5,60.16075,24.95883,00000000f1124bca,31.5
26785,2019-08-04T12:41:57Z,9bad872c31c8c5e53f064b5367350b41271d45ca8a9e508136622800,60.16897,24.95222,00000000aa852af1,13.75
26786,2019-08-04T12:41:57Z,9e3d4a4b1acd94d2896cd7cf56419110f06ea96faae37aadebd4ec77,60.14947,24.91438,000000004ef3150d,13.75
26787,2019-08-04T12:41:57Z,9ff13c715073d5ad9c464cb67b6de3f703435cf389c32cce5626dfe1,60.149,24.9843,00000000fffb8cf0,16.1
26788,2019-08-04T12:41:57Z,a013af23449d6d98abee74e52eabec399ca57bd09762466edcc54f33,60.16762,24.95415,000000006b44cce7,14.89
26789,2019-08-04T12:41:57Z,a1b52cda133b45cf931b9e31d4037fb841f80432e99d6a000beeadc8,60.17002,24.94407,000000006b087f40,20.28
26790,2019-08-04T12:41:57Z,a22736c5d66f417bc6b745f51492549dc2e5a3c766f5e7e23f183b41,60.14947,24.91438,000000004ef3150d,17.4
26791,2019-08-04T12:41:57Z,a38a21a97a054541f0423f03758c70227116c05254958373e3e93ad0,60.14947,24.91438,000000004ef3150d,17.4
26792,2019-08-04T12:41:57Z,a3d228482bfdd3dbdfaee1ff72b6ac00c2ee8c05e949047ce9117783,60.14699,24.922,00000000a53ed894,9.12
26793,2019-08-04T12:41:57Z,a41e158d772eaf06a23fe6c476419f78fae156bf286c7e56e79cea64,60.14699,24.922,00000000a53ed894,16.1
26794,2019-08-04T12:41:57Z,a422a30ec1eb058c7930e1352297c161639faa5b3ca5f5fa47c4adb3,60.14947,24.91438,000000004ef3150d,10.78
26795,2019-08-04T12:41:57Z,a47f8d59e11da7fa47e0cbe518b593e023018f122d5710ffbb775c0f,60.16829,24.94214,00000000afef4555,13.75
26796,2019-08-04T12:41:57Z,a4f416ec0941bb365e3665d7fd224fad15d74225e8ce9f6dd6368bc7,60.17065,24.93641,000000000f4919c9,23.56
26797,2019-08-04T12:41:57Z,a590e9fb8960943273ead07320590436c531fbaf32e54f7db42f1f19,60.16629,24.95957,00000000fb7600be,23.56
26798,2019-08-04T12:41:57Z,a6158fc663b4931ef4e811a4acf62ab2f658241775e200b14684f87d,60.16897,24.95222,00000000aa852af1,23.56
26799,2019-08-04T12:41:57Z,a6484386e3b96e03bba2e837ed3ccbed2e2adb2e7b945583013cb0f2,60.1538,24.95595,0000000038bf9618,33.81
26800,2019-08-04T12:41:57Z,a6f944078dd26796f5a849ccb6fdf8a4436f913cf3302597c846462d,60.16762,24.95415,000000006b44cce7,4.5
26801,2019-08-04T12:41:57Z,a7472d1b63171c047444981df223670390009e3ea502132d9963e9fb,60.14947,24.91438,000000004ef3150d,7.05
26802,2019-08-04T12:41:57Z,a794d97e26d3678bb11b4364880414bb7bfac4bb49d1867b37b489f7,60.14947,24.91438,000000004ef3150d,14.89
26803,2019-08-04T12:41:57Z,a7a7f84e910c87d01420156efca1675f2f263a8f7f1212bb161e73f3,60.14951,24.92138,0000000006dd41f6,23.56
26804,2019-08-04T12:41:57Z,a7cce3f9a15a6ef0eb226d7d512132b28b0f60f3ee1ac61caae74b67,60.16448,24.97323,0000000053c6c2be,29.32
26805,2019-08-04T12:41:57Z,a88c6bae85183bcf7a25dcbc1fe64128df64a49ded7074a0f51a1f5c,60.14699,24.922,00000000a53ed894,16.1
26806,2019-08-04T12:41:57Z,a8bd45406d5913e098652d4c2d836339758e08d21bf5d88becabdd36,60.14947,24.91438,000000004ef3150d,12.69
26807,2019-08-04T12:41:57Z,a8df2631c2442628608c1f0352c896eb532a6ca08c85de2c77360aa8,60.14947,24.91438,000000004ef3150d,4.5
26808,2019-08-04T12:41:57Z,a9dfc9065260957b1eb8dc3b11b793f73f7940fa5cb61acb16a260e2,60.16897,24.95222,00000000aa852af1,14.89
26809,2019-08-04T12:41:57Z,aa076c3f0d09145aebbb750dde9849ba4eb6759e92ba5753280184d6,60.16762,24.95415,000000006b44cce7,11.7
26810,2019-08-04T12:41:57Z,aa5773b59ce2bf1eee53e4e77cd3c261465d2ea538c9a85b8de30cd8,60.14947,24.91438,000000004ef3150d,4.5
26811,2019-08-04T12:41:57Z,aa6d51fc5411b69567cb854360c4a81267eac19446946eb27618306a,60.14699,24.922,00000000a53ed894,9.12
26812,2019-08-04T12:41:57Z,ac36860ddd2d60f33c730b2ecc540578d8edcf2c1e8c55e897d76d93,60.14951,24.92138,0000000006dd41f6,25.36
26813,2019-08-04T12:41:57Z,ac93ac0788af8e1b0f20fada4f15ca1ad31f4084b133482d8211571d,60.14699,24.922,00000000a53ed894,12.69
26814,2019-08-04T12:41:57Z,acdcc8ae1d1c6bb055dfc108154eae58b4b894f0ce1ff174c1065c7e,60.16762,24.95415,000000006b44cce7,9.92
26815,2019-08-04T12:41:57Z,ad8af809ed47a3391bb53d11da159b3a8b0ddc264d94c049ce72bda0,60.17065,24.93641,000000000f4919c9,1.38
26816,2019-08-04T12:41:57Z,ae08ba8b9f7ef2a4326d6d7bbf452a87d08f8062feaf20cb7101d414,60.15432,24.9211,0000000019fb59c4,18.79
26817,2019-08-04T12:41:57Z,ae828cc3f1fa739d818186776cff673c88a05d0f3dedfb4a765a54fd,60.16829,24.94214,00000000afef4555,9.12
26818,2019-08-04T12:41:57Z,ae87b8dd8920695bc9e599874667205991c04e30666d8523f0be4350,60.14947,24.91438,000000004ef3150d,3.4
26819,2019-08-04T12:41:57Z,aec4b11f0b1ec075878ca4a3b94da464f6fc96e330b913d5bfd346b0,60.16897,24.95222,00000000aa852af1,5.41
26820,2019-08-04T12:41:57Z,af2076810e26511562c652d7bb56794c120526dbd4919212167cc3ed,60.16897,24.95222,00000000aa852af1,9.12
26821,2019-08-04T12:41:57Z,af8d59ebae9a22f7ba004eab4dcac2f4560a935bf6a7f9e2ffc0d0af,60.14947,24.91438,000000004ef3150d,10.78
26822,2019-08-04T12:41:57Z,b11910a4d628e08056481b347d9a80d6edb23f1f2612beaa24606c8b,60.16762,24.95415,000000006b44cce7,18.79
26823,2019-08-04T12:41:57Z,b26280ff7943c2f2f00f94125547cbdc285e6c43b7d0a5819c2eac87,60.16762,24.95415,000000006b44cce7,16.1
26824,2019-08-04T12:41:57Z,b26a9be85f5fd17ea58397762fa55db3c8f68fb709d586d61527c892,60.16829,24.94214,00000000afef4555,7.69
26825,2019-08-04T12:41:57Z,b27b090bd1bd9828dcb6ddbd0a1394e4aa097974747dff90ba0eff71,60.16897,24.95222,00000000aa852af1,25.36
26826,2019-08-04T12:41:57Z,b286a5ad73d5284539b414851f27f57c421773f33f9fc564c7200c36,60.16762,24.95415,000000006b44cce7,18.79
26827,2019-08-04T12:41:57Z,b2a01c2a06c3cf1a48333e58e787d9eaf2f975a738c02878220d7774,60.16829,24.94214,00000000afef4555,21.87
26828,2019-08-04T12:41:57Z,b2b344932a455663bb9c15f518950a54e05393ddfca54e5cc094e89a,60.16829,24.94214,00000000afef4555,14.89
26829,2019-08-04T12:41:57Z,b523d3f8341906e4b3877ff7d9614b4e10d6bbf10afdcc6c53656c8f,60.17065,24.93641,000000000f4919c9,17.4
26830,2019-08-04T12:41:57Z,b5e3abaccf4a03480985d25eb9fbf454c87f7ad06c38c8bdeb0819fa,60.14699,24.922,00000000a53ed894,13.75
26831,2019-08-04T12:41:57Z,b670feb17d43bf7c9bfc6b8236bd8f240defd4d2f9c402ce52a406a4,60.16897,24.95222,00000000aa852af1,14.89
26832,2019-08-04T12:41:57Z,b7039958be9f53a3eaed97f705a1974815f52f25226e920155397bec,60.16075,24.95883,00000000f1124bca,25.36
26833,2019-08-04T12:41:57Z,b81e80c4efa2f6bf7a24861abfd0f0fb5672f1512dc7545a1d387f7f,60.16762,24.95415,000000006b44cce7,5.41
26834,2019-08-04T12:41:57Z,b8201571cb5ac01b7db7af4fba6c7ff58336a3f03d0fe13edf985c41,60.173,24.92524,0000000096918cfa,23.56
26835,2019-08-04T12:41:57Z,b82ba472f0cb919b39c31b9c737f1608f6a31ffa63352768f9fa12ea,60.16829,24.94214,00000000afef4555,5.41
26836,2019-08-04T12:41:57Z,b9c0ac0bb7310d92c296a8870603ebd12c0c632cfc2a1fa33092b337,60.16762,24.95415,000000006b44cce7,7.69
26837,2019-08-04T12:41:57Z,ba179edf2c2f33faa8b685f33ca7c6c65c502011216073016a13e9ca,60.16897,24.95222,00000000aa852af1,33.81
26838,2019-08-04T12:41:57Z,bb0193f2b0ac4801fe82ed5cec75e687465d707d92e731047f81650f,60.1538,24.95595,0000000038bf9618,3.09
26839,2019-08-04T12:41:57Z,bbe1e18f88cf88928067a0221965768c1f2ae264291cea564d7eb7e8,60.16897,24.95222,00000000aa852af1,29.32
26840,2019-08-04T12:41:57Z,bbe7947ea50de5986f237ccab5782ddb55c199ad6a81e8f692670d0c,60.16829,24.94214,00000000afef4555,5.91
26841,2019-08-04T12:41:57Z,bc07df8cc395f6f4f5d483b2233caca5f93a6918f346e4cc3702f8cc,60.16531,24.9442,00000000fdda10fe,16.1
26842,2019-08-04T12:41:57Z,bc478512e217b12ec7e01e1ce8247d394a57fb0c0cc72940f562adc2,60.17065,24.93641,000000000f4919c9,27.28
26843,2019-08-04T12:41:57Z,bcf688ec2e666179e52a495a8304dd7aaaf4acad52788a0929b287a2,60.14699,24.922,00000000a53ed894,25.36
26844,2019-08-04T12:41:57Z,bd055b33f37a0f4211ef88e2ac4d20e5a0620250bc6133d5ccbda839,60.14699,24.922,00000000a53ed894,17.4
26845,2019-08-04T12:41:57Z,bd33b7ad8d89c8c1958de09b4900b5ebc62ed61b9decf094268b04d0,60.16762,24.95415,000000006b44cce7,9.92
26846,2019-08-04T12:41:57Z,bddca8fc17056f9f207a259070e281eedf4cea3e8e22093b88bbd7b5,60.14699,24.922,00000000a53ed894,9.92
26847,2019-08-04T12:41:57Z,be3899e685ec11f99f7112d4c7cddf57b9c9edeed8394ef9c49ede71,60.17002,24.94407,000000006b087f40,23.56
26848,2019-08-04T12:41:57Z,bebf1edb9736fe66391376c4cf2a3033ab9fa83ae21f86b66392e2d0,60.16762,24.95415,000000006b44cce7,8.38
26849,2019-08-04T12:41:57Z,bf2e5725b255e320f1e8375ec03f55194f1fd9f751be9629d873a5c8,60.14699,24.922,00000000a53ed894,2.8
26850,2019-08-04T12:41:57Z,c0722f63618f97eb8ec4afac1a8538b81a3c87e623d753ad1201bf7c,60.16075,24.95883,00000000f1124bca,7.05
26851,2019-08-04T12:41:57Z,c0872968c54204234fb9792b4e0d997b0ea5882f431eda70bb244e3a,60.14699,24.922,00000000a53ed894,18.79
26852,2019-08-04T12:41:57Z,c0a0ca3433586ed2ae0e448f2406fabac7292ac79d49562e0bd5cef8,60.16762,24.95415,000000006b44cce7,13.75
26853,2019-08-04T12:41:57Z,c1e4323d2276cb6e358f5fabb123294e7a0ef87e7169f3cccc8f2e03,60.16075,24.95883,00000000f1124bca,18.79
26854,2019-08-04T12:41:57Z,c22d0093a8d103f59838ad43218fa834e328847e5094bcb2e98d5307,60.16829,24.94214,00000000afef4555,7.05
26855,2019-08-04T12:41:57Z,c261834e6d2c1bd9adddb82d8c6ce2d8aad82a89e32da62f3fcc6063,60.16075,24.95883,00000000f1124bca,3.09
26856,2019-08-04T12:41:57Z,c36d58ed0e0dddb3e26be1214e369db1c3fa3d4bcf8b53536a25239b,60.17065,24.93641,000000000f4919c9,4.5
26857,2019-08-04T12:41:57Z,c3b2521faf0f7ae79434e40e86c59699d399444b775c7619f6e73e36,60.16075,24.95883,00000000f1124bca,16.1
26858,2019-08-04T12:41:57Z,c3be6dcc2c0542676c20d28ce38adbe2c0b9be09caa3f22e60210636,60.16075,24.95883,00000000f1124bca,3.09
26859,2019-08-04T12:41:57Z,c4dfae0a1b1bd27741275e8f26148b119bf7225960b4275e488612b9,60.14699,24.922,00000000a53ed894,18.79
26860,2019-08-04T12:41:57Z,c633a260ce59bad4e1ca42f12936ed8ae57a40f5e6528dfb70052c43,60.16897,24.95222,00000000aa852af1,16.1
26861,2019-08-04T12:41:57Z,c87da10aff699f66ab177faaafcbfb29044be17a0cdcd0770f99f6f0,60.17065,24.93641,000000000f4919c9,25.36
26862,2019-08-04T12:41:57Z,c905a50dedd9b3d2114cde9160b7adf83adc09683b65598ce24c4047,60.1538,24.95595,0000000038bf9618,20.28
26863,2019-08-04T12:41:57Z,c9822d9c012b25f745a2934c523f3c9e6db75fbe3f5e673475813381,60.15432,24.9211,0000000019fb59c4,7.05
26864,2019-08-04T12:41:57Z,cb3f05d5604f5532e039e6d40514b13aba8f6274d952bb17a8b801fc,60.15432,24.9211,0000000019fb59c4,17.4
26865,2019-08-04T12:41:57Z,cc2cf42c6b14536fb92c810ff0e3dd5a3caa74236f14246a5b6e8cdc,60.16762,24.95415,000000006b44cce7,8.38
26866,2019-08-04T12:41:57Z,cc3ab8b82d60cbeb3ccd635efb6cd12d127645ab3d03b73bcfec7455,60.16762,24.95415,000000006b44cce7,10.78
26867,2019-08-04T12:41:57Z,cd4867e8bfd7af028b5546f9acfa77ecb7ff107d7c09d62186ecbbd7,60.16075,24.95883,00000000f1124bca,17.4
26868,2019-08-04T12:41:57Z,cd4ecd3b83630f6e5d65f635804e47a1ceb82853aac36af30044f06a,60.149,24.9843,00000000fffb8cf0,29.32
26869,2019-08-04T12:41:57Z,cd9b2be9ffb37c8b7c5c25f587c95b1c7932a21fb245487ea2f740d9,60.14699,24.922,00000000a53ed894,13.75
26870,2019-08-04T12:41:57Z,ce6a8017f454ee88825097762b1bdb8e5ba78fff9cd3e49bc2ee2400,60.14699,24.922,00000000a53ed894,23.56
26871,2019-08-04T12:41:57Z,ceb777dafa9b7e39125b89735b7f0cf22c3018eb0196043ac8160370,60.14699,24.922,00000000a53ed894,10.78
26872,2019-08-04T12:41:57Z,cf348d1ad8b56dd43f377926c2a3f3a9436d35fc378964335639effa,60.16829,24.94214,00000000afef4555,23.56
26873,2019-08-04T12:41:57Z,cf52b142bcf43f119e4794fc5d9143de7cd0bf7ec81f81e7c8eddb89,60.18203,24.91341,00000000342570c2,21.87
26874,2019-08-04T12:41:57Z,cfa42322be0000cf89d8969d1b88ace0ba99cab721dd58d55d41a36e,60.17065,24.93641,000000000f4919c9,14.89
26875,2019-08-04T12:41:57Z,cfc2a688ff31fbb1baac8790fb6d56dc7746ba2cf9e0e5f39d4751a4,60.14699,24.922,00000000a53ed894,10.78
26876,2019-08-04T12:41:57Z,d0413da80c7714f40ffe50dcfb00039280c64ecebc61c59df72965e6,60.149,24.9843,00000000fffb8cf0,25.36
26877,2019-08-04T12:41:57Z,d098b9b5b30c5fcd4ae8a2b8bc761df72829713d3ae919634876d349,60.14699,24.922,00000000a53ed894,7.69
26878,2019-08-04T12:41:57Z,d0aa228c2a3e6e1568e876cffc76874702e0f0f63f18533551bf02c1,60.16075,24.95883,00000000f1124bca,14.89
26879,2019-08-04T12:41:57Z,d0cab2a2660dcc5cb99a9bdf39d2e6b31b7498985db1b50e48cb478d,60.18203,24.91341,00000000342570c2,9.92
26880,2019-08-04T12:41:57Z,d150c7aba4e7419f0ddd187392a9c2a429f44fa82535fb594c48ff55,60.16897,24.95222,00000000aa852af1,9.12
26881,2019-08-04T12:41:57Z,d38e88e5b926f9d1de6e326cca45116fcca11f10684c80876739c6cd,60.16075,24.95883,00000000f1124bca,9.12
26882,2019-08-04T12:41:57Z,d635f6e4536bd89d5a215500e5d4203d21e632e50e0403f82c5d00f9,60.15432,24.9211,0000000019fb59c4,27.28
26883,2019-08-04T12:41:57Z,d64eda229ebb6012e59bc89eacb74918e404ce52f16b491f3d48e800,60.16897,24.95222,00000000aa852af1,7.05
26884,2019-08-04T12:41:57Z,d6b274f1f49dde057f37b6d65670f16c2a7ba75e21283e342e5c3bfb,60.16762,24.95415,000000006b44cce7,14.89
26885,2019-08-04T12:41:57Z,d75c412090c347ad7fca9287bcc4eb9bfb757dc7c1725109861dd93e,60.16629,24.95957,00000000fb7600be,20.28
26886,2019-08-04T12:41:57Z,d87210146aab139cc6640a20b428dce6ac516806a71a177b70e04f62,60.17065,24.93641,000000000f4919c9,9.12
26887,2019-08-04T12:41:57Z,d8983a8fe916583702bb776d3d8d3cbbe9e78778fd44d07c52ad1f2d,60.14699,24.922,00000000a53ed894,14.89
26888,2019-08-04T12:41:57Z,d8e7e8b511d1123d1389cf08abbfa54b2b38e1824598b88008356c33,60.16897,24.95222,00000000aa852af1,6.46
26889,2019-08-04T12:41:57Z,d8f93f7019ced3cf8ccc2946465e8113293e75498092e982fd45bbc5,60.16762,24.95415,000000006b44cce7,17.4
26890,2019-08-04T12:41:57Z,d9850522e3aa6a2204b3237b8fe0044f41732a79a88cfc4b4811bcad,60.18203,24.91341,00000000342570c2,31.5
26891,2019-08-04T12:41:57Z,da667dfa2d8a272a7398e186de027fabd2052052c0aad767a1c7d966,60.16897,24.95222,00000000aa852af1,9.92
26892,2019-08-04T12:41:57Z,da79bc3a154be3d65c15bbffd0b895193ffd8167bba8a96ad28308e5,60.16762,24.95415,000000006b44cce7,18.79
26893,2019-08-04T12:41:57Z,daac051ca20430238282e179e0fe525b11ff1e8f1ace26d45b41f331,60.14947,24.91438,000000004ef3150d,21.87
26894,2019-08-04T12:41:57Z,db9cee77723e2258651606fd447070139d95eb1138f8e56957bff8f1,60.17002,24.94407,000000006b087f40,31.5
26895,2019-08-04T12:41:57Z,dbf9f0495974591badcee3fcfc1b5eb718b26de86aaf486c351ad084,60.14947,24.91438,000000004ef3150d,5.41
26896,2019-08-04T12:41:57Z,dc15145376f4a497910c8d2231d671bf62f1918ad93938a48fdc3eb4,60.149,24.9843,00000000fffb8cf0,21.87
26897,2019-08-04T12:41:57Z,dc439ef81c2abfb840e3ab145f2b944aae18a1beffd3eb47de845b9c,60.16531,24.9442,00000000fdda10fe,14.89
26898,2019-08-04T12:41:57Z,dcec4c4fb70c5f7dd0f408b6499f8c5ab0c2e9ff2b6d0fb082eba391,60.16075,24.95883,00000000f1124bca,13.75
26899,2019-08-04T12:41:57Z,dd4d709c749e6cfcf1531575846683d4ca730e850e17c6dd39252f8e,60.16075,24.95883,00000000f1124bca,6.46
26900,2019-08-04T12:41:57Z,ddc8410b9e4ece4b995b789f95e526693bac176ed77092ba57355dc8,60.16762,24.95415,000000006b44cce7,2.08
26901,2019-08-04T12:41:57Z,de09fd8d15c3d7adbf440a3d0a418a3b476513c968bda8a4aa652adf,60.173,24.92524,0000000096918cfa,31.5
26902,2019-08-04T12:41:57Z,de0d086ae32f87522eab31d3bc52545ed17b065889674963c0709568,60.16829,24.94214,00000000afef4555,16.1
26903,2019-08-04T12:41:57Z,de3fe5f63e74a582e06c8cb02e6128d6013827015ba3e2fe93082977,60.17002,24.94407,000000006b087f40,23.56
26904,2019-08-04T12:41:57Z,de84f754a3916c8f831b0bb8ea41fc2a42cdea2794558fece3c7ae97,60.1538,24.95595,0000000038bf9618,27.28
26905,2019-08-04T12:41:57Z,df0e8ff4d2b113239e66c4c62bfa198af147b596a2f83309d01d3b3b,60.16762,24.95415,000000006b44cce7,9.92
26906,2019-08-04T12:41:57Z,e02c0f9f72e9f248a4b5df8af328e1a0132d4d8a72c1e603d14cdacd,60.18203,24.91341,00000000342570c2,17.4
26907,2019-08-04T12:41:57Z,e0df847c19b463dec6cea35494d375ce136a276c6a785936c931f60f,60.18203,24.91341,00000000342570c2,21.87
26908,2019-08-04T12:41:57Z,e0ff1e75104c5dfa3549647c238569888e353e1322256a5c6979de0b,60.14699,24.922,00000000a53ed894,5.91
26909,2019-08-04T12:41:57Z,e1a443e10353da64728464e8a720aaf22a62b80d404f1acae1a1c6ee,60.1538,24.95595,0000000038bf9618,25.36
26910,2019-08-04T12:41:57Z,e23a6115ba872037f9b5066c9c9c966b497f449e32a2c9ceb0e55497,60.16829,24.94214,00000000afef4555,10.78
26911,2019-08-04T12:41:57Z,e341e5e3e0b4fef8c3764508293310da5922b202d791694e43069ad1,60.16544,24.95398,0000000038d83d41,20.28
26912,2019-08-04T12:41:57Z,e34bcebfa007159f3d2adb0e62e20fcf721a221f52bdfe2a6ad77831,60.18203,24.91341,00000000342570c2,21.87
26913,2019-08-04T12:41:57Z,e3e3bac265ab2713063d7435bf5c7374dfc7dfc647fb677a030a1a49,60.18203,24.91341,00000000342570c2,17.4
26914,2019-08-04T12:41:57Z,e40a26f3f7468f4ac2302b45f1ed9aab7fea245ccf81d0c08072c881,60.16829,24.94214,00000000afef4555,4.11
26915,2019-08-04T12:41:57Z,e764c71787bfa606c5c782497e3328f680577e3032027962db0542a2,60.149,24.9843,00000000fffb8cf0,20.28
26916,2019-08-04T12:41:57Z,e7cd5f775c7eea951719f351fcc25c710f857832d6f4b70a51b7b82d,60.16897,24.95222,00000000aa852af1,11.7
26917,2019-08-04T12:41:57Z,e826dedac8582e619ce18cd7eed68be5ee1fc9ed37e191e06f916835,60.14947,24.91438,000000004ef3150d,6.46
26918,2019-08-04T12:41:57Z,e9115410fa45db5a174eee008cae729dc69937a0e0b5a304899bf1b9,60.17065,24.93641,000000000f4919c9,20.28
26919,2019-08-04T12:41:57Z,e92eb020afcd7c1fad04690230ff8c2f005e404dd25b8dced1df30dd,60.16075,24.95883,00000000f1124bca,18.79
26920,2019-08-04T12:41:57Z,e9e19621fc5cfcfed2c808bbadc6cc6dd31e28d3c04cef8b89ca2729,60.16075,24.95883,00000000f1124bca,7.05
26921,2019-08-04T12:41:57Z,ea157e44ed100be3f782d8b3d8e5e0986079c588c9ea754b14917df0,60.16829,24.94214,00000000afef4555,4.5
26922,2019-08-04T12:41:57Z,eac6fda3a18aa9ce55b6359f5c62a044e0bcd6bc3576c8cd815acf07,60.14699,24.922,00000000a53ed894,23.56
26923,2019-08-04T12:41:57Z,ec096f9d9f6ac607dcfcecf3327071d33a6ed3fdedd3cc796ba91fdc,60.16897,24.95222,00000000aa852af1,17.4
26924,2019-08-04T12:41:57Z,ec424a10bcefb6e69c2eabf42534f06e7a10aa0cfb28f6478052cade,60.14699,24.922,00000000a53ed894,7.05
26925,2019-08-04T12:41:57Z,ed70712277756192c688e0f4d7620cdb33803ab3e0cc7c180c3efd23,60.15432,24.9211,0000000019fb59c4,11.7
26926,2019-08-04T12:41:57Z,eed1c3b93e33ab3a4802db427c8c197c0fbad358e039b6ea8c8af07b,60.18203,24.91341,00000000342570c2,14.89
26927,2019-08-04T12:41:57Z,ef352dcaa8317b6a3c0a02cd8908dd13da5601cc66ba65c5fd8d031a,60.14947,24.91438,000000004ef3150d,16.1
26928,2019-08-04T12:41:57Z,f15b72a3aad411d2f8a70b41c4f62ad2d744d064d42ec00c71a18ac5,60.16762,24.95415,000000006b44cce7,2.3
26929,2019-08-04T12:41:57Z,f1e73fa6dab8e8a2db6d7515f601fac161f17c34beb84aa55e812a9e,60.16762,24.95415,000000006b44cce7,0.59
26930,2019-08-04T12:41:57Z,f1eb1b22a5e01064a1829b325d256218c68bc9134f03a3f09f3e2566,60.16829,24.94214,00000000afef4555,27.28
26931,2019-08-04T12:41:57Z,f2deba4ef84dbbc8c5d8524f6e2311183003bce4f9bfa6aef5b5ef66,60.14947,24.91438,000000004ef3150d,14.89
26932,2019-08-04T12:41:57Z,f2e063c8c25a8bec0dd6ec3924a5f59fd9694078f2f3fd5b3ea96f29,60.16762,24.95415,000000006b44cce7,9.12
26933,2019-08-04T12:41:57Z,f3ec2366b51157150674e5ab6293bdb19e0b30ca4296fee4c97b811c,60.14699,24.922,00000000a53ed894,20.28
26934,2019-08-04T12:41:57Z,f5f7cfe177dfb0b7ebba2419ae53f70b6b5690dd98d98586004a9107,60.149,24.9843,00000000fffb8cf0,18.79
26935,2019-08-04T12:41:57Z,f66767381dd8d1bf0e53c7bb920dd23845902ad04a03ab1134a70b11,60.173,24.92524,0000000096918cfa,11.7
26936,2019-08-04T12:41:57Z,f7777ac6285e2f6b6aa546b03f294d81e169b8236268cfed232c9679,60.16897,24.95222,00000000aa852af1,23.56
26937,2019-08-04T12:41:57Z,f796c9efc581b25280d4b416f8ba3aecca6ddf083e7bdad05f6e595e,60.14699,24.922,00000000a53ed894,9.92
26938,2019-08-04T12:41:57Z,f7f0caf73572bea3c08b592eeb9655b2668cfb16fd8840ca5619d84a,60.14699,24.922,00000000a53ed894,5.91
26939,2019-08-04T12:41:57Z,f868d87b5d5a7094b60a131cd3e120c25787ebf751f7c93640b34942,60.16897,24.95222,00000000aa852af1,7.69
26940,2019-08-04T12:41:57Z,f9359038e1664e0b9772885f4804107abdeffa68536f552b313a6093,60.14947,24.91438,000000004ef3150d,20.28
26941,2019-08-04T12:41:57Z,f97bd6b766461dd4066a8fde3d7dfed9d1027ff23973200a005458cd,60.17002,24.94407,000000006b087f40,17.4
26942,2019-08-04T12:41:57Z,f9a7057352731d27889cbd388be5902a6e62b297a3467232e8e47094,60.16762,24.95415,000000006b44cce7,16.1
26943,2019-08-04T12:41:57Z,f9ffbe381dd44aa5cfd37a6c6b40f0084d784e90548811eafd4fd203,60.16448,24.97323,0000000053c6c2be,31.5
26944,2019-08-04T12:41:57Z,fa96854324adae88abb35afa34b2393a20338bfd8fc9602d3ce6ae8d,60.14947,24.91438,000000004ef3150d,1.7
26945,2019-08-04T12:41:57Z,fc44732d3d7791ab2cff9b427dddff51b590051bb77f188c3d7f4cd2,60.14947,24.91438,000000004ef3150d,27.28
26946,2019-08-04T12:41:57Z,fc5c517b4bcaf5e392ff920858d70ed6c59751b0934ce3dbe372996e,60.16829,24.94214,00000000afef4555,9.12
26947,2019-08-04T12:41:57Z,fd77161cf9715d9d0f922cf45e79e5d9b9debef5113cb32a4f82ef76,60.16762,24.95415,000000006b44cce7,8.38
26948,2019-08-04T12:41:57Z,fe5ca86c906b1cb3bf9dd257ceefc562e41da499878f1074484f7d42,60.14947,24.91438,000000004ef3150d,10.78
26949,2019-08-04T12:41:57Z,ff4f3e0f964f23b97e88626f7a506bb4409718931712c58ce0f247af,60.16762,24.95415,000000006b44cce7,8.38
26950,2019-08-04T12:41:57Z,ff8280896145ae17e594c52eac2cdbab47d3757d797878fbc4298596,60.1538,24.95595,0000000038bf9618,29.32
26951,2019-08-04T12:41:57Z,ff8d5b9e61bd912b13b664db8ef2919e1f515ca3b20ae67f532a5c8a,60.16762,24.95415,000000006b44cce7,11.7
26952,2019-08-04T12:41:58Z,07d86ad98399440d0cc3bd3382a7256feb971e49a3686dc17f532e1c,60.16829,24.94214,00000000afef4555,9.12
26953,2019-08-04T12:41:58Z,09bfb0ba18ca8d4146edead386ae6004b5feb9c84501198c964e7c45,60.16897,24.95222,00000000aa852af1,21.87
26954,2019-08-04T12:41:58Z,14c7e1511b70f4dd3359cbece1377aebb4d70531f5489eefe53d7c3c,60.16544,24.95398,0000000038d83d41,23.56
26955,2019-08-04T12:41:58Z,1599d2c9070a6f05e1a5887c2d9209214c04818c6203fe75440734f2,60.1538,24.95595,0000000038bf9618,25.36
26956,2019-08-04T12:41:58Z,165ebbb4090d47319ae370f0d0854fdc1f6b79499f8b2e4d3c3533c0,60.16544,24.95398,0000000038d83d41,33.81
26957,2019-08-04T12:41:58Z,1e7ea410376fbdb3f3c476c76d23abad5d830690f78f71ea06f7e321,60.16075,24.95883,00000000f1124bca,18.79
26958,2019-08-04T12:41:58Z,211f6b7b044343d0be369791b3fa3c144d0d0f391e2a42787712efb0,60.16448,24.97323,0000000053c6c2be,11.7
26959,2019-08-04T12:41:58Z,2350e9b04a733edca530466fd60d704e4de146d81df0066a1767556b,60.149,24.9843,00000000fffb8cf0,13.75
26960,2019-08-04T12:41:58Z,23587f2ca6a8c83a3c277c80fbeef76540c1646b104df2b06eb3528f,60.18203,24.91341,00000000342570c2,25.36
26961,2019-08-04T12:41:58Z,25a7ff811c3c06e426c7c2cbb0433d9a2a3399b23afecbd35584ab0f,60.18203,24.91341,00000000342570c2,12.69
26962,2019-08-04T12:41:58Z,2603b5aecd8f219a410e558446935308ecabb09a6c9e5b38533728ff,60.16829,24.94214,00000000afef4555,14.89
26963,2019-08-04T12:41:58Z,315af4a829b592ba99b203b8ed2cbd499769f8752dfe6de7da4ee929,60.16829,24.94214,00000000afef4555,17.4
26964,2019-08-04T12:41:58Z,3944bc7a301be7241d1f7bc4a97f221000d535ce3d8a9af9af9b23b5,60.16531,24.9442,00000000fdda10fe,20.28
26965,2019-08-04T12:41:58Z,3b5cafe90982db26cf737b2e4cd4275276f6a031bca3b2a1f73023b2,60.14699,24.922,00000000a53ed894,16.1
26966,2019-08-04T12:41:58Z,3fe5f4ccfa5c777ceafda0674d7c9da6f509f6694b4c2fa254b32e73,60.16897,24.95222,00000000aa852af1,23.56
26967,2019-08-04T12:41:58Z,4317f5904a5e6ae921bf743dd534c803083fd90b15a1245881beeade,60.16897,24.95222,00000000aa852af1,21.87
26968,2019-08-04T12:41:58Z,44d0b94469070803869f229601e877beb613c3f5aafa009addf97a1a,60.16544,24.95398,0000000038d83d41,23.56
26969,2019-08-04T12:41:58Z,4a1efc9faf9548fe0ed72037d54a131265a72e61fdfc2009a4e9408a,60.16075,24.95883,00000000f1124bca,18.79
26970,2019-08-04T12:41:58Z,5d65719c4cbf045f068d084b72302f447d5fd034413d97d13be00d0e,60.18203,24.91341,00000000342570c2,20.28
26971,2019-08-04T12:41:58Z,5eed115a984d490b02b602d73787aee8dc8c4e9365b77fbff3818a76,60.16629,24.95957,00000000fb7600be,25.36
26972,2019-08-04T12:41:58Z,5fecff186138a9b3e31c6086c33dcd5f1d209e64f0afeed7c688cab0,60.16897,24.95222,00000000aa852af1,21.87
26973,2019-08-04T12:41:58Z,653a92a7828f2c43bc74899753f872e8b93c30b6fb419b651a94bbc1,60.16897,24.95222,00000000aa852af1,18.79
26974,2019-08-04T12:41:58Z,69219e9efa41ae9e732653e9eaf08e1a34cb853a9dafe76ddeea4d04,60.16897,24.95222,00000000aa852af1,16.1
26975,2019-08-04T12:41:58Z,6a70e2fbced719333e21eff04fcb9cb36bae9a04d1a3d6ddd96f2c58,60.15432,24.9211,0000000019fb59c4,6.46
26976,2019-08-04T12:41:58Z,6f06341f358e61699fe1e55e986dd0554bc8da28b91daf0c5ad99db6,60.16629,24.95957,00000000fb7600be,31.5
26977,2019-08-04T12:41:58Z,70d8572458a1a103555bab897b6443e601e0ed211414b15ad0b56f60,60.16544,24.95398,0000000038d83d41,21.87
26978,2019-08-04T12:41:58Z,7678cdb86d454ca9ae52f22d97e635106585a3a046d01da4463695cc,60.18203,24.91341,00000000342570c2,23.56
26979,2019-08-04T12:41:58Z,79f136afa0dd8717337c01c70b457c464aaf0fa25b440f51a394ec23,60.16762,24.95415,000000006b44cce7,11.7
26980,2019-08-04T12:41:58Z,85ef35aecf2ff804be3d958b592705ec41c6df9c128c132c65bb283d,60.16897,24.95222,00000000aa852af1,21.87
26981,2019-08-04T12:41:58Z,87dfaad29a9276ddddb1fa021d3bc23ad14824c1af16f7d87e713689,60.14951,24.92138,0000000006dd41f6,16.1
26982,2019-08-04T12:41:58Z,88808fe92573e9cdf022cc15b9689b6b4b9429f60513c8897b0ba4c7,60.16897,24.95222,00000000aa852af1,16.1
26983,2019-08-04T12:41:58Z,89982a6acf91b79a282a6b63978e946ee205f303fcd20e944e06baf0,60.16544,24.95398,0000000038d83d41,25.36
26984,2019-08-04T12:41:58Z,8c3b1ed0846e38cc84b863a80540c8a75bfd85c8bdda36563d153110,60.16544,24.95398,0000000038d83d41,21.87
26985,2019-08-04T12:41:58Z,8c75c3289c84fe4493e1e272a77b615fe1985880c5dc68a7c1a17b53,60.16762,24.95415,000000006b44cce7,11.7
26986,2019-08-04T12:41:58Z,9843c6216661048343a0e49cf3d8aa2883cf77f452666a1c873a1052,60.16448,24.97323,0000000053c6c2be,27.28
26987,2019-08-04T12:41:58Z,99e2e374006ef5e33260626b9ce7146f90689eab11436fee95e12f96,60.16075,24.95883,00000000f1124bca,12.69
26988,2019-08-04T12:41:58Z,9ea176cc50b4b7b627807bec1e3dfc22223c1ea35af2995dd823eab7,60.14947,24.91438,000000004ef3150d,13.75
26989,2019-08-04T12:41:58Z,a91d379a4b57c5df22db0d7a041ff69f657b4b31f28554b1011fc03c,60.16544,24.95398,0000000038d83d41,25.36
26990,2019-08-04T12:41:58Z,af807b67ce09a2ce1744025c421961213f1608ca658ece4df69555a1,60.16762,24.95415,000000006b44cce7,12.69
26991,2019-08-04T12:41:58Z,b5fd6b317890e5ab2d79e2cd1abe61626d45a753c7337d0d40728898,60.16762,24.95415,000000006b44cce7,11.7
26992,2019-08-04T12:41:58Z,b6768ae226a93bce23852414e20866c7413513d067579c03ea883dfa,60.17065,24.93641,000000000f4919c9,18.79
26993,2019-08-04T12:41:58Z,bb98768dad0f7c52cf643f035a3e7e48f5cfe28557c66f2a75914b31,60.14699,24.922,00000000a53ed894,14.89
26994,2019-08-04T12:41:58Z,bce16addb0ad2b7209298c35b3506869253f4e4a612a4cb45803ddf2,60.16075,24.95883,00000000f1124bca,20.28
26995,2019-08-04T12:41:58Z,be41ebc5fb0d348fc1ef1166d44251c3112a78a4ea01aa980364ee7c,60.14699,24.922,00000000a53ed894,11.7
26996,2019-08-04T12:41:58Z,c175b4269517070a33be84e85a4b8b23c3bb430ff6c31b121ac1603f,60.16762,24.95415,000000006b44cce7,6.46
26997,2019-08-04T12:41:58Z,c40c37def6bf11a63a2556519a7c6233fd417cdeea2cf14f28e7c42c,60.16531,24.9442,00000000fdda10fe,23.56
26998,2019-08-04T12:41:58Z,ca6927628f5ddda20036865c9345ad93d476d62ade3b181de568eed6,60.16897,24.95222,00000000aa852af1,23.56
26999,2019-08-04T12:41:58Z,cf05623e4d87ce0906c0b0b7dbf53aacc1228016cd27c341228b6e76,60.18203,24.91341,00000000342570c2,16.1
27000,2019-08-04T12:41:58Z,cfc0bedb78ded52749db3188cb188bf6a250ef5990da9c5afa9623fc,60.14951,24.92138,0000000006dd41f6,21.87
27001,2019-08-04T12:41:58Z,d661caec7a5da6aef734734bbf9090debe494c1afd98050f88f269bd,60.16829,24.94214,00000000afef4555,12.69
27002,2019-08-04T12:41:58Z,dcb7e8bb90af70568c12a902d706c70e1ac1213e31ba074756f0a27a,60.1538,24.95595,0000000038bf9618,27.28
27003,2019-08-04T12:41:58Z,ded49640b591e73bff71f84fb99d2739eb6c9554164a015017725e03,60.16829,24.94214,00000000afef4555,16.1
27004,2019-08-04T12:41:58Z,e8e366e76c97944e23c0f80b4fd3ce6e5832744922297146a49f0c7e,60.16762,24.95415,000000006b44cce7,14.89
27005,2019-08-04T12:41:58Z,e96bd269a48b822b06141c3362fcb6d5ed4d0d09a120f2e4a712d5c2,60.16897,24.95222,00000000aa852af1,11.7
27006,2019-08-04T12:41:58Z,f088630d7476dae7d4b7e2bb1f10575f2c89acb4b6e061f3d57c2b40,60.16531,24.9442,00000000fdda10fe,18.79
27007,2019-08-04T12:41:58Z,f29ea15113ac0eea0be8ec41c633909de4b0b9ab6c7b9898b128080c,60.16897,24.95222,00000000aa852af1,14.89
27008,2019-08-04T12:41:58Z,f6609ab1076b1105bb845595a03b41b8fbb282f79c337df5bbc9f841,60.14699,24.922,00000000a53ed894,16.1
27009,2019-08-04T12:41:58Z,f94dddacf96965952551200a02b41925bcd21402aceafb12f19931af,60.16075,24.95883,00000000f1124bca,7.69
27010,2019-08-04T12:41:58Z,fc4f3a44235f1cfc7b53f14ba2da599976a5a0a220d23b852688e485,60.17918,24.95141,00000000675d5200,31.5
27011,2019-08-04T12:41:58Z,00b07030d00cc5582c0f1be7d73fb09e34f4018445ce11d9da8da813,60.16762,24.95415,000000006b44cce7,20.28
27012,2019-08-04T12:41:58Z,00bd7bd4a80a909d8983400f62efd98e7a54af02873a6bfd87020cd7,60.16829,24.94214,00000000afef4555,23.56
27013,2019-08-04T12:41:58Z,033759f09b97a9347fd7852dbc2bcd3abbb67a792486acad9d185bca,60.16762,24.95415,000000006b44cce7,3.74
27014,2019-08-04T12:41:58Z,036c183505fea646b54aeb0c612913cafba94eca65e47d3c6d840a68,60.17918,24.95141,00000000675d5200,25.36
27015,2019-08-04T12:41:58Z,0479a26a59d65bf1dee05c06f4227a0ba63a6e9c9a09e7c34f2e06b4,60.14699,24.922,00000000a53ed894,17.4
27016,2019-08-04T12:41:58Z,04b49a34910d12f55243dd5a756c7cc1e506e5d3cdb418cc635e9ad9,60.16762,24.95415,000000006b44cce7,4.11
27017,2019-08-04T12:41:58Z,04b5d29c48edaaf4904a98e412562e3c0d857eb20342cc7c323d4293,60.16762,24.95415,000000006b44cce7,8.38
27018,2019-08-04T12:41:58Z,04f35922a81b516e7028f61c6ff34faf6da85df0a5cfcefb6df1861f,60.149,24.9843,00000000fffb8cf0,17.4
27019,2019-08-04T12:41:58Z,05d441c83d2df822feaf93d7861452db7a201f22d84cfa36f421dfd2,60.16544,24.95398,0000000038d83d41,21.87
27020,2019-08-04T12:41:58Z,073c1eeb0d9e511743bae8d5b87b95a19017f59a1dc3597d8618a908,60.173,24.92524,0000000096918cfa,17.4
27021,2019-08-04T12:41:58Z,076c28c1895ef1919c11113113c12655c546fc90a00800e5ebec5b56,60.14699,24.922,00000000a53ed894,5.91
27022,2019-08-04T12:41:58Z,07fa093f5dceb6043b0a8c9d8ad01c1bfdfe15d4b3071a26b747ea07,60.14699,24.922,00000000a53ed894,12.69
27023,2019-08-04T12:41:58Z,09e6b7d5a7a9e691d686fb405bc2bfe0c9e5d525b47385d9235575e3,60.16897,24.95222,00000000aa852af1,8.38
27024,2019-08-04T12:41:58Z,0a0acb70a8ef92be52a64d4425e70bb2f7a17d13942c3382c9d68878,60.149,24.9843,00000000fffb8cf0,1.88
27025,2019-08-04T12:41:58Z,0a5616e066b42895361324cfa8abef41d849a55e3e4bed429bab494b,60.16829,24.94214,00000000afef4555,17.4
27026,2019-08-04T12:41:58Z,0a5ed50daf13dd10744537aa851ac7ab1d34d9797ec6ab6e2402aebb,60.16762,24.95415,000000006b44cce7,4.94
27027,2019-08-04T12:41:58Z,0aabf0df4c3c5b45bb8950c92dbe624985f19e8650ed61f92571a65a,60.14699,24.922,00000000a53ed894,9.12
27028,2019-08-04T12:41:58Z,0acb4bd7319729fea4acf035921d1136d86a307a60b4444669cede1a,60.14699,24.922,00000000a53ed894,4.5
27029,2019-08-04T12:41:58Z,0b0dd9af9d52c68ff71ce266d6707abbb0f56c3c63be0f83f7b5df9b,60.16762,24.95415,000000006b44cce7,5.91
27030,2019-08-04T12:41:58Z,0c905239b8c0e14cba671cf4d4d715d1045a30ee62a6285fb489dbb0,60.16829,24.94214,00000000afef4555,9.12
27031,2019-08-04T12:41:58Z,0d3525b13d674f1645fdbe6d842fe37b2f416889c5472e9dfcc5445c,60.14947,24.91438,000000004ef3150d,9.92
27032,2019-08-04T12:41:58Z,0ef4d4e0ed1d5a16b616f3722210deaa1f3be532439fb707802f70a2,60.16075,24.95883,00000000f1124bca,13.75
27033,2019-08-04T12:41:58Z,10a99e791e27975dc1c9d73d3163cabacf3bd7bd05a4f7abf6365426,60.14699,24.922,00000000a53ed894,9.92
27034,2019-08-04T12:41:58Z,10caaea8002e8b3b342b32710efdd7305ff375ca1cdc01411f66b2f6,60.14699,24.922,00000000a53ed894,6.46
27035,2019-08-04T12:41:58Z,120a63917cb5ab619bf9a71328f14020736ee84e75d5b37278748def,60.16897,24.95222,00000000aa852af1,10.78
27036,2019-08-04T12:41:58Z,124cce476184e061b136f481014a2abc7208d30e4e520ffd90c85adb,60.17002,24.94407,000000006b087f40,20.28
27037,2019-08-04T12:41:58Z,126ff8aee22cf123572b51282d01680aea0dac78d907b5100c430c50,60.14947,24.91438,000000004ef3150d,29.32
27038,2019-08-04T12:41:58Z,128df515b075ffc54794d311944f31b9b1c1132d182943a9880e5bc0,60.16544,24.95398,0000000038d83d41,36.27
27039,2019-08-04T12:41:58Z,12fb8b4ee43472fe3f49e3ac6791275a4a7d7beec0e3b87fbae1320e,60.16829,24.94214,00000000afef4555,14.89
27040,2019-08-04T12:41:58Z,13bcedb8c59b26417282929d81844b272c7c5bc295614f531219a8e4,60.14947,24.91438,000000004ef3150d,14.89
27041,2019-08-04T12:41:58Z,13ee67fb034e3d24edc9a9618e9d6de24979ebbcb399f83abb02a897,60.14699,24.922,00000000a53ed894,4.5
27042,2019-08-04T12:41:58Z,1496ce9cf373a2a508a8ab0b7aa0604dd889fd69483881c3752219af,60.14699,24.922,00000000a53ed894,16.1
27043,2019-08-04T12:41:58Z,1515fbb735095b233eea332bf40cff9995758e9bd0ad60218875554b,60.14699,24.922,00000000a53ed894,9.92
27044,2019-08-04T12:41:58Z,1551f9fdd5a57b17be51babad39f807f04be4d340266c153eb860156,60.15432,24.9211,0000000019fb59c4,16.1
27045,2019-08-04T12:41:58Z,15ee12e5f9be00a79b0cbbc9912f51cbfa3e486624567e1bde938fb6,60.1538,24.95595,0000000038bf9618,20.28
27046,2019-08-04T12:41:58Z,161aa798c2a18e132fb27ecded773218ea4e42eabbd0e5794b1d7017,60.15432,24.9211,0000000019fb59c4,8.38
27047,2019-08-04T12:41:58Z,1769031b7f4d75de0541e26427b9ecc92c84b80992e3b36bb8eb799e,60.16829,24.94214,00000000afef4555,4.94
27048,2019-08-04T12:41:58Z,17af6ab252328066d6b13406084507dfa7a7f6db3030872e7f87223d,60.17065,24.93641,000000000f4919c9,23.56
27049,2019-08-04T12:41:58Z,194e6ced97ec114a37fe06d6d73fb687c057d411be476f1ea6f4852e,60.16897,24.95222,00000000aa852af1,27.28
27050,2019-08-04T12:41:58Z,197961cf403efacc6bdb07158a50753109701aba7a6e7cbf8502e1ee,60.14947,24.91438,000000004ef3150d,23.56
27051,2019-08-04T12:41:58Z,1a93dfa31156cee53b4bd527d8b74655a5da812b6933d8a86d871e47,60.14947,24.91438,000000004ef3150d,7.69
27052,2019-08-04T12:41:58Z,1aacd77e1fdbe1544cf1ab29a00642d77ce4a075e388e8a2108aa39b,60.16829,24.94214,00000000afef4555,29.32
27053,2019-08-04T12:41:58Z,1ad0b84716a79851fa8db7a993012f0c8e496d6cba9d028a546285a2,60.16897,24.95222,00000000aa852af1,12.69
27054,2019-08-04T12:41:58Z,1b3fba902b8d1538b508cdc228fd15fdd87f5aecb68e5611b1a4e354,60.16762,24.95415,000000006b44cce7,3.74
27055,2019-08-04T12:41:58Z,1b577cccfa28c7e2d4591ce0886d0b8c3669b5778a6061c908240f73,60.14947,24.91438,000000004ef3150d,3.09
27056,2019-08-04T12:41:58Z,1bcef866fafad7c7460a084e0b0d27c087b549f4ae704390708be47e,60.149,24.9843,00000000fffb8cf0,23.56
27057,2019-08-04T12:41:58Z,1c13175307f58b1bf07c8838e26a2f5d0fd5b21a7517c0b4f4e6bd8f,60.1538,24.95595,0000000038bf9618,23.56
27058,2019-08-04T12:41:58Z,1c7ccd5d6570d98e57ef2ebbd716b7504b138f9bb616fbeaa0d1a268,60.14699,24.922,00000000a53ed894,13.75
27059,2019-08-04T12:41:58Z,1ca2a3dc3dfc4b7c43e5c2670f235bdd61b23459d91984dde3e5afff,60.14699,24.922,00000000a53ed894,14.89
27060,2019-08-04T12:41:58Z,1d4841b6905c46f3c38f79540bae2a88a4e660692149506c0db9da33,60.15432,24.9211,0000000019fb59c4,17.4
27061,2019-08-04T12:41:58Z,1e24a2120b13c780dbb3a67a73f5058d1847f126fd5f5952e6dddcd3,60.16075,24.95883,00000000f1124bca,44.58
27062,2019-08-04T12:41:58Z,1eed5192896838d1860e8ea14bda43d065b88fc7dc562f54765e85a8,60.16897,24.95222,00000000aa852af1,11.7
27063,2019-08-04T12:41:58Z,1f81ed7274add201d3059d4a37e2bbe86b6ae1f0fd42a16d7b8dccaa,60.14699,24.922,00000000a53ed894,10.78
27064,2019-08-04T12:41:58Z,1faaaeff6423708e06d94b904af4be93e399939fbdfd3b3091dc8bd2,60.15432,24.9211,0000000019fb59c4,16.1
27065,2019-08-04T12:41:58Z,203a0c145a43c9a18f8c2a5ba4e18882e7430662bb4ac0e56ab37578,60.17065,24.93641,000000000f4919c9,18.79
27066,2019-08-04T12:41:58Z,21bdc11bb63fb48c9d4b5308540ee5df579c9a385001a10fceeeedf3,60.14699,24.922,00000000a53ed894,12.69
27067,2019-08-04T12:41:58Z,21eed3ade733687b8f56fade8290819b7c6b4a9f38468979fe692c3e,60.16762,24.95415,000000006b44cce7,13.75
27068,2019-08-04T12:41:58Z,2204ba387d2db0e7d2ca03f7ace46abff8d141668b73c75a1879d7ba,60.14947,24.91438,000000004ef3150d,20.28
27069,2019-08-04T12:41:58Z,22fe9a06fba1036e8eafd726bc450095b1893be067f475e1882bb704,60.14699,24.922,00000000a53ed894,11.7
27070,2019-08-04T12:41:58Z,231026899a6d5b326cb5b1e38b182ca1acb77c7e27bc2378973b29db,60.16629,24.95957,00000000fb7600be,11.7
27071,2019-08-04T12:41:58Z,232de63a0c555ae5875a266b1219fd7b8f17246c9a190fe882be9b28,60.14699,24.922,00000000a53ed894,11.7
27072,2019-08-04T12:41:58Z,23337c2812924a07e4f0bbc92e56d1f85ea40208b6b987f4afc686cf,60.16897,24.95222,00000000aa852af1,10.78
27073,2019-08-04T12:41:58Z,244b51aa4a7059ba782925258111c295aa4de9596025c55ccd5580ac,60.16829,24.94214,00000000afef4555,27.28
27074,2019-08-04T12:41:58Z,247f8b2fe544f61677fce4b7f300f6be0c3fa9f5a9f057cc0a4b2111,60.16762,24.95415,000000006b44cce7,14.89
27075,2019-08-04T12:41:58Z,250f7cf6c6d1296e84c45fb8621a0704eb5243471980b5187dc40cdd,60.14699,24.922,00000000a53ed894,17.4
27076,2019-08-04T12:41:58Z,257206d3f59df5c426a9c735f4741cba6d792de1cbafe62289d383d7,60.16897,24.95222,00000000aa852af1,20.28
27077,2019-08-04T12:41:58Z,2607d1b2fc6e31a80348fffbed68a7d3a8e0212f197f2d1c573c587b,60.14947,24.91438,000000004ef3150d,10.78
27078,2019-08-04T12:41:58Z,2647e945e963c48683bef2821d824c19f8df2a6925377cba7f45954c,60.16075,24.95883,00000000f1124bca,27.28
27079,2019-08-04T12:41:58Z,269124e75b1e74a7c7dc93b778e02f04d0a53e069a90081c0938ee4c,60.14699,24.922,00000000a53ed894,13.75
27080,2019-08-04T12:41:58Z,274e0815ea908a282a87fa9a2625a03aa28af05d02828c2c7ac9fc10,60.149,24.9843,00000000fffb8cf0,17.4
27081,2019-08-04T12:41:58Z,2838eddb482a9bc77b0b867352020e2cbfb71e85aaa1d61307e85f3d,60.14947,24.91438,000000004ef3150d,4.5
27082,2019-08-04T12:41:58Z,28b43564f7156b67db7cb7b779e948986d7610f921490f9030379704,60.16897,24.95222,00000000aa852af1,7.69
27083,2019-08-04T12:41:58Z,28d2c3282e9f8fec67baec7992dcd800c45b67071e33cb118905a6b3,60.16829,24.94214,00000000afef4555,17.4
27084,2019-08-04T12:41:58Z,2969cdb120f2d285c556abfe5bac2f8090571f61aba227a474a534d2,60.17065,24.93641,000000000f4919c9,14.89
27085,2019-08-04T12:41:58Z,29a1ee6c0907a00ec6b6dcbb187f5c31d1a11b261aabd339210ee013,60.16897,24.95222,00000000aa852af1,11.7
27086,2019-08-04T12:41:58Z,29a4a664ccec24ad7eaf3f2a589c42e971d9a86b5d602dda52a5cb7a,60.16897,24.95222,00000000aa852af1,14.89
27087,2019-08-04T12:41:58Z,2a47bdc66249162a9588347a6cbe7895fe798bb25c1194cd69fb1e8b,60.14699,24.922,00000000a53ed894,14.89
27088,2019-08-04T12:41:58Z,2a767d6875ef5fa533a2eb311aafaab1d857135cf6da5786d2407a49,60.14699,24.922,00000000a53ed894,8.38
27089,2019-08-04T12:41:58Z,2ee2e108ed9051b1ccf4d3ee89931dfd53170af0b558fa6579b83e8d,60.15432,24.9211,0000000019fb59c4,5.91
27090,2019-08-04T12:41:58Z,2fabc4773758a12492d31bdfe6b37e6523ae8caabecda356d33dce41,60.15432,24.9211,0000000019fb59c4,17.4
27091,2019-08-04T12:41:58Z,2ff487dabdafef45d633bd5239b8f21bc2f5fa019150a45f204eb8be,60.149,24.9843,00000000fffb8cf0,27.28
27092,2019-08-04T12:41:58Z,3165c6ee17d11e4b51e03844fd1234cd64aecc860cd6c162ceb99058,60.16897,24.95222,00000000aa852af1,11.7
27093,2019-08-04T12:41:58Z,32708990f2c831e65f70f2682baf5188fc93348b9a9e78ada8db2bf4,60.14947,24.91438,000000004ef3150d,5.41
27094,2019-08-04T12:41:58Z,33634cb1e3fc5d4a621e8717d203da8533ed27531a70c6cbe3abf3fa,60.16762,24.95415,000000006b44cce7,2.3
27095,2019-08-04T12:41:58Z,342ecc64544cd30ef83e600cb9fdbe09e395534bfff059a0bbb2c960,60.16544,24.95398,0000000038d83d41,25.36
27096,2019-08-04T12:41:58Z,3459042c03cbb672a039f7f14a6b99b84f839b0598f9e48bf4dd95f5,60.14699,24.922,00000000a53ed894,12.69
27097,2019-08-04T12:41:58Z,347c2747f8b58cdc6f96b541d1a35f2c0e182b542706a38e0ce7ef4a,60.149,24.9843,00000000fffb8cf0,8.38
27098,2019-08-04T12:41:58Z,348d0f13ec830589831a973041803bc7b6c0f0b5f6e5a84e47f292d3,60.17002,24.94407,000000006b087f40,14.89
27099,2019-08-04T12:41:58Z,34bf3e380e2a914953cf9b98fa3d965c890a9f6ed7a0ce833012b9f5,60.16762,24.95415,000000006b44cce7,21.87
27100,2019-08-04T12:41:58Z,34f282042837e6b8407c31fd6c880bdbb7071c56d76c4b6e5ba78819,60.14947,24.91438,000000004ef3150d,12.69
27101,2019-08-04T12:41:58Z,35502547e06ee42a683582ce5b803d594fd683773fb80142e128be38,60.16762,24.95415,000000006b44cce7,23.56
27102,2019-08-04T12:41:58Z,358d7986d5bf2a0624fb1412a157b3c7b12f90653457e15a76bbdf50,60.16629,24.95957,00000000fb7600be,12.69
27103,2019-08-04T12:41:58Z,35a958343879c000cfc3f0c01afbc7d54934265828677bf4aefef84f,60.14699,24.922,00000000a53ed894,8.38
27104,2019-08-04T12:41:58Z,35e6e075578d7a51e510bf8904bde33f1d117264eea0917db98d4808,60.16897,24.95222,00000000aa852af1,9.12
27105,2019-08-04T12:41:58Z,36f876050503d244f74f3cbadcef716904eb2b245190d474b0cfa794,60.16762,24.95415,000000006b44cce7,1.54
27106,2019-08-04T12:41:58Z,377af6064f021cc5b46c99fdabf1b59cb6cb7af94bd8d605697c3b37,60.16762,24.95415,000000006b44cce7,13.75
27107,2019-08-04T12:41:58Z,37945fa4e7409fab98aa8bde45081f5bd083def0059485274ad552c0,60.17919,24.95181,000000007b5207b6,7.05
27108,2019-08-04T12:41:58Z,37c5fa285cfc1de3c5363b53a2909ca0f43381a381ee6fc132d5ba8f,60.16897,24.95222,00000000aa852af1,18.79
27109,2019-08-04T12:41:58Z,38c90c54ec8f56ae2ee5c79f21130a2254d870968839584fc423f1d2,60.14699,24.922,00000000a53ed894,14.89
27110,2019-08-04T12:41:58Z,393a579e1c8efb19861f555f12040feeac853f37a2451116693e77aa,60.14699,24.922,00000000a53ed894,17.4
27111,2019-08-04T12:41:58Z,3a6ce73ea4c03a14fc0d3d099e4698d3c1051a2e8e4bd552d5de394d,60.14947,24.91438,000000004ef3150d,5.91
27112,2019-08-04T12:41:58Z,3b73bf57d223bcb9b930ee8619e6603e52485b221389c64d85614baf,60.16897,24.95222,00000000aa852af1,14.89
27113,2019-08-04T12:41:58Z,3be48824225ca9f2aea5653f6ce21181a76e67a8d4b8361f0cba1f8a,60.14947,24.91438,000000004ef3150d,16.1
27114,2019-08-04T12:41:58Z,3d26e1d1c042133ccb16301bbada637dd3dea1623426336738e0f1c0,60.149,24.9843,00000000fffb8cf0,31.5
27115,2019-08-04T12:41:58Z,3e4965f1ed580ddf80246b1b78cbc55b73c11d67573d9cede2a7ccf7,60.16829,24.94214,00000000afef4555,9.92
27116,2019-08-04T12:41:58Z,3e99999f43f3bd9e105e735eeb92531a4301e7f258c90535acfba9ae,60.16531,24.9442,00000000fdda10fe,31.5
27117,2019-08-04T12:41:58Z,3ea5c91c32a318cb798767914dd025c2791a8c19e81c10c22f649247,60.18203,24.91341,00000000342570c2,21.87
27118,2019-08-04T12:41:58Z,3eb138558a5cc58760a67df9709bc42cc329874e907981d33e0116ec,60.16762,24.95415,000000006b44cce7,14.89
27119,2019-08-04T12:41:58Z,3ec0a34310840b3aa1aa32a3f2bffbe426e91a242dc6eb5c1e86bba7,60.16448,24.97323,0000000053c6c2be,23.56
27120,2019-08-04T12:41:58Z,3f395809cdaaaa1688c7d1cc770079bbf7ef1349e148bec5c8eacd57,60.16762,24.95415,000000006b44cce7,14.89
27121,2019-08-04T12:41:58Z,3ffe89aa6ab1e57883e21fa8f15969f46a5f487bccb2b993eadb3cfb,60.14699,24.922,00000000a53ed894,7.69
27122,2019-08-04T12:41:58Z,429295e322e9f143f79e9a6340e4974858aa9aa2f5ed6e8512dd00cd,60.14699,24.922,00000000a53ed894,13.75
27123,2019-08-04T12:41:58Z,429363aca20efd1e564b3ac367b9eb4702cce1afbe6a22dccb543a7f,60.16075,24.95883,00000000f1124bca,18.79
27124,2019-08-04T12:41:58Z,42da4298ed9f522421f17714e024d9b8fe22e7546df3deeb8b139bd3,60.16075,24.95883,00000000f1124bca,5.91
27125,2019-08-04T12:41:58Z,431375be6b9405ef55878f3aa0bb5dd6a35db8ba650a2bce05081c49,60.14947,24.91438,000000004ef3150d,16.1
27126,2019-08-04T12:41:58Z,436df7106ce19510536cf507d8939633784f67da2f872970e0d3ba43,60.16829,24.94214,00000000afef4555,21.87
27127,2019-08-04T12:41:58Z,43e1eab7f64d16e44a7ba2981efebc2152360e3841e16957d99a2e4e,60.14947,24.91438,000000004ef3150d,17.4
27128,2019-08-04T12:41:58Z,447f951c07ece4b9f8a41fed54b5911f4f8033b69f5a62bfd0cf1d97,60.14699,24.922,00000000a53ed894,18.79
27129,2019-08-04T12:41:58Z,4533d27e96c5c6637ddff4243672d658fea4004970652882357105a9,60.14699,24.922,00000000a53ed894,23.56
27130,2019-08-04T12:41:58Z,457d11209b95b153efb57d8f2641f2db0823e91a0d608fa0555a5b69,60.14699,24.922,00000000a53ed894,14.89
27131,2019-08-04T12:41:58Z,4602ff9d03f6bf4fbb82976098cc1c73e7a7e754050401c772d1406e,60.14947,24.91438,000000004ef3150d,4.11
27132,2019-08-04T12:41:58Z,467a01a257fbaad22bd4aebafc8f284c9ad3effc429475e57c214e9d,60.14699,24.922,00000000a53ed894,8.38
27133,2019-08-04T12:41:58Z,47bc9ff9097f9ef5f1862e48b4a42f6a9ddd30c4ef2b6eb43291a7a5,60.14699,24.922,00000000a53ed894,11.7
27134,2019-08-04T12:41:58Z,47cde44e4ddbf6c70162fa882eee962e7c3e2a037b650294ec46568f,60.14947,24.91438,000000004ef3150d,6.46
27135,2019-08-04T12:41:58Z,48f665ebb1a71b0d84fc02bd71918c5ab5608328db534639cbd2a255,60.14947,24.91438,000000004ef3150d,2.8
27136,2019-08-04T12:41:58Z,4a1a129202050ebeed57c0765b3c9d72574e077e2f6a1e0c6d2ce943,60.16531,24.9442,00000000fdda10fe,21.87
27137,2019-08-04T12:41:58Z,4a3fc0d8003eaf9e5025fb4d14b8e034d1406ebe923ef21f9e6ad429,60.1538,24.95595,0000000038bf9618,33.81
27138,2019-08-04T12:41:58Z,4b1050cc517631e36206d3528399c0b14748daec8c7d1b5dfa412299,60.15432,24.9211,0000000019fb59c4,7.69
27139,2019-08-04T12:41:58Z,4b2a241d832696fc878ceb269b0fbf4987989a0c3109bd2e8ac08170,60.16897,24.95222,00000000aa852af1,18.79
27140,2019-08-04T12:41:58Z,4b85388cdaec2b4c15b546160ee326d9668a5e5d3c7b08d0c539946e,60.17919,24.95181,000000007b5207b6,12.69
27141,2019-08-04T12:41:58Z,4be50f3eb033f3f46e3069049c8e0a34dc8a2607741c1764369ba4c2,60.16762,24.95415,000000006b44cce7,5.91
27142,2019-08-04T12:41:58Z,4bf75585466f0aafa2ed2956fe4b0f7235b4ba3a0606a52219b3156c,60.14699,24.922,00000000a53ed894,8.38
27143,2019-08-04T12:41:58Z,4cadc8cc23fd84febb6a8383030a34c97b3388a8c9ed7a64cc0f51a6,60.14947,24.91438,000000004ef3150d,10.78
27144,2019-08-04T12:41:58Z,4d4115f2971578ddc2428be944e2954c9e9a5472a818ec1805a022b2,60.149,24.9843,00000000fffb8cf0,8.38
27145,2019-08-04T12:41:58Z,4d7150fb2eb8468dc51f12b2de4a3610a7eb79c7352449ed92531f0e,60.1538,24.95595,0000000038bf9618,38.87
27146,2019-08-04T12:41:58Z,4ebdb6165c5d4892cdc21711313b98b1545bececfb886192c6f0ef22,60.16762,24.95415,000000006b44cce7,10.78
27147,2019-08-04T12:41:58Z,4f4940c5c77737c5b8f2fbd5a1b65886ea5f6e0e4fcd50447e11ce21,60.16075,24.95883,00000000f1124bca,14.89
27148,2019-08-04T12:41:58Z,4f93e95b96f69cefa42bba16e15af19b9c451693070e117b208ea068,60.16075,24.95883,00000000f1124bca,23.56
27149,2019-08-04T12:41:58Z,50e21d119f102cee2afe3ac7f1a32032527638769b05aca582d6ecb1,60.16762,24.95415,000000006b44cce7,4.5
27150,2019-08-04T12:41:58Z,514a3981fad6c695ac4940f09374b5d1c2e84d2ca835084ef8707714,60.16075,24.95883,00000000f1124bca,9.12
27151,2019-08-04T12:41:58Z,51b3c7870a399165f0d1d14f7d21688df32b0360f9cc6f3ca61890d8,60.16829,24.94214,00000000afef4555,5.41
27152,2019-08-04T12:41:58Z,52072bd384eaaf4a6958af5510ed039d194dee47f34667bc7bccbe0e,60.14699,24.922,00000000a53ed894,3.09
27153,2019-08-04T12:41:58Z,52939581c6c8dd3407dbf44ea9e90471e4bbadfb7e3740a0ba8324f3,60.14699,24.922,00000000a53ed894,8.38
27154,2019-08-04T12:41:58Z,52f0e69ca7a5cebe604c1f32308dc7f8870d1d85cd4b25ad17f706e9,60.14699,24.922,00000000a53ed894,11.7
27155,2019-08-04T12:41:58Z,5399ca5a9abed7a5da7a71e85cbeae837e42ee1dc94852ba2c16bcd1,60.173,24.92524,0000000096918cfa,17.4
27156,2019-08-04T12:41:58Z,54065d53a62079540c4be1e19eafa5dd581e8ec35da0c31844438e0b,60.149,24.9843,00000000fffb8cf0,16.1
27157,2019-08-04T12:41:58Z,552e7d20be831c5ebfa503ba78ed542d6ece4ecad264308d5dc37a31,60.14699,24.922,00000000a53ed894,11.7
27158,2019-08-04T12:41:58Z,5554305bad43a71cf98d83e92708c7474c1efc189392c1ea94231e9c,60.16531,24.9442,00000000fdda10fe,4.5
27159,2019-08-04T12:41:58Z,556a86b2e90ec03e679f4434e2ebcef0eb687cb52bafbd0d98d26c88,60.14947,24.91438,000000004ef3150d,13.75
27160,2019-08-04T12:41:58Z,56b8eace741e5227a40ea0a64601a737648080c63d6240b0dca632c4,60.16075,24.95883,00000000f1124bca,17.4
27161,2019-08-04T12:41:58Z,570dc61d53aec66ede39dfde66339640878453afc00cd1a55c60bca7,60.16544,24.95398,0000000038d83d41,27.28
27162,2019-08-04T12:41:58Z,571934189bf349efb6f596e76c21612cf9b82ed44913090169936048,60.17065,24.93641,000000000f4919c9,11.7
27163,2019-08-04T12:41:58Z,57c6f9c8fc64c4d7030c1d3576910e338178138cd74acdc9e3630216,60.16629,24.95957,00000000fb7600be,27.28
27164,2019-08-04T12:41:58Z,57eef16af260870a831bd4f88018555730ec7dd21a538e3575825479,60.16829,24.94214,00000000afef4555,17.4
27165,2019-08-04T12:41:58Z,584cb0b0cdd14e608c8b57c8aecc9826f9b40027e365e2438a444ea2,60.16762,24.95415,000000006b44cce7,13.75
27166,2019-08-04T12:41:58Z,59b01cbdec8ff06fa6d50bac00c3f5f4c45132fc8a62800c08df5d6a,60.16629,24.95957,00000000fb7600be,16.1
27167,2019-08-04T12:41:58Z,5bb54a365362fc3a1d1e4b4421c7b020c45f3274d1393340a1f89eb5,60.16762,24.95415,000000006b44cce7,8.38
27168,2019-08-04T12:41:58Z,5bbb03fd7db8dd6ddb6cf3e308c02476b0b549e3a4b28867cd8a89b3,60.14947,24.91438,000000004ef3150d,9.92
27169,2019-08-04T12:41:58Z,5bc858089bff2f1880f1807e91f165ebf9f1b5841445adcdfb988ddf,60.16829,24.94214,00000000afef4555,20.28
27170,2019-08-04T12:41:58Z,5bc8610f198c0ab38e4e89fd7f4828d032ca2a6ef97c2a17c79e296f,60.14699,24.922,00000000a53ed894,18.79
27171,2019-08-04T12:41:58Z,5c160268bc9b4b619181ce421d9e58c258e6b59a342945fc29f0004b,60.14947,24.91438,000000004ef3150d,9.12
27172,2019-08-04T12:41:58Z,5c46671175475bc574d3a64fe85e1ce7792c14d29f1e79a39da24fa0,60.149,24.9843,00000000fffb8cf0,8.38
27173,2019-08-04T12:41:58Z,5cd5117066c75a1cb83d3896a7eba3f3472e133f0013ea7d4e95daaa,60.14699,24.922,00000000a53ed894,4.5
27174,2019-08-04T12:41:58Z,5d70086d53447ee393249cef33c7bae814c1d7c2e3055fc91b38786c,60.17919,24.95181,000000007b5207b6,6.46
27175,2019-08-04T12:41:58Z,5e7916ca910b02abf2d19906759663c23db63950a353fa546f55c8af,60.14699,24.922,00000000a53ed894,9.92
27176,2019-08-04T12:41:58Z,5ea49ba4de68e03664ec3a87f5de32434d7136b4f8323f022ff9df5b,60.16829,24.94214,00000000afef4555,13.75
27177,2019-08-04T12:41:58Z,5f3a358ea7ec56dfb2271af72ef34416785e497a3653bfb75ef822c3,60.16829,24.94214,00000000afef4555,7.69
27178,2019-08-04T12:41:58Z,604a02f00cf5d2e059c26ee48a07cd30e608c4b00f17f447c028da58,60.16762,24.95415,000000006b44cce7,18.79
27179,2019-08-04T12:41:58Z,60d5c11436b72dd4eb673f606bddc3f8f36675342cba015b9297155f,60.16448,24.97323,0000000053c6c2be,18.79
27180,2019-08-04T12:41:58Z,60d7fd34e511ad1565b92db2fbb5ef2908f7a273acceda524945e86e,60.16075,24.95883,00000000f1124bca,21.87
27181,2019-08-04T12:41:58Z,60d9b71ec38b796bf876dedfaf3112b49ff79677480c7603902857ae,60.14947,24.91438,000000004ef3150d,16.1
27182,2019-08-04T12:41:58Z,614ab7fba7255f6bf6f888e9a04d589962f756b3f427e658f10014f2,60.16075,24.95883,00000000f1124bca,3.74
27183,2019-08-04T12:41:58Z,62916b0c2a8ebabb938b5e97cb14eb89b2b32936d3fad04025ad5854,60.17002,24.94407,000000006b087f40,9.12
27184,2019-08-04T12:41:58Z,62a6fe2d9b3b5b4533c51253f8842428bd797b3c6a95a7816ec472ed,60.14947,24.91438,000000004ef3150d,8.38
27185,2019-08-04T12:41:58Z,63defb71d4c3856253a0a2d67a5c370b91ad0527703b334a63fe5344,60.14947,24.91438,000000004ef3150d,17.4
27186,2019-08-04T12:41:58Z,641e8defb97171d160f062c4bc3e9d06346f10d5246e6aeac935e1a9,60.16897,24.95222,00000000aa852af1,20.28
27187,2019-08-04T12:41:58Z,64394b1287e19738900f57d5c7483e02866e40bc8241fc6f6fbecbcb,60.16762,24.95415,000000006b44cce7,5.91
27188,2019-08-04T12:41:58Z,643ef3f01a51bea3c4510d4060a945cd510e5189236d68f5c9489034,60.16829,24.94214,00000000afef4555,0.71
27189,2019-08-04T12:41:58Z,64638a9f9e6c9b32fc4b484b55e4934fcab6cb04605cc76d5f5534b7,60.17065,24.93641,000000000f4919c9,14.89
27190,2019-08-04T12:41:58Z,64e34af775b57908b23056a31d60ef3b005941f2e7c3db0c49df675d,60.17065,24.93641,000000000f4919c9,4.5
27191,2019-08-04T12:41:58Z,6525cc634176c25187e68e0d067bcfecfd78e399e93db4ee9d408b7e,60.17919,24.95181,000000007b5207b6,17.4
27192,2019-08-04T12:41:58Z,655204cb507ea9ae811105cdcd766161facaa9f729017a333f102391,60.149,24.9843,00000000fffb8cf0,2.8
27193,2019-08-04T12:41:58Z,65b3adca9ee7adbad7277ff62bf8d0019944180762113925a4e71d95,60.149,24.9843,00000000fffb8cf0,18.79
27194,2019-08-04T12:41:58Z,65de3b8621fadfc61e9d3657dc477ea9867f9d093f80cf0857dcad88,60.16762,24.95415,000000006b44cce7,7.05
27195,2019-08-04T12:41:58Z,66319a5673dfaa1ce72563c02b505fb08d612a81b58ec4a3808f907b,60.16762,24.95415,000000006b44cce7,23.56
27196,2019-08-04T12:41:58Z,66b9cea6cd979b4e9e391e0ef854e2cc38eca6fb9e166811e39edd11,60.16629,24.95957,00000000fb7600be,18.79
27197,2019-08-04T12:41:58Z,6723bebaab92d1a9f8b4318fd4f497a6dec6d7f8e0eafca443925213,60.16075,24.95883,00000000f1124bca,7.69
27198,2019-08-04T12:41:58Z,67591d427f60ba3c369ac0d78088fca7be33081501508d16401dd6cb,60.16762,24.95415,000000006b44cce7,2.8
27199,2019-08-04T12:41:58Z,6774ed72eaf69d7c4aaeeef90990f969954155bbcc52652e75e7deef,60.16829,24.94214,00000000afef4555,8.38
27200,2019-08-04T12:41:58Z,677c53ae4056d6cb123ca576ba5284664b1c7e3e88818bd19b5dd99a,60.17919,24.95181,000000007b5207b6,16.1
27201,2019-08-04T12:41:58Z,6875e3632a29207e29ded33617e66d55de5d8c7804fecedd6f1dfe12,60.14699,24.922,00000000a53ed894,16.1
27202,2019-08-04T12:41:58Z,69375ef968867906fc11b34d1e2c4b436d452cd47cb577a7f9e566ef,60.16762,24.95415,000000006b44cce7,12.69
27203,2019-08-04T12:41:58Z,6981f80baeddf7459b67845f82744390c976c013f3a4883a53556fc7,60.16762,24.95415,000000006b44cce7,9.92
27204,2019-08-04T12:41:58Z,698b200b63a644828a7314691a16af2af1bccef75d52abb5591a5542,60.14699,24.922,00000000a53ed894,20.28
27205,2019-08-04T12:41:58Z,6b6668d7ebecfb96a6ed3ca19e97f8da150943ddf1d034675d08a9b8,60.14699,24.922,00000000a53ed894,7.69
27206,2019-08-04T12:41:58Z,6b97071051ccf5db7e5ebee033d4f68d58ed6917ff2fac5b205a6605,60.17065,24.93641,000000000f4919c9,17.4
27207,2019-08-04T12:41:58Z,6c7e018abdf8462af7c7b003bc30f915184f7082e9e865a2c502eed5,60.14699,24.922,00000000a53ed894,7.69
27208,2019-08-04T12:41:58Z,6f3dd17e40daabb4efe868f1b859dc00ecc01846f0a0e2b8db5d1413,60.17919,24.95181,000000007b5207b6,12.69
27209,2019-08-04T12:41:58Z,6f8d7717df843a7b0be6b0dd55e933ebbd9819bd96c48f210e193e4e,60.16829,24.94214,00000000afef4555,8.38
27210,2019-08-04T12:41:58Z,6fdf4cfc3a0774e204869ab43ef69c6306cc40c0fd8bbb0f8b505e3a,60.16829,24.94214,00000000afef4555,20.28
27211,2019-08-04T12:41:58Z,6fdfc33c6b609ea80b4a38ecf657bc68b7bf659752b51edcc22ffb54,60.16762,24.95415,000000006b44cce7,5.41
27212,2019-08-04T12:41:58Z,6fec2e12fc88db6bcc4eb2c81bcfb171de0094ca788c72192002e939,60.15432,24.9211,0000000019fb59c4,27.28
27213,2019-08-04T12:41:58Z,6ff93560ca77c6e5a25bc7441cf33cf7fa0138b3da4d99b2dbf5531b,60.14947,24.91438,000000004ef3150d,16.1
27214,2019-08-04T12:41:58Z,71479e7c1c4fd96468f16800ff04484480c76e0953d2074500b0df31,60.17919,24.95181,000000007b5207b6,25.36
27215,2019-08-04T12:41:58Z,72231bca658d3a16f3bf9c26ba5f13393b8377e4ab0b9ed3de6c811f,60.14699,24.922,00000000a53ed894,18.79
27216,2019-08-04T12:41:58Z,7258219b95343671675733fb0eddcd6791af1b1c0117eb5b1a83e20d,60.16762,24.95415,000000006b44cce7,14.89
27217,2019-08-04T12:41:58Z,733618d50499022af0ec3b91abdc93b6f3f252adb6891da4956ba4fb,60.15432,24.9211,0000000019fb59c4,25.36
27218,2019-08-04T12:41:58Z,733a1032232f4a48e14e263bd18f23dfb55a461b02bc482ba89e1d6e,60.16629,24.95957,00000000fb7600be,38.87
27219,2019-08-04T12:41:58Z,733f21ebebe353e10a55a74b40a0a480e6d276334d4f3d8bcf85b711,60.16075,24.95883,00000000f1124bca,11.7
27220,2019-08-04T12:41:58Z,738ce77abafd1ca6f80e6f28e84d1b1886db4cfda3be6ffcdf52c1b1,60.14699,24.922,00000000a53ed894,18.79
27221,2019-08-04T12:41:58Z,759f94c852ff15ca91c3138913c3858c4801702f8f0514ae82fb2a19,60.16897,24.95222,00000000aa852af1,17.4
27222,2019-08-04T12:41:58Z,7664b7f08aaa059ecf6646a595c33fae0c80715febe63e31f45a4662,60.16762,24.95415,000000006b44cce7,2.54
27223,2019-08-04T12:41:58Z,773cde2fe905572767422dd8f7b13c6579d615ef03314b665c7bf40f,60.16762,24.95415,000000006b44cce7,5.41
27224,2019-08-04T12:41:58Z,777cceac7be6303a1c82f7cc68061528b01e3aa1b3aa6481cad9e5e3,60.16075,24.95883,00000000f1124bca,11.7
27225,2019-08-04T12:41:58Z,77a12194b9a6789f4b2b8c07ae7fce3c2b531cb221e5fa7ca5deae55,60.16897,24.95222,00000000aa852af1,8.38
27226,2019-08-04T12:41:58Z,79bde23c1a8980f93a65e14306f0d8ea89e164430d8b991e2bfee82e,60.16531,24.9442,00000000fdda10fe,11.7
27227,2019-08-04T12:41:58Z,7a0c0b525f2d3eed6c873bd3b8d27bede551fe4a428ac15c23deadae,60.16075,24.95883,00000000f1124bca,20.28
27228,2019-08-04T12:41:58Z,7a4a06d20ebe57d94e5fceeaf47d5b56ad9a515818e9c20e21a80e61,60.16629,24.95957,00000000fb7600be,17.4
27229,2019-08-04T12:41:58Z,7ab335e046f7f3597f8f615a90857885e35cfecefebd5d24bbf0af90,60.16075,24.95883,00000000f1124bca,10.78
27230,2019-08-04T12:41:58Z,7ad93fed82e41ea4422fa101badc698b0328c3ebf0f6b73c5164d438,60.16897,24.95222,00000000aa852af1,16.1
27231,2019-08-04T12:41:58Z,7af6672e274ebe27cdb785373a857fc5bcad92a386c36dbe3221d4f4,60.14947,24.91438,000000004ef3150d,7.05
27232,2019-08-04T12:41:58Z,7b1c2b4a083f1544ffd4b5e2e87ab8a58a7bb64abb0f8ce3e53b2ed2,60.14699,24.922,00000000a53ed894,20.28
27233,2019-08-04T12:41:58Z,7b61dc50070867948abbe5275032ae82e7643ca4158a809fe41a8b69,60.14699,24.922,00000000a53ed894,14.89
27234,2019-08-04T12:41:58Z,7bb67bcf014747e5d826f95c610d36492f31095552417a0864475491,60.14951,24.92138,0000000006dd41f6,16.1
27235,2019-08-04T12:41:58Z,7be762f58d54665c5e6668eb2fb3eae7201522ddff196bbc5eb731f0,60.14947,24.91438,000000004ef3150d,17.4
27236,2019-08-04T12:41:58Z,7c9213d7d9786431a8781a665fa1b7091507aa244d28b85d07a1399a,60.17065,24.93641,000000000f4919c9,27.28
27237,2019-08-04T12:41:58Z,7d9a3d84c09c3a8d6876389e216e0278048d6b924890fb275a078ffb,60.16531,24.9442,00000000fdda10fe,0.41
27238,2019-08-04T12:41:58Z,7e31a4896ab0ff539440898dfabd8305df79869bff52da941016d1cc,60.1538,24.95595,0000000038bf9618,31.5
27239,2019-08-04T12:41:58Z,7e76449e59f1e3a1a615b54408115353fbb14d815390d03a73b1a7bb,60.14947,24.91438,000000004ef3150d,11.7
27240,2019-08-04T12:41:58Z,7ed2e551d72c45a21ee9c859e96198a40adba806b108ca092d03d1d2,60.149,24.9843,00000000fffb8cf0,23.56
27241,2019-08-04T12:41:58Z,7ee87b87cf01698f643e1ba3117b245039edc811605df5dc802e7576,60.14947,24.91438,000000004ef3150d,13.75
27242,2019-08-04T12:41:58Z,7f2f97e26d55f653ed70260ea4f893d01a3984cbdf6d7a3bfb2641de,60.16829,24.94214,00000000afef4555,9.12
27243,2019-08-04T12:41:58Z,7f786ec8e06f1ca3bdd10fc60d0114baf354125b8f6cf796d197f4cc,60.16075,24.95883,00000000f1124bca,11.7
27244,2019-08-04T12:41:58Z,80cbcb887f3e351e3bef7c5f53dccc578cc3494feec514aed7015c0d,60.16075,24.95883,00000000f1124bca,5.41
27245,2019-08-04T12:41:58Z,8164c6a1ba8bb70b66a8eb236262d7f6defe7d476295595f37375f95,60.173,24.92524,0000000096918cfa,17.4
27246,2019-08-04T12:41:58Z,82411c6526228322a61f59259f13adf7cde62bd767587b6735867705,60.17919,24.95181,000000007b5207b6,21.87
27247,2019-08-04T12:41:58Z,83073c017c8293e4b6eab781fbc2147fafa144d33b3618abd1ae5d90,60.17065,24.93641,000000000f4919c9,31.5
27248,2019-08-04T12:41:58Z,83121a75723643c48e3c3b0a3ea5fccb532046432ca445833e8de06a,60.16762,24.95415,000000006b44cce7,0.41
27249,2019-08-04T12:41:58Z,848fe01e24ccc782e5968171f53ea31d28f20a455c45d8bac8fb7374,60.173,24.92524,0000000096918cfa,12.69
27250,2019-08-04T12:41:58Z,849a662d95d4185421aff7c6213ba5d7b84cfc58c9fb30ff34054e4c,60.16075,24.95883,00000000f1124bca,7.69
27251,2019-08-04T12:41:58Z,85d66944a64cfde859e7e08ca4b79f3b39d5b03141d500fe7ce73f7e,60.14699,24.922,00000000a53ed894,7.69
27252,2019-08-04T12:41:58Z,85d67c3be46ecb66832dfd9090a931e1be3dd056f718ea6786622131,60.16897,24.95222,00000000aa852af1,14.89
27253,2019-08-04T12:41:58Z,8822ffe19dec49fe874ac377de5a0504e931e342ecc1f5b1fcb939e5,60.16897,24.95222,00000000aa852af1,18.79
27254,2019-08-04T12:41:58Z,8829e285e51c0d4af122465705662b6c54ff8df31b75e657e5d57b48,60.16829,24.94214,00000000afef4555,23.56
27255,2019-08-04T12:41:58Z,885bcc6af7d0aa9718fe1030e32ffff1de5171ae5ef67cf0011874fb,60.14947,24.91438,000000004ef3150d,9.12
27256,2019-08-04T12:41:58Z,8947a5209f3b32173d3dc72792039edf94a2711741ab041b62b30643,60.16762,24.95415,000000006b44cce7,9.12
27257,2019-08-04T12:41:58Z,896f7e896dc6f1ea44b82bf968a988cc10c358ee34821d9d7a4bd07a,60.14947,24.91438,000000004ef3150d,9.92
27258,2019-08-04T12:41:58Z,8a08b2de43a9ef03cf96610718c908e69dcacc59f536a7135b7bb542,60.16629,24.95957,00000000fb7600be,9.92
27259,2019-08-04T12:41:58Z,8a93ac3ff9f29a5a024811171ed920021c363a5b7688e2c879ab55f6,60.17002,24.94407,000000006b087f40,25.36
27260,2019-08-04T12:41:58Z,8b2db0cf88df127735158a23e876f7746a3f6a8ac67d170ca06d1055,60.1538,24.95595,0000000038bf9618,23.56
27261,2019-08-04T12:41:58Z,8ba6cfc17ca70e8304994e018ebd5eb2003177062cde05925d5cacb3,60.173,24.92524,0000000096918cfa,18.79
27262,2019-08-04T12:41:58Z,8ca0330471c9226b95a7aae64e6a8e47adaf5ddf7efec36a68652f3d,60.16075,24.95883,00000000f1124bca,21.87
27263,2019-08-04T12:41:58Z,8d5672c651968bf1f466b44baefa37f9438850e96140d126f6a99baf,60.16897,24.95222,00000000aa852af1,27.28
27264,2019-08-04T12:41:58Z,8d73f674010f5cb02e8f20251ed86a9afcb7f6b3926039470296bd00,60.17065,24.93641,000000000f4919c9,13.75
27265,2019-08-04T12:41:58Z,8d8a869e83fe2ac29e791666634a33af3ea4048ea4e752b6fb1e238c,60.14947,24.91438,000000004ef3150d,5.41
27266,2019-08-04T12:41:58Z,8de3d516b6cffb3335f9ebec3f6068b693db224f56eae6a50d7c6320,60.16531,24.9442,00000000fdda10fe,25.36
27267,2019-08-04T12:41:58Z,9023a89a49a372e5f97cf86ef1b5de0164eb67cc10d394d383ab75fd,60.16829,24.94214,00000000afef4555,17.4
27268,2019-08-04T12:41:58Z,90d2c337b3629bdc073dbbe6f0793b7bf6f65d63deb77bddf24052a8,60.16897,24.95222,00000000aa852af1,18.79
27269,2019-08-04T12:41:58Z,920dc90f60b295267f63efc8f968408087b71878dc3f49f0ded1c41e,60.17919,24.95181,000000007b5207b6,25.36
27270,2019-08-04T12:41:58Z,92700028c8fe60ef6aa53c329b60cb66d2ba79bee8a8f958d4bd106e,60.16829,24.94214,00000000afef4555,20.28
27271,2019-08-04T12:41:58Z,93a2100e233b204243f7e69b68dea7c9a145d1b5384bd18359bf87a3,60.16531,24.9442,00000000fdda10fe,1.01
27272,2019-08-04T12:41:58Z,93e409819362e2429a43710ff4330bd3ed83011b73ae438dd7fb62d8,60.16762,24.95415,000000006b44cce7,6.46
27273,2019-08-04T12:41:58Z,94237bc673d78a307ecc9da6df18d0b37e632b8cd6709f81081f000a,60.17002,24.94407,000000006b087f40,8.38
27274,2019-08-04T12:41:58Z,9575ef1c44f26f0301d726029c8b1c28011a4724496943451bee6544,60.14947,24.91438,000000004ef3150d,8.38
27275,2019-08-04T12:41:58Z,958ab5fd2d2c7f0c3fe6dc14fe27005fcf35b013db75f708c22a3619,60.16762,24.95415,000000006b44cce7,14.89
27276,2019-08-04T12:41:58Z,9604244c18efd5978b809f021651f7743e0e64da38fcf3718f9b4f93,60.14699,24.922,00000000a53ed894,7.69
27277,2019-08-04T12:41:58Z,97264f5808fa13851dacabf0c98525eec29849ff4b6a744cc777fd5b,60.16075,24.95883,00000000f1124bca,12.69
27278,2019-08-04T12:41:58Z,9736a8a29aee134a307e0cd4221e9b0a2ab7c48befee43fc62e9f9bd,60.14699,24.922,00000000a53ed894,9.12
27279,2019-08-04T12:41:58Z,9862cafd709b75d07c83b397773e0cf33564666cb81814bdbf5e54f2,60.16897,24.95222,00000000aa852af1,12.69
27280,2019-08-04T12:41:58Z,9868033d7f0d18f01d12a4034f37bf5d6e51e5ed9124c68d4b8b8e6c,60.14947,24.91438,000000004ef3150d,9.12
27281,2019-08-04T12:41:58Z,987d01417bcff2d7f663704309df2ebdcdb035da3ddb085fab0cf928,60.16829,24.94214,00000000afef4555,12.69
27282,2019-08-04T12:41:58Z,9885627881a266e5cf401516e009049e859d738e2e019be570f4b4d8,60.16448,24.97323,0000000053c6c2be,11.7
27283,2019-08-04T12:41:58Z,98bb3b6f5e2403b14b8e01616c07b03bb1fd153ded656033d7bd3533,60.16075,24.95883,00000000f1124bca,2.08
27284,2019-08-04T12:41:58Z,992f6feda52c82ad67e40af55b5602bb22411020701998c6bd65faed,60.16762,24.95415,000000006b44cce7,12.69
27285,2019-08-04T12:41:58Z,994b630283c750a0b697359e32c4bd06d5b4a32d2edb6c12cce42b32,60.16829,24.94214,00000000afef4555,7.69
27286,2019-08-04T12:41:58Z,99753600aa90a43c336153dd03985a2996b7bc6052086f503020518c,60.14699,24.922,00000000a53ed894,11.7
27287,2019-08-04T12:41:58Z,9ac4c3176875b59567d28bf01df0c9490620902ff082fd0b93d15cb4,60.18203,24.91341,00000000342570c2,12.69
27288,2019-08-04T12:41:58Z,9bad872c31c8c5e53f064b5367350b41271d45ca8a9e508136622800,60.16897,24.95222,00000000aa852af1,12.69
27289,2019-08-04T12:41:58Z,9c65108fa1e4c7a8b7ec88de2204e7e33756d7988c733db64ea57fda,60.149,24.9843,00000000fffb8cf0,23.56
27290,2019-08-04T12:41:58Z,9e3d4a4b1acd94d2896cd7cf56419110f06ea96faae37aadebd4ec77,60.14947,24.91438,000000004ef3150d,5.41
27291,2019-08-04T12:41:58Z,9ff13c715073d5ad9c464cb67b6de3f703435cf389c32cce5626dfe1,60.149,24.9843,00000000fffb8cf0,20.28
27292,2019-08-04T12:41:58Z,a00b6a1f1a5d615e92ef82c880e4e1a59db4545ba231effacb0ed992,60.16829,24.94214,00000000afef4555,27.28
27293,2019-08-04T12:41:58Z,a1b52cda133b45cf931b9e31d4037fb841f80432e99d6a000beeadc8,60.17002,24.94407,000000006b087f40,20.28
27294,2019-08-04T12:41:58Z,a1f050e0ac80bfdc880bb2c4f9944fc7538bae8f3d4d5abf0d35976d,60.18203,24.91341,00000000342570c2,21.87
27295,2019-08-04T12:41:58Z,a22736c5d66f417bc6b745f51492549dc2e5a3c766f5e7e23f183b41,60.14947,24.91438,000000004ef3150d,7.69
27296,2019-08-04T12:41:58Z,a2ca95bd02445ae4d7fe5befdf572c2b1947f3bbb535543bf921af9d,60.16762,24.95415,000000006b44cce7,27.28
27297,2019-08-04T12:41:58Z,a2e771418a36fc43aa9719d034aa9e3a7a751c5123e4bd33cc2aeea7,60.16531,24.9442,00000000fdda10fe,31.5
27298,2019-08-04T12:41:58Z,a38a21a97a054541f0423f03758c70227116c05254958373e3e93ad0,60.14947,24.91438,000000004ef3150d,12.69
27299,2019-08-04T12:41:58Z,a3d228482bfdd3dbdfaee1ff72b6ac00c2ee8c05e949047ce9117783,60.14699,24.922,00000000a53ed894,9.92
27300,2019-08-04T12:41:58Z,a422a30ec1eb058c7930e1352297c161639faa5b3ca5f5fa47c4adb3,60.14947,24.91438,000000004ef3150d,4.11
27301,2019-08-04T12:41:58Z,a47f8d59e11da7fa47e0cbe518b593e023018f122d5710ffbb775c0f,60.16829,24.94214,00000000afef4555,12.69
27302,2019-08-04T12:41:58Z,a4f416ec0941bb365e3665d7fd224fad15d74225e8ce9f6dd6368bc7,60.17065,24.93641,000000000f4919c9,23.56
27303,2019-08-04T12:41:58Z,a6158fc663b4931ef4e811a4acf62ab2f658241775e200b14684f87d,60.16897,24.95222,00000000aa852af1,20.28
27304,2019-08-04T12:41:58Z,a6427dc4d8e46890c882bb4c8f9f8b923e8e30692db686527bbd7b92,60.16762,24.95415,000000006b44cce7,20.28
27305,2019-08-04T12:41:58Z,a6f944078dd26796f5a849ccb6fdf8a4436f913cf3302597c846462d,60.16762,24.95415,000000006b44cce7,4.11
27306,2019-08-04T12:41:58Z,a7472d1b63171c047444981df223670390009e3ea502132d9963e9fb,60.14947,24.91438,000000004ef3150d,8.38
27307,2019-08-04T12:41:58Z,a794d97e26d3678bb11b4364880414bb7bfac4bb49d1867b37b489f7,60.14947,24.91438,000000004ef3150d,16.1
27308,2019-08-04T12:41:58Z,a8df2631c2442628608c1f0352c896eb532a6ca08c85de2c77360aa8,60.14947,24.91438,000000004ef3150d,6.46
27309,2019-08-04T12:41:58Z,a9383e1c3d9b3355965662ff18ad95dfb64daa5d8e71fc20e7e50df7,60.14699,24.922,00000000a53ed894,13.75
27310,2019-08-04T12:41:58Z,a96e9a3805def174e6ededa93b88ce312739d9d68941dffdeca03e9f,60.16762,24.95415,000000006b44cce7,11.7
27311,2019-08-04T12:41:58Z,aa076c3f0d09145aebbb750dde9849ba4eb6759e92ba5753280184d6,60.16762,24.95415,000000006b44cce7,8.38
27312,2019-08-04T12:41:58Z,aa5773b59ce2bf1eee53e4e77cd3c261465d2ea538c9a85b8de30cd8,60.14947,24.91438,000000004ef3150d,2.54
27313,2019-08-04T12:41:58Z,aa6d51fc5411b69567cb854360c4a81267eac19446946eb27618306a,60.14699,24.922,00000000a53ed894,12.69
27314,2019-08-04T12:41:58Z,ac36860ddd2d60f33c730b2ecc540578d8edcf2c1e8c55e897d76d93,60.14951,24.92138,0000000006dd41f6,23.56
27315,2019-08-04T12:41:58Z,ac93ac0788af8e1b0f20fada4f15ca1ad31f4084b133482d8211571d,60.14699,24.922,00000000a53ed894,14.89
27316,2019-08-04T12:41:58Z,ad8af809ed47a3391bb53d11da159b3a8b0ddc264d94c049ce72bda0,60.17065,24.93641,000000000f4919c9,1.12
27317,2019-08-04T12:41:58Z,ae828cc3f1fa739d818186776cff673c88a05d0f3dedfb4a765a54fd,60.16829,24.94214,00000000afef4555,5.41
27318,2019-08-04T12:41:58Z,ae87b8dd8920695bc9e599874667205991c04e30666d8523f0be4350,60.14947,24.91438,000000004ef3150d,7.69
27319,2019-08-04T12:41:58Z,aec4b11f0b1ec075878ca4a3b94da464f6fc96e330b913d5bfd346b0,60.16897,24.95222,00000000aa852af1,4.5
27320,2019-08-04T12:41:58Z,af2076810e26511562c652d7bb56794c120526dbd4919212167cc3ed,60.16897,24.95222,00000000aa852af1,9.12
27321,2019-08-04T12:41:58Z,af8d59ebae9a22f7ba004eab4dcac2f4560a935bf6a7f9e2ffc0d0af,60.14947,24.91438,000000004ef3150d,14.89
27322,2019-08-04T12:41:58Z,b26a9be85f5fd17ea58397762fa55db3c8f68fb709d586d61527c892,60.16829,24.94214,00000000afef4555,7.05
27323,2019-08-04T12:41:58Z,b27b090bd1bd9828dcb6ddbd0a1394e4aa097974747dff90ba0eff71,60.16897,24.95222,00000000aa852af1,17.4
27324,2019-08-04T12:41:58Z,b286a5ad73d5284539b414851f27f57c421773f33f9fc564c7200c36,60.16762,24.95415,000000006b44cce7,18.79
27325,2019-08-04T12:41:58Z,b2a01c2a06c3cf1a48333e58e787d9eaf2f975a738c02878220d7774,60.16829,24.94214,00000000afef4555,13.75
27326,2019-08-04T12:41:58Z,b2b344932a455663bb9c15f518950a54e05393ddfca54e5cc094e89a,60.16829,24.94214,00000000afef4555,14.89
27327,2019-08-04T12:41:58Z,b3d99c04e3db6b698e6e54f19434461336954d0c15385bff6e557be8,60.173,24.92524,0000000096918cfa,18.79
27328,2019-08-04T12:41:58Z,b41cc64d7ab4e16a03573bdc3b5863c4b402ec66c7780c7900c02877,60.16829,24.94214,00000000afef4555,9.12
27329,2019-08-04T12:41:58Z,b523d3f8341906e4b3877ff7d9614b4e10d6bbf10afdcc6c53656c8f,60.17065,24.93641,000000000f4919c9,31.5
27330,2019-08-04T12:41:58Z,b670feb17d43bf7c9bfc6b8236bd8f240defd4d2f9c402ce52a406a4,60.16897,24.95222,00000000aa852af1,7.69
27331,2019-08-04T12:41:58Z,b7039958be9f53a3eaed97f705a1974815f52f25226e920155397bec,60.16075,24.95883,00000000f1124bca,14.89
27332,2019-08-04T12:41:58Z,b7867e052453c9caa213f48b033624b744187f4cd77c2418cf9d7b79,60.14699,24.922,00000000a53ed894,21.87
27333,2019-08-04T12:41:58Z,b8201571cb5ac01b7db7af4fba6c7ff58336a3f03d0fe13edf985c41,60.173,24.92524,0000000096918cfa,27.28
27334,2019-08-04T12:41:58Z,b82ba472f0cb919b39c31b9c737f1608f6a31ffa63352768f9fa12ea,60.16829,24.94214,00000000afef4555,5.41
27335,2019-08-04T12:41:58Z,b936adc4821ac74aa643564d0b86e3858f1ec392e3f43e92427d7edc,60.14699,24.922,00000000a53ed894,12.69
27336,2019-08-04T12:41:58Z,ba9825bb3cfae6aeb29833f0a11189802065c73f8e541b2bcb5b572f,60.14699,24.922,00000000a53ed894,20.28
27337,2019-08-04T12:41:58Z,bb0193f2b0ac4801fe82ed5cec75e687465d707d92e731047f81650f,60.1538,24.95595,0000000038bf9618,1.12
27338,2019-08-04T12:41:58Z,bbe1e18f88cf88928067a0221965768c1f2ae264291cea564d7eb7e8,60.16897,24.95222,00000000aa852af1,27.28
27339,2019-08-04T12:41:58Z,bbe7947ea50de5986f237ccab5782ddb55c199ad6a81e8f692670d0c,60.16829,24.94214,00000000afef4555,12.69
27340,2019-08-04T12:41:58Z,bbeaad18acdd3a2602aa5b07ab6ae8df489cb499c4490b3e6f561a5e,60.16544,24.95398,0000000038d83d41,10.78
27341,2019-08-04T12:41:58Z,bbf8cd606b9732370f1c0ae0e68d6d0663a23102d831dd10c0e74819,60.16897,24.95222,00000000aa852af1,17.4
27342,2019-08-04T12:41:58Z,bc07df8cc395f6f4f5d483b2233caca5f93a6918f346e4cc3702f8cc,60.16531,24.9442,00000000fdda10fe,16.1
27343,2019-08-04T12:41:58Z,bc478512e217b12ec7e01e1ce8247d394a57fb0c0cc72940f562adc2,60.17065,24.93641,000000000f4919c9,25.36
27344,2019-08-04T12:41:58Z,bd33b7ad8d89c8c1958de09b4900b5ebc62ed61b9decf094268b04d0,60.16762,24.95415,000000006b44cce7,12.69
27345,2019-08-04T12:41:58Z,bddca8fc17056f9f207a259070e281eedf4cea3e8e22093b88bbd7b5,60.14699,24.922,00000000a53ed894,11.7
27346,2019-08-04T12:41:58Z,bdff3780e8c8abfdca39eab1fa9d3bfc75b96e015b7c6ea951de3215,60.14699,24.922,00000000a53ed894,21.87
27347,2019-08-04T12:41:58Z,be3899e685ec11f99f7112d4c7cddf57b9c9edeed8394ef9c49ede71,60.17002,24.94407,000000006b087f40,21.87
27348,2019-08-04T12:41:58Z,bebf1edb9736fe66391376c4cf2a3033ab9fa83ae21f86b66392e2d0,60.16762,24.95415,000000006b44cce7,12.69
27349,2019-08-04T12:41:58Z,bf2e5725b255e320f1e8375ec03f55194f1fd9f751be9629d873a5c8,60.14699,24.922,00000000a53ed894,3.09
27350,2019-08-04T12:41:58Z,c0722f63618f97eb8ec4afac1a8538b81a3c87e623d753ad1201bf7c,60.16075,24.95883,00000000f1124bca,4.5
27351,2019-08-04T12:41:58Z,c1e4323d2276cb6e358f5fabb123294e7a0ef87e7169f3cccc8f2e03,60.16075,24.95883,00000000f1124bca,23.56
27352,2019-08-04T12:41:58Z,c22d0093a8d103f59838ad43218fa834e328847e5094bcb2e98d5307,60.16829,24.94214,00000000afef4555,10.78
27353,2019-08-04T12:41:58Z,c25db2e7a7b685e41480c3c47352c0ed5e57e4cb99af3ff5b5a611d7,60.16829,24.94214,00000000afef4555,21.87
27354,2019-08-04T12:41:58Z,c261834e6d2c1bd9adddb82d8c6ce2d8aad82a89e32da62f3fcc6063,60.16075,24.95883,00000000f1124bca,4.11
27355,2019-08-04T12:41:58Z,c36d58ed0e0dddb3e26be1214e369db1c3fa3d4bcf8b53536a25239b,60.17065,24.93641,000000000f4919c9,4.11
27356,2019-08-04T12:41:58Z,c3be6dcc2c0542676c20d28ce38adbe2c0b9be09caa3f22e60210636,60.16075,24.95883,00000000f1124bca,2.54
27357,2019-08-04T12:41:58Z,c3e5ee20ca76f7347fda00c4c2fdee291bc6d843a879b26fbdd70390,60.17065,24.93641,000000000f4919c9,16.1
27358,2019-08-04T12:41:58Z,c633a260ce59bad4e1ca42f12936ed8ae57a40f5e6528dfb70052c43,60.16897,24.95222,00000000aa852af1,9.12
27359,2019-08-04T12:41:58Z,c87da10aff699f66ab177faaafcbfb29044be17a0cdcd0770f99f6f0,60.17065,24.93641,000000000f4919c9,25.36
27360,2019-08-04T12:41:58Z,c905a50dedd9b3d2114cde9160b7adf83adc09683b65598ce24c4047,60.1538,24.95595,0000000038bf9618,23.56
27361,2019-08-04T12:41:58Z,c97b3360abfc936c8c1053f560fe0741f7b1f188b598e2f8b96456f6,60.16762,24.95415,000000006b44cce7,12.69
27362,2019-08-04T12:41:58Z,c9822d9c012b25f745a2934c523f3c9e6db75fbe3f5e673475813381,60.15432,24.9211,0000000019fb59c4,9.12
27363,2019-08-04T12:41:58Z,ca507a06be040b3e520339b63d5bd15463a1862124c4bd940d936e4a,60.16762,24.95415,000000006b44cce7,13.75
27364,2019-08-04T12:41:58Z,cad80f69731ad65f7f14bf400d674e0c42de462bd42db112c9d9f261,60.16075,24.95883,00000000f1124bca,17.4
27365,2019-08-04T12:41:58Z,cb3f05d5604f5532e039e6d40514b13aba8f6274d952bb17a8b801fc,60.15432,24.9211,0000000019fb59c4,20.28
27366,2019-08-04T12:41:58Z,cbc336691f17a9c508549e03d522166247a0cd0a944321c1a7d15525,60.14699,24.922,00000000a53ed894,16.1
27367,2019-08-04T12:41:58Z,cc2cf42c6b14536fb92c810ff0e3dd5a3caa74236f14246a5b6e8cdc,60.16762,24.95415,000000006b44cce7,5.91
27368,2019-08-04T12:41:58Z,cce519499646f89fa1cbd7a6bb694401fa6c081e9ced8642718b392f,60.16762,24.95415,000000006b44cce7,18.79
27369,2019-08-04T12:41:58Z,cce6b6f309e43e2bb1be6a9784582a82891e976d0869d01040586d27,60.14947,24.91438,000000004ef3150d,3.74
27370,2019-08-04T12:41:58Z,cd2346f3db5667fe43eb0d974ddf486ce9722fe427e98ee232d1ba12,60.14951,24.92138,0000000006dd41f6,17.4
27371,2019-08-04T12:41:58Z,cd3e127e27387b6e06cdf27f46fb6046e4182e4d7b49b49c17167c1c,60.14947,24.91438,000000004ef3150d,23.56
27372,2019-08-04T12:41:58Z,cd4867e8bfd7af028b5546f9acfa77ecb7ff107d7c09d62186ecbbd7,60.16075,24.95883,00000000f1124bca,13.75
27373,2019-08-04T12:41:58Z,cd4ecd3b83630f6e5d65f635804e47a1ceb82853aac36af30044f06a,60.149,24.9843,00000000fffb8cf0,23.56
27374,2019-08-04T12:41:58Z,cd9b2be9ffb37c8b7c5c25f587c95b1c7932a21fb245487ea2f740d9,60.14699,24.922,00000000a53ed894,12.69
27375,2019-08-04T12:41:58Z,ceb777dafa9b7e39125b89735b7f0cf22c3018eb0196043ac8160370,60.14699,24.922,00000000a53ed894,14.89
27376,2019-08-04T12:41:58Z,ced0425d382ce86b7565a8b7b36a453a0880a08ba10090524e6c1ac5,60.14699,24.922,00000000a53ed894,11.7
27377,2019-08-04T12:41:58Z,cfa42322be0000cf89d8969d1b88ace0ba99cab721dd58d55d41a36e,60.17065,24.93641,000000000f4919c9,14.89
27378,2019-08-04T12:41:58Z,cfc2a688ff31fbb1baac8790fb6d56dc7746ba2cf9e0e5f39d4751a4,60.14699,24.922,00000000a53ed894,3.4
27379,2019-08-04T12:41:58Z,d098b9b5b30c5fcd4ae8a2b8bc761df72829713d3ae919634876d349,60.14699,24.922,00000000a53ed894,11.7
27380,2019-08-04T12:41:58Z,d0aa228c2a3e6e1568e876cffc76874702e0f0f63f18533551bf02c1,60.16075,24.95883,00000000f1124bca,17.4
27381,2019-08-04T12:41:58Z,d0cab2a2660dcc5cb99a9bdf39d2e6b31b7498985db1b50e48cb478d,60.18203,24.91341,00000000342570c2,21.87
27382,2019-08-04T12:41:58Z,d150c7aba4e7419f0ddd187392a9c2a429f44fa82535fb594c48ff55,60.16897,24.95222,00000000aa852af1,8.38
27383,2019-08-04T12:41:58Z,d3c0cff604283ea6adeabb4f867f3fcaf8ee41fd27fc600d33c4d70d,60.16075,24.95883,00000000f1124bca,27.28
27384,2019-08-04T12:41:58Z,d64eda229ebb6012e59bc89eacb74918e404ce52f16b491f3d48e800,60.16897,24.95222,00000000aa852af1,5.91
27385,2019-08-04T12:41:58Z,d75c412090c347ad7fca9287bcc4eb9bfb757dc7c1725109861dd93e,60.16629,24.95957,00000000fb7600be,11.7
27386,2019-08-04T12:41:58Z,d87210146aab139cc6640a20b428dce6ac516806a71a177b70e04f62,60.17065,24.93641,000000000f4919c9,11.7
27387,2019-08-04T12:41:58Z,d8983a8fe916583702bb776d3d8d3cbbe9e78778fd44d07c52ad1f2d,60.14699,24.922,00000000a53ed894,13.75
27388,2019-08-04T12:41:58Z,d8e7e8b511d1123d1389cf08abbfa54b2b38e1824598b88008356c33,60.16897,24.95222,00000000aa852af1,5.91
27389,2019-08-04T12:41:58Z,d9850522e3aa6a2204b3237b8fe0044f41732a79a88cfc4b4811bcad,60.18203,24.91341,00000000342570c2,25.36
27390,2019-08-04T12:41:58Z,da0c40291d3ace2273a08e3c9b87cbc15b0f03d0dba61e7c5a88dc0c,60.15432,24.9211,0000000019fb59c4,29.32
27391,2019-08-04T12:41:58Z,da667dfa2d8a272a7398e186de027fabd2052052c0aad767a1c7d966,60.16897,24.95222,00000000aa852af1,17.4
27392,2019-08-04T12:41:58Z,da79bc3a154be3d65c15bbffd0b895193ffd8167bba8a96ad28308e5,60.16762,24.95415,000000006b44cce7,16.1
27393,2019-08-04T12:41:58Z,daac051ca20430238282e179e0fe525b11ff1e8f1ace26d45b41f331,60.14947,24.91438,000000004ef3150d,20.28
27394,2019-08-04T12:41:58Z,db6993de0692cf79ab1b8e7d86e4b5832d11f57f026a6eb339f977bf,60.14699,24.922,00000000a53ed894,6.46
27395,2019-08-04T12:41:58Z,dbf9f0495974591badcee3fcfc1b5eb718b26de86aaf486c351ad084,60.14947,24.91438,000000004ef3150d,6.46
27396,2019-08-04T12:41:58Z,dc439ef81c2abfb840e3ab145f2b944aae18a1beffd3eb47de845b9c,60.16531,24.9442,00000000fdda10fe,27.28
27397,2019-08-04T12:41:58Z,dcec4c4fb70c5f7dd0f408b6499f8c5ab0c2e9ff2b6d0fb082eba391,60.16075,24.95883,00000000f1124bca,20.28
27398,2019-08-04T12:41:58Z,dd4d709c749e6cfcf1531575846683d4ca730e850e17c6dd39252f8e,60.16075,24.95883,00000000f1124bca,4.5
27399,2019-08-04T12:41:58Z,ddc8410b9e4ece4b995b789f95e526693bac176ed77092ba57355dc8,60.16762,24.95415,000000006b44cce7,1.7
27400,2019-08-04T12:41:58Z,de09fd8d15c3d7adbf440a3d0a418a3b476513c968bda8a4aa652adf,60.173,24.92524,0000000096918cfa,25.36
27401,2019-08-04T12:41:58Z,de3fe5f63e74a582e06c8cb02e6128d6013827015ba3e2fe93082977,60.17002,24.94407,000000006b087f40,29.32
27402,2019-08-04T12:41:58Z,de84f754a3916c8f831b0bb8ea41fc2a42cdea2794558fece3c7ae97,60.1538,24.95595,0000000038bf9618,18.79
27403,2019-08-04T12:41:58Z,e02c0f9f72e9f248a4b5df8af328e1a0132d4d8a72c1e603d14cdacd,60.18203,24.91341,00000000342570c2,16.1
27404,2019-08-04T12:41:58Z,e0df847c19b463dec6cea35494d375ce136a276c6a785936c931f60f,60.18203,24.91341,00000000342570c2,25.36
27405,2019-08-04T12:41:58Z,e0e938d5ab6fe3b13270163cd8a4e531dfae4b24ff98ab7e4277114c,60.14947,24.91438,000000004ef3150d,12.69
27406,2019-08-04T12:41:58Z,e0ff1e75104c5dfa3549647c238569888e353e1322256a5c6979de0b,60.14699,24.922,00000000a53ed894,5.41
27407,2019-08-04T12:41:58Z,e1a443e10353da64728464e8a720aaf22a62b80d404f1acae1a1c6ee,60.1538,24.95595,0000000038bf9618,23.56
27408,2019-08-04T12:41:58Z,e23a6115ba872037f9b5066c9c9c966b497f449e32a2c9ceb0e55497,60.16829,24.94214,00000000afef4555,6.46
27409,2019-08-04T12:41:58Z,e2d7945f2c60a0d0622aef6a266620cf09df2e3a66baf2d303464c90,60.1538,24.95595,0000000038bf9618,29.32
27410,2019-08-04T12:41:58Z,e341e5e3e0b4fef8c3764508293310da5922b202d791694e43069ad1,60.16544,24.95398,0000000038d83d41,20.28
27411,2019-08-04T12:41:58Z,e34bcebfa007159f3d2adb0e62e20fcf721a221f52bdfe2a6ad77831,60.18203,24.91341,00000000342570c2,16.1
27412,2019-08-04T12:41:58Z,e447e76c7b53157c11d5bfeb172c27332c81b5ec7f263badf5507888,60.149,24.9843,00000000fffb8cf0,17.4
27413,2019-08-04T12:41:58Z,e621e7131322cca25ac9c09fde26ef4c94d2ba83c5679134b2bcf63d,60.16762,24.95415,000000006b44cce7,14.89
27414,2019-08-04T12:41:58Z,e6f7965f2ef456f61121bcce5e466f125192e511c2af72d901307e8e,60.16762,24.95415,000000006b44cce7,11.7
27415,2019-08-04T12:41:58Z,e764c71787bfa606c5c782497e3328f680577e3032027962db0542a2,60.149,24.9843,00000000fffb8cf0,16.1
27416,2019-08-04T12:41:58Z,e7cd5f775c7eea951719f351fcc25c710f857832d6f4b70a51b7b82d,60.16897,24.95222,00000000aa852af1,9.92
27417,2019-08-04T12:41:58Z,e826dedac8582e619ce18cd7eed68be5ee1fc9ed37e191e06f916835,60.14947,24.91438,000000004ef3150d,7.69
27418,2019-08-04T12:41:58Z,e9115410fa45db5a174eee008cae729dc69937a0e0b5a304899bf1b9,60.17065,24.93641,000000000f4919c9,21.87
27419,2019-08-04T12:41:58Z,e92eb020afcd7c1fad04690230ff8c2f005e404dd25b8dced1df30dd,60.16075,24.95883,00000000f1124bca,12.69
27420,2019-08-04T12:41:58Z,e9e19621fc5cfcfed2c808bbadc6cc6dd31e28d3c04cef8b89ca2729,60.16075,24.95883,00000000f1124bca,16.1
27421,2019-08-04T12:41:58Z,ea157e44ed100be3f782d8b3d8e5e0986079c588c9ea754b14917df0,60.16829,24.94214,00000000afef4555,1.88
27422,2019-08-04T12:41:58Z,ea2f4d9799324f4cd2a6fcda1625b65acdbab9f6b8331c26f63beec2,60.16897,24.95222,00000000aa852af1,16.1
27423,2019-08-04T12:41:58Z,eb6541383f8b12fc5476e5e2bc406933edfd211f49a1bbb93f323fa0,60.14699,24.922,00000000a53ed894,17.4
27424,2019-08-04T12:41:58Z,ec424a10bcefb6e69c2eabf42534f06e7a10aa0cfb28f6478052cade,60.14699,24.922,00000000a53ed894,10.78
27425,2019-08-04T12:41:58Z,ed70712277756192c688e0f4d7620cdb33803ab3e0cc7c180c3efd23,60.15432,24.9211,0000000019fb59c4,17.4
27426,2019-08-04T12:41:58Z,eed1c3b93e33ab3a4802db427c8c197c0fbad358e039b6ea8c8af07b,60.18203,24.91341,00000000342570c2,18.79
27427,2019-08-04T12:41:58Z,ef352dcaa8317b6a3c0a02cd8908dd13da5601cc66ba65c5fd8d031a,60.14947,24.91438,000000004ef3150d,10.78
27428,2019-08-04T12:41:58Z,f062cb52d49926a4fb39f723275ed60ab6c0f3bf34e0c3f9d233b7b8,60.14947,24.91438,000000004ef3150d,14.89
27429,2019-08-04T12:41:58Z,f15b72a3aad411d2f8a70b41c4f62ad2d744d064d42ec00c71a18ac5,60.16762,24.95415,000000006b44cce7,2.3
27430,2019-08-04T12:41:58Z,f1e73fa6dab8e8a2db6d7515f601fac161f17c34beb84aa55e812a9e,60.16762,24.95415,000000006b44cce7,0.84
27431,2019-08-04T12:41:58Z,f20f951802c722181f0e90095001c49e73f84049bb105b95c97049d1,60.17918,24.95141,00000000675d5200,18.79
27432,2019-08-04T12:41:58Z,f2deba4ef84dbbc8c5d8524f6e2311183003bce4f9bfa6aef5b5ef66,60.14947,24.91438,000000004ef3150d,11.7
27433,2019-08-04T12:41:58Z,f39827c3c7f4c833d1118043492f78e3255b6da9f4a2c000041d9b61,60.16829,24.94214,00000000afef4555,9.92
27434,2019-08-04T12:41:58Z,f5f7cfe177dfb0b7ebba2419ae53f70b6b5690dd98d98586004a9107,60.149,24.9843,00000000fffb8cf0,16.1
27435,2019-08-04T12:41:58Z,f66767381dd8d1bf0e53c7bb920dd23845902ad04a03ab1134a70b11,60.173,24.92524,0000000096918cfa,21.87
27436,2019-08-04T12:41:58Z,f796c9efc581b25280d4b416f8ba3aecca6ddf083e7bdad05f6e595e,60.14699,24.922,00000000a53ed894,8.38
27437,2019-08-04T12:41:58Z,f7f0caf73572bea3c08b592eeb9655b2668cfb16fd8840ca5619d84a,60.14699,24.922,00000000a53ed894,4.5
27438,2019-08-04T12:41:58Z,f868d87b5d5a7094b60a131cd3e120c25787ebf751f7c93640b34942,60.16897,24.95222,00000000aa852af1,13.75
27439,2019-08-04T12:41:58Z,f8921b07c5b509c95015ee48304dcbb9b43fc2b579459b8efd3731fc,60.16897,24.95222,00000000aa852af1,18.79
27440,2019-08-04T12:41:58Z,f97bd6b766461dd4066a8fde3d7dfed9d1027ff23973200a005458cd,60.17002,24.94407,000000006b087f40,8.38
27441,2019-08-04T12:41:58Z,f9a7057352731d27889cbd388be5902a6e62b297a3467232e8e47094,60.16762,24.95415,000000006b44cce7,16.1
27442,2019-08-04T12:41:58Z,fa96854324adae88abb35afa34b2393a20338bfd8fc9602d3ce6ae8d,60.14947,24.91438,000000004ef3150d,6.46
27443,2019-08-04T12:41:58Z,fadc39da3cd26ac621092fbbff224b95bb13446c8d24bbf4f3e50e90,60.14947,24.91438,000000004ef3150d,2.8
27444,2019-08-04T12:41:58Z,fc5c517b4bcaf5e392ff920858d70ed6c59751b0934ce3dbe372996e,60.16829,24.94214,00000000afef4555,9.92
27445,2019-08-04T12:41:58Z,fc618d570293e104f3bf927312641e3b7c65acce185b1614337d848c,60.16829,24.94214,00000000afef4555,29.32
27446,2019-08-04T12:41:58Z,fd77161cf9715d9d0f922cf45e79e5d9b9debef5113cb32a4f82ef76,60.16762,24.95415,000000006b44cce7,4.94
27447,2019-08-04T12:41:58Z,fe5ca86c906b1cb3bf9dd257ceefc562e41da499878f1074484f7d42,60.14947,24.91438,000000004ef3150d,9.92
27448,2019-08-04T12:41:58Z,feb399897846bc34dc3f4b06ac4ef0ffb0db885977b88e5c5fdb7350,60.14699,24.922,00000000a53ed894,25.36
27449,2019-08-04T12:41:58Z,feef8514003d83f6df23d1f12c4f5c23c5605b684b459e94f0e6e6da,60.16448,24.97323,0000000053c6c2be,21.87
27450,2019-08-04T12:41:58Z,ff4f3e0f964f23b97e88626f7a506bb4409718931712c58ce0f247af,60.16762,24.95415,000000006b44cce7,7.69
27451,2019-08-04T12:41:58Z,ff8d5b9e61bd912b13b664db8ef2919e1f515ca3b20ae67f532a5c8a,60.16762,24.95415,000000006b44cce7,3.4
27452,2019-08-04T12:41:59Z,002609eccfa6482109fb43966e0153bf6f371425cf715e49925348dd,60.14699,24.922,00000000a53ed894,16.1
27453,2019-08-04T12:41:59Z,03e0fc996a589ccdf1871b3c78e089c08c93ba1f2a02d740fb384aac,60.16531,24.9442,00000000fdda10fe,29.32
27454,2019-08-04T12:41:59Z,07d86ad98399440d0cc3bd3382a7256feb971e49a3686dc17f532e1c,60.16829,24.94214,00000000afef4555,11.7
27455,2019-08-04T12:41:59Z,0dd09efc9717b508a52eb5196698ac7acffb325c836e14f240e56313,60.14947,24.91438,000000004ef3150d,7.05
27456,2019-08-04T12:41:59Z,1142f5b6806b1ec7d8d47d47013eb530d8a7418f6934d8867b20966a,60.16829,24.94214,00000000afef4555,25.36
27457,2019-08-04T12:41:59Z,14c7e1511b70f4dd3359cbece1377aebb4d70531f5489eefe53d7c3c,60.16544,24.95398,0000000038d83d41,27.28
27458,2019-08-04T12:41:59Z,1599d2c9070a6f05e1a5887c2d9209214c04818c6203fe75440734f2,60.1538,24.95595,0000000038bf9618,23.56
27459,2019-08-04T12:41:59Z,165ebbb4090d47319ae370f0d0854fdc1f6b79499f8b2e4d3c3533c0,60.16544,24.95398,0000000038d83d41,31.5
27460,2019-08-04T12:41:59Z,1e7ea410376fbdb3f3c476c76d23abad5d830690f78f71ea06f7e321,60.16075,24.95883,00000000f1124bca,6.46
27461,2019-08-04T12:41:59Z,211f6b7b044343d0be369791b3fa3c144d0d0f391e2a42787712efb0,60.16448,24.97323,0000000053c6c2be,13.75
27462,2019-08-04T12:41:59Z,25a7ff811c3c06e426c7c2cbb0433d9a2a3399b23afecbd35584ab0f,60.18203,24.91341,00000000342570c2,10.78
27463,2019-08-04T12:41:59Z,2603b5aecd8f219a410e558446935308ecabb09a6c9e5b38533728ff,60.16829,24.94214,00000000afef4555,13.75
27464,2019-08-04T12:41:59Z,2d3d031189abfaea69cd551a97b2b2d056a908f19bc56701010a2304,60.16897,24.95222,00000000aa852af1,11.7
27465,2019-08-04T12:41:59Z,315af4a829b592ba99b203b8ed2cbd499769f8752dfe6de7da4ee929,60.16829,24.94214,00000000afef4555,13.75
27466,2019-08-04T12:41:59Z,4317f5904a5e6ae921bf743dd534c803083fd90b15a1245881beeade,60.16897,24.95222,00000000aa852af1,21.87
27467,2019-08-04T12:41:59Z,43b676ed3aef4c2d8846694817e76117873be52e7f788e0cb366c1c4,60.16629,24.95957,00000000fb7600be,25.36
27468,2019-08-04T12:41:59Z,44d0b94469070803869f229601e877beb613c3f5aafa009addf97a1a,60.16544,24.95398,0000000038d83d41,20.28
27469,2019-08-04T12:41:59Z,5d65719c4cbf045f068d084b72302f447d5fd034413d97d13be00d0e,60.18203,24.91341,00000000342570c2,21.87
27470,2019-08-04T12:41:59Z,5eed115a984d490b02b602d73787aee8dc8c4e9365b77fbff3818a76,60.16629,24.95957,00000000fb7600be,17.4
27471,2019-08-04T12:41:59Z,5fecff186138a9b3e31c6086c33dcd5f1d209e64f0afeed7c688cab0,60.16897,24.95222,00000000aa852af1,18.79
27472,2019-08-04T12:41:59Z,62419d6b1578f35e5e56573669f6605d71e40584ee69bdddf2885e3f,60.16829,24.94214,00000000afef4555,20.28
27473,2019-08-04T12:41:59Z,653a92a7828f2c43bc74899753f872e8b93c30b6fb419b651a94bbc1,60.16897,24.95222,00000000aa852af1,14.89
27474,2019-08-04T12:41:59Z,69219e9efa41ae9e732653e9eaf08e1a34cb853a9dafe76ddeea4d04,60.16897,24.95222,00000000aa852af1,16.1
27475,2019-08-04T12:41:59Z,6a70e2fbced719333e21eff04fcb9cb36bae9a04d1a3d6ddd96f2c58,60.15432,24.9211,0000000019fb59c4,7.69
27476,2019-08-04T12:41:59Z,6f06341f358e61699fe1e55e986dd0554bc8da28b91daf0c5ad99db6,60.16629,24.95957,00000000fb7600be,16.1
27477,2019-08-04T12:41:59Z,70d8572458a1a103555bab897b6443e601e0ed211414b15ad0b56f60,60.16544,24.95398,0000000038d83d41,29.32
27478,2019-08-04T12:41:59Z,737efc92e3419e9d96a8559ec341ea7e18ba6381fd8e4de3d06f82a0,60.14699,24.922,00000000a53ed894,23.56
27479,2019-08-04T12:41:59Z,7678cdb86d454ca9ae52f22d97e635106585a3a046d01da4463695cc,60.18203,24.91341,00000000342570c2,20.28
27480,2019-08-04T12:41:59Z,85ef35aecf2ff804be3d958b592705ec41c6df9c128c132c65bb283d,60.16897,24.95222,00000000aa852af1,27.28
27481,2019-08-04T12:41:59Z,87dfaad29a9276ddddb1fa021d3bc23ad14824c1af16f7d87e713689,60.14951,24.92138,0000000006dd41f6,11.7
27482,2019-08-04T12:41:59Z,88808fe92573e9cdf022cc15b9689b6b4b9429f60513c8897b0ba4c7,60.16897,24.95222,00000000aa852af1,14.89
27483,2019-08-04T12:41:59Z,9843c6216661048343a0e49cf3d8aa2883cf77f452666a1c873a1052,60.16448,24.97323,0000000053c6c2be,12.69
27484,2019-08-04T12:41:59Z,99e2e374006ef5e33260626b9ce7146f90689eab11436fee95e12f96,60.16075,24.95883,00000000f1124bca,25.36
27485,2019-08-04T12:41:59Z,acd2647d413f41552b31b6e383da445c8902bc2a764d2b7791a7b164,60.16762,24.95415,000000006b44cce7,27.28
27486,2019-08-04T12:41:59Z,af807b67ce09a2ce1744025c421961213f1608ca658ece4df69555a1,60.16762,24.95415,000000006b44cce7,13.75
27487,2019-08-04T12:41:59Z,b5fd6b317890e5ab2d79e2cd1abe61626d45a753c7337d0d40728898,60.16762,24.95415,000000006b44cce7,9.92
27488,2019-08-04T12:41:59Z,b6768ae226a93bce23852414e20866c7413513d067579c03ea883dfa,60.17065,24.93641,000000000f4919c9,12.69
27489,2019-08-04T12:41:59Z,bb98768dad0f7c52cf643f035a3e7e48f5cfe28557c66f2a75914b31,60.14699,24.922,00000000a53ed894,11.7
27490,2019-08-04T12:41:59Z,bcb0201b0a1edf350ae2f681076e7d2d48ebd94c075bd3ca59552020,60.16897,24.95222,00000000aa852af1,9.12
27491,2019-08-04T12:41:59Z,c175b4269517070a33be84e85a4b8b23c3bb430ff6c31b121ac1603f,60.16762,24.95415,000000006b44cce7,7.05
27492,2019-08-04T12:41:59Z,c40c37def6bf11a63a2556519a7c6233fd417cdeea2cf14f28e7c42c,60.16531,24.9442,00000000fdda10fe,21.87
27493,2019-08-04T12:41:59Z,ca6927628f5ddda20036865c9345ad93d476d62ade3b181de568eed6,60.16897,24.95222,00000000aa852af1,20.28
27494,2019-08-04T12:41:59Z,ce197d5eedb5498917afe7ca3f7275ffeb191f0c5d050bffa154c1d2,60.16531,24.9442,00000000fdda10fe,29.32
27495,2019-08-04T12:41:59Z,cf05623e4d87ce0906c0b0b7dbf53aacc1228016cd27c341228b6e76,60.18203,24.91341,00000000342570c2,17.4
27496,2019-08-04T12:41:59Z,cfc0bedb78ded52749db3188cb188bf6a250ef5990da9c5afa9623fc,60.14951,24.92138,0000000006dd41f6,20.28
27497,2019-08-04T12:41:59Z,ded49640b591e73bff71f84fb99d2739eb6c9554164a015017725e03,60.16829,24.94214,00000000afef4555,20.28
27498,2019-08-04T12:41:59Z,e764c1a69976425ee9c1982ca445db7a575a9d610bcb2215eeb2a728,60.14947,24.91438,000000004ef3150d,23.56
27499,2019-08-04T12:41:59Z,e8e366e76c97944e23c0f80b4fd3ce6e5832744922297146a49f0c7e,60.16762,24.95415,000000006b44cce7,10.78
27500,2019-08-04T12:41:59Z,e96bd269a48b822b06141c3362fcb6d5ed4d0d09a120f2e4a712d5c2,60.16897,24.95222,00000000aa852af1,13.75
27501,2019-08-04T12:41:59Z,f088630d7476dae7d4b7e2bb1f10575f2c89acb4b6e061f3d57c2b40,60.16531,24.9442,00000000fdda10fe,50.98
27502,2019-08-04T12:41:59Z,f405a7c4a3a4339f8e3f7e552f6492d6eed76f7d08c54943286213de,60.16762,24.95415,000000006b44cce7,16.1
27503,2019-08-04T12:41:59Z,f45ac1642ec7d40985b62d31f6c0f51f392a33080c7dc1f686f90067,60.1538,24.95595,0000000038bf9618,27.28
27504,2019-08-04T12:41:59Z,f6609ab1076b1105bb845595a03b41b8fbb282f79c337df5bbc9f841,60.14699,24.922,00000000a53ed894,11.7
27505,2019-08-04T12:41:59Z,f94dddacf96965952551200a02b41925bcd21402aceafb12f19931af,60.16075,24.95883,00000000f1124bca,7.69
27506,2019-08-04T12:41:59Z,fc4f3a44235f1cfc7b53f14ba2da599976a5a0a220d23b852688e485,60.17919,24.95181,000000007b5207b6,21.87
27507,2019-08-04T12:41:59Z,009ad4cd2bd97e04da44cc9789e6bdbdb899eded61d05b7d5634b7be,60.16829,24.94214,00000000afef4555,18.79
27508,2019-08-04T12:41:59Z,00a07b1f8113691d8475c54082a14cdd54decf9845a90e75df8031a6,60.17065,24.93641,000000000f4919c9,27.28
27509,2019-08-04T12:41:59Z,010298d620fbe80ab4f46c866c215217b2bf1fd12a2a67b9e56b4ce8,60.16829,24.94214,00000000afef4555,14.89
27510,2019-08-04T12:41:59Z,02a0c11101d94209b1945b117fe2f6c2e93cec0c5c8eb0d847b655cf,60.16531,24.9442,00000000fdda10fe,27.28
27511,2019-08-04T12:41:59Z,032e5d7621738a50c9e742e0cba13c819f7c67cedf8687f3ab25595c,60.16762,24.95415,000000006b44cce7,7.69
27512,2019-08-04T12:41:59Z,033759f09b97a9347fd7852dbc2bcd3abbb67a792486acad9d185bca,60.16762,24.95415,000000006b44cce7,4.11
27513,2019-08-04T12:41:59Z,036c183505fea646b54aeb0c612913cafba94eca65e47d3c6d840a68,60.17918,24.95141,00000000675d5200,27.28
27514,2019-08-04T12:41:59Z,0413805762399525f916572e0de4852c934500b4a8465ac67a535d41,60.16762,24.95415,000000006b44cce7,16.1
27515,2019-08-04T12:41:59Z,04b49a34910d12f55243dd5a756c7cc1e506e5d3cdb418cc635e9ad9,60.16762,24.95415,000000006b44cce7,4.5
27516,2019-08-04T12:41:59Z,04b5d29c48edaaf4904a98e412562e3c0d857eb20342cc7c323d4293,60.16762,24.95415,000000006b44cce7,7.69
27517,2019-08-04T12:41:59Z,05d441c83d2df822feaf93d7861452db7a201f22d84cfa36f421dfd2,60.16544,24.95398,0000000038d83d41,16.1
27518,2019-08-04T12:41:59Z,0638ed176f2a4b17c11bae92240575c9305f4bc21592a476b3106be4,60.16762,24.95415,000000006b44cce7,17.4
27519,2019-08-04T12:41:59Z,073c1eeb0d9e511743bae8d5b87b95a19017f59a1dc3597d8618a908,60.173,24.92524,0000000096918cfa,17.4
27520,2019-08-04T12:41:59Z,07fa093f5dceb6043b0a8c9d8ad01c1bfdfe15d4b3071a26b747ea07,60.14699,24.922,00000000a53ed894,10.78
27521,2019-08-04T12:41:59Z,09e6b7d5a7a9e691d686fb405bc2bfe0c9e5d525b47385d9235575e3,60.16897,24.95222,00000000aa852af1,10.78
27522,2019-08-04T12:41:59Z,0a0acb70a8ef92be52a64d4425e70bb2f7a17d13942c3382c9d68878,60.149,24.9843,00000000fffb8cf0,2.3
27523,2019-08-04T12:41:59Z,0a5ed50daf13dd10744537aa851ac7ab1d34d9797ec6ab6e2402aebb,60.16762,24.95415,000000006b44cce7,6.46
27524,2019-08-04T12:41:59Z,0aabf0df4c3c5b45bb8950c92dbe624985f19e8650ed61f92571a65a,60.14699,24.922,00000000a53ed894,7.69
27525,2019-08-04T12:41:59Z,0acb4bd7319729fea4acf035921d1136d86a307a60b4444669cede1a,60.14699,24.922,00000000a53ed894,8.38
27526,2019-08-04T12:41:59Z,0bff251f683fe3bcebc305ef3e1bc5aef303d51c6a9bb0fb62b7d9c7,60.18203,24.91341,00000000342570c2,18.79
27527,2019-08-04T12:41:59Z,0c905239b8c0e14cba671cf4d4d715d1045a30ee62a6285fb489dbb0,60.16829,24.94214,00000000afef4555,8.38
27528,2019-08-04T12:41:59Z,0d3525b13d674f1645fdbe6d842fe37b2f416889c5472e9dfcc5445c,60.14947,24.91438,000000004ef3150d,5.91
27529,2019-08-04T12:41:59Z,0d8341f0125a5323521549248771d5448e5f788aefe9b989e3b20114,60.16829,24.94214,00000000afef4555,14.89
27530,2019-08-04T12:41:59Z,0e104ab0d57cc157e322b37becc39408016dae6685999de8fc32e347,60.14699,24.922,00000000a53ed894,23.56
27531,2019-08-04T12:41:59Z,0ef4d4e0ed1d5a16b616f3722210deaa1f3be532439fb707802f70a2,60.16075,24.95883,00000000f1124bca,18.79
27532,2019-08-04T12:41:59Z,10a99e791e27975dc1c9d73d3163cabacf3bd7bd05a4f7abf6365426,60.14699,24.922,00000000a53ed894,18.79
27533,2019-08-04T12:41:59Z,10caaea8002e8b3b342b32710efdd7305ff375ca1cdc01411f66b2f6,60.14699,24.922,00000000a53ed894,16.1
27534,2019-08-04T12:41:59Z,1163b45fdf756b64ffdbb517aafeed278462e280c81160974b3b6a08,60.16629,24.95957,00000000fb7600be,25.36
27535,2019-08-04T12:41:59Z,120a63917cb5ab619bf9a71328f14020736ee84e75d5b37278748def,60.16897,24.95222,00000000aa852af1,12.69
27536,2019-08-04T12:41:59Z,124cce476184e061b136f481014a2abc7208d30e4e520ffd90c85adb,60.17002,24.94407,000000006b087f40,21.87
27537,2019-08-04T12:41:59Z,126ff8aee22cf123572b51282d01680aea0dac78d907b5100c430c50,60.14947,24.91438,000000004ef3150d,25.36
27538,2019-08-04T12:41:59Z,139adb42421bc3f706b2046ce2450c08db0e04bcfa86710d2619341c,60.14951,24.92138,0000000006dd41f6,21.87
27539,2019-08-04T12:41:59Z,13bcedb8c59b26417282929d81844b272c7c5bc295614f531219a8e4,60.14947,24.91438,000000004ef3150d,18.79
27540,2019-08-04T12:41:59Z,13ee67fb034e3d24edc9a9618e9d6de24979ebbcb399f83abb02a897,60.14699,24.922,00000000a53ed894,5.41
27541,2019-08-04T12:41:59Z,1423891c6ee1edc7da83904378a35aef2e5797db95b117651d676934,60.16762,24.95415,000000006b44cce7,14.89
27542,2019-08-04T12:41:59Z,1496ce9cf373a2a508a8ab0b7aa0604dd889fd69483881c3752219af,60.14699,24.922,00000000a53ed894,11.7
27543,2019-08-04T12:41:59Z,1515fbb735095b233eea332bf40cff9995758e9bd0ad60218875554b,60.14699,24.922,00000000a53ed894,17.4
27544,2019-08-04T12:41:59Z,1551f9fdd5a57b17be51babad39f807f04be4d340266c153eb860156,60.15432,24.9211,0000000019fb59c4,9.12
27545,2019-08-04T12:41:59Z,15ee12e5f9be00a79b0cbbc9912f51cbfa3e486624567e1bde938fb6,60.1538,24.95595,0000000038bf9618,17.4
27546,2019-08-04T12:41:59Z,161aa798c2a18e132fb27ecded773218ea4e42eabbd0e5794b1d7017,60.15432,24.9211,0000000019fb59c4,10.78
27547,2019-08-04T12:41:59Z,16ca2e50aab654110e1bb81e5e374133f99b7f103d24d5cc9635423c,60.16897,24.95222,00000000aa852af1,17.4
27548,2019-08-04T12:41:59Z,1769031b7f4d75de0541e26427b9ecc92c84b80992e3b36bb8eb799e,60.16829,24.94214,00000000afef4555,2.8
27549,2019-08-04T12:41:59Z,17af6ab252328066d6b13406084507dfa7a7f6db3030872e7f87223d,60.17065,24.93641,000000000f4919c9,23.56
27550,2019-08-04T12:41:59Z,1882b53729765cca25bc63400074242872d6fbc57882f131285b277f,60.16829,24.94214,00000000afef4555,12.69
27551,2019-08-04T12:41:59Z,194e6ced97ec114a37fe06d6d73fb687c057d411be476f1ea6f4852e,60.16897,24.95222,00000000aa852af1,21.87
27552,2019-08-04T12:41:59Z,197961cf403efacc6bdb07158a50753109701aba7a6e7cbf8502e1ee,60.14947,24.91438,000000004ef3150d,8.38
27553,2019-08-04T12:41:59Z,1a93dfa31156cee53b4bd527d8b74655a5da812b6933d8a86d871e47,60.14947,24.91438,000000004ef3150d,10.78
27554,2019-08-04T12:41:59Z,1aacd77e1fdbe1544cf1ab29a00642d77ce4a075e388e8a2108aa39b,60.16829,24.94214,00000000afef4555,17.4
27555,2019-08-04T12:41:59Z,1ad0b84716a79851fa8db7a993012f0c8e496d6cba9d028a546285a2,60.16897,24.95222,00000000aa852af1,17.4
27556,2019-08-04T12:41:59Z,1b3fba902b8d1538b508cdc228fd15fdd87f5aecb68e5611b1a4e354,60.16762,24.95415,000000006b44cce7,3.74
27557,2019-08-04T12:41:59Z,1b577cccfa28c7e2d4591ce0886d0b8c3669b5778a6061c908240f73,60.14947,24.91438,000000004ef3150d,2.54
27558,2019-08-04T12:41:59Z,1bcef866fafad7c7460a084e0b0d27c087b549f4ae704390708be47e,60.149,24.9843,00000000fffb8cf0,7.05
27559,2019-08-04T12:41:59Z,1c13175307f58b1bf07c8838e26a2f5d0fd5b21a7517c0b4f4e6bd8f,60.1538,24.95595,0000000038bf9618,31.5
27560,2019-08-04T12:41:59Z,1c669457535e4635f732c228ec524f9d2c440b0d2132fa1acd93122a,60.16897,24.95222,00000000aa852af1,25.36
27561,2019-08-04T12:41:59Z,1c7ccd5d6570d98e57ef2ebbd716b7504b138f9bb616fbeaa0d1a268,60.14699,24.922,00000000a53ed894,9.92
27562,2019-08-04T12:41:59Z,1cc5f03259fab561805ccb96a6677731768ad3ac975bab2e4db8faa1,60.16762,24.95415,000000006b44cce7,13.75
27563,2019-08-04T12:41:59Z,1d4841b6905c46f3c38f79540bae2a88a4e660692149506c0db9da33,60.15432,24.9211,0000000019fb59c4,13.75
27564,2019-08-04T12:41:59Z,1dacfb371d75dd4f90f447aac2a00faad98beb4188a6971c19eb2375,60.16629,24.95957,00000000fb7600be,23.56
27565,2019-08-04T12:41:59Z,1e24a2120b13c780dbb3a67a73f5058d1847f126fd5f5952e6dddcd3,60.16075,24.95883,00000000f1124bca,23.56
27566,2019-08-04T12:41:59Z,1ec805e6df298c9e5c75dbe318deac0ae1598e592e37a563380c8be3,60.14951,24.92138,0000000006dd41f6,29.32
27567,2019-08-04T12:41:59Z,1eed5192896838d1860e8ea14bda43d065b88fc7dc562f54765e85a8,60.16897,24.95222,00000000aa852af1,10.78
27568,2019-08-04T12:41:59Z,1f74037ecab4dbdc5db1a8dc8b583a86630f86a5f2d0a5167b7fa605,60.18203,24.91341,00000000342570c2,23.56
27569,2019-08-04T12:41:59Z,1f81ed7274add201d3059d4a37e2bbe86b6ae1f0fd42a16d7b8dccaa,60.14699,24.922,00000000a53ed894,9.12
27570,2019-08-04T12:41:59Z,1faaaeff6423708e06d94b904af4be93e399939fbdfd3b3091dc8bd2,60.15432,24.9211,0000000019fb59c4,14.89
27571,2019-08-04T12:41:59Z,203a0c145a43c9a18f8c2a5ba4e18882e7430662bb4ac0e56ab37578,60.17065,24.93641,000000000f4919c9,9.92
27572,2019-08-04T12:41:59Z,21bdc11bb63fb48c9d4b5308540ee5df579c9a385001a10fceeeedf3,60.14699,24.922,00000000a53ed894,7.69
27573,2019-08-04T12:41:59Z,21eed3ade733687b8f56fade8290819b7c6b4a9f38468979fe692c3e,60.16762,24.95415,000000006b44cce7,7.05
27574,2019-08-04T12:41:59Z,22fe9a06fba1036e8eafd726bc450095b1893be067f475e1882bb704,60.14699,24.922,00000000a53ed894,16.1
27575,2019-08-04T12:41:59Z,231026899a6d5b326cb5b1e38b182ca1acb77c7e27bc2378973b29db,60.16629,24.95957,00000000fb7600be,21.87
27576,2019-08-04T12:41:59Z,232de63a0c555ae5875a266b1219fd7b8f17246c9a190fe882be9b28,60.14699,24.922,00000000a53ed894,11.7
27577,2019-08-04T12:41:59Z,23337c2812924a07e4f0bbc92e56d1f85ea40208b6b987f4afc686cf,60.16897,24.95222,00000000aa852af1,14.89
27578,2019-08-04T12:41:59Z,250f7cf6c6d1296e84c45fb8621a0704eb5243471980b5187dc40cdd,60.14699,24.922,00000000a53ed894,10.78
27579,2019-08-04T12:41:59Z,2607d1b2fc6e31a80348fffbed68a7d3a8e0212f197f2d1c573c587b,60.14947,24.91438,000000004ef3150d,17.4
27580,2019-08-04T12:41:59Z,269124e75b1e74a7c7dc93b778e02f04d0a53e069a90081c0938ee4c,60.14699,24.922,00000000a53ed894,18.79
27581,2019-08-04T12:41:59Z,2838eddb482a9bc77b0b867352020e2cbfb71e85aaa1d61307e85f3d,60.14947,24.91438,000000004ef3150d,3.74
27582,2019-08-04T12:41:59Z,28b43564f7156b67db7cb7b779e948986d7610f921490f9030379704,60.16897,24.95222,00000000aa852af1,5.91
27583,2019-08-04T12:41:59Z,2969cdb120f2d285c556abfe5bac2f8090571f61aba227a474a534d2,60.17065,24.93641,000000000f4919c9,9.92
27584,2019-08-04T12:41:59Z,29a1ee6c0907a00ec6b6dcbb187f5c31d1a11b261aabd339210ee013,60.16897,24.95222,00000000aa852af1,12.69
27585,2019-08-04T12:41:59Z,2a47bdc66249162a9588347a6cbe7895fe798bb25c1194cd69fb1e8b,60.14699,24.922,00000000a53ed894,17.4
27586,2019-08-04T12:41:59Z,2a767d6875ef5fa533a2eb311aafaab1d857135cf6da5786d2407a49,60.14699,24.922,00000000a53ed894,8.38
27587,2019-08-04T12:41:59Z,2b9b246647a57878b7a18e94ce4a9117d0c595020ff1b8fa27988756,60.16897,24.95222,00000000aa852af1,38.87
27588,2019-08-04T12:41:59Z,2bc95bfe257249215913b47f8544606d478783f0530c688972c2f11f,60.16629,24.95957,00000000fb7600be,23.56
27589,2019-08-04T12:41:59Z,2ee2e108ed9051b1ccf4d3ee89931dfd53170af0b558fa6579b83e8d,60.15432,24.9211,0000000019fb59c4,9.12
27590,2019-08-04T12:41:59Z,2f08dbfbbe5577f04ea9826f72d5452ddf5fd9bb892769382ea5a4ca,60.16762,24.95415,000000006b44cce7,14.89
27591,2019-08-04T12:41:59Z,2fabc4773758a12492d31bdfe6b37e6523ae8caabecda356d33dce41,60.15432,24.9211,0000000019fb59c4,20.28
27592,2019-08-04T12:41:59Z,3165c6ee17d11e4b51e03844fd1234cd64aecc860cd6c162ceb99058,60.16897,24.95222,00000000aa852af1,11.7
27593,2019-08-04T12:41:59Z,32708990f2c831e65f70f2682baf5188fc93348b9a9e78ada8db2bf4,60.14947,24.91438,000000004ef3150d,3.74
27594,2019-08-04T12:41:59Z,33634cb1e3fc5d4a621e8717d203da8533ed27531a70c6cbe3abf3fa,60.16762,24.95415,000000006b44cce7,3.09
27595,2019-08-04T12:41:59Z,33ec502792a84f23fed03cf16e483d153c65e2850a2549f47034726a,60.16762,24.95415,000000006b44cce7,12.69
27596,2019-08-04T12:41:59Z,342ecc64544cd30ef83e600cb9fdbe09e395534bfff059a0bbb2c960,60.16544,24.95398,0000000038d83d41,20.28
27597,2019-08-04T12:41:59Z,3459042c03cbb672a039f7f14a6b99b84f839b0598f9e48bf4dd95f5,60.14699,24.922,00000000a53ed894,11.7
27598,2019-08-04T12:41:59Z,347c2747f8b58cdc6f96b541d1a35f2c0e182b542706a38e0ce7ef4a,60.149,24.9843,00000000fffb8cf0,14.89
27599,2019-08-04T12:41:59Z,348d0f13ec830589831a973041803bc7b6c0f0b5f6e5a84e47f292d3,60.17002,24.94407,000000006b087f40,23.56
27600,2019-08-04T12:41:59Z,349dd839e41cff363cc4b935496e52b93be15233e508aa82987859bd,60.16075,24.95883,00000000f1124bca,23.56
27601,2019-08-04T12:41:59Z,34f282042837e6b8407c31fd6c880bdbb7071c56d76c4b6e5ba78819,60.14947,24.91438,000000004ef3150d,8.38
27602,2019-08-04T12:41:59Z,358d7986d5bf2a0624fb1412a157b3c7b12f90653457e15a76bbdf50,60.16629,24.95957,00000000fb7600be,20.28
27603,2019-08-04T12:41:59Z,35e6e075578d7a51e510bf8904bde33f1d117264eea0917db98d4808,60.16897,24.95222,00000000aa852af1,9.12
27604,2019-08-04T12:41:59Z,36f876050503d244f74f3cbadcef716904eb2b245190d474b0cfa794,60.16762,24.95415,000000006b44cce7,1.12
27605,2019-08-04T12:41:59Z,37945fa4e7409fab98aa8bde45081f5bd083def0059485274ad552c0,60.17919,24.95181,000000007b5207b6,7.69
27606,2019-08-04T12:41:59Z,37b4192b51c9589b8791bc2e9f830dd541c0e77fd03e7a85a51b68e5,60.16544,24.95398,0000000038d83d41,25.36
27607,2019-08-04T12:41:59Z,38c90c54ec8f56ae2ee5c79f21130a2254d870968839584fc423f1d2,60.14699,24.922,00000000a53ed894,17.4
27608,2019-08-04T12:41:59Z,38e15f5aeb58c22ca456fc4d3a14f3b4d9f1fac43de070d2565eb1d3,60.16897,24.95222,00000000aa852af1,23.56
27609,2019-08-04T12:41:59Z,393a579e1c8efb19861f555f12040feeac853f37a2451116693e77aa,60.14699,24.922,00000000a53ed894,14.89
27610,2019-08-04T12:41:59Z,39f03a3a5fd777feee270921a7f51daec12ea679b542b0aaf2e808d7,60.149,24.9843,00000000fffb8cf0,16.1
27611,2019-08-04T12:41:59Z,3a6ce73ea4c03a14fc0d3d099e4698d3c1051a2e8e4bd552d5de394d,60.14947,24.91438,000000004ef3150d,5.91
27612,2019-08-04T12:41:59Z,3b73bf57d223bcb9b930ee8619e6603e52485b221389c64d85614baf,60.16897,24.95222,00000000aa852af1,23.56
27613,2019-08-04T12:41:59Z,3c21ef81eb62764c543cc53a1eb793a317f3443dd4838799b2dbd6ff,60.16629,24.95957,00000000fb7600be,27.28
27614,2019-08-04T12:41:59Z,3cd65823dcef56ffe44e4c8fdcd764e13f34e4d1bd637a6853ab7e17,60.16629,24.95957,00000000fb7600be,25.36
27615,2019-08-04T12:41:59Z,3e4965f1ed580ddf80246b1b78cbc55b73c11d67573d9cede2a7ccf7,60.16829,24.94214,00000000afef4555,8.38
27616,2019-08-04T12:41:59Z,3ea5c91c32a318cb798767914dd025c2791a8c19e81c10c22f649247,60.18203,24.91341,00000000342570c2,20.28
27617,2019-08-04T12:41:59Z,3eb138558a5cc58760a67df9709bc42cc329874e907981d33e0116ec,60.16762,24.95415,000000006b44cce7,10.78
27618,2019-08-04T12:41:59Z,3ec0a34310840b3aa1aa32a3f2bffbe426e91a242dc6eb5c1e86bba7,60.16448,24.97323,0000000053c6c2be,20.28
27619,2019-08-04T12:41:59Z,3f395809cdaaaa1688c7d1cc770079bbf7ef1349e148bec5c8eacd57,60.16762,24.95415,000000006b44cce7,7.05
27620,2019-08-04T12:41:59Z,3ffe89aa6ab1e57883e21fa8f15969f46a5f487bccb2b993eadb3cfb,60.14699,24.922,00000000a53ed894,7.05
27621,2019-08-04T12:41:59Z,403f209e525e5159d33b2056ebebcfa95ff94baf8ae3d9b3442c3090,60.14699,24.922,00000000a53ed894,18.79
27622,2019-08-04T12:41:59Z,4126e6b01e07a8de94eb8b87f02ad2bdab1a191c8c0312dd1141a9eb,60.15133,24.92329,00000000e8a064a4,29.32
27623,2019-08-04T12:41:59Z,42d4eb6044091814f327d0b01dc9ae701506417af1a8ab7f4161650d,60.14951,24.92138,0000000006dd41f6,20.28
27624,2019-08-04T12:41:59Z,42da4298ed9f522421f17714e024d9b8fe22e7546df3deeb8b139bd3,60.16075,24.95883,00000000f1124bca,4.94
27625,2019-08-04T12:41:59Z,431375be6b9405ef55878f3aa0bb5dd6a35db8ba650a2bce05081c49,60.14947,24.91438,000000004ef3150d,9.92
27626,2019-08-04T12:41:59Z,436df7106ce19510536cf507d8939633784f67da2f872970e0d3ba43,60.16829,24.94214,00000000afef4555,9.92
27627,2019-08-04T12:41:59Z,43e1eab7f64d16e44a7ba2981efebc2152360e3841e16957d99a2e4e,60.14947,24.91438,000000004ef3150d,17.4
27628,2019-08-04T12:41:59Z,4447cd740532670664d61eed3ffea8eee3a66f8be52967e08166a1cd,60.1538,24.95595,0000000038bf9618,23.56
27629,2019-08-04T12:41:59Z,447f951c07ece4b9f8a41fed54b5911f4f8033b69f5a62bfd0cf1d97,60.14699,24.922,00000000a53ed894,25.36
27630,2019-08-04T12:41:59Z,4533d27e96c5c6637ddff4243672d658fea4004970652882357105a9,60.14699,24.922,00000000a53ed894,13.75
27631,2019-08-04T12:41:59Z,457d11209b95b153efb57d8f2641f2db0823e91a0d608fa0555a5b69,60.14699,24.922,00000000a53ed894,16.1
27632,2019-08-04T12:41:59Z,467a01a257fbaad22bd4aebafc8f284c9ad3effc429475e57c214e9d,60.14699,24.922,00000000a53ed894,9.92
27633,2019-08-04T12:41:59Z,46c5ca11771a305a890c4ab0cf6654b8e3b6d72df9c2e4ee012a9e4a,60.16531,24.9442,00000000fdda10fe,16.1
27634,2019-08-04T12:41:59Z,47bc9ff9097f9ef5f1862e48b4a42f6a9ddd30c4ef2b6eb43291a7a5,60.14699,24.922,00000000a53ed894,17.4
27635,2019-08-04T12:41:59Z,47cde44e4ddbf6c70162fa882eee962e7c3e2a037b650294ec46568f,60.14947,24.91438,000000004ef3150d,4.5
27636,2019-08-04T12:41:59Z,48f665ebb1a71b0d84fc02bd71918c5ab5608328db534639cbd2a255,60.14947,24.91438,000000004ef3150d,3.09
27637,2019-08-04T12:41:59Z,4a9cdbd5bbc52d6dbc358a8a1b64af4d8ac9c83b2b5a807c95aa5523,60.16762,24.95415,000000006b44cce7,17.4
27638,2019-08-04T12:41:59Z,4b1050cc517631e36206d3528399c0b14748daec8c7d1b5dfa412299,60.15432,24.9211,0000000019fb59c4,3.09
27639,2019-08-04T12:41:59Z,4b2a241d832696fc878ceb269b0fbf4987989a0c3109bd2e8ac08170,60.16897,24.95222,00000000aa852af1,20.28
27640,2019-08-04T12:41:59Z,4b85388cdaec2b4c15b546160ee326d9668a5e5d3c7b08d0c539946e,60.17919,24.95181,000000007b5207b6,9.12
27641,2019-08-04T12:41:59Z,4be50f3eb033f3f46e3069049c8e0a34dc8a2607741c1764369ba4c2,60.16762,24.95415,000000006b44cce7,9.12
27642,2019-08-04T12:41:59Z,4bf75585466f0aafa2ed2956fe4b0f7235b4ba3a0606a52219b3156c,60.14699,24.922,00000000a53ed894,11.7
27643,2019-08-04T12:41:59Z,4cadc8cc23fd84febb6a8383030a34c97b3388a8c9ed7a64cc0f51a6,60.14947,24.91438,000000004ef3150d,16.1
27644,2019-08-04T12:41:59Z,4d35f03f4cb1cd21fbb173af8af5be5e233c63882fda53232da315f0,60.14699,24.922,00000000a53ed894,17.4
27645,2019-08-04T12:41:59Z,4d4115f2971578ddc2428be944e2954c9e9a5472a818ec1805a022b2,60.149,24.9843,00000000fffb8cf0,4.5
27646,2019-08-04T12:41:59Z,4ebdb6165c5d4892cdc21711313b98b1545bececfb886192c6f0ef22,60.16762,24.95415,000000006b44cce7,10.78
27647,2019-08-04T12:41:59Z,4f4940c5c77737c5b8f2fbd5a1b65886ea5f6e0e4fcd50447e11ce21,60.16075,24.95883,00000000f1124bca,14.89
27648,2019-08-04T12:41:59Z,4f93e95b96f69cefa42bba16e15af19b9c451693070e117b208ea068,60.16075,24.95883,00000000f1124bca,21.87
27649,2019-08-04T12:41:59Z,50e21d119f102cee2afe3ac7f1a32032527638769b05aca582d6ecb1,60.16762,24.95415,000000006b44cce7,9.12
27650,2019-08-04T12:41:59Z,514a3981fad6c695ac4940f09374b5d1c2e84d2ca835084ef8707714,60.16075,24.95883,00000000f1124bca,4.94
27651,2019-08-04T12:41:59Z,51b3c7870a399165f0d1d14f7d21688df32b0360f9cc6f3ca61890d8,60.16829,24.94214,00000000afef4555,2.8
27652,2019-08-04T12:41:59Z,52939581c6c8dd3407dbf44ea9e90471e4bbadfb7e3740a0ba8324f3,60.14699,24.922,00000000a53ed894,16.1
27653,2019-08-04T12:41:59Z,52f0e69ca7a5cebe604c1f32308dc7f8870d1d85cd4b25ad17f706e9,60.14699,24.922,00000000a53ed894,12.69
27654,2019-08-04T12:41:59Z,53263c2a4d1fc6edb42de24a91c19cc8d0050f1e61b0ddd97cf45bba,60.17002,24.94407,000000006b087f40,21.87
27655,2019-08-04T12:41:59Z,5399ca5a9abed7a5da7a71e85cbeae837e42ee1dc94852ba2c16bcd1,60.173,24.92524,0000000096918cfa,11.7
27656,2019-08-04T12:41:59Z,54065d53a62079540c4be1e19eafa5dd581e8ec35da0c31844438e0b,60.149,24.9843,00000000fffb8cf0,11.7
27657,2019-08-04T12:41:59Z,552e7d20be831c5ebfa503ba78ed542d6ece4ecad264308d5dc37a31,60.14699,24.922,00000000a53ed894,9.12
27658,2019-08-04T12:41:59Z,5554305bad43a71cf98d83e92708c7474c1efc189392c1ea94231e9c,60.16531,24.9442,00000000fdda10fe,5.91
27659,2019-08-04T12:41:59Z,556a86b2e90ec03e679f4434e2ebcef0eb687cb52bafbd0d98d26c88,60.14947,24.91438,000000004ef3150d,9.92
27660,2019-08-04T12:41:59Z,5636d9760f1eac9d5d050497d7084fd61a92d5d108695a9023769ac4,60.16629,24.95957,00000000fb7600be,23.56
27661,2019-08-04T12:41:59Z,56b8eace741e5227a40ea0a64601a737648080c63d6240b0dca632c4,60.16075,24.95883,00000000f1124bca,11.7
27662,2019-08-04T12:41:59Z,570dc61d53aec66ede39dfde66339640878453afc00cd1a55c60bca7,60.16544,24.95398,0000000038d83d41,23.56
27663,2019-08-04T12:41:59Z,571934189bf349efb6f596e76c21612cf9b82ed44913090169936048,60.17065,24.93641,000000000f4919c9,13.75
27664,2019-08-04T12:41:59Z,571e65d939060a58396de22fc44d8842fc9de986824670ad765ec596,60.16762,24.95415,000000006b44cce7,7.69
27665,2019-08-04T12:41:59Z,57bb8beeec6904b9a5cfe83c4ff9a80e63157780137f03de2a4152d3,60.16762,24.95415,000000006b44cce7,6.46
27666,2019-08-04T12:41:59Z,57eef16af260870a831bd4f88018555730ec7dd21a538e3575825479,60.16829,24.94214,00000000afef4555,21.87
27667,2019-08-04T12:41:59Z,57f88614f91a133004ac1a6dea31a4090f899646a5f62ece691d87af,60.16762,24.95415,000000006b44cce7,5.91
27668,2019-08-04T12:41:59Z,58411163d307bb308f9c94a9720e9ce5ab0ce4f5617cd2b1fcc2037a,60.16762,24.95415,000000006b44cce7,7.69
27669,2019-08-04T12:41:59Z,59b01cbdec8ff06fa6d50bac00c3f5f4c45132fc8a62800c08df5d6a,60.16629,24.95957,00000000fb7600be,14.89
27670,2019-08-04T12:41:59Z,5a0f77f8f34fdefe8d45c9abab8d13681db8a2d667f85d85a13c803b,60.16531,24.9442,00000000fdda10fe,29.32
27671,2019-08-04T12:41:59Z,5bb54a365362fc3a1d1e4b4421c7b020c45f3274d1393340a1f89eb5,60.16762,24.95415,000000006b44cce7,6.46
27672,2019-08-04T12:41:59Z,5bc858089bff2f1880f1807e91f165ebf9f1b5841445adcdfb988ddf,60.16829,24.94214,00000000afef4555,17.4
27673,2019-08-04T12:41:59Z,5bc8610f198c0ab38e4e89fd7f4828d032ca2a6ef97c2a17c79e296f,60.14699,24.922,00000000a53ed894,20.28
27674,2019-08-04T12:41:59Z,5c160268bc9b4b619181ce421d9e58c258e6b59a342945fc29f0004b,60.14947,24.91438,000000004ef3150d,5.91
27675,2019-08-04T12:41:59Z,5c46671175475bc574d3a64fe85e1ce7792c14d29f1e79a39da24fa0,60.149,24.9843,00000000fffb8cf0,18.79
27676,2019-08-04T12:41:59Z,5cd5117066c75a1cb83d3896a7eba3f3472e133f0013ea7d4e95daaa,60.14699,24.922,00000000a53ed894,5.41
27677,2019-08-04T12:41:59Z,5d70086d53447ee393249cef33c7bae814c1d7c2e3055fc91b38786c,60.17919,24.95181,000000007b5207b6,9.92
27678,2019-08-04T12:41:59Z,5ea49ba4de68e03664ec3a87f5de32434d7136b4f8323f022ff9df5b,60.16829,24.94214,00000000afef4555,8.38
27679,2019-08-04T12:41:59Z,5ee175437c5a15756f66cae8cf9172e291d462123de1bd59ae7a103b,60.16897,24.95222,00000000aa852af1,7.05
27680,2019-08-04T12:41:59Z,5f3a358ea7ec56dfb2271af72ef34416785e497a3653bfb75ef822c3,60.16829,24.94214,00000000afef4555,12.69
27681,2019-08-04T12:41:59Z,60d5c11436b72dd4eb673f606bddc3f8f36675342cba015b9297155f,60.16448,24.97323,0000000053c6c2be,20.28
27682,2019-08-04T12:41:59Z,60d7fd34e511ad1565b92db2fbb5ef2908f7a273acceda524945e86e,60.16075,24.95883,00000000f1124bca,14.89
27683,2019-08-04T12:41:59Z,60d9b71ec38b796bf876dedfaf3112b49ff79677480c7603902857ae,60.14947,24.91438,000000004ef3150d,14.89
27684,2019-08-04T12:41:59Z,614ab7fba7255f6bf6f888e9a04d589962f756b3f427e658f10014f2,60.16075,24.95883,00000000f1124bca,4.5
27685,2019-08-04T12:41:59Z,6187e3415bcea985be770b4a90f3ed56fbfff1aa331759d34ccbd4ee,60.16897,24.95222,00000000aa852af1,25.36
27686,2019-08-04T12:41:59Z,62916b0c2a8ebabb938b5e97cb14eb89b2b32936d3fad04025ad5854,60.17002,24.94407,000000006b087f40,10.78
27687,2019-08-04T12:41:59Z,62a6fe2d9b3b5b4533c51253f8842428bd797b3c6a95a7816ec472ed,60.14947,24.91438,000000004ef3150d,8.38
27688,2019-08-04T12:41:59Z,63defb71d4c3856253a0a2d67a5c370b91ad0527703b334a63fe5344,60.14947,24.91438,000000004ef3150d,20.28
27689,2019-08-04T12:41:59Z,641e8defb97171d160f062c4bc3e9d06346f10d5246e6aeac935e1a9,60.16897,24.95222,00000000aa852af1,27.28
27690,2019-08-04T12:41:59Z,64394b1287e19738900f57d5c7483e02866e40bc8241fc6f6fbecbcb,60.16762,24.95415,000000006b44cce7,6.46
27691,2019-08-04T12:41:59Z,643ef3f01a51bea3c4510d4060a945cd510e5189236d68f5c9489034,60.16829,24.94214,00000000afef4555,1.38
27692,2019-08-04T12:41:59Z,64638a9f9e6c9b32fc4b484b55e4934fcab6cb04605cc76d5f5534b7,60.17065,24.93641,000000000f4919c9,9.92
27693,2019-08-04T12:41:59Z,64e34af775b57908b23056a31d60ef3b005941f2e7c3db0c49df675d,60.17065,24.93641,000000000f4919c9,3.4
27694,2019-08-04T12:41:59Z,6525cc634176c25187e68e0d067bcfecfd78e399e93db4ee9d408b7e,60.17919,24.95181,000000007b5207b6,17.4
27695,2019-08-04T12:41:59Z,655204cb507ea9ae811105cdcd766161facaa9f729017a333f102391,60.149,24.9843,00000000fffb8cf0,2.08
27696,2019-08-04T12:41:59Z,65b3adca9ee7adbad7277ff62bf8d0019944180762113925a4e71d95,60.149,24.9843,00000000fffb8cf0,20.28
27697,2019-08-04T12:41:59Z,66319a5673dfaa1ce72563c02b505fb08d612a81b58ec4a3808f907b,60.16762,24.95415,000000006b44cce7,20.28
27698,2019-08-04T12:41:59Z,66b9cea6cd979b4e9e391e0ef854e2cc38eca6fb9e166811e39edd11,60.16629,24.95957,00000000fb7600be,20.28
27699,2019-08-04T12:41:59Z,6723bebaab92d1a9f8b4318fd4f497a6dec6d7f8e0eafca443925213,60.16075,24.95883,00000000f1124bca,4.5
27700,2019-08-04T12:41:59Z,67591d427f60ba3c369ac0d78088fca7be33081501508d16401dd6cb,60.16762,24.95415,000000006b44cce7,2.8
27701,2019-08-04T12:41:59Z,6774ed72eaf69d7c4aaeeef90990f969954155bbcc52652e75e7deef,60.16829,24.94214,00000000afef4555,17.4
27702,2019-08-04T12:41:59Z,677c53ae4056d6cb123ca576ba5284664b1c7e3e88818bd19b5dd99a,60.17919,24.95181,000000007b5207b6,16.1
27703,2019-08-04T12:41:59Z,696d977b82fe0f0a15c3aaccef89f3b805ee2d6969a74059d737461d,60.15432,24.9211,0000000019fb59c4,21.87
27704,2019-08-04T12:41:59Z,6981f80baeddf7459b67845f82744390c976c013f3a4883a53556fc7,60.16762,24.95415,000000006b44cce7,12.69
27705,2019-08-04T12:41:59Z,698b200b63a644828a7314691a16af2af1bccef75d52abb5591a5542,60.14699,24.922,00000000a53ed894,16.1
27706,2019-08-04T12:41:59Z,69f1de5049f5731749defe893b8ae9ada4f5f788a994b8f7413ef657,60.17002,24.94407,000000006b087f40,29.32
27707,2019-08-04T12:41:59Z,6b6668d7ebecfb96a6ed3ca19e97f8da150943ddf1d034675d08a9b8,60.14699,24.922,00000000a53ed894,9.12
27708,2019-08-04T12:41:59Z,6c7e018abdf8462af7c7b003bc30f915184f7082e9e865a2c502eed5,60.14699,24.922,00000000a53ed894,16.1
27709,2019-08-04T12:41:59Z,6f3dd17e40daabb4efe868f1b859dc00ecc01846f0a0e2b8db5d1413,60.17919,24.95181,000000007b5207b6,16.1
27710,2019-08-04T12:41:59Z,6f8d7717df843a7b0be6b0dd55e933ebbd9819bd96c48f210e193e4e,60.16829,24.94214,00000000afef4555,5.91
27711,2019-08-04T12:41:59Z,6fdf4cfc3a0774e204869ab43ef69c6306cc40c0fd8bbb0f8b505e3a,60.16829,24.94214,00000000afef4555,11.7
27712,2019-08-04T12:41:59Z,6fdfc33c6b609ea80b4a38ecf657bc68b7bf659752b51edcc22ffb54,60.16762,24.95415,000000006b44cce7,7.05
27713,2019-08-04T12:41:59Z,6ff93560ca77c6e5a25bc7441cf33cf7fa0138b3da4d99b2dbf5531b,60.14947,24.91438,000000004ef3150d,9.12
27714,2019-08-04T12:41:59Z,70c56152af84cf1bad4d19b0cb31202232b4cd4320ce5ea48895e42b,60.14947,24.91438,000000004ef3150d,14.89
27715,2019-08-04T12:41:59Z,71479e7c1c4fd96468f16800ff04484480c76e0953d2074500b0df31,60.17919,24.95181,000000007b5207b6,18.79
27716,2019-08-04T12:41:59Z,72231bca658d3a16f3bf9c26ba5f13393b8377e4ab0b9ed3de6c811f,60.14699,24.922,00000000a53ed894,14.89
27717,2019-08-04T12:41:59Z,7258219b95343671675733fb0eddcd6791af1b1c0117eb5b1a83e20d,60.16762,24.95415,000000006b44cce7,14.89
27718,2019-08-04T12:41:59Z,733618d50499022af0ec3b91abdc93b6f3f252adb6891da4956ba4fb,60.15432,24.9211,0000000019fb59c4,23.56
27719,2019-08-04T12:41:59Z,733f21ebebe353e10a55a74b40a0a480e6d276334d4f3d8bcf85b711,60.16075,24.95883,00000000f1124bca,11.7
27720,2019-08-04T12:41:59Z,745e52dafbfa395ea41c5fcd0c2717b9091e44d19ab89e03991fdbb7,60.16762,24.95415,000000006b44cce7,8.38
27721,2019-08-04T12:41:59Z,74cb545f76f0bfc5498607247e26e814276a11ce91f77208054ecbc5,60.17002,24.94407,000000006b087f40,27.28
27722,2019-08-04T12:41:59Z,759f94c852ff15ca91c3138913c3858c4801702f8f0514ae82fb2a19,60.16897,24.95222,00000000aa852af1,10.78
27723,2019-08-04T12:41:59Z,7664b7f08aaa059ecf6646a595c33fae0c80715febe63e31f45a4662,60.16762,24.95415,000000006b44cce7,3.4
27724,2019-08-04T12:41:59Z,777cceac7be6303a1c82f7cc68061528b01e3aa1b3aa6481cad9e5e3,60.16075,24.95883,00000000f1124bca,5.41
27725,2019-08-04T12:41:59Z,77a12194b9a6789f4b2b8c07ae7fce3c2b531cb221e5fa7ca5deae55,60.16897,24.95222,00000000aa852af1,7.69
27726,2019-08-04T12:41:59Z,78a96267b3bb3aea6c312bb8aa160c1369942384194b03d695640a71,60.17065,24.93641,000000000f4919c9,33.81
27727,2019-08-04T12:41:59Z,79bde23c1a8980f93a65e14306f0d8ea89e164430d8b991e2bfee82e,60.16531,24.9442,00000000fdda10fe,13.75
27728,2019-08-04T12:41:59Z,79d30a3ef05e3d34450d1c975b3fa9d21b994f078f943db791239b07,60.14699,24.922,00000000a53ed894,23.56
27729,2019-08-04T12:41:59Z,7a0c0b525f2d3eed6c873bd3b8d27bede551fe4a428ac15c23deadae,60.16075,24.95883,00000000f1124bca,21.87
27730,2019-08-04T12:41:59Z,7a4a06d20ebe57d94e5fceeaf47d5b56ad9a515818e9c20e21a80e61,60.16629,24.95957,00000000fb7600be,20.28
27731,2019-08-04T12:41:59Z,7a97375000483176c3b37cc0d1744a950d9b322ce3534208fce0b21d,60.14699,24.922,00000000a53ed894,16.1
27732,2019-08-04T12:41:59Z,7ab335e046f7f3597f8f615a90857885e35cfecefebd5d24bbf0af90,60.16075,24.95883,00000000f1124bca,10.78
27733,2019-08-04T12:41:59Z,7ad93fed82e41ea4422fa101badc698b0328c3ebf0f6b73c5164d438,60.16897,24.95222,00000000aa852af1,13.75
27734,2019-08-04T12:41:59Z,7ae99aeeccf7d0f52840ee3924ab2efd0154d18fdda3b9c2980eb8e5,60.14699,24.922,00000000a53ed894,31.5
27735,2019-08-04T12:41:59Z,7af6672e274ebe27cdb785373a857fc5bcad92a386c36dbe3221d4f4,60.14947,24.91438,000000004ef3150d,8.38
27736,2019-08-04T12:41:59Z,7bb67bcf014747e5d826f95c610d36492f31095552417a0864475491,60.14951,24.92138,0000000006dd41f6,14.89
27737,2019-08-04T12:41:59Z,7be762f58d54665c5e6668eb2fb3eae7201522ddff196bbc5eb731f0,60.14947,24.91438,000000004ef3150d,17.4
27738,2019-08-04T12:41:59Z,7d9a3d84c09c3a8d6876389e216e0278048d6b924890fb275a078ffb,60.16531,24.9442,00000000fdda10fe,0.59
27739,2019-08-04T12:41:59Z,7e76449e59f1e3a1a615b54408115353fbb14d815390d03a73b1a7bb,60.14947,24.91438,000000004ef3150d,9.92
27740,2019-08-04T12:41:59Z,7ed2e551d72c45a21ee9c859e96198a40adba806b108ca092d03d1d2,60.149,24.9843,00000000fffb8cf0,14.89
27741,2019-08-04T12:41:59Z,7ee87b87cf01698f643e1ba3117b245039edc811605df5dc802e7576,60.14947,24.91438,000000004ef3150d,13.75
27742,2019-08-04T12:41:59Z,7f2f97e26d55f653ed70260ea4f893d01a3984cbdf6d7a3bfb2641de,60.16829,24.94214,00000000afef4555,8.38
27743,2019-08-04T12:41:59Z,7f3c9dd2c7352cb81fb186a7d700841d2bcb47cd8ea0d5f8719b5908,60.16762,24.95415,000000006b44cce7,6.46
27744,2019-08-04T12:41:59Z,7f786ec8e06f1ca3bdd10fc60d0114baf354125b8f6cf796d197f4cc,60.16075,24.95883,00000000f1124bca,11.7
27745,2019-08-04T12:41:59Z,7fe10e69931c2d658099a314f3fce64865329e12a7b834c375e2d5d2,60.14699,24.922,00000000a53ed894,4.94
27746,2019-08-04T12:41:59Z,80cbcb887f3e351e3bef7c5f53dccc578cc3494feec514aed7015c0d,60.16075,24.95883,00000000f1124bca,8.38
27747,2019-08-04T12:41:59Z,80cc39b04598f971820e63498fd27ae72a12a45a60c220fe625b282a,60.14699,24.922,00000000a53ed894,6.46
27748,2019-08-04T12:41:59Z,8164c6a1ba8bb70b66a8eb236262d7f6defe7d476295595f37375f95,60.173,24.92524,0000000096918cfa,25.36
27749,2019-08-04T12:41:59Z,81da708a2709f98b8d5d8b1a586bf6e1d5de068c5b9bacca55bb9ff1,60.1538,24.95595,0000000038bf9618,36.27
27750,2019-08-04T12:41:59Z,82411c6526228322a61f59259f13adf7cde62bd767587b6735867705,60.17918,24.95141,00000000675d5200,7.69
27751,2019-08-04T12:41:59Z,83121a75723643c48e3c3b0a3ea5fccb532046432ca445833e8de06a,60.16762,24.95415,000000006b44cce7,0.34
27752,2019-08-04T12:41:59Z,845ff7cd103d4651a6453018b52a0413f2d798c08eb3dd78c731187b,60.14699,24.922,00000000a53ed894,21.87
27753,2019-08-04T12:41:59Z,848fe01e24ccc782e5968171f53ea31d28f20a455c45d8bac8fb7374,60.173,24.92524,0000000096918cfa,10.78
27754,2019-08-04T12:41:59Z,8499290ca844477035cb04c821386788d09243bf12e2337d45411ac1,60.17002,24.94407,000000006b087f40,21.87
27755,2019-08-04T12:41:59Z,849a662d95d4185421aff7c6213ba5d7b84cfc58c9fb30ff34054e4c,60.16075,24.95883,00000000f1124bca,7.69
27756,2019-08-04T12:41:59Z,85d66944a64cfde859e7e08ca4b79f3b39d5b03141d500fe7ce73f7e,60.14699,24.922,00000000a53ed894,3.74
27757,2019-08-04T12:41:59Z,85d67c3be46ecb66832dfd9090a931e1be3dd056f718ea6786622131,60.16897,24.95222,00000000aa852af1,17.4
27758,2019-08-04T12:41:59Z,868cd7608ed6beb209db2aad8c71f56b8aec3a6b453be18e4af217a2,60.17065,24.93641,000000000f4919c9,23.56
27759,2019-08-04T12:41:59Z,87cbb5265cd1cc3213ddb5ed9ed2a599ddb7db0b0747121d649b0ae3,60.16544,24.95398,0000000038d83d41,25.36
27760,2019-08-04T12:41:59Z,8822ffe19dec49fe874ac377de5a0504e931e342ecc1f5b1fcb939e5,60.16897,24.95222,00000000aa852af1,21.87
27761,2019-08-04T12:41:59Z,8829e285e51c0d4af122465705662b6c54ff8df31b75e657e5d57b48,60.16829,24.94214,00000000afef4555,9.12
27762,2019-08-04T12:41:59Z,885bcc6af7d0aa9718fe1030e32ffff1de5171ae5ef67cf0011874fb,60.14947,24.91438,000000004ef3150d,7.69
27763,2019-08-04T12:41:59Z,8947a5209f3b32173d3dc72792039edf94a2711741ab041b62b30643,60.16762,24.95415,000000006b44cce7,4.11
27764,2019-08-04T12:41:59Z,896f7e896dc6f1ea44b82bf968a988cc10c358ee34821d9d7a4bd07a,60.14947,24.91438,000000004ef3150d,5.41
27765,2019-08-04T12:41:59Z,8a08b2de43a9ef03cf96610718c908e69dcacc59f536a7135b7bb542,60.16629,24.95957,00000000fb7600be,10.78
27766,2019-08-04T12:41:59Z,8a93ac3ff9f29a5a024811171ed920021c363a5b7688e2c879ab55f6,60.17002,24.94407,000000006b087f40,18.79
27767,2019-08-04T12:41:59Z,8b641985c793a3f25a45b2460cb01f5baa6f339c6dd26ba7752d8a7a,60.16897,24.95222,00000000aa852af1,16.1
27768,2019-08-04T12:41:59Z,8ba6cfc17ca70e8304994e018ebd5eb2003177062cde05925d5cacb3,60.173,24.92524,0000000096918cfa,20.28
27769,2019-08-04T12:41:59Z,8bbf5422247a0a6be314130d8fd9ae1814401b75acf3b3ce2da9620c,60.14699,24.922,00000000a53ed894,9.92
27770,2019-08-04T12:41:59Z,8d528b00553162a9dd47d2296d15b2fad89aad6a508424d4589618a1,60.14947,24.91438,000000004ef3150d,23.56
27771,2019-08-04T12:41:59Z,8d5672c651968bf1f466b44baefa37f9438850e96140d126f6a99baf,60.16897,24.95222,00000000aa852af1,14.89
27772,2019-08-04T12:41:59Z,8d73f674010f5cb02e8f20251ed86a9afcb7f6b3926039470296bd00,60.17065,24.93641,000000000f4919c9,17.4
27773,2019-08-04T12:41:59Z,8d8a869e83fe2ac29e791666634a33af3ea4048ea4e752b6fb1e238c,60.14947,24.91438,000000004ef3150d,2.3
27774,2019-08-04T12:41:59Z,8de3d516b6cffb3335f9ebec3f6068b693db224f56eae6a50d7c6320,60.16531,24.9442,00000000fdda10fe,25.36
27775,2019-08-04T12:41:59Z,9023a89a49a372e5f97cf86ef1b5de0164eb67cc10d394d383ab75fd,60.16829,24.94214,00000000afef4555,17.4
27776,2019-08-04T12:41:59Z,920dc90f60b295267f63efc8f968408087b71878dc3f49f0ded1c41e,60.17919,24.95181,000000007b5207b6,23.56
27777,2019-08-04T12:41:59Z,926717d61529080dfc4c7f8cdcdc82c6490d2a5129474524b8c40ea4,60.16829,24.94214,00000000afef4555,18.79
27778,2019-08-04T12:41:59Z,93a2100e233b204243f7e69b68dea7c9a145d1b5384bd18359bf87a3,60.16531,24.9442,00000000fdda10fe,1.38
27779,2019-08-04T12:41:59Z,94237bc673d78a307ecc9da6df18d0b37e632b8cd6709f81081f000a,60.17002,24.94407,000000006b087f40,14.89
27780,2019-08-04T12:41:59Z,9575ef1c44f26f0301d726029c8b1c28011a4724496943451bee6544,60.14947,24.91438,000000004ef3150d,12.69
27781,2019-08-04T12:41:59Z,958ab5fd2d2c7f0c3fe6dc14fe27005fcf35b013db75f708c22a3619,60.16762,24.95415,000000006b44cce7,13.75
27782,2019-08-04T12:41:59Z,9604244c18efd5978b809f021651f7743e0e64da38fcf3718f9b4f93,60.14699,24.922,00000000a53ed894,7.05
27783,2019-08-04T12:41:59Z,97264f5808fa13851dacabf0c98525eec29849ff4b6a744cc777fd5b,60.16075,24.95883,00000000f1124bca,12.69
27784,2019-08-04T12:41:59Z,9736a8a29aee134a307e0cd4221e9b0a2ab7c48befee43fc62e9f9bd,60.14699,24.922,00000000a53ed894,9.92
27785,2019-08-04T12:41:59Z,9862cafd709b75d07c83b397773e0cf33564666cb81814bdbf5e54f2,60.16897,24.95222,00000000aa852af1,21.87
27786,2019-08-04T12:41:59Z,987d01417bcff2d7f663704309df2ebdcdb035da3ddb085fab0cf928,60.16829,24.94214,00000000afef4555,20.28
27787,2019-08-04T12:41:59Z,9885627881a266e5cf401516e009049e859d738e2e019be570f4b4d8,60.16448,24.97323,0000000053c6c2be,12.69
27788,2019-08-04T12:41:59Z,98bb3b6f5e2403b14b8e01616c07b03bb1fd153ded656033d7bd3533,60.16075,24.95883,00000000f1124bca,2.8
27789,2019-08-04T12:41:59Z,992f6feda52c82ad67e40af55b5602bb22411020701998c6bd65faed,60.16762,24.95415,000000006b44cce7,7.69
27790,2019-08-04T12:41:59Z,99334da99912e6d4b516e02432e7f88db5a5b87f635722bc3a8b38a6,60.14699,24.922,00000000a53ed894,12.69
27791,2019-08-04T12:41:59Z,9ac4c3176875b59567d28bf01df0c9490620902ff082fd0b93d15cb4,60.18203,24.91341,00000000342570c2,23.56
27792,2019-08-04T12:41:59Z,9acffb3f8b8720e2de83c8cfd41915d268d5eca34e0bd280eed3e6f4,60.16897,24.95222,00000000aa852af1,16.1
27793,2019-08-04T12:41:59Z,9bad872c31c8c5e53f064b5367350b41271d45ca8a9e508136622800,60.16897,24.95222,00000000aa852af1,20.28
27794,2019-08-04T12:41:59Z,9e3d4a4b1acd94d2896cd7cf56419110f06ea96faae37aadebd4ec77,60.14947,24.91438,000000004ef3150d,12.69
27795,2019-08-04T12:41:59Z,9ff13c715073d5ad9c464cb67b6de3f703435cf389c32cce5626dfe1,60.149,24.9843,00000000fffb8cf0,20.28
27796,2019-08-04T12:41:59Z,a1b52cda133b45cf931b9e31d4037fb841f80432e99d6a000beeadc8,60.17002,24.94407,000000006b087f40,21.87
27797,2019-08-04T12:41:59Z,a22736c5d66f417bc6b745f51492549dc2e5a3c766f5e7e23f183b41,60.14947,24.91438,000000004ef3150d,27.28
27798,2019-08-04T12:41:59Z,a2e771418a36fc43aa9719d034aa9e3a7a751c5123e4bd33cc2aeea7,60.16531,24.9442,00000000fdda10fe,31.5
27799,2019-08-04T12:41:59Z,a38a21a97a054541f0423f03758c70227116c05254958373e3e93ad0,60.14947,24.91438,000000004ef3150d,17.4
27800,2019-08-04T12:41:59Z,a41e158d772eaf06a23fe6c476419f78fae156bf286c7e56e79cea64,60.14699,24.922,00000000a53ed894,14.89
27801,2019-08-04T12:41:59Z,a422a30ec1eb058c7930e1352297c161639faa5b3ca5f5fa47c4adb3,60.14947,24.91438,000000004ef3150d,3.09
27802,2019-08-04T12:41:59Z,a47f8d59e11da7fa47e0cbe518b593e023018f122d5710ffbb775c0f,60.16829,24.94214,00000000afef4555,14.89
27803,2019-08-04T12:41:59Z,a6484386e3b96e03bba2e837ed3ccbed2e2adb2e7b945583013cb0f2,60.1538,24.95595,0000000038bf9618,31.5
27804,2019-08-04T12:41:59Z,a6f944078dd26796f5a849ccb6fdf8a4436f913cf3302597c846462d,60.16762,24.95415,000000006b44cce7,5.91
27805,2019-08-04T12:41:59Z,a7472d1b63171c047444981df223670390009e3ea502132d9963e9fb,60.14947,24.91438,000000004ef3150d,8.38
27806,2019-08-04T12:41:59Z,a794d97e26d3678bb11b4364880414bb7bfac4bb49d1867b37b489f7,60.14947,24.91438,000000004ef3150d,12.69
27807,2019-08-04T12:41:59Z,a7f337b3cf702b3ac23ddbd21e7708d2b39d7600c5395d992909d78f,60.14699,24.922,00000000a53ed894,20.28
27808,2019-08-04T12:41:59Z,a8bd45406d5913e098652d4c2d836339758e08d21bf5d88becabdd36,60.14947,24.91438,000000004ef3150d,8.38
27809,2019-08-04T12:41:59Z,a9dfc9065260957b1eb8dc3b11b793f73f7940fa5cb61acb16a260e2,60.16897,24.95222,00000000aa852af1,12.69
27810,2019-08-04T12:41:59Z,aa076c3f0d09145aebbb750dde9849ba4eb6759e92ba5753280184d6,60.16762,24.95415,000000006b44cce7,16.1
27811,2019-08-04T12:41:59Z,aa5773b59ce2bf1eee53e4e77cd3c261465d2ea538c9a85b8de30cd8,60.14947,24.91438,000000004ef3150d,4.11
27812,2019-08-04T12:41:59Z,aa6d51fc5411b69567cb854360c4a81267eac19446946eb27618306a,60.14699,24.922,00000000a53ed894,8.38
27813,2019-08-04T12:41:59Z,ac93ac0788af8e1b0f20fada4f15ca1ad31f4084b133482d8211571d,60.14699,24.922,00000000a53ed894,18.79
27814,2019-08-04T12:41:59Z,ad8af809ed47a3391bb53d11da159b3a8b0ddc264d94c049ce72bda0,60.17065,24.93641,000000000f4919c9,0.71
27815,2019-08-04T12:41:59Z,ae08ba8b9f7ef2a4326d6d7bbf452a87d08f8062feaf20cb7101d414,60.15432,24.9211,0000000019fb59c4,7.05
27816,2019-08-04T12:41:59Z,ae87b8dd8920695bc9e599874667205991c04e30666d8523f0be4350,60.14947,24.91438,000000004ef3150d,3.4
27817,2019-08-04T12:41:59Z,aec4b11f0b1ec075878ca4a3b94da464f6fc96e330b913d5bfd346b0,60.16897,24.95222,00000000aa852af1,7.05
27818,2019-08-04T12:41:59Z,af2076810e26511562c652d7bb56794c120526dbd4919212167cc3ed,60.16897,24.95222,00000000aa852af1,9.92
27819,2019-08-04T12:41:59Z,af8d59ebae9a22f7ba004eab4dcac2f4560a935bf6a7f9e2ffc0d0af,60.14947,24.91438,000000004ef3150d,6.46
27820,2019-08-04T12:41:59Z,b12b27061f30d5659794f14cbed5e4726c5af1ef526611d3b2dded29,60.14947,24.91438,000000004ef3150d,7.05
27821,2019-08-04T12:41:59Z,b1c46b35a1667ba263868d803743275be782738cc3703e39ad165aa7,60.14699,24.922,00000000a53ed894,21.87
27822,2019-08-04T12:41:59Z,b26a9be85f5fd17ea58397762fa55db3c8f68fb709d586d61527c892,60.16829,24.94214,00000000afef4555,6.46
27823,2019-08-04T12:41:59Z,b27b090bd1bd9828dcb6ddbd0a1394e4aa097974747dff90ba0eff71,60.16897,24.95222,00000000aa852af1,25.36
27824,2019-08-04T12:41:59Z,b2a01c2a06c3cf1a48333e58e787d9eaf2f975a738c02878220d7774,60.16829,24.94214,00000000afef4555,20.28
27825,2019-08-04T12:41:59Z,b2b344932a455663bb9c15f518950a54e05393ddfca54e5cc094e89a,60.16829,24.94214,00000000afef4555,13.75
27826,2019-08-04T12:41:59Z,b3e9da5a37ed8ed450753cb7443e607ed1de2af685bad5be61b3e91c,60.16075,24.95883,00000000f1124bca,12.69
27827,2019-08-04T12:41:59Z,b41cc64d7ab4e16a03573bdc3b5863c4b402ec66c7780c7900c02877,60.16829,24.94214,00000000afef4555,14.89
27828,2019-08-04T12:41:59Z,b523d3f8341906e4b3877ff7d9614b4e10d6bbf10afdcc6c53656c8f,60.17065,24.93641,000000000f4919c9,27.28
27829,2019-08-04T12:41:59Z,b69761ffcb1ac41f3f7986c75152b6a23ad0d3df6d58b477a2d590b3,60.18203,24.91341,00000000342570c2,29.32
27830,2019-08-04T12:41:59Z,b7039958be9f53a3eaed97f705a1974815f52f25226e920155397bec,60.16075,24.95883,00000000f1124bca,18.79
27831,2019-08-04T12:41:59Z,b7867e052453c9caa213f48b033624b744187f4cd77c2418cf9d7b79,60.14699,24.922,00000000a53ed894,16.1
27832,2019-08-04T12:41:59Z,b82ba472f0cb919b39c31b9c737f1608f6a31ffa63352768f9fa12ea,60.16829,24.94214,00000000afef4555,5.91
27833,2019-08-04T12:41:59Z,b936adc4821ac74aa643564d0b86e3858f1ec392e3f43e92427d7edc,60.14699,24.922,00000000a53ed894,10.78
27834,2019-08-04T12:41:59Z,bb0193f2b0ac4801fe82ed5cec75e687465d707d92e731047f81650f,60.1538,24.95595,0000000038bf9618,2.08
27835,2019-08-04T12:41:59Z,bbe1e18f88cf88928067a0221965768c1f2ae264291cea564d7eb7e8,60.16897,24.95222,00000000aa852af1,23.56
27836,2019-08-04T12:41:59Z,bbe7947ea50de5986f237ccab5782ddb55c199ad6a81e8f692670d0c,60.16829,24.94214,00000000afef4555,9.12
27837,2019-08-04T12:41:59Z,bbf8cd606b9732370f1c0ae0e68d6d0663a23102d831dd10c0e74819,60.16897,24.95222,00000000aa852af1,10.78
27838,2019-08-04T12:41:59Z,bc07df8cc395f6f4f5d483b2233caca5f93a6918f346e4cc3702f8cc,60.16531,24.9442,00000000fdda10fe,12.69
27839,2019-08-04T12:41:59Z,bc478512e217b12ec7e01e1ce8247d394a57fb0c0cc72940f562adc2,60.17065,24.93641,000000000f4919c9,21.87
27840,2019-08-04T12:41:59Z,bcf688ec2e666179e52a495a8304dd7aaaf4acad52788a0929b287a2,60.14699,24.922,00000000a53ed894,20.28
27841,2019-08-04T12:41:59Z,bd33b7ad8d89c8c1958de09b4900b5ebc62ed61b9decf094268b04d0,60.16762,24.95415,000000006b44cce7,13.75
27842,2019-08-04T12:41:59Z,bddca8fc17056f9f207a259070e281eedf4cea3e8e22093b88bbd7b5,60.14699,24.922,00000000a53ed894,7.05
27843,2019-08-04T12:41:59Z,be3899e685ec11f99f7112d4c7cddf57b9c9edeed8394ef9c49ede71,60.17002,24.94407,000000006b087f40,25.36
27844,2019-08-04T12:41:59Z,bebf1edb9736fe66391376c4cf2a3033ab9fa83ae21f86b66392e2d0,60.16762,24.95415,000000006b44cce7,10.78
27845,2019-08-04T12:41:59Z,bef86aee891e6813146b3b9679809c39591429ebddf99a44cc9a60ed,60.14951,24.92138,0000000006dd41f6,21.87
27846,2019-08-04T12:41:59Z,bf2e5725b255e320f1e8375ec03f55194f1fd9f751be9629d873a5c8,60.14699,24.922,00000000a53ed894,4.94
27847,2019-08-04T12:41:59Z,c0722f63618f97eb8ec4afac1a8538b81a3c87e623d753ad1201bf7c,60.16075,24.95883,00000000f1124bca,12.69
27848,2019-08-04T12:41:59Z,c0a0ca3433586ed2ae0e448f2406fabac7292ac79d49562e0bd5cef8,60.16762,24.95415,000000006b44cce7,13.75
27849,2019-08-04T12:41:59Z,c1e4323d2276cb6e358f5fabb123294e7a0ef87e7169f3cccc8f2e03,60.16075,24.95883,00000000f1124bca,18.79
27850,2019-08-04T12:41:59Z,c22d0093a8d103f59838ad43218fa834e328847e5094bcb2e98d5307,60.16829,24.94214,00000000afef4555,8.38
27851,2019-08-04T12:41:59Z,c261834e6d2c1bd9adddb82d8c6ce2d8aad82a89e32da62f3fcc6063,60.16075,24.95883,00000000f1124bca,3.09
27852,2019-08-04T12:41:59Z,c2df6019d8d482b8e842c4255041699db5564f71198829142be74c80,60.16762,24.95415,000000006b44cce7,23.56
27853,2019-08-04T12:41:59Z,c36d58ed0e0dddb3e26be1214e369db1c3fa3d4bcf8b53536a25239b,60.17065,24.93641,000000000f4919c9,6.46
27854,2019-08-04T12:41:59Z,c3be6dcc2c0542676c20d28ce38adbe2c0b9be09caa3f22e60210636,60.16075,24.95883,00000000f1124bca,3.4
27855,2019-08-04T12:41:59Z,c3e5ee20ca76f7347fda00c4c2fdee291bc6d843a879b26fbdd70390,60.17065,24.93641,000000000f4919c9,20.28
27856,2019-08-04T12:41:59Z,c493415e869d6e6304841784a120f994272b83557256b43e44e4f3e0,60.14699,24.922,00000000a53ed894,18.79
27857,2019-08-04T12:41:59Z,c551d554f64ffda092ce6c4a6715f0ed438c9649f7676b2944f1ea2f,60.14699,24.922,00000000a53ed894,17.4
27858,2019-08-04T12:41:59Z,c633a260ce59bad4e1ca42f12936ed8ae57a40f5e6528dfb70052c43,60.16897,24.95222,00000000aa852af1,9.92
27859,2019-08-04T12:41:59Z,c7416c039513e3156222d936c483164a0914a3b5a5310985374f4767,60.17065,24.93641,000000000f4919c9,23.56
27860,2019-08-04T12:41:59Z,c87da10aff699f66ab177faaafcbfb29044be17a0cdcd0770f99f6f0,60.17065,24.93641,000000000f4919c9,9.92
27861,2019-08-04T12:41:59Z,c905a50dedd9b3d2114cde9160b7adf83adc09683b65598ce24c4047,60.1538,24.95595,0000000038bf9618,18.79
27862,2019-08-04T12:41:59Z,c9822d9c012b25f745a2934c523f3c9e6db75fbe3f5e673475813381,60.15432,24.9211,0000000019fb59c4,14.89
27863,2019-08-04T12:41:59Z,ca507a06be040b3e520339b63d5bd15463a1862124c4bd940d936e4a,60.16762,24.95415,000000006b44cce7,16.1
27864,2019-08-04T12:41:59Z,cad80f69731ad65f7f14bf400d674e0c42de462bd42db112c9d9f261,60.16075,24.95883,00000000f1124bca,20.28
27865,2019-08-04T12:41:59Z,cb3f05d5604f5532e039e6d40514b13aba8f6274d952bb17a8b801fc,60.15432,24.9211,0000000019fb59c4,17.4
27866,2019-08-04T12:41:59Z,cbc336691f17a9c508549e03d522166247a0cd0a944321c1a7d15525,60.14699,24.922,00000000a53ed894,7.69
27867,2019-08-04T12:41:59Z,cbeef3bda7bad2ba1dc31f986349ad235f07ee8d53eb4d0bbc920ecd,60.14699,24.922,00000000a53ed894,12.69
27868,2019-08-04T12:41:59Z,cc2cf42c6b14536fb92c810ff0e3dd5a3caa74236f14246a5b6e8cdc,60.16762,24.95415,000000006b44cce7,7.05
27869,2019-08-04T12:41:59Z,cce6b6f309e43e2bb1be6a9784582a82891e976d0869d01040586d27,60.14947,24.91438,000000004ef3150d,5.91
27870,2019-08-04T12:41:59Z,cd2346f3db5667fe43eb0d974ddf486ce9722fe427e98ee232d1ba12,60.14951,24.92138,0000000006dd41f6,27.28
27871,2019-08-04T12:41:59Z,cd3e127e27387b6e06cdf27f46fb6046e4182e4d7b49b49c17167c1c,60.14947,24.91438,000000004ef3150d,17.4
27872,2019-08-04T12:41:59Z,cd4867e8bfd7af028b5546f9acfa77ecb7ff107d7c09d62186ecbbd7,60.16075,24.95883,00000000f1124bca,13.75
27873,2019-08-04T12:41:59Z,cd4ecd3b83630f6e5d65f635804e47a1ceb82853aac36af30044f06a,60.149,24.9843,00000000fffb8cf0,29.32
27874,2019-08-04T12:41:59Z,cd9b2be9ffb37c8b7c5c25f587c95b1c7932a21fb245487ea2f740d9,60.14699,24.922,00000000a53ed894,6.46
27875,2019-08-04T12:41:59Z,ce6a8017f454ee88825097762b1bdb8e5ba78fff9cd3e49bc2ee2400,60.14699,24.922,00000000a53ed894,20.28
27876,2019-08-04T12:41:59Z,ceb777dafa9b7e39125b89735b7f0cf22c3018eb0196043ac8160370,60.14699,24.922,00000000a53ed894,16.1
27877,2019-08-04T12:41:59Z,cef1d06a10cfa08bcaef8b36535c2ec32c756a76cc0d5c2a1246f933,60.14699,24.922,00000000a53ed894,9.92
27878,2019-08-04T12:41:59Z,cfa42322be0000cf89d8969d1b88ace0ba99cab721dd58d55d41a36e,60.17065,24.93641,000000000f4919c9,11.7
27879,2019-08-04T12:41:59Z,cfc2a688ff31fbb1baac8790fb6d56dc7746ba2cf9e0e5f39d4751a4,60.14699,24.922,00000000a53ed894,8.38
27880,2019-08-04T12:41:59Z,d03671e2aa8386fb28a425b20505ceed966063990d65611e2dfda4f2,60.16075,24.95883,00000000f1124bca,29.32
27881,2019-08-04T12:41:59Z,d098b9b5b30c5fcd4ae8a2b8bc761df72829713d3ae919634876d349,60.14699,24.922,00000000a53ed894,4.5
27882,2019-08-04T12:41:59Z,d0aa228c2a3e6e1568e876cffc76874702e0f0f63f18533551bf02c1,60.16075,24.95883,00000000f1124bca,14.89
27883,2019-08-04T12:41:59Z,d0cab2a2660dcc5cb99a9bdf39d2e6b31b7498985db1b50e48cb478d,60.18203,24.91341,00000000342570c2,18.79
27884,2019-08-04T12:41:59Z,d1494ea9019ebe27ab1e0e4d26f4f307c19720a0d8851bc848d80cab,60.1538,24.95595,0000000038bf9618,38.87
27885,2019-08-04T12:41:59Z,d38e88e5b926f9d1de6e326cca45116fcca11f10684c80876739c6cd,60.16075,24.95883,00000000f1124bca,6.46
27886,2019-08-04T12:41:59Z,d3c0cff604283ea6adeabb4f867f3fcaf8ee41fd27fc600d33c4d70d,60.16075,24.95883,00000000f1124bca,25.36
27887,2019-08-04T12:41:59Z,d64eda229ebb6012e59bc89eacb74918e404ce52f16b491f3d48e800,60.16897,24.95222,00000000aa852af1,9.92
27888,2019-08-04T12:41:59Z,d75c412090c347ad7fca9287bcc4eb9bfb757dc7c1725109861dd93e,60.16629,24.95957,00000000fb7600be,14.89
27889,2019-08-04T12:41:59Z,d87210146aab139cc6640a20b428dce6ac516806a71a177b70e04f62,60.17065,24.93641,000000000f4919c9,11.7
27890,2019-08-04T12:41:59Z,d8983a8fe916583702bb776d3d8d3cbbe9e78778fd44d07c52ad1f2d,60.14699,24.922,00000000a53ed894,13.75
27891,2019-08-04T12:41:59Z,d8e7e8b511d1123d1389cf08abbfa54b2b38e1824598b88008356c33,60.16897,24.95222,00000000aa852af1,5.41
27892,2019-08-04T12:41:59Z,da0c40291d3ace2273a08e3c9b87cbc15b0f03d0dba61e7c5a88dc0c,60.15432,24.9211,0000000019fb59c4,31.5
27893,2019-08-04T12:41:59Z,da667dfa2d8a272a7398e186de027fabd2052052c0aad767a1c7d966,60.16897,24.95222,00000000aa852af1,11.7
27894,2019-08-04T12:41:59Z,db9cee77723e2258651606fd447070139d95eb1138f8e56957bff8f1,60.17002,24.94407,000000006b087f40,16.1
27895,2019-08-04T12:41:59Z,dbf9f0495974591badcee3fcfc1b5eb718b26de86aaf486c351ad084,60.14947,24.91438,000000004ef3150d,4.11
27896,2019-08-04T12:41:59Z,dc439ef81c2abfb840e3ab145f2b944aae18a1beffd3eb47de845b9c,60.16531,24.9442,00000000fdda10fe,18.79
27897,2019-08-04T12:41:59Z,dcec4c4fb70c5f7dd0f408b6499f8c5ab0c2e9ff2b6d0fb082eba391,60.16075,24.95883,00000000f1124bca,11.7
27898,2019-08-04T12:41:59Z,ddc8410b9e4ece4b995b789f95e526693bac176ed77092ba57355dc8,60.16762,24.95415,000000006b44cce7,3.4
27899,2019-08-04T12:41:59Z,ddce2d528e197cb0d54977ebbbc13ab565284b3d8048e2feb6ba27d1,60.15432,24.9211,0000000019fb59c4,21.87
27900,2019-08-04T12:41:59Z,de09fd8d15c3d7adbf440a3d0a418a3b476513c968bda8a4aa652adf,60.173,24.92524,0000000096918cfa,27.28
27901,2019-08-04T12:41:59Z,de0d086ae32f87522eab31d3bc52545ed17b065889674963c0709568,60.16829,24.94214,00000000afef4555,13.75
27902,2019-08-04T12:41:59Z,de3fe5f63e74a582e06c8cb02e6128d6013827015ba3e2fe93082977,60.17002,24.94407,000000006b087f40,23.56
27903,2019-08-04T12:41:59Z,de84f754a3916c8f831b0bb8ea41fc2a42cdea2794558fece3c7ae97,60.1538,24.95595,0000000038bf9618,25.36
27904,2019-08-04T12:41:59Z,e02c0f9f72e9f248a4b5df8af328e1a0132d4d8a72c1e603d14cdacd,60.18203,24.91341,00000000342570c2,17.4
27905,2019-08-04T12:41:59Z,e0df847c19b463dec6cea35494d375ce136a276c6a785936c931f60f,60.18203,24.91341,00000000342570c2,21.87
27906,2019-08-04T12:41:59Z,e0ff1e75104c5dfa3549647c238569888e353e1322256a5c6979de0b,60.14699,24.922,00000000a53ed894,6.46
27907,2019-08-04T12:41:59Z,e1322e5118885f9bd50f4b2f8c4fd6d329ced295738b9983ef61b1c8,60.1538,24.95595,0000000038bf9618,33.81
27908,2019-08-04T12:41:59Z,e1a443e10353da64728464e8a720aaf22a62b80d404f1acae1a1c6ee,60.1538,24.95595,0000000038bf9618,25.36
27909,2019-08-04T12:41:59Z,e23a6115ba872037f9b5066c9c9c966b497f449e32a2c9ceb0e55497,60.16829,24.94214,00000000afef4555,7.69
27910,2019-08-04T12:41:59Z,e2ad7d478fd698beae83366f49585d9825bec4865c1610162f3108c2,60.16897,24.95222,00000000aa852af1,25.36
27911,2019-08-04T12:41:59Z,e2d7945f2c60a0d0622aef6a266620cf09df2e3a66baf2d303464c90,60.1538,24.95595,0000000038bf9618,27.28
27912,2019-08-04T12:41:59Z,e34bcebfa007159f3d2adb0e62e20fcf721a221f52bdfe2a6ad77831,60.18203,24.91341,00000000342570c2,17.4
27913,2019-08-04T12:41:59Z,e3e3bac265ab2713063d7435bf5c7374dfc7dfc647fb677a030a1a49,60.18203,24.91341,00000000342570c2,31.5
27914,2019-08-04T12:41:59Z,e40a26f3f7468f4ac2302b45f1ed9aab7fea245ccf81d0c08072c881,60.16829,24.94214,00000000afef4555,3.4
27915,2019-08-04T12:41:59Z,e447e76c7b53157c11d5bfeb172c27332c81b5ec7f263badf5507888,60.149,24.9843,00000000fffb8cf0,16.1
27916,2019-08-04T12:41:59Z,e4b111abda6e15229c808fb72d5c0c38e2cf3abdbbb62fff5ae48e42,60.16762,24.95415,000000006b44cce7,14.89
27917,2019-08-04T12:41:59Z,e65f7c68ce6502de36e4f47d0646a91a76d6c8cf8b5ffd26a3df8f4b,60.149,24.9843,00000000fffb8cf0,12.69
27918,2019-08-04T12:41:59Z,e764c71787bfa606c5c782497e3328f680577e3032027962db0542a2,60.149,24.9843,00000000fffb8cf0,20.28
27919,2019-08-04T12:41:59Z,e7cd5f775c7eea951719f351fcc25c710f857832d6f4b70a51b7b82d,60.16897,24.95222,00000000aa852af1,7.69
27920,2019-08-04T12:41:59Z,e826dedac8582e619ce18cd7eed68be5ee1fc9ed37e191e06f916835,60.14947,24.91438,000000004ef3150d,7.69
27921,2019-08-04T12:41:59Z,e9115410fa45db5a174eee008cae729dc69937a0e0b5a304899bf1b9,60.17065,24.93641,000000000f4919c9,27.28
27922,2019-08-04T12:41:59Z,e9e19621fc5cfcfed2c808bbadc6cc6dd31e28d3c04cef8b89ca2729,60.16075,24.95883,00000000f1124bca,9.92
27923,2019-08-04T12:41:59Z,ea157e44ed100be3f782d8b3d8e5e0986079c588c9ea754b14917df0,60.16829,24.94214,00000000afef4555,11.7
27924,2019-08-04T12:41:59Z,ea2f4d9799324f4cd2a6fcda1625b65acdbab9f6b8331c26f63beec2,60.16897,24.95222,00000000aa852af1,18.79
27925,2019-08-04T12:41:59Z,eac6fda3a18aa9ce55b6359f5c62a044e0bcd6bc3576c8cd815acf07,60.14699,24.922,00000000a53ed894,14.89
27926,2019-08-04T12:41:59Z,eb6541383f8b12fc5476e5e2bc406933edfd211f49a1bbb93f323fa0,60.14699,24.922,00000000a53ed894,17.4
27927,2019-08-04T12:41:59Z,ed70712277756192c688e0f4d7620cdb33803ab3e0cc7c180c3efd23,60.15432,24.9211,0000000019fb59c4,9.92
27928,2019-08-04T12:41:59Z,eed1c3b93e33ab3a4802db427c8c197c0fbad358e039b6ea8c8af07b,60.18203,24.91341,00000000342570c2,13.75
27929,2019-08-04T12:41:59Z,ef352dcaa8317b6a3c0a02cd8908dd13da5601cc66ba65c5fd8d031a,60.14947,24.91438,000000004ef3150d,20.28
27930,2019-08-04T12:41:59Z,f062cb52d49926a4fb39f723275ed60ab6c0f3bf34e0c3f9d233b7b8,60.14947,24.91438,000000004ef3150d,23.56
27931,2019-08-04T12:41:59Z,f15b72a3aad411d2f8a70b41c4f62ad2d744d064d42ec00c71a18ac5,60.16762,24.95415,000000006b44cce7,2.08
27932,2019-08-04T12:41:59Z,f1845e00642980be3cdc27a088c619bb0616b86f7cfa0b8909efac80,60.16544,24.95398,0000000038d83d41,29.32
27933,2019-08-04T12:41:59Z,f1e73fa6dab8e8a2db6d7515f601fac161f17c34beb84aa55e812a9e,60.16762,24.95415,000000006b44cce7,1.38
27934,2019-08-04T12:41:59Z,f20f951802c722181f0e90095001c49e73f84049bb105b95c97049d1,60.17918,24.95141,00000000675d5200,20.28
27935,2019-08-04T12:41:59Z,f366283765028e1454f3cfc564b9f220c9d700bfa8a843746eca3141,60.16897,24.95222,00000000aa852af1,17.4
27936,2019-08-04T12:41:59Z,f39827c3c7f4c833d1118043492f78e3255b6da9f4a2c000041d9b61,60.16829,24.94214,00000000afef4555,4.94
27937,2019-08-04T12:41:59Z,f5f7cfe177dfb0b7ebba2419ae53f70b6b5690dd98d98586004a9107,60.149,24.9843,00000000fffb8cf0,20.28
27938,2019-08-04T12:41:59Z,f66767381dd8d1bf0e53c7bb920dd23845902ad04a03ab1134a70b11,60.173,24.92524,0000000096918cfa,27.28
27939,2019-08-04T12:41:59Z,f7f0caf73572bea3c08b592eeb9655b2668cfb16fd8840ca5619d84a,60.14699,24.922,00000000a53ed894,5.91
27940,2019-08-04T12:41:59Z,f868d87b5d5a7094b60a131cd3e120c25787ebf751f7c93640b34942,60.16897,24.95222,00000000aa852af1,13.75
27941,2019-08-04T12:41:59Z,f8921b07c5b509c95015ee48304dcbb9b43fc2b579459b8efd3731fc,60.16897,24.95222,00000000aa852af1,20.28
27942,2019-08-04T12:41:59Z,f89ed6a4a644f021299a91bd365b752023ef85e8cb44c2ce33ca3b07,60.16448,24.97323,0000000053c6c2be,38.87
27943,2019-08-04T12:41:59Z,f97bd6b766461dd4066a8fde3d7dfed9d1027ff23973200a005458cd,60.17002,24.94407,000000006b087f40,7.05
27944,2019-08-04T12:41:59Z,fa96854324adae88abb35afa34b2393a20338bfd8fc9602d3ce6ae8d,60.14947,24.91438,000000004ef3150d,5.41
27945,2019-08-04T12:41:59Z,fadc39da3cd26ac621092fbbff224b95bb13446c8d24bbf4f3e50e90,60.14947,24.91438,000000004ef3150d,3.09
27946,2019-08-04T12:41:59Z,fc5c517b4bcaf5e392ff920858d70ed6c59751b0934ce3dbe372996e,60.16829,24.94214,00000000afef4555,7.69
27947,2019-08-04T12:41:59Z,fc618d570293e104f3bf927312641e3b7c65acce185b1614337d848c,60.16829,24.94214,00000000afef4555,18.79
27948,2019-08-04T12:41:59Z,fce50ac3cfd2f3b7a897f6575eeda4e45ab42e5b9b5351be836cc0de,60.16897,24.95222,00000000aa852af1,16.1
27949,2019-08-04T12:41:59Z,fd77161cf9715d9d0f922cf45e79e5d9b9debef5113cb32a4f82ef76,60.16762,24.95415,000000006b44cce7,3.74
27950,2019-08-04T12:41:59Z,fe5ca86c906b1cb3bf9dd257ceefc562e41da499878f1074484f7d42,60.14947,24.91438,000000004ef3150d,10.78
27951,2019-08-04T12:41:59Z,fe694a484edd6d458a9dd6ab1b972c47170c8d32ebc0a87317ddc660,60.18203,24.91341,00000000342570c2,29.32
27952,2019-08-04T12:41:59Z,feb399897846bc34dc3f4b06ac4ef0ffb0db885977b88e5c5fdb7350,60.14699,24.922,00000000a53ed894,9.92
27953,2019-08-04T12:41:59Z,feef8514003d83f6df23d1f12c4f5c23c5605b684b459e94f0e6e6da,60.16448,24.97323,0000000053c6c2be,29.32
27954,2019-08-04T12:41:59Z,fef7e63471b9df4d5f68907f8607d8b1830400ae9fff12023fef50f0,60.14951,24.92138,0000000006dd41f6,21.87
27955,2019-08-04T12:41:59Z,ff4f3e0f964f23b97e88626f7a506bb4409718931712c58ce0f247af,60.16762,24.95415,000000006b44cce7,8.38
27956,2019-08-04T12:41:59Z,ff8d5b9e61bd912b13b664db8ef2919e1f515ca3b20ae67f532a5c8a,60.16762,24.95415,000000006b44cce7,4.11
27957,2019-08-04T12:42:00Z,002609eccfa6482109fb43966e0153bf6f371425cf715e49925348dd,60.14699,24.922,00000000a53ed894,27.28
27958,2019-08-04T12:42:00Z,03e0fc996a589ccdf1871b3c78e089c08c93ba1f2a02d740fb384aac,60.16531,24.9442,00000000fdda10fe,36.27
27959,2019-08-04T12:42:00Z,07d86ad98399440d0cc3bd3382a7256feb971e49a3686dc17f532e1c,60.16829,24.94214,00000000afef4555,18.79
27960,2019-08-04T12:42:00Z,0dd09efc9717b508a52eb5196698ac7acffb325c836e14f240e56313,60.14947,24.91438,000000004ef3150d,12.69
27961,2019-08-04T12:42:00Z,14c7e1511b70f4dd3359cbece1377aebb4d70531f5489eefe53d7c3c,60.16544,24.95398,0000000038d83d41,25.36
27962,2019-08-04T12:42:00Z,1599d2c9070a6f05e1a5887c2d9209214c04818c6203fe75440734f2,60.1538,24.95595,0000000038bf9618,25.36
27963,2019-08-04T12:42:00Z,165ebbb4090d47319ae370f0d0854fdc1f6b79499f8b2e4d3c3533c0,60.16544,24.95398,0000000038d83d41,27.28
27964,2019-08-04T12:42:00Z,16962a7bb036a995c8cf0c2bc17153c812c23d9af2eaf2207425da3b,60.14951,24.92138,0000000006dd41f6,31.5
27965,2019-08-04T12:42:00Z,16c994bb2e24124a910c247376d16e980a65626a94c4c0aaab27df60,60.16829,24.94214,00000000afef4555,27.28
27966,2019-08-04T12:42:00Z,1e7ea410376fbdb3f3c476c76d23abad5d830690f78f71ea06f7e321,60.16075,24.95883,00000000f1124bca,16.1
27967,2019-08-04T12:42:00Z,211f6b7b044343d0be369791b3fa3c144d0d0f391e2a42787712efb0,60.16448,24.97323,0000000053c6c2be,14.89
27968,2019-08-04T12:42:00Z,23587f2ca6a8c83a3c277c80fbeef76540c1646b104df2b06eb3528f,60.18203,24.91341,00000000342570c2,21.87
27969,2019-08-04T12:42:00Z,25a7ff811c3c06e426c7c2cbb0433d9a2a3399b23afecbd35584ab0f,60.18203,24.91341,00000000342570c2,9.92
27970,2019-08-04T12:42:00Z,2603b5aecd8f219a410e558446935308ecabb09a6c9e5b38533728ff,60.16829,24.94214,00000000afef4555,18.79
27971,2019-08-04T12:42:00Z,315af4a829b592ba99b203b8ed2cbd499769f8752dfe6de7da4ee929,60.16829,24.94214,00000000afef4555,16.1
27972,2019-08-04T12:42:00Z,3944bc7a301be7241d1f7bc4a97f221000d535ce3d8a9af9af9b23b5,60.16531,24.9442,00000000fdda10fe,29.32
27973,2019-08-04T12:42:00Z,3fe5f4ccfa5c777ceafda0674d7c9da6f509f6694b4c2fa254b32e73,60.16897,24.95222,00000000aa852af1,20.28
27974,2019-08-04T12:42:00Z,4317f5904a5e6ae921bf743dd534c803083fd90b15a1245881beeade,60.16897,24.95222,00000000aa852af1,23.56
27975,2019-08-04T12:42:00Z,43b676ed3aef4c2d8846694817e76117873be52e7f788e0cb366c1c4,60.16629,24.95957,00000000fb7600be,31.5
27976,2019-08-04T12:42:00Z,44d0b94469070803869f229601e877beb613c3f5aafa009addf97a1a,60.16544,24.95398,0000000038d83d41,16.1
27977,2019-08-04T12:42:00Z,57a75e8d2a7c752a9eca62fc364f00a67cd3feca62f0c7cb76bac6c7,60.18203,24.91341,00000000342570c2,25.36
27978,2019-08-04T12:42:00Z,5d65719c4cbf045f068d084b72302f447d5fd034413d97d13be00d0e,60.18203,24.91341,00000000342570c2,20.28
27979,2019-08-04T12:42:00Z,5eed115a984d490b02b602d73787aee8dc8c4e9365b77fbff3818a76,60.16629,24.95957,00000000fb7600be,21.87
27980,2019-08-04T12:42:00Z,5fecff186138a9b3e31c6086c33dcd5f1d209e64f0afeed7c688cab0,60.16897,24.95222,00000000aa852af1,27.28
27981,2019-08-04T12:42:00Z,603d01ffc4c97d9ff3c325c338c4838259f40fd377cda18a7bf3e608,60.15432,24.9211,0000000019fb59c4,13.75
27982,2019-08-04T12:42:00Z,62419d6b1578f35e5e56573669f6605d71e40584ee69bdddf2885e3f,60.16829,24.94214,00000000afef4555,27.28
27983,2019-08-04T12:42:00Z,69219e9efa41ae9e732653e9eaf08e1a34cb853a9dafe76ddeea4d04,60.16897,24.95222,00000000aa852af1,17.4
27984,2019-08-04T12:42:00Z,6a70e2fbced719333e21eff04fcb9cb36bae9a04d1a3d6ddd96f2c58,60.15432,24.9211,0000000019fb59c4,7.69
27985,2019-08-04T12:42:00Z,70d8572458a1a103555bab897b6443e601e0ed211414b15ad0b56f60,60.16544,24.95398,0000000038d83d41,21.87
27986,2019-08-04T12:42:00Z,737efc92e3419e9d96a8559ec341ea7e18ba6381fd8e4de3d06f82a0,60.14699,24.922,00000000a53ed894,31.5
27987,2019-08-04T12:42:00Z,747f2d1ebff218c0ebbdc0fdaef4cbe56633dfb46ae1b1f8c8142201,60.16762,24.95415,000000006b44cce7,20.28
27988,2019-08-04T12:42:00Z,7678cdb86d454ca9ae52f22d97e635106585a3a046d01da4463695cc,60.18203,24.91341,00000000342570c2,25.36
27989,2019-08-04T12:42:00Z,85ef35aecf2ff804be3d958b592705ec41c6df9c128c132c65bb283d,60.16897,24.95222,00000000aa852af1,29.32
27990,2019-08-04T12:42:00Z,87dfaad29a9276ddddb1fa021d3bc23ad14824c1af16f7d87e713689,60.14951,24.92138,0000000006dd41f6,9.12
27991,2019-08-04T12:42:00Z,88808fe92573e9cdf022cc15b9689b6b4b9429f60513c8897b0ba4c7,60.16897,24.95222,00000000aa852af1,13.75
27992,2019-08-04T12:42:00Z,89982a6acf91b79a282a6b63978e946ee205f303fcd20e944e06baf0,60.16544,24.95398,0000000038d83d41,21.87
27993,2019-08-04T12:42:00Z,8c75c3289c84fe4493e1e272a77b615fe1985880c5dc68a7c1a17b53,60.16762,24.95415,000000006b44cce7,10.78
27994,2019-08-04T12:42:00Z,9843c6216661048343a0e49cf3d8aa2883cf77f452666a1c873a1052,60.16448,24.97323,0000000053c6c2be,12.69
27995,2019-08-04T12:42:00Z,99e2e374006ef5e33260626b9ce7146f90689eab11436fee95e12f96,60.16075,24.95883,00000000f1124bca,17.4
27996,2019-08-04T12:42:00Z,a91d379a4b57c5df22db0d7a041ff69f657b4b31f28554b1011fc03c,60.16544,24.95398,0000000038d83d41,29.32
27997,2019-08-04T12:42:00Z,af807b67ce09a2ce1744025c421961213f1608ca658ece4df69555a1,60.16762,24.95415,000000006b44cce7,16.1
27998,2019-08-04T12:42:00Z,b5fd6b317890e5ab2d79e2cd1abe61626d45a753c7337d0d40728898,60.16762,24.95415,000000006b44cce7,9.12
27999,2019-08-04T12:42:00Z,b6768ae226a93bce23852414e20866c7413513d067579c03ea883dfa,60.17065,24.93641,000000000f4919c9,16.1
28000,2019-08-04T12:42:00Z,bca443064699e0ac05c40e587aef06d7fd580817e739133a501490bc,60.14699,24.922,00000000a53ed894,20.28
28001,2019-08-04T12:42:00Z,bcb0201b0a1edf350ae2f681076e7d2d48ebd94c075bd3ca59552020,60.16897,24.95222,00000000aa852af1,9.92
28002,2019-08-04T12:42:00Z,bce16addb0ad2b7209298c35b3506869253f4e4a612a4cb45803ddf2,60.16075,24.95883,00000000f1124bca,20.28
28003,2019-08-04T12:42:00Z,be41ebc5fb0d348fc1ef1166d44251c3112a78a4ea01aa980364ee7c,60.14699,24.922,00000000a53ed894,12.69
28004,2019-08-04T12:42:00Z,c175b4269517070a33be84e85a4b8b23c3bb430ff6c31b121ac1603f,60.16762,24.95415,000000006b44cce7,6.46
28005,2019-08-04T12:42:00Z,c40c37def6bf11a63a2556519a7c6233fd417cdeea2cf14f28e7c42c,60.16531,24.9442,00000000fdda10fe,23.56
28006,2019-08-04T12:42:00Z,c97eb4181394121907d47b908495f54e5ee5145ff790f7a1dc21b3cf,60.16897,24.95222,00000000aa852af1,16.1
28007,2019-08-04T12:42:00Z,ca6927628f5ddda20036865c9345ad93d476d62ade3b181de568eed6,60.16897,24.95222,00000000aa852af1,29.32
28008,2019-08-04T12:42:00Z,cf05623e4d87ce0906c0b0b7dbf53aacc1228016cd27c341228b6e76,60.18203,24.91341,00000000342570c2,17.4
28009,2019-08-04T12:42:00Z,cfc0bedb78ded52749db3188cb188bf6a250ef5990da9c5afa9623fc,60.14951,24.92138,0000000006dd41f6,18.79
28010,2019-08-04T12:42:00Z,d661caec7a5da6aef734734bbf9090debe494c1afd98050f88f269bd,60.16829,24.94214,00000000afef4555,17.4
28011,2019-08-04T12:42:00Z,ded49640b591e73bff71f84fb99d2739eb6c9554164a015017725e03,60.16829,24.94214,00000000afef4555,14.89
28012,2019-08-04T12:42:00Z,e25d178078722ee1bcfd7dc234170da6a2c1f8cfaa5f2a58442674ae,60.16762,24.95415,000000006b44cce7,21.87
28013,2019-08-04T12:42:00Z,e8e366e76c97944e23c0f80b4fd3ce6e5832744922297146a49f0c7e,60.16762,24.95415,000000006b44cce7,11.7
28014,2019-08-04T12:42:00Z,e96bd269a48b822b06141c3362fcb6d5ed4d0d09a120f2e4a712d5c2,60.16897,24.95222,00000000aa852af1,12.69
28015,2019-08-04T12:42:00Z,f088630d7476dae7d4b7e2bb1f10575f2c89acb4b6e061f3d57c2b40,60.16531,24.9442,00000000fdda10fe,18.79
28016,2019-08-04T12:42:00Z,f29ea15113ac0eea0be8ec41c633909de4b0b9ab6c7b9898b128080c,60.16897,24.95222,00000000aa852af1,20.28
28017,2019-08-04T12:42:00Z,f45ac1642ec7d40985b62d31f6c0f51f392a33080c7dc1f686f90067,60.1538,24.95595,0000000038bf9618,27.28
28018,2019-08-04T12:42:00Z,f94dddacf96965952551200a02b41925bcd21402aceafb12f19931af,60.16075,24.95883,00000000f1124bca,9.92
28019,2019-08-04T12:42:00Z,009ad4cd2bd97e04da44cc9789e6bdbdb899eded61d05b7d5634b7be,60.16829,24.94214,00000000afef4555,27.28
28020,2019-08-04T12:42:00Z,00a07b1f8113691d8475c54082a14cdd54decf9845a90e75df8031a6,60.17065,24.93641,000000000f4919c9,25.36
28021,2019-08-04T12:42:00Z,032e5d7621738a50c9e742e0cba13c819f7c67cedf8687f3ab25595c,60.16762,24.95415,000000006b44cce7,11.7
28022,2019-08-04T12:42:00Z,033759f09b97a9347fd7852dbc2bcd3abbb67a792486acad9d185bca,60.16762,24.95415,000000006b44cce7,6.46
28023,2019-08-04T12:42:00Z,036c183505fea646b54aeb0c612913cafba94eca65e47d3c6d840a68,60.17918,24.95141,00000000675d5200,20.28
28024,2019-08-04T12:42:00Z,0479a26a59d65bf1dee05c06f4227a0ba63a6e9c9a09e7c34f2e06b4,60.14699,24.922,00000000a53ed894,13.75
28025,2019-08-04T12:42:00Z,04b49a34910d12f55243dd5a756c7cc1e506e5d3cdb418cc635e9ad9,60.16762,24.95415,000000006b44cce7,5.91
28026,2019-08-04T12:42:00Z,04b5d29c48edaaf4904a98e412562e3c0d857eb20342cc7c323d4293,60.16762,24.95415,000000006b44cce7,9.12
28027,2019-08-04T12:42:00Z,04f35922a81b516e7028f61c6ff34faf6da85df0a5cfcefb6df1861f,60.149,24.9843,00000000fffb8cf0,23.56
28028,2019-08-04T12:42:00Z,073c1eeb0d9e511743bae8d5b87b95a19017f59a1dc3597d8618a908,60.173,24.92524,0000000096918cfa,21.87
28029,2019-08-04T12:42:00Z,076c28c1895ef1919c11113113c12655c546fc90a00800e5ebec5b56,60.14699,24.922,00000000a53ed894,6.46
28030,2019-08-04T12:42:00Z,07fa093f5dceb6043b0a8c9d8ad01c1bfdfe15d4b3071a26b747ea07,60.14699,24.922,00000000a53ed894,11.7
28031,2019-08-04T12:42:00Z,082bb64252a111bbbb2b4087bd115d2c38ac4660a73c922c72425120,60.16762,24.95415,000000006b44cce7,21.87
28032,2019-08-04T12:42:00Z,0947f9d6bb6c34e382e008052b704b6521ac4f7678a2e8a719bb574b,60.15432,24.9211,0000000019fb59c4,23.56
28033,2019-08-04T12:42:00Z,09e6b7d5a7a9e691d686fb405bc2bfe0c9e5d525b47385d9235575e3,60.16897,24.95222,00000000aa852af1,8.38
28034,2019-08-04T12:42:00Z,0a0acb70a8ef92be52a64d4425e70bb2f7a17d13942c3382c9d68878,60.149,24.9843,00000000fffb8cf0,5.91
28035,2019-08-04T12:42:00Z,0a5ed50daf13dd10744537aa851ac7ab1d34d9797ec6ab6e2402aebb,60.16762,24.95415,000000006b44cce7,4.11
28036,2019-08-04T12:42:00Z,0aabf0df4c3c5b45bb8950c92dbe624985f19e8650ed61f92571a65a,60.14699,24.922,00000000a53ed894,16.1
28037,2019-08-04T12:42:00Z,0acb4bd7319729fea4acf035921d1136d86a307a60b4444669cede1a,60.14699,24.922,00000000a53ed894,3.74
28038,2019-08-04T12:42:00Z,0b0dd9af9d52c68ff71ce266d6707abbb0f56c3c63be0f83f7b5df9b,60.16762,24.95415,000000006b44cce7,8.38
28039,2019-08-04T12:42:00Z,0c905239b8c0e14cba671cf4d4d715d1045a30ee62a6285fb489dbb0,60.16829,24.94214,00000000afef4555,7.05
28040,2019-08-04T12:42:00Z,0d3525b13d674f1645fdbe6d842fe37b2f416889c5472e9dfcc5445c,60.14947,24.91438,000000004ef3150d,7.69
28041,2019-08-04T12:42:00Z,0d8341f0125a5323521549248771d5448e5f788aefe9b989e3b20114,60.16829,24.94214,00000000afef4555,23.56
28042,2019-08-04T12:42:00Z,10a99e791e27975dc1c9d73d3163cabacf3bd7bd05a4f7abf6365426,60.14699,24.922,00000000a53ed894,10.78
28043,2019-08-04T12:42:00Z,10caaea8002e8b3b342b32710efdd7305ff375ca1cdc01411f66b2f6,60.14699,24.922,00000000a53ed894,4.94
28044,2019-08-04T12:42:00Z,1163b45fdf756b64ffdbb517aafeed278462e280c81160974b3b6a08,60.16629,24.95957,00000000fb7600be,23.56
28045,2019-08-04T12:42:00Z,120a63917cb5ab619bf9a71328f14020736ee84e75d5b37278748def,60.16897,24.95222,00000000aa852af1,11.7
28046,2019-08-04T12:42:00Z,124cce476184e061b136f481014a2abc7208d30e4e520ffd90c85adb,60.17002,24.94407,000000006b087f40,20.28
28047,2019-08-04T12:42:00Z,128df515b075ffc54794d311944f31b9b1c1132d182943a9880e5bc0,60.16544,24.95398,0000000038d83d41,29.32
28048,2019-08-04T12:42:00Z,12fb8b4ee43472fe3f49e3ac6791275a4a7d7beec0e3b87fbae1320e,60.16829,24.94214,00000000afef4555,25.36
28049,2019-08-04T12:42:00Z,139adb42421bc3f706b2046ce2450c08db0e04bcfa86710d2619341c,60.14951,24.92138,0000000006dd41f6,25.36
28050,2019-08-04T12:42:00Z,13bcedb8c59b26417282929d81844b272c7c5bc295614f531219a8e4,60.14947,24.91438,000000004ef3150d,12.69
28051,2019-08-04T12:42:00Z,13ee67fb034e3d24edc9a9618e9d6de24979ebbcb399f83abb02a897,60.14699,24.922,00000000a53ed894,5.41
28052,2019-08-04T12:42:00Z,1496ce9cf373a2a508a8ab0b7aa0604dd889fd69483881c3752219af,60.14699,24.922,00000000a53ed894,10.78
28053,2019-08-04T12:42:00Z,1515fbb735095b233eea332bf40cff9995758e9bd0ad60218875554b,60.14699,24.922,00000000a53ed894,18.79
28054,2019-08-04T12:42:00Z,1551f9fdd5a57b17be51babad39f807f04be4d340266c153eb860156,60.15432,24.9211,0000000019fb59c4,14.89
28055,2019-08-04T12:42:00Z,161aa798c2a18e132fb27ecded773218ea4e42eabbd0e5794b1d7017,60.15432,24.9211,0000000019fb59c4,16.1
28056,2019-08-04T12:42:00Z,1769031b7f4d75de0541e26427b9ecc92c84b80992e3b36bb8eb799e,60.16829,24.94214,00000000afef4555,4.94
28057,2019-08-04T12:42:00Z,1882b53729765cca25bc63400074242872d6fbc57882f131285b277f,60.16829,24.94214,00000000afef4555,11.7
28058,2019-08-04T12:42:00Z,194e6ced97ec114a37fe06d6d73fb687c057d411be476f1ea6f4852e,60.16897,24.95222,00000000aa852af1,18.79
28059,2019-08-04T12:42:00Z,1a93dfa31156cee53b4bd527d8b74655a5da812b6933d8a86d871e47,60.14947,24.91438,000000004ef3150d,11.7
28060,2019-08-04T12:42:00Z,1ad0b84716a79851fa8db7a993012f0c8e496d6cba9d028a546285a2,60.16897,24.95222,00000000aa852af1,10.78
28061,2019-08-04T12:42:00Z,1b577cccfa28c7e2d4591ce0886d0b8c3669b5778a6061c908240f73,60.14947,24.91438,000000004ef3150d,4.11
28062,2019-08-04T12:42:00Z,1bcef866fafad7c7460a084e0b0d27c087b549f4ae704390708be47e,60.149,24.9843,00000000fffb8cf0,9.12
28063,2019-08-04T12:42:00Z,1c669457535e4635f732c228ec524f9d2c440b0d2132fa1acd93122a,60.16897,24.95222,00000000aa852af1,17.4
28064,2019-08-04T12:42:00Z,1c7ccd5d6570d98e57ef2ebbd716b7504b138f9bb616fbeaa0d1a268,60.14699,24.922,00000000a53ed894,7.69
28065,2019-08-04T12:42:00Z,1d4841b6905c46f3c38f79540bae2a88a4e660692149506c0db9da33,60.15432,24.9211,0000000019fb59c4,20.28
28066,2019-08-04T12:42:00Z,1dacfb371d75dd4f90f447aac2a00faad98beb4188a6971c19eb2375,60.16629,24.95957,00000000fb7600be,20.28
28067,2019-08-04T12:42:00Z,1e24a2120b13c780dbb3a67a73f5058d1847f126fd5f5952e6dddcd3,60.16075,24.95883,00000000f1124bca,21.87
28068,2019-08-04T12:42:00Z,1ec58e626d2335aeeaa7c7d8f715d4334274dbd43448fb62c3901ef6,60.16829,24.94214,00000000afef4555,20.28
28069,2019-08-04T12:42:00Z,1eed5192896838d1860e8ea14bda43d065b88fc7dc562f54765e85a8,60.16897,24.95222,00000000aa852af1,13.75
28070,2019-08-04T12:42:00Z,1f74037ecab4dbdc5db1a8dc8b583a86630f86a5f2d0a5167b7fa605,60.18203,24.91341,00000000342570c2,27.28
28071,2019-08-04T12:42:00Z,1f81ed7274add201d3059d4a37e2bbe86b6ae1f0fd42a16d7b8dccaa,60.14699,24.922,00000000a53ed894,8.38
28072,2019-08-04T12:42:00Z,1faaaeff6423708e06d94b904af4be93e399939fbdfd3b3091dc8bd2,60.15432,24.9211,0000000019fb59c4,14.89
28073,2019-08-04T12:42:00Z,203a0c145a43c9a18f8c2a5ba4e18882e7430662bb4ac0e56ab37578,60.17065,24.93641,000000000f4919c9,12.69
28074,2019-08-04T12:42:00Z,21bdc11bb63fb48c9d4b5308540ee5df579c9a385001a10fceeeedf3,60.14699,24.922,00000000a53ed894,17.4
28075,2019-08-04T12:42:00Z,2204ba387d2db0e7d2ca03f7ace46abff8d141668b73c75a1879d7ba,60.14947,24.91438,000000004ef3150d,14.89
28076,2019-08-04T12:42:00Z,22fe9a06fba1036e8eafd726bc450095b1893be067f475e1882bb704,60.14699,24.922,00000000a53ed894,11.7
28077,2019-08-04T12:42:00Z,231026899a6d5b326cb5b1e38b182ca1acb77c7e27bc2378973b29db,60.16629,24.95957,00000000fb7600be,11.7
28078,2019-08-04T12:42:00Z,232de63a0c555ae5875a266b1219fd7b8f17246c9a190fe882be9b28,60.14699,24.922,00000000a53ed894,11.7
28079,2019-08-04T12:42:00Z,250f7cf6c6d1296e84c45fb8621a0704eb5243471980b5187dc40cdd,60.14699,24.922,00000000a53ed894,14.89
28080,2019-08-04T12:42:00Z,253fdd441216127a924d7d1a48bbffbc75a471e5aa199b2173ba16e0,60.14699,24.922,00000000a53ed894,29.32
28081,2019-08-04T12:42:00Z,2551a9e1b8a03c8e0e378ed37c0130b6e4105ec6b949de9e5a670be8,60.14699,24.922,00000000a53ed894,17.4
28082,2019-08-04T12:42:00Z,257206d3f59df5c426a9c735f4741cba6d792de1cbafe62289d383d7,60.16897,24.95222,00000000aa852af1,23.56
28083,2019-08-04T12:42:00Z,2607d1b2fc6e31a80348fffbed68a7d3a8e0212f197f2d1c573c587b,60.14947,24.91438,000000004ef3150d,4.94
28084,2019-08-04T12:42:00Z,267b66cc2e81a226d253a8f3228a4b45e1fabb634bba60fd0cc21a8d,60.14699,24.922,00000000a53ed894,18.79
28085,2019-08-04T12:42:00Z,269124e75b1e74a7c7dc93b778e02f04d0a53e069a90081c0938ee4c,60.14699,24.922,00000000a53ed894,18.79
28086,2019-08-04T12:42:00Z,28b43564f7156b67db7cb7b779e948986d7610f921490f9030379704,60.16897,24.95222,00000000aa852af1,16.1
28087,2019-08-04T12:42:00Z,28d2c3282e9f8fec67baec7992dcd800c45b67071e33cb118905a6b3,60.16829,24.94214,00000000afef4555,20.28
28088,2019-08-04T12:42:00Z,2969cdb120f2d285c556abfe5bac2f8090571f61aba227a474a534d2,60.17065,24.93641,000000000f4919c9,6.46
28089,2019-08-04T12:42:00Z,29a1ee6c0907a00ec6b6dcbb187f5c31d1a11b261aabd339210ee013,60.16897,24.95222,00000000aa852af1,4.5
28090,2019-08-04T12:42:00Z,29a4a664ccec24ad7eaf3f2a589c42e971d9a86b5d602dda52a5cb7a,60.16897,24.95222,00000000aa852af1,13.75
28091,2019-08-04T12:42:00Z,2a767d6875ef5fa533a2eb311aafaab1d857135cf6da5786d2407a49,60.14699,24.922,00000000a53ed894,9.12
28092,2019-08-04T12:42:00Z,2ee2e108ed9051b1ccf4d3ee89931dfd53170af0b558fa6579b83e8d,60.15432,24.9211,0000000019fb59c4,8.38
28093,2019-08-04T12:42:00Z,2fabc4773758a12492d31bdfe6b37e6523ae8caabecda356d33dce41,60.15432,24.9211,0000000019fb59c4,20.28
28094,2019-08-04T12:42:00Z,3165c6ee17d11e4b51e03844fd1234cd64aecc860cd6c162ceb99058,60.16897,24.95222,00000000aa852af1,9.12
28095,2019-08-04T12:42:00Z,3197a3340c627059b7c7eb4b36e932bf06a1d31d868aabd647df6373,60.16762,24.95415,000000006b44cce7,20.28
28096,2019-08-04T12:42:00Z,32708990f2c831e65f70f2682baf5188fc93348b9a9e78ada8db2bf4,60.14947,24.91438,000000004ef3150d,5.41
28097,2019-08-04T12:42:00Z,33634cb1e3fc5d4a621e8717d203da8533ed27531a70c6cbe3abf3fa,60.16762,24.95415,000000006b44cce7,1.54
28098,2019-08-04T12:42:00Z,33ec502792a84f23fed03cf16e483d153c65e2850a2549f47034726a,60.16762,24.95415,000000006b44cce7,13.75
28099,2019-08-04T12:42:00Z,342ecc64544cd30ef83e600cb9fdbe09e395534bfff059a0bbb2c960,60.16544,24.95398,0000000038d83d41,20.28
28100,2019-08-04T12:42:00Z,3459042c03cbb672a039f7f14a6b99b84f839b0598f9e48bf4dd95f5,60.14699,24.922,00000000a53ed894,18.79
28101,2019-08-04T12:42:00Z,347c2747f8b58cdc6f96b541d1a35f2c0e182b542706a38e0ce7ef4a,60.149,24.9843,00000000fffb8cf0,13.75
28102,2019-08-04T12:42:00Z,34f282042837e6b8407c31fd6c880bdbb7071c56d76c4b6e5ba78819,60.14947,24.91438,000000004ef3150d,16.1
28103,2019-08-04T12:42:00Z,352427714fc6e8591df6bd227dde05d3b7ba0881742eee4ae750dcc4,60.15432,24.9211,0000000019fb59c4,23.56
28104,2019-08-04T12:42:00Z,358d7986d5bf2a0624fb1412a157b3c7b12f90653457e15a76bbdf50,60.16629,24.95957,00000000fb7600be,20.28
28105,2019-08-04T12:42:00Z,35e6e075578d7a51e510bf8904bde33f1d117264eea0917db98d4808,60.16897,24.95222,00000000aa852af1,9.92
28106,2019-08-04T12:42:00Z,36ac881c69da50c52f9930ba957c471ef37589fd6826f4dc4c14b85e,60.16544,24.95398,0000000038d83d41,18.79
28107,2019-08-04T12:42:00Z,37190d6ba826560355df0dff3a798fc7b83215adcac34acf54e7aa5d,60.16897,24.95222,00000000aa852af1,23.56
28108,2019-08-04T12:42:00Z,3721331dbb97151d17938ed835ffc7208eba26fba6100c62870a3a4f,60.14947,24.91438,000000004ef3150d,12.69
28109,2019-08-04T12:42:00Z,37945fa4e7409fab98aa8bde45081f5bd083def0059485274ad552c0,60.17918,24.95141,00000000675d5200,6.46
28110,2019-08-04T12:42:00Z,37b4192b51c9589b8791bc2e9f830dd541c0e77fd03e7a85a51b68e5,60.16544,24.95398,0000000038d83d41,36.27
28111,2019-08-04T12:42:00Z,37c5fa285cfc1de3c5363b53a2909ca0f43381a381ee6fc132d5ba8f,60.16897,24.95222,00000000aa852af1,18.79
28112,2019-08-04T12:42:00Z,38e15f5aeb58c22ca456fc4d3a14f3b4d9f1fac43de070d2565eb1d3,60.16897,24.95222,00000000aa852af1,21.87
28113,2019-08-04T12:42:00Z,39310ebca1ad756aa2bfcb16c912cb7003ef3e7286a1f037603ade61,60.14699,24.922,00000000a53ed894,6.46
28114,2019-08-04T12:42:00Z,39f03a3a5fd777feee270921a7f51daec12ea679b542b0aaf2e808d7,60.149,24.9843,00000000fffb8cf0,9.92
28115,2019-08-04T12:42:00Z,3a6ce73ea4c03a14fc0d3d099e4698d3c1051a2e8e4bd552d5de394d,60.14947,24.91438,000000004ef3150d,7.69
28116,2019-08-04T12:42:00Z,3abc507346480858d62b69d6e29c3b0700ac193520668e17a4ce7cbb,60.16762,24.95415,000000006b44cce7,14.89
28117,2019-08-04T12:42:00Z,3be48824225ca9f2aea5653f6ce21181a76e67a8d4b8361f0cba1f8a,60.14947,24.91438,000000004ef3150d,25.36
28118,2019-08-04T12:42:00Z,3cd65823dcef56ffe44e4c8fdcd764e13f34e4d1bd637a6853ab7e17,60.16629,24.95957,00000000fb7600be,25.36
28119,2019-08-04T12:42:00Z,3e4965f1ed580ddf80246b1b78cbc55b73c11d67573d9cede2a7ccf7,60.16829,24.94214,00000000afef4555,17.4
28120,2019-08-04T12:42:00Z,3e99999f43f3bd9e105e735eeb92531a4301e7f258c90535acfba9ae,60.16531,24.9442,00000000fdda10fe,27.28
28121,2019-08-04T12:42:00Z,3ec0a34310840b3aa1aa32a3f2bffbe426e91a242dc6eb5c1e86bba7,60.16448,24.97323,0000000053c6c2be,20.28
28122,2019-08-04T12:42:00Z,3f395809cdaaaa1688c7d1cc770079bbf7ef1349e148bec5c8eacd57,60.16762,24.95415,000000006b44cce7,9.12
28123,2019-08-04T12:42:00Z,3fe4e214448b0c9a8dfbee81c347d82a8f0b26859201fb1d77f40fa9,60.16448,24.97323,0000000053c6c2be,25.36
28124,2019-08-04T12:42:00Z,403f209e525e5159d33b2056ebebcfa95ff94baf8ae3d9b3442c3090,60.14699,24.922,00000000a53ed894,13.75
28125,2019-08-04T12:42:00Z,4126e6b01e07a8de94eb8b87f02ad2bdab1a191c8c0312dd1141a9eb,60.15133,24.92329,00000000e8a064a4,31.5
28126,2019-08-04T12:42:00Z,429363aca20efd1e564b3ac367b9eb4702cce1afbe6a22dccb543a7f,60.16075,24.95883,00000000f1124bca,25.36
28127,2019-08-04T12:42:00Z,42da4298ed9f522421f17714e024d9b8fe22e7546df3deeb8b139bd3,60.16075,24.95883,00000000f1124bca,9.12
28128,2019-08-04T12:42:00Z,431375be6b9405ef55878f3aa0bb5dd6a35db8ba650a2bce05081c49,60.14947,24.91438,000000004ef3150d,16.1
28129,2019-08-04T12:42:00Z,436df7106ce19510536cf507d8939633784f67da2f872970e0d3ba43,60.16829,24.94214,00000000afef4555,5.91
28130,2019-08-04T12:42:00Z,4447cd740532670664d61eed3ffea8eee3a66f8be52967e08166a1cd,60.1538,24.95595,0000000038bf9618,25.36
28131,2019-08-04T12:42:00Z,4533d27e96c5c6637ddff4243672d658fea4004970652882357105a9,60.14699,24.922,00000000a53ed894,14.89
28132,2019-08-04T12:42:00Z,459ee564ad7aca128b70ae089395378da384eb1ff35cefde7d7f5736,60.16829,24.94214,00000000afef4555,14.89
28133,2019-08-04T12:42:00Z,4602ff9d03f6bf4fbb82976098cc1c73e7a7e754050401c772d1406e,60.14947,24.91438,000000004ef3150d,2.54
28134,2019-08-04T12:42:00Z,467a01a257fbaad22bd4aebafc8f284c9ad3effc429475e57c214e9d,60.14699,24.922,00000000a53ed894,13.75
28135,2019-08-04T12:42:00Z,46c5ca11771a305a890c4ab0cf6654b8e3b6d72df9c2e4ee012a9e4a,60.16531,24.9442,00000000fdda10fe,5.91
28136,2019-08-04T12:42:00Z,47bc9ff9097f9ef5f1862e48b4a42f6a9ddd30c4ef2b6eb43291a7a5,60.14699,24.922,00000000a53ed894,12.69
28137,2019-08-04T12:42:00Z,47cde44e4ddbf6c70162fa882eee962e7c3e2a037b650294ec46568f,60.14947,24.91438,000000004ef3150d,4.5
28138,2019-08-04T12:42:00Z,48f665ebb1a71b0d84fc02bd71918c5ab5608328db534639cbd2a255,60.14947,24.91438,000000004ef3150d,2.08
28139,2019-08-04T12:42:00Z,4a1a129202050ebeed57c0765b3c9d72574e077e2f6a1e0c6d2ce943,60.16531,24.9442,00000000fdda10fe,18.79
28140,2019-08-04T12:42:00Z,4a3d577d3ee3d826cbea528f3687f4006a366f46438733731c24ccb5,60.14699,24.922,00000000a53ed894,16.1
28141,2019-08-04T12:42:00Z,4a565a7be2bb822523480c6ca86154a466bf189290f87a0ef118f8b7,60.149,24.9843,00000000fffb8cf0,33.81
28142,2019-08-04T12:42:00Z,4aff8c41b8c3f924b9b765007cf6f0f148e9fdc4dfad6299b17f6f71,60.16762,24.95415,000000006b44cce7,9.92
28143,2019-08-04T12:42:00Z,4b1050cc517631e36206d3528399c0b14748daec8c7d1b5dfa412299,60.15432,24.9211,0000000019fb59c4,11.7
28144,2019-08-04T12:42:00Z,4b2a241d832696fc878ceb269b0fbf4987989a0c3109bd2e8ac08170,60.16897,24.95222,00000000aa852af1,12.69
28145,2019-08-04T12:42:00Z,4b85388cdaec2b4c15b546160ee326d9668a5e5d3c7b08d0c539946e,60.17918,24.95141,00000000675d5200,17.4
28146,2019-08-04T12:42:00Z,4be50f3eb033f3f46e3069049c8e0a34dc8a2607741c1764369ba4c2,60.16762,24.95415,000000006b44cce7,11.7
28147,2019-08-04T12:42:00Z,4bf75585466f0aafa2ed2956fe4b0f7235b4ba3a0606a52219b3156c,60.14699,24.922,00000000a53ed894,13.75
28148,2019-08-04T12:42:00Z,4cadc8cc23fd84febb6a8383030a34c97b3388a8c9ed7a64cc0f51a6,60.14947,24.91438,000000004ef3150d,13.75
28149,2019-08-04T12:42:00Z,4d4115f2971578ddc2428be944e2954c9e9a5472a818ec1805a022b2,60.149,24.9843,00000000fffb8cf0,3.74
28150,2019-08-04T12:42:00Z,4ebdb6165c5d4892cdc21711313b98b1545bececfb886192c6f0ef22,60.16762,24.95415,000000006b44cce7,17.4
28151,2019-08-04T12:42:00Z,4f4940c5c77737c5b8f2fbd5a1b65886ea5f6e0e4fcd50447e11ce21,60.16075,24.95883,00000000f1124bca,21.87
28152,2019-08-04T12:42:00Z,50e21d119f102cee2afe3ac7f1a32032527638769b05aca582d6ecb1,60.16762,24.95415,000000006b44cce7,7.05
28153,2019-08-04T12:42:00Z,514a3981fad6c695ac4940f09374b5d1c2e84d2ca835084ef8707714,60.16075,24.95883,00000000f1124bca,4.11
28154,2019-08-04T12:42:00Z,51b3c7870a399165f0d1d14f7d21688df32b0360f9cc6f3ca61890d8,60.16829,24.94214,00000000afef4555,1.38
28155,2019-08-04T12:42:00Z,52072bd384eaaf4a6958af5510ed039d194dee47f34667bc7bccbe0e,60.14699,24.922,00000000a53ed894,8.38
28156,2019-08-04T12:42:00Z,52939581c6c8dd3407dbf44ea9e90471e4bbadfb7e3740a0ba8324f3,60.14699,24.922,00000000a53ed894,11.7
28157,2019-08-04T12:42:00Z,52f0e69ca7a5cebe604c1f32308dc7f8870d1d85cd4b25ad17f706e9,60.14699,24.922,00000000a53ed894,7.05
28158,2019-08-04T12:42:00Z,5399ca5a9abed7a5da7a71e85cbeae837e42ee1dc94852ba2c16bcd1,60.173,24.92524,0000000096918cfa,18.79
28159,2019-08-04T12:42:00Z,54065d53a62079540c4be1e19eafa5dd581e8ec35da0c31844438e0b,60.149,24.9843,00000000fffb8cf0,7.69
28160,2019-08-04T12:42:00Z,5554305bad43a71cf98d83e92708c7474c1efc189392c1ea94231e9c,60.16531,24.9442,00000000fdda10fe,2.08
28161,2019-08-04T12:42:00Z,556a86b2e90ec03e679f4434e2ebcef0eb687cb52bafbd0d98d26c88,60.14947,24.91438,000000004ef3150d,14.89
28162,2019-08-04T12:42:00Z,56b8eace741e5227a40ea0a64601a737648080c63d6240b0dca632c4,60.16075,24.95883,00000000f1124bca,9.12
28163,2019-08-04T12:42:00Z,570dc61d53aec66ede39dfde66339640878453afc00cd1a55c60bca7,60.16544,24.95398,0000000038d83d41,21.87
28164,2019-08-04T12:42:00Z,571934189bf349efb6f596e76c21612cf9b82ed44913090169936048,60.17065,24.93641,000000000f4919c9,17.4
28165,2019-08-04T12:42:00Z,571e65d939060a58396de22fc44d8842fc9de986824670ad765ec596,60.16762,24.95415,000000006b44cce7,6.46
28166,2019-08-04T12:42:00Z,57bb8beeec6904b9a5cfe83c4ff9a80e63157780137f03de2a4152d3,60.16762,24.95415,000000006b44cce7,10.78
28167,2019-08-04T12:42:00Z,57c6f9c8fc64c4d7030c1d3576910e338178138cd74acdc9e3630216,60.16762,24.95415,000000006b44cce7,25.36
28168,2019-08-04T12:42:00Z,58122bffe92a82d8b8a6fb46e406f2d86c32db26eca7557ec6943fa5,60.14947,24.91438,000000004ef3150d,13.75
28169,2019-08-04T12:42:00Z,583a35aa08fe45f96deb91a9f4b9317e86eddeee0d636cc11b3e2df8,60.16762,24.95415,000000006b44cce7,9.12
28170,2019-08-04T12:42:00Z,58411163d307bb308f9c94a9720e9ce5ab0ce4f5617cd2b1fcc2037a,60.16762,24.95415,000000006b44cce7,9.92
28171,2019-08-04T12:42:00Z,584cb0b0cdd14e608c8b57c8aecc9826f9b40027e365e2438a444ea2,60.16762,24.95415,000000006b44cce7,20.28
28172,2019-08-04T12:42:00Z,59b01cbdec8ff06fa6d50bac00c3f5f4c45132fc8a62800c08df5d6a,60.16629,24.95957,00000000fb7600be,9.92
28173,2019-08-04T12:42:00Z,5ae2070870c9dfbf35ba1d5d46239aa32753b4fffa2fed3f378f5e8c,60.16544,24.95398,0000000038d83d41,29.32
28174,2019-08-04T12:42:00Z,5b21511f00a23b33dc791787155b6f890ab1949e3c9a42448c765d19,60.16829,24.94214,00000000afef4555,29.32
28175,2019-08-04T12:42:00Z,5bc858089bff2f1880f1807e91f165ebf9f1b5841445adcdfb988ddf,60.16829,24.94214,00000000afef4555,11.7
28176,2019-08-04T12:42:00Z,5bc8610f198c0ab38e4e89fd7f4828d032ca2a6ef97c2a17c79e296f,60.14699,24.922,00000000a53ed894,18.79
28177,2019-08-04T12:42:00Z,5c160268bc9b4b619181ce421d9e58c258e6b59a342945fc29f0004b,60.14947,24.91438,000000004ef3150d,3.74
28178,2019-08-04T12:42:00Z,5c46671175475bc574d3a64fe85e1ce7792c14d29f1e79a39da24fa0,60.149,24.9843,00000000fffb8cf0,16.1
28179,2019-08-04T12:42:00Z,5cd5117066c75a1cb83d3896a7eba3f3472e133f0013ea7d4e95daaa,60.14699,24.922,00000000a53ed894,8.38
28180,2019-08-04T12:42:00Z,5d70086d53447ee393249cef33c7bae814c1d7c2e3055fc91b38786c,60.17918,24.95141,00000000675d5200,8.38
28181,2019-08-04T12:42:00Z,5e7916ca910b02abf2d19906759663c23db63950a353fa546f55c8af,60.14699,24.922,00000000a53ed894,7.69
28182,2019-08-04T12:42:00Z,5ea49ba4de68e03664ec3a87f5de32434d7136b4f8323f022ff9df5b,60.16829,24.94214,00000000afef4555,17.4
28183,2019-08-04T12:42:00Z,5f3a358ea7ec56dfb2271af72ef34416785e497a3653bfb75ef822c3,60.16829,24.94214,00000000afef4555,9.12
28184,2019-08-04T12:42:00Z,60d5c11436b72dd4eb673f606bddc3f8f36675342cba015b9297155f,60.16448,24.97323,0000000053c6c2be,21.87
28185,2019-08-04T12:42:00Z,60d7fd34e511ad1565b92db2fbb5ef2908f7a273acceda524945e86e,60.16075,24.95883,00000000f1124bca,17.4
28186,2019-08-04T12:42:00Z,60d9b71ec38b796bf876dedfaf3112b49ff79677480c7603902857ae,60.14947,24.91438,000000004ef3150d,13.75
28187,2019-08-04T12:42:00Z,614ab7fba7255f6bf6f888e9a04d589962f756b3f427e658f10014f2,60.16075,24.95883,00000000f1124bca,10.78
28188,2019-08-04T12:42:00Z,6187e3415bcea985be770b4a90f3ed56fbfff1aa331759d34ccbd4ee,60.16897,24.95222,00000000aa852af1,27.28
28189,2019-08-04T12:42:00Z,62916b0c2a8ebabb938b5e97cb14eb89b2b32936d3fad04025ad5854,60.17002,24.94407,000000006b087f40,5.91
28190,2019-08-04T12:42:00Z,62a6fe2d9b3b5b4533c51253f8842428bd797b3c6a95a7816ec472ed,60.14947,24.91438,000000004ef3150d,4.5
28191,2019-08-04T12:42:00Z,62aca926e533582af1cbef0d3e5d58d66486f219ab2034236649546e,60.16762,24.95415,000000006b44cce7,12.69
28192,2019-08-04T12:42:00Z,63defb71d4c3856253a0a2d67a5c370b91ad0527703b334a63fe5344,60.14947,24.91438,000000004ef3150d,7.05
28193,2019-08-04T12:42:00Z,64394b1287e19738900f57d5c7483e02866e40bc8241fc6f6fbecbcb,60.16762,24.95415,000000006b44cce7,2.8
28194,2019-08-04T12:42:00Z,643ef3f01a51bea3c4510d4060a945cd510e5189236d68f5c9489034,60.16829,24.94214,00000000afef4555,2.08
28195,2019-08-04T12:42:00Z,64638a9f9e6c9b32fc4b484b55e4934fcab6cb04605cc76d5f5534b7,60.17065,24.93641,000000000f4919c9,9.12
28196,2019-08-04T12:42:00Z,64e34af775b57908b23056a31d60ef3b005941f2e7c3db0c49df675d,60.17065,24.93641,000000000f4919c9,3.4
28197,2019-08-04T12:42:00Z,6525cc634176c25187e68e0d067bcfecfd78e399e93db4ee9d408b7e,60.17918,24.95141,00000000675d5200,12.69
28198,2019-08-04T12:42:00Z,655204cb507ea9ae811105cdcd766161facaa9f729017a333f102391,60.149,24.9843,00000000fffb8cf0,3.74
28199,2019-08-04T12:42:00Z,65b3adca9ee7adbad7277ff62bf8d0019944180762113925a4e71d95,60.149,24.9843,00000000fffb8cf0,12.69
28200,2019-08-04T12:42:00Z,65ecffd91da3aee9add3015b6d8d68144e80f39cc78dbd776441ff52,60.16544,24.95398,0000000038d83d41,27.28
28201,2019-08-04T12:42:00Z,66319a5673dfaa1ce72563c02b505fb08d612a81b58ec4a3808f907b,60.16762,24.95415,000000006b44cce7,21.87
28202,2019-08-04T12:42:00Z,66b9cea6cd979b4e9e391e0ef854e2cc38eca6fb9e166811e39edd11,60.16629,24.95957,00000000fb7600be,33.81
28203,2019-08-04T12:42:00Z,6723bebaab92d1a9f8b4318fd4f497a6dec6d7f8e0eafca443925213,60.16075,24.95883,00000000f1124bca,14.89
28204,2019-08-04T12:42:00Z,67591d427f60ba3c369ac0d78088fca7be33081501508d16401dd6cb,60.16762,24.95415,000000006b44cce7,2.8
28205,2019-08-04T12:42:00Z,6774ed72eaf69d7c4aaeeef90990f969954155bbcc52652e75e7deef,60.16829,24.94214,00000000afef4555,5.91
28206,2019-08-04T12:42:00Z,677c53ae4056d6cb123ca576ba5284664b1c7e3e88818bd19b5dd99a,60.17918,24.95141,00000000675d5200,13.75
28207,2019-08-04T12:42:00Z,6875e3632a29207e29ded33617e66d55de5d8c7804fecedd6f1dfe12,60.14699,24.922,00000000a53ed894,7.69
28208,2019-08-04T12:42:00Z,6981f80baeddf7459b67845f82744390c976c013f3a4883a53556fc7,60.16762,24.95415,000000006b44cce7,16.1
28209,2019-08-04T12:42:00Z,69f1de5049f5731749defe893b8ae9ada4f5f788a994b8f7413ef657,60.17002,24.94407,000000006b087f40,17.4
28210,2019-08-04T12:42:00Z,6b97071051ccf5db7e5ebee033d4f68d58ed6917ff2fac5b205a6605,60.17065,24.93641,000000000f4919c9,21.87
28211,2019-08-04T12:42:00Z,6c7e018abdf8462af7c7b003bc30f915184f7082e9e865a2c502eed5,60.14699,24.922,00000000a53ed894,10.78
28212,2019-08-04T12:42:00Z,6d98548087c63c4056b64df44e99e3e4c54715067c35f7d3e0ec6ecd,60.16762,24.95415,000000006b44cce7,11.7
28213,2019-08-04T12:42:00Z,6f3dd17e40daabb4efe868f1b859dc00ecc01846f0a0e2b8db5d1413,60.17918,24.95141,00000000675d5200,8.38
28214,2019-08-04T12:42:00Z,6f8d7717df843a7b0be6b0dd55e933ebbd9819bd96c48f210e193e4e,60.16829,24.94214,00000000afef4555,7.05
28215,2019-08-04T12:42:00Z,6fdf4cfc3a0774e204869ab43ef69c6306cc40c0fd8bbb0f8b505e3a,60.16829,24.94214,00000000afef4555,20.28
28216,2019-08-04T12:42:00Z,6fdfc33c6b609ea80b4a38ecf657bc68b7bf659752b51edcc22ffb54,60.16762,24.95415,000000006b44cce7,5.41
28217,2019-08-04T12:42:00Z,6ff93560ca77c6e5a25bc7441cf33cf7fa0138b3da4d99b2dbf5531b,60.14947,24.91438,000000004ef3150d,7.69
28218,2019-08-04T12:42:00Z,70c56152af84cf1bad4d19b0cb31202232b4cd4320ce5ea48895e42b,60.14947,24.91438,000000004ef3150d,13.75
28219,2019-08-04T12:42:00Z,71c360c0ae36f964d9ca7957d318abe8f1933c8220f225231eb33b39,60.18203,24.91341,00000000342570c2,23.56
28220,2019-08-04T12:42:00Z,72231bca658d3a16f3bf9c26ba5f13393b8377e4ab0b9ed3de6c811f,60.14699,24.922,00000000a53ed894,20.28
28221,2019-08-04T12:42:00Z,733f21ebebe353e10a55a74b40a0a480e6d276334d4f3d8bcf85b711,60.16075,24.95883,00000000f1124bca,23.56
28222,2019-08-04T12:42:00Z,738ce77abafd1ca6f80e6f28e84d1b1886db4cfda3be6ffcdf52c1b1,60.14699,24.922,00000000a53ed894,13.75
28223,2019-08-04T12:42:00Z,745e52dafbfa395ea41c5fcd0c2717b9091e44d19ab89e03991fdbb7,60.16762,24.95415,000000006b44cce7,10.78
28224,2019-08-04T12:42:00Z,74cb545f76f0bfc5498607247e26e814276a11ce91f77208054ecbc5,60.17002,24.94407,000000006b087f40,23.56
28225,2019-08-04T12:42:00Z,759f94c852ff15ca91c3138913c3858c4801702f8f0514ae82fb2a19,60.16897,24.95222,00000000aa852af1,17.4
28226,2019-08-04T12:42:00Z,7664b7f08aaa059ecf6646a595c33fae0c80715febe63e31f45a4662,60.16762,24.95415,000000006b44cce7,1.7
28227,2019-08-04T12:42:00Z,773cde2fe905572767422dd8f7b13c6579d615ef03314b665c7bf40f,60.16762,24.95415,000000006b44cce7,6.46
28228,2019-08-04T12:42:00Z,777cceac7be6303a1c82f7cc68061528b01e3aa1b3aa6481cad9e5e3,60.16075,24.95883,00000000f1124bca,10.78
28229,2019-08-04T12:42:00Z,77a12194b9a6789f4b2b8c07ae7fce3c2b531cb221e5fa7ca5deae55,60.16897,24.95222,00000000aa852af1,9.12
28230,2019-08-04T12:42:00Z,79bde23c1a8980f93a65e14306f0d8ea89e164430d8b991e2bfee82e,60.16531,24.9442,00000000fdda10fe,12.69
28231,2019-08-04T12:42:00Z,7a0c0b525f2d3eed6c873bd3b8d27bede551fe4a428ac15c23deadae,60.16075,24.95883,00000000f1124bca,27.28
28232,2019-08-04T12:42:00Z,7a4a06d20ebe57d94e5fceeaf47d5b56ad9a515818e9c20e21a80e61,60.16629,24.95957,00000000fb7600be,13.75
28233,2019-08-04T12:42:00Z,7a97375000483176c3b37cc0d1744a950d9b322ce3534208fce0b21d,60.14699,24.922,00000000a53ed894,6.46
28234,2019-08-04T12:42:00Z,7ab335e046f7f3597f8f615a90857885e35cfecefebd5d24bbf0af90,60.16075,24.95883,00000000f1124bca,8.38
28235,2019-08-04T12:42:00Z,7ad93fed82e41ea4422fa101badc698b0328c3ebf0f6b73c5164d438,60.16897,24.95222,00000000aa852af1,13.75
28236,2019-08-04T12:42:00Z,7af6672e274ebe27cdb785373a857fc5bcad92a386c36dbe3221d4f4,60.14947,24.91438,000000004ef3150d,5.91
28237,2019-08-04T12:42:00Z,7b61dc50070867948abbe5275032ae82e7643ca4158a809fe41a8b69,60.14699,24.922,00000000a53ed894,14.89
28238,2019-08-04T12:42:00Z,7bb67bcf014747e5d826f95c610d36492f31095552417a0864475491,60.14951,24.92138,0000000006dd41f6,17.4
28239,2019-08-04T12:42:00Z,7be762f58d54665c5e6668eb2fb3eae7201522ddff196bbc5eb731f0,60.14947,24.91438,000000004ef3150d,11.7
28240,2019-08-04T12:42:00Z,7c9213d7d9786431a8781a665fa1b7091507aa244d28b85d07a1399a,60.17065,24.93641,000000000f4919c9,33.81
28241,2019-08-04T12:42:00Z,7d9a3d84c09c3a8d6876389e216e0278048d6b924890fb275a078ffb,60.16531,24.9442,00000000fdda10fe,0.5
28242,2019-08-04T12:42:00Z,7e76449e59f1e3a1a615b54408115353fbb14d815390d03a73b1a7bb,60.14947,24.91438,000000004ef3150d,12.69
28243,2019-08-04T12:42:00Z,7ee87b87cf01698f643e1ba3117b245039edc811605df5dc802e7576,60.14947,24.91438,000000004ef3150d,17.4
28244,2019-08-04T12:42:00Z,7f2f97e26d55f653ed70260ea4f893d01a3984cbdf6d7a3bfb2641de,60.16829,24.94214,00000000afef4555,9.12
28245,2019-08-04T12:42:00Z,7f3c9dd2c7352cb81fb186a7d700841d2bcb47cd8ea0d5f8719b5908,60.16762,24.95415,000000006b44cce7,5.91
28246,2019-08-04T12:42:00Z,7f786ec8e06f1ca3bdd10fc60d0114baf354125b8f6cf796d197f4cc,60.16075,24.95883,00000000f1124bca,18.79
28247,2019-08-04T12:42:00Z,7fe10e69931c2d658099a314f3fce64865329e12a7b834c375e2d5d2,60.14699,24.922,00000000a53ed894,9.92
28248,2019-08-04T12:42:00Z,80cbcb887f3e351e3bef7c5f53dccc578cc3494feec514aed7015c0d,60.16075,24.95883,00000000f1124bca,6.46
28249,2019-08-04T12:42:00Z,80cc39b04598f971820e63498fd27ae72a12a45a60c220fe625b282a,60.14699,24.922,00000000a53ed894,5.91
28250,2019-08-04T12:42:00Z,8164c6a1ba8bb70b66a8eb236262d7f6defe7d476295595f37375f95,60.173,24.92524,0000000096918cfa,21.87
28251,2019-08-04T12:42:00Z,82411c6526228322a61f59259f13adf7cde62bd767587b6735867705,60.17918,24.95141,00000000675d5200,7.05
28252,2019-08-04T12:42:00Z,83073c017c8293e4b6eab781fbc2147fafa144d33b3618abd1ae5d90,60.17065,24.93641,000000000f4919c9,31.5
28253,2019-08-04T12:42:00Z,83121a75723643c48e3c3b0a3ea5fccb532046432ca445833e8de06a,60.16762,24.95415,000000006b44cce7,0.41
28254,2019-08-04T12:42:00Z,842590c105033000cdd09b5f0e51f990329cbd8720b91931d82e30e1,60.16448,24.97323,0000000053c6c2be,21.87
28255,2019-08-04T12:42:00Z,848fe01e24ccc782e5968171f53ea31d28f20a455c45d8bac8fb7374,60.173,24.92524,0000000096918cfa,11.7
28256,2019-08-04T12:42:00Z,849a662d95d4185421aff7c6213ba5d7b84cfc58c9fb30ff34054e4c,60.16075,24.95883,00000000f1124bca,8.38
28257,2019-08-04T12:42:00Z,8632e9e1f944677a1776c00e3293dd15d0ba7b1444c1125bfb2cda54,60.16829,24.94214,00000000afef4555,27.28
28258,2019-08-04T12:42:00Z,868cd7608ed6beb209db2aad8c71f56b8aec3a6b453be18e4af217a2,60.17065,24.93641,000000000f4919c9,14.89
28259,2019-08-04T12:42:00Z,87cbb5265cd1cc3213ddb5ed9ed2a599ddb7db0b0747121d649b0ae3,60.16544,24.95398,0000000038d83d41,21.87
28260,2019-08-04T12:42:00Z,8829e285e51c0d4af122465705662b6c54ff8df31b75e657e5d57b48,60.16829,24.94214,00000000afef4555,18.79
28261,2019-08-04T12:42:00Z,885bcc6af7d0aa9718fe1030e32ffff1de5171ae5ef67cf0011874fb,60.14947,24.91438,000000004ef3150d,20.28
28262,2019-08-04T12:42:00Z,896f7e896dc6f1ea44b82bf968a988cc10c358ee34821d9d7a4bd07a,60.14947,24.91438,000000004ef3150d,7.05
28263,2019-08-04T12:42:00Z,8a08b2de43a9ef03cf96610718c908e69dcacc59f536a7135b7bb542,60.16629,24.95957,00000000fb7600be,20.28
28264,2019-08-04T12:42:00Z,8acb351d2b6acbd61099205c5c497b7507c1a4da115c4b8fcaa8c930,60.16762,24.95415,000000006b44cce7,14.89
28265,2019-08-04T12:42:00Z,8b2db0cf88df127735158a23e876f7746a3f6a8ac67d170ca06d1055,60.1538,24.95595,0000000038bf9618,25.36
28266,2019-08-04T12:42:00Z,8b641985c793a3f25a45b2460cb01f5baa6f339c6dd26ba7752d8a7a,60.16897,24.95222,00000000aa852af1,18.79
28267,2019-08-04T12:42:00Z,8ba6cfc17ca70e8304994e018ebd5eb2003177062cde05925d5cacb3,60.173,24.92524,0000000096918cfa,31.5
28268,2019-08-04T12:42:00Z,8bbf5422247a0a6be314130d8fd9ae1814401b75acf3b3ce2da9620c,60.14699,24.922,00000000a53ed894,14.89
28269,2019-08-04T12:42:00Z,8d73f674010f5cb02e8f20251ed86a9afcb7f6b3926039470296bd00,60.17065,24.93641,000000000f4919c9,14.89
28270,2019-08-04T12:42:00Z,8d8a869e83fe2ac29e791666634a33af3ea4048ea4e752b6fb1e238c,60.14947,24.91438,000000004ef3150d,3.09
28271,2019-08-04T12:42:00Z,8dcf139eb279bcc2696420ba9da858e361600ff02cd29587f66660ec,60.16897,24.95222,00000000aa852af1,17.4
28272,2019-08-04T12:42:00Z,8de3d516b6cffb3335f9ebec3f6068b693db224f56eae6a50d7c6320,60.16531,24.9442,00000000fdda10fe,29.32
28273,2019-08-04T12:42:00Z,9023a89a49a372e5f97cf86ef1b5de0164eb67cc10d394d383ab75fd,60.16829,24.94214,00000000afef4555,17.4
28274,2019-08-04T12:42:00Z,920dc90f60b295267f63efc8f968408087b71878dc3f49f0ded1c41e,60.17919,24.95181,000000007b5207b6,23.56
28275,2019-08-04T12:42:00Z,926717d61529080dfc4c7f8cdcdc82c6490d2a5129474524b8c40ea4,60.16829,24.94214,00000000afef4555,21.87
28276,2019-08-04T12:42:00Z,92700028c8fe60ef6aa53c329b60cb66d2ba79bee8a8f958d4bd106e,60.16829,24.94214,00000000afef4555,16.1
28277,2019-08-04T12:42:00Z,93a2100e233b204243f7e69b68dea7c9a145d1b5384bd18359bf87a3,60.16531,24.9442,00000000fdda10fe,1.88
28278,2019-08-04T12:42:00Z,93e409819362e2429a43710ff4330bd3ed83011b73ae438dd7fb62d8,60.16762,24.95415,000000006b44cce7,5.91
28279,2019-08-04T12:42:00Z,94237bc673d78a307ecc9da6df18d0b37e632b8cd6709f81081f000a,60.17002,24.94407,000000006b087f40,29.32
28280,2019-08-04T12:42:00Z,9542a6d9883eb7a1065854d6f72274cf8d953b5846a4fce3fba9b00d,60.1538,24.95595,0000000038bf9618,38.87
28281,2019-08-04T12:42:00Z,9575ef1c44f26f0301d726029c8b1c28011a4724496943451bee6544,60.14947,24.91438,000000004ef3150d,8.38
28282,2019-08-04T12:42:00Z,95b4ffdd3e223cc112dd4b761681f239c2cb374e37f870ccf96dd7a8,60.16629,24.95957,00000000fb7600be,29.32
28283,2019-08-04T12:42:00Z,9604244c18efd5978b809f021651f7743e0e64da38fcf3718f9b4f93,60.14699,24.922,00000000a53ed894,9.92
28284,2019-08-04T12:42:00Z,97264f5808fa13851dacabf0c98525eec29849ff4b6a744cc777fd5b,60.16075,24.95883,00000000f1124bca,12.69
28285,2019-08-04T12:42:00Z,9736a8a29aee134a307e0cd4221e9b0a2ab7c48befee43fc62e9f9bd,60.14699,24.922,00000000a53ed894,7.05
28286,2019-08-04T12:42:00Z,9862cafd709b75d07c83b397773e0cf33564666cb81814bdbf5e54f2,60.16897,24.95222,00000000aa852af1,21.87
28287,2019-08-04T12:42:00Z,9868033d7f0d18f01d12a4034f37bf5d6e51e5ed9124c68d4b8b8e6c,60.14947,24.91438,000000004ef3150d,7.69
28288,2019-08-04T12:42:00Z,987d01417bcff2d7f663704309df2ebdcdb035da3ddb085fab0cf928,60.16829,24.94214,00000000afef4555,25.36
28289,2019-08-04T12:42:00Z,9885627881a266e5cf401516e009049e859d738e2e019be570f4b4d8,60.16448,24.97323,0000000053c6c2be,7.69
28290,2019-08-04T12:42:00Z,98bb3b6f5e2403b14b8e01616c07b03bb1fd153ded656033d7bd3533,60.16075,24.95883,00000000f1124bca,3.74
28291,2019-08-04T12:42:00Z,992f6feda52c82ad67e40af55b5602bb22411020701998c6bd65faed,60.16762,24.95415,000000006b44cce7,7.69
28292,2019-08-04T12:42:00Z,99334da99912e6d4b516e02432e7f88db5a5b87f635722bc3a8b38a6,60.14699,24.922,00000000a53ed894,11.7
28293,2019-08-04T12:42:00Z,994b630283c750a0b697359e32c4bd06d5b4a32d2edb6c12cce42b32,60.16829,24.94214,00000000afef4555,9.12
28294,2019-08-04T12:42:00Z,9a9db814dfa74ca2c2d51496299715310e81c6e6525cc9d2cb0762eb,60.16897,24.95222,00000000aa852af1,25.36
28295,2019-08-04T12:42:00Z,9acffb3f8b8720e2de83c8cfd41915d268d5eca34e0bd280eed3e6f4,60.16897,24.95222,00000000aa852af1,13.75
28296,2019-08-04T12:42:00Z,9b03b610755f4cec2e9d83a9763204e758a075614b125210bc914df5,60.16075,24.95883,00000000f1124bca,27.28
28297,2019-08-04T12:42:00Z,9bad872c31c8c5e53f064b5367350b41271d45ca8a9e508136622800,60.16897,24.95222,00000000aa852af1,16.1
28298,2019-08-04T12:42:00Z,9bf4a5d763fa921335be6c141a0c9fd769fcb2f4c5b40b85a1c99c71,60.14699,24.922,00000000a53ed894,16.1
28299,2019-08-04T12:42:00Z,9e3d4a4b1acd94d2896cd7cf56419110f06ea96faae37aadebd4ec77,60.14947,24.91438,000000004ef3150d,5.41
28300,2019-08-04T12:42:00Z,9ff13c715073d5ad9c464cb67b6de3f703435cf389c32cce5626dfe1,60.149,24.9843,00000000fffb8cf0,21.87
28301,2019-08-04T12:42:00Z,a00b6a1f1a5d615e92ef82c880e4e1a59db4545ba231effacb0ed992,60.16829,24.94214,00000000afef4555,20.28
28302,2019-08-04T12:42:00Z,a1b52cda133b45cf931b9e31d4037fb841f80432e99d6a000beeadc8,60.17002,24.94407,000000006b087f40,20.28
28303,2019-08-04T12:42:00Z,a1f050e0ac80bfdc880bb2c4f9944fc7538bae8f3d4d5abf0d35976d,60.18203,24.91341,00000000342570c2,25.36
28304,2019-08-04T12:42:00Z,a22736c5d66f417bc6b745f51492549dc2e5a3c766f5e7e23f183b41,60.14947,24.91438,000000004ef3150d,18.79
28305,2019-08-04T12:42:00Z,a38a21a97a054541f0423f03758c70227116c05254958373e3e93ad0,60.14947,24.91438,000000004ef3150d,11.7
28306,2019-08-04T12:42:00Z,a3d228482bfdd3dbdfaee1ff72b6ac00c2ee8c05e949047ce9117783,60.14699,24.922,00000000a53ed894,11.7
28307,2019-08-04T12:42:00Z,a422a30ec1eb058c7930e1352297c161639faa5b3ca5f5fa47c4adb3,60.14947,24.91438,000000004ef3150d,5.41
28308,2019-08-04T12:42:00Z,a47f8d59e11da7fa47e0cbe518b593e023018f122d5710ffbb775c0f,60.16829,24.94214,00000000afef4555,18.79
28309,2019-08-04T12:42:00Z,a4f416ec0941bb365e3665d7fd224fad15d74225e8ce9f6dd6368bc7,60.17065,24.93641,000000000f4919c9,29.32
28310,2019-08-04T12:42:00Z,a590e9fb8960943273ead07320590436c531fbaf32e54f7db42f1f19,60.16629,24.95957,00000000fb7600be,23.56
28311,2019-08-04T12:42:00Z,a6427dc4d8e46890c882bb4c8f9f8b923e8e30692db686527bbd7b92,60.16762,24.95415,000000006b44cce7,13.75
28312,2019-08-04T12:42:00Z,a6484386e3b96e03bba2e837ed3ccbed2e2adb2e7b945583013cb0f2,60.1538,24.95595,0000000038bf9618,25.36
28313,2019-08-04T12:42:00Z,a6f944078dd26796f5a849ccb6fdf8a4436f913cf3302597c846462d,60.16762,24.95415,000000006b44cce7,11.7
28314,2019-08-04T12:42:00Z,a7472d1b63171c047444981df223670390009e3ea502132d9963e9fb,60.14947,24.91438,000000004ef3150d,7.69
28315,2019-08-04T12:42:00Z,a794d97e26d3678bb11b4364880414bb7bfac4bb49d1867b37b489f7,60.14947,24.91438,000000004ef3150d,9.92
28316,2019-08-04T12:42:00Z,a7a7f84e910c87d01420156efca1675f2f263a8f7f1212bb161e73f3,60.14951,24.92138,0000000006dd41f6,23.56
28317,2019-08-04T12:42:00Z,a8bd45406d5913e098652d4c2d836339758e08d21bf5d88becabdd36,60.14947,24.91438,000000004ef3150d,5.91
28318,2019-08-04T12:42:00Z,a8df2631c2442628608c1f0352c896eb532a6ca08c85de2c77360aa8,60.14947,24.91438,000000004ef3150d,8.38
28319,2019-08-04T12:42:00Z,a9383e1c3d9b3355965662ff18ad95dfb64daa5d8e71fc20e7e50df7,60.14699,24.922,00000000a53ed894,13.75
28320,2019-08-04T12:42:00Z,a96e9a3805def174e6ededa93b88ce312739d9d68941dffdeca03e9f,60.16762,24.95415,000000006b44cce7,11.7
28321,2019-08-04T12:42:00Z,a9dfc9065260957b1eb8dc3b11b793f73f7940fa5cb61acb16a260e2,60.16897,24.95222,00000000aa852af1,9.12
28322,2019-08-04T12:42:00Z,aa076c3f0d09145aebbb750dde9849ba4eb6759e92ba5753280184d6,60.16762,24.95415,000000006b44cce7,16.1
28323,2019-08-04T12:42:00Z,aa5773b59ce2bf1eee53e4e77cd3c261465d2ea538c9a85b8de30cd8,60.14947,24.91438,000000004ef3150d,3.4
28324,2019-08-04T12:42:00Z,aba0a0ba8ac6fa1709e38c64f963a344afc317eae50c6141b2315763,60.16897,24.95222,00000000aa852af1,31.5
28325,2019-08-04T12:42:00Z,ac93ac0788af8e1b0f20fada4f15ca1ad31f4084b133482d8211571d,60.14699,24.922,00000000a53ed894,16.1
28326,2019-08-04T12:42:00Z,acdcc8ae1d1c6bb055dfc108154eae58b4b894f0ce1ff174c1065c7e,60.16762,24.95415,000000006b44cce7,11.7
28327,2019-08-04T12:42:00Z,ad2e6db1b35213a7b8c271b4f7c6390d599c69da9c0eb4bf250f70b6,60.16829,24.94214,00000000afef4555,25.36
28328,2019-08-04T12:42:00Z,ad8af809ed47a3391bb53d11da159b3a8b0ddc264d94c049ce72bda0,60.17065,24.93641,000000000f4919c9,2.3
28329,2019-08-04T12:42:00Z,ae08ba8b9f7ef2a4326d6d7bbf452a87d08f8062feaf20cb7101d414,60.15432,24.9211,0000000019fb59c4,10.78
28330,2019-08-04T12:42:00Z,ae828cc3f1fa739d818186776cff673c88a05d0f3dedfb4a765a54fd,60.16829,24.94214,00000000afef4555,3.4
28331,2019-08-04T12:42:00Z,ae87b8dd8920695bc9e599874667205991c04e30666d8523f0be4350,60.14947,24.91438,000000004ef3150d,2.3
28332,2019-08-04T12:42:00Z,aec4b11f0b1ec075878ca4a3b94da464f6fc96e330b913d5bfd346b0,60.16897,24.95222,00000000aa852af1,7.69
28333,2019-08-04T12:42:00Z,af2076810e26511562c652d7bb56794c120526dbd4919212167cc3ed,60.16897,24.95222,00000000aa852af1,12.69
28334,2019-08-04T12:42:00Z,af8d59ebae9a22f7ba004eab4dcac2f4560a935bf6a7f9e2ffc0d0af,60.14947,24.91438,000000004ef3150d,7.05
28335,2019-08-04T12:42:00Z,b06c7ebb0cc7182279f47fe99da297fb7bda883549cb7bbc05dff36f,60.16829,24.94214,00000000afef4555,20.28
28336,2019-08-04T12:42:00Z,b12b27061f30d5659794f14cbed5e4726c5af1ef526611d3b2dded29,60.14947,24.91438,000000004ef3150d,3.74
28337,2019-08-04T12:42:00Z,b26a9be85f5fd17ea58397762fa55db3c8f68fb709d586d61527c892,60.16829,24.94214,00000000afef4555,9.12
28338,2019-08-04T12:42:00Z,b27b090bd1bd9828dcb6ddbd0a1394e4aa097974747dff90ba0eff71,60.16897,24.95222,00000000aa852af1,20.28
28339,2019-08-04T12:42:00Z,b281d27635959d6bd495d77d6a0313c951513f902c447ac052888320,60.16762,24.95415,000000006b44cce7,21.87
28340,2019-08-04T12:42:00Z,b3e9da5a37ed8ed450753cb7443e607ed1de2af685bad5be61b3e91c,60.16075,24.95883,00000000f1124bca,13.75
28341,2019-08-04T12:42:00Z,b41cc64d7ab4e16a03573bdc3b5863c4b402ec66c7780c7900c02877,60.16829,24.94214,00000000afef4555,13.75
28342,2019-08-04T12:42:00Z,b523d3f8341906e4b3877ff7d9614b4e10d6bbf10afdcc6c53656c8f,60.17065,24.93641,000000000f4919c9,20.28
28343,2019-08-04T12:42:00Z,b670feb17d43bf7c9bfc6b8236bd8f240defd4d2f9c402ce52a406a4,60.16897,24.95222,00000000aa852af1,9.92
28344,2019-08-04T12:42:00Z,b692878eb87fada3a37765b483cb87b4e478e4537ad535dd23de54b9,60.1538,24.95595,0000000038bf9618,23.56
28345,2019-08-04T12:42:00Z,b7039958be9f53a3eaed97f705a1974815f52f25226e920155397bec,60.16075,24.95883,00000000f1124bca,12.69
28346,2019-08-04T12:42:00Z,b7867e052453c9caa213f48b033624b744187f4cd77c2418cf9d7b79,60.14699,24.922,00000000a53ed894,16.1
28347,2019-08-04T12:42:00Z,b82ba472f0cb919b39c31b9c737f1608f6a31ffa63352768f9fa12ea,60.16829,24.94214,00000000afef4555,9.12
28348,2019-08-04T12:42:00Z,b92c7fb1d77c3f326d59dbe2689bb5b8ff10fcd691f28b36aa98408c,60.17002,24.94407,000000006b087f40,23.56
28349,2019-08-04T12:42:00Z,ba9825bb3cfae6aeb29833f0a11189802065c73f8e541b2bcb5b572f,60.14699,24.922,00000000a53ed894,18.79
28350,2019-08-04T12:42:00Z,bb0193f2b0ac4801fe82ed5cec75e687465d707d92e731047f81650f,60.1538,24.95595,0000000038bf9618,3.09
28351,2019-08-04T12:42:00Z,bbe7947ea50de5986f237ccab5782ddb55c199ad6a81e8f692670d0c,60.16829,24.94214,00000000afef4555,9.12
28352,2019-08-04T12:42:00Z,bbeaad18acdd3a2602aa5b07ab6ae8df489cb499c4490b3e6f561a5e,60.16629,24.95957,00000000fb7600be,29.32
28353,2019-08-04T12:42:00Z,bbf8cd606b9732370f1c0ae0e68d6d0663a23102d831dd10c0e74819,60.16897,24.95222,00000000aa852af1,9.12
28354,2019-08-04T12:42:00Z,bc07df8cc395f6f4f5d483b2233caca5f93a6918f346e4cc3702f8cc,60.16531,24.9442,00000000fdda10fe,14.89
28355,2019-08-04T12:42:00Z,bcf688ec2e666179e52a495a8304dd7aaaf4acad52788a0929b287a2,60.14699,24.922,00000000a53ed894,20.28
28356,2019-08-04T12:42:00Z,bddca8fc17056f9f207a259070e281eedf4cea3e8e22093b88bbd7b5,60.14699,24.922,00000000a53ed894,11.7
28357,2019-08-04T12:42:00Z,be3899e685ec11f99f7112d4c7cddf57b9c9edeed8394ef9c49ede71,60.17002,24.94407,000000006b087f40,25.36
28358,2019-08-04T12:42:00Z,bebf1edb9736fe66391376c4cf2a3033ab9fa83ae21f86b66392e2d0,60.16762,24.95415,000000006b44cce7,11.7
28359,2019-08-04T12:42:00Z,bef86aee891e6813146b3b9679809c39591429ebddf99a44cc9a60ed,60.14951,24.92138,0000000006dd41f6,21.87
28360,2019-08-04T12:42:00Z,bf2e5725b255e320f1e8375ec03f55194f1fd9f751be9629d873a5c8,60.14699,24.922,00000000a53ed894,3.4
28361,2019-08-04T12:42:00Z,c1e4323d2276cb6e358f5fabb123294e7a0ef87e7169f3cccc8f2e03,60.16075,24.95883,00000000f1124bca,12.69
28362,2019-08-04T12:42:00Z,c22d0093a8d103f59838ad43218fa834e328847e5094bcb2e98d5307,60.16829,24.94214,00000000afef4555,9.12
28363,2019-08-04T12:42:00Z,c261834e6d2c1bd9adddb82d8c6ce2d8aad82a89e32da62f3fcc6063,60.16075,24.95883,00000000f1124bca,8.38
28364,2019-08-04T12:42:00Z,c2df6019d8d482b8e842c4255041699db5564f71198829142be74c80,60.16762,24.95415,000000006b44cce7,7.69
28365,2019-08-04T12:42:00Z,c36d58ed0e0dddb3e26be1214e369db1c3fa3d4bcf8b53536a25239b,60.17065,24.93641,000000000f4919c9,4.94
28366,2019-08-04T12:42:00Z,c3be6dcc2c0542676c20d28ce38adbe2c0b9be09caa3f22e60210636,60.16075,24.95883,00000000f1124bca,4.94
28367,2019-08-04T12:42:00Z,c493415e869d6e6304841784a120f994272b83557256b43e44e4f3e0,60.14699,24.922,00000000a53ed894,6.46
28368,2019-08-04T12:42:00Z,c593e91b10da944a20d25c4237bda2fae759d288cea38bcaaee3abfa,60.16448,24.97323,0000000053c6c2be,23.56
28369,2019-08-04T12:42:00Z,c633a260ce59bad4e1ca42f12936ed8ae57a40f5e6528dfb70052c43,60.16897,24.95222,00000000aa852af1,10.78
28370,2019-08-04T12:42:00Z,c728eaa7734efeabe7f33c782081caa960fcced68160e285ee477916,60.14699,24.922,00000000a53ed894,18.79
28371,2019-08-04T12:42:00Z,c7951807c3dfab7d09841dfc9c9b2a4fc0bcf4f43e44a9ac61b85c91,60.17002,24.94407,000000006b087f40,20.28
28372,2019-08-04T12:42:00Z,c87da10aff699f66ab177faaafcbfb29044be17a0cdcd0770f99f6f0,60.17065,24.93641,000000000f4919c9,25.36
28373,2019-08-04T12:42:00Z,c905a50dedd9b3d2114cde9160b7adf83adc09683b65598ce24c4047,60.1538,24.95595,0000000038bf9618,20.28
28374,2019-08-04T12:42:00Z,c9822d9c012b25f745a2934c523f3c9e6db75fbe3f5e673475813381,60.15432,24.9211,0000000019fb59c4,13.75
28375,2019-08-04T12:42:00Z,cc2cf42c6b14536fb92c810ff0e3dd5a3caa74236f14246a5b6e8cdc,60.16762,24.95415,000000006b44cce7,7.05
28376,2019-08-04T12:42:00Z,cce6b6f309e43e2bb1be6a9784582a82891e976d0869d01040586d27,60.14947,24.91438,000000004ef3150d,3.74
28377,2019-08-04T12:42:00Z,cd3e127e27387b6e06cdf27f46fb6046e4182e4d7b49b49c17167c1c,60.14947,24.91438,000000004ef3150d,11.7
28378,2019-08-04T12:42:00Z,cd4867e8bfd7af028b5546f9acfa77ecb7ff107d7c09d62186ecbbd7,60.16075,24.95883,00000000f1124bca,9.12
28379,2019-08-04T12:42:00Z,cd4ecd3b83630f6e5d65f635804e47a1ceb82853aac36af30044f06a,60.149,24.9843,00000000fffb8cf0,29.32
28380,2019-08-04T12:42:00Z,cd9b2be9ffb37c8b7c5c25f587c95b1c7932a21fb245487ea2f740d9,60.14699,24.922,00000000a53ed894,20.28
28381,2019-08-04T12:42:00Z,ceb777dafa9b7e39125b89735b7f0cf22c3018eb0196043ac8160370,60.14699,24.922,00000000a53ed894,16.1
28382,2019-08-04T12:42:00Z,ced0425d382ce86b7565a8b7b36a453a0880a08ba10090524e6c1ac5,60.14699,24.922,00000000a53ed894,9.92
28383,2019-08-04T12:42:00Z,cef1d06a10cfa08bcaef8b36535c2ec32c756a76cc0d5c2a1246f933,60.14699,24.922,00000000a53ed894,8.38
28384,2019-08-04T12:42:00Z,cf52b142bcf43f119e4794fc5d9143de7cd0bf7ec81f81e7c8eddb89,60.18203,24.91341,00000000342570c2,29.32
28385,2019-08-04T12:42:00Z,cfa42322be0000cf89d8969d1b88ace0ba99cab721dd58d55d41a36e,60.17065,24.93641,000000000f4919c9,13.75
28386,2019-08-04T12:42:00Z,cfc2a688ff31fbb1baac8790fb6d56dc7746ba2cf9e0e5f39d4751a4,60.14699,24.922,00000000a53ed894,5.41
28387,2019-08-04T12:42:00Z,d0413da80c7714f40ffe50dcfb00039280c64ecebc61c59df72965e6,60.149,24.9843,00000000fffb8cf0,29.32
28388,2019-08-04T12:42:00Z,d098b9b5b30c5fcd4ae8a2b8bc761df72829713d3ae919634876d349,60.14699,24.922,00000000a53ed894,12.69
28389,2019-08-04T12:42:00Z,d0aa228c2a3e6e1568e876cffc76874702e0f0f63f18533551bf02c1,60.16075,24.95883,00000000f1124bca,27.28
28390,2019-08-04T12:42:00Z,d0cab2a2660dcc5cb99a9bdf39d2e6b31b7498985db1b50e48cb478d,60.18203,24.91341,00000000342570c2,9.92
28391,2019-08-04T12:42:00Z,d150c7aba4e7419f0ddd187392a9c2a429f44fa82535fb594c48ff55,60.16897,24.95222,00000000aa852af1,11.7
28392,2019-08-04T12:42:00Z,d23ec4141989f5b2edc21fa3a1db5e0541e021d188d8844e5a83373c,60.16897,24.95222,00000000aa852af1,29.32
28393,2019-08-04T12:42:00Z,d38e88e5b926f9d1de6e326cca45116fcca11f10684c80876739c6cd,60.16075,24.95883,00000000f1124bca,9.12
28394,2019-08-04T12:42:00Z,d635f6e4536bd89d5a215500e5d4203d21e632e50e0403f82c5d00f9,60.15432,24.9211,0000000019fb59c4,21.87
28395,2019-08-04T12:42:00Z,d64eda229ebb6012e59bc89eacb74918e404ce52f16b491f3d48e800,60.16897,24.95222,00000000aa852af1,7.69
28396,2019-08-04T12:42:00Z,d6b274f1f49dde057f37b6d65670f16c2a7ba75e21283e342e5c3bfb,60.16762,24.95415,000000006b44cce7,25.36
28397,2019-08-04T12:42:00Z,d87210146aab139cc6640a20b428dce6ac516806a71a177b70e04f62,60.17065,24.93641,000000000f4919c9,9.12
28398,2019-08-04T12:42:00Z,d8983a8fe916583702bb776d3d8d3cbbe9e78778fd44d07c52ad1f2d,60.14699,24.922,00000000a53ed894,14.89
28399,2019-08-04T12:42:00Z,d8e7e8b511d1123d1389cf08abbfa54b2b38e1824598b88008356c33,60.16897,24.95222,00000000aa852af1,18.79
28400,2019-08-04T12:42:00Z,d8f93f7019ced3cf8ccc2946465e8113293e75498092e982fd45bbc5,60.16762,24.95415,000000006b44cce7,10.78
28401,2019-08-04T12:42:00Z,d9850522e3aa6a2204b3237b8fe0044f41732a79a88cfc4b4811bcad,60.18203,24.91341,00000000342570c2,21.87
28402,2019-08-04T12:42:00Z,da667dfa2d8a272a7398e186de027fabd2052052c0aad767a1c7d966,60.16897,24.95222,00000000aa852af1,18.79
28403,2019-08-04T12:42:00Z,da79bc3a154be3d65c15bbffd0b895193ffd8167bba8a96ad28308e5,60.16762,24.95415,000000006b44cce7,14.89
28404,2019-08-04T12:42:00Z,db6993de0692cf79ab1b8e7d86e4b5832d11f57f026a6eb339f977bf,60.14699,24.922,00000000a53ed894,9.92
28405,2019-08-04T12:42:00Z,dbf9f0495974591badcee3fcfc1b5eb718b26de86aaf486c351ad084,60.14947,24.91438,000000004ef3150d,8.38
28406,2019-08-04T12:42:00Z,dc439ef81c2abfb840e3ab145f2b944aae18a1beffd3eb47de845b9c,60.16531,24.9442,00000000fdda10fe,16.1
28407,2019-08-04T12:42:00Z,dcec4c4fb70c5f7dd0f408b6499f8c5ab0c2e9ff2b6d0fb082eba391,60.16075,24.95883,00000000f1124bca,12.69
28408,2019-08-04T12:42:00Z,dd4d709c749e6cfcf1531575846683d4ca730e850e17c6dd39252f8e,60.16075,24.95883,00000000f1124bca,5.91
28409,2019-08-04T12:42:00Z,ddc8410b9e4ece4b995b789f95e526693bac176ed77092ba57355dc8,60.16762,24.95415,000000006b44cce7,2.3
28410,2019-08-04T12:42:00Z,de84f754a3916c8f831b0bb8ea41fc2a42cdea2794558fece3c7ae97,60.1538,24.95595,0000000038bf9618,16.1
28411,2019-08-04T12:42:00Z,e02c0f9f72e9f248a4b5df8af328e1a0132d4d8a72c1e603d14cdacd,60.18203,24.91341,00000000342570c2,16.1
28412,2019-08-04T12:42:00Z,e0df847c19b463dec6cea35494d375ce136a276c6a785936c931f60f,60.18203,24.91341,00000000342570c2,20.28
28413,2019-08-04T12:42:00Z,e0e938d5ab6fe3b13270163cd8a4e531dfae4b24ff98ab7e4277114c,60.14947,24.91438,000000004ef3150d,7.05
28414,2019-08-04T12:42:00Z,e1a443e10353da64728464e8a720aaf22a62b80d404f1acae1a1c6ee,60.1538,24.95595,0000000038bf9618,36.27
28415,2019-08-04T12:42:00Z,e34bcebfa007159f3d2adb0e62e20fcf721a221f52bdfe2a6ad77831,60.18203,24.91341,00000000342570c2,17.4
28416,2019-08-04T12:42:00Z,e3e3bac265ab2713063d7435bf5c7374dfc7dfc647fb677a030a1a49,60.18203,24.91341,00000000342570c2,27.28
28417,2019-08-04T12:42:00Z,e447e76c7b53157c11d5bfeb172c27332c81b5ec7f263badf5507888,60.149,24.9843,00000000fffb8cf0,27.28
28418,2019-08-04T12:42:00Z,e4b111abda6e15229c808fb72d5c0c38e2cf3abdbbb62fff5ae48e42,60.16762,24.95415,000000006b44cce7,16.1
28419,2019-08-04T12:42:00Z,e621e7131322cca25ac9c09fde26ef4c94d2ba83c5679134b2bcf63d,60.16762,24.95415,000000006b44cce7,8.38
28420,2019-08-04T12:42:00Z,e65f7c68ce6502de36e4f47d0646a91a76d6c8cf8b5ffd26a3df8f4b,60.149,24.9843,00000000fffb8cf0,11.7
28421,2019-08-04T12:42:00Z,e7cd5f775c7eea951719f351fcc25c710f857832d6f4b70a51b7b82d,60.16897,24.95222,00000000aa852af1,9.92
28422,2019-08-04T12:42:00Z,e826dedac8582e619ce18cd7eed68be5ee1fc9ed37e191e06f916835,60.14947,24.91438,000000004ef3150d,7.05
28423,2019-08-04T12:42:00Z,e9115410fa45db5a174eee008cae729dc69937a0e0b5a304899bf1b9,60.17065,24.93641,000000000f4919c9,20.28
28424,2019-08-04T12:42:00Z,e92eb020afcd7c1fad04690230ff8c2f005e404dd25b8dced1df30dd,60.16075,24.95883,00000000f1124bca,12.69
28425,2019-08-04T12:42:00Z,e9e19621fc5cfcfed2c808bbadc6cc6dd31e28d3c04cef8b89ca2729,60.16075,24.95883,00000000f1124bca,11.7
28426,2019-08-04T12:42:00Z,ea157e44ed100be3f782d8b3d8e5e0986079c588c9ea754b14917df0,60.16829,24.94214,00000000afef4555,5.41
28427,2019-08-04T12:42:00Z,eac6fda3a18aa9ce55b6359f5c62a044e0bcd6bc3576c8cd815acf07,60.14699,24.922,00000000a53ed894,16.1
28428,2019-08-04T12:42:00Z,eb6541383f8b12fc5476e5e2bc406933edfd211f49a1bbb93f323fa0,60.14699,24.922,00000000a53ed894,14.89
28429,2019-08-04T12:42:00Z,ec096f9d9f6ac607dcfcecf3327071d33a6ed3fdedd3cc796ba91fdc,60.16897,24.95222,00000000aa852af1,21.87
28430,2019-08-04T12:42:00Z,ec424a10bcefb6e69c2eabf42534f06e7a10aa0cfb28f6478052cade,60.14699,24.922,00000000a53ed894,7.05
28431,2019-08-04T12:42:00Z,ed70712277756192c688e0f4d7620cdb33803ab3e0cc7c180c3efd23,60.15432,24.9211,0000000019fb59c4,12.69
28432,2019-08-04T12:42:00Z,eed1c3b93e33ab3a4802db427c8c197c0fbad358e039b6ea8c8af07b,60.18203,24.91341,00000000342570c2,11.7
28433,2019-08-04T12:42:00Z,f15b72a3aad411d2f8a70b41c4f62ad2d744d064d42ec00c71a18ac5,60.16762,24.95415,000000006b44cce7,2.54
28434,2019-08-04T12:42:00Z,f1845e00642980be3cdc27a088c619bb0616b86f7cfa0b8909efac80,60.16544,24.95398,0000000038d83d41,23.56
28435,2019-08-04T12:42:00Z,f1e73fa6dab8e8a2db6d7515f601fac161f17c34beb84aa55e812a9e,60.16762,24.95415,000000006b44cce7,1.38
28436,2019-08-04T12:42:00Z,f2adb546cdbceb99c6ab882f712614e2b9a2bec328ec26febcf2fa83,60.16629,24.95957,00000000fb7600be,25.36
28437,2019-08-04T12:42:00Z,f2deba4ef84dbbc8c5d8524f6e2311183003bce4f9bfa6aef5b5ef66,60.14947,24.91438,000000004ef3150d,17.4
28438,2019-08-04T12:42:00Z,f39827c3c7f4c833d1118043492f78e3255b6da9f4a2c000041d9b61,60.16829,24.94214,00000000afef4555,17.4
28439,2019-08-04T12:42:00Z,f5f7cfe177dfb0b7ebba2419ae53f70b6b5690dd98d98586004a9107,60.149,24.9843,00000000fffb8cf0,13.75
28440,2019-08-04T12:42:00Z,f796c9efc581b25280d4b416f8ba3aecca6ddf083e7bdad05f6e595e,60.14699,24.922,00000000a53ed894,7.05
28441,2019-08-04T12:42:00Z,f7f0caf73572bea3c08b592eeb9655b2668cfb16fd8840ca5619d84a,60.14699,24.922,00000000a53ed894,4.94
28442,2019-08-04T12:42:00Z,f81439a39740937c6cba523d5ebca87b52d69ff29fb449cf42ade4d6,60.14699,24.922,00000000a53ed894,16.1
28443,2019-08-04T12:42:00Z,f868d87b5d5a7094b60a131cd3e120c25787ebf751f7c93640b34942,60.16897,24.95222,00000000aa852af1,12.69
28444,2019-08-04T12:42:00Z,f8921b07c5b509c95015ee48304dcbb9b43fc2b579459b8efd3731fc,60.16897,24.95222,00000000aa852af1,18.79
28445,2019-08-04T12:42:00Z,f89ed6a4a644f021299a91bd365b752023ef85e8cb44c2ce33ca3b07,60.16448,24.97323,0000000053c6c2be,23.56
28446,2019-08-04T12:42:00Z,f97bd6b766461dd4066a8fde3d7dfed9d1027ff23973200a005458cd,60.17002,24.94407,000000006b087f40,11.7
28447,2019-08-04T12:42:00Z,fa96854324adae88abb35afa34b2393a20338bfd8fc9602d3ce6ae8d,60.14947,24.91438,000000004ef3150d,6.46
28448,2019-08-04T12:42:00Z,fadc39da3cd26ac621092fbbff224b95bb13446c8d24bbf4f3e50e90,60.14947,24.91438,000000004ef3150d,8.38
28449,2019-08-04T12:42:00Z,fc618d570293e104f3bf927312641e3b7c65acce185b1614337d848c,60.16829,24.94214,00000000afef4555,14.89
28450,2019-08-04T12:42:00Z,fce50ac3cfd2f3b7a897f6575eeda4e45ab42e5b9b5351be836cc0de,60.16897,24.95222,00000000aa852af1,23.56
28451,2019-08-04T12:42:00Z,fd77161cf9715d9d0f922cf45e79e5d9b9debef5113cb32a4f82ef76,60.16762,24.95415,000000006b44cce7,4.5
28452,2019-08-04T12:42:00Z,fe5ca86c906b1cb3bf9dd257ceefc562e41da499878f1074484f7d42,60.14947,24.91438,000000004ef3150d,7.69
28453,2019-08-04T12:42:00Z,fe694a484edd6d458a9dd6ab1b972c47170c8d32ebc0a87317ddc660,60.18203,24.91341,00000000342570c2,18.79
28454,2019-08-04T12:42:00Z,ff4f3e0f964f23b97e88626f7a506bb4409718931712c58ce0f247af,60.16762,24.95415,000000006b44cce7,7.05
