,time,hash,latitude,longitude,serial,distance
0,2019-08-04T18:06:00Z,002609eccfa6482109fb43966e0153bf6f371425cf715e49925348dd,60.14699,24.922,00000000a53ed894,18.79
1,2019-08-04T18:06:00Z,0104097a4a93055d6feae9bad4c28bff4954a25c3f3dc183822a2a28,60.16544,24.95398,0000000038d83d41,23.56
2,2019-08-04T18:06:00Z,0152988639aaaa9cc27213280c8f0c0c8ec97ae6a45aaaf743c9c25d,60.16544,24.95398,0000000038d83d41,23.56
3,2019-08-04T18:06:00Z,07f8122078acc2a17ac351f1a53d28f3f5d2d222b8f9052e3849c263,60.16762,24.95415,000000006b44cce7,20.28
4,2019-08-04T18:06:00Z,0dc8c9fd6c6ca193d5326d70d6f9efc1963bcd534fc7c80032f0e192,60.16544,24.95398,0000000038d83d41,20.28
5,2019-08-04T18:06:00Z,107ff02ae50ba9cd6c9786f94e49b00c78a869a58f37f6f253c90e56,60.16762,24.95415,000000006b44cce7,18.79
6,2019-08-04T18:06:00Z,14c7e1511b70f4dd3359cbece1377aebb4d70531f5489eefe53d7c3c,60.16544,24.95398,0000000038d83d41,23.56
7,2019-08-04T18:06:00Z,165ebbb4090d47319ae370f0d0854fdc1f6b79499f8b2e4d3c3533c0,60.16544,24.95398,0000000038d83d41,29.32
8,2019-08-04T18:06:00Z,16962a7bb036a995c8cf0c2bc17153c812c23d9af2eaf2207425da3b,60.14951,24.92138,0000000006dd41f6,25.36
9,2019-08-04T18:06:00Z,18a7cc18e342213704ea064466030587974195a1405c322d3118dcf3,60.14699,24.922,00000000a53ed894,14.89
10,2019-08-04T18:06:00Z,19882f7eb60b2bbe4df9b48d27f047426a641e74eea690915e2b2288,60.16544,24.95398,0000000038d83d41,25.36
11,2019-08-04T18:06:00Z,25a7ff811c3c06e426c7c2cbb0433d9a2a3399b23afecbd35584ab0f,60.18203,24.91341,00000000342570c2,10.78
12,2019-08-04T18:06:00Z,297c725b456ef12d2712634b21546721cbe93224d3a5762d897404f2,60.16762,24.95415,000000006b44cce7,17.4
13,2019-08-04T18:06:00Z,2c7cb33a1d5aeed6b1f2e9731589deaaeaa1f23489d56c14fa34eac1,60.14951,24.92138,0000000006dd41f6,21.87
14,2019-08-04T18:06:00Z,354cac7b39d57e39a5b0ab2caa0a1a915a763605fa6631bab8683659,60.16829,24.94214,00000000afef4555,13.75
15,2019-08-04T18:06:00Z,3763dbba0710e5f35aae6c2f5043debbfd529b4c513eebb4875c2c46,60.16762,24.95415,000000006b44cce7,23.56
16,2019-08-04T18:06:00Z,3944bc7a301be7241d1f7bc4a97f221000d535ce3d8a9af9af9b23b5,60.16531,24.9442,00000000fdda10fe,21.87
17,2019-08-04T18:06:00Z,4864f0b2cd63113fee52932c25709d81bb98acbef861fa2483240b7c,60.15432,24.9211,0000000019fb59c4,13.75
18,2019-08-04T18:06:00Z,491b2670fa626c719c5624e2a013e9325dd599d02b93ca1a1b0e3416,60.16544,24.95398,0000000038d83d41,13.75
19,2019-08-04T18:06:00Z,4af69b5f76b6980f4cee17b67b766b917b06558754e40b1a2ad9ba17,60.16897,24.95222,00000000aa852af1,23.56
20,2019-08-04T18:06:00Z,5b0f38b2fd0969676f3a8bfdc5e2c5eb0b47cc9f9c1ad42c526f101a,60.16762,24.95415,000000006b44cce7,27.28
21,2019-08-04T18:06:00Z,5bbb5184fded3e51bc78e45e39917794285e6bbc72da404802a9599a,60.16531,24.9442,00000000fdda10fe,18.79
22,2019-08-04T18:06:00Z,5d65719c4cbf045f068d084b72302f447d5fd034413d97d13be00d0e,60.18203,24.91341,00000000342570c2,20.28
23,2019-08-04T18:06:00Z,5eed115a984d490b02b602d73787aee8dc8c4e9365b77fbff3818a76,60.16629,24.95957,00000000fb7600be,21.87
24,2019-08-04T18:06:00Z,6066632ddc94b5c482a2d4f45ed2532e55e3fd63e414a084a596a737,60.16762,24.95415,000000006b44cce7,18.79
25,2019-08-04T18:06:00Z,66485d7dc1d9894d92d45c43c07ca41b0c1356470ebc7cb261fb81cc,60.14699,24.922,00000000a53ed894,29.32
26,2019-08-04T18:06:00Z,66dabd3229229330d23c70e9e1737429ddfe69db01f4a6a00f70fa20,60.16762,24.95415,000000006b44cce7,25.36
27,2019-08-04T18:06:00Z,6a70e2fbced719333e21eff04fcb9cb36bae9a04d1a3d6ddd96f2c58,60.15432,24.9211,0000000019fb59c4,7.05
28,2019-08-04T18:06:00Z,737efc92e3419e9d96a8559ec341ea7e18ba6381fd8e4de3d06f82a0,60.14951,24.92138,0000000006dd41f6,21.87
29,2019-08-04T18:06:00Z,747f2d1ebff218c0ebbdc0fdaef4cbe56633dfb46ae1b1f8c8142201,60.16762,24.95415,000000006b44cce7,16.1
30,2019-08-04T18:06:00Z,77fa23db90c6958e3854966083bac2b8dc1d0956757a06b8484b0613,60.16544,24.95398,0000000038d83d41,27.28
31,2019-08-04T18:06:00Z,7856cd9a8241b470ce46295386b13c33e1948a956b3f18b7b3497cdb,60.16762,24.95415,000000006b44cce7,8.38
32,2019-08-04T18:06:00Z,79f136afa0dd8717337c01c70b457c464aaf0fa25b440f51a394ec23,60.16762,24.95415,000000006b44cce7,27.28
33,2019-08-04T18:06:00Z,7b0161728235a5ae8ab965ad670c34d640fdd76aa238943cc640c875,60.17002,24.94407,000000006b087f40,21.87
34,2019-08-04T18:06:00Z,87dfaad29a9276ddddb1fa021d3bc23ad14824c1af16f7d87e713689,60.14951,24.92138,0000000006dd41f6,10.78
35,2019-08-04T18:06:00Z,89514d693b1bede7d473d1b7d714829147cb42615145a8351c675525,60.14699,24.922,00000000a53ed894,16.1
36,2019-08-04T18:06:00Z,89982a6acf91b79a282a6b63978e946ee205f303fcd20e944e06baf0,60.16544,24.95398,0000000038d83d41,29.32
37,2019-08-04T18:06:00Z,8c75c3289c84fe4493e1e272a77b615fe1985880c5dc68a7c1a17b53,60.16762,24.95415,000000006b44cce7,16.1
38,2019-08-04T18:06:00Z,8cc6ddaa460aeae8cc9e8a33f91a01c8cd4c0c8bf8a943210a28c84d,60.16897,24.95222,00000000aa852af1,20.28
39,2019-08-04T18:06:00Z,90117b9c3713f2625c688365a6f9caec2ba33cccf2f0f00d71acea40,60.1538,24.95595,0000000038bf9618,17.4
40,2019-08-04T18:06:00Z,98239bf94ef54f747154b6cbe79cdbf3b87a27880fd23e82c8465dd2,60.14699,24.922,00000000a53ed894,9.12
41,2019-08-04T18:06:00Z,9843c6216661048343a0e49cf3d8aa2883cf77f452666a1c873a1052,60.16448,24.97323,0000000053c6c2be,13.75
42,2019-08-04T18:06:00Z,a91d379a4b57c5df22db0d7a041ff69f657b4b31f28554b1011fc03c,60.16544,24.95398,0000000038d83d41,29.32
43,2019-08-04T18:06:00Z,ad92f89af795b95e5386955cc62c31b3c9f1828b909aea2cbd431919,60.16762,24.95415,000000006b44cce7,25.36
44,2019-08-04T18:06:00Z,b5fd6b317890e5ab2d79e2cd1abe61626d45a753c7337d0d40728898,60.16762,24.95415,000000006b44cce7,14.89
45,2019-08-04T18:06:00Z,b90577926dd52437738dad5f00d4049f63b26d870442dd6efe495a67,60.14699,24.922,00000000a53ed894,18.79
46,2019-08-04T18:06:00Z,bb98768dad0f7c52cf643f035a3e7e48f5cfe28557c66f2a75914b31,60.14699,24.922,00000000a53ed894,14.89
47,2019-08-04T18:06:00Z,bd01ac8fc2992e9ca32f28c1f1b22983845e90918ba97584017978aa,60.14699,24.922,00000000a53ed894,18.79
48,2019-08-04T18:06:00Z,bddeb29d971bd9472fcb760695040f402a4239acfa65c4d1a1631922,60.16897,24.95222,00000000aa852af1,18.79
49,2019-08-04T18:06:00Z,be2502bcf73c1cd115c5162abaaa93bd39610fe4009525afaec71c28,60.1538,24.95595,0000000038bf9618,29.32
50,2019-08-04T18:06:00Z,c0d98967e7575c7d0727764e04702297809bbfe2877f0afc62112028,60.16762,24.95415,000000006b44cce7,17.4
51,2019-08-04T18:06:00Z,c410d9738f30875a93123a94870ad93b3a8eb1010ef478c031580ab6,60.16762,24.95415,000000006b44cce7,17.4
52,2019-08-04T18:06:00Z,ccdb0f38984feb7a1b026794d33b6ed292b71ffdeae9645d73a8fbc5,60.16762,24.95415,000000006b44cce7,13.75
53,2019-08-04T18:06:00Z,cf05623e4d87ce0906c0b0b7dbf53aacc1228016cd27c341228b6e76,60.18203,24.91341,00000000342570c2,18.79
54,2019-08-04T18:06:00Z,d466739295da5e108e9f8a1a4f387f1cec8bde1ff3a78529697bdcc2,60.16829,24.94214,00000000afef4555,25.36
55,2019-08-04T18:06:00Z,d73d0854198e184ee42ff4f9e9da255df0af90985363aea6a02d33d7,60.16762,24.95415,000000006b44cce7,7.69
56,2019-08-04T18:06:00Z,f088630d7476dae7d4b7e2bb1f10575f2c89acb4b6e061f3d57c2b40,60.16531,24.9442,00000000fdda10fe,27.28
57,2019-08-04T18:06:00Z,f6609ab1076b1105bb845595a03b41b8fbb282f79c337df5bbc9f841,60.14699,24.922,00000000a53ed894,12.69
58,2019-08-04T18:06:00Z,f73ab34eb1a08df0fb3a99357eb0626e316ee08f3d72a7566b2c66ec,60.149,24.9843,00000000fffb8cf0,3.4
59,2019-08-04T18:06:00Z,fc4f3a44235f1cfc7b53f14ba2da599976a5a0a220d23b852688e485,60.17919,24.95181,000000007b5207b6,23.56
60,2019-08-04T18:06:00Z,0034c398775d5f780a71ca2eecccb7c5da2c99494d8693c7b3dc722d,60.14947,24.91438,000000004ef3150d,10.78
61,2019-08-04T18:06:00Z,0121d50d2dbae26c708e18cc89e8b82aa0f1c461d5037f76822dc898,60.173,24.92524,0000000096918cfa,10.78
62,2019-08-04T18:06:00Z,025aa0298a045d58ecea14c937bf1e75c34d330197a1a2d7a54e1ebd,60.16762,24.95415,000000006b44cce7,10.78
63,2019-08-04T18:06:00Z,02ad3db90c066f7c8222b363b167f8d596ff022c6131de771f87ad6c,60.14947,24.91438,000000004ef3150d,16.1
64,2019-08-04T18:06:00Z,0431b6d6ce3c66bc6703fd7ad87cd339e7485b2146eadca8ecd65b80,60.14947,24.91438,000000004ef3150d,23.56
65,2019-08-04T18:06:00Z,062a34c6cd614f22b1e0973bfe2fa99f63358e43366f1b68d6baac67,60.14947,24.91438,000000004ef3150d,6.46
66,2019-08-04T18:06:00Z,07b739827a00f76e42ad5d9db4ab56a4fa8647a3a7b146a00d899010,60.14947,24.91438,000000004ef3150d,10.78
67,2019-08-04T18:06:00Z,09cd56cbd86c478170c0fbbca781bf11671ec904d43e2a46632e3e2b,60.173,24.92524,0000000096918cfa,23.56
68,2019-08-04T18:06:00Z,0c34cbe0bc9b530d45bc325a59f3b23f6fcd14cb072c2aef7413951f,60.16629,24.95957,00000000fb7600be,20.28
69,2019-08-04T18:06:00Z,119e78f946cbf67ccf95668ba088f2e2ed2ab75ac7a02152ad7e0e97,60.16762,24.95415,000000006b44cce7,11.7
70,2019-08-04T18:06:00Z,1295cfb86ee248c2b96d3858ab292b0684335830b35b7176f4e3e6f7,60.16629,24.95957,00000000fb7600be,14.89
71,2019-08-04T18:06:00Z,14ca79d7aef6788895981aa8060a3b78d5166639c9e439d39b9e850f,60.14947,24.91438,000000004ef3150d,18.79
72,2019-08-04T18:06:00Z,156551e01eb5b35cece769f9dab683045703476f5e97f9a6215e8163,60.17918,24.95141,00000000675d5200,9.92
73,2019-08-04T18:06:00Z,156c0933af47e0b458f3652785d5947b9c220d4d8109c8d08568f286,60.16531,24.9442,00000000fdda10fe,4.94
74,2019-08-04T18:06:00Z,18373bd17d5ba9a73996121763801c3d40900cd113d9a0ede95e1c73,60.16629,24.95957,00000000fb7600be,17.4
75,2019-08-04T18:06:00Z,184735fd3e85197f922aa20ea21e90030a8dbe84bb054dd67a965789,60.14947,24.91438,000000004ef3150d,6.46
76,2019-08-04T18:06:00Z,19d93b90866acbea1734de00f47ae36e0012b65f19ce71e403c4997f,60.14947,24.91438,000000004ef3150d,5.91
77,2019-08-04T18:06:00Z,1c2be1647bb9a8ff8ff97249ae37e4c09042fb81e52d428555cf6590,60.16762,24.95415,000000006b44cce7,23.56
78,2019-08-04T18:06:00Z,1ca2a3dc3dfc4b7c43e5c2670f235bdd61b23459d91984dde3e5afff,60.14699,24.922,00000000a53ed894,14.89
79,2019-08-04T18:06:00Z,1dd40ed62497f78ab0e6dc5fc77eaba2cfeb3ed115524a7d740991ae,60.14699,24.922,00000000a53ed894,16.1
80,2019-08-04T18:06:00Z,1eda00a0ece5afa43bb4e6c9fff4fb8cbce417fabdd2eda3f4d28c76,60.14947,24.91438,000000004ef3150d,8.38
81,2019-08-04T18:06:00Z,1faaaeff6423708e06d94b904af4be93e399939fbdfd3b3091dc8bd2,60.15432,24.9211,0000000019fb59c4,12.69
82,2019-08-04T18:06:00Z,20ab24811e0bc6029eb899daa71044b51093e26403c1e6d0dacb55fe,60.16829,24.94214,00000000afef4555,41.64
83,2019-08-04T18:06:00Z,210f7eeb5edd92d893a9586f2c58283e0cab1faaa19cca1dfccc6e8a,60.1538,24.95595,0000000038bf9618,14.89
84,2019-08-04T18:06:00Z,216580363f17a09ad5832667051c8b78d7370fb201c6d978f19c8e7c,60.1538,24.95595,0000000038bf9618,38.87
85,2019-08-04T18:06:00Z,2471542920f58d3f2069abdf1c272ac72ecaa45040e2596b2f05acad,60.14947,24.91438,000000004ef3150d,27.28
86,2019-08-04T18:06:00Z,24f7dbfc7459e5c13215bdd1761b4b9d3bf73af00fcb447ce01dea61,60.18203,24.91341,00000000342570c2,25.36
87,2019-08-04T18:06:00Z,254e9b9512b6f350eb6e5125230f382e9434169d73cf0cd709d9d9f7,60.16531,24.9442,00000000fdda10fe,9.92
88,2019-08-04T18:06:00Z,277bb8d27369ac03efeb420ee4283eba3000419f40e86947aa847036,60.14947,24.91438,000000004ef3150d,14.89
89,2019-08-04T18:06:00Z,2864e17adf58331613d9b8e5b4f90b65e3312f3c5ca6ce83f0ecee98,60.16762,24.95415,000000006b44cce7,21.87
90,2019-08-04T18:06:00Z,28fc7f132c8f71bbe12c0e2d60e7c9cd2f863f6aa51221c8f5da6df4,60.14947,24.91438,000000004ef3150d,2.8
91,2019-08-04T18:06:00Z,2a66d3b9f1bf8f7d26cb8cb38dd0ecefaef9bc2247adbec7a3a112aa,60.14947,24.91438,000000004ef3150d,14.89
92,2019-08-04T18:06:00Z,2c571fe98d94278eabd855bd1c1d7b02090b08f243339323b3eb01c8,60.14947,24.91438,000000004ef3150d,16.1
93,2019-08-04T18:06:00Z,2e4b7b276c2419ce8ce8523728f9aa0d5d58d71437015f4660a3baef,60.17065,24.93641,000000000f4919c9,18.79
94,2019-08-04T18:06:00Z,2e5ae3385dc86fd3d9151b5b0b667496cbe8b1cb848397c08a808310,60.16448,24.97323,0000000053c6c2be,25.36
95,2019-08-04T18:06:00Z,316229fce472c50460869d00750c93fe96232d5c6a529b37d5f8e99f,60.1538,24.95595,0000000038bf9618,29.32
96,2019-08-04T18:06:00Z,32e1b6b5423746ae8a84a495a02857e83911f7d17722c1f3e0b0c912,60.16897,24.95222,00000000aa852af1,12.69
97,2019-08-04T18:06:00Z,32f638e1d6d755b5978aa3f2aa07382637cce8134d658ec0f8350e9f,60.18203,24.91341,00000000342570c2,21.87
98,2019-08-04T18:06:00Z,346344bc7174892307390c81fead55316038f64a342ca8502c71a4b1,60.16762,24.95415,000000006b44cce7,20.28
99,2019-08-04T18:06:00Z,39bba074f81dc6ccdf1500d9cb6f9d49b8bf9294479d16acf70e6ad2,60.1538,24.95595,0000000038bf9618,16.1
100,2019-08-04T18:06:00Z,3b7647a640b732f8a765adf5a1eb8ab798d4e45222620f63b6713e2c,60.1538,24.95595,0000000038bf9618,9.92
101,2019-08-04T18:06:00Z,3ba733a4a640256c4b589db4628069f60849278373e21e7f4b6e8cd2,60.14947,24.91438,000000004ef3150d,16.1
102,2019-08-04T18:06:00Z,3f7cca6ad0ca47cf31bf04f8aacbb4fd89faaa5b974fc2204d5b4afb,60.14947,24.91438,000000004ef3150d,11.7
103,2019-08-04T18:06:00Z,46421ebb80f90330c7569d0c129f95ad9ea08202dc641ade48bc1d89,60.14947,24.91438,000000004ef3150d,17.4
104,2019-08-04T18:06:00Z,467770c7bdf7ad20032c4a0f938ad1d2a10d930d5c108c4e50811862,60.14947,24.91438,000000004ef3150d,10.78
105,2019-08-04T18:06:00Z,4769865ca935d12f68fe0b1c2929ccd9f2f1a5813432758503e8407f,60.16762,24.95415,000000006b44cce7,21.87
106,2019-08-04T18:06:00Z,47f556f6b6011d693c1debbf5ecd6a4d927751f953d3c8c2366a0a43,60.16897,24.95222,00000000aa852af1,36.27
107,2019-08-04T18:06:00Z,49c8a9d250c120688daae63da00f6452422103ae2e4b315ad315a5e0,60.16762,24.95415,000000006b44cce7,13.75
108,2019-08-04T18:06:00Z,49cda19ec3dfcd6aec83d02718d0dcb030662963cf432f9b7fb6b23e,60.14947,24.91438,000000004ef3150d,7.69
109,2019-08-04T18:06:00Z,49db31fdc228ea2e05d93ba499611c4aa6587deb8fcfa33adb21d5c7,60.16762,24.95415,000000006b44cce7,10.78
110,2019-08-04T18:06:00Z,4aefa2b2a231e00d33db5d4c0ffdebec87bbda321b8e9a378e5d4cbe,60.14947,24.91438,000000004ef3150d,12.69
111,2019-08-04T18:06:00Z,4dd7300f17f7d89912b98102703f1b0340d0296af0a0eb3971656681,60.14947,24.91438,000000004ef3150d,11.7
112,2019-08-04T18:06:00Z,56528f2f7848a92c4e62dd6790ebade14b36cb837e98f52ef6aa6935,60.14947,24.91438,000000004ef3150d,9.92
113,2019-08-04T18:06:00Z,56df23361d98be7aad7f00ac48267b1fd4231ce876b340c52af7d34e,60.18203,24.91341,00000000342570c2,18.79
114,2019-08-04T18:06:00Z,571106694e3244cdfbfac1d0ae93fc66168361897e25d5701350f08e,60.17002,24.94407,000000006b087f40,38.87
115,2019-08-04T18:06:00Z,57267f0d1d932f5c1196a4a3a15ecea3e3373668f983e6c68ae706a2,60.16829,24.94214,00000000afef4555,18.79
116,2019-08-04T18:06:00Z,575fc1e1b7b326dc0be738055eaa456cd065e3007bc5ea5777b880f3,60.14947,24.91438,000000004ef3150d,4.94
117,2019-08-04T18:06:00Z,584cb0b0cdd14e608c8b57c8aecc9826f9b40027e365e2438a444ea2,60.16762,24.95415,000000006b44cce7,20.28
118,2019-08-04T18:06:00Z,5937a1ceb3cbed4d2cff932fa9baa8eaae7d72c268ad01baedb34a3e,60.17002,24.94407,000000006b087f40,25.36
119,2019-08-04T18:06:00Z,5e9e876eb6e3c7c8d84162230413dc5998e221b6717ed75b4e6ee4a6,60.14947,24.91438,000000004ef3150d,7.69
120,2019-08-04T18:06:00Z,61634f4a9e5a3d29ce3143cf73d2f6c4aa42ca883cfdf1c231cc10a9,60.14947,24.91438,000000004ef3150d,4.11
121,2019-08-04T18:06:00Z,63b53fa87bd25f3e76ba8fe54a4d56b06da2ff9a0115501c993d3ac0,60.14947,24.91438,000000004ef3150d,17.4
122,2019-08-04T18:06:00Z,64b41220c82f5f1c35e7c650acc13bd5fd934d4757ca7d2387b93873,60.16897,24.95222,00000000aa852af1,10.78
123,2019-08-04T18:06:00Z,6561a75c568e218ab03ff5e0d867f4d6b870877bf24844204f4632c5,60.14947,24.91438,000000004ef3150d,12.69
124,2019-08-04T18:06:00Z,67ba69f437d8b119525ec4a6a24e8575bb93e56e67d7614fdb7be88a,60.16531,24.9442,00000000fdda10fe,14.89
125,2019-08-04T18:06:00Z,692cb1e58e47465a67ac2f3b75ce3517205810ea47dd5dd13ed3ed51,60.16762,24.95415,000000006b44cce7,13.75
126,2019-08-04T18:06:00Z,695d55f2fd0bb847cd7847177859f324e79512e50465c4490c7345e6,60.17002,24.94407,000000006b087f40,18.79
127,2019-08-04T18:06:00Z,6b50cc3418ffa260562306ad8b1a4fd1ee9be9ea5f067ff43c68c0c6,60.16897,24.95222,00000000aa852af1,16.1
128,2019-08-04T18:06:00Z,6effd91ef97c32991908b3e6a09f7665b653eb5bcb7059744dc9bc13,60.16531,24.9442,00000000fdda10fe,16.1
129,2019-08-04T18:06:00Z,6f4c59a2b29dae269105f8d9314b9e799991b095fb42af5dd0c88f07,60.14947,24.91438,000000004ef3150d,13.75
130,2019-08-04T18:06:00Z,70153bf3e29aac7b4b07d879d71ff3c28c5d196625859c8d4c811e47,60.16762,24.95415,000000006b44cce7,12.69
131,2019-08-04T18:06:00Z,723365a255f9ff98997a162e3c49bebab7cb99391a440f262e785742,60.16762,24.95415,000000006b44cce7,20.28
132,2019-08-04T18:06:00Z,726551a636e4d45c45e5925941c7b17cb10f015067e31d6b9a0c203c,60.16629,24.95957,00000000fb7600be,21.87
133,2019-08-04T18:06:00Z,73a12fa206c3e063e2c8ac8c6961dc4fd2aa19969be2805ceda8126e,60.14947,24.91438,000000004ef3150d,25.36
134,2019-08-04T18:06:00Z,74c584da7a71617ba27e57095d201736159ef8b59026aea1a12a4e81,60.16762,24.95415,000000006b44cce7,21.87
135,2019-08-04T18:06:00Z,756d8e3c936e12462430214ad80417c37989418cefda916b64a6512d,60.14947,24.91438,000000004ef3150d,7.69
136,2019-08-04T18:06:00Z,760479c87bd6417ed8a0730f0da7221d13396c651aeec7d4eb3ba6fc,60.16762,24.95415,000000006b44cce7,13.75
137,2019-08-04T18:06:00Z,7a5edfa42f04d12fa421c2c4f840c40dc51ca04a872acb8c8075bdbb,60.14947,24.91438,000000004ef3150d,4.94
138,2019-08-04T18:06:00Z,7b515e7352d4c8e1598fae607ced29125f435dd15ddb06e4b1cd5e7b,60.14947,24.91438,000000004ef3150d,9.12
139,2019-08-04T18:06:00Z,7cc70e6788a0cfddde419112d48662ed06a41b0ee54c2c4dbc7fb5f1,60.16629,24.95957,00000000fb7600be,20.28
140,2019-08-04T18:06:00Z,8160b535789849cca14fadf448599b3790e3cb3cd7efe381771c6860,60.173,24.92524,0000000096918cfa,16.1
141,2019-08-04T18:06:00Z,87115313476fd4bd06e1aabdcb43595c8d13168f071c817eb818069c,60.16629,24.95957,00000000fb7600be,25.36
142,2019-08-04T18:06:00Z,87a161970224daa523c9cf838a8496cb4fc44862a6a84e5d2a0f4aaa,60.16629,24.95957,00000000fb7600be,10.78
143,2019-08-04T18:06:00Z,8a5a9c5c331e0fcd6a44480ac0ad34f95d7f336aa559411b47edfaff,60.16897,24.95222,00000000aa852af1,29.32
144,2019-08-04T18:06:00Z,8c657ecd533d18363ca5f5fe7721127c8353dff1b44ec90a8e044983,60.14947,24.91438,000000004ef3150d,18.79
145,2019-08-04T18:06:00Z,901ac4b5050de125ac31c261df85a30119b3cdaaba36692ac41b5302,60.14947,24.91438,000000004ef3150d,7.05
146,2019-08-04T18:06:00Z,90621e884335755be3931723d708d3c832510f061b80d3ab2923100d,60.18203,24.91341,00000000342570c2,17.4
147,2019-08-04T18:06:00Z,9123ce5342ac970adfa61ce39b7b884cda02b350c3834652ec6d4264,60.16762,24.95415,000000006b44cce7,23.56
148,2019-08-04T18:06:00Z,9176d978bc7e6d098aab2a2d2e32bda3408fb82c2e43dd00f9eee5f5,60.14947,24.91438,000000004ef3150d,9.92
149,2019-08-04T18:06:00Z,91e37885c571010f449b443dd497b5f8f681768a96f8b3cd0054175b,60.173,24.92524,0000000096918cfa,29.32
150,2019-08-04T18:06:00Z,945ffc8409df56199890a6b9584f89da71bdc1da1318afd75d2eeae5,60.14947,24.91438,000000004ef3150d,6.46
151,2019-08-04T18:06:00Z,94cf9eb49c4d623486062bd145370b13440a0f28eb58186219664ff0,60.15432,24.9211,0000000019fb59c4,29.32
152,2019-08-04T18:06:00Z,95b356b4d99f6ef4cdbf64f8b447bbf96c53b6399a3ac93b69dc4f1e,60.16829,24.94214,00000000afef4555,25.36
153,2019-08-04T18:06:00Z,9657b7efac078e24b08da8d7fe66176f7fac37fe9212eb24989a4176,60.16829,24.94214,00000000afef4555,14.89
154,2019-08-04T18:06:00Z,96894813357b1802391ef8b5e494ce64030a869ee30413d5bb286537,60.149,24.9843,00000000fffb8cf0,8.38
155,2019-08-04T18:06:00Z,971ccbd77b9dad5863be1ce205e160f3ad364cead60261e3d93f0297,60.16531,24.9442,00000000fdda10fe,25.36
156,2019-08-04T18:06:00Z,9a7e7dcc08c784c0b269d5d67284121ce85af8c8d1e7a53cee8e6407,60.14947,24.91438,000000004ef3150d,7.05
157,2019-08-04T18:06:00Z,9ae5b25c43c5cf247fd4d59b17066a40416d900fa1f51a10324c36f5,60.14947,24.91438,000000004ef3150d,7.69
158,2019-08-04T18:06:00Z,9b7e0a5472e0c530539c2c01774093f72290c39d2b6abf32c340c6d1,60.1538,24.95595,0000000038bf9618,23.56
159,2019-08-04T18:06:00Z,9c3b972f58f11c621beeda3d8655bfd98d90f0c1eacb905a503ab859,60.17918,24.95141,00000000675d5200,21.87
160,2019-08-04T18:06:00Z,a14ef8071231ff15b924fc3c27a92e495fe5e2bdad73060b7e2d4766,60.14947,24.91438,000000004ef3150d,10.78
161,2019-08-04T18:06:00Z,a2b524dc305642cec3a3675b43a8b334be0c1a16b186591ef92c2cd3,60.16897,24.95222,00000000aa852af1,6.46
162,2019-08-04T18:06:00Z,a3309005457c6e25a87265e9851be7b226db559ba63c54734050caa5,60.16448,24.97323,0000000053c6c2be,11.7
163,2019-08-04T18:06:00Z,a4f2e1f43f107f0b73e0d1b4684b8fe9b7341b4723a742b339f020bd,60.16762,24.95415,000000006b44cce7,21.87
164,2019-08-04T18:06:00Z,a65014036bf8c88739ce71def6ab239304a797365bca32af2110294b,60.14947,24.91438,000000004ef3150d,11.7
165,2019-08-04T18:06:00Z,a8ab712c72dd40e39253952ae136e500eb5daf640953c7049032b732,60.14947,24.91438,000000004ef3150d,10.78
166,2019-08-04T18:06:00Z,a98d8c25ae702acae62c6405ab4f3dfd6e8ab801f74cce3d7dfd6745,60.18203,24.91341,00000000342570c2,16.1
167,2019-08-04T18:06:00Z,a9de212f22a4c4dbb7fdb81f0ac777b8cb7ed80ff7c52a9c03e70a30,60.14947,24.91438,000000004ef3150d,9.92
168,2019-08-04T18:06:00Z,aa8e4f58f681254f01341cb7a8c7654fcc46639e937757be681ddba8,60.14947,24.91438,000000004ef3150d,10.78
169,2019-08-04T18:06:00Z,af0fe6bc03a65bd5f0f13645b51e630ccfbca58398cc543f4f2be4d3,60.1538,24.95595,0000000038bf9618,18.79
170,2019-08-04T18:06:00Z,b01cafa6592cd02673a7c4855bbfffdf787943c9e42369ae10472c39,60.14947,24.91438,000000004ef3150d,5.91
171,2019-08-04T18:06:00Z,b17559c8e2330060ab567d81b725079e7d2031dbf2d2d4216fe12456,60.14947,24.91438,000000004ef3150d,5.91
172,2019-08-04T18:06:00Z,b25f4f56b5d3d789b2708d491a6fc390f0835b62e33b5e31067758dc,60.14947,24.91438,000000004ef3150d,3.74
173,2019-08-04T18:06:00Z,b357a70e43ebc2b207bb7506e9e9170a8e223ba26f97dd116b068339,60.14947,24.91438,000000004ef3150d,9.12
174,2019-08-04T18:06:00Z,b4ec383de3a42d2e130195b962c72277df838b5ac490d11a7928ab3d,60.16762,24.95415,000000006b44cce7,13.75
175,2019-08-04T18:06:00Z,b5dd0f3d3be702aafd07b4d2418364f65e1c123aae040deb1b149176,60.14947,24.91438,000000004ef3150d,31.5
176,2019-08-04T18:06:00Z,b5e5310eeb5fec60f1c2ef5340d4ef7d762fc74cad568843ee2f1f24,60.14947,24.91438,000000004ef3150d,5.41
177,2019-08-04T18:06:00Z,b74d994796e26375ddeac930e8cd0fd6819c8c1b0f0bfbd3b88a5660,60.14947,24.91438,000000004ef3150d,3.4
178,2019-08-04T18:06:00Z,b765e37a6a1e0ad72e50d03ea490d62ecdf427d8c684b2229a5b6359,60.16897,24.95222,00000000aa852af1,9.12
179,2019-08-04T18:06:00Z,b871d285ee0d21a05473c4512e883f01ee152445e8e1d6bcb28a0b63,60.14947,24.91438,000000004ef3150d,10.78
180,2019-08-04T18:06:00Z,b8b27f2a2efe1af212e52ad5c1fbcacd0e9a8b47308c8a8b1ec1381f,60.14947,24.91438,000000004ef3150d,6.46
181,2019-08-04T18:06:00Z,ba85ba7db1f2c4ab9fdac3c3684f3bc428c470e32ceac44b6c978320,60.14947,24.91438,000000004ef3150d,13.75
182,2019-08-04T18:06:00Z,bc07df8cc395f6f4f5d483b2233caca5f93a6918f346e4cc3702f8cc,60.16531,24.9442,00000000fdda10fe,6.46
183,2019-08-04T18:06:00Z,c0a0ca3433586ed2ae0e448f2406fabac7292ac79d49562e0bd5cef8,60.16762,24.95415,000000006b44cce7,14.89
184,2019-08-04T18:06:00Z,c0aa7f661ba61e40ceb536b5cdd60c9ff93c3d4accdbb327b7ec582a,60.14947,24.91438,000000004ef3150d,7.69
185,2019-08-04T18:06:00Z,c13b71cdd7d0da68cb53c489a6863e26e79f7758a40be6e5553fcf7d,60.14947,24.91438,000000004ef3150d,12.69
186,2019-08-04T18:06:00Z,c2f3db7bcbbf209dcd89a355e1e376cfd9fd56fda0bae9efd3d27f24,60.14947,24.91438,000000004ef3150d,17.4
187,2019-08-04T18:06:00Z,c40f6e9815891f64dae2e82f93e53dd44d4b11f91414930ecd635dcb,60.173,24.92524,0000000096918cfa,17.4
188,2019-08-04T18:06:00Z,c4f5047e22a66c5e709d14ed0be9d2659cf62d87c0408b34ba0f00e9,60.17002,24.94407,000000006b087f40,38.87
189,2019-08-04T18:06:00Z,c5bef540240e7f24ac09db8ea41639bc34707d28d0253e38fc717f6d,60.14947,24.91438,000000004ef3150d,5.91
190,2019-08-04T18:06:00Z,c92e828770176074eee461522ec16662112eba9de56c685b3913f91d,60.14947,24.91438,000000004ef3150d,8.38
191,2019-08-04T18:06:00Z,cd74bf3943ee8994c3241a8011cd6080fd4254c7a9e3649df2875c8c,60.16897,24.95222,00000000aa852af1,16.1
192,2019-08-04T18:06:00Z,ce2bd83a63a12cf757e60998d151192a8c781d2877d30b84bfc45173,60.16897,24.95222,00000000aa852af1,27.28
193,2019-08-04T18:06:00Z,ce65a398e459d1d67b75e6ef53d2820f1fa9243e8344dafda3142dcf,60.16629,24.95957,00000000fb7600be,16.1
194,2019-08-04T18:06:00Z,cefaed0ed8b75100c70704113b1698000ef962cb258cb25043ae60ce,60.17002,24.94407,000000006b087f40,27.28
195,2019-08-04T18:06:00Z,d140d640e69741ae7b3c95f33e167b8bcc107d06e39bf92118cc44c5,60.16762,24.95415,000000006b44cce7,20.28
196,2019-08-04T18:06:00Z,d2e3776c12df6fd5258ce16cc8af6915bcc90e779809efb0afd8f103,60.16897,24.95222,00000000aa852af1,12.69
197,2019-08-04T18:06:00Z,d312b77b7930e1212c398855ad28c0481500ee2a2d31bc79cb80da4d,60.14947,24.91438,000000004ef3150d,23.56
198,2019-08-04T18:06:00Z,d419772966dd55ea67bfad875a25ec7dbe4e37d384c1936b84c32e71,60.14947,24.91438,000000004ef3150d,20.28
199,2019-08-04T18:06:00Z,d5266897d5404218882ebb8e19620e3d98b88f8c63d33c7c354fe904,60.16762,24.95415,000000006b44cce7,21.87
200,2019-08-04T18:06:00Z,d5575630c4b610d95f79e6ee0839cb236498811b7eb3d210b41320dc,60.149,24.9843,00000000fffb8cf0,16.1
201,2019-08-04T18:06:00Z,d5a570d85281059c22bf8599b5f8fad1bda9f846a599e19b8af8b0e8,60.16448,24.97323,0000000053c6c2be,25.36
202,2019-08-04T18:06:00Z,d73d0cfe8857fac76f4e82336bbc875a796cdb86e4cf5f9659017dd2,60.14947,24.91438,000000004ef3150d,9.92
203,2019-08-04T18:06:00Z,d831127d0631a60345f5ecdf5c5aa5a2613ce0910ecf21e9f384b999,60.1538,24.95595,0000000038bf9618,27.28
204,2019-08-04T18:06:00Z,dc3a2b51782f3a3ee012da6a6f275592e7b78fc226979cb7cf0b7ec8,60.14947,24.91438,000000004ef3150d,5.91
205,2019-08-04T18:06:00Z,de2364fc28c24e78fe85b2847ede2de8a341f92285e44a5e10bf9519,60.16448,24.97323,0000000053c6c2be,20.28
206,2019-08-04T18:06:00Z,df6200d19664222ccf84868e4222c353b577c7caa3d26abb77bc46d0,60.14947,24.91438,000000004ef3150d,27.28
207,2019-08-04T18:06:00Z,df7003f185172cfc060465d34d73432a0e539ff080c5d88973253347,60.173,24.92524,0000000096918cfa,31.5
208,2019-08-04T18:06:00Z,e058afdf1d3f9b0bffb6c007e285d6051e050754b3ca523a16b45491,60.14947,24.91438,000000004ef3150d,8.38
209,2019-08-04T18:06:00Z,e346053afef6b0d27c2b91cbabbcddf7b8882f537c886f2cdc49e2ed,60.14947,24.91438,000000004ef3150d,9.12
210,2019-08-04T18:06:00Z,e4560bfb24931bf436a1a0444fd41737ebcd411cacf335c02c7eaf7a,60.1538,24.95595,0000000038bf9618,31.5
211,2019-08-04T18:06:00Z,e52798e48ec2344d81beafa4df646da653f047366735bd13f5dee1de,60.14947,24.91438,000000004ef3150d,10.78
212,2019-08-04T18:06:00Z,e57596169379ec8a90b48e7935b4d3992e3217277dfab8678d7909cc,60.16762,24.95415,000000006b44cce7,7.05
213,2019-08-04T18:06:00Z,e6b707f156a63f1baad15cbd3a17bd9faed44b96d39b2013f95de324,60.14947,24.91438,000000004ef3150d,10.78
214,2019-08-04T18:06:00Z,e8b9fca8c309d9b94ae42502e37ff7821579a60c600c24be5155eb6d,60.17065,24.93641,000000000f4919c9,33.81
215,2019-08-04T18:06:00Z,ead2c2454462f88183adb5f4efeea3579d1441eac047e1e272ec88f6,60.14947,24.91438,000000004ef3150d,12.69
216,2019-08-04T18:06:00Z,ed7153e813bffab35b205edf1b426805a7d45b46f4e4a4cffc2134fa,60.14947,24.91438,000000004ef3150d,7.05
217,2019-08-04T18:06:00Z,ee5a21ad3184a9b0aacc7289006dbfdacf1d40eaaca82dc0a867b32f,60.149,24.9843,00000000fffb8cf0,10.78
218,2019-08-04T18:06:00Z,ef10c61152181eb46e08d3cb3c8f0eb4df0be016e455701881affae0,60.14947,24.91438,000000004ef3150d,25.36
219,2019-08-04T18:06:00Z,ef4b37eebb7df106bff83106c4be5d57c63ea846a092bb251d375143,60.1538,24.95595,0000000038bf9618,29.32
220,2019-08-04T18:06:00Z,efd5c9779f2bacc4f1030c228bae5cdfb395d8241fecb9260ea9b42d,60.173,24.92524,0000000096918cfa,27.28
221,2019-08-04T18:06:00Z,f39fecf91b5ee338507691156c02cb7cab78dc829050a3929de46c20,60.14947,24.91438,000000004ef3150d,13.75
222,2019-08-04T18:06:00Z,f3b1dc09f3339e5ef8918d9feeb71436dac63424739d596bf9d792e3,60.14947,24.91438,000000004ef3150d,4.94
223,2019-08-04T18:06:00Z,f3c8a6d6e6ba1820de749bc5468151000b77b99efcdafca892e37207,60.14947,24.91438,000000004ef3150d,27.28
224,2019-08-04T18:06:00Z,f77eff3e471814c1e2f3f0102aa4a35f0054a5367c5666e9fe1ade48,60.14947,24.91438,000000004ef3150d,8.38
225,2019-08-04T18:06:00Z,f9fea7acd55fb3500e235857114703b2bbe8840f3351419b991f2899,60.14947,24.91438,000000004ef3150d,7.05
226,2019-08-04T18:06:00Z,fa9105b54635fb90ad694f4ab74513d1d0faa7645e791a27bbf0f2e2,60.15432,24.9211,0000000019fb59c4,13.75
227,2019-08-04T18:06:00Z,ff380aab09ffd951a6b14a719ffc9290f8ae0e5734f6ff620768cf25,60.16629,24.95957,00000000fb7600be,17.4
228,2019-08-04T18:06:01Z,002609eccfa6482109fb43966e0153bf6f371425cf715e49925348dd,60.14699,24.922,00000000a53ed894,21.87
229,2019-08-04T18:06:01Z,0104097a4a93055d6feae9bad4c28bff4954a25c3f3dc183822a2a28,60.16544,24.95398,0000000038d83d41,23.56
230,2019-08-04T18:06:01Z,0152988639aaaa9cc27213280c8f0c0c8ec97ae6a45aaaf743c9c25d,60.16544,24.95398,0000000038d83d41,25.36
231,2019-08-04T18:06:01Z,0dc8c9fd6c6ca193d5326d70d6f9efc1963bcd534fc7c80032f0e192,60.16544,24.95398,0000000038d83d41,25.36
232,2019-08-04T18:06:01Z,107ff02ae50ba9cd6c9786f94e49b00c78a869a58f37f6f253c90e56,60.16762,24.95415,000000006b44cce7,17.4
233,2019-08-04T18:06:01Z,14c7e1511b70f4dd3359cbece1377aebb4d70531f5489eefe53d7c3c,60.16544,24.95398,0000000038d83d41,25.36
234,2019-08-04T18:06:01Z,165ebbb4090d47319ae370f0d0854fdc1f6b79499f8b2e4d3c3533c0,60.16544,24.95398,0000000038d83d41,21.87
235,2019-08-04T18:06:01Z,18a7cc18e342213704ea064466030587974195a1405c322d3118dcf3,60.14699,24.922,00000000a53ed894,18.79
236,2019-08-04T18:06:01Z,18bb22f4cfa62f58499d7a70c9960334c444c09abf1ea21641ada0e2,60.17002,24.94407,000000006b087f40,31.5
237,2019-08-04T18:06:01Z,25a7ff811c3c06e426c7c2cbb0433d9a2a3399b23afecbd35584ab0f,60.18203,24.91341,00000000342570c2,14.89
238,2019-08-04T18:06:01Z,297c725b456ef12d2712634b21546721cbe93224d3a5762d897404f2,60.16762,24.95415,000000006b44cce7,14.89
239,2019-08-04T18:06:01Z,2c7447fb0268b612e12243f64ab499d0e98b62adeee251409b316f5c,60.16897,24.95222,00000000aa852af1,25.36
240,2019-08-04T18:06:01Z,2c7cb33a1d5aeed6b1f2e9731589deaaeaa1f23489d56c14fa34eac1,60.14951,24.92138,0000000006dd41f6,20.28
241,2019-08-04T18:06:01Z,354cac7b39d57e39a5b0ab2caa0a1a915a763605fa6631bab8683659,60.16829,24.94214,00000000afef4555,11.7
242,2019-08-04T18:06:01Z,3763dbba0710e5f35aae6c2f5043debbfd529b4c513eebb4875c2c46,60.16762,24.95415,000000006b44cce7,27.28
243,2019-08-04T18:06:01Z,3944bc7a301be7241d1f7bc4a97f221000d535ce3d8a9af9af9b23b5,60.16531,24.9442,00000000fdda10fe,21.87
244,2019-08-04T18:06:01Z,4864f0b2cd63113fee52932c25709d81bb98acbef861fa2483240b7c,60.15432,24.9211,0000000019fb59c4,14.89
245,2019-08-04T18:06:01Z,491b2670fa626c719c5624e2a013e9325dd599d02b93ca1a1b0e3416,60.16544,24.95398,0000000038d83d41,12.69
246,2019-08-04T18:06:01Z,4af69b5f76b6980f4cee17b67b766b917b06558754e40b1a2ad9ba17,60.16897,24.95222,00000000aa852af1,47.69
247,2019-08-04T18:06:01Z,5b0f38b2fd0969676f3a8bfdc5e2c5eb0b47cc9f9c1ad42c526f101a,60.16762,24.95415,000000006b44cce7,21.87
248,2019-08-04T18:06:01Z,5bbb5184fded3e51bc78e45e39917794285e6bbc72da404802a9599a,60.16531,24.9442,00000000fdda10fe,25.36
249,2019-08-04T18:06:01Z,5d65719c4cbf045f068d084b72302f447d5fd034413d97d13be00d0e,60.18203,24.91341,00000000342570c2,18.79
250,2019-08-04T18:06:01Z,6066632ddc94b5c482a2d4f45ed2532e55e3fd63e414a084a596a737,60.16762,24.95415,000000006b44cce7,23.56
251,2019-08-04T18:06:01Z,6a70e2fbced719333e21eff04fcb9cb36bae9a04d1a3d6ddd96f2c58,60.15432,24.9211,0000000019fb59c4,7.05
252,2019-08-04T18:06:01Z,6ff437688c444238352c28f64f9d2a7d0f14d19c9ea42c225380501e,60.16762,24.95415,000000006b44cce7,21.87
253,2019-08-04T18:06:01Z,737efc92e3419e9d96a8559ec341ea7e18ba6381fd8e4de3d06f82a0,60.14951,24.92138,0000000006dd41f6,23.56
254,2019-08-04T18:06:01Z,747f2d1ebff218c0ebbdc0fdaef4cbe56633dfb46ae1b1f8c8142201,60.16762,24.95415,000000006b44cce7,13.75
255,2019-08-04T18:06:01Z,77fa23db90c6958e3854966083bac2b8dc1d0956757a06b8484b0613,60.16544,24.95398,0000000038d83d41,25.36
256,2019-08-04T18:06:01Z,7856cd9a8241b470ce46295386b13c33e1948a956b3f18b7b3497cdb,60.16762,24.95415,000000006b44cce7,11.7
257,2019-08-04T18:06:01Z,7876e65f126121713ab8aded48e44b64ad5dd53b4c6e52536c374874,60.14951,24.92138,0000000006dd41f6,21.87
258,2019-08-04T18:06:01Z,79f136afa0dd8717337c01c70b457c464aaf0fa25b440f51a394ec23,60.16762,24.95415,000000006b44cce7,17.4
259,2019-08-04T18:06:01Z,7b0161728235a5ae8ab965ad670c34d640fdd76aa238943cc640c875,60.17002,24.94407,000000006b087f40,23.56
260,2019-08-04T18:06:01Z,87dfaad29a9276ddddb1fa021d3bc23ad14824c1af16f7d87e713689,60.14951,24.92138,0000000006dd41f6,10.78
261,2019-08-04T18:06:01Z,89514d693b1bede7d473d1b7d714829147cb42615145a8351c675525,60.14699,24.922,00000000a53ed894,12.69
262,2019-08-04T18:06:01Z,89982a6acf91b79a282a6b63978e946ee205f303fcd20e944e06baf0,60.16544,24.95398,0000000038d83d41,23.56
263,2019-08-04T18:06:01Z,8c75c3289c84fe4493e1e272a77b615fe1985880c5dc68a7c1a17b53,60.16762,24.95415,000000006b44cce7,12.69
264,2019-08-04T18:06:01Z,8cc6ddaa460aeae8cc9e8a33f91a01c8cd4c0c8bf8a943210a28c84d,60.16897,24.95222,00000000aa852af1,25.36
265,2019-08-04T18:06:01Z,90117b9c3713f2625c688365a6f9caec2ba33cccf2f0f00d71acea40,60.1538,24.95595,0000000038bf9618,16.1
266,2019-08-04T18:06:01Z,91d3b80de4439a4a49ddb8a04d72a0a2ec6c08f351d70232842af567,60.16762,24.95415,000000006b44cce7,25.36
267,2019-08-04T18:06:01Z,98239bf94ef54f747154b6cbe79cdbf3b87a27880fd23e82c8465dd2,60.14699,24.922,00000000a53ed894,9.12
268,2019-08-04T18:06:01Z,9843c6216661048343a0e49cf3d8aa2883cf77f452666a1c873a1052,60.16448,24.97323,0000000053c6c2be,13.75
269,2019-08-04T18:06:01Z,a91d379a4b57c5df22db0d7a041ff69f657b4b31f28554b1011fc03c,60.16544,24.95398,0000000038d83d41,29.32
270,2019-08-04T18:06:01Z,ad92f89af795b95e5386955cc62c31b3c9f1828b909aea2cbd431919,60.16762,24.95415,000000006b44cce7,18.79
271,2019-08-04T18:06:01Z,b5fd6b317890e5ab2d79e2cd1abe61626d45a753c7337d0d40728898,60.16762,24.95415,000000006b44cce7,5.91
272,2019-08-04T18:06:01Z,b90577926dd52437738dad5f00d4049f63b26d870442dd6efe495a67,60.14699,24.922,00000000a53ed894,23.56
273,2019-08-04T18:06:01Z,bb98768dad0f7c52cf643f035a3e7e48f5cfe28557c66f2a75914b31,60.14699,24.922,00000000a53ed894,16.1
274,2019-08-04T18:06:01Z,bc790290ef3642f0cb8bda81edd6d0c3422af992366da1a60e59e493,60.14951,24.92138,0000000006dd41f6,29.32
275,2019-08-04T18:06:01Z,bd01ac8fc2992e9ca32f28c1f1b22983845e90918ba97584017978aa,60.14699,24.922,00000000a53ed894,10.78
276,2019-08-04T18:06:01Z,bddeb29d971bd9472fcb760695040f402a4239acfa65c4d1a1631922,60.16897,24.95222,00000000aa852af1,18.79
277,2019-08-04T18:06:01Z,c0d98967e7575c7d0727764e04702297809bbfe2877f0afc62112028,60.16762,24.95415,000000006b44cce7,16.1
278,2019-08-04T18:06:01Z,c265d50447cf5d40fcd745d48121025576219e8661a4eaff663ed667,60.14947,24.91438,000000004ef3150d,18.79
279,2019-08-04T18:06:01Z,c410d9738f30875a93123a94870ad93b3a8eb1010ef478c031580ab6,60.16762,24.95415,000000006b44cce7,21.87
280,2019-08-04T18:06:01Z,ccdb0f38984feb7a1b026794d33b6ed292b71ffdeae9645d73a8fbc5,60.16762,24.95415,000000006b44cce7,16.1
281,2019-08-04T18:06:01Z,cf05623e4d87ce0906c0b0b7dbf53aacc1228016cd27c341228b6e76,60.18203,24.91341,00000000342570c2,18.79
282,2019-08-04T18:06:01Z,d466739295da5e108e9f8a1a4f387f1cec8bde1ff3a78529697bdcc2,60.16829,24.94214,00000000afef4555,31.5
283,2019-08-04T18:06:01Z,d73d0854198e184ee42ff4f9e9da255df0af90985363aea6a02d33d7,60.16762,24.95415,000000006b44cce7,7.69
284,2019-08-04T18:06:01Z,d8142a05c34cd3702465c6131d9b459e8bd81701fe69ad1f913fd160,60.14947,24.91438,000000004ef3150d,21.87
285,2019-08-04T18:06:01Z,dd2c9c82cf3737146294aff6f814a1349fb0bc4bedf518715dacbe8f,60.1538,24.95595,0000000038bf9618,27.28
286,2019-08-04T18:06:01Z,ed70dda6b7faebd4340dacdb452ab224d9d3c308df417b7fa76f54e8,60.14951,24.92138,0000000006dd41f6,23.56
287,2019-08-04T18:06:01Z,f088630d7476dae7d4b7e2bb1f10575f2c89acb4b6e061f3d57c2b40,60.16531,24.9442,00000000fdda10fe,23.56
288,2019-08-04T18:06:01Z,f6609ab1076b1105bb845595a03b41b8fbb282f79c337df5bbc9f841,60.14699,24.922,00000000a53ed894,13.75
289,2019-08-04T18:06:01Z,f73ab34eb1a08df0fb3a99357eb0626e316ee08f3d72a7566b2c66ec,60.149,24.9843,00000000fffb8cf0,3.4
290,2019-08-04T18:06:01Z,fc4f3a44235f1cfc7b53f14ba2da599976a5a0a220d23b852688e485,60.17918,24.95141,00000000675d5200,27.28
291,2019-08-04T18:06:01Z,0034c398775d5f780a71ca2eecccb7c5da2c99494d8693c7b3dc722d,60.14947,24.91438,000000004ef3150d,18.79
292,2019-08-04T18:06:01Z,0121d50d2dbae26c708e18cc89e8b82aa0f1c461d5037f76822dc898,60.173,24.92524,0000000096918cfa,9.12
293,2019-08-04T18:06:01Z,025aa0298a045d58ecea14c937bf1e75c34d330197a1a2d7a54e1ebd,60.16762,24.95415,000000006b44cce7,16.1
294,2019-08-04T18:06:01Z,02ad3db90c066f7c8222b363b167f8d596ff022c6131de771f87ad6c,60.14947,24.91438,000000004ef3150d,9.12
295,2019-08-04T18:06:01Z,0379f0935513e652dd0c171bcff4ae302ad50ccb23e4d080d9078e8a,60.1538,24.95595,0000000038bf9618,25.36
296,2019-08-04T18:06:01Z,0431b6d6ce3c66bc6703fd7ad87cd339e7485b2146eadca8ecd65b80,60.14947,24.91438,000000004ef3150d,8.38
297,2019-08-04T18:06:01Z,062a34c6cd614f22b1e0973bfe2fa99f63358e43366f1b68d6baac67,60.14947,24.91438,000000004ef3150d,7.05
298,2019-08-04T18:06:01Z,068289965c8f0935c549db80aa2276294f63ed7f836a072579a4332a,60.16629,24.95957,00000000fb7600be,18.79
299,2019-08-04T18:06:01Z,07b739827a00f76e42ad5d9db4ab56a4fa8647a3a7b146a00d899010,60.14947,24.91438,000000004ef3150d,5.91
300,2019-08-04T18:06:01Z,09cd56cbd86c478170c0fbbca781bf11671ec904d43e2a46632e3e2b,60.173,24.92524,0000000096918cfa,29.32
301,2019-08-04T18:06:01Z,0ea1ea8ca7fb8dd3374704e78db368952f1fc1e652d1c4496f69b262,60.14947,24.91438,000000004ef3150d,17.4
302,2019-08-04T18:06:01Z,119e78f946cbf67ccf95668ba088f2e2ed2ab75ac7a02152ad7e0e97,60.16762,24.95415,000000006b44cce7,18.79
303,2019-08-04T18:06:01Z,1295cfb86ee248c2b96d3858ab292b0684335830b35b7176f4e3e6f7,60.16629,24.95957,00000000fb7600be,16.1
304,2019-08-04T18:06:01Z,156551e01eb5b35cece769f9dab683045703476f5e97f9a6215e8163,60.17918,24.95141,00000000675d5200,7.05
305,2019-08-04T18:06:01Z,156c0933af47e0b458f3652785d5947b9c220d4d8109c8d08568f286,60.16531,24.9442,00000000fdda10fe,5.91
306,2019-08-04T18:06:01Z,184735fd3e85197f922aa20ea21e90030a8dbe84bb054dd67a965789,60.14947,24.91438,000000004ef3150d,7.05
307,2019-08-04T18:06:01Z,19d93b90866acbea1734de00f47ae36e0012b65f19ce71e403c4997f,60.14947,24.91438,000000004ef3150d,6.46
308,2019-08-04T18:06:01Z,1dacfb371d75dd4f90f447aac2a00faad98beb4188a6971c19eb2375,60.16629,24.95957,00000000fb7600be,23.56
309,2019-08-04T18:06:01Z,1ebe2e6882027ed9c640f0033d42a96ec339f1b8c72e0b961fddf5cd,60.17002,24.94407,000000006b087f40,18.79
310,2019-08-04T18:06:01Z,1eda00a0ece5afa43bb4e6c9fff4fb8cbce417fabdd2eda3f4d28c76,60.14947,24.91438,000000004ef3150d,18.79
311,2019-08-04T18:06:01Z,210f7eeb5edd92d893a9586f2c58283e0cab1faaa19cca1dfccc6e8a,60.1538,24.95595,0000000038bf9618,20.28
312,2019-08-04T18:06:01Z,216580363f17a09ad5832667051c8b78d7370fb201c6d978f19c8e7c,60.1538,24.95595,0000000038bf9618,31.5
313,2019-08-04T18:06:01Z,254e9b9512b6f350eb6e5125230f382e9434169d73cf0cd709d9d9f7,60.16531,24.9442,00000000fdda10fe,5.41
314,2019-08-04T18:06:01Z,2a66d3b9f1bf8f7d26cb8cb38dd0ecefaef9bc2247adbec7a3a112aa,60.14947,24.91438,000000004ef3150d,7.69
315,2019-08-04T18:06:01Z,2c571fe98d94278eabd855bd1c1d7b02090b08f243339323b3eb01c8,60.14947,24.91438,000000004ef3150d,3.09
316,2019-08-04T18:06:01Z,2ddefe68c75b3341654b2ebe708b3d7e1c4ab6521498ae6b700e8e40,60.16544,24.95398,0000000038d83d41,17.4
317,2019-08-04T18:06:01Z,2e4b7b276c2419ce8ce8523728f9aa0d5d58d71437015f4660a3baef,60.17065,24.93641,000000000f4919c9,18.79
318,2019-08-04T18:06:01Z,2e5ae3385dc86fd3d9151b5b0b667496cbe8b1cb848397c08a808310,60.16448,24.97323,0000000053c6c2be,21.87
319,2019-08-04T18:06:01Z,32e1b6b5423746ae8a84a495a02857e83911f7d17722c1f3e0b0c912,60.16897,24.95222,00000000aa852af1,13.75
320,2019-08-04T18:06:01Z,32f638e1d6d755b5978aa3f2aa07382637cce8134d658ec0f8350e9f,60.18203,24.91341,00000000342570c2,21.87
321,2019-08-04T18:06:01Z,36351bc41d7959eabee9aabb97987b7069565a80217e8aa4aecae660,60.14947,24.91438,000000004ef3150d,12.69
322,2019-08-04T18:06:01Z,39bba074f81dc6ccdf1500d9cb6f9d49b8bf9294479d16acf70e6ad2,60.1538,24.95595,0000000038bf9618,21.87
323,2019-08-04T18:06:01Z,3a96ecd4e6f46f3eddfc682ac37562cd2ae7973437506dee2ce1dafa,60.16829,24.94214,00000000afef4555,9.92
324,2019-08-04T18:06:01Z,3b7647a640b732f8a765adf5a1eb8ab798d4e45222620f63b6713e2c,60.1538,24.95595,0000000038bf9618,4.5
325,2019-08-04T18:06:01Z,3f7cca6ad0ca47cf31bf04f8aacbb4fd89faaa5b974fc2204d5b4afb,60.14947,24.91438,000000004ef3150d,13.75
326,2019-08-04T18:06:01Z,4289bde71980b497c1f7648dd8bfeada745f6e21a4629cdf6580548a,60.16762,24.95415,000000006b44cce7,27.28
