,time,hash,latitude,longitude,serial,distance
0,2019-08-04T11:06:00Z,004c3624f943830bc6a9f17173a2cd0996622cade5184ad2b9fba729,60.16897,24.95222,00000000aa852af1,7.69
1,2019-08-04T11:06:00Z,0152988639aaaa9cc27213280c8f0c0c8ec97ae6a45aaaf743c9c25d,60.16544,24.95398,0000000038d83d41,23.56
2,2019-08-04T11:06:00Z,09a0d89e977eac08cb8877af0472d861a9c86439072251d53a13d931,60.16829,24.94214,00000000afef4555,14.89
3,2019-08-04T11:06:00Z,09ddbf38333e76a79fd836112bd8c3f8bf7f3dadfb3d49945ad4c486,60.16897,24.95222,00000000aa852af1,8.38
4,2019-08-04T11:06:00Z,126e7fa4dd9205201617bdc0c7c346bfb57e1a75d3d7d3d9c260d51b,60.16629,24.95957,00000000fb7600be,21.87
5,2019-08-04T11:06:00Z,128f1b89d7a534aa206a7823b692594bbd4d349761baa04c0fc72f2c,60.14947,24.91438,000000004ef3150d,4.5
6,2019-08-04T11:06:00Z,14c7e1511b70f4dd3359cbece1377aebb4d70531f5489eefe53d7c3c,60.16544,24.95398,0000000038d83d41,23.56
7,2019-08-04T11:06:00Z,165ebbb4090d47319ae370f0d0854fdc1f6b79499f8b2e4d3c3533c0,60.16544,24.95398,0000000038d83d41,25.36
8,2019-08-04T11:06:00Z,1bba37ee9376f8052f3606bb777546c2c4d1e84dad7afd93d4cffa45,60.16762,24.95415,000000006b44cce7,11.7
9,2019-08-04T11:06:00Z,25a7ff811c3c06e426c7c2cbb0433d9a2a3399b23afecbd35584ab0f,60.18203,24.91341,00000000342570c2,14.89
10,2019-08-04T11:06:00Z,269109af99b12861eeb19ab8698033d9c00895687da47af3f4310e9d,60.16762,24.95415,000000006b44cce7,5.91
11,2019-08-04T11:06:00Z,32dd92b5a658392a4ec84eaf95152ee72258b6b0fb670b97882ac902,60.16829,24.94214,00000000afef4555,8.38
12,2019-08-04T11:06:00Z,3b5cafe90982db26cf737b2e4cd4275276f6a031bca3b2a1f73023b2,60.14699,24.922,00000000a53ed894,13.75
13,2019-08-04T11:06:00Z,3fe5f4ccfa5c777ceafda0674d7c9da6f509f6694b4c2fa254b32e73,60.16897,24.95222,00000000aa852af1,20.28
14,2019-08-04T11:06:00Z,44d0b94469070803869f229601e877beb613c3f5aafa009addf97a1a,60.16544,24.95398,0000000038d83d41,18.79
15,2019-08-04T11:06:00Z,4656bad9b5e6dfc3977eca308fc1db3dbf8b0204b90d09b001da242e,60.1638,24.96846,00000000d747f075,18.79
16,2019-08-04T11:06:00Z,54f040219b954e68101c83a5a6bacf046961c7a1d9a779fa291fa47b,60.16531,24.9442,00000000fdda10fe,17.4
17,2019-08-04T11:06:00Z,5d65719c4cbf045f068d084b72302f447d5fd034413d97d13be00d0e,60.18203,24.91341,00000000342570c2,23.56
18,2019-08-04T11:06:00Z,5eed115a984d490b02b602d73787aee8dc8c4e9365b77fbff3818a76,60.16629,24.95957,00000000fb7600be,18.79
19,2019-08-04T11:06:00Z,69219e9efa41ae9e732653e9eaf08e1a34cb853a9dafe76ddeea4d04,60.16897,24.95222,00000000aa852af1,18.79
20,2019-08-04T11:06:00Z,6a70e2fbced719333e21eff04fcb9cb36bae9a04d1a3d6ddd96f2c58,60.15432,24.9211,0000000019fb59c4,4.5
21,2019-08-04T11:06:00Z,6f06341f358e61699fe1e55e986dd0554bc8da28b91daf0c5ad99db6,60.16629,24.95957,00000000fb7600be,21.87
22,2019-08-04T11:06:00Z,7b86b21e27718933d3208d5e25607c06d83191230a570a61f8b8a40f,60.16762,24.95415,000000006b44cce7,25.36
23,2019-08-04T11:06:00Z,85ef35aecf2ff804be3d958b592705ec41c6df9c128c132c65bb283d,60.16897,24.95222,00000000aa852af1,20.28
24,2019-08-04T11:06:00Z,87dfaad29a9276ddddb1fa021d3bc23ad14824c1af16f7d87e713689,60.14951,24.92138,0000000006dd41f6,9.12
25,2019-08-04T11:06:00Z,88808fe92573e9cdf022cc15b9689b6b4b9429f60513c8897b0ba4c7,60.16897,24.95222,00000000aa852af1,20.28
26,2019-08-04T11:06:00Z,89982a6acf91b79a282a6b63978e946ee205f303fcd20e944e06baf0,60.16544,24.95398,0000000038d83d41,23.56
27,2019-08-04T11:06:00Z,92aae21a6e0dd2ff71fc591b64e878502bd4677b64ac413632e9f7c6,60.149,24.9843,00000000fffb8cf0,10.78
28,2019-08-04T11:06:00Z,9843c6216661048343a0e49cf3d8aa2883cf77f452666a1c873a1052,60.16448,24.97323,0000000053c6c2be,27.28
29,2019-08-04T11:06:00Z,9992834418850939882f3b334eee492eb98d4f9d6d6118f9ee108793,60.16762,24.95415,000000006b44cce7,10.78
30,2019-08-04T11:06:00Z,9fc0711d7e7722eff7faa0cb6f17846680c06515c1eb93dd49ebcf25,60.14699,24.922,00000000a53ed894,16.1
31,2019-08-04T11:06:00Z,b5fd6b317890e5ab2d79e2cd1abe61626d45a753c7337d0d40728898,60.16762,24.95415,000000006b44cce7,9.12
32,2019-08-04T11:06:00Z,b936e41d8712ae967f3ebb413fc44f060bb10613f95537757886ede2,60.16762,24.95415,000000006b44cce7,14.89
33,2019-08-04T11:06:00Z,c40c37def6bf11a63a2556519a7c6233fd417cdeea2cf14f28e7c42c,60.16531,24.9442,00000000fdda10fe,23.56
34,2019-08-04T11:06:00Z,ca6927628f5ddda20036865c9345ad93d476d62ade3b181de568eed6,60.16897,24.95222,00000000aa852af1,21.87
35,2019-08-04T11:06:00Z,cf05623e4d87ce0906c0b0b7dbf53aacc1228016cd27c341228b6e76,60.18203,24.91341,00000000342570c2,18.79
36,2019-08-04T11:06:00Z,cfc0bedb78ded52749db3188cb188bf6a250ef5990da9c5afa9623fc,60.14951,24.92138,0000000006dd41f6,23.56
37,2019-08-04T11:06:00Z,d15e7dd5136b83a36b80f68b15b4163e9a4e277740c84a30cc7a4bcc,60.16829,24.94214,00000000afef4555,14.89
38,2019-08-04T11:06:00Z,dbeb00942457ba3c5fb1984b57b1dedb268c0e761e80729b939f1fd8,60.16544,24.95398,0000000038d83d41,25.36
39,2019-08-04T11:06:00Z,de70f4707e34262e09161e7b3a8459b6f250e5462f70ff48f3178bb9,60.16829,24.94214,00000000afef4555,9.92
40,2019-08-04T11:06:00Z,e224ae5ea47af2e3048f83b13a1f45dc135c0ca6be72547b01729086,60.1538,24.95595,0000000038bf9618,29.32
41,2019-08-04T11:06:00Z,e764c1a69976425ee9c1982ca445db7a575a9d610bcb2215eeb2a728,60.14947,24.91438,000000004ef3150d,11.7
42,2019-08-04T11:06:00Z,e8e366e76c97944e23c0f80b4fd3ce6e5832744922297146a49f0c7e,60.16762,24.95415,000000006b44cce7,11.7
43,2019-08-04T11:06:00Z,ed70dda6b7faebd4340dacdb452ab224d9d3c308df417b7fa76f54e8,60.14951,24.92138,0000000006dd41f6,23.56
44,2019-08-04T11:06:00Z,f088630d7476dae7d4b7e2bb1f10575f2c89acb4b6e061f3d57c2b40,60.16531,24.9442,00000000fdda10fe,20.28
45,2019-08-04T11:06:00Z,f30a5193aa7850aac581b8dd71512a8712c96f36fdef78d8292d4788,60.16762,24.95415,000000006b44cce7,4.11
46,2019-08-04T11:06:00Z,f31cfded6f566f9c032c80c52ea642407be312c5d42521ab7a8d3e2a,60.16897,24.95222,00000000aa852af1,17.4
47,2019-08-04T11:06:00Z,fc4f3a44235f1cfc7b53f14ba2da599976a5a0a220d23b852688e485,60.17919,24.95181,000000007b5207b6,5.91
48,2019-08-04T11:06:00Z,fd7203c2b437c6f4c5e2a7219bfb817d33d3f2d10f8d30abcad9075a,60.16897,24.95222,00000000aa852af1,27.28
49,2019-08-04T11:06:00Z,000888f4e876e6cb8d50b0bb1a3deaee0655733968eb5065d779e88e,60.16762,24.95415,000000006b44cce7,16.1
50,2019-08-04T11:06:00Z,0043f38f4fb6545d7c033c9a8f8c18106aa0c2c841f28a15dd722e9d,60.14699,24.922,00000000a53ed894,14.89
51,2019-08-04T11:06:00Z,00dae8e6c0b169e69db1d1435e478728f9318e16ee31ff03e5572236,60.16629,24.95957,00000000fb7600be,12.69
52,2019-08-04T11:06:00Z,0236a1d5b9b9d2249407a79705eee38de360ceb0530a8959ba5bc15b,60.149,24.9843,00000000fffb8cf0,11.7
53,2019-08-04T11:06:00Z,02a354db29cd5bc16976a9d933e03a41be350f9cc78098829a7dcfd4,60.14947,24.91438,000000004ef3150d,21.87
54,2019-08-04T11:06:00Z,0656a0c0a353f164b57fbdd9e648d71fab429964d97ed07ab2c5dc30,60.18203,24.91341,00000000342570c2,29.32
55,2019-08-04T11:06:00Z,08833115ba0f62666fee594662c171563759459bb5f65ffdfeaeaed1,60.18203,24.91341,00000000342570c2,25.36
56,2019-08-04T11:06:00Z,08b10b51864dc039f0a07c997e66e7a263ee1cde5b0b88b2a1178c58,60.16829,24.94214,00000000afef4555,10.78
57,2019-08-04T11:06:00Z,096c3b0de1dab1407cd4d3330546404c0d62ce025924420496380f89,60.16762,24.95415,000000006b44cce7,9.12
58,2019-08-04T11:06:00Z,0a949aafc0be15c68d73a5dd186d726aa6b921f44303a712ac6ddcb8,60.16762,24.95415,000000006b44cce7,14.89
59,2019-08-04T11:06:00Z,0b45b52bc137c31ce83561c857f809296ec70f5537976a4a4d573d4f,60.16829,24.94214,00000000afef4555,7.69
60,2019-08-04T11:06:00Z,0b49dcea1b7eab22f4ebd0c7666ded5b59fe092b8bdd4aa9eda6326d,60.16762,24.95415,000000006b44cce7,1.54
61,2019-08-04T11:06:00Z,0c959027ce302054b09087cac97a83aa7e24fb9e4fa2710763f912cb,60.16829,24.94214,00000000afef4555,7.05
62,2019-08-04T11:06:00Z,0d2490ed58c11eb4a754a30cc4bcb21c7243d322a2caf7cc360e4e8c,60.17065,24.93641,000000000f4919c9,13.75
63,2019-08-04T11:06:00Z,0dc12f22306d5f6622fc786011f32f1961a5f94018be9c2236fb2e52,60.14699,24.922,00000000a53ed894,20.28
64,2019-08-04T11:06:00Z,0e113c5ed3abcdfb31d27c3125f6cf01e3b96e4ed7eca1aaea855f77,60.14947,24.91438,000000004ef3150d,12.69
65,2019-08-04T11:06:00Z,0e3bcec531b83d72df713981bece9d261112230cdc7831774c5643c0,60.16829,24.94214,00000000afef4555,25.36
66,2019-08-04T11:06:00Z,0e9170bc93107bf16cd12839eca9ea157f19169d66085e8a435b0f1d,60.16762,24.95415,000000006b44cce7,14.89
67,2019-08-04T11:06:00Z,0fd26c6e46f4d73b276223942e56c38bc9b8e4566239f8a77261657b,60.17002,24.94407,000000006b087f40,18.79
68,2019-08-04T11:06:00Z,1067b041807277ecf9cea5b55c265a37808239544e559e2cfdfcb3ce,60.16762,24.95415,000000006b44cce7,3.74
69,2019-08-04T11:06:00Z,1327ce24f157334f864f913637993c80380ce5f5c911e4b0d31c5eb7,60.149,24.9843,00000000fffb8cf0,13.75
70,2019-08-04T11:06:00Z,1374f31e71652faf3e69316a295c22d59e560f15e35f42b003a89222,60.14699,24.922,00000000a53ed894,27.28
71,2019-08-04T11:06:00Z,13b0a8ca1414d7b2b0e8d5f80069a5d26c6f62a68b58eda25a4b85f4,60.16829,24.94214,00000000afef4555,9.12
72,2019-08-04T11:06:00Z,1556d4a76070c26554efa12b4b9c53766a4cc394e8b74ee37f2fff65,60.17065,24.93641,000000000f4919c9,25.36
73,2019-08-04T11:06:00Z,194589f782f667221677ae0f6ec500e2f9255a8f6f6f41d32f122ca5,60.1538,24.95595,0000000038bf9618,29.32
74,2019-08-04T11:06:00Z,19db84758eba08a5f9bb56b0ff91d05286765c8e8dfa31bd0b2aaa1c,60.14947,24.91438,000000004ef3150d,20.28
75,2019-08-04T11:06:00Z,1a623175e52f0b1da44bc24027c8d374dbd7710157b6a78e417b7cda,60.16762,24.95415,000000006b44cce7,13.75
76,2019-08-04T11:06:00Z,1c8c3befa38b65f707dd4933a68e5e3c9e7c82592fd382779127416b,60.16897,24.95222,00000000aa852af1,25.36
77,2019-08-04T11:06:00Z,1fa2c533bba37b249a0105001153733e67a559d40c22cab67f135f64,60.14947,24.91438,000000004ef3150d,4.11
78,2019-08-04T11:06:00Z,227b93698b29687beea48184f42aab63a21fa362af7251be32db2e15,60.16531,24.9442,00000000fdda10fe,2.54
79,2019-08-04T11:06:00Z,23786c82e2641aed0e0b004658480a212bf0397568e914487819045c,60.16897,24.95222,00000000aa852af1,20.28
80,2019-08-04T11:06:00Z,23b7c1b09dfbcbf722a4c48303dd0435cf9885a516d5eebb6538844f,60.16762,24.95415,000000006b44cce7,9.12
81,2019-08-04T11:06:00Z,2535cb5c89ec66044a005b03dd769ca8d0022164a816c06db0e49892,60.16762,24.95415,000000006b44cce7,11.7
82,2019-08-04T11:06:00Z,2671a156fa8d8bb05970481c8f83bcf9f261f73dae27f2bb9ac88aeb,60.14699,24.922,00000000a53ed894,13.75
83,2019-08-04T11:06:00Z,26a4ff30aad95332c4b603e9e728a10486413889de9d2c4573524923,60.14699,24.922,00000000a53ed894,17.4
84,2019-08-04T11:06:00Z,2724e42551f43106ea58a8fcc6a43953baa1294cd65e17a90012f706,60.17065,24.93641,000000000f4919c9,0.84
85,2019-08-04T11:06:00Z,277125506ba4ea1afb2c696256b262e0708d43c30c769a1d4a382a76,60.16762,24.95415,000000006b44cce7,14.89
86,2019-08-04T11:06:00Z,28741c2e5e348fe81dec0518a21c0930c98a25b6fcece61a262d50de,60.14699,24.922,00000000a53ed894,17.4
87,2019-08-04T11:06:00Z,29f5adc4d67413b7d368e8e94a41cf48339e3f5f0903f660170c4fe8,60.17919,24.95181,000000007b5207b6,10.78
88,2019-08-04T11:06:00Z,2a80aed2c40e7e70ca12152ac812abd79aa1d13efcec25a6d3395136,60.16762,24.95415,000000006b44cce7,4.5
89,2019-08-04T11:06:00Z,2acbdfb5e555a9668c446767fc5d82728d254a45d17dff85e3342cb0,60.16629,24.95957,00000000fb7600be,14.89
90,2019-08-04T11:06:00Z,2ccaeb30423977ff22b6afc29243b861b476a5f4ffafdf200d326d78,60.17002,24.94407,000000006b087f40,11.7
91,2019-08-04T11:06:00Z,2de87ef94604fb63bec05eefb71b6cdd0b9807f8551159c2a35e7259,60.17065,24.93641,000000000f4919c9,7.05
92,2019-08-04T11:06:00Z,2f83e4cad2d924faecb3def25f54727f3e612bc5040c493dd6eccb1d,60.16897,24.95222,00000000aa852af1,21.87
93,2019-08-04T11:06:00Z,3004b57f95861dcbc505cbe89ab781674966526a063bee7072de8aba,60.16829,24.94214,00000000afef4555,16.1
94,2019-08-04T11:06:00Z,30bee351808d5e8082ce012b57f5bc0efc80f8394491a182e0eeee32,60.17919,24.95181,000000007b5207b6,14.89
95,2019-08-04T11:06:00Z,3226c88241c6ac9d643c1843f44b6e5ee10df5f15a695e360582a9be,60.16829,24.94214,00000000afef4555,12.69
96,2019-08-04T11:06:00Z,3262259981b4d615793e8692d3b8461ab7cc2c63789b0ce72c75075f,60.17918,24.95141,00000000675d5200,23.56
97,2019-08-04T11:06:00Z,32f77f5019e5fce30881c214487361e2e34b8c93277f6e546de72012,60.1638,24.96846,00000000d747f075,21.87
98,2019-08-04T11:06:00Z,33a5da4eacfc49fefa067790c9fada1a86d9793367ded845a46f0779,60.16829,24.94214,00000000afef4555,25.36
99,2019-08-04T11:06:00Z,3417d8a6b53687e70f126ebeb1d26a2ff6369dc9a551c3c35c5a04f9,60.17002,24.94407,000000006b087f40,13.75
100,2019-08-04T11:06:00Z,34cf37df412ff36df19ebe47ecdd31e5a22355a1fa723a748ac901fd,60.16762,24.95415,000000006b44cce7,12.69
101,2019-08-04T11:06:00Z,3670a148a52771f0ff5af161725f65b86873c09eea1a7697861c0438,60.14699,24.922,00000000a53ed894,13.75
102,2019-08-04T11:06:00Z,374083907dd8980893623726af5633afd59b519c885ad12ba5c674eb,60.17002,24.94407,000000006b087f40,3.09
103,2019-08-04T11:06:00Z,386dea4944e0b83648b4b6faf510fd47b0e9e29a2bb9311fe8a80ee2,60.17918,24.95141,00000000675d5200,25.36
104,2019-08-04T11:06:00Z,399c89d38707c522dfc1c6f596506daea1a2d8189c1ed2deb91b992d,60.16629,24.95957,00000000fb7600be,33.81
105,2019-08-04T11:06:00Z,3ac9d056b0f04f774b238a125eb996d46437f7a8c5f6ba6712e971cf,60.17919,24.95181,000000007b5207b6,18.79
106,2019-08-04T11:06:00Z,3b5030adc7c303403a6333a1a6d35474c2f21c1d20ece72180660423,60.14947,24.91438,000000004ef3150d,21.87
107,2019-08-04T11:06:00Z,3bd8214bd5284efaf354ec2a0dd2847f6051ceaace6a2691ff085d3d,60.17065,24.93641,000000000f4919c9,21.87
108,2019-08-04T11:06:00Z,3d30fee9b8d261e48f2751481d420879a4ae47073273d8ad4c3ffcda,60.16762,24.95415,000000006b44cce7,11.7
109,2019-08-04T11:06:00Z,3e36420df19c06796a79acdad84551653de9b0132cb0987329f75291,60.16897,24.95222,00000000aa852af1,23.56
110,2019-08-04T11:06:00Z,3fe4e214448b0c9a8dfbee81c347d82a8f0b26859201fb1d77f40fa9,60.16762,24.95415,000000006b44cce7,8.38
111,2019-08-04T11:06:00Z,4029e2bbe80e82503738f9d22280145b28581d920fce25bfcf52a5c8,60.16762,24.95415,000000006b44cce7,18.79
112,2019-08-04T11:06:00Z,40d64df305477f26745a445a97098d36570a8e02616b93a3f562bb21,60.16629,24.95957,00000000fb7600be,25.36
113,2019-08-04T11:06:00Z,430556d4eef13a613b121237f9ab54ee052861f79a950f54e0810dab,60.149,24.9843,00000000fffb8cf0,29.32
114,2019-08-04T11:06:00Z,44703b8dd01d3bd79585c9c7e12217e1ac152f86e2b0c9ed6be4bc19,60.16544,24.95398,0000000038d83d41,16.1
115,2019-08-04T11:06:00Z,44cd8828dd4aa11ea599139af3d3aafbcd09ca0c2558f26ed1c72e17,60.14699,24.922,00000000a53ed894,16.1
116,2019-08-04T11:06:00Z,44d01b24bde0f8031d7cf15bb66e661ad9bd92807f3213fabf920fa1,60.16762,24.95415,000000006b44cce7,4.11
117,2019-08-04T11:06:00Z,4538bf4d0ca02f13fad76c46f7b34e72978c49b0cdfe4ea9fe151a50,60.16762,24.95415,000000006b44cce7,9.92
118,2019-08-04T11:06:00Z,465eab28635efe98500085ceb161cf941d02272a0107fbbfb2203c29,60.16829,24.94214,00000000afef4555,4.94
119,2019-08-04T11:06:00Z,46b81e0dd10fe05195c050bacd41d57feeca0e044b6b317ac22a8656,60.16762,24.95415,000000006b44cce7,13.75
120,2019-08-04T11:06:00Z,47cd1dcac88434ffdc4b868e7f1d8d8a604700564bc83a7c0a3928be,60.16762,24.95415,000000006b44cce7,12.69
121,2019-08-04T11:06:00Z,47f787c639f2eed345eb5dca409ffcd989850399a1ab781500dd6e82,60.17919,24.95181,000000007b5207b6,7.05
122,2019-08-04T11:06:00Z,4800d49ec59e1cde34360defcce4c2a0c6a58919303c1fe6fdebceec,60.16762,24.95415,000000006b44cce7,16.1
123,2019-08-04T11:06:00Z,4833b1ea4f519407574f5a838d93a39de28c756c5f53de7ee273b577,60.14947,24.91438,000000004ef3150d,9.12
124,2019-08-04T11:06:00Z,49b391c05bd4e5231579392d798036a0139a8ea4e4d4509a7cb3901f,60.16829,24.94214,00000000afef4555,7.69
125,2019-08-04T11:06:00Z,4a54cbed9c373a4136f8851f3f5736eb2fadd5766d316eb5ebbdd231,60.17919,24.95181,000000007b5207b6,11.7
126,2019-08-04T11:06:00Z,4ae55b5046b30303930ee339fa9c70c922844d1bfe89a2e7180d53ad,60.16829,24.94214,00000000afef4555,23.56
127,2019-08-04T11:06:00Z,4b5b3e8f2b484bc08b196c265f65c70151bd69f6263318eb29125db2,60.16829,24.94214,00000000afef4555,10.78
128,2019-08-04T11:06:00Z,4cf634fc84e128c3b9bce07a4b726d136e18f0eea4229fdbb48f6db1,60.16897,24.95222,00000000aa852af1,9.12
129,2019-08-04T11:06:00Z,4d31b0561dbfc9ef5acbd44ba92acb4ca7bad86b948634f005173ece,60.14699,24.922,00000000a53ed894,4.5
130,2019-08-04T11:06:00Z,4f64a0a452cd28e15e79c60cbb361761817de946431b04ad87c6d513,60.16897,24.95222,00000000aa852af1,25.36
131,2019-08-04T11:06:00Z,508ee0778f7d5571ac4aa05211272911339b293ff62069f14cd4aa0a,60.16897,24.95222,00000000aa852af1,21.87
132,2019-08-04T11:06:00Z,51789c3026ccfe7e846e44fcd833d006941c2789b9693c77df5a7c98,60.16762,24.95415,000000006b44cce7,8.38
133,2019-08-04T11:06:00Z,52ca3ac5f0a00a82a02d8245c8d7527d59a77722572efe60e9cd481f,60.16762,24.95415,000000006b44cce7,9.92
134,2019-08-04T11:06:00Z,52daa31a2b3c1c07f78d96ebb4de3a965da5ef0a8035afbd0f7451fb,60.16531,24.9442,00000000fdda10fe,20.28
135,2019-08-04T11:06:00Z,52ebd53e0477c70dd129c946d58792e5069c7db14c369581ee07ed33,60.16762,24.95415,000000006b44cce7,11.7
136,2019-08-04T11:06:00Z,53bf4aef7ad5f3eb0cd9b94cfb1cc694f85edd4a413a376c49b57ea0,60.16897,24.95222,00000000aa852af1,33.81
137,2019-08-04T11:06:00Z,549e8785d3249c38e0c577947392ab324d318a5a9b125b5d03e023d2,60.17065,24.93641,000000000f4919c9,25.36
138,2019-08-04T11:06:00Z,5518b2315c236d486c7a5a4fc27c44987672b2f9a0751ffdaa9cbf78,60.16829,24.94214,00000000afef4555,3.4
139,2019-08-04T11:06:00Z,55f047531784bdfb349239ad705090dfe4fce836942569dac1d34cd3,60.16762,24.95415,000000006b44cce7,17.4
140,2019-08-04T11:06:00Z,56318cc7f3616fceec2564cbb1f6ca8b88ea861935a1ada93aafd7b0,60.16897,24.95222,00000000aa852af1,12.69
141,2019-08-04T11:06:00Z,571934189bf349efb6f596e76c21612cf9b82ed44913090169936048,60.17065,24.93641,000000000f4919c9,10.78
142,2019-08-04T11:06:00Z,586f70961bf72597ce00f89d3602178ecc6ac8838a8acec48bba7f9f,60.14699,24.922,00000000a53ed894,17.4
143,2019-08-04T11:06:00Z,59b87e6921598d25b092b66e140328fa03c9f06fe4e697dd344f378a,60.17002,24.94407,000000006b087f40,25.36
144,2019-08-04T11:06:00Z,5a6d2f34f7f677bf47ee3d08ac1371b3ad3d7f7f027685cf4740ab78,60.16762,24.95415,000000006b44cce7,10.78
145,2019-08-04T11:06:00Z,5a755f0653ee0e334448418099ed85023db0a9984c280cfbadd74160,60.173,24.92524,0000000096918cfa,31.5
146,2019-08-04T11:06:00Z,5b3d706018287c0b59ea341821814ec23f2ee7e3227bb79e3c2c1114,60.16762,24.95415,000000006b44cce7,12.69
147,2019-08-04T11:06:00Z,5c404f374a48548bfe8b02859d12ae59c4ae608fae2139fd71ef51b1,60.16762,24.95415,000000006b44cce7,13.75
148,2019-08-04T11:06:00Z,5e1b81ba9814d7b5cb5e067b8278209360ca1db4a0230562e652dc0c,60.16762,24.95415,000000006b44cce7,23.56
149,2019-08-04T11:06:00Z,6022019a95573b888ca7b3161da098935ea0ad7793437ee40a32a5f3,60.14699,24.922,00000000a53ed894,11.7
150,2019-08-04T11:06:00Z,60f982521b3cf63a23ce97156f686572b3c936ebe5a76c0d78269fd9,60.16762,24.95415,000000006b44cce7,27.28
151,2019-08-04T11:06:00Z,6138e6ab3e1e74425af8945a6fcc294c1469a0b9c448b780bcf9d2e2,60.14699,24.922,00000000a53ed894,9.12
152,2019-08-04T11:06:00Z,62cac4a0e252305e1128942dc3ec48baaa514c6737c415f85abb3665,60.1538,24.95595,0000000038bf9618,25.36
153,2019-08-04T11:06:00Z,62d86ee13e6ae7a5c41ffc2de746df72d4ef6e8d2b6a51ce1c68965f,60.16829,24.94214,00000000afef4555,16.1
154,2019-08-04T11:06:00Z,62e27092b58abcaf80564c408d0d4a7b821abaee92dc2f02ccb11e61,60.16762,24.95415,000000006b44cce7,8.38
155,2019-08-04T11:06:00Z,6322c32adc9b2822352856beddebff48bcee2ac06c326509646a1c6b,60.16531,24.9442,00000000fdda10fe,25.36
156,2019-08-04T11:06:00Z,63e498fd789abe431cdf86f184a50616c85717e1efc893da1e1a2222,60.16897,24.95222,00000000aa852af1,18.79
157,2019-08-04T11:06:00Z,658aacab016460cfc38879944e374640737b32d7291a40aed8b8845c,60.16897,24.95222,00000000aa852af1,27.28
158,2019-08-04T11:06:00Z,6656d2ce0a18f92aca4d99810ecaefe94dbe9a0e2ea987f1702aeecb,60.16762,24.95415,000000006b44cce7,8.38
159,2019-08-04T11:06:00Z,66755836036c771e53ffd9d0dc09b8575231b53b80af22e868691a2a,60.14699,24.922,00000000a53ed894,9.92
160,2019-08-04T11:06:00Z,675c19fa88e446a423d3396a15abe22971d1ce207ada2ca102fb7189,60.16897,24.95222,00000000aa852af1,14.89
161,2019-08-04T11:06:00Z,67b49046c3bb96e9e2f8d9396871ed7976dd35efb6c386141325f95a,60.16897,24.95222,00000000aa852af1,27.28
162,2019-08-04T11:06:00Z,69852d528034ea6fc746ed8942c32f1c90bc33a7a7317dfac3c9b1c1,60.14699,24.922,00000000a53ed894,11.7
163,2019-08-04T11:06:00Z,69d8c906060e226ff0f0f7e78029575f2ee07ebec657a3b641419268,60.14699,24.922,00000000a53ed894,5.91
164,2019-08-04T11:06:00Z,6a611aaa1fa77baf03191f0143c2a00dd06c9730c67d30c1eb06afcc,60.16762,24.95415,000000006b44cce7,13.75
165,2019-08-04T11:06:00Z,6ac1903c80e63433e4bc744dc0e801bff647117d38d3753fb9a6a4c1,60.173,24.92524,0000000096918cfa,21.87
166,2019-08-04T11:06:00Z,6c637347d64659d1b29b0461397fccfbff09339872c14e32469fbd0f,60.16762,24.95415,000000006b44cce7,9.12
167,2019-08-04T11:06:00Z,6c97da4ba9462e7fe786a472989dab23340d31809dd78d5617204da4,60.16829,24.94214,00000000afef4555,12.69
168,2019-08-04T11:06:00Z,6e2fbf091d5c86667e060d7ec44f48f0f5d7b1d55b1899f2939f247a,60.16762,24.95415,000000006b44cce7,6.46
169,2019-08-04T11:06:00Z,6e492dbc3f10157e7ff00826a839a97262ab36244ccc57b702a89999,60.16531,24.9442,00000000fdda10fe,7.05
170,2019-08-04T11:06:00Z,6ed478b9924df6bb6e6abe0b376f750b2c4abd0bf4f3d32b71b07446,60.16829,24.94214,00000000afef4555,27.28
171,2019-08-04T11:06:00Z,6eeb71c74d753822f920829149d942cf52b726b0b83c5aa3e6cb132e,60.16762,24.95415,000000006b44cce7,14.89
172,2019-08-04T11:06:00Z,70ffae2b8178e0915c5de7816f8dd8bcc3af745ee49df8ac4da4adba,60.17918,24.95141,00000000675d5200,20.28
173,2019-08-04T11:06:00Z,714e80a1e3c0fee43e312f314b2faec47e582ee8dac47e4818dbc2f9,60.149,24.9843,00000000fffb8cf0,12.69
174,2019-08-04T11:06:00Z,71516fc8349cfaf2b5c4ab80ade6078494d93d13e9953af15e5ced30,60.18203,24.91341,00000000342570c2,21.87
175,2019-08-04T11:06:00Z,71c1367c7dea4dfa243172e02b9092c7a0810bef003216681759891e,60.16897,24.95222,00000000aa852af1,27.28
176,2019-08-04T11:06:00Z,7285e58a9eac860dc84d8a6eba1430bc8b811d38677f5f91a312ad16,60.16629,24.95957,00000000fb7600be,23.56
177,2019-08-04T11:06:00Z,738973c9b5f9882f29075e47ca10e50ba3fb9883da779f41545175f4,60.17919,24.95181,000000007b5207b6,9.92
178,2019-08-04T11:06:00Z,7484ecf89e24efb4a366562730f7341391f930dad7b216184022d0da,60.173,24.92524,0000000096918cfa,21.87
179,2019-08-04T11:06:00Z,74c2ec2adc228e5b4979284d730fd2de698242f0f06d90f870b8cde6,60.16762,24.95415,000000006b44cce7,1.7
180,2019-08-04T11:06:00Z,7552783317be1ef797980c3a9ee9c5967d4e7b32765f23c51ffda02d,60.16897,24.95222,00000000aa852af1,18.79
181,2019-08-04T11:06:00Z,79773ee1ebdf8252053d8ffb326b77bb05a7cdb76041102e73d3767c,60.16762,24.95415,000000006b44cce7,9.92
182,2019-08-04T11:06:00Z,79bde23c1a8980f93a65e14306f0d8ea89e164430d8b991e2bfee82e,60.16531,24.9442,00000000fdda10fe,21.87
183,2019-08-04T11:06:00Z,7a7443a2060675f4b9755ab53cca1f1053bdfe0e4f98acd95b61544b,60.17065,24.93641,000000000f4919c9,29.32
184,2019-08-04T11:06:00Z,7bdbfc042dd024cb5630bef515de25ef67819b5acb44ef00df4695d4,60.149,24.9843,00000000fffb8cf0,20.28
185,2019-08-04T11:06:00Z,7c55ecf165387948602e82b684a55be093691849fde2d96ad6574475,60.17065,24.93641,000000000f4919c9,16.1
186,2019-08-04T11:06:00Z,7de4ba54f0d667a69cb0b6d625856bc6b040f51a42f91beae366a269,60.16762,24.95415,000000006b44cce7,5.91
187,2019-08-04T11:06:00Z,7e78b2348d9576c63ebb626030ee9d43e2bf07e860782adf3f1c452b,60.16829,24.94214,00000000afef4555,9.92
188,2019-08-04T11:06:00Z,7ea276abbe2f1bfd85b2493f7b4c801189e673c0b4dc987d2c8e30dc,60.14699,24.922,00000000a53ed894,11.7
189,2019-08-04T11:06:00Z,7eefc5581c616491b78192b28b519ba727dc884a87bc06b8df1ea4f2,60.14699,24.922,00000000a53ed894,11.7
190,2019-08-04T11:06:00Z,7f546f0776433ed1b76ea74186c0aad95eca5439e6cefda07922ef14,60.16762,24.95415,000000006b44cce7,7.05
191,2019-08-04T11:06:00Z,80ffa6235c9fd84bd35d46706c7d0c4126ee0e241a070c5ae5f30d14,60.16762,24.95415,000000006b44cce7,6.46
192,2019-08-04T11:06:00Z,822590bd49bcf7ed4de4f8389586915c343b29c4283ff8b90d7c1d39,60.17065,24.93641,000000000f4919c9,11.7
193,2019-08-04T11:06:00Z,82ac749474448abac333d00869cb8b508872f86293913d95eae26a05,60.15432,24.9211,0000000019fb59c4,7.69
194,2019-08-04T11:06:00Z,82cddd3b9f58762d36efe78da4e2722ee587cfdb3fdbc58b52673082,60.16629,24.95957,00000000fb7600be,20.28
195,2019-08-04T11:06:00Z,844b8ad6ebf530978d1139d527a681991f4d3eed6be5bc723f0b2192,60.16531,24.9442,00000000fdda10fe,1.12
196,2019-08-04T11:06:00Z,8452ada2a714598cdd911988eec301cf7bccb236b29686e0e8b1d0ed,60.1538,24.95595,0000000038bf9618,20.28
197,2019-08-04T11:06:00Z,849d6a476563b352092dcda35e816833b571b7f630e7ff8617d9b7da,60.16829,24.94214,00000000afef4555,13.75
198,2019-08-04T11:06:00Z,87ea10367f1569e575dc4bc60f0f4238eafb52ba8a2cc8e5e4584232,60.16829,24.94214,00000000afef4555,23.56
199,2019-08-04T11:06:00Z,87f4cf4baea8c5dfe1bc7812cc969574058bd4d2dda215192bcfc53f,60.14699,24.922,00000000a53ed894,3.4
200,2019-08-04T11:06:00Z,8838042aa011fa35218bd1800a2e2ddda11da574560e1fb1eac464a1,60.17002,24.94407,000000006b087f40,20.28
201,2019-08-04T11:06:00Z,88ee7d98af3d9470df5daf433cfa0405f6225cb56b98b7c48d260fd4,60.17002,24.94407,000000006b087f40,18.79
202,2019-08-04T11:06:00Z,89df1daad350e46d526e113019214d2e1a19d8f48da761bb3583399b,60.16762,24.95415,000000006b44cce7,4.5
203,2019-08-04T11:06:00Z,8a7f5012c000c420f0a336a3988c72cf2b373818f4f3f369e994d8e4,60.16829,24.94214,00000000afef4555,10.78
204,2019-08-04T11:06:00Z,8ad180674aa6d08b03238aaf8757517ad2e107e8906f097e12f17487,60.149,24.9843,00000000fffb8cf0,12.69
205,2019-08-04T11:06:00Z,8bffe034066821502092859341756212a0dcb6b2c605852c0c40fdeb,60.16762,24.95415,000000006b44cce7,10.78
206,2019-08-04T11:06:00Z,8ca6cbf91a04db796810f40ee019369f331d79472e4acd09f75cbac8,60.16829,24.94214,00000000afef4555,16.1
207,2019-08-04T11:06:00Z,8f3d9ab893ae4a48fd3417f3a749c21e792779990ae0ad75a8f211de,60.1538,24.95595,0000000038bf9618,27.28
208,2019-08-04T11:06:00Z,91602a694bc74a2874ba7f02a7bae062a3a77cd869b86a74800415b8,60.17919,24.95181,000000007b5207b6,9.92
209,2019-08-04T11:06:00Z,92df20d921f76c63470e3f5afbe201d3ae15f5133f66c291db796082,60.16629,24.95957,00000000fb7600be,14.89
210,2019-08-04T11:06:00Z,93272ad17155ea9499641eda7c5560691582116096278b82738ab21e,60.14699,24.922,00000000a53ed894,5.91
211,2019-08-04T11:06:00Z,93be2ffbdd44740291e9e0b73792e85df915264539f1f8f2e7ec7235,60.16629,24.95957,00000000fb7600be,20.28
212,2019-08-04T11:06:00Z,94ac9d6e79236013b9fa24e1c52123819228f6962b5952637ca80fcb,60.16762,24.95415,000000006b44cce7,7.69
213,2019-08-04T11:06:00Z,96c2df1bba9699518ad1f9cce8f910f076467a5aad1b365611c93a1a,60.16897,24.95222,00000000aa852af1,12.69
214,2019-08-04T11:06:00Z,97490f522f1a0226c8f7e8ed7bca08dd71b63d80b46d38020127b868,60.14699,24.922,00000000a53ed894,10.78
215,2019-08-04T11:06:00Z,9759894c6f46d9e82992282b211a84549983c7a9995cd91fb1178818,60.16829,24.94214,00000000afef4555,17.4
216,2019-08-04T11:06:00Z,998a30ee5f5ff6d2bc9ed04420591e525ded59ad66d09eefa240cc8e,60.16762,24.95415,000000006b44cce7,13.75
217,2019-08-04T11:06:00Z,998ac46ad73c197bab1f36dca67d8bcaa3aca92249185a5e3715043f,60.17065,24.93641,000000000f4919c9,18.79
218,2019-08-04T11:06:00Z,99b998b07243afd316e6fa57636b0ab6761b9c2a6f0fe050eae40c08,60.16762,24.95415,000000006b44cce7,5.91
219,2019-08-04T11:06:00Z,9aa588cb6f425117e45726b6b9adb7ef86c8f7c8113b547dc61f068a,60.16897,24.95222,00000000aa852af1,14.89
220,2019-08-04T11:06:00Z,9b24f69458294d27d07a0169665965135fd02f4c953f85bcebf4ba87,60.16762,24.95415,000000006b44cce7,9.92
221,2019-08-04T11:06:00Z,9b4b0705e58750d2bcbd71ad65d85677f7e77db5dfe69d1a70b5d31f,60.17919,24.95181,000000007b5207b6,16.1
222,2019-08-04T11:06:00Z,9bc50d931d6c1678284177395958d15f05b45d60ae7bc09fe1e1694e,60.16762,24.95415,000000006b44cce7,5.41
223,2019-08-04T11:06:00Z,9bef562c292174f1eb3933116effff74a8733a78e5c1df140de3fd6c,60.17919,24.95181,000000007b5207b6,8.38
224,2019-08-04T11:06:00Z,9c0b1d2c4c67c07e547e810a94efeaaa1187ae82977e03748470281c,60.16897,24.95222,00000000aa852af1,14.89
225,2019-08-04T11:06:00Z,9c40a1c76be950694e1b5448f8ad2337198d9a75090bfebc30c7392e,60.16629,24.95957,00000000fb7600be,25.36
226,2019-08-04T11:06:00Z,9f1920350685b4cb747c535ba3c3dc1cb29587668bd507ab96e5692f,60.16629,24.95957,00000000fb7600be,20.28
227,2019-08-04T11:06:00Z,a066e2044b486819fe2185765f63ed87f8d10c502f26a01be1f1a758,60.149,24.9843,00000000fffb8cf0,29.32
228,2019-08-04T11:06:00Z,a1439b6683d0598c7a05080c3693a17c198f7b8c3297c77324ef4859,60.16829,24.94214,00000000afef4555,2.54
229,2019-08-04T11:06:00Z,a20a11944d9440f1f8e4ea6262408f673f2a8380c4e13dda1a073d8d,60.16897,24.95222,00000000aa852af1,13.75
230,2019-08-04T11:06:00Z,a25b897b52089b243421b68349d3f15e60ce8249d11c889a4626bfc7,60.18203,24.91341,00000000342570c2,29.32
231,2019-08-04T11:06:00Z,a2f0adf51cb9d2a5417cc0797183513a8bbcecfbc717a1b63e42027d,60.16762,24.95415,000000006b44cce7,10.78
232,2019-08-04T11:06:00Z,a30740fbf4b7e21f6fe2996e9325c90936de161cb2165e87cd96fd35,60.149,24.9843,00000000fffb8cf0,23.56
233,2019-08-04T11:06:00Z,a44eda7b8ec58e1cd7c078a73c4da7fb0037d59453aa6bfe69b7cbdd,60.16762,24.95415,000000006b44cce7,11.7
234,2019-08-04T11:06:00Z,a50e0bb8fd1ad4ad264c3246b210a0c6285faae591c1bd2c2c3458af,60.16829,24.94214,00000000afef4555,13.75
235,2019-08-04T11:06:00Z,a5835ce352a1e6d8fb6bdc410fae1076c756f7dac8e202465add9277,60.16762,24.95415,000000006b44cce7,17.4
236,2019-08-04T11:06:00Z,a5d632ac8ffc19a626de034d3c9444fd262ee6edada285c816ea9266,60.16531,24.9442,00000000fdda10fe,7.05
237,2019-08-04T11:06:00Z,a80fe50725ab5a84d231e40a8544a8ffb4dca218d9e4d930b24c8809,60.16544,24.95398,0000000038d83d41,23.56
238,2019-08-04T11:06:00Z,a81c19fb85eebf853246cdc4d8e38245dfa5ba15c180eaa1bcc0378d,60.16829,24.94214,00000000afef4555,21.87
239,2019-08-04T11:06:00Z,aa4547c0b6b8be30776e08d524ceeacfbc9930ad720e11fa4cb20882,60.16531,24.9442,00000000fdda10fe,1.12
240,2019-08-04T11:06:00Z,aa45859d6157e9e86470ec8b81957acc35bafb1b7f419d79357a38cf,60.16829,24.94214,00000000afef4555,14.89
241,2019-08-04T11:06:00Z,ab1377ddf669bb806f8db586f4ce5ab9f0f4257dda61fe800d8509f5,60.17065,24.93641,000000000f4919c9,25.36
242,2019-08-04T11:06:00Z,ab6e8769f50a15ea5e0d64f48aaa12886b7599a18cc0eb071a21ae5f,60.16762,24.95415,000000006b44cce7,6.46
243,2019-08-04T11:06:00Z,ab7697ba77150d46c95d1b02fef085ed91925d425393d8ad1097adcc,60.17002,24.94407,000000006b087f40,25.36
244,2019-08-04T11:06:00Z,ac4679e3db131ec2ea8e1111c8aa0d71020cf8796ecb11f142478394,60.14947,24.91438,000000004ef3150d,7.69
245,2019-08-04T11:06:00Z,ac5c7e04b55d6d70659e5b8f4705309b9367c78a0edb7ce85f42c181,60.1538,24.95595,0000000038bf9618,27.28
246,2019-08-04T11:06:00Z,ac921373f49635f5207c61b2f91377ca1cd682be527d3b5fbc78ed7b,60.16829,24.94214,00000000afef4555,13.75
247,2019-08-04T11:06:00Z,acb3f63fe0879b2640a9d68a248a15f85777e30652945d7740bb95f4,60.16762,24.95415,000000006b44cce7,12.69
248,2019-08-04T11:06:00Z,ae3cda5066e455d4b1e58860e8fb7a35efad69b9964a676b476b0687,60.14947,24.91438,000000004ef3150d,7.69
249,2019-08-04T11:06:00Z,b02a0be9ec3a2bb1acba16daee232202f9a06ac84e0dcc9a80dddf6a,60.16762,24.95415,000000006b44cce7,13.75
250,2019-08-04T11:06:00Z,b11934f5ec9ce5dcba592061c1c914fccc0b4115143b9d8cc77dd2d9,60.16762,24.95415,000000006b44cce7,18.79
251,2019-08-04T11:06:00Z,b2298fc6f63c02481610f9aef24f1a0c1711c255adc43c0fe135c1ca,60.14947,24.91438,000000004ef3150d,11.7
252,2019-08-04T11:06:00Z,b3266ecf36a984b814e1b2d31b447438bd948a9c116721480104792f,60.16829,24.94214,00000000afef4555,14.89
253,2019-08-04T11:06:00Z,b364afaf81164cbf2af22967b068e3f61253af381895a3a452fc9e57,60.16762,24.95415,000000006b44cce7,14.89
254,2019-08-04T11:06:00Z,b4c8900041e9f8751755d3940ceac58419e6370cd81cdb90d7800de1,60.14699,24.922,00000000a53ed894,21.87
255,2019-08-04T11:06:00Z,b5cdbcdc30e0bf653ce353c867708b0067db5e394c8cbe848d978a77,60.14699,24.922,00000000a53ed894,8.38
256,2019-08-04T11:06:00Z,b81e65168ea3278486b1c954ab229bc2eda3fe07098e824f05cd0ac4,60.149,24.9843,00000000fffb8cf0,23.56
257,2019-08-04T11:06:00Z,b8f5834e6b992cf5568ae3153fb4b07e97b7f6dd01250851134c1824,60.149,24.9843,00000000fffb8cf0,13.75
258,2019-08-04T11:06:00Z,b9447a524f5b5bf98585b27b92195b09869ee9cd9da3cf8d2b59c57d,60.16829,24.94214,00000000afef4555,23.56
259,2019-08-04T11:06:00Z,ba288a5fd2befbc9ed08e7876ad7cb2bd8bfe6f5756d2ffe8e2dc558,60.17002,24.94407,000000006b087f40,17.4
260,2019-08-04T11:06:00Z,ba3787a9ca3b1ba5b2e7a2106ca14645bc9d96cb1db3ad74b0a3db53,60.16762,24.95415,000000006b44cce7,14.89
261,2019-08-04T11:06:00Z,bac5abd66caf627f4579d5c2cddad074267cd5bac95bd0e68a1e1fb7,60.16897,24.95222,00000000aa852af1,38.87
262,2019-08-04T11:06:00Z,bac6fd7f18308fc08447b3cd85ecae45fcad4dae9500db0cf36a7460,60.16897,24.95222,00000000aa852af1,27.28
263,2019-08-04T11:06:00Z,bb30b0664e62eef3c447616c0dda85239f95004f38ca8361037cc529,60.17065,24.93641,000000000f4919c9,33.81
264,2019-08-04T11:06:00Z,bbf7d8b9085ddcd3b94f55f93b52cb40a251c44f5df4099ba5b61471,60.16829,24.94214,00000000afef4555,10.78
265,2019-08-04T11:06:00Z,bc07df8cc395f6f4f5d483b2233caca5f93a6918f346e4cc3702f8cc,60.16531,24.9442,00000000fdda10fe,20.28
266,2019-08-04T11:06:00Z,bf1bf5222ce141fbaa484d3bbf568d521b90699d69ec5fc413c9d716,60.17002,24.94407,000000006b087f40,25.36
267,2019-08-04T11:06:00Z,bf4235c977b63f07c70679988ae6990db3734c8bde50741c636155b9,60.16762,24.95415,000000006b44cce7,9.92
268,2019-08-04T11:06:00Z,bfd5c2630b36fde15de01ea74e598d035402cf1edb7c9230617927e0,60.16762,24.95415,000000006b44cce7,4.94
269,2019-08-04T11:06:00Z,c0a0ca3433586ed2ae0e448f2406fabac7292ac79d49562e0bd5cef8,60.16762,24.95415,000000006b44cce7,21.87
270,2019-08-04T11:06:00Z,c190b2b98438e2e79fb5d2add3c063bbf98d30d208518a2fd9296add,60.16762,24.95415,000000006b44cce7,12.69
271,2019-08-04T11:06:00Z,c239e27b985c23449b6aa84b78560b1b4e535975f3ba059d7987efe4,60.16762,24.95415,000000006b44cce7,9.92
272,2019-08-04T11:06:00Z,c2cc33e5b1b8d254d4bcbc0ffa13c9200676a39a191cc31a38d28d8d,60.17065,24.93641,000000000f4919c9,8.38
273,2019-08-04T11:06:00Z,c2e135ad2c160277e290705658ac41d7cd35b11ebf61d829fdd0b428,60.14699,24.922,00000000a53ed894,9.92
274,2019-08-04T11:06:00Z,c45e3c4e8ec0fc85457d3b4ed4c49ed0116b4cf447e2983f353abcd8,60.16829,24.94214,00000000afef4555,10.78
275,2019-08-04T11:06:00Z,c4c3ad738ca47920bb66939f620126c87f730c644813158554916827,60.16762,24.95415,000000006b44cce7,8.38
276,2019-08-04T11:06:00Z,c55894159f2080031cda702c78ee54463c3c15ab1b3638afdf687f08,60.16531,24.9442,00000000fdda10fe,4.94
277,2019-08-04T11:06:00Z,c6084def1a2422f6fc267582e4ed73f2df4fc2ff8039ba70782741e6,60.16897,24.95222,00000000aa852af1,13.75
278,2019-08-04T11:06:00Z,c6b0ea433c3fdc73e0bac7e3faa2690506c4e8ec7fc54210446a7ffa,60.14947,24.91438,000000004ef3150d,10.78
279,2019-08-04T11:06:00Z,c7ced11121537f55bcd7d7ab67312226dafe7c85320c5357a35d5ab7,60.17002,24.94407,000000006b087f40,25.36
280,2019-08-04T11:06:00Z,c990a15d27cfc21e63b7c96b95949254f1194e8b27118386a589e2bd,60.16897,24.95222,00000000aa852af1,13.75
281,2019-08-04T11:06:00Z,ca38047e041c74bc9e84aa4687e19233b85cdc213ac43164f9ab322b,60.16762,24.95415,000000006b44cce7,14.89
282,2019-08-04T11:06:00Z,cb37b8fad0bc758cf37d7ea1052f3a98f29282ae37ec635d6eb2c511,60.16762,24.95415,000000006b44cce7,8.38
283,2019-08-04T11:06:00Z,cd7d0e9404c9f4e8fab0742460b9acb4d5bbb97f44df80d4a8b973cd,60.17002,24.94407,000000006b087f40,6.46
284,2019-08-04T11:06:00Z,cddbfc3b0a1459f0ea8d553779cf320d512cac6e64976182f2f0b3b7,60.16829,24.94214,00000000afef4555,18.79
285,2019-08-04T11:06:00Z,d04b5065ec93818b731141027d11e6a1cf53de69b9737d7aea0c34da,60.14947,24.91438,000000004ef3150d,13.75
286,2019-08-04T11:06:00Z,d162ad46250f7d87af446db22df4aa6b2eb2bf22f83beca34e857743,60.16762,24.95415,000000006b44cce7,4.5
287,2019-08-04T11:06:00Z,d20f68571773330f7b6490b006b2e952c9912b4ee05e20f0fc434698,60.16629,24.95957,00000000fb7600be,14.89
288,2019-08-04T11:06:00Z,d2e3bf982b10b2079eaa464127a286409c5030b21ffe9a2ce08bbb9c,60.16762,24.95415,000000006b44cce7,9.92
289,2019-08-04T11:06:00Z,d2fd0c6415d2d8e49fef3415fb8747b524191b4400a4fbb66428cb12,60.14699,24.922,00000000a53ed894,13.75
290,2019-08-04T11:06:00Z,d31a67e0c8e32009391b9c56acd3a3e2470c0e4dc9d09d352792d822,60.16829,24.94214,00000000afef4555,29.32
291,2019-08-04T11:06:00Z,d4c9ea46d58288bf42808788e668072465d91dd3c874a8a51de5794e,60.16897,24.95222,00000000aa852af1,14.89
292,2019-08-04T11:06:00Z,d68f1946805ba3d30f9ba25280986fbe003f3b5dce7245b633e0cb5c,60.16762,24.95415,000000006b44cce7,17.4
293,2019-08-04T11:06:00Z,d6a8c97f1ec18c7a90d3beae358bad67f8d53626258a852e15b08c5d,60.14699,24.922,00000000a53ed894,8.38
294,2019-08-04T11:06:00Z,d71a315bac918f9a18fcd820731e6d9eb54fb0d01c324ca088ef8858,60.149,24.9843,00000000fffb8cf0,20.28
295,2019-08-04T11:06:00Z,d79a5330748b0a060acd4098b181332f368b9ade11164b81f36c9cf6,60.16629,24.95957,00000000fb7600be,18.79
296,2019-08-04T11:06:00Z,d81024e88bb9b04be64c793e92836ac82bec9eed4bfeef83accf8109,60.14951,24.92138,0000000006dd41f6,29.32
297,2019-08-04T11:06:00Z,d83c1c2d3a3876c948e277bace6d013eafc0c4e118958e138f8b1257,60.16448,24.97323,0000000053c6c2be,27.28
298,2019-08-04T11:06:00Z,d9020a2da08de6392df0d106c3501d4ad163939fd231321855645680,60.16629,24.95957,00000000fb7600be,21.87
299,2019-08-04T11:06:00Z,da2398acaae7f39c7b80c220d4e6917bdc7655f4c71b6e36d06cb859,60.18203,24.91341,00000000342570c2,18.79
300,2019-08-04T11:06:00Z,dba25c18a94a20a35b9a27ff605b1c40fd45b0263d884645052918e5,60.16829,24.94214,00000000afef4555,20.28
301,2019-08-04T11:06:00Z,dbd2fa33dbaac339a8c9d8e04576b1088999b9314914676a2247737c,60.1638,24.96846,00000000d747f075,14.89
302,2019-08-04T11:06:00Z,dc4043efe103db9ce55ad4d987a45cf9821cdc3e63cf7b15b6d48baf,60.16897,24.95222,00000000aa852af1,16.1
303,2019-08-04T11:06:00Z,dc816e92e4a2eceea03f41fc379fda0e3d57b5d0fbd9a06430432022,60.16762,24.95415,000000006b44cce7,4.5
304,2019-08-04T11:06:00Z,dc82f9648bb5ba21e766e0923f5fa7ca2d77662ab0edbe22a3d95631,60.14699,24.922,00000000a53ed894,12.69
305,2019-08-04T11:06:00Z,dcbd150d7326dc22a8ab087a0555b9c9549addd07f54aa909aa8ec1f,60.149,24.9843,00000000fffb8cf0,29.32
306,2019-08-04T11:06:00Z,dd8e0699822b1a8a3f8a91fcb10729f6f7cd0a4736f36dc60974c36e,60.16762,24.95415,000000006b44cce7,7.69
307,2019-08-04T11:06:00Z,ddd0e663eb31ac94858d2a4e9af5e4782781e88c92102042190e6fcf,60.14699,24.922,00000000a53ed894,17.4
308,2019-08-04T11:06:00Z,de48adf9d49eb3bc1d61dea4047618f6c77086fc44bd2b535d56504d,60.16762,24.95415,000000006b44cce7,9.92
309,2019-08-04T11:06:00Z,de71e27b55ef6f2f51f05838a2fcab596f1dd93a14ece5ce4548f5c7,60.14699,24.922,00000000a53ed894,12.69
310,2019-08-04T11:06:00Z,e01908a975abc95425179eadafdba31d371f1d64674c967686df87a3,60.149,24.9843,00000000fffb8cf0,3.74
311,2019-08-04T11:06:00Z,e081e4b3252ca91bbf1cbb70faa116d60317fbf3a991a67bc99b4bfa,60.149,24.9843,00000000fffb8cf0,21.87
312,2019-08-04T11:06:00Z,e0859a9c906151023376d86762070f38ba1b3859e671531b0edac6cd,60.16075,24.95883,00000000f1124bca,18.79
313,2019-08-04T11:06:00Z,e0d7e8b332ca8514428ab10acf6d3a6b777da62ff8ea3e18d9b32989,60.16762,24.95415,000000006b44cce7,12.69
314,2019-08-04T11:06:00Z,e1da87aea335bcd04e4c876158b96ebc7ba4206bc216c3aa27a2f4af,60.17919,24.95181,000000007b5207b6,4.94
315,2019-08-04T11:06:00Z,e2308d94332f82ea38141cb428231a51fc38ac78118b71c897b650d5,60.16629,24.95957,00000000fb7600be,18.79
316,2019-08-04T11:06:00Z,e26862fdcdd4688d81b8fe05d1ac94c5f9b3192ddc50d4c66ad12cc1,60.16897,24.95222,00000000aa852af1,33.81
317,2019-08-04T11:06:00Z,e305610124e16ed1411a221b29ce69a076cc47982efd6c098b0599ab,60.14947,24.91438,000000004ef3150d,8.38
318,2019-08-04T11:06:00Z,e32e078697e70d6e3cb4b156ada3a4756315227b125615d7b5c116a7,60.16762,24.95415,000000006b44cce7,8.38
319,2019-08-04T11:06:00Z,e44d7228cecbdb2474e1cc396a6c13943f09c08c19d0ffab1997d509,60.17919,24.95181,000000007b5207b6,13.75
320,2019-08-04T11:06:00Z,e53a901aed874016e1cd1ed3e9b2891fca850986cb2fa04f5162cf52,60.16762,24.95415,000000006b44cce7,1.01
321,2019-08-04T11:06:00Z,e557e164cd52fd817b02cad6587a294d72b0974d9b014ad69ea5e08e,60.17919,24.95181,000000007b5207b6,23.56
322,2019-08-04T11:06:00Z,e5928057da667903de0b6c1245e1f58273dd85d63d8af0f4eaa771de,60.16762,24.95415,000000006b44cce7,9.12
323,2019-08-04T11:06:00Z,e5b9b4813c081a31fb498e7f9adb94918c267dfa125c63790c0d9488,60.149,24.9843,00000000fffb8cf0,21.87
324,2019-08-04T11:06:00Z,e92e9e46c4d4067617b8dad0cc70baa43463d1abc4d623d0e103c6b7,60.16762,24.95415,000000006b44cce7,14.89
325,2019-08-04T11:06:00Z,e9d59e25b58f33f70aad6832863cb59d7485ca55a1575558f92b74e7,60.16897,24.95222,00000000aa852af1,13.75
326,2019-08-04T11:06:00Z,ea156c99dd8945ef87da4c332787a6202e9eedc69f726cafae8d3258,60.1538,24.95595,0000000038bf9618,36.27
327,2019-08-04T11:06:00Z,ea38d72fbf2215d530a70d6a97dcc603a44b18d4d7ce557a91cb80bb,60.16762,24.95415,000000006b44cce7,14.89
328,2019-08-04T11:06:00Z,eb09e242059d315d7f929b7befadc641eeddb95492babe81030cbabc,60.16829,24.94214,00000000afef4555,10.78
329,2019-08-04T11:06:00Z,ecb1735f180422ec69f041cd2782a26c9f07d27a87893b3c30aaa9b7,60.16075,24.95883,00000000f1124bca,4.94
330,2019-08-04T11:06:00Z,ecf13e9d610ad235409932d263110fd52c69d0f5f39e9ffd3ad8b740,60.16897,24.95222,00000000aa852af1,14.89
331,2019-08-04T11:06:00Z,ede13c9dc221bbc6c1daf78250fa6547303c06d7606c05ba0bf64547,60.17919,24.95181,000000007b5207b6,9.92
332,2019-08-04T11:06:00Z,ee58e3183e0967bff106dcd3894f4688accefe5e721043dd70c1f11c,60.16629,24.95957,00000000fb7600be,20.28
333,2019-08-04T11:06:00Z,eea43687eab35d2c386347881796eb1c8279076b9e9642ebc2cd06ac,60.16762,24.95415,000000006b44cce7,4.11
334,2019-08-04T11:06:00Z,ef15ff71b7dc4c2088249a4fca7e28900ae315245a7a3b4d571bf582,60.16829,24.94214,00000000afef4555,13.75
335,2019-08-04T11:06:00Z,ef45fdc095ee55730384922266d8fce61de212d3c3df2441ea10e524,60.14947,24.91438,000000004ef3150d,9.92
336,2019-08-04T11:06:00Z,ef5e495c5f9d3dd9eb22ed5b8faf1cc9e4225d4785ebb26a87d16fff,60.14699,24.922,00000000a53ed894,4.11
337,2019-08-04T11:06:00Z,f04251ace2b79d56bee25fce26175de1bea524d390dd5cdb6b2652a8,60.14699,24.922,00000000a53ed894,23.56
338,2019-08-04T11:06:00Z,f110acae92fec55c6caca5de864773a6b99e5b8d6e2fdf8d1bdbc759,60.16762,24.95415,000000006b44cce7,7.69
339,2019-08-04T11:06:00Z,f11c02cbebb4049a29f10d2ee6aac8a9ca3b7b9609a39d69463461a1,60.17065,24.93641,000000000f4919c9,29.32
340,2019-08-04T11:06:00Z,f196f5f8c08299d290b3bac1944e00bb1f2c90594db66438b0c10e6e,60.16629,24.95957,00000000fb7600be,9.92
341,2019-08-04T11:06:00Z,f1d44b9d3710849eba7eab0b6646053378aa5f8ee3491ec2522f3c44,60.14947,24.91438,000000004ef3150d,25.36
342,2019-08-04T11:06:00Z,f2467c8ede6444941158701b7bd9d005beec9ffdb355ce2d8c7a9bfd,60.149,24.9843,00000000fffb8cf0,29.32
343,2019-08-04T11:06:00Z,f4b9fc6acb673aea24fe00dfbe806b81fedab0c2ea82d781f7659ce5,60.16762,24.95415,000000006b44cce7,10.78
344,2019-08-04T11:06:00Z,f6b55b8b83c6c07736c34b36358596d92acac62e717c55a4b2f5a681,60.17065,24.93641,000000000f4919c9,27.28
345,2019-08-04T11:06:00Z,f78ef2ddbe48b534137498eab56c0a55ec0e0b1d8868e82cb5652a0e,60.14699,24.922,00000000a53ed894,2.8
346,2019-08-04T11:06:00Z,f7be7d003528c0c0827040a3a3723e49406a5a7c86cb4bc568a830db,60.17002,24.94407,000000006b087f40,16.1
347,2019-08-04T11:06:00Z,f855918d61069661cbf8633b228a5fb9e5cd5ea7b2946bfc5b9fc315,60.16829,24.94214,00000000afef4555,9.12
348,2019-08-04T11:06:00Z,f95b51e113af178a85194f6d86a20f88ce27b304e6bbcace8d314e39,60.16762,24.95415,000000006b44cce7,16.1
349,2019-08-04T11:06:00Z,f9ed4361c378e7c740818b0c356acbffa4a161af2ffbecb803ace9b7,60.173,24.92524,0000000096918cfa,21.87
350,2019-08-04T11:06:00Z,fa1579394f4980e1fe11248f7be4e646b601a3d8cdb9361f182d066c,60.16762,24.95415,000000006b44cce7,11.7
351,2019-08-04T11:06:00Z,fb031ac2f03c17c2e6652d395798c7f068543826d9ca8ca426b6da75,60.16762,24.95415,000000006b44cce7,25.36
352,2019-08-04T11:06:00Z,fb37b263777ffcf7fe1fb6484821cae2b8beb03b5f5009109748dedb,60.16762,24.95415,000000006b44cce7,12.69
353,2019-08-04T11:06:00Z,fbccaff441d52a5aeba79ca785ef499aa8ce201503787c329885a565,60.16897,24.95222,00000000aa852af1,23.56
354,2019-08-04T11:06:00Z,fbd28054e4a5478c8ca06f4d682405d1c59bef4853cad413ecb58d13,60.14699,24.922,00000000a53ed894,17.4
355,2019-08-04T11:06:00Z,ffb7319984ecae155652e100da9b204f0b92f3b6c7239cfea4dcf966,60.14699,24.922,00000000a53ed894,23.56
356,2019-08-04T11:06:01Z,0152988639aaaa9cc27213280c8f0c0c8ec97ae6a45aaaf743c9c25d,60.16544,24.95398,0000000038d83d41,29.32
357,2019-08-04T11:06:01Z,09a0d89e977eac08cb8877af0472d861a9c86439072251d53a13d931,60.16829,24.94214,00000000afef4555,16.1
358,2019-08-04T11:06:01Z,09ddbf38333e76a79fd836112bd8c3f8bf7f3dadfb3d49945ad4c486,60.16897,24.95222,00000000aa852af1,4.11
359,2019-08-04T11:06:01Z,1142f5b6806b1ec7d8d47d47013eb530d8a7418f6934d8867b20966a,60.16829,24.94214,00000000afef4555,23.56
360,2019-08-04T11:06:01Z,126e7fa4dd9205201617bdc0c7c346bfb57e1a75d3d7d3d9c260d51b,60.16629,24.95957,00000000fb7600be,20.28
361,2019-08-04T11:06:01Z,128f1b89d7a534aa206a7823b692594bbd4d349761baa04c0fc72f2c,60.14947,24.91438,000000004ef3150d,5.91
362,2019-08-04T11:06:01Z,14c7e1511b70f4dd3359cbece1377aebb4d70531f5489eefe53d7c3c,60.16544,24.95398,0000000038d83d41,23.56
363,2019-08-04T11:06:01Z,165ebbb4090d47319ae370f0d0854fdc1f6b79499f8b2e4d3c3533c0,60.16544,24.95398,0000000038d83d41,23.56
364,2019-08-04T11:06:01Z,25a7ff811c3c06e426c7c2cbb0433d9a2a3399b23afecbd35584ab0f,60.18203,24.91341,00000000342570c2,14.89
365,2019-08-04T11:06:01Z,269109af99b12861eeb19ab8698033d9c00895687da47af3f4310e9d,60.16762,24.95415,000000006b44cce7,6.46
366,2019-08-04T11:06:01Z,26926e4be2b08babaa561e74c2b488d25d4441f931b0695977758f63,60.16544,24.95398,0000000038d83d41,23.56
367,2019-08-04T11:06:01Z,32dd92b5a658392a4ec84eaf95152ee72258b6b0fb670b97882ac902,60.16829,24.94214,00000000afef4555,8.38
368,2019-08-04T11:06:01Z,36ed7dae18843556133f8495d64860d2f651ce36ea9e2e57f2336579,60.16629,24.95957,00000000fb7600be,29.32
369,2019-08-04T11:06:01Z,3b5cafe90982db26cf737b2e4cd4275276f6a031bca3b2a1f73023b2,60.14699,24.922,00000000a53ed894,16.1
370,2019-08-04T11:06:01Z,3fe5f4ccfa5c777ceafda0674d7c9da6f509f6694b4c2fa254b32e73,60.16897,24.95222,00000000aa852af1,14.89
371,2019-08-04T11:06:01Z,44d0b94469070803869f229601e877beb613c3f5aafa009addf97a1a,60.16544,24.95398,0000000038d83d41,20.28
372,2019-08-04T11:06:01Z,4656bad9b5e6dfc3977eca308fc1db3dbf8b0204b90d09b001da242e,60.1638,24.96846,00000000d747f075,21.87
373,2019-08-04T11:06:01Z,54f040219b954e68101c83a5a6bacf046961c7a1d9a779fa291fa47b,60.16531,24.9442,00000000fdda10fe,21.87
374,2019-08-04T11:06:01Z,5d65719c4cbf045f068d084b72302f447d5fd034413d97d13be00d0e,60.18203,24.91341,00000000342570c2,20.28
375,2019-08-04T11:06:01Z,5eed115a984d490b02b602d73787aee8dc8c4e9365b77fbff3818a76,60.16629,24.95957,00000000fb7600be,14.89
376,2019-08-04T11:06:01Z,69219e9efa41ae9e732653e9eaf08e1a34cb853a9dafe76ddeea4d04,60.16897,24.95222,00000000aa852af1,20.28
377,2019-08-04T11:06:01Z,6a70e2fbced719333e21eff04fcb9cb36bae9a04d1a3d6ddd96f2c58,60.15432,24.9211,0000000019fb59c4,5.41
378,2019-08-04T11:06:01Z,85ef35aecf2ff804be3d958b592705ec41c6df9c128c132c65bb283d,60.16897,24.95222,00000000aa852af1,27.28
379,2019-08-04T11:06:01Z,87dfaad29a9276ddddb1fa021d3bc23ad14824c1af16f7d87e713689,60.14951,24.92138,0000000006dd41f6,9.12
380,2019-08-04T11:06:01Z,88808fe92573e9cdf022cc15b9689b6b4b9429f60513c8897b0ba4c7,60.16897,24.95222,00000000aa852af1,21.87
381,2019-08-04T11:06:01Z,8c3b1ed0846e38cc84b863a80540c8a75bfd85c8bdda36563d153110,60.16544,24.95398,0000000038d83d41,20.28
382,2019-08-04T11:06:01Z,8c75c3289c84fe4493e1e272a77b615fe1985880c5dc68a7c1a17b53,60.16762,24.95415,000000006b44cce7,13.75
383,2019-08-04T11:06:01Z,92a4351b20078e469332532ec495e838559c62590b166cce41762939,60.16897,24.95222,00000000aa852af1,20.28
384,2019-08-04T11:06:01Z,92aae21a6e0dd2ff71fc591b64e878502bd4677b64ac413632e9f7c6,60.149,24.9843,00000000fffb8cf0,12.69
385,2019-08-04T11:06:01Z,9843c6216661048343a0e49cf3d8aa2883cf77f452666a1c873a1052,60.16448,24.97323,0000000053c6c2be,13.75
386,2019-08-04T11:06:01Z,9992834418850939882f3b334eee492eb98d4f9d6d6118f9ee108793,60.16762,24.95415,000000006b44cce7,2.54
387,2019-08-04T11:06:01Z,9c8556ea519835172f09c20e7688066eeec8e7f74a0c6fa3df3d9c5f,60.16829,24.94214,00000000afef4555,17.4
388,2019-08-04T11:06:01Z,a13e5d46f0a2d1c6b58878e1b198905e9b14e3a85b5e4adab88b4b87,60.16762,24.95415,000000006b44cce7,13.75
389,2019-08-04T11:06:01Z,b5fd6b317890e5ab2d79e2cd1abe61626d45a753c7337d0d40728898,60.16762,24.95415,000000006b44cce7,12.69
390,2019-08-04T11:06:01Z,b936e41d8712ae967f3ebb413fc44f060bb10613f95537757886ede2,60.16762,24.95415,000000006b44cce7,17.4
391,2019-08-04T11:06:01Z,c40c37def6bf11a63a2556519a7c6233fd417cdeea2cf14f28e7c42c,60.16531,24.9442,00000000fdda10fe,16.1
392,2019-08-04T11:06:01Z,c97eb4181394121907d47b908495f54e5ee5145ff790f7a1dc21b3cf,60.16897,24.95222,00000000aa852af1,10.78
393,2019-08-04T11:06:01Z,ca6927628f5ddda20036865c9345ad93d476d62ade3b181de568eed6,60.16897,24.95222,00000000aa852af1,21.87
394,2019-08-04T11:06:01Z,cf05623e4d87ce0906c0b0b7dbf53aacc1228016cd27c341228b6e76,60.18203,24.91341,00000000342570c2,17.4
395,2019-08-04T11:06:01Z,cfc0bedb78ded52749db3188cb188bf6a250ef5990da9c5afa9623fc,60.14951,24.92138,0000000006dd41f6,23.56
396,2019-08-04T11:06:01Z,dbeb00942457ba3c5fb1984b57b1dedb268c0e761e80729b939f1fd8,60.16544,24.95398,0000000038d83d41,17.4
397,2019-08-04T11:06:01Z,e224ae5ea47af2e3048f83b13a1f45dc135c0ca6be72547b01729086,60.1538,24.95595,0000000038bf9618,25.36
398,2019-08-04T11:06:01Z,e6af35ebe4c87f166821f11fad668537305c0f52d192e9c4d308eaa9,60.16075,24.95883,00000000f1124bca,13.75
399,2019-08-04T11:06:01Z,e8e366e76c97944e23c0f80b4fd3ce6e5832744922297146a49f0c7e,60.16762,24.95415,000000006b44cce7,12.69
400,2019-08-04T11:06:01Z,e96bd269a48b822b06141c3362fcb6d5ed4d0d09a120f2e4a712d5c2,60.16897,24.95222,00000000aa852af1,21.87
401,2019-08-04T11:06:01Z,f088630d7476dae7d4b7e2bb1f10575f2c89acb4b6e061f3d57c2b40,60.16531,24.9442,00000000fdda10fe,25.36
402,2019-08-04T11:06:01Z,f30a5193aa7850aac581b8dd71512a8712c96f36fdef78d8292d4788,60.16762,24.95415,000000006b44cce7,3.09
403,2019-08-04T11:06:01Z,f31cfded6f566f9c032c80c52ea642407be312c5d42521ab7a8d3e2a,60.16897,24.95222,00000000aa852af1,18.79
404,2019-08-04T11:06:01Z,f405a7c4a3a4339f8e3f7e552f6492d6eed76f7d08c54943286213de,60.16762,24.95415,000000006b44cce7,12.69
405,2019-08-04T11:06:01Z,fc4f3a44235f1cfc7b53f14ba2da599976a5a0a220d23b852688e485,60.17919,24.95181,000000007b5207b6,5.41
406,2019-08-04T11:06:01Z,000888f4e876e6cb8d50b0bb1a3deaee0655733968eb5065d779e88e,60.16762,24.95415,000000006b44cce7,14.89
407,2019-08-04T11:06:01Z,0236a1d5b9b9d2249407a79705eee38de360ceb0530a8959ba5bc15b,60.149,24.9843,00000000fffb8cf0,11.7
408,2019-08-04T11:06:01Z,02a354db29cd5bc16976a9d933e03a41be350f9cc78098829a7dcfd4,60.14947,24.91438,000000004ef3150d,29.32
409,2019-08-04T11:06:01Z,0495ba0a1c04e0262f37eaa32084a173acc00638a16e76bb922b97dd,60.16762,24.95415,000000006b44cce7,8.38
410,2019-08-04T11:06:01Z,0625280cf414aa015aa8b4d504d6fc74879a1144b913e254fec5db9d,60.16762,24.95415,000000006b44cce7,7.05
411,2019-08-04T11:06:01Z,0656a0c0a353f164b57fbdd9e648d71fab429964d97ed07ab2c5dc30,60.18203,24.91341,00000000342570c2,21.87
412,2019-08-04T11:06:01Z,07736b3f5deab4e1b7812473c78389d5152eb6e95aeb6b23741c90d6,60.16762,24.95415,000000006b44cce7,18.79
413,2019-08-04T11:06:01Z,08833115ba0f62666fee594662c171563759459bb5f65ffdfeaeaed1,60.18203,24.91341,00000000342570c2,21.87
414,2019-08-04T11:06:01Z,08b10b51864dc039f0a07c997e66e7a263ee1cde5b0b88b2a1178c58,60.16829,24.94214,00000000afef4555,8.38
415,2019-08-04T11:06:01Z,096c3b0de1dab1407cd4d3330546404c0d62ce025924420496380f89,60.16762,24.95415,000000006b44cce7,14.89
416,2019-08-04T11:06:01Z,0a949aafc0be15c68d73a5dd186d726aa6b921f44303a712ac6ddcb8,60.16762,24.95415,000000006b44cce7,9.12
417,2019-08-04T11:06:01Z,0af61169cceddbd5c08068ba987231f31931944ac70a7335e59fce93,60.16897,24.95222,00000000aa852af1,29.32
418,2019-08-04T11:06:01Z,0b45b52bc137c31ce83561c857f809296ec70f5537976a4a4d573d4f,60.16829,24.94214,00000000afef4555,4.94
419,2019-08-04T11:06:01Z,0b49dcea1b7eab22f4ebd0c7666ded5b59fe092b8bdd4aa9eda6326d,60.16762,24.95415,000000006b44cce7,1.88
420,2019-08-04T11:06:01Z,0c959027ce302054b09087cac97a83aa7e24fb9e4fa2710763f912cb,60.16829,24.94214,00000000afef4555,7.05
421,2019-08-04T11:06:01Z,0d2490ed58c11eb4a754a30cc4bcb21c7243d322a2caf7cc360e4e8c,60.17065,24.93641,000000000f4919c9,14.89
422,2019-08-04T11:06:01Z,0dc12f22306d5f6622fc786011f32f1961a5f94018be9c2236fb2e52,60.14699,24.922,00000000a53ed894,18.79
423,2019-08-04T11:06:01Z,0e113c5ed3abcdfb31d27c3125f6cf01e3b96e4ed7eca1aaea855f77,60.14947,24.91438,000000004ef3150d,14.89
424,2019-08-04T11:06:01Z,0e3bcec531b83d72df713981bece9d261112230cdc7831774c5643c0,60.16829,24.94214,00000000afef4555,20.28
425,2019-08-04T11:06:01Z,0e9170bc93107bf16cd12839eca9ea157f19169d66085e8a435b0f1d,60.16762,24.95415,000000006b44cce7,16.1
426,2019-08-04T11:06:01Z,0fd26c6e46f4d73b276223942e56c38bc9b8e4566239f8a77261657b,60.17002,24.94407,000000006b087f40,21.87
427,2019-08-04T11:06:01Z,116e59da308964e8eb82cb6e5a758aad726ec3800f0fa17bc661e8fe,60.16762,24.95415,000000006b44cce7,7.69
428,2019-08-04T11:06:01Z,118cffafccf902fa0dea50f220191f4eb7938f02c841bd3952fa3484,60.16762,24.95415,000000006b44cce7,13.75
429,2019-08-04T11:06:01Z,11c264249f83fc707e11ecd1ddb07b5e7c5f9404e285127ad7321303,60.17002,24.94407,000000006b087f40,23.56
430,2019-08-04T11:06:01Z,12012b94f1e57f1b0126052cc11a3bff3eff24467afa8d67d041fe16,60.17002,24.94407,000000006b087f40,33.81
431,2019-08-04T11:06:01Z,131e957246fc0b45d57e5b4089db7d6a4efaa84772af906d65b45c63,60.17002,24.94407,000000006b087f40,18.79
432,2019-08-04T11:06:01Z,1327ce24f157334f864f913637993c80380ce5f5c911e4b0d31c5eb7,60.149,24.9843,00000000fffb8cf0,14.89
433,2019-08-04T11:06:01Z,1374f31e71652faf3e69316a295c22d59e560f15e35f42b003a89222,60.14699,24.922,00000000a53ed894,7.05
434,2019-08-04T11:06:01Z,13b0a8ca1414d7b2b0e8d5f80069a5d26c6f62a68b58eda25a4b85f4,60.16829,24.94214,00000000afef4555,5.91
435,2019-08-04T11:06:01Z,19db84758eba08a5f9bb56b0ff91d05286765c8e8dfa31bd0b2aaa1c,60.14947,24.91438,000000004ef3150d,18.79
436,2019-08-04T11:06:01Z,1a623175e52f0b1da44bc24027c8d374dbd7710157b6a78e417b7cda,60.16762,24.95415,000000006b44cce7,20.28
437,2019-08-04T11:06:01Z,1c8c3befa38b65f707dd4933a68e5e3c9e7c82592fd382779127416b,60.16897,24.95222,00000000aa852af1,16.1
438,2019-08-04T11:06:01Z,1d2b653234b9c0a44e3cffeb3382ad1ee186f269c5961d01e4e0c09b,60.16762,24.95415,000000006b44cce7,25.36
439,2019-08-04T11:06:01Z,1dacfb371d75dd4f90f447aac2a00faad98beb4188a6971c19eb2375,60.16629,24.95957,00000000fb7600be,27.28
440,2019-08-04T11:06:01Z,1de509b10ed308796e82bb0f51f17f68e2fdfbcc3d6bed69c40eb7fd,60.173,24.92524,0000000096918cfa,33.81
441,2019-08-04T11:06:01Z,1fa2c533bba37b249a0105001153733e67a559d40c22cab67f135f64,60.14947,24.91438,000000004ef3150d,3.74
442,2019-08-04T11:06:01Z,2136558e0a9a89ed5aa044485a8e31bff3b7e5acf38c645a06782afd,60.16448,24.97323,0000000053c6c2be,27.28
443,2019-08-04T11:06:01Z,227b93698b29687beea48184f42aab63a21fa362af7251be32db2e15,60.16531,24.9442,00000000fdda10fe,3.09
444,2019-08-04T11:06:01Z,23b4a8c7918ca417eab83481a710fd544e1fa8bf7073b5955c0155c8,60.14699,24.922,00000000a53ed894,20.28
445,2019-08-04T11:06:01Z,23b7c1b09dfbcbf722a4c48303dd0435cf9885a516d5eebb6538844f,60.16762,24.95415,000000006b44cce7,11.7
446,2019-08-04T11:06:01Z,2535cb5c89ec66044a005b03dd769ca8d0022164a816c06db0e49892,60.16762,24.95415,000000006b44cce7,8.38
447,2019-08-04T11:06:01Z,2671a156fa8d8bb05970481c8f83bcf9f261f73dae27f2bb9ac88aeb,60.14699,24.922,00000000a53ed894,10.78
448,2019-08-04T11:06:01Z,27052b4dc21318eee25b7afdbe088c8d15e13ec11ac339166b209e58,60.18203,24.91341,00000000342570c2,18.79
449,2019-08-04T11:06:01Z,2724e42551f43106ea58a8fcc6a43953baa1294cd65e17a90012f706,60.17065,24.93641,000000000f4919c9,0.84
450,2019-08-04T11:06:01Z,277125506ba4ea1afb2c696256b262e0708d43c30c769a1d4a382a76,60.16762,24.95415,000000006b44cce7,9.12
451,2019-08-04T11:06:01Z,28741c2e5e348fe81dec0518a21c0930c98a25b6fcece61a262d50de,60.14699,24.922,00000000a53ed894,23.56
452,2019-08-04T11:06:01Z,29f5adc4d67413b7d368e8e94a41cf48339e3f5f0903f660170c4fe8,60.17919,24.95181,000000007b5207b6,21.87
453,2019-08-04T11:06:01Z,2c85e4140ca0ba77c3598ceac05eb2c2342409ce8111c863fc58c606,60.16829,24.94214,00000000afef4555,3.09
454,2019-08-04T11:06:01Z,2ccaeb30423977ff22b6afc29243b861b476a5f4ffafdf200d326d78,60.17002,24.94407,000000006b087f40,11.7
455,2019-08-04T11:06:01Z,2de87ef94604fb63bec05eefb71b6cdd0b9807f8551159c2a35e7259,60.17065,24.93641,000000000f4919c9,4.94
456,2019-08-04T11:06:01Z,2f83e4cad2d924faecb3def25f54727f3e612bc5040c493dd6eccb1d,60.16897,24.95222,00000000aa852af1,13.75
457,2019-08-04T11:06:01Z,2fe2e4165984d7880628aec591ce4747f18947da70312e6afca2946b,60.14699,24.922,00000000a53ed894,9.12
458,2019-08-04T11:06:01Z,30bee351808d5e8082ce012b57f5bc0efc80f8394491a182e0eeee32,60.17919,24.95181,000000007b5207b6,17.4
459,2019-08-04T11:06:01Z,31659a798f1d780d587f07390c038a78fafa6cabb8180dba635863ce,60.17002,24.94407,000000006b087f40,16.1
460,2019-08-04T11:06:01Z,3226c88241c6ac9d643c1843f44b6e5ee10df5f15a695e360582a9be,60.16829,24.94214,00000000afef4555,20.28
461,2019-08-04T11:06:01Z,33a5da4eacfc49fefa067790c9fada1a86d9793367ded845a46f0779,60.16829,24.94214,00000000afef4555,27.28
462,2019-08-04T11:06:01Z,3417d8a6b53687e70f126ebeb1d26a2ff6369dc9a551c3c35c5a04f9,60.17002,24.94407,000000006b087f40,27.28
463,2019-08-04T11:06:01Z,35f337dd3baf0bc08002ec007d609b685ac29bb2a8bcad6783532a6b,60.16829,24.94214,00000000afef4555,12.69
464,2019-08-04T11:06:01Z,3670a148a52771f0ff5af161725f65b86873c09eea1a7697861c0438,60.14699,24.922,00000000a53ed894,12.69
465,2019-08-04T11:06:01Z,374083907dd8980893623726af5633afd59b519c885ad12ba5c674eb,60.17002,24.94407,000000006b087f40,5.91
466,2019-08-04T11:06:01Z,386dea4944e0b83648b4b6faf510fd47b0e9e29a2bb9311fe8a80ee2,60.17918,24.95141,00000000675d5200,14.89
467,2019-08-04T11:06:01Z,39c9d30b80710a43fec384e46b7d6f0e313f1190c9e4f1870681e68f,60.149,24.9843,00000000fffb8cf0,31.5
468,2019-08-04T11:06:01Z,3a76f6d955c079b2410253f5b20f24eaa5099a15abfd491daf0dff0f,60.16897,24.95222,00000000aa852af1,13.75
469,2019-08-04T11:06:01Z,3ac9d056b0f04f774b238a125eb996d46437f7a8c5f6ba6712e971cf,60.17919,24.95181,000000007b5207b6,25.36
470,2019-08-04T11:06:01Z,3ae1d5a2268ac1af52ba8b54fb28f81c00fa05884af8b8ca5e7e0e9a,60.16762,24.95415,000000006b44cce7,10.78
471,2019-08-04T11:06:01Z,3b355c039877bd4883845f3fc6ad8dd6f41f170274042f1397585680,60.149,24.9843,00000000fffb8cf0,14.89
472,2019-08-04T11:06:01Z,3b5030adc7c303403a6333a1a6d35474c2f21c1d20ece72180660423,60.14947,24.91438,000000004ef3150d,13.75
473,2019-08-04T11:06:01Z,3bd8214bd5284efaf354ec2a0dd2847f6051ceaace6a2691ff085d3d,60.17065,24.93641,000000000f4919c9,25.36
474,2019-08-04T11:06:01Z,3c7df7d16658abc47ed9e66342a99269fee33785ea550021877f84a4,60.18203,24.91341,00000000342570c2,25.36
475,2019-08-04T11:06:01Z,3daa2205b02453faa04e23c0bf80d6d22d657277425f07e4fc424dbc,60.16762,24.95415,000000006b44cce7,9.92
476,2019-08-04T11:06:01Z,3e36420df19c06796a79acdad84551653de9b0132cb0987329f75291,60.16897,24.95222,00000000aa852af1,18.79
477,2019-08-04T11:06:01Z,3f5d3aed90718f7fb8e8a13ac7002718cc22cbe190beb96821ba52e6,60.17065,24.93641,000000000f4919c9,16.1
478,2019-08-04T11:06:01Z,3f67c6713a6cca446a46616c9970c7a2ddffb03f21e10c8ea9b2f380,60.16897,24.95222,00000000aa852af1,18.79
479,2019-08-04T11:06:01Z,40b98e7445617581067a41524181e8b6995ea4ee6c82ae2ba93db3cb,60.173,24.92524,0000000096918cfa,25.36
480,2019-08-04T11:06:01Z,418e60b0ee35b014e7a8a378f3491cf2333e2a022ba6ec632170228d,60.18203,24.91341,00000000342570c2,16.1
481,2019-08-04T11:06:01Z,430556d4eef13a613b121237f9ab54ee052861f79a950f54e0810dab,60.149,24.9843,00000000fffb8cf0,23.56
482,2019-08-04T11:06:01Z,432958e5f91b194ed39814ae223cb394d224ebfb26e5c1a5e587ae41,60.16448,24.97323,0000000053c6c2be,29.32
483,2019-08-04T11:06:01Z,439ff6b8ff9dc79d47e223164a87fc2d620f29bc7ea1bc7ea4c5cc58,60.16897,24.95222,00000000aa852af1,21.87
484,2019-08-04T11:06:01Z,44703b8dd01d3bd79585c9c7e12217e1ac152f86e2b0c9ed6be4bc19,60.16544,24.95398,0000000038d83d41,16.1
485,2019-08-04T11:06:01Z,44cd8828dd4aa11ea599139af3d3aafbcd09ca0c2558f26ed1c72e17,60.14699,24.922,00000000a53ed894,10.78
486,2019-08-04T11:06:01Z,44d01b24bde0f8031d7cf15bb66e661ad9bd92807f3213fabf920fa1,60.16762,24.95415,000000006b44cce7,4.5
487,2019-08-04T11:06:01Z,45974834f8580a2d279e57d00bf84ad9b79ed02d5ca9d945c40a8e36,60.16762,24.95415,000000006b44cce7,7.05
488,2019-08-04T11:06:01Z,465eab28635efe98500085ceb161cf941d02272a0107fbbfb2203c29,60.16829,24.94214,00000000afef4555,7.69
489,2019-08-04T11:06:01Z,46b576e18e757fc4ec008b41d3c28ec5415a2c2c2f143042e5413137,60.16762,24.95415,000000006b44cce7,7.05
490,2019-08-04T11:06:01Z,478830e26b1b9314c3f35b4ca62aba9828872733abbc7f32b78daac3,60.16531,24.9442,00000000fdda10fe,33.81
491,2019-08-04T11:06:01Z,47eccbfb2db7bb200aacfdad7243168bd30714cc78da342bbe53df7b,60.16629,24.95957,00000000fb7600be,25.36
492,2019-08-04T11:06:01Z,47f787c639f2eed345eb5dca409ffcd989850399a1ab781500dd6e82,60.17919,24.95181,000000007b5207b6,14.89
493,2019-08-04T11:06:01Z,4800d49ec59e1cde34360defcce4c2a0c6a58919303c1fe6fdebceec,60.16762,24.95415,000000006b44cce7,10.78
494,2019-08-04T11:06:01Z,4833b1ea4f519407574f5a838d93a39de28c756c5f53de7ee273b577,60.14947,24.91438,000000004ef3150d,8.38
495,2019-08-04T11:06:01Z,49b391c05bd4e5231579392d798036a0139a8ea4e4d4509a7cb3901f,60.16829,24.94214,00000000afef4555,3.4
496,2019-08-04T11:06:01Z,4a54cbed9c373a4136f8851f3f5736eb2fadd5766d316eb5ebbdd231,60.17919,24.95181,000000007b5207b6,7.05
497,2019-08-04T11:06:01Z,4a698fc07c15af1bfd89d96e9aac18365182e3a4d854f729ffa11bb7,60.16531,24.9442,00000000fdda10fe,21.87
498,2019-08-04T11:06:01Z,4ae4a5331747d994953667cd06d4c999d9cf71885574c3cc473620f8,60.16897,24.95222,00000000aa852af1,17.4
499,2019-08-04T11:06:01Z,4b5b3e8f2b484bc08b196c265f65c70151bd69f6263318eb29125db2,60.16829,24.94214,00000000afef4555,6.46
500,2019-08-04T11:06:01Z,4bb6e0c5d2fab888f3f0b8001d87db8152c8c44f64934c028f4f0fba,60.16762,24.95415,000000006b44cce7,17.4
501,2019-08-04T11:06:01Z,4cf634fc84e128c3b9bce07a4b726d136e18f0eea4229fdbb48f6db1,60.16897,24.95222,00000000aa852af1,11.7
502,2019-08-04T11:06:01Z,4d31b0561dbfc9ef5acbd44ba92acb4ca7bad86b948634f005173ece,60.14699,24.922,00000000a53ed894,8.38
503,2019-08-04T11:06:01Z,4d95977cc2761ce4ca31c2cb88c4f3340ef541d7131cd48f10378aac,60.16762,24.95415,000000006b44cce7,23.56
504,2019-08-04T11:06:01Z,508ee0778f7d5571ac4aa05211272911339b293ff62069f14cd4aa0a,60.16897,24.95222,00000000aa852af1,20.28
505,2019-08-04T11:06:01Z,52ca3ac5f0a00a82a02d8245c8d7527d59a77722572efe60e9cd481f,60.16762,24.95415,000000006b44cce7,11.7
506,2019-08-04T11:06:01Z,52daa31a2b3c1c07f78d96ebb4de3a965da5ef0a8035afbd0f7451fb,60.16531,24.9442,00000000fdda10fe,18.79
507,2019-08-04T11:06:01Z,52ebd53e0477c70dd129c946d58792e5069c7db14c369581ee07ed33,60.16762,24.95415,000000006b44cce7,14.89
508,2019-08-04T11:06:01Z,541f330d2ded03609f551d02b8149da9cd07ee36aeee630f8fc9de8c,60.14699,24.922,00000000a53ed894,17.4
509,2019-08-04T11:06:01Z,542a405b620e6d166ecc5eadd979b3936d831cea3aa7b75316adb4ca,60.16897,24.95222,00000000aa852af1,36.27
510,2019-08-04T11:06:01Z,54d53f276563f566e1cd61b100408412cf78b4fe9fcada830aa6e23b,60.14947,24.91438,000000004ef3150d,29.32
511,2019-08-04T11:06:01Z,5518b2315c236d486c7a5a4fc27c44987672b2f9a0751ffdaa9cbf78,60.16829,24.94214,00000000afef4555,5.91
512,2019-08-04T11:06:01Z,55f047531784bdfb349239ad705090dfe4fce836942569dac1d34cd3,60.16762,24.95415,000000006b44cce7,16.1
513,2019-08-04T11:06:01Z,56318cc7f3616fceec2564cbb1f6ca8b88ea861935a1ada93aafd7b0,60.16897,24.95222,00000000aa852af1,8.38
514,2019-08-04T11:06:01Z,571934189bf349efb6f596e76c21612cf9b82ed44913090169936048,60.17065,24.93641,000000000f4919c9,9.92
515,2019-08-04T11:06:01Z,579ea129e99082446da0a3f358091546de1f8b2db0feb92b86d25a89,60.149,24.9843,00000000fffb8cf0,18.79
516,2019-08-04T11:06:01Z,57c18d130ad69349b277ca5c9a8d08b8052199b006fd962607a95ba2,60.16762,24.95415,000000006b44cce7,20.28
517,2019-08-04T11:06:01Z,586f70961bf72597ce00f89d3602178ecc6ac8838a8acec48bba7f9f,60.14699,24.922,00000000a53ed894,14.89
518,2019-08-04T11:06:01Z,59b87e6921598d25b092b66e140328fa03c9f06fe4e697dd344f378a,60.17002,24.94407,000000006b087f40,18.79
519,2019-08-04T11:06:01Z,5a755f0653ee0e334448418099ed85023db0a9984c280cfbadd74160,60.173,24.92524,0000000096918cfa,18.79
520,2019-08-04T11:06:01Z,5b1df59a8f10fc0c1548e114caf6a457ff880d853d529f675372b0b0,60.16762,24.95415,000000006b44cce7,11.7
521,2019-08-04T11:06:01Z,5c404f374a48548bfe8b02859d12ae59c4ae608fae2139fd71ef51b1,60.16762,24.95415,000000006b44cce7,10.78
522,2019-08-04T11:06:01Z,5c798cfce5c54635a97e4a1dde3eefa69af467a0579ff2504ca2d988,60.16829,24.94214,00000000afef4555,27.28
523,2019-08-04T11:06:01Z,610d37641cb326502fe1981e6312ae786d40bfbdae28e94223958480,60.16762,24.95415,000000006b44cce7,12.69
524,2019-08-04T11:06:01Z,6138e6ab3e1e74425af8945a6fcc294c1469a0b9c448b780bcf9d2e2,60.14699,24.922,00000000a53ed894,13.75
525,2019-08-04T11:06:01Z,62cac4a0e252305e1128942dc3ec48baaa514c6737c415f85abb3665,60.1538,24.95595,0000000038bf9618,27.28
526,2019-08-04T11:06:01Z,62d86ee13e6ae7a5c41ffc2de746df72d4ef6e8d2b6a51ce1c68965f,60.16829,24.94214,00000000afef4555,21.87
527,2019-08-04T11:06:01Z,6322c32adc9b2822352856beddebff48bcee2ac06c326509646a1c6b,60.16531,24.9442,00000000fdda10fe,29.32
528,2019-08-04T11:06:01Z,6656d2ce0a18f92aca4d99810ecaefe94dbe9a0e2ea987f1702aeecb,60.16762,24.95415,000000006b44cce7,11.7
529,2019-08-04T11:06:01Z,66755836036c771e53ffd9d0dc09b8575231b53b80af22e868691a2a,60.14699,24.922,00000000a53ed894,4.5
530,2019-08-04T11:06:01Z,675c19fa88e446a423d3396a15abe22971d1ce207ada2ca102fb7189,60.16897,24.95222,00000000aa852af1,13.75
531,2019-08-04T11:06:01Z,67b49046c3bb96e9e2f8d9396871ed7976dd35efb6c386141325f95a,60.16897,24.95222,00000000aa852af1,11.7
532,2019-08-04T11:06:01Z,69158bfbcf8399435cc52d623b530dc75089182b7ab05efb64e64021,60.15432,24.9211,0000000019fb59c4,27.28
533,2019-08-04T11:06:01Z,69852d528034ea6fc746ed8942c32f1c90bc33a7a7317dfac3c9b1c1,60.14699,24.922,00000000a53ed894,14.89
534,2019-08-04T11:06:01Z,699b48bb93c5befb62ff0686e75f158406b659f14daec16ab66d4499,60.15432,24.9211,0000000019fb59c4,20.28
535,2019-08-04T11:06:01Z,69a36b732dac1dd72110238cd408aa2102972a3d9f574595c0f50e42,60.16762,24.95415,000000006b44cce7,17.4
536,2019-08-04T11:06:01Z,69d8c906060e226ff0f0f7e78029575f2ee07ebec657a3b641419268,60.14699,24.922,00000000a53ed894,4.94
537,2019-08-04T11:06:01Z,6a611aaa1fa77baf03191f0143c2a00dd06c9730c67d30c1eb06afcc,60.16762,24.95415,000000006b44cce7,14.89
538,2019-08-04T11:06:01Z,6ac1903c80e63433e4bc744dc0e801bff647117d38d3753fb9a6a4c1,60.173,24.92524,0000000096918cfa,12.69
539,2019-08-04T11:06:01Z,6c3dd68b68d5b3caa20f92e5ea004b0298abbddd5e35caca508262e9,60.16448,24.97323,0000000053c6c2be,31.5
540,2019-08-04T11:06:01Z,6c97da4ba9462e7fe786a472989dab23340d31809dd78d5617204da4,60.16829,24.94214,00000000afef4555,14.89
541,2019-08-04T11:06:01Z,6e2fbf091d5c86667e060d7ec44f48f0f5d7b1d55b1899f2939f247a,60.16762,24.95415,000000006b44cce7,11.7
542,2019-08-04T11:06:01Z,6e492dbc3f10157e7ff00826a839a97262ab36244ccc57b702a89999,60.16531,24.9442,00000000fdda10fe,5.41
543,2019-08-04T11:06:01Z,6ed478b9924df6bb6e6abe0b376f750b2c4abd0bf4f3d32b71b07446,60.16829,24.94214,00000000afef4555,17.4
544,2019-08-04T11:06:01Z,70ffae2b8178e0915c5de7816f8dd8bcc3af745ee49df8ac4da4adba,60.17918,24.95141,00000000675d5200,18.79
545,2019-08-04T11:06:01Z,71516fc8349cfaf2b5c4ab80ade6078494d93d13e9953af15e5ced30,60.18203,24.91341,00000000342570c2,10.78
546,2019-08-04T11:06:01Z,738973c9b5f9882f29075e47ca10e50ba3fb9883da779f41545175f4,60.17919,24.95181,000000007b5207b6,8.38
547,2019-08-04T11:06:01Z,7484ecf89e24efb4a366562730f7341391f930dad7b216184022d0da,60.173,24.92524,0000000096918cfa,20.28
548,2019-08-04T11:06:01Z,74c2ec2adc228e5b4979284d730fd2de698242f0f06d90f870b8cde6,60.16762,24.95415,000000006b44cce7,1.38
549,2019-08-04T11:06:01Z,75062842e96b60c5ae6c51127f8160e69256c2eb1a6f33771f8f0bdb,60.16829,24.94214,00000000afef4555,27.28
550,2019-08-04T11:06:01Z,7552783317be1ef797980c3a9ee9c5967d4e7b32765f23c51ffda02d,60.16897,24.95222,00000000aa852af1,21.87
551,2019-08-04T11:06:01Z,79773ee1ebdf8252053d8ffb326b77bb05a7cdb76041102e73d3767c,60.16762,24.95415,000000006b44cce7,9.12
552,2019-08-04T11:06:01Z,79bde23c1a8980f93a65e14306f0d8ea89e164430d8b991e2bfee82e,60.16531,24.9442,00000000fdda10fe,25.36
553,2019-08-04T11:06:01Z,7a7443a2060675f4b9755ab53cca1f1053bdfe0e4f98acd95b61544b,60.17065,24.93641,000000000f4919c9,20.28
554,2019-08-04T11:06:01Z,7afc351f0ed7619c18c64ab06971196bb53d53e2d460151ab711bc0f,60.16762,24.95415,000000006b44cce7,7.69
555,2019-08-04T11:06:01Z,7bb434564bd2430d4e1fff5a245098d487317d3e7e7edde956307d45,60.14951,24.92138,0000000006dd41f6,27.28
556,2019-08-04T11:06:01Z,7c0622333c8795e1c2889943aba044b95226cbe3c444361da8f8d40e,60.16897,24.95222,00000000aa852af1,18.79
557,2019-08-04T11:06:01Z,7c55ecf165387948602e82b684a55be093691849fde2d96ad6574475,60.17065,24.93641,000000000f4919c9,21.87
558,2019-08-04T11:06:01Z,7de4ba54f0d667a69cb0b6d625856bc6b040f51a42f91beae366a269,60.16762,24.95415,000000006b44cce7,9.92
559,2019-08-04T11:06:01Z,7e78b2348d9576c63ebb626030ee9d43e2bf07e860782adf3f1c452b,60.16829,24.94214,00000000afef4555,10.78
560,2019-08-04T11:06:01Z,7ea276abbe2f1bfd85b2493f7b4c801189e673c0b4dc987d2c8e30dc,60.14699,24.922,00000000a53ed894,23.56
561,2019-08-04T11:06:01Z,7eefc5581c616491b78192b28b519ba727dc884a87bc06b8df1ea4f2,60.14699,24.922,00000000a53ed894,12.69
562,2019-08-04T11:06:01Z,81ef3fbd294ce52c3e7a3f6dd9f7ddc881e807c972450a02c1815992,60.14951,24.92138,0000000006dd41f6,31.5
563,2019-08-04T11:06:01Z,822590bd49bcf7ed4de4f8389586915c343b29c4283ff8b90d7c1d39,60.17065,24.93641,000000000f4919c9,14.89
564,2019-08-04T11:06:01Z,82ac749474448abac333d00869cb8b508872f86293913d95eae26a05,60.15432,24.9211,0000000019fb59c4,4.94
565,2019-08-04T11:06:01Z,82cddd3b9f58762d36efe78da4e2722ee587cfdb3fdbc58b52673082,60.16629,24.95957,00000000fb7600be,17.4
566,2019-08-04T11:06:01Z,844b8ad6ebf530978d1139d527a681991f4d3eed6be5bc723f0b2192,60.16531,24.9442,00000000fdda10fe,0.84
567,2019-08-04T11:06:01Z,849d6a476563b352092dcda35e816833b571b7f630e7ff8617d9b7da,60.16829,24.94214,00000000afef4555,18.79
568,2019-08-04T11:06:01Z,87ecec345b34dca4db86cbd66248eeb829282d0cc54caff92455dff2,60.16762,24.95415,000000006b44cce7,9.12
569,2019-08-04T11:06:01Z,87f4cf4baea8c5dfe1bc7812cc969574058bd4d2dda215192bcfc53f,60.14699,24.922,00000000a53ed894,3.09
570,2019-08-04T11:06:01Z,8838042aa011fa35218bd1800a2e2ddda11da574560e1fb1eac464a1,60.17002,24.94407,000000006b087f40,29.32
571,2019-08-04T11:06:01Z,886032718e05487be8bd75bb14464814044c7edd7f9a2198304f6fb4,60.16629,24.95957,00000000fb7600be,18.79
572,2019-08-04T11:06:01Z,88ee7d98af3d9470df5daf433cfa0405f6225cb56b98b7c48d260fd4,60.17002,24.94407,000000006b087f40,18.79
573,2019-08-04T11:06:01Z,8a7f5012c000c420f0a336a3988c72cf2b373818f4f3f369e994d8e4,60.16829,24.94214,00000000afef4555,17.4
574,2019-08-04T11:06:01Z,8aa9897f62e94fdf9de155e7c474dba1ecb35b7875331b3b5f414f4c,60.16829,24.94214,00000000afef4555,25.36
575,2019-08-04T11:06:01Z,8e32f03aa51152a06255173f7dc5aaa2c75cef6f6aa829bd51fea777,60.16762,24.95415,000000006b44cce7,16.1
576,2019-08-04T11:06:01Z,8f3d9ab893ae4a48fd3417f3a749c21e792779990ae0ad75a8f211de,60.1538,24.95595,0000000038bf9618,41.64
577,2019-08-04T11:06:01Z,8f7fec0a4f5d4eb0710dd40c356e0c82dbd9360772fade341a50ba37,60.14699,24.922,00000000a53ed894,21.87
578,2019-08-04T11:06:01Z,9076d80e9828efb679c61440c6dcc2fce4d90055e5fb084d00bb87fb,60.173,24.92524,0000000096918cfa,41.64
579,2019-08-04T11:06:01Z,90b12d2b9898702fd62b343512e0d53796ae38decdf704e203a0cc39,60.16829,24.94214,00000000afef4555,36.27
580,2019-08-04T11:06:01Z,90da50922eb335c093783f88d74e12fd3316372c836888bd15b2af1b,60.16762,24.95415,000000006b44cce7,12.69
581,2019-08-04T11:06:01Z,91602a694bc74a2874ba7f02a7bae062a3a77cd869b86a74800415b8,60.17919,24.95181,000000007b5207b6,12.69
582,2019-08-04T11:06:01Z,92df20d921f76c63470e3f5afbe201d3ae15f5133f66c291db796082,60.16629,24.95957,00000000fb7600be,18.79
583,2019-08-04T11:06:01Z,93272ad17155ea9499641eda7c5560691582116096278b82738ab21e,60.14699,24.922,00000000a53ed894,3.74
584,2019-08-04T11:06:01Z,934bab75e2a2354910288b01c44fdfda4a87f92ac010109f641b3122,60.14699,24.922,00000000a53ed894,18.79
585,2019-08-04T11:06:01Z,936c8d12f2bf0990c21b1a6fbdbd83565c86c00e50d6bd0be3bd52ff,60.16629,24.95957,00000000fb7600be,25.36
586,2019-08-04T11:06:01Z,93be2ffbdd44740291e9e0b73792e85df915264539f1f8f2e7ec7235,60.16629,24.95957,00000000fb7600be,14.89
587,2019-08-04T11:06:01Z,94ac9d6e79236013b9fa24e1c52123819228f6962b5952637ca80fcb,60.16762,24.95415,000000006b44cce7,4.11
588,2019-08-04T11:06:01Z,956e6783464bae6253294c4a0be99eef3a8bdb0125c4c190587c0fa8,60.17002,24.94407,000000006b087f40,20.28
589,2019-08-04T11:06:01Z,96c2df1bba9699518ad1f9cce8f910f076467a5aad1b365611c93a1a,60.16897,24.95222,00000000aa852af1,11.7
590,2019-08-04T11:06:01Z,97490f522f1a0226c8f7e8ed7bca08dd71b63d80b46d38020127b868,60.14699,24.922,00000000a53ed894,9.92
591,2019-08-04T11:06:01Z,9759894c6f46d9e82992282b211a84549983c7a9995cd91fb1178818,60.16829,24.94214,00000000afef4555,9.92
592,2019-08-04T11:06:01Z,998a30ee5f5ff6d2bc9ed04420591e525ded59ad66d09eefa240cc8e,60.16762,24.95415,000000006b44cce7,9.92
593,2019-08-04T11:06:01Z,998ac46ad73c197bab1f36dca67d8bcaa3aca92249185a5e3715043f,60.17065,24.93641,000000000f4919c9,16.1
594,2019-08-04T11:06:01Z,9a1a6afa19068ac0b5f9af2744ddf945157f0dd41a4f254e8251fd09,60.16762,24.95415,000000006b44cce7,16.1
595,2019-08-04T11:06:01Z,9a49d0b5a67fba15ce8971503f6fea88994b33487a842397c5e8564f,60.16762,24.95415,000000006b44cce7,7.69
596,2019-08-04T11:06:01Z,9aa588cb6f425117e45726b6b9adb7ef86c8f7c8113b547dc61f068a,60.16897,24.95222,00000000aa852af1,17.4
597,2019-08-04T11:06:01Z,9ab0a60cb60531417ac6ec5ebc6ef591d2f39019c6b0bcb5a89101a2,60.14699,24.922,00000000a53ed894,13.75
598,2019-08-04T11:06:01Z,9af5161d635984285f0d259f202fe80516d5258255b979b9910afe05,60.16762,24.95415,000000006b44cce7,12.69
599,2019-08-04T11:06:01Z,9b24f69458294d27d07a0169665965135fd02f4c953f85bcebf4ba87,60.16762,24.95415,000000006b44cce7,5.91
600,2019-08-04T11:06:01Z,9b2a5c59007368ed7b26c0128d958f0ac43ab418eda263737da18bd6,60.17002,24.94407,000000006b087f40,23.56
601,2019-08-04T11:06:01Z,9b4b0705e58750d2bcbd71ad65d85677f7e77db5dfe69d1a70b5d31f,60.17919,24.95181,000000007b5207b6,25.36
602,2019-08-04T11:06:01Z,9bc50d931d6c1678284177395958d15f05b45d60ae7bc09fe1e1694e,60.16762,24.95415,000000006b44cce7,3.4
603,2019-08-04T11:06:01Z,9bef562c292174f1eb3933116effff74a8733a78e5c1df140de3fd6c,60.17919,24.95181,000000007b5207b6,7.05
604,2019-08-04T11:06:01Z,9c0b1d2c4c67c07e547e810a94efeaaa1187ae82977e03748470281c,60.16897,24.95222,00000000aa852af1,21.87
605,2019-08-04T11:06:01Z,9c3b5efa3a54990a49d4e9936cffd7d917f148932ce838158fe147ba,60.1638,24.96846,00000000d747f075,29.32
606,2019-08-04T11:06:01Z,9c40a1c76be950694e1b5448f8ad2337198d9a75090bfebc30c7392e,60.16629,24.95957,00000000fb7600be,23.56
607,2019-08-04T11:06:01Z,9eb1e9bfdceb76ef852f89ebd82139602125f9731b791465e1c21f81,60.16829,24.94214,00000000afef4555,18.79
608,2019-08-04T11:06:01Z,9f1920350685b4cb747c535ba3c3dc1cb29587668bd507ab96e5692f,60.16629,24.95957,00000000fb7600be,18.79
609,2019-08-04T11:06:01Z,a00791cad5b833529e63b07736f46d33af9688a843876ade41be48b1,60.16544,24.95398,0000000038d83d41,29.32
610,2019-08-04T11:06:01Z,a066e2044b486819fe2185765f63ed87f8d10c502f26a01be1f1a758,60.149,24.9843,00000000fffb8cf0,21.87
611,2019-08-04T11:06:01Z,a1439b6683d0598c7a05080c3693a17c198f7b8c3297c77324ef4859,60.16829,24.94214,00000000afef4555,2.8
612,2019-08-04T11:06:01Z,a25b897b52089b243421b68349d3f15e60ce8249d11c889a4626bfc7,60.18203,24.91341,00000000342570c2,20.28
613,2019-08-04T11:06:01Z,a3c1a4a58b9381c27b1d5076e0d8d72039afccfb0e58438a80247324,60.16762,24.95415,000000006b44cce7,16.1
614,2019-08-04T11:06:01Z,a488d8700d0761c51d771677bb82a9a5bbb86e97e0d5835aeff65d2b,60.16629,24.95957,00000000fb7600be,23.56
615,2019-08-04T11:06:01Z,a50e0bb8fd1ad4ad264c3246b210a0c6285faae591c1bd2c2c3458af,60.16829,24.94214,00000000afef4555,13.75
616,2019-08-04T11:06:01Z,a51a9aab75637e56bef3effddc420dfcd95b8cbd85d95917aaac38d5,60.16762,24.95415,000000006b44cce7,3.4
617,2019-08-04T11:06:01Z,a5835ce352a1e6d8fb6bdc410fae1076c756f7dac8e202465add9277,60.16762,24.95415,000000006b44cce7,11.7
618,2019-08-04T11:06:01Z,a5d632ac8ffc19a626de034d3c9444fd262ee6edada285c816ea9266,60.16531,24.9442,00000000fdda10fe,8.38
619,2019-08-04T11:06:01Z,a6ad4305e4e49cc67b63665ffb182e72c67646f3554a9aedcd188b67,60.16829,24.94214,00000000afef4555,25.36
620,2019-08-04T11:06:01Z,a764c2246c85b2b0aa79e581e2fe238da93de098abbb90aee24c11ca,60.16829,24.94214,00000000afef4555,16.1
621,2019-08-04T11:06:01Z,a81c19fb85eebf853246cdc4d8e38245dfa5ba15c180eaa1bcc0378d,60.16829,24.94214,00000000afef4555,12.69
622,2019-08-04T11:06:01Z,a99331c8ffa6025a6415a70989273c6f629ac5ad321591e5f61d3654,60.16762,24.95415,000000006b44cce7,6.46
623,2019-08-04T11:06:01Z,aa4547c0b6b8be30776e08d524ceeacfbc9930ad720e11fa4cb20882,60.16531,24.9442,00000000fdda10fe,1.7
624,2019-08-04T11:06:01Z,aa45859d6157e9e86470ec8b81957acc35bafb1b7f419d79357a38cf,60.16829,24.94214,00000000afef4555,8.38
625,2019-08-04T11:06:01Z,ab1377ddf669bb806f8db586f4ce5ab9f0f4257dda61fe800d8509f5,60.17065,24.93641,000000000f4919c9,12.69
626,2019-08-04T11:06:01Z,ab6e8769f50a15ea5e0d64f48aaa12886b7599a18cc0eb071a21ae5f,60.16762,24.95415,000000006b44cce7,8.38
627,2019-08-04T11:06:01Z,ab7697ba77150d46c95d1b02fef085ed91925d425393d8ad1097adcc,60.17002,24.94407,000000006b087f40,29.32
628,2019-08-04T11:06:01Z,ac4679e3db131ec2ea8e1111c8aa0d71020cf8796ecb11f142478394,60.14947,24.91438,000000004ef3150d,6.46
629,2019-08-04T11:06:01Z,acab6fbf8f6a1a4dc09417d6d4596d6c9261485fe46f582e58fb9e4f,60.1538,24.95595,0000000038bf9618,36.27
630,2019-08-04T11:06:01Z,ae2143f0fab3405d38da14312fd801d7d7524534cd3ffeadc631feb0,60.149,24.9843,00000000fffb8cf0,27.28
631,2019-08-04T11:06:01Z,ae3cda5066e455d4b1e58860e8fb7a35efad69b9964a676b476b0687,60.14947,24.91438,000000004ef3150d,4.11
632,2019-08-04T11:06:01Z,b02a0be9ec3a2bb1acba16daee232202f9a06ac84e0dcc9a80dddf6a,60.16762,24.95415,000000006b44cce7,13.75
633,2019-08-04T11:06:01Z,b0d6202ccd1560eaf57c06931cb6466332e41068ad2963e515819015,60.17919,24.95181,000000007b5207b6,29.32
634,2019-08-04T11:06:01Z,b2298fc6f63c02481610f9aef24f1a0c1711c255adc43c0fe135c1ca,60.14947,24.91438,000000004ef3150d,10.78
635,2019-08-04T11:06:01Z,b26d0daac9f8fb84484cbd8ed668aeb6751e848b1c533a307d163360,60.16762,24.95415,000000006b44cce7,11.7
636,2019-08-04T11:06:01Z,b3266ecf36a984b814e1b2d31b447438bd948a9c116721480104792f,60.16829,24.94214,00000000afef4555,20.28
637,2019-08-04T11:06:01Z,b364afaf81164cbf2af22967b068e3f61253af381895a3a452fc9e57,60.16762,24.95415,000000006b44cce7,13.75
638,2019-08-04T11:06:01Z,b45b86eb670eb1db475921496e6d80468f5fe2819bf3eb58f1f58506,60.16762,24.95415,000000006b44cce7,13.75
639,2019-08-04T11:06:01Z,b4c8900041e9f8751755d3940ceac58419e6370cd81cdb90d7800de1,60.14699,24.922,00000000a53ed894,20.28
640,2019-08-04T11:06:01Z,b5cdbcdc30e0bf653ce353c867708b0067db5e394c8cbe848d978a77,60.14699,24.922,00000000a53ed894,8.38
641,2019-08-04T11:06:01Z,b5f80d159e59c4558e49ea6fb68f6bc72ee9eb92bee60991bdf4e46f,60.16762,24.95415,000000006b44cce7,7.69
642,2019-08-04T11:06:01Z,b601cd655bb9f05aa6ec86fc9eb9300c3bc20bc0e856e94ad168a257,60.14947,24.91438,000000004ef3150d,5.91
643,2019-08-04T11:06:01Z,b81e65168ea3278486b1c954ab229bc2eda3fe07098e824f05cd0ac4,60.149,24.9843,00000000fffb8cf0,20.28
644,2019-08-04T11:06:01Z,b8f5834e6b992cf5568ae3153fb4b07e97b7f6dd01250851134c1824,60.149,24.9843,00000000fffb8cf0,25.36
645,2019-08-04T11:06:01Z,b9447a524f5b5bf98585b27b92195b09869ee9cd9da3cf8d2b59c57d,60.16829,24.94214,00000000afef4555,13.75
646,2019-08-04T11:06:01Z,ba288a5fd2befbc9ed08e7876ad7cb2bd8bfe6f5756d2ffe8e2dc558,60.17002,24.94407,000000006b087f40,10.78
647,2019-08-04T11:06:01Z,bac6fd7f18308fc08447b3cd85ecae45fcad4dae9500db0cf36a7460,60.16897,24.95222,00000000aa852af1,18.79
648,2019-08-04T11:06:01Z,bbf7d8b9085ddcd3b94f55f93b52cb40a251c44f5df4099ba5b61471,60.16829,24.94214,00000000afef4555,16.1
649,2019-08-04T11:06:01Z,bc07df8cc395f6f4f5d483b2233caca5f93a6918f346e4cc3702f8cc,60.16531,24.9442,00000000fdda10fe,17.4
650,2019-08-04T11:06:01Z,bd7fa2c07b7e0eab8afb3d9825a810643c2eb71f83c09a1e26cac54c,60.16762,24.95415,000000006b44cce7,5.41
651,2019-08-04T11:06:01Z,be57346c6a31904c7a3c53b6a9e94df7c93f7f510d3b2ff733d214b6,60.16762,24.95415,000000006b44cce7,21.87
652,2019-08-04T11:06:01Z,bfa8d7b9def7effb1001889eb2b427ec02b29f8110ef50a4c24f069c,60.16829,24.94214,00000000afef4555,18.79
653,2019-08-04T11:06:01Z,bfd5c2630b36fde15de01ea74e598d035402cf1edb7c9230617927e0,60.16762,24.95415,000000006b44cce7,3.4
654,2019-08-04T11:06:01Z,c012e9e2caf1002d24e53817bb1279becdfc4aa9dba085e93ddd88e9,60.17002,24.94407,000000006b087f40,16.1
655,2019-08-04T11:06:01Z,c239e27b985c23449b6aa84b78560b1b4e535975f3ba059d7987efe4,60.16762,24.95415,000000006b44cce7,4.94
656,2019-08-04T11:06:01Z,c23c5bcbe8e9baedf8556badfaa9369c235c6df24e3dc5de9be682a6,60.16762,24.95415,000000006b44cce7,23.56
657,2019-08-04T11:06:01Z,c2407109364cb5b4532b1be056dd99442fc75583cbae715f34507a05,60.16762,24.95415,000000006b44cce7,14.89
658,2019-08-04T11:06:01Z,c27fee8ae8d689338b043608280c83cfa6f3276d3837ecea5f742dc3,60.16762,24.95415,000000006b44cce7,3.74
659,2019-08-04T11:06:01Z,c2cc33e5b1b8d254d4bcbc0ffa13c9200676a39a191cc31a38d28d8d,60.17065,24.93641,000000000f4919c9,8.38
660,2019-08-04T11:06:01Z,c2e135ad2c160277e290705658ac41d7cd35b11ebf61d829fdd0b428,60.14699,24.922,00000000a53ed894,5.91
661,2019-08-04T11:06:01Z,c4c3ad738ca47920bb66939f620126c87f730c644813158554916827,60.16762,24.95415,000000006b44cce7,9.12
662,2019-08-04T11:06:01Z,c6084def1a2422f6fc267582e4ed73f2df4fc2ff8039ba70782741e6,60.16897,24.95222,00000000aa852af1,13.75
663,2019-08-04T11:06:01Z,c6b0ea433c3fdc73e0bac7e3faa2690506c4e8ec7fc54210446a7ffa,60.14947,24.91438,000000004ef3150d,27.28
664,2019-08-04T11:06:01Z,c7ced11121537f55bcd7d7ab67312226dafe7c85320c5357a35d5ab7,60.17002,24.94407,000000006b087f40,23.56
665,2019-08-04T11:06:01Z,cb2f32be2e27fc44ead887ff7f76c0199bf68b2c6711e6880f4acd01,60.16762,24.95415,000000006b44cce7,16.1
666,2019-08-04T11:06:01Z,cb37b8fad0bc758cf37d7ea1052f3a98f29282ae37ec635d6eb2c511,60.16762,24.95415,000000006b44cce7,9.12
667,2019-08-04T11:06:01Z,cd7d0e9404c9f4e8fab0742460b9acb4d5bbb97f44df80d4a8b973cd,60.17002,24.94407,000000006b087f40,5.91
668,2019-08-04T11:06:01Z,cddbfc3b0a1459f0ea8d553779cf320d512cac6e64976182f2f0b3b7,60.16829,24.94214,00000000afef4555,20.28
669,2019-08-04T11:06:01Z,cfc79310c3124813bbb9cfe4d4edc24cfa4b7c23419b4517c5eed261,60.16448,24.97323,0000000053c6c2be,18.79
670,2019-08-04T11:06:01Z,d04b5065ec93818b731141027d11e6a1cf53de69b9737d7aea0c34da,60.14947,24.91438,000000004ef3150d,12.69
671,2019-08-04T11:06:01Z,d0bb294e434cf3d7a5fd391e049fb5412e08b24594a614893480b5f9,60.17002,24.94407,000000006b087f40,29.32
672,2019-08-04T11:06:01Z,d162ad46250f7d87af446db22df4aa6b2eb2bf22f83beca34e857743,60.16762,24.95415,000000006b44cce7,9.12
673,2019-08-04T11:06:01Z,d20f68571773330f7b6490b006b2e952c9912b4ee05e20f0fc434698,60.16629,24.95957,00000000fb7600be,16.1
674,2019-08-04T11:06:01Z,d2aa78414847f7d563d6dd86215208c2c50df75bfd2a7b601cfcc35e,60.16762,24.95415,000000006b44cce7,10.78
675,2019-08-04T11:06:01Z,d2fd0c6415d2d8e49fef3415fb8747b524191b4400a4fbb66428cb12,60.14699,24.922,00000000a53ed894,13.75
676,2019-08-04T11:06:01Z,d4c9ea46d58288bf42808788e668072465d91dd3c874a8a51de5794e,60.16897,24.95222,00000000aa852af1,9.92
677,2019-08-04T11:06:01Z,d68f1946805ba3d30f9ba25280986fbe003f3b5dce7245b633e0cb5c,60.16762,24.95415,000000006b44cce7,21.87
678,2019-08-04T11:06:01Z,d6a8c97f1ec18c7a90d3beae358bad67f8d53626258a852e15b08c5d,60.14699,24.922,00000000a53ed894,5.91
679,2019-08-04T11:06:01Z,d71a315bac918f9a18fcd820731e6d9eb54fb0d01c324ca088ef8858,60.149,24.9843,00000000fffb8cf0,16.1
680,2019-08-04T11:06:01Z,d7b3daaab1b36d8d95f7672a0339b99b2a16483fc1c71c5177aeb948,60.16829,24.94214,00000000afef4555,21.87
681,2019-08-04T11:06:01Z,d83c1c2d3a3876c948e277bace6d013eafc0c4e118958e138f8b1257,60.16448,24.97323,0000000053c6c2be,23.56
682,2019-08-04T11:06:01Z,d9fe99c157052fce3b37f5128399fac7b857e756ffa220d8bebe5467,60.16629,24.95957,00000000fb7600be,25.36
683,2019-08-04T11:06:01Z,da2398acaae7f39c7b80c220d4e6917bdc7655f4c71b6e36d06cb859,60.18203,24.91341,00000000342570c2,17.4
684,2019-08-04T11:06:01Z,db45583e1f7aaaf54e100214986dfc86aa755383e86d361639a5b19b,60.16762,24.95415,000000006b44cce7,3.4
685,2019-08-04T11:06:01Z,dba25c18a94a20a35b9a27ff605b1c40fd45b0263d884645052918e5,60.16829,24.94214,00000000afef4555,16.1
686,2019-08-04T11:06:01Z,dbd2fa33dbaac339a8c9d8e04576b1088999b9314914676a2247737c,60.1638,24.96846,00000000d747f075,29.32
687,2019-08-04T11:06:01Z,dc4043efe103db9ce55ad4d987a45cf9821cdc3e63cf7b15b6d48baf,60.16897,24.95222,00000000aa852af1,16.1
688,2019-08-04T11:06:01Z,dc816e92e4a2eceea03f41fc379fda0e3d57b5d0fbd9a06430432022,60.16762,24.95415,000000006b44cce7,4.11
689,2019-08-04T11:06:01Z,dc82f9648bb5ba21e766e0923f5fa7ca2d77662ab0edbe22a3d95631,60.14699,24.922,00000000a53ed894,7.69
690,2019-08-04T11:06:01Z,dcbd150d7326dc22a8ab087a0555b9c9549addd07f54aa909aa8ec1f,60.149,24.9843,00000000fffb8cf0,36.27
691,2019-08-04T11:06:01Z,de21bcb426569aabcb266c842c0847e3c9e23b5bcc1faaff2dcc8f8a,60.16762,24.95415,000000006b44cce7,13.75
692,2019-08-04T11:06:01Z,de322af9620c895f1700d0d70ae3364a3b77ed134ce9f8677a663859,60.16829,24.94214,00000000afef4555,21.87
693,2019-08-04T11:06:01Z,de48adf9d49eb3bc1d61dea4047618f6c77086fc44bd2b535d56504d,60.16762,24.95415,000000006b44cce7,7.05
694,2019-08-04T11:06:01Z,de71e27b55ef6f2f51f05838a2fcab596f1dd93a14ece5ce4548f5c7,60.14699,24.922,00000000a53ed894,10.78
695,2019-08-04T11:06:01Z,e01908a975abc95425179eadafdba31d371f1d64674c967686df87a3,60.149,24.9843,00000000fffb8cf0,1.7
696,2019-08-04T11:06:01Z,e081e4b3252ca91bbf1cbb70faa116d60317fbf3a991a67bc99b4bfa,60.149,24.9843,00000000fffb8cf0,14.89
697,2019-08-04T11:06:01Z,e0859a9c906151023376d86762070f38ba1b3859e671531b0edac6cd,60.16075,24.95883,00000000f1124bca,14.89
698,2019-08-04T11:06:01Z,e1da87aea335bcd04e4c876158b96ebc7ba4206bc216c3aa27a2f4af,60.17919,24.95181,000000007b5207b6,6.46
699,2019-08-04T11:06:01Z,e305610124e16ed1411a221b29ce69a076cc47982efd6c098b0599ab,60.14947,24.91438,000000004ef3150d,13.75
700,2019-08-04T11:06:01Z,e32e078697e70d6e3cb4b156ada3a4756315227b125615d7b5c116a7,60.16762,24.95415,000000006b44cce7,12.69
701,2019-08-04T11:06:01Z,e44d7228cecbdb2474e1cc396a6c13943f09c08c19d0ffab1997d509,60.17919,24.95181,000000007b5207b6,9.12
702,2019-08-04T11:06:01Z,e53a901aed874016e1cd1ed3e9b2891fca850986cb2fa04f5162cf52,60.16762,24.95415,000000006b44cce7,0.84
703,2019-08-04T11:06:01Z,e557e164cd52fd817b02cad6587a294d72b0974d9b014ad69ea5e08e,60.17918,24.95141,00000000675d5200,4.94
704,2019-08-04T11:06:01Z,e5b9b4813c081a31fb498e7f9adb94918c267dfa125c63790c0d9488,60.149,24.9843,00000000fffb8cf0,29.32
705,2019-08-04T11:06:01Z,e8530b87d248fb9f6f44200a9b5634e7517e8d6d835e921280db51fb,60.16897,24.95222,00000000aa852af1,27.28
706,2019-08-04T11:06:01Z,e9d59e25b58f33f70aad6832863cb59d7485ca55a1575558f92b74e7,60.16897,24.95222,00000000aa852af1,14.89
707,2019-08-04T11:06:01Z,ea38d72fbf2215d530a70d6a97dcc603a44b18d4d7ce557a91cb80bb,60.16762,24.95415,000000006b44cce7,12.69
708,2019-08-04T11:06:01Z,ea3eef2f497e934d53c3a02bfa190abb42a24ce200d24c69598dbf84,60.16762,24.95415,000000006b44cce7,7.69
709,2019-08-04T11:06:01Z,ead2f467899b87bb3227752949a27b808fad94a55a6913fdfe14085d,60.16762,24.95415,000000006b44cce7,17.4
710,2019-08-04T11:06:01Z,eb261026c6f65b651ddf21bed629a1e164cfb500d0b78062704ec15c,60.16762,24.95415,000000006b44cce7,4.94
711,2019-08-04T11:06:01Z,eb3dde73e84f5016b5545e9fa2e08d04257ebe448619783f90edcd23,60.16762,24.95415,000000006b44cce7,18.79
712,2019-08-04T11:06:01Z,ec485175d2b7a2c53d03bf546aee134c116d998976601b069570c6f9,60.14699,24.922,00000000a53ed894,18.79
713,2019-08-04T11:06:01Z,ecb1735f180422ec69f041cd2782a26c9f07d27a87893b3c30aaa9b7,60.16075,24.95883,00000000f1124bca,2.8
714,2019-08-04T11:06:01Z,ecc71cd7f4480d24b34ccd5786548529498dc98a06070e118f63b76e,60.16762,24.95415,000000006b44cce7,12.69
715,2019-08-04T11:06:01Z,ecf13e9d610ad235409932d263110fd52c69d0f5f39e9ffd3ad8b740,60.16897,24.95222,00000000aa852af1,18.79
716,2019-08-04T11:06:01Z,ed1c44b4244d3b1bd70792da4a3f166c92833c23f46232edd089029a,60.16829,24.94214,00000000afef4555,29.32
717,2019-08-04T11:06:01Z,ede13c9dc221bbc6c1daf78250fa6547303c06d7606c05ba0bf64547,60.17919,24.95181,000000007b5207b6,27.28
718,2019-08-04T11:06:01Z,eea43687eab35d2c386347881796eb1c8279076b9e9642ebc2cd06ac,60.16762,24.95415,000000006b44cce7,2.54
719,2019-08-04T11:06:01Z,ef15ff71b7dc4c2088249a4fca7e28900ae315245a7a3b4d571bf582,60.16829,24.94214,00000000afef4555,21.87
720,2019-08-04T11:06:01Z,ef45fdc095ee55730384922266d8fce61de212d3c3df2441ea10e524,60.14947,24.91438,000000004ef3150d,13.75
721,2019-08-04T11:06:01Z,ef5e495c5f9d3dd9eb22ed5b8faf1cc9e4225d4785ebb26a87d16fff,60.14699,24.922,00000000a53ed894,12.69
722,2019-08-04T11:06:01Z,f014103201b8ae8f495f8e1e04da3c934079461391d4801ee6c2faaf,60.16762,24.95415,000000006b44cce7,12.69
723,2019-08-04T11:06:01Z,f0c1bd214fca2dfc8f77090a04cf28115dc8a722fbad299909fac5e4,60.14699,24.922,00000000a53ed894,25.36
724,2019-08-04T11:06:01Z,f11c02cbebb4049a29f10d2ee6aac8a9ca3b7b9609a39d69463461a1,60.17065,24.93641,000000000f4919c9,20.28
725,2019-08-04T11:06:01Z,f1d44b9d3710849eba7eab0b6646053378aa5f8ee3491ec2522f3c44,60.14947,24.91438,000000004ef3150d,18.79
726,2019-08-04T11:06:01Z,f2467c8ede6444941158701b7bd9d005beec9ffdb355ce2d8c7a9bfd,60.149,24.9843,00000000fffb8cf0,20.28
727,2019-08-04T11:06:01Z,f47579f56da11e82c7a94094bc0a13d62167d93e58c48d19eb3dcb74,60.16897,24.95222,00000000aa852af1,36.27
728,2019-08-04T11:06:01Z,f52824c386f904dd599255580d7ac95568391a40c2d18fdfdbc23f4d,60.16762,24.95415,000000006b44cce7,17.4
729,2019-08-04T11:06:01Z,f5ffa3dbcdd5592ac31344cb04a7a6d639109a4d6e196fa0df3990dd,60.17065,24.93641,000000000f4919c9,25.36
730,2019-08-04T11:06:01Z,f77637205faf7603ac7c75cccc8fa3fdc53b010c6fa944f0e3efc927,60.17002,24.94407,000000006b087f40,21.87
731,2019-08-04T11:06:01Z,f78ef2ddbe48b534137498eab56c0a55ec0e0b1d8868e82cb5652a0e,60.14699,24.922,00000000a53ed894,3.4
732,2019-08-04T11:06:01Z,f7be7d003528c0c0827040a3a3723e49406a5a7c86cb4bc568a830db,60.17002,24.94407,000000006b087f40,18.79
733,2019-08-04T11:06:01Z,f855918d61069661cbf8633b228a5fb9e5cd5ea7b2946bfc5b9fc315,60.16829,24.94214,00000000afef4555,18.79
734,2019-08-04T11:06:01Z,f91cfaaa18f242443a0b353450d580318ee7b8e703cf62eff748a8a9,60.17918,24.95141,00000000675d5200,36.27
735,2019-08-04T11:06:01Z,f9ed4361c378e7c740818b0c356acbffa4a161af2ffbecb803ace9b7,60.173,24.92524,0000000096918cfa,29.32
736,2019-08-04T11:06:01Z,fa1579394f4980e1fe11248f7be4e646b601a3d8cdb9361f182d066c,60.16762,24.95415,000000006b44cce7,12.69
737,2019-08-04T11:06:01Z,fb031ac2f03c17c2e6652d395798c7f068543826d9ca8ca426b6da75,60.16762,24.95415,000000006b44cce7,20.28
738,2019-08-04T11:06:01Z,fb37b263777ffcf7fe1fb6484821cae2b8beb03b5f5009109748dedb,60.16762,24.95415,000000006b44cce7,9.92
739,2019-08-04T11:06:01Z,fb63a183cb336d1609c020c202b6aa6cf767865d9ce0206fbaeca55c,60.149,24.9843,00000000fffb8cf0,14.89
740,2019-08-04T11:06:01Z,fbd28054e4a5478c8ca06f4d682405d1c59bef4853cad413ecb58d13,60.14699,24.922,00000000a53ed894,18.79
741,2019-08-04T11:06:01Z,fbea754bd1d1bd41d31d255adcdfb67b3b4c052fc59db33eb47c25b4,60.16897,24.95222,00000000aa852af1,18.79
742,2019-08-04T11:06:01Z,ff4558428827255010bce49fc8515ba871d17696d1ed727e6b60c1ea,60.18203,24.91341,00000000342570c2,20.28
743,2019-08-04T11:06:01Z,ffb7319984ecae155652e100da9b204f0b92f3b6c7239cfea4dcf966,60.14699,24.922,00000000a53ed894,12.69
744,2019-08-04T11:06:02Z,004c3624f943830bc6a9f17173a2cd0996622cade5184ad2b9fba729,60.16897,24.95222,00000000aa852af1,9.92
745,2019-08-04T11:06:02Z,0152988639aaaa9cc27213280c8f0c0c8ec97ae6a45aaaf743c9c25d,60.16544,24.95398,0000000038d83d41,27.28
746,2019-08-04T11:06:02Z,048a4191e2e9ce1733556eda54c4123345c70aeced0f8ecf7d52b916,60.14699,24.922,00000000a53ed894,21.87
747,2019-08-04T11:06:02Z,09a0d89e977eac08cb8877af0472d861a9c86439072251d53a13d931,60.16829,24.94214,00000000afef4555,18.79
748,2019-08-04T11:06:02Z,09ddbf38333e76a79fd836112bd8c3f8bf7f3dadfb3d49945ad4c486,60.16897,24.95222,00000000aa852af1,7.69
749,2019-08-04T11:06:02Z,126e7fa4dd9205201617bdc0c7c346bfb57e1a75d3d7d3d9c260d51b,60.16629,24.95957,00000000fb7600be,16.1
750,2019-08-04T11:06:02Z,14c7e1511b70f4dd3359cbece1377aebb4d70531f5489eefe53d7c3c,60.16544,24.95398,0000000038d83d41,21.87
751,2019-08-04T11:06:02Z,16c994bb2e24124a910c247376d16e980a65626a94c4c0aaab27df60,60.16829,24.94214,00000000afef4555,21.87
752,2019-08-04T11:06:02Z,25a7ff811c3c06e426c7c2cbb0433d9a2a3399b23afecbd35584ab0f,60.18203,24.91341,00000000342570c2,14.89
753,2019-08-04T11:06:02Z,29016fc5853bb802e42e93eb5fd98882d64029327d793a2f2335b9e4,60.16829,24.94214,00000000afef4555,12.69
754,2019-08-04T11:06:02Z,3fe5f4ccfa5c777ceafda0674d7c9da6f509f6694b4c2fa254b32e73,60.16897,24.95222,00000000aa852af1,17.4
755,2019-08-04T11:06:02Z,43b676ed3aef4c2d8846694817e76117873be52e7f788e0cb366c1c4,60.16629,24.95957,00000000fb7600be,23.56
756,2019-08-04T11:06:02Z,44d0b94469070803869f229601e877beb613c3f5aafa009addf97a1a,60.16544,24.95398,0000000038d83d41,21.87
757,2019-08-04T11:06:02Z,4774d3de2115f3cfeff91dc17ed763964fe86825629003f82ee45b2b,60.16762,24.95415,000000006b44cce7,4.94
758,2019-08-04T11:06:02Z,5d65719c4cbf045f068d084b72302f447d5fd034413d97d13be00d0e,60.18203,24.91341,00000000342570c2,18.79
759,2019-08-04T11:06:02Z,5eed115a984d490b02b602d73787aee8dc8c4e9365b77fbff3818a76,60.16629,24.95957,00000000fb7600be,17.4
760,2019-08-04T11:06:02Z,6066632ddc94b5c482a2d4f45ed2532e55e3fd63e414a084a596a737,60.16762,24.95415,000000006b44cce7,23.56
761,2019-08-04T11:06:02Z,69219e9efa41ae9e732653e9eaf08e1a34cb853a9dafe76ddeea4d04,60.16897,24.95222,00000000aa852af1,20.28
762,2019-08-04T11:06:02Z,6a70e2fbced719333e21eff04fcb9cb36bae9a04d1a3d6ddd96f2c58,60.15432,24.9211,0000000019fb59c4,18.79
763,2019-08-04T11:06:02Z,85ef35aecf2ff804be3d958b592705ec41c6df9c128c132c65bb283d,60.16897,24.95222,00000000aa852af1,20.28
764,2019-08-04T11:06:02Z,87dfaad29a9276ddddb1fa021d3bc23ad14824c1af16f7d87e713689,60.14951,24.92138,0000000006dd41f6,13.75
765,2019-08-04T11:06:02Z,88808fe92573e9cdf022cc15b9689b6b4b9429f60513c8897b0ba4c7,60.16897,24.95222,00000000aa852af1,20.28
766,2019-08-04T11:06:02Z,8c3b1ed0846e38cc84b863a80540c8a75bfd85c8bdda36563d153110,60.16544,24.95398,0000000038d83d41,23.56
767,2019-08-04T11:06:02Z,92a4351b20078e469332532ec495e838559c62590b166cce41762939,60.16897,24.95222,00000000aa852af1,20.28
768,2019-08-04T11:06:02Z,9843c6216661048343a0e49cf3d8aa2883cf77f452666a1c873a1052,60.16448,24.97323,0000000053c6c2be,38.87
769,2019-08-04T11:06:02Z,9fc0711d7e7722eff7faa0cb6f17846680c06515c1eb93dd49ebcf25,60.14699,24.922,00000000a53ed894,17.4
770,2019-08-04T11:06:02Z,a13e5d46f0a2d1c6b58878e1b198905e9b14e3a85b5e4adab88b4b87,60.16762,24.95415,000000006b44cce7,11.7
771,2019-08-04T11:06:02Z,a6f3c29895f19e5577edf8002cf0adb5fdf353c901e26a099c2f695b,60.16762,24.95415,000000006b44cce7,17.4
772,2019-08-04T11:06:02Z,a91d379a4b57c5df22db0d7a041ff69f657b4b31f28554b1011fc03c,60.16544,24.95398,0000000038d83d41,25.36
773,2019-08-04T11:06:02Z,b5fd6b317890e5ab2d79e2cd1abe61626d45a753c7337d0d40728898,60.16762,24.95415,000000006b44cce7,10.78
774,2019-08-04T11:06:02Z,b936e41d8712ae967f3ebb413fc44f060bb10613f95537757886ede2,60.16762,24.95415,000000006b44cce7,17.4
775,2019-08-04T11:06:02Z,bca443064699e0ac05c40e587aef06d7fd580817e739133a501490bc,60.14699,24.922,00000000a53ed894,20.28
776,2019-08-04T11:06:02Z,bfcaefe93f7fcb6aad6e62e3da473a7b5b03a62db532dad02a7d3559,60.16762,24.95415,000000006b44cce7,17.4
777,2019-08-04T11:06:02Z,c40c37def6bf11a63a2556519a7c6233fd417cdeea2cf14f28e7c42c,60.16531,24.9442,00000000fdda10fe,21.87
778,2019-08-04T11:06:02Z,c97eb4181394121907d47b908495f54e5ee5145ff790f7a1dc21b3cf,60.16897,24.95222,00000000aa852af1,11.7
779,2019-08-04T11:06:02Z,ca6927628f5ddda20036865c9345ad93d476d62ade3b181de568eed6,60.16897,24.95222,00000000aa852af1,27.28
780,2019-08-04T11:06:02Z,cd2c2ce2425879ac455c812073aa8025c7bac76df380e4793edab46d,60.16829,24.94214,00000000afef4555,21.87
781,2019-08-04T11:06:02Z,ce197d5eedb5498917afe7ca3f7275ffeb191f0c5d050bffa154c1d2,60.16531,24.9442,00000000fdda10fe,29.32
782,2019-08-04T11:06:02Z,cf05623e4d87ce0906c0b0b7dbf53aacc1228016cd27c341228b6e76,60.18203,24.91341,00000000342570c2,18.79
783,2019-08-04T11:06:02Z,cfc0bedb78ded52749db3188cb188bf6a250ef5990da9c5afa9623fc,60.14951,24.92138,0000000006dd41f6,25.36
784,2019-08-04T11:06:02Z,dbeb00942457ba3c5fb1984b57b1dedb268c0e761e80729b939f1fd8,60.16544,24.95398,0000000038d83d41,20.28
785,2019-08-04T11:06:02Z,e224ae5ea47af2e3048f83b13a1f45dc135c0ca6be72547b01729086,60.1538,24.95595,0000000038bf9618,20.28
786,2019-08-04T11:06:02Z,ed70dda6b7faebd4340dacdb452ab224d9d3c308df417b7fa76f54e8,60.14951,24.92138,0000000006dd41f6,21.87
787,2019-08-04T11:06:02Z,f088630d7476dae7d4b7e2bb1f10575f2c89acb4b6e061f3d57c2b40,60.16531,24.9442,00000000fdda10fe,27.28
788,2019-08-04T11:06:02Z,f30a5193aa7850aac581b8dd71512a8712c96f36fdef78d8292d4788,60.16762,24.95415,000000006b44cce7,2.8
789,2019-08-04T11:06:02Z,f31cfded6f566f9c032c80c52ea642407be312c5d42521ab7a8d3e2a,60.16897,24.95222,00000000aa852af1,11.7
790,2019-08-04T11:06:02Z,fc4f3a44235f1cfc7b53f14ba2da599976a5a0a220d23b852688e485,60.17919,24.95181,000000007b5207b6,10.78
791,2019-08-04T11:06:02Z,00dae8e6c0b169e69db1d1435e478728f9318e16ee31ff03e5572236,60.16629,24.95957,00000000fb7600be,21.87
792,2019-08-04T11:06:02Z,00df07521690a1fb6e56d9506781a9888bb54e5230f6de1be64ba13f,60.14951,24.92138,0000000006dd41f6,25.36
793,2019-08-04T11:06:02Z,01e47d49d859d6875c51173a8f2159c35733cff5d2c3e5044b4b42d1,60.16829,24.94214,00000000afef4555,20.28
794,2019-08-04T11:06:02Z,0236a1d5b9b9d2249407a79705eee38de360ceb0530a8959ba5bc15b,60.149,24.9843,00000000fffb8cf0,8.38
795,2019-08-04T11:06:02Z,02a354db29cd5bc16976a9d933e03a41be350f9cc78098829a7dcfd4,60.14947,24.91438,000000004ef3150d,33.81
796,2019-08-04T11:06:02Z,0495ba0a1c04e0262f37eaa32084a173acc00638a16e76bb922b97dd,60.16762,24.95415,000000006b44cce7,12.69
797,2019-08-04T11:06:02Z,0656a0c0a353f164b57fbdd9e648d71fab429964d97ed07ab2c5dc30,60.18203,24.91341,00000000342570c2,13.75
798,2019-08-04T11:06:02Z,07505f028a552fd4183a9d7a436db18ae89a2dfeff0cdea93dcbe920,60.16762,24.95415,000000006b44cce7,9.92
799,2019-08-04T11:06:02Z,075816f7e47311876124622af2651ab2d401c74dfa7acf80d53ccce6,60.16829,24.94214,00000000afef4555,25.36
800,2019-08-04T11:06:02Z,08833115ba0f62666fee594662c171563759459bb5f65ffdfeaeaed1,60.18203,24.91341,00000000342570c2,14.89
801,2019-08-04T11:06:02Z,08b10b51864dc039f0a07c997e66e7a263ee1cde5b0b88b2a1178c58,60.16829,24.94214,00000000afef4555,7.69
802,2019-08-04T11:06:02Z,0934f41ee040b3f13c700adbb45398901bfbd922fcb8b2751b4da4cd,60.16762,24.95415,000000006b44cce7,25.36
803,2019-08-04T11:06:02Z,096c3b0de1dab1407cd4d3330546404c0d62ce025924420496380f89,60.16762,24.95415,000000006b44cce7,8.38
804,2019-08-04T11:06:02Z,0b45b52bc137c31ce83561c857f809296ec70f5537976a4a4d573d4f,60.16829,24.94214,00000000afef4555,5.91
805,2019-08-04T11:06:02Z,0b49dcea1b7eab22f4ebd0c7666ded5b59fe092b8bdd4aa9eda6326d,60.16762,24.95415,000000006b44cce7,1.54
806,2019-08-04T11:06:02Z,0c959027ce302054b09087cac97a83aa7e24fb9e4fa2710763f912cb,60.16829,24.94214,00000000afef4555,9.12
807,2019-08-04T11:06:02Z,0d2490ed58c11eb4a754a30cc4bcb21c7243d322a2caf7cc360e4e8c,60.17065,24.93641,000000000f4919c9,16.1
808,2019-08-04T11:06:02Z,0dc12f22306d5f6622fc786011f32f1961a5f94018be9c2236fb2e52,60.14699,24.922,00000000a53ed894,13.75
809,2019-08-04T11:06:02Z,0e1fac068e905121e354702292780affb6635905cc36872878ff79ce,60.17002,24.94407,000000006b087f40,33.81
810,2019-08-04T11:06:02Z,0e3bcec531b83d72df713981bece9d261112230cdc7831774c5643c0,60.16829,24.94214,00000000afef4555,29.32
811,2019-08-04T11:06:02Z,0e8974fdfd1eb270021309e14b7b81b6585f276d1df65a735bacf882,60.16762,24.95415,000000006b44cce7,10.78
812,2019-08-04T11:06:02Z,0eb421f0e6ac48b15f69552f992309f03f88124ceb89cc780db7624a,60.16544,24.95398,0000000038d83d41,25.36
813,2019-08-04T11:06:02Z,1067b041807277ecf9cea5b55c265a37808239544e559e2cfdfcb3ce,60.16762,24.95415,000000006b44cce7,7.05
814,2019-08-04T11:06:02Z,1107822441d53ff89eb9cb0d022a37202aed47bd82dca4bc175d6837,60.16762,24.95415,000000006b44cce7,17.4
815,2019-08-04T11:06:02Z,117b6ba38be2f875c85c9c048106db4d2dbce58629a807d7d7773b6c,60.16762,24.95415,000000006b44cce7,11.7
816,2019-08-04T11:06:02Z,118cffafccf902fa0dea50f220191f4eb7938f02c841bd3952fa3484,60.16762,24.95415,000000006b44cce7,11.7
817,2019-08-04T11:06:02Z,1327ce24f157334f864f913637993c80380ce5f5c911e4b0d31c5eb7,60.149,24.9843,00000000fffb8cf0,21.87
818,2019-08-04T11:06:02Z,135b81a7a5a9dd70569656553c100af6fdc760bcf92d9b7b48261cb1,60.16897,24.95222,00000000aa852af1,29.32
819,2019-08-04T11:06:02Z,1374f31e71652faf3e69316a295c22d59e560f15e35f42b003a89222,60.14699,24.922,00000000a53ed894,14.89
820,2019-08-04T11:06:02Z,13b0a8ca1414d7b2b0e8d5f80069a5d26c6f62a68b58eda25a4b85f4,60.16829,24.94214,00000000afef4555,6.46
821,2019-08-04T11:06:02Z,1556d4a76070c26554efa12b4b9c53766a4cc394e8b74ee37f2fff65,60.17065,24.93641,000000000f4919c9,21.87
822,2019-08-04T11:06:02Z,169c77f0d714e38eb1e798b14fa42ce3fefb0ec1d6f9e93a38a872f1,60.16762,24.95415,000000006b44cce7,9.12
823,2019-08-04T11:06:02Z,1921be9815a57f11f291ca085add7b4bf1d044518b03b725df7cf7d5,60.149,24.9843,00000000fffb8cf0,16.1
824,2019-08-04T11:06:02Z,194589f782f667221677ae0f6ec500e2f9255a8f6f6f41d32f122ca5,60.1538,24.95595,0000000038bf9618,36.27
825,2019-08-04T11:06:02Z,1a06b5f7f305badd45e93db9d86d76ed3a2a96ec55ec47c836921e3e,60.16762,24.95415,000000006b44cce7,9.92
826,2019-08-04T11:06:02Z,1a9a0f74c353624c42c19c007e82c9c2547b7285d8353d0e375e3f05,60.14699,24.922,00000000a53ed894,3.74
827,2019-08-04T11:06:02Z,1bfdee1694fe2d5144f7b1905e75ec397e05f17105d7ab6266e0687c,60.149,24.9843,00000000fffb8cf0,33.81
828,2019-08-04T11:06:02Z,1dacfb371d75dd4f90f447aac2a00faad98beb4188a6971c19eb2375,60.16629,24.95957,00000000fb7600be,25.36
829,2019-08-04T11:06:02Z,1e3fa11ac10c07395d1456966b411617159f7b3736741a28e9e3e52a,60.16762,24.95415,000000006b44cce7,10.78
830,2019-08-04T11:06:02Z,1fa2c533bba37b249a0105001153733e67a559d40c22cab67f135f64,60.14947,24.91438,000000004ef3150d,3.4
831,2019-08-04T11:06:02Z,227b93698b29687beea48184f42aab63a21fa362af7251be32db2e15,60.16531,24.9442,00000000fdda10fe,3.09
832,2019-08-04T11:06:02Z,23b4a8c7918ca417eab83481a710fd544e1fa8bf7073b5955c0155c8,60.14699,24.922,00000000a53ed894,23.56
833,2019-08-04T11:06:02Z,24a22082501ab5b0d84acb2d0d2198f619d79ade86a1130d1a9666a0,60.16897,24.95222,00000000aa852af1,21.87
834,2019-08-04T11:06:02Z,2535cb5c89ec66044a005b03dd769ca8d0022164a816c06db0e49892,60.16762,24.95415,000000006b44cce7,11.7
835,2019-08-04T11:06:02Z,2671a156fa8d8bb05970481c8f83bcf9f261f73dae27f2bb9ac88aeb,60.14699,24.922,00000000a53ed894,9.92
836,2019-08-04T11:06:02Z,27052b4dc21318eee25b7afdbe088c8d15e13ec11ac339166b209e58,60.18203,24.91341,00000000342570c2,17.4
837,2019-08-04T11:06:02Z,2724e42551f43106ea58a8fcc6a43953baa1294cd65e17a90012f706,60.17065,24.93641,000000000f4919c9,0.84
838,2019-08-04T11:06:02Z,281461893e50629b8986dd379571f9c3ecf96b06039bde6f5c30c5d4,60.16897,24.95222,00000000aa852af1,44.58
839,2019-08-04T11:06:02Z,28741c2e5e348fe81dec0518a21c0930c98a25b6fcece61a262d50de,60.14699,24.922,00000000a53ed894,18.79
840,2019-08-04T11:06:02Z,296a0ffe230305a3d37818a0369b56c99dacdd5df5a161bf238e1084,60.16762,24.95415,000000006b44cce7,18.79
841,2019-08-04T11:06:02Z,29f5adc4d67413b7d368e8e94a41cf48339e3f5f0903f660170c4fe8,60.17919,24.95181,000000007b5207b6,16.1
842,2019-08-04T11:06:02Z,2a80aed2c40e7e70ca12152ac812abd79aa1d13efcec25a6d3395136,60.16762,24.95415,000000006b44cce7,3.4
843,2019-08-04T11:06:02Z,2bade3cfae68c5f3e9df9c6f8327c0cbd36d37a09ade6c16bfb24289,60.16829,24.94214,00000000afef4555,23.56
844,2019-08-04T11:06:02Z,2c85e4140ca0ba77c3598ceac05eb2c2342409ce8111c863fc58c606,60.16829,24.94214,00000000afef4555,1.38
845,2019-08-04T11:06:02Z,2ccaeb30423977ff22b6afc29243b861b476a5f4ffafdf200d326d78,60.17002,24.94407,000000006b087f40,20.28
846,2019-08-04T11:06:02Z,2de87ef94604fb63bec05eefb71b6cdd0b9807f8551159c2a35e7259,60.17065,24.93641,000000000f4919c9,14.89
847,2019-08-04T11:06:02Z,2f83e4cad2d924faecb3def25f54727f3e612bc5040c493dd6eccb1d,60.16897,24.95222,00000000aa852af1,23.56
848,2019-08-04T11:06:02Z,2fe2e4165984d7880628aec591ce4747f18947da70312e6afca2946b,60.14699,24.922,00000000a53ed894,14.89
849,2019-08-04T11:06:02Z,30bee351808d5e8082ce012b57f5bc0efc80f8394491a182e0eeee32,60.17919,24.95181,000000007b5207b6,17.4
850,2019-08-04T11:06:02Z,31659a798f1d780d587f07390c038a78fafa6cabb8180dba635863ce,60.17002,24.94407,000000006b087f40,13.75
851,2019-08-04T11:06:02Z,3226c88241c6ac9d643c1843f44b6e5ee10df5f15a695e360582a9be,60.16829,24.94214,00000000afef4555,11.7
852,2019-08-04T11:06:02Z,3262259981b4d615793e8692d3b8461ab7cc2c63789b0ce72c75075f,60.17918,24.95141,00000000675d5200,23.56
853,2019-08-04T11:06:02Z,32f77f5019e5fce30881c214487361e2e34b8c93277f6e546de72012,60.1638,24.96846,00000000d747f075,25.36
854,2019-08-04T11:06:02Z,3417d8a6b53687e70f126ebeb1d26a2ff6369dc9a551c3c35c5a04f9,60.17002,24.94407,000000006b087f40,29.32
855,2019-08-04T11:06:02Z,34cf37df412ff36df19ebe47ecdd31e5a22355a1fa723a748ac901fd,60.16762,24.95415,000000006b44cce7,10.78
856,2019-08-04T11:06:02Z,3670a148a52771f0ff5af161725f65b86873c09eea1a7697861c0438,60.14699,24.922,00000000a53ed894,21.87
857,2019-08-04T11:06:02Z,374083907dd8980893623726af5633afd59b519c885ad12ba5c674eb,60.17002,24.94407,000000006b087f40,9.12
858,2019-08-04T11:06:02Z,386dea4944e0b83648b4b6faf510fd47b0e9e29a2bb9311fe8a80ee2,60.17918,24.95141,00000000675d5200,8.38
859,2019-08-04T11:06:02Z,39d87e6f6d7c2e802e8491b1b7e4a1357dd040cdd28dabae3138d99a,60.16629,24.95957,00000000fb7600be,18.79
860,2019-08-04T11:06:02Z,3a76f6d955c079b2410253f5b20f24eaa5099a15abfd491daf0dff0f,60.16897,24.95222,00000000aa852af1,21.87
861,2019-08-04T11:06:02Z,3ac85712ab657e849113d439795c4e7325d1025cacdbd9a41174b031,60.17002,24.94407,000000006b087f40,11.7
862,2019-08-04T11:06:02Z,3ac9d056b0f04f774b238a125eb996d46437f7a8c5f6ba6712e971cf,60.17919,24.95181,000000007b5207b6,20.28
863,2019-08-04T11:06:02Z,3b355c039877bd4883845f3fc6ad8dd6f41f170274042f1397585680,60.149,24.9843,00000000fffb8cf0,14.89
864,2019-08-04T11:06:02Z,3b5030adc7c303403a6333a1a6d35474c2f21c1d20ece72180660423,60.14947,24.91438,000000004ef3150d,21.87
865,2019-08-04T11:06:02Z,3c7df7d16658abc47ed9e66342a99269fee33785ea550021877f84a4,60.18203,24.91341,00000000342570c2,31.5
866,2019-08-04T11:06:02Z,3daa2205b02453faa04e23c0bf80d6d22d657277425f07e4fc424dbc,60.16762,24.95415,000000006b44cce7,12.69
867,2019-08-04T11:06:02Z,40b98e7445617581067a41524181e8b6995ea4ee6c82ae2ba93db3cb,60.173,24.92524,0000000096918cfa,23.56
868,2019-08-04T11:06:02Z,418e60b0ee35b014e7a8a378f3491cf2333e2a022ba6ec632170228d,60.18203,24.91341,00000000342570c2,27.28
869,2019-08-04T11:06:02Z,43a599f28d168caa53108cd20ab0cbcbdc62b74321e8c351eb7aee72,60.17002,24.94407,000000006b087f40,27.28
870,2019-08-04T11:06:02Z,44427157d71844d56f413d52a3651b5ff4011a561a85baadafcd9acd,60.16829,24.94214,00000000afef4555,25.36
871,2019-08-04T11:06:02Z,44cd8828dd4aa11ea599139af3d3aafbcd09ca0c2558f26ed1c72e17,60.14699,24.922,00000000a53ed894,11.7
872,2019-08-04T11:06:02Z,44d01b24bde0f8031d7cf15bb66e661ad9bd92807f3213fabf920fa1,60.16762,24.95415,000000006b44cce7,7.05
873,2019-08-04T11:06:02Z,4538bf4d0ca02f13fad76c46f7b34e72978c49b0cdfe4ea9fe151a50,60.16762,24.95415,000000006b44cce7,3.09
874,2019-08-04T11:06:02Z,465eab28635efe98500085ceb161cf941d02272a0107fbbfb2203c29,60.16829,24.94214,00000000afef4555,11.7
875,2019-08-04T11:06:02Z,46b576e18e757fc4ec008b41d3c28ec5415a2c2c2f143042e5413137,60.16762,24.95415,000000006b44cce7,14.89
876,2019-08-04T11:06:02Z,46b81e0dd10fe05195c050bacd41d57feeca0e044b6b317ac22a8656,60.16762,24.95415,000000006b44cce7,9.92
877,2019-08-04T11:06:02Z,47eccbfb2db7bb200aacfdad7243168bd30714cc78da342bbe53df7b,60.16629,24.95957,00000000fb7600be,25.36
878,2019-08-04T11:06:02Z,47f787c639f2eed345eb5dca409ffcd989850399a1ab781500dd6e82,60.17919,24.95181,000000007b5207b6,9.12
879,2019-08-04T11:06:02Z,4833b1ea4f519407574f5a838d93a39de28c756c5f53de7ee273b577,60.14947,24.91438,000000004ef3150d,8.38
880,2019-08-04T11:06:02Z,49084ae4b6419be9e7bb0c9b1420142e07d6ac3c17c07c26895461ed,60.16829,24.94214,00000000afef4555,27.28
881,2019-08-04T11:06:02Z,4954540aca30f8f56f918178fbd53ee48ddef7a231d425061f6b2f6f,60.18203,24.91341,00000000342570c2,27.28
882,2019-08-04T11:06:02Z,49b391c05bd4e5231579392d798036a0139a8ea4e4d4509a7cb3901f,60.16829,24.94214,00000000afef4555,4.94
883,2019-08-04T11:06:02Z,4a2286eca689d9c867cfa19d43b9b917d29769b66b9e0a968f6c3859,60.16897,24.95222,00000000aa852af1,16.1
884,2019-08-04T11:06:02Z,4a54cbed9c373a4136f8851f3f5736eb2fadd5766d316eb5ebbdd231,60.17918,24.95141,00000000675d5200,12.69
885,2019-08-04T11:06:02Z,4a698fc07c15af1bfd89d96e9aac18365182e3a4d854f729ffa11bb7,60.16531,24.9442,00000000fdda10fe,27.28
886,2019-08-04T11:06:02Z,4b5b3e8f2b484bc08b196c265f65c70151bd69f6263318eb29125db2,60.16829,24.94214,00000000afef4555,4.11
887,2019-08-04T11:06:02Z,4c23bd637ecb5972928c323594df7193a851651f192690fe9c4b951b,60.17002,24.94407,000000006b087f40,21.87
888,2019-08-04T11:06:02Z,4cf634fc84e128c3b9bce07a4b726d136e18f0eea4229fdbb48f6db1,60.16897,24.95222,00000000aa852af1,21.87
889,2019-08-04T11:06:02Z,4d31b0561dbfc9ef5acbd44ba92acb4ca7bad86b948634f005173ece,60.14699,24.922,00000000a53ed894,9.12
890,2019-08-04T11:06:02Z,4fb84ecf5d221439a3af3b68650b3b7dea1d1324213f3ea57669ead0,60.18203,24.91341,00000000342570c2,16.1
891,2019-08-04T11:06:02Z,50a06af190dfb27cbd4d6ca55980b1379ec795af8b9e5ebc00d73257,60.16762,24.95415,000000006b44cce7,17.4
892,2019-08-04T11:06:02Z,52ca3ac5f0a00a82a02d8245c8d7527d59a77722572efe60e9cd481f,60.16762,24.95415,000000006b44cce7,11.7
893,2019-08-04T11:06:02Z,52daa31a2b3c1c07f78d96ebb4de3a965da5ef0a8035afbd0f7451fb,60.16531,24.9442,00000000fdda10fe,17.4
894,2019-08-04T11:06:02Z,541f330d2ded03609f551d02b8149da9cd07ee36aeee630f8fc9de8c,60.14699,24.922,00000000a53ed894,21.87
895,2019-08-04T11:06:02Z,542a405b620e6d166ecc5eadd979b3936d831cea3aa7b75316adb4ca,60.16897,24.95222,00000000aa852af1,33.81
896,2019-08-04T11:06:02Z,54d53f276563f566e1cd61b100408412cf78b4fe9fcada830aa6e23b,60.14947,24.91438,000000004ef3150d,8.38
897,2019-08-04T11:06:02Z,5518b2315c236d486c7a5a4fc27c44987672b2f9a0751ffdaa9cbf78,60.16829,24.94214,00000000afef4555,8.38
898,2019-08-04T11:06:02Z,56101419005237b836e4ed14d91dfa6f9edc4c92b5fcb419943897bb,60.16762,24.95415,000000006b44cce7,8.38
899,2019-08-04T11:06:02Z,56318cc7f3616fceec2564cbb1f6ca8b88ea861935a1ada93aafd7b0,60.16897,24.95222,00000000aa852af1,13.75
900,2019-08-04T11:06:02Z,565a35900ed1794a9d566f6fc12f2710875a10eb7c8e6fa0ddd92626,60.14699,24.922,00000000a53ed894,12.69
901,2019-08-04T11:06:02Z,571934189bf349efb6f596e76c21612cf9b82ed44913090169936048,60.17065,24.93641,000000000f4919c9,11.7
902,2019-08-04T11:06:02Z,579ea129e99082446da0a3f358091546de1f8b2db0feb92b86d25a89,60.149,24.9843,00000000fffb8cf0,20.28
903,2019-08-04T11:06:02Z,586f70961bf72597ce00f89d3602178ecc6ac8838a8acec48bba7f9f,60.14699,24.922,00000000a53ed894,21.87
904,2019-08-04T11:06:02Z,58c5faa3a5a33380286fc185676e8f2764cdde5a6dc9f43eee9d3b0c,60.16448,24.97323,0000000053c6c2be,23.56
905,2019-08-04T11:06:02Z,58ee8fd47328b1c696ec343920f2c0353d19a915924eb6f6f2638e56,60.16762,24.95415,000000006b44cce7,7.05
906,2019-08-04T11:06:02Z,59b87e6921598d25b092b66e140328fa03c9f06fe4e697dd344f378a,60.17002,24.94407,000000006b087f40,20.28
907,2019-08-04T11:06:02Z,5a6d2f34f7f677bf47ee3d08ac1371b3ad3d7f7f027685cf4740ab78,60.16762,24.95415,000000006b44cce7,17.4
908,2019-08-04T11:06:02Z,5a755f0653ee0e334448418099ed85023db0a9984c280cfbadd74160,60.173,24.92524,0000000096918cfa,11.7
909,2019-08-04T11:06:02Z,5dd72127ec2a804c5a8ad20d017bd6aa8ac2903568e2e28d38e17314,60.16897,24.95222,00000000aa852af1,29.32
910,2019-08-04T11:06:02Z,6022019a95573b888ca7b3161da098935ea0ad7793437ee40a32a5f3,60.14699,24.922,00000000a53ed894,9.92
911,2019-08-04T11:06:02Z,6138e6ab3e1e74425af8945a6fcc294c1469a0b9c448b780bcf9d2e2,60.14699,24.922,00000000a53ed894,13.75
912,2019-08-04T11:06:02Z,62d86ee13e6ae7a5c41ffc2de746df72d4ef6e8d2b6a51ce1c68965f,60.16829,24.94214,00000000afef4555,13.75
913,2019-08-04T11:06:02Z,63b8ca586c8c171816d50ff13e5562f3467b1acd7bcb15632ad51f24,60.16762,24.95415,000000006b44cce7,14.89
914,2019-08-04T11:06:02Z,63e498fd789abe431cdf86f184a50616c85717e1efc893da1e1a2222,60.16897,24.95222,00000000aa852af1,23.56
915,2019-08-04T11:06:02Z,64d10ef0926ecca987bad278990d966d8fac8775f03847d1f5a4a2f6,60.16762,24.95415,000000006b44cce7,10.78
916,2019-08-04T11:06:02Z,6656d2ce0a18f92aca4d99810ecaefe94dbe9a0e2ea987f1702aeecb,60.16762,24.95415,000000006b44cce7,9.92
917,2019-08-04T11:06:02Z,66755836036c771e53ffd9d0dc09b8575231b53b80af22e868691a2a,60.14699,24.922,00000000a53ed894,4.5
918,2019-08-04T11:06:02Z,675c19fa88e446a423d3396a15abe22971d1ce207ada2ca102fb7189,60.16897,24.95222,00000000aa852af1,17.4
919,2019-08-04T11:06:02Z,6770188bfb70997d029b95fe32bafef6ca944778a3f1a35d0fa674b8,60.16829,24.94214,00000000afef4555,16.1
920,2019-08-04T11:06:02Z,67b49046c3bb96e9e2f8d9396871ed7976dd35efb6c386141325f95a,60.16897,24.95222,00000000aa852af1,13.75
921,2019-08-04T11:06:02Z,69158bfbcf8399435cc52d623b530dc75089182b7ab05efb64e64021,60.15432,24.9211,0000000019fb59c4,29.32
922,2019-08-04T11:06:02Z,69d8c906060e226ff0f0f7e78029575f2ee07ebec657a3b641419268,60.14699,24.922,00000000a53ed894,14.89
923,2019-08-04T11:06:02Z,6ac1903c80e63433e4bc744dc0e801bff647117d38d3753fb9a6a4c1,60.173,24.92524,0000000096918cfa,11.7
924,2019-08-04T11:06:02Z,6c637347d64659d1b29b0461397fccfbff09339872c14e32469fbd0f,60.16762,24.95415,000000006b44cce7,7.69
925,2019-08-04T11:06:02Z,6c97da4ba9462e7fe786a472989dab23340d31809dd78d5617204da4,60.16829,24.94214,00000000afef4555,12.69
926,2019-08-04T11:06:02Z,6e492dbc3f10157e7ff00826a839a97262ab36244ccc57b702a89999,60.16531,24.9442,00000000fdda10fe,4.5
927,2019-08-04T11:06:02Z,6eeb71c74d753822f920829149d942cf52b726b0b83c5aa3e6cb132e,60.16762,24.95415,000000006b44cce7,11.7
928,2019-08-04T11:06:02Z,6f464e5508f8231eb6825ef84c1e5e5e7a2dd706574f309a2bef78e8,60.16762,24.95415,000000006b44cce7,17.4
929,2019-08-04T11:06:02Z,70ffae2b8178e0915c5de7816f8dd8bcc3af745ee49df8ac4da4adba,60.17918,24.95141,00000000675d5200,12.69
930,2019-08-04T11:06:02Z,714e80a1e3c0fee43e312f314b2faec47e582ee8dac47e4818dbc2f9,60.149,24.9843,00000000fffb8cf0,16.1
931,2019-08-04T11:06:02Z,71516fc8349cfaf2b5c4ab80ade6078494d93d13e9953af15e5ced30,60.18203,24.91341,00000000342570c2,10.78
932,2019-08-04T11:06:02Z,730d975773cc8c9c07ff88fb87377ff64a961a96e9237e59859fa46f,60.16762,24.95415,000000006b44cce7,10.78
933,2019-08-04T11:06:02Z,738973c9b5f9882f29075e47ca10e50ba3fb9883da779f41545175f4,60.17919,24.95181,000000007b5207b6,6.46
934,2019-08-04T11:06:02Z,7484ecf89e24efb4a366562730f7341391f930dad7b216184022d0da,60.173,24.92524,0000000096918cfa,23.56
935,2019-08-04T11:06:02Z,74c2ec2adc228e5b4979284d730fd2de698242f0f06d90f870b8cde6,60.16762,24.95415,000000006b44cce7,1.01
936,2019-08-04T11:06:02Z,74cb545f76f0bfc5498607247e26e814276a11ce91f77208054ecbc5,60.17002,24.94407,000000006b087f40,27.28
937,2019-08-04T11:06:02Z,75062842e96b60c5ae6c51127f8160e69256c2eb1a6f33771f8f0bdb,60.16829,24.94214,00000000afef4555,25.36
938,2019-08-04T11:06:02Z,7552783317be1ef797980c3a9ee9c5967d4e7b32765f23c51ffda02d,60.16897,24.95222,00000000aa852af1,14.89
939,2019-08-04T11:06:02Z,77964c48bd2a8658eeedae4be816422b0ef0be1ee1b6f9093b47f14e,60.14699,24.922,00000000a53ed894,16.1
940,2019-08-04T11:06:02Z,79bde23c1a8980f93a65e14306f0d8ea89e164430d8b991e2bfee82e,60.16531,24.9442,00000000fdda10fe,20.28
941,2019-08-04T11:06:02Z,7a7443a2060675f4b9755ab53cca1f1053bdfe0e4f98acd95b61544b,60.17065,24.93641,000000000f4919c9,23.56
942,2019-08-04T11:06:02Z,7bdbfc042dd024cb5630bef515de25ef67819b5acb44ef00df4695d4,60.149,24.9843,00000000fffb8cf0,17.4
943,2019-08-04T11:06:02Z,7c0622333c8795e1c2889943aba044b95226cbe3c444361da8f8d40e,60.16897,24.95222,00000000aa852af1,18.79
944,2019-08-04T11:06:02Z,7c55ecf165387948602e82b684a55be093691849fde2d96ad6574475,60.17065,24.93641,000000000f4919c9,18.79
945,2019-08-04T11:06:02Z,7d1cd84750a8d7bdf29c5676e1a6d90930808c81e1d8e6a750a7f17b,60.1538,24.95595,0000000038bf9618,47.69
946,2019-08-04T11:06:02Z,7de4ba54f0d667a69cb0b6d625856bc6b040f51a42f91beae366a269,60.16762,24.95415,000000006b44cce7,7.05
947,2019-08-04T11:06:02Z,7e78b2348d9576c63ebb626030ee9d43e2bf07e860782adf3f1c452b,60.16829,24.94214,00000000afef4555,20.28
948,2019-08-04T11:06:02Z,7e9880612b626be1f70a0b9cd9309b4081df8dda1d9f0e8c531d75a7,60.16897,24.95222,00000000aa852af1,31.5
949,2019-08-04T11:06:02Z,7eefc5581c616491b78192b28b519ba727dc884a87bc06b8df1ea4f2,60.14699,24.922,00000000a53ed894,18.79
950,2019-08-04T11:06:02Z,80ffa6235c9fd84bd35d46706c7d0c4126ee0e241a070c5ae5f30d14,60.16762,24.95415,000000006b44cce7,9.12
951,2019-08-04T11:06:02Z,822590bd49bcf7ed4de4f8389586915c343b29c4283ff8b90d7c1d39,60.17065,24.93641,000000000f4919c9,12.69
952,2019-08-04T11:06:02Z,82a5e8b842d83fbf5e1d3f07e6f2c9b546baf7c98e903f891847e11f,60.15133,24.92329,00000000e8a064a4,33.81
953,2019-08-04T11:06:02Z,82ac749474448abac333d00869cb8b508872f86293913d95eae26a05,60.15432,24.9211,0000000019fb59c4,6.46
954,2019-08-04T11:06:02Z,82cddd3b9f58762d36efe78da4e2722ee587cfdb3fdbc58b52673082,60.16629,24.95957,00000000fb7600be,12.69
955,2019-08-04T11:06:02Z,844b8ad6ebf530978d1139d527a681991f4d3eed6be5bc723f0b2192,60.16531,24.9442,00000000fdda10fe,0.84
956,2019-08-04T11:06:02Z,87ea10367f1569e575dc4bc60f0f4238eafb52ba8a2cc8e5e4584232,60.16829,24.94214,00000000afef4555,20.28
957,2019-08-04T11:06:02Z,87ecec345b34dca4db86cbd66248eeb829282d0cc54caff92455dff2,60.16762,24.95415,000000006b44cce7,13.75
958,2019-08-04T11:06:02Z,87f4cf4baea8c5dfe1bc7812cc969574058bd4d2dda215192bcfc53f,60.14699,24.922,00000000a53ed894,4.5
959,2019-08-04T11:06:02Z,886032718e05487be8bd75bb14464814044c7edd7f9a2198304f6fb4,60.16629,24.95957,00000000fb7600be,17.4
960,2019-08-04T11:06:02Z,88ee7d98af3d9470df5daf433cfa0405f6225cb56b98b7c48d260fd4,60.17002,24.94407,000000006b087f40,12.69
961,2019-08-04T11:06:02Z,89df1daad350e46d526e113019214d2e1a19d8f48da761bb3583399b,60.16762,24.95415,000000006b44cce7,3.09
962,2019-08-04T11:06:02Z,8aa9897f62e94fdf9de155e7c474dba1ecb35b7875331b3b5f414f4c,60.16829,24.94214,00000000afef4555,13.75
963,2019-08-04T11:06:02Z,8bffe034066821502092859341756212a0dcb6b2c605852c0c40fdeb,60.16762,24.95415,000000006b44cce7,9.12
964,2019-08-04T11:06:02Z,8dae8c39d58b18df713713239222f2d512c9e912893f774a8db6a124,60.16629,24.95957,00000000fb7600be,21.87
965,2019-08-04T11:06:02Z,8e32f03aa51152a06255173f7dc5aaa2c75cef6f6aa829bd51fea777,60.16762,24.95415,000000006b44cce7,9.92
966,2019-08-04T11:06:02Z,8f3d9ab893ae4a48fd3417f3a749c21e792779990ae0ad75a8f211de,60.1538,24.95595,0000000038bf9618,31.5
967,2019-08-04T11:06:02Z,8f425b4f4869df00463f965cdcacf66e5bb330a0c0f59e9c11eea48f,60.16762,24.95415,000000006b44cce7,16.1
968,2019-08-04T11:06:02Z,90b12d2b9898702fd62b343512e0d53796ae38decdf704e203a0cc39,60.16829,24.94214,00000000afef4555,17.4
969,2019-08-04T11:06:02Z,90d134ab0f878e1794222e35c3a25d43ac72d7d223f4335192273817,60.16762,24.95415,000000006b44cce7,18.79
970,2019-08-04T11:06:02Z,91602a694bc74a2874ba7f02a7bae062a3a77cd869b86a74800415b8,60.17919,24.95181,000000007b5207b6,14.89
971,2019-08-04T11:06:02Z,92df20d921f76c63470e3f5afbe201d3ae15f5133f66c291db796082,60.16629,24.95957,00000000fb7600be,18.79
972,2019-08-04T11:06:02Z,934bab75e2a2354910288b01c44fdfda4a87f92ac010109f641b3122,60.14699,24.922,00000000a53ed894,29.32
973,2019-08-04T11:06:02Z,93be2ffbdd44740291e9e0b73792e85df915264539f1f8f2e7ec7235,60.16629,24.95957,00000000fb7600be,13.75
974,2019-08-04T11:06:02Z,94ac9d6e79236013b9fa24e1c52123819228f6962b5952637ca80fcb,60.16762,24.95415,000000006b44cce7,11.7
975,2019-08-04T11:06:02Z,951482f3e2e41b496e34885c346c4a7ab09427178119caa9b8bbcbb6,60.14947,24.91438,000000004ef3150d,33.81
976,2019-08-04T11:06:02Z,956e6783464bae6253294c4a0be99eef3a8bdb0125c4c190587c0fa8,60.17002,24.94407,000000006b087f40,27.28
977,2019-08-04T11:06:02Z,96c2df1bba9699518ad1f9cce8f910f076467a5aad1b365611c93a1a,60.16897,24.95222,00000000aa852af1,20.28
978,2019-08-04T11:06:02Z,97490f522f1a0226c8f7e8ed7bca08dd71b63d80b46d38020127b868,60.14699,24.922,00000000a53ed894,8.38
979,2019-08-04T11:06:02Z,9759894c6f46d9e82992282b211a84549983c7a9995cd91fb1178818,60.16829,24.94214,00000000afef4555,27.28
980,2019-08-04T11:06:02Z,998ac46ad73c197bab1f36dca67d8bcaa3aca92249185a5e3715043f,60.17065,24.93641,000000000f4919c9,13.75
981,2019-08-04T11:06:02Z,99b998b07243afd316e6fa57636b0ab6761b9c2a6f0fe050eae40c08,60.16762,24.95415,000000006b44cce7,9.92
982,2019-08-04T11:06:02Z,9a49d0b5a67fba15ce8971503f6fea88994b33487a842397c5e8564f,60.16762,24.95415,000000006b44cce7,5.41
983,2019-08-04T11:06:02Z,9aa588cb6f425117e45726b6b9adb7ef86c8f7c8113b547dc61f068a,60.16897,24.95222,00000000aa852af1,17.4
984,2019-08-04T11:06:02Z,9ab0a60cb60531417ac6ec5ebc6ef591d2f39019c6b0bcb5a89101a2,60.14699,24.922,00000000a53ed894,21.87
985,2019-08-04T11:06:02Z,9b24f69458294d27d07a0169665965135fd02f4c953f85bcebf4ba87,60.16762,24.95415,000000006b44cce7,10.78
986,2019-08-04T11:06:02Z,9b4b0705e58750d2bcbd71ad65d85677f7e77db5dfe69d1a70b5d31f,60.17919,24.95181,000000007b5207b6,14.89
987,2019-08-04T11:06:02Z,9bc50d931d6c1678284177395958d15f05b45d60ae7bc09fe1e1694e,60.16762,24.95415,000000006b44cce7,3.74
988,2019-08-04T11:06:02Z,9bef562c292174f1eb3933116effff74a8733a78e5c1df140de3fd6c,60.17919,24.95181,000000007b5207b6,6.46
989,2019-08-04T11:06:02Z,9c40a1c76be950694e1b5448f8ad2337198d9a75090bfebc30c7392e,60.16629,24.95957,00000000fb7600be,29.32
990,2019-08-04T11:06:02Z,9eb1e9bfdceb76ef852f89ebd82139602125f9731b791465e1c21f81,60.16829,24.94214,00000000afef4555,18.79
991,2019-08-04T11:06:02Z,9f1920350685b4cb747c535ba3c3dc1cb29587668bd507ab96e5692f,60.16629,24.95957,00000000fb7600be,27.28
992,2019-08-04T11:06:02Z,a066e2044b486819fe2185765f63ed87f8d10c502f26a01be1f1a758,60.149,24.9843,00000000fffb8cf0,31.5
993,2019-08-04T11:06:02Z,a1439b6683d0598c7a05080c3693a17c198f7b8c3297c77324ef4859,60.16829,24.94214,00000000afef4555,2.8
994,2019-08-04T11:06:02Z,a25b897b52089b243421b68349d3f15e60ce8249d11c889a4626bfc7,60.18203,24.91341,00000000342570c2,23.56
995,2019-08-04T11:06:02Z,a44eda7b8ec58e1cd7c078a73c4da7fb0037d59453aa6bfe69b7cbdd,60.16762,24.95415,000000006b44cce7,7.05
996,2019-08-04T11:06:02Z,a50e0bb8fd1ad4ad264c3246b210a0c6285faae591c1bd2c2c3458af,60.16829,24.94214,00000000afef4555,12.69
997,2019-08-04T11:06:02Z,a51a9aab75637e56bef3effddc420dfcd95b8cbd85d95917aaac38d5,60.16762,24.95415,000000006b44cce7,3.74
998,2019-08-04T11:06:02Z,a5d632ac8ffc19a626de034d3c9444fd262ee6edada285c816ea9266,60.16531,24.9442,00000000fdda10fe,7.05
999,2019-08-04T11:06:02Z,a764c2246c85b2b0aa79e581e2fe238da93de098abbb90aee24c11ca,60.16829,24.94214,00000000afef4555,20.28
1000,2019-08-04T11:06:02Z,a7cc1a0b8bbb896ef55043e385a939c97fd5cfaf6d43a4db6c720076,60.16762,24.95415,000000006b44cce7,13.75
1001,2019-08-04T11:06:02Z,a81c19fb85eebf853246cdc4d8e38245dfa5ba15c180eaa1bcc0378d,60.16829,24.94214,00000000afef4555,14.89
1002,2019-08-04T11:06:02Z,a839342a24e3d1888272bbc320a2581550bf7466264e743b0c20323a,60.16762,24.95415,000000006b44cce7,23.56
1003,2019-08-04T11:06:02Z,a99331c8ffa6025a6415a70989273c6f629ac5ad321591e5f61d3654,60.16762,24.95415,000000006b44cce7,10.78
1004,2019-08-04T11:06:02Z,aa4547c0b6b8be30776e08d524ceeacfbc9930ad720e11fa4cb20882,60.16531,24.9442,00000000fdda10fe,1.7
1005,2019-08-04T11:06:02Z,aa45859d6157e9e86470ec8b81957acc35bafb1b7f419d79357a38cf,60.16829,24.94214,00000000afef4555,8.38
1006,2019-08-04T11:06:02Z,ab1377ddf669bb806f8db586f4ce5ab9f0f4257dda61fe800d8509f5,60.17065,24.93641,000000000f4919c9,16.1
1007,2019-08-04T11:06:02Z,ac4679e3db131ec2ea8e1111c8aa0d71020cf8796ecb11f142478394,60.14947,24.91438,000000004ef3150d,5.91
1008,2019-08-04T11:06:02Z,ac5c7e04b55d6d70659e5b8f4705309b9367c78a0edb7ce85f42c181,60.1538,24.95595,0000000038bf9618,23.56
1009,2019-08-04T11:06:02Z,ae2143f0fab3405d38da14312fd801d7d7524534cd3ffeadc631feb0,60.149,24.9843,00000000fffb8cf0,25.36
1010,2019-08-04T11:06:02Z,ae3cda5066e455d4b1e58860e8fb7a35efad69b9964a676b476b0687,60.14947,24.91438,000000004ef3150d,4.94
1011,2019-08-04T11:06:02Z,b02a0be9ec3a2bb1acba16daee232202f9a06ac84e0dcc9a80dddf6a,60.16762,24.95415,000000006b44cce7,8.38
1012,2019-08-04T11:06:02Z,b2298fc6f63c02481610f9aef24f1a0c1711c255adc43c0fe135c1ca,60.14947,24.91438,000000004ef3150d,9.12
1013,2019-08-04T11:06:02Z,b26d0daac9f8fb84484cbd8ed668aeb6751e848b1c533a307d163360,60.16762,24.95415,000000006b44cce7,8.38
1014,2019-08-04T11:06:02Z,b3266ecf36a984b814e1b2d31b447438bd948a9c116721480104792f,60.16829,24.94214,00000000afef4555,16.1
1015,2019-08-04T11:06:02Z,b4c8900041e9f8751755d3940ceac58419e6370cd81cdb90d7800de1,60.14699,24.922,00000000a53ed894,17.4
1016,2019-08-04T11:06:02Z,b50b3c2006581bccfeaa9ea964649350c7d5b8177baa29a37e628584,60.14947,24.91438,000000004ef3150d,14.89
1017,2019-08-04T11:06:02Z,b5cdbcdc30e0bf653ce353c867708b0067db5e394c8cbe848d978a77,60.14699,24.922,00000000a53ed894,9.12
1018,2019-08-04T11:06:02Z,b5f80d159e59c4558e49ea6fb68f6bc72ee9eb92bee60991bdf4e46f,60.16762,24.95415,000000006b44cce7,10.78
1019,2019-08-04T11:06:02Z,b601cd655bb9f05aa6ec86fc9eb9300c3bc20bc0e856e94ad168a257,60.14947,24.91438,000000004ef3150d,9.92
1020,2019-08-04T11:06:02Z,b81e65168ea3278486b1c954ab229bc2eda3fe07098e824f05cd0ac4,60.149,24.9843,00000000fffb8cf0,23.56
1021,2019-08-04T11:06:02Z,b8f5834e6b992cf5568ae3153fb4b07e97b7f6dd01250851134c1824,60.149,24.9843,00000000fffb8cf0,12.69
1022,2019-08-04T11:06:02Z,b9447a524f5b5bf98585b27b92195b09869ee9cd9da3cf8d2b59c57d,60.16829,24.94214,00000000afef4555,16.1
1023,2019-08-04T11:06:02Z,b94a89170a6b4557fbaa348692a95f7c190945991bf52834a36874fd,60.16897,24.95222,00000000aa852af1,31.5
1024,2019-08-04T11:06:02Z,ba288a5fd2befbc9ed08e7876ad7cb2bd8bfe6f5756d2ffe8e2dc558,60.17002,24.94407,000000006b087f40,11.7
1025,2019-08-04T11:06:02Z,bbf7d8b9085ddcd3b94f55f93b52cb40a251c44f5df4099ba5b61471,60.16829,24.94214,00000000afef4555,4.94
1026,2019-08-04T11:06:02Z,bd7fa2c07b7e0eab8afb3d9825a810643c2eb71f83c09a1e26cac54c,60.16762,24.95415,000000006b44cce7,4.94
1027,2019-08-04T11:06:02Z,bdc8bd416444be70683b3475302093428e4abe14284e9579617fe8ea,60.1638,24.96846,00000000d747f075,29.32
1028,2019-08-04T11:06:02Z,c012e9e2caf1002d24e53817bb1279becdfc4aa9dba085e93ddd88e9,60.17002,24.94407,000000006b087f40,18.79
1029,2019-08-04T11:06:02Z,c239e27b985c23449b6aa84b78560b1b4e535975f3ba059d7987efe4,60.16762,24.95415,000000006b44cce7,8.38
1030,2019-08-04T11:06:02Z,c26838ba90ff36e1d86e327d1623e206734b7c8db8e463218bd43123,60.16762,24.95415,000000006b44cce7,5.41
1031,2019-08-04T11:06:02Z,c27fee8ae8d689338b043608280c83cfa6f3276d3837ecea5f742dc3,60.16762,24.95415,000000006b44cce7,4.5
1032,2019-08-04T11:06:02Z,c295586f7beda12838a6631ba525676d39d7d054c321b62de8c8c3d2,60.16629,24.95957,00000000fb7600be,14.89
1033,2019-08-04T11:06:02Z,c2cc33e5b1b8d254d4bcbc0ffa13c9200676a39a191cc31a38d28d8d,60.17065,24.93641,000000000f4919c9,20.28
1034,2019-08-04T11:06:02Z,c2e135ad2c160277e290705658ac41d7cd35b11ebf61d829fdd0b428,60.14699,24.922,00000000a53ed894,8.38
1035,2019-08-04T11:06:02Z,c45e3c4e8ec0fc85457d3b4ed4c49ed0116b4cf447e2983f353abcd8,60.16829,24.94214,00000000afef4555,9.92
1036,2019-08-04T11:06:02Z,c4c3ad738ca47920bb66939f620126c87f730c644813158554916827,60.16762,24.95415,000000006b44cce7,13.75
1037,2019-08-04T11:06:02Z,c55894159f2080031cda702c78ee54463c3c15ab1b3638afdf687f08,60.16531,24.9442,00000000fdda10fe,3.4
1038,2019-08-04T11:06:02Z,c6b0ea433c3fdc73e0bac7e3faa2690506c4e8ec7fc54210446a7ffa,60.14947,24.91438,000000004ef3150d,14.89
1039,2019-08-04T11:06:02Z,c7ced11121537f55bcd7d7ab67312226dafe7c85320c5357a35d5ab7,60.17002,24.94407,000000006b087f40,20.28
1040,2019-08-04T11:06:02Z,c8f8a7a901c692af2aec8031d27f0b7efc946f113895771f87fefe1c,60.14947,24.91438,000000004ef3150d,25.36
1041,2019-08-04T11:06:02Z,c990a15d27cfc21e63b7c96b95949254f1194e8b27118386a589e2bd,60.16897,24.95222,00000000aa852af1,16.1
1042,2019-08-04T11:06:02Z,ca9ba013f86583100bfa841287733d9985b9d5e28a116525c40a4b40,60.16762,24.95415,000000006b44cce7,9.12
1043,2019-08-04T11:06:02Z,cb2f32be2e27fc44ead887ff7f76c0199bf68b2c6711e6880f4acd01,60.16762,24.95415,000000006b44cce7,7.69
1044,2019-08-04T11:06:02Z,cb835fd4fac726f1e4267acd6118f57b62a0444d69f948745a601682,60.16762,24.95415,000000006b44cce7,44.58
1045,2019-08-04T11:06:02Z,cd7d0e9404c9f4e8fab0742460b9acb4d5bbb97f44df80d4a8b973cd,60.17002,24.94407,000000006b087f40,7.69
1046,2019-08-04T11:06:02Z,cddbfc3b0a1459f0ea8d553779cf320d512cac6e64976182f2f0b3b7,60.16829,24.94214,00000000afef4555,20.28
1047,2019-08-04T11:06:02Z,cf241827513137f094cda8111245217a32612fdb8fdb573be6e1893d,60.16762,24.95415,000000006b44cce7,11.7
1048,2019-08-04T11:06:02Z,cfc79310c3124813bbb9cfe4d4edc24cfa4b7c23419b4517c5eed261,60.16448,24.97323,0000000053c6c2be,21.87
1049,2019-08-04T11:06:02Z,d04b5065ec93818b731141027d11e6a1cf53de69b9737d7aea0c34da,60.14947,24.91438,000000004ef3150d,13.75
1050,2019-08-04T11:06:02Z,d0bb294e434cf3d7a5fd391e049fb5412e08b24594a614893480b5f9,60.17002,24.94407,000000006b087f40,14.89
1051,2019-08-04T11:06:02Z,d162ad46250f7d87af446db22df4aa6b2eb2bf22f83beca34e857743,60.16762,24.95415,000000006b44cce7,5.91
1052,2019-08-04T11:06:02Z,d20f68571773330f7b6490b006b2e952c9912b4ee05e20f0fc434698,60.16629,24.95957,00000000fb7600be,21.87
1053,2019-08-04T11:06:02Z,d25e926dba8aa2c77f46ada32671b08b1176455c0e3693d160b87744,60.16762,24.95415,000000006b44cce7,12.69
1054,2019-08-04T11:06:02Z,d2b816bfc9982b3f48d8baa389dc18ef7a57d3dcba72567b2865e2e2,60.16762,24.95415,000000006b44cce7,7.05
1055,2019-08-04T11:06:02Z,d2fd0c6415d2d8e49fef3415fb8747b524191b4400a4fbb66428cb12,60.14699,24.922,00000000a53ed894,9.12
1056,2019-08-04T11:06:02Z,d4c9ea46d58288bf42808788e668072465d91dd3c874a8a51de5794e,60.16897,24.95222,00000000aa852af1,10.78
1057,2019-08-04T11:06:02Z,d6a8c97f1ec18c7a90d3beae358bad67f8d53626258a852e15b08c5d,60.14699,24.922,00000000a53ed894,11.7
1058,2019-08-04T11:06:02Z,d71a315bac918f9a18fcd820731e6d9eb54fb0d01c324ca088ef8858,60.149,24.9843,00000000fffb8cf0,13.75
1059,2019-08-04T11:06:02Z,d83c1c2d3a3876c948e277bace6d013eafc0c4e118958e138f8b1257,60.16448,24.97323,0000000053c6c2be,29.32
1060,2019-08-04T11:06:02Z,d96d3d19e150ae098d25de57dee43b58b025b6d66e32d137b1323092,60.16762,24.95415,000000006b44cce7,25.36
1061,2019-08-04T11:06:02Z,db45583e1f7aaaf54e100214986dfc86aa755383e86d361639a5b19b,60.16762,24.95415,000000006b44cce7,4.94
1062,2019-08-04T11:06:02Z,db4d3f81708de827ce30c4130610fd65b4d6d451ca5cf6b0c4e745d9,60.16829,24.94214,00000000afef4555,16.1
1063,2019-08-04T11:06:02Z,dbd2fa33dbaac339a8c9d8e04576b1088999b9314914676a2247737c,60.1638,24.96846,00000000d747f075,18.79
1064,2019-08-04T11:06:02Z,dc4072a3cfc00cca0bde9925adc82bb9c2548af1724368561eefcbf8,60.16762,24.95415,000000006b44cce7,14.89
1065,2019-08-04T11:06:02Z,dc816e92e4a2eceea03f41fc379fda0e3d57b5d0fbd9a06430432022,60.16762,24.95415,000000006b44cce7,5.91
1066,2019-08-04T11:06:02Z,dcb8f3c3c5136c4abc8757fcb34fedc553ea044b0928f945d89334d5,60.16762,24.95415,000000006b44cce7,16.1
1067,2019-08-04T11:06:02Z,dcbd150d7326dc22a8ab087a0555b9c9549addd07f54aa909aa8ec1f,60.149,24.9843,00000000fffb8cf0,29.32
1068,2019-08-04T11:06:02Z,de21bcb426569aabcb266c842c0847e3c9e23b5bcc1faaff2dcc8f8a,60.16762,24.95415,000000006b44cce7,16.1
1069,2019-08-04T11:06:02Z,de48adf9d49eb3bc1d61dea4047618f6c77086fc44bd2b535d56504d,60.16762,24.95415,000000006b44cce7,6.46
1070,2019-08-04T11:06:02Z,df0e8ff4d2b113239e66c4c62bfa198af147b596a2f83309d01d3b3b,60.16762,24.95415,000000006b44cce7,17.4
1071,2019-08-04T11:06:02Z,e01908a975abc95425179eadafdba31d371f1d64674c967686df87a3,60.149,24.9843,00000000fffb8cf0,1.54
1072,2019-08-04T11:06:02Z,e081e4b3252ca91bbf1cbb70faa116d60317fbf3a991a67bc99b4bfa,60.149,24.9843,00000000fffb8cf0,5.91
1073,2019-08-04T11:06:02Z,e0859a9c906151023376d86762070f38ba1b3859e671531b0edac6cd,60.16075,24.95883,00000000f1124bca,18.79
1074,2019-08-04T11:06:02Z,e1da87aea335bcd04e4c876158b96ebc7ba4206bc216c3aa27a2f4af,60.17919,24.95181,000000007b5207b6,4.5
1075,2019-08-04T11:06:02Z,e305610124e16ed1411a221b29ce69a076cc47982efd6c098b0599ab,60.14947,24.91438,000000004ef3150d,13.75
1076,2019-08-04T11:06:02Z,e44d7228cecbdb2474e1cc396a6c13943f09c08c19d0ffab1997d509,60.17919,24.95181,000000007b5207b6,8.38
1077,2019-08-04T11:06:02Z,e53a901aed874016e1cd1ed3e9b2891fca850986cb2fa04f5162cf52,60.16762,24.95415,000000006b44cce7,1.25
1078,2019-08-04T11:06:02Z,e557e164cd52fd817b02cad6587a294d72b0974d9b014ad69ea5e08e,60.17919,24.95181,000000007b5207b6,20.28
1079,2019-08-04T11:06:02Z,e57facbf08a4abd25c366c0604463549586bb771b6ce2cf62945cdbf,60.16762,24.95415,000000006b44cce7,18.79
1080,2019-08-04T11:06:02Z,e5928057da667903de0b6c1245e1f58273dd85d63d8af0f4eaa771de,60.16762,24.95415,000000006b44cce7,14.89
1081,2019-08-04T11:06:02Z,e5b9b4813c081a31fb498e7f9adb94918c267dfa125c63790c0d9488,60.149,24.9843,00000000fffb8cf0,7.69
1082,2019-08-04T11:06:02Z,e82fb1b58cd1d81fb46e1dca3b34ae603aa01acb01ef1d8a7178defc,60.16544,24.95398,0000000038d83d41,27.28
1083,2019-08-04T11:06:02Z,e9d59e25b58f33f70aad6832863cb59d7485ca55a1575558f92b74e7,60.16897,24.95222,00000000aa852af1,16.1
1084,2019-08-04T11:06:02Z,ea3eef2f497e934d53c3a02bfa190abb42a24ce200d24c69598dbf84,60.16762,24.95415,000000006b44cce7,9.92
1085,2019-08-04T11:06:02Z,eb09e242059d315d7f929b7befadc641eeddb95492babe81030cbabc,60.16829,24.94214,00000000afef4555,11.7
1086,2019-08-04T11:06:02Z,eb10ddb244dec4641f50a9b05b0e1cfdf4ac49e3dc3001cddb1e67c0,60.16762,24.95415,000000006b44cce7,12.69
1087,2019-08-04T11:06:02Z,ec485175d2b7a2c53d03bf546aee134c116d998976601b069570c6f9,60.14699,24.922,00000000a53ed894,12.69
1088,2019-08-04T11:06:02Z,eca1a609c675d971fcfba4277d230ccdc2de7805c629b1f5da9cc224,60.173,24.92524,0000000096918cfa,25.36
1089,2019-08-04T11:06:02Z,ecb1735f180422ec69f041cd2782a26c9f07d27a87893b3c30aaa9b7,60.16075,24.95883,00000000f1124bca,2.8
1090,2019-08-04T11:06:02Z,ecf13e9d610ad235409932d263110fd52c69d0f5f39e9ffd3ad8b740,60.16897,24.95222,00000000aa852af1,9.12
1091,2019-08-04T11:06:02Z,ed3b2eaece7e8846b296ad5c3f195aafb7410c95a88887d845982981,60.16762,24.95415,000000006b44cce7,16.1
1092,2019-08-04T11:06:02Z,ede13c9dc221bbc6c1daf78250fa6547303c06d7606c05ba0bf64547,60.17919,24.95181,000000007b5207b6,4.94
1093,2019-08-04T11:06:02Z,eea43687eab35d2c386347881796eb1c8279076b9e9642ebc2cd06ac,60.16762,24.95415,000000006b44cce7,2.8
1094,2019-08-04T11:06:02Z,ef15ff71b7dc4c2088249a4fca7e28900ae315245a7a3b4d571bf582,60.16829,24.94214,00000000afef4555,11.7
1095,2019-08-04T11:06:02Z,ef45fdc095ee55730384922266d8fce61de212d3c3df2441ea10e524,60.14947,24.91438,000000004ef3150d,9.92
1096,2019-08-04T11:06:02Z,ef5e495c5f9d3dd9eb22ed5b8faf1cc9e4225d4785ebb26a87d16fff,60.14699,24.922,00000000a53ed894,9.92
1097,2019-08-04T11:06:02Z,f196f5f8c08299d290b3bac1944e00bb1f2c90594db66438b0c10e6e,60.16629,24.95957,00000000fb7600be,9.92
1098,2019-08-04T11:06:02Z,f1d44b9d3710849eba7eab0b6646053378aa5f8ee3491ec2522f3c44,60.14947,24.91438,000000004ef3150d,16.1
1099,2019-08-04T11:06:02Z,f2657ffae2874f68002fc4b75fb489a255be88015f067e2cf500da8d,60.16762,24.95415,000000006b44cce7,11.7
1100,2019-08-04T11:06:02Z,f43b8b2cf2c0bd291543858796d75b211d283ab73dcab5ad5dfd0aeb,60.16897,24.95222,00000000aa852af1,16.1
1101,2019-08-04T11:06:02Z,f5ffa3dbcdd5592ac31344cb04a7a6d639109a4d6e196fa0df3990dd,60.17065,24.93641,000000000f4919c9,13.75
1102,2019-08-04T11:06:02Z,f77637205faf7603ac7c75cccc8fa3fdc53b010c6fa944f0e3efc927,60.17002,24.94407,000000006b087f40,20.28
1103,2019-08-04T11:06:02Z,f77d86d6fcfc6cc5ce50a14177a7100c8967fa5947fc13e3a198e345,60.16762,24.95415,000000006b44cce7,18.79
1104,2019-08-04T11:06:02Z,f78ef2ddbe48b534137498eab56c0a55ec0e0b1d8868e82cb5652a0e,60.14699,24.922,00000000a53ed894,3.74
1105,2019-08-04T11:06:02Z,f7be7d003528c0c0827040a3a3723e49406a5a7c86cb4bc568a830db,60.17002,24.94407,000000006b087f40,18.79
1106,2019-08-04T11:06:02Z,f855918d61069661cbf8633b228a5fb9e5cd5ea7b2946bfc5b9fc315,60.16829,24.94214,00000000afef4555,25.36
1107,2019-08-04T11:06:02Z,f91cfaaa18f242443a0b353450d580318ee7b8e703cf62eff748a8a9,60.17918,24.95141,00000000675d5200,25.36
1108,2019-08-04T11:06:02Z,f9ed4361c378e7c740818b0c356acbffa4a161af2ffbecb803ace9b7,60.173,24.92524,0000000096918cfa,25.36
1109,2019-08-04T11:06:02Z,fa1579394f4980e1fe11248f7be4e646b601a3d8cdb9361f182d066c,60.16762,24.95415,000000006b44cce7,8.38
1110,2019-08-04T11:06:02Z,fbd28054e4a5478c8ca06f4d682405d1c59bef4853cad413ecb58d13,60.14699,24.922,00000000a53ed894,20.28
1111,2019-08-04T11:06:02Z,ffb7319984ecae155652e100da9b204f0b92f3b6c7239cfea4dcf966,60.14699,24.922,00000000a53ed894,14.89
1112,2019-08-04T11:06:03Z,004c3624f943830bc6a9f17173a2cd0996622cade5184ad2b9fba729,60.16897,24.95222,00000000aa852af1,9.92
1113,2019-08-04T11:06:03Z,0152988639aaaa9cc27213280c8f0c0c8ec97ae6a45aaaf743c9c25d,60.16544,24.95398,0000000038d83d41,31.5
1114,2019-08-04T11:06:03Z,126e7fa4dd9205201617bdc0c7c346bfb57e1a75d3d7d3d9c260d51b,60.16629,24.95957,00000000fb7600be,23.56
1115,2019-08-04T11:06:03Z,128f1b89d7a534aa206a7823b692594bbd4d349761baa04c0fc72f2c,60.14947,24.91438,000000004ef3150d,9.92
1116,2019-08-04T11:06:03Z,14c7e1511b70f4dd3359cbece1377aebb4d70531f5489eefe53d7c3c,60.16544,24.95398,0000000038d83d41,23.56
1117,2019-08-04T11:06:03Z,165ebbb4090d47319ae370f0d0854fdc1f6b79499f8b2e4d3c3533c0,60.16544,24.95398,0000000038d83d41,27.28
1118,2019-08-04T11:06:03Z,16c994bb2e24124a910c247376d16e980a65626a94c4c0aaab27df60,60.16829,24.94214,00000000afef4555,23.56
1119,2019-08-04T11:06:03Z,25a7ff811c3c06e426c7c2cbb0433d9a2a3399b23afecbd35584ab0f,60.18203,24.91341,00000000342570c2,14.89
1120,2019-08-04T11:06:03Z,29016fc5853bb802e42e93eb5fd98882d64029327d793a2f2335b9e4,60.16829,24.94214,00000000afef4555,9.12
1121,2019-08-04T11:06:03Z,3fe5f4ccfa5c777ceafda0674d7c9da6f509f6694b4c2fa254b32e73,60.16897,24.95222,00000000aa852af1,17.4
1122,2019-08-04T11:06:03Z,402f8edce2e4dcc34a418a83e568dd491c14d450d63a3f35850d9c2e,60.16762,24.95415,000000006b44cce7,9.92
1123,2019-08-04T11:06:03Z,434e74155ec054f1bb6122a7ec736a48a27c6f4111995c3f2bb03897,60.17065,24.93641,000000000f4919c9,20.28
1124,2019-08-04T11:06:03Z,44d0b94469070803869f229601e877beb613c3f5aafa009addf97a1a,60.16544,24.95398,0000000038d83d41,25.36
1125,2019-08-04T11:06:03Z,4656bad9b5e6dfc3977eca308fc1db3dbf8b0204b90d09b001da242e,60.1638,24.96846,00000000d747f075,21.87
1126,2019-08-04T11:06:03Z,4774d3de2115f3cfeff91dc17ed763964fe86825629003f82ee45b2b,60.16762,24.95415,000000006b44cce7,9.12
1127,2019-08-04T11:06:03Z,5d65719c4cbf045f068d084b72302f447d5fd034413d97d13be00d0e,60.18203,24.91341,00000000342570c2,20.28
1128,2019-08-04T11:06:03Z,69219e9efa41ae9e732653e9eaf08e1a34cb853a9dafe76ddeea4d04,60.16897,24.95222,00000000aa852af1,18.79
1129,2019-08-04T11:06:03Z,6a70e2fbced719333e21eff04fcb9cb36bae9a04d1a3d6ddd96f2c58,60.15432,24.9211,0000000019fb59c4,4.94
1130,2019-08-04T11:06:03Z,85ef35aecf2ff804be3d958b592705ec41c6df9c128c132c65bb283d,60.16897,24.95222,00000000aa852af1,31.5
1131,2019-08-04T11:06:03Z,87dfaad29a9276ddddb1fa021d3bc23ad14824c1af16f7d87e713689,60.14951,24.92138,0000000006dd41f6,10.78
1132,2019-08-04T11:06:03Z,88808fe92573e9cdf022cc15b9689b6b4b9429f60513c8897b0ba4c7,60.16897,24.95222,00000000aa852af1,18.79
1133,2019-08-04T11:06:03Z,92a4351b20078e469332532ec495e838559c62590b166cce41762939,60.16897,24.95222,00000000aa852af1,23.56
1134,2019-08-04T11:06:03Z,9843c6216661048343a0e49cf3d8aa2883cf77f452666a1c873a1052,60.16448,24.97323,0000000053c6c2be,12.69
1135,2019-08-04T11:06:03Z,a01fa9091a190537108f7d85ca6b54b023828292d6ed65ab0b3c5619,60.14699,24.922,00000000a53ed894,21.87
1136,2019-08-04T11:06:03Z,a13e5d46f0a2d1c6b58878e1b198905e9b14e3a85b5e4adab88b4b87,60.16762,24.95415,000000006b44cce7,16.1
1137,2019-08-04T11:06:03Z,a3758affe1deba4cd791b32946ddeaa26af8b554e4b9673dd258f229,60.1638,24.96846,00000000d747f075,33.81
1138,2019-08-04T11:06:03Z,a91d379a4b57c5df22db0d7a041ff69f657b4b31f28554b1011fc03c,60.16544,24.95398,0000000038d83d41,31.5
1139,2019-08-04T11:06:03Z,b5fd6b317890e5ab2d79e2cd1abe61626d45a753c7337d0d40728898,60.16762,24.95415,000000006b44cce7,13.75
1140,2019-08-04T11:06:03Z,b851f114e0210cafffc75aa26c1b276c900f4083e224367195561efa,60.16829,24.94214,00000000afef4555,25.36
1141,2019-08-04T11:06:03Z,b936e41d8712ae967f3ebb413fc44f060bb10613f95537757886ede2,60.16762,24.95415,000000006b44cce7,11.7
1142,2019-08-04T11:06:03Z,bf7ce59939679783aec9a63b2f5eaa74e9c6f5703da40b730642884e,60.16897,24.95222,00000000aa852af1,33.81
1143,2019-08-04T11:06:03Z,bfcaefe93f7fcb6aad6e62e3da473a7b5b03a62db532dad02a7d3559,60.16762,24.95415,000000006b44cce7,16.1
1144,2019-08-04T11:06:03Z,c40c37def6bf11a63a2556519a7c6233fd417cdeea2cf14f28e7c42c,60.16531,24.9442,00000000fdda10fe,16.1
1145,2019-08-04T11:06:03Z,c97eb4181394121907d47b908495f54e5ee5145ff790f7a1dc21b3cf,60.16897,24.95222,00000000aa852af1,16.1
1146,2019-08-04T11:06:03Z,ca6927628f5ddda20036865c9345ad93d476d62ade3b181de568eed6,60.16897,24.95222,00000000aa852af1,23.56
1147,2019-08-04T11:06:03Z,cf05623e4d87ce0906c0b0b7dbf53aacc1228016cd27c341228b6e76,60.18203,24.91341,00000000342570c2,20.28
1148,2019-08-04T11:06:03Z,dbeb00942457ba3c5fb1984b57b1dedb268c0e761e80729b939f1fd8,60.16544,24.95398,0000000038d83d41,17.4
1149,2019-08-04T11:06:03Z,e224ae5ea47af2e3048f83b13a1f45dc135c0ca6be72547b01729086,60.1538,24.95595,0000000038bf9618,18.79
1150,2019-08-04T11:06:03Z,e6af35ebe4c87f166821f11fad668537305c0f52d192e9c4d308eaa9,60.16075,24.95883,00000000f1124bca,20.28
1151,2019-08-04T11:06:03Z,e764c1a69976425ee9c1982ca445db7a575a9d610bcb2215eeb2a728,60.14947,24.91438,000000004ef3150d,9.92
1152,2019-08-04T11:06:03Z,e8690c2d1711bc10f2d1251a3b5b1e770b98c66c384760400c604de1,60.16829,24.94214,00000000afef4555,31.5
1153,2019-08-04T11:06:03Z,e8e366e76c97944e23c0f80b4fd3ce6e5832744922297146a49f0c7e,60.16762,24.95415,000000006b44cce7,10.78
1154,2019-08-04T11:06:03Z,f088630d7476dae7d4b7e2bb1f10575f2c89acb4b6e061f3d57c2b40,60.16531,24.9442,00000000fdda10fe,18.79
1155,2019-08-04T11:06:03Z,f31cfded6f566f9c032c80c52ea642407be312c5d42521ab7a8d3e2a,60.16897,24.95222,00000000aa852af1,17.4
1156,2019-08-04T11:06:03Z,fc4f3a44235f1cfc7b53f14ba2da599976a5a0a220d23b852688e485,60.17919,24.95181,000000007b5207b6,5.41
1157,2019-08-04T11:06:03Z,0043f38f4fb6545d7c033c9a8f8c18106aa0c2c841f28a15dd722e9d,60.14699,24.922,00000000a53ed894,9.12
1158,2019-08-04T11:06:03Z,00dae8e6c0b169e69db1d1435e478728f9318e16ee31ff03e5572236,60.16629,24.95957,00000000fb7600be,18.79
1159,2019-08-04T11:06:03Z,00df07521690a1fb6e56d9506781a9888bb54e5230f6de1be64ba13f,60.14951,24.92138,0000000006dd41f6,18.79
1160,2019-08-04T11:06:03Z,0236a1d5b9b9d2249407a79705eee38de360ceb0530a8959ba5bc15b,60.149,24.9843,00000000fffb8cf0,18.79
1161,2019-08-04T11:06:03Z,02a354db29cd5bc16976a9d933e03a41be350f9cc78098829a7dcfd4,60.14947,24.91438,000000004ef3150d,21.87
1162,2019-08-04T11:06:03Z,03515f2dd8be9a829b8b55cec8dc0f87b3e51368f8f16e4c4014d547,60.16762,24.95415,000000006b44cce7,14.89
1163,2019-08-04T11:06:03Z,0495ba0a1c04e0262f37eaa32084a173acc00638a16e76bb922b97dd,60.16762,24.95415,000000006b44cce7,9.12
1164,2019-08-04T11:06:03Z,0656a0c0a353f164b57fbdd9e648d71fab429964d97ed07ab2c5dc30,60.18203,24.91341,00000000342570c2,18.79
1165,2019-08-04T11:06:03Z,07505f028a552fd4183a9d7a436db18ae89a2dfeff0cdea93dcbe920,60.16762,24.95415,000000006b44cce7,7.05
1166,2019-08-04T11:06:03Z,08833115ba0f62666fee594662c171563759459bb5f65ffdfeaeaed1,60.18203,24.91341,00000000342570c2,27.28
1167,2019-08-04T11:06:03Z,08b10b51864dc039f0a07c997e66e7a263ee1cde5b0b88b2a1178c58,60.16829,24.94214,00000000afef4555,9.92
1168,2019-08-04T11:06:03Z,096c3b0de1dab1407cd4d3330546404c0d62ce025924420496380f89,60.16762,24.95415,000000006b44cce7,6.46
1169,2019-08-04T11:06:03Z,0b45b52bc137c31ce83561c857f809296ec70f5537976a4a4d573d4f,60.16829,24.94214,00000000afef4555,5.91
1170,2019-08-04T11:06:03Z,0b49dcea1b7eab22f4ebd0c7666ded5b59fe092b8bdd4aa9eda6326d,60.16762,24.95415,000000006b44cce7,1.38
1171,2019-08-04T11:06:03Z,0c959027ce302054b09087cac97a83aa7e24fb9e4fa2710763f912cb,60.16829,24.94214,00000000afef4555,5.91
1172,2019-08-04T11:06:03Z,0d2490ed58c11eb4a754a30cc4bcb21c7243d322a2caf7cc360e4e8c,60.17065,24.93641,000000000f4919c9,18.79
1173,2019-08-04T11:06:03Z,0dc12f22306d5f6622fc786011f32f1961a5f94018be9c2236fb2e52,60.14699,24.922,00000000a53ed894,14.89
1174,2019-08-04T11:06:03Z,0e113c5ed3abcdfb31d27c3125f6cf01e3b96e4ed7eca1aaea855f77,60.14947,24.91438,000000004ef3150d,10.78
1175,2019-08-04T11:06:03Z,0fd26c6e46f4d73b276223942e56c38bc9b8e4566239f8a77261657b,60.17002,24.94407,000000006b087f40,29.32
1176,2019-08-04T11:06:03Z,1107822441d53ff89eb9cb0d022a37202aed47bd82dca4bc175d6837,60.16762,24.95415,000000006b44cce7,13.75
1177,2019-08-04T11:06:03Z,116e59da308964e8eb82cb6e5a758aad726ec3800f0fa17bc661e8fe,60.16762,24.95415,000000006b44cce7,12.69
1178,2019-08-04T11:06:03Z,117b6ba38be2f875c85c9c048106db4d2dbce58629a807d7d7773b6c,60.16762,24.95415,000000006b44cce7,10.78
1179,2019-08-04T11:06:03Z,118cffafccf902fa0dea50f220191f4eb7938f02c841bd3952fa3484,60.16762,24.95415,000000006b44cce7,13.75
1180,2019-08-04T11:06:03Z,1327ce24f157334f864f913637993c80380ce5f5c911e4b0d31c5eb7,60.149,24.9843,00000000fffb8cf0,20.28
1181,2019-08-04T11:06:03Z,1374f31e71652faf3e69316a295c22d59e560f15e35f42b003a89222,60.14699,24.922,00000000a53ed894,10.78
1182,2019-08-04T11:06:03Z,13b0a8ca1414d7b2b0e8d5f80069a5d26c6f62a68b58eda25a4b85f4,60.16829,24.94214,00000000afef4555,13.75
1183,2019-08-04T11:06:03Z,145c041e314a8676c47db35b6aea0670438480a791aafca19e59d5b1,60.16829,24.94214,00000000afef4555,33.81
1184,2019-08-04T11:06:03Z,1556d4a76070c26554efa12b4b9c53766a4cc394e8b74ee37f2fff65,60.17065,24.93641,000000000f4919c9,21.87
1185,2019-08-04T11:06:03Z,169c77f0d714e38eb1e798b14fa42ce3fefb0ec1d6f9e93a38a872f1,60.16762,24.95415,000000006b44cce7,9.92
1186,2019-08-04T11:06:03Z,1921be9815a57f11f291ca085add7b4bf1d044518b03b725df7cf7d5,60.149,24.9843,00000000fffb8cf0,31.5
1187,2019-08-04T11:06:03Z,1a9a0f74c353624c42c19c007e82c9c2547b7285d8353d0e375e3f05,60.14699,24.922,00000000a53ed894,3.4
1188,2019-08-04T11:06:03Z,1c8c3befa38b65f707dd4933a68e5e3c9e7c82592fd382779127416b,60.16897,24.95222,00000000aa852af1,14.89
1189,2019-08-04T11:06:03Z,1cd41cce1f4ab7bd3267071cbc1fa4eb84eb8c65d29e84354010846d,60.16762,24.95415,000000006b44cce7,17.4
1190,2019-08-04T11:06:03Z,1fa2c533bba37b249a0105001153733e67a559d40c22cab67f135f64,60.14947,24.91438,000000004ef3150d,3.74
1191,2019-08-04T11:06:03Z,227b93698b29687beea48184f42aab63a21fa362af7251be32db2e15,60.16531,24.9442,00000000fdda10fe,2.54
1192,2019-08-04T11:06:03Z,23786c82e2641aed0e0b004658480a212bf0397568e914487819045c,60.16897,24.95222,00000000aa852af1,16.1
1193,2019-08-04T11:06:03Z,23b4a8c7918ca417eab83481a710fd544e1fa8bf7073b5955c0155c8,60.14699,24.922,00000000a53ed894,14.89
1194,2019-08-04T11:06:03Z,23b7c1b09dfbcbf722a4c48303dd0435cf9885a516d5eebb6538844f,60.16762,24.95415,000000006b44cce7,12.69
1195,2019-08-04T11:06:03Z,2535cb5c89ec66044a005b03dd769ca8d0022164a816c06db0e49892,60.16762,24.95415,000000006b44cce7,4.94
1196,2019-08-04T11:06:03Z,2671a156fa8d8bb05970481c8f83bcf9f261f73dae27f2bb9ac88aeb,60.14699,24.922,00000000a53ed894,9.12
1197,2019-08-04T11:06:03Z,2724e42551f43106ea58a8fcc6a43953baa1294cd65e17a90012f706,60.17065,24.93641,000000000f4919c9,0.5
1198,2019-08-04T11:06:03Z,28741c2e5e348fe81dec0518a21c0930c98a25b6fcece61a262d50de,60.14699,24.922,00000000a53ed894,13.75
1199,2019-08-04T11:06:03Z,29f5adc4d67413b7d368e8e94a41cf48339e3f5f0903f660170c4fe8,60.17919,24.95181,000000007b5207b6,16.1
1200,2019-08-04T11:06:03Z,2a80aed2c40e7e70ca12152ac812abd79aa1d13efcec25a6d3395136,60.16762,24.95415,000000006b44cce7,2.54
1201,2019-08-04T11:06:03Z,2b340ca3416f2ba214d44853ad0495223a557eb6b61baca53fd7dc54,60.16829,24.94214,00000000afef4555,16.1
1202,2019-08-04T11:06:03Z,2bade3cfae68c5f3e9df9c6f8327c0cbd36d37a09ade6c16bfb24289,60.16829,24.94214,00000000afef4555,21.87
1203,2019-08-04T11:06:03Z,2c85e4140ca0ba77c3598ceac05eb2c2342409ce8111c863fc58c606,60.16829,24.94214,00000000afef4555,3.4
1204,2019-08-04T11:06:03Z,2ccaeb30423977ff22b6afc29243b861b476a5f4ffafdf200d326d78,60.17002,24.94407,000000006b087f40,17.4
1205,2019-08-04T11:06:03Z,2de87ef94604fb63bec05eefb71b6cdd0b9807f8551159c2a35e7259,60.17065,24.93641,000000000f4919c9,5.91
1206,2019-08-04T11:06:03Z,2fe2e4165984d7880628aec591ce4747f18947da70312e6afca2946b,60.14699,24.922,00000000a53ed894,9.12
1207,2019-08-04T11:06:03Z,30bee351808d5e8082ce012b57f5bc0efc80f8394491a182e0eeee32,60.17919,24.95181,000000007b5207b6,25.36
1208,2019-08-04T11:06:03Z,31449757caa5e658401f680b0e48a16ac560226471234a914cef5119,60.16897,24.95222,00000000aa852af1,21.87
1209,2019-08-04T11:06:03Z,31659a798f1d780d587f07390c038a78fafa6cabb8180dba635863ce,60.17002,24.94407,000000006b087f40,13.75
1210,2019-08-04T11:06:03Z,3262259981b4d615793e8692d3b8461ab7cc2c63789b0ce72c75075f,60.17918,24.95141,00000000675d5200,27.28
1211,2019-08-04T11:06:03Z,32f77f5019e5fce30881c214487361e2e34b8c93277f6e546de72012,60.1638,24.96846,00000000d747f075,25.36
1212,2019-08-04T11:06:03Z,3417d8a6b53687e70f126ebeb1d26a2ff6369dc9a551c3c35c5a04f9,60.17002,24.94407,000000006b087f40,29.32
1213,2019-08-04T11:06:03Z,35f337dd3baf0bc08002ec007d609b685ac29bb2a8bcad6783532a6b,60.16829,24.94214,00000000afef4555,25.36
1214,2019-08-04T11:06:03Z,3670a148a52771f0ff5af161725f65b86873c09eea1a7697861c0438,60.14699,24.922,00000000a53ed894,14.89
1215,2019-08-04T11:06:03Z,3714758c60c781bb53981cf52f78b930f4cb22bf27a3dc596f48ab2e,60.16762,24.95415,000000006b44cce7,16.1
1216,2019-08-04T11:06:03Z,374083907dd8980893623726af5633afd59b519c885ad12ba5c674eb,60.17002,24.94407,000000006b087f40,8.38
1217,2019-08-04T11:06:03Z,386dea4944e0b83648b4b6faf510fd47b0e9e29a2bb9311fe8a80ee2,60.17918,24.95141,00000000675d5200,8.38
1218,2019-08-04T11:06:03Z,3a23443662298e2601a38a20bcb69744211c52d9735d50c80d553ff4,60.16897,24.95222,00000000aa852af1,23.56
1219,2019-08-04T11:06:03Z,3ac85712ab657e849113d439795c4e7325d1025cacdbd9a41174b031,60.17002,24.94407,000000006b087f40,10.78
1220,2019-08-04T11:06:03Z,3ac9d056b0f04f774b238a125eb996d46437f7a8c5f6ba6712e971cf,60.17918,24.95141,00000000675d5200,8.38
1221,2019-08-04T11:06:03Z,3ae1d5a2268ac1af52ba8b54fb28f81c00fa05884af8b8ca5e7e0e9a,60.16762,24.95415,000000006b44cce7,16.1
1222,2019-08-04T11:06:03Z,3b355c039877bd4883845f3fc6ad8dd6f41f170274042f1397585680,60.149,24.9843,00000000fffb8cf0,16.1
1223,2019-08-04T11:06:03Z,3b5030adc7c303403a6333a1a6d35474c2f21c1d20ece72180660423,60.14947,24.91438,000000004ef3150d,16.1
1224,2019-08-04T11:06:03Z,3bd8214bd5284efaf354ec2a0dd2847f6051ceaace6a2691ff085d3d,60.17065,24.93641,000000000f4919c9,25.36
1225,2019-08-04T11:06:03Z,3e36420df19c06796a79acdad84551653de9b0132cb0987329f75291,60.16897,24.95222,00000000aa852af1,12.69
1226,2019-08-04T11:06:03Z,3f67c6713a6cca446a46616c9970c7a2ddffb03f21e10c8ea9b2f380,60.16897,24.95222,00000000aa852af1,29.32
1227,2019-08-04T11:06:03Z,3fe4e214448b0c9a8dfbee81c347d82a8f0b26859201fb1d77f40fa9,60.16762,24.95415,000000006b44cce7,7.69
1228,2019-08-04T11:06:03Z,40d64df305477f26745a445a97098d36570a8e02616b93a3f562bb21,60.16629,24.95957,00000000fb7600be,23.56
1229,2019-08-04T11:06:03Z,430556d4eef13a613b121237f9ab54ee052861f79a950f54e0810dab,60.149,24.9843,00000000fffb8cf0,17.4
1230,2019-08-04T11:06:03Z,432958e5f91b194ed39814ae223cb394d224ebfb26e5c1a5e587ae41,60.16448,24.97323,0000000053c6c2be,36.27
1231,2019-08-04T11:06:03Z,44cd8828dd4aa11ea599139af3d3aafbcd09ca0c2558f26ed1c72e17,60.14699,24.922,00000000a53ed894,11.7
1232,2019-08-04T11:06:03Z,4538bf4d0ca02f13fad76c46f7b34e72978c49b0cdfe4ea9fe151a50,60.16762,24.95415,000000006b44cce7,5.91
1233,2019-08-04T11:06:03Z,465eab28635efe98500085ceb161cf941d02272a0107fbbfb2203c29,60.16829,24.94214,00000000afef4555,8.38
1234,2019-08-04T11:06:03Z,46b576e18e757fc4ec008b41d3c28ec5415a2c2c2f143042e5413137,60.16762,24.95415,000000006b44cce7,9.12
1235,2019-08-04T11:06:03Z,46b81e0dd10fe05195c050bacd41d57feeca0e044b6b317ac22a8656,60.16762,24.95415,000000006b44cce7,11.7
1236,2019-08-04T11:06:03Z,47f787c639f2eed345eb5dca409ffcd989850399a1ab781500dd6e82,60.17919,24.95181,000000007b5207b6,9.12
1237,2019-08-04T11:06:03Z,4833b1ea4f519407574f5a838d93a39de28c756c5f53de7ee273b577,60.14947,24.91438,000000004ef3150d,8.38
1238,2019-08-04T11:06:03Z,49084ae4b6419be9e7bb0c9b1420142e07d6ac3c17c07c26895461ed,60.16829,24.94214,00000000afef4555,14.89
1239,2019-08-04T11:06:03Z,49b391c05bd4e5231579392d798036a0139a8ea4e4d4509a7cb3901f,60.16829,24.94214,00000000afef4555,7.05
1240,2019-08-04T11:06:03Z,49d6f6bd5878bfac30a67fe92d1501b5b09cab38ab2b35b661902f0d,60.14947,24.91438,000000004ef3150d,23.56
1241,2019-08-04T11:06:03Z,4a54cbed9c373a4136f8851f3f5736eb2fadd5766d316eb5ebbdd231,60.17919,24.95181,000000007b5207b6,12.69
1242,2019-08-04T11:06:03Z,4ae4a5331747d994953667cd06d4c999d9cf71885574c3cc473620f8,60.16897,24.95222,00000000aa852af1,20.28
1243,2019-08-04T11:06:03Z,4b5b3e8f2b484bc08b196c265f65c70151bd69f6263318eb29125db2,60.16829,24.94214,00000000afef4555,4.5
1244,2019-08-04T11:06:03Z,4bb6e0c5d2fab888f3f0b8001d87db8152c8c44f64934c028f4f0fba,60.16762,24.95415,000000006b44cce7,16.1
1245,2019-08-04T11:06:03Z,4c23bd637ecb5972928c323594df7193a851651f192690fe9c4b951b,60.17002,24.94407,000000006b087f40,20.28
1246,2019-08-04T11:06:03Z,4cf634fc84e128c3b9bce07a4b726d136e18f0eea4229fdbb48f6db1,60.16897,24.95222,00000000aa852af1,20.28
1247,2019-08-04T11:06:03Z,4d31b0561dbfc9ef5acbd44ba92acb4ca7bad86b948634f005173ece,60.14699,24.922,00000000a53ed894,5.91
1248,2019-08-04T11:06:03Z,4fb84ecf5d221439a3af3b68650b3b7dea1d1324213f3ea57669ead0,60.18203,24.91341,00000000342570c2,23.56
1249,2019-08-04T11:06:03Z,51789c3026ccfe7e846e44fcd833d006941c2789b9693c77df5a7c98,60.16762,24.95415,000000006b44cce7,11.7
1250,2019-08-04T11:06:03Z,52ca3ac5f0a00a82a02d8245c8d7527d59a77722572efe60e9cd481f,60.16762,24.95415,000000006b44cce7,14.89
1251,2019-08-04T11:06:03Z,52daa31a2b3c1c07f78d96ebb4de3a965da5ef0a8035afbd0f7451fb,60.16531,24.9442,00000000fdda10fe,21.87
1252,2019-08-04T11:06:03Z,541f330d2ded03609f551d02b8149da9cd07ee36aeee630f8fc9de8c,60.14699,24.922,00000000a53ed894,12.69
1253,2019-08-04T11:06:03Z,54d53f276563f566e1cd61b100408412cf78b4fe9fcada830aa6e23b,60.14947,24.91438,000000004ef3150d,8.38
1254,2019-08-04T11:06:03Z,5518b2315c236d486c7a5a4fc27c44987672b2f9a0751ffdaa9cbf78,60.16829,24.94214,00000000afef4555,12.69
1255,2019-08-04T11:06:03Z,55f047531784bdfb349239ad705090dfe4fce836942569dac1d34cd3,60.16762,24.95415,000000006b44cce7,27.28
1256,2019-08-04T11:06:03Z,56101419005237b836e4ed14d91dfa6f9edc4c92b5fcb419943897bb,60.16762,24.95415,000000006b44cce7,7.69
1257,2019-08-04T11:06:03Z,56318cc7f3616fceec2564cbb1f6ca8b88ea861935a1ada93aafd7b0,60.16897,24.95222,00000000aa852af1,20.28
1258,2019-08-04T11:06:03Z,571934189bf349efb6f596e76c21612cf9b82ed44913090169936048,60.17065,24.93641,000000000f4919c9,8.38
1259,2019-08-04T11:06:03Z,586f70961bf72597ce00f89d3602178ecc6ac8838a8acec48bba7f9f,60.14699,24.922,00000000a53ed894,11.7
1260,2019-08-04T11:06:03Z,58c5faa3a5a33380286fc185676e8f2764cdde5a6dc9f43eee9d3b0c,60.16448,24.97323,0000000053c6c2be,29.32
1261,2019-08-04T11:06:03Z,58ee8fd47328b1c696ec343920f2c0353d19a915924eb6f6f2638e56,60.16762,24.95415,000000006b44cce7,3.74
1262,2019-08-04T11:06:03Z,59b87e6921598d25b092b66e140328fa03c9f06fe4e697dd344f378a,60.17002,24.94407,000000006b087f40,21.87
1263,2019-08-04T11:06:03Z,5a755f0653ee0e334448418099ed85023db0a9984c280cfbadd74160,60.173,24.92524,0000000096918cfa,9.12
1264,2019-08-04T11:06:03Z,5b1df59a8f10fc0c1548e114caf6a457ff880d853d529f675372b0b0,60.16762,24.95415,000000006b44cce7,14.89
1265,2019-08-04T11:06:03Z,6022019a95573b888ca7b3161da098935ea0ad7793437ee40a32a5f3,60.14699,24.922,00000000a53ed894,7.69
1266,2019-08-04T11:06:03Z,604a02f00cf5d2e059c26ee48a07cd30e608c4b00f17f447c028da58,60.16762,24.95415,000000006b44cce7,16.1
1267,2019-08-04T11:06:03Z,60f982521b3cf63a23ce97156f686572b3c936ebe5a76c0d78269fd9,60.16762,24.95415,000000006b44cce7,16.1
1268,2019-08-04T11:06:03Z,6138e6ab3e1e74425af8945a6fcc294c1469a0b9c448b780bcf9d2e2,60.14699,24.922,00000000a53ed894,16.1
1269,2019-08-04T11:06:03Z,62d86ee13e6ae7a5c41ffc2de746df72d4ef6e8d2b6a51ce1c68965f,60.16829,24.94214,00000000afef4555,23.56
1270,2019-08-04T11:06:03Z,62e27092b58abcaf80564c408d0d4a7b821abaee92dc2f02ccb11e61,60.16762,24.95415,000000006b44cce7,6.46
1271,2019-08-04T11:06:03Z,6516dabf89c263b3e81ba60bcba8052b571d4c12484126d3a5f20ef1,60.149,24.9843,00000000fffb8cf0,33.81
1272,2019-08-04T11:06:03Z,6656d2ce0a18f92aca4d99810ecaefe94dbe9a0e2ea987f1702aeecb,60.16762,24.95415,000000006b44cce7,5.91
1273,2019-08-04T11:06:03Z,66755836036c771e53ffd9d0dc09b8575231b53b80af22e868691a2a,60.14699,24.922,00000000a53ed894,3.74
1274,2019-08-04T11:06:03Z,675c19fa88e446a423d3396a15abe22971d1ce207ada2ca102fb7189,60.16897,24.95222,00000000aa852af1,20.28
1275,2019-08-04T11:06:03Z,67b49046c3bb96e9e2f8d9396871ed7976dd35efb6c386141325f95a,60.16897,24.95222,00000000aa852af1,25.36
1276,2019-08-04T11:06:03Z,69158bfbcf8399435cc52d623b530dc75089182b7ab05efb64e64021,60.15432,24.9211,0000000019fb59c4,27.28
1277,2019-08-04T11:06:03Z,699b48bb93c5befb62ff0686e75f158406b659f14daec16ab66d4499,60.15432,24.9211,0000000019fb59c4,23.56
1278,2019-08-04T11:06:03Z,69d8c906060e226ff0f0f7e78029575f2ee07ebec657a3b641419268,60.14699,24.922,00000000a53ed894,7.05
1279,2019-08-04T11:06:03Z,6ac1903c80e63433e4bc744dc0e801bff647117d38d3753fb9a6a4c1,60.173,24.92524,0000000096918cfa,21.87
1280,2019-08-04T11:06:03Z,6ac8fdd67b3dd11f0bae935f3a285880138382088238b97f511d3f12,60.16897,24.95222,00000000aa852af1,17.4
1281,2019-08-04T11:06:03Z,6c3dd68b68d5b3caa20f92e5ea004b0298abbddd5e35caca508262e9,60.16448,24.97323,0000000053c6c2be,27.28
1282,2019-08-04T11:06:03Z,6c97da4ba9462e7fe786a472989dab23340d31809dd78d5617204da4,60.16829,24.94214,00000000afef4555,8.38
1283,2019-08-04T11:06:03Z,6e492dbc3f10157e7ff00826a839a97262ab36244ccc57b702a89999,60.16531,24.9442,00000000fdda10fe,5.41
1284,2019-08-04T11:06:03Z,700c14fe35186c01f82d0f13e99678e0c1db2b2fd58051b08fda606a,60.16448,24.97323,0000000053c6c2be,38.87
1285,2019-08-04T11:06:03Z,70ffae2b8178e0915c5de7816f8dd8bcc3af745ee49df8ac4da4adba,60.17918,24.95141,00000000675d5200,11.7
1286,2019-08-04T11:06:03Z,71516fc8349cfaf2b5c4ab80ade6078494d93d13e9953af15e5ced30,60.18203,24.91341,00000000342570c2,16.1
1287,2019-08-04T11:06:03Z,71c1367c7dea4dfa243172e02b9092c7a0810bef003216681759891e,60.16897,24.95222,00000000aa852af1,21.87
1288,2019-08-04T11:06:03Z,72b4055182e6b02751fa4daaf8f21f6dcd2042bb9c76c98fa317e24a,60.16897,24.95222,00000000aa852af1,17.4
1289,2019-08-04T11:06:03Z,7365070262e6bb9c7e53aba07cbf8d7e2935f4ac2e2249f12685f3ca,60.16762,24.95415,000000006b44cce7,14.89
1290,2019-08-04T11:06:03Z,738973c9b5f9882f29075e47ca10e50ba3fb9883da779f41545175f4,60.17919,24.95181,000000007b5207b6,11.7
1291,2019-08-04T11:06:03Z,73f9caa620c77e880d8973e260936b1114db9c96de6accf8398ccec0,60.17002,24.94407,000000006b087f40,25.36
1292,2019-08-04T11:06:03Z,7484ecf89e24efb4a366562730f7341391f930dad7b216184022d0da,60.173,24.92524,0000000096918cfa,25.36
1293,2019-08-04T11:06:03Z,74c2ec2adc228e5b4979284d730fd2de698242f0f06d90f870b8cde6,60.16762,24.95415,000000006b44cce7,1.01
1294,2019-08-04T11:06:03Z,77964c48bd2a8658eeedae4be816422b0ef0be1ee1b6f9093b47f14e,60.14699,24.922,00000000a53ed894,16.1
1295,2019-08-04T11:06:03Z,7804799a34d94440ab3520238b9ab58a0466b4230cd360f0f2159075,60.16762,24.95415,000000006b44cce7,16.1
1296,2019-08-04T11:06:03Z,79249857aa88aacfdce42eef6ed8e8bcca6a4550672e5d4552c120d0,60.16762,24.95415,000000006b44cce7,10.78
1297,2019-08-04T11:06:03Z,79bde23c1a8980f93a65e14306f0d8ea89e164430d8b991e2bfee82e,60.16531,24.9442,00000000fdda10fe,17.4
1298,2019-08-04T11:06:03Z,7afc351f0ed7619c18c64ab06971196bb53d53e2d460151ab711bc0f,60.16762,24.95415,000000006b44cce7,12.69
1299,2019-08-04T11:06:03Z,7bdbfc042dd024cb5630bef515de25ef67819b5acb44ef00df4695d4,60.149,24.9843,00000000fffb8cf0,12.69
1300,2019-08-04T11:06:03Z,7c55ecf165387948602e82b684a55be093691849fde2d96ad6574475,60.17065,24.93641,000000000f4919c9,17.4
1301,2019-08-04T11:06:03Z,7d1cd84750a8d7bdf29c5676e1a6d90930808c81e1d8e6a750a7f17b,60.1538,24.95595,0000000038bf9618,36.27
1302,2019-08-04T11:06:03Z,7de4ba54f0d667a69cb0b6d625856bc6b040f51a42f91beae366a269,60.16762,24.95415,000000006b44cce7,5.91
1303,2019-08-04T11:06:03Z,7e78b2348d9576c63ebb626030ee9d43e2bf07e860782adf3f1c452b,60.16829,24.94214,00000000afef4555,18.79
1304,2019-08-04T11:06:03Z,7f546f0776433ed1b76ea74186c0aad95eca5439e6cefda07922ef14,60.16762,24.95415,000000006b44cce7,17.4
1305,2019-08-04T11:06:03Z,80ffa6235c9fd84bd35d46706c7d0c4126ee0e241a070c5ae5f30d14,60.16762,24.95415,000000006b44cce7,11.7
1306,2019-08-04T11:06:03Z,822590bd49bcf7ed4de4f8389586915c343b29c4283ff8b90d7c1d39,60.17065,24.93641,000000000f4919c9,21.87
1307,2019-08-04T11:06:03Z,82ac749474448abac333d00869cb8b508872f86293913d95eae26a05,60.15432,24.9211,0000000019fb59c4,8.38
1308,2019-08-04T11:06:03Z,82cddd3b9f58762d36efe78da4e2722ee587cfdb3fdbc58b52673082,60.16629,24.95957,00000000fb7600be,20.28
1309,2019-08-04T11:06:03Z,844b8ad6ebf530978d1139d527a681991f4d3eed6be5bc723f0b2192,60.16531,24.9442,00000000fdda10fe,1.01
1310,2019-08-04T11:06:03Z,8452ada2a714598cdd911988eec301cf7bccb236b29686e0e8b1d0ed,60.1538,24.95595,0000000038bf9618,29.32
1311,2019-08-04T11:06:03Z,849d6a476563b352092dcda35e816833b571b7f630e7ff8617d9b7da,60.16829,24.94214,00000000afef4555,16.1
1312,2019-08-04T11:06:03Z,87ea10367f1569e575dc4bc60f0f4238eafb52ba8a2cc8e5e4584232,60.16829,24.94214,00000000afef4555,16.1
1313,2019-08-04T11:06:03Z,87ecec345b34dca4db86cbd66248eeb829282d0cc54caff92455dff2,60.16762,24.95415,000000006b44cce7,7.05
1314,2019-08-04T11:06:03Z,87f4cf4baea8c5dfe1bc7812cc969574058bd4d2dda215192bcfc53f,60.14699,24.922,00000000a53ed894,4.11
1315,2019-08-04T11:06:03Z,886032718e05487be8bd75bb14464814044c7edd7f9a2198304f6fb4,60.16629,24.95957,00000000fb7600be,18.79
1316,2019-08-04T11:06:03Z,88ee7d98af3d9470df5daf433cfa0405f6225cb56b98b7c48d260fd4,60.17002,24.94407,000000006b087f40,10.78
1317,2019-08-04T11:06:03Z,89a0b9dbc48913c8657aab1402ead05f97204162f5c1db97fe645302,60.16762,24.95415,000000006b44cce7,25.36
1318,2019-08-04T11:06:03Z,89df1daad350e46d526e113019214d2e1a19d8f48da761bb3583399b,60.16762,24.95415,000000006b44cce7,2.3
1319,2019-08-04T11:06:03Z,8a7f5012c000c420f0a336a3988c72cf2b373818f4f3f369e994d8e4,60.16829,24.94214,00000000afef4555,25.36
1320,2019-08-04T11:06:03Z,8aa9897f62e94fdf9de155e7c474dba1ecb35b7875331b3b5f414f4c,60.16829,24.94214,00000000afef4555,14.89
1321,2019-08-04T11:06:03Z,8e2c857270f20b124ad4a698a7f64eb83c30bd96bbc5355374785cf2,60.149,24.9843,00000000fffb8cf0,29.32
1322,2019-08-04T11:06:03Z,8f3d9ab893ae4a48fd3417f3a749c21e792779990ae0ad75a8f211de,60.1538,24.95595,0000000038bf9618,33.81
1323,2019-08-04T11:06:03Z,8f7fec0a4f5d4eb0710dd40c356e0c82dbd9360772fade341a50ba37,60.14699,24.922,00000000a53ed894,29.32
1324,2019-08-04T11:06:03Z,90b12d2b9898702fd62b343512e0d53796ae38decdf704e203a0cc39,60.16829,24.94214,00000000afef4555,14.89
1325,2019-08-04T11:06:03Z,90da50922eb335c093783f88d74e12fd3316372c836888bd15b2af1b,60.16762,24.95415,000000006b44cce7,14.89
1326,2019-08-04T11:06:03Z,91602a694bc74a2874ba7f02a7bae062a3a77cd869b86a74800415b8,60.17919,24.95181,000000007b5207b6,17.4
1327,2019-08-04T11:06:03Z,92df20d921f76c63470e3f5afbe201d3ae15f5133f66c291db796082,60.16629,24.95957,00000000fb7600be,20.28
1328,2019-08-04T11:06:03Z,93272ad17155ea9499641eda7c5560691582116096278b82738ab21e,60.14699,24.922,00000000a53ed894,7.69
1329,2019-08-04T11:06:03Z,94ac9d6e79236013b9fa24e1c52123819228f6962b5952637ca80fcb,60.16762,24.95415,000000006b44cce7,10.78
1330,2019-08-04T11:06:03Z,951482f3e2e41b496e34885c346c4a7ab09427178119caa9b8bbcbb6,60.14947,24.91438,000000004ef3150d,23.56
1331,2019-08-04T11:06:03Z,9618703465df0acf2ccedcd7a519bb1146d94e8fb5b310c036a656f0,60.16762,24.95415,000000006b44cce7,17.4
1332,2019-08-04T11:06:03Z,96c2df1bba9699518ad1f9cce8f910f076467a5aad1b365611c93a1a,60.16897,24.95222,00000000aa852af1,20.28
1333,2019-08-04T11:06:03Z,97490f522f1a0226c8f7e8ed7bca08dd71b63d80b46d38020127b868,60.14699,24.922,00000000a53ed894,6.46
1334,2019-08-04T11:06:03Z,9759894c6f46d9e82992282b211a84549983c7a9995cd91fb1178818,60.16829,24.94214,00000000afef4555,23.56
1335,2019-08-04T11:06:03Z,998ac46ad73c197bab1f36dca67d8bcaa3aca92249185a5e3715043f,60.17065,24.93641,000000000f4919c9,13.75
1336,2019-08-04T11:06:03Z,9aa588cb6f425117e45726b6b9adb7ef86c8f7c8113b547dc61f068a,60.16897,24.95222,00000000aa852af1,12.69
1337,2019-08-04T11:06:03Z,9ab0a60cb60531417ac6ec5ebc6ef591d2f39019c6b0bcb5a89101a2,60.14699,24.922,00000000a53ed894,14.89
1338,2019-08-04T11:06:03Z,9b24f69458294d27d07a0169665965135fd02f4c953f85bcebf4ba87,60.16762,24.95415,000000006b44cce7,7.05
1339,2019-08-04T11:06:03Z,9b2a5c59007368ed7b26c0128d958f0ac43ab418eda263737da18bd6,60.17002,24.94407,000000006b087f40,18.79
1340,2019-08-04T11:06:03Z,9b4b0705e58750d2bcbd71ad65d85677f7e77db5dfe69d1a70b5d31f,60.17919,24.95181,000000007b5207b6,17.4
1341,2019-08-04T11:06:03Z,9bc50d931d6c1678284177395958d15f05b45d60ae7bc09fe1e1694e,60.16762,24.95415,000000006b44cce7,11.7
1342,2019-08-04T11:06:03Z,9bef562c292174f1eb3933116effff74a8733a78e5c1df140de3fd6c,60.17919,24.95181,000000007b5207b6,5.41
1343,2019-08-04T11:06:03Z,9c0b1d2c4c67c07e547e810a94efeaaa1187ae82977e03748470281c,60.16897,24.95222,00000000aa852af1,21.87
1344,2019-08-04T11:06:03Z,9d4999a3d17f42105490a2219df4e272427eb63d8b560d1d21a3e185,60.14699,24.922,00000000a53ed894,23.56
1345,2019-08-04T11:06:03Z,9eb1e9bfdceb76ef852f89ebd82139602125f9731b791465e1c21f81,60.16829,24.94214,00000000afef4555,14.89
1346,2019-08-04T11:06:03Z,a00791cad5b833529e63b07736f46d33af9688a843876ade41be48b1,60.16544,24.95398,0000000038d83d41,21.87
1347,2019-08-04T11:06:03Z,a066e2044b486819fe2185765f63ed87f8d10c502f26a01be1f1a758,60.149,24.9843,00000000fffb8cf0,29.32
1348,2019-08-04T11:06:03Z,a1439b6683d0598c7a05080c3693a17c198f7b8c3297c77324ef4859,60.16829,24.94214,00000000afef4555,2.08
1349,2019-08-04T11:06:03Z,a2f0adf51cb9d2a5417cc0797183513a8bbcecfbc717a1b63e42027d,60.16762,24.95415,000000006b44cce7,10.78
1350,2019-08-04T11:06:03Z,a30740fbf4b7e21f6fe2996e9325c90936de161cb2165e87cd96fd35,60.149,24.9843,00000000fffb8cf0,11.7
1351,2019-08-04T11:06:03Z,a44eda7b8ec58e1cd7c078a73c4da7fb0037d59453aa6bfe69b7cbdd,60.16762,24.95415,000000006b44cce7,4.94
1352,2019-08-04T11:06:03Z,a51a9aab75637e56bef3effddc420dfcd95b8cbd85d95917aaac38d5,60.16762,24.95415,000000006b44cce7,3.4
1353,2019-08-04T11:06:03Z,a5d632ac8ffc19a626de034d3c9444fd262ee6edada285c816ea9266,60.16531,24.9442,00000000fdda10fe,6.46
1354,2019-08-04T11:06:03Z,a98fc06dc605583814a2aa182295b88f81657ef2daeee7aaec792e7c,60.16762,24.95415,000000006b44cce7,29.32
1355,2019-08-04T11:06:03Z,aa4547c0b6b8be30776e08d524ceeacfbc9930ad720e11fa4cb20882,60.16531,24.9442,00000000fdda10fe,2.3
1356,2019-08-04T11:06:03Z,aa45859d6157e9e86470ec8b81957acc35bafb1b7f419d79357a38cf,60.16829,24.94214,00000000afef4555,9.92
1357,2019-08-04T11:06:03Z,ab1377ddf669bb806f8db586f4ce5ab9f0f4257dda61fe800d8509f5,60.17065,24.93641,000000000f4919c9,17.4
1358,2019-08-04T11:06:03Z,ab6e8769f50a15ea5e0d64f48aaa12886b7599a18cc0eb071a21ae5f,60.16762,24.95415,000000006b44cce7,7.05
1359,2019-08-04T11:06:03Z,ab7697ba77150d46c95d1b02fef085ed91925d425393d8ad1097adcc,60.17002,24.94407,000000006b087f40,23.56
1360,2019-08-04T11:06:03Z,ac5c7e04b55d6d70659e5b8f4705309b9367c78a0edb7ce85f42c181,60.1538,24.95595,0000000038bf9618,27.28
1361,2019-08-04T11:06:03Z,ac921373f49635f5207c61b2f91377ca1cd682be527d3b5fbc78ed7b,60.16829,24.94214,00000000afef4555,11.7
1362,2019-08-04T11:06:03Z,ae2143f0fab3405d38da14312fd801d7d7524534cd3ffeadc631feb0,60.149,24.9843,00000000fffb8cf0,29.32
1363,2019-08-04T11:06:03Z,ae3cda5066e455d4b1e58860e8fb7a35efad69b9964a676b476b0687,60.14947,24.91438,000000004ef3150d,4.5
1364,2019-08-04T11:06:03Z,b02a0be9ec3a2bb1acba16daee232202f9a06ac84e0dcc9a80dddf6a,60.16762,24.95415,000000006b44cce7,8.38
1365,2019-08-04T11:06:03Z,b2298fc6f63c02481610f9aef24f1a0c1711c255adc43c0fe135c1ca,60.14947,24.91438,000000004ef3150d,20.28
1366,2019-08-04T11:06:03Z,b26d0daac9f8fb84484cbd8ed668aeb6751e848b1c533a307d163360,60.16762,24.95415,000000006b44cce7,7.05
1367,2019-08-04T11:06:03Z,b4c8900041e9f8751755d3940ceac58419e6370cd81cdb90d7800de1,60.14699,24.922,00000000a53ed894,27.28
1368,2019-08-04T11:06:03Z,b50b3c2006581bccfeaa9ea964649350c7d5b8177baa29a37e628584,60.14947,24.91438,000000004ef3150d,13.75
1369,2019-08-04T11:06:03Z,b5cdbcdc30e0bf653ce353c867708b0067db5e394c8cbe848d978a77,60.14699,24.922,00000000a53ed894,17.4
1370,2019-08-04T11:06:03Z,b601cd655bb9f05aa6ec86fc9eb9300c3bc20bc0e856e94ad168a257,60.14947,24.91438,000000004ef3150d,7.05
1371,2019-08-04T11:06:03Z,b61c6a5634cffe7dead72d5f6730e8439bee6dd2286d9df8f3052e3c,60.16762,24.95415,000000006b44cce7,11.7
1372,2019-08-04T11:06:03Z,b67f020b0677cdc52c864f559306fb750cdf47ce2eee6503a3cedb3a,60.16629,24.95957,00000000fb7600be,27.28
1373,2019-08-04T11:06:03Z,b9447a524f5b5bf98585b27b92195b09869ee9cd9da3cf8d2b59c57d,60.16829,24.94214,00000000afef4555,18.79
1374,2019-08-04T11:06:03Z,ba288a5fd2befbc9ed08e7876ad7cb2bd8bfe6f5756d2ffe8e2dc558,60.17002,24.94407,000000006b087f40,9.12
1375,2019-08-04T11:06:03Z,bbf7d8b9085ddcd3b94f55f93b52cb40a251c44f5df4099ba5b61471,60.16829,24.94214,00000000afef4555,9.92
1376,2019-08-04T11:06:03Z,bc07df8cc395f6f4f5d483b2233caca5f93a6918f346e4cc3702f8cc,60.16531,24.9442,00000000fdda10fe,18.79
1377,2019-08-04T11:06:03Z,bd7fa2c07b7e0eab8afb3d9825a810643c2eb71f83c09a1e26cac54c,60.16762,24.95415,000000006b44cce7,6.46
1378,2019-08-04T11:06:03Z,bfd5c2630b36fde15de01ea74e598d035402cf1edb7c9230617927e0,60.16762,24.95415,000000006b44cce7,6.46
1379,2019-08-04T11:06:03Z,c012e9e2caf1002d24e53817bb1279becdfc4aa9dba085e93ddd88e9,60.17002,24.94407,000000006b087f40,20.28
1380,2019-08-04T11:06:03Z,c1ca9629c5ebd58052fb4c627ab87542db3ca242430d22b727f46bce,60.16762,24.95415,000000006b44cce7,16.1
1381,2019-08-04T11:06:03Z,c239e27b985c23449b6aa84b78560b1b4e535975f3ba059d7987efe4,60.16762,24.95415,000000006b44cce7,2.8
1382,2019-08-04T11:06:03Z,c23c5bcbe8e9baedf8556badfaa9369c235c6df24e3dc5de9be682a6,60.16762,24.95415,000000006b44cce7,13.75
1383,2019-08-04T11:06:03Z,c26838ba90ff36e1d86e327d1623e206734b7c8db8e463218bd43123,60.16762,24.95415,000000006b44cce7,7.05
1384,2019-08-04T11:06:03Z,c27fee8ae8d689338b043608280c83cfa6f3276d3837ecea5f742dc3,60.16762,24.95415,000000006b44cce7,5.91
1385,2019-08-04T11:06:03Z,c2e135ad2c160277e290705658ac41d7cd35b11ebf61d829fdd0b428,60.14699,24.922,00000000a53ed894,9.12
1386,2019-08-04T11:06:03Z,c45e3c4e8ec0fc85457d3b4ed4c49ed0116b4cf447e2983f353abcd8,60.16829,24.94214,00000000afef4555,13.75
1387,2019-08-04T11:06:03Z,c55894159f2080031cda702c78ee54463c3c15ab1b3638afdf687f08,60.16531,24.9442,00000000fdda10fe,3.09
1388,2019-08-04T11:06:03Z,c6b0ea433c3fdc73e0bac7e3faa2690506c4e8ec7fc54210446a7ffa,60.14947,24.91438,000000004ef3150d,7.69
1389,2019-08-04T11:06:03Z,c7ced11121537f55bcd7d7ab67312226dafe7c85320c5357a35d5ab7,60.17002,24.94407,000000006b087f40,18.79
1390,2019-08-04T11:06:03Z,c8a6ac3c8782118c293692bb88ec9af1215bd167dcbeb35291186138,60.16762,24.95415,000000006b44cce7,13.75
1391,2019-08-04T11:06:03Z,c8f8a7a901c692af2aec8031d27f0b7efc946f113895771f87fefe1c,60.14947,24.91438,000000004ef3150d,20.28
1392,2019-08-04T11:06:03Z,c990a15d27cfc21e63b7c96b95949254f1194e8b27118386a589e2bd,60.16897,24.95222,00000000aa852af1,13.75
1393,2019-08-04T11:06:03Z,cb2f32be2e27fc44ead887ff7f76c0199bf68b2c6711e6880f4acd01,60.16762,24.95415,000000006b44cce7,5.41
1394,2019-08-04T11:06:03Z,cb37b8fad0bc758cf37d7ea1052f3a98f29282ae37ec635d6eb2c511,60.16762,24.95415,000000006b44cce7,8.38
1395,2019-08-04T11:06:03Z,cd7d0e9404c9f4e8fab0742460b9acb4d5bbb97f44df80d4a8b973cd,60.17002,24.94407,000000006b087f40,7.05
1396,2019-08-04T11:06:03Z,cf241827513137f094cda8111245217a32612fdb8fdb573be6e1893d,60.16762,24.95415,000000006b44cce7,9.92
1397,2019-08-04T11:06:03Z,cfc79310c3124813bbb9cfe4d4edc24cfa4b7c23419b4517c5eed261,60.16448,24.97323,0000000053c6c2be,25.36
1398,2019-08-04T11:06:03Z,d04b5065ec93818b731141027d11e6a1cf53de69b9737d7aea0c34da,60.14947,24.91438,000000004ef3150d,10.78
1399,2019-08-04T11:06:03Z,d0bb294e434cf3d7a5fd391e049fb5412e08b24594a614893480b5f9,60.17002,24.94407,000000006b087f40,17.4
1400,2019-08-04T11:06:03Z,d162ad46250f7d87af446db22df4aa6b2eb2bf22f83beca34e857743,60.16762,24.95415,000000006b44cce7,8.38
1401,2019-08-04T11:06:03Z,d2035ce81fa46947bdf02a20f297b2df4144c7c0931db02ab0164fa6,60.14947,24.91438,000000004ef3150d,31.5
1402,2019-08-04T11:06:03Z,d20f68571773330f7b6490b006b2e952c9912b4ee05e20f0fc434698,60.16629,24.95957,00000000fb7600be,33.81
1403,2019-08-04T11:06:03Z,d28c5f59ebd6ec0c580840f508fbe3e797cc60573300b60cf663c121,60.16762,24.95415,000000006b44cce7,14.89
1404,2019-08-04T11:06:03Z,d2fd0c6415d2d8e49fef3415fb8747b524191b4400a4fbb66428cb12,60.14699,24.922,00000000a53ed894,9.92
1405,2019-08-04T11:06:03Z,d3910de7df50d93311da3c44a80ec2a60325db1914938b1bcd3c047c,60.16762,24.95415,000000006b44cce7,12.69
1406,2019-08-04T11:06:03Z,d4c9ea46d58288bf42808788e668072465d91dd3c874a8a51de5794e,60.16897,24.95222,00000000aa852af1,11.7
1407,2019-08-04T11:06:03Z,d68f1946805ba3d30f9ba25280986fbe003f3b5dce7245b633e0cb5c,60.16762,24.95415,000000006b44cce7,9.92
1408,2019-08-04T11:06:03Z,d6a8c97f1ec18c7a90d3beae358bad67f8d53626258a852e15b08c5d,60.14699,24.922,00000000a53ed894,8.38
1409,2019-08-04T11:06:03Z,d71a315bac918f9a18fcd820731e6d9eb54fb0d01c324ca088ef8858,60.149,24.9843,00000000fffb8cf0,12.69
1410,2019-08-04T11:06:03Z,d7416b821dba1c0f495afe215dbe099173aedf90d0084084f6e485ac,60.16448,24.97323,0000000053c6c2be,23.56
1411,2019-08-04T11:06:03Z,d81024e88bb9b04be64c793e92836ac82bec9eed4bfeef83accf8109,60.14951,24.92138,0000000006dd41f6,27.28
1412,2019-08-04T11:06:03Z,d83c1c2d3a3876c948e277bace6d013eafc0c4e118958e138f8b1257,60.16448,24.97323,0000000053c6c2be,25.36
1413,2019-08-04T11:06:03Z,d9a5b0033b928dc7932083909b29c0529a51ccc1c1cd9cad67c4306a,60.14699,24.922,00000000a53ed894,21.87
1414,2019-08-04T11:06:03Z,dba25c18a94a20a35b9a27ff605b1c40fd45b0263d884645052918e5,60.16829,24.94214,00000000afef4555,18.79
1415,2019-08-04T11:06:03Z,dbd2fa33dbaac339a8c9d8e04576b1088999b9314914676a2247737c,60.1638,24.96846,00000000d747f075,21.87
1416,2019-08-04T11:06:03Z,dc4043efe103db9ce55ad4d987a45cf9821cdc3e63cf7b15b6d48baf,60.16897,24.95222,00000000aa852af1,21.87
1417,2019-08-04T11:06:03Z,dc4072a3cfc00cca0bde9925adc82bb9c2548af1724368561eefcbf8,60.16762,24.95415,000000006b44cce7,10.78
1418,2019-08-04T11:06:03Z,dc816e92e4a2eceea03f41fc379fda0e3d57b5d0fbd9a06430432022,60.16762,24.95415,000000006b44cce7,6.46
1419,2019-08-04T11:06:03Z,dd8e0699822b1a8a3f8a91fcb10729f6f7cd0a4736f36dc60974c36e,60.16762,24.95415,000000006b44cce7,16.1
1420,2019-08-04T11:06:03Z,de48adf9d49eb3bc1d61dea4047618f6c77086fc44bd2b535d56504d,60.16762,24.95415,000000006b44cce7,6.46
1421,2019-08-04T11:06:03Z,e01908a975abc95425179eadafdba31d371f1d64674c967686df87a3,60.149,24.9843,00000000fffb8cf0,1.12
1422,2019-08-04T11:06:03Z,e081e4b3252ca91bbf1cbb70faa116d60317fbf3a991a67bc99b4bfa,60.149,24.9843,00000000fffb8cf0,4.5
1423,2019-08-04T11:06:03Z,e0859a9c906151023376d86762070f38ba1b3859e671531b0edac6cd,60.16075,24.95883,00000000f1124bca,29.32
1424,2019-08-04T11:06:03Z,e0f396cc2b1da411f0b5e36bf3102ea32378a0d38e6b153d3b303bb4,60.16762,24.95415,000000006b44cce7,16.1
1425,2019-08-04T11:06:03Z,e1da87aea335bcd04e4c876158b96ebc7ba4206bc216c3aa27a2f4af,60.17919,24.95181,000000007b5207b6,2.3
1426,2019-08-04T11:06:03Z,e305610124e16ed1411a221b29ce69a076cc47982efd6c098b0599ab,60.14947,24.91438,000000004ef3150d,11.7
1427,2019-08-04T11:06:03Z,e44d7228cecbdb2474e1cc396a6c13943f09c08c19d0ffab1997d509,60.17919,24.95181,000000007b5207b6,9.92
1428,2019-08-04T11:06:03Z,e53a901aed874016e1cd1ed3e9b2891fca850986cb2fa04f5162cf52,60.16762,24.95415,000000006b44cce7,0.71
1429,2019-08-04T11:06:03Z,e557e164cd52fd817b02cad6587a294d72b0974d9b014ad69ea5e08e,60.17919,24.95181,000000007b5207b6,25.36
1430,2019-08-04T11:06:03Z,e568360cebcddeb30a1d066a2f6a2326ac927004214bd11337d804e5,60.16762,24.95415,000000006b44cce7,20.28
1431,2019-08-04T11:06:03Z,e57facbf08a4abd25c366c0604463549586bb771b6ce2cf62945cdbf,60.16762,24.95415,000000006b44cce7,9.92
1432,2019-08-04T11:06:03Z,e5b9b4813c081a31fb498e7f9adb94918c267dfa125c63790c0d9488,60.149,24.9843,00000000fffb8cf0,21.87
1433,2019-08-04T11:06:03Z,e9d59e25b58f33f70aad6832863cb59d7485ca55a1575558f92b74e7,60.16897,24.95222,00000000aa852af1,11.7
1434,2019-08-04T11:06:03Z,ea38d72fbf2215d530a70d6a97dcc603a44b18d4d7ce557a91cb80bb,60.16762,24.95415,000000006b44cce7,13.75
1435,2019-08-04T11:06:03Z,eb09e242059d315d7f929b7befadc641eeddb95492babe81030cbabc,60.16829,24.94214,00000000afef4555,16.1
1436,2019-08-04T11:06:03Z,ec485175d2b7a2c53d03bf546aee134c116d998976601b069570c6f9,60.14699,24.922,00000000a53ed894,12.69
1437,2019-08-04T11:06:03Z,eca1a609c675d971fcfba4277d230ccdc2de7805c629b1f5da9cc224,60.173,24.92524,0000000096918cfa,21.87
1438,2019-08-04T11:06:03Z,ecb1735f180422ec69f041cd2782a26c9f07d27a87893b3c30aaa9b7,60.16075,24.95883,00000000f1124bca,13.75
1439,2019-08-04T11:06:03Z,ecb5655da668bb183a5c270a96927649c323975e318184d248247099,60.16829,24.94214,00000000afef4555,13.75
1440,2019-08-04T11:06:03Z,ecf13e9d610ad235409932d263110fd52c69d0f5f39e9ffd3ad8b740,60.16897,24.95222,00000000aa852af1,9.92
1441,2019-08-04T11:06:03Z,ede13c9dc221bbc6c1daf78250fa6547303c06d7606c05ba0bf64547,60.17919,24.95181,000000007b5207b6,9.12
1442,2019-08-04T11:06:03Z,ee200a3ba703878e67370bbef4c8768feda628ad2e83512a927fec31,60.16897,24.95222,00000000aa852af1,29.32
1443,2019-08-04T11:06:03Z,ee81051f10987c5f2ca4f2188c2e87df47f035dfdc62842c4671b11c,60.16629,24.95957,00000000fb7600be,23.56
1444,2019-08-04T11:06:03Z,eea43687eab35d2c386347881796eb1c8279076b9e9642ebc2cd06ac,60.16762,24.95415,000000006b44cce7,3.74
1445,2019-08-04T11:06:03Z,ef15ff71b7dc4c2088249a4fca7e28900ae315245a7a3b4d571bf582,60.16829,24.94214,00000000afef4555,11.7
1446,2019-08-04T11:06:03Z,ef33ccdfcdb12920eabb3306e0f86dc7e6060a5d3864b03e2de7e1ef,60.16897,24.95222,00000000aa852af1,25.36
1447,2019-08-04T11:06:03Z,ef45fdc095ee55730384922266d8fce61de212d3c3df2441ea10e524,60.14947,24.91438,000000004ef3150d,8.38
1448,2019-08-04T11:06:03Z,ef5e495c5f9d3dd9eb22ed5b8faf1cc9e4225d4785ebb26a87d16fff,60.14699,24.922,00000000a53ed894,7.05
1449,2019-08-04T11:06:03Z,f014103201b8ae8f495f8e1e04da3c934079461391d4801ee6c2faaf,60.16762,24.95415,000000006b44cce7,17.4
1450,2019-08-04T11:06:03Z,f04251ace2b79d56bee25fce26175de1bea524d390dd5cdb6b2652a8,60.14699,24.922,00000000a53ed894,25.36
1451,2019-08-04T11:06:03Z,f11c02cbebb4049a29f10d2ee6aac8a9ca3b7b9609a39d69463461a1,60.17065,24.93641,000000000f4919c9,20.28
1452,2019-08-04T11:06:03Z,f196f5f8c08299d290b3bac1944e00bb1f2c90594db66438b0c10e6e,60.16629,24.95957,00000000fb7600be,11.7
1453,2019-08-04T11:06:03Z,f1d44b9d3710849eba7eab0b6646053378aa5f8ee3491ec2522f3c44,60.14947,24.91438,000000004ef3150d,14.89
1454,2019-08-04T11:06:03Z,f2467c8ede6444941158701b7bd9d005beec9ffdb355ce2d8c7a9bfd,60.149,24.9843,00000000fffb8cf0,21.87
1455,2019-08-04T11:06:03Z,f65653d90604ec5056682852700fbaf1379932745358f71dd7a94809,60.16897,24.95222,00000000aa852af1,27.28
1456,2019-08-04T11:06:03Z,f78ef2ddbe48b534137498eab56c0a55ec0e0b1d8868e82cb5652a0e,60.14699,24.922,00000000a53ed894,3.09
1457,2019-08-04T11:06:03Z,f7be7d003528c0c0827040a3a3723e49406a5a7c86cb4bc568a830db,60.17002,24.94407,000000006b087f40,17.4
1458,2019-08-04T11:06:03Z,f855918d61069661cbf8633b228a5fb9e5cd5ea7b2946bfc5b9fc315,60.16829,24.94214,00000000afef4555,16.1
1459,2019-08-04T11:06:03Z,f9b83ef4dcaf4063cfde23b57748a991c4482bef50b3c76e6446ff27,60.17918,24.95141,00000000675d5200,33.81
1460,2019-08-04T11:06:03Z,f9ed4361c378e7c740818b0c356acbffa4a161af2ffbecb803ace9b7,60.173,24.92524,0000000096918cfa,25.36
1461,2019-08-04T11:06:03Z,fa1579394f4980e1fe11248f7be4e646b601a3d8cdb9361f182d066c,60.16762,24.95415,000000006b44cce7,7.05
1462,2019-08-04T11:06:03Z,fb197be4589e2d16cfe2899ae06282639009e64a5bff759f4a8a3e43,60.16629,24.95957,00000000fb7600be,27.28
1463,2019-08-04T11:06:03Z,fbccaff441d52a5aeba79ca785ef499aa8ce201503787c329885a565,60.16897,24.95222,00000000aa852af1,25.36
1464,2019-08-04T11:06:03Z,fbd28054e4a5478c8ca06f4d682405d1c59bef4853cad413ecb58d13,60.14699,24.922,00000000a53ed894,9.92
1465,2019-08-04T11:06:03Z,ff4558428827255010bce49fc8515ba871d17696d1ed727e6b60c1ea,60.18203,24.91341,00000000342570c2,31.5
1466,2019-08-04T11:06:03Z,ffb7319984ecae155652e100da9b204f0b92f3b6c7239cfea4dcf966,60.14699,24.922,00000000a53ed894,16.1
1467,2019-08-04T11:06:04Z,004c3624f943830bc6a9f17173a2cd0996622cade5184ad2b9fba729,60.16897,24.95222,00000000aa852af1,5.91
1468,2019-08-04T11:06:04Z,112c36ba789fa57e2b19c9bff8bfe0b3eba19a431c3af4656c4cee5b,60.16531,24.9442,00000000fdda10fe,31.5
1469,2019-08-04T11:06:04Z,1142f5b6806b1ec7d8d47d47013eb530d8a7418f6934d8867b20966a,60.16829,24.94214,00000000afef4555,18.79
1470,2019-08-04T11:06:04Z,126e7fa4dd9205201617bdc0c7c346bfb57e1a75d3d7d3d9c260d51b,60.16629,24.95957,00000000fb7600be,17.4
1471,2019-08-04T11:06:04Z,128f1b89d7a534aa206a7823b692594bbd4d349761baa04c0fc72f2c,60.14947,24.91438,000000004ef3150d,8.38
1472,2019-08-04T11:06:04Z,14c7e1511b70f4dd3359cbece1377aebb4d70531f5489eefe53d7c3c,60.16544,24.95398,0000000038d83d41,33.81
1473,2019-08-04T11:06:04Z,165ebbb4090d47319ae370f0d0854fdc1f6b79499f8b2e4d3c3533c0,60.16544,24.95398,0000000038d83d41,27.28
1474,2019-08-04T11:06:04Z,25a7ff811c3c06e426c7c2cbb0433d9a2a3399b23afecbd35584ab0f,60.18203,24.91341,00000000342570c2,16.1
1475,2019-08-04T11:06:04Z,269109af99b12861eeb19ab8698033d9c00895687da47af3f4310e9d,60.16762,24.95415,000000006b44cce7,4.94
1476,2019-08-04T11:06:04Z,29016fc5853bb802e42e93eb5fd98882d64029327d793a2f2335b9e4,60.16829,24.94214,00000000afef4555,11.7
1477,2019-08-04T11:06:04Z,3b5cafe90982db26cf737b2e4cd4275276f6a031bca3b2a1f73023b2,60.14699,24.922,00000000a53ed894,12.69
1478,2019-08-04T11:06:04Z,3fe5f4ccfa5c777ceafda0674d7c9da6f509f6694b4c2fa254b32e73,60.16897,24.95222,00000000aa852af1,14.89
1479,2019-08-04T11:06:04Z,43b676ed3aef4c2d8846694817e76117873be52e7f788e0cb366c1c4,60.16629,24.95957,00000000fb7600be,27.28
1480,2019-08-04T11:06:04Z,44d0b94469070803869f229601e877beb613c3f5aafa009addf97a1a,60.16544,24.95398,0000000038d83d41,21.87
1481,2019-08-04T11:06:04Z,4656bad9b5e6dfc3977eca308fc1db3dbf8b0204b90d09b001da242e,60.1638,24.96846,00000000d747f075,33.81
1482,2019-08-04T11:06:04Z,5d65719c4cbf045f068d084b72302f447d5fd034413d97d13be00d0e,60.18203,24.91341,00000000342570c2,20.28
1483,2019-08-04T11:06:04Z,5eed115a984d490b02b602d73787aee8dc8c4e9365b77fbff3818a76,60.16629,24.95957,00000000fb7600be,21.87
1484,2019-08-04T11:06:04Z,66dabd3229229330d23c70e9e1737429ddfe69db01f4a6a00f70fa20,60.16762,24.95415,000000006b44cce7,17.4
1485,2019-08-04T11:06:04Z,69219e9efa41ae9e732653e9eaf08e1a34cb853a9dafe76ddeea4d04,60.16897,24.95222,00000000aa852af1,20.28
1486,2019-08-04T11:06:04Z,6a70e2fbced719333e21eff04fcb9cb36bae9a04d1a3d6ddd96f2c58,60.15432,24.9211,0000000019fb59c4,5.91
1487,2019-08-04T11:06:04Z,79f136afa0dd8717337c01c70b457c464aaf0fa25b440f51a394ec23,60.16762,24.95415,000000006b44cce7,12.69
1488,2019-08-04T11:06:04Z,85ef35aecf2ff804be3d958b592705ec41c6df9c128c132c65bb283d,60.16897,24.95222,00000000aa852af1,20.28
1489,2019-08-04T11:06:04Z,87dfaad29a9276ddddb1fa021d3bc23ad14824c1af16f7d87e713689,60.14951,24.92138,0000000006dd41f6,9.92
1490,2019-08-04T11:06:04Z,88808fe92573e9cdf022cc15b9689b6b4b9429f60513c8897b0ba4c7,60.16897,24.95222,00000000aa852af1,27.28
1491,2019-08-04T11:06:04Z,89982a6acf91b79a282a6b63978e946ee205f303fcd20e944e06baf0,60.16544,24.95398,0000000038d83d41,20.28
1492,2019-08-04T11:06:04Z,8c3b1ed0846e38cc84b863a80540c8a75bfd85c8bdda36563d153110,60.16544,24.95398,0000000038d83d41,29.32
1493,2019-08-04T11:06:04Z,8c75c3289c84fe4493e1e272a77b615fe1985880c5dc68a7c1a17b53,60.16762,24.95415,000000006b44cce7,13.75
1494,2019-08-04T11:06:04Z,91d3b80de4439a4a49ddb8a04d72a0a2ec6c08f351d70232842af567,60.16762,24.95415,000000006b44cce7,25.36
1495,2019-08-04T11:06:04Z,92a4351b20078e469332532ec495e838559c62590b166cce41762939,60.16897,24.95222,00000000aa852af1,25.36
1496,2019-08-04T11:06:04Z,92aae21a6e0dd2ff71fc591b64e878502bd4677b64ac413632e9f7c6,60.149,24.9843,00000000fffb8cf0,10.78
1497,2019-08-04T11:06:04Z,9843c6216661048343a0e49cf3d8aa2883cf77f452666a1c873a1052,60.16448,24.97323,0000000053c6c2be,16.1
1498,2019-08-04T11:06:04Z,9c8556ea519835172f09c20e7688066eeec8e7f74a0c6fa3df3d9c5f,60.16829,24.94214,00000000afef4555,20.28
1499,2019-08-04T11:06:04Z,a91d379a4b57c5df22db0d7a041ff69f657b4b31f28554b1011fc03c,60.16544,24.95398,0000000038d83d41,29.32
1500,2019-08-04T11:06:04Z,b936e41d8712ae967f3ebb413fc44f060bb10613f95537757886ede2,60.16762,24.95415,000000006b44cce7,23.56
1501,2019-08-04T11:06:04Z,c40c37def6bf11a63a2556519a7c6233fd417cdeea2cf14f28e7c42c,60.16531,24.9442,00000000fdda10fe,20.28
1502,2019-08-04T11:06:04Z,ca6927628f5ddda20036865c9345ad93d476d62ade3b181de568eed6,60.16897,24.95222,00000000aa852af1,25.36
1503,2019-08-04T11:06:04Z,cf05623e4d87ce0906c0b0b7dbf53aacc1228016cd27c341228b6e76,60.18203,24.91341,00000000342570c2,18.79
1504,2019-08-04T11:06:04Z,cfc0bedb78ded52749db3188cb188bf6a250ef5990da9c5afa9623fc,60.14951,24.92138,0000000006dd41f6,21.87
1505,2019-08-04T11:06:04Z,d15e7dd5136b83a36b80f68b15b4163e9a4e277740c84a30cc7a4bcc,60.16829,24.94214,00000000afef4555,17.4
1506,2019-08-04T11:06:04Z,dbeb00942457ba3c5fb1984b57b1dedb268c0e761e80729b939f1fd8,60.16544,24.95398,0000000038d83d41,20.28
1507,2019-08-04T11:06:04Z,e224ae5ea47af2e3048f83b13a1f45dc135c0ca6be72547b01729086,60.1538,24.95595,0000000038bf9618,21.87
1508,2019-08-04T11:06:04Z,e6af35ebe4c87f166821f11fad668537305c0f52d192e9c4d308eaa9,60.16075,24.95883,00000000f1124bca,23.56
1509,2019-08-04T11:06:04Z,e96bd269a48b822b06141c3362fcb6d5ed4d0d09a120f2e4a712d5c2,60.16897,24.95222,00000000aa852af1,27.28
1510,2019-08-04T11:06:04Z,ed70dda6b7faebd4340dacdb452ab224d9d3c308df417b7fa76f54e8,60.14951,24.92138,0000000006dd41f6,21.87
1511,2019-08-04T11:06:04Z,f088630d7476dae7d4b7e2bb1f10575f2c89acb4b6e061f3d57c2b40,60.16531,24.9442,00000000fdda10fe,33.81
1512,2019-08-04T11:06:04Z,f31cfded6f566f9c032c80c52ea642407be312c5d42521ab7a8d3e2a,60.16897,24.95222,00000000aa852af1,16.1
1513,2019-08-04T11:06:04Z,fc4f3a44235f1cfc7b53f14ba2da599976a5a0a220d23b852688e485,60.17919,24.95181,000000007b5207b6,14.89
1514,2019-08-04T11:06:04Z,0043f38f4fb6545d7c033c9a8f8c18106aa0c2c841f28a15dd722e9d,60.14699,24.922,00000000a53ed894,21.87
1515,2019-08-04T11:06:04Z,00dae8e6c0b169e69db1d1435e478728f9318e16ee31ff03e5572236,60.16629,24.95957,00000000fb7600be,16.1
1516,2019-08-04T11:06:04Z,01e47d49d859d6875c51173a8f2159c35733cff5d2c3e5044b4b42d1,60.16829,24.94214,00000000afef4555,16.1
1517,2019-08-04T11:06:04Z,0236a1d5b9b9d2249407a79705eee38de360ceb0530a8959ba5bc15b,60.149,24.9843,00000000fffb8cf0,14.89
1518,2019-08-04T11:06:04Z,02859795f210989e95cecea68a54de08be1fe5e153b3038eda00394e,60.16762,24.95415,000000006b44cce7,27.28
1519,2019-08-04T11:06:04Z,02a354db29cd5bc16976a9d933e03a41be350f9cc78098829a7dcfd4,60.14947,24.91438,000000004ef3150d,18.79
1520,2019-08-04T11:06:04Z,0625280cf414aa015aa8b4d504d6fc74879a1144b913e254fec5db9d,60.16762,24.95415,000000006b44cce7,9.92
1521,2019-08-04T11:06:04Z,07505f028a552fd4183a9d7a436db18ae89a2dfeff0cdea93dcbe920,60.16762,24.95415,000000006b44cce7,6.46
1522,2019-08-04T11:06:04Z,07736b3f5deab4e1b7812473c78389d5152eb6e95aeb6b23741c90d6,60.16762,24.95415,000000006b44cce7,13.75
1523,2019-08-04T11:06:04Z,08833115ba0f62666fee594662c171563759459bb5f65ffdfeaeaed1,60.18203,24.91341,00000000342570c2,10.78
1524,2019-08-04T11:06:04Z,08b10b51864dc039f0a07c997e66e7a263ee1cde5b0b88b2a1178c58,60.16829,24.94214,00000000afef4555,9.12
1525,2019-08-04T11:06:04Z,0b45b52bc137c31ce83561c857f809296ec70f5537976a4a4d573d4f,60.16829,24.94214,00000000afef4555,7.69
1526,2019-08-04T11:06:04Z,0b49dcea1b7eab22f4ebd0c7666ded5b59fe092b8bdd4aa9eda6326d,60.16762,24.95415,000000006b44cce7,1.7
1527,2019-08-04T11:06:04Z,0d2490ed58c11eb4a754a30cc4bcb21c7243d322a2caf7cc360e4e8c,60.17065,24.93641,000000000f4919c9,18.79
1528,2019-08-04T11:06:04Z,0dc12f22306d5f6622fc786011f32f1961a5f94018be9c2236fb2e52,60.14699,24.922,00000000a53ed894,18.79
1529,2019-08-04T11:06:04Z,0e9170bc93107bf16cd12839eca9ea157f19169d66085e8a435b0f1d,60.16762,24.95415,000000006b44cce7,14.89
1530,2019-08-04T11:06:04Z,1083b7adffac22c0fd933b3dd2c5bb41ddc6258467eed8d56f93dc01,60.16762,24.95415,000000006b44cce7,17.4
1531,2019-08-04T11:06:04Z,1327ce24f157334f864f913637993c80380ce5f5c911e4b0d31c5eb7,60.149,24.9843,00000000fffb8cf0,4.5
1532,2019-08-04T11:06:04Z,13b0a8ca1414d7b2b0e8d5f80069a5d26c6f62a68b58eda25a4b85f4,60.16829,24.94214,00000000afef4555,8.38
1533,2019-08-04T11:06:04Z,1556d4a76070c26554efa12b4b9c53766a4cc394e8b74ee37f2fff65,60.17065,24.93641,000000000f4919c9,31.5
1534,2019-08-04T11:06:04Z,15a224e12e9e77e85f3b7623de37cfcef9b1231db7697c9ee2191d1a,60.16762,24.95415,000000006b44cce7,17.4
1535,2019-08-04T11:06:04Z,163dbc381da1ed6a59dda273955da51bb7f1216e1b8e226446d40e4b,60.1538,24.95595,0000000038bf9618,38.87
1536,2019-08-04T11:06:04Z,169c77f0d714e38eb1e798b14fa42ce3fefb0ec1d6f9e93a38a872f1,60.16762,24.95415,000000006b44cce7,7.05
1537,2019-08-04T11:06:04Z,1921be9815a57f11f291ca085add7b4bf1d044518b03b725df7cf7d5,60.149,24.9843,00000000fffb8cf0,20.28
1538,2019-08-04T11:06:04Z,193f678f8071956704184ece9db3ec95c7f0b74518be565ec032be4b,60.16629,24.95957,00000000fb7600be,25.36
1539,2019-08-04T11:06:04Z,19db84758eba08a5f9bb56b0ff91d05286765c8e8dfa31bd0b2aaa1c,60.14947,24.91438,000000004ef3150d,31.5
1540,2019-08-04T11:06:04Z,1a06b5f7f305badd45e93db9d86d76ed3a2a96ec55ec47c836921e3e,60.16762,24.95415,000000006b44cce7,8.38
1541,2019-08-04T11:06:04Z,1a9a0f74c353624c42c19c007e82c9c2547b7285d8353d0e375e3f05,60.14699,24.922,00000000a53ed894,5.91
1542,2019-08-04T11:06:04Z,1c8c3befa38b65f707dd4933a68e5e3c9e7c82592fd382779127416b,60.16897,24.95222,00000000aa852af1,16.1
1543,2019-08-04T11:06:04Z,1ce242f8d8220cd38bf3ea9138c99ae9b2f79b28e68edb864f090ec9,60.149,24.9843,00000000fffb8cf0,25.36
1544,2019-08-04T11:06:04Z,1d3b4ef3173b439ceed5e48cb04874bc246ec12c28497d35f4162448,60.14947,24.91438,000000004ef3150d,47.69
1545,2019-08-04T11:06:04Z,1e3efbe25e19c47f81e4c501d1fd56cf506c3da4b57b10fc8c953dd5,60.16762,24.95415,000000006b44cce7,21.87
1546,2019-08-04T11:06:04Z,1fa2c533bba37b249a0105001153733e67a559d40c22cab67f135f64,60.14947,24.91438,000000004ef3150d,3.74
1547,2019-08-04T11:06:04Z,227b93698b29687beea48184f42aab63a21fa362af7251be32db2e15,60.16531,24.9442,00000000fdda10fe,3.09
1548,2019-08-04T11:06:04Z,23786c82e2641aed0e0b004658480a212bf0397568e914487819045c,60.16897,24.95222,00000000aa852af1,21.87
1549,2019-08-04T11:06:04Z,23b7c1b09dfbcbf722a4c48303dd0435cf9885a516d5eebb6538844f,60.16762,24.95415,000000006b44cce7,14.89
1550,2019-08-04T11:06:04Z,2671a156fa8d8bb05970481c8f83bcf9f261f73dae27f2bb9ac88aeb,60.14699,24.922,00000000a53ed894,14.89
1551,2019-08-04T11:06:04Z,2724e42551f43106ea58a8fcc6a43953baa1294cd65e17a90012f706,60.17065,24.93641,000000000f4919c9,0.84
1552,2019-08-04T11:06:04Z,277125506ba4ea1afb2c696256b262e0708d43c30c769a1d4a382a76,60.16762,24.95415,000000006b44cce7,10.78
1553,2019-08-04T11:06:04Z,29b5f09785ef76627c2a3f043e1182d11fbd3a465422544c7478aa1c,60.16897,24.95222,00000000aa852af1,23.56
1554,2019-08-04T11:06:04Z,29f5adc4d67413b7d368e8e94a41cf48339e3f5f0903f660170c4fe8,60.17918,24.95141,00000000675d5200,20.28
1555,2019-08-04T11:06:04Z,2a80aed2c40e7e70ca12152ac812abd79aa1d13efcec25a6d3395136,60.16762,24.95415,000000006b44cce7,7.05
1556,2019-08-04T11:06:04Z,2b340ca3416f2ba214d44853ad0495223a557eb6b61baca53fd7dc54,60.16829,24.94214,00000000afef4555,20.28
1557,2019-08-04T11:06:04Z,2bade3cfae68c5f3e9df9c6f8327c0cbd36d37a09ade6c16bfb24289,60.16829,24.94214,00000000afef4555,20.28
1558,2019-08-04T11:06:04Z,2c85e4140ca0ba77c3598ceac05eb2c2342409ce8111c863fc58c606,60.16829,24.94214,00000000afef4555,7.05
1559,2019-08-04T11:06:04Z,2ccaeb30423977ff22b6afc29243b861b476a5f4ffafdf200d326d78,60.17002,24.94407,000000006b087f40,10.78
1560,2019-08-04T11:06:04Z,2ccf3d7a368a8ec2c5eadd132421c63cbe815a1b916721a3667c5503,60.16762,24.95415,000000006b44cce7,16.1
1561,2019-08-04T11:06:04Z,2de87ef94604fb63bec05eefb71b6cdd0b9807f8551159c2a35e7259,60.17065,24.93641,000000000f4919c9,5.91
1562,2019-08-04T11:06:04Z,2fe2e4165984d7880628aec591ce4747f18947da70312e6afca2946b,60.14699,24.922,00000000a53ed894,16.1
1563,2019-08-04T11:06:04Z,30bee351808d5e8082ce012b57f5bc0efc80f8394491a182e0eeee32,60.17918,24.95141,00000000675d5200,18.79
1564,2019-08-04T11:06:04Z,3262259981b4d615793e8692d3b8461ab7cc2c63789b0ce72c75075f,60.17918,24.95141,00000000675d5200,25.36
1565,2019-08-04T11:06:04Z,32f77f5019e5fce30881c214487361e2e34b8c93277f6e546de72012,60.1638,24.96846,00000000d747f075,29.32
1566,2019-08-04T11:06:04Z,3417d8a6b53687e70f126ebeb1d26a2ff6369dc9a551c3c35c5a04f9,60.17002,24.94407,000000006b087f40,18.79
1567,2019-08-04T11:06:04Z,35f337dd3baf0bc08002ec007d609b685ac29bb2a8bcad6783532a6b,60.16829,24.94214,00000000afef4555,12.69
1568,2019-08-04T11:06:04Z,3670a148a52771f0ff5af161725f65b86873c09eea1a7697861c0438,60.14699,24.922,00000000a53ed894,25.36
1569,2019-08-04T11:06:04Z,374083907dd8980893623726af5633afd59b519c885ad12ba5c674eb,60.17002,24.94407,000000006b087f40,3.4
1570,2019-08-04T11:06:04Z,386dea4944e0b83648b4b6faf510fd47b0e9e29a2bb9311fe8a80ee2,60.17918,24.95141,00000000675d5200,9.92
1571,2019-08-04T11:06:04Z,38cfc5d86ff7ea17c49921e93720a7f1855e3b42e144e5533e15d587,60.16762,24.95415,000000006b44cce7,18.79
1572,2019-08-04T11:06:04Z,3ac85712ab657e849113d439795c4e7325d1025cacdbd9a41174b031,60.17002,24.94407,000000006b087f40,12.69
1573,2019-08-04T11:06:04Z,3ac9d056b0f04f774b238a125eb996d46437f7a8c5f6ba6712e971cf,60.17919,24.95181,000000007b5207b6,20.28
1574,2019-08-04T11:06:04Z,3ae1d5a2268ac1af52ba8b54fb28f81c00fa05884af8b8ca5e7e0e9a,60.16762,24.95415,000000006b44cce7,18.79
1575,2019-08-04T11:06:04Z,3b5030adc7c303403a6333a1a6d35474c2f21c1d20ece72180660423,60.14947,24.91438,000000004ef3150d,11.7
1576,2019-08-04T11:06:04Z,3bd8214bd5284efaf354ec2a0dd2847f6051ceaace6a2691ff085d3d,60.17065,24.93641,000000000f4919c9,21.87
1577,2019-08-04T11:06:04Z,3c7df7d16658abc47ed9e66342a99269fee33785ea550021877f84a4,60.18203,24.91341,00000000342570c2,23.56
1578,2019-08-04T11:06:04Z,3c97ef699a49ee2e91f5446516403d07a686256fbaea1ed8e7c28400,60.16762,24.95415,000000006b44cce7,12.69
1579,2019-08-04T11:06:04Z,3d30fee9b8d261e48f2751481d420879a4ae47073273d8ad4c3ffcda,60.16762,24.95415,000000006b44cce7,9.12
1580,2019-08-04T11:06:04Z,3e36420df19c06796a79acdad84551653de9b0132cb0987329f75291,60.16897,24.95222,00000000aa852af1,13.75
1581,2019-08-04T11:06:04Z,3f67c6713a6cca446a46616c9970c7a2ddffb03f21e10c8ea9b2f380,60.16897,24.95222,00000000aa852af1,20.28
1582,2019-08-04T11:06:04Z,3fe4e214448b0c9a8dfbee81c347d82a8f0b26859201fb1d77f40fa9,60.16762,24.95415,000000006b44cce7,7.69
1583,2019-08-04T11:06:04Z,4029e2bbe80e82503738f9d22280145b28581d920fce25bfcf52a5c8,60.16762,24.95415,000000006b44cce7,20.28
1584,2019-08-04T11:06:04Z,44703b8dd01d3bd79585c9c7e12217e1ac152f86e2b0c9ed6be4bc19,60.16544,24.95398,0000000038d83d41,16.1
1585,2019-08-04T11:06:04Z,4472fa277123afabdf2402fc2a3c5bff2be437e6d56b590278de70fc,60.17065,24.93641,000000000f4919c9,23.56
1586,2019-08-04T11:06:04Z,44cd8828dd4aa11ea599139af3d3aafbcd09ca0c2558f26ed1c72e17,60.14699,24.922,00000000a53ed894,18.79
1587,2019-08-04T11:06:04Z,44d01b24bde0f8031d7cf15bb66e661ad9bd92807f3213fabf920fa1,60.16762,24.95415,000000006b44cce7,7.69
1588,2019-08-04T11:06:04Z,45974834f8580a2d279e57d00bf84ad9b79ed02d5ca9d945c40a8e36,60.16762,24.95415,000000006b44cce7,9.92
1589,2019-08-04T11:06:04Z,465eab28635efe98500085ceb161cf941d02272a0107fbbfb2203c29,60.16829,24.94214,00000000afef4555,3.74
1590,2019-08-04T11:06:04Z,46b576e18e757fc4ec008b41d3c28ec5415a2c2c2f143042e5413137,60.16762,24.95415,000000006b44cce7,9.12
1591,2019-08-04T11:06:04Z,47cd1dcac88434ffdc4b868e7f1d8d8a604700564bc83a7c0a3928be,60.16762,24.95415,000000006b44cce7,16.1
1592,2019-08-04T11:06:04Z,47f787c639f2eed345eb5dca409ffcd989850399a1ab781500dd6e82,60.17919,24.95181,000000007b5207b6,9.92
1593,2019-08-04T11:06:04Z,4833b1ea4f519407574f5a838d93a39de28c756c5f53de7ee273b577,60.14947,24.91438,000000004ef3150d,8.38
1594,2019-08-04T11:06:04Z,49084ae4b6419be9e7bb0c9b1420142e07d6ac3c17c07c26895461ed,60.16829,24.94214,00000000afef4555,16.1
1595,2019-08-04T11:06:04Z,49b391c05bd4e5231579392d798036a0139a8ea4e4d4509a7cb3901f,60.16829,24.94214,00000000afef4555,5.41
1596,2019-08-04T11:06:04Z,49d6f6bd5878bfac30a67fe92d1501b5b09cab38ab2b35b661902f0d,60.14947,24.91438,000000004ef3150d,13.75
1597,2019-08-04T11:06:04Z,4a54cbed9c373a4136f8851f3f5736eb2fadd5766d316eb5ebbdd231,60.17919,24.95181,000000007b5207b6,21.87
1598,2019-08-04T11:06:04Z,4ae4a5331747d994953667cd06d4c999d9cf71885574c3cc473620f8,60.16897,24.95222,00000000aa852af1,11.7
1599,2019-08-04T11:06:04Z,4b5b3e8f2b484bc08b196c265f65c70151bd69f6263318eb29125db2,60.16829,24.94214,00000000afef4555,7.05
1600,2019-08-04T11:06:04Z,4bb6e0c5d2fab888f3f0b8001d87db8152c8c44f64934c028f4f0fba,60.16762,24.95415,000000006b44cce7,11.7
1601,2019-08-04T11:06:04Z,4cf634fc84e128c3b9bce07a4b726d136e18f0eea4229fdbb48f6db1,60.16897,24.95222,00000000aa852af1,16.1
1602,2019-08-04T11:06:04Z,4d31b0561dbfc9ef5acbd44ba92acb4ca7bad86b948634f005173ece,60.14699,24.922,00000000a53ed894,13.75
1603,2019-08-04T11:06:04Z,4f64a0a452cd28e15e79c60cbb361761817de946431b04ad87c6d513,60.16897,24.95222,00000000aa852af1,25.36
1604,2019-08-04T11:06:04Z,4fb84ecf5d221439a3af3b68650b3b7dea1d1324213f3ea57669ead0,60.18203,24.91341,00000000342570c2,25.36
1605,2019-08-04T11:06:04Z,51789c3026ccfe7e846e44fcd833d006941c2789b9693c77df5a7c98,60.16762,24.95415,000000006b44cce7,9.12
1606,2019-08-04T11:06:04Z,538f05c49f43aea0fda8bfcfd03d1ac2fc05b55d83fda538cd91e2a4,60.16762,24.95415,000000006b44cce7,11.7
1607,2019-08-04T11:06:04Z,542a405b620e6d166ecc5eadd979b3936d831cea3aa7b75316adb4ca,60.16897,24.95222,00000000aa852af1,12.69
1608,2019-08-04T11:06:04Z,549e8785d3249c38e0c577947392ab324d318a5a9b125b5d03e023d2,60.17065,24.93641,000000000f4919c9,20.28
1609,2019-08-04T11:06:04Z,54d53f276563f566e1cd61b100408412cf78b4fe9fcada830aa6e23b,60.14947,24.91438,000000004ef3150d,9.92
1610,2019-08-04T11:06:04Z,5518b2315c236d486c7a5a4fc27c44987672b2f9a0751ffdaa9cbf78,60.16829,24.94214,00000000afef4555,7.05
1611,2019-08-04T11:06:04Z,55f047531784bdfb349239ad705090dfe4fce836942569dac1d34cd3,60.16762,24.95415,000000006b44cce7,13.75
1612,2019-08-04T11:06:04Z,56101419005237b836e4ed14d91dfa6f9edc4c92b5fcb419943897bb,60.16762,24.95415,000000006b44cce7,7.05
1613,2019-08-04T11:06:04Z,56318cc7f3616fceec2564cbb1f6ca8b88ea861935a1ada93aafd7b0,60.16897,24.95222,00000000aa852af1,17.4
1614,2019-08-04T11:06:04Z,565a35900ed1794a9d566f6fc12f2710875a10eb7c8e6fa0ddd92626,60.14699,24.922,00000000a53ed894,18.79
1615,2019-08-04T11:06:04Z,56d473e2a8c6e4edede96e4d51006d4608d8087f1bdcfbb7232338b6,60.16762,24.95415,000000006b44cce7,20.28
1616,2019-08-04T11:06:04Z,571934189bf349efb6f596e76c21612cf9b82ed44913090169936048,60.17065,24.93641,000000000f4919c9,16.1
1617,2019-08-04T11:06:04Z,579ea129e99082446da0a3f358091546de1f8b2db0feb92b86d25a89,60.149,24.9843,00000000fffb8cf0,14.89
1618,2019-08-04T11:06:04Z,59b87e6921598d25b092b66e140328fa03c9f06fe4e697dd344f378a,60.17002,24.94407,000000006b087f40,18.79
1619,2019-08-04T11:06:04Z,5a755f0653ee0e334448418099ed85023db0a9984c280cfbadd74160,60.173,24.92524,0000000096918cfa,13.75
1620,2019-08-04T11:06:04Z,5c404f374a48548bfe8b02859d12ae59c4ae608fae2139fd71ef51b1,60.16762,24.95415,000000006b44cce7,7.69
1621,2019-08-04T11:06:04Z,5d9aa6fcb0d81ceaa80ca13cc08a88138be517656646e0ba0942ce46,60.16897,24.95222,00000000aa852af1,33.81
1622,2019-08-04T11:06:04Z,6022019a95573b888ca7b3161da098935ea0ad7793437ee40a32a5f3,60.14699,24.922,00000000a53ed894,29.32
1623,2019-08-04T11:06:04Z,62d86ee13e6ae7a5c41ffc2de746df72d4ef6e8d2b6a51ce1c68965f,60.16829,24.94214,00000000afef4555,13.75
1624,2019-08-04T11:06:04Z,62e27092b58abcaf80564c408d0d4a7b821abaee92dc2f02ccb11e61,60.16762,24.95415,000000006b44cce7,6.46
1625,2019-08-04T11:06:04Z,6322c32adc9b2822352856beddebff48bcee2ac06c326509646a1c6b,60.16531,24.9442,00000000fdda10fe,31.5
1626,2019-08-04T11:06:04Z,6656d2ce0a18f92aca4d99810ecaefe94dbe9a0e2ea987f1702aeecb,60.16762,24.95415,000000006b44cce7,9.92
1627,2019-08-04T11:06:04Z,66755836036c771e53ffd9d0dc09b8575231b53b80af22e868691a2a,60.14699,24.922,00000000a53ed894,10.78
1628,2019-08-04T11:06:04Z,675c19fa88e446a423d3396a15abe22971d1ce207ada2ca102fb7189,60.16897,24.95222,00000000aa852af1,21.87
1629,2019-08-04T11:06:04Z,6978155fc96a2c464cb547d9fc8c5e60f39fbb9de35e49ab211c5efc,60.16897,24.95222,00000000aa852af1,27.28
1630,2019-08-04T11:06:04Z,69852d528034ea6fc746ed8942c32f1c90bc33a7a7317dfac3c9b1c1,60.14699,24.922,00000000a53ed894,11.7
1631,2019-08-04T11:06:04Z,69a36b732dac1dd72110238cd408aa2102972a3d9f574595c0f50e42,60.16762,24.95415,000000006b44cce7,23.56
1632,2019-08-04T11:06:04Z,69d8c906060e226ff0f0f7e78029575f2ee07ebec657a3b641419268,60.14699,24.922,00000000a53ed894,11.7
1633,2019-08-04T11:06:04Z,6ac1903c80e63433e4bc744dc0e801bff647117d38d3753fb9a6a4c1,60.173,24.92524,0000000096918cfa,11.7
1634,2019-08-04T11:06:04Z,6ac8fdd67b3dd11f0bae935f3a285880138382088238b97f511d3f12,60.16897,24.95222,00000000aa852af1,20.28
1635,2019-08-04T11:06:04Z,6c3dd68b68d5b3caa20f92e5ea004b0298abbddd5e35caca508262e9,60.16448,24.97323,0000000053c6c2be,23.56
1636,2019-08-04T11:06:04Z,6c97da4ba9462e7fe786a472989dab23340d31809dd78d5617204da4,60.16829,24.94214,00000000afef4555,9.12
1637,2019-08-04T11:06:04Z,6d2fc7db98c1129c509730d15464f3af6b90d127763da2f6b3cff37d,60.16544,24.95398,0000000038d83d41,23.56
1638,2019-08-04T11:06:04Z,6e2fbf091d5c86667e060d7ec44f48f0f5d7b1d55b1899f2939f247a,60.16762,24.95415,000000006b44cce7,9.92
1639,2019-08-04T11:06:04Z,6e492dbc3f10157e7ff00826a839a97262ab36244ccc57b702a89999,60.16531,24.9442,00000000fdda10fe,3.74
1640,2019-08-04T11:06:04Z,6f464e5508f8231eb6825ef84c1e5e5e7a2dd706574f309a2bef78e8,60.16762,24.95415,000000006b44cce7,17.4
1641,2019-08-04T11:06:04Z,70865ff0fd32dc9fc73f25e929a40535a717664003e66c14224a9d90,60.16762,24.95415,000000006b44cce7,9.92
1642,2019-08-04T11:06:04Z,70ffae2b8178e0915c5de7816f8dd8bcc3af745ee49df8ac4da4adba,60.17918,24.95141,00000000675d5200,17.4
1643,2019-08-04T11:06:04Z,714e80a1e3c0fee43e312f314b2faec47e582ee8dac47e4818dbc2f9,60.149,24.9843,00000000fffb8cf0,14.89
1644,2019-08-04T11:06:04Z,71516fc8349cfaf2b5c4ab80ade6078494d93d13e9953af15e5ced30,60.18203,24.91341,00000000342570c2,18.79
1645,2019-08-04T11:06:04Z,738973c9b5f9882f29075e47ca10e50ba3fb9883da779f41545175f4,60.17919,24.95181,000000007b5207b6,7.69
1646,2019-08-04T11:06:04Z,73f9caa620c77e880d8973e260936b1114db9c96de6accf8398ccec0,60.17002,24.94407,000000006b087f40,16.1
1647,2019-08-04T11:06:04Z,7484ecf89e24efb4a366562730f7341391f930dad7b216184022d0da,60.173,24.92524,0000000096918cfa,21.87
1648,2019-08-04T11:06:04Z,74c2ec2adc228e5b4979284d730fd2de698242f0f06d90f870b8cde6,60.16762,24.95415,000000006b44cce7,1.54
1649,2019-08-04T11:06:04Z,7552783317be1ef797980c3a9ee9c5967d4e7b32765f23c51ffda02d,60.16897,24.95222,00000000aa852af1,20.28
1650,2019-08-04T11:06:04Z,7563e2805259a5bf1add6d88075dae8642e8c22e0ecce584ac3e01cf,60.16829,24.94214,00000000afef4555,18.79
1651,2019-08-04T11:06:04Z,75d452cbba63995ad06213b577081e8db650c80b3a78060789a8e831,60.16762,24.95415,000000006b44cce7,7.69
1652,2019-08-04T11:06:04Z,772ba2b009d17d38214fdadd1a09d655ed1160b7dbf92998ef840565,60.16762,24.95415,000000006b44cce7,23.56
1653,2019-08-04T11:06:04Z,79249857aa88aacfdce42eef6ed8e8bcca6a4550672e5d4552c120d0,60.16762,24.95415,000000006b44cce7,16.1
1654,2019-08-04T11:06:04Z,79773ee1ebdf8252053d8ffb326b77bb05a7cdb76041102e73d3767c,60.16762,24.95415,000000006b44cce7,11.7
1655,2019-08-04T11:06:04Z,79bde23c1a8980f93a65e14306f0d8ea89e164430d8b991e2bfee82e,60.16531,24.9442,00000000fdda10fe,16.1
1656,2019-08-04T11:06:04Z,7afc351f0ed7619c18c64ab06971196bb53d53e2d460151ab711bc0f,60.16762,24.95415,000000006b44cce7,10.78
1657,2019-08-04T11:06:04Z,7c55ecf165387948602e82b684a55be093691849fde2d96ad6574475,60.17065,24.93641,000000000f4919c9,23.56
1658,2019-08-04T11:06:04Z,7e78b2348d9576c63ebb626030ee9d43e2bf07e860782adf3f1c452b,60.16829,24.94214,00000000afef4555,21.87
1659,2019-08-04T11:06:04Z,7eefc5581c616491b78192b28b519ba727dc884a87bc06b8df1ea4f2,60.14699,24.922,00000000a53ed894,11.7
1660,2019-08-04T11:06:04Z,7f95126e2fe39b74b61f9df1002b58453d22fe79458cebfeed9b9982,60.16829,24.94214,00000000afef4555,23.56
1661,2019-08-04T11:06:04Z,818bf826a20805f91325b634ae02107683c949bcfc7c472917f02db0,60.16762,24.95415,000000006b44cce7,20.28
1662,2019-08-04T11:06:04Z,81c06228705b85cb651a5992b5fe859cd4c96853fc487fcc026234f9,60.17002,24.94407,000000006b087f40,23.56
1663,2019-08-04T11:06:04Z,822590bd49bcf7ed4de4f8389586915c343b29c4283ff8b90d7c1d39,60.17065,24.93641,000000000f4919c9,12.69
1664,2019-08-04T11:06:04Z,82ac749474448abac333d00869cb8b508872f86293913d95eae26a05,60.15432,24.9211,0000000019fb59c4,8.38
1665,2019-08-04T11:06:04Z,82cddd3b9f58762d36efe78da4e2722ee587cfdb3fdbc58b52673082,60.16629,24.95957,00000000fb7600be,12.69
1666,2019-08-04T11:06:04Z,83720038db5ec086e83c4139cdd447b520148e1df447e2c3d21582bb,60.16762,24.95415,000000006b44cce7,18.79
1667,2019-08-04T11:06:04Z,844b8ad6ebf530978d1139d527a681991f4d3eed6be5bc723f0b2192,60.16531,24.9442,00000000fdda10fe,1.01
1668,2019-08-04T11:06:04Z,8452ada2a714598cdd911988eec301cf7bccb236b29686e0e8b1d0ed,60.1538,24.95595,0000000038bf9618,38.87
1669,2019-08-04T11:06:04Z,849d6a476563b352092dcda35e816833b571b7f630e7ff8617d9b7da,60.16829,24.94214,00000000afef4555,16.1
1670,2019-08-04T11:06:04Z,85b440c4e1125b1e2531499de3b19b82ae4b7eabb4d89c63c97fa83b,60.16829,24.94214,00000000afef4555,12.69
1671,2019-08-04T11:06:04Z,87ea10367f1569e575dc4bc60f0f4238eafb52ba8a2cc8e5e4584232,60.16829,24.94214,00000000afef4555,23.56
1672,2019-08-04T11:06:04Z,87f4cf4baea8c5dfe1bc7812cc969574058bd4d2dda215192bcfc53f,60.14699,24.922,00000000a53ed894,3.4
1673,2019-08-04T11:06:04Z,8838042aa011fa35218bd1800a2e2ddda11da574560e1fb1eac464a1,60.17002,24.94407,000000006b087f40,25.36
1674,2019-08-04T11:06:04Z,886032718e05487be8bd75bb14464814044c7edd7f9a2198304f6fb4,60.16629,24.95957,00000000fb7600be,17.4
1675,2019-08-04T11:06:04Z,88ee7d98af3d9470df5daf433cfa0405f6225cb56b98b7c48d260fd4,60.17002,24.94407,000000006b087f40,5.91
1676,2019-08-04T11:06:04Z,8bffe034066821502092859341756212a0dcb6b2c605852c0c40fdeb,60.16762,24.95415,000000006b44cce7,11.7
1677,2019-08-04T11:06:04Z,8e32f03aa51152a06255173f7dc5aaa2c75cef6f6aa829bd51fea777,60.16762,24.95415,000000006b44cce7,11.7
1678,2019-08-04T11:06:04Z,8f3d9ab893ae4a48fd3417f3a749c21e792779990ae0ad75a8f211de,60.1538,24.95595,0000000038bf9618,36.27
1679,2019-08-04T11:06:04Z,8f998d0e47a5fb2e84c8dcffb4a33ca4adeaf8db93423df171988c1e,60.16629,24.95957,00000000fb7600be,18.79
1680,2019-08-04T11:06:04Z,90b12d2b9898702fd62b343512e0d53796ae38decdf704e203a0cc39,60.16829,24.94214,00000000afef4555,18.79
1681,2019-08-04T11:06:04Z,91602a694bc74a2874ba7f02a7bae062a3a77cd869b86a74800415b8,60.17919,24.95181,000000007b5207b6,11.7
1682,2019-08-04T11:06:04Z,92df20d921f76c63470e3f5afbe201d3ae15f5133f66c291db796082,60.16629,24.95957,00000000fb7600be,14.89
1683,2019-08-04T11:06:04Z,93272ad17155ea9499641eda7c5560691582116096278b82738ab21e,60.14699,24.922,00000000a53ed894,5.41
1684,2019-08-04T11:06:04Z,934bab75e2a2354910288b01c44fdfda4a87f92ac010109f641b3122,60.14699,24.922,00000000a53ed894,14.89
1685,2019-08-04T11:06:04Z,951482f3e2e41b496e34885c346c4a7ab09427178119caa9b8bbcbb6,60.14947,24.91438,000000004ef3150d,21.87
1686,2019-08-04T11:06:04Z,9739bdb9d6dc18a01f26aca4ed8f4778377af76378df6355cfb569db,60.16762,24.95415,000000006b44cce7,21.87
1687,2019-08-04T11:06:04Z,9924ed20d6ddee438860f63a9fa1a2cefa7ccfa275d6da3a2008d84d,60.173,24.92524,0000000096918cfa,23.56
1688,2019-08-04T11:06:04Z,998ac46ad73c197bab1f36dca67d8bcaa3aca92249185a5e3715043f,60.17065,24.93641,000000000f4919c9,14.89
1689,2019-08-04T11:06:04Z,99b998b07243afd316e6fa57636b0ab6761b9c2a6f0fe050eae40c08,60.16762,24.95415,000000006b44cce7,5.91
1690,2019-08-04T11:06:04Z,9aa588cb6f425117e45726b6b9adb7ef86c8f7c8113b547dc61f068a,60.16897,24.95222,00000000aa852af1,9.92
1691,2019-08-04T11:06:04Z,9ab0a60cb60531417ac6ec5ebc6ef591d2f39019c6b0bcb5a89101a2,60.14699,24.922,00000000a53ed894,9.12
1692,2019-08-04T11:06:04Z,9b4b0705e58750d2bcbd71ad65d85677f7e77db5dfe69d1a70b5d31f,60.17919,24.95181,000000007b5207b6,14.89
1693,2019-08-04T11:06:04Z,9bef562c292174f1eb3933116effff74a8733a78e5c1df140de3fd6c,60.17919,24.95181,000000007b5207b6,9.12
1694,2019-08-04T11:06:04Z,9c0b1d2c4c67c07e547e810a94efeaaa1187ae82977e03748470281c,60.16897,24.95222,00000000aa852af1,18.79
1695,2019-08-04T11:06:04Z,9d4999a3d17f42105490a2219df4e272427eb63d8b560d1d21a3e185,60.14699,24.922,00000000a53ed894,18.79
1696,2019-08-04T11:06:04Z,9eb1e9bfdceb76ef852f89ebd82139602125f9731b791465e1c21f81,60.16829,24.94214,00000000afef4555,10.78
1697,2019-08-04T11:06:04Z,a066e2044b486819fe2185765f63ed87f8d10c502f26a01be1f1a758,60.149,24.9843,00000000fffb8cf0,25.36
1698,2019-08-04T11:06:04Z,a1439b6683d0598c7a05080c3693a17c198f7b8c3297c77324ef4859,60.16829,24.94214,00000000afef4555,1.38
1699,2019-08-04T11:06:04Z,a25b897b52089b243421b68349d3f15e60ce8249d11c889a4626bfc7,60.18203,24.91341,00000000342570c2,27.28
1700,2019-08-04T11:06:04Z,a2f0adf51cb9d2a5417cc0797183513a8bbcecfbc717a1b63e42027d,60.16762,24.95415,000000006b44cce7,12.69
1701,2019-08-04T11:06:04Z,a30740fbf4b7e21f6fe2996e9325c90936de161cb2165e87cd96fd35,60.149,24.9843,00000000fffb8cf0,18.79
1702,2019-08-04T11:06:04Z,a50e0bb8fd1ad4ad264c3246b210a0c6285faae591c1bd2c2c3458af,60.16829,24.94214,00000000afef4555,13.75
1703,2019-08-04T11:06:04Z,a5d632ac8ffc19a626de034d3c9444fd262ee6edada285c816ea9266,60.16531,24.9442,00000000fdda10fe,5.91
1704,2019-08-04T11:06:04Z,a6346d72bb19aaf926a344b915680b8f937930df06d6ac6a195494ab,60.173,24.92524,0000000096918cfa,23.56
1705,2019-08-04T11:06:04Z,a764c2246c85b2b0aa79e581e2fe238da93de098abbb90aee24c11ca,60.16829,24.94214,00000000afef4555,25.36
1706,2019-08-04T11:06:04Z,a80fe50725ab5a84d231e40a8544a8ffb4dca218d9e4d930b24c8809,60.16544,24.95398,0000000038d83d41,13.75
1707,2019-08-04T11:06:04Z,a8c4f6feb3636400ed19b5c49ae86a45245705fee6a9f615c191f889,60.16829,24.94214,00000000afef4555,29.32
1708,2019-08-04T11:06:04Z,a957a23e900be8f2b74cce732a382546c540555383e1439c04f9cce9,60.1538,24.95595,0000000038bf9618,41.64
1709,2019-08-04T11:06:04Z,a98fc06dc605583814a2aa182295b88f81657ef2daeee7aaec792e7c,60.16762,24.95415,000000006b44cce7,23.56
1710,2019-08-04T11:06:04Z,a99331c8ffa6025a6415a70989273c6f629ac5ad321591e5f61d3654,60.16762,24.95415,000000006b44cce7,11.7
1711,2019-08-04T11:06:04Z,aa13e498edf9f46e910da649451b89f99f275d8fa16839b7bf158289,60.149,24.9843,00000000fffb8cf0,33.81
1712,2019-08-04T11:06:04Z,aa4547c0b6b8be30776e08d524ceeacfbc9930ad720e11fa4cb20882,60.16531,24.9442,00000000fdda10fe,1.01
1713,2019-08-04T11:06:04Z,aa45859d6157e9e86470ec8b81957acc35bafb1b7f419d79357a38cf,60.16829,24.94214,00000000afef4555,8.38
1714,2019-08-04T11:06:04Z,aa5e2805ac91707a9e8de48bade5510f72d95136ec930e052d9cada8,60.16762,24.95415,000000006b44cce7,16.1
1715,2019-08-04T11:06:04Z,ab0008c7828a92ac4d00c4c500f15af7b23ecc0ca743d682c9262102,60.16762,24.95415,000000006b44cce7,11.7
1716,2019-08-04T11:06:04Z,ab1377ddf669bb806f8db586f4ce5ab9f0f4257dda61fe800d8509f5,60.17065,24.93641,000000000f4919c9,31.5
1717,2019-08-04T11:06:04Z,ab7697ba77150d46c95d1b02fef085ed91925d425393d8ad1097adcc,60.17002,24.94407,000000006b087f40,20.28
1718,2019-08-04T11:06:04Z,ac4679e3db131ec2ea8e1111c8aa0d71020cf8796ecb11f142478394,60.14947,24.91438,000000004ef3150d,9.92
1719,2019-08-04T11:06:04Z,ac5c7e04b55d6d70659e5b8f4705309b9367c78a0edb7ce85f42c181,60.1538,24.95595,0000000038bf9618,36.27
1720,2019-08-04T11:06:04Z,ae3cda5066e455d4b1e58860e8fb7a35efad69b9964a676b476b0687,60.14947,24.91438,000000004ef3150d,3.74
1721,2019-08-04T11:06:04Z,b02a0be9ec3a2bb1acba16daee232202f9a06ac84e0dcc9a80dddf6a,60.16762,24.95415,000000006b44cce7,5.41
1722,2019-08-04T11:06:04Z,b1421f3442b5594ceec0855789169ebe9346682c58076647d251e417,60.16629,24.95957,00000000fb7600be,27.28
1723,2019-08-04T11:06:04Z,b2298fc6f63c02481610f9aef24f1a0c1711c255adc43c0fe135c1ca,60.14947,24.91438,000000004ef3150d,9.92
1724,2019-08-04T11:06:04Z,b3266ecf36a984b814e1b2d31b447438bd948a9c116721480104792f,60.16829,24.94214,00000000afef4555,25.36
1725,2019-08-04T11:06:04Z,b45b86eb670eb1db475921496e6d80468f5fe2819bf3eb58f1f58506,60.16762,24.95415,000000006b44cce7,14.89
1726,2019-08-04T11:06:04Z,b50b3c2006581bccfeaa9ea964649350c7d5b8177baa29a37e628584,60.14947,24.91438,000000004ef3150d,27.28
1727,2019-08-04T11:06:04Z,b59631b8902194c916f7d3ddcc02d4200a3de0380fa554d87e6856c0,60.17002,24.94407,000000006b087f40,18.79
1728,2019-08-04T11:06:04Z,b5cdbcdc30e0bf653ce353c867708b0067db5e394c8cbe848d978a77,60.14699,24.922,00000000a53ed894,12.69
1729,2019-08-04T11:06:04Z,b601cd655bb9f05aa6ec86fc9eb9300c3bc20bc0e856e94ad168a257,60.14947,24.91438,000000004ef3150d,12.69
1730,2019-08-04T11:06:04Z,b67f020b0677cdc52c864f559306fb750cdf47ce2eee6503a3cedb3a,60.16629,24.95957,00000000fb7600be,21.87
1731,2019-08-04T11:06:04Z,b6993d0126111446694476224139411806c3e61a96a43f1655048ff9,60.16762,24.95415,000000006b44cce7,17.4
1732,2019-08-04T11:06:04Z,b8f5834e6b992cf5568ae3153fb4b07e97b7f6dd01250851134c1824,60.149,24.9843,00000000fffb8cf0,14.89
1733,2019-08-04T11:06:04Z,ba288a5fd2befbc9ed08e7876ad7cb2bd8bfe6f5756d2ffe8e2dc558,60.17002,24.94407,000000006b087f40,12.69
1734,2019-08-04T11:06:04Z,bbf7d8b9085ddcd3b94f55f93b52cb40a251c44f5df4099ba5b61471,60.16829,24.94214,00000000afef4555,9.12
1735,2019-08-04T11:06:04Z,bc07df8cc395f6f4f5d483b2233caca5f93a6918f346e4cc3702f8cc,60.16531,24.9442,00000000fdda10fe,23.56
1736,2019-08-04T11:06:04Z,bd1611dad126fe24280d74afb7bea8f8b9046e90bb9932a656cac196,60.16829,24.94214,00000000afef4555,17.4
1737,2019-08-04T11:06:04Z,bd7fa2c07b7e0eab8afb3d9825a810643c2eb71f83c09a1e26cac54c,60.16762,24.95415,000000006b44cce7,9.92
1738,2019-08-04T11:06:04Z,bf1bf5222ce141fbaa484d3bbf568d521b90699d69ec5fc413c9d716,60.17002,24.94407,000000006b087f40,12.69
1739,2019-08-04T11:06:04Z,bfd5c2630b36fde15de01ea74e598d035402cf1edb7c9230617927e0,60.16762,24.95415,000000006b44cce7,6.46
1740,2019-08-04T11:06:04Z,c012e9e2caf1002d24e53817bb1279becdfc4aa9dba085e93ddd88e9,60.17002,24.94407,000000006b087f40,18.79
1741,2019-08-04T11:06:04Z,c27fee8ae8d689338b043608280c83cfa6f3276d3837ecea5f742dc3,60.16762,24.95415,000000006b44cce7,7.05
1742,2019-08-04T11:06:04Z,c295586f7beda12838a6631ba525676d39d7d054c321b62de8c8c3d2,60.16629,24.95957,00000000fb7600be,20.28
1743,2019-08-04T11:06:04Z,c2cc33e5b1b8d254d4bcbc0ffa13c9200676a39a191cc31a38d28d8d,60.17065,24.93641,000000000f4919c9,12.69
1744,2019-08-04T11:06:04Z,c2e135ad2c160277e290705658ac41d7cd35b11ebf61d829fdd0b428,60.14699,24.922,00000000a53ed894,8.38
1745,2019-08-04T11:06:04Z,c30af35bec62131f489588f92b5adb5d27203a7c40182faccfa142f9,60.149,24.9843,00000000fffb8cf0,31.5
1746,2019-08-04T11:06:04Z,c45e3c4e8ec0fc85457d3b4ed4c49ed0116b4cf447e2983f353abcd8,60.16829,24.94214,00000000afef4555,11.7
1747,2019-08-04T11:06:04Z,c4c3ad738ca47920bb66939f620126c87f730c644813158554916827,60.16762,24.95415,000000006b44cce7,9.92
1748,2019-08-04T11:06:04Z,c55894159f2080031cda702c78ee54463c3c15ab1b3638afdf687f08,60.16531,24.9442,00000000fdda10fe,5.41
1749,2019-08-04T11:06:04Z,c6084def1a2422f6fc267582e4ed73f2df4fc2ff8039ba70782741e6,60.16897,24.95222,00000000aa852af1,31.5
1750,2019-08-04T11:06:04Z,c6b0ea433c3fdc73e0bac7e3faa2690506c4e8ec7fc54210446a7ffa,60.14947,24.91438,000000004ef3150d,18.79
1751,2019-08-04T11:06:04Z,c7ced11121537f55bcd7d7ab67312226dafe7c85320c5357a35d5ab7,60.17002,24.94407,000000006b087f40,23.56
1752,2019-08-04T11:06:04Z,c8f8a7a901c692af2aec8031d27f0b7efc946f113895771f87fefe1c,60.14947,24.91438,000000004ef3150d,20.28
1753,2019-08-04T11:06:04Z,c990a15d27cfc21e63b7c96b95949254f1194e8b27118386a589e2bd,60.16897,24.95222,00000000aa852af1,12.69
1754,2019-08-04T11:06:04Z,cb37b8fad0bc758cf37d7ea1052f3a98f29282ae37ec635d6eb2c511,60.16762,24.95415,000000006b44cce7,11.7
1755,2019-08-04T11:06:04Z,cd7d0e9404c9f4e8fab0742460b9acb4d5bbb97f44df80d4a8b973cd,60.17002,24.94407,000000006b087f40,7.05
1756,2019-08-04T11:06:04Z,cfc79310c3124813bbb9cfe4d4edc24cfa4b7c23419b4517c5eed261,60.16448,24.97323,0000000053c6c2be,23.56
1757,2019-08-04T11:06:04Z,d04b5065ec93818b731141027d11e6a1cf53de69b9737d7aea0c34da,60.14947,24.91438,000000004ef3150d,14.89
1758,2019-08-04T11:06:04Z,d0bb294e434cf3d7a5fd391e049fb5412e08b24594a614893480b5f9,60.17002,24.94407,000000006b087f40,13.75
1759,2019-08-04T11:06:04Z,d162ad46250f7d87af446db22df4aa6b2eb2bf22f83beca34e857743,60.16762,24.95415,000000006b44cce7,4.11
1760,2019-08-04T11:06:04Z,d23d6afa580687749de352818db606b272b579b77c6009badb4aa4a6,60.16897,24.95222,00000000aa852af1,27.28
1761,2019-08-04T11:06:04Z,d2b816bfc9982b3f48d8baa389dc18ef7a57d3dcba72567b2865e2e2,60.16762,24.95415,000000006b44cce7,16.1
1762,2019-08-04T11:06:04Z,d2e3bf982b10b2079eaa464127a286409c5030b21ffe9a2ce08bbb9c,60.16762,24.95415,000000006b44cce7,7.05
1763,2019-08-04T11:06:04Z,d496353cba199ed0318530e50bf8778abe3ddffac1ecf53fdb6399d6,60.17002,24.94407,000000006b087f40,23.56
1764,2019-08-04T11:06:04Z,d4c9ea46d58288bf42808788e668072465d91dd3c874a8a51de5794e,60.16897,24.95222,00000000aa852af1,18.79
1765,2019-08-04T11:06:04Z,d68f1946805ba3d30f9ba25280986fbe003f3b5dce7245b633e0cb5c,60.16762,24.95415,000000006b44cce7,16.1
1766,2019-08-04T11:06:04Z,d6a8c97f1ec18c7a90d3beae358bad67f8d53626258a852e15b08c5d,60.14699,24.922,00000000a53ed894,10.78
1767,2019-08-04T11:06:04Z,d71a315bac918f9a18fcd820731e6d9eb54fb0d01c324ca088ef8858,60.149,24.9843,00000000fffb8cf0,18.79
1768,2019-08-04T11:06:04Z,d83c1c2d3a3876c948e277bace6d013eafc0c4e118958e138f8b1257,60.16448,24.97323,0000000053c6c2be,25.36
1769,2019-08-04T11:06:04Z,d9fe99c157052fce3b37f5128399fac7b857e756ffa220d8bebe5467,60.16629,24.95957,00000000fb7600be,21.87
1770,2019-08-04T11:06:04Z,da2398acaae7f39c7b80c220d4e6917bdc7655f4c71b6e36d06cb859,60.18203,24.91341,00000000342570c2,21.87
1771,2019-08-04T11:06:04Z,dba25c18a94a20a35b9a27ff605b1c40fd45b0263d884645052918e5,60.16829,24.94214,00000000afef4555,17.4
1772,2019-08-04T11:06:04Z,dbd2fa33dbaac339a8c9d8e04576b1088999b9314914676a2247737c,60.1638,24.96846,00000000d747f075,29.32
1773,2019-08-04T11:06:04Z,dc4043efe103db9ce55ad4d987a45cf9821cdc3e63cf7b15b6d48baf,60.16897,24.95222,00000000aa852af1,23.56
1774,2019-08-04T11:06:04Z,dc816e92e4a2eceea03f41fc379fda0e3d57b5d0fbd9a06430432022,60.16762,24.95415,000000006b44cce7,4.94
1775,2019-08-04T11:06:04Z,dd8e0699822b1a8a3f8a91fcb10729f6f7cd0a4736f36dc60974c36e,60.16762,24.95415,000000006b44cce7,16.1
1776,2019-08-04T11:06:04Z,de322af9620c895f1700d0d70ae3364a3b77ed134ce9f8677a663859,60.16829,24.94214,00000000afef4555,27.28
1777,2019-08-04T11:06:04Z,de48adf9d49eb3bc1d61dea4047618f6c77086fc44bd2b535d56504d,60.16762,24.95415,000000006b44cce7,5.91
1778,2019-08-04T11:06:04Z,de71e27b55ef6f2f51f05838a2fcab596f1dd93a14ece5ce4548f5c7,60.14699,24.922,00000000a53ed894,12.69
1779,2019-08-04T11:06:04Z,e01908a975abc95425179eadafdba31d371f1d64674c967686df87a3,60.149,24.9843,00000000fffb8cf0,2.08
1780,2019-08-04T11:06:04Z,e081e4b3252ca91bbf1cbb70faa116d60317fbf3a991a67bc99b4bfa,60.149,24.9843,00000000fffb8cf0,9.92
1781,2019-08-04T11:06:04Z,e0859a9c906151023376d86762070f38ba1b3859e671531b0edac6cd,60.16075,24.95883,00000000f1124bca,16.1
1782,2019-08-04T11:06:04Z,e0d7e8b332ca8514428ab10acf6d3a6b777da62ff8ea3e18d9b32989,60.16762,24.95415,000000006b44cce7,10.78
1783,2019-08-04T11:06:04Z,e1da87aea335bcd04e4c876158b96ebc7ba4206bc216c3aa27a2f4af,60.17919,24.95181,000000007b5207b6,3.4
1784,2019-08-04T11:06:04Z,e305610124e16ed1411a221b29ce69a076cc47982efd6c098b0599ab,60.14947,24.91438,000000004ef3150d,11.7
1785,2019-08-04T11:06:04Z,e44d7228cecbdb2474e1cc396a6c13943f09c08c19d0ffab1997d509,60.17919,24.95181,000000007b5207b6,9.92
1786,2019-08-04T11:06:04Z,e4ff34a5653a4b3d11ba7f76306df5d8415c1f7b6bd9a9ea2c5ac591,60.16762,24.95415,000000006b44cce7,11.7
1787,2019-08-04T11:06:04Z,e53a901aed874016e1cd1ed3e9b2891fca850986cb2fa04f5162cf52,60.16762,24.95415,000000006b44cce7,1.25
1788,2019-08-04T11:06:04Z,e557e164cd52fd817b02cad6587a294d72b0974d9b014ad69ea5e08e,60.17919,24.95181,000000007b5207b6,18.79
1789,2019-08-04T11:06:04Z,e5928057da667903de0b6c1245e1f58273dd85d63d8af0f4eaa771de,60.16762,24.95415,000000006b44cce7,14.89
1790,2019-08-04T11:06:04Z,e5b9b4813c081a31fb498e7f9adb94918c267dfa125c63790c0d9488,60.149,24.9843,00000000fffb8cf0,10.78
1791,2019-08-04T11:06:04Z,e92e9e46c4d4067617b8dad0cc70baa43463d1abc4d623d0e103c6b7,60.16762,24.95415,000000006b44cce7,21.87
1792,2019-08-04T11:06:04Z,e9d59e25b58f33f70aad6832863cb59d7485ca55a1575558f92b74e7,60.16897,24.95222,00000000aa852af1,14.89
1793,2019-08-04T11:06:04Z,ea38d72fbf2215d530a70d6a97dcc603a44b18d4d7ce557a91cb80bb,60.16762,24.95415,000000006b44cce7,16.1
1794,2019-08-04T11:06:04Z,ea3eef2f497e934d53c3a02bfa190abb42a24ce200d24c69598dbf84,60.16762,24.95415,000000006b44cce7,8.38
1795,2019-08-04T11:06:04Z,eb09e242059d315d7f929b7befadc641eeddb95492babe81030cbabc,60.16829,24.94214,00000000afef4555,9.92
1796,2019-08-04T11:06:04Z,eb261026c6f65b651ddf21bed629a1e164cfb500d0b78062704ec15c,60.16762,24.95415,000000006b44cce7,5.41
1797,2019-08-04T11:06:04Z,ec485175d2b7a2c53d03bf546aee134c116d998976601b069570c6f9,60.14699,24.922,00000000a53ed894,18.79
1798,2019-08-04T11:06:04Z,eca1a609c675d971fcfba4277d230ccdc2de7805c629b1f5da9cc224,60.173,24.92524,0000000096918cfa,10.78
1799,2019-08-04T11:06:04Z,ecb1735f180422ec69f041cd2782a26c9f07d27a87893b3c30aaa9b7,60.16075,24.95883,00000000f1124bca,7.69
1800,2019-08-04T11:06:04Z,ecc71cd7f4480d24b34ccd5786548529498dc98a06070e118f63b76e,60.16762,24.95415,000000006b44cce7,14.89
1801,2019-08-04T11:06:04Z,ecf13e9d610ad235409932d263110fd52c69d0f5f39e9ffd3ad8b740,60.16897,24.95222,00000000aa852af1,14.89
1802,2019-08-04T11:06:04Z,ed3b2eaece7e8846b296ad5c3f195aafb7410c95a88887d845982981,60.16762,24.95415,000000006b44cce7,11.7
1803,2019-08-04T11:06:04Z,ede13c9dc221bbc6c1daf78250fa6547303c06d7606c05ba0bf64547,60.17919,24.95181,000000007b5207b6,5.41
1804,2019-08-04T11:06:04Z,ee81051f10987c5f2ca4f2188c2e87df47f035dfdc62842c4671b11c,60.16629,24.95957,00000000fb7600be,20.28
1805,2019-08-04T11:06:04Z,ef15ff71b7dc4c2088249a4fca7e28900ae315245a7a3b4d571bf582,60.16829,24.94214,00000000afef4555,9.12
1806,2019-08-04T11:06:04Z,ef45fdc095ee55730384922266d8fce61de212d3c3df2441ea10e524,60.14947,24.91438,000000004ef3150d,16.1
1807,2019-08-04T11:06:04Z,ef5e495c5f9d3dd9eb22ed5b8faf1cc9e4225d4785ebb26a87d16fff,60.14699,24.922,00000000a53ed894,7.05
1808,2019-08-04T11:06:04Z,f014103201b8ae8f495f8e1e04da3c934079461391d4801ee6c2faaf,60.16762,24.95415,000000006b44cce7,23.56
1809,2019-08-04T11:06:04Z,f11c02cbebb4049a29f10d2ee6aac8a9ca3b7b9609a39d69463461a1,60.17065,24.93641,000000000f4919c9,21.87
1810,2019-08-04T11:06:04Z,f196f5f8c08299d290b3bac1944e00bb1f2c90594db66438b0c10e6e,60.16629,24.95957,00000000fb7600be,11.7
1811,2019-08-04T11:06:04Z,f1d44b9d3710849eba7eab0b6646053378aa5f8ee3491ec2522f3c44,60.14947,24.91438,000000004ef3150d,12.69
1812,2019-08-04T11:06:04Z,f43b8b2cf2c0bd291543858796d75b211d283ab73dcab5ad5dfd0aeb,60.16897,24.95222,00000000aa852af1,11.7
1813,2019-08-04T11:06:04Z,f5ffa3dbcdd5592ac31344cb04a7a6d639109a4d6e196fa0df3990dd,60.17065,24.93641,000000000f4919c9,17.4
1814,2019-08-04T11:06:04Z,f78ef2ddbe48b534137498eab56c0a55ec0e0b1d8868e82cb5652a0e,60.14699,24.922,00000000a53ed894,3.74
1815,2019-08-04T11:06:04Z,f7be7d003528c0c0827040a3a3723e49406a5a7c86cb4bc568a830db,60.17002,24.94407,000000006b087f40,16.1
1816,2019-08-04T11:06:04Z,f855918d61069661cbf8633b228a5fb9e5cd5ea7b2946bfc5b9fc315,60.16829,24.94214,00000000afef4555,20.28
1817,2019-08-04T11:06:04Z,f988707001cada9e82f9e5ac68a877d99d408bd0ad1cb19814de8716,60.16829,24.94214,00000000afef4555,25.36
1818,2019-08-04T11:06:04Z,fa1579394f4980e1fe11248f7be4e646b601a3d8cdb9361f182d066c,60.16762,24.95415,000000006b44cce7,11.7
1819,2019-08-04T11:06:04Z,fbd28054e4a5478c8ca06f4d682405d1c59bef4853cad413ecb58d13,60.14699,24.922,00000000a53ed894,12.69
1820,2019-08-04T11:06:05Z,004c3624f943830bc6a9f17173a2cd0996622cade5184ad2b9fba729,60.16897,24.95222,00000000aa852af1,7.05
1821,2019-08-04T11:06:05Z,03e0fc996a589ccdf1871b3c78e089c08c93ba1f2a02d740fb384aac,60.16531,24.9442,00000000fdda10fe,33.81
1822,2019-08-04T11:06:05Z,09a0d89e977eac08cb8877af0472d861a9c86439072251d53a13d931,60.16829,24.94214,00000000afef4555,14.89
1823,2019-08-04T11:06:05Z,1142f5b6806b1ec7d8d47d47013eb530d8a7418f6934d8867b20966a,60.16829,24.94214,00000000afef4555,18.79
1824,2019-08-04T11:06:05Z,126e7fa4dd9205201617bdc0c7c346bfb57e1a75d3d7d3d9c260d51b,60.16629,24.95957,00000000fb7600be,14.89
1825,2019-08-04T11:06:05Z,14c7e1511b70f4dd3359cbece1377aebb4d70531f5489eefe53d7c3c,60.16544,24.95398,0000000038d83d41,27.28
1826,2019-08-04T11:06:05Z,165ebbb4090d47319ae370f0d0854fdc1f6b79499f8b2e4d3c3533c0,60.16544,24.95398,0000000038d83d41,27.28
1827,2019-08-04T11:06:05Z,1bba37ee9376f8052f3606bb777546c2c4d1e84dad7afd93d4cffa45,60.16762,24.95415,000000006b44cce7,17.4
1828,2019-08-04T11:06:05Z,25a7ff811c3c06e426c7c2cbb0433d9a2a3399b23afecbd35584ab0f,60.18203,24.91341,00000000342570c2,16.1
1829,2019-08-04T11:06:05Z,2e4af02bc2421faac1f506a147ddb9b76076386be53415223aca4bde,60.16762,24.95415,000000006b44cce7,8.38
1830,2019-08-04T11:06:05Z,3b5cafe90982db26cf737b2e4cd4275276f6a031bca3b2a1f73023b2,60.14699,24.922,00000000a53ed894,13.75
1831,2019-08-04T11:06:05Z,3fe5f4ccfa5c777ceafda0674d7c9da6f509f6694b4c2fa254b32e73,60.16897,24.95222,00000000aa852af1,16.1
1832,2019-08-04T11:06:05Z,44d0b94469070803869f229601e877beb613c3f5aafa009addf97a1a,60.16544,24.95398,0000000038d83d41,21.87
1833,2019-08-04T11:06:05Z,54f040219b954e68101c83a5a6bacf046961c7a1d9a779fa291fa47b,60.16531,24.9442,00000000fdda10fe,13.75
1834,2019-08-04T11:06:05Z,5d65719c4cbf045f068d084b72302f447d5fd034413d97d13be00d0e,60.18203,24.91341,00000000342570c2,25.36
1835,2019-08-04T11:06:05Z,5eed115a984d490b02b602d73787aee8dc8c4e9365b77fbff3818a76,60.16629,24.95957,00000000fb7600be,23.56
1836,2019-08-04T11:06:05Z,69219e9efa41ae9e732653e9eaf08e1a34cb853a9dafe76ddeea4d04,60.16897,24.95222,00000000aa852af1,20.28
1837,2019-08-04T11:06:05Z,6a70e2fbced719333e21eff04fcb9cb36bae9a04d1a3d6ddd96f2c58,60.15432,24.9211,0000000019fb59c4,9.12
1838,2019-08-04T11:06:05Z,6f06341f358e61699fe1e55e986dd0554bc8da28b91daf0c5ad99db6,60.16629,24.95957,00000000fb7600be,29.32
1839,2019-08-04T11:06:05Z,756e4870994475cfea56833facab6550162947dbc58139dc3b7a4338,60.16829,24.94214,00000000afef4555,27.28
1840,2019-08-04T11:06:05Z,85ef35aecf2ff804be3d958b592705ec41c6df9c128c132c65bb283d,60.16897,24.95222,00000000aa852af1,20.28
1841,2019-08-04T11:06:05Z,873f6edb4622a8659116c78f0eacc78446e8fb7631e9e0f872b6502e,60.16829,24.94214,00000000afef4555,14.89
1842,2019-08-04T11:06:05Z,87dfaad29a9276ddddb1fa021d3bc23ad14824c1af16f7d87e713689,60.14951,24.92138,0000000006dd41f6,17.4
1843,2019-08-04T11:06:05Z,88808fe92573e9cdf022cc15b9689b6b4b9429f60513c8897b0ba4c7,60.16897,24.95222,00000000aa852af1,20.28
1844,2019-08-04T11:06:05Z,92aae21a6e0dd2ff71fc591b64e878502bd4677b64ac413632e9f7c6,60.149,24.9843,00000000fffb8cf0,9.92
1845,2019-08-04T11:06:05Z,9843c6216661048343a0e49cf3d8aa2883cf77f452666a1c873a1052,60.16448,24.97323,0000000053c6c2be,25.36
1846,2019-08-04T11:06:05Z,9c8556ea519835172f09c20e7688066eeec8e7f74a0c6fa3df3d9c5f,60.16829,24.94214,00000000afef4555,25.36
1847,2019-08-04T11:06:05Z,a01fa9091a190537108f7d85ca6b54b023828292d6ed65ab0b3c5619,60.14699,24.922,00000000a53ed894,31.5
1848,2019-08-04T11:06:05Z,a13e5d46f0a2d1c6b58878e1b198905e9b14e3a85b5e4adab88b4b87,60.16762,24.95415,000000006b44cce7,10.78
1849,2019-08-04T11:06:05Z,a6f3c29895f19e5577edf8002cf0adb5fdf353c901e26a099c2f695b,60.16762,24.95415,000000006b44cce7,12.69
1850,2019-08-04T11:06:05Z,a91d379a4b57c5df22db0d7a041ff69f657b4b31f28554b1011fc03c,60.16544,24.95398,0000000038d83d41,27.28
1851,2019-08-04T11:06:05Z,b5fd6b317890e5ab2d79e2cd1abe61626d45a753c7337d0d40728898,60.16762,24.95415,000000006b44cce7,14.89
1852,2019-08-04T11:06:05Z,bca443064699e0ac05c40e587aef06d7fd580817e739133a501490bc,60.14699,24.922,00000000a53ed894,21.87
1853,2019-08-04T11:06:05Z,c40c37def6bf11a63a2556519a7c6233fd417cdeea2cf14f28e7c42c,60.16531,24.9442,00000000fdda10fe,18.79
1854,2019-08-04T11:06:05Z,ca6927628f5ddda20036865c9345ad93d476d62ade3b181de568eed6,60.16897,24.95222,00000000aa852af1,25.36
1855,2019-08-04T11:06:05Z,cf05623e4d87ce0906c0b0b7dbf53aacc1228016cd27c341228b6e76,60.18203,24.91341,00000000342570c2,18.79
1856,2019-08-04T11:06:05Z,cfc0bedb78ded52749db3188cb188bf6a250ef5990da9c5afa9623fc,60.14951,24.92138,0000000006dd41f6,23.56
1857,2019-08-04T11:06:05Z,d15e7dd5136b83a36b80f68b15b4163e9a4e277740c84a30cc7a4bcc,60.16829,24.94214,00000000afef4555,23.56
1858,2019-08-04T11:06:05Z,dbeb00942457ba3c5fb1984b57b1dedb268c0e761e80729b939f1fd8,60.16544,24.95398,0000000038d83d41,20.28
1859,2019-08-04T11:06:05Z,de70f4707e34262e09161e7b3a8459b6f250e5462f70ff48f3178bb9,60.16829,24.94214,00000000afef4555,16.1
1860,2019-08-04T11:06:05Z,e224ae5ea47af2e3048f83b13a1f45dc135c0ca6be72547b01729086,60.1538,24.95595,0000000038bf9618,18.79
1861,2019-08-04T11:06:05Z,e6af35ebe4c87f166821f11fad668537305c0f52d192e9c4d308eaa9,60.16075,24.95883,00000000f1124bca,14.89
1862,2019-08-04T11:06:05Z,e764c1a69976425ee9c1982ca445db7a575a9d610bcb2215eeb2a728,60.14947,24.91438,000000004ef3150d,23.56
1863,2019-08-04T11:06:05Z,e8e366e76c97944e23c0f80b4fd3ce6e5832744922297146a49f0c7e,60.16762,24.95415,000000006b44cce7,16.1
1864,2019-08-04T11:06:05Z,e96bd269a48b822b06141c3362fcb6d5ed4d0d09a120f2e4a712d5c2,60.16897,24.95222,00000000aa852af1,33.81
1865,2019-08-04T11:06:05Z,f088630d7476dae7d4b7e2bb1f10575f2c89acb4b6e061f3d57c2b40,60.16531,24.9442,00000000fdda10fe,18.79
1866,2019-08-04T11:06:05Z,f30a5193aa7850aac581b8dd71512a8712c96f36fdef78d8292d4788,60.16762,24.95415,000000006b44cce7,5.91
1867,2019-08-04T11:06:05Z,f31cfded6f566f9c032c80c52ea642407be312c5d42521ab7a8d3e2a,60.16897,24.95222,00000000aa852af1,17.4
1868,2019-08-04T11:06:05Z,fc4f3a44235f1cfc7b53f14ba2da599976a5a0a220d23b852688e485,60.17919,24.95181,000000007b5207b6,12.69
1869,2019-08-04T11:06:05Z,0043f38f4fb6545d7c033c9a8f8c18106aa0c2c841f28a15dd722e9d,60.14699,24.922,00000000a53ed894,17.4
1870,2019-08-04T11:06:05Z,007540b1ada16f6000987e20cd81a3deb18b2aea4cb95b50e099dcee,60.17065,24.93641,000000000f4919c9,25.36
1871,2019-08-04T11:06:05Z,00dae8e6c0b169e69db1d1435e478728f9318e16ee31ff03e5572236,60.16629,24.95957,00000000fb7600be,17.4
1872,2019-08-04T11:06:05Z,00df07521690a1fb6e56d9506781a9888bb54e5230f6de1be64ba13f,60.14951,24.92138,0000000006dd41f6,12.69
1873,2019-08-04T11:06:05Z,01e47d49d859d6875c51173a8f2159c35733cff5d2c3e5044b4b42d1,60.16829,24.94214,00000000afef4555,18.79
1874,2019-08-04T11:06:05Z,0236a1d5b9b9d2249407a79705eee38de360ceb0530a8959ba5bc15b,60.149,24.9843,00000000fffb8cf0,17.4
1875,2019-08-04T11:06:05Z,02a354db29cd5bc16976a9d933e03a41be350f9cc78098829a7dcfd4,60.14947,24.91438,000000004ef3150d,21.87
1876,2019-08-04T11:06:05Z,03515f2dd8be9a829b8b55cec8dc0f87b3e51368f8f16e4c4014d547,60.16762,24.95415,000000006b44cce7,16.1
1877,2019-08-04T11:06:05Z,0656a0c0a353f164b57fbdd9e648d71fab429964d97ed07ab2c5dc30,60.18203,24.91341,00000000342570c2,25.36
1878,2019-08-04T11:06:05Z,08833115ba0f62666fee594662c171563759459bb5f65ffdfeaeaed1,60.18203,24.91341,00000000342570c2,10.78
1879,2019-08-04T11:06:05Z,08b10b51864dc039f0a07c997e66e7a263ee1cde5b0b88b2a1178c58,60.16829,24.94214,00000000afef4555,7.69
1880,2019-08-04T11:06:05Z,096c3b0de1dab1407cd4d3330546404c0d62ce025924420496380f89,60.16762,24.95415,000000006b44cce7,17.4
1881,2019-08-04T11:06:05Z,0a949aafc0be15c68d73a5dd186d726aa6b921f44303a712ac6ddcb8,60.16762,24.95415,000000006b44cce7,10.78
1882,2019-08-04T11:06:05Z,0b45b52bc137c31ce83561c857f809296ec70f5537976a4a4d573d4f,60.16829,24.94214,00000000afef4555,4.11
1883,2019-08-04T11:06:05Z,0c959027ce302054b09087cac97a83aa7e24fb9e4fa2710763f912cb,60.16829,24.94214,00000000afef4555,5.91
1884,2019-08-04T11:06:05Z,0d2490ed58c11eb4a754a30cc4bcb21c7243d322a2caf7cc360e4e8c,60.17065,24.93641,000000000f4919c9,9.92
1885,2019-08-04T11:06:05Z,0dc12f22306d5f6622fc786011f32f1961a5f94018be9c2236fb2e52,60.14699,24.922,00000000a53ed894,10.78
1886,2019-08-04T11:06:05Z,0e113c5ed3abcdfb31d27c3125f6cf01e3b96e4ed7eca1aaea855f77,60.14947,24.91438,000000004ef3150d,11.7
1887,2019-08-04T11:06:05Z,0e1fac068e905121e354702292780affb6635905cc36872878ff79ce,60.17002,24.94407,000000006b087f40,27.28
1888,2019-08-04T11:06:05Z,1067b041807277ecf9cea5b55c265a37808239544e559e2cfdfcb3ce,60.16762,24.95415,000000006b44cce7,8.38
1889,2019-08-04T11:06:05Z,1083b7adffac22c0fd933b3dd2c5bb41ddc6258467eed8d56f93dc01,60.16762,24.95415,000000006b44cce7,20.28
1890,2019-08-04T11:06:05Z,117b6ba38be2f875c85c9c048106db4d2dbce58629a807d7d7773b6c,60.16762,24.95415,000000006b44cce7,16.1
1891,2019-08-04T11:06:05Z,118cffafccf902fa0dea50f220191f4eb7938f02c841bd3952fa3484,60.16762,24.95415,000000006b44cce7,16.1
1892,2019-08-04T11:06:05Z,131e957246fc0b45d57e5b4089db7d6a4efaa84772af906d65b45c63,60.17002,24.94407,000000006b087f40,21.87
1893,2019-08-04T11:06:05Z,1327ce24f157334f864f913637993c80380ce5f5c911e4b0d31c5eb7,60.149,24.9843,00000000fffb8cf0,18.79
1894,2019-08-04T11:06:05Z,1374f31e71652faf3e69316a295c22d59e560f15e35f42b003a89222,60.14699,24.922,00000000a53ed894,13.75
1895,2019-08-04T11:06:05Z,13b0a8ca1414d7b2b0e8d5f80069a5d26c6f62a68b58eda25a4b85f4,60.16829,24.94214,00000000afef4555,6.46
1896,2019-08-04T11:06:05Z,17b39c4376c28dc9e1c1221de9d5037abfea5d59d30cdd48208fc3a8,60.16762,24.95415,000000006b44cce7,9.92
1897,2019-08-04T11:06:05Z,19db84758eba08a5f9bb56b0ff91d05286765c8e8dfa31bd0b2aaa1c,60.14947,24.91438,000000004ef3150d,18.79
1898,2019-08-04T11:06:05Z,1a06b5f7f305badd45e93db9d86d76ed3a2a96ec55ec47c836921e3e,60.16762,24.95415,000000006b44cce7,6.46
1899,2019-08-04T11:06:05Z,1a9a0f74c353624c42c19c007e82c9c2547b7285d8353d0e375e3f05,60.14699,24.922,00000000a53ed894,4.11
1900,2019-08-04T11:06:05Z,1b3c26be0b906b2d44720eb4ebdc1bb8775ae8010f9cb17ec9fa4c71,60.16829,24.94214,00000000afef4555,17.4
1901,2019-08-04T11:06:05Z,1c8c3befa38b65f707dd4933a68e5e3c9e7c82592fd382779127416b,60.16897,24.95222,00000000aa852af1,31.5
1902,2019-08-04T11:06:05Z,1ce242f8d8220cd38bf3ea9138c99ae9b2f79b28e68edb864f090ec9,60.149,24.9843,00000000fffb8cf0,20.28
1903,2019-08-04T11:06:05Z,1fa2c533bba37b249a0105001153733e67a559d40c22cab67f135f64,60.14947,24.91438,000000004ef3150d,4.5
1904,2019-08-04T11:06:05Z,227b93698b29687beea48184f42aab63a21fa362af7251be32db2e15,60.16531,24.9442,00000000fdda10fe,2.8
1905,2019-08-04T11:06:05Z,23b4a8c7918ca417eab83481a710fd544e1fa8bf7073b5955c0155c8,60.14699,24.922,00000000a53ed894,9.12
1906,2019-08-04T11:06:05Z,23b7c1b09dfbcbf722a4c48303dd0435cf9885a516d5eebb6538844f,60.16762,24.95415,000000006b44cce7,23.56
1907,2019-08-04T11:06:05Z,2535cb5c89ec66044a005b03dd769ca8d0022164a816c06db0e49892,60.16762,24.95415,000000006b44cce7,7.05
1908,2019-08-04T11:06:05Z,2671a156fa8d8bb05970481c8f83bcf9f261f73dae27f2bb9ac88aeb,60.14699,24.922,00000000a53ed894,11.7
1909,2019-08-04T11:06:05Z,27052b4dc21318eee25b7afdbe088c8d15e13ec11ac339166b209e58,60.18203,24.91341,00000000342570c2,21.87
1910,2019-08-04T11:06:05Z,2724e42551f43106ea58a8fcc6a43953baa1294cd65e17a90012f706,60.17065,24.93641,000000000f4919c9,1.01
1911,2019-08-04T11:06:05Z,281461893e50629b8986dd379571f9c3ecf96b06039bde6f5c30c5d4,60.16897,24.95222,00000000aa852af1,29.32
1912,2019-08-04T11:06:05Z,29f5adc4d67413b7d368e8e94a41cf48339e3f5f0903f660170c4fe8,60.17918,24.95141,00000000675d5200,16.1
1913,2019-08-04T11:06:05Z,2a80aed2c40e7e70ca12152ac812abd79aa1d13efcec25a6d3395136,60.16762,24.95415,000000006b44cce7,3.74
1914,2019-08-04T11:06:05Z,2b340ca3416f2ba214d44853ad0495223a557eb6b61baca53fd7dc54,60.16829,24.94214,00000000afef4555,20.28
1915,2019-08-04T11:06:05Z,2c85e4140ca0ba77c3598ceac05eb2c2342409ce8111c863fc58c606,60.16829,24.94214,00000000afef4555,1.38
1916,2019-08-04T11:06:05Z,2ccaeb30423977ff22b6afc29243b861b476a5f4ffafdf200d326d78,60.17002,24.94407,000000006b087f40,18.79
1917,2019-08-04T11:06:05Z,2de87ef94604fb63bec05eefb71b6cdd0b9807f8551159c2a35e7259,60.17065,24.93641,000000000f4919c9,4.11
1918,2019-08-04T11:06:05Z,2e6e6f89a7d75f0742d016de203c9acc8d6f6bdeb7b56bd12f482653,60.15432,24.9211,0000000019fb59c4,25.36
1919,2019-08-04T11:06:05Z,2f83e4cad2d924faecb3def25f54727f3e612bc5040c493dd6eccb1d,60.16897,24.95222,00000000aa852af1,13.75
1920,2019-08-04T11:06:05Z,2fe2e4165984d7880628aec591ce4747f18947da70312e6afca2946b,60.14699,24.922,00000000a53ed894,14.89
1921,2019-08-04T11:06:05Z,30bee351808d5e8082ce012b57f5bc0efc80f8394491a182e0eeee32,60.17918,24.95141,00000000675d5200,18.79
1922,2019-08-04T11:06:05Z,31659a798f1d780d587f07390c038a78fafa6cabb8180dba635863ce,60.17002,24.94407,000000006b087f40,16.1
1923,2019-08-04T11:06:05Z,3226c88241c6ac9d643c1843f44b6e5ee10df5f15a695e360582a9be,60.16829,24.94214,00000000afef4555,17.4
1924,2019-08-04T11:06:05Z,3262259981b4d615793e8692d3b8461ab7cc2c63789b0ce72c75075f,60.17918,24.95141,00000000675d5200,20.28
1925,2019-08-04T11:06:05Z,3417d8a6b53687e70f126ebeb1d26a2ff6369dc9a551c3c35c5a04f9,60.17002,24.94407,000000006b087f40,13.75
1926,2019-08-04T11:06:05Z,34cf37df412ff36df19ebe47ecdd31e5a22355a1fa723a748ac901fd,60.16762,24.95415,000000006b44cce7,7.69
1927,2019-08-04T11:06:05Z,35e26a55ffcf023f80c64d570297932cbeabb750c9f72ba981e2f66e,60.16762,24.95415,000000006b44cce7,12.69
1928,2019-08-04T11:06:05Z,3670a148a52771f0ff5af161725f65b86873c09eea1a7697861c0438,60.14699,24.922,00000000a53ed894,11.7
1929,2019-08-04T11:06:05Z,374083907dd8980893623726af5633afd59b519c885ad12ba5c674eb,60.17002,24.94407,000000006b087f40,7.69
1930,2019-08-04T11:06:05Z,386dea4944e0b83648b4b6faf510fd47b0e9e29a2bb9311fe8a80ee2,60.17918,24.95141,00000000675d5200,9.12
1931,2019-08-04T11:06:05Z,39c75ec87b1dbd9865939b27695811070c5256630eeaebbe35743986,60.16829,24.94214,00000000afef4555,21.87
1932,2019-08-04T11:06:05Z,3ac85712ab657e849113d439795c4e7325d1025cacdbd9a41174b031,60.17002,24.94407,000000006b087f40,17.4
1933,2019-08-04T11:06:05Z,3ac9d056b0f04f774b238a125eb996d46437f7a8c5f6ba6712e971cf,60.17918,24.95141,00000000675d5200,7.05
1934,2019-08-04T11:06:05Z,3b355c039877bd4883845f3fc6ad8dd6f41f170274042f1397585680,60.149,24.9843,00000000fffb8cf0,12.69
1935,2019-08-04T11:06:05Z,3bd8214bd5284efaf354ec2a0dd2847f6051ceaace6a2691ff085d3d,60.17065,24.93641,000000000f4919c9,21.87
1936,2019-08-04T11:06:05Z,3daa2205b02453faa04e23c0bf80d6d22d657277425f07e4fc424dbc,60.16762,24.95415,000000006b44cce7,10.78
1937,2019-08-04T11:06:05Z,3e36420df19c06796a79acdad84551653de9b0132cb0987329f75291,60.16897,24.95222,00000000aa852af1,20.28
1938,2019-08-04T11:06:05Z,3f5d3aed90718f7fb8e8a13ac7002718cc22cbe190beb96821ba52e6,60.17065,24.93641,000000000f4919c9,27.28
1939,2019-08-04T11:06:05Z,3f67c6713a6cca446a46616c9970c7a2ddffb03f21e10c8ea9b2f380,60.16897,24.95222,00000000aa852af1,18.79
1940,2019-08-04T11:06:05Z,3fe4e214448b0c9a8dfbee81c347d82a8f0b26859201fb1d77f40fa9,60.16762,24.95415,000000006b44cce7,4.94
1941,2019-08-04T11:06:05Z,40d64df305477f26745a445a97098d36570a8e02616b93a3f562bb21,60.16629,24.95957,00000000fb7600be,16.1
1942,2019-08-04T11:06:05Z,41fffd70db0364ae9e08f76f74848590a4ed6784433df3a7ff00d7a5,60.16762,24.95415,000000006b44cce7,14.89
1943,2019-08-04T11:06:05Z,42d34a6c595760e51052178acc978bdb2b6348e0405f7b58c57f0915,60.16829,24.94214,00000000afef4555,8.38
1944,2019-08-04T11:06:05Z,44427157d71844d56f413d52a3651b5ff4011a561a85baadafcd9acd,60.16829,24.94214,00000000afef4555,29.32
1945,2019-08-04T11:06:05Z,44cd8828dd4aa11ea599139af3d3aafbcd09ca0c2558f26ed1c72e17,60.14699,24.922,00000000a53ed894,14.89
1946,2019-08-04T11:06:05Z,4538bf4d0ca02f13fad76c46f7b34e72978c49b0cdfe4ea9fe151a50,60.16762,24.95415,000000006b44cce7,9.92
1947,2019-08-04T11:06:05Z,465eab28635efe98500085ceb161cf941d02272a0107fbbfb2203c29,60.16829,24.94214,00000000afef4555,9.12
1948,2019-08-04T11:06:05Z,46b576e18e757fc4ec008b41d3c28ec5415a2c2c2f143042e5413137,60.16762,24.95415,000000006b44cce7,6.46
1949,2019-08-04T11:06:05Z,47f787c639f2eed345eb5dca409ffcd989850399a1ab781500dd6e82,60.17918,24.95141,00000000675d5200,7.69
1950,2019-08-04T11:06:05Z,4800d49ec59e1cde34360defcce4c2a0c6a58919303c1fe6fdebceec,60.16762,24.95415,000000006b44cce7,13.75
1951,2019-08-04T11:06:05Z,4833b1ea4f519407574f5a838d93a39de28c756c5f53de7ee273b577,60.14947,24.91438,000000004ef3150d,7.05
1952,2019-08-04T11:06:05Z,49b391c05bd4e5231579392d798036a0139a8ea4e4d4509a7cb3901f,60.16829,24.94214,00000000afef4555,7.05
1953,2019-08-04T11:06:05Z,49d6f6bd5878bfac30a67fe92d1501b5b09cab38ab2b35b661902f0d,60.14947,24.91438,000000004ef3150d,20.28
1954,2019-08-04T11:06:05Z,4a54cbed9c373a4136f8851f3f5736eb2fadd5766d316eb5ebbdd231,60.17918,24.95141,00000000675d5200,9.12
1955,2019-08-04T11:06:05Z,4b5b3e8f2b484bc08b196c265f65c70151bd69f6263318eb29125db2,60.16829,24.94214,00000000afef4555,3.74
1956,2019-08-04T11:06:05Z,4bb6e0c5d2fab888f3f0b8001d87db8152c8c44f64934c028f4f0fba,60.16762,24.95415,000000006b44cce7,17.4
1957,2019-08-04T11:06:05Z,4cf634fc84e128c3b9bce07a4b726d136e18f0eea4229fdbb48f6db1,60.16897,24.95222,00000000aa852af1,9.92
1958,2019-08-04T11:06:05Z,4d31b0561dbfc9ef5acbd44ba92acb4ca7bad86b948634f005173ece,60.14699,24.922,00000000a53ed894,7.05
1959,2019-08-04T11:06:05Z,4ecb021e026179236f488d8ad249e718bd1577b00c2aea9c3ad95f88,60.1538,24.95595,0000000038bf9618,47.69
1960,2019-08-04T11:06:05Z,4f64a0a452cd28e15e79c60cbb361761817de946431b04ad87c6d513,60.16897,24.95222,00000000aa852af1,16.1
1961,2019-08-04T11:06:05Z,50a06af190dfb27cbd4d6ca55980b1379ec795af8b9e5ebc00d73257,60.16762,24.95415,000000006b44cce7,10.78
1962,2019-08-04T11:06:05Z,51789c3026ccfe7e846e44fcd833d006941c2789b9693c77df5a7c98,60.16762,24.95415,000000006b44cce7,7.05
1963,2019-08-04T11:06:05Z,52daa31a2b3c1c07f78d96ebb4de3a965da5ef0a8035afbd0f7451fb,60.16531,24.9442,00000000fdda10fe,21.87
1964,2019-08-04T11:06:05Z,538f05c49f43aea0fda8bfcfd03d1ac2fc05b55d83fda538cd91e2a4,60.16762,24.95415,000000006b44cce7,11.7
1965,2019-08-04T11:06:05Z,541f330d2ded03609f551d02b8149da9cd07ee36aeee630f8fc9de8c,60.14699,24.922,00000000a53ed894,11.7
1966,2019-08-04T11:06:05Z,549e8785d3249c38e0c577947392ab324d318a5a9b125b5d03e023d2,60.17065,24.93641,000000000f4919c9,33.81
1967,2019-08-04T11:06:05Z,54d53f276563f566e1cd61b100408412cf78b4fe9fcada830aa6e23b,60.14947,24.91438,000000004ef3150d,9.92
1968,2019-08-04T11:06:05Z,5518b2315c236d486c7a5a4fc27c44987672b2f9a0751ffdaa9cbf78,60.16829,24.94214,00000000afef4555,9.92
1969,2019-08-04T11:06:05Z,56101419005237b836e4ed14d91dfa6f9edc4c92b5fcb419943897bb,60.16762,24.95415,000000006b44cce7,7.05
1970,2019-08-04T11:06:05Z,56318cc7f3616fceec2564cbb1f6ca8b88ea861935a1ada93aafd7b0,60.16897,24.95222,00000000aa852af1,23.56
1971,2019-08-04T11:06:05Z,571934189bf349efb6f596e76c21612cf9b82ed44913090169936048,60.17065,24.93641,000000000f4919c9,7.05
1972,2019-08-04T11:06:05Z,579ea129e99082446da0a3f358091546de1f8b2db0feb92b86d25a89,60.149,24.9843,00000000fffb8cf0,29.32
1973,2019-08-04T11:06:05Z,584cb0b0cdd14e608c8b57c8aecc9826f9b40027e365e2438a444ea2,60.16762,24.95415,000000006b44cce7,12.69
1974,2019-08-04T11:06:05Z,586f70961bf72597ce00f89d3602178ecc6ac8838a8acec48bba7f9f,60.14699,24.922,00000000a53ed894,21.87
1975,2019-08-04T11:06:05Z,58ee8fd47328b1c696ec343920f2c0353d19a915924eb6f6f2638e56,60.16762,24.95415,000000006b44cce7,6.46
1976,2019-08-04T11:06:05Z,59b87e6921598d25b092b66e140328fa03c9f06fe4e697dd344f378a,60.17002,24.94407,000000006b087f40,20.28
1977,2019-08-04T11:06:05Z,5a755f0653ee0e334448418099ed85023db0a9984c280cfbadd74160,60.173,24.92524,0000000096918cfa,13.75
1978,2019-08-04T11:06:05Z,5b1df59a8f10fc0c1548e114caf6a457ff880d853d529f675372b0b0,60.16762,24.95415,000000006b44cce7,9.12
1979,2019-08-04T11:06:05Z,5c404f374a48548bfe8b02859d12ae59c4ae608fae2139fd71ef51b1,60.16762,24.95415,000000006b44cce7,12.69
1980,2019-08-04T11:06:05Z,62d86ee13e6ae7a5c41ffc2de746df72d4ef6e8d2b6a51ce1c68965f,60.16829,24.94214,00000000afef4555,33.81
1981,2019-08-04T11:06:05Z,63e498fd789abe431cdf86f184a50616c85717e1efc893da1e1a2222,60.16897,24.95222,00000000aa852af1,29.32
1982,2019-08-04T11:06:05Z,64d10ef0926ecca987bad278990d966d8fac8775f03847d1f5a4a2f6,60.16762,24.95415,000000006b44cce7,11.7
1983,2019-08-04T11:06:05Z,658aacab016460cfc38879944e374640737b32d7291a40aed8b8845c,60.16897,24.95222,00000000aa852af1,23.56
1984,2019-08-04T11:06:05Z,6656d2ce0a18f92aca4d99810ecaefe94dbe9a0e2ea987f1702aeecb,60.16762,24.95415,000000006b44cce7,8.38
1985,2019-08-04T11:06:05Z,69158bfbcf8399435cc52d623b530dc75089182b7ab05efb64e64021,60.15432,24.9211,0000000019fb59c4,27.28
1986,2019-08-04T11:06:05Z,69852d528034ea6fc746ed8942c32f1c90bc33a7a7317dfac3c9b1c1,60.14699,24.922,00000000a53ed894,18.79
1987,2019-08-04T11:06:05Z,69d8c906060e226ff0f0f7e78029575f2ee07ebec657a3b641419268,60.14699,24.922,00000000a53ed894,8.38
1988,2019-08-04T11:06:05Z,6ac1903c80e63433e4bc744dc0e801bff647117d38d3753fb9a6a4c1,60.173,24.92524,0000000096918cfa,12.69
1989,2019-08-04T11:06:05Z,6ac8fdd67b3dd11f0bae935f3a285880138382088238b97f511d3f12,60.16897,24.95222,00000000aa852af1,21.87
1990,2019-08-04T11:06:05Z,6b3836e78400caa9d7373678bf33faf8b137556c7ee47e73251c3e4a,60.14699,24.922,00000000a53ed894,21.87
1991,2019-08-04T11:06:05Z,6c3dd68b68d5b3caa20f92e5ea004b0298abbddd5e35caca508262e9,60.16448,24.97323,0000000053c6c2be,33.81
1992,2019-08-04T11:06:05Z,6c637347d64659d1b29b0461397fccfbff09339872c14e32469fbd0f,60.16762,24.95415,000000006b44cce7,12.69
1993,2019-08-04T11:06:05Z,6c97da4ba9462e7fe786a472989dab23340d31809dd78d5617204da4,60.16829,24.94214,00000000afef4555,16.1
1994,2019-08-04T11:06:05Z,6e2fbf091d5c86667e060d7ec44f48f0f5d7b1d55b1899f2939f247a,60.16762,24.95415,000000006b44cce7,4.5
1995,2019-08-04T11:06:05Z,6e492dbc3f10157e7ff00826a839a97262ab36244ccc57b702a89999,60.16531,24.9442,00000000fdda10fe,2.54
1996,2019-08-04T11:06:05Z,700c14fe35186c01f82d0f13e99678e0c1db2b2fd58051b08fda606a,60.16448,24.97323,0000000053c6c2be,29.32
1997,2019-08-04T11:06:05Z,70865ff0fd32dc9fc73f25e929a40535a717664003e66c14224a9d90,60.16762,24.95415,000000006b44cce7,9.92
1998,2019-08-04T11:06:05Z,70ffae2b8178e0915c5de7816f8dd8bcc3af745ee49df8ac4da4adba,60.17918,24.95141,00000000675d5200,14.89
1999,2019-08-04T11:06:05Z,714e80a1e3c0fee43e312f314b2faec47e582ee8dac47e4818dbc2f9,60.149,24.9843,00000000fffb8cf0,23.56
2000,2019-08-04T11:06:05Z,71516fc8349cfaf2b5c4ab80ade6078494d93d13e9953af15e5ced30,60.18203,24.91341,00000000342570c2,18.79
2001,2019-08-04T11:06:05Z,738973c9b5f9882f29075e47ca10e50ba3fb9883da779f41545175f4,60.17918,24.95141,00000000675d5200,5.91
2002,2019-08-04T11:06:05Z,73f9caa620c77e880d8973e260936b1114db9c96de6accf8398ccec0,60.17002,24.94407,000000006b087f40,14.89
2003,2019-08-04T11:06:05Z,7484ecf89e24efb4a366562730f7341391f930dad7b216184022d0da,60.173,24.92524,0000000096918cfa,25.36
2004,2019-08-04T11:06:05Z,74c2ec2adc228e5b4979284d730fd2de698242f0f06d90f870b8cde6,60.16762,24.95415,000000006b44cce7,2.08
2005,2019-08-04T11:06:05Z,74cb545f76f0bfc5498607247e26e814276a11ce91f77208054ecbc5,60.17002,24.94407,000000006b087f40,25.36
2006,2019-08-04T11:06:05Z,75062842e96b60c5ae6c51127f8160e69256c2eb1a6f33771f8f0bdb,60.16829,24.94214,00000000afef4555,23.56
2007,2019-08-04T11:06:05Z,7552783317be1ef797980c3a9ee9c5967d4e7b32765f23c51ffda02d,60.16897,24.95222,00000000aa852af1,21.87
2008,2019-08-04T11:06:05Z,7563e2805259a5bf1add6d88075dae8642e8c22e0ecce584ac3e01cf,60.16829,24.94214,00000000afef4555,13.75
2009,2019-08-04T11:06:05Z,76444267ea4d5365cef684a446be8cc3482dc3b1b516cdb7850e717f,60.16762,24.95415,000000006b44cce7,14.89
2010,2019-08-04T11:06:05Z,77964c48bd2a8658eeedae4be816422b0ef0be1ee1b6f9093b47f14e,60.14699,24.922,00000000a53ed894,21.87
2011,2019-08-04T11:06:05Z,79773ee1ebdf8252053d8ffb326b77bb05a7cdb76041102e73d3767c,60.16762,24.95415,000000006b44cce7,8.38
2012,2019-08-04T11:06:05Z,7c55ecf165387948602e82b684a55be093691849fde2d96ad6574475,60.17065,24.93641,000000000f4919c9,20.28
2013,2019-08-04T11:06:05Z,7de4ba54f0d667a69cb0b6d625856bc6b040f51a42f91beae366a269,60.16762,24.95415,000000006b44cce7,9.92
2014,2019-08-04T11:06:05Z,7e78b2348d9576c63ebb626030ee9d43e2bf07e860782adf3f1c452b,60.16829,24.94214,00000000afef4555,10.78
2015,2019-08-04T11:06:05Z,7f546f0776433ed1b76ea74186c0aad95eca5439e6cefda07922ef14,60.16762,24.95415,000000006b44cce7,6.46
2016,2019-08-04T11:06:05Z,7f95126e2fe39b74b61f9df1002b58453d22fe79458cebfeed9b9982,60.16829,24.94214,00000000afef4555,21.87
2017,2019-08-04T11:06:05Z,80ffa6235c9fd84bd35d46706c7d0c4126ee0e241a070c5ae5f30d14,60.16762,24.95415,000000006b44cce7,9.12
2018,2019-08-04T11:06:05Z,822590bd49bcf7ed4de4f8389586915c343b29c4283ff8b90d7c1d39,60.17065,24.93641,000000000f4919c9,16.1
2019,2019-08-04T11:06:05Z,82ac749474448abac333d00869cb8b508872f86293913d95eae26a05,60.15432,24.9211,0000000019fb59c4,5.91
2020,2019-08-04T11:06:05Z,82cddd3b9f58762d36efe78da4e2722ee587cfdb3fdbc58b52673082,60.16629,24.95957,00000000fb7600be,13.75
2021,2019-08-04T11:06:05Z,842340aa39a680a5c969b20db5027c8e1b123077045e8046a997391a,60.16448,24.97323,0000000053c6c2be,20.28
2022,2019-08-04T11:06:05Z,844b8ad6ebf530978d1139d527a681991f4d3eed6be5bc723f0b2192,60.16531,24.9442,00000000fdda10fe,1.01
2023,2019-08-04T11:06:05Z,85b440c4e1125b1e2531499de3b19b82ae4b7eabb4d89c63c97fa83b,60.16829,24.94214,00000000afef4555,16.1
2024,2019-08-04T11:06:05Z,87ea10367f1569e575dc4bc60f0f4238eafb52ba8a2cc8e5e4584232,60.16829,24.94214,00000000afef4555,17.4
2025,2019-08-04T11:06:05Z,87f4cf4baea8c5dfe1bc7812cc969574058bd4d2dda215192bcfc53f,60.14699,24.922,00000000a53ed894,4.11
2026,2019-08-04T11:06:05Z,886032718e05487be8bd75bb14464814044c7edd7f9a2198304f6fb4,60.16629,24.95957,00000000fb7600be,17.4
2027,2019-08-04T11:06:05Z,88ee7d98af3d9470df5daf433cfa0405f6225cb56b98b7c48d260fd4,60.17002,24.94407,000000006b087f40,6.46
2028,2019-08-04T11:06:05Z,8a7f5012c000c420f0a336a3988c72cf2b373818f4f3f369e994d8e4,60.16829,24.94214,00000000afef4555,16.1
2029,2019-08-04T11:06:05Z,8c4e4851db86ec4a3ce29a58be770eb29c38b9a983351bb67d781982,60.16897,24.95222,00000000aa852af1,16.1
2030,2019-08-04T11:06:05Z,8f3d9ab893ae4a48fd3417f3a749c21e792779990ae0ad75a8f211de,60.1538,24.95595,0000000038bf9618,33.81
2031,2019-08-04T11:06:05Z,8f998d0e47a5fb2e84c8dcffb4a33ca4adeaf8db93423df171988c1e,60.16629,24.95957,00000000fb7600be,18.79
2032,2019-08-04T11:06:05Z,901a3203f879fac9adb60a318738d443e822e9b082dad04696c16b7b,60.16629,24.95957,00000000fb7600be,20.28
2033,2019-08-04T11:06:05Z,9076d80e9828efb679c61440c6dcc2fce4d90055e5fb084d00bb87fb,60.173,24.92524,0000000096918cfa,29.32
2034,2019-08-04T11:06:05Z,90a7a2779a546d0a67f676fbd33964bfec098cc7d3c6617a5c0f6b88,60.16762,24.95415,000000006b44cce7,10.78
2035,2019-08-04T11:06:05Z,91602a694bc74a2874ba7f02a7bae062a3a77cd869b86a74800415b8,60.17919,24.95181,000000007b5207b6,13.75
2036,2019-08-04T11:06:05Z,92df20d921f76c63470e3f5afbe201d3ae15f5133f66c291db796082,60.16629,24.95957,00000000fb7600be,20.28
2037,2019-08-04T11:06:05Z,93272ad17155ea9499641eda7c5560691582116096278b82738ab21e,60.14699,24.922,00000000a53ed894,6.46
2038,2019-08-04T11:06:05Z,934bab75e2a2354910288b01c44fdfda4a87f92ac010109f641b3122,60.14699,24.922,00000000a53ed894,27.28
2039,2019-08-04T11:06:05Z,93be2ffbdd44740291e9e0b73792e85df915264539f1f8f2e7ec7235,60.16629,24.95957,00000000fb7600be,18.79
2040,2019-08-04T11:06:05Z,951482f3e2e41b496e34885c346c4a7ab09427178119caa9b8bbcbb6,60.14947,24.91438,000000004ef3150d,29.32
2041,2019-08-04T11:06:05Z,9618703465df0acf2ccedcd7a519bb1146d94e8fb5b310c036a656f0,60.16762,24.95415,000000006b44cce7,12.69
2042,2019-08-04T11:06:05Z,97490f522f1a0226c8f7e8ed7bca08dd71b63d80b46d38020127b868,60.14699,24.922,00000000a53ed894,8.38
2043,2019-08-04T11:06:05Z,9759894c6f46d9e82992282b211a84549983c7a9995cd91fb1178818,60.16829,24.94214,00000000afef4555,18.79
2044,2019-08-04T11:06:05Z,998a30ee5f5ff6d2bc9ed04420591e525ded59ad66d09eefa240cc8e,60.16762,24.95415,000000006b44cce7,12.69
2045,2019-08-04T11:06:05Z,998ac46ad73c197bab1f36dca67d8bcaa3aca92249185a5e3715043f,60.17065,24.93641,000000000f4919c9,12.69
2046,2019-08-04T11:06:05Z,99b998b07243afd316e6fa57636b0ab6761b9c2a6f0fe050eae40c08,60.16762,24.95415,000000006b44cce7,5.91
2047,2019-08-04T11:06:05Z,9aa588cb6f425117e45726b6b9adb7ef86c8f7c8113b547dc61f068a,60.16897,24.95222,00000000aa852af1,10.78
2048,2019-08-04T11:06:05Z,9ab0a60cb60531417ac6ec5ebc6ef591d2f39019c6b0bcb5a89101a2,60.14699,24.922,00000000a53ed894,10.78
2049,2019-08-04T11:06:05Z,9b24f69458294d27d07a0169665965135fd02f4c953f85bcebf4ba87,60.16762,24.95415,000000006b44cce7,16.1
2050,2019-08-04T11:06:05Z,9b4b0705e58750d2bcbd71ad65d85677f7e77db5dfe69d1a70b5d31f,60.17918,24.95141,00000000675d5200,9.92
2051,2019-08-04T11:06:05Z,9bef562c292174f1eb3933116effff74a8733a78e5c1df140de3fd6c,60.17919,24.95181,000000007b5207b6,4.94
2052,2019-08-04T11:06:05Z,9c0b1d2c4c67c07e547e810a94efeaaa1187ae82977e03748470281c,60.16897,24.95222,00000000aa852af1,21.87
2053,2019-08-04T11:06:05Z,9eb1e9bfdceb76ef852f89ebd82139602125f9731b791465e1c21f81,60.16829,24.94214,00000000afef4555,8.38
2054,2019-08-04T11:06:05Z,9ec361748d898bbfc49c4632f881221584f6314762609464249eed04,60.16544,24.95398,0000000038d83d41,41.64
2055,2019-08-04T11:06:05Z,a066e2044b486819fe2185765f63ed87f8d10c502f26a01be1f1a758,60.149,24.9843,00000000fffb8cf0,25.36
2056,2019-08-04T11:06:05Z,a1439b6683d0598c7a05080c3693a17c198f7b8c3297c77324ef4859,60.16829,24.94214,00000000afef4555,2.54
2057,2019-08-04T11:06:05Z,a30740fbf4b7e21f6fe2996e9325c90936de161cb2165e87cd96fd35,60.149,24.9843,00000000fffb8cf0,7.69
2058,2019-08-04T11:06:05Z,a3c1a4a58b9381c27b1d5076e0d8d72039afccfb0e58438a80247324,60.16762,24.95415,000000006b44cce7,17.4
2059,2019-08-04T11:06:05Z,a44eda7b8ec58e1cd7c078a73c4da7fb0037d59453aa6bfe69b7cbdd,60.16762,24.95415,000000006b44cce7,16.1
2060,2019-08-04T11:06:05Z,a488d8700d0761c51d771677bb82a9a5bbb86e97e0d5835aeff65d2b,60.16629,24.95957,00000000fb7600be,27.28
2061,2019-08-04T11:06:05Z,a50e0bb8fd1ad4ad264c3246b210a0c6285faae591c1bd2c2c3458af,60.16829,24.94214,00000000afef4555,14.89
2062,2019-08-04T11:06:05Z,a5835ce352a1e6d8fb6bdc410fae1076c756f7dac8e202465add9277,60.16762,24.95415,000000006b44cce7,12.69
2063,2019-08-04T11:06:05Z,a5d632ac8ffc19a626de034d3c9444fd262ee6edada285c816ea9266,60.16531,24.9442,00000000fdda10fe,4.94
2064,2019-08-04T11:06:05Z,a764c2246c85b2b0aa79e581e2fe238da93de098abbb90aee24c11ca,60.16829,24.94214,00000000afef4555,29.32
2065,2019-08-04T11:06:05Z,aa4547c0b6b8be30776e08d524ceeacfbc9930ad720e11fa4cb20882,60.16531,24.9442,00000000fdda10fe,1.12
2066,2019-08-04T11:06:05Z,aa45859d6157e9e86470ec8b81957acc35bafb1b7f419d79357a38cf,60.16829,24.94214,00000000afef4555,6.46
2067,2019-08-04T11:06:05Z,aa5e2805ac91707a9e8de48bade5510f72d95136ec930e052d9cada8,60.16762,24.95415,000000006b44cce7,12.69
2068,2019-08-04T11:06:05Z,ab1377ddf669bb806f8db586f4ce5ab9f0f4257dda61fe800d8509f5,60.17065,24.93641,000000000f4919c9,13.75
2069,2019-08-04T11:06:05Z,ab7697ba77150d46c95d1b02fef085ed91925d425393d8ad1097adcc,60.17002,24.94407,000000006b087f40,20.28
2070,2019-08-04T11:06:05Z,ab9310807d2eb4984b053d38f467cb5d3e4211ff71ceb059480cf9ba,60.16829,24.94214,00000000afef4555,29.32
2071,2019-08-04T11:06:05Z,ac4679e3db131ec2ea8e1111c8aa0d71020cf8796ecb11f142478394,60.14947,24.91438,000000004ef3150d,10.78
2072,2019-08-04T11:06:05Z,ae2143f0fab3405d38da14312fd801d7d7524534cd3ffeadc631feb0,60.149,24.9843,00000000fffb8cf0,21.87
2073,2019-08-04T11:06:05Z,ae3cda5066e455d4b1e58860e8fb7a35efad69b9964a676b476b0687,60.14947,24.91438,000000004ef3150d,9.92
2074,2019-08-04T11:06:05Z,b02a0be9ec3a2bb1acba16daee232202f9a06ac84e0dcc9a80dddf6a,60.16762,24.95415,000000006b44cce7,4.5
2075,2019-08-04T11:06:05Z,b07bf68512027f613ec42ef35ecc9ae28f38158a4193299be33e7481,60.14699,24.922,00000000a53ed894,25.36
2076,2019-08-04T11:06:05Z,b1c791393755b3a6cf855041dda801414371c7d2eccb1a6a31d1e530,60.16829,24.94214,00000000afef4555,20.28
2077,2019-08-04T11:06:05Z,b2298fc6f63c02481610f9aef24f1a0c1711c255adc43c0fe135c1ca,60.14947,24.91438,000000004ef3150d,7.69
2078,2019-08-04T11:06:05Z,b3266ecf36a984b814e1b2d31b447438bd948a9c116721480104792f,60.16829,24.94214,00000000afef4555,16.1
2079,2019-08-04T11:06:05Z,b4c8900041e9f8751755d3940ceac58419e6370cd81cdb90d7800de1,60.14699,24.922,00000000a53ed894,18.79
2080,2019-08-04T11:06:05Z,b5cdbcdc30e0bf653ce353c867708b0067db5e394c8cbe848d978a77,60.14699,24.922,00000000a53ed894,12.69
2081,2019-08-04T11:06:05Z,b5f80d159e59c4558e49ea6fb68f6bc72ee9eb92bee60991bdf4e46f,60.16762,24.95415,000000006b44cce7,14.89
2082,2019-08-04T11:06:05Z,b601cd655bb9f05aa6ec86fc9eb9300c3bc20bc0e856e94ad168a257,60.14947,24.91438,000000004ef3150d,8.38
2083,2019-08-04T11:06:05Z,b61c6a5634cffe7dead72d5f6730e8439bee6dd2286d9df8f3052e3c,60.16762,24.95415,000000006b44cce7,9.12
2084,2019-08-04T11:06:05Z,b8f5834e6b992cf5568ae3153fb4b07e97b7f6dd01250851134c1824,60.149,24.9843,00000000fffb8cf0,31.5
2085,2019-08-04T11:06:05Z,b94a89170a6b4557fbaa348692a95f7c190945991bf52834a36874fd,60.16897,24.95222,00000000aa852af1,25.36
2086,2019-08-04T11:06:05Z,ba288a5fd2befbc9ed08e7876ad7cb2bd8bfe6f5756d2ffe8e2dc558,60.17002,24.94407,000000006b087f40,9.92
2087,2019-08-04T11:06:05Z,bbf7d8b9085ddcd3b94f55f93b52cb40a251c44f5df4099ba5b61471,60.16829,24.94214,00000000afef4555,6.46
2088,2019-08-04T11:06:05Z,bc07df8cc395f6f4f5d483b2233caca5f93a6918f346e4cc3702f8cc,60.16531,24.9442,00000000fdda10fe,21.87
2089,2019-08-04T11:06:05Z,bd7fa2c07b7e0eab8afb3d9825a810643c2eb71f83c09a1e26cac54c,60.16762,24.95415,000000006b44cce7,7.69
2090,2019-08-04T11:06:05Z,bdc8bd416444be70683b3475302093428e4abe14284e9579617fe8ea,60.1638,24.96846,00000000d747f075,27.28
2091,2019-08-04T11:06:05Z,bf1bf5222ce141fbaa484d3bbf568d521b90699d69ec5fc413c9d716,60.17002,24.94407,000000006b087f40,31.5
2092,2019-08-04T11:06:05Z,bfd5c2630b36fde15de01ea74e598d035402cf1edb7c9230617927e0,60.16762,24.95415,000000006b44cce7,3.09
2093,2019-08-04T11:06:05Z,c012e9e2caf1002d24e53817bb1279becdfc4aa9dba085e93ddd88e9,60.17002,24.94407,000000006b087f40,21.87
2094,2019-08-04T11:06:05Z,c2086d5cd92d4f8ed97396f4da919248c0bd5f6d2edcc04866c1f70e,60.16762,24.95415,000000006b44cce7,7.05
2095,2019-08-04T11:06:05Z,c239e27b985c23449b6aa84b78560b1b4e535975f3ba059d7987efe4,60.16762,24.95415,000000006b44cce7,3.4
2096,2019-08-04T11:06:05Z,c27fee8ae8d689338b043608280c83cfa6f3276d3837ecea5f742dc3,60.16762,24.95415,000000006b44cce7,9.92
2097,2019-08-04T11:06:05Z,c2cc33e5b1b8d254d4bcbc0ffa13c9200676a39a191cc31a38d28d8d,60.17065,24.93641,000000000f4919c9,11.7
2098,2019-08-04T11:06:05Z,c2e135ad2c160277e290705658ac41d7cd35b11ebf61d829fdd0b428,60.14699,24.922,00000000a53ed894,5.91
2099,2019-08-04T11:06:05Z,c45e3c4e8ec0fc85457d3b4ed4c49ed0116b4cf447e2983f353abcd8,60.16829,24.94214,00000000afef4555,13.75
2100,2019-08-04T11:06:05Z,c4c3ad738ca47920bb66939f620126c87f730c644813158554916827,60.16762,24.95415,000000006b44cce7,9.92
2101,2019-08-04T11:06:05Z,c55894159f2080031cda702c78ee54463c3c15ab1b3638afdf687f08,60.16531,24.9442,00000000fdda10fe,5.91
2102,2019-08-04T11:06:05Z,c6b0ea433c3fdc73e0bac7e3faa2690506c4e8ec7fc54210446a7ffa,60.14947,24.91438,000000004ef3150d,20.28
2103,2019-08-04T11:06:05Z,c7ced11121537f55bcd7d7ab67312226dafe7c85320c5357a35d5ab7,60.17002,24.94407,000000006b087f40,17.4
2104,2019-08-04T11:06:05Z,c8348938d0ebafd342c966ca86c2bbd8e8e661471ae04ba49b5516d8,60.16762,24.95415,000000006b44cce7,17.4
2105,2019-08-04T11:06:05Z,c8f8a7a901c692af2aec8031d27f0b7efc946f113895771f87fefe1c,60.14947,24.91438,000000004ef3150d,27.28
2106,2019-08-04T11:06:05Z,c990a15d27cfc21e63b7c96b95949254f1194e8b27118386a589e2bd,60.16897,24.95222,00000000aa852af1,12.69
2107,2019-08-04T11:06:05Z,ca9ba013f86583100bfa841287733d9985b9d5e28a116525c40a4b40,60.16762,24.95415,000000006b44cce7,9.12
2108,2019-08-04T11:06:05Z,cb835fd4fac726f1e4267acd6118f57b62a0444d69f948745a601682,60.16762,24.95415,000000006b44cce7,12.69
2109,2019-08-04T11:06:05Z,cd7d0e9404c9f4e8fab0742460b9acb4d5bbb97f44df80d4a8b973cd,60.17002,24.94407,000000006b087f40,5.91
2110,2019-08-04T11:06:05Z,cfc79310c3124813bbb9cfe4d4edc24cfa4b7c23419b4517c5eed261,60.16448,24.97323,0000000053c6c2be,33.81
2111,2019-08-04T11:06:05Z,d04b5065ec93818b731141027d11e6a1cf53de69b9737d7aea0c34da,60.14947,24.91438,000000004ef3150d,6.46
2112,2019-08-04T11:06:05Z,d09310020224f0dde4e9f62595b66c66af964fc07015ab2b416dc932,60.16544,24.95398,0000000038d83d41,23.56
2113,2019-08-04T11:06:05Z,d0bb294e434cf3d7a5fd391e049fb5412e08b24594a614893480b5f9,60.17002,24.94407,000000006b087f40,20.28
2114,2019-08-04T11:06:05Z,d162ad46250f7d87af446db22df4aa6b2eb2bf22f83beca34e857743,60.16762,24.95415,000000006b44cce7,9.92
2115,2019-08-04T11:06:05Z,d20f68571773330f7b6490b006b2e952c9912b4ee05e20f0fc434698,60.16629,24.95957,00000000fb7600be,20.28
2116,2019-08-04T11:06:05Z,d22504ed69448b707ae074f5ccd9d0da25e386683d52a8df72481ef9,60.16762,24.95415,000000006b44cce7,13.75
2117,2019-08-04T11:06:05Z,d2e3bf982b10b2079eaa464127a286409c5030b21ffe9a2ce08bbb9c,60.16762,24.95415,000000006b44cce7,7.05
2118,2019-08-04T11:06:05Z,d2fd0c6415d2d8e49fef3415fb8747b524191b4400a4fbb66428cb12,60.14699,24.922,00000000a53ed894,12.69
2119,2019-08-04T11:06:05Z,d3bad9334d128332fc483e10ef1b77c28e5a75ac55be4de71c6b2f9f,60.16829,24.94214,00000000afef4555,23.56
2120,2019-08-04T11:06:05Z,d4c9ea46d58288bf42808788e668072465d91dd3c874a8a51de5794e,60.16897,24.95222,00000000aa852af1,12.69
2121,2019-08-04T11:06:05Z,d6a8c97f1ec18c7a90d3beae358bad67f8d53626258a852e15b08c5d,60.14699,24.922,00000000a53ed894,10.78
2122,2019-08-04T11:06:05Z,d7b3daaab1b36d8d95f7672a0339b99b2a16483fc1c71c5177aeb948,60.16829,24.94214,00000000afef4555,23.56
2123,2019-08-04T11:06:05Z,d83c1c2d3a3876c948e277bace6d013eafc0c4e118958e138f8b1257,60.16448,24.97323,0000000053c6c2be,31.5
2124,2019-08-04T11:06:05Z,da2398acaae7f39c7b80c220d4e6917bdc7655f4c71b6e36d06cb859,60.18203,24.91341,00000000342570c2,17.4
2125,2019-08-04T11:06:05Z,dab7015659d0cd7c18f681d6089a503f9c418ae9b1dc9077084a6bcb,60.16762,24.95415,000000006b44cce7,14.89
2126,2019-08-04T11:06:05Z,db45583e1f7aaaf54e100214986dfc86aa755383e86d361639a5b19b,60.16762,24.95415,000000006b44cce7,5.91
2127,2019-08-04T11:06:05Z,dbd2fa33dbaac339a8c9d8e04576b1088999b9314914676a2247737c,60.1638,24.96846,00000000d747f075,21.87
2128,2019-08-04T11:06:05Z,dc4043efe103db9ce55ad4d987a45cf9821cdc3e63cf7b15b6d48baf,60.16897,24.95222,00000000aa852af1,13.75
2129,2019-08-04T11:06:05Z,dc4072a3cfc00cca0bde9925adc82bb9c2548af1724368561eefcbf8,60.16762,24.95415,000000006b44cce7,17.4
2130,2019-08-04T11:06:05Z,dc82f9648bb5ba21e766e0923f5fa7ca2d77662ab0edbe22a3d95631,60.14699,24.922,00000000a53ed894,13.75
2131,2019-08-04T11:06:05Z,dcbd150d7326dc22a8ab087a0555b9c9549addd07f54aa909aa8ec1f,60.149,24.9843,00000000fffb8cf0,33.81
2132,2019-08-04T11:06:05Z,ddd0e663eb31ac94858d2a4e9af5e4782781e88c92102042190e6fcf,60.14699,24.922,00000000a53ed894,16.1
2133,2019-08-04T11:06:05Z,de48adf9d49eb3bc1d61dea4047618f6c77086fc44bd2b535d56504d,60.16762,24.95415,000000006b44cce7,4.5
2134,2019-08-04T11:06:05Z,de71e27b55ef6f2f51f05838a2fcab596f1dd93a14ece5ce4548f5c7,60.14699,24.922,00000000a53ed894,12.69
2135,2019-08-04T11:06:05Z,df0e8ff4d2b113239e66c4c62bfa198af147b596a2f83309d01d3b3b,60.16762,24.95415,000000006b44cce7,21.87
2136,2019-08-04T11:06:05Z,e01908a975abc95425179eadafdba31d371f1d64674c967686df87a3,60.149,24.9843,00000000fffb8cf0,3.09
2137,2019-08-04T11:06:05Z,e081e4b3252ca91bbf1cbb70faa116d60317fbf3a991a67bc99b4bfa,60.149,24.9843,00000000fffb8cf0,7.69
2138,2019-08-04T11:06:05Z,e0859a9c906151023376d86762070f38ba1b3859e671531b0edac6cd,60.16075,24.95883,00000000f1124bca,18.79
2139,2019-08-04T11:06:05Z,e0d7e8b332ca8514428ab10acf6d3a6b777da62ff8ea3e18d9b32989,60.16762,24.95415,000000006b44cce7,11.7
2140,2019-08-04T11:06:05Z,e0f396cc2b1da411f0b5e36bf3102ea32378a0d38e6b153d3b303bb4,60.16762,24.95415,000000006b44cce7,11.7
2141,2019-08-04T11:06:05Z,e1da87aea335bcd04e4c876158b96ebc7ba4206bc216c3aa27a2f4af,60.17919,24.95181,000000007b5207b6,4.94
2142,2019-08-04T11:06:05Z,e305610124e16ed1411a221b29ce69a076cc47982efd6c098b0599ab,60.14947,24.91438,000000004ef3150d,7.05
2143,2019-08-04T11:06:05Z,e32e078697e70d6e3cb4b156ada3a4756315227b125615d7b5c116a7,60.16762,24.95415,000000006b44cce7,11.7
2144,2019-08-04T11:06:05Z,e44d7228cecbdb2474e1cc396a6c13943f09c08c19d0ffab1997d509,60.17918,24.95141,00000000675d5200,9.12
2145,2019-08-04T11:06:05Z,e53a901aed874016e1cd1ed3e9b2891fca850986cb2fa04f5162cf52,60.16762,24.95415,000000006b44cce7,1.38
2146,2019-08-04T11:06:05Z,e557e164cd52fd817b02cad6587a294d72b0974d9b014ad69ea5e08e,60.17918,24.95141,00000000675d5200,4.94
2147,2019-08-04T11:06:05Z,e5928057da667903de0b6c1245e1f58273dd85d63d8af0f4eaa771de,60.16762,24.95415,000000006b44cce7,8.38
2148,2019-08-04T11:06:05Z,e5b9b4813c081a31fb498e7f9adb94918c267dfa125c63790c0d9488,60.149,24.9843,00000000fffb8cf0,5.41
2149,2019-08-04T11:06:05Z,e5e14952bf5e52bf1349479a58c0a97d702585889650948d94767608,60.16448,24.97323,0000000053c6c2be,31.5
2150,2019-08-04T11:06:05Z,e675f053b5e39f622f919daf44b8b27ec63646d34ce88f291a97158f,60.16762,24.95415,000000006b44cce7,20.28
2151,2019-08-04T11:06:05Z,e7988d180194f352fcf752defa2a01904142bcbf71a9afba13cc7470,60.16897,24.95222,00000000aa852af1,14.89
2152,2019-08-04T11:06:05Z,e82fb1b58cd1d81fb46e1dca3b34ae603aa01acb01ef1d8a7178defc,60.16544,24.95398,0000000038d83d41,27.28
2153,2019-08-04T11:06:05Z,e8530b87d248fb9f6f44200a9b5634e7517e8d6d835e921280db51fb,60.16897,24.95222,00000000aa852af1,25.36
2154,2019-08-04T11:06:05Z,e9d59e25b58f33f70aad6832863cb59d7485ca55a1575558f92b74e7,60.16897,24.95222,00000000aa852af1,14.89
2155,2019-08-04T11:06:05Z,ea156c99dd8945ef87da4c332787a6202e9eedc69f726cafae8d3258,60.1538,24.95595,0000000038bf9618,29.32
2156,2019-08-04T11:06:05Z,eb09e242059d315d7f929b7befadc641eeddb95492babe81030cbabc,60.16829,24.94214,00000000afef4555,23.56
2157,2019-08-04T11:06:05Z,eb3dde73e84f5016b5545e9fa2e08d04257ebe448619783f90edcd23,60.16762,24.95415,000000006b44cce7,20.28
2158,2019-08-04T11:06:05Z,ec485175d2b7a2c53d03bf546aee134c116d998976601b069570c6f9,60.14699,24.922,00000000a53ed894,12.69
2159,2019-08-04T11:06:05Z,eca1a609c675d971fcfba4277d230ccdc2de7805c629b1f5da9cc224,60.173,24.92524,0000000096918cfa,10.78
2160,2019-08-04T11:06:05Z,ecf13e9d610ad235409932d263110fd52c69d0f5f39e9ffd3ad8b740,60.16897,24.95222,00000000aa852af1,9.92
2161,2019-08-04T11:06:05Z,ede13c9dc221bbc6c1daf78250fa6547303c06d7606c05ba0bf64547,60.17919,24.95181,000000007b5207b6,6.46
2162,2019-08-04T11:06:05Z,eea43687eab35d2c386347881796eb1c8279076b9e9642ebc2cd06ac,60.16762,24.95415,000000006b44cce7,10.78
2163,2019-08-04T11:06:05Z,ef15ff71b7dc4c2088249a4fca7e28900ae315245a7a3b4d571bf582,60.16829,24.94214,00000000afef4555,6.46
2164,2019-08-04T11:06:05Z,ef45fdc095ee55730384922266d8fce61de212d3c3df2441ea10e524,60.14947,24.91438,000000004ef3150d,17.4
2165,2019-08-04T11:06:05Z,ef5e495c5f9d3dd9eb22ed5b8faf1cc9e4225d4785ebb26a87d16fff,60.14699,24.922,00000000a53ed894,11.7
2166,2019-08-04T11:06:05Z,f11c02cbebb4049a29f10d2ee6aac8a9ca3b7b9609a39d69463461a1,60.17065,24.93641,000000000f4919c9,21.87
2167,2019-08-04T11:06:05Z,f15bd66e4c0cd72c6b1ba575d523d7878c30a781e6907b19d228368f,60.16762,24.95415,000000006b44cce7,11.7
2168,2019-08-04T11:06:05Z,f196f5f8c08299d290b3bac1944e00bb1f2c90594db66438b0c10e6e,60.16629,24.95957,00000000fb7600be,11.7
2169,2019-08-04T11:06:05Z,f1d44b9d3710849eba7eab0b6646053378aa5f8ee3491ec2522f3c44,60.14947,24.91438,000000004ef3150d,21.87
2170,2019-08-04T11:06:05Z,f2467c8ede6444941158701b7bd9d005beec9ffdb355ce2d8c7a9bfd,60.149,24.9843,00000000fffb8cf0,21.87
2171,2019-08-04T11:06:05Z,f3cee9bbe2aec5ac208a141e882900be3fd94a646cb2850d8c879a0b,60.16762,24.95415,000000006b44cce7,29.32
2172,2019-08-04T11:06:05Z,f43b8b2cf2c0bd291543858796d75b211d283ab73dcab5ad5dfd0aeb,60.16897,24.95222,00000000aa852af1,23.56
2173,2019-08-04T11:06:05Z,f4b9fc6acb673aea24fe00dfbe806b81fedab0c2ea82d781f7659ce5,60.16762,24.95415,000000006b44cce7,4.94
2174,2019-08-04T11:06:05Z,f756416830b046336a677173f34b00e83412904998e92cfb4ebe207d,60.16762,24.95415,000000006b44cce7,16.1
2175,2019-08-04T11:06:05Z,f78ef2ddbe48b534137498eab56c0a55ec0e0b1d8868e82cb5652a0e,60.14699,24.922,00000000a53ed894,2.08
2176,2019-08-04T11:06:05Z,f7be7d003528c0c0827040a3a3723e49406a5a7c86cb4bc568a830db,60.17002,24.94407,000000006b087f40,16.1
2177,2019-08-04T11:06:05Z,f855918d61069661cbf8633b228a5fb9e5cd5ea7b2946bfc5b9fc315,60.16829,24.94214,00000000afef4555,16.1
2178,2019-08-04T11:06:05Z,f9ed4361c378e7c740818b0c356acbffa4a161af2ffbecb803ace9b7,60.173,24.92524,0000000096918cfa,17.4
2179,2019-08-04T11:06:05Z,fbd28054e4a5478c8ca06f4d682405d1c59bef4853cad413ecb58d13,60.14699,24.922,00000000a53ed894,17.4
2180,2019-08-04T11:06:05Z,fda481107ccd1ee84269967e42cbd312252a4216e9c7af4822669a69,60.16829,24.94214,00000000afef4555,21.87
2181,2019-08-04T11:06:06Z,004c3624f943830bc6a9f17173a2cd0996622cade5184ad2b9fba729,60.16897,24.95222,00000000aa852af1,4.94
2182,2019-08-04T11:06:06Z,048a4191e2e9ce1733556eda54c4123345c70aeced0f8ecf7d52b916,60.14699,24.922,00000000a53ed894,18.79
2183,2019-08-04T11:06:06Z,09a0d89e977eac08cb8877af0472d861a9c86439072251d53a13d931,60.16829,24.94214,00000000afef4555,18.79
2184,2019-08-04T11:06:06Z,09ddbf38333e76a79fd836112bd8c3f8bf7f3dadfb3d49945ad4c486,60.16897,24.95222,00000000aa852af1,7.05
2185,2019-08-04T11:06:06Z,126e7fa4dd9205201617bdc0c7c346bfb57e1a75d3d7d3d9c260d51b,60.16629,24.95957,00000000fb7600be,17.4
2186,2019-08-04T11:06:06Z,128f1b89d7a534aa206a7823b692594bbd4d349761baa04c0fc72f2c,60.14947,24.91438,000000004ef3150d,12.69
2187,2019-08-04T11:06:06Z,14c7e1511b70f4dd3359cbece1377aebb4d70531f5489eefe53d7c3c,60.16544,24.95398,0000000038d83d41,23.56
2188,2019-08-04T11:06:06Z,16c994bb2e24124a910c247376d16e980a65626a94c4c0aaab27df60,60.16829,24.94214,00000000afef4555,38.87
2189,2019-08-04T11:06:06Z,25a7ff811c3c06e426c7c2cbb0433d9a2a3399b23afecbd35584ab0f,60.18203,24.91341,00000000342570c2,13.75
2190,2019-08-04T11:06:06Z,29016fc5853bb802e42e93eb5fd98882d64029327d793a2f2335b9e4,60.16829,24.94214,00000000afef4555,9.92
2191,2019-08-04T11:06:06Z,2e4af02bc2421faac1f506a147ddb9b76076386be53415223aca4bde,60.16762,24.95415,000000006b44cce7,9.12
2192,2019-08-04T11:06:06Z,32dd92b5a658392a4ec84eaf95152ee72258b6b0fb670b97882ac902,60.16829,24.94214,00000000afef4555,9.12
2193,2019-08-04T11:06:06Z,3b5cafe90982db26cf737b2e4cd4275276f6a031bca3b2a1f73023b2,60.14699,24.922,00000000a53ed894,16.1
2194,2019-08-04T11:06:06Z,3fe5f4ccfa5c777ceafda0674d7c9da6f509f6694b4c2fa254b32e73,60.16897,24.95222,00000000aa852af1,18.79
2195,2019-08-04T11:06:06Z,43b676ed3aef4c2d8846694817e76117873be52e7f788e0cb366c1c4,60.16629,24.95957,00000000fb7600be,27.28
2196,2019-08-04T11:06:06Z,44d0b94469070803869f229601e877beb613c3f5aafa009addf97a1a,60.16544,24.95398,0000000038d83d41,25.36
2197,2019-08-04T11:06:06Z,4656bad9b5e6dfc3977eca308fc1db3dbf8b0204b90d09b001da242e,60.1638,24.96846,00000000d747f075,21.87
2198,2019-08-04T11:06:06Z,4774d3de2115f3cfeff91dc17ed763964fe86825629003f82ee45b2b,60.16762,24.95415,000000006b44cce7,5.41
2199,2019-08-04T11:06:06Z,54f040219b954e68101c83a5a6bacf046961c7a1d9a779fa291fa47b,60.16531,24.9442,00000000fdda10fe,18.79
2200,2019-08-04T11:06:06Z,5d65719c4cbf045f068d084b72302f447d5fd034413d97d13be00d0e,60.18203,24.91341,00000000342570c2,18.79
2201,2019-08-04T11:06:06Z,5eed115a984d490b02b602d73787aee8dc8c4e9365b77fbff3818a76,60.16629,24.95957,00000000fb7600be,16.1
2202,2019-08-04T11:06:06Z,66dabd3229229330d23c70e9e1737429ddfe69db01f4a6a00f70fa20,60.16762,24.95415,000000006b44cce7,20.28
2203,2019-08-04T11:06:06Z,69219e9efa41ae9e732653e9eaf08e1a34cb853a9dafe76ddeea4d04,60.16897,24.95222,00000000aa852af1,20.28
2204,2019-08-04T11:06:06Z,6a70e2fbced719333e21eff04fcb9cb36bae9a04d1a3d6ddd96f2c58,60.15432,24.9211,0000000019fb59c4,5.41
2205,2019-08-04T11:06:06Z,79f136afa0dd8717337c01c70b457c464aaf0fa25b440f51a394ec23,60.16762,24.95415,000000006b44cce7,13.75
2206,2019-08-04T11:06:06Z,85ef35aecf2ff804be3d958b592705ec41c6df9c128c132c65bb283d,60.16897,24.95222,00000000aa852af1,18.79
2207,2019-08-04T11:06:06Z,87dfaad29a9276ddddb1fa021d3bc23ad14824c1af16f7d87e713689,60.14951,24.92138,0000000006dd41f6,9.92
2208,2019-08-04T11:06:06Z,88808fe92573e9cdf022cc15b9689b6b4b9429f60513c8897b0ba4c7,60.16897,24.95222,00000000aa852af1,20.28
2209,2019-08-04T11:06:06Z,92a4351b20078e469332532ec495e838559c62590b166cce41762939,60.16897,24.95222,00000000aa852af1,27.28
2210,2019-08-04T11:06:06Z,92aae21a6e0dd2ff71fc591b64e878502bd4677b64ac413632e9f7c6,60.149,24.9843,00000000fffb8cf0,11.7
2211,2019-08-04T11:06:06Z,9843c6216661048343a0e49cf3d8aa2883cf77f452666a1c873a1052,60.16448,24.97323,0000000053c6c2be,11.7
2212,2019-08-04T11:06:06Z,9992834418850939882f3b334eee492eb98d4f9d6d6118f9ee108793,60.16762,24.95415,000000006b44cce7,5.41
2213,2019-08-04T11:06:06Z,9c8556ea519835172f09c20e7688066eeec8e7f74a0c6fa3df3d9c5f,60.16829,24.94214,00000000afef4555,20.28
2214,2019-08-04T11:06:06Z,a13e5d46f0a2d1c6b58878e1b198905e9b14e3a85b5e4adab88b4b87,60.16762,24.95415,000000006b44cce7,13.75
2215,2019-08-04T11:06:06Z,b5fd6b317890e5ab2d79e2cd1abe61626d45a753c7337d0d40728898,60.16762,24.95415,000000006b44cce7,11.7
2216,2019-08-04T11:06:06Z,b936e41d8712ae967f3ebb413fc44f060bb10613f95537757886ede2,60.16762,24.95415,000000006b44cce7,9.92
2217,2019-08-04T11:06:06Z,bca443064699e0ac05c40e587aef06d7fd580817e739133a501490bc,60.14699,24.922,00000000a53ed894,17.4
2218,2019-08-04T11:06:06Z,c54f2dd0590c650ad3e52a68193db3173db5e74f90f69faa1e2d6bb0,60.16762,24.95415,000000006b44cce7,9.92
2219,2019-08-04T11:06:06Z,c97eb4181394121907d47b908495f54e5ee5145ff790f7a1dc21b3cf,60.16897,24.95222,00000000aa852af1,13.75
2220,2019-08-04T11:06:06Z,ca6927628f5ddda20036865c9345ad93d476d62ade3b181de568eed6,60.16897,24.95222,00000000aa852af1,23.56
2221,2019-08-04T11:06:06Z,cf05623e4d87ce0906c0b0b7dbf53aacc1228016cd27c341228b6e76,60.18203,24.91341,00000000342570c2,20.28
2222,2019-08-04T11:06:06Z,cfc0bedb78ded52749db3188cb188bf6a250ef5990da9c5afa9623fc,60.14951,24.92138,0000000006dd41f6,23.56
2223,2019-08-04T11:06:06Z,dbeb00942457ba3c5fb1984b57b1dedb268c0e761e80729b939f1fd8,60.16544,24.95398,0000000038d83d41,27.28
2224,2019-08-04T11:06:06Z,de70f4707e34262e09161e7b3a8459b6f250e5462f70ff48f3178bb9,60.16829,24.94214,00000000afef4555,27.28
2225,2019-08-04T11:06:06Z,e224ae5ea47af2e3048f83b13a1f45dc135c0ca6be72547b01729086,60.1538,24.95595,0000000038bf9618,21.87
2226,2019-08-04T11:06:06Z,e764c1a69976425ee9c1982ca445db7a575a9d610bcb2215eeb2a728,60.14947,24.91438,000000004ef3150d,16.1
2227,2019-08-04T11:06:06Z,e8e366e76c97944e23c0f80b4fd3ce6e5832744922297146a49f0c7e,60.16762,24.95415,000000006b44cce7,13.75
2228,2019-08-04T11:06:06Z,ed70dda6b7faebd4340dacdb452ab224d9d3c308df417b7fa76f54e8,60.14951,24.92138,0000000006dd41f6,21.87
2229,2019-08-04T11:06:06Z,f088630d7476dae7d4b7e2bb1f10575f2c89acb4b6e061f3d57c2b40,60.16531,24.9442,00000000fdda10fe,18.79
2230,2019-08-04T11:06:06Z,f30a5193aa7850aac581b8dd71512a8712c96f36fdef78d8292d4788,60.16762,24.95415,000000006b44cce7,8.38
2231,2019-08-04T11:06:06Z,f31cfded6f566f9c032c80c52ea642407be312c5d42521ab7a8d3e2a,60.16897,24.95222,00000000aa852af1,16.1
2232,2019-08-04T11:06:06Z,fc4f3a44235f1cfc7b53f14ba2da599976a5a0a220d23b852688e485,60.17919,24.95181,000000007b5207b6,11.7
2233,2019-08-04T11:06:06Z,0043f38f4fb6545d7c033c9a8f8c18106aa0c2c841f28a15dd722e9d,60.14699,24.922,00000000a53ed894,9.92
2234,2019-08-04T11:06:06Z,00dae8e6c0b169e69db1d1435e478728f9318e16ee31ff03e5572236,60.16629,24.95957,00000000fb7600be,13.75
2235,2019-08-04T11:06:06Z,0236a1d5b9b9d2249407a79705eee38de360ceb0530a8959ba5bc15b,60.149,24.9843,00000000fffb8cf0,12.69
2236,2019-08-04T11:06:06Z,0625280cf414aa015aa8b4d504d6fc74879a1144b913e254fec5db9d,60.16762,24.95415,000000006b44cce7,10.78
2237,2019-08-04T11:06:06Z,07505f028a552fd4183a9d7a436db18ae89a2dfeff0cdea93dcbe920,60.16762,24.95415,000000006b44cce7,13.75
2238,2019-08-04T11:06:06Z,08833115ba0f62666fee594662c171563759459bb5f65ffdfeaeaed1,60.18203,24.91341,00000000342570c2,10.78
2239,2019-08-04T11:06:06Z,08b10b51864dc039f0a07c997e66e7a263ee1cde5b0b88b2a1178c58,60.16829,24.94214,00000000afef4555,5.41
2240,2019-08-04T11:06:06Z,0a949aafc0be15c68d73a5dd186d726aa6b921f44303a712ac6ddcb8,60.16762,24.95415,000000006b44cce7,11.7
2241,2019-08-04T11:06:06Z,0af61169cceddbd5c08068ba987231f31931944ac70a7335e59fce93,60.16897,24.95222,00000000aa852af1,25.36
2242,2019-08-04T11:06:06Z,0b45b52bc137c31ce83561c857f809296ec70f5537976a4a4d573d4f,60.16829,24.94214,00000000afef4555,8.38
2243,2019-08-04T11:06:06Z,0b49dcea1b7eab22f4ebd0c7666ded5b59fe092b8bdd4aa9eda6326d,60.16762,24.95415,000000006b44cce7,5.91
2244,2019-08-04T11:06:06Z,0c959027ce302054b09087cac97a83aa7e24fb9e4fa2710763f912cb,60.16829,24.94214,00000000afef4555,4.11
2245,2019-08-04T11:06:06Z,0dc12f22306d5f6622fc786011f32f1961a5f94018be9c2236fb2e52,60.14699,24.922,00000000a53ed894,14.89
2246,2019-08-04T11:06:06Z,0e113c5ed3abcdfb31d27c3125f6cf01e3b96e4ed7eca1aaea855f77,60.14947,24.91438,000000004ef3150d,17.4
2247,2019-08-04T11:06:06Z,1067b041807277ecf9cea5b55c265a37808239544e559e2cfdfcb3ce,60.16762,24.95415,000000006b44cce7,5.91
2248,2019-08-04T11:06:06Z,1107822441d53ff89eb9cb0d022a37202aed47bd82dca4bc175d6837,60.16762,24.95415,000000006b44cce7,14.89
2249,2019-08-04T11:06:06Z,116e59da308964e8eb82cb6e5a758aad726ec3800f0fa17bc661e8fe,60.16762,24.95415,000000006b44cce7,6.46
2250,2019-08-04T11:06:06Z,12012b94f1e57f1b0126052cc11a3bff3eff24467afa8d67d041fe16,60.17002,24.94407,000000006b087f40,23.56
2251,2019-08-04T11:06:06Z,1327ce24f157334f864f913637993c80380ce5f5c911e4b0d31c5eb7,60.149,24.9843,00000000fffb8cf0,7.69
2252,2019-08-04T11:06:06Z,135b81a7a5a9dd70569656553c100af6fdc760bcf92d9b7b48261cb1,60.16897,24.95222,00000000aa852af1,9.92
2253,2019-08-04T11:06:06Z,1374f31e71652faf3e69316a295c22d59e560f15e35f42b003a89222,60.14699,24.922,00000000a53ed894,7.69
2254,2019-08-04T11:06:06Z,13b0a8ca1414d7b2b0e8d5f80069a5d26c6f62a68b58eda25a4b85f4,60.16829,24.94214,00000000afef4555,9.12
2255,2019-08-04T11:06:06Z,1556d4a76070c26554efa12b4b9c53766a4cc394e8b74ee37f2fff65,60.17065,24.93641,000000000f4919c9,27.28
2256,2019-08-04T11:06:06Z,169c77f0d714e38eb1e798b14fa42ce3fefb0ec1d6f9e93a38a872f1,60.16762,24.95415,000000006b44cce7,7.69
2257,2019-08-04T11:06:06Z,1921be9815a57f11f291ca085add7b4bf1d044518b03b725df7cf7d5,60.149,24.9843,00000000fffb8cf0,18.79
2258,2019-08-04T11:06:06Z,1a06b5f7f305badd45e93db9d86d76ed3a2a96ec55ec47c836921e3e,60.16762,24.95415,000000006b44cce7,9.12
2259,2019-08-04T11:06:06Z,1a623175e52f0b1da44bc24027c8d374dbd7710157b6a78e417b7cda,60.16762,24.95415,000000006b44cce7,18.79
2260,2019-08-04T11:06:06Z,1a9a0f74c353624c42c19c007e82c9c2547b7285d8353d0e375e3f05,60.14699,24.922,00000000a53ed894,11.7
2261,2019-08-04T11:06:06Z,1c38009e9b89bd8b0d6744bf54ebae9a8ad2dc2868cdfc3f2e399509,60.16829,24.94214,00000000afef4555,23.56
2262,2019-08-04T11:06:06Z,1c8c3befa38b65f707dd4933a68e5e3c9e7c82592fd382779127416b,60.16897,24.95222,00000000aa852af1,17.4
2263,2019-08-04T11:06:06Z,1dd88e08ecbbd8507d735040b95233ff133ddfecfd889e4a3c52b8cf,60.16762,24.95415,000000006b44cce7,16.1
2264,2019-08-04T11:06:06Z,1fa2c533bba37b249a0105001153733e67a559d40c22cab67f135f64,60.14947,24.91438,000000004ef3150d,3.74
2265,2019-08-04T11:06:06Z,2136558e0a9a89ed5aa044485a8e31bff3b7e5acf38c645a06782afd,60.16448,24.97323,0000000053c6c2be,25.36
2266,2019-08-04T11:06:06Z,221dba1f7562b992e9c11d7d1331a44ac293bc301248736c8432deb2,60.16762,24.95415,000000006b44cce7,17.4
2267,2019-08-04T11:06:06Z,227b93698b29687beea48184f42aab63a21fa362af7251be32db2e15,60.16531,24.9442,00000000fdda10fe,2.8
2268,2019-08-04T11:06:06Z,23786c82e2641aed0e0b004658480a212bf0397568e914487819045c,60.16897,24.95222,00000000aa852af1,14.89
2269,2019-08-04T11:06:06Z,23b4a8c7918ca417eab83481a710fd544e1fa8bf7073b5955c0155c8,60.14699,24.922,00000000a53ed894,10.78
2270,2019-08-04T11:06:06Z,23f10190151386d4050571cb299410bc0285ed980b0a00f088e01cf0,60.16762,24.95415,000000006b44cce7,9.12
2271,2019-08-04T11:06:06Z,2671a156fa8d8bb05970481c8f83bcf9f261f73dae27f2bb9ac88aeb,60.14699,24.922,00000000a53ed894,9.12
2272,2019-08-04T11:06:06Z,27052b4dc21318eee25b7afdbe088c8d15e13ec11ac339166b209e58,60.18203,24.91341,00000000342570c2,31.5
2273,2019-08-04T11:06:06Z,2724e42551f43106ea58a8fcc6a43953baa1294cd65e17a90012f706,60.17065,24.93641,000000000f4919c9,0.59
2274,2019-08-04T11:06:06Z,2977d3c4f181abb6662adf1d466a62167e2690a9c94dc53e5aa6a904,60.16762,24.95415,000000006b44cce7,7.05
2275,2019-08-04T11:06:06Z,29f5adc4d67413b7d368e8e94a41cf48339e3f5f0903f660170c4fe8,60.17918,24.95141,00000000675d5200,27.28
2276,2019-08-04T11:06:06Z,2a80aed2c40e7e70ca12152ac812abd79aa1d13efcec25a6d3395136,60.16762,24.95415,000000006b44cce7,9.92
2277,2019-08-04T11:06:06Z,2af353f8c54bb0d9e6ff34e08578e5263b7fac68ab82cf9559293cb9,60.16544,24.95398,0000000038d83d41,29.32
2278,2019-08-04T11:06:06Z,2c85e4140ca0ba77c3598ceac05eb2c2342409ce8111c863fc58c606,60.16829,24.94214,00000000afef4555,4.5
2279,2019-08-04T11:06:06Z,2ccaeb30423977ff22b6afc29243b861b476a5f4ffafdf200d326d78,60.17002,24.94407,000000006b087f40,13.75
2280,2019-08-04T11:06:06Z,2de87ef94604fb63bec05eefb71b6cdd0b9807f8551159c2a35e7259,60.17065,24.93641,000000000f4919c9,27.28
2281,2019-08-04T11:06:06Z,2e6e6f89a7d75f0742d016de203c9acc8d6f6bdeb7b56bd12f482653,60.15432,24.9211,0000000019fb59c4,23.56
2282,2019-08-04T11:06:06Z,2f83e4cad2d924faecb3def25f54727f3e612bc5040c493dd6eccb1d,60.16897,24.95222,00000000aa852af1,21.87
2283,2019-08-04T11:06:06Z,2fe2e4165984d7880628aec591ce4747f18947da70312e6afca2946b,60.14699,24.922,00000000a53ed894,16.1
2284,2019-08-04T11:06:06Z,30bee351808d5e8082ce012b57f5bc0efc80f8394491a182e0eeee32,60.17918,24.95141,00000000675d5200,17.4
2285,2019-08-04T11:06:06Z,31659a798f1d780d587f07390c038a78fafa6cabb8180dba635863ce,60.17002,24.94407,000000006b087f40,17.4
2286,2019-08-04T11:06:06Z,3226c88241c6ac9d643c1843f44b6e5ee10df5f15a695e360582a9be,60.16829,24.94214,00000000afef4555,16.1
2287,2019-08-04T11:06:06Z,3262259981b4d615793e8692d3b8461ab7cc2c63789b0ce72c75075f,60.17918,24.95141,00000000675d5200,23.56
2288,2019-08-04T11:06:06Z,32f77f5019e5fce30881c214487361e2e34b8c93277f6e546de72012,60.1638,24.96846,00000000d747f075,27.28
2289,2019-08-04T11:06:06Z,3417d8a6b53687e70f126ebeb1d26a2ff6369dc9a551c3c35c5a04f9,60.17002,24.94407,000000006b087f40,17.4
2290,2019-08-04T11:06:06Z,35e26a55ffcf023f80c64d570297932cbeabb750c9f72ba981e2f66e,60.16762,24.95415,000000006b44cce7,13.75
2291,2019-08-04T11:06:06Z,35f337dd3baf0bc08002ec007d609b685ac29bb2a8bcad6783532a6b,60.16829,24.94214,00000000afef4555,13.75
2292,2019-08-04T11:06:06Z,3670a148a52771f0ff5af161725f65b86873c09eea1a7697861c0438,60.14699,24.922,00000000a53ed894,20.28
2293,2019-08-04T11:06:06Z,374083907dd8980893623726af5633afd59b519c885ad12ba5c674eb,60.17002,24.94407,000000006b087f40,7.05
2294,2019-08-04T11:06:06Z,386dea4944e0b83648b4b6faf510fd47b0e9e29a2bb9311fe8a80ee2,60.17918,24.95141,00000000675d5200,13.75
2295,2019-08-04T11:06:06Z,39c75ec87b1dbd9865939b27695811070c5256630eeaebbe35743986,60.16829,24.94214,00000000afef4555,21.87
2296,2019-08-04T11:06:06Z,3ac85712ab657e849113d439795c4e7325d1025cacdbd9a41174b031,60.17002,24.94407,000000006b087f40,12.69
2297,2019-08-04T11:06:06Z,3ac9d056b0f04f774b238a125eb996d46437f7a8c5f6ba6712e971cf,60.17918,24.95141,00000000675d5200,8.38
2298,2019-08-04T11:06:06Z,3b355c039877bd4883845f3fc6ad8dd6f41f170274042f1397585680,60.149,24.9843,00000000fffb8cf0,14.89
2299,2019-08-04T11:06:06Z,3b5030adc7c303403a6333a1a6d35474c2f21c1d20ece72180660423,60.14947,24.91438,000000004ef3150d,13.75
2300,2019-08-04T11:06:06Z,3bd8214bd5284efaf354ec2a0dd2847f6051ceaace6a2691ff085d3d,60.17065,24.93641,000000000f4919c9,20.28
2301,2019-08-04T11:06:06Z,3c97ef699a49ee2e91f5446516403d07a686256fbaea1ed8e7c28400,60.16762,24.95415,000000006b44cce7,13.75
2302,2019-08-04T11:06:06Z,3e36420df19c06796a79acdad84551653de9b0132cb0987329f75291,60.16897,24.95222,00000000aa852af1,14.89
2303,2019-08-04T11:06:06Z,3f5d3aed90718f7fb8e8a13ac7002718cc22cbe190beb96821ba52e6,60.17065,24.93641,000000000f4919c9,16.1
2304,2019-08-04T11:06:06Z,3f67c6713a6cca446a46616c9970c7a2ddffb03f21e10c8ea9b2f380,60.16897,24.95222,00000000aa852af1,31.5
2305,2019-08-04T11:06:06Z,3fe4e214448b0c9a8dfbee81c347d82a8f0b26859201fb1d77f40fa9,60.16762,24.95415,000000006b44cce7,13.75
2306,2019-08-04T11:06:06Z,40d64df305477f26745a445a97098d36570a8e02616b93a3f562bb21,60.16629,24.95957,00000000fb7600be,27.28
2307,2019-08-04T11:06:06Z,42d34a6c595760e51052178acc978bdb2b6348e0405f7b58c57f0915,60.16829,24.94214,00000000afef4555,11.7
2308,2019-08-04T11:06:06Z,43d8c869f8bf0d7c3d876015bbc5de703fe705613be55538351ba02d,60.16897,24.95222,00000000aa852af1,29.32
2309,2019-08-04T11:06:06Z,4472fa277123afabdf2402fc2a3c5bff2be437e6d56b590278de70fc,60.17065,24.93641,000000000f4919c9,31.5
2310,2019-08-04T11:06:06Z,4538bf4d0ca02f13fad76c46f7b34e72978c49b0cdfe4ea9fe151a50,60.16762,24.95415,000000006b44cce7,7.05
2311,2019-08-04T11:06:06Z,465eab28635efe98500085ceb161cf941d02272a0107fbbfb2203c29,60.16829,24.94214,00000000afef4555,9.92
2312,2019-08-04T11:06:06Z,47f787c639f2eed345eb5dca409ffcd989850399a1ab781500dd6e82,60.17918,24.95141,00000000675d5200,4.11
2313,2019-08-04T11:06:06Z,4800d49ec59e1cde34360defcce4c2a0c6a58919303c1fe6fdebceec,60.16762,24.95415,000000006b44cce7,9.12
2314,2019-08-04T11:06:06Z,4833b1ea4f519407574f5a838d93a39de28c756c5f53de7ee273b577,60.14947,24.91438,000000004ef3150d,7.05
2315,2019-08-04T11:06:06Z,49b391c05bd4e5231579392d798036a0139a8ea4e4d4509a7cb3901f,60.16829,24.94214,00000000afef4555,8.38
2316,2019-08-04T11:06:06Z,49d6f6bd5878bfac30a67fe92d1501b5b09cab38ab2b35b661902f0d,60.14947,24.91438,000000004ef3150d,23.56
2317,2019-08-04T11:06:06Z,4a54cbed9c373a4136f8851f3f5736eb2fadd5766d316eb5ebbdd231,60.17918,24.95141,00000000675d5200,11.7
2318,2019-08-04T11:06:06Z,4ae4a5331747d994953667cd06d4c999d9cf71885574c3cc473620f8,60.16897,24.95222,00000000aa852af1,18.79
2319,2019-08-04T11:06:06Z,4ae55b5046b30303930ee339fa9c70c922844d1bfe89a2e7180d53ad,60.16829,24.94214,00000000afef4555,14.89
2320,2019-08-04T11:06:06Z,4cf634fc84e128c3b9bce07a4b726d136e18f0eea4229fdbb48f6db1,60.16897,24.95222,00000000aa852af1,11.7
2321,2019-08-04T11:06:06Z,4d31b0561dbfc9ef5acbd44ba92acb4ca7bad86b948634f005173ece,60.14699,24.922,00000000a53ed894,6.46
2322,2019-08-04T11:06:06Z,4fb84ecf5d221439a3af3b68650b3b7dea1d1324213f3ea57669ead0,60.18203,24.91341,00000000342570c2,27.28
2323,2019-08-04T11:06:06Z,50a06af190dfb27cbd4d6ca55980b1379ec795af8b9e5ebc00d73257,60.16762,24.95415,000000006b44cce7,7.69
2324,2019-08-04T11:06:06Z,51789c3026ccfe7e846e44fcd833d006941c2789b9693c77df5a7c98,60.16762,24.95415,000000006b44cce7,10.78
2325,2019-08-04T11:06:06Z,541f330d2ded03609f551d02b8149da9cd07ee36aeee630f8fc9de8c,60.14699,24.922,00000000a53ed894,18.79
2326,2019-08-04T11:06:06Z,542a405b620e6d166ecc5eadd979b3936d831cea3aa7b75316adb4ca,60.16897,24.95222,00000000aa852af1,23.56
2327,2019-08-04T11:06:06Z,54d53f276563f566e1cd61b100408412cf78b4fe9fcada830aa6e23b,60.14947,24.91438,000000004ef3150d,6.46
2328,2019-08-04T11:06:06Z,5518b2315c236d486c7a5a4fc27c44987672b2f9a0751ffdaa9cbf78,60.16829,24.94214,00000000afef4555,7.69
2329,2019-08-04T11:06:06Z,56101419005237b836e4ed14d91dfa6f9edc4c92b5fcb419943897bb,60.16762,24.95415,000000006b44cce7,9.12
2330,2019-08-04T11:06:06Z,56318cc7f3616fceec2564cbb1f6ca8b88ea861935a1ada93aafd7b0,60.16897,24.95222,00000000aa852af1,18.79
2331,2019-08-04T11:06:06Z,571934189bf349efb6f596e76c21612cf9b82ed44913090169936048,60.17065,24.93641,000000000f4919c9,13.75
2332,2019-08-04T11:06:06Z,586f70961bf72597ce00f89d3602178ecc6ac8838a8acec48bba7f9f,60.14699,24.922,00000000a53ed894,18.79
2333,2019-08-04T11:06:06Z,58ee8fd47328b1c696ec343920f2c0353d19a915924eb6f6f2638e56,60.16762,24.95415,000000006b44cce7,3.74
2334,2019-08-04T11:06:06Z,5a6d2f34f7f677bf47ee3d08ac1371b3ad3d7f7f027685cf4740ab78,60.16762,24.95415,000000006b44cce7,12.69
2335,2019-08-04T11:06:06Z,5a755f0653ee0e334448418099ed85023db0a9984c280cfbadd74160,60.173,24.92524,0000000096918cfa,38.87
2336,2019-08-04T11:06:06Z,5c404f374a48548bfe8b02859d12ae59c4ae608fae2139fd71ef51b1,60.16762,24.95415,000000006b44cce7,18.79
2337,2019-08-04T11:06:06Z,5d1a06a2f2536539d5cec19312d4b71ac6096ed0d84ef850b95c01ec,60.17065,24.93641,000000000f4919c9,25.36
2338,2019-08-04T11:06:06Z,6022019a95573b888ca7b3161da098935ea0ad7793437ee40a32a5f3,60.14699,24.922,00000000a53ed894,9.92
2339,2019-08-04T11:06:06Z,6138e6ab3e1e74425af8945a6fcc294c1469a0b9c448b780bcf9d2e2,60.14699,24.922,00000000a53ed894,21.87
2340,2019-08-04T11:06:06Z,62d86ee13e6ae7a5c41ffc2de746df72d4ef6e8d2b6a51ce1c68965f,60.16829,24.94214,00000000afef4555,13.75
2341,2019-08-04T11:06:06Z,62e27092b58abcaf80564c408d0d4a7b821abaee92dc2f02ccb11e61,60.16762,24.95415,000000006b44cce7,5.91
2342,2019-08-04T11:06:06Z,63e498fd789abe431cdf86f184a50616c85717e1efc893da1e1a2222,60.16897,24.95222,00000000aa852af1,18.79
2343,2019-08-04T11:06:06Z,64d10ef0926ecca987bad278990d966d8fac8775f03847d1f5a4a2f6,60.16762,24.95415,000000006b44cce7,10.78
2344,2019-08-04T11:06:06Z,6656d2ce0a18f92aca4d99810ecaefe94dbe9a0e2ea987f1702aeecb,60.16762,24.95415,000000006b44cce7,7.69
2345,2019-08-04T11:06:06Z,66755836036c771e53ffd9d0dc09b8575231b53b80af22e868691a2a,60.14699,24.922,00000000a53ed894,5.41
2346,2019-08-04T11:06:06Z,675c19fa88e446a423d3396a15abe22971d1ce207ada2ca102fb7189,60.16897,24.95222,00000000aa852af1,23.56
2347,2019-08-04T11:06:06Z,69158bfbcf8399435cc52d623b530dc75089182b7ab05efb64e64021,60.15432,24.9211,0000000019fb59c4,27.28
2348,2019-08-04T11:06:06Z,69852d528034ea6fc746ed8942c32f1c90bc33a7a7317dfac3c9b1c1,60.14699,24.922,00000000a53ed894,23.56
2349,2019-08-04T11:06:06Z,69d8c906060e226ff0f0f7e78029575f2ee07ebec657a3b641419268,60.14699,24.922,00000000a53ed894,9.12
2350,2019-08-04T11:06:06Z,6ac1903c80e63433e4bc744dc0e801bff647117d38d3753fb9a6a4c1,60.173,24.92524,0000000096918cfa,14.89
2351,2019-08-04T11:06:06Z,6c3dd68b68d5b3caa20f92e5ea004b0298abbddd5e35caca508262e9,60.16448,24.97323,0000000053c6c2be,29.32
2352,2019-08-04T11:06:06Z,6c637347d64659d1b29b0461397fccfbff09339872c14e32469fbd0f,60.16762,24.95415,000000006b44cce7,17.4
2353,2019-08-04T11:06:06Z,6c97da4ba9462e7fe786a472989dab23340d31809dd78d5617204da4,60.16829,24.94214,00000000afef4555,9.92
2354,2019-08-04T11:06:06Z,6d2fc7db98c1129c509730d15464f3af6b90d127763da2f6b3cff37d,60.16544,24.95398,0000000038d83d41,20.28
2355,2019-08-04T11:06:06Z,6e2fbf091d5c86667e060d7ec44f48f0f5d7b1d55b1899f2939f247a,60.16762,24.95415,000000006b44cce7,10.78
2356,2019-08-04T11:06:06Z,6e492dbc3f10157e7ff00826a839a97262ab36244ccc57b702a89999,60.16531,24.9442,00000000fdda10fe,4.94
2357,2019-08-04T11:06:06Z,6eeb71c74d753822f920829149d942cf52b726b0b83c5aa3e6cb132e,60.16762,24.95415,000000006b44cce7,16.1
2358,2019-08-04T11:06:06Z,70865ff0fd32dc9fc73f25e929a40535a717664003e66c14224a9d90,60.16762,24.95415,000000006b44cce7,11.7
2359,2019-08-04T11:06:06Z,70cc7b0a8e166380ca0fbc55a58d9a59c9de9f05a9f95ebb82482d5a,60.16762,24.95415,000000006b44cce7,17.4
2360,2019-08-04T11:06:06Z,70ffae2b8178e0915c5de7816f8dd8bcc3af745ee49df8ac4da4adba,60.17918,24.95141,00000000675d5200,13.75
2361,2019-08-04T11:06:06Z,71516fc8349cfaf2b5c4ab80ade6078494d93d13e9953af15e5ced30,60.18203,24.91341,00000000342570c2,9.92
2362,2019-08-04T11:06:06Z,738973c9b5f9882f29075e47ca10e50ba3fb9883da779f41545175f4,60.17918,24.95141,00000000675d5200,17.4
2363,2019-08-04T11:06:06Z,74c2ec2adc228e5b4979284d730fd2de698242f0f06d90f870b8cde6,60.16762,24.95415,000000006b44cce7,1.7
2364,2019-08-04T11:06:06Z,74d10818ac7b257bb36bc9ab233771c1cde0b0ff0668a2dc57f2ad5d,60.16448,24.97323,0000000053c6c2be,29.32
2365,2019-08-04T11:06:06Z,75062842e96b60c5ae6c51127f8160e69256c2eb1a6f33771f8f0bdb,60.16829,24.94214,00000000afef4555,31.5
2366,2019-08-04T11:06:06Z,7563e2805259a5bf1add6d88075dae8642e8c22e0ecce584ac3e01cf,60.16829,24.94214,00000000afef4555,23.56
2367,2019-08-04T11:06:06Z,76444267ea4d5365cef684a446be8cc3482dc3b1b516cdb7850e717f,60.16762,24.95415,000000006b44cce7,12.69
2368,2019-08-04T11:06:06Z,79249857aa88aacfdce42eef6ed8e8bcca6a4550672e5d4552c120d0,60.16762,24.95415,000000006b44cce7,13.75
2369,2019-08-04T11:06:06Z,79773ee1ebdf8252053d8ffb326b77bb05a7cdb76041102e73d3767c,60.16762,24.95415,000000006b44cce7,7.05
2370,2019-08-04T11:06:06Z,79bde23c1a8980f93a65e14306f0d8ea89e164430d8b991e2bfee82e,60.16531,24.9442,00000000fdda10fe,20.28
2371,2019-08-04T11:06:06Z,7bdbfc042dd024cb5630bef515de25ef67819b5acb44ef00df4695d4,60.149,24.9843,00000000fffb8cf0,18.79
2372,2019-08-04T11:06:06Z,7c0622333c8795e1c2889943aba044b95226cbe3c444361da8f8d40e,60.16897,24.95222,00000000aa852af1,20.28
2373,2019-08-04T11:06:06Z,7e78b2348d9576c63ebb626030ee9d43e2bf07e860782adf3f1c452b,60.16829,24.94214,00000000afef4555,14.89
2374,2019-08-04T11:06:06Z,7ea276abbe2f1bfd85b2493f7b4c801189e673c0b4dc987d2c8e30dc,60.14699,24.922,00000000a53ed894,13.75
2375,2019-08-04T11:06:06Z,7f95126e2fe39b74b61f9df1002b58453d22fe79458cebfeed9b9982,60.16829,24.94214,00000000afef4555,18.79
2376,2019-08-04T11:06:06Z,80ffa6235c9fd84bd35d46706c7d0c4126ee0e241a070c5ae5f30d14,60.16762,24.95415,000000006b44cce7,17.4
2377,2019-08-04T11:06:06Z,822590bd49bcf7ed4de4f8389586915c343b29c4283ff8b90d7c1d39,60.17065,24.93641,000000000f4919c9,17.4
2378,2019-08-04T11:06:06Z,82ac749474448abac333d00869cb8b508872f86293913d95eae26a05,60.15432,24.9211,0000000019fb59c4,7.69
2379,2019-08-04T11:06:06Z,82cddd3b9f58762d36efe78da4e2722ee587cfdb3fdbc58b52673082,60.16629,24.95957,00000000fb7600be,16.1
2380,2019-08-04T11:06:06Z,844b8ad6ebf530978d1139d527a681991f4d3eed6be5bc723f0b2192,60.16531,24.9442,00000000fdda10fe,1.25
2381,2019-08-04T11:06:06Z,85b440c4e1125b1e2531499de3b19b82ae4b7eabb4d89c63c97fa83b,60.16829,24.94214,00000000afef4555,17.4
2382,2019-08-04T11:06:06Z,87ea10367f1569e575dc4bc60f0f4238eafb52ba8a2cc8e5e4584232,60.16829,24.94214,00000000afef4555,23.56
2383,2019-08-04T11:06:06Z,87ecec345b34dca4db86cbd66248eeb829282d0cc54caff92455dff2,60.16762,24.95415,000000006b44cce7,3.74
2384,2019-08-04T11:06:06Z,87f4cf4baea8c5dfe1bc7812cc969574058bd4d2dda215192bcfc53f,60.14699,24.922,00000000a53ed894,4.5
2385,2019-08-04T11:06:06Z,886032718e05487be8bd75bb14464814044c7edd7f9a2198304f6fb4,60.16629,24.95957,00000000fb7600be,16.1
2386,2019-08-04T11:06:06Z,88ee7d98af3d9470df5daf433cfa0405f6225cb56b98b7c48d260fd4,60.17002,24.94407,000000006b087f40,6.46
2387,2019-08-04T11:06:06Z,89df1daad350e46d526e113019214d2e1a19d8f48da761bb3583399b,60.16762,24.95415,000000006b44cce7,2.54
2388,2019-08-04T11:06:06Z,8a7f5012c000c420f0a336a3988c72cf2b373818f4f3f369e994d8e4,60.16829,24.94214,00000000afef4555,14.89
2389,2019-08-04T11:06:06Z,8f3d9ab893ae4a48fd3417f3a749c21e792779990ae0ad75a8f211de,60.1538,24.95595,0000000038bf9618,27.28
2390,2019-08-04T11:06:06Z,90b12d2b9898702fd62b343512e0d53796ae38decdf704e203a0cc39,60.16829,24.94214,00000000afef4555,18.79
2391,2019-08-04T11:06:06Z,90da50922eb335c093783f88d74e12fd3316372c836888bd15b2af1b,60.16762,24.95415,000000006b44cce7,14.89
2392,2019-08-04T11:06:06Z,91602a694bc74a2874ba7f02a7bae062a3a77cd869b86a74800415b8,60.17918,24.95141,00000000675d5200,16.1
2393,2019-08-04T11:06:06Z,92df20d921f76c63470e3f5afbe201d3ae15f5133f66c291db796082,60.16629,24.95957,00000000fb7600be,9.92
2394,2019-08-04T11:06:06Z,93272ad17155ea9499641eda7c5560691582116096278b82738ab21e,60.14699,24.922,00000000a53ed894,5.41
2395,2019-08-04T11:06:06Z,934bab75e2a2354910288b01c44fdfda4a87f92ac010109f641b3122,60.14699,24.922,00000000a53ed894,20.28
2396,2019-08-04T11:06:06Z,951482f3e2e41b496e34885c346c4a7ab09427178119caa9b8bbcbb6,60.14947,24.91438,000000004ef3150d,18.79
2397,2019-08-04T11:06:06Z,97490f522f1a0226c8f7e8ed7bca08dd71b63d80b46d38020127b868,60.14699,24.922,00000000a53ed894,14.89
2398,2019-08-04T11:06:06Z,9759894c6f46d9e82992282b211a84549983c7a9995cd91fb1178818,60.16829,24.94214,00000000afef4555,21.87
2399,2019-08-04T11:06:06Z,9924ed20d6ddee438860f63a9fa1a2cefa7ccfa275d6da3a2008d84d,60.173,24.92524,0000000096918cfa,27.28
2400,2019-08-04T11:06:06Z,998ac46ad73c197bab1f36dca67d8bcaa3aca92249185a5e3715043f,60.17065,24.93641,000000000f4919c9,14.89
2401,2019-08-04T11:06:06Z,99b998b07243afd316e6fa57636b0ab6761b9c2a6f0fe050eae40c08,60.16762,24.95415,000000006b44cce7,9.92
2402,2019-08-04T11:06:06Z,9a49d0b5a67fba15ce8971503f6fea88994b33487a842397c5e8564f,60.16762,24.95415,000000006b44cce7,3.74
2403,2019-08-04T11:06:06Z,9aa588cb6f425117e45726b6b9adb7ef86c8f7c8113b547dc61f068a,60.16897,24.95222,00000000aa852af1,12.69
2404,2019-08-04T11:06:06Z,9ab0a60cb60531417ac6ec5ebc6ef591d2f39019c6b0bcb5a89101a2,60.14699,24.922,00000000a53ed894,7.69
2405,2019-08-04T11:06:06Z,9b24f69458294d27d07a0169665965135fd02f4c953f85bcebf4ba87,60.16762,24.95415,000000006b44cce7,9.12
2406,2019-08-04T11:06:06Z,9b2a5c59007368ed7b26c0128d958f0ac43ab418eda263737da18bd6,60.17002,24.94407,000000006b087f40,18.79
2407,2019-08-04T11:06:06Z,9b4b0705e58750d2bcbd71ad65d85677f7e77db5dfe69d1a70b5d31f,60.17918,24.95141,00000000675d5200,13.75
2408,2019-08-04T11:06:06Z,9bc50d931d6c1678284177395958d15f05b45d60ae7bc09fe1e1694e,60.16762,24.95415,000000006b44cce7,12.69
2409,2019-08-04T11:06:06Z,9bc91538b73e0220fcf5cd07290c07d56f6f48d3ba0ba6b6b0876da9,60.17065,24.93641,000000000f4919c9,31.5
2410,2019-08-04T11:06:06Z,9c0b1d2c4c67c07e547e810a94efeaaa1187ae82977e03748470281c,60.16897,24.95222,00000000aa852af1,29.32
2411,2019-08-04T11:06:06Z,9eb1e9bfdceb76ef852f89ebd82139602125f9731b791465e1c21f81,60.16829,24.94214,00000000afef4555,8.38
2412,2019-08-04T11:06:06Z,9f1920350685b4cb747c535ba3c3dc1cb29587668bd507ab96e5692f,60.16629,24.95957,00000000fb7600be,20.28
2413,2019-08-04T11:06:06Z,a066e2044b486819fe2185765f63ed87f8d10c502f26a01be1f1a758,60.149,24.9843,00000000fffb8cf0,33.81
2414,2019-08-04T11:06:06Z,a0ec1a8d581f94e640a6858a674699d2464ec065e6faea9d4ce2a13b,60.16762,24.95415,000000006b44cce7,13.75
2415,2019-08-04T11:06:06Z,a25b897b52089b243421b68349d3f15e60ce8249d11c889a4626bfc7,60.18203,24.91341,00000000342570c2,23.56
2416,2019-08-04T11:06:06Z,a2f0adf51cb9d2a5417cc0797183513a8bbcecfbc717a1b63e42027d,60.16762,24.95415,000000006b44cce7,9.12
2417,2019-08-04T11:06:06Z,a30740fbf4b7e21f6fe2996e9325c90936de161cb2165e87cd96fd35,60.149,24.9843,00000000fffb8cf0,7.05
2418,2019-08-04T11:06:06Z,a3664d77633807788598dd8d4a7ba8caba2c31bfdcb6ba83651d4e7e,60.173,24.92524,0000000096918cfa,31.5
2419,2019-08-04T11:06:06Z,a3c1a4a58b9381c27b1d5076e0d8d72039afccfb0e58438a80247324,60.16762,24.95415,000000006b44cce7,14.89
2420,2019-08-04T11:06:06Z,a44eda7b8ec58e1cd7c078a73c4da7fb0037d59453aa6bfe69b7cbdd,60.16762,24.95415,000000006b44cce7,7.05
2421,2019-08-04T11:06:06Z,a488d8700d0761c51d771677bb82a9a5bbb86e97e0d5835aeff65d2b,60.16629,24.95957,00000000fb7600be,17.4
2422,2019-08-04T11:06:06Z,a50e0bb8fd1ad4ad264c3246b210a0c6285faae591c1bd2c2c3458af,60.16829,24.94214,00000000afef4555,12.69
2423,2019-08-04T11:06:06Z,a5835ce352a1e6d8fb6bdc410fae1076c756f7dac8e202465add9277,60.16762,24.95415,000000006b44cce7,13.75
2424,2019-08-04T11:06:06Z,a5d632ac8ffc19a626de034d3c9444fd262ee6edada285c816ea9266,60.16531,24.9442,00000000fdda10fe,5.91
2425,2019-08-04T11:06:06Z,a764c2246c85b2b0aa79e581e2fe238da93de098abbb90aee24c11ca,60.16829,24.94214,00000000afef4555,23.56
2426,2019-08-04T11:06:06Z,a80fe50725ab5a84d231e40a8544a8ffb4dca218d9e4d930b24c8809,60.16544,24.95398,0000000038d83d41,27.28
2427,2019-08-04T11:06:06Z,a98fc06dc605583814a2aa182295b88f81657ef2daeee7aaec792e7c,60.16762,24.95415,000000006b44cce7,8.38
2428,2019-08-04T11:06:06Z,aa4547c0b6b8be30776e08d524ceeacfbc9930ad720e11fa4cb20882,60.16531,24.9442,00000000fdda10fe,2.08
2429,2019-08-04T11:06:06Z,aa45859d6157e9e86470ec8b81957acc35bafb1b7f419d79357a38cf,60.16829,24.94214,00000000afef4555,7.05
2430,2019-08-04T11:06:06Z,aa5e2805ac91707a9e8de48bade5510f72d95136ec930e052d9cada8,60.16762,24.95415,000000006b44cce7,12.69
2431,2019-08-04T11:06:06Z,ab1377ddf669bb806f8db586f4ce5ab9f0f4257dda61fe800d8509f5,60.17065,24.93641,000000000f4919c9,36.27
2432,2019-08-04T11:06:06Z,ac4679e3db131ec2ea8e1111c8aa0d71020cf8796ecb11f142478394,60.14947,24.91438,000000004ef3150d,4.5
2433,2019-08-04T11:06:06Z,ac5c7e04b55d6d70659e5b8f4705309b9367c78a0edb7ce85f42c181,60.1538,24.95595,0000000038bf9618,33.81
2434,2019-08-04T11:06:06Z,ac921373f49635f5207c61b2f91377ca1cd682be527d3b5fbc78ed7b,60.16829,24.94214,00000000afef4555,31.5
2435,2019-08-04T11:06:06Z,acb3f63fe0879b2640a9d68a248a15f85777e30652945d7740bb95f4,60.16762,24.95415,000000006b44cce7,10.78
2436,2019-08-04T11:06:06Z,ae2143f0fab3405d38da14312fd801d7d7524534cd3ffeadc631feb0,60.149,24.9843,00000000fffb8cf0,25.36
2437,2019-08-04T11:06:06Z,ae3cda5066e455d4b1e58860e8fb7a35efad69b9964a676b476b0687,60.14947,24.91438,000000004ef3150d,3.09
2438,2019-08-04T11:06:06Z,b02a0be9ec3a2bb1acba16daee232202f9a06ac84e0dcc9a80dddf6a,60.16762,24.95415,000000006b44cce7,4.5
2439,2019-08-04T11:06:06Z,b1c791393755b3a6cf855041dda801414371c7d2eccb1a6a31d1e530,60.16829,24.94214,00000000afef4555,13.75
2440,2019-08-04T11:06:06Z,b2298fc6f63c02481610f9aef24f1a0c1711c255adc43c0fe135c1ca,60.14947,24.91438,000000004ef3150d,14.89
2441,2019-08-04T11:06:06Z,b26d0daac9f8fb84484cbd8ed668aeb6751e848b1c533a307d163360,60.16762,24.95415,000000006b44cce7,7.69
2442,2019-08-04T11:06:06Z,b3266ecf36a984b814e1b2d31b447438bd948a9c116721480104792f,60.16829,24.94214,00000000afef4555,16.1
2443,2019-08-04T11:06:06Z,b364afaf81164cbf2af22967b068e3f61253af381895a3a452fc9e57,60.16762,24.95415,000000006b44cce7,11.7
2444,2019-08-04T11:06:06Z,b50b3c2006581bccfeaa9ea964649350c7d5b8177baa29a37e628584,60.14947,24.91438,000000004ef3150d,18.79
2445,2019-08-04T11:06:06Z,b59631b8902194c916f7d3ddcc02d4200a3de0380fa554d87e6856c0,60.17002,24.94407,000000006b087f40,27.28
2446,2019-08-04T11:06:06Z,b5cdbcdc30e0bf653ce353c867708b0067db5e394c8cbe848d978a77,60.14699,24.922,00000000a53ed894,8.38
2447,2019-08-04T11:06:06Z,b5f80d159e59c4558e49ea6fb68f6bc72ee9eb92bee60991bdf4e46f,60.16762,24.95415,000000006b44cce7,18.79
2448,2019-08-04T11:06:06Z,b601cd655bb9f05aa6ec86fc9eb9300c3bc20bc0e856e94ad168a257,60.14947,24.91438,000000004ef3150d,5.91
2449,2019-08-04T11:06:06Z,b67f020b0677cdc52c864f559306fb750cdf47ce2eee6503a3cedb3a,60.16629,24.95957,00000000fb7600be,25.36
2450,2019-08-04T11:06:06Z,b8f5834e6b992cf5568ae3153fb4b07e97b7f6dd01250851134c1824,60.149,24.9843,00000000fffb8cf0,20.28
2451,2019-08-04T11:06:06Z,b9447a524f5b5bf98585b27b92195b09869ee9cd9da3cf8d2b59c57d,60.16829,24.94214,00000000afef4555,8.38
2452,2019-08-04T11:06:06Z,ba288a5fd2befbc9ed08e7876ad7cb2bd8bfe6f5756d2ffe8e2dc558,60.17002,24.94407,000000006b087f40,8.38
2453,2019-08-04T11:06:06Z,bc07df8cc395f6f4f5d483b2233caca5f93a6918f346e4cc3702f8cc,60.16531,24.9442,00000000fdda10fe,21.87
2454,2019-08-04T11:06:06Z,bd1611dad126fe24280d74afb7bea8f8b9046e90bb9932a656cac196,60.16829,24.94214,00000000afef4555,21.87
2455,2019-08-04T11:06:06Z,bdc8bd416444be70683b3475302093428e4abe14284e9579617fe8ea,60.1638,24.96846,00000000d747f075,23.56
2456,2019-08-04T11:06:06Z,bf1bf5222ce141fbaa484d3bbf568d521b90699d69ec5fc413c9d716,60.17002,24.94407,000000006b087f40,20.28
2457,2019-08-04T11:06:06Z,bf4235c977b63f07c70679988ae6990db3734c8bde50741c636155b9,60.16762,24.95415,000000006b44cce7,7.69
2458,2019-08-04T11:06:06Z,bfd5c2630b36fde15de01ea74e598d035402cf1edb7c9230617927e0,60.16762,24.95415,000000006b44cce7,3.09
2459,2019-08-04T11:06:06Z,c012e9e2caf1002d24e53817bb1279becdfc4aa9dba085e93ddd88e9,60.17002,24.94407,000000006b087f40,20.28
2460,2019-08-04T11:06:06Z,c239e27b985c23449b6aa84b78560b1b4e535975f3ba059d7987efe4,60.16762,24.95415,000000006b44cce7,3.4
2461,2019-08-04T11:06:06Z,c2407109364cb5b4532b1be056dd99442fc75583cbae715f34507a05,60.16762,24.95415,000000006b44cce7,18.79
2462,2019-08-04T11:06:06Z,c26838ba90ff36e1d86e327d1623e206734b7c8db8e463218bd43123,60.16762,24.95415,000000006b44cce7,5.41
2463,2019-08-04T11:06:06Z,c295586f7beda12838a6631ba525676d39d7d054c321b62de8c8c3d2,60.16629,24.95957,00000000fb7600be,20.28
2464,2019-08-04T11:06:06Z,c2cc33e5b1b8d254d4bcbc0ffa13c9200676a39a191cc31a38d28d8d,60.17065,24.93641,000000000f4919c9,9.12
2465,2019-08-04T11:06:06Z,c2e135ad2c160277e290705658ac41d7cd35b11ebf61d829fdd0b428,60.14699,24.922,00000000a53ed894,7.05
2466,2019-08-04T11:06:06Z,c45e3c4e8ec0fc85457d3b4ed4c49ed0116b4cf447e2983f353abcd8,60.16829,24.94214,00000000afef4555,25.36
2467,2019-08-04T11:06:06Z,c4c3ad738ca47920bb66939f620126c87f730c644813158554916827,60.16762,24.95415,000000006b44cce7,20.28
2468,2019-08-04T11:06:06Z,c55894159f2080031cda702c78ee54463c3c15ab1b3638afdf687f08,60.16531,24.9442,00000000fdda10fe,2.8
2469,2019-08-04T11:06:06Z,c6b0ea433c3fdc73e0bac7e3faa2690506c4e8ec7fc54210446a7ffa,60.14947,24.91438,000000004ef3150d,8.38
2470,2019-08-04T11:06:06Z,c7ced11121537f55bcd7d7ab67312226dafe7c85320c5357a35d5ab7,60.17002,24.94407,000000006b087f40,17.4
2471,2019-08-04T11:06:06Z,c990a15d27cfc21e63b7c96b95949254f1194e8b27118386a589e2bd,60.16897,24.95222,00000000aa852af1,13.75
2472,2019-08-04T11:06:06Z,cb2f32be2e27fc44ead887ff7f76c0199bf68b2c6711e6880f4acd01,60.16762,24.95415,000000006b44cce7,4.11
2473,2019-08-04T11:06:06Z,cb37b8fad0bc758cf37d7ea1052f3a98f29282ae37ec635d6eb2c511,60.16762,24.95415,000000006b44cce7,7.05
2474,2019-08-04T11:06:06Z,cd7d0e9404c9f4e8fab0742460b9acb4d5bbb97f44df80d4a8b973cd,60.17002,24.94407,000000006b087f40,6.46
2475,2019-08-04T11:06:06Z,d04b5065ec93818b731141027d11e6a1cf53de69b9737d7aea0c34da,60.14947,24.91438,000000004ef3150d,9.92
2476,2019-08-04T11:06:06Z,d09310020224f0dde4e9f62595b66c66af964fc07015ab2b416dc932,60.16544,24.95398,0000000038d83d41,23.56
2477,2019-08-04T11:06:06Z,d0bb294e434cf3d7a5fd391e049fb5412e08b24594a614893480b5f9,60.17002,24.94407,000000006b087f40,16.1
2478,2019-08-04T11:06:06Z,d2035ce81fa46947bdf02a20f297b2df4144c7c0931db02ab0164fa6,60.14947,24.91438,000000004ef3150d,29.32
2479,2019-08-04T11:06:06Z,d2fd0c6415d2d8e49fef3415fb8747b524191b4400a4fbb66428cb12,60.14699,24.922,00000000a53ed894,13.75
2480,2019-08-04T11:06:06Z,d3910de7df50d93311da3c44a80ec2a60325db1914938b1bcd3c047c,60.16762,24.95415,000000006b44cce7,13.75
2481,2019-08-04T11:06:06Z,d4c9ea46d58288bf42808788e668072465d91dd3c874a8a51de5794e,60.16897,24.95222,00000000aa852af1,9.12
2482,2019-08-04T11:06:06Z,d6685a30a101ad368048df2c611064b23ebb1de3a6e93d8beca19836,60.16897,24.95222,00000000aa852af1,29.32
2483,2019-08-04T11:06:06Z,d6a8c97f1ec18c7a90d3beae358bad67f8d53626258a852e15b08c5d,60.14699,24.922,00000000a53ed894,13.75
2484,2019-08-04T11:06:06Z,d71a315bac918f9a18fcd820731e6d9eb54fb0d01c324ca088ef8858,60.149,24.9843,00000000fffb8cf0,13.75
2485,2019-08-04T11:06:06Z,d7416b821dba1c0f495afe215dbe099173aedf90d0084084f6e485ac,60.16448,24.97323,0000000053c6c2be,20.28
2486,2019-08-04T11:06:06Z,d7b3daaab1b36d8d95f7672a0339b99b2a16483fc1c71c5177aeb948,60.16829,24.94214,00000000afef4555,18.79
2487,2019-08-04T11:06:06Z,da2398acaae7f39c7b80c220d4e6917bdc7655f4c71b6e36d06cb859,60.18203,24.91341,00000000342570c2,18.79
2488,2019-08-04T11:06:06Z,db45583e1f7aaaf54e100214986dfc86aa755383e86d361639a5b19b,60.16762,24.95415,000000006b44cce7,4.5
2489,2019-08-04T11:06:06Z,db4d3f81708de827ce30c4130610fd65b4d6d451ca5cf6b0c4e745d9,60.16829,24.94214,00000000afef4555,25.36
2490,2019-08-04T11:06:06Z,dba25c18a94a20a35b9a27ff605b1c40fd45b0263d884645052918e5,60.16829,24.94214,00000000afef4555,20.28
2491,2019-08-04T11:06:06Z,dbd2fa33dbaac339a8c9d8e04576b1088999b9314914676a2247737c,60.1638,24.96846,00000000d747f075,27.28
2492,2019-08-04T11:06:06Z,dc4043efe103db9ce55ad4d987a45cf9821cdc3e63cf7b15b6d48baf,60.16897,24.95222,00000000aa852af1,9.12
2493,2019-08-04T11:06:06Z,dc816e92e4a2eceea03f41fc379fda0e3d57b5d0fbd9a06430432022,60.16762,24.95415,000000006b44cce7,3.09
2494,2019-08-04T11:06:06Z,dc82f9648bb5ba21e766e0923f5fa7ca2d77662ab0edbe22a3d95631,60.14699,24.922,00000000a53ed894,9.92
2495,2019-08-04T11:06:06Z,dd8e0699822b1a8a3f8a91fcb10729f6f7cd0a4736f36dc60974c36e,60.16762,24.95415,000000006b44cce7,12.69
2496,2019-08-04T11:06:06Z,de48adf9d49eb3bc1d61dea4047618f6c77086fc44bd2b535d56504d,60.16762,24.95415,000000006b44cce7,9.12
2497,2019-08-04T11:06:06Z,de71e27b55ef6f2f51f05838a2fcab596f1dd93a14ece5ce4548f5c7,60.14699,24.922,00000000a53ed894,12.69
2498,2019-08-04T11:06:06Z,e01908a975abc95425179eadafdba31d371f1d64674c967686df87a3,60.149,24.9843,00000000fffb8cf0,2.3
2499,2019-08-04T11:06:06Z,e081e4b3252ca91bbf1cbb70faa116d60317fbf3a991a67bc99b4bfa,60.149,24.9843,00000000fffb8cf0,11.7
2500,2019-08-04T11:06:06Z,e0859a9c906151023376d86762070f38ba1b3859e671531b0edac6cd,60.16075,24.95883,00000000f1124bca,23.56
2501,2019-08-04T11:06:06Z,e0d7e8b332ca8514428ab10acf6d3a6b777da62ff8ea3e18d9b32989,60.16762,24.95415,000000006b44cce7,8.38
2502,2019-08-04T11:06:06Z,e1da87aea335bcd04e4c876158b96ebc7ba4206bc216c3aa27a2f4af,60.17918,24.95141,00000000675d5200,9.12
2503,2019-08-04T11:06:06Z,e305610124e16ed1411a221b29ce69a076cc47982efd6c098b0599ab,60.14947,24.91438,000000004ef3150d,21.87
2504,2019-08-04T11:06:06Z,e317340f608c310d966040b48cd7229a40467ef751199a71d7a93063,60.16829,24.94214,00000000afef4555,33.81
2505,2019-08-04T11:06:06Z,e44d7228cecbdb2474e1cc396a6c13943f09c08c19d0ffab1997d509,60.17918,24.95141,00000000675d5200,10.78
2506,2019-08-04T11:06:06Z,e557e164cd52fd817b02cad6587a294d72b0974d9b014ad69ea5e08e,60.17918,24.95141,00000000675d5200,3.74
2507,2019-08-04T11:06:06Z,e5b9b4813c081a31fb498e7f9adb94918c267dfa125c63790c0d9488,60.149,24.9843,00000000fffb8cf0,4.11
2508,2019-08-04T11:06:06Z,e675f053b5e39f622f919daf44b8b27ec63646d34ce88f291a97158f,60.16762,24.95415,000000006b44cce7,16.1
2509,2019-08-04T11:06:06Z,e7988d180194f352fcf752defa2a01904142bcbf71a9afba13cc7470,60.16897,24.95222,00000000aa852af1,18.79
2510,2019-08-04T11:06:06Z,e82fb1b58cd1d81fb46e1dca3b34ae603aa01acb01ef1d8a7178defc,60.16544,24.95398,0000000038d83d41,25.36
2511,2019-08-04T11:06:06Z,e9d59e25b58f33f70aad6832863cb59d7485ca55a1575558f92b74e7,60.16897,24.95222,00000000aa852af1,11.7
2512,2019-08-04T11:06:06Z,ea38d72fbf2215d530a70d6a97dcc603a44b18d4d7ce557a91cb80bb,60.16762,24.95415,000000006b44cce7,13.75
2513,2019-08-04T11:06:06Z,ead2f467899b87bb3227752949a27b808fad94a55a6913fdfe14085d,60.16762,24.95415,000000006b44cce7,16.1
2514,2019-08-04T11:06:06Z,eb09e242059d315d7f929b7befadc641eeddb95492babe81030cbabc,60.16829,24.94214,00000000afef4555,18.79
2515,2019-08-04T11:06:06Z,eb261026c6f65b651ddf21bed629a1e164cfb500d0b78062704ec15c,60.16762,24.95415,000000006b44cce7,7.69
2516,2019-08-04T11:06:06Z,ec485175d2b7a2c53d03bf546aee134c116d998976601b069570c6f9,60.14699,24.922,00000000a53ed894,13.75
2517,2019-08-04T11:06:06Z,eca1a609c675d971fcfba4277d230ccdc2de7805c629b1f5da9cc224,60.173,24.92524,0000000096918cfa,11.7
2518,2019-08-04T11:06:06Z,ecb1735f180422ec69f041cd2782a26c9f07d27a87893b3c30aaa9b7,60.16075,24.95883,00000000f1124bca,5.91
2519,2019-08-04T11:06:06Z,ecf13e9d610ad235409932d263110fd52c69d0f5f39e9ffd3ad8b740,60.16897,24.95222,00000000aa852af1,16.1
2520,2019-08-04T11:06:06Z,ede13c9dc221bbc6c1daf78250fa6547303c06d7606c05ba0bf64547,60.17919,24.95181,000000007b5207b6,7.69
2521,2019-08-04T11:06:06Z,ee81051f10987c5f2ca4f2188c2e87df47f035dfdc62842c4671b11c,60.16629,24.95957,00000000fb7600be,23.56
2522,2019-08-04T11:06:06Z,eea43687eab35d2c386347881796eb1c8279076b9e9642ebc2cd06ac,60.16762,24.95415,000000006b44cce7,9.12
2523,2019-08-04T11:06:06Z,ef15ff71b7dc4c2088249a4fca7e28900ae315245a7a3b4d571bf582,60.16829,24.94214,00000000afef4555,10.78
2524,2019-08-04T11:06:06Z,ef45fdc095ee55730384922266d8fce61de212d3c3df2441ea10e524,60.14947,24.91438,000000004ef3150d,12.69
2525,2019-08-04T11:06:06Z,ef5e495c5f9d3dd9eb22ed5b8faf1cc9e4225d4785ebb26a87d16fff,60.14699,24.922,00000000a53ed894,16.1
2526,2019-08-04T11:06:06Z,f11c02cbebb4049a29f10d2ee6aac8a9ca3b7b9609a39d69463461a1,60.17065,24.93641,000000000f4919c9,20.28
2527,2019-08-04T11:06:06Z,f15bd66e4c0cd72c6b1ba575d523d7878c30a781e6907b19d228368f,60.16762,24.95415,000000006b44cce7,14.89
2528,2019-08-04T11:06:06Z,f196f5f8c08299d290b3bac1944e00bb1f2c90594db66438b0c10e6e,60.16629,24.95957,00000000fb7600be,14.89
2529,2019-08-04T11:06:06Z,f1d44b9d3710849eba7eab0b6646053378aa5f8ee3491ec2522f3c44,60.14947,24.91438,000000004ef3150d,31.5
2530,2019-08-04T11:06:06Z,f2467c8ede6444941158701b7bd9d005beec9ffdb355ce2d8c7a9bfd,60.149,24.9843,00000000fffb8cf0,21.87
2531,2019-08-04T11:06:06Z,f43b8b2cf2c0bd291543858796d75b211d283ab73dcab5ad5dfd0aeb,60.16897,24.95222,00000000aa852af1,12.69
2532,2019-08-04T11:06:06Z,f4537d3a0c1408b022793f60b53e651b2eac6640fa66b9248338e815,60.16762,24.95415,000000006b44cce7,8.38
2533,2019-08-04T11:06:06Z,f4b9fc6acb673aea24fe00dfbe806b81fedab0c2ea82d781f7659ce5,60.16762,24.95415,000000006b44cce7,4.11
2534,2019-08-04T11:06:06Z,f5ffa3dbcdd5592ac31344cb04a7a6d639109a4d6e196fa0df3990dd,60.17065,24.93641,000000000f4919c9,21.87
2535,2019-08-04T11:06:06Z,f613781c416545ec109205ed936921655a677d0e2e3360bf83df896d,60.1638,24.96846,00000000d747f075,38.87
2536,2019-08-04T11:06:06Z,f616fbd0fde8316049c3068ae4368dc9f486f8da4bf5516e9ba82578,60.16897,24.95222,00000000aa852af1,25.36
2537,2019-08-04T11:06:06Z,f77d86d6fcfc6cc5ce50a14177a7100c8967fa5947fc13e3a198e345,60.16762,24.95415,000000006b44cce7,20.28
2538,2019-08-04T11:06:06Z,f78ef2ddbe48b534137498eab56c0a55ec0e0b1d8868e82cb5652a0e,60.14699,24.922,00000000a53ed894,13.75
2539,2019-08-04T11:06:06Z,f7be7d003528c0c0827040a3a3723e49406a5a7c86cb4bc568a830db,60.17002,24.94407,000000006b087f40,13.75
2540,2019-08-04T11:06:06Z,f7d633178895e2c2f25a33d4045d8317cf7691e19593fe4b142182fc,60.16762,24.95415,000000006b44cce7,25.36
2541,2019-08-04T11:06:06Z,f855918d61069661cbf8633b228a5fb9e5cd5ea7b2946bfc5b9fc315,60.16829,24.94214,00000000afef4555,10.78
2542,2019-08-04T11:06:06Z,f9ed4361c378e7c740818b0c356acbffa4a161af2ffbecb803ace9b7,60.173,24.92524,0000000096918cfa,20.28
2543,2019-08-04T11:06:06Z,fa0f842659ccbf444859d2dfa36ea7e58436bbab37ffe91f379d2bf7,60.16448,24.97323,0000000053c6c2be,27.28
2544,2019-08-04T11:06:06Z,fa1579394f4980e1fe11248f7be4e646b601a3d8cdb9361f182d066c,60.16762,24.95415,000000006b44cce7,16.1
2545,2019-08-04T11:06:06Z,fbccaff441d52a5aeba79ca785ef499aa8ce201503787c329885a565,60.16897,24.95222,00000000aa852af1,20.28
2546,2019-08-04T11:06:06Z,fbd28054e4a5478c8ca06f4d682405d1c59bef4853cad413ecb58d13,60.14699,24.922,00000000a53ed894,18.79
2547,2019-08-04T11:06:07Z,004c3624f943830bc6a9f17173a2cd0996622cade5184ad2b9fba729,60.16897,24.95222,00000000aa852af1,4.5
2548,2019-08-04T11:06:07Z,0152988639aaaa9cc27213280c8f0c0c8ec97ae6a45aaaf743c9c25d,60.16544,24.95398,0000000038d83d41,31.5
2549,2019-08-04T11:06:07Z,03e0fc996a589ccdf1871b3c78e089c08c93ba1f2a02d740fb384aac,60.16531,24.9442,00000000fdda10fe,31.5
2550,2019-08-04T11:06:07Z,126e7fa4dd9205201617bdc0c7c346bfb57e1a75d3d7d3d9c260d51b,60.16629,24.95957,00000000fb7600be,17.4
2551,2019-08-04T11:06:07Z,14c7e1511b70f4dd3359cbece1377aebb4d70531f5489eefe53d7c3c,60.16544,24.95398,0000000038d83d41,23.56
2552,2019-08-04T11:06:07Z,16c994bb2e24124a910c247376d16e980a65626a94c4c0aaab27df60,60.16829,24.94214,00000000afef4555,20.28
2553,2019-08-04T11:06:07Z,25a7ff811c3c06e426c7c2cbb0433d9a2a3399b23afecbd35584ab0f,60.18203,24.91341,00000000342570c2,12.69
2554,2019-08-04T11:06:07Z,32dd92b5a658392a4ec84eaf95152ee72258b6b0fb670b97882ac902,60.16829,24.94214,00000000afef4555,7.69
2555,2019-08-04T11:06:07Z,3b5cafe90982db26cf737b2e4cd4275276f6a031bca3b2a1f73023b2,60.14699,24.922,00000000a53ed894,12.69
2556,2019-08-04T11:06:07Z,43b676ed3aef4c2d8846694817e76117873be52e7f788e0cb366c1c4,60.16629,24.95957,00000000fb7600be,25.36
2557,2019-08-04T11:06:07Z,44d0b94469070803869f229601e877beb613c3f5aafa009addf97a1a,60.16544,24.95398,0000000038d83d41,27.28
2558,2019-08-04T11:06:07Z,4774d3de2115f3cfeff91dc17ed763964fe86825629003f82ee45b2b,60.16762,24.95415,000000006b44cce7,3.74
2559,2019-08-04T11:06:07Z,5d65719c4cbf045f068d084b72302f447d5fd034413d97d13be00d0e,60.18203,24.91341,00000000342570c2,20.28
2560,2019-08-04T11:06:07Z,5eed115a984d490b02b602d73787aee8dc8c4e9365b77fbff3818a76,60.16629,24.95957,00000000fb7600be,17.4
2561,2019-08-04T11:06:07Z,69219e9efa41ae9e732653e9eaf08e1a34cb853a9dafe76ddeea4d04,60.16897,24.95222,00000000aa852af1,18.79
2562,2019-08-04T11:06:07Z,6a70e2fbced719333e21eff04fcb9cb36bae9a04d1a3d6ddd96f2c58,60.15432,24.9211,0000000019fb59c4,7.05
2563,2019-08-04T11:06:07Z,85ef35aecf2ff804be3d958b592705ec41c6df9c128c132c65bb283d,60.16897,24.95222,00000000aa852af1,20.28
2564,2019-08-04T11:06:07Z,87dfaad29a9276ddddb1fa021d3bc23ad14824c1af16f7d87e713689,60.14951,24.92138,0000000006dd41f6,9.92
2565,2019-08-04T11:06:07Z,88808fe92573e9cdf022cc15b9689b6b4b9429f60513c8897b0ba4c7,60.16897,24.95222,00000000aa852af1,21.87
2566,2019-08-04T11:06:07Z,8c3b1ed0846e38cc84b863a80540c8a75bfd85c8bdda36563d153110,60.16544,24.95398,0000000038d83d41,27.28
2567,2019-08-04T11:06:07Z,8c75c3289c84fe4493e1e272a77b615fe1985880c5dc68a7c1a17b53,60.16762,24.95415,000000006b44cce7,11.7
2568,2019-08-04T11:06:07Z,9843c6216661048343a0e49cf3d8aa2883cf77f452666a1c873a1052,60.16448,24.97323,0000000053c6c2be,31.5
2569,2019-08-04T11:06:07Z,a13e5d46f0a2d1c6b58878e1b198905e9b14e3a85b5e4adab88b4b87,60.16762,24.95415,000000006b44cce7,11.7
2570,2019-08-04T11:06:07Z,a3758affe1deba4cd791b32946ddeaa26af8b554e4b9673dd258f229,60.1638,24.96846,00000000d747f075,29.32
2571,2019-08-04T11:06:07Z,b5fd6b317890e5ab2d79e2cd1abe61626d45a753c7337d0d40728898,60.16762,24.95415,000000006b44cce7,9.12
2572,2019-08-04T11:06:07Z,b936e41d8712ae967f3ebb413fc44f060bb10613f95537757886ede2,60.16762,24.95415,000000006b44cce7,11.7
2573,2019-08-04T11:06:07Z,bca443064699e0ac05c40e587aef06d7fd580817e739133a501490bc,60.14699,24.922,00000000a53ed894,20.28
2574,2019-08-04T11:06:07Z,c40c37def6bf11a63a2556519a7c6233fd417cdeea2cf14f28e7c42c,60.16531,24.9442,00000000fdda10fe,44.58
2575,2019-08-04T11:06:07Z,c97eb4181394121907d47b908495f54e5ee5145ff790f7a1dc21b3cf,60.16897,24.95222,00000000aa852af1,11.7
2576,2019-08-04T11:06:07Z,ca6927628f5ddda20036865c9345ad93d476d62ade3b181de568eed6,60.16897,24.95222,00000000aa852af1,27.28
2577,2019-08-04T11:06:07Z,ce197d5eedb5498917afe7ca3f7275ffeb191f0c5d050bffa154c1d2,60.16531,24.9442,00000000fdda10fe,27.28
2578,2019-08-04T11:06:07Z,cf05623e4d87ce0906c0b0b7dbf53aacc1228016cd27c341228b6e76,60.18203,24.91341,00000000342570c2,17.4
2579,2019-08-04T11:06:07Z,cfc0bedb78ded52749db3188cb188bf6a250ef5990da9c5afa9623fc,60.14951,24.92138,0000000006dd41f6,21.87
2580,2019-08-04T11:06:07Z,dbeb00942457ba3c5fb1984b57b1dedb268c0e761e80729b939f1fd8,60.16544,24.95398,0000000038d83d41,20.28
2581,2019-08-04T11:06:07Z,de70f4707e34262e09161e7b3a8459b6f250e5462f70ff48f3178bb9,60.16829,24.94214,00000000afef4555,13.75
2582,2019-08-04T11:06:07Z,e224ae5ea47af2e3048f83b13a1f45dc135c0ca6be72547b01729086,60.1538,24.95595,0000000038bf9618,14.89
2583,2019-08-04T11:06:07Z,e6af35ebe4c87f166821f11fad668537305c0f52d192e9c4d308eaa9,60.16075,24.95883,00000000f1124bca,20.28
2584,2019-08-04T11:06:07Z,e8e366e76c97944e23c0f80b4fd3ce6e5832744922297146a49f0c7e,60.16762,24.95415,000000006b44cce7,11.7
2585,2019-08-04T11:06:07Z,ed70dda6b7faebd4340dacdb452ab224d9d3c308df417b7fa76f54e8,60.14951,24.92138,0000000006dd41f6,27.28
2586,2019-08-04T11:06:07Z,f088630d7476dae7d4b7e2bb1f10575f2c89acb4b6e061f3d57c2b40,60.16531,24.9442,00000000fdda10fe,18.79
2587,2019-08-04T11:06:07Z,f31cfded6f566f9c032c80c52ea642407be312c5d42521ab7a8d3e2a,60.16897,24.95222,00000000aa852af1,17.4
2588,2019-08-04T11:06:07Z,fc4f3a44235f1cfc7b53f14ba2da599976a5a0a220d23b852688e485,60.17919,24.95181,000000007b5207b6,7.05
2589,2019-08-04T11:06:07Z,0043f38f4fb6545d7c033c9a8f8c18106aa0c2c841f28a15dd722e9d,60.14699,24.922,00000000a53ed894,13.75
2590,2019-08-04T11:06:07Z,007540b1ada16f6000987e20cd81a3deb18b2aea4cb95b50e099dcee,60.17065,24.93641,000000000f4919c9,16.1
2591,2019-08-04T11:06:07Z,00dae8e6c0b169e69db1d1435e478728f9318e16ee31ff03e5572236,60.16629,24.95957,00000000fb7600be,25.36
2592,2019-08-04T11:06:07Z,00df07521690a1fb6e56d9506781a9888bb54e5230f6de1be64ba13f,60.14951,24.92138,0000000006dd41f6,23.56
2593,2019-08-04T11:06:07Z,01e47d49d859d6875c51173a8f2159c35733cff5d2c3e5044b4b42d1,60.16829,24.94214,00000000afef4555,9.92
2594,2019-08-04T11:06:07Z,0236a1d5b9b9d2249407a79705eee38de360ceb0530a8959ba5bc15b,60.149,24.9843,00000000fffb8cf0,18.79
2595,2019-08-04T11:06:07Z,02a354db29cd5bc16976a9d933e03a41be350f9cc78098829a7dcfd4,60.14947,24.91438,000000004ef3150d,17.4
2596,2019-08-04T11:06:07Z,0656a0c0a353f164b57fbdd9e648d71fab429964d97ed07ab2c5dc30,60.18203,24.91341,00000000342570c2,18.79
2597,2019-08-04T11:06:07Z,08833115ba0f62666fee594662c171563759459bb5f65ffdfeaeaed1,60.18203,24.91341,00000000342570c2,25.36
2598,2019-08-04T11:06:07Z,08b10b51864dc039f0a07c997e66e7a263ee1cde5b0b88b2a1178c58,60.16829,24.94214,00000000afef4555,16.1
2599,2019-08-04T11:06:07Z,08f2504e6f9cdbf44ffa8f209ba89f02fa0d189b505db10c09089f83,60.16762,24.95415,000000006b44cce7,13.75
2600,2019-08-04T11:06:07Z,096c3b0de1dab1407cd4d3330546404c0d62ce025924420496380f89,60.16762,24.95415,000000006b44cce7,13.75
2601,2019-08-04T11:06:07Z,0b45b52bc137c31ce83561c857f809296ec70f5537976a4a4d573d4f,60.16829,24.94214,00000000afef4555,9.12
2602,2019-08-04T11:06:07Z,0c959027ce302054b09087cac97a83aa7e24fb9e4fa2710763f912cb,60.16829,24.94214,00000000afef4555,3.74
2603,2019-08-04T11:06:07Z,0d2490ed58c11eb4a754a30cc4bcb21c7243d322a2caf7cc360e4e8c,60.17065,24.93641,000000000f4919c9,11.7
2604,2019-08-04T11:06:07Z,0d9d2eb54620aa7d633bf8683ffb0f5ccf6a2c3bf8dfe58092143c5e,60.149,24.9843,00000000fffb8cf0,29.32
2605,2019-08-04T11:06:07Z,0e113c5ed3abcdfb31d27c3125f6cf01e3b96e4ed7eca1aaea855f77,60.14947,24.91438,000000004ef3150d,20.28
2606,2019-08-04T11:06:07Z,1067b041807277ecf9cea5b55c265a37808239544e559e2cfdfcb3ce,60.16762,24.95415,000000006b44cce7,3.4
2607,2019-08-04T11:06:07Z,1107822441d53ff89eb9cb0d022a37202aed47bd82dca4bc175d6837,60.16762,24.95415,000000006b44cce7,14.89
2608,2019-08-04T11:06:07Z,116e59da308964e8eb82cb6e5a758aad726ec3800f0fa17bc661e8fe,60.16762,24.95415,000000006b44cce7,8.38
2609,2019-08-04T11:06:07Z,1327ce24f157334f864f913637993c80380ce5f5c911e4b0d31c5eb7,60.149,24.9843,00000000fffb8cf0,2.8
2610,2019-08-04T11:06:07Z,1374f31e71652faf3e69316a295c22d59e560f15e35f42b003a89222,60.14699,24.922,00000000a53ed894,4.94
2611,2019-08-04T11:06:07Z,1556d4a76070c26554efa12b4b9c53766a4cc394e8b74ee37f2fff65,60.17065,24.93641,000000000f4919c9,17.4
2612,2019-08-04T11:06:07Z,169c77f0d714e38eb1e798b14fa42ce3fefb0ec1d6f9e93a38a872f1,60.16762,24.95415,000000006b44cce7,7.05
2613,2019-08-04T11:06:07Z,1921be9815a57f11f291ca085add7b4bf1d044518b03b725df7cf7d5,60.149,24.9843,00000000fffb8cf0,41.64
2614,2019-08-04T11:06:07Z,19db84758eba08a5f9bb56b0ff91d05286765c8e8dfa31bd0b2aaa1c,60.14947,24.91438,000000004ef3150d,21.87
2615,2019-08-04T11:06:07Z,1a9a0f74c353624c42c19c007e82c9c2547b7285d8353d0e375e3f05,60.14699,24.922,00000000a53ed894,3.09
2616,2019-08-04T11:06:07Z,1c8c3befa38b65f707dd4933a68e5e3c9e7c82592fd382779127416b,60.16897,24.95222,00000000aa852af1,25.36
2617,2019-08-04T11:06:07Z,1ce242f8d8220cd38bf3ea9138c99ae9b2f79b28e68edb864f090ec9,60.149,24.9843,00000000fffb8cf0,25.36
2618,2019-08-04T11:06:07Z,1de509b10ed308796e82bb0f51f17f68e2fdfbcc3d6bed69c40eb7fd,60.173,24.92524,0000000096918cfa,23.56
2619,2019-08-04T11:06:07Z,1fa2c533bba37b249a0105001153733e67a559d40c22cab67f135f64,60.14947,24.91438,000000004ef3150d,3.74
2620,2019-08-04T11:06:07Z,23786c82e2641aed0e0b004658480a212bf0397568e914487819045c,60.16897,24.95222,00000000aa852af1,13.75
2621,2019-08-04T11:06:07Z,23b4a8c7918ca417eab83481a710fd544e1fa8bf7073b5955c0155c8,60.14699,24.922,00000000a53ed894,20.28
2622,2019-08-04T11:06:07Z,23b7c1b09dfbcbf722a4c48303dd0435cf9885a516d5eebb6538844f,60.16762,24.95415,000000006b44cce7,14.89
2623,2019-08-04T11:06:07Z,2535cb5c89ec66044a005b03dd769ca8d0022164a816c06db0e49892,60.16762,24.95415,000000006b44cce7,5.41
2624,2019-08-04T11:06:07Z,2671a156fa8d8bb05970481c8f83bcf9f261f73dae27f2bb9ac88aeb,60.14699,24.922,00000000a53ed894,17.4
2625,2019-08-04T11:06:07Z,2724e42551f43106ea58a8fcc6a43953baa1294cd65e17a90012f706,60.17065,24.93641,000000000f4919c9,1.12
2626,2019-08-04T11:06:07Z,2977d3c4f181abb6662adf1d466a62167e2690a9c94dc53e5aa6a904,60.16762,24.95415,000000006b44cce7,10.78
2627,2019-08-04T11:06:07Z,29f5adc4d67413b7d368e8e94a41cf48339e3f5f0903f660170c4fe8,60.17919,24.95181,000000007b5207b6,14.89
2628,2019-08-04T11:06:07Z,2acbdfb5e555a9668c446767fc5d82728d254a45d17dff85e3342cb0,60.16629,24.95957,00000000fb7600be,25.36
2629,2019-08-04T11:06:07Z,2b340ca3416f2ba214d44853ad0495223a557eb6b61baca53fd7dc54,60.16829,24.94214,00000000afef4555,16.1
2630,2019-08-04T11:06:07Z,2c85e4140ca0ba77c3598ceac05eb2c2342409ce8111c863fc58c606,60.16829,24.94214,00000000afef4555,1.7
2631,2019-08-04T11:06:07Z,2de87ef94604fb63bec05eefb71b6cdd0b9807f8551159c2a35e7259,60.17065,24.93641,000000000f4919c9,6.46
2632,2019-08-04T11:06:07Z,2e6e6f89a7d75f0742d016de203c9acc8d6f6bdeb7b56bd12f482653,60.15432,24.9211,0000000019fb59c4,27.28
2633,2019-08-04T11:06:07Z,2fe2e4165984d7880628aec591ce4747f18947da70312e6afca2946b,60.14699,24.922,00000000a53ed894,10.78
2634,2019-08-04T11:06:07Z,307479c4fa2d7c84c5a07ca5ee1e7bb4cd17c2e8a97cf8c94e34cac9,60.16762,24.95415,000000006b44cce7,29.32
2635,2019-08-04T11:06:07Z,30bee351808d5e8082ce012b57f5bc0efc80f8394491a182e0eeee32,60.17918,24.95141,00000000675d5200,10.78
2636,2019-08-04T11:06:07Z,3226c88241c6ac9d643c1843f44b6e5ee10df5f15a695e360582a9be,60.16829,24.94214,00000000afef4555,18.79
2637,2019-08-04T11:06:07Z,32f77f5019e5fce30881c214487361e2e34b8c93277f6e546de72012,60.1638,24.96846,00000000d747f075,25.36
2638,2019-08-04T11:06:07Z,33a5da4eacfc49fefa067790c9fada1a86d9793367ded845a46f0779,60.16829,24.94214,00000000afef4555,18.79
2639,2019-08-04T11:06:07Z,3417d8a6b53687e70f126ebeb1d26a2ff6369dc9a551c3c35c5a04f9,60.17002,24.94407,000000006b087f40,14.89
2640,2019-08-04T11:06:07Z,34cf37df412ff36df19ebe47ecdd31e5a22355a1fa723a748ac901fd,60.16762,24.95415,000000006b44cce7,9.92
2641,2019-08-04T11:06:07Z,35f337dd3baf0bc08002ec007d609b685ac29bb2a8bcad6783532a6b,60.16829,24.94214,00000000afef4555,20.28
2642,2019-08-04T11:06:07Z,3670a148a52771f0ff5af161725f65b86873c09eea1a7697861c0438,60.14699,24.922,00000000a53ed894,16.1
2643,2019-08-04T11:06:07Z,374083907dd8980893623726af5633afd59b519c885ad12ba5c674eb,60.17002,24.94407,000000006b087f40,6.46
2644,2019-08-04T11:06:07Z,386dea4944e0b83648b4b6faf510fd47b0e9e29a2bb9311fe8a80ee2,60.17918,24.95141,00000000675d5200,13.75
2645,2019-08-04T11:06:07Z,39c75ec87b1dbd9865939b27695811070c5256630eeaebbe35743986,60.16829,24.94214,00000000afef4555,25.36
2646,2019-08-04T11:06:07Z,3a23443662298e2601a38a20bcb69744211c52d9735d50c80d553ff4,60.16897,24.95222,00000000aa852af1,21.87
2647,2019-08-04T11:06:07Z,3ac85712ab657e849113d439795c4e7325d1025cacdbd9a41174b031,60.17002,24.94407,000000006b087f40,14.89
2648,2019-08-04T11:06:07Z,3ac9d056b0f04f774b238a125eb996d46437f7a8c5f6ba6712e971cf,60.17918,24.95141,00000000675d5200,20.28
2649,2019-08-04T11:06:07Z,3ae1d5a2268ac1af52ba8b54fb28f81c00fa05884af8b8ca5e7e0e9a,60.16762,24.95415,000000006b44cce7,13.75
2650,2019-08-04T11:06:07Z,3b355c039877bd4883845f3fc6ad8dd6f41f170274042f1397585680,60.149,24.9843,00000000fffb8cf0,14.89
2651,2019-08-04T11:06:07Z,3b5030adc7c303403a6333a1a6d35474c2f21c1d20ece72180660423,60.14947,24.91438,000000004ef3150d,12.69
2652,2019-08-04T11:06:07Z,3bd8214bd5284efaf354ec2a0dd2847f6051ceaace6a2691ff085d3d,60.17065,24.93641,000000000f4919c9,23.56
2653,2019-08-04T11:06:07Z,3def82d0c32975cfe07fefd6e8657ace8f6c3628e47684e91f4d747a,60.16829,24.94214,00000000afef4555,25.36
2654,2019-08-04T11:06:07Z,41fffd70db0364ae9e08f76f74848590a4ed6784433df3a7ff00d7a5,60.16762,24.95415,000000006b44cce7,17.4
2655,2019-08-04T11:06:07Z,432958e5f91b194ed39814ae223cb394d224ebfb26e5c1a5e587ae41,60.16448,24.97323,0000000053c6c2be,25.36
2656,2019-08-04T11:06:07Z,44cd8828dd4aa11ea599139af3d3aafbcd09ca0c2558f26ed1c72e17,60.14699,24.922,00000000a53ed894,18.79
2657,2019-08-04T11:06:07Z,4538bf4d0ca02f13fad76c46f7b34e72978c49b0cdfe4ea9fe151a50,60.16762,24.95415,000000006b44cce7,5.41
2658,2019-08-04T11:06:07Z,45974834f8580a2d279e57d00bf84ad9b79ed02d5ca9d945c40a8e36,60.16762,24.95415,000000006b44cce7,10.78
2659,2019-08-04T11:06:07Z,47cd1dcac88434ffdc4b868e7f1d8d8a604700564bc83a7c0a3928be,60.16762,24.95415,000000006b44cce7,12.69
2660,2019-08-04T11:06:07Z,47f787c639f2eed345eb5dca409ffcd989850399a1ab781500dd6e82,60.17919,24.95181,000000007b5207b6,4.94
2661,2019-08-04T11:06:07Z,4800d49ec59e1cde34360defcce4c2a0c6a58919303c1fe6fdebceec,60.16762,24.95415,000000006b44cce7,7.69
2662,2019-08-04T11:06:07Z,4831311b6d19ecce7981d060fe0971ac961bdfa5a006de633cd38a95,60.16531,24.9442,00000000fdda10fe,29.32
2663,2019-08-04T11:06:07Z,4833b1ea4f519407574f5a838d93a39de28c756c5f53de7ee273b577,60.14947,24.91438,000000004ef3150d,7.05
2664,2019-08-04T11:06:07Z,49084ae4b6419be9e7bb0c9b1420142e07d6ac3c17c07c26895461ed,60.16829,24.94214,00000000afef4555,13.75
2665,2019-08-04T11:06:07Z,49b391c05bd4e5231579392d798036a0139a8ea4e4d4509a7cb3901f,60.16829,24.94214,00000000afef4555,10.78
2666,2019-08-04T11:06:07Z,4a54cbed9c373a4136f8851f3f5736eb2fadd5766d316eb5ebbdd231,60.17918,24.95141,00000000675d5200,13.75
2667,2019-08-04T11:06:07Z,4ae4a5331747d994953667cd06d4c999d9cf71885574c3cc473620f8,60.16897,24.95222,00000000aa852af1,17.4
2668,2019-08-04T11:06:07Z,4cf634fc84e128c3b9bce07a4b726d136e18f0eea4229fdbb48f6db1,60.16897,24.95222,00000000aa852af1,10.78
2669,2019-08-04T11:06:07Z,4d31b0561dbfc9ef5acbd44ba92acb4ca7bad86b948634f005173ece,60.14699,24.922,00000000a53ed894,17.4
2670,2019-08-04T11:06:07Z,50a06af190dfb27cbd4d6ca55980b1379ec795af8b9e5ebc00d73257,60.16762,24.95415,000000006b44cce7,9.92
2671,2019-08-04T11:06:07Z,52daa31a2b3c1c07f78d96ebb4de3a965da5ef0a8035afbd0f7451fb,60.16531,24.9442,00000000fdda10fe,29.32
2672,2019-08-04T11:06:07Z,542a405b620e6d166ecc5eadd979b3936d831cea3aa7b75316adb4ca,60.16897,24.95222,00000000aa852af1,27.28
2673,2019-08-04T11:06:07Z,54d53f276563f566e1cd61b100408412cf78b4fe9fcada830aa6e23b,60.14947,24.91438,000000004ef3150d,7.69
2674,2019-08-04T11:06:07Z,5518b2315c236d486c7a5a4fc27c44987672b2f9a0751ffdaa9cbf78,60.16829,24.94214,00000000afef4555,7.69
2675,2019-08-04T11:06:07Z,56101419005237b836e4ed14d91dfa6f9edc4c92b5fcb419943897bb,60.16762,24.95415,000000006b44cce7,9.92
2676,2019-08-04T11:06:07Z,56318cc7f3616fceec2564cbb1f6ca8b88ea861935a1ada93aafd7b0,60.16897,24.95222,00000000aa852af1,16.1
2677,2019-08-04T11:06:07Z,571934189bf349efb6f596e76c21612cf9b82ed44913090169936048,60.17065,24.93641,000000000f4919c9,16.1
2678,2019-08-04T11:06:07Z,579ea129e99082446da0a3f358091546de1f8b2db0feb92b86d25a89,60.149,24.9843,00000000fffb8cf0,20.28
2679,2019-08-04T11:06:07Z,58ee8fd47328b1c696ec343920f2c0353d19a915924eb6f6f2638e56,60.16762,24.95415,000000006b44cce7,5.91
2680,2019-08-04T11:06:07Z,5a755f0653ee0e334448418099ed85023db0a9984c280cfbadd74160,60.173,24.92524,0000000096918cfa,23.56
2681,2019-08-04T11:06:07Z,5d1a06a2f2536539d5cec19312d4b71ac6096ed0d84ef850b95c01ec,60.17065,24.93641,000000000f4919c9,17.4
2682,2019-08-04T11:06:07Z,5e1b81ba9814d7b5cb5e067b8278209360ca1db4a0230562e652dc0c,60.16762,24.95415,000000006b44cce7,10.78
2683,2019-08-04T11:06:07Z,6022019a95573b888ca7b3161da098935ea0ad7793437ee40a32a5f3,60.14699,24.922,00000000a53ed894,23.56
2684,2019-08-04T11:06:07Z,62d86ee13e6ae7a5c41ffc2de746df72d4ef6e8d2b6a51ce1c68965f,60.16829,24.94214,00000000afef4555,13.75
2685,2019-08-04T11:06:07Z,62e27092b58abcaf80564c408d0d4a7b821abaee92dc2f02ccb11e61,60.16762,24.95415,000000006b44cce7,7.69
2686,2019-08-04T11:06:07Z,631e8cf081f86e4990b1d6935d90abde2d18d9ba81c48f35ac125e21,60.1538,24.95595,0000000038bf9618,29.32
2687,2019-08-04T11:06:07Z,634c8d85357e60613f015add40b3f762f4191a70c627f8e39abf403f,60.149,24.9843,00000000fffb8cf0,50.98
2688,2019-08-04T11:06:07Z,63e498fd789abe431cdf86f184a50616c85717e1efc893da1e1a2222,60.16897,24.95222,00000000aa852af1,23.56
2689,2019-08-04T11:06:07Z,64d10ef0926ecca987bad278990d966d8fac8775f03847d1f5a4a2f6,60.16762,24.95415,000000006b44cce7,17.4
2690,2019-08-04T11:06:07Z,6516dabf89c263b3e81ba60bcba8052b571d4c12484126d3a5f20ef1,60.149,24.9843,00000000fffb8cf0,29.32
2691,2019-08-04T11:06:07Z,658aacab016460cfc38879944e374640737b32d7291a40aed8b8845c,60.16897,24.95222,00000000aa852af1,21.87
2692,2019-08-04T11:06:07Z,6656d2ce0a18f92aca4d99810ecaefe94dbe9a0e2ea987f1702aeecb,60.16762,24.95415,000000006b44cce7,6.46
2693,2019-08-04T11:06:07Z,66755836036c771e53ffd9d0dc09b8575231b53b80af22e868691a2a,60.14699,24.922,00000000a53ed894,3.74
2694,2019-08-04T11:06:07Z,675c19fa88e446a423d3396a15abe22971d1ce207ada2ca102fb7189,60.16897,24.95222,00000000aa852af1,18.79
2695,2019-08-04T11:06:07Z,69158bfbcf8399435cc52d623b530dc75089182b7ab05efb64e64021,60.15432,24.9211,0000000019fb59c4,29.32
2696,2019-08-04T11:06:07Z,69852d528034ea6fc746ed8942c32f1c90bc33a7a7317dfac3c9b1c1,60.14699,24.922,00000000a53ed894,10.78
2697,2019-08-04T11:06:07Z,6990b912b53e2278e4a3d421330e44169d05b275ad57d86ff4ad1615,60.14699,24.922,00000000a53ed894,18.79
2698,2019-08-04T11:06:07Z,69d8c906060e226ff0f0f7e78029575f2ee07ebec657a3b641419268,60.14699,24.922,00000000a53ed894,5.41
2699,2019-08-04T11:06:07Z,6a51a472177d8079f982059a1157769e89796f553d950d1d27eb4283,60.17065,24.93641,000000000f4919c9,23.56
2700,2019-08-04T11:06:07Z,6ac1903c80e63433e4bc744dc0e801bff647117d38d3753fb9a6a4c1,60.173,24.92524,0000000096918cfa,10.78
2701,2019-08-04T11:06:07Z,6ac8fdd67b3dd11f0bae935f3a285880138382088238b97f511d3f12,60.16897,24.95222,00000000aa852af1,20.28
2702,2019-08-04T11:06:07Z,6c97da4ba9462e7fe786a472989dab23340d31809dd78d5617204da4,60.16829,24.94214,00000000afef4555,20.28
2703,2019-08-04T11:06:07Z,6e492dbc3f10157e7ff00826a839a97262ab36244ccc57b702a89999,60.16531,24.9442,00000000fdda10fe,3.74
2704,2019-08-04T11:06:07Z,70865ff0fd32dc9fc73f25e929a40535a717664003e66c14224a9d90,60.16762,24.95415,000000006b44cce7,11.7
2705,2019-08-04T11:06:07Z,70cc7b0a8e166380ca0fbc55a58d9a59c9de9f05a9f95ebb82482d5a,60.16762,24.95415,000000006b44cce7,16.1
2706,2019-08-04T11:06:07Z,70ffae2b8178e0915c5de7816f8dd8bcc3af745ee49df8ac4da4adba,60.17918,24.95141,00000000675d5200,16.1
2707,2019-08-04T11:06:07Z,714e80a1e3c0fee43e312f314b2faec47e582ee8dac47e4818dbc2f9,60.149,24.9843,00000000fffb8cf0,9.12
2708,2019-08-04T11:06:07Z,71516fc8349cfaf2b5c4ab80ade6078494d93d13e9953af15e5ced30,60.18203,24.91341,00000000342570c2,25.36
2709,2019-08-04T11:06:07Z,730d975773cc8c9c07ff88fb87377ff64a961a96e9237e59859fa46f,60.16762,24.95415,000000006b44cce7,10.78
2710,2019-08-04T11:06:07Z,738973c9b5f9882f29075e47ca10e50ba3fb9883da779f41545175f4,60.17918,24.95141,00000000675d5200,7.05
2711,2019-08-04T11:06:07Z,74c2ec2adc228e5b4979284d730fd2de698242f0f06d90f870b8cde6,60.16762,24.95415,000000006b44cce7,1.7
2712,2019-08-04T11:06:07Z,7552783317be1ef797980c3a9ee9c5967d4e7b32765f23c51ffda02d,60.16897,24.95222,00000000aa852af1,25.36
2713,2019-08-04T11:06:07Z,75d452cbba63995ad06213b577081e8db650c80b3a78060789a8e831,60.16762,24.95415,000000006b44cce7,6.46
2714,2019-08-04T11:06:07Z,79249857aa88aacfdce42eef6ed8e8bcca6a4550672e5d4552c120d0,60.16762,24.95415,000000006b44cce7,13.75
2715,2019-08-04T11:06:07Z,79773ee1ebdf8252053d8ffb326b77bb05a7cdb76041102e73d3767c,60.16762,24.95415,000000006b44cce7,10.78
2716,2019-08-04T11:06:07Z,79bde23c1a8980f93a65e14306f0d8ea89e164430d8b991e2bfee82e,60.16531,24.9442,00000000fdda10fe,13.75
2717,2019-08-04T11:06:07Z,7a7443a2060675f4b9755ab53cca1f1053bdfe0e4f98acd95b61544b,60.17065,24.93641,000000000f4919c9,29.32
2718,2019-08-04T11:06:07Z,7afc351f0ed7619c18c64ab06971196bb53d53e2d460151ab711bc0f,60.16762,24.95415,000000006b44cce7,16.1
2719,2019-08-04T11:06:07Z,7bb434564bd2430d4e1fff5a245098d487317d3e7e7edde956307d45,60.14951,24.92138,0000000006dd41f6,25.36
2720,2019-08-04T11:06:07Z,7bdbfc042dd024cb5630bef515de25ef67819b5acb44ef00df4695d4,60.149,24.9843,00000000fffb8cf0,18.79
2721,2019-08-04T11:06:07Z,7c55ecf165387948602e82b684a55be093691849fde2d96ad6574475,60.17065,24.93641,000000000f4919c9,21.87
2722,2019-08-04T11:06:07Z,7de4ba54f0d667a69cb0b6d625856bc6b040f51a42f91beae366a269,60.16762,24.95415,000000006b44cce7,5.91
2723,2019-08-04T11:06:07Z,7dfa6e7cf01f0844d688e6803e55570d995593db8c55703e83520c90,60.16829,24.94214,00000000afef4555,29.32
2724,2019-08-04T11:06:07Z,7e78b2348d9576c63ebb626030ee9d43e2bf07e860782adf3f1c452b,60.16829,24.94214,00000000afef4555,8.38
2725,2019-08-04T11:06:07Z,7f95126e2fe39b74b61f9df1002b58453d22fe79458cebfeed9b9982,60.16829,24.94214,00000000afef4555,12.69
2726,2019-08-04T11:06:07Z,822590bd49bcf7ed4de4f8389586915c343b29c4283ff8b90d7c1d39,60.17065,24.93641,000000000f4919c9,11.7
2727,2019-08-04T11:06:07Z,82ac749474448abac333d00869cb8b508872f86293913d95eae26a05,60.15432,24.9211,0000000019fb59c4,6.46
2728,2019-08-04T11:06:07Z,82cddd3b9f58762d36efe78da4e2722ee587cfdb3fdbc58b52673082,60.16629,24.95957,00000000fb7600be,18.79
2729,2019-08-04T11:06:07Z,842340aa39a680a5c969b20db5027c8e1b123077045e8046a997391a,60.16448,24.97323,0000000053c6c2be,29.32
2730,2019-08-04T11:06:07Z,844b8ad6ebf530978d1139d527a681991f4d3eed6be5bc723f0b2192,60.16531,24.9442,00000000fdda10fe,1.01
2731,2019-08-04T11:06:07Z,8452ada2a714598cdd911988eec301cf7bccb236b29686e0e8b1d0ed,60.1538,24.95595,0000000038bf9618,25.36
2732,2019-08-04T11:06:07Z,849d6a476563b352092dcda35e816833b571b7f630e7ff8617d9b7da,60.16829,24.94214,00000000afef4555,16.1
2733,2019-08-04T11:06:07Z,87ea10367f1569e575dc4bc60f0f4238eafb52ba8a2cc8e5e4584232,60.16829,24.94214,00000000afef4555,21.87
2734,2019-08-04T11:06:07Z,87f4cf4baea8c5dfe1bc7812cc969574058bd4d2dda215192bcfc53f,60.14699,24.922,00000000a53ed894,4.5
2735,2019-08-04T11:06:07Z,886032718e05487be8bd75bb14464814044c7edd7f9a2198304f6fb4,60.16629,24.95957,00000000fb7600be,18.79
2736,2019-08-04T11:06:07Z,88ee7d98af3d9470df5daf433cfa0405f6225cb56b98b7c48d260fd4,60.17002,24.94407,000000006b087f40,7.69
2737,2019-08-04T11:06:07Z,89df1daad350e46d526e113019214d2e1a19d8f48da761bb3583399b,60.16762,24.95415,000000006b44cce7,7.05
2738,2019-08-04T11:06:07Z,8f3d9ab893ae4a48fd3417f3a749c21e792779990ae0ad75a8f211de,60.1538,24.95595,0000000038bf9618,29.32
2739,2019-08-04T11:06:07Z,90a7a2779a546d0a67f676fbd33964bfec098cc7d3c6617a5c0f6b88,60.16762,24.95415,000000006b44cce7,4.11
2740,2019-08-04T11:06:07Z,91602a694bc74a2874ba7f02a7bae062a3a77cd869b86a74800415b8,60.17918,24.95141,00000000675d5200,12.69
2741,2019-08-04T11:06:07Z,922a255faab8fa07938e1681a3486985f3a0dd4cee03eeb495c27a4e,60.173,24.92524,0000000096918cfa,31.5
2742,2019-08-04T11:06:07Z,92df20d921f76c63470e3f5afbe201d3ae15f5133f66c291db796082,60.16629,24.95957,00000000fb7600be,16.1
2743,2019-08-04T11:06:07Z,93272ad17155ea9499641eda7c5560691582116096278b82738ab21e,60.14699,24.922,00000000a53ed894,3.09
2744,2019-08-04T11:06:07Z,934bab75e2a2354910288b01c44fdfda4a87f92ac010109f641b3122,60.14699,24.922,00000000a53ed894,23.56
2745,2019-08-04T11:06:07Z,94ac9d6e79236013b9fa24e1c52123819228f6962b5952637ca80fcb,60.16762,24.95415,000000006b44cce7,9.92
2746,2019-08-04T11:06:07Z,951482f3e2e41b496e34885c346c4a7ab09427178119caa9b8bbcbb6,60.14947,24.91438,000000004ef3150d,8.38
2747,2019-08-04T11:06:07Z,97490f522f1a0226c8f7e8ed7bca08dd71b63d80b46d38020127b868,60.14699,24.922,00000000a53ed894,12.69
2748,2019-08-04T11:06:07Z,9759894c6f46d9e82992282b211a84549983c7a9995cd91fb1178818,60.16829,24.94214,00000000afef4555,16.1
2749,2019-08-04T11:06:07Z,998a30ee5f5ff6d2bc9ed04420591e525ded59ad66d09eefa240cc8e,60.16762,24.95415,000000006b44cce7,8.38
2750,2019-08-04T11:06:07Z,998ac46ad73c197bab1f36dca67d8bcaa3aca92249185a5e3715043f,60.17065,24.93641,000000000f4919c9,13.75
2751,2019-08-04T11:06:07Z,9a49d0b5a67fba15ce8971503f6fea88994b33487a842397c5e8564f,60.16762,24.95415,000000006b44cce7,13.75
2752,2019-08-04T11:06:07Z,9aa588cb6f425117e45726b6b9adb7ef86c8f7c8113b547dc61f068a,60.16897,24.95222,00000000aa852af1,13.75
2753,2019-08-04T11:06:07Z,9ab0a60cb60531417ac6ec5ebc6ef591d2f39019c6b0bcb5a89101a2,60.14699,24.922,00000000a53ed894,5.41
2754,2019-08-04T11:06:07Z,9b24f69458294d27d07a0169665965135fd02f4c953f85bcebf4ba87,60.16762,24.95415,000000006b44cce7,8.38
2755,2019-08-04T11:06:07Z,9b4b0705e58750d2bcbd71ad65d85677f7e77db5dfe69d1a70b5d31f,60.17919,24.95181,000000007b5207b6,11.7
2756,2019-08-04T11:06:07Z,9bc50d931d6c1678284177395958d15f05b45d60ae7bc09fe1e1694e,60.16762,24.95415,000000006b44cce7,10.78
2757,2019-08-04T11:06:07Z,9bef562c292174f1eb3933116effff74a8733a78e5c1df140de3fd6c,60.17919,24.95181,000000007b5207b6,4.11
2758,2019-08-04T11:06:07Z,9ced7d70503ba24882b6e283fa95ce42e02c1a3618adeb448558c50c,60.16897,24.95222,00000000aa852af1,20.28
2759,2019-08-04T11:06:07Z,9eb1e9bfdceb76ef852f89ebd82139602125f9731b791465e1c21f81,60.16829,24.94214,00000000afef4555,14.89
2760,2019-08-04T11:06:07Z,a0ec1a8d581f94e640a6858a674699d2464ec065e6faea9d4ce2a13b,60.16762,24.95415,000000006b44cce7,13.75
2761,2019-08-04T11:06:07Z,a1439b6683d0598c7a05080c3693a17c198f7b8c3297c77324ef4859,60.16829,24.94214,00000000afef4555,3.4
2762,2019-08-04T11:06:07Z,a20a11944d9440f1f8e4ea6262408f673f2a8380c4e13dda1a073d8d,60.16897,24.95222,00000000aa852af1,27.28
2763,2019-08-04T11:06:07Z,a25b897b52089b243421b68349d3f15e60ce8249d11c889a4626bfc7,60.18203,24.91341,00000000342570c2,25.36
2764,2019-08-04T11:06:07Z,a2f0adf51cb9d2a5417cc0797183513a8bbcecfbc717a1b63e42027d,60.16762,24.95415,000000006b44cce7,5.91
2765,2019-08-04T11:06:07Z,a30740fbf4b7e21f6fe2996e9325c90936de161cb2165e87cd96fd35,60.149,24.9843,00000000fffb8cf0,7.05
2766,2019-08-04T11:06:07Z,a51a9aab75637e56bef3effddc420dfcd95b8cbd85d95917aaac38d5,60.16762,24.95415,000000006b44cce7,13.75
2767,2019-08-04T11:06:07Z,a5835ce352a1e6d8fb6bdc410fae1076c756f7dac8e202465add9277,60.16762,24.95415,000000006b44cce7,13.75
2768,2019-08-04T11:06:07Z,a5d632ac8ffc19a626de034d3c9444fd262ee6edada285c816ea9266,60.16531,24.9442,00000000fdda10fe,7.69
2769,2019-08-04T11:06:07Z,a764c2246c85b2b0aa79e581e2fe238da93de098abbb90aee24c11ca,60.16829,24.94214,00000000afef4555,16.1
2770,2019-08-04T11:06:07Z,a98fc06dc605583814a2aa182295b88f81657ef2daeee7aaec792e7c,60.16762,24.95415,000000006b44cce7,17.4
2771,2019-08-04T11:06:07Z,aa4547c0b6b8be30776e08d524ceeacfbc9930ad720e11fa4cb20882,60.16531,24.9442,00000000fdda10fe,1.7
2772,2019-08-04T11:06:07Z,aa45859d6157e9e86470ec8b81957acc35bafb1b7f419d79357a38cf,60.16829,24.94214,00000000afef4555,9.92
2773,2019-08-04T11:06:07Z,ab1377ddf669bb806f8db586f4ce5ab9f0f4257dda61fe800d8509f5,60.17065,24.93641,000000000f4919c9,16.1
2774,2019-08-04T11:06:07Z,ab6e8769f50a15ea5e0d64f48aaa12886b7599a18cc0eb071a21ae5f,60.16762,24.95415,000000006b44cce7,11.7
2775,2019-08-04T11:06:07Z,ab9310807d2eb4984b053d38f467cb5d3e4211ff71ceb059480cf9ba,60.16829,24.94214,00000000afef4555,27.28
2776,2019-08-04T11:06:07Z,ac5c7e04b55d6d70659e5b8f4705309b9367c78a0edb7ce85f42c181,60.1538,24.95595,0000000038bf9618,29.32
2777,2019-08-04T11:06:07Z,ac921373f49635f5207c61b2f91377ca1cd682be527d3b5fbc78ed7b,60.16829,24.94214,00000000afef4555,14.89
2778,2019-08-04T11:06:07Z,ae2143f0fab3405d38da14312fd801d7d7524534cd3ffeadc631feb0,60.149,24.9843,00000000fffb8cf0,29.32
2779,2019-08-04T11:06:07Z,ae3cda5066e455d4b1e58860e8fb7a35efad69b9964a676b476b0687,60.14947,24.91438,000000004ef3150d,5.91
2780,2019-08-04T11:06:07Z,b02a0be9ec3a2bb1acba16daee232202f9a06ac84e0dcc9a80dddf6a,60.16762,24.95415,000000006b44cce7,4.11
2781,2019-08-04T11:06:07Z,b2298fc6f63c02481610f9aef24f1a0c1711c255adc43c0fe135c1ca,60.14947,24.91438,000000004ef3150d,9.12
2782,2019-08-04T11:06:07Z,b26d0daac9f8fb84484cbd8ed668aeb6751e848b1c533a307d163360,60.16762,24.95415,000000006b44cce7,9.12
2783,2019-08-04T11:06:07Z,b50b3c2006581bccfeaa9ea964649350c7d5b8177baa29a37e628584,60.14947,24.91438,000000004ef3150d,14.89
2784,2019-08-04T11:06:07Z,b59631b8902194c916f7d3ddcc02d4200a3de0380fa554d87e6856c0,60.17002,24.94407,000000006b087f40,11.7
2785,2019-08-04T11:06:07Z,b5cdbcdc30e0bf653ce353c867708b0067db5e394c8cbe848d978a77,60.14699,24.922,00000000a53ed894,7.05
2786,2019-08-04T11:06:07Z,b601cd655bb9f05aa6ec86fc9eb9300c3bc20bc0e856e94ad168a257,60.14947,24.91438,000000004ef3150d,14.89
2787,2019-08-04T11:06:07Z,b67f020b0677cdc52c864f559306fb750cdf47ce2eee6503a3cedb3a,60.16629,24.95957,00000000fb7600be,18.79
2788,2019-08-04T11:06:07Z,b81e65168ea3278486b1c954ab229bc2eda3fe07098e824f05cd0ac4,60.149,24.9843,00000000fffb8cf0,20.28
2789,2019-08-04T11:06:07Z,b9447a524f5b5bf98585b27b92195b09869ee9cd9da3cf8d2b59c57d,60.16829,24.94214,00000000afef4555,13.75
2790,2019-08-04T11:06:07Z,b9518af3996d754e6482a42a26d51867e361046fdca90a5fd443113c,60.16897,24.95222,00000000aa852af1,18.79
2791,2019-08-04T11:06:07Z,ba288a5fd2befbc9ed08e7876ad7cb2bd8bfe6f5756d2ffe8e2dc558,60.17002,24.94407,000000006b087f40,13.75
2792,2019-08-04T11:06:07Z,bbf7d8b9085ddcd3b94f55f93b52cb40a251c44f5df4099ba5b61471,60.16829,24.94214,00000000afef4555,7.69
2793,2019-08-04T11:06:07Z,bc07df8cc395f6f4f5d483b2233caca5f93a6918f346e4cc3702f8cc,60.16531,24.9442,00000000fdda10fe,21.87
2794,2019-08-04T11:06:07Z,bd1611dad126fe24280d74afb7bea8f8b9046e90bb9932a656cac196,60.16829,24.94214,00000000afef4555,17.4
2795,2019-08-04T11:06:07Z,bdc8bd416444be70683b3475302093428e4abe14284e9579617fe8ea,60.1638,24.96846,00000000d747f075,31.5
2796,2019-08-04T11:06:07Z,bf1bf5222ce141fbaa484d3bbf568d521b90699d69ec5fc413c9d716,60.17002,24.94407,000000006b087f40,27.28
2797,2019-08-04T11:06:07Z,bfd5c2630b36fde15de01ea74e598d035402cf1edb7c9230617927e0,60.16762,24.95415,000000006b44cce7,9.12
2798,2019-08-04T11:06:07Z,c239e27b985c23449b6aa84b78560b1b4e535975f3ba059d7987efe4,60.16762,24.95415,000000006b44cce7,9.92
2799,2019-08-04T11:06:07Z,c26838ba90ff36e1d86e327d1623e206734b7c8db8e463218bd43123,60.16762,24.95415,000000006b44cce7,4.94
2800,2019-08-04T11:06:07Z,c27fee8ae8d689338b043608280c83cfa6f3276d3837ecea5f742dc3,60.16762,24.95415,000000006b44cce7,13.75
2801,2019-08-04T11:06:07Z,c2cc33e5b1b8d254d4bcbc0ffa13c9200676a39a191cc31a38d28d8d,60.17065,24.93641,000000000f4919c9,23.56
2802,2019-08-04T11:06:07Z,c2e135ad2c160277e290705658ac41d7cd35b11ebf61d829fdd0b428,60.14699,24.922,00000000a53ed894,16.1
2803,2019-08-04T11:06:07Z,c45e3c4e8ec0fc85457d3b4ed4c49ed0116b4cf447e2983f353abcd8,60.16829,24.94214,00000000afef4555,18.79
2804,2019-08-04T11:06:07Z,c55894159f2080031cda702c78ee54463c3c15ab1b3638afdf687f08,60.16531,24.9442,00000000fdda10fe,4.94
2805,2019-08-04T11:06:07Z,c6b0ea433c3fdc73e0bac7e3faa2690506c4e8ec7fc54210446a7ffa,60.14947,24.91438,000000004ef3150d,9.12
2806,2019-08-04T11:06:07Z,c7ced11121537f55bcd7d7ab67312226dafe7c85320c5357a35d5ab7,60.17002,24.94407,000000006b087f40,16.1
2807,2019-08-04T11:06:07Z,c8a6ac3c8782118c293692bb88ec9af1215bd167dcbeb35291186138,60.16762,24.95415,000000006b44cce7,17.4
2808,2019-08-04T11:06:07Z,c8f8a7a901c692af2aec8031d27f0b7efc946f113895771f87fefe1c,60.14947,24.91438,000000004ef3150d,18.79
2809,2019-08-04T11:06:07Z,c990a15d27cfc21e63b7c96b95949254f1194e8b27118386a589e2bd,60.16897,24.95222,00000000aa852af1,18.79
2810,2019-08-04T11:06:07Z,cb37b8fad0bc758cf37d7ea1052f3a98f29282ae37ec635d6eb2c511,60.16762,24.95415,000000006b44cce7,10.78
2811,2019-08-04T11:06:07Z,cd7d0e9404c9f4e8fab0742460b9acb4d5bbb97f44df80d4a8b973cd,60.17002,24.94407,000000006b087f40,6.46
2812,2019-08-04T11:06:07Z,cf241827513137f094cda8111245217a32612fdb8fdb573be6e1893d,60.16762,24.95415,000000006b44cce7,8.38
2813,2019-08-04T11:06:07Z,cfc79310c3124813bbb9cfe4d4edc24cfa4b7c23419b4517c5eed261,60.16448,24.97323,0000000053c6c2be,16.1
2814,2019-08-04T11:06:07Z,d04b5065ec93818b731141027d11e6a1cf53de69b9737d7aea0c34da,60.14947,24.91438,000000004ef3150d,10.78
2815,2019-08-04T11:06:07Z,d0bb294e434cf3d7a5fd391e049fb5412e08b24594a614893480b5f9,60.17002,24.94407,000000006b087f40,25.36
2816,2019-08-04T11:06:07Z,d162ad46250f7d87af446db22df4aa6b2eb2bf22f83beca34e857743,60.16762,24.95415,000000006b44cce7,7.69
2817,2019-08-04T11:06:07Z,d2b816bfc9982b3f48d8baa389dc18ef7a57d3dcba72567b2865e2e2,60.16762,24.95415,000000006b44cce7,6.46
2818,2019-08-04T11:06:07Z,d496353cba199ed0318530e50bf8778abe3ddffac1ecf53fdb6399d6,60.17002,24.94407,000000006b087f40,25.36
2819,2019-08-04T11:06:07Z,d4c9ea46d58288bf42808788e668072465d91dd3c874a8a51de5794e,60.16897,24.95222,00000000aa852af1,9.12
2820,2019-08-04T11:06:07Z,d68f1946805ba3d30f9ba25280986fbe003f3b5dce7245b633e0cb5c,60.16762,24.95415,000000006b44cce7,12.69
2821,2019-08-04T11:06:07Z,d6a8c97f1ec18c7a90d3beae358bad67f8d53626258a852e15b08c5d,60.14699,24.922,00000000a53ed894,7.69
2822,2019-08-04T11:06:07Z,d71a315bac918f9a18fcd820731e6d9eb54fb0d01c324ca088ef8858,60.149,24.9843,00000000fffb8cf0,18.79
2823,2019-08-04T11:06:07Z,d9a5b0033b928dc7932083909b29c0529a51ccc1c1cd9cad67c4306a,60.14699,24.922,00000000a53ed894,27.28
2824,2019-08-04T11:06:07Z,da2398acaae7f39c7b80c220d4e6917bdc7655f4c71b6e36d06cb859,60.18203,24.91341,00000000342570c2,21.87
2825,2019-08-04T11:06:07Z,dc4043efe103db9ce55ad4d987a45cf9821cdc3e63cf7b15b6d48baf,60.16897,24.95222,00000000aa852af1,10.78
2826,2019-08-04T11:06:07Z,dc816e92e4a2eceea03f41fc379fda0e3d57b5d0fbd9a06430432022,60.16762,24.95415,000000006b44cce7,3.4
2827,2019-08-04T11:06:07Z,dc82f9648bb5ba21e766e0923f5fa7ca2d77662ab0edbe22a3d95631,60.14699,24.922,00000000a53ed894,11.7
2828,2019-08-04T11:06:07Z,ddbe1c752edac7319f5080f5633828b88003cabf67ac8f89932643a7,60.17918,24.95141,00000000675d5200,20.28
2829,2019-08-04T11:06:07Z,de48adf9d49eb3bc1d61dea4047618f6c77086fc44bd2b535d56504d,60.16762,24.95415,000000006b44cce7,9.12
2830,2019-08-04T11:06:07Z,de71e27b55ef6f2f51f05838a2fcab596f1dd93a14ece5ce4548f5c7,60.14699,24.922,00000000a53ed894,8.38
2831,2019-08-04T11:06:07Z,e081e4b3252ca91bbf1cbb70faa116d60317fbf3a991a67bc99b4bfa,60.149,24.9843,00000000fffb8cf0,8.38
2832,2019-08-04T11:06:07Z,e0859a9c906151023376d86762070f38ba1b3859e671531b0edac6cd,60.16075,24.95883,00000000f1124bca,23.56
2833,2019-08-04T11:06:07Z,e0d7e8b332ca8514428ab10acf6d3a6b777da62ff8ea3e18d9b32989,60.16762,24.95415,000000006b44cce7,9.92
2834,2019-08-04T11:06:07Z,e1da87aea335bcd04e4c876158b96ebc7ba4206bc216c3aa27a2f4af,60.17919,24.95181,000000007b5207b6,4.94
2835,2019-08-04T11:06:07Z,e26862fdcdd4688d81b8fe05d1ac94c5f9b3192ddc50d4c66ad12cc1,60.16897,24.95222,00000000aa852af1,29.32
2836,2019-08-04T11:06:07Z,e317340f608c310d966040b48cd7229a40467ef751199a71d7a93063,60.16829,24.94214,00000000afef4555,36.27
2837,2019-08-04T11:06:07Z,e44d7228cecbdb2474e1cc396a6c13943f09c08c19d0ffab1997d509,60.17919,24.95181,000000007b5207b6,9.92
2838,2019-08-04T11:06:07Z,e4ff34a5653a4b3d11ba7f76306df5d8415c1f7b6bd9a9ea2c5ac591,60.16762,24.95415,000000006b44cce7,12.69
2839,2019-08-04T11:06:07Z,e53a901aed874016e1cd1ed3e9b2891fca850986cb2fa04f5162cf52,60.16762,24.95415,000000006b44cce7,0.84
2840,2019-08-04T11:06:07Z,e557e164cd52fd817b02cad6587a294d72b0974d9b014ad69ea5e08e,60.17919,24.95181,000000007b5207b6,9.12
2841,2019-08-04T11:06:07Z,e57facbf08a4abd25c366c0604463549586bb771b6ce2cf62945cdbf,60.16762,24.95415,000000006b44cce7,16.1
2842,2019-08-04T11:06:07Z,e5b9b4813c081a31fb498e7f9adb94918c267dfa125c63790c0d9488,60.149,24.9843,00000000fffb8cf0,2.8
2843,2019-08-04T11:06:07Z,e82fb1b58cd1d81fb46e1dca3b34ae603aa01acb01ef1d8a7178defc,60.16544,24.95398,0000000038d83d41,16.1
2844,2019-08-04T11:06:07Z,e92e9e46c4d4067617b8dad0cc70baa43463d1abc4d623d0e103c6b7,60.16762,24.95415,000000006b44cce7,13.75
2845,2019-08-04T11:06:07Z,e9d59e25b58f33f70aad6832863cb59d7485ca55a1575558f92b74e7,60.16897,24.95222,00000000aa852af1,9.92
2846,2019-08-04T11:06:07Z,ea38d72fbf2215d530a70d6a97dcc603a44b18d4d7ce557a91cb80bb,60.16762,24.95415,000000006b44cce7,21.87
2847,2019-08-04T11:06:07Z,ea3eef2f497e934d53c3a02bfa190abb42a24ce200d24c69598dbf84,60.16762,24.95415,000000006b44cce7,8.38
2848,2019-08-04T11:06:07Z,eb09e242059d315d7f929b7befadc641eeddb95492babe81030cbabc,60.16829,24.94214,00000000afef4555,14.89
2849,2019-08-04T11:06:07Z,ec485175d2b7a2c53d03bf546aee134c116d998976601b069570c6f9,60.14699,24.922,00000000a53ed894,16.1
2850,2019-08-04T11:06:07Z,eca1a609c675d971fcfba4277d230ccdc2de7805c629b1f5da9cc224,60.173,24.92524,0000000096918cfa,27.28
2851,2019-08-04T11:06:07Z,ecb1735f180422ec69f041cd2782a26c9f07d27a87893b3c30aaa9b7,60.16075,24.95883,00000000f1124bca,7.05
2852,2019-08-04T11:06:07Z,ede13c9dc221bbc6c1daf78250fa6547303c06d7606c05ba0bf64547,60.17919,24.95181,000000007b5207b6,4.94
2853,2019-08-04T11:06:07Z,ee200a3ba703878e67370bbef4c8768feda628ad2e83512a927fec31,60.16897,24.95222,00000000aa852af1,31.5
2854,2019-08-04T11:06:07Z,ef15ff71b7dc4c2088249a4fca7e28900ae315245a7a3b4d571bf582,60.16829,24.94214,00000000afef4555,17.4
2855,2019-08-04T11:06:07Z,ef45fdc095ee55730384922266d8fce61de212d3c3df2441ea10e524,60.14947,24.91438,000000004ef3150d,7.69
2856,2019-08-04T11:06:07Z,ef5e495c5f9d3dd9eb22ed5b8faf1cc9e4225d4785ebb26a87d16fff,60.14699,24.922,00000000a53ed894,6.46
2857,2019-08-04T11:06:07Z,f11c02cbebb4049a29f10d2ee6aac8a9ca3b7b9609a39d69463461a1,60.17065,24.93641,000000000f4919c9,20.28
2858,2019-08-04T11:06:07Z,f196f5f8c08299d290b3bac1944e00bb1f2c90594db66438b0c10e6e,60.16629,24.95957,00000000fb7600be,9.92
2859,2019-08-04T11:06:07Z,f2467c8ede6444941158701b7bd9d005beec9ffdb355ce2d8c7a9bfd,60.149,24.9843,00000000fffb8cf0,25.36
2860,2019-08-04T11:06:07Z,f43b8b2cf2c0bd291543858796d75b211d283ab73dcab5ad5dfd0aeb,60.16897,24.95222,00000000aa852af1,16.1
2861,2019-08-04T11:06:07Z,f4537d3a0c1408b022793f60b53e651b2eac6640fa66b9248338e815,60.16762,24.95415,000000006b44cce7,7.69
2862,2019-08-04T11:06:07Z,f4b9fc6acb673aea24fe00dfbe806b81fedab0c2ea82d781f7659ce5,60.16762,24.95415,000000006b44cce7,9.12
2863,2019-08-04T11:06:07Z,f5ffa3dbcdd5592ac31344cb04a7a6d639109a4d6e196fa0df3990dd,60.17065,24.93641,000000000f4919c9,27.28
2864,2019-08-04T11:06:07Z,f78ef2ddbe48b534137498eab56c0a55ec0e0b1d8868e82cb5652a0e,60.14699,24.922,00000000a53ed894,4.5
2865,2019-08-04T11:06:07Z,f7be7d003528c0c0827040a3a3723e49406a5a7c86cb4bc568a830db,60.17002,24.94407,000000006b087f40,16.1
2866,2019-08-04T11:06:07Z,f855918d61069661cbf8633b228a5fb9e5cd5ea7b2946bfc5b9fc315,60.16829,24.94214,00000000afef4555,12.69
2867,2019-08-04T11:06:07Z,f95b51e113af178a85194f6d86a20f88ce27b304e6bbcace8d314e39,60.16762,24.95415,000000006b44cce7,18.79
2868,2019-08-04T11:06:07Z,f9ed4361c378e7c740818b0c356acbffa4a161af2ffbecb803ace9b7,60.173,24.92524,0000000096918cfa,23.56
2869,2019-08-04T11:06:07Z,f9f42c3132515705c0013fb8e137897c93844d24acc22cb4ac9384a0,60.149,24.9843,00000000fffb8cf0,16.1
2870,2019-08-04T11:06:07Z,fa1579394f4980e1fe11248f7be4e646b601a3d8cdb9361f182d066c,60.16762,24.95415,000000006b44cce7,5.91
2871,2019-08-04T11:06:07Z,fb37b263777ffcf7fe1fb6484821cae2b8beb03b5f5009109748dedb,60.16762,24.95415,000000006b44cce7,6.46
2872,2019-08-04T11:06:07Z,fbccaff441d52a5aeba79ca785ef499aa8ce201503787c329885a565,60.16897,24.95222,00000000aa852af1,25.36
2873,2019-08-04T11:06:07Z,fbd28054e4a5478c8ca06f4d682405d1c59bef4853cad413ecb58d13,60.14699,24.922,00000000a53ed894,20.28
2874,2019-08-04T11:06:07Z,ffb7319984ecae155652e100da9b204f0b92f3b6c7239cfea4dcf966,60.14699,24.922,00000000a53ed894,13.75
2875,2019-08-04T11:06:08Z,004c3624f943830bc6a9f17173a2cd0996622cade5184ad2b9fba729,60.16897,24.95222,00000000aa852af1,9.12
2876,2019-08-04T11:06:08Z,0152988639aaaa9cc27213280c8f0c0c8ec97ae6a45aaaf743c9c25d,60.16544,24.95398,0000000038d83d41,29.32
2877,2019-08-04T11:06:08Z,03e0fc996a589ccdf1871b3c78e089c08c93ba1f2a02d740fb384aac,60.16531,24.9442,00000000fdda10fe,41.64
2878,2019-08-04T11:06:08Z,09a0d89e977eac08cb8877af0472d861a9c86439072251d53a13d931,60.16829,24.94214,00000000afef4555,12.69
2879,2019-08-04T11:06:08Z,09ddbf38333e76a79fd836112bd8c3f8bf7f3dadfb3d49945ad4c486,60.16897,24.95222,00000000aa852af1,6.46
2880,2019-08-04T11:06:08Z,1142f5b6806b1ec7d8d47d47013eb530d8a7418f6934d8867b20966a,60.16829,24.94214,00000000afef4555,27.28
2881,2019-08-04T11:06:08Z,126e7fa4dd9205201617bdc0c7c346bfb57e1a75d3d7d3d9c260d51b,60.16629,24.95957,00000000fb7600be,23.56
2882,2019-08-04T11:06:08Z,128f1b89d7a534aa206a7823b692594bbd4d349761baa04c0fc72f2c,60.14947,24.91438,000000004ef3150d,25.36
2883,2019-08-04T11:06:08Z,14c7e1511b70f4dd3359cbece1377aebb4d70531f5489eefe53d7c3c,60.16544,24.95398,0000000038d83d41,29.32
2884,2019-08-04T11:06:08Z,16c994bb2e24124a910c247376d16e980a65626a94c4c0aaab27df60,60.16829,24.94214,00000000afef4555,20.28
2885,2019-08-04T11:06:08Z,1bba37ee9376f8052f3606bb777546c2c4d1e84dad7afd93d4cffa45,60.16762,24.95415,000000006b44cce7,14.89
2886,2019-08-04T11:06:08Z,25a7ff811c3c06e426c7c2cbb0433d9a2a3399b23afecbd35584ab0f,60.18203,24.91341,00000000342570c2,11.7
2887,2019-08-04T11:06:08Z,269109af99b12861eeb19ab8698033d9c00895687da47af3f4310e9d,60.16762,24.95415,000000006b44cce7,6.46
2888,2019-08-04T11:06:08Z,29016fc5853bb802e42e93eb5fd98882d64029327d793a2f2335b9e4,60.16829,24.94214,00000000afef4555,13.75
2889,2019-08-04T11:06:08Z,2f296f178903769d80a34f17a1beef377e041852b35742df84ce7c59,60.16829,24.94214,00000000afef4555,25.36
2890,2019-08-04T11:06:08Z,32dd92b5a658392a4ec84eaf95152ee72258b6b0fb670b97882ac902,60.16829,24.94214,00000000afef4555,18.79
2891,2019-08-04T11:06:08Z,3fe5f4ccfa5c777ceafda0674d7c9da6f509f6694b4c2fa254b32e73,60.16897,24.95222,00000000aa852af1,18.79
2892,2019-08-04T11:06:08Z,43b676ed3aef4c2d8846694817e76117873be52e7f788e0cb366c1c4,60.16629,24.95957,00000000fb7600be,27.28
2893,2019-08-04T11:06:08Z,44d0b94469070803869f229601e877beb613c3f5aafa009addf97a1a,60.16544,24.95398,0000000038d83d41,16.1
2894,2019-08-04T11:06:08Z,4656bad9b5e6dfc3977eca308fc1db3dbf8b0204b90d09b001da242e,60.1638,24.96846,00000000d747f075,29.32
2895,2019-08-04T11:06:08Z,54f040219b954e68101c83a5a6bacf046961c7a1d9a779fa291fa47b,60.16531,24.9442,00000000fdda10fe,18.79
2896,2019-08-04T11:06:08Z,5d65719c4cbf045f068d084b72302f447d5fd034413d97d13be00d0e,60.18203,24.91341,00000000342570c2,25.36
2897,2019-08-04T11:06:08Z,5eed115a984d490b02b602d73787aee8dc8c4e9365b77fbff3818a76,60.16629,24.95957,00000000fb7600be,18.79
2898,2019-08-04T11:06:08Z,69219e9efa41ae9e732653e9eaf08e1a34cb853a9dafe76ddeea4d04,60.16897,24.95222,00000000aa852af1,14.89
2899,2019-08-04T11:06:08Z,6a70e2fbced719333e21eff04fcb9cb36bae9a04d1a3d6ddd96f2c58,60.15432,24.9211,0000000019fb59c4,13.75
2900,2019-08-04T11:06:08Z,6f06341f358e61699fe1e55e986dd0554bc8da28b91daf0c5ad99db6,60.16629,24.95957,00000000fb7600be,21.87
2901,2019-08-04T11:06:08Z,85ef35aecf2ff804be3d958b592705ec41c6df9c128c132c65bb283d,60.16897,24.95222,00000000aa852af1,16.1
2902,2019-08-04T11:06:08Z,87dfaad29a9276ddddb1fa021d3bc23ad14824c1af16f7d87e713689,60.14951,24.92138,0000000006dd41f6,13.75
2903,2019-08-04T11:06:08Z,88808fe92573e9cdf022cc15b9689b6b4b9429f60513c8897b0ba4c7,60.16897,24.95222,00000000aa852af1,21.87
2904,2019-08-04T11:06:08Z,8c3b1ed0846e38cc84b863a80540c8a75bfd85c8bdda36563d153110,60.16544,24.95398,0000000038d83d41,25.36
2905,2019-08-04T11:06:08Z,8c75c3289c84fe4493e1e272a77b615fe1985880c5dc68a7c1a17b53,60.16762,24.95415,000000006b44cce7,10.78
2906,2019-08-04T11:06:08Z,9843c6216661048343a0e49cf3d8aa2883cf77f452666a1c873a1052,60.16448,24.97323,0000000053c6c2be,18.79
2907,2019-08-04T11:06:08Z,9c8556ea519835172f09c20e7688066eeec8e7f74a0c6fa3df3d9c5f,60.16829,24.94214,00000000afef4555,25.36
2908,2019-08-04T11:06:08Z,a13e5d46f0a2d1c6b58878e1b198905e9b14e3a85b5e4adab88b4b87,60.16762,24.95415,000000006b44cce7,10.78
2909,2019-08-04T11:06:08Z,a3ac0c56798bab080308706d388196f95a4896e18acadc434f3237b1,60.16829,24.94214,00000000afef4555,17.4
2910,2019-08-04T11:06:08Z,a6f3c29895f19e5577edf8002cf0adb5fdf353c901e26a099c2f695b,60.16762,24.95415,000000006b44cce7,9.92
2911,2019-08-04T11:06:08Z,a79af88ad05127e9c29a09f407406a364eb21dc127dc8d914e190418,60.16531,24.9442,00000000fdda10fe,33.81
2912,2019-08-04T11:06:08Z,b936e41d8712ae967f3ebb413fc44f060bb10613f95537757886ede2,60.16762,24.95415,000000006b44cce7,13.75
2913,2019-08-04T11:06:08Z,c40c37def6bf11a63a2556519a7c6233fd417cdeea2cf14f28e7c42c,60.16531,24.9442,00000000fdda10fe,23.56
2914,2019-08-04T11:06:08Z,c97eb4181394121907d47b908495f54e5ee5145ff790f7a1dc21b3cf,60.16897,24.95222,00000000aa852af1,12.69
2915,2019-08-04T11:06:08Z,ca6927628f5ddda20036865c9345ad93d476d62ade3b181de568eed6,60.16897,24.95222,00000000aa852af1,20.28
2916,2019-08-04T11:06:08Z,cd2c2ce2425879ac455c812073aa8025c7bac76df380e4793edab46d,60.16829,24.94214,00000000afef4555,21.87
2917,2019-08-04T11:06:08Z,cf05623e4d87ce0906c0b0b7dbf53aacc1228016cd27c341228b6e76,60.18203,24.91341,00000000342570c2,20.28
2918,2019-08-04T11:06:08Z,cfc0bedb78ded52749db3188cb188bf6a250ef5990da9c5afa9623fc,60.14951,24.92138,0000000006dd41f6,23.56
2919,2019-08-04T11:06:08Z,d15e7dd5136b83a36b80f68b15b4163e9a4e277740c84a30cc7a4bcc,60.16829,24.94214,00000000afef4555,12.69
2920,2019-08-04T11:06:08Z,dbeb00942457ba3c5fb1984b57b1dedb268c0e761e80729b939f1fd8,60.16544,24.95398,0000000038d83d41,23.56
2921,2019-08-04T11:06:08Z,de70f4707e34262e09161e7b3a8459b6f250e5462f70ff48f3178bb9,60.16829,24.94214,00000000afef4555,29.32
2922,2019-08-04T11:06:08Z,e224ae5ea47af2e3048f83b13a1f45dc135c0ca6be72547b01729086,60.1538,24.95595,0000000038bf9618,16.1
2923,2019-08-04T11:06:08Z,e8e366e76c97944e23c0f80b4fd3ce6e5832744922297146a49f0c7e,60.16762,24.95415,000000006b44cce7,12.69
2924,2019-08-04T11:06:08Z,f088630d7476dae7d4b7e2bb1f10575f2c89acb4b6e061f3d57c2b40,60.16531,24.9442,00000000fdda10fe,20.28
2925,2019-08-04T11:06:08Z,f30a5193aa7850aac581b8dd71512a8712c96f36fdef78d8292d4788,60.16762,24.95415,000000006b44cce7,4.5
2926,2019-08-04T11:06:08Z,f31cfded6f566f9c032c80c52ea642407be312c5d42521ab7a8d3e2a,60.16897,24.95222,00000000aa852af1,18.79
2927,2019-08-04T11:06:08Z,fc4f3a44235f1cfc7b53f14ba2da599976a5a0a220d23b852688e485,60.17919,24.95181,000000007b5207b6,11.7
2928,2019-08-04T11:06:08Z,00dae8e6c0b169e69db1d1435e478728f9318e16ee31ff03e5572236,60.16629,24.95957,00000000fb7600be,14.89
2929,2019-08-04T11:06:08Z,00df07521690a1fb6e56d9506781a9888bb54e5230f6de1be64ba13f,60.14951,24.92138,0000000006dd41f6,25.36
2930,2019-08-04T11:06:08Z,0236a1d5b9b9d2249407a79705eee38de360ceb0530a8959ba5bc15b,60.149,24.9843,00000000fffb8cf0,9.92
2931,2019-08-04T11:06:08Z,02a354db29cd5bc16976a9d933e03a41be350f9cc78098829a7dcfd4,60.14947,24.91438,000000004ef3150d,18.79
2932,2019-08-04T11:06:08Z,0495ba0a1c04e0262f37eaa32084a173acc00638a16e76bb922b97dd,60.16762,24.95415,000000006b44cce7,16.1
2933,2019-08-04T11:06:08Z,0656a0c0a353f164b57fbdd9e648d71fab429964d97ed07ab2c5dc30,60.18203,24.91341,00000000342570c2,21.87
2934,2019-08-04T11:06:08Z,08833115ba0f62666fee594662c171563759459bb5f65ffdfeaeaed1,60.18203,24.91341,00000000342570c2,23.56
2935,2019-08-04T11:06:08Z,08b10b51864dc039f0a07c997e66e7a263ee1cde5b0b88b2a1178c58,60.16829,24.94214,00000000afef4555,12.69
2936,2019-08-04T11:06:08Z,0b45b52bc137c31ce83561c857f809296ec70f5537976a4a4d573d4f,60.16829,24.94214,00000000afef4555,25.36
2937,2019-08-04T11:06:08Z,0c959027ce302054b09087cac97a83aa7e24fb9e4fa2710763f912cb,60.16829,24.94214,00000000afef4555,4.5
2938,2019-08-04T11:06:08Z,0d2490ed58c11eb4a754a30cc4bcb21c7243d322a2caf7cc360e4e8c,60.17065,24.93641,000000000f4919c9,16.1
2939,2019-08-04T11:06:08Z,0dc12f22306d5f6622fc786011f32f1961a5f94018be9c2236fb2e52,60.14699,24.922,00000000a53ed894,18.79
2940,2019-08-04T11:06:08Z,0e113c5ed3abcdfb31d27c3125f6cf01e3b96e4ed7eca1aaea855f77,60.14947,24.91438,000000004ef3150d,10.78
2941,2019-08-04T11:06:08Z,1067b041807277ecf9cea5b55c265a37808239544e559e2cfdfcb3ce,60.16762,24.95415,000000006b44cce7,3.74
2942,2019-08-04T11:06:08Z,1327ce24f157334f864f913637993c80380ce5f5c911e4b0d31c5eb7,60.149,24.9843,00000000fffb8cf0,3.09
2943,2019-08-04T11:06:08Z,1374f31e71652faf3e69316a295c22d59e560f15e35f42b003a89222,60.14699,24.922,00000000a53ed894,6.46
2944,2019-08-04T11:06:08Z,1556d4a76070c26554efa12b4b9c53766a4cc394e8b74ee37f2fff65,60.17065,24.93641,000000000f4919c9,11.7
2945,2019-08-04T11:06:08Z,169c77f0d714e38eb1e798b14fa42ce3fefb0ec1d6f9e93a38a872f1,60.16762,24.95415,000000006b44cce7,6.46
2946,2019-08-04T11:06:08Z,17b39c4376c28dc9e1c1221de9d5037abfea5d59d30cdd48208fc3a8,60.16762,24.95415,000000006b44cce7,9.92
2947,2019-08-04T11:06:08Z,19db84758eba08a5f9bb56b0ff91d05286765c8e8dfa31bd0b2aaa1c,60.14947,24.91438,000000004ef3150d,29.32
2948,2019-08-04T11:06:08Z,1a06b5f7f305badd45e93db9d86d76ed3a2a96ec55ec47c836921e3e,60.16762,24.95415,000000006b44cce7,9.92
2949,2019-08-04T11:06:08Z,1a9a0f74c353624c42c19c007e82c9c2547b7285d8353d0e375e3f05,60.14699,24.922,00000000a53ed894,4.5
2950,2019-08-04T11:06:08Z,1bff3cb3b9be59366fdf8adbbc677a4dfbf8e116bf330c3435bc63c2,60.16897,24.95222,00000000aa852af1,29.32
2951,2019-08-04T11:06:08Z,1c8c3befa38b65f707dd4933a68e5e3c9e7c82592fd382779127416b,60.16897,24.95222,00000000aa852af1,23.56
2952,2019-08-04T11:06:08Z,1ce242f8d8220cd38bf3ea9138c99ae9b2f79b28e68edb864f090ec9,60.149,24.9843,00000000fffb8cf0,21.87
2953,2019-08-04T11:06:08Z,1fa2c533bba37b249a0105001153733e67a559d40c22cab67f135f64,60.14947,24.91438,000000004ef3150d,4.5
2954,2019-08-04T11:06:08Z,227b93698b29687beea48184f42aab63a21fa362af7251be32db2e15,60.16531,24.9442,00000000fdda10fe,3.09
2955,2019-08-04T11:06:08Z,23b4a8c7918ca417eab83481a710fd544e1fa8bf7073b5955c0155c8,60.14699,24.922,00000000a53ed894,11.7
2956,2019-08-04T11:06:08Z,23f10190151386d4050571cb299410bc0285ed980b0a00f088e01cf0,60.16762,24.95415,000000006b44cce7,7.05
2957,2019-08-04T11:06:08Z,2671a156fa8d8bb05970481c8f83bcf9f261f73dae27f2bb9ac88aeb,60.14699,24.922,00000000a53ed894,8.38
2958,2019-08-04T11:06:08Z,27052b4dc21318eee25b7afdbe088c8d15e13ec11ac339166b209e58,60.18203,24.91341,00000000342570c2,21.87
2959,2019-08-04T11:06:08Z,2724e42551f43106ea58a8fcc6a43953baa1294cd65e17a90012f706,60.17065,24.93641,000000000f4919c9,0.34
2960,2019-08-04T11:06:08Z,28741c2e5e348fe81dec0518a21c0930c98a25b6fcece61a262d50de,60.14699,24.922,00000000a53ed894,14.89
2961,2019-08-04T11:06:08Z,296a0ffe230305a3d37818a0369b56c99dacdd5df5a161bf238e1084,60.16762,24.95415,000000006b44cce7,23.56
2962,2019-08-04T11:06:08Z,2977d3c4f181abb6662adf1d466a62167e2690a9c94dc53e5aa6a904,60.16762,24.95415,000000006b44cce7,9.12
2963,2019-08-04T11:06:08Z,29f5adc4d67413b7d368e8e94a41cf48339e3f5f0903f660170c4fe8,60.17919,24.95181,000000007b5207b6,8.38
2964,2019-08-04T11:06:08Z,2b340ca3416f2ba214d44853ad0495223a557eb6b61baca53fd7dc54,60.16829,24.94214,00000000afef4555,17.4
2965,2019-08-04T11:06:08Z,2c85e4140ca0ba77c3598ceac05eb2c2342409ce8111c863fc58c606,60.16829,24.94214,00000000afef4555,1.01
2966,2019-08-04T11:06:08Z,2ccaeb30423977ff22b6afc29243b861b476a5f4ffafdf200d326d78,60.17002,24.94407,000000006b087f40,20.28
2967,2019-08-04T11:06:08Z,2ccf3d7a368a8ec2c5eadd132421c63cbe815a1b916721a3667c5503,60.16762,24.95415,000000006b44cce7,17.4
2968,2019-08-04T11:06:08Z,2de87ef94604fb63bec05eefb71b6cdd0b9807f8551159c2a35e7259,60.17065,24.93641,000000000f4919c9,6.46
2969,2019-08-04T11:06:08Z,2e6e6f89a7d75f0742d016de203c9acc8d6f6bdeb7b56bd12f482653,60.15432,24.9211,0000000019fb59c4,23.56
2970,2019-08-04T11:06:08Z,2f83e4cad2d924faecb3def25f54727f3e612bc5040c493dd6eccb1d,60.16897,24.95222,00000000aa852af1,20.28
2971,2019-08-04T11:06:08Z,2fe2e4165984d7880628aec591ce4747f18947da70312e6afca2946b,60.14699,24.922,00000000a53ed894,23.56
2972,2019-08-04T11:06:08Z,30bee351808d5e8082ce012b57f5bc0efc80f8394491a182e0eeee32,60.17918,24.95141,00000000675d5200,20.28
2973,2019-08-04T11:06:08Z,31659a798f1d780d587f07390c038a78fafa6cabb8180dba635863ce,60.17002,24.94407,000000006b087f40,18.79
2974,2019-08-04T11:06:08Z,3226c88241c6ac9d643c1843f44b6e5ee10df5f15a695e360582a9be,60.16829,24.94214,00000000afef4555,16.1
2975,2019-08-04T11:06:08Z,3262259981b4d615793e8692d3b8461ab7cc2c63789b0ce72c75075f,60.17918,24.95141,00000000675d5200,23.56
2976,2019-08-04T11:06:08Z,32f77f5019e5fce30881c214487361e2e34b8c93277f6e546de72012,60.1638,24.96846,00000000d747f075,23.56
2977,2019-08-04T11:06:08Z,33a5da4eacfc49fefa067790c9fada1a86d9793367ded845a46f0779,60.16829,24.94214,00000000afef4555,29.32
2978,2019-08-04T11:06:08Z,3417d8a6b53687e70f126ebeb1d26a2ff6369dc9a551c3c35c5a04f9,60.17002,24.94407,000000006b087f40,21.87
2979,2019-08-04T11:06:08Z,34ebfbffd9a126421b335e852aa094b727786622ade7757b36f67b57,60.18203,24.91341,00000000342570c2,25.36
2980,2019-08-04T11:06:08Z,3670a148a52771f0ff5af161725f65b86873c09eea1a7697861c0438,60.14699,24.922,00000000a53ed894,23.56
2981,2019-08-04T11:06:08Z,374083907dd8980893623726af5633afd59b519c885ad12ba5c674eb,60.17002,24.94407,000000006b087f40,7.69
2982,2019-08-04T11:06:08Z,386dea4944e0b83648b4b6faf510fd47b0e9e29a2bb9311fe8a80ee2,60.17918,24.95141,00000000675d5200,23.56
2983,2019-08-04T11:06:08Z,39c75ec87b1dbd9865939b27695811070c5256630eeaebbe35743986,60.16829,24.94214,00000000afef4555,23.56
2984,2019-08-04T11:06:08Z,3ac85712ab657e849113d439795c4e7325d1025cacdbd9a41174b031,60.17002,24.94407,000000006b087f40,17.4
2985,2019-08-04T11:06:08Z,3ac9d056b0f04f774b238a125eb996d46437f7a8c5f6ba6712e971cf,60.17918,24.95141,00000000675d5200,7.69
2986,2019-08-04T11:06:08Z,3b355c039877bd4883845f3fc6ad8dd6f41f170274042f1397585680,60.149,24.9843,00000000fffb8cf0,20.28
2987,2019-08-04T11:06:08Z,3bd8214bd5284efaf354ec2a0dd2847f6051ceaace6a2691ff085d3d,60.17065,24.93641,000000000f4919c9,12.69
2988,2019-08-04T11:06:08Z,3e36420df19c06796a79acdad84551653de9b0132cb0987329f75291,60.16897,24.95222,00000000aa852af1,21.87
2989,2019-08-04T11:06:08Z,3f5d3aed90718f7fb8e8a13ac7002718cc22cbe190beb96821ba52e6,60.17065,24.93641,000000000f4919c9,18.79
2990,2019-08-04T11:06:08Z,3fe4e214448b0c9a8dfbee81c347d82a8f0b26859201fb1d77f40fa9,60.16762,24.95415,000000006b44cce7,8.38
2991,2019-08-04T11:06:08Z,40b98e7445617581067a41524181e8b6995ea4ee6c82ae2ba93db3cb,60.173,24.92524,0000000096918cfa,25.36
2992,2019-08-04T11:06:08Z,40d64df305477f26745a445a97098d36570a8e02616b93a3f562bb21,60.16629,24.95957,00000000fb7600be,25.36
2993,2019-08-04T11:06:08Z,42d34a6c595760e51052178acc978bdb2b6348e0405f7b58c57f0915,60.16829,24.94214,00000000afef4555,10.78
2994,2019-08-04T11:06:08Z,430556d4eef13a613b121237f9ab54ee052861f79a950f54e0810dab,60.149,24.9843,00000000fffb8cf0,29.32
2995,2019-08-04T11:06:08Z,44703b8dd01d3bd79585c9c7e12217e1ac152f86e2b0c9ed6be4bc19,60.16544,24.95398,0000000038d83d41,16.1
2996,2019-08-04T11:06:08Z,448f6044c6c095d8c71341a0017dd6746f6e150f03af7c78b794308f,60.16762,24.95415,000000006b44cce7,8.38
2997,2019-08-04T11:06:08Z,44cd8828dd4aa11ea599139af3d3aafbcd09ca0c2558f26ed1c72e17,60.14699,24.922,00000000a53ed894,20.28
2998,2019-08-04T11:06:08Z,4538bf4d0ca02f13fad76c46f7b34e72978c49b0cdfe4ea9fe151a50,60.16762,24.95415,000000006b44cce7,7.05
2999,2019-08-04T11:06:08Z,465eab28635efe98500085ceb161cf941d02272a0107fbbfb2203c29,60.16829,24.94214,00000000afef4555,12.69
3000,2019-08-04T11:06:08Z,46b576e18e757fc4ec008b41d3c28ec5415a2c2c2f143042e5413137,60.16762,24.95415,000000006b44cce7,7.05
3001,2019-08-04T11:06:08Z,46b81e0dd10fe05195c050bacd41d57feeca0e044b6b317ac22a8656,60.16762,24.95415,000000006b44cce7,8.38
3002,2019-08-04T11:06:08Z,47f787c639f2eed345eb5dca409ffcd989850399a1ab781500dd6e82,60.17919,24.95181,000000007b5207b6,9.92
3003,2019-08-04T11:06:08Z,4833b1ea4f519407574f5a838d93a39de28c756c5f53de7ee273b577,60.14947,24.91438,000000004ef3150d,6.46
3004,2019-08-04T11:06:08Z,49084ae4b6419be9e7bb0c9b1420142e07d6ac3c17c07c26895461ed,60.16829,24.94214,00000000afef4555,12.69
3005,2019-08-04T11:06:08Z,49b391c05bd4e5231579392d798036a0139a8ea4e4d4509a7cb3901f,60.16829,24.94214,00000000afef4555,9.92
3006,2019-08-04T11:06:08Z,4a54cbed9c373a4136f8851f3f5736eb2fadd5766d316eb5ebbdd231,60.17918,24.95141,00000000675d5200,21.87
3007,2019-08-04T11:06:08Z,4ae4a5331747d994953667cd06d4c999d9cf71885574c3cc473620f8,60.16897,24.95222,00000000aa852af1,12.69
3008,2019-08-04T11:06:08Z,4b5b3e8f2b484bc08b196c265f65c70151bd69f6263318eb29125db2,60.16829,24.94214,00000000afef4555,1.88
3009,2019-08-04T11:06:08Z,4cf634fc84e128c3b9bce07a4b726d136e18f0eea4229fdbb48f6db1,60.16897,24.95222,00000000aa852af1,10.78
3010,2019-08-04T11:06:08Z,50a06af190dfb27cbd4d6ca55980b1379ec795af8b9e5ebc00d73257,60.16762,24.95415,000000006b44cce7,12.69
3011,2019-08-04T11:06:08Z,51789c3026ccfe7e846e44fcd833d006941c2789b9693c77df5a7c98,60.16762,24.95415,000000006b44cce7,16.1
3012,2019-08-04T11:06:08Z,549e8785d3249c38e0c577947392ab324d318a5a9b125b5d03e023d2,60.17065,24.93641,000000000f4919c9,29.32
3013,2019-08-04T11:06:08Z,54d53f276563f566e1cd61b100408412cf78b4fe9fcada830aa6e23b,60.14947,24.91438,000000004ef3150d,7.69
3014,2019-08-04T11:06:08Z,5518b2315c236d486c7a5a4fc27c44987672b2f9a0751ffdaa9cbf78,60.16829,24.94214,00000000afef4555,4.11
3015,2019-08-04T11:06:08Z,56101419005237b836e4ed14d91dfa6f9edc4c92b5fcb419943897bb,60.16762,24.95415,000000006b44cce7,5.91
3016,2019-08-04T11:06:08Z,56318cc7f3616fceec2564cbb1f6ca8b88ea861935a1ada93aafd7b0,60.16897,24.95222,00000000aa852af1,16.1
3017,2019-08-04T11:06:08Z,571934189bf349efb6f596e76c21612cf9b82ed44913090169936048,60.17065,24.93641,000000000f4919c9,9.12
3018,2019-08-04T11:06:08Z,579ea129e99082446da0a3f358091546de1f8b2db0feb92b86d25a89,60.149,24.9843,00000000fffb8cf0,13.75
3019,2019-08-04T11:06:08Z,586f70961bf72597ce00f89d3602178ecc6ac8838a8acec48bba7f9f,60.14699,24.922,00000000a53ed894,17.4
3020,2019-08-04T11:06:08Z,58ee8fd47328b1c696ec343920f2c0353d19a915924eb6f6f2638e56,60.16762,24.95415,000000006b44cce7,7.69
3021,2019-08-04T11:06:08Z,59b87e6921598d25b092b66e140328fa03c9f06fe4e697dd344f378a,60.17002,24.94407,000000006b087f40,36.27
3022,2019-08-04T11:06:08Z,5a6d2f34f7f677bf47ee3d08ac1371b3ad3d7f7f027685cf4740ab78,60.16762,24.95415,000000006b44cce7,10.78
3023,2019-08-04T11:06:08Z,5a755f0653ee0e334448418099ed85023db0a9984c280cfbadd74160,60.173,24.92524,0000000096918cfa,20.28
3024,2019-08-04T11:06:08Z,5d1a06a2f2536539d5cec19312d4b71ac6096ed0d84ef850b95c01ec,60.17065,24.93641,000000000f4919c9,18.79
3025,2019-08-04T11:06:08Z,5d9aa6fcb0d81ceaa80ca13cc08a88138be517656646e0ba0942ce46,60.16897,24.95222,00000000aa852af1,21.87
3026,2019-08-04T11:06:08Z,5e1b81ba9814d7b5cb5e067b8278209360ca1db4a0230562e652dc0c,60.16762,24.95415,000000006b44cce7,12.69
3027,2019-08-04T11:06:08Z,6022019a95573b888ca7b3161da098935ea0ad7793437ee40a32a5f3,60.14699,24.922,00000000a53ed894,13.75
3028,2019-08-04T11:06:08Z,604a02f00cf5d2e059c26ee48a07cd30e608c4b00f17f447c028da58,60.16762,24.95415,000000006b44cce7,23.56
3029,2019-08-04T11:06:08Z,62d86ee13e6ae7a5c41ffc2de746df72d4ef6e8d2b6a51ce1c68965f,60.16829,24.94214,00000000afef4555,18.79
3030,2019-08-04T11:06:08Z,62e27092b58abcaf80564c408d0d4a7b821abaee92dc2f02ccb11e61,60.16762,24.95415,000000006b44cce7,5.91
3031,2019-08-04T11:06:08Z,6516dabf89c263b3e81ba60bcba8052b571d4c12484126d3a5f20ef1,60.149,24.9843,00000000fffb8cf0,31.5
3032,2019-08-04T11:06:08Z,658aacab016460cfc38879944e374640737b32d7291a40aed8b8845c,60.16897,24.95222,00000000aa852af1,20.28
3033,2019-08-04T11:06:08Z,6656d2ce0a18f92aca4d99810ecaefe94dbe9a0e2ea987f1702aeecb,60.16762,24.95415,000000006b44cce7,7.05
3034,2019-08-04T11:06:08Z,66755836036c771e53ffd9d0dc09b8575231b53b80af22e868691a2a,60.14699,24.922,00000000a53ed894,1.88
3035,2019-08-04T11:06:08Z,67598a1e0a26360b38ffc4bd67aa05290556cdaea97554dfb9d8bdad,60.16762,24.95415,000000006b44cce7,10.78
3036,2019-08-04T11:06:08Z,69852d528034ea6fc746ed8942c32f1c90bc33a7a7317dfac3c9b1c1,60.14699,24.922,00000000a53ed894,9.92
3037,2019-08-04T11:06:08Z,6990b912b53e2278e4a3d421330e44169d05b275ad57d86ff4ad1615,60.14699,24.922,00000000a53ed894,29.32
3038,2019-08-04T11:06:08Z,69d8c906060e226ff0f0f7e78029575f2ee07ebec657a3b641419268,60.14699,24.922,00000000a53ed894,6.46
3039,2019-08-04T11:06:08Z,6ac1903c80e63433e4bc744dc0e801bff647117d38d3753fb9a6a4c1,60.173,24.92524,0000000096918cfa,10.78
3040,2019-08-04T11:06:08Z,6b3836e78400caa9d7373678bf33faf8b137556c7ee47e73251c3e4a,60.14699,24.922,00000000a53ed894,20.28
3041,2019-08-04T11:06:08Z,6c637347d64659d1b29b0461397fccfbff09339872c14e32469fbd0f,60.16762,24.95415,000000006b44cce7,20.28
3042,2019-08-04T11:06:08Z,6e2fbf091d5c86667e060d7ec44f48f0f5d7b1d55b1899f2939f247a,60.16762,24.95415,000000006b44cce7,3.09
3043,2019-08-04T11:06:08Z,6e492dbc3f10157e7ff00826a839a97262ab36244ccc57b702a89999,60.16531,24.9442,00000000fdda10fe,4.11
3044,2019-08-04T11:06:08Z,6eeb71c74d753822f920829149d942cf52b726b0b83c5aa3e6cb132e,60.16762,24.95415,000000006b44cce7,7.69
3045,2019-08-04T11:06:08Z,700c14fe35186c01f82d0f13e99678e0c1db2b2fd58051b08fda606a,60.16448,24.97323,0000000053c6c2be,36.27
3046,2019-08-04T11:06:08Z,70865ff0fd32dc9fc73f25e929a40535a717664003e66c14224a9d90,60.16762,24.95415,000000006b44cce7,10.78
3047,2019-08-04T11:06:08Z,70ffae2b8178e0915c5de7816f8dd8bcc3af745ee49df8ac4da4adba,60.17918,24.95141,00000000675d5200,14.89
3048,2019-08-04T11:06:08Z,71516fc8349cfaf2b5c4ab80ade6078494d93d13e9953af15e5ced30,60.18203,24.91341,00000000342570c2,17.4
3049,2019-08-04T11:06:08Z,72643b0b4e164f00025c55690f9e958404d707995603660d898a4ca1,60.16762,24.95415,000000006b44cce7,13.75
3050,2019-08-04T11:06:08Z,72b4055182e6b02751fa4daaf8f21f6dcd2042bb9c76c98fa317e24a,60.16897,24.95222,00000000aa852af1,25.36
3051,2019-08-04T11:06:08Z,738973c9b5f9882f29075e47ca10e50ba3fb9883da779f41545175f4,60.17919,24.95181,000000007b5207b6,10.78
3052,2019-08-04T11:06:08Z,73f9caa620c77e880d8973e260936b1114db9c96de6accf8398ccec0,60.17002,24.94407,000000006b087f40,20.28
3053,2019-08-04T11:06:08Z,7484ecf89e24efb4a366562730f7341391f930dad7b216184022d0da,60.173,24.92524,0000000096918cfa,25.36
3054,2019-08-04T11:06:08Z,74c2ec2adc228e5b4979284d730fd2de698242f0f06d90f870b8cde6,60.16762,24.95415,000000006b44cce7,2.08
3055,2019-08-04T11:06:08Z,7557ee524bf436bdc7611b9d6b04aa9605876ab1815612b143b5d2fe,60.16629,24.95957,00000000fb7600be,29.32
3056,2019-08-04T11:06:08Z,76444267ea4d5365cef684a446be8cc3482dc3b1b516cdb7850e717f,60.16762,24.95415,000000006b44cce7,21.87
3057,2019-08-04T11:06:08Z,79249857aa88aacfdce42eef6ed8e8bcca6a4550672e5d4552c120d0,60.16762,24.95415,000000006b44cce7,13.75
3058,2019-08-04T11:06:08Z,79bde23c1a8980f93a65e14306f0d8ea89e164430d8b991e2bfee82e,60.16531,24.9442,00000000fdda10fe,13.75
3059,2019-08-04T11:06:08Z,7a7443a2060675f4b9755ab53cca1f1053bdfe0e4f98acd95b61544b,60.17065,24.93641,000000000f4919c9,25.36
3060,2019-08-04T11:06:08Z,7afc351f0ed7619c18c64ab06971196bb53d53e2d460151ab711bc0f,60.16762,24.95415,000000006b44cce7,9.12
3061,2019-08-04T11:06:08Z,7bb434564bd2430d4e1fff5a245098d487317d3e7e7edde956307d45,60.14951,24.92138,0000000006dd41f6,31.5
3062,2019-08-04T11:06:08Z,7bdbfc042dd024cb5630bef515de25ef67819b5acb44ef00df4695d4,60.149,24.9843,00000000fffb8cf0,27.28
3063,2019-08-04T11:06:08Z,7c0622333c8795e1c2889943aba044b95226cbe3c444361da8f8d40e,60.16897,24.95222,00000000aa852af1,31.5
3064,2019-08-04T11:06:08Z,7c55ecf165387948602e82b684a55be093691849fde2d96ad6574475,60.17065,24.93641,000000000f4919c9,21.87
3065,2019-08-04T11:06:08Z,7ddcdde2316659d0fa4b8597b86430e095ea0bc7f3564a9d05fc60f8,60.16897,24.95222,00000000aa852af1,29.32
3066,2019-08-04T11:06:08Z,7de4ba54f0d667a69cb0b6d625856bc6b040f51a42f91beae366a269,60.16762,24.95415,000000006b44cce7,3.4
3067,2019-08-04T11:06:08Z,7e78b2348d9576c63ebb626030ee9d43e2bf07e860782adf3f1c452b,60.16829,24.94214,00000000afef4555,12.69
3068,2019-08-04T11:06:08Z,818bf826a20805f91325b634ae02107683c949bcfc7c472917f02db0,60.16762,24.95415,000000006b44cce7,14.89
3069,2019-08-04T11:06:08Z,822590bd49bcf7ed4de4f8389586915c343b29c4283ff8b90d7c1d39,60.17065,24.93641,000000000f4919c9,14.89
3070,2019-08-04T11:06:08Z,82ac749474448abac333d00869cb8b508872f86293913d95eae26a05,60.15432,24.9211,0000000019fb59c4,6.46
3071,2019-08-04T11:06:08Z,82cddd3b9f58762d36efe78da4e2722ee587cfdb3fdbc58b52673082,60.16629,24.95957,00000000fb7600be,13.75
3072,2019-08-04T11:06:08Z,844b8ad6ebf530978d1139d527a681991f4d3eed6be5bc723f0b2192,60.16531,24.9442,00000000fdda10fe,1.12
3073,2019-08-04T11:06:08Z,85b440c4e1125b1e2531499de3b19b82ae4b7eabb4d89c63c97fa83b,60.16829,24.94214,00000000afef4555,33.81
3074,2019-08-04T11:06:08Z,87f4cf4baea8c5dfe1bc7812cc969574058bd4d2dda215192bcfc53f,60.14699,24.922,00000000a53ed894,4.5
3075,2019-08-04T11:06:08Z,886032718e05487be8bd75bb14464814044c7edd7f9a2198304f6fb4,60.16629,24.95957,00000000fb7600be,16.1
3076,2019-08-04T11:06:08Z,88ee7d98af3d9470df5daf433cfa0405f6225cb56b98b7c48d260fd4,60.17002,24.94407,000000006b087f40,5.41
3077,2019-08-04T11:06:08Z,89a0b9dbc48913c8657aab1402ead05f97204162f5c1db97fe645302,60.16762,24.95415,000000006b44cce7,13.75
3078,2019-08-04T11:06:08Z,89df1daad350e46d526e113019214d2e1a19d8f48da761bb3583399b,60.16762,24.95415,000000006b44cce7,3.74
3079,2019-08-04T11:06:08Z,8a7f5012c000c420f0a336a3988c72cf2b373818f4f3f369e994d8e4,60.16829,24.94214,00000000afef4555,31.5
3080,2019-08-04T11:06:08Z,8bffe034066821502092859341756212a0dcb6b2c605852c0c40fdeb,60.16762,24.95415,000000006b44cce7,13.75
3081,2019-08-04T11:06:08Z,8ca6cbf91a04db796810f40ee019369f331d79472e4acd09f75cbac8,60.16829,24.94214,00000000afef4555,21.87
3082,2019-08-04T11:06:08Z,8f998d0e47a5fb2e84c8dcffb4a33ca4adeaf8db93423df171988c1e,60.16629,24.95957,00000000fb7600be,25.36
3083,2019-08-04T11:06:08Z,9076d80e9828efb679c61440c6dcc2fce4d90055e5fb084d00bb87fb,60.173,24.92524,0000000096918cfa,29.32
3084,2019-08-04T11:06:08Z,90a7a2779a546d0a67f676fbd33964bfec098cc7d3c6617a5c0f6b88,60.16762,24.95415,000000006b44cce7,2.54
3085,2019-08-04T11:06:08Z,90b12d2b9898702fd62b343512e0d53796ae38decdf704e203a0cc39,60.16829,24.94214,00000000afef4555,25.36
3086,2019-08-04T11:06:08Z,90da50922eb335c093783f88d74e12fd3316372c836888bd15b2af1b,60.16762,24.95415,000000006b44cce7,14.89
3087,2019-08-04T11:06:08Z,91602a694bc74a2874ba7f02a7bae062a3a77cd869b86a74800415b8,60.17918,24.95141,00000000675d5200,16.1
3088,2019-08-04T11:06:08Z,922a255faab8fa07938e1681a3486985f3a0dd4cee03eeb495c27a4e,60.173,24.92524,0000000096918cfa,29.32
3089,2019-08-04T11:06:08Z,92df20d921f76c63470e3f5afbe201d3ae15f5133f66c291db796082,60.16629,24.95957,00000000fb7600be,13.75
3090,2019-08-04T11:06:08Z,93272ad17155ea9499641eda7c5560691582116096278b82738ab21e,60.14699,24.922,00000000a53ed894,4.5
3091,2019-08-04T11:06:08Z,93be2ffbdd44740291e9e0b73792e85df915264539f1f8f2e7ec7235,60.16629,24.95957,00000000fb7600be,17.4
3092,2019-08-04T11:06:08Z,951482f3e2e41b496e34885c346c4a7ab09427178119caa9b8bbcbb6,60.14947,24.91438,000000004ef3150d,4.94
3093,2019-08-04T11:06:08Z,956e6783464bae6253294c4a0be99eef3a8bdb0125c4c190587c0fa8,60.17002,24.94407,000000006b087f40,25.36
3094,2019-08-04T11:06:08Z,97490f522f1a0226c8f7e8ed7bca08dd71b63d80b46d38020127b868,60.14699,24.922,00000000a53ed894,17.4
3095,2019-08-04T11:06:08Z,998a30ee5f5ff6d2bc9ed04420591e525ded59ad66d09eefa240cc8e,60.16762,24.95415,000000006b44cce7,11.7
3096,2019-08-04T11:06:08Z,998ac46ad73c197bab1f36dca67d8bcaa3aca92249185a5e3715043f,60.17065,24.93641,000000000f4919c9,17.4
3097,2019-08-04T11:06:08Z,99b998b07243afd316e6fa57636b0ab6761b9c2a6f0fe050eae40c08,60.16762,24.95415,000000006b44cce7,9.12
3098,2019-08-04T11:06:08Z,9a49d0b5a67fba15ce8971503f6fea88994b33487a842397c5e8564f,60.16762,24.95415,000000006b44cce7,4.11
3099,2019-08-04T11:06:08Z,9aa588cb6f425117e45726b6b9adb7ef86c8f7c8113b547dc61f068a,60.16897,24.95222,00000000aa852af1,13.75
3100,2019-08-04T11:06:08Z,9ab0a60cb60531417ac6ec5ebc6ef591d2f39019c6b0bcb5a89101a2,60.14699,24.922,00000000a53ed894,13.75
3101,2019-08-04T11:06:08Z,9b24f69458294d27d07a0169665965135fd02f4c953f85bcebf4ba87,60.16762,24.95415,000000006b44cce7,14.89
3102,2019-08-04T11:06:08Z,9b4b0705e58750d2bcbd71ad65d85677f7e77db5dfe69d1a70b5d31f,60.17919,24.95181,000000007b5207b6,10.78
3103,2019-08-04T11:06:08Z,9bef562c292174f1eb3933116effff74a8733a78e5c1df140de3fd6c,60.17919,24.95181,000000007b5207b6,14.89
3104,2019-08-04T11:06:08Z,9c0b1d2c4c67c07e547e810a94efeaaa1187ae82977e03748470281c,60.16897,24.95222,00000000aa852af1,18.79
3105,2019-08-04T11:06:08Z,9ced7d70503ba24882b6e283fa95ce42e02c1a3618adeb448558c50c,60.16897,24.95222,00000000aa852af1,21.87
3106,2019-08-04T11:06:08Z,9eb1e9bfdceb76ef852f89ebd82139602125f9731b791465e1c21f81,60.16829,24.94214,00000000afef4555,10.78
3107,2019-08-04T11:06:08Z,a066e2044b486819fe2185765f63ed87f8d10c502f26a01be1f1a758,60.149,24.9843,00000000fffb8cf0,27.28
3108,2019-08-04T11:06:08Z,a1439b6683d0598c7a05080c3693a17c198f7b8c3297c77324ef4859,60.16829,24.94214,00000000afef4555,0.71
3109,2019-08-04T11:06:08Z,a25b897b52089b243421b68349d3f15e60ce8249d11c889a4626bfc7,60.18203,24.91341,00000000342570c2,21.87
3110,2019-08-04T11:06:08Z,a30740fbf4b7e21f6fe2996e9325c90936de161cb2165e87cd96fd35,60.149,24.9843,00000000fffb8cf0,5.91
3111,2019-08-04T11:06:08Z,a50e0bb8fd1ad4ad264c3246b210a0c6285faae591c1bd2c2c3458af,60.16829,24.94214,00000000afef4555,13.75
3112,2019-08-04T11:06:08Z,a5835ce352a1e6d8fb6bdc410fae1076c756f7dac8e202465add9277,60.16762,24.95415,000000006b44cce7,12.69
3113,2019-08-04T11:06:08Z,a5d632ac8ffc19a626de034d3c9444fd262ee6edada285c816ea9266,60.16531,24.9442,00000000fdda10fe,4.94
3114,2019-08-04T11:06:08Z,a81c19fb85eebf853246cdc4d8e38245dfa5ba15c180eaa1bcc0378d,60.16829,24.94214,00000000afef4555,16.1
3115,2019-08-04T11:06:08Z,a98fc06dc605583814a2aa182295b88f81657ef2daeee7aaec792e7c,60.16762,24.95415,000000006b44cce7,10.78
3116,2019-08-04T11:06:08Z,a99331c8ffa6025a6415a70989273c6f629ac5ad321591e5f61d3654,60.16762,24.95415,000000006b44cce7,14.89
3117,2019-08-04T11:06:08Z,aa13e498edf9f46e910da649451b89f99f275d8fa16839b7bf158289,60.149,24.9843,00000000fffb8cf0,27.28
3118,2019-08-04T11:06:08Z,aa4547c0b6b8be30776e08d524ceeacfbc9930ad720e11fa4cb20882,60.16531,24.9442,00000000fdda10fe,1.25
3119,2019-08-04T11:06:08Z,aa45859d6157e9e86470ec8b81957acc35bafb1b7f419d79357a38cf,60.16829,24.94214,00000000afef4555,9.92
3120,2019-08-04T11:06:08Z,ab1377ddf669bb806f8db586f4ce5ab9f0f4257dda61fe800d8509f5,60.17065,24.93641,000000000f4919c9,16.1
3121,2019-08-04T11:06:08Z,ab7697ba77150d46c95d1b02fef085ed91925d425393d8ad1097adcc,60.17002,24.94407,000000006b087f40,17.4
3122,2019-08-04T11:06:08Z,ac5c7e04b55d6d70659e5b8f4705309b9367c78a0edb7ce85f42c181,60.1538,24.95595,0000000038bf9618,29.32
3123,2019-08-04T11:06:08Z,ac921373f49635f5207c61b2f91377ca1cd682be527d3b5fbc78ed7b,60.16829,24.94214,00000000afef4555,17.4
3124,2019-08-04T11:06:08Z,ae2143f0fab3405d38da14312fd801d7d7524534cd3ffeadc631feb0,60.149,24.9843,00000000fffb8cf0,25.36
3125,2019-08-04T11:06:08Z,ae3cda5066e455d4b1e58860e8fb7a35efad69b9964a676b476b0687,60.14947,24.91438,000000004ef3150d,6.46
3126,2019-08-04T11:06:08Z,af871cd90bdae830f68791fede6ef4a2f91a7c928f682971936d755b,60.16829,24.94214,00000000afef4555,31.5
3127,2019-08-04T11:06:08Z,b02a0be9ec3a2bb1acba16daee232202f9a06ac84e0dcc9a80dddf6a,60.16762,24.95415,000000006b44cce7,7.69
3128,2019-08-04T11:06:08Z,b0d6202ccd1560eaf57c06931cb6466332e41068ad2963e515819015,60.17918,24.95141,00000000675d5200,31.5
3129,2019-08-04T11:06:08Z,b2298fc6f63c02481610f9aef24f1a0c1711c255adc43c0fe135c1ca,60.14947,24.91438,000000004ef3150d,12.69
3130,2019-08-04T11:06:08Z,b3266ecf36a984b814e1b2d31b447438bd948a9c116721480104792f,60.16829,24.94214,00000000afef4555,12.69
3131,2019-08-04T11:06:08Z,b3306cd4af1d1a04ef09567c8908ad55c56d9bf6ec7c10af9aea3dea,60.17002,24.94407,000000006b087f40,29.32
3132,2019-08-04T11:06:08Z,b364afaf81164cbf2af22967b068e3f61253af381895a3a452fc9e57,60.16762,24.95415,000000006b44cce7,20.28
3133,2019-08-04T11:06:08Z,b4c8900041e9f8751755d3940ceac58419e6370cd81cdb90d7800de1,60.14699,24.922,00000000a53ed894,21.87
3134,2019-08-04T11:06:08Z,b50b3c2006581bccfeaa9ea964649350c7d5b8177baa29a37e628584,60.14947,24.91438,000000004ef3150d,16.1
3135,2019-08-04T11:06:08Z,b59631b8902194c916f7d3ddcc02d4200a3de0380fa554d87e6856c0,60.17002,24.94407,000000006b087f40,18.79
3136,2019-08-04T11:06:08Z,b5cdbcdc30e0bf653ce353c867708b0067db5e394c8cbe848d978a77,60.14699,24.922,00000000a53ed894,9.12
3137,2019-08-04T11:06:08Z,b5f80d159e59c4558e49ea6fb68f6bc72ee9eb92bee60991bdf4e46f,60.16762,24.95415,000000006b44cce7,4.5
3138,2019-08-04T11:06:08Z,b81e65168ea3278486b1c954ab229bc2eda3fe07098e824f05cd0ac4,60.149,24.9843,00000000fffb8cf0,25.36
3139,2019-08-04T11:06:08Z,b8f5834e6b992cf5568ae3153fb4b07e97b7f6dd01250851134c1824,60.149,24.9843,00000000fffb8cf0,27.28
3140,2019-08-04T11:06:08Z,b8fa848688a5668fb3f775eafe9b0be3f91e7451c2d4aa32b60986ef,60.16762,24.95415,000000006b44cce7,12.69
3141,2019-08-04T11:06:08Z,b9447a524f5b5bf98585b27b92195b09869ee9cd9da3cf8d2b59c57d,60.16829,24.94214,00000000afef4555,14.89
3142,2019-08-04T11:06:08Z,ba288a5fd2befbc9ed08e7876ad7cb2bd8bfe6f5756d2ffe8e2dc558,60.17002,24.94407,000000006b087f40,18.79
3143,2019-08-04T11:06:08Z,bbf7d8b9085ddcd3b94f55f93b52cb40a251c44f5df4099ba5b61471,60.16829,24.94214,00000000afef4555,11.7
3144,2019-08-04T11:06:08Z,bc07df8cc395f6f4f5d483b2233caca5f93a6918f346e4cc3702f8cc,60.16531,24.9442,00000000fdda10fe,18.79
3145,2019-08-04T11:06:08Z,bd7fa2c07b7e0eab8afb3d9825a810643c2eb71f83c09a1e26cac54c,60.16762,24.95415,000000006b44cce7,7.69
3146,2019-08-04T11:06:08Z,bdc8bd416444be70683b3475302093428e4abe14284e9579617fe8ea,60.1638,24.96846,00000000d747f075,17.4
3147,2019-08-04T11:06:08Z,bff92c3be0d8de88cc9b2794e16115c69bbff191757cfebba2f5800d,60.16544,24.95398,0000000038d83d41,38.87
3148,2019-08-04T11:06:08Z,c012e9e2caf1002d24e53817bb1279becdfc4aa9dba085e93ddd88e9,60.17002,24.94407,000000006b087f40,20.28
3149,2019-08-04T11:06:08Z,c10ea5737569b2a03f49eba95e66b0cc8ed2a5b8136964be3395e452,60.16762,24.95415,000000006b44cce7,12.69
3150,2019-08-04T11:06:08Z,c26838ba90ff36e1d86e327d1623e206734b7c8db8e463218bd43123,60.16762,24.95415,000000006b44cce7,5.91
3151,2019-08-04T11:06:08Z,c27fee8ae8d689338b043608280c83cfa6f3276d3837ecea5f742dc3,60.16762,24.95415,000000006b44cce7,5.41
3152,2019-08-04T11:06:08Z,c295586f7beda12838a6631ba525676d39d7d054c321b62de8c8c3d2,60.16629,24.95957,00000000fb7600be,14.89
3153,2019-08-04T11:06:08Z,c2ac666d5ee7f3743c70750aa1523a594c72821922dbe9079f73056d,60.149,24.9843,00000000fffb8cf0,29.32
3154,2019-08-04T11:06:08Z,c2cc33e5b1b8d254d4bcbc0ffa13c9200676a39a191cc31a38d28d8d,60.17065,24.93641,000000000f4919c9,25.36
3155,2019-08-04T11:06:08Z,c2e135ad2c160277e290705658ac41d7cd35b11ebf61d829fdd0b428,60.14699,24.922,00000000a53ed894,12.69
3156,2019-08-04T11:06:08Z,c3d7f6d625359ad4042bacb37751e1e5a2b377cbba0ee8788cfc2df4,60.16829,24.94214,00000000afef4555,38.87
3157,2019-08-04T11:06:08Z,c45e3c4e8ec0fc85457d3b4ed4c49ed0116b4cf447e2983f353abcd8,60.16829,24.94214,00000000afef4555,18.79
3158,2019-08-04T11:06:08Z,c55894159f2080031cda702c78ee54463c3c15ab1b3638afdf687f08,60.16531,24.9442,00000000fdda10fe,7.05
3159,2019-08-04T11:06:08Z,c6084def1a2422f6fc267582e4ed73f2df4fc2ff8039ba70782741e6,60.16897,24.95222,00000000aa852af1,27.28
3160,2019-08-04T11:06:08Z,c6b0ea433c3fdc73e0bac7e3faa2690506c4e8ec7fc54210446a7ffa,60.14947,24.91438,000000004ef3150d,8.38
3161,2019-08-04T11:06:08Z,c8348938d0ebafd342c966ca86c2bbd8e8e661471ae04ba49b5516d8,60.16762,24.95415,000000006b44cce7,16.1
3162,2019-08-04T11:06:08Z,c990a15d27cfc21e63b7c96b95949254f1194e8b27118386a589e2bd,60.16897,24.95222,00000000aa852af1,16.1
3163,2019-08-04T11:06:08Z,cb2f32be2e27fc44ead887ff7f76c0199bf68b2c6711e6880f4acd01,60.16762,24.95415,000000006b44cce7,4.11
3164,2019-08-04T11:06:08Z,cb835fd4fac726f1e4267acd6118f57b62a0444d69f948745a601682,60.16762,24.95415,000000006b44cce7,14.89
3165,2019-08-04T11:06:08Z,cd7d0e9404c9f4e8fab0742460b9acb4d5bbb97f44df80d4a8b973cd,60.17002,24.94407,000000006b087f40,16.1
3166,2019-08-04T11:06:08Z,cddbfc3b0a1459f0ea8d553779cf320d512cac6e64976182f2f0b3b7,60.16829,24.94214,00000000afef4555,20.28
3167,2019-08-04T11:06:08Z,cf241827513137f094cda8111245217a32612fdb8fdb573be6e1893d,60.16762,24.95415,000000006b44cce7,17.4
3168,2019-08-04T11:06:08Z,cfc79310c3124813bbb9cfe4d4edc24cfa4b7c23419b4517c5eed261,60.16448,24.97323,0000000053c6c2be,27.28
3169,2019-08-04T11:06:08Z,d04b5065ec93818b731141027d11e6a1cf53de69b9737d7aea0c34da,60.14947,24.91438,000000004ef3150d,12.69
3170,2019-08-04T11:06:08Z,d20f68571773330f7b6490b006b2e952c9912b4ee05e20f0fc434698,60.16629,24.95957,00000000fb7600be,25.36
3171,2019-08-04T11:06:08Z,d2e3bf982b10b2079eaa464127a286409c5030b21ffe9a2ce08bbb9c,60.16762,24.95415,000000006b44cce7,11.7
3172,2019-08-04T11:06:08Z,d2fd0c6415d2d8e49fef3415fb8747b524191b4400a4fbb66428cb12,60.14699,24.922,00000000a53ed894,14.89
3173,2019-08-04T11:06:08Z,d4c9ea46d58288bf42808788e668072465d91dd3c874a8a51de5794e,60.16897,24.95222,00000000aa852af1,9.92
3174,2019-08-04T11:06:08Z,d68f1946805ba3d30f9ba25280986fbe003f3b5dce7245b633e0cb5c,60.16762,24.95415,000000006b44cce7,10.78
3175,2019-08-04T11:06:08Z,d6a8c97f1ec18c7a90d3beae358bad67f8d53626258a852e15b08c5d,60.14699,24.922,00000000a53ed894,8.38
3176,2019-08-04T11:06:08Z,d71a315bac918f9a18fcd820731e6d9eb54fb0d01c324ca088ef8858,60.149,24.9843,00000000fffb8cf0,16.1
3177,2019-08-04T11:06:08Z,d83c1c2d3a3876c948e277bace6d013eafc0c4e118958e138f8b1257,60.16448,24.97323,0000000053c6c2be,29.32
3178,2019-08-04T11:06:08Z,d86f155736e4d36de5d33bdbb3b12b717b75de44852b93419af20945,60.16829,24.94214,00000000afef4555,14.89
3179,2019-08-04T11:06:08Z,da2398acaae7f39c7b80c220d4e6917bdc7655f4c71b6e36d06cb859,60.18203,24.91341,00000000342570c2,23.56
3180,2019-08-04T11:06:08Z,dab7015659d0cd7c18f681d6089a503f9c418ae9b1dc9077084a6bcb,60.16762,24.95415,000000006b44cce7,13.75
3181,2019-08-04T11:06:08Z,db4d3f81708de827ce30c4130610fd65b4d6d451ca5cf6b0c4e745d9,60.16829,24.94214,00000000afef4555,18.79
3182,2019-08-04T11:06:08Z,dbd2fa33dbaac339a8c9d8e04576b1088999b9314914676a2247737c,60.1638,24.96846,00000000d747f075,25.36
3183,2019-08-04T11:06:08Z,dc4043efe103db9ce55ad4d987a45cf9821cdc3e63cf7b15b6d48baf,60.16897,24.95222,00000000aa852af1,14.89
3184,2019-08-04T11:06:08Z,dc534c1cb5eb7f34b6b57bd93c8d9acb2685ba264563f6f388d09923,60.16762,24.95415,000000006b44cce7,18.79
3185,2019-08-04T11:06:08Z,dc816e92e4a2eceea03f41fc379fda0e3d57b5d0fbd9a06430432022,60.16762,24.95415,000000006b44cce7,3.4
3186,2019-08-04T11:06:08Z,dc82f9648bb5ba21e766e0923f5fa7ca2d77662ab0edbe22a3d95631,60.14699,24.922,00000000a53ed894,9.92
3187,2019-08-04T11:06:08Z,de48adf9d49eb3bc1d61dea4047618f6c77086fc44bd2b535d56504d,60.16762,24.95415,000000006b44cce7,5.91
3188,2019-08-04T11:06:08Z,de71e27b55ef6f2f51f05838a2fcab596f1dd93a14ece5ce4548f5c7,60.14699,24.922,00000000a53ed894,10.78
3189,2019-08-04T11:06:08Z,e01908a975abc95425179eadafdba31d371f1d64674c967686df87a3,60.149,24.9843,00000000fffb8cf0,6.46
3190,2019-08-04T11:06:08Z,e081e4b3252ca91bbf1cbb70faa116d60317fbf3a991a67bc99b4bfa,60.149,24.9843,00000000fffb8cf0,9.12
3191,2019-08-04T11:06:08Z,e0859a9c906151023376d86762070f38ba1b3859e671531b0edac6cd,60.16075,24.95883,00000000f1124bca,18.79
3192,2019-08-04T11:06:08Z,e1da87aea335bcd04e4c876158b96ebc7ba4206bc216c3aa27a2f4af,60.17919,24.95181,000000007b5207b6,3.09
3193,2019-08-04T11:06:08Z,e1ea248cca014d6f8b4231be052c67871b074465a396443b92a64064,60.1538,24.95595,0000000038bf9618,27.28
3194,2019-08-04T11:06:08Z,e305610124e16ed1411a221b29ce69a076cc47982efd6c098b0599ab,60.14947,24.91438,000000004ef3150d,18.79
3195,2019-08-04T11:06:08Z,e32e078697e70d6e3cb4b156ada3a4756315227b125615d7b5c116a7,60.16762,24.95415,000000006b44cce7,9.92
3196,2019-08-04T11:06:08Z,e4ff34a5653a4b3d11ba7f76306df5d8415c1f7b6bd9a9ea2c5ac591,60.16762,24.95415,000000006b44cce7,16.1
3197,2019-08-04T11:06:08Z,e53a901aed874016e1cd1ed3e9b2891fca850986cb2fa04f5162cf52,60.16762,24.95415,000000006b44cce7,0.59
3198,2019-08-04T11:06:08Z,e557e164cd52fd817b02cad6587a294d72b0974d9b014ad69ea5e08e,60.17919,24.95181,000000007b5207b6,10.78
3199,2019-08-04T11:06:08Z,e5b9b4813c081a31fb498e7f9adb94918c267dfa125c63790c0d9488,60.149,24.9843,00000000fffb8cf0,2.54
3200,2019-08-04T11:06:08Z,e82fb1b58cd1d81fb46e1dca3b34ae603aa01acb01ef1d8a7178defc,60.16544,24.95398,0000000038d83d41,16.1
3201,2019-08-04T11:06:08Z,e9d59e25b58f33f70aad6832863cb59d7485ca55a1575558f92b74e7,60.16897,24.95222,00000000aa852af1,14.89
3202,2019-08-04T11:06:08Z,ea156c99dd8945ef87da4c332787a6202e9eedc69f726cafae8d3258,60.1538,24.95595,0000000038bf9618,29.32
3203,2019-08-04T11:06:08Z,ea38d72fbf2215d530a70d6a97dcc603a44b18d4d7ce557a91cb80bb,60.16762,24.95415,000000006b44cce7,13.75
3204,2019-08-04T11:06:08Z,eb10ddb244dec4641f50a9b05b0e1cfdf4ac49e3dc3001cddb1e67c0,60.16762,24.95415,000000006b44cce7,7.05
3205,2019-08-04T11:06:08Z,eb261026c6f65b651ddf21bed629a1e164cfb500d0b78062704ec15c,60.16762,24.95415,000000006b44cce7,2.54
3206,2019-08-04T11:06:08Z,eb3dde73e84f5016b5545e9fa2e08d04257ebe448619783f90edcd23,60.16762,24.95415,000000006b44cce7,9.92
3207,2019-08-04T11:06:08Z,ec485175d2b7a2c53d03bf546aee134c116d998976601b069570c6f9,60.14699,24.922,00000000a53ed894,18.79
3208,2019-08-04T11:06:08Z,ecb1735f180422ec69f041cd2782a26c9f07d27a87893b3c30aaa9b7,60.16075,24.95883,00000000f1124bca,6.46
3209,2019-08-04T11:06:08Z,ecb5655da668bb183a5c270a96927649c323975e318184d248247099,60.16829,24.94214,00000000afef4555,20.28
3210,2019-08-04T11:06:08Z,ecf13e9d610ad235409932d263110fd52c69d0f5f39e9ffd3ad8b740,60.16897,24.95222,00000000aa852af1,9.92
3211,2019-08-04T11:06:08Z,ed2d595be8e7ee72cccd84fa483634bd63c5725e5b13d3db4bf7c033,60.149,24.9843,00000000fffb8cf0,25.36
3212,2019-08-04T11:06:08Z,ede13c9dc221bbc6c1daf78250fa6547303c06d7606c05ba0bf64547,60.17919,24.95181,000000007b5207b6,8.38
3213,2019-08-04T11:06:08Z,eea43687eab35d2c386347881796eb1c8279076b9e9642ebc2cd06ac,60.16762,24.95415,000000006b44cce7,4.94
3214,2019-08-04T11:06:08Z,ef15ff71b7dc4c2088249a4fca7e28900ae315245a7a3b4d571bf582,60.16829,24.94214,00000000afef4555,9.92
3215,2019-08-04T11:06:08Z,ef45fdc095ee55730384922266d8fce61de212d3c3df2441ea10e524,60.14947,24.91438,000000004ef3150d,10.78
3216,2019-08-04T11:06:08Z,ef5e495c5f9d3dd9eb22ed5b8faf1cc9e4225d4785ebb26a87d16fff,60.14699,24.922,00000000a53ed894,17.4
3217,2019-08-04T11:06:08Z,f014103201b8ae8f495f8e1e04da3c934079461391d4801ee6c2faaf,60.16762,24.95415,000000006b44cce7,14.89
3218,2019-08-04T11:06:08Z,f11c02cbebb4049a29f10d2ee6aac8a9ca3b7b9609a39d69463461a1,60.17065,24.93641,000000000f4919c9,25.36
3219,2019-08-04T11:06:08Z,f196f5f8c08299d290b3bac1944e00bb1f2c90594db66438b0c10e6e,60.16629,24.95957,00000000fb7600be,16.1
3220,2019-08-04T11:06:08Z,f5512b67b3c65354938977e3345feea995d2a82739c38c3e558c1201,60.16762,24.95415,000000006b44cce7,5.41
3221,2019-08-04T11:06:08Z,f5ffa3dbcdd5592ac31344cb04a7a6d639109a4d6e196fa0df3990dd,60.17065,24.93641,000000000f4919c9,18.79
3222,2019-08-04T11:06:08Z,f616fbd0fde8316049c3068ae4368dc9f486f8da4bf5516e9ba82578,60.16897,24.95222,00000000aa852af1,23.56
3223,2019-08-04T11:06:08Z,f7be7d003528c0c0827040a3a3723e49406a5a7c86cb4bc568a830db,60.17002,24.94407,000000006b087f40,16.1
3224,2019-08-04T11:06:08Z,f855918d61069661cbf8633b228a5fb9e5cd5ea7b2946bfc5b9fc315,60.16829,24.94214,00000000afef4555,18.79
3225,2019-08-04T11:06:08Z,f95b51e113af178a85194f6d86a20f88ce27b304e6bbcace8d314e39,60.16762,24.95415,000000006b44cce7,23.56
3226,2019-08-04T11:06:08Z,f9ed4361c378e7c740818b0c356acbffa4a161af2ffbecb803ace9b7,60.173,24.92524,0000000096918cfa,20.28
3227,2019-08-04T11:06:08Z,fa1579394f4980e1fe11248f7be4e646b601a3d8cdb9361f182d066c,60.16762,24.95415,000000006b44cce7,7.69
3228,2019-08-04T11:06:08Z,faee9c7cf21aa61809c94dd68268377841712fc4e488b094972b6a38,60.1538,24.95595,0000000038bf9618,41.64
3229,2019-08-04T11:06:08Z,fb37b263777ffcf7fe1fb6484821cae2b8beb03b5f5009109748dedb,60.16762,24.95415,000000006b44cce7,7.69
3230,2019-08-04T11:06:08Z,fbd28054e4a5478c8ca06f4d682405d1c59bef4853cad413ecb58d13,60.14699,24.922,00000000a53ed894,14.89
3231,2019-08-04T11:06:08Z,ff4558428827255010bce49fc8515ba871d17696d1ed727e6b60c1ea,60.18203,24.91341,00000000342570c2,27.28
3232,2019-08-04T11:06:08Z,ffb7319984ecae155652e100da9b204f0b92f3b6c7239cfea4dcf966,60.14699,24.922,00000000a53ed894,11.7
3233,2019-08-04T11:06:09Z,004c3624f943830bc6a9f17173a2cd0996622cade5184ad2b9fba729,60.16897,24.95222,00000000aa852af1,7.69
3234,2019-08-04T11:06:09Z,0152988639aaaa9cc27213280c8f0c0c8ec97ae6a45aaaf743c9c25d,60.16544,24.95398,0000000038d83d41,25.36
3235,2019-08-04T11:06:09Z,09ddbf38333e76a79fd836112bd8c3f8bf7f3dadfb3d49945ad4c486,60.16897,24.95222,00000000aa852af1,6.46
3236,2019-08-04T11:06:09Z,126e7fa4dd9205201617bdc0c7c346bfb57e1a75d3d7d3d9c260d51b,60.16629,24.95957,00000000fb7600be,17.4
3237,2019-08-04T11:06:09Z,128f1b89d7a534aa206a7823b692594bbd4d349761baa04c0fc72f2c,60.14947,24.91438,000000004ef3150d,7.69
3238,2019-08-04T11:06:09Z,14c7e1511b70f4dd3359cbece1377aebb4d70531f5489eefe53d7c3c,60.16544,24.95398,0000000038d83d41,29.32
3239,2019-08-04T11:06:09Z,16c994bb2e24124a910c247376d16e980a65626a94c4c0aaab27df60,60.16829,24.94214,00000000afef4555,20.28
3240,2019-08-04T11:06:09Z,1bba37ee9376f8052f3606bb777546c2c4d1e84dad7afd93d4cffa45,60.16762,24.95415,000000006b44cce7,14.89
3241,2019-08-04T11:06:09Z,25a7ff811c3c06e426c7c2cbb0433d9a2a3399b23afecbd35584ab0f,60.18203,24.91341,00000000342570c2,21.87
3242,2019-08-04T11:06:09Z,3b5cafe90982db26cf737b2e4cd4275276f6a031bca3b2a1f73023b2,60.14699,24.922,00000000a53ed894,14.89
3243,2019-08-04T11:06:09Z,3fe5f4ccfa5c777ceafda0674d7c9da6f509f6694b4c2fa254b32e73,60.16897,24.95222,00000000aa852af1,21.87
3244,2019-08-04T11:06:09Z,43b676ed3aef4c2d8846694817e76117873be52e7f788e0cb366c1c4,60.16629,24.95957,00000000fb7600be,21.87
3245,2019-08-04T11:06:09Z,44d0b94469070803869f229601e877beb613c3f5aafa009addf97a1a,60.16544,24.95398,0000000038d83d41,27.28
3246,2019-08-04T11:06:09Z,5d65719c4cbf045f068d084b72302f447d5fd034413d97d13be00d0e,60.18203,24.91341,00000000342570c2,18.79
3247,2019-08-04T11:06:09Z,5eed115a984d490b02b602d73787aee8dc8c4e9365b77fbff3818a76,60.16629,24.95957,00000000fb7600be,17.4
3248,2019-08-04T11:06:09Z,69219e9efa41ae9e732653e9eaf08e1a34cb853a9dafe76ddeea4d04,60.16897,24.95222,00000000aa852af1,17.4
3249,2019-08-04T11:06:09Z,6a70e2fbced719333e21eff04fcb9cb36bae9a04d1a3d6ddd96f2c58,60.15432,24.9211,0000000019fb59c4,5.91
3250,2019-08-04T11:06:09Z,6f06341f358e61699fe1e55e986dd0554bc8da28b91daf0c5ad99db6,60.16629,24.95957,00000000fb7600be,27.28
3251,2019-08-04T11:06:09Z,79f136afa0dd8717337c01c70b457c464aaf0fa25b440f51a394ec23,60.16762,24.95415,000000006b44cce7,13.75
3252,2019-08-04T11:06:09Z,85ef35aecf2ff804be3d958b592705ec41c6df9c128c132c65bb283d,60.16897,24.95222,00000000aa852af1,21.87
3253,2019-08-04T11:06:09Z,87dfaad29a9276ddddb1fa021d3bc23ad14824c1af16f7d87e713689,60.14951,24.92138,0000000006dd41f6,10.78
3254,2019-08-04T11:06:09Z,88808fe92573e9cdf022cc15b9689b6b4b9429f60513c8897b0ba4c7,60.16897,24.95222,00000000aa852af1,23.56
3255,2019-08-04T11:06:09Z,89982a6acf91b79a282a6b63978e946ee205f303fcd20e944e06baf0,60.16544,24.95398,0000000038d83d41,27.28
3256,2019-08-04T11:06:09Z,9843c6216661048343a0e49cf3d8aa2883cf77f452666a1c873a1052,60.16448,24.97323,0000000053c6c2be,13.75
3257,2019-08-04T11:06:09Z,9992834418850939882f3b334eee492eb98d4f9d6d6118f9ee108793,60.16762,24.95415,000000006b44cce7,2.8
3258,2019-08-04T11:06:09Z,9c8556ea519835172f09c20e7688066eeec8e7f74a0c6fa3df3d9c5f,60.16829,24.94214,00000000afef4555,33.81
3259,2019-08-04T11:06:09Z,9fc0711d7e7722eff7faa0cb6f17846680c06515c1eb93dd49ebcf25,60.14699,24.922,00000000a53ed894,13.75
3260,2019-08-04T11:06:09Z,a13e5d46f0a2d1c6b58878e1b198905e9b14e3a85b5e4adab88b4b87,60.16762,24.95415,000000006b44cce7,17.4
3261,2019-08-04T11:06:09Z,a91d379a4b57c5df22db0d7a041ff69f657b4b31f28554b1011fc03c,60.16544,24.95398,0000000038d83d41,25.36
3262,2019-08-04T11:06:09Z,b936e41d8712ae967f3ebb413fc44f060bb10613f95537757886ede2,60.16762,24.95415,000000006b44cce7,9.92
3263,2019-08-04T11:06:09Z,bca443064699e0ac05c40e587aef06d7fd580817e739133a501490bc,60.14699,24.922,00000000a53ed894,18.79
3264,2019-08-04T11:06:09Z,bfcaefe93f7fcb6aad6e62e3da473a7b5b03a62db532dad02a7d3559,60.16762,24.95415,000000006b44cce7,9.92
3265,2019-08-04T11:06:09Z,c40c37def6bf11a63a2556519a7c6233fd417cdeea2cf14f28e7c42c,60.16531,24.9442,00000000fdda10fe,41.64
3266,2019-08-04T11:06:09Z,c97eb4181394121907d47b908495f54e5ee5145ff790f7a1dc21b3cf,60.16897,24.95222,00000000aa852af1,10.78
3267,2019-08-04T11:06:09Z,ca6927628f5ddda20036865c9345ad93d476d62ade3b181de568eed6,60.16897,24.95222,00000000aa852af1,29.32
3268,2019-08-04T11:06:09Z,cf05623e4d87ce0906c0b0b7dbf53aacc1228016cd27c341228b6e76,60.18203,24.91341,00000000342570c2,17.4
3269,2019-08-04T11:06:09Z,cfc0bedb78ded52749db3188cb188bf6a250ef5990da9c5afa9623fc,60.14951,24.92138,0000000006dd41f6,23.56
3270,2019-08-04T11:06:09Z,dbeb00942457ba3c5fb1984b57b1dedb268c0e761e80729b939f1fd8,60.16544,24.95398,0000000038d83d41,17.4
3271,2019-08-04T11:06:09Z,de70f4707e34262e09161e7b3a8459b6f250e5462f70ff48f3178bb9,60.16829,24.94214,00000000afef4555,17.4
3272,2019-08-04T11:06:09Z,e224ae5ea47af2e3048f83b13a1f45dc135c0ca6be72547b01729086,60.1538,24.95595,0000000038bf9618,23.56
3273,2019-08-04T11:06:09Z,e8e366e76c97944e23c0f80b4fd3ce6e5832744922297146a49f0c7e,60.16762,24.95415,000000006b44cce7,14.89
3274,2019-08-04T11:06:09Z,e96bd269a48b822b06141c3362fcb6d5ed4d0d09a120f2e4a712d5c2,60.16897,24.95222,00000000aa852af1,23.56
3275,2019-08-04T11:06:09Z,ed70dda6b7faebd4340dacdb452ab224d9d3c308df417b7fa76f54e8,60.14951,24.92138,0000000006dd41f6,25.36
3276,2019-08-04T11:06:09Z,f088630d7476dae7d4b7e2bb1f10575f2c89acb4b6e061f3d57c2b40,60.16531,24.9442,00000000fdda10fe,25.36
3277,2019-08-04T11:06:09Z,f31cfded6f566f9c032c80c52ea642407be312c5d42521ab7a8d3e2a,60.16897,24.95222,00000000aa852af1,23.56
3278,2019-08-04T11:06:09Z,f405a7c4a3a4339f8e3f7e552f6492d6eed76f7d08c54943286213de,60.16762,24.95415,000000006b44cce7,16.1
3279,2019-08-04T11:06:09Z,fc4f3a44235f1cfc7b53f14ba2da599976a5a0a220d23b852688e485,60.17919,24.95181,000000007b5207b6,11.7
3280,2019-08-04T11:06:09Z,0043f38f4fb6545d7c033c9a8f8c18106aa0c2c841f28a15dd722e9d,60.14699,24.922,00000000a53ed894,16.1
3281,2019-08-04T11:06:09Z,007540b1ada16f6000987e20cd81a3deb18b2aea4cb95b50e099dcee,60.17065,24.93641,000000000f4919c9,18.79
3282,2019-08-04T11:06:09Z,00df07521690a1fb6e56d9506781a9888bb54e5230f6de1be64ba13f,60.14951,24.92138,0000000006dd41f6,25.36
3283,2019-08-04T11:06:09Z,01e47d49d859d6875c51173a8f2159c35733cff5d2c3e5044b4b42d1,60.16829,24.94214,00000000afef4555,20.28
3284,2019-08-04T11:06:09Z,0236a1d5b9b9d2249407a79705eee38de360ceb0530a8959ba5bc15b,60.149,24.9843,00000000fffb8cf0,16.1
3285,2019-08-04T11:06:09Z,05f52537369257fe91fca514a559e377e4e4644c7478e3c7a015ea28,60.18203,24.91341,00000000342570c2,18.79
3286,2019-08-04T11:06:09Z,0656a0c0a353f164b57fbdd9e648d71fab429964d97ed07ab2c5dc30,60.18203,24.91341,00000000342570c2,20.28
3287,2019-08-04T11:06:09Z,07505f028a552fd4183a9d7a436db18ae89a2dfeff0cdea93dcbe920,60.16762,24.95415,000000006b44cce7,9.12
3288,2019-08-04T11:06:09Z,07736b3f5deab4e1b7812473c78389d5152eb6e95aeb6b23741c90d6,60.16762,24.95415,000000006b44cce7,16.1
3289,2019-08-04T11:06:09Z,07d9aa9fe10e58c26960ba10eb2f13607a7cea0226acaecbdcc52508,60.16762,24.95415,000000006b44cce7,16.1
3290,2019-08-04T11:06:09Z,08833115ba0f62666fee594662c171563759459bb5f65ffdfeaeaed1,60.18203,24.91341,00000000342570c2,14.89
3291,2019-08-04T11:06:09Z,08b10b51864dc039f0a07c997e66e7a263ee1cde5b0b88b2a1178c58,60.16829,24.94214,00000000afef4555,13.75
3292,2019-08-04T11:06:09Z,0b45b52bc137c31ce83561c857f809296ec70f5537976a4a4d573d4f,60.16829,24.94214,00000000afef4555,9.12
3293,2019-08-04T11:06:09Z,0b49dcea1b7eab22f4ebd0c7666ded5b59fe092b8bdd4aa9eda6326d,60.16762,24.95415,000000006b44cce7,4.94
3294,2019-08-04T11:06:09Z,0c959027ce302054b09087cac97a83aa7e24fb9e4fa2710763f912cb,60.16829,24.94214,00000000afef4555,3.09
3295,2019-08-04T11:06:09Z,0d2490ed58c11eb4a754a30cc4bcb21c7243d322a2caf7cc360e4e8c,60.17065,24.93641,000000000f4919c9,10.78
3296,2019-08-04T11:06:09Z,0e113c5ed3abcdfb31d27c3125f6cf01e3b96e4ed7eca1aaea855f77,60.14947,24.91438,000000004ef3150d,17.4
3297,2019-08-04T11:06:09Z,0e9170bc93107bf16cd12839eca9ea157f19169d66085e8a435b0f1d,60.16762,24.95415,000000006b44cce7,4.11
3298,2019-08-04T11:06:09Z,0eb421f0e6ac48b15f69552f992309f03f88124ceb89cc780db7624a,60.16544,24.95398,0000000038d83d41,27.28
3299,2019-08-04T11:06:09Z,0fd26c6e46f4d73b276223942e56c38bc9b8e4566239f8a77261657b,60.17002,24.94407,000000006b087f40,23.56
3300,2019-08-04T11:06:09Z,1067b041807277ecf9cea5b55c265a37808239544e559e2cfdfcb3ce,60.16762,24.95415,000000006b44cce7,4.5
3301,2019-08-04T11:06:09Z,10ca87ada637a6524de98a11c8d3d3d3cfa8f7f5ea839b29c2b132a0,60.16762,24.95415,000000006b44cce7,9.12
3302,2019-08-04T11:06:09Z,1107822441d53ff89eb9cb0d022a37202aed47bd82dca4bc175d6837,60.16762,24.95415,000000006b44cce7,7.05
3303,2019-08-04T11:06:09Z,116e59da308964e8eb82cb6e5a758aad726ec3800f0fa17bc661e8fe,60.16762,24.95415,000000006b44cce7,7.05
3304,2019-08-04T11:06:09Z,117b6ba38be2f875c85c9c048106db4d2dbce58629a807d7d7773b6c,60.16762,24.95415,000000006b44cce7,7.69
3305,2019-08-04T11:06:09Z,1327ce24f157334f864f913637993c80380ce5f5c911e4b0d31c5eb7,60.149,24.9843,00000000fffb8cf0,1.54
3306,2019-08-04T11:06:09Z,1365132d13ab87aad75e2aee453b2f156807b7c75d31d948bdff798f,60.16762,24.95415,000000006b44cce7,10.78
3307,2019-08-04T11:06:09Z,1374f31e71652faf3e69316a295c22d59e560f15e35f42b003a89222,60.14699,24.922,00000000a53ed894,9.12
3308,2019-08-04T11:06:09Z,13b0a8ca1414d7b2b0e8d5f80069a5d26c6f62a68b58eda25a4b85f4,60.16829,24.94214,00000000afef4555,14.89
3309,2019-08-04T11:06:09Z,1556d4a76070c26554efa12b4b9c53766a4cc394e8b74ee37f2fff65,60.17065,24.93641,000000000f4919c9,21.87
3310,2019-08-04T11:06:09Z,163dbc381da1ed6a59dda273955da51bb7f1216e1b8e226446d40e4b,60.1538,24.95595,0000000038bf9618,29.32
3311,2019-08-04T11:06:09Z,169c77f0d714e38eb1e798b14fa42ce3fefb0ec1d6f9e93a38a872f1,60.16762,24.95415,000000006b44cce7,9.12
3312,2019-08-04T11:06:09Z,1921be9815a57f11f291ca085add7b4bf1d044518b03b725df7cf7d5,60.149,24.9843,00000000fffb8cf0,21.87
3313,2019-08-04T11:06:09Z,1a06b5f7f305badd45e93db9d86d76ed3a2a96ec55ec47c836921e3e,60.16762,24.95415,000000006b44cce7,11.7
3314,2019-08-04T11:06:09Z,1a9a0f74c353624c42c19c007e82c9c2547b7285d8353d0e375e3f05,60.14699,24.922,00000000a53ed894,2.8
3315,2019-08-04T11:06:09Z,1c8c3befa38b65f707dd4933a68e5e3c9e7c82592fd382779127416b,60.16897,24.95222,00000000aa852af1,27.28
3316,2019-08-04T11:06:09Z,1ce242f8d8220cd38bf3ea9138c99ae9b2f79b28e68edb864f090ec9,60.149,24.9843,00000000fffb8cf0,25.36
3317,2019-08-04T11:06:09Z,1dacfb371d75dd4f90f447aac2a00faad98beb4188a6971c19eb2375,60.16629,24.95957,00000000fb7600be,23.56
3318,2019-08-04T11:06:09Z,1ee3303bd995504d896c6d76585bb9c039ffb1db196ce44654540501,60.16897,24.95222,00000000aa852af1,25.36
3319,2019-08-04T11:06:09Z,1fa2c533bba37b249a0105001153733e67a559d40c22cab67f135f64,60.14947,24.91438,000000004ef3150d,3.4
3320,2019-08-04T11:06:09Z,2136558e0a9a89ed5aa044485a8e31bff3b7e5acf38c645a06782afd,60.16448,24.97323,0000000053c6c2be,23.56
3321,2019-08-04T11:06:09Z,227b93698b29687beea48184f42aab63a21fa362af7251be32db2e15,60.16531,24.9442,00000000fdda10fe,2.8
3322,2019-08-04T11:06:09Z,23786c82e2641aed0e0b004658480a212bf0397568e914487819045c,60.16897,24.95222,00000000aa852af1,33.81
3323,2019-08-04T11:06:09Z,23b4a8c7918ca417eab83481a710fd544e1fa8bf7073b5955c0155c8,60.14699,24.922,00000000a53ed894,21.87
3324,2019-08-04T11:06:09Z,23f10190151386d4050571cb299410bc0285ed980b0a00f088e01cf0,60.16762,24.95415,000000006b44cce7,9.92
3325,2019-08-04T11:06:09Z,2671a156fa8d8bb05970481c8f83bcf9f261f73dae27f2bb9ac88aeb,60.14699,24.922,00000000a53ed894,8.38
3326,2019-08-04T11:06:09Z,2724e42551f43106ea58a8fcc6a43953baa1294cd65e17a90012f706,60.17065,24.93641,000000000f4919c9,1.25
3327,2019-08-04T11:06:09Z,277125506ba4ea1afb2c696256b262e0708d43c30c769a1d4a382a76,60.16762,24.95415,000000006b44cce7,27.28
3328,2019-08-04T11:06:09Z,281461893e50629b8986dd379571f9c3ecf96b06039bde6f5c30c5d4,60.16897,24.95222,00000000aa852af1,31.5
3329,2019-08-04T11:06:09Z,29f5adc4d67413b7d368e8e94a41cf48339e3f5f0903f660170c4fe8,60.17919,24.95181,000000007b5207b6,17.4
3330,2019-08-04T11:06:09Z,2a80aed2c40e7e70ca12152ac812abd79aa1d13efcec25a6d3395136,60.16762,24.95415,000000006b44cce7,5.41
3331,2019-08-04T11:06:09Z,2b340ca3416f2ba214d44853ad0495223a557eb6b61baca53fd7dc54,60.16829,24.94214,00000000afef4555,10.78
3332,2019-08-04T11:06:09Z,2c85e4140ca0ba77c3598ceac05eb2c2342409ce8111c863fc58c606,60.16829,24.94214,00000000afef4555,0.71
3333,2019-08-04T11:06:09Z,2ccaeb30423977ff22b6afc29243b861b476a5f4ffafdf200d326d78,60.17002,24.94407,000000006b087f40,23.56
3334,2019-08-04T11:06:09Z,2de87ef94604fb63bec05eefb71b6cdd0b9807f8551159c2a35e7259,60.17065,24.93641,000000000f4919c9,4.11
3335,2019-08-04T11:06:09Z,2e6e6f89a7d75f0742d016de203c9acc8d6f6bdeb7b56bd12f482653,60.15432,24.9211,0000000019fb59c4,25.36
3336,2019-08-04T11:06:09Z,2f83e4cad2d924faecb3def25f54727f3e612bc5040c493dd6eccb1d,60.16897,24.95222,00000000aa852af1,17.4
3337,2019-08-04T11:06:09Z,2fe2e4165984d7880628aec591ce4747f18947da70312e6afca2946b,60.14699,24.922,00000000a53ed894,12.69
3338,2019-08-04T11:06:09Z,303e51dd6e5cca35a9f9f76fbe8ef97bd64a9dc6b4e965b1f74ca279,60.14699,24.922,00000000a53ed894,18.79
3339,2019-08-04T11:06:09Z,30bee351808d5e8082ce012b57f5bc0efc80f8394491a182e0eeee32,60.17918,24.95141,00000000675d5200,20.28
3340,2019-08-04T11:06:09Z,31659a798f1d780d587f07390c038a78fafa6cabb8180dba635863ce,60.17002,24.94407,000000006b087f40,18.79
3341,2019-08-04T11:06:09Z,3226c88241c6ac9d643c1843f44b6e5ee10df5f15a695e360582a9be,60.16829,24.94214,00000000afef4555,20.28
3342,2019-08-04T11:06:09Z,3262259981b4d615793e8692d3b8461ab7cc2c63789b0ce72c75075f,60.17918,24.95141,00000000675d5200,18.79
3343,2019-08-04T11:06:09Z,32f77f5019e5fce30881c214487361e2e34b8c93277f6e546de72012,60.1638,24.96846,00000000d747f075,23.56
3344,2019-08-04T11:06:09Z,3417d8a6b53687e70f126ebeb1d26a2ff6369dc9a551c3c35c5a04f9,60.17002,24.94407,000000006b087f40,21.87
3345,2019-08-04T11:06:09Z,35e26a55ffcf023f80c64d570297932cbeabb750c9f72ba981e2f66e,60.16762,24.95415,000000006b44cce7,20.28
3346,2019-08-04T11:06:09Z,35f337dd3baf0bc08002ec007d609b685ac29bb2a8bcad6783532a6b,60.16829,24.94214,00000000afef4555,17.4
3347,2019-08-04T11:06:09Z,374083907dd8980893623726af5633afd59b519c885ad12ba5c674eb,60.17002,24.94407,000000006b087f40,3.4
3348,2019-08-04T11:06:09Z,386dea4944e0b83648b4b6faf510fd47b0e9e29a2bb9311fe8a80ee2,60.17918,24.95141,00000000675d5200,9.92
3349,2019-08-04T11:06:09Z,3a23443662298e2601a38a20bcb69744211c52d9735d50c80d553ff4,60.16897,24.95222,00000000aa852af1,27.28
3350,2019-08-04T11:06:09Z,3ac85712ab657e849113d439795c4e7325d1025cacdbd9a41174b031,60.17002,24.94407,000000006b087f40,18.79
3351,2019-08-04T11:06:09Z,3ac9d056b0f04f774b238a125eb996d46437f7a8c5f6ba6712e971cf,60.17918,24.95141,00000000675d5200,8.38
3352,2019-08-04T11:06:09Z,3ae1d5a2268ac1af52ba8b54fb28f81c00fa05884af8b8ca5e7e0e9a,60.16762,24.95415,000000006b44cce7,9.92
3353,2019-08-04T11:06:09Z,3b5030adc7c303403a6333a1a6d35474c2f21c1d20ece72180660423,60.14947,24.91438,000000004ef3150d,18.79
3354,2019-08-04T11:06:09Z,3bd8214bd5284efaf354ec2a0dd2847f6051ceaace6a2691ff085d3d,60.17065,24.93641,000000000f4919c9,17.4
3355,2019-08-04T11:06:09Z,3e36420df19c06796a79acdad84551653de9b0132cb0987329f75291,60.16897,24.95222,00000000aa852af1,11.7
3356,2019-08-04T11:06:09Z,3f67c6713a6cca446a46616c9970c7a2ddffb03f21e10c8ea9b2f380,60.16897,24.95222,00000000aa852af1,25.36
3357,2019-08-04T11:06:09Z,3fe4e214448b0c9a8dfbee81c347d82a8f0b26859201fb1d77f40fa9,60.16762,24.95415,000000006b44cce7,11.7
3358,2019-08-04T11:06:09Z,439ff6b8ff9dc79d47e223164a87fc2d620f29bc7ea1bc7ea4c5cc58,60.16897,24.95222,00000000aa852af1,20.28
3359,2019-08-04T11:06:09Z,44703b8dd01d3bd79585c9c7e12217e1ac152f86e2b0c9ed6be4bc19,60.16544,24.95398,0000000038d83d41,16.1
3360,2019-08-04T11:06:09Z,4472fa277123afabdf2402fc2a3c5bff2be437e6d56b590278de70fc,60.17065,24.93641,000000000f4919c9,25.36
3361,2019-08-04T11:06:09Z,448f6044c6c095d8c71341a0017dd6746f6e150f03af7c78b794308f,60.16762,24.95415,000000006b44cce7,8.38
3362,2019-08-04T11:06:09Z,4538bf4d0ca02f13fad76c46f7b34e72978c49b0cdfe4ea9fe151a50,60.16762,24.95415,000000006b44cce7,7.69
3363,2019-08-04T11:06:09Z,465eab28635efe98500085ceb161cf941d02272a0107fbbfb2203c29,60.16829,24.94214,00000000afef4555,20.28
3364,2019-08-04T11:06:09Z,4734c369da922277ce31058b782ac6b94a00a1450d82c8e857951e78,60.17002,24.94407,000000006b087f40,23.56
3365,2019-08-04T11:06:09Z,47eccbfb2db7bb200aacfdad7243168bd30714cc78da342bbe53df7b,60.16629,24.95957,00000000fb7600be,27.28
3366,2019-08-04T11:06:09Z,47f787c639f2eed345eb5dca409ffcd989850399a1ab781500dd6e82,60.17919,24.95181,000000007b5207b6,4.94
3367,2019-08-04T11:06:09Z,4800d49ec59e1cde34360defcce4c2a0c6a58919303c1fe6fdebceec,60.16762,24.95415,000000006b44cce7,16.1
3368,2019-08-04T11:06:09Z,4833b1ea4f519407574f5a838d93a39de28c756c5f53de7ee273b577,60.14947,24.91438,000000004ef3150d,8.38
3369,2019-08-04T11:06:09Z,49084ae4b6419be9e7bb0c9b1420142e07d6ac3c17c07c26895461ed,60.16829,24.94214,00000000afef4555,17.4
3370,2019-08-04T11:06:09Z,49b391c05bd4e5231579392d798036a0139a8ea4e4d4509a7cb3901f,60.16829,24.94214,00000000afef4555,9.12
3371,2019-08-04T11:06:09Z,4a2286eca689d9c867cfa19d43b9b917d29769b66b9e0a968f6c3859,60.16897,24.95222,00000000aa852af1,25.36
3372,2019-08-04T11:06:09Z,4a54cbed9c373a4136f8851f3f5736eb2fadd5766d316eb5ebbdd231,60.17918,24.95141,00000000675d5200,21.87
3373,2019-08-04T11:06:09Z,4b5b3e8f2b484bc08b196c265f65c70151bd69f6263318eb29125db2,60.16829,24.94214,00000000afef4555,0.59
3374,2019-08-04T11:06:09Z,54d53f276563f566e1cd61b100408412cf78b4fe9fcada830aa6e23b,60.14947,24.91438,000000004ef3150d,13.75
3375,2019-08-04T11:06:09Z,54dc7391620a6069eadeb315f12a9149647a0fc084a14bf580f444b2,60.16629,24.95957,00000000fb7600be,31.5
3376,2019-08-04T11:06:09Z,56101419005237b836e4ed14d91dfa6f9edc4c92b5fcb419943897bb,60.16762,24.95415,000000006b44cce7,8.38
3377,2019-08-04T11:06:09Z,56318cc7f3616fceec2564cbb1f6ca8b88ea861935a1ada93aafd7b0,60.16897,24.95222,00000000aa852af1,18.79
3378,2019-08-04T11:06:09Z,571934189bf349efb6f596e76c21612cf9b82ed44913090169936048,60.17065,24.93641,000000000f4919c9,20.28
3379,2019-08-04T11:06:09Z,586f70961bf72597ce00f89d3602178ecc6ac8838a8acec48bba7f9f,60.14699,24.922,00000000a53ed894,10.78
3380,2019-08-04T11:06:09Z,58c5faa3a5a33380286fc185676e8f2764cdde5a6dc9f43eee9d3b0c,60.16448,24.97323,0000000053c6c2be,20.28
3381,2019-08-04T11:06:09Z,59b87e6921598d25b092b66e140328fa03c9f06fe4e697dd344f378a,60.17002,24.94407,000000006b087f40,21.87
3382,2019-08-04T11:06:09Z,5a6d2f34f7f677bf47ee3d08ac1371b3ad3d7f7f027685cf4740ab78,60.16762,24.95415,000000006b44cce7,8.38
3383,2019-08-04T11:06:09Z,5a755f0653ee0e334448418099ed85023db0a9984c280cfbadd74160,60.173,24.92524,0000000096918cfa,31.5
3384,2019-08-04T11:06:09Z,5c404f374a48548bfe8b02859d12ae59c4ae608fae2139fd71ef51b1,60.16762,24.95415,000000006b44cce7,9.12
3385,2019-08-04T11:06:09Z,5d1a06a2f2536539d5cec19312d4b71ac6096ed0d84ef850b95c01ec,60.17065,24.93641,000000000f4919c9,20.28
3386,2019-08-04T11:06:09Z,5e1b81ba9814d7b5cb5e067b8278209360ca1db4a0230562e652dc0c,60.16762,24.95415,000000006b44cce7,16.1
3387,2019-08-04T11:06:09Z,6022019a95573b888ca7b3161da098935ea0ad7793437ee40a32a5f3,60.14699,24.922,00000000a53ed894,13.75
3388,2019-08-04T11:06:09Z,6138e6ab3e1e74425af8945a6fcc294c1469a0b9c448b780bcf9d2e2,60.14699,24.922,00000000a53ed894,29.32
3389,2019-08-04T11:06:09Z,62d86ee13e6ae7a5c41ffc2de746df72d4ef6e8d2b6a51ce1c68965f,60.16829,24.94214,00000000afef4555,17.4
3390,2019-08-04T11:06:09Z,62e27092b58abcaf80564c408d0d4a7b821abaee92dc2f02ccb11e61,60.16762,24.95415,000000006b44cce7,5.41
3391,2019-08-04T11:06:09Z,64d10ef0926ecca987bad278990d966d8fac8775f03847d1f5a4a2f6,60.16762,24.95415,000000006b44cce7,25.36
3392,2019-08-04T11:06:09Z,658aacab016460cfc38879944e374640737b32d7291a40aed8b8845c,60.16897,24.95222,00000000aa852af1,21.87
3393,2019-08-04T11:06:09Z,6656d2ce0a18f92aca4d99810ecaefe94dbe9a0e2ea987f1702aeecb,60.16762,24.95415,000000006b44cce7,7.69
3394,2019-08-04T11:06:09Z,66755836036c771e53ffd9d0dc09b8575231b53b80af22e868691a2a,60.14699,24.922,00000000a53ed894,5.91
3395,2019-08-04T11:06:09Z,69158bfbcf8399435cc52d623b530dc75089182b7ab05efb64e64021,60.15432,24.9211,0000000019fb59c4,25.36
3396,2019-08-04T11:06:09Z,69852d528034ea6fc746ed8942c32f1c90bc33a7a7317dfac3c9b1c1,60.14699,24.922,00000000a53ed894,12.69
3397,2019-08-04T11:06:09Z,69d8c906060e226ff0f0f7e78029575f2ee07ebec657a3b641419268,60.14699,24.922,00000000a53ed894,12.69
3398,2019-08-04T11:06:09Z,6ac1903c80e63433e4bc744dc0e801bff647117d38d3753fb9a6a4c1,60.173,24.92524,0000000096918cfa,18.79
3399,2019-08-04T11:06:09Z,6ac8fdd67b3dd11f0bae935f3a285880138382088238b97f511d3f12,60.16897,24.95222,00000000aa852af1,29.32
3400,2019-08-04T11:06:09Z,6b3836e78400caa9d7373678bf33faf8b137556c7ee47e73251c3e4a,60.14699,24.922,00000000a53ed894,21.87
3401,2019-08-04T11:06:09Z,6c3dd68b68d5b3caa20f92e5ea004b0298abbddd5e35caca508262e9,60.16448,24.97323,0000000053c6c2be,21.87
3402,2019-08-04T11:06:09Z,6c637347d64659d1b29b0461397fccfbff09339872c14e32469fbd0f,60.16762,24.95415,000000006b44cce7,8.38
3403,2019-08-04T11:06:09Z,6c97da4ba9462e7fe786a472989dab23340d31809dd78d5617204da4,60.16829,24.94214,00000000afef4555,12.69
3404,2019-08-04T11:06:09Z,6e2fbf091d5c86667e060d7ec44f48f0f5d7b1d55b1899f2939f247a,60.16762,24.95415,000000006b44cce7,3.4
3405,2019-08-04T11:06:09Z,6e492dbc3f10157e7ff00826a839a97262ab36244ccc57b702a89999,60.16531,24.9442,00000000fdda10fe,6.46
3406,2019-08-04T11:06:09Z,70865ff0fd32dc9fc73f25e929a40535a717664003e66c14224a9d90,60.16762,24.95415,000000006b44cce7,7.69
3407,2019-08-04T11:06:09Z,70ffae2b8178e0915c5de7816f8dd8bcc3af745ee49df8ac4da4adba,60.17918,24.95141,00000000675d5200,13.75
3408,2019-08-04T11:06:09Z,714e80a1e3c0fee43e312f314b2faec47e582ee8dac47e4818dbc2f9,60.149,24.9843,00000000fffb8cf0,18.79
3409,2019-08-04T11:06:09Z,71516fc8349cfaf2b5c4ab80ade6078494d93d13e9953af15e5ced30,60.18203,24.91341,00000000342570c2,10.78
3410,2019-08-04T11:06:09Z,738973c9b5f9882f29075e47ca10e50ba3fb9883da779f41545175f4,60.17918,24.95141,00000000675d5200,1.88
3411,2019-08-04T11:06:09Z,73f9caa620c77e880d8973e260936b1114db9c96de6accf8398ccec0,60.17002,24.94407,000000006b087f40,13.75
3412,2019-08-04T11:06:09Z,7484ecf89e24efb4a366562730f7341391f930dad7b216184022d0da,60.173,24.92524,0000000096918cfa,17.4
3413,2019-08-04T11:06:09Z,74c2ec2adc228e5b4979284d730fd2de698242f0f06d90f870b8cde6,60.16762,24.95415,000000006b44cce7,1.88
3414,2019-08-04T11:06:09Z,759aaf9d899626d0820fa4f693a428bf1968b69fa22d3f27def7058f,60.1638,24.96846,00000000d747f075,18.79
3415,2019-08-04T11:06:09Z,75d452cbba63995ad06213b577081e8db650c80b3a78060789a8e831,60.16762,24.95415,000000006b44cce7,7.69
3416,2019-08-04T11:06:09Z,772ba2b009d17d38214fdadd1a09d655ed1160b7dbf92998ef840565,60.16762,24.95415,000000006b44cce7,21.87
3417,2019-08-04T11:06:09Z,77964c48bd2a8658eeedae4be816422b0ef0be1ee1b6f9093b47f14e,60.14699,24.922,00000000a53ed894,14.89
3418,2019-08-04T11:06:09Z,79249857aa88aacfdce42eef6ed8e8bcca6a4550672e5d4552c120d0,60.16762,24.95415,000000006b44cce7,16.1
3419,2019-08-04T11:06:09Z,79bde23c1a8980f93a65e14306f0d8ea89e164430d8b991e2bfee82e,60.16531,24.9442,00000000fdda10fe,12.69
3420,2019-08-04T11:06:09Z,7a0f425ccdf5813a089dd619056db4cf41173803f079c37bab520825,60.18203,24.91341,00000000342570c2,31.5
3421,2019-08-04T11:06:09Z,7a7443a2060675f4b9755ab53cca1f1053bdfe0e4f98acd95b61544b,60.17065,24.93641,000000000f4919c9,23.56
3422,2019-08-04T11:06:09Z,7afc351f0ed7619c18c64ab06971196bb53d53e2d460151ab711bc0f,60.16762,24.95415,000000006b44cce7,11.7
3423,2019-08-04T11:06:09Z,7bdbfc042dd024cb5630bef515de25ef67819b5acb44ef00df4695d4,60.149,24.9843,00000000fffb8cf0,23.56
3424,2019-08-04T11:06:09Z,7c55ecf165387948602e82b684a55be093691849fde2d96ad6574475,60.17065,24.93641,000000000f4919c9,23.56
3425,2019-08-04T11:06:09Z,7de4ba54f0d667a69cb0b6d625856bc6b040f51a42f91beae366a269,60.16762,24.95415,000000006b44cce7,4.94
3426,2019-08-04T11:06:09Z,7ea276abbe2f1bfd85b2493f7b4c801189e673c0b4dc987d2c8e30dc,60.14699,24.922,00000000a53ed894,18.79
3427,2019-08-04T11:06:09Z,7eefc5581c616491b78192b28b519ba727dc884a87bc06b8df1ea4f2,60.14699,24.922,00000000a53ed894,13.75
3428,2019-08-04T11:06:09Z,7f546f0776433ed1b76ea74186c0aad95eca5439e6cefda07922ef14,60.16762,24.95415,000000006b44cce7,7.69
3429,2019-08-04T11:06:09Z,7f95126e2fe39b74b61f9df1002b58453d22fe79458cebfeed9b9982,60.16829,24.94214,00000000afef4555,17.4
3430,2019-08-04T11:06:09Z,80ffa6235c9fd84bd35d46706c7d0c4126ee0e241a070c5ae5f30d14,60.16762,24.95415,000000006b44cce7,7.69
3431,2019-08-04T11:06:09Z,81c06228705b85cb651a5992b5fe859cd4c96853fc487fcc026234f9,60.17002,24.94407,000000006b087f40,16.1
3432,2019-08-04T11:06:09Z,822590bd49bcf7ed4de4f8389586915c343b29c4283ff8b90d7c1d39,60.17065,24.93641,000000000f4919c9,13.75
3433,2019-08-04T11:06:09Z,82ac749474448abac333d00869cb8b508872f86293913d95eae26a05,60.15432,24.9211,0000000019fb59c4,7.69
3434,2019-08-04T11:06:09Z,82cddd3b9f58762d36efe78da4e2722ee587cfdb3fdbc58b52673082,60.16629,24.95957,00000000fb7600be,11.7
3435,2019-08-04T11:06:09Z,842340aa39a680a5c969b20db5027c8e1b123077045e8046a997391a,60.16448,24.97323,0000000053c6c2be,23.56
3436,2019-08-04T11:06:09Z,844b8ad6ebf530978d1139d527a681991f4d3eed6be5bc723f0b2192,60.16531,24.9442,00000000fdda10fe,1.25
3437,2019-08-04T11:06:09Z,85b440c4e1125b1e2531499de3b19b82ae4b7eabb4d89c63c97fa83b,60.16829,24.94214,00000000afef4555,17.4
3438,2019-08-04T11:06:09Z,87ecec345b34dca4db86cbd66248eeb829282d0cc54caff92455dff2,60.16762,24.95415,000000006b44cce7,7.69
3439,2019-08-04T11:06:09Z,87f4cf4baea8c5dfe1bc7812cc969574058bd4d2dda215192bcfc53f,60.14699,24.922,00000000a53ed894,4.11
3440,2019-08-04T11:06:09Z,886032718e05487be8bd75bb14464814044c7edd7f9a2198304f6fb4,60.16629,24.95957,00000000fb7600be,20.28
3441,2019-08-04T11:06:09Z,88ee7d98af3d9470df5daf433cfa0405f6225cb56b98b7c48d260fd4,60.17002,24.94407,000000006b087f40,11.7
3442,2019-08-04T11:06:09Z,8a01cc1ef99f9ea16785412c604aa6bb2750299d67ea94214401d645,60.16762,24.95415,000000006b44cce7,20.28
3443,2019-08-04T11:06:09Z,8a7f5012c000c420f0a336a3988c72cf2b373818f4f3f369e994d8e4,60.16829,24.94214,00000000afef4555,13.75
3444,2019-08-04T11:06:09Z,8bffe034066821502092859341756212a0dcb6b2c605852c0c40fdeb,60.16762,24.95415,000000006b44cce7,9.92
3445,2019-08-04T11:06:09Z,8c4e4851db86ec4a3ce29a58be770eb29c38b9a983351bb67d781982,60.16897,24.95222,00000000aa852af1,23.56
3446,2019-08-04T11:06:09Z,8ca6cbf91a04db796810f40ee019369f331d79472e4acd09f75cbac8,60.16829,24.94214,00000000afef4555,23.56
3447,2019-08-04T11:06:09Z,8dae8c39d58b18df713713239222f2d512c9e912893f774a8db6a124,60.16629,24.95957,00000000fb7600be,23.56
3448,2019-08-04T11:06:09Z,8f3d9ab893ae4a48fd3417f3a749c21e792779990ae0ad75a8f211de,60.1538,24.95595,0000000038bf9618,27.28
3449,2019-08-04T11:06:09Z,90a7a2779a546d0a67f676fbd33964bfec098cc7d3c6617a5c0f6b88,60.16762,24.95415,000000006b44cce7,2.8
3450,2019-08-04T11:06:09Z,91602a694bc74a2874ba7f02a7bae062a3a77cd869b86a74800415b8,60.17918,24.95141,00000000675d5200,13.75
3451,2019-08-04T11:06:09Z,92df20d921f76c63470e3f5afbe201d3ae15f5133f66c291db796082,60.16629,24.95957,00000000fb7600be,23.56
3452,2019-08-04T11:06:09Z,93272ad17155ea9499641eda7c5560691582116096278b82738ab21e,60.14699,24.922,00000000a53ed894,12.69
3453,2019-08-04T11:06:09Z,934bab75e2a2354910288b01c44fdfda4a87f92ac010109f641b3122,60.14699,24.922,00000000a53ed894,27.28
3454,2019-08-04T11:06:09Z,93be2ffbdd44740291e9e0b73792e85df915264539f1f8f2e7ec7235,60.16629,24.95957,00000000fb7600be,27.28
3455,2019-08-04T11:06:09Z,951482f3e2e41b496e34885c346c4a7ab09427178119caa9b8bbcbb6,60.14947,24.91438,000000004ef3150d,14.89
3456,2019-08-04T11:06:09Z,96b6fbb458fa515d6fe57ba056a91d6be76290d0cffe0b5f701ed098,60.18203,24.91341,00000000342570c2,17.4
3457,2019-08-04T11:06:09Z,97490f522f1a0226c8f7e8ed7bca08dd71b63d80b46d38020127b868,60.14699,24.922,00000000a53ed894,9.92
3458,2019-08-04T11:06:09Z,998a30ee5f5ff6d2bc9ed04420591e525ded59ad66d09eefa240cc8e,60.16762,24.95415,000000006b44cce7,10.78
3459,2019-08-04T11:06:09Z,998ac46ad73c197bab1f36dca67d8bcaa3aca92249185a5e3715043f,60.17065,24.93641,000000000f4919c9,17.4
3460,2019-08-04T11:06:09Z,9a49d0b5a67fba15ce8971503f6fea88994b33487a842397c5e8564f,60.16762,24.95415,000000006b44cce7,3.4
3461,2019-08-04T11:06:09Z,9aa588cb6f425117e45726b6b9adb7ef86c8f7c8113b547dc61f068a,60.16897,24.95222,00000000aa852af1,18.79
3462,2019-08-04T11:06:09Z,9ab0a60cb60531417ac6ec5ebc6ef591d2f39019c6b0bcb5a89101a2,60.14699,24.922,00000000a53ed894,11.7
3463,2019-08-04T11:06:09Z,9b24f69458294d27d07a0169665965135fd02f4c953f85bcebf4ba87,60.16762,24.95415,000000006b44cce7,16.1
3464,2019-08-04T11:06:09Z,9b4b0705e58750d2bcbd71ad65d85677f7e77db5dfe69d1a70b5d31f,60.17919,24.95181,000000007b5207b6,11.7
3465,2019-08-04T11:06:09Z,9bef562c292174f1eb3933116effff74a8733a78e5c1df140de3fd6c,60.17919,24.95181,000000007b5207b6,7.69
3466,2019-08-04T11:06:09Z,9eb1e9bfdceb76ef852f89ebd82139602125f9731b791465e1c21f81,60.16829,24.94214,00000000afef4555,12.69
3467,2019-08-04T11:06:09Z,a0ec1a8d581f94e640a6858a674699d2464ec065e6faea9d4ce2a13b,60.16762,24.95415,000000006b44cce7,16.1
3468,2019-08-04T11:06:09Z,a1439b6683d0598c7a05080c3693a17c198f7b8c3297c77324ef4859,60.16829,24.94214,00000000afef4555,1.54
3469,2019-08-04T11:06:09Z,a20a11944d9440f1f8e4ea6262408f673f2a8380c4e13dda1a073d8d,60.16897,24.95222,00000000aa852af1,21.87
3470,2019-08-04T11:06:09Z,a25b897b52089b243421b68349d3f15e60ce8249d11c889a4626bfc7,60.18203,24.91341,00000000342570c2,25.36
3471,2019-08-04T11:06:09Z,a2f0adf51cb9d2a5417cc0797183513a8bbcecfbc717a1b63e42027d,60.16762,24.95415,000000006b44cce7,7.69
3472,2019-08-04T11:06:09Z,a30740fbf4b7e21f6fe2996e9325c90936de161cb2165e87cd96fd35,60.149,24.9843,00000000fffb8cf0,4.5
3473,2019-08-04T11:06:09Z,a3664d77633807788598dd8d4a7ba8caba2c31bfdcb6ba83651d4e7e,60.173,24.92524,0000000096918cfa,18.79
3474,2019-08-04T11:06:09Z,a3ebffcc2afba72dc194bb916d33136b7b8c2b2cab15ef08efc96573,60.17065,24.93641,000000000f4919c9,31.5
3475,2019-08-04T11:06:09Z,a50e0bb8fd1ad4ad264c3246b210a0c6285faae591c1bd2c2c3458af,60.16829,24.94214,00000000afef4555,16.1
3476,2019-08-04T11:06:09Z,a5d632ac8ffc19a626de034d3c9444fd262ee6edada285c816ea9266,60.16531,24.9442,00000000fdda10fe,10.78
3477,2019-08-04T11:06:09Z,a81c19fb85eebf853246cdc4d8e38245dfa5ba15c180eaa1bcc0378d,60.16829,24.94214,00000000afef4555,20.28
3478,2019-08-04T11:06:09Z,a98fc06dc605583814a2aa182295b88f81657ef2daeee7aaec792e7c,60.16762,24.95415,000000006b44cce7,17.4
3479,2019-08-04T11:06:09Z,aa13e498edf9f46e910da649451b89f99f275d8fa16839b7bf158289,60.149,24.9843,00000000fffb8cf0,25.36
3480,2019-08-04T11:06:09Z,aa4547c0b6b8be30776e08d524ceeacfbc9930ad720e11fa4cb20882,60.16531,24.9442,00000000fdda10fe,1.12
3481,2019-08-04T11:06:09Z,aa45859d6157e9e86470ec8b81957acc35bafb1b7f419d79357a38cf,60.16829,24.94214,00000000afef4555,10.78
3482,2019-08-04T11:06:09Z,ab1377ddf669bb806f8db586f4ce5ab9f0f4257dda61fe800d8509f5,60.17065,24.93641,000000000f4919c9,27.28
3483,2019-08-04T11:06:09Z,ab6e8769f50a15ea5e0d64f48aaa12886b7599a18cc0eb071a21ae5f,60.16762,24.95415,000000006b44cce7,8.38
3484,2019-08-04T11:06:09Z,ac5c7e04b55d6d70659e5b8f4705309b9367c78a0edb7ce85f42c181,60.1538,24.95595,0000000038bf9618,44.58
3485,2019-08-04T11:06:09Z,acb3f63fe0879b2640a9d68a248a15f85777e30652945d7740bb95f4,60.16762,24.95415,000000006b44cce7,14.89
3486,2019-08-04T11:06:09Z,add92af5006cee56f2da79112486b97d5a7c06f12252676b7638064d,60.16762,24.95415,000000006b44cce7,7.69
3487,2019-08-04T11:06:09Z,ae2143f0fab3405d38da14312fd801d7d7524534cd3ffeadc631feb0,60.149,24.9843,00000000fffb8cf0,31.5
3488,2019-08-04T11:06:09Z,b0d6202ccd1560eaf57c06931cb6466332e41068ad2963e515819015,60.17918,24.95141,00000000675d5200,27.28
3489,2019-08-04T11:06:09Z,b2298fc6f63c02481610f9aef24f1a0c1711c255adc43c0fe135c1ca,60.14947,24.91438,000000004ef3150d,9.92
3490,2019-08-04T11:06:09Z,b26d0daac9f8fb84484cbd8ed668aeb6751e848b1c533a307d163360,60.16762,24.95415,000000006b44cce7,10.78
3491,2019-08-04T11:06:09Z,b3266ecf36a984b814e1b2d31b447438bd948a9c116721480104792f,60.16829,24.94214,00000000afef4555,18.79
3492,2019-08-04T11:06:09Z,b3306cd4af1d1a04ef09567c8908ad55c56d9bf6ec7c10af9aea3dea,60.17002,24.94407,000000006b087f40,23.56
3493,2019-08-04T11:06:09Z,b50b3c2006581bccfeaa9ea964649350c7d5b8177baa29a37e628584,60.14947,24.91438,000000004ef3150d,36.27
3494,2019-08-04T11:06:09Z,b59631b8902194c916f7d3ddcc02d4200a3de0380fa554d87e6856c0,60.17002,24.94407,000000006b087f40,12.69
3495,2019-08-04T11:06:09Z,b5cdbcdc30e0bf653ce353c867708b0067db5e394c8cbe848d978a77,60.14699,24.922,00000000a53ed894,10.78
3496,2019-08-04T11:06:09Z,b601cd655bb9f05aa6ec86fc9eb9300c3bc20bc0e856e94ad168a257,60.14947,24.91438,000000004ef3150d,7.05
3497,2019-08-04T11:06:09Z,b67f020b0677cdc52c864f559306fb750cdf47ce2eee6503a3cedb3a,60.16629,24.95957,00000000fb7600be,23.56
3498,2019-08-04T11:06:09Z,b9447a524f5b5bf98585b27b92195b09869ee9cd9da3cf8d2b59c57d,60.16829,24.94214,00000000afef4555,12.69
3499,2019-08-04T11:06:09Z,ba288a5fd2befbc9ed08e7876ad7cb2bd8bfe6f5756d2ffe8e2dc558,60.17002,24.94407,000000006b087f40,11.7
3500,2019-08-04T11:06:09Z,bac5abd66caf627f4579d5c2cddad074267cd5bac95bd0e68a1e1fb7,60.16897,24.95222,00000000aa852af1,27.28
3501,2019-08-04T11:06:09Z,bbf7d8b9085ddcd3b94f55f93b52cb40a251c44f5df4099ba5b61471,60.16829,24.94214,00000000afef4555,25.36
3502,2019-08-04T11:06:09Z,bc07df8cc395f6f4f5d483b2233caca5f93a6918f346e4cc3702f8cc,60.16531,24.9442,00000000fdda10fe,23.56
3503,2019-08-04T11:06:09Z,bd1611dad126fe24280d74afb7bea8f8b9046e90bb9932a656cac196,60.16829,24.94214,00000000afef4555,17.4
3504,2019-08-04T11:06:09Z,bd7fa2c07b7e0eab8afb3d9825a810643c2eb71f83c09a1e26cac54c,60.16762,24.95415,000000006b44cce7,4.94
3505,2019-08-04T11:06:09Z,bdc8bd416444be70683b3475302093428e4abe14284e9579617fe8ea,60.1638,24.96846,00000000d747f075,36.27
3506,2019-08-04T11:06:09Z,bfd5c2630b36fde15de01ea74e598d035402cf1edb7c9230617927e0,60.16762,24.95415,000000006b44cce7,3.4
3507,2019-08-04T11:06:09Z,c012e9e2caf1002d24e53817bb1279becdfc4aa9dba085e93ddd88e9,60.17002,24.94407,000000006b087f40,16.1
3508,2019-08-04T11:06:09Z,c2cc33e5b1b8d254d4bcbc0ffa13c9200676a39a191cc31a38d28d8d,60.17065,24.93641,000000000f4919c9,11.7
3509,2019-08-04T11:06:09Z,c2e135ad2c160277e290705658ac41d7cd35b11ebf61d829fdd0b428,60.14699,24.922,00000000a53ed894,11.7
3510,2019-08-04T11:06:09Z,c3d7f6d625359ad4042bacb37751e1e5a2b377cbba0ee8788cfc2df4,60.16829,24.94214,00000000afef4555,27.28
3511,2019-08-04T11:06:09Z,c55894159f2080031cda702c78ee54463c3c15ab1b3638afdf687f08,60.16531,24.9442,00000000fdda10fe,3.09
3512,2019-08-04T11:06:09Z,c6a5b41d207684585e98025933e99a2376cc272052e4f7887b4184cf,60.16762,24.95415,000000006b44cce7,18.79
3513,2019-08-04T11:06:09Z,c7ced11121537f55bcd7d7ab67312226dafe7c85320c5357a35d5ab7,60.17002,24.94407,000000006b087f40,27.28
3514,2019-08-04T11:06:09Z,ca38047e041c74bc9e84aa4687e19233b85cdc213ac43164f9ab322b,60.16762,24.95415,000000006b44cce7,18.79
3515,2019-08-04T11:06:09Z,cb835fd4fac726f1e4267acd6118f57b62a0444d69f948745a601682,60.16762,24.95415,000000006b44cce7,13.75
3516,2019-08-04T11:06:09Z,cd7d0e9404c9f4e8fab0742460b9acb4d5bbb97f44df80d4a8b973cd,60.17002,24.94407,000000006b087f40,7.69
3517,2019-08-04T11:06:09Z,cddbfc3b0a1459f0ea8d553779cf320d512cac6e64976182f2f0b3b7,60.16829,24.94214,00000000afef4555,18.79
3518,2019-08-04T11:06:09Z,cfc79310c3124813bbb9cfe4d4edc24cfa4b7c23419b4517c5eed261,60.16448,24.97323,0000000053c6c2be,16.1
3519,2019-08-04T11:06:09Z,d04b5065ec93818b731141027d11e6a1cf53de69b9737d7aea0c34da,60.14947,24.91438,000000004ef3150d,10.78
3520,2019-08-04T11:06:09Z,d162ad46250f7d87af446db22df4aa6b2eb2bf22f83beca34e857743,60.16762,24.95415,000000006b44cce7,12.69
3521,2019-08-04T11:06:09Z,d1b77fcfad94da8564d1a85ed1797255531e5ab26cc835800878fb26,60.17065,24.93641,000000000f4919c9,23.56
3522,2019-08-04T11:06:09Z,d2035ce81fa46947bdf02a20f297b2df4144c7c0931db02ab0164fa6,60.14947,24.91438,000000004ef3150d,25.36
3523,2019-08-04T11:06:09Z,d22504ed69448b707ae074f5ccd9d0da25e386683d52a8df72481ef9,60.16762,24.95415,000000006b44cce7,13.75
3524,2019-08-04T11:06:09Z,d23d6afa580687749de352818db606b272b579b77c6009badb4aa4a6,60.16897,24.95222,00000000aa852af1,21.87
3525,2019-08-04T11:06:09Z,d25e926dba8aa2c77f46ada32671b08b1176455c0e3693d160b87744,60.16762,24.95415,000000006b44cce7,12.69
3526,2019-08-04T11:06:09Z,d2b816bfc9982b3f48d8baa389dc18ef7a57d3dcba72567b2865e2e2,60.16762,24.95415,000000006b44cce7,4.94
3527,2019-08-04T11:06:09Z,d2fd0c6415d2d8e49fef3415fb8747b524191b4400a4fbb66428cb12,60.14699,24.922,00000000a53ed894,14.89
3528,2019-08-04T11:06:09Z,d496353cba199ed0318530e50bf8778abe3ddffac1ecf53fdb6399d6,60.17002,24.94407,000000006b087f40,25.36
3529,2019-08-04T11:06:09Z,d4c9ea46d58288bf42808788e668072465d91dd3c874a8a51de5794e,60.16897,24.95222,00000000aa852af1,9.92
3530,2019-08-04T11:06:09Z,d68f1946805ba3d30f9ba25280986fbe003f3b5dce7245b633e0cb5c,60.16762,24.95415,000000006b44cce7,12.69
3531,2019-08-04T11:06:09Z,d6a8c97f1ec18c7a90d3beae358bad67f8d53626258a852e15b08c5d,60.14699,24.922,00000000a53ed894,8.38
3532,2019-08-04T11:06:09Z,d71a315bac918f9a18fcd820731e6d9eb54fb0d01c324ca088ef8858,60.149,24.9843,00000000fffb8cf0,27.28
3533,2019-08-04T11:06:09Z,d7416b821dba1c0f495afe215dbe099173aedf90d0084084f6e485ac,60.16448,24.97323,0000000053c6c2be,21.87
3534,2019-08-04T11:06:09Z,d82f37918d46bea29e113c6b57b901b1b960ed3337bdcce777aea476,60.17065,24.93641,000000000f4919c9,21.87
3535,2019-08-04T11:06:09Z,d83c1c2d3a3876c948e277bace6d013eafc0c4e118958e138f8b1257,60.16448,24.97323,0000000053c6c2be,29.32
3536,2019-08-04T11:06:09Z,d86f155736e4d36de5d33bdbb3b12b717b75de44852b93419af20945,60.16829,24.94214,00000000afef4555,14.89
3537,2019-08-04T11:06:09Z,d8e3f39b4e9b680fe74fde02ee016ecdbcb0d6123c1e18bcffcdd1d4,60.14699,24.922,00000000a53ed894,33.81
3538,2019-08-04T11:06:09Z,da2398acaae7f39c7b80c220d4e6917bdc7655f4c71b6e36d06cb859,60.18203,24.91341,00000000342570c2,29.32
3539,2019-08-04T11:06:09Z,dabb7edec36f560d07547c2595765be02b0731b3826f93f5c41b7120,60.16762,24.95415,000000006b44cce7,16.1
3540,2019-08-04T11:06:09Z,db45583e1f7aaaf54e100214986dfc86aa755383e86d361639a5b19b,60.16762,24.95415,000000006b44cce7,4.94
3541,2019-08-04T11:06:09Z,db4d3f81708de827ce30c4130610fd65b4d6d451ca5cf6b0c4e745d9,60.16829,24.94214,00000000afef4555,21.87
3542,2019-08-04T11:06:09Z,dc4043efe103db9ce55ad4d987a45cf9821cdc3e63cf7b15b6d48baf,60.16897,24.95222,00000000aa852af1,12.69
3543,2019-08-04T11:06:09Z,dc4072a3cfc00cca0bde9925adc82bb9c2548af1724368561eefcbf8,60.16762,24.95415,000000006b44cce7,8.38
3544,2019-08-04T11:06:09Z,dc816e92e4a2eceea03f41fc379fda0e3d57b5d0fbd9a06430432022,60.16762,24.95415,000000006b44cce7,4.11
3545,2019-08-04T11:06:09Z,dc82f9648bb5ba21e766e0923f5fa7ca2d77662ab0edbe22a3d95631,60.14699,24.922,00000000a53ed894,9.12
3546,2019-08-04T11:06:09Z,de48adf9d49eb3bc1d61dea4047618f6c77086fc44bd2b535d56504d,60.16762,24.95415,000000006b44cce7,7.69
3547,2019-08-04T11:06:09Z,e01908a975abc95425179eadafdba31d371f1d64674c967686df87a3,60.149,24.9843,00000000fffb8cf0,3.09
3548,2019-08-04T11:06:09Z,e081e4b3252ca91bbf1cbb70faa116d60317fbf3a991a67bc99b4bfa,60.149,24.9843,00000000fffb8cf0,11.7
3549,2019-08-04T11:06:09Z,e0f396cc2b1da411f0b5e36bf3102ea32378a0d38e6b153d3b303bb4,60.16762,24.95415,000000006b44cce7,10.78
3550,2019-08-04T11:06:09Z,e1da87aea335bcd04e4c876158b96ebc7ba4206bc216c3aa27a2f4af,60.17919,24.95181,000000007b5207b6,3.4
3551,2019-08-04T11:06:09Z,e305610124e16ed1411a221b29ce69a076cc47982efd6c098b0599ab,60.14947,24.91438,000000004ef3150d,7.05
3552,2019-08-04T11:06:09Z,e4476f2e03073889e60a427969092aa7ae984de9e60e7dd56d467afe,60.18203,24.91341,00000000342570c2,27.28
3553,2019-08-04T11:06:09Z,e44d7228cecbdb2474e1cc396a6c13943f09c08c19d0ffab1997d509,60.17919,24.95181,000000007b5207b6,14.89
3554,2019-08-04T11:06:09Z,e4ff34a5653a4b3d11ba7f76306df5d8415c1f7b6bd9a9ea2c5ac591,60.16762,24.95415,000000006b44cce7,13.75
3555,2019-08-04T11:06:09Z,e53a901aed874016e1cd1ed3e9b2891fca850986cb2fa04f5162cf52,60.16762,24.95415,000000006b44cce7,0.84
3556,2019-08-04T11:06:09Z,e557e164cd52fd817b02cad6587a294d72b0974d9b014ad69ea5e08e,60.17918,24.95141,00000000675d5200,1.54
3557,2019-08-04T11:06:09Z,e568360cebcddeb30a1d066a2f6a2326ac927004214bd11337d804e5,60.16762,24.95415,000000006b44cce7,14.89
3558,2019-08-04T11:06:09Z,e5928057da667903de0b6c1245e1f58273dd85d63d8af0f4eaa771de,60.16762,24.95415,000000006b44cce7,10.78
3559,2019-08-04T11:06:09Z,e5b9b4813c081a31fb498e7f9adb94918c267dfa125c63790c0d9488,60.149,24.9843,00000000fffb8cf0,4.94
3560,2019-08-04T11:06:09Z,e82fb1b58cd1d81fb46e1dca3b34ae603aa01acb01ef1d8a7178defc,60.16544,24.95398,0000000038d83d41,21.87
3561,2019-08-04T11:06:09Z,e92e9e46c4d4067617b8dad0cc70baa43463d1abc4d623d0e103c6b7,60.16762,24.95415,000000006b44cce7,14.89
3562,2019-08-04T11:06:09Z,e9d59e25b58f33f70aad6832863cb59d7485ca55a1575558f92b74e7,60.16897,24.95222,00000000aa852af1,9.12
3563,2019-08-04T11:06:09Z,ea156c99dd8945ef87da4c332787a6202e9eedc69f726cafae8d3258,60.1538,24.95595,0000000038bf9618,29.32
3564,2019-08-04T11:06:09Z,eb09e242059d315d7f929b7befadc641eeddb95492babe81030cbabc,60.16829,24.94214,00000000afef4555,20.28
3565,2019-08-04T11:06:09Z,eb261026c6f65b651ddf21bed629a1e164cfb500d0b78062704ec15c,60.16762,24.95415,000000006b44cce7,3.4
3566,2019-08-04T11:06:09Z,ecb1735f180422ec69f041cd2782a26c9f07d27a87893b3c30aaa9b7,60.16075,24.95883,00000000f1124bca,2.8
3567,2019-08-04T11:06:09Z,ecb5655da668bb183a5c270a96927649c323975e318184d248247099,60.16829,24.94214,00000000afef4555,21.87
3568,2019-08-04T11:06:09Z,ed2d595be8e7ee72cccd84fa483634bd63c5725e5b13d3db4bf7c033,60.149,24.9843,00000000fffb8cf0,21.87
3569,2019-08-04T11:06:09Z,ede13c9dc221bbc6c1daf78250fa6547303c06d7606c05ba0bf64547,60.17919,24.95181,000000007b5207b6,7.05
3570,2019-08-04T11:06:09Z,eea43687eab35d2c386347881796eb1c8279076b9e9642ebc2cd06ac,60.16762,24.95415,000000006b44cce7,4.11
3571,2019-08-04T11:06:09Z,ef15ff71b7dc4c2088249a4fca7e28900ae315245a7a3b4d571bf582,60.16829,24.94214,00000000afef4555,11.7
3572,2019-08-04T11:06:09Z,ef45fdc095ee55730384922266d8fce61de212d3c3df2441ea10e524,60.14947,24.91438,000000004ef3150d,9.12
3573,2019-08-04T11:06:09Z,f014103201b8ae8f495f8e1e04da3c934079461391d4801ee6c2faaf,60.16762,24.95415,000000006b44cce7,11.7
3574,2019-08-04T11:06:09Z,f110acae92fec55c6caca5de864773a6b99e5b8d6e2fdf8d1bdbc759,60.16762,24.95415,000000006b44cce7,12.69
3575,2019-08-04T11:06:09Z,f11c02cbebb4049a29f10d2ee6aac8a9ca3b7b9609a39d69463461a1,60.17065,24.93641,000000000f4919c9,29.32
3576,2019-08-04T11:06:09Z,f15bd66e4c0cd72c6b1ba575d523d7878c30a781e6907b19d228368f,60.16762,24.95415,000000006b44cce7,14.89
3577,2019-08-04T11:06:09Z,f196f5f8c08299d290b3bac1944e00bb1f2c90594db66438b0c10e6e,60.16629,24.95957,00000000fb7600be,11.7
3578,2019-08-04T11:06:09Z,f1d44b9d3710849eba7eab0b6646053378aa5f8ee3491ec2522f3c44,60.14947,24.91438,000000004ef3150d,27.28
3579,2019-08-04T11:06:09Z,f43b8b2cf2c0bd291543858796d75b211d283ab73dcab5ad5dfd0aeb,60.16897,24.95222,00000000aa852af1,16.1
3580,2019-08-04T11:06:09Z,f4537d3a0c1408b022793f60b53e651b2eac6640fa66b9248338e815,60.16762,24.95415,000000006b44cce7,11.7
3581,2019-08-04T11:06:09Z,f5ffa3dbcdd5592ac31344cb04a7a6d639109a4d6e196fa0df3990dd,60.17065,24.93641,000000000f4919c9,17.4
3582,2019-08-04T11:06:09Z,f78ef2ddbe48b534137498eab56c0a55ec0e0b1d8868e82cb5652a0e,60.14699,24.922,00000000a53ed894,2.3
3583,2019-08-04T11:06:09Z,f9ed4361c378e7c740818b0c356acbffa4a161af2ffbecb803ace9b7,60.173,24.92524,0000000096918cfa,12.69
3584,2019-08-04T11:06:09Z,f9f42c3132515705c0013fb8e137897c93844d24acc22cb4ac9384a0,60.149,24.9843,00000000fffb8cf0,27.28
3585,2019-08-04T11:06:09Z,faee9c7cf21aa61809c94dd68268377841712fc4e488b094972b6a38,60.1538,24.95595,0000000038bf9618,33.81
3586,2019-08-04T11:06:09Z,fb37b263777ffcf7fe1fb6484821cae2b8beb03b5f5009109748dedb,60.16762,24.95415,000000006b44cce7,8.38
3587,2019-08-04T11:06:09Z,fbccaff441d52a5aeba79ca785ef499aa8ce201503787c329885a565,60.16897,24.95222,00000000aa852af1,18.79
3588,2019-08-04T11:06:09Z,fbf88851b1c10bbaa4223826abb7d0346a89a6739759e791b0166c15,60.16897,24.95222,00000000aa852af1,17.4
3589,2019-08-04T11:06:09Z,ffb7319984ecae155652e100da9b204f0b92f3b6c7239cfea4dcf966,60.14699,24.922,00000000a53ed894,14.89
3590,2019-08-04T11:06:10Z,004c3624f943830bc6a9f17173a2cd0996622cade5184ad2b9fba729,60.16897,24.95222,00000000aa852af1,7.69
3591,2019-08-04T11:06:10Z,0152988639aaaa9cc27213280c8f0c0c8ec97ae6a45aaaf743c9c25d,60.16544,24.95398,0000000038d83d41,23.56
3592,2019-08-04T11:06:10Z,09ddbf38333e76a79fd836112bd8c3f8bf7f3dadfb3d49945ad4c486,60.16897,24.95222,00000000aa852af1,5.91
3593,2019-08-04T11:06:10Z,1142f5b6806b1ec7d8d47d47013eb530d8a7418f6934d8867b20966a,60.16829,24.94214,00000000afef4555,21.87
3594,2019-08-04T11:06:10Z,126e7fa4dd9205201617bdc0c7c346bfb57e1a75d3d7d3d9c260d51b,60.16629,24.95957,00000000fb7600be,11.7
3595,2019-08-04T11:06:10Z,128f1b89d7a534aa206a7823b692594bbd4d349761baa04c0fc72f2c,60.14947,24.91438,000000004ef3150d,10.78
3596,2019-08-04T11:06:10Z,14c7e1511b70f4dd3359cbece1377aebb4d70531f5489eefe53d7c3c,60.16544,24.95398,0000000038d83d41,23.56
3597,2019-08-04T11:06:10Z,165ebbb4090d47319ae370f0d0854fdc1f6b79499f8b2e4d3c3533c0,60.16544,24.95398,0000000038d83d41,29.32
3598,2019-08-04T11:06:10Z,198d6432c579dae0d7ddda6591eb377ca6c01888de802f89ab84b98a,60.16544,24.95398,0000000038d83d41,31.5
3599,2019-08-04T11:06:10Z,25a7ff811c3c06e426c7c2cbb0433d9a2a3399b23afecbd35584ab0f,60.18203,24.91341,00000000342570c2,14.89
3600,2019-08-04T11:06:10Z,2e4af02bc2421faac1f506a147ddb9b76076386be53415223aca4bde,60.16762,24.95415,000000006b44cce7,9.12
3601,2019-08-04T11:06:10Z,3b5cafe90982db26cf737b2e4cd4275276f6a031bca3b2a1f73023b2,60.14699,24.922,00000000a53ed894,14.89
3602,2019-08-04T11:06:10Z,434e74155ec054f1bb6122a7ec736a48a27c6f4111995c3f2bb03897,60.17065,24.93641,000000000f4919c9,21.87
3603,2019-08-04T11:06:10Z,44d0b94469070803869f229601e877beb613c3f5aafa009addf97a1a,60.16544,24.95398,0000000038d83d41,20.28
3604,2019-08-04T11:06:10Z,4656bad9b5e6dfc3977eca308fc1db3dbf8b0204b90d09b001da242e,60.1638,24.96846,00000000d747f075,23.56
3605,2019-08-04T11:06:10Z,4774d3de2115f3cfeff91dc17ed763964fe86825629003f82ee45b2b,60.16762,24.95415,000000006b44cce7,7.05
3606,2019-08-04T11:06:10Z,54f040219b954e68101c83a5a6bacf046961c7a1d9a779fa291fa47b,60.16531,24.9442,00000000fdda10fe,13.75
3607,2019-08-04T11:06:10Z,5d65719c4cbf045f068d084b72302f447d5fd034413d97d13be00d0e,60.18203,24.91341,00000000342570c2,17.4
3608,2019-08-04T11:06:10Z,5eed115a984d490b02b602d73787aee8dc8c4e9365b77fbff3818a76,60.16629,24.95957,00000000fb7600be,21.87
3609,2019-08-04T11:06:10Z,66dabd3229229330d23c70e9e1737429ddfe69db01f4a6a00f70fa20,60.16762,24.95415,000000006b44cce7,18.79
3610,2019-08-04T11:06:10Z,69219e9efa41ae9e732653e9eaf08e1a34cb853a9dafe76ddeea4d04,60.16897,24.95222,00000000aa852af1,16.1
3611,2019-08-04T11:06:10Z,6a70e2fbced719333e21eff04fcb9cb36bae9a04d1a3d6ddd96f2c58,60.15432,24.9211,0000000019fb59c4,6.46
3612,2019-08-04T11:06:10Z,85ef35aecf2ff804be3d958b592705ec41c6df9c128c132c65bb283d,60.16897,24.95222,00000000aa852af1,21.87
3613,2019-08-04T11:06:10Z,87dfaad29a9276ddddb1fa021d3bc23ad14824c1af16f7d87e713689,60.14951,24.92138,0000000006dd41f6,9.92
3614,2019-08-04T11:06:10Z,88808fe92573e9cdf022cc15b9689b6b4b9429f60513c8897b0ba4c7,60.16897,24.95222,00000000aa852af1,18.79
3615,2019-08-04T11:06:10Z,8c75c3289c84fe4493e1e272a77b615fe1985880c5dc68a7c1a17b53,60.16762,24.95415,000000006b44cce7,11.7
3616,2019-08-04T11:06:10Z,92a4351b20078e469332532ec495e838559c62590b166cce41762939,60.16897,24.95222,00000000aa852af1,29.32
3617,2019-08-04T11:06:10Z,9843c6216661048343a0e49cf3d8aa2883cf77f452666a1c873a1052,60.16448,24.97323,0000000053c6c2be,10.78
3618,2019-08-04T11:06:10Z,9c8556ea519835172f09c20e7688066eeec8e7f74a0c6fa3df3d9c5f,60.16829,24.94214,00000000afef4555,27.28
3619,2019-08-04T11:06:10Z,a13e5d46f0a2d1c6b58878e1b198905e9b14e3a85b5e4adab88b4b87,60.16762,24.95415,000000006b44cce7,16.1
3620,2019-08-04T11:06:10Z,a3758affe1deba4cd791b32946ddeaa26af8b554e4b9673dd258f229,60.1638,24.96846,00000000d747f075,25.36
3621,2019-08-04T11:06:10Z,b33ae7715d6d2571066655c2c8954a5a364b5601869047de83410d9f,60.16629,24.95957,00000000fb7600be,31.5
3622,2019-08-04T11:06:10Z,b5fd6b317890e5ab2d79e2cd1abe61626d45a753c7337d0d40728898,60.16762,24.95415,000000006b44cce7,16.1
3623,2019-08-04T11:06:10Z,b936e41d8712ae967f3ebb413fc44f060bb10613f95537757886ede2,60.16762,24.95415,000000006b44cce7,6.46
3624,2019-08-04T11:06:10Z,bf7ce59939679783aec9a63b2f5eaa74e9c6f5703da40b730642884e,60.16897,24.95222,00000000aa852af1,36.27
3625,2019-08-04T11:06:10Z,bfcaefe93f7fcb6aad6e62e3da473a7b5b03a62db532dad02a7d3559,60.16762,24.95415,000000006b44cce7,11.7
3626,2019-08-04T11:06:10Z,c40c37def6bf11a63a2556519a7c6233fd417cdeea2cf14f28e7c42c,60.16531,24.9442,00000000fdda10fe,21.87
3627,2019-08-04T11:06:10Z,c97eb4181394121907d47b908495f54e5ee5145ff790f7a1dc21b3cf,60.16897,24.95222,00000000aa852af1,12.69
3628,2019-08-04T11:06:10Z,ca6927628f5ddda20036865c9345ad93d476d62ade3b181de568eed6,60.16897,24.95222,00000000aa852af1,27.28
3629,2019-08-04T11:06:10Z,ce197d5eedb5498917afe7ca3f7275ffeb191f0c5d050bffa154c1d2,60.16531,24.9442,00000000fdda10fe,25.36
3630,2019-08-04T11:06:10Z,cf05623e4d87ce0906c0b0b7dbf53aacc1228016cd27c341228b6e76,60.18203,24.91341,00000000342570c2,20.28
3631,2019-08-04T11:06:10Z,cfc0bedb78ded52749db3188cb188bf6a250ef5990da9c5afa9623fc,60.14951,24.92138,0000000006dd41f6,25.36
3632,2019-08-04T11:06:10Z,dbeb00942457ba3c5fb1984b57b1dedb268c0e761e80729b939f1fd8,60.16544,24.95398,0000000038d83d41,18.79
3633,2019-08-04T11:06:10Z,de70f4707e34262e09161e7b3a8459b6f250e5462f70ff48f3178bb9,60.16829,24.94214,00000000afef4555,20.28
3634,2019-08-04T11:06:10Z,e224ae5ea47af2e3048f83b13a1f45dc135c0ca6be72547b01729086,60.1538,24.95595,0000000038bf9618,29.32
3635,2019-08-04T11:06:10Z,e764c1a69976425ee9c1982ca445db7a575a9d610bcb2215eeb2a728,60.14947,24.91438,000000004ef3150d,11.7
3636,2019-08-04T11:06:10Z,e8e366e76c97944e23c0f80b4fd3ce6e5832744922297146a49f0c7e,60.16762,24.95415,000000006b44cce7,12.69
3637,2019-08-04T11:06:10Z,f088630d7476dae7d4b7e2bb1f10575f2c89acb4b6e061f3d57c2b40,60.16531,24.9442,00000000fdda10fe,20.28
3638,2019-08-04T11:06:10Z,f31cfded6f566f9c032c80c52ea642407be312c5d42521ab7a8d3e2a,60.16897,24.95222,00000000aa852af1,23.56
3639,2019-08-04T11:06:10Z,f405a7c4a3a4339f8e3f7e552f6492d6eed76f7d08c54943286213de,60.16762,24.95415,000000006b44cce7,9.92
3640,2019-08-04T11:06:10Z,fc4f3a44235f1cfc7b53f14ba2da599976a5a0a220d23b852688e485,60.17919,24.95181,000000007b5207b6,5.91
3641,2019-08-04T11:06:10Z,007540b1ada16f6000987e20cd81a3deb18b2aea4cb95b50e099dcee,60.17065,24.93641,000000000f4919c9,17.4
3642,2019-08-04T11:06:10Z,00dae8e6c0b169e69db1d1435e478728f9318e16ee31ff03e5572236,60.16629,24.95957,00000000fb7600be,14.89
3643,2019-08-04T11:06:10Z,00df07521690a1fb6e56d9506781a9888bb54e5230f6de1be64ba13f,60.14951,24.92138,0000000006dd41f6,27.28
3644,2019-08-04T11:06:10Z,01e47d49d859d6875c51173a8f2159c35733cff5d2c3e5044b4b42d1,60.16829,24.94214,00000000afef4555,20.28
3645,2019-08-04T11:06:10Z,0236a1d5b9b9d2249407a79705eee38de360ceb0530a8959ba5bc15b,60.149,24.9843,00000000fffb8cf0,11.7
3646,2019-08-04T11:06:10Z,02a354db29cd5bc16976a9d933e03a41be350f9cc78098829a7dcfd4,60.14947,24.91438,000000004ef3150d,18.79
3647,2019-08-04T11:06:10Z,0495ba0a1c04e0262f37eaa32084a173acc00638a16e76bb922b97dd,60.16762,24.95415,000000006b44cce7,9.12
3648,2019-08-04T11:06:10Z,0656a0c0a353f164b57fbdd9e648d71fab429964d97ed07ab2c5dc30,60.18203,24.91341,00000000342570c2,21.87
3649,2019-08-04T11:06:10Z,07505f028a552fd4183a9d7a436db18ae89a2dfeff0cdea93dcbe920,60.16762,24.95415,000000006b44cce7,9.92
3650,2019-08-04T11:06:10Z,07d2c0d3e587183c3240cb2a99c3590ccbfbff94a9480635509ad9aa,60.16829,24.94214,00000000afef4555,25.36
3651,2019-08-04T11:06:10Z,07d9aa9fe10e58c26960ba10eb2f13607a7cea0226acaecbdcc52508,60.16762,24.95415,000000006b44cce7,14.89
3652,2019-08-04T11:06:10Z,08833115ba0f62666fee594662c171563759459bb5f65ffdfeaeaed1,60.18203,24.91341,00000000342570c2,25.36
3653,2019-08-04T11:06:10Z,08b10b51864dc039f0a07c997e66e7a263ee1cde5b0b88b2a1178c58,60.16829,24.94214,00000000afef4555,7.69
3654,2019-08-04T11:06:10Z,096c3b0de1dab1407cd4d3330546404c0d62ce025924420496380f89,60.16762,24.95415,000000006b44cce7,10.78
3655,2019-08-04T11:06:10Z,0af61169cceddbd5c08068ba987231f31931944ac70a7335e59fce93,60.16897,24.95222,00000000aa852af1,27.28
3656,2019-08-04T11:06:10Z,0b45b52bc137c31ce83561c857f809296ec70f5537976a4a4d573d4f,60.16829,24.94214,00000000afef4555,7.05
3657,2019-08-04T11:06:10Z,0b49dcea1b7eab22f4ebd0c7666ded5b59fe092b8bdd4aa9eda6326d,60.16762,24.95415,000000006b44cce7,2.54
3658,2019-08-04T11:06:10Z,0c959027ce302054b09087cac97a83aa7e24fb9e4fa2710763f912cb,60.16829,24.94214,00000000afef4555,3.74
3659,2019-08-04T11:06:10Z,0d2490ed58c11eb4a754a30cc4bcb21c7243d322a2caf7cc360e4e8c,60.17065,24.93641,000000000f4919c9,17.4
3660,2019-08-04T11:06:10Z,0e1fac068e905121e354702292780affb6635905cc36872878ff79ce,60.17002,24.94407,000000006b087f40,33.81
3661,2019-08-04T11:06:10Z,0e9170bc93107bf16cd12839eca9ea157f19169d66085e8a435b0f1d,60.16762,24.95415,000000006b44cce7,8.38
3662,2019-08-04T11:06:10Z,0fd26c6e46f4d73b276223942e56c38bc9b8e4566239f8a77261657b,60.17002,24.94407,000000006b087f40,16.1
3663,2019-08-04T11:06:10Z,1107822441d53ff89eb9cb0d022a37202aed47bd82dca4bc175d6837,60.16762,24.95415,000000006b44cce7,4.5
3664,2019-08-04T11:06:10Z,116e59da308964e8eb82cb6e5a758aad726ec3800f0fa17bc661e8fe,60.16762,24.95415,000000006b44cce7,13.75
3665,2019-08-04T11:06:10Z,117b6ba38be2f875c85c9c048106db4d2dbce58629a807d7d7773b6c,60.16762,24.95415,000000006b44cce7,21.87
3666,2019-08-04T11:06:10Z,1327ce24f157334f864f913637993c80380ce5f5c911e4b0d31c5eb7,60.149,24.9843,00000000fffb8cf0,1.88
3667,2019-08-04T11:06:10Z,1374f31e71652faf3e69316a295c22d59e560f15e35f42b003a89222,60.14699,24.922,00000000a53ed894,10.78
3668,2019-08-04T11:06:10Z,13b0a8ca1414d7b2b0e8d5f80069a5d26c6f62a68b58eda25a4b85f4,60.16829,24.94214,00000000afef4555,8.38
3669,2019-08-04T11:06:10Z,1556d4a76070c26554efa12b4b9c53766a4cc394e8b74ee37f2fff65,60.17065,24.93641,000000000f4919c9,20.28
3670,2019-08-04T11:06:10Z,163dbc381da1ed6a59dda273955da51bb7f1216e1b8e226446d40e4b,60.1538,24.95595,0000000038bf9618,33.81
3671,2019-08-04T11:06:10Z,169c77f0d714e38eb1e798b14fa42ce3fefb0ec1d6f9e93a38a872f1,60.16762,24.95415,000000006b44cce7,8.38
3672,2019-08-04T11:06:10Z,1921be9815a57f11f291ca085add7b4bf1d044518b03b725df7cf7d5,60.149,24.9843,00000000fffb8cf0,20.28
3673,2019-08-04T11:06:10Z,194589f782f667221677ae0f6ec500e2f9255a8f6f6f41d32f122ca5,60.1538,24.95595,0000000038bf9618,41.64
3674,2019-08-04T11:06:10Z,19db84758eba08a5f9bb56b0ff91d05286765c8e8dfa31bd0b2aaa1c,60.14947,24.91438,000000004ef3150d,20.28
3675,2019-08-04T11:06:10Z,1a623175e52f0b1da44bc24027c8d374dbd7710157b6a78e417b7cda,60.16762,24.95415,000000006b44cce7,10.78
3676,2019-08-04T11:06:10Z,1a9a0f74c353624c42c19c007e82c9c2547b7285d8353d0e375e3f05,60.14699,24.922,00000000a53ed894,7.05
3677,2019-08-04T11:06:10Z,1c8c3befa38b65f707dd4933a68e5e3c9e7c82592fd382779127416b,60.16897,24.95222,00000000aa852af1,16.1
3678,2019-08-04T11:06:10Z,1ce242f8d8220cd38bf3ea9138c99ae9b2f79b28e68edb864f090ec9,60.149,24.9843,00000000fffb8cf0,27.28
3679,2019-08-04T11:06:10Z,1dd88e08ecbbd8507d735040b95233ff133ddfecfd889e4a3c52b8cf,60.16762,24.95415,000000006b44cce7,16.1
3680,2019-08-04T11:06:10Z,1ec01efcb963de0890bb5fd949ec5fd4e87cc41d8e5cf4b21aa17e81,60.18203,24.91341,00000000342570c2,31.5
3681,2019-08-04T11:06:10Z,1fa2c533bba37b249a0105001153733e67a559d40c22cab67f135f64,60.14947,24.91438,000000004ef3150d,6.46
3682,2019-08-04T11:06:10Z,2136558e0a9a89ed5aa044485a8e31bff3b7e5acf38c645a06782afd,60.16448,24.97323,0000000053c6c2be,25.36
3683,2019-08-04T11:06:10Z,21e1b0aebd1c050ac0463a0269b847e7e94b782ed10399e5e749817f,60.16829,24.94214,00000000afef4555,21.87
3684,2019-08-04T11:06:10Z,227b93698b29687beea48184f42aab63a21fa362af7251be32db2e15,60.16531,24.9442,00000000fdda10fe,2.8
3685,2019-08-04T11:06:10Z,23786c82e2641aed0e0b004658480a212bf0397568e914487819045c,60.16897,24.95222,00000000aa852af1,16.1
3686,2019-08-04T11:06:10Z,23b4a8c7918ca417eab83481a710fd544e1fa8bf7073b5955c0155c8,60.14699,24.922,00000000a53ed894,12.69
3687,2019-08-04T11:06:10Z,23b7c1b09dfbcbf722a4c48303dd0435cf9885a516d5eebb6538844f,60.16762,24.95415,000000006b44cce7,7.69
3688,2019-08-04T11:06:10Z,2535cb5c89ec66044a005b03dd769ca8d0022164a816c06db0e49892,60.16762,24.95415,000000006b44cce7,4.11
3689,2019-08-04T11:06:10Z,2671a156fa8d8bb05970481c8f83bcf9f261f73dae27f2bb9ac88aeb,60.14699,24.922,00000000a53ed894,14.89
3690,2019-08-04T11:06:10Z,26a4ff30aad95332c4b603e9e728a10486413889de9d2c4573524923,60.14699,24.922,00000000a53ed894,20.28
3691,2019-08-04T11:06:10Z,2724e42551f43106ea58a8fcc6a43953baa1294cd65e17a90012f706,60.17065,24.93641,000000000f4919c9,1.01
3692,2019-08-04T11:06:10Z,2976f928928bc265eb43d7f4f808637a493ac5b790526cce962cb184,60.16762,24.95415,000000006b44cce7,18.79
3693,2019-08-04T11:06:10Z,2977d3c4f181abb6662adf1d466a62167e2690a9c94dc53e5aa6a904,60.16762,24.95415,000000006b44cce7,6.46
3694,2019-08-04T11:06:10Z,29f5adc4d67413b7d368e8e94a41cf48339e3f5f0903f660170c4fe8,60.17919,24.95181,000000007b5207b6,10.78
3695,2019-08-04T11:06:10Z,2a80aed2c40e7e70ca12152ac812abd79aa1d13efcec25a6d3395136,60.16762,24.95415,000000006b44cce7,4.94
3696,2019-08-04T11:06:10Z,2acbdfb5e555a9668c446767fc5d82728d254a45d17dff85e3342cb0,60.16629,24.95957,00000000fb7600be,17.4
3697,2019-08-04T11:06:10Z,2b340ca3416f2ba214d44853ad0495223a557eb6b61baca53fd7dc54,60.16829,24.94214,00000000afef4555,17.4
3698,2019-08-04T11:06:10Z,2c85e4140ca0ba77c3598ceac05eb2c2342409ce8111c863fc58c606,60.16829,24.94214,00000000afef4555,0.41
3699,2019-08-04T11:06:10Z,2ccaeb30423977ff22b6afc29243b861b476a5f4ffafdf200d326d78,60.17002,24.94407,000000006b087f40,27.28
3700,2019-08-04T11:06:10Z,2de87ef94604fb63bec05eefb71b6cdd0b9807f8551159c2a35e7259,60.17065,24.93641,000000000f4919c9,18.79
3701,2019-08-04T11:06:10Z,2f83e4cad2d924faecb3def25f54727f3e612bc5040c493dd6eccb1d,60.16897,24.95222,00000000aa852af1,13.75
3702,2019-08-04T11:06:10Z,2fe2e4165984d7880628aec591ce4747f18947da70312e6afca2946b,60.14699,24.922,00000000a53ed894,12.69
3703,2019-08-04T11:06:10Z,303e51dd6e5cca35a9f9f76fbe8ef97bd64a9dc6b4e965b1f74ca279,60.14699,24.922,00000000a53ed894,14.89
3704,2019-08-04T11:06:10Z,30bee351808d5e8082ce012b57f5bc0efc80f8394491a182e0eeee32,60.17918,24.95141,00000000675d5200,17.4
3705,2019-08-04T11:06:10Z,3226c88241c6ac9d643c1843f44b6e5ee10df5f15a695e360582a9be,60.16829,24.94214,00000000afef4555,16.1
3706,2019-08-04T11:06:10Z,32f77f5019e5fce30881c214487361e2e34b8c93277f6e546de72012,60.1638,24.96846,00000000d747f075,25.36
3707,2019-08-04T11:06:10Z,3417d8a6b53687e70f126ebeb1d26a2ff6369dc9a551c3c35c5a04f9,60.17002,24.94407,000000006b087f40,14.89
3708,2019-08-04T11:06:10Z,35f337dd3baf0bc08002ec007d609b685ac29bb2a8bcad6783532a6b,60.16829,24.94214,00000000afef4555,23.56
3709,2019-08-04T11:06:10Z,3670a148a52771f0ff5af161725f65b86873c09eea1a7697861c0438,60.14699,24.922,00000000a53ed894,10.78
3710,2019-08-04T11:06:10Z,374083907dd8980893623726af5633afd59b519c885ad12ba5c674eb,60.17002,24.94407,000000006b087f40,3.09
3711,2019-08-04T11:06:10Z,386dea4944e0b83648b4b6faf510fd47b0e9e29a2bb9311fe8a80ee2,60.17918,24.95141,00000000675d5200,21.87
3712,2019-08-04T11:06:10Z,39c75ec87b1dbd9865939b27695811070c5256630eeaebbe35743986,60.16829,24.94214,00000000afef4555,23.56
3713,2019-08-04T11:06:10Z,3a23443662298e2601a38a20bcb69744211c52d9735d50c80d553ff4,60.16897,24.95222,00000000aa852af1,29.32
3714,2019-08-04T11:06:10Z,3ac85712ab657e849113d439795c4e7325d1025cacdbd9a41174b031,60.17002,24.94407,000000006b087f40,18.79
3715,2019-08-04T11:06:10Z,3ac9d056b0f04f774b238a125eb996d46437f7a8c5f6ba6712e971cf,60.17918,24.95141,00000000675d5200,7.69
3716,2019-08-04T11:06:10Z,3ae1d5a2268ac1af52ba8b54fb28f81c00fa05884af8b8ca5e7e0e9a,60.16762,24.95415,000000006b44cce7,20.28
3717,2019-08-04T11:06:10Z,3b355c039877bd4883845f3fc6ad8dd6f41f170274042f1397585680,60.149,24.9843,00000000fffb8cf0,13.75
3718,2019-08-04T11:06:10Z,3b5030adc7c303403a6333a1a6d35474c2f21c1d20ece72180660423,60.14947,24.91438,000000004ef3150d,20.28
3719,2019-08-04T11:06:10Z,3c97ef699a49ee2e91f5446516403d07a686256fbaea1ed8e7c28400,60.16762,24.95415,000000006b44cce7,18.79
3720,2019-08-04T11:06:10Z,3daa2205b02453faa04e23c0bf80d6d22d657277425f07e4fc424dbc,60.16762,24.95415,000000006b44cce7,14.89
3721,2019-08-04T11:06:10Z,3e36420df19c06796a79acdad84551653de9b0132cb0987329f75291,60.16897,24.95222,00000000aa852af1,16.1
3722,2019-08-04T11:06:10Z,3f67c6713a6cca446a46616c9970c7a2ddffb03f21e10c8ea9b2f380,60.16897,24.95222,00000000aa852af1,14.89
3723,2019-08-04T11:06:10Z,40b98e7445617581067a41524181e8b6995ea4ee6c82ae2ba93db3cb,60.173,24.92524,0000000096918cfa,21.87
3724,2019-08-04T11:06:10Z,42d34a6c595760e51052178acc978bdb2b6348e0405f7b58c57f0915,60.16829,24.94214,00000000afef4555,9.12
3725,2019-08-04T11:06:10Z,44703b8dd01d3bd79585c9c7e12217e1ac152f86e2b0c9ed6be4bc19,60.16544,24.95398,0000000038d83d41,29.32
3726,2019-08-04T11:06:10Z,4472fa277123afabdf2402fc2a3c5bff2be437e6d56b590278de70fc,60.17065,24.93641,000000000f4919c9,27.28
3727,2019-08-04T11:06:10Z,448f6044c6c095d8c71341a0017dd6746f6e150f03af7c78b794308f,60.16762,24.95415,000000006b44cce7,18.79
3728,2019-08-04T11:06:10Z,44cd8828dd4aa11ea599139af3d3aafbcd09ca0c2558f26ed1c72e17,60.14699,24.922,00000000a53ed894,12.69
3729,2019-08-04T11:06:10Z,44d01b24bde0f8031d7cf15bb66e661ad9bd92807f3213fabf920fa1,60.16762,24.95415,000000006b44cce7,9.12
3730,2019-08-04T11:06:10Z,465eab28635efe98500085ceb161cf941d02272a0107fbbfb2203c29,60.16829,24.94214,00000000afef4555,11.7
3731,2019-08-04T11:06:10Z,46b576e18e757fc4ec008b41d3c28ec5415a2c2c2f143042e5413137,60.16762,24.95415,000000006b44cce7,5.91
3732,2019-08-04T11:06:10Z,47f787c639f2eed345eb5dca409ffcd989850399a1ab781500dd6e82,60.17919,24.95181,000000007b5207b6,6.46
3733,2019-08-04T11:06:10Z,4833b1ea4f519407574f5a838d93a39de28c756c5f53de7ee273b577,60.14947,24.91438,000000004ef3150d,6.46
3734,2019-08-04T11:06:10Z,49084ae4b6419be9e7bb0c9b1420142e07d6ac3c17c07c26895461ed,60.16829,24.94214,00000000afef4555,11.7
3735,2019-08-04T11:06:10Z,4954540aca30f8f56f918178fbd53ee48ddef7a231d425061f6b2f6f,60.18203,24.91341,00000000342570c2,29.32
3736,2019-08-04T11:06:10Z,49b391c05bd4e5231579392d798036a0139a8ea4e4d4509a7cb3901f,60.16829,24.94214,00000000afef4555,11.7
3737,2019-08-04T11:06:10Z,49d6f6bd5878bfac30a67fe92d1501b5b09cab38ab2b35b661902f0d,60.14947,24.91438,000000004ef3150d,11.7
3738,2019-08-04T11:06:10Z,4a54cbed9c373a4136f8851f3f5736eb2fadd5766d316eb5ebbdd231,60.17918,24.95141,00000000675d5200,8.38
3739,2019-08-04T11:06:10Z,4ae4a5331747d994953667cd06d4c999d9cf71885574c3cc473620f8,60.16897,24.95222,00000000aa852af1,18.79
3740,2019-08-04T11:06:10Z,4b5b3e8f2b484bc08b196c265f65c70151bd69f6263318eb29125db2,60.16829,24.94214,00000000afef4555,1.54
3741,2019-08-04T11:06:10Z,4bb6e0c5d2fab888f3f0b8001d87db8152c8c44f64934c028f4f0fba,60.16762,24.95415,000000006b44cce7,14.89
3742,2019-08-04T11:06:10Z,4cf634fc84e128c3b9bce07a4b726d136e18f0eea4229fdbb48f6db1,60.16897,24.95222,00000000aa852af1,9.92
3743,2019-08-04T11:06:10Z,4d31b0561dbfc9ef5acbd44ba92acb4ca7bad86b948634f005173ece,60.14699,24.922,00000000a53ed894,9.92
3744,2019-08-04T11:06:10Z,4f64a0a452cd28e15e79c60cbb361761817de946431b04ad87c6d513,60.16897,24.95222,00000000aa852af1,33.81
3745,2019-08-04T11:06:10Z,50a06af190dfb27cbd4d6ca55980b1379ec795af8b9e5ebc00d73257,60.16762,24.95415,000000006b44cce7,5.91
3746,2019-08-04T11:06:10Z,51789c3026ccfe7e846e44fcd833d006941c2789b9693c77df5a7c98,60.16762,24.95415,000000006b44cce7,13.75
3747,2019-08-04T11:06:10Z,52daa31a2b3c1c07f78d96ebb4de3a965da5ef0a8035afbd0f7451fb,60.16531,24.9442,00000000fdda10fe,17.4
3748,2019-08-04T11:06:10Z,542a405b620e6d166ecc5eadd979b3936d831cea3aa7b75316adb4ca,60.16897,24.95222,00000000aa852af1,17.4
3749,2019-08-04T11:06:10Z,549e8785d3249c38e0c577947392ab324d318a5a9b125b5d03e023d2,60.17065,24.93641,000000000f4919c9,23.56
3750,2019-08-04T11:06:10Z,54d53f276563f566e1cd61b100408412cf78b4fe9fcada830aa6e23b,60.14947,24.91438,000000004ef3150d,9.92
3751,2019-08-04T11:06:10Z,54dc7391620a6069eadeb315f12a9149647a0fc084a14bf580f444b2,60.16629,24.95957,00000000fb7600be,25.36
3752,2019-08-04T11:06:10Z,55db840c0ab0998cc666beac96e2ebbb86074ce40799e791e7e7f299,60.16829,24.94214,00000000afef4555,27.28
3753,2019-08-04T11:06:10Z,56318cc7f3616fceec2564cbb1f6ca8b88ea861935a1ada93aafd7b0,60.16897,24.95222,00000000aa852af1,11.7
3754,2019-08-04T11:06:10Z,571934189bf349efb6f596e76c21612cf9b82ed44913090169936048,60.17065,24.93641,000000000f4919c9,10.78
3755,2019-08-04T11:06:10Z,579ea129e99082446da0a3f358091546de1f8b2db0feb92b86d25a89,60.149,24.9843,00000000fffb8cf0,12.69
3756,2019-08-04T11:06:10Z,584cb0b0cdd14e608c8b57c8aecc9826f9b40027e365e2438a444ea2,60.16762,24.95415,000000006b44cce7,10.78
3757,2019-08-04T11:06:10Z,586f70961bf72597ce00f89d3602178ecc6ac8838a8acec48bba7f9f,60.14699,24.922,00000000a53ed894,18.79
3758,2019-08-04T11:06:10Z,58c5faa3a5a33380286fc185676e8f2764cdde5a6dc9f43eee9d3b0c,60.16448,24.97323,0000000053c6c2be,27.28
3759,2019-08-04T11:06:10Z,5d1a06a2f2536539d5cec19312d4b71ac6096ed0d84ef850b95c01ec,60.17065,24.93641,000000000f4919c9,21.87
3760,2019-08-04T11:06:10Z,5d9aa6fcb0d81ceaa80ca13cc08a88138be517656646e0ba0942ce46,60.16897,24.95222,00000000aa852af1,14.89
3761,2019-08-04T11:06:10Z,5e3cbc5b7806b69899c0fcad70c8744c02e34bc7eb4408c9e8a92732,60.149,24.9843,00000000fffb8cf0,25.36
3762,2019-08-04T11:06:10Z,6022019a95573b888ca7b3161da098935ea0ad7793437ee40a32a5f3,60.14699,24.922,00000000a53ed894,17.4
3763,2019-08-04T11:06:10Z,62d86ee13e6ae7a5c41ffc2de746df72d4ef6e8d2b6a51ce1c68965f,60.16829,24.94214,00000000afef4555,9.92
3764,2019-08-04T11:06:10Z,62e27092b58abcaf80564c408d0d4a7b821abaee92dc2f02ccb11e61,60.16762,24.95415,000000006b44cce7,5.41
3765,2019-08-04T11:06:10Z,63e498fd789abe431cdf86f184a50616c85717e1efc893da1e1a2222,60.16897,24.95222,00000000aa852af1,18.79
3766,2019-08-04T11:06:10Z,641278428fe9332730ebe5088185492f950affa9931fe46498279dec,60.16448,24.97323,0000000053c6c2be,27.28
3767,2019-08-04T11:06:10Z,64d10ef0926ecca987bad278990d966d8fac8775f03847d1f5a4a2f6,60.16762,24.95415,000000006b44cce7,10.78
3768,2019-08-04T11:06:10Z,658aacab016460cfc38879944e374640737b32d7291a40aed8b8845c,60.16897,24.95222,00000000aa852af1,23.56
3769,2019-08-04T11:06:10Z,6656d2ce0a18f92aca4d99810ecaefe94dbe9a0e2ea987f1702aeecb,60.16762,24.95415,000000006b44cce7,7.05
3770,2019-08-04T11:06:10Z,66755836036c771e53ffd9d0dc09b8575231b53b80af22e868691a2a,60.14699,24.922,00000000a53ed894,3.09
3771,2019-08-04T11:06:10Z,6770188bfb70997d029b95fe32bafef6ca944778a3f1a35d0fa674b8,60.16829,24.94214,00000000afef4555,25.36
3772,2019-08-04T11:06:10Z,69158bfbcf8399435cc52d623b530dc75089182b7ab05efb64e64021,60.15432,24.9211,0000000019fb59c4,21.87
3773,2019-08-04T11:06:10Z,6978155fc96a2c464cb547d9fc8c5e60f39fbb9de35e49ab211c5efc,60.16897,24.95222,00000000aa852af1,33.81
3774,2019-08-04T11:06:10Z,69852d528034ea6fc746ed8942c32f1c90bc33a7a7317dfac3c9b1c1,60.14699,24.922,00000000a53ed894,3.4
3775,2019-08-04T11:06:10Z,69d8c906060e226ff0f0f7e78029575f2ee07ebec657a3b641419268,60.14699,24.922,00000000a53ed894,14.89
3776,2019-08-04T11:06:10Z,6ac1903c80e63433e4bc744dc0e801bff647117d38d3753fb9a6a4c1,60.173,24.92524,0000000096918cfa,9.92
3777,2019-08-04T11:06:10Z,6ac8fdd67b3dd11f0bae935f3a285880138382088238b97f511d3f12,60.16897,24.95222,00000000aa852af1,38.87
3778,2019-08-04T11:06:10Z,6c3dd68b68d5b3caa20f92e5ea004b0298abbddd5e35caca508262e9,60.16448,24.97323,0000000053c6c2be,18.79
3779,2019-08-04T11:06:10Z,6c97da4ba9462e7fe786a472989dab23340d31809dd78d5617204da4,60.16829,24.94214,00000000afef4555,7.69
3780,2019-08-04T11:06:10Z,6e2fbf091d5c86667e060d7ec44f48f0f5d7b1d55b1899f2939f247a,60.16762,24.95415,000000006b44cce7,3.09
3781,2019-08-04T11:06:10Z,6e492dbc3f10157e7ff00826a839a97262ab36244ccc57b702a89999,60.16531,24.9442,00000000fdda10fe,4.11
3782,2019-08-04T11:06:10Z,70ffae2b8178e0915c5de7816f8dd8bcc3af745ee49df8ac4da4adba,60.17918,24.95141,00000000675d5200,20.28
3783,2019-08-04T11:06:10Z,714e80a1e3c0fee43e312f314b2faec47e582ee8dac47e4818dbc2f9,60.149,24.9843,00000000fffb8cf0,14.89
3784,2019-08-04T11:06:10Z,71516fc8349cfaf2b5c4ab80ade6078494d93d13e9953af15e5ced30,60.18203,24.91341,00000000342570c2,25.36
3785,2019-08-04T11:06:10Z,738973c9b5f9882f29075e47ca10e50ba3fb9883da779f41545175f4,60.17918,24.95141,00000000675d5200,2.54
3786,2019-08-04T11:06:10Z,7484ecf89e24efb4a366562730f7341391f930dad7b216184022d0da,60.173,24.92524,0000000096918cfa,33.81
3787,2019-08-04T11:06:10Z,74c2ec2adc228e5b4979284d730fd2de698242f0f06d90f870b8cde6,60.16762,24.95415,000000006b44cce7,2.3
3788,2019-08-04T11:06:10Z,75d452cbba63995ad06213b577081e8db650c80b3a78060789a8e831,60.16762,24.95415,000000006b44cce7,9.92
3789,2019-08-04T11:06:10Z,77964c48bd2a8658eeedae4be816422b0ef0be1ee1b6f9093b47f14e,60.14699,24.922,00000000a53ed894,12.69
3790,2019-08-04T11:06:10Z,7804799a34d94440ab3520238b9ab58a0466b4230cd360f0f2159075,60.16762,24.95415,000000006b44cce7,11.7
3791,2019-08-04T11:06:10Z,79249857aa88aacfdce42eef6ed8e8bcca6a4550672e5d4552c120d0,60.16762,24.95415,000000006b44cce7,14.89
3792,2019-08-04T11:06:10Z,79bde23c1a8980f93a65e14306f0d8ea89e164430d8b991e2bfee82e,60.16531,24.9442,00000000fdda10fe,25.36
3793,2019-08-04T11:06:10Z,7c54a2b3743def9287caccd19dc542caf569d06507bbfc885490ac27,60.17918,24.95141,00000000675d5200,29.32
3794,2019-08-04T11:06:10Z,7e78b2348d9576c63ebb626030ee9d43e2bf07e860782adf3f1c452b,60.16829,24.94214,00000000afef4555,11.7
3795,2019-08-04T11:06:10Z,7e9880612b626be1f70a0b9cd9309b4081df8dda1d9f0e8c531d75a7,60.16897,24.95222,00000000aa852af1,18.79
3796,2019-08-04T11:06:10Z,7eefc5581c616491b78192b28b519ba727dc884a87bc06b8df1ea4f2,60.14699,24.922,00000000a53ed894,12.69
3797,2019-08-04T11:06:10Z,7f95126e2fe39b74b61f9df1002b58453d22fe79458cebfeed9b9982,60.16829,24.94214,00000000afef4555,12.69
3798,2019-08-04T11:06:10Z,80ffa6235c9fd84bd35d46706c7d0c4126ee0e241a070c5ae5f30d14,60.16762,24.95415,000000006b44cce7,9.92
3799,2019-08-04T11:06:10Z,822590bd49bcf7ed4de4f8389586915c343b29c4283ff8b90d7c1d39,60.17065,24.93641,000000000f4919c9,10.78
3800,2019-08-04T11:06:10Z,82ac749474448abac333d00869cb8b508872f86293913d95eae26a05,60.15432,24.9211,0000000019fb59c4,12.69
3801,2019-08-04T11:06:10Z,82cddd3b9f58762d36efe78da4e2722ee587cfdb3fdbc58b52673082,60.16629,24.95957,00000000fb7600be,11.7
3802,2019-08-04T11:06:10Z,842340aa39a680a5c969b20db5027c8e1b123077045e8046a997391a,60.16448,24.97323,0000000053c6c2be,29.32
3803,2019-08-04T11:06:10Z,844b8ad6ebf530978d1139d527a681991f4d3eed6be5bc723f0b2192,60.16531,24.9442,00000000fdda10fe,1.25
3804,2019-08-04T11:06:10Z,87ea10367f1569e575dc4bc60f0f4238eafb52ba8a2cc8e5e4584232,60.16829,24.94214,00000000afef4555,33.81
3805,2019-08-04T11:06:10Z,87f4cf4baea8c5dfe1bc7812cc969574058bd4d2dda215192bcfc53f,60.14699,24.922,00000000a53ed894,3.74
3806,2019-08-04T11:06:10Z,886032718e05487be8bd75bb14464814044c7edd7f9a2198304f6fb4,60.16629,24.95957,00000000fb7600be,18.79
3807,2019-08-04T11:06:10Z,88ee7d98af3d9470df5daf433cfa0405f6225cb56b98b7c48d260fd4,60.17002,24.94407,000000006b087f40,9.12
3808,2019-08-04T11:06:10Z,8a01cc1ef99f9ea16785412c604aa6bb2750299d67ea94214401d645,60.16762,24.95415,000000006b44cce7,12.69
3809,2019-08-04T11:06:10Z,8a7f5012c000c420f0a336a3988c72cf2b373818f4f3f369e994d8e4,60.16829,24.94214,00000000afef4555,18.79
3810,2019-08-04T11:06:10Z,8c4e4851db86ec4a3ce29a58be770eb29c38b9a983351bb67d781982,60.16897,24.95222,00000000aa852af1,16.1
3811,2019-08-04T11:06:10Z,8f3d9ab893ae4a48fd3417f3a749c21e792779990ae0ad75a8f211de,60.1538,24.95595,0000000038bf9618,36.27
3812,2019-08-04T11:06:10Z,90a7a2779a546d0a67f676fbd33964bfec098cc7d3c6617a5c0f6b88,60.16762,24.95415,000000006b44cce7,3.74
3813,2019-08-04T11:06:10Z,91602a694bc74a2874ba7f02a7bae062a3a77cd869b86a74800415b8,60.17918,24.95141,00000000675d5200,14.89
3814,2019-08-04T11:06:10Z,922a255faab8fa07938e1681a3486985f3a0dd4cee03eeb495c27a4e,60.173,24.92524,0000000096918cfa,29.32
3815,2019-08-04T11:06:10Z,92df20d921f76c63470e3f5afbe201d3ae15f5133f66c291db796082,60.16629,24.95957,00000000fb7600be,25.36
3816,2019-08-04T11:06:10Z,93272ad17155ea9499641eda7c5560691582116096278b82738ab21e,60.14699,24.922,00000000a53ed894,9.12
3817,2019-08-04T11:06:10Z,934bab75e2a2354910288b01c44fdfda4a87f92ac010109f641b3122,60.14699,24.922,00000000a53ed894,23.56
3818,2019-08-04T11:06:10Z,94ac9d6e79236013b9fa24e1c52123819228f6962b5952637ca80fcb,60.16762,24.95415,000000006b44cce7,11.7
3819,2019-08-04T11:06:10Z,951482f3e2e41b496e34885c346c4a7ab09427178119caa9b8bbcbb6,60.14947,24.91438,000000004ef3150d,6.46
3820,2019-08-04T11:06:10Z,9618703465df0acf2ccedcd7a519bb1146d94e8fb5b310c036a656f0,60.16762,24.95415,000000006b44cce7,13.75
3821,2019-08-04T11:06:10Z,96b6fbb458fa515d6fe57ba056a91d6be76290d0cffe0b5f701ed098,60.18203,24.91341,00000000342570c2,27.28
3822,2019-08-04T11:06:10Z,97490f522f1a0226c8f7e8ed7bca08dd71b63d80b46d38020127b868,60.14699,24.922,00000000a53ed894,13.75
3823,2019-08-04T11:06:10Z,998a30ee5f5ff6d2bc9ed04420591e525ded59ad66d09eefa240cc8e,60.16762,24.95415,000000006b44cce7,20.28
3824,2019-08-04T11:06:10Z,998ac46ad73c197bab1f36dca67d8bcaa3aca92249185a5e3715043f,60.17065,24.93641,000000000f4919c9,13.75
3825,2019-08-04T11:06:10Z,9a1a6afa19068ac0b5f9af2744ddf945157f0dd41a4f254e8251fd09,60.16762,24.95415,000000006b44cce7,13.75
3826,2019-08-04T11:06:10Z,9a49d0b5a67fba15ce8971503f6fea88994b33487a842397c5e8564f,60.16762,24.95415,000000006b44cce7,2.8
3827,2019-08-04T11:06:10Z,9aa588cb6f425117e45726b6b9adb7ef86c8f7c8113b547dc61f068a,60.16897,24.95222,00000000aa852af1,10.78
3828,2019-08-04T11:06:10Z,9ab0a60cb60531417ac6ec5ebc6ef591d2f39019c6b0bcb5a89101a2,60.14699,24.922,00000000a53ed894,14.89
3829,2019-08-04T11:06:10Z,9b17422199e594df512c6cda493d8fc5b5141741b2f804eb18016640,60.14699,24.922,00000000a53ed894,21.87
3830,2019-08-04T11:06:10Z,9b2a5c59007368ed7b26c0128d958f0ac43ab418eda263737da18bd6,60.17002,24.94407,000000006b087f40,17.4
3831,2019-08-04T11:06:10Z,9b4b0705e58750d2bcbd71ad65d85677f7e77db5dfe69d1a70b5d31f,60.17919,24.95181,000000007b5207b6,11.7
3832,2019-08-04T11:06:10Z,9bc50d931d6c1678284177395958d15f05b45d60ae7bc09fe1e1694e,60.16762,24.95415,000000006b44cce7,3.09
3833,2019-08-04T11:06:10Z,9bd3b28502fbff2bdc93c202dcbb72048f050361e5501387f9f6ff4c,60.17065,24.93641,000000000f4919c9,31.5
3834,2019-08-04T11:06:10Z,9bef562c292174f1eb3933116effff74a8733a78e5c1df140de3fd6c,60.17919,24.95181,000000007b5207b6,18.79
3835,2019-08-04T11:06:10Z,9c0b1d2c4c67c07e547e810a94efeaaa1187ae82977e03748470281c,60.16897,24.95222,00000000aa852af1,23.56
3836,2019-08-04T11:06:10Z,9eb1e9bfdceb76ef852f89ebd82139602125f9731b791465e1c21f81,60.16829,24.94214,00000000afef4555,8.38
3837,2019-08-04T11:06:10Z,a0ec1a8d581f94e640a6858a674699d2464ec065e6faea9d4ce2a13b,60.16762,24.95415,000000006b44cce7,10.78
3838,2019-08-04T11:06:10Z,a1439b6683d0598c7a05080c3693a17c198f7b8c3297c77324ef4859,60.16829,24.94214,00000000afef4555,2.3
3839,2019-08-04T11:06:10Z,a20a11944d9440f1f8e4ea6262408f673f2a8380c4e13dda1a073d8d,60.16897,24.95222,00000000aa852af1,11.7
3840,2019-08-04T11:06:10Z,a25b897b52089b243421b68349d3f15e60ce8249d11c889a4626bfc7,60.18203,24.91341,00000000342570c2,27.28
3841,2019-08-04T11:06:10Z,a30740fbf4b7e21f6fe2996e9325c90936de161cb2165e87cd96fd35,60.149,24.9843,00000000fffb8cf0,7.05
3842,2019-08-04T11:06:10Z,a3664d77633807788598dd8d4a7ba8caba2c31bfdcb6ba83651d4e7e,60.173,24.92524,0000000096918cfa,20.28
3843,2019-08-04T11:06:10Z,a3c1a4a58b9381c27b1d5076e0d8d72039afccfb0e58438a80247324,60.16762,24.95415,000000006b44cce7,16.1
3844,2019-08-04T11:06:10Z,a50e0bb8fd1ad4ad264c3246b210a0c6285faae591c1bd2c2c3458af,60.16829,24.94214,00000000afef4555,9.92
3845,2019-08-04T11:06:10Z,a5d632ac8ffc19a626de034d3c9444fd262ee6edada285c816ea9266,60.16531,24.9442,00000000fdda10fe,8.38
3846,2019-08-04T11:06:10Z,a764c2246c85b2b0aa79e581e2fe238da93de098abbb90aee24c11ca,60.16829,24.94214,00000000afef4555,14.89
3847,2019-08-04T11:06:10Z,a81c19fb85eebf853246cdc4d8e38245dfa5ba15c180eaa1bcc0378d,60.16829,24.94214,00000000afef4555,11.7
3848,2019-08-04T11:06:10Z,a98fc06dc605583814a2aa182295b88f81657ef2daeee7aaec792e7c,60.16762,24.95415,000000006b44cce7,13.75
3849,2019-08-04T11:06:10Z,aa4547c0b6b8be30776e08d524ceeacfbc9930ad720e11fa4cb20882,60.16531,24.9442,00000000fdda10fe,1.12
3850,2019-08-04T11:06:10Z,aa45859d6157e9e86470ec8b81957acc35bafb1b7f419d79357a38cf,60.16829,24.94214,00000000afef4555,11.7
3851,2019-08-04T11:06:10Z,ab1377ddf669bb806f8db586f4ce5ab9f0f4257dda61fe800d8509f5,60.17065,24.93641,000000000f4919c9,20.28
3852,2019-08-04T11:06:10Z,ab6e8769f50a15ea5e0d64f48aaa12886b7599a18cc0eb071a21ae5f,60.16762,24.95415,000000006b44cce7,12.69
3853,2019-08-04T11:06:10Z,ab7697ba77150d46c95d1b02fef085ed91925d425393d8ad1097adcc,60.17002,24.94407,000000006b087f40,18.79
3854,2019-08-04T11:06:10Z,ac4679e3db131ec2ea8e1111c8aa0d71020cf8796ecb11f142478394,60.14947,24.91438,000000004ef3150d,5.91
3855,2019-08-04T11:06:10Z,ac5c7e04b55d6d70659e5b8f4705309b9367c78a0edb7ce85f42c181,60.1538,24.95595,0000000038bf9618,25.36
3856,2019-08-04T11:06:10Z,ac74378d608acd44b4a3fbde116ae65f170f8b8b73a8e5e1dcb9bd7c,60.17065,24.93641,000000000f4919c9,29.32
3857,2019-08-04T11:06:10Z,adf3914eaf1478a77ba35ea49262388e4babe633207748c7608b8780,60.16762,24.95415,000000006b44cce7,10.78
3858,2019-08-04T11:06:10Z,ae3cda5066e455d4b1e58860e8fb7a35efad69b9964a676b476b0687,60.14947,24.91438,000000004ef3150d,9.12
3859,2019-08-04T11:06:10Z,b07bf68512027f613ec42ef35ecc9ae28f38158a4193299be33e7481,60.14699,24.922,00000000a53ed894,27.28
3860,2019-08-04T11:06:10Z,b2298fc6f63c02481610f9aef24f1a0c1711c255adc43c0fe135c1ca,60.14947,24.91438,000000004ef3150d,16.1
3861,2019-08-04T11:06:10Z,b3266ecf36a984b814e1b2d31b447438bd948a9c116721480104792f,60.16829,24.94214,00000000afef4555,10.78
3862,2019-08-04T11:06:10Z,b3306cd4af1d1a04ef09567c8908ad55c56d9bf6ec7c10af9aea3dea,60.17002,24.94407,000000006b087f40,16.1
3863,2019-08-04T11:06:10Z,b4c8900041e9f8751755d3940ceac58419e6370cd81cdb90d7800de1,60.14699,24.922,00000000a53ed894,25.36
3864,2019-08-04T11:06:10Z,b50b3c2006581bccfeaa9ea964649350c7d5b8177baa29a37e628584,60.14947,24.91438,000000004ef3150d,25.36
3865,2019-08-04T11:06:10Z,b59631b8902194c916f7d3ddcc02d4200a3de0380fa554d87e6856c0,60.17002,24.94407,000000006b087f40,9.12
3866,2019-08-04T11:06:10Z,b5cdbcdc30e0bf653ce353c867708b0067db5e394c8cbe848d978a77,60.14699,24.922,00000000a53ed894,13.75
3867,2019-08-04T11:06:10Z,b5f80d159e59c4558e49ea6fb68f6bc72ee9eb92bee60991bdf4e46f,60.16762,24.95415,000000006b44cce7,9.92
3868,2019-08-04T11:06:10Z,b601cd655bb9f05aa6ec86fc9eb9300c3bc20bc0e856e94ad168a257,60.14947,24.91438,000000004ef3150d,7.69
3869,2019-08-04T11:06:10Z,ba288a5fd2befbc9ed08e7876ad7cb2bd8bfe6f5756d2ffe8e2dc558,60.17002,24.94407,000000006b087f40,14.89
3870,2019-08-04T11:06:10Z,bac5abd66caf627f4579d5c2cddad074267cd5bac95bd0e68a1e1fb7,60.16897,24.95222,00000000aa852af1,18.79
3871,2019-08-04T11:06:10Z,bbf7d8b9085ddcd3b94f55f93b52cb40a251c44f5df4099ba5b61471,60.16829,24.94214,00000000afef4555,8.38
3872,2019-08-04T11:06:10Z,bc07df8cc395f6f4f5d483b2233caca5f93a6918f346e4cc3702f8cc,60.16531,24.9442,00000000fdda10fe,23.56
3873,2019-08-04T11:06:10Z,bd7fa2c07b7e0eab8afb3d9825a810643c2eb71f83c09a1e26cac54c,60.16762,24.95415,000000006b44cce7,5.91
3874,2019-08-04T11:06:10Z,bdc8bd416444be70683b3475302093428e4abe14284e9579617fe8ea,60.1638,24.96846,00000000d747f075,33.81
3875,2019-08-04T11:06:10Z,bf1bf5222ce141fbaa484d3bbf568d521b90699d69ec5fc413c9d716,60.17002,24.94407,000000006b087f40,21.87
3876,2019-08-04T11:06:10Z,bf4235c977b63f07c70679988ae6990db3734c8bde50741c636155b9,60.16762,24.95415,000000006b44cce7,4.5
3877,2019-08-04T11:06:10Z,c012e9e2caf1002d24e53817bb1279becdfc4aa9dba085e93ddd88e9,60.17002,24.94407,000000006b087f40,18.79
3878,2019-08-04T11:06:10Z,c0a0ca3433586ed2ae0e448f2406fabac7292ac79d49562e0bd5cef8,60.16762,24.95415,000000006b44cce7,10.78
3879,2019-08-04T11:06:10Z,c239e27b985c23449b6aa84b78560b1b4e535975f3ba059d7987efe4,60.16762,24.95415,000000006b44cce7,4.11
3880,2019-08-04T11:06:10Z,c2407109364cb5b4532b1be056dd99442fc75583cbae715f34507a05,60.16762,24.95415,000000006b44cce7,20.28
3881,2019-08-04T11:06:10Z,c26838ba90ff36e1d86e327d1623e206734b7c8db8e463218bd43123,60.16762,24.95415,000000006b44cce7,7.69
3882,2019-08-04T11:06:10Z,c295586f7beda12838a6631ba525676d39d7d054c321b62de8c8c3d2,60.16629,24.95957,00000000fb7600be,21.87
3883,2019-08-04T11:06:10Z,c2cc33e5b1b8d254d4bcbc0ffa13c9200676a39a191cc31a38d28d8d,60.17065,24.93641,000000000f4919c9,9.12
3884,2019-08-04T11:06:10Z,c2e135ad2c160277e290705658ac41d7cd35b11ebf61d829fdd0b428,60.14699,24.922,00000000a53ed894,9.12
3885,2019-08-04T11:06:10Z,c45e3c4e8ec0fc85457d3b4ed4c49ed0116b4cf447e2983f353abcd8,60.16829,24.94214,00000000afef4555,9.92
3886,2019-08-04T11:06:10Z,c4c3ad738ca47920bb66939f620126c87f730c644813158554916827,60.16762,24.95415,000000006b44cce7,14.89
3887,2019-08-04T11:06:10Z,c55894159f2080031cda702c78ee54463c3c15ab1b3638afdf687f08,60.16531,24.9442,00000000fdda10fe,3.09
3888,2019-08-04T11:06:10Z,c6b0ea433c3fdc73e0bac7e3faa2690506c4e8ec7fc54210446a7ffa,60.14947,24.91438,000000004ef3150d,14.89
3889,2019-08-04T11:06:10Z,c7ced11121537f55bcd7d7ab67312226dafe7c85320c5357a35d5ab7,60.17002,24.94407,000000006b087f40,18.79
3890,2019-08-04T11:06:10Z,ca9ba013f86583100bfa841287733d9985b9d5e28a116525c40a4b40,60.16762,24.95415,000000006b44cce7,9.92
3891,2019-08-04T11:06:10Z,cb2f32be2e27fc44ead887ff7f76c0199bf68b2c6711e6880f4acd01,60.16762,24.95415,000000006b44cce7,2.8
3892,2019-08-04T11:06:10Z,cb835fd4fac726f1e4267acd6118f57b62a0444d69f948745a601682,60.16762,24.95415,000000006b44cce7,18.79
3893,2019-08-04T11:06:10Z,cc696789aed7ee6ea1dff48eae7da441c3a3ccb4f18ab60ba702c91f,60.16762,24.95415,000000006b44cce7,16.1
3894,2019-08-04T11:06:10Z,cd7d0e9404c9f4e8fab0742460b9acb4d5bbb97f44df80d4a8b973cd,60.17002,24.94407,000000006b087f40,6.46
3895,2019-08-04T11:06:10Z,cddbfc3b0a1459f0ea8d553779cf320d512cac6e64976182f2f0b3b7,60.16829,24.94214,00000000afef4555,20.28
3896,2019-08-04T11:06:10Z,cfc79310c3124813bbb9cfe4d4edc24cfa4b7c23419b4517c5eed261,60.16448,24.97323,0000000053c6c2be,20.28
3897,2019-08-04T11:06:10Z,d04b5065ec93818b731141027d11e6a1cf53de69b9737d7aea0c34da,60.14947,24.91438,000000004ef3150d,21.87
3898,2019-08-04T11:06:10Z,d09310020224f0dde4e9f62595b66c66af964fc07015ab2b416dc932,60.16544,24.95398,0000000038d83d41,23.56
3899,2019-08-04T11:06:10Z,d20f68571773330f7b6490b006b2e952c9912b4ee05e20f0fc434698,60.16629,24.95957,00000000fb7600be,16.1
3900,2019-08-04T11:06:10Z,d23d6afa580687749de352818db606b272b579b77c6009badb4aa4a6,60.16897,24.95222,00000000aa852af1,23.56
3901,2019-08-04T11:06:10Z,d2aa78414847f7d563d6dd86215208c2c50df75bfd2a7b601cfcc35e,60.16762,24.95415,000000006b44cce7,21.87
3902,2019-08-04T11:06:10Z,d2e3bf982b10b2079eaa464127a286409c5030b21ffe9a2ce08bbb9c,60.16762,24.95415,000000006b44cce7,8.38
3903,2019-08-04T11:06:10Z,d2fd0c6415d2d8e49fef3415fb8747b524191b4400a4fbb66428cb12,60.14699,24.922,00000000a53ed894,16.1
3904,2019-08-04T11:06:10Z,d4c9ea46d58288bf42808788e668072465d91dd3c874a8a51de5794e,60.16897,24.95222,00000000aa852af1,14.89
3905,2019-08-04T11:06:10Z,d68f1946805ba3d30f9ba25280986fbe003f3b5dce7245b633e0cb5c,60.16762,24.95415,000000006b44cce7,12.69
3906,2019-08-04T11:06:10Z,d6a8c97f1ec18c7a90d3beae358bad67f8d53626258a852e15b08c5d,60.14699,24.922,00000000a53ed894,8.38
3907,2019-08-04T11:06:10Z,d71a315bac918f9a18fcd820731e6d9eb54fb0d01c324ca088ef8858,60.149,24.9843,00000000fffb8cf0,21.87
3908,2019-08-04T11:06:10Z,d7416b821dba1c0f495afe215dbe099173aedf90d0084084f6e485ac,60.16448,24.97323,0000000053c6c2be,29.32
3909,2019-08-04T11:06:10Z,d81024e88bb9b04be64c793e92836ac82bec9eed4bfeef83accf8109,60.14951,24.92138,0000000006dd41f6,20.28
3910,2019-08-04T11:06:10Z,d86f155736e4d36de5d33bdbb3b12b717b75de44852b93419af20945,60.16829,24.94214,00000000afef4555,21.87
3911,2019-08-04T11:06:10Z,dbd2fa33dbaac339a8c9d8e04576b1088999b9314914676a2247737c,60.1638,24.96846,00000000d747f075,25.36
3912,2019-08-04T11:06:10Z,dc4043efe103db9ce55ad4d987a45cf9821cdc3e63cf7b15b6d48baf,60.16897,24.95222,00000000aa852af1,14.89
3913,2019-08-04T11:06:10Z,dc4072a3cfc00cca0bde9925adc82bb9c2548af1724368561eefcbf8,60.16762,24.95415,000000006b44cce7,7.69
3914,2019-08-04T11:06:10Z,dc816e92e4a2eceea03f41fc379fda0e3d57b5d0fbd9a06430432022,60.16762,24.95415,000000006b44cce7,3.4
3915,2019-08-04T11:06:10Z,dcb8f3c3c5136c4abc8757fcb34fedc553ea044b0928f945d89334d5,60.16762,24.95415,000000006b44cce7,21.87
3916,2019-08-04T11:06:10Z,ddbe1c752edac7319f5080f5633828b88003cabf67ac8f89932643a7,60.17918,24.95141,00000000675d5200,29.32
3917,2019-08-04T11:06:10Z,de71e27b55ef6f2f51f05838a2fcab596f1dd93a14ece5ce4548f5c7,60.14699,24.922,00000000a53ed894,10.78
3918,2019-08-04T11:06:10Z,e01908a975abc95425179eadafdba31d371f1d64674c967686df87a3,60.149,24.9843,00000000fffb8cf0,9.92
3919,2019-08-04T11:06:10Z,e081e4b3252ca91bbf1cbb70faa116d60317fbf3a991a67bc99b4bfa,60.149,24.9843,00000000fffb8cf0,11.7
3920,2019-08-04T11:06:10Z,e1da87aea335bcd04e4c876158b96ebc7ba4206bc216c3aa27a2f4af,60.17919,24.95181,000000007b5207b6,9.12
3921,2019-08-04T11:06:10Z,e305610124e16ed1411a221b29ce69a076cc47982efd6c098b0599ab,60.14947,24.91438,000000004ef3150d,8.38
3922,2019-08-04T11:06:10Z,e4476f2e03073889e60a427969092aa7ae984de9e60e7dd56d467afe,60.18203,24.91341,00000000342570c2,33.81
3923,2019-08-04T11:06:10Z,e53a901aed874016e1cd1ed3e9b2891fca850986cb2fa04f5162cf52,60.16762,24.95415,000000006b44cce7,2.8
3924,2019-08-04T11:06:10Z,e557e164cd52fd817b02cad6587a294d72b0974d9b014ad69ea5e08e,60.17918,24.95141,00000000675d5200,5.91
3925,2019-08-04T11:06:10Z,e5928057da667903de0b6c1245e1f58273dd85d63d8af0f4eaa771de,60.16762,24.95415,000000006b44cce7,9.92
3926,2019-08-04T11:06:10Z,e5b9b4813c081a31fb498e7f9adb94918c267dfa125c63790c0d9488,60.149,24.9843,00000000fffb8cf0,2.08
3927,2019-08-04T11:06:10Z,e5e14952bf5e52bf1349479a58c0a97d702585889650948d94767608,60.16448,24.97323,0000000053c6c2be,27.28
3928,2019-08-04T11:06:10Z,e7988d180194f352fcf752defa2a01904142bcbf71a9afba13cc7470,60.16897,24.95222,00000000aa852af1,20.28
3929,2019-08-04T11:06:10Z,e8530b87d248fb9f6f44200a9b5634e7517e8d6d835e921280db51fb,60.16897,24.95222,00000000aa852af1,31.5
3930,2019-08-04T11:06:10Z,e92e9e46c4d4067617b8dad0cc70baa43463d1abc4d623d0e103c6b7,60.16762,24.95415,000000006b44cce7,9.92
3931,2019-08-04T11:06:10Z,e9d59e25b58f33f70aad6832863cb59d7485ca55a1575558f92b74e7,60.16897,24.95222,00000000aa852af1,11.7
3932,2019-08-04T11:06:10Z,ea3eef2f497e934d53c3a02bfa190abb42a24ce200d24c69598dbf84,60.16762,24.95415,000000006b44cce7,11.7
3933,2019-08-04T11:06:10Z,eb10ddb244dec4641f50a9b05b0e1cfdf4ac49e3dc3001cddb1e67c0,60.16762,24.95415,000000006b44cce7,16.1
3934,2019-08-04T11:06:10Z,ec485175d2b7a2c53d03bf546aee134c116d998976601b069570c6f9,60.14699,24.922,00000000a53ed894,13.75
3935,2019-08-04T11:06:10Z,eca1a609c675d971fcfba4277d230ccdc2de7805c629b1f5da9cc224,60.173,24.92524,0000000096918cfa,33.81
3936,2019-08-04T11:06:10Z,ecb1735f180422ec69f041cd2782a26c9f07d27a87893b3c30aaa9b7,60.16075,24.95883,00000000f1124bca,3.09
3937,2019-08-04T11:06:10Z,ecb5655da668bb183a5c270a96927649c323975e318184d248247099,60.16829,24.94214,00000000afef4555,13.75
3938,2019-08-04T11:06:10Z,ecf13e9d610ad235409932d263110fd52c69d0f5f39e9ffd3ad8b740,60.16897,24.95222,00000000aa852af1,17.4
3939,2019-08-04T11:06:10Z,ed2d595be8e7ee72cccd84fa483634bd63c5725e5b13d3db4bf7c033,60.149,24.9843,00000000fffb8cf0,27.28
3940,2019-08-04T11:06:10Z,ede13c9dc221bbc6c1daf78250fa6547303c06d7606c05ba0bf64547,60.17919,24.95181,000000007b5207b6,4.11
3941,2019-08-04T11:06:10Z,ee81051f10987c5f2ca4f2188c2e87df47f035dfdc62842c4671b11c,60.16629,24.95957,00000000fb7600be,25.36
3942,2019-08-04T11:06:10Z,eea43687eab35d2c386347881796eb1c8279076b9e9642ebc2cd06ac,60.16762,24.95415,000000006b44cce7,5.41
3943,2019-08-04T11:06:10Z,ef15ff71b7dc4c2088249a4fca7e28900ae315245a7a3b4d571bf582,60.16829,24.94214,00000000afef4555,9.12
3944,2019-08-04T11:06:10Z,ef45fdc095ee55730384922266d8fce61de212d3c3df2441ea10e524,60.14947,24.91438,000000004ef3150d,9.92
3945,2019-08-04T11:06:10Z,ef5e495c5f9d3dd9eb22ed5b8faf1cc9e4225d4785ebb26a87d16fff,60.14699,24.922,00000000a53ed894,9.92
3946,2019-08-04T11:06:10Z,f11c02cbebb4049a29f10d2ee6aac8a9ca3b7b9609a39d69463461a1,60.17065,24.93641,000000000f4919c9,21.87
3947,2019-08-04T11:06:10Z,f196f5f8c08299d290b3bac1944e00bb1f2c90594db66438b0c10e6e,60.16629,24.95957,00000000fb7600be,14.89
3948,2019-08-04T11:06:10Z,f1d44b9d3710849eba7eab0b6646053378aa5f8ee3491ec2522f3c44,60.14947,24.91438,000000004ef3150d,23.56
3949,2019-08-04T11:06:10Z,f2467c8ede6444941158701b7bd9d005beec9ffdb355ce2d8c7a9bfd,60.149,24.9843,00000000fffb8cf0,21.87
3950,2019-08-04T11:06:10Z,f43b8b2cf2c0bd291543858796d75b211d283ab73dcab5ad5dfd0aeb,60.16897,24.95222,00000000aa852af1,13.75
3951,2019-08-04T11:06:10Z,f4b9fc6acb673aea24fe00dfbe806b81fedab0c2ea82d781f7659ce5,60.16762,24.95415,000000006b44cce7,9.12
3952,2019-08-04T11:06:10Z,f5ffa3dbcdd5592ac31344cb04a7a6d639109a4d6e196fa0df3990dd,60.17065,24.93641,000000000f4919c9,18.79
3953,2019-08-04T11:06:10Z,f616fbd0fde8316049c3068ae4368dc9f486f8da4bf5516e9ba82578,60.16897,24.95222,00000000aa852af1,27.28
3954,2019-08-04T11:06:10Z,f65653d90604ec5056682852700fbaf1379932745358f71dd7a94809,60.16897,24.95222,00000000aa852af1,20.28
3955,2019-08-04T11:06:10Z,f78ef2ddbe48b534137498eab56c0a55ec0e0b1d8868e82cb5652a0e,60.14699,24.922,00000000a53ed894,2.3
3956,2019-08-04T11:06:10Z,f7be7d003528c0c0827040a3a3723e49406a5a7c86cb4bc568a830db,60.17002,24.94407,000000006b087f40,23.56
3957,2019-08-04T11:06:10Z,f988707001cada9e82f9e5ac68a877d99d408bd0ad1cb19814de8716,60.16829,24.94214,00000000afef4555,25.36
3958,2019-08-04T11:06:10Z,f9ed4361c378e7c740818b0c356acbffa4a161af2ffbecb803ace9b7,60.173,24.92524,0000000096918cfa,29.32
3959,2019-08-04T11:06:10Z,fa0f842659ccbf444859d2dfa36ea7e58436bbab37ffe91f379d2bf7,60.16448,24.97323,0000000053c6c2be,25.36
3960,2019-08-04T11:06:10Z,fa1579394f4980e1fe11248f7be4e646b601a3d8cdb9361f182d066c,60.16762,24.95415,000000006b44cce7,6.46
3961,2019-08-04T11:06:10Z,fb37b263777ffcf7fe1fb6484821cae2b8beb03b5f5009109748dedb,60.16762,24.95415,000000006b44cce7,9.92
3962,2019-08-04T11:06:10Z,fbccaff441d52a5aeba79ca785ef499aa8ce201503787c329885a565,60.16897,24.95222,00000000aa852af1,18.79
3963,2019-08-04T11:06:10Z,fbd28054e4a5478c8ca06f4d682405d1c59bef4853cad413ecb58d13,60.14699,24.922,00000000a53ed894,9.92
3964,2019-08-04T11:06:10Z,ffb7319984ecae155652e100da9b204f0b92f3b6c7239cfea4dcf966,60.14699,24.922,00000000a53ed894,9.12
3965,2019-08-04T11:06:11Z,004c3624f943830bc6a9f17173a2cd0996622cade5184ad2b9fba729,60.16897,24.95222,00000000aa852af1,8.38
3966,2019-08-04T11:06:11Z,0152988639aaaa9cc27213280c8f0c0c8ec97ae6a45aaaf743c9c25d,60.16544,24.95398,0000000038d83d41,21.87
3967,2019-08-04T11:06:11Z,03e0fc996a589ccdf1871b3c78e089c08c93ba1f2a02d740fb384aac,60.16531,24.9442,00000000fdda10fe,38.87
3968,2019-08-04T11:06:11Z,09ddbf38333e76a79fd836112bd8c3f8bf7f3dadfb3d49945ad4c486,60.16897,24.95222,00000000aa852af1,6.46
3969,2019-08-04T11:06:11Z,1142f5b6806b1ec7d8d47d47013eb530d8a7418f6934d8867b20966a,60.16829,24.94214,00000000afef4555,21.87
3970,2019-08-04T11:06:11Z,126e7fa4dd9205201617bdc0c7c346bfb57e1a75d3d7d3d9c260d51b,60.16629,24.95957,00000000fb7600be,14.89
3971,2019-08-04T11:06:11Z,128f1b89d7a534aa206a7823b692594bbd4d349761baa04c0fc72f2c,60.14947,24.91438,000000004ef3150d,10.78
3972,2019-08-04T11:06:11Z,14c7e1511b70f4dd3359cbece1377aebb4d70531f5489eefe53d7c3c,60.16544,24.95398,0000000038d83d41,21.87
3973,2019-08-04T11:06:11Z,165ebbb4090d47319ae370f0d0854fdc1f6b79499f8b2e4d3c3533c0,60.16544,24.95398,0000000038d83d41,18.79
3974,2019-08-04T11:06:11Z,25a7ff811c3c06e426c7c2cbb0433d9a2a3399b23afecbd35584ab0f,60.18203,24.91341,00000000342570c2,11.7
3975,2019-08-04T11:06:11Z,2e4af02bc2421faac1f506a147ddb9b76076386be53415223aca4bde,60.16762,24.95415,000000006b44cce7,13.75
3976,2019-08-04T11:06:11Z,32dd92b5a658392a4ec84eaf95152ee72258b6b0fb670b97882ac902,60.16829,24.94214,00000000afef4555,16.1
3977,2019-08-04T11:06:11Z,44d0b94469070803869f229601e877beb613c3f5aafa009addf97a1a,60.16544,24.95398,0000000038d83d41,20.28
3978,2019-08-04T11:06:11Z,4774d3de2115f3cfeff91dc17ed763964fe86825629003f82ee45b2b,60.16762,24.95415,000000006b44cce7,9.12
3979,2019-08-04T11:06:11Z,5d65719c4cbf045f068d084b72302f447d5fd034413d97d13be00d0e,60.18203,24.91341,00000000342570c2,21.87
3980,2019-08-04T11:06:11Z,5eed115a984d490b02b602d73787aee8dc8c4e9365b77fbff3818a76,60.16629,24.95957,00000000fb7600be,16.1
3981,2019-08-04T11:06:11Z,69219e9efa41ae9e732653e9eaf08e1a34cb853a9dafe76ddeea4d04,60.16897,24.95222,00000000aa852af1,17.4
3982,2019-08-04T11:06:11Z,6a70e2fbced719333e21eff04fcb9cb36bae9a04d1a3d6ddd96f2c58,60.15432,24.9211,0000000019fb59c4,21.87
3983,2019-08-04T11:06:11Z,6f06341f358e61699fe1e55e986dd0554bc8da28b91daf0c5ad99db6,60.16629,24.95957,00000000fb7600be,33.81
3984,2019-08-04T11:06:11Z,87dfaad29a9276ddddb1fa021d3bc23ad14824c1af16f7d87e713689,60.14951,24.92138,0000000006dd41f6,17.4
3985,2019-08-04T11:06:11Z,88808fe92573e9cdf022cc15b9689b6b4b9429f60513c8897b0ba4c7,60.16897,24.95222,00000000aa852af1,17.4
3986,2019-08-04T11:06:11Z,89982a6acf91b79a282a6b63978e946ee205f303fcd20e944e06baf0,60.16544,24.95398,0000000038d83d41,29.32
3987,2019-08-04T11:06:11Z,8c3b1ed0846e38cc84b863a80540c8a75bfd85c8bdda36563d153110,60.16544,24.95398,0000000038d83d41,21.87
3988,2019-08-04T11:06:11Z,92aae21a6e0dd2ff71fc591b64e878502bd4677b64ac413632e9f7c6,60.149,24.9843,00000000fffb8cf0,11.7
3989,2019-08-04T11:06:11Z,9843c6216661048343a0e49cf3d8aa2883cf77f452666a1c873a1052,60.16448,24.97323,0000000053c6c2be,13.75
3990,2019-08-04T11:06:11Z,a13e5d46f0a2d1c6b58878e1b198905e9b14e3a85b5e4adab88b4b87,60.16762,24.95415,000000006b44cce7,13.75
3991,2019-08-04T11:06:11Z,a3ac0c56798bab080308706d388196f95a4896e18acadc434f3237b1,60.16829,24.94214,00000000afef4555,18.79
3992,2019-08-04T11:06:11Z,b5fd6b317890e5ab2d79e2cd1abe61626d45a753c7337d0d40728898,60.16762,24.95415,000000006b44cce7,11.7
3993,2019-08-04T11:06:11Z,b936e41d8712ae967f3ebb413fc44f060bb10613f95537757886ede2,60.16762,24.95415,000000006b44cce7,4.11
3994,2019-08-04T11:06:11Z,bca443064699e0ac05c40e587aef06d7fd580817e739133a501490bc,60.14699,24.922,00000000a53ed894,21.87
3995,2019-08-04T11:06:11Z,bfcaefe93f7fcb6aad6e62e3da473a7b5b03a62db532dad02a7d3559,60.16762,24.95415,000000006b44cce7,13.75
3996,2019-08-04T11:06:11Z,ca6927628f5ddda20036865c9345ad93d476d62ade3b181de568eed6,60.16897,24.95222,00000000aa852af1,27.28
3997,2019-08-04T11:06:11Z,cf05623e4d87ce0906c0b0b7dbf53aacc1228016cd27c341228b6e76,60.18203,24.91341,00000000342570c2,17.4
3998,2019-08-04T11:06:11Z,cfc0bedb78ded52749db3188cb188bf6a250ef5990da9c5afa9623fc,60.14951,24.92138,0000000006dd41f6,23.56
3999,2019-08-04T11:06:11Z,dbeb00942457ba3c5fb1984b57b1dedb268c0e761e80729b939f1fd8,60.16544,24.95398,0000000038d83d41,17.4
4000,2019-08-04T11:06:11Z,de70f4707e34262e09161e7b3a8459b6f250e5462f70ff48f3178bb9,60.16829,24.94214,00000000afef4555,20.28
4001,2019-08-04T11:06:11Z,e224ae5ea47af2e3048f83b13a1f45dc135c0ca6be72547b01729086,60.1538,24.95595,0000000038bf9618,23.56
4002,2019-08-04T11:06:11Z,e8e366e76c97944e23c0f80b4fd3ce6e5832744922297146a49f0c7e,60.16762,24.95415,000000006b44cce7,14.89
4003,2019-08-04T11:06:11Z,e96bd269a48b822b06141c3362fcb6d5ed4d0d09a120f2e4a712d5c2,60.16897,24.95222,00000000aa852af1,27.28
4004,2019-08-04T11:06:11Z,ed70dda6b7faebd4340dacdb452ab224d9d3c308df417b7fa76f54e8,60.14951,24.92138,0000000006dd41f6,23.56
4005,2019-08-04T11:06:11Z,f088630d7476dae7d4b7e2bb1f10575f2c89acb4b6e061f3d57c2b40,60.16531,24.9442,00000000fdda10fe,20.28
4006,2019-08-04T11:06:11Z,f30a5193aa7850aac581b8dd71512a8712c96f36fdef78d8292d4788,60.16762,24.95415,000000006b44cce7,3.4
4007,2019-08-04T11:06:11Z,f31cfded6f566f9c032c80c52ea642407be312c5d42521ab7a8d3e2a,60.16897,24.95222,00000000aa852af1,27.28
4008,2019-08-04T11:06:11Z,fc4f3a44235f1cfc7b53f14ba2da599976a5a0a220d23b852688e485,60.17919,24.95181,000000007b5207b6,13.75
4009,2019-08-04T11:06:11Z,0043f38f4fb6545d7c033c9a8f8c18106aa0c2c841f28a15dd722e9d,60.14699,24.922,00000000a53ed894,13.75
4010,2019-08-04T11:06:11Z,007540b1ada16f6000987e20cd81a3deb18b2aea4cb95b50e099dcee,60.17065,24.93641,000000000f4919c9,14.89
4011,2019-08-04T11:06:11Z,00dae8e6c0b169e69db1d1435e478728f9318e16ee31ff03e5572236,60.16629,24.95957,00000000fb7600be,20.28
4012,2019-08-04T11:06:11Z,00df07521690a1fb6e56d9506781a9888bb54e5230f6de1be64ba13f,60.14951,24.92138,0000000006dd41f6,29.32
4013,2019-08-04T11:06:11Z,01e47d49d859d6875c51173a8f2159c35733cff5d2c3e5044b4b42d1,60.16829,24.94214,00000000afef4555,33.81
4014,2019-08-04T11:06:11Z,0236a1d5b9b9d2249407a79705eee38de360ceb0530a8959ba5bc15b,60.149,24.9843,00000000fffb8cf0,14.89
4015,2019-08-04T11:06:11Z,02a354db29cd5bc16976a9d933e03a41be350f9cc78098829a7dcfd4,60.14947,24.91438,000000004ef3150d,18.79
4016,2019-08-04T11:06:11Z,0495ba0a1c04e0262f37eaa32084a173acc00638a16e76bb922b97dd,60.16762,24.95415,000000006b44cce7,16.1
4017,2019-08-04T11:06:11Z,0625280cf414aa015aa8b4d504d6fc74879a1144b913e254fec5db9d,60.16762,24.95415,000000006b44cce7,14.89
4018,2019-08-04T11:06:11Z,0656a0c0a353f164b57fbdd9e648d71fab429964d97ed07ab2c5dc30,60.18203,24.91341,00000000342570c2,18.79
4019,2019-08-04T11:06:11Z,075816f7e47311876124622af2651ab2d401c74dfa7acf80d53ccce6,60.16829,24.94214,00000000afef4555,17.4
4020,2019-08-04T11:06:11Z,07d2c0d3e587183c3240cb2a99c3590ccbfbff94a9480635509ad9aa,60.16829,24.94214,00000000afef4555,29.32
4021,2019-08-04T11:06:11Z,07d9aa9fe10e58c26960ba10eb2f13607a7cea0226acaecbdcc52508,60.16762,24.95415,000000006b44cce7,16.1
4022,2019-08-04T11:06:11Z,08833115ba0f62666fee594662c171563759459bb5f65ffdfeaeaed1,60.18203,24.91341,00000000342570c2,21.87
4023,2019-08-04T11:06:11Z,08b10b51864dc039f0a07c997e66e7a263ee1cde5b0b88b2a1178c58,60.16829,24.94214,00000000afef4555,9.12
4024,2019-08-04T11:06:11Z,096c3b0de1dab1407cd4d3330546404c0d62ce025924420496380f89,60.16762,24.95415,000000006b44cce7,11.7
4025,2019-08-04T11:06:11Z,0a949aafc0be15c68d73a5dd186d726aa6b921f44303a712ac6ddcb8,60.16762,24.95415,000000006b44cce7,7.69
4026,2019-08-04T11:06:11Z,0b49dcea1b7eab22f4ebd0c7666ded5b59fe092b8bdd4aa9eda6326d,60.16762,24.95415,000000006b44cce7,2.08
4027,2019-08-04T11:06:11Z,0b9d6ba4d792859c5440f068bbe023da1f32e648bb47f18dcee3a412,60.16897,24.95222,00000000aa852af1,23.56
4028,2019-08-04T11:06:11Z,0c959027ce302054b09087cac97a83aa7e24fb9e4fa2710763f912cb,60.16829,24.94214,00000000afef4555,7.05
4029,2019-08-04T11:06:11Z,0d2490ed58c11eb4a754a30cc4bcb21c7243d322a2caf7cc360e4e8c,60.17065,24.93641,000000000f4919c9,20.28
4030,2019-08-04T11:06:11Z,0db98d8680214cff9c8fab718518b331dd107676ffaac602192a3654,60.149,24.9843,00000000fffb8cf0,36.27
4031,2019-08-04T11:06:11Z,0dc12f22306d5f6622fc786011f32f1961a5f94018be9c2236fb2e52,60.14699,24.922,00000000a53ed894,27.28
4032,2019-08-04T11:06:11Z,0e113c5ed3abcdfb31d27c3125f6cf01e3b96e4ed7eca1aaea855f77,60.14947,24.91438,000000004ef3150d,14.89
4033,2019-08-04T11:06:11Z,0e1fac068e905121e354702292780affb6635905cc36872878ff79ce,60.17002,24.94407,000000006b087f40,31.5
4034,2019-08-04T11:06:11Z,1067b041807277ecf9cea5b55c265a37808239544e559e2cfdfcb3ce,60.16762,24.95415,000000006b44cce7,4.11
4035,2019-08-04T11:06:11Z,1107822441d53ff89eb9cb0d022a37202aed47bd82dca4bc175d6837,60.16762,24.95415,000000006b44cce7,16.1
4036,2019-08-04T11:06:11Z,116e59da308964e8eb82cb6e5a758aad726ec3800f0fa17bc661e8fe,60.16762,24.95415,000000006b44cce7,7.05
4037,2019-08-04T11:06:11Z,118cffafccf902fa0dea50f220191f4eb7938f02c841bd3952fa3484,60.16762,24.95415,000000006b44cce7,13.75
4038,2019-08-04T11:06:11Z,1190b3981f8503667ab63febaf70c09cf27d63ea9072b94556db1991,60.16762,24.95415,000000006b44cce7,25.36
4039,2019-08-04T11:06:11Z,11c264249f83fc707e11ecd1ddb07b5e7c5f9404e285127ad7321303,60.17002,24.94407,000000006b087f40,27.28
4040,2019-08-04T11:06:11Z,131e957246fc0b45d57e5b4089db7d6a4efaa84772af906d65b45c63,60.17002,24.94407,000000006b087f40,23.56
4041,2019-08-04T11:06:11Z,1327ce24f157334f864f913637993c80380ce5f5c911e4b0d31c5eb7,60.149,24.9843,00000000fffb8cf0,1.7
4042,2019-08-04T11:06:11Z,1374f31e71652faf3e69316a295c22d59e560f15e35f42b003a89222,60.14699,24.922,00000000a53ed894,17.4
4043,2019-08-04T11:06:11Z,13b0a8ca1414d7b2b0e8d5f80069a5d26c6f62a68b58eda25a4b85f4,60.16829,24.94214,00000000afef4555,8.38
4044,2019-08-04T11:06:11Z,169c77f0d714e38eb1e798b14fa42ce3fefb0ec1d6f9e93a38a872f1,60.16762,24.95415,000000006b44cce7,11.7
4045,2019-08-04T11:06:11Z,17b39c4376c28dc9e1c1221de9d5037abfea5d59d30cdd48208fc3a8,60.16762,24.95415,000000006b44cce7,4.94
4046,2019-08-04T11:06:11Z,18798273af8a6fade4ca41e909ce1e8ce24a24e7f7fd0b7275d82b55,60.16829,24.94214,00000000afef4555,33.81
4047,2019-08-04T11:06:11Z,18adae8b6603c177e817d1e3b9ec79fcc0292682660b31bebc965a23,60.16762,24.95415,000000006b44cce7,14.89
4048,2019-08-04T11:06:11Z,19db84758eba08a5f9bb56b0ff91d05286765c8e8dfa31bd0b2aaa1c,60.14947,24.91438,000000004ef3150d,23.56
4049,2019-08-04T11:06:11Z,1a9a0f74c353624c42c19c007e82c9c2547b7285d8353d0e375e3f05,60.14699,24.922,00000000a53ed894,5.91
4050,2019-08-04T11:06:11Z,1c38009e9b89bd8b0d6744bf54ebae9a8ad2dc2868cdfc3f2e399509,60.16829,24.94214,00000000afef4555,29.32
4051,2019-08-04T11:06:11Z,1c8c3befa38b65f707dd4933a68e5e3c9e7c82592fd382779127416b,60.16897,24.95222,00000000aa852af1,14.89
4052,2019-08-04T11:06:11Z,1cd41cce1f4ab7bd3267071cbc1fa4eb84eb8c65d29e84354010846d,60.16762,24.95415,000000006b44cce7,16.1
4053,2019-08-04T11:06:11Z,1ce242f8d8220cd38bf3ea9138c99ae9b2f79b28e68edb864f090ec9,60.149,24.9843,00000000fffb8cf0,13.75
4054,2019-08-04T11:06:11Z,1dacfb371d75dd4f90f447aac2a00faad98beb4188a6971c19eb2375,60.16629,24.95957,00000000fb7600be,16.1
4055,2019-08-04T11:06:11Z,1fa2c533bba37b249a0105001153733e67a559d40c22cab67f135f64,60.14947,24.91438,000000004ef3150d,3.74
4056,2019-08-04T11:06:11Z,214a3cc8c941598dfe4be8a564f0ca3927d4669d481fcde2b8963e6c,60.14947,24.91438,000000004ef3150d,41.64
4057,2019-08-04T11:06:11Z,221dba1f7562b992e9c11d7d1331a44ac293bc301248736c8432deb2,60.16762,24.95415,000000006b44cce7,18.79
4058,2019-08-04T11:06:11Z,227b93698b29687beea48184f42aab63a21fa362af7251be32db2e15,60.16531,24.9442,00000000fdda10fe,2.8
4059,2019-08-04T11:06:11Z,23786c82e2641aed0e0b004658480a212bf0397568e914487819045c,60.16897,24.95222,00000000aa852af1,14.89
4060,2019-08-04T11:06:11Z,23b4a8c7918ca417eab83481a710fd544e1fa8bf7073b5955c0155c8,60.14699,24.922,00000000a53ed894,11.7
4061,2019-08-04T11:06:11Z,2535cb5c89ec66044a005b03dd769ca8d0022164a816c06db0e49892,60.16762,24.95415,000000006b44cce7,5.41
4062,2019-08-04T11:06:11Z,2671a156fa8d8bb05970481c8f83bcf9f261f73dae27f2bb9ac88aeb,60.14699,24.922,00000000a53ed894,12.69
4063,2019-08-04T11:06:11Z,27052b4dc21318eee25b7afdbe088c8d15e13ec11ac339166b209e58,60.18203,24.91341,00000000342570c2,27.28
4064,2019-08-04T11:06:11Z,2724e42551f43106ea58a8fcc6a43953baa1294cd65e17a90012f706,60.17065,24.93641,000000000f4919c9,0.28
4065,2019-08-04T11:06:11Z,277125506ba4ea1afb2c696256b262e0708d43c30c769a1d4a382a76,60.16762,24.95415,000000006b44cce7,16.1
4066,2019-08-04T11:06:11Z,296a0ffe230305a3d37818a0369b56c99dacdd5df5a161bf238e1084,60.16762,24.95415,000000006b44cce7,13.75
4067,2019-08-04T11:06:11Z,2977d3c4f181abb6662adf1d466a62167e2690a9c94dc53e5aa6a904,60.16762,24.95415,000000006b44cce7,6.46
4068,2019-08-04T11:06:11Z,29f5adc4d67413b7d368e8e94a41cf48339e3f5f0903f660170c4fe8,60.17919,24.95181,000000007b5207b6,16.1
4069,2019-08-04T11:06:11Z,2a80aed2c40e7e70ca12152ac812abd79aa1d13efcec25a6d3395136,60.16762,24.95415,000000006b44cce7,4.11
4070,2019-08-04T11:06:11Z,2acbdfb5e555a9668c446767fc5d82728d254a45d17dff85e3342cb0,60.16629,24.95957,00000000fb7600be,21.87
4071,2019-08-04T11:06:11Z,2b340ca3416f2ba214d44853ad0495223a557eb6b61baca53fd7dc54,60.16829,24.94214,00000000afef4555,10.78
4072,2019-08-04T11:06:11Z,2c85e4140ca0ba77c3598ceac05eb2c2342409ce8111c863fc58c606,60.16829,24.94214,00000000afef4555,0.16
4073,2019-08-04T11:06:11Z,2de87ef94604fb63bec05eefb71b6cdd0b9807f8551159c2a35e7259,60.17065,24.93641,000000000f4919c9,5.91
4074,2019-08-04T11:06:11Z,2f83e4cad2d924faecb3def25f54727f3e612bc5040c493dd6eccb1d,60.16897,24.95222,00000000aa852af1,17.4
4075,2019-08-04T11:06:11Z,303e51dd6e5cca35a9f9f76fbe8ef97bd64a9dc6b4e965b1f74ca279,60.14699,24.922,00000000a53ed894,21.87
4076,2019-08-04T11:06:11Z,30bee351808d5e8082ce012b57f5bc0efc80f8394491a182e0eeee32,60.17918,24.95141,00000000675d5200,25.36
4077,2019-08-04T11:06:11Z,31659a798f1d780d587f07390c038a78fafa6cabb8180dba635863ce,60.17002,24.94407,000000006b087f40,23.56
4078,2019-08-04T11:06:11Z,3226c88241c6ac9d643c1843f44b6e5ee10df5f15a695e360582a9be,60.16829,24.94214,00000000afef4555,21.87
4079,2019-08-04T11:06:11Z,3262259981b4d615793e8692d3b8461ab7cc2c63789b0ce72c75075f,60.17919,24.95181,000000007b5207b6,27.28
4080,2019-08-04T11:06:11Z,33a5da4eacfc49fefa067790c9fada1a86d9793367ded845a46f0779,60.16829,24.94214,00000000afef4555,23.56
4081,2019-08-04T11:06:11Z,3417d8a6b53687e70f126ebeb1d26a2ff6369dc9a551c3c35c5a04f9,60.17002,24.94407,000000006b087f40,13.75
4082,2019-08-04T11:06:11Z,34ebfbffd9a126421b335e852aa094b727786622ade7757b36f67b57,60.18203,24.91341,00000000342570c2,31.5
4083,2019-08-04T11:06:11Z,35e26a55ffcf023f80c64d570297932cbeabb750c9f72ba981e2f66e,60.16762,24.95415,000000006b44cce7,17.4
4084,2019-08-04T11:06:11Z,35f337dd3baf0bc08002ec007d609b685ac29bb2a8bcad6783532a6b,60.16829,24.94214,00000000afef4555,21.87
4085,2019-08-04T11:06:11Z,3670a148a52771f0ff5af161725f65b86873c09eea1a7697861c0438,60.14699,24.922,00000000a53ed894,17.4
4086,2019-08-04T11:06:11Z,374083907dd8980893623726af5633afd59b519c885ad12ba5c674eb,60.17002,24.94407,000000006b087f40,5.41
4087,2019-08-04T11:06:11Z,386dea4944e0b83648b4b6faf510fd47b0e9e29a2bb9311fe8a80ee2,60.17918,24.95141,00000000675d5200,12.69
4088,2019-08-04T11:06:11Z,39c75ec87b1dbd9865939b27695811070c5256630eeaebbe35743986,60.16829,24.94214,00000000afef4555,25.36
4089,2019-08-04T11:06:11Z,3ac85712ab657e849113d439795c4e7325d1025cacdbd9a41174b031,60.17002,24.94407,000000006b087f40,17.4
4090,2019-08-04T11:06:11Z,3ac9d056b0f04f774b238a125eb996d46437f7a8c5f6ba6712e971cf,60.17918,24.95141,00000000675d5200,8.38
4091,2019-08-04T11:06:11Z,3b355c039877bd4883845f3fc6ad8dd6f41f170274042f1397585680,60.149,24.9843,00000000fffb8cf0,16.1
4092,2019-08-04T11:06:11Z,3bd8214bd5284efaf354ec2a0dd2847f6051ceaace6a2691ff085d3d,60.17065,24.93641,000000000f4919c9,25.36
4093,2019-08-04T11:06:11Z,3c7df7d16658abc47ed9e66342a99269fee33785ea550021877f84a4,60.18203,24.91341,00000000342570c2,31.5
4094,2019-08-04T11:06:11Z,3e36420df19c06796a79acdad84551653de9b0132cb0987329f75291,60.16897,24.95222,00000000aa852af1,12.69
4095,2019-08-04T11:06:11Z,3f5d3aed90718f7fb8e8a13ac7002718cc22cbe190beb96821ba52e6,60.17065,24.93641,000000000f4919c9,16.1
4096,2019-08-04T11:06:11Z,3f67c6713a6cca446a46616c9970c7a2ddffb03f21e10c8ea9b2f380,60.16897,24.95222,00000000aa852af1,17.4
4097,2019-08-04T11:06:11Z,40b98e7445617581067a41524181e8b6995ea4ee6c82ae2ba93db3cb,60.173,24.92524,0000000096918cfa,38.87
4098,2019-08-04T11:06:11Z,42d34a6c595760e51052178acc978bdb2b6348e0405f7b58c57f0915,60.16829,24.94214,00000000afef4555,10.78
4099,2019-08-04T11:06:11Z,432958e5f91b194ed39814ae223cb394d224ebfb26e5c1a5e587ae41,60.16448,24.97323,0000000053c6c2be,29.32
4100,2019-08-04T11:06:11Z,43a599f28d168caa53108cd20ab0cbcbdc62b74321e8c351eb7aee72,60.17002,24.94407,000000006b087f40,27.28
4101,2019-08-04T11:06:11Z,44703b8dd01d3bd79585c9c7e12217e1ac152f86e2b0c9ed6be4bc19,60.16544,24.95398,0000000038d83d41,23.56
4102,2019-08-04T11:06:11Z,4472fa277123afabdf2402fc2a3c5bff2be437e6d56b590278de70fc,60.17065,24.93641,000000000f4919c9,25.36
4103,2019-08-04T11:06:11Z,44cd8828dd4aa11ea599139af3d3aafbcd09ca0c2558f26ed1c72e17,60.14699,24.922,00000000a53ed894,7.05
4104,2019-08-04T11:06:11Z,44d01b24bde0f8031d7cf15bb66e661ad9bd92807f3213fabf920fa1,60.16762,24.95415,000000006b44cce7,4.11
4105,2019-08-04T11:06:11Z,45974834f8580a2d279e57d00bf84ad9b79ed02d5ca9d945c40a8e36,60.16762,24.95415,000000006b44cce7,11.7
4106,2019-08-04T11:06:11Z,465eab28635efe98500085ceb161cf941d02272a0107fbbfb2203c29,60.16829,24.94214,00000000afef4555,14.89
4107,2019-08-04T11:06:11Z,46b576e18e757fc4ec008b41d3c28ec5415a2c2c2f143042e5413137,60.16762,24.95415,000000006b44cce7,5.91
4108,2019-08-04T11:06:11Z,46b81e0dd10fe05195c050bacd41d57feeca0e044b6b317ac22a8656,60.16762,24.95415,000000006b44cce7,9.92
4109,2019-08-04T11:06:11Z,47eccbfb2db7bb200aacfdad7243168bd30714cc78da342bbe53df7b,60.16629,24.95957,00000000fb7600be,23.56
4110,2019-08-04T11:06:11Z,47f787c639f2eed345eb5dca409ffcd989850399a1ab781500dd6e82,60.17919,24.95181,000000007b5207b6,5.91
4111,2019-08-04T11:06:11Z,4800d49ec59e1cde34360defcce4c2a0c6a58919303c1fe6fdebceec,60.16762,24.95415,000000006b44cce7,11.7
4112,2019-08-04T11:06:11Z,4833b1ea4f519407574f5a838d93a39de28c756c5f53de7ee273b577,60.14947,24.91438,000000004ef3150d,7.69
4113,2019-08-04T11:06:11Z,49084ae4b6419be9e7bb0c9b1420142e07d6ac3c17c07c26895461ed,60.16829,24.94214,00000000afef4555,17.4
4114,2019-08-04T11:06:11Z,4954540aca30f8f56f918178fbd53ee48ddef7a231d425061f6b2f6f,60.18203,24.91341,00000000342570c2,29.32
4115,2019-08-04T11:06:11Z,49b391c05bd4e5231579392d798036a0139a8ea4e4d4509a7cb3901f,60.16829,24.94214,00000000afef4555,7.05
4116,2019-08-04T11:06:11Z,49d6f6bd5878bfac30a67fe92d1501b5b09cab38ab2b35b661902f0d,60.14947,24.91438,000000004ef3150d,21.87
4117,2019-08-04T11:06:11Z,4a54cbed9c373a4136f8851f3f5736eb2fadd5766d316eb5ebbdd231,60.17918,24.95141,00000000675d5200,17.4
4118,2019-08-04T11:06:11Z,4ae4a5331747d994953667cd06d4c999d9cf71885574c3cc473620f8,60.16897,24.95222,00000000aa852af1,17.4
4119,2019-08-04T11:06:11Z,4b5b3e8f2b484bc08b196c265f65c70151bd69f6263318eb29125db2,60.16829,24.94214,00000000afef4555,1.38
4120,2019-08-04T11:06:11Z,4cf634fc84e128c3b9bce07a4b726d136e18f0eea4229fdbb48f6db1,60.16897,24.95222,00000000aa852af1,10.78
4121,2019-08-04T11:06:11Z,4d31b0561dbfc9ef5acbd44ba92acb4ca7bad86b948634f005173ece,60.14699,24.922,00000000a53ed894,16.1
4122,2019-08-04T11:06:11Z,50a06af190dfb27cbd4d6ca55980b1379ec795af8b9e5ebc00d73257,60.16762,24.95415,000000006b44cce7,8.38
4123,2019-08-04T11:06:11Z,51789c3026ccfe7e846e44fcd833d006941c2789b9693c77df5a7c98,60.16762,24.95415,000000006b44cce7,9.92
4124,2019-08-04T11:06:11Z,52daa31a2b3c1c07f78d96ebb4de3a965da5ef0a8035afbd0f7451fb,60.16531,24.9442,00000000fdda10fe,18.79
4125,2019-08-04T11:06:11Z,538f05c49f43aea0fda8bfcfd03d1ac2fc05b55d83fda538cd91e2a4,60.16762,24.95415,000000006b44cce7,16.1
4126,2019-08-04T11:06:11Z,53970a2770c17fea076d53e41facade1a710a0d7adebc27b89b1a0f0,60.18203,24.91341,00000000342570c2,21.87
4127,2019-08-04T11:06:11Z,541f330d2ded03609f551d02b8149da9cd07ee36aeee630f8fc9de8c,60.14699,24.922,00000000a53ed894,18.79
4128,2019-08-04T11:06:11Z,542a405b620e6d166ecc5eadd979b3936d831cea3aa7b75316adb4ca,60.16897,24.95222,00000000aa852af1,16.1
4129,2019-08-04T11:06:11Z,549e8785d3249c38e0c577947392ab324d318a5a9b125b5d03e023d2,60.17065,24.93641,000000000f4919c9,16.1
4130,2019-08-04T11:06:11Z,5518b2315c236d486c7a5a4fc27c44987672b2f9a0751ffdaa9cbf78,60.16829,24.94214,00000000afef4555,5.91
4131,2019-08-04T11:06:11Z,56101419005237b836e4ed14d91dfa6f9edc4c92b5fcb419943897bb,60.16762,24.95415,000000006b44cce7,8.38
4132,2019-08-04T11:06:11Z,56318cc7f3616fceec2564cbb1f6ca8b88ea861935a1ada93aafd7b0,60.16897,24.95222,00000000aa852af1,18.79
4133,2019-08-04T11:06:11Z,571934189bf349efb6f596e76c21612cf9b82ed44913090169936048,60.17065,24.93641,000000000f4919c9,13.75
4134,2019-08-04T11:06:11Z,579ea129e99082446da0a3f358091546de1f8b2db0feb92b86d25a89,60.149,24.9843,00000000fffb8cf0,18.79
4135,2019-08-04T11:06:11Z,584cb0b0cdd14e608c8b57c8aecc9826f9b40027e365e2438a444ea2,60.16762,24.95415,000000006b44cce7,14.89
4136,2019-08-04T11:06:11Z,586f70961bf72597ce00f89d3602178ecc6ac8838a8acec48bba7f9f,60.14699,24.922,00000000a53ed894,11.7
4137,2019-08-04T11:06:11Z,58ee8fd47328b1c696ec343920f2c0353d19a915924eb6f6f2638e56,60.16762,24.95415,000000006b44cce7,8.38
4138,2019-08-04T11:06:11Z,59b87e6921598d25b092b66e140328fa03c9f06fe4e697dd344f378a,60.17002,24.94407,000000006b087f40,18.79
4139,2019-08-04T11:06:11Z,5a6d2f34f7f677bf47ee3d08ac1371b3ad3d7f7f027685cf4740ab78,60.16762,24.95415,000000006b44cce7,4.11
4140,2019-08-04T11:06:11Z,5a730ea19664020323272509e5443616ea3f1cecd7b295e294be4ba7,60.14947,24.91438,000000004ef3150d,29.32
4141,2019-08-04T11:06:11Z,5a755f0653ee0e334448418099ed85023db0a9984c280cfbadd74160,60.173,24.92524,0000000096918cfa,23.56
4142,2019-08-04T11:06:11Z,5c404f374a48548bfe8b02859d12ae59c4ae608fae2139fd71ef51b1,60.16762,24.95415,000000006b44cce7,11.7
4143,2019-08-04T11:06:11Z,5d1a06a2f2536539d5cec19312d4b71ac6096ed0d84ef850b95c01ec,60.17065,24.93641,000000000f4919c9,20.28
4144,2019-08-04T11:06:11Z,5d9aa6fcb0d81ceaa80ca13cc08a88138be517656646e0ba0942ce46,60.16897,24.95222,00000000aa852af1,17.4
4145,2019-08-04T11:06:11Z,5e1b81ba9814d7b5cb5e067b8278209360ca1db4a0230562e652dc0c,60.16762,24.95415,000000006b44cce7,10.78
4146,2019-08-04T11:06:11Z,6022019a95573b888ca7b3161da098935ea0ad7793437ee40a32a5f3,60.14699,24.922,00000000a53ed894,23.56
4147,2019-08-04T11:06:11Z,60f982521b3cf63a23ce97156f686572b3c936ebe5a76c0d78269fd9,60.16762,24.95415,000000006b44cce7,13.75
4148,2019-08-04T11:06:11Z,6138e6ab3e1e74425af8945a6fcc294c1469a0b9c448b780bcf9d2e2,60.14699,24.922,00000000a53ed894,18.79
4149,2019-08-04T11:06:11Z,62d86ee13e6ae7a5c41ffc2de746df72d4ef6e8d2b6a51ce1c68965f,60.16829,24.94214,00000000afef4555,9.92
4150,2019-08-04T11:06:11Z,62e27092b58abcaf80564c408d0d4a7b821abaee92dc2f02ccb11e61,60.16762,24.95415,000000006b44cce7,5.91
4151,2019-08-04T11:06:11Z,631e8cf081f86e4990b1d6935d90abde2d18d9ba81c48f35ac125e21,60.1538,24.95595,0000000038bf9618,33.81
4152,2019-08-04T11:06:11Z,642854fedcb321ee00b4d97213dec89eceebdf9bf1641d8f90533887,60.16829,24.94214,00000000afef4555,21.87
4153,2019-08-04T11:06:11Z,6656d2ce0a18f92aca4d99810ecaefe94dbe9a0e2ea987f1702aeecb,60.16762,24.95415,000000006b44cce7,8.38
4154,2019-08-04T11:06:11Z,66755836036c771e53ffd9d0dc09b8575231b53b80af22e868691a2a,60.14699,24.922,00000000a53ed894,1.7
4155,2019-08-04T11:06:11Z,67598a1e0a26360b38ffc4bd67aa05290556cdaea97554dfb9d8bdad,60.16762,24.95415,000000006b44cce7,11.7
4156,2019-08-04T11:06:11Z,69852d528034ea6fc746ed8942c32f1c90bc33a7a7317dfac3c9b1c1,60.14699,24.922,00000000a53ed894,7.05
4157,2019-08-04T11:06:11Z,69d8c906060e226ff0f0f7e78029575f2ee07ebec657a3b641419268,60.14699,24.922,00000000a53ed894,20.28
4158,2019-08-04T11:06:11Z,6ac1903c80e63433e4bc744dc0e801bff647117d38d3753fb9a6a4c1,60.173,24.92524,0000000096918cfa,14.89
4159,2019-08-04T11:06:11Z,6c067fedd37418c79b0bf5c752174bb0d07d27f5d300e2fb737a4dcc,60.16829,24.94214,00000000afef4555,25.36
4160,2019-08-04T11:06:11Z,6c3dd68b68d5b3caa20f92e5ea004b0298abbddd5e35caca508262e9,60.16448,24.97323,0000000053c6c2be,14.89
4161,2019-08-04T11:06:11Z,6d7107015847d88db09c55e259c3aae4f1dcc95e5d584f2bd957b113,60.16762,24.95415,000000006b44cce7,14.89
4162,2019-08-04T11:06:11Z,6e2fbf091d5c86667e060d7ec44f48f0f5d7b1d55b1899f2939f247a,60.16762,24.95415,000000006b44cce7,2.54
4163,2019-08-04T11:06:11Z,6e492dbc3f10157e7ff00826a839a97262ab36244ccc57b702a89999,60.16531,24.9442,00000000fdda10fe,4.5
4164,2019-08-04T11:06:11Z,6faf62fbff92729472d61bc9a13a5e72833e55bf713863161f8ca9cb,60.15432,24.9211,0000000019fb59c4,29.32
4165,2019-08-04T11:06:11Z,70ffae2b8178e0915c5de7816f8dd8bcc3af745ee49df8ac4da4adba,60.17918,24.95141,00000000675d5200,14.89
4166,2019-08-04T11:06:11Z,714e80a1e3c0fee43e312f314b2faec47e582ee8dac47e4818dbc2f9,60.149,24.9843,00000000fffb8cf0,14.89
4167,2019-08-04T11:06:11Z,71516fc8349cfaf2b5c4ab80ade6078494d93d13e9953af15e5ced30,60.18203,24.91341,00000000342570c2,11.7
4168,2019-08-04T11:06:11Z,71c1367c7dea4dfa243172e02b9092c7a0810bef003216681759891e,60.16897,24.95222,00000000aa852af1,23.56
4169,2019-08-04T11:06:11Z,72b4055182e6b02751fa4daaf8f21f6dcd2042bb9c76c98fa317e24a,60.16897,24.95222,00000000aa852af1,18.79
4170,2019-08-04T11:06:11Z,730d975773cc8c9c07ff88fb87377ff64a961a96e9237e59859fa46f,60.16762,24.95415,000000006b44cce7,11.7
4171,2019-08-04T11:06:11Z,738973c9b5f9882f29075e47ca10e50ba3fb9883da779f41545175f4,60.17918,24.95141,00000000675d5200,2.54
4172,2019-08-04T11:06:11Z,74c2ec2adc228e5b4979284d730fd2de698242f0f06d90f870b8cde6,60.16762,24.95415,000000006b44cce7,2.3
4173,2019-08-04T11:06:11Z,74cb545f76f0bfc5498607247e26e814276a11ce91f77208054ecbc5,60.17002,24.94407,000000006b087f40,25.36
4174,2019-08-04T11:06:11Z,7552783317be1ef797980c3a9ee9c5967d4e7b32765f23c51ffda02d,60.16897,24.95222,00000000aa852af1,14.89
4175,2019-08-04T11:06:11Z,75d452cbba63995ad06213b577081e8db650c80b3a78060789a8e831,60.16762,24.95415,000000006b44cce7,7.05
4176,2019-08-04T11:06:11Z,77964c48bd2a8658eeedae4be816422b0ef0be1ee1b6f9093b47f14e,60.14699,24.922,00000000a53ed894,27.28
4177,2019-08-04T11:06:11Z,79249857aa88aacfdce42eef6ed8e8bcca6a4550672e5d4552c120d0,60.16762,24.95415,000000006b44cce7,16.1
4178,2019-08-04T11:06:11Z,79bde23c1a8980f93a65e14306f0d8ea89e164430d8b991e2bfee82e,60.16531,24.9442,00000000fdda10fe,18.79
4179,2019-08-04T11:06:11Z,7bb434564bd2430d4e1fff5a245098d487317d3e7e7edde956307d45,60.14951,24.92138,0000000006dd41f6,25.36
4180,2019-08-04T11:06:11Z,7c55ecf165387948602e82b684a55be093691849fde2d96ad6574475,60.17065,24.93641,000000000f4919c9,27.28
4181,2019-08-04T11:06:11Z,7e78b2348d9576c63ebb626030ee9d43e2bf07e860782adf3f1c452b,60.16829,24.94214,00000000afef4555,18.79
4182,2019-08-04T11:06:11Z,7eefc5581c616491b78192b28b519ba727dc884a87bc06b8df1ea4f2,60.14699,24.922,00000000a53ed894,11.7
4183,2019-08-04T11:06:11Z,7f95126e2fe39b74b61f9df1002b58453d22fe79458cebfeed9b9982,60.16829,24.94214,00000000afef4555,5.91
4184,2019-08-04T11:06:11Z,822590bd49bcf7ed4de4f8389586915c343b29c4283ff8b90d7c1d39,60.17065,24.93641,000000000f4919c9,14.89
4185,2019-08-04T11:06:11Z,82ac749474448abac333d00869cb8b508872f86293913d95eae26a05,60.15432,24.9211,0000000019fb59c4,8.38
4186,2019-08-04T11:06:11Z,82cddd3b9f58762d36efe78da4e2722ee587cfdb3fdbc58b52673082,60.16629,24.95957,00000000fb7600be,18.79
4187,2019-08-04T11:06:11Z,842340aa39a680a5c969b20db5027c8e1b123077045e8046a997391a,60.16448,24.97323,0000000053c6c2be,25.36
4188,2019-08-04T11:06:11Z,844b8ad6ebf530978d1139d527a681991f4d3eed6be5bc723f0b2192,60.16531,24.9442,00000000fdda10fe,1.38
4189,2019-08-04T11:06:11Z,8452ada2a714598cdd911988eec301cf7bccb236b29686e0e8b1d0ed,60.1538,24.95595,0000000038bf9618,33.81
4190,2019-08-04T11:06:11Z,85b440c4e1125b1e2531499de3b19b82ae4b7eabb4d89c63c97fa83b,60.16829,24.94214,00000000afef4555,31.5
4191,2019-08-04T11:06:11Z,87ea10367f1569e575dc4bc60f0f4238eafb52ba8a2cc8e5e4584232,60.16829,24.94214,00000000afef4555,21.87
4192,2019-08-04T11:06:11Z,87ecec345b34dca4db86cbd66248eeb829282d0cc54caff92455dff2,60.16762,24.95415,000000006b44cce7,5.91
4193,2019-08-04T11:06:11Z,886032718e05487be8bd75bb14464814044c7edd7f9a2198304f6fb4,60.16629,24.95957,00000000fb7600be,18.79
4194,2019-08-04T11:06:11Z,88ee7d98af3d9470df5daf433cfa0405f6225cb56b98b7c48d260fd4,60.17002,24.94407,000000006b087f40,13.75
4195,2019-08-04T11:06:11Z,89df1daad350e46d526e113019214d2e1a19d8f48da761bb3583399b,60.16762,24.95415,000000006b44cce7,4.94
4196,2019-08-04T11:06:11Z,8a7f5012c000c420f0a336a3988c72cf2b373818f4f3f369e994d8e4,60.16829,24.94214,00000000afef4555,17.4
4197,2019-08-04T11:06:11Z,8bffe034066821502092859341756212a0dcb6b2c605852c0c40fdeb,60.16762,24.95415,000000006b44cce7,8.38
4198,2019-08-04T11:06:11Z,8c4e4851db86ec4a3ce29a58be770eb29c38b9a983351bb67d781982,60.16897,24.95222,00000000aa852af1,25.36
4199,2019-08-04T11:06:11Z,91602a694bc74a2874ba7f02a7bae062a3a77cd869b86a74800415b8,60.17918,24.95141,00000000675d5200,16.1
4200,2019-08-04T11:06:11Z,922a255faab8fa07938e1681a3486985f3a0dd4cee03eeb495c27a4e,60.173,24.92524,0000000096918cfa,31.5
4201,2019-08-04T11:06:11Z,93272ad17155ea9499641eda7c5560691582116096278b82738ab21e,60.14699,24.922,00000000a53ed894,4.94
4202,2019-08-04T11:06:11Z,934bab75e2a2354910288b01c44fdfda4a87f92ac010109f641b3122,60.14699,24.922,00000000a53ed894,18.79
4203,2019-08-04T11:06:11Z,951482f3e2e41b496e34885c346c4a7ab09427178119caa9b8bbcbb6,60.14947,24.91438,000000004ef3150d,6.46
4204,2019-08-04T11:06:11Z,97490f522f1a0226c8f7e8ed7bca08dd71b63d80b46d38020127b868,60.14699,24.922,00000000a53ed894,14.89
4205,2019-08-04T11:06:11Z,9759894c6f46d9e82992282b211a84549983c7a9995cd91fb1178818,60.16829,24.94214,00000000afef4555,16.1
4206,2019-08-04T11:06:11Z,998a30ee5f5ff6d2bc9ed04420591e525ded59ad66d09eefa240cc8e,60.16762,24.95415,000000006b44cce7,5.41
4207,2019-08-04T11:06:11Z,998ac46ad73c197bab1f36dca67d8bcaa3aca92249185a5e3715043f,60.17065,24.93641,000000000f4919c9,13.75
4208,2019-08-04T11:06:11Z,99b998b07243afd316e6fa57636b0ab6761b9c2a6f0fe050eae40c08,60.16762,24.95415,000000006b44cce7,11.7
4209,2019-08-04T11:06:11Z,9a49d0b5a67fba15ce8971503f6fea88994b33487a842397c5e8564f,60.16762,24.95415,000000006b44cce7,5.91
4210,2019-08-04T11:06:11Z,9aa588cb6f425117e45726b6b9adb7ef86c8f7c8113b547dc61f068a,60.16897,24.95222,00000000aa852af1,12.69
4211,2019-08-04T11:06:11Z,9ab0a60cb60531417ac6ec5ebc6ef591d2f39019c6b0bcb5a89101a2,60.14699,24.922,00000000a53ed894,13.75
4212,2019-08-04T11:06:11Z,9b4b0705e58750d2bcbd71ad65d85677f7e77db5dfe69d1a70b5d31f,60.17919,24.95181,000000007b5207b6,23.56
4213,2019-08-04T11:06:11Z,9bef562c292174f1eb3933116effff74a8733a78e5c1df140de3fd6c,60.17919,24.95181,000000007b5207b6,9.92
4214,2019-08-04T11:06:11Z,a1439b6683d0598c7a05080c3693a17c198f7b8c3297c77324ef4859,60.16829,24.94214,00000000afef4555,1.38
4215,2019-08-04T11:06:11Z,a20a11944d9440f1f8e4ea6262408f673f2a8380c4e13dda1a073d8d,60.16897,24.95222,00000000aa852af1,9.12
4216,2019-08-04T11:06:11Z,a25b897b52089b243421b68349d3f15e60ce8249d11c889a4626bfc7,60.18203,24.91341,00000000342570c2,27.28
4217,2019-08-04T11:06:11Z,a30740fbf4b7e21f6fe2996e9325c90936de161cb2165e87cd96fd35,60.149,24.9843,00000000fffb8cf0,5.91
4218,2019-08-04T11:06:11Z,a3664d77633807788598dd8d4a7ba8caba2c31bfdcb6ba83651d4e7e,60.173,24.92524,0000000096918cfa,12.69
4219,2019-08-04T11:06:11Z,a44eda7b8ec58e1cd7c078a73c4da7fb0037d59453aa6bfe69b7cbdd,60.16762,24.95415,000000006b44cce7,4.11
4220,2019-08-04T11:06:11Z,a50e0bb8fd1ad4ad264c3246b210a0c6285faae591c1bd2c2c3458af,60.16829,24.94214,00000000afef4555,10.78
4221,2019-08-04T11:06:11Z,a5835ce352a1e6d8fb6bdc410fae1076c756f7dac8e202465add9277,60.16762,24.95415,000000006b44cce7,12.69
4222,2019-08-04T11:06:11Z,a5d632ac8ffc19a626de034d3c9444fd262ee6edada285c816ea9266,60.16531,24.9442,00000000fdda10fe,7.69
4223,2019-08-04T11:06:11Z,a6346d72bb19aaf926a344b915680b8f937930df06d6ac6a195494ab,60.173,24.92524,0000000096918cfa,31.5
4224,2019-08-04T11:06:11Z,a764c2246c85b2b0aa79e581e2fe238da93de098abbb90aee24c11ca,60.16829,24.94214,00000000afef4555,13.75
4225,2019-08-04T11:06:11Z,a81c19fb85eebf853246cdc4d8e38245dfa5ba15c180eaa1bcc0378d,60.16829,24.94214,00000000afef4555,20.28
4226,2019-08-04T11:06:11Z,a98fc06dc605583814a2aa182295b88f81657ef2daeee7aaec792e7c,60.16762,24.95415,000000006b44cce7,23.56
4227,2019-08-04T11:06:11Z,aa4547c0b6b8be30776e08d524ceeacfbc9930ad720e11fa4cb20882,60.16531,24.9442,00000000fdda10fe,1.54
4228,2019-08-04T11:06:11Z,aa45859d6157e9e86470ec8b81957acc35bafb1b7f419d79357a38cf,60.16829,24.94214,00000000afef4555,14.89
4229,2019-08-04T11:06:11Z,ab1377ddf669bb806f8db586f4ce5ab9f0f4257dda61fe800d8509f5,60.17065,24.93641,000000000f4919c9,44.58
4230,2019-08-04T11:06:11Z,ab6e8769f50a15ea5e0d64f48aaa12886b7599a18cc0eb071a21ae5f,60.16762,24.95415,000000006b44cce7,8.38
4231,2019-08-04T11:06:11Z,ab7697ba77150d46c95d1b02fef085ed91925d425393d8ad1097adcc,60.17002,24.94407,000000006b087f40,31.5
4232,2019-08-04T11:06:11Z,ac4679e3db131ec2ea8e1111c8aa0d71020cf8796ecb11f142478394,60.14947,24.91438,000000004ef3150d,6.46
4233,2019-08-04T11:06:11Z,ac5c7e04b55d6d70659e5b8f4705309b9367c78a0edb7ce85f42c181,60.1538,24.95595,0000000038bf9618,27.28
4234,2019-08-04T11:06:11Z,ae3cda5066e455d4b1e58860e8fb7a35efad69b9964a676b476b0687,60.14947,24.91438,000000004ef3150d,3.09
4235,2019-08-04T11:06:11Z,b02a0be9ec3a2bb1acba16daee232202f9a06ac84e0dcc9a80dddf6a,60.16762,24.95415,000000006b44cce7,7.05
4236,2019-08-04T11:06:11Z,b2298fc6f63c02481610f9aef24f1a0c1711c255adc43c0fe135c1ca,60.14947,24.91438,000000004ef3150d,10.78
4237,2019-08-04T11:06:11Z,b26d0daac9f8fb84484cbd8ed668aeb6751e848b1c533a307d163360,60.16762,24.95415,000000006b44cce7,9.92
4238,2019-08-04T11:06:11Z,b3266ecf36a984b814e1b2d31b447438bd948a9c116721480104792f,60.16829,24.94214,00000000afef4555,20.28
4239,2019-08-04T11:06:11Z,b3306cd4af1d1a04ef09567c8908ad55c56d9bf6ec7c10af9aea3dea,60.17002,24.94407,000000006b087f40,12.69
4240,2019-08-04T11:06:11Z,b50b3c2006581bccfeaa9ea964649350c7d5b8177baa29a37e628584,60.14947,24.91438,000000004ef3150d,14.89
4241,2019-08-04T11:06:11Z,b59631b8902194c916f7d3ddcc02d4200a3de0380fa554d87e6856c0,60.17002,24.94407,000000006b087f40,11.7
4242,2019-08-04T11:06:11Z,b5cdbcdc30e0bf653ce353c867708b0067db5e394c8cbe848d978a77,60.14699,24.922,00000000a53ed894,9.92
4243,2019-08-04T11:06:11Z,b601cd655bb9f05aa6ec86fc9eb9300c3bc20bc0e856e94ad168a257,60.14947,24.91438,000000004ef3150d,5.41
4244,2019-08-04T11:06:11Z,b67f020b0677cdc52c864f559306fb750cdf47ce2eee6503a3cedb3a,60.16629,24.95957,00000000fb7600be,18.79
4245,2019-08-04T11:06:11Z,b81e65168ea3278486b1c954ab229bc2eda3fe07098e824f05cd0ac4,60.149,24.9843,00000000fffb8cf0,33.81
4246,2019-08-04T11:06:11Z,b8807fdb08fe9f136559a9fb3dc07c2df2758f38afbde8270b3812dd,60.16629,24.95957,00000000fb7600be,29.32
4247,2019-08-04T11:06:11Z,b9518af3996d754e6482a42a26d51867e361046fdca90a5fd443113c,60.16897,24.95222,00000000aa852af1,25.36
4248,2019-08-04T11:06:11Z,ba288a5fd2befbc9ed08e7876ad7cb2bd8bfe6f5756d2ffe8e2dc558,60.17002,24.94407,000000006b087f40,10.78
4249,2019-08-04T11:06:11Z,ba41edadb3a9722bc59efaca71897a33593d0f17301c4bf560fd23e1,60.16762,24.95415,000000006b44cce7,29.32
4250,2019-08-04T11:06:11Z,bac5abd66caf627f4579d5c2cddad074267cd5bac95bd0e68a1e1fb7,60.16897,24.95222,00000000aa852af1,17.4
4251,2019-08-04T11:06:11Z,bbf7d8b9085ddcd3b94f55f93b52cb40a251c44f5df4099ba5b61471,60.16829,24.94214,00000000afef4555,21.87
4252,2019-08-04T11:06:11Z,bc07df8cc395f6f4f5d483b2233caca5f93a6918f346e4cc3702f8cc,60.16531,24.9442,00000000fdda10fe,18.79
4253,2019-08-04T11:06:11Z,bd7fa2c07b7e0eab8afb3d9825a810643c2eb71f83c09a1e26cac54c,60.16762,24.95415,000000006b44cce7,14.89
4254,2019-08-04T11:06:11Z,bdc8bd416444be70683b3475302093428e4abe14284e9579617fe8ea,60.1638,24.96846,00000000d747f075,18.79
4255,2019-08-04T11:06:11Z,bf1bf5222ce141fbaa484d3bbf568d521b90699d69ec5fc413c9d716,60.17002,24.94407,000000006b087f40,14.89
4256,2019-08-04T11:06:11Z,bfd5c2630b36fde15de01ea74e598d035402cf1edb7c9230617927e0,60.16762,24.95415,000000006b44cce7,2.3
4257,2019-08-04T11:06:11Z,c012e9e2caf1002d24e53817bb1279becdfc4aa9dba085e93ddd88e9,60.17002,24.94407,000000006b087f40,20.28
4258,2019-08-04T11:06:11Z,c0a0ca3433586ed2ae0e448f2406fabac7292ac79d49562e0bd5cef8,60.16762,24.95415,000000006b44cce7,12.69
4259,2019-08-04T11:06:11Z,c26838ba90ff36e1d86e327d1623e206734b7c8db8e463218bd43123,60.16762,24.95415,000000006b44cce7,7.05
4260,2019-08-04T11:06:11Z,c27fee8ae8d689338b043608280c83cfa6f3276d3837ecea5f742dc3,60.16762,24.95415,000000006b44cce7,3.4
4261,2019-08-04T11:06:11Z,c2cc33e5b1b8d254d4bcbc0ffa13c9200676a39a191cc31a38d28d8d,60.17065,24.93641,000000000f4919c9,23.56
4262,2019-08-04T11:06:11Z,c2e135ad2c160277e290705658ac41d7cd35b11ebf61d829fdd0b428,60.14699,24.922,00000000a53ed894,9.12
4263,2019-08-04T11:06:11Z,c45e3c4e8ec0fc85457d3b4ed4c49ed0116b4cf447e2983f353abcd8,60.16829,24.94214,00000000afef4555,18.79
4264,2019-08-04T11:06:11Z,c55894159f2080031cda702c78ee54463c3c15ab1b3638afdf687f08,60.16531,24.9442,00000000fdda10fe,5.91
4265,2019-08-04T11:06:11Z,c6b0ea433c3fdc73e0bac7e3faa2690506c4e8ec7fc54210446a7ffa,60.14947,24.91438,000000004ef3150d,17.4
4266,2019-08-04T11:06:11Z,c7ced11121537f55bcd7d7ab67312226dafe7c85320c5357a35d5ab7,60.17002,24.94407,000000006b087f40,25.36
4267,2019-08-04T11:06:11Z,cb2f32be2e27fc44ead887ff7f76c0199bf68b2c6711e6880f4acd01,60.16762,24.95415,000000006b44cce7,3.09
4268,2019-08-04T11:06:11Z,cb37b8fad0bc758cf37d7ea1052f3a98f29282ae37ec635d6eb2c511,60.16762,24.95415,000000006b44cce7,10.78
4269,2019-08-04T11:06:11Z,cd7d0e9404c9f4e8fab0742460b9acb4d5bbb97f44df80d4a8b973cd,60.17002,24.94407,000000006b087f40,18.79
4270,2019-08-04T11:06:11Z,cddbfc3b0a1459f0ea8d553779cf320d512cac6e64976182f2f0b3b7,60.16829,24.94214,00000000afef4555,23.56
4271,2019-08-04T11:06:11Z,cf241827513137f094cda8111245217a32612fdb8fdb573be6e1893d,60.16762,24.95415,000000006b44cce7,9.92
4272,2019-08-04T11:06:11Z,d04b5065ec93818b731141027d11e6a1cf53de69b9737d7aea0c34da,60.14947,24.91438,000000004ef3150d,12.69
4273,2019-08-04T11:06:11Z,d09310020224f0dde4e9f62595b66c66af964fc07015ab2b416dc932,60.16544,24.95398,0000000038d83d41,29.32
4274,2019-08-04T11:06:11Z,d162ad46250f7d87af446db22df4aa6b2eb2bf22f83beca34e857743,60.16762,24.95415,000000006b44cce7,3.74
4275,2019-08-04T11:06:11Z,d22504ed69448b707ae074f5ccd9d0da25e386683d52a8df72481ef9,60.16762,24.95415,000000006b44cce7,17.4
4276,2019-08-04T11:06:11Z,d4c9ea46d58288bf42808788e668072465d91dd3c874a8a51de5794e,60.16897,24.95222,00000000aa852af1,21.87
4277,2019-08-04T11:06:11Z,d68f1946805ba3d30f9ba25280986fbe003f3b5dce7245b633e0cb5c,60.16762,24.95415,000000006b44cce7,14.89
4278,2019-08-04T11:06:11Z,d6a8c97f1ec18c7a90d3beae358bad67f8d53626258a852e15b08c5d,60.14699,24.922,00000000a53ed894,17.4
4279,2019-08-04T11:06:11Z,d71a315bac918f9a18fcd820731e6d9eb54fb0d01c324ca088ef8858,60.149,24.9843,00000000fffb8cf0,18.79
4280,2019-08-04T11:06:11Z,d7416b821dba1c0f495afe215dbe099173aedf90d0084084f6e485ac,60.16448,24.97323,0000000053c6c2be,27.28
4281,2019-08-04T11:06:11Z,d7b3daaab1b36d8d95f7672a0339b99b2a16483fc1c71c5177aeb948,60.16829,24.94214,00000000afef4555,21.87
4282,2019-08-04T11:06:11Z,d81024e88bb9b04be64c793e92836ac82bec9eed4bfeef83accf8109,60.14951,24.92138,0000000006dd41f6,20.28
4283,2019-08-04T11:06:11Z,d89dc30f25f8ae568eb99e379bda843da23f27e66dcea55a285e1499,60.17918,24.95141,00000000675d5200,21.87
4284,2019-08-04T11:06:11Z,d9138495b15650460946f56faa26bf36e7dc6cf74b3d84614efbc8cd,60.16897,24.95222,00000000aa852af1,18.79
4285,2019-08-04T11:06:11Z,da2398acaae7f39c7b80c220d4e6917bdc7655f4c71b6e36d06cb859,60.18203,24.91341,00000000342570c2,20.28
4286,2019-08-04T11:06:11Z,db4d3f81708de827ce30c4130610fd65b4d6d451ca5cf6b0c4e745d9,60.16829,24.94214,00000000afef4555,20.28
4287,2019-08-04T11:06:11Z,dbd2fa33dbaac339a8c9d8e04576b1088999b9314914676a2247737c,60.1638,24.96846,00000000d747f075,31.5
4288,2019-08-04T11:06:11Z,dc4043efe103db9ce55ad4d987a45cf9821cdc3e63cf7b15b6d48baf,60.16897,24.95222,00000000aa852af1,16.1
4289,2019-08-04T11:06:11Z,dc4072a3cfc00cca0bde9925adc82bb9c2548af1724368561eefcbf8,60.16762,24.95415,000000006b44cce7,10.78
4290,2019-08-04T11:06:11Z,dc816e92e4a2eceea03f41fc379fda0e3d57b5d0fbd9a06430432022,60.16762,24.95415,000000006b44cce7,3.4
4291,2019-08-04T11:06:11Z,dc82f9648bb5ba21e766e0923f5fa7ca2d77662ab0edbe22a3d95631,60.14699,24.922,00000000a53ed894,10.78
4292,2019-08-04T11:06:11Z,dcbd150d7326dc22a8ab087a0555b9c9549addd07f54aa909aa8ec1f,60.149,24.9843,00000000fffb8cf0,33.81
4293,2019-08-04T11:06:11Z,de48adf9d49eb3bc1d61dea4047618f6c77086fc44bd2b535d56504d,60.16762,24.95415,000000006b44cce7,4.5
4294,2019-08-04T11:06:11Z,de71e27b55ef6f2f51f05838a2fcab596f1dd93a14ece5ce4548f5c7,60.14699,24.922,00000000a53ed894,13.75
4295,2019-08-04T11:06:11Z,e01908a975abc95425179eadafdba31d371f1d64674c967686df87a3,60.149,24.9843,00000000fffb8cf0,4.94
4296,2019-08-04T11:06:11Z,e081e4b3252ca91bbf1cbb70faa116d60317fbf3a991a67bc99b4bfa,60.149,24.9843,00000000fffb8cf0,14.89
4297,2019-08-04T11:06:11Z,e0859a9c906151023376d86762070f38ba1b3859e671531b0edac6cd,60.16075,24.95883,00000000f1124bca,17.4
4298,2019-08-04T11:06:11Z,e1da87aea335bcd04e4c876158b96ebc7ba4206bc216c3aa27a2f4af,60.17919,24.95181,000000007b5207b6,3.74
4299,2019-08-04T11:06:11Z,e305610124e16ed1411a221b29ce69a076cc47982efd6c098b0599ab,60.14947,24.91438,000000004ef3150d,13.75
4300,2019-08-04T11:06:11Z,e32e078697e70d6e3cb4b156ada3a4756315227b125615d7b5c116a7,60.16762,24.95415,000000006b44cce7,4.11
4301,2019-08-04T11:06:11Z,e44d7228cecbdb2474e1cc396a6c13943f09c08c19d0ffab1997d509,60.17919,24.95181,000000007b5207b6,12.69
4302,2019-08-04T11:06:11Z,e53a901aed874016e1cd1ed3e9b2891fca850986cb2fa04f5162cf52,60.16762,24.95415,000000006b44cce7,0.71
4303,2019-08-04T11:06:11Z,e557e164cd52fd817b02cad6587a294d72b0974d9b014ad69ea5e08e,60.17919,24.95181,000000007b5207b6,16.1
4304,2019-08-04T11:06:11Z,e568360cebcddeb30a1d066a2f6a2326ac927004214bd11337d804e5,60.16762,24.95415,000000006b44cce7,11.7
4305,2019-08-04T11:06:11Z,e57facbf08a4abd25c366c0604463549586bb771b6ce2cf62945cdbf,60.16762,24.95415,000000006b44cce7,17.4
4306,2019-08-04T11:06:11Z,e5928057da667903de0b6c1245e1f58273dd85d63d8af0f4eaa771de,60.16762,24.95415,000000006b44cce7,17.4
4307,2019-08-04T11:06:11Z,e5b9b4813c081a31fb498e7f9adb94918c267dfa125c63790c0d9488,60.149,24.9843,00000000fffb8cf0,2.54
4308,2019-08-04T11:06:11Z,e8530b87d248fb9f6f44200a9b5634e7517e8d6d835e921280db51fb,60.16897,24.95222,00000000aa852af1,29.32
4309,2019-08-04T11:06:11Z,e9d59e25b58f33f70aad6832863cb59d7485ca55a1575558f92b74e7,60.16897,24.95222,00000000aa852af1,9.92
4310,2019-08-04T11:06:11Z,ead2f467899b87bb3227752949a27b808fad94a55a6913fdfe14085d,60.16762,24.95415,000000006b44cce7,17.4
4311,2019-08-04T11:06:11Z,eb261026c6f65b651ddf21bed629a1e164cfb500d0b78062704ec15c,60.16762,24.95415,000000006b44cce7,4.11
4312,2019-08-04T11:06:11Z,ec485175d2b7a2c53d03bf546aee134c116d998976601b069570c6f9,60.14699,24.922,00000000a53ed894,12.69
4313,2019-08-04T11:06:11Z,ecb1735f180422ec69f041cd2782a26c9f07d27a87893b3c30aaa9b7,60.16075,24.95883,00000000f1124bca,9.92
4314,2019-08-04T11:06:11Z,ecf13e9d610ad235409932d263110fd52c69d0f5f39e9ffd3ad8b740,60.16897,24.95222,00000000aa852af1,11.7
4315,2019-08-04T11:06:11Z,ede13c9dc221bbc6c1daf78250fa6547303c06d7606c05ba0bf64547,60.17919,24.95181,000000007b5207b6,4.5
4316,2019-08-04T11:06:11Z,ee58e3183e0967bff106dcd3894f4688accefe5e721043dd70c1f11c,60.16629,24.95957,00000000fb7600be,18.79
4317,2019-08-04T11:06:11Z,eea43687eab35d2c386347881796eb1c8279076b9e9642ebc2cd06ac,60.16762,24.95415,000000006b44cce7,5.41
4318,2019-08-04T11:06:11Z,ef15ff71b7dc4c2088249a4fca7e28900ae315245a7a3b4d571bf582,60.16829,24.94214,00000000afef4555,7.05
4319,2019-08-04T11:06:11Z,ef45fdc095ee55730384922266d8fce61de212d3c3df2441ea10e524,60.14947,24.91438,000000004ef3150d,16.1
4320,2019-08-04T11:06:11Z,ef5e495c5f9d3dd9eb22ed5b8faf1cc9e4225d4785ebb26a87d16fff,60.14699,24.922,00000000a53ed894,9.12
4321,2019-08-04T11:06:11Z,f014103201b8ae8f495f8e1e04da3c934079461391d4801ee6c2faaf,60.16762,24.95415,000000006b44cce7,13.75
4322,2019-08-04T11:06:11Z,f11c02cbebb4049a29f10d2ee6aac8a9ca3b7b9609a39d69463461a1,60.17065,24.93641,000000000f4919c9,20.28
4323,2019-08-04T11:06:11Z,f196f5f8c08299d290b3bac1944e00bb1f2c90594db66438b0c10e6e,60.16629,24.95957,00000000fb7600be,12.69
4324,2019-08-04T11:06:11Z,f1d44b9d3710849eba7eab0b6646053378aa5f8ee3491ec2522f3c44,60.14947,24.91438,000000004ef3150d,21.87
4325,2019-08-04T11:06:11Z,f2467c8ede6444941158701b7bd9d005beec9ffdb355ce2d8c7a9bfd,60.149,24.9843,00000000fffb8cf0,18.79
4326,2019-08-04T11:06:11Z,f43b8b2cf2c0bd291543858796d75b211d283ab73dcab5ad5dfd0aeb,60.16897,24.95222,00000000aa852af1,13.75
4327,2019-08-04T11:06:11Z,f4b9fc6acb673aea24fe00dfbe806b81fedab0c2ea82d781f7659ce5,60.16762,24.95415,000000006b44cce7,12.69
4328,2019-08-04T11:06:11Z,f5ffa3dbcdd5592ac31344cb04a7a6d639109a4d6e196fa0df3990dd,60.17065,24.93641,000000000f4919c9,21.87
4329,2019-08-04T11:06:11Z,f616fbd0fde8316049c3068ae4368dc9f486f8da4bf5516e9ba82578,60.16897,24.95222,00000000aa852af1,29.32
4330,2019-08-04T11:06:11Z,f65653d90604ec5056682852700fbaf1379932745358f71dd7a94809,60.16897,24.95222,00000000aa852af1,20.28
4331,2019-08-04T11:06:11Z,f6a67ff84820eaf13cebbf7255a83e978a07b3389f0ffda20b5842c7,60.14699,24.922,00000000a53ed894,23.56
4332,2019-08-04T11:06:11Z,f78ef2ddbe48b534137498eab56c0a55ec0e0b1d8868e82cb5652a0e,60.14699,24.922,00000000a53ed894,7.69
4333,2019-08-04T11:06:11Z,f7be7d003528c0c0827040a3a3723e49406a5a7c86cb4bc568a830db,60.17002,24.94407,000000006b087f40,25.36
4334,2019-08-04T11:06:11Z,f855918d61069661cbf8633b228a5fb9e5cd5ea7b2946bfc5b9fc315,60.16829,24.94214,00000000afef4555,14.89
4335,2019-08-04T11:06:11Z,f91cfaaa18f242443a0b353450d580318ee7b8e703cf62eff748a8a9,60.17918,24.95141,00000000675d5200,36.27
4336,2019-08-04T11:06:11Z,f988707001cada9e82f9e5ac68a877d99d408bd0ad1cb19814de8716,60.16829,24.94214,00000000afef4555,29.32
4337,2019-08-04T11:06:11Z,f9ed4361c378e7c740818b0c356acbffa4a161af2ffbecb803ace9b7,60.173,24.92524,0000000096918cfa,21.87
4338,2019-08-04T11:06:11Z,f9f42c3132515705c0013fb8e137897c93844d24acc22cb4ac9384a0,60.149,24.9843,00000000fffb8cf0,16.1
4339,2019-08-04T11:06:11Z,fa0f842659ccbf444859d2dfa36ea7e58436bbab37ffe91f379d2bf7,60.16448,24.97323,0000000053c6c2be,41.64
4340,2019-08-04T11:06:11Z,fa1579394f4980e1fe11248f7be4e646b601a3d8cdb9361f182d066c,60.16762,24.95415,000000006b44cce7,9.92
4341,2019-08-04T11:06:11Z,fb37b263777ffcf7fe1fb6484821cae2b8beb03b5f5009109748dedb,60.16762,24.95415,000000006b44cce7,9.12
4342,2019-08-04T11:06:11Z,fbd28054e4a5478c8ca06f4d682405d1c59bef4853cad413ecb58d13,60.14699,24.922,00000000a53ed894,18.79
4343,2019-08-04T11:06:11Z,fbea754bd1d1bd41d31d255adcdfb67b3b4c052fc59db33eb47c25b4,60.16897,24.95222,00000000aa852af1,18.79
4344,2019-08-04T11:06:11Z,ffb7319984ecae155652e100da9b204f0b92f3b6c7239cfea4dcf966,60.14699,24.922,00000000a53ed894,8.38
4345,2019-08-04T11:06:12Z,004c3624f943830bc6a9f17173a2cd0996622cade5184ad2b9fba729,60.16897,24.95222,00000000aa852af1,8.38
4346,2019-08-04T11:06:12Z,0152988639aaaa9cc27213280c8f0c0c8ec97ae6a45aaaf743c9c25d,60.16544,24.95398,0000000038d83d41,23.56
4347,2019-08-04T11:06:12Z,03e0fc996a589ccdf1871b3c78e089c08c93ba1f2a02d740fb384aac,60.16531,24.9442,00000000fdda10fe,36.27
4348,2019-08-04T11:06:12Z,09ddbf38333e76a79fd836112bd8c3f8bf7f3dadfb3d49945ad4c486,60.16897,24.95222,00000000aa852af1,7.05
4349,2019-08-04T11:06:12Z,1142f5b6806b1ec7d8d47d47013eb530d8a7418f6934d8867b20966a,60.16829,24.94214,00000000afef4555,16.1
4350,2019-08-04T11:06:12Z,126e7fa4dd9205201617bdc0c7c346bfb57e1a75d3d7d3d9c260d51b,60.16629,24.95957,00000000fb7600be,23.56
4351,2019-08-04T11:06:12Z,128f1b89d7a534aa206a7823b692594bbd4d349761baa04c0fc72f2c,60.14947,24.91438,000000004ef3150d,5.41
4352,2019-08-04T11:06:12Z,14c7e1511b70f4dd3359cbece1377aebb4d70531f5489eefe53d7c3c,60.16544,24.95398,0000000038d83d41,29.32
4353,2019-08-04T11:06:12Z,165ebbb4090d47319ae370f0d0854fdc1f6b79499f8b2e4d3c3533c0,60.16544,24.95398,0000000038d83d41,23.56
4354,2019-08-04T11:06:12Z,16c994bb2e24124a910c247376d16e980a65626a94c4c0aaab27df60,60.16829,24.94214,00000000afef4555,20.28
4355,2019-08-04T11:06:12Z,25a7ff811c3c06e426c7c2cbb0433d9a2a3399b23afecbd35584ab0f,60.18203,24.91341,00000000342570c2,12.69
4356,2019-08-04T11:06:12Z,29016fc5853bb802e42e93eb5fd98882d64029327d793a2f2335b9e4,60.16829,24.94214,00000000afef4555,14.89
4357,2019-08-04T11:06:12Z,32dd92b5a658392a4ec84eaf95152ee72258b6b0fb670b97882ac902,60.16829,24.94214,00000000afef4555,7.05
4358,2019-08-04T11:06:12Z,3b5cafe90982db26cf737b2e4cd4275276f6a031bca3b2a1f73023b2,60.14699,24.922,00000000a53ed894,13.75
4359,2019-08-04T11:06:12Z,43b676ed3aef4c2d8846694817e76117873be52e7f788e0cb366c1c4,60.16629,24.95957,00000000fb7600be,23.56
4360,2019-08-04T11:06:12Z,44d0b94469070803869f229601e877beb613c3f5aafa009addf97a1a,60.16544,24.95398,0000000038d83d41,20.28
4361,2019-08-04T11:06:12Z,4656bad9b5e6dfc3977eca308fc1db3dbf8b0204b90d09b001da242e,60.1638,24.96846,00000000d747f075,18.79
4362,2019-08-04T11:06:12Z,5d65719c4cbf045f068d084b72302f447d5fd034413d97d13be00d0e,60.18203,24.91341,00000000342570c2,18.79
4363,2019-08-04T11:06:12Z,69219e9efa41ae9e732653e9eaf08e1a34cb853a9dafe76ddeea4d04,60.16897,24.95222,00000000aa852af1,16.1
4364,2019-08-04T11:06:12Z,6a70e2fbced719333e21eff04fcb9cb36bae9a04d1a3d6ddd96f2c58,60.15432,24.9211,0000000019fb59c4,5.41
4365,2019-08-04T11:06:12Z,79f136afa0dd8717337c01c70b457c464aaf0fa25b440f51a394ec23,60.16762,24.95415,000000006b44cce7,11.7
4366,2019-08-04T11:06:12Z,85ef35aecf2ff804be3d958b592705ec41c6df9c128c132c65bb283d,60.16897,24.95222,00000000aa852af1,18.79
4367,2019-08-04T11:06:12Z,87dfaad29a9276ddddb1fa021d3bc23ad14824c1af16f7d87e713689,60.14951,24.92138,0000000006dd41f6,9.92
4368,2019-08-04T11:06:12Z,88808fe92573e9cdf022cc15b9689b6b4b9429f60513c8897b0ba4c7,60.16897,24.95222,00000000aa852af1,23.56
4369,2019-08-04T11:06:12Z,89982a6acf91b79a282a6b63978e946ee205f303fcd20e944e06baf0,60.16544,24.95398,0000000038d83d41,27.28
4370,2019-08-04T11:06:12Z,8c3b1ed0846e38cc84b863a80540c8a75bfd85c8bdda36563d153110,60.16544,24.95398,0000000038d83d41,23.56
4371,2019-08-04T11:06:12Z,8c75c3289c84fe4493e1e272a77b615fe1985880c5dc68a7c1a17b53,60.16762,24.95415,000000006b44cce7,10.78
4372,2019-08-04T11:06:12Z,91d3b80de4439a4a49ddb8a04d72a0a2ec6c08f351d70232842af567,60.16762,24.95415,000000006b44cce7,27.28
4373,2019-08-04T11:06:12Z,92aae21a6e0dd2ff71fc591b64e878502bd4677b64ac413632e9f7c6,60.149,24.9843,00000000fffb8cf0,14.89
4374,2019-08-04T11:06:12Z,9843c6216661048343a0e49cf3d8aa2883cf77f452666a1c873a1052,60.16448,24.97323,0000000053c6c2be,14.89
4375,2019-08-04T11:06:12Z,9992834418850939882f3b334eee492eb98d4f9d6d6118f9ee108793,60.16762,24.95415,000000006b44cce7,7.69
4376,2019-08-04T11:06:12Z,a13e5d46f0a2d1c6b58878e1b198905e9b14e3a85b5e4adab88b4b87,60.16762,24.95415,000000006b44cce7,18.79
4377,2019-08-04T11:06:12Z,a91d379a4b57c5df22db0d7a041ff69f657b4b31f28554b1011fc03c,60.16544,24.95398,0000000038d83d41,38.87
4378,2019-08-04T11:06:12Z,b5fd6b317890e5ab2d79e2cd1abe61626d45a753c7337d0d40728898,60.16762,24.95415,000000006b44cce7,14.89
4379,2019-08-04T11:06:12Z,b936e41d8712ae967f3ebb413fc44f060bb10613f95537757886ede2,60.16762,24.95415,000000006b44cce7,7.05
4380,2019-08-04T11:06:12Z,bca443064699e0ac05c40e587aef06d7fd580817e739133a501490bc,60.14699,24.922,00000000a53ed894,20.28
4381,2019-08-04T11:06:12Z,bfcaefe93f7fcb6aad6e62e3da473a7b5b03a62db532dad02a7d3559,60.16762,24.95415,000000006b44cce7,10.78
4382,2019-08-04T11:06:12Z,c40c37def6bf11a63a2556519a7c6233fd417cdeea2cf14f28e7c42c,60.16531,24.9442,00000000fdda10fe,23.56
4383,2019-08-04T11:06:12Z,c97eb4181394121907d47b908495f54e5ee5145ff790f7a1dc21b3cf,60.16897,24.95222,00000000aa852af1,12.69
4384,2019-08-04T11:06:12Z,ca6927628f5ddda20036865c9345ad93d476d62ade3b181de568eed6,60.16897,24.95222,00000000aa852af1,21.87
4385,2019-08-04T11:06:12Z,cf05623e4d87ce0906c0b0b7dbf53aacc1228016cd27c341228b6e76,60.18203,24.91341,00000000342570c2,20.28
4386,2019-08-04T11:06:12Z,cfc0bedb78ded52749db3188cb188bf6a250ef5990da9c5afa9623fc,60.14951,24.92138,0000000006dd41f6,20.28
4387,2019-08-04T11:06:12Z,dbeb00942457ba3c5fb1984b57b1dedb268c0e761e80729b939f1fd8,60.16544,24.95398,0000000038d83d41,20.28
4388,2019-08-04T11:06:12Z,de70f4707e34262e09161e7b3a8459b6f250e5462f70ff48f3178bb9,60.16829,24.94214,00000000afef4555,23.56
4389,2019-08-04T11:06:12Z,e224ae5ea47af2e3048f83b13a1f45dc135c0ca6be72547b01729086,60.1538,24.95595,0000000038bf9618,25.36
4390,2019-08-04T11:06:12Z,e8e366e76c97944e23c0f80b4fd3ce6e5832744922297146a49f0c7e,60.16762,24.95415,000000006b44cce7,13.75
4391,2019-08-04T11:06:12Z,e96bd269a48b822b06141c3362fcb6d5ed4d0d09a120f2e4a712d5c2,60.16897,24.95222,00000000aa852af1,23.56
4392,2019-08-04T11:06:12Z,ed70dda6b7faebd4340dacdb452ab224d9d3c308df417b7fa76f54e8,60.14951,24.92138,0000000006dd41f6,21.87
4393,2019-08-04T11:06:12Z,f088630d7476dae7d4b7e2bb1f10575f2c89acb4b6e061f3d57c2b40,60.16531,24.9442,00000000fdda10fe,29.32
4394,2019-08-04T11:06:12Z,f30a5193aa7850aac581b8dd71512a8712c96f36fdef78d8292d4788,60.16762,24.95415,000000006b44cce7,6.46
4395,2019-08-04T11:06:12Z,f31cfded6f566f9c032c80c52ea642407be312c5d42521ab7a8d3e2a,60.16897,24.95222,00000000aa852af1,18.79
4396,2019-08-04T11:06:12Z,fc4f3a44235f1cfc7b53f14ba2da599976a5a0a220d23b852688e485,60.17919,24.95181,000000007b5207b6,9.12
4397,2019-08-04T11:06:12Z,0043f38f4fb6545d7c033c9a8f8c18106aa0c2c841f28a15dd722e9d,60.14699,24.922,00000000a53ed894,14.89
4398,2019-08-04T11:06:12Z,007540b1ada16f6000987e20cd81a3deb18b2aea4cb95b50e099dcee,60.17065,24.93641,000000000f4919c9,27.28
4399,2019-08-04T11:06:12Z,0236a1d5b9b9d2249407a79705eee38de360ceb0530a8959ba5bc15b,60.149,24.9843,00000000fffb8cf0,11.7
4400,2019-08-04T11:06:12Z,02a354db29cd5bc16976a9d933e03a41be350f9cc78098829a7dcfd4,60.14947,24.91438,000000004ef3150d,16.1
4401,2019-08-04T11:06:12Z,0495ba0a1c04e0262f37eaa32084a173acc00638a16e76bb922b97dd,60.16762,24.95415,000000006b44cce7,10.78
4402,2019-08-04T11:06:12Z,0625280cf414aa015aa8b4d504d6fc74879a1144b913e254fec5db9d,60.16762,24.95415,000000006b44cce7,9.12
4403,2019-08-04T11:06:12Z,0656a0c0a353f164b57fbdd9e648d71fab429964d97ed07ab2c5dc30,60.18203,24.91341,00000000342570c2,14.89
4404,2019-08-04T11:06:12Z,075816f7e47311876124622af2651ab2d401c74dfa7acf80d53ccce6,60.16829,24.94214,00000000afef4555,21.87
4405,2019-08-04T11:06:12Z,08b10b51864dc039f0a07c997e66e7a263ee1cde5b0b88b2a1178c58,60.16829,24.94214,00000000afef4555,13.75
4406,2019-08-04T11:06:12Z,096c3b0de1dab1407cd4d3330546404c0d62ce025924420496380f89,60.16762,24.95415,000000006b44cce7,7.69
4407,2019-08-04T11:06:12Z,0a949aafc0be15c68d73a5dd186d726aa6b921f44303a712ac6ddcb8,60.16762,24.95415,000000006b44cce7,7.05
4408,2019-08-04T11:06:12Z,0af61169cceddbd5c08068ba987231f31931944ac70a7335e59fce93,60.16897,24.95222,00000000aa852af1,23.56
4409,2019-08-04T11:06:12Z,0b45b52bc137c31ce83561c857f809296ec70f5537976a4a4d573d4f,60.16829,24.94214,00000000afef4555,7.05
4410,2019-08-04T11:06:12Z,0b49dcea1b7eab22f4ebd0c7666ded5b59fe092b8bdd4aa9eda6326d,60.16762,24.95415,000000006b44cce7,2.54
4411,2019-08-04T11:06:12Z,0c959027ce302054b09087cac97a83aa7e24fb9e4fa2710763f912cb,60.16829,24.94214,00000000afef4555,11.7
4412,2019-08-04T11:06:12Z,0d2490ed58c11eb4a754a30cc4bcb21c7243d322a2caf7cc360e4e8c,60.17065,24.93641,000000000f4919c9,20.28
4413,2019-08-04T11:06:12Z,0db98d8680214cff9c8fab718518b331dd107676ffaac602192a3654,60.149,24.9843,00000000fffb8cf0,29.32
4414,2019-08-04T11:06:12Z,0e113c5ed3abcdfb31d27c3125f6cf01e3b96e4ed7eca1aaea855f77,60.14947,24.91438,000000004ef3150d,16.1
4415,2019-08-04T11:06:12Z,0e9170bc93107bf16cd12839eca9ea157f19169d66085e8a435b0f1d,60.16762,24.95415,000000006b44cce7,4.94
4416,2019-08-04T11:06:12Z,1067b041807277ecf9cea5b55c265a37808239544e559e2cfdfcb3ce,60.16762,24.95415,000000006b44cce7,3.74
4417,2019-08-04T11:06:12Z,1107822441d53ff89eb9cb0d022a37202aed47bd82dca4bc175d6837,60.16762,24.95415,000000006b44cce7,4.94
4418,2019-08-04T11:06:12Z,116e59da308964e8eb82cb6e5a758aad726ec3800f0fa17bc661e8fe,60.16762,24.95415,000000006b44cce7,7.05
4419,2019-08-04T11:06:12Z,118cffafccf902fa0dea50f220191f4eb7938f02c841bd3952fa3484,60.16762,24.95415,000000006b44cce7,17.4
4420,2019-08-04T11:06:12Z,11c264249f83fc707e11ecd1ddb07b5e7c5f9404e285127ad7321303,60.17002,24.94407,000000006b087f40,27.28
4421,2019-08-04T11:06:12Z,1327ce24f157334f864f913637993c80380ce5f5c911e4b0d31c5eb7,60.149,24.9843,00000000fffb8cf0,2.3
4422,2019-08-04T11:06:12Z,1374f31e71652faf3e69316a295c22d59e560f15e35f42b003a89222,60.14699,24.922,00000000a53ed894,14.89
4423,2019-08-04T11:06:12Z,163dbc381da1ed6a59dda273955da51bb7f1216e1b8e226446d40e4b,60.1538,24.95595,0000000038bf9618,31.5
4424,2019-08-04T11:06:12Z,169c77f0d714e38eb1e798b14fa42ce3fefb0ec1d6f9e93a38a872f1,60.16762,24.95415,000000006b44cce7,5.91
4425,2019-08-04T11:06:12Z,17b39c4376c28dc9e1c1221de9d5037abfea5d59d30cdd48208fc3a8,60.16762,24.95415,000000006b44cce7,10.78
4426,2019-08-04T11:06:12Z,18adae8b6603c177e817d1e3b9ec79fcc0292682660b31bebc965a23,60.16762,24.95415,000000006b44cce7,9.92
4427,2019-08-04T11:06:12Z,1921be9815a57f11f291ca085add7b4bf1d044518b03b725df7cf7d5,60.149,24.9843,00000000fffb8cf0,20.28
4428,2019-08-04T11:06:12Z,19db84758eba08a5f9bb56b0ff91d05286765c8e8dfa31bd0b2aaa1c,60.14947,24.91438,000000004ef3150d,17.4
4429,2019-08-04T11:06:12Z,1a06b5f7f305badd45e93db9d86d76ed3a2a96ec55ec47c836921e3e,60.16762,24.95415,000000006b44cce7,12.69
4430,2019-08-04T11:06:12Z,1a9a0f74c353624c42c19c007e82c9c2547b7285d8353d0e375e3f05,60.14699,24.922,00000000a53ed894,4.5
4431,2019-08-04T11:06:12Z,1c38009e9b89bd8b0d6744bf54ebae9a8ad2dc2868cdfc3f2e399509,60.16829,24.94214,00000000afef4555,20.28
4432,2019-08-04T11:06:12Z,1c8c3befa38b65f707dd4933a68e5e3c9e7c82592fd382779127416b,60.16897,24.95222,00000000aa852af1,29.32
4433,2019-08-04T11:06:12Z,1cd41cce1f4ab7bd3267071cbc1fa4eb84eb8c65d29e84354010846d,60.16762,24.95415,000000006b44cce7,18.79
4434,2019-08-04T11:06:12Z,1ce242f8d8220cd38bf3ea9138c99ae9b2f79b28e68edb864f090ec9,60.149,24.9843,00000000fffb8cf0,20.28
4435,2019-08-04T11:06:12Z,1f6e5095c2c365e120a526c9111895459bc08fb351b964a350cdb64f,60.16762,24.95415,000000006b44cce7,14.89
4436,2019-08-04T11:06:12Z,1fa2c533bba37b249a0105001153733e67a559d40c22cab67f135f64,60.14947,24.91438,000000004ef3150d,3.09
4437,2019-08-04T11:06:12Z,227b93698b29687beea48184f42aab63a21fa362af7251be32db2e15,60.16531,24.9442,00000000fdda10fe,3.4
4438,2019-08-04T11:06:12Z,23786c82e2641aed0e0b004658480a212bf0397568e914487819045c,60.16897,24.95222,00000000aa852af1,16.1
4439,2019-08-04T11:06:12Z,23b4a8c7918ca417eab83481a710fd544e1fa8bf7073b5955c0155c8,60.14699,24.922,00000000a53ed894,12.69
4440,2019-08-04T11:06:12Z,23f10190151386d4050571cb299410bc0285ed980b0a00f088e01cf0,60.16762,24.95415,000000006b44cce7,10.78
4441,2019-08-04T11:06:12Z,2535cb5c89ec66044a005b03dd769ca8d0022164a816c06db0e49892,60.16762,24.95415,000000006b44cce7,13.75
4442,2019-08-04T11:06:12Z,2671a156fa8d8bb05970481c8f83bcf9f261f73dae27f2bb9ac88aeb,60.14699,24.922,00000000a53ed894,11.7
4443,2019-08-04T11:06:12Z,2724e42551f43106ea58a8fcc6a43953baa1294cd65e17a90012f706,60.17065,24.93641,000000000f4919c9,0.28
4444,2019-08-04T11:06:12Z,2977d3c4f181abb6662adf1d466a62167e2690a9c94dc53e5aa6a904,60.16762,24.95415,000000006b44cce7,8.38
4445,2019-08-04T11:06:12Z,29f5adc4d67413b7d368e8e94a41cf48339e3f5f0903f660170c4fe8,60.17919,24.95181,000000007b5207b6,11.7
4446,2019-08-04T11:06:12Z,2a334446463c0c30b6183affed3493e5b0fefc5fae3085991b3159ea,60.16829,24.94214,00000000afef4555,20.28
4447,2019-08-04T11:06:12Z,2a80aed2c40e7e70ca12152ac812abd79aa1d13efcec25a6d3395136,60.16762,24.95415,000000006b44cce7,9.12
4448,2019-08-04T11:06:12Z,2b340ca3416f2ba214d44853ad0495223a557eb6b61baca53fd7dc54,60.16829,24.94214,00000000afef4555,17.4
4449,2019-08-04T11:06:12Z,2c85e4140ca0ba77c3598ceac05eb2c2342409ce8111c863fc58c606,60.16829,24.94214,00000000afef4555,0.84
4450,2019-08-04T11:06:12Z,2ccaeb30423977ff22b6afc29243b861b476a5f4ffafdf200d326d78,60.17002,24.94407,000000006b087f40,29.32
4451,2019-08-04T11:06:12Z,2de87ef94604fb63bec05eefb71b6cdd0b9807f8551159c2a35e7259,60.17065,24.93641,000000000f4919c9,5.41
4452,2019-08-04T11:06:12Z,2e6e6f89a7d75f0742d016de203c9acc8d6f6bdeb7b56bd12f482653,60.15432,24.9211,0000000019fb59c4,18.79
4453,2019-08-04T11:06:12Z,2f83e4cad2d924faecb3def25f54727f3e612bc5040c493dd6eccb1d,60.16897,24.95222,00000000aa852af1,23.56
4454,2019-08-04T11:06:12Z,2fe2e4165984d7880628aec591ce4747f18947da70312e6afca2946b,60.14699,24.922,00000000a53ed894,13.75
4455,2019-08-04T11:06:12Z,303e51dd6e5cca35a9f9f76fbe8ef97bd64a9dc6b4e965b1f74ca279,60.14699,24.922,00000000a53ed894,17.4
4456,2019-08-04T11:06:12Z,30bee351808d5e8082ce012b57f5bc0efc80f8394491a182e0eeee32,60.17918,24.95141,00000000675d5200,16.1
4457,2019-08-04T11:06:12Z,31659a798f1d780d587f07390c038a78fafa6cabb8180dba635863ce,60.17002,24.94407,000000006b087f40,13.75
4458,2019-08-04T11:06:12Z,3226c88241c6ac9d643c1843f44b6e5ee10df5f15a695e360582a9be,60.16829,24.94214,00000000afef4555,21.87
4459,2019-08-04T11:06:12Z,3262259981b4d615793e8692d3b8461ab7cc2c63789b0ce72c75075f,60.17919,24.95181,000000007b5207b6,21.87
4460,2019-08-04T11:06:12Z,32f77f5019e5fce30881c214487361e2e34b8c93277f6e546de72012,60.1638,24.96846,00000000d747f075,20.28
4461,2019-08-04T11:06:12Z,33008d1586e53cb38d80e4042fa71162b829e54bd7fc5deb62c762dd,60.16762,24.95415,000000006b44cce7,25.36
4462,2019-08-04T11:06:12Z,33a5da4eacfc49fefa067790c9fada1a86d9793367ded845a46f0779,60.16829,24.94214,00000000afef4555,17.4
4463,2019-08-04T11:06:12Z,3417d8a6b53687e70f126ebeb1d26a2ff6369dc9a551c3c35c5a04f9,60.17002,24.94407,000000006b087f40,13.75
4464,2019-08-04T11:06:12Z,35e26a55ffcf023f80c64d570297932cbeabb750c9f72ba981e2f66e,60.16762,24.95415,000000006b44cce7,16.1
4465,2019-08-04T11:06:12Z,3670a148a52771f0ff5af161725f65b86873c09eea1a7697861c0438,60.14699,24.922,00000000a53ed894,21.87
4466,2019-08-04T11:06:12Z,374083907dd8980893623726af5633afd59b519c885ad12ba5c674eb,60.17002,24.94407,000000006b087f40,7.05
4467,2019-08-04T11:06:12Z,386dea4944e0b83648b4b6faf510fd47b0e9e29a2bb9311fe8a80ee2,60.17918,24.95141,00000000675d5200,13.75
4468,2019-08-04T11:06:12Z,3ac85712ab657e849113d439795c4e7325d1025cacdbd9a41174b031,60.17002,24.94407,000000006b087f40,23.56
4469,2019-08-04T11:06:12Z,3ac9d056b0f04f774b238a125eb996d46437f7a8c5f6ba6712e971cf,60.17918,24.95141,00000000675d5200,8.38
4470,2019-08-04T11:06:12Z,3b355c039877bd4883845f3fc6ad8dd6f41f170274042f1397585680,60.149,24.9843,00000000fffb8cf0,21.87
4471,2019-08-04T11:06:12Z,3b5030adc7c303403a6333a1a6d35474c2f21c1d20ece72180660423,60.14947,24.91438,000000004ef3150d,13.75
4472,2019-08-04T11:06:12Z,3bd8214bd5284efaf354ec2a0dd2847f6051ceaace6a2691ff085d3d,60.17065,24.93641,000000000f4919c9,16.1
4473,2019-08-04T11:06:12Z,3e36420df19c06796a79acdad84551653de9b0132cb0987329f75291,60.16897,24.95222,00000000aa852af1,8.38
4474,2019-08-04T11:06:12Z,3f5d3aed90718f7fb8e8a13ac7002718cc22cbe190beb96821ba52e6,60.17065,24.93641,000000000f4919c9,20.28
4475,2019-08-04T11:06:12Z,3f67c6713a6cca446a46616c9970c7a2ddffb03f21e10c8ea9b2f380,60.16897,24.95222,00000000aa852af1,16.1
4476,2019-08-04T11:06:12Z,3fe4e214448b0c9a8dfbee81c347d82a8f0b26859201fb1d77f40fa9,60.16762,24.95415,000000006b44cce7,10.78
4477,2019-08-04T11:06:12Z,42d34a6c595760e51052178acc978bdb2b6348e0405f7b58c57f0915,60.16829,24.94214,00000000afef4555,9.12
4478,2019-08-04T11:06:12Z,4472fa277123afabdf2402fc2a3c5bff2be437e6d56b590278de70fc,60.17065,24.93641,000000000f4919c9,31.5
4479,2019-08-04T11:06:12Z,448f6044c6c095d8c71341a0017dd6746f6e150f03af7c78b794308f,60.16762,24.95415,000000006b44cce7,9.12
4480,2019-08-04T11:06:12Z,44cd8828dd4aa11ea599139af3d3aafbcd09ca0c2558f26ed1c72e17,60.14699,24.922,00000000a53ed894,8.38
4481,2019-08-04T11:06:12Z,44d01b24bde0f8031d7cf15bb66e661ad9bd92807f3213fabf920fa1,60.16762,24.95415,000000006b44cce7,2.3
4482,2019-08-04T11:06:12Z,4538bf4d0ca02f13fad76c46f7b34e72978c49b0cdfe4ea9fe151a50,60.16762,24.95415,000000006b44cce7,5.41
4483,2019-08-04T11:06:12Z,45974834f8580a2d279e57d00bf84ad9b79ed02d5ca9d945c40a8e36,60.16762,24.95415,000000006b44cce7,10.78
4484,2019-08-04T11:06:12Z,46b81e0dd10fe05195c050bacd41d57feeca0e044b6b317ac22a8656,60.16762,24.95415,000000006b44cce7,12.69
4485,2019-08-04T11:06:12Z,47cd1dcac88434ffdc4b868e7f1d8d8a604700564bc83a7c0a3928be,60.16762,24.95415,000000006b44cce7,6.46
4486,2019-08-04T11:06:12Z,47eccbfb2db7bb200aacfdad7243168bd30714cc78da342bbe53df7b,60.16629,24.95957,00000000fb7600be,20.28
4487,2019-08-04T11:06:12Z,47f787c639f2eed345eb5dca409ffcd989850399a1ab781500dd6e82,60.17919,24.95181,000000007b5207b6,7.69
4488,2019-08-04T11:06:12Z,4800d49ec59e1cde34360defcce4c2a0c6a58919303c1fe6fdebceec,60.16762,24.95415,000000006b44cce7,11.7
4489,2019-08-04T11:06:12Z,4833b1ea4f519407574f5a838d93a39de28c756c5f53de7ee273b577,60.14947,24.91438,000000004ef3150d,6.46
4490,2019-08-04T11:06:12Z,49b391c05bd4e5231579392d798036a0139a8ea4e4d4509a7cb3901f,60.16829,24.94214,00000000afef4555,9.92
4491,2019-08-04T11:06:12Z,4a2286eca689d9c867cfa19d43b9b917d29769b66b9e0a968f6c3859,60.16897,24.95222,00000000aa852af1,18.79
4492,2019-08-04T11:06:12Z,4a54cbed9c373a4136f8851f3f5736eb2fadd5766d316eb5ebbdd231,60.17918,24.95141,00000000675d5200,12.69
4493,2019-08-04T11:06:12Z,4ae4a5331747d994953667cd06d4c999d9cf71885574c3cc473620f8,60.16897,24.95222,00000000aa852af1,18.79
4494,2019-08-04T11:06:12Z,4b5b3e8f2b484bc08b196c265f65c70151bd69f6263318eb29125db2,60.16829,24.94214,00000000afef4555,1.38
4495,2019-08-04T11:06:12Z,4cf634fc84e128c3b9bce07a4b726d136e18f0eea4229fdbb48f6db1,60.16897,24.95222,00000000aa852af1,18.79
4496,2019-08-04T11:06:12Z,4d31b0561dbfc9ef5acbd44ba92acb4ca7bad86b948634f005173ece,60.14699,24.922,00000000a53ed894,14.89
4497,2019-08-04T11:06:12Z,50a06af190dfb27cbd4d6ca55980b1379ec795af8b9e5ebc00d73257,60.16762,24.95415,000000006b44cce7,7.69
4498,2019-08-04T11:06:12Z,51789c3026ccfe7e846e44fcd833d006941c2789b9693c77df5a7c98,60.16762,24.95415,000000006b44cce7,9.92
4499,2019-08-04T11:06:12Z,52daa31a2b3c1c07f78d96ebb4de3a965da5ef0a8035afbd0f7451fb,60.16531,24.9442,00000000fdda10fe,20.28
4500,2019-08-04T11:06:12Z,541f330d2ded03609f551d02b8149da9cd07ee36aeee630f8fc9de8c,60.14699,24.922,00000000a53ed894,29.32
4501,2019-08-04T11:06:12Z,542a405b620e6d166ecc5eadd979b3936d831cea3aa7b75316adb4ca,60.16897,24.95222,00000000aa852af1,13.75
4502,2019-08-04T11:06:12Z,55f047531784bdfb349239ad705090dfe4fce836942569dac1d34cd3,60.16762,24.95415,000000006b44cce7,18.79
4503,2019-08-04T11:06:12Z,56101419005237b836e4ed14d91dfa6f9edc4c92b5fcb419943897bb,60.16762,24.95415,000000006b44cce7,7.69
4504,2019-08-04T11:06:12Z,56318cc7f3616fceec2564cbb1f6ca8b88ea861935a1ada93aafd7b0,60.16897,24.95222,00000000aa852af1,11.7
4505,2019-08-04T11:06:12Z,565a35900ed1794a9d566f6fc12f2710875a10eb7c8e6fa0ddd92626,60.14699,24.922,00000000a53ed894,18.79
4506,2019-08-04T11:06:12Z,571934189bf349efb6f596e76c21612cf9b82ed44913090169936048,60.17065,24.93641,000000000f4919c9,10.78
4507,2019-08-04T11:06:12Z,584cb0b0cdd14e608c8b57c8aecc9826f9b40027e365e2438a444ea2,60.16762,24.95415,000000006b44cce7,12.69
4508,2019-08-04T11:06:12Z,59b87e6921598d25b092b66e140328fa03c9f06fe4e697dd344f378a,60.17002,24.94407,000000006b087f40,21.87
4509,2019-08-04T11:06:12Z,5a6d2f34f7f677bf47ee3d08ac1371b3ad3d7f7f027685cf4740ab78,60.16762,24.95415,000000006b44cce7,4.11
4510,2019-08-04T11:06:12Z,5a730ea19664020323272509e5443616ea3f1cecd7b295e294be4ba7,60.14947,24.91438,000000004ef3150d,29.32
4511,2019-08-04T11:06:12Z,5a755f0653ee0e334448418099ed85023db0a9984c280cfbadd74160,60.173,24.92524,0000000096918cfa,33.81
4512,2019-08-04T11:06:12Z,5c404f374a48548bfe8b02859d12ae59c4ae608fae2139fd71ef51b1,60.16762,24.95415,000000006b44cce7,11.7
4513,2019-08-04T11:06:12Z,5d9aa6fcb0d81ceaa80ca13cc08a88138be517656646e0ba0942ce46,60.16897,24.95222,00000000aa852af1,20.28
4514,2019-08-04T11:06:12Z,5e0289eb3bdaad8fcb5f57629501df80b5925a8829d5d1fdeb73caae,60.16629,24.95957,00000000fb7600be,23.56
4515,2019-08-04T11:06:12Z,6022019a95573b888ca7b3161da098935ea0ad7793437ee40a32a5f3,60.14699,24.922,00000000a53ed894,9.92
4516,2019-08-04T11:06:12Z,610d37641cb326502fe1981e6312ae786d40bfbdae28e94223958480,60.16762,24.95415,000000006b44cce7,20.28
4517,2019-08-04T11:06:12Z,6138e6ab3e1e74425af8945a6fcc294c1469a0b9c448b780bcf9d2e2,60.14699,24.922,00000000a53ed894,20.28
4518,2019-08-04T11:06:12Z,62d86ee13e6ae7a5c41ffc2de746df72d4ef6e8d2b6a51ce1c68965f,60.16829,24.94214,00000000afef4555,21.87
4519,2019-08-04T11:06:12Z,62e27092b58abcaf80564c408d0d4a7b821abaee92dc2f02ccb11e61,60.16762,24.95415,000000006b44cce7,5.91
4520,2019-08-04T11:06:12Z,63e498fd789abe431cdf86f184a50616c85717e1efc893da1e1a2222,60.16897,24.95222,00000000aa852af1,20.28
4521,2019-08-04T11:06:12Z,642854fedcb321ee00b4d97213dec89eceebdf9bf1641d8f90533887,60.16829,24.94214,00000000afef4555,21.87
4522,2019-08-04T11:06:12Z,6516dabf89c263b3e81ba60bcba8052b571d4c12484126d3a5f20ef1,60.149,24.9843,00000000fffb8cf0,29.32
4523,2019-08-04T11:06:12Z,658aacab016460cfc38879944e374640737b32d7291a40aed8b8845c,60.16897,24.95222,00000000aa852af1,33.81
4524,2019-08-04T11:06:12Z,6656d2ce0a18f92aca4d99810ecaefe94dbe9a0e2ea987f1702aeecb,60.16762,24.95415,000000006b44cce7,8.38
4525,2019-08-04T11:06:12Z,66755836036c771e53ffd9d0dc09b8575231b53b80af22e868691a2a,60.14699,24.922,00000000a53ed894,4.5
4526,2019-08-04T11:06:12Z,6770188bfb70997d029b95fe32bafef6ca944778a3f1a35d0fa674b8,60.16829,24.94214,00000000afef4555,25.36
4527,2019-08-04T11:06:12Z,697103160f0b3dc0ba38ccdd18203ae84ec35fc314322d1172c093b2,60.16829,24.94214,00000000afef4555,31.5
4528,2019-08-04T11:06:12Z,69852d528034ea6fc746ed8942c32f1c90bc33a7a7317dfac3c9b1c1,60.14699,24.922,00000000a53ed894,9.12
4529,2019-08-04T11:06:12Z,69d8c906060e226ff0f0f7e78029575f2ee07ebec657a3b641419268,60.14699,24.922,00000000a53ed894,9.92
4530,2019-08-04T11:06:12Z,6ac1903c80e63433e4bc744dc0e801bff647117d38d3753fb9a6a4c1,60.173,24.92524,0000000096918cfa,17.4
4531,2019-08-04T11:06:12Z,6b3836e78400caa9d7373678bf33faf8b137556c7ee47e73251c3e4a,60.14699,24.922,00000000a53ed894,20.28
4532,2019-08-04T11:06:12Z,6c3dd68b68d5b3caa20f92e5ea004b0298abbddd5e35caca508262e9,60.16448,24.97323,0000000053c6c2be,27.28
4533,2019-08-04T11:06:12Z,6c97da4ba9462e7fe786a472989dab23340d31809dd78d5617204da4,60.16829,24.94214,00000000afef4555,10.78
4534,2019-08-04T11:06:12Z,6e2fbf091d5c86667e060d7ec44f48f0f5d7b1d55b1899f2939f247a,60.16762,24.95415,000000006b44cce7,4.11
4535,2019-08-04T11:06:12Z,6e492dbc3f10157e7ff00826a839a97262ab36244ccc57b702a89999,60.16531,24.9442,00000000fdda10fe,3.4
4536,2019-08-04T11:06:12Z,6faf62fbff92729472d61bc9a13a5e72833e55bf713863161f8ca9cb,60.15432,24.9211,0000000019fb59c4,38.87
4537,2019-08-04T11:06:12Z,700c14fe35186c01f82d0f13e99678e0c1db2b2fd58051b08fda606a,60.16448,24.97323,0000000053c6c2be,27.28
4538,2019-08-04T11:06:12Z,70ffae2b8178e0915c5de7816f8dd8bcc3af745ee49df8ac4da4adba,60.17918,24.95141,00000000675d5200,21.87
4539,2019-08-04T11:06:12Z,714e80a1e3c0fee43e312f314b2faec47e582ee8dac47e4818dbc2f9,60.149,24.9843,00000000fffb8cf0,12.69
4540,2019-08-04T11:06:12Z,71c1367c7dea4dfa243172e02b9092c7a0810bef003216681759891e,60.16897,24.95222,00000000aa852af1,23.56
4541,2019-08-04T11:06:12Z,72b4055182e6b02751fa4daaf8f21f6dcd2042bb9c76c98fa317e24a,60.16897,24.95222,00000000aa852af1,23.56
4542,2019-08-04T11:06:12Z,730d975773cc8c9c07ff88fb87377ff64a961a96e9237e59859fa46f,60.16762,24.95415,000000006b44cce7,10.78
4543,2019-08-04T11:06:12Z,738973c9b5f9882f29075e47ca10e50ba3fb9883da779f41545175f4,60.17918,24.95141,00000000675d5200,2.08
4544,2019-08-04T11:06:12Z,73f9caa620c77e880d8973e260936b1114db9c96de6accf8398ccec0,60.17002,24.94407,000000006b087f40,18.79
4545,2019-08-04T11:06:12Z,74c2ec2adc228e5b4979284d730fd2de698242f0f06d90f870b8cde6,60.16762,24.95415,000000006b44cce7,3.09
4546,2019-08-04T11:06:12Z,74cb545f76f0bfc5498607247e26e814276a11ce91f77208054ecbc5,60.17002,24.94407,000000006b087f40,41.64
4547,2019-08-04T11:06:12Z,759aaf9d899626d0820fa4f693a428bf1968b69fa22d3f27def7058f,60.1638,24.96846,00000000d747f075,36.27
4548,2019-08-04T11:06:12Z,77964c48bd2a8658eeedae4be816422b0ef0be1ee1b6f9093b47f14e,60.14699,24.922,00000000a53ed894,13.75
4549,2019-08-04T11:06:12Z,79bde23c1a8980f93a65e14306f0d8ea89e164430d8b991e2bfee82e,60.16531,24.9442,00000000fdda10fe,16.1
4550,2019-08-04T11:06:12Z,7afc351f0ed7619c18c64ab06971196bb53d53e2d460151ab711bc0f,60.16762,24.95415,000000006b44cce7,9.92
4551,2019-08-04T11:06:12Z,7bb434564bd2430d4e1fff5a245098d487317d3e7e7edde956307d45,60.14951,24.92138,0000000006dd41f6,18.79
4552,2019-08-04T11:06:12Z,7c55ecf165387948602e82b684a55be093691849fde2d96ad6574475,60.17065,24.93641,000000000f4919c9,21.87
4553,2019-08-04T11:06:12Z,7e78b2348d9576c63ebb626030ee9d43e2bf07e860782adf3f1c452b,60.16829,24.94214,00000000afef4555,23.56
4554,2019-08-04T11:06:12Z,7eefc5581c616491b78192b28b519ba727dc884a87bc06b8df1ea4f2,60.14699,24.922,00000000a53ed894,14.89
4555,2019-08-04T11:06:12Z,7f546f0776433ed1b76ea74186c0aad95eca5439e6cefda07922ef14,60.16762,24.95415,000000006b44cce7,7.69
4556,2019-08-04T11:06:12Z,7f95126e2fe39b74b61f9df1002b58453d22fe79458cebfeed9b9982,60.16829,24.94214,00000000afef4555,12.69
4557,2019-08-04T11:06:12Z,80ffa6235c9fd84bd35d46706c7d0c4126ee0e241a070c5ae5f30d14,60.16762,24.95415,000000006b44cce7,14.89
4558,2019-08-04T11:06:12Z,822590bd49bcf7ed4de4f8389586915c343b29c4283ff8b90d7c1d39,60.17065,24.93641,000000000f4919c9,11.7
4559,2019-08-04T11:06:12Z,82ac749474448abac333d00869cb8b508872f86293913d95eae26a05,60.15432,24.9211,0000000019fb59c4,5.91
4560,2019-08-04T11:06:12Z,82cddd3b9f58762d36efe78da4e2722ee587cfdb3fdbc58b52673082,60.16629,24.95957,00000000fb7600be,12.69
4561,2019-08-04T11:06:12Z,844b8ad6ebf530978d1139d527a681991f4d3eed6be5bc723f0b2192,60.16531,24.9442,00000000fdda10fe,1.12
4562,2019-08-04T11:06:12Z,8452ada2a714598cdd911988eec301cf7bccb236b29686e0e8b1d0ed,60.1538,24.95595,0000000038bf9618,21.87
4563,2019-08-04T11:06:12Z,85b440c4e1125b1e2531499de3b19b82ae4b7eabb4d89c63c97fa83b,60.16829,24.94214,00000000afef4555,25.36
4564,2019-08-04T11:06:12Z,87ecec345b34dca4db86cbd66248eeb829282d0cc54caff92455dff2,60.16762,24.95415,000000006b44cce7,4.5
4565,2019-08-04T11:06:12Z,87f4cf4baea8c5dfe1bc7812cc969574058bd4d2dda215192bcfc53f,60.14699,24.922,00000000a53ed894,3.4
4566,2019-08-04T11:06:12Z,886032718e05487be8bd75bb14464814044c7edd7f9a2198304f6fb4,60.16629,24.95957,00000000fb7600be,17.4
4567,2019-08-04T11:06:12Z,88ee7d98af3d9470df5daf433cfa0405f6225cb56b98b7c48d260fd4,60.17002,24.94407,000000006b087f40,17.4
4568,2019-08-04T11:06:12Z,8bffe034066821502092859341756212a0dcb6b2c605852c0c40fdeb,60.16762,24.95415,000000006b44cce7,6.46
4569,2019-08-04T11:06:12Z,8c4e4851db86ec4a3ce29a58be770eb29c38b9a983351bb67d781982,60.16897,24.95222,00000000aa852af1,21.87
4570,2019-08-04T11:06:12Z,8ca6cbf91a04db796810f40ee019369f331d79472e4acd09f75cbac8,60.16829,24.94214,00000000afef4555,18.79
4571,2019-08-04T11:06:12Z,8dae8c39d58b18df713713239222f2d512c9e912893f774a8db6a124,60.16629,24.95957,00000000fb7600be,25.36
4572,2019-08-04T11:06:12Z,8ee30fda8736b8e18a2cdb754676659240bc520a57727b9635630f22,60.1538,24.95595,0000000038bf9618,25.36
4573,2019-08-04T11:06:12Z,91602a694bc74a2874ba7f02a7bae062a3a77cd869b86a74800415b8,60.17918,24.95141,00000000675d5200,12.69
4574,2019-08-04T11:06:12Z,92df20d921f76c63470e3f5afbe201d3ae15f5133f66c291db796082,60.16629,24.95957,00000000fb7600be,20.28
4575,2019-08-04T11:06:12Z,93272ad17155ea9499641eda7c5560691582116096278b82738ab21e,60.14699,24.922,00000000a53ed894,4.11
4576,2019-08-04T11:06:12Z,93be2ffbdd44740291e9e0b73792e85df915264539f1f8f2e7ec7235,60.16629,24.95957,00000000fb7600be,16.1
4577,2019-08-04T11:06:12Z,951482f3e2e41b496e34885c346c4a7ab09427178119caa9b8bbcbb6,60.14947,24.91438,000000004ef3150d,11.7
4578,2019-08-04T11:06:12Z,96b6fbb458fa515d6fe57ba056a91d6be76290d0cffe0b5f701ed098,60.18203,24.91341,00000000342570c2,13.75
4579,2019-08-04T11:06:12Z,97490f522f1a0226c8f7e8ed7bca08dd71b63d80b46d38020127b868,60.14699,24.922,00000000a53ed894,12.69
4580,2019-08-04T11:06:12Z,9759894c6f46d9e82992282b211a84549983c7a9995cd91fb1178818,60.16829,24.94214,00000000afef4555,16.1
4581,2019-08-04T11:06:12Z,998ac46ad73c197bab1f36dca67d8bcaa3aca92249185a5e3715043f,60.17065,24.93641,000000000f4919c9,14.89
4582,2019-08-04T11:06:12Z,9aa588cb6f425117e45726b6b9adb7ef86c8f7c8113b547dc61f068a,60.16897,24.95222,00000000aa852af1,12.69
4583,2019-08-04T11:06:12Z,9ab0a60cb60531417ac6ec5ebc6ef591d2f39019c6b0bcb5a89101a2,60.14699,24.922,00000000a53ed894,5.91
4584,2019-08-04T11:06:12Z,9b4b0705e58750d2bcbd71ad65d85677f7e77db5dfe69d1a70b5d31f,60.17919,24.95181,000000007b5207b6,23.56
4585,2019-08-04T11:06:12Z,9bc50d931d6c1678284177395958d15f05b45d60ae7bc09fe1e1694e,60.16762,24.95415,000000006b44cce7,6.46
4586,2019-08-04T11:06:12Z,9bef562c292174f1eb3933116effff74a8733a78e5c1df140de3fd6c,60.17919,24.95181,000000007b5207b6,10.78
4587,2019-08-04T11:06:12Z,9c3b5efa3a54990a49d4e9936cffd7d917f148932ce838158fe147ba,60.1638,24.96846,00000000d747f075,36.27
4588,2019-08-04T11:06:12Z,9f1920350685b4cb747c535ba3c3dc1cb29587668bd507ab96e5692f,60.16629,24.95957,00000000fb7600be,17.4
4589,2019-08-04T11:06:12Z,a1439b6683d0598c7a05080c3693a17c198f7b8c3297c77324ef4859,60.16829,24.94214,00000000afef4555,0.34
4590,2019-08-04T11:06:12Z,a20a11944d9440f1f8e4ea6262408f673f2a8380c4e13dda1a073d8d,60.16897,24.95222,00000000aa852af1,11.7
4591,2019-08-04T11:06:12Z,a25b897b52089b243421b68349d3f15e60ce8249d11c889a4626bfc7,60.18203,24.91341,00000000342570c2,25.36
4592,2019-08-04T11:06:12Z,a2f0adf51cb9d2a5417cc0797183513a8bbcecfbc717a1b63e42027d,60.16762,24.95415,000000006b44cce7,6.46
4593,2019-08-04T11:06:12Z,a30740fbf4b7e21f6fe2996e9325c90936de161cb2165e87cd96fd35,60.149,24.9843,00000000fffb8cf0,4.5
4594,2019-08-04T11:06:12Z,a3664d77633807788598dd8d4a7ba8caba2c31bfdcb6ba83651d4e7e,60.173,24.92524,0000000096918cfa,9.12
4595,2019-08-04T11:06:12Z,a3c1a4a58b9381c27b1d5076e0d8d72039afccfb0e58438a80247324,60.16762,24.95415,000000006b44cce7,9.12
4596,2019-08-04T11:06:12Z,a44eda7b8ec58e1cd7c078a73c4da7fb0037d59453aa6bfe69b7cbdd,60.16762,24.95415,000000006b44cce7,3.4
4597,2019-08-04T11:06:12Z,a488d8700d0761c51d771677bb82a9a5bbb86e97e0d5835aeff65d2b,60.16629,24.95957,00000000fb7600be,16.1
4598,2019-08-04T11:06:12Z,a50e0bb8fd1ad4ad264c3246b210a0c6285faae591c1bd2c2c3458af,60.16829,24.94214,00000000afef4555,23.56
4599,2019-08-04T11:06:12Z,a5835ce352a1e6d8fb6bdc410fae1076c756f7dac8e202465add9277,60.16762,24.95415,000000006b44cce7,12.69
4600,2019-08-04T11:06:12Z,a5d632ac8ffc19a626de034d3c9444fd262ee6edada285c816ea9266,60.16531,24.9442,00000000fdda10fe,6.46
4601,2019-08-04T11:06:12Z,a8c4f6feb3636400ed19b5c49ae86a45245705fee6a9f615c191f889,60.16829,24.94214,00000000afef4555,27.28
4602,2019-08-04T11:06:12Z,aa4547c0b6b8be30776e08d524ceeacfbc9930ad720e11fa4cb20882,60.16531,24.9442,00000000fdda10fe,0.84
4603,2019-08-04T11:06:12Z,aa45859d6157e9e86470ec8b81957acc35bafb1b7f419d79357a38cf,60.16829,24.94214,00000000afef4555,9.12
4604,2019-08-04T11:06:12Z,aa5e2805ac91707a9e8de48bade5510f72d95136ec930e052d9cada8,60.16762,24.95415,000000006b44cce7,9.12
4605,2019-08-04T11:06:12Z,ab1377ddf669bb806f8db586f4ce5ab9f0f4257dda61fe800d8509f5,60.17065,24.93641,000000000f4919c9,9.92
4606,2019-08-04T11:06:12Z,ab7697ba77150d46c95d1b02fef085ed91925d425393d8ad1097adcc,60.17002,24.94407,000000006b087f40,27.28
4607,2019-08-04T11:06:12Z,acb3f63fe0879b2640a9d68a248a15f85777e30652945d7740bb95f4,60.16762,24.95415,000000006b44cce7,9.92
4608,2019-08-04T11:06:12Z,add92af5006cee56f2da79112486b97d5a7c06f12252676b7638064d,60.16762,24.95415,000000006b44cce7,14.89
4609,2019-08-04T11:06:12Z,ae3cda5066e455d4b1e58860e8fb7a35efad69b9964a676b476b0687,60.14947,24.91438,000000004ef3150d,3.09
4610,2019-08-04T11:06:12Z,b2298fc6f63c02481610f9aef24f1a0c1711c255adc43c0fe135c1ca,60.14947,24.91438,000000004ef3150d,9.92
4611,2019-08-04T11:06:12Z,b26d0daac9f8fb84484cbd8ed668aeb6751e848b1c533a307d163360,60.16762,24.95415,000000006b44cce7,13.75
4612,2019-08-04T11:06:12Z,b3266ecf36a984b814e1b2d31b447438bd948a9c116721480104792f,60.16829,24.94214,00000000afef4555,18.79
4613,2019-08-04T11:06:12Z,b3306cd4af1d1a04ef09567c8908ad55c56d9bf6ec7c10af9aea3dea,60.17002,24.94407,000000006b087f40,27.28
4614,2019-08-04T11:06:12Z,b50b3c2006581bccfeaa9ea964649350c7d5b8177baa29a37e628584,60.14947,24.91438,000000004ef3150d,13.75
4615,2019-08-04T11:06:12Z,b59631b8902194c916f7d3ddcc02d4200a3de0380fa554d87e6856c0,60.17002,24.94407,000000006b087f40,4.5
4616,2019-08-04T11:06:12Z,b5cdbcdc30e0bf653ce353c867708b0067db5e394c8cbe848d978a77,60.14699,24.922,00000000a53ed894,9.92
4617,2019-08-04T11:06:12Z,b601cd655bb9f05aa6ec86fc9eb9300c3bc20bc0e856e94ad168a257,60.14947,24.91438,000000004ef3150d,4.11
4618,2019-08-04T11:06:12Z,b8fa848688a5668fb3f775eafe9b0be3f91e7451c2d4aa32b60986ef,60.16762,24.95415,000000006b44cce7,16.1
4619,2019-08-04T11:06:12Z,b9447a524f5b5bf98585b27b92195b09869ee9cd9da3cf8d2b59c57d,60.16829,24.94214,00000000afef4555,12.69
4620,2019-08-04T11:06:12Z,ba288a5fd2befbc9ed08e7876ad7cb2bd8bfe6f5756d2ffe8e2dc558,60.17002,24.94407,000000006b087f40,14.89
4621,2019-08-04T11:06:12Z,bac5abd66caf627f4579d5c2cddad074267cd5bac95bd0e68a1e1fb7,60.16897,24.95222,00000000aa852af1,18.79
4622,2019-08-04T11:06:12Z,bbf7d8b9085ddcd3b94f55f93b52cb40a251c44f5df4099ba5b61471,60.16829,24.94214,00000000afef4555,23.56
4623,2019-08-04T11:06:12Z,bc07df8cc395f6f4f5d483b2233caca5f93a6918f346e4cc3702f8cc,60.16531,24.9442,00000000fdda10fe,33.81
4624,2019-08-04T11:06:12Z,bdc8bd416444be70683b3475302093428e4abe14284e9579617fe8ea,60.1638,24.96846,00000000d747f075,31.5
4625,2019-08-04T11:06:12Z,bf1bf5222ce141fbaa484d3bbf568d521b90699d69ec5fc413c9d716,60.17002,24.94407,000000006b087f40,14.89
4626,2019-08-04T11:06:12Z,bf4235c977b63f07c70679988ae6990db3734c8bde50741c636155b9,60.16762,24.95415,000000006b44cce7,12.69
4627,2019-08-04T11:06:12Z,bfd5c2630b36fde15de01ea74e598d035402cf1edb7c9230617927e0,60.16762,24.95415,000000006b44cce7,2.54
4628,2019-08-04T11:06:12Z,c239e27b985c23449b6aa84b78560b1b4e535975f3ba059d7987efe4,60.16762,24.95415,000000006b44cce7,9.92
4629,2019-08-04T11:06:12Z,c27fee8ae8d689338b043608280c83cfa6f3276d3837ecea5f742dc3,60.16762,24.95415,000000006b44cce7,4.11
4630,2019-08-04T11:06:12Z,c2cc33e5b1b8d254d4bcbc0ffa13c9200676a39a191cc31a38d28d8d,60.17065,24.93641,000000000f4919c9,25.36
4631,2019-08-04T11:06:12Z,c2e135ad2c160277e290705658ac41d7cd35b11ebf61d829fdd0b428,60.14699,24.922,00000000a53ed894,8.38
4632,2019-08-04T11:06:12Z,c45e3c4e8ec0fc85457d3b4ed4c49ed0116b4cf447e2983f353abcd8,60.16829,24.94214,00000000afef4555,13.75
4633,2019-08-04T11:06:12Z,c4c3ad738ca47920bb66939f620126c87f730c644813158554916827,60.16762,24.95415,000000006b44cce7,10.78
4634,2019-08-04T11:06:12Z,c55894159f2080031cda702c78ee54463c3c15ab1b3638afdf687f08,60.16531,24.9442,00000000fdda10fe,6.46
4635,2019-08-04T11:06:12Z,c6b0ea433c3fdc73e0bac7e3faa2690506c4e8ec7fc54210446a7ffa,60.14947,24.91438,000000004ef3150d,9.92
4636,2019-08-04T11:06:12Z,c7ced11121537f55bcd7d7ab67312226dafe7c85320c5357a35d5ab7,60.17002,24.94407,000000006b087f40,21.87
4637,2019-08-04T11:06:12Z,c990a15d27cfc21e63b7c96b95949254f1194e8b27118386a589e2bd,60.16897,24.95222,00000000aa852af1,17.4
4638,2019-08-04T11:06:12Z,cb2f32be2e27fc44ead887ff7f76c0199bf68b2c6711e6880f4acd01,60.16762,24.95415,000000006b44cce7,14.89
4639,2019-08-04T11:06:12Z,cb835fd4fac726f1e4267acd6118f57b62a0444d69f948745a601682,60.16762,24.95415,000000006b44cce7,13.75
4640,2019-08-04T11:06:12Z,cd7d0e9404c9f4e8fab0742460b9acb4d5bbb97f44df80d4a8b973cd,60.17002,24.94407,000000006b087f40,6.46
4641,2019-08-04T11:06:12Z,cddbfc3b0a1459f0ea8d553779cf320d512cac6e64976182f2f0b3b7,60.16829,24.94214,00000000afef4555,20.28
4642,2019-08-04T11:06:12Z,cf241827513137f094cda8111245217a32612fdb8fdb573be6e1893d,60.16762,24.95415,000000006b44cce7,11.7
4643,2019-08-04T11:06:12Z,d04b5065ec93818b731141027d11e6a1cf53de69b9737d7aea0c34da,60.14947,24.91438,000000004ef3150d,7.05
4644,2019-08-04T11:06:12Z,d162ad46250f7d87af446db22df4aa6b2eb2bf22f83beca34e857743,60.16762,24.95415,000000006b44cce7,7.69
4645,2019-08-04T11:06:12Z,d2035ce81fa46947bdf02a20f297b2df4144c7c0931db02ab0164fa6,60.14947,24.91438,000000004ef3150d,25.36
4646,2019-08-04T11:06:12Z,d20f68571773330f7b6490b006b2e952c9912b4ee05e20f0fc434698,60.16629,24.95957,00000000fb7600be,23.56
4647,2019-08-04T11:06:12Z,d25e926dba8aa2c77f46ada32671b08b1176455c0e3693d160b87744,60.16762,24.95415,000000006b44cce7,14.89
4648,2019-08-04T11:06:12Z,d2e3bf982b10b2079eaa464127a286409c5030b21ffe9a2ce08bbb9c,60.16762,24.95415,000000006b44cce7,7.05
4649,2019-08-04T11:06:12Z,d2fd0c6415d2d8e49fef3415fb8747b524191b4400a4fbb66428cb12,60.14699,24.922,00000000a53ed894,16.1
4650,2019-08-04T11:06:12Z,d4c9ea46d58288bf42808788e668072465d91dd3c874a8a51de5794e,60.16897,24.95222,00000000aa852af1,13.75
4651,2019-08-04T11:06:12Z,d68f1946805ba3d30f9ba25280986fbe003f3b5dce7245b633e0cb5c,60.16762,24.95415,000000006b44cce7,16.1
4652,2019-08-04T11:06:12Z,d6a8c97f1ec18c7a90d3beae358bad67f8d53626258a852e15b08c5d,60.14699,24.922,00000000a53ed894,9.92
4653,2019-08-04T11:06:12Z,d71a315bac918f9a18fcd820731e6d9eb54fb0d01c324ca088ef8858,60.149,24.9843,00000000fffb8cf0,17.4
4654,2019-08-04T11:06:12Z,d7416b821dba1c0f495afe215dbe099173aedf90d0084084f6e485ac,60.16448,24.97323,0000000053c6c2be,27.28
4655,2019-08-04T11:06:12Z,d86f155736e4d36de5d33bdbb3b12b717b75de44852b93419af20945,60.16829,24.94214,00000000afef4555,13.75
4656,2019-08-04T11:06:12Z,d9a5b0033b928dc7932083909b29c0529a51ccc1c1cd9cad67c4306a,60.14699,24.922,00000000a53ed894,31.5
4657,2019-08-04T11:06:12Z,da2398acaae7f39c7b80c220d4e6917bdc7655f4c71b6e36d06cb859,60.18203,24.91341,00000000342570c2,18.79
4658,2019-08-04T11:06:12Z,db4d3f81708de827ce30c4130610fd65b4d6d451ca5cf6b0c4e745d9,60.16829,24.94214,00000000afef4555,21.87
4659,2019-08-04T11:06:12Z,dc4043efe103db9ce55ad4d987a45cf9821cdc3e63cf7b15b6d48baf,60.16897,24.95222,00000000aa852af1,17.4
4660,2019-08-04T11:06:12Z,dc534c1cb5eb7f34b6b57bd93c8d9acb2685ba264563f6f388d09923,60.16762,24.95415,000000006b44cce7,14.89
4661,2019-08-04T11:06:12Z,dc816e92e4a2eceea03f41fc379fda0e3d57b5d0fbd9a06430432022,60.16762,24.95415,000000006b44cce7,4.94
4662,2019-08-04T11:06:12Z,dc82f9648bb5ba21e766e0923f5fa7ca2d77662ab0edbe22a3d95631,60.14699,24.922,00000000a53ed894,8.38
4663,2019-08-04T11:06:12Z,dd8e0699822b1a8a3f8a91fcb10729f6f7cd0a4736f36dc60974c36e,60.16762,24.95415,000000006b44cce7,9.92
4664,2019-08-04T11:06:12Z,ddbe1c752edac7319f5080f5633828b88003cabf67ac8f89932643a7,60.17918,24.95141,00000000675d5200,20.28
4665,2019-08-04T11:06:12Z,de48adf9d49eb3bc1d61dea4047618f6c77086fc44bd2b535d56504d,60.16762,24.95415,000000006b44cce7,5.91
4666,2019-08-04T11:06:12Z,de71e27b55ef6f2f51f05838a2fcab596f1dd93a14ece5ce4548f5c7,60.14699,24.922,00000000a53ed894,12.69
4667,2019-08-04T11:06:12Z,e01908a975abc95425179eadafdba31d371f1d64674c967686df87a3,60.149,24.9843,00000000fffb8cf0,9.92
4668,2019-08-04T11:06:12Z,e081e4b3252ca91bbf1cbb70faa116d60317fbf3a991a67bc99b4bfa,60.149,24.9843,00000000fffb8cf0,14.89
4669,2019-08-04T11:06:12Z,e1da87aea335bcd04e4c876158b96ebc7ba4206bc216c3aa27a2f4af,60.17919,24.95181,000000007b5207b6,3.4
4670,2019-08-04T11:06:12Z,e305610124e16ed1411a221b29ce69a076cc47982efd6c098b0599ab,60.14947,24.91438,000000004ef3150d,6.46
4671,2019-08-04T11:06:12Z,e44d7228cecbdb2474e1cc396a6c13943f09c08c19d0ffab1997d509,60.17919,24.95181,000000007b5207b6,13.75
4672,2019-08-04T11:06:12Z,e53a901aed874016e1cd1ed3e9b2891fca850986cb2fa04f5162cf52,60.16762,24.95415,000000006b44cce7,1.01
4673,2019-08-04T11:06:12Z,e557e164cd52fd817b02cad6587a294d72b0974d9b014ad69ea5e08e,60.17919,24.95181,000000007b5207b6,12.69
4674,2019-08-04T11:06:12Z,e57facbf08a4abd25c366c0604463549586bb771b6ce2cf62945cdbf,60.16762,24.95415,000000006b44cce7,9.12
4675,2019-08-04T11:06:12Z,e5b9b4813c081a31fb498e7f9adb94918c267dfa125c63790c0d9488,60.149,24.9843,00000000fffb8cf0,3.74
4676,2019-08-04T11:06:12Z,e82fb1b58cd1d81fb46e1dca3b34ae603aa01acb01ef1d8a7178defc,60.16544,24.95398,0000000038d83d41,25.36
4677,2019-08-04T11:06:12Z,e97ba22b59a38317629569b1436cdd3787ac8efdf4b47a48c7646e26,60.16762,24.95415,000000006b44cce7,27.28
4678,2019-08-04T11:06:12Z,e9d59e25b58f33f70aad6832863cb59d7485ca55a1575558f92b74e7,60.16897,24.95222,00000000aa852af1,14.89
4679,2019-08-04T11:06:12Z,ea156c99dd8945ef87da4c332787a6202e9eedc69f726cafae8d3258,60.1538,24.95595,0000000038bf9618,41.64
4680,2019-08-04T11:06:12Z,ea3eef2f497e934d53c3a02bfa190abb42a24ce200d24c69598dbf84,60.16762,24.95415,000000006b44cce7,11.7
4681,2019-08-04T11:06:12Z,eb10ddb244dec4641f50a9b05b0e1cfdf4ac49e3dc3001cddb1e67c0,60.16762,24.95415,000000006b44cce7,7.05
4682,2019-08-04T11:06:12Z,eb261026c6f65b651ddf21bed629a1e164cfb500d0b78062704ec15c,60.16762,24.95415,000000006b44cce7,3.74
4683,2019-08-04T11:06:12Z,eb3dde73e84f5016b5545e9fa2e08d04257ebe448619783f90edcd23,60.16762,24.95415,000000006b44cce7,23.56
4684,2019-08-04T11:06:12Z,ec485175d2b7a2c53d03bf546aee134c116d998976601b069570c6f9,60.14699,24.922,00000000a53ed894,18.79
4685,2019-08-04T11:06:12Z,ecb1735f180422ec69f041cd2782a26c9f07d27a87893b3c30aaa9b7,60.16075,24.95883,00000000f1124bca,3.4
4686,2019-08-04T11:06:12Z,ecb5655da668bb183a5c270a96927649c323975e318184d248247099,60.16829,24.94214,00000000afef4555,16.1
4687,2019-08-04T11:06:12Z,ecf13e9d610ad235409932d263110fd52c69d0f5f39e9ffd3ad8b740,60.16897,24.95222,00000000aa852af1,8.38
4688,2019-08-04T11:06:12Z,ede13c9dc221bbc6c1daf78250fa6547303c06d7606c05ba0bf64547,60.17919,24.95181,000000007b5207b6,5.41
4689,2019-08-04T11:06:12Z,ee0dd7cb7da038afb0573e5dc0a158f0d299ce903d057b2f11344452,60.16829,24.94214,00000000afef4555,17.4
4690,2019-08-04T11:06:12Z,ef15ff71b7dc4c2088249a4fca7e28900ae315245a7a3b4d571bf582,60.16829,24.94214,00000000afef4555,14.89
4691,2019-08-04T11:06:12Z,ef45fdc095ee55730384922266d8fce61de212d3c3df2441ea10e524,60.14947,24.91438,000000004ef3150d,13.75
4692,2019-08-04T11:06:12Z,ef5e495c5f9d3dd9eb22ed5b8faf1cc9e4225d4785ebb26a87d16fff,60.14699,24.922,00000000a53ed894,7.05
4693,2019-08-04T11:06:12Z,f014103201b8ae8f495f8e1e04da3c934079461391d4801ee6c2faaf,60.16762,24.95415,000000006b44cce7,20.28
4694,2019-08-04T11:06:12Z,f110acae92fec55c6caca5de864773a6b99e5b8d6e2fdf8d1bdbc759,60.16762,24.95415,000000006b44cce7,3.74
4695,2019-08-04T11:06:12Z,f11c02cbebb4049a29f10d2ee6aac8a9ca3b7b9609a39d69463461a1,60.17065,24.93641,000000000f4919c9,23.56
4696,2019-08-04T11:06:12Z,f196f5f8c08299d290b3bac1944e00bb1f2c90594db66438b0c10e6e,60.16629,24.95957,00000000fb7600be,16.1
4697,2019-08-04T11:06:12Z,f2467c8ede6444941158701b7bd9d005beec9ffdb355ce2d8c7a9bfd,60.149,24.9843,00000000fffb8cf0,21.87
4698,2019-08-04T11:06:12Z,f43b8b2cf2c0bd291543858796d75b211d283ab73dcab5ad5dfd0aeb,60.16897,24.95222,00000000aa852af1,6.46
4699,2019-08-04T11:06:12Z,f5ffa3dbcdd5592ac31344cb04a7a6d639109a4d6e196fa0df3990dd,60.17065,24.93641,000000000f4919c9,23.56
4700,2019-08-04T11:06:12Z,f78ef2ddbe48b534137498eab56c0a55ec0e0b1d8868e82cb5652a0e,60.14699,24.922,00000000a53ed894,2.3
4701,2019-08-04T11:06:12Z,f7be7d003528c0c0827040a3a3723e49406a5a7c86cb4bc568a830db,60.17002,24.94407,000000006b087f40,16.1
4702,2019-08-04T11:06:12Z,f83d9331d2cc338e89bed2c6b655bbfee324ebab603da1894d208cdb,60.16448,24.97323,0000000053c6c2be,27.28
4703,2019-08-04T11:06:12Z,f855918d61069661cbf8633b228a5fb9e5cd5ea7b2946bfc5b9fc315,60.16829,24.94214,00000000afef4555,17.4
4704,2019-08-04T11:06:12Z,f9ed4361c378e7c740818b0c356acbffa4a161af2ffbecb803ace9b7,60.173,24.92524,0000000096918cfa,27.28
4705,2019-08-04T11:06:12Z,fa1579394f4980e1fe11248f7be4e646b601a3d8cdb9361f182d066c,60.16762,24.95415,000000006b44cce7,7.05
4706,2019-08-04T11:06:12Z,fbd28054e4a5478c8ca06f4d682405d1c59bef4853cad413ecb58d13,60.14699,24.922,00000000a53ed894,21.87
4707,2019-08-04T11:06:12Z,fbea754bd1d1bd41d31d255adcdfb67b3b4c052fc59db33eb47c25b4,60.16897,24.95222,00000000aa852af1,27.28
4708,2019-08-04T11:06:12Z,fda481107ccd1ee84269967e42cbd312252a4216e9c7af4822669a69,60.16829,24.94214,00000000afef4555,18.79
4709,2019-08-04T11:06:12Z,ffb7319984ecae155652e100da9b204f0b92f3b6c7239cfea4dcf966,60.14699,24.922,00000000a53ed894,14.89
4710,2019-08-04T11:06:13Z,0152988639aaaa9cc27213280c8f0c0c8ec97ae6a45aaaf743c9c25d,60.16544,24.95398,0000000038d83d41,31.5
4711,2019-08-04T11:06:13Z,03e0fc996a589ccdf1871b3c78e089c08c93ba1f2a02d740fb384aac,60.16531,24.9442,00000000fdda10fe,38.87
4712,2019-08-04T11:06:13Z,09ddbf38333e76a79fd836112bd8c3f8bf7f3dadfb3d49945ad4c486,60.16897,24.95222,00000000aa852af1,6.46
4713,2019-08-04T11:06:13Z,1142f5b6806b1ec7d8d47d47013eb530d8a7418f6934d8867b20966a,60.16829,24.94214,00000000afef4555,25.36
4714,2019-08-04T11:06:13Z,126e7fa4dd9205201617bdc0c7c346bfb57e1a75d3d7d3d9c260d51b,60.16629,24.95957,00000000fb7600be,16.1
4715,2019-08-04T11:06:13Z,14c7e1511b70f4dd3359cbece1377aebb4d70531f5489eefe53d7c3c,60.16544,24.95398,0000000038d83d41,23.56
4716,2019-08-04T11:06:13Z,16c994bb2e24124a910c247376d16e980a65626a94c4c0aaab27df60,60.16829,24.94214,00000000afef4555,25.36
4717,2019-08-04T11:06:13Z,198d6432c579dae0d7ddda6591eb377ca6c01888de802f89ab84b98a,60.16544,24.95398,0000000038d83d41,25.36
4718,2019-08-04T11:06:13Z,25a7ff811c3c06e426c7c2cbb0433d9a2a3399b23afecbd35584ab0f,60.18203,24.91341,00000000342570c2,18.79
4719,2019-08-04T11:06:13Z,269109af99b12861eeb19ab8698033d9c00895687da47af3f4310e9d,60.16762,24.95415,000000006b44cce7,8.38
4720,2019-08-04T11:06:13Z,32dd92b5a658392a4ec84eaf95152ee72258b6b0fb670b97882ac902,60.16829,24.94214,00000000afef4555,7.69
4721,2019-08-04T11:06:13Z,3b5cafe90982db26cf737b2e4cd4275276f6a031bca3b2a1f73023b2,60.14699,24.922,00000000a53ed894,11.7
4722,2019-08-04T11:06:13Z,3fe5f4ccfa5c777ceafda0674d7c9da6f509f6694b4c2fa254b32e73,60.16897,24.95222,00000000aa852af1,14.89
4723,2019-08-04T11:06:13Z,43b676ed3aef4c2d8846694817e76117873be52e7f788e0cb366c1c4,60.16629,24.95957,00000000fb7600be,25.36
4724,2019-08-04T11:06:13Z,44d0b94469070803869f229601e877beb613c3f5aafa009addf97a1a,60.16544,24.95398,0000000038d83d41,20.28
4725,2019-08-04T11:06:13Z,4656bad9b5e6dfc3977eca308fc1db3dbf8b0204b90d09b001da242e,60.1638,24.96846,00000000d747f075,23.56
4726,2019-08-04T11:06:13Z,54f040219b954e68101c83a5a6bacf046961c7a1d9a779fa291fa47b,60.16531,24.9442,00000000fdda10fe,23.56
4727,2019-08-04T11:06:13Z,5d65719c4cbf045f068d084b72302f447d5fd034413d97d13be00d0e,60.18203,24.91341,00000000342570c2,20.28
4728,2019-08-04T11:06:13Z,69219e9efa41ae9e732653e9eaf08e1a34cb853a9dafe76ddeea4d04,60.16897,24.95222,00000000aa852af1,18.79
4729,2019-08-04T11:06:13Z,6a70e2fbced719333e21eff04fcb9cb36bae9a04d1a3d6ddd96f2c58,60.15432,24.9211,0000000019fb59c4,14.89
4730,2019-08-04T11:06:13Z,6f06341f358e61699fe1e55e986dd0554bc8da28b91daf0c5ad99db6,60.16629,24.95957,00000000fb7600be,23.56
4731,2019-08-04T11:06:13Z,87dfaad29a9276ddddb1fa021d3bc23ad14824c1af16f7d87e713689,60.14951,24.92138,0000000006dd41f6,9.92
4732,2019-08-04T11:06:13Z,88808fe92573e9cdf022cc15b9689b6b4b9429f60513c8897b0ba4c7,60.16897,24.95222,00000000aa852af1,14.89
4733,2019-08-04T11:06:13Z,89982a6acf91b79a282a6b63978e946ee205f303fcd20e944e06baf0,60.16544,24.95398,0000000038d83d41,23.56
4734,2019-08-04T11:06:13Z,8c3b1ed0846e38cc84b863a80540c8a75bfd85c8bdda36563d153110,60.16544,24.95398,0000000038d83d41,23.56
4735,2019-08-04T11:06:13Z,9843c6216661048343a0e49cf3d8aa2883cf77f452666a1c873a1052,60.16448,24.97323,0000000053c6c2be,16.1
4736,2019-08-04T11:06:13Z,9c8556ea519835172f09c20e7688066eeec8e7f74a0c6fa3df3d9c5f,60.16829,24.94214,00000000afef4555,21.87
4737,2019-08-04T11:06:13Z,a13e5d46f0a2d1c6b58878e1b198905e9b14e3a85b5e4adab88b4b87,60.16762,24.95415,000000006b44cce7,10.78
4738,2019-08-04T11:06:13Z,a91d379a4b57c5df22db0d7a041ff69f657b4b31f28554b1011fc03c,60.16544,24.95398,0000000038d83d41,31.5
4739,2019-08-04T11:06:13Z,b5fd6b317890e5ab2d79e2cd1abe61626d45a753c7337d0d40728898,60.16762,24.95415,000000006b44cce7,11.7
4740,2019-08-04T11:06:13Z,b936e41d8712ae967f3ebb413fc44f060bb10613f95537757886ede2,60.16762,24.95415,000000006b44cce7,4.94
4741,2019-08-04T11:06:13Z,bca443064699e0ac05c40e587aef06d7fd580817e739133a501490bc,60.14699,24.922,00000000a53ed894,20.28
4742,2019-08-04T11:06:13Z,bfcaefe93f7fcb6aad6e62e3da473a7b5b03a62db532dad02a7d3559,60.16762,24.95415,000000006b44cce7,17.4
4743,2019-08-04T11:06:13Z,c97eb4181394121907d47b908495f54e5ee5145ff790f7a1dc21b3cf,60.16897,24.95222,00000000aa852af1,11.7
4744,2019-08-04T11:06:13Z,ca6927628f5ddda20036865c9345ad93d476d62ade3b181de568eed6,60.16897,24.95222,00000000aa852af1,18.79
4745,2019-08-04T11:06:13Z,ce197d5eedb5498917afe7ca3f7275ffeb191f0c5d050bffa154c1d2,60.16531,24.9442,00000000fdda10fe,27.28
4746,2019-08-04T11:06:13Z,cf05623e4d87ce0906c0b0b7dbf53aacc1228016cd27c341228b6e76,60.18203,24.91341,00000000342570c2,20.28
4747,2019-08-04T11:06:13Z,cfc0bedb78ded52749db3188cb188bf6a250ef5990da9c5afa9623fc,60.14951,24.92138,0000000006dd41f6,25.36
4748,2019-08-04T11:06:13Z,dbeb00942457ba3c5fb1984b57b1dedb268c0e761e80729b939f1fd8,60.16544,24.95398,0000000038d83d41,21.87
4749,2019-08-04T11:06:13Z,e224ae5ea47af2e3048f83b13a1f45dc135c0ca6be72547b01729086,60.1538,24.95595,0000000038bf9618,25.36
4750,2019-08-04T11:06:13Z,e764c1a69976425ee9c1982ca445db7a575a9d610bcb2215eeb2a728,60.14947,24.91438,000000004ef3150d,23.56
4751,2019-08-04T11:06:13Z,e8690c2d1711bc10f2d1251a3b5b1e770b98c66c384760400c604de1,60.16829,24.94214,00000000afef4555,27.28
4752,2019-08-04T11:06:13Z,e8e366e76c97944e23c0f80b4fd3ce6e5832744922297146a49f0c7e,60.16762,24.95415,000000006b44cce7,16.1
4753,2019-08-04T11:06:13Z,e96bd269a48b822b06141c3362fcb6d5ed4d0d09a120f2e4a712d5c2,60.16897,24.95222,00000000aa852af1,16.1
4754,2019-08-04T11:06:13Z,f088630d7476dae7d4b7e2bb1f10575f2c89acb4b6e061f3d57c2b40,60.16531,24.9442,00000000fdda10fe,29.32
4755,2019-08-04T11:06:13Z,f30a5193aa7850aac581b8dd71512a8712c96f36fdef78d8292d4788,60.16762,24.95415,000000006b44cce7,5.41
4756,2019-08-04T11:06:13Z,f31cfded6f566f9c032c80c52ea642407be312c5d42521ab7a8d3e2a,60.16897,24.95222,00000000aa852af1,23.56
4757,2019-08-04T11:06:13Z,fc4f3a44235f1cfc7b53f14ba2da599976a5a0a220d23b852688e485,60.17919,24.95181,000000007b5207b6,11.7
4758,2019-08-04T11:06:13Z,0043f38f4fb6545d7c033c9a8f8c18106aa0c2c841f28a15dd722e9d,60.14699,24.922,00000000a53ed894,18.79
4759,2019-08-04T11:06:13Z,007540b1ada16f6000987e20cd81a3deb18b2aea4cb95b50e099dcee,60.17065,24.93641,000000000f4919c9,17.4
4760,2019-08-04T11:06:13Z,0236a1d5b9b9d2249407a79705eee38de360ceb0530a8959ba5bc15b,60.149,24.9843,00000000fffb8cf0,23.56
4761,2019-08-04T11:06:13Z,02a354db29cd5bc16976a9d933e03a41be350f9cc78098829a7dcfd4,60.14947,24.91438,000000004ef3150d,20.28
4762,2019-08-04T11:06:13Z,0495ba0a1c04e0262f37eaa32084a173acc00638a16e76bb922b97dd,60.16762,24.95415,000000006b44cce7,17.4
4763,2019-08-04T11:06:13Z,05f52537369257fe91fca514a559e377e4e4644c7478e3c7a015ea28,60.18203,24.91341,00000000342570c2,17.4
4764,2019-08-04T11:06:13Z,0625280cf414aa015aa8b4d504d6fc74879a1144b913e254fec5db9d,60.16762,24.95415,000000006b44cce7,7.05
4765,2019-08-04T11:06:13Z,0656a0c0a353f164b57fbdd9e648d71fab429964d97ed07ab2c5dc30,60.18203,24.91341,00000000342570c2,17.4
4766,2019-08-04T11:06:13Z,07d2c0d3e587183c3240cb2a99c3590ccbfbff94a9480635509ad9aa,60.16829,24.94214,00000000afef4555,23.56
4767,2019-08-04T11:06:13Z,07d9aa9fe10e58c26960ba10eb2f13607a7cea0226acaecbdcc52508,60.16762,24.95415,000000006b44cce7,21.87
4768,2019-08-04T11:06:13Z,08833115ba0f62666fee594662c171563759459bb5f65ffdfeaeaed1,60.18203,24.91341,00000000342570c2,16.1
4769,2019-08-04T11:06:13Z,08b10b51864dc039f0a07c997e66e7a263ee1cde5b0b88b2a1178c58,60.16829,24.94214,00000000afef4555,9.12
4770,2019-08-04T11:06:13Z,096c3b0de1dab1407cd4d3330546404c0d62ce025924420496380f89,60.16762,24.95415,000000006b44cce7,9.92
4771,2019-08-04T11:06:13Z,0a949aafc0be15c68d73a5dd186d726aa6b921f44303a712ac6ddcb8,60.16762,24.95415,000000006b44cce7,9.92
4772,2019-08-04T11:06:13Z,0b45b52bc137c31ce83561c857f809296ec70f5537976a4a4d573d4f,60.16829,24.94214,00000000afef4555,18.79
4773,2019-08-04T11:06:13Z,0b49dcea1b7eab22f4ebd0c7666ded5b59fe092b8bdd4aa9eda6326d,60.16762,24.95415,000000006b44cce7,3.09
4774,2019-08-04T11:06:13Z,0c959027ce302054b09087cac97a83aa7e24fb9e4fa2710763f912cb,60.16829,24.94214,00000000afef4555,13.75
4775,2019-08-04T11:06:13Z,0d2490ed58c11eb4a754a30cc4bcb21c7243d322a2caf7cc360e4e8c,60.17065,24.93641,000000000f4919c9,18.79
4776,2019-08-04T11:06:13Z,0dc12f22306d5f6622fc786011f32f1961a5f94018be9c2236fb2e52,60.14699,24.922,00000000a53ed894,13.75
4777,2019-08-04T11:06:13Z,0e113c5ed3abcdfb31d27c3125f6cf01e3b96e4ed7eca1aaea855f77,60.14947,24.91438,000000004ef3150d,13.75
4778,2019-08-04T11:06:13Z,1107822441d53ff89eb9cb0d022a37202aed47bd82dca4bc175d6837,60.16762,24.95415,000000006b44cce7,4.11
4779,2019-08-04T11:06:13Z,116e59da308964e8eb82cb6e5a758aad726ec3800f0fa17bc661e8fe,60.16762,24.95415,000000006b44cce7,7.05
4780,2019-08-04T11:06:13Z,117b6ba38be2f875c85c9c048106db4d2dbce58629a807d7d7773b6c,60.16762,24.95415,000000006b44cce7,9.92
4781,2019-08-04T11:06:13Z,1327ce24f157334f864f913637993c80380ce5f5c911e4b0d31c5eb7,60.149,24.9843,00000000fffb8cf0,2.54
4782,2019-08-04T11:06:13Z,135b81a7a5a9dd70569656553c100af6fdc760bcf92d9b7b48261cb1,60.16897,24.95222,00000000aa852af1,21.87
4783,2019-08-04T11:06:13Z,13b0a8ca1414d7b2b0e8d5f80069a5d26c6f62a68b58eda25a4b85f4,60.16829,24.94214,00000000afef4555,11.7
4784,2019-08-04T11:06:13Z,169c77f0d714e38eb1e798b14fa42ce3fefb0ec1d6f9e93a38a872f1,60.16762,24.95415,000000006b44cce7,7.69
4785,2019-08-04T11:06:13Z,1921be9815a57f11f291ca085add7b4bf1d044518b03b725df7cf7d5,60.149,24.9843,00000000fffb8cf0,20.28
4786,2019-08-04T11:06:13Z,19db84758eba08a5f9bb56b0ff91d05286765c8e8dfa31bd0b2aaa1c,60.14947,24.91438,000000004ef3150d,21.87
4787,2019-08-04T11:06:13Z,1a623175e52f0b1da44bc24027c8d374dbd7710157b6a78e417b7cda,60.16762,24.95415,000000006b44cce7,14.89
4788,2019-08-04T11:06:13Z,1a9a0f74c353624c42c19c007e82c9c2547b7285d8353d0e375e3f05,60.14699,24.922,00000000a53ed894,4.5
4789,2019-08-04T11:06:13Z,1bf50dfe32abb7c9766ead8b6b3e91a0c13f773550f6f4f9b11063e2,60.18203,24.91341,00000000342570c2,25.36
4790,2019-08-04T11:06:13Z,1c8c3befa38b65f707dd4933a68e5e3c9e7c82592fd382779127416b,60.16897,24.95222,00000000aa852af1,25.36
4791,2019-08-04T11:06:13Z,1ce242f8d8220cd38bf3ea9138c99ae9b2f79b28e68edb864f090ec9,60.149,24.9843,00000000fffb8cf0,12.69
4792,2019-08-04T11:06:13Z,1dacfb371d75dd4f90f447aac2a00faad98beb4188a6971c19eb2375,60.16629,24.95957,00000000fb7600be,25.36
4793,2019-08-04T11:06:13Z,1fa2c533bba37b249a0105001153733e67a559d40c22cab67f135f64,60.14947,24.91438,000000004ef3150d,4.11
4794,2019-08-04T11:06:13Z,221dba1f7562b992e9c11d7d1331a44ac293bc301248736c8432deb2,60.16762,24.95415,000000006b44cce7,16.1
4795,2019-08-04T11:06:13Z,227b93698b29687beea48184f42aab63a21fa362af7251be32db2e15,60.16531,24.9442,00000000fdda10fe,3.74
4796,2019-08-04T11:06:13Z,23786c82e2641aed0e0b004658480a212bf0397568e914487819045c,60.16897,24.95222,00000000aa852af1,12.69
4797,2019-08-04T11:06:13Z,23b4a8c7918ca417eab83481a710fd544e1fa8bf7073b5955c0155c8,60.14699,24.922,00000000a53ed894,10.78
4798,2019-08-04T11:06:13Z,23f10190151386d4050571cb299410bc0285ed980b0a00f088e01cf0,60.16762,24.95415,000000006b44cce7,10.78
4799,2019-08-04T11:06:13Z,2535cb5c89ec66044a005b03dd769ca8d0022164a816c06db0e49892,60.16762,24.95415,000000006b44cce7,5.41
4800,2019-08-04T11:06:13Z,2671a156fa8d8bb05970481c8f83bcf9f261f73dae27f2bb9ac88aeb,60.14699,24.922,00000000a53ed894,12.69
4801,2019-08-04T11:06:13Z,26a4ff30aad95332c4b603e9e728a10486413889de9d2c4573524923,60.14699,24.922,00000000a53ed894,18.79
4802,2019-08-04T11:06:13Z,27052b4dc21318eee25b7afdbe088c8d15e13ec11ac339166b209e58,60.18203,24.91341,00000000342570c2,25.36
4803,2019-08-04T11:06:13Z,2724e42551f43106ea58a8fcc6a43953baa1294cd65e17a90012f706,60.17065,24.93641,000000000f4919c9,0.59
4804,2019-08-04T11:06:13Z,277125506ba4ea1afb2c696256b262e0708d43c30c769a1d4a382a76,60.16762,24.95415,000000006b44cce7,17.4
4805,2019-08-04T11:06:13Z,2977d3c4f181abb6662adf1d466a62167e2690a9c94dc53e5aa6a904,60.16762,24.95415,000000006b44cce7,7.05
4806,2019-08-04T11:06:13Z,29f5adc4d67413b7d368e8e94a41cf48339e3f5f0903f660170c4fe8,60.17919,24.95181,000000007b5207b6,8.38
4807,2019-08-04T11:06:13Z,2acbdfb5e555a9668c446767fc5d82728d254a45d17dff85e3342cb0,60.16629,24.95957,00000000fb7600be,27.28
4808,2019-08-04T11:06:13Z,2c85e4140ca0ba77c3598ceac05eb2c2342409ce8111c863fc58c606,60.16829,24.94214,00000000afef4555,0.41
4809,2019-08-04T11:06:13Z,2ccaeb30423977ff22b6afc29243b861b476a5f4ffafdf200d326d78,60.17002,24.94407,000000006b087f40,14.89
4810,2019-08-04T11:06:13Z,2de87ef94604fb63bec05eefb71b6cdd0b9807f8551159c2a35e7259,60.17065,24.93641,000000000f4919c9,4.11
4811,2019-08-04T11:06:13Z,2e6e6f89a7d75f0742d016de203c9acc8d6f6bdeb7b56bd12f482653,60.15432,24.9211,0000000019fb59c4,18.79
4812,2019-08-04T11:06:13Z,2f83e4cad2d924faecb3def25f54727f3e612bc5040c493dd6eccb1d,60.16897,24.95222,00000000aa852af1,16.1
4813,2019-08-04T11:06:13Z,2fe2e4165984d7880628aec591ce4747f18947da70312e6afca2946b,60.14699,24.922,00000000a53ed894,11.7
4814,2019-08-04T11:06:13Z,30bee351808d5e8082ce012b57f5bc0efc80f8394491a182e0eeee32,60.17918,24.95141,00000000675d5200,17.4
4815,2019-08-04T11:06:13Z,31659a798f1d780d587f07390c038a78fafa6cabb8180dba635863ce,60.17002,24.94407,000000006b087f40,16.1
4816,2019-08-04T11:06:13Z,3226c88241c6ac9d643c1843f44b6e5ee10df5f15a695e360582a9be,60.16829,24.94214,00000000afef4555,14.89
4817,2019-08-04T11:06:13Z,3262259981b4d615793e8692d3b8461ab7cc2c63789b0ce72c75075f,60.17918,24.95141,00000000675d5200,11.7
4818,2019-08-04T11:06:13Z,33a5da4eacfc49fefa067790c9fada1a86d9793367ded845a46f0779,60.16829,24.94214,00000000afef4555,11.7
4819,2019-08-04T11:06:13Z,3417d8a6b53687e70f126ebeb1d26a2ff6369dc9a551c3c35c5a04f9,60.17002,24.94407,000000006b087f40,14.89
4820,2019-08-04T11:06:13Z,34cf37df412ff36df19ebe47ecdd31e5a22355a1fa723a748ac901fd,60.16762,24.95415,000000006b44cce7,18.79
4821,2019-08-04T11:06:13Z,35e26a55ffcf023f80c64d570297932cbeabb750c9f72ba981e2f66e,60.16762,24.95415,000000006b44cce7,13.75
4822,2019-08-04T11:06:13Z,3670a148a52771f0ff5af161725f65b86873c09eea1a7697861c0438,60.14699,24.922,00000000a53ed894,27.28
4823,2019-08-04T11:06:13Z,3714758c60c781bb53981cf52f78b930f4cb22bf27a3dc596f48ab2e,60.16762,24.95415,000000006b44cce7,18.79
4824,2019-08-04T11:06:13Z,374083907dd8980893623726af5633afd59b519c885ad12ba5c674eb,60.17002,24.94407,000000006b087f40,9.92
4825,2019-08-04T11:06:13Z,386dea4944e0b83648b4b6faf510fd47b0e9e29a2bb9311fe8a80ee2,60.17918,24.95141,00000000675d5200,13.75
4826,2019-08-04T11:06:13Z,3ac85712ab657e849113d439795c4e7325d1025cacdbd9a41174b031,60.17002,24.94407,000000006b087f40,14.89
4827,2019-08-04T11:06:13Z,3ac9d056b0f04f774b238a125eb996d46437f7a8c5f6ba6712e971cf,60.17918,24.95141,00000000675d5200,9.92
4828,2019-08-04T11:06:13Z,3b355c039877bd4883845f3fc6ad8dd6f41f170274042f1397585680,60.149,24.9843,00000000fffb8cf0,25.36
4829,2019-08-04T11:06:13Z,3b5030adc7c303403a6333a1a6d35474c2f21c1d20ece72180660423,60.14947,24.91438,000000004ef3150d,12.69
4830,2019-08-04T11:06:13Z,3bd8214bd5284efaf354ec2a0dd2847f6051ceaace6a2691ff085d3d,60.17065,24.93641,000000000f4919c9,20.28
4831,2019-08-04T11:06:13Z,3e36420df19c06796a79acdad84551653de9b0132cb0987329f75291,60.16897,24.95222,00000000aa852af1,7.05
4832,2019-08-04T11:06:13Z,3f5d3aed90718f7fb8e8a13ac7002718cc22cbe190beb96821ba52e6,60.17065,24.93641,000000000f4919c9,14.89
4833,2019-08-04T11:06:13Z,3f67c6713a6cca446a46616c9970c7a2ddffb03f21e10c8ea9b2f380,60.16897,24.95222,00000000aa852af1,18.79
4834,2019-08-04T11:06:13Z,3fe4e214448b0c9a8dfbee81c347d82a8f0b26859201fb1d77f40fa9,60.16762,24.95415,000000006b44cce7,7.05
4835,2019-08-04T11:06:13Z,418e60b0ee35b014e7a8a378f3491cf2333e2a022ba6ec632170228d,60.18203,24.91341,00000000342570c2,21.87
4836,2019-08-04T11:06:13Z,4259ea4be61641ef15bcf103aabbda808376b164c83d20d3be269e1d,60.17065,24.93641,000000000f4919c9,27.28
4837,2019-08-04T11:06:13Z,42d34a6c595760e51052178acc978bdb2b6348e0405f7b58c57f0915,60.16829,24.94214,00000000afef4555,10.78
4838,2019-08-04T11:06:13Z,430556d4eef13a613b121237f9ab54ee052861f79a950f54e0810dab,60.149,24.9843,00000000fffb8cf0,16.1
4839,2019-08-04T11:06:13Z,432958e5f91b194ed39814ae223cb394d224ebfb26e5c1a5e587ae41,60.16448,24.97323,0000000053c6c2be,20.28
4840,2019-08-04T11:06:13Z,44703b8dd01d3bd79585c9c7e12217e1ac152f86e2b0c9ed6be4bc19,60.16544,24.95398,0000000038d83d41,17.4
4841,2019-08-04T11:06:13Z,4472fa277123afabdf2402fc2a3c5bff2be437e6d56b590278de70fc,60.17065,24.93641,000000000f4919c9,31.5
4842,2019-08-04T11:06:13Z,44cd8828dd4aa11ea599139af3d3aafbcd09ca0c2558f26ed1c72e17,60.14699,24.922,00000000a53ed894,13.75
4843,2019-08-04T11:06:13Z,44d01b24bde0f8031d7cf15bb66e661ad9bd92807f3213fabf920fa1,60.16762,24.95415,000000006b44cce7,3.4
4844,2019-08-04T11:06:13Z,4538bf4d0ca02f13fad76c46f7b34e72978c49b0cdfe4ea9fe151a50,60.16762,24.95415,000000006b44cce7,7.05
4845,2019-08-04T11:06:13Z,46b576e18e757fc4ec008b41d3c28ec5415a2c2c2f143042e5413137,60.16762,24.95415,000000006b44cce7,5.41
4846,2019-08-04T11:06:13Z,47eccbfb2db7bb200aacfdad7243168bd30714cc78da342bbe53df7b,60.16629,24.95957,00000000fb7600be,14.89
4847,2019-08-04T11:06:13Z,47f787c639f2eed345eb5dca409ffcd989850399a1ab781500dd6e82,60.17919,24.95181,000000007b5207b6,5.91
4848,2019-08-04T11:06:13Z,4833b1ea4f519407574f5a838d93a39de28c756c5f53de7ee273b577,60.14947,24.91438,000000004ef3150d,8.38
4849,2019-08-04T11:06:13Z,49084ae4b6419be9e7bb0c9b1420142e07d6ac3c17c07c26895461ed,60.16829,24.94214,00000000afef4555,17.4
4850,2019-08-04T11:06:13Z,49b391c05bd4e5231579392d798036a0139a8ea4e4d4509a7cb3901f,60.16829,24.94214,00000000afef4555,16.1
4851,2019-08-04T11:06:13Z,49d6f6bd5878bfac30a67fe92d1501b5b09cab38ab2b35b661902f0d,60.14947,24.91438,000000004ef3150d,13.75
4852,2019-08-04T11:06:13Z,4a2286eca689d9c867cfa19d43b9b917d29769b66b9e0a968f6c3859,60.16897,24.95222,00000000aa852af1,25.36
4853,2019-08-04T11:06:13Z,4a54cbed9c373a4136f8851f3f5736eb2fadd5766d316eb5ebbdd231,60.17918,24.95141,00000000675d5200,17.4
4854,2019-08-04T11:06:13Z,4b5b3e8f2b484bc08b196c265f65c70151bd69f6263318eb29125db2,60.16829,24.94214,00000000afef4555,2.08
4855,2019-08-04T11:06:13Z,4cf634fc84e128c3b9bce07a4b726d136e18f0eea4229fdbb48f6db1,60.16897,24.95222,00000000aa852af1,16.1
4856,2019-08-04T11:06:13Z,4d31b0561dbfc9ef5acbd44ba92acb4ca7bad86b948634f005173ece,60.14699,24.922,00000000a53ed894,25.36
4857,2019-08-04T11:06:13Z,4ec1d21263bb826a9d9b2da52c6073f4b5cf86c89894aad36059eaf6,60.16762,24.95415,000000006b44cce7,12.69
4858,2019-08-04T11:06:13Z,4fb84ecf5d221439a3af3b68650b3b7dea1d1324213f3ea57669ead0,60.18203,24.91341,00000000342570c2,27.28
4859,2019-08-04T11:06:13Z,50a06af190dfb27cbd4d6ca55980b1379ec795af8b9e5ebc00d73257,60.16762,24.95415,000000006b44cce7,14.89
4860,2019-08-04T11:06:13Z,51789c3026ccfe7e846e44fcd833d006941c2789b9693c77df5a7c98,60.16762,24.95415,000000006b44cce7,5.91
4861,2019-08-04T11:06:13Z,52daa31a2b3c1c07f78d96ebb4de3a965da5ef0a8035afbd0f7451fb,60.16531,24.9442,00000000fdda10fe,21.87
4862,2019-08-04T11:06:13Z,53970a2770c17fea076d53e41facade1a710a0d7adebc27b89b1a0f0,60.18203,24.91341,00000000342570c2,29.32
4863,2019-08-04T11:06:13Z,541f330d2ded03609f551d02b8149da9cd07ee36aeee630f8fc9de8c,60.14699,24.922,00000000a53ed894,14.89
4864,2019-08-04T11:06:13Z,542a405b620e6d166ecc5eadd979b3936d831cea3aa7b75316adb4ca,60.16897,24.95222,00000000aa852af1,14.89
4865,2019-08-04T11:06:13Z,549e8785d3249c38e0c577947392ab324d318a5a9b125b5d03e023d2,60.17065,24.93641,000000000f4919c9,17.4
4866,2019-08-04T11:06:13Z,54d53f276563f566e1cd61b100408412cf78b4fe9fcada830aa6e23b,60.14947,24.91438,000000004ef3150d,7.05
4867,2019-08-04T11:06:13Z,55f047531784bdfb349239ad705090dfe4fce836942569dac1d34cd3,60.16762,24.95415,000000006b44cce7,11.7
4868,2019-08-04T11:06:13Z,56318cc7f3616fceec2564cbb1f6ca8b88ea861935a1ada93aafd7b0,60.16897,24.95222,00000000aa852af1,11.7
4869,2019-08-04T11:06:13Z,571934189bf349efb6f596e76c21612cf9b82ed44913090169936048,60.17065,24.93641,000000000f4919c9,13.75
4870,2019-08-04T11:06:13Z,579ea129e99082446da0a3f358091546de1f8b2db0feb92b86d25a89,60.149,24.9843,00000000fffb8cf0,38.87
4871,2019-08-04T11:06:13Z,586f70961bf72597ce00f89d3602178ecc6ac8838a8acec48bba7f9f,60.14699,24.922,00000000a53ed894,9.92
4872,2019-08-04T11:06:13Z,58ee8fd47328b1c696ec343920f2c0353d19a915924eb6f6f2638e56,60.16762,24.95415,000000006b44cce7,5.41
4873,2019-08-04T11:06:13Z,59b87e6921598d25b092b66e140328fa03c9f06fe4e697dd344f378a,60.17002,24.94407,000000006b087f40,20.28
4874,2019-08-04T11:06:13Z,5a6d2f34f7f677bf47ee3d08ac1371b3ad3d7f7f027685cf4740ab78,60.16762,24.95415,000000006b44cce7,4.5
4875,2019-08-04T11:06:13Z,5a730ea19664020323272509e5443616ea3f1cecd7b295e294be4ba7,60.14947,24.91438,000000004ef3150d,23.56
4876,2019-08-04T11:06:13Z,5c0e674c99f4d1f59ebbc19c40fcd1c888315e3fc3d263f6d20576f1,60.16629,24.95957,00000000fb7600be,31.5
4877,2019-08-04T11:06:13Z,5d9aa6fcb0d81ceaa80ca13cc08a88138be517656646e0ba0942ce46,60.16897,24.95222,00000000aa852af1,23.56
4878,2019-08-04T11:06:13Z,6022019a95573b888ca7b3161da098935ea0ad7793437ee40a32a5f3,60.14699,24.922,00000000a53ed894,16.1
4879,2019-08-04T11:06:13Z,610d37641cb326502fe1981e6312ae786d40bfbdae28e94223958480,60.16762,24.95415,000000006b44cce7,12.69
4880,2019-08-04T11:06:13Z,6138e6ab3e1e74425af8945a6fcc294c1469a0b9c448b780bcf9d2e2,60.14699,24.922,00000000a53ed894,12.69
4881,2019-08-04T11:06:13Z,63e498fd789abe431cdf86f184a50616c85717e1efc893da1e1a2222,60.16897,24.95222,00000000aa852af1,25.36
4882,2019-08-04T11:06:13Z,64d10ef0926ecca987bad278990d966d8fac8775f03847d1f5a4a2f6,60.16762,24.95415,000000006b44cce7,16.1
4883,2019-08-04T11:06:13Z,658d7a3586e339aa9e1ae7f084893da89d92905f7ee7cee559733082,60.17002,24.94407,000000006b087f40,27.28
4884,2019-08-04T11:06:13Z,660f1233dc01b2e0a4fc9254e51c709a0476b2ec6ba6d5399d23dd76,60.16448,24.97323,0000000053c6c2be,25.36
4885,2019-08-04T11:06:13Z,6656d2ce0a18f92aca4d99810ecaefe94dbe9a0e2ea987f1702aeecb,60.16762,24.95415,000000006b44cce7,18.79
4886,2019-08-04T11:06:13Z,66755836036c771e53ffd9d0dc09b8575231b53b80af22e868691a2a,60.14699,24.922,00000000a53ed894,1.88
4887,2019-08-04T11:06:13Z,67b49046c3bb96e9e2f8d9396871ed7976dd35efb6c386141325f95a,60.16897,24.95222,00000000aa852af1,23.56
4888,2019-08-04T11:06:13Z,6978155fc96a2c464cb547d9fc8c5e60f39fbb9de35e49ab211c5efc,60.16897,24.95222,00000000aa852af1,29.32
4889,2019-08-04T11:06:13Z,69852d528034ea6fc746ed8942c32f1c90bc33a7a7317dfac3c9b1c1,60.14699,24.922,00000000a53ed894,5.41
4890,2019-08-04T11:06:13Z,699b48bb93c5befb62ff0686e75f158406b659f14daec16ab66d4499,60.15432,24.9211,0000000019fb59c4,25.36
4891,2019-08-04T11:06:13Z,69d8c906060e226ff0f0f7e78029575f2ee07ebec657a3b641419268,60.14699,24.922,00000000a53ed894,17.4
4892,2019-08-04T11:06:13Z,6ac1903c80e63433e4bc744dc0e801bff647117d38d3753fb9a6a4c1,60.173,24.92524,0000000096918cfa,11.7
4893,2019-08-04T11:06:13Z,6ac8fdd67b3dd11f0bae935f3a285880138382088238b97f511d3f12,60.16897,24.95222,00000000aa852af1,25.36
4894,2019-08-04T11:06:13Z,6c3dd68b68d5b3caa20f92e5ea004b0298abbddd5e35caca508262e9,60.16448,24.97323,0000000053c6c2be,18.79
4895,2019-08-04T11:06:13Z,6c637347d64659d1b29b0461397fccfbff09339872c14e32469fbd0f,60.16762,24.95415,000000006b44cce7,10.78
4896,2019-08-04T11:06:13Z,6c97da4ba9462e7fe786a472989dab23340d31809dd78d5617204da4,60.16829,24.94214,00000000afef4555,13.75
4897,2019-08-04T11:06:13Z,6e492dbc3f10157e7ff00826a839a97262ab36244ccc57b702a89999,60.16531,24.9442,00000000fdda10fe,2.54
4898,2019-08-04T11:06:13Z,70ffae2b8178e0915c5de7816f8dd8bcc3af745ee49df8ac4da4adba,60.17918,24.95141,00000000675d5200,18.79
4899,2019-08-04T11:06:13Z,714e80a1e3c0fee43e312f314b2faec47e582ee8dac47e4818dbc2f9,60.149,24.9843,00000000fffb8cf0,18.79
4900,2019-08-04T11:06:13Z,71516fc8349cfaf2b5c4ab80ade6078494d93d13e9953af15e5ced30,60.18203,24.91341,00000000342570c2,16.1
4901,2019-08-04T11:06:13Z,72b4055182e6b02751fa4daaf8f21f6dcd2042bb9c76c98fa317e24a,60.16897,24.95222,00000000aa852af1,18.79
4902,2019-08-04T11:06:13Z,730d975773cc8c9c07ff88fb87377ff64a961a96e9237e59859fa46f,60.16762,24.95415,000000006b44cce7,11.7
4903,2019-08-04T11:06:13Z,738973c9b5f9882f29075e47ca10e50ba3fb9883da779f41545175f4,60.17918,24.95141,00000000675d5200,2.8
4904,2019-08-04T11:06:13Z,7484ecf89e24efb4a366562730f7341391f930dad7b216184022d0da,60.173,24.92524,0000000096918cfa,29.32
4905,2019-08-04T11:06:13Z,74c2ec2adc228e5b4979284d730fd2de698242f0f06d90f870b8cde6,60.16762,24.95415,000000006b44cce7,1.88
4906,2019-08-04T11:06:13Z,74cb545f76f0bfc5498607247e26e814276a11ce91f77208054ecbc5,60.17002,24.94407,000000006b087f40,25.36
4907,2019-08-04T11:06:13Z,7552783317be1ef797980c3a9ee9c5967d4e7b32765f23c51ffda02d,60.16897,24.95222,00000000aa852af1,11.7
4908,2019-08-04T11:06:13Z,75d452cbba63995ad06213b577081e8db650c80b3a78060789a8e831,60.16762,24.95415,000000006b44cce7,8.38
4909,2019-08-04T11:06:13Z,79bde23c1a8980f93a65e14306f0d8ea89e164430d8b991e2bfee82e,60.16531,24.9442,00000000fdda10fe,16.1
4910,2019-08-04T11:06:13Z,7a7443a2060675f4b9755ab53cca1f1053bdfe0e4f98acd95b61544b,60.17065,24.93641,000000000f4919c9,31.5
4911,2019-08-04T11:06:13Z,7afc351f0ed7619c18c64ab06971196bb53d53e2d460151ab711bc0f,60.16762,24.95415,000000006b44cce7,4.94
4912,2019-08-04T11:06:13Z,7c55ecf165387948602e82b684a55be093691849fde2d96ad6574475,60.17065,24.93641,000000000f4919c9,18.79
4913,2019-08-04T11:06:13Z,7e78b2348d9576c63ebb626030ee9d43e2bf07e860782adf3f1c452b,60.16829,24.94214,00000000afef4555,12.69
4914,2019-08-04T11:06:13Z,7eefc5581c616491b78192b28b519ba727dc884a87bc06b8df1ea4f2,60.14699,24.922,00000000a53ed894,17.4
4915,2019-08-04T11:06:13Z,7f95126e2fe39b74b61f9df1002b58453d22fe79458cebfeed9b9982,60.16829,24.94214,00000000afef4555,10.78
4916,2019-08-04T11:06:13Z,822590bd49bcf7ed4de4f8389586915c343b29c4283ff8b90d7c1d39,60.17065,24.93641,000000000f4919c9,13.75
4917,2019-08-04T11:06:13Z,82ac749474448abac333d00869cb8b508872f86293913d95eae26a05,60.15432,24.9211,0000000019fb59c4,7.69
4918,2019-08-04T11:06:13Z,82cddd3b9f58762d36efe78da4e2722ee587cfdb3fdbc58b52673082,60.16629,24.95957,00000000fb7600be,20.28
4919,2019-08-04T11:06:13Z,842340aa39a680a5c969b20db5027c8e1b123077045e8046a997391a,60.16448,24.97323,0000000053c6c2be,25.36
4920,2019-08-04T11:06:13Z,844b8ad6ebf530978d1139d527a681991f4d3eed6be5bc723f0b2192,60.16531,24.9442,00000000fdda10fe,1.25
4921,2019-08-04T11:06:13Z,85d20ac87260458dc786b8739f5b57449a8d1fdbf4679c8567f8cb4a,60.14699,24.922,00000000a53ed894,33.81
4922,2019-08-04T11:06:13Z,87ea10367f1569e575dc4bc60f0f4238eafb52ba8a2cc8e5e4584232,60.16829,24.94214,00000000afef4555,7.69
4923,2019-08-04T11:06:13Z,87f4cf4baea8c5dfe1bc7812cc969574058bd4d2dda215192bcfc53f,60.14699,24.922,00000000a53ed894,4.11
4924,2019-08-04T11:06:13Z,886032718e05487be8bd75bb14464814044c7edd7f9a2198304f6fb4,60.16629,24.95957,00000000fb7600be,16.1
4925,2019-08-04T11:06:13Z,88ee7d98af3d9470df5daf433cfa0405f6225cb56b98b7c48d260fd4,60.17002,24.94407,000000006b087f40,11.7
4926,2019-08-04T11:06:13Z,8a7f5012c000c420f0a336a3988c72cf2b373818f4f3f369e994d8e4,60.16829,24.94214,00000000afef4555,36.27
4927,2019-08-04T11:06:13Z,8ee30fda8736b8e18a2cdb754676659240bc520a57727b9635630f22,60.1538,24.95595,0000000038bf9618,36.27
4928,2019-08-04T11:06:13Z,8f3d9ab893ae4a48fd3417f3a749c21e792779990ae0ad75a8f211de,60.1538,24.95595,0000000038bf9618,33.81
4929,2019-08-04T11:06:13Z,90a7a2779a546d0a67f676fbd33964bfec098cc7d3c6617a5c0f6b88,60.16762,24.95415,000000006b44cce7,4.11
4930,2019-08-04T11:06:13Z,90b12d2b9898702fd62b343512e0d53796ae38decdf704e203a0cc39,60.16829,24.94214,00000000afef4555,21.87
4931,2019-08-04T11:06:13Z,91602a694bc74a2874ba7f02a7bae062a3a77cd869b86a74800415b8,60.17918,24.95141,00000000675d5200,12.69
4932,2019-08-04T11:06:13Z,93272ad17155ea9499641eda7c5560691582116096278b82738ab21e,60.14699,24.922,00000000a53ed894,16.1
4933,2019-08-04T11:06:13Z,934bab75e2a2354910288b01c44fdfda4a87f92ac010109f641b3122,60.14699,24.922,00000000a53ed894,16.1
4934,2019-08-04T11:06:13Z,951482f3e2e41b496e34885c346c4a7ab09427178119caa9b8bbcbb6,60.14947,24.91438,000000004ef3150d,10.78
4935,2019-08-04T11:06:13Z,9618703465df0acf2ccedcd7a519bb1146d94e8fb5b310c036a656f0,60.16762,24.95415,000000006b44cce7,10.78
4936,2019-08-04T11:06:13Z,96b6fbb458fa515d6fe57ba056a91d6be76290d0cffe0b5f701ed098,60.18203,24.91341,00000000342570c2,18.79
4937,2019-08-04T11:06:13Z,97490f522f1a0226c8f7e8ed7bca08dd71b63d80b46d38020127b868,60.14699,24.922,00000000a53ed894,17.4
4938,2019-08-04T11:06:13Z,9759894c6f46d9e82992282b211a84549983c7a9995cd91fb1178818,60.16829,24.94214,00000000afef4555,14.89
4939,2019-08-04T11:06:13Z,998ac46ad73c197bab1f36dca67d8bcaa3aca92249185a5e3715043f,60.17065,24.93641,000000000f4919c9,14.89
4940,2019-08-04T11:06:13Z,9aa588cb6f425117e45726b6b9adb7ef86c8f7c8113b547dc61f068a,60.16897,24.95222,00000000aa852af1,18.79
4941,2019-08-04T11:06:13Z,9b17422199e594df512c6cda493d8fc5b5141741b2f804eb18016640,60.14699,24.922,00000000a53ed894,23.56
4942,2019-08-04T11:06:13Z,9b24f69458294d27d07a0169665965135fd02f4c953f85bcebf4ba87,60.16762,24.95415,000000006b44cce7,21.87
4943,2019-08-04T11:06:13Z,9b2a5c59007368ed7b26c0128d958f0ac43ab418eda263737da18bd6,60.17002,24.94407,000000006b087f40,16.1
4944,2019-08-04T11:06:13Z,9b4b0705e58750d2bcbd71ad65d85677f7e77db5dfe69d1a70b5d31f,60.17919,24.95181,000000007b5207b6,13.75
4945,2019-08-04T11:06:13Z,9bef562c292174f1eb3933116effff74a8733a78e5c1df140de3fd6c,60.17919,24.95181,000000007b5207b6,13.75
4946,2019-08-04T11:06:13Z,9c0b1d2c4c67c07e547e810a94efeaaa1187ae82977e03748470281c,60.16897,24.95222,00000000aa852af1,23.56
4947,2019-08-04T11:06:13Z,9c40a1c76be950694e1b5448f8ad2337198d9a75090bfebc30c7392e,60.16629,24.95957,00000000fb7600be,13.75
4948,2019-08-04T11:06:13Z,9eb1e9bfdceb76ef852f89ebd82139602125f9731b791465e1c21f81,60.16829,24.94214,00000000afef4555,18.79
4949,2019-08-04T11:06:13Z,9f1920350685b4cb747c535ba3c3dc1cb29587668bd507ab96e5692f,60.16629,24.95957,00000000fb7600be,20.28
4950,2019-08-04T11:06:13Z,a066e2044b486819fe2185765f63ed87f8d10c502f26a01be1f1a758,60.149,24.9843,00000000fffb8cf0,29.32
4951,2019-08-04T11:06:13Z,a1439b6683d0598c7a05080c3693a17c198f7b8c3297c77324ef4859,60.16829,24.94214,00000000afef4555,1.01
4952,2019-08-04T11:06:13Z,a20a11944d9440f1f8e4ea6262408f673f2a8380c4e13dda1a073d8d,60.16897,24.95222,00000000aa852af1,17.4
4953,2019-08-04T11:06:13Z,a2f0adf51cb9d2a5417cc0797183513a8bbcecfbc717a1b63e42027d,60.16762,24.95415,000000006b44cce7,13.75
4954,2019-08-04T11:06:13Z,a30740fbf4b7e21f6fe2996e9325c90936de161cb2165e87cd96fd35,60.149,24.9843,00000000fffb8cf0,6.46
4955,2019-08-04T11:06:13Z,a3664d77633807788598dd8d4a7ba8caba2c31bfdcb6ba83651d4e7e,60.173,24.92524,0000000096918cfa,7.05
4956,2019-08-04T11:06:13Z,a488d8700d0761c51d771677bb82a9a5bbb86e97e0d5835aeff65d2b,60.16629,24.95957,00000000fb7600be,21.87
4957,2019-08-04T11:06:13Z,a50e0bb8fd1ad4ad264c3246b210a0c6285faae591c1bd2c2c3458af,60.16829,24.94214,00000000afef4555,14.89
4958,2019-08-04T11:06:13Z,a51a9aab75637e56bef3effddc420dfcd95b8cbd85d95917aaac38d5,60.16762,24.95415,000000006b44cce7,4.11
4959,2019-08-04T11:06:13Z,a5835ce352a1e6d8fb6bdc410fae1076c756f7dac8e202465add9277,60.16762,24.95415,000000006b44cce7,10.78
4960,2019-08-04T11:06:13Z,a98fc06dc605583814a2aa182295b88f81657ef2daeee7aaec792e7c,60.16762,24.95415,000000006b44cce7,14.89
4961,2019-08-04T11:06:13Z,aa4547c0b6b8be30776e08d524ceeacfbc9930ad720e11fa4cb20882,60.16531,24.9442,00000000fdda10fe,1.25
4962,2019-08-04T11:06:13Z,aa45859d6157e9e86470ec8b81957acc35bafb1b7f419d79357a38cf,60.16829,24.94214,00000000afef4555,17.4
4963,2019-08-04T11:06:13Z,ab1377ddf669bb806f8db586f4ce5ab9f0f4257dda61fe800d8509f5,60.17065,24.93641,000000000f4919c9,16.1
4964,2019-08-04T11:06:13Z,ab6e8769f50a15ea5e0d64f48aaa12886b7599a18cc0eb071a21ae5f,60.16762,24.95415,000000006b44cce7,7.05
4965,2019-08-04T11:06:13Z,ac5c7e04b55d6d70659e5b8f4705309b9367c78a0edb7ce85f42c181,60.1538,24.95595,0000000038bf9618,47.69
4966,2019-08-04T11:06:13Z,ac921373f49635f5207c61b2f91377ca1cd682be527d3b5fbc78ed7b,60.16829,24.94214,00000000afef4555,20.28
4967,2019-08-04T11:06:13Z,add92af5006cee56f2da79112486b97d5a7c06f12252676b7638064d,60.16762,24.95415,000000006b44cce7,7.05
4968,2019-08-04T11:06:13Z,ae3cda5066e455d4b1e58860e8fb7a35efad69b9964a676b476b0687,60.14947,24.91438,000000004ef3150d,3.4
4969,2019-08-04T11:06:13Z,b2298fc6f63c02481610f9aef24f1a0c1711c255adc43c0fe135c1ca,60.14947,24.91438,000000004ef3150d,14.89
4970,2019-08-04T11:06:13Z,b3266ecf36a984b814e1b2d31b447438bd948a9c116721480104792f,60.16829,24.94214,00000000afef4555,16.1
4971,2019-08-04T11:06:13Z,b3306cd4af1d1a04ef09567c8908ad55c56d9bf6ec7c10af9aea3dea,60.17002,24.94407,000000006b087f40,12.69
4972,2019-08-04T11:06:13Z,b364afaf81164cbf2af22967b068e3f61253af381895a3a452fc9e57,60.16762,24.95415,000000006b44cce7,17.4
4973,2019-08-04T11:06:13Z,b50b3c2006581bccfeaa9ea964649350c7d5b8177baa29a37e628584,60.14947,24.91438,000000004ef3150d,29.32
4974,2019-08-04T11:06:13Z,b59631b8902194c916f7d3ddcc02d4200a3de0380fa554d87e6856c0,60.17002,24.94407,000000006b087f40,4.11
4975,2019-08-04T11:06:13Z,b5cdbcdc30e0bf653ce353c867708b0067db5e394c8cbe848d978a77,60.14699,24.922,00000000a53ed894,10.78
4976,2019-08-04T11:06:13Z,b5f80d159e59c4558e49ea6fb68f6bc72ee9eb92bee60991bdf4e46f,60.16762,24.95415,000000006b44cce7,13.75
4977,2019-08-04T11:06:13Z,b601cd655bb9f05aa6ec86fc9eb9300c3bc20bc0e856e94ad168a257,60.14947,24.91438,000000004ef3150d,9.92
4978,2019-08-04T11:06:13Z,b73b17dd123716dfcd4476e32d848356ad75f6ae22f3718e16a24fbe,60.16448,24.97323,0000000053c6c2be,31.5
4979,2019-08-04T11:06:13Z,b8f5834e6b992cf5568ae3153fb4b07e97b7f6dd01250851134c1824,60.149,24.9843,00000000fffb8cf0,23.56
4980,2019-08-04T11:06:13Z,b9447a524f5b5bf98585b27b92195b09869ee9cd9da3cf8d2b59c57d,60.16829,24.94214,00000000afef4555,17.4
4981,2019-08-04T11:06:13Z,b9518af3996d754e6482a42a26d51867e361046fdca90a5fd443113c,60.16897,24.95222,00000000aa852af1,23.56
4982,2019-08-04T11:06:13Z,ba288a5fd2befbc9ed08e7876ad7cb2bd8bfe6f5756d2ffe8e2dc558,60.17002,24.94407,000000006b087f40,10.78
4983,2019-08-04T11:06:13Z,bac5abd66caf627f4579d5c2cddad074267cd5bac95bd0e68a1e1fb7,60.16897,24.95222,00000000aa852af1,27.28
4984,2019-08-04T11:06:13Z,bbf7d8b9085ddcd3b94f55f93b52cb40a251c44f5df4099ba5b61471,60.16829,24.94214,00000000afef4555,11.7
4985,2019-08-04T11:06:13Z,bd7fa2c07b7e0eab8afb3d9825a810643c2eb71f83c09a1e26cac54c,60.16762,24.95415,000000006b44cce7,2.8
4986,2019-08-04T11:06:13Z,bdc8bd416444be70683b3475302093428e4abe14284e9579617fe8ea,60.1638,24.96846,00000000d747f075,31.5
4987,2019-08-04T11:06:13Z,bf1bf5222ce141fbaa484d3bbf568d521b90699d69ec5fc413c9d716,60.17002,24.94407,000000006b087f40,7.05
4988,2019-08-04T11:06:13Z,bf4235c977b63f07c70679988ae6990db3734c8bde50741c636155b9,60.16762,24.95415,000000006b44cce7,9.12
4989,2019-08-04T11:06:13Z,bfd5c2630b36fde15de01ea74e598d035402cf1edb7c9230617927e0,60.16762,24.95415,000000006b44cce7,3.4
4990,2019-08-04T11:06:13Z,c27fee8ae8d689338b043608280c83cfa6f3276d3837ecea5f742dc3,60.16762,24.95415,000000006b44cce7,4.94
4991,2019-08-04T11:06:13Z,c295586f7beda12838a6631ba525676d39d7d054c321b62de8c8c3d2,60.16629,24.95957,00000000fb7600be,21.87
4992,2019-08-04T11:06:13Z,c2cc33e5b1b8d254d4bcbc0ffa13c9200676a39a191cc31a38d28d8d,60.17065,24.93641,000000000f4919c9,31.5
4993,2019-08-04T11:06:13Z,c2e135ad2c160277e290705658ac41d7cd35b11ebf61d829fdd0b428,60.14699,24.922,00000000a53ed894,9.12
4994,2019-08-04T11:06:13Z,c45e3c4e8ec0fc85457d3b4ed4c49ed0116b4cf447e2983f353abcd8,60.16829,24.94214,00000000afef4555,10.78
4995,2019-08-04T11:06:13Z,c4c3ad738ca47920bb66939f620126c87f730c644813158554916827,60.16762,24.95415,000000006b44cce7,18.79
4996,2019-08-04T11:06:13Z,c55894159f2080031cda702c78ee54463c3c15ab1b3638afdf687f08,60.16531,24.9442,00000000fdda10fe,4.5
4997,2019-08-04T11:06:13Z,c6b0ea433c3fdc73e0bac7e3faa2690506c4e8ec7fc54210446a7ffa,60.14947,24.91438,000000004ef3150d,11.7
4998,2019-08-04T11:06:13Z,c7ced11121537f55bcd7d7ab67312226dafe7c85320c5357a35d5ab7,60.17002,24.94407,000000006b087f40,16.1
4999,2019-08-04T11:06:13Z,c8f8a7a901c692af2aec8031d27f0b7efc946f113895771f87fefe1c,60.14947,24.91438,000000004ef3150d,13.75
5000,2019-08-04T11:06:13Z,c990a15d27cfc21e63b7c96b95949254f1194e8b27118386a589e2bd,60.16897,24.95222,00000000aa852af1,21.87
5001,2019-08-04T11:06:13Z,cb2f32be2e27fc44ead887ff7f76c0199bf68b2c6711e6880f4acd01,60.16762,24.95415,000000006b44cce7,5.91
5002,2019-08-04T11:06:13Z,cb37b8fad0bc758cf37d7ea1052f3a98f29282ae37ec635d6eb2c511,60.16762,24.95415,000000006b44cce7,13.75
5003,2019-08-04T11:06:13Z,cc696789aed7ee6ea1dff48eae7da441c3a3ccb4f18ab60ba702c91f,60.16762,24.95415,000000006b44cce7,33.81
5004,2019-08-04T11:06:13Z,cd7d0e9404c9f4e8fab0742460b9acb4d5bbb97f44df80d4a8b973cd,60.17002,24.94407,000000006b087f40,8.38
5005,2019-08-04T11:06:13Z,cf241827513137f094cda8111245217a32612fdb8fdb573be6e1893d,60.16762,24.95415,000000006b44cce7,12.69
5006,2019-08-04T11:06:13Z,cfc79310c3124813bbb9cfe4d4edc24cfa4b7c23419b4517c5eed261,60.16448,24.97323,0000000053c6c2be,13.75
5007,2019-08-04T11:06:13Z,d04b5065ec93818b731141027d11e6a1cf53de69b9737d7aea0c34da,60.14947,24.91438,000000004ef3150d,17.4
5008,2019-08-04T11:06:13Z,d162ad46250f7d87af446db22df4aa6b2eb2bf22f83beca34e857743,60.16762,24.95415,000000006b44cce7,5.41
5009,2019-08-04T11:06:13Z,d2e3bf982b10b2079eaa464127a286409c5030b21ffe9a2ce08bbb9c,60.16762,24.95415,000000006b44cce7,7.69
5010,2019-08-04T11:06:13Z,d2fd0c6415d2d8e49fef3415fb8747b524191b4400a4fbb66428cb12,60.14699,24.922,00000000a53ed894,21.87
5011,2019-08-04T11:06:13Z,d496353cba199ed0318530e50bf8778abe3ddffac1ecf53fdb6399d6,60.17002,24.94407,000000006b087f40,21.87
5012,2019-08-04T11:06:13Z,d4c9ea46d58288bf42808788e668072465d91dd3c874a8a51de5794e,60.16897,24.95222,00000000aa852af1,21.87
5013,2019-08-04T11:06:13Z,d6a8c97f1ec18c7a90d3beae358bad67f8d53626258a852e15b08c5d,60.14699,24.922,00000000a53ed894,12.69
5014,2019-08-04T11:06:13Z,d71a315bac918f9a18fcd820731e6d9eb54fb0d01c324ca088ef8858,60.149,24.9843,00000000fffb8cf0,17.4
5015,2019-08-04T11:06:13Z,d7416b821dba1c0f495afe215dbe099173aedf90d0084084f6e485ac,60.16448,24.97323,0000000053c6c2be,36.27
5016,2019-08-04T11:06:13Z,d82f37918d46bea29e113c6b57b901b1b960ed3337bdcce777aea476,60.17065,24.93641,000000000f4919c9,20.28
5017,2019-08-04T11:06:13Z,d9138495b15650460946f56faa26bf36e7dc6cf74b3d84614efbc8cd,60.16897,24.95222,00000000aa852af1,16.1
5018,2019-08-04T11:06:13Z,d9a5b0033b928dc7932083909b29c0529a51ccc1c1cd9cad67c4306a,60.14699,24.922,00000000a53ed894,27.28
5019,2019-08-04T11:06:13Z,dabb7edec36f560d07547c2595765be02b0731b3826f93f5c41b7120,60.16762,24.95415,000000006b44cce7,13.75
5020,2019-08-04T11:06:13Z,dc4043efe103db9ce55ad4d987a45cf9821cdc3e63cf7b15b6d48baf,60.16897,24.95222,00000000aa852af1,17.4
5021,2019-08-04T11:06:13Z,dc816e92e4a2eceea03f41fc379fda0e3d57b5d0fbd9a06430432022,60.16762,24.95415,000000006b44cce7,6.46
5022,2019-08-04T11:06:13Z,dc82f9648bb5ba21e766e0923f5fa7ca2d77662ab0edbe22a3d95631,60.14699,24.922,00000000a53ed894,8.38
5023,2019-08-04T11:06:13Z,dd8e0699822b1a8a3f8a91fcb10729f6f7cd0a4736f36dc60974c36e,60.16762,24.95415,000000006b44cce7,14.89
5024,2019-08-04T11:06:13Z,ddbe1c752edac7319f5080f5633828b88003cabf67ac8f89932643a7,60.17919,24.95181,000000007b5207b6,21.87
5025,2019-08-04T11:06:13Z,de71e27b55ef6f2f51f05838a2fcab596f1dd93a14ece5ce4548f5c7,60.14699,24.922,00000000a53ed894,9.92
5026,2019-08-04T11:06:13Z,e01908a975abc95425179eadafdba31d371f1d64674c967686df87a3,60.149,24.9843,00000000fffb8cf0,12.69
5027,2019-08-04T11:06:13Z,e081e4b3252ca91bbf1cbb70faa116d60317fbf3a991a67bc99b4bfa,60.149,24.9843,00000000fffb8cf0,5.41
5028,2019-08-04T11:06:13Z,e0d7e8b332ca8514428ab10acf6d3a6b777da62ff8ea3e18d9b32989,60.16762,24.95415,000000006b44cce7,9.92
5029,2019-08-04T11:06:13Z,e1da87aea335bcd04e4c876158b96ebc7ba4206bc216c3aa27a2f4af,60.17919,24.95181,000000007b5207b6,3.4
5030,2019-08-04T11:06:13Z,e305610124e16ed1411a221b29ce69a076cc47982efd6c098b0599ab,60.14947,24.91438,000000004ef3150d,11.7
5031,2019-08-04T11:06:13Z,e32e078697e70d6e3cb4b156ada3a4756315227b125615d7b5c116a7,60.16762,24.95415,000000006b44cce7,5.41
5032,2019-08-04T11:06:13Z,e44d7228cecbdb2474e1cc396a6c13943f09c08c19d0ffab1997d509,60.17919,24.95181,000000007b5207b6,18.79
5033,2019-08-04T11:06:13Z,e53a901aed874016e1cd1ed3e9b2891fca850986cb2fa04f5162cf52,60.16762,24.95415,000000006b44cce7,1.38
5034,2019-08-04T11:06:13Z,e557e164cd52fd817b02cad6587a294d72b0974d9b014ad69ea5e08e,60.17919,24.95181,000000007b5207b6,16.1
5035,2019-08-04T11:06:13Z,e5928057da667903de0b6c1245e1f58273dd85d63d8af0f4eaa771de,60.16762,24.95415,000000006b44cce7,7.69
5036,2019-08-04T11:06:13Z,e5b9b4813c081a31fb498e7f9adb94918c267dfa125c63790c0d9488,60.149,24.9843,00000000fffb8cf0,3.09
5037,2019-08-04T11:06:13Z,e82fb1b58cd1d81fb46e1dca3b34ae603aa01acb01ef1d8a7178defc,60.16544,24.95398,0000000038d83d41,23.56
5038,2019-08-04T11:06:13Z,e9d59e25b58f33f70aad6832863cb59d7485ca55a1575558f92b74e7,60.16897,24.95222,00000000aa852af1,21.87
5039,2019-08-04T11:06:13Z,ea156c99dd8945ef87da4c332787a6202e9eedc69f726cafae8d3258,60.1538,24.95595,0000000038bf9618,29.32
5040,2019-08-04T11:06:13Z,ea3eef2f497e934d53c3a02bfa190abb42a24ce200d24c69598dbf84,60.16762,24.95415,000000006b44cce7,7.69
5041,2019-08-04T11:06:13Z,eb10ddb244dec4641f50a9b05b0e1cfdf4ac49e3dc3001cddb1e67c0,60.16762,24.95415,000000006b44cce7,8.38
5042,2019-08-04T11:06:13Z,eb261026c6f65b651ddf21bed629a1e164cfb500d0b78062704ec15c,60.16762,24.95415,000000006b44cce7,4.94
5043,2019-08-04T11:06:13Z,eb3dde73e84f5016b5545e9fa2e08d04257ebe448619783f90edcd23,60.16762,24.95415,000000006b44cce7,16.1
5044,2019-08-04T11:06:13Z,ec485175d2b7a2c53d03bf546aee134c116d998976601b069570c6f9,60.14699,24.922,00000000a53ed894,16.1
5045,2019-08-04T11:06:13Z,ecb1735f180422ec69f041cd2782a26c9f07d27a87893b3c30aaa9b7,60.16075,24.95883,00000000f1124bca,3.4
5046,2019-08-04T11:06:13Z,ecb5655da668bb183a5c270a96927649c323975e318184d248247099,60.16829,24.94214,00000000afef4555,11.7
5047,2019-08-04T11:06:13Z,ecf13e9d610ad235409932d263110fd52c69d0f5f39e9ffd3ad8b740,60.16897,24.95222,00000000aa852af1,11.7
5048,2019-08-04T11:06:13Z,ed3b2eaece7e8846b296ad5c3f195aafb7410c95a88887d845982981,60.16762,24.95415,000000006b44cce7,18.79
5049,2019-08-04T11:06:13Z,ede13c9dc221bbc6c1daf78250fa6547303c06d7606c05ba0bf64547,60.17919,24.95181,000000007b5207b6,4.94
5050,2019-08-04T11:06:13Z,ee0dd7cb7da038afb0573e5dc0a158f0d299ce903d057b2f11344452,60.16829,24.94214,00000000afef4555,23.56
5051,2019-08-04T11:06:13Z,ee200a3ba703878e67370bbef4c8768feda628ad2e83512a927fec31,60.16897,24.95222,00000000aa852af1,23.56
5052,2019-08-04T11:06:13Z,ef15ff71b7dc4c2088249a4fca7e28900ae315245a7a3b4d571bf582,60.16829,24.94214,00000000afef4555,13.75
5053,2019-08-04T11:06:13Z,ef45fdc095ee55730384922266d8fce61de212d3c3df2441ea10e524,60.14947,24.91438,000000004ef3150d,16.1
5054,2019-08-04T11:06:13Z,ef5e495c5f9d3dd9eb22ed5b8faf1cc9e4225d4785ebb26a87d16fff,60.14699,24.922,00000000a53ed894,5.41
5055,2019-08-04T11:06:13Z,f04251ace2b79d56bee25fce26175de1bea524d390dd5cdb6b2652a8,60.14699,24.922,00000000a53ed894,27.28
5056,2019-08-04T11:06:13Z,f110acae92fec55c6caca5de864773a6b99e5b8d6e2fdf8d1bdbc759,60.16762,24.95415,000000006b44cce7,2.08
5057,2019-08-04T11:06:13Z,f196f5f8c08299d290b3bac1944e00bb1f2c90594db66438b0c10e6e,60.16629,24.95957,00000000fb7600be,12.69
5058,2019-08-04T11:06:13Z,f1d44b9d3710849eba7eab0b6646053378aa5f8ee3491ec2522f3c44,60.14947,24.91438,000000004ef3150d,14.89
5059,2019-08-04T11:06:13Z,f2467c8ede6444941158701b7bd9d005beec9ffdb355ce2d8c7a9bfd,60.149,24.9843,00000000fffb8cf0,20.28
5060,2019-08-04T11:06:13Z,f43b8b2cf2c0bd291543858796d75b211d283ab73dcab5ad5dfd0aeb,60.16897,24.95222,00000000aa852af1,6.46
5061,2019-08-04T11:06:13Z,f4b9fc6acb673aea24fe00dfbe806b81fedab0c2ea82d781f7659ce5,60.16762,24.95415,000000006b44cce7,6.46
5062,2019-08-04T11:06:13Z,f5ffa3dbcdd5592ac31344cb04a7a6d639109a4d6e196fa0df3990dd,60.17065,24.93641,000000000f4919c9,29.32
5063,2019-08-04T11:06:13Z,f65653d90604ec5056682852700fbaf1379932745358f71dd7a94809,60.16897,24.95222,00000000aa852af1,21.87
5064,2019-08-04T11:06:13Z,f78ef2ddbe48b534137498eab56c0a55ec0e0b1d8868e82cb5652a0e,60.14699,24.922,00000000a53ed894,2.8
5065,2019-08-04T11:06:13Z,f7be7d003528c0c0827040a3a3723e49406a5a7c86cb4bc568a830db,60.17002,24.94407,000000006b087f40,20.28
5066,2019-08-04T11:06:13Z,f9f42c3132515705c0013fb8e137897c93844d24acc22cb4ac9384a0,60.149,24.9843,00000000fffb8cf0,7.05
5067,2019-08-04T11:06:13Z,fa1579394f4980e1fe11248f7be4e646b601a3d8cdb9361f182d066c,60.16762,24.95415,000000006b44cce7,9.92
5068,2019-08-04T11:06:13Z,fb197be4589e2d16cfe2899ae06282639009e64a5bff759f4a8a3e43,60.16629,24.95957,00000000fb7600be,23.56
5069,2019-08-04T11:06:13Z,fb37b263777ffcf7fe1fb6484821cae2b8beb03b5f5009109748dedb,60.16762,24.95415,000000006b44cce7,9.12
5070,2019-08-04T11:06:13Z,fbccaff441d52a5aeba79ca785ef499aa8ce201503787c329885a565,60.16897,24.95222,00000000aa852af1,18.79
5071,2019-08-04T11:06:13Z,fbd28054e4a5478c8ca06f4d682405d1c59bef4853cad413ecb58d13,60.14699,24.922,00000000a53ed894,20.28
5072,2019-08-04T11:06:13Z,ffb7319984ecae155652e100da9b204f0b92f3b6c7239cfea4dcf966,60.14699,24.922,00000000a53ed894,11.7
5073,2019-08-04T11:06:14Z,004c3624f943830bc6a9f17173a2cd0996622cade5184ad2b9fba729,60.16897,24.95222,00000000aa852af1,9.12
5074,2019-08-04T11:06:14Z,0152988639aaaa9cc27213280c8f0c0c8ec97ae6a45aaaf743c9c25d,60.16544,24.95398,0000000038d83d41,25.36
5075,2019-08-04T11:06:14Z,09ddbf38333e76a79fd836112bd8c3f8bf7f3dadfb3d49945ad4c486,60.16897,24.95222,00000000aa852af1,4.5
5076,2019-08-04T11:06:14Z,112c36ba789fa57e2b19c9bff8bfe0b3eba19a431c3af4656c4cee5b,60.16531,24.9442,00000000fdda10fe,36.27
5077,2019-08-04T11:06:14Z,126e7fa4dd9205201617bdc0c7c346bfb57e1a75d3d7d3d9c260d51b,60.16629,24.95957,00000000fb7600be,18.79
5078,2019-08-04T11:06:14Z,128f1b89d7a534aa206a7823b692594bbd4d349761baa04c0fc72f2c,60.14947,24.91438,000000004ef3150d,12.69
5079,2019-08-04T11:06:14Z,14c7e1511b70f4dd3359cbece1377aebb4d70531f5489eefe53d7c3c,60.16544,24.95398,0000000038d83d41,25.36
5080,2019-08-04T11:06:14Z,165ebbb4090d47319ae370f0d0854fdc1f6b79499f8b2e4d3c3533c0,60.16544,24.95398,0000000038d83d41,20.28
5081,2019-08-04T11:06:14Z,16c994bb2e24124a910c247376d16e980a65626a94c4c0aaab27df60,60.16829,24.94214,00000000afef4555,27.28
5082,2019-08-04T11:06:14Z,25a7ff811c3c06e426c7c2cbb0433d9a2a3399b23afecbd35584ab0f,60.18203,24.91341,00000000342570c2,10.78
5083,2019-08-04T11:06:14Z,269109af99b12861eeb19ab8698033d9c00895687da47af3f4310e9d,60.16762,24.95415,000000006b44cce7,9.12
5084,2019-08-04T11:06:14Z,32dd92b5a658392a4ec84eaf95152ee72258b6b0fb670b97882ac902,60.16829,24.94214,00000000afef4555,13.75
5085,2019-08-04T11:06:14Z,4109bc1b623e0a82ceba2140527c969669063be199f828a7e96f3f8f,60.16762,24.95415,000000006b44cce7,18.79
5086,2019-08-04T11:06:14Z,43b676ed3aef4c2d8846694817e76117873be52e7f788e0cb366c1c4,60.16629,24.95957,00000000fb7600be,25.36
5087,2019-08-04T11:06:14Z,44d0b94469070803869f229601e877beb613c3f5aafa009addf97a1a,60.16544,24.95398,0000000038d83d41,20.28
5088,2019-08-04T11:06:14Z,5d65719c4cbf045f068d084b72302f447d5fd034413d97d13be00d0e,60.18203,24.91341,00000000342570c2,21.87
5089,2019-08-04T11:06:14Z,66dabd3229229330d23c70e9e1737429ddfe69db01f4a6a00f70fa20,60.16762,24.95415,000000006b44cce7,20.28
5090,2019-08-04T11:06:14Z,69219e9efa41ae9e732653e9eaf08e1a34cb853a9dafe76ddeea4d04,60.16897,24.95222,00000000aa852af1,17.4
5091,2019-08-04T11:06:14Z,6a70e2fbced719333e21eff04fcb9cb36bae9a04d1a3d6ddd96f2c58,60.15432,24.9211,0000000019fb59c4,12.69
5092,2019-08-04T11:06:14Z,79f136afa0dd8717337c01c70b457c464aaf0fa25b440f51a394ec23,60.16762,24.95415,000000006b44cce7,12.69
5093,2019-08-04T11:06:14Z,87dfaad29a9276ddddb1fa021d3bc23ad14824c1af16f7d87e713689,60.14951,24.92138,0000000006dd41f6,9.92
5094,2019-08-04T11:06:14Z,88808fe92573e9cdf022cc15b9689b6b4b9429f60513c8897b0ba4c7,60.16897,24.95222,00000000aa852af1,17.4
5095,2019-08-04T11:06:14Z,8c3b1ed0846e38cc84b863a80540c8a75bfd85c8bdda36563d153110,60.16544,24.95398,0000000038d83d41,33.81
5096,2019-08-04T11:06:14Z,8c75c3289c84fe4493e1e272a77b615fe1985880c5dc68a7c1a17b53,60.16762,24.95415,000000006b44cce7,13.75
5097,2019-08-04T11:06:14Z,92524354048a0b73aacc2745ecface2dec61989197d03321c59b8821,60.14699,24.922,00000000a53ed894,25.36
5098,2019-08-04T11:06:14Z,9843c6216661048343a0e49cf3d8aa2883cf77f452666a1c873a1052,60.16448,24.97323,0000000053c6c2be,16.1
5099,2019-08-04T11:06:14Z,9992834418850939882f3b334eee492eb98d4f9d6d6118f9ee108793,60.16762,24.95415,000000006b44cce7,3.09
5100,2019-08-04T11:06:14Z,a13e5d46f0a2d1c6b58878e1b198905e9b14e3a85b5e4adab88b4b87,60.16762,24.95415,000000006b44cce7,11.7
5101,2019-08-04T11:06:14Z,a91d379a4b57c5df22db0d7a041ff69f657b4b31f28554b1011fc03c,60.16544,24.95398,0000000038d83d41,36.27
5102,2019-08-04T11:06:14Z,b5fd6b317890e5ab2d79e2cd1abe61626d45a753c7337d0d40728898,60.16762,24.95415,000000006b44cce7,9.92
5103,2019-08-04T11:06:14Z,b936e41d8712ae967f3ebb413fc44f060bb10613f95537757886ede2,60.16762,24.95415,000000006b44cce7,6.46
5104,2019-08-04T11:06:14Z,c40c37def6bf11a63a2556519a7c6233fd417cdeea2cf14f28e7c42c,60.16531,24.9442,00000000fdda10fe,27.28
5105,2019-08-04T11:06:14Z,c97eb4181394121907d47b908495f54e5ee5145ff790f7a1dc21b3cf,60.16897,24.95222,00000000aa852af1,12.69
5106,2019-08-04T11:06:14Z,ca6927628f5ddda20036865c9345ad93d476d62ade3b181de568eed6,60.16897,24.95222,00000000aa852af1,21.87
5107,2019-08-04T11:06:14Z,cf05623e4d87ce0906c0b0b7dbf53aacc1228016cd27c341228b6e76,60.18203,24.91341,00000000342570c2,18.79
5108,2019-08-04T11:06:14Z,cfc0bedb78ded52749db3188cb188bf6a250ef5990da9c5afa9623fc,60.14951,24.92138,0000000006dd41f6,27.28
5109,2019-08-04T11:06:14Z,dbeb00942457ba3c5fb1984b57b1dedb268c0e761e80729b939f1fd8,60.16544,24.95398,0000000038d83d41,20.28
5110,2019-08-04T11:06:14Z,e224ae5ea47af2e3048f83b13a1f45dc135c0ca6be72547b01729086,60.1538,24.95595,0000000038bf9618,20.28
5111,2019-08-04T11:06:14Z,e6af35ebe4c87f166821f11fad668537305c0f52d192e9c4d308eaa9,60.16075,24.95883,00000000f1124bca,29.32
5112,2019-08-04T11:06:14Z,e764c1a69976425ee9c1982ca445db7a575a9d610bcb2215eeb2a728,60.14947,24.91438,000000004ef3150d,18.79
5113,2019-08-04T11:06:14Z,e8e366e76c97944e23c0f80b4fd3ce6e5832744922297146a49f0c7e,60.16762,24.95415,000000006b44cce7,14.89
5114,2019-08-04T11:06:14Z,e96bd269a48b822b06141c3362fcb6d5ed4d0d09a120f2e4a712d5c2,60.16897,24.95222,00000000aa852af1,29.32
5115,2019-08-04T11:06:14Z,ed70dda6b7faebd4340dacdb452ab224d9d3c308df417b7fa76f54e8,60.14951,24.92138,0000000006dd41f6,23.56
5116,2019-08-04T11:06:14Z,f088630d7476dae7d4b7e2bb1f10575f2c89acb4b6e061f3d57c2b40,60.16531,24.9442,00000000fdda10fe,21.87
5117,2019-08-04T11:06:14Z,f30a5193aa7850aac581b8dd71512a8712c96f36fdef78d8292d4788,60.16762,24.95415,000000006b44cce7,5.41
5118,2019-08-04T11:06:14Z,f31cfded6f566f9c032c80c52ea642407be312c5d42521ab7a8d3e2a,60.16897,24.95222,00000000aa852af1,13.75
5119,2019-08-04T11:06:14Z,fc4f3a44235f1cfc7b53f14ba2da599976a5a0a220d23b852688e485,60.17919,24.95181,000000007b5207b6,6.46
5120,2019-08-04T11:06:14Z,007540b1ada16f6000987e20cd81a3deb18b2aea4cb95b50e099dcee,60.17065,24.93641,000000000f4919c9,21.87
5121,2019-08-04T11:06:14Z,00df07521690a1fb6e56d9506781a9888bb54e5230f6de1be64ba13f,60.14951,24.92138,0000000006dd41f6,23.56
5122,2019-08-04T11:06:14Z,0236a1d5b9b9d2249407a79705eee38de360ceb0530a8959ba5bc15b,60.149,24.9843,00000000fffb8cf0,9.92
5123,2019-08-04T11:06:14Z,02a354db29cd5bc16976a9d933e03a41be350f9cc78098829a7dcfd4,60.14947,24.91438,000000004ef3150d,23.56
5124,2019-08-04T11:06:14Z,05f52537369257fe91fca514a559e377e4e4644c7478e3c7a015ea28,60.18203,24.91341,00000000342570c2,25.36
5125,2019-08-04T11:06:14Z,0625280cf414aa015aa8b4d504d6fc74879a1144b913e254fec5db9d,60.16762,24.95415,000000006b44cce7,6.46
5126,2019-08-04T11:06:14Z,0656a0c0a353f164b57fbdd9e648d71fab429964d97ed07ab2c5dc30,60.18203,24.91341,00000000342570c2,14.89
5127,2019-08-04T11:06:14Z,07d9aa9fe10e58c26960ba10eb2f13607a7cea0226acaecbdcc52508,60.16762,24.95415,000000006b44cce7,13.75
5128,2019-08-04T11:06:14Z,08833115ba0f62666fee594662c171563759459bb5f65ffdfeaeaed1,60.18203,24.91341,00000000342570c2,20.28
5129,2019-08-04T11:06:14Z,08b10b51864dc039f0a07c997e66e7a263ee1cde5b0b88b2a1178c58,60.16829,24.94214,00000000afef4555,9.92
5130,2019-08-04T11:06:14Z,0908cd498c7f2aa406c46fc7f3691ab9a3474d97df054b043d898062,60.16629,24.95957,00000000fb7600be,25.36
5131,2019-08-04T11:06:14Z,096c3b0de1dab1407cd4d3330546404c0d62ce025924420496380f89,60.16762,24.95415,000000006b44cce7,5.91
5132,2019-08-04T11:06:14Z,0a949aafc0be15c68d73a5dd186d726aa6b921f44303a712ac6ddcb8,60.16762,24.95415,000000006b44cce7,9.12
5133,2019-08-04T11:06:14Z,0b45b52bc137c31ce83561c857f809296ec70f5537976a4a4d573d4f,60.16829,24.94214,00000000afef4555,11.7
5134,2019-08-04T11:06:14Z,0c959027ce302054b09087cac97a83aa7e24fb9e4fa2710763f912cb,60.16829,24.94214,00000000afef4555,3.4
5135,2019-08-04T11:06:14Z,0d2490ed58c11eb4a754a30cc4bcb21c7243d322a2caf7cc360e4e8c,60.17065,24.93641,000000000f4919c9,11.7
5136,2019-08-04T11:06:14Z,0db98d8680214cff9c8fab718518b331dd107676ffaac602192a3654,60.149,24.9843,00000000fffb8cf0,23.56
5137,2019-08-04T11:06:14Z,0dc12f22306d5f6622fc786011f32f1961a5f94018be9c2236fb2e52,60.14699,24.922,00000000a53ed894,16.1
5138,2019-08-04T11:06:14Z,0e9170bc93107bf16cd12839eca9ea157f19169d66085e8a435b0f1d,60.16762,24.95415,000000006b44cce7,9.92
5139,2019-08-04T11:06:14Z,116e59da308964e8eb82cb6e5a758aad726ec3800f0fa17bc661e8fe,60.16762,24.95415,000000006b44cce7,9.12
5140,2019-08-04T11:06:14Z,117b6ba38be2f875c85c9c048106db4d2dbce58629a807d7d7773b6c,60.16762,24.95415,000000006b44cce7,9.92
5141,2019-08-04T11:06:14Z,1327ce24f157334f864f913637993c80380ce5f5c911e4b0d31c5eb7,60.149,24.9843,00000000fffb8cf0,1.88
5142,2019-08-04T11:06:14Z,135b81a7a5a9dd70569656553c100af6fdc760bcf92d9b7b48261cb1,60.16897,24.95222,00000000aa852af1,20.28
5143,2019-08-04T11:06:14Z,1374f31e71652faf3e69316a295c22d59e560f15e35f42b003a89222,60.14699,24.922,00000000a53ed894,21.87
5144,2019-08-04T11:06:14Z,13b0a8ca1414d7b2b0e8d5f80069a5d26c6f62a68b58eda25a4b85f4,60.16829,24.94214,00000000afef4555,9.92
5145,2019-08-04T11:06:14Z,17b39c4376c28dc9e1c1221de9d5037abfea5d59d30cdd48208fc3a8,60.16762,24.95415,000000006b44cce7,9.12
5146,2019-08-04T11:06:14Z,182e58bd6c3c8d836225d454a878bc55d8ed5166564a22f8b635f6ff,60.14947,24.91438,000000004ef3150d,23.56
5147,2019-08-04T11:06:14Z,1921be9815a57f11f291ca085add7b4bf1d044518b03b725df7cf7d5,60.149,24.9843,00000000fffb8cf0,18.79
5148,2019-08-04T11:06:14Z,19db84758eba08a5f9bb56b0ff91d05286765c8e8dfa31bd0b2aaa1c,60.14947,24.91438,000000004ef3150d,16.1
5149,2019-08-04T11:06:14Z,1a06b5f7f305badd45e93db9d86d76ed3a2a96ec55ec47c836921e3e,60.16762,24.95415,000000006b44cce7,7.69
5150,2019-08-04T11:06:14Z,1a623175e52f0b1da44bc24027c8d374dbd7710157b6a78e417b7cda,60.16762,24.95415,000000006b44cce7,18.79
5151,2019-08-04T11:06:14Z,1a9a0f74c353624c42c19c007e82c9c2547b7285d8353d0e375e3f05,60.14699,24.922,00000000a53ed894,3.09
5152,2019-08-04T11:06:14Z,1bf50dfe32abb7c9766ead8b6b3e91a0c13f773550f6f4f9b11063e2,60.18203,24.91341,00000000342570c2,16.1
5153,2019-08-04T11:06:14Z,1c8c3befa38b65f707dd4933a68e5e3c9e7c82592fd382779127416b,60.16897,24.95222,00000000aa852af1,18.79
5154,2019-08-04T11:06:14Z,1ce242f8d8220cd38bf3ea9138c99ae9b2f79b28e68edb864f090ec9,60.149,24.9843,00000000fffb8cf0,27.28
5155,2019-08-04T11:06:14Z,1f3c0c25584dec03a1a14bcca7512f3e83afd49569b548df92464d33,60.16829,24.94214,00000000afef4555,23.56
5156,2019-08-04T11:06:14Z,1fa2c533bba37b249a0105001153733e67a559d40c22cab67f135f64,60.14947,24.91438,000000004ef3150d,7.69
5157,2019-08-04T11:06:14Z,2136558e0a9a89ed5aa044485a8e31bff3b7e5acf38c645a06782afd,60.16448,24.97323,0000000053c6c2be,31.5
5158,2019-08-04T11:06:14Z,21e1b0aebd1c050ac0463a0269b847e7e94b782ed10399e5e749817f,60.16829,24.94214,00000000afef4555,21.87
5159,2019-08-04T11:06:14Z,221dba1f7562b992e9c11d7d1331a44ac293bc301248736c8432deb2,60.16762,24.95415,000000006b44cce7,16.1
5160,2019-08-04T11:06:14Z,227b93698b29687beea48184f42aab63a21fa362af7251be32db2e15,60.16531,24.9442,00000000fdda10fe,2.8
5161,2019-08-04T11:06:14Z,23786c82e2641aed0e0b004658480a212bf0397568e914487819045c,60.16897,24.95222,00000000aa852af1,14.89
5162,2019-08-04T11:06:14Z,23b4a8c7918ca417eab83481a710fd544e1fa8bf7073b5955c0155c8,60.14699,24.922,00000000a53ed894,14.89
5163,2019-08-04T11:06:14Z,2535cb5c89ec66044a005b03dd769ca8d0022164a816c06db0e49892,60.16762,24.95415,000000006b44cce7,10.78
5164,2019-08-04T11:06:14Z,2671a156fa8d8bb05970481c8f83bcf9f261f73dae27f2bb9ac88aeb,60.14699,24.922,00000000a53ed894,9.92
5165,2019-08-04T11:06:14Z,27052b4dc21318eee25b7afdbe088c8d15e13ec11ac339166b209e58,60.18203,24.91341,00000000342570c2,18.79
5166,2019-08-04T11:06:14Z,2724e42551f43106ea58a8fcc6a43953baa1294cd65e17a90012f706,60.17065,24.93641,000000000f4919c9,0.71
5167,2019-08-04T11:06:14Z,277125506ba4ea1afb2c696256b262e0708d43c30c769a1d4a382a76,60.16762,24.95415,000000006b44cce7,17.4
5168,2019-08-04T11:06:14Z,296a0ffe230305a3d37818a0369b56c99dacdd5df5a161bf238e1084,60.16762,24.95415,000000006b44cce7,12.69
5169,2019-08-04T11:06:14Z,2977d3c4f181abb6662adf1d466a62167e2690a9c94dc53e5aa6a904,60.16762,24.95415,000000006b44cce7,7.05
5170,2019-08-04T11:06:14Z,29f5adc4d67413b7d368e8e94a41cf48339e3f5f0903f660170c4fe8,60.17919,24.95181,000000007b5207b6,23.56
5171,2019-08-04T11:06:14Z,2acbdfb5e555a9668c446767fc5d82728d254a45d17dff85e3342cb0,60.16629,24.95957,00000000fb7600be,16.1
5172,2019-08-04T11:06:14Z,2c85e4140ca0ba77c3598ceac05eb2c2342409ce8111c863fc58c606,60.16829,24.94214,00000000afef4555,0.84
5173,2019-08-04T11:06:14Z,2ccaeb30423977ff22b6afc29243b861b476a5f4ffafdf200d326d78,60.17002,24.94407,000000006b087f40,20.28
5174,2019-08-04T11:06:14Z,2de87ef94604fb63bec05eefb71b6cdd0b9807f8551159c2a35e7259,60.17065,24.93641,000000000f4919c9,9.92
5175,2019-08-04T11:06:14Z,2e6e6f89a7d75f0742d016de203c9acc8d6f6bdeb7b56bd12f482653,60.15432,24.9211,0000000019fb59c4,17.4
5176,2019-08-04T11:06:14Z,2f83e4cad2d924faecb3def25f54727f3e612bc5040c493dd6eccb1d,60.16897,24.95222,00000000aa852af1,21.87
5177,2019-08-04T11:06:14Z,2fe2e4165984d7880628aec591ce4747f18947da70312e6afca2946b,60.14699,24.922,00000000a53ed894,17.4
5178,2019-08-04T11:06:14Z,30bee351808d5e8082ce012b57f5bc0efc80f8394491a182e0eeee32,60.17918,24.95141,00000000675d5200,21.87
5179,2019-08-04T11:06:14Z,31659a798f1d780d587f07390c038a78fafa6cabb8180dba635863ce,60.17002,24.94407,000000006b087f40,13.75
5180,2019-08-04T11:06:14Z,3226c88241c6ac9d643c1843f44b6e5ee10df5f15a695e360582a9be,60.16829,24.94214,00000000afef4555,9.12
5181,2019-08-04T11:06:14Z,3262259981b4d615793e8692d3b8461ab7cc2c63789b0ce72c75075f,60.17919,24.95181,000000007b5207b6,38.87
5182,2019-08-04T11:06:14Z,32f77f5019e5fce30881c214487361e2e34b8c93277f6e546de72012,60.1638,24.96846,00000000d747f075,25.36
5183,2019-08-04T11:06:14Z,33a5da4eacfc49fefa067790c9fada1a86d9793367ded845a46f0779,60.16829,24.94214,00000000afef4555,21.87
5184,2019-08-04T11:06:14Z,3417d8a6b53687e70f126ebeb1d26a2ff6369dc9a551c3c35c5a04f9,60.17002,24.94407,000000006b087f40,16.1
5185,2019-08-04T11:06:14Z,34cf37df412ff36df19ebe47ecdd31e5a22355a1fa723a748ac901fd,60.16762,24.95415,000000006b44cce7,14.89
5186,2019-08-04T11:06:14Z,34ebfbffd9a126421b335e852aa094b727786622ade7757b36f67b57,60.18203,24.91341,00000000342570c2,25.36
5187,2019-08-04T11:06:14Z,35f337dd3baf0bc08002ec007d609b685ac29bb2a8bcad6783532a6b,60.16829,24.94214,00000000afef4555,16.1
5188,2019-08-04T11:06:14Z,374083907dd8980893623726af5633afd59b519c885ad12ba5c674eb,60.17002,24.94407,000000006b087f40,10.78
5189,2019-08-04T11:06:14Z,386dea4944e0b83648b4b6faf510fd47b0e9e29a2bb9311fe8a80ee2,60.17918,24.95141,00000000675d5200,7.69
5190,2019-08-04T11:06:14Z,399c89d38707c522dfc1c6f596506daea1a2d8189c1ed2deb91b992d,60.16629,24.95957,00000000fb7600be,16.1
5191,2019-08-04T11:06:14Z,3a23443662298e2601a38a20bcb69744211c52d9735d50c80d553ff4,60.16897,24.95222,00000000aa852af1,29.32
5192,2019-08-04T11:06:14Z,3ac85712ab657e849113d439795c4e7325d1025cacdbd9a41174b031,60.17002,24.94407,000000006b087f40,13.75
5193,2019-08-04T11:06:14Z,3ac9d056b0f04f774b238a125eb996d46437f7a8c5f6ba6712e971cf,60.17918,24.95141,00000000675d5200,9.12
5194,2019-08-04T11:06:14Z,3b355c039877bd4883845f3fc6ad8dd6f41f170274042f1397585680,60.149,24.9843,00000000fffb8cf0,12.69
5195,2019-08-04T11:06:14Z,3b5030adc7c303403a6333a1a6d35474c2f21c1d20ece72180660423,60.14947,24.91438,000000004ef3150d,13.75
5196,2019-08-04T11:06:14Z,3bd8214bd5284efaf354ec2a0dd2847f6051ceaace6a2691ff085d3d,60.17065,24.93641,000000000f4919c9,11.7
5197,2019-08-04T11:06:14Z,3e36420df19c06796a79acdad84551653de9b0132cb0987329f75291,60.16897,24.95222,00000000aa852af1,9.92
5198,2019-08-04T11:06:14Z,439ff6b8ff9dc79d47e223164a87fc2d620f29bc7ea1bc7ea4c5cc58,60.16897,24.95222,00000000aa852af1,27.28
5199,2019-08-04T11:06:14Z,44703b8dd01d3bd79585c9c7e12217e1ac152f86e2b0c9ed6be4bc19,60.16544,24.95398,0000000038d83d41,14.89
5200,2019-08-04T11:06:14Z,4472fa277123afabdf2402fc2a3c5bff2be437e6d56b590278de70fc,60.17065,24.93641,000000000f4919c9,31.5
5201,2019-08-04T11:06:14Z,448f6044c6c095d8c71341a0017dd6746f6e150f03af7c78b794308f,60.16762,24.95415,000000006b44cce7,8.38
5202,2019-08-04T11:06:14Z,44cd8828dd4aa11ea599139af3d3aafbcd09ca0c2558f26ed1c72e17,60.14699,24.922,00000000a53ed894,17.4
5203,2019-08-04T11:06:14Z,44d01b24bde0f8031d7cf15bb66e661ad9bd92807f3213fabf920fa1,60.16762,24.95415,000000006b44cce7,5.41
5204,2019-08-04T11:06:14Z,45974834f8580a2d279e57d00bf84ad9b79ed02d5ca9d945c40a8e36,60.16762,24.95415,000000006b44cce7,13.75
5205,2019-08-04T11:06:14Z,465eab28635efe98500085ceb161cf941d02272a0107fbbfb2203c29,60.16829,24.94214,00000000afef4555,14.89
5206,2019-08-04T11:06:14Z,46b576e18e757fc4ec008b41d3c28ec5415a2c2c2f143042e5413137,60.16762,24.95415,000000006b44cce7,5.91
5207,2019-08-04T11:06:14Z,47cd1dcac88434ffdc4b868e7f1d8d8a604700564bc83a7c0a3928be,60.16762,24.95415,000000006b44cce7,6.46
5208,2019-08-04T11:06:14Z,47eccbfb2db7bb200aacfdad7243168bd30714cc78da342bbe53df7b,60.16629,24.95957,00000000fb7600be,18.79
5209,2019-08-04T11:06:14Z,47f787c639f2eed345eb5dca409ffcd989850399a1ab781500dd6e82,60.17919,24.95181,000000007b5207b6,7.69
5210,2019-08-04T11:06:14Z,4833b1ea4f519407574f5a838d93a39de28c756c5f53de7ee273b577,60.14947,24.91438,000000004ef3150d,9.92
5211,2019-08-04T11:06:14Z,49084ae4b6419be9e7bb0c9b1420142e07d6ac3c17c07c26895461ed,60.16829,24.94214,00000000afef4555,16.1
5212,2019-08-04T11:06:14Z,49b391c05bd4e5231579392d798036a0139a8ea4e4d4509a7cb3901f,60.16829,24.94214,00000000afef4555,13.75
5213,2019-08-04T11:06:14Z,49d6f6bd5878bfac30a67fe92d1501b5b09cab38ab2b35b661902f0d,60.14947,24.91438,000000004ef3150d,21.87
5214,2019-08-04T11:06:14Z,4a54cbed9c373a4136f8851f3f5736eb2fadd5766d316eb5ebbdd231,60.17918,24.95141,00000000675d5200,13.75
5215,2019-08-04T11:06:14Z,4ae55b5046b30303930ee339fa9c70c922844d1bfe89a2e7180d53ad,60.16829,24.94214,00000000afef4555,16.1
5216,2019-08-04T11:06:14Z,4cf634fc84e128c3b9bce07a4b726d136e18f0eea4229fdbb48f6db1,60.16897,24.95222,00000000aa852af1,10.78
5217,2019-08-04T11:06:14Z,50a06af190dfb27cbd4d6ca55980b1379ec795af8b9e5ebc00d73257,60.16762,24.95415,000000006b44cce7,5.41
5218,2019-08-04T11:06:14Z,51789c3026ccfe7e846e44fcd833d006941c2789b9693c77df5a7c98,60.16762,24.95415,000000006b44cce7,4.11
5219,2019-08-04T11:06:14Z,538f05c49f43aea0fda8bfcfd03d1ac2fc05b55d83fda538cd91e2a4,60.16762,24.95415,000000006b44cce7,9.92
5220,2019-08-04T11:06:14Z,53970a2770c17fea076d53e41facade1a710a0d7adebc27b89b1a0f0,60.18203,24.91341,00000000342570c2,23.56
5221,2019-08-04T11:06:14Z,549e8785d3249c38e0c577947392ab324d318a5a9b125b5d03e023d2,60.17065,24.93641,000000000f4919c9,21.87
5222,2019-08-04T11:06:14Z,54d53f276563f566e1cd61b100408412cf78b4fe9fcada830aa6e23b,60.14947,24.91438,000000004ef3150d,9.92
5223,2019-08-04T11:06:14Z,5518b2315c236d486c7a5a4fc27c44987672b2f9a0751ffdaa9cbf78,60.16829,24.94214,00000000afef4555,7.69
5224,2019-08-04T11:06:14Z,56101419005237b836e4ed14d91dfa6f9edc4c92b5fcb419943897bb,60.16762,24.95415,000000006b44cce7,6.46
5225,2019-08-04T11:06:14Z,56318cc7f3616fceec2564cbb1f6ca8b88ea861935a1ada93aafd7b0,60.16897,24.95222,00000000aa852af1,14.89
5226,2019-08-04T11:06:14Z,571934189bf349efb6f596e76c21612cf9b82ed44913090169936048,60.17065,24.93641,000000000f4919c9,13.75
5227,2019-08-04T11:06:14Z,579ea129e99082446da0a3f358091546de1f8b2db0feb92b86d25a89,60.149,24.9843,00000000fffb8cf0,18.79
5228,2019-08-04T11:06:14Z,584cb0b0cdd14e608c8b57c8aecc9826f9b40027e365e2438a444ea2,60.16762,24.95415,000000006b44cce7,13.75
5229,2019-08-04T11:06:14Z,586f70961bf72597ce00f89d3602178ecc6ac8838a8acec48bba7f9f,60.14699,24.922,00000000a53ed894,14.89
5230,2019-08-04T11:06:14Z,58c5faa3a5a33380286fc185676e8f2764cdde5a6dc9f43eee9d3b0c,60.16448,24.97323,0000000053c6c2be,36.27
5231,2019-08-04T11:06:14Z,58ee8fd47328b1c696ec343920f2c0353d19a915924eb6f6f2638e56,60.16762,24.95415,000000006b44cce7,4.5
5232,2019-08-04T11:06:14Z,59b87e6921598d25b092b66e140328fa03c9f06fe4e697dd344f378a,60.17002,24.94407,000000006b087f40,21.87
5233,2019-08-04T11:06:14Z,5a755f0653ee0e334448418099ed85023db0a9984c280cfbadd74160,60.173,24.92524,0000000096918cfa,14.89
5234,2019-08-04T11:06:14Z,5b1df59a8f10fc0c1548e114caf6a457ff880d853d529f675372b0b0,60.16762,24.95415,000000006b44cce7,12.69
5235,2019-08-04T11:06:14Z,5c0e674c99f4d1f59ebbc19c40fcd1c888315e3fc3d263f6d20576f1,60.16629,24.95957,00000000fb7600be,29.32
5236,2019-08-04T11:06:14Z,5d9aa6fcb0d81ceaa80ca13cc08a88138be517656646e0ba0942ce46,60.16897,24.95222,00000000aa852af1,14.89
5237,2019-08-04T11:06:14Z,5e0289eb3bdaad8fcb5f57629501df80b5925a8829d5d1fdeb73caae,60.16629,24.95957,00000000fb7600be,17.4
5238,2019-08-04T11:06:14Z,5e1b81ba9814d7b5cb5e067b8278209360ca1db4a0230562e652dc0c,60.16762,24.95415,000000006b44cce7,7.69
5239,2019-08-04T11:06:14Z,6022019a95573b888ca7b3161da098935ea0ad7793437ee40a32a5f3,60.14699,24.922,00000000a53ed894,25.36
5240,2019-08-04T11:06:14Z,6138e6ab3e1e74425af8945a6fcc294c1469a0b9c448b780bcf9d2e2,60.14699,24.922,00000000a53ed894,12.69
5241,2019-08-04T11:06:14Z,62d86ee13e6ae7a5c41ffc2de746df72d4ef6e8d2b6a51ce1c68965f,60.16829,24.94214,00000000afef4555,12.69
5242,2019-08-04T11:06:14Z,62e27092b58abcaf80564c408d0d4a7b821abaee92dc2f02ccb11e61,60.16762,24.95415,000000006b44cce7,7.05
5243,2019-08-04T11:06:14Z,63e498fd789abe431cdf86f184a50616c85717e1efc893da1e1a2222,60.16897,24.95222,00000000aa852af1,16.1
5244,2019-08-04T11:06:14Z,642854fedcb321ee00b4d97213dec89eceebdf9bf1641d8f90533887,60.16829,24.94214,00000000afef4555,23.56
5245,2019-08-04T11:06:14Z,658d7a3586e339aa9e1ae7f084893da89d92905f7ee7cee559733082,60.17002,24.94407,000000006b087f40,11.7
5246,2019-08-04T11:06:14Z,6656d2ce0a18f92aca4d99810ecaefe94dbe9a0e2ea987f1702aeecb,60.16762,24.95415,000000006b44cce7,17.4
5247,2019-08-04T11:06:14Z,66755836036c771e53ffd9d0dc09b8575231b53b80af22e868691a2a,60.14699,24.922,00000000a53ed894,1.88
5248,2019-08-04T11:06:14Z,67b49046c3bb96e9e2f8d9396871ed7976dd35efb6c386141325f95a,60.16897,24.95222,00000000aa852af1,17.4
5249,2019-08-04T11:06:14Z,69852d528034ea6fc746ed8942c32f1c90bc33a7a7317dfac3c9b1c1,60.14699,24.922,00000000a53ed894,4.94
5250,2019-08-04T11:06:14Z,6990b912b53e2278e4a3d421330e44169d05b275ad57d86ff4ad1615,60.14699,24.922,00000000a53ed894,27.28
5251,2019-08-04T11:06:14Z,69d8c906060e226ff0f0f7e78029575f2ee07ebec657a3b641419268,60.14699,24.922,00000000a53ed894,9.92
5252,2019-08-04T11:06:14Z,6ac8fdd67b3dd11f0bae935f3a285880138382088238b97f511d3f12,60.16897,24.95222,00000000aa852af1,13.75
5253,2019-08-04T11:06:14Z,6c97da4ba9462e7fe786a472989dab23340d31809dd78d5617204da4,60.16829,24.94214,00000000afef4555,10.78
5254,2019-08-04T11:06:14Z,6e2fbf091d5c86667e060d7ec44f48f0f5d7b1d55b1899f2939f247a,60.16762,24.95415,000000006b44cce7,14.89
5255,2019-08-04T11:06:14Z,6e492dbc3f10157e7ff00826a839a97262ab36244ccc57b702a89999,60.16531,24.9442,00000000fdda10fe,9.92
5256,2019-08-04T11:06:14Z,6ed478b9924df6bb6e6abe0b376f750b2c4abd0bf4f3d32b71b07446,60.16829,24.94214,00000000afef4555,23.56
5257,2019-08-04T11:06:14Z,6f01673aa506c80d2de3e4cdfaaa09c0755a4ae7f9a674edceae4e72,60.16762,24.95415,000000006b44cce7,14.89
5258,2019-08-04T11:06:14Z,700c14fe35186c01f82d0f13e99678e0c1db2b2fd58051b08fda606a,60.16448,24.97323,0000000053c6c2be,29.32
5259,2019-08-04T11:06:14Z,70ffae2b8178e0915c5de7816f8dd8bcc3af745ee49df8ac4da4adba,60.17918,24.95141,00000000675d5200,14.89
5260,2019-08-04T11:06:14Z,714e80a1e3c0fee43e312f314b2faec47e582ee8dac47e4818dbc2f9,60.149,24.9843,00000000fffb8cf0,13.75
5261,2019-08-04T11:06:14Z,71516fc8349cfaf2b5c4ab80ade6078494d93d13e9953af15e5ced30,60.18203,24.91341,00000000342570c2,13.75
5262,2019-08-04T11:06:14Z,71c1367c7dea4dfa243172e02b9092c7a0810bef003216681759891e,60.16897,24.95222,00000000aa852af1,21.87
5263,2019-08-04T11:06:14Z,72b4055182e6b02751fa4daaf8f21f6dcd2042bb9c76c98fa317e24a,60.16897,24.95222,00000000aa852af1,20.28
5264,2019-08-04T11:06:14Z,738973c9b5f9882f29075e47ca10e50ba3fb9883da779f41545175f4,60.17918,24.95141,00000000675d5200,0.59
5265,2019-08-04T11:06:14Z,74c2ec2adc228e5b4979284d730fd2de698242f0f06d90f870b8cde6,60.16762,24.95415,000000006b44cce7,2.54
5266,2019-08-04T11:06:14Z,7552783317be1ef797980c3a9ee9c5967d4e7b32765f23c51ffda02d,60.16897,24.95222,00000000aa852af1,12.69
5267,2019-08-04T11:06:14Z,75d452cbba63995ad06213b577081e8db650c80b3a78060789a8e831,60.16762,24.95415,000000006b44cce7,7.05
5268,2019-08-04T11:06:14Z,79773ee1ebdf8252053d8ffb326b77bb05a7cdb76041102e73d3767c,60.16762,24.95415,000000006b44cce7,8.38
5269,2019-08-04T11:06:14Z,7c55ecf165387948602e82b684a55be093691849fde2d96ad6574475,60.17065,24.93641,000000000f4919c9,23.56
5270,2019-08-04T11:06:14Z,7de4ba54f0d667a69cb0b6d625856bc6b040f51a42f91beae366a269,60.16762,24.95415,000000006b44cce7,4.5
5271,2019-08-04T11:06:14Z,7eefc5581c616491b78192b28b519ba727dc884a87bc06b8df1ea4f2,60.14699,24.922,00000000a53ed894,21.87
5272,2019-08-04T11:06:14Z,7f546f0776433ed1b76ea74186c0aad95eca5439e6cefda07922ef14,60.16762,24.95415,000000006b44cce7,7.05
5273,2019-08-04T11:06:14Z,7f95126e2fe39b74b61f9df1002b58453d22fe79458cebfeed9b9982,60.16829,24.94214,00000000afef4555,16.1
5274,2019-08-04T11:06:14Z,818bf826a20805f91325b634ae02107683c949bcfc7c472917f02db0,60.16762,24.95415,000000006b44cce7,17.4
5275,2019-08-04T11:06:14Z,822590bd49bcf7ed4de4f8389586915c343b29c4283ff8b90d7c1d39,60.17065,24.93641,000000000f4919c9,14.89
5276,2019-08-04T11:06:14Z,82ac749474448abac333d00869cb8b508872f86293913d95eae26a05,60.15432,24.9211,0000000019fb59c4,4.5
5277,2019-08-04T11:06:14Z,82cddd3b9f58762d36efe78da4e2722ee587cfdb3fdbc58b52673082,60.16629,24.95957,00000000fb7600be,11.7
5278,2019-08-04T11:06:14Z,842340aa39a680a5c969b20db5027c8e1b123077045e8046a997391a,60.16448,24.97323,0000000053c6c2be,25.36
5279,2019-08-04T11:06:14Z,844b8ad6ebf530978d1139d527a681991f4d3eed6be5bc723f0b2192,60.16531,24.9442,00000000fdda10fe,1.25
5280,2019-08-04T11:06:14Z,85b440c4e1125b1e2531499de3b19b82ae4b7eabb4d89c63c97fa83b,60.16829,24.94214,00000000afef4555,20.28
5281,2019-08-04T11:06:14Z,87ea10367f1569e575dc4bc60f0f4238eafb52ba8a2cc8e5e4584232,60.16829,24.94214,00000000afef4555,9.12
5282,2019-08-04T11:06:14Z,87ecec345b34dca4db86cbd66248eeb829282d0cc54caff92455dff2,60.16762,24.95415,000000006b44cce7,4.94
5283,2019-08-04T11:06:14Z,87f4cf4baea8c5dfe1bc7812cc969574058bd4d2dda215192bcfc53f,60.14699,24.922,00000000a53ed894,5.91
5284,2019-08-04T11:06:14Z,886032718e05487be8bd75bb14464814044c7edd7f9a2198304f6fb4,60.16629,24.95957,00000000fb7600be,21.87
5285,2019-08-04T11:06:14Z,88ee7d98af3d9470df5daf433cfa0405f6225cb56b98b7c48d260fd4,60.17002,24.94407,000000006b087f40,18.79
5286,2019-08-04T11:06:14Z,89a0b9dbc48913c8657aab1402ead05f97204162f5c1db97fe645302,60.16762,24.95415,000000006b44cce7,11.7
5287,2019-08-04T11:06:14Z,89df1daad350e46d526e113019214d2e1a19d8f48da761bb3583399b,60.16762,24.95415,000000006b44cce7,3.74
5288,2019-08-04T11:06:14Z,8a01cc1ef99f9ea16785412c604aa6bb2750299d67ea94214401d645,60.16762,24.95415,000000006b44cce7,9.92
5289,2019-08-04T11:06:14Z,8bffe034066821502092859341756212a0dcb6b2c605852c0c40fdeb,60.16762,24.95415,000000006b44cce7,7.05
5290,2019-08-04T11:06:14Z,8c4e4851db86ec4a3ce29a58be770eb29c38b9a983351bb67d781982,60.16897,24.95222,00000000aa852af1,23.56
5291,2019-08-04T11:06:14Z,8e32f03aa51152a06255173f7dc5aaa2c75cef6f6aa829bd51fea777,60.16762,24.95415,000000006b44cce7,17.4
5292,2019-08-04T11:06:14Z,8ee30fda8736b8e18a2cdb754676659240bc520a57727b9635630f22,60.1538,24.95595,0000000038bf9618,20.28
5293,2019-08-04T11:06:14Z,90a7a2779a546d0a67f676fbd33964bfec098cc7d3c6617a5c0f6b88,60.16762,24.95415,000000006b44cce7,7.69
5294,2019-08-04T11:06:14Z,90b12d2b9898702fd62b343512e0d53796ae38decdf704e203a0cc39,60.16829,24.94214,00000000afef4555,17.4
5295,2019-08-04T11:06:14Z,91602a694bc74a2874ba7f02a7bae062a3a77cd869b86a74800415b8,60.17918,24.95141,00000000675d5200,25.36
5296,2019-08-04T11:06:14Z,9281022695ee47d439bcb126de6b8fc308722a70e7a351bb7365d4b2,60.16762,24.95415,000000006b44cce7,25.36
5297,2019-08-04T11:06:14Z,92df20d921f76c63470e3f5afbe201d3ae15f5133f66c291db796082,60.16629,24.95957,00000000fb7600be,13.75
5298,2019-08-04T11:06:14Z,93272ad17155ea9499641eda7c5560691582116096278b82738ab21e,60.14699,24.922,00000000a53ed894,4.94
5299,2019-08-04T11:06:14Z,934bab75e2a2354910288b01c44fdfda4a87f92ac010109f641b3122,60.14699,24.922,00000000a53ed894,17.4
5300,2019-08-04T11:06:14Z,951482f3e2e41b496e34885c346c4a7ab09427178119caa9b8bbcbb6,60.14947,24.91438,000000004ef3150d,8.38
5301,2019-08-04T11:06:14Z,96b6fbb458fa515d6fe57ba056a91d6be76290d0cffe0b5f701ed098,60.18203,24.91341,00000000342570c2,13.75
5302,2019-08-04T11:06:14Z,97490f522f1a0226c8f7e8ed7bca08dd71b63d80b46d38020127b868,60.14699,24.922,00000000a53ed894,13.75
5303,2019-08-04T11:06:14Z,9759894c6f46d9e82992282b211a84549983c7a9995cd91fb1178818,60.16829,24.94214,00000000afef4555,20.28
5304,2019-08-04T11:06:14Z,998a30ee5f5ff6d2bc9ed04420591e525ded59ad66d09eefa240cc8e,60.16762,24.95415,000000006b44cce7,8.38
5305,2019-08-04T11:06:14Z,998ac46ad73c197bab1f36dca67d8bcaa3aca92249185a5e3715043f,60.17065,24.93641,000000000f4919c9,13.75
5306,2019-08-04T11:06:14Z,9a49d0b5a67fba15ce8971503f6fea88994b33487a842397c5e8564f,60.16762,24.95415,000000006b44cce7,4.5
5307,2019-08-04T11:06:14Z,9aa588cb6f425117e45726b6b9adb7ef86c8f7c8113b547dc61f068a,60.16897,24.95222,00000000aa852af1,5.41
5308,2019-08-04T11:06:14Z,9ab0a60cb60531417ac6ec5ebc6ef591d2f39019c6b0bcb5a89101a2,60.14699,24.922,00000000a53ed894,9.92
5309,2019-08-04T11:06:14Z,9b4b0705e58750d2bcbd71ad65d85677f7e77db5dfe69d1a70b5d31f,60.17919,24.95181,000000007b5207b6,13.75
5310,2019-08-04T11:06:14Z,9bc50d931d6c1678284177395958d15f05b45d60ae7bc09fe1e1694e,60.16762,24.95415,000000006b44cce7,9.92
5311,2019-08-04T11:06:14Z,9bd3b28502fbff2bdc93c202dcbb72048f050361e5501387f9f6ff4c,60.17065,24.93641,000000000f4919c9,29.32
5312,2019-08-04T11:06:14Z,9bef562c292174f1eb3933116effff74a8733a78e5c1df140de3fd6c,60.17919,24.95181,000000007b5207b6,7.05
5313,2019-08-04T11:06:14Z,9c40a1c76be950694e1b5448f8ad2337198d9a75090bfebc30c7392e,60.16629,24.95957,00000000fb7600be,20.28
5314,2019-08-04T11:06:14Z,9eb1e9bfdceb76ef852f89ebd82139602125f9731b791465e1c21f81,60.16829,24.94214,00000000afef4555,18.79
5315,2019-08-04T11:06:14Z,9f1920350685b4cb747c535ba3c3dc1cb29587668bd507ab96e5692f,60.16629,24.95957,00000000fb7600be,21.87
5316,2019-08-04T11:06:14Z,a066e2044b486819fe2185765f63ed87f8d10c502f26a01be1f1a758,60.149,24.9843,00000000fffb8cf0,20.28
5317,2019-08-04T11:06:14Z,a1439b6683d0598c7a05080c3693a17c198f7b8c3297c77324ef4859,60.16829,24.94214,00000000afef4555,0.5
5318,2019-08-04T11:06:14Z,a20a11944d9440f1f8e4ea6262408f673f2a8380c4e13dda1a073d8d,60.16897,24.95222,00000000aa852af1,16.1
5319,2019-08-04T11:06:14Z,a25b897b52089b243421b68349d3f15e60ce8249d11c889a4626bfc7,60.18203,24.91341,00000000342570c2,25.36
5320,2019-08-04T11:06:14Z,a30740fbf4b7e21f6fe2996e9325c90936de161cb2165e87cd96fd35,60.149,24.9843,00000000fffb8cf0,13.75
5321,2019-08-04T11:06:14Z,a3664d77633807788598dd8d4a7ba8caba2c31bfdcb6ba83651d4e7e,60.173,24.92524,0000000096918cfa,11.7
5322,2019-08-04T11:06:14Z,a3c1a4a58b9381c27b1d5076e0d8d72039afccfb0e58438a80247324,60.16762,24.95415,000000006b44cce7,2.8
5323,2019-08-04T11:06:14Z,a44eda7b8ec58e1cd7c078a73c4da7fb0037d59453aa6bfe69b7cbdd,60.16762,24.95415,000000006b44cce7,9.12
5324,2019-08-04T11:06:14Z,a50e0bb8fd1ad4ad264c3246b210a0c6285faae591c1bd2c2c3458af,60.16829,24.94214,00000000afef4555,23.56
5325,2019-08-04T11:06:14Z,a5d632ac8ffc19a626de034d3c9444fd262ee6edada285c816ea9266,60.16531,24.9442,00000000fdda10fe,10.78
5326,2019-08-04T11:06:14Z,a764c2246c85b2b0aa79e581e2fe238da93de098abbb90aee24c11ca,60.16829,24.94214,00000000afef4555,17.4
5327,2019-08-04T11:06:14Z,a81c19fb85eebf853246cdc4d8e38245dfa5ba15c180eaa1bcc0378d,60.16829,24.94214,00000000afef4555,20.28
5328,2019-08-04T11:06:14Z,a98fc06dc605583814a2aa182295b88f81657ef2daeee7aaec792e7c,60.16762,24.95415,000000006b44cce7,14.89
5329,2019-08-04T11:06:14Z,aa4547c0b6b8be30776e08d524ceeacfbc9930ad720e11fa4cb20882,60.16531,24.9442,00000000fdda10fe,1.25
5330,2019-08-04T11:06:14Z,aa45859d6157e9e86470ec8b81957acc35bafb1b7f419d79357a38cf,60.16829,24.94214,00000000afef4555,8.38
5331,2019-08-04T11:06:14Z,aa5e2805ac91707a9e8de48bade5510f72d95136ec930e052d9cada8,60.16762,24.95415,000000006b44cce7,3.74
5332,2019-08-04T11:06:14Z,ab6e8769f50a15ea5e0d64f48aaa12886b7599a18cc0eb071a21ae5f,60.16762,24.95415,000000006b44cce7,11.7
5333,2019-08-04T11:06:14Z,ab7697ba77150d46c95d1b02fef085ed91925d425393d8ad1097adcc,60.17002,24.94407,000000006b087f40,25.36
5334,2019-08-04T11:06:14Z,ac4679e3db131ec2ea8e1111c8aa0d71020cf8796ecb11f142478394,60.14947,24.91438,000000004ef3150d,10.78
5335,2019-08-04T11:06:14Z,acb3f63fe0879b2640a9d68a248a15f85777e30652945d7740bb95f4,60.16762,24.95415,000000006b44cce7,16.1
5336,2019-08-04T11:06:14Z,add92af5006cee56f2da79112486b97d5a7c06f12252676b7638064d,60.16762,24.95415,000000006b44cce7,8.38
5337,2019-08-04T11:06:14Z,adf3914eaf1478a77ba35ea49262388e4babe633207748c7608b8780,60.16762,24.95415,000000006b44cce7,12.69
5338,2019-08-04T11:06:14Z,b02a0be9ec3a2bb1acba16daee232202f9a06ac84e0dcc9a80dddf6a,60.16762,24.95415,000000006b44cce7,9.12
5339,2019-08-04T11:06:14Z,b2298fc6f63c02481610f9aef24f1a0c1711c255adc43c0fe135c1ca,60.14947,24.91438,000000004ef3150d,20.28
5340,2019-08-04T11:06:14Z,b26d0daac9f8fb84484cbd8ed668aeb6751e848b1c533a307d163360,60.16762,24.95415,000000006b44cce7,7.05
5341,2019-08-04T11:06:14Z,b3266ecf36a984b814e1b2d31b447438bd948a9c116721480104792f,60.16829,24.94214,00000000afef4555,11.7
5342,2019-08-04T11:06:14Z,b3306cd4af1d1a04ef09567c8908ad55c56d9bf6ec7c10af9aea3dea,60.17002,24.94407,000000006b087f40,21.87
5343,2019-08-04T11:06:14Z,b4c8900041e9f8751755d3940ceac58419e6370cd81cdb90d7800de1,60.14699,24.922,00000000a53ed894,20.28
5344,2019-08-04T11:06:14Z,b50b3c2006581bccfeaa9ea964649350c7d5b8177baa29a37e628584,60.14947,24.91438,000000004ef3150d,25.36
5345,2019-08-04T11:06:14Z,b59631b8902194c916f7d3ddcc02d4200a3de0380fa554d87e6856c0,60.17002,24.94407,000000006b087f40,5.91
5346,2019-08-04T11:06:14Z,b5cdbcdc30e0bf653ce353c867708b0067db5e394c8cbe848d978a77,60.14699,24.922,00000000a53ed894,7.69
5347,2019-08-04T11:06:14Z,b5f80d159e59c4558e49ea6fb68f6bc72ee9eb92bee60991bdf4e46f,60.16762,24.95415,000000006b44cce7,17.4
5348,2019-08-04T11:06:14Z,b601cd655bb9f05aa6ec86fc9eb9300c3bc20bc0e856e94ad168a257,60.14947,24.91438,000000004ef3150d,6.46
5349,2019-08-04T11:06:14Z,b67f020b0677cdc52c864f559306fb750cdf47ce2eee6503a3cedb3a,60.16629,24.95957,00000000fb7600be,16.1
5350,2019-08-04T11:06:14Z,b81e65168ea3278486b1c954ab229bc2eda3fe07098e824f05cd0ac4,60.149,24.9843,00000000fffb8cf0,23.56
5351,2019-08-04T11:06:14Z,b8807fdb08fe9f136559a9fb3dc07c2df2758f38afbde8270b3812dd,60.16629,24.95957,00000000fb7600be,29.32
5352,2019-08-04T11:06:14Z,b8f5834e6b992cf5568ae3153fb4b07e97b7f6dd01250851134c1824,60.149,24.9843,00000000fffb8cf0,21.87
5353,2019-08-04T11:06:14Z,b9447a524f5b5bf98585b27b92195b09869ee9cd9da3cf8d2b59c57d,60.16829,24.94214,00000000afef4555,21.87
5354,2019-08-04T11:06:14Z,ba288a5fd2befbc9ed08e7876ad7cb2bd8bfe6f5756d2ffe8e2dc558,60.17002,24.94407,000000006b087f40,23.56
5355,2019-08-04T11:06:14Z,bc07df8cc395f6f4f5d483b2233caca5f93a6918f346e4cc3702f8cc,60.16531,24.9442,00000000fdda10fe,21.87
5356,2019-08-04T11:06:14Z,bd7fa2c07b7e0eab8afb3d9825a810643c2eb71f83c09a1e26cac54c,60.16762,24.95415,000000006b44cce7,5.41
5357,2019-08-04T11:06:14Z,be57346c6a31904c7a3c53b6a9e94df7c93f7f510d3b2ff733d214b6,60.16762,24.95415,000000006b44cce7,18.79
5358,2019-08-04T11:06:14Z,bf1bf5222ce141fbaa484d3bbf568d521b90699d69ec5fc413c9d716,60.17002,24.94407,000000006b087f40,5.41
5359,2019-08-04T11:06:14Z,bf4235c977b63f07c70679988ae6990db3734c8bde50741c636155b9,60.16762,24.95415,000000006b44cce7,16.1
5360,2019-08-04T11:06:14Z,bfd5c2630b36fde15de01ea74e598d035402cf1edb7c9230617927e0,60.16762,24.95415,000000006b44cce7,1.7
5361,2019-08-04T11:06:14Z,c26838ba90ff36e1d86e327d1623e206734b7c8db8e463218bd43123,60.16762,24.95415,000000006b44cce7,11.7
5362,2019-08-04T11:06:14Z,c27fee8ae8d689338b043608280c83cfa6f3276d3837ecea5f742dc3,60.16762,24.95415,000000006b44cce7,4.94
5363,2019-08-04T11:06:14Z,c295586f7beda12838a6631ba525676d39d7d054c321b62de8c8c3d2,60.16629,24.95957,00000000fb7600be,27.28
5364,2019-08-04T11:06:14Z,c2cc33e5b1b8d254d4bcbc0ffa13c9200676a39a191cc31a38d28d8d,60.17065,24.93641,000000000f4919c9,21.87
5365,2019-08-04T11:06:14Z,c2e135ad2c160277e290705658ac41d7cd35b11ebf61d829fdd0b428,60.14699,24.922,00000000a53ed894,9.12
5366,2019-08-04T11:06:14Z,c55894159f2080031cda702c78ee54463c3c15ab1b3638afdf687f08,60.16531,24.9442,00000000fdda10fe,5.91
5367,2019-08-04T11:06:14Z,c6b0ea433c3fdc73e0bac7e3faa2690506c4e8ec7fc54210446a7ffa,60.14947,24.91438,000000004ef3150d,11.7
5368,2019-08-04T11:06:14Z,c74d5bf3ad01eca237efe3b1afd1c81b2a0a066dc2456e97f0c4d17d,60.16762,24.95415,000000006b44cce7,29.32
5369,2019-08-04T11:06:14Z,c7ced11121537f55bcd7d7ab67312226dafe7c85320c5357a35d5ab7,60.17002,24.94407,000000006b087f40,25.36
5370,2019-08-04T11:06:14Z,c8f8a7a901c692af2aec8031d27f0b7efc946f113895771f87fefe1c,60.14947,24.91438,000000004ef3150d,16.1
5371,2019-08-04T11:06:14Z,c990a15d27cfc21e63b7c96b95949254f1194e8b27118386a589e2bd,60.16897,24.95222,00000000aa852af1,23.56
5372,2019-08-04T11:06:14Z,cb37b8fad0bc758cf37d7ea1052f3a98f29282ae37ec635d6eb2c511,60.16762,24.95415,000000006b44cce7,9.92
5373,2019-08-04T11:06:14Z,cb835fd4fac726f1e4267acd6118f57b62a0444d69f948745a601682,60.16762,24.95415,000000006b44cce7,17.4
5374,2019-08-04T11:06:14Z,cd7d0e9404c9f4e8fab0742460b9acb4d5bbb97f44df80d4a8b973cd,60.17002,24.94407,000000006b087f40,7.05
5375,2019-08-04T11:06:14Z,cddbfc3b0a1459f0ea8d553779cf320d512cac6e64976182f2f0b3b7,60.16829,24.94214,00000000afef4555,16.1
5376,2019-08-04T11:06:14Z,cfc79310c3124813bbb9cfe4d4edc24cfa4b7c23419b4517c5eed261,60.16448,24.97323,0000000053c6c2be,16.1
5377,2019-08-04T11:06:14Z,d04b5065ec93818b731141027d11e6a1cf53de69b9737d7aea0c34da,60.14947,24.91438,000000004ef3150d,8.38
5378,2019-08-04T11:06:14Z,d162ad46250f7d87af446db22df4aa6b2eb2bf22f83beca34e857743,60.16762,24.95415,000000006b44cce7,3.4
5379,2019-08-04T11:06:14Z,d23d6afa580687749de352818db606b272b579b77c6009badb4aa4a6,60.16897,24.95222,00000000aa852af1,21.87
5380,2019-08-04T11:06:14Z,d24ad1fb43c020c114813d82ec00bfe008d6a100c4653fe6036fd2b2,60.16829,24.94214,00000000afef4555,20.28
5381,2019-08-04T11:06:14Z,d2fd0c6415d2d8e49fef3415fb8747b524191b4400a4fbb66428cb12,60.14699,24.922,00000000a53ed894,16.1
5382,2019-08-04T11:06:14Z,d3910de7df50d93311da3c44a80ec2a60325db1914938b1bcd3c047c,60.16762,24.95415,000000006b44cce7,12.69
5383,2019-08-04T11:06:14Z,d3bad9334d128332fc483e10ef1b77c28e5a75ac55be4de71c6b2f9f,60.16829,24.94214,00000000afef4555,20.28
5384,2019-08-04T11:06:14Z,d4c9ea46d58288bf42808788e668072465d91dd3c874a8a51de5794e,60.16897,24.95222,00000000aa852af1,17.4
5385,2019-08-04T11:06:14Z,d6a8c97f1ec18c7a90d3beae358bad67f8d53626258a852e15b08c5d,60.14699,24.922,00000000a53ed894,7.05
5386,2019-08-04T11:06:14Z,d81024e88bb9b04be64c793e92836ac82bec9eed4bfeef83accf8109,60.14951,24.92138,0000000006dd41f6,25.36
5387,2019-08-04T11:06:14Z,d83c1c2d3a3876c948e277bace6d013eafc0c4e118958e138f8b1257,60.16448,24.97323,0000000053c6c2be,36.27
5388,2019-08-04T11:06:14Z,d86f155736e4d36de5d33bdbb3b12b717b75de44852b93419af20945,60.16829,24.94214,00000000afef4555,17.4
5389,2019-08-04T11:06:14Z,da2398acaae7f39c7b80c220d4e6917bdc7655f4c71b6e36d06cb859,60.18203,24.91341,00000000342570c2,16.1
5390,2019-08-04T11:06:14Z,db4d3f81708de827ce30c4130610fd65b4d6d451ca5cf6b0c4e745d9,60.16829,24.94214,00000000afef4555,14.89
5391,2019-08-04T11:06:14Z,dbd2fa33dbaac339a8c9d8e04576b1088999b9314914676a2247737c,60.1638,24.96846,00000000d747f075,23.56
5392,2019-08-04T11:06:14Z,dc4043efe103db9ce55ad4d987a45cf9821cdc3e63cf7b15b6d48baf,60.16897,24.95222,00000000aa852af1,16.1
5393,2019-08-04T11:06:14Z,dc82f9648bb5ba21e766e0923f5fa7ca2d77662ab0edbe22a3d95631,60.14699,24.922,00000000a53ed894,7.05
5394,2019-08-04T11:06:14Z,ddbe1c752edac7319f5080f5633828b88003cabf67ac8f89932643a7,60.17919,24.95181,000000007b5207b6,14.89
5395,2019-08-04T11:06:14Z,de48adf9d49eb3bc1d61dea4047618f6c77086fc44bd2b535d56504d,60.16762,24.95415,000000006b44cce7,3.4
5396,2019-08-04T11:06:14Z,de71e27b55ef6f2f51f05838a2fcab596f1dd93a14ece5ce4548f5c7,60.14699,24.922,00000000a53ed894,8.38
5397,2019-08-04T11:06:14Z,e01908a975abc95425179eadafdba31d371f1d64674c967686df87a3,60.149,24.9843,00000000fffb8cf0,18.79
5398,2019-08-04T11:06:14Z,e081e4b3252ca91bbf1cbb70faa116d60317fbf3a991a67bc99b4bfa,60.149,24.9843,00000000fffb8cf0,13.75
5399,2019-08-04T11:06:14Z,e0859a9c906151023376d86762070f38ba1b3859e671531b0edac6cd,60.16075,24.95883,00000000f1124bca,29.32
5400,2019-08-04T11:06:14Z,e1da87aea335bcd04e4c876158b96ebc7ba4206bc216c3aa27a2f4af,60.17919,24.95181,000000007b5207b6,7.05
5401,2019-08-04T11:06:14Z,e29168791ccd18013b58845430388cc5aac537e7e1c618aeb78900a8,60.16897,24.95222,00000000aa852af1,23.56
5402,2019-08-04T11:06:14Z,e305610124e16ed1411a221b29ce69a076cc47982efd6c098b0599ab,60.14947,24.91438,000000004ef3150d,5.41
5403,2019-08-04T11:06:14Z,e32e078697e70d6e3cb4b156ada3a4756315227b125615d7b5c116a7,60.16762,24.95415,000000006b44cce7,3.74
5404,2019-08-04T11:06:14Z,e44d7228cecbdb2474e1cc396a6c13943f09c08c19d0ffab1997d509,60.17919,24.95181,000000007b5207b6,12.69
5405,2019-08-04T11:06:14Z,e53a901aed874016e1cd1ed3e9b2891fca850986cb2fa04f5162cf52,60.16762,24.95415,000000006b44cce7,2.08
5406,2019-08-04T11:06:14Z,e557e164cd52fd817b02cad6587a294d72b0974d9b014ad69ea5e08e,60.17919,24.95181,000000007b5207b6,25.36
5407,2019-08-04T11:06:14Z,e5928057da667903de0b6c1245e1f58273dd85d63d8af0f4eaa771de,60.16762,24.95415,000000006b44cce7,4.11
5408,2019-08-04T11:06:14Z,e5b9b4813c081a31fb498e7f9adb94918c267dfa125c63790c0d9488,60.149,24.9843,00000000fffb8cf0,23.56
5409,2019-08-04T11:06:14Z,e5e14952bf5e52bf1349479a58c0a97d702585889650948d94767608,60.16448,24.97323,0000000053c6c2be,25.36
5410,2019-08-04T11:06:14Z,e9d59e25b58f33f70aad6832863cb59d7485ca55a1575558f92b74e7,60.16897,24.95222,00000000aa852af1,9.92
5411,2019-08-04T11:06:14Z,ea156c99dd8945ef87da4c332787a6202e9eedc69f726cafae8d3258,60.1538,24.95595,0000000038bf9618,33.81
5412,2019-08-04T11:06:14Z,ea38d72fbf2215d530a70d6a97dcc603a44b18d4d7ce557a91cb80bb,60.16762,24.95415,000000006b44cce7,17.4
5413,2019-08-04T11:06:14Z,ea3eef2f497e934d53c3a02bfa190abb42a24ce200d24c69598dbf84,60.16762,24.95415,000000006b44cce7,9.92
5414,2019-08-04T11:06:14Z,eb10ddb244dec4641f50a9b05b0e1cfdf4ac49e3dc3001cddb1e67c0,60.16762,24.95415,000000006b44cce7,7.69
5415,2019-08-04T11:06:14Z,eb261026c6f65b651ddf21bed629a1e164cfb500d0b78062704ec15c,60.16762,24.95415,000000006b44cce7,3.4
5416,2019-08-04T11:06:14Z,ec485175d2b7a2c53d03bf546aee134c116d998976601b069570c6f9,60.14699,24.922,00000000a53ed894,10.78
5417,2019-08-04T11:06:14Z,ecb1735f180422ec69f041cd2782a26c9f07d27a87893b3c30aaa9b7,60.16075,24.95883,00000000f1124bca,7.05
5418,2019-08-04T11:06:14Z,ecb5655da668bb183a5c270a96927649c323975e318184d248247099,60.16829,24.94214,00000000afef4555,20.28
5419,2019-08-04T11:06:14Z,ecf13e9d610ad235409932d263110fd52c69d0f5f39e9ffd3ad8b740,60.16897,24.95222,00000000aa852af1,13.75
5420,2019-08-04T11:06:14Z,ede13c9dc221bbc6c1daf78250fa6547303c06d7606c05ba0bf64547,60.17919,24.95181,000000007b5207b6,6.46
5421,2019-08-04T11:06:14Z,ee0dd7cb7da038afb0573e5dc0a158f0d299ce903d057b2f11344452,60.16829,24.94214,00000000afef4555,18.79
5422,2019-08-04T11:06:14Z,eea43687eab35d2c386347881796eb1c8279076b9e9642ebc2cd06ac,60.16762,24.95415,000000006b44cce7,5.91
5423,2019-08-04T11:06:14Z,ef15ff71b7dc4c2088249a4fca7e28900ae315245a7a3b4d571bf582,60.16829,24.94214,00000000afef4555,14.89
5424,2019-08-04T11:06:14Z,ef33ccdfcdb12920eabb3306e0f86dc7e6060a5d3864b03e2de7e1ef,60.16897,24.95222,00000000aa852af1,21.87
5425,2019-08-04T11:06:14Z,ef45fdc095ee55730384922266d8fce61de212d3c3df2441ea10e524,60.14947,24.91438,000000004ef3150d,8.38
5426,2019-08-04T11:06:14Z,ef5e495c5f9d3dd9eb22ed5b8faf1cc9e4225d4785ebb26a87d16fff,60.14699,24.922,00000000a53ed894,14.89
5427,2019-08-04T11:06:14Z,f014103201b8ae8f495f8e1e04da3c934079461391d4801ee6c2faaf,60.16762,24.95415,000000006b44cce7,13.75
5428,2019-08-04T11:06:14Z,f11c02cbebb4049a29f10d2ee6aac8a9ca3b7b9609a39d69463461a1,60.17065,24.93641,000000000f4919c9,23.56
5429,2019-08-04T11:06:14Z,f196f5f8c08299d290b3bac1944e00bb1f2c90594db66438b0c10e6e,60.16629,24.95957,00000000fb7600be,16.1
5430,2019-08-04T11:06:14Z,f2467c8ede6444941158701b7bd9d005beec9ffdb355ce2d8c7a9bfd,60.149,24.9843,00000000fffb8cf0,20.28
5431,2019-08-04T11:06:14Z,f43b8b2cf2c0bd291543858796d75b211d283ab73dcab5ad5dfd0aeb,60.16897,24.95222,00000000aa852af1,8.38
5432,2019-08-04T11:06:14Z,f4537d3a0c1408b022793f60b53e651b2eac6640fa66b9248338e815,60.16762,24.95415,000000006b44cce7,7.05
5433,2019-08-04T11:06:14Z,f4b9fc6acb673aea24fe00dfbe806b81fedab0c2ea82d781f7659ce5,60.16762,24.95415,000000006b44cce7,20.28
5434,2019-08-04T11:06:14Z,f5ffa3dbcdd5592ac31344cb04a7a6d639109a4d6e196fa0df3990dd,60.17065,24.93641,000000000f4919c9,29.32
5435,2019-08-04T11:06:14Z,f616fbd0fde8316049c3068ae4368dc9f486f8da4bf5516e9ba82578,60.16897,24.95222,00000000aa852af1,23.56
5436,2019-08-04T11:06:14Z,f78ef2ddbe48b534137498eab56c0a55ec0e0b1d8868e82cb5652a0e,60.14699,24.922,00000000a53ed894,4.11
5437,2019-08-04T11:06:14Z,f855918d61069661cbf8633b228a5fb9e5cd5ea7b2946bfc5b9fc315,60.16829,24.94214,00000000afef4555,20.28
5438,2019-08-04T11:06:14Z,f9ed4361c378e7c740818b0c356acbffa4a161af2ffbecb803ace9b7,60.173,24.92524,0000000096918cfa,18.79
5439,2019-08-04T11:06:14Z,fa1579394f4980e1fe11248f7be4e646b601a3d8cdb9361f182d066c,60.16762,24.95415,000000006b44cce7,10.78
5440,2019-08-04T11:06:14Z,fb37b263777ffcf7fe1fb6484821cae2b8beb03b5f5009109748dedb,60.16762,24.95415,000000006b44cce7,11.7
5441,2019-08-04T11:06:14Z,fbccaff441d52a5aeba79ca785ef499aa8ce201503787c329885a565,60.16897,24.95222,00000000aa852af1,17.4
5442,2019-08-04T11:06:14Z,fbd28054e4a5478c8ca06f4d682405d1c59bef4853cad413ecb58d13,60.14699,24.922,00000000a53ed894,27.28
5443,2019-08-04T11:06:14Z,fbea754bd1d1bd41d31d255adcdfb67b3b4c052fc59db33eb47c25b4,60.16897,24.95222,00000000aa852af1,16.1
5444,2019-08-04T11:06:14Z,fc6c173d308f747df5f1ece1e1be406aba105698db232f0ddd6622f8,60.16629,24.95957,00000000fb7600be,23.56
5445,2019-08-04T11:06:14Z,fda481107ccd1ee84269967e42cbd312252a4216e9c7af4822669a69,60.16829,24.94214,00000000afef4555,18.79
5446,2019-08-04T11:06:14Z,fe386deb54ecb711bd68f4301e270584850f303006cf78976b44026c,60.16829,24.94214,00000000afef4555,44.58
5447,2019-08-04T11:06:14Z,ffb7319984ecae155652e100da9b204f0b92f3b6c7239cfea4dcf966,60.14699,24.922,00000000a53ed894,10.78
5448,2019-08-04T11:06:15Z,004c3624f943830bc6a9f17173a2cd0996622cade5184ad2b9fba729,60.16897,24.95222,00000000aa852af1,7.05
5449,2019-08-04T11:06:15Z,0152988639aaaa9cc27213280c8f0c0c8ec97ae6a45aaaf743c9c25d,60.16544,24.95398,0000000038d83d41,27.28
5450,2019-08-04T11:06:15Z,05103967ab0ced9b2339d6cf2c2971af426aeffb8c8519b244e5cc77,60.16762,24.95415,000000006b44cce7,18.79
5451,2019-08-04T11:06:15Z,09ddbf38333e76a79fd836112bd8c3f8bf7f3dadfb3d49945ad4c486,60.16897,24.95222,00000000aa852af1,6.46
5452,2019-08-04T11:06:15Z,126e7fa4dd9205201617bdc0c7c346bfb57e1a75d3d7d3d9c260d51b,60.16629,24.95957,00000000fb7600be,20.28
5453,2019-08-04T11:06:15Z,128f1b89d7a534aa206a7823b692594bbd4d349761baa04c0fc72f2c,60.14947,24.91438,000000004ef3150d,7.69
5454,2019-08-04T11:06:15Z,14c7e1511b70f4dd3359cbece1377aebb4d70531f5489eefe53d7c3c,60.16544,24.95398,0000000038d83d41,25.36
5455,2019-08-04T11:06:15Z,25a7ff811c3c06e426c7c2cbb0433d9a2a3399b23afecbd35584ab0f,60.18203,24.91341,00000000342570c2,11.7
5456,2019-08-04T11:06:15Z,32dd92b5a658392a4ec84eaf95152ee72258b6b0fb670b97882ac902,60.16829,24.94214,00000000afef4555,5.91
5457,2019-08-04T11:06:15Z,3b5cafe90982db26cf737b2e4cd4275276f6a031bca3b2a1f73023b2,60.14699,24.922,00000000a53ed894,14.89
5458,2019-08-04T11:06:15Z,43b676ed3aef4c2d8846694817e76117873be52e7f788e0cb366c1c4,60.16629,24.95957,00000000fb7600be,29.32
5459,2019-08-04T11:06:15Z,44d0b94469070803869f229601e877beb613c3f5aafa009addf97a1a,60.16544,24.95398,0000000038d83d41,21.87
5460,2019-08-04T11:06:15Z,4656bad9b5e6dfc3977eca308fc1db3dbf8b0204b90d09b001da242e,60.1638,24.96846,00000000d747f075,21.87
5461,2019-08-04T11:06:15Z,54f040219b954e68101c83a5a6bacf046961c7a1d9a779fa291fa47b,60.16531,24.9442,00000000fdda10fe,18.79
5462,2019-08-04T11:06:15Z,5d65719c4cbf045f068d084b72302f447d5fd034413d97d13be00d0e,60.18203,24.91341,00000000342570c2,18.79
5463,2019-08-04T11:06:15Z,5eed115a984d490b02b602d73787aee8dc8c4e9365b77fbff3818a76,60.16629,24.95957,00000000fb7600be,25.36
5464,2019-08-04T11:06:15Z,69219e9efa41ae9e732653e9eaf08e1a34cb853a9dafe76ddeea4d04,60.16897,24.95222,00000000aa852af1,18.79
5465,2019-08-04T11:06:15Z,6a70e2fbced719333e21eff04fcb9cb36bae9a04d1a3d6ddd96f2c58,60.15432,24.9211,0000000019fb59c4,4.94
5466,2019-08-04T11:06:15Z,79f136afa0dd8717337c01c70b457c464aaf0fa25b440f51a394ec23,60.16762,24.95415,000000006b44cce7,17.4
5467,2019-08-04T11:06:15Z,85ef35aecf2ff804be3d958b592705ec41c6df9c128c132c65bb283d,60.16897,24.95222,00000000aa852af1,31.5
5468,2019-08-04T11:06:15Z,87dfaad29a9276ddddb1fa021d3bc23ad14824c1af16f7d87e713689,60.14951,24.92138,0000000006dd41f6,9.92
5469,2019-08-04T11:06:15Z,88808fe92573e9cdf022cc15b9689b6b4b9429f60513c8897b0ba4c7,60.16897,24.95222,00000000aa852af1,16.1
5470,2019-08-04T11:06:15Z,8c3b1ed0846e38cc84b863a80540c8a75bfd85c8bdda36563d153110,60.16544,24.95398,0000000038d83d41,23.56
5471,2019-08-04T11:06:15Z,8c75c3289c84fe4493e1e272a77b615fe1985880c5dc68a7c1a17b53,60.16762,24.95415,000000006b44cce7,14.89
5472,2019-08-04T11:06:15Z,92aae21a6e0dd2ff71fc591b64e878502bd4677b64ac413632e9f7c6,60.149,24.9843,00000000fffb8cf0,10.78
5473,2019-08-04T11:06:15Z,9843c6216661048343a0e49cf3d8aa2883cf77f452666a1c873a1052,60.16448,24.97323,0000000053c6c2be,29.32
5474,2019-08-04T11:06:15Z,9992834418850939882f3b334eee492eb98d4f9d6d6118f9ee108793,60.16762,24.95415,000000006b44cce7,3.09
5475,2019-08-04T11:06:15Z,9c8556ea519835172f09c20e7688066eeec8e7f74a0c6fa3df3d9c5f,60.16829,24.94214,00000000afef4555,20.28
5476,2019-08-04T11:06:15Z,9fc0711d7e7722eff7faa0cb6f17846680c06515c1eb93dd49ebcf25,60.14699,24.922,00000000a53ed894,20.28
5477,2019-08-04T11:06:15Z,b936e41d8712ae967f3ebb413fc44f060bb10613f95537757886ede2,60.16762,24.95415,000000006b44cce7,5.91
5478,2019-08-04T11:06:15Z,bca443064699e0ac05c40e587aef06d7fd580817e739133a501490bc,60.14699,24.922,00000000a53ed894,20.28
5479,2019-08-04T11:06:15Z,bfcaefe93f7fcb6aad6e62e3da473a7b5b03a62db532dad02a7d3559,60.16762,24.95415,000000006b44cce7,14.89
5480,2019-08-04T11:06:15Z,c40c37def6bf11a63a2556519a7c6233fd417cdeea2cf14f28e7c42c,60.16531,24.9442,00000000fdda10fe,21.87
5481,2019-08-04T11:06:15Z,c54f2dd0590c650ad3e52a68193db3173db5e74f90f69faa1e2d6bb0,60.16762,24.95415,000000006b44cce7,9.12
5482,2019-08-04T11:06:15Z,c97eb4181394121907d47b908495f54e5ee5145ff790f7a1dc21b3cf,60.16897,24.95222,00000000aa852af1,9.92
5483,2019-08-04T11:06:15Z,ca6927628f5ddda20036865c9345ad93d476d62ade3b181de568eed6,60.16897,24.95222,00000000aa852af1,23.56
5484,2019-08-04T11:06:15Z,cd2c2ce2425879ac455c812073aa8025c7bac76df380e4793edab46d,60.16829,24.94214,00000000afef4555,25.36
5485,2019-08-04T11:06:15Z,cf05623e4d87ce0906c0b0b7dbf53aacc1228016cd27c341228b6e76,60.18203,24.91341,00000000342570c2,18.79
5486,2019-08-04T11:06:15Z,cfc0bedb78ded52749db3188cb188bf6a250ef5990da9c5afa9623fc,60.14951,24.92138,0000000006dd41f6,21.87
5487,2019-08-04T11:06:15Z,dbeb00942457ba3c5fb1984b57b1dedb268c0e761e80729b939f1fd8,60.16544,24.95398,0000000038d83d41,20.28
5488,2019-08-04T11:06:15Z,e224ae5ea47af2e3048f83b13a1f45dc135c0ca6be72547b01729086,60.1538,24.95595,0000000038bf9618,29.32
5489,2019-08-04T11:06:15Z,e96bd269a48b822b06141c3362fcb6d5ed4d0d09a120f2e4a712d5c2,60.16897,24.95222,00000000aa852af1,25.36
5490,2019-08-04T11:06:15Z,f088630d7476dae7d4b7e2bb1f10575f2c89acb4b6e061f3d57c2b40,60.16531,24.9442,00000000fdda10fe,18.79
5491,2019-08-04T11:06:15Z,f31cfded6f566f9c032c80c52ea642407be312c5d42521ab7a8d3e2a,60.16897,24.95222,00000000aa852af1,13.75
5492,2019-08-04T11:06:15Z,f405a7c4a3a4339f8e3f7e552f6492d6eed76f7d08c54943286213de,60.16762,24.95415,000000006b44cce7,17.4
5493,2019-08-04T11:06:15Z,fc4f3a44235f1cfc7b53f14ba2da599976a5a0a220d23b852688e485,60.17918,24.95141,00000000675d5200,12.69
5494,2019-08-04T11:06:15Z,000888f4e876e6cb8d50b0bb1a3deaee0655733968eb5065d779e88e,60.16762,24.95415,000000006b44cce7,18.79
5495,2019-08-04T11:06:15Z,0043f38f4fb6545d7c033c9a8f8c18106aa0c2c841f28a15dd722e9d,60.14699,24.922,00000000a53ed894,23.56
5496,2019-08-04T11:06:15Z,007540b1ada16f6000987e20cd81a3deb18b2aea4cb95b50e099dcee,60.17065,24.93641,000000000f4919c9,25.36
5497,2019-08-04T11:06:15Z,0236a1d5b9b9d2249407a79705eee38de360ceb0530a8959ba5bc15b,60.149,24.9843,00000000fffb8cf0,11.7
5498,2019-08-04T11:06:15Z,02a354db29cd5bc16976a9d933e03a41be350f9cc78098829a7dcfd4,60.14947,24.91438,000000004ef3150d,23.56
5499,2019-08-04T11:06:15Z,0495ba0a1c04e0262f37eaa32084a173acc00638a16e76bb922b97dd,60.16762,24.95415,000000006b44cce7,14.89
5500,2019-08-04T11:06:15Z,05f52537369257fe91fca514a559e377e4e4644c7478e3c7a015ea28,60.18203,24.91341,00000000342570c2,27.28
5501,2019-08-04T11:06:15Z,0625280cf414aa015aa8b4d504d6fc74879a1144b913e254fec5db9d,60.16762,24.95415,000000006b44cce7,9.12
5502,2019-08-04T11:06:15Z,0656a0c0a353f164b57fbdd9e648d71fab429964d97ed07ab2c5dc30,60.18203,24.91341,00000000342570c2,25.36
5503,2019-08-04T11:06:15Z,08833115ba0f62666fee594662c171563759459bb5f65ffdfeaeaed1,60.18203,24.91341,00000000342570c2,20.28
5504,2019-08-04T11:06:15Z,0a875ca08ae7654af6e570e7245816939a3a61213bedf03765dc6f53,60.16897,24.95222,00000000aa852af1,36.27
5505,2019-08-04T11:06:15Z,0a949aafc0be15c68d73a5dd186d726aa6b921f44303a712ac6ddcb8,60.16762,24.95415,000000006b44cce7,6.46
5506,2019-08-04T11:06:15Z,0b45b52bc137c31ce83561c857f809296ec70f5537976a4a4d573d4f,60.16829,24.94214,00000000afef4555,9.12
5507,2019-08-04T11:06:15Z,0b49dcea1b7eab22f4ebd0c7666ded5b59fe092b8bdd4aa9eda6326d,60.16762,24.95415,000000006b44cce7,2.8
5508,2019-08-04T11:06:15Z,0c959027ce302054b09087cac97a83aa7e24fb9e4fa2710763f912cb,60.16829,24.94214,00000000afef4555,9.12
5509,2019-08-04T11:06:15Z,0d2490ed58c11eb4a754a30cc4bcb21c7243d322a2caf7cc360e4e8c,60.17065,24.93641,000000000f4919c9,29.32
5510,2019-08-04T11:06:15Z,0e113c5ed3abcdfb31d27c3125f6cf01e3b96e4ed7eca1aaea855f77,60.14947,24.91438,000000004ef3150d,18.79
5511,2019-08-04T11:06:15Z,0e9170bc93107bf16cd12839eca9ea157f19169d66085e8a435b0f1d,60.16762,24.95415,000000006b44cce7,5.41
5512,2019-08-04T11:06:15Z,116e59da308964e8eb82cb6e5a758aad726ec3800f0fa17bc661e8fe,60.16762,24.95415,000000006b44cce7,10.78
5513,2019-08-04T11:06:15Z,1190b3981f8503667ab63febaf70c09cf27d63ea9072b94556db1991,60.16762,24.95415,000000006b44cce7,12.69
5514,2019-08-04T11:06:15Z,11c264249f83fc707e11ecd1ddb07b5e7c5f9404e285127ad7321303,60.17002,24.94407,000000006b087f40,36.27
5515,2019-08-04T11:06:15Z,1327ce24f157334f864f913637993c80380ce5f5c911e4b0d31c5eb7,60.149,24.9843,00000000fffb8cf0,11.7
5516,2019-08-04T11:06:15Z,135b81a7a5a9dd70569656553c100af6fdc760bcf92d9b7b48261cb1,60.16897,24.95222,00000000aa852af1,23.56
5517,2019-08-04T11:06:15Z,13b0a8ca1414d7b2b0e8d5f80069a5d26c6f62a68b58eda25a4b85f4,60.16829,24.94214,00000000afef4555,11.7
5518,2019-08-04T11:06:15Z,169c77f0d714e38eb1e798b14fa42ce3fefb0ec1d6f9e93a38a872f1,60.16762,24.95415,000000006b44cce7,10.78
5519,2019-08-04T11:06:15Z,17b39c4376c28dc9e1c1221de9d5037abfea5d59d30cdd48208fc3a8,60.16762,24.95415,000000006b44cce7,5.41
5520,2019-08-04T11:06:15Z,182e58bd6c3c8d836225d454a878bc55d8ed5166564a22f8b635f6ff,60.14947,24.91438,000000004ef3150d,27.28
5521,2019-08-04T11:06:15Z,1921be9815a57f11f291ca085add7b4bf1d044518b03b725df7cf7d5,60.149,24.9843,00000000fffb8cf0,14.89
5522,2019-08-04T11:06:15Z,19db84758eba08a5f9bb56b0ff91d05286765c8e8dfa31bd0b2aaa1c,60.14947,24.91438,000000004ef3150d,27.28
5523,2019-08-04T11:06:15Z,1a06b5f7f305badd45e93db9d86d76ed3a2a96ec55ec47c836921e3e,60.16762,24.95415,000000006b44cce7,8.38
5524,2019-08-04T11:06:15Z,1a9a0f74c353624c42c19c007e82c9c2547b7285d8353d0e375e3f05,60.14699,24.922,00000000a53ed894,7.69
5525,2019-08-04T11:06:15Z,1bf50dfe32abb7c9766ead8b6b3e91a0c13f773550f6f4f9b11063e2,60.18203,24.91341,00000000342570c2,23.56
5526,2019-08-04T11:06:15Z,1bff3cb3b9be59366fdf8adbbc677a4dfbf8e116bf330c3435bc63c2,60.16897,24.95222,00000000aa852af1,13.75
5527,2019-08-04T11:06:15Z,1c8c3befa38b65f707dd4933a68e5e3c9e7c82592fd382779127416b,60.16897,24.95222,00000000aa852af1,25.36
5528,2019-08-04T11:06:15Z,1ce242f8d8220cd38bf3ea9138c99ae9b2f79b28e68edb864f090ec9,60.149,24.9843,00000000fffb8cf0,16.1
5529,2019-08-04T11:06:15Z,1fa2c533bba37b249a0105001153733e67a559d40c22cab67f135f64,60.14947,24.91438,000000004ef3150d,5.91
5530,2019-08-04T11:06:15Z,2136558e0a9a89ed5aa044485a8e31bff3b7e5acf38c645a06782afd,60.16448,24.97323,0000000053c6c2be,23.56
5531,2019-08-04T11:06:15Z,227b93698b29687beea48184f42aab63a21fa362af7251be32db2e15,60.16531,24.9442,00000000fdda10fe,2.8
5532,2019-08-04T11:06:15Z,23786c82e2641aed0e0b004658480a212bf0397568e914487819045c,60.16897,24.95222,00000000aa852af1,16.1
5533,2019-08-04T11:06:15Z,23b4a8c7918ca417eab83481a710fd544e1fa8bf7073b5955c0155c8,60.14699,24.922,00000000a53ed894,13.75
5534,2019-08-04T11:06:15Z,2535cb5c89ec66044a005b03dd769ca8d0022164a816c06db0e49892,60.16762,24.95415,000000006b44cce7,5.41
5535,2019-08-04T11:06:15Z,2671a156fa8d8bb05970481c8f83bcf9f261f73dae27f2bb9ac88aeb,60.14699,24.922,00000000a53ed894,20.28
5536,2019-08-04T11:06:15Z,26a4ff30aad95332c4b603e9e728a10486413889de9d2c4573524923,60.14699,24.922,00000000a53ed894,23.56
5537,2019-08-04T11:06:15Z,27052b4dc21318eee25b7afdbe088c8d15e13ec11ac339166b209e58,60.18203,24.91341,00000000342570c2,21.87
5538,2019-08-04T11:06:15Z,2724e42551f43106ea58a8fcc6a43953baa1294cd65e17a90012f706,60.17065,24.93641,000000000f4919c9,0.71
5539,2019-08-04T11:06:15Z,28741c2e5e348fe81dec0518a21c0930c98a25b6fcece61a262d50de,60.14699,24.922,00000000a53ed894,20.28
5540,2019-08-04T11:06:15Z,296a0ffe230305a3d37818a0369b56c99dacdd5df5a161bf238e1084,60.16762,24.95415,000000006b44cce7,11.7
5541,2019-08-04T11:06:15Z,2977d3c4f181abb6662adf1d466a62167e2690a9c94dc53e5aa6a904,60.16762,24.95415,000000006b44cce7,7.69
5542,2019-08-04T11:06:15Z,29f5adc4d67413b7d368e8e94a41cf48339e3f5f0903f660170c4fe8,60.17918,24.95141,00000000675d5200,11.7
5543,2019-08-04T11:06:15Z,2a334446463c0c30b6183affed3493e5b0fefc5fae3085991b3159ea,60.16829,24.94214,00000000afef4555,25.36
5544,2019-08-04T11:06:15Z,2acbdfb5e555a9668c446767fc5d82728d254a45d17dff85e3342cb0,60.16629,24.95957,00000000fb7600be,17.4
5545,2019-08-04T11:06:15Z,2af353f8c54bb0d9e6ff34e08578e5263b7fac68ab82cf9559293cb9,60.16544,24.95398,0000000038d83d41,25.36
5546,2019-08-04T11:06:15Z,2b340ca3416f2ba214d44853ad0495223a557eb6b61baca53fd7dc54,60.16829,24.94214,00000000afef4555,23.56
5547,2019-08-04T11:06:15Z,2c85e4140ca0ba77c3598ceac05eb2c2342409ce8111c863fc58c606,60.16829,24.94214,00000000afef4555,1.01
5548,2019-08-04T11:06:15Z,2ccaeb30423977ff22b6afc29243b861b476a5f4ffafdf200d326d78,60.17002,24.94407,000000006b087f40,17.4
5549,2019-08-04T11:06:15Z,2de87ef94604fb63bec05eefb71b6cdd0b9807f8551159c2a35e7259,60.17065,24.93641,000000000f4919c9,9.12
5550,2019-08-04T11:06:15Z,2f83e4cad2d924faecb3def25f54727f3e612bc5040c493dd6eccb1d,60.16897,24.95222,00000000aa852af1,18.79
5551,2019-08-04T11:06:15Z,2fe2e4165984d7880628aec591ce4747f18947da70312e6afca2946b,60.14699,24.922,00000000a53ed894,10.78
5552,2019-08-04T11:06:15Z,30bee351808d5e8082ce012b57f5bc0efc80f8394491a182e0eeee32,60.17918,24.95141,00000000675d5200,18.79
5553,2019-08-04T11:06:15Z,31659a798f1d780d587f07390c038a78fafa6cabb8180dba635863ce,60.17002,24.94407,000000006b087f40,21.87
5554,2019-08-04T11:06:15Z,3226c88241c6ac9d643c1843f44b6e5ee10df5f15a695e360582a9be,60.16829,24.94214,00000000afef4555,11.7
5555,2019-08-04T11:06:15Z,3262259981b4d615793e8692d3b8461ab7cc2c63789b0ce72c75075f,60.17918,24.95141,00000000675d5200,10.78
5556,2019-08-04T11:06:15Z,32f77f5019e5fce30881c214487361e2e34b8c93277f6e546de72012,60.1638,24.96846,00000000d747f075,25.36
5557,2019-08-04T11:06:15Z,33a5da4eacfc49fefa067790c9fada1a86d9793367ded845a46f0779,60.16829,24.94214,00000000afef4555,9.92
5558,2019-08-04T11:06:15Z,3417d8a6b53687e70f126ebeb1d26a2ff6369dc9a551c3c35c5a04f9,60.17002,24.94407,000000006b087f40,16.1
5559,2019-08-04T11:06:15Z,34ebfbffd9a126421b335e852aa094b727786622ade7757b36f67b57,60.18203,24.91341,00000000342570c2,23.56
5560,2019-08-04T11:06:15Z,35e26a55ffcf023f80c64d570297932cbeabb750c9f72ba981e2f66e,60.16762,24.95415,000000006b44cce7,18.79
5561,2019-08-04T11:06:15Z,35f337dd3baf0bc08002ec007d609b685ac29bb2a8bcad6783532a6b,60.16829,24.94214,00000000afef4555,23.56
5562,2019-08-04T11:06:15Z,374083907dd8980893623726af5633afd59b519c885ad12ba5c674eb,60.17002,24.94407,000000006b087f40,12.69
5563,2019-08-04T11:06:15Z,386dea4944e0b83648b4b6faf510fd47b0e9e29a2bb9311fe8a80ee2,60.17918,24.95141,00000000675d5200,9.12
5564,2019-08-04T11:06:15Z,3ac85712ab657e849113d439795c4e7325d1025cacdbd9a41174b031,60.17002,24.94407,000000006b087f40,17.4
5565,2019-08-04T11:06:15Z,3ac9d056b0f04f774b238a125eb996d46437f7a8c5f6ba6712e971cf,60.17918,24.95141,00000000675d5200,9.12
5566,2019-08-04T11:06:15Z,3ae1d5a2268ac1af52ba8b54fb28f81c00fa05884af8b8ca5e7e0e9a,60.16762,24.95415,000000006b44cce7,10.78
5567,2019-08-04T11:06:15Z,3b355c039877bd4883845f3fc6ad8dd6f41f170274042f1397585680,60.149,24.9843,00000000fffb8cf0,12.69
5568,2019-08-04T11:06:15Z,3b5030adc7c303403a6333a1a6d35474c2f21c1d20ece72180660423,60.14947,24.91438,000000004ef3150d,11.7
5569,2019-08-04T11:06:15Z,3bd8214bd5284efaf354ec2a0dd2847f6051ceaace6a2691ff085d3d,60.17065,24.93641,000000000f4919c9,12.69
5570,2019-08-04T11:06:15Z,3e36420df19c06796a79acdad84551653de9b0132cb0987329f75291,60.16897,24.95222,00000000aa852af1,9.12
5571,2019-08-04T11:06:15Z,3f5d3aed90718f7fb8e8a13ac7002718cc22cbe190beb96821ba52e6,60.17065,24.93641,000000000f4919c9,21.87
5572,2019-08-04T11:06:15Z,3f67c6713a6cca446a46616c9970c7a2ddffb03f21e10c8ea9b2f380,60.16897,24.95222,00000000aa852af1,13.75
5573,2019-08-04T11:06:15Z,3fde075082af3062c2bebc5e09ad55bda3de70b5f492bdfb21f284c9,60.173,24.92524,0000000096918cfa,27.28
5574,2019-08-04T11:06:15Z,411febba567281e3da6030aa21191fe5efdd090f54aec41ca291563a,60.16897,24.95222,00000000aa852af1,23.56
5575,2019-08-04T11:06:15Z,418e60b0ee35b014e7a8a378f3491cf2333e2a022ba6ec632170228d,60.18203,24.91341,00000000342570c2,21.87
5576,2019-08-04T11:06:15Z,42d34a6c595760e51052178acc978bdb2b6348e0405f7b58c57f0915,60.16829,24.94214,00000000afef4555,8.38
5577,2019-08-04T11:06:15Z,430556d4eef13a613b121237f9ab54ee052861f79a950f54e0810dab,60.149,24.9843,00000000fffb8cf0,31.5
5578,2019-08-04T11:06:15Z,43a599f28d168caa53108cd20ab0cbcbdc62b74321e8c351eb7aee72,60.17002,24.94407,000000006b087f40,25.36
5579,2019-08-04T11:06:15Z,44703b8dd01d3bd79585c9c7e12217e1ac152f86e2b0c9ed6be4bc19,60.16544,24.95398,0000000038d83d41,17.4
5580,2019-08-04T11:06:15Z,4472fa277123afabdf2402fc2a3c5bff2be437e6d56b590278de70fc,60.17065,24.93641,000000000f4919c9,31.5
5581,2019-08-04T11:06:15Z,448f6044c6c095d8c71341a0017dd6746f6e150f03af7c78b794308f,60.16762,24.95415,000000006b44cce7,9.12
5582,2019-08-04T11:06:15Z,44cd8828dd4aa11ea599139af3d3aafbcd09ca0c2558f26ed1c72e17,60.14699,24.922,00000000a53ed894,11.7
5583,2019-08-04T11:06:15Z,4538bf4d0ca02f13fad76c46f7b34e72978c49b0cdfe4ea9fe151a50,60.16762,24.95415,000000006b44cce7,5.91
5584,2019-08-04T11:06:15Z,46b576e18e757fc4ec008b41d3c28ec5415a2c2c2f143042e5413137,60.16762,24.95415,000000006b44cce7,8.38
5585,2019-08-04T11:06:15Z,47f787c639f2eed345eb5dca409ffcd989850399a1ab781500dd6e82,60.17918,24.95141,00000000675d5200,9.92
5586,2019-08-04T11:06:15Z,4833b1ea4f519407574f5a838d93a39de28c756c5f53de7ee273b577,60.14947,24.91438,000000004ef3150d,8.38
5587,2019-08-04T11:06:15Z,49084ae4b6419be9e7bb0c9b1420142e07d6ac3c17c07c26895461ed,60.16829,24.94214,00000000afef4555,13.75
5588,2019-08-04T11:06:15Z,49b391c05bd4e5231579392d798036a0139a8ea4e4d4509a7cb3901f,60.16829,24.94214,00000000afef4555,17.4
5589,2019-08-04T11:06:15Z,4a54cbed9c373a4136f8851f3f5736eb2fadd5766d316eb5ebbdd231,60.17918,24.95141,00000000675d5200,8.38
5590,2019-08-04T11:06:15Z,4ae4a5331747d994953667cd06d4c999d9cf71885574c3cc473620f8,60.16897,24.95222,00000000aa852af1,12.69
5591,2019-08-04T11:06:15Z,4ae55b5046b30303930ee339fa9c70c922844d1bfe89a2e7180d53ad,60.16829,24.94214,00000000afef4555,16.1
5592,2019-08-04T11:06:15Z,4b5b3e8f2b484bc08b196c265f65c70151bd69f6263318eb29125db2,60.16829,24.94214,00000000afef4555,1.25
5593,2019-08-04T11:06:15Z,4cf634fc84e128c3b9bce07a4b726d136e18f0eea4229fdbb48f6db1,60.16897,24.95222,00000000aa852af1,8.38
5594,2019-08-04T11:06:15Z,4d31b0561dbfc9ef5acbd44ba92acb4ca7bad86b948634f005173ece,60.14699,24.922,00000000a53ed894,11.7
5595,2019-08-04T11:06:15Z,51789c3026ccfe7e846e44fcd833d006941c2789b9693c77df5a7c98,60.16762,24.95415,000000006b44cce7,2.08
5596,2019-08-04T11:06:15Z,52daa31a2b3c1c07f78d96ebb4de3a965da5ef0a8035afbd0f7451fb,60.16531,24.9442,00000000fdda10fe,18.79
5597,2019-08-04T11:06:15Z,52eb34f627a67270166fbf3dbbc7e4896d09b0a5da2e95d29fb7021d,60.16762,24.95415,000000006b44cce7,17.4
5598,2019-08-04T11:06:15Z,541f330d2ded03609f551d02b8149da9cd07ee36aeee630f8fc9de8c,60.14699,24.922,00000000a53ed894,11.7
5599,2019-08-04T11:06:15Z,542a405b620e6d166ecc5eadd979b3936d831cea3aa7b75316adb4ca,60.16897,24.95222,00000000aa852af1,21.87
5600,2019-08-04T11:06:15Z,549e8785d3249c38e0c577947392ab324d318a5a9b125b5d03e023d2,60.17065,24.93641,000000000f4919c9,21.87
5601,2019-08-04T11:06:15Z,54d53f276563f566e1cd61b100408412cf78b4fe9fcada830aa6e23b,60.14947,24.91438,000000004ef3150d,13.75
5602,2019-08-04T11:06:15Z,5518b2315c236d486c7a5a4fc27c44987672b2f9a0751ffdaa9cbf78,60.16829,24.94214,00000000afef4555,11.7
5603,2019-08-04T11:06:15Z,56101419005237b836e4ed14d91dfa6f9edc4c92b5fcb419943897bb,60.16762,24.95415,000000006b44cce7,7.69
5604,2019-08-04T11:06:15Z,56318cc7f3616fceec2564cbb1f6ca8b88ea861935a1ada93aafd7b0,60.16897,24.95222,00000000aa852af1,18.79
5605,2019-08-04T11:06:15Z,565a35900ed1794a9d566f6fc12f2710875a10eb7c8e6fa0ddd92626,60.14699,24.922,00000000a53ed894,20.28
5606,2019-08-04T11:06:15Z,571934189bf349efb6f596e76c21612cf9b82ed44913090169936048,60.17065,24.93641,000000000f4919c9,16.1
5607,2019-08-04T11:06:15Z,579ea129e99082446da0a3f358091546de1f8b2db0feb92b86d25a89,60.149,24.9843,00000000fffb8cf0,25.36
5608,2019-08-04T11:06:15Z,586f70961bf72597ce00f89d3602178ecc6ac8838a8acec48bba7f9f,60.14699,24.922,00000000a53ed894,10.78
5609,2019-08-04T11:06:15Z,59b87e6921598d25b092b66e140328fa03c9f06fe4e697dd344f378a,60.17002,24.94407,000000006b087f40,17.4
5610,2019-08-04T11:06:15Z,5a6d2f34f7f677bf47ee3d08ac1371b3ad3d7f7f027685cf4740ab78,60.16762,24.95415,000000006b44cce7,6.46
5611,2019-08-04T11:06:15Z,5a730ea19664020323272509e5443616ea3f1cecd7b295e294be4ba7,60.14947,24.91438,000000004ef3150d,25.36
5612,2019-08-04T11:06:15Z,5d9aa6fcb0d81ceaa80ca13cc08a88138be517656646e0ba0942ce46,60.16897,24.95222,00000000aa852af1,18.79
5613,2019-08-04T11:06:15Z,5e1b81ba9814d7b5cb5e067b8278209360ca1db4a0230562e652dc0c,60.16762,24.95415,000000006b44cce7,12.69
5614,2019-08-04T11:06:15Z,6022019a95573b888ca7b3161da098935ea0ad7793437ee40a32a5f3,60.14699,24.922,00000000a53ed894,17.4
5615,2019-08-04T11:06:15Z,60f982521b3cf63a23ce97156f686572b3c936ebe5a76c0d78269fd9,60.16762,24.95415,000000006b44cce7,9.92
5616,2019-08-04T11:06:15Z,6138e6ab3e1e74425af8945a6fcc294c1469a0b9c448b780bcf9d2e2,60.14699,24.922,00000000a53ed894,20.28
5617,2019-08-04T11:06:15Z,62e27092b58abcaf80564c408d0d4a7b821abaee92dc2f02ccb11e61,60.16762,24.95415,000000006b44cce7,5.91
5618,2019-08-04T11:06:15Z,63566f339ab791a1a31d8818955abb3bf49149df7243afa7a049b8b5,60.16762,24.95415,000000006b44cce7,14.89
5619,2019-08-04T11:06:15Z,63e498fd789abe431cdf86f184a50616c85717e1efc893da1e1a2222,60.16897,24.95222,00000000aa852af1,21.87
5620,2019-08-04T11:06:15Z,641278428fe9332730ebe5088185492f950affa9931fe46498279dec,60.16448,24.97323,0000000053c6c2be,25.36
5621,2019-08-04T11:06:15Z,64d10ef0926ecca987bad278990d966d8fac8775f03847d1f5a4a2f6,60.16762,24.95415,000000006b44cce7,12.69
5622,2019-08-04T11:06:15Z,6656d2ce0a18f92aca4d99810ecaefe94dbe9a0e2ea987f1702aeecb,60.16762,24.95415,000000006b44cce7,18.79
5623,2019-08-04T11:06:15Z,66755836036c771e53ffd9d0dc09b8575231b53b80af22e868691a2a,60.14699,24.922,00000000a53ed894,2.8
5624,2019-08-04T11:06:15Z,67598a1e0a26360b38ffc4bd67aa05290556cdaea97554dfb9d8bdad,60.16762,24.95415,000000006b44cce7,21.87
5625,2019-08-04T11:06:15Z,67b49046c3bb96e9e2f8d9396871ed7976dd35efb6c386141325f95a,60.16897,24.95222,00000000aa852af1,23.56
5626,2019-08-04T11:06:15Z,69158bfbcf8399435cc52d623b530dc75089182b7ab05efb64e64021,60.15432,24.9211,0000000019fb59c4,25.36
5627,2019-08-04T11:06:15Z,69852d528034ea6fc746ed8942c32f1c90bc33a7a7317dfac3c9b1c1,60.14699,24.922,00000000a53ed894,6.46
5628,2019-08-04T11:06:15Z,6a26d412be89e31774a0ffbd2191ae4954cd1d6a280ba6c2b01a5d46,60.16762,24.95415,000000006b44cce7,16.1
5629,2019-08-04T11:06:15Z,6a611aaa1fa77baf03191f0143c2a00dd06c9730c67d30c1eb06afcc,60.16762,24.95415,000000006b44cce7,11.7
5630,2019-08-04T11:06:15Z,6ac1903c80e63433e4bc744dc0e801bff647117d38d3753fb9a6a4c1,60.173,24.92524,0000000096918cfa,18.79
5631,2019-08-04T11:06:15Z,6ac8fdd67b3dd11f0bae935f3a285880138382088238b97f511d3f12,60.16897,24.95222,00000000aa852af1,23.56
5632,2019-08-04T11:06:15Z,6bd0abc89aa0a2fb49814af9f14a04c41e29288e6a69959c1f5f7a5d,60.17002,24.94407,000000006b087f40,23.56
5633,2019-08-04T11:06:15Z,6c97da4ba9462e7fe786a472989dab23340d31809dd78d5617204da4,60.16829,24.94214,00000000afef4555,11.7
5634,2019-08-04T11:06:15Z,6d7107015847d88db09c55e259c3aae4f1dcc95e5d584f2bd957b113,60.16762,24.95415,000000006b44cce7,9.92
5635,2019-08-04T11:06:15Z,6e2fbf091d5c86667e060d7ec44f48f0f5d7b1d55b1899f2939f247a,60.16762,24.95415,000000006b44cce7,4.11
5636,2019-08-04T11:06:15Z,6e492dbc3f10157e7ff00826a839a97262ab36244ccc57b702a89999,60.16531,24.9442,00000000fdda10fe,6.46
5637,2019-08-04T11:06:15Z,6ed478b9924df6bb6e6abe0b376f750b2c4abd0bf4f3d32b71b07446,60.16829,24.94214,00000000afef4555,27.28
5638,2019-08-04T11:06:15Z,70ffae2b8178e0915c5de7816f8dd8bcc3af745ee49df8ac4da4adba,60.17918,24.95141,00000000675d5200,14.89
5639,2019-08-04T11:06:15Z,714e80a1e3c0fee43e312f314b2faec47e582ee8dac47e4818dbc2f9,60.149,24.9843,00000000fffb8cf0,16.1
5640,2019-08-04T11:06:15Z,71516fc8349cfaf2b5c4ab80ade6078494d93d13e9953af15e5ced30,60.18203,24.91341,00000000342570c2,17.4
5641,2019-08-04T11:06:15Z,71c1367c7dea4dfa243172e02b9092c7a0810bef003216681759891e,60.16897,24.95222,00000000aa852af1,20.28
5642,2019-08-04T11:06:15Z,72b4055182e6b02751fa4daaf8f21f6dcd2042bb9c76c98fa317e24a,60.16897,24.95222,00000000aa852af1,17.4
5643,2019-08-04T11:06:15Z,738973c9b5f9882f29075e47ca10e50ba3fb9883da779f41545175f4,60.17918,24.95141,00000000675d5200,0.84
5644,2019-08-04T11:06:15Z,73f9caa620c77e880d8973e260936b1114db9c96de6accf8398ccec0,60.17002,24.94407,000000006b087f40,20.28
5645,2019-08-04T11:06:15Z,741a3472cc87a5959160d6cca3ce6d29a961d05678619258f67c8c80,60.16762,24.95415,000000006b44cce7,20.28
5646,2019-08-04T11:06:15Z,74c2ec2adc228e5b4979284d730fd2de698242f0f06d90f870b8cde6,60.16762,24.95415,000000006b44cce7,1.88
5647,2019-08-04T11:06:15Z,7552783317be1ef797980c3a9ee9c5967d4e7b32765f23c51ffda02d,60.16897,24.95222,00000000aa852af1,12.69
5648,2019-08-04T11:06:15Z,759aaf9d899626d0820fa4f693a428bf1968b69fa22d3f27def7058f,60.1638,24.96846,00000000d747f075,27.28
5649,2019-08-04T11:06:15Z,75d452cbba63995ad06213b577081e8db650c80b3a78060789a8e831,60.16762,24.95415,000000006b44cce7,5.91
5650,2019-08-04T11:06:15Z,79bde23c1a8980f93a65e14306f0d8ea89e164430d8b991e2bfee82e,60.16531,24.9442,00000000fdda10fe,14.89
5651,2019-08-04T11:06:15Z,7a0f425ccdf5813a089dd619056db4cf41173803f079c37bab520825,60.18203,24.91341,00000000342570c2,29.32
5652,2019-08-04T11:06:15Z,7a7443a2060675f4b9755ab53cca1f1053bdfe0e4f98acd95b61544b,60.17065,24.93641,000000000f4919c9,31.5
5653,2019-08-04T11:06:15Z,7bb434564bd2430d4e1fff5a245098d487317d3e7e7edde956307d45,60.14951,24.92138,0000000006dd41f6,23.56
5654,2019-08-04T11:06:15Z,7c55ecf165387948602e82b684a55be093691849fde2d96ad6574475,60.17065,24.93641,000000000f4919c9,29.32
5655,2019-08-04T11:06:15Z,7de4ba54f0d667a69cb0b6d625856bc6b040f51a42f91beae366a269,60.16762,24.95415,000000006b44cce7,9.92
5656,2019-08-04T11:06:15Z,7e78b2348d9576c63ebb626030ee9d43e2bf07e860782adf3f1c452b,60.16829,24.94214,00000000afef4555,18.79
5657,2019-08-04T11:06:15Z,7ea276abbe2f1bfd85b2493f7b4c801189e673c0b4dc987d2c8e30dc,60.14699,24.922,00000000a53ed894,20.28
5658,2019-08-04T11:06:15Z,7f95126e2fe39b74b61f9df1002b58453d22fe79458cebfeed9b9982,60.16829,24.94214,00000000afef4555,9.12
5659,2019-08-04T11:06:15Z,80ffa6235c9fd84bd35d46706c7d0c4126ee0e241a070c5ae5f30d14,60.16762,24.95415,000000006b44cce7,9.12
5660,2019-08-04T11:06:15Z,822590bd49bcf7ed4de4f8389586915c343b29c4283ff8b90d7c1d39,60.17065,24.93641,000000000f4919c9,11.7
5661,2019-08-04T11:06:15Z,82ac749474448abac333d00869cb8b508872f86293913d95eae26a05,60.15432,24.9211,0000000019fb59c4,4.94
5662,2019-08-04T11:06:15Z,82cddd3b9f58762d36efe78da4e2722ee587cfdb3fdbc58b52673082,60.16629,24.95957,00000000fb7600be,12.69
5663,2019-08-04T11:06:15Z,842340aa39a680a5c969b20db5027c8e1b123077045e8046a997391a,60.16448,24.97323,0000000053c6c2be,21.87
5664,2019-08-04T11:06:15Z,844b8ad6ebf530978d1139d527a681991f4d3eed6be5bc723f0b2192,60.16531,24.9442,00000000fdda10fe,1.25
5665,2019-08-04T11:06:15Z,849d6a476563b352092dcda35e816833b571b7f630e7ff8617d9b7da,60.16829,24.94214,00000000afef4555,17.4
5666,2019-08-04T11:06:15Z,87ea10367f1569e575dc4bc60f0f4238eafb52ba8a2cc8e5e4584232,60.16829,24.94214,00000000afef4555,9.92
5667,2019-08-04T11:06:15Z,87f4cf4baea8c5dfe1bc7812cc969574058bd4d2dda215192bcfc53f,60.14699,24.922,00000000a53ed894,4.5
5668,2019-08-04T11:06:15Z,886032718e05487be8bd75bb14464814044c7edd7f9a2198304f6fb4,60.16629,24.95957,00000000fb7600be,17.4
5669,2019-08-04T11:06:15Z,88ee7d98af3d9470df5daf433cfa0405f6225cb56b98b7c48d260fd4,60.17002,24.94407,000000006b087f40,23.56
5670,2019-08-04T11:06:15Z,89df1daad350e46d526e113019214d2e1a19d8f48da761bb3583399b,60.16762,24.95415,000000006b44cce7,3.74
5671,2019-08-04T11:06:15Z,8bffe034066821502092859341756212a0dcb6b2c605852c0c40fdeb,60.16762,24.95415,000000006b44cce7,4.94
5672,2019-08-04T11:06:15Z,8c4e4851db86ec4a3ce29a58be770eb29c38b9a983351bb67d781982,60.16897,24.95222,00000000aa852af1,13.75
5673,2019-08-04T11:06:15Z,8ca6cbf91a04db796810f40ee019369f331d79472e4acd09f75cbac8,60.16829,24.94214,00000000afef4555,25.36
5674,2019-08-04T11:06:15Z,8ee30fda8736b8e18a2cdb754676659240bc520a57727b9635630f22,60.1538,24.95595,0000000038bf9618,25.36
5675,2019-08-04T11:06:15Z,8f3d9ab893ae4a48fd3417f3a749c21e792779990ae0ad75a8f211de,60.1538,24.95595,0000000038bf9618,27.28
5676,2019-08-04T11:06:15Z,901a3203f879fac9adb60a318738d443e822e9b082dad04696c16b7b,60.16629,24.95957,00000000fb7600be,20.28
5677,2019-08-04T11:06:15Z,90a7a2779a546d0a67f676fbd33964bfec098cc7d3c6617a5c0f6b88,60.16762,24.95415,000000006b44cce7,5.41
5678,2019-08-04T11:06:15Z,90b12d2b9898702fd62b343512e0d53796ae38decdf704e203a0cc39,60.16829,24.94214,00000000afef4555,12.69
5679,2019-08-04T11:06:15Z,91602a694bc74a2874ba7f02a7bae062a3a77cd869b86a74800415b8,60.17918,24.95141,00000000675d5200,20.28
5680,2019-08-04T11:06:15Z,92df20d921f76c63470e3f5afbe201d3ae15f5133f66c291db796082,60.16629,24.95957,00000000fb7600be,20.28
5681,2019-08-04T11:06:15Z,93272ad17155ea9499641eda7c5560691582116096278b82738ab21e,60.14699,24.922,00000000a53ed894,4.11
5682,2019-08-04T11:06:15Z,93cfe5ee2e5e751e49d1b7a1684a672150ab8b0b4d90d8fa4bbfb70c,60.16762,24.95415,000000006b44cce7,14.89
5683,2019-08-04T11:06:15Z,94ac9d6e79236013b9fa24e1c52123819228f6962b5952637ca80fcb,60.16762,24.95415,000000006b44cce7,8.38
5684,2019-08-04T11:06:15Z,951482f3e2e41b496e34885c346c4a7ab09427178119caa9b8bbcbb6,60.14947,24.91438,000000004ef3150d,14.89
5685,2019-08-04T11:06:15Z,97490f522f1a0226c8f7e8ed7bca08dd71b63d80b46d38020127b868,60.14699,24.922,00000000a53ed894,9.12
5686,2019-08-04T11:06:15Z,9759894c6f46d9e82992282b211a84549983c7a9995cd91fb1178818,60.16829,24.94214,00000000afef4555,13.75
5687,2019-08-04T11:06:15Z,998ac46ad73c197bab1f36dca67d8bcaa3aca92249185a5e3715043f,60.17065,24.93641,000000000f4919c9,23.56
5688,2019-08-04T11:06:15Z,9a49d0b5a67fba15ce8971503f6fea88994b33487a842397c5e8564f,60.16762,24.95415,000000006b44cce7,5.91
5689,2019-08-04T11:06:15Z,9aa588cb6f425117e45726b6b9adb7ef86c8f7c8113b547dc61f068a,60.16897,24.95222,00000000aa852af1,9.12
5690,2019-08-04T11:06:15Z,9ab0a60cb60531417ac6ec5ebc6ef591d2f39019c6b0bcb5a89101a2,60.14699,24.922,00000000a53ed894,11.7
5691,2019-08-04T11:06:15Z,9b2a5c59007368ed7b26c0128d958f0ac43ab418eda263737da18bd6,60.17002,24.94407,000000006b087f40,18.79
5692,2019-08-04T11:06:15Z,9b4b0705e58750d2bcbd71ad65d85677f7e77db5dfe69d1a70b5d31f,60.17918,24.95141,00000000675d5200,9.92
5693,2019-08-04T11:06:15Z,9bd3b28502fbff2bdc93c202dcbb72048f050361e5501387f9f6ff4c,60.17065,24.93641,000000000f4919c9,36.27
5694,2019-08-04T11:06:15Z,9bef562c292174f1eb3933116effff74a8733a78e5c1df140de3fd6c,60.17919,24.95181,000000007b5207b6,5.91
5695,2019-08-04T11:06:15Z,9c0b1d2c4c67c07e547e810a94efeaaa1187ae82977e03748470281c,60.16897,24.95222,00000000aa852af1,18.79
5696,2019-08-04T11:06:15Z,9c3b5efa3a54990a49d4e9936cffd7d917f148932ce838158fe147ba,60.1638,24.96846,00000000d747f075,23.56
5697,2019-08-04T11:06:15Z,9c40a1c76be950694e1b5448f8ad2337198d9a75090bfebc30c7392e,60.16629,24.95957,00000000fb7600be,21.87
5698,2019-08-04T11:06:15Z,9eb1e9bfdceb76ef852f89ebd82139602125f9731b791465e1c21f81,60.16829,24.94214,00000000afef4555,9.92
5699,2019-08-04T11:06:15Z,a066e2044b486819fe2185765f63ed87f8d10c502f26a01be1f1a758,60.149,24.9843,00000000fffb8cf0,23.56
5700,2019-08-04T11:06:15Z,a0ec1a8d581f94e640a6858a674699d2464ec065e6faea9d4ce2a13b,60.16762,24.95415,000000006b44cce7,7.69
5701,2019-08-04T11:06:15Z,a11bbfeb1c753ec5261a0d10f86f280cc3d7f0ae11182fb5cd2912fc,60.16762,24.95415,000000006b44cce7,16.1
5702,2019-08-04T11:06:15Z,a1439b6683d0598c7a05080c3693a17c198f7b8c3297c77324ef4859,60.16829,24.94214,00000000afef4555,0.41
5703,2019-08-04T11:06:15Z,a20a11944d9440f1f8e4ea6262408f673f2a8380c4e13dda1a073d8d,60.16897,24.95222,00000000aa852af1,13.75
5704,2019-08-04T11:06:15Z,a25b897b52089b243421b68349d3f15e60ce8249d11c889a4626bfc7,60.18203,24.91341,00000000342570c2,20.28
5705,2019-08-04T11:06:15Z,a2f0adf51cb9d2a5417cc0797183513a8bbcecfbc717a1b63e42027d,60.16762,24.95415,000000006b44cce7,9.92
5706,2019-08-04T11:06:15Z,a30740fbf4b7e21f6fe2996e9325c90936de161cb2165e87cd96fd35,60.149,24.9843,00000000fffb8cf0,9.12
5707,2019-08-04T11:06:15Z,a3664d77633807788598dd8d4a7ba8caba2c31bfdcb6ba83651d4e7e,60.173,24.92524,0000000096918cfa,11.7
5708,2019-08-04T11:06:15Z,a3c1a4a58b9381c27b1d5076e0d8d72039afccfb0e58438a80247324,60.16762,24.95415,000000006b44cce7,2.8
5709,2019-08-04T11:06:15Z,a44eda7b8ec58e1cd7c078a73c4da7fb0037d59453aa6bfe69b7cbdd,60.16762,24.95415,000000006b44cce7,2.8
5710,2019-08-04T11:06:15Z,a50e0bb8fd1ad4ad264c3246b210a0c6285faae591c1bd2c2c3458af,60.16829,24.94214,00000000afef4555,9.12
5711,2019-08-04T11:06:15Z,a51a9aab75637e56bef3effddc420dfcd95b8cbd85d95917aaac38d5,60.16762,24.95415,000000006b44cce7,3.09
5712,2019-08-04T11:06:15Z,a5835ce352a1e6d8fb6bdc410fae1076c756f7dac8e202465add9277,60.16762,24.95415,000000006b44cce7,14.89
5713,2019-08-04T11:06:15Z,a5d632ac8ffc19a626de034d3c9444fd262ee6edada285c816ea9266,60.16531,24.9442,00000000fdda10fe,8.38
5714,2019-08-04T11:06:15Z,a7cc1a0b8bbb896ef55043e385a939c97fd5cfaf6d43a4db6c720076,60.16762,24.95415,000000006b44cce7,18.79
5715,2019-08-04T11:06:15Z,a81c19fb85eebf853246cdc4d8e38245dfa5ba15c180eaa1bcc0378d,60.16829,24.94214,00000000afef4555,12.69
5716,2019-08-04T11:06:15Z,aa45859d6157e9e86470ec8b81957acc35bafb1b7f419d79357a38cf,60.16829,24.94214,00000000afef4555,14.89
5717,2019-08-04T11:06:15Z,aaabd3028e2bd9f8b0e3a929c8728cb364551bd70da3208662b12033,60.16762,24.95415,000000006b44cce7,21.87
5718,2019-08-04T11:06:15Z,ab1377ddf669bb806f8db586f4ce5ab9f0f4257dda61fe800d8509f5,60.17065,24.93641,000000000f4919c9,18.79
5719,2019-08-04T11:06:15Z,ab7697ba77150d46c95d1b02fef085ed91925d425393d8ad1097adcc,60.17002,24.94407,000000006b087f40,18.79
5720,2019-08-04T11:06:15Z,ac4679e3db131ec2ea8e1111c8aa0d71020cf8796ecb11f142478394,60.14947,24.91438,000000004ef3150d,4.5
5721,2019-08-04T11:06:15Z,acb3f63fe0879b2640a9d68a248a15f85777e30652945d7740bb95f4,60.16762,24.95415,000000006b44cce7,13.75
5722,2019-08-04T11:06:15Z,add92af5006cee56f2da79112486b97d5a7c06f12252676b7638064d,60.16762,24.95415,000000006b44cce7,4.5
5723,2019-08-04T11:06:15Z,adf3914eaf1478a77ba35ea49262388e4babe633207748c7608b8780,60.16762,24.95415,000000006b44cce7,13.75
5724,2019-08-04T11:06:15Z,ae2143f0fab3405d38da14312fd801d7d7524534cd3ffeadc631feb0,60.149,24.9843,00000000fffb8cf0,21.87
5725,2019-08-04T11:06:15Z,ae3cda5066e455d4b1e58860e8fb7a35efad69b9964a676b476b0687,60.14947,24.91438,000000004ef3150d,3.09
5726,2019-08-04T11:06:15Z,b02a0be9ec3a2bb1acba16daee232202f9a06ac84e0dcc9a80dddf6a,60.16762,24.95415,000000006b44cce7,2.54
5727,2019-08-04T11:06:15Z,b0d6202ccd1560eaf57c06931cb6466332e41068ad2963e515819015,60.17919,24.95181,000000007b5207b6,20.28
5728,2019-08-04T11:06:15Z,b2298fc6f63c02481610f9aef24f1a0c1711c255adc43c0fe135c1ca,60.14947,24.91438,000000004ef3150d,12.69
5729,2019-08-04T11:06:15Z,b26d0daac9f8fb84484cbd8ed668aeb6751e848b1c533a307d163360,60.16762,24.95415,000000006b44cce7,9.12
5730,2019-08-04T11:06:15Z,b3266ecf36a984b814e1b2d31b447438bd948a9c116721480104792f,60.16829,24.94214,00000000afef4555,12.69
5731,2019-08-04T11:06:15Z,b3306cd4af1d1a04ef09567c8908ad55c56d9bf6ec7c10af9aea3dea,60.17002,24.94407,000000006b087f40,13.75
5732,2019-08-04T11:06:15Z,b4c8900041e9f8751755d3940ceac58419e6370cd81cdb90d7800de1,60.14699,24.922,00000000a53ed894,20.28
5733,2019-08-04T11:06:15Z,b50b3c2006581bccfeaa9ea964649350c7d5b8177baa29a37e628584,60.14947,24.91438,000000004ef3150d,16.1
5734,2019-08-04T11:06:15Z,b59631b8902194c916f7d3ddcc02d4200a3de0380fa554d87e6856c0,60.17002,24.94407,000000006b087f40,5.41
5735,2019-08-04T11:06:15Z,b5cdbcdc30e0bf653ce353c867708b0067db5e394c8cbe848d978a77,60.14699,24.922,00000000a53ed894,8.38
5736,2019-08-04T11:06:15Z,b601cd655bb9f05aa6ec86fc9eb9300c3bc20bc0e856e94ad168a257,60.14947,24.91438,000000004ef3150d,5.41
5737,2019-08-04T11:06:15Z,b67f020b0677cdc52c864f559306fb750cdf47ce2eee6503a3cedb3a,60.16629,24.95957,00000000fb7600be,16.1
5738,2019-08-04T11:06:15Z,b81e65168ea3278486b1c954ab229bc2eda3fe07098e824f05cd0ac4,60.149,24.9843,00000000fffb8cf0,29.32
5739,2019-08-04T11:06:15Z,b8f5834e6b992cf5568ae3153fb4b07e97b7f6dd01250851134c1824,60.149,24.9843,00000000fffb8cf0,20.28
5740,2019-08-04T11:06:15Z,b8fa848688a5668fb3f775eafe9b0be3f91e7451c2d4aa32b60986ef,60.16762,24.95415,000000006b44cce7,17.4
5741,2019-08-04T11:06:15Z,ba288a5fd2befbc9ed08e7876ad7cb2bd8bfe6f5756d2ffe8e2dc558,60.17002,24.94407,000000006b087f40,9.12
5742,2019-08-04T11:06:15Z,bbf7d8b9085ddcd3b94f55f93b52cb40a251c44f5df4099ba5b61471,60.16829,24.94214,00000000afef4555,9.92
5743,2019-08-04T11:06:15Z,bd7fa2c07b7e0eab8afb3d9825a810643c2eb71f83c09a1e26cac54c,60.16762,24.95415,000000006b44cce7,7.69
5744,2019-08-04T11:06:15Z,bf1bf5222ce141fbaa484d3bbf568d521b90699d69ec5fc413c9d716,60.17002,24.94407,000000006b087f40,16.1
5745,2019-08-04T11:06:15Z,bfd5c2630b36fde15de01ea74e598d035402cf1edb7c9230617927e0,60.16762,24.95415,000000006b44cce7,0.84
5746,2019-08-04T11:06:15Z,c012e9e2caf1002d24e53817bb1279becdfc4aa9dba085e93ddd88e9,60.17002,24.94407,000000006b087f40,21.87
5747,2019-08-04T11:06:15Z,c239e27b985c23449b6aa84b78560b1b4e535975f3ba059d7987efe4,60.16762,24.95415,000000006b44cce7,11.7
5748,2019-08-04T11:06:15Z,c2407109364cb5b4532b1be056dd99442fc75583cbae715f34507a05,60.16762,24.95415,000000006b44cce7,9.92
5749,2019-08-04T11:06:15Z,c26838ba90ff36e1d86e327d1623e206734b7c8db8e463218bd43123,60.16762,24.95415,000000006b44cce7,12.69
5750,2019-08-04T11:06:15Z,c27fee8ae8d689338b043608280c83cfa6f3276d3837ecea5f742dc3,60.16762,24.95415,000000006b44cce7,6.46
5751,2019-08-04T11:06:15Z,c2cc33e5b1b8d254d4bcbc0ffa13c9200676a39a191cc31a38d28d8d,60.17065,24.93641,000000000f4919c9,16.1
5752,2019-08-04T11:06:15Z,c2e135ad2c160277e290705658ac41d7cd35b11ebf61d829fdd0b428,60.14699,24.922,00000000a53ed894,16.1
5753,2019-08-04T11:06:15Z,c3a495a9d0bbc5fd0f24b7bc8df7373418859c452ae7e6d0d13bb3fa,60.16762,24.95415,000000006b44cce7,14.89
5754,2019-08-04T11:06:15Z,c45e3c4e8ec0fc85457d3b4ed4c49ed0116b4cf447e2983f353abcd8,60.16829,24.94214,00000000afef4555,16.1
5755,2019-08-04T11:06:15Z,c55894159f2080031cda702c78ee54463c3c15ab1b3638afdf687f08,60.16531,24.9442,00000000fdda10fe,6.46
5756,2019-08-04T11:06:15Z,c6b0ea433c3fdc73e0bac7e3faa2690506c4e8ec7fc54210446a7ffa,60.14947,24.91438,000000004ef3150d,13.75
5757,2019-08-04T11:06:15Z,c7ced11121537f55bcd7d7ab67312226dafe7c85320c5357a35d5ab7,60.17002,24.94407,000000006b087f40,17.4
5758,2019-08-04T11:06:15Z,c990a15d27cfc21e63b7c96b95949254f1194e8b27118386a589e2bd,60.16897,24.95222,00000000aa852af1,21.87
5759,2019-08-04T11:06:15Z,ca38047e041c74bc9e84aa4687e19233b85cdc213ac43164f9ab322b,60.16762,24.95415,000000006b44cce7,10.78
5760,2019-08-04T11:06:15Z,cb2f32be2e27fc44ead887ff7f76c0199bf68b2c6711e6880f4acd01,60.16762,24.95415,000000006b44cce7,13.75
5761,2019-08-04T11:06:15Z,cb37b8fad0bc758cf37d7ea1052f3a98f29282ae37ec635d6eb2c511,60.16762,24.95415,000000006b44cce7,8.38
5762,2019-08-04T11:06:15Z,cd7d0e9404c9f4e8fab0742460b9acb4d5bbb97f44df80d4a8b973cd,60.17002,24.94407,000000006b087f40,8.38
5763,2019-08-04T11:06:15Z,d04b5065ec93818b731141027d11e6a1cf53de69b9737d7aea0c34da,60.14947,24.91438,000000004ef3150d,13.75
5764,2019-08-04T11:06:15Z,d20f68571773330f7b6490b006b2e952c9912b4ee05e20f0fc434698,60.16629,24.95957,00000000fb7600be,18.79
5765,2019-08-04T11:06:15Z,d2b816bfc9982b3f48d8baa389dc18ef7a57d3dcba72567b2865e2e2,60.16762,24.95415,000000006b44cce7,7.05
5766,2019-08-04T11:06:15Z,d2fd0c6415d2d8e49fef3415fb8747b524191b4400a4fbb66428cb12,60.14699,24.922,00000000a53ed894,27.28
5767,2019-08-04T11:06:15Z,d3910de7df50d93311da3c44a80ec2a60325db1914938b1bcd3c047c,60.16762,24.95415,000000006b44cce7,12.69
5768,2019-08-04T11:06:15Z,d4c9ea46d58288bf42808788e668072465d91dd3c874a8a51de5794e,60.16897,24.95222,00000000aa852af1,16.1
5769,2019-08-04T11:06:15Z,d68f1946805ba3d30f9ba25280986fbe003f3b5dce7245b633e0cb5c,60.16762,24.95415,000000006b44cce7,9.12
5770,2019-08-04T11:06:15Z,d6a8c97f1ec18c7a90d3beae358bad67f8d53626258a852e15b08c5d,60.14699,24.922,00000000a53ed894,9.92
5771,2019-08-04T11:06:15Z,d81024e88bb9b04be64c793e92836ac82bec9eed4bfeef83accf8109,60.14951,24.92138,0000000006dd41f6,25.36
5772,2019-08-04T11:06:15Z,d83c1c2d3a3876c948e277bace6d013eafc0c4e118958e138f8b1257,60.16448,24.97323,0000000053c6c2be,25.36
5773,2019-08-04T11:06:15Z,d86f155736e4d36de5d33bdbb3b12b717b75de44852b93419af20945,60.16829,24.94214,00000000afef4555,10.78
5774,2019-08-04T11:06:15Z,d9138495b15650460946f56faa26bf36e7dc6cf74b3d84614efbc8cd,60.16897,24.95222,00000000aa852af1,20.28
5775,2019-08-04T11:06:15Z,da2398acaae7f39c7b80c220d4e6917bdc7655f4c71b6e36d06cb859,60.18203,24.91341,00000000342570c2,14.89
5776,2019-08-04T11:06:15Z,dab7015659d0cd7c18f681d6089a503f9c418ae9b1dc9077084a6bcb,60.16762,24.95415,000000006b44cce7,18.79
5777,2019-08-04T11:06:15Z,dabb7edec36f560d07547c2595765be02b0731b3826f93f5c41b7120,60.16762,24.95415,000000006b44cce7,5.41
5778,2019-08-04T11:06:15Z,db4d3f81708de827ce30c4130610fd65b4d6d451ca5cf6b0c4e745d9,60.16829,24.94214,00000000afef4555,16.1
5779,2019-08-04T11:06:15Z,dc4043efe103db9ce55ad4d987a45cf9821cdc3e63cf7b15b6d48baf,60.16897,24.95222,00000000aa852af1,14.89
5780,2019-08-04T11:06:15Z,dc4072a3cfc00cca0bde9925adc82bb9c2548af1724368561eefcbf8,60.16762,24.95415,000000006b44cce7,8.38
5781,2019-08-04T11:06:15Z,dc816e92e4a2eceea03f41fc379fda0e3d57b5d0fbd9a06430432022,60.16762,24.95415,000000006b44cce7,7.05
5782,2019-08-04T11:06:15Z,dc82f9648bb5ba21e766e0923f5fa7ca2d77662ab0edbe22a3d95631,60.14699,24.922,00000000a53ed894,10.78
5783,2019-08-04T11:06:15Z,dcfba8136720b1bfba201ecccf5c10517e19d6ef135e137e570c4a41,60.16448,24.97323,0000000053c6c2be,23.56
5784,2019-08-04T11:06:15Z,dd8e0699822b1a8a3f8a91fcb10729f6f7cd0a4736f36dc60974c36e,60.16762,24.95415,000000006b44cce7,9.92
5785,2019-08-04T11:06:15Z,de48adf9d49eb3bc1d61dea4047618f6c77086fc44bd2b535d56504d,60.16762,24.95415,000000006b44cce7,3.4
5786,2019-08-04T11:06:15Z,de71e27b55ef6f2f51f05838a2fcab596f1dd93a14ece5ce4548f5c7,60.14699,24.922,00000000a53ed894,7.69
5787,2019-08-04T11:06:15Z,e081e4b3252ca91bbf1cbb70faa116d60317fbf3a991a67bc99b4bfa,60.149,24.9843,00000000fffb8cf0,6.46
5788,2019-08-04T11:06:15Z,e0859a9c906151023376d86762070f38ba1b3859e671531b0edac6cd,60.16075,24.95883,00000000f1124bca,23.56
5789,2019-08-04T11:06:15Z,e0d7e8b332ca8514428ab10acf6d3a6b777da62ff8ea3e18d9b32989,60.16762,24.95415,000000006b44cce7,5.91
5790,2019-08-04T11:06:15Z,e1da87aea335bcd04e4c876158b96ebc7ba4206bc216c3aa27a2f4af,60.17918,24.95141,00000000675d5200,3.4
5791,2019-08-04T11:06:15Z,e305610124e16ed1411a221b29ce69a076cc47982efd6c098b0599ab,60.14947,24.91438,000000004ef3150d,14.89
5792,2019-08-04T11:06:15Z,e32e078697e70d6e3cb4b156ada3a4756315227b125615d7b5c116a7,60.16762,24.95415,000000006b44cce7,4.5
5793,2019-08-04T11:06:15Z,e44d7228cecbdb2474e1cc396a6c13943f09c08c19d0ffab1997d509,60.17918,24.95141,00000000675d5200,21.87
5794,2019-08-04T11:06:15Z,e53a901aed874016e1cd1ed3e9b2891fca850986cb2fa04f5162cf52,60.16762,24.95415,000000006b44cce7,0.84
5795,2019-08-04T11:06:15Z,e557e164cd52fd817b02cad6587a294d72b0974d9b014ad69ea5e08e,60.17918,24.95141,00000000675d5200,4.94
5796,2019-08-04T11:06:15Z,e57facbf08a4abd25c366c0604463549586bb771b6ce2cf62945cdbf,60.16762,24.95415,000000006b44cce7,20.28
5797,2019-08-04T11:06:15Z,e5928057da667903de0b6c1245e1f58273dd85d63d8af0f4eaa771de,60.16762,24.95415,000000006b44cce7,7.69
5798,2019-08-04T11:06:15Z,e5b9b4813c081a31fb498e7f9adb94918c267dfa125c63790c0d9488,60.149,24.9843,00000000fffb8cf0,18.79
5799,2019-08-04T11:06:15Z,e82fb1b58cd1d81fb46e1dca3b34ae603aa01acb01ef1d8a7178defc,60.16762,24.95415,000000006b44cce7,20.28
5800,2019-08-04T11:06:15Z,e92e9e46c4d4067617b8dad0cc70baa43463d1abc4d623d0e103c6b7,60.16762,24.95415,000000006b44cce7,21.87
5801,2019-08-04T11:06:15Z,e9d59e25b58f33f70aad6832863cb59d7485ca55a1575558f92b74e7,60.16897,24.95222,00000000aa852af1,21.87
5802,2019-08-04T11:06:15Z,eb10ddb244dec4641f50a9b05b0e1cfdf4ac49e3dc3001cddb1e67c0,60.16762,24.95415,000000006b44cce7,4.94
5803,2019-08-04T11:06:15Z,eb261026c6f65b651ddf21bed629a1e164cfb500d0b78062704ec15c,60.16762,24.95415,000000006b44cce7,3.74
5804,2019-08-04T11:06:15Z,ec485175d2b7a2c53d03bf546aee134c116d998976601b069570c6f9,60.14699,24.922,00000000a53ed894,9.92
5805,2019-08-04T11:06:15Z,eca1a609c675d971fcfba4277d230ccdc2de7805c629b1f5da9cc224,60.173,24.92524,0000000096918cfa,21.87
5806,2019-08-04T11:06:15Z,ecb1735f180422ec69f041cd2782a26c9f07d27a87893b3c30aaa9b7,60.16075,24.95883,00000000f1124bca,4.94
5807,2019-08-04T11:06:15Z,ecb5655da668bb183a5c270a96927649c323975e318184d248247099,60.16829,24.94214,00000000afef4555,9.92
5808,2019-08-04T11:06:15Z,ecf13e9d610ad235409932d263110fd52c69d0f5f39e9ffd3ad8b740,60.16897,24.95222,00000000aa852af1,9.92
5809,2019-08-04T11:06:15Z,ede13c9dc221bbc6c1daf78250fa6547303c06d7606c05ba0bf64547,60.17918,24.95141,00000000675d5200,4.94
5810,2019-08-04T11:06:15Z,ee81051f10987c5f2ca4f2188c2e87df47f035dfdc62842c4671b11c,60.16629,24.95957,00000000fb7600be,20.28
5811,2019-08-04T11:06:15Z,eea43687eab35d2c386347881796eb1c8279076b9e9642ebc2cd06ac,60.16762,24.95415,000000006b44cce7,4.94
5812,2019-08-04T11:06:15Z,ef15ff71b7dc4c2088249a4fca7e28900ae315245a7a3b4d571bf582,60.16829,24.94214,00000000afef4555,13.75
5813,2019-08-04T11:06:15Z,ef33ccdfcdb12920eabb3306e0f86dc7e6060a5d3864b03e2de7e1ef,60.16897,24.95222,00000000aa852af1,25.36
5814,2019-08-04T11:06:15Z,ef45fdc095ee55730384922266d8fce61de212d3c3df2441ea10e524,60.14947,24.91438,000000004ef3150d,9.12
5815,2019-08-04T11:06:15Z,ef5e495c5f9d3dd9eb22ed5b8faf1cc9e4225d4785ebb26a87d16fff,60.14699,24.922,00000000a53ed894,8.38
5816,2019-08-04T11:06:15Z,f110acae92fec55c6caca5de864773a6b99e5b8d6e2fdf8d1bdbc759,60.16762,24.95415,000000006b44cce7,7.69
5817,2019-08-04T11:06:15Z,f11c02cbebb4049a29f10d2ee6aac8a9ca3b7b9609a39d69463461a1,60.17065,24.93641,000000000f4919c9,20.28
5818,2019-08-04T11:06:15Z,f196f5f8c08299d290b3bac1944e00bb1f2c90594db66438b0c10e6e,60.16629,24.95957,00000000fb7600be,11.7
5819,2019-08-04T11:06:15Z,f1d44b9d3710849eba7eab0b6646053378aa5f8ee3491ec2522f3c44,60.14947,24.91438,000000004ef3150d,27.28
5820,2019-08-04T11:06:15Z,f2467c8ede6444941158701b7bd9d005beec9ffdb355ce2d8c7a9bfd,60.149,24.9843,00000000fffb8cf0,18.79
5821,2019-08-04T11:06:15Z,f28990a169fd2c2c6d99cb0d1d99ca7527e0f5c256624c0349c17081,60.16544,24.95398,0000000038d83d41,18.79
5822,2019-08-04T11:06:15Z,f43b8b2cf2c0bd291543858796d75b211d283ab73dcab5ad5dfd0aeb,60.16897,24.95222,00000000aa852af1,6.46
5823,2019-08-04T11:06:15Z,f4537d3a0c1408b022793f60b53e651b2eac6640fa66b9248338e815,60.16762,24.95415,000000006b44cce7,6.46
5824,2019-08-04T11:06:15Z,f4b9fc6acb673aea24fe00dfbe806b81fedab0c2ea82d781f7659ce5,60.16762,24.95415,000000006b44cce7,12.69
5825,2019-08-04T11:06:15Z,f616fbd0fde8316049c3068ae4368dc9f486f8da4bf5516e9ba82578,60.16897,24.95222,00000000aa852af1,13.75
5826,2019-08-04T11:06:15Z,f78ef2ddbe48b534137498eab56c0a55ec0e0b1d8868e82cb5652a0e,60.14699,24.922,00000000a53ed894,14.89
5827,2019-08-04T11:06:15Z,f7be7d003528c0c0827040a3a3723e49406a5a7c86cb4bc568a830db,60.17002,24.94407,000000006b087f40,21.87
5828,2019-08-04T11:06:15Z,f7d633178895e2c2f25a33d4045d8317cf7691e19593fe4b142182fc,60.16762,24.95415,000000006b44cce7,13.75
5829,2019-08-04T11:06:15Z,f855918d61069661cbf8633b228a5fb9e5cd5ea7b2946bfc5b9fc315,60.16829,24.94214,00000000afef4555,16.1
5830,2019-08-04T11:06:15Z,f9ed4361c378e7c740818b0c356acbffa4a161af2ffbecb803ace9b7,60.173,24.92524,0000000096918cfa,23.56
5831,2019-08-04T11:06:15Z,f9f42c3132515705c0013fb8e137897c93844d24acc22cb4ac9384a0,60.149,24.9843,00000000fffb8cf0,11.7
5832,2019-08-04T11:06:15Z,fa0f842659ccbf444859d2dfa36ea7e58436bbab37ffe91f379d2bf7,60.16448,24.97323,0000000053c6c2be,38.87
5833,2019-08-04T11:06:15Z,faee9c7cf21aa61809c94dd68268377841712fc4e488b094972b6a38,60.1538,24.95595,0000000038bf9618,31.5
5834,2019-08-04T11:06:15Z,fb37b263777ffcf7fe1fb6484821cae2b8beb03b5f5009109748dedb,60.16762,24.95415,000000006b44cce7,9.12
5835,2019-08-04T11:06:15Z,fbccaff441d52a5aeba79ca785ef499aa8ce201503787c329885a565,60.16897,24.95222,00000000aa852af1,17.4
5836,2019-08-04T11:06:15Z,fbd28054e4a5478c8ca06f4d682405d1c59bef4853cad413ecb58d13,60.14699,24.922,00000000a53ed894,25.36
5837,2019-08-04T11:06:15Z,fbea754bd1d1bd41d31d255adcdfb67b3b4c052fc59db33eb47c25b4,60.16897,24.95222,00000000aa852af1,27.28
5838,2019-08-04T11:06:15Z,ffb7319984ecae155652e100da9b204f0b92f3b6c7239cfea4dcf966,60.14699,24.922,00000000a53ed894,9.12
5839,2019-08-04T11:06:16Z,048a4191e2e9ce1733556eda54c4123345c70aeced0f8ecf7d52b916,60.14699,24.922,00000000a53ed894,23.56
5840,2019-08-04T11:06:16Z,09ddbf38333e76a79fd836112bd8c3f8bf7f3dadfb3d49945ad4c486,60.16897,24.95222,00000000aa852af1,6.46
5841,2019-08-04T11:06:16Z,1142f5b6806b1ec7d8d47d47013eb530d8a7418f6934d8867b20966a,60.16829,24.94214,00000000afef4555,25.36
5842,2019-08-04T11:06:16Z,126e7fa4dd9205201617bdc0c7c346bfb57e1a75d3d7d3d9c260d51b,60.16629,24.95957,00000000fb7600be,13.75
5843,2019-08-04T11:06:16Z,128f1b89d7a534aa206a7823b692594bbd4d349761baa04c0fc72f2c,60.14947,24.91438,000000004ef3150d,14.89
5844,2019-08-04T11:06:16Z,14c7e1511b70f4dd3359cbece1377aebb4d70531f5489eefe53d7c3c,60.16544,24.95398,0000000038d83d41,21.87
5845,2019-08-04T11:06:16Z,198d6432c579dae0d7ddda6591eb377ca6c01888de802f89ab84b98a,60.16544,24.95398,0000000038d83d41,27.28
5846,2019-08-04T11:06:16Z,25a7ff811c3c06e426c7c2cbb0433d9a2a3399b23afecbd35584ab0f,60.18203,24.91341,00000000342570c2,12.69
5847,2019-08-04T11:06:16Z,29016fc5853bb802e42e93eb5fd98882d64029327d793a2f2335b9e4,60.16829,24.94214,00000000afef4555,5.91
5848,2019-08-04T11:06:16Z,2f296f178903769d80a34f17a1beef377e041852b35742df84ce7c59,60.16829,24.94214,00000000afef4555,25.36
5849,2019-08-04T11:06:16Z,32dd92b5a658392a4ec84eaf95152ee72258b6b0fb670b97882ac902,60.16829,24.94214,00000000afef4555,7.69
5850,2019-08-04T11:06:16Z,43b676ed3aef4c2d8846694817e76117873be52e7f788e0cb366c1c4,60.16629,24.95957,00000000fb7600be,27.28
5851,2019-08-04T11:06:16Z,44d0b94469070803869f229601e877beb613c3f5aafa009addf97a1a,60.16544,24.95398,0000000038d83d41,25.36
5852,2019-08-04T11:06:16Z,4656bad9b5e6dfc3977eca308fc1db3dbf8b0204b90d09b001da242e,60.1638,24.96846,00000000d747f075,29.32
5853,2019-08-04T11:06:16Z,54f040219b954e68101c83a5a6bacf046961c7a1d9a779fa291fa47b,60.16531,24.9442,00000000fdda10fe,27.28
5854,2019-08-04T11:06:16Z,5d65719c4cbf045f068d084b72302f447d5fd034413d97d13be00d0e,60.18203,24.91341,00000000342570c2,20.28
5855,2019-08-04T11:06:16Z,5eed115a984d490b02b602d73787aee8dc8c4e9365b77fbff3818a76,60.16629,24.95957,00000000fb7600be,17.4
5856,2019-08-04T11:06:16Z,6194c7507f3361af2168ea62f9a4d97856c22a771424fe6367e75513,60.14951,24.92138,0000000006dd41f6,33.81
5857,2019-08-04T11:06:16Z,69219e9efa41ae9e732653e9eaf08e1a34cb853a9dafe76ddeea4d04,60.16897,24.95222,00000000aa852af1,17.4
5858,2019-08-04T11:06:16Z,6a70e2fbced719333e21eff04fcb9cb36bae9a04d1a3d6ddd96f2c58,60.15432,24.9211,0000000019fb59c4,6.46
5859,2019-08-04T11:06:16Z,87dfaad29a9276ddddb1fa021d3bc23ad14824c1af16f7d87e713689,60.14951,24.92138,0000000006dd41f6,9.92
5860,2019-08-04T11:06:16Z,88808fe92573e9cdf022cc15b9689b6b4b9429f60513c8897b0ba4c7,60.16897,24.95222,00000000aa852af1,14.89
5861,2019-08-04T11:06:16Z,92aae21a6e0dd2ff71fc591b64e878502bd4677b64ac413632e9f7c6,60.149,24.9843,00000000fffb8cf0,13.75
5862,2019-08-04T11:06:16Z,9843c6216661048343a0e49cf3d8aa2883cf77f452666a1c873a1052,60.16448,24.97323,0000000053c6c2be,11.7
5863,2019-08-04T11:06:16Z,9c8556ea519835172f09c20e7688066eeec8e7f74a0c6fa3df3d9c5f,60.16829,24.94214,00000000afef4555,23.56
5864,2019-08-04T11:06:16Z,a13e5d46f0a2d1c6b58878e1b198905e9b14e3a85b5e4adab88b4b87,60.16762,24.95415,000000006b44cce7,16.1
5865,2019-08-04T11:06:16Z,a91d379a4b57c5df22db0d7a041ff69f657b4b31f28554b1011fc03c,60.16544,24.95398,0000000038d83d41,31.5
5866,2019-08-04T11:06:16Z,b33ae7715d6d2571066655c2c8954a5a364b5601869047de83410d9f,60.16629,24.95957,00000000fb7600be,27.28
5867,2019-08-04T11:06:16Z,b936e41d8712ae967f3ebb413fc44f060bb10613f95537757886ede2,60.16762,24.95415,000000006b44cce7,10.78
5868,2019-08-04T11:06:16Z,bf7ce59939679783aec9a63b2f5eaa74e9c6f5703da40b730642884e,60.16897,24.95222,00000000aa852af1,16.1
5869,2019-08-04T11:06:16Z,c40c37def6bf11a63a2556519a7c6233fd417cdeea2cf14f28e7c42c,60.16531,24.9442,00000000fdda10fe,25.36
5870,2019-08-04T11:06:16Z,c97eb4181394121907d47b908495f54e5ee5145ff790f7a1dc21b3cf,60.16897,24.95222,00000000aa852af1,13.75
5871,2019-08-04T11:06:16Z,ca6927628f5ddda20036865c9345ad93d476d62ade3b181de568eed6,60.16897,24.95222,00000000aa852af1,27.28
5872,2019-08-04T11:06:16Z,cf05623e4d87ce0906c0b0b7dbf53aacc1228016cd27c341228b6e76,60.18203,24.91341,00000000342570c2,17.4
5873,2019-08-04T11:06:16Z,dbeb00942457ba3c5fb1984b57b1dedb268c0e761e80729b939f1fd8,60.16544,24.95398,0000000038d83d41,21.87
5874,2019-08-04T11:06:16Z,de70f4707e34262e09161e7b3a8459b6f250e5462f70ff48f3178bb9,60.16829,24.94214,00000000afef4555,25.36
5875,2019-08-04T11:06:16Z,e224ae5ea47af2e3048f83b13a1f45dc135c0ca6be72547b01729086,60.1538,24.95595,0000000038bf9618,16.1
5876,2019-08-04T11:06:16Z,e8690c2d1711bc10f2d1251a3b5b1e770b98c66c384760400c604de1,60.16829,24.94214,00000000afef4555,27.28
5877,2019-08-04T11:06:16Z,e96bd269a48b822b06141c3362fcb6d5ed4d0d09a120f2e4a712d5c2,60.16897,24.95222,00000000aa852af1,29.32
5878,2019-08-04T11:06:16Z,ec9139faa5706ad0c421bc9e3beb3d01bbe94e828fc31464764715c1,60.14951,24.92138,0000000006dd41f6,27.28
5879,2019-08-04T11:06:16Z,ed70dda6b7faebd4340dacdb452ab224d9d3c308df417b7fa76f54e8,60.14951,24.92138,0000000006dd41f6,25.36
5880,2019-08-04T11:06:16Z,f088630d7476dae7d4b7e2bb1f10575f2c89acb4b6e061f3d57c2b40,60.16531,24.9442,00000000fdda10fe,33.81
5881,2019-08-04T11:06:16Z,f31cfded6f566f9c032c80c52ea642407be312c5d42521ab7a8d3e2a,60.16897,24.95222,00000000aa852af1,17.4
5882,2019-08-04T11:06:16Z,fc4f3a44235f1cfc7b53f14ba2da599976a5a0a220d23b852688e485,60.17919,24.95181,000000007b5207b6,14.89
5883,2019-08-04T11:06:16Z,000888f4e876e6cb8d50b0bb1a3deaee0655733968eb5065d779e88e,60.16762,24.95415,000000006b44cce7,11.7
5884,2019-08-04T11:06:16Z,0043f38f4fb6545d7c033c9a8f8c18106aa0c2c841f28a15dd722e9d,60.14699,24.922,00000000a53ed894,20.28
5885,2019-08-04T11:06:16Z,007540b1ada16f6000987e20cd81a3deb18b2aea4cb95b50e099dcee,60.17065,24.93641,000000000f4919c9,10.78
5886,2019-08-04T11:06:16Z,01e47d49d859d6875c51173a8f2159c35733cff5d2c3e5044b4b42d1,60.16829,24.94214,00000000afef4555,27.28
5887,2019-08-04T11:06:16Z,0236a1d5b9b9d2249407a79705eee38de360ceb0530a8959ba5bc15b,60.149,24.9843,00000000fffb8cf0,9.12
5888,2019-08-04T11:06:16Z,02a354db29cd5bc16976a9d933e03a41be350f9cc78098829a7dcfd4,60.14947,24.91438,000000004ef3150d,23.56
5889,2019-08-04T11:06:16Z,0495ba0a1c04e0262f37eaa32084a173acc00638a16e76bb922b97dd,60.16762,24.95415,000000006b44cce7,9.92
5890,2019-08-04T11:06:16Z,055dd402f160d1e2e268660c247c3770566365a0e384c3bacb9de8f9,60.16829,24.94214,00000000afef4555,25.36
5891,2019-08-04T11:06:16Z,05f52537369257fe91fca514a559e377e4e4644c7478e3c7a015ea28,60.18203,24.91341,00000000342570c2,18.79
5892,2019-08-04T11:06:16Z,0656a0c0a353f164b57fbdd9e648d71fab429964d97ed07ab2c5dc30,60.18203,24.91341,00000000342570c2,20.28
5893,2019-08-04T11:06:16Z,08b10b51864dc039f0a07c997e66e7a263ee1cde5b0b88b2a1178c58,60.16829,24.94214,00000000afef4555,13.75
5894,2019-08-04T11:06:16Z,096c3b0de1dab1407cd4d3330546404c0d62ce025924420496380f89,60.16762,24.95415,000000006b44cce7,9.92
5895,2019-08-04T11:06:16Z,0a875ca08ae7654af6e570e7245816939a3a61213bedf03765dc6f53,60.16897,24.95222,00000000aa852af1,44.58
5896,2019-08-04T11:06:16Z,0b45b52bc137c31ce83561c857f809296ec70f5537976a4a4d573d4f,60.16829,24.94214,00000000afef4555,11.7
5897,2019-08-04T11:06:16Z,0c959027ce302054b09087cac97a83aa7e24fb9e4fa2710763f912cb,60.16829,24.94214,00000000afef4555,9.92
5898,2019-08-04T11:06:16Z,0d2490ed58c11eb4a754a30cc4bcb21c7243d322a2caf7cc360e4e8c,60.17065,24.93641,000000000f4919c9,17.4
5899,2019-08-04T11:06:16Z,0db98d8680214cff9c8fab718518b331dd107676ffaac602192a3654,60.149,24.9843,00000000fffb8cf0,23.56
5900,2019-08-04T11:06:16Z,0dc12f22306d5f6622fc786011f32f1961a5f94018be9c2236fb2e52,60.14699,24.922,00000000a53ed894,21.87
5901,2019-08-04T11:06:16Z,0e113c5ed3abcdfb31d27c3125f6cf01e3b96e4ed7eca1aaea855f77,60.14947,24.91438,000000004ef3150d,16.1
5902,2019-08-04T11:06:16Z,10ca87ada637a6524de98a11c8d3d3d3cfa8f7f5ea839b29c2b132a0,60.16762,24.95415,000000006b44cce7,21.87
5903,2019-08-04T11:06:16Z,1107822441d53ff89eb9cb0d022a37202aed47bd82dca4bc175d6837,60.16762,24.95415,000000006b44cce7,7.69
5904,2019-08-04T11:06:16Z,119ff796b6f8676a292e54f9895ab0954e5ebc578a9000a0d9b7b38e,60.16531,24.9442,00000000fdda10fe,33.81
5905,2019-08-04T11:06:16Z,1327ce24f157334f864f913637993c80380ce5f5c911e4b0d31c5eb7,60.149,24.9843,00000000fffb8cf0,2.8
5906,2019-08-04T11:06:16Z,13b0a8ca1414d7b2b0e8d5f80069a5d26c6f62a68b58eda25a4b85f4,60.16829,24.94214,00000000afef4555,17.4
5907,2019-08-04T11:06:16Z,17b39c4376c28dc9e1c1221de9d5037abfea5d59d30cdd48208fc3a8,60.16762,24.95415,000000006b44cce7,3.74
5908,2019-08-04T11:06:16Z,182e58bd6c3c8d836225d454a878bc55d8ed5166564a22f8b635f6ff,60.14947,24.91438,000000004ef3150d,20.28
5909,2019-08-04T11:06:16Z,1921be9815a57f11f291ca085add7b4bf1d044518b03b725df7cf7d5,60.149,24.9843,00000000fffb8cf0,13.75
5910,2019-08-04T11:06:16Z,19db84758eba08a5f9bb56b0ff91d05286765c8e8dfa31bd0b2aaa1c,60.14947,24.91438,000000004ef3150d,21.87
5911,2019-08-04T11:06:16Z,1a9a0f74c353624c42c19c007e82c9c2547b7285d8353d0e375e3f05,60.14699,24.922,00000000a53ed894,4.94
5912,2019-08-04T11:06:16Z,1bf50dfe32abb7c9766ead8b6b3e91a0c13f773550f6f4f9b11063e2,60.18203,24.91341,00000000342570c2,21.87
5913,2019-08-04T11:06:16Z,1bff3cb3b9be59366fdf8adbbc677a4dfbf8e116bf330c3435bc63c2,60.16897,24.95222,00000000aa852af1,25.36
5914,2019-08-04T11:06:16Z,1c8c3befa38b65f707dd4933a68e5e3c9e7c82592fd382779127416b,60.16897,24.95222,00000000aa852af1,25.36
5915,2019-08-04T11:06:16Z,1ce242f8d8220cd38bf3ea9138c99ae9b2f79b28e68edb864f090ec9,60.149,24.9843,00000000fffb8cf0,16.1
5916,2019-08-04T11:06:16Z,1dacfb371d75dd4f90f447aac2a00faad98beb4188a6971c19eb2375,60.16629,24.95957,00000000fb7600be,20.28
5917,2019-08-04T11:06:16Z,1de509b10ed308796e82bb0f51f17f68e2fdfbcc3d6bed69c40eb7fd,60.173,24.92524,0000000096918cfa,31.5
5918,2019-08-04T11:06:16Z,1f3c0c25584dec03a1a14bcca7512f3e83afd49569b548df92464d33,60.16829,24.94214,00000000afef4555,17.4
5919,2019-08-04T11:06:16Z,1f6e5095c2c365e120a526c9111895459bc08fb351b964a350cdb64f,60.16762,24.95415,000000006b44cce7,16.1
5920,2019-08-04T11:06:16Z,1fa2c533bba37b249a0105001153733e67a559d40c22cab67f135f64,60.14947,24.91438,000000004ef3150d,2.54
5921,2019-08-04T11:06:16Z,227b93698b29687beea48184f42aab63a21fa362af7251be32db2e15,60.16531,24.9442,00000000fdda10fe,3.4
5922,2019-08-04T11:06:16Z,23786c82e2641aed0e0b004658480a212bf0397568e914487819045c,60.16897,24.95222,00000000aa852af1,9.92
5923,2019-08-04T11:06:16Z,23b4a8c7918ca417eab83481a710fd544e1fa8bf7073b5955c0155c8,60.14699,24.922,00000000a53ed894,8.38
5924,2019-08-04T11:06:16Z,23b7c1b09dfbcbf722a4c48303dd0435cf9885a516d5eebb6538844f,60.16762,24.95415,000000006b44cce7,10.78
5925,2019-08-04T11:06:16Z,23f10190151386d4050571cb299410bc0285ed980b0a00f088e01cf0,60.16762,24.95415,000000006b44cce7,10.78
5926,2019-08-04T11:06:16Z,2535cb5c89ec66044a005b03dd769ca8d0022164a816c06db0e49892,60.16762,24.95415,000000006b44cce7,1.01
5927,2019-08-04T11:06:16Z,2671a156fa8d8bb05970481c8f83bcf9f261f73dae27f2bb9ac88aeb,60.14699,24.922,00000000a53ed894,17.4
5928,2019-08-04T11:06:16Z,2724e42551f43106ea58a8fcc6a43953baa1294cd65e17a90012f706,60.17065,24.93641,000000000f4919c9,0.59
5929,2019-08-04T11:06:16Z,28741c2e5e348fe81dec0518a21c0930c98a25b6fcece61a262d50de,60.14699,24.922,00000000a53ed894,18.79
5930,2019-08-04T11:06:16Z,2977d3c4f181abb6662adf1d466a62167e2690a9c94dc53e5aa6a904,60.16762,24.95415,000000006b44cce7,4.94
5931,2019-08-04T11:06:16Z,29f5adc4d67413b7d368e8e94a41cf48339e3f5f0903f660170c4fe8,60.17918,24.95141,00000000675d5200,21.87
5932,2019-08-04T11:06:16Z,2a80aed2c40e7e70ca12152ac812abd79aa1d13efcec25a6d3395136,60.16762,24.95415,000000006b44cce7,8.38
5933,2019-08-04T11:06:16Z,2acbdfb5e555a9668c446767fc5d82728d254a45d17dff85e3342cb0,60.16629,24.95957,00000000fb7600be,16.1
5934,2019-08-04T11:06:16Z,2b340ca3416f2ba214d44853ad0495223a557eb6b61baca53fd7dc54,60.16829,24.94214,00000000afef4555,16.1
5935,2019-08-04T11:06:16Z,2c85e4140ca0ba77c3598ceac05eb2c2342409ce8111c863fc58c606,60.16829,24.94214,00000000afef4555,3.09
5936,2019-08-04T11:06:16Z,2de87ef94604fb63bec05eefb71b6cdd0b9807f8551159c2a35e7259,60.17065,24.93641,000000000f4919c9,6.46
5937,2019-08-04T11:06:16Z,2e6e6f89a7d75f0742d016de203c9acc8d6f6bdeb7b56bd12f482653,60.15432,24.9211,0000000019fb59c4,18.79
5938,2019-08-04T11:06:16Z,2f83e4cad2d924faecb3def25f54727f3e612bc5040c493dd6eccb1d,60.16897,24.95222,00000000aa852af1,17.4
5939,2019-08-04T11:06:16Z,2fe2e4165984d7880628aec591ce4747f18947da70312e6afca2946b,60.14699,24.922,00000000a53ed894,18.79
5940,2019-08-04T11:06:16Z,30bee351808d5e8082ce012b57f5bc0efc80f8394491a182e0eeee32,60.17918,24.95141,00000000675d5200,14.89
5941,2019-08-04T11:06:16Z,3226c88241c6ac9d643c1843f44b6e5ee10df5f15a695e360582a9be,60.16829,24.94214,00000000afef4555,14.89
5942,2019-08-04T11:06:16Z,32f77f5019e5fce30881c214487361e2e34b8c93277f6e546de72012,60.1638,24.96846,00000000d747f075,21.87
5943,2019-08-04T11:06:16Z,33a5da4eacfc49fefa067790c9fada1a86d9793367ded845a46f0779,60.16829,24.94214,00000000afef4555,17.4
5944,2019-08-04T11:06:16Z,3417d8a6b53687e70f126ebeb1d26a2ff6369dc9a551c3c35c5a04f9,60.17002,24.94407,000000006b087f40,17.4
5945,2019-08-04T11:06:16Z,34cf37df412ff36df19ebe47ecdd31e5a22355a1fa723a748ac901fd,60.16762,24.95415,000000006b44cce7,13.75
5946,2019-08-04T11:06:16Z,35f337dd3baf0bc08002ec007d609b685ac29bb2a8bcad6783532a6b,60.16829,24.94214,00000000afef4555,16.1
5947,2019-08-04T11:06:16Z,374083907dd8980893623726af5633afd59b519c885ad12ba5c674eb,60.17002,24.94407,000000006b087f40,11.7
5948,2019-08-04T11:06:16Z,386dea4944e0b83648b4b6faf510fd47b0e9e29a2bb9311fe8a80ee2,60.17918,24.95141,00000000675d5200,10.78
5949,2019-08-04T11:06:16Z,3ac85712ab657e849113d439795c4e7325d1025cacdbd9a41174b031,60.17002,24.94407,000000006b087f40,10.78
5950,2019-08-04T11:06:16Z,3ac9d056b0f04f774b238a125eb996d46437f7a8c5f6ba6712e971cf,60.17918,24.95141,00000000675d5200,10.78
5951,2019-08-04T11:06:16Z,3ae1d5a2268ac1af52ba8b54fb28f81c00fa05884af8b8ca5e7e0e9a,60.16762,24.95415,000000006b44cce7,23.56
5952,2019-08-04T11:06:16Z,3b355c039877bd4883845f3fc6ad8dd6f41f170274042f1397585680,60.149,24.9843,00000000fffb8cf0,13.75
5953,2019-08-04T11:06:16Z,3b5030adc7c303403a6333a1a6d35474c2f21c1d20ece72180660423,60.14947,24.91438,000000004ef3150d,12.69
5954,2019-08-04T11:06:16Z,3bd8214bd5284efaf354ec2a0dd2847f6051ceaace6a2691ff085d3d,60.17065,24.93641,000000000f4919c9,12.69
5955,2019-08-04T11:06:16Z,3f67c6713a6cca446a46616c9970c7a2ddffb03f21e10c8ea9b2f380,60.16897,24.95222,00000000aa852af1,13.75
5956,2019-08-04T11:06:16Z,3fde075082af3062c2bebc5e09ad55bda3de70b5f492bdfb21f284c9,60.173,24.92524,0000000096918cfa,20.28
5957,2019-08-04T11:06:16Z,42d34a6c595760e51052178acc978bdb2b6348e0405f7b58c57f0915,60.16829,24.94214,00000000afef4555,9.92
5958,2019-08-04T11:06:16Z,44703b8dd01d3bd79585c9c7e12217e1ac152f86e2b0c9ed6be4bc19,60.16544,24.95398,0000000038d83d41,33.81
5959,2019-08-04T11:06:16Z,4472fa277123afabdf2402fc2a3c5bff2be437e6d56b590278de70fc,60.17065,24.93641,000000000f4919c9,23.56
5960,2019-08-04T11:06:16Z,44cd8828dd4aa11ea599139af3d3aafbcd09ca0c2558f26ed1c72e17,60.14699,24.922,00000000a53ed894,8.38
5961,2019-08-04T11:06:16Z,44d01b24bde0f8031d7cf15bb66e661ad9bd92807f3213fabf920fa1,60.16762,24.95415,000000006b44cce7,5.91
5962,2019-08-04T11:06:16Z,4538bf4d0ca02f13fad76c46f7b34e72978c49b0cdfe4ea9fe151a50,60.16762,24.95415,000000006b44cce7,6.46
5963,2019-08-04T11:06:16Z,465eab28635efe98500085ceb161cf941d02272a0107fbbfb2203c29,60.16829,24.94214,00000000afef4555,18.79
5964,2019-08-04T11:06:16Z,46b576e18e757fc4ec008b41d3c28ec5415a2c2c2f143042e5413137,60.16762,24.95415,000000006b44cce7,7.69
5965,2019-08-04T11:06:16Z,46b81e0dd10fe05195c050bacd41d57feeca0e044b6b317ac22a8656,60.16762,24.95415,000000006b44cce7,9.12
5966,2019-08-04T11:06:16Z,47cd1dcac88434ffdc4b868e7f1d8d8a604700564bc83a7c0a3928be,60.16762,24.95415,000000006b44cce7,5.41
5967,2019-08-04T11:06:16Z,47f787c639f2eed345eb5dca409ffcd989850399a1ab781500dd6e82,60.17918,24.95141,00000000675d5200,9.12
5968,2019-08-04T11:06:16Z,4833b1ea4f519407574f5a838d93a39de28c756c5f53de7ee273b577,60.14947,24.91438,000000004ef3150d,9.12
5969,2019-08-04T11:06:16Z,49084ae4b6419be9e7bb0c9b1420142e07d6ac3c17c07c26895461ed,60.16829,24.94214,00000000afef4555,14.89
5970,2019-08-04T11:06:16Z,4954540aca30f8f56f918178fbd53ee48ddef7a231d425061f6b2f6f,60.18203,24.91341,00000000342570c2,25.36
5971,2019-08-04T11:06:16Z,49b391c05bd4e5231579392d798036a0139a8ea4e4d4509a7cb3901f,60.16829,24.94214,00000000afef4555,14.89
5972,2019-08-04T11:06:16Z,49d6f6bd5878bfac30a67fe92d1501b5b09cab38ab2b35b661902f0d,60.14947,24.91438,000000004ef3150d,13.75
5973,2019-08-04T11:06:16Z,4a54cbed9c373a4136f8851f3f5736eb2fadd5766d316eb5ebbdd231,60.17919,24.95181,000000007b5207b6,8.38
5974,2019-08-04T11:06:16Z,4ae4a5331747d994953667cd06d4c999d9cf71885574c3cc473620f8,60.16897,24.95222,00000000aa852af1,16.1
5975,2019-08-04T11:06:16Z,4b5b3e8f2b484bc08b196c265f65c70151bd69f6263318eb29125db2,60.16829,24.94214,00000000afef4555,1.54
5976,2019-08-04T11:06:16Z,4cf634fc84e128c3b9bce07a4b726d136e18f0eea4229fdbb48f6db1,60.16897,24.95222,00000000aa852af1,17.4
5977,2019-08-04T11:06:16Z,50a06af190dfb27cbd4d6ca55980b1379ec795af8b9e5ebc00d73257,60.16762,24.95415,000000006b44cce7,7.05
5978,2019-08-04T11:06:16Z,52daa31a2b3c1c07f78d96ebb4de3a965da5ef0a8035afbd0f7451fb,60.16531,24.9442,00000000fdda10fe,31.5
5979,2019-08-04T11:06:16Z,541f330d2ded03609f551d02b8149da9cd07ee36aeee630f8fc9de8c,60.14699,24.922,00000000a53ed894,12.69
5980,2019-08-04T11:06:16Z,542a405b620e6d166ecc5eadd979b3936d831cea3aa7b75316adb4ca,60.16897,24.95222,00000000aa852af1,20.28
5981,2019-08-04T11:06:16Z,549e8785d3249c38e0c577947392ab324d318a5a9b125b5d03e023d2,60.17065,24.93641,000000000f4919c9,18.79
5982,2019-08-04T11:06:16Z,54d53f276563f566e1cd61b100408412cf78b4fe9fcada830aa6e23b,60.14947,24.91438,000000004ef3150d,17.4
5983,2019-08-04T11:06:16Z,5518b2315c236d486c7a5a4fc27c44987672b2f9a0751ffdaa9cbf78,60.16829,24.94214,00000000afef4555,29.32
5984,2019-08-04T11:06:16Z,56101419005237b836e4ed14d91dfa6f9edc4c92b5fcb419943897bb,60.16762,24.95415,000000006b44cce7,10.78
5985,2019-08-04T11:06:16Z,56318cc7f3616fceec2564cbb1f6ca8b88ea861935a1ada93aafd7b0,60.16897,24.95222,00000000aa852af1,18.79
5986,2019-08-04T11:06:16Z,565a35900ed1794a9d566f6fc12f2710875a10eb7c8e6fa0ddd92626,60.14699,24.922,00000000a53ed894,14.89
5987,2019-08-04T11:06:16Z,571934189bf349efb6f596e76c21612cf9b82ed44913090169936048,60.17065,24.93641,000000000f4919c9,12.69
5988,2019-08-04T11:06:16Z,579ea129e99082446da0a3f358091546de1f8b2db0feb92b86d25a89,60.149,24.9843,00000000fffb8cf0,17.4
5989,2019-08-04T11:06:16Z,586f70961bf72597ce00f89d3602178ecc6ac8838a8acec48bba7f9f,60.14699,24.922,00000000a53ed894,13.75
5990,2019-08-04T11:06:16Z,58ee8fd47328b1c696ec343920f2c0353d19a915924eb6f6f2638e56,60.16762,24.95415,000000006b44cce7,9.92
5991,2019-08-04T11:06:16Z,59b87e6921598d25b092b66e140328fa03c9f06fe4e697dd344f378a,60.17002,24.94407,000000006b087f40,17.4
5992,2019-08-04T11:06:16Z,5a6d2f34f7f677bf47ee3d08ac1371b3ad3d7f7f027685cf4740ab78,60.16762,24.95415,000000006b44cce7,4.94
5993,2019-08-04T11:06:16Z,5b1df59a8f10fc0c1548e114caf6a457ff880d853d529f675372b0b0,60.16762,24.95415,000000006b44cce7,18.79
5994,2019-08-04T11:06:16Z,5d9aa6fcb0d81ceaa80ca13cc08a88138be517656646e0ba0942ce46,60.16897,24.95222,00000000aa852af1,18.79
5995,2019-08-04T11:06:16Z,5e0289eb3bdaad8fcb5f57629501df80b5925a8829d5d1fdeb73caae,60.16629,24.95957,00000000fb7600be,21.87
5996,2019-08-04T11:06:16Z,6022019a95573b888ca7b3161da098935ea0ad7793437ee40a32a5f3,60.14699,24.922,00000000a53ed894,12.69
5997,2019-08-04T11:06:16Z,62d86ee13e6ae7a5c41ffc2de746df72d4ef6e8d2b6a51ce1c68965f,60.16829,24.94214,00000000afef4555,14.89
5998,2019-08-04T11:06:16Z,62e27092b58abcaf80564c408d0d4a7b821abaee92dc2f02ccb11e61,60.16762,24.95415,000000006b44cce7,7.69
5999,2019-08-04T11:06:16Z,658d7a3586e339aa9e1ae7f084893da89d92905f7ee7cee559733082,60.17002,24.94407,000000006b087f40,16.1
6000,2019-08-04T11:06:16Z,6656d2ce0a18f92aca4d99810ecaefe94dbe9a0e2ea987f1702aeecb,60.16762,24.95415,000000006b44cce7,18.79
6001,2019-08-04T11:06:16Z,66755836036c771e53ffd9d0dc09b8575231b53b80af22e868691a2a,60.14699,24.922,00000000a53ed894,4.94
6002,2019-08-04T11:06:16Z,69158bfbcf8399435cc52d623b530dc75089182b7ab05efb64e64021,60.15432,24.9211,0000000019fb59c4,25.36
6003,2019-08-04T11:06:16Z,69852d528034ea6fc746ed8942c32f1c90bc33a7a7317dfac3c9b1c1,60.14699,24.922,00000000a53ed894,5.41
6004,2019-08-04T11:06:16Z,6990b912b53e2278e4a3d421330e44169d05b275ad57d86ff4ad1615,60.14699,24.922,00000000a53ed894,29.32
6005,2019-08-04T11:06:16Z,69d8c906060e226ff0f0f7e78029575f2ee07ebec657a3b641419268,60.14699,24.922,00000000a53ed894,7.69
6006,2019-08-04T11:06:16Z,6a611aaa1fa77baf03191f0143c2a00dd06c9730c67d30c1eb06afcc,60.16762,24.95415,000000006b44cce7,10.78
6007,2019-08-04T11:06:16Z,6ac1903c80e63433e4bc744dc0e801bff647117d38d3753fb9a6a4c1,60.173,24.92524,0000000096918cfa,17.4
6008,2019-08-04T11:06:16Z,6ac8fdd67b3dd11f0bae935f3a285880138382088238b97f511d3f12,60.16897,24.95222,00000000aa852af1,21.87
6009,2019-08-04T11:06:16Z,6b3836e78400caa9d7373678bf33faf8b137556c7ee47e73251c3e4a,60.14699,24.922,00000000a53ed894,25.36
6010,2019-08-04T11:06:16Z,6e2fbf091d5c86667e060d7ec44f48f0f5d7b1d55b1899f2939f247a,60.16762,24.95415,000000006b44cce7,4.94
6011,2019-08-04T11:06:16Z,6e492dbc3f10157e7ff00826a839a97262ab36244ccc57b702a89999,60.16531,24.9442,00000000fdda10fe,7.69
6012,2019-08-04T11:06:16Z,6f735df418a9330bcb95c84da9d3de9b3d5a20e55a7aa084da1eef03,60.16762,24.95415,000000006b44cce7,17.4
6013,2019-08-04T11:06:16Z,70cc7b0a8e166380ca0fbc55a58d9a59c9de9f05a9f95ebb82482d5a,60.16762,24.95415,000000006b44cce7,17.4
6014,2019-08-04T11:06:16Z,70ffae2b8178e0915c5de7816f8dd8bcc3af745ee49df8ac4da4adba,60.17918,24.95141,00000000675d5200,14.89
6015,2019-08-04T11:06:16Z,714e80a1e3c0fee43e312f314b2faec47e582ee8dac47e4818dbc2f9,60.149,24.9843,00000000fffb8cf0,20.28
6016,2019-08-04T11:06:16Z,71c1367c7dea4dfa243172e02b9092c7a0810bef003216681759891e,60.16897,24.95222,00000000aa852af1,25.36
6017,2019-08-04T11:06:16Z,738973c9b5f9882f29075e47ca10e50ba3fb9883da779f41545175f4,60.17919,24.95181,000000007b5207b6,7.69
6018,2019-08-04T11:06:16Z,73f9caa620c77e880d8973e260936b1114db9c96de6accf8398ccec0,60.17002,24.94407,000000006b087f40,20.28
6019,2019-08-04T11:06:16Z,74c2ec2adc228e5b4979284d730fd2de698242f0f06d90f870b8cde6,60.16762,24.95415,000000006b44cce7,1.7
6020,2019-08-04T11:06:16Z,74cb545f76f0bfc5498607247e26e814276a11ce91f77208054ecbc5,60.17002,24.94407,000000006b087f40,21.87
6021,2019-08-04T11:06:16Z,7552783317be1ef797980c3a9ee9c5967d4e7b32765f23c51ffda02d,60.16897,24.95222,00000000aa852af1,16.1
6022,2019-08-04T11:06:16Z,7563e2805259a5bf1add6d88075dae8642e8c22e0ecce584ac3e01cf,60.16829,24.94214,00000000afef4555,18.79
6023,2019-08-04T11:06:16Z,759aaf9d899626d0820fa4f693a428bf1968b69fa22d3f27def7058f,60.1638,24.96846,00000000d747f075,25.36
6024,2019-08-04T11:06:16Z,75d452cbba63995ad06213b577081e8db650c80b3a78060789a8e831,60.16762,24.95415,000000006b44cce7,6.46
6025,2019-08-04T11:06:16Z,7804799a34d94440ab3520238b9ab58a0466b4230cd360f0f2159075,60.16762,24.95415,000000006b44cce7,12.69
6026,2019-08-04T11:06:16Z,79249857aa88aacfdce42eef6ed8e8bcca6a4550672e5d4552c120d0,60.16762,24.95415,000000006b44cce7,17.4
6027,2019-08-04T11:06:16Z,79bde23c1a8980f93a65e14306f0d8ea89e164430d8b991e2bfee82e,60.16531,24.9442,00000000fdda10fe,17.4
6028,2019-08-04T11:06:16Z,7bdbfc042dd024cb5630bef515de25ef67819b5acb44ef00df4695d4,60.149,24.9843,00000000fffb8cf0,29.32
6029,2019-08-04T11:06:16Z,7c55ecf165387948602e82b684a55be093691849fde2d96ad6574475,60.17065,24.93641,000000000f4919c9,23.56
6030,2019-08-04T11:06:16Z,7ddcdde2316659d0fa4b8597b86430e095ea0bc7f3564a9d05fc60f8,60.16897,24.95222,00000000aa852af1,31.5
6031,2019-08-04T11:06:16Z,7de4ba54f0d667a69cb0b6d625856bc6b040f51a42f91beae366a269,60.16762,24.95415,000000006b44cce7,7.05
6032,2019-08-04T11:06:16Z,7e524ee3c3e87684ab5dd7d12cfd44f1627869f4590ef0effa1200bc,60.17002,24.94407,000000006b087f40,20.28
6033,2019-08-04T11:06:16Z,7e78b2348d9576c63ebb626030ee9d43e2bf07e860782adf3f1c452b,60.16829,24.94214,00000000afef4555,25.36
6034,2019-08-04T11:06:16Z,7e9880612b626be1f70a0b9cd9309b4081df8dda1d9f0e8c531d75a7,60.16897,24.95222,00000000aa852af1,23.56
6035,2019-08-04T11:06:16Z,7f95126e2fe39b74b61f9df1002b58453d22fe79458cebfeed9b9982,60.16829,24.94214,00000000afef4555,9.12
6036,2019-08-04T11:06:16Z,8161aa3f87dfa9c86e9489cfbcfad378c74533ec183229bd8e2a99f7,60.14699,24.922,00000000a53ed894,29.32
6037,2019-08-04T11:06:16Z,818bf826a20805f91325b634ae02107683c949bcfc7c472917f02db0,60.16762,24.95415,000000006b44cce7,13.75
6038,2019-08-04T11:06:16Z,822590bd49bcf7ed4de4f8389586915c343b29c4283ff8b90d7c1d39,60.17065,24.93641,000000000f4919c9,17.4
6039,2019-08-04T11:06:16Z,82ac749474448abac333d00869cb8b508872f86293913d95eae26a05,60.15432,24.9211,0000000019fb59c4,4.5
6040,2019-08-04T11:06:16Z,82cddd3b9f58762d36efe78da4e2722ee587cfdb3fdbc58b52673082,60.16629,24.95957,00000000fb7600be,18.79
6041,2019-08-04T11:06:16Z,844b8ad6ebf530978d1139d527a681991f4d3eed6be5bc723f0b2192,60.16531,24.9442,00000000fdda10fe,1.38
6042,2019-08-04T11:06:16Z,849d6a476563b352092dcda35e816833b571b7f630e7ff8617d9b7da,60.16829,24.94214,00000000afef4555,27.28
6043,2019-08-04T11:06:16Z,87ea10367f1569e575dc4bc60f0f4238eafb52ba8a2cc8e5e4584232,60.16829,24.94214,00000000afef4555,11.7
6044,2019-08-04T11:06:16Z,87ecec345b34dca4db86cbd66248eeb829282d0cc54caff92455dff2,60.16762,24.95415,000000006b44cce7,8.38
6045,2019-08-04T11:06:16Z,87ee2ae24a1a0871184580c39a1c79955cbf954947f0ee24252c7302,60.18203,24.91341,00000000342570c2,29.32
6046,2019-08-04T11:06:16Z,87f4cf4baea8c5dfe1bc7812cc969574058bd4d2dda215192bcfc53f,60.14699,24.922,00000000a53ed894,4.11
6047,2019-08-04T11:06:16Z,886032718e05487be8bd75bb14464814044c7edd7f9a2198304f6fb4,60.16629,24.95957,00000000fb7600be,16.1
6048,2019-08-04T11:06:16Z,89df1daad350e46d526e113019214d2e1a19d8f48da761bb3583399b,60.16762,24.95415,000000006b44cce7,3.4
6049,2019-08-04T11:06:16Z,8a7f5012c000c420f0a336a3988c72cf2b373818f4f3f369e994d8e4,60.16829,24.94214,00000000afef4555,16.1
6050,2019-08-04T11:06:16Z,8c4e4851db86ec4a3ce29a58be770eb29c38b9a983351bb67d781982,60.16897,24.95222,00000000aa852af1,23.56
6051,2019-08-04T11:06:16Z,8ca6cbf91a04db796810f40ee019369f331d79472e4acd09f75cbac8,60.16829,24.94214,00000000afef4555,21.87
6052,2019-08-04T11:06:16Z,8ee30fda8736b8e18a2cdb754676659240bc520a57727b9635630f22,60.1538,24.95595,0000000038bf9618,44.58
6053,2019-08-04T11:06:16Z,8f3d9ab893ae4a48fd3417f3a749c21e792779990ae0ad75a8f211de,60.1538,24.95595,0000000038bf9618,29.32
6054,2019-08-04T11:06:16Z,8f998d0e47a5fb2e84c8dcffb4a33ca4adeaf8db93423df171988c1e,60.16629,24.95957,00000000fb7600be,23.56
6055,2019-08-04T11:06:16Z,90a7a2779a546d0a67f676fbd33964bfec098cc7d3c6617a5c0f6b88,60.16762,24.95415,000000006b44cce7,4.94
6056,2019-08-04T11:06:16Z,91602a694bc74a2874ba7f02a7bae062a3a77cd869b86a74800415b8,60.17919,24.95181,000000007b5207b6,20.28
6057,2019-08-04T11:06:16Z,92df20d921f76c63470e3f5afbe201d3ae15f5133f66c291db796082,60.16629,24.95957,00000000fb7600be,25.36
6058,2019-08-04T11:06:16Z,93272ad17155ea9499641eda7c5560691582116096278b82738ab21e,60.14699,24.922,00000000a53ed894,7.69
6059,2019-08-04T11:06:16Z,934bab75e2a2354910288b01c44fdfda4a87f92ac010109f641b3122,60.14699,24.922,00000000a53ed894,16.1
6060,2019-08-04T11:06:16Z,94ac9d6e79236013b9fa24e1c52123819228f6962b5952637ca80fcb,60.16762,24.95415,000000006b44cce7,12.69
6061,2019-08-04T11:06:16Z,951482f3e2e41b496e34885c346c4a7ab09427178119caa9b8bbcbb6,60.14947,24.91438,000000004ef3150d,12.69
6062,2019-08-04T11:06:16Z,9558753228fb3007f59382a0595018488e2e7430248f8824a5badb80,60.1638,24.96846,00000000d747f075,18.79
6063,2019-08-04T11:06:16Z,97490f522f1a0226c8f7e8ed7bca08dd71b63d80b46d38020127b868,60.14699,24.922,00000000a53ed894,11.7
6064,2019-08-04T11:06:16Z,998a30ee5f5ff6d2bc9ed04420591e525ded59ad66d09eefa240cc8e,60.16762,24.95415,000000006b44cce7,9.12
6065,2019-08-04T11:06:16Z,998ac46ad73c197bab1f36dca67d8bcaa3aca92249185a5e3715043f,60.17065,24.93641,000000000f4919c9,16.1
6066,2019-08-04T11:06:16Z,99b998b07243afd316e6fa57636b0ab6761b9c2a6f0fe050eae40c08,60.16762,24.95415,000000006b44cce7,11.7
6067,2019-08-04T11:06:16Z,9aa588cb6f425117e45726b6b9adb7ef86c8f7c8113b547dc61f068a,60.16897,24.95222,00000000aa852af1,8.38
6068,2019-08-04T11:06:16Z,9ab0a60cb60531417ac6ec5ebc6ef591d2f39019c6b0bcb5a89101a2,60.14699,24.922,00000000a53ed894,7.69
6069,2019-08-04T11:06:16Z,9af5161d635984285f0d259f202fe80516d5258255b979b9910afe05,60.16762,24.95415,000000006b44cce7,16.1
6070,2019-08-04T11:06:16Z,9b17422199e594df512c6cda493d8fc5b5141741b2f804eb18016640,60.14699,24.922,00000000a53ed894,25.36
6071,2019-08-04T11:06:16Z,9b4b0705e58750d2bcbd71ad65d85677f7e77db5dfe69d1a70b5d31f,60.17919,24.95181,000000007b5207b6,13.75
6072,2019-08-04T11:06:16Z,9bc50d931d6c1678284177395958d15f05b45d60ae7bc09fe1e1694e,60.16762,24.95415,000000006b44cce7,5.41
6073,2019-08-04T11:06:16Z,9bef562c292174f1eb3933116effff74a8733a78e5c1df140de3fd6c,60.17919,24.95181,000000007b5207b6,11.7
6074,2019-08-04T11:06:16Z,9c0b1d2c4c67c07e547e810a94efeaaa1187ae82977e03748470281c,60.16897,24.95222,00000000aa852af1,20.28
6075,2019-08-04T11:06:16Z,9c3b5efa3a54990a49d4e9936cffd7d917f148932ce838158fe147ba,60.1638,24.96846,00000000d747f075,27.28
6076,2019-08-04T11:06:16Z,9c40a1c76be950694e1b5448f8ad2337198d9a75090bfebc30c7392e,60.16629,24.95957,00000000fb7600be,14.89
6077,2019-08-04T11:06:16Z,9eb1e9bfdceb76ef852f89ebd82139602125f9731b791465e1c21f81,60.16829,24.94214,00000000afef4555,9.12
6078,2019-08-04T11:06:16Z,9f1920350685b4cb747c535ba3c3dc1cb29587668bd507ab96e5692f,60.16629,24.95957,00000000fb7600be,21.87
6079,2019-08-04T11:06:16Z,a066e2044b486819fe2185765f63ed87f8d10c502f26a01be1f1a758,60.149,24.9843,00000000fffb8cf0,21.87
6080,2019-08-04T11:06:16Z,a0ec1a8d581f94e640a6858a674699d2464ec065e6faea9d4ce2a13b,60.16762,24.95415,000000006b44cce7,6.46
6081,2019-08-04T11:06:16Z,a1439b6683d0598c7a05080c3693a17c198f7b8c3297c77324ef4859,60.16829,24.94214,00000000afef4555,1.12
6082,2019-08-04T11:06:16Z,a20a11944d9440f1f8e4ea6262408f673f2a8380c4e13dda1a073d8d,60.16897,24.95222,00000000aa852af1,21.87
6083,2019-08-04T11:06:16Z,a25b897b52089b243421b68349d3f15e60ce8249d11c889a4626bfc7,60.18203,24.91341,00000000342570c2,20.28
6084,2019-08-04T11:06:16Z,a30740fbf4b7e21f6fe2996e9325c90936de161cb2165e87cd96fd35,60.149,24.9843,00000000fffb8cf0,7.05
6085,2019-08-04T11:06:16Z,a3664d77633807788598dd8d4a7ba8caba2c31bfdcb6ba83651d4e7e,60.173,24.92524,0000000096918cfa,17.4
6086,2019-08-04T11:06:16Z,a3c1a4a58b9381c27b1d5076e0d8d72039afccfb0e58438a80247324,60.16762,24.95415,000000006b44cce7,14.89
6087,2019-08-04T11:06:16Z,a50e0bb8fd1ad4ad264c3246b210a0c6285faae591c1bd2c2c3458af,60.16829,24.94214,00000000afef4555,14.89
6088,2019-08-04T11:06:16Z,a51a9aab75637e56bef3effddc420dfcd95b8cbd85d95917aaac38d5,60.16762,24.95415,000000006b44cce7,4.11
6089,2019-08-04T11:06:16Z,a5d632ac8ffc19a626de034d3c9444fd262ee6edada285c816ea9266,60.16531,24.9442,00000000fdda10fe,5.41
6090,2019-08-04T11:06:16Z,a6346d72bb19aaf926a344b915680b8f937930df06d6ac6a195494ab,60.173,24.92524,0000000096918cfa,23.56
6091,2019-08-04T11:06:16Z,a764c2246c85b2b0aa79e581e2fe238da93de098abbb90aee24c11ca,60.16829,24.94214,00000000afef4555,21.87
6092,2019-08-04T11:06:16Z,a81c19fb85eebf853246cdc4d8e38245dfa5ba15c180eaa1bcc0378d,60.16829,24.94214,00000000afef4555,16.1
6093,2019-08-04T11:06:16Z,aa13e498edf9f46e910da649451b89f99f275d8fa16839b7bf158289,60.149,24.9843,00000000fffb8cf0,29.32
6094,2019-08-04T11:06:16Z,aa4547c0b6b8be30776e08d524ceeacfbc9930ad720e11fa4cb20882,60.16531,24.9442,00000000fdda10fe,2.3
6095,2019-08-04T11:06:16Z,aa45859d6157e9e86470ec8b81957acc35bafb1b7f419d79357a38cf,60.16829,24.94214,00000000afef4555,16.1
6096,2019-08-04T11:06:16Z,ab1377ddf669bb806f8db586f4ce5ab9f0f4257dda61fe800d8509f5,60.17065,24.93641,000000000f4919c9,17.4
6097,2019-08-04T11:06:16Z,add92af5006cee56f2da79112486b97d5a7c06f12252676b7638064d,60.16762,24.95415,000000006b44cce7,9.92
6098,2019-08-04T11:06:16Z,ae2143f0fab3405d38da14312fd801d7d7524534cd3ffeadc631feb0,60.149,24.9843,00000000fffb8cf0,25.36
6099,2019-08-04T11:06:16Z,ae3cda5066e455d4b1e58860e8fb7a35efad69b9964a676b476b0687,60.14947,24.91438,000000004ef3150d,3.74
6100,2019-08-04T11:06:16Z,af871cd90bdae830f68791fede6ef4a2f91a7c928f682971936d755b,60.16829,24.94214,00000000afef4555,29.32
6101,2019-08-04T11:06:16Z,b02a0be9ec3a2bb1acba16daee232202f9a06ac84e0dcc9a80dddf6a,60.16762,24.95415,000000006b44cce7,4.11
6102,2019-08-04T11:06:16Z,b0d6202ccd1560eaf57c06931cb6466332e41068ad2963e515819015,60.17918,24.95141,00000000675d5200,29.32
6103,2019-08-04T11:06:16Z,b2298fc6f63c02481610f9aef24f1a0c1711c255adc43c0fe135c1ca,60.14947,24.91438,000000004ef3150d,13.75
6104,2019-08-04T11:06:16Z,b26280ff7943c2f2f00f94125547cbdc285e6c43b7d0a5819c2eac87,60.16762,24.95415,000000006b44cce7,17.4
6105,2019-08-04T11:06:16Z,b3266ecf36a984b814e1b2d31b447438bd948a9c116721480104792f,60.16829,24.94214,00000000afef4555,14.89
6106,2019-08-04T11:06:16Z,b364afaf81164cbf2af22967b068e3f61253af381895a3a452fc9e57,60.16762,24.95415,000000006b44cce7,14.89
6107,2019-08-04T11:06:16Z,b45b86eb670eb1db475921496e6d80468f5fe2819bf3eb58f1f58506,60.16762,24.95415,000000006b44cce7,11.7
6108,2019-08-04T11:06:16Z,b4c8900041e9f8751755d3940ceac58419e6370cd81cdb90d7800de1,60.14699,24.922,00000000a53ed894,17.4
6109,2019-08-04T11:06:16Z,b59631b8902194c916f7d3ddcc02d4200a3de0380fa554d87e6856c0,60.17002,24.94407,000000006b087f40,5.41
6110,2019-08-04T11:06:16Z,b5cdbcdc30e0bf653ce353c867708b0067db5e394c8cbe848d978a77,60.14699,24.922,00000000a53ed894,7.69
6111,2019-08-04T11:06:16Z,b5f80d159e59c4558e49ea6fb68f6bc72ee9eb92bee60991bdf4e46f,60.16762,24.95415,000000006b44cce7,7.69
6112,2019-08-04T11:06:16Z,b601cd655bb9f05aa6ec86fc9eb9300c3bc20bc0e856e94ad168a257,60.14947,24.91438,000000004ef3150d,4.5
6113,2019-08-04T11:06:16Z,b67f020b0677cdc52c864f559306fb750cdf47ce2eee6503a3cedb3a,60.16629,24.95957,00000000fb7600be,10.78
6114,2019-08-04T11:06:16Z,b8f5834e6b992cf5568ae3153fb4b07e97b7f6dd01250851134c1824,60.149,24.9843,00000000fffb8cf0,21.87
6115,2019-08-04T11:06:16Z,b9447a524f5b5bf98585b27b92195b09869ee9cd9da3cf8d2b59c57d,60.16829,24.94214,00000000afef4555,16.1
6116,2019-08-04T11:06:16Z,ba288a5fd2befbc9ed08e7876ad7cb2bd8bfe6f5756d2ffe8e2dc558,60.17002,24.94407,000000006b087f40,16.1
6117,2019-08-04T11:06:16Z,ba41edadb3a9722bc59efaca71897a33593d0f17301c4bf560fd23e1,60.16762,24.95415,000000006b44cce7,13.75
6118,2019-08-04T11:06:16Z,bbf7d8b9085ddcd3b94f55f93b52cb40a251c44f5df4099ba5b61471,60.16829,24.94214,00000000afef4555,6.46
6119,2019-08-04T11:06:16Z,bf1bf5222ce141fbaa484d3bbf568d521b90699d69ec5fc413c9d716,60.17002,24.94407,000000006b087f40,9.12
6120,2019-08-04T11:06:16Z,bfd5c2630b36fde15de01ea74e598d035402cf1edb7c9230617927e0,60.16762,24.95415,000000006b44cce7,2.3
6121,2019-08-04T11:06:16Z,c012e9e2caf1002d24e53817bb1279becdfc4aa9dba085e93ddd88e9,60.17002,24.94407,000000006b087f40,21.87
6122,2019-08-04T11:06:16Z,c2cc33e5b1b8d254d4bcbc0ffa13c9200676a39a191cc31a38d28d8d,60.17065,24.93641,000000000f4919c9,9.92
6123,2019-08-04T11:06:16Z,c2e135ad2c160277e290705658ac41d7cd35b11ebf61d829fdd0b428,60.14699,24.922,00000000a53ed894,8.38
6124,2019-08-04T11:06:16Z,c45e3c4e8ec0fc85457d3b4ed4c49ed0116b4cf447e2983f353abcd8,60.16829,24.94214,00000000afef4555,31.5
6125,2019-08-04T11:06:16Z,c55894159f2080031cda702c78ee54463c3c15ab1b3638afdf687f08,60.16531,24.9442,00000000fdda10fe,9.92
6126,2019-08-04T11:06:16Z,c6b0ea433c3fdc73e0bac7e3faa2690506c4e8ec7fc54210446a7ffa,60.14947,24.91438,000000004ef3150d,16.1
6127,2019-08-04T11:06:16Z,c739921adb150c53f1887c6ce887adc6cd7ae7e35e69f6e4dc52fe81,60.173,24.92524,0000000096918cfa,25.36
6128,2019-08-04T11:06:16Z,c7ced11121537f55bcd7d7ab67312226dafe7c85320c5357a35d5ab7,60.17002,24.94407,000000006b087f40,36.27
6129,2019-08-04T11:06:16Z,c8348938d0ebafd342c966ca86c2bbd8e8e661471ae04ba49b5516d8,60.16762,24.95415,000000006b44cce7,16.1
6130,2019-08-04T11:06:16Z,c990a15d27cfc21e63b7c96b95949254f1194e8b27118386a589e2bd,60.16897,24.95222,00000000aa852af1,18.79
6131,2019-08-04T11:06:16Z,cb2f32be2e27fc44ead887ff7f76c0199bf68b2c6711e6880f4acd01,60.16762,24.95415,000000006b44cce7,10.78
6132,2019-08-04T11:06:16Z,cb835fd4fac726f1e4267acd6118f57b62a0444d69f948745a601682,60.16762,24.95415,000000006b44cce7,16.1
6133,2019-08-04T11:06:16Z,cca3b7ab9481b9594c8ca118cc4e23e00ece1946a27f37a1a21ace07,60.16829,24.94214,00000000afef4555,33.81
6134,2019-08-04T11:06:16Z,cd7d0e9404c9f4e8fab0742460b9acb4d5bbb97f44df80d4a8b973cd,60.17002,24.94407,000000006b087f40,6.46
6135,2019-08-04T11:06:16Z,cddbfc3b0a1459f0ea8d553779cf320d512cac6e64976182f2f0b3b7,60.16829,24.94214,00000000afef4555,23.56
6136,2019-08-04T11:06:16Z,cfc79310c3124813bbb9cfe4d4edc24cfa4b7c23419b4517c5eed261,60.16448,24.97323,0000000053c6c2be,23.56
6137,2019-08-04T11:06:16Z,d04b5065ec93818b731141027d11e6a1cf53de69b9737d7aea0c34da,60.14947,24.91438,000000004ef3150d,13.75
6138,2019-08-04T11:06:16Z,d09310020224f0dde4e9f62595b66c66af964fc07015ab2b416dc932,60.16544,24.95398,0000000038d83d41,29.32
6139,2019-08-04T11:06:16Z,d2035ce81fa46947bdf02a20f297b2df4144c7c0931db02ab0164fa6,60.14947,24.91438,000000004ef3150d,29.32
6140,2019-08-04T11:06:16Z,d24ad1fb43c020c114813d82ec00bfe008d6a100c4653fe6036fd2b2,60.16829,24.94214,00000000afef4555,33.81
6141,2019-08-04T11:06:16Z,d25e926dba8aa2c77f46ada32671b08b1176455c0e3693d160b87744,60.16762,24.95415,000000006b44cce7,14.89
6142,2019-08-04T11:06:16Z,d3910de7df50d93311da3c44a80ec2a60325db1914938b1bcd3c047c,60.16762,24.95415,000000006b44cce7,4.94
6143,2019-08-04T11:06:16Z,d3bad9334d128332fc483e10ef1b77c28e5a75ac55be4de71c6b2f9f,60.16829,24.94214,00000000afef4555,16.1
6144,2019-08-04T11:06:16Z,d68f1946805ba3d30f9ba25280986fbe003f3b5dce7245b633e0cb5c,60.16762,24.95415,000000006b44cce7,4.94
6145,2019-08-04T11:06:16Z,d6a8c97f1ec18c7a90d3beae358bad67f8d53626258a852e15b08c5d,60.14699,24.922,00000000a53ed894,11.7
6146,2019-08-04T11:06:16Z,d71a315bac918f9a18fcd820731e6d9eb54fb0d01c324ca088ef8858,60.149,24.9843,00000000fffb8cf0,16.1
6147,2019-08-04T11:06:16Z,d83c1c2d3a3876c948e277bace6d013eafc0c4e118958e138f8b1257,60.16448,24.97323,0000000053c6c2be,33.81
6148,2019-08-04T11:06:16Z,d86f155736e4d36de5d33bdbb3b12b717b75de44852b93419af20945,60.16829,24.94214,00000000afef4555,12.69
6149,2019-08-04T11:06:16Z,d8e3f39b4e9b680fe74fde02ee016ecdbcb0d6123c1e18bcffcdd1d4,60.14699,24.922,00000000a53ed894,27.28
6150,2019-08-04T11:06:16Z,d9138495b15650460946f56faa26bf36e7dc6cf74b3d84614efbc8cd,60.16897,24.95222,00000000aa852af1,25.36
6151,2019-08-04T11:06:16Z,da2398acaae7f39c7b80c220d4e6917bdc7655f4c71b6e36d06cb859,60.18203,24.91341,00000000342570c2,16.1
6152,2019-08-04T11:06:16Z,dabb7edec36f560d07547c2595765be02b0731b3826f93f5c41b7120,60.16762,24.95415,000000006b44cce7,3.74
6153,2019-08-04T11:06:16Z,db45583e1f7aaaf54e100214986dfc86aa755383e86d361639a5b19b,60.16762,24.95415,000000006b44cce7,7.69
6154,2019-08-04T11:06:16Z,dbd2fa33dbaac339a8c9d8e04576b1088999b9314914676a2247737c,60.1638,24.96846,00000000d747f075,21.87
6155,2019-08-04T11:06:16Z,dc4043efe103db9ce55ad4d987a45cf9821cdc3e63cf7b15b6d48baf,60.16897,24.95222,00000000aa852af1,14.89
6156,2019-08-04T11:06:16Z,dc4072a3cfc00cca0bde9925adc82bb9c2548af1724368561eefcbf8,60.16762,24.95415,000000006b44cce7,8.38
6157,2019-08-04T11:06:16Z,dc534c1cb5eb7f34b6b57bd93c8d9acb2685ba264563f6f388d09923,60.16762,24.95415,000000006b44cce7,11.7
6158,2019-08-04T11:06:16Z,dc816e92e4a2eceea03f41fc379fda0e3d57b5d0fbd9a06430432022,60.16762,24.95415,000000006b44cce7,12.69
6159,2019-08-04T11:06:16Z,dcbd150d7326dc22a8ab087a0555b9c9549addd07f54aa909aa8ec1f,60.149,24.9843,00000000fffb8cf0,27.28
6160,2019-08-04T11:06:16Z,dcfba8136720b1bfba201ecccf5c10517e19d6ef135e137e570c4a41,60.16448,24.97323,0000000053c6c2be,38.87
6161,2019-08-04T11:06:16Z,dd8e0699822b1a8a3f8a91fcb10729f6f7cd0a4736f36dc60974c36e,60.16762,24.95415,000000006b44cce7,10.78
6162,2019-08-04T11:06:16Z,de48adf9d49eb3bc1d61dea4047618f6c77086fc44bd2b535d56504d,60.16762,24.95415,000000006b44cce7,9.12
6163,2019-08-04T11:06:16Z,de5dca5fe3fa16cebe231f0c2dd216aaa42952b99d141d8df5408e8e,60.16762,24.95415,000000006b44cce7,16.1
6164,2019-08-04T11:06:16Z,de71e27b55ef6f2f51f05838a2fcab596f1dd93a14ece5ce4548f5c7,60.14699,24.922,00000000a53ed894,10.78
6165,2019-08-04T11:06:16Z,e01908a975abc95425179eadafdba31d371f1d64674c967686df87a3,60.149,24.9843,00000000fffb8cf0,21.87
6166,2019-08-04T11:06:16Z,e081e4b3252ca91bbf1cbb70faa116d60317fbf3a991a67bc99b4bfa,60.149,24.9843,00000000fffb8cf0,8.38
6167,2019-08-04T11:06:16Z,e0859a9c906151023376d86762070f38ba1b3859e671531b0edac6cd,60.16075,24.95883,00000000f1124bca,16.1
6168,2019-08-04T11:06:16Z,e0d7e8b332ca8514428ab10acf6d3a6b777da62ff8ea3e18d9b32989,60.16762,24.95415,000000006b44cce7,10.78
6169,2019-08-04T11:06:16Z,e1da87aea335bcd04e4c876158b96ebc7ba4206bc216c3aa27a2f4af,60.17918,24.95141,00000000675d5200,2.3
6170,2019-08-04T11:06:16Z,e29168791ccd18013b58845430388cc5aac537e7e1c618aeb78900a8,60.16897,24.95222,00000000aa852af1,16.1
6171,2019-08-04T11:06:16Z,e305610124e16ed1411a221b29ce69a076cc47982efd6c098b0599ab,60.14947,24.91438,000000004ef3150d,13.75
6172,2019-08-04T11:06:16Z,e32e078697e70d6e3cb4b156ada3a4756315227b125615d7b5c116a7,60.16762,24.95415,000000006b44cce7,4.11
6173,2019-08-04T11:06:16Z,e44d7228cecbdb2474e1cc396a6c13943f09c08c19d0ffab1997d509,60.17919,24.95181,000000007b5207b6,13.75
6174,2019-08-04T11:06:16Z,e557e164cd52fd817b02cad6587a294d72b0974d9b014ad69ea5e08e,60.17919,24.95181,000000007b5207b6,27.28
6175,2019-08-04T11:06:16Z,e5928057da667903de0b6c1245e1f58273dd85d63d8af0f4eaa771de,60.16762,24.95415,000000006b44cce7,8.38
6176,2019-08-04T11:06:16Z,e5b9b4813c081a31fb498e7f9adb94918c267dfa125c63790c0d9488,60.149,24.9843,00000000fffb8cf0,12.69
6177,2019-08-04T11:06:16Z,e5e14952bf5e52bf1349479a58c0a97d702585889650948d94767608,60.16448,24.97323,0000000053c6c2be,25.36
6178,2019-08-04T11:06:16Z,e9d59e25b58f33f70aad6832863cb59d7485ca55a1575558f92b74e7,60.16897,24.95222,00000000aa852af1,10.78
6179,2019-08-04T11:06:16Z,ea38d72fbf2215d530a70d6a97dcc603a44b18d4d7ce557a91cb80bb,60.16762,24.95415,000000006b44cce7,13.75
6180,2019-08-04T11:06:16Z,ea3eef2f497e934d53c3a02bfa190abb42a24ce200d24c69598dbf84,60.16762,24.95415,000000006b44cce7,6.46
6181,2019-08-04T11:06:16Z,eb3dde73e84f5016b5545e9fa2e08d04257ebe448619783f90edcd23,60.16762,24.95415,000000006b44cce7,18.79
6182,2019-08-04T11:06:16Z,ec485175d2b7a2c53d03bf546aee134c116d998976601b069570c6f9,60.14699,24.922,00000000a53ed894,16.1
6183,2019-08-04T11:06:16Z,eca1a609c675d971fcfba4277d230ccdc2de7805c629b1f5da9cc224,60.173,24.92524,0000000096918cfa,27.28
6184,2019-08-04T11:06:16Z,ecb1735f180422ec69f041cd2782a26c9f07d27a87893b3c30aaa9b7,60.16075,24.95883,00000000f1124bca,10.78
6185,2019-08-04T11:06:16Z,ecb5655da668bb183a5c270a96927649c323975e318184d248247099,60.16829,24.94214,00000000afef4555,20.28
6186,2019-08-04T11:06:16Z,ecf13e9d610ad235409932d263110fd52c69d0f5f39e9ffd3ad8b740,60.16897,24.95222,00000000aa852af1,13.75
6187,2019-08-04T11:06:16Z,ed3b2eaece7e8846b296ad5c3f195aafb7410c95a88887d845982981,60.16762,24.95415,000000006b44cce7,14.89
6188,2019-08-04T11:06:16Z,ede13c9dc221bbc6c1daf78250fa6547303c06d7606c05ba0bf64547,60.17918,24.95141,00000000675d5200,1.38
6189,2019-08-04T11:06:16Z,ee0dd7cb7da038afb0573e5dc0a158f0d299ce903d057b2f11344452,60.16829,24.94214,00000000afef4555,21.87
6190,2019-08-04T11:06:16Z,ee81051f10987c5f2ca4f2188c2e87df47f035dfdc62842c4671b11c,60.16629,24.95957,00000000fb7600be,25.36
6191,2019-08-04T11:06:16Z,ef15ff71b7dc4c2088249a4fca7e28900ae315245a7a3b4d571bf582,60.16829,24.94214,00000000afef4555,8.38
6192,2019-08-04T11:06:16Z,ef45fdc095ee55730384922266d8fce61de212d3c3df2441ea10e524,60.14947,24.91438,000000004ef3150d,13.75
6193,2019-08-04T11:06:16Z,ef5e495c5f9d3dd9eb22ed5b8faf1cc9e4225d4785ebb26a87d16fff,60.14699,24.922,00000000a53ed894,8.38
6194,2019-08-04T11:06:16Z,f014103201b8ae8f495f8e1e04da3c934079461391d4801ee6c2faaf,60.16762,24.95415,000000006b44cce7,18.79
6195,2019-08-04T11:06:16Z,f11c02cbebb4049a29f10d2ee6aac8a9ca3b7b9609a39d69463461a1,60.17065,24.93641,000000000f4919c9,20.28
6196,2019-08-04T11:06:16Z,f196f5f8c08299d290b3bac1944e00bb1f2c90594db66438b0c10e6e,60.16629,24.95957,00000000fb7600be,13.75
6197,2019-08-04T11:06:16Z,f1d44b9d3710849eba7eab0b6646053378aa5f8ee3491ec2522f3c44,60.14947,24.91438,000000004ef3150d,17.4
6198,2019-08-04T11:06:16Z,f2467c8ede6444941158701b7bd9d005beec9ffdb355ce2d8c7a9bfd,60.149,24.9843,00000000fffb8cf0,16.1
6199,2019-08-04T11:06:16Z,f43b8b2cf2c0bd291543858796d75b211d283ab73dcab5ad5dfd0aeb,60.16897,24.95222,00000000aa852af1,7.69
6200,2019-08-04T11:06:16Z,f4537d3a0c1408b022793f60b53e651b2eac6640fa66b9248338e815,60.16762,24.95415,000000006b44cce7,8.38
6201,2019-08-04T11:06:16Z,f5ffa3dbcdd5592ac31344cb04a7a6d639109a4d6e196fa0df3990dd,60.17065,24.93641,000000000f4919c9,27.28
6202,2019-08-04T11:06:16Z,f616fbd0fde8316049c3068ae4368dc9f486f8da4bf5516e9ba82578,60.16897,24.95222,00000000aa852af1,14.89
6203,2019-08-04T11:06:16Z,f65653d90604ec5056682852700fbaf1379932745358f71dd7a94809,60.16897,24.95222,00000000aa852af1,20.28
6204,2019-08-04T11:06:16Z,f756416830b046336a677173f34b00e83412904998e92cfb4ebe207d,60.16762,24.95415,000000006b44cce7,13.75
6205,2019-08-04T11:06:16Z,f78ef2ddbe48b534137498eab56c0a55ec0e0b1d8868e82cb5652a0e,60.14699,24.922,00000000a53ed894,9.12
6206,2019-08-04T11:06:16Z,f855918d61069661cbf8633b228a5fb9e5cd5ea7b2946bfc5b9fc315,60.16829,24.94214,00000000afef4555,13.75
6207,2019-08-04T11:06:16Z,f9ed4361c378e7c740818b0c356acbffa4a161af2ffbecb803ace9b7,60.173,24.92524,0000000096918cfa,31.5
6208,2019-08-04T11:06:16Z,f9f5e1d682271aa870e1ef37a143dcf61318b52086f8e03269854f8f,60.16762,24.95415,000000006b44cce7,16.1
6209,2019-08-04T11:06:16Z,fa1579394f4980e1fe11248f7be4e646b601a3d8cdb9361f182d066c,60.16762,24.95415,000000006b44cce7,16.1
6210,2019-08-04T11:06:16Z,fa15a46a5326515aa1a4b43762ef2018a2be3ac983c811558c1fe104,60.16762,24.95415,000000006b44cce7,10.78
6211,2019-08-04T11:06:16Z,fb197be4589e2d16cfe2899ae06282639009e64a5bff759f4a8a3e43,60.16629,24.95957,00000000fb7600be,25.36
6212,2019-08-04T11:06:16Z,fbd28054e4a5478c8ca06f4d682405d1c59bef4853cad413ecb58d13,60.14699,24.922,00000000a53ed894,20.28
6213,2019-08-04T11:06:16Z,fbea754bd1d1bd41d31d255adcdfb67b3b4c052fc59db33eb47c25b4,60.16897,24.95222,00000000aa852af1,20.28
6214,2019-08-04T11:06:16Z,fda481107ccd1ee84269967e42cbd312252a4216e9c7af4822669a69,60.16829,24.94214,00000000afef4555,20.28
6215,2019-08-04T11:06:16Z,ffb7319984ecae155652e100da9b204f0b92f3b6c7239cfea4dcf966,60.14699,24.922,00000000a53ed894,13.75
6216,2019-08-04T11:06:17Z,0152988639aaaa9cc27213280c8f0c0c8ec97ae6a45aaaf743c9c25d,60.16544,24.95398,0000000038d83d41,29.32
6217,2019-08-04T11:06:17Z,09a0d89e977eac08cb8877af0472d861a9c86439072251d53a13d931,60.16829,24.94214,00000000afef4555,33.81
6218,2019-08-04T11:06:17Z,09ddbf38333e76a79fd836112bd8c3f8bf7f3dadfb3d49945ad4c486,60.16897,24.95222,00000000aa852af1,4.11
6219,2019-08-04T11:06:17Z,1142f5b6806b1ec7d8d47d47013eb530d8a7418f6934d8867b20966a,60.16829,24.94214,00000000afef4555,18.79
6220,2019-08-04T11:06:17Z,126e7fa4dd9205201617bdc0c7c346bfb57e1a75d3d7d3d9c260d51b,60.16629,24.95957,00000000fb7600be,20.28
6221,2019-08-04T11:06:17Z,128f1b89d7a534aa206a7823b692594bbd4d349761baa04c0fc72f2c,60.14947,24.91438,000000004ef3150d,18.79
6222,2019-08-04T11:06:17Z,14c7e1511b70f4dd3359cbece1377aebb4d70531f5489eefe53d7c3c,60.16544,24.95398,0000000038d83d41,25.36
6223,2019-08-04T11:06:17Z,165ebbb4090d47319ae370f0d0854fdc1f6b79499f8b2e4d3c3533c0,60.16544,24.95398,0000000038d83d41,21.87
6224,2019-08-04T11:06:17Z,16c994bb2e24124a910c247376d16e980a65626a94c4c0aaab27df60,60.16829,24.94214,00000000afef4555,21.87
6225,2019-08-04T11:06:17Z,1bba37ee9376f8052f3606bb777546c2c4d1e84dad7afd93d4cffa45,60.16762,24.95415,000000006b44cce7,13.75
6226,2019-08-04T11:06:17Z,25a7ff811c3c06e426c7c2cbb0433d9a2a3399b23afecbd35584ab0f,60.18203,24.91341,00000000342570c2,9.92
6227,2019-08-04T11:06:17Z,269109af99b12861eeb19ab8698033d9c00895687da47af3f4310e9d,60.16762,24.95415,000000006b44cce7,5.91
6228,2019-08-04T11:06:17Z,29016fc5853bb802e42e93eb5fd98882d64029327d793a2f2335b9e4,60.16829,24.94214,00000000afef4555,13.75
6229,2019-08-04T11:06:17Z,3b5cafe90982db26cf737b2e4cd4275276f6a031bca3b2a1f73023b2,60.14699,24.922,00000000a53ed894,12.69
6230,2019-08-04T11:06:17Z,3fe5f4ccfa5c777ceafda0674d7c9da6f509f6694b4c2fa254b32e73,60.16897,24.95222,00000000aa852af1,16.1
6231,2019-08-04T11:06:17Z,402f8edce2e4dcc34a418a83e568dd491c14d450d63a3f35850d9c2e,60.16762,24.95415,000000006b44cce7,9.92
6232,2019-08-04T11:06:17Z,43b676ed3aef4c2d8846694817e76117873be52e7f788e0cb366c1c4,60.16629,24.95957,00000000fb7600be,29.32
6233,2019-08-04T11:06:17Z,44d0b94469070803869f229601e877beb613c3f5aafa009addf97a1a,60.16544,24.95398,0000000038d83d41,23.56
6234,2019-08-04T11:06:17Z,4774d3de2115f3cfeff91dc17ed763964fe86825629003f82ee45b2b,60.16762,24.95415,000000006b44cce7,8.38
6235,2019-08-04T11:06:17Z,54f040219b954e68101c83a5a6bacf046961c7a1d9a779fa291fa47b,60.16531,24.9442,00000000fdda10fe,21.87
6236,2019-08-04T11:06:17Z,5d65719c4cbf045f068d084b72302f447d5fd034413d97d13be00d0e,60.18203,24.91341,00000000342570c2,18.79
6237,2019-08-04T11:06:17Z,5eed115a984d490b02b602d73787aee8dc8c4e9365b77fbff3818a76,60.16629,24.95957,00000000fb7600be,20.28
6238,2019-08-04T11:06:17Z,5f7e2df21b84183b6b4a228283ec85696485a0e21a11257332b6b887,60.14699,24.922,00000000a53ed894,33.81
6239,2019-08-04T11:06:17Z,69219e9efa41ae9e732653e9eaf08e1a34cb853a9dafe76ddeea4d04,60.16897,24.95222,00000000aa852af1,21.87
6240,2019-08-04T11:06:17Z,6a70e2fbced719333e21eff04fcb9cb36bae9a04d1a3d6ddd96f2c58,60.15432,24.9211,0000000019fb59c4,16.1
6241,2019-08-04T11:06:17Z,87dfaad29a9276ddddb1fa021d3bc23ad14824c1af16f7d87e713689,60.14951,24.92138,0000000006dd41f6,9.92
6242,2019-08-04T11:06:17Z,88808fe92573e9cdf022cc15b9689b6b4b9429f60513c8897b0ba4c7,60.16897,24.95222,00000000aa852af1,14.89
6243,2019-08-04T11:06:17Z,89982a6acf91b79a282a6b63978e946ee205f303fcd20e944e06baf0,60.16544,24.95398,0000000038d83d41,29.32
6244,2019-08-04T11:06:17Z,8c3b1ed0846e38cc84b863a80540c8a75bfd85c8bdda36563d153110,60.16544,24.95398,0000000038d83d41,23.56
6245,2019-08-04T11:06:17Z,9843c6216661048343a0e49cf3d8aa2883cf77f452666a1c873a1052,60.16448,24.97323,0000000053c6c2be,16.1
6246,2019-08-04T11:06:17Z,9992834418850939882f3b334eee492eb98d4f9d6d6118f9ee108793,60.16762,24.95415,000000006b44cce7,3.4
6247,2019-08-04T11:06:17Z,9c8556ea519835172f09c20e7688066eeec8e7f74a0c6fa3df3d9c5f,60.16829,24.94214,00000000afef4555,21.87
6248,2019-08-04T11:06:17Z,a13e5d46f0a2d1c6b58878e1b198905e9b14e3a85b5e4adab88b4b87,60.16762,24.95415,000000006b44cce7,20.28
6249,2019-08-04T11:06:17Z,a91d379a4b57c5df22db0d7a041ff69f657b4b31f28554b1011fc03c,60.16544,24.95398,0000000038d83d41,27.28
6250,2019-08-04T11:06:17Z,b936e41d8712ae967f3ebb413fc44f060bb10613f95537757886ede2,60.16762,24.95415,000000006b44cce7,14.89
6251,2019-08-04T11:06:17Z,bca443064699e0ac05c40e587aef06d7fd580817e739133a501490bc,60.14699,24.922,00000000a53ed894,21.87
6252,2019-08-04T11:06:17Z,c40c37def6bf11a63a2556519a7c6233fd417cdeea2cf14f28e7c42c,60.16531,24.9442,00000000fdda10fe,27.28
6253,2019-08-04T11:06:17Z,ca6927628f5ddda20036865c9345ad93d476d62ade3b181de568eed6,60.16897,24.95222,00000000aa852af1,18.79
6254,2019-08-04T11:06:17Z,cf05623e4d87ce0906c0b0b7dbf53aacc1228016cd27c341228b6e76,60.18203,24.91341,00000000342570c2,17.4
6255,2019-08-04T11:06:17Z,cfc0bedb78ded52749db3188cb188bf6a250ef5990da9c5afa9623fc,60.14951,24.92138,0000000006dd41f6,20.28
6256,2019-08-04T11:06:17Z,d15e7dd5136b83a36b80f68b15b4163e9a4e277740c84a30cc7a4bcc,60.16829,24.94214,00000000afef4555,20.28
6257,2019-08-04T11:06:17Z,dbeb00942457ba3c5fb1984b57b1dedb268c0e761e80729b939f1fd8,60.16544,24.95398,0000000038d83d41,21.87
6258,2019-08-04T11:06:17Z,e224ae5ea47af2e3048f83b13a1f45dc135c0ca6be72547b01729086,60.1538,24.95595,0000000038bf9618,16.1
6259,2019-08-04T11:06:17Z,e764c1a69976425ee9c1982ca445db7a575a9d610bcb2215eeb2a728,60.14947,24.91438,000000004ef3150d,25.36
6260,2019-08-04T11:06:17Z,e8690c2d1711bc10f2d1251a3b5b1e770b98c66c384760400c604de1,60.16829,24.94214,00000000afef4555,20.28
6261,2019-08-04T11:06:17Z,e96bd269a48b822b06141c3362fcb6d5ed4d0d09a120f2e4a712d5c2,60.16897,24.95222,00000000aa852af1,27.28
6262,2019-08-04T11:06:17Z,f088630d7476dae7d4b7e2bb1f10575f2c89acb4b6e061f3d57c2b40,60.16531,24.9442,00000000fdda10fe,21.87
6263,2019-08-04T11:06:17Z,f31cfded6f566f9c032c80c52ea642407be312c5d42521ab7a8d3e2a,60.16897,24.95222,00000000aa852af1,17.4
6264,2019-08-04T11:06:17Z,f405a7c4a3a4339f8e3f7e552f6492d6eed76f7d08c54943286213de,60.16762,24.95415,000000006b44cce7,10.78
6265,2019-08-04T11:06:17Z,fc4f3a44235f1cfc7b53f14ba2da599976a5a0a220d23b852688e485,60.17919,24.95181,000000007b5207b6,7.69
6266,2019-08-04T11:06:17Z,0043f38f4fb6545d7c033c9a8f8c18106aa0c2c841f28a15dd722e9d,60.14699,24.922,00000000a53ed894,9.12
6267,2019-08-04T11:06:17Z,007540b1ada16f6000987e20cd81a3deb18b2aea4cb95b50e099dcee,60.17065,24.93641,000000000f4919c9,10.78
6268,2019-08-04T11:06:17Z,0236a1d5b9b9d2249407a79705eee38de360ceb0530a8959ba5bc15b,60.149,24.9843,00000000fffb8cf0,10.78
6269,2019-08-04T11:06:17Z,02a354db29cd5bc16976a9d933e03a41be350f9cc78098829a7dcfd4,60.14947,24.91438,000000004ef3150d,20.28
6270,2019-08-04T11:06:17Z,055dd402f160d1e2e268660c247c3770566365a0e384c3bacb9de8f9,60.16829,24.94214,00000000afef4555,20.28
6271,2019-08-04T11:06:17Z,0656a0c0a353f164b57fbdd9e648d71fab429964d97ed07ab2c5dc30,60.18203,24.91341,00000000342570c2,18.79
6272,2019-08-04T11:06:17Z,07736b3f5deab4e1b7812473c78389d5152eb6e95aeb6b23741c90d6,60.16762,24.95415,000000006b44cce7,25.36
6273,2019-08-04T11:06:17Z,08833115ba0f62666fee594662c171563759459bb5f65ffdfeaeaed1,60.18203,24.91341,00000000342570c2,12.69
6274,2019-08-04T11:06:17Z,096c3b0de1dab1407cd4d3330546404c0d62ce025924420496380f89,60.16762,24.95415,000000006b44cce7,11.7
6275,2019-08-04T11:06:17Z,0b45b52bc137c31ce83561c857f809296ec70f5537976a4a4d573d4f,60.16829,24.94214,00000000afef4555,12.69
6276,2019-08-04T11:06:17Z,0b49dcea1b7eab22f4ebd0c7666ded5b59fe092b8bdd4aa9eda6326d,60.16762,24.95415,000000006b44cce7,4.5
6277,2019-08-04T11:06:17Z,0c959027ce302054b09087cac97a83aa7e24fb9e4fa2710763f912cb,60.16829,24.94214,00000000afef4555,9.12
6278,2019-08-04T11:06:17Z,0d2490ed58c11eb4a754a30cc4bcb21c7243d322a2caf7cc360e4e8c,60.17065,24.93641,000000000f4919c9,18.79
6279,2019-08-04T11:06:17Z,0dc12f22306d5f6622fc786011f32f1961a5f94018be9c2236fb2e52,60.14699,24.922,00000000a53ed894,13.75
6280,2019-08-04T11:06:17Z,0e113c5ed3abcdfb31d27c3125f6cf01e3b96e4ed7eca1aaea855f77,60.14947,24.91438,000000004ef3150d,14.89
6281,2019-08-04T11:06:17Z,10ca87ada637a6524de98a11c8d3d3d3cfa8f7f5ea839b29c2b132a0,60.16762,24.95415,000000006b44cce7,14.89
6282,2019-08-04T11:06:17Z,1107822441d53ff89eb9cb0d022a37202aed47bd82dca4bc175d6837,60.16762,24.95415,000000006b44cce7,13.75
6283,2019-08-04T11:06:17Z,118cffafccf902fa0dea50f220191f4eb7938f02c841bd3952fa3484,60.16762,24.95415,000000006b44cce7,13.75
6284,2019-08-04T11:06:17Z,119ff796b6f8676a292e54f9895ab0954e5ebc578a9000a0d9b7b38e,60.16531,24.9442,00000000fdda10fe,21.87
6285,2019-08-04T11:06:17Z,1327ce24f157334f864f913637993c80380ce5f5c911e4b0d31c5eb7,60.149,24.9843,00000000fffb8cf0,3.74
6286,2019-08-04T11:06:17Z,13b0a8ca1414d7b2b0e8d5f80069a5d26c6f62a68b58eda25a4b85f4,60.16829,24.94214,00000000afef4555,10.78
6287,2019-08-04T11:06:17Z,17b39c4376c28dc9e1c1221de9d5037abfea5d59d30cdd48208fc3a8,60.16762,24.95415,000000006b44cce7,7.05
6288,2019-08-04T11:06:17Z,18798273af8a6fade4ca41e909ce1e8ce24a24e7f7fd0b7275d82b55,60.16829,24.94214,00000000afef4555,33.81
6289,2019-08-04T11:06:17Z,1921be9815a57f11f291ca085add7b4bf1d044518b03b725df7cf7d5,60.149,24.9843,00000000fffb8cf0,16.1
6290,2019-08-04T11:06:17Z,1a9a0f74c353624c42c19c007e82c9c2547b7285d8353d0e375e3f05,60.14699,24.922,00000000a53ed894,9.92
6291,2019-08-04T11:06:17Z,1ce242f8d8220cd38bf3ea9138c99ae9b2f79b28e68edb864f090ec9,60.149,24.9843,00000000fffb8cf0,16.1
6292,2019-08-04T11:06:17Z,1d98e850f88f1888cd7aef84cadbc3754faef1c6223256f5553ee4f8,60.16762,24.95415,000000006b44cce7,12.69
6293,2019-08-04T11:06:17Z,1f3c0c25584dec03a1a14bcca7512f3e83afd49569b548df92464d33,60.16829,24.94214,00000000afef4555,17.4
6294,2019-08-04T11:06:17Z,1fa2c533bba37b249a0105001153733e67a559d40c22cab67f135f64,60.14947,24.91438,000000004ef3150d,2.54
6295,2019-08-04T11:06:17Z,2136558e0a9a89ed5aa044485a8e31bff3b7e5acf38c645a06782afd,60.16448,24.97323,0000000053c6c2be,27.28
6296,2019-08-04T11:06:17Z,214a3cc8c941598dfe4be8a564f0ca3927d4669d481fcde2b8963e6c,60.14947,24.91438,000000004ef3150d,33.81
6297,2019-08-04T11:06:17Z,227b93698b29687beea48184f42aab63a21fa362af7251be32db2e15,60.16531,24.9442,00000000fdda10fe,4.11
6298,2019-08-04T11:06:17Z,23786c82e2641aed0e0b004658480a212bf0397568e914487819045c,60.16897,24.95222,00000000aa852af1,21.87
6299,2019-08-04T11:06:17Z,23b4a8c7918ca417eab83481a710fd544e1fa8bf7073b5955c0155c8,60.14699,24.922,00000000a53ed894,17.4
6300,2019-08-04T11:06:17Z,23b7c1b09dfbcbf722a4c48303dd0435cf9885a516d5eebb6538844f,60.16762,24.95415,000000006b44cce7,9.92
6301,2019-08-04T11:06:17Z,2535cb5c89ec66044a005b03dd769ca8d0022164a816c06db0e49892,60.16762,24.95415,000000006b44cce7,4.5
6302,2019-08-04T11:06:17Z,2671a156fa8d8bb05970481c8f83bcf9f261f73dae27f2bb9ac88aeb,60.14699,24.922,00000000a53ed894,7.69
6303,2019-08-04T11:06:17Z,2724e42551f43106ea58a8fcc6a43953baa1294cd65e17a90012f706,60.17065,24.93641,000000000f4919c9,0.5
6304,2019-08-04T11:06:17Z,277125506ba4ea1afb2c696256b262e0708d43c30c769a1d4a382a76,60.16762,24.95415,000000006b44cce7,14.89
6305,2019-08-04T11:06:17Z,296a0ffe230305a3d37818a0369b56c99dacdd5df5a161bf238e1084,60.16762,24.95415,000000006b44cce7,10.78
6306,2019-08-04T11:06:17Z,2977d3c4f181abb6662adf1d466a62167e2690a9c94dc53e5aa6a904,60.16762,24.95415,000000006b44cce7,4.94
6307,2019-08-04T11:06:17Z,29f5adc4d67413b7d368e8e94a41cf48339e3f5f0903f660170c4fe8,60.17919,24.95181,000000007b5207b6,12.69
6308,2019-08-04T11:06:17Z,2a80aed2c40e7e70ca12152ac812abd79aa1d13efcec25a6d3395136,60.16762,24.95415,000000006b44cce7,9.12
6309,2019-08-04T11:06:17Z,2acbdfb5e555a9668c446767fc5d82728d254a45d17dff85e3342cb0,60.16629,24.95957,00000000fb7600be,23.56
6310,2019-08-04T11:06:17Z,2bade3cfae68c5f3e9df9c6f8327c0cbd36d37a09ade6c16bfb24289,60.16829,24.94214,00000000afef4555,29.32
6311,2019-08-04T11:06:17Z,2c85e4140ca0ba77c3598ceac05eb2c2342409ce8111c863fc58c606,60.16829,24.94214,00000000afef4555,0.28
6312,2019-08-04T11:06:17Z,2ccaeb30423977ff22b6afc29243b861b476a5f4ffafdf200d326d78,60.17002,24.94407,000000006b087f40,23.56
6313,2019-08-04T11:06:17Z,2de87ef94604fb63bec05eefb71b6cdd0b9807f8551159c2a35e7259,60.17065,24.93641,000000000f4919c9,4.11
6314,2019-08-04T11:06:17Z,2e6e6f89a7d75f0742d016de203c9acc8d6f6bdeb7b56bd12f482653,60.15432,24.9211,0000000019fb59c4,17.4
6315,2019-08-04T11:06:17Z,2fe2e4165984d7880628aec591ce4747f18947da70312e6afca2946b,60.14699,24.922,00000000a53ed894,17.4
6316,2019-08-04T11:06:17Z,303e51dd6e5cca35a9f9f76fbe8ef97bd64a9dc6b4e965b1f74ca279,60.14699,24.922,00000000a53ed894,25.36
6317,2019-08-04T11:06:17Z,30bee351808d5e8082ce012b57f5bc0efc80f8394491a182e0eeee32,60.17919,24.95181,000000007b5207b6,27.28
6318,2019-08-04T11:06:17Z,31449757caa5e658401f680b0e48a16ac560226471234a914cef5119,60.16897,24.95222,00000000aa852af1,21.87
6319,2019-08-04T11:06:17Z,3226c88241c6ac9d643c1843f44b6e5ee10df5f15a695e360582a9be,60.16829,24.94214,00000000afef4555,18.79
6320,2019-08-04T11:06:17Z,3262259981b4d615793e8692d3b8461ab7cc2c63789b0ce72c75075f,60.17918,24.95141,00000000675d5200,27.28
6321,2019-08-04T11:06:17Z,32f77f5019e5fce30881c214487361e2e34b8c93277f6e546de72012,60.1638,24.96846,00000000d747f075,20.28
6322,2019-08-04T11:06:17Z,33a5da4eacfc49fefa067790c9fada1a86d9793367ded845a46f0779,60.16829,24.94214,00000000afef4555,6.46
6323,2019-08-04T11:06:17Z,3417d8a6b53687e70f126ebeb1d26a2ff6369dc9a551c3c35c5a04f9,60.17002,24.94407,000000006b087f40,27.28
6324,2019-08-04T11:06:17Z,35f337dd3baf0bc08002ec007d609b685ac29bb2a8bcad6783532a6b,60.16829,24.94214,00000000afef4555,29.32
6325,2019-08-04T11:06:17Z,374083907dd8980893623726af5633afd59b519c885ad12ba5c674eb,60.17002,24.94407,000000006b087f40,8.38
6326,2019-08-04T11:06:17Z,386dea4944e0b83648b4b6faf510fd47b0e9e29a2bb9311fe8a80ee2,60.17918,24.95141,00000000675d5200,27.28
6327,2019-08-04T11:06:17Z,3ac9d056b0f04f774b238a125eb996d46437f7a8c5f6ba6712e971cf,60.17918,24.95141,00000000675d5200,9.12
6328,2019-08-04T11:06:17Z,3b355c039877bd4883845f3fc6ad8dd6f41f170274042f1397585680,60.149,24.9843,00000000fffb8cf0,25.36
6329,2019-08-04T11:06:17Z,3b5030adc7c303403a6333a1a6d35474c2f21c1d20ece72180660423,60.14947,24.91438,000000004ef3150d,11.7
6330,2019-08-04T11:06:17Z,3bd8214bd5284efaf354ec2a0dd2847f6051ceaace6a2691ff085d3d,60.17065,24.93641,000000000f4919c9,17.4
6331,2019-08-04T11:06:17Z,3c7df7d16658abc47ed9e66342a99269fee33785ea550021877f84a4,60.18203,24.91341,00000000342570c2,29.32
6332,2019-08-04T11:06:17Z,3f67c6713a6cca446a46616c9970c7a2ddffb03f21e10c8ea9b2f380,60.16897,24.95222,00000000aa852af1,18.79
6333,2019-08-04T11:06:17Z,3fde075082af3062c2bebc5e09ad55bda3de70b5f492bdfb21f284c9,60.173,24.92524,0000000096918cfa,23.56
6334,2019-08-04T11:06:17Z,3fe4e214448b0c9a8dfbee81c347d82a8f0b26859201fb1d77f40fa9,60.16762,24.95415,000000006b44cce7,5.41
6335,2019-08-04T11:06:17Z,40d64df305477f26745a445a97098d36570a8e02616b93a3f562bb21,60.16629,24.95957,00000000fb7600be,20.28
6336,2019-08-04T11:06:17Z,42033344b6ffbe4da5fa02015642579c22a6cf20c0263c8f097b96d3,60.16762,24.95415,000000006b44cce7,20.28
6337,2019-08-04T11:06:17Z,42d34a6c595760e51052178acc978bdb2b6348e0405f7b58c57f0915,60.16829,24.94214,00000000afef4555,11.7
6338,2019-08-04T11:06:17Z,439ff6b8ff9dc79d47e223164a87fc2d620f29bc7ea1bc7ea4c5cc58,60.16897,24.95222,00000000aa852af1,36.27
6339,2019-08-04T11:06:17Z,43a599f28d168caa53108cd20ab0cbcbdc62b74321e8c351eb7aee72,60.17002,24.94407,000000006b087f40,25.36
6340,2019-08-04T11:06:17Z,4472fa277123afabdf2402fc2a3c5bff2be437e6d56b590278de70fc,60.17065,24.93641,000000000f4919c9,25.36
6341,2019-08-04T11:06:17Z,44cd8828dd4aa11ea599139af3d3aafbcd09ca0c2558f26ed1c72e17,60.14699,24.922,00000000a53ed894,7.05
6342,2019-08-04T11:06:17Z,44d01b24bde0f8031d7cf15bb66e661ad9bd92807f3213fabf920fa1,60.16762,24.95415,000000006b44cce7,5.91
6343,2019-08-04T11:06:17Z,4538bf4d0ca02f13fad76c46f7b34e72978c49b0cdfe4ea9fe151a50,60.16762,24.95415,000000006b44cce7,8.38
6344,2019-08-04T11:06:17Z,465eab28635efe98500085ceb161cf941d02272a0107fbbfb2203c29,60.16829,24.94214,00000000afef4555,21.87
6345,2019-08-04T11:06:17Z,46b576e18e757fc4ec008b41d3c28ec5415a2c2c2f143042e5413137,60.16762,24.95415,000000006b44cce7,8.38
6346,2019-08-04T11:06:17Z,47cd1dcac88434ffdc4b868e7f1d8d8a604700564bc83a7c0a3928be,60.16762,24.95415,000000006b44cce7,2.08
6347,2019-08-04T11:06:17Z,47eccbfb2db7bb200aacfdad7243168bd30714cc78da342bbe53df7b,60.16629,24.95957,00000000fb7600be,29.32
6348,2019-08-04T11:06:17Z,47f787c639f2eed345eb5dca409ffcd989850399a1ab781500dd6e82,60.17919,24.95181,000000007b5207b6,7.05
6349,2019-08-04T11:06:17Z,4833b1ea4f519407574f5a838d93a39de28c756c5f53de7ee273b577,60.14947,24.91438,000000004ef3150d,7.05
6350,2019-08-04T11:06:17Z,49084ae4b6419be9e7bb0c9b1420142e07d6ac3c17c07c26895461ed,60.16829,24.94214,00000000afef4555,13.75
6351,2019-08-04T11:06:17Z,49b391c05bd4e5231579392d798036a0139a8ea4e4d4509a7cb3901f,60.16829,24.94214,00000000afef4555,23.56
6352,2019-08-04T11:06:17Z,49d6f6bd5878bfac30a67fe92d1501b5b09cab38ab2b35b661902f0d,60.14947,24.91438,000000004ef3150d,17.4
6353,2019-08-04T11:06:17Z,4a2286eca689d9c867cfa19d43b9b917d29769b66b9e0a968f6c3859,60.16897,24.95222,00000000aa852af1,13.75
6354,2019-08-04T11:06:17Z,4a54cbed9c373a4136f8851f3f5736eb2fadd5766d316eb5ebbdd231,60.17919,24.95181,000000007b5207b6,21.87
6355,2019-08-04T11:06:17Z,4a912b6c106b63933a8c9cc39598823bcb2c94d4b1cc8a5d55cb3972,60.16829,24.94214,00000000afef4555,18.79
6356,2019-08-04T11:06:17Z,4b5b3e8f2b484bc08b196c265f65c70151bd69f6263318eb29125db2,60.16829,24.94214,00000000afef4555,0.59
6357,2019-08-04T11:06:17Z,4c23bd637ecb5972928c323594df7193a851651f192690fe9c4b951b,60.17002,24.94407,000000006b087f40,25.36
6358,2019-08-04T11:06:17Z,4cf634fc84e128c3b9bce07a4b726d136e18f0eea4229fdbb48f6db1,60.16897,24.95222,00000000aa852af1,10.78
6359,2019-08-04T11:06:17Z,4d31b0561dbfc9ef5acbd44ba92acb4ca7bad86b948634f005173ece,60.14699,24.922,00000000a53ed894,16.1
6360,2019-08-04T11:06:17Z,50a06af190dfb27cbd4d6ca55980b1379ec795af8b9e5ebc00d73257,60.16762,24.95415,000000006b44cce7,6.46
6361,2019-08-04T11:06:17Z,52daa31a2b3c1c07f78d96ebb4de3a965da5ef0a8035afbd0f7451fb,60.16531,24.9442,00000000fdda10fe,23.56
6362,2019-08-04T11:06:17Z,542a405b620e6d166ecc5eadd979b3936d831cea3aa7b75316adb4ca,60.16897,24.95222,00000000aa852af1,21.87
6363,2019-08-04T11:06:17Z,549e8785d3249c38e0c577947392ab324d318a5a9b125b5d03e023d2,60.17065,24.93641,000000000f4919c9,11.7
6364,2019-08-04T11:06:17Z,54d53f276563f566e1cd61b100408412cf78b4fe9fcada830aa6e23b,60.14947,24.91438,000000004ef3150d,9.12
6365,2019-08-04T11:06:17Z,5518b2315c236d486c7a5a4fc27c44987672b2f9a0751ffdaa9cbf78,60.16829,24.94214,00000000afef4555,12.69
6366,2019-08-04T11:06:17Z,55f047531784bdfb349239ad705090dfe4fce836942569dac1d34cd3,60.16762,24.95415,000000006b44cce7,16.1
6367,2019-08-04T11:06:17Z,56318cc7f3616fceec2564cbb1f6ca8b88ea861935a1ada93aafd7b0,60.16897,24.95222,00000000aa852af1,17.4
6368,2019-08-04T11:06:17Z,565a35900ed1794a9d566f6fc12f2710875a10eb7c8e6fa0ddd92626,60.14699,24.922,00000000a53ed894,16.1
6369,2019-08-04T11:06:17Z,571934189bf349efb6f596e76c21612cf9b82ed44913090169936048,60.17065,24.93641,000000000f4919c9,13.75
6370,2019-08-04T11:06:17Z,58ee8fd47328b1c696ec343920f2c0353d19a915924eb6f6f2638e56,60.16762,24.95415,000000006b44cce7,10.78
6371,2019-08-04T11:06:17Z,59b87e6921598d25b092b66e140328fa03c9f06fe4e697dd344f378a,60.17002,24.94407,000000006b087f40,20.28
6372,2019-08-04T11:06:17Z,5b1df59a8f10fc0c1548e114caf6a457ff880d853d529f675372b0b0,60.16762,24.95415,000000006b44cce7,11.7
6373,2019-08-04T11:06:17Z,5b59419ec0e6ccea252e030f286c2d01643241bda40ffed9fa45c3c3,60.16897,24.95222,00000000aa852af1,20.28
6374,2019-08-04T11:06:17Z,5d9aa6fcb0d81ceaa80ca13cc08a88138be517656646e0ba0942ce46,60.16897,24.95222,00000000aa852af1,27.28
6375,2019-08-04T11:06:17Z,5e0289eb3bdaad8fcb5f57629501df80b5925a8829d5d1fdeb73caae,60.16629,24.95957,00000000fb7600be,25.36
6376,2019-08-04T11:06:17Z,6022019a95573b888ca7b3161da098935ea0ad7793437ee40a32a5f3,60.14699,24.922,00000000a53ed894,11.7
6377,2019-08-04T11:06:17Z,60f982521b3cf63a23ce97156f686572b3c936ebe5a76c0d78269fd9,60.16762,24.95415,000000006b44cce7,23.56
6378,2019-08-04T11:06:17Z,6138e6ab3e1e74425af8945a6fcc294c1469a0b9c448b780bcf9d2e2,60.14699,24.922,00000000a53ed894,20.28
6379,2019-08-04T11:06:17Z,62d86ee13e6ae7a5c41ffc2de746df72d4ef6e8d2b6a51ce1c68965f,60.16829,24.94214,00000000afef4555,21.87
6380,2019-08-04T11:06:17Z,62e27092b58abcaf80564c408d0d4a7b821abaee92dc2f02ccb11e61,60.16762,24.95415,000000006b44cce7,7.05
6381,2019-08-04T11:06:17Z,63e498fd789abe431cdf86f184a50616c85717e1efc893da1e1a2222,60.16897,24.95222,00000000aa852af1,18.79
6382,2019-08-04T11:06:17Z,66755836036c771e53ffd9d0dc09b8575231b53b80af22e868691a2a,60.14699,24.922,00000000a53ed894,4.11
6383,2019-08-04T11:06:17Z,67598a1e0a26360b38ffc4bd67aa05290556cdaea97554dfb9d8bdad,60.16762,24.95415,000000006b44cce7,9.92
6384,2019-08-04T11:06:17Z,69158bfbcf8399435cc52d623b530dc75089182b7ab05efb64e64021,60.15432,24.9211,0000000019fb59c4,27.28
6385,2019-08-04T11:06:17Z,6978155fc96a2c464cb547d9fc8c5e60f39fbb9de35e49ab211c5efc,60.16897,24.95222,00000000aa852af1,18.79
6386,2019-08-04T11:06:17Z,69852d528034ea6fc746ed8942c32f1c90bc33a7a7317dfac3c9b1c1,60.14699,24.922,00000000a53ed894,3.74
6387,2019-08-04T11:06:17Z,69d8c906060e226ff0f0f7e78029575f2ee07ebec657a3b641419268,60.14699,24.922,00000000a53ed894,6.46
6388,2019-08-04T11:06:17Z,6ac1903c80e63433e4bc744dc0e801bff647117d38d3753fb9a6a4c1,60.173,24.92524,0000000096918cfa,17.4
6389,2019-08-04T11:06:17Z,6c067fedd37418c79b0bf5c752174bb0d07d27f5d300e2fb737a4dcc,60.16829,24.94214,00000000afef4555,21.87
6390,2019-08-04T11:06:17Z,6c97da4ba9462e7fe786a472989dab23340d31809dd78d5617204da4,60.16829,24.94214,00000000afef4555,9.12
6391,2019-08-04T11:06:17Z,6e2fbf091d5c86667e060d7ec44f48f0f5d7b1d55b1899f2939f247a,60.16762,24.95415,000000006b44cce7,6.46
6392,2019-08-04T11:06:17Z,6e492dbc3f10157e7ff00826a839a97262ab36244ccc57b702a89999,60.16531,24.9442,00000000fdda10fe,11.7
6393,2019-08-04T11:06:17Z,6faf62fbff92729472d61bc9a13a5e72833e55bf713863161f8ca9cb,60.15432,24.9211,0000000019fb59c4,25.36
6394,2019-08-04T11:06:17Z,70ffae2b8178e0915c5de7816f8dd8bcc3af745ee49df8ac4da4adba,60.17918,24.95141,00000000675d5200,14.89
6395,2019-08-04T11:06:17Z,714e80a1e3c0fee43e312f314b2faec47e582ee8dac47e4818dbc2f9,60.149,24.9843,00000000fffb8cf0,23.56
6396,2019-08-04T11:06:17Z,71516fc8349cfaf2b5c4ab80ade6078494d93d13e9953af15e5ced30,60.18203,24.91341,00000000342570c2,23.56
6397,2019-08-04T11:06:17Z,738973c9b5f9882f29075e47ca10e50ba3fb9883da779f41545175f4,60.17919,24.95181,000000007b5207b6,11.7
6398,2019-08-04T11:06:17Z,73f9caa620c77e880d8973e260936b1114db9c96de6accf8398ccec0,60.17002,24.94407,000000006b087f40,23.56
6399,2019-08-04T11:06:17Z,7484ecf89e24efb4a366562730f7341391f930dad7b216184022d0da,60.173,24.92524,0000000096918cfa,18.79
6400,2019-08-04T11:06:17Z,74c2ec2adc228e5b4979284d730fd2de698242f0f06d90f870b8cde6,60.16762,24.95415,000000006b44cce7,2.54
6401,2019-08-04T11:06:17Z,7552783317be1ef797980c3a9ee9c5967d4e7b32765f23c51ffda02d,60.16897,24.95222,00000000aa852af1,9.92
6402,2019-08-04T11:06:17Z,75d452cbba63995ad06213b577081e8db650c80b3a78060789a8e831,60.16762,24.95415,000000006b44cce7,9.92
6403,2019-08-04T11:06:17Z,79249857aa88aacfdce42eef6ed8e8bcca6a4550672e5d4552c120d0,60.16762,24.95415,000000006b44cce7,16.1
6404,2019-08-04T11:06:17Z,79773ee1ebdf8252053d8ffb326b77bb05a7cdb76041102e73d3767c,60.16762,24.95415,000000006b44cce7,9.92
6405,2019-08-04T11:06:17Z,79bde23c1a8980f93a65e14306f0d8ea89e164430d8b991e2bfee82e,60.16531,24.9442,00000000fdda10fe,13.75
6406,2019-08-04T11:06:17Z,7c55ecf165387948602e82b684a55be093691849fde2d96ad6574475,60.17065,24.93641,000000000f4919c9,17.4
6407,2019-08-04T11:06:17Z,7e78b2348d9576c63ebb626030ee9d43e2bf07e860782adf3f1c452b,60.16829,24.94214,00000000afef4555,16.1
6408,2019-08-04T11:06:17Z,7eefc5581c616491b78192b28b519ba727dc884a87bc06b8df1ea4f2,60.14699,24.922,00000000a53ed894,20.28
6409,2019-08-04T11:06:17Z,7f546f0776433ed1b76ea74186c0aad95eca5439e6cefda07922ef14,60.16762,24.95415,000000006b44cce7,11.7
6410,2019-08-04T11:06:17Z,7f95126e2fe39b74b61f9df1002b58453d22fe79458cebfeed9b9982,60.16829,24.94214,00000000afef4555,10.78
6411,2019-08-04T11:06:17Z,822590bd49bcf7ed4de4f8389586915c343b29c4283ff8b90d7c1d39,60.17065,24.93641,000000000f4919c9,14.89
6412,2019-08-04T11:06:17Z,82ac749474448abac333d00869cb8b508872f86293913d95eae26a05,60.15432,24.9211,0000000019fb59c4,5.91
6413,2019-08-04T11:06:17Z,82cddd3b9f58762d36efe78da4e2722ee587cfdb3fdbc58b52673082,60.16629,24.95957,00000000fb7600be,12.69
6414,2019-08-04T11:06:17Z,844b8ad6ebf530978d1139d527a681991f4d3eed6be5bc723f0b2192,60.16531,24.9442,00000000fdda10fe,1.01
6415,2019-08-04T11:06:17Z,849d6a476563b352092dcda35e816833b571b7f630e7ff8617d9b7da,60.16829,24.94214,00000000afef4555,25.36
6416,2019-08-04T11:06:17Z,87ecec345b34dca4db86cbd66248eeb829282d0cc54caff92455dff2,60.16762,24.95415,000000006b44cce7,6.46
6417,2019-08-04T11:06:17Z,886032718e05487be8bd75bb14464814044c7edd7f9a2198304f6fb4,60.16629,24.95957,00000000fb7600be,16.1
6418,2019-08-04T11:06:17Z,89df1daad350e46d526e113019214d2e1a19d8f48da761bb3583399b,60.16762,24.95415,000000006b44cce7,9.12
6419,2019-08-04T11:06:17Z,8a7f5012c000c420f0a336a3988c72cf2b373818f4f3f369e994d8e4,60.16829,24.94214,00000000afef4555,17.4
6420,2019-08-04T11:06:17Z,8b6c7f639ffcedbc88882778001efbead6a695044711dc3ce3827575,60.1538,24.95595,0000000038bf9618,38.87
6421,2019-08-04T11:06:17Z,8bffe034066821502092859341756212a0dcb6b2c605852c0c40fdeb,60.16762,24.95415,000000006b44cce7,10.78
6422,2019-08-04T11:06:17Z,8c4e4851db86ec4a3ce29a58be770eb29c38b9a983351bb67d781982,60.16897,24.95222,00000000aa852af1,13.75
6423,2019-08-04T11:06:17Z,8ca6cbf91a04db796810f40ee019369f331d79472e4acd09f75cbac8,60.16829,24.94214,00000000afef4555,13.75
6424,2019-08-04T11:06:17Z,8e32f03aa51152a06255173f7dc5aaa2c75cef6f6aa829bd51fea777,60.16762,24.95415,000000006b44cce7,9.12
6425,2019-08-04T11:06:17Z,8ee30fda8736b8e18a2cdb754676659240bc520a57727b9635630f22,60.1538,24.95595,0000000038bf9618,33.81
6426,2019-08-04T11:06:17Z,8f3d9ab893ae4a48fd3417f3a749c21e792779990ae0ad75a8f211de,60.1538,24.95595,0000000038bf9618,29.32
6427,2019-08-04T11:06:17Z,90a7a2779a546d0a67f676fbd33964bfec098cc7d3c6617a5c0f6b88,60.16762,24.95415,000000006b44cce7,11.7
6428,2019-08-04T11:06:17Z,90b12d2b9898702fd62b343512e0d53796ae38decdf704e203a0cc39,60.16829,24.94214,00000000afef4555,21.87
6429,2019-08-04T11:06:17Z,91602a694bc74a2874ba7f02a7bae062a3a77cd869b86a74800415b8,60.17919,24.95181,000000007b5207b6,14.89
6430,2019-08-04T11:06:17Z,92df20d921f76c63470e3f5afbe201d3ae15f5133f66c291db796082,60.16629,24.95957,00000000fb7600be,13.75
6431,2019-08-04T11:06:17Z,93272ad17155ea9499641eda7c5560691582116096278b82738ab21e,60.14699,24.922,00000000a53ed894,9.92
6432,2019-08-04T11:06:17Z,936c8d12f2bf0990c21b1a6fbdbd83565c86c00e50d6bd0be3bd52ff,60.16629,24.95957,00000000fb7600be,41.64
6433,2019-08-04T11:06:17Z,951482f3e2e41b496e34885c346c4a7ab09427178119caa9b8bbcbb6,60.14947,24.91438,000000004ef3150d,9.12
6434,2019-08-04T11:06:17Z,9558753228fb3007f59382a0595018488e2e7430248f8824a5badb80,60.1638,24.96846,00000000d747f075,18.79
6435,2019-08-04T11:06:17Z,96b6fbb458fa515d6fe57ba056a91d6be76290d0cffe0b5f701ed098,60.18203,24.91341,00000000342570c2,33.81
6436,2019-08-04T11:06:17Z,97490f522f1a0226c8f7e8ed7bca08dd71b63d80b46d38020127b868,60.14699,24.922,00000000a53ed894,9.92
6437,2019-08-04T11:06:17Z,9759894c6f46d9e82992282b211a84549983c7a9995cd91fb1178818,60.16829,24.94214,00000000afef4555,12.69
6438,2019-08-04T11:06:17Z,998ac46ad73c197bab1f36dca67d8bcaa3aca92249185a5e3715043f,60.17065,24.93641,000000000f4919c9,14.89
6439,2019-08-04T11:06:17Z,99b998b07243afd316e6fa57636b0ab6761b9c2a6f0fe050eae40c08,60.16762,24.95415,000000006b44cce7,7.05
6440,2019-08-04T11:06:17Z,9a49d0b5a67fba15ce8971503f6fea88994b33487a842397c5e8564f,60.16762,24.95415,000000006b44cce7,4.5
6441,2019-08-04T11:06:17Z,9aa588cb6f425117e45726b6b9adb7ef86c8f7c8113b547dc61f068a,60.16897,24.95222,00000000aa852af1,10.78
6442,2019-08-04T11:06:17Z,9ab0a60cb60531417ac6ec5ebc6ef591d2f39019c6b0bcb5a89101a2,60.14699,24.922,00000000a53ed894,9.12
6443,2019-08-04T11:06:17Z,9b4b0705e58750d2bcbd71ad65d85677f7e77db5dfe69d1a70b5d31f,60.17919,24.95181,000000007b5207b6,12.69
6444,2019-08-04T11:06:17Z,9bc50d931d6c1678284177395958d15f05b45d60ae7bc09fe1e1694e,60.16762,24.95415,000000006b44cce7,9.92
6445,2019-08-04T11:06:17Z,9bc91538b73e0220fcf5cd07290c07d56f6f48d3ba0ba6b6b0876da9,60.17065,24.93641,000000000f4919c9,17.4
6446,2019-08-04T11:06:17Z,9bef562c292174f1eb3933116effff74a8733a78e5c1df140de3fd6c,60.17919,24.95181,000000007b5207b6,16.1
6447,2019-08-04T11:06:17Z,9c0b1d2c4c67c07e547e810a94efeaaa1187ae82977e03748470281c,60.16897,24.95222,00000000aa852af1,16.1
6448,2019-08-04T11:06:17Z,9c3b5efa3a54990a49d4e9936cffd7d917f148932ce838158fe147ba,60.1638,24.96846,00000000d747f075,25.36
6449,2019-08-04T11:06:17Z,9c40a1c76be950694e1b5448f8ad2337198d9a75090bfebc30c7392e,60.16629,24.95957,00000000fb7600be,23.56
6450,2019-08-04T11:06:17Z,9eb1e9bfdceb76ef852f89ebd82139602125f9731b791465e1c21f81,60.16829,24.94214,00000000afef4555,12.69
6451,2019-08-04T11:06:17Z,a11bbfeb1c753ec5261a0d10f86f280cc3d7f0ae11182fb5cd2912fc,60.16762,24.95415,000000006b44cce7,10.78
6452,2019-08-04T11:06:17Z,a1439b6683d0598c7a05080c3693a17c198f7b8c3297c77324ef4859,60.16829,24.94214,00000000afef4555,2.3
6453,2019-08-04T11:06:17Z,a20a11944d9440f1f8e4ea6262408f673f2a8380c4e13dda1a073d8d,60.16897,24.95222,00000000aa852af1,18.79
6454,2019-08-04T11:06:17Z,a25b897b52089b243421b68349d3f15e60ce8249d11c889a4626bfc7,60.18203,24.91341,00000000342570c2,17.4
6455,2019-08-04T11:06:17Z,a30740fbf4b7e21f6fe2996e9325c90936de161cb2165e87cd96fd35,60.149,24.9843,00000000fffb8cf0,20.28
6456,2019-08-04T11:06:17Z,a3664d77633807788598dd8d4a7ba8caba2c31bfdcb6ba83651d4e7e,60.173,24.92524,0000000096918cfa,27.28
6457,2019-08-04T11:06:17Z,a3c1a4a58b9381c27b1d5076e0d8d72039afccfb0e58438a80247324,60.16762,24.95415,000000006b44cce7,9.12
6458,2019-08-04T11:06:17Z,a5835ce352a1e6d8fb6bdc410fae1076c756f7dac8e202465add9277,60.16762,24.95415,000000006b44cce7,7.69
6459,2019-08-04T11:06:17Z,a5d632ac8ffc19a626de034d3c9444fd262ee6edada285c816ea9266,60.16531,24.9442,00000000fdda10fe,9.12
6460,2019-08-04T11:06:17Z,a764c2246c85b2b0aa79e581e2fe238da93de098abbb90aee24c11ca,60.16829,24.94214,00000000afef4555,31.5
6461,2019-08-04T11:06:17Z,a7cc1a0b8bbb896ef55043e385a939c97fd5cfaf6d43a4db6c720076,60.16762,24.95415,000000006b44cce7,11.7
6462,2019-08-04T11:06:17Z,a81c19fb85eebf853246cdc4d8e38245dfa5ba15c180eaa1bcc0378d,60.16829,24.94214,00000000afef4555,11.7
6463,2019-08-04T11:06:17Z,aa13e498edf9f46e910da649451b89f99f275d8fa16839b7bf158289,60.149,24.9843,00000000fffb8cf0,31.5
6464,2019-08-04T11:06:17Z,aa4547c0b6b8be30776e08d524ceeacfbc9930ad720e11fa4cb20882,60.16531,24.9442,00000000fdda10fe,1.38
6465,2019-08-04T11:06:17Z,aa45859d6157e9e86470ec8b81957acc35bafb1b7f419d79357a38cf,60.16829,24.94214,00000000afef4555,6.46
6466,2019-08-04T11:06:17Z,aa5e2805ac91707a9e8de48bade5510f72d95136ec930e052d9cada8,60.16762,24.95415,000000006b44cce7,16.1
6467,2019-08-04T11:06:17Z,ab1377ddf669bb806f8db586f4ce5ab9f0f4257dda61fe800d8509f5,60.17065,24.93641,000000000f4919c9,20.28
6468,2019-08-04T11:06:17Z,ab6e8769f50a15ea5e0d64f48aaa12886b7599a18cc0eb071a21ae5f,60.16762,24.95415,000000006b44cce7,7.05
6469,2019-08-04T11:06:17Z,ac4679e3db131ec2ea8e1111c8aa0d71020cf8796ecb11f142478394,60.14947,24.91438,000000004ef3150d,7.69
6470,2019-08-04T11:06:17Z,ac5c7e04b55d6d70659e5b8f4705309b9367c78a0edb7ce85f42c181,60.1538,24.95595,0000000038bf9618,25.36
6471,2019-08-04T11:06:17Z,ac921373f49635f5207c61b2f91377ca1cd682be527d3b5fbc78ed7b,60.16829,24.94214,00000000afef4555,16.1
6472,2019-08-04T11:06:17Z,add92af5006cee56f2da79112486b97d5a7c06f12252676b7638064d,60.16762,24.95415,000000006b44cce7,11.7
6473,2019-08-04T11:06:17Z,addc60a477245c1c33e3a627145e2a2971adf755bfcf8aef4c8c0f88,60.16897,24.95222,00000000aa852af1,21.87
6474,2019-08-04T11:06:17Z,ae3cda5066e455d4b1e58860e8fb7a35efad69b9964a676b476b0687,60.14947,24.91438,000000004ef3150d,3.4
6475,2019-08-04T11:06:17Z,aee9663cec122e41922d2dfaac3c1852f88f24a86490bffec482482a,60.149,24.9843,00000000fffb8cf0,33.81
6476,2019-08-04T11:06:17Z,b02a0be9ec3a2bb1acba16daee232202f9a06ac84e0dcc9a80dddf6a,60.16762,24.95415,000000006b44cce7,2.8
6477,2019-08-04T11:06:17Z,b0d6202ccd1560eaf57c06931cb6466332e41068ad2963e515819015,60.17918,24.95141,00000000675d5200,25.36
6478,2019-08-04T11:06:17Z,b2298fc6f63c02481610f9aef24f1a0c1711c255adc43c0fe135c1ca,60.14947,24.91438,000000004ef3150d,16.1
6479,2019-08-04T11:06:17Z,b3266ecf36a984b814e1b2d31b447438bd948a9c116721480104792f,60.16829,24.94214,00000000afef4555,11.7
6480,2019-08-04T11:06:17Z,b59631b8902194c916f7d3ddcc02d4200a3de0380fa554d87e6856c0,60.17002,24.94407,000000006b087f40,3.09
6481,2019-08-04T11:06:17Z,b5cdbcdc30e0bf653ce353c867708b0067db5e394c8cbe848d978a77,60.14699,24.922,00000000a53ed894,16.1
6482,2019-08-04T11:06:17Z,b5f80d159e59c4558e49ea6fb68f6bc72ee9eb92bee60991bdf4e46f,60.16762,24.95415,000000006b44cce7,7.05
6483,2019-08-04T11:06:17Z,b601cd655bb9f05aa6ec86fc9eb9300c3bc20bc0e856e94ad168a257,60.14947,24.91438,000000004ef3150d,3.74
6484,2019-08-04T11:06:17Z,b67f020b0677cdc52c864f559306fb750cdf47ce2eee6503a3cedb3a,60.16629,24.95957,00000000fb7600be,12.69
6485,2019-08-04T11:06:17Z,b81a9bf449d3e64ad0181804598330bbf305f384b888935023742c79,60.173,24.92524,0000000096918cfa,29.32
6486,2019-08-04T11:06:17Z,b81e65168ea3278486b1c954ab229bc2eda3fe07098e824f05cd0ac4,60.149,24.9843,00000000fffb8cf0,27.28
6487,2019-08-04T11:06:17Z,b8807fdb08fe9f136559a9fb3dc07c2df2758f38afbde8270b3812dd,60.16629,24.95957,00000000fb7600be,31.5
6488,2019-08-04T11:06:17Z,b8f5834e6b992cf5568ae3153fb4b07e97b7f6dd01250851134c1824,60.149,24.9843,00000000fffb8cf0,20.28
6489,2019-08-04T11:06:17Z,ba288a5fd2befbc9ed08e7876ad7cb2bd8bfe6f5756d2ffe8e2dc558,60.17002,24.94407,000000006b087f40,11.7
6490,2019-08-04T11:06:17Z,ba41edadb3a9722bc59efaca71897a33593d0f17301c4bf560fd23e1,60.16762,24.95415,000000006b44cce7,18.79
6491,2019-08-04T11:06:17Z,bac5abd66caf627f4579d5c2cddad074267cd5bac95bd0e68a1e1fb7,60.16897,24.95222,00000000aa852af1,36.27
6492,2019-08-04T11:06:17Z,bbf7d8b9085ddcd3b94f55f93b52cb40a251c44f5df4099ba5b61471,60.16829,24.94214,00000000afef4555,8.38
6493,2019-08-04T11:06:17Z,bc07df8cc395f6f4f5d483b2233caca5f93a6918f346e4cc3702f8cc,60.16531,24.9442,00000000fdda10fe,18.79
6494,2019-08-04T11:06:17Z,bdc8bd416444be70683b3475302093428e4abe14284e9579617fe8ea,60.1638,24.96846,00000000d747f075,23.56
6495,2019-08-04T11:06:17Z,bf1bf5222ce141fbaa484d3bbf568d521b90699d69ec5fc413c9d716,60.17002,24.94407,000000006b087f40,13.75
6496,2019-08-04T11:06:17Z,bf4235c977b63f07c70679988ae6990db3734c8bde50741c636155b9,60.16762,24.95415,000000006b44cce7,6.46
6497,2019-08-04T11:06:17Z,bfd5c2630b36fde15de01ea74e598d035402cf1edb7c9230617927e0,60.16762,24.95415,000000006b44cce7,1.7
6498,2019-08-04T11:06:17Z,c012e9e2caf1002d24e53817bb1279becdfc4aa9dba085e93ddd88e9,60.17002,24.94407,000000006b087f40,27.28
6499,2019-08-04T11:06:17Z,c0a0ca3433586ed2ae0e448f2406fabac7292ac79d49562e0bd5cef8,60.16762,24.95415,000000006b44cce7,12.69
6500,2019-08-04T11:06:17Z,c10ea5737569b2a03f49eba95e66b0cc8ed2a5b8136964be3395e452,60.16762,24.95415,000000006b44cce7,18.79
6501,2019-08-04T11:06:17Z,c239e27b985c23449b6aa84b78560b1b4e535975f3ba059d7987efe4,60.16762,24.95415,000000006b44cce7,12.69
6502,2019-08-04T11:06:17Z,c26838ba90ff36e1d86e327d1623e206734b7c8db8e463218bd43123,60.16762,24.95415,000000006b44cce7,10.78
6503,2019-08-04T11:06:17Z,c2cc33e5b1b8d254d4bcbc0ffa13c9200676a39a191cc31a38d28d8d,60.17065,24.93641,000000000f4919c9,9.92
6504,2019-08-04T11:06:17Z,c2e135ad2c160277e290705658ac41d7cd35b11ebf61d829fdd0b428,60.14699,24.922,00000000a53ed894,11.7
6505,2019-08-04T11:06:17Z,c45e3c4e8ec0fc85457d3b4ed4c49ed0116b4cf447e2983f353abcd8,60.16829,24.94214,00000000afef4555,10.78
6506,2019-08-04T11:06:17Z,c4c3ad738ca47920bb66939f620126c87f730c644813158554916827,60.16762,24.95415,000000006b44cce7,13.75
6507,2019-08-04T11:06:17Z,c55894159f2080031cda702c78ee54463c3c15ab1b3638afdf687f08,60.16531,24.9442,00000000fdda10fe,9.12
6508,2019-08-04T11:06:17Z,c67ab095a9de8ee28200a2e5e2b4ee2457cab37fd7ac69c753bcc001,60.16531,24.9442,00000000fdda10fe,31.5
6509,2019-08-04T11:06:17Z,c6b0ea433c3fdc73e0bac7e3faa2690506c4e8ec7fc54210446a7ffa,60.14947,24.91438,000000004ef3150d,14.89
6510,2019-08-04T11:06:17Z,c7ced11121537f55bcd7d7ab67312226dafe7c85320c5357a35d5ab7,60.17002,24.94407,000000006b087f40,33.81
6511,2019-08-04T11:06:17Z,c8f8a7a901c692af2aec8031d27f0b7efc946f113895771f87fefe1c,60.14947,24.91438,000000004ef3150d,18.79
6512,2019-08-04T11:06:17Z,c990a15d27cfc21e63b7c96b95949254f1194e8b27118386a589e2bd,60.16897,24.95222,00000000aa852af1,16.1
6513,2019-08-04T11:06:17Z,cb2f32be2e27fc44ead887ff7f76c0199bf68b2c6711e6880f4acd01,60.16762,24.95415,000000006b44cce7,5.41
6514,2019-08-04T11:06:17Z,cb835fd4fac726f1e4267acd6118f57b62a0444d69f948745a601682,60.16762,24.95415,000000006b44cce7,18.79
6515,2019-08-04T11:06:17Z,cd7d0e9404c9f4e8fab0742460b9acb4d5bbb97f44df80d4a8b973cd,60.17002,24.94407,000000006b087f40,10.78
6516,2019-08-04T11:06:17Z,cfc79310c3124813bbb9cfe4d4edc24cfa4b7c23419b4517c5eed261,60.16448,24.97323,0000000053c6c2be,25.36
6517,2019-08-04T11:06:17Z,d04b5065ec93818b731141027d11e6a1cf53de69b9737d7aea0c34da,60.14947,24.91438,000000004ef3150d,16.1
6518,2019-08-04T11:06:17Z,d09310020224f0dde4e9f62595b66c66af964fc07015ab2b416dc932,60.16544,24.95398,0000000038d83d41,27.28
6519,2019-08-04T11:06:17Z,d162ad46250f7d87af446db22df4aa6b2eb2bf22f83beca34e857743,60.16762,24.95415,000000006b44cce7,11.7
6520,2019-08-04T11:06:17Z,d20f68571773330f7b6490b006b2e952c9912b4ee05e20f0fc434698,60.16629,24.95957,00000000fb7600be,25.36
6521,2019-08-04T11:06:17Z,d23d6afa580687749de352818db606b272b579b77c6009badb4aa4a6,60.16897,24.95222,00000000aa852af1,20.28
6522,2019-08-04T11:06:17Z,d3bad9334d128332fc483e10ef1b77c28e5a75ac55be4de71c6b2f9f,60.16829,24.94214,00000000afef4555,23.56
6523,2019-08-04T11:06:17Z,d4c9ea46d58288bf42808788e668072465d91dd3c874a8a51de5794e,60.16897,24.95222,00000000aa852af1,13.75
6524,2019-08-04T11:06:17Z,d68f1946805ba3d30f9ba25280986fbe003f3b5dce7245b633e0cb5c,60.16762,24.95415,000000006b44cce7,5.91
6525,2019-08-04T11:06:17Z,d6a8c97f1ec18c7a90d3beae358bad67f8d53626258a852e15b08c5d,60.14699,24.922,00000000a53ed894,9.12
6526,2019-08-04T11:06:17Z,d71a315bac918f9a18fcd820731e6d9eb54fb0d01c324ca088ef8858,60.149,24.9843,00000000fffb8cf0,17.4
6527,2019-08-04T11:06:17Z,d7b3daaab1b36d8d95f7672a0339b99b2a16483fc1c71c5177aeb948,60.16829,24.94214,00000000afef4555,27.28
6528,2019-08-04T11:06:17Z,d83c1c2d3a3876c948e277bace6d013eafc0c4e118958e138f8b1257,60.16448,24.97323,0000000053c6c2be,31.5
6529,2019-08-04T11:06:17Z,d86f155736e4d36de5d33bdbb3b12b717b75de44852b93419af20945,60.16829,24.94214,00000000afef4555,21.87
6530,2019-08-04T11:06:17Z,da2398acaae7f39c7b80c220d4e6917bdc7655f4c71b6e36d06cb859,60.18203,24.91341,00000000342570c2,18.79
6531,2019-08-04T11:06:17Z,dabb7edec36f560d07547c2595765be02b0731b3826f93f5c41b7120,60.16762,24.95415,000000006b44cce7,7.05
6532,2019-08-04T11:06:17Z,db45583e1f7aaaf54e100214986dfc86aa755383e86d361639a5b19b,60.16762,24.95415,000000006b44cce7,9.12
6533,2019-08-04T11:06:17Z,dbd2fa33dbaac339a8c9d8e04576b1088999b9314914676a2247737c,60.1638,24.96846,00000000d747f075,31.5
6534,2019-08-04T11:06:17Z,dc4043efe103db9ce55ad4d987a45cf9821cdc3e63cf7b15b6d48baf,60.16897,24.95222,00000000aa852af1,14.89
6535,2019-08-04T11:06:17Z,dc816e92e4a2eceea03f41fc379fda0e3d57b5d0fbd9a06430432022,60.16762,24.95415,000000006b44cce7,5.41
6536,2019-08-04T11:06:17Z,dcb8f3c3c5136c4abc8757fcb34fedc553ea044b0928f945d89334d5,60.16762,24.95415,000000006b44cce7,11.7
6537,2019-08-04T11:06:17Z,dcbd150d7326dc22a8ab087a0555b9c9549addd07f54aa909aa8ec1f,60.149,24.9843,00000000fffb8cf0,31.5
6538,2019-08-04T11:06:17Z,dd8e0699822b1a8a3f8a91fcb10729f6f7cd0a4736f36dc60974c36e,60.16762,24.95415,000000006b44cce7,11.7
6539,2019-08-04T11:06:17Z,ddd0e663eb31ac94858d2a4e9af5e4782781e88c92102042190e6fcf,60.14699,24.922,00000000a53ed894,12.69
6540,2019-08-04T11:06:17Z,de71e27b55ef6f2f51f05838a2fcab596f1dd93a14ece5ce4548f5c7,60.14699,24.922,00000000a53ed894,8.38
6541,2019-08-04T11:06:17Z,e081e4b3252ca91bbf1cbb70faa116d60317fbf3a991a67bc99b4bfa,60.149,24.9843,00000000fffb8cf0,4.94
6542,2019-08-04T11:06:17Z,e0859a9c906151023376d86762070f38ba1b3859e671531b0edac6cd,60.16075,24.95883,00000000f1124bca,27.28
6543,2019-08-04T11:06:17Z,e0d7e8b332ca8514428ab10acf6d3a6b777da62ff8ea3e18d9b32989,60.16762,24.95415,000000006b44cce7,7.05
6544,2019-08-04T11:06:17Z,e0f396cc2b1da411f0b5e36bf3102ea32378a0d38e6b153d3b303bb4,60.16762,24.95415,000000006b44cce7,14.89
6545,2019-08-04T11:06:17Z,e1da87aea335bcd04e4c876158b96ebc7ba4206bc216c3aa27a2f4af,60.17919,24.95181,000000007b5207b6,14.89
6546,2019-08-04T11:06:17Z,e305610124e16ed1411a221b29ce69a076cc47982efd6c098b0599ab,60.14947,24.91438,000000004ef3150d,8.38
6547,2019-08-04T11:06:17Z,e44d7228cecbdb2474e1cc396a6c13943f09c08c19d0ffab1997d509,60.17919,24.95181,000000007b5207b6,11.7
6548,2019-08-04T11:06:17Z,e53a901aed874016e1cd1ed3e9b2891fca850986cb2fa04f5162cf52,60.16762,24.95415,000000006b44cce7,13.75
6549,2019-08-04T11:06:17Z,e557e164cd52fd817b02cad6587a294d72b0974d9b014ad69ea5e08e,60.17919,24.95181,000000007b5207b6,17.4
6550,2019-08-04T11:06:17Z,e5928057da667903de0b6c1245e1f58273dd85d63d8af0f4eaa771de,60.16762,24.95415,000000006b44cce7,5.41
6551,2019-08-04T11:06:17Z,e5b9b4813c081a31fb498e7f9adb94918c267dfa125c63790c0d9488,60.149,24.9843,00000000fffb8cf0,13.75
6552,2019-08-04T11:06:17Z,e82fb1b58cd1d81fb46e1dca3b34ae603aa01acb01ef1d8a7178defc,60.16544,24.95398,0000000038d83d41,29.32
6553,2019-08-04T11:06:17Z,e8530b87d248fb9f6f44200a9b5634e7517e8d6d835e921280db51fb,60.16897,24.95222,00000000aa852af1,31.5
6554,2019-08-04T11:06:17Z,e9d59e25b58f33f70aad6832863cb59d7485ca55a1575558f92b74e7,60.16897,24.95222,00000000aa852af1,9.92
6555,2019-08-04T11:06:17Z,ea156c99dd8945ef87da4c332787a6202e9eedc69f726cafae8d3258,60.1538,24.95595,0000000038bf9618,25.36
6556,2019-08-04T11:06:17Z,ea3eef2f497e934d53c3a02bfa190abb42a24ce200d24c69598dbf84,60.16762,24.95415,000000006b44cce7,4.11
6557,2019-08-04T11:06:17Z,eb10ddb244dec4641f50a9b05b0e1cfdf4ac49e3dc3001cddb1e67c0,60.16762,24.95415,000000006b44cce7,8.38
6558,2019-08-04T11:06:17Z,eb261026c6f65b651ddf21bed629a1e164cfb500d0b78062704ec15c,60.16762,24.95415,000000006b44cce7,14.89
6559,2019-08-04T11:06:17Z,ec485175d2b7a2c53d03bf546aee134c116d998976601b069570c6f9,60.14699,24.922,00000000a53ed894,21.87
6560,2019-08-04T11:06:17Z,ecb1735f180422ec69f041cd2782a26c9f07d27a87893b3c30aaa9b7,60.16075,24.95883,00000000f1124bca,7.05
6561,2019-08-04T11:06:17Z,ecb5655da668bb183a5c270a96927649c323975e318184d248247099,60.16829,24.94214,00000000afef4555,20.28
6562,2019-08-04T11:06:17Z,ecf13e9d610ad235409932d263110fd52c69d0f5f39e9ffd3ad8b740,60.16897,24.95222,00000000aa852af1,9.92
6563,2019-08-04T11:06:17Z,ede13c9dc221bbc6c1daf78250fa6547303c06d7606c05ba0bf64547,60.17919,24.95181,000000007b5207b6,8.38
6564,2019-08-04T11:06:17Z,ee58e3183e0967bff106dcd3894f4688accefe5e721043dd70c1f11c,60.16629,24.95957,00000000fb7600be,23.56
6565,2019-08-04T11:06:17Z,eea43687eab35d2c386347881796eb1c8279076b9e9642ebc2cd06ac,60.16762,24.95415,000000006b44cce7,8.38
6566,2019-08-04T11:06:17Z,ef15ff71b7dc4c2088249a4fca7e28900ae315245a7a3b4d571bf582,60.16829,24.94214,00000000afef4555,10.78
6567,2019-08-04T11:06:17Z,ef33ccdfcdb12920eabb3306e0f86dc7e6060a5d3864b03e2de7e1ef,60.16897,24.95222,00000000aa852af1,16.1
6568,2019-08-04T11:06:17Z,ef45fdc095ee55730384922266d8fce61de212d3c3df2441ea10e524,60.14947,24.91438,000000004ef3150d,18.79
6569,2019-08-04T11:06:17Z,ef5e495c5f9d3dd9eb22ed5b8faf1cc9e4225d4785ebb26a87d16fff,60.14699,24.922,00000000a53ed894,16.1
6570,2019-08-04T11:06:17Z,f110acae92fec55c6caca5de864773a6b99e5b8d6e2fdf8d1bdbc759,60.16762,24.95415,000000006b44cce7,16.1
6571,2019-08-04T11:06:17Z,f11c02cbebb4049a29f10d2ee6aac8a9ca3b7b9609a39d69463461a1,60.17065,24.93641,000000000f4919c9,23.56
6572,2019-08-04T11:06:17Z,f15bd66e4c0cd72c6b1ba575d523d7878c30a781e6907b19d228368f,60.16762,24.95415,000000006b44cce7,14.89
6573,2019-08-04T11:06:17Z,f196f5f8c08299d290b3bac1944e00bb1f2c90594db66438b0c10e6e,60.16629,24.95957,00000000fb7600be,13.75
6574,2019-08-04T11:06:17Z,f2467c8ede6444941158701b7bd9d005beec9ffdb355ce2d8c7a9bfd,60.149,24.9843,00000000fffb8cf0,21.87
6575,2019-08-04T11:06:17Z,f43b8b2cf2c0bd291543858796d75b211d283ab73dcab5ad5dfd0aeb,60.16897,24.95222,00000000aa852af1,5.41
6576,2019-08-04T11:06:17Z,f5ffa3dbcdd5592ac31344cb04a7a6d639109a4d6e196fa0df3990dd,60.17065,24.93641,000000000f4919c9,18.79
6577,2019-08-04T11:06:17Z,f616fbd0fde8316049c3068ae4368dc9f486f8da4bf5516e9ba82578,60.16897,24.95222,00000000aa852af1,23.56
6578,2019-08-04T11:06:17Z,f65653d90604ec5056682852700fbaf1379932745358f71dd7a94809,60.16897,24.95222,00000000aa852af1,23.56
6579,2019-08-04T11:06:17Z,f78ef2ddbe48b534137498eab56c0a55ec0e0b1d8868e82cb5652a0e,60.14699,24.922,00000000a53ed894,9.12
6580,2019-08-04T11:06:17Z,f7be7d003528c0c0827040a3a3723e49406a5a7c86cb4bc568a830db,60.17002,24.94407,000000006b087f40,17.4
6581,2019-08-04T11:06:17Z,f7d633178895e2c2f25a33d4045d8317cf7691e19593fe4b142182fc,60.16762,24.95415,000000006b44cce7,17.4
6582,2019-08-04T11:06:17Z,f855918d61069661cbf8633b228a5fb9e5cd5ea7b2946bfc5b9fc315,60.16829,24.94214,00000000afef4555,18.79
6583,2019-08-04T11:06:17Z,f9ed4361c378e7c740818b0c356acbffa4a161af2ffbecb803ace9b7,60.173,24.92524,0000000096918cfa,41.64
6584,2019-08-04T11:06:17Z,f9f42c3132515705c0013fb8e137897c93844d24acc22cb4ac9384a0,60.149,24.9843,00000000fffb8cf0,23.56
6585,2019-08-04T11:06:17Z,fa1579394f4980e1fe11248f7be4e646b601a3d8cdb9361f182d066c,60.16762,24.95415,000000006b44cce7,18.79
6586,2019-08-04T11:06:17Z,fbccaff441d52a5aeba79ca785ef499aa8ce201503787c329885a565,60.16897,24.95222,00000000aa852af1,18.79
6587,2019-08-04T11:06:17Z,fd4b10351ea2c76bdcd77442b4ff956f58ff84fa8cd9747175d3e9a6,60.1538,24.95595,0000000038bf9618,44.58
6588,2019-08-04T11:06:17Z,ffb7319984ecae155652e100da9b204f0b92f3b6c7239cfea4dcf966,60.14699,24.922,00000000a53ed894,8.38
6589,2019-08-04T11:06:18Z,004c3624f943830bc6a9f17173a2cd0996622cade5184ad2b9fba729,60.16897,24.95222,00000000aa852af1,8.38
6590,2019-08-04T11:06:18Z,0152988639aaaa9cc27213280c8f0c0c8ec97ae6a45aaaf743c9c25d,60.16544,24.95398,0000000038d83d41,25.36
6591,2019-08-04T11:06:18Z,048a4191e2e9ce1733556eda54c4123345c70aeced0f8ecf7d52b916,60.14699,24.922,00000000a53ed894,18.79
6592,2019-08-04T11:06:18Z,1142f5b6806b1ec7d8d47d47013eb530d8a7418f6934d8867b20966a,60.16829,24.94214,00000000afef4555,18.79
6593,2019-08-04T11:06:18Z,126e7fa4dd9205201617bdc0c7c346bfb57e1a75d3d7d3d9c260d51b,60.16629,24.95957,00000000fb7600be,20.28
6594,2019-08-04T11:06:18Z,128f1b89d7a534aa206a7823b692594bbd4d349761baa04c0fc72f2c,60.14947,24.91438,000000004ef3150d,6.46
6595,2019-08-04T11:06:18Z,14c7e1511b70f4dd3359cbece1377aebb4d70531f5489eefe53d7c3c,60.16544,24.95398,0000000038d83d41,27.28
6596,2019-08-04T11:06:18Z,165ebbb4090d47319ae370f0d0854fdc1f6b79499f8b2e4d3c3533c0,60.16544,24.95398,0000000038d83d41,23.56
6597,2019-08-04T11:06:18Z,16c994bb2e24124a910c247376d16e980a65626a94c4c0aaab27df60,60.16829,24.94214,00000000afef4555,23.56
6598,2019-08-04T11:06:18Z,198d6432c579dae0d7ddda6591eb377ca6c01888de802f89ab84b98a,60.16544,24.95398,0000000038d83d41,27.28
6599,2019-08-04T11:06:18Z,25a7ff811c3c06e426c7c2cbb0433d9a2a3399b23afecbd35584ab0f,60.18203,24.91341,00000000342570c2,14.89
6600,2019-08-04T11:06:18Z,29016fc5853bb802e42e93eb5fd98882d64029327d793a2f2335b9e4,60.16829,24.94214,00000000afef4555,7.05
6601,2019-08-04T11:06:18Z,3fe5f4ccfa5c777ceafda0674d7c9da6f509f6694b4c2fa254b32e73,60.16897,24.95222,00000000aa852af1,14.89
6602,2019-08-04T11:06:18Z,43b676ed3aef4c2d8846694817e76117873be52e7f788e0cb366c1c4,60.16629,24.95957,00000000fb7600be,25.36
6603,2019-08-04T11:06:18Z,44d0b94469070803869f229601e877beb613c3f5aafa009addf97a1a,60.16544,24.95398,0000000038d83d41,27.28
6604,2019-08-04T11:06:18Z,4656bad9b5e6dfc3977eca308fc1db3dbf8b0204b90d09b001da242e,60.1638,24.96846,00000000d747f075,21.87
6605,2019-08-04T11:06:18Z,5d65719c4cbf045f068d084b72302f447d5fd034413d97d13be00d0e,60.18203,24.91341,00000000342570c2,18.79
6606,2019-08-04T11:06:18Z,5eed115a984d490b02b602d73787aee8dc8c4e9365b77fbff3818a76,60.16629,24.95957,00000000fb7600be,18.79
6607,2019-08-04T11:06:18Z,69219e9efa41ae9e732653e9eaf08e1a34cb853a9dafe76ddeea4d04,60.16897,24.95222,00000000aa852af1,20.28
6608,2019-08-04T11:06:18Z,6a70e2fbced719333e21eff04fcb9cb36bae9a04d1a3d6ddd96f2c58,60.15432,24.9211,0000000019fb59c4,4.94
6609,2019-08-04T11:06:18Z,79f136afa0dd8717337c01c70b457c464aaf0fa25b440f51a394ec23,60.16762,24.95415,000000006b44cce7,18.79
6610,2019-08-04T11:06:18Z,85ef35aecf2ff804be3d958b592705ec41c6df9c128c132c65bb283d,60.16897,24.95222,00000000aa852af1,23.56
6611,2019-08-04T11:06:18Z,873f6edb4622a8659116c78f0eacc78446e8fb7631e9e0f872b6502e,60.16829,24.94214,00000000afef4555,33.81
6612,2019-08-04T11:06:18Z,87dfaad29a9276ddddb1fa021d3bc23ad14824c1af16f7d87e713689,60.14951,24.92138,0000000006dd41f6,9.12
6613,2019-08-04T11:06:18Z,88808fe92573e9cdf022cc15b9689b6b4b9429f60513c8897b0ba4c7,60.16897,24.95222,00000000aa852af1,16.1
6614,2019-08-04T11:06:18Z,89982a6acf91b79a282a6b63978e946ee205f303fcd20e944e06baf0,60.16544,24.95398,0000000038d83d41,33.81
6615,2019-08-04T11:06:18Z,8c3b1ed0846e38cc84b863a80540c8a75bfd85c8bdda36563d153110,60.16544,24.95398,0000000038d83d41,25.36
6616,2019-08-04T11:06:18Z,8c75c3289c84fe4493e1e272a77b615fe1985880c5dc68a7c1a17b53,60.16762,24.95415,000000006b44cce7,12.69
6617,2019-08-04T11:06:18Z,92aae21a6e0dd2ff71fc591b64e878502bd4677b64ac413632e9f7c6,60.149,24.9843,00000000fffb8cf0,9.92
6618,2019-08-04T11:06:18Z,9843c6216661048343a0e49cf3d8aa2883cf77f452666a1c873a1052,60.16448,24.97323,0000000053c6c2be,12.69
6619,2019-08-04T11:06:18Z,9992834418850939882f3b334eee492eb98d4f9d6d6118f9ee108793,60.16762,24.95415,000000006b44cce7,3.4
6620,2019-08-04T11:06:18Z,9c8556ea519835172f09c20e7688066eeec8e7f74a0c6fa3df3d9c5f,60.16829,24.94214,00000000afef4555,18.79
6621,2019-08-04T11:06:18Z,a3758affe1deba4cd791b32946ddeaa26af8b554e4b9673dd258f229,60.1638,24.96846,00000000d747f075,29.32
6622,2019-08-04T11:06:18Z,a91d379a4b57c5df22db0d7a041ff69f657b4b31f28554b1011fc03c,60.16544,24.95398,0000000038d83d41,27.28
6623,2019-08-04T11:06:18Z,b936e41d8712ae967f3ebb413fc44f060bb10613f95537757886ede2,60.16762,24.95415,000000006b44cce7,2.54
6624,2019-08-04T11:06:18Z,bca443064699e0ac05c40e587aef06d7fd580817e739133a501490bc,60.14699,24.922,00000000a53ed894,23.56
6625,2019-08-04T11:06:18Z,c54f2dd0590c650ad3e52a68193db3173db5e74f90f69faa1e2d6bb0,60.16762,24.95415,000000006b44cce7,5.41
6626,2019-08-04T11:06:18Z,ca6927628f5ddda20036865c9345ad93d476d62ade3b181de568eed6,60.16897,24.95222,00000000aa852af1,23.56
6627,2019-08-04T11:06:18Z,cf05623e4d87ce0906c0b0b7dbf53aacc1228016cd27c341228b6e76,60.18203,24.91341,00000000342570c2,21.87
6628,2019-08-04T11:06:18Z,cfc0bedb78ded52749db3188cb188bf6a250ef5990da9c5afa9623fc,60.14951,24.92138,0000000006dd41f6,27.28
6629,2019-08-04T11:06:18Z,dbeb00942457ba3c5fb1984b57b1dedb268c0e761e80729b939f1fd8,60.16544,24.95398,0000000038d83d41,21.87
6630,2019-08-04T11:06:18Z,e224ae5ea47af2e3048f83b13a1f45dc135c0ca6be72547b01729086,60.1538,24.95595,0000000038bf9618,27.28
6631,2019-08-04T11:06:18Z,e764c1a69976425ee9c1982ca445db7a575a9d610bcb2215eeb2a728,60.14947,24.91438,000000004ef3150d,14.89
6632,2019-08-04T11:06:18Z,e96bd269a48b822b06141c3362fcb6d5ed4d0d09a120f2e4a712d5c2,60.16897,24.95222,00000000aa852af1,20.28
6633,2019-08-04T11:06:18Z,ed70dda6b7faebd4340dacdb452ab224d9d3c308df417b7fa76f54e8,60.14951,24.92138,0000000006dd41f6,21.87
6634,2019-08-04T11:06:18Z,f088630d7476dae7d4b7e2bb1f10575f2c89acb4b6e061f3d57c2b40,60.16531,24.9442,00000000fdda10fe,25.36
6635,2019-08-04T11:06:18Z,f31cfded6f566f9c032c80c52ea642407be312c5d42521ab7a8d3e2a,60.16897,24.95222,00000000aa852af1,18.79
6636,2019-08-04T11:06:18Z,f405a7c4a3a4339f8e3f7e552f6492d6eed76f7d08c54943286213de,60.16762,24.95415,000000006b44cce7,11.7
6637,2019-08-04T11:06:18Z,fc4f3a44235f1cfc7b53f14ba2da599976a5a0a220d23b852688e485,60.17919,24.95181,000000007b5207b6,8.38
6638,2019-08-04T11:06:18Z,0043f38f4fb6545d7c033c9a8f8c18106aa0c2c841f28a15dd722e9d,60.14699,24.922,00000000a53ed894,12.69
6639,2019-08-04T11:06:18Z,007540b1ada16f6000987e20cd81a3deb18b2aea4cb95b50e099dcee,60.17065,24.93641,000000000f4919c9,6.46
6640,2019-08-04T11:06:18Z,01e47d49d859d6875c51173a8f2159c35733cff5d2c3e5044b4b42d1,60.16829,24.94214,00000000afef4555,23.56
6641,2019-08-04T11:06:18Z,0236a1d5b9b9d2249407a79705eee38de360ceb0530a8959ba5bc15b,60.149,24.9843,00000000fffb8cf0,9.92
6642,2019-08-04T11:06:18Z,02a354db29cd5bc16976a9d933e03a41be350f9cc78098829a7dcfd4,60.14947,24.91438,000000004ef3150d,20.28
6643,2019-08-04T11:06:18Z,0495ba0a1c04e0262f37eaa32084a173acc00638a16e76bb922b97dd,60.16762,24.95415,000000006b44cce7,9.12
6644,2019-08-04T11:06:18Z,0656a0c0a353f164b57fbdd9e648d71fab429964d97ed07ab2c5dc30,60.18203,24.91341,00000000342570c2,18.79
6645,2019-08-04T11:06:18Z,07505f028a552fd4183a9d7a436db18ae89a2dfeff0cdea93dcbe920,60.16762,24.95415,000000006b44cce7,14.89
6646,2019-08-04T11:06:18Z,08833115ba0f62666fee594662c171563759459bb5f65ffdfeaeaed1,60.18203,24.91341,00000000342570c2,27.28
6647,2019-08-04T11:06:18Z,08b10b51864dc039f0a07c997e66e7a263ee1cde5b0b88b2a1178c58,60.16829,24.94214,00000000afef4555,11.7
6648,2019-08-04T11:06:18Z,0a949aafc0be15c68d73a5dd186d726aa6b921f44303a712ac6ddcb8,60.16762,24.95415,000000006b44cce7,17.4
6649,2019-08-04T11:06:18Z,0b45b52bc137c31ce83561c857f809296ec70f5537976a4a4d573d4f,60.16829,24.94214,00000000afef4555,14.89
6650,2019-08-04T11:06:18Z,0b49dcea1b7eab22f4ebd0c7666ded5b59fe092b8bdd4aa9eda6326d,60.16762,24.95415,000000006b44cce7,1.38
6651,2019-08-04T11:06:18Z,0c959027ce302054b09087cac97a83aa7e24fb9e4fa2710763f912cb,60.16829,24.94214,00000000afef4555,9.12
6652,2019-08-04T11:06:18Z,0d2490ed58c11eb4a754a30cc4bcb21c7243d322a2caf7cc360e4e8c,60.17065,24.93641,000000000f4919c9,11.7
6653,2019-08-04T11:06:18Z,0e113c5ed3abcdfb31d27c3125f6cf01e3b96e4ed7eca1aaea855f77,60.14947,24.91438,000000004ef3150d,13.75
6654,2019-08-04T11:06:18Z,116e59da308964e8eb82cb6e5a758aad726ec3800f0fa17bc661e8fe,60.16762,24.95415,000000006b44cce7,7.69
6655,2019-08-04T11:06:18Z,12012b94f1e57f1b0126052cc11a3bff3eff24467afa8d67d041fe16,60.17002,24.94407,000000006b087f40,29.32
6656,2019-08-04T11:06:18Z,1327ce24f157334f864f913637993c80380ce5f5c911e4b0d31c5eb7,60.149,24.9843,00000000fffb8cf0,2.8
6657,2019-08-04T11:06:18Z,1365132d13ab87aad75e2aee453b2f156807b7c75d31d948bdff798f,60.16762,24.95415,000000006b44cce7,7.69
6658,2019-08-04T11:06:18Z,13b0a8ca1414d7b2b0e8d5f80069a5d26c6f62a68b58eda25a4b85f4,60.16829,24.94214,00000000afef4555,12.69
6659,2019-08-04T11:06:18Z,169c77f0d714e38eb1e798b14fa42ce3fefb0ec1d6f9e93a38a872f1,60.16762,24.95415,000000006b44cce7,7.05
6660,2019-08-04T11:06:18Z,182e58bd6c3c8d836225d454a878bc55d8ed5166564a22f8b635f6ff,60.14947,24.91438,000000004ef3150d,23.56
6661,2019-08-04T11:06:18Z,18adae8b6603c177e817d1e3b9ec79fcc0292682660b31bebc965a23,60.16762,24.95415,000000006b44cce7,20.28
6662,2019-08-04T11:06:18Z,1921be9815a57f11f291ca085add7b4bf1d044518b03b725df7cf7d5,60.149,24.9843,00000000fffb8cf0,18.79
6663,2019-08-04T11:06:18Z,1a9a0f74c353624c42c19c007e82c9c2547b7285d8353d0e375e3f05,60.14699,24.922,00000000a53ed894,6.46
6664,2019-08-04T11:06:18Z,1bff3cb3b9be59366fdf8adbbc677a4dfbf8e116bf330c3435bc63c2,60.16897,24.95222,00000000aa852af1,20.28
6665,2019-08-04T11:06:18Z,1c8c3befa38b65f707dd4933a68e5e3c9e7c82592fd382779127416b,60.16897,24.95222,00000000aa852af1,18.79
6666,2019-08-04T11:06:18Z,1f3c0c25584dec03a1a14bcca7512f3e83afd49569b548df92464d33,60.16829,24.94214,00000000afef4555,18.79
6667,2019-08-04T11:06:18Z,1f6e5095c2c365e120a526c9111895459bc08fb351b964a350cdb64f,60.16762,24.95415,000000006b44cce7,9.12
6668,2019-08-04T11:06:18Z,1fa2c533bba37b249a0105001153733e67a559d40c22cab67f135f64,60.14947,24.91438,000000004ef3150d,9.12
6669,2019-08-04T11:06:18Z,2136558e0a9a89ed5aa044485a8e31bff3b7e5acf38c645a06782afd,60.16448,24.97323,0000000053c6c2be,29.32
6670,2019-08-04T11:06:18Z,227b93698b29687beea48184f42aab63a21fa362af7251be32db2e15,60.16531,24.9442,00000000fdda10fe,3.4
6671,2019-08-04T11:06:18Z,23786c82e2641aed0e0b004658480a212bf0397568e914487819045c,60.16897,24.95222,00000000aa852af1,17.4
6672,2019-08-04T11:06:18Z,23b4a8c7918ca417eab83481a710fd544e1fa8bf7073b5955c0155c8,60.14699,24.922,00000000a53ed894,23.56
6673,2019-08-04T11:06:18Z,23b7c1b09dfbcbf722a4c48303dd0435cf9885a516d5eebb6538844f,60.16762,24.95415,000000006b44cce7,9.92
6674,2019-08-04T11:06:18Z,2535cb5c89ec66044a005b03dd769ca8d0022164a816c06db0e49892,60.16762,24.95415,000000006b44cce7,4.5
6675,2019-08-04T11:06:18Z,2671a156fa8d8bb05970481c8f83bcf9f261f73dae27f2bb9ac88aeb,60.14699,24.922,00000000a53ed894,16.1
6676,2019-08-04T11:06:18Z,2724e42551f43106ea58a8fcc6a43953baa1294cd65e17a90012f706,60.17065,24.93641,000000000f4919c9,0.5
6677,2019-08-04T11:06:18Z,28741c2e5e348fe81dec0518a21c0930c98a25b6fcece61a262d50de,60.14699,24.922,00000000a53ed894,16.1
6678,2019-08-04T11:06:18Z,296a0ffe230305a3d37818a0369b56c99dacdd5df5a161bf238e1084,60.16762,24.95415,000000006b44cce7,12.69
6679,2019-08-04T11:06:18Z,2977d3c4f181abb6662adf1d466a62167e2690a9c94dc53e5aa6a904,60.16762,24.95415,000000006b44cce7,7.05
6680,2019-08-04T11:06:18Z,29f5adc4d67413b7d368e8e94a41cf48339e3f5f0903f660170c4fe8,60.17919,24.95181,000000007b5207b6,18.79
6681,2019-08-04T11:06:18Z,2acbdfb5e555a9668c446767fc5d82728d254a45d17dff85e3342cb0,60.16629,24.95957,00000000fb7600be,25.36
6682,2019-08-04T11:06:18Z,2af353f8c54bb0d9e6ff34e08578e5263b7fac68ab82cf9559293cb9,60.16544,24.95398,0000000038d83d41,23.56
6683,2019-08-04T11:06:18Z,2c85e4140ca0ba77c3598ceac05eb2c2342409ce8111c863fc58c606,60.16829,24.94214,00000000afef4555,0.28
6684,2019-08-04T11:06:18Z,2ccaeb30423977ff22b6afc29243b861b476a5f4ffafdf200d326d78,60.17002,24.94407,000000006b087f40,16.1
6685,2019-08-04T11:06:18Z,2de87ef94604fb63bec05eefb71b6cdd0b9807f8551159c2a35e7259,60.17065,24.93641,000000000f4919c9,3.4
6686,2019-08-04T11:06:18Z,2e6e6f89a7d75f0742d016de203c9acc8d6f6bdeb7b56bd12f482653,60.15432,24.9211,0000000019fb59c4,23.56
6687,2019-08-04T11:06:18Z,2fe2e4165984d7880628aec591ce4747f18947da70312e6afca2946b,60.14699,24.922,00000000a53ed894,16.1
6688,2019-08-04T11:06:18Z,30bee351808d5e8082ce012b57f5bc0efc80f8394491a182e0eeee32,60.17918,24.95141,00000000675d5200,27.28
6689,2019-08-04T11:06:18Z,31659a798f1d780d587f07390c038a78fafa6cabb8180dba635863ce,60.17002,24.94407,000000006b087f40,20.28
6690,2019-08-04T11:06:18Z,33a5da4eacfc49fefa067790c9fada1a86d9793367ded845a46f0779,60.16829,24.94214,00000000afef4555,7.69
6691,2019-08-04T11:06:18Z,3417d8a6b53687e70f126ebeb1d26a2ff6369dc9a551c3c35c5a04f9,60.17002,24.94407,000000006b087f40,13.75
6692,2019-08-04T11:06:18Z,34cf37df412ff36df19ebe47ecdd31e5a22355a1fa723a748ac901fd,60.16762,24.95415,000000006b44cce7,20.28
6693,2019-08-04T11:06:18Z,35f337dd3baf0bc08002ec007d609b685ac29bb2a8bcad6783532a6b,60.16829,24.94214,00000000afef4555,17.4
6694,2019-08-04T11:06:18Z,386dea4944e0b83648b4b6faf510fd47b0e9e29a2bb9311fe8a80ee2,60.17918,24.95141,00000000675d5200,9.12
6695,2019-08-04T11:06:18Z,3ac9d056b0f04f774b238a125eb996d46437f7a8c5f6ba6712e971cf,60.17918,24.95141,00000000675d5200,7.69
6696,2019-08-04T11:06:18Z,3ae1d5a2268ac1af52ba8b54fb28f81c00fa05884af8b8ca5e7e0e9a,60.16762,24.95415,000000006b44cce7,14.89
6697,2019-08-04T11:06:18Z,3b355c039877bd4883845f3fc6ad8dd6f41f170274042f1397585680,60.149,24.9843,00000000fffb8cf0,25.36
6698,2019-08-04T11:06:18Z,3b5030adc7c303403a6333a1a6d35474c2f21c1d20ece72180660423,60.14947,24.91438,000000004ef3150d,16.1
6699,2019-08-04T11:06:18Z,3bd8214bd5284efaf354ec2a0dd2847f6051ceaace6a2691ff085d3d,60.17065,24.93641,000000000f4919c9,16.1
6700,2019-08-04T11:06:18Z,3c7df7d16658abc47ed9e66342a99269fee33785ea550021877f84a4,60.18203,24.91341,00000000342570c2,21.87
6701,2019-08-04T11:06:18Z,3e36420df19c06796a79acdad84551653de9b0132cb0987329f75291,60.16897,24.95222,00000000aa852af1,20.28
6702,2019-08-04T11:06:18Z,3f67c6713a6cca446a46616c9970c7a2ddffb03f21e10c8ea9b2f380,60.16897,24.95222,00000000aa852af1,16.1
6703,2019-08-04T11:06:18Z,3fde075082af3062c2bebc5e09ad55bda3de70b5f492bdfb21f284c9,60.173,24.92524,0000000096918cfa,21.87
6704,2019-08-04T11:06:18Z,40b98e7445617581067a41524181e8b6995ea4ee6c82ae2ba93db3cb,60.173,24.92524,0000000096918cfa,27.28
6705,2019-08-04T11:06:18Z,40d64df305477f26745a445a97098d36570a8e02616b93a3f562bb21,60.16629,24.95957,00000000fb7600be,16.1
6706,2019-08-04T11:06:18Z,4259ea4be61641ef15bcf103aabbda808376b164c83d20d3be269e1d,60.17065,24.93641,000000000f4919c9,21.87
6707,2019-08-04T11:06:18Z,42d34a6c595760e51052178acc978bdb2b6348e0405f7b58c57f0915,60.16829,24.94214,00000000afef4555,8.38
6708,2019-08-04T11:06:18Z,4472fa277123afabdf2402fc2a3c5bff2be437e6d56b590278de70fc,60.17065,24.93641,000000000f4919c9,21.87
6709,2019-08-04T11:06:18Z,448f6044c6c095d8c71341a0017dd6746f6e150f03af7c78b794308f,60.16762,24.95415,000000006b44cce7,9.92
6710,2019-08-04T11:06:18Z,44cd8828dd4aa11ea599139af3d3aafbcd09ca0c2558f26ed1c72e17,60.14699,24.922,00000000a53ed894,9.92
6711,2019-08-04T11:06:18Z,44d01b24bde0f8031d7cf15bb66e661ad9bd92807f3213fabf920fa1,60.16762,24.95415,000000006b44cce7,5.41
6712,2019-08-04T11:06:18Z,4538bf4d0ca02f13fad76c46f7b34e72978c49b0cdfe4ea9fe151a50,60.16762,24.95415,000000006b44cce7,7.05
6713,2019-08-04T11:06:18Z,46b576e18e757fc4ec008b41d3c28ec5415a2c2c2f143042e5413137,60.16762,24.95415,000000006b44cce7,14.89
6714,2019-08-04T11:06:18Z,47cd1dcac88434ffdc4b868e7f1d8d8a604700564bc83a7c0a3928be,60.16762,24.95415,000000006b44cce7,2.54
6715,2019-08-04T11:06:18Z,47f787c639f2eed345eb5dca409ffcd989850399a1ab781500dd6e82,60.17919,24.95181,000000007b5207b6,9.92
6716,2019-08-04T11:06:18Z,4831311b6d19ecce7981d060fe0971ac961bdfa5a006de633cd38a95,60.16531,24.9442,00000000fdda10fe,31.5
6717,2019-08-04T11:06:18Z,4833b1ea4f519407574f5a838d93a39de28c756c5f53de7ee273b577,60.14947,24.91438,000000004ef3150d,9.12
6718,2019-08-04T11:06:18Z,49084ae4b6419be9e7bb0c9b1420142e07d6ac3c17c07c26895461ed,60.16829,24.94214,00000000afef4555,16.1
6719,2019-08-04T11:06:18Z,49b391c05bd4e5231579392d798036a0139a8ea4e4d4509a7cb3901f,60.16829,24.94214,00000000afef4555,18.79
6720,2019-08-04T11:06:18Z,49d6f6bd5878bfac30a67fe92d1501b5b09cab38ab2b35b661902f0d,60.14947,24.91438,000000004ef3150d,23.56
6721,2019-08-04T11:06:18Z,4a54cbed9c373a4136f8851f3f5736eb2fadd5766d316eb5ebbdd231,60.17919,24.95181,000000007b5207b6,12.69
6722,2019-08-04T11:06:18Z,4a912b6c106b63933a8c9cc39598823bcb2c94d4b1cc8a5d55cb3972,60.16829,24.94214,00000000afef4555,20.28
6723,2019-08-04T11:06:18Z,4b5b3e8f2b484bc08b196c265f65c70151bd69f6263318eb29125db2,60.16829,24.94214,00000000afef4555,0.71
6724,2019-08-04T11:06:18Z,4cf634fc84e128c3b9bce07a4b726d136e18f0eea4229fdbb48f6db1,60.16897,24.95222,00000000aa852af1,9.12
6725,2019-08-04T11:06:18Z,4fb84ecf5d221439a3af3b68650b3b7dea1d1324213f3ea57669ead0,60.18203,24.91341,00000000342570c2,25.36
6726,2019-08-04T11:06:18Z,51789c3026ccfe7e846e44fcd833d006941c2789b9693c77df5a7c98,60.16762,24.95415,000000006b44cce7,3.09
6727,2019-08-04T11:06:18Z,52daa31a2b3c1c07f78d96ebb4de3a965da5ef0a8035afbd0f7451fb,60.16531,24.9442,00000000fdda10fe,31.5
6728,2019-08-04T11:06:18Z,541f330d2ded03609f551d02b8149da9cd07ee36aeee630f8fc9de8c,60.14699,24.922,00000000a53ed894,18.79
6729,2019-08-04T11:06:18Z,549e8785d3249c38e0c577947392ab324d318a5a9b125b5d03e023d2,60.17065,24.93641,000000000f4919c9,9.92
6730,2019-08-04T11:06:18Z,54d53f276563f566e1cd61b100408412cf78b4fe9fcada830aa6e23b,60.14947,24.91438,000000004ef3150d,11.7
6731,2019-08-04T11:06:18Z,5518b2315c236d486c7a5a4fc27c44987672b2f9a0751ffdaa9cbf78,60.16829,24.94214,00000000afef4555,10.78
6732,2019-08-04T11:06:18Z,55ef40e7f1190c784945077ba4837117228219e070bf66338d7fd43e,60.16829,24.94214,00000000afef4555,27.28
6733,2019-08-04T11:06:18Z,56101419005237b836e4ed14d91dfa6f9edc4c92b5fcb419943897bb,60.16762,24.95415,000000006b44cce7,6.46
6734,2019-08-04T11:06:18Z,56318cc7f3616fceec2564cbb1f6ca8b88ea861935a1ada93aafd7b0,60.16897,24.95222,00000000aa852af1,14.89
6735,2019-08-04T11:06:18Z,565a35900ed1794a9d566f6fc12f2710875a10eb7c8e6fa0ddd92626,60.14699,24.922,00000000a53ed894,9.12
6736,2019-08-04T11:06:18Z,571934189bf349efb6f596e76c21612cf9b82ed44913090169936048,60.17065,24.93641,000000000f4919c9,9.92
6737,2019-08-04T11:06:18Z,584cb0b0cdd14e608c8b57c8aecc9826f9b40027e365e2438a444ea2,60.16762,24.95415,000000006b44cce7,11.7
6738,2019-08-04T11:06:18Z,586f70961bf72597ce00f89d3602178ecc6ac8838a8acec48bba7f9f,60.14699,24.922,00000000a53ed894,11.7
6739,2019-08-04T11:06:18Z,58ee8fd47328b1c696ec343920f2c0353d19a915924eb6f6f2638e56,60.16762,24.95415,000000006b44cce7,7.69
6740,2019-08-04T11:06:18Z,59b87e6921598d25b092b66e140328fa03c9f06fe4e697dd344f378a,60.17002,24.94407,000000006b087f40,18.79
6741,2019-08-04T11:06:18Z,5a755f0653ee0e334448418099ed85023db0a9984c280cfbadd74160,60.173,24.92524,0000000096918cfa,23.56
6742,2019-08-04T11:06:18Z,5b3d706018287c0b59ea341821814ec23f2ee7e3227bb79e3c2c1114,60.16762,24.95415,000000006b44cce7,10.78
6743,2019-08-04T11:06:18Z,6022019a95573b888ca7b3161da098935ea0ad7793437ee40a32a5f3,60.14699,24.922,00000000a53ed894,18.79
6744,2019-08-04T11:06:18Z,60f982521b3cf63a23ce97156f686572b3c936ebe5a76c0d78269fd9,60.16762,24.95415,000000006b44cce7,9.92
6745,2019-08-04T11:06:18Z,6138e6ab3e1e74425af8945a6fcc294c1469a0b9c448b780bcf9d2e2,60.14699,24.922,00000000a53ed894,23.56
6746,2019-08-04T11:06:18Z,62d86ee13e6ae7a5c41ffc2de746df72d4ef6e8d2b6a51ce1c68965f,60.16829,24.94214,00000000afef4555,10.78
6747,2019-08-04T11:06:18Z,62e27092b58abcaf80564c408d0d4a7b821abaee92dc2f02ccb11e61,60.16762,24.95415,000000006b44cce7,7.69
6748,2019-08-04T11:06:18Z,634c8d85357e60613f015add40b3f762f4191a70c627f8e39abf403f,60.149,24.9843,00000000fffb8cf0,31.5
6749,2019-08-04T11:06:18Z,63b8ca586c8c171816d50ff13e5562f3467b1acd7bcb15632ad51f24,60.16762,24.95415,000000006b44cce7,20.28
6750,2019-08-04T11:06:18Z,66755836036c771e53ffd9d0dc09b8575231b53b80af22e868691a2a,60.14699,24.922,00000000a53ed894,5.41
6751,2019-08-04T11:06:18Z,67b49046c3bb96e9e2f8d9396871ed7976dd35efb6c386141325f95a,60.16897,24.95222,00000000aa852af1,31.5
6752,2019-08-04T11:06:18Z,69852d528034ea6fc746ed8942c32f1c90bc33a7a7317dfac3c9b1c1,60.14699,24.922,00000000a53ed894,4.94
6753,2019-08-04T11:06:18Z,69d8c906060e226ff0f0f7e78029575f2ee07ebec657a3b641419268,60.14699,24.922,00000000a53ed894,6.46
6754,2019-08-04T11:06:18Z,6ac1903c80e63433e4bc744dc0e801bff647117d38d3753fb9a6a4c1,60.173,24.92524,0000000096918cfa,17.4
6755,2019-08-04T11:06:18Z,6ac8fdd67b3dd11f0bae935f3a285880138382088238b97f511d3f12,60.16897,24.95222,00000000aa852af1,20.28
6756,2019-08-04T11:06:18Z,6b3836e78400caa9d7373678bf33faf8b137556c7ee47e73251c3e4a,60.14699,24.922,00000000a53ed894,23.56
6757,2019-08-04T11:06:18Z,6c637347d64659d1b29b0461397fccfbff09339872c14e32469fbd0f,60.16762,24.95415,000000006b44cce7,12.69
6758,2019-08-04T11:06:18Z,6e492dbc3f10157e7ff00826a839a97262ab36244ccc57b702a89999,60.16531,24.9442,00000000fdda10fe,7.05
6759,2019-08-04T11:06:18Z,6eeb71c74d753822f920829149d942cf52b726b0b83c5aa3e6cb132e,60.16762,24.95415,000000006b44cce7,12.69
6760,2019-08-04T11:06:18Z,70ffae2b8178e0915c5de7816f8dd8bcc3af745ee49df8ac4da4adba,60.17918,24.95141,00000000675d5200,16.1
6761,2019-08-04T11:06:18Z,714e80a1e3c0fee43e312f314b2faec47e582ee8dac47e4818dbc2f9,60.149,24.9843,00000000fffb8cf0,13.75
6762,2019-08-04T11:06:18Z,71516fc8349cfaf2b5c4ab80ade6078494d93d13e9953af15e5ced30,60.18203,24.91341,00000000342570c2,29.32
6763,2019-08-04T11:06:18Z,71c1367c7dea4dfa243172e02b9092c7a0810bef003216681759891e,60.16897,24.95222,00000000aa852af1,21.87
6764,2019-08-04T11:06:18Z,73257775caf47ed0b6087e34e505580151b27dd8f820943cd77bc3e1,60.16544,24.95398,0000000038d83d41,21.87
6765,2019-08-04T11:06:18Z,738973c9b5f9882f29075e47ca10e50ba3fb9883da779f41545175f4,60.17919,24.95181,000000007b5207b6,9.92
6766,2019-08-04T11:06:18Z,73f9caa620c77e880d8973e260936b1114db9c96de6accf8398ccec0,60.17002,24.94407,000000006b087f40,12.69
6767,2019-08-04T11:06:18Z,74cb545f76f0bfc5498607247e26e814276a11ce91f77208054ecbc5,60.17002,24.94407,000000006b087f40,25.36
6768,2019-08-04T11:06:18Z,7552783317be1ef797980c3a9ee9c5967d4e7b32765f23c51ffda02d,60.16897,24.95222,00000000aa852af1,9.92
6769,2019-08-04T11:06:18Z,75d452cbba63995ad06213b577081e8db650c80b3a78060789a8e831,60.16762,24.95415,000000006b44cce7,7.69
6770,2019-08-04T11:06:18Z,75dc69a66709d80dc34f816e5b2cbf53ee34b75f4ca9ae28f9ddf14c,60.16762,24.95415,000000006b44cce7,17.4
6771,2019-08-04T11:06:18Z,76444267ea4d5365cef684a446be8cc3482dc3b1b516cdb7850e717f,60.16762,24.95415,000000006b44cce7,17.4
6772,2019-08-04T11:06:18Z,77964c48bd2a8658eeedae4be816422b0ef0be1ee1b6f9093b47f14e,60.14699,24.922,00000000a53ed894,20.28
6773,2019-08-04T11:06:18Z,79bde23c1a8980f93a65e14306f0d8ea89e164430d8b991e2bfee82e,60.16531,24.9442,00000000fdda10fe,12.69
6774,2019-08-04T11:06:18Z,7afc351f0ed7619c18c64ab06971196bb53d53e2d460151ab711bc0f,60.16762,24.95415,000000006b44cce7,9.92
6775,2019-08-04T11:06:18Z,7c55ecf165387948602e82b684a55be093691849fde2d96ad6574475,60.17065,24.93641,000000000f4919c9,25.36
6776,2019-08-04T11:06:18Z,7e78b2348d9576c63ebb626030ee9d43e2bf07e860782adf3f1c452b,60.16829,24.94214,00000000afef4555,18.79
6777,2019-08-04T11:06:18Z,7eefc5581c616491b78192b28b519ba727dc884a87bc06b8df1ea4f2,60.14699,24.922,00000000a53ed894,9.92
6778,2019-08-04T11:06:18Z,7f546f0776433ed1b76ea74186c0aad95eca5439e6cefda07922ef14,60.16762,24.95415,000000006b44cce7,9.12
6779,2019-08-04T11:06:18Z,7f95126e2fe39b74b61f9df1002b58453d22fe79458cebfeed9b9982,60.16829,24.94214,00000000afef4555,11.7
6780,2019-08-04T11:06:18Z,822590bd49bcf7ed4de4f8389586915c343b29c4283ff8b90d7c1d39,60.17065,24.93641,000000000f4919c9,27.28
6781,2019-08-04T11:06:18Z,82ac749474448abac333d00869cb8b508872f86293913d95eae26a05,60.15432,24.9211,0000000019fb59c4,4.11
6782,2019-08-04T11:06:18Z,82cddd3b9f58762d36efe78da4e2722ee587cfdb3fdbc58b52673082,60.16629,24.95957,00000000fb7600be,13.75
6783,2019-08-04T11:06:18Z,844b8ad6ebf530978d1139d527a681991f4d3eed6be5bc723f0b2192,60.16531,24.9442,00000000fdda10fe,1.25
6784,2019-08-04T11:06:18Z,878ddf5409cd62c6343db54b72a317f74bfc05e7f9087bcb5419eb56,60.16629,24.95957,00000000fb7600be,27.28
6785,2019-08-04T11:06:18Z,87ea10367f1569e575dc4bc60f0f4238eafb52ba8a2cc8e5e4584232,60.16829,24.94214,00000000afef4555,9.12
6786,2019-08-04T11:06:18Z,87ecec345b34dca4db86cbd66248eeb829282d0cc54caff92455dff2,60.16762,24.95415,000000006b44cce7,4.5
6787,2019-08-04T11:06:18Z,87f4cf4baea8c5dfe1bc7812cc969574058bd4d2dda215192bcfc53f,60.14699,24.922,00000000a53ed894,3.74
6788,2019-08-04T11:06:18Z,886032718e05487be8bd75bb14464814044c7edd7f9a2198304f6fb4,60.16629,24.95957,00000000fb7600be,17.4
6789,2019-08-04T11:06:18Z,89df1daad350e46d526e113019214d2e1a19d8f48da761bb3583399b,60.16762,24.95415,000000006b44cce7,13.75
6790,2019-08-04T11:06:18Z,8c4e4851db86ec4a3ce29a58be770eb29c38b9a983351bb67d781982,60.16897,24.95222,00000000aa852af1,21.87
6791,2019-08-04T11:06:18Z,8e32f03aa51152a06255173f7dc5aaa2c75cef6f6aa829bd51fea777,60.16762,24.95415,000000006b44cce7,13.75
6792,2019-08-04T11:06:18Z,8f7fec0a4f5d4eb0710dd40c356e0c82dbd9360772fade341a50ba37,60.14699,24.922,00000000a53ed894,23.56
6793,2019-08-04T11:06:18Z,90a7a2779a546d0a67f676fbd33964bfec098cc7d3c6617a5c0f6b88,60.16762,24.95415,000000006b44cce7,7.69
6794,2019-08-04T11:06:18Z,90b12d2b9898702fd62b343512e0d53796ae38decdf704e203a0cc39,60.16829,24.94214,00000000afef4555,25.36
6795,2019-08-04T11:06:18Z,91602a694bc74a2874ba7f02a7bae062a3a77cd869b86a74800415b8,60.17919,24.95181,000000007b5207b6,11.7
6796,2019-08-04T11:06:18Z,91a797a1f2e6d4f87b08961f305e3c78b59e06f9a3315df8833869f6,60.16629,24.95957,00000000fb7600be,25.36
6797,2019-08-04T11:06:18Z,92df20d921f76c63470e3f5afbe201d3ae15f5133f66c291db796082,60.16629,24.95957,00000000fb7600be,12.69
6798,2019-08-04T11:06:18Z,93272ad17155ea9499641eda7c5560691582116096278b82738ab21e,60.14699,24.922,00000000a53ed894,10.78
6799,2019-08-04T11:06:18Z,94ac9d6e79236013b9fa24e1c52123819228f6962b5952637ca80fcb,60.16762,24.95415,000000006b44cce7,9.12
6800,2019-08-04T11:06:18Z,951482f3e2e41b496e34885c346c4a7ab09427178119caa9b8bbcbb6,60.14947,24.91438,000000004ef3150d,13.75
6801,2019-08-04T11:06:18Z,9558753228fb3007f59382a0595018488e2e7430248f8824a5badb80,60.1638,24.96846,00000000d747f075,27.28
6802,2019-08-04T11:06:18Z,963e557a0ff05fbc680ceaeae8fdc018be7e4818d1f0ac8656d2b1f9,60.18203,24.91341,00000000342570c2,23.56
6803,2019-08-04T11:06:18Z,96b6fbb458fa515d6fe57ba056a91d6be76290d0cffe0b5f701ed098,60.18203,24.91341,00000000342570c2,29.32
6804,2019-08-04T11:06:18Z,997bdccbb488c8e8118d54124933442a330ef1524727c4df1dfce136,60.16762,24.95415,000000006b44cce7,18.79
6805,2019-08-04T11:06:18Z,998a30ee5f5ff6d2bc9ed04420591e525ded59ad66d09eefa240cc8e,60.16762,24.95415,000000006b44cce7,10.78
6806,2019-08-04T11:06:18Z,998ac46ad73c197bab1f36dca67d8bcaa3aca92249185a5e3715043f,60.17065,24.93641,000000000f4919c9,23.56
6807,2019-08-04T11:06:18Z,9a1a6afa19068ac0b5f9af2744ddf945157f0dd41a4f254e8251fd09,60.16762,24.95415,000000006b44cce7,11.7
6808,2019-08-04T11:06:18Z,9a49d0b5a67fba15ce8971503f6fea88994b33487a842397c5e8564f,60.16762,24.95415,000000006b44cce7,4.94
6809,2019-08-04T11:06:18Z,9aa588cb6f425117e45726b6b9adb7ef86c8f7c8113b547dc61f068a,60.16897,24.95222,00000000aa852af1,11.7
6810,2019-08-04T11:06:18Z,9ab0a60cb60531417ac6ec5ebc6ef591d2f39019c6b0bcb5a89101a2,60.14699,24.922,00000000a53ed894,7.69
6811,2019-08-04T11:06:18Z,9b4b0705e58750d2bcbd71ad65d85677f7e77db5dfe69d1a70b5d31f,60.17919,24.95181,000000007b5207b6,11.7
6812,2019-08-04T11:06:18Z,9bc50d931d6c1678284177395958d15f05b45d60ae7bc09fe1e1694e,60.16762,24.95415,000000006b44cce7,10.78
6813,2019-08-04T11:06:18Z,9bc91538b73e0220fcf5cd07290c07d56f6f48d3ba0ba6b6b0876da9,60.17065,24.93641,000000000f4919c9,25.36
6814,2019-08-04T11:06:18Z,9bef562c292174f1eb3933116effff74a8733a78e5c1df140de3fd6c,60.17919,24.95181,000000007b5207b6,12.69
6815,2019-08-04T11:06:18Z,9c0b1d2c4c67c07e547e810a94efeaaa1187ae82977e03748470281c,60.16897,24.95222,00000000aa852af1,18.79
6816,2019-08-04T11:06:18Z,9eb1e9bfdceb76ef852f89ebd82139602125f9731b791465e1c21f81,60.16829,24.94214,00000000afef4555,27.28
6817,2019-08-04T11:06:18Z,9f1920350685b4cb747c535ba3c3dc1cb29587668bd507ab96e5692f,60.16629,24.95957,00000000fb7600be,20.28
6818,2019-08-04T11:06:18Z,a1439b6683d0598c7a05080c3693a17c198f7b8c3297c77324ef4859,60.16829,24.94214,00000000afef4555,1.7
6819,2019-08-04T11:06:18Z,a25b897b52089b243421b68349d3f15e60ce8249d11c889a4626bfc7,60.18203,24.91341,00000000342570c2,23.56
6820,2019-08-04T11:06:18Z,a30740fbf4b7e21f6fe2996e9325c90936de161cb2165e87cd96fd35,60.149,24.9843,00000000fffb8cf0,21.87
6821,2019-08-04T11:06:18Z,a3664d77633807788598dd8d4a7ba8caba2c31bfdcb6ba83651d4e7e,60.173,24.92524,0000000096918cfa,14.89
6822,2019-08-04T11:06:18Z,a3c1a4a58b9381c27b1d5076e0d8d72039afccfb0e58438a80247324,60.16762,24.95415,000000006b44cce7,6.46
6823,2019-08-04T11:06:18Z,a50e0bb8fd1ad4ad264c3246b210a0c6285faae591c1bd2c2c3458af,60.16829,24.94214,00000000afef4555,13.75
6824,2019-08-04T11:06:18Z,a51a9aab75637e56bef3effddc420dfcd95b8cbd85d95917aaac38d5,60.16762,24.95415,000000006b44cce7,13.75
6825,2019-08-04T11:06:18Z,a5835ce352a1e6d8fb6bdc410fae1076c756f7dac8e202465add9277,60.16762,24.95415,000000006b44cce7,4.94
6826,2019-08-04T11:06:18Z,a5d632ac8ffc19a626de034d3c9444fd262ee6edada285c816ea9266,60.16531,24.9442,00000000fdda10fe,5.91
6827,2019-08-04T11:06:18Z,a81c19fb85eebf853246cdc4d8e38245dfa5ba15c180eaa1bcc0378d,60.16829,24.94214,00000000afef4555,7.69
6828,2019-08-04T11:06:18Z,a98fc06dc605583814a2aa182295b88f81657ef2daeee7aaec792e7c,60.16762,24.95415,000000006b44cce7,8.38
6829,2019-08-04T11:06:18Z,aa13e498edf9f46e910da649451b89f99f275d8fa16839b7bf158289,60.149,24.9843,00000000fffb8cf0,27.28
6830,2019-08-04T11:06:18Z,aa4547c0b6b8be30776e08d524ceeacfbc9930ad720e11fa4cb20882,60.16531,24.9442,00000000fdda10fe,2.3
6831,2019-08-04T11:06:18Z,aa45859d6157e9e86470ec8b81957acc35bafb1b7f419d79357a38cf,60.16829,24.94214,00000000afef4555,7.69
6832,2019-08-04T11:06:18Z,ab1377ddf669bb806f8db586f4ce5ab9f0f4257dda61fe800d8509f5,60.17065,24.93641,000000000f4919c9,13.75
6833,2019-08-04T11:06:18Z,ac4679e3db131ec2ea8e1111c8aa0d71020cf8796ecb11f142478394,60.14947,24.91438,000000004ef3150d,8.38
6834,2019-08-04T11:06:18Z,ac5c7e04b55d6d70659e5b8f4705309b9367c78a0edb7ce85f42c181,60.1538,24.95595,0000000038bf9618,23.56
6835,2019-08-04T11:06:18Z,adf3914eaf1478a77ba35ea49262388e4babe633207748c7608b8780,60.16762,24.95415,000000006b44cce7,9.92
6836,2019-08-04T11:06:18Z,ae3cda5066e455d4b1e58860e8fb7a35efad69b9964a676b476b0687,60.14947,24.91438,000000004ef3150d,5.91
6837,2019-08-04T11:06:18Z,b02a0be9ec3a2bb1acba16daee232202f9a06ac84e0dcc9a80dddf6a,60.16762,24.95415,000000006b44cce7,3.4
6838,2019-08-04T11:06:18Z,b0d6202ccd1560eaf57c06931cb6466332e41068ad2963e515819015,60.17918,24.95141,00000000675d5200,16.1
6839,2019-08-04T11:06:18Z,b2298fc6f63c02481610f9aef24f1a0c1711c255adc43c0fe135c1ca,60.14947,24.91438,000000004ef3150d,21.87
6840,2019-08-04T11:06:18Z,b26d0daac9f8fb84484cbd8ed668aeb6751e848b1c533a307d163360,60.16762,24.95415,000000006b44cce7,12.69
6841,2019-08-04T11:06:18Z,b3266ecf36a984b814e1b2d31b447438bd948a9c116721480104792f,60.16829,24.94214,00000000afef4555,11.7
6842,2019-08-04T11:06:18Z,b3306cd4af1d1a04ef09567c8908ad55c56d9bf6ec7c10af9aea3dea,60.17002,24.94407,000000006b087f40,20.28
6843,2019-08-04T11:06:18Z,b4c8900041e9f8751755d3940ceac58419e6370cd81cdb90d7800de1,60.14699,24.922,00000000a53ed894,20.28
6844,2019-08-04T11:06:18Z,b50b3c2006581bccfeaa9ea964649350c7d5b8177baa29a37e628584,60.14947,24.91438,000000004ef3150d,14.89
6845,2019-08-04T11:06:18Z,b59631b8902194c916f7d3ddcc02d4200a3de0380fa554d87e6856c0,60.17002,24.94407,000000006b087f40,18.79
6846,2019-08-04T11:06:18Z,b5cdbcdc30e0bf653ce353c867708b0067db5e394c8cbe848d978a77,60.14699,24.922,00000000a53ed894,12.69
6847,2019-08-04T11:06:18Z,b5f80d159e59c4558e49ea6fb68f6bc72ee9eb92bee60991bdf4e46f,60.16762,24.95415,000000006b44cce7,7.69
6848,2019-08-04T11:06:18Z,b601cd655bb9f05aa6ec86fc9eb9300c3bc20bc0e856e94ad168a257,60.14947,24.91438,000000004ef3150d,5.91
6849,2019-08-04T11:06:18Z,b8f5834e6b992cf5568ae3153fb4b07e97b7f6dd01250851134c1824,60.149,24.9843,00000000fffb8cf0,18.79
6850,2019-08-04T11:06:18Z,b8fa848688a5668fb3f775eafe9b0be3f91e7451c2d4aa32b60986ef,60.16762,24.95415,000000006b44cce7,13.75
6851,2019-08-04T11:06:18Z,b9447a524f5b5bf98585b27b92195b09869ee9cd9da3cf8d2b59c57d,60.16829,24.94214,00000000afef4555,27.28
6852,2019-08-04T11:06:18Z,ba288a5fd2befbc9ed08e7876ad7cb2bd8bfe6f5756d2ffe8e2dc558,60.17002,24.94407,000000006b087f40,8.38
6853,2019-08-04T11:06:18Z,bbf7d8b9085ddcd3b94f55f93b52cb40a251c44f5df4099ba5b61471,60.16829,24.94214,00000000afef4555,18.79
6854,2019-08-04T11:06:18Z,bc07df8cc395f6f4f5d483b2233caca5f93a6918f346e4cc3702f8cc,60.16531,24.9442,00000000fdda10fe,23.56
6855,2019-08-04T11:06:18Z,bd394dd0bcd0615685585050f0c33b6125f5b0c1ffc1b6fd28b3a959,60.173,24.92524,0000000096918cfa,33.81
6856,2019-08-04T11:06:18Z,bd7fa2c07b7e0eab8afb3d9825a810643c2eb71f83c09a1e26cac54c,60.16762,24.95415,000000006b44cce7,11.7
6857,2019-08-04T11:06:18Z,bfd5c2630b36fde15de01ea74e598d035402cf1edb7c9230617927e0,60.16762,24.95415,000000006b44cce7,1.88
6858,2019-08-04T11:06:18Z,c10ea5737569b2a03f49eba95e66b0cc8ed2a5b8136964be3395e452,60.16762,24.95415,000000006b44cce7,14.89
6859,2019-08-04T11:06:18Z,c239e27b985c23449b6aa84b78560b1b4e535975f3ba059d7987efe4,60.16762,24.95415,000000006b44cce7,5.41
6860,2019-08-04T11:06:18Z,c2d88bc74172eb47d26ee5d739980baa7fc011b9973f9f18b482aa81,60.17065,24.93641,000000000f4919c9,29.32
6861,2019-08-04T11:06:18Z,c2e135ad2c160277e290705658ac41d7cd35b11ebf61d829fdd0b428,60.14699,24.922,00000000a53ed894,10.78
6862,2019-08-04T11:06:18Z,c45e3c4e8ec0fc85457d3b4ed4c49ed0116b4cf447e2983f353abcd8,60.16829,24.94214,00000000afef4555,11.7
6863,2019-08-04T11:06:18Z,c4c3ad738ca47920bb66939f620126c87f730c644813158554916827,60.16762,24.95415,000000006b44cce7,21.87
6864,2019-08-04T11:06:18Z,c55894159f2080031cda702c78ee54463c3c15ab1b3638afdf687f08,60.16531,24.9442,00000000fdda10fe,4.94
6865,2019-08-04T11:06:18Z,c6b0ea433c3fdc73e0bac7e3faa2690506c4e8ec7fc54210446a7ffa,60.14947,24.91438,000000004ef3150d,17.4
6866,2019-08-04T11:06:18Z,c739921adb150c53f1887c6ce887adc6cd7ae7e35e69f6e4dc52fe81,60.173,24.92524,0000000096918cfa,21.87
6867,2019-08-04T11:06:18Z,c7ced11121537f55bcd7d7ab67312226dafe7c85320c5357a35d5ab7,60.17002,24.94407,000000006b087f40,17.4
6868,2019-08-04T11:06:18Z,c990a15d27cfc21e63b7c96b95949254f1194e8b27118386a589e2bd,60.16897,24.95222,00000000aa852af1,16.1
6869,2019-08-04T11:06:18Z,cb2f32be2e27fc44ead887ff7f76c0199bf68b2c6711e6880f4acd01,60.16762,24.95415,000000006b44cce7,7.05
6870,2019-08-04T11:06:18Z,cb37b8fad0bc758cf37d7ea1052f3a98f29282ae37ec635d6eb2c511,60.16762,24.95415,000000006b44cce7,4.5
6871,2019-08-04T11:06:18Z,cd7d0e9404c9f4e8fab0742460b9acb4d5bbb97f44df80d4a8b973cd,60.17002,24.94407,000000006b087f40,7.69
6872,2019-08-04T11:06:18Z,cddbfc3b0a1459f0ea8d553779cf320d512cac6e64976182f2f0b3b7,60.16829,24.94214,00000000afef4555,12.69
6873,2019-08-04T11:06:18Z,cf241827513137f094cda8111245217a32612fdb8fdb573be6e1893d,60.16762,24.95415,000000006b44cce7,23.56
6874,2019-08-04T11:06:18Z,d04b5065ec93818b731141027d11e6a1cf53de69b9737d7aea0c34da,60.14947,24.91438,000000004ef3150d,9.92
6875,2019-08-04T11:06:18Z,d162ad46250f7d87af446db22df4aa6b2eb2bf22f83beca34e857743,60.16762,24.95415,000000006b44cce7,8.38
6876,2019-08-04T11:06:18Z,d23d6afa580687749de352818db606b272b579b77c6009badb4aa4a6,60.16897,24.95222,00000000aa852af1,27.28
6877,2019-08-04T11:06:18Z,d2e3bf982b10b2079eaa464127a286409c5030b21ffe9a2ce08bbb9c,60.16762,24.95415,000000006b44cce7,11.7
6878,2019-08-04T11:06:18Z,d2fd0c6415d2d8e49fef3415fb8747b524191b4400a4fbb66428cb12,60.14699,24.922,00000000a53ed894,18.79
6879,2019-08-04T11:06:18Z,d3bad9334d128332fc483e10ef1b77c28e5a75ac55be4de71c6b2f9f,60.16829,24.94214,00000000afef4555,33.81
6880,2019-08-04T11:06:18Z,d4c9ea46d58288bf42808788e668072465d91dd3c874a8a51de5794e,60.16897,24.95222,00000000aa852af1,18.79
6881,2019-08-04T11:06:18Z,d68f1946805ba3d30f9ba25280986fbe003f3b5dce7245b633e0cb5c,60.16762,24.95415,000000006b44cce7,21.87
6882,2019-08-04T11:06:18Z,d6a8c97f1ec18c7a90d3beae358bad67f8d53626258a852e15b08c5d,60.14699,24.922,00000000a53ed894,6.46
6883,2019-08-04T11:06:18Z,d71a315bac918f9a18fcd820731e6d9eb54fb0d01c324ca088ef8858,60.149,24.9843,00000000fffb8cf0,18.79
6884,2019-08-04T11:06:18Z,d7aa19c5eb2ca99e11f5b1343216d25c1b6e026e10e4c5c281610f85,60.16075,24.95883,00000000f1124bca,33.81
6885,2019-08-04T11:06:18Z,d83c1c2d3a3876c948e277bace6d013eafc0c4e118958e138f8b1257,60.16448,24.97323,0000000053c6c2be,33.81
6886,2019-08-04T11:06:18Z,d86f155736e4d36de5d33bdbb3b12b717b75de44852b93419af20945,60.16829,24.94214,00000000afef4555,16.1
6887,2019-08-04T11:06:18Z,dabb7edec36f560d07547c2595765be02b0731b3826f93f5c41b7120,60.16762,24.95415,000000006b44cce7,9.12
6888,2019-08-04T11:06:18Z,db45583e1f7aaaf54e100214986dfc86aa755383e86d361639a5b19b,60.16762,24.95415,000000006b44cce7,9.92
6889,2019-08-04T11:06:18Z,dbd2fa33dbaac339a8c9d8e04576b1088999b9314914676a2247737c,60.1638,24.96846,00000000d747f075,31.5
6890,2019-08-04T11:06:18Z,dc4043efe103db9ce55ad4d987a45cf9821cdc3e63cf7b15b6d48baf,60.16897,24.95222,00000000aa852af1,13.75
6891,2019-08-04T11:06:18Z,dc816e92e4a2eceea03f41fc379fda0e3d57b5d0fbd9a06430432022,60.16762,24.95415,000000006b44cce7,4.11
6892,2019-08-04T11:06:18Z,dc82f9648bb5ba21e766e0923f5fa7ca2d77662ab0edbe22a3d95631,60.14699,24.922,00000000a53ed894,9.12
6893,2019-08-04T11:06:18Z,de71e27b55ef6f2f51f05838a2fcab596f1dd93a14ece5ce4548f5c7,60.14699,24.922,00000000a53ed894,5.91
6894,2019-08-04T11:06:18Z,e081e4b3252ca91bbf1cbb70faa116d60317fbf3a991a67bc99b4bfa,60.149,24.9843,00000000fffb8cf0,25.36
6895,2019-08-04T11:06:18Z,e0859a9c906151023376d86762070f38ba1b3859e671531b0edac6cd,60.16075,24.95883,00000000f1124bca,18.79
6896,2019-08-04T11:06:18Z,e1da87aea335bcd04e4c876158b96ebc7ba4206bc216c3aa27a2f4af,60.17919,24.95181,000000007b5207b6,3.74
6897,2019-08-04T11:06:18Z,e305610124e16ed1411a221b29ce69a076cc47982efd6c098b0599ab,60.14947,24.91438,000000004ef3150d,7.05
6898,2019-08-04T11:06:18Z,e40fa5ae0d3784a297b87e8597612f86e6e6d2a35e06ffbf477c5920,60.16897,24.95222,00000000aa852af1,29.32
6899,2019-08-04T11:06:18Z,e44d7228cecbdb2474e1cc396a6c13943f09c08c19d0ffab1997d509,60.17919,24.95181,000000007b5207b6,11.7
6900,2019-08-04T11:06:18Z,e53a901aed874016e1cd1ed3e9b2891fca850986cb2fa04f5162cf52,60.16762,24.95415,000000006b44cce7,3.09
6901,2019-08-04T11:06:18Z,e557e164cd52fd817b02cad6587a294d72b0974d9b014ad69ea5e08e,60.17918,24.95141,00000000675d5200,4.5
6902,2019-08-04T11:06:18Z,e568360cebcddeb30a1d066a2f6a2326ac927004214bd11337d804e5,60.16762,24.95415,000000006b44cce7,16.1
6903,2019-08-04T11:06:18Z,e5b9b4813c081a31fb498e7f9adb94918c267dfa125c63790c0d9488,60.149,24.9843,00000000fffb8cf0,16.1
6904,2019-08-04T11:06:18Z,e5e14952bf5e52bf1349479a58c0a97d702585889650948d94767608,60.16448,24.97323,0000000053c6c2be,25.36
6905,2019-08-04T11:06:18Z,e82fb1b58cd1d81fb46e1dca3b34ae603aa01acb01ef1d8a7178defc,60.16544,24.95398,0000000038d83d41,21.87
6906,2019-08-04T11:06:18Z,e9d59e25b58f33f70aad6832863cb59d7485ca55a1575558f92b74e7,60.16897,24.95222,00000000aa852af1,17.4
6907,2019-08-04T11:06:18Z,ea156c99dd8945ef87da4c332787a6202e9eedc69f726cafae8d3258,60.1538,24.95595,0000000038bf9618,27.28
6908,2019-08-04T11:06:18Z,ea3eef2f497e934d53c3a02bfa190abb42a24ce200d24c69598dbf84,60.16762,24.95415,000000006b44cce7,9.92
6909,2019-08-04T11:06:18Z,eb10ddb244dec4641f50a9b05b0e1cfdf4ac49e3dc3001cddb1e67c0,60.16762,24.95415,000000006b44cce7,9.92
6910,2019-08-04T11:06:18Z,eb261026c6f65b651ddf21bed629a1e164cfb500d0b78062704ec15c,60.16762,24.95415,000000006b44cce7,8.38
6911,2019-08-04T11:06:18Z,ec485175d2b7a2c53d03bf546aee134c116d998976601b069570c6f9,60.14699,24.922,00000000a53ed894,12.69
6912,2019-08-04T11:06:18Z,ecb1735f180422ec69f041cd2782a26c9f07d27a87893b3c30aaa9b7,60.16075,24.95883,00000000f1124bca,7.69
6913,2019-08-04T11:06:18Z,ecb5655da668bb183a5c270a96927649c323975e318184d248247099,60.16829,24.94214,00000000afef4555,8.38
6914,2019-08-04T11:06:18Z,ecf13e9d610ad235409932d263110fd52c69d0f5f39e9ffd3ad8b740,60.16897,24.95222,00000000aa852af1,6.46
6915,2019-08-04T11:06:18Z,ede13c9dc221bbc6c1daf78250fa6547303c06d7606c05ba0bf64547,60.17919,24.95181,000000007b5207b6,3.74
6916,2019-08-04T11:06:18Z,eea43687eab35d2c386347881796eb1c8279076b9e9642ebc2cd06ac,60.16762,24.95415,000000006b44cce7,7.69
6917,2019-08-04T11:06:18Z,ef15ff71b7dc4c2088249a4fca7e28900ae315245a7a3b4d571bf582,60.16829,24.94214,00000000afef4555,5.91
6918,2019-08-04T11:06:18Z,ef33ccdfcdb12920eabb3306e0f86dc7e6060a5d3864b03e2de7e1ef,60.16897,24.95222,00000000aa852af1,20.28
6919,2019-08-04T11:06:18Z,ef45fdc095ee55730384922266d8fce61de212d3c3df2441ea10e524,60.14947,24.91438,000000004ef3150d,11.7
6920,2019-08-04T11:06:18Z,ef5e495c5f9d3dd9eb22ed5b8faf1cc9e4225d4785ebb26a87d16fff,60.14699,24.922,00000000a53ed894,9.12
6921,2019-08-04T11:06:18Z,f014103201b8ae8f495f8e1e04da3c934079461391d4801ee6c2faaf,60.16762,24.95415,000000006b44cce7,25.36
6922,2019-08-04T11:06:18Z,f11c02cbebb4049a29f10d2ee6aac8a9ca3b7b9609a39d69463461a1,60.17065,24.93641,000000000f4919c9,25.36
6923,2019-08-04T11:06:18Z,f1d44b9d3710849eba7eab0b6646053378aa5f8ee3491ec2522f3c44,60.14947,24.91438,000000004ef3150d,20.28
6924,2019-08-04T11:06:18Z,f2467c8ede6444941158701b7bd9d005beec9ffdb355ce2d8c7a9bfd,60.149,24.9843,00000000fffb8cf0,17.4
6925,2019-08-04T11:06:18Z,f28990a169fd2c2c6d99cb0d1d99ca7527e0f5c256624c0349c17081,60.16544,24.95398,0000000038d83d41,21.87
6926,2019-08-04T11:06:18Z,f3cee9bbe2aec5ac208a141e882900be3fd94a646cb2850d8c879a0b,60.16762,24.95415,000000006b44cce7,25.36
6927,2019-08-04T11:06:18Z,f43b8b2cf2c0bd291543858796d75b211d283ab73dcab5ad5dfd0aeb,60.16897,24.95222,00000000aa852af1,5.41
6928,2019-08-04T11:06:18Z,f52824c386f904dd599255580d7ac95568391a40c2d18fdfdbc23f4d,60.16762,24.95415,000000006b44cce7,12.69
6929,2019-08-04T11:06:18Z,f5ffa3dbcdd5592ac31344cb04a7a6d639109a4d6e196fa0df3990dd,60.17065,24.93641,000000000f4919c9,20.28
6930,2019-08-04T11:06:18Z,f616fbd0fde8316049c3068ae4368dc9f486f8da4bf5516e9ba82578,60.16897,24.95222,00000000aa852af1,12.69
6931,2019-08-04T11:06:18Z,f65653d90604ec5056682852700fbaf1379932745358f71dd7a94809,60.16897,24.95222,00000000aa852af1,31.5
6932,2019-08-04T11:06:18Z,f7be7d003528c0c0827040a3a3723e49406a5a7c86cb4bc568a830db,60.17002,24.94407,000000006b087f40,21.87
6933,2019-08-04T11:06:18Z,f855918d61069661cbf8633b228a5fb9e5cd5ea7b2946bfc5b9fc315,60.16829,24.94214,00000000afef4555,17.4
6934,2019-08-04T11:06:18Z,f9ed4361c378e7c740818b0c356acbffa4a161af2ffbecb803ace9b7,60.173,24.92524,0000000096918cfa,31.5
6935,2019-08-04T11:06:18Z,faee9c7cf21aa61809c94dd68268377841712fc4e488b094972b6a38,60.1538,24.95595,0000000038bf9618,36.27
6936,2019-08-04T11:06:18Z,ffb7319984ecae155652e100da9b204f0b92f3b6c7239cfea4dcf966,60.14699,24.922,00000000a53ed894,11.7
6937,2019-08-04T11:06:19Z,004c3624f943830bc6a9f17173a2cd0996622cade5184ad2b9fba729,60.16897,24.95222,00000000aa852af1,6.46
6938,2019-08-04T11:06:19Z,09ddbf38333e76a79fd836112bd8c3f8bf7f3dadfb3d49945ad4c486,60.16897,24.95222,00000000aa852af1,4.11
6939,2019-08-04T11:06:19Z,126e7fa4dd9205201617bdc0c7c346bfb57e1a75d3d7d3d9c260d51b,60.16629,24.95957,00000000fb7600be,27.28
6940,2019-08-04T11:06:19Z,128f1b89d7a534aa206a7823b692594bbd4d349761baa04c0fc72f2c,60.14947,24.91438,000000004ef3150d,10.78
6941,2019-08-04T11:06:19Z,14c7e1511b70f4dd3359cbece1377aebb4d70531f5489eefe53d7c3c,60.16544,24.95398,0000000038d83d41,27.28
6942,2019-08-04T11:06:19Z,165ebbb4090d47319ae370f0d0854fdc1f6b79499f8b2e4d3c3533c0,60.16544,24.95398,0000000038d83d41,25.36
6943,2019-08-04T11:06:19Z,16c994bb2e24124a910c247376d16e980a65626a94c4c0aaab27df60,60.16829,24.94214,00000000afef4555,16.1
6944,2019-08-04T11:06:19Z,25a7ff811c3c06e426c7c2cbb0433d9a2a3399b23afecbd35584ab0f,60.18203,24.91341,00000000342570c2,14.89
6945,2019-08-04T11:06:19Z,32dd92b5a658392a4ec84eaf95152ee72258b6b0fb670b97882ac902,60.16829,24.94214,00000000afef4555,7.69
6946,2019-08-04T11:06:19Z,3fe5f4ccfa5c777ceafda0674d7c9da6f509f6694b4c2fa254b32e73,60.16897,24.95222,00000000aa852af1,16.1
6947,2019-08-04T11:06:19Z,4109bc1b623e0a82ceba2140527c969669063be199f828a7e96f3f8f,60.16762,24.95415,000000006b44cce7,18.79
6948,2019-08-04T11:06:19Z,43b676ed3aef4c2d8846694817e76117873be52e7f788e0cb366c1c4,60.16629,24.95957,00000000fb7600be,36.27
6949,2019-08-04T11:06:19Z,44d0b94469070803869f229601e877beb613c3f5aafa009addf97a1a,60.16544,24.95398,0000000038d83d41,23.56
6950,2019-08-04T11:06:19Z,4656bad9b5e6dfc3977eca308fc1db3dbf8b0204b90d09b001da242e,60.1638,24.96846,00000000d747f075,29.32
6951,2019-08-04T11:06:19Z,5d65719c4cbf045f068d084b72302f447d5fd034413d97d13be00d0e,60.18203,24.91341,00000000342570c2,21.87
6952,2019-08-04T11:06:19Z,5eed115a984d490b02b602d73787aee8dc8c4e9365b77fbff3818a76,60.16629,24.95957,00000000fb7600be,21.87
6953,2019-08-04T11:06:19Z,69219e9efa41ae9e732653e9eaf08e1a34cb853a9dafe76ddeea4d04,60.16897,24.95222,00000000aa852af1,18.79
6954,2019-08-04T11:06:19Z,6a70e2fbced719333e21eff04fcb9cb36bae9a04d1a3d6ddd96f2c58,60.15432,24.9211,0000000019fb59c4,6.46
6955,2019-08-04T11:06:19Z,6f06341f358e61699fe1e55e986dd0554bc8da28b91daf0c5ad99db6,60.16629,24.95957,00000000fb7600be,17.4
6956,2019-08-04T11:06:19Z,85ef35aecf2ff804be3d958b592705ec41c6df9c128c132c65bb283d,60.16897,24.95222,00000000aa852af1,33.81
6957,2019-08-04T11:06:19Z,87dfaad29a9276ddddb1fa021d3bc23ad14824c1af16f7d87e713689,60.14951,24.92138,0000000006dd41f6,9.92
6958,2019-08-04T11:06:19Z,88808fe92573e9cdf022cc15b9689b6b4b9429f60513c8897b0ba4c7,60.16897,24.95222,00000000aa852af1,13.75
6959,2019-08-04T11:06:19Z,89982a6acf91b79a282a6b63978e946ee205f303fcd20e944e06baf0,60.16544,24.95398,0000000038d83d41,18.79
6960,2019-08-04T11:06:19Z,8c3b1ed0846e38cc84b863a80540c8a75bfd85c8bdda36563d153110,60.16544,24.95398,0000000038d83d41,25.36
6961,2019-08-04T11:06:19Z,92aae21a6e0dd2ff71fc591b64e878502bd4677b64ac413632e9f7c6,60.149,24.9843,00000000fffb8cf0,6.46
6962,2019-08-04T11:06:19Z,9843c6216661048343a0e49cf3d8aa2883cf77f452666a1c873a1052,60.16448,24.97323,0000000053c6c2be,12.69
6963,2019-08-04T11:06:19Z,9992834418850939882f3b334eee492eb98d4f9d6d6118f9ee108793,60.16762,24.95415,000000006b44cce7,7.05
6964,2019-08-04T11:06:19Z,9c8556ea519835172f09c20e7688066eeec8e7f74a0c6fa3df3d9c5f,60.16829,24.94214,00000000afef4555,23.56
6965,2019-08-04T11:06:19Z,a13e5d46f0a2d1c6b58878e1b198905e9b14e3a85b5e4adab88b4b87,60.16762,24.95415,000000006b44cce7,13.75
6966,2019-08-04T11:06:19Z,b936e41d8712ae967f3ebb413fc44f060bb10613f95537757886ede2,60.16762,24.95415,000000006b44cce7,4.94
6967,2019-08-04T11:06:19Z,bfcaefe93f7fcb6aad6e62e3da473a7b5b03a62db532dad02a7d3559,60.16762,24.95415,000000006b44cce7,21.87
6968,2019-08-04T11:06:19Z,c40c37def6bf11a63a2556519a7c6233fd417cdeea2cf14f28e7c42c,60.16531,24.9442,00000000fdda10fe,31.5
6969,2019-08-04T11:06:19Z,ca6927628f5ddda20036865c9345ad93d476d62ade3b181de568eed6,60.16897,24.95222,00000000aa852af1,29.32
6970,2019-08-04T11:06:19Z,cf05623e4d87ce0906c0b0b7dbf53aacc1228016cd27c341228b6e76,60.18203,24.91341,00000000342570c2,18.79
6971,2019-08-04T11:06:19Z,dbeb00942457ba3c5fb1984b57b1dedb268c0e761e80729b939f1fd8,60.16544,24.95398,0000000038d83d41,17.4
6972,2019-08-04T11:06:19Z,e224ae5ea47af2e3048f83b13a1f45dc135c0ca6be72547b01729086,60.1538,24.95595,0000000038bf9618,38.87
6973,2019-08-04T11:06:19Z,e764c1a69976425ee9c1982ca445db7a575a9d610bcb2215eeb2a728,60.14947,24.91438,000000004ef3150d,14.89
6974,2019-08-04T11:06:19Z,e96bd269a48b822b06141c3362fcb6d5ed4d0d09a120f2e4a712d5c2,60.16897,24.95222,00000000aa852af1,18.79
6975,2019-08-04T11:06:19Z,f088630d7476dae7d4b7e2bb1f10575f2c89acb4b6e061f3d57c2b40,60.16531,24.9442,00000000fdda10fe,18.79
6976,2019-08-04T11:06:19Z,f31cfded6f566f9c032c80c52ea642407be312c5d42521ab7a8d3e2a,60.16897,24.95222,00000000aa852af1,20.28
6977,2019-08-04T11:06:19Z,fc4f3a44235f1cfc7b53f14ba2da599976a5a0a220d23b852688e485,60.17919,24.95181,000000007b5207b6,7.05
6978,2019-08-04T11:06:19Z,000888f4e876e6cb8d50b0bb1a3deaee0655733968eb5065d779e88e,60.16762,24.95415,000000006b44cce7,17.4
6979,2019-08-04T11:06:19Z,007540b1ada16f6000987e20cd81a3deb18b2aea4cb95b50e099dcee,60.17065,24.93641,000000000f4919c9,4.11
6980,2019-08-04T11:06:19Z,01e47d49d859d6875c51173a8f2159c35733cff5d2c3e5044b4b42d1,60.16829,24.94214,00000000afef4555,14.89
6981,2019-08-04T11:06:19Z,0236a1d5b9b9d2249407a79705eee38de360ceb0530a8959ba5bc15b,60.149,24.9843,00000000fffb8cf0,11.7
6982,2019-08-04T11:06:19Z,02a354db29cd5bc16976a9d933e03a41be350f9cc78098829a7dcfd4,60.14947,24.91438,000000004ef3150d,21.87
6983,2019-08-04T11:06:19Z,0656a0c0a353f164b57fbdd9e648d71fab429964d97ed07ab2c5dc30,60.18203,24.91341,00000000342570c2,20.28
6984,2019-08-04T11:06:19Z,07505f028a552fd4183a9d7a436db18ae89a2dfeff0cdea93dcbe920,60.16762,24.95415,000000006b44cce7,10.78
6985,2019-08-04T11:06:19Z,08833115ba0f62666fee594662c171563759459bb5f65ffdfeaeaed1,60.18203,24.91341,00000000342570c2,21.87
6986,2019-08-04T11:06:19Z,090b22feb90861d0c5c272812dfebe1f4f5efec2238fb9556f23e5a6,60.16762,24.95415,000000006b44cce7,17.4
6987,2019-08-04T11:06:19Z,0a949aafc0be15c68d73a5dd186d726aa6b921f44303a712ac6ddcb8,60.16762,24.95415,000000006b44cce7,8.38
6988,2019-08-04T11:06:19Z,0aa519749df61b76dd2eeff7698dae9732dcbeb64afd25bb14aebb4a,60.16897,24.95222,00000000aa852af1,27.28
6989,2019-08-04T11:06:19Z,0b45b52bc137c31ce83561c857f809296ec70f5537976a4a4d573d4f,60.16829,24.94214,00000000afef4555,7.69
6990,2019-08-04T11:06:19Z,0b49dcea1b7eab22f4ebd0c7666ded5b59fe092b8bdd4aa9eda6326d,60.16762,24.95415,000000006b44cce7,2.8
6991,2019-08-04T11:06:19Z,0c959027ce302054b09087cac97a83aa7e24fb9e4fa2710763f912cb,60.16829,24.94214,00000000afef4555,18.79
6992,2019-08-04T11:06:19Z,0d2490ed58c11eb4a754a30cc4bcb21c7243d322a2caf7cc360e4e8c,60.17065,24.93641,000000000f4919c9,21.87
6993,2019-08-04T11:06:19Z,0dc12f22306d5f6622fc786011f32f1961a5f94018be9c2236fb2e52,60.14699,24.922,00000000a53ed894,21.87
6994,2019-08-04T11:06:19Z,0e113c5ed3abcdfb31d27c3125f6cf01e3b96e4ed7eca1aaea855f77,60.14947,24.91438,000000004ef3150d,9.92
6995,2019-08-04T11:06:19Z,0faa253a4e641c9d727af99f3444f6c6963b4f0aa4a83564558e1d0d,60.16829,24.94214,00000000afef4555,27.28
6996,2019-08-04T11:06:19Z,1327ce24f157334f864f913637993c80380ce5f5c911e4b0d31c5eb7,60.149,24.9843,00000000fffb8cf0,4.11
6997,2019-08-04T11:06:19Z,135b81a7a5a9dd70569656553c100af6fdc760bcf92d9b7b48261cb1,60.16897,24.95222,00000000aa852af1,29.32
6998,2019-08-04T11:06:19Z,13b0a8ca1414d7b2b0e8d5f80069a5d26c6f62a68b58eda25a4b85f4,60.16829,24.94214,00000000afef4555,10.78
6999,2019-08-04T11:06:19Z,1556d4a76070c26554efa12b4b9c53766a4cc394e8b74ee37f2fff65,60.17065,24.93641,000000000f4919c9,23.56
7000,2019-08-04T11:06:19Z,15a224e12e9e77e85f3b7623de37cfcef9b1231db7697c9ee2191d1a,60.16762,24.95415,000000006b44cce7,17.4
7001,2019-08-04T11:06:19Z,169c77f0d714e38eb1e798b14fa42ce3fefb0ec1d6f9e93a38a872f1,60.16762,24.95415,000000006b44cce7,9.92
7002,2019-08-04T11:06:19Z,18adae8b6603c177e817d1e3b9ec79fcc0292682660b31bebc965a23,60.16762,24.95415,000000006b44cce7,13.75
7003,2019-08-04T11:06:19Z,1921be9815a57f11f291ca085add7b4bf1d044518b03b725df7cf7d5,60.149,24.9843,00000000fffb8cf0,11.7
7004,2019-08-04T11:06:19Z,1a06b5f7f305badd45e93db9d86d76ed3a2a96ec55ec47c836921e3e,60.16762,24.95415,000000006b44cce7,9.12
7005,2019-08-04T11:06:19Z,1a9a0f74c353624c42c19c007e82c9c2547b7285d8353d0e375e3f05,60.14699,24.922,00000000a53ed894,5.41
7006,2019-08-04T11:06:19Z,1bff3cb3b9be59366fdf8adbbc677a4dfbf8e116bf330c3435bc63c2,60.16897,24.95222,00000000aa852af1,27.28
7007,2019-08-04T11:06:19Z,1c8c3befa38b65f707dd4933a68e5e3c9e7c82592fd382779127416b,60.16897,24.95222,00000000aa852af1,17.4
7008,2019-08-04T11:06:19Z,1ce242f8d8220cd38bf3ea9138c99ae9b2f79b28e68edb864f090ec9,60.149,24.9843,00000000fffb8cf0,9.92
7009,2019-08-04T11:06:19Z,1dacfb371d75dd4f90f447aac2a00faad98beb4188a6971c19eb2375,60.16629,24.95957,00000000fb7600be,27.28
7010,2019-08-04T11:06:19Z,1dd88e08ecbbd8507d735040b95233ff133ddfecfd889e4a3c52b8cf,60.16762,24.95415,000000006b44cce7,21.87
7011,2019-08-04T11:06:19Z,1fa2c533bba37b249a0105001153733e67a559d40c22cab67f135f64,60.14947,24.91438,000000004ef3150d,7.69
7012,2019-08-04T11:06:19Z,21409ab0d30ff4570e66691b5e33d5f39735ac96d850dadcbe20ee0a,60.14699,24.922,00000000a53ed894,23.56
7013,2019-08-04T11:06:19Z,21e1b0aebd1c050ac0463a0269b847e7e94b782ed10399e5e749817f,60.16829,24.94214,00000000afef4555,17.4
7014,2019-08-04T11:06:19Z,227b93698b29687beea48184f42aab63a21fa362af7251be32db2e15,60.16531,24.9442,00000000fdda10fe,2.8
7015,2019-08-04T11:06:19Z,23786c82e2641aed0e0b004658480a212bf0397568e914487819045c,60.16897,24.95222,00000000aa852af1,10.78
7016,2019-08-04T11:06:19Z,23b4a8c7918ca417eab83481a710fd544e1fa8bf7073b5955c0155c8,60.14699,24.922,00000000a53ed894,9.12
7017,2019-08-04T11:06:19Z,23b7c1b09dfbcbf722a4c48303dd0435cf9885a516d5eebb6538844f,60.16762,24.95415,000000006b44cce7,8.38
7018,2019-08-04T11:06:19Z,23f10190151386d4050571cb299410bc0285ed980b0a00f088e01cf0,60.16762,24.95415,000000006b44cce7,8.38
7019,2019-08-04T11:06:19Z,2535cb5c89ec66044a005b03dd769ca8d0022164a816c06db0e49892,60.16762,24.95415,000000006b44cce7,3.4
7020,2019-08-04T11:06:19Z,2671a156fa8d8bb05970481c8f83bcf9f261f73dae27f2bb9ac88aeb,60.14699,24.922,00000000a53ed894,16.1
7021,2019-08-04T11:06:19Z,27052b4dc21318eee25b7afdbe088c8d15e13ec11ac339166b209e58,60.18203,24.91341,00000000342570c2,25.36
7022,2019-08-04T11:06:19Z,2724e42551f43106ea58a8fcc6a43953baa1294cd65e17a90012f706,60.17065,24.93641,000000000f4919c9,0.41
7023,2019-08-04T11:06:19Z,28741c2e5e348fe81dec0518a21c0930c98a25b6fcece61a262d50de,60.14699,24.922,00000000a53ed894,13.75
7024,2019-08-04T11:06:19Z,296a0ffe230305a3d37818a0369b56c99dacdd5df5a161bf238e1084,60.16762,24.95415,000000006b44cce7,7.69
7025,2019-08-04T11:06:19Z,2977d3c4f181abb6662adf1d466a62167e2690a9c94dc53e5aa6a904,60.16762,24.95415,000000006b44cce7,8.38
7026,2019-08-04T11:06:19Z,29f5adc4d67413b7d368e8e94a41cf48339e3f5f0903f660170c4fe8,60.17919,24.95181,000000007b5207b6,13.75
7027,2019-08-04T11:06:19Z,2a80aed2c40e7e70ca12152ac812abd79aa1d13efcec25a6d3395136,60.16762,24.95415,000000006b44cce7,9.12
7028,2019-08-04T11:06:19Z,2acbdfb5e555a9668c446767fc5d82728d254a45d17dff85e3342cb0,60.16629,24.95957,00000000fb7600be,21.87
7029,2019-08-04T11:06:19Z,2c85e4140ca0ba77c3598ceac05eb2c2342409ce8111c863fc58c606,60.16829,24.94214,00000000afef4555,2.54
7030,2019-08-04T11:06:19Z,2ccaeb30423977ff22b6afc29243b861b476a5f4ffafdf200d326d78,60.17002,24.94407,000000006b087f40,17.4
7031,2019-08-04T11:06:19Z,2de87ef94604fb63bec05eefb71b6cdd0b9807f8551159c2a35e7259,60.17065,24.93641,000000000f4919c9,9.12
7032,2019-08-04T11:06:19Z,2e6e6f89a7d75f0742d016de203c9acc8d6f6bdeb7b56bd12f482653,60.15432,24.9211,0000000019fb59c4,18.79
7033,2019-08-04T11:06:19Z,2f83e4cad2d924faecb3def25f54727f3e612bc5040c493dd6eccb1d,60.16897,24.95222,00000000aa852af1,23.56
7034,2019-08-04T11:06:19Z,2fe2e4165984d7880628aec591ce4747f18947da70312e6afca2946b,60.14699,24.922,00000000a53ed894,14.89
7035,2019-08-04T11:06:19Z,303e51dd6e5cca35a9f9f76fbe8ef97bd64a9dc6b4e965b1f74ca279,60.14699,24.922,00000000a53ed894,17.4
7036,2019-08-04T11:06:19Z,30bee351808d5e8082ce012b57f5bc0efc80f8394491a182e0eeee32,60.17918,24.95141,00000000675d5200,17.4
7037,2019-08-04T11:06:19Z,31659a798f1d780d587f07390c038a78fafa6cabb8180dba635863ce,60.17002,24.94407,000000006b087f40,12.69
7038,2019-08-04T11:06:19Z,3226c88241c6ac9d643c1843f44b6e5ee10df5f15a695e360582a9be,60.16829,24.94214,00000000afef4555,27.28
7039,2019-08-04T11:06:19Z,32f77f5019e5fce30881c214487361e2e34b8c93277f6e546de72012,60.1638,24.96846,00000000d747f075,23.56
7040,2019-08-04T11:06:19Z,33a5da4eacfc49fefa067790c9fada1a86d9793367ded845a46f0779,60.16829,24.94214,00000000afef4555,14.89
7041,2019-08-04T11:06:19Z,3417d8a6b53687e70f126ebeb1d26a2ff6369dc9a551c3c35c5a04f9,60.17002,24.94407,000000006b087f40,11.7
7042,2019-08-04T11:06:19Z,374083907dd8980893623726af5633afd59b519c885ad12ba5c674eb,60.17002,24.94407,000000006b087f40,6.46
7043,2019-08-04T11:06:19Z,386dea4944e0b83648b4b6faf510fd47b0e9e29a2bb9311fe8a80ee2,60.17918,24.95141,00000000675d5200,8.38
7044,2019-08-04T11:06:19Z,39e2f2a7b03cda9f877366363a3727edfefd16d2221e752dafc33634,60.17002,24.94407,000000006b087f40,25.36
7045,2019-08-04T11:06:19Z,3ac9d056b0f04f774b238a125eb996d46437f7a8c5f6ba6712e971cf,60.17918,24.95141,00000000675d5200,20.28
7046,2019-08-04T11:06:19Z,3ae1d5a2268ac1af52ba8b54fb28f81c00fa05884af8b8ca5e7e0e9a,60.16762,24.95415,000000006b44cce7,14.89
7047,2019-08-04T11:06:19Z,3b355c039877bd4883845f3fc6ad8dd6f41f170274042f1397585680,60.149,24.9843,00000000fffb8cf0,12.69
7048,2019-08-04T11:06:19Z,3b5030adc7c303403a6333a1a6d35474c2f21c1d20ece72180660423,60.14947,24.91438,000000004ef3150d,20.28
7049,2019-08-04T11:06:19Z,3bd8214bd5284efaf354ec2a0dd2847f6051ceaace6a2691ff085d3d,60.17065,24.93641,000000000f4919c9,10.78
7050,2019-08-04T11:06:19Z,3d30fee9b8d261e48f2751481d420879a4ae47073273d8ad4c3ffcda,60.16762,24.95415,000000006b44cce7,9.92
7051,2019-08-04T11:06:19Z,3f5d3aed90718f7fb8e8a13ac7002718cc22cbe190beb96821ba52e6,60.17065,24.93641,000000000f4919c9,14.89
7052,2019-08-04T11:06:19Z,3f67c6713a6cca446a46616c9970c7a2ddffb03f21e10c8ea9b2f380,60.16897,24.95222,00000000aa852af1,17.4
7053,2019-08-04T11:06:19Z,3fde075082af3062c2bebc5e09ad55bda3de70b5f492bdfb21f284c9,60.173,24.92524,0000000096918cfa,12.69
7054,2019-08-04T11:06:19Z,3fe4e214448b0c9a8dfbee81c347d82a8f0b26859201fb1d77f40fa9,60.16762,24.95415,000000006b44cce7,17.4
7055,2019-08-04T11:06:19Z,411febba567281e3da6030aa21191fe5efdd090f54aec41ca291563a,60.16897,24.95222,00000000aa852af1,25.36
7056,2019-08-04T11:06:19Z,418e60b0ee35b014e7a8a378f3491cf2333e2a022ba6ec632170228d,60.18203,24.91341,00000000342570c2,25.36
7057,2019-08-04T11:06:19Z,4259ea4be61641ef15bcf103aabbda808376b164c83d20d3be269e1d,60.17065,24.93641,000000000f4919c9,41.64
7058,2019-08-04T11:06:19Z,42d34a6c595760e51052178acc978bdb2b6348e0405f7b58c57f0915,60.16829,24.94214,00000000afef4555,27.28
7059,2019-08-04T11:06:19Z,4472fa277123afabdf2402fc2a3c5bff2be437e6d56b590278de70fc,60.17065,24.93641,000000000f4919c9,25.36
7060,2019-08-04T11:06:19Z,44cd8828dd4aa11ea599139af3d3aafbcd09ca0c2558f26ed1c72e17,60.14699,24.922,00000000a53ed894,12.69
7061,2019-08-04T11:06:19Z,44d01b24bde0f8031d7cf15bb66e661ad9bd92807f3213fabf920fa1,60.16762,24.95415,000000006b44cce7,3.74
7062,2019-08-04T11:06:19Z,4538bf4d0ca02f13fad76c46f7b34e72978c49b0cdfe4ea9fe151a50,60.16762,24.95415,000000006b44cce7,4.94
7063,2019-08-04T11:06:19Z,465eab28635efe98500085ceb161cf941d02272a0107fbbfb2203c29,60.16829,24.94214,00000000afef4555,12.69
7064,2019-08-04T11:06:19Z,46b576e18e757fc4ec008b41d3c28ec5415a2c2c2f143042e5413137,60.16762,24.95415,000000006b44cce7,11.7
7065,2019-08-04T11:06:19Z,47cd1dcac88434ffdc4b868e7f1d8d8a604700564bc83a7c0a3928be,60.16762,24.95415,000000006b44cce7,2.8
7066,2019-08-04T11:06:19Z,47f787c639f2eed345eb5dca409ffcd989850399a1ab781500dd6e82,60.17919,24.95181,000000007b5207b6,4.94
7067,2019-08-04T11:06:19Z,4833b1ea4f519407574f5a838d93a39de28c756c5f53de7ee273b577,60.14947,24.91438,000000004ef3150d,8.38
7068,2019-08-04T11:06:19Z,49084ae4b6419be9e7bb0c9b1420142e07d6ac3c17c07c26895461ed,60.16829,24.94214,00000000afef4555,17.4
7069,2019-08-04T11:06:19Z,49b391c05bd4e5231579392d798036a0139a8ea4e4d4509a7cb3901f,60.16829,24.94214,00000000afef4555,16.1
7070,2019-08-04T11:06:19Z,4a54cbed9c373a4136f8851f3f5736eb2fadd5766d316eb5ebbdd231,60.17919,24.95181,000000007b5207b6,14.89
7071,2019-08-04T11:06:19Z,4ae55b5046b30303930ee339fa9c70c922844d1bfe89a2e7180d53ad,60.16829,24.94214,00000000afef4555,10.78
7072,2019-08-04T11:06:19Z,4b5b3e8f2b484bc08b196c265f65c70151bd69f6263318eb29125db2,60.16829,24.94214,00000000afef4555,1.01
7073,2019-08-04T11:06:19Z,4cf634fc84e128c3b9bce07a4b726d136e18f0eea4229fdbb48f6db1,60.16897,24.95222,00000000aa852af1,17.4
7074,2019-08-04T11:06:19Z,4f64a0a452cd28e15e79c60cbb361761817de946431b04ad87c6d513,60.16897,24.95222,00000000aa852af1,27.28
7075,2019-08-04T11:06:19Z,4fb84ecf5d221439a3af3b68650b3b7dea1d1324213f3ea57669ead0,60.18203,24.91341,00000000342570c2,21.87
7076,2019-08-04T11:06:19Z,52daa31a2b3c1c07f78d96ebb4de3a965da5ef0a8035afbd0f7451fb,60.16531,24.9442,00000000fdda10fe,18.79
7077,2019-08-04T11:06:19Z,538f05c49f43aea0fda8bfcfd03d1ac2fc05b55d83fda538cd91e2a4,60.16762,24.95415,000000006b44cce7,9.92
7078,2019-08-04T11:06:19Z,541f330d2ded03609f551d02b8149da9cd07ee36aeee630f8fc9de8c,60.14699,24.922,00000000a53ed894,16.1
7079,2019-08-04T11:06:19Z,542a405b620e6d166ecc5eadd979b3936d831cea3aa7b75316adb4ca,60.16897,24.95222,00000000aa852af1,14.89
7080,2019-08-04T11:06:19Z,549e8785d3249c38e0c577947392ab324d318a5a9b125b5d03e023d2,60.17065,24.93641,000000000f4919c9,10.78
7081,2019-08-04T11:06:19Z,54d53f276563f566e1cd61b100408412cf78b4fe9fcada830aa6e23b,60.14947,24.91438,000000004ef3150d,10.78
7082,2019-08-04T11:06:19Z,5518b2315c236d486c7a5a4fc27c44987672b2f9a0751ffdaa9cbf78,60.16829,24.94214,00000000afef4555,17.4
7083,2019-08-04T11:06:19Z,55db840c0ab0998cc666beac96e2ebbb86074ce40799e791e7e7f299,60.16829,24.94214,00000000afef4555,25.36
7084,2019-08-04T11:06:19Z,56101419005237b836e4ed14d91dfa6f9edc4c92b5fcb419943897bb,60.16762,24.95415,000000006b44cce7,7.69
7085,2019-08-04T11:06:19Z,56318cc7f3616fceec2564cbb1f6ca8b88ea861935a1ada93aafd7b0,60.16897,24.95222,00000000aa852af1,21.87
7086,2019-08-04T11:06:19Z,565a35900ed1794a9d566f6fc12f2710875a10eb7c8e6fa0ddd92626,60.14699,24.922,00000000a53ed894,16.1
7087,2019-08-04T11:06:19Z,571934189bf349efb6f596e76c21612cf9b82ed44913090169936048,60.17065,24.93641,000000000f4919c9,11.7
7088,2019-08-04T11:06:19Z,586f70961bf72597ce00f89d3602178ecc6ac8838a8acec48bba7f9f,60.14699,24.922,00000000a53ed894,13.75
7089,2019-08-04T11:06:19Z,58ee8fd47328b1c696ec343920f2c0353d19a915924eb6f6f2638e56,60.16762,24.95415,000000006b44cce7,5.91
7090,2019-08-04T11:06:19Z,59b87e6921598d25b092b66e140328fa03c9f06fe4e697dd344f378a,60.17002,24.94407,000000006b087f40,21.87
7091,2019-08-04T11:06:19Z,5a6d2f34f7f677bf47ee3d08ac1371b3ad3d7f7f027685cf4740ab78,60.16762,24.95415,000000006b44cce7,14.89
7092,2019-08-04T11:06:19Z,5a755f0653ee0e334448418099ed85023db0a9984c280cfbadd74160,60.173,24.92524,0000000096918cfa,21.87
7093,2019-08-04T11:06:19Z,5b1df59a8f10fc0c1548e114caf6a457ff880d853d529f675372b0b0,60.16762,24.95415,000000006b44cce7,8.38
7094,2019-08-04T11:06:19Z,5b3d706018287c0b59ea341821814ec23f2ee7e3227bb79e3c2c1114,60.16762,24.95415,000000006b44cce7,11.7
7095,2019-08-04T11:06:19Z,5c404f374a48548bfe8b02859d12ae59c4ae608fae2139fd71ef51b1,60.16762,24.95415,000000006b44cce7,9.12
7096,2019-08-04T11:06:19Z,5d9aa6fcb0d81ceaa80ca13cc08a88138be517656646e0ba0942ce46,60.16897,24.95222,00000000aa852af1,12.69
7097,2019-08-04T11:06:19Z,6022019a95573b888ca7b3161da098935ea0ad7793437ee40a32a5f3,60.14699,24.922,00000000a53ed894,16.1
7098,2019-08-04T11:06:19Z,610d37641cb326502fe1981e6312ae786d40bfbdae28e94223958480,60.16762,24.95415,000000006b44cce7,10.78
7099,2019-08-04T11:06:19Z,62d86ee13e6ae7a5c41ffc2de746df72d4ef6e8d2b6a51ce1c68965f,60.16829,24.94214,00000000afef4555,10.78
7100,2019-08-04T11:06:19Z,62e27092b58abcaf80564c408d0d4a7b821abaee92dc2f02ccb11e61,60.16762,24.95415,000000006b44cce7,8.38
7101,2019-08-04T11:06:19Z,63e498fd789abe431cdf86f184a50616c85717e1efc893da1e1a2222,60.16897,24.95222,00000000aa852af1,18.79
7102,2019-08-04T11:06:19Z,64d10ef0926ecca987bad278990d966d8fac8775f03847d1f5a4a2f6,60.16762,24.95415,000000006b44cce7,11.7
7103,2019-08-04T11:06:19Z,66755836036c771e53ffd9d0dc09b8575231b53b80af22e868691a2a,60.14699,24.922,00000000a53ed894,2.08
7104,2019-08-04T11:06:19Z,67b49046c3bb96e9e2f8d9396871ed7976dd35efb6c386141325f95a,60.16897,24.95222,00000000aa852af1,20.28
7105,2019-08-04T11:06:19Z,69158bfbcf8399435cc52d623b530dc75089182b7ab05efb64e64021,60.15432,24.9211,0000000019fb59c4,20.28
7106,2019-08-04T11:06:19Z,69852d528034ea6fc746ed8942c32f1c90bc33a7a7317dfac3c9b1c1,60.14699,24.922,00000000a53ed894,3.74
7107,2019-08-04T11:06:19Z,69d8c906060e226ff0f0f7e78029575f2ee07ebec657a3b641419268,60.14699,24.922,00000000a53ed894,9.92
7108,2019-08-04T11:06:19Z,6ac1903c80e63433e4bc744dc0e801bff647117d38d3753fb9a6a4c1,60.173,24.92524,0000000096918cfa,16.1
7109,2019-08-04T11:06:19Z,6ac8fdd67b3dd11f0bae935f3a285880138382088238b97f511d3f12,60.16897,24.95222,00000000aa852af1,16.1
7110,2019-08-04T11:06:19Z,6c97da4ba9462e7fe786a472989dab23340d31809dd78d5617204da4,60.16829,24.94214,00000000afef4555,6.46
7111,2019-08-04T11:06:19Z,6d7107015847d88db09c55e259c3aae4f1dcc95e5d584f2bd957b113,60.16762,24.95415,000000006b44cce7,10.78
7112,2019-08-04T11:06:19Z,6e492dbc3f10157e7ff00826a839a97262ab36244ccc57b702a89999,60.16531,24.9442,00000000fdda10fe,13.75
7113,2019-08-04T11:06:19Z,6ed478b9924df6bb6e6abe0b376f750b2c4abd0bf4f3d32b71b07446,60.16829,24.94214,00000000afef4555,20.28
7114,2019-08-04T11:06:19Z,70865ff0fd32dc9fc73f25e929a40535a717664003e66c14224a9d90,60.16762,24.95415,000000006b44cce7,10.78
7115,2019-08-04T11:06:19Z,70ffae2b8178e0915c5de7816f8dd8bcc3af745ee49df8ac4da4adba,60.17918,24.95141,00000000675d5200,27.28
7116,2019-08-04T11:06:19Z,714e80a1e3c0fee43e312f314b2faec47e582ee8dac47e4818dbc2f9,60.149,24.9843,00000000fffb8cf0,14.89
7117,2019-08-04T11:06:19Z,71516fc8349cfaf2b5c4ab80ade6078494d93d13e9953af15e5ced30,60.18203,24.91341,00000000342570c2,17.4
7118,2019-08-04T11:06:19Z,71c1367c7dea4dfa243172e02b9092c7a0810bef003216681759891e,60.16897,24.95222,00000000aa852af1,20.28
7119,2019-08-04T11:06:19Z,730d975773cc8c9c07ff88fb87377ff64a961a96e9237e59859fa46f,60.16762,24.95415,000000006b44cce7,14.89
7120,2019-08-04T11:06:19Z,73257775caf47ed0b6087e34e505580151b27dd8f820943cd77bc3e1,60.16544,24.95398,0000000038d83d41,18.79
7121,2019-08-04T11:06:19Z,738973c9b5f9882f29075e47ca10e50ba3fb9883da779f41545175f4,60.17919,24.95181,000000007b5207b6,13.75
7122,2019-08-04T11:06:19Z,74c2ec2adc228e5b4979284d730fd2de698242f0f06d90f870b8cde6,60.16762,24.95415,000000006b44cce7,3.09
7123,2019-08-04T11:06:19Z,75062842e96b60c5ae6c51127f8160e69256c2eb1a6f33771f8f0bdb,60.16829,24.94214,00000000afef4555,31.5
7124,2019-08-04T11:06:19Z,7552783317be1ef797980c3a9ee9c5967d4e7b32765f23c51ffda02d,60.16897,24.95222,00000000aa852af1,11.7
7125,2019-08-04T11:06:19Z,7557ee524bf436bdc7611b9d6b04aa9605876ab1815612b143b5d2fe,60.16629,24.95957,00000000fb7600be,31.5
7126,2019-08-04T11:06:19Z,7563e2805259a5bf1add6d88075dae8642e8c22e0ecce584ac3e01cf,60.16829,24.94214,00000000afef4555,27.28
7127,2019-08-04T11:06:19Z,75d452cbba63995ad06213b577081e8db650c80b3a78060789a8e831,60.16762,24.95415,000000006b44cce7,7.69
7128,2019-08-04T11:06:19Z,79773ee1ebdf8252053d8ffb326b77bb05a7cdb76041102e73d3767c,60.16762,24.95415,000000006b44cce7,16.1
7129,2019-08-04T11:06:19Z,79bde23c1a8980f93a65e14306f0d8ea89e164430d8b991e2bfee82e,60.16531,24.9442,00000000fdda10fe,12.69
7130,2019-08-04T11:06:19Z,79f6ceff0d0fc6687b4982c4d38a9ebb0a1056b6e0c448b1b9e79e8e,60.16897,24.95222,00000000aa852af1,21.87
7131,2019-08-04T11:06:19Z,7afc351f0ed7619c18c64ab06971196bb53d53e2d460151ab711bc0f,60.16762,24.95415,000000006b44cce7,8.38
7132,2019-08-04T11:06:19Z,7b2adeea7d39fb3fbc75510b01ed9e4dcd0efb031e37d823ed621906,60.149,24.9843,00000000fffb8cf0,18.79
7133,2019-08-04T11:06:19Z,7ea276abbe2f1bfd85b2493f7b4c801189e673c0b4dc987d2c8e30dc,60.14699,24.922,00000000a53ed894,29.32
7134,2019-08-04T11:06:19Z,7eefc5581c616491b78192b28b519ba727dc884a87bc06b8df1ea4f2,60.14699,24.922,00000000a53ed894,18.79
7135,2019-08-04T11:06:19Z,7f546f0776433ed1b76ea74186c0aad95eca5439e6cefda07922ef14,60.16762,24.95415,000000006b44cce7,8.38
7136,2019-08-04T11:06:19Z,7f95126e2fe39b74b61f9df1002b58453d22fe79458cebfeed9b9982,60.16829,24.94214,00000000afef4555,13.75
7137,2019-08-04T11:06:19Z,80ffa6235c9fd84bd35d46706c7d0c4126ee0e241a070c5ae5f30d14,60.16762,24.95415,000000006b44cce7,12.69
7138,2019-08-04T11:06:19Z,822590bd49bcf7ed4de4f8389586915c343b29c4283ff8b90d7c1d39,60.17065,24.93641,000000000f4919c9,10.78
7139,2019-08-04T11:06:19Z,82ac749474448abac333d00869cb8b508872f86293913d95eae26a05,60.15432,24.9211,0000000019fb59c4,4.94
7140,2019-08-04T11:06:19Z,82cddd3b9f58762d36efe78da4e2722ee587cfdb3fdbc58b52673082,60.16629,24.95957,00000000fb7600be,21.87
7141,2019-08-04T11:06:19Z,844b8ad6ebf530978d1139d527a681991f4d3eed6be5bc723f0b2192,60.16531,24.9442,00000000fdda10fe,2.3
7142,2019-08-04T11:06:19Z,849d6a476563b352092dcda35e816833b571b7f630e7ff8617d9b7da,60.16829,24.94214,00000000afef4555,21.87
7143,2019-08-04T11:06:19Z,85b440c4e1125b1e2531499de3b19b82ae4b7eabb4d89c63c97fa83b,60.16829,24.94214,00000000afef4555,20.28
7144,2019-08-04T11:06:19Z,87ea10367f1569e575dc4bc60f0f4238eafb52ba8a2cc8e5e4584232,60.16829,24.94214,00000000afef4555,16.1
7145,2019-08-04T11:06:19Z,87f4cf4baea8c5dfe1bc7812cc969574058bd4d2dda215192bcfc53f,60.14699,24.922,00000000a53ed894,3.09
7146,2019-08-04T11:06:19Z,886032718e05487be8bd75bb14464814044c7edd7f9a2198304f6fb4,60.16629,24.95957,00000000fb7600be,17.4
7147,2019-08-04T11:06:19Z,89df1daad350e46d526e113019214d2e1a19d8f48da761bb3583399b,60.16762,24.95415,000000006b44cce7,9.12
7148,2019-08-04T11:06:19Z,8a7f5012c000c420f0a336a3988c72cf2b373818f4f3f369e994d8e4,60.16829,24.94214,00000000afef4555,21.87
7149,2019-08-04T11:06:19Z,8c4e4851db86ec4a3ce29a58be770eb29c38b9a983351bb67d781982,60.16897,24.95222,00000000aa852af1,20.28
7150,2019-08-04T11:06:19Z,8ca6cbf91a04db796810f40ee019369f331d79472e4acd09f75cbac8,60.16829,24.94214,00000000afef4555,14.89
7151,2019-08-04T11:06:19Z,8e32f03aa51152a06255173f7dc5aaa2c75cef6f6aa829bd51fea777,60.16762,24.95415,000000006b44cce7,7.69
7152,2019-08-04T11:06:19Z,8f3d9ab893ae4a48fd3417f3a749c21e792779990ae0ad75a8f211de,60.1538,24.95595,0000000038bf9618,36.27
7153,2019-08-04T11:06:19Z,8f7fec0a4f5d4eb0710dd40c356e0c82dbd9360772fade341a50ba37,60.14699,24.922,00000000a53ed894,25.36
7154,2019-08-04T11:06:19Z,90a7a2779a546d0a67f676fbd33964bfec098cc7d3c6617a5c0f6b88,60.16762,24.95415,000000006b44cce7,8.38
7155,2019-08-04T11:06:19Z,90b12d2b9898702fd62b343512e0d53796ae38decdf704e203a0cc39,60.16829,24.94214,00000000afef4555,13.75
7156,2019-08-04T11:06:19Z,91602a694bc74a2874ba7f02a7bae062a3a77cd869b86a74800415b8,60.17919,24.95181,000000007b5207b6,20.28
7157,2019-08-04T11:06:19Z,93272ad17155ea9499641eda7c5560691582116096278b82738ab21e,60.14699,24.922,00000000a53ed894,3.74
7158,2019-08-04T11:06:19Z,934bab75e2a2354910288b01c44fdfda4a87f92ac010109f641b3122,60.14699,24.922,00000000a53ed894,20.28
7159,2019-08-04T11:06:19Z,94ac9d6e79236013b9fa24e1c52123819228f6962b5952637ca80fcb,60.16762,24.95415,000000006b44cce7,7.05
7160,2019-08-04T11:06:19Z,951482f3e2e41b496e34885c346c4a7ab09427178119caa9b8bbcbb6,60.14947,24.91438,000000004ef3150d,10.78
7161,2019-08-04T11:06:19Z,9558753228fb3007f59382a0595018488e2e7430248f8824a5badb80,60.1638,24.96846,00000000d747f075,18.79
7162,2019-08-04T11:06:19Z,97490f522f1a0226c8f7e8ed7bca08dd71b63d80b46d38020127b868,60.14699,24.922,00000000a53ed894,9.92
7163,2019-08-04T11:06:19Z,998ac46ad73c197bab1f36dca67d8bcaa3aca92249185a5e3715043f,60.17065,24.93641,000000000f4919c9,20.28
7164,2019-08-04T11:06:19Z,9a49d0b5a67fba15ce8971503f6fea88994b33487a842397c5e8564f,60.16762,24.95415,000000006b44cce7,5.91
7165,2019-08-04T11:06:19Z,9aa588cb6f425117e45726b6b9adb7ef86c8f7c8113b547dc61f068a,60.16897,24.95222,00000000aa852af1,10.78
7166,2019-08-04T11:06:19Z,9ab0a60cb60531417ac6ec5ebc6ef591d2f39019c6b0bcb5a89101a2,60.14699,24.922,00000000a53ed894,6.46
7167,2019-08-04T11:06:19Z,9b17422199e594df512c6cda493d8fc5b5141741b2f804eb18016640,60.14699,24.922,00000000a53ed894,20.28
7168,2019-08-04T11:06:19Z,9b2a5c59007368ed7b26c0128d958f0ac43ab418eda263737da18bd6,60.17002,24.94407,000000006b087f40,20.28
7169,2019-08-04T11:06:19Z,9b4b0705e58750d2bcbd71ad65d85677f7e77db5dfe69d1a70b5d31f,60.17919,24.95181,000000007b5207b6,12.69
7170,2019-08-04T11:06:19Z,9bc91538b73e0220fcf5cd07290c07d56f6f48d3ba0ba6b6b0876da9,60.17065,24.93641,000000000f4919c9,23.56
7171,2019-08-04T11:06:19Z,9bef562c292174f1eb3933116effff74a8733a78e5c1df140de3fd6c,60.17919,24.95181,000000007b5207b6,10.78
7172,2019-08-04T11:06:19Z,9c0b1d2c4c67c07e547e810a94efeaaa1187ae82977e03748470281c,60.16897,24.95222,00000000aa852af1,17.4
7173,2019-08-04T11:06:19Z,9eb1e9bfdceb76ef852f89ebd82139602125f9731b791465e1c21f81,60.16829,24.94214,00000000afef4555,18.79
7174,2019-08-04T11:06:19Z,a1439b6683d0598c7a05080c3693a17c198f7b8c3297c77324ef4859,60.16829,24.94214,00000000afef4555,2.3
7175,2019-08-04T11:06:19Z,a20a11944d9440f1f8e4ea6262408f673f2a8380c4e13dda1a073d8d,60.16897,24.95222,00000000aa852af1,18.79
7176,2019-08-04T11:06:19Z,a25b897b52089b243421b68349d3f15e60ce8249d11c889a4626bfc7,60.18203,24.91341,00000000342570c2,23.56
7177,2019-08-04T11:06:19Z,a2f0adf51cb9d2a5417cc0797183513a8bbcecfbc717a1b63e42027d,60.16762,24.95415,000000006b44cce7,4.5
7178,2019-08-04T11:06:19Z,a30740fbf4b7e21f6fe2996e9325c90936de161cb2165e87cd96fd35,60.149,24.9843,00000000fffb8cf0,10.78
7179,2019-08-04T11:06:19Z,a3664d77633807788598dd8d4a7ba8caba2c31bfdcb6ba83651d4e7e,60.173,24.92524,0000000096918cfa,20.28
7180,2019-08-04T11:06:19Z,a50e0bb8fd1ad4ad264c3246b210a0c6285faae591c1bd2c2c3458af,60.16829,24.94214,00000000afef4555,16.1
7181,2019-08-04T11:06:19Z,a5d632ac8ffc19a626de034d3c9444fd262ee6edada285c816ea9266,60.16531,24.9442,00000000fdda10fe,5.91
7182,2019-08-04T11:06:19Z,a764c2246c85b2b0aa79e581e2fe238da93de098abbb90aee24c11ca,60.16829,24.94214,00000000afef4555,17.4
7183,2019-08-04T11:06:19Z,a81c19fb85eebf853246cdc4d8e38245dfa5ba15c180eaa1bcc0378d,60.16829,24.94214,00000000afef4555,8.38
7184,2019-08-04T11:06:19Z,a98fc06dc605583814a2aa182295b88f81657ef2daeee7aaec792e7c,60.16762,24.95415,000000006b44cce7,11.7
7185,2019-08-04T11:06:19Z,aa13e498edf9f46e910da649451b89f99f275d8fa16839b7bf158289,60.149,24.9843,00000000fffb8cf0,20.28
7186,2019-08-04T11:06:19Z,aa4547c0b6b8be30776e08d524ceeacfbc9930ad720e11fa4cb20882,60.16531,24.9442,00000000fdda10fe,1.01
7187,2019-08-04T11:06:19Z,aa45859d6157e9e86470ec8b81957acc35bafb1b7f419d79357a38cf,60.16829,24.94214,00000000afef4555,11.7
7188,2019-08-04T11:06:19Z,ab1377ddf669bb806f8db586f4ce5ab9f0f4257dda61fe800d8509f5,60.17065,24.93641,000000000f4919c9,20.28
7189,2019-08-04T11:06:19Z,ab6e8769f50a15ea5e0d64f48aaa12886b7599a18cc0eb071a21ae5f,60.16762,24.95415,000000006b44cce7,8.38
7190,2019-08-04T11:06:19Z,ab7697ba77150d46c95d1b02fef085ed91925d425393d8ad1097adcc,60.17002,24.94407,000000006b087f40,25.36
7191,2019-08-04T11:06:19Z,ac4679e3db131ec2ea8e1111c8aa0d71020cf8796ecb11f142478394,60.14947,24.91438,000000004ef3150d,5.41
7192,2019-08-04T11:06:19Z,ac921373f49635f5207c61b2f91377ca1cd682be527d3b5fbc78ed7b,60.16829,24.94214,00000000afef4555,20.28
7193,2019-08-04T11:06:19Z,acb3f63fe0879b2640a9d68a248a15f85777e30652945d7740bb95f4,60.16762,24.95415,000000006b44cce7,16.1
7194,2019-08-04T11:06:19Z,addc60a477245c1c33e3a627145e2a2971adf755bfcf8aef4c8c0f88,60.16897,24.95222,00000000aa852af1,20.28
7195,2019-08-04T11:06:19Z,ae3cda5066e455d4b1e58860e8fb7a35efad69b9964a676b476b0687,60.14947,24.91438,000000004ef3150d,6.46
7196,2019-08-04T11:06:19Z,b02a0be9ec3a2bb1acba16daee232202f9a06ac84e0dcc9a80dddf6a,60.16762,24.95415,000000006b44cce7,4.94
7197,2019-08-04T11:06:19Z,b0d6202ccd1560eaf57c06931cb6466332e41068ad2963e515819015,60.17918,24.95141,00000000675d5200,20.28
7198,2019-08-04T11:06:19Z,b2298fc6f63c02481610f9aef24f1a0c1711c255adc43c0fe135c1ca,60.14947,24.91438,000000004ef3150d,11.7
7199,2019-08-04T11:06:19Z,b26d0daac9f8fb84484cbd8ed668aeb6751e848b1c533a307d163360,60.16762,24.95415,000000006b44cce7,13.75
7200,2019-08-04T11:06:19Z,b3266ecf36a984b814e1b2d31b447438bd948a9c116721480104792f,60.16829,24.94214,00000000afef4555,16.1
7201,2019-08-04T11:06:19Z,b45b86eb670eb1db475921496e6d80468f5fe2819bf3eb58f1f58506,60.16762,24.95415,000000006b44cce7,10.78
7202,2019-08-04T11:06:19Z,b4c8900041e9f8751755d3940ceac58419e6370cd81cdb90d7800de1,60.14699,24.922,00000000a53ed894,20.28
7203,2019-08-04T11:06:19Z,b50b3c2006581bccfeaa9ea964649350c7d5b8177baa29a37e628584,60.14947,24.91438,000000004ef3150d,27.28
7204,2019-08-04T11:06:19Z,b59631b8902194c916f7d3ddcc02d4200a3de0380fa554d87e6856c0,60.17002,24.94407,000000006b087f40,12.69
7205,2019-08-04T11:06:19Z,b5cdbcdc30e0bf653ce353c867708b0067db5e394c8cbe848d978a77,60.14699,24.922,00000000a53ed894,8.38
7206,2019-08-04T11:06:19Z,b601cd655bb9f05aa6ec86fc9eb9300c3bc20bc0e856e94ad168a257,60.14947,24.91438,000000004ef3150d,7.69
7207,2019-08-04T11:06:19Z,b67f020b0677cdc52c864f559306fb750cdf47ce2eee6503a3cedb3a,60.16629,24.95957,00000000fb7600be,25.36
7208,2019-08-04T11:06:19Z,b81a9bf449d3e64ad0181804598330bbf305f384b888935023742c79,60.173,24.92524,0000000096918cfa,9.92
7209,2019-08-04T11:06:19Z,b8807fdb08fe9f136559a9fb3dc07c2df2758f38afbde8270b3812dd,60.16629,24.95957,00000000fb7600be,33.81
7210,2019-08-04T11:06:19Z,b8f5834e6b992cf5568ae3153fb4b07e97b7f6dd01250851134c1824,60.149,24.9843,00000000fffb8cf0,16.1
7211,2019-08-04T11:06:19Z,ba288a5fd2befbc9ed08e7876ad7cb2bd8bfe6f5756d2ffe8e2dc558,60.17002,24.94407,000000006b087f40,14.89
7212,2019-08-04T11:06:19Z,ba41edadb3a9722bc59efaca71897a33593d0f17301c4bf560fd23e1,60.16762,24.95415,000000006b44cce7,18.79
7213,2019-08-04T11:06:19Z,bbf7d8b9085ddcd3b94f55f93b52cb40a251c44f5df4099ba5b61471,60.16829,24.94214,00000000afef4555,14.89
7214,2019-08-04T11:06:19Z,bc07df8cc395f6f4f5d483b2233caca5f93a6918f346e4cc3702f8cc,60.16531,24.9442,00000000fdda10fe,23.56
7215,2019-08-04T11:06:19Z,bdc8bd416444be70683b3475302093428e4abe14284e9579617fe8ea,60.1638,24.96846,00000000d747f075,18.79
7216,2019-08-04T11:06:19Z,bf1bf5222ce141fbaa484d3bbf568d521b90699d69ec5fc413c9d716,60.17002,24.94407,000000006b087f40,18.79
7217,2019-08-04T11:06:19Z,bfd5c2630b36fde15de01ea74e598d035402cf1edb7c9230617927e0,60.16762,24.95415,000000006b44cce7,1.88
7218,2019-08-04T11:06:19Z,c012e9e2caf1002d24e53817bb1279becdfc4aa9dba085e93ddd88e9,60.17002,24.94407,000000006b087f40,27.28
7219,2019-08-04T11:06:19Z,c239e27b985c23449b6aa84b78560b1b4e535975f3ba059d7987efe4,60.16762,24.95415,000000006b44cce7,12.69
7220,2019-08-04T11:06:19Z,c23c5bcbe8e9baedf8556badfaa9369c235c6df24e3dc5de9be682a6,60.16762,24.95415,000000006b44cce7,16.1
7221,2019-08-04T11:06:19Z,c27fee8ae8d689338b043608280c83cfa6f3276d3837ecea5f742dc3,60.16762,24.95415,000000006b44cce7,8.38
7222,2019-08-04T11:06:19Z,c2cc33e5b1b8d254d4bcbc0ffa13c9200676a39a191cc31a38d28d8d,60.17065,24.93641,000000000f4919c9,12.69
7223,2019-08-04T11:06:19Z,c2d88bc74172eb47d26ee5d739980baa7fc011b9973f9f18b482aa81,60.17065,24.93641,000000000f4919c9,33.81
7224,2019-08-04T11:06:19Z,c2e135ad2c160277e290705658ac41d7cd35b11ebf61d829fdd0b428,60.14699,24.922,00000000a53ed894,5.41
7225,2019-08-04T11:06:19Z,c45e3c4e8ec0fc85457d3b4ed4c49ed0116b4cf447e2983f353abcd8,60.16829,24.94214,00000000afef4555,9.92
7226,2019-08-04T11:06:19Z,c55894159f2080031cda702c78ee54463c3c15ab1b3638afdf687f08,60.16531,24.9442,00000000fdda10fe,6.46
7227,2019-08-04T11:06:19Z,c6b0ea433c3fdc73e0bac7e3faa2690506c4e8ec7fc54210446a7ffa,60.14947,24.91438,000000004ef3150d,21.87
7228,2019-08-04T11:06:19Z,c739921adb150c53f1887c6ce887adc6cd7ae7e35e69f6e4dc52fe81,60.173,24.92524,0000000096918cfa,17.4
7229,2019-08-04T11:06:19Z,c7ced11121537f55bcd7d7ab67312226dafe7c85320c5357a35d5ab7,60.17002,24.94407,000000006b087f40,23.56
7230,2019-08-04T11:06:19Z,c8f8a7a901c692af2aec8031d27f0b7efc946f113895771f87fefe1c,60.14947,24.91438,000000004ef3150d,17.4
7231,2019-08-04T11:06:19Z,c990a15d27cfc21e63b7c96b95949254f1194e8b27118386a589e2bd,60.16897,24.95222,00000000aa852af1,17.4
7232,2019-08-04T11:06:19Z,ca9ba013f86583100bfa841287733d9985b9d5e28a116525c40a4b40,60.16762,24.95415,000000006b44cce7,9.12
7233,2019-08-04T11:06:19Z,cb2f32be2e27fc44ead887ff7f76c0199bf68b2c6711e6880f4acd01,60.16762,24.95415,000000006b44cce7,4.5
7234,2019-08-04T11:06:19Z,cc696789aed7ee6ea1dff48eae7da441c3a3ccb4f18ab60ba702c91f,60.16762,24.95415,000000006b44cce7,10.78
7235,2019-08-04T11:06:19Z,cd7d0e9404c9f4e8fab0742460b9acb4d5bbb97f44df80d4a8b973cd,60.17002,24.94407,000000006b087f40,5.91
7236,2019-08-04T11:06:19Z,cddbfc3b0a1459f0ea8d553779cf320d512cac6e64976182f2f0b3b7,60.16829,24.94214,00000000afef4555,13.75
7237,2019-08-04T11:06:19Z,d04b5065ec93818b731141027d11e6a1cf53de69b9737d7aea0c34da,60.14947,24.91438,000000004ef3150d,12.69
7238,2019-08-04T11:06:19Z,d2035ce81fa46947bdf02a20f297b2df4144c7c0931db02ab0164fa6,60.14947,24.91438,000000004ef3150d,38.87
7239,2019-08-04T11:06:19Z,d2e3bf982b10b2079eaa464127a286409c5030b21ffe9a2ce08bbb9c,60.16762,24.95415,000000006b44cce7,9.92
7240,2019-08-04T11:06:19Z,d4c9ea46d58288bf42808788e668072465d91dd3c874a8a51de5794e,60.16897,24.95222,00000000aa852af1,16.1
7241,2019-08-04T11:06:19Z,d6a8c97f1ec18c7a90d3beae358bad67f8d53626258a852e15b08c5d,60.14699,24.922,00000000a53ed894,8.38
7242,2019-08-04T11:06:19Z,d7aa19c5eb2ca99e11f5b1343216d25c1b6e026e10e4c5c281610f85,60.16075,24.95883,00000000f1124bca,27.28
7243,2019-08-04T11:06:19Z,d83c1c2d3a3876c948e277bace6d013eafc0c4e118958e138f8b1257,60.16448,24.97323,0000000053c6c2be,29.32
7244,2019-08-04T11:06:19Z,da2398acaae7f39c7b80c220d4e6917bdc7655f4c71b6e36d06cb859,60.18203,24.91341,00000000342570c2,23.56
7245,2019-08-04T11:06:19Z,dabb7edec36f560d07547c2595765be02b0731b3826f93f5c41b7120,60.16762,24.95415,000000006b44cce7,8.38
7246,2019-08-04T11:06:19Z,dc4043efe103db9ce55ad4d987a45cf9821cdc3e63cf7b15b6d48baf,60.16897,24.95222,00000000aa852af1,10.78
7247,2019-08-04T11:06:19Z,dc82f9648bb5ba21e766e0923f5fa7ca2d77662ab0edbe22a3d95631,60.14699,24.922,00000000a53ed894,8.38
7248,2019-08-04T11:06:19Z,de48adf9d49eb3bc1d61dea4047618f6c77086fc44bd2b535d56504d,60.16762,24.95415,000000006b44cce7,7.69
7249,2019-08-04T11:06:19Z,e01908a975abc95425179eadafdba31d371f1d64674c967686df87a3,60.149,24.9843,00000000fffb8cf0,20.28
7250,2019-08-04T11:06:19Z,e081e4b3252ca91bbf1cbb70faa116d60317fbf3a991a67bc99b4bfa,60.149,24.9843,00000000fffb8cf0,17.4
7251,2019-08-04T11:06:19Z,e0859a9c906151023376d86762070f38ba1b3859e671531b0edac6cd,60.16075,24.95883,00000000f1124bca,17.4
7252,2019-08-04T11:06:19Z,e1da87aea335bcd04e4c876158b96ebc7ba4206bc216c3aa27a2f4af,60.17919,24.95181,000000007b5207b6,3.4
7253,2019-08-04T11:06:19Z,e26862fdcdd4688d81b8fe05d1ac94c5f9b3192ddc50d4c66ad12cc1,60.16897,24.95222,00000000aa852af1,20.28
7254,2019-08-04T11:06:19Z,e29168791ccd18013b58845430388cc5aac537e7e1c618aeb78900a8,60.16897,24.95222,00000000aa852af1,17.4
7255,2019-08-04T11:06:19Z,e305610124e16ed1411a221b29ce69a076cc47982efd6c098b0599ab,60.14947,24.91438,000000004ef3150d,16.1
7256,2019-08-04T11:06:19Z,e32e078697e70d6e3cb4b156ada3a4756315227b125615d7b5c116a7,60.16762,24.95415,000000006b44cce7,2.8
7257,2019-08-04T11:06:19Z,e44d7228cecbdb2474e1cc396a6c13943f09c08c19d0ffab1997d509,60.17919,24.95181,000000007b5207b6,9.92
7258,2019-08-04T11:06:19Z,e53a901aed874016e1cd1ed3e9b2891fca850986cb2fa04f5162cf52,60.16762,24.95415,000000006b44cce7,3.09
7259,2019-08-04T11:06:19Z,e557e164cd52fd817b02cad6587a294d72b0974d9b014ad69ea5e08e,60.17918,24.95141,00000000675d5200,2.08
7260,2019-08-04T11:06:19Z,e5b9b4813c081a31fb498e7f9adb94918c267dfa125c63790c0d9488,60.149,24.9843,00000000fffb8cf0,16.1
7261,2019-08-04T11:06:19Z,e5e14952bf5e52bf1349479a58c0a97d702585889650948d94767608,60.16448,24.97323,0000000053c6c2be,18.79
7262,2019-08-04T11:06:19Z,e675f053b5e39f622f919daf44b8b27ec63646d34ce88f291a97158f,60.16762,24.95415,000000006b44cce7,20.28
7263,2019-08-04T11:06:19Z,e82fb1b58cd1d81fb46e1dca3b34ae603aa01acb01ef1d8a7178defc,60.16544,24.95398,0000000038d83d41,18.79
7264,2019-08-04T11:06:19Z,e9d59e25b58f33f70aad6832863cb59d7485ca55a1575558f92b74e7,60.16897,24.95222,00000000aa852af1,18.79
7265,2019-08-04T11:06:19Z,ea156c99dd8945ef87da4c332787a6202e9eedc69f726cafae8d3258,60.1538,24.95595,0000000038bf9618,25.36
7266,2019-08-04T11:06:19Z,ea3eef2f497e934d53c3a02bfa190abb42a24ce200d24c69598dbf84,60.16762,24.95415,000000006b44cce7,9.12
7267,2019-08-04T11:06:19Z,eb09e242059d315d7f929b7befadc641eeddb95492babe81030cbabc,60.16829,24.94214,00000000afef4555,29.32
7268,2019-08-04T11:06:19Z,eb261026c6f65b651ddf21bed629a1e164cfb500d0b78062704ec15c,60.16762,24.95415,000000006b44cce7,5.41
7269,2019-08-04T11:06:19Z,ec485175d2b7a2c53d03bf546aee134c116d998976601b069570c6f9,60.14699,24.922,00000000a53ed894,11.7
7270,2019-08-04T11:06:19Z,eca1a609c675d971fcfba4277d230ccdc2de7805c629b1f5da9cc224,60.173,24.92524,0000000096918cfa,20.28
7271,2019-08-04T11:06:19Z,ecb1735f180422ec69f041cd2782a26c9f07d27a87893b3c30aaa9b7,60.16075,24.95883,00000000f1124bca,3.74
7272,2019-08-04T11:06:19Z,ecb5655da668bb183a5c270a96927649c323975e318184d248247099,60.16829,24.94214,00000000afef4555,8.38
7273,2019-08-04T11:06:19Z,ecf13e9d610ad235409932d263110fd52c69d0f5f39e9ffd3ad8b740,60.16897,24.95222,00000000aa852af1,23.56
7274,2019-08-04T11:06:19Z,ede13c9dc221bbc6c1daf78250fa6547303c06d7606c05ba0bf64547,60.17919,24.95181,000000007b5207b6,7.05
7275,2019-08-04T11:06:19Z,ef15ff71b7dc4c2088249a4fca7e28900ae315245a7a3b4d571bf582,60.16829,24.94214,00000000afef4555,4.94
7276,2019-08-04T11:06:19Z,ef33ccdfcdb12920eabb3306e0f86dc7e6060a5d3864b03e2de7e1ef,60.16897,24.95222,00000000aa852af1,18.79
7277,2019-08-04T11:06:19Z,ef45fdc095ee55730384922266d8fce61de212d3c3df2441ea10e524,60.14947,24.91438,000000004ef3150d,14.89
7278,2019-08-04T11:06:19Z,ef5e495c5f9d3dd9eb22ed5b8faf1cc9e4225d4785ebb26a87d16fff,60.14699,24.922,00000000a53ed894,8.38
7279,2019-08-04T11:06:19Z,f11c02cbebb4049a29f10d2ee6aac8a9ca3b7b9609a39d69463461a1,60.17065,24.93641,000000000f4919c9,20.28
7280,2019-08-04T11:06:19Z,f196f5f8c08299d290b3bac1944e00bb1f2c90594db66438b0c10e6e,60.16629,24.95957,00000000fb7600be,16.1
7281,2019-08-04T11:06:19Z,f1d44b9d3710849eba7eab0b6646053378aa5f8ee3491ec2522f3c44,60.14947,24.91438,000000004ef3150d,29.32
7282,2019-08-04T11:06:19Z,f2467c8ede6444941158701b7bd9d005beec9ffdb355ce2d8c7a9bfd,60.149,24.9843,00000000fffb8cf0,25.36
7283,2019-08-04T11:06:19Z,f43b8b2cf2c0bd291543858796d75b211d283ab73dcab5ad5dfd0aeb,60.16897,24.95222,00000000aa852af1,7.05
7284,2019-08-04T11:06:19Z,f4537d3a0c1408b022793f60b53e651b2eac6640fa66b9248338e815,60.16762,24.95415,000000006b44cce7,3.4
7285,2019-08-04T11:06:19Z,f5ffa3dbcdd5592ac31344cb04a7a6d639109a4d6e196fa0df3990dd,60.17065,24.93641,000000000f4919c9,17.4
7286,2019-08-04T11:06:19Z,f616fbd0fde8316049c3068ae4368dc9f486f8da4bf5516e9ba82578,60.16897,24.95222,00000000aa852af1,7.05
7287,2019-08-04T11:06:19Z,f65653d90604ec5056682852700fbaf1379932745358f71dd7a94809,60.16897,24.95222,00000000aa852af1,33.81
7288,2019-08-04T11:06:19Z,f756416830b046336a677173f34b00e83412904998e92cfb4ebe207d,60.16762,24.95415,000000006b44cce7,18.79
7289,2019-08-04T11:06:19Z,f78ef2ddbe48b534137498eab56c0a55ec0e0b1d8868e82cb5652a0e,60.14699,24.922,00000000a53ed894,5.91
7290,2019-08-04T11:06:19Z,fa1579394f4980e1fe11248f7be4e646b601a3d8cdb9361f182d066c,60.16762,24.95415,000000006b44cce7,10.78
7291,2019-08-04T11:06:19Z,fbccaff441d52a5aeba79ca785ef499aa8ce201503787c329885a565,60.16897,24.95222,00000000aa852af1,20.28
7292,2019-08-04T11:06:19Z,ffb7319984ecae155652e100da9b204f0b92f3b6c7239cfea4dcf966,60.14699,24.922,00000000a53ed894,7.69
7293,2019-08-04T11:06:20Z,004c3624f943830bc6a9f17173a2cd0996622cade5184ad2b9fba729,60.16897,24.95222,00000000aa852af1,7.05
7294,2019-08-04T11:06:20Z,048a4191e2e9ce1733556eda54c4123345c70aeced0f8ecf7d52b916,60.14699,24.922,00000000a53ed894,13.75
7295,2019-08-04T11:06:20Z,1142f5b6806b1ec7d8d47d47013eb530d8a7418f6934d8867b20966a,60.16829,24.94214,00000000afef4555,17.4
7296,2019-08-04T11:06:20Z,126e7fa4dd9205201617bdc0c7c346bfb57e1a75d3d7d3d9c260d51b,60.16629,24.95957,00000000fb7600be,18.79
7297,2019-08-04T11:06:20Z,128f1b89d7a534aa206a7823b692594bbd4d349761baa04c0fc72f2c,60.14947,24.91438,000000004ef3150d,9.92
7298,2019-08-04T11:06:20Z,14c7e1511b70f4dd3359cbece1377aebb4d70531f5489eefe53d7c3c,60.16544,24.95398,0000000038d83d41,23.56
7299,2019-08-04T11:06:20Z,16c994bb2e24124a910c247376d16e980a65626a94c4c0aaab27df60,60.16829,24.94214,00000000afef4555,31.5
7300,2019-08-04T11:06:20Z,198d6432c579dae0d7ddda6591eb377ca6c01888de802f89ab84b98a,60.16544,24.95398,0000000038d83d41,29.32
7301,2019-08-04T11:06:20Z,1bba37ee9376f8052f3606bb777546c2c4d1e84dad7afd93d4cffa45,60.16762,24.95415,000000006b44cce7,14.89
7302,2019-08-04T11:06:20Z,1ddfadfcde2c7ea6c4ea3aaf980f213a916deacd4c0909c96717ebc9,60.16762,24.95415,000000006b44cce7,29.32
7303,2019-08-04T11:06:20Z,25a7ff811c3c06e426c7c2cbb0433d9a2a3399b23afecbd35584ab0f,60.18203,24.91341,00000000342570c2,12.69
7304,2019-08-04T11:06:20Z,269109af99b12861eeb19ab8698033d9c00895687da47af3f4310e9d,60.16762,24.95415,000000006b44cce7,12.69
7305,2019-08-04T11:06:20Z,29016fc5853bb802e42e93eb5fd98882d64029327d793a2f2335b9e4,60.16829,24.94214,00000000afef4555,6.46
7306,2019-08-04T11:06:20Z,32dd92b5a658392a4ec84eaf95152ee72258b6b0fb670b97882ac902,60.16829,24.94214,00000000afef4555,17.4
7307,2019-08-04T11:06:20Z,3fe5f4ccfa5c777ceafda0674d7c9da6f509f6694b4c2fa254b32e73,60.16897,24.95222,00000000aa852af1,18.79
7308,2019-08-04T11:06:20Z,43b676ed3aef4c2d8846694817e76117873be52e7f788e0cb366c1c4,60.16629,24.95957,00000000fb7600be,21.87
7309,2019-08-04T11:06:20Z,44d0b94469070803869f229601e877beb613c3f5aafa009addf97a1a,60.16544,24.95398,0000000038d83d41,21.87
7310,2019-08-04T11:06:20Z,4656bad9b5e6dfc3977eca308fc1db3dbf8b0204b90d09b001da242e,60.1638,24.96846,00000000d747f075,25.36
7311,2019-08-04T11:06:20Z,5d65719c4cbf045f068d084b72302f447d5fd034413d97d13be00d0e,60.18203,24.91341,00000000342570c2,18.79
7312,2019-08-04T11:06:20Z,5eed115a984d490b02b602d73787aee8dc8c4e9365b77fbff3818a76,60.16629,24.95957,00000000fb7600be,23.56
7313,2019-08-04T11:06:20Z,69219e9efa41ae9e732653e9eaf08e1a34cb853a9dafe76ddeea4d04,60.16897,24.95222,00000000aa852af1,17.4
7314,2019-08-04T11:06:20Z,6a70e2fbced719333e21eff04fcb9cb36bae9a04d1a3d6ddd96f2c58,60.15432,24.9211,0000000019fb59c4,13.75
7315,2019-08-04T11:06:20Z,6f06341f358e61699fe1e55e986dd0554bc8da28b91daf0c5ad99db6,60.16629,24.95957,00000000fb7600be,23.56
7316,2019-08-04T11:06:20Z,79f136afa0dd8717337c01c70b457c464aaf0fa25b440f51a394ec23,60.16762,24.95415,000000006b44cce7,11.7
7317,2019-08-04T11:06:20Z,7b86b21e27718933d3208d5e25607c06d83191230a570a61f8b8a40f,60.16762,24.95415,000000006b44cce7,21.87
7318,2019-08-04T11:06:20Z,87dfaad29a9276ddddb1fa021d3bc23ad14824c1af16f7d87e713689,60.14951,24.92138,0000000006dd41f6,9.92
7319,2019-08-04T11:06:20Z,88808fe92573e9cdf022cc15b9689b6b4b9429f60513c8897b0ba4c7,60.16897,24.95222,00000000aa852af1,16.1
7320,2019-08-04T11:06:20Z,89982a6acf91b79a282a6b63978e946ee205f303fcd20e944e06baf0,60.16544,24.95398,0000000038d83d41,23.56
7321,2019-08-04T11:06:20Z,8c3b1ed0846e38cc84b863a80540c8a75bfd85c8bdda36563d153110,60.16544,24.95398,0000000038d83d41,29.32
7322,2019-08-04T11:06:20Z,8c75c3289c84fe4493e1e272a77b615fe1985880c5dc68a7c1a17b53,60.16762,24.95415,000000006b44cce7,18.79
7323,2019-08-04T11:06:20Z,92aae21a6e0dd2ff71fc591b64e878502bd4677b64ac413632e9f7c6,60.149,24.9843,00000000fffb8cf0,20.28
7324,2019-08-04T11:06:20Z,9843c6216661048343a0e49cf3d8aa2883cf77f452666a1c873a1052,60.16448,24.97323,0000000053c6c2be,11.7
7325,2019-08-04T11:06:20Z,9992834418850939882f3b334eee492eb98d4f9d6d6118f9ee108793,60.16762,24.95415,000000006b44cce7,3.09
7326,2019-08-04T11:06:20Z,9c8556ea519835172f09c20e7688066eeec8e7f74a0c6fa3df3d9c5f,60.16829,24.94214,00000000afef4555,17.4
7327,2019-08-04T11:06:20Z,a13e5d46f0a2d1c6b58878e1b198905e9b14e3a85b5e4adab88b4b87,60.16762,24.95415,000000006b44cce7,14.89
7328,2019-08-04T11:06:20Z,a3a31741155775d55b54ebdadfeb5700066d864d782da9cdd605349c,60.14951,24.92138,0000000006dd41f6,29.32
7329,2019-08-04T11:06:20Z,a3ac0c56798bab080308706d388196f95a4896e18acadc434f3237b1,60.16829,24.94214,00000000afef4555,23.56
7330,2019-08-04T11:06:20Z,a91d379a4b57c5df22db0d7a041ff69f657b4b31f28554b1011fc03c,60.16544,24.95398,0000000038d83d41,33.81
7331,2019-08-04T11:06:20Z,b936e41d8712ae967f3ebb413fc44f060bb10613f95537757886ede2,60.16762,24.95415,000000006b44cce7,8.38
7332,2019-08-04T11:06:20Z,bca443064699e0ac05c40e587aef06d7fd580817e739133a501490bc,60.14699,24.922,00000000a53ed894,18.79
7333,2019-08-04T11:06:20Z,c40c37def6bf11a63a2556519a7c6233fd417cdeea2cf14f28e7c42c,60.16531,24.9442,00000000fdda10fe,36.27
7334,2019-08-04T11:06:20Z,c97eb4181394121907d47b908495f54e5ee5145ff790f7a1dc21b3cf,60.16897,24.95222,00000000aa852af1,12.69
7335,2019-08-04T11:06:20Z,ca6927628f5ddda20036865c9345ad93d476d62ade3b181de568eed6,60.16897,24.95222,00000000aa852af1,18.79
7336,2019-08-04T11:06:20Z,cf05623e4d87ce0906c0b0b7dbf53aacc1228016cd27c341228b6e76,60.18203,24.91341,00000000342570c2,18.79
7337,2019-08-04T11:06:20Z,cfc0bedb78ded52749db3188cb188bf6a250ef5990da9c5afa9623fc,60.14951,24.92138,0000000006dd41f6,23.56
7338,2019-08-04T11:06:20Z,dbeb00942457ba3c5fb1984b57b1dedb268c0e761e80729b939f1fd8,60.16544,24.95398,0000000038d83d41,18.79
7339,2019-08-04T11:06:20Z,e224ae5ea47af2e3048f83b13a1f45dc135c0ca6be72547b01729086,60.1538,24.95595,0000000038bf9618,31.5
7340,2019-08-04T11:06:20Z,e8e366e76c97944e23c0f80b4fd3ce6e5832744922297146a49f0c7e,60.16762,24.95415,000000006b44cce7,16.1
7341,2019-08-04T11:06:20Z,e96bd269a48b822b06141c3362fcb6d5ed4d0d09a120f2e4a712d5c2,60.16897,24.95222,00000000aa852af1,23.56
7342,2019-08-04T11:06:20Z,ed70dda6b7faebd4340dacdb452ab224d9d3c308df417b7fa76f54e8,60.14951,24.92138,0000000006dd41f6,25.36
7343,2019-08-04T11:06:20Z,f088630d7476dae7d4b7e2bb1f10575f2c89acb4b6e061f3d57c2b40,60.16531,24.9442,00000000fdda10fe,27.28
7344,2019-08-04T11:06:20Z,f31cfded6f566f9c032c80c52ea642407be312c5d42521ab7a8d3e2a,60.16897,24.95222,00000000aa852af1,20.28
7345,2019-08-04T11:06:20Z,f405a7c4a3a4339f8e3f7e552f6492d6eed76f7d08c54943286213de,60.16762,24.95415,000000006b44cce7,11.7
7346,2019-08-04T11:06:20Z,fc4f3a44235f1cfc7b53f14ba2da599976a5a0a220d23b852688e485,60.17919,24.95181,000000007b5207b6,13.75
7347,2019-08-04T11:06:20Z,007540b1ada16f6000987e20cd81a3deb18b2aea4cb95b50e099dcee,60.17065,24.93641,000000000f4919c9,4.94
7348,2019-08-04T11:06:20Z,0236a1d5b9b9d2249407a79705eee38de360ceb0530a8959ba5bc15b,60.149,24.9843,00000000fffb8cf0,9.92
7349,2019-08-04T11:06:20Z,02a354db29cd5bc16976a9d933e03a41be350f9cc78098829a7dcfd4,60.14947,24.91438,000000004ef3150d,20.28
7350,2019-08-04T11:06:20Z,0625280cf414aa015aa8b4d504d6fc74879a1144b913e254fec5db9d,60.16762,24.95415,000000006b44cce7,8.38
7351,2019-08-04T11:06:20Z,0656a0c0a353f164b57fbdd9e648d71fab429964d97ed07ab2c5dc30,60.18203,24.91341,00000000342570c2,18.79
7352,2019-08-04T11:06:20Z,08833115ba0f62666fee594662c171563759459bb5f65ffdfeaeaed1,60.18203,24.91341,00000000342570c2,17.4
7353,2019-08-04T11:06:20Z,08b10b51864dc039f0a07c997e66e7a263ee1cde5b0b88b2a1178c58,60.16829,24.94214,00000000afef4555,27.28
7354,2019-08-04T11:06:20Z,090b22feb90861d0c5c272812dfebe1f4f5efec2238fb9556f23e5a6,60.16762,24.95415,000000006b44cce7,9.92
7355,2019-08-04T11:06:20Z,0a949aafc0be15c68d73a5dd186d726aa6b921f44303a712ac6ddcb8,60.16762,24.95415,000000006b44cce7,5.91
7356,2019-08-04T11:06:20Z,0b45b52bc137c31ce83561c857f809296ec70f5537976a4a4d573d4f,60.16829,24.94214,00000000afef4555,9.92
7357,2019-08-04T11:06:20Z,0b49dcea1b7eab22f4ebd0c7666ded5b59fe092b8bdd4aa9eda6326d,60.16762,24.95415,000000006b44cce7,2.8
7358,2019-08-04T11:06:20Z,0c959027ce302054b09087cac97a83aa7e24fb9e4fa2710763f912cb,60.16829,24.94214,00000000afef4555,3.4
7359,2019-08-04T11:06:20Z,0d2490ed58c11eb4a754a30cc4bcb21c7243d322a2caf7cc360e4e8c,60.17065,24.93641,000000000f4919c9,25.36
7360,2019-08-04T11:06:20Z,0dc12f22306d5f6622fc786011f32f1961a5f94018be9c2236fb2e52,60.14699,24.922,00000000a53ed894,18.79
7361,2019-08-04T11:06:20Z,0e113c5ed3abcdfb31d27c3125f6cf01e3b96e4ed7eca1aaea855f77,60.14947,24.91438,000000004ef3150d,14.89
7362,2019-08-04T11:06:20Z,0e9170bc93107bf16cd12839eca9ea157f19169d66085e8a435b0f1d,60.16762,24.95415,000000006b44cce7,6.46
7363,2019-08-04T11:06:20Z,1067b041807277ecf9cea5b55c265a37808239544e559e2cfdfcb3ce,60.16762,24.95415,000000006b44cce7,7.69
7364,2019-08-04T11:06:20Z,1107822441d53ff89eb9cb0d022a37202aed47bd82dca4bc175d6837,60.16762,24.95415,000000006b44cce7,10.78
7365,2019-08-04T11:06:20Z,117b6ba38be2f875c85c9c048106db4d2dbce58629a807d7d7773b6c,60.16762,24.95415,000000006b44cce7,21.87
7366,2019-08-04T11:06:20Z,118cffafccf902fa0dea50f220191f4eb7938f02c841bd3952fa3484,60.16762,24.95415,000000006b44cce7,10.78
7367,2019-08-04T11:06:20Z,11b6ec760b383bc648fce19c3d385ee5af92e27297f5c8f5bbc75a0c,60.16762,24.95415,000000006b44cce7,27.28
7368,2019-08-04T11:06:20Z,1327ce24f157334f864f913637993c80380ce5f5c911e4b0d31c5eb7,60.149,24.9843,00000000fffb8cf0,4.11
7369,2019-08-04T11:06:20Z,13b0a8ca1414d7b2b0e8d5f80069a5d26c6f62a68b58eda25a4b85f4,60.16829,24.94214,00000000afef4555,5.91
7370,2019-08-04T11:06:20Z,1556d4a76070c26554efa12b4b9c53766a4cc394e8b74ee37f2fff65,60.17065,24.93641,000000000f4919c9,18.79
7371,2019-08-04T11:06:20Z,182e58bd6c3c8d836225d454a878bc55d8ed5166564a22f8b635f6ff,60.14947,24.91438,000000004ef3150d,13.75
7372,2019-08-04T11:06:20Z,18adae8b6603c177e817d1e3b9ec79fcc0292682660b31bebc965a23,60.16762,24.95415,000000006b44cce7,12.69
7373,2019-08-04T11:06:20Z,1921be9815a57f11f291ca085add7b4bf1d044518b03b725df7cf7d5,60.149,24.9843,00000000fffb8cf0,11.7
7374,2019-08-04T11:06:20Z,1a06b5f7f305badd45e93db9d86d76ed3a2a96ec55ec47c836921e3e,60.16762,24.95415,000000006b44cce7,10.78
7375,2019-08-04T11:06:20Z,1a623175e52f0b1da44bc24027c8d374dbd7710157b6a78e417b7cda,60.16762,24.95415,000000006b44cce7,18.79
7376,2019-08-04T11:06:20Z,1a9a0f74c353624c42c19c007e82c9c2547b7285d8353d0e375e3f05,60.14699,24.922,00000000a53ed894,7.69
7377,2019-08-04T11:06:20Z,1c8c3befa38b65f707dd4933a68e5e3c9e7c82592fd382779127416b,60.16897,24.95222,00000000aa852af1,14.89
7378,2019-08-04T11:06:20Z,1ce242f8d8220cd38bf3ea9138c99ae9b2f79b28e68edb864f090ec9,60.149,24.9843,00000000fffb8cf0,17.4
7379,2019-08-04T11:06:20Z,1f3c0c25584dec03a1a14bcca7512f3e83afd49569b548df92464d33,60.16829,24.94214,00000000afef4555,20.28
7380,2019-08-04T11:06:20Z,1fa2c533bba37b249a0105001153733e67a559d40c22cab67f135f64,60.14947,24.91438,000000004ef3150d,5.41
7381,2019-08-04T11:06:20Z,221dba1f7562b992e9c11d7d1331a44ac293bc301248736c8432deb2,60.16762,24.95415,000000006b44cce7,17.4
7382,2019-08-04T11:06:20Z,227b93698b29687beea48184f42aab63a21fa362af7251be32db2e15,60.16531,24.9442,00000000fdda10fe,1.88
7383,2019-08-04T11:06:20Z,23786c82e2641aed0e0b004658480a212bf0397568e914487819045c,60.16897,24.95222,00000000aa852af1,16.1
7384,2019-08-04T11:06:20Z,23b4a8c7918ca417eab83481a710fd544e1fa8bf7073b5955c0155c8,60.14699,24.922,00000000a53ed894,14.89
7385,2019-08-04T11:06:20Z,23b7c1b09dfbcbf722a4c48303dd0435cf9885a516d5eebb6538844f,60.16762,24.95415,000000006b44cce7,13.75
7386,2019-08-04T11:06:20Z,2671a156fa8d8bb05970481c8f83bcf9f261f73dae27f2bb9ac88aeb,60.14699,24.922,00000000a53ed894,11.7
7387,2019-08-04T11:06:20Z,2724e42551f43106ea58a8fcc6a43953baa1294cd65e17a90012f706,60.17065,24.93641,000000000f4919c9,0.34
7388,2019-08-04T11:06:20Z,277125506ba4ea1afb2c696256b262e0708d43c30c769a1d4a382a76,60.16762,24.95415,000000006b44cce7,9.12
7389,2019-08-04T11:06:20Z,28741c2e5e348fe81dec0518a21c0930c98a25b6fcece61a262d50de,60.14699,24.922,00000000a53ed894,18.79
7390,2019-08-04T11:06:20Z,287efdea27da0267d97513fe63338184c94be003b02880135e0d80fe,60.16762,24.95415,000000006b44cce7,31.5
7391,2019-08-04T11:06:20Z,29f5adc4d67413b7d368e8e94a41cf48339e3f5f0903f660170c4fe8,60.17919,24.95181,000000007b5207b6,14.89
7392,2019-08-04T11:06:20Z,2acbdfb5e555a9668c446767fc5d82728d254a45d17dff85e3342cb0,60.16629,24.95957,00000000fb7600be,16.1
7393,2019-08-04T11:06:20Z,2b340ca3416f2ba214d44853ad0495223a557eb6b61baca53fd7dc54,60.16829,24.94214,00000000afef4555,17.4
7394,2019-08-04T11:06:20Z,2c85e4140ca0ba77c3598ceac05eb2c2342409ce8111c863fc58c606,60.16829,24.94214,00000000afef4555,0.34
7395,2019-08-04T11:06:20Z,2d0349a4148a147b05e00cd46c137dd208ba2a8ce9327b493615f1a6,60.16829,24.94214,00000000afef4555,25.36
7396,2019-08-04T11:06:20Z,2de87ef94604fb63bec05eefb71b6cdd0b9807f8551159c2a35e7259,60.17065,24.93641,000000000f4919c9,5.41
7397,2019-08-04T11:06:20Z,2e6e6f89a7d75f0742d016de203c9acc8d6f6bdeb7b56bd12f482653,60.15432,24.9211,0000000019fb59c4,29.32
7398,2019-08-04T11:06:20Z,2f83e4cad2d924faecb3def25f54727f3e612bc5040c493dd6eccb1d,60.16897,24.95222,00000000aa852af1,23.56
7399,2019-08-04T11:06:20Z,2fe2e4165984d7880628aec591ce4747f18947da70312e6afca2946b,60.14699,24.922,00000000a53ed894,18.79
7400,2019-08-04T11:06:20Z,30bee351808d5e8082ce012b57f5bc0efc80f8394491a182e0eeee32,60.17919,24.95181,000000007b5207b6,21.87
7401,2019-08-04T11:06:20Z,30e2c525f8832184fad0b47169ed6a3fd60dd6fff1b3bd4077311e16,60.14699,24.922,00000000a53ed894,18.79
7402,2019-08-04T11:06:20Z,31449757caa5e658401f680b0e48a16ac560226471234a914cef5119,60.16897,24.95222,00000000aa852af1,25.36
7403,2019-08-04T11:06:20Z,31659a798f1d780d587f07390c038a78fafa6cabb8180dba635863ce,60.17002,24.94407,000000006b087f40,12.69
7404,2019-08-04T11:06:20Z,3226c88241c6ac9d643c1843f44b6e5ee10df5f15a695e360582a9be,60.16829,24.94214,00000000afef4555,9.92
7405,2019-08-04T11:06:20Z,33a5da4eacfc49fefa067790c9fada1a86d9793367ded845a46f0779,60.16829,24.94214,00000000afef4555,7.69
7406,2019-08-04T11:06:20Z,3417d8a6b53687e70f126ebeb1d26a2ff6369dc9a551c3c35c5a04f9,60.17002,24.94407,000000006b087f40,16.1
7407,2019-08-04T11:06:20Z,35f337dd3baf0bc08002ec007d609b685ac29bb2a8bcad6783532a6b,60.16829,24.94214,00000000afef4555,11.7
7408,2019-08-04T11:06:20Z,374083907dd8980893623726af5633afd59b519c885ad12ba5c674eb,60.17002,24.94407,000000006b087f40,21.87
7409,2019-08-04T11:06:20Z,386dea4944e0b83648b4b6faf510fd47b0e9e29a2bb9311fe8a80ee2,60.17918,24.95141,00000000675d5200,9.12
7410,2019-08-04T11:06:20Z,39c75ec87b1dbd9865939b27695811070c5256630eeaebbe35743986,60.16829,24.94214,00000000afef4555,25.36
7411,2019-08-04T11:06:20Z,3a99c82401592912ce0efb9bb37f30551e0d738e669fac87aa6771dd,60.16762,24.95415,000000006b44cce7,21.87
7412,2019-08-04T11:06:20Z,3ac85712ab657e849113d439795c4e7325d1025cacdbd9a41174b031,60.17002,24.94407,000000006b087f40,31.5
7413,2019-08-04T11:06:20Z,3ac9d056b0f04f774b238a125eb996d46437f7a8c5f6ba6712e971cf,60.17918,24.95141,00000000675d5200,8.38
7414,2019-08-04T11:06:20Z,3b355c039877bd4883845f3fc6ad8dd6f41f170274042f1397585680,60.149,24.9843,00000000fffb8cf0,13.75
7415,2019-08-04T11:06:20Z,3b5030adc7c303403a6333a1a6d35474c2f21c1d20ece72180660423,60.14947,24.91438,000000004ef3150d,14.89
7416,2019-08-04T11:06:20Z,3bd8214bd5284efaf354ec2a0dd2847f6051ceaace6a2691ff085d3d,60.17065,24.93641,000000000f4919c9,18.79
7417,2019-08-04T11:06:20Z,3d30fee9b8d261e48f2751481d420879a4ae47073273d8ad4c3ffcda,60.16762,24.95415,000000006b44cce7,11.7
7418,2019-08-04T11:06:20Z,3f5d3aed90718f7fb8e8a13ac7002718cc22cbe190beb96821ba52e6,60.17065,24.93641,000000000f4919c9,27.28
7419,2019-08-04T11:06:20Z,3fde075082af3062c2bebc5e09ad55bda3de70b5f492bdfb21f284c9,60.173,24.92524,0000000096918cfa,9.92
7420,2019-08-04T11:06:20Z,3fe4e214448b0c9a8dfbee81c347d82a8f0b26859201fb1d77f40fa9,60.16762,24.95415,000000006b44cce7,8.38
7421,2019-08-04T11:06:20Z,40d64df305477f26745a445a97098d36570a8e02616b93a3f562bb21,60.16629,24.95957,00000000fb7600be,21.87
7422,2019-08-04T11:06:20Z,4259ea4be61641ef15bcf103aabbda808376b164c83d20d3be269e1d,60.17065,24.93641,000000000f4919c9,41.64
7423,2019-08-04T11:06:20Z,439ff6b8ff9dc79d47e223164a87fc2d620f29bc7ea1bc7ea4c5cc58,60.16897,24.95222,00000000aa852af1,18.79
7424,2019-08-04T11:06:20Z,44703b8dd01d3bd79585c9c7e12217e1ac152f86e2b0c9ed6be4bc19,60.16544,24.95398,0000000038d83d41,16.1
7425,2019-08-04T11:06:20Z,4472fa277123afabdf2402fc2a3c5bff2be437e6d56b590278de70fc,60.17065,24.93641,000000000f4919c9,23.56
7426,2019-08-04T11:06:20Z,448f6044c6c095d8c71341a0017dd6746f6e150f03af7c78b794308f,60.16762,24.95415,000000006b44cce7,9.92
7427,2019-08-04T11:06:20Z,44cd8828dd4aa11ea599139af3d3aafbcd09ca0c2558f26ed1c72e17,60.14699,24.922,00000000a53ed894,5.91
7428,2019-08-04T11:06:20Z,4538bf4d0ca02f13fad76c46f7b34e72978c49b0cdfe4ea9fe151a50,60.16762,24.95415,000000006b44cce7,8.38
7429,2019-08-04T11:06:20Z,465eab28635efe98500085ceb161cf941d02272a0107fbbfb2203c29,60.16829,24.94214,00000000afef4555,16.1
7430,2019-08-04T11:06:20Z,46b81e0dd10fe05195c050bacd41d57feeca0e044b6b317ac22a8656,60.16762,24.95415,000000006b44cce7,12.69
7431,2019-08-04T11:06:20Z,47cd1dcac88434ffdc4b868e7f1d8d8a604700564bc83a7c0a3928be,60.16762,24.95415,000000006b44cce7,5.91
7432,2019-08-04T11:06:20Z,47f787c639f2eed345eb5dca409ffcd989850399a1ab781500dd6e82,60.17919,24.95181,000000007b5207b6,4.94
7433,2019-08-04T11:06:20Z,4800d49ec59e1cde34360defcce4c2a0c6a58919303c1fe6fdebceec,60.16762,24.95415,000000006b44cce7,7.69
7434,2019-08-04T11:06:20Z,4831311b6d19ecce7981d060fe0971ac961bdfa5a006de633cd38a95,60.16531,24.9442,00000000fdda10fe,38.87
7435,2019-08-04T11:06:20Z,4833b1ea4f519407574f5a838d93a39de28c756c5f53de7ee273b577,60.14947,24.91438,000000004ef3150d,8.38
7436,2019-08-04T11:06:20Z,49084ae4b6419be9e7bb0c9b1420142e07d6ac3c17c07c26895461ed,60.16829,24.94214,00000000afef4555,23.56
7437,2019-08-04T11:06:20Z,4954540aca30f8f56f918178fbd53ee48ddef7a231d425061f6b2f6f,60.18203,24.91341,00000000342570c2,23.56
7438,2019-08-04T11:06:20Z,49b391c05bd4e5231579392d798036a0139a8ea4e4d4509a7cb3901f,60.16829,24.94214,00000000afef4555,8.38
7439,2019-08-04T11:06:20Z,49d6f6bd5878bfac30a67fe92d1501b5b09cab38ab2b35b661902f0d,60.14947,24.91438,000000004ef3150d,12.69
7440,2019-08-04T11:06:20Z,4a54cbed9c373a4136f8851f3f5736eb2fadd5766d316eb5ebbdd231,60.17919,24.95181,000000007b5207b6,7.69
7441,2019-08-04T11:06:20Z,4a912b6c106b63933a8c9cc39598823bcb2c94d4b1cc8a5d55cb3972,60.16829,24.94214,00000000afef4555,18.79
7442,2019-08-04T11:06:20Z,4b5b3e8f2b484bc08b196c265f65c70151bd69f6263318eb29125db2,60.16829,24.94214,00000000afef4555,3.09
7443,2019-08-04T11:06:20Z,4cf634fc84e128c3b9bce07a4b726d136e18f0eea4229fdbb48f6db1,60.16897,24.95222,00000000aa852af1,17.4
7444,2019-08-04T11:06:20Z,4d31b0561dbfc9ef5acbd44ba92acb4ca7bad86b948634f005173ece,60.14699,24.922,00000000a53ed894,16.1
7445,2019-08-04T11:06:20Z,4f64a0a452cd28e15e79c60cbb361761817de946431b04ad87c6d513,60.16897,24.95222,00000000aa852af1,25.36
7446,2019-08-04T11:06:20Z,51789c3026ccfe7e846e44fcd833d006941c2789b9693c77df5a7c98,60.16762,24.95415,000000006b44cce7,3.09
7447,2019-08-04T11:06:20Z,52daa31a2b3c1c07f78d96ebb4de3a965da5ef0a8035afbd0f7451fb,60.16531,24.9442,00000000fdda10fe,18.79
7448,2019-08-04T11:06:20Z,52eb34f627a67270166fbf3dbbc7e4896d09b0a5da2e95d29fb7021d,60.16762,24.95415,000000006b44cce7,16.1
7449,2019-08-04T11:06:20Z,541f330d2ded03609f551d02b8149da9cd07ee36aeee630f8fc9de8c,60.14699,24.922,00000000a53ed894,21.87
7450,2019-08-04T11:06:20Z,542a405b620e6d166ecc5eadd979b3936d831cea3aa7b75316adb4ca,60.16897,24.95222,00000000aa852af1,11.7
7451,2019-08-04T11:06:20Z,549e8785d3249c38e0c577947392ab324d318a5a9b125b5d03e023d2,60.17065,24.93641,000000000f4919c9,12.69
7452,2019-08-04T11:06:20Z,54d53f276563f566e1cd61b100408412cf78b4fe9fcada830aa6e23b,60.14947,24.91438,000000004ef3150d,9.92
7453,2019-08-04T11:06:20Z,5518b2315c236d486c7a5a4fc27c44987672b2f9a0751ffdaa9cbf78,60.16829,24.94214,00000000afef4555,17.4
7454,2019-08-04T11:06:20Z,55db840c0ab0998cc666beac96e2ebbb86074ce40799e791e7e7f299,60.16829,24.94214,00000000afef4555,23.56
7455,2019-08-04T11:06:20Z,56318cc7f3616fceec2564cbb1f6ca8b88ea861935a1ada93aafd7b0,60.16897,24.95222,00000000aa852af1,17.4
7456,2019-08-04T11:06:20Z,571934189bf349efb6f596e76c21612cf9b82ed44913090169936048,60.17065,24.93641,000000000f4919c9,10.78
7457,2019-08-04T11:06:20Z,584cb0b0cdd14e608c8b57c8aecc9826f9b40027e365e2438a444ea2,60.16762,24.95415,000000006b44cce7,12.69
7458,2019-08-04T11:06:20Z,586f70961bf72597ce00f89d3602178ecc6ac8838a8acec48bba7f9f,60.14699,24.922,00000000a53ed894,17.4
7459,2019-08-04T11:06:20Z,59b87e6921598d25b092b66e140328fa03c9f06fe4e697dd344f378a,60.17002,24.94407,000000006b087f40,20.28
7460,2019-08-04T11:06:20Z,5a755f0653ee0e334448418099ed85023db0a9984c280cfbadd74160,60.173,24.92524,0000000096918cfa,23.56
7461,2019-08-04T11:06:20Z,5b1df59a8f10fc0c1548e114caf6a457ff880d853d529f675372b0b0,60.16762,24.95415,000000006b44cce7,8.38
7462,2019-08-04T11:06:20Z,5b3d706018287c0b59ea341821814ec23f2ee7e3227bb79e3c2c1114,60.16762,24.95415,000000006b44cce7,10.78
7463,2019-08-04T11:06:20Z,5c0e674c99f4d1f59ebbc19c40fcd1c888315e3fc3d263f6d20576f1,60.16629,24.95957,00000000fb7600be,33.81
7464,2019-08-04T11:06:20Z,5d9aa6fcb0d81ceaa80ca13cc08a88138be517656646e0ba0942ce46,60.16897,24.95222,00000000aa852af1,11.7
7465,2019-08-04T11:06:20Z,5f3c118283debaff79aa5ba3531ee60ed7acde83ed3e687f88762385,60.16762,24.95415,000000006b44cce7,16.1
7466,2019-08-04T11:06:20Z,5f5805a3ffd092506452c4d45ea8fc037ae23ea726f0b0809ca6ffde,60.16829,24.94214,00000000afef4555,31.5
7467,2019-08-04T11:06:20Z,60f982521b3cf63a23ce97156f686572b3c936ebe5a76c0d78269fd9,60.16762,24.95415,000000006b44cce7,10.78
7468,2019-08-04T11:06:20Z,6138e6ab3e1e74425af8945a6fcc294c1469a0b9c448b780bcf9d2e2,60.14699,24.922,00000000a53ed894,20.28
7469,2019-08-04T11:06:20Z,62e27092b58abcaf80564c408d0d4a7b821abaee92dc2f02ccb11e61,60.16762,24.95415,000000006b44cce7,8.38
7470,2019-08-04T11:06:20Z,63e498fd789abe431cdf86f184a50616c85717e1efc893da1e1a2222,60.16897,24.95222,00000000aa852af1,18.79
7471,2019-08-04T11:06:20Z,64d10ef0926ecca987bad278990d966d8fac8775f03847d1f5a4a2f6,60.16762,24.95415,000000006b44cce7,13.75
7472,2019-08-04T11:06:20Z,66755836036c771e53ffd9d0dc09b8575231b53b80af22e868691a2a,60.14699,24.922,00000000a53ed894,2.08
7473,2019-08-04T11:06:20Z,69852d528034ea6fc746ed8942c32f1c90bc33a7a7317dfac3c9b1c1,60.14699,24.922,00000000a53ed894,11.7
7474,2019-08-04T11:06:20Z,69d8c906060e226ff0f0f7e78029575f2ee07ebec657a3b641419268,60.14699,24.922,00000000a53ed894,16.1
7475,2019-08-04T11:06:20Z,6a611aaa1fa77baf03191f0143c2a00dd06c9730c67d30c1eb06afcc,60.16762,24.95415,000000006b44cce7,10.78
7476,2019-08-04T11:06:20Z,6ac1903c80e63433e4bc744dc0e801bff647117d38d3753fb9a6a4c1,60.173,24.92524,0000000096918cfa,18.79
7477,2019-08-04T11:06:20Z,6ac8fdd67b3dd11f0bae935f3a285880138382088238b97f511d3f12,60.16897,24.95222,00000000aa852af1,25.36
7478,2019-08-04T11:06:20Z,6c97da4ba9462e7fe786a472989dab23340d31809dd78d5617204da4,60.16829,24.94214,00000000afef4555,9.92
7479,2019-08-04T11:06:20Z,6e2fbf091d5c86667e060d7ec44f48f0f5d7b1d55b1899f2939f247a,60.16762,24.95415,000000006b44cce7,13.75
7480,2019-08-04T11:06:20Z,6e492dbc3f10157e7ff00826a839a97262ab36244ccc57b702a89999,60.16531,24.9442,00000000fdda10fe,5.41
7481,2019-08-04T11:06:20Z,700c14fe35186c01f82d0f13e99678e0c1db2b2fd58051b08fda606a,60.16448,24.97323,0000000053c6c2be,41.64
7482,2019-08-04T11:06:20Z,70ffae2b8178e0915c5de7816f8dd8bcc3af745ee49df8ac4da4adba,60.17918,24.95141,00000000675d5200,14.89
7483,2019-08-04T11:06:20Z,714e80a1e3c0fee43e312f314b2faec47e582ee8dac47e4818dbc2f9,60.149,24.9843,00000000fffb8cf0,16.1
7484,2019-08-04T11:06:20Z,71516fc8349cfaf2b5c4ab80ade6078494d93d13e9953af15e5ced30,60.18203,24.91341,00000000342570c2,12.69
7485,2019-08-04T11:06:20Z,738973c9b5f9882f29075e47ca10e50ba3fb9883da779f41545175f4,60.17919,24.95181,000000007b5207b6,6.46
7486,2019-08-04T11:06:20Z,7484ecf89e24efb4a366562730f7341391f930dad7b216184022d0da,60.173,24.92524,0000000096918cfa,17.4
7487,2019-08-04T11:06:20Z,7552783317be1ef797980c3a9ee9c5967d4e7b32765f23c51ffda02d,60.16897,24.95222,00000000aa852af1,17.4
7488,2019-08-04T11:06:20Z,75d452cbba63995ad06213b577081e8db650c80b3a78060789a8e831,60.16762,24.95415,000000006b44cce7,10.78
7489,2019-08-04T11:06:20Z,7afc351f0ed7619c18c64ab06971196bb53d53e2d460151ab711bc0f,60.16762,24.95415,000000006b44cce7,9.92
7490,2019-08-04T11:06:20Z,7bb434564bd2430d4e1fff5a245098d487317d3e7e7edde956307d45,60.14951,24.92138,0000000006dd41f6,20.28
7491,2019-08-04T11:06:20Z,7c55ecf165387948602e82b684a55be093691849fde2d96ad6574475,60.17065,24.93641,000000000f4919c9,14.89
7492,2019-08-04T11:06:20Z,7de4ba54f0d667a69cb0b6d625856bc6b040f51a42f91beae366a269,60.16762,24.95415,000000006b44cce7,9.92
7493,2019-08-04T11:06:20Z,7e78b2348d9576c63ebb626030ee9d43e2bf07e860782adf3f1c452b,60.16829,24.94214,00000000afef4555,13.75
7494,2019-08-04T11:06:20Z,7e9880612b626be1f70a0b9cd9309b4081df8dda1d9f0e8c531d75a7,60.16897,24.95222,00000000aa852af1,21.87
7495,2019-08-04T11:06:20Z,7eefc5581c616491b78192b28b519ba727dc884a87bc06b8df1ea4f2,60.14699,24.922,00000000a53ed894,23.56
7496,2019-08-04T11:06:20Z,7f546f0776433ed1b76ea74186c0aad95eca5439e6cefda07922ef14,60.16762,24.95415,000000006b44cce7,14.89
7497,2019-08-04T11:06:20Z,7f95126e2fe39b74b61f9df1002b58453d22fe79458cebfeed9b9982,60.16829,24.94214,00000000afef4555,10.78
7498,2019-08-04T11:06:20Z,822590bd49bcf7ed4de4f8389586915c343b29c4283ff8b90d7c1d39,60.17065,24.93641,000000000f4919c9,16.1
7499,2019-08-04T11:06:20Z,82a5e8b842d83fbf5e1d3f07e6f2c9b546baf7c98e903f891847e11f,60.15432,24.9211,0000000019fb59c4,29.32
7500,2019-08-04T11:06:20Z,82ac749474448abac333d00869cb8b508872f86293913d95eae26a05,60.15432,24.9211,0000000019fb59c4,7.05
7501,2019-08-04T11:06:20Z,82cddd3b9f58762d36efe78da4e2722ee587cfdb3fdbc58b52673082,60.16629,24.95957,00000000fb7600be,12.69
7502,2019-08-04T11:06:20Z,844b8ad6ebf530978d1139d527a681991f4d3eed6be5bc723f0b2192,60.16531,24.9442,00000000fdda10fe,1.88
7503,2019-08-04T11:06:20Z,87ee2ae24a1a0871184580c39a1c79955cbf954947f0ee24252c7302,60.18203,24.91341,00000000342570c2,17.4
7504,2019-08-04T11:06:20Z,87f4cf4baea8c5dfe1bc7812cc969574058bd4d2dda215192bcfc53f,60.14699,24.922,00000000a53ed894,3.74
7505,2019-08-04T11:06:20Z,886032718e05487be8bd75bb14464814044c7edd7f9a2198304f6fb4,60.16629,24.95957,00000000fb7600be,23.56
7506,2019-08-04T11:06:20Z,89df1daad350e46d526e113019214d2e1a19d8f48da761bb3583399b,60.16762,24.95415,000000006b44cce7,10.78
7507,2019-08-04T11:06:20Z,8a7f5012c000c420f0a336a3988c72cf2b373818f4f3f369e994d8e4,60.16829,24.94214,00000000afef4555,17.4
7508,2019-08-04T11:06:20Z,8c4e4851db86ec4a3ce29a58be770eb29c38b9a983351bb67d781982,60.16897,24.95222,00000000aa852af1,12.69
7509,2019-08-04T11:06:20Z,8ca6cbf91a04db796810f40ee019369f331d79472e4acd09f75cbac8,60.16829,24.94214,00000000afef4555,20.28
7510,2019-08-04T11:06:20Z,8e32f03aa51152a06255173f7dc5aaa2c75cef6f6aa829bd51fea777,60.16762,24.95415,000000006b44cce7,10.78
7511,2019-08-04T11:06:20Z,8f3d9ab893ae4a48fd3417f3a749c21e792779990ae0ad75a8f211de,60.1538,24.95595,0000000038bf9618,29.32
7512,2019-08-04T11:06:20Z,8f998d0e47a5fb2e84c8dcffb4a33ca4adeaf8db93423df171988c1e,60.16629,24.95957,00000000fb7600be,17.4
7513,2019-08-04T11:06:20Z,90b12d2b9898702fd62b343512e0d53796ae38decdf704e203a0cc39,60.16829,24.94214,00000000afef4555,17.4
7514,2019-08-04T11:06:20Z,90d134ab0f878e1794222e35c3a25d43ac72d7d223f4335192273817,60.16762,24.95415,000000006b44cce7,23.56
7515,2019-08-04T11:06:20Z,91602a694bc74a2874ba7f02a7bae062a3a77cd869b86a74800415b8,60.17919,24.95181,000000007b5207b6,20.28
7516,2019-08-04T11:06:20Z,92df20d921f76c63470e3f5afbe201d3ae15f5133f66c291db796082,60.16629,24.95957,00000000fb7600be,23.56
7517,2019-08-04T11:06:20Z,93272ad17155ea9499641eda7c5560691582116096278b82738ab21e,60.14699,24.922,00000000a53ed894,8.38
7518,2019-08-04T11:06:20Z,94ac9d6e79236013b9fa24e1c52123819228f6962b5952637ca80fcb,60.16762,24.95415,000000006b44cce7,9.92
7519,2019-08-04T11:06:20Z,951482f3e2e41b496e34885c346c4a7ab09427178119caa9b8bbcbb6,60.14947,24.91438,000000004ef3150d,17.4
7520,2019-08-04T11:06:20Z,9558753228fb3007f59382a0595018488e2e7430248f8824a5badb80,60.1638,24.96846,00000000d747f075,21.87
7521,2019-08-04T11:06:20Z,97490f522f1a0226c8f7e8ed7bca08dd71b63d80b46d38020127b868,60.14699,24.922,00000000a53ed894,31.5
7522,2019-08-04T11:06:20Z,998ac46ad73c197bab1f36dca67d8bcaa3aca92249185a5e3715043f,60.17065,24.93641,000000000f4919c9,16.1
7523,2019-08-04T11:06:20Z,9a49d0b5a67fba15ce8971503f6fea88994b33487a842397c5e8564f,60.16762,24.95415,000000006b44cce7,4.5
7524,2019-08-04T11:06:20Z,9aa588cb6f425117e45726b6b9adb7ef86c8f7c8113b547dc61f068a,60.16897,24.95222,00000000aa852af1,7.69
7525,2019-08-04T11:06:20Z,9ab0a60cb60531417ac6ec5ebc6ef591d2f39019c6b0bcb5a89101a2,60.14699,24.922,00000000a53ed894,21.87
7526,2019-08-04T11:06:20Z,9b17422199e594df512c6cda493d8fc5b5141741b2f804eb18016640,60.14699,24.922,00000000a53ed894,27.28
7527,2019-08-04T11:06:20Z,9b24f69458294d27d07a0169665965135fd02f4c953f85bcebf4ba87,60.16762,24.95415,000000006b44cce7,9.92
7528,2019-08-04T11:06:20Z,9b4b0705e58750d2bcbd71ad65d85677f7e77db5dfe69d1a70b5d31f,60.17919,24.95181,000000007b5207b6,13.75
7529,2019-08-04T11:06:20Z,9bc91538b73e0220fcf5cd07290c07d56f6f48d3ba0ba6b6b0876da9,60.17065,24.93641,000000000f4919c9,31.5
7530,2019-08-04T11:06:20Z,9bef562c292174f1eb3933116effff74a8733a78e5c1df140de3fd6c,60.17919,24.95181,000000007b5207b6,9.92
7531,2019-08-04T11:06:20Z,9c0b1d2c4c67c07e547e810a94efeaaa1187ae82977e03748470281c,60.16897,24.95222,00000000aa852af1,17.4
7532,2019-08-04T11:06:20Z,9eb1e9bfdceb76ef852f89ebd82139602125f9731b791465e1c21f81,60.16829,24.94214,00000000afef4555,7.05
7533,2019-08-04T11:06:20Z,a1439b6683d0598c7a05080c3693a17c198f7b8c3297c77324ef4859,60.16829,24.94214,00000000afef4555,0.34
7534,2019-08-04T11:06:20Z,a25b897b52089b243421b68349d3f15e60ce8249d11c889a4626bfc7,60.18203,24.91341,00000000342570c2,20.28
7535,2019-08-04T11:06:20Z,a30740fbf4b7e21f6fe2996e9325c90936de161cb2165e87cd96fd35,60.149,24.9843,00000000fffb8cf0,14.89
7536,2019-08-04T11:06:20Z,a3664d77633807788598dd8d4a7ba8caba2c31bfdcb6ba83651d4e7e,60.173,24.92524,0000000096918cfa,20.28
7537,2019-08-04T11:06:20Z,a44eda7b8ec58e1cd7c078a73c4da7fb0037d59453aa6bfe69b7cbdd,60.16762,24.95415,000000006b44cce7,6.46
7538,2019-08-04T11:06:20Z,a488d8700d0761c51d771677bb82a9a5bbb86e97e0d5835aeff65d2b,60.16629,24.95957,00000000fb7600be,29.32
7539,2019-08-04T11:06:20Z,a50e0bb8fd1ad4ad264c3246b210a0c6285faae591c1bd2c2c3458af,60.16829,24.94214,00000000afef4555,10.78
7540,2019-08-04T11:06:20Z,a51a9aab75637e56bef3effddc420dfcd95b8cbd85d95917aaac38d5,60.16762,24.95415,000000006b44cce7,8.38
7541,2019-08-04T11:06:20Z,a6ad4305e4e49cc67b63665ffb182e72c67646f3554a9aedcd188b67,60.16829,24.94214,00000000afef4555,31.5
7542,2019-08-04T11:06:20Z,a7cc1a0b8bbb896ef55043e385a939c97fd5cfaf6d43a4db6c720076,60.16762,24.95415,000000006b44cce7,14.89
7543,2019-08-04T11:06:20Z,a81c19fb85eebf853246cdc4d8e38245dfa5ba15c180eaa1bcc0378d,60.16829,24.94214,00000000afef4555,12.69
7544,2019-08-04T11:06:20Z,aa4547c0b6b8be30776e08d524ceeacfbc9930ad720e11fa4cb20882,60.16531,24.9442,00000000fdda10fe,2.54
7545,2019-08-04T11:06:20Z,aa45859d6157e9e86470ec8b81957acc35bafb1b7f419d79357a38cf,60.16829,24.94214,00000000afef4555,13.75
7546,2019-08-04T11:06:20Z,ab1377ddf669bb806f8db586f4ce5ab9f0f4257dda61fe800d8509f5,60.17065,24.93641,000000000f4919c9,21.87
7547,2019-08-04T11:06:20Z,ab6e8769f50a15ea5e0d64f48aaa12886b7599a18cc0eb071a21ae5f,60.16762,24.95415,000000006b44cce7,7.69
7548,2019-08-04T11:06:20Z,ac4679e3db131ec2ea8e1111c8aa0d71020cf8796ecb11f142478394,60.14947,24.91438,000000004ef3150d,5.91
7549,2019-08-04T11:06:20Z,addc60a477245c1c33e3a627145e2a2971adf755bfcf8aef4c8c0f88,60.16897,24.95222,00000000aa852af1,21.87
7550,2019-08-04T11:06:20Z,ae3cda5066e455d4b1e58860e8fb7a35efad69b9964a676b476b0687,60.14947,24.91438,000000004ef3150d,3.74
7551,2019-08-04T11:06:20Z,b0d6202ccd1560eaf57c06931cb6466332e41068ad2963e515819015,60.17918,24.95141,00000000675d5200,25.36
7552,2019-08-04T11:06:20Z,b2298fc6f63c02481610f9aef24f1a0c1711c255adc43c0fe135c1ca,60.14947,24.91438,000000004ef3150d,9.12
7553,2019-08-04T11:06:20Z,b3266ecf36a984b814e1b2d31b447438bd948a9c116721480104792f,60.16829,24.94214,00000000afef4555,20.28
7554,2019-08-04T11:06:20Z,b45b86eb670eb1db475921496e6d80468f5fe2819bf3eb58f1f58506,60.16762,24.95415,000000006b44cce7,16.1
7555,2019-08-04T11:06:20Z,b4c8900041e9f8751755d3940ceac58419e6370cd81cdb90d7800de1,60.14699,24.922,00000000a53ed894,20.28
7556,2019-08-04T11:06:20Z,b50b3c2006581bccfeaa9ea964649350c7d5b8177baa29a37e628584,60.14947,24.91438,000000004ef3150d,23.56
7557,2019-08-04T11:06:20Z,b59631b8902194c916f7d3ddcc02d4200a3de0380fa554d87e6856c0,60.17002,24.94407,000000006b087f40,8.38
7558,2019-08-04T11:06:20Z,b5cdbcdc30e0bf653ce353c867708b0067db5e394c8cbe848d978a77,60.14699,24.922,00000000a53ed894,8.38
7559,2019-08-04T11:06:20Z,b5f80d159e59c4558e49ea6fb68f6bc72ee9eb92bee60991bdf4e46f,60.16762,24.95415,000000006b44cce7,8.38
7560,2019-08-04T11:06:20Z,b601cd655bb9f05aa6ec86fc9eb9300c3bc20bc0e856e94ad168a257,60.14947,24.91438,000000004ef3150d,6.46
7561,2019-08-04T11:06:20Z,b81a9bf449d3e64ad0181804598330bbf305f384b888935023742c79,60.173,24.92524,0000000096918cfa,31.5
7562,2019-08-04T11:06:20Z,b81e65168ea3278486b1c954ab229bc2eda3fe07098e824f05cd0ac4,60.149,24.9843,00000000fffb8cf0,27.28
7563,2019-08-04T11:06:20Z,b8f5834e6b992cf5568ae3153fb4b07e97b7f6dd01250851134c1824,60.149,24.9843,00000000fffb8cf0,13.75
7564,2019-08-04T11:06:20Z,ba288a5fd2befbc9ed08e7876ad7cb2bd8bfe6f5756d2ffe8e2dc558,60.17002,24.94407,000000006b087f40,16.1
7565,2019-08-04T11:06:20Z,bbf7d8b9085ddcd3b94f55f93b52cb40a251c44f5df4099ba5b61471,60.16829,24.94214,00000000afef4555,7.05
7566,2019-08-04T11:06:20Z,bc07df8cc395f6f4f5d483b2233caca5f93a6918f346e4cc3702f8cc,60.16531,24.9442,00000000fdda10fe,20.28
7567,2019-08-04T11:06:20Z,bf1bf5222ce141fbaa484d3bbf568d521b90699d69ec5fc413c9d716,60.17002,24.94407,000000006b087f40,16.1
7568,2019-08-04T11:06:20Z,bf4235c977b63f07c70679988ae6990db3734c8bde50741c636155b9,60.16762,24.95415,000000006b44cce7,8.38
7569,2019-08-04T11:06:20Z,c012e9e2caf1002d24e53817bb1279becdfc4aa9dba085e93ddd88e9,60.17002,24.94407,000000006b087f40,25.36
7570,2019-08-04T11:06:20Z,c239e27b985c23449b6aa84b78560b1b4e535975f3ba059d7987efe4,60.16762,24.95415,000000006b44cce7,9.12
7571,2019-08-04T11:06:20Z,c27fee8ae8d689338b043608280c83cfa6f3276d3837ecea5f742dc3,60.16762,24.95415,000000006b44cce7,7.05
7572,2019-08-04T11:06:20Z,c2cc33e5b1b8d254d4bcbc0ffa13c9200676a39a191cc31a38d28d8d,60.17065,24.93641,000000000f4919c9,11.7
7573,2019-08-04T11:06:20Z,c2d88bc74172eb47d26ee5d739980baa7fc011b9973f9f18b482aa81,60.17065,24.93641,000000000f4919c9,27.28
7574,2019-08-04T11:06:20Z,c2e135ad2c160277e290705658ac41d7cd35b11ebf61d829fdd0b428,60.14699,24.922,00000000a53ed894,18.79
7575,2019-08-04T11:06:20Z,c45e3c4e8ec0fc85457d3b4ed4c49ed0116b4cf447e2983f353abcd8,60.16829,24.94214,00000000afef4555,7.05
7576,2019-08-04T11:06:20Z,c55894159f2080031cda702c78ee54463c3c15ab1b3638afdf687f08,60.16531,24.9442,00000000fdda10fe,14.89
7577,2019-08-04T11:06:20Z,c5ffe1809d0314e1f74db7cbb63e9a1b59f6fdda752b423ea74be3b0,60.16897,24.95222,00000000aa852af1,27.28
7578,2019-08-04T11:06:20Z,c6b0ea433c3fdc73e0bac7e3faa2690506c4e8ec7fc54210446a7ffa,60.14947,24.91438,000000004ef3150d,20.28
7579,2019-08-04T11:06:20Z,c6c3f59768e35adbd31df80689e4f4b137db64056afda7e2eaa6219a,60.16762,24.95415,000000006b44cce7,23.56
7580,2019-08-04T11:06:20Z,c739921adb150c53f1887c6ce887adc6cd7ae7e35e69f6e4dc52fe81,60.173,24.92524,0000000096918cfa,23.56
7581,2019-08-04T11:06:20Z,c8f8a7a901c692af2aec8031d27f0b7efc946f113895771f87fefe1c,60.14947,24.91438,000000004ef3150d,18.79
7582,2019-08-04T11:06:20Z,c990a15d27cfc21e63b7c96b95949254f1194e8b27118386a589e2bd,60.16897,24.95222,00000000aa852af1,36.27
7583,2019-08-04T11:06:20Z,ca9ba013f86583100bfa841287733d9985b9d5e28a116525c40a4b40,60.16762,24.95415,000000006b44cce7,6.46
7584,2019-08-04T11:06:20Z,cb2f32be2e27fc44ead887ff7f76c0199bf68b2c6711e6880f4acd01,60.16762,24.95415,000000006b44cce7,4.94
7585,2019-08-04T11:06:20Z,cb835fd4fac726f1e4267acd6118f57b62a0444d69f948745a601682,60.16762,24.95415,000000006b44cce7,14.89
7586,2019-08-04T11:06:20Z,cc696789aed7ee6ea1dff48eae7da441c3a3ccb4f18ab60ba702c91f,60.16762,24.95415,000000006b44cce7,13.75
7587,2019-08-04T11:06:20Z,cd7d0e9404c9f4e8fab0742460b9acb4d5bbb97f44df80d4a8b973cd,60.17002,24.94407,000000006b087f40,20.28
7588,2019-08-04T11:06:20Z,d04b5065ec93818b731141027d11e6a1cf53de69b9737d7aea0c34da,60.14947,24.91438,000000004ef3150d,25.36
7589,2019-08-04T11:06:20Z,d162ad46250f7d87af446db22df4aa6b2eb2bf22f83beca34e857743,60.16762,24.95415,000000006b44cce7,4.94
7590,2019-08-04T11:06:20Z,d20f68571773330f7b6490b006b2e952c9912b4ee05e20f0fc434698,60.16629,24.95957,00000000fb7600be,23.56
7591,2019-08-04T11:06:20Z,d2fd0c6415d2d8e49fef3415fb8747b524191b4400a4fbb66428cb12,60.14699,24.922,00000000a53ed894,21.87
7592,2019-08-04T11:06:20Z,d3910de7df50d93311da3c44a80ec2a60325db1914938b1bcd3c047c,60.16762,24.95415,000000006b44cce7,14.89
7593,2019-08-04T11:06:20Z,d4c9ea46d58288bf42808788e668072465d91dd3c874a8a51de5794e,60.16897,24.95222,00000000aa852af1,27.28
7594,2019-08-04T11:06:20Z,d65c7524fe1bbed9832807894328745b1fb1998a5de3290f02d9437c,60.16829,24.94214,00000000afef4555,33.81
7595,2019-08-04T11:06:20Z,d68f1946805ba3d30f9ba25280986fbe003f3b5dce7245b633e0cb5c,60.16762,24.95415,000000006b44cce7,9.12
7596,2019-08-04T11:06:20Z,d6a8c97f1ec18c7a90d3beae358bad67f8d53626258a852e15b08c5d,60.14699,24.922,00000000a53ed894,12.69
7597,2019-08-04T11:06:20Z,d71a315bac918f9a18fcd820731e6d9eb54fb0d01c324ca088ef8858,60.149,24.9843,00000000fffb8cf0,21.87
7598,2019-08-04T11:06:20Z,d7aa19c5eb2ca99e11f5b1343216d25c1b6e026e10e4c5c281610f85,60.16075,24.95883,00000000f1124bca,25.36
7599,2019-08-04T11:06:20Z,d83c1c2d3a3876c948e277bace6d013eafc0c4e118958e138f8b1257,60.16448,24.97323,0000000053c6c2be,27.28
7600,2019-08-04T11:06:20Z,d86f155736e4d36de5d33bdbb3b12b717b75de44852b93419af20945,60.16829,24.94214,00000000afef4555,18.79
7601,2019-08-04T11:06:20Z,dabb7edec36f560d07547c2595765be02b0731b3826f93f5c41b7120,60.16762,24.95415,000000006b44cce7,12.69
7602,2019-08-04T11:06:20Z,dc4043efe103db9ce55ad4d987a45cf9821cdc3e63cf7b15b6d48baf,60.16897,24.95222,00000000aa852af1,21.87
7603,2019-08-04T11:06:20Z,dc816e92e4a2eceea03f41fc379fda0e3d57b5d0fbd9a06430432022,60.16762,24.95415,000000006b44cce7,8.38
7604,2019-08-04T11:06:20Z,ddd0e663eb31ac94858d2a4e9af5e4782781e88c92102042190e6fcf,60.14699,24.922,00000000a53ed894,17.4
7605,2019-08-04T11:06:20Z,de71e27b55ef6f2f51f05838a2fcab596f1dd93a14ece5ce4548f5c7,60.14699,24.922,00000000a53ed894,5.41
7606,2019-08-04T11:06:20Z,e01908a975abc95425179eadafdba31d371f1d64674c967686df87a3,60.149,24.9843,00000000fffb8cf0,20.28
7607,2019-08-04T11:06:20Z,e081e4b3252ca91bbf1cbb70faa116d60317fbf3a991a67bc99b4bfa,60.149,24.9843,00000000fffb8cf0,11.7
7608,2019-08-04T11:06:20Z,e0859a9c906151023376d86762070f38ba1b3859e671531b0edac6cd,60.16075,24.95883,00000000f1124bca,20.28
7609,2019-08-04T11:06:20Z,e1da87aea335bcd04e4c876158b96ebc7ba4206bc216c3aa27a2f4af,60.17919,24.95181,000000007b5207b6,3.74
7610,2019-08-04T11:06:20Z,e305610124e16ed1411a221b29ce69a076cc47982efd6c098b0599ab,60.14947,24.91438,000000004ef3150d,8.38
7611,2019-08-04T11:06:20Z,e32e078697e70d6e3cb4b156ada3a4756315227b125615d7b5c116a7,60.16762,24.95415,000000006b44cce7,2.8
7612,2019-08-04T11:06:20Z,e44d7228cecbdb2474e1cc396a6c13943f09c08c19d0ffab1997d509,60.17919,24.95181,000000007b5207b6,12.69
7613,2019-08-04T11:06:20Z,e53a901aed874016e1cd1ed3e9b2891fca850986cb2fa04f5162cf52,60.16762,24.95415,000000006b44cce7,3.09
7614,2019-08-04T11:06:20Z,e557e164cd52fd817b02cad6587a294d72b0974d9b014ad69ea5e08e,60.17919,24.95181,000000007b5207b6,18.79
7615,2019-08-04T11:06:20Z,e57facbf08a4abd25c366c0604463549586bb771b6ce2cf62945cdbf,60.16762,24.95415,000000006b44cce7,16.1
7616,2019-08-04T11:06:20Z,e5928057da667903de0b6c1245e1f58273dd85d63d8af0f4eaa771de,60.16762,24.95415,000000006b44cce7,10.78
7617,2019-08-04T11:06:20Z,e5b9b4813c081a31fb498e7f9adb94918c267dfa125c63790c0d9488,60.149,24.9843,00000000fffb8cf0,6.46
7618,2019-08-04T11:06:20Z,e675f053b5e39f622f919daf44b8b27ec63646d34ce88f291a97158f,60.16762,24.95415,000000006b44cce7,12.69
7619,2019-08-04T11:06:20Z,e82fb1b58cd1d81fb46e1dca3b34ae603aa01acb01ef1d8a7178defc,60.16544,24.95398,0000000038d83d41,27.28
7620,2019-08-04T11:06:20Z,e9d59e25b58f33f70aad6832863cb59d7485ca55a1575558f92b74e7,60.16897,24.95222,00000000aa852af1,13.75
7621,2019-08-04T11:06:20Z,ea3eef2f497e934d53c3a02bfa190abb42a24ce200d24c69598dbf84,60.16762,24.95415,000000006b44cce7,7.05
7622,2019-08-04T11:06:20Z,eb09e242059d315d7f929b7befadc641eeddb95492babe81030cbabc,60.16829,24.94214,00000000afef4555,17.4
7623,2019-08-04T11:06:20Z,eb261026c6f65b651ddf21bed629a1e164cfb500d0b78062704ec15c,60.16762,24.95415,000000006b44cce7,5.41
7624,2019-08-04T11:06:20Z,ec485175d2b7a2c53d03bf546aee134c116d998976601b069570c6f9,60.14699,24.922,00000000a53ed894,13.75
7625,2019-08-04T11:06:20Z,ecb1735f180422ec69f041cd2782a26c9f07d27a87893b3c30aaa9b7,60.16075,24.95883,00000000f1124bca,7.69
7626,2019-08-04T11:06:20Z,ede13c9dc221bbc6c1daf78250fa6547303c06d7606c05ba0bf64547,60.17919,24.95181,000000007b5207b6,5.91
7627,2019-08-04T11:06:20Z,ee58e3183e0967bff106dcd3894f4688accefe5e721043dd70c1f11c,60.16629,24.95957,00000000fb7600be,23.56
7628,2019-08-04T11:06:20Z,eea43687eab35d2c386347881796eb1c8279076b9e9642ebc2cd06ac,60.16762,24.95415,000000006b44cce7,5.91
7629,2019-08-04T11:06:20Z,ef15ff71b7dc4c2088249a4fca7e28900ae315245a7a3b4d571bf582,60.16829,24.94214,00000000afef4555,5.41
7630,2019-08-04T11:06:20Z,ef33ccdfcdb12920eabb3306e0f86dc7e6060a5d3864b03e2de7e1ef,60.16897,24.95222,00000000aa852af1,7.69
7631,2019-08-04T11:06:20Z,ef45fdc095ee55730384922266d8fce61de212d3c3df2441ea10e524,60.14947,24.91438,000000004ef3150d,14.89
7632,2019-08-04T11:06:20Z,f110acae92fec55c6caca5de864773a6b99e5b8d6e2fdf8d1bdbc759,60.16762,24.95415,000000006b44cce7,9.12
7633,2019-08-04T11:06:20Z,f11c02cbebb4049a29f10d2ee6aac8a9ca3b7b9609a39d69463461a1,60.17065,24.93641,000000000f4919c9,25.36
7634,2019-08-04T11:06:20Z,f196f5f8c08299d290b3bac1944e00bb1f2c90594db66438b0c10e6e,60.16629,24.95957,00000000fb7600be,17.4
7635,2019-08-04T11:06:20Z,f1d44b9d3710849eba7eab0b6646053378aa5f8ee3491ec2522f3c44,60.14947,24.91438,000000004ef3150d,25.36
7636,2019-08-04T11:06:20Z,f2467c8ede6444941158701b7bd9d005beec9ffdb355ce2d8c7a9bfd,60.149,24.9843,00000000fffb8cf0,36.27
7637,2019-08-04T11:06:20Z,f43b8b2cf2c0bd291543858796d75b211d283ab73dcab5ad5dfd0aeb,60.16897,24.95222,00000000aa852af1,9.12
7638,2019-08-04T11:06:20Z,f4537d3a0c1408b022793f60b53e651b2eac6640fa66b9248338e815,60.16762,24.95415,000000006b44cce7,5.41
7639,2019-08-04T11:06:20Z,f4b9fc6acb673aea24fe00dfbe806b81fedab0c2ea82d781f7659ce5,60.16762,24.95415,000000006b44cce7,8.38
7640,2019-08-04T11:06:20Z,f52824c386f904dd599255580d7ac95568391a40c2d18fdfdbc23f4d,60.16762,24.95415,000000006b44cce7,13.75
7641,2019-08-04T11:06:20Z,f5ffa3dbcdd5592ac31344cb04a7a6d639109a4d6e196fa0df3990dd,60.17065,24.93641,000000000f4919c9,29.32
7642,2019-08-04T11:06:20Z,f616fbd0fde8316049c3068ae4368dc9f486f8da4bf5516e9ba82578,60.16897,24.95222,00000000aa852af1,10.78
7643,2019-08-04T11:06:20Z,f756416830b046336a677173f34b00e83412904998e92cfb4ebe207d,60.16762,24.95415,000000006b44cce7,20.28
7644,2019-08-04T11:06:20Z,f78ef2ddbe48b534137498eab56c0a55ec0e0b1d8868e82cb5652a0e,60.14699,24.922,00000000a53ed894,9.12
7645,2019-08-04T11:06:20Z,f7be7d003528c0c0827040a3a3723e49406a5a7c86cb4bc568a830db,60.17002,24.94407,000000006b087f40,27.28
7646,2019-08-04T11:06:20Z,f7d633178895e2c2f25a33d4045d8317cf7691e19593fe4b142182fc,60.16762,24.95415,000000006b44cce7,10.78
7647,2019-08-04T11:06:20Z,f855918d61069661cbf8633b228a5fb9e5cd5ea7b2946bfc5b9fc315,60.16829,24.94214,00000000afef4555,18.79
7648,2019-08-04T11:06:20Z,fa15a46a5326515aa1a4b43762ef2018a2be3ac983c811558c1fe104,60.16762,24.95415,000000006b44cce7,13.75
7649,2019-08-04T11:06:20Z,fbccaff441d52a5aeba79ca785ef499aa8ce201503787c329885a565,60.16897,24.95222,00000000aa852af1,20.28
7650,2019-08-04T11:06:20Z,fbea754bd1d1bd41d31d255adcdfb67b3b4c052fc59db33eb47c25b4,60.16897,24.95222,00000000aa852af1,25.36
7651,2019-08-04T11:06:20Z,fda481107ccd1ee84269967e42cbd312252a4216e9c7af4822669a69,60.16829,24.94214,00000000afef4555,18.79
7652,2019-08-04T11:06:20Z,ffb7319984ecae155652e100da9b204f0b92f3b6c7239cfea4dcf966,60.14699,24.922,00000000a53ed894,9.92
7653,2019-08-04T11:06:21Z,004c3624f943830bc6a9f17173a2cd0996622cade5184ad2b9fba729,60.16897,24.95222,00000000aa852af1,4.94
7654,2019-08-04T11:06:21Z,0152988639aaaa9cc27213280c8f0c0c8ec97ae6a45aaaf743c9c25d,60.16544,24.95398,0000000038d83d41,33.81
7655,2019-08-04T11:06:21Z,048a4191e2e9ce1733556eda54c4123345c70aeced0f8ecf7d52b916,60.14699,24.922,00000000a53ed894,23.56
7656,2019-08-04T11:06:21Z,09a0d89e977eac08cb8877af0472d861a9c86439072251d53a13d931,60.16829,24.94214,00000000afef4555,14.89
7657,2019-08-04T11:06:21Z,112c36ba789fa57e2b19c9bff8bfe0b3eba19a431c3af4656c4cee5b,60.16531,24.9442,00000000fdda10fe,36.27
7658,2019-08-04T11:06:21Z,1142f5b6806b1ec7d8d47d47013eb530d8a7418f6934d8867b20966a,60.16829,24.94214,00000000afef4555,16.1
7659,2019-08-04T11:06:21Z,128f1b89d7a534aa206a7823b692594bbd4d349761baa04c0fc72f2c,60.14947,24.91438,000000004ef3150d,11.7
7660,2019-08-04T11:06:21Z,14c7e1511b70f4dd3359cbece1377aebb4d70531f5489eefe53d7c3c,60.16544,24.95398,0000000038d83d41,25.36
7661,2019-08-04T11:06:21Z,165ebbb4090d47319ae370f0d0854fdc1f6b79499f8b2e4d3c3533c0,60.16544,24.95398,0000000038d83d41,21.87
7662,2019-08-04T11:06:21Z,16c994bb2e24124a910c247376d16e980a65626a94c4c0aaab27df60,60.16829,24.94214,00000000afef4555,25.36
7663,2019-08-04T11:06:21Z,25a7ff811c3c06e426c7c2cbb0433d9a2a3399b23afecbd35584ab0f,60.18203,24.91341,00000000342570c2,18.79
7664,2019-08-04T11:06:21Z,269109af99b12861eeb19ab8698033d9c00895687da47af3f4310e9d,60.16762,24.95415,000000006b44cce7,7.69
7665,2019-08-04T11:06:21Z,29016fc5853bb802e42e93eb5fd98882d64029327d793a2f2335b9e4,60.16829,24.94214,00000000afef4555,9.92
7666,2019-08-04T11:06:21Z,32dd92b5a658392a4ec84eaf95152ee72258b6b0fb670b97882ac902,60.16829,24.94214,00000000afef4555,6.46
7667,2019-08-04T11:06:21Z,3fe5f4ccfa5c777ceafda0674d7c9da6f509f6694b4c2fa254b32e73,60.16897,24.95222,00000000aa852af1,16.1
7668,2019-08-04T11:06:21Z,43b676ed3aef4c2d8846694817e76117873be52e7f788e0cb366c1c4,60.16629,24.95957,00000000fb7600be,25.36
7669,2019-08-04T11:06:21Z,44d0b94469070803869f229601e877beb613c3f5aafa009addf97a1a,60.16544,24.95398,0000000038d83d41,27.28
7670,2019-08-04T11:06:21Z,5d65719c4cbf045f068d084b72302f447d5fd034413d97d13be00d0e,60.18203,24.91341,00000000342570c2,20.28
7671,2019-08-04T11:06:21Z,5eed115a984d490b02b602d73787aee8dc8c4e9365b77fbff3818a76,60.16629,24.95957,00000000fb7600be,16.1
7672,2019-08-04T11:06:21Z,69219e9efa41ae9e732653e9eaf08e1a34cb853a9dafe76ddeea4d04,60.16897,24.95222,00000000aa852af1,20.28
7673,2019-08-04T11:06:21Z,6a70e2fbced719333e21eff04fcb9cb36bae9a04d1a3d6ddd96f2c58,60.15432,24.9211,0000000019fb59c4,4.11
7674,2019-08-04T11:06:21Z,79f136afa0dd8717337c01c70b457c464aaf0fa25b440f51a394ec23,60.16762,24.95415,000000006b44cce7,12.69
7675,2019-08-04T11:06:21Z,85ef35aecf2ff804be3d958b592705ec41c6df9c128c132c65bb283d,60.16897,24.95222,00000000aa852af1,25.36
7676,2019-08-04T11:06:21Z,87dfaad29a9276ddddb1fa021d3bc23ad14824c1af16f7d87e713689,60.14951,24.92138,0000000006dd41f6,9.92
7677,2019-08-04T11:06:21Z,88808fe92573e9cdf022cc15b9689b6b4b9429f60513c8897b0ba4c7,60.16897,24.95222,00000000aa852af1,17.4
7678,2019-08-04T11:06:21Z,8c3b1ed0846e38cc84b863a80540c8a75bfd85c8bdda36563d153110,60.16544,24.95398,0000000038d83d41,23.56
7679,2019-08-04T11:06:21Z,8c75c3289c84fe4493e1e272a77b615fe1985880c5dc68a7c1a17b53,60.16762,24.95415,000000006b44cce7,13.75
7680,2019-08-04T11:06:21Z,9843c6216661048343a0e49cf3d8aa2883cf77f452666a1c873a1052,60.16448,24.97323,0000000053c6c2be,12.69
7681,2019-08-04T11:06:21Z,9992834418850939882f3b334eee492eb98d4f9d6d6118f9ee108793,60.16762,24.95415,000000006b44cce7,5.91
7682,2019-08-04T11:06:21Z,9c8556ea519835172f09c20e7688066eeec8e7f74a0c6fa3df3d9c5f,60.16829,24.94214,00000000afef4555,27.28
7683,2019-08-04T11:06:21Z,a13e5d46f0a2d1c6b58878e1b198905e9b14e3a85b5e4adab88b4b87,60.16762,24.95415,000000006b44cce7,8.38
7684,2019-08-04T11:06:21Z,a3758affe1deba4cd791b32946ddeaa26af8b554e4b9673dd258f229,60.1638,24.96846,00000000d747f075,31.5
7685,2019-08-04T11:06:21Z,b936e41d8712ae967f3ebb413fc44f060bb10613f95537757886ede2,60.16762,24.95415,000000006b44cce7,9.92
7686,2019-08-04T11:06:21Z,bf7ce59939679783aec9a63b2f5eaa74e9c6f5703da40b730642884e,60.16897,24.95222,00000000aa852af1,25.36
7687,2019-08-04T11:06:21Z,c40c37def6bf11a63a2556519a7c6233fd417cdeea2cf14f28e7c42c,60.16531,24.9442,00000000fdda10fe,29.32
7688,2019-08-04T11:06:21Z,c97eb4181394121907d47b908495f54e5ee5145ff790f7a1dc21b3cf,60.16897,24.95222,00000000aa852af1,14.89
7689,2019-08-04T11:06:21Z,ca6927628f5ddda20036865c9345ad93d476d62ade3b181de568eed6,60.16897,24.95222,00000000aa852af1,27.28
7690,2019-08-04T11:06:21Z,ce197d5eedb5498917afe7ca3f7275ffeb191f0c5d050bffa154c1d2,60.16531,24.9442,00000000fdda10fe,27.28
7691,2019-08-04T11:06:21Z,cf05623e4d87ce0906c0b0b7dbf53aacc1228016cd27c341228b6e76,60.18203,24.91341,00000000342570c2,17.4
7692,2019-08-04T11:06:21Z,cfc0bedb78ded52749db3188cb188bf6a250ef5990da9c5afa9623fc,60.14951,24.92138,0000000006dd41f6,23.56
7693,2019-08-04T11:06:21Z,dbeb00942457ba3c5fb1984b57b1dedb268c0e761e80729b939f1fd8,60.16544,24.95398,0000000038d83d41,18.79
7694,2019-08-04T11:06:21Z,e224ae5ea47af2e3048f83b13a1f45dc135c0ca6be72547b01729086,60.1538,24.95595,0000000038bf9618,17.4
7695,2019-08-04T11:06:21Z,e8e366e76c97944e23c0f80b4fd3ce6e5832744922297146a49f0c7e,60.16762,24.95415,000000006b44cce7,9.92
7696,2019-08-04T11:06:21Z,e96bd269a48b822b06141c3362fcb6d5ed4d0d09a120f2e4a712d5c2,60.16897,24.95222,00000000aa852af1,31.5
7697,2019-08-04T11:06:21Z,f088630d7476dae7d4b7e2bb1f10575f2c89acb4b6e061f3d57c2b40,60.16531,24.9442,00000000fdda10fe,20.28
7698,2019-08-04T11:06:21Z,f31cfded6f566f9c032c80c52ea642407be312c5d42521ab7a8d3e2a,60.16897,24.95222,00000000aa852af1,17.4
7699,2019-08-04T11:06:21Z,f405a7c4a3a4339f8e3f7e552f6492d6eed76f7d08c54943286213de,60.16762,24.95415,000000006b44cce7,12.69
7700,2019-08-04T11:06:21Z,fc4f3a44235f1cfc7b53f14ba2da599976a5a0a220d23b852688e485,60.17919,24.95181,000000007b5207b6,9.12
7701,2019-08-04T11:06:21Z,0043f38f4fb6545d7c033c9a8f8c18106aa0c2c841f28a15dd722e9d,60.14699,24.922,00000000a53ed894,20.28
7702,2019-08-04T11:06:21Z,007540b1ada16f6000987e20cd81a3deb18b2aea4cb95b50e099dcee,60.17065,24.93641,000000000f4919c9,12.69
7703,2019-08-04T11:06:21Z,00df07521690a1fb6e56d9506781a9888bb54e5230f6de1be64ba13f,60.14951,24.92138,0000000006dd41f6,18.79
7704,2019-08-04T11:06:21Z,01e47d49d859d6875c51173a8f2159c35733cff5d2c3e5044b4b42d1,60.16829,24.94214,00000000afef4555,17.4
7705,2019-08-04T11:06:21Z,0236a1d5b9b9d2249407a79705eee38de360ceb0530a8959ba5bc15b,60.149,24.9843,00000000fffb8cf0,14.89
7706,2019-08-04T11:06:21Z,02a354db29cd5bc16976a9d933e03a41be350f9cc78098829a7dcfd4,60.14947,24.91438,000000004ef3150d,18.79
7707,2019-08-04T11:06:21Z,0625280cf414aa015aa8b4d504d6fc74879a1144b913e254fec5db9d,60.16762,24.95415,000000006b44cce7,11.7
7708,2019-08-04T11:06:21Z,0656a0c0a353f164b57fbdd9e648d71fab429964d97ed07ab2c5dc30,60.18203,24.91341,00000000342570c2,20.28
7709,2019-08-04T11:06:21Z,08833115ba0f62666fee594662c171563759459bb5f65ffdfeaeaed1,60.18203,24.91341,00000000342570c2,14.89
7710,2019-08-04T11:06:21Z,08b10b51864dc039f0a07c997e66e7a263ee1cde5b0b88b2a1178c58,60.16829,24.94214,00000000afef4555,14.89
7711,2019-08-04T11:06:21Z,096c3b0de1dab1407cd4d3330546404c0d62ce025924420496380f89,60.16762,24.95415,000000006b44cce7,9.92
7712,2019-08-04T11:06:21Z,0a875ca08ae7654af6e570e7245816939a3a61213bedf03765dc6f53,60.16897,24.95222,00000000aa852af1,31.5
7713,2019-08-04T11:06:21Z,0b45b52bc137c31ce83561c857f809296ec70f5537976a4a4d573d4f,60.16829,24.94214,00000000afef4555,9.92
7714,2019-08-04T11:06:21Z,0b49dcea1b7eab22f4ebd0c7666ded5b59fe092b8bdd4aa9eda6326d,60.16762,24.95415,000000006b44cce7,1.38
7715,2019-08-04T11:06:21Z,0b9d6ba4d792859c5440f068bbe023da1f32e648bb47f18dcee3a412,60.16897,24.95222,00000000aa852af1,21.87
7716,2019-08-04T11:06:21Z,0c959027ce302054b09087cac97a83aa7e24fb9e4fa2710763f912cb,60.16829,24.94214,00000000afef4555,17.4
7717,2019-08-04T11:06:21Z,0d2490ed58c11eb4a754a30cc4bcb21c7243d322a2caf7cc360e4e8c,60.17065,24.93641,000000000f4919c9,20.28
7718,2019-08-04T11:06:21Z,0e113c5ed3abcdfb31d27c3125f6cf01e3b96e4ed7eca1aaea855f77,60.14947,24.91438,000000004ef3150d,11.7
7719,2019-08-04T11:06:21Z,0e1fac068e905121e354702292780affb6635905cc36872878ff79ce,60.17002,24.94407,000000006b087f40,27.28
7720,2019-08-04T11:06:21Z,1107822441d53ff89eb9cb0d022a37202aed47bd82dca4bc175d6837,60.16762,24.95415,000000006b44cce7,9.12
7721,2019-08-04T11:06:21Z,116e59da308964e8eb82cb6e5a758aad726ec3800f0fa17bc661e8fe,60.16762,24.95415,000000006b44cce7,10.78
7722,2019-08-04T11:06:21Z,1327ce24f157334f864f913637993c80380ce5f5c911e4b0d31c5eb7,60.149,24.9843,00000000fffb8cf0,4.94
7723,2019-08-04T11:06:21Z,13b0a8ca1414d7b2b0e8d5f80069a5d26c6f62a68b58eda25a4b85f4,60.16829,24.94214,00000000afef4555,13.75
7724,2019-08-04T11:06:21Z,17b39c4376c28dc9e1c1221de9d5037abfea5d59d30cdd48208fc3a8,60.16762,24.95415,000000006b44cce7,7.05
7725,2019-08-04T11:06:21Z,182e58bd6c3c8d836225d454a878bc55d8ed5166564a22f8b635f6ff,60.14947,24.91438,000000004ef3150d,20.28
7726,2019-08-04T11:06:21Z,1921be9815a57f11f291ca085add7b4bf1d044518b03b725df7cf7d5,60.149,24.9843,00000000fffb8cf0,18.79
7727,2019-08-04T11:06:21Z,1a9a0f74c353624c42c19c007e82c9c2547b7285d8353d0e375e3f05,60.14699,24.922,00000000a53ed894,3.4
7728,2019-08-04T11:06:21Z,1c9aa21b85f6dc63cc56eb960e89cdeaa6da27738f3fcc4fbee8ee17,60.16762,24.95415,000000006b44cce7,9.12
7729,2019-08-04T11:06:21Z,1ce242f8d8220cd38bf3ea9138c99ae9b2f79b28e68edb864f090ec9,60.149,24.9843,00000000fffb8cf0,13.75
7730,2019-08-04T11:06:21Z,1de509b10ed308796e82bb0f51f17f68e2fdfbcc3d6bed69c40eb7fd,60.173,24.92524,0000000096918cfa,21.87
7731,2019-08-04T11:06:21Z,1fa2c533bba37b249a0105001153733e67a559d40c22cab67f135f64,60.14947,24.91438,000000004ef3150d,14.89
7732,2019-08-04T11:06:21Z,21409ab0d30ff4570e66691b5e33d5f39735ac96d850dadcbe20ee0a,60.14699,24.922,00000000a53ed894,23.56
7733,2019-08-04T11:06:21Z,227b93698b29687beea48184f42aab63a21fa362af7251be32db2e15,60.16531,24.9442,00000000fdda10fe,3.4
7734,2019-08-04T11:06:21Z,23786c82e2641aed0e0b004658480a212bf0397568e914487819045c,60.16897,24.95222,00000000aa852af1,25.36
7735,2019-08-04T11:06:21Z,23b4a8c7918ca417eab83481a710fd544e1fa8bf7073b5955c0155c8,60.14699,24.922,00000000a53ed894,9.92
7736,2019-08-04T11:06:21Z,23b7c1b09dfbcbf722a4c48303dd0435cf9885a516d5eebb6538844f,60.16762,24.95415,000000006b44cce7,10.78
7737,2019-08-04T11:06:21Z,23f10190151386d4050571cb299410bc0285ed980b0a00f088e01cf0,60.16762,24.95415,000000006b44cce7,5.91
7738,2019-08-04T11:06:21Z,2535cb5c89ec66044a005b03dd769ca8d0022164a816c06db0e49892,60.16762,24.95415,000000006b44cce7,3.74
7739,2019-08-04T11:06:21Z,2671a156fa8d8bb05970481c8f83bcf9f261f73dae27f2bb9ac88aeb,60.14699,24.922,00000000a53ed894,10.78
7740,2019-08-04T11:06:21Z,27052b4dc21318eee25b7afdbe088c8d15e13ec11ac339166b209e58,60.18203,24.91341,00000000342570c2,27.28
7741,2019-08-04T11:06:21Z,2724e42551f43106ea58a8fcc6a43953baa1294cd65e17a90012f706,60.17065,24.93641,000000000f4919c9,0.34
7742,2019-08-04T11:06:21Z,28741c2e5e348fe81dec0518a21c0930c98a25b6fcece61a262d50de,60.14699,24.922,00000000a53ed894,21.87
7743,2019-08-04T11:06:21Z,296a0ffe230305a3d37818a0369b56c99dacdd5df5a161bf238e1084,60.16762,24.95415,000000006b44cce7,7.69
7744,2019-08-04T11:06:21Z,2977d3c4f181abb6662adf1d466a62167e2690a9c94dc53e5aa6a904,60.16762,24.95415,000000006b44cce7,10.78
7745,2019-08-04T11:06:21Z,29f5adc4d67413b7d368e8e94a41cf48339e3f5f0903f660170c4fe8,60.17919,24.95181,000000007b5207b6,9.12
7746,2019-08-04T11:06:21Z,2a80aed2c40e7e70ca12152ac812abd79aa1d13efcec25a6d3395136,60.16762,24.95415,000000006b44cce7,6.46
7747,2019-08-04T11:06:21Z,2acbdfb5e555a9668c446767fc5d82728d254a45d17dff85e3342cb0,60.16629,24.95957,00000000fb7600be,16.1
7748,2019-08-04T11:06:21Z,2b340ca3416f2ba214d44853ad0495223a557eb6b61baca53fd7dc54,60.16829,24.94214,00000000afef4555,21.87
7749,2019-08-04T11:06:21Z,2c85e4140ca0ba77c3598ceac05eb2c2342409ce8111c863fc58c606,60.16829,24.94214,00000000afef4555,0.34
7750,2019-08-04T11:06:21Z,2ccaeb30423977ff22b6afc29243b861b476a5f4ffafdf200d326d78,60.17002,24.94407,000000006b087f40,13.75
7751,2019-08-04T11:06:21Z,2d0349a4148a147b05e00cd46c137dd208ba2a8ce9327b493615f1a6,60.16829,24.94214,00000000afef4555,23.56
7752,2019-08-04T11:06:21Z,2de87ef94604fb63bec05eefb71b6cdd0b9807f8551159c2a35e7259,60.17065,24.93641,000000000f4919c9,4.11
7753,2019-08-04T11:06:21Z,2e6e6f89a7d75f0742d016de203c9acc8d6f6bdeb7b56bd12f482653,60.15432,24.9211,0000000019fb59c4,18.79
7754,2019-08-04T11:06:21Z,2fe2e4165984d7880628aec591ce4747f18947da70312e6afca2946b,60.14699,24.922,00000000a53ed894,33.81
7755,2019-08-04T11:06:21Z,30bee351808d5e8082ce012b57f5bc0efc80f8394491a182e0eeee32,60.17919,24.95181,000000007b5207b6,27.28
7756,2019-08-04T11:06:21Z,31449757caa5e658401f680b0e48a16ac560226471234a914cef5119,60.16897,24.95222,00000000aa852af1,17.4
7757,2019-08-04T11:06:21Z,3226c88241c6ac9d643c1843f44b6e5ee10df5f15a695e360582a9be,60.16829,24.94214,00000000afef4555,9.92
7758,2019-08-04T11:06:21Z,32f77f5019e5fce30881c214487361e2e34b8c93277f6e546de72012,60.1638,24.96846,00000000d747f075,27.28
7759,2019-08-04T11:06:21Z,33a5da4eacfc49fefa067790c9fada1a86d9793367ded845a46f0779,60.16829,24.94214,00000000afef4555,16.1
7760,2019-08-04T11:06:21Z,3417d8a6b53687e70f126ebeb1d26a2ff6369dc9a551c3c35c5a04f9,60.17002,24.94407,000000006b087f40,21.87
7761,2019-08-04T11:06:21Z,34cf37df412ff36df19ebe47ecdd31e5a22355a1fa723a748ac901fd,60.16762,24.95415,000000006b44cce7,12.69
7762,2019-08-04T11:06:21Z,374083907dd8980893623726af5633afd59b519c885ad12ba5c674eb,60.17002,24.94407,000000006b087f40,18.79
7763,2019-08-04T11:06:21Z,386dea4944e0b83648b4b6faf510fd47b0e9e29a2bb9311fe8a80ee2,60.17918,24.95141,00000000675d5200,9.92
7764,2019-08-04T11:06:21Z,399c89d38707c522dfc1c6f596506daea1a2d8189c1ed2deb91b992d,60.16629,24.95957,00000000fb7600be,38.87
7765,2019-08-04T11:06:21Z,39c75ec87b1dbd9865939b27695811070c5256630eeaebbe35743986,60.16829,24.94214,00000000afef4555,25.36
7766,2019-08-04T11:06:21Z,3ac85712ab657e849113d439795c4e7325d1025cacdbd9a41174b031,60.17002,24.94407,000000006b087f40,17.4
7767,2019-08-04T11:06:21Z,3ac9d056b0f04f774b238a125eb996d46437f7a8c5f6ba6712e971cf,60.17918,24.95141,00000000675d5200,9.12
7768,2019-08-04T11:06:21Z,3ae1d5a2268ac1af52ba8b54fb28f81c00fa05884af8b8ca5e7e0e9a,60.16762,24.95415,000000006b44cce7,13.75
7769,2019-08-04T11:06:21Z,3b355c039877bd4883845f3fc6ad8dd6f41f170274042f1397585680,60.149,24.9843,00000000fffb8cf0,11.7
7770,2019-08-04T11:06:21Z,3bd8214bd5284efaf354ec2a0dd2847f6051ceaace6a2691ff085d3d,60.17065,24.93641,000000000f4919c9,17.4
7771,2019-08-04T11:06:21Z,3e36420df19c06796a79acdad84551653de9b0132cb0987329f75291,60.16897,24.95222,00000000aa852af1,18.79
7772,2019-08-04T11:06:21Z,3eadf2e0f804ddeb7c074a4483ea32763854821ff327d87327a9fa3e,60.17002,24.94407,000000006b087f40,25.36
7773,2019-08-04T11:06:21Z,3f5d3aed90718f7fb8e8a13ac7002718cc22cbe190beb96821ba52e6,60.17065,24.93641,000000000f4919c9,16.1
7774,2019-08-04T11:06:21Z,3f67c6713a6cca446a46616c9970c7a2ddffb03f21e10c8ea9b2f380,60.16897,24.95222,00000000aa852af1,16.1
7775,2019-08-04T11:06:21Z,3fde075082af3062c2bebc5e09ad55bda3de70b5f492bdfb21f284c9,60.173,24.92524,0000000096918cfa,5.41
7776,2019-08-04T11:06:21Z,41fffd70db0364ae9e08f76f74848590a4ed6784433df3a7ff00d7a5,60.16762,24.95415,000000006b44cce7,12.69
7777,2019-08-04T11:06:21Z,4259ea4be61641ef15bcf103aabbda808376b164c83d20d3be269e1d,60.17065,24.93641,000000000f4919c9,38.87
7778,2019-08-04T11:06:21Z,430556d4eef13a613b121237f9ab54ee052861f79a950f54e0810dab,60.149,24.9843,00000000fffb8cf0,27.28
7779,2019-08-04T11:06:21Z,432958e5f91b194ed39814ae223cb394d224ebfb26e5c1a5e587ae41,60.16448,24.97323,0000000053c6c2be,29.32
7780,2019-08-04T11:06:21Z,4472fa277123afabdf2402fc2a3c5bff2be437e6d56b590278de70fc,60.17065,24.93641,000000000f4919c9,27.28
7781,2019-08-04T11:06:21Z,44d01b24bde0f8031d7cf15bb66e661ad9bd92807f3213fabf920fa1,60.16762,24.95415,000000006b44cce7,3.74
7782,2019-08-04T11:06:21Z,465eab28635efe98500085ceb161cf941d02272a0107fbbfb2203c29,60.16829,24.94214,00000000afef4555,12.69
7783,2019-08-04T11:06:21Z,46b576e18e757fc4ec008b41d3c28ec5415a2c2c2f143042e5413137,60.16762,24.95415,000000006b44cce7,9.12
7784,2019-08-04T11:06:21Z,47cd1dcac88434ffdc4b868e7f1d8d8a604700564bc83a7c0a3928be,60.16762,24.95415,000000006b44cce7,4.94
7785,2019-08-04T11:06:21Z,47eccbfb2db7bb200aacfdad7243168bd30714cc78da342bbe53df7b,60.16629,24.95957,00000000fb7600be,31.5
7786,2019-08-04T11:06:21Z,47f787c639f2eed345eb5dca409ffcd989850399a1ab781500dd6e82,60.17918,24.95141,00000000675d5200,3.4
7787,2019-08-04T11:06:21Z,4800d49ec59e1cde34360defcce4c2a0c6a58919303c1fe6fdebceec,60.16762,24.95415,000000006b44cce7,9.92
7788,2019-08-04T11:06:21Z,4833b1ea4f519407574f5a838d93a39de28c756c5f53de7ee273b577,60.14947,24.91438,000000004ef3150d,8.38
7789,2019-08-04T11:06:21Z,49084ae4b6419be9e7bb0c9b1420142e07d6ac3c17c07c26895461ed,60.16829,24.94214,00000000afef4555,23.56
7790,2019-08-04T11:06:21Z,49b391c05bd4e5231579392d798036a0139a8ea4e4d4509a7cb3901f,60.16829,24.94214,00000000afef4555,17.4
7791,2019-08-04T11:06:21Z,49d6f6bd5878bfac30a67fe92d1501b5b09cab38ab2b35b661902f0d,60.14947,24.91438,000000004ef3150d,11.7
7792,2019-08-04T11:06:21Z,4a2286eca689d9c867cfa19d43b9b917d29769b66b9e0a968f6c3859,60.16897,24.95222,00000000aa852af1,18.79
7793,2019-08-04T11:06:21Z,4a54cbed9c373a4136f8851f3f5736eb2fadd5766d316eb5ebbdd231,60.17919,24.95181,000000007b5207b6,9.12
7794,2019-08-04T11:06:21Z,4a912b6c106b63933a8c9cc39598823bcb2c94d4b1cc8a5d55cb3972,60.16829,24.94214,00000000afef4555,31.5
7795,2019-08-04T11:06:21Z,4b5b3e8f2b484bc08b196c265f65c70151bd69f6263318eb29125db2,60.16829,24.94214,00000000afef4555,1.54
7796,2019-08-04T11:06:21Z,4fb84ecf5d221439a3af3b68650b3b7dea1d1324213f3ea57669ead0,60.18203,24.91341,00000000342570c2,27.28
7797,2019-08-04T11:06:21Z,51789c3026ccfe7e846e44fcd833d006941c2789b9693c77df5a7c98,60.16762,24.95415,000000006b44cce7,2.3
7798,2019-08-04T11:06:21Z,52daa31a2b3c1c07f78d96ebb4de3a965da5ef0a8035afbd0f7451fb,60.16531,24.9442,00000000fdda10fe,14.89
7799,2019-08-04T11:06:21Z,541f330d2ded03609f551d02b8149da9cd07ee36aeee630f8fc9de8c,60.14699,24.922,00000000a53ed894,16.1
7800,2019-08-04T11:06:21Z,549e8785d3249c38e0c577947392ab324d318a5a9b125b5d03e023d2,60.17065,24.93641,000000000f4919c9,31.5
7801,2019-08-04T11:06:21Z,54d53f276563f566e1cd61b100408412cf78b4fe9fcada830aa6e23b,60.14947,24.91438,000000004ef3150d,20.28
7802,2019-08-04T11:06:21Z,5518b2315c236d486c7a5a4fc27c44987672b2f9a0751ffdaa9cbf78,60.16829,24.94214,00000000afef4555,7.05
7803,2019-08-04T11:06:21Z,56101419005237b836e4ed14d91dfa6f9edc4c92b5fcb419943897bb,60.16762,24.95415,000000006b44cce7,6.46
7804,2019-08-04T11:06:21Z,56318cc7f3616fceec2564cbb1f6ca8b88ea861935a1ada93aafd7b0,60.16897,24.95222,00000000aa852af1,20.28
7805,2019-08-04T11:06:21Z,565a35900ed1794a9d566f6fc12f2710875a10eb7c8e6fa0ddd92626,60.14699,24.922,00000000a53ed894,6.46
7806,2019-08-04T11:06:21Z,571934189bf349efb6f596e76c21612cf9b82ed44913090169936048,60.17065,24.93641,000000000f4919c9,9.92
7807,2019-08-04T11:06:21Z,584cb0b0cdd14e608c8b57c8aecc9826f9b40027e365e2438a444ea2,60.16762,24.95415,000000006b44cce7,11.7
7808,2019-08-04T11:06:21Z,586f70961bf72597ce00f89d3602178ecc6ac8838a8acec48bba7f9f,60.14699,24.922,00000000a53ed894,11.7
7809,2019-08-04T11:06:21Z,58ee8fd47328b1c696ec343920f2c0353d19a915924eb6f6f2638e56,60.16762,24.95415,000000006b44cce7,6.46
7810,2019-08-04T11:06:21Z,5a755f0653ee0e334448418099ed85023db0a9984c280cfbadd74160,60.173,24.92524,0000000096918cfa,29.32
7811,2019-08-04T11:06:21Z,5b1df59a8f10fc0c1548e114caf6a457ff880d853d529f675372b0b0,60.16762,24.95415,000000006b44cce7,8.38
7812,2019-08-04T11:06:21Z,5c0e674c99f4d1f59ebbc19c40fcd1c888315e3fc3d263f6d20576f1,60.16629,24.95957,00000000fb7600be,31.5
7813,2019-08-04T11:06:21Z,5d9aa6fcb0d81ceaa80ca13cc08a88138be517656646e0ba0942ce46,60.16897,24.95222,00000000aa852af1,6.46
7814,2019-08-04T11:06:21Z,5f5805a3ffd092506452c4d45ea8fc037ae23ea726f0b0809ca6ffde,60.16829,24.94214,00000000afef4555,21.87
7815,2019-08-04T11:06:21Z,60f982521b3cf63a23ce97156f686572b3c936ebe5a76c0d78269fd9,60.16762,24.95415,000000006b44cce7,17.4
7816,2019-08-04T11:06:21Z,62d86ee13e6ae7a5c41ffc2de746df72d4ef6e8d2b6a51ce1c68965f,60.16829,24.94214,00000000afef4555,10.78
7817,2019-08-04T11:06:21Z,6355f65deb87f4de25d3fd19aea06495a7e6d84aef5dcfb0c4bf098c,60.16829,24.94214,00000000afef4555,29.32
7818,2019-08-04T11:06:21Z,63e498fd789abe431cdf86f184a50616c85717e1efc893da1e1a2222,60.16897,24.95222,00000000aa852af1,23.56
7819,2019-08-04T11:06:21Z,658aacab016460cfc38879944e374640737b32d7291a40aed8b8845c,60.16897,24.95222,00000000aa852af1,21.87
7820,2019-08-04T11:06:21Z,66755836036c771e53ffd9d0dc09b8575231b53b80af22e868691a2a,60.14699,24.922,00000000a53ed894,2.54
7821,2019-08-04T11:06:21Z,6770188bfb70997d029b95fe32bafef6ca944778a3f1a35d0fa674b8,60.16829,24.94214,00000000afef4555,21.87
7822,2019-08-04T11:06:21Z,67b49046c3bb96e9e2f8d9396871ed7976dd35efb6c386141325f95a,60.16897,24.95222,00000000aa852af1,9.92
7823,2019-08-04T11:06:21Z,69158bfbcf8399435cc52d623b530dc75089182b7ab05efb64e64021,60.15432,24.9211,0000000019fb59c4,25.36
7824,2019-08-04T11:06:21Z,69852d528034ea6fc746ed8942c32f1c90bc33a7a7317dfac3c9b1c1,60.14699,24.922,00000000a53ed894,3.4
7825,2019-08-04T11:06:21Z,6990b912b53e2278e4a3d421330e44169d05b275ad57d86ff4ad1615,60.14699,24.922,00000000a53ed894,18.79
7826,2019-08-04T11:06:21Z,699b48bb93c5befb62ff0686e75f158406b659f14daec16ab66d4499,60.15432,24.9211,0000000019fb59c4,23.56
7827,2019-08-04T11:06:21Z,69d8c906060e226ff0f0f7e78029575f2ee07ebec657a3b641419268,60.14699,24.922,00000000a53ed894,9.92
7828,2019-08-04T11:06:21Z,6a0ef27c461c686b1a51504b40c03c455e047bf9777bf46808e0ca04,60.16762,24.95415,000000006b44cce7,16.1
7829,2019-08-04T11:06:21Z,6ac1903c80e63433e4bc744dc0e801bff647117d38d3753fb9a6a4c1,60.173,24.92524,0000000096918cfa,14.89
7830,2019-08-04T11:06:21Z,6c97da4ba9462e7fe786a472989dab23340d31809dd78d5617204da4,60.16829,24.94214,00000000afef4555,11.7
7831,2019-08-04T11:06:21Z,6e2fbf091d5c86667e060d7ec44f48f0f5d7b1d55b1899f2939f247a,60.16762,24.95415,000000006b44cce7,9.12
7832,2019-08-04T11:06:21Z,6e492dbc3f10157e7ff00826a839a97262ab36244ccc57b702a89999,60.16531,24.9442,00000000fdda10fe,12.69
7833,2019-08-04T11:06:21Z,6eeb71c74d753822f920829149d942cf52b726b0b83c5aa3e6cb132e,60.16762,24.95415,000000006b44cce7,16.1
7834,2019-08-04T11:06:21Z,6faf62fbff92729472d61bc9a13a5e72833e55bf713863161f8ca9cb,60.15432,24.9211,0000000019fb59c4,18.79
7835,2019-08-04T11:06:21Z,70865ff0fd32dc9fc73f25e929a40535a717664003e66c14224a9d90,60.16762,24.95415,000000006b44cce7,11.7
7836,2019-08-04T11:06:21Z,70ffae2b8178e0915c5de7816f8dd8bcc3af745ee49df8ac4da4adba,60.17918,24.95141,00000000675d5200,16.1
7837,2019-08-04T11:06:21Z,714e80a1e3c0fee43e312f314b2faec47e582ee8dac47e4818dbc2f9,60.149,24.9843,00000000fffb8cf0,16.1
7838,2019-08-04T11:06:21Z,71516fc8349cfaf2b5c4ab80ade6078494d93d13e9953af15e5ced30,60.18203,24.91341,00000000342570c2,21.87
7839,2019-08-04T11:06:21Z,738973c9b5f9882f29075e47ca10e50ba3fb9883da779f41545175f4,60.17919,24.95181,000000007b5207b6,5.41
7840,2019-08-04T11:06:21Z,7484ecf89e24efb4a366562730f7341391f930dad7b216184022d0da,60.173,24.92524,0000000096918cfa,18.79
7841,2019-08-04T11:06:21Z,74c2ec2adc228e5b4979284d730fd2de698242f0f06d90f870b8cde6,60.16762,24.95415,000000006b44cce7,1.25
7842,2019-08-04T11:06:21Z,75062842e96b60c5ae6c51127f8160e69256c2eb1a6f33771f8f0bdb,60.16829,24.94214,00000000afef4555,21.87
7843,2019-08-04T11:06:21Z,7552783317be1ef797980c3a9ee9c5967d4e7b32765f23c51ffda02d,60.16897,24.95222,00000000aa852af1,13.75
7844,2019-08-04T11:06:21Z,7563e2805259a5bf1add6d88075dae8642e8c22e0ecce584ac3e01cf,60.16829,24.94214,00000000afef4555,14.89
7845,2019-08-04T11:06:21Z,7804799a34d94440ab3520238b9ab58a0466b4230cd360f0f2159075,60.16762,24.95415,000000006b44cce7,14.89
7846,2019-08-04T11:06:21Z,79773ee1ebdf8252053d8ffb326b77bb05a7cdb76041102e73d3767c,60.16762,24.95415,000000006b44cce7,11.7
7847,2019-08-04T11:06:21Z,7a7443a2060675f4b9755ab53cca1f1053bdfe0e4f98acd95b61544b,60.17065,24.93641,000000000f4919c9,21.87
7848,2019-08-04T11:06:21Z,7c55ecf165387948602e82b684a55be093691849fde2d96ad6574475,60.17065,24.93641,000000000f4919c9,25.36
7849,2019-08-04T11:06:21Z,7de4ba54f0d667a69cb0b6d625856bc6b040f51a42f91beae366a269,60.16762,24.95415,000000006b44cce7,9.92
7850,2019-08-04T11:06:21Z,7e524ee3c3e87684ab5dd7d12cfd44f1627869f4590ef0effa1200bc,60.17002,24.94407,000000006b087f40,20.28
7851,2019-08-04T11:06:21Z,7e78b2348d9576c63ebb626030ee9d43e2bf07e860782adf3f1c452b,60.16829,24.94214,00000000afef4555,27.28
7852,2019-08-04T11:06:21Z,7ea276abbe2f1bfd85b2493f7b4c801189e673c0b4dc987d2c8e30dc,60.14699,24.922,00000000a53ed894,17.4
7853,2019-08-04T11:06:21Z,7f546f0776433ed1b76ea74186c0aad95eca5439e6cefda07922ef14,60.16762,24.95415,000000006b44cce7,6.46
7854,2019-08-04T11:06:21Z,822590bd49bcf7ed4de4f8389586915c343b29c4283ff8b90d7c1d39,60.17065,24.93641,000000000f4919c9,21.87
7855,2019-08-04T11:06:21Z,82ac749474448abac333d00869cb8b508872f86293913d95eae26a05,60.15432,24.9211,0000000019fb59c4,4.94
7856,2019-08-04T11:06:21Z,82cddd3b9f58762d36efe78da4e2722ee587cfdb3fdbc58b52673082,60.16629,24.95957,00000000fb7600be,20.28
7857,2019-08-04T11:06:21Z,844b8ad6ebf530978d1139d527a681991f4d3eed6be5bc723f0b2192,60.16531,24.9442,00000000fdda10fe,1.88
7858,2019-08-04T11:06:21Z,85b440c4e1125b1e2531499de3b19b82ae4b7eabb4d89c63c97fa83b,60.16829,24.94214,00000000afef4555,27.28
7859,2019-08-04T11:06:21Z,87ea10367f1569e575dc4bc60f0f4238eafb52ba8a2cc8e5e4584232,60.16829,24.94214,00000000afef4555,9.12
7860,2019-08-04T11:06:21Z,87ecec345b34dca4db86cbd66248eeb829282d0cc54caff92455dff2,60.16762,24.95415,000000006b44cce7,6.46
7861,2019-08-04T11:06:21Z,87f4cf4baea8c5dfe1bc7812cc969574058bd4d2dda215192bcfc53f,60.14699,24.922,00000000a53ed894,4.11
7862,2019-08-04T11:06:21Z,886032718e05487be8bd75bb14464814044c7edd7f9a2198304f6fb4,60.16629,24.95957,00000000fb7600be,17.4
7863,2019-08-04T11:06:21Z,89df1daad350e46d526e113019214d2e1a19d8f48da761bb3583399b,60.16762,24.95415,000000006b44cce7,10.78
7864,2019-08-04T11:06:21Z,8c4e4851db86ec4a3ce29a58be770eb29c38b9a983351bb67d781982,60.16897,24.95222,00000000aa852af1,12.69
7865,2019-08-04T11:06:21Z,8ca6cbf91a04db796810f40ee019369f331d79472e4acd09f75cbac8,60.16829,24.94214,00000000afef4555,16.1
7866,2019-08-04T11:06:21Z,8e2c857270f20b124ad4a698a7f64eb83c30bd96bbc5355374785cf2,60.149,24.9843,00000000fffb8cf0,27.28
7867,2019-08-04T11:06:21Z,8e32f03aa51152a06255173f7dc5aaa2c75cef6f6aa829bd51fea777,60.16762,24.95415,000000006b44cce7,8.38
7868,2019-08-04T11:06:21Z,8ee30fda8736b8e18a2cdb754676659240bc520a57727b9635630f22,60.1538,24.95595,0000000038bf9618,29.32
7869,2019-08-04T11:06:21Z,8f3d9ab893ae4a48fd3417f3a749c21e792779990ae0ad75a8f211de,60.1538,24.95595,0000000038bf9618,25.36
7870,2019-08-04T11:06:21Z,90b12d2b9898702fd62b343512e0d53796ae38decdf704e203a0cc39,60.16829,24.94214,00000000afef4555,18.79
7871,2019-08-04T11:06:21Z,91602a694bc74a2874ba7f02a7bae062a3a77cd869b86a74800415b8,60.17919,24.95181,000000007b5207b6,23.56
7872,2019-08-04T11:06:21Z,92df20d921f76c63470e3f5afbe201d3ae15f5133f66c291db796082,60.16629,24.95957,00000000fb7600be,23.56
7873,2019-08-04T11:06:21Z,93272ad17155ea9499641eda7c5560691582116096278b82738ab21e,60.14699,24.922,00000000a53ed894,8.38
7874,2019-08-04T11:06:21Z,936c8d12f2bf0990c21b1a6fbdbd83565c86c00e50d6bd0be3bd52ff,60.16629,24.95957,00000000fb7600be,29.32
7875,2019-08-04T11:06:21Z,951482f3e2e41b496e34885c346c4a7ab09427178119caa9b8bbcbb6,60.14947,24.91438,000000004ef3150d,20.28
7876,2019-08-04T11:06:21Z,9558753228fb3007f59382a0595018488e2e7430248f8824a5badb80,60.1638,24.96846,00000000d747f075,21.87
7877,2019-08-04T11:06:21Z,963e557a0ff05fbc680ceaeae8fdc018be7e4818d1f0ac8656d2b1f9,60.18203,24.91341,00000000342570c2,29.32
7878,2019-08-04T11:06:21Z,97490f522f1a0226c8f7e8ed7bca08dd71b63d80b46d38020127b868,60.14699,24.922,00000000a53ed894,16.1
7879,2019-08-04T11:06:21Z,998ac46ad73c197bab1f36dca67d8bcaa3aca92249185a5e3715043f,60.17065,24.93641,000000000f4919c9,14.89
7880,2019-08-04T11:06:21Z,99b998b07243afd316e6fa57636b0ab6761b9c2a6f0fe050eae40c08,60.16762,24.95415,000000006b44cce7,10.78
7881,2019-08-04T11:06:21Z,9a49d0b5a67fba15ce8971503f6fea88994b33487a842397c5e8564f,60.16762,24.95415,000000006b44cce7,4.11
7882,2019-08-04T11:06:21Z,9aa588cb6f425117e45726b6b9adb7ef86c8f7c8113b547dc61f068a,60.16897,24.95222,00000000aa852af1,9.12
7883,2019-08-04T11:06:21Z,9ab0a60cb60531417ac6ec5ebc6ef591d2f39019c6b0bcb5a89101a2,60.14699,24.922,00000000a53ed894,16.1
7884,2019-08-04T11:06:21Z,9af5161d635984285f0d259f202fe80516d5258255b979b9910afe05,60.16762,24.95415,000000006b44cce7,13.75
7885,2019-08-04T11:06:21Z,9b24f69458294d27d07a0169665965135fd02f4c953f85bcebf4ba87,60.16762,24.95415,000000006b44cce7,11.7
7886,2019-08-04T11:06:21Z,9b4b0705e58750d2bcbd71ad65d85677f7e77db5dfe69d1a70b5d31f,60.17918,24.95141,00000000675d5200,9.92
7887,2019-08-04T11:06:21Z,9bc50d931d6c1678284177395958d15f05b45d60ae7bc09fe1e1694e,60.16762,24.95415,000000006b44cce7,10.78
7888,2019-08-04T11:06:21Z,9bef562c292174f1eb3933116effff74a8733a78e5c1df140de3fd6c,60.17919,24.95181,000000007b5207b6,4.5
7889,2019-08-04T11:06:21Z,9c0b1d2c4c67c07e547e810a94efeaaa1187ae82977e03748470281c,60.16897,24.95222,00000000aa852af1,17.4
7890,2019-08-04T11:06:21Z,9eb1e9bfdceb76ef852f89ebd82139602125f9731b791465e1c21f81,60.16829,24.94214,00000000afef4555,18.79
7891,2019-08-04T11:06:21Z,a1439b6683d0598c7a05080c3693a17c198f7b8c3297c77324ef4859,60.16829,24.94214,00000000afef4555,0.84
7892,2019-08-04T11:06:21Z,a20a11944d9440f1f8e4ea6262408f673f2a8380c4e13dda1a073d8d,60.16897,24.95222,00000000aa852af1,16.1
7893,2019-08-04T11:06:21Z,a25b897b52089b243421b68349d3f15e60ce8249d11c889a4626bfc7,60.18203,24.91341,00000000342570c2,25.36
7894,2019-08-04T11:06:21Z,a30740fbf4b7e21f6fe2996e9325c90936de161cb2165e87cd96fd35,60.149,24.9843,00000000fffb8cf0,17.4
7895,2019-08-04T11:06:21Z,a3664d77633807788598dd8d4a7ba8caba2c31bfdcb6ba83651d4e7e,60.173,24.92524,0000000096918cfa,21.87
7896,2019-08-04T11:06:21Z,a3c1a4a58b9381c27b1d5076e0d8d72039afccfb0e58438a80247324,60.16762,24.95415,000000006b44cce7,4.94
7897,2019-08-04T11:06:21Z,a44eda7b8ec58e1cd7c078a73c4da7fb0037d59453aa6bfe69b7cbdd,60.16762,24.95415,000000006b44cce7,2.3
7898,2019-08-04T11:06:21Z,a50e0bb8fd1ad4ad264c3246b210a0c6285faae591c1bd2c2c3458af,60.16829,24.94214,00000000afef4555,13.75
7899,2019-08-04T11:06:21Z,a5d632ac8ffc19a626de034d3c9444fd262ee6edada285c816ea9266,60.16531,24.9442,00000000fdda10fe,10.78
7900,2019-08-04T11:06:21Z,a764c2246c85b2b0aa79e581e2fe238da93de098abbb90aee24c11ca,60.16829,24.94214,00000000afef4555,20.28
7901,2019-08-04T11:06:21Z,a7cc1a0b8bbb896ef55043e385a939c97fd5cfaf6d43a4db6c720076,60.16762,24.95415,000000006b44cce7,17.4
7902,2019-08-04T11:06:21Z,a81c19fb85eebf853246cdc4d8e38245dfa5ba15c180eaa1bcc0378d,60.16829,24.94214,00000000afef4555,17.4
7903,2019-08-04T11:06:21Z,a8c4f6feb3636400ed19b5c49ae86a45245705fee6a9f615c191f889,60.16829,24.94214,00000000afef4555,29.32
7904,2019-08-04T11:06:21Z,a98fc06dc605583814a2aa182295b88f81657ef2daeee7aaec792e7c,60.16762,24.95415,000000006b44cce7,10.78
7905,2019-08-04T11:06:21Z,aa4547c0b6b8be30776e08d524ceeacfbc9930ad720e11fa4cb20882,60.16531,24.9442,00000000fdda10fe,1.7
7906,2019-08-04T11:06:21Z,aa45859d6157e9e86470ec8b81957acc35bafb1b7f419d79357a38cf,60.16829,24.94214,00000000afef4555,16.1
7907,2019-08-04T11:06:21Z,add92af5006cee56f2da79112486b97d5a7c06f12252676b7638064d,60.16762,24.95415,000000006b44cce7,10.78
7908,2019-08-04T11:06:21Z,addc60a477245c1c33e3a627145e2a2971adf755bfcf8aef4c8c0f88,60.16897,24.95222,00000000aa852af1,20.28
7909,2019-08-04T11:06:21Z,adf3914eaf1478a77ba35ea49262388e4babe633207748c7608b8780,60.16762,24.95415,000000006b44cce7,9.12
7910,2019-08-04T11:06:21Z,ae3cda5066e455d4b1e58860e8fb7a35efad69b9964a676b476b0687,60.14947,24.91438,000000004ef3150d,2.8
7911,2019-08-04T11:06:21Z,b0d6202ccd1560eaf57c06931cb6466332e41068ad2963e515819015,60.17918,24.95141,00000000675d5200,17.4
7912,2019-08-04T11:06:21Z,b2298fc6f63c02481610f9aef24f1a0c1711c255adc43c0fe135c1ca,60.14947,24.91438,000000004ef3150d,10.78
7913,2019-08-04T11:06:21Z,b26d0daac9f8fb84484cbd8ed668aeb6751e848b1c533a307d163360,60.16762,24.95415,000000006b44cce7,5.91
7914,2019-08-04T11:06:21Z,b3266ecf36a984b814e1b2d31b447438bd948a9c116721480104792f,60.16829,24.94214,00000000afef4555,9.92
7915,2019-08-04T11:06:21Z,b4c8900041e9f8751755d3940ceac58419e6370cd81cdb90d7800de1,60.14699,24.922,00000000a53ed894,17.4
7916,2019-08-04T11:06:21Z,b50b3c2006581bccfeaa9ea964649350c7d5b8177baa29a37e628584,60.14947,24.91438,000000004ef3150d,13.75
7917,2019-08-04T11:06:21Z,b59631b8902194c916f7d3ddcc02d4200a3de0380fa554d87e6856c0,60.17002,24.94407,000000006b087f40,7.69
7918,2019-08-04T11:06:21Z,b5cdbcdc30e0bf653ce353c867708b0067db5e394c8cbe848d978a77,60.14699,24.922,00000000a53ed894,9.92
7919,2019-08-04T11:06:21Z,b601cd655bb9f05aa6ec86fc9eb9300c3bc20bc0e856e94ad168a257,60.14947,24.91438,000000004ef3150d,9.12
7920,2019-08-04T11:06:21Z,b81a9bf449d3e64ad0181804598330bbf305f384b888935023742c79,60.173,24.92524,0000000096918cfa,18.79
7921,2019-08-04T11:06:21Z,b81e65168ea3278486b1c954ab229bc2eda3fe07098e824f05cd0ac4,60.149,24.9843,00000000fffb8cf0,23.56
7922,2019-08-04T11:06:21Z,b8f5834e6b992cf5568ae3153fb4b07e97b7f6dd01250851134c1824,60.149,24.9843,00000000fffb8cf0,21.87
7923,2019-08-04T11:06:21Z,b9447a524f5b5bf98585b27b92195b09869ee9cd9da3cf8d2b59c57d,60.16829,24.94214,00000000afef4555,14.89
7924,2019-08-04T11:06:21Z,b9518af3996d754e6482a42a26d51867e361046fdca90a5fd443113c,60.16897,24.95222,00000000aa852af1,18.79
7925,2019-08-04T11:06:21Z,ba288a5fd2befbc9ed08e7876ad7cb2bd8bfe6f5756d2ffe8e2dc558,60.17002,24.94407,000000006b087f40,8.38
7926,2019-08-04T11:06:21Z,bbf7d8b9085ddcd3b94f55f93b52cb40a251c44f5df4099ba5b61471,60.16829,24.94214,00000000afef4555,11.7
7927,2019-08-04T11:06:21Z,bc07df8cc395f6f4f5d483b2233caca5f93a6918f346e4cc3702f8cc,60.16531,24.9442,00000000fdda10fe,21.87
7928,2019-08-04T11:06:21Z,bd7fa2c07b7e0eab8afb3d9825a810643c2eb71f83c09a1e26cac54c,60.16762,24.95415,000000006b44cce7,10.78
7929,2019-08-04T11:06:21Z,bdc8bd416444be70683b3475302093428e4abe14284e9579617fe8ea,60.1638,24.96846,00000000d747f075,27.28
7930,2019-08-04T11:06:21Z,bf1bf5222ce141fbaa484d3bbf568d521b90699d69ec5fc413c9d716,60.17002,24.94407,000000006b087f40,17.4
7931,2019-08-04T11:06:21Z,bfd5c2630b36fde15de01ea74e598d035402cf1edb7c9230617927e0,60.16762,24.95415,000000006b44cce7,3.09
7932,2019-08-04T11:06:21Z,c0a0ca3433586ed2ae0e448f2406fabac7292ac79d49562e0bd5cef8,60.16762,24.95415,000000006b44cce7,13.75
7933,2019-08-04T11:06:21Z,c10ea5737569b2a03f49eba95e66b0cc8ed2a5b8136964be3395e452,60.16762,24.95415,000000006b44cce7,14.89
7934,2019-08-04T11:06:21Z,c27fee8ae8d689338b043608280c83cfa6f3276d3837ecea5f742dc3,60.16762,24.95415,000000006b44cce7,6.46
7935,2019-08-04T11:06:21Z,c2cc33e5b1b8d254d4bcbc0ffa13c9200676a39a191cc31a38d28d8d,60.17065,24.93641,000000000f4919c9,7.69
7936,2019-08-04T11:06:21Z,c2d88bc74172eb47d26ee5d739980baa7fc011b9973f9f18b482aa81,60.17065,24.93641,000000000f4919c9,31.5
7937,2019-08-04T11:06:21Z,c2e135ad2c160277e290705658ac41d7cd35b11ebf61d829fdd0b428,60.14699,24.922,00000000a53ed894,9.12
7938,2019-08-04T11:06:21Z,c3d7f6d625359ad4042bacb37751e1e5a2b377cbba0ee8788cfc2df4,60.16829,24.94214,00000000afef4555,25.36
7939,2019-08-04T11:06:21Z,c45e3c4e8ec0fc85457d3b4ed4c49ed0116b4cf447e2983f353abcd8,60.16829,24.94214,00000000afef4555,12.69
7940,2019-08-04T11:06:21Z,c4c3ad738ca47920bb66939f620126c87f730c644813158554916827,60.16762,24.95415,000000006b44cce7,7.69
7941,2019-08-04T11:06:21Z,c6b0ea433c3fdc73e0bac7e3faa2690506c4e8ec7fc54210446a7ffa,60.14947,24.91438,000000004ef3150d,13.75
7942,2019-08-04T11:06:21Z,c7160ae9aa31ca4dba615425303b1e527f342ede653be387ee54389c,60.149,24.9843,00000000fffb8cf0,33.81
7943,2019-08-04T11:06:21Z,c739921adb150c53f1887c6ce887adc6cd7ae7e35e69f6e4dc52fe81,60.173,24.92524,0000000096918cfa,11.7
7944,2019-08-04T11:06:21Z,c7ced11121537f55bcd7d7ab67312226dafe7c85320c5357a35d5ab7,60.17002,24.94407,000000006b087f40,17.4
7945,2019-08-04T11:06:21Z,c8f8a7a901c692af2aec8031d27f0b7efc946f113895771f87fefe1c,60.14947,24.91438,000000004ef3150d,20.28
7946,2019-08-04T11:06:21Z,c990a15d27cfc21e63b7c96b95949254f1194e8b27118386a589e2bd,60.16897,24.95222,00000000aa852af1,17.4
7947,2019-08-04T11:06:21Z,ca7e21c0db365260bfdd3777ca23eb68b4e644e27fd5343b28a59cde,60.16762,24.95415,000000006b44cce7,11.7
7948,2019-08-04T11:06:21Z,cb2f32be2e27fc44ead887ff7f76c0199bf68b2c6711e6880f4acd01,60.16762,24.95415,000000006b44cce7,5.91
7949,2019-08-04T11:06:21Z,cb37b8fad0bc758cf37d7ea1052f3a98f29282ae37ec635d6eb2c511,60.16762,24.95415,000000006b44cce7,9.92
7950,2019-08-04T11:06:21Z,cd7d0e9404c9f4e8fab0742460b9acb4d5bbb97f44df80d4a8b973cd,60.17002,24.94407,000000006b087f40,4.5
7951,2019-08-04T11:06:21Z,cf0d1bc07c8e83081b3e5c92d4f7a6b7ec21e59c071ebd8895e9a354,60.16897,24.95222,00000000aa852af1,18.79
7952,2019-08-04T11:06:21Z,d04b5065ec93818b731141027d11e6a1cf53de69b9737d7aea0c34da,60.14947,24.91438,000000004ef3150d,9.92
7953,2019-08-04T11:06:21Z,d09310020224f0dde4e9f62595b66c66af964fc07015ab2b416dc932,60.16544,24.95398,0000000038d83d41,27.28
7954,2019-08-04T11:06:21Z,d162ad46250f7d87af446db22df4aa6b2eb2bf22f83beca34e857743,60.16762,24.95415,000000006b44cce7,9.92
7955,2019-08-04T11:06:21Z,d20f68571773330f7b6490b006b2e952c9912b4ee05e20f0fc434698,60.16629,24.95957,00000000fb7600be,20.28
7956,2019-08-04T11:06:21Z,d2b816bfc9982b3f48d8baa389dc18ef7a57d3dcba72567b2865e2e2,60.16762,24.95415,000000006b44cce7,12.69
7957,2019-08-04T11:06:21Z,d2fd0c6415d2d8e49fef3415fb8747b524191b4400a4fbb66428cb12,60.14699,24.922,00000000a53ed894,18.79
7958,2019-08-04T11:06:21Z,d68f1946805ba3d30f9ba25280986fbe003f3b5dce7245b633e0cb5c,60.16762,24.95415,000000006b44cce7,9.92
7959,2019-08-04T11:06:21Z,d6a8c97f1ec18c7a90d3beae358bad67f8d53626258a852e15b08c5d,60.14699,24.922,00000000a53ed894,13.75
7960,2019-08-04T11:06:21Z,d71a315bac918f9a18fcd820731e6d9eb54fb0d01c324ca088ef8858,60.149,24.9843,00000000fffb8cf0,17.4
7961,2019-08-04T11:06:21Z,d7b3daaab1b36d8d95f7672a0339b99b2a16483fc1c71c5177aeb948,60.16829,24.94214,00000000afef4555,25.36
7962,2019-08-04T11:06:21Z,d86f155736e4d36de5d33bdbb3b12b717b75de44852b93419af20945,60.16829,24.94214,00000000afef4555,29.32
7963,2019-08-04T11:06:21Z,d925f2c5a4c782cc81569c4da4d665d5154d72bcbc363654ac4cd315,60.17065,24.93641,000000000f4919c9,17.4
7964,2019-08-04T11:06:21Z,d93fdd9bc3977abe9d2be18a17b3e7b11380d543e1a1a4923c6d10f1,60.16897,24.95222,00000000aa852af1,23.56
7965,2019-08-04T11:06:21Z,da2398acaae7f39c7b80c220d4e6917bdc7655f4c71b6e36d06cb859,60.18203,24.91341,00000000342570c2,14.89
7966,2019-08-04T11:06:21Z,db45583e1f7aaaf54e100214986dfc86aa755383e86d361639a5b19b,60.16762,24.95415,000000006b44cce7,4.5
7967,2019-08-04T11:06:21Z,db4d3f81708de827ce30c4130610fd65b4d6d451ca5cf6b0c4e745d9,60.16829,24.94214,00000000afef4555,20.28
7968,2019-08-04T11:06:21Z,dbd2fa33dbaac339a8c9d8e04576b1088999b9314914676a2247737c,60.1638,24.96846,00000000d747f075,29.32
7969,2019-08-04T11:06:21Z,dc816e92e4a2eceea03f41fc379fda0e3d57b5d0fbd9a06430432022,60.16762,24.95415,000000006b44cce7,11.7
7970,2019-08-04T11:06:21Z,dd8e0699822b1a8a3f8a91fcb10729f6f7cd0a4736f36dc60974c36e,60.16762,24.95415,000000006b44cce7,11.7
7971,2019-08-04T11:06:21Z,ddd0e663eb31ac94858d2a4e9af5e4782781e88c92102042190e6fcf,60.14699,24.922,00000000a53ed894,17.4
7972,2019-08-04T11:06:21Z,de71e27b55ef6f2f51f05838a2fcab596f1dd93a14ece5ce4548f5c7,60.14699,24.922,00000000a53ed894,9.92
7973,2019-08-04T11:06:21Z,df7581cafecbd4769f069ddeb493d704327d4ecf55e114bd65ed4ce7,60.16829,24.94214,00000000afef4555,25.36
7974,2019-08-04T11:06:21Z,e01908a975abc95425179eadafdba31d371f1d64674c967686df87a3,60.149,24.9843,00000000fffb8cf0,25.36
7975,2019-08-04T11:06:21Z,e081e4b3252ca91bbf1cbb70faa116d60317fbf3a991a67bc99b4bfa,60.149,24.9843,00000000fffb8cf0,12.69
7976,2019-08-04T11:06:21Z,e0859a9c906151023376d86762070f38ba1b3859e671531b0edac6cd,60.16075,24.95883,00000000f1124bca,21.87
7977,2019-08-04T11:06:21Z,e1da87aea335bcd04e4c876158b96ebc7ba4206bc216c3aa27a2f4af,60.17919,24.95181,000000007b5207b6,4.11
7978,2019-08-04T11:06:21Z,e29168791ccd18013b58845430388cc5aac537e7e1c618aeb78900a8,60.16897,24.95222,00000000aa852af1,14.89
7979,2019-08-04T11:06:21Z,e305610124e16ed1411a221b29ce69a076cc47982efd6c098b0599ab,60.14947,24.91438,000000004ef3150d,17.4
7980,2019-08-04T11:06:21Z,e32e078697e70d6e3cb4b156ada3a4756315227b125615d7b5c116a7,60.16762,24.95415,000000006b44cce7,14.89
7981,2019-08-04T11:06:21Z,e44d7228cecbdb2474e1cc396a6c13943f09c08c19d0ffab1997d509,60.17919,24.95181,000000007b5207b6,14.89
7982,2019-08-04T11:06:21Z,e557e164cd52fd817b02cad6587a294d72b0974d9b014ad69ea5e08e,60.17919,24.95181,000000007b5207b6,10.78
7983,2019-08-04T11:06:21Z,e5928057da667903de0b6c1245e1f58273dd85d63d8af0f4eaa771de,60.16762,24.95415,000000006b44cce7,4.94
7984,2019-08-04T11:06:21Z,e5b9b4813c081a31fb498e7f9adb94918c267dfa125c63790c0d9488,60.149,24.9843,00000000fffb8cf0,4.5
7985,2019-08-04T11:06:21Z,e82fb1b58cd1d81fb46e1dca3b34ae603aa01acb01ef1d8a7178defc,60.16544,24.95398,0000000038d83d41,31.5
7986,2019-08-04T11:06:21Z,e8530b87d248fb9f6f44200a9b5634e7517e8d6d835e921280db51fb,60.16897,24.95222,00000000aa852af1,33.81
7987,2019-08-04T11:06:21Z,e9d59e25b58f33f70aad6832863cb59d7485ca55a1575558f92b74e7,60.16897,24.95222,00000000aa852af1,14.89
7988,2019-08-04T11:06:21Z,ea3eef2f497e934d53c3a02bfa190abb42a24ce200d24c69598dbf84,60.16762,24.95415,000000006b44cce7,8.38
7989,2019-08-04T11:06:21Z,eb09e242059d315d7f929b7befadc641eeddb95492babe81030cbabc,60.16829,24.94214,00000000afef4555,14.89
7990,2019-08-04T11:06:21Z,eb261026c6f65b651ddf21bed629a1e164cfb500d0b78062704ec15c,60.16762,24.95415,000000006b44cce7,4.11
7991,2019-08-04T11:06:21Z,ec485175d2b7a2c53d03bf546aee134c116d998976601b069570c6f9,60.14699,24.922,00000000a53ed894,20.28
7992,2019-08-04T11:06:21Z,eca1a609c675d971fcfba4277d230ccdc2de7805c629b1f5da9cc224,60.173,24.92524,0000000096918cfa,18.79
7993,2019-08-04T11:06:21Z,ecb1735f180422ec69f041cd2782a26c9f07d27a87893b3c30aaa9b7,60.16075,24.95883,00000000f1124bca,3.74
7994,2019-08-04T11:06:21Z,ecf13e9d610ad235409932d263110fd52c69d0f5f39e9ffd3ad8b740,60.16897,24.95222,00000000aa852af1,9.92
7995,2019-08-04T11:06:21Z,ede13c9dc221bbc6c1daf78250fa6547303c06d7606c05ba0bf64547,60.17919,24.95181,000000007b5207b6,23.56
7996,2019-08-04T11:06:21Z,ee81051f10987c5f2ca4f2188c2e87df47f035dfdc62842c4671b11c,60.16629,24.95957,00000000fb7600be,27.28
7997,2019-08-04T11:06:21Z,eea43687eab35d2c386347881796eb1c8279076b9e9642ebc2cd06ac,60.16762,24.95415,000000006b44cce7,3.74
7998,2019-08-04T11:06:21Z,ef15ff71b7dc4c2088249a4fca7e28900ae315245a7a3b4d571bf582,60.16829,24.94214,00000000afef4555,8.38
7999,2019-08-04T11:06:21Z,ef33ccdfcdb12920eabb3306e0f86dc7e6060a5d3864b03e2de7e1ef,60.16897,24.95222,00000000aa852af1,14.89
8000,2019-08-04T11:06:21Z,ef45fdc095ee55730384922266d8fce61de212d3c3df2441ea10e524,60.14947,24.91438,000000004ef3150d,13.75
8001,2019-08-04T11:06:21Z,ef5e495c5f9d3dd9eb22ed5b8faf1cc9e4225d4785ebb26a87d16fff,60.14699,24.922,00000000a53ed894,10.78
8002,2019-08-04T11:06:21Z,f110acae92fec55c6caca5de864773a6b99e5b8d6e2fdf8d1bdbc759,60.16762,24.95415,000000006b44cce7,4.94
8003,2019-08-04T11:06:21Z,f11c02cbebb4049a29f10d2ee6aac8a9ca3b7b9609a39d69463461a1,60.17065,24.93641,000000000f4919c9,20.28
8004,2019-08-04T11:06:21Z,f196f5f8c08299d290b3bac1944e00bb1f2c90594db66438b0c10e6e,60.16629,24.95957,00000000fb7600be,11.7
8005,2019-08-04T11:06:21Z,f1d44b9d3710849eba7eab0b6646053378aa5f8ee3491ec2522f3c44,60.14947,24.91438,000000004ef3150d,21.87
8006,2019-08-04T11:06:21Z,f43b8b2cf2c0bd291543858796d75b211d283ab73dcab5ad5dfd0aeb,60.16897,24.95222,00000000aa852af1,7.05
8007,2019-08-04T11:06:21Z,f4537d3a0c1408b022793f60b53e651b2eac6640fa66b9248338e815,60.16762,24.95415,000000006b44cce7,9.12
8008,2019-08-04T11:06:21Z,f4b9fc6acb673aea24fe00dfbe806b81fedab0c2ea82d781f7659ce5,60.16762,24.95415,000000006b44cce7,9.92
8009,2019-08-04T11:06:21Z,f5f621a5ad5c8c0b240caf1217f9c729b52d1b09d17bcfa8d854047a,60.16762,24.95415,000000006b44cce7,17.4
8010,2019-08-04T11:06:21Z,f5ffa3dbcdd5592ac31344cb04a7a6d639109a4d6e196fa0df3990dd,60.17065,24.93641,000000000f4919c9,25.36
8011,2019-08-04T11:06:21Z,f78ef2ddbe48b534137498eab56c0a55ec0e0b1d8868e82cb5652a0e,60.14699,24.922,00000000a53ed894,7.05
8012,2019-08-04T11:06:21Z,f9f42c3132515705c0013fb8e137897c93844d24acc22cb4ac9384a0,60.149,24.9843,00000000fffb8cf0,10.78
8013,2019-08-04T11:06:21Z,fbea754bd1d1bd41d31d255adcdfb67b3b4c052fc59db33eb47c25b4,60.16897,24.95222,00000000aa852af1,14.89
8014,2019-08-04T11:06:21Z,fda481107ccd1ee84269967e42cbd312252a4216e9c7af4822669a69,60.16829,24.94214,00000000afef4555,17.4
8015,2019-08-04T11:06:21Z,ffb7319984ecae155652e100da9b204f0b92f3b6c7239cfea4dcf966,60.14699,24.922,00000000a53ed894,9.92
8016,2019-08-04T11:06:22Z,004c3624f943830bc6a9f17173a2cd0996622cade5184ad2b9fba729,60.16897,24.95222,00000000aa852af1,7.69
8017,2019-08-04T11:06:22Z,0152988639aaaa9cc27213280c8f0c0c8ec97ae6a45aaaf743c9c25d,60.16544,24.95398,0000000038d83d41,23.56
8018,2019-08-04T11:06:22Z,03e0fc996a589ccdf1871b3c78e089c08c93ba1f2a02d740fb384aac,60.16531,24.9442,00000000fdda10fe,31.5
8019,2019-08-04T11:06:22Z,1142f5b6806b1ec7d8d47d47013eb530d8a7418f6934d8867b20966a,60.16829,24.94214,00000000afef4555,29.32
8020,2019-08-04T11:06:22Z,128f1b89d7a534aa206a7823b692594bbd4d349761baa04c0fc72f2c,60.14947,24.91438,000000004ef3150d,7.69
8021,2019-08-04T11:06:22Z,14c7e1511b70f4dd3359cbece1377aebb4d70531f5489eefe53d7c3c,60.16544,24.95398,0000000038d83d41,29.32
8022,2019-08-04T11:06:22Z,165ebbb4090d47319ae370f0d0854fdc1f6b79499f8b2e4d3c3533c0,60.16544,24.95398,0000000038d83d41,23.56
8023,2019-08-04T11:06:22Z,16c994bb2e24124a910c247376d16e980a65626a94c4c0aaab27df60,60.16829,24.94214,00000000afef4555,27.28
8024,2019-08-04T11:06:22Z,198d6432c579dae0d7ddda6591eb377ca6c01888de802f89ab84b98a,60.16544,24.95398,0000000038d83d41,25.36
8025,2019-08-04T11:06:22Z,1bba37ee9376f8052f3606bb777546c2c4d1e84dad7afd93d4cffa45,60.16762,24.95415,000000006b44cce7,16.1
8026,2019-08-04T11:06:22Z,25a7ff811c3c06e426c7c2cbb0433d9a2a3399b23afecbd35584ab0f,60.18203,24.91341,00000000342570c2,10.78
8027,2019-08-04T11:06:22Z,32dd92b5a658392a4ec84eaf95152ee72258b6b0fb670b97882ac902,60.16829,24.94214,00000000afef4555,7.69
8028,2019-08-04T11:06:22Z,3fe5f4ccfa5c777ceafda0674d7c9da6f509f6694b4c2fa254b32e73,60.16897,24.95222,00000000aa852af1,20.28
8029,2019-08-04T11:06:22Z,434e74155ec054f1bb6122a7ec736a48a27c6f4111995c3f2bb03897,60.17065,24.93641,000000000f4919c9,23.56
8030,2019-08-04T11:06:22Z,44d0b94469070803869f229601e877beb613c3f5aafa009addf97a1a,60.16544,24.95398,0000000038d83d41,23.56
8031,2019-08-04T11:06:22Z,4656bad9b5e6dfc3977eca308fc1db3dbf8b0204b90d09b001da242e,60.1638,24.96846,00000000d747f075,21.87
8032,2019-08-04T11:06:22Z,5d65719c4cbf045f068d084b72302f447d5fd034413d97d13be00d0e,60.18203,24.91341,00000000342570c2,21.87
8033,2019-08-04T11:06:22Z,5eed115a984d490b02b602d73787aee8dc8c4e9365b77fbff3818a76,60.16629,24.95957,00000000fb7600be,17.4
8034,2019-08-04T11:06:22Z,69219e9efa41ae9e732653e9eaf08e1a34cb853a9dafe76ddeea4d04,60.16897,24.95222,00000000aa852af1,17.4
8035,2019-08-04T11:06:22Z,6a70e2fbced719333e21eff04fcb9cb36bae9a04d1a3d6ddd96f2c58,60.15432,24.9211,0000000019fb59c4,7.69
8036,2019-08-04T11:06:22Z,79f136afa0dd8717337c01c70b457c464aaf0fa25b440f51a394ec23,60.16762,24.95415,000000006b44cce7,13.75
8037,2019-08-04T11:06:22Z,87dfaad29a9276ddddb1fa021d3bc23ad14824c1af16f7d87e713689,60.14951,24.92138,0000000006dd41f6,9.92
8038,2019-08-04T11:06:22Z,88808fe92573e9cdf022cc15b9689b6b4b9429f60513c8897b0ba4c7,60.16897,24.95222,00000000aa852af1,16.1
8039,2019-08-04T11:06:22Z,89982a6acf91b79a282a6b63978e946ee205f303fcd20e944e06baf0,60.16544,24.95398,0000000038d83d41,33.81
8040,2019-08-04T11:06:22Z,8c3b1ed0846e38cc84b863a80540c8a75bfd85c8bdda36563d153110,60.16544,24.95398,0000000038d83d41,25.36
8041,2019-08-04T11:06:22Z,92524354048a0b73aacc2745ecface2dec61989197d03321c59b8821,60.14699,24.922,00000000a53ed894,20.28
8042,2019-08-04T11:06:22Z,9843c6216661048343a0e49cf3d8aa2883cf77f452666a1c873a1052,60.16448,24.97323,0000000053c6c2be,14.89
8043,2019-08-04T11:06:22Z,9c8556ea519835172f09c20e7688066eeec8e7f74a0c6fa3df3d9c5f,60.16829,24.94214,00000000afef4555,23.56
8044,2019-08-04T11:06:22Z,a13e5d46f0a2d1c6b58878e1b198905e9b14e3a85b5e4adab88b4b87,60.16762,24.95415,000000006b44cce7,10.78
8045,2019-08-04T11:06:22Z,b33ae7715d6d2571066655c2c8954a5a364b5601869047de83410d9f,60.16629,24.95957,00000000fb7600be,29.32
8046,2019-08-04T11:06:22Z,b936e41d8712ae967f3ebb413fc44f060bb10613f95537757886ede2,60.16762,24.95415,000000006b44cce7,5.41
8047,2019-08-04T11:06:22Z,c40c37def6bf11a63a2556519a7c6233fd417cdeea2cf14f28e7c42c,60.16531,24.9442,00000000fdda10fe,29.32
8048,2019-08-04T11:06:22Z,c97eb4181394121907d47b908495f54e5ee5145ff790f7a1dc21b3cf,60.16897,24.95222,00000000aa852af1,9.92
8049,2019-08-04T11:06:22Z,ca6927628f5ddda20036865c9345ad93d476d62ade3b181de568eed6,60.16897,24.95222,00000000aa852af1,20.28
8050,2019-08-04T11:06:22Z,cd2c2ce2425879ac455c812073aa8025c7bac76df380e4793edab46d,60.16829,24.94214,00000000afef4555,20.28
8051,2019-08-04T11:06:22Z,cf05623e4d87ce0906c0b0b7dbf53aacc1228016cd27c341228b6e76,60.18203,24.91341,00000000342570c2,18.79
8052,2019-08-04T11:06:22Z,cfc0bedb78ded52749db3188cb188bf6a250ef5990da9c5afa9623fc,60.14951,24.92138,0000000006dd41f6,20.28
8053,2019-08-04T11:06:22Z,d0bb9fef9a0ef26adcdd4732c9c20361bce49826f32c2892242831b8,60.16762,24.95415,000000006b44cce7,21.87
8054,2019-08-04T11:06:22Z,d15e7dd5136b83a36b80f68b15b4163e9a4e277740c84a30cc7a4bcc,60.16829,24.94214,00000000afef4555,21.87
8055,2019-08-04T11:06:22Z,dbeb00942457ba3c5fb1984b57b1dedb268c0e761e80729b939f1fd8,60.16544,24.95398,0000000038d83d41,25.36
8056,2019-08-04T11:06:22Z,e224ae5ea47af2e3048f83b13a1f45dc135c0ca6be72547b01729086,60.1538,24.95595,0000000038bf9618,23.56
8057,2019-08-04T11:06:22Z,e764c1a69976425ee9c1982ca445db7a575a9d610bcb2215eeb2a728,60.14947,24.91438,000000004ef3150d,10.78
8058,2019-08-04T11:06:22Z,e8e366e76c97944e23c0f80b4fd3ce6e5832744922297146a49f0c7e,60.16762,24.95415,000000006b44cce7,11.7
8059,2019-08-04T11:06:22Z,e96bd269a48b822b06141c3362fcb6d5ed4d0d09a120f2e4a712d5c2,60.16897,24.95222,00000000aa852af1,29.32
8060,2019-08-04T11:06:22Z,ed70dda6b7faebd4340dacdb452ab224d9d3c308df417b7fa76f54e8,60.14951,24.92138,0000000006dd41f6,21.87
8061,2019-08-04T11:06:22Z,f088630d7476dae7d4b7e2bb1f10575f2c89acb4b6e061f3d57c2b40,60.16531,24.9442,00000000fdda10fe,21.87
8062,2019-08-04T11:06:22Z,f31cfded6f566f9c032c80c52ea642407be312c5d42521ab7a8d3e2a,60.16897,24.95222,00000000aa852af1,20.28
8063,2019-08-04T11:06:22Z,f405a7c4a3a4339f8e3f7e552f6492d6eed76f7d08c54943286213de,60.16762,24.95415,000000006b44cce7,13.75
8064,2019-08-04T11:06:22Z,fc4f3a44235f1cfc7b53f14ba2da599976a5a0a220d23b852688e485,60.17919,24.95181,000000007b5207b6,8.38
8065,2019-08-04T11:06:22Z,0043f38f4fb6545d7c033c9a8f8c18106aa0c2c841f28a15dd722e9d,60.14699,24.922,00000000a53ed894,12.69
8066,2019-08-04T11:06:22Z,007540b1ada16f6000987e20cd81a3deb18b2aea4cb95b50e099dcee,60.17065,24.93641,000000000f4919c9,20.28
8067,2019-08-04T11:06:22Z,00df07521690a1fb6e56d9506781a9888bb54e5230f6de1be64ba13f,60.14951,24.92138,0000000006dd41f6,18.79
8068,2019-08-04T11:06:22Z,01e47d49d859d6875c51173a8f2159c35733cff5d2c3e5044b4b42d1,60.16829,24.94214,00000000afef4555,11.7
8069,2019-08-04T11:06:22Z,0236a1d5b9b9d2249407a79705eee38de360ceb0530a8959ba5bc15b,60.149,24.9843,00000000fffb8cf0,13.75
8070,2019-08-04T11:06:22Z,02a354db29cd5bc16976a9d933e03a41be350f9cc78098829a7dcfd4,60.14947,24.91438,000000004ef3150d,18.79
8071,2019-08-04T11:06:22Z,0625280cf414aa015aa8b4d504d6fc74879a1144b913e254fec5db9d,60.16762,24.95415,000000006b44cce7,12.69
8072,2019-08-04T11:06:22Z,0656a0c0a353f164b57fbdd9e648d71fab429964d97ed07ab2c5dc30,60.18203,24.91341,00000000342570c2,25.36
8073,2019-08-04T11:06:22Z,07505f028a552fd4183a9d7a436db18ae89a2dfeff0cdea93dcbe920,60.16762,24.95415,000000006b44cce7,9.92
8074,2019-08-04T11:06:22Z,08833115ba0f62666fee594662c171563759459bb5f65ffdfeaeaed1,60.18203,24.91341,00000000342570c2,29.32
8075,2019-08-04T11:06:22Z,096c3b0de1dab1407cd4d3330546404c0d62ce025924420496380f89,60.16762,24.95415,000000006b44cce7,4.11
8076,2019-08-04T11:06:22Z,0a875ca08ae7654af6e570e7245816939a3a61213bedf03765dc6f53,60.16897,24.95222,00000000aa852af1,29.32
8077,2019-08-04T11:06:22Z,0a949aafc0be15c68d73a5dd186d726aa6b921f44303a712ac6ddcb8,60.16762,24.95415,000000006b44cce7,4.94
8078,2019-08-04T11:06:22Z,0af61169cceddbd5c08068ba987231f31931944ac70a7335e59fce93,60.16897,24.95222,00000000aa852af1,25.36
8079,2019-08-04T11:06:22Z,0b45b52bc137c31ce83561c857f809296ec70f5537976a4a4d573d4f,60.16829,24.94214,00000000afef4555,20.28
8080,2019-08-04T11:06:22Z,0b49dcea1b7eab22f4ebd0c7666ded5b59fe092b8bdd4aa9eda6326d,60.16762,24.95415,000000006b44cce7,1.54
8081,2019-08-04T11:06:22Z,0c959027ce302054b09087cac97a83aa7e24fb9e4fa2710763f912cb,60.16829,24.94214,00000000afef4555,8.38
8082,2019-08-04T11:06:22Z,0d2490ed58c11eb4a754a30cc4bcb21c7243d322a2caf7cc360e4e8c,60.17065,24.93641,000000000f4919c9,10.78
8083,2019-08-04T11:06:22Z,0dc12f22306d5f6622fc786011f32f1961a5f94018be9c2236fb2e52,60.14699,24.922,00000000a53ed894,18.79
8084,2019-08-04T11:06:22Z,0e113c5ed3abcdfb31d27c3125f6cf01e3b96e4ed7eca1aaea855f77,60.14947,24.91438,000000004ef3150d,13.75
8085,2019-08-04T11:06:22Z,1083b7adffac22c0fd933b3dd2c5bb41ddc6258467eed8d56f93dc01,60.16762,24.95415,000000006b44cce7,18.79
8086,2019-08-04T11:06:22Z,10ca87ada637a6524de98a11c8d3d3d3cfa8f7f5ea839b29c2b132a0,60.16762,24.95415,000000006b44cce7,25.36
8087,2019-08-04T11:06:22Z,1107822441d53ff89eb9cb0d022a37202aed47bd82dca4bc175d6837,60.16762,24.95415,000000006b44cce7,10.78
8088,2019-08-04T11:06:22Z,118cffafccf902fa0dea50f220191f4eb7938f02c841bd3952fa3484,60.16762,24.95415,000000006b44cce7,18.79
8089,2019-08-04T11:06:22Z,1327ce24f157334f864f913637993c80380ce5f5c911e4b0d31c5eb7,60.149,24.9843,00000000fffb8cf0,2.8
8090,2019-08-04T11:06:22Z,135b81a7a5a9dd70569656553c100af6fdc760bcf92d9b7b48261cb1,60.16897,24.95222,00000000aa852af1,27.28
8091,2019-08-04T11:06:22Z,13642b7e0e8736c4a98c34d439cb4ce8b15f38cc350996301ebcbdf3,60.16629,24.95957,00000000fb7600be,25.36
8092,2019-08-04T11:06:22Z,1374f31e71652faf3e69316a295c22d59e560f15e35f42b003a89222,60.14699,24.922,00000000a53ed894,23.56
8093,2019-08-04T11:06:22Z,13b0a8ca1414d7b2b0e8d5f80069a5d26c6f62a68b58eda25a4b85f4,60.16829,24.94214,00000000afef4555,7.69
8094,2019-08-04T11:06:22Z,163dbc381da1ed6a59dda273955da51bb7f1216e1b8e226446d40e4b,60.1538,24.95595,0000000038bf9618,50.98
8095,2019-08-04T11:06:22Z,169c77f0d714e38eb1e798b14fa42ce3fefb0ec1d6f9e93a38a872f1,60.16762,24.95415,000000006b44cce7,6.46
8096,2019-08-04T11:06:22Z,182e58bd6c3c8d836225d454a878bc55d8ed5166564a22f8b635f6ff,60.14947,24.91438,000000004ef3150d,16.1
8097,2019-08-04T11:06:22Z,1921be9815a57f11f291ca085add7b4bf1d044518b03b725df7cf7d5,60.149,24.9843,00000000fffb8cf0,20.28
8098,2019-08-04T11:06:22Z,1a06b5f7f305badd45e93db9d86d76ed3a2a96ec55ec47c836921e3e,60.16762,24.95415,000000006b44cce7,7.69
8099,2019-08-04T11:06:22Z,1a623175e52f0b1da44bc24027c8d374dbd7710157b6a78e417b7cda,60.16762,24.95415,000000006b44cce7,21.87
8100,2019-08-04T11:06:22Z,1a9a0f74c353624c42c19c007e82c9c2547b7285d8353d0e375e3f05,60.14699,24.922,00000000a53ed894,7.69
8101,2019-08-04T11:06:22Z,1c8c3befa38b65f707dd4933a68e5e3c9e7c82592fd382779127416b,60.16897,24.95222,00000000aa852af1,18.79
8102,2019-08-04T11:06:22Z,1ce242f8d8220cd38bf3ea9138c99ae9b2f79b28e68edb864f090ec9,60.149,24.9843,00000000fffb8cf0,14.89
8103,2019-08-04T11:06:22Z,1dacfb371d75dd4f90f447aac2a00faad98beb4188a6971c19eb2375,60.16629,24.95957,00000000fb7600be,20.28
8104,2019-08-04T11:06:22Z,1de509b10ed308796e82bb0f51f17f68e2fdfbcc3d6bed69c40eb7fd,60.173,24.92524,0000000096918cfa,21.87
8105,2019-08-04T11:06:22Z,1f6e5095c2c365e120a526c9111895459bc08fb351b964a350cdb64f,60.16762,24.95415,000000006b44cce7,9.92
8106,2019-08-04T11:06:22Z,1fa2c533bba37b249a0105001153733e67a559d40c22cab67f135f64,60.14947,24.91438,000000004ef3150d,8.38
8107,2019-08-04T11:06:22Z,2136558e0a9a89ed5aa044485a8e31bff3b7e5acf38c645a06782afd,60.16448,24.97323,0000000053c6c2be,27.28
8108,2019-08-04T11:06:22Z,21e1b0aebd1c050ac0463a0269b847e7e94b782ed10399e5e749817f,60.16829,24.94214,00000000afef4555,21.87
8109,2019-08-04T11:06:22Z,227b93698b29687beea48184f42aab63a21fa362af7251be32db2e15,60.16531,24.9442,00000000fdda10fe,3.4
8110,2019-08-04T11:06:22Z,23f10190151386d4050571cb299410bc0285ed980b0a00f088e01cf0,60.16762,24.95415,000000006b44cce7,9.92
8111,2019-08-04T11:06:22Z,2535cb5c89ec66044a005b03dd769ca8d0022164a816c06db0e49892,60.16762,24.95415,000000006b44cce7,2.08
8112,2019-08-04T11:06:22Z,2671a156fa8d8bb05970481c8f83bcf9f261f73dae27f2bb9ac88aeb,60.14699,24.922,00000000a53ed894,7.69
8113,2019-08-04T11:06:22Z,2724e42551f43106ea58a8fcc6a43953baa1294cd65e17a90012f706,60.17065,24.93641,000000000f4919c9,0.84
8114,2019-08-04T11:06:22Z,28741c2e5e348fe81dec0518a21c0930c98a25b6fcece61a262d50de,60.14699,24.922,00000000a53ed894,7.69
8115,2019-08-04T11:06:22Z,296a0ffe230305a3d37818a0369b56c99dacdd5df5a161bf238e1084,60.16762,24.95415,000000006b44cce7,12.69
8116,2019-08-04T11:06:22Z,2977d3c4f181abb6662adf1d466a62167e2690a9c94dc53e5aa6a904,60.16762,24.95415,000000006b44cce7,7.69
8117,2019-08-04T11:06:22Z,29b5f09785ef76627c2a3f043e1182d11fbd3a465422544c7478aa1c,60.16897,24.95222,00000000aa852af1,33.81
8118,2019-08-04T11:06:22Z,29f5adc4d67413b7d368e8e94a41cf48339e3f5f0903f660170c4fe8,60.17919,24.95181,000000007b5207b6,20.28
8119,2019-08-04T11:06:22Z,2af353f8c54bb0d9e6ff34e08578e5263b7fac68ab82cf9559293cb9,60.16544,24.95398,0000000038d83d41,25.36
8120,2019-08-04T11:06:22Z,2c85e4140ca0ba77c3598ceac05eb2c2342409ce8111c863fc58c606,60.16829,24.94214,00000000afef4555,1.25
8121,2019-08-04T11:06:22Z,2de87ef94604fb63bec05eefb71b6cdd0b9807f8551159c2a35e7259,60.17065,24.93641,000000000f4919c9,4.11
8122,2019-08-04T11:06:22Z,2e6e6f89a7d75f0742d016de203c9acc8d6f6bdeb7b56bd12f482653,60.15432,24.9211,0000000019fb59c4,16.1
8123,2019-08-04T11:06:22Z,2fe2e4165984d7880628aec591ce4747f18947da70312e6afca2946b,60.14699,24.922,00000000a53ed894,23.56
8124,2019-08-04T11:06:22Z,30bee351808d5e8082ce012b57f5bc0efc80f8394491a182e0eeee32,60.17919,24.95181,000000007b5207b6,29.32
8125,2019-08-04T11:06:22Z,31659a798f1d780d587f07390c038a78fafa6cabb8180dba635863ce,60.17002,24.94407,000000006b087f40,17.4
8126,2019-08-04T11:06:22Z,3226c88241c6ac9d643c1843f44b6e5ee10df5f15a695e360582a9be,60.16829,24.94214,00000000afef4555,25.36
8127,2019-08-04T11:06:22Z,33a5da4eacfc49fefa067790c9fada1a86d9793367ded845a46f0779,60.16829,24.94214,00000000afef4555,13.75
8128,2019-08-04T11:06:22Z,3417d8a6b53687e70f126ebeb1d26a2ff6369dc9a551c3c35c5a04f9,60.17002,24.94407,000000006b087f40,16.1
8129,2019-08-04T11:06:22Z,35f337dd3baf0bc08002ec007d609b685ac29bb2a8bcad6783532a6b,60.16829,24.94214,00000000afef4555,16.1
8130,2019-08-04T11:06:22Z,374083907dd8980893623726af5633afd59b519c885ad12ba5c674eb,60.17002,24.94407,000000006b087f40,10.78
8131,2019-08-04T11:06:22Z,386dea4944e0b83648b4b6faf510fd47b0e9e29a2bb9311fe8a80ee2,60.17918,24.95141,00000000675d5200,23.56
8132,2019-08-04T11:06:22Z,38fe4d3136f12b444ebe10b0db89d752ecc9527c799d1dbb1a3f12e1,60.1538,24.95595,0000000038bf9618,31.5
8133,2019-08-04T11:06:22Z,399c89d38707c522dfc1c6f596506daea1a2d8189c1ed2deb91b992d,60.16629,24.95957,00000000fb7600be,23.56
8134,2019-08-04T11:06:22Z,3ac85712ab657e849113d439795c4e7325d1025cacdbd9a41174b031,60.17002,24.94407,000000006b087f40,25.36
8135,2019-08-04T11:06:22Z,3ac9d056b0f04f774b238a125eb996d46437f7a8c5f6ba6712e971cf,60.17918,24.95141,00000000675d5200,9.92
8136,2019-08-04T11:06:22Z,3b355c039877bd4883845f3fc6ad8dd6f41f170274042f1397585680,60.149,24.9843,00000000fffb8cf0,23.56
8137,2019-08-04T11:06:22Z,3b5030adc7c303403a6333a1a6d35474c2f21c1d20ece72180660423,60.14947,24.91438,000000004ef3150d,16.1
8138,2019-08-04T11:06:22Z,3bd8214bd5284efaf354ec2a0dd2847f6051ceaace6a2691ff085d3d,60.17065,24.93641,000000000f4919c9,20.28
8139,2019-08-04T11:06:22Z,3c7df7d16658abc47ed9e66342a99269fee33785ea550021877f84a4,60.18203,24.91341,00000000342570c2,29.32
8140,2019-08-04T11:06:22Z,3d30fee9b8d261e48f2751481d420879a4ae47073273d8ad4c3ffcda,60.16762,24.95415,000000006b44cce7,12.69
8141,2019-08-04T11:06:22Z,3eadf2e0f804ddeb7c074a4483ea32763854821ff327d87327a9fa3e,60.17002,24.94407,000000006b087f40,33.81
8142,2019-08-04T11:06:22Z,3f67c6713a6cca446a46616c9970c7a2ddffb03f21e10c8ea9b2f380,60.16897,24.95222,00000000aa852af1,20.28
8143,2019-08-04T11:06:22Z,3fde075082af3062c2bebc5e09ad55bda3de70b5f492bdfb21f284c9,60.173,24.92524,0000000096918cfa,3.09
8144,2019-08-04T11:06:22Z,3fe4e214448b0c9a8dfbee81c347d82a8f0b26859201fb1d77f40fa9,60.16762,24.95415,000000006b44cce7,9.12
8145,2019-08-04T11:06:22Z,40d64df305477f26745a445a97098d36570a8e02616b93a3f562bb21,60.16629,24.95957,00000000fb7600be,17.4
8146,2019-08-04T11:06:22Z,41fffd70db0364ae9e08f76f74848590a4ed6784433df3a7ff00d7a5,60.16762,24.95415,000000006b44cce7,12.69
8147,2019-08-04T11:06:22Z,4259ea4be61641ef15bcf103aabbda808376b164c83d20d3be269e1d,60.17065,24.93641,000000000f4919c9,29.32
8148,2019-08-04T11:06:22Z,42d34a6c595760e51052178acc978bdb2b6348e0405f7b58c57f0915,60.16829,24.94214,00000000afef4555,9.12
8149,2019-08-04T11:06:22Z,4472fa277123afabdf2402fc2a3c5bff2be437e6d56b590278de70fc,60.17065,24.93641,000000000f4919c9,25.36
8150,2019-08-04T11:06:22Z,44cd8828dd4aa11ea599139af3d3aafbcd09ca0c2558f26ed1c72e17,60.14699,24.922,00000000a53ed894,13.75
8151,2019-08-04T11:06:22Z,44d01b24bde0f8031d7cf15bb66e661ad9bd92807f3213fabf920fa1,60.16762,24.95415,000000006b44cce7,5.91
8152,2019-08-04T11:06:22Z,465eab28635efe98500085ceb161cf941d02272a0107fbbfb2203c29,60.16829,24.94214,00000000afef4555,17.4
8153,2019-08-04T11:06:22Z,46b81e0dd10fe05195c050bacd41d57feeca0e044b6b317ac22a8656,60.16762,24.95415,000000006b44cce7,12.69
8154,2019-08-04T11:06:22Z,47cd1dcac88434ffdc4b868e7f1d8d8a604700564bc83a7c0a3928be,60.16762,24.95415,000000006b44cce7,2.8
8155,2019-08-04T11:06:22Z,47f787c639f2eed345eb5dca409ffcd989850399a1ab781500dd6e82,60.17919,24.95181,000000007b5207b6,13.75
8156,2019-08-04T11:06:22Z,4833b1ea4f519407574f5a838d93a39de28c756c5f53de7ee273b577,60.14947,24.91438,000000004ef3150d,7.05
8157,2019-08-04T11:06:22Z,49084ae4b6419be9e7bb0c9b1420142e07d6ac3c17c07c26895461ed,60.16829,24.94214,00000000afef4555,16.1
8158,2019-08-04T11:06:22Z,4a54cbed9c373a4136f8851f3f5736eb2fadd5766d316eb5ebbdd231,60.17919,24.95181,000000007b5207b6,9.12
8159,2019-08-04T11:06:22Z,4b5b3e8f2b484bc08b196c265f65c70151bd69f6263318eb29125db2,60.16829,24.94214,00000000afef4555,9.92
8160,2019-08-04T11:06:22Z,4cf634fc84e128c3b9bce07a4b726d136e18f0eea4229fdbb48f6db1,60.16897,24.95222,00000000aa852af1,9.92
8161,2019-08-04T11:06:22Z,50a06af190dfb27cbd4d6ca55980b1379ec795af8b9e5ebc00d73257,60.16762,24.95415,000000006b44cce7,8.38
8162,2019-08-04T11:06:22Z,51789c3026ccfe7e846e44fcd833d006941c2789b9693c77df5a7c98,60.16762,24.95415,000000006b44cce7,9.12
8163,2019-08-04T11:06:22Z,52daa31a2b3c1c07f78d96ebb4de3a965da5ef0a8035afbd0f7451fb,60.16531,24.9442,00000000fdda10fe,14.89
8164,2019-08-04T11:06:22Z,541f330d2ded03609f551d02b8149da9cd07ee36aeee630f8fc9de8c,60.14699,24.922,00000000a53ed894,16.1
8165,2019-08-04T11:06:22Z,542a405b620e6d166ecc5eadd979b3936d831cea3aa7b75316adb4ca,60.16897,24.95222,00000000aa852af1,12.69
8166,2019-08-04T11:06:22Z,549e8785d3249c38e0c577947392ab324d318a5a9b125b5d03e023d2,60.17065,24.93641,000000000f4919c9,33.81
8167,2019-08-04T11:06:22Z,5518b2315c236d486c7a5a4fc27c44987672b2f9a0751ffdaa9cbf78,60.16829,24.94214,00000000afef4555,8.38
8168,2019-08-04T11:06:22Z,556fc7de48590c611e7667223734e0a1067b495fc95d297c742e1d23,60.16762,24.95415,000000006b44cce7,16.1
8169,2019-08-04T11:06:22Z,55ef40e7f1190c784945077ba4837117228219e070bf66338d7fd43e,60.16829,24.94214,00000000afef4555,23.56
8170,2019-08-04T11:06:22Z,56101419005237b836e4ed14d91dfa6f9edc4c92b5fcb419943897bb,60.16762,24.95415,000000006b44cce7,9.92
8171,2019-08-04T11:06:22Z,56318cc7f3616fceec2564cbb1f6ca8b88ea861935a1ada93aafd7b0,60.16897,24.95222,00000000aa852af1,20.28
8172,2019-08-04T11:06:22Z,565a35900ed1794a9d566f6fc12f2710875a10eb7c8e6fa0ddd92626,60.14699,24.922,00000000a53ed894,16.1
8173,2019-08-04T11:06:22Z,571934189bf349efb6f596e76c21612cf9b82ed44913090169936048,60.17065,24.93641,000000000f4919c9,12.69
8174,2019-08-04T11:06:22Z,584cb0b0cdd14e608c8b57c8aecc9826f9b40027e365e2438a444ea2,60.16762,24.95415,000000006b44cce7,10.78
8175,2019-08-04T11:06:22Z,586f70961bf72597ce00f89d3602178ecc6ac8838a8acec48bba7f9f,60.14699,24.922,00000000a53ed894,11.7
8176,2019-08-04T11:06:22Z,58ee8fd47328b1c696ec343920f2c0353d19a915924eb6f6f2638e56,60.16762,24.95415,000000006b44cce7,9.12
8177,2019-08-04T11:06:22Z,59b87e6921598d25b092b66e140328fa03c9f06fe4e697dd344f378a,60.17002,24.94407,000000006b087f40,17.4
8178,2019-08-04T11:06:22Z,59fe7e983925b95c1e693bc83e80583c7903ab1db8d8179eaaa7e062,60.17065,24.93641,000000000f4919c9,41.64
8179,2019-08-04T11:06:22Z,5a755f0653ee0e334448418099ed85023db0a9984c280cfbadd74160,60.173,24.92524,0000000096918cfa,21.87
8180,2019-08-04T11:06:22Z,5d9aa6fcb0d81ceaa80ca13cc08a88138be517656646e0ba0942ce46,60.16897,24.95222,00000000aa852af1,10.78
8181,2019-08-04T11:06:22Z,5f5805a3ffd092506452c4d45ea8fc037ae23ea726f0b0809ca6ffde,60.16829,24.94214,00000000afef4555,17.4
8182,2019-08-04T11:06:22Z,6022019a95573b888ca7b3161da098935ea0ad7793437ee40a32a5f3,60.14699,24.922,00000000a53ed894,21.87
8183,2019-08-04T11:06:22Z,6138e6ab3e1e74425af8945a6fcc294c1469a0b9c448b780bcf9d2e2,60.14699,24.922,00000000a53ed894,11.7
8184,2019-08-04T11:06:22Z,6221f621a5531b00d84f5763e1c2fbd49b78010cd65be83c238f4661,60.16629,24.95957,00000000fb7600be,23.56
8185,2019-08-04T11:06:22Z,62d86ee13e6ae7a5c41ffc2de746df72d4ef6e8d2b6a51ce1c68965f,60.16829,24.94214,00000000afef4555,12.69
8186,2019-08-04T11:06:22Z,62e27092b58abcaf80564c408d0d4a7b821abaee92dc2f02ccb11e61,60.16762,24.95415,000000006b44cce7,6.46
8187,2019-08-04T11:06:22Z,642854fedcb321ee00b4d97213dec89eceebdf9bf1641d8f90533887,60.16829,24.94214,00000000afef4555,23.56
8188,2019-08-04T11:06:22Z,6516dabf89c263b3e81ba60bcba8052b571d4c12484126d3a5f20ef1,60.149,24.9843,00000000fffb8cf0,33.81
8189,2019-08-04T11:06:22Z,658aacab016460cfc38879944e374640737b32d7291a40aed8b8845c,60.16897,24.95222,00000000aa852af1,21.87
8190,2019-08-04T11:06:22Z,66755836036c771e53ffd9d0dc09b8575231b53b80af22e868691a2a,60.14699,24.922,00000000a53ed894,11.7
8191,2019-08-04T11:06:22Z,67b49046c3bb96e9e2f8d9396871ed7976dd35efb6c386141325f95a,60.16897,24.95222,00000000aa852af1,11.7
8192,2019-08-04T11:06:22Z,69852d528034ea6fc746ed8942c32f1c90bc33a7a7317dfac3c9b1c1,60.14699,24.922,00000000a53ed894,4.94
8193,2019-08-04T11:06:22Z,69d8c906060e226ff0f0f7e78029575f2ee07ebec657a3b641419268,60.14699,24.922,00000000a53ed894,13.75
8194,2019-08-04T11:06:22Z,6a0ef27c461c686b1a51504b40c03c455e047bf9777bf46808e0ca04,60.16762,24.95415,000000006b44cce7,10.78
8195,2019-08-04T11:06:22Z,6ac1903c80e63433e4bc744dc0e801bff647117d38d3753fb9a6a4c1,60.173,24.92524,0000000096918cfa,29.32
8196,2019-08-04T11:06:22Z,6c067fedd37418c79b0bf5c752174bb0d07d27f5d300e2fb737a4dcc,60.16829,24.94214,00000000afef4555,21.87
8197,2019-08-04T11:06:22Z,6c97da4ba9462e7fe786a472989dab23340d31809dd78d5617204da4,60.16829,24.94214,00000000afef4555,11.7
8198,2019-08-04T11:06:22Z,6e492dbc3f10157e7ff00826a839a97262ab36244ccc57b702a89999,60.16531,24.9442,00000000fdda10fe,9.92
8199,2019-08-04T11:06:22Z,6faf62fbff92729472d61bc9a13a5e72833e55bf713863161f8ca9cb,60.15432,24.9211,0000000019fb59c4,23.56
8200,2019-08-04T11:06:22Z,714e80a1e3c0fee43e312f314b2faec47e582ee8dac47e4818dbc2f9,60.149,24.9843,00000000fffb8cf0,14.89
8201,2019-08-04T11:06:22Z,71516fc8349cfaf2b5c4ab80ade6078494d93d13e9953af15e5ced30,60.18203,24.91341,00000000342570c2,20.28
8202,2019-08-04T11:06:22Z,71c1367c7dea4dfa243172e02b9092c7a0810bef003216681759891e,60.16897,24.95222,00000000aa852af1,21.87
8203,2019-08-04T11:06:22Z,738973c9b5f9882f29075e47ca10e50ba3fb9883da779f41545175f4,60.17919,24.95181,000000007b5207b6,7.69
8204,2019-08-04T11:06:22Z,73f9caa620c77e880d8973e260936b1114db9c96de6accf8398ccec0,60.17002,24.94407,000000006b087f40,27.28
8205,2019-08-04T11:06:22Z,74c2ec2adc228e5b4979284d730fd2de698242f0f06d90f870b8cde6,60.16762,24.95415,000000006b44cce7,1.54
8206,2019-08-04T11:06:22Z,7552783317be1ef797980c3a9ee9c5967d4e7b32765f23c51ffda02d,60.16897,24.95222,00000000aa852af1,13.75
8207,2019-08-04T11:06:22Z,7563e2805259a5bf1add6d88075dae8642e8c22e0ecce584ac3e01cf,60.16829,24.94214,00000000afef4555,23.56
8208,2019-08-04T11:06:22Z,75d452cbba63995ad06213b577081e8db650c80b3a78060789a8e831,60.16762,24.95415,000000006b44cce7,6.46
8209,2019-08-04T11:06:22Z,75dc69a66709d80dc34f816e5b2cbf53ee34b75f4ca9ae28f9ddf14c,60.16762,24.95415,000000006b44cce7,11.7
8210,2019-08-04T11:06:22Z,765243fc3021a21bc913ebdd4ce13c3606a5f0e655244884fa039ee6,60.15432,24.9211,0000000019fb59c4,27.28
8211,2019-08-04T11:06:22Z,7778b1bf816954847791c0bf2bb15bc2de2ab4e44658262629a0b4a6,60.16762,24.95415,000000006b44cce7,13.75
8212,2019-08-04T11:06:22Z,77964c48bd2a8658eeedae4be816422b0ef0be1ee1b6f9093b47f14e,60.14699,24.922,00000000a53ed894,23.56
8213,2019-08-04T11:06:22Z,79249857aa88aacfdce42eef6ed8e8bcca6a4550672e5d4552c120d0,60.16762,24.95415,000000006b44cce7,16.1
8214,2019-08-04T11:06:22Z,79bde23c1a8980f93a65e14306f0d8ea89e164430d8b991e2bfee82e,60.16531,24.9442,00000000fdda10fe,13.75
8215,2019-08-04T11:06:22Z,79f6ceff0d0fc6687b4982c4d38a9ebb0a1056b6e0c448b1b9e79e8e,60.16897,24.95222,00000000aa852af1,18.79
8216,2019-08-04T11:06:22Z,7afc351f0ed7619c18c64ab06971196bb53d53e2d460151ab711bc0f,60.16762,24.95415,000000006b44cce7,12.69
8217,2019-08-04T11:06:22Z,7de4ba54f0d667a69cb0b6d625856bc6b040f51a42f91beae366a269,60.16762,24.95415,000000006b44cce7,9.12
8218,2019-08-04T11:06:22Z,7e78b2348d9576c63ebb626030ee9d43e2bf07e860782adf3f1c452b,60.16829,24.94214,00000000afef4555,20.28
8219,2019-08-04T11:06:22Z,7eefc5581c616491b78192b28b519ba727dc884a87bc06b8df1ea4f2,60.14699,24.922,00000000a53ed894,6.46
8220,2019-08-04T11:06:22Z,7f546f0776433ed1b76ea74186c0aad95eca5439e6cefda07922ef14,60.16762,24.95415,000000006b44cce7,4.94
8221,2019-08-04T11:06:22Z,822590bd49bcf7ed4de4f8389586915c343b29c4283ff8b90d7c1d39,60.17065,24.93641,000000000f4919c9,17.4
8222,2019-08-04T11:06:22Z,82ac749474448abac333d00869cb8b508872f86293913d95eae26a05,60.15432,24.9211,0000000019fb59c4,6.46
8223,2019-08-04T11:06:22Z,82cddd3b9f58762d36efe78da4e2722ee587cfdb3fdbc58b52673082,60.16629,24.95957,00000000fb7600be,12.69
8224,2019-08-04T11:06:22Z,842340aa39a680a5c969b20db5027c8e1b123077045e8046a997391a,60.16448,24.97323,0000000053c6c2be,31.5
8225,2019-08-04T11:06:22Z,844b8ad6ebf530978d1139d527a681991f4d3eed6be5bc723f0b2192,60.16531,24.9442,00000000fdda10fe,1.25
8226,2019-08-04T11:06:22Z,87ea10367f1569e575dc4bc60f0f4238eafb52ba8a2cc8e5e4584232,60.16829,24.94214,00000000afef4555,7.05
8227,2019-08-04T11:06:22Z,87ecec345b34dca4db86cbd66248eeb829282d0cc54caff92455dff2,60.16762,24.95415,000000006b44cce7,12.69
8228,2019-08-04T11:06:22Z,87f4cf4baea8c5dfe1bc7812cc969574058bd4d2dda215192bcfc53f,60.14699,24.922,00000000a53ed894,7.69
8229,2019-08-04T11:06:22Z,886032718e05487be8bd75bb14464814044c7edd7f9a2198304f6fb4,60.16629,24.95957,00000000fb7600be,17.4
8230,2019-08-04T11:06:22Z,89df1daad350e46d526e113019214d2e1a19d8f48da761bb3583399b,60.16762,24.95415,000000006b44cce7,5.41
8231,2019-08-04T11:06:22Z,8a01cc1ef99f9ea16785412c604aa6bb2750299d67ea94214401d645,60.16762,24.95415,000000006b44cce7,9.92
8232,2019-08-04T11:06:22Z,8bffe034066821502092859341756212a0dcb6b2c605852c0c40fdeb,60.16762,24.95415,000000006b44cce7,9.12
8233,2019-08-04T11:06:22Z,8c4e4851db86ec4a3ce29a58be770eb29c38b9a983351bb67d781982,60.16897,24.95222,00000000aa852af1,9.92
8234,2019-08-04T11:06:22Z,8dae8c39d58b18df713713239222f2d512c9e912893f774a8db6a124,60.16629,24.95957,00000000fb7600be,23.56
8235,2019-08-04T11:06:22Z,8e32f03aa51152a06255173f7dc5aaa2c75cef6f6aa829bd51fea777,60.16762,24.95415,000000006b44cce7,9.12
8236,2019-08-04T11:06:22Z,90b12d2b9898702fd62b343512e0d53796ae38decdf704e203a0cc39,60.16829,24.94214,00000000afef4555,13.75
8237,2019-08-04T11:06:22Z,91602a694bc74a2874ba7f02a7bae062a3a77cd869b86a74800415b8,60.17919,24.95181,000000007b5207b6,21.87
8238,2019-08-04T11:06:22Z,92df20d921f76c63470e3f5afbe201d3ae15f5133f66c291db796082,60.16629,24.95957,00000000fb7600be,23.56
8239,2019-08-04T11:06:22Z,93272ad17155ea9499641eda7c5560691582116096278b82738ab21e,60.14699,24.922,00000000a53ed894,8.38
8240,2019-08-04T11:06:22Z,936c8d12f2bf0990c21b1a6fbdbd83565c86c00e50d6bd0be3bd52ff,60.16629,24.95957,00000000fb7600be,33.81
8241,2019-08-04T11:06:22Z,94ac9d6e79236013b9fa24e1c52123819228f6962b5952637ca80fcb,60.16762,24.95415,000000006b44cce7,12.69
8242,2019-08-04T11:06:22Z,951482f3e2e41b496e34885c346c4a7ab09427178119caa9b8bbcbb6,60.14947,24.91438,000000004ef3150d,11.7
8243,2019-08-04T11:06:22Z,998ac46ad73c197bab1f36dca67d8bcaa3aca92249185a5e3715043f,60.17065,24.93641,000000000f4919c9,17.4
8244,2019-08-04T11:06:22Z,9aa588cb6f425117e45726b6b9adb7ef86c8f7c8113b547dc61f068a,60.16897,24.95222,00000000aa852af1,7.69
8245,2019-08-04T11:06:22Z,9ab0a60cb60531417ac6ec5ebc6ef591d2f39019c6b0bcb5a89101a2,60.14699,24.922,00000000a53ed894,10.78
8246,2019-08-04T11:06:22Z,9b24f69458294d27d07a0169665965135fd02f4c953f85bcebf4ba87,60.16762,24.95415,000000006b44cce7,12.69
8247,2019-08-04T11:06:22Z,9b4b0705e58750d2bcbd71ad65d85677f7e77db5dfe69d1a70b5d31f,60.17919,24.95181,000000007b5207b6,16.1
8248,2019-08-04T11:06:22Z,9bc91538b73e0220fcf5cd07290c07d56f6f48d3ba0ba6b6b0876da9,60.17065,24.93641,000000000f4919c9,29.32
8249,2019-08-04T11:06:22Z,9bef562c292174f1eb3933116effff74a8733a78e5c1df140de3fd6c,60.17919,24.95181,000000007b5207b6,4.5
8250,2019-08-04T11:06:22Z,9eb1e9bfdceb76ef852f89ebd82139602125f9731b791465e1c21f81,60.16829,24.94214,00000000afef4555,9.92
8251,2019-08-04T11:06:22Z,9f1920350685b4cb747c535ba3c3dc1cb29587668bd507ab96e5692f,60.16629,24.95957,00000000fb7600be,21.87
8252,2019-08-04T11:06:22Z,a1439b6683d0598c7a05080c3693a17c198f7b8c3297c77324ef4859,60.16829,24.94214,00000000afef4555,3.4
8253,2019-08-04T11:06:22Z,a20a11944d9440f1f8e4ea6262408f673f2a8380c4e13dda1a073d8d,60.16897,24.95222,00000000aa852af1,14.89
8254,2019-08-04T11:06:22Z,a25b897b52089b243421b68349d3f15e60ce8249d11c889a4626bfc7,60.18203,24.91341,00000000342570c2,23.56
8255,2019-08-04T11:06:22Z,a30740fbf4b7e21f6fe2996e9325c90936de161cb2165e87cd96fd35,60.149,24.9843,00000000fffb8cf0,12.69
8256,2019-08-04T11:06:22Z,a3664d77633807788598dd8d4a7ba8caba2c31bfdcb6ba83651d4e7e,60.173,24.92524,0000000096918cfa,21.87
8257,2019-08-04T11:06:22Z,a3c1a4a58b9381c27b1d5076e0d8d72039afccfb0e58438a80247324,60.16762,24.95415,000000006b44cce7,3.4
8258,2019-08-04T11:06:22Z,a44eda7b8ec58e1cd7c078a73c4da7fb0037d59453aa6bfe69b7cbdd,60.16762,24.95415,000000006b44cce7,3.09
8259,2019-08-04T11:06:22Z,a488d8700d0761c51d771677bb82a9a5bbb86e97e0d5835aeff65d2b,60.16629,24.95957,00000000fb7600be,29.32
8260,2019-08-04T11:06:22Z,a50e0bb8fd1ad4ad264c3246b210a0c6285faae591c1bd2c2c3458af,60.16829,24.94214,00000000afef4555,12.69
8261,2019-08-04T11:06:22Z,a51a9aab75637e56bef3effddc420dfcd95b8cbd85d95917aaac38d5,60.16762,24.95415,000000006b44cce7,7.69
8262,2019-08-04T11:06:22Z,a5d632ac8ffc19a626de034d3c9444fd262ee6edada285c816ea9266,60.16531,24.9442,00000000fdda10fe,5.41
8263,2019-08-04T11:06:22Z,a7cc1a0b8bbb896ef55043e385a939c97fd5cfaf6d43a4db6c720076,60.16762,24.95415,000000006b44cce7,12.69
8264,2019-08-04T11:06:22Z,a81c19fb85eebf853246cdc4d8e38245dfa5ba15c180eaa1bcc0378d,60.16829,24.94214,00000000afef4555,12.69
8265,2019-08-04T11:06:22Z,a98fc06dc605583814a2aa182295b88f81657ef2daeee7aaec792e7c,60.16762,24.95415,000000006b44cce7,6.46
8266,2019-08-04T11:06:22Z,aa4547c0b6b8be30776e08d524ceeacfbc9930ad720e11fa4cb20882,60.16531,24.9442,00000000fdda10fe,1.12
8267,2019-08-04T11:06:22Z,ab1377ddf669bb806f8db586f4ce5ab9f0f4257dda61fe800d8509f5,60.17065,24.93641,000000000f4919c9,16.1
8268,2019-08-04T11:06:22Z,ac4679e3db131ec2ea8e1111c8aa0d71020cf8796ecb11f142478394,60.14947,24.91438,000000004ef3150d,7.05
8269,2019-08-04T11:06:22Z,ac5c7e04b55d6d70659e5b8f4705309b9367c78a0edb7ce85f42c181,60.1538,24.95595,0000000038bf9618,27.28
8270,2019-08-04T11:06:22Z,add92af5006cee56f2da79112486b97d5a7c06f12252676b7638064d,60.16762,24.95415,000000006b44cce7,13.75
8271,2019-08-04T11:06:22Z,adf3914eaf1478a77ba35ea49262388e4babe633207748c7608b8780,60.16762,24.95415,000000006b44cce7,11.7
8272,2019-08-04T11:06:22Z,ae3cda5066e455d4b1e58860e8fb7a35efad69b9964a676b476b0687,60.14947,24.91438,000000004ef3150d,6.46
8273,2019-08-04T11:06:22Z,b02a0be9ec3a2bb1acba16daee232202f9a06ac84e0dcc9a80dddf6a,60.16762,24.95415,000000006b44cce7,7.05
8274,2019-08-04T11:06:22Z,b0d6202ccd1560eaf57c06931cb6466332e41068ad2963e515819015,60.17918,24.95141,00000000675d5200,17.4
8275,2019-08-04T11:06:22Z,b2298fc6f63c02481610f9aef24f1a0c1711c255adc43c0fe135c1ca,60.14947,24.91438,000000004ef3150d,29.32
8276,2019-08-04T11:06:22Z,b26d0daac9f8fb84484cbd8ed668aeb6751e848b1c533a307d163360,60.16762,24.95415,000000006b44cce7,10.78
8277,2019-08-04T11:06:22Z,b3266ecf36a984b814e1b2d31b447438bd948a9c116721480104792f,60.16829,24.94214,00000000afef4555,17.4
8278,2019-08-04T11:06:22Z,b45b86eb670eb1db475921496e6d80468f5fe2819bf3eb58f1f58506,60.16762,24.95415,000000006b44cce7,13.75
8279,2019-08-04T11:06:22Z,b50b3c2006581bccfeaa9ea964649350c7d5b8177baa29a37e628584,60.14947,24.91438,000000004ef3150d,17.4
8280,2019-08-04T11:06:22Z,b59631b8902194c916f7d3ddcc02d4200a3de0380fa554d87e6856c0,60.17002,24.94407,000000006b087f40,21.87
8281,2019-08-04T11:06:22Z,b5cdbcdc30e0bf653ce353c867708b0067db5e394c8cbe848d978a77,60.14699,24.922,00000000a53ed894,9.12
8282,2019-08-04T11:06:22Z,b601cd655bb9f05aa6ec86fc9eb9300c3bc20bc0e856e94ad168a257,60.14947,24.91438,000000004ef3150d,6.46
8283,2019-08-04T11:06:22Z,b61c6a5634cffe7dead72d5f6730e8439bee6dd2286d9df8f3052e3c,60.16762,24.95415,000000006b44cce7,9.92
8284,2019-08-04T11:06:22Z,b67f020b0677cdc52c864f559306fb750cdf47ce2eee6503a3cedb3a,60.16629,24.95957,00000000fb7600be,17.4
8285,2019-08-04T11:06:22Z,b81a9bf449d3e64ad0181804598330bbf305f384b888935023742c79,60.173,24.92524,0000000096918cfa,8.38
8286,2019-08-04T11:06:22Z,b8f5834e6b992cf5568ae3153fb4b07e97b7f6dd01250851134c1824,60.149,24.9843,00000000fffb8cf0,21.87
8287,2019-08-04T11:06:22Z,b9447a524f5b5bf98585b27b92195b09869ee9cd9da3cf8d2b59c57d,60.16829,24.94214,00000000afef4555,18.79
8288,2019-08-04T11:06:22Z,ba288a5fd2befbc9ed08e7876ad7cb2bd8bfe6f5756d2ffe8e2dc558,60.17002,24.94407,000000006b087f40,9.92
8289,2019-08-04T11:06:22Z,bbf7d8b9085ddcd3b94f55f93b52cb40a251c44f5df4099ba5b61471,60.16829,24.94214,00000000afef4555,11.7
8290,2019-08-04T11:06:22Z,bc07df8cc395f6f4f5d483b2233caca5f93a6918f346e4cc3702f8cc,60.16531,24.9442,00000000fdda10fe,23.56
8291,2019-08-04T11:06:22Z,bdc8bd416444be70683b3475302093428e4abe14284e9579617fe8ea,60.1638,24.96846,00000000d747f075,25.36
8292,2019-08-04T11:06:22Z,bf1bf5222ce141fbaa484d3bbf568d521b90699d69ec5fc413c9d716,60.17002,24.94407,000000006b087f40,14.89
8293,2019-08-04T11:06:22Z,c012e9e2caf1002d24e53817bb1279becdfc4aa9dba085e93ddd88e9,60.17002,24.94407,000000006b087f40,20.28
8294,2019-08-04T11:06:22Z,c190b2b98438e2e79fb5d2add3c063bbf98d30d208518a2fd9296add,60.16762,24.95415,000000006b44cce7,14.89
8295,2019-08-04T11:06:22Z,c23c5bcbe8e9baedf8556badfaa9369c235c6df24e3dc5de9be682a6,60.16762,24.95415,000000006b44cce7,18.79
8296,2019-08-04T11:06:22Z,c2407109364cb5b4532b1be056dd99442fc75583cbae715f34507a05,60.16762,24.95415,000000006b44cce7,27.28
8297,2019-08-04T11:06:22Z,c27fee8ae8d689338b043608280c83cfa6f3276d3837ecea5f742dc3,60.16762,24.95415,000000006b44cce7,7.05
8298,2019-08-04T11:06:22Z,c2cc33e5b1b8d254d4bcbc0ffa13c9200676a39a191cc31a38d28d8d,60.17065,24.93641,000000000f4919c9,14.89
8299,2019-08-04T11:06:22Z,c2d88bc74172eb47d26ee5d739980baa7fc011b9973f9f18b482aa81,60.17065,24.93641,000000000f4919c9,29.32
8300,2019-08-04T11:06:22Z,c2e135ad2c160277e290705658ac41d7cd35b11ebf61d829fdd0b428,60.14699,24.922,00000000a53ed894,7.69
8301,2019-08-04T11:06:22Z,c45e3c4e8ec0fc85457d3b4ed4c49ed0116b4cf447e2983f353abcd8,60.16829,24.94214,00000000afef4555,7.69
8302,2019-08-04T11:06:22Z,c55894159f2080031cda702c78ee54463c3c15ab1b3638afdf687f08,60.16531,24.9442,00000000fdda10fe,5.91
8303,2019-08-04T11:06:22Z,c6b0ea433c3fdc73e0bac7e3faa2690506c4e8ec7fc54210446a7ffa,60.14947,24.91438,000000004ef3150d,13.75
8304,2019-08-04T11:06:22Z,c739921adb150c53f1887c6ce887adc6cd7ae7e35e69f6e4dc52fe81,60.173,24.92524,0000000096918cfa,23.56
8305,2019-08-04T11:06:22Z,c990a15d27cfc21e63b7c96b95949254f1194e8b27118386a589e2bd,60.16897,24.95222,00000000aa852af1,20.28
8306,2019-08-04T11:06:22Z,ca9ba013f86583100bfa841287733d9985b9d5e28a116525c40a4b40,60.16762,24.95415,000000006b44cce7,9.12
8307,2019-08-04T11:06:22Z,cb2f32be2e27fc44ead887ff7f76c0199bf68b2c6711e6880f4acd01,60.16762,24.95415,000000006b44cce7,6.46
8308,2019-08-04T11:06:22Z,cb37b8fad0bc758cf37d7ea1052f3a98f29282ae37ec635d6eb2c511,60.16762,24.95415,000000006b44cce7,16.1
8309,2019-08-04T11:06:22Z,cb835fd4fac726f1e4267acd6118f57b62a0444d69f948745a601682,60.16762,24.95415,000000006b44cce7,12.69
8310,2019-08-04T11:06:22Z,cca3b7ab9481b9594c8ca118cc4e23e00ece1946a27f37a1a21ace07,60.16829,24.94214,00000000afef4555,31.5
8311,2019-08-04T11:06:22Z,cd7d0e9404c9f4e8fab0742460b9acb4d5bbb97f44df80d4a8b973cd,60.17002,24.94407,000000006b087f40,7.69
8312,2019-08-04T11:06:22Z,cddbfc3b0a1459f0ea8d553779cf320d512cac6e64976182f2f0b3b7,60.16829,24.94214,00000000afef4555,20.28
8313,2019-08-04T11:06:22Z,d04b5065ec93818b731141027d11e6a1cf53de69b9737d7aea0c34da,60.14947,24.91438,000000004ef3150d,12.69
8314,2019-08-04T11:06:22Z,d162ad46250f7d87af446db22df4aa6b2eb2bf22f83beca34e857743,60.16762,24.95415,000000006b44cce7,4.94
8315,2019-08-04T11:06:22Z,d20f68571773330f7b6490b006b2e952c9912b4ee05e20f0fc434698,60.16629,24.95957,00000000fb7600be,20.28
8316,2019-08-04T11:06:22Z,d28c5f59ebd6ec0c580840f508fbe3e797cc60573300b60cf663c121,60.16762,24.95415,000000006b44cce7,21.87
8317,2019-08-04T11:06:22Z,d2e3bf982b10b2079eaa464127a286409c5030b21ffe9a2ce08bbb9c,60.16762,24.95415,000000006b44cce7,9.12
8318,2019-08-04T11:06:22Z,d2fd0c6415d2d8e49fef3415fb8747b524191b4400a4fbb66428cb12,60.14699,24.922,00000000a53ed894,13.75
8319,2019-08-04T11:06:22Z,d3bad9334d128332fc483e10ef1b77c28e5a75ac55be4de71c6b2f9f,60.16829,24.94214,00000000afef4555,14.89
8320,2019-08-04T11:06:22Z,d4c9ea46d58288bf42808788e668072465d91dd3c874a8a51de5794e,60.16897,24.95222,00000000aa852af1,23.56
8321,2019-08-04T11:06:22Z,d68e70c4073cda9dabbfa148bdb39f33da8f558ab25310fb536ca99a,60.16762,24.95415,000000006b44cce7,17.4
8322,2019-08-04T11:06:22Z,d68f1946805ba3d30f9ba25280986fbe003f3b5dce7245b633e0cb5c,60.16762,24.95415,000000006b44cce7,7.69
8323,2019-08-04T11:06:22Z,d6a8c97f1ec18c7a90d3beae358bad67f8d53626258a852e15b08c5d,60.14699,24.922,00000000a53ed894,9.92
8324,2019-08-04T11:06:22Z,d71a315bac918f9a18fcd820731e6d9eb54fb0d01c324ca088ef8858,60.149,24.9843,00000000fffb8cf0,23.56
8325,2019-08-04T11:06:22Z,d7b3daaab1b36d8d95f7672a0339b99b2a16483fc1c71c5177aeb948,60.16829,24.94214,00000000afef4555,18.79
8326,2019-08-04T11:06:22Z,d86f155736e4d36de5d33bdbb3b12b717b75de44852b93419af20945,60.16829,24.94214,00000000afef4555,16.1
8327,2019-08-04T11:06:22Z,d925f2c5a4c782cc81569c4da4d665d5154d72bcbc363654ac4cd315,60.17065,24.93641,000000000f4919c9,29.32
8328,2019-08-04T11:06:22Z,d9fe99c157052fce3b37f5128399fac7b857e756ffa220d8bebe5467,60.16629,24.95957,00000000fb7600be,29.32
8329,2019-08-04T11:06:22Z,da2398acaae7f39c7b80c220d4e6917bdc7655f4c71b6e36d06cb859,60.18203,24.91341,00000000342570c2,38.87
8330,2019-08-04T11:06:22Z,dabb7edec36f560d07547c2595765be02b0731b3826f93f5c41b7120,60.16762,24.95415,000000006b44cce7,10.78
8331,2019-08-04T11:06:22Z,db45583e1f7aaaf54e100214986dfc86aa755383e86d361639a5b19b,60.16762,24.95415,000000006b44cce7,4.5
8332,2019-08-04T11:06:22Z,db4d3f81708de827ce30c4130610fd65b4d6d451ca5cf6b0c4e745d9,60.16829,24.94214,00000000afef4555,18.79
8333,2019-08-04T11:06:22Z,dbd2fa33dbaac339a8c9d8e04576b1088999b9314914676a2247737c,60.1638,24.96846,00000000d747f075,29.32
8334,2019-08-04T11:06:22Z,dbe444da219a82f453cc4c7300c221d0ee422c6540f5aa65fad512b9,60.16829,24.94214,00000000afef4555,25.36
8335,2019-08-04T11:06:22Z,dc816e92e4a2eceea03f41fc379fda0e3d57b5d0fbd9a06430432022,60.16762,24.95415,000000006b44cce7,5.41
8336,2019-08-04T11:06:22Z,dc82f9648bb5ba21e766e0923f5fa7ca2d77662ab0edbe22a3d95631,60.14699,24.922,00000000a53ed894,8.38
8337,2019-08-04T11:06:22Z,ddd0e663eb31ac94858d2a4e9af5e4782781e88c92102042190e6fcf,60.14699,24.922,00000000a53ed894,9.92
8338,2019-08-04T11:06:22Z,de71e27b55ef6f2f51f05838a2fcab596f1dd93a14ece5ce4548f5c7,60.14699,24.922,00000000a53ed894,4.94
8339,2019-08-04T11:06:22Z,e01908a975abc95425179eadafdba31d371f1d64674c967686df87a3,60.149,24.9843,00000000fffb8cf0,18.79
8340,2019-08-04T11:06:22Z,e081e4b3252ca91bbf1cbb70faa116d60317fbf3a991a67bc99b4bfa,60.149,24.9843,00000000fffb8cf0,10.78
8341,2019-08-04T11:06:22Z,e0859a9c906151023376d86762070f38ba1b3859e671531b0edac6cd,60.16075,24.95883,00000000f1124bca,23.56
8342,2019-08-04T11:06:22Z,e0d7e8b332ca8514428ab10acf6d3a6b777da62ff8ea3e18d9b32989,60.16762,24.95415,000000006b44cce7,11.7
8343,2019-08-04T11:06:22Z,e1da87aea335bcd04e4c876158b96ebc7ba4206bc216c3aa27a2f4af,60.17919,24.95181,000000007b5207b6,3.74
8344,2019-08-04T11:06:22Z,e27d86da3c856093a99d6c2bca96f8eb0dea95e1bac05b1bc9eeaca0,60.16629,24.95957,00000000fb7600be,21.87
8345,2019-08-04T11:06:22Z,e305610124e16ed1411a221b29ce69a076cc47982efd6c098b0599ab,60.14947,24.91438,000000004ef3150d,9.92
8346,2019-08-04T11:06:22Z,e32e078697e70d6e3cb4b156ada3a4756315227b125615d7b5c116a7,60.16762,24.95415,000000006b44cce7,2.3
8347,2019-08-04T11:06:22Z,e44d7228cecbdb2474e1cc396a6c13943f09c08c19d0ffab1997d509,60.17919,24.95181,000000007b5207b6,21.87
8348,2019-08-04T11:06:22Z,e53a901aed874016e1cd1ed3e9b2891fca850986cb2fa04f5162cf52,60.16762,24.95415,000000006b44cce7,3.4
8349,2019-08-04T11:06:22Z,e557e164cd52fd817b02cad6587a294d72b0974d9b014ad69ea5e08e,60.17919,24.95181,000000007b5207b6,9.92
8350,2019-08-04T11:06:22Z,e57facbf08a4abd25c366c0604463549586bb771b6ce2cf62945cdbf,60.16762,24.95415,000000006b44cce7,11.7
8351,2019-08-04T11:06:22Z,e5b9b4813c081a31fb498e7f9adb94918c267dfa125c63790c0d9488,60.149,24.9843,00000000fffb8cf0,6.46
8352,2019-08-04T11:06:22Z,e82fb1b58cd1d81fb46e1dca3b34ae603aa01acb01ef1d8a7178defc,60.16544,24.95398,0000000038d83d41,23.56
8353,2019-08-04T11:06:22Z,e8530b87d248fb9f6f44200a9b5634e7517e8d6d835e921280db51fb,60.16897,24.95222,00000000aa852af1,25.36
8354,2019-08-04T11:06:22Z,e9d59e25b58f33f70aad6832863cb59d7485ca55a1575558f92b74e7,60.16897,24.95222,00000000aa852af1,10.78
8355,2019-08-04T11:06:22Z,ea156c99dd8945ef87da4c332787a6202e9eedc69f726cafae8d3258,60.1538,24.95595,0000000038bf9618,38.87
8356,2019-08-04T11:06:22Z,eb09e242059d315d7f929b7befadc641eeddb95492babe81030cbabc,60.16829,24.94214,00000000afef4555,16.1
8357,2019-08-04T11:06:22Z,eb261026c6f65b651ddf21bed629a1e164cfb500d0b78062704ec15c,60.16762,24.95415,000000006b44cce7,4.94
8358,2019-08-04T11:06:22Z,eb3dde73e84f5016b5545e9fa2e08d04257ebe448619783f90edcd23,60.16762,24.95415,000000006b44cce7,16.1
8359,2019-08-04T11:06:22Z,eca1a609c675d971fcfba4277d230ccdc2de7805c629b1f5da9cc224,60.173,24.92524,0000000096918cfa,25.36
8360,2019-08-04T11:06:22Z,ecb1735f180422ec69f041cd2782a26c9f07d27a87893b3c30aaa9b7,60.16075,24.95883,00000000f1124bca,3.74
8361,2019-08-04T11:06:22Z,ecb5655da668bb183a5c270a96927649c323975e318184d248247099,60.16829,24.94214,00000000afef4555,11.7
8362,2019-08-04T11:06:22Z,ecf13e9d610ad235409932d263110fd52c69d0f5f39e9ffd3ad8b740,60.16897,24.95222,00000000aa852af1,16.1
8363,2019-08-04T11:06:22Z,ede13c9dc221bbc6c1daf78250fa6547303c06d7606c05ba0bf64547,60.17919,24.95181,000000007b5207b6,5.41
8364,2019-08-04T11:06:22Z,ee200a3ba703878e67370bbef4c8768feda628ad2e83512a927fec31,60.16897,24.95222,00000000aa852af1,38.87
8365,2019-08-04T11:06:22Z,ef15ff71b7dc4c2088249a4fca7e28900ae315245a7a3b4d571bf582,60.16829,24.94214,00000000afef4555,10.78
8366,2019-08-04T11:06:22Z,ef33ccdfcdb12920eabb3306e0f86dc7e6060a5d3864b03e2de7e1ef,60.16897,24.95222,00000000aa852af1,8.38
8367,2019-08-04T11:06:22Z,ef45fdc095ee55730384922266d8fce61de212d3c3df2441ea10e524,60.14947,24.91438,000000004ef3150d,17.4
8368,2019-08-04T11:06:22Z,ef5e495c5f9d3dd9eb22ed5b8faf1cc9e4225d4785ebb26a87d16fff,60.14699,24.922,00000000a53ed894,10.78
8369,2019-08-04T11:06:22Z,f04251ace2b79d56bee25fce26175de1bea524d390dd5cdb6b2652a8,60.14699,24.922,00000000a53ed894,21.87
8370,2019-08-04T11:06:22Z,f110acae92fec55c6caca5de864773a6b99e5b8d6e2fdf8d1bdbc759,60.16762,24.95415,000000006b44cce7,4.94
8371,2019-08-04T11:06:22Z,f11c02cbebb4049a29f10d2ee6aac8a9ca3b7b9609a39d69463461a1,60.17065,24.93641,000000000f4919c9,23.56
8372,2019-08-04T11:06:22Z,f196f5f8c08299d290b3bac1944e00bb1f2c90594db66438b0c10e6e,60.16629,24.95957,00000000fb7600be,12.69
8373,2019-08-04T11:06:22Z,f2467c8ede6444941158701b7bd9d005beec9ffdb355ce2d8c7a9bfd,60.149,24.9843,00000000fffb8cf0,25.36
8374,2019-08-04T11:06:22Z,f4b9fc6acb673aea24fe00dfbe806b81fedab0c2ea82d781f7659ce5,60.16762,24.95415,000000006b44cce7,11.7
8375,2019-08-04T11:06:22Z,f78ef2ddbe48b534137498eab56c0a55ec0e0b1d8868e82cb5652a0e,60.14699,24.922,00000000a53ed894,4.5
8376,2019-08-04T11:06:22Z,fa1579394f4980e1fe11248f7be4e646b601a3d8cdb9361f182d066c,60.16762,24.95415,000000006b44cce7,9.12
8377,2019-08-04T11:06:22Z,fb37b263777ffcf7fe1fb6484821cae2b8beb03b5f5009109748dedb,60.16762,24.95415,000000006b44cce7,11.7
8378,2019-08-04T11:06:22Z,fbea754bd1d1bd41d31d255adcdfb67b3b4c052fc59db33eb47c25b4,60.16897,24.95222,00000000aa852af1,21.87
8379,2019-08-04T11:06:22Z,fda481107ccd1ee84269967e42cbd312252a4216e9c7af4822669a69,60.16829,24.94214,00000000afef4555,18.79
8380,2019-08-04T11:06:22Z,ffb7319984ecae155652e100da9b204f0b92f3b6c7239cfea4dcf966,60.14699,24.922,00000000a53ed894,5.91
8381,2019-08-04T11:06:23Z,004c3624f943830bc6a9f17173a2cd0996622cade5184ad2b9fba729,60.16897,24.95222,00000000aa852af1,5.41
8382,2019-08-04T11:06:23Z,0152988639aaaa9cc27213280c8f0c0c8ec97ae6a45aaaf743c9c25d,60.16544,24.95398,0000000038d83d41,27.28
8383,2019-08-04T11:06:23Z,09ddbf38333e76a79fd836112bd8c3f8bf7f3dadfb3d49945ad4c486,60.16897,24.95222,00000000aa852af1,3.74
8384,2019-08-04T11:06:23Z,1142f5b6806b1ec7d8d47d47013eb530d8a7418f6934d8867b20966a,60.16829,24.94214,00000000afef4555,18.79
8385,2019-08-04T11:06:23Z,126e7fa4dd9205201617bdc0c7c346bfb57e1a75d3d7d3d9c260d51b,60.16629,24.95957,00000000fb7600be,20.28
8386,2019-08-04T11:06:23Z,128f1b89d7a534aa206a7823b692594bbd4d349761baa04c0fc72f2c,60.14947,24.91438,000000004ef3150d,10.78
8387,2019-08-04T11:06:23Z,14c7e1511b70f4dd3359cbece1377aebb4d70531f5489eefe53d7c3c,60.16544,24.95398,0000000038d83d41,21.87
8388,2019-08-04T11:06:23Z,16c994bb2e24124a910c247376d16e980a65626a94c4c0aaab27df60,60.16829,24.94214,00000000afef4555,20.28
8389,2019-08-04T11:06:23Z,198d6432c579dae0d7ddda6591eb377ca6c01888de802f89ab84b98a,60.16544,24.95398,0000000038d83d41,25.36
8390,2019-08-04T11:06:23Z,25a7ff811c3c06e426c7c2cbb0433d9a2a3399b23afecbd35584ab0f,60.18203,24.91341,00000000342570c2,16.1
8391,2019-08-04T11:06:23Z,3b5cafe90982db26cf737b2e4cd4275276f6a031bca3b2a1f73023b2,60.14699,24.922,00000000a53ed894,13.75
8392,2019-08-04T11:06:23Z,3fe5f4ccfa5c777ceafda0674d7c9da6f509f6694b4c2fa254b32e73,60.16897,24.95222,00000000aa852af1,16.1
8393,2019-08-04T11:06:23Z,402f8edce2e4dcc34a418a83e568dd491c14d450d63a3f35850d9c2e,60.16762,24.95415,000000006b44cce7,9.92
8394,2019-08-04T11:06:23Z,43b676ed3aef4c2d8846694817e76117873be52e7f788e0cb366c1c4,60.16629,24.95957,00000000fb7600be,29.32
8395,2019-08-04T11:06:23Z,44d0b94469070803869f229601e877beb613c3f5aafa009addf97a1a,60.16544,24.95398,0000000038d83d41,23.56
8396,2019-08-04T11:06:23Z,4774d3de2115f3cfeff91dc17ed763964fe86825629003f82ee45b2b,60.16762,24.95415,000000006b44cce7,7.05
8397,2019-08-04T11:06:23Z,5d65719c4cbf045f068d084b72302f447d5fd034413d97d13be00d0e,60.18203,24.91341,00000000342570c2,18.79
8398,2019-08-04T11:06:23Z,5eed115a984d490b02b602d73787aee8dc8c4e9365b77fbff3818a76,60.16629,24.95957,00000000fb7600be,14.89
8399,2019-08-04T11:06:23Z,69219e9efa41ae9e732653e9eaf08e1a34cb853a9dafe76ddeea4d04,60.16897,24.95222,00000000aa852af1,17.4
8400,2019-08-04T11:06:23Z,6a70e2fbced719333e21eff04fcb9cb36bae9a04d1a3d6ddd96f2c58,60.15432,24.9211,0000000019fb59c4,9.92
8401,2019-08-04T11:06:23Z,79f136afa0dd8717337c01c70b457c464aaf0fa25b440f51a394ec23,60.16762,24.95415,000000006b44cce7,11.7
8402,2019-08-04T11:06:23Z,87dfaad29a9276ddddb1fa021d3bc23ad14824c1af16f7d87e713689,60.14951,24.92138,0000000006dd41f6,9.92
8403,2019-08-04T11:06:23Z,88808fe92573e9cdf022cc15b9689b6b4b9429f60513c8897b0ba4c7,60.16897,24.95222,00000000aa852af1,17.4
8404,2019-08-04T11:06:23Z,8c75c3289c84fe4493e1e272a77b615fe1985880c5dc68a7c1a17b53,60.16762,24.95415,000000006b44cce7,14.89
8405,2019-08-04T11:06:23Z,9843c6216661048343a0e49cf3d8aa2883cf77f452666a1c873a1052,60.16448,24.97323,0000000053c6c2be,12.69
8406,2019-08-04T11:06:23Z,9992834418850939882f3b334eee492eb98d4f9d6d6118f9ee108793,60.16762,24.95415,000000006b44cce7,3.74
8407,2019-08-04T11:06:23Z,a01fa9091a190537108f7d85ca6b54b023828292d6ed65ab0b3c5619,60.14699,24.922,00000000a53ed894,21.87
8408,2019-08-04T11:06:23Z,a13e5d46f0a2d1c6b58878e1b198905e9b14e3a85b5e4adab88b4b87,60.16762,24.95415,000000006b44cce7,13.75
8409,2019-08-04T11:06:23Z,a3a31741155775d55b54ebdadfeb5700066d864d782da9cdd605349c,60.14951,24.92138,0000000006dd41f6,23.56
8410,2019-08-04T11:06:23Z,acd2647d413f41552b31b6e383da445c8902bc2a764d2b7791a7b164,60.16762,24.95415,000000006b44cce7,12.69
8411,2019-08-04T11:06:23Z,b936e41d8712ae967f3ebb413fc44f060bb10613f95537757886ede2,60.16762,24.95415,000000006b44cce7,8.38
8412,2019-08-04T11:06:23Z,c40c37def6bf11a63a2556519a7c6233fd417cdeea2cf14f28e7c42c,60.16531,24.9442,00000000fdda10fe,21.87
8413,2019-08-04T11:06:23Z,c97eb4181394121907d47b908495f54e5ee5145ff790f7a1dc21b3cf,60.16897,24.95222,00000000aa852af1,16.1
8414,2019-08-04T11:06:23Z,cf05623e4d87ce0906c0b0b7dbf53aacc1228016cd27c341228b6e76,60.18203,24.91341,00000000342570c2,20.28
8415,2019-08-04T11:06:23Z,cfc0bedb78ded52749db3188cb188bf6a250ef5990da9c5afa9623fc,60.14951,24.92138,0000000006dd41f6,23.56
8416,2019-08-04T11:06:23Z,dbeb00942457ba3c5fb1984b57b1dedb268c0e761e80729b939f1fd8,60.16544,24.95398,0000000038d83d41,21.87
8417,2019-08-04T11:06:23Z,e224ae5ea47af2e3048f83b13a1f45dc135c0ca6be72547b01729086,60.1538,24.95595,0000000038bf9618,17.4
8418,2019-08-04T11:06:23Z,e8e366e76c97944e23c0f80b4fd3ce6e5832744922297146a49f0c7e,60.16762,24.95415,000000006b44cce7,9.92
8419,2019-08-04T11:06:23Z,ed70dda6b7faebd4340dacdb452ab224d9d3c308df417b7fa76f54e8,60.14951,24.92138,0000000006dd41f6,21.87
8420,2019-08-04T11:06:23Z,f088630d7476dae7d4b7e2bb1f10575f2c89acb4b6e061f3d57c2b40,60.16531,24.9442,00000000fdda10fe,27.28
8421,2019-08-04T11:06:23Z,f30a5193aa7850aac581b8dd71512a8712c96f36fdef78d8292d4788,60.16762,24.95415,000000006b44cce7,4.94
8422,2019-08-04T11:06:23Z,f31cfded6f566f9c032c80c52ea642407be312c5d42521ab7a8d3e2a,60.16897,24.95222,00000000aa852af1,21.87
8423,2019-08-04T11:06:23Z,fc4f3a44235f1cfc7b53f14ba2da599976a5a0a220d23b852688e485,60.17919,24.95181,000000007b5207b6,8.38
8424,2019-08-04T11:06:23Z,0043f38f4fb6545d7c033c9a8f8c18106aa0c2c841f28a15dd722e9d,60.14699,24.922,00000000a53ed894,18.79
8425,2019-08-04T11:06:23Z,007540b1ada16f6000987e20cd81a3deb18b2aea4cb95b50e099dcee,60.17065,24.93641,000000000f4919c9,16.1
8426,2019-08-04T11:06:23Z,01e47d49d859d6875c51173a8f2159c35733cff5d2c3e5044b4b42d1,60.16829,24.94214,00000000afef4555,17.4
8427,2019-08-04T11:06:23Z,0236a1d5b9b9d2249407a79705eee38de360ceb0530a8959ba5bc15b,60.149,24.9843,00000000fffb8cf0,12.69
8428,2019-08-04T11:06:23Z,02a354db29cd5bc16976a9d933e03a41be350f9cc78098829a7dcfd4,60.14947,24.91438,000000004ef3150d,18.79
8429,2019-08-04T11:06:23Z,0495ba0a1c04e0262f37eaa32084a173acc00638a16e76bb922b97dd,60.16762,24.95415,000000006b44cce7,11.7
8430,2019-08-04T11:06:23Z,060ed985b9b1f5e60694d6fc5aff1a4735d9b084c6f74eaba10beab8,60.16762,24.95415,000000006b44cce7,20.28
8431,2019-08-04T11:06:23Z,0656a0c0a353f164b57fbdd9e648d71fab429964d97ed07ab2c5dc30,60.18203,24.91341,00000000342570c2,29.32
8432,2019-08-04T11:06:23Z,07505f028a552fd4183a9d7a436db18ae89a2dfeff0cdea93dcbe920,60.16762,24.95415,000000006b44cce7,12.69
8433,2019-08-04T11:06:23Z,08833115ba0f62666fee594662c171563759459bb5f65ffdfeaeaed1,60.18203,24.91341,00000000342570c2,12.69
8434,2019-08-04T11:06:23Z,08b10b51864dc039f0a07c997e66e7a263ee1cde5b0b88b2a1178c58,60.16829,24.94214,00000000afef4555,9.92
8435,2019-08-04T11:06:23Z,096c3b0de1dab1407cd4d3330546404c0d62ce025924420496380f89,60.16762,24.95415,000000006b44cce7,5.91
8436,2019-08-04T11:06:23Z,0a949aafc0be15c68d73a5dd186d726aa6b921f44303a712ac6ddcb8,60.16762,24.95415,000000006b44cce7,5.41
8437,2019-08-04T11:06:23Z,0b45b52bc137c31ce83561c857f809296ec70f5537976a4a4d573d4f,60.16829,24.94214,00000000afef4555,14.89
8438,2019-08-04T11:06:23Z,0b49dcea1b7eab22f4ebd0c7666ded5b59fe092b8bdd4aa9eda6326d,60.16762,24.95415,000000006b44cce7,2.54
8439,2019-08-04T11:06:23Z,0d2490ed58c11eb4a754a30cc4bcb21c7243d322a2caf7cc360e4e8c,60.17065,24.93641,000000000f4919c9,27.28
8440,2019-08-04T11:06:23Z,0dc12f22306d5f6622fc786011f32f1961a5f94018be9c2236fb2e52,60.14699,24.922,00000000a53ed894,13.75
8441,2019-08-04T11:06:23Z,0e113c5ed3abcdfb31d27c3125f6cf01e3b96e4ed7eca1aaea855f77,60.14947,24.91438,000000004ef3150d,14.89
8442,2019-08-04T11:06:23Z,0fd26c6e46f4d73b276223942e56c38bc9b8e4566239f8a77261657b,60.17002,24.94407,000000006b087f40,25.36
8443,2019-08-04T11:06:23Z,1107822441d53ff89eb9cb0d022a37202aed47bd82dca4bc175d6837,60.16762,24.95415,000000006b44cce7,20.28
8444,2019-08-04T11:06:23Z,117b6ba38be2f875c85c9c048106db4d2dbce58629a807d7d7773b6c,60.16762,24.95415,000000006b44cce7,13.75
8445,2019-08-04T11:06:23Z,118cffafccf902fa0dea50f220191f4eb7938f02c841bd3952fa3484,60.16762,24.95415,000000006b44cce7,13.75
8446,2019-08-04T11:06:23Z,1190b3981f8503667ab63febaf70c09cf27d63ea9072b94556db1991,60.16762,24.95415,000000006b44cce7,13.75
8447,2019-08-04T11:06:23Z,1327ce24f157334f864f913637993c80380ce5f5c911e4b0d31c5eb7,60.149,24.9843,00000000fffb8cf0,3.09
8448,2019-08-04T11:06:23Z,135b81a7a5a9dd70569656553c100af6fdc760bcf92d9b7b48261cb1,60.16897,24.95222,00000000aa852af1,20.28
8449,2019-08-04T11:06:23Z,1374f31e71652faf3e69316a295c22d59e560f15e35f42b003a89222,60.14699,24.922,00000000a53ed894,14.89
8450,2019-08-04T11:06:23Z,13b0a8ca1414d7b2b0e8d5f80069a5d26c6f62a68b58eda25a4b85f4,60.16829,24.94214,00000000afef4555,17.4
8451,2019-08-04T11:06:23Z,1556d4a76070c26554efa12b4b9c53766a4cc394e8b74ee37f2fff65,60.17065,24.93641,000000000f4919c9,23.56
8452,2019-08-04T11:06:23Z,169c77f0d714e38eb1e798b14fa42ce3fefb0ec1d6f9e93a38a872f1,60.16762,24.95415,000000006b44cce7,8.38
8453,2019-08-04T11:06:23Z,182e58bd6c3c8d836225d454a878bc55d8ed5166564a22f8b635f6ff,60.14947,24.91438,000000004ef3150d,27.28
8454,2019-08-04T11:06:23Z,18ca71fe18fbf214954fb2f676526454767f734f65c298d59eed1dc0,60.16762,24.95415,000000006b44cce7,16.1
8455,2019-08-04T11:06:23Z,1921be9815a57f11f291ca085add7b4bf1d044518b03b725df7cf7d5,60.149,24.9843,00000000fffb8cf0,16.1
8456,2019-08-04T11:06:23Z,1a06b5f7f305badd45e93db9d86d76ed3a2a96ec55ec47c836921e3e,60.16762,24.95415,000000006b44cce7,10.78
8457,2019-08-04T11:06:23Z,1a9a0f74c353624c42c19c007e82c9c2547b7285d8353d0e375e3f05,60.14699,24.922,00000000a53ed894,3.4
8458,2019-08-04T11:06:23Z,1c8c3befa38b65f707dd4933a68e5e3c9e7c82592fd382779127416b,60.16897,24.95222,00000000aa852af1,18.79
8459,2019-08-04T11:06:23Z,1ce242f8d8220cd38bf3ea9138c99ae9b2f79b28e68edb864f090ec9,60.149,24.9843,00000000fffb8cf0,6.46
8460,2019-08-04T11:06:23Z,1de509b10ed308796e82bb0f51f17f68e2fdfbcc3d6bed69c40eb7fd,60.173,24.92524,0000000096918cfa,25.36
8461,2019-08-04T11:06:23Z,1ec01efcb963de0890bb5fd949ec5fd4e87cc41d8e5cf4b21aa17e81,60.18203,24.91341,00000000342570c2,33.81
8462,2019-08-04T11:06:23Z,1f6e5095c2c365e120a526c9111895459bc08fb351b964a350cdb64f,60.16762,24.95415,000000006b44cce7,5.41
8463,2019-08-04T11:06:23Z,1fa2c533bba37b249a0105001153733e67a559d40c22cab67f135f64,60.14947,24.91438,000000004ef3150d,9.12
8464,2019-08-04T11:06:23Z,227b93698b29687beea48184f42aab63a21fa362af7251be32db2e15,60.16531,24.9442,00000000fdda10fe,2.8
8465,2019-08-04T11:06:23Z,23786c82e2641aed0e0b004658480a212bf0397568e914487819045c,60.16897,24.95222,00000000aa852af1,20.28
8466,2019-08-04T11:06:23Z,23b4a8c7918ca417eab83481a710fd544e1fa8bf7073b5955c0155c8,60.14699,24.922,00000000a53ed894,10.78
8467,2019-08-04T11:06:23Z,23b7c1b09dfbcbf722a4c48303dd0435cf9885a516d5eebb6538844f,60.16762,24.95415,000000006b44cce7,6.46
8468,2019-08-04T11:06:23Z,23f10190151386d4050571cb299410bc0285ed980b0a00f088e01cf0,60.16762,24.95415,000000006b44cce7,10.78
8469,2019-08-04T11:06:23Z,2535cb5c89ec66044a005b03dd769ca8d0022164a816c06db0e49892,60.16762,24.95415,000000006b44cce7,5.41
8470,2019-08-04T11:06:23Z,2671a156fa8d8bb05970481c8f83bcf9f261f73dae27f2bb9ac88aeb,60.14699,24.922,00000000a53ed894,11.7
8471,2019-08-04T11:06:23Z,26a4ff30aad95332c4b603e9e728a10486413889de9d2c4573524923,60.14699,24.922,00000000a53ed894,18.79
8472,2019-08-04T11:06:23Z,2724e42551f43106ea58a8fcc6a43953baa1294cd65e17a90012f706,60.17065,24.93641,000000000f4919c9,0.34
8473,2019-08-04T11:06:23Z,277125506ba4ea1afb2c696256b262e0708d43c30c769a1d4a382a76,60.16762,24.95415,000000006b44cce7,11.7
8474,2019-08-04T11:06:23Z,28741c2e5e348fe81dec0518a21c0930c98a25b6fcece61a262d50de,60.14699,24.922,00000000a53ed894,7.05
8475,2019-08-04T11:06:23Z,2977d3c4f181abb6662adf1d466a62167e2690a9c94dc53e5aa6a904,60.16762,24.95415,000000006b44cce7,5.91
8476,2019-08-04T11:06:23Z,29f5adc4d67413b7d368e8e94a41cf48339e3f5f0903f660170c4fe8,60.17919,24.95181,000000007b5207b6,21.87
8477,2019-08-04T11:06:23Z,2a334446463c0c30b6183affed3493e5b0fefc5fae3085991b3159ea,60.16829,24.94214,00000000afef4555,29.32
8478,2019-08-04T11:06:23Z,2a80aed2c40e7e70ca12152ac812abd79aa1d13efcec25a6d3395136,60.16762,24.95415,000000006b44cce7,5.91
8479,2019-08-04T11:06:23Z,2acbdfb5e555a9668c446767fc5d82728d254a45d17dff85e3342cb0,60.16629,24.95957,00000000fb7600be,16.1
8480,2019-08-04T11:06:23Z,2af353f8c54bb0d9e6ff34e08578e5263b7fac68ab82cf9559293cb9,60.16544,24.95398,0000000038d83d41,21.87
8481,2019-08-04T11:06:23Z,2c85e4140ca0ba77c3598ceac05eb2c2342409ce8111c863fc58c606,60.16829,24.94214,00000000afef4555,3.4
8482,2019-08-04T11:06:23Z,2ccaeb30423977ff22b6afc29243b861b476a5f4ffafdf200d326d78,60.17002,24.94407,000000006b087f40,25.36
8483,2019-08-04T11:06:23Z,2de87ef94604fb63bec05eefb71b6cdd0b9807f8551159c2a35e7259,60.17065,24.93641,000000000f4919c9,8.38
8484,2019-08-04T11:06:23Z,2e6e6f89a7d75f0742d016de203c9acc8d6f6bdeb7b56bd12f482653,60.15432,24.9211,0000000019fb59c4,25.36
8485,2019-08-04T11:06:23Z,2fe2e4165984d7880628aec591ce4747f18947da70312e6afca2946b,60.14699,24.922,00000000a53ed894,14.89
8486,2019-08-04T11:06:23Z,31659a798f1d780d587f07390c038a78fafa6cabb8180dba635863ce,60.17002,24.94407,000000006b087f40,16.1
8487,2019-08-04T11:06:23Z,3226c88241c6ac9d643c1843f44b6e5ee10df5f15a695e360582a9be,60.16829,24.94214,00000000afef4555,12.69
8488,2019-08-04T11:06:23Z,32f77f5019e5fce30881c214487361e2e34b8c93277f6e546de72012,60.1638,24.96846,00000000d747f075,27.28
8489,2019-08-04T11:06:23Z,33a5da4eacfc49fefa067790c9fada1a86d9793367ded845a46f0779,60.16829,24.94214,00000000afef4555,21.87
8490,2019-08-04T11:06:23Z,3417d8a6b53687e70f126ebeb1d26a2ff6369dc9a551c3c35c5a04f9,60.17002,24.94407,000000006b087f40,13.75
8491,2019-08-04T11:06:23Z,34699a54205d9b4fd19feeac8204c6d0484e5ad4344d698b8206cf9b,60.16829,24.94214,00000000afef4555,14.89
8492,2019-08-04T11:06:23Z,34cf37df412ff36df19ebe47ecdd31e5a22355a1fa723a748ac901fd,60.16762,24.95415,000000006b44cce7,21.87
8493,2019-08-04T11:06:23Z,374083907dd8980893623726af5633afd59b519c885ad12ba5c674eb,60.17002,24.94407,000000006b087f40,5.41
8494,2019-08-04T11:06:23Z,38561a086c97342a24583c26b33205da50e3e973a8147fe016a4a9ff,60.16829,24.94214,00000000afef4555,13.75
8495,2019-08-04T11:06:23Z,386dea4944e0b83648b4b6faf510fd47b0e9e29a2bb9311fe8a80ee2,60.17918,24.95141,00000000675d5200,9.12
8496,2019-08-04T11:06:23Z,38fe4d3136f12b444ebe10b0db89d752ecc9527c799d1dbb1a3f12e1,60.1538,24.95595,0000000038bf9618,41.64
8497,2019-08-04T11:06:23Z,3ac85712ab657e849113d439795c4e7325d1025cacdbd9a41174b031,60.17002,24.94407,000000006b087f40,25.36
8498,2019-08-04T11:06:23Z,3ac9d056b0f04f774b238a125eb996d46437f7a8c5f6ba6712e971cf,60.17918,24.95141,00000000675d5200,7.69
8499,2019-08-04T11:06:23Z,3b355c039877bd4883845f3fc6ad8dd6f41f170274042f1397585680,60.149,24.9843,00000000fffb8cf0,23.56
8500,2019-08-04T11:06:23Z,3b5030adc7c303403a6333a1a6d35474c2f21c1d20ece72180660423,60.14947,24.91438,000000004ef3150d,18.79
8501,2019-08-04T11:06:23Z,3bd8214bd5284efaf354ec2a0dd2847f6051ceaace6a2691ff085d3d,60.17065,24.93641,000000000f4919c9,21.87
8502,2019-08-04T11:06:23Z,3f5d3aed90718f7fb8e8a13ac7002718cc22cbe190beb96821ba52e6,60.17065,24.93641,000000000f4919c9,16.1
8503,2019-08-04T11:06:23Z,3f67c6713a6cca446a46616c9970c7a2ddffb03f21e10c8ea9b2f380,60.16897,24.95222,00000000aa852af1,14.89
8504,2019-08-04T11:06:23Z,3fde075082af3062c2bebc5e09ad55bda3de70b5f492bdfb21f284c9,60.173,24.92524,0000000096918cfa,4.5
8505,2019-08-04T11:06:23Z,3fe4e214448b0c9a8dfbee81c347d82a8f0b26859201fb1d77f40fa9,60.16762,24.95415,000000006b44cce7,10.78
8506,2019-08-04T11:06:23Z,4259ea4be61641ef15bcf103aabbda808376b164c83d20d3be269e1d,60.17065,24.93641,000000000f4919c9,33.81
8507,2019-08-04T11:06:23Z,42d34a6c595760e51052178acc978bdb2b6348e0405f7b58c57f0915,60.16829,24.94214,00000000afef4555,11.7
8508,2019-08-04T11:06:23Z,432958e5f91b194ed39814ae223cb394d224ebfb26e5c1a5e587ae41,60.16448,24.97323,0000000053c6c2be,21.87
8509,2019-08-04T11:06:23Z,4472fa277123afabdf2402fc2a3c5bff2be437e6d56b590278de70fc,60.17065,24.93641,000000000f4919c9,29.32
8510,2019-08-04T11:06:23Z,448f6044c6c095d8c71341a0017dd6746f6e150f03af7c78b794308f,60.16762,24.95415,000000006b44cce7,10.78
8511,2019-08-04T11:06:23Z,44cd8828dd4aa11ea599139af3d3aafbcd09ca0c2558f26ed1c72e17,60.14699,24.922,00000000a53ed894,11.7
8512,2019-08-04T11:06:23Z,44d01b24bde0f8031d7cf15bb66e661ad9bd92807f3213fabf920fa1,60.16762,24.95415,000000006b44cce7,9.92
8513,2019-08-04T11:06:23Z,4538bf4d0ca02f13fad76c46f7b34e72978c49b0cdfe4ea9fe151a50,60.16762,24.95415,000000006b44cce7,7.05
8514,2019-08-04T11:06:23Z,465eab28635efe98500085ceb161cf941d02272a0107fbbfb2203c29,60.16829,24.94214,00000000afef4555,12.69
8515,2019-08-04T11:06:23Z,46b576e18e757fc4ec008b41d3c28ec5415a2c2c2f143042e5413137,60.16762,24.95415,000000006b44cce7,3.4
8516,2019-08-04T11:06:23Z,46b81e0dd10fe05195c050bacd41d57feeca0e044b6b317ac22a8656,60.16762,24.95415,000000006b44cce7,16.1
8517,2019-08-04T11:06:23Z,47cd1dcac88434ffdc4b868e7f1d8d8a604700564bc83a7c0a3928be,60.16762,24.95415,000000006b44cce7,3.4
8518,2019-08-04T11:06:23Z,47f787c639f2eed345eb5dca409ffcd989850399a1ab781500dd6e82,60.17919,24.95181,000000007b5207b6,6.46
8519,2019-08-04T11:06:23Z,4800d49ec59e1cde34360defcce4c2a0c6a58919303c1fe6fdebceec,60.16762,24.95415,000000006b44cce7,5.91
8520,2019-08-04T11:06:23Z,4833b1ea4f519407574f5a838d93a39de28c756c5f53de7ee273b577,60.14947,24.91438,000000004ef3150d,6.46
8521,2019-08-04T11:06:23Z,49d6f6bd5878bfac30a67fe92d1501b5b09cab38ab2b35b661902f0d,60.14947,24.91438,000000004ef3150d,23.56
8522,2019-08-04T11:06:23Z,4a54cbed9c373a4136f8851f3f5736eb2fadd5766d316eb5ebbdd231,60.17919,24.95181,000000007b5207b6,12.69
8523,2019-08-04T11:06:23Z,4a912b6c106b63933a8c9cc39598823bcb2c94d4b1cc8a5d55cb3972,60.16829,24.94214,00000000afef4555,14.89
8524,2019-08-04T11:06:23Z,4ae55b5046b30303930ee339fa9c70c922844d1bfe89a2e7180d53ad,60.16829,24.94214,00000000afef4555,31.5
8525,2019-08-04T11:06:23Z,4b5b3e8f2b484bc08b196c265f65c70151bd69f6263318eb29125db2,60.16829,24.94214,00000000afef4555,3.4
8526,2019-08-04T11:06:23Z,4cf634fc84e128c3b9bce07a4b726d136e18f0eea4229fdbb48f6db1,60.16897,24.95222,00000000aa852af1,9.92
8527,2019-08-04T11:06:23Z,51789c3026ccfe7e846e44fcd833d006941c2789b9693c77df5a7c98,60.16762,24.95415,000000006b44cce7,3.4
8528,2019-08-04T11:06:23Z,52daa31a2b3c1c07f78d96ebb4de3a965da5ef0a8035afbd0f7451fb,60.16531,24.9442,00000000fdda10fe,25.36
8529,2019-08-04T11:06:23Z,541f330d2ded03609f551d02b8149da9cd07ee36aeee630f8fc9de8c,60.14699,24.922,00000000a53ed894,18.79
8530,2019-08-04T11:06:23Z,542a405b620e6d166ecc5eadd979b3936d831cea3aa7b75316adb4ca,60.16897,24.95222,00000000aa852af1,16.1
8531,2019-08-04T11:06:23Z,549e8785d3249c38e0c577947392ab324d318a5a9b125b5d03e023d2,60.17065,24.93641,000000000f4919c9,29.32
8532,2019-08-04T11:06:23Z,54d53f276563f566e1cd61b100408412cf78b4fe9fcada830aa6e23b,60.14947,24.91438,000000004ef3150d,16.1
8533,2019-08-04T11:06:23Z,5518b2315c236d486c7a5a4fc27c44987672b2f9a0751ffdaa9cbf78,60.16829,24.94214,00000000afef4555,3.4
8534,2019-08-04T11:06:23Z,55db840c0ab0998cc666beac96e2ebbb86074ce40799e791e7e7f299,60.16829,24.94214,00000000afef4555,27.28
8535,2019-08-04T11:06:23Z,56318cc7f3616fceec2564cbb1f6ca8b88ea861935a1ada93aafd7b0,60.16897,24.95222,00000000aa852af1,12.69
8536,2019-08-04T11:06:23Z,565a35900ed1794a9d566f6fc12f2710875a10eb7c8e6fa0ddd92626,60.14699,24.922,00000000a53ed894,14.89
8537,2019-08-04T11:06:23Z,571934189bf349efb6f596e76c21612cf9b82ed44913090169936048,60.17065,24.93641,000000000f4919c9,14.89
8538,2019-08-04T11:06:23Z,586f70961bf72597ce00f89d3602178ecc6ac8838a8acec48bba7f9f,60.14699,24.922,00000000a53ed894,10.78
8539,2019-08-04T11:06:23Z,58ee8fd47328b1c696ec343920f2c0353d19a915924eb6f6f2638e56,60.16762,24.95415,000000006b44cce7,4.5
8540,2019-08-04T11:06:23Z,59b87e6921598d25b092b66e140328fa03c9f06fe4e697dd344f378a,60.17002,24.94407,000000006b087f40,20.28
8541,2019-08-04T11:06:23Z,59fe7e983925b95c1e693bc83e80583c7903ab1db8d8179eaaa7e062,60.17065,24.93641,000000000f4919c9,20.28
8542,2019-08-04T11:06:23Z,5a755f0653ee0e334448418099ed85023db0a9984c280cfbadd74160,60.173,24.92524,0000000096918cfa,29.32
8543,2019-08-04T11:06:23Z,5d9aa6fcb0d81ceaa80ca13cc08a88138be517656646e0ba0942ce46,60.16897,24.95222,00000000aa852af1,8.38
8544,2019-08-04T11:06:23Z,5f5805a3ffd092506452c4d45ea8fc037ae23ea726f0b0809ca6ffde,60.16829,24.94214,00000000afef4555,21.87
8545,2019-08-04T11:06:23Z,6022019a95573b888ca7b3161da098935ea0ad7793437ee40a32a5f3,60.14699,24.922,00000000a53ed894,16.1
8546,2019-08-04T11:06:23Z,6138e6ab3e1e74425af8945a6fcc294c1469a0b9c448b780bcf9d2e2,60.14699,24.922,00000000a53ed894,12.69
8547,2019-08-04T11:06:23Z,62d86ee13e6ae7a5c41ffc2de746df72d4ef6e8d2b6a51ce1c68965f,60.16829,24.94214,00000000afef4555,7.69
8548,2019-08-04T11:06:23Z,62e27092b58abcaf80564c408d0d4a7b821abaee92dc2f02ccb11e61,60.16762,24.95415,000000006b44cce7,5.41
8549,2019-08-04T11:06:23Z,631e8cf081f86e4990b1d6935d90abde2d18d9ba81c48f35ac125e21,60.1538,24.95595,0000000038bf9618,31.5
8550,2019-08-04T11:06:23Z,6516dabf89c263b3e81ba60bcba8052b571d4c12484126d3a5f20ef1,60.149,24.9843,00000000fffb8cf0,36.27
8551,2019-08-04T11:06:23Z,66755836036c771e53ffd9d0dc09b8575231b53b80af22e868691a2a,60.14699,24.922,00000000a53ed894,3.74
8552,2019-08-04T11:06:23Z,67598a1e0a26360b38ffc4bd67aa05290556cdaea97554dfb9d8bdad,60.16762,24.95415,000000006b44cce7,16.1
8553,2019-08-04T11:06:23Z,67b49046c3bb96e9e2f8d9396871ed7976dd35efb6c386141325f95a,60.16897,24.95222,00000000aa852af1,16.1
8554,2019-08-04T11:06:23Z,69852d528034ea6fc746ed8942c32f1c90bc33a7a7317dfac3c9b1c1,60.14699,24.922,00000000a53ed894,10.78
8555,2019-08-04T11:06:23Z,699b48bb93c5befb62ff0686e75f158406b659f14daec16ab66d4499,60.15432,24.9211,0000000019fb59c4,29.32
8556,2019-08-04T11:06:23Z,69d8c906060e226ff0f0f7e78029575f2ee07ebec657a3b641419268,60.14699,24.922,00000000a53ed894,23.56
8557,2019-08-04T11:06:23Z,6a26d412be89e31774a0ffbd2191ae4954cd1d6a280ba6c2b01a5d46,60.16762,24.95415,000000006b44cce7,20.28
8558,2019-08-04T11:06:23Z,6ac1903c80e63433e4bc744dc0e801bff647117d38d3753fb9a6a4c1,60.173,24.92524,0000000096918cfa,29.32
8559,2019-08-04T11:06:23Z,6c067fedd37418c79b0bf5c752174bb0d07d27f5d300e2fb737a4dcc,60.16829,24.94214,00000000afef4555,29.32
8560,2019-08-04T11:06:23Z,6c97da4ba9462e7fe786a472989dab23340d31809dd78d5617204da4,60.16829,24.94214,00000000afef4555,8.38
8561,2019-08-04T11:06:23Z,6e2fbf091d5c86667e060d7ec44f48f0f5d7b1d55b1899f2939f247a,60.16762,24.95415,000000006b44cce7,9.12
8562,2019-08-04T11:06:23Z,6e492dbc3f10157e7ff00826a839a97262ab36244ccc57b702a89999,60.16531,24.9442,00000000fdda10fe,5.91
8563,2019-08-04T11:06:23Z,6ed478b9924df6bb6e6abe0b376f750b2c4abd0bf4f3d32b71b07446,60.16829,24.94214,00000000afef4555,21.87
8564,2019-08-04T11:06:23Z,6faf62fbff92729472d61bc9a13a5e72833e55bf713863161f8ca9cb,60.15432,24.9211,0000000019fb59c4,20.28
8565,2019-08-04T11:06:23Z,70865ff0fd32dc9fc73f25e929a40535a717664003e66c14224a9d90,60.16762,24.95415,000000006b44cce7,6.46
8566,2019-08-04T11:06:23Z,70ffae2b8178e0915c5de7816f8dd8bcc3af745ee49df8ac4da4adba,60.17918,24.95141,00000000675d5200,12.69
8567,2019-08-04T11:06:23Z,714e80a1e3c0fee43e312f314b2faec47e582ee8dac47e4818dbc2f9,60.149,24.9843,00000000fffb8cf0,17.4
8568,2019-08-04T11:06:23Z,71516fc8349cfaf2b5c4ab80ade6078494d93d13e9953af15e5ced30,60.18203,24.91341,00000000342570c2,13.75
8569,2019-08-04T11:06:23Z,71c1367c7dea4dfa243172e02b9092c7a0810bef003216681759891e,60.16897,24.95222,00000000aa852af1,23.56
8570,2019-08-04T11:06:23Z,738973c9b5f9882f29075e47ca10e50ba3fb9883da779f41545175f4,60.17919,24.95181,000000007b5207b6,13.75
8571,2019-08-04T11:06:23Z,73f9caa620c77e880d8973e260936b1114db9c96de6accf8398ccec0,60.17002,24.94407,000000006b087f40,23.56
8572,2019-08-04T11:06:23Z,7484ecf89e24efb4a366562730f7341391f930dad7b216184022d0da,60.173,24.92524,0000000096918cfa,23.56
8573,2019-08-04T11:06:23Z,74c2ec2adc228e5b4979284d730fd2de698242f0f06d90f870b8cde6,60.16762,24.95415,000000006b44cce7,3.4
8574,2019-08-04T11:06:23Z,7552783317be1ef797980c3a9ee9c5967d4e7b32765f23c51ffda02d,60.16897,24.95222,00000000aa852af1,10.78
8575,2019-08-04T11:06:23Z,765243fc3021a21bc913ebdd4ce13c3606a5f0e655244884fa039ee6,60.15432,24.9211,0000000019fb59c4,29.32
8576,2019-08-04T11:06:23Z,79773ee1ebdf8252053d8ffb326b77bb05a7cdb76041102e73d3767c,60.16762,24.95415,000000006b44cce7,11.7
8577,2019-08-04T11:06:23Z,79bde23c1a8980f93a65e14306f0d8ea89e164430d8b991e2bfee82e,60.16531,24.9442,00000000fdda10fe,17.4
8578,2019-08-04T11:06:23Z,79f6ceff0d0fc6687b4982c4d38a9ebb0a1056b6e0c448b1b9e79e8e,60.16897,24.95222,00000000aa852af1,20.28
8579,2019-08-04T11:06:23Z,7a96471c0f2a5b26dc38cc8aa9903b7dcb222a12d81cd73a84570610,60.16629,24.95957,00000000fb7600be,21.87
8580,2019-08-04T11:06:23Z,7b2adeea7d39fb3fbc75510b01ed9e4dcd0efb031e37d823ed621906,60.149,24.9843,00000000fffb8cf0,36.27
8581,2019-08-04T11:06:23Z,7de4ba54f0d667a69cb0b6d625856bc6b040f51a42f91beae366a269,60.16762,24.95415,000000006b44cce7,8.38
8582,2019-08-04T11:06:23Z,7eefc5581c616491b78192b28b519ba727dc884a87bc06b8df1ea4f2,60.14699,24.922,00000000a53ed894,17.4
8583,2019-08-04T11:06:23Z,7f546f0776433ed1b76ea74186c0aad95eca5439e6cefda07922ef14,60.16762,24.95415,000000006b44cce7,5.41
8584,2019-08-04T11:06:23Z,80ffa6235c9fd84bd35d46706c7d0c4126ee0e241a070c5ae5f30d14,60.16762,24.95415,000000006b44cce7,10.78
8585,2019-08-04T11:06:23Z,822590bd49bcf7ed4de4f8389586915c343b29c4283ff8b90d7c1d39,60.17065,24.93641,000000000f4919c9,21.87
8586,2019-08-04T11:06:23Z,82ac749474448abac333d00869cb8b508872f86293913d95eae26a05,60.15432,24.9211,0000000019fb59c4,4.5
8587,2019-08-04T11:06:23Z,82cddd3b9f58762d36efe78da4e2722ee587cfdb3fdbc58b52673082,60.16629,24.95957,00000000fb7600be,12.69
8588,2019-08-04T11:06:23Z,842340aa39a680a5c969b20db5027c8e1b123077045e8046a997391a,60.16448,24.97323,0000000053c6c2be,29.32
8589,2019-08-04T11:06:23Z,844b8ad6ebf530978d1139d527a681991f4d3eed6be5bc723f0b2192,60.16531,24.9442,00000000fdda10fe,1.12
8590,2019-08-04T11:06:23Z,849d6a476563b352092dcda35e816833b571b7f630e7ff8617d9b7da,60.16829,24.94214,00000000afef4555,20.28
8591,2019-08-04T11:06:23Z,85b440c4e1125b1e2531499de3b19b82ae4b7eabb4d89c63c97fa83b,60.16829,24.94214,00000000afef4555,20.28
8592,2019-08-04T11:06:23Z,87ea10367f1569e575dc4bc60f0f4238eafb52ba8a2cc8e5e4584232,60.16829,24.94214,00000000afef4555,7.05
8593,2019-08-04T11:06:23Z,87ecec345b34dca4db86cbd66248eeb829282d0cc54caff92455dff2,60.16762,24.95415,000000006b44cce7,10.78
8594,2019-08-04T11:06:23Z,87ee2ae24a1a0871184580c39a1c79955cbf954947f0ee24252c7302,60.18203,24.91341,00000000342570c2,27.28
8595,2019-08-04T11:06:23Z,87f4cf4baea8c5dfe1bc7812cc969574058bd4d2dda215192bcfc53f,60.14699,24.922,00000000a53ed894,3.09
8596,2019-08-04T11:06:23Z,886032718e05487be8bd75bb14464814044c7edd7f9a2198304f6fb4,60.16629,24.95957,00000000fb7600be,16.1
8597,2019-08-04T11:06:23Z,89df1daad350e46d526e113019214d2e1a19d8f48da761bb3583399b,60.16762,24.95415,000000006b44cce7,5.91
8598,2019-08-04T11:06:23Z,8a01cc1ef99f9ea16785412c604aa6bb2750299d67ea94214401d645,60.16762,24.95415,000000006b44cce7,18.79
8599,2019-08-04T11:06:23Z,8a7f5012c000c420f0a336a3988c72cf2b373818f4f3f369e994d8e4,60.16829,24.94214,00000000afef4555,17.4
8600,2019-08-04T11:06:23Z,8c4e4851db86ec4a3ce29a58be770eb29c38b9a983351bb67d781982,60.16897,24.95222,00000000aa852af1,5.41
8601,2019-08-04T11:06:23Z,8ca6cbf91a04db796810f40ee019369f331d79472e4acd09f75cbac8,60.16829,24.94214,00000000afef4555,17.4
8602,2019-08-04T11:06:23Z,8f3d9ab893ae4a48fd3417f3a749c21e792779990ae0ad75a8f211de,60.1538,24.95595,0000000038bf9618,31.5
8603,2019-08-04T11:06:23Z,90b12d2b9898702fd62b343512e0d53796ae38decdf704e203a0cc39,60.16829,24.94214,00000000afef4555,23.56
8604,2019-08-04T11:06:23Z,90d134ab0f878e1794222e35c3a25d43ac72d7d223f4335192273817,60.16762,24.95415,000000006b44cce7,16.1
8605,2019-08-04T11:06:23Z,91602a694bc74a2874ba7f02a7bae062a3a77cd869b86a74800415b8,60.17919,24.95181,000000007b5207b6,20.28
8606,2019-08-04T11:06:23Z,92df20d921f76c63470e3f5afbe201d3ae15f5133f66c291db796082,60.16629,24.95957,00000000fb7600be,23.56
8607,2019-08-04T11:06:23Z,93272ad17155ea9499641eda7c5560691582116096278b82738ab21e,60.14699,24.922,00000000a53ed894,6.46
8608,2019-08-04T11:06:23Z,934bab75e2a2354910288b01c44fdfda4a87f92ac010109f641b3122,60.14699,24.922,00000000a53ed894,18.79
8609,2019-08-04T11:06:23Z,951482f3e2e41b496e34885c346c4a7ab09427178119caa9b8bbcbb6,60.14947,24.91438,000000004ef3150d,14.89
8610,2019-08-04T11:06:23Z,9759894c6f46d9e82992282b211a84549983c7a9995cd91fb1178818,60.16829,24.94214,00000000afef4555,27.28
8611,2019-08-04T11:06:23Z,998a30ee5f5ff6d2bc9ed04420591e525ded59ad66d09eefa240cc8e,60.16762,24.95415,000000006b44cce7,13.75
8612,2019-08-04T11:06:23Z,998ac46ad73c197bab1f36dca67d8bcaa3aca92249185a5e3715043f,60.17065,24.93641,000000000f4919c9,12.69
8613,2019-08-04T11:06:23Z,9a49d0b5a67fba15ce8971503f6fea88994b33487a842397c5e8564f,60.16762,24.95415,000000006b44cce7,3.09
8614,2019-08-04T11:06:23Z,9aa588cb6f425117e45726b6b9adb7ef86c8f7c8113b547dc61f068a,60.16897,24.95222,00000000aa852af1,18.79
8615,2019-08-04T11:06:23Z,9ab0a60cb60531417ac6ec5ebc6ef591d2f39019c6b0bcb5a89101a2,60.14699,24.922,00000000a53ed894,9.92
8616,2019-08-04T11:06:23Z,9b17422199e594df512c6cda493d8fc5b5141741b2f804eb18016640,60.14699,24.922,00000000a53ed894,23.56
8617,2019-08-04T11:06:23Z,9b4b0705e58750d2bcbd71ad65d85677f7e77db5dfe69d1a70b5d31f,60.17919,24.95181,000000007b5207b6,11.7
8618,2019-08-04T11:06:23Z,9bc50d931d6c1678284177395958d15f05b45d60ae7bc09fe1e1694e,60.16762,24.95415,000000006b44cce7,4.5
8619,2019-08-04T11:06:23Z,9bc91538b73e0220fcf5cd07290c07d56f6f48d3ba0ba6b6b0876da9,60.17065,24.93641,000000000f4919c9,25.36
8620,2019-08-04T11:06:23Z,9bef562c292174f1eb3933116effff74a8733a78e5c1df140de3fd6c,60.17919,24.95181,000000007b5207b6,4.94
8621,2019-08-04T11:06:23Z,9c40a1c76be950694e1b5448f8ad2337198d9a75090bfebc30c7392e,60.16629,24.95957,00000000fb7600be,13.75
8622,2019-08-04T11:06:23Z,9dda6ec06356b345040c379fd73bf923f7eac951cb2eb9cdc43dd5bb,60.173,24.92524,0000000096918cfa,31.5
8623,2019-08-04T11:06:23Z,9eb1e9bfdceb76ef852f89ebd82139602125f9731b791465e1c21f81,60.16829,24.94214,00000000afef4555,12.69
8624,2019-08-04T11:06:23Z,a0ec1a8d581f94e640a6858a674699d2464ec065e6faea9d4ce2a13b,60.16762,24.95415,000000006b44cce7,12.69
8625,2019-08-04T11:06:23Z,a1439b6683d0598c7a05080c3693a17c198f7b8c3297c77324ef4859,60.16829,24.94214,00000000afef4555,9.12
8626,2019-08-04T11:06:23Z,a20a11944d9440f1f8e4ea6262408f673f2a8380c4e13dda1a073d8d,60.16897,24.95222,00000000aa852af1,23.56
8627,2019-08-04T11:06:23Z,a25b897b52089b243421b68349d3f15e60ce8249d11c889a4626bfc7,60.18203,24.91341,00000000342570c2,21.87
8628,2019-08-04T11:06:23Z,a2f0adf51cb9d2a5417cc0797183513a8bbcecfbc717a1b63e42027d,60.16762,24.95415,000000006b44cce7,4.11
8629,2019-08-04T11:06:23Z,a30740fbf4b7e21f6fe2996e9325c90936de161cb2165e87cd96fd35,60.149,24.9843,00000000fffb8cf0,9.92
8630,2019-08-04T11:06:23Z,a3664d77633807788598dd8d4a7ba8caba2c31bfdcb6ba83651d4e7e,60.173,24.92524,0000000096918cfa,27.28
8631,2019-08-04T11:06:23Z,a3c1a4a58b9381c27b1d5076e0d8d72039afccfb0e58438a80247324,60.16762,24.95415,000000006b44cce7,2.3
8632,2019-08-04T11:06:23Z,a44eda7b8ec58e1cd7c078a73c4da7fb0037d59453aa6bfe69b7cbdd,60.16762,24.95415,000000006b44cce7,3.09
8633,2019-08-04T11:06:23Z,a50e0bb8fd1ad4ad264c3246b210a0c6285faae591c1bd2c2c3458af,60.16829,24.94214,00000000afef4555,12.69
8634,2019-08-04T11:06:23Z,a5835ce352a1e6d8fb6bdc410fae1076c756f7dac8e202465add9277,60.16762,24.95415,000000006b44cce7,7.05
8635,2019-08-04T11:06:23Z,a5d632ac8ffc19a626de034d3c9444fd262ee6edada285c816ea9266,60.16531,24.9442,00000000fdda10fe,5.91
8636,2019-08-04T11:06:23Z,a6346d72bb19aaf926a344b915680b8f937930df06d6ac6a195494ab,60.173,24.92524,0000000096918cfa,29.32
8637,2019-08-04T11:06:23Z,a81c19fb85eebf853246cdc4d8e38245dfa5ba15c180eaa1bcc0378d,60.16829,24.94214,00000000afef4555,14.89
8638,2019-08-04T11:06:23Z,a81d896d6750a98012ad8c51dc9d7d951d527ce040da073eb619b938,60.173,24.92524,0000000096918cfa,29.32
8639,2019-08-04T11:06:23Z,aa13e498edf9f46e910da649451b89f99f275d8fa16839b7bf158289,60.149,24.9843,00000000fffb8cf0,16.1
8640,2019-08-04T11:06:23Z,aa4547c0b6b8be30776e08d524ceeacfbc9930ad720e11fa4cb20882,60.16531,24.9442,00000000fdda10fe,1.01
8641,2019-08-04T11:06:23Z,aa45859d6157e9e86470ec8b81957acc35bafb1b7f419d79357a38cf,60.16829,24.94214,00000000afef4555,5.91
8642,2019-08-04T11:06:23Z,ab1377ddf669bb806f8db586f4ce5ab9f0f4257dda61fe800d8509f5,60.17065,24.93641,000000000f4919c9,20.28
8643,2019-08-04T11:06:23Z,ab6e8769f50a15ea5e0d64f48aaa12886b7599a18cc0eb071a21ae5f,60.16762,24.95415,000000006b44cce7,11.7
8644,2019-08-04T11:06:23Z,ab7697ba77150d46c95d1b02fef085ed91925d425393d8ad1097adcc,60.17002,24.94407,000000006b087f40,33.81
8645,2019-08-04T11:06:23Z,ac4679e3db131ec2ea8e1111c8aa0d71020cf8796ecb11f142478394,60.14947,24.91438,000000004ef3150d,9.92
8646,2019-08-04T11:06:23Z,ac5c7e04b55d6d70659e5b8f4705309b9367c78a0edb7ce85f42c181,60.1538,24.95595,0000000038bf9618,25.36
8647,2019-08-04T11:06:23Z,add92af5006cee56f2da79112486b97d5a7c06f12252676b7638064d,60.16762,24.95415,000000006b44cce7,9.12
8648,2019-08-04T11:06:23Z,addc60a477245c1c33e3a627145e2a2971adf755bfcf8aef4c8c0f88,60.16897,24.95222,00000000aa852af1,18.79
8649,2019-08-04T11:06:23Z,ae3cda5066e455d4b1e58860e8fb7a35efad69b9964a676b476b0687,60.14947,24.91438,000000004ef3150d,3.4
8650,2019-08-04T11:06:23Z,b02a0be9ec3a2bb1acba16daee232202f9a06ac84e0dcc9a80dddf6a,60.16762,24.95415,000000006b44cce7,7.05
8651,2019-08-04T11:06:23Z,b0d6202ccd1560eaf57c06931cb6466332e41068ad2963e515819015,60.17919,24.95181,000000007b5207b6,23.56
8652,2019-08-04T11:06:23Z,b2298fc6f63c02481610f9aef24f1a0c1711c255adc43c0fe135c1ca,60.14947,24.91438,000000004ef3150d,14.89
8653,2019-08-04T11:06:23Z,b3266ecf36a984b814e1b2d31b447438bd948a9c116721480104792f,60.16829,24.94214,00000000afef4555,11.7
8654,2019-08-04T11:06:23Z,b50b3c2006581bccfeaa9ea964649350c7d5b8177baa29a37e628584,60.14947,24.91438,000000004ef3150d,13.75
8655,2019-08-04T11:06:23Z,b59631b8902194c916f7d3ddcc02d4200a3de0380fa554d87e6856c0,60.17002,24.94407,000000006b087f40,20.28
8656,2019-08-04T11:06:23Z,b5cdbcdc30e0bf653ce353c867708b0067db5e394c8cbe848d978a77,60.14699,24.922,00000000a53ed894,9.12
8657,2019-08-04T11:06:23Z,b5f80d159e59c4558e49ea6fb68f6bc72ee9eb92bee60991bdf4e46f,60.16762,24.95415,000000006b44cce7,7.69
8658,2019-08-04T11:06:23Z,b601cd655bb9f05aa6ec86fc9eb9300c3bc20bc0e856e94ad168a257,60.14947,24.91438,000000004ef3150d,14.89
8659,2019-08-04T11:06:23Z,b67f020b0677cdc52c864f559306fb750cdf47ce2eee6503a3cedb3a,60.16629,24.95957,00000000fb7600be,21.87
8660,2019-08-04T11:06:23Z,b81a9bf449d3e64ad0181804598330bbf305f384b888935023742c79,60.173,24.92524,0000000096918cfa,6.46
8661,2019-08-04T11:06:23Z,b81e65168ea3278486b1c954ab229bc2eda3fe07098e824f05cd0ac4,60.149,24.9843,00000000fffb8cf0,23.56
8662,2019-08-04T11:06:23Z,b8f5834e6b992cf5568ae3153fb4b07e97b7f6dd01250851134c1824,60.149,24.9843,00000000fffb8cf0,16.1
8663,2019-08-04T11:06:23Z,b9447a524f5b5bf98585b27b92195b09869ee9cd9da3cf8d2b59c57d,60.16829,24.94214,00000000afef4555,29.32
8664,2019-08-04T11:06:23Z,ba288a5fd2befbc9ed08e7876ad7cb2bd8bfe6f5756d2ffe8e2dc558,60.17002,24.94407,000000006b087f40,13.75
8665,2019-08-04T11:06:23Z,bbf7d8b9085ddcd3b94f55f93b52cb40a251c44f5df4099ba5b61471,60.16829,24.94214,00000000afef4555,13.75
8666,2019-08-04T11:06:23Z,bc07df8cc395f6f4f5d483b2233caca5f93a6918f346e4cc3702f8cc,60.16531,24.9442,00000000fdda10fe,18.79
8667,2019-08-04T11:06:23Z,bf1bf5222ce141fbaa484d3bbf568d521b90699d69ec5fc413c9d716,60.17002,24.94407,000000006b087f40,27.28
8668,2019-08-04T11:06:23Z,bfd5c2630b36fde15de01ea74e598d035402cf1edb7c9230617927e0,60.16762,24.95415,000000006b44cce7,6.46
8669,2019-08-04T11:06:23Z,c012e9e2caf1002d24e53817bb1279becdfc4aa9dba085e93ddd88e9,60.17002,24.94407,000000006b087f40,21.87
8670,2019-08-04T11:06:23Z,c27fee8ae8d689338b043608280c83cfa6f3276d3837ecea5f742dc3,60.16762,24.95415,000000006b44cce7,5.41
8671,2019-08-04T11:06:23Z,c2ac666d5ee7f3743c70750aa1523a594c72821922dbe9079f73056d,60.149,24.9843,00000000fffb8cf0,31.5
8672,2019-08-04T11:06:23Z,c2cc33e5b1b8d254d4bcbc0ffa13c9200676a39a191cc31a38d28d8d,60.17065,24.93641,000000000f4919c9,16.1
8673,2019-08-04T11:06:23Z,c2d88bc74172eb47d26ee5d739980baa7fc011b9973f9f18b482aa81,60.17065,24.93641,000000000f4919c9,23.56
8674,2019-08-04T11:06:23Z,c2e135ad2c160277e290705658ac41d7cd35b11ebf61d829fdd0b428,60.14699,24.922,00000000a53ed894,11.7
8675,2019-08-04T11:06:23Z,c45e3c4e8ec0fc85457d3b4ed4c49ed0116b4cf447e2983f353abcd8,60.16829,24.94214,00000000afef4555,4.5
8676,2019-08-04T11:06:23Z,c55894159f2080031cda702c78ee54463c3c15ab1b3638afdf687f08,60.16531,24.9442,00000000fdda10fe,9.92
8677,2019-08-04T11:06:23Z,c6b0ea433c3fdc73e0bac7e3faa2690506c4e8ec7fc54210446a7ffa,60.14947,24.91438,000000004ef3150d,13.75
8678,2019-08-04T11:06:23Z,c739921adb150c53f1887c6ce887adc6cd7ae7e35e69f6e4dc52fe81,60.173,24.92524,0000000096918cfa,13.75
8679,2019-08-04T11:06:23Z,c7ced11121537f55bcd7d7ab67312226dafe7c85320c5357a35d5ab7,60.17002,24.94407,000000006b087f40,27.28
8680,2019-08-04T11:06:23Z,c8f8a7a901c692af2aec8031d27f0b7efc946f113895771f87fefe1c,60.14947,24.91438,000000004ef3150d,18.79
8681,2019-08-04T11:06:23Z,cd7d0e9404c9f4e8fab0742460b9acb4d5bbb97f44df80d4a8b973cd,60.17002,24.94407,000000006b087f40,6.46
8682,2019-08-04T11:06:23Z,d04b5065ec93818b731141027d11e6a1cf53de69b9737d7aea0c34da,60.14947,24.91438,000000004ef3150d,14.89
8683,2019-08-04T11:06:23Z,d162ad46250f7d87af446db22df4aa6b2eb2bf22f83beca34e857743,60.16762,24.95415,000000006b44cce7,5.91
8684,2019-08-04T11:06:23Z,d2fd0c6415d2d8e49fef3415fb8747b524191b4400a4fbb66428cb12,60.14699,24.922,00000000a53ed894,11.7
8685,2019-08-04T11:06:23Z,d3bad9334d128332fc483e10ef1b77c28e5a75ac55be4de71c6b2f9f,60.16829,24.94214,00000000afef4555,25.36
8686,2019-08-04T11:06:23Z,d54f7c23d54b5aedac429ef954b5ca8ac1cb09bdc07d5154b00f43d4,60.17002,24.94407,000000006b087f40,27.28
8687,2019-08-04T11:06:23Z,d68f1946805ba3d30f9ba25280986fbe003f3b5dce7245b633e0cb5c,60.16762,24.95415,000000006b44cce7,13.75
8688,2019-08-04T11:06:23Z,d6a8c97f1ec18c7a90d3beae358bad67f8d53626258a852e15b08c5d,60.14699,24.922,00000000a53ed894,7.05
8689,2019-08-04T11:06:23Z,d71a315bac918f9a18fcd820731e6d9eb54fb0d01c324ca088ef8858,60.149,24.9843,00000000fffb8cf0,13.75
8690,2019-08-04T11:06:23Z,d7b3daaab1b36d8d95f7672a0339b99b2a16483fc1c71c5177aeb948,60.16829,24.94214,00000000afef4555,20.28
8691,2019-08-04T11:06:23Z,d83c1c2d3a3876c948e277bace6d013eafc0c4e118958e138f8b1257,60.16448,24.97323,0000000053c6c2be,31.5
8692,2019-08-04T11:06:23Z,d86f155736e4d36de5d33bdbb3b12b717b75de44852b93419af20945,60.16829,24.94214,00000000afef4555,14.89
8693,2019-08-04T11:06:23Z,d9138495b15650460946f56faa26bf36e7dc6cf74b3d84614efbc8cd,60.16897,24.95222,00000000aa852af1,29.32
8694,2019-08-04T11:06:23Z,d925f2c5a4c782cc81569c4da4d665d5154d72bcbc363654ac4cd315,60.17065,24.93641,000000000f4919c9,27.28
8695,2019-08-04T11:06:23Z,da2398acaae7f39c7b80c220d4e6917bdc7655f4c71b6e36d06cb859,60.18203,24.91341,00000000342570c2,27.28
8696,2019-08-04T11:06:23Z,dabb7edec36f560d07547c2595765be02b0731b3826f93f5c41b7120,60.16762,24.95415,000000006b44cce7,13.75
8697,2019-08-04T11:06:23Z,db45583e1f7aaaf54e100214986dfc86aa755383e86d361639a5b19b,60.16544,24.95398,0000000038d83d41,27.28
8698,2019-08-04T11:06:23Z,db4d3f81708de827ce30c4130610fd65b4d6d451ca5cf6b0c4e745d9,60.16829,24.94214,00000000afef4555,14.89
8699,2019-08-04T11:06:23Z,dc4072a3cfc00cca0bde9925adc82bb9c2548af1724368561eefcbf8,60.16762,24.95415,000000006b44cce7,10.78
8700,2019-08-04T11:06:23Z,dc816e92e4a2eceea03f41fc379fda0e3d57b5d0fbd9a06430432022,60.16762,24.95415,000000006b44cce7,10.78
8701,2019-08-04T11:06:23Z,dcbd150d7326dc22a8ab087a0555b9c9549addd07f54aa909aa8ec1f,60.149,24.9843,00000000fffb8cf0,33.81
8702,2019-08-04T11:06:23Z,dd8e0699822b1a8a3f8a91fcb10729f6f7cd0a4736f36dc60974c36e,60.16762,24.95415,000000006b44cce7,10.78
8703,2019-08-04T11:06:23Z,de48adf9d49eb3bc1d61dea4047618f6c77086fc44bd2b535d56504d,60.16762,24.95415,000000006b44cce7,3.74
8704,2019-08-04T11:06:23Z,de71e27b55ef6f2f51f05838a2fcab596f1dd93a14ece5ce4548f5c7,60.14699,24.922,00000000a53ed894,16.1
8705,2019-08-04T11:06:23Z,e01908a975abc95425179eadafdba31d371f1d64674c967686df87a3,60.149,24.9843,00000000fffb8cf0,38.87
8706,2019-08-04T11:06:23Z,e081e4b3252ca91bbf1cbb70faa116d60317fbf3a991a67bc99b4bfa,60.149,24.9843,00000000fffb8cf0,7.69
8707,2019-08-04T11:06:23Z,e0859a9c906151023376d86762070f38ba1b3859e671531b0edac6cd,60.16075,24.95883,00000000f1124bca,20.28
8708,2019-08-04T11:06:23Z,e0d7e8b332ca8514428ab10acf6d3a6b777da62ff8ea3e18d9b32989,60.16762,24.95415,000000006b44cce7,7.69
8709,2019-08-04T11:06:23Z,e1da87aea335bcd04e4c876158b96ebc7ba4206bc216c3aa27a2f4af,60.17919,24.95181,000000007b5207b6,3.74
8710,2019-08-04T11:06:23Z,e26862fdcdd4688d81b8fe05d1ac94c5f9b3192ddc50d4c66ad12cc1,60.16897,24.95222,00000000aa852af1,23.56
8711,2019-08-04T11:06:23Z,e29168791ccd18013b58845430388cc5aac537e7e1c618aeb78900a8,60.16897,24.95222,00000000aa852af1,21.87
8712,2019-08-04T11:06:23Z,e305610124e16ed1411a221b29ce69a076cc47982efd6c098b0599ab,60.14947,24.91438,000000004ef3150d,10.78
8713,2019-08-04T11:06:23Z,e32e078697e70d6e3cb4b156ada3a4756315227b125615d7b5c116a7,60.16762,24.95415,000000006b44cce7,2.08
8714,2019-08-04T11:06:23Z,e44d7228cecbdb2474e1cc396a6c13943f09c08c19d0ffab1997d509,60.17919,24.95181,000000007b5207b6,10.78
8715,2019-08-04T11:06:23Z,e53a901aed874016e1cd1ed3e9b2891fca850986cb2fa04f5162cf52,60.16762,24.95415,000000006b44cce7,3.09
8716,2019-08-04T11:06:23Z,e557e164cd52fd817b02cad6587a294d72b0974d9b014ad69ea5e08e,60.17919,24.95181,000000007b5207b6,31.5
8717,2019-08-04T11:06:23Z,e57facbf08a4abd25c366c0604463549586bb771b6ce2cf62945cdbf,60.16762,24.95415,000000006b44cce7,17.4
8718,2019-08-04T11:06:23Z,e5b9b4813c081a31fb498e7f9adb94918c267dfa125c63790c0d9488,60.149,24.9843,00000000fffb8cf0,1.54
8719,2019-08-04T11:06:23Z,e9d59e25b58f33f70aad6832863cb59d7485ca55a1575558f92b74e7,60.16897,24.95222,00000000aa852af1,31.5
8720,2019-08-04T11:06:23Z,ea3eef2f497e934d53c3a02bfa190abb42a24ce200d24c69598dbf84,60.16762,24.95415,000000006b44cce7,11.7
8721,2019-08-04T11:06:23Z,eb09e242059d315d7f929b7befadc641eeddb95492babe81030cbabc,60.16829,24.94214,00000000afef4555,25.36
8722,2019-08-04T11:06:23Z,eb261026c6f65b651ddf21bed629a1e164cfb500d0b78062704ec15c,60.16762,24.95415,000000006b44cce7,4.5
8723,2019-08-04T11:06:23Z,eca1a609c675d971fcfba4277d230ccdc2de7805c629b1f5da9cc224,60.173,24.92524,0000000096918cfa,27.28
8724,2019-08-04T11:06:23Z,ecb1735f180422ec69f041cd2782a26c9f07d27a87893b3c30aaa9b7,60.16075,24.95883,00000000f1124bca,4.11
8725,2019-08-04T11:06:23Z,ecb5655da668bb183a5c270a96927649c323975e318184d248247099,60.16829,24.94214,00000000afef4555,11.7
8726,2019-08-04T11:06:23Z,ecf13e9d610ad235409932d263110fd52c69d0f5f39e9ffd3ad8b740,60.16897,24.95222,00000000aa852af1,16.1
8727,2019-08-04T11:06:23Z,ede13c9dc221bbc6c1daf78250fa6547303c06d7606c05ba0bf64547,60.17919,24.95181,000000007b5207b6,7.05
8728,2019-08-04T11:06:23Z,eea43687eab35d2c386347881796eb1c8279076b9e9642ebc2cd06ac,60.16762,24.95415,000000006b44cce7,4.5
8729,2019-08-04T11:06:23Z,ef15ff71b7dc4c2088249a4fca7e28900ae315245a7a3b4d571bf582,60.16829,24.94214,00000000afef4555,4.94
8730,2019-08-04T11:06:23Z,ef33ccdfcdb12920eabb3306e0f86dc7e6060a5d3864b03e2de7e1ef,60.16897,24.95222,00000000aa852af1,13.75
8731,2019-08-04T11:06:23Z,ef45fdc095ee55730384922266d8fce61de212d3c3df2441ea10e524,60.14947,24.91438,000000004ef3150d,20.28
8732,2019-08-04T11:06:23Z,ef5e495c5f9d3dd9eb22ed5b8faf1cc9e4225d4785ebb26a87d16fff,60.14699,24.922,00000000a53ed894,9.12
8733,2019-08-04T11:06:23Z,f04251ace2b79d56bee25fce26175de1bea524d390dd5cdb6b2652a8,60.14699,24.922,00000000a53ed894,21.87
8734,2019-08-04T11:06:23Z,f11c02cbebb4049a29f10d2ee6aac8a9ca3b7b9609a39d69463461a1,60.17065,24.93641,000000000f4919c9,25.36
8735,2019-08-04T11:06:23Z,f196f5f8c08299d290b3bac1944e00bb1f2c90594db66438b0c10e6e,60.16629,24.95957,00000000fb7600be,13.75
8736,2019-08-04T11:06:23Z,f2467c8ede6444941158701b7bd9d005beec9ffdb355ce2d8c7a9bfd,60.149,24.9843,00000000fffb8cf0,11.7
8737,2019-08-04T11:06:23Z,f43b8b2cf2c0bd291543858796d75b211d283ab73dcab5ad5dfd0aeb,60.16897,24.95222,00000000aa852af1,5.41
8738,2019-08-04T11:06:23Z,f4537d3a0c1408b022793f60b53e651b2eac6640fa66b9248338e815,60.16762,24.95415,000000006b44cce7,11.7
8739,2019-08-04T11:06:23Z,f5ffa3dbcdd5592ac31344cb04a7a6d639109a4d6e196fa0df3990dd,60.17065,24.93641,000000000f4919c9,25.36
8740,2019-08-04T11:06:23Z,f616fbd0fde8316049c3068ae4368dc9f486f8da4bf5516e9ba82578,60.16897,24.95222,00000000aa852af1,7.05
8741,2019-08-04T11:06:23Z,f78ef2ddbe48b534137498eab56c0a55ec0e0b1d8868e82cb5652a0e,60.14699,24.922,00000000a53ed894,9.12
8742,2019-08-04T11:06:23Z,f7be7d003528c0c0827040a3a3723e49406a5a7c86cb4bc568a830db,60.17002,24.94407,000000006b087f40,20.28
8743,2019-08-04T11:06:23Z,f7d633178895e2c2f25a33d4045d8317cf7691e19593fe4b142182fc,60.16762,24.95415,000000006b44cce7,10.78
8744,2019-08-04T11:06:23Z,f855918d61069661cbf8633b228a5fb9e5cd5ea7b2946bfc5b9fc315,60.16829,24.94214,00000000afef4555,14.89
8745,2019-08-04T11:06:23Z,f9f42c3132515705c0013fb8e137897c93844d24acc22cb4ac9384a0,60.149,24.9843,00000000fffb8cf0,5.41
8746,2019-08-04T11:06:23Z,fa1579394f4980e1fe11248f7be4e646b601a3d8cdb9361f182d066c,60.16762,24.95415,000000006b44cce7,10.78
8747,2019-08-04T11:06:23Z,fa15a46a5326515aa1a4b43762ef2018a2be3ac983c811558c1fe104,60.16762,24.95415,000000006b44cce7,21.87
8748,2019-08-04T11:06:23Z,fbea754bd1d1bd41d31d255adcdfb67b3b4c052fc59db33eb47c25b4,60.16897,24.95222,00000000aa852af1,21.87
8749,2019-08-04T11:06:23Z,ffb7319984ecae155652e100da9b204f0b92f3b6c7239cfea4dcf966,60.14699,24.922,00000000a53ed894,9.12
8750,2019-08-04T11:06:24Z,09ddbf38333e76a79fd836112bd8c3f8bf7f3dadfb3d49945ad4c486,60.16897,24.95222,00000000aa852af1,7.05
8751,2019-08-04T11:06:24Z,1142f5b6806b1ec7d8d47d47013eb530d8a7418f6934d8867b20966a,60.16829,24.94214,00000000afef4555,17.4
8752,2019-08-04T11:06:24Z,126e7fa4dd9205201617bdc0c7c346bfb57e1a75d3d7d3d9c260d51b,60.16629,24.95957,00000000fb7600be,16.1
8753,2019-08-04T11:06:24Z,128f1b89d7a534aa206a7823b692594bbd4d349761baa04c0fc72f2c,60.14947,24.91438,000000004ef3150d,12.69
8754,2019-08-04T11:06:24Z,14c7e1511b70f4dd3359cbece1377aebb4d70531f5489eefe53d7c3c,60.16544,24.95398,0000000038d83d41,25.36
8755,2019-08-04T11:06:24Z,16c994bb2e24124a910c247376d16e980a65626a94c4c0aaab27df60,60.16829,24.94214,00000000afef4555,20.28
8756,2019-08-04T11:06:24Z,25a7ff811c3c06e426c7c2cbb0433d9a2a3399b23afecbd35584ab0f,60.18203,24.91341,00000000342570c2,18.79
8757,2019-08-04T11:06:24Z,2e4af02bc2421faac1f506a147ddb9b76076386be53415223aca4bde,60.16762,24.95415,000000006b44cce7,7.69
8758,2019-08-04T11:06:24Z,32dd92b5a658392a4ec84eaf95152ee72258b6b0fb670b97882ac902,60.16829,24.94214,00000000afef4555,25.36
8759,2019-08-04T11:06:24Z,3b5cafe90982db26cf737b2e4cd4275276f6a031bca3b2a1f73023b2,60.14699,24.922,00000000a53ed894,14.89
8760,2019-08-04T11:06:24Z,43b676ed3aef4c2d8846694817e76117873be52e7f788e0cb366c1c4,60.16629,24.95957,00000000fb7600be,21.87
8761,2019-08-04T11:06:24Z,44d0b94469070803869f229601e877beb613c3f5aafa009addf97a1a,60.16544,24.95398,0000000038d83d41,21.87
8762,2019-08-04T11:06:24Z,4656bad9b5e6dfc3977eca308fc1db3dbf8b0204b90d09b001da242e,60.1638,24.96846,00000000d747f075,23.56
8763,2019-08-04T11:06:24Z,4774d3de2115f3cfeff91dc17ed763964fe86825629003f82ee45b2b,60.16762,24.95415,000000006b44cce7,2.8
8764,2019-08-04T11:06:24Z,5d65719c4cbf045f068d084b72302f447d5fd034413d97d13be00d0e,60.18203,24.91341,00000000342570c2,18.79
8765,2019-08-04T11:06:24Z,5eed115a984d490b02b602d73787aee8dc8c4e9365b77fbff3818a76,60.16629,24.95957,00000000fb7600be,20.28
8766,2019-08-04T11:06:24Z,69219e9efa41ae9e732653e9eaf08e1a34cb853a9dafe76ddeea4d04,60.16897,24.95222,00000000aa852af1,17.4
8767,2019-08-04T11:06:24Z,6a70e2fbced719333e21eff04fcb9cb36bae9a04d1a3d6ddd96f2c58,60.15432,24.9211,0000000019fb59c4,4.5
8768,2019-08-04T11:06:24Z,6f06341f358e61699fe1e55e986dd0554bc8da28b91daf0c5ad99db6,60.16629,24.95957,00000000fb7600be,17.4
8769,2019-08-04T11:06:24Z,87dfaad29a9276ddddb1fa021d3bc23ad14824c1af16f7d87e713689,60.14951,24.92138,0000000006dd41f6,10.78
8770,2019-08-04T11:06:24Z,88808fe92573e9cdf022cc15b9689b6b4b9429f60513c8897b0ba4c7,60.16897,24.95222,00000000aa852af1,16.1
8771,2019-08-04T11:06:24Z,89982a6acf91b79a282a6b63978e946ee205f303fcd20e944e06baf0,60.16544,24.95398,0000000038d83d41,36.27
8772,2019-08-04T11:06:24Z,8c3b1ed0846e38cc84b863a80540c8a75bfd85c8bdda36563d153110,60.16544,24.95398,0000000038d83d41,20.28
8773,2019-08-04T11:06:24Z,8c75c3289c84fe4493e1e272a77b615fe1985880c5dc68a7c1a17b53,60.16762,24.95415,000000006b44cce7,10.78
8774,2019-08-04T11:06:24Z,9843c6216661048343a0e49cf3d8aa2883cf77f452666a1c873a1052,60.16448,24.97323,0000000053c6c2be,12.69
8775,2019-08-04T11:06:24Z,a01fa9091a190537108f7d85ca6b54b023828292d6ed65ab0b3c5619,60.14699,24.922,00000000a53ed894,21.87
8776,2019-08-04T11:06:24Z,a13e5d46f0a2d1c6b58878e1b198905e9b14e3a85b5e4adab88b4b87,60.16762,24.95415,000000006b44cce7,16.1
8777,2019-08-04T11:06:24Z,b936e41d8712ae967f3ebb413fc44f060bb10613f95537757886ede2,60.16762,24.95415,000000006b44cce7,6.46
8778,2019-08-04T11:06:24Z,c40c37def6bf11a63a2556519a7c6233fd417cdeea2cf14f28e7c42c,60.16531,24.9442,00000000fdda10fe,31.5
8779,2019-08-04T11:06:24Z,ca6927628f5ddda20036865c9345ad93d476d62ade3b181de568eed6,60.16897,24.95222,00000000aa852af1,21.87
8780,2019-08-04T11:06:24Z,cf05623e4d87ce0906c0b0b7dbf53aacc1228016cd27c341228b6e76,60.18203,24.91341,00000000342570c2,18.79
8781,2019-08-04T11:06:24Z,cfc0bedb78ded52749db3188cb188bf6a250ef5990da9c5afa9623fc,60.14951,24.92138,0000000006dd41f6,25.36
8782,2019-08-04T11:06:24Z,dbeb00942457ba3c5fb1984b57b1dedb268c0e761e80729b939f1fd8,60.16544,24.95398,0000000038d83d41,20.28
8783,2019-08-04T11:06:24Z,e224ae5ea47af2e3048f83b13a1f45dc135c0ca6be72547b01729086,60.1538,24.95595,0000000038bf9618,17.4
8784,2019-08-04T11:06:24Z,e8e366e76c97944e23c0f80b4fd3ce6e5832744922297146a49f0c7e,60.16762,24.95415,000000006b44cce7,16.1
8785,2019-08-04T11:06:24Z,ec9139faa5706ad0c421bc9e3beb3d01bbe94e828fc31464764715c1,60.14951,24.92138,0000000006dd41f6,25.36
8786,2019-08-04T11:06:24Z,f088630d7476dae7d4b7e2bb1f10575f2c89acb4b6e061f3d57c2b40,60.16531,24.9442,00000000fdda10fe,18.79
8787,2019-08-04T11:06:24Z,f30a5193aa7850aac581b8dd71512a8712c96f36fdef78d8292d4788,60.16762,24.95415,000000006b44cce7,3.74
8788,2019-08-04T11:06:24Z,f31cfded6f566f9c032c80c52ea642407be312c5d42521ab7a8d3e2a,60.16897,24.95222,00000000aa852af1,18.79
8789,2019-08-04T11:06:24Z,fc4f3a44235f1cfc7b53f14ba2da599976a5a0a220d23b852688e485,60.17919,24.95181,000000007b5207b6,7.05
8790,2019-08-04T11:06:24Z,007540b1ada16f6000987e20cd81a3deb18b2aea4cb95b50e099dcee,60.17065,24.93641,000000000f4919c9,16.1
8791,2019-08-04T11:06:24Z,0236a1d5b9b9d2249407a79705eee38de360ceb0530a8959ba5bc15b,60.149,24.9843,00000000fffb8cf0,13.75
8792,2019-08-04T11:06:24Z,02859795f210989e95cecea68a54de08be1fe5e153b3038eda00394e,60.16762,24.95415,000000006b44cce7,17.4
8793,2019-08-04T11:06:24Z,02a354db29cd5bc16976a9d933e03a41be350f9cc78098829a7dcfd4,60.14947,24.91438,000000004ef3150d,20.28
8794,2019-08-04T11:06:24Z,03515f2dd8be9a829b8b55cec8dc0f87b3e51368f8f16e4c4014d547,60.16762,24.95415,000000006b44cce7,14.89
8795,2019-08-04T11:06:24Z,04b736184e1fb3866918f7983899c7499226ffc8fb088c4b6c92a07d,60.16448,24.97323,0000000053c6c2be,31.5
8796,2019-08-04T11:06:24Z,0656a0c0a353f164b57fbdd9e648d71fab429964d97ed07ab2c5dc30,60.18203,24.91341,00000000342570c2,18.79
8797,2019-08-04T11:06:24Z,08b10b51864dc039f0a07c997e66e7a263ee1cde5b0b88b2a1178c58,60.16829,24.94214,00000000afef4555,11.7
8798,2019-08-04T11:06:24Z,090b22feb90861d0c5c272812dfebe1f4f5efec2238fb9556f23e5a6,60.16762,24.95415,000000006b44cce7,13.75
8799,2019-08-04T11:06:24Z,0a949aafc0be15c68d73a5dd186d726aa6b921f44303a712ac6ddcb8,60.16762,24.95415,000000006b44cce7,8.38
8800,2019-08-04T11:06:24Z,0ac16900b358cad98786869efa2fa39aa96eacf36f9249051cce0e88,60.16448,24.97323,0000000053c6c2be,31.5
8801,2019-08-04T11:06:24Z,0b49dcea1b7eab22f4ebd0c7666ded5b59fe092b8bdd4aa9eda6326d,60.16762,24.95415,000000006b44cce7,2.8
8802,2019-08-04T11:06:24Z,0c959027ce302054b09087cac97a83aa7e24fb9e4fa2710763f912cb,60.16829,24.94214,00000000afef4555,8.38
8803,2019-08-04T11:06:24Z,0d2490ed58c11eb4a754a30cc4bcb21c7243d322a2caf7cc360e4e8c,60.17065,24.93641,000000000f4919c9,16.1
8804,2019-08-04T11:06:24Z,0dc12f22306d5f6622fc786011f32f1961a5f94018be9c2236fb2e52,60.14699,24.922,00000000a53ed894,12.69
8805,2019-08-04T11:06:24Z,0e113c5ed3abcdfb31d27c3125f6cf01e3b96e4ed7eca1aaea855f77,60.14947,24.91438,000000004ef3150d,16.1
8806,2019-08-04T11:06:24Z,0e9170bc93107bf16cd12839eca9ea157f19169d66085e8a435b0f1d,60.16762,24.95415,000000006b44cce7,3.74
8807,2019-08-04T11:06:24Z,0fd26c6e46f4d73b276223942e56c38bc9b8e4566239f8a77261657b,60.17002,24.94407,000000006b087f40,25.36
8808,2019-08-04T11:06:24Z,1107822441d53ff89eb9cb0d022a37202aed47bd82dca4bc175d6837,60.16762,24.95415,000000006b44cce7,7.69
8809,2019-08-04T11:06:24Z,1327ce24f157334f864f913637993c80380ce5f5c911e4b0d31c5eb7,60.149,24.9843,00000000fffb8cf0,5.41
8810,2019-08-04T11:06:24Z,1374f31e71652faf3e69316a295c22d59e560f15e35f42b003a89222,60.14699,24.922,00000000a53ed894,18.79
8811,2019-08-04T11:06:24Z,13b0a8ca1414d7b2b0e8d5f80069a5d26c6f62a68b58eda25a4b85f4,60.16829,24.94214,00000000afef4555,7.05
8812,2019-08-04T11:06:24Z,14950bb35cae97d17dbb39fd05de471b20dceda78a1c517bec6b0cba,60.149,24.9843,00000000fffb8cf0,33.81
8813,2019-08-04T11:06:24Z,169c77f0d714e38eb1e798b14fa42ce3fefb0ec1d6f9e93a38a872f1,60.16762,24.95415,000000006b44cce7,13.75
8814,2019-08-04T11:06:24Z,182e58bd6c3c8d836225d454a878bc55d8ed5166564a22f8b635f6ff,60.14947,24.91438,000000004ef3150d,20.28
8815,2019-08-04T11:06:24Z,1921be9815a57f11f291ca085add7b4bf1d044518b03b725df7cf7d5,60.149,24.9843,00000000fffb8cf0,12.69
8816,2019-08-04T11:06:24Z,19db84758eba08a5f9bb56b0ff91d05286765c8e8dfa31bd0b2aaa1c,60.14947,24.91438,000000004ef3150d,23.56
8817,2019-08-04T11:06:24Z,1a06b5f7f305badd45e93db9d86d76ed3a2a96ec55ec47c836921e3e,60.16762,24.95415,000000006b44cce7,9.12
8818,2019-08-04T11:06:24Z,1a9a0f74c353624c42c19c007e82c9c2547b7285d8353d0e375e3f05,60.14699,24.922,00000000a53ed894,7.69
8819,2019-08-04T11:06:24Z,1bff3cb3b9be59366fdf8adbbc677a4dfbf8e116bf330c3435bc63c2,60.16897,24.95222,00000000aa852af1,21.87
8820,2019-08-04T11:06:24Z,1c38009e9b89bd8b0d6744bf54ebae9a8ad2dc2868cdfc3f2e399509,60.16829,24.94214,00000000afef4555,17.4
8821,2019-08-04T11:06:24Z,1c8c3befa38b65f707dd4933a68e5e3c9e7c82592fd382779127416b,60.16897,24.95222,00000000aa852af1,17.4
8822,2019-08-04T11:06:24Z,1ce242f8d8220cd38bf3ea9138c99ae9b2f79b28e68edb864f090ec9,60.149,24.9843,00000000fffb8cf0,8.38
8823,2019-08-04T11:06:24Z,1dd88e08ecbbd8507d735040b95233ff133ddfecfd889e4a3c52b8cf,60.16762,24.95415,000000006b44cce7,12.69
8824,2019-08-04T11:06:24Z,1de509b10ed308796e82bb0f51f17f68e2fdfbcc3d6bed69c40eb7fd,60.173,24.92524,0000000096918cfa,21.87
8825,2019-08-04T11:06:24Z,1f6e5095c2c365e120a526c9111895459bc08fb351b964a350cdb64f,60.16762,24.95415,000000006b44cce7,8.38
8826,2019-08-04T11:06:24Z,1fa2c533bba37b249a0105001153733e67a559d40c22cab67f135f64,60.14947,24.91438,000000004ef3150d,5.91
8827,2019-08-04T11:06:24Z,227b93698b29687beea48184f42aab63a21fa362af7251be32db2e15,60.16531,24.9442,00000000fdda10fe,3.74
8828,2019-08-04T11:06:24Z,23786c82e2641aed0e0b004658480a212bf0397568e914487819045c,60.16897,24.95222,00000000aa852af1,18.79
8829,2019-08-04T11:06:24Z,23b4a8c7918ca417eab83481a710fd544e1fa8bf7073b5955c0155c8,60.14699,24.922,00000000a53ed894,7.05
8830,2019-08-04T11:06:24Z,2535cb5c89ec66044a005b03dd769ca8d0022164a816c06db0e49892,60.16762,24.95415,000000006b44cce7,10.78
8831,2019-08-04T11:06:24Z,2671a156fa8d8bb05970481c8f83bcf9f261f73dae27f2bb9ac88aeb,60.14699,24.922,00000000a53ed894,14.89
8832,2019-08-04T11:06:24Z,2724e42551f43106ea58a8fcc6a43953baa1294cd65e17a90012f706,60.17065,24.93641,000000000f4919c9,0.34
8833,2019-08-04T11:06:24Z,277125506ba4ea1afb2c696256b262e0708d43c30c769a1d4a382a76,60.16762,24.95415,000000006b44cce7,12.69
8834,2019-08-04T11:06:24Z,28741c2e5e348fe81dec0518a21c0930c98a25b6fcece61a262d50de,60.14699,24.922,00000000a53ed894,14.89
8835,2019-08-04T11:06:24Z,296a0ffe230305a3d37818a0369b56c99dacdd5df5a161bf238e1084,60.16762,24.95415,000000006b44cce7,5.41
8836,2019-08-04T11:06:24Z,2977d3c4f181abb6662adf1d466a62167e2690a9c94dc53e5aa6a904,60.16762,24.95415,000000006b44cce7,8.38
8837,2019-08-04T11:06:24Z,29f5adc4d67413b7d368e8e94a41cf48339e3f5f0903f660170c4fe8,60.17919,24.95181,000000007b5207b6,11.7
8838,2019-08-04T11:06:24Z,2a334446463c0c30b6183affed3493e5b0fefc5fae3085991b3159ea,60.16829,24.94214,00000000afef4555,27.28
8839,2019-08-04T11:06:24Z,2a80aed2c40e7e70ca12152ac812abd79aa1d13efcec25a6d3395136,60.16762,24.95415,000000006b44cce7,9.92
8840,2019-08-04T11:06:24Z,2acbdfb5e555a9668c446767fc5d82728d254a45d17dff85e3342cb0,60.16629,24.95957,00000000fb7600be,31.5
8841,2019-08-04T11:06:24Z,2af353f8c54bb0d9e6ff34e08578e5263b7fac68ab82cf9559293cb9,60.16544,24.95398,0000000038d83d41,18.79
8842,2019-08-04T11:06:24Z,2b340ca3416f2ba214d44853ad0495223a557eb6b61baca53fd7dc54,60.16829,24.94214,00000000afef4555,23.56
8843,2019-08-04T11:06:24Z,2c85e4140ca0ba77c3598ceac05eb2c2342409ce8111c863fc58c606,60.16829,24.94214,00000000afef4555,1.25
8844,2019-08-04T11:06:24Z,2ccaeb30423977ff22b6afc29243b861b476a5f4ffafdf200d326d78,60.17002,24.94407,000000006b087f40,20.28
8845,2019-08-04T11:06:24Z,2d0349a4148a147b05e00cd46c137dd208ba2a8ce9327b493615f1a6,60.16829,24.94214,00000000afef4555,17.4
8846,2019-08-04T11:06:24Z,2de87ef94604fb63bec05eefb71b6cdd0b9807f8551159c2a35e7259,60.17065,24.93641,000000000f4919c9,4.94
8847,2019-08-04T11:06:24Z,2f83e4cad2d924faecb3def25f54727f3e612bc5040c493dd6eccb1d,60.16897,24.95222,00000000aa852af1,17.4
8848,2019-08-04T11:06:24Z,30bee351808d5e8082ce012b57f5bc0efc80f8394491a182e0eeee32,60.17918,24.95141,00000000675d5200,14.89
8849,2019-08-04T11:06:24Z,31659a798f1d780d587f07390c038a78fafa6cabb8180dba635863ce,60.17002,24.94407,000000006b087f40,10.78
8850,2019-08-04T11:06:24Z,3226c88241c6ac9d643c1843f44b6e5ee10df5f15a695e360582a9be,60.16829,24.94214,00000000afef4555,13.75
8851,2019-08-04T11:06:24Z,32f77f5019e5fce30881c214487361e2e34b8c93277f6e546de72012,60.1638,24.96846,00000000d747f075,21.87
8852,2019-08-04T11:06:24Z,33a5da4eacfc49fefa067790c9fada1a86d9793367ded845a46f0779,60.16829,24.94214,00000000afef4555,23.56
8853,2019-08-04T11:06:24Z,3417d8a6b53687e70f126ebeb1d26a2ff6369dc9a551c3c35c5a04f9,60.17002,24.94407,000000006b087f40,14.89
8854,2019-08-04T11:06:24Z,34699a54205d9b4fd19feeac8204c6d0484e5ad4344d698b8206cf9b,60.16829,24.94214,00000000afef4555,16.1
8855,2019-08-04T11:06:24Z,3670a148a52771f0ff5af161725f65b86873c09eea1a7697861c0438,60.14699,24.922,00000000a53ed894,21.87
8856,2019-08-04T11:06:24Z,374083907dd8980893623726af5633afd59b519c885ad12ba5c674eb,60.17002,24.94407,000000006b087f40,8.38
8857,2019-08-04T11:06:24Z,386dea4944e0b83648b4b6faf510fd47b0e9e29a2bb9311fe8a80ee2,60.17918,24.95141,00000000675d5200,9.12
8858,2019-08-04T11:06:24Z,3ac9d056b0f04f774b238a125eb996d46437f7a8c5f6ba6712e971cf,60.17918,24.95141,00000000675d5200,10.78
8859,2019-08-04T11:06:24Z,3b355c039877bd4883845f3fc6ad8dd6f41f170274042f1397585680,60.149,24.9843,00000000fffb8cf0,14.89
8860,2019-08-04T11:06:24Z,3b5030adc7c303403a6333a1a6d35474c2f21c1d20ece72180660423,60.14947,24.91438,000000004ef3150d,11.7
8861,2019-08-04T11:06:24Z,3c7df7d16658abc47ed9e66342a99269fee33785ea550021877f84a4,60.18203,24.91341,00000000342570c2,21.87
8862,2019-08-04T11:06:24Z,3daa2205b02453faa04e23c0bf80d6d22d657277425f07e4fc424dbc,60.16762,24.95415,000000006b44cce7,18.79
8863,2019-08-04T11:06:24Z,3e36420df19c06796a79acdad84551653de9b0132cb0987329f75291,60.16897,24.95222,00000000aa852af1,31.5
8864,2019-08-04T11:06:24Z,3f5d3aed90718f7fb8e8a13ac7002718cc22cbe190beb96821ba52e6,60.17065,24.93641,000000000f4919c9,17.4
8865,2019-08-04T11:06:24Z,3f67c6713a6cca446a46616c9970c7a2ddffb03f21e10c8ea9b2f380,60.16897,24.95222,00000000aa852af1,14.89
8866,2019-08-04T11:06:24Z,3fde075082af3062c2bebc5e09ad55bda3de70b5f492bdfb21f284c9,60.173,24.92524,0000000096918cfa,9.92
8867,2019-08-04T11:06:24Z,3fe4e214448b0c9a8dfbee81c347d82a8f0b26859201fb1d77f40fa9,60.16762,24.95415,000000006b44cce7,10.78
8868,2019-08-04T11:06:24Z,41af64ea1f61b139479ea123820b9cf1e855e91bba298f55bfc28fea,60.14951,24.92138,0000000006dd41f6,25.36
8869,2019-08-04T11:06:24Z,4259ea4be61641ef15bcf103aabbda808376b164c83d20d3be269e1d,60.17065,24.93641,000000000f4919c9,31.5
8870,2019-08-04T11:06:24Z,42d34a6c595760e51052178acc978bdb2b6348e0405f7b58c57f0915,60.16829,24.94214,00000000afef4555,9.12
8871,2019-08-04T11:06:24Z,439ff6b8ff9dc79d47e223164a87fc2d620f29bc7ea1bc7ea4c5cc58,60.16897,24.95222,00000000aa852af1,27.28
8872,2019-08-04T11:06:24Z,43a599f28d168caa53108cd20ab0cbcbdc62b74321e8c351eb7aee72,60.17002,24.94407,000000006b087f40,27.28
8873,2019-08-04T11:06:24Z,4472fa277123afabdf2402fc2a3c5bff2be437e6d56b590278de70fc,60.17065,24.93641,000000000f4919c9,18.79
8874,2019-08-04T11:06:24Z,448f6044c6c095d8c71341a0017dd6746f6e150f03af7c78b794308f,60.16762,24.95415,000000006b44cce7,7.05
8875,2019-08-04T11:06:24Z,44cd8828dd4aa11ea599139af3d3aafbcd09ca0c2558f26ed1c72e17,60.14699,24.922,00000000a53ed894,12.69
8876,2019-08-04T11:06:24Z,4538bf4d0ca02f13fad76c46f7b34e72978c49b0cdfe4ea9fe151a50,60.16762,24.95415,000000006b44cce7,11.7
8877,2019-08-04T11:06:24Z,465eab28635efe98500085ceb161cf941d02272a0107fbbfb2203c29,60.16829,24.94214,00000000afef4555,14.89
8878,2019-08-04T11:06:24Z,46b576e18e757fc4ec008b41d3c28ec5415a2c2c2f143042e5413137,60.16762,24.95415,000000006b44cce7,5.41
8879,2019-08-04T11:06:24Z,46b81e0dd10fe05195c050bacd41d57feeca0e044b6b317ac22a8656,60.16762,24.95415,000000006b44cce7,10.78
8880,2019-08-04T11:06:24Z,47f787c639f2eed345eb5dca409ffcd989850399a1ab781500dd6e82,60.17919,24.95181,000000007b5207b6,14.89
8881,2019-08-04T11:06:24Z,4800d49ec59e1cde34360defcce4c2a0c6a58919303c1fe6fdebceec,60.16762,24.95415,000000006b44cce7,23.56
8882,2019-08-04T11:06:24Z,4833b1ea4f519407574f5a838d93a39de28c756c5f53de7ee273b577,60.14947,24.91438,000000004ef3150d,8.38
8883,2019-08-04T11:06:24Z,49084ae4b6419be9e7bb0c9b1420142e07d6ac3c17c07c26895461ed,60.16829,24.94214,00000000afef4555,17.4
8884,2019-08-04T11:06:24Z,49b391c05bd4e5231579392d798036a0139a8ea4e4d4509a7cb3901f,60.16829,24.94214,00000000afef4555,13.75
8885,2019-08-04T11:06:24Z,49d6f6bd5878bfac30a67fe92d1501b5b09cab38ab2b35b661902f0d,60.14947,24.91438,000000004ef3150d,13.75
8886,2019-08-04T11:06:24Z,4a2286eca689d9c867cfa19d43b9b917d29769b66b9e0a968f6c3859,60.16897,24.95222,00000000aa852af1,16.1
8887,2019-08-04T11:06:24Z,4a54cbed9c373a4136f8851f3f5736eb2fadd5766d316eb5ebbdd231,60.17919,24.95181,000000007b5207b6,11.7
8888,2019-08-04T11:06:24Z,4ae4a5331747d994953667cd06d4c999d9cf71885574c3cc473620f8,60.16897,24.95222,00000000aa852af1,29.32
8889,2019-08-04T11:06:24Z,4b5b3e8f2b484bc08b196c265f65c70151bd69f6263318eb29125db2,60.16829,24.94214,00000000afef4555,2.8
8890,2019-08-04T11:06:24Z,4cf634fc84e128c3b9bce07a4b726d136e18f0eea4229fdbb48f6db1,60.16897,24.95222,00000000aa852af1,23.56
8891,2019-08-04T11:06:24Z,4d31b0561dbfc9ef5acbd44ba92acb4ca7bad86b948634f005173ece,60.14699,24.922,00000000a53ed894,20.28
8892,2019-08-04T11:06:24Z,50a06af190dfb27cbd4d6ca55980b1379ec795af8b9e5ebc00d73257,60.16762,24.95415,000000006b44cce7,9.12
8893,2019-08-04T11:06:24Z,52daa31a2b3c1c07f78d96ebb4de3a965da5ef0a8035afbd0f7451fb,60.16531,24.9442,00000000fdda10fe,13.75
8894,2019-08-04T11:06:24Z,541f330d2ded03609f551d02b8149da9cd07ee36aeee630f8fc9de8c,60.14699,24.922,00000000a53ed894,7.05
8895,2019-08-04T11:06:24Z,542a405b620e6d166ecc5eadd979b3936d831cea3aa7b75316adb4ca,60.16897,24.95222,00000000aa852af1,10.78
8896,2019-08-04T11:06:24Z,54d53f276563f566e1cd61b100408412cf78b4fe9fcada830aa6e23b,60.14947,24.91438,000000004ef3150d,11.7
8897,2019-08-04T11:06:24Z,5518b2315c236d486c7a5a4fc27c44987672b2f9a0751ffdaa9cbf78,60.16829,24.94214,00000000afef4555,9.12
8898,2019-08-04T11:06:24Z,56101419005237b836e4ed14d91dfa6f9edc4c92b5fcb419943897bb,60.16762,24.95415,000000006b44cce7,8.38
8899,2019-08-04T11:06:24Z,56318cc7f3616fceec2564cbb1f6ca8b88ea861935a1ada93aafd7b0,60.16897,24.95222,00000000aa852af1,18.79
8900,2019-08-04T11:06:24Z,565a35900ed1794a9d566f6fc12f2710875a10eb7c8e6fa0ddd92626,60.14699,24.922,00000000a53ed894,18.79
8901,2019-08-04T11:06:24Z,571934189bf349efb6f596e76c21612cf9b82ed44913090169936048,60.17065,24.93641,000000000f4919c9,7.69
8902,2019-08-04T11:06:24Z,58ee8fd47328b1c696ec343920f2c0353d19a915924eb6f6f2638e56,60.16762,24.95415,000000006b44cce7,9.92
8903,2019-08-04T11:06:24Z,5b3d706018287c0b59ea341821814ec23f2ee7e3227bb79e3c2c1114,60.16762,24.95415,000000006b44cce7,18.79
8904,2019-08-04T11:06:24Z,5c404f374a48548bfe8b02859d12ae59c4ae608fae2139fd71ef51b1,60.16762,24.95415,000000006b44cce7,9.12
8905,2019-08-04T11:06:24Z,5d9aa6fcb0d81ceaa80ca13cc08a88138be517656646e0ba0942ce46,60.16897,24.95222,00000000aa852af1,8.38
8906,2019-08-04T11:06:24Z,5e0289eb3bdaad8fcb5f57629501df80b5925a8829d5d1fdeb73caae,60.16629,24.95957,00000000fb7600be,25.36
8907,2019-08-04T11:06:24Z,5f448510250c96d2538ae0627acc26b427df1f22afac722b1c802cd4,60.16762,24.95415,000000006b44cce7,17.4
8908,2019-08-04T11:06:24Z,6022019a95573b888ca7b3161da098935ea0ad7793437ee40a32a5f3,60.14699,24.922,00000000a53ed894,13.75
8909,2019-08-04T11:06:24Z,6138e6ab3e1e74425af8945a6fcc294c1469a0b9c448b780bcf9d2e2,60.14699,24.922,00000000a53ed894,6.46
8910,2019-08-04T11:06:24Z,62cac4a0e252305e1128942dc3ec48baaa514c6737c415f85abb3665,60.1538,24.95595,0000000038bf9618,18.79
8911,2019-08-04T11:06:24Z,62d86ee13e6ae7a5c41ffc2de746df72d4ef6e8d2b6a51ce1c68965f,60.16829,24.94214,00000000afef4555,17.4
8912,2019-08-04T11:06:24Z,62e27092b58abcaf80564c408d0d4a7b821abaee92dc2f02ccb11e61,60.16762,24.95415,000000006b44cce7,9.12
8913,2019-08-04T11:06:24Z,631e8cf081f86e4990b1d6935d90abde2d18d9ba81c48f35ac125e21,60.1538,24.95595,0000000038bf9618,36.27
8914,2019-08-04T11:06:24Z,63e498fd789abe431cdf86f184a50616c85717e1efc893da1e1a2222,60.16897,24.95222,00000000aa852af1,20.28
8915,2019-08-04T11:06:24Z,66755836036c771e53ffd9d0dc09b8575231b53b80af22e868691a2a,60.14699,24.922,00000000a53ed894,3.4
8916,2019-08-04T11:06:24Z,69852d528034ea6fc746ed8942c32f1c90bc33a7a7317dfac3c9b1c1,60.14699,24.922,00000000a53ed894,7.05
8917,2019-08-04T11:06:24Z,6a26d412be89e31774a0ffbd2191ae4954cd1d6a280ba6c2b01a5d46,60.16762,24.95415,000000006b44cce7,12.69
8918,2019-08-04T11:06:24Z,6a611aaa1fa77baf03191f0143c2a00dd06c9730c67d30c1eb06afcc,60.16762,24.95415,000000006b44cce7,7.69
8919,2019-08-04T11:06:24Z,6ac1903c80e63433e4bc744dc0e801bff647117d38d3753fb9a6a4c1,60.173,24.92524,0000000096918cfa,17.4
8920,2019-08-04T11:06:24Z,6c97da4ba9462e7fe786a472989dab23340d31809dd78d5617204da4,60.16829,24.94214,00000000afef4555,9.92
8921,2019-08-04T11:06:24Z,6e2fbf091d5c86667e060d7ec44f48f0f5d7b1d55b1899f2939f247a,60.16762,24.95415,000000006b44cce7,20.28
8922,2019-08-04T11:06:24Z,6e492dbc3f10157e7ff00826a839a97262ab36244ccc57b702a89999,60.16531,24.9442,00000000fdda10fe,7.69
8923,2019-08-04T11:06:24Z,6faf62fbff92729472d61bc9a13a5e72833e55bf713863161f8ca9cb,60.15432,24.9211,0000000019fb59c4,21.87
8924,2019-08-04T11:06:24Z,714e80a1e3c0fee43e312f314b2faec47e582ee8dac47e4818dbc2f9,60.149,24.9843,00000000fffb8cf0,20.28
8925,2019-08-04T11:06:24Z,71516fc8349cfaf2b5c4ab80ade6078494d93d13e9953af15e5ced30,60.18203,24.91341,00000000342570c2,17.4
8926,2019-08-04T11:06:24Z,71c1367c7dea4dfa243172e02b9092c7a0810bef003216681759891e,60.16897,24.95222,00000000aa852af1,21.87
8927,2019-08-04T11:06:24Z,738973c9b5f9882f29075e47ca10e50ba3fb9883da779f41545175f4,60.17919,24.95181,000000007b5207b6,5.41
8928,2019-08-04T11:06:24Z,74c2ec2adc228e5b4979284d730fd2de698242f0f06d90f870b8cde6,60.16762,24.95415,000000006b44cce7,3.4
8929,2019-08-04T11:06:24Z,7552783317be1ef797980c3a9ee9c5967d4e7b32765f23c51ffda02d,60.16897,24.95222,00000000aa852af1,14.89
8930,2019-08-04T11:06:24Z,7563e2805259a5bf1add6d88075dae8642e8c22e0ecce584ac3e01cf,60.16829,24.94214,00000000afef4555,18.79
8931,2019-08-04T11:06:24Z,75d452cbba63995ad06213b577081e8db650c80b3a78060789a8e831,60.16762,24.95415,000000006b44cce7,7.69
8932,2019-08-04T11:06:24Z,765243fc3021a21bc913ebdd4ce13c3606a5f0e655244884fa039ee6,60.15432,24.9211,0000000019fb59c4,20.28
8933,2019-08-04T11:06:24Z,79249857aa88aacfdce42eef6ed8e8bcca6a4550672e5d4552c120d0,60.16762,24.95415,000000006b44cce7,13.75
8934,2019-08-04T11:06:24Z,7a0f425ccdf5813a089dd619056db4cf41173803f079c37bab520825,60.18203,24.91341,00000000342570c2,29.32
8935,2019-08-04T11:06:24Z,7c54a2b3743def9287caccd19dc542caf569d06507bbfc885490ac27,60.17918,24.95141,00000000675d5200,20.28
8936,2019-08-04T11:06:24Z,7c55ecf165387948602e82b684a55be093691849fde2d96ad6574475,60.17065,24.93641,000000000f4919c9,17.4
8937,2019-08-04T11:06:24Z,7ddcdde2316659d0fa4b8597b86430e095ea0bc7f3564a9d05fc60f8,60.16897,24.95222,00000000aa852af1,21.87
8938,2019-08-04T11:06:24Z,7de4ba54f0d667a69cb0b6d625856bc6b040f51a42f91beae366a269,60.16762,24.95415,000000006b44cce7,9.12
8939,2019-08-04T11:06:24Z,7e78b2348d9576c63ebb626030ee9d43e2bf07e860782adf3f1c452b,60.16829,24.94214,00000000afef4555,14.89
8940,2019-08-04T11:06:24Z,7f546f0776433ed1b76ea74186c0aad95eca5439e6cefda07922ef14,60.16762,24.95415,000000006b44cce7,4.94
8941,2019-08-04T11:06:24Z,822590bd49bcf7ed4de4f8389586915c343b29c4283ff8b90d7c1d39,60.17065,24.93641,000000000f4919c9,11.7
8942,2019-08-04T11:06:24Z,82ac749474448abac333d00869cb8b508872f86293913d95eae26a05,60.15432,24.9211,0000000019fb59c4,5.91
8943,2019-08-04T11:06:24Z,82cddd3b9f58762d36efe78da4e2722ee587cfdb3fdbc58b52673082,60.16629,24.95957,00000000fb7600be,20.28
8944,2019-08-04T11:06:24Z,844b8ad6ebf530978d1139d527a681991f4d3eed6be5bc723f0b2192,60.16531,24.9442,00000000fdda10fe,2.54
8945,2019-08-04T11:06:24Z,849d6a476563b352092dcda35e816833b571b7f630e7ff8617d9b7da,60.16829,24.94214,00000000afef4555,16.1
8946,2019-08-04T11:06:24Z,87ea10367f1569e575dc4bc60f0f4238eafb52ba8a2cc8e5e4584232,60.16829,24.94214,00000000afef4555,11.7
8947,2019-08-04T11:06:24Z,87ee2ae24a1a0871184580c39a1c79955cbf954947f0ee24252c7302,60.18203,24.91341,00000000342570c2,21.87
8948,2019-08-04T11:06:24Z,87f4cf4baea8c5dfe1bc7812cc969574058bd4d2dda215192bcfc53f,60.14699,24.922,00000000a53ed894,3.4
8949,2019-08-04T11:06:24Z,886032718e05487be8bd75bb14464814044c7edd7f9a2198304f6fb4,60.16629,24.95957,00000000fb7600be,16.1
8950,2019-08-04T11:06:24Z,89a0b9dbc48913c8657aab1402ead05f97204162f5c1db97fe645302,60.16762,24.95415,000000006b44cce7,9.92
8951,2019-08-04T11:06:24Z,8a7f5012c000c420f0a336a3988c72cf2b373818f4f3f369e994d8e4,60.16829,24.94214,00000000afef4555,17.4
8952,2019-08-04T11:06:24Z,8bffe034066821502092859341756212a0dcb6b2c605852c0c40fdeb,60.16762,24.95415,000000006b44cce7,9.92
8953,2019-08-04T11:06:24Z,8c4e4851db86ec4a3ce29a58be770eb29c38b9a983351bb67d781982,60.16897,24.95222,00000000aa852af1,2.8
8954,2019-08-04T11:06:24Z,8e32f03aa51152a06255173f7dc5aaa2c75cef6f6aa829bd51fea777,60.16762,24.95415,000000006b44cce7,23.56
8955,2019-08-04T11:06:24Z,8f3d9ab893ae4a48fd3417f3a749c21e792779990ae0ad75a8f211de,60.1538,24.95595,0000000038bf9618,27.28
8956,2019-08-04T11:06:24Z,8f998d0e47a5fb2e84c8dcffb4a33ca4adeaf8db93423df171988c1e,60.16629,24.95957,00000000fb7600be,20.28
8957,2019-08-04T11:06:24Z,904a40e32a081181211d67e5dc7925882d2f4ef3b813b03d0133e26d,60.16629,24.95957,00000000fb7600be,27.28
8958,2019-08-04T11:06:24Z,90b12d2b9898702fd62b343512e0d53796ae38decdf704e203a0cc39,60.16829,24.94214,00000000afef4555,20.28
8959,2019-08-04T11:06:24Z,91602a694bc74a2874ba7f02a7bae062a3a77cd869b86a74800415b8,60.17919,24.95181,000000007b5207b6,20.28
8960,2019-08-04T11:06:24Z,92df20d921f76c63470e3f5afbe201d3ae15f5133f66c291db796082,60.16629,24.95957,00000000fb7600be,12.69
8961,2019-08-04T11:06:24Z,93272ad17155ea9499641eda7c5560691582116096278b82738ab21e,60.14699,24.922,00000000a53ed894,7.05
8962,2019-08-04T11:06:24Z,94ac9d6e79236013b9fa24e1c52123819228f6962b5952637ca80fcb,60.16762,24.95415,000000006b44cce7,9.12
8963,2019-08-04T11:06:24Z,951482f3e2e41b496e34885c346c4a7ab09427178119caa9b8bbcbb6,60.14947,24.91438,000000004ef3150d,17.4
8964,2019-08-04T11:06:24Z,9618703465df0acf2ccedcd7a519bb1146d94e8fb5b310c036a656f0,60.16762,24.95415,000000006b44cce7,14.89
8965,2019-08-04T11:06:24Z,97490f522f1a0226c8f7e8ed7bca08dd71b63d80b46d38020127b868,60.14699,24.922,00000000a53ed894,16.1
8966,2019-08-04T11:06:24Z,998ac46ad73c197bab1f36dca67d8bcaa3aca92249185a5e3715043f,60.17065,24.93641,000000000f4919c9,27.28
8967,2019-08-04T11:06:24Z,9a49d0b5a67fba15ce8971503f6fea88994b33487a842397c5e8564f,60.16762,24.95415,000000006b44cce7,4.94
8968,2019-08-04T11:06:24Z,9aa588cb6f425117e45726b6b9adb7ef86c8f7c8113b547dc61f068a,60.16897,24.95222,00000000aa852af1,17.4
8969,2019-08-04T11:06:24Z,9ab0a60cb60531417ac6ec5ebc6ef591d2f39019c6b0bcb5a89101a2,60.14699,24.922,00000000a53ed894,7.05
8970,2019-08-04T11:06:24Z,9b17422199e594df512c6cda493d8fc5b5141741b2f804eb18016640,60.14699,24.922,00000000a53ed894,21.87
8971,2019-08-04T11:06:24Z,9b4b0705e58750d2bcbd71ad65d85677f7e77db5dfe69d1a70b5d31f,60.17919,24.95181,000000007b5207b6,12.69
8972,2019-08-04T11:06:24Z,9bc50d931d6c1678284177395958d15f05b45d60ae7bc09fe1e1694e,60.16762,24.95415,000000006b44cce7,6.46
8973,2019-08-04T11:06:24Z,9bc91538b73e0220fcf5cd07290c07d56f6f48d3ba0ba6b6b0876da9,60.17065,24.93641,000000000f4919c9,20.28
8974,2019-08-04T11:06:24Z,9bef562c292174f1eb3933116effff74a8733a78e5c1df140de3fd6c,60.17919,24.95181,000000007b5207b6,6.46
8975,2019-08-04T11:06:24Z,9c0b1d2c4c67c07e547e810a94efeaaa1187ae82977e03748470281c,60.16897,24.95222,00000000aa852af1,16.1
8976,2019-08-04T11:06:24Z,9eb1e9bfdceb76ef852f89ebd82139602125f9731b791465e1c21f81,60.16829,24.94214,00000000afef4555,8.38
8977,2019-08-04T11:06:24Z,a1439b6683d0598c7a05080c3693a17c198f7b8c3297c77324ef4859,60.16829,24.94214,00000000afef4555,4.94
8978,2019-08-04T11:06:24Z,a20a11944d9440f1f8e4ea6262408f673f2a8380c4e13dda1a073d8d,60.16897,24.95222,00000000aa852af1,17.4
8979,2019-08-04T11:06:24Z,a2f0adf51cb9d2a5417cc0797183513a8bbcecfbc717a1b63e42027d,60.16762,24.95415,000000006b44cce7,10.78
8980,2019-08-04T11:06:24Z,a30740fbf4b7e21f6fe2996e9325c90936de161cb2165e87cd96fd35,60.149,24.9843,00000000fffb8cf0,11.7
8981,2019-08-04T11:06:24Z,a3664d77633807788598dd8d4a7ba8caba2c31bfdcb6ba83651d4e7e,60.173,24.92524,0000000096918cfa,27.28
8982,2019-08-04T11:06:24Z,a44eda7b8ec58e1cd7c078a73c4da7fb0037d59453aa6bfe69b7cbdd,60.16762,24.95415,000000006b44cce7,3.09
8983,2019-08-04T11:06:24Z,a50e0bb8fd1ad4ad264c3246b210a0c6285faae591c1bd2c2c3458af,60.16829,24.94214,00000000afef4555,10.78
8984,2019-08-04T11:06:24Z,a5835ce352a1e6d8fb6bdc410fae1076c756f7dac8e202465add9277,60.16762,24.95415,000000006b44cce7,9.12
8985,2019-08-04T11:06:24Z,a5d632ac8ffc19a626de034d3c9444fd262ee6edada285c816ea9266,60.16531,24.9442,00000000fdda10fe,5.41
8986,2019-08-04T11:06:24Z,a764c2246c85b2b0aa79e581e2fe238da93de098abbb90aee24c11ca,60.16829,24.94214,00000000afef4555,14.89
8987,2019-08-04T11:06:24Z,a81c19fb85eebf853246cdc4d8e38245dfa5ba15c180eaa1bcc0378d,60.16829,24.94214,00000000afef4555,12.69
8988,2019-08-04T11:06:24Z,a81d896d6750a98012ad8c51dc9d7d951d527ce040da073eb619b938,60.173,24.92524,0000000096918cfa,23.56
8989,2019-08-04T11:06:24Z,a8c98f8987279a59f0b2f502c5ead9a128ca0c2d4b821f6236a43586,60.17002,24.94407,000000006b087f40,29.32
8990,2019-08-04T11:06:24Z,a98fc06dc605583814a2aa182295b88f81657ef2daeee7aaec792e7c,60.16762,24.95415,000000006b44cce7,7.05
8991,2019-08-04T11:06:24Z,aa13e498edf9f46e910da649451b89f99f275d8fa16839b7bf158289,60.149,24.9843,00000000fffb8cf0,14.89
8992,2019-08-04T11:06:24Z,aa4547c0b6b8be30776e08d524ceeacfbc9930ad720e11fa4cb20882,60.16531,24.9442,00000000fdda10fe,0.71
8993,2019-08-04T11:06:24Z,aa45859d6157e9e86470ec8b81957acc35bafb1b7f419d79357a38cf,60.16829,24.94214,00000000afef4555,5.41
8994,2019-08-04T11:06:24Z,ab1377ddf669bb806f8db586f4ce5ab9f0f4257dda61fe800d8509f5,60.17065,24.93641,000000000f4919c9,13.75
8995,2019-08-04T11:06:24Z,ac4679e3db131ec2ea8e1111c8aa0d71020cf8796ecb11f142478394,60.14947,24.91438,000000004ef3150d,5.91
8996,2019-08-04T11:06:24Z,ac5c7e04b55d6d70659e5b8f4705309b9367c78a0edb7ce85f42c181,60.1538,24.95595,0000000038bf9618,38.87
8997,2019-08-04T11:06:24Z,add92af5006cee56f2da79112486b97d5a7c06f12252676b7638064d,60.16762,24.95415,000000006b44cce7,9.92
8998,2019-08-04T11:06:24Z,addc60a477245c1c33e3a627145e2a2971adf755bfcf8aef4c8c0f88,60.16897,24.95222,00000000aa852af1,17.4
8999,2019-08-04T11:06:24Z,ae2143f0fab3405d38da14312fd801d7d7524534cd3ffeadc631feb0,60.149,24.9843,00000000fffb8cf0,31.5
9000,2019-08-04T11:06:24Z,ae3cda5066e455d4b1e58860e8fb7a35efad69b9964a676b476b0687,60.14947,24.91438,000000004ef3150d,3.74
9001,2019-08-04T11:06:24Z,b0d6202ccd1560eaf57c06931cb6466332e41068ad2963e515819015,60.17919,24.95181,000000007b5207b6,20.28
9002,2019-08-04T11:06:24Z,b2298fc6f63c02481610f9aef24f1a0c1711c255adc43c0fe135c1ca,60.14947,24.91438,000000004ef3150d,9.92
9003,2019-08-04T11:06:24Z,b3266ecf36a984b814e1b2d31b447438bd948a9c116721480104792f,60.16829,24.94214,00000000afef4555,11.7
9004,2019-08-04T11:06:24Z,b45b86eb670eb1db475921496e6d80468f5fe2819bf3eb58f1f58506,60.16762,24.95415,000000006b44cce7,9.12
9005,2019-08-04T11:06:24Z,b4c8900041e9f8751755d3940ceac58419e6370cd81cdb90d7800de1,60.14699,24.922,00000000a53ed894,20.28
9006,2019-08-04T11:06:24Z,b50b3c2006581bccfeaa9ea964649350c7d5b8177baa29a37e628584,60.14947,24.91438,000000004ef3150d,33.81
9007,2019-08-04T11:06:24Z,b59631b8902194c916f7d3ddcc02d4200a3de0380fa554d87e6856c0,60.17002,24.94407,000000006b087f40,9.92
9008,2019-08-04T11:06:24Z,b5cdbcdc30e0bf653ce353c867708b0067db5e394c8cbe848d978a77,60.14699,24.922,00000000a53ed894,6.46
9009,2019-08-04T11:06:24Z,b601cd655bb9f05aa6ec86fc9eb9300c3bc20bc0e856e94ad168a257,60.14947,24.91438,000000004ef3150d,13.75
9010,2019-08-04T11:06:24Z,b67f020b0677cdc52c864f559306fb750cdf47ce2eee6503a3cedb3a,60.16629,24.95957,00000000fb7600be,21.87
9011,2019-08-04T11:06:24Z,b81a9bf449d3e64ad0181804598330bbf305f384b888935023742c79,60.173,24.92524,0000000096918cfa,11.7
9012,2019-08-04T11:06:24Z,b9447a524f5b5bf98585b27b92195b09869ee9cd9da3cf8d2b59c57d,60.16829,24.94214,00000000afef4555,18.79
9013,2019-08-04T11:06:24Z,b9518af3996d754e6482a42a26d51867e361046fdca90a5fd443113c,60.16897,24.95222,00000000aa852af1,20.28
9014,2019-08-04T11:06:24Z,ba288a5fd2befbc9ed08e7876ad7cb2bd8bfe6f5756d2ffe8e2dc558,60.17002,24.94407,000000006b087f40,4.5
9015,2019-08-04T11:06:24Z,bbf7d8b9085ddcd3b94f55f93b52cb40a251c44f5df4099ba5b61471,60.16829,24.94214,00000000afef4555,9.12
9016,2019-08-04T11:06:24Z,bc07df8cc395f6f4f5d483b2233caca5f93a6918f346e4cc3702f8cc,60.16531,24.9442,00000000fdda10fe,21.87
9017,2019-08-04T11:06:24Z,bdc8bd416444be70683b3475302093428e4abe14284e9579617fe8ea,60.1638,24.96846,00000000d747f075,25.36
9018,2019-08-04T11:06:24Z,bf1bf5222ce141fbaa484d3bbf568d521b90699d69ec5fc413c9d716,60.17002,24.94407,000000006b087f40,17.4
9019,2019-08-04T11:06:24Z,bf9ce5791ac57b111f0539859dbf4cadf8b08bde9d823abe44169ccd,60.16762,24.95415,000000006b44cce7,10.78
9020,2019-08-04T11:06:24Z,bfa8d7b9def7effb1001889eb2b427ec02b29f8110ef50a4c24f069c,60.16829,24.94214,00000000afef4555,29.32
9021,2019-08-04T11:06:24Z,bfd5c2630b36fde15de01ea74e598d035402cf1edb7c9230617927e0,60.16762,24.95415,000000006b44cce7,5.41
9022,2019-08-04T11:06:24Z,c012e9e2caf1002d24e53817bb1279becdfc4aa9dba085e93ddd88e9,60.17002,24.94407,000000006b087f40,18.79
9023,2019-08-04T11:06:24Z,c239e27b985c23449b6aa84b78560b1b4e535975f3ba059d7987efe4,60.16762,24.95415,000000006b44cce7,5.91
9024,2019-08-04T11:06:24Z,c2cc33e5b1b8d254d4bcbc0ffa13c9200676a39a191cc31a38d28d8d,60.17065,24.93641,000000000f4919c9,16.1
9025,2019-08-04T11:06:24Z,c2d88bc74172eb47d26ee5d739980baa7fc011b9973f9f18b482aa81,60.17065,24.93641,000000000f4919c9,18.79
9026,2019-08-04T11:06:24Z,c2e135ad2c160277e290705658ac41d7cd35b11ebf61d829fdd0b428,60.14699,24.922,00000000a53ed894,10.78
9027,2019-08-04T11:06:24Z,c45e3c4e8ec0fc85457d3b4ed4c49ed0116b4cf447e2983f353abcd8,60.16829,24.94214,00000000afef4555,8.38
9028,2019-08-04T11:06:24Z,c55894159f2080031cda702c78ee54463c3c15ab1b3638afdf687f08,60.16531,24.9442,00000000fdda10fe,9.92
9029,2019-08-04T11:06:24Z,c6b0ea433c3fdc73e0bac7e3faa2690506c4e8ec7fc54210446a7ffa,60.14947,24.91438,000000004ef3150d,17.4
9030,2019-08-04T11:06:24Z,c7160ae9aa31ca4dba615425303b1e527f342ede653be387ee54389c,60.149,24.9843,00000000fffb8cf0,31.5
9031,2019-08-04T11:06:24Z,c739921adb150c53f1887c6ce887adc6cd7ae7e35e69f6e4dc52fe81,60.173,24.92524,0000000096918cfa,17.4
9032,2019-08-04T11:06:24Z,c990a15d27cfc21e63b7c96b95949254f1194e8b27118386a589e2bd,60.16897,24.95222,00000000aa852af1,14.89
9033,2019-08-04T11:06:24Z,cb37b8fad0bc758cf37d7ea1052f3a98f29282ae37ec635d6eb2c511,60.16762,24.95415,000000006b44cce7,4.94
9034,2019-08-04T11:06:24Z,cca3b7ab9481b9594c8ca118cc4e23e00ece1946a27f37a1a21ace07,60.16829,24.94214,00000000afef4555,13.75
9035,2019-08-04T11:06:24Z,cd7d0e9404c9f4e8fab0742460b9acb4d5bbb97f44df80d4a8b973cd,60.17002,24.94407,000000006b087f40,5.91
9036,2019-08-04T11:06:24Z,cddbfc3b0a1459f0ea8d553779cf320d512cac6e64976182f2f0b3b7,60.16829,24.94214,00000000afef4555,12.69
9037,2019-08-04T11:06:24Z,d04b5065ec93818b731141027d11e6a1cf53de69b9737d7aea0c34da,60.14947,24.91438,000000004ef3150d,18.79
9038,2019-08-04T11:06:24Z,d25e926dba8aa2c77f46ada32671b08b1176455c0e3693d160b87744,60.16762,24.95415,000000006b44cce7,18.79
9039,2019-08-04T11:06:24Z,d2e3bf982b10b2079eaa464127a286409c5030b21ffe9a2ce08bbb9c,60.16762,24.95415,000000006b44cce7,5.91
9040,2019-08-04T11:06:24Z,d2fd0c6415d2d8e49fef3415fb8747b524191b4400a4fbb66428cb12,60.14699,24.922,00000000a53ed894,13.75
9041,2019-08-04T11:06:24Z,d4c9ea46d58288bf42808788e668072465d91dd3c874a8a51de5794e,60.16897,24.95222,00000000aa852af1,23.56
9042,2019-08-04T11:06:24Z,d68e70c4073cda9dabbfa148bdb39f33da8f558ab25310fb536ca99a,60.16762,24.95415,000000006b44cce7,16.1
9043,2019-08-04T11:06:24Z,d68f1946805ba3d30f9ba25280986fbe003f3b5dce7245b633e0cb5c,60.16762,24.95415,000000006b44cce7,12.69
9044,2019-08-04T11:06:24Z,d6a8c97f1ec18c7a90d3beae358bad67f8d53626258a852e15b08c5d,60.14699,24.922,00000000a53ed894,7.69
9045,2019-08-04T11:06:24Z,d71a315bac918f9a18fcd820731e6d9eb54fb0d01c324ca088ef8858,60.149,24.9843,00000000fffb8cf0,12.69
9046,2019-08-04T11:06:24Z,d81024e88bb9b04be64c793e92836ac82bec9eed4bfeef83accf8109,60.14951,24.92138,0000000006dd41f6,25.36
9047,2019-08-04T11:06:24Z,d83c1c2d3a3876c948e277bace6d013eafc0c4e118958e138f8b1257,60.16448,24.97323,0000000053c6c2be,25.36
9048,2019-08-04T11:06:24Z,d925f2c5a4c782cc81569c4da4d665d5154d72bcbc363654ac4cd315,60.17065,24.93641,000000000f4919c9,23.56
9049,2019-08-04T11:06:24Z,dab7015659d0cd7c18f681d6089a503f9c418ae9b1dc9077084a6bcb,60.16762,24.95415,000000006b44cce7,13.75
9050,2019-08-04T11:06:24Z,db45583e1f7aaaf54e100214986dfc86aa755383e86d361639a5b19b,60.16762,24.95415,000000006b44cce7,6.46
9051,2019-08-04T11:06:24Z,db4d3f81708de827ce30c4130610fd65b4d6d451ca5cf6b0c4e745d9,60.16829,24.94214,00000000afef4555,27.28
9052,2019-08-04T11:06:24Z,dc816e92e4a2eceea03f41fc379fda0e3d57b5d0fbd9a06430432022,60.16762,24.95415,000000006b44cce7,5.41
9053,2019-08-04T11:06:24Z,dc82f9648bb5ba21e766e0923f5fa7ca2d77662ab0edbe22a3d95631,60.14699,24.922,00000000a53ed894,10.78
9054,2019-08-04T11:06:24Z,dcbd150d7326dc22a8ab087a0555b9c9549addd07f54aa909aa8ec1f,60.149,24.9843,00000000fffb8cf0,33.81
9055,2019-08-04T11:06:24Z,ddd0e663eb31ac94858d2a4e9af5e4782781e88c92102042190e6fcf,60.14699,24.922,00000000a53ed894,5.41
9056,2019-08-04T11:06:24Z,de48adf9d49eb3bc1d61dea4047618f6c77086fc44bd2b535d56504d,60.16762,24.95415,000000006b44cce7,2.08
9057,2019-08-04T11:06:24Z,de71e27b55ef6f2f51f05838a2fcab596f1dd93a14ece5ce4548f5c7,60.14699,24.922,00000000a53ed894,9.92
9058,2019-08-04T11:06:24Z,e081e4b3252ca91bbf1cbb70faa116d60317fbf3a991a67bc99b4bfa,60.149,24.9843,00000000fffb8cf0,8.38
9059,2019-08-04T11:06:24Z,e0859a9c906151023376d86762070f38ba1b3859e671531b0edac6cd,60.16075,24.95883,00000000f1124bca,23.56
9060,2019-08-04T11:06:24Z,e0d7e8b332ca8514428ab10acf6d3a6b777da62ff8ea3e18d9b32989,60.16762,24.95415,000000006b44cce7,13.75
9061,2019-08-04T11:06:24Z,e1da87aea335bcd04e4c876158b96ebc7ba4206bc216c3aa27a2f4af,60.17919,24.95181,000000007b5207b6,6.46
9062,2019-08-04T11:06:24Z,e305610124e16ed1411a221b29ce69a076cc47982efd6c098b0599ab,60.14947,24.91438,000000004ef3150d,14.89
9063,2019-08-04T11:06:24Z,e32e078697e70d6e3cb4b156ada3a4756315227b125615d7b5c116a7,60.16762,24.95415,000000006b44cce7,2.54
9064,2019-08-04T11:06:24Z,e44d7228cecbdb2474e1cc396a6c13943f09c08c19d0ffab1997d509,60.17919,24.95181,000000007b5207b6,12.69
9065,2019-08-04T11:06:24Z,e557e164cd52fd817b02cad6587a294d72b0974d9b014ad69ea5e08e,60.17919,24.95181,000000007b5207b6,17.4
9066,2019-08-04T11:06:24Z,e5928057da667903de0b6c1245e1f58273dd85d63d8af0f4eaa771de,60.16762,24.95415,000000006b44cce7,9.12
9067,2019-08-04T11:06:24Z,e5b9b4813c081a31fb498e7f9adb94918c267dfa125c63790c0d9488,60.149,24.9843,00000000fffb8cf0,1.25
9068,2019-08-04T11:06:24Z,e9d59e25b58f33f70aad6832863cb59d7485ca55a1575558f92b74e7,60.16897,24.95222,00000000aa852af1,16.1
9069,2019-08-04T11:06:24Z,ec485175d2b7a2c53d03bf546aee134c116d998976601b069570c6f9,60.14699,24.922,00000000a53ed894,12.69
9070,2019-08-04T11:06:24Z,ecb1735f180422ec69f041cd2782a26c9f07d27a87893b3c30aaa9b7,60.16075,24.95883,00000000f1124bca,2.3
9071,2019-08-04T11:06:24Z,ecb5655da668bb183a5c270a96927649c323975e318184d248247099,60.16829,24.94214,00000000afef4555,11.7
9072,2019-08-04T11:06:24Z,ede13c9dc221bbc6c1daf78250fa6547303c06d7606c05ba0bf64547,60.17919,24.95181,000000007b5207b6,17.4
9073,2019-08-04T11:06:24Z,eea43687eab35d2c386347881796eb1c8279076b9e9642ebc2cd06ac,60.16762,24.95415,000000006b44cce7,3.09
9074,2019-08-04T11:06:24Z,ef15ff71b7dc4c2088249a4fca7e28900ae315245a7a3b4d571bf582,60.16829,24.94214,00000000afef4555,2.8
9075,2019-08-04T11:06:24Z,ef33ccdfcdb12920eabb3306e0f86dc7e6060a5d3864b03e2de7e1ef,60.16897,24.95222,00000000aa852af1,5.91
9076,2019-08-04T11:06:24Z,ef45fdc095ee55730384922266d8fce61de212d3c3df2441ea10e524,60.14947,24.91438,000000004ef3150d,9.12
9077,2019-08-04T11:06:24Z,f110acae92fec55c6caca5de864773a6b99e5b8d6e2fdf8d1bdbc759,60.16762,24.95415,000000006b44cce7,9.12
9078,2019-08-04T11:06:24Z,f196f5f8c08299d290b3bac1944e00bb1f2c90594db66438b0c10e6e,60.16629,24.95957,00000000fb7600be,14.89
9079,2019-08-04T11:06:24Z,f1d44b9d3710849eba7eab0b6646053378aa5f8ee3491ec2522f3c44,60.14947,24.91438,000000004ef3150d,11.7
9080,2019-08-04T11:06:24Z,f2467c8ede6444941158701b7bd9d005beec9ffdb355ce2d8c7a9bfd,60.149,24.9843,00000000fffb8cf0,12.69
9081,2019-08-04T11:06:24Z,f43b8b2cf2c0bd291543858796d75b211d283ab73dcab5ad5dfd0aeb,60.16897,24.95222,00000000aa852af1,5.91
9082,2019-08-04T11:06:24Z,f4b9fc6acb673aea24fe00dfbe806b81fedab0c2ea82d781f7659ce5,60.16762,24.95415,000000006b44cce7,9.12
9083,2019-08-04T11:06:24Z,f5ffa3dbcdd5592ac31344cb04a7a6d639109a4d6e196fa0df3990dd,60.17065,24.93641,000000000f4919c9,29.32
9084,2019-08-04T11:06:24Z,f616fbd0fde8316049c3068ae4368dc9f486f8da4bf5516e9ba82578,60.16897,24.95222,00000000aa852af1,7.05
9085,2019-08-04T11:06:24Z,f6a67ff84820eaf13cebbf7255a83e978a07b3389f0ffda20b5842c7,60.14699,24.922,00000000a53ed894,12.69
9086,2019-08-04T11:06:24Z,f78ef2ddbe48b534137498eab56c0a55ec0e0b1d8868e82cb5652a0e,60.14699,24.922,00000000a53ed894,8.38
9087,2019-08-04T11:06:24Z,f7be7d003528c0c0827040a3a3723e49406a5a7c86cb4bc568a830db,60.17002,24.94407,000000006b087f40,16.1
9088,2019-08-04T11:06:24Z,f855918d61069661cbf8633b228a5fb9e5cd5ea7b2946bfc5b9fc315,60.16829,24.94214,00000000afef4555,20.28
9089,2019-08-04T11:06:24Z,fb37b263777ffcf7fe1fb6484821cae2b8beb03b5f5009109748dedb,60.16762,24.95415,000000006b44cce7,16.1
9090,2019-08-04T11:06:24Z,fda481107ccd1ee84269967e42cbd312252a4216e9c7af4822669a69,60.16829,24.94214,00000000afef4555,31.5
9091,2019-08-04T11:06:24Z,ffb7319984ecae155652e100da9b204f0b92f3b6c7239cfea4dcf966,60.14699,24.922,00000000a53ed894,8.38
9092,2019-08-04T11:06:25Z,004c3624f943830bc6a9f17173a2cd0996622cade5184ad2b9fba729,60.16897,24.95222,00000000aa852af1,5.91
9093,2019-08-04T11:06:25Z,09ddbf38333e76a79fd836112bd8c3f8bf7f3dadfb3d49945ad4c486,60.16897,24.95222,00000000aa852af1,6.46
9094,2019-08-04T11:06:25Z,1142f5b6806b1ec7d8d47d47013eb530d8a7418f6934d8867b20966a,60.16829,24.94214,00000000afef4555,27.28
9095,2019-08-04T11:06:25Z,128f1b89d7a534aa206a7823b692594bbd4d349761baa04c0fc72f2c,60.14947,24.91438,000000004ef3150d,12.69
9096,2019-08-04T11:06:25Z,14c7e1511b70f4dd3359cbece1377aebb4d70531f5489eefe53d7c3c,60.16544,24.95398,0000000038d83d41,27.28
9097,2019-08-04T11:06:25Z,165ebbb4090d47319ae370f0d0854fdc1f6b79499f8b2e4d3c3533c0,60.16544,24.95398,0000000038d83d41,23.56
9098,2019-08-04T11:06:25Z,16c994bb2e24124a910c247376d16e980a65626a94c4c0aaab27df60,60.16829,24.94214,00000000afef4555,23.56
9099,2019-08-04T11:06:25Z,1bba37ee9376f8052f3606bb777546c2c4d1e84dad7afd93d4cffa45,60.16762,24.95415,000000006b44cce7,14.89
9100,2019-08-04T11:06:25Z,25a7ff811c3c06e426c7c2cbb0433d9a2a3399b23afecbd35584ab0f,60.18203,24.91341,00000000342570c2,10.78
9101,2019-08-04T11:06:25Z,32dd92b5a658392a4ec84eaf95152ee72258b6b0fb670b97882ac902,60.16829,24.94214,00000000afef4555,7.05
9102,2019-08-04T11:06:25Z,3b5cafe90982db26cf737b2e4cd4275276f6a031bca3b2a1f73023b2,60.14699,24.922,00000000a53ed894,13.75
9103,2019-08-04T11:06:25Z,3fe5f4ccfa5c777ceafda0674d7c9da6f509f6694b4c2fa254b32e73,60.16897,24.95222,00000000aa852af1,16.1
9104,2019-08-04T11:06:25Z,402f8edce2e4dcc34a418a83e568dd491c14d450d63a3f35850d9c2e,60.16762,24.95415,000000006b44cce7,9.12
9105,2019-08-04T11:06:25Z,43b676ed3aef4c2d8846694817e76117873be52e7f788e0cb366c1c4,60.16629,24.95957,00000000fb7600be,25.36
9106,2019-08-04T11:06:25Z,44d0b94469070803869f229601e877beb613c3f5aafa009addf97a1a,60.16544,24.95398,0000000038d83d41,23.56
9107,2019-08-04T11:06:25Z,5d65719c4cbf045f068d084b72302f447d5fd034413d97d13be00d0e,60.18203,24.91341,00000000342570c2,20.28
9108,2019-08-04T11:06:25Z,5eed115a984d490b02b602d73787aee8dc8c4e9365b77fbff3818a76,60.16629,24.95957,00000000fb7600be,17.4
9109,2019-08-04T11:06:25Z,69219e9efa41ae9e732653e9eaf08e1a34cb853a9dafe76ddeea4d04,60.16897,24.95222,00000000aa852af1,18.79
9110,2019-08-04T11:06:25Z,6a70e2fbced719333e21eff04fcb9cb36bae9a04d1a3d6ddd96f2c58,60.15432,24.9211,0000000019fb59c4,7.69
9111,2019-08-04T11:06:25Z,85ef35aecf2ff804be3d958b592705ec41c6df9c128c132c65bb283d,60.16897,24.95222,00000000aa852af1,31.5
9112,2019-08-04T11:06:25Z,87dfaad29a9276ddddb1fa021d3bc23ad14824c1af16f7d87e713689,60.14951,24.92138,0000000006dd41f6,9.92
9113,2019-08-04T11:06:25Z,88808fe92573e9cdf022cc15b9689b6b4b9429f60513c8897b0ba4c7,60.16897,24.95222,00000000aa852af1,23.56
9114,2019-08-04T11:06:25Z,8c3b1ed0846e38cc84b863a80540c8a75bfd85c8bdda36563d153110,60.16544,24.95398,0000000038d83d41,21.87
9115,2019-08-04T11:06:25Z,92aae21a6e0dd2ff71fc591b64e878502bd4677b64ac413632e9f7c6,60.149,24.9843,00000000fffb8cf0,21.87
9116,2019-08-04T11:06:25Z,9843c6216661048343a0e49cf3d8aa2883cf77f452666a1c873a1052,60.16448,24.97323,0000000053c6c2be,14.89
9117,2019-08-04T11:06:25Z,9c8556ea519835172f09c20e7688066eeec8e7f74a0c6fa3df3d9c5f,60.16829,24.94214,00000000afef4555,25.36
9118,2019-08-04T11:06:25Z,9fc0711d7e7722eff7faa0cb6f17846680c06515c1eb93dd49ebcf25,60.14699,24.922,00000000a53ed894,17.4
9119,2019-08-04T11:06:25Z,a3758affe1deba4cd791b32946ddeaa26af8b554e4b9673dd258f229,60.1638,24.96846,00000000d747f075,31.5
9120,2019-08-04T11:06:25Z,a91d379a4b57c5df22db0d7a041ff69f657b4b31f28554b1011fc03c,60.16544,24.95398,0000000038d83d41,31.5
9121,2019-08-04T11:06:25Z,b5fd6b317890e5ab2d79e2cd1abe61626d45a753c7337d0d40728898,60.16762,24.95415,000000006b44cce7,13.75
9122,2019-08-04T11:06:25Z,b936e41d8712ae967f3ebb413fc44f060bb10613f95537757886ede2,60.16762,24.95415,000000006b44cce7,12.69
9123,2019-08-04T11:06:25Z,bfcaefe93f7fcb6aad6e62e3da473a7b5b03a62db532dad02a7d3559,60.16762,24.95415,000000006b44cce7,17.4
9124,2019-08-04T11:06:25Z,c97eb4181394121907d47b908495f54e5ee5145ff790f7a1dc21b3cf,60.16897,24.95222,00000000aa852af1,12.69
9125,2019-08-04T11:06:25Z,ca6927628f5ddda20036865c9345ad93d476d62ade3b181de568eed6,60.16897,24.95222,00000000aa852af1,21.87
9126,2019-08-04T11:06:25Z,cf05623e4d87ce0906c0b0b7dbf53aacc1228016cd27c341228b6e76,60.18203,24.91341,00000000342570c2,17.4
9127,2019-08-04T11:06:25Z,cfc0bedb78ded52749db3188cb188bf6a250ef5990da9c5afa9623fc,60.14951,24.92138,0000000006dd41f6,23.56
9128,2019-08-04T11:06:25Z,dbeb00942457ba3c5fb1984b57b1dedb268c0e761e80729b939f1fd8,60.16544,24.95398,0000000038d83d41,21.87
9129,2019-08-04T11:06:25Z,e224ae5ea47af2e3048f83b13a1f45dc135c0ca6be72547b01729086,60.1538,24.95595,0000000038bf9618,25.36
9130,2019-08-04T11:06:25Z,e764c1a69976425ee9c1982ca445db7a575a9d610bcb2215eeb2a728,60.14947,24.91438,000000004ef3150d,13.75
9131,2019-08-04T11:06:25Z,e8690c2d1711bc10f2d1251a3b5b1e770b98c66c384760400c604de1,60.16829,24.94214,00000000afef4555,21.87
9132,2019-08-04T11:06:25Z,e8e366e76c97944e23c0f80b4fd3ce6e5832744922297146a49f0c7e,60.16762,24.95415,000000006b44cce7,14.89
9133,2019-08-04T11:06:25Z,ed70dda6b7faebd4340dacdb452ab224d9d3c308df417b7fa76f54e8,60.14951,24.92138,0000000006dd41f6,21.87
9134,2019-08-04T11:06:25Z,f088630d7476dae7d4b7e2bb1f10575f2c89acb4b6e061f3d57c2b40,60.16531,24.9442,00000000fdda10fe,20.28
9135,2019-08-04T11:06:25Z,f31cfded6f566f9c032c80c52ea642407be312c5d42521ab7a8d3e2a,60.16897,24.95222,00000000aa852af1,17.4
9136,2019-08-04T11:06:25Z,fc4f3a44235f1cfc7b53f14ba2da599976a5a0a220d23b852688e485,60.17918,24.95141,00000000675d5200,20.28
9137,2019-08-04T11:06:25Z,007540b1ada16f6000987e20cd81a3deb18b2aea4cb95b50e099dcee,60.17065,24.93641,000000000f4919c9,23.56
9138,2019-08-04T11:06:25Z,0236a1d5b9b9d2249407a79705eee38de360ceb0530a8959ba5bc15b,60.149,24.9843,00000000fffb8cf0,20.28
9139,2019-08-04T11:06:25Z,02a354db29cd5bc16976a9d933e03a41be350f9cc78098829a7dcfd4,60.14947,24.91438,000000004ef3150d,20.28
9140,2019-08-04T11:06:25Z,0625280cf414aa015aa8b4d504d6fc74879a1144b913e254fec5db9d,60.16762,24.95415,000000006b44cce7,8.38
9141,2019-08-04T11:06:25Z,07505f028a552fd4183a9d7a436db18ae89a2dfeff0cdea93dcbe920,60.16762,24.95415,000000006b44cce7,12.69
9142,2019-08-04T11:06:25Z,07d9aa9fe10e58c26960ba10eb2f13607a7cea0226acaecbdcc52508,60.16762,24.95415,000000006b44cce7,17.4
9143,2019-08-04T11:06:25Z,08b10b51864dc039f0a07c997e66e7a263ee1cde5b0b88b2a1178c58,60.16829,24.94214,00000000afef4555,11.7
9144,2019-08-04T11:06:25Z,090b22feb90861d0c5c272812dfebe1f4f5efec2238fb9556f23e5a6,60.16762,24.95415,000000006b44cce7,9.92
9145,2019-08-04T11:06:25Z,096c3b0de1dab1407cd4d3330546404c0d62ce025924420496380f89,60.16762,24.95415,000000006b44cce7,13.75
9146,2019-08-04T11:06:25Z,0b21f90b4323e3334ea1042a0cd427f52f0ffc45f320be0777da3511,60.16897,24.95222,00000000aa852af1,25.36
9147,2019-08-04T11:06:25Z,0b45b52bc137c31ce83561c857f809296ec70f5537976a4a4d573d4f,60.16829,24.94214,00000000afef4555,7.69
9148,2019-08-04T11:06:25Z,0c959027ce302054b09087cac97a83aa7e24fb9e4fa2710763f912cb,60.16829,24.94214,00000000afef4555,18.79
9149,2019-08-04T11:06:25Z,0d2490ed58c11eb4a754a30cc4bcb21c7243d322a2caf7cc360e4e8c,60.17065,24.93641,000000000f4919c9,21.87
9150,2019-08-04T11:06:25Z,0e113c5ed3abcdfb31d27c3125f6cf01e3b96e4ed7eca1aaea855f77,60.14947,24.91438,000000004ef3150d,17.4
9151,2019-08-04T11:06:25Z,0e9170bc93107bf16cd12839eca9ea157f19169d66085e8a435b0f1d,60.16762,24.95415,000000006b44cce7,3.09
9152,2019-08-04T11:06:25Z,0fd26c6e46f4d73b276223942e56c38bc9b8e4566239f8a77261657b,60.17002,24.94407,000000006b087f40,21.87
9153,2019-08-04T11:06:25Z,1107822441d53ff89eb9cb0d022a37202aed47bd82dca4bc175d6837,60.16762,24.95415,000000006b44cce7,4.5
9154,2019-08-04T11:06:25Z,116e59da308964e8eb82cb6e5a758aad726ec3800f0fa17bc661e8fe,60.16762,24.95415,000000006b44cce7,7.05
9155,2019-08-04T11:06:25Z,131e957246fc0b45d57e5b4089db7d6a4efaa84772af906d65b45c63,60.17002,24.94407,000000006b087f40,20.28
9156,2019-08-04T11:06:25Z,1327ce24f157334f864f913637993c80380ce5f5c911e4b0d31c5eb7,60.149,24.9843,00000000fffb8cf0,5.91
9157,2019-08-04T11:06:25Z,135b81a7a5a9dd70569656553c100af6fdc760bcf92d9b7b48261cb1,60.16897,24.95222,00000000aa852af1,20.28
9158,2019-08-04T11:06:25Z,1365132d13ab87aad75e2aee453b2f156807b7c75d31d948bdff798f,60.16762,24.95415,000000006b44cce7,8.38
9159,2019-08-04T11:06:25Z,1374f31e71652faf3e69316a295c22d59e560f15e35f42b003a89222,60.14699,24.922,00000000a53ed894,21.87
9160,2019-08-04T11:06:25Z,13b0a8ca1414d7b2b0e8d5f80069a5d26c6f62a68b58eda25a4b85f4,60.16829,24.94214,00000000afef4555,11.7
9161,2019-08-04T11:06:25Z,14950bb35cae97d17dbb39fd05de471b20dceda78a1c517bec6b0cba,60.149,24.9843,00000000fffb8cf0,33.81
9162,2019-08-04T11:06:25Z,1556d4a76070c26554efa12b4b9c53766a4cc394e8b74ee37f2fff65,60.17065,24.93641,000000000f4919c9,27.28
9163,2019-08-04T11:06:25Z,169c77f0d714e38eb1e798b14fa42ce3fefb0ec1d6f9e93a38a872f1,60.16762,24.95415,000000006b44cce7,5.41
9164,2019-08-04T11:06:25Z,17b39c4376c28dc9e1c1221de9d5037abfea5d59d30cdd48208fc3a8,60.16762,24.95415,000000006b44cce7,7.69
9165,2019-08-04T11:06:25Z,18adae8b6603c177e817d1e3b9ec79fcc0292682660b31bebc965a23,60.16762,24.95415,000000006b44cce7,13.75
9166,2019-08-04T11:06:25Z,18ca71fe18fbf214954fb2f676526454767f734f65c298d59eed1dc0,60.16762,24.95415,000000006b44cce7,14.89
9167,2019-08-04T11:06:25Z,1921be9815a57f11f291ca085add7b4bf1d044518b03b725df7cf7d5,60.149,24.9843,00000000fffb8cf0,14.89
9168,2019-08-04T11:06:25Z,19db84758eba08a5f9bb56b0ff91d05286765c8e8dfa31bd0b2aaa1c,60.14947,24.91438,000000004ef3150d,20.28
9169,2019-08-04T11:06:25Z,1a06b5f7f305badd45e93db9d86d76ed3a2a96ec55ec47c836921e3e,60.16762,24.95415,000000006b44cce7,9.12
9170,2019-08-04T11:06:25Z,1a9a0f74c353624c42c19c007e82c9c2547b7285d8353d0e375e3f05,60.14699,24.922,00000000a53ed894,5.91
9171,2019-08-04T11:06:25Z,1c8c3befa38b65f707dd4933a68e5e3c9e7c82592fd382779127416b,60.16897,24.95222,00000000aa852af1,14.89
9172,2019-08-04T11:06:25Z,1ce242f8d8220cd38bf3ea9138c99ae9b2f79b28e68edb864f090ec9,60.149,24.9843,00000000fffb8cf0,9.92
9173,2019-08-04T11:06:25Z,1de509b10ed308796e82bb0f51f17f68e2fdfbcc3d6bed69c40eb7fd,60.173,24.92524,0000000096918cfa,29.32
9174,2019-08-04T11:06:25Z,1e3efbe25e19c47f81e4c501d1fd56cf506c3da4b57b10fc8c953dd5,60.16762,24.95415,000000006b44cce7,18.79
9175,2019-08-04T11:06:25Z,1f3c0c25584dec03a1a14bcca7512f3e83afd49569b548df92464d33,60.16829,24.94214,00000000afef4555,23.56
9176,2019-08-04T11:06:25Z,227b93698b29687beea48184f42aab63a21fa362af7251be32db2e15,60.16531,24.9442,00000000fdda10fe,3.4
9177,2019-08-04T11:06:25Z,23786c82e2641aed0e0b004658480a212bf0397568e914487819045c,60.16897,24.95222,00000000aa852af1,16.1
9178,2019-08-04T11:06:25Z,23b4a8c7918ca417eab83481a710fd544e1fa8bf7073b5955c0155c8,60.14699,24.922,00000000a53ed894,9.92
9179,2019-08-04T11:06:25Z,2535cb5c89ec66044a005b03dd769ca8d0022164a816c06db0e49892,60.16762,24.95415,000000006b44cce7,3.74
9180,2019-08-04T11:06:25Z,2671a156fa8d8bb05970481c8f83bcf9f261f73dae27f2bb9ac88aeb,60.14699,24.922,00000000a53ed894,20.28
9181,2019-08-04T11:06:25Z,2724e42551f43106ea58a8fcc6a43953baa1294cd65e17a90012f706,60.17065,24.93641,000000000f4919c9,0.71
9182,2019-08-04T11:06:25Z,28741c2e5e348fe81dec0518a21c0930c98a25b6fcece61a262d50de,60.14699,24.922,00000000a53ed894,16.1
9183,2019-08-04T11:06:25Z,296a0ffe230305a3d37818a0369b56c99dacdd5df5a161bf238e1084,60.16762,24.95415,000000006b44cce7,9.12
9184,2019-08-04T11:06:25Z,2977d3c4f181abb6662adf1d466a62167e2690a9c94dc53e5aa6a904,60.16762,24.95415,000000006b44cce7,6.46
9185,2019-08-04T11:06:25Z,29f5adc4d67413b7d368e8e94a41cf48339e3f5f0903f660170c4fe8,60.17919,24.95181,000000007b5207b6,8.38
9186,2019-08-04T11:06:25Z,2a80aed2c40e7e70ca12152ac812abd79aa1d13efcec25a6d3395136,60.16762,24.95415,000000006b44cce7,9.12
9187,2019-08-04T11:06:25Z,2c85e4140ca0ba77c3598ceac05eb2c2342409ce8111c863fc58c606,60.16829,24.94214,00000000afef4555,3.09
9188,2019-08-04T11:06:25Z,2ccaeb30423977ff22b6afc29243b861b476a5f4ffafdf200d326d78,60.17002,24.94407,000000006b087f40,29.32
9189,2019-08-04T11:06:25Z,2d0349a4148a147b05e00cd46c137dd208ba2a8ce9327b493615f1a6,60.16829,24.94214,00000000afef4555,11.7
9190,2019-08-04T11:06:25Z,2de87ef94604fb63bec05eefb71b6cdd0b9807f8551159c2a35e7259,60.17065,24.93641,000000000f4919c9,5.41
9191,2019-08-04T11:06:25Z,2e6e6f89a7d75f0742d016de203c9acc8d6f6bdeb7b56bd12f482653,60.15432,24.9211,0000000019fb59c4,11.7
9192,2019-08-04T11:06:25Z,2f83e4cad2d924faecb3def25f54727f3e612bc5040c493dd6eccb1d,60.16897,24.95222,00000000aa852af1,21.87
9193,2019-08-04T11:06:25Z,2fe2e4165984d7880628aec591ce4747f18947da70312e6afca2946b,60.14699,24.922,00000000a53ed894,11.7
9194,2019-08-04T11:06:25Z,30bee351808d5e8082ce012b57f5bc0efc80f8394491a182e0eeee32,60.17918,24.95141,00000000675d5200,16.1
9195,2019-08-04T11:06:25Z,3226c88241c6ac9d643c1843f44b6e5ee10df5f15a695e360582a9be,60.16829,24.94214,00000000afef4555,21.87
9196,2019-08-04T11:06:25Z,32f77f5019e5fce30881c214487361e2e34b8c93277f6e546de72012,60.1638,24.96846,00000000d747f075,21.87
9197,2019-08-04T11:06:25Z,33a5da4eacfc49fefa067790c9fada1a86d9793367ded845a46f0779,60.16829,24.94214,00000000afef4555,16.1
9198,2019-08-04T11:06:25Z,3417d8a6b53687e70f126ebeb1d26a2ff6369dc9a551c3c35c5a04f9,60.17002,24.94407,000000006b087f40,14.89
9199,2019-08-04T11:06:25Z,34699a54205d9b4fd19feeac8204c6d0484e5ad4344d698b8206cf9b,60.16829,24.94214,00000000afef4555,23.56
9200,2019-08-04T11:06:25Z,34cf37df412ff36df19ebe47ecdd31e5a22355a1fa723a748ac901fd,60.16762,24.95415,000000006b44cce7,10.78
9201,2019-08-04T11:06:25Z,35f337dd3baf0bc08002ec007d609b685ac29bb2a8bcad6783532a6b,60.16829,24.94214,00000000afef4555,16.1
9202,2019-08-04T11:06:25Z,3670a148a52771f0ff5af161725f65b86873c09eea1a7697861c0438,60.14699,24.922,00000000a53ed894,13.75
9203,2019-08-04T11:06:25Z,374083907dd8980893623726af5633afd59b519c885ad12ba5c674eb,60.17002,24.94407,000000006b087f40,4.94
9204,2019-08-04T11:06:25Z,386dea4944e0b83648b4b6faf510fd47b0e9e29a2bb9311fe8a80ee2,60.17918,24.95141,00000000675d5200,9.92
9205,2019-08-04T11:06:25Z,39d87e6f6d7c2e802e8491b1b7e4a1357dd040cdd28dabae3138d99a,60.16629,24.95957,00000000fb7600be,29.32
9206,2019-08-04T11:06:25Z,3ac9d056b0f04f774b238a125eb996d46437f7a8c5f6ba6712e971cf,60.17918,24.95141,00000000675d5200,9.92
9207,2019-08-04T11:06:25Z,3b355c039877bd4883845f3fc6ad8dd6f41f170274042f1397585680,60.149,24.9843,00000000fffb8cf0,13.75
9208,2019-08-04T11:06:25Z,3b5030adc7c303403a6333a1a6d35474c2f21c1d20ece72180660423,60.14947,24.91438,000000004ef3150d,14.89
9209,2019-08-04T11:06:25Z,3e36420df19c06796a79acdad84551653de9b0132cb0987329f75291,60.16897,24.95222,00000000aa852af1,11.7
9210,2019-08-04T11:06:25Z,3eadf2e0f804ddeb7c074a4483ea32763854821ff327d87327a9fa3e,60.17002,24.94407,000000006b087f40,25.36
9211,2019-08-04T11:06:25Z,3f67c6713a6cca446a46616c9970c7a2ddffb03f21e10c8ea9b2f380,60.16897,24.95222,00000000aa852af1,10.78
9212,2019-08-04T11:06:25Z,3fde075082af3062c2bebc5e09ad55bda3de70b5f492bdfb21f284c9,60.173,24.92524,0000000096918cfa,12.69
9213,2019-08-04T11:06:25Z,3fe4e214448b0c9a8dfbee81c347d82a8f0b26859201fb1d77f40fa9,60.16762,24.95415,000000006b44cce7,12.69
9214,2019-08-04T11:06:25Z,40d64df305477f26745a445a97098d36570a8e02616b93a3f562bb21,60.16629,24.95957,00000000fb7600be,21.87
9215,2019-08-04T11:06:25Z,42d34a6c595760e51052178acc978bdb2b6348e0405f7b58c57f0915,60.16829,24.94214,00000000afef4555,9.92
9216,2019-08-04T11:06:25Z,439ff6b8ff9dc79d47e223164a87fc2d620f29bc7ea1bc7ea4c5cc58,60.16897,24.95222,00000000aa852af1,14.89
9217,2019-08-04T11:06:25Z,44703b8dd01d3bd79585c9c7e12217e1ac152f86e2b0c9ed6be4bc19,60.16544,24.95398,0000000038d83d41,17.4
9218,2019-08-04T11:06:25Z,4472fa277123afabdf2402fc2a3c5bff2be437e6d56b590278de70fc,60.17065,24.93641,000000000f4919c9,31.5
9219,2019-08-04T11:06:25Z,448f6044c6c095d8c71341a0017dd6746f6e150f03af7c78b794308f,60.16762,24.95415,000000006b44cce7,9.12
9220,2019-08-04T11:06:25Z,44d01b24bde0f8031d7cf15bb66e661ad9bd92807f3213fabf920fa1,60.16762,24.95415,000000006b44cce7,9.92
9221,2019-08-04T11:06:25Z,465eab28635efe98500085ceb161cf941d02272a0107fbbfb2203c29,60.16829,24.94214,00000000afef4555,9.12
9222,2019-08-04T11:06:25Z,46b576e18e757fc4ec008b41d3c28ec5415a2c2c2f143042e5413137,60.16762,24.95415,000000006b44cce7,4.5
9223,2019-08-04T11:06:25Z,47cd1dcac88434ffdc4b868e7f1d8d8a604700564bc83a7c0a3928be,60.16762,24.95415,000000006b44cce7,3.4
9224,2019-08-04T11:06:25Z,47eccbfb2db7bb200aacfdad7243168bd30714cc78da342bbe53df7b,60.16629,24.95957,00000000fb7600be,17.4
9225,2019-08-04T11:06:25Z,47f787c639f2eed345eb5dca409ffcd989850399a1ab781500dd6e82,60.17918,24.95141,00000000675d5200,5.41
9226,2019-08-04T11:06:25Z,4800d49ec59e1cde34360defcce4c2a0c6a58919303c1fe6fdebceec,60.16762,24.95415,000000006b44cce7,16.1
9227,2019-08-04T11:06:25Z,4833b1ea4f519407574f5a838d93a39de28c756c5f53de7ee273b577,60.14947,24.91438,000000004ef3150d,8.38
9228,2019-08-04T11:06:25Z,49084ae4b6419be9e7bb0c9b1420142e07d6ac3c17c07c26895461ed,60.16829,24.94214,00000000afef4555,16.1
9229,2019-08-04T11:06:25Z,4954540aca30f8f56f918178fbd53ee48ddef7a231d425061f6b2f6f,60.18203,24.91341,00000000342570c2,21.87
9230,2019-08-04T11:06:25Z,49d6f6bd5878bfac30a67fe92d1501b5b09cab38ab2b35b661902f0d,60.14947,24.91438,000000004ef3150d,11.7
9231,2019-08-04T11:06:25Z,4a2286eca689d9c867cfa19d43b9b917d29769b66b9e0a968f6c3859,60.16897,24.95222,00000000aa852af1,17.4
9232,2019-08-04T11:06:25Z,4a54cbed9c373a4136f8851f3f5736eb2fadd5766d316eb5ebbdd231,60.17918,24.95141,00000000675d5200,11.7
9233,2019-08-04T11:06:25Z,4b5b3e8f2b484bc08b196c265f65c70151bd69f6263318eb29125db2,60.16829,24.94214,00000000afef4555,3.09
9234,2019-08-04T11:06:25Z,4d31b0561dbfc9ef5acbd44ba92acb4ca7bad86b948634f005173ece,60.14699,24.922,00000000a53ed894,14.89
9235,2019-08-04T11:06:25Z,508ee0778f7d5571ac4aa05211272911339b293ff62069f14cd4aa0a,60.16897,24.95222,00000000aa852af1,27.28
9236,2019-08-04T11:06:25Z,51789c3026ccfe7e846e44fcd833d006941c2789b9693c77df5a7c98,60.16762,24.95415,000000006b44cce7,5.41
9237,2019-08-04T11:06:25Z,52daa31a2b3c1c07f78d96ebb4de3a965da5ef0a8035afbd0f7451fb,60.16531,24.9442,00000000fdda10fe,17.4
9238,2019-08-04T11:06:25Z,541f330d2ded03609f551d02b8149da9cd07ee36aeee630f8fc9de8c,60.14699,24.922,00000000a53ed894,9.92
9239,2019-08-04T11:06:25Z,54d53f276563f566e1cd61b100408412cf78b4fe9fcada830aa6e23b,60.14947,24.91438,000000004ef3150d,10.78
9240,2019-08-04T11:06:25Z,55ef40e7f1190c784945077ba4837117228219e070bf66338d7fd43e,60.16829,24.94214,00000000afef4555,21.87
9241,2019-08-04T11:06:25Z,55f047531784bdfb349239ad705090dfe4fce836942569dac1d34cd3,60.16762,24.95415,000000006b44cce7,9.12
9242,2019-08-04T11:06:25Z,56101419005237b836e4ed14d91dfa6f9edc4c92b5fcb419943897bb,60.16762,24.95415,000000006b44cce7,7.05
9243,2019-08-04T11:06:25Z,56318cc7f3616fceec2564cbb1f6ca8b88ea861935a1ada93aafd7b0,60.16897,24.95222,00000000aa852af1,18.79
9244,2019-08-04T11:06:25Z,565a35900ed1794a9d566f6fc12f2710875a10eb7c8e6fa0ddd92626,60.14699,24.922,00000000a53ed894,14.89
9245,2019-08-04T11:06:25Z,571934189bf349efb6f596e76c21612cf9b82ed44913090169936048,60.17065,24.93641,000000000f4919c9,16.1
9246,2019-08-04T11:06:25Z,586f70961bf72597ce00f89d3602178ecc6ac8838a8acec48bba7f9f,60.14699,24.922,00000000a53ed894,11.7
9247,2019-08-04T11:06:25Z,58c5faa3a5a33380286fc185676e8f2764cdde5a6dc9f43eee9d3b0c,60.16448,24.97323,0000000053c6c2be,29.32
9248,2019-08-04T11:06:25Z,58ee8fd47328b1c696ec343920f2c0353d19a915924eb6f6f2638e56,60.16762,24.95415,000000006b44cce7,7.05
9249,2019-08-04T11:06:25Z,59b87e6921598d25b092b66e140328fa03c9f06fe4e697dd344f378a,60.17002,24.94407,000000006b087f40,20.28
9250,2019-08-04T11:06:25Z,5a730ea19664020323272509e5443616ea3f1cecd7b295e294be4ba7,60.14947,24.91438,000000004ef3150d,21.87
9251,2019-08-04T11:06:25Z,5a755f0653ee0e334448418099ed85023db0a9984c280cfbadd74160,60.173,24.92524,0000000096918cfa,18.79
9252,2019-08-04T11:06:25Z,5c404f374a48548bfe8b02859d12ae59c4ae608fae2139fd71ef51b1,60.16762,24.95415,000000006b44cce7,16.1
9253,2019-08-04T11:06:25Z,5d9aa6fcb0d81ceaa80ca13cc08a88138be517656646e0ba0942ce46,60.16897,24.95222,00000000aa852af1,10.78
9254,2019-08-04T11:06:25Z,5f448510250c96d2538ae0627acc26b427df1f22afac722b1c802cd4,60.16762,24.95415,000000006b44cce7,20.28
9255,2019-08-04T11:06:25Z,5f5805a3ffd092506452c4d45ea8fc037ae23ea726f0b0809ca6ffde,60.16829,24.94214,00000000afef4555,18.79
9256,2019-08-04T11:06:25Z,6022019a95573b888ca7b3161da098935ea0ad7793437ee40a32a5f3,60.14699,24.922,00000000a53ed894,27.28
9257,2019-08-04T11:06:25Z,6138e6ab3e1e74425af8945a6fcc294c1469a0b9c448b780bcf9d2e2,60.14699,24.922,00000000a53ed894,21.87
9258,2019-08-04T11:06:25Z,62cac4a0e252305e1128942dc3ec48baaa514c6737c415f85abb3665,60.1538,24.95595,0000000038bf9618,21.87
9259,2019-08-04T11:06:25Z,62d86ee13e6ae7a5c41ffc2de746df72d4ef6e8d2b6a51ce1c68965f,60.16829,24.94214,00000000afef4555,5.41
9260,2019-08-04T11:06:25Z,62e27092b58abcaf80564c408d0d4a7b821abaee92dc2f02ccb11e61,60.16762,24.95415,000000006b44cce7,11.7
9261,2019-08-04T11:06:25Z,63e498fd789abe431cdf86f184a50616c85717e1efc893da1e1a2222,60.16897,24.95222,00000000aa852af1,18.79
9262,2019-08-04T11:06:25Z,64d10ef0926ecca987bad278990d966d8fac8775f03847d1f5a4a2f6,60.16762,24.95415,000000006b44cce7,13.75
9263,2019-08-04T11:06:25Z,6516dabf89c263b3e81ba60bcba8052b571d4c12484126d3a5f20ef1,60.149,24.9843,00000000fffb8cf0,36.27
9264,2019-08-04T11:06:25Z,660f1233dc01b2e0a4fc9254e51c709a0476b2ec6ba6d5399d23dd76,60.16448,24.97323,0000000053c6c2be,29.32
9265,2019-08-04T11:06:25Z,66755836036c771e53ffd9d0dc09b8575231b53b80af22e868691a2a,60.14699,24.922,00000000a53ed894,5.91
9266,2019-08-04T11:06:25Z,67b49046c3bb96e9e2f8d9396871ed7976dd35efb6c386141325f95a,60.16897,24.95222,00000000aa852af1,16.1
9267,2019-08-04T11:06:25Z,69158bfbcf8399435cc52d623b530dc75089182b7ab05efb64e64021,60.15432,24.9211,0000000019fb59c4,25.36
9268,2019-08-04T11:06:25Z,69852d528034ea6fc746ed8942c32f1c90bc33a7a7317dfac3c9b1c1,60.14699,24.922,00000000a53ed894,4.94
9269,2019-08-04T11:06:25Z,6a26d412be89e31774a0ffbd2191ae4954cd1d6a280ba6c2b01a5d46,60.16762,24.95415,000000006b44cce7,10.78
9270,2019-08-04T11:06:25Z,6a8f6a24a84dc8019b4ccd939638cd3b1ad755a67d4aecbec63da694,60.16762,24.95415,000000006b44cce7,13.75
9271,2019-08-04T11:06:25Z,6e492dbc3f10157e7ff00826a839a97262ab36244ccc57b702a89999,60.16531,24.9442,00000000fdda10fe,7.05
9272,2019-08-04T11:06:25Z,6faf62fbff92729472d61bc9a13a5e72833e55bf713863161f8ca9cb,60.15432,24.9211,0000000019fb59c4,16.1
9273,2019-08-04T11:06:25Z,700c14fe35186c01f82d0f13e99678e0c1db2b2fd58051b08fda606a,60.16448,24.97323,0000000053c6c2be,23.56
9274,2019-08-04T11:06:25Z,714e80a1e3c0fee43e312f314b2faec47e582ee8dac47e4818dbc2f9,60.149,24.9843,00000000fffb8cf0,23.56
9275,2019-08-04T11:06:25Z,71516fc8349cfaf2b5c4ab80ade6078494d93d13e9953af15e5ced30,60.18203,24.91341,00000000342570c2,21.87
9276,2019-08-04T11:06:25Z,730d975773cc8c9c07ff88fb87377ff64a961a96e9237e59859fa46f,60.16762,24.95415,000000006b44cce7,17.4
9277,2019-08-04T11:06:25Z,738973c9b5f9882f29075e47ca10e50ba3fb9883da779f41545175f4,60.17918,24.95141,00000000675d5200,1.01
9278,2019-08-04T11:06:25Z,7484ecf89e24efb4a366562730f7341391f930dad7b216184022d0da,60.173,24.92524,0000000096918cfa,18.79
9279,2019-08-04T11:06:25Z,74c2ec2adc228e5b4979284d730fd2de698242f0f06d90f870b8cde6,60.16762,24.95415,000000006b44cce7,2.8
9280,2019-08-04T11:06:25Z,7563e2805259a5bf1add6d88075dae8642e8c22e0ecce584ac3e01cf,60.16829,24.94214,00000000afef4555,18.79
9281,2019-08-04T11:06:25Z,75d452cbba63995ad06213b577081e8db650c80b3a78060789a8e831,60.16762,24.95415,000000006b44cce7,6.46
9282,2019-08-04T11:06:25Z,75dc69a66709d80dc34f816e5b2cbf53ee34b75f4ca9ae28f9ddf14c,60.16762,24.95415,000000006b44cce7,7.05
9283,2019-08-04T11:06:25Z,76444267ea4d5365cef684a446be8cc3482dc3b1b516cdb7850e717f,60.16762,24.95415,000000006b44cce7,23.56
9284,2019-08-04T11:06:25Z,79249857aa88aacfdce42eef6ed8e8bcca6a4550672e5d4552c120d0,60.16762,24.95415,000000006b44cce7,11.7
9285,2019-08-04T11:06:25Z,79773ee1ebdf8252053d8ffb326b77bb05a7cdb76041102e73d3767c,60.16762,24.95415,000000006b44cce7,10.78
9286,2019-08-04T11:06:25Z,79bde23c1a8980f93a65e14306f0d8ea89e164430d8b991e2bfee82e,60.16531,24.9442,00000000fdda10fe,16.1
9287,2019-08-04T11:06:25Z,79f6ceff0d0fc6687b4982c4d38a9ebb0a1056b6e0c448b1b9e79e8e,60.16897,24.95222,00000000aa852af1,17.4
9288,2019-08-04T11:06:25Z,7a96471c0f2a5b26dc38cc8aa9903b7dcb222a12d81cd73a84570610,60.16629,24.95957,00000000fb7600be,17.4
9289,2019-08-04T11:06:25Z,7afc351f0ed7619c18c64ab06971196bb53d53e2d460151ab711bc0f,60.16762,24.95415,000000006b44cce7,11.7
9290,2019-08-04T11:06:25Z,7c55ecf165387948602e82b684a55be093691849fde2d96ad6574475,60.17065,24.93641,000000000f4919c9,21.87
9291,2019-08-04T11:06:25Z,7ddcdde2316659d0fa4b8597b86430e095ea0bc7f3564a9d05fc60f8,60.16897,24.95222,00000000aa852af1,8.38
9292,2019-08-04T11:06:25Z,7de4ba54f0d667a69cb0b6d625856bc6b040f51a42f91beae366a269,60.16762,24.95415,000000006b44cce7,16.1
9293,2019-08-04T11:06:25Z,7e78b2348d9576c63ebb626030ee9d43e2bf07e860782adf3f1c452b,60.16829,24.94214,00000000afef4555,11.7
9294,2019-08-04T11:06:25Z,7ea276abbe2f1bfd85b2493f7b4c801189e673c0b4dc987d2c8e30dc,60.14699,24.922,00000000a53ed894,14.89
9295,2019-08-04T11:06:25Z,7f546f0776433ed1b76ea74186c0aad95eca5439e6cefda07922ef14,60.16762,24.95415,000000006b44cce7,14.89
9296,2019-08-04T11:06:25Z,7f95126e2fe39b74b61f9df1002b58453d22fe79458cebfeed9b9982,60.16829,24.94214,00000000afef4555,10.78
9297,2019-08-04T11:06:25Z,822590bd49bcf7ed4de4f8389586915c343b29c4283ff8b90d7c1d39,60.17065,24.93641,000000000f4919c9,29.32
9298,2019-08-04T11:06:25Z,82ac749474448abac333d00869cb8b508872f86293913d95eae26a05,60.15432,24.9211,0000000019fb59c4,5.91
9299,2019-08-04T11:06:25Z,82cddd3b9f58762d36efe78da4e2722ee587cfdb3fdbc58b52673082,60.16629,24.95957,00000000fb7600be,23.56
9300,2019-08-04T11:06:25Z,844b8ad6ebf530978d1139d527a681991f4d3eed6be5bc723f0b2192,60.16531,24.9442,00000000fdda10fe,1.7
9301,2019-08-04T11:06:25Z,85b440c4e1125b1e2531499de3b19b82ae4b7eabb4d89c63c97fa83b,60.16829,24.94214,00000000afef4555,23.56
9302,2019-08-04T11:06:25Z,87ea10367f1569e575dc4bc60f0f4238eafb52ba8a2cc8e5e4584232,60.16829,24.94214,00000000afef4555,25.36
9303,2019-08-04T11:06:25Z,87ee2ae24a1a0871184580c39a1c79955cbf954947f0ee24252c7302,60.18203,24.91341,00000000342570c2,21.87
9304,2019-08-04T11:06:25Z,87f4cf4baea8c5dfe1bc7812cc969574058bd4d2dda215192bcfc53f,60.14699,24.922,00000000a53ed894,4.5
9305,2019-08-04T11:06:25Z,886032718e05487be8bd75bb14464814044c7edd7f9a2198304f6fb4,60.16629,24.95957,00000000fb7600be,16.1
9306,2019-08-04T11:06:25Z,89df1daad350e46d526e113019214d2e1a19d8f48da761bb3583399b,60.16762,24.95415,000000006b44cce7,9.12
9307,2019-08-04T11:06:25Z,8a01cc1ef99f9ea16785412c604aa6bb2750299d67ea94214401d645,60.16762,24.95415,000000006b44cce7,9.92
9308,2019-08-04T11:06:25Z,8ca6cbf91a04db796810f40ee019369f331d79472e4acd09f75cbac8,60.16829,24.94214,00000000afef4555,16.1
9309,2019-08-04T11:06:25Z,8ee30fda8736b8e18a2cdb754676659240bc520a57727b9635630f22,60.1538,24.95595,0000000038bf9618,41.64
9310,2019-08-04T11:06:25Z,8f3d9ab893ae4a48fd3417f3a749c21e792779990ae0ad75a8f211de,60.1538,24.95595,0000000038bf9618,31.5
9311,2019-08-04T11:06:25Z,8f7fec0a4f5d4eb0710dd40c356e0c82dbd9360772fade341a50ba37,60.14699,24.922,00000000a53ed894,25.36
9312,2019-08-04T11:06:25Z,90b12d2b9898702fd62b343512e0d53796ae38decdf704e203a0cc39,60.16829,24.94214,00000000afef4555,10.78
9313,2019-08-04T11:06:25Z,91602a694bc74a2874ba7f02a7bae062a3a77cd869b86a74800415b8,60.17918,24.95141,00000000675d5200,18.79
9314,2019-08-04T11:06:25Z,93272ad17155ea9499641eda7c5560691582116096278b82738ab21e,60.14699,24.922,00000000a53ed894,10.78
9315,2019-08-04T11:06:25Z,934bab75e2a2354910288b01c44fdfda4a87f92ac010109f641b3122,60.14699,24.922,00000000a53ed894,13.75
9316,2019-08-04T11:06:25Z,94ac9d6e79236013b9fa24e1c52123819228f6962b5952637ca80fcb,60.16762,24.95415,000000006b44cce7,11.7
9317,2019-08-04T11:06:25Z,951482f3e2e41b496e34885c346c4a7ab09427178119caa9b8bbcbb6,60.14947,24.91438,000000004ef3150d,16.1
9318,2019-08-04T11:06:25Z,9558753228fb3007f59382a0595018488e2e7430248f8824a5badb80,60.1638,24.96846,00000000d747f075,12.69
9319,2019-08-04T11:06:25Z,97490f522f1a0226c8f7e8ed7bca08dd71b63d80b46d38020127b868,60.14699,24.922,00000000a53ed894,17.4
9320,2019-08-04T11:06:25Z,9756e6d443ac39f05cafcc0913fec8b2e5e8a9a752d70b532f34b598,60.16762,24.95415,000000006b44cce7,17.4
9321,2019-08-04T11:06:25Z,998ac46ad73c197bab1f36dca67d8bcaa3aca92249185a5e3715043f,60.17065,24.93641,000000000f4919c9,23.56
9322,2019-08-04T11:06:25Z,9a49d0b5a67fba15ce8971503f6fea88994b33487a842397c5e8564f,60.16762,24.95415,000000006b44cce7,4.5
9323,2019-08-04T11:06:25Z,9aa588cb6f425117e45726b6b9adb7ef86c8f7c8113b547dc61f068a,60.16897,24.95222,00000000aa852af1,7.05
9324,2019-08-04T11:06:25Z,9ab0a60cb60531417ac6ec5ebc6ef591d2f39019c6b0bcb5a89101a2,60.14699,24.922,00000000a53ed894,9.12
9325,2019-08-04T11:06:25Z,9b4b0705e58750d2bcbd71ad65d85677f7e77db5dfe69d1a70b5d31f,60.17918,24.95141,00000000675d5200,3.74
9326,2019-08-04T11:06:25Z,9bc91538b73e0220fcf5cd07290c07d56f6f48d3ba0ba6b6b0876da9,60.17065,24.93641,000000000f4919c9,18.79
9327,2019-08-04T11:06:25Z,9bef562c292174f1eb3933116effff74a8733a78e5c1df140de3fd6c,60.17918,24.95141,00000000675d5200,23.56
9328,2019-08-04T11:06:25Z,9eb1e9bfdceb76ef852f89ebd82139602125f9731b791465e1c21f81,60.16829,24.94214,00000000afef4555,14.89
9329,2019-08-04T11:06:25Z,a08f9d5b2b07988bf9d31ebb83257f25532d8f53b535a8485a9a997e,60.16762,24.95415,000000006b44cce7,21.87
9330,2019-08-04T11:06:25Z,a0ec1a8d581f94e640a6858a674699d2464ec065e6faea9d4ce2a13b,60.16762,24.95415,000000006b44cce7,10.78
9331,2019-08-04T11:06:25Z,a1439b6683d0598c7a05080c3693a17c198f7b8c3297c77324ef4859,60.16829,24.94214,00000000afef4555,9.12
9332,2019-08-04T11:06:25Z,a20a11944d9440f1f8e4ea6262408f673f2a8380c4e13dda1a073d8d,60.16897,24.95222,00000000aa852af1,20.28
9333,2019-08-04T11:06:25Z,a25b897b52089b243421b68349d3f15e60ce8249d11c889a4626bfc7,60.18203,24.91341,00000000342570c2,27.28
9334,2019-08-04T11:06:25Z,a2f0adf51cb9d2a5417cc0797183513a8bbcecfbc717a1b63e42027d,60.16762,24.95415,000000006b44cce7,4.5
9335,2019-08-04T11:06:25Z,a30740fbf4b7e21f6fe2996e9325c90936de161cb2165e87cd96fd35,60.149,24.9843,00000000fffb8cf0,8.38
9336,2019-08-04T11:06:25Z,a3664d77633807788598dd8d4a7ba8caba2c31bfdcb6ba83651d4e7e,60.173,24.92524,0000000096918cfa,18.79
9337,2019-08-04T11:06:25Z,a3c1a4a58b9381c27b1d5076e0d8d72039afccfb0e58438a80247324,60.16762,24.95415,000000006b44cce7,1.7
9338,2019-08-04T11:06:25Z,a44eda7b8ec58e1cd7c078a73c4da7fb0037d59453aa6bfe69b7cbdd,60.16762,24.95415,000000006b44cce7,2.8
9339,2019-08-04T11:06:25Z,a50e0bb8fd1ad4ad264c3246b210a0c6285faae591c1bd2c2c3458af,60.16829,24.94214,00000000afef4555,10.78
9340,2019-08-04T11:06:25Z,a5d632ac8ffc19a626de034d3c9444fd262ee6edada285c816ea9266,60.16531,24.9442,00000000fdda10fe,8.38
9341,2019-08-04T11:06:25Z,a6ad4305e4e49cc67b63665ffb182e72c67646f3554a9aedcd188b67,60.16829,24.94214,00000000afef4555,18.79
9342,2019-08-04T11:06:25Z,a764c2246c85b2b0aa79e581e2fe238da93de098abbb90aee24c11ca,60.16829,24.94214,00000000afef4555,12.69
9343,2019-08-04T11:06:25Z,a7cc1a0b8bbb896ef55043e385a939c97fd5cfaf6d43a4db6c720076,60.16762,24.95415,000000006b44cce7,18.79
9344,2019-08-04T11:06:25Z,a81c19fb85eebf853246cdc4d8e38245dfa5ba15c180eaa1bcc0378d,60.16829,24.94214,00000000afef4555,16.1
9345,2019-08-04T11:06:25Z,aa4547c0b6b8be30776e08d524ceeacfbc9930ad720e11fa4cb20882,60.16531,24.9442,00000000fdda10fe,0.71
9346,2019-08-04T11:06:25Z,aa45859d6157e9e86470ec8b81957acc35bafb1b7f419d79357a38cf,60.16829,24.94214,00000000afef4555,12.69
9347,2019-08-04T11:06:25Z,ac5c7e04b55d6d70659e5b8f4705309b9367c78a0edb7ce85f42c181,60.1538,24.95595,0000000038bf9618,29.32
9348,2019-08-04T11:06:25Z,add92af5006cee56f2da79112486b97d5a7c06f12252676b7638064d,60.16762,24.95415,000000006b44cce7,17.4
9349,2019-08-04T11:06:25Z,ae3cda5066e455d4b1e58860e8fb7a35efad69b9964a676b476b0687,60.14947,24.91438,000000004ef3150d,2.8
9350,2019-08-04T11:06:25Z,b0d6202ccd1560eaf57c06931cb6466332e41068ad2963e515819015,60.17918,24.95141,00000000675d5200,20.28
9351,2019-08-04T11:06:25Z,b2298fc6f63c02481610f9aef24f1a0c1711c255adc43c0fe135c1ca,60.14947,24.91438,000000004ef3150d,14.89
9352,2019-08-04T11:06:25Z,b3266ecf36a984b814e1b2d31b447438bd948a9c116721480104792f,60.16829,24.94214,00000000afef4555,12.69
9353,2019-08-04T11:06:25Z,b45b86eb670eb1db475921496e6d80468f5fe2819bf3eb58f1f58506,60.16762,24.95415,000000006b44cce7,9.12
9354,2019-08-04T11:06:25Z,b59631b8902194c916f7d3ddcc02d4200a3de0380fa554d87e6856c0,60.17002,24.94407,000000006b087f40,13.75
9355,2019-08-04T11:06:25Z,b5cdbcdc30e0bf653ce353c867708b0067db5e394c8cbe848d978a77,60.14699,24.922,00000000a53ed894,7.69
9356,2019-08-04T11:06:25Z,b67f020b0677cdc52c864f559306fb750cdf47ce2eee6503a3cedb3a,60.16629,24.95957,00000000fb7600be,13.75
9357,2019-08-04T11:06:25Z,b81a9bf449d3e64ad0181804598330bbf305f384b888935023742c79,60.173,24.92524,0000000096918cfa,12.69
9358,2019-08-04T11:06:25Z,b81e65168ea3278486b1c954ab229bc2eda3fe07098e824f05cd0ac4,60.149,24.9843,00000000fffb8cf0,25.36
9359,2019-08-04T11:06:25Z,b9447a524f5b5bf98585b27b92195b09869ee9cd9da3cf8d2b59c57d,60.16829,24.94214,00000000afef4555,21.87
9360,2019-08-04T11:06:25Z,ba288a5fd2befbc9ed08e7876ad7cb2bd8bfe6f5756d2ffe8e2dc558,60.17002,24.94407,000000006b087f40,8.38
9361,2019-08-04T11:06:25Z,bbf7d8b9085ddcd3b94f55f93b52cb40a251c44f5df4099ba5b61471,60.16829,24.94214,00000000afef4555,16.1
9362,2019-08-04T11:06:25Z,bc07df8cc395f6f4f5d483b2233caca5f93a6918f346e4cc3702f8cc,60.16531,24.9442,00000000fdda10fe,18.79
9363,2019-08-04T11:06:25Z,bf1bf5222ce141fbaa484d3bbf568d521b90699d69ec5fc413c9d716,60.17002,24.94407,000000006b087f40,16.1
9364,2019-08-04T11:06:25Z,bf4235c977b63f07c70679988ae6990db3734c8bde50741c636155b9,60.16762,24.95415,000000006b44cce7,7.69
9365,2019-08-04T11:06:25Z,bf9ce5791ac57b111f0539859dbf4cadf8b08bde9d823abe44169ccd,60.16762,24.95415,000000006b44cce7,12.69
9366,2019-08-04T11:06:25Z,bfd5c2630b36fde15de01ea74e598d035402cf1edb7c9230617927e0,60.16762,24.95415,000000006b44cce7,5.41
9367,2019-08-04T11:06:25Z,c10ea5737569b2a03f49eba95e66b0cc8ed2a5b8136964be3395e452,60.16762,24.95415,000000006b44cce7,10.78
9368,2019-08-04T11:06:25Z,c239e27b985c23449b6aa84b78560b1b4e535975f3ba059d7987efe4,60.16762,24.95415,000000006b44cce7,17.4
9369,2019-08-04T11:06:25Z,c26838ba90ff36e1d86e327d1623e206734b7c8db8e463218bd43123,60.16762,24.95415,000000006b44cce7,17.4
9370,2019-08-04T11:06:25Z,c27fee8ae8d689338b043608280c83cfa6f3276d3837ecea5f742dc3,60.16762,24.95415,000000006b44cce7,6.46
9371,2019-08-04T11:06:25Z,c2ac666d5ee7f3743c70750aa1523a594c72821922dbe9079f73056d,60.149,24.9843,00000000fffb8cf0,21.87
9372,2019-08-04T11:06:25Z,c2cc33e5b1b8d254d4bcbc0ffa13c9200676a39a191cc31a38d28d8d,60.17065,24.93641,000000000f4919c9,12.69
9373,2019-08-04T11:06:25Z,c2d88bc74172eb47d26ee5d739980baa7fc011b9973f9f18b482aa81,60.17065,24.93641,000000000f4919c9,18.79
9374,2019-08-04T11:06:25Z,c2e135ad2c160277e290705658ac41d7cd35b11ebf61d829fdd0b428,60.14699,24.922,00000000a53ed894,12.69
9375,2019-08-04T11:06:25Z,c45e3c4e8ec0fc85457d3b4ed4c49ed0116b4cf447e2983f353abcd8,60.16829,24.94214,00000000afef4555,16.1
9376,2019-08-04T11:06:25Z,c4c3ad738ca47920bb66939f620126c87f730c644813158554916827,60.16762,24.95415,000000006b44cce7,9.92
9377,2019-08-04T11:06:25Z,c55894159f2080031cda702c78ee54463c3c15ab1b3638afdf687f08,60.16531,24.9442,00000000fdda10fe,10.78
9378,2019-08-04T11:06:25Z,c6b0ea433c3fdc73e0bac7e3faa2690506c4e8ec7fc54210446a7ffa,60.14947,24.91438,000000004ef3150d,17.4
9379,2019-08-04T11:06:25Z,c739921adb150c53f1887c6ce887adc6cd7ae7e35e69f6e4dc52fe81,60.173,24.92524,0000000096918cfa,18.79
9380,2019-08-04T11:06:25Z,c7ced11121537f55bcd7d7ab67312226dafe7c85320c5357a35d5ab7,60.17002,24.94407,000000006b087f40,17.4
9381,2019-08-04T11:06:25Z,c8348938d0ebafd342c966ca86c2bbd8e8e661471ae04ba49b5516d8,60.16762,24.95415,000000006b44cce7,17.4
9382,2019-08-04T11:06:25Z,c990a15d27cfc21e63b7c96b95949254f1194e8b27118386a589e2bd,60.16897,24.95222,00000000aa852af1,14.89
9383,2019-08-04T11:06:25Z,cb37b8fad0bc758cf37d7ea1052f3a98f29282ae37ec635d6eb2c511,60.16762,24.95415,000000006b44cce7,9.12
9384,2019-08-04T11:06:25Z,cca3b7ab9481b9594c8ca118cc4e23e00ece1946a27f37a1a21ace07,60.16829,24.94214,00000000afef4555,18.79
9385,2019-08-04T11:06:25Z,cd7d0e9404c9f4e8fab0742460b9acb4d5bbb97f44df80d4a8b973cd,60.17002,24.94407,000000006b087f40,5.41
9386,2019-08-04T11:06:25Z,cddbfc3b0a1459f0ea8d553779cf320d512cac6e64976182f2f0b3b7,60.16829,24.94214,00000000afef4555,12.69
9387,2019-08-04T11:06:25Z,d04b5065ec93818b731141027d11e6a1cf53de69b9737d7aea0c34da,60.14947,24.91438,000000004ef3150d,31.5
9388,2019-08-04T11:06:25Z,d2b816bfc9982b3f48d8baa389dc18ef7a57d3dcba72567b2865e2e2,60.16762,24.95415,000000006b44cce7,9.92
9389,2019-08-04T11:06:25Z,d2e3bf982b10b2079eaa464127a286409c5030b21ffe9a2ce08bbb9c,60.16762,24.95415,000000006b44cce7,9.12
9390,2019-08-04T11:06:25Z,d2fd0c6415d2d8e49fef3415fb8747b524191b4400a4fbb66428cb12,60.14699,24.922,00000000a53ed894,10.78
9391,2019-08-04T11:06:25Z,d3bad9334d128332fc483e10ef1b77c28e5a75ac55be4de71c6b2f9f,60.16829,24.94214,00000000afef4555,14.89
9392,2019-08-04T11:06:25Z,d47a54e0b6b2e752d04d43a3278501aa0ee2a4aa9da63f6fe88700ee,60.16762,24.95415,000000006b44cce7,21.87
9393,2019-08-04T11:06:25Z,d4c9ea46d58288bf42808788e668072465d91dd3c874a8a51de5794e,60.16897,24.95222,00000000aa852af1,25.36
9394,2019-08-04T11:06:25Z,d68e70c4073cda9dabbfa148bdb39f33da8f558ab25310fb536ca99a,60.16762,24.95415,000000006b44cce7,21.87
9395,2019-08-04T11:06:25Z,d7b3daaab1b36d8d95f7672a0339b99b2a16483fc1c71c5177aeb948,60.16829,24.94214,00000000afef4555,25.36
9396,2019-08-04T11:06:25Z,d83c1c2d3a3876c948e277bace6d013eafc0c4e118958e138f8b1257,60.16448,24.97323,0000000053c6c2be,41.64
9397,2019-08-04T11:06:25Z,da2398acaae7f39c7b80c220d4e6917bdc7655f4c71b6e36d06cb859,60.18203,24.91341,00000000342570c2,13.75
9398,2019-08-04T11:06:25Z,db45583e1f7aaaf54e100214986dfc86aa755383e86d361639a5b19b,60.16762,24.95415,000000006b44cce7,5.91
9399,2019-08-04T11:06:25Z,dbd2fa33dbaac339a8c9d8e04576b1088999b9314914676a2247737c,60.1638,24.96846,00000000d747f075,29.32
9400,2019-08-04T11:06:25Z,dc4072a3cfc00cca0bde9925adc82bb9c2548af1724368561eefcbf8,60.16762,24.95415,000000006b44cce7,9.12
9401,2019-08-04T11:06:25Z,dc534c1cb5eb7f34b6b57bd93c8d9acb2685ba264563f6f388d09923,60.16762,24.95415,000000006b44cce7,16.1
9402,2019-08-04T11:06:25Z,dc816e92e4a2eceea03f41fc379fda0e3d57b5d0fbd9a06430432022,60.16762,24.95415,000000006b44cce7,5.41
9403,2019-08-04T11:06:25Z,dc82f9648bb5ba21e766e0923f5fa7ca2d77662ab0edbe22a3d95631,60.14699,24.922,00000000a53ed894,9.12
9404,2019-08-04T11:06:25Z,ddd0e663eb31ac94858d2a4e9af5e4782781e88c92102042190e6fcf,60.14699,24.922,00000000a53ed894,7.69
9405,2019-08-04T11:06:25Z,de48adf9d49eb3bc1d61dea4047618f6c77086fc44bd2b535d56504d,60.16762,24.95415,000000006b44cce7,4.5
9406,2019-08-04T11:06:25Z,de71e27b55ef6f2f51f05838a2fcab596f1dd93a14ece5ce4548f5c7,60.14699,24.922,00000000a53ed894,13.75
9407,2019-08-04T11:06:25Z,e081e4b3252ca91bbf1cbb70faa116d60317fbf3a991a67bc99b4bfa,60.149,24.9843,00000000fffb8cf0,12.69
9408,2019-08-04T11:06:25Z,e0859a9c906151023376d86762070f38ba1b3859e671531b0edac6cd,60.16075,24.95883,00000000f1124bca,31.5
9409,2019-08-04T11:06:25Z,e0d7e8b332ca8514428ab10acf6d3a6b777da62ff8ea3e18d9b32989,60.16762,24.95415,000000006b44cce7,23.56
9410,2019-08-04T11:06:25Z,e1da87aea335bcd04e4c876158b96ebc7ba4206bc216c3aa27a2f4af,60.17918,24.95141,00000000675d5200,2.08
9411,2019-08-04T11:06:25Z,e305610124e16ed1411a221b29ce69a076cc47982efd6c098b0599ab,60.14947,24.91438,000000004ef3150d,12.69
9412,2019-08-04T11:06:25Z,e32e078697e70d6e3cb4b156ada3a4756315227b125615d7b5c116a7,60.16762,24.95415,000000006b44cce7,3.09
9413,2019-08-04T11:06:25Z,e44d7228cecbdb2474e1cc396a6c13943f09c08c19d0ffab1997d509,60.17918,24.95141,00000000675d5200,20.28
9414,2019-08-04T11:06:25Z,e53a901aed874016e1cd1ed3e9b2891fca850986cb2fa04f5162cf52,60.16762,24.95415,000000006b44cce7,5.91
9415,2019-08-04T11:06:25Z,e557e164cd52fd817b02cad6587a294d72b0974d9b014ad69ea5e08e,60.17918,24.95141,00000000675d5200,11.7
9416,2019-08-04T11:06:25Z,e5928057da667903de0b6c1245e1f58273dd85d63d8af0f4eaa771de,60.16762,24.95415,000000006b44cce7,13.75
9417,2019-08-04T11:06:25Z,e5b9b4813c081a31fb498e7f9adb94918c267dfa125c63790c0d9488,60.149,24.9843,00000000fffb8cf0,1.25
9418,2019-08-04T11:06:25Z,e5e14952bf5e52bf1349479a58c0a97d702585889650948d94767608,60.16448,24.97323,0000000053c6c2be,20.28
9419,2019-08-04T11:06:25Z,ea3eef2f497e934d53c3a02bfa190abb42a24ce200d24c69598dbf84,60.16762,24.95415,000000006b44cce7,7.05
9420,2019-08-04T11:06:25Z,eb261026c6f65b651ddf21bed629a1e164cfb500d0b78062704ec15c,60.16762,24.95415,000000006b44cce7,6.46
9421,2019-08-04T11:06:25Z,ec485175d2b7a2c53d03bf546aee134c116d998976601b069570c6f9,60.14699,24.922,00000000a53ed894,11.7
9422,2019-08-04T11:06:25Z,eca1a609c675d971fcfba4277d230ccdc2de7805c629b1f5da9cc224,60.173,24.92524,0000000096918cfa,23.56
9423,2019-08-04T11:06:25Z,ecb1735f180422ec69f041cd2782a26c9f07d27a87893b3c30aaa9b7,60.16075,24.95883,00000000f1124bca,3.09
9424,2019-08-04T11:06:25Z,ecb5655da668bb183a5c270a96927649c323975e318184d248247099,60.16829,24.94214,00000000afef4555,10.78
9425,2019-08-04T11:06:25Z,ecf13e9d610ad235409932d263110fd52c69d0f5f39e9ffd3ad8b740,60.16897,24.95222,00000000aa852af1,12.69
9426,2019-08-04T11:06:25Z,ede13c9dc221bbc6c1daf78250fa6547303c06d7606c05ba0bf64547,60.17918,24.95141,00000000675d5200,3.4
9427,2019-08-04T11:06:25Z,eea43687eab35d2c386347881796eb1c8279076b9e9642ebc2cd06ac,60.16762,24.95415,000000006b44cce7,2.3
9428,2019-08-04T11:06:25Z,ef15ff71b7dc4c2088249a4fca7e28900ae315245a7a3b4d571bf582,60.16829,24.94214,00000000afef4555,4.11
9429,2019-08-04T11:06:25Z,ef33ccdfcdb12920eabb3306e0f86dc7e6060a5d3864b03e2de7e1ef,60.16897,24.95222,00000000aa852af1,11.7
9430,2019-08-04T11:06:25Z,ef45fdc095ee55730384922266d8fce61de212d3c3df2441ea10e524,60.14947,24.91438,000000004ef3150d,21.87
9431,2019-08-04T11:06:25Z,ef5e495c5f9d3dd9eb22ed5b8faf1cc9e4225d4785ebb26a87d16fff,60.14699,24.922,00000000a53ed894,18.79
9432,2019-08-04T11:06:25Z,f014103201b8ae8f495f8e1e04da3c934079461391d4801ee6c2faaf,60.16762,24.95415,000000006b44cce7,11.7
9433,2019-08-04T11:06:25Z,f110acae92fec55c6caca5de864773a6b99e5b8d6e2fdf8d1bdbc759,60.16762,24.95415,000000006b44cce7,11.7
9434,2019-08-04T11:06:25Z,f11c02cbebb4049a29f10d2ee6aac8a9ca3b7b9609a39d69463461a1,60.17065,24.93641,000000000f4919c9,27.28
9435,2019-08-04T11:06:25Z,f1d44b9d3710849eba7eab0b6646053378aa5f8ee3491ec2522f3c44,60.14947,24.91438,000000004ef3150d,12.69
9436,2019-08-04T11:06:25Z,f43b8b2cf2c0bd291543858796d75b211d283ab73dcab5ad5dfd0aeb,60.16897,24.95222,00000000aa852af1,7.05
9437,2019-08-04T11:06:25Z,f616fbd0fde8316049c3068ae4368dc9f486f8da4bf5516e9ba82578,60.16897,24.95222,00000000aa852af1,8.38
9438,2019-08-04T11:06:25Z,f65653d90604ec5056682852700fbaf1379932745358f71dd7a94809,60.16897,24.95222,00000000aa852af1,31.5
9439,2019-08-04T11:06:25Z,f78ef2ddbe48b534137498eab56c0a55ec0e0b1d8868e82cb5652a0e,60.14699,24.922,00000000a53ed894,3.4
9440,2019-08-04T11:06:25Z,f855918d61069661cbf8633b228a5fb9e5cd5ea7b2946bfc5b9fc315,60.16829,24.94214,00000000afef4555,16.1
9441,2019-08-04T11:06:25Z,f9f42c3132515705c0013fb8e137897c93844d24acc22cb4ac9384a0,60.149,24.9843,00000000fffb8cf0,4.11
9442,2019-08-04T11:06:25Z,faee9c7cf21aa61809c94dd68268377841712fc4e488b094972b6a38,60.1538,24.95595,0000000038bf9618,33.81
9443,2019-08-04T11:06:25Z,fb37b263777ffcf7fe1fb6484821cae2b8beb03b5f5009109748dedb,60.16762,24.95415,000000006b44cce7,13.75
9444,2019-08-04T11:06:25Z,fbea754bd1d1bd41d31d255adcdfb67b3b4c052fc59db33eb47c25b4,60.16897,24.95222,00000000aa852af1,21.87
9445,2019-08-04T11:06:25Z,fda481107ccd1ee84269967e42cbd312252a4216e9c7af4822669a69,60.16829,24.94214,00000000afef4555,21.87
9446,2019-08-04T11:06:25Z,ff77a337b76dc236bd69eeac1c9db02a5cf3accc35920c706cf5fd0e,60.18203,24.91341,00000000342570c2,31.5
9447,2019-08-04T11:06:25Z,ffb7319984ecae155652e100da9b204f0b92f3b6c7239cfea4dcf966,60.14699,24.922,00000000a53ed894,14.89
9448,2019-08-04T11:06:26Z,004c3624f943830bc6a9f17173a2cd0996622cade5184ad2b9fba729,60.16897,24.95222,00000000aa852af1,7.05
9449,2019-08-04T11:06:26Z,0152988639aaaa9cc27213280c8f0c0c8ec97ae6a45aaaf743c9c25d,60.16544,24.95398,0000000038d83d41,23.56
9450,2019-08-04T11:06:26Z,048a4191e2e9ce1733556eda54c4123345c70aeced0f8ecf7d52b916,60.14699,24.922,00000000a53ed894,18.79
9451,2019-08-04T11:06:26Z,09a0d89e977eac08cb8877af0472d861a9c86439072251d53a13d931,60.16829,24.94214,00000000afef4555,14.89
9452,2019-08-04T11:06:26Z,09ddbf38333e76a79fd836112bd8c3f8bf7f3dadfb3d49945ad4c486,60.16897,24.95222,00000000aa852af1,4.5
9453,2019-08-04T11:06:26Z,1142f5b6806b1ec7d8d47d47013eb530d8a7418f6934d8867b20966a,60.16829,24.94214,00000000afef4555,16.1
9454,2019-08-04T11:06:26Z,128f1b89d7a534aa206a7823b692594bbd4d349761baa04c0fc72f2c,60.14947,24.91438,000000004ef3150d,5.41
9455,2019-08-04T11:06:26Z,14c7e1511b70f4dd3359cbece1377aebb4d70531f5489eefe53d7c3c,60.16544,24.95398,0000000038d83d41,21.87
9456,2019-08-04T11:06:26Z,165ebbb4090d47319ae370f0d0854fdc1f6b79499f8b2e4d3c3533c0,60.16544,24.95398,0000000038d83d41,25.36
9457,2019-08-04T11:06:26Z,16c994bb2e24124a910c247376d16e980a65626a94c4c0aaab27df60,60.16829,24.94214,00000000afef4555,25.36
9458,2019-08-04T11:06:26Z,198d6432c579dae0d7ddda6591eb377ca6c01888de802f89ab84b98a,60.16544,24.95398,0000000038d83d41,29.32
9459,2019-08-04T11:06:26Z,1bba37ee9376f8052f3606bb777546c2c4d1e84dad7afd93d4cffa45,60.16762,24.95415,000000006b44cce7,18.79
9460,2019-08-04T11:06:26Z,25a7ff811c3c06e426c7c2cbb0433d9a2a3399b23afecbd35584ab0f,60.18203,24.91341,00000000342570c2,11.7
9461,2019-08-04T11:06:26Z,29016fc5853bb802e42e93eb5fd98882d64029327d793a2f2335b9e4,60.16829,24.94214,00000000afef4555,6.46
9462,2019-08-04T11:06:26Z,2f296f178903769d80a34f17a1beef377e041852b35742df84ce7c59,60.16829,24.94214,00000000afef4555,29.32
9463,2019-08-04T11:06:26Z,32dd92b5a658392a4ec84eaf95152ee72258b6b0fb670b97882ac902,60.16829,24.94214,00000000afef4555,12.69
9464,2019-08-04T11:06:26Z,3fe5f4ccfa5c777ceafda0674d7c9da6f509f6694b4c2fa254b32e73,60.16897,24.95222,00000000aa852af1,18.79
9465,2019-08-04T11:06:26Z,44d0b94469070803869f229601e877beb613c3f5aafa009addf97a1a,60.16544,24.95398,0000000038d83d41,21.87
9466,2019-08-04T11:06:26Z,4656bad9b5e6dfc3977eca308fc1db3dbf8b0204b90d09b001da242e,60.1638,24.96846,00000000d747f075,20.28
9467,2019-08-04T11:06:26Z,5d65719c4cbf045f068d084b72302f447d5fd034413d97d13be00d0e,60.18203,24.91341,00000000342570c2,18.79
9468,2019-08-04T11:06:26Z,5eed115a984d490b02b602d73787aee8dc8c4e9365b77fbff3818a76,60.16629,24.95957,00000000fb7600be,20.28
9469,2019-08-04T11:06:26Z,69219e9efa41ae9e732653e9eaf08e1a34cb853a9dafe76ddeea4d04,60.16897,24.95222,00000000aa852af1,18.79
9470,2019-08-04T11:06:26Z,6a70e2fbced719333e21eff04fcb9cb36bae9a04d1a3d6ddd96f2c58,60.15432,24.9211,0000000019fb59c4,11.7
9471,2019-08-04T11:06:26Z,79f136afa0dd8717337c01c70b457c464aaf0fa25b440f51a394ec23,60.16762,24.95415,000000006b44cce7,14.89
9472,2019-08-04T11:06:26Z,85ef35aecf2ff804be3d958b592705ec41c6df9c128c132c65bb283d,60.16897,24.95222,00000000aa852af1,25.36
9473,2019-08-04T11:06:26Z,87dfaad29a9276ddddb1fa021d3bc23ad14824c1af16f7d87e713689,60.14951,24.92138,0000000006dd41f6,10.78
9474,2019-08-04T11:06:26Z,88808fe92573e9cdf022cc15b9689b6b4b9429f60513c8897b0ba4c7,60.16897,24.95222,00000000aa852af1,14.89
9475,2019-08-04T11:06:26Z,8c3b1ed0846e38cc84b863a80540c8a75bfd85c8bdda36563d153110,60.16544,24.95398,0000000038d83d41,20.28
9476,2019-08-04T11:06:26Z,92aae21a6e0dd2ff71fc591b64e878502bd4677b64ac413632e9f7c6,60.149,24.9843,00000000fffb8cf0,11.7
9477,2019-08-04T11:06:26Z,9843c6216661048343a0e49cf3d8aa2883cf77f452666a1c873a1052,60.16448,24.97323,0000000053c6c2be,12.69
9478,2019-08-04T11:06:26Z,a01fa9091a190537108f7d85ca6b54b023828292d6ed65ab0b3c5619,60.14699,24.922,00000000a53ed894,21.87
9479,2019-08-04T11:06:26Z,a13e5d46f0a2d1c6b58878e1b198905e9b14e3a85b5e4adab88b4b87,60.16762,24.95415,000000006b44cce7,9.92
9480,2019-08-04T11:06:26Z,a3a31741155775d55b54ebdadfeb5700066d864d782da9cdd605349c,60.14951,24.92138,0000000006dd41f6,23.56
9481,2019-08-04T11:06:26Z,b5fd6b317890e5ab2d79e2cd1abe61626d45a753c7337d0d40728898,60.16762,24.95415,000000006b44cce7,10.78
9482,2019-08-04T11:06:26Z,b936e41d8712ae967f3ebb413fc44f060bb10613f95537757886ede2,60.16762,24.95415,000000006b44cce7,5.91
9483,2019-08-04T11:06:26Z,c40c37def6bf11a63a2556519a7c6233fd417cdeea2cf14f28e7c42c,60.16531,24.9442,00000000fdda10fe,20.28
9484,2019-08-04T11:06:26Z,c97eb4181394121907d47b908495f54e5ee5145ff790f7a1dc21b3cf,60.16897,24.95222,00000000aa852af1,9.92
9485,2019-08-04T11:06:26Z,ca6927628f5ddda20036865c9345ad93d476d62ade3b181de568eed6,60.16897,24.95222,00000000aa852af1,20.28
9486,2019-08-04T11:06:26Z,cd2c2ce2425879ac455c812073aa8025c7bac76df380e4793edab46d,60.16829,24.94214,00000000afef4555,23.56
9487,2019-08-04T11:06:26Z,ce197d5eedb5498917afe7ca3f7275ffeb191f0c5d050bffa154c1d2,60.16531,24.9442,00000000fdda10fe,23.56
9488,2019-08-04T11:06:26Z,cf05623e4d87ce0906c0b0b7dbf53aacc1228016cd27c341228b6e76,60.18203,24.91341,00000000342570c2,20.28
9489,2019-08-04T11:06:26Z,cfc0bedb78ded52749db3188cb188bf6a250ef5990da9c5afa9623fc,60.14951,24.92138,0000000006dd41f6,25.36
9490,2019-08-04T11:06:26Z,e224ae5ea47af2e3048f83b13a1f45dc135c0ca6be72547b01729086,60.1538,24.95595,0000000038bf9618,16.1
9491,2019-08-04T11:06:26Z,e764c1a69976425ee9c1982ca445db7a575a9d610bcb2215eeb2a728,60.14947,24.91438,000000004ef3150d,14.89
9492,2019-08-04T11:06:26Z,e8e366e76c97944e23c0f80b4fd3ce6e5832744922297146a49f0c7e,60.16762,24.95415,000000006b44cce7,17.4
9493,2019-08-04T11:06:26Z,ec9139faa5706ad0c421bc9e3beb3d01bbe94e828fc31464764715c1,60.14951,24.92138,0000000006dd41f6,27.28
9494,2019-08-04T11:06:26Z,f088630d7476dae7d4b7e2bb1f10575f2c89acb4b6e061f3d57c2b40,60.16531,24.9442,00000000fdda10fe,23.56
9495,2019-08-04T11:06:26Z,f30a5193aa7850aac581b8dd71512a8712c96f36fdef78d8292d4788,60.16762,24.95415,000000006b44cce7,5.91
9496,2019-08-04T11:06:26Z,fc4f3a44235f1cfc7b53f14ba2da599976a5a0a220d23b852688e485,60.17919,24.95181,000000007b5207b6,7.69
9497,2019-08-04T11:06:26Z,007540b1ada16f6000987e20cd81a3deb18b2aea4cb95b50e099dcee,60.17065,24.93641,000000000f4919c9,16.1
9498,2019-08-04T11:06:26Z,00df07521690a1fb6e56d9506781a9888bb54e5230f6de1be64ba13f,60.14951,24.92138,0000000006dd41f6,21.87
9499,2019-08-04T11:06:26Z,0236a1d5b9b9d2249407a79705eee38de360ceb0530a8959ba5bc15b,60.149,24.9843,00000000fffb8cf0,16.1
9500,2019-08-04T11:06:26Z,02859795f210989e95cecea68a54de08be1fe5e153b3038eda00394e,60.16762,24.95415,000000006b44cce7,18.79
9501,2019-08-04T11:06:26Z,03281650ea5056d80741973252ffbd55ea824d7f446824d3ff21be5e,60.16762,24.95415,000000006b44cce7,23.56
9502,2019-08-04T11:06:26Z,0495ba0a1c04e0262f37eaa32084a173acc00638a16e76bb922b97dd,60.16762,24.95415,000000006b44cce7,9.92
9503,2019-08-04T11:06:26Z,0625280cf414aa015aa8b4d504d6fc74879a1144b913e254fec5db9d,60.16762,24.95415,000000006b44cce7,7.05
9504,2019-08-04T11:06:26Z,0656a0c0a353f164b57fbdd9e648d71fab429964d97ed07ab2c5dc30,60.18203,24.91341,00000000342570c2,10.78
9505,2019-08-04T11:06:26Z,07d9aa9fe10e58c26960ba10eb2f13607a7cea0226acaecbdcc52508,60.16762,24.95415,000000006b44cce7,7.69
9506,2019-08-04T11:06:26Z,08b10b51864dc039f0a07c997e66e7a263ee1cde5b0b88b2a1178c58,60.16829,24.94214,00000000afef4555,14.89
9507,2019-08-04T11:06:26Z,090b22feb90861d0c5c272812dfebe1f4f5efec2238fb9556f23e5a6,60.16762,24.95415,000000006b44cce7,11.7
9508,2019-08-04T11:06:26Z,096c3b0de1dab1407cd4d3330546404c0d62ce025924420496380f89,60.16762,24.95415,000000006b44cce7,23.56
9509,2019-08-04T11:06:26Z,0a949aafc0be15c68d73a5dd186d726aa6b921f44303a712ac6ddcb8,60.16762,24.95415,000000006b44cce7,4.94
9510,2019-08-04T11:06:26Z,0aa519749df61b76dd2eeff7698dae9732dcbeb64afd25bb14aebb4a,60.16897,24.95222,00000000aa852af1,29.32
9511,2019-08-04T11:06:26Z,0b45b52bc137c31ce83561c857f809296ec70f5537976a4a4d573d4f,60.16829,24.94214,00000000afef4555,16.1
9512,2019-08-04T11:06:26Z,0b49dcea1b7eab22f4ebd0c7666ded5b59fe092b8bdd4aa9eda6326d,60.16762,24.95415,000000006b44cce7,5.91
9513,2019-08-04T11:06:26Z,0c959027ce302054b09087cac97a83aa7e24fb9e4fa2710763f912cb,60.16829,24.94214,00000000afef4555,9.12
9514,2019-08-04T11:06:26Z,0d2490ed58c11eb4a754a30cc4bcb21c7243d322a2caf7cc360e4e8c,60.17065,24.93641,000000000f4919c9,20.28
9515,2019-08-04T11:06:26Z,0e113c5ed3abcdfb31d27c3125f6cf01e3b96e4ed7eca1aaea855f77,60.14947,24.91438,000000004ef3150d,9.92
9516,2019-08-04T11:06:26Z,0e1fac068e905121e354702292780affb6635905cc36872878ff79ce,60.17002,24.94407,000000006b087f40,38.87
9517,2019-08-04T11:06:26Z,0e9170bc93107bf16cd12839eca9ea157f19169d66085e8a435b0f1d,60.16762,24.95415,000000006b44cce7,2.8
9518,2019-08-04T11:06:26Z,1107822441d53ff89eb9cb0d022a37202aed47bd82dca4bc175d6837,60.16762,24.95415,000000006b44cce7,6.46
9519,2019-08-04T11:06:26Z,118cffafccf902fa0dea50f220191f4eb7938f02c841bd3952fa3484,60.16762,24.95415,000000006b44cce7,8.38
9520,2019-08-04T11:06:26Z,1327ce24f157334f864f913637993c80380ce5f5c911e4b0d31c5eb7,60.149,24.9843,00000000fffb8cf0,5.91
9521,2019-08-04T11:06:26Z,13b0a8ca1414d7b2b0e8d5f80069a5d26c6f62a68b58eda25a4b85f4,60.16829,24.94214,00000000afef4555,21.87
9522,2019-08-04T11:06:26Z,1556d4a76070c26554efa12b4b9c53766a4cc394e8b74ee37f2fff65,60.17065,24.93641,000000000f4919c9,21.87
9523,2019-08-04T11:06:26Z,169c77f0d714e38eb1e798b14fa42ce3fefb0ec1d6f9e93a38a872f1,60.16762,24.95415,000000006b44cce7,5.41
9524,2019-08-04T11:06:26Z,182e58bd6c3c8d836225d454a878bc55d8ed5166564a22f8b635f6ff,60.14947,24.91438,000000004ef3150d,17.4
9525,2019-08-04T11:06:26Z,18798273af8a6fade4ca41e909ce1e8ce24a24e7f7fd0b7275d82b55,60.16829,24.94214,00000000afef4555,17.4
9526,2019-08-04T11:06:26Z,18adae8b6603c177e817d1e3b9ec79fcc0292682660b31bebc965a23,60.16762,24.95415,000000006b44cce7,14.89
9527,2019-08-04T11:06:26Z,1921be9815a57f11f291ca085add7b4bf1d044518b03b725df7cf7d5,60.149,24.9843,00000000fffb8cf0,14.89
9528,2019-08-04T11:06:26Z,1a06b5f7f305badd45e93db9d86d76ed3a2a96ec55ec47c836921e3e,60.16762,24.95415,000000006b44cce7,9.12
9529,2019-08-04T11:06:26Z,1a9a0f74c353624c42c19c007e82c9c2547b7285d8353d0e375e3f05,60.14699,24.922,00000000a53ed894,6.46
9530,2019-08-04T11:06:26Z,1c38009e9b89bd8b0d6744bf54ebae9a8ad2dc2868cdfc3f2e399509,60.16829,24.94214,00000000afef4555,17.4
9531,2019-08-04T11:06:26Z,1c8c3befa38b65f707dd4933a68e5e3c9e7c82592fd382779127416b,60.16897,24.95222,00000000aa852af1,25.36
9532,2019-08-04T11:06:26Z,1c9aa21b85f6dc63cc56eb960e89cdeaa6da27738f3fcc4fbee8ee17,60.16762,24.95415,000000006b44cce7,9.92
9533,2019-08-04T11:06:26Z,1ce242f8d8220cd38bf3ea9138c99ae9b2f79b28e68edb864f090ec9,60.149,24.9843,00000000fffb8cf0,16.1
9534,2019-08-04T11:06:26Z,1de509b10ed308796e82bb0f51f17f68e2fdfbcc3d6bed69c40eb7fd,60.173,24.92524,0000000096918cfa,13.75
9535,2019-08-04T11:06:26Z,1e3fa11ac10c07395d1456966b411617159f7b3736741a28e9e3e52a,60.16762,24.95415,000000006b44cce7,16.1
9536,2019-08-04T11:06:26Z,1fa2c533bba37b249a0105001153733e67a559d40c22cab67f135f64,60.14947,24.91438,000000004ef3150d,6.46
9537,2019-08-04T11:06:26Z,227b93698b29687beea48184f42aab63a21fa362af7251be32db2e15,60.16531,24.9442,00000000fdda10fe,2.8
9538,2019-08-04T11:06:26Z,23b4a8c7918ca417eab83481a710fd544e1fa8bf7073b5955c0155c8,60.14699,24.922,00000000a53ed894,11.7
9539,2019-08-04T11:06:26Z,23b7c1b09dfbcbf722a4c48303dd0435cf9885a516d5eebb6538844f,60.16762,24.95415,000000006b44cce7,14.89
9540,2019-08-04T11:06:26Z,26a4ff30aad95332c4b603e9e728a10486413889de9d2c4573524923,60.14699,24.922,00000000a53ed894,18.79
9541,2019-08-04T11:06:26Z,2724e42551f43106ea58a8fcc6a43953baa1294cd65e17a90012f706,60.17065,24.93641,000000000f4919c9,0.59
9542,2019-08-04T11:06:26Z,277125506ba4ea1afb2c696256b262e0708d43c30c769a1d4a382a76,60.16762,24.95415,000000006b44cce7,17.4
9543,2019-08-04T11:06:26Z,28741c2e5e348fe81dec0518a21c0930c98a25b6fcece61a262d50de,60.14699,24.922,00000000a53ed894,14.89
9544,2019-08-04T11:06:26Z,296a0ffe230305a3d37818a0369b56c99dacdd5df5a161bf238e1084,60.16762,24.95415,000000006b44cce7,9.92
9545,2019-08-04T11:06:26Z,29f5adc4d67413b7d368e8e94a41cf48339e3f5f0903f660170c4fe8,60.17919,24.95181,000000007b5207b6,17.4
9546,2019-08-04T11:06:26Z,2a334446463c0c30b6183affed3493e5b0fefc5fae3085991b3159ea,60.16829,24.94214,00000000afef4555,20.28
9547,2019-08-04T11:06:26Z,2a80aed2c40e7e70ca12152ac812abd79aa1d13efcec25a6d3395136,60.16762,24.95415,000000006b44cce7,8.38
9548,2019-08-04T11:06:26Z,2c85e4140ca0ba77c3598ceac05eb2c2342409ce8111c863fc58c606,60.16829,24.94214,00000000afef4555,2.54
9549,2019-08-04T11:06:26Z,2ccaeb30423977ff22b6afc29243b861b476a5f4ffafdf200d326d78,60.17002,24.94407,000000006b087f40,17.4
9550,2019-08-04T11:06:26Z,2d0349a4148a147b05e00cd46c137dd208ba2a8ce9327b493615f1a6,60.16829,24.94214,00000000afef4555,13.75
9551,2019-08-04T11:06:26Z,2de87ef94604fb63bec05eefb71b6cdd0b9807f8551159c2a35e7259,60.17065,24.93641,000000000f4919c9,3.4
9552,2019-08-04T11:06:26Z,2e6e6f89a7d75f0742d016de203c9acc8d6f6bdeb7b56bd12f482653,60.15432,24.9211,0000000019fb59c4,21.87
9553,2019-08-04T11:06:26Z,2f83e4cad2d924faecb3def25f54727f3e612bc5040c493dd6eccb1d,60.16897,24.95222,00000000aa852af1,21.87
9554,2019-08-04T11:06:26Z,2fe2e4165984d7880628aec591ce4747f18947da70312e6afca2946b,60.14699,24.922,00000000a53ed894,16.1
9555,2019-08-04T11:06:26Z,30bee351808d5e8082ce012b57f5bc0efc80f8394491a182e0eeee32,60.17919,24.95181,000000007b5207b6,25.36
9556,2019-08-04T11:06:26Z,30e2c525f8832184fad0b47169ed6a3fd60dd6fff1b3bd4077311e16,60.14699,24.922,00000000a53ed894,21.87
9557,2019-08-04T11:06:26Z,3226c88241c6ac9d643c1843f44b6e5ee10df5f15a695e360582a9be,60.16829,24.94214,00000000afef4555,27.28
9558,2019-08-04T11:06:26Z,32f77f5019e5fce30881c214487361e2e34b8c93277f6e546de72012,60.1638,24.96846,00000000d747f075,21.87
9559,2019-08-04T11:06:26Z,33a5da4eacfc49fefa067790c9fada1a86d9793367ded845a46f0779,60.16829,24.94214,00000000afef4555,29.32
9560,2019-08-04T11:06:26Z,3417d8a6b53687e70f126ebeb1d26a2ff6369dc9a551c3c35c5a04f9,60.17002,24.94407,000000006b087f40,21.87
9561,2019-08-04T11:06:26Z,34699a54205d9b4fd19feeac8204c6d0484e5ad4344d698b8206cf9b,60.16829,24.94214,00000000afef4555,16.1
9562,2019-08-04T11:06:26Z,35f337dd3baf0bc08002ec007d609b685ac29bb2a8bcad6783532a6b,60.16829,24.94214,00000000afef4555,16.1
9563,2019-08-04T11:06:26Z,3670a148a52771f0ff5af161725f65b86873c09eea1a7697861c0438,60.14699,24.922,00000000a53ed894,16.1
9564,2019-08-04T11:06:26Z,374083907dd8980893623726af5633afd59b519c885ad12ba5c674eb,60.17002,24.94407,000000006b087f40,12.69
9565,2019-08-04T11:06:26Z,3ac9d056b0f04f774b238a125eb996d46437f7a8c5f6ba6712e971cf,60.17918,24.95141,00000000675d5200,11.7
9566,2019-08-04T11:06:26Z,3b355c039877bd4883845f3fc6ad8dd6f41f170274042f1397585680,60.149,24.9843,00000000fffb8cf0,12.69
9567,2019-08-04T11:06:26Z,3e36420df19c06796a79acdad84551653de9b0132cb0987329f75291,60.16897,24.95222,00000000aa852af1,14.89
9568,2019-08-04T11:06:26Z,3f67c6713a6cca446a46616c9970c7a2ddffb03f21e10c8ea9b2f380,60.16897,24.95222,00000000aa852af1,17.4
9569,2019-08-04T11:06:26Z,3fde075082af3062c2bebc5e09ad55bda3de70b5f492bdfb21f284c9,60.173,24.92524,0000000096918cfa,10.78
9570,2019-08-04T11:06:26Z,3fe4e214448b0c9a8dfbee81c347d82a8f0b26859201fb1d77f40fa9,60.16762,24.95415,000000006b44cce7,10.78
9571,2019-08-04T11:06:26Z,411febba567281e3da6030aa21191fe5efdd090f54aec41ca291563a,60.16897,24.95222,00000000aa852af1,20.28
9572,2019-08-04T11:06:26Z,42d34a6c595760e51052178acc978bdb2b6348e0405f7b58c57f0915,60.16829,24.94214,00000000afef4555,13.75
9573,2019-08-04T11:06:26Z,430556d4eef13a613b121237f9ab54ee052861f79a950f54e0810dab,60.149,24.9843,00000000fffb8cf0,33.81
9574,2019-08-04T11:06:26Z,439ff6b8ff9dc79d47e223164a87fc2d620f29bc7ea1bc7ea4c5cc58,60.16897,24.95222,00000000aa852af1,14.89
9575,2019-08-04T11:06:26Z,44703b8dd01d3bd79585c9c7e12217e1ac152f86e2b0c9ed6be4bc19,60.16544,24.95398,0000000038d83d41,23.56
9576,2019-08-04T11:06:26Z,448f6044c6c095d8c71341a0017dd6746f6e150f03af7c78b794308f,60.16762,24.95415,000000006b44cce7,12.69
9577,2019-08-04T11:06:26Z,465eab28635efe98500085ceb161cf941d02272a0107fbbfb2203c29,60.16829,24.94214,00000000afef4555,20.28
9578,2019-08-04T11:06:26Z,46b576e18e757fc4ec008b41d3c28ec5415a2c2c2f143042e5413137,60.16762,24.95415,000000006b44cce7,13.75
9579,2019-08-04T11:06:26Z,47cd1dcac88434ffdc4b868e7f1d8d8a604700564bc83a7c0a3928be,60.16762,24.95415,000000006b44cce7,7.05
9580,2019-08-04T11:06:26Z,47f787c639f2eed345eb5dca409ffcd989850399a1ab781500dd6e82,60.17918,24.95141,00000000675d5200,5.91
9581,2019-08-04T11:06:26Z,4833b1ea4f519407574f5a838d93a39de28c756c5f53de7ee273b577,60.14947,24.91438,000000004ef3150d,5.91
9582,2019-08-04T11:06:26Z,49084ae4b6419be9e7bb0c9b1420142e07d6ac3c17c07c26895461ed,60.16829,24.94214,00000000afef4555,18.79
9583,2019-08-04T11:06:26Z,4a2286eca689d9c867cfa19d43b9b917d29769b66b9e0a968f6c3859,60.16897,24.95222,00000000aa852af1,25.36
9584,2019-08-04T11:06:26Z,4a54cbed9c373a4136f8851f3f5736eb2fadd5766d316eb5ebbdd231,60.17919,24.95181,000000007b5207b6,8.38
9585,2019-08-04T11:06:26Z,4a912b6c106b63933a8c9cc39598823bcb2c94d4b1cc8a5d55cb3972,60.16829,24.94214,00000000afef4555,14.89
9586,2019-08-04T11:06:26Z,4b5b3e8f2b484bc08b196c265f65c70151bd69f6263318eb29125db2,60.16829,24.94214,00000000afef4555,1.38
9587,2019-08-04T11:06:26Z,4b74ac2c9f09e6f002a9bad80bd3dd1332c9438082ef6c4435eb2d21,60.17002,24.94407,000000006b087f40,27.28
9588,2019-08-04T11:06:26Z,4c23bd637ecb5972928c323594df7193a851651f192690fe9c4b951b,60.17002,24.94407,000000006b087f40,27.28
9589,2019-08-04T11:06:26Z,4cf634fc84e128c3b9bce07a4b726d136e18f0eea4229fdbb48f6db1,60.16897,24.95222,00000000aa852af1,21.87
9590,2019-08-04T11:06:26Z,4d31b0561dbfc9ef5acbd44ba92acb4ca7bad86b948634f005173ece,60.14699,24.922,00000000a53ed894,16.1
9591,2019-08-04T11:06:26Z,4ec1d21263bb826a9d9b2da52c6073f4b5cf86c89894aad36059eaf6,60.16762,24.95415,000000006b44cce7,13.75
9592,2019-08-04T11:06:26Z,4ffda9bbd6aa016c361c57c655ae3b183f2092f142b09474393bf31a,60.149,24.9843,00000000fffb8cf0,36.27
9593,2019-08-04T11:06:26Z,51789c3026ccfe7e846e44fcd833d006941c2789b9693c77df5a7c98,60.16762,24.95415,000000006b44cce7,3.4
9594,2019-08-04T11:06:26Z,52daa31a2b3c1c07f78d96ebb4de3a965da5ef0a8035afbd0f7451fb,60.16531,24.9442,00000000fdda10fe,25.36
9595,2019-08-04T11:06:26Z,52ebd53e0477c70dd129c946d58792e5069c7db14c369581ee07ed33,60.16762,24.95415,000000006b44cce7,13.75
9596,2019-08-04T11:06:26Z,542a405b620e6d166ecc5eadd979b3936d831cea3aa7b75316adb4ca,60.16897,24.95222,00000000aa852af1,13.75
9597,2019-08-04T11:06:26Z,54d53f276563f566e1cd61b100408412cf78b4fe9fcada830aa6e23b,60.14947,24.91438,000000004ef3150d,8.38
9598,2019-08-04T11:06:26Z,5518b2315c236d486c7a5a4fc27c44987672b2f9a0751ffdaa9cbf78,60.16829,24.94214,00000000afef4555,4.94
9599,2019-08-04T11:06:26Z,56318cc7f3616fceec2564cbb1f6ca8b88ea861935a1ada93aafd7b0,60.16897,24.95222,00000000aa852af1,12.69
9600,2019-08-04T11:06:26Z,565a35900ed1794a9d566f6fc12f2710875a10eb7c8e6fa0ddd92626,60.14699,24.922,00000000a53ed894,14.89
9601,2019-08-04T11:06:26Z,571934189bf349efb6f596e76c21612cf9b82ed44913090169936048,60.17065,24.93641,000000000f4919c9,13.75
9602,2019-08-04T11:06:26Z,584cb0b0cdd14e608c8b57c8aecc9826f9b40027e365e2438a444ea2,60.16762,24.95415,000000006b44cce7,9.92
9603,2019-08-04T11:06:26Z,586f70961bf72597ce00f89d3602178ecc6ac8838a8acec48bba7f9f,60.14699,24.922,00000000a53ed894,17.4
9604,2019-08-04T11:06:26Z,58ee8fd47328b1c696ec343920f2c0353d19a915924eb6f6f2638e56,60.16762,24.95415,000000006b44cce7,4.5
9605,2019-08-04T11:06:26Z,5a6d2f34f7f677bf47ee3d08ac1371b3ad3d7f7f027685cf4740ab78,60.16762,24.95415,000000006b44cce7,13.75
9606,2019-08-04T11:06:26Z,5a755f0653ee0e334448418099ed85023db0a9984c280cfbadd74160,60.173,24.92524,0000000096918cfa,18.79
9607,2019-08-04T11:06:26Z,5d9aa6fcb0d81ceaa80ca13cc08a88138be517656646e0ba0942ce46,60.16897,24.95222,00000000aa852af1,9.92
9608,2019-08-04T11:06:26Z,5f448510250c96d2538ae0627acc26b427df1f22afac722b1c802cd4,60.16762,24.95415,000000006b44cce7,17.4
9609,2019-08-04T11:06:26Z,6022019a95573b888ca7b3161da098935ea0ad7793437ee40a32a5f3,60.14699,24.922,00000000a53ed894,18.79
9610,2019-08-04T11:06:26Z,6138e6ab3e1e74425af8945a6fcc294c1469a0b9c448b780bcf9d2e2,60.14699,24.922,00000000a53ed894,13.75
9611,2019-08-04T11:06:26Z,62d86ee13e6ae7a5c41ffc2de746df72d4ef6e8d2b6a51ce1c68965f,60.16829,24.94214,00000000afef4555,6.46
9612,2019-08-04T11:06:26Z,62e27092b58abcaf80564c408d0d4a7b821abaee92dc2f02ccb11e61,60.16762,24.95415,000000006b44cce7,5.41
9613,2019-08-04T11:06:26Z,660f1233dc01b2e0a4fc9254e51c709a0476b2ec6ba6d5399d23dd76,60.16448,24.97323,0000000053c6c2be,20.28
9614,2019-08-04T11:06:26Z,66755836036c771e53ffd9d0dc09b8575231b53b80af22e868691a2a,60.14699,24.922,00000000a53ed894,3.09
9615,2019-08-04T11:06:26Z,6770188bfb70997d029b95fe32bafef6ca944778a3f1a35d0fa674b8,60.16829,24.94214,00000000afef4555,27.28
9616,2019-08-04T11:06:26Z,69852d528034ea6fc746ed8942c32f1c90bc33a7a7317dfac3c9b1c1,60.14699,24.922,00000000a53ed894,6.46
9617,2019-08-04T11:06:26Z,6990b912b53e2278e4a3d421330e44169d05b275ad57d86ff4ad1615,60.14699,24.922,00000000a53ed894,29.32
9618,2019-08-04T11:06:26Z,69d8c906060e226ff0f0f7e78029575f2ee07ebec657a3b641419268,60.14699,24.922,00000000a53ed894,17.4
9619,2019-08-04T11:06:26Z,6a0ef27c461c686b1a51504b40c03c455e047bf9777bf46808e0ca04,60.16762,24.95415,000000006b44cce7,16.1
9620,2019-08-04T11:06:26Z,6a611aaa1fa77baf03191f0143c2a00dd06c9730c67d30c1eb06afcc,60.16762,24.95415,000000006b44cce7,13.75
9621,2019-08-04T11:06:26Z,6ac1903c80e63433e4bc744dc0e801bff647117d38d3753fb9a6a4c1,60.173,24.92524,0000000096918cfa,13.75
9622,2019-08-04T11:06:26Z,6b3836e78400caa9d7373678bf33faf8b137556c7ee47e73251c3e4a,60.14699,24.922,00000000a53ed894,33.81
9623,2019-08-04T11:06:26Z,6c97da4ba9462e7fe786a472989dab23340d31809dd78d5617204da4,60.16829,24.94214,00000000afef4555,12.69
9624,2019-08-04T11:06:26Z,6d7107015847d88db09c55e259c3aae4f1dcc95e5d584f2bd957b113,60.16762,24.95415,000000006b44cce7,13.75
9625,2019-08-04T11:06:26Z,6e2fbf091d5c86667e060d7ec44f48f0f5d7b1d55b1899f2939f247a,60.16762,24.95415,000000006b44cce7,7.05
9626,2019-08-04T11:06:26Z,6e492dbc3f10157e7ff00826a839a97262ab36244ccc57b702a89999,60.16531,24.9442,00000000fdda10fe,13.75
9627,2019-08-04T11:06:26Z,6faf62fbff92729472d61bc9a13a5e72833e55bf713863161f8ca9cb,60.15432,24.9211,0000000019fb59c4,25.36
9628,2019-08-04T11:06:26Z,70ffae2b8178e0915c5de7816f8dd8bcc3af745ee49df8ac4da4adba,60.17918,24.95141,00000000675d5200,27.28
9629,2019-08-04T11:06:26Z,714e80a1e3c0fee43e312f314b2faec47e582ee8dac47e4818dbc2f9,60.149,24.9843,00000000fffb8cf0,14.89
9630,2019-08-04T11:06:26Z,71516fc8349cfaf2b5c4ab80ade6078494d93d13e9953af15e5ced30,60.18203,24.91341,00000000342570c2,17.4
9631,2019-08-04T11:06:26Z,738973c9b5f9882f29075e47ca10e50ba3fb9883da779f41545175f4,60.17919,24.95181,000000007b5207b6,6.46
9632,2019-08-04T11:06:26Z,74c2ec2adc228e5b4979284d730fd2de698242f0f06d90f870b8cde6,60.16762,24.95415,000000006b44cce7,2.8
9633,2019-08-04T11:06:26Z,7563e2805259a5bf1add6d88075dae8642e8c22e0ecce584ac3e01cf,60.16829,24.94214,00000000afef4555,25.36
9634,2019-08-04T11:06:26Z,75dc69a66709d80dc34f816e5b2cbf53ee34b75f4ca9ae28f9ddf14c,60.16762,24.95415,000000006b44cce7,11.7
9635,2019-08-04T11:06:26Z,79249857aa88aacfdce42eef6ed8e8bcca6a4550672e5d4552c120d0,60.16762,24.95415,000000006b44cce7,14.89
9636,2019-08-04T11:06:26Z,79bde23c1a8980f93a65e14306f0d8ea89e164430d8b991e2bfee82e,60.16531,24.9442,00000000fdda10fe,16.1
9637,2019-08-04T11:06:26Z,7a96471c0f2a5b26dc38cc8aa9903b7dcb222a12d81cd73a84570610,60.16629,24.95957,00000000fb7600be,20.28
9638,2019-08-04T11:06:26Z,7c54a2b3743def9287caccd19dc542caf569d06507bbfc885490ac27,60.17918,24.95141,00000000675d5200,23.56
9639,2019-08-04T11:06:26Z,7c55ecf165387948602e82b684a55be093691849fde2d96ad6574475,60.17065,24.93641,000000000f4919c9,9.92
9640,2019-08-04T11:06:26Z,7ddcdde2316659d0fa4b8597b86430e095ea0bc7f3564a9d05fc60f8,60.16897,24.95222,00000000aa852af1,8.38
9641,2019-08-04T11:06:26Z,7de4ba54f0d667a69cb0b6d625856bc6b040f51a42f91beae366a269,60.16762,24.95415,000000006b44cce7,10.78
9642,2019-08-04T11:06:26Z,7eefc5581c616491b78192b28b519ba727dc884a87bc06b8df1ea4f2,60.14699,24.922,00000000a53ed894,8.38
9643,2019-08-04T11:06:26Z,801335ad65308cf097999ba10a4fdc7b1ee0fd38591f64f455144a26,60.149,24.9843,00000000fffb8cf0,38.87
9644,2019-08-04T11:06:26Z,818bf826a20805f91325b634ae02107683c949bcfc7c472917f02db0,60.16762,24.95415,000000006b44cce7,18.79
9645,2019-08-04T11:06:26Z,822590bd49bcf7ed4de4f8389586915c343b29c4283ff8b90d7c1d39,60.17065,24.93641,000000000f4919c9,14.89
9646,2019-08-04T11:06:26Z,82ac749474448abac333d00869cb8b508872f86293913d95eae26a05,60.15432,24.9211,0000000019fb59c4,16.1
9647,2019-08-04T11:06:26Z,82cddd3b9f58762d36efe78da4e2722ee587cfdb3fdbc58b52673082,60.16629,24.95957,00000000fb7600be,18.79
9648,2019-08-04T11:06:26Z,844b8ad6ebf530978d1139d527a681991f4d3eed6be5bc723f0b2192,60.16531,24.9442,00000000fdda10fe,1.12
9649,2019-08-04T11:06:26Z,849d6a476563b352092dcda35e816833b571b7f630e7ff8617d9b7da,60.16829,24.94214,00000000afef4555,23.56
9650,2019-08-04T11:06:26Z,85b440c4e1125b1e2531499de3b19b82ae4b7eabb4d89c63c97fa83b,60.16829,24.94214,00000000afef4555,21.87
9651,2019-08-04T11:06:26Z,87ea10367f1569e575dc4bc60f0f4238eafb52ba8a2cc8e5e4584232,60.16829,24.94214,00000000afef4555,7.69
9652,2019-08-04T11:06:26Z,87f4cf4baea8c5dfe1bc7812cc969574058bd4d2dda215192bcfc53f,60.14699,24.922,00000000a53ed894,3.4
9653,2019-08-04T11:06:26Z,886032718e05487be8bd75bb14464814044c7edd7f9a2198304f6fb4,60.16629,24.95957,00000000fb7600be,17.4
9654,2019-08-04T11:06:26Z,89df1daad350e46d526e113019214d2e1a19d8f48da761bb3583399b,60.16762,24.95415,000000006b44cce7,6.46
9655,2019-08-04T11:06:26Z,8a7f5012c000c420f0a336a3988c72cf2b373818f4f3f369e994d8e4,60.16829,24.94214,00000000afef4555,27.28
9656,2019-08-04T11:06:26Z,8c4e4851db86ec4a3ce29a58be770eb29c38b9a983351bb67d781982,60.16897,24.95222,00000000aa852af1,3.09
9657,2019-08-04T11:06:26Z,8dae8c39d58b18df713713239222f2d512c9e912893f774a8db6a124,60.16629,24.95957,00000000fb7600be,27.28
9658,2019-08-04T11:06:26Z,8ee30fda8736b8e18a2cdb754676659240bc520a57727b9635630f22,60.1538,24.95595,0000000038bf9618,31.5
9659,2019-08-04T11:06:26Z,8f3d9ab893ae4a48fd3417f3a749c21e792779990ae0ad75a8f211de,60.1538,24.95595,0000000038bf9618,27.28
9660,2019-08-04T11:06:26Z,8f7fec0a4f5d4eb0710dd40c356e0c82dbd9360772fade341a50ba37,60.14699,24.922,00000000a53ed894,27.28
9661,2019-08-04T11:06:26Z,90a7a2779a546d0a67f676fbd33964bfec098cc7d3c6617a5c0f6b88,60.16762,24.95415,000000006b44cce7,14.89
9662,2019-08-04T11:06:26Z,90da50922eb335c093783f88d74e12fd3316372c836888bd15b2af1b,60.16762,24.95415,000000006b44cce7,18.79
9663,2019-08-04T11:06:26Z,91602a694bc74a2874ba7f02a7bae062a3a77cd869b86a74800415b8,60.17919,24.95181,000000007b5207b6,21.87
9664,2019-08-04T11:06:26Z,91a797a1f2e6d4f87b08961f305e3c78b59e06f9a3315df8833869f6,60.16629,24.95957,00000000fb7600be,23.56
9665,2019-08-04T11:06:26Z,92df20d921f76c63470e3f5afbe201d3ae15f5133f66c291db796082,60.16629,24.95957,00000000fb7600be,18.79
9666,2019-08-04T11:06:26Z,951482f3e2e41b496e34885c346c4a7ab09427178119caa9b8bbcbb6,60.14947,24.91438,000000004ef3150d,9.92
9667,2019-08-04T11:06:26Z,9558753228fb3007f59382a0595018488e2e7430248f8824a5badb80,60.1638,24.96846,00000000d747f075,23.56
9668,2019-08-04T11:06:26Z,9618703465df0acf2ccedcd7a519bb1146d94e8fb5b310c036a656f0,60.16762,24.95415,000000006b44cce7,16.1
9669,2019-08-04T11:06:26Z,9756e6d443ac39f05cafcc0913fec8b2e5e8a9a752d70b532f34b598,60.16762,24.95415,000000006b44cce7,16.1
9670,2019-08-04T11:06:26Z,998a30ee5f5ff6d2bc9ed04420591e525ded59ad66d09eefa240cc8e,60.16762,24.95415,000000006b44cce7,6.46
9671,2019-08-04T11:06:26Z,998ac46ad73c197bab1f36dca67d8bcaa3aca92249185a5e3715043f,60.17065,24.93641,000000000f4919c9,21.87
9672,2019-08-04T11:06:26Z,99b998b07243afd316e6fa57636b0ab6761b9c2a6f0fe050eae40c08,60.16762,24.95415,000000006b44cce7,6.46
9673,2019-08-04T11:06:26Z,9a49d0b5a67fba15ce8971503f6fea88994b33487a842397c5e8564f,60.16762,24.95415,000000006b44cce7,3.4
9674,2019-08-04T11:06:26Z,9aa588cb6f425117e45726b6b9adb7ef86c8f7c8113b547dc61f068a,60.16897,24.95222,00000000aa852af1,10.78
9675,2019-08-04T11:06:26Z,9ab0a60cb60531417ac6ec5ebc6ef591d2f39019c6b0bcb5a89101a2,60.14699,24.922,00000000a53ed894,10.78
9676,2019-08-04T11:06:26Z,9b24f69458294d27d07a0169665965135fd02f4c953f85bcebf4ba87,60.16762,24.95415,000000006b44cce7,9.92
9677,2019-08-04T11:06:26Z,9b4b0705e58750d2bcbd71ad65d85677f7e77db5dfe69d1a70b5d31f,60.17919,24.95181,000000007b5207b6,13.75
9678,2019-08-04T11:06:26Z,9bc91538b73e0220fcf5cd07290c07d56f6f48d3ba0ba6b6b0876da9,60.17065,24.93641,000000000f4919c9,20.28
9679,2019-08-04T11:06:26Z,9bef562c292174f1eb3933116effff74a8733a78e5c1df140de3fd6c,60.17919,24.95181,000000007b5207b6,4.94
9680,2019-08-04T11:06:26Z,9eb1e9bfdceb76ef852f89ebd82139602125f9731b791465e1c21f81,60.16829,24.94214,00000000afef4555,20.28
9681,2019-08-04T11:06:26Z,9f1920350685b4cb747c535ba3c3dc1cb29587668bd507ab96e5692f,60.16629,24.95957,00000000fb7600be,20.28
9682,2019-08-04T11:06:26Z,a1439b6683d0598c7a05080c3693a17c198f7b8c3297c77324ef4859,60.16829,24.94214,00000000afef4555,6.46
9683,2019-08-04T11:06:26Z,a20a11944d9440f1f8e4ea6262408f673f2a8380c4e13dda1a073d8d,60.16897,24.95222,00000000aa852af1,17.4
9684,2019-08-04T11:06:26Z,a25b897b52089b243421b68349d3f15e60ce8249d11c889a4626bfc7,60.18203,24.91341,00000000342570c2,21.87
9685,2019-08-04T11:06:26Z,a30740fbf4b7e21f6fe2996e9325c90936de161cb2165e87cd96fd35,60.149,24.9843,00000000fffb8cf0,27.28
9686,2019-08-04T11:06:26Z,a3664d77633807788598dd8d4a7ba8caba2c31bfdcb6ba83651d4e7e,60.173,24.92524,0000000096918cfa,31.5
9687,2019-08-04T11:06:26Z,a3c1a4a58b9381c27b1d5076e0d8d72039afccfb0e58438a80247324,60.16762,24.95415,000000006b44cce7,1.54
9688,2019-08-04T11:06:26Z,a44eda7b8ec58e1cd7c078a73c4da7fb0037d59453aa6bfe69b7cbdd,60.16762,24.95415,000000006b44cce7,4.5
9689,2019-08-04T11:06:26Z,a50e0bb8fd1ad4ad264c3246b210a0c6285faae591c1bd2c2c3458af,60.16829,24.94214,00000000afef4555,8.38
9690,2019-08-04T11:06:26Z,a51a9aab75637e56bef3effddc420dfcd95b8cbd85d95917aaac38d5,60.16762,24.95415,000000006b44cce7,16.1
9691,2019-08-04T11:06:26Z,a5835ce352a1e6d8fb6bdc410fae1076c756f7dac8e202465add9277,60.16762,24.95415,000000006b44cce7,8.38
9692,2019-08-04T11:06:26Z,a5d632ac8ffc19a626de034d3c9444fd262ee6edada285c816ea9266,60.16531,24.9442,00000000fdda10fe,7.05
9693,2019-08-04T11:06:26Z,a5f038c127ca4872294d7de2b08e334af618534637cc64bf42a6438d,60.17002,24.94407,000000006b087f40,27.28
9694,2019-08-04T11:06:26Z,a81c19fb85eebf853246cdc4d8e38245dfa5ba15c180eaa1bcc0378d,60.16829,24.94214,00000000afef4555,17.4
9695,2019-08-04T11:06:26Z,a957a23e900be8f2b74cce732a382546c540555383e1439c04f9cce9,60.1538,24.95595,0000000038bf9618,36.27
9696,2019-08-04T11:06:26Z,a98fc06dc605583814a2aa182295b88f81657ef2daeee7aaec792e7c,60.16762,24.95415,000000006b44cce7,3.74
9697,2019-08-04T11:06:26Z,aa4547c0b6b8be30776e08d524ceeacfbc9930ad720e11fa4cb20882,60.16531,24.9442,00000000fdda10fe,1.25
9698,2019-08-04T11:06:26Z,ab1377ddf669bb806f8db586f4ce5ab9f0f4257dda61fe800d8509f5,60.17065,24.93641,000000000f4919c9,20.28
9699,2019-08-04T11:06:26Z,ac4679e3db131ec2ea8e1111c8aa0d71020cf8796ecb11f142478394,60.14947,24.91438,000000004ef3150d,5.91
9700,2019-08-04T11:06:26Z,acb3f63fe0879b2640a9d68a248a15f85777e30652945d7740bb95f4,60.16762,24.95415,000000006b44cce7,14.89
9701,2019-08-04T11:06:26Z,add92af5006cee56f2da79112486b97d5a7c06f12252676b7638064d,60.16762,24.95415,000000006b44cce7,13.75
9702,2019-08-04T11:06:26Z,ae3cda5066e455d4b1e58860e8fb7a35efad69b9964a676b476b0687,60.14947,24.91438,000000004ef3150d,9.92
9703,2019-08-04T11:06:26Z,af871cd90bdae830f68791fede6ef4a2f91a7c928f682971936d755b,60.16829,24.94214,00000000afef4555,25.36
9704,2019-08-04T11:06:26Z,b02a0be9ec3a2bb1acba16daee232202f9a06ac84e0dcc9a80dddf6a,60.16762,24.95415,000000006b44cce7,9.92
9705,2019-08-04T11:06:26Z,b0d6202ccd1560eaf57c06931cb6466332e41068ad2963e515819015,60.17918,24.95141,00000000675d5200,33.81
9706,2019-08-04T11:06:26Z,b2298fc6f63c02481610f9aef24f1a0c1711c255adc43c0fe135c1ca,60.14947,24.91438,000000004ef3150d,14.89
9707,2019-08-04T11:06:26Z,b3266ecf36a984b814e1b2d31b447438bd948a9c116721480104792f,60.16829,24.94214,00000000afef4555,10.78
9708,2019-08-04T11:06:26Z,b45b86eb670eb1db475921496e6d80468f5fe2819bf3eb58f1f58506,60.16762,24.95415,000000006b44cce7,6.46
9709,2019-08-04T11:06:26Z,b4c8900041e9f8751755d3940ceac58419e6370cd81cdb90d7800de1,60.14699,24.922,00000000a53ed894,21.87
9710,2019-08-04T11:06:26Z,b50b3c2006581bccfeaa9ea964649350c7d5b8177baa29a37e628584,60.14947,24.91438,000000004ef3150d,13.75
9711,2019-08-04T11:06:26Z,b5cdbcdc30e0bf653ce353c867708b0067db5e394c8cbe848d978a77,60.14699,24.922,00000000a53ed894,9.12
9712,2019-08-04T11:06:26Z,b5f80d159e59c4558e49ea6fb68f6bc72ee9eb92bee60991bdf4e46f,60.16762,24.95415,000000006b44cce7,10.78
9713,2019-08-04T11:06:26Z,b601cd655bb9f05aa6ec86fc9eb9300c3bc20bc0e856e94ad168a257,60.14947,24.91438,000000004ef3150d,5.41
9714,2019-08-04T11:06:26Z,b67f020b0677cdc52c864f559306fb750cdf47ce2eee6503a3cedb3a,60.16629,24.95957,00000000fb7600be,25.36
9715,2019-08-04T11:06:26Z,b81a9bf449d3e64ad0181804598330bbf305f384b888935023742c79,60.173,24.92524,0000000096918cfa,14.89
9716,2019-08-04T11:06:26Z,b81e65168ea3278486b1c954ab229bc2eda3fe07098e824f05cd0ac4,60.149,24.9843,00000000fffb8cf0,20.28
9717,2019-08-04T11:06:26Z,b9447a524f5b5bf98585b27b92195b09869ee9cd9da3cf8d2b59c57d,60.16829,24.94214,00000000afef4555,17.4
9718,2019-08-04T11:06:26Z,b9518af3996d754e6482a42a26d51867e361046fdca90a5fd443113c,60.16897,24.95222,00000000aa852af1,27.28
9719,2019-08-04T11:06:26Z,ba288a5fd2befbc9ed08e7876ad7cb2bd8bfe6f5756d2ffe8e2dc558,60.17002,24.94407,000000006b087f40,17.4
9720,2019-08-04T11:06:26Z,bbf7d8b9085ddcd3b94f55f93b52cb40a251c44f5df4099ba5b61471,60.16829,24.94214,00000000afef4555,11.7
9721,2019-08-04T11:06:26Z,bc07df8cc395f6f4f5d483b2233caca5f93a6918f346e4cc3702f8cc,60.16531,24.9442,00000000fdda10fe,21.87
9722,2019-08-04T11:06:26Z,bf9ce5791ac57b111f0539859dbf4cadf8b08bde9d823abe44169ccd,60.16762,24.95415,000000006b44cce7,18.79
9723,2019-08-04T11:06:26Z,c012e9e2caf1002d24e53817bb1279becdfc4aa9dba085e93ddd88e9,60.17002,24.94407,000000006b087f40,20.28
9724,2019-08-04T11:06:26Z,c27fee8ae8d689338b043608280c83cfa6f3276d3837ecea5f742dc3,60.16762,24.95415,000000006b44cce7,3.74
9725,2019-08-04T11:06:26Z,c2cc33e5b1b8d254d4bcbc0ffa13c9200676a39a191cc31a38d28d8d,60.17065,24.93641,000000000f4919c9,9.12
9726,2019-08-04T11:06:26Z,c2d88bc74172eb47d26ee5d739980baa7fc011b9973f9f18b482aa81,60.17065,24.93641,000000000f4919c9,18.79
9727,2019-08-04T11:06:26Z,c2e135ad2c160277e290705658ac41d7cd35b11ebf61d829fdd0b428,60.14699,24.922,00000000a53ed894,21.87
9728,2019-08-04T11:06:26Z,c45e3c4e8ec0fc85457d3b4ed4c49ed0116b4cf447e2983f353abcd8,60.16829,24.94214,00000000afef4555,8.38
9729,2019-08-04T11:06:26Z,c4c3ad738ca47920bb66939f620126c87f730c644813158554916827,60.16762,24.95415,000000006b44cce7,8.38
9730,2019-08-04T11:06:26Z,c55894159f2080031cda702c78ee54463c3c15ab1b3638afdf687f08,60.16531,24.9442,00000000fdda10fe,5.41
9731,2019-08-04T11:06:26Z,c579eba896de95131c4cbe66bafd0f641be628aa2ff8f8a4d1f16691,60.16762,24.95415,000000006b44cce7,11.7
9732,2019-08-04T11:06:26Z,c6b0ea433c3fdc73e0bac7e3faa2690506c4e8ec7fc54210446a7ffa,60.14947,24.91438,000000004ef3150d,16.1
9733,2019-08-04T11:06:26Z,c739921adb150c53f1887c6ce887adc6cd7ae7e35e69f6e4dc52fe81,60.173,24.92524,0000000096918cfa,13.75
9734,2019-08-04T11:06:26Z,c7ced11121537f55bcd7d7ab67312226dafe7c85320c5357a35d5ab7,60.17002,24.94407,000000006b087f40,23.56
9735,2019-08-04T11:06:26Z,c8f8a7a901c692af2aec8031d27f0b7efc946f113895771f87fefe1c,60.14947,24.91438,000000004ef3150d,18.79
9736,2019-08-04T11:06:26Z,c990a15d27cfc21e63b7c96b95949254f1194e8b27118386a589e2bd,60.16897,24.95222,00000000aa852af1,21.87
9737,2019-08-04T11:06:26Z,cb37b8fad0bc758cf37d7ea1052f3a98f29282ae37ec635d6eb2c511,60.16762,24.95415,000000006b44cce7,13.75
9738,2019-08-04T11:06:26Z,cca3b7ab9481b9594c8ca118cc4e23e00ece1946a27f37a1a21ace07,60.16829,24.94214,00000000afef4555,17.4
9739,2019-08-04T11:06:26Z,cd7d0e9404c9f4e8fab0742460b9acb4d5bbb97f44df80d4a8b973cd,60.17002,24.94407,000000006b087f40,36.27
9740,2019-08-04T11:06:26Z,cddbfc3b0a1459f0ea8d553779cf320d512cac6e64976182f2f0b3b7,60.16829,24.94214,00000000afef4555,9.92
9741,2019-08-04T11:06:26Z,d04b5065ec93818b731141027d11e6a1cf53de69b9737d7aea0c34da,60.14947,24.91438,000000004ef3150d,16.1
9742,2019-08-04T11:06:26Z,d09310020224f0dde4e9f62595b66c66af964fc07015ab2b416dc932,60.16544,24.95398,0000000038d83d41,31.5
9743,2019-08-04T11:06:26Z,d20f68571773330f7b6490b006b2e952c9912b4ee05e20f0fc434698,60.16629,24.95957,00000000fb7600be,14.89
9744,2019-08-04T11:06:26Z,d22504ed69448b707ae074f5ccd9d0da25e386683d52a8df72481ef9,60.16762,24.95415,000000006b44cce7,17.4
9745,2019-08-04T11:06:26Z,d2b816bfc9982b3f48d8baa389dc18ef7a57d3dcba72567b2865e2e2,60.16762,24.95415,000000006b44cce7,9.12
9746,2019-08-04T11:06:26Z,d2fd0c6415d2d8e49fef3415fb8747b524191b4400a4fbb66428cb12,60.14699,24.922,00000000a53ed894,13.75
9747,2019-08-04T11:06:26Z,d3bad9334d128332fc483e10ef1b77c28e5a75ac55be4de71c6b2f9f,60.16829,24.94214,00000000afef4555,20.28
9748,2019-08-04T11:06:26Z,d4c9ea46d58288bf42808788e668072465d91dd3c874a8a51de5794e,60.16897,24.95222,00000000aa852af1,7.69
9749,2019-08-04T11:06:26Z,d68f1946805ba3d30f9ba25280986fbe003f3b5dce7245b633e0cb5c,60.16762,24.95415,000000006b44cce7,7.69
9750,2019-08-04T11:06:26Z,d6a8c97f1ec18c7a90d3beae358bad67f8d53626258a852e15b08c5d,60.14699,24.922,00000000a53ed894,9.92
9751,2019-08-04T11:06:26Z,d71a315bac918f9a18fcd820731e6d9eb54fb0d01c324ca088ef8858,60.149,24.9843,00000000fffb8cf0,18.79
9752,2019-08-04T11:06:26Z,d815f84ae48488758c6a413083db69302bd4661761296368c86e7721,60.16629,24.95957,00000000fb7600be,27.28
9753,2019-08-04T11:06:26Z,d83c1c2d3a3876c948e277bace6d013eafc0c4e118958e138f8b1257,60.16448,24.97323,0000000053c6c2be,27.28
9754,2019-08-04T11:06:26Z,d86f155736e4d36de5d33bdbb3b12b717b75de44852b93419af20945,60.16829,24.94214,00000000afef4555,7.69
9755,2019-08-04T11:06:26Z,da2398acaae7f39c7b80c220d4e6917bdc7655f4c71b6e36d06cb859,60.18203,24.91341,00000000342570c2,17.4
9756,2019-08-04T11:06:26Z,db45583e1f7aaaf54e100214986dfc86aa755383e86d361639a5b19b,60.16762,24.95415,000000006b44cce7,2.8
9757,2019-08-04T11:06:26Z,db4d3f81708de827ce30c4130610fd65b4d6d451ca5cf6b0c4e745d9,60.16829,24.94214,00000000afef4555,20.28
9758,2019-08-04T11:06:26Z,dc816e92e4a2eceea03f41fc379fda0e3d57b5d0fbd9a06430432022,60.16762,24.95415,000000006b44cce7,9.92
9759,2019-08-04T11:06:26Z,dc82f9648bb5ba21e766e0923f5fa7ca2d77662ab0edbe22a3d95631,60.14699,24.922,00000000a53ed894,6.46
9760,2019-08-04T11:06:26Z,de48adf9d49eb3bc1d61dea4047618f6c77086fc44bd2b535d56504d,60.16762,24.95415,000000006b44cce7,3.74
9761,2019-08-04T11:06:26Z,de71e27b55ef6f2f51f05838a2fcab596f1dd93a14ece5ce4548f5c7,60.14699,24.922,00000000a53ed894,14.89
9762,2019-08-04T11:06:26Z,e081e4b3252ca91bbf1cbb70faa116d60317fbf3a991a67bc99b4bfa,60.149,24.9843,00000000fffb8cf0,13.75
9763,2019-08-04T11:06:26Z,e0859a9c906151023376d86762070f38ba1b3859e671531b0edac6cd,60.16075,24.95883,00000000f1124bca,25.36
9764,2019-08-04T11:06:26Z,e1da87aea335bcd04e4c876158b96ebc7ba4206bc216c3aa27a2f4af,60.17919,24.95181,000000007b5207b6,9.92
9765,2019-08-04T11:06:26Z,e26862fdcdd4688d81b8fe05d1ac94c5f9b3192ddc50d4c66ad12cc1,60.16897,24.95222,00000000aa852af1,27.28
9766,2019-08-04T11:06:26Z,e305610124e16ed1411a221b29ce69a076cc47982efd6c098b0599ab,60.14947,24.91438,000000004ef3150d,14.89
9767,2019-08-04T11:06:26Z,e32e078697e70d6e3cb4b156ada3a4756315227b125615d7b5c116a7,60.16762,24.95415,000000006b44cce7,4.11
9768,2019-08-04T11:06:26Z,e44d7228cecbdb2474e1cc396a6c13943f09c08c19d0ffab1997d509,60.17918,24.95141,00000000675d5200,10.78
9769,2019-08-04T11:06:26Z,e557e164cd52fd817b02cad6587a294d72b0974d9b014ad69ea5e08e,60.17918,24.95141,00000000675d5200,7.05
9770,2019-08-04T11:06:26Z,e568360cebcddeb30a1d066a2f6a2326ac927004214bd11337d804e5,60.16762,24.95415,000000006b44cce7,17.4
9771,2019-08-04T11:06:26Z,e5b9b4813c081a31fb498e7f9adb94918c267dfa125c63790c0d9488,60.149,24.9843,00000000fffb8cf0,1.25
9772,2019-08-04T11:06:26Z,e5e14952bf5e52bf1349479a58c0a97d702585889650948d94767608,60.16448,24.97323,0000000053c6c2be,25.36
9773,2019-08-04T11:06:26Z,e9d59e25b58f33f70aad6832863cb59d7485ca55a1575558f92b74e7,60.16897,24.95222,00000000aa852af1,20.28
9774,2019-08-04T11:06:26Z,ea3eef2f497e934d53c3a02bfa190abb42a24ce200d24c69598dbf84,60.16762,24.95415,000000006b44cce7,8.38
9775,2019-08-04T11:06:26Z,eb261026c6f65b651ddf21bed629a1e164cfb500d0b78062704ec15c,60.16762,24.95415,000000006b44cce7,5.91
9776,2019-08-04T11:06:26Z,eb3dde73e84f5016b5545e9fa2e08d04257ebe448619783f90edcd23,60.16762,24.95415,000000006b44cce7,10.78
9777,2019-08-04T11:06:26Z,eca1a609c675d971fcfba4277d230ccdc2de7805c629b1f5da9cc224,60.173,24.92524,0000000096918cfa,21.87
9778,2019-08-04T11:06:26Z,ecb1735f180422ec69f041cd2782a26c9f07d27a87893b3c30aaa9b7,60.16075,24.95883,00000000f1124bca,3.09
9779,2019-08-04T11:06:26Z,ede13c9dc221bbc6c1daf78250fa6547303c06d7606c05ba0bf64547,60.17918,24.95141,00000000675d5200,2.8
9780,2019-08-04T11:06:26Z,ee58e3183e0967bff106dcd3894f4688accefe5e721043dd70c1f11c,60.16629,24.95957,00000000fb7600be,31.5
9781,2019-08-04T11:06:26Z,ee81051f10987c5f2ca4f2188c2e87df47f035dfdc62842c4671b11c,60.16629,24.95957,00000000fb7600be,27.28
9782,2019-08-04T11:06:26Z,ef15ff71b7dc4c2088249a4fca7e28900ae315245a7a3b4d571bf582,60.16829,24.94214,00000000afef4555,4.5
9783,2019-08-04T11:06:26Z,ef33ccdfcdb12920eabb3306e0f86dc7e6060a5d3864b03e2de7e1ef,60.16897,24.95222,00000000aa852af1,10.78
9784,2019-08-04T11:06:26Z,ef45fdc095ee55730384922266d8fce61de212d3c3df2441ea10e524,60.14947,24.91438,000000004ef3150d,17.4
9785,2019-08-04T11:06:26Z,ef5e495c5f9d3dd9eb22ed5b8faf1cc9e4225d4785ebb26a87d16fff,60.14699,24.922,00000000a53ed894,18.79
9786,2019-08-04T11:06:26Z,f014103201b8ae8f495f8e1e04da3c934079461391d4801ee6c2faaf,60.16762,24.95415,000000006b44cce7,14.89
9787,2019-08-04T11:06:26Z,f11c02cbebb4049a29f10d2ee6aac8a9ca3b7b9609a39d69463461a1,60.17065,24.93641,000000000f4919c9,17.4
9788,2019-08-04T11:06:26Z,f196f5f8c08299d290b3bac1944e00bb1f2c90594db66438b0c10e6e,60.16629,24.95957,00000000fb7600be,12.69
9789,2019-08-04T11:06:26Z,f1d44b9d3710849eba7eab0b6646053378aa5f8ee3491ec2522f3c44,60.14947,24.91438,000000004ef3150d,31.5
9790,2019-08-04T11:06:26Z,f2467c8ede6444941158701b7bd9d005beec9ffdb355ce2d8c7a9bfd,60.149,24.9843,00000000fffb8cf0,20.28
9791,2019-08-04T11:06:26Z,f2657ffae2874f68002fc4b75fb489a255be88015f067e2cf500da8d,60.16762,24.95415,000000006b44cce7,21.87
9792,2019-08-04T11:06:26Z,f43b8b2cf2c0bd291543858796d75b211d283ab73dcab5ad5dfd0aeb,60.16897,24.95222,00000000aa852af1,10.78
9793,2019-08-04T11:06:26Z,f4d26ae126823696432a1ee8b64c4597c5718078c834460cde5746ad,60.16897,24.95222,00000000aa852af1,23.56
9794,2019-08-04T11:06:26Z,f5ffa3dbcdd5592ac31344cb04a7a6d639109a4d6e196fa0df3990dd,60.17065,24.93641,000000000f4919c9,31.5
9795,2019-08-04T11:06:26Z,f616fbd0fde8316049c3068ae4368dc9f486f8da4bf5516e9ba82578,60.16897,24.95222,00000000aa852af1,14.89
9796,2019-08-04T11:06:26Z,f6a67ff84820eaf13cebbf7255a83e978a07b3389f0ffda20b5842c7,60.14699,24.922,00000000a53ed894,20.28
9797,2019-08-04T11:06:26Z,f78ef2ddbe48b534137498eab56c0a55ec0e0b1d8868e82cb5652a0e,60.14699,24.922,00000000a53ed894,11.7
9798,2019-08-04T11:06:26Z,fbd28054e4a5478c8ca06f4d682405d1c59bef4853cad413ecb58d13,60.14699,24.922,00000000a53ed894,16.1
9799,2019-08-04T11:06:26Z,fbea754bd1d1bd41d31d255adcdfb67b3b4c052fc59db33eb47c25b4,60.16897,24.95222,00000000aa852af1,27.28
9800,2019-08-04T11:06:26Z,fbf0176e60ced4c60a0ce38b552849357a4eb7164fd06f5f4daa6936,60.16762,24.95415,000000006b44cce7,18.79
9801,2019-08-04T11:06:26Z,ffb7319984ecae155652e100da9b204f0b92f3b6c7239cfea4dcf966,60.14699,24.922,00000000a53ed894,9.92
9802,2019-08-04T11:06:27Z,004c3624f943830bc6a9f17173a2cd0996622cade5184ad2b9fba729,60.16897,24.95222,00000000aa852af1,9.12
9803,2019-08-04T11:06:27Z,03e0fc996a589ccdf1871b3c78e089c08c93ba1f2a02d740fb384aac,60.16531,24.9442,00000000fdda10fe,29.32
9804,2019-08-04T11:06:27Z,048a4191e2e9ce1733556eda54c4123345c70aeced0f8ecf7d52b916,60.14699,24.922,00000000a53ed894,17.4
9805,2019-08-04T11:06:27Z,05103967ab0ced9b2339d6cf2c2971af426aeffb8c8519b244e5cc77,60.16762,24.95415,000000006b44cce7,13.75
9806,2019-08-04T11:06:27Z,09ddbf38333e76a79fd836112bd8c3f8bf7f3dadfb3d49945ad4c486,60.16897,24.95222,00000000aa852af1,5.91
9807,2019-08-04T11:06:27Z,1142f5b6806b1ec7d8d47d47013eb530d8a7418f6934d8867b20966a,60.16829,24.94214,00000000afef4555,20.28
9808,2019-08-04T11:06:27Z,128f1b89d7a534aa206a7823b692594bbd4d349761baa04c0fc72f2c,60.14947,24.91438,000000004ef3150d,11.7
9809,2019-08-04T11:06:27Z,14c7e1511b70f4dd3359cbece1377aebb4d70531f5489eefe53d7c3c,60.16544,24.95398,0000000038d83d41,23.56
9810,2019-08-04T11:06:27Z,165ebbb4090d47319ae370f0d0854fdc1f6b79499f8b2e4d3c3533c0,60.16544,24.95398,0000000038d83d41,27.28
9811,2019-08-04T11:06:27Z,16c994bb2e24124a910c247376d16e980a65626a94c4c0aaab27df60,60.16829,24.94214,00000000afef4555,18.79
9812,2019-08-04T11:06:27Z,198d6432c579dae0d7ddda6591eb377ca6c01888de802f89ab84b98a,60.16544,24.95398,0000000038d83d41,25.36
9813,2019-08-04T11:06:27Z,25a7ff811c3c06e426c7c2cbb0433d9a2a3399b23afecbd35584ab0f,60.18203,24.91341,00000000342570c2,9.12
9814,2019-08-04T11:06:27Z,29016fc5853bb802e42e93eb5fd98882d64029327d793a2f2335b9e4,60.16829,24.94214,00000000afef4555,5.41
9815,2019-08-04T11:06:27Z,32dd92b5a658392a4ec84eaf95152ee72258b6b0fb670b97882ac902,60.16829,24.94214,00000000afef4555,7.05
9816,2019-08-04T11:06:27Z,3fe5f4ccfa5c777ceafda0674d7c9da6f509f6694b4c2fa254b32e73,60.16897,24.95222,00000000aa852af1,13.75
9817,2019-08-04T11:06:27Z,434e74155ec054f1bb6122a7ec736a48a27c6f4111995c3f2bb03897,60.17065,24.93641,000000000f4919c9,21.87
9818,2019-08-04T11:06:27Z,43b676ed3aef4c2d8846694817e76117873be52e7f788e0cb366c1c4,60.16629,24.95957,00000000fb7600be,23.56
9819,2019-08-04T11:06:27Z,44d0b94469070803869f229601e877beb613c3f5aafa009addf97a1a,60.16544,24.95398,0000000038d83d41,25.36
9820,2019-08-04T11:06:27Z,5d65719c4cbf045f068d084b72302f447d5fd034413d97d13be00d0e,60.18203,24.91341,00000000342570c2,18.79
9821,2019-08-04T11:06:27Z,69219e9efa41ae9e732653e9eaf08e1a34cb853a9dafe76ddeea4d04,60.16897,24.95222,00000000aa852af1,18.79
9822,2019-08-04T11:06:27Z,6a70e2fbced719333e21eff04fcb9cb36bae9a04d1a3d6ddd96f2c58,60.15432,24.9211,0000000019fb59c4,5.91
9823,2019-08-04T11:06:27Z,85ef35aecf2ff804be3d958b592705ec41c6df9c128c132c65bb283d,60.16897,24.95222,00000000aa852af1,20.28
9824,2019-08-04T11:06:27Z,87dfaad29a9276ddddb1fa021d3bc23ad14824c1af16f7d87e713689,60.14951,24.92138,0000000006dd41f6,10.78
9825,2019-08-04T11:06:27Z,88808fe92573e9cdf022cc15b9689b6b4b9429f60513c8897b0ba4c7,60.16897,24.95222,00000000aa852af1,14.89
9826,2019-08-04T11:06:27Z,8c3b1ed0846e38cc84b863a80540c8a75bfd85c8bdda36563d153110,60.16544,24.95398,0000000038d83d41,23.56
9827,2019-08-04T11:06:27Z,8c75c3289c84fe4493e1e272a77b615fe1985880c5dc68a7c1a17b53,60.16762,24.95415,000000006b44cce7,13.75
9828,2019-08-04T11:06:27Z,92a4351b20078e469332532ec495e838559c62590b166cce41762939,60.16897,24.95222,00000000aa852af1,23.56
9829,2019-08-04T11:06:27Z,92aae21a6e0dd2ff71fc591b64e878502bd4677b64ac413632e9f7c6,60.149,24.9843,00000000fffb8cf0,16.1
9830,2019-08-04T11:06:27Z,9843c6216661048343a0e49cf3d8aa2883cf77f452666a1c873a1052,60.16448,24.97323,0000000053c6c2be,11.7
9831,2019-08-04T11:06:27Z,9992834418850939882f3b334eee492eb98d4f9d6d6118f9ee108793,60.16762,24.95415,000000006b44cce7,8.38
9832,2019-08-04T11:06:27Z,9c8556ea519835172f09c20e7688066eeec8e7f74a0c6fa3df3d9c5f,60.16829,24.94214,00000000afef4555,25.36
9833,2019-08-04T11:06:27Z,9fc0711d7e7722eff7faa0cb6f17846680c06515c1eb93dd49ebcf25,60.14699,24.922,00000000a53ed894,17.4
9834,2019-08-04T11:06:27Z,a01fa9091a190537108f7d85ca6b54b023828292d6ed65ab0b3c5619,60.14699,24.922,00000000a53ed894,18.79
9835,2019-08-04T11:06:27Z,a13e5d46f0a2d1c6b58878e1b198905e9b14e3a85b5e4adab88b4b87,60.16762,24.95415,000000006b44cce7,9.92
9836,2019-08-04T11:06:27Z,a3a31741155775d55b54ebdadfeb5700066d864d782da9cdd605349c,60.14951,24.92138,0000000006dd41f6,36.27
9837,2019-08-04T11:06:27Z,b936e41d8712ae967f3ebb413fc44f060bb10613f95537757886ede2,60.16762,24.95415,000000006b44cce7,20.28
9838,2019-08-04T11:06:27Z,bca443064699e0ac05c40e587aef06d7fd580817e739133a501490bc,60.14699,24.922,00000000a53ed894,20.28
9839,2019-08-04T11:06:27Z,bedde70080278440cf33f510482f5dbd45ad8321fdcb248b929437f7,60.16762,24.95415,000000006b44cce7,12.69
9840,2019-08-04T11:06:27Z,c40c37def6bf11a63a2556519a7c6233fd417cdeea2cf14f28e7c42c,60.16531,24.9442,00000000fdda10fe,25.36
9841,2019-08-04T11:06:27Z,cd2c2ce2425879ac455c812073aa8025c7bac76df380e4793edab46d,60.16829,24.94214,00000000afef4555,29.32
9842,2019-08-04T11:06:27Z,ce197d5eedb5498917afe7ca3f7275ffeb191f0c5d050bffa154c1d2,60.16531,24.9442,00000000fdda10fe,25.36
9843,2019-08-04T11:06:27Z,cf05623e4d87ce0906c0b0b7dbf53aacc1228016cd27c341228b6e76,60.18203,24.91341,00000000342570c2,18.79
9844,2019-08-04T11:06:27Z,cfc0bedb78ded52749db3188cb188bf6a250ef5990da9c5afa9623fc,60.14951,24.92138,0000000006dd41f6,23.56
9845,2019-08-04T11:06:27Z,dbeb00942457ba3c5fb1984b57b1dedb268c0e761e80729b939f1fd8,60.16544,24.95398,0000000038d83d41,27.28
9846,2019-08-04T11:06:27Z,e224ae5ea47af2e3048f83b13a1f45dc135c0ca6be72547b01729086,60.1538,24.95595,0000000038bf9618,20.28
9847,2019-08-04T11:06:27Z,e8e366e76c97944e23c0f80b4fd3ce6e5832744922297146a49f0c7e,60.16762,24.95415,000000006b44cce7,14.89
9848,2019-08-04T11:06:27Z,ed70dda6b7faebd4340dacdb452ab224d9d3c308df417b7fa76f54e8,60.14951,24.92138,0000000006dd41f6,21.87
9849,2019-08-04T11:06:27Z,f088630d7476dae7d4b7e2bb1f10575f2c89acb4b6e061f3d57c2b40,60.16531,24.9442,00000000fdda10fe,33.81
9850,2019-08-04T11:06:27Z,f30a5193aa7850aac581b8dd71512a8712c96f36fdef78d8292d4788,60.16762,24.95415,000000006b44cce7,4.11
9851,2019-08-04T11:06:27Z,f31cfded6f566f9c032c80c52ea642407be312c5d42521ab7a8d3e2a,60.16897,24.95222,00000000aa852af1,27.28
9852,2019-08-04T11:06:27Z,fc4f3a44235f1cfc7b53f14ba2da599976a5a0a220d23b852688e485,60.17919,24.95181,000000007b5207b6,7.69
9853,2019-08-04T11:06:27Z,0043f38f4fb6545d7c033c9a8f8c18106aa0c2c841f28a15dd722e9d,60.14699,24.922,00000000a53ed894,13.75
9854,2019-08-04T11:06:27Z,007540b1ada16f6000987e20cd81a3deb18b2aea4cb95b50e099dcee,60.17065,24.93641,000000000f4919c9,21.87
9855,2019-08-04T11:06:27Z,0236a1d5b9b9d2249407a79705eee38de360ceb0530a8959ba5bc15b,60.149,24.9843,00000000fffb8cf0,20.28
9856,2019-08-04T11:06:27Z,02a354db29cd5bc16976a9d933e03a41be350f9cc78098829a7dcfd4,60.14947,24.91438,000000004ef3150d,18.79
9857,2019-08-04T11:06:27Z,0656a0c0a353f164b57fbdd9e648d71fab429964d97ed07ab2c5dc30,60.18203,24.91341,00000000342570c2,12.69
9858,2019-08-04T11:06:27Z,07d9aa9fe10e58c26960ba10eb2f13607a7cea0226acaecbdcc52508,60.16762,24.95415,000000006b44cce7,7.69
9859,2019-08-04T11:06:27Z,096c3b0de1dab1407cd4d3330546404c0d62ce025924420496380f89,60.16762,24.95415,000000006b44cce7,10.78
9860,2019-08-04T11:06:27Z,0a949aafc0be15c68d73a5dd186d726aa6b921f44303a712ac6ddcb8,60.16762,24.95415,000000006b44cce7,5.91
9861,2019-08-04T11:06:27Z,0b45b52bc137c31ce83561c857f809296ec70f5537976a4a4d573d4f,60.16829,24.94214,00000000afef4555,17.4
9862,2019-08-04T11:06:27Z,0b49dcea1b7eab22f4ebd0c7666ded5b59fe092b8bdd4aa9eda6326d,60.16762,24.95415,000000006b44cce7,2.8
9863,2019-08-04T11:06:27Z,0c959027ce302054b09087cac97a83aa7e24fb9e4fa2710763f912cb,60.16829,24.94214,00000000afef4555,3.4
9864,2019-08-04T11:06:27Z,0d2490ed58c11eb4a754a30cc4bcb21c7243d322a2caf7cc360e4e8c,60.17065,24.93641,000000000f4919c9,20.28
9865,2019-08-04T11:06:27Z,0e1fac068e905121e354702292780affb6635905cc36872878ff79ce,60.17002,24.94407,000000006b087f40,23.56
9866,2019-08-04T11:06:27Z,0e9170bc93107bf16cd12839eca9ea157f19169d66085e8a435b0f1d,60.16762,24.95415,000000006b44cce7,2.3
9867,2019-08-04T11:06:27Z,0faa253a4e641c9d727af99f3444f6c6963b4f0aa4a83564558e1d0d,60.16829,24.94214,00000000afef4555,25.36
9868,2019-08-04T11:06:27Z,1107822441d53ff89eb9cb0d022a37202aed47bd82dca4bc175d6837,60.16762,24.95415,000000006b44cce7,12.69
9869,2019-08-04T11:06:27Z,116e59da308964e8eb82cb6e5a758aad726ec3800f0fa17bc661e8fe,60.16762,24.95415,000000006b44cce7,9.92
9870,2019-08-04T11:06:27Z,117b6ba38be2f875c85c9c048106db4d2dbce58629a807d7d7773b6c,60.16762,24.95415,000000006b44cce7,11.7
9871,2019-08-04T11:06:27Z,118cffafccf902fa0dea50f220191f4eb7938f02c841bd3952fa3484,60.16762,24.95415,000000006b44cce7,10.78
9872,2019-08-04T11:06:27Z,131e957246fc0b45d57e5b4089db7d6a4efaa84772af906d65b45c63,60.17002,24.94407,000000006b087f40,29.32
9873,2019-08-04T11:06:27Z,1327ce24f157334f864f913637993c80380ce5f5c911e4b0d31c5eb7,60.149,24.9843,00000000fffb8cf0,4.11
9874,2019-08-04T11:06:27Z,135b81a7a5a9dd70569656553c100af6fdc760bcf92d9b7b48261cb1,60.16897,24.95222,00000000aa852af1,27.28
9875,2019-08-04T11:06:27Z,1374f31e71652faf3e69316a295c22d59e560f15e35f42b003a89222,60.14699,24.922,00000000a53ed894,21.87
9876,2019-08-04T11:06:27Z,1556d4a76070c26554efa12b4b9c53766a4cc394e8b74ee37f2fff65,60.17065,24.93641,000000000f4919c9,31.5
9877,2019-08-04T11:06:27Z,169c77f0d714e38eb1e798b14fa42ce3fefb0ec1d6f9e93a38a872f1,60.16762,24.95415,000000006b44cce7,7.05
9878,2019-08-04T11:06:27Z,17b39c4376c28dc9e1c1221de9d5037abfea5d59d30cdd48208fc3a8,60.16762,24.95415,000000006b44cce7,13.75
9879,2019-08-04T11:06:27Z,182e58bd6c3c8d836225d454a878bc55d8ed5166564a22f8b635f6ff,60.14947,24.91438,000000004ef3150d,17.4
9880,2019-08-04T11:06:27Z,1921be9815a57f11f291ca085add7b4bf1d044518b03b725df7cf7d5,60.149,24.9843,00000000fffb8cf0,13.75
9881,2019-08-04T11:06:27Z,19db84758eba08a5f9bb56b0ff91d05286765c8e8dfa31bd0b2aaa1c,60.14947,24.91438,000000004ef3150d,21.87
9882,2019-08-04T11:06:27Z,19dea4c3ae877a795efafae81ed8314e19403c36db7042e4e2b2241b,60.16762,24.95415,000000006b44cce7,17.4
9883,2019-08-04T11:06:27Z,1a06b5f7f305badd45e93db9d86d76ed3a2a96ec55ec47c836921e3e,60.16762,24.95415,000000006b44cce7,9.12
9884,2019-08-04T11:06:27Z,1a623175e52f0b1da44bc24027c8d374dbd7710157b6a78e417b7cda,60.16762,24.95415,000000006b44cce7,17.4
9885,2019-08-04T11:06:27Z,1a9a0f74c353624c42c19c007e82c9c2547b7285d8353d0e375e3f05,60.14699,24.922,00000000a53ed894,5.91
9886,2019-08-04T11:06:27Z,1c38009e9b89bd8b0d6744bf54ebae9a8ad2dc2868cdfc3f2e399509,60.16829,24.94214,00000000afef4555,9.92
9887,2019-08-04T11:06:27Z,1c8c3befa38b65f707dd4933a68e5e3c9e7c82592fd382779127416b,60.16897,24.95222,00000000aa852af1,21.87
9888,2019-08-04T11:06:27Z,1ce242f8d8220cd38bf3ea9138c99ae9b2f79b28e68edb864f090ec9,60.149,24.9843,00000000fffb8cf0,8.38
9889,2019-08-04T11:06:27Z,1de509b10ed308796e82bb0f51f17f68e2fdfbcc3d6bed69c40eb7fd,60.173,24.92524,0000000096918cfa,21.87
9890,2019-08-04T11:06:27Z,1fa2c533bba37b249a0105001153733e67a559d40c22cab67f135f64,60.14947,24.91438,000000004ef3150d,16.1
9891,2019-08-04T11:06:27Z,21409ab0d30ff4570e66691b5e33d5f39735ac96d850dadcbe20ee0a,60.14699,24.922,00000000a53ed894,18.79
9892,2019-08-04T11:06:27Z,21e1b0aebd1c050ac0463a0269b847e7e94b782ed10399e5e749817f,60.16829,24.94214,00000000afef4555,21.87
9893,2019-08-04T11:06:27Z,227b93698b29687beea48184f42aab63a21fa362af7251be32db2e15,60.16531,24.9442,00000000fdda10fe,2.8
9894,2019-08-04T11:06:27Z,23f10190151386d4050571cb299410bc0285ed980b0a00f088e01cf0,60.16762,24.95415,000000006b44cce7,11.7
9895,2019-08-04T11:06:27Z,2535cb5c89ec66044a005b03dd769ca8d0022164a816c06db0e49892,60.16762,24.95415,000000006b44cce7,4.5
9896,2019-08-04T11:06:27Z,2671a156fa8d8bb05970481c8f83bcf9f261f73dae27f2bb9ac88aeb,60.14699,24.922,00000000a53ed894,23.56
9897,2019-08-04T11:06:27Z,26a4ff30aad95332c4b603e9e728a10486413889de9d2c4573524923,60.14699,24.922,00000000a53ed894,18.79
9898,2019-08-04T11:06:27Z,27052b4dc21318eee25b7afdbe088c8d15e13ec11ac339166b209e58,60.18203,24.91341,00000000342570c2,21.87
9899,2019-08-04T11:06:27Z,2724e42551f43106ea58a8fcc6a43953baa1294cd65e17a90012f706,60.17065,24.93641,000000000f4919c9,0.5
9900,2019-08-04T11:06:27Z,28741c2e5e348fe81dec0518a21c0930c98a25b6fcece61a262d50de,60.14699,24.922,00000000a53ed894,17.4
9901,2019-08-04T11:06:27Z,2977d3c4f181abb6662adf1d466a62167e2690a9c94dc53e5aa6a904,60.16762,24.95415,000000006b44cce7,7.05
9902,2019-08-04T11:06:27Z,29f5adc4d67413b7d368e8e94a41cf48339e3f5f0903f660170c4fe8,60.17919,24.95181,000000007b5207b6,18.79
9903,2019-08-04T11:06:27Z,2a334446463c0c30b6183affed3493e5b0fefc5fae3085991b3159ea,60.16829,24.94214,00000000afef4555,20.28
9904,2019-08-04T11:06:27Z,2af353f8c54bb0d9e6ff34e08578e5263b7fac68ab82cf9559293cb9,60.16544,24.95398,0000000038d83d41,20.28
9905,2019-08-04T11:06:27Z,2c85e4140ca0ba77c3598ceac05eb2c2342409ce8111c863fc58c606,60.16829,24.94214,00000000afef4555,9.92
9906,2019-08-04T11:06:27Z,2d0349a4148a147b05e00cd46c137dd208ba2a8ce9327b493615f1a6,60.16829,24.94214,00000000afef4555,8.38
9907,2019-08-04T11:06:27Z,2de87ef94604fb63bec05eefb71b6cdd0b9807f8551159c2a35e7259,60.17065,24.93641,000000000f4919c9,9.12
9908,2019-08-04T11:06:27Z,2e6e6f89a7d75f0742d016de203c9acc8d6f6bdeb7b56bd12f482653,60.15432,24.9211,0000000019fb59c4,9.92
9909,2019-08-04T11:06:27Z,303e51dd6e5cca35a9f9f76fbe8ef97bd64a9dc6b4e965b1f74ca279,60.14699,24.922,00000000a53ed894,29.32
9910,2019-08-04T11:06:27Z,30bee351808d5e8082ce012b57f5bc0efc80f8394491a182e0eeee32,60.17919,24.95181,000000007b5207b6,29.32
9911,2019-08-04T11:06:27Z,31659a798f1d780d587f07390c038a78fafa6cabb8180dba635863ce,60.17002,24.94407,000000006b087f40,25.36
9912,2019-08-04T11:06:27Z,3226c88241c6ac9d643c1843f44b6e5ee10df5f15a695e360582a9be,60.16829,24.94214,00000000afef4555,21.87
9913,2019-08-04T11:06:27Z,32f77f5019e5fce30881c214487361e2e34b8c93277f6e546de72012,60.1638,24.96846,00000000d747f075,25.36
9914,2019-08-04T11:06:27Z,33a5da4eacfc49fefa067790c9fada1a86d9793367ded845a46f0779,60.16829,24.94214,00000000afef4555,14.89
9915,2019-08-04T11:06:27Z,3417d8a6b53687e70f126ebeb1d26a2ff6369dc9a551c3c35c5a04f9,60.17002,24.94407,000000006b087f40,13.75
9916,2019-08-04T11:06:27Z,35f337dd3baf0bc08002ec007d609b685ac29bb2a8bcad6783532a6b,60.16829,24.94214,00000000afef4555,20.28
9917,2019-08-04T11:06:27Z,3670a148a52771f0ff5af161725f65b86873c09eea1a7697861c0438,60.14699,24.922,00000000a53ed894,18.79
9918,2019-08-04T11:06:27Z,374083907dd8980893623726af5633afd59b519c885ad12ba5c674eb,60.17002,24.94407,000000006b087f40,16.1
9919,2019-08-04T11:06:27Z,38561a086c97342a24583c26b33205da50e3e973a8147fe016a4a9ff,60.16829,24.94214,00000000afef4555,18.79
9920,2019-08-04T11:06:27Z,386dea4944e0b83648b4b6faf510fd47b0e9e29a2bb9311fe8a80ee2,60.17918,24.95141,00000000675d5200,8.38
9921,2019-08-04T11:06:27Z,3ac85712ab657e849113d439795c4e7325d1025cacdbd9a41174b031,60.17002,24.94407,000000006b087f40,14.89
9922,2019-08-04T11:06:27Z,3ac9d056b0f04f774b238a125eb996d46437f7a8c5f6ba6712e971cf,60.17919,24.95181,000000007b5207b6,20.28
9923,2019-08-04T11:06:27Z,3b355c039877bd4883845f3fc6ad8dd6f41f170274042f1397585680,60.149,24.9843,00000000fffb8cf0,23.56
9924,2019-08-04T11:06:27Z,3b5030adc7c303403a6333a1a6d35474c2f21c1d20ece72180660423,60.14947,24.91438,000000004ef3150d,10.78
9925,2019-08-04T11:06:27Z,3d30fee9b8d261e48f2751481d420879a4ae47073273d8ad4c3ffcda,60.16762,24.95415,000000006b44cce7,8.38
9926,2019-08-04T11:06:27Z,3e36420df19c06796a79acdad84551653de9b0132cb0987329f75291,60.16897,24.95222,00000000aa852af1,25.36
9927,2019-08-04T11:06:27Z,3f5d3aed90718f7fb8e8a13ac7002718cc22cbe190beb96821ba52e6,60.17065,24.93641,000000000f4919c9,18.79
9928,2019-08-04T11:06:27Z,3fde075082af3062c2bebc5e09ad55bda3de70b5f492bdfb21f284c9,60.173,24.92524,0000000096918cfa,7.69
9929,2019-08-04T11:06:27Z,3fe4e214448b0c9a8dfbee81c347d82a8f0b26859201fb1d77f40fa9,60.16762,24.95415,000000006b44cce7,10.78
9930,2019-08-04T11:06:27Z,40d64df305477f26745a445a97098d36570a8e02616b93a3f562bb21,60.16629,24.95957,00000000fb7600be,25.36
9931,2019-08-04T11:06:27Z,411febba567281e3da6030aa21191fe5efdd090f54aec41ca291563a,60.16897,24.95222,00000000aa852af1,20.28
9932,2019-08-04T11:06:27Z,42d34a6c595760e51052178acc978bdb2b6348e0405f7b58c57f0915,60.16829,24.94214,00000000afef4555,9.92
9933,2019-08-04T11:06:27Z,439ff6b8ff9dc79d47e223164a87fc2d620f29bc7ea1bc7ea4c5cc58,60.16897,24.95222,00000000aa852af1,13.75
9934,2019-08-04T11:06:27Z,44703b8dd01d3bd79585c9c7e12217e1ac152f86e2b0c9ed6be4bc19,60.16544,24.95398,0000000038d83d41,25.36
9935,2019-08-04T11:06:27Z,448f6044c6c095d8c71341a0017dd6746f6e150f03af7c78b794308f,60.16762,24.95415,000000006b44cce7,10.78
9936,2019-08-04T11:06:27Z,44cd8828dd4aa11ea599139af3d3aafbcd09ca0c2558f26ed1c72e17,60.14699,24.922,00000000a53ed894,20.28
9937,2019-08-04T11:06:27Z,44d01b24bde0f8031d7cf15bb66e661ad9bd92807f3213fabf920fa1,60.16762,24.95415,000000006b44cce7,8.38
9938,2019-08-04T11:06:27Z,465eab28635efe98500085ceb161cf941d02272a0107fbbfb2203c29,60.16829,24.94214,00000000afef4555,17.4
9939,2019-08-04T11:06:27Z,47cd1dcac88434ffdc4b868e7f1d8d8a604700564bc83a7c0a3928be,60.16762,24.95415,000000006b44cce7,4.94
9940,2019-08-04T11:06:27Z,47eccbfb2db7bb200aacfdad7243168bd30714cc78da342bbe53df7b,60.16629,24.95957,00000000fb7600be,27.28
9941,2019-08-04T11:06:27Z,47f787c639f2eed345eb5dca409ffcd989850399a1ab781500dd6e82,60.17919,24.95181,000000007b5207b6,9.12
9942,2019-08-04T11:06:27Z,4800d49ec59e1cde34360defcce4c2a0c6a58919303c1fe6fdebceec,60.16762,24.95415,000000006b44cce7,10.78
9943,2019-08-04T11:06:27Z,4833b1ea4f519407574f5a838d93a39de28c756c5f53de7ee273b577,60.14947,24.91438,000000004ef3150d,8.38
9944,2019-08-04T11:06:27Z,49b391c05bd4e5231579392d798036a0139a8ea4e4d4509a7cb3901f,60.16829,24.94214,00000000afef4555,21.87
9945,2019-08-04T11:06:27Z,49d6f6bd5878bfac30a67fe92d1501b5b09cab38ab2b35b661902f0d,60.14947,24.91438,000000004ef3150d,29.32
9946,2019-08-04T11:06:27Z,4a2286eca689d9c867cfa19d43b9b917d29769b66b9e0a968f6c3859,60.16897,24.95222,00000000aa852af1,18.79
9947,2019-08-04T11:06:27Z,4a54cbed9c373a4136f8851f3f5736eb2fadd5766d316eb5ebbdd231,60.17919,24.95181,000000007b5207b6,9.12
9948,2019-08-04T11:06:27Z,4a912b6c106b63933a8c9cc39598823bcb2c94d4b1cc8a5d55cb3972,60.16829,24.94214,00000000afef4555,18.79
9949,2019-08-04T11:06:27Z,4ae4a5331747d994953667cd06d4c999d9cf71885574c3cc473620f8,60.16897,24.95222,00000000aa852af1,25.36
9950,2019-08-04T11:06:27Z,4b5b3e8f2b484bc08b196c265f65c70151bd69f6263318eb29125db2,60.16829,24.94214,00000000afef4555,1.54
9951,2019-08-04T11:06:27Z,4c23bd637ecb5972928c323594df7193a851651f192690fe9c4b951b,60.17002,24.94407,000000006b087f40,29.32
9952,2019-08-04T11:06:27Z,4cf634fc84e128c3b9bce07a4b726d136e18f0eea4229fdbb48f6db1,60.16897,24.95222,00000000aa852af1,10.78
9953,2019-08-04T11:06:27Z,4d31b0561dbfc9ef5acbd44ba92acb4ca7bad86b948634f005173ece,60.14699,24.922,00000000a53ed894,16.1
9954,2019-08-04T11:06:27Z,4f64a0a452cd28e15e79c60cbb361761817de946431b04ad87c6d513,60.16897,24.95222,00000000aa852af1,25.36
9955,2019-08-04T11:06:27Z,52daa31a2b3c1c07f78d96ebb4de3a965da5ef0a8035afbd0f7451fb,60.16531,24.9442,00000000fdda10fe,14.89
9956,2019-08-04T11:06:27Z,538f05c49f43aea0fda8bfcfd03d1ac2fc05b55d83fda538cd91e2a4,60.16762,24.95415,000000006b44cce7,14.89
9957,2019-08-04T11:06:27Z,541f330d2ded03609f551d02b8149da9cd07ee36aeee630f8fc9de8c,60.14699,24.922,00000000a53ed894,16.1
9958,2019-08-04T11:06:27Z,542a405b620e6d166ecc5eadd979b3936d831cea3aa7b75316adb4ca,60.16897,24.95222,00000000aa852af1,12.69
9959,2019-08-04T11:06:27Z,54d53f276563f566e1cd61b100408412cf78b4fe9fcada830aa6e23b,60.14947,24.91438,000000004ef3150d,9.92
9960,2019-08-04T11:06:27Z,5518b2315c236d486c7a5a4fc27c44987672b2f9a0751ffdaa9cbf78,60.16829,24.94214,00000000afef4555,3.4
9961,2019-08-04T11:06:27Z,56101419005237b836e4ed14d91dfa6f9edc4c92b5fcb419943897bb,60.16762,24.95415,000000006b44cce7,9.12
9962,2019-08-04T11:06:27Z,56318cc7f3616fceec2564cbb1f6ca8b88ea861935a1ada93aafd7b0,60.16897,24.95222,00000000aa852af1,14.89
9963,2019-08-04T11:06:27Z,565a35900ed1794a9d566f6fc12f2710875a10eb7c8e6fa0ddd92626,60.14699,24.922,00000000a53ed894,14.89
9964,2019-08-04T11:06:27Z,571934189bf349efb6f596e76c21612cf9b82ed44913090169936048,60.17065,24.93641,000000000f4919c9,14.89
9965,2019-08-04T11:06:27Z,579ea129e99082446da0a3f358091546de1f8b2db0feb92b86d25a89,60.149,24.9843,00000000fffb8cf0,27.28
9966,2019-08-04T11:06:27Z,586f70961bf72597ce00f89d3602178ecc6ac8838a8acec48bba7f9f,60.14699,24.922,00000000a53ed894,10.78
9967,2019-08-04T11:06:27Z,58ee8fd47328b1c696ec343920f2c0353d19a915924eb6f6f2638e56,60.16762,24.95415,000000006b44cce7,5.41
9968,2019-08-04T11:06:27Z,5c404f374a48548bfe8b02859d12ae59c4ae608fae2139fd71ef51b1,60.16762,24.95415,000000006b44cce7,7.69
9969,2019-08-04T11:06:27Z,5d9aa6fcb0d81ceaa80ca13cc08a88138be517656646e0ba0942ce46,60.16897,24.95222,00000000aa852af1,11.7
9970,2019-08-04T11:06:27Z,5f5805a3ffd092506452c4d45ea8fc037ae23ea726f0b0809ca6ffde,60.16829,24.94214,00000000afef4555,21.87
9971,2019-08-04T11:06:27Z,6022019a95573b888ca7b3161da098935ea0ad7793437ee40a32a5f3,60.14699,24.922,00000000a53ed894,17.4
9972,2019-08-04T11:06:27Z,62cac4a0e252305e1128942dc3ec48baaa514c6737c415f85abb3665,60.1538,24.95595,0000000038bf9618,23.56
9973,2019-08-04T11:06:27Z,62d86ee13e6ae7a5c41ffc2de746df72d4ef6e8d2b6a51ce1c68965f,60.16829,24.94214,00000000afef4555,7.69
9974,2019-08-04T11:06:27Z,62e27092b58abcaf80564c408d0d4a7b821abaee92dc2f02ccb11e61,60.16762,24.95415,000000006b44cce7,7.69
9975,2019-08-04T11:06:27Z,64d10ef0926ecca987bad278990d966d8fac8775f03847d1f5a4a2f6,60.16762,24.95415,000000006b44cce7,10.78
9976,2019-08-04T11:06:27Z,69158bfbcf8399435cc52d623b530dc75089182b7ab05efb64e64021,60.15432,24.9211,0000000019fb59c4,21.87
9977,2019-08-04T11:06:27Z,697103160f0b3dc0ba38ccdd18203ae84ec35fc314322d1172c093b2,60.16829,24.94214,00000000afef4555,17.4
9978,2019-08-04T11:06:27Z,69852d528034ea6fc746ed8942c32f1c90bc33a7a7317dfac3c9b1c1,60.14699,24.922,00000000a53ed894,3.74
9979,2019-08-04T11:06:27Z,69d8c906060e226ff0f0f7e78029575f2ee07ebec657a3b641419268,60.14699,24.922,00000000a53ed894,21.87
9980,2019-08-04T11:06:27Z,6a0ef27c461c686b1a51504b40c03c455e047bf9777bf46808e0ca04,60.16762,24.95415,000000006b44cce7,16.1
9981,2019-08-04T11:06:27Z,6a611aaa1fa77baf03191f0143c2a00dd06c9730c67d30c1eb06afcc,60.16762,24.95415,000000006b44cce7,17.4
9982,2019-08-04T11:06:27Z,6ac1903c80e63433e4bc744dc0e801bff647117d38d3753fb9a6a4c1,60.173,24.92524,0000000096918cfa,14.89
9983,2019-08-04T11:06:27Z,6ac8fdd67b3dd11f0bae935f3a285880138382088238b97f511d3f12,60.16897,24.95222,00000000aa852af1,20.28
9984,2019-08-04T11:06:27Z,6c97da4ba9462e7fe786a472989dab23340d31809dd78d5617204da4,60.16829,24.94214,00000000afef4555,9.92
9985,2019-08-04T11:06:27Z,6e2fbf091d5c86667e060d7ec44f48f0f5d7b1d55b1899f2939f247a,60.16762,24.95415,000000006b44cce7,7.05
9986,2019-08-04T11:06:27Z,6e492dbc3f10157e7ff00826a839a97262ab36244ccc57b702a89999,60.16531,24.9442,00000000fdda10fe,4.94
9987,2019-08-04T11:06:27Z,6f01673aa506c80d2de3e4cdfaaa09c0755a4ae7f9a674edceae4e72,60.16762,24.95415,000000006b44cce7,14.89
9988,2019-08-04T11:06:27Z,6faf62fbff92729472d61bc9a13a5e72833e55bf713863161f8ca9cb,60.15432,24.9211,0000000019fb59c4,25.36
9989,2019-08-04T11:06:27Z,70865ff0fd32dc9fc73f25e929a40535a717664003e66c14224a9d90,60.16762,24.95415,000000006b44cce7,13.75
9990,2019-08-04T11:06:27Z,70ffae2b8178e0915c5de7816f8dd8bcc3af745ee49df8ac4da4adba,60.17918,24.95141,00000000675d5200,27.28
9991,2019-08-04T11:06:27Z,714e80a1e3c0fee43e312f314b2faec47e582ee8dac47e4818dbc2f9,60.149,24.9843,00000000fffb8cf0,23.56
9992,2019-08-04T11:06:27Z,71516fc8349cfaf2b5c4ab80ade6078494d93d13e9953af15e5ced30,60.18203,24.91341,00000000342570c2,20.28
9993,2019-08-04T11:06:27Z,71c1367c7dea4dfa243172e02b9092c7a0810bef003216681759891e,60.16897,24.95222,00000000aa852af1,38.87
9994,2019-08-04T11:06:27Z,738973c9b5f9882f29075e47ca10e50ba3fb9883da779f41545175f4,60.17919,24.95181,000000007b5207b6,11.7
9995,2019-08-04T11:06:27Z,73f9caa620c77e880d8973e260936b1114db9c96de6accf8398ccec0,60.17002,24.94407,000000006b087f40,27.28
9996,2019-08-04T11:06:27Z,74c2ec2adc228e5b4979284d730fd2de698242f0f06d90f870b8cde6,60.16762,24.95415,000000006b44cce7,3.4
9997,2019-08-04T11:06:27Z,75d452cbba63995ad06213b577081e8db650c80b3a78060789a8e831,60.16762,24.95415,000000006b44cce7,5.41
9998,2019-08-04T11:06:27Z,75dc69a66709d80dc34f816e5b2cbf53ee34b75f4ca9ae28f9ddf14c,60.16762,24.95415,000000006b44cce7,8.38
9999,2019-08-04T11:06:27Z,765243fc3021a21bc913ebdd4ce13c3606a5f0e655244884fa039ee6,60.15432,24.9211,0000000019fb59c4,25.36
10000,2019-08-04T11:06:27Z,79249857aa88aacfdce42eef6ed8e8bcca6a4550672e5d4552c120d0,60.16762,24.95415,000000006b44cce7,14.89
10001,2019-08-04T11:06:27Z,7a96471c0f2a5b26dc38cc8aa9903b7dcb222a12d81cd73a84570610,60.16629,24.95957,00000000fb7600be,21.87
10002,2019-08-04T11:06:27Z,7c55ecf165387948602e82b684a55be093691849fde2d96ad6574475,60.17065,24.93641,000000000f4919c9,18.79
10003,2019-08-04T11:06:27Z,7ddcdde2316659d0fa4b8597b86430e095ea0bc7f3564a9d05fc60f8,60.16897,24.95222,00000000aa852af1,20.28
10004,2019-08-04T11:06:27Z,7e78b2348d9576c63ebb626030ee9d43e2bf07e860782adf3f1c452b,60.16829,24.94214,00000000afef4555,13.75
10005,2019-08-04T11:06:27Z,7ea276abbe2f1bfd85b2493f7b4c801189e673c0b4dc987d2c8e30dc,60.14699,24.922,00000000a53ed894,14.89
10006,2019-08-04T11:06:27Z,7eefc5581c616491b78192b28b519ba727dc884a87bc06b8df1ea4f2,60.14699,24.922,00000000a53ed894,23.56
10007,2019-08-04T11:06:27Z,7f546f0776433ed1b76ea74186c0aad95eca5439e6cefda07922ef14,60.16762,24.95415,000000006b44cce7,7.69
10008,2019-08-04T11:06:27Z,7fe2da2d441d71c5853dc76eb7d62293a75686b735ae22dafc34e39d,60.17002,24.94407,000000006b087f40,20.28
10009,2019-08-04T11:06:27Z,801335ad65308cf097999ba10a4fdc7b1ee0fd38591f64f455144a26,60.149,24.9843,00000000fffb8cf0,33.81
10010,2019-08-04T11:06:27Z,82ac749474448abac333d00869cb8b508872f86293913d95eae26a05,60.15432,24.9211,0000000019fb59c4,6.46
10011,2019-08-04T11:06:27Z,82cddd3b9f58762d36efe78da4e2722ee587cfdb3fdbc58b52673082,60.16629,24.95957,00000000fb7600be,23.56
10012,2019-08-04T11:06:27Z,8360b6abcb2e77bcb24b622208af40b521c9697161dacfeb01920f32,60.16629,24.95957,00000000fb7600be,21.87
10013,2019-08-04T11:06:27Z,844b8ad6ebf530978d1139d527a681991f4d3eed6be5bc723f0b2192,60.16531,24.9442,00000000fdda10fe,1.12
10014,2019-08-04T11:06:27Z,849d6a476563b352092dcda35e816833b571b7f630e7ff8617d9b7da,60.16829,24.94214,00000000afef4555,16.1
10015,2019-08-04T11:06:27Z,87ea10367f1569e575dc4bc60f0f4238eafb52ba8a2cc8e5e4584232,60.16829,24.94214,00000000afef4555,9.12
10016,2019-08-04T11:06:27Z,87ee2ae24a1a0871184580c39a1c79955cbf954947f0ee24252c7302,60.18203,24.91341,00000000342570c2,18.79
10017,2019-08-04T11:06:27Z,87f4cf4baea8c5dfe1bc7812cc969574058bd4d2dda215192bcfc53f,60.14699,24.922,00000000a53ed894,3.74
10018,2019-08-04T11:06:27Z,886032718e05487be8bd75bb14464814044c7edd7f9a2198304f6fb4,60.16629,24.95957,00000000fb7600be,17.4
10019,2019-08-04T11:06:27Z,8a01cc1ef99f9ea16785412c604aa6bb2750299d67ea94214401d645,60.16762,24.95415,000000006b44cce7,8.38
10020,2019-08-04T11:06:27Z,8a7f5012c000c420f0a336a3988c72cf2b373818f4f3f369e994d8e4,60.16829,24.94214,00000000afef4555,17.4
10021,2019-08-04T11:06:27Z,8c4e4851db86ec4a3ce29a58be770eb29c38b9a983351bb67d781982,60.16897,24.95222,00000000aa852af1,3.4
10022,2019-08-04T11:06:27Z,8ca6cbf91a04db796810f40ee019369f331d79472e4acd09f75cbac8,60.16829,24.94214,00000000afef4555,29.32
10023,2019-08-04T11:06:27Z,8dae8c39d58b18df713713239222f2d512c9e912893f774a8db6a124,60.16629,24.95957,00000000fb7600be,29.32
10024,2019-08-04T11:06:27Z,8ee30fda8736b8e18a2cdb754676659240bc520a57727b9635630f22,60.1538,24.95595,0000000038bf9618,36.27
10025,2019-08-04T11:06:27Z,8f3d9ab893ae4a48fd3417f3a749c21e792779990ae0ad75a8f211de,60.1538,24.95595,0000000038bf9618,33.81
10026,2019-08-04T11:06:27Z,8f998d0e47a5fb2e84c8dcffb4a33ca4adeaf8db93423df171988c1e,60.16629,24.95957,00000000fb7600be,21.87
10027,2019-08-04T11:06:27Z,9076d80e9828efb679c61440c6dcc2fce4d90055e5fb084d00bb87fb,60.173,24.92524,0000000096918cfa,29.32
10028,2019-08-04T11:06:27Z,90b12d2b9898702fd62b343512e0d53796ae38decdf704e203a0cc39,60.16829,24.94214,00000000afef4555,9.92
10029,2019-08-04T11:06:27Z,91602a694bc74a2874ba7f02a7bae062a3a77cd869b86a74800415b8,60.17918,24.95141,00000000675d5200,16.1
10030,2019-08-04T11:06:27Z,92df20d921f76c63470e3f5afbe201d3ae15f5133f66c291db796082,60.16629,24.95957,00000000fb7600be,23.56
10031,2019-08-04T11:06:27Z,9302aae539d07f0911125f00e4859f1281fa2105d0863ec972855fa7,60.14699,24.922,00000000a53ed894,27.28
10032,2019-08-04T11:06:27Z,93272ad17155ea9499641eda7c5560691582116096278b82738ab21e,60.14699,24.922,00000000a53ed894,17.4
10033,2019-08-04T11:06:27Z,94ac9d6e79236013b9fa24e1c52123819228f6962b5952637ca80fcb,60.16762,24.95415,000000006b44cce7,7.69
10034,2019-08-04T11:06:27Z,951482f3e2e41b496e34885c346c4a7ab09427178119caa9b8bbcbb6,60.14947,24.91438,000000004ef3150d,11.7
10035,2019-08-04T11:06:27Z,9558753228fb3007f59382a0595018488e2e7430248f8824a5badb80,60.1638,24.96846,00000000d747f075,25.36
10036,2019-08-04T11:06:27Z,998a30ee5f5ff6d2bc9ed04420591e525ded59ad66d09eefa240cc8e,60.16762,24.95415,000000006b44cce7,12.69
10037,2019-08-04T11:06:27Z,998ac46ad73c197bab1f36dca67d8bcaa3aca92249185a5e3715043f,60.17065,24.93641,000000000f4919c9,12.69
10038,2019-08-04T11:06:27Z,99b998b07243afd316e6fa57636b0ab6761b9c2a6f0fe050eae40c08,60.16762,24.95415,000000006b44cce7,10.78
10039,2019-08-04T11:06:27Z,9a49d0b5a67fba15ce8971503f6fea88994b33487a842397c5e8564f,60.16762,24.95415,000000006b44cce7,4.11
10040,2019-08-04T11:06:27Z,9aa588cb6f425117e45726b6b9adb7ef86c8f7c8113b547dc61f068a,60.16897,24.95222,00000000aa852af1,14.89
10041,2019-08-04T11:06:27Z,9ab0a60cb60531417ac6ec5ebc6ef591d2f39019c6b0bcb5a89101a2,60.14699,24.922,00000000a53ed894,9.92
10042,2019-08-04T11:06:27Z,9b17422199e594df512c6cda493d8fc5b5141741b2f804eb18016640,60.14699,24.922,00000000a53ed894,29.32
10043,2019-08-04T11:06:27Z,9b4b0705e58750d2bcbd71ad65d85677f7e77db5dfe69d1a70b5d31f,60.17919,24.95181,000000007b5207b6,14.89
10044,2019-08-04T11:06:27Z,9bc91538b73e0220fcf5cd07290c07d56f6f48d3ba0ba6b6b0876da9,60.17065,24.93641,000000000f4919c9,17.4
10045,2019-08-04T11:06:27Z,9bef562c292174f1eb3933116effff74a8733a78e5c1df140de3fd6c,60.17919,24.95181,000000007b5207b6,4.94
10046,2019-08-04T11:06:27Z,9c0b1d2c4c67c07e547e810a94efeaaa1187ae82977e03748470281c,60.16897,24.95222,00000000aa852af1,12.69
10047,2019-08-04T11:06:27Z,9eb1e9bfdceb76ef852f89ebd82139602125f9731b791465e1c21f81,60.16829,24.94214,00000000afef4555,14.89
10048,2019-08-04T11:06:27Z,9eef8b9cc18e83e8a4165c87d892bd40424b7086d190fd9ace3768a5,60.17065,24.93641,000000000f4919c9,36.27
10049,2019-08-04T11:06:27Z,a066e2044b486819fe2185765f63ed87f8d10c502f26a01be1f1a758,60.149,24.9843,00000000fffb8cf0,29.32
10050,2019-08-04T11:06:27Z,a0ec1a8d581f94e640a6858a674699d2464ec065e6faea9d4ce2a13b,60.16762,24.95415,000000006b44cce7,9.92
10051,2019-08-04T11:06:27Z,a1439b6683d0598c7a05080c3693a17c198f7b8c3297c77324ef4859,60.16829,24.94214,00000000afef4555,5.91
10052,2019-08-04T11:06:27Z,a20a11944d9440f1f8e4ea6262408f673f2a8380c4e13dda1a073d8d,60.16897,24.95222,00000000aa852af1,18.79
10053,2019-08-04T11:06:27Z,a30740fbf4b7e21f6fe2996e9325c90936de161cb2165e87cd96fd35,60.149,24.9843,00000000fffb8cf0,7.69
10054,2019-08-04T11:06:27Z,a3664d77633807788598dd8d4a7ba8caba2c31bfdcb6ba83651d4e7e,60.173,24.92524,0000000096918cfa,23.56
10055,2019-08-04T11:06:27Z,a3c1a4a58b9381c27b1d5076e0d8d72039afccfb0e58438a80247324,60.16762,24.95415,000000006b44cce7,1.12
10056,2019-08-04T11:06:27Z,a43bf710535a327abcc01467b69f5bc7209e67e9c0af21e2891fcc2e,60.16762,24.95415,000000006b44cce7,16.1
10057,2019-08-04T11:06:27Z,a44eda7b8ec58e1cd7c078a73c4da7fb0037d59453aa6bfe69b7cbdd,60.16762,24.95415,000000006b44cce7,4.5
10058,2019-08-04T11:06:27Z,a50e0bb8fd1ad4ad264c3246b210a0c6285faae591c1bd2c2c3458af,60.16829,24.94214,00000000afef4555,12.69
10059,2019-08-04T11:06:27Z,a5d632ac8ffc19a626de034d3c9444fd262ee6edada285c816ea9266,60.16531,24.9442,00000000fdda10fe,5.41
10060,2019-08-04T11:06:27Z,a764c2246c85b2b0aa79e581e2fe238da93de098abbb90aee24c11ca,60.16829,24.94214,00000000afef4555,16.1
10061,2019-08-04T11:06:27Z,a81d896d6750a98012ad8c51dc9d7d951d527ce040da073eb619b938,60.173,24.92524,0000000096918cfa,20.28
10062,2019-08-04T11:06:27Z,a98fc06dc605583814a2aa182295b88f81657ef2daeee7aaec792e7c,60.16762,24.95415,000000006b44cce7,4.5
10063,2019-08-04T11:06:27Z,aa4547c0b6b8be30776e08d524ceeacfbc9930ad720e11fa4cb20882,60.16531,24.9442,00000000fdda10fe,0.84
10064,2019-08-04T11:06:27Z,ab1377ddf669bb806f8db586f4ce5ab9f0f4257dda61fe800d8509f5,60.17065,24.93641,000000000f4919c9,25.36
10065,2019-08-04T11:06:27Z,ab9310807d2eb4984b053d38f467cb5d3e4211ff71ceb059480cf9ba,60.16829,24.94214,00000000afef4555,18.79
10066,2019-08-04T11:06:27Z,ac5c7e04b55d6d70659e5b8f4705309b9367c78a0edb7ce85f42c181,60.1538,24.95595,0000000038bf9618,29.32
10067,2019-08-04T11:06:27Z,adf3914eaf1478a77ba35ea49262388e4babe633207748c7608b8780,60.16762,24.95415,000000006b44cce7,7.69
10068,2019-08-04T11:06:27Z,ae2143f0fab3405d38da14312fd801d7d7524534cd3ffeadc631feb0,60.149,24.9843,00000000fffb8cf0,25.36
10069,2019-08-04T11:06:27Z,ae3cda5066e455d4b1e58860e8fb7a35efad69b9964a676b476b0687,60.14947,24.91438,000000004ef3150d,3.74
10070,2019-08-04T11:06:27Z,b0d6202ccd1560eaf57c06931cb6466332e41068ad2963e515819015,60.17918,24.95141,00000000675d5200,36.27
10071,2019-08-04T11:06:27Z,b2298fc6f63c02481610f9aef24f1a0c1711c255adc43c0fe135c1ca,60.14947,24.91438,000000004ef3150d,9.92
10072,2019-08-04T11:06:27Z,b26d0daac9f8fb84484cbd8ed668aeb6751e848b1c533a307d163360,60.16762,24.95415,000000006b44cce7,10.78
10073,2019-08-04T11:06:27Z,b3266ecf36a984b814e1b2d31b447438bd948a9c116721480104792f,60.16829,24.94214,00000000afef4555,20.28
10074,2019-08-04T11:06:27Z,b4c8900041e9f8751755d3940ceac58419e6370cd81cdb90d7800de1,60.14699,24.922,00000000a53ed894,18.79
10075,2019-08-04T11:06:27Z,b59631b8902194c916f7d3ddcc02d4200a3de0380fa554d87e6856c0,60.17002,24.94407,000000006b087f40,16.1
10076,2019-08-04T11:06:27Z,b5cdbcdc30e0bf653ce353c867708b0067db5e394c8cbe848d978a77,60.14699,24.922,00000000a53ed894,12.69
10077,2019-08-04T11:06:27Z,b601cd655bb9f05aa6ec86fc9eb9300c3bc20bc0e856e94ad168a257,60.14947,24.91438,000000004ef3150d,4.94
10078,2019-08-04T11:06:27Z,b81a9bf449d3e64ad0181804598330bbf305f384b888935023742c79,60.173,24.92524,0000000096918cfa,16.1
10079,2019-08-04T11:06:27Z,b81e65168ea3278486b1c954ab229bc2eda3fe07098e824f05cd0ac4,60.149,24.9843,00000000fffb8cf0,18.79
10080,2019-08-04T11:06:27Z,b9447a524f5b5bf98585b27b92195b09869ee9cd9da3cf8d2b59c57d,60.16829,24.94214,00000000afef4555,18.79
10081,2019-08-04T11:06:27Z,ba288a5fd2befbc9ed08e7876ad7cb2bd8bfe6f5756d2ffe8e2dc558,60.17002,24.94407,000000006b087f40,5.41
10082,2019-08-04T11:06:27Z,bc07df8cc395f6f4f5d483b2233caca5f93a6918f346e4cc3702f8cc,60.16531,24.9442,00000000fdda10fe,21.87
10083,2019-08-04T11:06:27Z,bd7fa2c07b7e0eab8afb3d9825a810643c2eb71f83c09a1e26cac54c,60.16762,24.95415,000000006b44cce7,7.69
10084,2019-08-04T11:06:27Z,bdc8bd416444be70683b3475302093428e4abe14284e9579617fe8ea,60.1638,24.96846,00000000d747f075,29.32
10085,2019-08-04T11:06:27Z,bfd5c2630b36fde15de01ea74e598d035402cf1edb7c9230617927e0,60.16762,24.95415,000000006b44cce7,8.38
10086,2019-08-04T11:06:27Z,c012e9e2caf1002d24e53817bb1279becdfc4aa9dba085e93ddd88e9,60.17002,24.94407,000000006b087f40,23.56
10087,2019-08-04T11:06:27Z,c024a5d668e0b14a12339385851e58843be593afe0b496d4767e9971,60.16897,24.95222,00000000aa852af1,41.64
10088,2019-08-04T11:06:27Z,c0a0ca3433586ed2ae0e448f2406fabac7292ac79d49562e0bd5cef8,60.16762,24.95415,000000006b44cce7,14.89
10089,2019-08-04T11:06:27Z,c239e27b985c23449b6aa84b78560b1b4e535975f3ba059d7987efe4,60.16762,24.95415,000000006b44cce7,12.69
10090,2019-08-04T11:06:27Z,c27fee8ae8d689338b043608280c83cfa6f3276d3837ecea5f742dc3,60.16762,24.95415,000000006b44cce7,7.69
10091,2019-08-04T11:06:27Z,c2cc33e5b1b8d254d4bcbc0ffa13c9200676a39a191cc31a38d28d8d,60.17065,24.93641,000000000f4919c9,9.12
10092,2019-08-04T11:06:27Z,c2d88bc74172eb47d26ee5d739980baa7fc011b9973f9f18b482aa81,60.17065,24.93641,000000000f4919c9,8.38
10093,2019-08-04T11:06:27Z,c3437d1b87bab7dfc1f5e420904074299a5e3c76f595b61e99522e33,60.14699,24.922,00000000a53ed894,29.32
10094,2019-08-04T11:06:27Z,c45e3c4e8ec0fc85457d3b4ed4c49ed0116b4cf447e2983f353abcd8,60.16829,24.94214,00000000afef4555,11.7
10095,2019-08-04T11:06:27Z,c4c3ad738ca47920bb66939f620126c87f730c644813158554916827,60.16762,24.95415,000000006b44cce7,14.89
10096,2019-08-04T11:06:27Z,c55894159f2080031cda702c78ee54463c3c15ab1b3638afdf687f08,60.16531,24.9442,00000000fdda10fe,10.78
10097,2019-08-04T11:06:27Z,c67ab095a9de8ee28200a2e5e2b4ee2457cab37fd7ac69c753bcc001,60.16531,24.9442,00000000fdda10fe,27.28
10098,2019-08-04T11:06:27Z,c6b0ea433c3fdc73e0bac7e3faa2690506c4e8ec7fc54210446a7ffa,60.14947,24.91438,000000004ef3150d,12.69
10099,2019-08-04T11:06:27Z,c739921adb150c53f1887c6ce887adc6cd7ae7e35e69f6e4dc52fe81,60.173,24.92524,0000000096918cfa,20.28
10100,2019-08-04T11:06:27Z,c9680a9582bc38a369b583c7f91f1ff70e47e3e424e034feb5079fd0,60.16629,24.95957,00000000fb7600be,41.64
10101,2019-08-04T11:06:27Z,c990a15d27cfc21e63b7c96b95949254f1194e8b27118386a589e2bd,60.16897,24.95222,00000000aa852af1,20.28
10102,2019-08-04T11:06:27Z,ca9ba013f86583100bfa841287733d9985b9d5e28a116525c40a4b40,60.16762,24.95415,000000006b44cce7,7.05
10103,2019-08-04T11:06:27Z,cb37b8fad0bc758cf37d7ea1052f3a98f29282ae37ec635d6eb2c511,60.16762,24.95415,000000006b44cce7,14.89
10104,2019-08-04T11:06:27Z,cd7d0e9404c9f4e8fab0742460b9acb4d5bbb97f44df80d4a8b973cd,60.17002,24.94407,000000006b087f40,5.41
10105,2019-08-04T11:06:27Z,cddbfc3b0a1459f0ea8d553779cf320d512cac6e64976182f2f0b3b7,60.16829,24.94214,00000000afef4555,6.46
10106,2019-08-04T11:06:27Z,d04b5065ec93818b731141027d11e6a1cf53de69b9737d7aea0c34da,60.14947,24.91438,000000004ef3150d,13.75
10107,2019-08-04T11:06:27Z,d09310020224f0dde4e9f62595b66c66af964fc07015ab2b416dc932,60.16544,24.95398,0000000038d83d41,12.69
10108,2019-08-04T11:06:27Z,d25e926dba8aa2c77f46ada32671b08b1176455c0e3693d160b87744,60.16762,24.95415,000000006b44cce7,7.69
10109,2019-08-04T11:06:27Z,d2e3bf982b10b2079eaa464127a286409c5030b21ffe9a2ce08bbb9c,60.16762,24.95415,000000006b44cce7,12.69
10110,2019-08-04T11:06:27Z,d2fd0c6415d2d8e49fef3415fb8747b524191b4400a4fbb66428cb12,60.14699,24.922,00000000a53ed894,18.79
10111,2019-08-04T11:06:27Z,d3bad9334d128332fc483e10ef1b77c28e5a75ac55be4de71c6b2f9f,60.16829,24.94214,00000000afef4555,20.28
10112,2019-08-04T11:06:27Z,d4c9ea46d58288bf42808788e668072465d91dd3c874a8a51de5794e,60.16897,24.95222,00000000aa852af1,18.79
10113,2019-08-04T11:06:27Z,d68f1946805ba3d30f9ba25280986fbe003f3b5dce7245b633e0cb5c,60.16762,24.95415,000000006b44cce7,9.12
10114,2019-08-04T11:06:27Z,d6a8c97f1ec18c7a90d3beae358bad67f8d53626258a852e15b08c5d,60.14699,24.922,00000000a53ed894,12.69
10115,2019-08-04T11:06:27Z,d7b3daaab1b36d8d95f7672a0339b99b2a16483fc1c71c5177aeb948,60.16829,24.94214,00000000afef4555,27.28
10116,2019-08-04T11:06:27Z,d81024e88bb9b04be64c793e92836ac82bec9eed4bfeef83accf8109,60.14951,24.92138,0000000006dd41f6,17.4
10117,2019-08-04T11:06:27Z,d83c1c2d3a3876c948e277bace6d013eafc0c4e118958e138f8b1257,60.16448,24.97323,0000000053c6c2be,23.56
10118,2019-08-04T11:06:27Z,db45583e1f7aaaf54e100214986dfc86aa755383e86d361639a5b19b,60.16762,24.95415,000000006b44cce7,2.8
10119,2019-08-04T11:06:27Z,dc82f9648bb5ba21e766e0923f5fa7ca2d77662ab0edbe22a3d95631,60.14699,24.922,00000000a53ed894,8.38
10120,2019-08-04T11:06:27Z,dd8e0699822b1a8a3f8a91fcb10729f6f7cd0a4736f36dc60974c36e,60.16762,24.95415,000000006b44cce7,9.92
10121,2019-08-04T11:06:27Z,ddd0e663eb31ac94858d2a4e9af5e4782781e88c92102042190e6fcf,60.14699,24.922,00000000a53ed894,13.75
10122,2019-08-04T11:06:27Z,de48adf9d49eb3bc1d61dea4047618f6c77086fc44bd2b535d56504d,60.16762,24.95415,000000006b44cce7,1.88
10123,2019-08-04T11:06:27Z,de71e27b55ef6f2f51f05838a2fcab596f1dd93a14ece5ce4548f5c7,60.14699,24.922,00000000a53ed894,16.1
10124,2019-08-04T11:06:27Z,e081e4b3252ca91bbf1cbb70faa116d60317fbf3a991a67bc99b4bfa,60.149,24.9843,00000000fffb8cf0,9.92
10125,2019-08-04T11:06:27Z,e1da87aea335bcd04e4c876158b96ebc7ba4206bc216c3aa27a2f4af,60.17919,24.95181,000000007b5207b6,6.46
10126,2019-08-04T11:06:27Z,e305610124e16ed1411a221b29ce69a076cc47982efd6c098b0599ab,60.14947,24.91438,000000004ef3150d,6.46
10127,2019-08-04T11:06:27Z,e32e078697e70d6e3cb4b156ada3a4756315227b125615d7b5c116a7,60.16762,24.95415,000000006b44cce7,4.94
10128,2019-08-04T11:06:27Z,e3e3bac265ab2713063d7435bf5c7374dfc7dfc647fb677a030a1a49,60.18203,24.91341,00000000342570c2,21.87
10129,2019-08-04T11:06:27Z,e44d7228cecbdb2474e1cc396a6c13943f09c08c19d0ffab1997d509,60.17919,24.95181,000000007b5207b6,27.28
10130,2019-08-04T11:06:27Z,e53a901aed874016e1cd1ed3e9b2891fca850986cb2fa04f5162cf52,60.16762,24.95415,000000006b44cce7,3.09
10131,2019-08-04T11:06:27Z,e557e164cd52fd817b02cad6587a294d72b0974d9b014ad69ea5e08e,60.17919,24.95181,000000007b5207b6,16.1
10132,2019-08-04T11:06:27Z,e568360cebcddeb30a1d066a2f6a2326ac927004214bd11337d804e5,60.16762,24.95415,000000006b44cce7,12.69
10133,2019-08-04T11:06:27Z,e57facbf08a4abd25c366c0604463549586bb771b6ce2cf62945cdbf,60.16762,24.95415,000000006b44cce7,16.1
10134,2019-08-04T11:06:27Z,e5b9b4813c081a31fb498e7f9adb94918c267dfa125c63790c0d9488,60.149,24.9843,00000000fffb8cf0,1.7
10135,2019-08-04T11:06:27Z,e7988d180194f352fcf752defa2a01904142bcbf71a9afba13cc7470,60.16897,24.95222,00000000aa852af1,27.28
10136,2019-08-04T11:06:27Z,e9d59e25b58f33f70aad6832863cb59d7485ca55a1575558f92b74e7,60.16897,24.95222,00000000aa852af1,23.56
10137,2019-08-04T11:06:27Z,ea3eef2f497e934d53c3a02bfa190abb42a24ce200d24c69598dbf84,60.16762,24.95415,000000006b44cce7,5.91
10138,2019-08-04T11:06:27Z,eb3dde73e84f5016b5545e9fa2e08d04257ebe448619783f90edcd23,60.16762,24.95415,000000006b44cce7,9.92
10139,2019-08-04T11:06:27Z,ec485175d2b7a2c53d03bf546aee134c116d998976601b069570c6f9,60.14699,24.922,00000000a53ed894,18.79
10140,2019-08-04T11:06:27Z,eca1a609c675d971fcfba4277d230ccdc2de7805c629b1f5da9cc224,60.173,24.92524,0000000096918cfa,21.87
10141,2019-08-04T11:06:27Z,ecb1735f180422ec69f041cd2782a26c9f07d27a87893b3c30aaa9b7,60.16075,24.95883,00000000f1124bca,2.8
10142,2019-08-04T11:06:27Z,ecb5655da668bb183a5c270a96927649c323975e318184d248247099,60.16829,24.94214,00000000afef4555,10.78
10143,2019-08-04T11:06:27Z,ede13c9dc221bbc6c1daf78250fa6547303c06d7606c05ba0bf64547,60.17919,24.95181,000000007b5207b6,12.69
10144,2019-08-04T11:06:27Z,ee58e3183e0967bff106dcd3894f4688accefe5e721043dd70c1f11c,60.16629,24.95957,00000000fb7600be,23.56
10145,2019-08-04T11:06:27Z,eea43687eab35d2c386347881796eb1c8279076b9e9642ebc2cd06ac,60.16762,24.95415,000000006b44cce7,4.11
10146,2019-08-04T11:06:27Z,ef15ff71b7dc4c2088249a4fca7e28900ae315245a7a3b4d571bf582,60.16829,24.94214,00000000afef4555,3.74
10147,2019-08-04T11:06:27Z,ef33ccdfcdb12920eabb3306e0f86dc7e6060a5d3864b03e2de7e1ef,60.16897,24.95222,00000000aa852af1,13.75
10148,2019-08-04T11:06:27Z,ef45fdc095ee55730384922266d8fce61de212d3c3df2441ea10e524,60.14947,24.91438,000000004ef3150d,9.92
10149,2019-08-04T11:06:27Z,ef5e495c5f9d3dd9eb22ed5b8faf1cc9e4225d4785ebb26a87d16fff,60.14699,24.922,00000000a53ed894,11.7
10150,2019-08-04T11:06:27Z,f110acae92fec55c6caca5de864773a6b99e5b8d6e2fdf8d1bdbc759,60.16762,24.95415,000000006b44cce7,4.5
10151,2019-08-04T11:06:27Z,f11c02cbebb4049a29f10d2ee6aac8a9ca3b7b9609a39d69463461a1,60.17065,24.93641,000000000f4919c9,21.87
10152,2019-08-04T11:06:27Z,f18044d5121de9a6aee20532d8b30324092688ee474def5d3e8fb80f,60.16762,24.95415,000000006b44cce7,14.89
10153,2019-08-04T11:06:27Z,f196f5f8c08299d290b3bac1944e00bb1f2c90594db66438b0c10e6e,60.16629,24.95957,00000000fb7600be,12.69
10154,2019-08-04T11:06:27Z,f2467c8ede6444941158701b7bd9d005beec9ffdb355ce2d8c7a9bfd,60.149,24.9843,00000000fffb8cf0,16.1
10155,2019-08-04T11:06:27Z,f43b8b2cf2c0bd291543858796d75b211d283ab73dcab5ad5dfd0aeb,60.16897,24.95222,00000000aa852af1,7.69
10156,2019-08-04T11:06:27Z,f616fbd0fde8316049c3068ae4368dc9f486f8da4bf5516e9ba82578,60.16897,24.95222,00000000aa852af1,16.1
10157,2019-08-04T11:06:27Z,f6a67ff84820eaf13cebbf7255a83e978a07b3389f0ffda20b5842c7,60.14699,24.922,00000000a53ed894,23.56
10158,2019-08-04T11:06:27Z,f78ef2ddbe48b534137498eab56c0a55ec0e0b1d8868e82cb5652a0e,60.14699,24.922,00000000a53ed894,16.1
10159,2019-08-04T11:06:27Z,f9f42c3132515705c0013fb8e137897c93844d24acc22cb4ac9384a0,60.149,24.9843,00000000fffb8cf0,4.11
10160,2019-08-04T11:06:27Z,fa15a46a5326515aa1a4b43762ef2018a2be3ac983c811558c1fe104,60.16762,24.95415,000000006b44cce7,18.79
10161,2019-08-04T11:06:27Z,fbd28054e4a5478c8ca06f4d682405d1c59bef4853cad413ecb58d13,60.14699,24.922,00000000a53ed894,11.7
10162,2019-08-04T11:06:27Z,ffb7319984ecae155652e100da9b204f0b92f3b6c7239cfea4dcf966,60.14699,24.922,00000000a53ed894,13.75
10163,2019-08-04T11:06:28Z,004c3624f943830bc6a9f17173a2cd0996622cade5184ad2b9fba729,60.16897,24.95222,00000000aa852af1,7.69
10164,2019-08-04T11:06:28Z,09ddbf38333e76a79fd836112bd8c3f8bf7f3dadfb3d49945ad4c486,60.16897,24.95222,00000000aa852af1,3.74
10165,2019-08-04T11:06:28Z,1142f5b6806b1ec7d8d47d47013eb530d8a7418f6934d8867b20966a,60.16829,24.94214,00000000afef4555,20.28
10166,2019-08-04T11:06:28Z,128f1b89d7a534aa206a7823b692594bbd4d349761baa04c0fc72f2c,60.14947,24.91438,000000004ef3150d,10.78
10167,2019-08-04T11:06:28Z,14c7e1511b70f4dd3359cbece1377aebb4d70531f5489eefe53d7c3c,60.16544,24.95398,0000000038d83d41,27.28
10168,2019-08-04T11:06:28Z,165ebbb4090d47319ae370f0d0854fdc1f6b79499f8b2e4d3c3533c0,60.16544,24.95398,0000000038d83d41,23.56
10169,2019-08-04T11:06:28Z,16c994bb2e24124a910c247376d16e980a65626a94c4c0aaab27df60,60.16829,24.94214,00000000afef4555,20.28
10170,2019-08-04T11:06:28Z,198d6432c579dae0d7ddda6591eb377ca6c01888de802f89ab84b98a,60.16544,24.95398,0000000038d83d41,25.36
10171,2019-08-04T11:06:28Z,1bba37ee9376f8052f3606bb777546c2c4d1e84dad7afd93d4cffa45,60.16762,24.95415,000000006b44cce7,17.4
10172,2019-08-04T11:06:28Z,25a7ff811c3c06e426c7c2cbb0433d9a2a3399b23afecbd35584ab0f,60.18203,24.91341,00000000342570c2,14.89
10173,2019-08-04T11:06:28Z,269109af99b12861eeb19ab8698033d9c00895687da47af3f4310e9d,60.16762,24.95415,000000006b44cce7,5.41
10174,2019-08-04T11:06:28Z,3b5cafe90982db26cf737b2e4cd4275276f6a031bca3b2a1f73023b2,60.14699,24.922,00000000a53ed894,13.75
10175,2019-08-04T11:06:28Z,3fe5f4ccfa5c777ceafda0674d7c9da6f509f6694b4c2fa254b32e73,60.16897,24.95222,00000000aa852af1,17.4
10176,2019-08-04T11:06:28Z,434e74155ec054f1bb6122a7ec736a48a27c6f4111995c3f2bb03897,60.17065,24.93641,000000000f4919c9,38.87
10177,2019-08-04T11:06:28Z,43b676ed3aef4c2d8846694817e76117873be52e7f788e0cb366c1c4,60.16629,24.95957,00000000fb7600be,23.56
10178,2019-08-04T11:06:28Z,44d0b94469070803869f229601e877beb613c3f5aafa009addf97a1a,60.16544,24.95398,0000000038d83d41,18.79
10179,2019-08-04T11:06:28Z,4656bad9b5e6dfc3977eca308fc1db3dbf8b0204b90d09b001da242e,60.1638,24.96846,00000000d747f075,23.56
10180,2019-08-04T11:06:28Z,4774d3de2115f3cfeff91dc17ed763964fe86825629003f82ee45b2b,60.16762,24.95415,000000006b44cce7,4.11
10181,2019-08-04T11:06:28Z,5d65719c4cbf045f068d084b72302f447d5fd034413d97d13be00d0e,60.18203,24.91341,00000000342570c2,18.79
10182,2019-08-04T11:06:28Z,5eed115a984d490b02b602d73787aee8dc8c4e9365b77fbff3818a76,60.16629,24.95957,00000000fb7600be,17.4
10183,2019-08-04T11:06:28Z,66dabd3229229330d23c70e9e1737429ddfe69db01f4a6a00f70fa20,60.16762,24.95415,000000006b44cce7,18.79
10184,2019-08-04T11:06:28Z,69219e9efa41ae9e732653e9eaf08e1a34cb853a9dafe76ddeea4d04,60.16897,24.95222,00000000aa852af1,20.28
10185,2019-08-04T11:06:28Z,6a70e2fbced719333e21eff04fcb9cb36bae9a04d1a3d6ddd96f2c58,60.15432,24.9211,0000000019fb59c4,7.05
10186,2019-08-04T11:06:28Z,79f136afa0dd8717337c01c70b457c464aaf0fa25b440f51a394ec23,60.16762,24.95415,000000006b44cce7,12.69
10187,2019-08-04T11:06:28Z,87dfaad29a9276ddddb1fa021d3bc23ad14824c1af16f7d87e713689,60.14951,24.92138,0000000006dd41f6,9.12
10188,2019-08-04T11:06:28Z,88808fe92573e9cdf022cc15b9689b6b4b9429f60513c8897b0ba4c7,60.16897,24.95222,00000000aa852af1,17.4
10189,2019-08-04T11:06:28Z,89982a6acf91b79a282a6b63978e946ee205f303fcd20e944e06baf0,60.16544,24.95398,0000000038d83d41,25.36
10190,2019-08-04T11:06:28Z,8c3b1ed0846e38cc84b863a80540c8a75bfd85c8bdda36563d153110,60.16544,24.95398,0000000038d83d41,16.1
10191,2019-08-04T11:06:28Z,9843c6216661048343a0e49cf3d8aa2883cf77f452666a1c873a1052,60.16448,24.97323,0000000053c6c2be,27.28
10192,2019-08-04T11:06:28Z,9fc0711d7e7722eff7faa0cb6f17846680c06515c1eb93dd49ebcf25,60.14699,24.922,00000000a53ed894,16.1
10193,2019-08-04T11:06:28Z,a01fa9091a190537108f7d85ca6b54b023828292d6ed65ab0b3c5619,60.14699,24.922,00000000a53ed894,23.56
10194,2019-08-04T11:06:28Z,a13e5d46f0a2d1c6b58878e1b198905e9b14e3a85b5e4adab88b4b87,60.16762,24.95415,000000006b44cce7,12.69
10195,2019-08-04T11:06:28Z,a3a31741155775d55b54ebdadfeb5700066d864d782da9cdd605349c,60.14951,24.92138,0000000006dd41f6,21.87
10196,2019-08-04T11:06:28Z,a91d379a4b57c5df22db0d7a041ff69f657b4b31f28554b1011fc03c,60.16544,24.95398,0000000038d83d41,27.28
10197,2019-08-04T11:06:28Z,b5fd6b317890e5ab2d79e2cd1abe61626d45a753c7337d0d40728898,60.16762,24.95415,000000006b44cce7,8.38
10198,2019-08-04T11:06:28Z,b936e41d8712ae967f3ebb413fc44f060bb10613f95537757886ede2,60.16762,24.95415,000000006b44cce7,11.7
10199,2019-08-04T11:06:28Z,bfcaefe93f7fcb6aad6e62e3da473a7b5b03a62db532dad02a7d3559,60.16762,24.95415,000000006b44cce7,17.4
10200,2019-08-04T11:06:28Z,c40c37def6bf11a63a2556519a7c6233fd417cdeea2cf14f28e7c42c,60.16531,24.9442,00000000fdda10fe,23.56
10201,2019-08-04T11:06:28Z,c54f2dd0590c650ad3e52a68193db3173db5e74f90f69faa1e2d6bb0,60.16762,24.95415,000000006b44cce7,4.5
10202,2019-08-04T11:06:28Z,c97eb4181394121907d47b908495f54e5ee5145ff790f7a1dc21b3cf,60.16897,24.95222,00000000aa852af1,12.69
10203,2019-08-04T11:06:28Z,ca6927628f5ddda20036865c9345ad93d476d62ade3b181de568eed6,60.16897,24.95222,00000000aa852af1,25.36
10204,2019-08-04T11:06:28Z,cd2c2ce2425879ac455c812073aa8025c7bac76df380e4793edab46d,60.16829,24.94214,00000000afef4555,21.87
10205,2019-08-04T11:06:28Z,cf05623e4d87ce0906c0b0b7dbf53aacc1228016cd27c341228b6e76,60.18203,24.91341,00000000342570c2,17.4
10206,2019-08-04T11:06:28Z,cfc0bedb78ded52749db3188cb188bf6a250ef5990da9c5afa9623fc,60.14951,24.92138,0000000006dd41f6,23.56
10207,2019-08-04T11:06:28Z,dbeb00942457ba3c5fb1984b57b1dedb268c0e761e80729b939f1fd8,60.16544,24.95398,0000000038d83d41,21.87
10208,2019-08-04T11:06:28Z,e224ae5ea47af2e3048f83b13a1f45dc135c0ca6be72547b01729086,60.1538,24.95595,0000000038bf9618,27.28
10209,2019-08-04T11:06:28Z,e6af35ebe4c87f166821f11fad668537305c0f52d192e9c4d308eaa9,60.16075,24.95883,00000000f1124bca,25.36
10210,2019-08-04T11:06:28Z,e8690c2d1711bc10f2d1251a3b5b1e770b98c66c384760400c604de1,60.16829,24.94214,00000000afef4555,31.5
10211,2019-08-04T11:06:28Z,e96bd269a48b822b06141c3362fcb6d5ed4d0d09a120f2e4a712d5c2,60.16897,24.95222,00000000aa852af1,18.79
10212,2019-08-04T11:06:28Z,f088630d7476dae7d4b7e2bb1f10575f2c89acb4b6e061f3d57c2b40,60.16531,24.9442,00000000fdda10fe,25.36
10213,2019-08-04T11:06:28Z,f30a5193aa7850aac581b8dd71512a8712c96f36fdef78d8292d4788,60.16762,24.95415,000000006b44cce7,5.41
10214,2019-08-04T11:06:28Z,f31cfded6f566f9c032c80c52ea642407be312c5d42521ab7a8d3e2a,60.16897,24.95222,00000000aa852af1,29.32
10215,2019-08-04T11:06:28Z,fc4f3a44235f1cfc7b53f14ba2da599976a5a0a220d23b852688e485,60.17919,24.95181,000000007b5207b6,10.78
10216,2019-08-04T11:06:28Z,0043f38f4fb6545d7c033c9a8f8c18106aa0c2c841f28a15dd722e9d,60.14699,24.922,00000000a53ed894,16.1
10217,2019-08-04T11:06:28Z,007540b1ada16f6000987e20cd81a3deb18b2aea4cb95b50e099dcee,60.17065,24.93641,000000000f4919c9,17.4
10218,2019-08-04T11:06:28Z,0236a1d5b9b9d2249407a79705eee38de360ceb0530a8959ba5bc15b,60.149,24.9843,00000000fffb8cf0,14.89
10219,2019-08-04T11:06:28Z,02a354db29cd5bc16976a9d933e03a41be350f9cc78098829a7dcfd4,60.14947,24.91438,000000004ef3150d,20.28
10220,2019-08-04T11:06:28Z,055dd402f160d1e2e268660c247c3770566365a0e384c3bacb9de8f9,60.16829,24.94214,00000000afef4555,25.36
10221,2019-08-04T11:06:28Z,0656a0c0a353f164b57fbdd9e648d71fab429964d97ed07ab2c5dc30,60.18203,24.91341,00000000342570c2,18.79
10222,2019-08-04T11:06:28Z,08b10b51864dc039f0a07c997e66e7a263ee1cde5b0b88b2a1178c58,60.16829,24.94214,00000000afef4555,17.4
10223,2019-08-04T11:06:28Z,096c3b0de1dab1407cd4d3330546404c0d62ce025924420496380f89,60.16762,24.95415,000000006b44cce7,6.46
10224,2019-08-04T11:06:28Z,0a949aafc0be15c68d73a5dd186d726aa6b921f44303a712ac6ddcb8,60.16762,24.95415,000000006b44cce7,18.79
10225,2019-08-04T11:06:28Z,0b45b52bc137c31ce83561c857f809296ec70f5537976a4a4d573d4f,60.16829,24.94214,00000000afef4555,16.1
10226,2019-08-04T11:06:28Z,0b49dcea1b7eab22f4ebd0c7666ded5b59fe092b8bdd4aa9eda6326d,60.16762,24.95415,000000006b44cce7,4.5
10227,2019-08-04T11:06:28Z,0c959027ce302054b09087cac97a83aa7e24fb9e4fa2710763f912cb,60.16829,24.94214,00000000afef4555,3.09
10228,2019-08-04T11:06:28Z,0d2490ed58c11eb4a754a30cc4bcb21c7243d322a2caf7cc360e4e8c,60.17065,24.93641,000000000f4919c9,33.81
10229,2019-08-04T11:06:28Z,0e113c5ed3abcdfb31d27c3125f6cf01e3b96e4ed7eca1aaea855f77,60.14947,24.91438,000000004ef3150d,20.28
10230,2019-08-04T11:06:28Z,1067b041807277ecf9cea5b55c265a37808239544e559e2cfdfcb3ce,60.16762,24.95415,000000006b44cce7,17.4
10231,2019-08-04T11:06:28Z,1083b7adffac22c0fd933b3dd2c5bb41ddc6258467eed8d56f93dc01,60.16762,24.95415,000000006b44cce7,13.75
10232,2019-08-04T11:06:28Z,10ca87ada637a6524de98a11c8d3d3d3cfa8f7f5ea839b29c2b132a0,60.16762,24.95415,000000006b44cce7,21.87
10233,2019-08-04T11:06:28Z,1107822441d53ff89eb9cb0d022a37202aed47bd82dca4bc175d6837,60.16762,24.95415,000000006b44cce7,7.05
10234,2019-08-04T11:06:28Z,116e59da308964e8eb82cb6e5a758aad726ec3800f0fa17bc661e8fe,60.16762,24.95415,000000006b44cce7,9.92
10235,2019-08-04T11:06:28Z,1327ce24f157334f864f913637993c80380ce5f5c911e4b0d31c5eb7,60.149,24.9843,00000000fffb8cf0,1.25
10236,2019-08-04T11:06:28Z,13b0a8ca1414d7b2b0e8d5f80069a5d26c6f62a68b58eda25a4b85f4,60.16829,24.94214,00000000afef4555,9.92
10237,2019-08-04T11:06:28Z,1556d4a76070c26554efa12b4b9c53766a4cc394e8b74ee37f2fff65,60.17065,24.93641,000000000f4919c9,25.36
10238,2019-08-04T11:06:28Z,169c77f0d714e38eb1e798b14fa42ce3fefb0ec1d6f9e93a38a872f1,60.16762,24.95415,000000006b44cce7,5.41
10239,2019-08-04T11:06:28Z,182e58bd6c3c8d836225d454a878bc55d8ed5166564a22f8b635f6ff,60.14947,24.91438,000000004ef3150d,20.28
10240,2019-08-04T11:06:28Z,18798273af8a6fade4ca41e909ce1e8ce24a24e7f7fd0b7275d82b55,60.16829,24.94214,00000000afef4555,20.28
10241,2019-08-04T11:06:28Z,1921be9815a57f11f291ca085add7b4bf1d044518b03b725df7cf7d5,60.149,24.9843,00000000fffb8cf0,25.36
10242,2019-08-04T11:06:28Z,1a06b5f7f305badd45e93db9d86d76ed3a2a96ec55ec47c836921e3e,60.16762,24.95415,000000006b44cce7,8.38
10243,2019-08-04T11:06:28Z,1a9a0f74c353624c42c19c007e82c9c2547b7285d8353d0e375e3f05,60.14699,24.922,00000000a53ed894,9.92
10244,2019-08-04T11:06:28Z,1bb2f4f8b50da61fefc349e20d2cfdc7d34a9ad1c0a13724cbd438aa,60.16762,24.95415,000000006b44cce7,20.28
10245,2019-08-04T11:06:28Z,1c38009e9b89bd8b0d6744bf54ebae9a8ad2dc2868cdfc3f2e399509,60.16829,24.94214,00000000afef4555,18.79
10246,2019-08-04T11:06:28Z,1c8c3befa38b65f707dd4933a68e5e3c9e7c82592fd382779127416b,60.16897,24.95222,00000000aa852af1,18.79
10247,2019-08-04T11:06:28Z,1ce242f8d8220cd38bf3ea9138c99ae9b2f79b28e68edb864f090ec9,60.149,24.9843,00000000fffb8cf0,7.05
10248,2019-08-04T11:06:28Z,1de509b10ed308796e82bb0f51f17f68e2fdfbcc3d6bed69c40eb7fd,60.173,24.92524,0000000096918cfa,17.4
10249,2019-08-04T11:06:28Z,1f6e5095c2c365e120a526c9111895459bc08fb351b964a350cdb64f,60.16762,24.95415,000000006b44cce7,9.92
10250,2019-08-04T11:06:28Z,1fa2c533bba37b249a0105001153733e67a559d40c22cab67f135f64,60.14947,24.91438,000000004ef3150d,5.41
10251,2019-08-04T11:06:28Z,2136558e0a9a89ed5aa044485a8e31bff3b7e5acf38c645a06782afd,60.16448,24.97323,0000000053c6c2be,23.56
10252,2019-08-04T11:06:28Z,21409ab0d30ff4570e66691b5e33d5f39735ac96d850dadcbe20ee0a,60.14699,24.922,00000000a53ed894,29.32
10253,2019-08-04T11:06:28Z,21e1b0aebd1c050ac0463a0269b847e7e94b782ed10399e5e749817f,60.16829,24.94214,00000000afef4555,21.87
10254,2019-08-04T11:06:28Z,227b93698b29687beea48184f42aab63a21fa362af7251be32db2e15,60.16531,24.9442,00000000fdda10fe,3.74
10255,2019-08-04T11:06:28Z,23786c82e2641aed0e0b004658480a212bf0397568e914487819045c,60.16897,24.95222,00000000aa852af1,16.1
10256,2019-08-04T11:06:28Z,23b4a8c7918ca417eab83481a710fd544e1fa8bf7073b5955c0155c8,60.14699,24.922,00000000a53ed894,23.56
10257,2019-08-04T11:06:28Z,23b7c1b09dfbcbf722a4c48303dd0435cf9885a516d5eebb6538844f,60.16762,24.95415,000000006b44cce7,13.75
10258,2019-08-04T11:06:28Z,2535cb5c89ec66044a005b03dd769ca8d0022164a816c06db0e49892,60.16762,24.95415,000000006b44cce7,4.5
10259,2019-08-04T11:06:28Z,2671a156fa8d8bb05970481c8f83bcf9f261f73dae27f2bb9ac88aeb,60.14699,24.922,00000000a53ed894,16.1
10260,2019-08-04T11:06:28Z,2724e42551f43106ea58a8fcc6a43953baa1294cd65e17a90012f706,60.17065,24.93641,000000000f4919c9,0.41
10261,2019-08-04T11:06:28Z,28741c2e5e348fe81dec0518a21c0930c98a25b6fcece61a262d50de,60.14699,24.922,00000000a53ed894,9.92
10262,2019-08-04T11:06:28Z,296a0ffe230305a3d37818a0369b56c99dacdd5df5a161bf238e1084,60.16762,24.95415,000000006b44cce7,5.91
10263,2019-08-04T11:06:28Z,29f5adc4d67413b7d368e8e94a41cf48339e3f5f0903f660170c4fe8,60.17919,24.95181,000000007b5207b6,9.12
10264,2019-08-04T11:06:28Z,2a80aed2c40e7e70ca12152ac812abd79aa1d13efcec25a6d3395136,60.16762,24.95415,000000006b44cce7,7.05
10265,2019-08-04T11:06:28Z,2c85e4140ca0ba77c3598ceac05eb2c2342409ce8111c863fc58c606,60.16829,24.94214,00000000afef4555,6.46
10266,2019-08-04T11:06:28Z,2ccaeb30423977ff22b6afc29243b861b476a5f4ffafdf200d326d78,60.17002,24.94407,000000006b087f40,27.28
10267,2019-08-04T11:06:28Z,2d0349a4148a147b05e00cd46c137dd208ba2a8ce9327b493615f1a6,60.16829,24.94214,00000000afef4555,14.89
10268,2019-08-04T11:06:28Z,2de87ef94604fb63bec05eefb71b6cdd0b9807f8551159c2a35e7259,60.17065,24.93641,000000000f4919c9,6.46
10269,2019-08-04T11:06:28Z,2e6e6f89a7d75f0742d016de203c9acc8d6f6bdeb7b56bd12f482653,60.15432,24.9211,0000000019fb59c4,10.78
10270,2019-08-04T11:06:28Z,2fe2e4165984d7880628aec591ce4747f18947da70312e6afca2946b,60.14699,24.922,00000000a53ed894,14.89
10271,2019-08-04T11:06:28Z,303e51dd6e5cca35a9f9f76fbe8ef97bd64a9dc6b4e965b1f74ca279,60.14699,24.922,00000000a53ed894,13.75
10272,2019-08-04T11:06:28Z,30bee351808d5e8082ce012b57f5bc0efc80f8394491a182e0eeee32,60.17919,24.95181,000000007b5207b6,25.36
10273,2019-08-04T11:06:28Z,31659a798f1d780d587f07390c038a78fafa6cabb8180dba635863ce,60.17002,24.94407,000000006b087f40,7.05
10274,2019-08-04T11:06:28Z,32c522c1fd94f744d2f7e44e74e1b6bafbbd4531ff134187730e7ad5,60.16544,24.95398,0000000038d83d41,21.87
10275,2019-08-04T11:06:28Z,33a5da4eacfc49fefa067790c9fada1a86d9793367ded845a46f0779,60.16829,24.94214,00000000afef4555,17.4
10276,2019-08-04T11:06:28Z,3417d8a6b53687e70f126ebeb1d26a2ff6369dc9a551c3c35c5a04f9,60.17002,24.94407,000000006b087f40,18.79
10277,2019-08-04T11:06:28Z,35f337dd3baf0bc08002ec007d609b685ac29bb2a8bcad6783532a6b,60.16829,24.94214,00000000afef4555,18.79
10278,2019-08-04T11:06:28Z,374083907dd8980893623726af5633afd59b519c885ad12ba5c674eb,60.17002,24.94407,000000006b087f40,17.4
10279,2019-08-04T11:06:28Z,38561a086c97342a24583c26b33205da50e3e973a8147fe016a4a9ff,60.16829,24.94214,00000000afef4555,14.89
10280,2019-08-04T11:06:28Z,386dea4944e0b83648b4b6faf510fd47b0e9e29a2bb9311fe8a80ee2,60.17919,24.95181,000000007b5207b6,21.87
10281,2019-08-04T11:06:28Z,39d87e6f6d7c2e802e8491b1b7e4a1357dd040cdd28dabae3138d99a,60.16629,24.95957,00000000fb7600be,17.4
10282,2019-08-04T11:06:28Z,3ac85712ab657e849113d439795c4e7325d1025cacdbd9a41174b031,60.17002,24.94407,000000006b087f40,20.28
10283,2019-08-04T11:06:28Z,3ac9d056b0f04f774b238a125eb996d46437f7a8c5f6ba6712e971cf,60.17918,24.95141,00000000675d5200,8.38
10284,2019-08-04T11:06:28Z,3b355c039877bd4883845f3fc6ad8dd6f41f170274042f1397585680,60.149,24.9843,00000000fffb8cf0,9.12
10285,2019-08-04T11:06:28Z,3c7df7d16658abc47ed9e66342a99269fee33785ea550021877f84a4,60.18203,24.91341,00000000342570c2,27.28
10286,2019-08-04T11:06:28Z,3e36420df19c06796a79acdad84551653de9b0132cb0987329f75291,60.16897,24.95222,00000000aa852af1,16.1
10287,2019-08-04T11:06:28Z,3f67c6713a6cca446a46616c9970c7a2ddffb03f21e10c8ea9b2f380,60.16897,24.95222,00000000aa852af1,13.75
10288,2019-08-04T11:06:28Z,3fde075082af3062c2bebc5e09ad55bda3de70b5f492bdfb21f284c9,60.173,24.92524,0000000096918cfa,16.1
10289,2019-08-04T11:06:28Z,3fe4e214448b0c9a8dfbee81c347d82a8f0b26859201fb1d77f40fa9,60.16762,24.95415,000000006b44cce7,9.92
10290,2019-08-04T11:06:28Z,411febba567281e3da6030aa21191fe5efdd090f54aec41ca291563a,60.16897,24.95222,00000000aa852af1,18.79
10291,2019-08-04T11:06:28Z,42d34a6c595760e51052178acc978bdb2b6348e0405f7b58c57f0915,60.16829,24.94214,00000000afef4555,12.69
10292,2019-08-04T11:06:28Z,439ff6b8ff9dc79d47e223164a87fc2d620f29bc7ea1bc7ea4c5cc58,60.16897,24.95222,00000000aa852af1,21.87
10293,2019-08-04T11:06:28Z,4472fa277123afabdf2402fc2a3c5bff2be437e6d56b590278de70fc,60.17065,24.93641,000000000f4919c9,33.81
10294,2019-08-04T11:06:28Z,448f6044c6c095d8c71341a0017dd6746f6e150f03af7c78b794308f,60.16762,24.95415,000000006b44cce7,14.89
10295,2019-08-04T11:06:28Z,44cd8828dd4aa11ea599139af3d3aafbcd09ca0c2558f26ed1c72e17,60.14699,24.922,00000000a53ed894,9.92
10296,2019-08-04T11:06:28Z,465eab28635efe98500085ceb161cf941d02272a0107fbbfb2203c29,60.16829,24.94214,00000000afef4555,14.89
10297,2019-08-04T11:06:28Z,46b576e18e757fc4ec008b41d3c28ec5415a2c2c2f143042e5413137,60.16762,24.95415,000000006b44cce7,13.75
10298,2019-08-04T11:06:28Z,474c1d4ef0fa3c491e44755d0374e003730bcfdbda15e3af17bd0aaa,60.14699,24.922,00000000a53ed894,27.28
10299,2019-08-04T11:06:28Z,47eccbfb2db7bb200aacfdad7243168bd30714cc78da342bbe53df7b,60.16629,24.95957,00000000fb7600be,21.87
10300,2019-08-04T11:06:28Z,47f787c639f2eed345eb5dca409ffcd989850399a1ab781500dd6e82,60.17919,24.95181,000000007b5207b6,9.12
10301,2019-08-04T11:06:28Z,4800d49ec59e1cde34360defcce4c2a0c6a58919303c1fe6fdebceec,60.16762,24.95415,000000006b44cce7,13.75
10302,2019-08-04T11:06:28Z,4833b1ea4f519407574f5a838d93a39de28c756c5f53de7ee273b577,60.14947,24.91438,000000004ef3150d,8.38
10303,2019-08-04T11:06:28Z,49084ae4b6419be9e7bb0c9b1420142e07d6ac3c17c07c26895461ed,60.16829,24.94214,00000000afef4555,17.4
10304,2019-08-04T11:06:28Z,49b391c05bd4e5231579392d798036a0139a8ea4e4d4509a7cb3901f,60.16829,24.94214,00000000afef4555,20.28
10305,2019-08-04T11:06:28Z,4a54cbed9c373a4136f8851f3f5736eb2fadd5766d316eb5ebbdd231,60.17919,24.95181,000000007b5207b6,18.79
10306,2019-08-04T11:06:28Z,4ae55b5046b30303930ee339fa9c70c922844d1bfe89a2e7180d53ad,60.16829,24.94214,00000000afef4555,27.28
10307,2019-08-04T11:06:28Z,4b5b3e8f2b484bc08b196c265f65c70151bd69f6263318eb29125db2,60.16829,24.94214,00000000afef4555,3.4
10308,2019-08-04T11:06:28Z,4cf634fc84e128c3b9bce07a4b726d136e18f0eea4229fdbb48f6db1,60.16897,24.95222,00000000aa852af1,9.92
10309,2019-08-04T11:06:28Z,4d31b0561dbfc9ef5acbd44ba92acb4ca7bad86b948634f005173ece,60.14699,24.922,00000000a53ed894,17.4
10310,2019-08-04T11:06:28Z,4f70e840d6af52421579bfccf58986134f2c0076d3cbbfbfe52ee972,60.16762,24.95415,000000006b44cce7,16.1
10311,2019-08-04T11:06:28Z,4fb520047f37fa983320c3e4508eb950a4b2340e6a52ed3034068a1a,60.149,24.9843,00000000fffb8cf0,50.98
10312,2019-08-04T11:06:28Z,51789c3026ccfe7e846e44fcd833d006941c2789b9693c77df5a7c98,60.16762,24.95415,000000006b44cce7,3.09
10313,2019-08-04T11:06:28Z,52daa31a2b3c1c07f78d96ebb4de3a965da5ef0a8035afbd0f7451fb,60.16531,24.9442,00000000fdda10fe,12.69
10314,2019-08-04T11:06:28Z,52eb34f627a67270166fbf3dbbc7e4896d09b0a5da2e95d29fb7021d,60.16762,24.95415,000000006b44cce7,14.89
10315,2019-08-04T11:06:28Z,538f05c49f43aea0fda8bfcfd03d1ac2fc05b55d83fda538cd91e2a4,60.16762,24.95415,000000006b44cce7,9.12
10316,2019-08-04T11:06:28Z,542a405b620e6d166ecc5eadd979b3936d831cea3aa7b75316adb4ca,60.16897,24.95222,00000000aa852af1,13.75
10317,2019-08-04T11:06:28Z,54d53f276563f566e1cd61b100408412cf78b4fe9fcada830aa6e23b,60.14947,24.91438,000000004ef3150d,9.12
10318,2019-08-04T11:06:28Z,5518b2315c236d486c7a5a4fc27c44987672b2f9a0751ffdaa9cbf78,60.16829,24.94214,00000000afef4555,5.41
10319,2019-08-04T11:06:28Z,56101419005237b836e4ed14d91dfa6f9edc4c92b5fcb419943897bb,60.16762,24.95415,000000006b44cce7,9.12
10320,2019-08-04T11:06:28Z,56318cc7f3616fceec2564cbb1f6ca8b88ea861935a1ada93aafd7b0,60.16897,24.95222,00000000aa852af1,16.1
10321,2019-08-04T11:06:28Z,565a35900ed1794a9d566f6fc12f2710875a10eb7c8e6fa0ddd92626,60.14699,24.922,00000000a53ed894,7.05
10322,2019-08-04T11:06:28Z,571934189bf349efb6f596e76c21612cf9b82ed44913090169936048,60.17065,24.93641,000000000f4919c9,9.92
10323,2019-08-04T11:06:28Z,586f70961bf72597ce00f89d3602178ecc6ac8838a8acec48bba7f9f,60.14699,24.922,00000000a53ed894,10.78
10324,2019-08-04T11:06:28Z,58c5faa3a5a33380286fc185676e8f2764cdde5a6dc9f43eee9d3b0c,60.16448,24.97323,0000000053c6c2be,18.79
10325,2019-08-04T11:06:28Z,59b87e6921598d25b092b66e140328fa03c9f06fe4e697dd344f378a,60.17002,24.94407,000000006b087f40,16.1
10326,2019-08-04T11:06:28Z,5a755f0653ee0e334448418099ed85023db0a9984c280cfbadd74160,60.173,24.92524,0000000096918cfa,23.56
10327,2019-08-04T11:06:28Z,5c404f374a48548bfe8b02859d12ae59c4ae608fae2139fd71ef51b1,60.16762,24.95415,000000006b44cce7,9.12
10328,2019-08-04T11:06:28Z,5d9aa6fcb0d81ceaa80ca13cc08a88138be517656646e0ba0942ce46,60.16897,24.95222,00000000aa852af1,9.12
10329,2019-08-04T11:06:28Z,6022019a95573b888ca7b3161da098935ea0ad7793437ee40a32a5f3,60.14699,24.922,00000000a53ed894,21.87
10330,2019-08-04T11:06:28Z,6138e6ab3e1e74425af8945a6fcc294c1469a0b9c448b780bcf9d2e2,60.14699,24.922,00000000a53ed894,14.89
10331,2019-08-04T11:06:28Z,62e27092b58abcaf80564c408d0d4a7b821abaee92dc2f02ccb11e61,60.16762,24.95415,000000006b44cce7,7.69
10332,2019-08-04T11:06:28Z,63e498fd789abe431cdf86f184a50616c85717e1efc893da1e1a2222,60.16897,24.95222,00000000aa852af1,18.79
10333,2019-08-04T11:06:28Z,64d10ef0926ecca987bad278990d966d8fac8775f03847d1f5a4a2f6,60.16762,24.95415,000000006b44cce7,16.1
10334,2019-08-04T11:06:28Z,66755836036c771e53ffd9d0dc09b8575231b53b80af22e868691a2a,60.14699,24.922,00000000a53ed894,3.74
10335,2019-08-04T11:06:28Z,6770188bfb70997d029b95fe32bafef6ca944778a3f1a35d0fa674b8,60.16829,24.94214,00000000afef4555,23.56
10336,2019-08-04T11:06:28Z,67f40bc0dbe44eeec6554d6e4e169d266d48223b9a305ca3b56dcd83,60.16829,24.94214,00000000afef4555,23.56
10337,2019-08-04T11:06:28Z,69158bfbcf8399435cc52d623b530dc75089182b7ab05efb64e64021,60.15432,24.9211,0000000019fb59c4,21.87
10338,2019-08-04T11:06:28Z,69852d528034ea6fc746ed8942c32f1c90bc33a7a7317dfac3c9b1c1,60.14699,24.922,00000000a53ed894,6.46
10339,2019-08-04T11:06:28Z,69d8c906060e226ff0f0f7e78029575f2ee07ebec657a3b641419268,60.14699,24.922,00000000a53ed894,16.1
10340,2019-08-04T11:06:28Z,6a26d412be89e31774a0ffbd2191ae4954cd1d6a280ba6c2b01a5d46,60.16762,24.95415,000000006b44cce7,6.46
10341,2019-08-04T11:06:28Z,6a611aaa1fa77baf03191f0143c2a00dd06c9730c67d30c1eb06afcc,60.16762,24.95415,000000006b44cce7,8.38
10342,2019-08-04T11:06:28Z,6ac1903c80e63433e4bc744dc0e801bff647117d38d3753fb9a6a4c1,60.173,24.92524,0000000096918cfa,14.89
10343,2019-08-04T11:06:28Z,6ac8fdd67b3dd11f0bae935f3a285880138382088238b97f511d3f12,60.16897,24.95222,00000000aa852af1,12.69
10344,2019-08-04T11:06:28Z,6c637347d64659d1b29b0461397fccfbff09339872c14e32469fbd0f,60.16762,24.95415,000000006b44cce7,11.7
10345,2019-08-04T11:06:28Z,6c97da4ba9462e7fe786a472989dab23340d31809dd78d5617204da4,60.16829,24.94214,00000000afef4555,9.92
10346,2019-08-04T11:06:28Z,6e2fbf091d5c86667e060d7ec44f48f0f5d7b1d55b1899f2939f247a,60.16762,24.95415,000000006b44cce7,4.5
10347,2019-08-04T11:06:28Z,6e492dbc3f10157e7ff00826a839a97262ab36244ccc57b702a89999,60.16531,24.9442,00000000fdda10fe,5.91
10348,2019-08-04T11:06:28Z,6ed478b9924df6bb6e6abe0b376f750b2c4abd0bf4f3d32b71b07446,60.16829,24.94214,00000000afef4555,25.36
10349,2019-08-04T11:06:28Z,6faf62fbff92729472d61bc9a13a5e72833e55bf713863161f8ca9cb,60.15432,24.9211,0000000019fb59c4,18.79
10350,2019-08-04T11:06:28Z,700c14fe35186c01f82d0f13e99678e0c1db2b2fd58051b08fda606a,60.16448,24.97323,0000000053c6c2be,31.5
10351,2019-08-04T11:06:28Z,714e80a1e3c0fee43e312f314b2faec47e582ee8dac47e4818dbc2f9,60.149,24.9843,00000000fffb8cf0,12.69
10352,2019-08-04T11:06:28Z,71516fc8349cfaf2b5c4ab80ade6078494d93d13e9953af15e5ced30,60.18203,24.91341,00000000342570c2,13.75
10353,2019-08-04T11:06:28Z,738973c9b5f9882f29075e47ca10e50ba3fb9883da779f41545175f4,60.17919,24.95181,000000007b5207b6,14.89
10354,2019-08-04T11:06:28Z,7484ecf89e24efb4a366562730f7341391f930dad7b216184022d0da,60.173,24.92524,0000000096918cfa,25.36
10355,2019-08-04T11:06:28Z,7563e2805259a5bf1add6d88075dae8642e8c22e0ecce584ac3e01cf,60.16829,24.94214,00000000afef4555,21.87
10356,2019-08-04T11:06:28Z,75d452cbba63995ad06213b577081e8db650c80b3a78060789a8e831,60.16762,24.95415,000000006b44cce7,7.69
10357,2019-08-04T11:06:28Z,77964c48bd2a8658eeedae4be816422b0ef0be1ee1b6f9093b47f14e,60.14699,24.922,00000000a53ed894,25.36
10358,2019-08-04T11:06:28Z,7804799a34d94440ab3520238b9ab58a0466b4230cd360f0f2159075,60.16762,24.95415,000000006b44cce7,20.28
10359,2019-08-04T11:06:28Z,79773ee1ebdf8252053d8ffb326b77bb05a7cdb76041102e73d3767c,60.16762,24.95415,000000006b44cce7,9.92
10360,2019-08-04T11:06:28Z,79bde23c1a8980f93a65e14306f0d8ea89e164430d8b991e2bfee82e,60.16531,24.9442,00000000fdda10fe,21.87
10361,2019-08-04T11:06:28Z,7bb434564bd2430d4e1fff5a245098d487317d3e7e7edde956307d45,60.14951,24.92138,0000000006dd41f6,18.79
10362,2019-08-04T11:06:28Z,7c54a2b3743def9287caccd19dc542caf569d06507bbfc885490ac27,60.17918,24.95141,00000000675d5200,20.28
10363,2019-08-04T11:06:28Z,7c55ecf165387948602e82b684a55be093691849fde2d96ad6574475,60.17065,24.93641,000000000f4919c9,18.79
10364,2019-08-04T11:06:28Z,7ddcdde2316659d0fa4b8597b86430e095ea0bc7f3564a9d05fc60f8,60.16897,24.95222,00000000aa852af1,11.7
10365,2019-08-04T11:06:28Z,7de4ba54f0d667a69cb0b6d625856bc6b040f51a42f91beae366a269,60.16762,24.95415,000000006b44cce7,11.7
10366,2019-08-04T11:06:28Z,7e78b2348d9576c63ebb626030ee9d43e2bf07e860782adf3f1c452b,60.16829,24.94214,00000000afef4555,11.7
10367,2019-08-04T11:06:28Z,7eefc5581c616491b78192b28b519ba727dc884a87bc06b8df1ea4f2,60.14699,24.922,00000000a53ed894,17.4
10368,2019-08-04T11:06:28Z,7f95126e2fe39b74b61f9df1002b58453d22fe79458cebfeed9b9982,60.16829,24.94214,00000000afef4555,14.89
10369,2019-08-04T11:06:28Z,7fe2da2d441d71c5853dc76eb7d62293a75686b735ae22dafc34e39d,60.17002,24.94407,000000006b087f40,25.36
10370,2019-08-04T11:06:28Z,822590bd49bcf7ed4de4f8389586915c343b29c4283ff8b90d7c1d39,60.17065,24.93641,000000000f4919c9,11.7
10371,2019-08-04T11:06:28Z,82ac749474448abac333d00869cb8b508872f86293913d95eae26a05,60.15432,24.9211,0000000019fb59c4,7.05
10372,2019-08-04T11:06:28Z,82cddd3b9f58762d36efe78da4e2722ee587cfdb3fdbc58b52673082,60.16629,24.95957,00000000fb7600be,12.69
10373,2019-08-04T11:06:28Z,844b8ad6ebf530978d1139d527a681991f4d3eed6be5bc723f0b2192,60.16531,24.9442,00000000fdda10fe,1.01
10374,2019-08-04T11:06:28Z,85b440c4e1125b1e2531499de3b19b82ae4b7eabb4d89c63c97fa83b,60.16829,24.94214,00000000afef4555,31.5
10375,2019-08-04T11:06:28Z,87ea10367f1569e575dc4bc60f0f4238eafb52ba8a2cc8e5e4584232,60.16829,24.94214,00000000afef4555,9.12
10376,2019-08-04T11:06:28Z,87f4cf4baea8c5dfe1bc7812cc969574058bd4d2dda215192bcfc53f,60.14699,24.922,00000000a53ed894,5.91
10377,2019-08-04T11:06:28Z,886032718e05487be8bd75bb14464814044c7edd7f9a2198304f6fb4,60.16629,24.95957,00000000fb7600be,16.1
10378,2019-08-04T11:06:28Z,8a01cc1ef99f9ea16785412c604aa6bb2750299d67ea94214401d645,60.16762,24.95415,000000006b44cce7,18.79
10379,2019-08-04T11:06:28Z,8a7f5012c000c420f0a336a3988c72cf2b373818f4f3f369e994d8e4,60.16829,24.94214,00000000afef4555,13.75
10380,2019-08-04T11:06:28Z,8c4e4851db86ec4a3ce29a58be770eb29c38b9a983351bb67d781982,60.16897,24.95222,00000000aa852af1,3.09
10381,2019-08-04T11:06:28Z,8ca6cbf91a04db796810f40ee019369f331d79472e4acd09f75cbac8,60.16829,24.94214,00000000afef4555,18.79
10382,2019-08-04T11:06:28Z,8e2c857270f20b124ad4a698a7f64eb83c30bd96bbc5355374785cf2,60.149,24.9843,00000000fffb8cf0,36.27
10383,2019-08-04T11:06:28Z,8e32f03aa51152a06255173f7dc5aaa2c75cef6f6aa829bd51fea777,60.16762,24.95415,000000006b44cce7,9.12
10384,2019-08-04T11:06:28Z,8f3d9ab893ae4a48fd3417f3a749c21e792779990ae0ad75a8f211de,60.1538,24.95595,0000000038bf9618,27.28
10385,2019-08-04T11:06:28Z,8f7fec0a4f5d4eb0710dd40c356e0c82dbd9360772fade341a50ba37,60.14699,24.922,00000000a53ed894,27.28
10386,2019-08-04T11:06:28Z,904a40e32a081181211d67e5dc7925882d2f4ef3b813b03d0133e26d,60.16629,24.95957,00000000fb7600be,23.56
10387,2019-08-04T11:06:28Z,9076d80e9828efb679c61440c6dcc2fce4d90055e5fb084d00bb87fb,60.173,24.92524,0000000096918cfa,20.28
10388,2019-08-04T11:06:28Z,90b12d2b9898702fd62b343512e0d53796ae38decdf704e203a0cc39,60.16829,24.94214,00000000afef4555,17.4
10389,2019-08-04T11:06:28Z,90d4c1afcc0181a5ecb35cd4d80abe243df7d8fdbaf563a138d0525c,60.16829,24.94214,00000000afef4555,18.79
10390,2019-08-04T11:06:28Z,91602a694bc74a2874ba7f02a7bae062a3a77cd869b86a74800415b8,60.17919,24.95181,000000007b5207b6,21.87
10391,2019-08-04T11:06:28Z,92df20d921f76c63470e3f5afbe201d3ae15f5133f66c291db796082,60.16629,24.95957,00000000fb7600be,17.4
10392,2019-08-04T11:06:28Z,93272ad17155ea9499641eda7c5560691582116096278b82738ab21e,60.14699,24.922,00000000a53ed894,8.38
10393,2019-08-04T11:06:28Z,934bab75e2a2354910288b01c44fdfda4a87f92ac010109f641b3122,60.14699,24.922,00000000a53ed894,16.1
10394,2019-08-04T11:06:28Z,951482f3e2e41b496e34885c346c4a7ab09427178119caa9b8bbcbb6,60.14947,24.91438,000000004ef3150d,9.12
10395,2019-08-04T11:06:28Z,9558753228fb3007f59382a0595018488e2e7430248f8824a5badb80,60.1638,24.96846,00000000d747f075,25.36
10396,2019-08-04T11:06:28Z,97490f522f1a0226c8f7e8ed7bca08dd71b63d80b46d38020127b868,60.14699,24.922,00000000a53ed894,14.89
10397,2019-08-04T11:06:28Z,998ac46ad73c197bab1f36dca67d8bcaa3aca92249185a5e3715043f,60.17065,24.93641,000000000f4919c9,20.28
10398,2019-08-04T11:06:28Z,9aa588cb6f425117e45726b6b9adb7ef86c8f7c8113b547dc61f068a,60.16897,24.95222,00000000aa852af1,18.79
10399,2019-08-04T11:06:28Z,9ab0a60cb60531417ac6ec5ebc6ef591d2f39019c6b0bcb5a89101a2,60.14699,24.922,00000000a53ed894,16.1
10400,2019-08-04T11:06:28Z,9b4b0705e58750d2bcbd71ad65d85677f7e77db5dfe69d1a70b5d31f,60.17919,24.95181,000000007b5207b6,9.92
10401,2019-08-04T11:06:28Z,9bc50d931d6c1678284177395958d15f05b45d60ae7bc09fe1e1694e,60.16762,24.95415,000000006b44cce7,4.11
10402,2019-08-04T11:06:28Z,9bc91538b73e0220fcf5cd07290c07d56f6f48d3ba0ba6b6b0876da9,60.17065,24.93641,000000000f4919c9,23.56
10403,2019-08-04T11:06:28Z,9c0b1d2c4c67c07e547e810a94efeaaa1187ae82977e03748470281c,60.16897,24.95222,00000000aa852af1,16.1
10404,2019-08-04T11:06:28Z,9ced7d70503ba24882b6e283fa95ce42e02c1a3618adeb448558c50c,60.16897,24.95222,00000000aa852af1,21.87
10405,2019-08-04T11:06:28Z,9eb1e9bfdceb76ef852f89ebd82139602125f9731b791465e1c21f81,60.16829,24.94214,00000000afef4555,12.69
10406,2019-08-04T11:06:28Z,9f1920350685b4cb747c535ba3c3dc1cb29587668bd507ab96e5692f,60.16629,24.95957,00000000fb7600be,20.28
10407,2019-08-04T11:06:28Z,a0ec1a8d581f94e640a6858a674699d2464ec065e6faea9d4ce2a13b,60.16762,24.95415,000000006b44cce7,6.46
10408,2019-08-04T11:06:28Z,a1439b6683d0598c7a05080c3693a17c198f7b8c3297c77324ef4859,60.16829,24.94214,00000000afef4555,17.4
10409,2019-08-04T11:06:28Z,a20a11944d9440f1f8e4ea6262408f673f2a8380c4e13dda1a073d8d,60.16897,24.95222,00000000aa852af1,12.69
10410,2019-08-04T11:06:28Z,a25b897b52089b243421b68349d3f15e60ce8249d11c889a4626bfc7,60.18203,24.91341,00000000342570c2,18.79
10411,2019-08-04T11:06:28Z,a2f0adf51cb9d2a5417cc0797183513a8bbcecfbc717a1b63e42027d,60.16762,24.95415,000000006b44cce7,3.4
10412,2019-08-04T11:06:28Z,a30740fbf4b7e21f6fe2996e9325c90936de161cb2165e87cd96fd35,60.149,24.9843,00000000fffb8cf0,9.12
10413,2019-08-04T11:06:28Z,a3c1a4a58b9381c27b1d5076e0d8d72039afccfb0e58438a80247324,60.16762,24.95415,000000006b44cce7,1.12
10414,2019-08-04T11:06:28Z,a50e0bb8fd1ad4ad264c3246b210a0c6285faae591c1bd2c2c3458af,60.16829,24.94214,00000000afef4555,11.7
10415,2019-08-04T11:06:28Z,a51a9aab75637e56bef3effddc420dfcd95b8cbd85d95917aaac38d5,60.16762,24.95415,000000006b44cce7,14.89
10416,2019-08-04T11:06:28Z,a5835ce352a1e6d8fb6bdc410fae1076c756f7dac8e202465add9277,60.16762,24.95415,000000006b44cce7,8.38
10417,2019-08-04T11:06:28Z,a5d632ac8ffc19a626de034d3c9444fd262ee6edada285c816ea9266,60.16531,24.9442,00000000fdda10fe,4.94
10418,2019-08-04T11:06:28Z,a764c2246c85b2b0aa79e581e2fe238da93de098abbb90aee24c11ca,60.16829,24.94214,00000000afef4555,16.1
10419,2019-08-04T11:06:28Z,a81c19fb85eebf853246cdc4d8e38245dfa5ba15c180eaa1bcc0378d,60.16829,24.94214,00000000afef4555,12.69
10420,2019-08-04T11:06:28Z,aa4547c0b6b8be30776e08d524ceeacfbc9930ad720e11fa4cb20882,60.16531,24.9442,00000000fdda10fe,1.38
10421,2019-08-04T11:06:28Z,aa45859d6157e9e86470ec8b81957acc35bafb1b7f419d79357a38cf,60.16829,24.94214,00000000afef4555,13.75
10422,2019-08-04T11:06:28Z,aaabd3028e2bd9f8b0e3a929c8728cb364551bd70da3208662b12033,60.16762,24.95415,000000006b44cce7,13.75
10423,2019-08-04T11:06:28Z,ab1377ddf669bb806f8db586f4ce5ab9f0f4257dda61fe800d8509f5,60.17065,24.93641,000000000f4919c9,27.28
10424,2019-08-04T11:06:28Z,ac4679e3db131ec2ea8e1111c8aa0d71020cf8796ecb11f142478394,60.14947,24.91438,000000004ef3150d,9.92
10425,2019-08-04T11:06:28Z,ac5c7e04b55d6d70659e5b8f4705309b9367c78a0edb7ce85f42c181,60.1538,24.95595,0000000038bf9618,38.87
10426,2019-08-04T11:06:28Z,ae3cda5066e455d4b1e58860e8fb7a35efad69b9964a676b476b0687,60.14947,24.91438,000000004ef3150d,3.74
10427,2019-08-04T11:06:28Z,b0d6202ccd1560eaf57c06931cb6466332e41068ad2963e515819015,60.17918,24.95141,00000000675d5200,21.87
10428,2019-08-04T11:06:28Z,b2298fc6f63c02481610f9aef24f1a0c1711c255adc43c0fe135c1ca,60.14947,24.91438,000000004ef3150d,6.46
10429,2019-08-04T11:06:28Z,b26d0daac9f8fb84484cbd8ed668aeb6751e848b1c533a307d163360,60.16762,24.95415,000000006b44cce7,7.05
10430,2019-08-04T11:06:28Z,b4c8900041e9f8751755d3940ceac58419e6370cd81cdb90d7800de1,60.14699,24.922,00000000a53ed894,18.79
10431,2019-08-04T11:06:28Z,b50b3c2006581bccfeaa9ea964649350c7d5b8177baa29a37e628584,60.14947,24.91438,000000004ef3150d,23.56
10432,2019-08-04T11:06:28Z,b59631b8902194c916f7d3ddcc02d4200a3de0380fa554d87e6856c0,60.17002,24.94407,000000006b087f40,18.79
10433,2019-08-04T11:06:28Z,b5cdbcdc30e0bf653ce353c867708b0067db5e394c8cbe848d978a77,60.14699,24.922,00000000a53ed894,21.87
10434,2019-08-04T11:06:28Z,b5f80d159e59c4558e49ea6fb68f6bc72ee9eb92bee60991bdf4e46f,60.16762,24.95415,000000006b44cce7,17.4
10435,2019-08-04T11:06:28Z,b601cd655bb9f05aa6ec86fc9eb9300c3bc20bc0e856e94ad168a257,60.14947,24.91438,000000004ef3150d,5.41
10436,2019-08-04T11:06:28Z,b61c6a5634cffe7dead72d5f6730e8439bee6dd2286d9df8f3052e3c,60.16762,24.95415,000000006b44cce7,11.7
10437,2019-08-04T11:06:28Z,b67f020b0677cdc52c864f559306fb750cdf47ce2eee6503a3cedb3a,60.16629,24.95957,00000000fb7600be,18.79
10438,2019-08-04T11:06:28Z,b9447a524f5b5bf98585b27b92195b09869ee9cd9da3cf8d2b59c57d,60.16829,24.94214,00000000afef4555,14.89
10439,2019-08-04T11:06:28Z,ba288a5fd2befbc9ed08e7876ad7cb2bd8bfe6f5756d2ffe8e2dc558,60.17002,24.94407,000000006b087f40,7.05
10440,2019-08-04T11:06:28Z,bac5abd66caf627f4579d5c2cddad074267cd5bac95bd0e68a1e1fb7,60.16897,24.95222,00000000aa852af1,31.5
10441,2019-08-04T11:06:28Z,bbf7d8b9085ddcd3b94f55f93b52cb40a251c44f5df4099ba5b61471,60.16829,24.94214,00000000afef4555,7.69
10442,2019-08-04T11:06:28Z,bc07df8cc395f6f4f5d483b2233caca5f93a6918f346e4cc3702f8cc,60.16531,24.9442,00000000fdda10fe,23.56
10443,2019-08-04T11:06:28Z,bd9ae87a8dbb50b17431f83899fe3c4f986b578fc415237b1315607a,60.16629,24.95957,00000000fb7600be,23.56
10444,2019-08-04T11:06:28Z,bdc8bd416444be70683b3475302093428e4abe14284e9579617fe8ea,60.1638,24.96846,00000000d747f075,23.56
10445,2019-08-04T11:06:28Z,bfd5c2630b36fde15de01ea74e598d035402cf1edb7c9230617927e0,60.16762,24.95415,000000006b44cce7,7.69
10446,2019-08-04T11:06:28Z,c012e9e2caf1002d24e53817bb1279becdfc4aa9dba085e93ddd88e9,60.17002,24.94407,000000006b087f40,21.87
10447,2019-08-04T11:06:28Z,c0a0ca3433586ed2ae0e448f2406fabac7292ac79d49562e0bd5cef8,60.16762,24.95415,000000006b44cce7,12.69
10448,2019-08-04T11:06:28Z,c239e27b985c23449b6aa84b78560b1b4e535975f3ba059d7987efe4,60.16762,24.95415,000000006b44cce7,8.38
10449,2019-08-04T11:06:28Z,c270b5ea149968db6ed990ed940029e03adb44c1ffd5d833b0905ff8,60.16897,24.95222,00000000aa852af1,25.36
10450,2019-08-04T11:06:28Z,c27fee8ae8d689338b043608280c83cfa6f3276d3837ecea5f742dc3,60.16762,24.95415,000000006b44cce7,5.91
10451,2019-08-04T11:06:28Z,c2cc33e5b1b8d254d4bcbc0ffa13c9200676a39a191cc31a38d28d8d,60.17065,24.93641,000000000f4919c9,10.78
10452,2019-08-04T11:06:28Z,c2d88bc74172eb47d26ee5d739980baa7fc011b9973f9f18b482aa81,60.17065,24.93641,000000000f4919c9,23.56
10453,2019-08-04T11:06:28Z,c2e135ad2c160277e290705658ac41d7cd35b11ebf61d829fdd0b428,60.14699,24.922,00000000a53ed894,10.78
10454,2019-08-04T11:06:28Z,c55894159f2080031cda702c78ee54463c3c15ab1b3638afdf687f08,60.16531,24.9442,00000000fdda10fe,8.38
10455,2019-08-04T11:06:28Z,c739921adb150c53f1887c6ce887adc6cd7ae7e35e69f6e4dc52fe81,60.173,24.92524,0000000096918cfa,12.69
10456,2019-08-04T11:06:28Z,c7ced11121537f55bcd7d7ab67312226dafe7c85320c5357a35d5ab7,60.17002,24.94407,000000006b087f40,27.28
10457,2019-08-04T11:06:28Z,cb37b8fad0bc758cf37d7ea1052f3a98f29282ae37ec635d6eb2c511,60.16762,24.95415,000000006b44cce7,8.38
10458,2019-08-04T11:06:28Z,cc696789aed7ee6ea1dff48eae7da441c3a3ccb4f18ab60ba702c91f,60.16762,24.95415,000000006b44cce7,17.4
10459,2019-08-04T11:06:28Z,cca3b7ab9481b9594c8ca118cc4e23e00ece1946a27f37a1a21ace07,60.16829,24.94214,00000000afef4555,27.28
10460,2019-08-04T11:06:28Z,cd7d0e9404c9f4e8fab0742460b9acb4d5bbb97f44df80d4a8b973cd,60.17002,24.94407,000000006b087f40,4.94
10461,2019-08-04T11:06:28Z,cddbfc3b0a1459f0ea8d553779cf320d512cac6e64976182f2f0b3b7,60.16829,24.94214,00000000afef4555,11.7
10462,2019-08-04T11:06:28Z,d04b5065ec93818b731141027d11e6a1cf53de69b9737d7aea0c34da,60.14947,24.91438,000000004ef3150d,10.78
10463,2019-08-04T11:06:28Z,d182c680ddb684ba380aa8399074de2dfffda5e3e2300318160b9539,60.16762,24.95415,000000006b44cce7,20.28
10464,2019-08-04T11:06:28Z,d25e926dba8aa2c77f46ada32671b08b1176455c0e3693d160b87744,60.16762,24.95415,000000006b44cce7,14.89
10465,2019-08-04T11:06:28Z,d2e3bf982b10b2079eaa464127a286409c5030b21ffe9a2ce08bbb9c,60.16762,24.95415,000000006b44cce7,12.69
10466,2019-08-04T11:06:28Z,d2fd0c6415d2d8e49fef3415fb8747b524191b4400a4fbb66428cb12,60.14699,24.922,00000000a53ed894,18.79
10467,2019-08-04T11:06:28Z,d4c9ea46d58288bf42808788e668072465d91dd3c874a8a51de5794e,60.16897,24.95222,00000000aa852af1,16.1
10468,2019-08-04T11:06:28Z,d6a8c97f1ec18c7a90d3beae358bad67f8d53626258a852e15b08c5d,60.14699,24.922,00000000a53ed894,17.4
10469,2019-08-04T11:06:28Z,d71a315bac918f9a18fcd820731e6d9eb54fb0d01c324ca088ef8858,60.149,24.9843,00000000fffb8cf0,20.28
10470,2019-08-04T11:06:28Z,d81024e88bb9b04be64c793e92836ac82bec9eed4bfeef83accf8109,60.14951,24.92138,0000000006dd41f6,25.36
10471,2019-08-04T11:06:28Z,d83c1c2d3a3876c948e277bace6d013eafc0c4e118958e138f8b1257,60.16448,24.97323,0000000053c6c2be,27.28
10472,2019-08-04T11:06:28Z,d86f155736e4d36de5d33bdbb3b12b717b75de44852b93419af20945,60.16829,24.94214,00000000afef4555,17.4
10473,2019-08-04T11:06:28Z,da2398acaae7f39c7b80c220d4e6917bdc7655f4c71b6e36d06cb859,60.18203,24.91341,00000000342570c2,21.87
10474,2019-08-04T11:06:28Z,db4d3f81708de827ce30c4130610fd65b4d6d451ca5cf6b0c4e745d9,60.16829,24.94214,00000000afef4555,18.79
10475,2019-08-04T11:06:28Z,dbd2fa33dbaac339a8c9d8e04576b1088999b9314914676a2247737c,60.1638,24.96846,00000000d747f075,29.32
10476,2019-08-04T11:06:28Z,dc4072a3cfc00cca0bde9925adc82bb9c2548af1724368561eefcbf8,60.16762,24.95415,000000006b44cce7,16.1
10477,2019-08-04T11:06:28Z,dc82f9648bb5ba21e766e0923f5fa7ca2d77662ab0edbe22a3d95631,60.14699,24.922,00000000a53ed894,8.38
10478,2019-08-04T11:06:28Z,dcb8f3c3c5136c4abc8757fcb34fedc553ea044b0928f945d89334d5,60.16762,24.95415,000000006b44cce7,14.89
10479,2019-08-04T11:06:28Z,ddd0e663eb31ac94858d2a4e9af5e4782781e88c92102042190e6fcf,60.14699,24.922,00000000a53ed894,20.28
10480,2019-08-04T11:06:28Z,de48adf9d49eb3bc1d61dea4047618f6c77086fc44bd2b535d56504d,60.16762,24.95415,000000006b44cce7,1.88
10481,2019-08-04T11:06:28Z,de71e27b55ef6f2f51f05838a2fcab596f1dd93a14ece5ce4548f5c7,60.14699,24.922,00000000a53ed894,9.92
10482,2019-08-04T11:06:28Z,e01908a975abc95425179eadafdba31d371f1d64674c967686df87a3,60.149,24.9843,00000000fffb8cf0,20.28
10483,2019-08-04T11:06:28Z,e081e4b3252ca91bbf1cbb70faa116d60317fbf3a991a67bc99b4bfa,60.149,24.9843,00000000fffb8cf0,21.87
10484,2019-08-04T11:06:28Z,e0859a9c906151023376d86762070f38ba1b3859e671531b0edac6cd,60.16075,24.95883,00000000f1124bca,16.1
10485,2019-08-04T11:06:28Z,e1da87aea335bcd04e4c876158b96ebc7ba4206bc216c3aa27a2f4af,60.17919,24.95181,000000007b5207b6,8.38
10486,2019-08-04T11:06:28Z,e305610124e16ed1411a221b29ce69a076cc47982efd6c098b0599ab,60.14947,24.91438,000000004ef3150d,7.69
10487,2019-08-04T11:06:28Z,e32e078697e70d6e3cb4b156ada3a4756315227b125615d7b5c116a7,60.16762,24.95415,000000006b44cce7,9.12
10488,2019-08-04T11:06:28Z,e44d7228cecbdb2474e1cc396a6c13943f09c08c19d0ffab1997d509,60.17918,24.95141,00000000675d5200,18.79
10489,2019-08-04T11:06:28Z,e53a901aed874016e1cd1ed3e9b2891fca850986cb2fa04f5162cf52,60.16762,24.95415,000000006b44cce7,3.4
10490,2019-08-04T11:06:28Z,e557e164cd52fd817b02cad6587a294d72b0974d9b014ad69ea5e08e,60.17919,24.95181,000000007b5207b6,18.79
10491,2019-08-04T11:06:28Z,e5928057da667903de0b6c1245e1f58273dd85d63d8af0f4eaa771de,60.16762,24.95415,000000006b44cce7,9.92
10492,2019-08-04T11:06:28Z,e5b9b4813c081a31fb498e7f9adb94918c267dfa125c63790c0d9488,60.149,24.9843,00000000fffb8cf0,3.74
10493,2019-08-04T11:06:28Z,e5e14952bf5e52bf1349479a58c0a97d702585889650948d94767608,60.16448,24.97323,0000000053c6c2be,23.56
10494,2019-08-04T11:06:28Z,e7988d180194f352fcf752defa2a01904142bcbf71a9afba13cc7470,60.16897,24.95222,00000000aa852af1,20.28
10495,2019-08-04T11:06:28Z,e92e9e46c4d4067617b8dad0cc70baa43463d1abc4d623d0e103c6b7,60.16762,24.95415,000000006b44cce7,20.28
10496,2019-08-04T11:06:28Z,e9d59e25b58f33f70aad6832863cb59d7485ca55a1575558f92b74e7,60.16897,24.95222,00000000aa852af1,9.12
10497,2019-08-04T11:06:28Z,ea156c99dd8945ef87da4c332787a6202e9eedc69f726cafae8d3258,60.1538,24.95595,0000000038bf9618,38.87
10498,2019-08-04T11:06:28Z,eb261026c6f65b651ddf21bed629a1e164cfb500d0b78062704ec15c,60.16762,24.95415,000000006b44cce7,3.09
10499,2019-08-04T11:06:28Z,ec485175d2b7a2c53d03bf546aee134c116d998976601b069570c6f9,60.14699,24.922,00000000a53ed894,13.75
10500,2019-08-04T11:06:28Z,ecb1735f180422ec69f041cd2782a26c9f07d27a87893b3c30aaa9b7,60.16075,24.95883,00000000f1124bca,4.11
10501,2019-08-04T11:06:28Z,ecb5655da668bb183a5c270a96927649c323975e318184d248247099,60.16829,24.94214,00000000afef4555,14.89
10502,2019-08-04T11:06:28Z,ecf13e9d610ad235409932d263110fd52c69d0f5f39e9ffd3ad8b740,60.16897,24.95222,00000000aa852af1,17.4
10503,2019-08-04T11:06:28Z,ede13c9dc221bbc6c1daf78250fa6547303c06d7606c05ba0bf64547,60.17919,24.95181,000000007b5207b6,9.12
10504,2019-08-04T11:06:28Z,ee58e3183e0967bff106dcd3894f4688accefe5e721043dd70c1f11c,60.16629,24.95957,00000000fb7600be,16.1
10505,2019-08-04T11:06:28Z,eea43687eab35d2c386347881796eb1c8279076b9e9642ebc2cd06ac,60.16762,24.95415,000000006b44cce7,11.7
10506,2019-08-04T11:06:28Z,ef15ff71b7dc4c2088249a4fca7e28900ae315245a7a3b4d571bf582,60.16829,24.94214,00000000afef4555,10.78
10507,2019-08-04T11:06:28Z,ef33ccdfcdb12920eabb3306e0f86dc7e6060a5d3864b03e2de7e1ef,60.16897,24.95222,00000000aa852af1,20.28
10508,2019-08-04T11:06:28Z,ef45fdc095ee55730384922266d8fce61de212d3c3df2441ea10e524,60.14947,24.91438,000000004ef3150d,17.4
10509,2019-08-04T11:06:28Z,ef5e495c5f9d3dd9eb22ed5b8faf1cc9e4225d4785ebb26a87d16fff,60.14699,24.922,00000000a53ed894,9.92
10510,2019-08-04T11:06:28Z,f11c02cbebb4049a29f10d2ee6aac8a9ca3b7b9609a39d69463461a1,60.17065,24.93641,000000000f4919c9,29.32
10511,2019-08-04T11:06:28Z,f196f5f8c08299d290b3bac1944e00bb1f2c90594db66438b0c10e6e,60.16629,24.95957,00000000fb7600be,13.75
10512,2019-08-04T11:06:28Z,f2467c8ede6444941158701b7bd9d005beec9ffdb355ce2d8c7a9bfd,60.149,24.9843,00000000fffb8cf0,12.69
10513,2019-08-04T11:06:28Z,f43b8b2cf2c0bd291543858796d75b211d283ab73dcab5ad5dfd0aeb,60.16897,24.95222,00000000aa852af1,17.4
10514,2019-08-04T11:06:28Z,f616fbd0fde8316049c3068ae4368dc9f486f8da4bf5516e9ba82578,60.16897,24.95222,00000000aa852af1,11.7
10515,2019-08-04T11:06:28Z,f62061efbfc36d9dfd7dc044875a3f2b874f85d79971e1296622c367,60.16448,24.97323,0000000053c6c2be,23.56
10516,2019-08-04T11:06:28Z,f78ef2ddbe48b534137498eab56c0a55ec0e0b1d8868e82cb5652a0e,60.14699,24.922,00000000a53ed894,12.69
10517,2019-08-04T11:06:28Z,f7be7d003528c0c0827040a3a3723e49406a5a7c86cb4bc568a830db,60.17002,24.94407,000000006b087f40,23.56
10518,2019-08-04T11:06:28Z,fa0f842659ccbf444859d2dfa36ea7e58436bbab37ffe91f379d2bf7,60.16448,24.97323,0000000053c6c2be,38.87
10519,2019-08-04T11:06:28Z,fa15a46a5326515aa1a4b43762ef2018a2be3ac983c811558c1fe104,60.16762,24.95415,000000006b44cce7,16.1
10520,2019-08-04T11:06:28Z,fbd28054e4a5478c8ca06f4d682405d1c59bef4853cad413ecb58d13,60.14699,24.922,00000000a53ed894,17.4
10521,2019-08-04T11:06:28Z,ffb7319984ecae155652e100da9b204f0b92f3b6c7239cfea4dcf966,60.14699,24.922,00000000a53ed894,16.1
10522,2019-08-04T11:06:29Z,004c3624f943830bc6a9f17173a2cd0996622cade5184ad2b9fba729,60.16897,24.95222,00000000aa852af1,9.92
10523,2019-08-04T11:06:29Z,09ddbf38333e76a79fd836112bd8c3f8bf7f3dadfb3d49945ad4c486,60.16897,24.95222,00000000aa852af1,6.46
10524,2019-08-04T11:06:29Z,14c7e1511b70f4dd3359cbece1377aebb4d70531f5489eefe53d7c3c,60.16544,24.95398,0000000038d83d41,23.56
10525,2019-08-04T11:06:29Z,165ebbb4090d47319ae370f0d0854fdc1f6b79499f8b2e4d3c3533c0,60.16544,24.95398,0000000038d83d41,21.87
10526,2019-08-04T11:06:29Z,16c994bb2e24124a910c247376d16e980a65626a94c4c0aaab27df60,60.16829,24.94214,00000000afef4555,17.4
10527,2019-08-04T11:06:29Z,198d6432c579dae0d7ddda6591eb377ca6c01888de802f89ab84b98a,60.16544,24.95398,0000000038d83d41,25.36
10528,2019-08-04T11:06:29Z,1bba37ee9376f8052f3606bb777546c2c4d1e84dad7afd93d4cffa45,60.16762,24.95415,000000006b44cce7,12.69
10529,2019-08-04T11:06:29Z,25a7ff811c3c06e426c7c2cbb0433d9a2a3399b23afecbd35584ab0f,60.18203,24.91341,00000000342570c2,17.4
10530,2019-08-04T11:06:29Z,269109af99b12861eeb19ab8698033d9c00895687da47af3f4310e9d,60.16762,24.95415,000000006b44cce7,3.74
10531,2019-08-04T11:06:29Z,32dd92b5a658392a4ec84eaf95152ee72258b6b0fb670b97882ac902,60.16829,24.94214,00000000afef4555,8.38
10532,2019-08-04T11:06:29Z,3b5cafe90982db26cf737b2e4cd4275276f6a031bca3b2a1f73023b2,60.14699,24.922,00000000a53ed894,13.75
10533,2019-08-04T11:06:29Z,3fe5f4ccfa5c777ceafda0674d7c9da6f509f6694b4c2fa254b32e73,60.16897,24.95222,00000000aa852af1,16.1
10534,2019-08-04T11:06:29Z,43b676ed3aef4c2d8846694817e76117873be52e7f788e0cb366c1c4,60.16629,24.95957,00000000fb7600be,23.56
10535,2019-08-04T11:06:29Z,44d0b94469070803869f229601e877beb613c3f5aafa009addf97a1a,60.16544,24.95398,0000000038d83d41,23.56
10536,2019-08-04T11:06:29Z,4774d3de2115f3cfeff91dc17ed763964fe86825629003f82ee45b2b,60.16762,24.95415,000000006b44cce7,3.74
10537,2019-08-04T11:06:29Z,5d65719c4cbf045f068d084b72302f447d5fd034413d97d13be00d0e,60.18203,24.91341,00000000342570c2,18.79
10538,2019-08-04T11:06:29Z,5eed115a984d490b02b602d73787aee8dc8c4e9365b77fbff3818a76,60.16629,24.95957,00000000fb7600be,16.1
10539,2019-08-04T11:06:29Z,5f7e2df21b84183b6b4a228283ec85696485a0e21a11257332b6b887,60.14699,24.922,00000000a53ed894,31.5
10540,2019-08-04T11:06:29Z,6066632ddc94b5c482a2d4f45ed2532e55e3fd63e414a084a596a737,60.16762,24.95415,000000006b44cce7,14.89
10541,2019-08-04T11:06:29Z,69219e9efa41ae9e732653e9eaf08e1a34cb853a9dafe76ddeea4d04,60.16897,24.95222,00000000aa852af1,18.79
10542,2019-08-04T11:06:29Z,6a70e2fbced719333e21eff04fcb9cb36bae9a04d1a3d6ddd96f2c58,60.15432,24.9211,0000000019fb59c4,4.94
10543,2019-08-04T11:06:29Z,85ef35aecf2ff804be3d958b592705ec41c6df9c128c132c65bb283d,60.16897,24.95222,00000000aa852af1,18.79
10544,2019-08-04T11:06:29Z,87dfaad29a9276ddddb1fa021d3bc23ad14824c1af16f7d87e713689,60.14951,24.92138,0000000006dd41f6,10.78
10545,2019-08-04T11:06:29Z,88808fe92573e9cdf022cc15b9689b6b4b9429f60513c8897b0ba4c7,60.16897,24.95222,00000000aa852af1,17.4
10546,2019-08-04T11:06:29Z,89982a6acf91b79a282a6b63978e946ee205f303fcd20e944e06baf0,60.16544,24.95398,0000000038d83d41,44.58
10547,2019-08-04T11:06:29Z,8c3b1ed0846e38cc84b863a80540c8a75bfd85c8bdda36563d153110,60.16544,24.95398,0000000038d83d41,20.28
10548,2019-08-04T11:06:29Z,92a4351b20078e469332532ec495e838559c62590b166cce41762939,60.16897,24.95222,00000000aa852af1,23.56
10549,2019-08-04T11:06:29Z,9843c6216661048343a0e49cf3d8aa2883cf77f452666a1c873a1052,60.16448,24.97323,0000000053c6c2be,29.32
10550,2019-08-04T11:06:29Z,9992834418850939882f3b334eee492eb98d4f9d6d6118f9ee108793,60.16762,24.95415,000000006b44cce7,7.05
10551,2019-08-04T11:06:29Z,9c8556ea519835172f09c20e7688066eeec8e7f74a0c6fa3df3d9c5f,60.16829,24.94214,00000000afef4555,33.81
10552,2019-08-04T11:06:29Z,9fc0711d7e7722eff7faa0cb6f17846680c06515c1eb93dd49ebcf25,60.14699,24.922,00000000a53ed894,31.5
10553,2019-08-04T11:06:29Z,a13e5d46f0a2d1c6b58878e1b198905e9b14e3a85b5e4adab88b4b87,60.16762,24.95415,000000006b44cce7,16.1
10554,2019-08-04T11:06:29Z,a3a31741155775d55b54ebdadfeb5700066d864d782da9cdd605349c,60.14951,24.92138,0000000006dd41f6,21.87
10555,2019-08-04T11:06:29Z,b5fd6b317890e5ab2d79e2cd1abe61626d45a753c7337d0d40728898,60.16762,24.95415,000000006b44cce7,8.38
10556,2019-08-04T11:06:29Z,b936e41d8712ae967f3ebb413fc44f060bb10613f95537757886ede2,60.16762,24.95415,000000006b44cce7,4.5
10557,2019-08-04T11:06:29Z,bedde70080278440cf33f510482f5dbd45ad8321fdcb248b929437f7,60.16762,24.95415,000000006b44cce7,8.38
10558,2019-08-04T11:06:29Z,c40c37def6bf11a63a2556519a7c6233fd417cdeea2cf14f28e7c42c,60.16531,24.9442,00000000fdda10fe,21.87
10559,2019-08-04T11:06:29Z,c54f2dd0590c650ad3e52a68193db3173db5e74f90f69faa1e2d6bb0,60.16762,24.95415,000000006b44cce7,6.46
10560,2019-08-04T11:06:29Z,ca6927628f5ddda20036865c9345ad93d476d62ade3b181de568eed6,60.16897,24.95222,00000000aa852af1,20.28
10561,2019-08-04T11:06:29Z,cd2c2ce2425879ac455c812073aa8025c7bac76df380e4793edab46d,60.16829,24.94214,00000000afef4555,21.87
10562,2019-08-04T11:06:29Z,cf05623e4d87ce0906c0b0b7dbf53aacc1228016cd27c341228b6e76,60.18203,24.91341,00000000342570c2,18.79
10563,2019-08-04T11:06:29Z,cfc0bedb78ded52749db3188cb188bf6a250ef5990da9c5afa9623fc,60.14951,24.92138,0000000006dd41f6,33.81
10564,2019-08-04T11:06:29Z,dbeb00942457ba3c5fb1984b57b1dedb268c0e761e80729b939f1fd8,60.16544,24.95398,0000000038d83d41,23.56
10565,2019-08-04T11:06:29Z,e224ae5ea47af2e3048f83b13a1f45dc135c0ca6be72547b01729086,60.1538,24.95595,0000000038bf9618,23.56
10566,2019-08-04T11:06:29Z,e8e366e76c97944e23c0f80b4fd3ce6e5832744922297146a49f0c7e,60.16762,24.95415,000000006b44cce7,17.4
10567,2019-08-04T11:06:29Z,e96bd269a48b822b06141c3362fcb6d5ed4d0d09a120f2e4a712d5c2,60.16897,24.95222,00000000aa852af1,29.32
10568,2019-08-04T11:06:29Z,ed70dda6b7faebd4340dacdb452ab224d9d3c308df417b7fa76f54e8,60.14951,24.92138,0000000006dd41f6,23.56
10569,2019-08-04T11:06:29Z,f088630d7476dae7d4b7e2bb1f10575f2c89acb4b6e061f3d57c2b40,60.16531,24.9442,00000000fdda10fe,21.87
10570,2019-08-04T11:06:29Z,f30a5193aa7850aac581b8dd71512a8712c96f36fdef78d8292d4788,60.16762,24.95415,000000006b44cce7,8.38
10571,2019-08-04T11:06:29Z,f31cfded6f566f9c032c80c52ea642407be312c5d42521ab7a8d3e2a,60.16897,24.95222,00000000aa852af1,21.87
10572,2019-08-04T11:06:29Z,fc4f3a44235f1cfc7b53f14ba2da599976a5a0a220d23b852688e485,60.17919,24.95181,000000007b5207b6,9.12
10573,2019-08-04T11:06:29Z,0043f38f4fb6545d7c033c9a8f8c18106aa0c2c841f28a15dd722e9d,60.14699,24.922,00000000a53ed894,16.1
10574,2019-08-04T11:06:29Z,007540b1ada16f6000987e20cd81a3deb18b2aea4cb95b50e099dcee,60.17065,24.93641,000000000f4919c9,14.89
10575,2019-08-04T11:06:29Z,0236a1d5b9b9d2249407a79705eee38de360ceb0530a8959ba5bc15b,60.149,24.9843,00000000fffb8cf0,9.92
10576,2019-08-04T11:06:29Z,02a354db29cd5bc16976a9d933e03a41be350f9cc78098829a7dcfd4,60.14947,24.91438,000000004ef3150d,23.56
10577,2019-08-04T11:06:29Z,03204cdd97728dc59f21f215f75460ac8fe2fa56720a88e869c6f56d,60.16829,24.94214,00000000afef4555,25.36
10578,2019-08-04T11:06:29Z,0495ba0a1c04e0262f37eaa32084a173acc00638a16e76bb922b97dd,60.16762,24.95415,000000006b44cce7,9.92
10579,2019-08-04T11:06:29Z,0656a0c0a353f164b57fbdd9e648d71fab429964d97ed07ab2c5dc30,60.18203,24.91341,00000000342570c2,14.89
10580,2019-08-04T11:06:29Z,06c25f78562bfe8c800199df1e9a2c7d45ca124437d0cfe2dfe75406,60.16762,24.95415,000000006b44cce7,18.79
10581,2019-08-04T11:06:29Z,08b10b51864dc039f0a07c997e66e7a263ee1cde5b0b88b2a1178c58,60.16829,24.94214,00000000afef4555,16.1
10582,2019-08-04T11:06:29Z,096c3b0de1dab1407cd4d3330546404c0d62ce025924420496380f89,60.16762,24.95415,000000006b44cce7,9.12
10583,2019-08-04T11:06:29Z,0b45b52bc137c31ce83561c857f809296ec70f5537976a4a4d573d4f,60.16829,24.94214,00000000afef4555,14.89
10584,2019-08-04T11:06:29Z,0b49dcea1b7eab22f4ebd0c7666ded5b59fe092b8bdd4aa9eda6326d,60.16762,24.95415,000000006b44cce7,7.05
10585,2019-08-04T11:06:29Z,0c959027ce302054b09087cac97a83aa7e24fb9e4fa2710763f912cb,60.16829,24.94214,00000000afef4555,4.11
10586,2019-08-04T11:06:29Z,0d2490ed58c11eb4a754a30cc4bcb21c7243d322a2caf7cc360e4e8c,60.17065,24.93641,000000000f4919c9,10.78
10587,2019-08-04T11:06:29Z,0dc12f22306d5f6622fc786011f32f1961a5f94018be9c2236fb2e52,60.14699,24.922,00000000a53ed894,13.75
10588,2019-08-04T11:06:29Z,0e113c5ed3abcdfb31d27c3125f6cf01e3b96e4ed7eca1aaea855f77,60.14947,24.91438,000000004ef3150d,11.7
10589,2019-08-04T11:06:29Z,0e9170bc93107bf16cd12839eca9ea157f19169d66085e8a435b0f1d,60.16762,24.95415,000000006b44cce7,2.8
10590,2019-08-04T11:06:29Z,0fd26c6e46f4d73b276223942e56c38bc9b8e4566239f8a77261657b,60.17002,24.94407,000000006b087f40,27.28
10591,2019-08-04T11:06:29Z,10ca87ada637a6524de98a11c8d3d3d3cfa8f7f5ea839b29c2b132a0,60.16762,24.95415,000000006b44cce7,16.1
10592,2019-08-04T11:06:29Z,116e59da308964e8eb82cb6e5a758aad726ec3800f0fa17bc661e8fe,60.16762,24.95415,000000006b44cce7,8.38
10593,2019-08-04T11:06:29Z,1327ce24f157334f864f913637993c80380ce5f5c911e4b0d31c5eb7,60.149,24.9843,00000000fffb8cf0,4.94
10594,2019-08-04T11:06:29Z,13b0a8ca1414d7b2b0e8d5f80069a5d26c6f62a68b58eda25a4b85f4,60.16829,24.94214,00000000afef4555,10.78
10595,2019-08-04T11:06:29Z,1556d4a76070c26554efa12b4b9c53766a4cc394e8b74ee37f2fff65,60.17065,24.93641,000000000f4919c9,21.87
10596,2019-08-04T11:06:29Z,169c77f0d714e38eb1e798b14fa42ce3fefb0ec1d6f9e93a38a872f1,60.16762,24.95415,000000006b44cce7,10.78
10597,2019-08-04T11:06:29Z,182e58bd6c3c8d836225d454a878bc55d8ed5166564a22f8b635f6ff,60.14947,24.91438,000000004ef3150d,10.78
10598,2019-08-04T11:06:29Z,1921be9815a57f11f291ca085add7b4bf1d044518b03b725df7cf7d5,60.149,24.9843,00000000fffb8cf0,20.28
10599,2019-08-04T11:06:29Z,1a9a0f74c353624c42c19c007e82c9c2547b7285d8353d0e375e3f05,60.14699,24.922,00000000a53ed894,9.12
10600,2019-08-04T11:06:29Z,1bff3cb3b9be59366fdf8adbbc677a4dfbf8e116bf330c3435bc63c2,60.16897,24.95222,00000000aa852af1,25.36
10601,2019-08-04T11:06:29Z,1c38009e9b89bd8b0d6744bf54ebae9a8ad2dc2868cdfc3f2e399509,60.16829,24.94214,00000000afef4555,14.89
10602,2019-08-04T11:06:29Z,1c8c3befa38b65f707dd4933a68e5e3c9e7c82592fd382779127416b,60.16897,24.95222,00000000aa852af1,16.1
10603,2019-08-04T11:06:29Z,1ce242f8d8220cd38bf3ea9138c99ae9b2f79b28e68edb864f090ec9,60.149,24.9843,00000000fffb8cf0,5.91
10604,2019-08-04T11:06:29Z,1dacfb371d75dd4f90f447aac2a00faad98beb4188a6971c19eb2375,60.16629,24.95957,00000000fb7600be,25.36
10605,2019-08-04T11:06:29Z,1de509b10ed308796e82bb0f51f17f68e2fdfbcc3d6bed69c40eb7fd,60.173,24.92524,0000000096918cfa,23.56
10606,2019-08-04T11:06:29Z,1f6e5095c2c365e120a526c9111895459bc08fb351b964a350cdb64f,60.16762,24.95415,000000006b44cce7,13.75
10607,2019-08-04T11:06:29Z,1fa2c533bba37b249a0105001153733e67a559d40c22cab67f135f64,60.14947,24.91438,000000004ef3150d,9.12
10608,2019-08-04T11:06:29Z,2136558e0a9a89ed5aa044485a8e31bff3b7e5acf38c645a06782afd,60.16448,24.97323,0000000053c6c2be,27.28
10609,2019-08-04T11:06:29Z,227b93698b29687beea48184f42aab63a21fa362af7251be32db2e15,60.16531,24.9442,00000000fdda10fe,2.3
10610,2019-08-04T11:06:29Z,23786c82e2641aed0e0b004658480a212bf0397568e914487819045c,60.16897,24.95222,00000000aa852af1,14.89
10611,2019-08-04T11:06:29Z,23b7c1b09dfbcbf722a4c48303dd0435cf9885a516d5eebb6538844f,60.16762,24.95415,000000006b44cce7,10.78
10612,2019-08-04T11:06:29Z,23f10190151386d4050571cb299410bc0285ed980b0a00f088e01cf0,60.16762,24.95415,000000006b44cce7,9.92
10613,2019-08-04T11:06:29Z,2671a156fa8d8bb05970481c8f83bcf9f261f73dae27f2bb9ac88aeb,60.14699,24.922,00000000a53ed894,13.75
10614,2019-08-04T11:06:29Z,2724e42551f43106ea58a8fcc6a43953baa1294cd65e17a90012f706,60.17065,24.93641,000000000f4919c9,0.34
10615,2019-08-04T11:06:29Z,277125506ba4ea1afb2c696256b262e0708d43c30c769a1d4a382a76,60.16762,24.95415,000000006b44cce7,13.75
10616,2019-08-04T11:06:29Z,28741c2e5e348fe81dec0518a21c0930c98a25b6fcece61a262d50de,60.14699,24.922,00000000a53ed894,8.38
10617,2019-08-04T11:06:29Z,296a0ffe230305a3d37818a0369b56c99dacdd5df5a161bf238e1084,60.16762,24.95415,000000006b44cce7,13.75
10618,2019-08-04T11:06:29Z,2977d3c4f181abb6662adf1d466a62167e2690a9c94dc53e5aa6a904,60.16762,24.95415,000000006b44cce7,6.46
10619,2019-08-04T11:06:29Z,29f5adc4d67413b7d368e8e94a41cf48339e3f5f0903f660170c4fe8,60.17919,24.95181,000000007b5207b6,11.7
10620,2019-08-04T11:06:29Z,2a80aed2c40e7e70ca12152ac812abd79aa1d13efcec25a6d3395136,60.16762,24.95415,000000006b44cce7,7.05
10621,2019-08-04T11:06:29Z,2af353f8c54bb0d9e6ff34e08578e5263b7fac68ab82cf9559293cb9,60.16544,24.95398,0000000038d83d41,25.36
10622,2019-08-04T11:06:29Z,2c85e4140ca0ba77c3598ceac05eb2c2342409ce8111c863fc58c606,60.16829,24.94214,00000000afef4555,8.38
10623,2019-08-04T11:06:29Z,2ccaeb30423977ff22b6afc29243b861b476a5f4ffafdf200d326d78,60.17002,24.94407,000000006b087f40,25.36
10624,2019-08-04T11:06:29Z,2d0349a4148a147b05e00cd46c137dd208ba2a8ce9327b493615f1a6,60.16829,24.94214,00000000afef4555,16.1
10625,2019-08-04T11:06:29Z,2de87ef94604fb63bec05eefb71b6cdd0b9807f8551159c2a35e7259,60.17065,24.93641,000000000f4919c9,4.94
10626,2019-08-04T11:06:29Z,2e6e6f89a7d75f0742d016de203c9acc8d6f6bdeb7b56bd12f482653,60.15432,24.9211,0000000019fb59c4,13.75
10627,2019-08-04T11:06:29Z,2fe2e4165984d7880628aec591ce4747f18947da70312e6afca2946b,60.14699,24.922,00000000a53ed894,7.05
10628,2019-08-04T11:06:29Z,30bee351808d5e8082ce012b57f5bc0efc80f8394491a182e0eeee32,60.17919,24.95181,000000007b5207b6,21.87
10629,2019-08-04T11:06:29Z,31659a798f1d780d587f07390c038a78fafa6cabb8180dba635863ce,60.17002,24.94407,000000006b087f40,10.78
10630,2019-08-04T11:06:29Z,3226c88241c6ac9d643c1843f44b6e5ee10df5f15a695e360582a9be,60.16829,24.94214,00000000afef4555,12.69
10631,2019-08-04T11:06:29Z,32f77f5019e5fce30881c214487361e2e34b8c93277f6e546de72012,60.1638,24.96846,00000000d747f075,21.87
10632,2019-08-04T11:06:29Z,33a5da4eacfc49fefa067790c9fada1a86d9793367ded845a46f0779,60.16829,24.94214,00000000afef4555,16.1
10633,2019-08-04T11:06:29Z,34699a54205d9b4fd19feeac8204c6d0484e5ad4344d698b8206cf9b,60.16829,24.94214,00000000afef4555,36.27
10634,2019-08-04T11:06:29Z,374083907dd8980893623726af5633afd59b519c885ad12ba5c674eb,60.17002,24.94407,000000006b087f40,4.94
10635,2019-08-04T11:06:29Z,38561a086c97342a24583c26b33205da50e3e973a8147fe016a4a9ff,60.16829,24.94214,00000000afef4555,14.89
10636,2019-08-04T11:06:29Z,386dea4944e0b83648b4b6faf510fd47b0e9e29a2bb9311fe8a80ee2,60.17919,24.95181,000000007b5207b6,21.87
10637,2019-08-04T11:06:29Z,395134265ad60f36cbb21b92db8d3db4d07bd71836d174cbf1a09224,60.16829,24.94214,00000000afef4555,23.56
10638,2019-08-04T11:06:29Z,3ac9d056b0f04f774b238a125eb996d46437f7a8c5f6ba6712e971cf,60.17918,24.95141,00000000675d5200,9.12
10639,2019-08-04T11:06:29Z,3ae1d5a2268ac1af52ba8b54fb28f81c00fa05884af8b8ca5e7e0e9a,60.16762,24.95415,000000006b44cce7,11.7
10640,2019-08-04T11:06:29Z,3b355c039877bd4883845f3fc6ad8dd6f41f170274042f1397585680,60.149,24.9843,00000000fffb8cf0,12.69
10641,2019-08-04T11:06:29Z,3b4dda811f084f91b7dd61344c97aa6cac444a02d825183d53cca5d0,60.16762,24.95415,000000006b44cce7,9.92
10642,2019-08-04T11:06:29Z,3b5030adc7c303403a6333a1a6d35474c2f21c1d20ece72180660423,60.14947,24.91438,000000004ef3150d,9.12
10643,2019-08-04T11:06:29Z,3f67c6713a6cca446a46616c9970c7a2ddffb03f21e10c8ea9b2f380,60.16897,24.95222,00000000aa852af1,11.7
10644,2019-08-04T11:06:29Z,3fde075082af3062c2bebc5e09ad55bda3de70b5f492bdfb21f284c9,60.173,24.92524,0000000096918cfa,25.36
10645,2019-08-04T11:06:29Z,3fe4e214448b0c9a8dfbee81c347d82a8f0b26859201fb1d77f40fa9,60.16762,24.95415,000000006b44cce7,8.38
10646,2019-08-04T11:06:29Z,40d64df305477f26745a445a97098d36570a8e02616b93a3f562bb21,60.16629,24.95957,00000000fb7600be,20.28
10647,2019-08-04T11:06:29Z,418e60b0ee35b014e7a8a378f3491cf2333e2a022ba6ec632170228d,60.18203,24.91341,00000000342570c2,18.79
10648,2019-08-04T11:06:29Z,41fffd70db0364ae9e08f76f74848590a4ed6784433df3a7ff00d7a5,60.16762,24.95415,000000006b44cce7,12.69
10649,2019-08-04T11:06:29Z,430556d4eef13a613b121237f9ab54ee052861f79a950f54e0810dab,60.149,24.9843,00000000fffb8cf0,27.28
10650,2019-08-04T11:06:29Z,44703b8dd01d3bd79585c9c7e12217e1ac152f86e2b0c9ed6be4bc19,60.16544,24.95398,0000000038d83d41,14.89
10651,2019-08-04T11:06:29Z,4472fa277123afabdf2402fc2a3c5bff2be437e6d56b590278de70fc,60.17065,24.93641,000000000f4919c9,21.87
10652,2019-08-04T11:06:29Z,44cd8828dd4aa11ea599139af3d3aafbcd09ca0c2558f26ed1c72e17,60.14699,24.922,00000000a53ed894,9.92
10653,2019-08-04T11:06:29Z,44d01b24bde0f8031d7cf15bb66e661ad9bd92807f3213fabf920fa1,60.16762,24.95415,000000006b44cce7,11.7
10654,2019-08-04T11:06:29Z,4538bf4d0ca02f13fad76c46f7b34e72978c49b0cdfe4ea9fe151a50,60.16762,24.95415,000000006b44cce7,4.5
10655,2019-08-04T11:06:29Z,465eab28635efe98500085ceb161cf941d02272a0107fbbfb2203c29,60.16829,24.94214,00000000afef4555,8.38
10656,2019-08-04T11:06:29Z,46b576e18e757fc4ec008b41d3c28ec5415a2c2c2f143042e5413137,60.16762,24.95415,000000006b44cce7,5.41
10657,2019-08-04T11:06:29Z,47eccbfb2db7bb200aacfdad7243168bd30714cc78da342bbe53df7b,60.16629,24.95957,00000000fb7600be,31.5
10658,2019-08-04T11:06:29Z,47f787c639f2eed345eb5dca409ffcd989850399a1ab781500dd6e82,60.17919,24.95181,000000007b5207b6,4.5
10659,2019-08-04T11:06:29Z,4800d49ec59e1cde34360defcce4c2a0c6a58919303c1fe6fdebceec,60.16762,24.95415,000000006b44cce7,9.92
10660,2019-08-04T11:06:29Z,4831311b6d19ecce7981d060fe0971ac961bdfa5a006de633cd38a95,60.16531,24.9442,00000000fdda10fe,29.32
10661,2019-08-04T11:06:29Z,4833b1ea4f519407574f5a838d93a39de28c756c5f53de7ee273b577,60.14947,24.91438,000000004ef3150d,8.38
10662,2019-08-04T11:06:29Z,49084ae4b6419be9e7bb0c9b1420142e07d6ac3c17c07c26895461ed,60.16829,24.94214,00000000afef4555,12.69
10663,2019-08-04T11:06:29Z,4954540aca30f8f56f918178fbd53ee48ddef7a231d425061f6b2f6f,60.18203,24.91341,00000000342570c2,23.56
10664,2019-08-04T11:06:29Z,4a2286eca689d9c867cfa19d43b9b917d29769b66b9e0a968f6c3859,60.16897,24.95222,00000000aa852af1,25.36
10665,2019-08-04T11:06:29Z,4a54cbed9c373a4136f8851f3f5736eb2fadd5766d316eb5ebbdd231,60.17919,24.95181,000000007b5207b6,11.7
10666,2019-08-04T11:06:29Z,4ae4a5331747d994953667cd06d4c999d9cf71885574c3cc473620f8,60.16897,24.95222,00000000aa852af1,31.5
10667,2019-08-04T11:06:29Z,4b5b3e8f2b484bc08b196c265f65c70151bd69f6263318eb29125db2,60.16829,24.94214,00000000afef4555,3.09
10668,2019-08-04T11:06:29Z,4cf634fc84e128c3b9bce07a4b726d136e18f0eea4229fdbb48f6db1,60.16897,24.95222,00000000aa852af1,11.7
10669,2019-08-04T11:06:29Z,4d31b0561dbfc9ef5acbd44ba92acb4ca7bad86b948634f005173ece,60.14699,24.922,00000000a53ed894,12.69
10670,2019-08-04T11:06:29Z,4f70e840d6af52421579bfccf58986134f2c0076d3cbbfbfe52ee972,60.16762,24.95415,000000006b44cce7,18.79
10671,2019-08-04T11:06:29Z,50a06af190dfb27cbd4d6ca55980b1379ec795af8b9e5ebc00d73257,60.16762,24.95415,000000006b44cce7,12.69
10672,2019-08-04T11:06:29Z,52c7e30dd19b4e037fdee5b80dfcb2fa85be4a3f1d132c2fea1cfe90,60.16762,24.95415,000000006b44cce7,20.28
10673,2019-08-04T11:06:29Z,52daa31a2b3c1c07f78d96ebb4de3a965da5ef0a8035afbd0f7451fb,60.16531,24.9442,00000000fdda10fe,21.87
10674,2019-08-04T11:06:29Z,541f330d2ded03609f551d02b8149da9cd07ee36aeee630f8fc9de8c,60.14699,24.922,00000000a53ed894,10.78
10675,2019-08-04T11:06:29Z,54d53f276563f566e1cd61b100408412cf78b4fe9fcada830aa6e23b,60.14947,24.91438,000000004ef3150d,10.78
10676,2019-08-04T11:06:29Z,5518b2315c236d486c7a5a4fc27c44987672b2f9a0751ffdaa9cbf78,60.16829,24.94214,00000000afef4555,3.4
10677,2019-08-04T11:06:29Z,56101419005237b836e4ed14d91dfa6f9edc4c92b5fcb419943897bb,60.16762,24.95415,000000006b44cce7,7.05
10678,2019-08-04T11:06:29Z,56318cc7f3616fceec2564cbb1f6ca8b88ea861935a1ada93aafd7b0,60.16897,24.95222,00000000aa852af1,13.75
10679,2019-08-04T11:06:29Z,565a35900ed1794a9d566f6fc12f2710875a10eb7c8e6fa0ddd92626,60.14699,24.922,00000000a53ed894,7.69
10680,2019-08-04T11:06:29Z,571934189bf349efb6f596e76c21612cf9b82ed44913090169936048,60.17065,24.93641,000000000f4919c9,13.75
10681,2019-08-04T11:06:29Z,584cb0b0cdd14e608c8b57c8aecc9826f9b40027e365e2438a444ea2,60.16762,24.95415,000000006b44cce7,12.69
10682,2019-08-04T11:06:29Z,58ee8fd47328b1c696ec343920f2c0353d19a915924eb6f6f2638e56,60.16762,24.95415,000000006b44cce7,14.89
10683,2019-08-04T11:06:29Z,5b1df59a8f10fc0c1548e114caf6a457ff880d853d529f675372b0b0,60.16762,24.95415,000000006b44cce7,18.79
10684,2019-08-04T11:06:29Z,5c404f374a48548bfe8b02859d12ae59c4ae608fae2139fd71ef51b1,60.16762,24.95415,000000006b44cce7,13.75
10685,2019-08-04T11:06:29Z,5d9aa6fcb0d81ceaa80ca13cc08a88138be517656646e0ba0942ce46,60.16897,24.95222,00000000aa852af1,11.7
10686,2019-08-04T11:06:29Z,6138e6ab3e1e74425af8945a6fcc294c1469a0b9c448b780bcf9d2e2,60.14699,24.922,00000000a53ed894,21.87
10687,2019-08-04T11:06:29Z,62cac4a0e252305e1128942dc3ec48baaa514c6737c415f85abb3665,60.1538,24.95595,0000000038bf9618,31.5
10688,2019-08-04T11:06:29Z,62d86ee13e6ae7a5c41ffc2de746df72d4ef6e8d2b6a51ce1c68965f,60.16829,24.94214,00000000afef4555,9.92
10689,2019-08-04T11:06:29Z,62e27092b58abcaf80564c408d0d4a7b821abaee92dc2f02ccb11e61,60.16762,24.95415,000000006b44cce7,7.69
10690,2019-08-04T11:06:29Z,658aacab016460cfc38879944e374640737b32d7291a40aed8b8845c,60.16897,24.95222,00000000aa852af1,18.79
10691,2019-08-04T11:06:29Z,660f1233dc01b2e0a4fc9254e51c709a0476b2ec6ba6d5399d23dd76,60.16448,24.97323,0000000053c6c2be,21.87
10692,2019-08-04T11:06:29Z,66755836036c771e53ffd9d0dc09b8575231b53b80af22e868691a2a,60.14699,24.922,00000000a53ed894,7.69
10693,2019-08-04T11:06:29Z,66b286cdb9e93883f7eb88bed6e49742fd233e680835bffeeb1b8af8,60.16762,24.95415,000000006b44cce7,21.87
10694,2019-08-04T11:06:29Z,697103160f0b3dc0ba38ccdd18203ae84ec35fc314322d1172c093b2,60.16829,24.94214,00000000afef4555,25.36
10695,2019-08-04T11:06:29Z,69852d528034ea6fc746ed8942c32f1c90bc33a7a7317dfac3c9b1c1,60.14699,24.922,00000000a53ed894,7.69
10696,2019-08-04T11:06:29Z,6990b912b53e2278e4a3d421330e44169d05b275ad57d86ff4ad1615,60.14699,24.922,00000000a53ed894,23.56
10697,2019-08-04T11:06:29Z,69d8c906060e226ff0f0f7e78029575f2ee07ebec657a3b641419268,60.14699,24.922,00000000a53ed894,10.78
10698,2019-08-04T11:06:29Z,6a611aaa1fa77baf03191f0143c2a00dd06c9730c67d30c1eb06afcc,60.16762,24.95415,000000006b44cce7,8.38
10699,2019-08-04T11:06:29Z,6ac1903c80e63433e4bc744dc0e801bff647117d38d3753fb9a6a4c1,60.173,24.92524,0000000096918cfa,13.75
10700,2019-08-04T11:06:29Z,6ac8fdd67b3dd11f0bae935f3a285880138382088238b97f511d3f12,60.16897,24.95222,00000000aa852af1,16.1
10701,2019-08-04T11:06:29Z,6c97da4ba9462e7fe786a472989dab23340d31809dd78d5617204da4,60.16829,24.94214,00000000afef4555,14.89
10702,2019-08-04T11:06:29Z,6e2fbf091d5c86667e060d7ec44f48f0f5d7b1d55b1899f2939f247a,60.16762,24.95415,000000006b44cce7,3.74
10703,2019-08-04T11:06:29Z,6e492dbc3f10157e7ff00826a839a97262ab36244ccc57b702a89999,60.16531,24.9442,00000000fdda10fe,6.46
10704,2019-08-04T11:06:29Z,6ed478b9924df6bb6e6abe0b376f750b2c4abd0bf4f3d32b71b07446,60.16829,24.94214,00000000afef4555,20.28
10705,2019-08-04T11:06:29Z,6faf62fbff92729472d61bc9a13a5e72833e55bf713863161f8ca9cb,60.15432,24.9211,0000000019fb59c4,17.4
10706,2019-08-04T11:06:29Z,714e80a1e3c0fee43e312f314b2faec47e582ee8dac47e4818dbc2f9,60.149,24.9843,00000000fffb8cf0,11.7
10707,2019-08-04T11:06:29Z,71516fc8349cfaf2b5c4ab80ade6078494d93d13e9953af15e5ced30,60.18203,24.91341,00000000342570c2,16.1
10708,2019-08-04T11:06:29Z,71c1367c7dea4dfa243172e02b9092c7a0810bef003216681759891e,60.16897,24.95222,00000000aa852af1,23.56
10709,2019-08-04T11:06:29Z,738973c9b5f9882f29075e47ca10e50ba3fb9883da779f41545175f4,60.17919,24.95181,000000007b5207b6,8.38
10710,2019-08-04T11:06:29Z,7484ecf89e24efb4a366562730f7341391f930dad7b216184022d0da,60.173,24.92524,0000000096918cfa,20.28
10711,2019-08-04T11:06:29Z,7557ee524bf436bdc7611b9d6b04aa9605876ab1815612b143b5d2fe,60.16629,24.95957,00000000fb7600be,33.81
10712,2019-08-04T11:06:29Z,75d452cbba63995ad06213b577081e8db650c80b3a78060789a8e831,60.16762,24.95415,000000006b44cce7,8.38
10713,2019-08-04T11:06:29Z,765243fc3021a21bc913ebdd4ce13c3606a5f0e655244884fa039ee6,60.15432,24.9211,0000000019fb59c4,29.32
10714,2019-08-04T11:06:29Z,7804799a34d94440ab3520238b9ab58a0466b4230cd360f0f2159075,60.16762,24.95415,000000006b44cce7,20.28
10715,2019-08-04T11:06:29Z,79bde23c1a8980f93a65e14306f0d8ea89e164430d8b991e2bfee82e,60.16531,24.9442,00000000fdda10fe,23.56
10716,2019-08-04T11:06:29Z,79f6ceff0d0fc6687b4982c4d38a9ebb0a1056b6e0c448b1b9e79e8e,60.16897,24.95222,00000000aa852af1,21.87
10717,2019-08-04T11:06:29Z,7a96471c0f2a5b26dc38cc8aa9903b7dcb222a12d81cd73a84570610,60.16629,24.95957,00000000fb7600be,25.36
10718,2019-08-04T11:06:29Z,7c54a2b3743def9287caccd19dc542caf569d06507bbfc885490ac27,60.17918,24.95141,00000000675d5200,25.36
10719,2019-08-04T11:06:29Z,7c55ecf165387948602e82b684a55be093691849fde2d96ad6574475,60.17065,24.93641,000000000f4919c9,21.87
10720,2019-08-04T11:06:29Z,7ddcdde2316659d0fa4b8597b86430e095ea0bc7f3564a9d05fc60f8,60.16897,24.95222,00000000aa852af1,12.69
10721,2019-08-04T11:06:29Z,7e78b2348d9576c63ebb626030ee9d43e2bf07e860782adf3f1c452b,60.16829,24.94214,00000000afef4555,10.78
10722,2019-08-04T11:06:29Z,7eefc5581c616491b78192b28b519ba727dc884a87bc06b8df1ea4f2,60.14699,24.922,00000000a53ed894,6.46
10723,2019-08-04T11:06:29Z,7f546f0776433ed1b76ea74186c0aad95eca5439e6cefda07922ef14,60.16762,24.95415,000000006b44cce7,9.12
10724,2019-08-04T11:06:29Z,7f95126e2fe39b74b61f9df1002b58453d22fe79458cebfeed9b9982,60.16829,24.94214,00000000afef4555,9.12
10725,2019-08-04T11:06:29Z,7fe2da2d441d71c5853dc76eb7d62293a75686b735ae22dafc34e39d,60.17002,24.94407,000000006b087f40,20.28
10726,2019-08-04T11:06:29Z,822590bd49bcf7ed4de4f8389586915c343b29c4283ff8b90d7c1d39,60.17065,24.93641,000000000f4919c9,20.28
10727,2019-08-04T11:06:29Z,82ac749474448abac333d00869cb8b508872f86293913d95eae26a05,60.15432,24.9211,0000000019fb59c4,14.89
10728,2019-08-04T11:06:29Z,82cddd3b9f58762d36efe78da4e2722ee587cfdb3fdbc58b52673082,60.16629,24.95957,00000000fb7600be,11.7
10729,2019-08-04T11:06:29Z,844b8ad6ebf530978d1139d527a681991f4d3eed6be5bc723f0b2192,60.16531,24.9442,00000000fdda10fe,2.8
10730,2019-08-04T11:06:29Z,87ea10367f1569e575dc4bc60f0f4238eafb52ba8a2cc8e5e4584232,60.16829,24.94214,00000000afef4555,9.92
10731,2019-08-04T11:06:29Z,87f4cf4baea8c5dfe1bc7812cc969574058bd4d2dda215192bcfc53f,60.14699,24.922,00000000a53ed894,4.94
10732,2019-08-04T11:06:29Z,886032718e05487be8bd75bb14464814044c7edd7f9a2198304f6fb4,60.16629,24.95957,00000000fb7600be,23.56
10733,2019-08-04T11:06:29Z,8c4e4851db86ec4a3ce29a58be770eb29c38b9a983351bb67d781982,60.16897,24.95222,00000000aa852af1,3.74
10734,2019-08-04T11:06:29Z,8ca6cbf91a04db796810f40ee019369f331d79472e4acd09f75cbac8,60.16829,24.94214,00000000afef4555,21.87
10735,2019-08-04T11:06:29Z,8e32f03aa51152a06255173f7dc5aaa2c75cef6f6aa829bd51fea777,60.16762,24.95415,000000006b44cce7,8.38
10736,2019-08-04T11:06:29Z,8f3d9ab893ae4a48fd3417f3a749c21e792779990ae0ad75a8f211de,60.1538,24.95595,0000000038bf9618,27.28
10737,2019-08-04T11:06:29Z,90a7a2779a546d0a67f676fbd33964bfec098cc7d3c6617a5c0f6b88,60.16762,24.95415,000000006b44cce7,11.7
10738,2019-08-04T11:06:29Z,90b12d2b9898702fd62b343512e0d53796ae38decdf704e203a0cc39,60.16829,24.94214,00000000afef4555,7.05
10739,2019-08-04T11:06:29Z,91602a694bc74a2874ba7f02a7bae062a3a77cd869b86a74800415b8,60.17918,24.95141,00000000675d5200,20.28
10740,2019-08-04T11:06:29Z,92df20d921f76c63470e3f5afbe201d3ae15f5133f66c291db796082,60.16629,24.95957,00000000fb7600be,18.79
10741,2019-08-04T11:06:29Z,93272ad17155ea9499641eda7c5560691582116096278b82738ab21e,60.14699,24.922,00000000a53ed894,10.78
10742,2019-08-04T11:06:29Z,94ac9d6e79236013b9fa24e1c52123819228f6962b5952637ca80fcb,60.16762,24.95415,000000006b44cce7,8.38
10743,2019-08-04T11:06:29Z,951482f3e2e41b496e34885c346c4a7ab09427178119caa9b8bbcbb6,60.14947,24.91438,000000004ef3150d,9.12
10744,2019-08-04T11:06:29Z,9558753228fb3007f59382a0595018488e2e7430248f8824a5badb80,60.1638,24.96846,00000000d747f075,17.4
10745,2019-08-04T11:06:29Z,97490f522f1a0226c8f7e8ed7bca08dd71b63d80b46d38020127b868,60.14699,24.922,00000000a53ed894,21.87
10746,2019-08-04T11:06:29Z,9756e6d443ac39f05cafcc0913fec8b2e5e8a9a752d70b532f34b598,60.16762,24.95415,000000006b44cce7,14.89
10747,2019-08-04T11:06:29Z,998ac46ad73c197bab1f36dca67d8bcaa3aca92249185a5e3715043f,60.17065,24.93641,000000000f4919c9,16.1
10748,2019-08-04T11:06:29Z,9a49d0b5a67fba15ce8971503f6fea88994b33487a842397c5e8564f,60.16762,24.95415,000000006b44cce7,4.5
10749,2019-08-04T11:06:29Z,9aa588cb6f425117e45726b6b9adb7ef86c8f7c8113b547dc61f068a,60.16897,24.95222,00000000aa852af1,36.27
10750,2019-08-04T11:06:29Z,9ab0a60cb60531417ac6ec5ebc6ef591d2f39019c6b0bcb5a89101a2,60.14699,24.922,00000000a53ed894,12.69
10751,2019-08-04T11:06:29Z,9b17422199e594df512c6cda493d8fc5b5141741b2f804eb18016640,60.14699,24.922,00000000a53ed894,27.28
10752,2019-08-04T11:06:29Z,9b24f69458294d27d07a0169665965135fd02f4c953f85bcebf4ba87,60.16762,24.95415,000000006b44cce7,12.69
10753,2019-08-04T11:06:29Z,9b4b0705e58750d2bcbd71ad65d85677f7e77db5dfe69d1a70b5d31f,60.17919,24.95181,000000007b5207b6,11.7
10754,2019-08-04T11:06:29Z,9bc91538b73e0220fcf5cd07290c07d56f6f48d3ba0ba6b6b0876da9,60.17065,24.93641,000000000f4919c9,23.56
10755,2019-08-04T11:06:29Z,9bef562c292174f1eb3933116effff74a8733a78e5c1df140de3fd6c,60.17919,24.95181,000000007b5207b6,7.69
10756,2019-08-04T11:06:29Z,9eb1e9bfdceb76ef852f89ebd82139602125f9731b791465e1c21f81,60.16829,24.94214,00000000afef4555,9.12
10757,2019-08-04T11:06:29Z,a25b897b52089b243421b68349d3f15e60ce8249d11c889a4626bfc7,60.18203,24.91341,00000000342570c2,25.36
10758,2019-08-04T11:06:29Z,a2f0adf51cb9d2a5417cc0797183513a8bbcecfbc717a1b63e42027d,60.16762,24.95415,000000006b44cce7,2.8
10759,2019-08-04T11:06:29Z,a30740fbf4b7e21f6fe2996e9325c90936de161cb2165e87cd96fd35,60.149,24.9843,00000000fffb8cf0,11.7
10760,2019-08-04T11:06:29Z,a3c1a4a58b9381c27b1d5076e0d8d72039afccfb0e58438a80247324,60.16762,24.95415,000000006b44cce7,3.74
10761,2019-08-04T11:06:29Z,a44eda7b8ec58e1cd7c078a73c4da7fb0037d59453aa6bfe69b7cbdd,60.16762,24.95415,000000006b44cce7,3.09
10762,2019-08-04T11:06:29Z,a488d8700d0761c51d771677bb82a9a5bbb86e97e0d5835aeff65d2b,60.16629,24.95957,00000000fb7600be,25.36
10763,2019-08-04T11:06:29Z,a50e0bb8fd1ad4ad264c3246b210a0c6285faae591c1bd2c2c3458af,60.16829,24.94214,00000000afef4555,10.78
10764,2019-08-04T11:06:29Z,a51a9aab75637e56bef3effddc420dfcd95b8cbd85d95917aaac38d5,60.16762,24.95415,000000006b44cce7,12.69
10765,2019-08-04T11:06:29Z,a6ad4305e4e49cc67b63665ffb182e72c67646f3554a9aedcd188b67,60.16829,24.94214,00000000afef4555,27.28
10766,2019-08-04T11:06:29Z,a764c2246c85b2b0aa79e581e2fe238da93de098abbb90aee24c11ca,60.16829,24.94214,00000000afef4555,12.69
10767,2019-08-04T11:06:29Z,a81c19fb85eebf853246cdc4d8e38245dfa5ba15c180eaa1bcc0378d,60.16829,24.94214,00000000afef4555,16.1
10768,2019-08-04T11:06:29Z,aa4547c0b6b8be30776e08d524ceeacfbc9930ad720e11fa4cb20882,60.16531,24.9442,00000000fdda10fe,1.54
10769,2019-08-04T11:06:29Z,aa45859d6157e9e86470ec8b81957acc35bafb1b7f419d79357a38cf,60.16829,24.94214,00000000afef4555,6.46
10770,2019-08-04T11:06:29Z,aad04d7a0461ffc2fd5363191a84e167641401a8e12fbe547f004ee4,60.16762,24.95415,000000006b44cce7,27.28
10771,2019-08-04T11:06:29Z,ab1377ddf669bb806f8db586f4ce5ab9f0f4257dda61fe800d8509f5,60.17065,24.93641,000000000f4919c9,17.4
10772,2019-08-04T11:06:29Z,ab9310807d2eb4984b053d38f467cb5d3e4211ff71ceb059480cf9ba,60.16829,24.94214,00000000afef4555,18.79
10773,2019-08-04T11:06:29Z,ac4679e3db131ec2ea8e1111c8aa0d71020cf8796ecb11f142478394,60.14947,24.91438,000000004ef3150d,4.5
10774,2019-08-04T11:06:29Z,ac5c7e04b55d6d70659e5b8f4705309b9367c78a0edb7ce85f42c181,60.1538,24.95595,0000000038bf9618,25.36
10775,2019-08-04T11:06:29Z,add92af5006cee56f2da79112486b97d5a7c06f12252676b7638064d,60.16762,24.95415,000000006b44cce7,12.69
10776,2019-08-04T11:06:29Z,addc60a477245c1c33e3a627145e2a2971adf755bfcf8aef4c8c0f88,60.16897,24.95222,00000000aa852af1,18.79
10777,2019-08-04T11:06:29Z,ae2143f0fab3405d38da14312fd801d7d7524534cd3ffeadc631feb0,60.149,24.9843,00000000fffb8cf0,31.5
10778,2019-08-04T11:06:29Z,ae3cda5066e455d4b1e58860e8fb7a35efad69b9964a676b476b0687,60.14947,24.91438,000000004ef3150d,2.54
10779,2019-08-04T11:06:29Z,b0d6202ccd1560eaf57c06931cb6466332e41068ad2963e515819015,60.17918,24.95141,00000000675d5200,29.32
10780,2019-08-04T11:06:29Z,b2298fc6f63c02481610f9aef24f1a0c1711c255adc43c0fe135c1ca,60.14947,24.91438,000000004ef3150d,11.7
10781,2019-08-04T11:06:29Z,b26280ff7943c2f2f00f94125547cbdc285e6c43b7d0a5819c2eac87,60.16762,24.95415,000000006b44cce7,10.78
10782,2019-08-04T11:06:29Z,b26d0daac9f8fb84484cbd8ed668aeb6751e848b1c533a307d163360,60.16762,24.95415,000000006b44cce7,4.5
10783,2019-08-04T11:06:29Z,b43e4d76f6432c46bd1ee3fa1bee1dd2c3cae726018edfc39d08723e,60.16629,24.95957,00000000fb7600be,27.28
10784,2019-08-04T11:06:29Z,b45b86eb670eb1db475921496e6d80468f5fe2819bf3eb58f1f58506,60.16762,24.95415,000000006b44cce7,7.05
10785,2019-08-04T11:06:29Z,b50b3c2006581bccfeaa9ea964649350c7d5b8177baa29a37e628584,60.14947,24.91438,000000004ef3150d,25.36
10786,2019-08-04T11:06:29Z,b59631b8902194c916f7d3ddcc02d4200a3de0380fa554d87e6856c0,60.17002,24.94407,000000006b087f40,20.28
10787,2019-08-04T11:06:29Z,b5cdbcdc30e0bf653ce353c867708b0067db5e394c8cbe848d978a77,60.14699,24.922,00000000a53ed894,17.4
10788,2019-08-04T11:06:29Z,b81a9bf449d3e64ad0181804598330bbf305f384b888935023742c79,60.173,24.92524,0000000096918cfa,14.89
10789,2019-08-04T11:06:29Z,b81e65168ea3278486b1c954ab229bc2eda3fe07098e824f05cd0ac4,60.149,24.9843,00000000fffb8cf0,25.36
10790,2019-08-04T11:06:29Z,b937531822c41bc03406f1880713f64de5a06a0a8711ef57fdf0ed20,60.16829,24.94214,00000000afef4555,23.56
10791,2019-08-04T11:06:29Z,b9447a524f5b5bf98585b27b92195b09869ee9cd9da3cf8d2b59c57d,60.16829,24.94214,00000000afef4555,23.56
10792,2019-08-04T11:06:29Z,ba288a5fd2befbc9ed08e7876ad7cb2bd8bfe6f5756d2ffe8e2dc558,60.17002,24.94407,000000006b087f40,4.94
10793,2019-08-04T11:06:29Z,ba41edadb3a9722bc59efaca71897a33593d0f17301c4bf560fd23e1,60.16762,24.95415,000000006b44cce7,12.69
10794,2019-08-04T11:06:29Z,bbf7d8b9085ddcd3b94f55f93b52cb40a251c44f5df4099ba5b61471,60.16829,24.94214,00000000afef4555,5.91
10795,2019-08-04T11:06:29Z,bc07df8cc395f6f4f5d483b2233caca5f93a6918f346e4cc3702f8cc,60.16531,24.9442,00000000fdda10fe,23.56
10796,2019-08-04T11:06:29Z,bdc8bd416444be70683b3475302093428e4abe14284e9579617fe8ea,60.1638,24.96846,00000000d747f075,33.81
10797,2019-08-04T11:06:29Z,bf4235c977b63f07c70679988ae6990db3734c8bde50741c636155b9,60.16762,24.95415,000000006b44cce7,9.92
10798,2019-08-04T11:06:29Z,c012e9e2caf1002d24e53817bb1279becdfc4aa9dba085e93ddd88e9,60.17002,24.94407,000000006b087f40,23.56
10799,2019-08-04T11:06:29Z,c0a0ca3433586ed2ae0e448f2406fabac7292ac79d49562e0bd5cef8,60.16762,24.95415,000000006b44cce7,23.56
10800,2019-08-04T11:06:29Z,c239e27b985c23449b6aa84b78560b1b4e535975f3ba059d7987efe4,60.16762,24.95415,000000006b44cce7,11.7
10801,2019-08-04T11:06:29Z,c27fee8ae8d689338b043608280c83cfa6f3276d3837ecea5f742dc3,60.16762,24.95415,000000006b44cce7,5.41
10802,2019-08-04T11:06:29Z,c2cc33e5b1b8d254d4bcbc0ffa13c9200676a39a191cc31a38d28d8d,60.17065,24.93641,000000000f4919c9,8.38
10803,2019-08-04T11:06:29Z,c2d88bc74172eb47d26ee5d739980baa7fc011b9973f9f18b482aa81,60.17065,24.93641,000000000f4919c9,25.36
10804,2019-08-04T11:06:29Z,c2e135ad2c160277e290705658ac41d7cd35b11ebf61d829fdd0b428,60.14699,24.922,00000000a53ed894,12.69
10805,2019-08-04T11:06:29Z,c45e3c4e8ec0fc85457d3b4ed4c49ed0116b4cf447e2983f353abcd8,60.16829,24.94214,00000000afef4555,12.69
10806,2019-08-04T11:06:29Z,c4c3ad738ca47920bb66939f620126c87f730c644813158554916827,60.16762,24.95415,000000006b44cce7,21.87
10807,2019-08-04T11:06:29Z,c55894159f2080031cda702c78ee54463c3c15ab1b3638afdf687f08,60.16531,24.9442,00000000fdda10fe,7.05
10808,2019-08-04T11:06:29Z,c579eba896de95131c4cbe66bafd0f641be628aa2ff8f8a4d1f16691,60.16762,24.95415,000000006b44cce7,14.89
10809,2019-08-04T11:06:29Z,c739921adb150c53f1887c6ce887adc6cd7ae7e35e69f6e4dc52fe81,60.173,24.92524,0000000096918cfa,10.78
10810,2019-08-04T11:06:29Z,c74d5bf3ad01eca237efe3b1afd1c81b2a0a066dc2456e97f0c4d17d,60.16762,24.95415,000000006b44cce7,20.28
10811,2019-08-04T11:06:29Z,c7ced11121537f55bcd7d7ab67312226dafe7c85320c5357a35d5ab7,60.17002,24.94407,000000006b087f40,20.28
10812,2019-08-04T11:06:29Z,c8348938d0ebafd342c966ca86c2bbd8e8e661471ae04ba49b5516d8,60.16762,24.95415,000000006b44cce7,9.12
10813,2019-08-04T11:06:29Z,c990a15d27cfc21e63b7c96b95949254f1194e8b27118386a589e2bd,60.16897,24.95222,00000000aa852af1,13.75
10814,2019-08-04T11:06:29Z,cd7d0e9404c9f4e8fab0742460b9acb4d5bbb97f44df80d4a8b973cd,60.17002,24.94407,000000006b087f40,5.91
10815,2019-08-04T11:06:29Z,cddbfc3b0a1459f0ea8d553779cf320d512cac6e64976182f2f0b3b7,60.16829,24.94214,00000000afef4555,12.69
10816,2019-08-04T11:06:29Z,d04b5065ec93818b731141027d11e6a1cf53de69b9737d7aea0c34da,60.14947,24.91438,000000004ef3150d,12.69
10817,2019-08-04T11:06:29Z,d162ad46250f7d87af446db22df4aa6b2eb2bf22f83beca34e857743,60.16762,24.95415,000000006b44cce7,7.69
10818,2019-08-04T11:06:29Z,d182c680ddb684ba380aa8399074de2dfffda5e3e2300318160b9539,60.16762,24.95415,000000006b44cce7,21.87
10819,2019-08-04T11:06:29Z,d20f68571773330f7b6490b006b2e952c9912b4ee05e20f0fc434698,60.16629,24.95957,00000000fb7600be,18.79
10820,2019-08-04T11:06:29Z,d23d6afa580687749de352818db606b272b579b77c6009badb4aa4a6,60.16897,24.95222,00000000aa852af1,27.28
10821,2019-08-04T11:06:29Z,d2fd0c6415d2d8e49fef3415fb8747b524191b4400a4fbb66428cb12,60.14699,24.922,00000000a53ed894,9.92
10822,2019-08-04T11:06:29Z,d3910de7df50d93311da3c44a80ec2a60325db1914938b1bcd3c047c,60.16762,24.95415,000000006b44cce7,16.1
10823,2019-08-04T11:06:29Z,d6a8c97f1ec18c7a90d3beae358bad67f8d53626258a852e15b08c5d,60.14699,24.922,00000000a53ed894,9.92
10824,2019-08-04T11:06:29Z,d71a315bac918f9a18fcd820731e6d9eb54fb0d01c324ca088ef8858,60.149,24.9843,00000000fffb8cf0,27.28
10825,2019-08-04T11:06:29Z,d7b3daaab1b36d8d95f7672a0339b99b2a16483fc1c71c5177aeb948,60.16829,24.94214,00000000afef4555,27.28
10826,2019-08-04T11:06:29Z,d815f84ae48488758c6a413083db69302bd4661761296368c86e7721,60.16629,24.95957,00000000fb7600be,27.28
10827,2019-08-04T11:06:29Z,d83c1c2d3a3876c948e277bace6d013eafc0c4e118958e138f8b1257,60.16448,24.97323,0000000053c6c2be,36.27
10828,2019-08-04T11:06:29Z,d86f155736e4d36de5d33bdbb3b12b717b75de44852b93419af20945,60.16829,24.94214,00000000afef4555,9.12
10829,2019-08-04T11:06:29Z,d8e3f39b4e9b680fe74fde02ee016ecdbcb0d6123c1e18bcffcdd1d4,60.14699,24.922,00000000a53ed894,18.79
10830,2019-08-04T11:06:29Z,d9a5b0033b928dc7932083909b29c0529a51ccc1c1cd9cad67c4306a,60.14699,24.922,00000000a53ed894,29.32
10831,2019-08-04T11:06:29Z,da2398acaae7f39c7b80c220d4e6917bdc7655f4c71b6e36d06cb859,60.18203,24.91341,00000000342570c2,18.79
10832,2019-08-04T11:06:29Z,db45583e1f7aaaf54e100214986dfc86aa755383e86d361639a5b19b,60.16762,24.95415,000000006b44cce7,8.38
10833,2019-08-04T11:06:29Z,db4d3f81708de827ce30c4130610fd65b4d6d451ca5cf6b0c4e745d9,60.16829,24.94214,00000000afef4555,20.28
10834,2019-08-04T11:06:29Z,dc4072a3cfc00cca0bde9925adc82bb9c2548af1724368561eefcbf8,60.16762,24.95415,000000006b44cce7,9.12
10835,2019-08-04T11:06:29Z,dc82f9648bb5ba21e766e0923f5fa7ca2d77662ab0edbe22a3d95631,60.14699,24.922,00000000a53ed894,12.69
10836,2019-08-04T11:06:29Z,dcbd150d7326dc22a8ab087a0555b9c9549addd07f54aa909aa8ec1f,60.149,24.9843,00000000fffb8cf0,36.27
10837,2019-08-04T11:06:29Z,dd8e0699822b1a8a3f8a91fcb10729f6f7cd0a4736f36dc60974c36e,60.16762,24.95415,000000006b44cce7,10.78
10838,2019-08-04T11:06:29Z,ddd0e663eb31ac94858d2a4e9af5e4782781e88c92102042190e6fcf,60.14699,24.922,00000000a53ed894,18.79
10839,2019-08-04T11:06:29Z,de48adf9d49eb3bc1d61dea4047618f6c77086fc44bd2b535d56504d,60.16762,24.95415,000000006b44cce7,3.4
10840,2019-08-04T11:06:29Z,de71e27b55ef6f2f51f05838a2fcab596f1dd93a14ece5ce4548f5c7,60.14699,24.922,00000000a53ed894,9.12
10841,2019-08-04T11:06:29Z,ded7706d6ac8eb3bd7ab8cbf5964dddf4bdd354ffa5a930c5801e993,60.16762,24.95415,000000006b44cce7,20.28
10842,2019-08-04T11:06:29Z,e081e4b3252ca91bbf1cbb70faa116d60317fbf3a991a67bc99b4bfa,60.149,24.9843,00000000fffb8cf0,18.79
10843,2019-08-04T11:06:29Z,e0859a9c906151023376d86762070f38ba1b3859e671531b0edac6cd,60.16075,24.95883,00000000f1124bca,18.79
10844,2019-08-04T11:06:29Z,e1da87aea335bcd04e4c876158b96ebc7ba4206bc216c3aa27a2f4af,60.17919,24.95181,000000007b5207b6,5.91
10845,2019-08-04T11:06:29Z,e29168791ccd18013b58845430388cc5aac537e7e1c618aeb78900a8,60.16897,24.95222,00000000aa852af1,21.87
10846,2019-08-04T11:06:29Z,e305610124e16ed1411a221b29ce69a076cc47982efd6c098b0599ab,60.14947,24.91438,000000004ef3150d,14.89
10847,2019-08-04T11:06:29Z,e44d7228cecbdb2474e1cc396a6c13943f09c08c19d0ffab1997d509,60.17919,24.95181,000000007b5207b6,9.92
10848,2019-08-04T11:06:29Z,e53a901aed874016e1cd1ed3e9b2891fca850986cb2fa04f5162cf52,60.16762,24.95415,000000006b44cce7,3.4
10849,2019-08-04T11:06:29Z,e557e164cd52fd817b02cad6587a294d72b0974d9b014ad69ea5e08e,60.17919,24.95181,000000007b5207b6,21.87
10850,2019-08-04T11:06:29Z,e568360cebcddeb30a1d066a2f6a2326ac927004214bd11337d804e5,60.16762,24.95415,000000006b44cce7,14.89
10851,2019-08-04T11:06:29Z,e5928057da667903de0b6c1245e1f58273dd85d63d8af0f4eaa771de,60.16762,24.95415,000000006b44cce7,14.89
10852,2019-08-04T11:06:29Z,e5b9b4813c081a31fb498e7f9adb94918c267dfa125c63790c0d9488,60.149,24.9843,00000000fffb8cf0,1.01
10853,2019-08-04T11:06:29Z,e5e14952bf5e52bf1349479a58c0a97d702585889650948d94767608,60.16448,24.97323,0000000053c6c2be,23.56
10854,2019-08-04T11:06:29Z,e7988d180194f352fcf752defa2a01904142bcbf71a9afba13cc7470,60.16897,24.95222,00000000aa852af1,23.56
10855,2019-08-04T11:06:29Z,e97ba22b59a38317629569b1436cdd3787ac8efdf4b47a48c7646e26,60.16762,24.95415,000000006b44cce7,25.36
10856,2019-08-04T11:06:29Z,e9a74a4e1b344f1e3b70c03011ad19eb717ff4a4fee0353a1a0c9194,60.16829,24.94214,00000000afef4555,27.28
10857,2019-08-04T11:06:29Z,e9d59e25b58f33f70aad6832863cb59d7485ca55a1575558f92b74e7,60.16897,24.95222,00000000aa852af1,14.89
10858,2019-08-04T11:06:29Z,ea156c99dd8945ef87da4c332787a6202e9eedc69f726cafae8d3258,60.1538,24.95595,0000000038bf9618,36.27
10859,2019-08-04T11:06:29Z,eb261026c6f65b651ddf21bed629a1e164cfb500d0b78062704ec15c,60.16762,24.95415,000000006b44cce7,4.11
10860,2019-08-04T11:06:29Z,ec485175d2b7a2c53d03bf546aee134c116d998976601b069570c6f9,60.14699,24.922,00000000a53ed894,11.7
10861,2019-08-04T11:06:29Z,eca1a609c675d971fcfba4277d230ccdc2de7805c629b1f5da9cc224,60.173,24.92524,0000000096918cfa,23.56
10862,2019-08-04T11:06:29Z,ecb1735f180422ec69f041cd2782a26c9f07d27a87893b3c30aaa9b7,60.16075,24.95883,00000000f1124bca,6.46
10863,2019-08-04T11:06:29Z,ecf13e9d610ad235409932d263110fd52c69d0f5f39e9ffd3ad8b740,60.16897,24.95222,00000000aa852af1,18.79
10864,2019-08-04T11:06:29Z,ede13c9dc221bbc6c1daf78250fa6547303c06d7606c05ba0bf64547,60.17919,24.95181,000000007b5207b6,5.91
10865,2019-08-04T11:06:29Z,ee58e3183e0967bff106dcd3894f4688accefe5e721043dd70c1f11c,60.16629,24.95957,00000000fb7600be,27.28
10866,2019-08-04T11:06:29Z,eea43687eab35d2c386347881796eb1c8279076b9e9642ebc2cd06ac,60.16762,24.95415,000000006b44cce7,3.74
10867,2019-08-04T11:06:29Z,ef15ff71b7dc4c2088249a4fca7e28900ae315245a7a3b4d571bf582,60.16829,24.94214,00000000afef4555,11.7
10868,2019-08-04T11:06:29Z,ef33ccdfcdb12920eabb3306e0f86dc7e6060a5d3864b03e2de7e1ef,60.16897,24.95222,00000000aa852af1,21.87
10869,2019-08-04T11:06:29Z,ef45fdc095ee55730384922266d8fce61de212d3c3df2441ea10e524,60.14947,24.91438,000000004ef3150d,16.1
10870,2019-08-04T11:06:29Z,ef5e495c5f9d3dd9eb22ed5b8faf1cc9e4225d4785ebb26a87d16fff,60.14699,24.922,00000000a53ed894,17.4
10871,2019-08-04T11:06:29Z,f014103201b8ae8f495f8e1e04da3c934079461391d4801ee6c2faaf,60.16762,24.95415,000000006b44cce7,14.89
10872,2019-08-04T11:06:29Z,f110acae92fec55c6caca5de864773a6b99e5b8d6e2fdf8d1bdbc759,60.16762,24.95415,000000006b44cce7,9.92
10873,2019-08-04T11:06:29Z,f11c02cbebb4049a29f10d2ee6aac8a9ca3b7b9609a39d69463461a1,60.17065,24.93641,000000000f4919c9,23.56
10874,2019-08-04T11:06:29Z,f196f5f8c08299d290b3bac1944e00bb1f2c90594db66438b0c10e6e,60.16629,24.95957,00000000fb7600be,14.89
10875,2019-08-04T11:06:29Z,f381074e6d7279d30dbdc35017c6f1c0da05a0a4d05f693fc87616f5,60.16762,24.95415,000000006b44cce7,20.28
10876,2019-08-04T11:06:29Z,f43b8b2cf2c0bd291543858796d75b211d283ab73dcab5ad5dfd0aeb,60.16897,24.95222,00000000aa852af1,13.75
10877,2019-08-04T11:06:29Z,f4b9fc6acb673aea24fe00dfbe806b81fedab0c2ea82d781f7659ce5,60.16762,24.95415,000000006b44cce7,8.38
10878,2019-08-04T11:06:29Z,f5ffa3dbcdd5592ac31344cb04a7a6d639109a4d6e196fa0df3990dd,60.17065,24.93641,000000000f4919c9,21.87
10879,2019-08-04T11:06:29Z,f616fbd0fde8316049c3068ae4368dc9f486f8da4bf5516e9ba82578,60.16897,24.95222,00000000aa852af1,17.4
10880,2019-08-04T11:06:29Z,f6a67ff84820eaf13cebbf7255a83e978a07b3389f0ffda20b5842c7,60.14699,24.922,00000000a53ed894,12.69
10881,2019-08-04T11:06:29Z,f756416830b046336a677173f34b00e83412904998e92cfb4ebe207d,60.16762,24.95415,000000006b44cce7,16.1
10882,2019-08-04T11:06:29Z,f77d86d6fcfc6cc5ce50a14177a7100c8967fa5947fc13e3a198e345,60.16762,24.95415,000000006b44cce7,11.7
10883,2019-08-04T11:06:29Z,f78ef2ddbe48b534137498eab56c0a55ec0e0b1d8868e82cb5652a0e,60.14699,24.922,00000000a53ed894,7.69
10884,2019-08-04T11:06:29Z,f7be7d003528c0c0827040a3a3723e49406a5a7c86cb4bc568a830db,60.17002,24.94407,000000006b087f40,25.36
10885,2019-08-04T11:06:29Z,f855918d61069661cbf8633b228a5fb9e5cd5ea7b2946bfc5b9fc315,60.16829,24.94214,00000000afef4555,14.89
10886,2019-08-04T11:06:29Z,f9f42c3132515705c0013fb8e137897c93844d24acc22cb4ac9384a0,60.149,24.9843,00000000fffb8cf0,2.8
10887,2019-08-04T11:06:29Z,fb37b263777ffcf7fe1fb6484821cae2b8beb03b5f5009109748dedb,60.16762,24.95415,000000006b44cce7,18.79
10888,2019-08-04T11:06:29Z,fbd28054e4a5478c8ca06f4d682405d1c59bef4853cad413ecb58d13,60.14699,24.922,00000000a53ed894,11.7
10889,2019-08-04T11:06:29Z,ffb7319984ecae155652e100da9b204f0b92f3b6c7239cfea4dcf966,60.14699,24.922,00000000a53ed894,21.87
10890,2019-08-04T11:06:30Z,004c3624f943830bc6a9f17173a2cd0996622cade5184ad2b9fba729,60.16897,24.95222,00000000aa852af1,6.46
10891,2019-08-04T11:06:30Z,0152988639aaaa9cc27213280c8f0c0c8ec97ae6a45aaaf743c9c25d,60.16544,24.95398,0000000038d83d41,29.32
10892,2019-08-04T11:06:30Z,09ddbf38333e76a79fd836112bd8c3f8bf7f3dadfb3d49945ad4c486,60.16897,24.95222,00000000aa852af1,6.46
10893,2019-08-04T11:06:30Z,1142f5b6806b1ec7d8d47d47013eb530d8a7418f6934d8867b20966a,60.16829,24.94214,00000000afef4555,18.79
10894,2019-08-04T11:06:30Z,14c7e1511b70f4dd3359cbece1377aebb4d70531f5489eefe53d7c3c,60.16544,24.95398,0000000038d83d41,27.28
10895,2019-08-04T11:06:30Z,1599d2c9070a6f05e1a5887c2d9209214c04818c6203fe75440734f2,60.16762,24.95415,000000006b44cce7,23.56
10896,2019-08-04T11:06:30Z,165ebbb4090d47319ae370f0d0854fdc1f6b79499f8b2e4d3c3533c0,60.16544,24.95398,0000000038d83d41,23.56
10897,2019-08-04T11:06:30Z,16c994bb2e24124a910c247376d16e980a65626a94c4c0aaab27df60,60.16829,24.94214,00000000afef4555,14.89
10898,2019-08-04T11:06:30Z,198d6432c579dae0d7ddda6591eb377ca6c01888de802f89ab84b98a,60.16544,24.95398,0000000038d83d41,27.28
10899,2019-08-04T11:06:30Z,25a7ff811c3c06e426c7c2cbb0433d9a2a3399b23afecbd35584ab0f,60.18203,24.91341,00000000342570c2,17.4
10900,2019-08-04T11:06:30Z,269109af99b12861eeb19ab8698033d9c00895687da47af3f4310e9d,60.16762,24.95415,000000006b44cce7,4.5
10901,2019-08-04T11:06:30Z,36ed7dae18843556133f8495d64860d2f651ce36ea9e2e57f2336579,60.16629,24.95957,00000000fb7600be,25.36
10902,2019-08-04T11:06:30Z,3b5cafe90982db26cf737b2e4cd4275276f6a031bca3b2a1f73023b2,60.14699,24.922,00000000a53ed894,13.75
10903,2019-08-04T11:06:30Z,3fe5f4ccfa5c777ceafda0674d7c9da6f509f6694b4c2fa254b32e73,60.16897,24.95222,00000000aa852af1,16.1
10904,2019-08-04T11:06:30Z,44d0b94469070803869f229601e877beb613c3f5aafa009addf97a1a,60.16544,24.95398,0000000038d83d41,21.87
10905,2019-08-04T11:06:30Z,5d65719c4cbf045f068d084b72302f447d5fd034413d97d13be00d0e,60.18203,24.91341,00000000342570c2,18.79
10906,2019-08-04T11:06:30Z,69219e9efa41ae9e732653e9eaf08e1a34cb853a9dafe76ddeea4d04,60.16897,24.95222,00000000aa852af1,16.1
10907,2019-08-04T11:06:30Z,6a70e2fbced719333e21eff04fcb9cb36bae9a04d1a3d6ddd96f2c58,60.15432,24.9211,0000000019fb59c4,5.41
10908,2019-08-04T11:06:30Z,6f06341f358e61699fe1e55e986dd0554bc8da28b91daf0c5ad99db6,60.16629,24.95957,00000000fb7600be,23.56
10909,2019-08-04T11:06:30Z,85ef35aecf2ff804be3d958b592705ec41c6df9c128c132c65bb283d,60.16897,24.95222,00000000aa852af1,27.28
10910,2019-08-04T11:06:30Z,87dfaad29a9276ddddb1fa021d3bc23ad14824c1af16f7d87e713689,60.14951,24.92138,0000000006dd41f6,9.12
10911,2019-08-04T11:06:30Z,88808fe92573e9cdf022cc15b9689b6b4b9429f60513c8897b0ba4c7,60.16897,24.95222,00000000aa852af1,14.89
10912,2019-08-04T11:06:30Z,8c3b1ed0846e38cc84b863a80540c8a75bfd85c8bdda36563d153110,60.16544,24.95398,0000000038d83d41,20.28
10913,2019-08-04T11:06:30Z,92a4351b20078e469332532ec495e838559c62590b166cce41762939,60.16897,24.95222,00000000aa852af1,23.56
10914,2019-08-04T11:06:30Z,9843c6216661048343a0e49cf3d8aa2883cf77f452666a1c873a1052,60.16448,24.97323,0000000053c6c2be,11.7
10915,2019-08-04T11:06:30Z,9992834418850939882f3b334eee492eb98d4f9d6d6118f9ee108793,60.16762,24.95415,000000006b44cce7,3.74
10916,2019-08-04T11:06:30Z,9fc0711d7e7722eff7faa0cb6f17846680c06515c1eb93dd49ebcf25,60.14699,24.922,00000000a53ed894,14.89
10917,2019-08-04T11:06:30Z,a13e5d46f0a2d1c6b58878e1b198905e9b14e3a85b5e4adab88b4b87,60.16762,24.95415,000000006b44cce7,10.78
10918,2019-08-04T11:06:30Z,a3758affe1deba4cd791b32946ddeaa26af8b554e4b9673dd258f229,60.1638,24.96846,00000000d747f075,29.32
10919,2019-08-04T11:06:30Z,a91d379a4b57c5df22db0d7a041ff69f657b4b31f28554b1011fc03c,60.16544,24.95398,0000000038d83d41,29.32
10920,2019-08-04T11:06:30Z,b5fd6b317890e5ab2d79e2cd1abe61626d45a753c7337d0d40728898,60.16762,24.95415,000000006b44cce7,10.78
10921,2019-08-04T11:06:30Z,b936e41d8712ae967f3ebb413fc44f060bb10613f95537757886ede2,60.16762,24.95415,000000006b44cce7,11.7
10922,2019-08-04T11:06:30Z,bca443064699e0ac05c40e587aef06d7fd580817e739133a501490bc,60.14699,24.922,00000000a53ed894,20.28
10923,2019-08-04T11:06:30Z,bfcaefe93f7fcb6aad6e62e3da473a7b5b03a62db532dad02a7d3559,60.16762,24.95415,000000006b44cce7,21.87
10924,2019-08-04T11:06:30Z,c40c37def6bf11a63a2556519a7c6233fd417cdeea2cf14f28e7c42c,60.16531,24.9442,00000000fdda10fe,20.28
10925,2019-08-04T11:06:30Z,c97eb4181394121907d47b908495f54e5ee5145ff790f7a1dc21b3cf,60.16897,24.95222,00000000aa852af1,9.92
10926,2019-08-04T11:06:30Z,ca6927628f5ddda20036865c9345ad93d476d62ade3b181de568eed6,60.16897,24.95222,00000000aa852af1,18.79
10927,2019-08-04T11:06:30Z,cf05623e4d87ce0906c0b0b7dbf53aacc1228016cd27c341228b6e76,60.18203,24.91341,00000000342570c2,18.79
10928,2019-08-04T11:06:30Z,cfc0bedb78ded52749db3188cb188bf6a250ef5990da9c5afa9623fc,60.14951,24.92138,0000000006dd41f6,25.36
10929,2019-08-04T11:06:30Z,d15e7dd5136b83a36b80f68b15b4163e9a4e277740c84a30cc7a4bcc,60.16829,24.94214,00000000afef4555,16.1
10930,2019-08-04T11:06:30Z,dbeb00942457ba3c5fb1984b57b1dedb268c0e761e80729b939f1fd8,60.16544,24.95398,0000000038d83d41,20.28
10931,2019-08-04T11:06:30Z,e224ae5ea47af2e3048f83b13a1f45dc135c0ca6be72547b01729086,60.1538,24.95595,0000000038bf9618,29.32
10932,2019-08-04T11:06:30Z,e764c1a69976425ee9c1982ca445db7a575a9d610bcb2215eeb2a728,60.14947,24.91438,000000004ef3150d,20.28
10933,2019-08-04T11:06:30Z,e96bd269a48b822b06141c3362fcb6d5ed4d0d09a120f2e4a712d5c2,60.16897,24.95222,00000000aa852af1,27.28
10934,2019-08-04T11:06:30Z,f088630d7476dae7d4b7e2bb1f10575f2c89acb4b6e061f3d57c2b40,60.16531,24.9442,00000000fdda10fe,25.36
10935,2019-08-04T11:06:30Z,f30a5193aa7850aac581b8dd71512a8712c96f36fdef78d8292d4788,60.16762,24.95415,000000006b44cce7,7.05
10936,2019-08-04T11:06:30Z,fc4f3a44235f1cfc7b53f14ba2da599976a5a0a220d23b852688e485,60.17919,24.95181,000000007b5207b6,9.92
10937,2019-08-04T11:06:30Z,0043f38f4fb6545d7c033c9a8f8c18106aa0c2c841f28a15dd722e9d,60.14699,24.922,00000000a53ed894,17.4
10938,2019-08-04T11:06:30Z,007540b1ada16f6000987e20cd81a3deb18b2aea4cb95b50e099dcee,60.17065,24.93641,000000000f4919c9,11.7
10939,2019-08-04T11:06:30Z,0236a1d5b9b9d2249407a79705eee38de360ceb0530a8959ba5bc15b,60.149,24.9843,00000000fffb8cf0,10.78
10940,2019-08-04T11:06:30Z,0495ba0a1c04e0262f37eaa32084a173acc00638a16e76bb922b97dd,60.16762,24.95415,000000006b44cce7,11.7
10941,2019-08-04T11:06:30Z,055dd402f160d1e2e268660c247c3770566365a0e384c3bacb9de8f9,60.16829,24.94214,00000000afef4555,44.58
10942,2019-08-04T11:06:30Z,0656a0c0a353f164b57fbdd9e648d71fab429964d97ed07ab2c5dc30,60.18203,24.91341,00000000342570c2,27.28
10943,2019-08-04T11:06:30Z,08b10b51864dc039f0a07c997e66e7a263ee1cde5b0b88b2a1178c58,60.16829,24.94214,00000000afef4555,25.36
10944,2019-08-04T11:06:30Z,0934f41ee040b3f13c700adbb45398901bfbd922fcb8b2751b4da4cd,60.16762,24.95415,000000006b44cce7,23.56
10945,2019-08-04T11:06:30Z,0a949aafc0be15c68d73a5dd186d726aa6b921f44303a712ac6ddcb8,60.16762,24.95415,000000006b44cce7,5.91
10946,2019-08-04T11:06:30Z,0b45b52bc137c31ce83561c857f809296ec70f5537976a4a4d573d4f,60.16829,24.94214,00000000afef4555,14.89
10947,2019-08-04T11:06:30Z,0b49dcea1b7eab22f4ebd0c7666ded5b59fe092b8bdd4aa9eda6326d,60.16762,24.95415,000000006b44cce7,3.74
10948,2019-08-04T11:06:30Z,0c959027ce302054b09087cac97a83aa7e24fb9e4fa2710763f912cb,60.16829,24.94214,00000000afef4555,2.8
10949,2019-08-04T11:06:30Z,0d2490ed58c11eb4a754a30cc4bcb21c7243d322a2caf7cc360e4e8c,60.17065,24.93641,000000000f4919c9,17.4
10950,2019-08-04T11:06:30Z,0dc12f22306d5f6622fc786011f32f1961a5f94018be9c2236fb2e52,60.14699,24.922,00000000a53ed894,14.89
10951,2019-08-04T11:06:30Z,0e113c5ed3abcdfb31d27c3125f6cf01e3b96e4ed7eca1aaea855f77,60.14947,24.91438,000000004ef3150d,7.05
10952,2019-08-04T11:06:30Z,0e9170bc93107bf16cd12839eca9ea157f19169d66085e8a435b0f1d,60.16762,24.95415,000000006b44cce7,4.94
10953,2019-08-04T11:06:30Z,116e59da308964e8eb82cb6e5a758aad726ec3800f0fa17bc661e8fe,60.16762,24.95415,000000006b44cce7,12.69
10954,2019-08-04T11:06:30Z,1327ce24f157334f864f913637993c80380ce5f5c911e4b0d31c5eb7,60.149,24.9843,00000000fffb8cf0,7.05
10955,2019-08-04T11:06:30Z,135b81a7a5a9dd70569656553c100af6fdc760bcf92d9b7b48261cb1,60.16897,24.95222,00000000aa852af1,20.28
10956,2019-08-04T11:06:30Z,13b0a8ca1414d7b2b0e8d5f80069a5d26c6f62a68b58eda25a4b85f4,60.16829,24.94214,00000000afef4555,7.05
10957,2019-08-04T11:06:30Z,1556d4a76070c26554efa12b4b9c53766a4cc394e8b74ee37f2fff65,60.17065,24.93641,000000000f4919c9,18.79
10958,2019-08-04T11:06:30Z,169c77f0d714e38eb1e798b14fa42ce3fefb0ec1d6f9e93a38a872f1,60.16762,24.95415,000000006b44cce7,7.69
10959,2019-08-04T11:06:30Z,17b39c4376c28dc9e1c1221de9d5037abfea5d59d30cdd48208fc3a8,60.16762,24.95415,000000006b44cce7,23.56
10960,2019-08-04T11:06:30Z,18798273af8a6fade4ca41e909ce1e8ce24a24e7f7fd0b7275d82b55,60.16829,24.94214,00000000afef4555,33.81
10961,2019-08-04T11:06:30Z,18adae8b6603c177e817d1e3b9ec79fcc0292682660b31bebc965a23,60.16762,24.95415,000000006b44cce7,13.75
10962,2019-08-04T11:06:30Z,1921be9815a57f11f291ca085add7b4bf1d044518b03b725df7cf7d5,60.149,24.9843,00000000fffb8cf0,25.36
10963,2019-08-04T11:06:30Z,1a9a0f74c353624c42c19c007e82c9c2547b7285d8353d0e375e3f05,60.14699,24.922,00000000a53ed894,12.69
10964,2019-08-04T11:06:30Z,1c38009e9b89bd8b0d6744bf54ebae9a8ad2dc2868cdfc3f2e399509,60.16829,24.94214,00000000afef4555,12.69
10965,2019-08-04T11:06:30Z,1c8c3befa38b65f707dd4933a68e5e3c9e7c82592fd382779127416b,60.16897,24.95222,00000000aa852af1,16.1
10966,2019-08-04T11:06:30Z,1cd41cce1f4ab7bd3267071cbc1fa4eb84eb8c65d29e84354010846d,60.16762,24.95415,000000006b44cce7,21.87
10967,2019-08-04T11:06:30Z,1ce242f8d8220cd38bf3ea9138c99ae9b2f79b28e68edb864f090ec9,60.149,24.9843,00000000fffb8cf0,6.46
10968,2019-08-04T11:06:30Z,1dacfb371d75dd4f90f447aac2a00faad98beb4188a6971c19eb2375,60.16629,24.95957,00000000fb7600be,21.87
10969,2019-08-04T11:06:30Z,1de509b10ed308796e82bb0f51f17f68e2fdfbcc3d6bed69c40eb7fd,60.173,24.92524,0000000096918cfa,16.1
10970,2019-08-04T11:06:30Z,1e3fa11ac10c07395d1456966b411617159f7b3736741a28e9e3e52a,60.16762,24.95415,000000006b44cce7,11.7
10971,2019-08-04T11:06:30Z,1f6e5095c2c365e120a526c9111895459bc08fb351b964a350cdb64f,60.16762,24.95415,000000006b44cce7,7.69
10972,2019-08-04T11:06:30Z,1fa2c533bba37b249a0105001153733e67a559d40c22cab67f135f64,60.14947,24.91438,000000004ef3150d,4.11
10973,2019-08-04T11:06:30Z,227b93698b29687beea48184f42aab63a21fa362af7251be32db2e15,60.16531,24.9442,00000000fdda10fe,3.4
10974,2019-08-04T11:06:30Z,23b4a8c7918ca417eab83481a710fd544e1fa8bf7073b5955c0155c8,60.14699,24.922,00000000a53ed894,11.7
10975,2019-08-04T11:06:30Z,2724e42551f43106ea58a8fcc6a43953baa1294cd65e17a90012f706,60.17065,24.93641,000000000f4919c9,0.5
10976,2019-08-04T11:06:30Z,277125506ba4ea1afb2c696256b262e0708d43c30c769a1d4a382a76,60.16762,24.95415,000000006b44cce7,12.69
10977,2019-08-04T11:06:30Z,28741c2e5e348fe81dec0518a21c0930c98a25b6fcece61a262d50de,60.14699,24.922,00000000a53ed894,8.38
10978,2019-08-04T11:06:30Z,29f5adc4d67413b7d368e8e94a41cf48339e3f5f0903f660170c4fe8,60.17919,24.95181,000000007b5207b6,13.75
10979,2019-08-04T11:06:30Z,2a80aed2c40e7e70ca12152ac812abd79aa1d13efcec25a6d3395136,60.16762,24.95415,000000006b44cce7,6.46
10980,2019-08-04T11:06:30Z,2acbdfb5e555a9668c446767fc5d82728d254a45d17dff85e3342cb0,60.16629,24.95957,00000000fb7600be,27.28
10981,2019-08-04T11:06:30Z,2af353f8c54bb0d9e6ff34e08578e5263b7fac68ab82cf9559293cb9,60.16544,24.95398,0000000038d83d41,20.28
10982,2019-08-04T11:06:30Z,2c85e4140ca0ba77c3598ceac05eb2c2342409ce8111c863fc58c606,60.16829,24.94214,00000000afef4555,5.41
10983,2019-08-04T11:06:30Z,2d0349a4148a147b05e00cd46c137dd208ba2a8ce9327b493615f1a6,60.16829,24.94214,00000000afef4555,9.92
10984,2019-08-04T11:06:30Z,2de87ef94604fb63bec05eefb71b6cdd0b9807f8551159c2a35e7259,60.17065,24.93641,000000000f4919c9,3.4
10985,2019-08-04T11:06:30Z,2e6e6f89a7d75f0742d016de203c9acc8d6f6bdeb7b56bd12f482653,60.15432,24.9211,0000000019fb59c4,16.1
10986,2019-08-04T11:06:30Z,2f83e4cad2d924faecb3def25f54727f3e612bc5040c493dd6eccb1d,60.16897,24.95222,00000000aa852af1,25.36
10987,2019-08-04T11:06:30Z,2fe2e4165984d7880628aec591ce4747f18947da70312e6afca2946b,60.14699,24.922,00000000a53ed894,9.12
10988,2019-08-04T11:06:30Z,30bee351808d5e8082ce012b57f5bc0efc80f8394491a182e0eeee32,60.17919,24.95181,000000007b5207b6,23.56
10989,2019-08-04T11:06:30Z,31659a798f1d780d587f07390c038a78fafa6cabb8180dba635863ce,60.17002,24.94407,000000006b087f40,12.69
10990,2019-08-04T11:06:30Z,3226c88241c6ac9d643c1843f44b6e5ee10df5f15a695e360582a9be,60.16829,24.94214,00000000afef4555,25.36
10991,2019-08-04T11:06:30Z,32f77f5019e5fce30881c214487361e2e34b8c93277f6e546de72012,60.1638,24.96846,00000000d747f075,20.28
10992,2019-08-04T11:06:30Z,33a5da4eacfc49fefa067790c9fada1a86d9793367ded845a46f0779,60.16829,24.94214,00000000afef4555,14.89
10993,2019-08-04T11:06:30Z,3417d8a6b53687e70f126ebeb1d26a2ff6369dc9a551c3c35c5a04f9,60.17002,24.94407,000000006b087f40,14.89
10994,2019-08-04T11:06:30Z,34cf37df412ff36df19ebe47ecdd31e5a22355a1fa723a748ac901fd,60.16762,24.95415,000000006b44cce7,18.79
10995,2019-08-04T11:06:30Z,3670a148a52771f0ff5af161725f65b86873c09eea1a7697861c0438,60.14699,24.922,00000000a53ed894,14.89
10996,2019-08-04T11:06:30Z,374083907dd8980893623726af5633afd59b519c885ad12ba5c674eb,60.17002,24.94407,000000006b087f40,5.41
10997,2019-08-04T11:06:30Z,38561a086c97342a24583c26b33205da50e3e973a8147fe016a4a9ff,60.16829,24.94214,00000000afef4555,10.78
10998,2019-08-04T11:06:30Z,386dea4944e0b83648b4b6faf510fd47b0e9e29a2bb9311fe8a80ee2,60.17918,24.95141,00000000675d5200,31.5
10999,2019-08-04T11:06:30Z,3ac85712ab657e849113d439795c4e7325d1025cacdbd9a41174b031,60.17002,24.94407,000000006b087f40,18.79
11000,2019-08-04T11:06:30Z,3ac9d056b0f04f774b238a125eb996d46437f7a8c5f6ba6712e971cf,60.17919,24.95181,000000007b5207b6,23.56
11001,2019-08-04T11:06:30Z,3b355c039877bd4883845f3fc6ad8dd6f41f170274042f1397585680,60.149,24.9843,00000000fffb8cf0,11.7
11002,2019-08-04T11:06:30Z,3c7df7d16658abc47ed9e66342a99269fee33785ea550021877f84a4,60.18203,24.91341,00000000342570c2,25.36
11003,2019-08-04T11:06:30Z,3cbcc816841283aa7fa40385ff80bc7c90980d9070b30c1e6f8545e4,60.16897,24.95222,00000000aa852af1,29.32
11004,2019-08-04T11:06:30Z,3f67c6713a6cca446a46616c9970c7a2ddffb03f21e10c8ea9b2f380,60.16897,24.95222,00000000aa852af1,13.75
11005,2019-08-04T11:06:30Z,3fde075082af3062c2bebc5e09ad55bda3de70b5f492bdfb21f284c9,60.173,24.92524,0000000096918cfa,25.36
11006,2019-08-04T11:06:30Z,3fe4e214448b0c9a8dfbee81c347d82a8f0b26859201fb1d77f40fa9,60.16762,24.95415,000000006b44cce7,11.7
11007,2019-08-04T11:06:30Z,411febba567281e3da6030aa21191fe5efdd090f54aec41ca291563a,60.16897,24.95222,00000000aa852af1,31.5
11008,2019-08-04T11:06:30Z,42d34a6c595760e51052178acc978bdb2b6348e0405f7b58c57f0915,60.16829,24.94214,00000000afef4555,9.12
11009,2019-08-04T11:06:30Z,4472fa277123afabdf2402fc2a3c5bff2be437e6d56b590278de70fc,60.17065,24.93641,000000000f4919c9,29.32
11010,2019-08-04T11:06:30Z,4538bf4d0ca02f13fad76c46f7b34e72978c49b0cdfe4ea9fe151a50,60.16762,24.95415,000000006b44cce7,10.78
11011,2019-08-04T11:06:30Z,46b576e18e757fc4ec008b41d3c28ec5415a2c2c2f143042e5413137,60.16762,24.95415,000000006b44cce7,11.7
11012,2019-08-04T11:06:30Z,47cd1dcac88434ffdc4b868e7f1d8d8a604700564bc83a7c0a3928be,60.16762,24.95415,000000006b44cce7,4.94
11013,2019-08-04T11:06:30Z,47f787c639f2eed345eb5dca409ffcd989850399a1ab781500dd6e82,60.17919,24.95181,000000007b5207b6,6.46
11014,2019-08-04T11:06:30Z,4831311b6d19ecce7981d060fe0971ac961bdfa5a006de633cd38a95,60.16531,24.9442,00000000fdda10fe,31.5
11015,2019-08-04T11:06:30Z,4833b1ea4f519407574f5a838d93a39de28c756c5f53de7ee273b577,60.14947,24.91438,000000004ef3150d,8.38
11016,2019-08-04T11:06:30Z,49084ae4b6419be9e7bb0c9b1420142e07d6ac3c17c07c26895461ed,60.16829,24.94214,00000000afef4555,21.87
11017,2019-08-04T11:06:30Z,49b391c05bd4e5231579392d798036a0139a8ea4e4d4509a7cb3901f,60.16829,24.94214,00000000afef4555,21.87
11018,2019-08-04T11:06:30Z,49d6f6bd5878bfac30a67fe92d1501b5b09cab38ab2b35b661902f0d,60.14947,24.91438,000000004ef3150d,12.69
11019,2019-08-04T11:06:30Z,4a2286eca689d9c867cfa19d43b9b917d29769b66b9e0a968f6c3859,60.16897,24.95222,00000000aa852af1,14.89
11020,2019-08-04T11:06:30Z,4a54cbed9c373a4136f8851f3f5736eb2fadd5766d316eb5ebbdd231,60.17919,24.95181,000000007b5207b6,6.46
11021,2019-08-04T11:06:30Z,4b5b3e8f2b484bc08b196c265f65c70151bd69f6263318eb29125db2,60.16829,24.94214,00000000afef4555,4.5
11022,2019-08-04T11:06:30Z,51789c3026ccfe7e846e44fcd833d006941c2789b9693c77df5a7c98,60.16762,24.95415,000000006b44cce7,4.5
11023,2019-08-04T11:06:30Z,52daa31a2b3c1c07f78d96ebb4de3a965da5ef0a8035afbd0f7451fb,60.16531,24.9442,00000000fdda10fe,17.4
11024,2019-08-04T11:06:30Z,54d53f276563f566e1cd61b100408412cf78b4fe9fcada830aa6e23b,60.14947,24.91438,000000004ef3150d,9.12
11025,2019-08-04T11:06:30Z,5518b2315c236d486c7a5a4fc27c44987672b2f9a0751ffdaa9cbf78,60.16829,24.94214,00000000afef4555,4.94
11026,2019-08-04T11:06:30Z,56318cc7f3616fceec2564cbb1f6ca8b88ea861935a1ada93aafd7b0,60.16897,24.95222,00000000aa852af1,13.75
11027,2019-08-04T11:06:30Z,571934189bf349efb6f596e76c21612cf9b82ed44913090169936048,60.17065,24.93641,000000000f4919c9,11.7
11028,2019-08-04T11:06:30Z,579ea129e99082446da0a3f358091546de1f8b2db0feb92b86d25a89,60.149,24.9843,00000000fffb8cf0,27.28
11029,2019-08-04T11:06:30Z,586f70961bf72597ce00f89d3602178ecc6ac8838a8acec48bba7f9f,60.14699,24.922,00000000a53ed894,5.91
11030,2019-08-04T11:06:30Z,58ee8fd47328b1c696ec343920f2c0353d19a915924eb6f6f2638e56,60.16762,24.95415,000000006b44cce7,7.05
11031,2019-08-04T11:06:30Z,59b87e6921598d25b092b66e140328fa03c9f06fe4e697dd344f378a,60.17002,24.94407,000000006b087f40,18.79
11032,2019-08-04T11:06:30Z,5a730ea19664020323272509e5443616ea3f1cecd7b295e294be4ba7,60.14947,24.91438,000000004ef3150d,21.87
11033,2019-08-04T11:06:30Z,5a755f0653ee0e334448418099ed85023db0a9984c280cfbadd74160,60.173,24.92524,0000000096918cfa,21.87
11034,2019-08-04T11:06:30Z,5b1df59a8f10fc0c1548e114caf6a457ff880d853d529f675372b0b0,60.16762,24.95415,000000006b44cce7,17.4
11035,2019-08-04T11:06:30Z,5d9aa6fcb0d81ceaa80ca13cc08a88138be517656646e0ba0942ce46,60.16897,24.95222,00000000aa852af1,12.69
11036,2019-08-04T11:06:30Z,5f3c118283debaff79aa5ba3531ee60ed7acde83ed3e687f88762385,60.16762,24.95415,000000006b44cce7,17.4
11037,2019-08-04T11:06:30Z,6138e6ab3e1e74425af8945a6fcc294c1469a0b9c448b780bcf9d2e2,60.14699,24.922,00000000a53ed894,25.36
11038,2019-08-04T11:06:30Z,6221f621a5531b00d84f5763e1c2fbd49b78010cd65be83c238f4661,60.16629,24.95957,00000000fb7600be,33.81
11039,2019-08-04T11:06:30Z,62d86ee13e6ae7a5c41ffc2de746df72d4ef6e8d2b6a51ce1c68965f,60.16829,24.94214,00000000afef4555,3.74
11040,2019-08-04T11:06:30Z,62e27092b58abcaf80564c408d0d4a7b821abaee92dc2f02ccb11e61,60.16762,24.95415,000000006b44cce7,5.91
11041,2019-08-04T11:06:30Z,6516dabf89c263b3e81ba60bcba8052b571d4c12484126d3a5f20ef1,60.149,24.9843,00000000fffb8cf0,31.5
11042,2019-08-04T11:06:30Z,658aacab016460cfc38879944e374640737b32d7291a40aed8b8845c,60.16897,24.95222,00000000aa852af1,21.87
11043,2019-08-04T11:06:30Z,660f1233dc01b2e0a4fc9254e51c709a0476b2ec6ba6d5399d23dd76,60.16448,24.97323,0000000053c6c2be,23.56
11044,2019-08-04T11:06:30Z,66755836036c771e53ffd9d0dc09b8575231b53b80af22e868691a2a,60.14699,24.922,00000000a53ed894,5.41
11045,2019-08-04T11:06:30Z,69158bfbcf8399435cc52d623b530dc75089182b7ab05efb64e64021,60.15432,24.9211,0000000019fb59c4,20.28
11046,2019-08-04T11:06:30Z,69852d528034ea6fc746ed8942c32f1c90bc33a7a7317dfac3c9b1c1,60.14699,24.922,00000000a53ed894,7.05
11047,2019-08-04T11:06:30Z,699b48bb93c5befb62ff0686e75f158406b659f14daec16ab66d4499,60.15432,24.9211,0000000019fb59c4,20.28
11048,2019-08-04T11:06:30Z,69b325e07052873a256bfc38196eacb0c425d5ef40d2199017d3736f,60.14951,24.92138,0000000006dd41f6,29.32
11049,2019-08-04T11:06:30Z,69d8c906060e226ff0f0f7e78029575f2ee07ebec657a3b641419268,60.14699,24.922,00000000a53ed894,9.12
11050,2019-08-04T11:06:30Z,6ac1903c80e63433e4bc744dc0e801bff647117d38d3753fb9a6a4c1,60.173,24.92524,0000000096918cfa,11.7
11051,2019-08-04T11:06:30Z,6ac8fdd67b3dd11f0bae935f3a285880138382088238b97f511d3f12,60.16897,24.95222,00000000aa852af1,16.1
11052,2019-08-04T11:06:30Z,6b3836e78400caa9d7373678bf33faf8b137556c7ee47e73251c3e4a,60.14699,24.922,00000000a53ed894,27.28
11053,2019-08-04T11:06:30Z,6c97da4ba9462e7fe786a472989dab23340d31809dd78d5617204da4,60.16829,24.94214,00000000afef4555,18.79
11054,2019-08-04T11:06:30Z,6d7107015847d88db09c55e259c3aae4f1dcc95e5d584f2bd957b113,60.16762,24.95415,000000006b44cce7,10.78
11055,2019-08-04T11:06:30Z,6e492dbc3f10157e7ff00826a839a97262ab36244ccc57b702a89999,60.16531,24.9442,00000000fdda10fe,7.05
11056,2019-08-04T11:06:30Z,6faf62fbff92729472d61bc9a13a5e72833e55bf713863161f8ca9cb,60.15432,24.9211,0000000019fb59c4,23.56
11057,2019-08-04T11:06:30Z,70865ff0fd32dc9fc73f25e929a40535a717664003e66c14224a9d90,60.16762,24.95415,000000006b44cce7,14.89
11058,2019-08-04T11:06:30Z,714e80a1e3c0fee43e312f314b2faec47e582ee8dac47e4818dbc2f9,60.149,24.9843,00000000fffb8cf0,7.05
11059,2019-08-04T11:06:30Z,71516fc8349cfaf2b5c4ab80ade6078494d93d13e9953af15e5ced30,60.18203,24.91341,00000000342570c2,21.87
11060,2019-08-04T11:06:30Z,738973c9b5f9882f29075e47ca10e50ba3fb9883da779f41545175f4,60.17919,24.95181,000000007b5207b6,8.38
11061,2019-08-04T11:06:30Z,74c2ec2adc228e5b4979284d730fd2de698242f0f06d90f870b8cde6,60.16762,24.95415,000000006b44cce7,2.54
11062,2019-08-04T11:06:30Z,7552783317be1ef797980c3a9ee9c5967d4e7b32765f23c51ffda02d,60.16897,24.95222,00000000aa852af1,14.89
11063,2019-08-04T11:06:30Z,759aaf9d899626d0820fa4f693a428bf1968b69fa22d3f27def7058f,60.1638,24.96846,00000000d747f075,41.64
11064,2019-08-04T11:06:30Z,75d452cbba63995ad06213b577081e8db650c80b3a78060789a8e831,60.16762,24.95415,000000006b44cce7,7.05
11065,2019-08-04T11:06:30Z,75dc69a66709d80dc34f816e5b2cbf53ee34b75f4ca9ae28f9ddf14c,60.16762,24.95415,000000006b44cce7,17.4
11066,2019-08-04T11:06:30Z,765243fc3021a21bc913ebdd4ce13c3606a5f0e655244884fa039ee6,60.15432,24.9211,0000000019fb59c4,25.36
11067,2019-08-04T11:06:30Z,77964c48bd2a8658eeedae4be816422b0ef0be1ee1b6f9093b47f14e,60.14699,24.922,00000000a53ed894,17.4
11068,2019-08-04T11:06:30Z,79773ee1ebdf8252053d8ffb326b77bb05a7cdb76041102e73d3767c,60.16762,24.95415,000000006b44cce7,12.69
11069,2019-08-04T11:06:30Z,7a0f425ccdf5813a089dd619056db4cf41173803f079c37bab520825,60.18203,24.91341,00000000342570c2,33.81
11070,2019-08-04T11:06:30Z,7a96471c0f2a5b26dc38cc8aa9903b7dcb222a12d81cd73a84570610,60.16629,24.95957,00000000fb7600be,14.89
11071,2019-08-04T11:06:30Z,7c54a2b3743def9287caccd19dc542caf569d06507bbfc885490ac27,60.17918,24.95141,00000000675d5200,25.36
11072,2019-08-04T11:06:30Z,7c55ecf165387948602e82b684a55be093691849fde2d96ad6574475,60.17065,24.93641,000000000f4919c9,17.4
11073,2019-08-04T11:06:30Z,7de4ba54f0d667a69cb0b6d625856bc6b040f51a42f91beae366a269,60.16762,24.95415,000000006b44cce7,14.89
11074,2019-08-04T11:06:30Z,7e78b2348d9576c63ebb626030ee9d43e2bf07e860782adf3f1c452b,60.16829,24.94214,00000000afef4555,11.7
11075,2019-08-04T11:06:30Z,7ea276abbe2f1bfd85b2493f7b4c801189e673c0b4dc987d2c8e30dc,60.14699,24.922,00000000a53ed894,29.32
11076,2019-08-04T11:06:30Z,7f95126e2fe39b74b61f9df1002b58453d22fe79458cebfeed9b9982,60.16829,24.94214,00000000afef4555,25.36
11077,2019-08-04T11:06:30Z,818bf826a20805f91325b634ae02107683c949bcfc7c472917f02db0,60.16762,24.95415,000000006b44cce7,12.69
11078,2019-08-04T11:06:30Z,822590bd49bcf7ed4de4f8389586915c343b29c4283ff8b90d7c1d39,60.17065,24.93641,000000000f4919c9,13.75
11079,2019-08-04T11:06:30Z,82ac749474448abac333d00869cb8b508872f86293913d95eae26a05,60.15432,24.9211,0000000019fb59c4,11.7
11080,2019-08-04T11:06:30Z,82cddd3b9f58762d36efe78da4e2722ee587cfdb3fdbc58b52673082,60.16629,24.95957,00000000fb7600be,11.7
11081,2019-08-04T11:06:30Z,842340aa39a680a5c969b20db5027c8e1b123077045e8046a997391a,60.16448,24.97323,0000000053c6c2be,17.4
11082,2019-08-04T11:06:30Z,844b8ad6ebf530978d1139d527a681991f4d3eed6be5bc723f0b2192,60.16531,24.9442,00000000fdda10fe,1.54
11083,2019-08-04T11:06:30Z,85b440c4e1125b1e2531499de3b19b82ae4b7eabb4d89c63c97fa83b,60.16829,24.94214,00000000afef4555,25.36
11084,2019-08-04T11:06:30Z,87ecec345b34dca4db86cbd66248eeb829282d0cc54caff92455dff2,60.16762,24.95415,000000006b44cce7,9.12
11085,2019-08-04T11:06:30Z,87ee2ae24a1a0871184580c39a1c79955cbf954947f0ee24252c7302,60.18203,24.91341,00000000342570c2,31.5
11086,2019-08-04T11:06:30Z,87f4cf4baea8c5dfe1bc7812cc969574058bd4d2dda215192bcfc53f,60.14699,24.922,00000000a53ed894,3.4
11087,2019-08-04T11:06:30Z,886032718e05487be8bd75bb14464814044c7edd7f9a2198304f6fb4,60.16629,24.95957,00000000fb7600be,25.36
11088,2019-08-04T11:06:30Z,8966b9affc11601e73328cab5ccd07e7bdede147be6a2a23eb48cbfc,60.1638,24.96846,00000000d747f075,27.28
11089,2019-08-04T11:06:30Z,89df1daad350e46d526e113019214d2e1a19d8f48da761bb3583399b,60.16762,24.95415,000000006b44cce7,6.46
11090,2019-08-04T11:06:30Z,8bffe034066821502092859341756212a0dcb6b2c605852c0c40fdeb,60.16762,24.95415,000000006b44cce7,4.5
11091,2019-08-04T11:06:30Z,8c4e4851db86ec4a3ce29a58be770eb29c38b9a983351bb67d781982,60.16897,24.95222,00000000aa852af1,11.7
11092,2019-08-04T11:06:30Z,8ca6cbf91a04db796810f40ee019369f331d79472e4acd09f75cbac8,60.16829,24.94214,00000000afef4555,17.4
11093,2019-08-04T11:06:30Z,8dcfa5789215b9650f4cb5f8bf0d99492d0728351e58e688491080b5,60.16629,24.95957,00000000fb7600be,29.32
11094,2019-08-04T11:06:30Z,8ee30fda8736b8e18a2cdb754676659240bc520a57727b9635630f22,60.1538,24.95595,0000000038bf9618,29.32
11095,2019-08-04T11:06:30Z,8f3d9ab893ae4a48fd3417f3a749c21e792779990ae0ad75a8f211de,60.1538,24.95595,0000000038bf9618,27.28
11096,2019-08-04T11:06:30Z,8f7fec0a4f5d4eb0710dd40c356e0c82dbd9360772fade341a50ba37,60.14699,24.922,00000000a53ed894,29.32
11097,2019-08-04T11:06:30Z,8f998d0e47a5fb2e84c8dcffb4a33ca4adeaf8db93423df171988c1e,60.16629,24.95957,00000000fb7600be,31.5
11098,2019-08-04T11:06:30Z,90b12d2b9898702fd62b343512e0d53796ae38decdf704e203a0cc39,60.16829,24.94214,00000000afef4555,11.7
11099,2019-08-04T11:06:30Z,91602a694bc74a2874ba7f02a7bae062a3a77cd869b86a74800415b8,60.17919,24.95181,000000007b5207b6,23.56
11100,2019-08-04T11:06:30Z,92df20d921f76c63470e3f5afbe201d3ae15f5133f66c291db796082,60.16629,24.95957,00000000fb7600be,12.69
11101,2019-08-04T11:06:30Z,93272ad17155ea9499641eda7c5560691582116096278b82738ab21e,60.14699,24.922,00000000a53ed894,7.69
11102,2019-08-04T11:06:30Z,934bab75e2a2354910288b01c44fdfda4a87f92ac010109f641b3122,60.14699,24.922,00000000a53ed894,18.79
11103,2019-08-04T11:06:30Z,94ac9d6e79236013b9fa24e1c52123819228f6962b5952637ca80fcb,60.16762,24.95415,000000006b44cce7,7.69
11104,2019-08-04T11:06:30Z,951482f3e2e41b496e34885c346c4a7ab09427178119caa9b8bbcbb6,60.14947,24.91438,000000004ef3150d,20.28
11105,2019-08-04T11:06:30Z,9558753228fb3007f59382a0595018488e2e7430248f8824a5badb80,60.1638,24.96846,00000000d747f075,18.79
11106,2019-08-04T11:06:30Z,998ac46ad73c197bab1f36dca67d8bcaa3aca92249185a5e3715043f,60.17065,24.93641,000000000f4919c9,12.69
11107,2019-08-04T11:06:30Z,9a49d0b5a67fba15ce8971503f6fea88994b33487a842397c5e8564f,60.16762,24.95415,000000006b44cce7,6.46
11108,2019-08-04T11:06:30Z,9aa588cb6f425117e45726b6b9adb7ef86c8f7c8113b547dc61f068a,60.16897,24.95222,00000000aa852af1,17.4
11109,2019-08-04T11:06:30Z,9ab0a60cb60531417ac6ec5ebc6ef591d2f39019c6b0bcb5a89101a2,60.14699,24.922,00000000a53ed894,16.1
11110,2019-08-04T11:06:30Z,9b17422199e594df512c6cda493d8fc5b5141741b2f804eb18016640,60.14699,24.922,00000000a53ed894,21.87
11111,2019-08-04T11:06:30Z,9b4b0705e58750d2bcbd71ad65d85677f7e77db5dfe69d1a70b5d31f,60.17919,24.95181,000000007b5207b6,13.75
11112,2019-08-04T11:06:30Z,9bc50d931d6c1678284177395958d15f05b45d60ae7bc09fe1e1694e,60.16762,24.95415,000000006b44cce7,14.89
11113,2019-08-04T11:06:30Z,9bc91538b73e0220fcf5cd07290c07d56f6f48d3ba0ba6b6b0876da9,60.17065,24.93641,000000000f4919c9,44.58
11114,2019-08-04T11:06:30Z,9bef562c292174f1eb3933116effff74a8733a78e5c1df140de3fd6c,60.17919,24.95181,000000007b5207b6,4.5
11115,2019-08-04T11:06:30Z,9eef8b9cc18e83e8a4165c87d892bd40424b7086d190fd9ace3768a5,60.17065,24.93641,000000000f4919c9,25.36
11116,2019-08-04T11:06:30Z,9f1920350685b4cb747c535ba3c3dc1cb29587668bd507ab96e5692f,60.16629,24.95957,00000000fb7600be,16.1
11117,2019-08-04T11:06:30Z,a066e2044b486819fe2185765f63ed87f8d10c502f26a01be1f1a758,60.149,24.9843,00000000fffb8cf0,23.56
11118,2019-08-04T11:06:30Z,a0ec1a8d581f94e640a6858a674699d2464ec065e6faea9d4ce2a13b,60.16762,24.95415,000000006b44cce7,5.91
11119,2019-08-04T11:06:30Z,a1439b6683d0598c7a05080c3693a17c198f7b8c3297c77324ef4859,60.16829,24.94214,00000000afef4555,17.4
11120,2019-08-04T11:06:30Z,a20a11944d9440f1f8e4ea6262408f673f2a8380c4e13dda1a073d8d,60.16897,24.95222,00000000aa852af1,31.5
11121,2019-08-04T11:06:30Z,a25b897b52089b243421b68349d3f15e60ce8249d11c889a4626bfc7,60.18203,24.91341,00000000342570c2,23.56
11122,2019-08-04T11:06:30Z,a2f0adf51cb9d2a5417cc0797183513a8bbcecfbc717a1b63e42027d,60.16762,24.95415,000000006b44cce7,3.09
11123,2019-08-04T11:06:30Z,a30740fbf4b7e21f6fe2996e9325c90936de161cb2165e87cd96fd35,60.149,24.9843,00000000fffb8cf0,14.89
11124,2019-08-04T11:06:30Z,a3664d77633807788598dd8d4a7ba8caba2c31bfdcb6ba83651d4e7e,60.173,24.92524,0000000096918cfa,25.36
11125,2019-08-04T11:06:30Z,a3c1a4a58b9381c27b1d5076e0d8d72039afccfb0e58438a80247324,60.16762,24.95415,000000006b44cce7,12.69
11126,2019-08-04T11:06:30Z,a44eda7b8ec58e1cd7c078a73c4da7fb0037d59453aa6bfe69b7cbdd,60.16762,24.95415,000000006b44cce7,3.4
11127,2019-08-04T11:06:30Z,a488d8700d0761c51d771677bb82a9a5bbb86e97e0d5835aeff65d2b,60.16629,24.95957,00000000fb7600be,23.56
11128,2019-08-04T11:06:30Z,a50e0bb8fd1ad4ad264c3246b210a0c6285faae591c1bd2c2c3458af,60.16829,24.94214,00000000afef4555,17.4
11129,2019-08-04T11:06:30Z,a51a9aab75637e56bef3effddc420dfcd95b8cbd85d95917aaac38d5,60.16762,24.95415,000000006b44cce7,9.12
11130,2019-08-04T11:06:30Z,a5d632ac8ffc19a626de034d3c9444fd262ee6edada285c816ea9266,60.16531,24.9442,00000000fdda10fe,9.12
11131,2019-08-04T11:06:30Z,a6850c195b1265931ad86b4284effc80182987e154f74026e0b35fd9,60.16762,24.95415,000000006b44cce7,12.69
11132,2019-08-04T11:06:30Z,a6ad4305e4e49cc67b63665ffb182e72c67646f3554a9aedcd188b67,60.16829,24.94214,00000000afef4555,23.56
11133,2019-08-04T11:06:30Z,a81c19fb85eebf853246cdc4d8e38245dfa5ba15c180eaa1bcc0378d,60.16829,24.94214,00000000afef4555,14.89
11134,2019-08-04T11:06:30Z,a98fc06dc605583814a2aa182295b88f81657ef2daeee7aaec792e7c,60.16762,24.95415,000000006b44cce7,2.08
11135,2019-08-04T11:06:30Z,aa4547c0b6b8be30776e08d524ceeacfbc9930ad720e11fa4cb20882,60.16531,24.9442,00000000fdda10fe,1.54
11136,2019-08-04T11:06:30Z,aa45859d6157e9e86470ec8b81957acc35bafb1b7f419d79357a38cf,60.16829,24.94214,00000000afef4555,7.05
11137,2019-08-04T11:06:30Z,ab1377ddf669bb806f8db586f4ce5ab9f0f4257dda61fe800d8509f5,60.17065,24.93641,000000000f4919c9,13.75
11138,2019-08-04T11:06:30Z,ab9310807d2eb4984b053d38f467cb5d3e4211ff71ceb059480cf9ba,60.16829,24.94214,00000000afef4555,21.87
11139,2019-08-04T11:06:30Z,ac5c7e04b55d6d70659e5b8f4705309b9367c78a0edb7ce85f42c181,60.1538,24.95595,0000000038bf9618,29.32
11140,2019-08-04T11:06:30Z,addc60a477245c1c33e3a627145e2a2971adf755bfcf8aef4c8c0f88,60.16897,24.95222,00000000aa852af1,21.87
11141,2019-08-04T11:06:30Z,ae2143f0fab3405d38da14312fd801d7d7524534cd3ffeadc631feb0,60.149,24.9843,00000000fffb8cf0,25.36
11142,2019-08-04T11:06:30Z,ae3cda5066e455d4b1e58860e8fb7a35efad69b9964a676b476b0687,60.14947,24.91438,000000004ef3150d,2.54
11143,2019-08-04T11:06:30Z,af871cd90bdae830f68791fede6ef4a2f91a7c928f682971936d755b,60.16829,24.94214,00000000afef4555,29.32
11144,2019-08-04T11:06:30Z,b07bf68512027f613ec42ef35ecc9ae28f38158a4193299be33e7481,60.14699,24.922,00000000a53ed894,29.32
11145,2019-08-04T11:06:30Z,b0d6202ccd1560eaf57c06931cb6466332e41068ad2963e515819015,60.17919,24.95181,000000007b5207b6,33.81
11146,2019-08-04T11:06:30Z,b2298fc6f63c02481610f9aef24f1a0c1711c255adc43c0fe135c1ca,60.14947,24.91438,000000004ef3150d,21.87
11147,2019-08-04T11:06:30Z,b26d0daac9f8fb84484cbd8ed668aeb6751e848b1c533a307d163360,60.16762,24.95415,000000006b44cce7,7.69
11148,2019-08-04T11:06:30Z,b3266ecf36a984b814e1b2d31b447438bd948a9c116721480104792f,60.16829,24.94214,00000000afef4555,18.79
11149,2019-08-04T11:06:30Z,b4c8900041e9f8751755d3940ceac58419e6370cd81cdb90d7800de1,60.14699,24.922,00000000a53ed894,23.56
11150,2019-08-04T11:06:30Z,b50b3c2006581bccfeaa9ea964649350c7d5b8177baa29a37e628584,60.14947,24.91438,000000004ef3150d,29.32
11151,2019-08-04T11:06:30Z,b5cdbcdc30e0bf653ce353c867708b0067db5e394c8cbe848d978a77,60.14699,24.922,00000000a53ed894,20.28
11152,2019-08-04T11:06:30Z,b61c6a5634cffe7dead72d5f6730e8439bee6dd2286d9df8f3052e3c,60.16762,24.95415,000000006b44cce7,12.69
11153,2019-08-04T11:06:30Z,b67f020b0677cdc52c864f559306fb750cdf47ce2eee6503a3cedb3a,60.16629,24.95957,00000000fb7600be,23.56
11154,2019-08-04T11:06:30Z,b68ee9d08dcd32b04a57eb2ff3d2582eff2a1332cddf4e8ed4e97f0c,60.17002,24.94407,000000006b087f40,25.36
11155,2019-08-04T11:06:30Z,b81a9bf449d3e64ad0181804598330bbf305f384b888935023742c79,60.173,24.92524,0000000096918cfa,13.75
11156,2019-08-04T11:06:30Z,b81e65168ea3278486b1c954ab229bc2eda3fe07098e824f05cd0ac4,60.149,24.9843,00000000fffb8cf0,27.28
11157,2019-08-04T11:06:30Z,b8f5834e6b992cf5568ae3153fb4b07e97b7f6dd01250851134c1824,60.149,24.9843,00000000fffb8cf0,27.28
11158,2019-08-04T11:06:30Z,b9447a524f5b5bf98585b27b92195b09869ee9cd9da3cf8d2b59c57d,60.16829,24.94214,00000000afef4555,17.4
11159,2019-08-04T11:06:30Z,ba288a5fd2befbc9ed08e7876ad7cb2bd8bfe6f5756d2ffe8e2dc558,60.17002,24.94407,000000006b087f40,8.38
11160,2019-08-04T11:06:30Z,ba41edadb3a9722bc59efaca71897a33593d0f17301c4bf560fd23e1,60.16762,24.95415,000000006b44cce7,12.69
11161,2019-08-04T11:06:30Z,bc07df8cc395f6f4f5d483b2233caca5f93a6918f346e4cc3702f8cc,60.16531,24.9442,00000000fdda10fe,23.56
11162,2019-08-04T11:06:30Z,be57346c6a31904c7a3c53b6a9e94df7c93f7f510d3b2ff733d214b6,60.16762,24.95415,000000006b44cce7,14.89
11163,2019-08-04T11:06:30Z,bfd5c2630b36fde15de01ea74e598d035402cf1edb7c9230617927e0,60.16762,24.95415,000000006b44cce7,10.78
11164,2019-08-04T11:06:30Z,c012e9e2caf1002d24e53817bb1279becdfc4aa9dba085e93ddd88e9,60.17002,24.94407,000000006b087f40,23.56
11165,2019-08-04T11:06:30Z,c1ca9629c5ebd58052fb4c627ab87542db3ca242430d22b727f46bce,60.16762,24.95415,000000006b44cce7,21.87
11166,2019-08-04T11:06:30Z,c239e27b985c23449b6aa84b78560b1b4e535975f3ba059d7987efe4,60.16762,24.95415,000000006b44cce7,7.05
11167,2019-08-04T11:06:30Z,c27fee8ae8d689338b043608280c83cfa6f3276d3837ecea5f742dc3,60.16762,24.95415,000000006b44cce7,6.46
11168,2019-08-04T11:06:30Z,c2cc33e5b1b8d254d4bcbc0ffa13c9200676a39a191cc31a38d28d8d,60.17065,24.93641,000000000f4919c9,9.92
11169,2019-08-04T11:06:30Z,c2d88bc74172eb47d26ee5d739980baa7fc011b9973f9f18b482aa81,60.17065,24.93641,000000000f4919c9,5.91
11170,2019-08-04T11:06:30Z,c2e135ad2c160277e290705658ac41d7cd35b11ebf61d829fdd0b428,60.14699,24.922,00000000a53ed894,8.38
11171,2019-08-04T11:06:30Z,c45e3c4e8ec0fc85457d3b4ed4c49ed0116b4cf447e2983f353abcd8,60.16829,24.94214,00000000afef4555,6.46
11172,2019-08-04T11:06:30Z,c4c3ad738ca47920bb66939f620126c87f730c644813158554916827,60.16762,24.95415,000000006b44cce7,9.92
11173,2019-08-04T11:06:30Z,c55894159f2080031cda702c78ee54463c3c15ab1b3638afdf687f08,60.16531,24.9442,00000000fdda10fe,4.5
11174,2019-08-04T11:06:30Z,c5ffe1809d0314e1f74db7cbb63e9a1b59f6fdda752b423ea74be3b0,60.16897,24.95222,00000000aa852af1,36.27
11175,2019-08-04T11:06:30Z,c6b0ea433c3fdc73e0bac7e3faa2690506c4e8ec7fc54210446a7ffa,60.14947,24.91438,000000004ef3150d,18.79
11176,2019-08-04T11:06:30Z,c739921adb150c53f1887c6ce887adc6cd7ae7e35e69f6e4dc52fe81,60.173,24.92524,0000000096918cfa,16.1
11177,2019-08-04T11:06:30Z,c7ced11121537f55bcd7d7ab67312226dafe7c85320c5357a35d5ab7,60.17002,24.94407,000000006b087f40,33.81
11178,2019-08-04T11:06:30Z,c990a15d27cfc21e63b7c96b95949254f1194e8b27118386a589e2bd,60.16897,24.95222,00000000aa852af1,14.89
11179,2019-08-04T11:06:30Z,ca9ba013f86583100bfa841287733d9985b9d5e28a116525c40a4b40,60.16762,24.95415,000000006b44cce7,13.75
11180,2019-08-04T11:06:30Z,cd7d0e9404c9f4e8fab0742460b9acb4d5bbb97f44df80d4a8b973cd,60.17002,24.94407,000000006b087f40,5.41
11181,2019-08-04T11:06:30Z,cddbfc3b0a1459f0ea8d553779cf320d512cac6e64976182f2f0b3b7,60.16829,24.94214,00000000afef4555,13.75
11182,2019-08-04T11:06:30Z,d04b5065ec93818b731141027d11e6a1cf53de69b9737d7aea0c34da,60.14947,24.91438,000000004ef3150d,12.69
11183,2019-08-04T11:06:30Z,d23d6afa580687749de352818db606b272b579b77c6009badb4aa4a6,60.16897,24.95222,00000000aa852af1,27.28
11184,2019-08-04T11:06:30Z,d2b816bfc9982b3f48d8baa389dc18ef7a57d3dcba72567b2865e2e2,60.16762,24.95415,000000006b44cce7,9.12
11185,2019-08-04T11:06:30Z,d2fd0c6415d2d8e49fef3415fb8747b524191b4400a4fbb66428cb12,60.14699,24.922,00000000a53ed894,14.89
11186,2019-08-04T11:06:30Z,d3bad9334d128332fc483e10ef1b77c28e5a75ac55be4de71c6b2f9f,60.16829,24.94214,00000000afef4555,20.28
11187,2019-08-04T11:06:30Z,d6a8c97f1ec18c7a90d3beae358bad67f8d53626258a852e15b08c5d,60.14699,24.922,00000000a53ed894,7.05
11188,2019-08-04T11:06:30Z,d71a315bac918f9a18fcd820731e6d9eb54fb0d01c324ca088ef8858,60.149,24.9843,00000000fffb8cf0,20.28
11189,2019-08-04T11:06:30Z,d7b6b8f9e61c0c1181850b8880f319ea2ef58d8a3adac78d63c0d11c,60.16829,24.94214,00000000afef4555,20.28
11190,2019-08-04T11:06:30Z,d815f84ae48488758c6a413083db69302bd4661761296368c86e7721,60.16629,24.95957,00000000fb7600be,25.36
11191,2019-08-04T11:06:30Z,d83c1c2d3a3876c948e277bace6d013eafc0c4e118958e138f8b1257,60.16448,24.97323,0000000053c6c2be,25.36
11192,2019-08-04T11:06:30Z,d86f155736e4d36de5d33bdbb3b12b717b75de44852b93419af20945,60.16829,24.94214,00000000afef4555,16.1
11193,2019-08-04T11:06:30Z,d8b9a851baeda04df9e9f2a188d41bbefa11fa2e757a54f8c81ddbe0,60.1538,24.95595,0000000038bf9618,50.98
11194,2019-08-04T11:06:30Z,d9138495b15650460946f56faa26bf36e7dc6cf74b3d84614efbc8cd,60.16897,24.95222,00000000aa852af1,21.87
11195,2019-08-04T11:06:30Z,d9a5b0033b928dc7932083909b29c0529a51ccc1c1cd9cad67c4306a,60.14699,24.922,00000000a53ed894,31.5
11196,2019-08-04T11:06:30Z,da2398acaae7f39c7b80c220d4e6917bdc7655f4c71b6e36d06cb859,60.18203,24.91341,00000000342570c2,21.87
11197,2019-08-04T11:06:30Z,db4d3f81708de827ce30c4130610fd65b4d6d451ca5cf6b0c4e745d9,60.16829,24.94214,00000000afef4555,23.56
11198,2019-08-04T11:06:30Z,dc4072a3cfc00cca0bde9925adc82bb9c2548af1724368561eefcbf8,60.16762,24.95415,000000006b44cce7,7.69
11199,2019-08-04T11:06:30Z,dcbd150d7326dc22a8ab087a0555b9c9549addd07f54aa909aa8ec1f,60.149,24.9843,00000000fffb8cf0,31.5
11200,2019-08-04T11:06:30Z,ddd0e663eb31ac94858d2a4e9af5e4782781e88c92102042190e6fcf,60.14699,24.922,00000000a53ed894,20.28
11201,2019-08-04T11:06:30Z,de48adf9d49eb3bc1d61dea4047618f6c77086fc44bd2b535d56504d,60.16762,24.95415,000000006b44cce7,4.94
11202,2019-08-04T11:06:30Z,de71e27b55ef6f2f51f05838a2fcab596f1dd93a14ece5ce4548f5c7,60.14699,24.922,00000000a53ed894,9.92
11203,2019-08-04T11:06:30Z,e081e4b3252ca91bbf1cbb70faa116d60317fbf3a991a67bc99b4bfa,60.149,24.9843,00000000fffb8cf0,21.87
11204,2019-08-04T11:06:30Z,e0859a9c906151023376d86762070f38ba1b3859e671531b0edac6cd,60.16075,24.95883,00000000f1124bca,23.56
11205,2019-08-04T11:06:30Z,e1da87aea335bcd04e4c876158b96ebc7ba4206bc216c3aa27a2f4af,60.17919,24.95181,000000007b5207b6,5.91
11206,2019-08-04T11:06:30Z,e26862fdcdd4688d81b8fe05d1ac94c5f9b3192ddc50d4c66ad12cc1,60.16897,24.95222,00000000aa852af1,33.81
11207,2019-08-04T11:06:30Z,e305610124e16ed1411a221b29ce69a076cc47982efd6c098b0599ab,60.14947,24.91438,000000004ef3150d,8.38
11208,2019-08-04T11:06:30Z,e32e078697e70d6e3cb4b156ada3a4756315227b125615d7b5c116a7,60.16762,24.95415,000000006b44cce7,3.4
11209,2019-08-04T11:06:30Z,e44d7228cecbdb2474e1cc396a6c13943f09c08c19d0ffab1997d509,60.17919,24.95181,000000007b5207b6,18.79
11210,2019-08-04T11:06:30Z,e53a901aed874016e1cd1ed3e9b2891fca850986cb2fa04f5162cf52,60.16762,24.95415,000000006b44cce7,4.5
11211,2019-08-04T11:06:30Z,e557e164cd52fd817b02cad6587a294d72b0974d9b014ad69ea5e08e,60.17919,24.95181,000000007b5207b6,21.87
11212,2019-08-04T11:06:30Z,e568360cebcddeb30a1d066a2f6a2326ac927004214bd11337d804e5,60.16762,24.95415,000000006b44cce7,17.4
11213,2019-08-04T11:06:30Z,e5928057da667903de0b6c1245e1f58273dd85d63d8af0f4eaa771de,60.16762,24.95415,000000006b44cce7,7.69
11214,2019-08-04T11:06:30Z,e5b9b4813c081a31fb498e7f9adb94918c267dfa125c63790c0d9488,60.149,24.9843,00000000fffb8cf0,2.54
11215,2019-08-04T11:06:30Z,e5e14952bf5e52bf1349479a58c0a97d702585889650948d94767608,60.16448,24.97323,0000000053c6c2be,17.4
11216,2019-08-04T11:06:30Z,e7988d180194f352fcf752defa2a01904142bcbf71a9afba13cc7470,60.16897,24.95222,00000000aa852af1,20.28
11217,2019-08-04T11:06:30Z,e8530b87d248fb9f6f44200a9b5634e7517e8d6d835e921280db51fb,60.16897,24.95222,00000000aa852af1,18.79
11218,2019-08-04T11:06:30Z,e9d59e25b58f33f70aad6832863cb59d7485ca55a1575558f92b74e7,60.16897,24.95222,00000000aa852af1,7.69
11219,2019-08-04T11:06:30Z,ea3eef2f497e934d53c3a02bfa190abb42a24ce200d24c69598dbf84,60.16762,24.95415,000000006b44cce7,8.38
11220,2019-08-04T11:06:30Z,eb261026c6f65b651ddf21bed629a1e164cfb500d0b78062704ec15c,60.16762,24.95415,000000006b44cce7,5.91
11221,2019-08-04T11:06:30Z,eb3dde73e84f5016b5545e9fa2e08d04257ebe448619783f90edcd23,60.16762,24.95415,000000006b44cce7,17.4
11222,2019-08-04T11:06:30Z,ec485175d2b7a2c53d03bf546aee134c116d998976601b069570c6f9,60.14699,24.922,00000000a53ed894,12.69
11223,2019-08-04T11:06:30Z,eca1a609c675d971fcfba4277d230ccdc2de7805c629b1f5da9cc224,60.173,24.92524,0000000096918cfa,16.1
11224,2019-08-04T11:06:30Z,ecb1735f180422ec69f041cd2782a26c9f07d27a87893b3c30aaa9b7,60.16075,24.95883,00000000f1124bca,4.5
11225,2019-08-04T11:06:30Z,ecb5655da668bb183a5c270a96927649c323975e318184d248247099,60.16829,24.94214,00000000afef4555,23.56
11226,2019-08-04T11:06:30Z,ede13c9dc221bbc6c1daf78250fa6547303c06d7606c05ba0bf64547,60.17919,24.95181,000000007b5207b6,14.89
11227,2019-08-04T11:06:30Z,ee58e3183e0967bff106dcd3894f4688accefe5e721043dd70c1f11c,60.16629,24.95957,00000000fb7600be,25.36
11228,2019-08-04T11:06:30Z,ef15ff71b7dc4c2088249a4fca7e28900ae315245a7a3b4d571bf582,60.16829,24.94214,00000000afef4555,13.75
11229,2019-08-04T11:06:30Z,ef33ccdfcdb12920eabb3306e0f86dc7e6060a5d3864b03e2de7e1ef,60.16897,24.95222,00000000aa852af1,20.28
11230,2019-08-04T11:06:30Z,ef45fdc095ee55730384922266d8fce61de212d3c3df2441ea10e524,60.14947,24.91438,000000004ef3150d,13.75
11231,2019-08-04T11:06:30Z,ef5e495c5f9d3dd9eb22ed5b8faf1cc9e4225d4785ebb26a87d16fff,60.14699,24.922,00000000a53ed894,18.79
11232,2019-08-04T11:06:30Z,f110acae92fec55c6caca5de864773a6b99e5b8d6e2fdf8d1bdbc759,60.16762,24.95415,000000006b44cce7,14.89
11233,2019-08-04T11:06:30Z,f11c02cbebb4049a29f10d2ee6aac8a9ca3b7b9609a39d69463461a1,60.17065,24.93641,000000000f4919c9,21.87
11234,2019-08-04T11:06:30Z,f18044d5121de9a6aee20532d8b30324092688ee474def5d3e8fb80f,60.16762,24.95415,000000006b44cce7,13.75
11235,2019-08-04T11:06:30Z,f196f5f8c08299d290b3bac1944e00bb1f2c90594db66438b0c10e6e,60.16629,24.95957,00000000fb7600be,18.79
11236,2019-08-04T11:06:30Z,f2467c8ede6444941158701b7bd9d005beec9ffdb355ce2d8c7a9bfd,60.149,24.9843,00000000fffb8cf0,16.1
11237,2019-08-04T11:06:30Z,f43b8b2cf2c0bd291543858796d75b211d283ab73dcab5ad5dfd0aeb,60.16897,24.95222,00000000aa852af1,9.12
11238,2019-08-04T11:06:30Z,f4b9fc6acb673aea24fe00dfbe806b81fedab0c2ea82d781f7659ce5,60.16762,24.95415,000000006b44cce7,8.38
11239,2019-08-04T11:06:30Z,f5ffa3dbcdd5592ac31344cb04a7a6d639109a4d6e196fa0df3990dd,60.17065,24.93641,000000000f4919c9,33.81
11240,2019-08-04T11:06:30Z,f62b86ef56fa9417b0128f2fff6530aed6f2a50d3f65bbbfdcbbee59,60.16762,24.95415,000000006b44cce7,16.1
11241,2019-08-04T11:06:30Z,f77d86d6fcfc6cc5ce50a14177a7100c8967fa5947fc13e3a198e345,60.16762,24.95415,000000006b44cce7,12.69
11242,2019-08-04T11:06:30Z,f78d74fc0e618716bdd16fd9b7e87ed4b8ee69bd3b36603fb085d81f,60.17002,24.94407,000000006b087f40,41.64
11243,2019-08-04T11:06:30Z,f78ef2ddbe48b534137498eab56c0a55ec0e0b1d8868e82cb5652a0e,60.14699,24.922,00000000a53ed894,9.92
11244,2019-08-04T11:06:30Z,faee9c7cf21aa61809c94dd68268377841712fc4e488b094972b6a38,60.1538,24.95595,0000000038bf9618,36.27
11245,2019-08-04T11:06:30Z,fb37b263777ffcf7fe1fb6484821cae2b8beb03b5f5009109748dedb,60.16762,24.95415,000000006b44cce7,9.12
11246,2019-08-04T11:06:30Z,fbd28054e4a5478c8ca06f4d682405d1c59bef4853cad413ecb58d13,60.14699,24.922,00000000a53ed894,13.75
11247,2019-08-04T11:06:30Z,fd4b10351ea2c76bdcd77442b4ff956f58ff84fa8cd9747175d3e9a6,60.1538,24.95595,0000000038bf9618,31.5
11248,2019-08-04T11:06:30Z,fda481107ccd1ee84269967e42cbd312252a4216e9c7af4822669a69,60.16829,24.94214,00000000afef4555,44.58
11249,2019-08-04T11:06:30Z,ffb7319984ecae155652e100da9b204f0b92f3b6c7239cfea4dcf966,60.14699,24.922,00000000a53ed894,21.87
11250,2019-08-04T11:06:31Z,004c3624f943830bc6a9f17173a2cd0996622cade5184ad2b9fba729,60.16897,24.95222,00000000aa852af1,7.69
11251,2019-08-04T11:06:31Z,048a4191e2e9ce1733556eda54c4123345c70aeced0f8ecf7d52b916,60.14699,24.922,00000000a53ed894,23.56
11252,2019-08-04T11:06:31Z,09a0d89e977eac08cb8877af0472d861a9c86439072251d53a13d931,60.16829,24.94214,00000000afef4555,20.28
11253,2019-08-04T11:06:31Z,09ddbf38333e76a79fd836112bd8c3f8bf7f3dadfb3d49945ad4c486,60.16897,24.95222,00000000aa852af1,4.94
11254,2019-08-04T11:06:31Z,1142f5b6806b1ec7d8d47d47013eb530d8a7418f6934d8867b20966a,60.16829,24.94214,00000000afef4555,21.87
11255,2019-08-04T11:06:31Z,128f1b89d7a534aa206a7823b692594bbd4d349761baa04c0fc72f2c,60.14947,24.91438,000000004ef3150d,11.7
11256,2019-08-04T11:06:31Z,14c7e1511b70f4dd3359cbece1377aebb4d70531f5489eefe53d7c3c,60.16544,24.95398,0000000038d83d41,27.28
11257,2019-08-04T11:06:31Z,165ebbb4090d47319ae370f0d0854fdc1f6b79499f8b2e4d3c3533c0,60.16544,24.95398,0000000038d83d41,23.56
11258,2019-08-04T11:06:31Z,25a7ff811c3c06e426c7c2cbb0433d9a2a3399b23afecbd35584ab0f,60.18203,24.91341,00000000342570c2,11.7
11259,2019-08-04T11:06:31Z,269109af99b12861eeb19ab8698033d9c00895687da47af3f4310e9d,60.16762,24.95415,000000006b44cce7,11.7
11260,2019-08-04T11:06:31Z,32dd92b5a658392a4ec84eaf95152ee72258b6b0fb670b97882ac902,60.16829,24.94214,00000000afef4555,7.05
11261,2019-08-04T11:06:31Z,3b5cafe90982db26cf737b2e4cd4275276f6a031bca3b2a1f73023b2,60.14699,24.922,00000000a53ed894,21.87
11262,2019-08-04T11:06:31Z,3fe5f4ccfa5c777ceafda0674d7c9da6f509f6694b4c2fa254b32e73,60.16897,24.95222,00000000aa852af1,17.4
11263,2019-08-04T11:06:31Z,434e74155ec054f1bb6122a7ec736a48a27c6f4111995c3f2bb03897,60.17065,24.93641,000000000f4919c9,27.28
11264,2019-08-04T11:06:31Z,43b676ed3aef4c2d8846694817e76117873be52e7f788e0cb366c1c4,60.16629,24.95957,00000000fb7600be,21.87
11265,2019-08-04T11:06:31Z,44d0b94469070803869f229601e877beb613c3f5aafa009addf97a1a,60.16544,24.95398,0000000038d83d41,23.56
11266,2019-08-04T11:06:31Z,4656bad9b5e6dfc3977eca308fc1db3dbf8b0204b90d09b001da242e,60.1638,24.96846,00000000d747f075,27.28
11267,2019-08-04T11:06:31Z,4774d3de2115f3cfeff91dc17ed763964fe86825629003f82ee45b2b,60.16762,24.95415,000000006b44cce7,7.69
11268,2019-08-04T11:06:31Z,5d65719c4cbf045f068d084b72302f447d5fd034413d97d13be00d0e,60.18203,24.91341,00000000342570c2,20.28
11269,2019-08-04T11:06:31Z,5eed115a984d490b02b602d73787aee8dc8c4e9365b77fbff3818a76,60.16629,24.95957,00000000fb7600be,20.28
11270,2019-08-04T11:06:31Z,69219e9efa41ae9e732653e9eaf08e1a34cb853a9dafe76ddeea4d04,60.16897,24.95222,00000000aa852af1,23.56
11271,2019-08-04T11:06:31Z,6a70e2fbced719333e21eff04fcb9cb36bae9a04d1a3d6ddd96f2c58,60.15432,24.9211,0000000019fb59c4,7.05
11272,2019-08-04T11:06:31Z,6d0e894f707c5b97b40658206797930ccb7fc59e5b818a7b56bdd28d,60.16762,24.95415,000000006b44cce7,16.1
11273,2019-08-04T11:06:31Z,6f06341f358e61699fe1e55e986dd0554bc8da28b91daf0c5ad99db6,60.16629,24.95957,00000000fb7600be,29.32
11274,2019-08-04T11:06:31Z,85ef35aecf2ff804be3d958b592705ec41c6df9c128c132c65bb283d,60.16897,24.95222,00000000aa852af1,25.36
11275,2019-08-04T11:06:31Z,87dfaad29a9276ddddb1fa021d3bc23ad14824c1af16f7d87e713689,60.14951,24.92138,0000000006dd41f6,9.12
11276,2019-08-04T11:06:31Z,88808fe92573e9cdf022cc15b9689b6b4b9429f60513c8897b0ba4c7,60.16897,24.95222,00000000aa852af1,16.1
11277,2019-08-04T11:06:31Z,89982a6acf91b79a282a6b63978e946ee205f303fcd20e944e06baf0,60.16544,24.95398,0000000038d83d41,31.5
11278,2019-08-04T11:06:31Z,8c3b1ed0846e38cc84b863a80540c8a75bfd85c8bdda36563d153110,60.16544,24.95398,0000000038d83d41,21.87
11279,2019-08-04T11:06:31Z,92a4351b20078e469332532ec495e838559c62590b166cce41762939,60.16897,24.95222,00000000aa852af1,27.28
11280,2019-08-04T11:06:31Z,9843c6216661048343a0e49cf3d8aa2883cf77f452666a1c873a1052,60.16448,24.97323,0000000053c6c2be,27.28
11281,2019-08-04T11:06:31Z,9c8556ea519835172f09c20e7688066eeec8e7f74a0c6fa3df3d9c5f,60.16829,24.94214,00000000afef4555,27.28
11282,2019-08-04T11:06:31Z,a3a31741155775d55b54ebdadfeb5700066d864d782da9cdd605349c,60.14951,24.92138,0000000006dd41f6,25.36
11283,2019-08-04T11:06:31Z,b5fd6b317890e5ab2d79e2cd1abe61626d45a753c7337d0d40728898,60.16762,24.95415,000000006b44cce7,10.78
11284,2019-08-04T11:06:31Z,b936e41d8712ae967f3ebb413fc44f060bb10613f95537757886ede2,60.16762,24.95415,000000006b44cce7,5.41
11285,2019-08-04T11:06:31Z,bca443064699e0ac05c40e587aef06d7fd580817e739133a501490bc,60.14699,24.922,00000000a53ed894,25.36
11286,2019-08-04T11:06:31Z,c40c37def6bf11a63a2556519a7c6233fd417cdeea2cf14f28e7c42c,60.16531,24.9442,00000000fdda10fe,23.56
11287,2019-08-04T11:06:31Z,c54f2dd0590c650ad3e52a68193db3173db5e74f90f69faa1e2d6bb0,60.16762,24.95415,000000006b44cce7,9.92
11288,2019-08-04T11:06:31Z,c97eb4181394121907d47b908495f54e5ee5145ff790f7a1dc21b3cf,60.16897,24.95222,00000000aa852af1,11.7
11289,2019-08-04T11:06:31Z,ca6927628f5ddda20036865c9345ad93d476d62ade3b181de568eed6,60.16897,24.95222,00000000aa852af1,31.5
11290,2019-08-04T11:06:31Z,cd2c2ce2425879ac455c812073aa8025c7bac76df380e4793edab46d,60.16829,24.94214,00000000afef4555,23.56
11291,2019-08-04T11:06:31Z,cf05623e4d87ce0906c0b0b7dbf53aacc1228016cd27c341228b6e76,60.18203,24.91341,00000000342570c2,17.4
11292,2019-08-04T11:06:31Z,cfc0bedb78ded52749db3188cb188bf6a250ef5990da9c5afa9623fc,60.14951,24.92138,0000000006dd41f6,27.28
11293,2019-08-04T11:06:31Z,dbeb00942457ba3c5fb1984b57b1dedb268c0e761e80729b939f1fd8,60.16544,24.95398,0000000038d83d41,18.79
11294,2019-08-04T11:06:31Z,e224ae5ea47af2e3048f83b13a1f45dc135c0ca6be72547b01729086,60.1538,24.95595,0000000038bf9618,21.87
11295,2019-08-04T11:06:31Z,e764c1a69976425ee9c1982ca445db7a575a9d610bcb2215eeb2a728,60.14947,24.91438,000000004ef3150d,10.78
11296,2019-08-04T11:06:31Z,e96bd269a48b822b06141c3362fcb6d5ed4d0d09a120f2e4a712d5c2,60.16897,24.95222,00000000aa852af1,27.28
11297,2019-08-04T11:06:31Z,ed70dda6b7faebd4340dacdb452ab224d9d3c308df417b7fa76f54e8,60.14951,24.92138,0000000006dd41f6,21.87
11298,2019-08-04T11:06:31Z,f088630d7476dae7d4b7e2bb1f10575f2c89acb4b6e061f3d57c2b40,60.16531,24.9442,00000000fdda10fe,20.28
11299,2019-08-04T11:06:31Z,f30a5193aa7850aac581b8dd71512a8712c96f36fdef78d8292d4788,60.16762,24.95415,000000006b44cce7,7.69
11300,2019-08-04T11:06:31Z,f405a7c4a3a4339f8e3f7e552f6492d6eed76f7d08c54943286213de,60.16762,24.95415,000000006b44cce7,12.69
11301,2019-08-04T11:06:31Z,fc4f3a44235f1cfc7b53f14ba2da599976a5a0a220d23b852688e485,60.17919,24.95181,000000007b5207b6,5.91
11302,2019-08-04T11:06:31Z,0043f38f4fb6545d7c033c9a8f8c18106aa0c2c841f28a15dd722e9d,60.14699,24.922,00000000a53ed894,13.75
11303,2019-08-04T11:06:31Z,007540b1ada16f6000987e20cd81a3deb18b2aea4cb95b50e099dcee,60.17065,24.93641,000000000f4919c9,10.78
11304,2019-08-04T11:06:31Z,0236a1d5b9b9d2249407a79705eee38de360ceb0530a8959ba5bc15b,60.149,24.9843,00000000fffb8cf0,9.12
11305,2019-08-04T11:06:31Z,02a354db29cd5bc16976a9d933e03a41be350f9cc78098829a7dcfd4,60.14947,24.91438,000000004ef3150d,18.79
11306,2019-08-04T11:06:31Z,03204cdd97728dc59f21f215f75460ac8fe2fa56720a88e869c6f56d,60.16829,24.94214,00000000afef4555,27.28
11307,2019-08-04T11:06:31Z,0656a0c0a353f164b57fbdd9e648d71fab429964d97ed07ab2c5dc30,60.18203,24.91341,00000000342570c2,21.87
11308,2019-08-04T11:06:31Z,07d9aa9fe10e58c26960ba10eb2f13607a7cea0226acaecbdcc52508,60.16762,24.95415,000000006b44cce7,13.75
11309,2019-08-04T11:06:31Z,090b22feb90861d0c5c272812dfebe1f4f5efec2238fb9556f23e5a6,60.16762,24.95415,000000006b44cce7,13.75
11310,2019-08-04T11:06:31Z,0934f41ee040b3f13c700adbb45398901bfbd922fcb8b2751b4da4cd,60.16762,24.95415,000000006b44cce7,21.87
11311,2019-08-04T11:06:31Z,0a875ca08ae7654af6e570e7245816939a3a61213bedf03765dc6f53,60.16897,24.95222,00000000aa852af1,29.32
11312,2019-08-04T11:06:31Z,0b45b52bc137c31ce83561c857f809296ec70f5537976a4a4d573d4f,60.16829,24.94214,00000000afef4555,21.87
11313,2019-08-04T11:06:31Z,0b49dcea1b7eab22f4ebd0c7666ded5b59fe092b8bdd4aa9eda6326d,60.16762,24.95415,000000006b44cce7,7.69
11314,2019-08-04T11:06:31Z,0c959027ce302054b09087cac97a83aa7e24fb9e4fa2710763f912cb,60.16829,24.94214,00000000afef4555,3.74
11315,2019-08-04T11:06:31Z,0d2490ed58c11eb4a754a30cc4bcb21c7243d322a2caf7cc360e4e8c,60.17065,24.93641,000000000f4919c9,11.7
11316,2019-08-04T11:06:31Z,0dc12f22306d5f6622fc786011f32f1961a5f94018be9c2236fb2e52,60.14699,24.922,00000000a53ed894,23.56
11317,2019-08-04T11:06:31Z,0e113c5ed3abcdfb31d27c3125f6cf01e3b96e4ed7eca1aaea855f77,60.14947,24.91438,000000004ef3150d,9.12
11318,2019-08-04T11:06:31Z,0e1fac068e905121e354702292780affb6635905cc36872878ff79ce,60.17002,24.94407,000000006b087f40,29.32
11319,2019-08-04T11:06:31Z,0e9170bc93107bf16cd12839eca9ea157f19169d66085e8a435b0f1d,60.16762,24.95415,000000006b44cce7,11.7
11320,2019-08-04T11:06:31Z,10ca87ada637a6524de98a11c8d3d3d3cfa8f7f5ea839b29c2b132a0,60.16762,24.95415,000000006b44cce7,14.89
11321,2019-08-04T11:06:31Z,1107822441d53ff89eb9cb0d022a37202aed47bd82dca4bc175d6837,60.16762,24.95415,000000006b44cce7,6.46
11322,2019-08-04T11:06:31Z,1327ce24f157334f864f913637993c80380ce5f5c911e4b0d31c5eb7,60.149,24.9843,00000000fffb8cf0,3.4
11323,2019-08-04T11:06:31Z,135b81a7a5a9dd70569656553c100af6fdc760bcf92d9b7b48261cb1,60.16897,24.95222,00000000aa852af1,27.28
11324,2019-08-04T11:06:31Z,13b0a8ca1414d7b2b0e8d5f80069a5d26c6f62a68b58eda25a4b85f4,60.16829,24.94214,00000000afef4555,8.38
11325,2019-08-04T11:06:31Z,1556d4a76070c26554efa12b4b9c53766a4cc394e8b74ee37f2fff65,60.17065,24.93641,000000000f4919c9,23.56
11326,2019-08-04T11:06:31Z,169c77f0d714e38eb1e798b14fa42ce3fefb0ec1d6f9e93a38a872f1,60.16762,24.95415,000000006b44cce7,11.7
11327,2019-08-04T11:06:31Z,17b39c4376c28dc9e1c1221de9d5037abfea5d59d30cdd48208fc3a8,60.16762,24.95415,000000006b44cce7,8.38
11328,2019-08-04T11:06:31Z,1921be9815a57f11f291ca085add7b4bf1d044518b03b725df7cf7d5,60.149,24.9843,00000000fffb8cf0,13.75
11329,2019-08-04T11:06:31Z,19db84758eba08a5f9bb56b0ff91d05286765c8e8dfa31bd0b2aaa1c,60.14947,24.91438,000000004ef3150d,23.56
11330,2019-08-04T11:06:31Z,1a06b5f7f305badd45e93db9d86d76ed3a2a96ec55ec47c836921e3e,60.16762,24.95415,000000006b44cce7,17.4
11331,2019-08-04T11:06:31Z,1a9a0f74c353624c42c19c007e82c9c2547b7285d8353d0e375e3f05,60.14699,24.922,00000000a53ed894,11.7
11332,2019-08-04T11:06:31Z,1c38009e9b89bd8b0d6744bf54ebae9a8ad2dc2868cdfc3f2e399509,60.16829,24.94214,00000000afef4555,9.92
11333,2019-08-04T11:06:31Z,1c8c3befa38b65f707dd4933a68e5e3c9e7c82592fd382779127416b,60.16897,24.95222,00000000aa852af1,25.36
11334,2019-08-04T11:06:31Z,1ce242f8d8220cd38bf3ea9138c99ae9b2f79b28e68edb864f090ec9,60.149,24.9843,00000000fffb8cf0,7.05
11335,2019-08-04T11:06:31Z,1e3fa11ac10c07395d1456966b411617159f7b3736741a28e9e3e52a,60.16762,24.95415,000000006b44cce7,14.89
11336,2019-08-04T11:06:31Z,1ec01efcb963de0890bb5fd949ec5fd4e87cc41d8e5cf4b21aa17e81,60.18203,24.91341,00000000342570c2,44.58
11337,2019-08-04T11:06:31Z,1f6e5095c2c365e120a526c9111895459bc08fb351b964a350cdb64f,60.16762,24.95415,000000006b44cce7,12.69
11338,2019-08-04T11:06:31Z,1fa2c533bba37b249a0105001153733e67a559d40c22cab67f135f64,60.14947,24.91438,000000004ef3150d,4.5
11339,2019-08-04T11:06:31Z,21e1b0aebd1c050ac0463a0269b847e7e94b782ed10399e5e749817f,60.16829,24.94214,00000000afef4555,18.79
11340,2019-08-04T11:06:31Z,227b93698b29687beea48184f42aab63a21fa362af7251be32db2e15,60.16531,24.9442,00000000fdda10fe,3.74
11341,2019-08-04T11:06:31Z,23786c82e2641aed0e0b004658480a212bf0397568e914487819045c,60.16897,24.95222,00000000aa852af1,18.79
11342,2019-08-04T11:06:31Z,2671a156fa8d8bb05970481c8f83bcf9f261f73dae27f2bb9ac88aeb,60.14699,24.922,00000000a53ed894,13.75
11343,2019-08-04T11:06:31Z,27052b4dc21318eee25b7afdbe088c8d15e13ec11ac339166b209e58,60.18203,24.91341,00000000342570c2,27.28
11344,2019-08-04T11:06:31Z,2724e42551f43106ea58a8fcc6a43953baa1294cd65e17a90012f706,60.17065,24.93641,000000000f4919c9,1.12
11345,2019-08-04T11:06:31Z,28741c2e5e348fe81dec0518a21c0930c98a25b6fcece61a262d50de,60.14699,24.922,00000000a53ed894,11.7
11346,2019-08-04T11:06:31Z,28b4e80d3920a9b27c66d6c24e8d0b2be8b62dbfb4efd44685fc80b3,60.16762,24.95415,000000006b44cce7,11.7
11347,2019-08-04T11:06:31Z,296a0ffe230305a3d37818a0369b56c99dacdd5df5a161bf238e1084,60.16762,24.95415,000000006b44cce7,4.5
11348,2019-08-04T11:06:31Z,29f5adc4d67413b7d368e8e94a41cf48339e3f5f0903f660170c4fe8,60.17919,24.95181,000000007b5207b6,9.92
11349,2019-08-04T11:06:31Z,2a80aed2c40e7e70ca12152ac812abd79aa1d13efcec25a6d3395136,60.16762,24.95415,000000006b44cce7,5.91
11350,2019-08-04T11:06:31Z,2af353f8c54bb0d9e6ff34e08578e5263b7fac68ab82cf9559293cb9,60.16544,24.95398,0000000038d83d41,21.87
11351,2019-08-04T11:06:31Z,2d0349a4148a147b05e00cd46c137dd208ba2a8ce9327b493615f1a6,60.16829,24.94214,00000000afef4555,10.78
11352,2019-08-04T11:06:31Z,2de87ef94604fb63bec05eefb71b6cdd0b9807f8551159c2a35e7259,60.17065,24.93641,000000000f4919c9,3.09
11353,2019-08-04T11:06:31Z,2e6e6f89a7d75f0742d016de203c9acc8d6f6bdeb7b56bd12f482653,60.15432,24.9211,0000000019fb59c4,14.89
11354,2019-08-04T11:06:31Z,2f83e4cad2d924faecb3def25f54727f3e612bc5040c493dd6eccb1d,60.16897,24.95222,00000000aa852af1,20.28
11355,2019-08-04T11:06:31Z,2fe2e4165984d7880628aec591ce4747f18947da70312e6afca2946b,60.14699,24.922,00000000a53ed894,6.46
11356,2019-08-04T11:06:31Z,303e51dd6e5cca35a9f9f76fbe8ef97bd64a9dc6b4e965b1f74ca279,60.14699,24.922,00000000a53ed894,23.56
11357,2019-08-04T11:06:31Z,30bee351808d5e8082ce012b57f5bc0efc80f8394491a182e0eeee32,60.17919,24.95181,000000007b5207b6,27.28
11358,2019-08-04T11:06:31Z,31659a798f1d780d587f07390c038a78fafa6cabb8180dba635863ce,60.17002,24.94407,000000006b087f40,23.56
11359,2019-08-04T11:06:31Z,32f77f5019e5fce30881c214487361e2e34b8c93277f6e546de72012,60.1638,24.96846,00000000d747f075,27.28
11360,2019-08-04T11:06:31Z,33008d1586e53cb38d80e4042fa71162b829e54bd7fc5deb62c762dd,60.16762,24.95415,000000006b44cce7,17.4
11361,2019-08-04T11:06:31Z,3417d8a6b53687e70f126ebeb1d26a2ff6369dc9a551c3c35c5a04f9,60.17002,24.94407,000000006b087f40,13.75
11362,2019-08-04T11:06:31Z,34cf37df412ff36df19ebe47ecdd31e5a22355a1fa723a748ac901fd,60.16762,24.95415,000000006b44cce7,7.69
11363,2019-08-04T11:06:31Z,34ebfbffd9a126421b335e852aa094b727786622ade7757b36f67b57,60.18203,24.91341,00000000342570c2,21.87
11364,2019-08-04T11:06:31Z,35e26a55ffcf023f80c64d570297932cbeabb750c9f72ba981e2f66e,60.16762,24.95415,000000006b44cce7,20.28
11365,2019-08-04T11:06:31Z,3670a148a52771f0ff5af161725f65b86873c09eea1a7697861c0438,60.14699,24.922,00000000a53ed894,21.87
11366,2019-08-04T11:06:31Z,374083907dd8980893623726af5633afd59b519c885ad12ba5c674eb,60.17002,24.94407,000000006b087f40,4.94
11367,2019-08-04T11:06:31Z,38561a086c97342a24583c26b33205da50e3e973a8147fe016a4a9ff,60.16829,24.94214,00000000afef4555,16.1
11368,2019-08-04T11:06:31Z,386dea4944e0b83648b4b6faf510fd47b0e9e29a2bb9311fe8a80ee2,60.17918,24.95141,00000000675d5200,7.69
11369,2019-08-04T11:06:31Z,3ac85712ab657e849113d439795c4e7325d1025cacdbd9a41174b031,60.17002,24.94407,000000006b087f40,18.79
11370,2019-08-04T11:06:31Z,3ac9d056b0f04f774b238a125eb996d46437f7a8c5f6ba6712e971cf,60.17919,24.95181,000000007b5207b6,23.56
11371,2019-08-04T11:06:31Z,3b355c039877bd4883845f3fc6ad8dd6f41f170274042f1397585680,60.149,24.9843,00000000fffb8cf0,11.7
11372,2019-08-04T11:06:31Z,3b5030adc7c303403a6333a1a6d35474c2f21c1d20ece72180660423,60.14947,24.91438,000000004ef3150d,12.69
11373,2019-08-04T11:06:31Z,3c97ef699a49ee2e91f5446516403d07a686256fbaea1ed8e7c28400,60.16762,24.95415,000000006b44cce7,13.75
11374,2019-08-04T11:06:31Z,3f5d3aed90718f7fb8e8a13ac7002718cc22cbe190beb96821ba52e6,60.17065,24.93641,000000000f4919c9,21.87
11375,2019-08-04T11:06:31Z,3f67c6713a6cca446a46616c9970c7a2ddffb03f21e10c8ea9b2f380,60.16897,24.95222,00000000aa852af1,16.1
11376,2019-08-04T11:06:31Z,3fde075082af3062c2bebc5e09ad55bda3de70b5f492bdfb21f284c9,60.173,24.92524,0000000096918cfa,20.28
11377,2019-08-04T11:06:31Z,406da931a04256f3a9bd7c250d8658d2f0effc3bcf8904a04af355f3,60.16762,24.95415,000000006b44cce7,18.79
11378,2019-08-04T11:06:31Z,40d64df305477f26745a445a97098d36570a8e02616b93a3f562bb21,60.16629,24.95957,00000000fb7600be,20.28
11379,2019-08-04T11:06:31Z,418e60b0ee35b014e7a8a378f3491cf2333e2a022ba6ec632170228d,60.18203,24.91341,00000000342570c2,29.32
11380,2019-08-04T11:06:31Z,42d34a6c595760e51052178acc978bdb2b6348e0405f7b58c57f0915,60.16829,24.94214,00000000afef4555,9.92
11381,2019-08-04T11:06:31Z,44703b8dd01d3bd79585c9c7e12217e1ac152f86e2b0c9ed6be4bc19,60.16544,24.95398,0000000038d83d41,23.56
11382,2019-08-04T11:06:31Z,4472fa277123afabdf2402fc2a3c5bff2be437e6d56b590278de70fc,60.17065,24.93641,000000000f4919c9,33.81
11383,2019-08-04T11:06:31Z,448f6044c6c095d8c71341a0017dd6746f6e150f03af7c78b794308f,60.16762,24.95415,000000006b44cce7,9.12
11384,2019-08-04T11:06:31Z,44cd8828dd4aa11ea599139af3d3aafbcd09ca0c2558f26ed1c72e17,60.14699,24.922,00000000a53ed894,12.69
11385,2019-08-04T11:06:31Z,4538bf4d0ca02f13fad76c46f7b34e72978c49b0cdfe4ea9fe151a50,60.16762,24.95415,000000006b44cce7,4.11
11386,2019-08-04T11:06:31Z,465eab28635efe98500085ceb161cf941d02272a0107fbbfb2203c29,60.16829,24.94214,00000000afef4555,16.1
11387,2019-08-04T11:06:31Z,47cd1dcac88434ffdc4b868e7f1d8d8a604700564bc83a7c0a3928be,60.16762,24.95415,000000006b44cce7,4.5
11388,2019-08-04T11:06:31Z,47f787c639f2eed345eb5dca409ffcd989850399a1ab781500dd6e82,60.17919,24.95181,000000007b5207b6,5.91
11389,2019-08-04T11:06:31Z,4800d49ec59e1cde34360defcce4c2a0c6a58919303c1fe6fdebceec,60.16762,24.95415,000000006b44cce7,12.69
11390,2019-08-04T11:06:31Z,4833b1ea4f519407574f5a838d93a39de28c756c5f53de7ee273b577,60.14947,24.91438,000000004ef3150d,6.46
11391,2019-08-04T11:06:31Z,49084ae4b6419be9e7bb0c9b1420142e07d6ac3c17c07c26895461ed,60.16829,24.94214,00000000afef4555,13.75
11392,2019-08-04T11:06:31Z,4954540aca30f8f56f918178fbd53ee48ddef7a231d425061f6b2f6f,60.18203,24.91341,00000000342570c2,23.56
11393,2019-08-04T11:06:31Z,49b391c05bd4e5231579392d798036a0139a8ea4e4d4509a7cb3901f,60.16829,24.94214,00000000afef4555,23.56
11394,2019-08-04T11:06:31Z,49d6f6bd5878bfac30a67fe92d1501b5b09cab38ab2b35b661902f0d,60.14947,24.91438,000000004ef3150d,16.1
11395,2019-08-04T11:06:31Z,4a2286eca689d9c867cfa19d43b9b917d29769b66b9e0a968f6c3859,60.16897,24.95222,00000000aa852af1,18.79
11396,2019-08-04T11:06:31Z,4a54cbed9c373a4136f8851f3f5736eb2fadd5766d316eb5ebbdd231,60.17919,24.95181,000000007b5207b6,7.69
11397,2019-08-04T11:06:31Z,4a912b6c106b63933a8c9cc39598823bcb2c94d4b1cc8a5d55cb3972,60.16829,24.94214,00000000afef4555,16.1
11398,2019-08-04T11:06:31Z,4ae4a5331747d994953667cd06d4c999d9cf71885574c3cc473620f8,60.16897,24.95222,00000000aa852af1,21.87
11399,2019-08-04T11:06:31Z,4b5b3e8f2b484bc08b196c265f65c70151bd69f6263318eb29125db2,60.16829,24.94214,00000000afef4555,4.5
11400,2019-08-04T11:06:31Z,4cf634fc84e128c3b9bce07a4b726d136e18f0eea4229fdbb48f6db1,60.16897,24.95222,00000000aa852af1,10.78
11401,2019-08-04T11:06:31Z,4f64a0a452cd28e15e79c60cbb361761817de946431b04ad87c6d513,60.16897,24.95222,00000000aa852af1,20.28
11402,2019-08-04T11:06:31Z,51789c3026ccfe7e846e44fcd833d006941c2789b9693c77df5a7c98,60.16762,24.95415,000000006b44cce7,5.91
11403,2019-08-04T11:06:31Z,52daa31a2b3c1c07f78d96ebb4de3a965da5ef0a8035afbd0f7451fb,60.16531,24.9442,00000000fdda10fe,25.36
11404,2019-08-04T11:06:31Z,52eb34f627a67270166fbf3dbbc7e4896d09b0a5da2e95d29fb7021d,60.16762,24.95415,000000006b44cce7,9.92
11405,2019-08-04T11:06:31Z,538f05c49f43aea0fda8bfcfd03d1ac2fc05b55d83fda538cd91e2a4,60.16762,24.95415,000000006b44cce7,12.69
11406,2019-08-04T11:06:31Z,541f330d2ded03609f551d02b8149da9cd07ee36aeee630f8fc9de8c,60.14699,24.922,00000000a53ed894,16.1
11407,2019-08-04T11:06:31Z,542a405b620e6d166ecc5eadd979b3936d831cea3aa7b75316adb4ca,60.16897,24.95222,00000000aa852af1,16.1
11408,2019-08-04T11:06:31Z,54d53f276563f566e1cd61b100408412cf78b4fe9fcada830aa6e23b,60.14947,24.91438,000000004ef3150d,11.7
11409,2019-08-04T11:06:31Z,5518b2315c236d486c7a5a4fc27c44987672b2f9a0751ffdaa9cbf78,60.16829,24.94214,00000000afef4555,3.74
11410,2019-08-04T11:06:31Z,556fc7de48590c611e7667223734e0a1067b495fc95d297c742e1d23,60.16762,24.95415,000000006b44cce7,18.79
11411,2019-08-04T11:06:31Z,55f047531784bdfb349239ad705090dfe4fce836942569dac1d34cd3,60.16762,24.95415,000000006b44cce7,12.69
11412,2019-08-04T11:06:31Z,56101419005237b836e4ed14d91dfa6f9edc4c92b5fcb419943897bb,60.16762,24.95415,000000006b44cce7,8.38
11413,2019-08-04T11:06:31Z,56318cc7f3616fceec2564cbb1f6ca8b88ea861935a1ada93aafd7b0,60.16897,24.95222,00000000aa852af1,12.69
11414,2019-08-04T11:06:31Z,565a35900ed1794a9d566f6fc12f2710875a10eb7c8e6fa0ddd92626,60.14699,24.922,00000000a53ed894,5.91
11415,2019-08-04T11:06:31Z,571934189bf349efb6f596e76c21612cf9b82ed44913090169936048,60.17065,24.93641,000000000f4919c9,14.89
11416,2019-08-04T11:06:31Z,584cb0b0cdd14e608c8b57c8aecc9826f9b40027e365e2438a444ea2,60.16762,24.95415,000000006b44cce7,13.75
11417,2019-08-04T11:06:31Z,586f70961bf72597ce00f89d3602178ecc6ac8838a8acec48bba7f9f,60.14699,24.922,00000000a53ed894,11.7
11418,2019-08-04T11:06:31Z,58ee8fd47328b1c696ec343920f2c0353d19a915924eb6f6f2638e56,60.16762,24.95415,000000006b44cce7,7.05
11419,2019-08-04T11:06:31Z,59b87e6921598d25b092b66e140328fa03c9f06fe4e697dd344f378a,60.17002,24.94407,000000006b087f40,21.87
11420,2019-08-04T11:06:31Z,5a730ea19664020323272509e5443616ea3f1cecd7b295e294be4ba7,60.14947,24.91438,000000004ef3150d,16.1
11421,2019-08-04T11:06:31Z,5a755f0653ee0e334448418099ed85023db0a9984c280cfbadd74160,60.173,24.92524,0000000096918cfa,27.28
11422,2019-08-04T11:06:31Z,5d9aa6fcb0d81ceaa80ca13cc08a88138be517656646e0ba0942ce46,60.16897,24.95222,00000000aa852af1,9.12
11423,2019-08-04T11:06:31Z,5eb357b081c3cec1ae3dc15ca566274d604f8d02248907094c9c6630,60.16762,24.95415,000000006b44cce7,16.1
11424,2019-08-04T11:06:31Z,5f5805a3ffd092506452c4d45ea8fc037ae23ea726f0b0809ca6ffde,60.16829,24.94214,00000000afef4555,20.28
11425,2019-08-04T11:06:31Z,6022019a95573b888ca7b3161da098935ea0ad7793437ee40a32a5f3,60.14699,24.922,00000000a53ed894,17.4
11426,2019-08-04T11:06:31Z,60d5499b9dfa1869ff28e24e0cb689a42136cc3462311e39fe5b31af,60.16544,24.95398,0000000038d83d41,23.56
11427,2019-08-04T11:06:31Z,62d86ee13e6ae7a5c41ffc2de746df72d4ef6e8d2b6a51ce1c68965f,60.16829,24.94214,00000000afef4555,2.8
11428,2019-08-04T11:06:31Z,62e27092b58abcaf80564c408d0d4a7b821abaee92dc2f02ccb11e61,60.16762,24.95415,000000006b44cce7,6.46
11429,2019-08-04T11:06:31Z,634c8d85357e60613f015add40b3f762f4191a70c627f8e39abf403f,60.149,24.9843,00000000fffb8cf0,29.32
11430,2019-08-04T11:06:31Z,63b8ca586c8c171816d50ff13e5562f3467b1acd7bcb15632ad51f24,60.16762,24.95415,000000006b44cce7,18.79
11431,2019-08-04T11:06:31Z,64d10ef0926ecca987bad278990d966d8fac8775f03847d1f5a4a2f6,60.16762,24.95415,000000006b44cce7,12.69
11432,2019-08-04T11:06:31Z,658aacab016460cfc38879944e374640737b32d7291a40aed8b8845c,60.16897,24.95222,00000000aa852af1,21.87
11433,2019-08-04T11:06:31Z,66755836036c771e53ffd9d0dc09b8575231b53b80af22e868691a2a,60.14699,24.922,00000000a53ed894,10.78
11434,2019-08-04T11:06:31Z,6770188bfb70997d029b95fe32bafef6ca944778a3f1a35d0fa674b8,60.16829,24.94214,00000000afef4555,31.5
11435,2019-08-04T11:06:31Z,69158bfbcf8399435cc52d623b530dc75089182b7ab05efb64e64021,60.15432,24.9211,0000000019fb59c4,23.56
11436,2019-08-04T11:06:31Z,697103160f0b3dc0ba38ccdd18203ae84ec35fc314322d1172c093b2,60.16829,24.94214,00000000afef4555,11.7
11437,2019-08-04T11:06:31Z,6978155fc96a2c464cb547d9fc8c5e60f39fbb9de35e49ab211c5efc,60.16897,24.95222,00000000aa852af1,33.81
11438,2019-08-04T11:06:31Z,69852d528034ea6fc746ed8942c32f1c90bc33a7a7317dfac3c9b1c1,60.14699,24.922,00000000a53ed894,5.41
11439,2019-08-04T11:06:31Z,69b325e07052873a256bfc38196eacb0c425d5ef40d2199017d3736f,60.14951,24.92138,0000000006dd41f6,31.5
11440,2019-08-04T11:06:31Z,69d8c906060e226ff0f0f7e78029575f2ee07ebec657a3b641419268,60.14699,24.922,00000000a53ed894,16.1
11441,2019-08-04T11:06:31Z,6ac1903c80e63433e4bc744dc0e801bff647117d38d3753fb9a6a4c1,60.173,24.92524,0000000096918cfa,16.1
11442,2019-08-04T11:06:31Z,6b3836e78400caa9d7373678bf33faf8b137556c7ee47e73251c3e4a,60.14699,24.922,00000000a53ed894,25.36
11443,2019-08-04T11:06:31Z,6c97da4ba9462e7fe786a472989dab23340d31809dd78d5617204da4,60.16829,24.94214,00000000afef4555,11.7
11444,2019-08-04T11:06:31Z,6d7107015847d88db09c55e259c3aae4f1dcc95e5d584f2bd957b113,60.16762,24.95415,000000006b44cce7,5.91
11445,2019-08-04T11:06:31Z,6e2fbf091d5c86667e060d7ec44f48f0f5d7b1d55b1899f2939f247a,60.16762,24.95415,000000006b44cce7,16.1
11446,2019-08-04T11:06:31Z,6e492dbc3f10157e7ff00826a839a97262ab36244ccc57b702a89999,60.16531,24.9442,00000000fdda10fe,14.89
11447,2019-08-04T11:06:31Z,6eeb71c74d753822f920829149d942cf52b726b0b83c5aa3e6cb132e,60.16762,24.95415,000000006b44cce7,9.12
11448,2019-08-04T11:06:31Z,6faf62fbff92729472d61bc9a13a5e72833e55bf713863161f8ca9cb,60.15432,24.9211,0000000019fb59c4,20.28
11449,2019-08-04T11:06:31Z,70865ff0fd32dc9fc73f25e929a40535a717664003e66c14224a9d90,60.16762,24.95415,000000006b44cce7,16.1
11450,2019-08-04T11:06:31Z,714e80a1e3c0fee43e312f314b2faec47e582ee8dac47e4818dbc2f9,60.149,24.9843,00000000fffb8cf0,14.89
11451,2019-08-04T11:06:31Z,732d1828056ea7f810de3f8d540e2c0f39e59f7b2d5b85064e349e15,60.16829,24.94214,00000000afef4555,33.81
11452,2019-08-04T11:06:31Z,738973c9b5f9882f29075e47ca10e50ba3fb9883da779f41545175f4,60.17919,24.95181,000000007b5207b6,9.12
11453,2019-08-04T11:06:31Z,73f9caa620c77e880d8973e260936b1114db9c96de6accf8398ccec0,60.17002,24.94407,000000006b087f40,16.1
11454,2019-08-04T11:06:31Z,74c2ec2adc228e5b4979284d730fd2de698242f0f06d90f870b8cde6,60.16762,24.95415,000000006b44cce7,1.38
11455,2019-08-04T11:06:31Z,75062842e96b60c5ae6c51127f8160e69256c2eb1a6f33771f8f0bdb,60.16829,24.94214,00000000afef4555,17.4
11456,2019-08-04T11:06:31Z,7552783317be1ef797980c3a9ee9c5967d4e7b32765f23c51ffda02d,60.16897,24.95222,00000000aa852af1,13.75
11457,2019-08-04T11:06:31Z,75dc69a66709d80dc34f816e5b2cbf53ee34b75f4ca9ae28f9ddf14c,60.16762,24.95415,000000006b44cce7,13.75
11458,2019-08-04T11:06:31Z,7674996605c9b6e865c5b2f5d44cc5dcd0b4ffbefacb8139972b0350,60.16762,24.95415,000000006b44cce7,25.36
11459,2019-08-04T11:06:31Z,77964c48bd2a8658eeedae4be816422b0ef0be1ee1b6f9093b47f14e,60.14699,24.922,00000000a53ed894,27.28
11460,2019-08-04T11:06:31Z,79773ee1ebdf8252053d8ffb326b77bb05a7cdb76041102e73d3767c,60.16762,24.95415,000000006b44cce7,9.92
11461,2019-08-04T11:06:31Z,79bde23c1a8980f93a65e14306f0d8ea89e164430d8b991e2bfee82e,60.16531,24.9442,00000000fdda10fe,17.4
11462,2019-08-04T11:06:31Z,7a96471c0f2a5b26dc38cc8aa9903b7dcb222a12d81cd73a84570610,60.16629,24.95957,00000000fb7600be,27.28
11463,2019-08-04T11:06:31Z,7c54a2b3743def9287caccd19dc542caf569d06507bbfc885490ac27,60.17918,24.95141,00000000675d5200,23.56
11464,2019-08-04T11:06:31Z,7c55ecf165387948602e82b684a55be093691849fde2d96ad6574475,60.17065,24.93641,000000000f4919c9,21.87
11465,2019-08-04T11:06:31Z,7ddcdde2316659d0fa4b8597b86430e095ea0bc7f3564a9d05fc60f8,60.16897,24.95222,00000000aa852af1,9.12
11466,2019-08-04T11:06:31Z,7e78b2348d9576c63ebb626030ee9d43e2bf07e860782adf3f1c452b,60.16829,24.94214,00000000afef4555,20.28
11467,2019-08-04T11:06:31Z,7ea276abbe2f1bfd85b2493f7b4c801189e673c0b4dc987d2c8e30dc,60.14699,24.922,00000000a53ed894,16.1
11468,2019-08-04T11:06:31Z,7f95126e2fe39b74b61f9df1002b58453d22fe79458cebfeed9b9982,60.16829,24.94214,00000000afef4555,11.7
11469,2019-08-04T11:06:31Z,818bf826a20805f91325b634ae02107683c949bcfc7c472917f02db0,60.16762,24.95415,000000006b44cce7,18.79
11470,2019-08-04T11:06:31Z,822590bd49bcf7ed4de4f8389586915c343b29c4283ff8b90d7c1d39,60.17065,24.93641,000000000f4919c9,36.27
11471,2019-08-04T11:06:31Z,82ac749474448abac333d00869cb8b508872f86293913d95eae26a05,60.15432,24.9211,0000000019fb59c4,9.12
11472,2019-08-04T11:06:31Z,82cddd3b9f58762d36efe78da4e2722ee587cfdb3fdbc58b52673082,60.16629,24.95957,00000000fb7600be,12.69
11473,2019-08-04T11:06:31Z,842340aa39a680a5c969b20db5027c8e1b123077045e8046a997391a,60.16448,24.97323,0000000053c6c2be,21.87
11474,2019-08-04T11:06:31Z,844b8ad6ebf530978d1139d527a681991f4d3eed6be5bc723f0b2192,60.16531,24.9442,00000000fdda10fe,1.7
11475,2019-08-04T11:06:31Z,849d6a476563b352092dcda35e816833b571b7f630e7ff8617d9b7da,60.16829,24.94214,00000000afef4555,16.1
11476,2019-08-04T11:06:31Z,85b440c4e1125b1e2531499de3b19b82ae4b7eabb4d89c63c97fa83b,60.16829,24.94214,00000000afef4555,21.87
11477,2019-08-04T11:06:31Z,85d20ac87260458dc786b8739f5b57449a8d1fdbf4679c8567f8cb4a,60.14699,24.922,00000000a53ed894,29.32
11478,2019-08-04T11:06:31Z,864c05d067a7ec523aaf27ea895509e1fe10afc74c884c7e7f98263f,60.17065,24.93641,000000000f4919c9,29.32
11479,2019-08-04T11:06:31Z,87f4cf4baea8c5dfe1bc7812cc969574058bd4d2dda215192bcfc53f,60.14699,24.922,00000000a53ed894,3.4
11480,2019-08-04T11:06:31Z,886032718e05487be8bd75bb14464814044c7edd7f9a2198304f6fb4,60.16629,24.95957,00000000fb7600be,17.4
11481,2019-08-04T11:06:31Z,8a01cc1ef99f9ea16785412c604aa6bb2750299d67ea94214401d645,60.16762,24.95415,000000006b44cce7,9.12
11482,2019-08-04T11:06:31Z,8a7f5012c000c420f0a336a3988c72cf2b373818f4f3f369e994d8e4,60.16829,24.94214,00000000afef4555,20.28
11483,2019-08-04T11:06:31Z,8bffe034066821502092859341756212a0dcb6b2c605852c0c40fdeb,60.16762,24.95415,000000006b44cce7,5.91
11484,2019-08-04T11:06:31Z,8c4e4851db86ec4a3ce29a58be770eb29c38b9a983351bb67d781982,60.16897,24.95222,00000000aa852af1,17.4
11485,2019-08-04T11:06:31Z,8ca6cbf91a04db796810f40ee019369f331d79472e4acd09f75cbac8,60.16829,24.94214,00000000afef4555,23.56
11486,2019-08-04T11:06:31Z,8dae8c39d58b18df713713239222f2d512c9e912893f774a8db6a124,60.16629,24.95957,00000000fb7600be,31.5
11487,2019-08-04T11:06:31Z,8e32f03aa51152a06255173f7dc5aaa2c75cef6f6aa829bd51fea777,60.16762,24.95415,000000006b44cce7,9.12
11488,2019-08-04T11:06:31Z,8ee30fda8736b8e18a2cdb754676659240bc520a57727b9635630f22,60.1538,24.95595,0000000038bf9618,27.28
11489,2019-08-04T11:06:31Z,8f3d9ab893ae4a48fd3417f3a749c21e792779990ae0ad75a8f211de,60.1538,24.95595,0000000038bf9618,25.36
11490,2019-08-04T11:06:31Z,8f7fec0a4f5d4eb0710dd40c356e0c82dbd9360772fade341a50ba37,60.14699,24.922,00000000a53ed894,27.28
11491,2019-08-04T11:06:31Z,8f998d0e47a5fb2e84c8dcffb4a33ca4adeaf8db93423df171988c1e,60.16629,24.95957,00000000fb7600be,20.28
11492,2019-08-04T11:06:31Z,90b12d2b9898702fd62b343512e0d53796ae38decdf704e203a0cc39,60.16829,24.94214,00000000afef4555,12.69
11493,2019-08-04T11:06:31Z,91602a694bc74a2874ba7f02a7bae062a3a77cd869b86a74800415b8,60.17918,24.95141,00000000675d5200,14.89
11494,2019-08-04T11:06:31Z,92df20d921f76c63470e3f5afbe201d3ae15f5133f66c291db796082,60.16629,24.95957,00000000fb7600be,9.92
11495,2019-08-04T11:06:31Z,93272ad17155ea9499641eda7c5560691582116096278b82738ab21e,60.14699,24.922,00000000a53ed894,12.69
11496,2019-08-04T11:06:31Z,934bab75e2a2354910288b01c44fdfda4a87f92ac010109f641b3122,60.14699,24.922,00000000a53ed894,20.28
11497,2019-08-04T11:06:31Z,94ac9d6e79236013b9fa24e1c52123819228f6962b5952637ca80fcb,60.16762,24.95415,000000006b44cce7,7.69
11498,2019-08-04T11:06:31Z,951482f3e2e41b496e34885c346c4a7ab09427178119caa9b8bbcbb6,60.14947,24.91438,000000004ef3150d,13.75
11499,2019-08-04T11:06:31Z,9558753228fb3007f59382a0595018488e2e7430248f8824a5badb80,60.1638,24.96846,00000000d747f075,17.4
11500,2019-08-04T11:06:31Z,97490f522f1a0226c8f7e8ed7bca08dd71b63d80b46d38020127b868,60.14699,24.922,00000000a53ed894,13.75
11501,2019-08-04T11:06:31Z,998a30ee5f5ff6d2bc9ed04420591e525ded59ad66d09eefa240cc8e,60.16762,24.95415,000000006b44cce7,14.89
11502,2019-08-04T11:06:31Z,998ac46ad73c197bab1f36dca67d8bcaa3aca92249185a5e3715043f,60.17065,24.93641,000000000f4919c9,17.4
11503,2019-08-04T11:06:31Z,9a49d0b5a67fba15ce8971503f6fea88994b33487a842397c5e8564f,60.16762,24.95415,000000006b44cce7,4.11
11504,2019-08-04T11:06:31Z,9aa588cb6f425117e45726b6b9adb7ef86c8f7c8113b547dc61f068a,60.16897,24.95222,00000000aa852af1,18.79
11505,2019-08-04T11:06:31Z,9af5161d635984285f0d259f202fe80516d5258255b979b9910afe05,60.16762,24.95415,000000006b44cce7,20.28
11506,2019-08-04T11:06:31Z,9b4b0705e58750d2bcbd71ad65d85677f7e77db5dfe69d1a70b5d31f,60.17919,24.95181,000000007b5207b6,14.89
11507,2019-08-04T11:06:31Z,9bef562c292174f1eb3933116effff74a8733a78e5c1df140de3fd6c,60.17919,24.95181,000000007b5207b6,5.41
11508,2019-08-04T11:06:31Z,9eb1e9bfdceb76ef852f89ebd82139602125f9731b791465e1c21f81,60.16829,24.94214,00000000afef4555,11.7
11509,2019-08-04T11:06:31Z,9f1920350685b4cb747c535ba3c3dc1cb29587668bd507ab96e5692f,60.16629,24.95957,00000000fb7600be,23.56
11510,2019-08-04T11:06:31Z,a066e2044b486819fe2185765f63ed87f8d10c502f26a01be1f1a758,60.149,24.9843,00000000fffb8cf0,23.56
11511,2019-08-04T11:06:31Z,a0ec1a8d581f94e640a6858a674699d2464ec065e6faea9d4ce2a13b,60.16762,24.95415,000000006b44cce7,9.12
11512,2019-08-04T11:06:31Z,a1439b6683d0598c7a05080c3693a17c198f7b8c3297c77324ef4859,60.16829,24.94214,00000000afef4555,13.75
11513,2019-08-04T11:06:31Z,a20a11944d9440f1f8e4ea6262408f673f2a8380c4e13dda1a073d8d,60.16897,24.95222,00000000aa852af1,23.56
11514,2019-08-04T11:06:31Z,a25b897b52089b243421b68349d3f15e60ce8249d11c889a4626bfc7,60.18203,24.91341,00000000342570c2,25.36
11515,2019-08-04T11:06:31Z,a2f0adf51cb9d2a5417cc0797183513a8bbcecfbc717a1b63e42027d,60.16762,24.95415,000000006b44cce7,4.94
11516,2019-08-04T11:06:31Z,a30740fbf4b7e21f6fe2996e9325c90936de161cb2165e87cd96fd35,60.149,24.9843,00000000fffb8cf0,7.69
11517,2019-08-04T11:06:31Z,a44eda7b8ec58e1cd7c078a73c4da7fb0037d59453aa6bfe69b7cbdd,60.16762,24.95415,000000006b44cce7,3.4
11518,2019-08-04T11:06:31Z,a50e0bb8fd1ad4ad264c3246b210a0c6285faae591c1bd2c2c3458af,60.16829,24.94214,00000000afef4555,11.7
11519,2019-08-04T11:06:31Z,a5835ce352a1e6d8fb6bdc410fae1076c756f7dac8e202465add9277,60.16762,24.95415,000000006b44cce7,5.91
11520,2019-08-04T11:06:31Z,a5d632ac8ffc19a626de034d3c9444fd262ee6edada285c816ea9266,60.16531,24.9442,00000000fdda10fe,5.91
11521,2019-08-04T11:06:31Z,a5f038c127ca4872294d7de2b08e334af618534637cc64bf42a6438d,60.17002,24.94407,000000006b087f40,27.28
11522,2019-08-04T11:06:31Z,a6ad4305e4e49cc67b63665ffb182e72c67646f3554a9aedcd188b67,60.16829,24.94214,00000000afef4555,20.28
11523,2019-08-04T11:06:31Z,a81c19fb85eebf853246cdc4d8e38245dfa5ba15c180eaa1bcc0378d,60.16829,24.94214,00000000afef4555,17.4
11524,2019-08-04T11:06:31Z,a81d896d6750a98012ad8c51dc9d7d951d527ce040da073eb619b938,60.173,24.92524,0000000096918cfa,25.36
11525,2019-08-04T11:06:31Z,a98fc06dc605583814a2aa182295b88f81657ef2daeee7aaec792e7c,60.16762,24.95415,000000006b44cce7,4.11
11526,2019-08-04T11:06:31Z,aa4547c0b6b8be30776e08d524ceeacfbc9930ad720e11fa4cb20882,60.16531,24.9442,00000000fdda10fe,1.7
11527,2019-08-04T11:06:31Z,aa45859d6157e9e86470ec8b81957acc35bafb1b7f419d79357a38cf,60.16829,24.94214,00000000afef4555,7.69
11528,2019-08-04T11:06:31Z,aaabd3028e2bd9f8b0e3a929c8728cb364551bd70da3208662b12033,60.16762,24.95415,000000006b44cce7,16.1
11529,2019-08-04T11:06:31Z,ab1377ddf669bb806f8db586f4ce5ab9f0f4257dda61fe800d8509f5,60.17065,24.93641,000000000f4919c9,12.69
11530,2019-08-04T11:06:31Z,ab9310807d2eb4984b053d38f467cb5d3e4211ff71ceb059480cf9ba,60.16829,24.94214,00000000afef4555,18.79
11531,2019-08-04T11:06:31Z,ac5c7e04b55d6d70659e5b8f4705309b9367c78a0edb7ce85f42c181,60.1538,24.95595,0000000038bf9618,23.56
11532,2019-08-04T11:06:31Z,add92af5006cee56f2da79112486b97d5a7c06f12252676b7638064d,60.16762,24.95415,000000006b44cce7,8.38
11533,2019-08-04T11:06:31Z,addc60a477245c1c33e3a627145e2a2971adf755bfcf8aef4c8c0f88,60.16897,24.95222,00000000aa852af1,20.28
11534,2019-08-04T11:06:31Z,adf3914eaf1478a77ba35ea49262388e4babe633207748c7608b8780,60.16762,24.95415,000000006b44cce7,10.78
11535,2019-08-04T11:06:31Z,ae3cda5066e455d4b1e58860e8fb7a35efad69b9964a676b476b0687,60.14947,24.91438,000000004ef3150d,2.8
11536,2019-08-04T11:06:31Z,b2298fc6f63c02481610f9aef24f1a0c1711c255adc43c0fe135c1ca,60.14947,24.91438,000000004ef3150d,6.46
11537,2019-08-04T11:06:31Z,b26d0daac9f8fb84484cbd8ed668aeb6751e848b1c533a307d163360,60.16762,24.95415,000000006b44cce7,6.46
11538,2019-08-04T11:06:31Z,b4c8900041e9f8751755d3940ceac58419e6370cd81cdb90d7800de1,60.14699,24.922,00000000a53ed894,20.28
11539,2019-08-04T11:06:31Z,b5cdbcdc30e0bf653ce353c867708b0067db5e394c8cbe848d978a77,60.14699,24.922,00000000a53ed894,25.36
11540,2019-08-04T11:06:31Z,b601cd655bb9f05aa6ec86fc9eb9300c3bc20bc0e856e94ad168a257,60.14947,24.91438,000000004ef3150d,10.78
11541,2019-08-04T11:06:31Z,b68ee9d08dcd32b04a57eb2ff3d2582eff2a1332cddf4e8ed4e97f0c,60.17002,24.94407,000000006b087f40,18.79
11542,2019-08-04T11:06:31Z,b81a9bf449d3e64ad0181804598330bbf305f384b888935023742c79,60.173,24.92524,0000000096918cfa,20.28
11543,2019-08-04T11:06:31Z,b9447a524f5b5bf98585b27b92195b09869ee9cd9da3cf8d2b59c57d,60.16829,24.94214,00000000afef4555,29.32
11544,2019-08-04T11:06:31Z,ba288a5fd2befbc9ed08e7876ad7cb2bd8bfe6f5756d2ffe8e2dc558,60.17002,24.94407,000000006b087f40,4.94
11545,2019-08-04T11:06:31Z,bbf7d8b9085ddcd3b94f55f93b52cb40a251c44f5df4099ba5b61471,60.16829,24.94214,00000000afef4555,5.41
11546,2019-08-04T11:06:31Z,bc07df8cc395f6f4f5d483b2233caca5f93a6918f346e4cc3702f8cc,60.16531,24.9442,00000000fdda10fe,17.4
11547,2019-08-04T11:06:31Z,bdc8bd416444be70683b3475302093428e4abe14284e9579617fe8ea,60.1638,24.96846,00000000d747f075,27.28
11548,2019-08-04T11:06:31Z,bf9ce5791ac57b111f0539859dbf4cadf8b08bde9d823abe44169ccd,60.16762,24.95415,000000006b44cce7,14.89
11549,2019-08-04T11:06:31Z,c012e9e2caf1002d24e53817bb1279becdfc4aa9dba085e93ddd88e9,60.17002,24.94407,000000006b087f40,20.28
11550,2019-08-04T11:06:31Z,c0a0ca3433586ed2ae0e448f2406fabac7292ac79d49562e0bd5cef8,60.16762,24.95415,000000006b44cce7,13.75
11551,2019-08-04T11:06:31Z,c190b2b98438e2e79fb5d2add3c063bbf98d30d208518a2fd9296add,60.16762,24.95415,000000006b44cce7,9.92
11552,2019-08-04T11:06:31Z,c239e27b985c23449b6aa84b78560b1b4e535975f3ba059d7987efe4,60.16762,24.95415,000000006b44cce7,17.4
11553,2019-08-04T11:06:31Z,c27fee8ae8d689338b043608280c83cfa6f3276d3837ecea5f742dc3,60.16762,24.95415,000000006b44cce7,6.46
11554,2019-08-04T11:06:31Z,c2cc33e5b1b8d254d4bcbc0ffa13c9200676a39a191cc31a38d28d8d,60.17065,24.93641,000000000f4919c9,27.28
11555,2019-08-04T11:06:31Z,c2d88bc74172eb47d26ee5d739980baa7fc011b9973f9f18b482aa81,60.17065,24.93641,000000000f4919c9,5.91
11556,2019-08-04T11:06:31Z,c2e135ad2c160277e290705658ac41d7cd35b11ebf61d829fdd0b428,60.14699,24.922,00000000a53ed894,10.78
11557,2019-08-04T11:06:31Z,c45e3c4e8ec0fc85457d3b4ed4c49ed0116b4cf447e2983f353abcd8,60.16829,24.94214,00000000afef4555,3.4
11558,2019-08-04T11:06:31Z,c55894159f2080031cda702c78ee54463c3c15ab1b3638afdf687f08,60.16531,24.9442,00000000fdda10fe,5.91
11559,2019-08-04T11:06:31Z,c579eba896de95131c4cbe66bafd0f641be628aa2ff8f8a4d1f16691,60.16762,24.95415,000000006b44cce7,13.75
11560,2019-08-04T11:06:31Z,c6b0ea433c3fdc73e0bac7e3faa2690506c4e8ec7fc54210446a7ffa,60.14947,24.91438,000000004ef3150d,20.28
11561,2019-08-04T11:06:31Z,c739921adb150c53f1887c6ce887adc6cd7ae7e35e69f6e4dc52fe81,60.173,24.92524,0000000096918cfa,21.87
11562,2019-08-04T11:06:31Z,c7ced11121537f55bcd7d7ab67312226dafe7c85320c5357a35d5ab7,60.17002,24.94407,000000006b087f40,17.4
11563,2019-08-04T11:06:31Z,c990a15d27cfc21e63b7c96b95949254f1194e8b27118386a589e2bd,60.16897,24.95222,00000000aa852af1,14.89
11564,2019-08-04T11:06:31Z,ca38047e041c74bc9e84aa4687e19233b85cdc213ac43164f9ab322b,60.16762,24.95415,000000006b44cce7,16.1
11565,2019-08-04T11:06:31Z,cb835fd4fac726f1e4267acd6118f57b62a0444d69f948745a601682,60.16762,24.95415,000000006b44cce7,14.89
11566,2019-08-04T11:06:31Z,cd7d0e9404c9f4e8fab0742460b9acb4d5bbb97f44df80d4a8b973cd,60.17002,24.94407,000000006b087f40,20.28
11567,2019-08-04T11:06:31Z,cddbfc3b0a1459f0ea8d553779cf320d512cac6e64976182f2f0b3b7,60.16829,24.94214,00000000afef4555,20.28
11568,2019-08-04T11:06:31Z,d04b5065ec93818b731141027d11e6a1cf53de69b9737d7aea0c34da,60.14947,24.91438,000000004ef3150d,9.12
11569,2019-08-04T11:06:31Z,d162ad46250f7d87af446db22df4aa6b2eb2bf22f83beca34e857743,60.16762,24.95415,000000006b44cce7,4.94
11570,2019-08-04T11:06:31Z,d20f68571773330f7b6490b006b2e952c9912b4ee05e20f0fc434698,60.16629,24.95957,00000000fb7600be,18.79
11571,2019-08-04T11:06:31Z,d25e926dba8aa2c77f46ada32671b08b1176455c0e3693d160b87744,60.16762,24.95415,000000006b44cce7,10.78
11572,2019-08-04T11:06:31Z,d2e3bf982b10b2079eaa464127a286409c5030b21ffe9a2ce08bbb9c,60.16762,24.95415,000000006b44cce7,7.69
11573,2019-08-04T11:06:31Z,d2fd0c6415d2d8e49fef3415fb8747b524191b4400a4fbb66428cb12,60.14699,24.922,00000000a53ed894,11.7
11574,2019-08-04T11:06:31Z,d3910de7df50d93311da3c44a80ec2a60325db1914938b1bcd3c047c,60.16762,24.95415,000000006b44cce7,13.75
11575,2019-08-04T11:06:31Z,d68f1946805ba3d30f9ba25280986fbe003f3b5dce7245b633e0cb5c,60.16762,24.95415,000000006b44cce7,9.12
11576,2019-08-04T11:06:31Z,d6a8c97f1ec18c7a90d3beae358bad67f8d53626258a852e15b08c5d,60.14699,24.922,00000000a53ed894,16.1
11577,2019-08-04T11:06:31Z,d71a315bac918f9a18fcd820731e6d9eb54fb0d01c324ca088ef8858,60.149,24.9843,00000000fffb8cf0,16.1
11578,2019-08-04T11:06:31Z,d79a5330748b0a060acd4098b181332f368b9ade11164b81f36c9cf6,60.16629,24.95957,00000000fb7600be,31.5
11579,2019-08-04T11:06:31Z,d86f155736e4d36de5d33bdbb3b12b717b75de44852b93419af20945,60.16829,24.94214,00000000afef4555,8.38
11580,2019-08-04T11:06:31Z,d8b9a851baeda04df9e9f2a188d41bbefa11fa2e757a54f8c81ddbe0,60.1538,24.95595,0000000038bf9618,29.32
11581,2019-08-04T11:06:31Z,d9fe99c157052fce3b37f5128399fac7b857e756ffa220d8bebe5467,60.16629,24.95957,00000000fb7600be,27.28
11582,2019-08-04T11:06:31Z,da2398acaae7f39c7b80c220d4e6917bdc7655f4c71b6e36d06cb859,60.18203,24.91341,00000000342570c2,21.87
11583,2019-08-04T11:06:31Z,db4d3f81708de827ce30c4130610fd65b4d6d451ca5cf6b0c4e745d9,60.16829,24.94214,00000000afef4555,23.56
11584,2019-08-04T11:06:31Z,dc816e92e4a2eceea03f41fc379fda0e3d57b5d0fbd9a06430432022,60.16762,24.95415,000000006b44cce7,5.91
11585,2019-08-04T11:06:31Z,dc82f9648bb5ba21e766e0923f5fa7ca2d77662ab0edbe22a3d95631,60.14699,24.922,00000000a53ed894,13.75
11586,2019-08-04T11:06:31Z,dcb8f3c3c5136c4abc8757fcb34fedc553ea044b0928f945d89334d5,60.16762,24.95415,000000006b44cce7,12.69
11587,2019-08-04T11:06:31Z,ddd0e663eb31ac94858d2a4e9af5e4782781e88c92102042190e6fcf,60.14699,24.922,00000000a53ed894,10.78
11588,2019-08-04T11:06:31Z,de48adf9d49eb3bc1d61dea4047618f6c77086fc44bd2b535d56504d,60.16762,24.95415,000000006b44cce7,7.05
11589,2019-08-04T11:06:31Z,de71e27b55ef6f2f51f05838a2fcab596f1dd93a14ece5ce4548f5c7,60.14699,24.922,00000000a53ed894,10.78
11590,2019-08-04T11:06:31Z,e081e4b3252ca91bbf1cbb70faa116d60317fbf3a991a67bc99b4bfa,60.149,24.9843,00000000fffb8cf0,10.78
11591,2019-08-04T11:06:31Z,e0859a9c906151023376d86762070f38ba1b3859e671531b0edac6cd,60.16075,24.95883,00000000f1124bca,29.32
11592,2019-08-04T11:06:31Z,e0d7e8b332ca8514428ab10acf6d3a6b777da62ff8ea3e18d9b32989,60.16762,24.95415,000000006b44cce7,13.75
11593,2019-08-04T11:06:31Z,e0f396cc2b1da411f0b5e36bf3102ea32378a0d38e6b153d3b303bb4,60.16762,24.95415,000000006b44cce7,14.89
11594,2019-08-04T11:06:31Z,e1da87aea335bcd04e4c876158b96ebc7ba4206bc216c3aa27a2f4af,60.17919,24.95181,000000007b5207b6,5.91
11595,2019-08-04T11:06:31Z,e26862fdcdd4688d81b8fe05d1ac94c5f9b3192ddc50d4c66ad12cc1,60.16897,24.95222,00000000aa852af1,11.7
11596,2019-08-04T11:06:31Z,e29168791ccd18013b58845430388cc5aac537e7e1c618aeb78900a8,60.16897,24.95222,00000000aa852af1,20.28
11597,2019-08-04T11:06:31Z,e305610124e16ed1411a221b29ce69a076cc47982efd6c098b0599ab,60.14947,24.91438,000000004ef3150d,7.69
11598,2019-08-04T11:06:31Z,e32e078697e70d6e3cb4b156ada3a4756315227b125615d7b5c116a7,60.16762,24.95415,000000006b44cce7,8.38
11599,2019-08-04T11:06:31Z,e44d7228cecbdb2474e1cc396a6c13943f09c08c19d0ffab1997d509,60.17919,24.95181,000000007b5207b6,16.1
11600,2019-08-04T11:06:31Z,e53a901aed874016e1cd1ed3e9b2891fca850986cb2fa04f5162cf52,60.16762,24.95415,000000006b44cce7,3.09
11601,2019-08-04T11:06:31Z,e557e164cd52fd817b02cad6587a294d72b0974d9b014ad69ea5e08e,60.17919,24.95181,000000007b5207b6,16.1
11602,2019-08-04T11:06:31Z,e568360cebcddeb30a1d066a2f6a2326ac927004214bd11337d804e5,60.16762,24.95415,000000006b44cce7,14.89
11603,2019-08-04T11:06:31Z,e5928057da667903de0b6c1245e1f58273dd85d63d8af0f4eaa771de,60.16762,24.95415,000000006b44cce7,7.69
11604,2019-08-04T11:06:31Z,e5b9b4813c081a31fb498e7f9adb94918c267dfa125c63790c0d9488,60.149,24.9843,00000000fffb8cf0,3.4
11605,2019-08-04T11:06:31Z,e5e14952bf5e52bf1349479a58c0a97d702585889650948d94767608,60.16448,24.97323,0000000053c6c2be,18.79
11606,2019-08-04T11:06:31Z,e7988d180194f352fcf752defa2a01904142bcbf71a9afba13cc7470,60.16897,24.95222,00000000aa852af1,17.4
11607,2019-08-04T11:06:31Z,e8530b87d248fb9f6f44200a9b5634e7517e8d6d835e921280db51fb,60.16897,24.95222,00000000aa852af1,33.81
11608,2019-08-04T11:06:31Z,e9d59e25b58f33f70aad6832863cb59d7485ca55a1575558f92b74e7,60.16897,24.95222,00000000aa852af1,6.46
11609,2019-08-04T11:06:31Z,eb261026c6f65b651ddf21bed629a1e164cfb500d0b78062704ec15c,60.16762,24.95415,000000006b44cce7,4.94
11610,2019-08-04T11:06:31Z,eb3dde73e84f5016b5545e9fa2e08d04257ebe448619783f90edcd23,60.16762,24.95415,000000006b44cce7,13.75
11611,2019-08-04T11:06:31Z,ec485175d2b7a2c53d03bf546aee134c116d998976601b069570c6f9,60.14699,24.922,00000000a53ed894,25.36
11612,2019-08-04T11:06:31Z,eca1a609c675d971fcfba4277d230ccdc2de7805c629b1f5da9cc224,60.173,24.92524,0000000096918cfa,23.56
11613,2019-08-04T11:06:31Z,ecb1735f180422ec69f041cd2782a26c9f07d27a87893b3c30aaa9b7,60.16075,24.95883,00000000f1124bca,3.74
11614,2019-08-04T11:06:31Z,ede13c9dc221bbc6c1daf78250fa6547303c06d7606c05ba0bf64547,60.17919,24.95181,000000007b5207b6,9.12
11615,2019-08-04T11:06:31Z,eea43687eab35d2c386347881796eb1c8279076b9e9642ebc2cd06ac,60.16762,24.95415,000000006b44cce7,4.94
11616,2019-08-04T11:06:31Z,ef15ff71b7dc4c2088249a4fca7e28900ae315245a7a3b4d571bf582,60.16829,24.94214,00000000afef4555,8.38
11617,2019-08-04T11:06:31Z,ef33ccdfcdb12920eabb3306e0f86dc7e6060a5d3864b03e2de7e1ef,60.16897,24.95222,00000000aa852af1,7.69
11618,2019-08-04T11:06:31Z,ef45fdc095ee55730384922266d8fce61de212d3c3df2441ea10e524,60.14947,24.91438,000000004ef3150d,8.38
11619,2019-08-04T11:06:31Z,ef5e495c5f9d3dd9eb22ed5b8faf1cc9e4225d4785ebb26a87d16fff,60.14699,24.922,00000000a53ed894,9.92
11620,2019-08-04T11:06:31Z,f110acae92fec55c6caca5de864773a6b99e5b8d6e2fdf8d1bdbc759,60.16762,24.95415,000000006b44cce7,3.74
11621,2019-08-04T11:06:31Z,f11c02cbebb4049a29f10d2ee6aac8a9ca3b7b9609a39d69463461a1,60.17065,24.93641,000000000f4919c9,20.28
11622,2019-08-04T11:06:31Z,f18044d5121de9a6aee20532d8b30324092688ee474def5d3e8fb80f,60.16762,24.95415,000000006b44cce7,17.4
11623,2019-08-04T11:06:31Z,f196f5f8c08299d290b3bac1944e00bb1f2c90594db66438b0c10e6e,60.16629,24.95957,00000000fb7600be,10.78
11624,2019-08-04T11:06:31Z,f2467c8ede6444941158701b7bd9d005beec9ffdb355ce2d8c7a9bfd,60.149,24.9843,00000000fffb8cf0,16.1
11625,2019-08-04T11:06:31Z,f43b8b2cf2c0bd291543858796d75b211d283ab73dcab5ad5dfd0aeb,60.16897,24.95222,00000000aa852af1,18.79
11626,2019-08-04T11:06:31Z,f4b9fc6acb673aea24fe00dfbe806b81fedab0c2ea82d781f7659ce5,60.16762,24.95415,000000006b44cce7,4.11
11627,2019-08-04T11:06:31Z,f5ffa3dbcdd5592ac31344cb04a7a6d639109a4d6e196fa0df3990dd,60.17065,24.93641,000000000f4919c9,27.28
11628,2019-08-04T11:06:31Z,f62b86ef56fa9417b0128f2fff6530aed6f2a50d3f65bbbfdcbbee59,60.16762,24.95415,000000006b44cce7,11.7
11629,2019-08-04T11:06:31Z,f78ef2ddbe48b534137498eab56c0a55ec0e0b1d8868e82cb5652a0e,60.14699,24.922,00000000a53ed894,10.78
11630,2019-08-04T11:06:31Z,f7be7d003528c0c0827040a3a3723e49406a5a7c86cb4bc568a830db,60.17002,24.94407,000000006b087f40,18.79
11631,2019-08-04T11:06:31Z,f9f42c3132515705c0013fb8e137897c93844d24acc22cb4ac9384a0,60.149,24.9843,00000000fffb8cf0,3.74
11632,2019-08-04T11:06:31Z,fa1579394f4980e1fe11248f7be4e646b601a3d8cdb9361f182d066c,60.16762,24.95415,000000006b44cce7,9.12
11633,2019-08-04T11:06:31Z,faee9c7cf21aa61809c94dd68268377841712fc4e488b094972b6a38,60.1538,24.95595,0000000038bf9618,41.64
11634,2019-08-04T11:06:31Z,fb197be4589e2d16cfe2899ae06282639009e64a5bff759f4a8a3e43,60.16629,24.95957,00000000fb7600be,13.75
11635,2019-08-04T11:06:31Z,fb37b263777ffcf7fe1fb6484821cae2b8beb03b5f5009109748dedb,60.16762,24.95415,000000006b44cce7,8.38
11636,2019-08-04T11:06:31Z,fbd28054e4a5478c8ca06f4d682405d1c59bef4853cad413ecb58d13,60.14699,24.922,00000000a53ed894,29.32
11637,2019-08-04T11:06:32Z,004c3624f943830bc6a9f17173a2cd0996622cade5184ad2b9fba729,60.16897,24.95222,00000000aa852af1,9.12
11638,2019-08-04T11:06:32Z,09ddbf38333e76a79fd836112bd8c3f8bf7f3dadfb3d49945ad4c486,60.16897,24.95222,00000000aa852af1,6.46
11639,2019-08-04T11:06:32Z,1142f5b6806b1ec7d8d47d47013eb530d8a7418f6934d8867b20966a,60.16829,24.94214,00000000afef4555,14.89
11640,2019-08-04T11:06:32Z,128f1b89d7a534aa206a7823b692594bbd4d349761baa04c0fc72f2c,60.14947,24.91438,000000004ef3150d,18.79
11641,2019-08-04T11:06:32Z,14c7e1511b70f4dd3359cbece1377aebb4d70531f5489eefe53d7c3c,60.16544,24.95398,0000000038d83d41,25.36
11642,2019-08-04T11:06:32Z,165ebbb4090d47319ae370f0d0854fdc1f6b79499f8b2e4d3c3533c0,60.16544,24.95398,0000000038d83d41,27.28
11643,2019-08-04T11:06:32Z,16c994bb2e24124a910c247376d16e980a65626a94c4c0aaab27df60,60.16829,24.94214,00000000afef4555,18.79
11644,2019-08-04T11:06:32Z,25a7ff811c3c06e426c7c2cbb0433d9a2a3399b23afecbd35584ab0f,60.18203,24.91341,00000000342570c2,11.7
11645,2019-08-04T11:06:32Z,269109af99b12861eeb19ab8698033d9c00895687da47af3f4310e9d,60.16762,24.95415,000000006b44cce7,10.78
11646,2019-08-04T11:06:32Z,2e4af02bc2421faac1f506a147ddb9b76076386be53415223aca4bde,60.16762,24.95415,000000006b44cce7,12.69
11647,2019-08-04T11:06:32Z,3b5cafe90982db26cf737b2e4cd4275276f6a031bca3b2a1f73023b2,60.14699,24.922,00000000a53ed894,13.75
11648,2019-08-04T11:06:32Z,3fe5f4ccfa5c777ceafda0674d7c9da6f509f6694b4c2fa254b32e73,60.16897,24.95222,00000000aa852af1,20.28
11649,2019-08-04T11:06:32Z,43b676ed3aef4c2d8846694817e76117873be52e7f788e0cb366c1c4,60.16629,24.95957,00000000fb7600be,25.36
11650,2019-08-04T11:06:32Z,5d65719c4cbf045f068d084b72302f447d5fd034413d97d13be00d0e,60.18203,24.91341,00000000342570c2,18.79
11651,2019-08-04T11:06:32Z,5eed115a984d490b02b602d73787aee8dc8c4e9365b77fbff3818a76,60.16629,24.95957,00000000fb7600be,18.79
11652,2019-08-04T11:06:32Z,66dabd3229229330d23c70e9e1737429ddfe69db01f4a6a00f70fa20,60.16762,24.95415,000000006b44cce7,18.79
11653,2019-08-04T11:06:32Z,69219e9efa41ae9e732653e9eaf08e1a34cb853a9dafe76ddeea4d04,60.16897,24.95222,00000000aa852af1,18.79
11654,2019-08-04T11:06:32Z,6a70e2fbced719333e21eff04fcb9cb36bae9a04d1a3d6ddd96f2c58,60.15432,24.9211,0000000019fb59c4,9.92
11655,2019-08-04T11:06:32Z,87dfaad29a9276ddddb1fa021d3bc23ad14824c1af16f7d87e713689,60.14951,24.92138,0000000006dd41f6,9.92
11656,2019-08-04T11:06:32Z,88808fe92573e9cdf022cc15b9689b6b4b9429f60513c8897b0ba4c7,60.16897,24.95222,00000000aa852af1,17.4
11657,2019-08-04T11:06:32Z,89982a6acf91b79a282a6b63978e946ee205f303fcd20e944e06baf0,60.16544,24.95398,0000000038d83d41,31.5
11658,2019-08-04T11:06:32Z,8c3b1ed0846e38cc84b863a80540c8a75bfd85c8bdda36563d153110,60.16544,24.95398,0000000038d83d41,21.87
11659,2019-08-04T11:06:32Z,92a4351b20078e469332532ec495e838559c62590b166cce41762939,60.16897,24.95222,00000000aa852af1,27.28
11660,2019-08-04T11:06:32Z,9843c6216661048343a0e49cf3d8aa2883cf77f452666a1c873a1052,60.16448,24.97323,0000000053c6c2be,12.69
11661,2019-08-04T11:06:32Z,9992834418850939882f3b334eee492eb98d4f9d6d6118f9ee108793,60.16762,24.95415,000000006b44cce7,3.74
11662,2019-08-04T11:06:32Z,a13e5d46f0a2d1c6b58878e1b198905e9b14e3a85b5e4adab88b4b87,60.16762,24.95415,000000006b44cce7,12.69
11663,2019-08-04T11:06:32Z,b5fd6b317890e5ab2d79e2cd1abe61626d45a753c7337d0d40728898,60.16762,24.95415,000000006b44cce7,14.89
11664,2019-08-04T11:06:32Z,b936e41d8712ae967f3ebb413fc44f060bb10613f95537757886ede2,60.16762,24.95415,000000006b44cce7,11.7
11665,2019-08-04T11:06:32Z,bca443064699e0ac05c40e587aef06d7fd580817e739133a501490bc,60.14699,24.922,00000000a53ed894,18.79
11666,2019-08-04T11:06:32Z,bfcaefe93f7fcb6aad6e62e3da473a7b5b03a62db532dad02a7d3559,60.16762,24.95415,000000006b44cce7,13.75
11667,2019-08-04T11:06:32Z,c40c37def6bf11a63a2556519a7c6233fd417cdeea2cf14f28e7c42c,60.16531,24.9442,00000000fdda10fe,20.28
11668,2019-08-04T11:06:32Z,c97eb4181394121907d47b908495f54e5ee5145ff790f7a1dc21b3cf,60.16897,24.95222,00000000aa852af1,11.7
11669,2019-08-04T11:06:32Z,ca6927628f5ddda20036865c9345ad93d476d62ade3b181de568eed6,60.16897,24.95222,00000000aa852af1,25.36
11670,2019-08-04T11:06:32Z,cf05623e4d87ce0906c0b0b7dbf53aacc1228016cd27c341228b6e76,60.18203,24.91341,00000000342570c2,14.89
11671,2019-08-04T11:06:32Z,dbeb00942457ba3c5fb1984b57b1dedb268c0e761e80729b939f1fd8,60.16544,24.95398,0000000038d83d41,18.79
11672,2019-08-04T11:06:32Z,e224ae5ea47af2e3048f83b13a1f45dc135c0ca6be72547b01729086,60.1538,24.95595,0000000038bf9618,16.1
11673,2019-08-04T11:06:32Z,e8690c2d1711bc10f2d1251a3b5b1e770b98c66c384760400c604de1,60.16829,24.94214,00000000afef4555,20.28
11674,2019-08-04T11:06:32Z,ed70dda6b7faebd4340dacdb452ab224d9d3c308df417b7fa76f54e8,60.14951,24.92138,0000000006dd41f6,25.36
11675,2019-08-04T11:06:32Z,f088630d7476dae7d4b7e2bb1f10575f2c89acb4b6e061f3d57c2b40,60.16531,24.9442,00000000fdda10fe,27.28
11676,2019-08-04T11:06:32Z,f31cfded6f566f9c032c80c52ea642407be312c5d42521ab7a8d3e2a,60.16897,24.95222,00000000aa852af1,23.56
11677,2019-08-04T11:06:32Z,fc4f3a44235f1cfc7b53f14ba2da599976a5a0a220d23b852688e485,60.17919,24.95181,000000007b5207b6,12.69
11678,2019-08-04T11:06:32Z,0236a1d5b9b9d2249407a79705eee38de360ceb0530a8959ba5bc15b,60.149,24.9843,00000000fffb8cf0,20.28
11679,2019-08-04T11:06:32Z,02859795f210989e95cecea68a54de08be1fe5e153b3038eda00394e,60.16762,24.95415,000000006b44cce7,17.4
11680,2019-08-04T11:06:32Z,02a354db29cd5bc16976a9d933e03a41be350f9cc78098829a7dcfd4,60.14947,24.91438,000000004ef3150d,17.4
11681,2019-08-04T11:06:32Z,0656a0c0a353f164b57fbdd9e648d71fab429964d97ed07ab2c5dc30,60.18203,24.91341,00000000342570c2,23.56
11682,2019-08-04T11:06:32Z,07505f028a552fd4183a9d7a436db18ae89a2dfeff0cdea93dcbe920,60.16762,24.95415,000000006b44cce7,10.78
11683,2019-08-04T11:06:32Z,08b10b51864dc039f0a07c997e66e7a263ee1cde5b0b88b2a1178c58,60.16829,24.94214,00000000afef4555,10.78
11684,2019-08-04T11:06:32Z,096c3b0de1dab1407cd4d3330546404c0d62ce025924420496380f89,60.16762,24.95415,000000006b44cce7,7.05
11685,2019-08-04T11:06:32Z,0a949aafc0be15c68d73a5dd186d726aa6b921f44303a712ac6ddcb8,60.16762,24.95415,000000006b44cce7,6.46
11686,2019-08-04T11:06:32Z,0b49dcea1b7eab22f4ebd0c7666ded5b59fe092b8bdd4aa9eda6326d,60.16762,24.95415,000000006b44cce7,11.7
11687,2019-08-04T11:06:32Z,0c959027ce302054b09087cac97a83aa7e24fb9e4fa2710763f912cb,60.16829,24.94214,00000000afef4555,6.46
11688,2019-08-04T11:06:32Z,0d2490ed58c11eb4a754a30cc4bcb21c7243d322a2caf7cc360e4e8c,60.17065,24.93641,000000000f4919c9,18.79
11689,2019-08-04T11:06:32Z,0e113c5ed3abcdfb31d27c3125f6cf01e3b96e4ed7eca1aaea855f77,60.14947,24.91438,000000004ef3150d,10.78
11690,2019-08-04T11:06:32Z,0e1fac068e905121e354702292780affb6635905cc36872878ff79ce,60.17002,24.94407,000000006b087f40,29.32
11691,2019-08-04T11:06:32Z,116e59da308964e8eb82cb6e5a758aad726ec3800f0fa17bc661e8fe,60.16762,24.95415,000000006b44cce7,8.38
11692,2019-08-04T11:06:32Z,118cffafccf902fa0dea50f220191f4eb7938f02c841bd3952fa3484,60.16762,24.95415,000000006b44cce7,10.78
11693,2019-08-04T11:06:32Z,1327ce24f157334f864f913637993c80380ce5f5c911e4b0d31c5eb7,60.149,24.9843,00000000fffb8cf0,3.74
11694,2019-08-04T11:06:32Z,13b0a8ca1414d7b2b0e8d5f80069a5d26c6f62a68b58eda25a4b85f4,60.16829,24.94214,00000000afef4555,16.1
11695,2019-08-04T11:06:32Z,169c77f0d714e38eb1e798b14fa42ce3fefb0ec1d6f9e93a38a872f1,60.16762,24.95415,000000006b44cce7,12.69
11696,2019-08-04T11:06:32Z,182e58bd6c3c8d836225d454a878bc55d8ed5166564a22f8b635f6ff,60.14947,24.91438,000000004ef3150d,16.1
11697,2019-08-04T11:06:32Z,1921be9815a57f11f291ca085add7b4bf1d044518b03b725df7cf7d5,60.149,24.9843,00000000fffb8cf0,16.1
11698,2019-08-04T11:06:32Z,19db84758eba08a5f9bb56b0ff91d05286765c8e8dfa31bd0b2aaa1c,60.14947,24.91438,000000004ef3150d,18.79
11699,2019-08-04T11:06:32Z,1c38009e9b89bd8b0d6744bf54ebae9a8ad2dc2868cdfc3f2e399509,60.16829,24.94214,00000000afef4555,10.78
11700,2019-08-04T11:06:32Z,1c8c3befa38b65f707dd4933a68e5e3c9e7c82592fd382779127416b,60.16897,24.95222,00000000aa852af1,17.4
11701,2019-08-04T11:06:32Z,1cd41cce1f4ab7bd3267071cbc1fa4eb84eb8c65d29e84354010846d,60.16762,24.95415,000000006b44cce7,16.1
11702,2019-08-04T11:06:32Z,1ce242f8d8220cd38bf3ea9138c99ae9b2f79b28e68edb864f090ec9,60.149,24.9843,00000000fffb8cf0,7.05
11703,2019-08-04T11:06:32Z,1de509b10ed308796e82bb0f51f17f68e2fdfbcc3d6bed69c40eb7fd,60.173,24.92524,0000000096918cfa,33.81
11704,2019-08-04T11:06:32Z,1fa2c533bba37b249a0105001153733e67a559d40c22cab67f135f64,60.14947,24.91438,000000004ef3150d,5.41
11705,2019-08-04T11:06:32Z,227b93698b29687beea48184f42aab63a21fa362af7251be32db2e15,60.16531,24.9442,00000000fdda10fe,3.74
11706,2019-08-04T11:06:32Z,23b7c1b09dfbcbf722a4c48303dd0435cf9885a516d5eebb6538844f,60.16762,24.95415,000000006b44cce7,17.4
11707,2019-08-04T11:06:32Z,2535cb5c89ec66044a005b03dd769ca8d0022164a816c06db0e49892,60.16762,24.95415,000000006b44cce7,7.69
11708,2019-08-04T11:06:32Z,2671a156fa8d8bb05970481c8f83bcf9f261f73dae27f2bb9ac88aeb,60.14699,24.922,00000000a53ed894,13.75
11709,2019-08-04T11:06:32Z,2724e42551f43106ea58a8fcc6a43953baa1294cd65e17a90012f706,60.17065,24.93641,000000000f4919c9,1.01
11710,2019-08-04T11:06:32Z,28741c2e5e348fe81dec0518a21c0930c98a25b6fcece61a262d50de,60.14699,24.922,00000000a53ed894,14.89
11711,2019-08-04T11:06:32Z,296a0ffe230305a3d37818a0369b56c99dacdd5df5a161bf238e1084,60.16762,24.95415,000000006b44cce7,4.94
11712,2019-08-04T11:06:32Z,2977d3c4f181abb6662adf1d466a62167e2690a9c94dc53e5aa6a904,60.16762,24.95415,000000006b44cce7,10.78
11713,2019-08-04T11:06:32Z,29f5adc4d67413b7d368e8e94a41cf48339e3f5f0903f660170c4fe8,60.17919,24.95181,000000007b5207b6,12.69
11714,2019-08-04T11:06:32Z,2a334446463c0c30b6183affed3493e5b0fefc5fae3085991b3159ea,60.16829,24.94214,00000000afef4555,25.36
11715,2019-08-04T11:06:32Z,2a80aed2c40e7e70ca12152ac812abd79aa1d13efcec25a6d3395136,60.16762,24.95415,000000006b44cce7,4.94
11716,2019-08-04T11:06:32Z,2c85e4140ca0ba77c3598ceac05eb2c2342409ce8111c863fc58c606,60.16829,24.94214,00000000afef4555,8.38
11717,2019-08-04T11:06:32Z,2d0349a4148a147b05e00cd46c137dd208ba2a8ce9327b493615f1a6,60.16829,24.94214,00000000afef4555,17.4
11718,2019-08-04T11:06:32Z,2de87ef94604fb63bec05eefb71b6cdd0b9807f8551159c2a35e7259,60.17065,24.93641,000000000f4919c9,3.74
11719,2019-08-04T11:06:32Z,2e6e6f89a7d75f0742d016de203c9acc8d6f6bdeb7b56bd12f482653,60.15432,24.9211,0000000019fb59c4,18.79
11720,2019-08-04T11:06:32Z,2f83e4cad2d924faecb3def25f54727f3e612bc5040c493dd6eccb1d,60.16897,24.95222,00000000aa852af1,23.56
11721,2019-08-04T11:06:32Z,2fe2e4165984d7880628aec591ce4747f18947da70312e6afca2946b,60.14699,24.922,00000000a53ed894,10.78
11722,2019-08-04T11:06:32Z,303e51dd6e5cca35a9f9f76fbe8ef97bd64a9dc6b4e965b1f74ca279,60.14699,24.922,00000000a53ed894,11.7
11723,2019-08-04T11:06:32Z,30bee351808d5e8082ce012b57f5bc0efc80f8394491a182e0eeee32,60.17919,24.95181,000000007b5207b6,18.79
11724,2019-08-04T11:06:32Z,31659a798f1d780d587f07390c038a78fafa6cabb8180dba635863ce,60.17002,24.94407,000000006b087f40,20.28
11725,2019-08-04T11:06:32Z,33a5da4eacfc49fefa067790c9fada1a86d9793367ded845a46f0779,60.16829,24.94214,00000000afef4555,16.1
11726,2019-08-04T11:06:32Z,3417d8a6b53687e70f126ebeb1d26a2ff6369dc9a551c3c35c5a04f9,60.17002,24.94407,000000006b087f40,16.1
11727,2019-08-04T11:06:32Z,35f337dd3baf0bc08002ec007d609b685ac29bb2a8bcad6783532a6b,60.16829,24.94214,00000000afef4555,23.56
11728,2019-08-04T11:06:32Z,3670a148a52771f0ff5af161725f65b86873c09eea1a7697861c0438,60.14699,24.922,00000000a53ed894,16.1
11729,2019-08-04T11:06:32Z,374083907dd8980893623726af5633afd59b519c885ad12ba5c674eb,60.17002,24.94407,000000006b087f40,5.41
11730,2019-08-04T11:06:32Z,38561a086c97342a24583c26b33205da50e3e973a8147fe016a4a9ff,60.16829,24.94214,00000000afef4555,7.69
11731,2019-08-04T11:06:32Z,386dea4944e0b83648b4b6faf510fd47b0e9e29a2bb9311fe8a80ee2,60.17918,24.95141,00000000675d5200,7.69
11732,2019-08-04T11:06:32Z,38fe4d3136f12b444ebe10b0db89d752ecc9527c799d1dbb1a3f12e1,60.1538,24.95595,0000000038bf9618,29.32
11733,2019-08-04T11:06:32Z,39d87e6f6d7c2e802e8491b1b7e4a1357dd040cdd28dabae3138d99a,60.16629,24.95957,00000000fb7600be,21.87
11734,2019-08-04T11:06:32Z,3ac85712ab657e849113d439795c4e7325d1025cacdbd9a41174b031,60.17002,24.94407,000000006b087f40,23.56
11735,2019-08-04T11:06:32Z,3ac9d056b0f04f774b238a125eb996d46437f7a8c5f6ba6712e971cf,60.17919,24.95181,000000007b5207b6,21.87
11736,2019-08-04T11:06:32Z,3ae1d5a2268ac1af52ba8b54fb28f81c00fa05884af8b8ca5e7e0e9a,60.16762,24.95415,000000006b44cce7,17.4
11737,2019-08-04T11:06:32Z,3b355c039877bd4883845f3fc6ad8dd6f41f170274042f1397585680,60.149,24.9843,00000000fffb8cf0,13.75
11738,2019-08-04T11:06:32Z,3b5030adc7c303403a6333a1a6d35474c2f21c1d20ece72180660423,60.14947,24.91438,000000004ef3150d,12.69
11739,2019-08-04T11:06:32Z,3e36420df19c06796a79acdad84551653de9b0132cb0987329f75291,60.16897,24.95222,00000000aa852af1,16.1
11740,2019-08-04T11:06:32Z,3f5d3aed90718f7fb8e8a13ac7002718cc22cbe190beb96821ba52e6,60.17065,24.93641,000000000f4919c9,23.56
11741,2019-08-04T11:06:32Z,3f67c6713a6cca446a46616c9970c7a2ddffb03f21e10c8ea9b2f380,60.16897,24.95222,00000000aa852af1,11.7
11742,2019-08-04T11:06:32Z,3fde075082af3062c2bebc5e09ad55bda3de70b5f492bdfb21f284c9,60.173,24.92524,0000000096918cfa,17.4
11743,2019-08-04T11:06:32Z,3fe4e214448b0c9a8dfbee81c347d82a8f0b26859201fb1d77f40fa9,60.16762,24.95415,000000006b44cce7,13.75
11744,2019-08-04T11:06:32Z,418e60b0ee35b014e7a8a378f3491cf2333e2a022ba6ec632170228d,60.18203,24.91341,00000000342570c2,16.1
11745,2019-08-04T11:06:32Z,439ff6b8ff9dc79d47e223164a87fc2d620f29bc7ea1bc7ea4c5cc58,60.16897,24.95222,00000000aa852af1,17.4
11746,2019-08-04T11:06:32Z,4472fa277123afabdf2402fc2a3c5bff2be437e6d56b590278de70fc,60.17065,24.93641,000000000f4919c9,23.56
11747,2019-08-04T11:06:32Z,44cd8828dd4aa11ea599139af3d3aafbcd09ca0c2558f26ed1c72e17,60.14699,24.922,00000000a53ed894,13.75
11748,2019-08-04T11:06:32Z,44d01b24bde0f8031d7cf15bb66e661ad9bd92807f3213fabf920fa1,60.16762,24.95415,000000006b44cce7,13.75
11749,2019-08-04T11:06:32Z,4538bf4d0ca02f13fad76c46f7b34e72978c49b0cdfe4ea9fe151a50,60.16762,24.95415,000000006b44cce7,10.78
11750,2019-08-04T11:06:32Z,465eab28635efe98500085ceb161cf941d02272a0107fbbfb2203c29,60.16829,24.94214,00000000afef4555,18.79
11751,2019-08-04T11:06:32Z,46b576e18e757fc4ec008b41d3c28ec5415a2c2c2f143042e5413137,60.16762,24.95415,000000006b44cce7,9.12
11752,2019-08-04T11:06:32Z,46b81e0dd10fe05195c050bacd41d57feeca0e044b6b317ac22a8656,60.16762,24.95415,000000006b44cce7,9.92
11753,2019-08-04T11:06:32Z,474c1d4ef0fa3c491e44755d0374e003730bcfdbda15e3af17bd0aaa,60.14699,24.922,00000000a53ed894,20.28
11754,2019-08-04T11:06:32Z,47cd1dcac88434ffdc4b868e7f1d8d8a604700564bc83a7c0a3928be,60.16762,24.95415,000000006b44cce7,3.4
11755,2019-08-04T11:06:32Z,47f787c639f2eed345eb5dca409ffcd989850399a1ab781500dd6e82,60.17919,24.95181,000000007b5207b6,5.91
11756,2019-08-04T11:06:32Z,4800d49ec59e1cde34360defcce4c2a0c6a58919303c1fe6fdebceec,60.16762,24.95415,000000006b44cce7,17.4
11757,2019-08-04T11:06:32Z,4833b1ea4f519407574f5a838d93a39de28c756c5f53de7ee273b577,60.14947,24.91438,000000004ef3150d,6.46
11758,2019-08-04T11:06:32Z,49084ae4b6419be9e7bb0c9b1420142e07d6ac3c17c07c26895461ed,60.16829,24.94214,00000000afef4555,21.87
11759,2019-08-04T11:06:32Z,49d6f6bd5878bfac30a67fe92d1501b5b09cab38ab2b35b661902f0d,60.14947,24.91438,000000004ef3150d,21.87
11760,2019-08-04T11:06:32Z,4a54cbed9c373a4136f8851f3f5736eb2fadd5766d316eb5ebbdd231,60.17919,24.95181,000000007b5207b6,18.79
11761,2019-08-04T11:06:32Z,4a912b6c106b63933a8c9cc39598823bcb2c94d4b1cc8a5d55cb3972,60.16829,24.94214,00000000afef4555,16.1
11762,2019-08-04T11:06:32Z,4ae55b5046b30303930ee339fa9c70c922844d1bfe89a2e7180d53ad,60.16829,24.94214,00000000afef4555,18.79
11763,2019-08-04T11:06:32Z,4b5b3e8f2b484bc08b196c265f65c70151bd69f6263318eb29125db2,60.16829,24.94214,00000000afef4555,2.3
11764,2019-08-04T11:06:32Z,4cf634fc84e128c3b9bce07a4b726d136e18f0eea4229fdbb48f6db1,60.16897,24.95222,00000000aa852af1,10.78
11765,2019-08-04T11:06:32Z,4d31b0561dbfc9ef5acbd44ba92acb4ca7bad86b948634f005173ece,60.14699,24.922,00000000a53ed894,14.89
11766,2019-08-04T11:06:32Z,4d95977cc2761ce4ca31c2cb88c4f3340ef541d7131cd48f10378aac,60.16762,24.95415,000000006b44cce7,17.4
11767,2019-08-04T11:06:32Z,4f64a0a452cd28e15e79c60cbb361761817de946431b04ad87c6d513,60.16897,24.95222,00000000aa852af1,25.36
11768,2019-08-04T11:06:32Z,4fb520047f37fa983320c3e4508eb950a4b2340e6a52ed3034068a1a,60.149,24.9843,00000000fffb8cf0,31.5
11769,2019-08-04T11:06:32Z,4fb84ecf5d221439a3af3b68650b3b7dea1d1324213f3ea57669ead0,60.18203,24.91341,00000000342570c2,23.56
11770,2019-08-04T11:06:32Z,508ee0778f7d5571ac4aa05211272911339b293ff62069f14cd4aa0a,60.16897,24.95222,00000000aa852af1,18.79
11771,2019-08-04T11:06:32Z,51789c3026ccfe7e846e44fcd833d006941c2789b9693c77df5a7c98,60.16762,24.95415,000000006b44cce7,5.91
11772,2019-08-04T11:06:32Z,52daa31a2b3c1c07f78d96ebb4de3a965da5ef0a8035afbd0f7451fb,60.16531,24.9442,00000000fdda10fe,18.79
11773,2019-08-04T11:06:32Z,541f330d2ded03609f551d02b8149da9cd07ee36aeee630f8fc9de8c,60.14699,24.922,00000000a53ed894,18.79
11774,2019-08-04T11:06:32Z,542a405b620e6d166ecc5eadd979b3936d831cea3aa7b75316adb4ca,60.16897,24.95222,00000000aa852af1,20.28
11775,2019-08-04T11:06:32Z,54d53f276563f566e1cd61b100408412cf78b4fe9fcada830aa6e23b,60.14947,24.91438,000000004ef3150d,13.75
11776,2019-08-04T11:06:32Z,5518b2315c236d486c7a5a4fc27c44987672b2f9a0751ffdaa9cbf78,60.16829,24.94214,00000000afef4555,3.4
11777,2019-08-04T11:06:32Z,56101419005237b836e4ed14d91dfa6f9edc4c92b5fcb419943897bb,60.16762,24.95415,000000006b44cce7,7.05
11778,2019-08-04T11:06:32Z,56318cc7f3616fceec2564cbb1f6ca8b88ea861935a1ada93aafd7b0,60.16897,24.95222,00000000aa852af1,16.1
11779,2019-08-04T11:06:32Z,571934189bf349efb6f596e76c21612cf9b82ed44913090169936048,60.17065,24.93641,000000000f4919c9,13.75
11780,2019-08-04T11:06:32Z,584cb0b0cdd14e608c8b57c8aecc9826f9b40027e365e2438a444ea2,60.16762,24.95415,000000006b44cce7,12.69
11781,2019-08-04T11:06:32Z,586f70961bf72597ce00f89d3602178ecc6ac8838a8acec48bba7f9f,60.14699,24.922,00000000a53ed894,7.69
11782,2019-08-04T11:06:32Z,58ee8fd47328b1c696ec343920f2c0353d19a915924eb6f6f2638e56,60.16762,24.95415,000000006b44cce7,5.91
11783,2019-08-04T11:06:32Z,59b87e6921598d25b092b66e140328fa03c9f06fe4e697dd344f378a,60.17002,24.94407,000000006b087f40,21.87
11784,2019-08-04T11:06:32Z,5a730ea19664020323272509e5443616ea3f1cecd7b295e294be4ba7,60.14947,24.91438,000000004ef3150d,17.4
11785,2019-08-04T11:06:32Z,5a755f0653ee0e334448418099ed85023db0a9984c280cfbadd74160,60.173,24.92524,0000000096918cfa,20.28
11786,2019-08-04T11:06:32Z,5c404f374a48548bfe8b02859d12ae59c4ae608fae2139fd71ef51b1,60.16762,24.95415,000000006b44cce7,9.92
11787,2019-08-04T11:06:32Z,5d9aa6fcb0d81ceaa80ca13cc08a88138be517656646e0ba0942ce46,60.16897,24.95222,00000000aa852af1,14.89
11788,2019-08-04T11:06:32Z,5f5805a3ffd092506452c4d45ea8fc037ae23ea726f0b0809ca6ffde,60.16829,24.94214,00000000afef4555,13.75
11789,2019-08-04T11:06:32Z,6138e6ab3e1e74425af8945a6fcc294c1469a0b9c448b780bcf9d2e2,60.14699,24.922,00000000a53ed894,16.1
11790,2019-08-04T11:06:32Z,62e27092b58abcaf80564c408d0d4a7b821abaee92dc2f02ccb11e61,60.16762,24.95415,000000006b44cce7,5.91
11791,2019-08-04T11:06:32Z,64d10ef0926ecca987bad278990d966d8fac8775f03847d1f5a4a2f6,60.16762,24.95415,000000006b44cce7,16.1
11792,2019-08-04T11:06:32Z,658aacab016460cfc38879944e374640737b32d7291a40aed8b8845c,60.16897,24.95222,00000000aa852af1,18.79
11793,2019-08-04T11:06:32Z,66755836036c771e53ffd9d0dc09b8575231b53b80af22e868691a2a,60.14699,24.922,00000000a53ed894,4.94
11794,2019-08-04T11:06:32Z,67598a1e0a26360b38ffc4bd67aa05290556cdaea97554dfb9d8bdad,60.16762,24.95415,000000006b44cce7,11.7
11795,2019-08-04T11:06:32Z,69852d528034ea6fc746ed8942c32f1c90bc33a7a7317dfac3c9b1c1,60.14699,24.922,00000000a53ed894,7.05
11796,2019-08-04T11:06:32Z,69d8c906060e226ff0f0f7e78029575f2ee07ebec657a3b641419268,60.14699,24.922,00000000a53ed894,20.28
11797,2019-08-04T11:06:32Z,6ac1903c80e63433e4bc744dc0e801bff647117d38d3753fb9a6a4c1,60.173,24.92524,0000000096918cfa,13.75
11798,2019-08-04T11:06:32Z,6ac8fdd67b3dd11f0bae935f3a285880138382088238b97f511d3f12,60.16897,24.95222,00000000aa852af1,17.4
11799,2019-08-04T11:06:32Z,6b3836e78400caa9d7373678bf33faf8b137556c7ee47e73251c3e4a,60.14699,24.922,00000000a53ed894,20.28
11800,2019-08-04T11:06:32Z,6c637347d64659d1b29b0461397fccfbff09339872c14e32469fbd0f,60.16762,24.95415,000000006b44cce7,10.78
11801,2019-08-04T11:06:32Z,6c97da4ba9462e7fe786a472989dab23340d31809dd78d5617204da4,60.16829,24.94214,00000000afef4555,13.75
11802,2019-08-04T11:06:32Z,6e492dbc3f10157e7ff00826a839a97262ab36244ccc57b702a89999,60.16531,24.9442,00000000fdda10fe,5.91
11803,2019-08-04T11:06:32Z,6fe3f6ab1b2c39e28ff7099e891f9fab4be2f9708f8ecfd5bf80e8a5,60.17002,24.94407,000000006b087f40,23.56
11804,2019-08-04T11:06:32Z,714e80a1e3c0fee43e312f314b2faec47e582ee8dac47e4818dbc2f9,60.149,24.9843,00000000fffb8cf0,21.87
11805,2019-08-04T11:06:32Z,71516fc8349cfaf2b5c4ab80ade6078494d93d13e9953af15e5ced30,60.18203,24.91341,00000000342570c2,14.89
11806,2019-08-04T11:06:32Z,738973c9b5f9882f29075e47ca10e50ba3fb9883da779f41545175f4,60.17919,24.95181,000000007b5207b6,7.69
11807,2019-08-04T11:06:32Z,7552783317be1ef797980c3a9ee9c5967d4e7b32765f23c51ffda02d,60.16897,24.95222,00000000aa852af1,9.92
11808,2019-08-04T11:06:32Z,75d452cbba63995ad06213b577081e8db650c80b3a78060789a8e831,60.16762,24.95415,000000006b44cce7,5.91
11809,2019-08-04T11:06:32Z,77151c6e52e30ff4876e72ac530b637b000f21eadc8e6e346f81f0cc,60.173,24.92524,0000000096918cfa,27.28
11810,2019-08-04T11:06:32Z,7804799a34d94440ab3520238b9ab58a0466b4230cd360f0f2159075,60.16762,24.95415,000000006b44cce7,8.38
11811,2019-08-04T11:06:32Z,79773ee1ebdf8252053d8ffb326b77bb05a7cdb76041102e73d3767c,60.16762,24.95415,000000006b44cce7,11.7
11812,2019-08-04T11:06:32Z,79bde23c1a8980f93a65e14306f0d8ea89e164430d8b991e2bfee82e,60.16531,24.9442,00000000fdda10fe,14.89
11813,2019-08-04T11:06:32Z,79f6ceff0d0fc6687b4982c4d38a9ebb0a1056b6e0c448b1b9e79e8e,60.16897,24.95222,00000000aa852af1,27.28
11814,2019-08-04T11:06:32Z,7c55ecf165387948602e82b684a55be093691849fde2d96ad6574475,60.17065,24.93641,000000000f4919c9,25.36
11815,2019-08-04T11:06:32Z,7ddcdde2316659d0fa4b8597b86430e095ea0bc7f3564a9d05fc60f8,60.16897,24.95222,00000000aa852af1,9.92
11816,2019-08-04T11:06:32Z,7ea276abbe2f1bfd85b2493f7b4c801189e673c0b4dc987d2c8e30dc,60.14699,24.922,00000000a53ed894,16.1
11817,2019-08-04T11:06:32Z,7eefc5581c616491b78192b28b519ba727dc884a87bc06b8df1ea4f2,60.14699,24.922,00000000a53ed894,18.79
11818,2019-08-04T11:06:32Z,7f546f0776433ed1b76ea74186c0aad95eca5439e6cefda07922ef14,60.16762,24.95415,000000006b44cce7,9.12
11819,2019-08-04T11:06:32Z,822590bd49bcf7ed4de4f8389586915c343b29c4283ff8b90d7c1d39,60.17065,24.93641,000000000f4919c9,18.79
11820,2019-08-04T11:06:32Z,82ac749474448abac333d00869cb8b508872f86293913d95eae26a05,60.15432,24.9211,0000000019fb59c4,5.91
11821,2019-08-04T11:06:32Z,82cddd3b9f58762d36efe78da4e2722ee587cfdb3fdbc58b52673082,60.16629,24.95957,00000000fb7600be,16.1
11822,2019-08-04T11:06:32Z,830b30579029e60100b21741a9714012574776284e4fd859c0d8d3dd,60.16762,24.95415,000000006b44cce7,14.89
11823,2019-08-04T11:06:32Z,844b8ad6ebf530978d1139d527a681991f4d3eed6be5bc723f0b2192,60.16531,24.9442,00000000fdda10fe,1.7
11824,2019-08-04T11:06:32Z,849d6a476563b352092dcda35e816833b571b7f630e7ff8617d9b7da,60.16829,24.94214,00000000afef4555,31.5
11825,2019-08-04T11:06:32Z,87ea10367f1569e575dc4bc60f0f4238eafb52ba8a2cc8e5e4584232,60.16829,24.94214,00000000afef4555,9.92
11826,2019-08-04T11:06:32Z,87ee2ae24a1a0871184580c39a1c79955cbf954947f0ee24252c7302,60.18203,24.91341,00000000342570c2,27.28
11827,2019-08-04T11:06:32Z,87f4cf4baea8c5dfe1bc7812cc969574058bd4d2dda215192bcfc53f,60.14699,24.922,00000000a53ed894,3.09
11828,2019-08-04T11:06:32Z,886032718e05487be8bd75bb14464814044c7edd7f9a2198304f6fb4,60.16629,24.95957,00000000fb7600be,13.75
11829,2019-08-04T11:06:32Z,8966b9affc11601e73328cab5ccd07e7bdede147be6a2a23eb48cbfc,60.1638,24.96846,00000000d747f075,21.87
11830,2019-08-04T11:06:32Z,89df1daad350e46d526e113019214d2e1a19d8f48da761bb3583399b,60.16762,24.95415,000000006b44cce7,8.38
11831,2019-08-04T11:06:32Z,8a7f5012c000c420f0a336a3988c72cf2b373818f4f3f369e994d8e4,60.16829,24.94214,00000000afef4555,16.1
11832,2019-08-04T11:06:32Z,8c4e4851db86ec4a3ce29a58be770eb29c38b9a983351bb67d781982,60.16897,24.95222,00000000aa852af1,10.78
11833,2019-08-04T11:06:32Z,8f3d9ab893ae4a48fd3417f3a749c21e792779990ae0ad75a8f211de,60.1538,24.95595,0000000038bf9618,27.28
11834,2019-08-04T11:06:32Z,9076d80e9828efb679c61440c6dcc2fce4d90055e5fb084d00bb87fb,60.173,24.92524,0000000096918cfa,23.56
11835,2019-08-04T11:06:32Z,90a7a2779a546d0a67f676fbd33964bfec098cc7d3c6617a5c0f6b88,60.16762,24.95415,000000006b44cce7,9.12
11836,2019-08-04T11:06:32Z,90b12d2b9898702fd62b343512e0d53796ae38decdf704e203a0cc39,60.16829,24.94214,00000000afef4555,11.7
11837,2019-08-04T11:06:32Z,90d4c1afcc0181a5ecb35cd4d80abe243df7d8fdbaf563a138d0525c,60.16829,24.94214,00000000afef4555,27.28
11838,2019-08-04T11:06:32Z,91602a694bc74a2874ba7f02a7bae062a3a77cd869b86a74800415b8,60.17919,24.95181,000000007b5207b6,16.1
11839,2019-08-04T11:06:32Z,92df20d921f76c63470e3f5afbe201d3ae15f5133f66c291db796082,60.16629,24.95957,00000000fb7600be,14.89
11840,2019-08-04T11:06:32Z,94ac9d6e79236013b9fa24e1c52123819228f6962b5952637ca80fcb,60.16762,24.95415,000000006b44cce7,9.12
11841,2019-08-04T11:06:32Z,951482f3e2e41b496e34885c346c4a7ab09427178119caa9b8bbcbb6,60.14947,24.91438,000000004ef3150d,14.89
11842,2019-08-04T11:06:32Z,9558753228fb3007f59382a0595018488e2e7430248f8824a5badb80,60.1638,24.96846,00000000d747f075,25.36
11843,2019-08-04T11:06:32Z,9618703465df0acf2ccedcd7a519bb1146d94e8fb5b310c036a656f0,60.16762,24.95415,000000006b44cce7,14.89
11844,2019-08-04T11:06:32Z,97490f522f1a0226c8f7e8ed7bca08dd71b63d80b46d38020127b868,60.14699,24.922,00000000a53ed894,23.56
11845,2019-08-04T11:06:32Z,998a30ee5f5ff6d2bc9ed04420591e525ded59ad66d09eefa240cc8e,60.16762,24.95415,000000006b44cce7,10.78
11846,2019-08-04T11:06:32Z,998ac46ad73c197bab1f36dca67d8bcaa3aca92249185a5e3715043f,60.17065,24.93641,000000000f4919c9,12.69
11847,2019-08-04T11:06:32Z,9a49d0b5a67fba15ce8971503f6fea88994b33487a842397c5e8564f,60.16762,24.95415,000000006b44cce7,3.4
11848,2019-08-04T11:06:32Z,9aa588cb6f425117e45726b6b9adb7ef86c8f7c8113b547dc61f068a,60.16897,24.95222,00000000aa852af1,11.7
11849,2019-08-04T11:06:32Z,9b24f69458294d27d07a0169665965135fd02f4c953f85bcebf4ba87,60.16762,24.95415,000000006b44cce7,16.1
11850,2019-08-04T11:06:32Z,9b4b0705e58750d2bcbd71ad65d85677f7e77db5dfe69d1a70b5d31f,60.17919,24.95181,000000007b5207b6,13.75
11851,2019-08-04T11:06:32Z,9bc50d931d6c1678284177395958d15f05b45d60ae7bc09fe1e1694e,60.16762,24.95415,000000006b44cce7,13.75
11852,2019-08-04T11:06:32Z,9bc91538b73e0220fcf5cd07290c07d56f6f48d3ba0ba6b6b0876da9,60.17065,24.93641,000000000f4919c9,12.69
11853,2019-08-04T11:06:32Z,9bef562c292174f1eb3933116effff74a8733a78e5c1df140de3fd6c,60.17919,24.95181,000000007b5207b6,4.5
11854,2019-08-04T11:06:32Z,9c0b1d2c4c67c07e547e810a94efeaaa1187ae82977e03748470281c,60.16897,24.95222,00000000aa852af1,20.28
11855,2019-08-04T11:06:32Z,9ced7d70503ba24882b6e283fa95ce42e02c1a3618adeb448558c50c,60.16897,24.95222,00000000aa852af1,20.28
11856,2019-08-04T11:06:32Z,9eb1e9bfdceb76ef852f89ebd82139602125f9731b791465e1c21f81,60.16829,24.94214,00000000afef4555,12.69
11857,2019-08-04T11:06:32Z,a066e2044b486819fe2185765f63ed87f8d10c502f26a01be1f1a758,60.149,24.9843,00000000fffb8cf0,31.5
11858,2019-08-04T11:06:32Z,a0ec1a8d581f94e640a6858a674699d2464ec065e6faea9d4ce2a13b,60.16762,24.95415,000000006b44cce7,8.38
11859,2019-08-04T11:06:32Z,a1439b6683d0598c7a05080c3693a17c198f7b8c3297c77324ef4859,60.16829,24.94214,00000000afef4555,16.1
11860,2019-08-04T11:06:32Z,a20a11944d9440f1f8e4ea6262408f673f2a8380c4e13dda1a073d8d,60.16897,24.95222,00000000aa852af1,21.87
11861,2019-08-04T11:06:32Z,a25b897b52089b243421b68349d3f15e60ce8249d11c889a4626bfc7,60.18203,24.91341,00000000342570c2,31.5
11862,2019-08-04T11:06:32Z,a2f0adf51cb9d2a5417cc0797183513a8bbcecfbc717a1b63e42027d,60.16762,24.95415,000000006b44cce7,3.4
11863,2019-08-04T11:06:32Z,a30740fbf4b7e21f6fe2996e9325c90936de161cb2165e87cd96fd35,60.149,24.9843,00000000fffb8cf0,7.05
11864,2019-08-04T11:06:32Z,a3c1a4a58b9381c27b1d5076e0d8d72039afccfb0e58438a80247324,60.16762,24.95415,000000006b44cce7,3.74
11865,2019-08-04T11:06:32Z,a44eda7b8ec58e1cd7c078a73c4da7fb0037d59453aa6bfe69b7cbdd,60.16762,24.95415,000000006b44cce7,4.11
11866,2019-08-04T11:06:32Z,a51a9aab75637e56bef3effddc420dfcd95b8cbd85d95917aaac38d5,60.16762,24.95415,000000006b44cce7,14.89
11867,2019-08-04T11:06:32Z,a5d632ac8ffc19a626de034d3c9444fd262ee6edada285c816ea9266,60.16531,24.9442,00000000fdda10fe,5.41
11868,2019-08-04T11:06:32Z,a5f038c127ca4872294d7de2b08e334af618534637cc64bf42a6438d,60.17002,24.94407,000000006b087f40,27.28
11869,2019-08-04T11:06:32Z,a81c19fb85eebf853246cdc4d8e38245dfa5ba15c180eaa1bcc0378d,60.16829,24.94214,00000000afef4555,6.46
11870,2019-08-04T11:06:32Z,a98fc06dc605583814a2aa182295b88f81657ef2daeee7aaec792e7c,60.16762,24.95415,000000006b44cce7,3.74
11871,2019-08-04T11:06:32Z,aa4547c0b6b8be30776e08d524ceeacfbc9930ad720e11fa4cb20882,60.16531,24.9442,00000000fdda10fe,1.25
11872,2019-08-04T11:06:32Z,ab1377ddf669bb806f8db586f4ce5ab9f0f4257dda61fe800d8509f5,60.17065,24.93641,000000000f4919c9,17.4
11873,2019-08-04T11:06:32Z,ab9310807d2eb4984b053d38f467cb5d3e4211ff71ceb059480cf9ba,60.16829,24.94214,00000000afef4555,14.89
11874,2019-08-04T11:06:32Z,ac4679e3db131ec2ea8e1111c8aa0d71020cf8796ecb11f142478394,60.14947,24.91438,000000004ef3150d,9.12
11875,2019-08-04T11:06:32Z,ac5c7e04b55d6d70659e5b8f4705309b9367c78a0edb7ce85f42c181,60.1538,24.95595,0000000038bf9618,21.87
11876,2019-08-04T11:06:32Z,add92af5006cee56f2da79112486b97d5a7c06f12252676b7638064d,60.16762,24.95415,000000006b44cce7,8.38
11877,2019-08-04T11:06:32Z,ae2143f0fab3405d38da14312fd801d7d7524534cd3ffeadc631feb0,60.149,24.9843,00000000fffb8cf0,31.5
11878,2019-08-04T11:06:32Z,ae3cda5066e455d4b1e58860e8fb7a35efad69b9964a676b476b0687,60.14947,24.91438,000000004ef3150d,9.92
11879,2019-08-04T11:06:32Z,af05aef0d368766300bd97074ddaa3500a814ee758ad3ba0d221ed54,60.17065,24.93641,000000000f4919c9,27.28
11880,2019-08-04T11:06:32Z,b0d6202ccd1560eaf57c06931cb6466332e41068ad2963e515819015,60.17918,24.95141,00000000675d5200,20.28
11881,2019-08-04T11:06:32Z,b26d0daac9f8fb84484cbd8ed668aeb6751e848b1c533a307d163360,60.16762,24.95415,000000006b44cce7,4.94
11882,2019-08-04T11:06:32Z,b4c8900041e9f8751755d3940ceac58419e6370cd81cdb90d7800de1,60.14699,24.922,00000000a53ed894,20.28
11883,2019-08-04T11:06:32Z,b5cdbcdc30e0bf653ce353c867708b0067db5e394c8cbe848d978a77,60.14699,24.922,00000000a53ed894,11.7
11884,2019-08-04T11:06:32Z,b601cd655bb9f05aa6ec86fc9eb9300c3bc20bc0e856e94ad168a257,60.14947,24.91438,000000004ef3150d,7.69
11885,2019-08-04T11:06:32Z,b61c6a5634cffe7dead72d5f6730e8439bee6dd2286d9df8f3052e3c,60.16762,24.95415,000000006b44cce7,10.78
11886,2019-08-04T11:06:32Z,b68ee9d08dcd32b04a57eb2ff3d2582eff2a1332cddf4e8ed4e97f0c,60.17002,24.94407,000000006b087f40,20.28
11887,2019-08-04T11:06:32Z,b81a9bf449d3e64ad0181804598330bbf305f384b888935023742c79,60.173,24.92524,0000000096918cfa,20.28
11888,2019-08-04T11:06:32Z,b81e65168ea3278486b1c954ab229bc2eda3fe07098e824f05cd0ac4,60.149,24.9843,00000000fffb8cf0,25.36
11889,2019-08-04T11:06:32Z,b8f5834e6b992cf5568ae3153fb4b07e97b7f6dd01250851134c1824,60.149,24.9843,00000000fffb8cf0,25.36
11890,2019-08-04T11:06:32Z,b937531822c41bc03406f1880713f64de5a06a0a8711ef57fdf0ed20,60.16829,24.94214,00000000afef4555,31.5
11891,2019-08-04T11:06:32Z,b9447a524f5b5bf98585b27b92195b09869ee9cd9da3cf8d2b59c57d,60.16829,24.94214,00000000afef4555,20.28
11892,2019-08-04T11:06:32Z,ba288a5fd2befbc9ed08e7876ad7cb2bd8bfe6f5756d2ffe8e2dc558,60.17002,24.94407,000000006b087f40,10.78
11893,2019-08-04T11:06:32Z,bbf7d8b9085ddcd3b94f55f93b52cb40a251c44f5df4099ba5b61471,60.16829,24.94214,00000000afef4555,7.05
11894,2019-08-04T11:06:32Z,bc07df8cc395f6f4f5d483b2233caca5f93a6918f346e4cc3702f8cc,60.16531,24.9442,00000000fdda10fe,23.56
11895,2019-08-04T11:06:32Z,bdc8bd416444be70683b3475302093428e4abe14284e9579617fe8ea,60.1638,24.96846,00000000d747f075,29.32
11896,2019-08-04T11:06:32Z,c012e9e2caf1002d24e53817bb1279becdfc4aa9dba085e93ddd88e9,60.17002,24.94407,000000006b087f40,23.56
11897,2019-08-04T11:06:32Z,c0a0ca3433586ed2ae0e448f2406fabac7292ac79d49562e0bd5cef8,60.16762,24.95415,000000006b44cce7,14.89
11898,2019-08-04T11:06:32Z,c190b2b98438e2e79fb5d2add3c063bbf98d30d208518a2fd9296add,60.16762,24.95415,000000006b44cce7,11.7
11899,2019-08-04T11:06:32Z,c239e27b985c23449b6aa84b78560b1b4e535975f3ba059d7987efe4,60.16762,24.95415,000000006b44cce7,7.69
11900,2019-08-04T11:06:32Z,c2cc33e5b1b8d254d4bcbc0ffa13c9200676a39a191cc31a38d28d8d,60.17065,24.93641,000000000f4919c9,10.78
11901,2019-08-04T11:06:32Z,c2d88bc74172eb47d26ee5d739980baa7fc011b9973f9f18b482aa81,60.17065,24.93641,000000000f4919c9,6.46
11902,2019-08-04T11:06:32Z,c2e135ad2c160277e290705658ac41d7cd35b11ebf61d829fdd0b428,60.14699,24.922,00000000a53ed894,16.1
11903,2019-08-04T11:06:32Z,c3437d1b87bab7dfc1f5e420904074299a5e3c76f595b61e99522e33,60.14699,24.922,00000000a53ed894,33.81
11904,2019-08-04T11:06:32Z,c45e3c4e8ec0fc85457d3b4ed4c49ed0116b4cf447e2983f353abcd8,60.16829,24.94214,00000000afef4555,7.05
11905,2019-08-04T11:06:32Z,c55894159f2080031cda702c78ee54463c3c15ab1b3638afdf687f08,60.16531,24.9442,00000000fdda10fe,41.64
11906,2019-08-04T11:06:32Z,c579eba896de95131c4cbe66bafd0f641be628aa2ff8f8a4d1f16691,60.16762,24.95415,000000006b44cce7,17.4
11907,2019-08-04T11:06:32Z,c6b0ea433c3fdc73e0bac7e3faa2690506c4e8ec7fc54210446a7ffa,60.14947,24.91438,000000004ef3150d,14.89
11908,2019-08-04T11:06:32Z,c739921adb150c53f1887c6ce887adc6cd7ae7e35e69f6e4dc52fe81,60.173,24.92524,0000000096918cfa,17.4
11909,2019-08-04T11:06:32Z,c7ced11121537f55bcd7d7ab67312226dafe7c85320c5357a35d5ab7,60.17002,24.94407,000000006b087f40,31.5
11910,2019-08-04T11:06:32Z,c8348938d0ebafd342c966ca86c2bbd8e8e661471ae04ba49b5516d8,60.16762,24.95415,000000006b44cce7,9.92
11911,2019-08-04T11:06:32Z,c8f8a7a901c692af2aec8031d27f0b7efc946f113895771f87fefe1c,60.14947,24.91438,000000004ef3150d,31.5
11912,2019-08-04T11:06:32Z,cd7d0e9404c9f4e8fab0742460b9acb4d5bbb97f44df80d4a8b973cd,60.17002,24.94407,000000006b087f40,6.46
11913,2019-08-04T11:06:32Z,cddbfc3b0a1459f0ea8d553779cf320d512cac6e64976182f2f0b3b7,60.16829,24.94214,00000000afef4555,14.89
11914,2019-08-04T11:06:32Z,d04b5065ec93818b731141027d11e6a1cf53de69b9737d7aea0c34da,60.14947,24.91438,000000004ef3150d,12.69
11915,2019-08-04T11:06:32Z,d20f68571773330f7b6490b006b2e952c9912b4ee05e20f0fc434698,60.16629,24.95957,00000000fb7600be,20.28
11916,2019-08-04T11:06:32Z,d23d6afa580687749de352818db606b272b579b77c6009badb4aa4a6,60.16897,24.95222,00000000aa852af1,25.36
11917,2019-08-04T11:06:32Z,d25e926dba8aa2c77f46ada32671b08b1176455c0e3693d160b87744,60.16762,24.95415,000000006b44cce7,11.7
11918,2019-08-04T11:06:32Z,d3bad9334d128332fc483e10ef1b77c28e5a75ac55be4de71c6b2f9f,60.16829,24.94214,00000000afef4555,18.79
11919,2019-08-04T11:06:32Z,d68f1946805ba3d30f9ba25280986fbe003f3b5dce7245b633e0cb5c,60.16762,24.95415,000000006b44cce7,7.69
11920,2019-08-04T11:06:32Z,d6a8c97f1ec18c7a90d3beae358bad67f8d53626258a852e15b08c5d,60.14699,24.922,00000000a53ed894,7.05
11921,2019-08-04T11:06:32Z,d71a315bac918f9a18fcd820731e6d9eb54fb0d01c324ca088ef8858,60.149,24.9843,00000000fffb8cf0,23.56
11922,2019-08-04T11:06:32Z,d7b3daaab1b36d8d95f7672a0339b99b2a16483fc1c71c5177aeb948,60.16829,24.94214,00000000afef4555,23.56
11923,2019-08-04T11:06:32Z,d83c1c2d3a3876c948e277bace6d013eafc0c4e118958e138f8b1257,60.16448,24.97323,0000000053c6c2be,25.36
11924,2019-08-04T11:06:32Z,d86f155736e4d36de5d33bdbb3b12b717b75de44852b93419af20945,60.16829,24.94214,00000000afef4555,8.38
11925,2019-08-04T11:06:32Z,d9fe99c157052fce3b37f5128399fac7b857e756ffa220d8bebe5467,60.16629,24.95957,00000000fb7600be,31.5
11926,2019-08-04T11:06:32Z,da2398acaae7f39c7b80c220d4e6917bdc7655f4c71b6e36d06cb859,60.18203,24.91341,00000000342570c2,21.87
11927,2019-08-04T11:06:32Z,db4d3f81708de827ce30c4130610fd65b4d6d451ca5cf6b0c4e745d9,60.16829,24.94214,00000000afef4555,20.28
11928,2019-08-04T11:06:32Z,dc816e92e4a2eceea03f41fc379fda0e3d57b5d0fbd9a06430432022,60.16762,24.95415,000000006b44cce7,7.69
11929,2019-08-04T11:06:32Z,dc82f9648bb5ba21e766e0923f5fa7ca2d77662ab0edbe22a3d95631,60.14699,24.922,00000000a53ed894,10.78
11930,2019-08-04T11:06:32Z,dd8e0699822b1a8a3f8a91fcb10729f6f7cd0a4736f36dc60974c36e,60.16762,24.95415,000000006b44cce7,9.12
11931,2019-08-04T11:06:32Z,ddd0e663eb31ac94858d2a4e9af5e4782781e88c92102042190e6fcf,60.14699,24.922,00000000a53ed894,9.12
11932,2019-08-04T11:06:32Z,de48adf9d49eb3bc1d61dea4047618f6c77086fc44bd2b535d56504d,60.16762,24.95415,000000006b44cce7,4.94
11933,2019-08-04T11:06:32Z,e081e4b3252ca91bbf1cbb70faa116d60317fbf3a991a67bc99b4bfa,60.149,24.9843,00000000fffb8cf0,14.89
11934,2019-08-04T11:06:32Z,e0859a9c906151023376d86762070f38ba1b3859e671531b0edac6cd,60.16075,24.95883,00000000f1124bca,31.5
11935,2019-08-04T11:06:32Z,e0d7e8b332ca8514428ab10acf6d3a6b777da62ff8ea3e18d9b32989,60.16762,24.95415,000000006b44cce7,10.78
11936,2019-08-04T11:06:32Z,e1da87aea335bcd04e4c876158b96ebc7ba4206bc216c3aa27a2f4af,60.17919,24.95181,000000007b5207b6,7.05
11937,2019-08-04T11:06:32Z,e26862fdcdd4688d81b8fe05d1ac94c5f9b3192ddc50d4c66ad12cc1,60.16897,24.95222,00000000aa852af1,25.36
11938,2019-08-04T11:06:32Z,e29168791ccd18013b58845430388cc5aac537e7e1c618aeb78900a8,60.16897,24.95222,00000000aa852af1,14.89
11939,2019-08-04T11:06:32Z,e305610124e16ed1411a221b29ce69a076cc47982efd6c098b0599ab,60.14947,24.91438,000000004ef3150d,13.75
11940,2019-08-04T11:06:32Z,e32e078697e70d6e3cb4b156ada3a4756315227b125615d7b5c116a7,60.16762,24.95415,000000006b44cce7,11.7
11941,2019-08-04T11:06:32Z,e44d7228cecbdb2474e1cc396a6c13943f09c08c19d0ffab1997d509,60.17919,24.95181,000000007b5207b6,17.4
11942,2019-08-04T11:06:32Z,e557e164cd52fd817b02cad6587a294d72b0974d9b014ad69ea5e08e,60.17919,24.95181,000000007b5207b6,12.69
11943,2019-08-04T11:06:32Z,e57facbf08a4abd25c366c0604463549586bb771b6ce2cf62945cdbf,60.16762,24.95415,000000006b44cce7,12.69
11944,2019-08-04T11:06:32Z,e5b9b4813c081a31fb498e7f9adb94918c267dfa125c63790c0d9488,60.149,24.9843,00000000fffb8cf0,3.09
11945,2019-08-04T11:06:32Z,e5e14952bf5e52bf1349479a58c0a97d702585889650948d94767608,60.16448,24.97323,0000000053c6c2be,27.28
11946,2019-08-04T11:06:32Z,e675f053b5e39f622f919daf44b8b27ec63646d34ce88f291a97158f,60.16762,24.95415,000000006b44cce7,18.79
11947,2019-08-04T11:06:32Z,e8530b87d248fb9f6f44200a9b5634e7517e8d6d835e921280db51fb,60.16897,24.95222,00000000aa852af1,21.87
11948,2019-08-04T11:06:32Z,e9d59e25b58f33f70aad6832863cb59d7485ca55a1575558f92b74e7,60.16897,24.95222,00000000aa852af1,9.12
11949,2019-08-04T11:06:32Z,ea156c99dd8945ef87da4c332787a6202e9eedc69f726cafae8d3258,60.1538,24.95595,0000000038bf9618,31.5
11950,2019-08-04T11:06:32Z,ea3eef2f497e934d53c3a02bfa190abb42a24ce200d24c69598dbf84,60.16762,24.95415,000000006b44cce7,13.75
11951,2019-08-04T11:06:32Z,eb10ddb244dec4641f50a9b05b0e1cfdf4ac49e3dc3001cddb1e67c0,60.16762,24.95415,000000006b44cce7,16.1
11952,2019-08-04T11:06:32Z,eb261026c6f65b651ddf21bed629a1e164cfb500d0b78062704ec15c,60.16762,24.95415,000000006b44cce7,3.74
11953,2019-08-04T11:06:32Z,eca1a609c675d971fcfba4277d230ccdc2de7805c629b1f5da9cc224,60.173,24.92524,0000000096918cfa,27.28
11954,2019-08-04T11:06:32Z,ecb1735f180422ec69f041cd2782a26c9f07d27a87893b3c30aaa9b7,60.16075,24.95883,00000000f1124bca,3.74
11955,2019-08-04T11:06:32Z,ede13c9dc221bbc6c1daf78250fa6547303c06d7606c05ba0bf64547,60.17919,24.95181,000000007b5207b6,8.38
11956,2019-08-04T11:06:32Z,eea43687eab35d2c386347881796eb1c8279076b9e9642ebc2cd06ac,60.16762,24.95415,000000006b44cce7,4.5
11957,2019-08-04T11:06:32Z,ef15ff71b7dc4c2088249a4fca7e28900ae315245a7a3b4d571bf582,60.16829,24.94214,00000000afef4555,5.91
11958,2019-08-04T11:06:32Z,ef33ccdfcdb12920eabb3306e0f86dc7e6060a5d3864b03e2de7e1ef,60.16897,24.95222,00000000aa852af1,10.78
11959,2019-08-04T11:06:32Z,ef45fdc095ee55730384922266d8fce61de212d3c3df2441ea10e524,60.14947,24.91438,000000004ef3150d,8.38
11960,2019-08-04T11:06:32Z,ef5e495c5f9d3dd9eb22ed5b8faf1cc9e4225d4785ebb26a87d16fff,60.14699,24.922,00000000a53ed894,8.38
11961,2019-08-04T11:06:32Z,f110acae92fec55c6caca5de864773a6b99e5b8d6e2fdf8d1bdbc759,60.16762,24.95415,000000006b44cce7,4.94
11962,2019-08-04T11:06:32Z,f11c02cbebb4049a29f10d2ee6aac8a9ca3b7b9609a39d69463461a1,60.17065,24.93641,000000000f4919c9,23.56
11963,2019-08-04T11:06:32Z,f196f5f8c08299d290b3bac1944e00bb1f2c90594db66438b0c10e6e,60.16629,24.95957,00000000fb7600be,12.69
11964,2019-08-04T11:06:32Z,f1d44b9d3710849eba7eab0b6646053378aa5f8ee3491ec2522f3c44,60.14947,24.91438,000000004ef3150d,17.4
11965,2019-08-04T11:06:32Z,f2657ffae2874f68002fc4b75fb489a255be88015f067e2cf500da8d,60.16762,24.95415,000000006b44cce7,20.28
11966,2019-08-04T11:06:32Z,f43b8b2cf2c0bd291543858796d75b211d283ab73dcab5ad5dfd0aeb,60.16897,24.95222,00000000aa852af1,8.38
11967,2019-08-04T11:06:32Z,f4b9fc6acb673aea24fe00dfbe806b81fedab0c2ea82d781f7659ce5,60.16762,24.95415,000000006b44cce7,6.46
11968,2019-08-04T11:06:32Z,f5512b67b3c65354938977e3345feea995d2a82739c38c3e558c1201,60.16762,24.95415,000000006b44cce7,9.12
11969,2019-08-04T11:06:32Z,f5ffa3dbcdd5592ac31344cb04a7a6d639109a4d6e196fa0df3990dd,60.17065,24.93641,000000000f4919c9,21.87
11970,2019-08-04T11:06:32Z,f78ef2ddbe48b534137498eab56c0a55ec0e0b1d8868e82cb5652a0e,60.14699,24.922,00000000a53ed894,10.78
11971,2019-08-04T11:06:32Z,f7be7d003528c0c0827040a3a3723e49406a5a7c86cb4bc568a830db,60.17002,24.94407,000000006b087f40,17.4
11972,2019-08-04T11:06:32Z,fa1579394f4980e1fe11248f7be4e646b601a3d8cdb9361f182d066c,60.16762,24.95415,000000006b44cce7,16.1
11973,2019-08-04T11:06:32Z,fb197be4589e2d16cfe2899ae06282639009e64a5bff759f4a8a3e43,60.16629,24.95957,00000000fb7600be,17.4
11974,2019-08-04T11:06:32Z,fbd28054e4a5478c8ca06f4d682405d1c59bef4853cad413ecb58d13,60.14699,24.922,00000000a53ed894,17.4
11975,2019-08-04T11:06:32Z,fd4b10351ea2c76bdcd77442b4ff956f58ff84fa8cd9747175d3e9a6,60.1538,24.95595,0000000038bf9618,31.5
11976,2019-08-04T11:06:32Z,ffb7319984ecae155652e100da9b204f0b92f3b6c7239cfea4dcf966,60.14699,24.922,00000000a53ed894,16.1
11977,2019-08-04T11:06:33Z,004c3624f943830bc6a9f17173a2cd0996622cade5184ad2b9fba729,60.16897,24.95222,00000000aa852af1,8.38
11978,2019-08-04T11:06:33Z,048a4191e2e9ce1733556eda54c4123345c70aeced0f8ecf7d52b916,60.14699,24.922,00000000a53ed894,17.4
11979,2019-08-04T11:06:33Z,1142f5b6806b1ec7d8d47d47013eb530d8a7418f6934d8867b20966a,60.16829,24.94214,00000000afef4555,17.4
11980,2019-08-04T11:06:33Z,14c7e1511b70f4dd3359cbece1377aebb4d70531f5489eefe53d7c3c,60.16544,24.95398,0000000038d83d41,25.36
11981,2019-08-04T11:06:33Z,165ebbb4090d47319ae370f0d0854fdc1f6b79499f8b2e4d3c3533c0,60.16544,24.95398,0000000038d83d41,23.56
11982,2019-08-04T11:06:33Z,25a7ff811c3c06e426c7c2cbb0433d9a2a3399b23afecbd35584ab0f,60.18203,24.91341,00000000342570c2,9.92
11983,2019-08-04T11:06:33Z,29016fc5853bb802e42e93eb5fd98882d64029327d793a2f2335b9e4,60.16829,24.94214,00000000afef4555,16.1
11984,2019-08-04T11:06:33Z,2e4af02bc2421faac1f506a147ddb9b76076386be53415223aca4bde,60.16762,24.95415,000000006b44cce7,8.38
11985,2019-08-04T11:06:33Z,3b5cafe90982db26cf737b2e4cd4275276f6a031bca3b2a1f73023b2,60.14699,24.922,00000000a53ed894,12.69
11986,2019-08-04T11:06:33Z,3fe5f4ccfa5c777ceafda0674d7c9da6f509f6694b4c2fa254b32e73,60.16897,24.95222,00000000aa852af1,14.89
11987,2019-08-04T11:06:33Z,402f8edce2e4dcc34a418a83e568dd491c14d450d63a3f35850d9c2e,60.16762,24.95415,000000006b44cce7,10.78
11988,2019-08-04T11:06:33Z,434e74155ec054f1bb6122a7ec736a48a27c6f4111995c3f2bb03897,60.17065,24.93641,000000000f4919c9,25.36
11989,2019-08-04T11:06:33Z,43b676ed3aef4c2d8846694817e76117873be52e7f788e0cb366c1c4,60.16629,24.95957,00000000fb7600be,20.28
11990,2019-08-04T11:06:33Z,44d0b94469070803869f229601e877beb613c3f5aafa009addf97a1a,60.16544,24.95398,0000000038d83d41,25.36
11991,2019-08-04T11:06:33Z,4656bad9b5e6dfc3977eca308fc1db3dbf8b0204b90d09b001da242e,60.1638,24.96846,00000000d747f075,23.56
11992,2019-08-04T11:06:33Z,4774d3de2115f3cfeff91dc17ed763964fe86825629003f82ee45b2b,60.16762,24.95415,000000006b44cce7,5.41
11993,2019-08-04T11:06:33Z,5d65719c4cbf045f068d084b72302f447d5fd034413d97d13be00d0e,60.18203,24.91341,00000000342570c2,21.87
11994,2019-08-04T11:06:33Z,5eed115a984d490b02b602d73787aee8dc8c4e9365b77fbff3818a76,60.16629,24.95957,00000000fb7600be,16.1
11995,2019-08-04T11:06:33Z,69219e9efa41ae9e732653e9eaf08e1a34cb853a9dafe76ddeea4d04,60.16897,24.95222,00000000aa852af1,21.87
11996,2019-08-04T11:06:33Z,6a70e2fbced719333e21eff04fcb9cb36bae9a04d1a3d6ddd96f2c58,60.15432,24.9211,0000000019fb59c4,4.5
11997,2019-08-04T11:06:33Z,6f06341f358e61699fe1e55e986dd0554bc8da28b91daf0c5ad99db6,60.16629,24.95957,00000000fb7600be,25.36
11998,2019-08-04T11:06:33Z,79f136afa0dd8717337c01c70b457c464aaf0fa25b440f51a394ec23,60.16762,24.95415,000000006b44cce7,16.1
11999,2019-08-04T11:06:33Z,87dfaad29a9276ddddb1fa021d3bc23ad14824c1af16f7d87e713689,60.14951,24.92138,0000000006dd41f6,9.92
12000,2019-08-04T11:06:33Z,88808fe92573e9cdf022cc15b9689b6b4b9429f60513c8897b0ba4c7,60.16897,24.95222,00000000aa852af1,16.1
12001,2019-08-04T11:06:33Z,8c75c3289c84fe4493e1e272a77b615fe1985880c5dc68a7c1a17b53,60.16762,24.95415,000000006b44cce7,12.69
12002,2019-08-04T11:06:33Z,9843c6216661048343a0e49cf3d8aa2883cf77f452666a1c873a1052,60.16448,24.97323,0000000053c6c2be,14.89
12003,2019-08-04T11:06:33Z,b5fd6b317890e5ab2d79e2cd1abe61626d45a753c7337d0d40728898,60.16762,24.95415,000000006b44cce7,12.69
12004,2019-08-04T11:06:33Z,b936e41d8712ae967f3ebb413fc44f060bb10613f95537757886ede2,60.16762,24.95415,000000006b44cce7,10.78
12005,2019-08-04T11:06:33Z,bca443064699e0ac05c40e587aef06d7fd580817e739133a501490bc,60.14699,24.922,00000000a53ed894,20.28
12006,2019-08-04T11:06:33Z,bfcaefe93f7fcb6aad6e62e3da473a7b5b03a62db532dad02a7d3559,60.16762,24.95415,000000006b44cce7,11.7
12007,2019-08-04T11:06:33Z,c54f2dd0590c650ad3e52a68193db3173db5e74f90f69faa1e2d6bb0,60.16762,24.95415,000000006b44cce7,4.94
12008,2019-08-04T11:06:33Z,c97eb4181394121907d47b908495f54e5ee5145ff790f7a1dc21b3cf,60.16897,24.95222,00000000aa852af1,13.75
12009,2019-08-04T11:06:33Z,ca6927628f5ddda20036865c9345ad93d476d62ade3b181de568eed6,60.16897,24.95222,00000000aa852af1,23.56
12010,2019-08-04T11:06:33Z,cd2c2ce2425879ac455c812073aa8025c7bac76df380e4793edab46d,60.16829,24.94214,00000000afef4555,20.28
12011,2019-08-04T11:06:33Z,cf05623e4d87ce0906c0b0b7dbf53aacc1228016cd27c341228b6e76,60.18203,24.91341,00000000342570c2,17.4
12012,2019-08-04T11:06:33Z,cfc0bedb78ded52749db3188cb188bf6a250ef5990da9c5afa9623fc,60.14951,24.92138,0000000006dd41f6,23.56
12013,2019-08-04T11:06:33Z,dbeb00942457ba3c5fb1984b57b1dedb268c0e761e80729b939f1fd8,60.16544,24.95398,0000000038d83d41,23.56
12014,2019-08-04T11:06:33Z,e224ae5ea47af2e3048f83b13a1f45dc135c0ca6be72547b01729086,60.1538,24.95595,0000000038bf9618,14.89
12015,2019-08-04T11:06:33Z,e764c1a69976425ee9c1982ca445db7a575a9d610bcb2215eeb2a728,60.14947,24.91438,000000004ef3150d,14.89
12016,2019-08-04T11:06:33Z,e8690c2d1711bc10f2d1251a3b5b1e770b98c66c384760400c604de1,60.16829,24.94214,00000000afef4555,20.28
12017,2019-08-04T11:06:33Z,e96bd269a48b822b06141c3362fcb6d5ed4d0d09a120f2e4a712d5c2,60.16897,24.95222,00000000aa852af1,21.87
12018,2019-08-04T11:06:33Z,ed70dda6b7faebd4340dacdb452ab224d9d3c308df417b7fa76f54e8,60.14951,24.92138,0000000006dd41f6,21.87
12019,2019-08-04T11:06:33Z,f088630d7476dae7d4b7e2bb1f10575f2c89acb4b6e061f3d57c2b40,60.16531,24.9442,00000000fdda10fe,20.28
12020,2019-08-04T11:06:33Z,fc4f3a44235f1cfc7b53f14ba2da599976a5a0a220d23b852688e485,60.17919,24.95181,000000007b5207b6,9.92
12021,2019-08-04T11:06:33Z,007540b1ada16f6000987e20cd81a3deb18b2aea4cb95b50e099dcee,60.17065,24.93641,000000000f4919c9,21.87
12022,2019-08-04T11:06:33Z,0236a1d5b9b9d2249407a79705eee38de360ceb0530a8959ba5bc15b,60.149,24.9843,00000000fffb8cf0,9.12
12023,2019-08-04T11:06:33Z,02a354db29cd5bc16976a9d933e03a41be350f9cc78098829a7dcfd4,60.14947,24.91438,000000004ef3150d,18.79
12024,2019-08-04T11:06:33Z,03204cdd97728dc59f21f215f75460ac8fe2fa56720a88e869c6f56d,60.16829,24.94214,00000000afef4555,16.1
12025,2019-08-04T11:06:33Z,03515f2dd8be9a829b8b55cec8dc0f87b3e51368f8f16e4c4014d547,60.16762,24.95415,000000006b44cce7,16.1
12026,2019-08-04T11:06:33Z,0623e5ba4e94b3d42b9011d0d7de2ad0b0f2684f8a3dcd6c15c4cf1a,60.16762,24.95415,000000006b44cce7,20.28
12027,2019-08-04T11:06:33Z,08b10b51864dc039f0a07c997e66e7a263ee1cde5b0b88b2a1178c58,60.16829,24.94214,00000000afef4555,14.89
12028,2019-08-04T11:06:33Z,096c3b0de1dab1407cd4d3330546404c0d62ce025924420496380f89,60.16762,24.95415,000000006b44cce7,11.7
12029,2019-08-04T11:06:33Z,0b45b52bc137c31ce83561c857f809296ec70f5537976a4a4d573d4f,60.16829,24.94214,00000000afef4555,16.1
12030,2019-08-04T11:06:33Z,0b49dcea1b7eab22f4ebd0c7666ded5b59fe092b8bdd4aa9eda6326d,60.16762,24.95415,000000006b44cce7,4.94
12031,2019-08-04T11:06:33Z,0d2490ed58c11eb4a754a30cc4bcb21c7243d322a2caf7cc360e4e8c,60.17065,24.93641,000000000f4919c9,12.69
12032,2019-08-04T11:06:33Z,0e113c5ed3abcdfb31d27c3125f6cf01e3b96e4ed7eca1aaea855f77,60.14947,24.91438,000000004ef3150d,14.89
12033,2019-08-04T11:06:33Z,0e9170bc93107bf16cd12839eca9ea157f19169d66085e8a435b0f1d,60.16762,24.95415,000000006b44cce7,7.05
12034,2019-08-04T11:06:33Z,0fd26c6e46f4d73b276223942e56c38bc9b8e4566239f8a77261657b,60.17002,24.94407,000000006b087f40,20.28
12035,2019-08-04T11:06:33Z,1083b7adffac22c0fd933b3dd2c5bb41ddc6258467eed8d56f93dc01,60.16762,24.95415,000000006b44cce7,13.75
12036,2019-08-04T11:06:33Z,1107822441d53ff89eb9cb0d022a37202aed47bd82dca4bc175d6837,60.16762,24.95415,000000006b44cce7,4.5
12037,2019-08-04T11:06:33Z,116e59da308964e8eb82cb6e5a758aad726ec3800f0fa17bc661e8fe,60.16762,24.95415,000000006b44cce7,13.75
12038,2019-08-04T11:06:33Z,117b6ba38be2f875c85c9c048106db4d2dbce58629a807d7d7773b6c,60.16762,24.95415,000000006b44cce7,20.28
12039,2019-08-04T11:06:33Z,131e957246fc0b45d57e5b4089db7d6a4efaa84772af906d65b45c63,60.17002,24.94407,000000006b087f40,20.28
12040,2019-08-04T11:06:33Z,1327ce24f157334f864f913637993c80380ce5f5c911e4b0d31c5eb7,60.149,24.9843,00000000fffb8cf0,3.74
12041,2019-08-04T11:06:33Z,135b81a7a5a9dd70569656553c100af6fdc760bcf92d9b7b48261cb1,60.16897,24.95222,00000000aa852af1,23.56
12042,2019-08-04T11:06:33Z,1556d4a76070c26554efa12b4b9c53766a4cc394e8b74ee37f2fff65,60.17065,24.93641,000000000f4919c9,29.32
12043,2019-08-04T11:06:33Z,17b39c4376c28dc9e1c1221de9d5037abfea5d59d30cdd48208fc3a8,60.16762,24.95415,000000006b44cce7,14.89
12044,2019-08-04T11:06:33Z,182e58bd6c3c8d836225d454a878bc55d8ed5166564a22f8b635f6ff,60.14947,24.91438,000000004ef3150d,20.28
12045,2019-08-04T11:06:33Z,18adae8b6603c177e817d1e3b9ec79fcc0292682660b31bebc965a23,60.16762,24.95415,000000006b44cce7,16.1
12046,2019-08-04T11:06:33Z,1921be9815a57f11f291ca085add7b4bf1d044518b03b725df7cf7d5,60.149,24.9843,00000000fffb8cf0,16.1
12047,2019-08-04T11:06:33Z,19db84758eba08a5f9bb56b0ff91d05286765c8e8dfa31bd0b2aaa1c,60.14947,24.91438,000000004ef3150d,13.75
12048,2019-08-04T11:06:33Z,1a06b5f7f305badd45e93db9d86d76ed3a2a96ec55ec47c836921e3e,60.16762,24.95415,000000006b44cce7,7.69
12049,2019-08-04T11:06:33Z,1a9a0f74c353624c42c19c007e82c9c2547b7285d8353d0e375e3f05,60.14699,24.922,00000000a53ed894,7.05
12050,2019-08-04T11:06:33Z,1bff3cb3b9be59366fdf8adbbc677a4dfbf8e116bf330c3435bc63c2,60.16897,24.95222,00000000aa852af1,11.7
12051,2019-08-04T11:06:33Z,1c8c3befa38b65f707dd4933a68e5e3c9e7c82592fd382779127416b,60.16897,24.95222,00000000aa852af1,18.79
12052,2019-08-04T11:06:33Z,1ce242f8d8220cd38bf3ea9138c99ae9b2f79b28e68edb864f090ec9,60.149,24.9843,00000000fffb8cf0,7.05
12053,2019-08-04T11:06:33Z,1dacfb371d75dd4f90f447aac2a00faad98beb4188a6971c19eb2375,60.16629,24.95957,00000000fb7600be,21.87
12054,2019-08-04T11:06:33Z,1fa2c533bba37b249a0105001153733e67a559d40c22cab67f135f64,60.14947,24.91438,000000004ef3150d,11.7
12055,2019-08-04T11:06:33Z,227b93698b29687beea48184f42aab63a21fa362af7251be32db2e15,60.16531,24.9442,00000000fdda10fe,4.5
12056,2019-08-04T11:06:33Z,23786c82e2641aed0e0b004658480a212bf0397568e914487819045c,60.16897,24.95222,00000000aa852af1,18.79
12057,2019-08-04T11:06:33Z,23b7c1b09dfbcbf722a4c48303dd0435cf9885a516d5eebb6538844f,60.16762,24.95415,000000006b44cce7,7.69
12058,2019-08-04T11:06:33Z,2535cb5c89ec66044a005b03dd769ca8d0022164a816c06db0e49892,60.16762,24.95415,000000006b44cce7,4.11
12059,2019-08-04T11:06:33Z,2671a156fa8d8bb05970481c8f83bcf9f261f73dae27f2bb9ac88aeb,60.14699,24.922,00000000a53ed894,21.87
12060,2019-08-04T11:06:33Z,27052b4dc21318eee25b7afdbe088c8d15e13ec11ac339166b209e58,60.18203,24.91341,00000000342570c2,31.5
12061,2019-08-04T11:06:33Z,2724e42551f43106ea58a8fcc6a43953baa1294cd65e17a90012f706,60.17065,24.93641,000000000f4919c9,0.71
12062,2019-08-04T11:06:33Z,28741c2e5e348fe81dec0518a21c0930c98a25b6fcece61a262d50de,60.14699,24.922,00000000a53ed894,12.69
12063,2019-08-04T11:06:33Z,28a8c91eedf86256382a085ddcaf523d407151baa947c38797259e95,60.16448,24.97323,0000000053c6c2be,25.36
12064,2019-08-04T11:06:33Z,29b5f09785ef76627c2a3f043e1182d11fbd3a465422544c7478aa1c,60.16897,24.95222,00000000aa852af1,27.28
12065,2019-08-04T11:06:33Z,29f5adc4d67413b7d368e8e94a41cf48339e3f5f0903f660170c4fe8,60.17919,24.95181,000000007b5207b6,13.75
12066,2019-08-04T11:06:33Z,2a80aed2c40e7e70ca12152ac812abd79aa1d13efcec25a6d3395136,60.16762,24.95415,000000006b44cce7,9.12
12067,2019-08-04T11:06:33Z,2c85e4140ca0ba77c3598ceac05eb2c2342409ce8111c863fc58c606,60.16829,24.94214,00000000afef4555,4.11
12068,2019-08-04T11:06:33Z,2de87ef94604fb63bec05eefb71b6cdd0b9807f8551159c2a35e7259,60.17065,24.93641,000000000f4919c9,11.7
12069,2019-08-04T11:06:33Z,2e6e6f89a7d75f0742d016de203c9acc8d6f6bdeb7b56bd12f482653,60.15432,24.9211,0000000019fb59c4,12.69
12070,2019-08-04T11:06:33Z,2fe2e4165984d7880628aec591ce4747f18947da70312e6afca2946b,60.14699,24.922,00000000a53ed894,18.79
12071,2019-08-04T11:06:33Z,2fe5194fa8ded477f053c82c2b6c3deb07c1f20ee80bad5bf4fc3724,60.14699,24.922,00000000a53ed894,16.1
12072,2019-08-04T11:06:33Z,303e51dd6e5cca35a9f9f76fbe8ef97bd64a9dc6b4e965b1f74ca279,60.14699,24.922,00000000a53ed894,12.69
12073,2019-08-04T11:06:33Z,31659a798f1d780d587f07390c038a78fafa6cabb8180dba635863ce,60.17002,24.94407,000000006b087f40,6.46
12074,2019-08-04T11:06:33Z,32f77f5019e5fce30881c214487361e2e34b8c93277f6e546de72012,60.1638,24.96846,00000000d747f075,27.28
12075,2019-08-04T11:06:33Z,33a5da4eacfc49fefa067790c9fada1a86d9793367ded845a46f0779,60.16829,24.94214,00000000afef4555,13.75
12076,2019-08-04T11:06:33Z,3417d8a6b53687e70f126ebeb1d26a2ff6369dc9a551c3c35c5a04f9,60.17002,24.94407,000000006b087f40,13.75
12077,2019-08-04T11:06:33Z,35e26a55ffcf023f80c64d570297932cbeabb750c9f72ba981e2f66e,60.16762,24.95415,000000006b44cce7,14.89
12078,2019-08-04T11:06:33Z,35f337dd3baf0bc08002ec007d609b685ac29bb2a8bcad6783532a6b,60.16829,24.94214,00000000afef4555,21.87
12079,2019-08-04T11:06:33Z,3670a148a52771f0ff5af161725f65b86873c09eea1a7697861c0438,60.14699,24.922,00000000a53ed894,21.87
12080,2019-08-04T11:06:33Z,374083907dd8980893623726af5633afd59b519c885ad12ba5c674eb,60.17002,24.94407,000000006b087f40,18.79
12081,2019-08-04T11:06:33Z,38561a086c97342a24583c26b33205da50e3e973a8147fe016a4a9ff,60.16829,24.94214,00000000afef4555,4.5
12082,2019-08-04T11:06:33Z,386dea4944e0b83648b4b6faf510fd47b0e9e29a2bb9311fe8a80ee2,60.17919,24.95181,000000007b5207b6,29.32
12083,2019-08-04T11:06:33Z,39e2f2a7b03cda9f877366363a3727edfefd16d2221e752dafc33634,60.17002,24.94407,000000006b087f40,31.5
12084,2019-08-04T11:06:33Z,3ac85712ab657e849113d439795c4e7325d1025cacdbd9a41174b031,60.17002,24.94407,000000006b087f40,20.28
12085,2019-08-04T11:06:33Z,3ac9d056b0f04f774b238a125eb996d46437f7a8c5f6ba6712e971cf,60.17919,24.95181,000000007b5207b6,18.79
12086,2019-08-04T11:06:33Z,3b355c039877bd4883845f3fc6ad8dd6f41f170274042f1397585680,60.149,24.9843,00000000fffb8cf0,14.89
12087,2019-08-04T11:06:33Z,3daa2205b02453faa04e23c0bf80d6d22d657277425f07e4fc424dbc,60.16762,24.95415,000000006b44cce7,13.75
12088,2019-08-04T11:06:33Z,3f67c6713a6cca446a46616c9970c7a2ddffb03f21e10c8ea9b2f380,60.16897,24.95222,00000000aa852af1,17.4
12089,2019-08-04T11:06:33Z,40d64df305477f26745a445a97098d36570a8e02616b93a3f562bb21,60.16629,24.95957,00000000fb7600be,20.28
12090,2019-08-04T11:06:33Z,418e60b0ee35b014e7a8a378f3491cf2333e2a022ba6ec632170228d,60.18203,24.91341,00000000342570c2,27.28
12091,2019-08-04T11:06:33Z,41fffd70db0364ae9e08f76f74848590a4ed6784433df3a7ff00d7a5,60.16762,24.95415,000000006b44cce7,17.4
12092,2019-08-04T11:06:33Z,42d34a6c595760e51052178acc978bdb2b6348e0405f7b58c57f0915,60.16829,24.94214,00000000afef4555,10.78
12093,2019-08-04T11:06:33Z,439ff6b8ff9dc79d47e223164a87fc2d620f29bc7ea1bc7ea4c5cc58,60.16897,24.95222,00000000aa852af1,27.28
12094,2019-08-04T11:06:33Z,44703b8dd01d3bd79585c9c7e12217e1ac152f86e2b0c9ed6be4bc19,60.16544,24.95398,0000000038d83d41,14.89
12095,2019-08-04T11:06:33Z,44d01b24bde0f8031d7cf15bb66e661ad9bd92807f3213fabf920fa1,60.16762,24.95415,000000006b44cce7,16.1
12096,2019-08-04T11:06:33Z,4538bf4d0ca02f13fad76c46f7b34e72978c49b0cdfe4ea9fe151a50,60.16762,24.95415,000000006b44cce7,4.11
12097,2019-08-04T11:06:33Z,465eab28635efe98500085ceb161cf941d02272a0107fbbfb2203c29,60.16829,24.94214,00000000afef4555,11.7
12098,2019-08-04T11:06:33Z,474c1d4ef0fa3c491e44755d0374e003730bcfdbda15e3af17bd0aaa,60.14699,24.922,00000000a53ed894,20.28
12099,2019-08-04T11:06:33Z,47cd1dcac88434ffdc4b868e7f1d8d8a604700564bc83a7c0a3928be,60.16762,24.95415,000000006b44cce7,5.41
12100,2019-08-04T11:06:33Z,47f787c639f2eed345eb5dca409ffcd989850399a1ab781500dd6e82,60.17919,24.95181,000000007b5207b6,5.41
12101,2019-08-04T11:06:33Z,4800d49ec59e1cde34360defcce4c2a0c6a58919303c1fe6fdebceec,60.16762,24.95415,000000006b44cce7,8.38
12102,2019-08-04T11:06:33Z,4833b1ea4f519407574f5a838d93a39de28c756c5f53de7ee273b577,60.14947,24.91438,000000004ef3150d,9.12
12103,2019-08-04T11:06:33Z,49084ae4b6419be9e7bb0c9b1420142e07d6ac3c17c07c26895461ed,60.16829,24.94214,00000000afef4555,14.89
12104,2019-08-04T11:06:33Z,49b391c05bd4e5231579392d798036a0139a8ea4e4d4509a7cb3901f,60.16829,24.94214,00000000afef4555,23.56
12105,2019-08-04T11:06:33Z,49d6f6bd5878bfac30a67fe92d1501b5b09cab38ab2b35b661902f0d,60.14947,24.91438,000000004ef3150d,25.36
12106,2019-08-04T11:06:33Z,4a54cbed9c373a4136f8851f3f5736eb2fadd5766d316eb5ebbdd231,60.17918,24.95141,00000000675d5200,20.28
12107,2019-08-04T11:06:33Z,4a912b6c106b63933a8c9cc39598823bcb2c94d4b1cc8a5d55cb3972,60.16829,24.94214,00000000afef4555,11.7
12108,2019-08-04T11:06:33Z,4ae55b5046b30303930ee339fa9c70c922844d1bfe89a2e7180d53ad,60.16829,24.94214,00000000afef4555,29.32
12109,2019-08-04T11:06:33Z,4b5b3e8f2b484bc08b196c265f65c70151bd69f6263318eb29125db2,60.16829,24.94214,00000000afef4555,3.74
12110,2019-08-04T11:06:33Z,4cf634fc84e128c3b9bce07a4b726d136e18f0eea4229fdbb48f6db1,60.16897,24.95222,00000000aa852af1,17.4
12111,2019-08-04T11:06:33Z,4ec1d21263bb826a9d9b2da52c6073f4b5cf86c89894aad36059eaf6,60.16762,24.95415,000000006b44cce7,23.56
12112,2019-08-04T11:06:33Z,508ee0778f7d5571ac4aa05211272911339b293ff62069f14cd4aa0a,60.16897,24.95222,00000000aa852af1,21.87
12113,2019-08-04T11:06:33Z,51789c3026ccfe7e846e44fcd833d006941c2789b9693c77df5a7c98,60.16762,24.95415,000000006b44cce7,2.54
12114,2019-08-04T11:06:33Z,52daa31a2b3c1c07f78d96ebb4de3a965da5ef0a8035afbd0f7451fb,60.16531,24.9442,00000000fdda10fe,16.1
12115,2019-08-04T11:06:33Z,542a405b620e6d166ecc5eadd979b3936d831cea3aa7b75316adb4ca,60.16897,24.95222,00000000aa852af1,27.28
12116,2019-08-04T11:06:33Z,54d53f276563f566e1cd61b100408412cf78b4fe9fcada830aa6e23b,60.14947,24.91438,000000004ef3150d,12.69
12117,2019-08-04T11:06:33Z,5518b2315c236d486c7a5a4fc27c44987672b2f9a0751ffdaa9cbf78,60.16829,24.94214,00000000afef4555,4.94
12118,2019-08-04T11:06:33Z,56101419005237b836e4ed14d91dfa6f9edc4c92b5fcb419943897bb,60.16762,24.95415,000000006b44cce7,7.05
12119,2019-08-04T11:06:33Z,56318cc7f3616fceec2564cbb1f6ca8b88ea861935a1ada93aafd7b0,60.16897,24.95222,00000000aa852af1,18.79
12120,2019-08-04T11:06:33Z,565a35900ed1794a9d566f6fc12f2710875a10eb7c8e6fa0ddd92626,60.14699,24.922,00000000a53ed894,9.92
12121,2019-08-04T11:06:33Z,571934189bf349efb6f596e76c21612cf9b82ed44913090169936048,60.17065,24.93641,000000000f4919c9,11.7
12122,2019-08-04T11:06:33Z,584cb0b0cdd14e608c8b57c8aecc9826f9b40027e365e2438a444ea2,60.16762,24.95415,000000006b44cce7,16.1
12123,2019-08-04T11:06:33Z,586f70961bf72597ce00f89d3602178ecc6ac8838a8acec48bba7f9f,60.14699,24.922,00000000a53ed894,10.78
12124,2019-08-04T11:06:33Z,58ee8fd47328b1c696ec343920f2c0353d19a915924eb6f6f2638e56,60.16762,24.95415,000000006b44cce7,9.92
12125,2019-08-04T11:06:33Z,59b87e6921598d25b092b66e140328fa03c9f06fe4e697dd344f378a,60.17002,24.94407,000000006b087f40,17.4
12126,2019-08-04T11:06:33Z,5a755f0653ee0e334448418099ed85023db0a9984c280cfbadd74160,60.173,24.92524,0000000096918cfa,20.28
12127,2019-08-04T11:06:33Z,5b3d706018287c0b59ea341821814ec23f2ee7e3227bb79e3c2c1114,60.16762,24.95415,000000006b44cce7,18.79
12128,2019-08-04T11:06:33Z,5c404f374a48548bfe8b02859d12ae59c4ae608fae2139fd71ef51b1,60.16762,24.95415,000000006b44cce7,13.75
12129,2019-08-04T11:06:33Z,5d9aa6fcb0d81ceaa80ca13cc08a88138be517656646e0ba0942ce46,60.16897,24.95222,00000000aa852af1,11.7
12130,2019-08-04T11:06:33Z,5f5805a3ffd092506452c4d45ea8fc037ae23ea726f0b0809ca6ffde,60.16829,24.94214,00000000afef4555,13.75
12131,2019-08-04T11:06:33Z,6138e6ab3e1e74425af8945a6fcc294c1469a0b9c448b780bcf9d2e2,60.14699,24.922,00000000a53ed894,14.89
12132,2019-08-04T11:06:33Z,6221f621a5531b00d84f5763e1c2fbd49b78010cd65be83c238f4661,60.16629,24.95957,00000000fb7600be,27.28
12133,2019-08-04T11:06:33Z,62cac4a0e252305e1128942dc3ec48baaa514c6737c415f85abb3665,60.1538,24.95595,0000000038bf9618,27.28
12134,2019-08-04T11:06:33Z,62d86ee13e6ae7a5c41ffc2de746df72d4ef6e8d2b6a51ce1c68965f,60.16829,24.94214,00000000afef4555,4.11
12135,2019-08-04T11:06:33Z,62e27092b58abcaf80564c408d0d4a7b821abaee92dc2f02ccb11e61,60.16762,24.95415,000000006b44cce7,7.05
12136,2019-08-04T11:06:33Z,66755836036c771e53ffd9d0dc09b8575231b53b80af22e868691a2a,60.14699,24.922,00000000a53ed894,9.92
12137,2019-08-04T11:06:33Z,66cfcf5c03779aa0660920fc00cf7140697607475aedde83a0919fde,60.14699,24.922,00000000a53ed894,27.28
12138,2019-08-04T11:06:33Z,697103160f0b3dc0ba38ccdd18203ae84ec35fc314322d1172c093b2,60.16829,24.94214,00000000afef4555,9.12
12139,2019-08-04T11:06:33Z,6978155fc96a2c464cb547d9fc8c5e60f39fbb9de35e49ab211c5efc,60.16897,24.95222,00000000aa852af1,18.79
12140,2019-08-04T11:06:33Z,69d8c906060e226ff0f0f7e78029575f2ee07ebec657a3b641419268,60.14699,24.922,00000000a53ed894,10.78
12141,2019-08-04T11:06:33Z,6ac1903c80e63433e4bc744dc0e801bff647117d38d3753fb9a6a4c1,60.173,24.92524,0000000096918cfa,9.92
12142,2019-08-04T11:06:33Z,6ac8fdd67b3dd11f0bae935f3a285880138382088238b97f511d3f12,60.16897,24.95222,00000000aa852af1,13.75
12143,2019-08-04T11:06:33Z,6c97da4ba9462e7fe786a472989dab23340d31809dd78d5617204da4,60.16829,24.94214,00000000afef4555,10.78
12144,2019-08-04T11:06:33Z,6e492dbc3f10157e7ff00826a839a97262ab36244ccc57b702a89999,60.16531,24.9442,00000000fdda10fe,5.41
12145,2019-08-04T11:06:33Z,6faf62fbff92729472d61bc9a13a5e72833e55bf713863161f8ca9cb,60.15432,24.9211,0000000019fb59c4,27.28
12146,2019-08-04T11:06:33Z,70865ff0fd32dc9fc73f25e929a40535a717664003e66c14224a9d90,60.16762,24.95415,000000006b44cce7,9.92
12147,2019-08-04T11:06:33Z,70ffae2b8178e0915c5de7816f8dd8bcc3af745ee49df8ac4da4adba,60.17918,24.95141,00000000675d5200,25.36
12148,2019-08-04T11:06:33Z,714e80a1e3c0fee43e312f314b2faec47e582ee8dac47e4818dbc2f9,60.149,24.9843,00000000fffb8cf0,9.92
12149,2019-08-04T11:06:33Z,71516fc8349cfaf2b5c4ab80ade6078494d93d13e9953af15e5ced30,60.18203,24.91341,00000000342570c2,20.28
12150,2019-08-04T11:06:33Z,71c1367c7dea4dfa243172e02b9092c7a0810bef003216681759891e,60.16897,24.95222,00000000aa852af1,20.28
12151,2019-08-04T11:06:33Z,738973c9b5f9882f29075e47ca10e50ba3fb9883da779f41545175f4,60.17919,24.95181,000000007b5207b6,5.91
12152,2019-08-04T11:06:33Z,74c2ec2adc228e5b4979284d730fd2de698242f0f06d90f870b8cde6,60.16762,24.95415,000000006b44cce7,3.74
12153,2019-08-04T11:06:33Z,75062842e96b60c5ae6c51127f8160e69256c2eb1a6f33771f8f0bdb,60.16829,24.94214,00000000afef4555,29.32
12154,2019-08-04T11:06:33Z,7552783317be1ef797980c3a9ee9c5967d4e7b32765f23c51ffda02d,60.16897,24.95222,00000000aa852af1,18.79
12155,2019-08-04T11:06:33Z,75d452cbba63995ad06213b577081e8db650c80b3a78060789a8e831,60.16762,24.95415,000000006b44cce7,7.05
12156,2019-08-04T11:06:33Z,77151c6e52e30ff4876e72ac530b637b000f21eadc8e6e346f81f0cc,60.173,24.92524,0000000096918cfa,25.36
12157,2019-08-04T11:06:33Z,77964c48bd2a8658eeedae4be816422b0ef0be1ee1b6f9093b47f14e,60.14699,24.922,00000000a53ed894,27.28
12158,2019-08-04T11:06:33Z,79773ee1ebdf8252053d8ffb326b77bb05a7cdb76041102e73d3767c,60.16762,24.95415,000000006b44cce7,14.89
12159,2019-08-04T11:06:33Z,79bde23c1a8980f93a65e14306f0d8ea89e164430d8b991e2bfee82e,60.16531,24.9442,00000000fdda10fe,27.28
12160,2019-08-04T11:06:33Z,7c54a2b3743def9287caccd19dc542caf569d06507bbfc885490ac27,60.17918,24.95141,00000000675d5200,29.32
12161,2019-08-04T11:06:33Z,7c55ecf165387948602e82b684a55be093691849fde2d96ad6574475,60.17065,24.93641,000000000f4919c9,23.56
12162,2019-08-04T11:06:33Z,7ddcdde2316659d0fa4b8597b86430e095ea0bc7f3564a9d05fc60f8,60.16897,24.95222,00000000aa852af1,6.46
12163,2019-08-04T11:06:33Z,7e78b2348d9576c63ebb626030ee9d43e2bf07e860782adf3f1c452b,60.16829,24.94214,00000000afef4555,16.1
12164,2019-08-04T11:06:33Z,7ea276abbe2f1bfd85b2493f7b4c801189e673c0b4dc987d2c8e30dc,60.14699,24.922,00000000a53ed894,16.1
12165,2019-08-04T11:06:33Z,7eefc5581c616491b78192b28b519ba727dc884a87bc06b8df1ea4f2,60.14699,24.922,00000000a53ed894,17.4
12166,2019-08-04T11:06:33Z,7f546f0776433ed1b76ea74186c0aad95eca5439e6cefda07922ef14,60.16762,24.95415,000000006b44cce7,5.91
12167,2019-08-04T11:06:33Z,7f95126e2fe39b74b61f9df1002b58453d22fe79458cebfeed9b9982,60.16829,24.94214,00000000afef4555,16.1
12168,2019-08-04T11:06:33Z,822590bd49bcf7ed4de4f8389586915c343b29c4283ff8b90d7c1d39,60.17065,24.93641,000000000f4919c9,13.75
12169,2019-08-04T11:06:33Z,82ac749474448abac333d00869cb8b508872f86293913d95eae26a05,60.15432,24.9211,0000000019fb59c4,11.7
12170,2019-08-04T11:06:33Z,82cddd3b9f58762d36efe78da4e2722ee587cfdb3fdbc58b52673082,60.16629,24.95957,00000000fb7600be,13.75
12171,2019-08-04T11:06:33Z,832641abf0a9f64713e32981c3e4dc62f7fbb1f88182a21897830412,60.1538,24.95595,0000000038bf9618,23.56
12172,2019-08-04T11:06:33Z,844b8ad6ebf530978d1139d527a681991f4d3eed6be5bc723f0b2192,60.16531,24.9442,00000000fdda10fe,1.25
12173,2019-08-04T11:06:33Z,85d20ac87260458dc786b8739f5b57449a8d1fdbf4679c8567f8cb4a,60.14699,24.922,00000000a53ed894,29.32
12174,2019-08-04T11:06:33Z,87ea10367f1569e575dc4bc60f0f4238eafb52ba8a2cc8e5e4584232,60.16829,24.94214,00000000afef4555,13.75
12175,2019-08-04T11:06:33Z,87f4cf4baea8c5dfe1bc7812cc969574058bd4d2dda215192bcfc53f,60.14699,24.922,00000000a53ed894,3.4
12176,2019-08-04T11:06:33Z,886032718e05487be8bd75bb14464814044c7edd7f9a2198304f6fb4,60.16629,24.95957,00000000fb7600be,17.4
12177,2019-08-04T11:06:33Z,89df1daad350e46d526e113019214d2e1a19d8f48da761bb3583399b,60.16762,24.95415,000000006b44cce7,4.94
12178,2019-08-04T11:06:33Z,8a7f5012c000c420f0a336a3988c72cf2b373818f4f3f369e994d8e4,60.16829,24.94214,00000000afef4555,16.1
12179,2019-08-04T11:06:33Z,8c4e4851db86ec4a3ce29a58be770eb29c38b9a983351bb67d781982,60.16897,24.95222,00000000aa852af1,11.7
12180,2019-08-04T11:06:33Z,8dae8c39d58b18df713713239222f2d512c9e912893f774a8db6a124,60.16629,24.95957,00000000fb7600be,23.56
12181,2019-08-04T11:06:33Z,8dcfa5789215b9650f4cb5f8bf0d99492d0728351e58e688491080b5,60.16629,24.95957,00000000fb7600be,27.28
12182,2019-08-04T11:06:33Z,8ee30fda8736b8e18a2cdb754676659240bc520a57727b9635630f22,60.1538,24.95595,0000000038bf9618,29.32
12183,2019-08-04T11:06:33Z,8f3d9ab893ae4a48fd3417f3a749c21e792779990ae0ad75a8f211de,60.1538,24.95595,0000000038bf9618,25.36
12184,2019-08-04T11:06:33Z,8f7fec0a4f5d4eb0710dd40c356e0c82dbd9360772fade341a50ba37,60.14699,24.922,00000000a53ed894,25.36
12185,2019-08-04T11:06:33Z,90a7a2779a546d0a67f676fbd33964bfec098cc7d3c6617a5c0f6b88,60.16762,24.95415,000000006b44cce7,10.78
12186,2019-08-04T11:06:33Z,90b12d2b9898702fd62b343512e0d53796ae38decdf704e203a0cc39,60.16829,24.94214,00000000afef4555,9.12
12187,2019-08-04T11:06:33Z,90d134ab0f878e1794222e35c3a25d43ac72d7d223f4335192273817,60.16762,24.95415,000000006b44cce7,14.89
12188,2019-08-04T11:06:33Z,91602a694bc74a2874ba7f02a7bae062a3a77cd869b86a74800415b8,60.17919,24.95181,000000007b5207b6,20.28
12189,2019-08-04T11:06:33Z,92df20d921f76c63470e3f5afbe201d3ae15f5133f66c291db796082,60.16629,24.95957,00000000fb7600be,14.89
12190,2019-08-04T11:06:33Z,92f46281919be73dd6cf9307f58cd4cdb28442be679d097a0b1eb19b,60.16531,24.9442,00000000fdda10fe,33.81
12191,2019-08-04T11:06:33Z,93272ad17155ea9499641eda7c5560691582116096278b82738ab21e,60.14699,24.922,00000000a53ed894,9.92
12192,2019-08-04T11:06:33Z,94ac9d6e79236013b9fa24e1c52123819228f6962b5952637ca80fcb,60.16762,24.95415,000000006b44cce7,9.12
12193,2019-08-04T11:06:33Z,951482f3e2e41b496e34885c346c4a7ab09427178119caa9b8bbcbb6,60.14947,24.91438,000000004ef3150d,11.7
12194,2019-08-04T11:06:33Z,9558753228fb3007f59382a0595018488e2e7430248f8824a5badb80,60.1638,24.96846,00000000d747f075,17.4
12195,2019-08-04T11:06:33Z,97490f522f1a0226c8f7e8ed7bca08dd71b63d80b46d38020127b868,60.14699,24.922,00000000a53ed894,12.69
12196,2019-08-04T11:06:33Z,998a30ee5f5ff6d2bc9ed04420591e525ded59ad66d09eefa240cc8e,60.16762,24.95415,000000006b44cce7,9.92
12197,2019-08-04T11:06:33Z,99b998b07243afd316e6fa57636b0ab6761b9c2a6f0fe050eae40c08,60.16762,24.95415,000000006b44cce7,7.05
12198,2019-08-04T11:06:33Z,9a49d0b5a67fba15ce8971503f6fea88994b33487a842397c5e8564f,60.16762,24.95415,000000006b44cce7,4.11
12199,2019-08-04T11:06:33Z,9aa588cb6f425117e45726b6b9adb7ef86c8f7c8113b547dc61f068a,60.16897,24.95222,00000000aa852af1,16.1
12200,2019-08-04T11:06:33Z,9b24f69458294d27d07a0169665965135fd02f4c953f85bcebf4ba87,60.16762,24.95415,000000006b44cce7,13.75
12201,2019-08-04T11:06:33Z,9b4b0705e58750d2bcbd71ad65d85677f7e77db5dfe69d1a70b5d31f,60.17919,24.95181,000000007b5207b6,12.69
12202,2019-08-04T11:06:33Z,9bc91538b73e0220fcf5cd07290c07d56f6f48d3ba0ba6b6b0876da9,60.17065,24.93641,000000000f4919c9,20.28
12203,2019-08-04T11:06:33Z,9bef562c292174f1eb3933116effff74a8733a78e5c1df140de3fd6c,60.17919,24.95181,000000007b5207b6,7.05
12204,2019-08-04T11:06:33Z,9c0b1d2c4c67c07e547e810a94efeaaa1187ae82977e03748470281c,60.16897,24.95222,00000000aa852af1,18.79
12205,2019-08-04T11:06:33Z,9eb1e9bfdceb76ef852f89ebd82139602125f9731b791465e1c21f81,60.16829,24.94214,00000000afef4555,17.4
12206,2019-08-04T11:06:33Z,9ee794b928106182f11707143b1183ed5d2d7d1b24c157450127d6ad,60.16762,24.95415,000000006b44cce7,18.79
12207,2019-08-04T11:06:33Z,a066e2044b486819fe2185765f63ed87f8d10c502f26a01be1f1a758,60.149,24.9843,00000000fffb8cf0,23.56
12208,2019-08-04T11:06:33Z,a1439b6683d0598c7a05080c3693a17c198f7b8c3297c77324ef4859,60.16829,24.94214,00000000afef4555,16.1
12209,2019-08-04T11:06:33Z,a20a11944d9440f1f8e4ea6262408f673f2a8380c4e13dda1a073d8d,60.16897,24.95222,00000000aa852af1,20.28
12210,2019-08-04T11:06:33Z,a2f0adf51cb9d2a5417cc0797183513a8bbcecfbc717a1b63e42027d,60.16762,24.95415,000000006b44cce7,4.5
12211,2019-08-04T11:06:33Z,a30740fbf4b7e21f6fe2996e9325c90936de161cb2165e87cd96fd35,60.149,24.9843,00000000fffb8cf0,9.12
12212,2019-08-04T11:06:33Z,a3664d77633807788598dd8d4a7ba8caba2c31bfdcb6ba83651d4e7e,60.173,24.92524,0000000096918cfa,21.87
12213,2019-08-04T11:06:33Z,a3c1a4a58b9381c27b1d5076e0d8d72039afccfb0e58438a80247324,60.16762,24.95415,000000006b44cce7,7.05
12214,2019-08-04T11:06:33Z,a44eda7b8ec58e1cd7c078a73c4da7fb0037d59453aa6bfe69b7cbdd,60.16762,24.95415,000000006b44cce7,7.05
12215,2019-08-04T11:06:33Z,a50e0bb8fd1ad4ad264c3246b210a0c6285faae591c1bd2c2c3458af,60.16829,24.94214,00000000afef4555,20.28
12216,2019-08-04T11:06:33Z,a51a9aab75637e56bef3effddc420dfcd95b8cbd85d95917aaac38d5,60.16762,24.95415,000000006b44cce7,14.89
12217,2019-08-04T11:06:33Z,a5d632ac8ffc19a626de034d3c9444fd262ee6edada285c816ea9266,60.16531,24.9442,00000000fdda10fe,8.38
12218,2019-08-04T11:06:33Z,a81c19fb85eebf853246cdc4d8e38245dfa5ba15c180eaa1bcc0378d,60.16829,24.94214,00000000afef4555,9.92
12219,2019-08-04T11:06:33Z,a98fc06dc605583814a2aa182295b88f81657ef2daeee7aaec792e7c,60.16762,24.95415,000000006b44cce7,6.46
12220,2019-08-04T11:06:33Z,aa4547c0b6b8be30776e08d524ceeacfbc9930ad720e11fa4cb20882,60.16531,24.9442,00000000fdda10fe,1.12
12221,2019-08-04T11:06:33Z,aaabd3028e2bd9f8b0e3a929c8728cb364551bd70da3208662b12033,60.16762,24.95415,000000006b44cce7,9.12
12222,2019-08-04T11:06:33Z,ab1377ddf669bb806f8db586f4ce5ab9f0f4257dda61fe800d8509f5,60.17065,24.93641,000000000f4919c9,17.4
12223,2019-08-04T11:06:33Z,ab9310807d2eb4984b053d38f467cb5d3e4211ff71ceb059480cf9ba,60.16829,24.94214,00000000afef4555,18.79
12224,2019-08-04T11:06:33Z,ac4679e3db131ec2ea8e1111c8aa0d71020cf8796ecb11f142478394,60.14947,24.91438,000000004ef3150d,7.05
12225,2019-08-04T11:06:33Z,ac5c7e04b55d6d70659e5b8f4705309b9367c78a0edb7ce85f42c181,60.1538,24.95595,0000000038bf9618,33.81
12226,2019-08-04T11:06:33Z,acb3f63fe0879b2640a9d68a248a15f85777e30652945d7740bb95f4,60.16762,24.95415,000000006b44cce7,17.4
12227,2019-08-04T11:06:33Z,add92af5006cee56f2da79112486b97d5a7c06f12252676b7638064d,60.16762,24.95415,000000006b44cce7,11.7
12228,2019-08-04T11:06:33Z,addc60a477245c1c33e3a627145e2a2971adf755bfcf8aef4c8c0f88,60.16897,24.95222,00000000aa852af1,20.28
12229,2019-08-04T11:06:33Z,af05aef0d368766300bd97074ddaa3500a814ee758ad3ba0d221ed54,60.17065,24.93641,000000000f4919c9,13.75
12230,2019-08-04T11:06:33Z,b0d6202ccd1560eaf57c06931cb6466332e41068ad2963e515819015,60.17919,24.95181,000000007b5207b6,21.87
12231,2019-08-04T11:06:33Z,b1421f3442b5594ceec0855789169ebe9346682c58076647d251e417,60.16629,24.95957,00000000fb7600be,33.81
12232,2019-08-04T11:06:33Z,b2298fc6f63c02481610f9aef24f1a0c1711c255adc43c0fe135c1ca,60.14947,24.91438,000000004ef3150d,9.92
12233,2019-08-04T11:06:33Z,b26d0daac9f8fb84484cbd8ed668aeb6751e848b1c533a307d163360,60.16762,24.95415,000000006b44cce7,5.91
12234,2019-08-04T11:06:33Z,b3266ecf36a984b814e1b2d31b447438bd948a9c116721480104792f,60.16829,24.94214,00000000afef4555,16.1
12235,2019-08-04T11:06:33Z,b45b86eb670eb1db475921496e6d80468f5fe2819bf3eb58f1f58506,60.16762,24.95415,000000006b44cce7,12.69
12236,2019-08-04T11:06:33Z,b4c8900041e9f8751755d3940ceac58419e6370cd81cdb90d7800de1,60.14699,24.922,00000000a53ed894,17.4
12237,2019-08-04T11:06:33Z,b50b3c2006581bccfeaa9ea964649350c7d5b8177baa29a37e628584,60.14947,24.91438,000000004ef3150d,25.36
12238,2019-08-04T11:06:33Z,b5cdbcdc30e0bf653ce353c867708b0067db5e394c8cbe848d978a77,60.14699,24.922,00000000a53ed894,11.7
12239,2019-08-04T11:06:33Z,b5f80d159e59c4558e49ea6fb68f6bc72ee9eb92bee60991bdf4e46f,60.16762,24.95415,000000006b44cce7,8.38
12240,2019-08-04T11:06:33Z,b601cd655bb9f05aa6ec86fc9eb9300c3bc20bc0e856e94ad168a257,60.14947,24.91438,000000004ef3150d,6.46
12241,2019-08-04T11:06:33Z,b68ee9d08dcd32b04a57eb2ff3d2582eff2a1332cddf4e8ed4e97f0c,60.17002,24.94407,000000006b087f40,21.87
12242,2019-08-04T11:06:33Z,b81a9bf449d3e64ad0181804598330bbf305f384b888935023742c79,60.173,24.92524,0000000096918cfa,29.32
12243,2019-08-04T11:06:33Z,b81e65168ea3278486b1c954ab229bc2eda3fe07098e824f05cd0ac4,60.149,24.9843,00000000fffb8cf0,21.87
12244,2019-08-04T11:06:33Z,b8f5834e6b992cf5568ae3153fb4b07e97b7f6dd01250851134c1824,60.149,24.9843,00000000fffb8cf0,29.32
12245,2019-08-04T11:06:33Z,b937531822c41bc03406f1880713f64de5a06a0a8711ef57fdf0ed20,60.16829,24.94214,00000000afef4555,13.75
12246,2019-08-04T11:06:33Z,b9447a524f5b5bf98585b27b92195b09869ee9cd9da3cf8d2b59c57d,60.16829,24.94214,00000000afef4555,11.7
12247,2019-08-04T11:06:33Z,ba288a5fd2befbc9ed08e7876ad7cb2bd8bfe6f5756d2ffe8e2dc558,60.17002,24.94407,000000006b087f40,4.94
12248,2019-08-04T11:06:33Z,bc07df8cc395f6f4f5d483b2233caca5f93a6918f346e4cc3702f8cc,60.16531,24.9442,00000000fdda10fe,18.79
12249,2019-08-04T11:06:33Z,be57346c6a31904c7a3c53b6a9e94df7c93f7f510d3b2ff733d214b6,60.16762,24.95415,000000006b44cce7,12.69
12250,2019-08-04T11:06:33Z,bf9ce5791ac57b111f0539859dbf4cadf8b08bde9d823abe44169ccd,60.16762,24.95415,000000006b44cce7,14.89
12251,2019-08-04T11:06:33Z,bfd5c2630b36fde15de01ea74e598d035402cf1edb7c9230617927e0,60.16762,24.95415,000000006b44cce7,5.41
12252,2019-08-04T11:06:33Z,c012e9e2caf1002d24e53817bb1279becdfc4aa9dba085e93ddd88e9,60.17002,24.94407,000000006b087f40,18.79
12253,2019-08-04T11:06:33Z,c190b2b98438e2e79fb5d2add3c063bbf98d30d208518a2fd9296add,60.16762,24.95415,000000006b44cce7,12.69
12254,2019-08-04T11:06:33Z,c27fee8ae8d689338b043608280c83cfa6f3276d3837ecea5f742dc3,60.16762,24.95415,000000006b44cce7,7.69
12255,2019-08-04T11:06:33Z,c2cc33e5b1b8d254d4bcbc0ffa13c9200676a39a191cc31a38d28d8d,60.17065,24.93641,000000000f4919c9,11.7
12256,2019-08-04T11:06:33Z,c2d88bc74172eb47d26ee5d739980baa7fc011b9973f9f18b482aa81,60.17065,24.93641,000000000f4919c9,5.91
12257,2019-08-04T11:06:33Z,c2e135ad2c160277e290705658ac41d7cd35b11ebf61d829fdd0b428,60.14699,24.922,00000000a53ed894,7.05
12258,2019-08-04T11:06:33Z,c45e3c4e8ec0fc85457d3b4ed4c49ed0116b4cf447e2983f353abcd8,60.16829,24.94214,00000000afef4555,10.78
12259,2019-08-04T11:06:33Z,c55894159f2080031cda702c78ee54463c3c15ab1b3638afdf687f08,60.16531,24.9442,00000000fdda10fe,9.12
12260,2019-08-04T11:06:33Z,c6a5b41d207684585e98025933e99a2376cc272052e4f7887b4184cf,60.16762,24.95415,000000006b44cce7,25.36
12261,2019-08-04T11:06:33Z,c6b0ea433c3fdc73e0bac7e3faa2690506c4e8ec7fc54210446a7ffa,60.14947,24.91438,000000004ef3150d,20.28
12262,2019-08-04T11:06:33Z,c7ced11121537f55bcd7d7ab67312226dafe7c85320c5357a35d5ab7,60.17002,24.94407,000000006b087f40,21.87
12263,2019-08-04T11:06:33Z,c8f8a7a901c692af2aec8031d27f0b7efc946f113895771f87fefe1c,60.14947,24.91438,000000004ef3150d,18.79
12264,2019-08-04T11:06:33Z,c990a15d27cfc21e63b7c96b95949254f1194e8b27118386a589e2bd,60.16897,24.95222,00000000aa852af1,13.75
12265,2019-08-04T11:06:33Z,cb2f32be2e27fc44ead887ff7f76c0199bf68b2c6711e6880f4acd01,60.16762,24.95415,000000006b44cce7,18.79
12266,2019-08-04T11:06:33Z,cb37b8fad0bc758cf37d7ea1052f3a98f29282ae37ec635d6eb2c511,60.16762,24.95415,000000006b44cce7,9.12
12267,2019-08-04T11:06:33Z,cd7d0e9404c9f4e8fab0742460b9acb4d5bbb97f44df80d4a8b973cd,60.17002,24.94407,000000006b087f40,5.91
12268,2019-08-04T11:06:33Z,cddbfc3b0a1459f0ea8d553779cf320d512cac6e64976182f2f0b3b7,60.16829,24.94214,00000000afef4555,12.69
12269,2019-08-04T11:06:33Z,d04b5065ec93818b731141027d11e6a1cf53de69b9737d7aea0c34da,60.14947,24.91438,000000004ef3150d,11.7
12270,2019-08-04T11:06:33Z,d162ad46250f7d87af446db22df4aa6b2eb2bf22f83beca34e857743,60.16762,24.95415,000000006b44cce7,7.05
12271,2019-08-04T11:06:33Z,d2035ce81fa46947bdf02a20f297b2df4144c7c0931db02ab0164fa6,60.14947,24.91438,000000004ef3150d,33.81
12272,2019-08-04T11:06:33Z,d20f68571773330f7b6490b006b2e952c9912b4ee05e20f0fc434698,60.16629,24.95957,00000000fb7600be,25.36
12273,2019-08-04T11:06:33Z,d22504ed69448b707ae074f5ccd9d0da25e386683d52a8df72481ef9,60.16762,24.95415,000000006b44cce7,12.69
12274,2019-08-04T11:06:33Z,d25e926dba8aa2c77f46ada32671b08b1176455c0e3693d160b87744,60.16762,24.95415,000000006b44cce7,10.78
12275,2019-08-04T11:06:33Z,d2fd0c6415d2d8e49fef3415fb8747b524191b4400a4fbb66428cb12,60.14699,24.922,00000000a53ed894,11.7
12276,2019-08-04T11:06:33Z,d4c9ea46d58288bf42808788e668072465d91dd3c874a8a51de5794e,60.16897,24.95222,00000000aa852af1,17.4
12277,2019-08-04T11:06:33Z,d6a8c97f1ec18c7a90d3beae358bad67f8d53626258a852e15b08c5d,60.14699,24.922,00000000a53ed894,9.12
12278,2019-08-04T11:06:33Z,d71a315bac918f9a18fcd820731e6d9eb54fb0d01c324ca088ef8858,60.149,24.9843,00000000fffb8cf0,27.28
12279,2019-08-04T11:06:33Z,d82f37918d46bea29e113c6b57b901b1b960ed3337bdcce777aea476,60.17065,24.93641,000000000f4919c9,27.28
12280,2019-08-04T11:06:33Z,d83c1c2d3a3876c948e277bace6d013eafc0c4e118958e138f8b1257,60.16448,24.97323,0000000053c6c2be,25.36
12281,2019-08-04T11:06:33Z,d86f155736e4d36de5d33bdbb3b12b717b75de44852b93419af20945,60.16829,24.94214,00000000afef4555,12.69
12282,2019-08-04T11:06:33Z,d8b9a851baeda04df9e9f2a188d41bbefa11fa2e757a54f8c81ddbe0,60.1538,24.95595,0000000038bf9618,13.75
12283,2019-08-04T11:06:33Z,d93fdd9bc3977abe9d2be18a17b3e7b11380d543e1a1a4923c6d10f1,60.16897,24.95222,00000000aa852af1,27.28
12284,2019-08-04T11:06:33Z,da2398acaae7f39c7b80c220d4e6917bdc7655f4c71b6e36d06cb859,60.18203,24.91341,00000000342570c2,13.75
12285,2019-08-04T11:06:33Z,dabb7edec36f560d07547c2595765be02b0731b3826f93f5c41b7120,60.16762,24.95415,000000006b44cce7,17.4
12286,2019-08-04T11:06:33Z,db45583e1f7aaaf54e100214986dfc86aa755383e86d361639a5b19b,60.16762,24.95415,000000006b44cce7,9.92
12287,2019-08-04T11:06:33Z,dba25c18a94a20a35b9a27ff605b1c40fd45b0263d884645052918e5,60.16829,24.94214,00000000afef4555,33.81
12288,2019-08-04T11:06:33Z,dc816e92e4a2eceea03f41fc379fda0e3d57b5d0fbd9a06430432022,60.16762,24.95415,000000006b44cce7,9.12
12289,2019-08-04T11:06:33Z,dcbd150d7326dc22a8ab087a0555b9c9549addd07f54aa909aa8ec1f,60.149,24.9843,00000000fffb8cf0,36.27
12290,2019-08-04T11:06:33Z,dda4b929b48bb959cb2b70d6ea3791e943739d8291b0c64930cbacdf,60.17002,24.94407,000000006b087f40,20.28
12291,2019-08-04T11:06:33Z,ddd0e663eb31ac94858d2a4e9af5e4782781e88c92102042190e6fcf,60.14699,24.922,00000000a53ed894,9.92
12292,2019-08-04T11:06:33Z,de48adf9d49eb3bc1d61dea4047618f6c77086fc44bd2b535d56504d,60.16762,24.95415,000000006b44cce7,6.46
12293,2019-08-04T11:06:33Z,e081e4b3252ca91bbf1cbb70faa116d60317fbf3a991a67bc99b4bfa,60.149,24.9843,00000000fffb8cf0,25.36
12294,2019-08-04T11:06:33Z,e0859a9c906151023376d86762070f38ba1b3859e671531b0edac6cd,60.16075,24.95883,00000000f1124bca,31.5
12295,2019-08-04T11:06:33Z,e1da87aea335bcd04e4c876158b96ebc7ba4206bc216c3aa27a2f4af,60.17919,24.95181,000000007b5207b6,5.41
12296,2019-08-04T11:06:33Z,e26862fdcdd4688d81b8fe05d1ac94c5f9b3192ddc50d4c66ad12cc1,60.16897,24.95222,00000000aa852af1,36.27
12297,2019-08-04T11:06:33Z,e305610124e16ed1411a221b29ce69a076cc47982efd6c098b0599ab,60.14947,24.91438,000000004ef3150d,9.12
12298,2019-08-04T11:06:33Z,e32e078697e70d6e3cb4b156ada3a4756315227b125615d7b5c116a7,60.16762,24.95415,000000006b44cce7,7.69
12299,2019-08-04T11:06:33Z,e44d7228cecbdb2474e1cc396a6c13943f09c08c19d0ffab1997d509,60.17919,24.95181,000000007b5207b6,16.1
12300,2019-08-04T11:06:33Z,e53a901aed874016e1cd1ed3e9b2891fca850986cb2fa04f5162cf52,60.16762,24.95415,000000006b44cce7,4.11
12301,2019-08-04T11:06:33Z,e557e164cd52fd817b02cad6587a294d72b0974d9b014ad69ea5e08e,60.17919,24.95181,000000007b5207b6,21.87
12302,2019-08-04T11:06:33Z,e5928057da667903de0b6c1245e1f58273dd85d63d8af0f4eaa771de,60.16762,24.95415,000000006b44cce7,13.75
12303,2019-08-04T11:06:33Z,e5b9b4813c081a31fb498e7f9adb94918c267dfa125c63790c0d9488,60.149,24.9843,00000000fffb8cf0,1.88
12304,2019-08-04T11:06:33Z,e675f053b5e39f622f919daf44b8b27ec63646d34ce88f291a97158f,60.16762,24.95415,000000006b44cce7,18.79
12305,2019-08-04T11:06:33Z,e9d59e25b58f33f70aad6832863cb59d7485ca55a1575558f92b74e7,60.16897,24.95222,00000000aa852af1,5.41
12306,2019-08-04T11:06:33Z,ea3eef2f497e934d53c3a02bfa190abb42a24ce200d24c69598dbf84,60.16762,24.95415,000000006b44cce7,7.69
12307,2019-08-04T11:06:33Z,eb09e242059d315d7f929b7befadc641eeddb95492babe81030cbabc,60.16829,24.94214,00000000afef4555,13.75
12308,2019-08-04T11:06:33Z,eb261026c6f65b651ddf21bed629a1e164cfb500d0b78062704ec15c,60.16762,24.95415,000000006b44cce7,4.5
12309,2019-08-04T11:06:33Z,ec485175d2b7a2c53d03bf546aee134c116d998976601b069570c6f9,60.14699,24.922,00000000a53ed894,14.89
12310,2019-08-04T11:06:33Z,eca1a609c675d971fcfba4277d230ccdc2de7805c629b1f5da9cc224,60.173,24.92524,0000000096918cfa,20.28
12311,2019-08-04T11:06:33Z,ecb1735f180422ec69f041cd2782a26c9f07d27a87893b3c30aaa9b7,60.16075,24.95883,00000000f1124bca,4.11
12312,2019-08-04T11:06:33Z,ecb5655da668bb183a5c270a96927649c323975e318184d248247099,60.16829,24.94214,00000000afef4555,17.4
12313,2019-08-04T11:06:33Z,ede13c9dc221bbc6c1daf78250fa6547303c06d7606c05ba0bf64547,60.17919,24.95181,000000007b5207b6,4.5
12314,2019-08-04T11:06:33Z,ef15ff71b7dc4c2088249a4fca7e28900ae315245a7a3b4d571bf582,60.16829,24.94214,00000000afef4555,11.7
12315,2019-08-04T11:06:33Z,ef33ccdfcdb12920eabb3306e0f86dc7e6060a5d3864b03e2de7e1ef,60.16897,24.95222,00000000aa852af1,12.69
12316,2019-08-04T11:06:33Z,ef45fdc095ee55730384922266d8fce61de212d3c3df2441ea10e524,60.14947,24.91438,000000004ef3150d,9.12
12317,2019-08-04T11:06:33Z,ef5e495c5f9d3dd9eb22ed5b8faf1cc9e4225d4785ebb26a87d16fff,60.14699,24.922,00000000a53ed894,7.69
12318,2019-08-04T11:06:33Z,f110acae92fec55c6caca5de864773a6b99e5b8d6e2fdf8d1bdbc759,60.16762,24.95415,000000006b44cce7,3.74
12319,2019-08-04T11:06:33Z,f11c02cbebb4049a29f10d2ee6aac8a9ca3b7b9609a39d69463461a1,60.17065,24.93641,000000000f4919c9,20.28
12320,2019-08-04T11:06:33Z,f15bd66e4c0cd72c6b1ba575d523d7878c30a781e6907b19d228368f,60.16762,24.95415,000000006b44cce7,16.1
12321,2019-08-04T11:06:33Z,f196f5f8c08299d290b3bac1944e00bb1f2c90594db66438b0c10e6e,60.16629,24.95957,00000000fb7600be,16.1
12322,2019-08-04T11:06:33Z,f1d44b9d3710849eba7eab0b6646053378aa5f8ee3491ec2522f3c44,60.14947,24.91438,000000004ef3150d,11.7
12323,2019-08-04T11:06:33Z,f2467c8ede6444941158701b7bd9d005beec9ffdb355ce2d8c7a9bfd,60.149,24.9843,00000000fffb8cf0,27.28
12324,2019-08-04T11:06:33Z,f43b8b2cf2c0bd291543858796d75b211d283ab73dcab5ad5dfd0aeb,60.16897,24.95222,00000000aa852af1,11.7
12325,2019-08-04T11:06:33Z,f4b9fc6acb673aea24fe00dfbe806b81fedab0c2ea82d781f7659ce5,60.16762,24.95415,000000006b44cce7,4.5
12326,2019-08-04T11:06:33Z,f5ffa3dbcdd5592ac31344cb04a7a6d639109a4d6e196fa0df3990dd,60.17065,24.93641,000000000f4919c9,29.32
12327,2019-08-04T11:06:33Z,f616fbd0fde8316049c3068ae4368dc9f486f8da4bf5516e9ba82578,60.16897,24.95222,00000000aa852af1,8.38
12328,2019-08-04T11:06:33Z,f62b86ef56fa9417b0128f2fff6530aed6f2a50d3f65bbbfdcbbee59,60.16762,24.95415,000000006b44cce7,10.78
12329,2019-08-04T11:06:33Z,f6a67ff84820eaf13cebbf7255a83e978a07b3389f0ffda20b5842c7,60.14699,24.922,00000000a53ed894,18.79
12330,2019-08-04T11:06:33Z,f756416830b046336a677173f34b00e83412904998e92cfb4ebe207d,60.16762,24.95415,000000006b44cce7,16.1
12331,2019-08-04T11:06:33Z,f77d86d6fcfc6cc5ce50a14177a7100c8967fa5947fc13e3a198e345,60.16762,24.95415,000000006b44cce7,18.79
12332,2019-08-04T11:06:33Z,f855918d61069661cbf8633b228a5fb9e5cd5ea7b2946bfc5b9fc315,60.16829,24.94214,00000000afef4555,17.4
12333,2019-08-04T11:06:33Z,fa1579394f4980e1fe11248f7be4e646b601a3d8cdb9361f182d066c,60.16762,24.95415,000000006b44cce7,9.92
12334,2019-08-04T11:06:33Z,fb197be4589e2d16cfe2899ae06282639009e64a5bff759f4a8a3e43,60.16629,24.95957,00000000fb7600be,17.4
12335,2019-08-04T11:06:33Z,fd4b10351ea2c76bdcd77442b4ff956f58ff84fa8cd9747175d3e9a6,60.1538,24.95595,0000000038bf9618,18.79
12336,2019-08-04T11:06:33Z,ffb7319984ecae155652e100da9b204f0b92f3b6c7239cfea4dcf966,60.14699,24.922,00000000a53ed894,16.1
12337,2019-08-04T11:06:34Z,004c3624f943830bc6a9f17173a2cd0996622cade5184ad2b9fba729,60.16897,24.95222,00000000aa852af1,8.38
12338,2019-08-04T11:06:34Z,048a4191e2e9ce1733556eda54c4123345c70aeced0f8ecf7d52b916,60.14699,24.922,00000000a53ed894,23.56
12339,2019-08-04T11:06:34Z,1142f5b6806b1ec7d8d47d47013eb530d8a7418f6934d8867b20966a,60.16829,24.94214,00000000afef4555,23.56
12340,2019-08-04T11:06:34Z,14c7e1511b70f4dd3359cbece1377aebb4d70531f5489eefe53d7c3c,60.16544,24.95398,0000000038d83d41,27.28
12341,2019-08-04T11:06:34Z,165ebbb4090d47319ae370f0d0854fdc1f6b79499f8b2e4d3c3533c0,60.16544,24.95398,0000000038d83d41,29.32
12342,2019-08-04T11:06:34Z,16c994bb2e24124a910c247376d16e980a65626a94c4c0aaab27df60,60.16829,24.94214,00000000afef4555,20.28
12343,2019-08-04T11:06:34Z,25a7ff811c3c06e426c7c2cbb0433d9a2a3399b23afecbd35584ab0f,60.18203,24.91341,00000000342570c2,16.1
12344,2019-08-04T11:06:34Z,29016fc5853bb802e42e93eb5fd98882d64029327d793a2f2335b9e4,60.16829,24.94214,00000000afef4555,13.75
12345,2019-08-04T11:06:34Z,32dd92b5a658392a4ec84eaf95152ee72258b6b0fb670b97882ac902,60.16829,24.94214,00000000afef4555,5.91
12346,2019-08-04T11:06:34Z,43b676ed3aef4c2d8846694817e76117873be52e7f788e0cb366c1c4,60.16629,24.95957,00000000fb7600be,29.32
12347,2019-08-04T11:06:34Z,44d0b94469070803869f229601e877beb613c3f5aafa009addf97a1a,60.16544,24.95398,0000000038d83d41,21.87
12348,2019-08-04T11:06:34Z,4656bad9b5e6dfc3977eca308fc1db3dbf8b0204b90d09b001da242e,60.1638,24.96846,00000000d747f075,21.87
12349,2019-08-04T11:06:34Z,4774d3de2115f3cfeff91dc17ed763964fe86825629003f82ee45b2b,60.16762,24.95415,000000006b44cce7,7.69
12350,2019-08-04T11:06:34Z,5d65719c4cbf045f068d084b72302f447d5fd034413d97d13be00d0e,60.18203,24.91341,00000000342570c2,21.87
12351,2019-08-04T11:06:34Z,5eed115a984d490b02b602d73787aee8dc8c4e9365b77fbff3818a76,60.16629,24.95957,00000000fb7600be,18.79
12352,2019-08-04T11:06:34Z,69219e9efa41ae9e732653e9eaf08e1a34cb853a9dafe76ddeea4d04,60.16897,24.95222,00000000aa852af1,20.28
12353,2019-08-04T11:06:34Z,6a70e2fbced719333e21eff04fcb9cb36bae9a04d1a3d6ddd96f2c58,60.15432,24.9211,0000000019fb59c4,5.91
12354,2019-08-04T11:06:34Z,6f06341f358e61699fe1e55e986dd0554bc8da28b91daf0c5ad99db6,60.16629,24.95957,00000000fb7600be,21.87
12355,2019-08-04T11:06:34Z,87dfaad29a9276ddddb1fa021d3bc23ad14824c1af16f7d87e713689,60.14951,24.92138,0000000006dd41f6,9.12
12356,2019-08-04T11:06:34Z,88808fe92573e9cdf022cc15b9689b6b4b9429f60513c8897b0ba4c7,60.16897,24.95222,00000000aa852af1,23.56
12357,2019-08-04T11:06:34Z,89982a6acf91b79a282a6b63978e946ee205f303fcd20e944e06baf0,60.16544,24.95398,0000000038d83d41,27.28
12358,2019-08-04T11:06:34Z,92524354048a0b73aacc2745ecface2dec61989197d03321c59b8821,60.14699,24.922,00000000a53ed894,20.28
12359,2019-08-04T11:06:34Z,92a4351b20078e469332532ec495e838559c62590b166cce41762939,60.16897,24.95222,00000000aa852af1,25.36
12360,2019-08-04T11:06:34Z,9843c6216661048343a0e49cf3d8aa2883cf77f452666a1c873a1052,60.16448,24.97323,0000000053c6c2be,11.7
12361,2019-08-04T11:06:34Z,9992834418850939882f3b334eee492eb98d4f9d6d6118f9ee108793,60.16762,24.95415,000000006b44cce7,4.94
12362,2019-08-04T11:06:34Z,9c8556ea519835172f09c20e7688066eeec8e7f74a0c6fa3df3d9c5f,60.16829,24.94214,00000000afef4555,20.28
12363,2019-08-04T11:06:34Z,9fc0711d7e7722eff7faa0cb6f17846680c06515c1eb93dd49ebcf25,60.14699,24.922,00000000a53ed894,23.56
12364,2019-08-04T11:06:34Z,a13e5d46f0a2d1c6b58878e1b198905e9b14e3a85b5e4adab88b4b87,60.16762,24.95415,000000006b44cce7,12.69
12365,2019-08-04T11:06:34Z,a3758affe1deba4cd791b32946ddeaa26af8b554e4b9673dd258f229,60.1638,24.96846,00000000d747f075,47.69
12366,2019-08-04T11:06:34Z,a91d379a4b57c5df22db0d7a041ff69f657b4b31f28554b1011fc03c,60.16544,24.95398,0000000038d83d41,29.32
12367,2019-08-04T11:06:34Z,b5fd6b317890e5ab2d79e2cd1abe61626d45a753c7337d0d40728898,60.16762,24.95415,000000006b44cce7,13.75
12368,2019-08-04T11:06:34Z,b936e41d8712ae967f3ebb413fc44f060bb10613f95537757886ede2,60.16762,24.95415,000000006b44cce7,9.92
12369,2019-08-04T11:06:34Z,bca443064699e0ac05c40e587aef06d7fd580817e739133a501490bc,60.14699,24.922,00000000a53ed894,20.28
12370,2019-08-04T11:06:34Z,bfcaefe93f7fcb6aad6e62e3da473a7b5b03a62db532dad02a7d3559,60.16762,24.95415,000000006b44cce7,16.1
12371,2019-08-04T11:06:34Z,c40c37def6bf11a63a2556519a7c6233fd417cdeea2cf14f28e7c42c,60.16531,24.9442,00000000fdda10fe,23.56
12372,2019-08-04T11:06:34Z,c54f2dd0590c650ad3e52a68193db3173db5e74f90f69faa1e2d6bb0,60.16762,24.95415,000000006b44cce7,6.46
12373,2019-08-04T11:06:34Z,ca6927628f5ddda20036865c9345ad93d476d62ade3b181de568eed6,60.16897,24.95222,00000000aa852af1,23.56
12374,2019-08-04T11:06:34Z,ce197d5eedb5498917afe7ca3f7275ffeb191f0c5d050bffa154c1d2,60.16531,24.9442,00000000fdda10fe,25.36
12375,2019-08-04T11:06:34Z,cf05623e4d87ce0906c0b0b7dbf53aacc1228016cd27c341228b6e76,60.18203,24.91341,00000000342570c2,18.79
12376,2019-08-04T11:06:34Z,dbeb00942457ba3c5fb1984b57b1dedb268c0e761e80729b939f1fd8,60.16544,24.95398,0000000038d83d41,23.56
12377,2019-08-04T11:06:34Z,e224ae5ea47af2e3048f83b13a1f45dc135c0ca6be72547b01729086,60.1538,24.95595,0000000038bf9618,25.36
12378,2019-08-04T11:06:34Z,e96bd269a48b822b06141c3362fcb6d5ed4d0d09a120f2e4a712d5c2,60.16897,24.95222,00000000aa852af1,33.81
12379,2019-08-04T11:06:34Z,f088630d7476dae7d4b7e2bb1f10575f2c89acb4b6e061f3d57c2b40,60.16531,24.9442,00000000fdda10fe,29.32
12380,2019-08-04T11:06:34Z,f30a5193aa7850aac581b8dd71512a8712c96f36fdef78d8292d4788,60.16762,24.95415,000000006b44cce7,4.94
12381,2019-08-04T11:06:34Z,f31cfded6f566f9c032c80c52ea642407be312c5d42521ab7a8d3e2a,60.16897,24.95222,00000000aa852af1,21.87
12382,2019-08-04T11:06:34Z,fc4f3a44235f1cfc7b53f14ba2da599976a5a0a220d23b852688e485,60.17919,24.95181,000000007b5207b6,10.78
12383,2019-08-04T11:06:34Z,0043f38f4fb6545d7c033c9a8f8c18106aa0c2c841f28a15dd722e9d,60.14699,24.922,00000000a53ed894,16.1
12384,2019-08-04T11:06:34Z,007540b1ada16f6000987e20cd81a3deb18b2aea4cb95b50e099dcee,60.17065,24.93641,000000000f4919c9,16.1
12385,2019-08-04T11:06:34Z,00dae8e6c0b169e69db1d1435e478728f9318e16ee31ff03e5572236,60.16629,24.95957,00000000fb7600be,13.75
12386,2019-08-04T11:06:34Z,0236a1d5b9b9d2249407a79705eee38de360ceb0530a8959ba5bc15b,60.149,24.9843,00000000fffb8cf0,10.78
12387,2019-08-04T11:06:34Z,02a354db29cd5bc16976a9d933e03a41be350f9cc78098829a7dcfd4,60.14947,24.91438,000000004ef3150d,17.4
12388,2019-08-04T11:06:34Z,03204cdd97728dc59f21f215f75460ac8fe2fa56720a88e869c6f56d,60.16829,24.94214,00000000afef4555,14.89
12389,2019-08-04T11:06:34Z,0495ba0a1c04e0262f37eaa32084a173acc00638a16e76bb922b97dd,60.16762,24.95415,000000006b44cce7,13.75
12390,2019-08-04T11:06:34Z,07d9aa9fe10e58c26960ba10eb2f13607a7cea0226acaecbdcc52508,60.16762,24.95415,000000006b44cce7,7.05
12391,2019-08-04T11:06:34Z,08b10b51864dc039f0a07c997e66e7a263ee1cde5b0b88b2a1178c58,60.16829,24.94214,00000000afef4555,18.79
12392,2019-08-04T11:06:34Z,0934f41ee040b3f13c700adbb45398901bfbd922fcb8b2751b4da4cd,60.16762,24.95415,000000006b44cce7,23.56
12393,2019-08-04T11:06:34Z,09d860c7528d7b2fe49e80929535e6218773e06bd69f3b9510284db6,60.1538,24.95595,0000000038bf9618,21.87
12394,2019-08-04T11:06:34Z,0b45b52bc137c31ce83561c857f809296ec70f5537976a4a4d573d4f,60.16829,24.94214,00000000afef4555,17.4
12395,2019-08-04T11:06:34Z,0b49dcea1b7eab22f4ebd0c7666ded5b59fe092b8bdd4aa9eda6326d,60.16762,24.95415,000000006b44cce7,3.74
12396,2019-08-04T11:06:34Z,0c959027ce302054b09087cac97a83aa7e24fb9e4fa2710763f912cb,60.16829,24.94214,00000000afef4555,2.8
12397,2019-08-04T11:06:34Z,0d2490ed58c11eb4a754a30cc4bcb21c7243d322a2caf7cc360e4e8c,60.17065,24.93641,000000000f4919c9,12.69
12398,2019-08-04T11:06:34Z,0e113c5ed3abcdfb31d27c3125f6cf01e3b96e4ed7eca1aaea855f77,60.14947,24.91438,000000004ef3150d,12.69
12399,2019-08-04T11:06:34Z,0e9170bc93107bf16cd12839eca9ea157f19169d66085e8a435b0f1d,60.16762,24.95415,000000006b44cce7,7.69
12400,2019-08-04T11:06:34Z,0fd26c6e46f4d73b276223942e56c38bc9b8e4566239f8a77261657b,60.17002,24.94407,000000006b087f40,23.56
12401,2019-08-04T11:06:34Z,1083b7adffac22c0fd933b3dd2c5bb41ddc6258467eed8d56f93dc01,60.16762,24.95415,000000006b44cce7,25.36
12402,2019-08-04T11:06:34Z,1107822441d53ff89eb9cb0d022a37202aed47bd82dca4bc175d6837,60.16762,24.95415,000000006b44cce7,9.12
12403,2019-08-04T11:06:34Z,1327ce24f157334f864f913637993c80380ce5f5c911e4b0d31c5eb7,60.149,24.9843,00000000fffb8cf0,4.11
12404,2019-08-04T11:06:34Z,13b0a8ca1414d7b2b0e8d5f80069a5d26c6f62a68b58eda25a4b85f4,60.16829,24.94214,00000000afef4555,10.78
12405,2019-08-04T11:06:34Z,1556d4a76070c26554efa12b4b9c53766a4cc394e8b74ee37f2fff65,60.17065,24.93641,000000000f4919c9,14.89
12406,2019-08-04T11:06:34Z,182e58bd6c3c8d836225d454a878bc55d8ed5166564a22f8b635f6ff,60.14947,24.91438,000000004ef3150d,12.69
12407,2019-08-04T11:06:34Z,1921be9815a57f11f291ca085add7b4bf1d044518b03b725df7cf7d5,60.149,24.9843,00000000fffb8cf0,14.89
12408,2019-08-04T11:06:34Z,19db84758eba08a5f9bb56b0ff91d05286765c8e8dfa31bd0b2aaa1c,60.14947,24.91438,000000004ef3150d,13.75
12409,2019-08-04T11:06:34Z,1a06b5f7f305badd45e93db9d86d76ed3a2a96ec55ec47c836921e3e,60.16762,24.95415,000000006b44cce7,9.12
12410,2019-08-04T11:06:34Z,1a9a0f74c353624c42c19c007e82c9c2547b7285d8353d0e375e3f05,60.14699,24.922,00000000a53ed894,8.38
12411,2019-08-04T11:06:34Z,1c38009e9b89bd8b0d6744bf54ebae9a8ad2dc2868cdfc3f2e399509,60.16829,24.94214,00000000afef4555,4.94
12412,2019-08-04T11:06:34Z,1c8c3befa38b65f707dd4933a68e5e3c9e7c82592fd382779127416b,60.16897,24.95222,00000000aa852af1,17.4
12413,2019-08-04T11:06:34Z,1c9aa21b85f6dc63cc56eb960e89cdeaa6da27738f3fcc4fbee8ee17,60.16762,24.95415,000000006b44cce7,21.87
12414,2019-08-04T11:06:34Z,1ce242f8d8220cd38bf3ea9138c99ae9b2f79b28e68edb864f090ec9,60.149,24.9843,00000000fffb8cf0,9.92
12415,2019-08-04T11:06:34Z,1de509b10ed308796e82bb0f51f17f68e2fdfbcc3d6bed69c40eb7fd,60.173,24.92524,0000000096918cfa,29.32
12416,2019-08-04T11:06:34Z,1f6e5095c2c365e120a526c9111895459bc08fb351b964a350cdb64f,60.16762,24.95415,000000006b44cce7,17.4
12417,2019-08-04T11:06:34Z,1fa2c533bba37b249a0105001153733e67a559d40c22cab67f135f64,60.14947,24.91438,000000004ef3150d,3.4
12418,2019-08-04T11:06:34Z,221dba1f7562b992e9c11d7d1331a44ac293bc301248736c8432deb2,60.16762,24.95415,000000006b44cce7,16.1
12419,2019-08-04T11:06:34Z,227b93698b29687beea48184f42aab63a21fa362af7251be32db2e15,60.16531,24.9442,00000000fdda10fe,3.09
12420,2019-08-04T11:06:34Z,23f10190151386d4050571cb299410bc0285ed980b0a00f088e01cf0,60.16762,24.95415,000000006b44cce7,9.12
12421,2019-08-04T11:06:34Z,2535cb5c89ec66044a005b03dd769ca8d0022164a816c06db0e49892,60.16762,24.95415,000000006b44cce7,5.41
12422,2019-08-04T11:06:34Z,2671a156fa8d8bb05970481c8f83bcf9f261f73dae27f2bb9ac88aeb,60.14699,24.922,00000000a53ed894,23.56
12423,2019-08-04T11:06:34Z,2724e42551f43106ea58a8fcc6a43953baa1294cd65e17a90012f706,60.17065,24.93641,000000000f4919c9,0.5
12424,2019-08-04T11:06:34Z,28741c2e5e348fe81dec0518a21c0930c98a25b6fcece61a262d50de,60.14699,24.922,00000000a53ed894,14.89
12425,2019-08-04T11:06:34Z,2977d3c4f181abb6662adf1d466a62167e2690a9c94dc53e5aa6a904,60.16762,24.95415,000000006b44cce7,8.38
12426,2019-08-04T11:06:34Z,29f5adc4d67413b7d368e8e94a41cf48339e3f5f0903f660170c4fe8,60.17919,24.95181,000000007b5207b6,9.92
12427,2019-08-04T11:06:34Z,2a334446463c0c30b6183affed3493e5b0fefc5fae3085991b3159ea,60.16829,24.94214,00000000afef4555,29.32
12428,2019-08-04T11:06:34Z,2bade3cfae68c5f3e9df9c6f8327c0cbd36d37a09ade6c16bfb24289,60.16829,24.94214,00000000afef4555,18.79
12429,2019-08-04T11:06:34Z,2d0349a4148a147b05e00cd46c137dd208ba2a8ce9327b493615f1a6,60.16829,24.94214,00000000afef4555,10.78
12430,2019-08-04T11:06:34Z,2de87ef94604fb63bec05eefb71b6cdd0b9807f8551159c2a35e7259,60.17065,24.93641,000000000f4919c9,4.5
12431,2019-08-04T11:06:34Z,2e6e6f89a7d75f0742d016de203c9acc8d6f6bdeb7b56bd12f482653,60.15432,24.9211,0000000019fb59c4,9.12
12432,2019-08-04T11:06:34Z,2fe2e4165984d7880628aec591ce4747f18947da70312e6afca2946b,60.14699,24.922,00000000a53ed894,8.38
12433,2019-08-04T11:06:34Z,30bee351808d5e8082ce012b57f5bc0efc80f8394491a182e0eeee32,60.17918,24.95141,00000000675d5200,17.4
12434,2019-08-04T11:06:34Z,31659a798f1d780d587f07390c038a78fafa6cabb8180dba635863ce,60.17002,24.94407,000000006b087f40,11.7
12435,2019-08-04T11:06:34Z,33a5da4eacfc49fefa067790c9fada1a86d9793367ded845a46f0779,60.16829,24.94214,00000000afef4555,12.69
12436,2019-08-04T11:06:34Z,3417d8a6b53687e70f126ebeb1d26a2ff6369dc9a551c3c35c5a04f9,60.17002,24.94407,000000006b087f40,12.69
12437,2019-08-04T11:06:34Z,35f337dd3baf0bc08002ec007d609b685ac29bb2a8bcad6783532a6b,60.16829,24.94214,00000000afef4555,31.5
12438,2019-08-04T11:06:34Z,3670a148a52771f0ff5af161725f65b86873c09eea1a7697861c0438,60.14699,24.922,00000000a53ed894,18.79
12439,2019-08-04T11:06:34Z,374083907dd8980893623726af5633afd59b519c885ad12ba5c674eb,60.17002,24.94407,000000006b087f40,14.89
12440,2019-08-04T11:06:34Z,38561a086c97342a24583c26b33205da50e3e973a8147fe016a4a9ff,60.16829,24.94214,00000000afef4555,2.3
12441,2019-08-04T11:06:34Z,386dea4944e0b83648b4b6faf510fd47b0e9e29a2bb9311fe8a80ee2,60.17919,24.95181,000000007b5207b6,20.28
12442,2019-08-04T11:06:34Z,38fe4d3136f12b444ebe10b0db89d752ecc9527c799d1dbb1a3f12e1,60.1538,24.95595,0000000038bf9618,38.87
12443,2019-08-04T11:06:34Z,3991e38309311c3fd5aecdcf3290274a5742396d989a81387bf154ae,60.17002,24.94407,000000006b087f40,20.28
12444,2019-08-04T11:06:34Z,3ac85712ab657e849113d439795c4e7325d1025cacdbd9a41174b031,60.17002,24.94407,000000006b087f40,25.36
12445,2019-08-04T11:06:34Z,3ac9d056b0f04f774b238a125eb996d46437f7a8c5f6ba6712e971cf,60.17918,24.95141,00000000675d5200,9.12
12446,2019-08-04T11:06:34Z,3b355c039877bd4883845f3fc6ad8dd6f41f170274042f1397585680,60.149,24.9843,00000000fffb8cf0,20.28
12447,2019-08-04T11:06:34Z,3b5030adc7c303403a6333a1a6d35474c2f21c1d20ece72180660423,60.14947,24.91438,000000004ef3150d,17.4
12448,2019-08-04T11:06:34Z,3c545ca8c42e2a9a876f2500f6aee220e5fe1c178dd132136643754b,60.16897,24.95222,00000000aa852af1,25.36
12449,2019-08-04T11:06:34Z,3e36420df19c06796a79acdad84551653de9b0132cb0987329f75291,60.16897,24.95222,00000000aa852af1,17.4
12450,2019-08-04T11:06:34Z,3f5d3aed90718f7fb8e8a13ac7002718cc22cbe190beb96821ba52e6,60.17065,24.93641,000000000f4919c9,18.79
12451,2019-08-04T11:06:34Z,3fde075082af3062c2bebc5e09ad55bda3de70b5f492bdfb21f284c9,60.173,24.92524,0000000096918cfa,10.78
12452,2019-08-04T11:06:34Z,3fe4e214448b0c9a8dfbee81c347d82a8f0b26859201fb1d77f40fa9,60.16762,24.95415,000000006b44cce7,9.92
12453,2019-08-04T11:06:34Z,40d64df305477f26745a445a97098d36570a8e02616b93a3f562bb21,60.16629,24.95957,00000000fb7600be,13.75
12454,2019-08-04T11:06:34Z,411febba567281e3da6030aa21191fe5efdd090f54aec41ca291563a,60.16897,24.95222,00000000aa852af1,18.79
12455,2019-08-04T11:06:34Z,418e60b0ee35b014e7a8a378f3491cf2333e2a022ba6ec632170228d,60.18203,24.91341,00000000342570c2,14.89
12456,2019-08-04T11:06:34Z,439ff6b8ff9dc79d47e223164a87fc2d620f29bc7ea1bc7ea4c5cc58,60.16897,24.95222,00000000aa852af1,23.56
12457,2019-08-04T11:06:34Z,44703b8dd01d3bd79585c9c7e12217e1ac152f86e2b0c9ed6be4bc19,60.16544,24.95398,0000000038d83d41,16.1
12458,2019-08-04T11:06:34Z,4538bf4d0ca02f13fad76c46f7b34e72978c49b0cdfe4ea9fe151a50,60.16762,24.95415,000000006b44cce7,11.7
12459,2019-08-04T11:06:34Z,465eab28635efe98500085ceb161cf941d02272a0107fbbfb2203c29,60.16829,24.94214,00000000afef4555,16.1
12460,2019-08-04T11:06:34Z,46b576e18e757fc4ec008b41d3c28ec5415a2c2c2f143042e5413137,60.16762,24.95415,000000006b44cce7,10.78
12461,2019-08-04T11:06:34Z,46b81e0dd10fe05195c050bacd41d57feeca0e044b6b317ac22a8656,60.16762,24.95415,000000006b44cce7,14.89
12462,2019-08-04T11:06:34Z,474c1d4ef0fa3c491e44755d0374e003730bcfdbda15e3af17bd0aaa,60.14699,24.922,00000000a53ed894,14.89
12463,2019-08-04T11:06:34Z,47f787c639f2eed345eb5dca409ffcd989850399a1ab781500dd6e82,60.17919,24.95181,000000007b5207b6,4.94
12464,2019-08-04T11:06:34Z,4800d49ec59e1cde34360defcce4c2a0c6a58919303c1fe6fdebceec,60.16762,24.95415,000000006b44cce7,7.69
12465,2019-08-04T11:06:34Z,4833b1ea4f519407574f5a838d93a39de28c756c5f53de7ee273b577,60.14947,24.91438,000000004ef3150d,7.69
12466,2019-08-04T11:06:34Z,4935f07cb3fed2c0574bac93dbe39eaf9189f5aca741c94a0e3b5a86,60.15432,24.9211,0000000019fb59c4,23.56
12467,2019-08-04T11:06:34Z,4954540aca30f8f56f918178fbd53ee48ddef7a231d425061f6b2f6f,60.18203,24.91341,00000000342570c2,31.5
12468,2019-08-04T11:06:34Z,4a2286eca689d9c867cfa19d43b9b917d29769b66b9e0a968f6c3859,60.16897,24.95222,00000000aa852af1,20.28
12469,2019-08-04T11:06:34Z,4a54cbed9c373a4136f8851f3f5736eb2fadd5766d316eb5ebbdd231,60.17919,24.95181,000000007b5207b6,14.89
12470,2019-08-04T11:06:34Z,4a912b6c106b63933a8c9cc39598823bcb2c94d4b1cc8a5d55cb3972,60.16829,24.94214,00000000afef4555,13.75
12471,2019-08-04T11:06:34Z,4ae55b5046b30303930ee339fa9c70c922844d1bfe89a2e7180d53ad,60.16829,24.94214,00000000afef4555,20.28
12472,2019-08-04T11:06:34Z,4b5b3e8f2b484bc08b196c265f65c70151bd69f6263318eb29125db2,60.16829,24.94214,00000000afef4555,4.5
12473,2019-08-04T11:06:34Z,4cf634fc84e128c3b9bce07a4b726d136e18f0eea4229fdbb48f6db1,60.16897,24.95222,00000000aa852af1,23.56
12474,2019-08-04T11:06:34Z,506211a500ff24dd0959d78fbfe3cf1b80fa5241f39610f16b312a71,60.16544,24.95398,0000000038d83d41,23.56
12475,2019-08-04T11:06:34Z,52daa31a2b3c1c07f78d96ebb4de3a965da5ef0a8035afbd0f7451fb,60.16531,24.9442,00000000fdda10fe,21.87
12476,2019-08-04T11:06:34Z,538f05c49f43aea0fda8bfcfd03d1ac2fc05b55d83fda538cd91e2a4,60.16762,24.95415,000000006b44cce7,8.38
12477,2019-08-04T11:06:34Z,541f330d2ded03609f551d02b8149da9cd07ee36aeee630f8fc9de8c,60.14699,24.922,00000000a53ed894,27.28
12478,2019-08-04T11:06:34Z,54d53f276563f566e1cd61b100408412cf78b4fe9fcada830aa6e23b,60.14947,24.91438,000000004ef3150d,11.7
12479,2019-08-04T11:06:34Z,5518b2315c236d486c7a5a4fc27c44987672b2f9a0751ffdaa9cbf78,60.16829,24.94214,00000000afef4555,3.09
12480,2019-08-04T11:06:34Z,56101419005237b836e4ed14d91dfa6f9edc4c92b5fcb419943897bb,60.16762,24.95415,000000006b44cce7,7.69
12481,2019-08-04T11:06:34Z,56318cc7f3616fceec2564cbb1f6ca8b88ea861935a1ada93aafd7b0,60.16897,24.95222,00000000aa852af1,13.75
12482,2019-08-04T11:06:34Z,565a35900ed1794a9d566f6fc12f2710875a10eb7c8e6fa0ddd92626,60.14699,24.922,00000000a53ed894,8.38
12483,2019-08-04T11:06:34Z,571934189bf349efb6f596e76c21612cf9b82ed44913090169936048,60.17065,24.93641,000000000f4919c9,16.1
12484,2019-08-04T11:06:34Z,586f70961bf72597ce00f89d3602178ecc6ac8838a8acec48bba7f9f,60.14699,24.922,00000000a53ed894,7.05
12485,2019-08-04T11:06:34Z,5a730ea19664020323272509e5443616ea3f1cecd7b295e294be4ba7,60.14947,24.91438,000000004ef3150d,10.78
12486,2019-08-04T11:06:34Z,5a755f0653ee0e334448418099ed85023db0a9984c280cfbadd74160,60.173,24.92524,0000000096918cfa,29.32
12487,2019-08-04T11:06:34Z,5b1df59a8f10fc0c1548e114caf6a457ff880d853d529f675372b0b0,60.16762,24.95415,000000006b44cce7,14.89
12488,2019-08-04T11:06:34Z,5b3d706018287c0b59ea341821814ec23f2ee7e3227bb79e3c2c1114,60.16762,24.95415,000000006b44cce7,12.69
12489,2019-08-04T11:06:34Z,5d9aa6fcb0d81ceaa80ca13cc08a88138be517656646e0ba0942ce46,60.16897,24.95222,00000000aa852af1,14.89
12490,2019-08-04T11:06:34Z,5f5805a3ffd092506452c4d45ea8fc037ae23ea726f0b0809ca6ffde,60.16829,24.94214,00000000afef4555,13.75
12491,2019-08-04T11:06:34Z,6138e6ab3e1e74425af8945a6fcc294c1469a0b9c448b780bcf9d2e2,60.14699,24.922,00000000a53ed894,9.92
12492,2019-08-04T11:06:34Z,62d86ee13e6ae7a5c41ffc2de746df72d4ef6e8d2b6a51ce1c68965f,60.16829,24.94214,00000000afef4555,8.38
12493,2019-08-04T11:06:34Z,63e498fd789abe431cdf86f184a50616c85717e1efc893da1e1a2222,60.16897,24.95222,00000000aa852af1,29.32
12494,2019-08-04T11:06:34Z,64d10ef0926ecca987bad278990d966d8fac8775f03847d1f5a4a2f6,60.16762,24.95415,000000006b44cce7,9.12
12495,2019-08-04T11:06:34Z,658aacab016460cfc38879944e374640737b32d7291a40aed8b8845c,60.16897,24.95222,00000000aa852af1,21.87
12496,2019-08-04T11:06:34Z,66755836036c771e53ffd9d0dc09b8575231b53b80af22e868691a2a,60.14699,24.922,00000000a53ed894,5.91
12497,2019-08-04T11:06:34Z,697103160f0b3dc0ba38ccdd18203ae84ec35fc314322d1172c093b2,60.16829,24.94214,00000000afef4555,5.91
12498,2019-08-04T11:06:34Z,69852d528034ea6fc746ed8942c32f1c90bc33a7a7317dfac3c9b1c1,60.14699,24.922,00000000a53ed894,9.92
12499,2019-08-04T11:06:34Z,69b325e07052873a256bfc38196eacb0c425d5ef40d2199017d3736f,60.14951,24.92138,0000000006dd41f6,20.28
12500,2019-08-04T11:06:34Z,69d8c906060e226ff0f0f7e78029575f2ee07ebec657a3b641419268,60.14699,24.922,00000000a53ed894,21.87
12501,2019-08-04T11:06:34Z,6ac1903c80e63433e4bc744dc0e801bff647117d38d3753fb9a6a4c1,60.173,24.92524,0000000096918cfa,12.69
12502,2019-08-04T11:06:34Z,6ac8fdd67b3dd11f0bae935f3a285880138382088238b97f511d3f12,60.16897,24.95222,00000000aa852af1,20.28
12503,2019-08-04T11:06:34Z,6c97da4ba9462e7fe786a472989dab23340d31809dd78d5617204da4,60.16829,24.94214,00000000afef4555,9.12
12504,2019-08-04T11:06:34Z,6e2fbf091d5c86667e060d7ec44f48f0f5d7b1d55b1899f2939f247a,60.16762,24.95415,000000006b44cce7,14.89
12505,2019-08-04T11:06:34Z,6e492dbc3f10157e7ff00826a839a97262ab36244ccc57b702a89999,60.16531,24.9442,00000000fdda10fe,10.78
12506,2019-08-04T11:06:34Z,6faf62fbff92729472d61bc9a13a5e72833e55bf713863161f8ca9cb,60.15432,24.9211,0000000019fb59c4,25.36
12507,2019-08-04T11:06:34Z,700c14fe35186c01f82d0f13e99678e0c1db2b2fd58051b08fda606a,60.16448,24.97323,0000000053c6c2be,25.36
12508,2019-08-04T11:06:34Z,70865ff0fd32dc9fc73f25e929a40535a717664003e66c14224a9d90,60.16762,24.95415,000000006b44cce7,8.38
12509,2019-08-04T11:06:34Z,70cc7b0a8e166380ca0fbc55a58d9a59c9de9f05a9f95ebb82482d5a,60.16762,24.95415,000000006b44cce7,14.89
12510,2019-08-04T11:06:34Z,70ffae2b8178e0915c5de7816f8dd8bcc3af745ee49df8ac4da4adba,60.17918,24.95141,00000000675d5200,17.4
12511,2019-08-04T11:06:34Z,714e80a1e3c0fee43e312f314b2faec47e582ee8dac47e4818dbc2f9,60.149,24.9843,00000000fffb8cf0,4.11
12512,2019-08-04T11:06:34Z,71516fc8349cfaf2b5c4ab80ade6078494d93d13e9953af15e5ced30,60.18203,24.91341,00000000342570c2,9.92
12513,2019-08-04T11:06:34Z,71c1367c7dea4dfa243172e02b9092c7a0810bef003216681759891e,60.16897,24.95222,00000000aa852af1,25.36
12514,2019-08-04T11:06:34Z,738973c9b5f9882f29075e47ca10e50ba3fb9883da779f41545175f4,60.17919,24.95181,000000007b5207b6,7.05
12515,2019-08-04T11:06:34Z,74c2ec2adc228e5b4979284d730fd2de698242f0f06d90f870b8cde6,60.16762,24.95415,000000006b44cce7,3.4
12516,2019-08-04T11:06:34Z,7552783317be1ef797980c3a9ee9c5967d4e7b32765f23c51ffda02d,60.16897,24.95222,00000000aa852af1,18.79
12517,2019-08-04T11:06:34Z,75dc69a66709d80dc34f816e5b2cbf53ee34b75f4ca9ae28f9ddf14c,60.16762,24.95415,000000006b44cce7,8.38
12518,2019-08-04T11:06:34Z,77151c6e52e30ff4876e72ac530b637b000f21eadc8e6e346f81f0cc,60.173,24.92524,0000000096918cfa,29.32
12519,2019-08-04T11:06:34Z,7778b1bf816954847791c0bf2bb15bc2de2ab4e44658262629a0b4a6,60.16762,24.95415,000000006b44cce7,11.7
12520,2019-08-04T11:06:34Z,77964c48bd2a8658eeedae4be816422b0ef0be1ee1b6f9093b47f14e,60.14699,24.922,00000000a53ed894,27.28
12521,2019-08-04T11:06:34Z,79bde23c1a8980f93a65e14306f0d8ea89e164430d8b991e2bfee82e,60.16531,24.9442,00000000fdda10fe,18.79
12522,2019-08-04T11:06:34Z,7a96471c0f2a5b26dc38cc8aa9903b7dcb222a12d81cd73a84570610,60.16629,24.95957,00000000fb7600be,11.7
12523,2019-08-04T11:06:34Z,7afc351f0ed7619c18c64ab06971196bb53d53e2d460151ab711bc0f,60.16762,24.95415,000000006b44cce7,20.28
12524,2019-08-04T11:06:34Z,7c55ecf165387948602e82b684a55be093691849fde2d96ad6574475,60.17065,24.93641,000000000f4919c9,12.69
12525,2019-08-04T11:06:34Z,7ddcdde2316659d0fa4b8597b86430e095ea0bc7f3564a9d05fc60f8,60.16897,24.95222,00000000aa852af1,5.91
12526,2019-08-04T11:06:34Z,7de4ba54f0d667a69cb0b6d625856bc6b040f51a42f91beae366a269,60.16762,24.95415,000000006b44cce7,4.94
12527,2019-08-04T11:06:34Z,7eefc5581c616491b78192b28b519ba727dc884a87bc06b8df1ea4f2,60.14699,24.922,00000000a53ed894,10.78
12528,2019-08-04T11:06:34Z,7f546f0776433ed1b76ea74186c0aad95eca5439e6cefda07922ef14,60.16762,24.95415,000000006b44cce7,8.38
12529,2019-08-04T11:06:34Z,7f95126e2fe39b74b61f9df1002b58453d22fe79458cebfeed9b9982,60.16829,24.94214,00000000afef4555,12.69
12530,2019-08-04T11:06:34Z,818bf826a20805f91325b634ae02107683c949bcfc7c472917f02db0,60.16762,24.95415,000000006b44cce7,14.89
12531,2019-08-04T11:06:34Z,822590bd49bcf7ed4de4f8389586915c343b29c4283ff8b90d7c1d39,60.17065,24.93641,000000000f4919c9,17.4
12532,2019-08-04T11:06:34Z,82ac749474448abac333d00869cb8b508872f86293913d95eae26a05,60.15432,24.9211,0000000019fb59c4,8.38
12533,2019-08-04T11:06:34Z,82cddd3b9f58762d36efe78da4e2722ee587cfdb3fdbc58b52673082,60.16629,24.95957,00000000fb7600be,10.78
12534,2019-08-04T11:06:34Z,832641abf0a9f64713e32981c3e4dc62f7fbb1f88182a21897830412,60.1538,24.95595,0000000038bf9618,12.69
12535,2019-08-04T11:06:34Z,844b8ad6ebf530978d1139d527a681991f4d3eed6be5bc723f0b2192,60.16531,24.9442,00000000fdda10fe,2.54
12536,2019-08-04T11:06:34Z,87ea10367f1569e575dc4bc60f0f4238eafb52ba8a2cc8e5e4584232,60.16829,24.94214,00000000afef4555,5.91
12537,2019-08-04T11:06:34Z,87ecec345b34dca4db86cbd66248eeb829282d0cc54caff92455dff2,60.16762,24.95415,000000006b44cce7,21.87
12538,2019-08-04T11:06:34Z,87f4cf4baea8c5dfe1bc7812cc969574058bd4d2dda215192bcfc53f,60.14699,24.922,00000000a53ed894,4.5
12539,2019-08-04T11:06:34Z,886032718e05487be8bd75bb14464814044c7edd7f9a2198304f6fb4,60.16629,24.95957,00000000fb7600be,23.56
12540,2019-08-04T11:06:34Z,89df1daad350e46d526e113019214d2e1a19d8f48da761bb3583399b,60.16762,24.95415,000000006b44cce7,5.91
12541,2019-08-04T11:06:34Z,8a01cc1ef99f9ea16785412c604aa6bb2750299d67ea94214401d645,60.16762,24.95415,000000006b44cce7,9.12
12542,2019-08-04T11:06:34Z,8bffe034066821502092859341756212a0dcb6b2c605852c0c40fdeb,60.16762,24.95415,000000006b44cce7,5.91
12543,2019-08-04T11:06:34Z,8c4e4851db86ec4a3ce29a58be770eb29c38b9a983351bb67d781982,60.16897,24.95222,00000000aa852af1,8.38
12544,2019-08-04T11:06:34Z,8ee30fda8736b8e18a2cdb754676659240bc520a57727b9635630f22,60.1538,24.95595,0000000038bf9618,31.5
12545,2019-08-04T11:06:34Z,8f998d0e47a5fb2e84c8dcffb4a33ca4adeaf8db93423df171988c1e,60.16629,24.95957,00000000fb7600be,27.28
12546,2019-08-04T11:06:34Z,90a7a2779a546d0a67f676fbd33964bfec098cc7d3c6617a5c0f6b88,60.16762,24.95415,000000006b44cce7,9.92
12547,2019-08-04T11:06:34Z,90b12d2b9898702fd62b343512e0d53796ae38decdf704e203a0cc39,60.16829,24.94214,00000000afef4555,13.75
12548,2019-08-04T11:06:34Z,91602a694bc74a2874ba7f02a7bae062a3a77cd869b86a74800415b8,60.17919,24.95181,000000007b5207b6,16.1
12549,2019-08-04T11:06:34Z,92df20d921f76c63470e3f5afbe201d3ae15f5133f66c291db796082,60.16629,24.95957,00000000fb7600be,21.87
12550,2019-08-04T11:06:34Z,951482f3e2e41b496e34885c346c4a7ab09427178119caa9b8bbcbb6,60.14947,24.91438,000000004ef3150d,14.89
12551,2019-08-04T11:06:34Z,9558753228fb3007f59382a0595018488e2e7430248f8824a5badb80,60.1638,24.96846,00000000d747f075,23.56
12552,2019-08-04T11:06:34Z,97490f522f1a0226c8f7e8ed7bca08dd71b63d80b46d38020127b868,60.14699,24.922,00000000a53ed894,16.1
12553,2019-08-04T11:06:34Z,998ac46ad73c197bab1f36dca67d8bcaa3aca92249185a5e3715043f,60.17065,24.93641,000000000f4919c9,12.69
12554,2019-08-04T11:06:34Z,9a49d0b5a67fba15ce8971503f6fea88994b33487a842397c5e8564f,60.16762,24.95415,000000006b44cce7,4.94
12555,2019-08-04T11:06:34Z,9aa588cb6f425117e45726b6b9adb7ef86c8f7c8113b547dc61f068a,60.16897,24.95222,00000000aa852af1,18.79
12556,2019-08-04T11:06:34Z,9af5161d635984285f0d259f202fe80516d5258255b979b9910afe05,60.16762,24.95415,000000006b44cce7,18.79
12557,2019-08-04T11:06:34Z,9b4b0705e58750d2bcbd71ad65d85677f7e77db5dfe69d1a70b5d31f,60.17919,24.95181,000000007b5207b6,10.78
12558,2019-08-04T11:06:34Z,9bc50d931d6c1678284177395958d15f05b45d60ae7bc09fe1e1694e,60.16762,24.95415,000000006b44cce7,17.4
12559,2019-08-04T11:06:34Z,9bc91538b73e0220fcf5cd07290c07d56f6f48d3ba0ba6b6b0876da9,60.17065,24.93641,000000000f4919c9,11.7
12560,2019-08-04T11:06:34Z,9bef562c292174f1eb3933116effff74a8733a78e5c1df140de3fd6c,60.17919,24.95181,000000007b5207b6,4.94
12561,2019-08-04T11:06:34Z,9ced7d70503ba24882b6e283fa95ce42e02c1a3618adeb448558c50c,60.16897,24.95222,00000000aa852af1,13.75
12562,2019-08-04T11:06:34Z,9eb1e9bfdceb76ef852f89ebd82139602125f9731b791465e1c21f81,60.16829,24.94214,00000000afef4555,8.38
12563,2019-08-04T11:06:34Z,a1439b6683d0598c7a05080c3693a17c198f7b8c3297c77324ef4859,60.16829,24.94214,00000000afef4555,14.89
12564,2019-08-04T11:06:34Z,a20a11944d9440f1f8e4ea6262408f673f2a8380c4e13dda1a073d8d,60.16897,24.95222,00000000aa852af1,21.87
12565,2019-08-04T11:06:34Z,a30740fbf4b7e21f6fe2996e9325c90936de161cb2165e87cd96fd35,60.149,24.9843,00000000fffb8cf0,8.38
12566,2019-08-04T11:06:34Z,a3664d77633807788598dd8d4a7ba8caba2c31bfdcb6ba83651d4e7e,60.173,24.92524,0000000096918cfa,21.87
12567,2019-08-04T11:06:34Z,a44eda7b8ec58e1cd7c078a73c4da7fb0037d59453aa6bfe69b7cbdd,60.16762,24.95415,000000006b44cce7,6.46
12568,2019-08-04T11:06:34Z,a5d632ac8ffc19a626de034d3c9444fd262ee6edada285c816ea9266,60.16531,24.9442,00000000fdda10fe,7.05
12569,2019-08-04T11:06:34Z,a5f038c127ca4872294d7de2b08e334af618534637cc64bf42a6438d,60.17002,24.94407,000000006b087f40,33.81
12570,2019-08-04T11:06:34Z,a6ad4305e4e49cc67b63665ffb182e72c67646f3554a9aedcd188b67,60.16829,24.94214,00000000afef4555,18.79
12571,2019-08-04T11:06:34Z,a7cc1a0b8bbb896ef55043e385a939c97fd5cfaf6d43a4db6c720076,60.16762,24.95415,000000006b44cce7,18.79
12572,2019-08-04T11:06:34Z,a81c19fb85eebf853246cdc4d8e38245dfa5ba15c180eaa1bcc0378d,60.16829,24.94214,00000000afef4555,9.92
12573,2019-08-04T11:06:34Z,a886b4abe49668d4b2cbff88eaab1e4cf9e38bd0afa636cdff901d90,60.17002,24.94407,000000006b087f40,21.87
12574,2019-08-04T11:06:34Z,aa13e498edf9f46e910da649451b89f99f275d8fa16839b7bf158289,60.149,24.9843,00000000fffb8cf0,27.28
12575,2019-08-04T11:06:34Z,aa4547c0b6b8be30776e08d524ceeacfbc9930ad720e11fa4cb20882,60.16531,24.9442,00000000fdda10fe,2.08
12576,2019-08-04T11:06:34Z,aa45859d6157e9e86470ec8b81957acc35bafb1b7f419d79357a38cf,60.16829,24.94214,00000000afef4555,8.38
12577,2019-08-04T11:06:34Z,aaabd3028e2bd9f8b0e3a929c8728cb364551bd70da3208662b12033,60.16762,24.95415,000000006b44cce7,11.7
12578,2019-08-04T11:06:34Z,ab1377ddf669bb806f8db586f4ce5ab9f0f4257dda61fe800d8509f5,60.17065,24.93641,000000000f4919c9,13.75
12579,2019-08-04T11:06:34Z,ab6e8769f50a15ea5e0d64f48aaa12886b7599a18cc0eb071a21ae5f,60.16762,24.95415,000000006b44cce7,10.78
12580,2019-08-04T11:06:34Z,ac5c7e04b55d6d70659e5b8f4705309b9367c78a0edb7ce85f42c181,60.1538,24.95595,0000000038bf9618,29.32
12581,2019-08-04T11:06:34Z,adf3914eaf1478a77ba35ea49262388e4babe633207748c7608b8780,60.16762,24.95415,000000006b44cce7,14.89
12582,2019-08-04T11:06:34Z,ae3cda5066e455d4b1e58860e8fb7a35efad69b9964a676b476b0687,60.14947,24.91438,000000004ef3150d,3.4
12583,2019-08-04T11:06:34Z,af05aef0d368766300bd97074ddaa3500a814ee758ad3ba0d221ed54,60.17065,24.93641,000000000f4919c9,21.87
12584,2019-08-04T11:06:34Z,b02a0be9ec3a2bb1acba16daee232202f9a06ac84e0dcc9a80dddf6a,60.16762,24.95415,000000006b44cce7,12.69
12585,2019-08-04T11:06:34Z,b0d6202ccd1560eaf57c06931cb6466332e41068ad2963e515819015,60.17918,24.95141,00000000675d5200,20.28
12586,2019-08-04T11:06:34Z,b2298fc6f63c02481610f9aef24f1a0c1711c255adc43c0fe135c1ca,60.14947,24.91438,000000004ef3150d,21.87
12587,2019-08-04T11:06:34Z,b26d0daac9f8fb84484cbd8ed668aeb6751e848b1c533a307d163360,60.16762,24.95415,000000006b44cce7,4.94
12588,2019-08-04T11:06:34Z,b2de3ff4c2052ba522931acab70e95e9790c6f7c856b36a7eacafc09,60.17002,24.94407,000000006b087f40,23.56
12589,2019-08-04T11:06:34Z,b45b86eb670eb1db475921496e6d80468f5fe2819bf3eb58f1f58506,60.16762,24.95415,000000006b44cce7,10.78
12590,2019-08-04T11:06:34Z,b4c8900041e9f8751755d3940ceac58419e6370cd81cdb90d7800de1,60.14699,24.922,00000000a53ed894,18.79
12591,2019-08-04T11:06:34Z,b50b3c2006581bccfeaa9ea964649350c7d5b8177baa29a37e628584,60.14947,24.91438,000000004ef3150d,20.28
12592,2019-08-04T11:06:34Z,b5cdbcdc30e0bf653ce353c867708b0067db5e394c8cbe848d978a77,60.14699,24.922,00000000a53ed894,10.78
12593,2019-08-04T11:06:34Z,b5f80d159e59c4558e49ea6fb68f6bc72ee9eb92bee60991bdf4e46f,60.16762,24.95415,000000006b44cce7,13.75
12594,2019-08-04T11:06:34Z,b601cd655bb9f05aa6ec86fc9eb9300c3bc20bc0e856e94ad168a257,60.14947,24.91438,000000004ef3150d,5.91
12595,2019-08-04T11:06:34Z,b67f020b0677cdc52c864f559306fb750cdf47ce2eee6503a3cedb3a,60.16629,24.95957,00000000fb7600be,23.56
12596,2019-08-04T11:06:34Z,b68ee9d08dcd32b04a57eb2ff3d2582eff2a1332cddf4e8ed4e97f0c,60.17002,24.94407,000000006b087f40,23.56
12597,2019-08-04T11:06:34Z,b81a9bf449d3e64ad0181804598330bbf305f384b888935023742c79,60.173,24.92524,0000000096918cfa,38.87
12598,2019-08-04T11:06:34Z,b81e65168ea3278486b1c954ab229bc2eda3fe07098e824f05cd0ac4,60.149,24.9843,00000000fffb8cf0,29.32
12599,2019-08-04T11:06:34Z,b8f5834e6b992cf5568ae3153fb4b07e97b7f6dd01250851134c1824,60.149,24.9843,00000000fffb8cf0,23.56
12600,2019-08-04T11:06:34Z,b937531822c41bc03406f1880713f64de5a06a0a8711ef57fdf0ed20,60.16829,24.94214,00000000afef4555,21.87
12601,2019-08-04T11:06:34Z,ba288a5fd2befbc9ed08e7876ad7cb2bd8bfe6f5756d2ffe8e2dc558,60.17002,24.94407,000000006b087f40,7.05
12602,2019-08-04T11:06:34Z,ba41edadb3a9722bc59efaca71897a33593d0f17301c4bf560fd23e1,60.16762,24.95415,000000006b44cce7,9.12
12603,2019-08-04T11:06:34Z,bbf7d8b9085ddcd3b94f55f93b52cb40a251c44f5df4099ba5b61471,60.16829,24.94214,00000000afef4555,7.69
12604,2019-08-04T11:06:34Z,bc07df8cc395f6f4f5d483b2233caca5f93a6918f346e4cc3702f8cc,60.16531,24.9442,00000000fdda10fe,23.56
12605,2019-08-04T11:06:34Z,bd7fa2c07b7e0eab8afb3d9825a810643c2eb71f83c09a1e26cac54c,60.16762,24.95415,000000006b44cce7,9.92
12606,2019-08-04T11:06:34Z,bdc8bd416444be70683b3475302093428e4abe14284e9579617fe8ea,60.1638,24.96846,00000000d747f075,29.32
12607,2019-08-04T11:06:34Z,be57346c6a31904c7a3c53b6a9e94df7c93f7f510d3b2ff733d214b6,60.16762,24.95415,000000006b44cce7,12.69
12608,2019-08-04T11:06:34Z,bf4235c977b63f07c70679988ae6990db3734c8bde50741c636155b9,60.16762,24.95415,000000006b44cce7,6.46
12609,2019-08-04T11:06:34Z,bfd5c2630b36fde15de01ea74e598d035402cf1edb7c9230617927e0,60.16762,24.95415,000000006b44cce7,5.41
12610,2019-08-04T11:06:34Z,c012e9e2caf1002d24e53817bb1279becdfc4aa9dba085e93ddd88e9,60.17002,24.94407,000000006b087f40,18.79
12611,2019-08-04T11:06:34Z,c0a0ca3433586ed2ae0e448f2406fabac7292ac79d49562e0bd5cef8,60.16762,24.95415,000000006b44cce7,25.36
12612,2019-08-04T11:06:34Z,c27fee8ae8d689338b043608280c83cfa6f3276d3837ecea5f742dc3,60.16762,24.95415,000000006b44cce7,7.05
12613,2019-08-04T11:06:34Z,c2cc33e5b1b8d254d4bcbc0ffa13c9200676a39a191cc31a38d28d8d,60.17065,24.93641,000000000f4919c9,9.12
12614,2019-08-04T11:06:34Z,c2d88bc74172eb47d26ee5d739980baa7fc011b9973f9f18b482aa81,60.17065,24.93641,000000000f4919c9,9.12
12615,2019-08-04T11:06:34Z,c2e135ad2c160277e290705658ac41d7cd35b11ebf61d829fdd0b428,60.14699,24.922,00000000a53ed894,14.89
12616,2019-08-04T11:06:34Z,c45e3c4e8ec0fc85457d3b4ed4c49ed0116b4cf447e2983f353abcd8,60.16829,24.94214,00000000afef4555,4.5
12617,2019-08-04T11:06:34Z,c4c3ad738ca47920bb66939f620126c87f730c644813158554916827,60.16762,24.95415,000000006b44cce7,9.12
12618,2019-08-04T11:06:34Z,c55894159f2080031cda702c78ee54463c3c15ab1b3638afdf687f08,60.16531,24.9442,00000000fdda10fe,4.5
12619,2019-08-04T11:06:34Z,c5ffe1809d0314e1f74db7cbb63e9a1b59f6fdda752b423ea74be3b0,60.16897,24.95222,00000000aa852af1,18.79
12620,2019-08-04T11:06:34Z,c6b0ea433c3fdc73e0bac7e3faa2690506c4e8ec7fc54210446a7ffa,60.14947,24.91438,000000004ef3150d,14.89
12621,2019-08-04T11:06:34Z,c7160ae9aa31ca4dba615425303b1e527f342ede653be387ee54389c,60.149,24.9843,00000000fffb8cf0,25.36
12622,2019-08-04T11:06:34Z,c7ced11121537f55bcd7d7ab67312226dafe7c85320c5357a35d5ab7,60.17002,24.94407,000000006b087f40,18.79
12623,2019-08-04T11:06:34Z,c990a15d27cfc21e63b7c96b95949254f1194e8b27118386a589e2bd,60.16897,24.95222,00000000aa852af1,12.69
12624,2019-08-04T11:06:34Z,cb2f32be2e27fc44ead887ff7f76c0199bf68b2c6711e6880f4acd01,60.16762,24.95415,000000006b44cce7,10.78
12625,2019-08-04T11:06:34Z,cb37b8fad0bc758cf37d7ea1052f3a98f29282ae37ec635d6eb2c511,60.16762,24.95415,000000006b44cce7,7.69
12626,2019-08-04T11:06:34Z,cb835fd4fac726f1e4267acd6118f57b62a0444d69f948745a601682,60.16762,24.95415,000000006b44cce7,20.28
12627,2019-08-04T11:06:34Z,cc696789aed7ee6ea1dff48eae7da441c3a3ccb4f18ab60ba702c91f,60.16762,24.95415,000000006b44cce7,23.56
12628,2019-08-04T11:06:34Z,cd7d0e9404c9f4e8fab0742460b9acb4d5bbb97f44df80d4a8b973cd,60.17002,24.94407,000000006b087f40,9.12
12629,2019-08-04T11:06:34Z,cddbfc3b0a1459f0ea8d553779cf320d512cac6e64976182f2f0b3b7,60.16829,24.94214,00000000afef4555,17.4
12630,2019-08-04T11:06:34Z,d04b5065ec93818b731141027d11e6a1cf53de69b9737d7aea0c34da,60.14947,24.91438,000000004ef3150d,10.78
12631,2019-08-04T11:06:34Z,d162ad46250f7d87af446db22df4aa6b2eb2bf22f83beca34e857743,60.16762,24.95415,000000006b44cce7,3.4
12632,2019-08-04T11:06:34Z,d20f68571773330f7b6490b006b2e952c9912b4ee05e20f0fc434698,60.16629,24.95957,00000000fb7600be,21.87
12633,2019-08-04T11:06:34Z,d25e926dba8aa2c77f46ada32671b08b1176455c0e3693d160b87744,60.16762,24.95415,000000006b44cce7,11.7
12634,2019-08-04T11:06:34Z,d2e3bf982b10b2079eaa464127a286409c5030b21ffe9a2ce08bbb9c,60.16762,24.95415,000000006b44cce7,8.38
12635,2019-08-04T11:06:34Z,d2fd0c6415d2d8e49fef3415fb8747b524191b4400a4fbb66428cb12,60.14699,24.922,00000000a53ed894,11.7
12636,2019-08-04T11:06:34Z,d3bad9334d128332fc483e10ef1b77c28e5a75ac55be4de71c6b2f9f,60.16829,24.94214,00000000afef4555,14.89
12637,2019-08-04T11:06:34Z,d54f7c23d54b5aedac429ef954b5ca8ac1cb09bdc07d5154b00f43d4,60.17002,24.94407,000000006b087f40,21.87
12638,2019-08-04T11:06:34Z,d6a8c97f1ec18c7a90d3beae358bad67f8d53626258a852e15b08c5d,60.14699,24.922,00000000a53ed894,6.46
12639,2019-08-04T11:06:34Z,d71a315bac918f9a18fcd820731e6d9eb54fb0d01c324ca088ef8858,60.149,24.9843,00000000fffb8cf0,21.87
12640,2019-08-04T11:06:34Z,d7b3daaab1b36d8d95f7672a0339b99b2a16483fc1c71c5177aeb948,60.16829,24.94214,00000000afef4555,27.28
12641,2019-08-04T11:06:34Z,d82f37918d46bea29e113c6b57b901b1b960ed3337bdcce777aea476,60.17065,24.93641,000000000f4919c9,20.28
12642,2019-08-04T11:06:34Z,d86f155736e4d36de5d33bdbb3b12b717b75de44852b93419af20945,60.16829,24.94214,00000000afef4555,13.75
12643,2019-08-04T11:06:34Z,d8b9a851baeda04df9e9f2a188d41bbefa11fa2e757a54f8c81ddbe0,60.1538,24.95595,0000000038bf9618,25.36
12644,2019-08-04T11:06:34Z,da2398acaae7f39c7b80c220d4e6917bdc7655f4c71b6e36d06cb859,60.18203,24.91341,00000000342570c2,23.56
12645,2019-08-04T11:06:34Z,db45583e1f7aaaf54e100214986dfc86aa755383e86d361639a5b19b,60.16762,24.95415,000000006b44cce7,12.69
12646,2019-08-04T11:06:34Z,dbd2fa33dbaac339a8c9d8e04576b1088999b9314914676a2247737c,60.1638,24.96846,00000000d747f075,33.81
12647,2019-08-04T11:06:34Z,dc82f9648bb5ba21e766e0923f5fa7ca2d77662ab0edbe22a3d95631,60.14699,24.922,00000000a53ed894,14.89
12648,2019-08-04T11:06:34Z,dcb8f3c3c5136c4abc8757fcb34fedc553ea044b0928f945d89334d5,60.16762,24.95415,000000006b44cce7,13.75
12649,2019-08-04T11:06:34Z,dda4b929b48bb959cb2b70d6ea3791e943739d8291b0c64930cbacdf,60.17002,24.94407,000000006b087f40,18.79
12650,2019-08-04T11:06:34Z,ddd0e663eb31ac94858d2a4e9af5e4782781e88c92102042190e6fcf,60.14699,24.922,00000000a53ed894,20.28
12651,2019-08-04T11:06:34Z,de48adf9d49eb3bc1d61dea4047618f6c77086fc44bd2b535d56504d,60.16762,24.95415,000000006b44cce7,4.11
12652,2019-08-04T11:06:34Z,de71e27b55ef6f2f51f05838a2fcab596f1dd93a14ece5ce4548f5c7,60.14699,24.922,00000000a53ed894,16.1
12653,2019-08-04T11:06:34Z,e081e4b3252ca91bbf1cbb70faa116d60317fbf3a991a67bc99b4bfa,60.149,24.9843,00000000fffb8cf0,20.28
12654,2019-08-04T11:06:34Z,e0859a9c906151023376d86762070f38ba1b3859e671531b0edac6cd,60.16075,24.95883,00000000f1124bca,23.56
12655,2019-08-04T11:06:34Z,e1da87aea335bcd04e4c876158b96ebc7ba4206bc216c3aa27a2f4af,60.17919,24.95181,000000007b5207b6,5.41
12656,2019-08-04T11:06:34Z,e29168791ccd18013b58845430388cc5aac537e7e1c618aeb78900a8,60.16897,24.95222,00000000aa852af1,16.1
12657,2019-08-04T11:06:34Z,e305610124e16ed1411a221b29ce69a076cc47982efd6c098b0599ab,60.14947,24.91438,000000004ef3150d,23.56
12658,2019-08-04T11:06:34Z,e44d7228cecbdb2474e1cc396a6c13943f09c08c19d0ffab1997d509,60.17919,24.95181,000000007b5207b6,10.78
12659,2019-08-04T11:06:34Z,e53a901aed874016e1cd1ed3e9b2891fca850986cb2fa04f5162cf52,60.16762,24.95415,000000006b44cce7,3.4
12660,2019-08-04T11:06:34Z,e557e164cd52fd817b02cad6587a294d72b0974d9b014ad69ea5e08e,60.17919,24.95181,000000007b5207b6,21.87
12661,2019-08-04T11:06:34Z,e568360cebcddeb30a1d066a2f6a2326ac927004214bd11337d804e5,60.16762,24.95415,000000006b44cce7,16.1
12662,2019-08-04T11:06:34Z,e5928057da667903de0b6c1245e1f58273dd85d63d8af0f4eaa771de,60.16762,24.95415,000000006b44cce7,17.4
12663,2019-08-04T11:06:34Z,e5b9b4813c081a31fb498e7f9adb94918c267dfa125c63790c0d9488,60.149,24.9843,00000000fffb8cf0,1.88
12664,2019-08-04T11:06:34Z,e8530b87d248fb9f6f44200a9b5634e7517e8d6d835e921280db51fb,60.16897,24.95222,00000000aa852af1,25.36
12665,2019-08-04T11:06:34Z,e9d59e25b58f33f70aad6832863cb59d7485ca55a1575558f92b74e7,60.16897,24.95222,00000000aa852af1,16.1
12666,2019-08-04T11:06:34Z,eb09e242059d315d7f929b7befadc641eeddb95492babe81030cbabc,60.16829,24.94214,00000000afef4555,23.56
12667,2019-08-04T11:06:34Z,eb261026c6f65b651ddf21bed629a1e164cfb500d0b78062704ec15c,60.16762,24.95415,000000006b44cce7,8.38
12668,2019-08-04T11:06:34Z,eb3dde73e84f5016b5545e9fa2e08d04257ebe448619783f90edcd23,60.16762,24.95415,000000006b44cce7,12.69
12669,2019-08-04T11:06:34Z,ec3d7e964cdc4b954880f25dd9480b583dc6c9e5520baf4ceb8fb424,60.16762,24.95415,000000006b44cce7,7.05
12670,2019-08-04T11:06:34Z,ec485175d2b7a2c53d03bf546aee134c116d998976601b069570c6f9,60.14699,24.922,00000000a53ed894,16.1
12671,2019-08-04T11:06:34Z,eca1a609c675d971fcfba4277d230ccdc2de7805c629b1f5da9cc224,60.173,24.92524,0000000096918cfa,21.87
12672,2019-08-04T11:06:34Z,ecb1735f180422ec69f041cd2782a26c9f07d27a87893b3c30aaa9b7,60.16075,24.95883,00000000f1124bca,3.74
12673,2019-08-04T11:06:34Z,ecb5655da668bb183a5c270a96927649c323975e318184d248247099,60.16829,24.94214,00000000afef4555,21.87
12674,2019-08-04T11:06:34Z,ede13c9dc221bbc6c1daf78250fa6547303c06d7606c05ba0bf64547,60.17919,24.95181,000000007b5207b6,7.69
12675,2019-08-04T11:06:34Z,ef15ff71b7dc4c2088249a4fca7e28900ae315245a7a3b4d571bf582,60.16829,24.94214,00000000afef4555,7.69
12676,2019-08-04T11:06:34Z,ef33ccdfcdb12920eabb3306e0f86dc7e6060a5d3864b03e2de7e1ef,60.16897,24.95222,00000000aa852af1,7.05
12677,2019-08-04T11:06:34Z,ef45fdc095ee55730384922266d8fce61de212d3c3df2441ea10e524,60.14947,24.91438,000000004ef3150d,12.69
12678,2019-08-04T11:06:34Z,ef5e495c5f9d3dd9eb22ed5b8faf1cc9e4225d4785ebb26a87d16fff,60.14699,24.922,00000000a53ed894,8.38
12679,2019-08-04T11:06:34Z,f11c02cbebb4049a29f10d2ee6aac8a9ca3b7b9609a39d69463461a1,60.17065,24.93641,000000000f4919c9,23.56
12680,2019-08-04T11:06:34Z,f196f5f8c08299d290b3bac1944e00bb1f2c90594db66438b0c10e6e,60.16629,24.95957,00000000fb7600be,13.75
12681,2019-08-04T11:06:34Z,f1d44b9d3710849eba7eab0b6646053378aa5f8ee3491ec2522f3c44,60.14947,24.91438,000000004ef3150d,13.75
12682,2019-08-04T11:06:34Z,f2467c8ede6444941158701b7bd9d005beec9ffdb355ce2d8c7a9bfd,60.149,24.9843,00000000fffb8cf0,18.79
12683,2019-08-04T11:06:34Z,f2657ffae2874f68002fc4b75fb489a255be88015f067e2cf500da8d,60.16762,24.95415,000000006b44cce7,16.1
12684,2019-08-04T11:06:34Z,f5ffa3dbcdd5592ac31344cb04a7a6d639109a4d6e196fa0df3990dd,60.17065,24.93641,000000000f4919c9,21.87
12685,2019-08-04T11:06:34Z,f616fbd0fde8316049c3068ae4368dc9f486f8da4bf5516e9ba82578,60.16897,24.95222,00000000aa852af1,8.38
12686,2019-08-04T11:06:34Z,f62b86ef56fa9417b0128f2fff6530aed6f2a50d3f65bbbfdcbbee59,60.16762,24.95415,000000006b44cce7,10.78
12687,2019-08-04T11:06:34Z,fb197be4589e2d16cfe2899ae06282639009e64a5bff759f4a8a3e43,60.16629,24.95957,00000000fb7600be,17.4
12688,2019-08-04T11:06:34Z,fbd28054e4a5478c8ca06f4d682405d1c59bef4853cad413ecb58d13,60.14699,24.922,00000000a53ed894,21.87
12689,2019-08-04T11:06:35Z,048a4191e2e9ce1733556eda54c4123345c70aeced0f8ecf7d52b916,60.14699,24.922,00000000a53ed894,21.87
12690,2019-08-04T11:06:35Z,09ddbf38333e76a79fd836112bd8c3f8bf7f3dadfb3d49945ad4c486,60.16897,24.95222,00000000aa852af1,6.46
12691,2019-08-04T11:06:35Z,1142f5b6806b1ec7d8d47d47013eb530d8a7418f6934d8867b20966a,60.16829,24.94214,00000000afef4555,20.28
12692,2019-08-04T11:06:35Z,128f1b89d7a534aa206a7823b692594bbd4d349761baa04c0fc72f2c,60.14947,24.91438,000000004ef3150d,10.78
12693,2019-08-04T11:06:35Z,14c7e1511b70f4dd3359cbece1377aebb4d70531f5489eefe53d7c3c,60.16544,24.95398,0000000038d83d41,33.81
12694,2019-08-04T11:06:35Z,165ebbb4090d47319ae370f0d0854fdc1f6b79499f8b2e4d3c3533c0,60.16544,24.95398,0000000038d83d41,27.28
12695,2019-08-04T11:06:35Z,16c994bb2e24124a910c247376d16e980a65626a94c4c0aaab27df60,60.16829,24.94214,00000000afef4555,23.56
12696,2019-08-04T11:06:35Z,25a7ff811c3c06e426c7c2cbb0433d9a2a3399b23afecbd35584ab0f,60.18203,24.91341,00000000342570c2,9.12
12697,2019-08-04T11:06:35Z,269109af99b12861eeb19ab8698033d9c00895687da47af3f4310e9d,60.16762,24.95415,000000006b44cce7,4.5
12698,2019-08-04T11:06:35Z,29016fc5853bb802e42e93eb5fd98882d64029327d793a2f2335b9e4,60.16829,24.94214,00000000afef4555,11.7
12699,2019-08-04T11:06:35Z,2e4af02bc2421faac1f506a147ddb9b76076386be53415223aca4bde,60.16762,24.95415,000000006b44cce7,10.78
12700,2019-08-04T11:06:35Z,3b5cafe90982db26cf737b2e4cd4275276f6a031bca3b2a1f73023b2,60.14699,24.922,00000000a53ed894,13.75
12701,2019-08-04T11:06:35Z,43b676ed3aef4c2d8846694817e76117873be52e7f788e0cb366c1c4,60.16629,24.95957,00000000fb7600be,29.32
12702,2019-08-04T11:06:35Z,44d0b94469070803869f229601e877beb613c3f5aafa009addf97a1a,60.16544,24.95398,0000000038d83d41,21.87
12703,2019-08-04T11:06:35Z,4656bad9b5e6dfc3977eca308fc1db3dbf8b0204b90d09b001da242e,60.1638,24.96846,00000000d747f075,25.36
12704,2019-08-04T11:06:35Z,5d65719c4cbf045f068d084b72302f447d5fd034413d97d13be00d0e,60.18203,24.91341,00000000342570c2,20.28
12705,2019-08-04T11:06:35Z,5eed115a984d490b02b602d73787aee8dc8c4e9365b77fbff3818a76,60.16629,24.95957,00000000fb7600be,25.36
12706,2019-08-04T11:06:35Z,6a70e2fbced719333e21eff04fcb9cb36bae9a04d1a3d6ddd96f2c58,60.15432,24.9211,0000000019fb59c4,17.4
12707,2019-08-04T11:06:35Z,79f136afa0dd8717337c01c70b457c464aaf0fa25b440f51a394ec23,60.16762,24.95415,000000006b44cce7,13.75
12708,2019-08-04T11:06:35Z,85ef35aecf2ff804be3d958b592705ec41c6df9c128c132c65bb283d,60.16897,24.95222,00000000aa852af1,21.87
12709,2019-08-04T11:06:35Z,87dfaad29a9276ddddb1fa021d3bc23ad14824c1af16f7d87e713689,60.14951,24.92138,0000000006dd41f6,16.1
12710,2019-08-04T11:06:35Z,88808fe92573e9cdf022cc15b9689b6b4b9429f60513c8897b0ba4c7,60.16897,24.95222,00000000aa852af1,18.79
12711,2019-08-04T11:06:35Z,89982a6acf91b79a282a6b63978e946ee205f303fcd20e944e06baf0,60.16544,24.95398,0000000038d83d41,31.5
12712,2019-08-04T11:06:35Z,8c3b1ed0846e38cc84b863a80540c8a75bfd85c8bdda36563d153110,60.16544,24.95398,0000000038d83d41,27.28
12713,2019-08-04T11:06:35Z,8c75c3289c84fe4493e1e272a77b615fe1985880c5dc68a7c1a17b53,60.16762,24.95415,000000006b44cce7,11.7
12714,2019-08-04T11:06:35Z,92524354048a0b73aacc2745ecface2dec61989197d03321c59b8821,60.14699,24.922,00000000a53ed894,18.79
12715,2019-08-04T11:06:35Z,92a4351b20078e469332532ec495e838559c62590b166cce41762939,60.16897,24.95222,00000000aa852af1,20.28
12716,2019-08-04T11:06:35Z,92aae21a6e0dd2ff71fc591b64e878502bd4677b64ac413632e9f7c6,60.149,24.9843,00000000fffb8cf0,23.56
12717,2019-08-04T11:06:35Z,9843c6216661048343a0e49cf3d8aa2883cf77f452666a1c873a1052,60.16448,24.97323,0000000053c6c2be,23.56
12718,2019-08-04T11:06:35Z,9992834418850939882f3b334eee492eb98d4f9d6d6118f9ee108793,60.16762,24.95415,000000006b44cce7,2.8
12719,2019-08-04T11:06:35Z,9c8556ea519835172f09c20e7688066eeec8e7f74a0c6fa3df3d9c5f,60.16829,24.94214,00000000afef4555,29.32
12720,2019-08-04T11:06:35Z,9fc0711d7e7722eff7faa0cb6f17846680c06515c1eb93dd49ebcf25,60.14699,24.922,00000000a53ed894,16.1
12721,2019-08-04T11:06:35Z,a13e5d46f0a2d1c6b58878e1b198905e9b14e3a85b5e4adab88b4b87,60.16762,24.95415,000000006b44cce7,8.38
12722,2019-08-04T11:06:35Z,acd2647d413f41552b31b6e383da445c8902bc2a764d2b7791a7b164,60.16762,24.95415,000000006b44cce7,13.75
12723,2019-08-04T11:06:35Z,b5fd6b317890e5ab2d79e2cd1abe61626d45a753c7337d0d40728898,60.16762,24.95415,000000006b44cce7,9.92
12724,2019-08-04T11:06:35Z,b936e41d8712ae967f3ebb413fc44f060bb10613f95537757886ede2,60.16762,24.95415,000000006b44cce7,6.46
12725,2019-08-04T11:06:35Z,bca443064699e0ac05c40e587aef06d7fd580817e739133a501490bc,60.14699,24.922,00000000a53ed894,21.87
12726,2019-08-04T11:06:35Z,c40c37def6bf11a63a2556519a7c6233fd417cdeea2cf14f28e7c42c,60.16531,24.9442,00000000fdda10fe,25.36
12727,2019-08-04T11:06:35Z,c97eb4181394121907d47b908495f54e5ee5145ff790f7a1dc21b3cf,60.16897,24.95222,00000000aa852af1,12.69
12728,2019-08-04T11:06:35Z,ca6927628f5ddda20036865c9345ad93d476d62ade3b181de568eed6,60.16897,24.95222,00000000aa852af1,21.87
12729,2019-08-04T11:06:35Z,ce197d5eedb5498917afe7ca3f7275ffeb191f0c5d050bffa154c1d2,60.16531,24.9442,00000000fdda10fe,25.36
12730,2019-08-04T11:06:35Z,cf05623e4d87ce0906c0b0b7dbf53aacc1228016cd27c341228b6e76,60.18203,24.91341,00000000342570c2,17.4
12731,2019-08-04T11:06:35Z,cfc0bedb78ded52749db3188cb188bf6a250ef5990da9c5afa9623fc,60.14951,24.92138,0000000006dd41f6,20.28
12732,2019-08-04T11:06:35Z,dbeb00942457ba3c5fb1984b57b1dedb268c0e761e80729b939f1fd8,60.16544,24.95398,0000000038d83d41,27.28
12733,2019-08-04T11:06:35Z,e224ae5ea47af2e3048f83b13a1f45dc135c0ca6be72547b01729086,60.1538,24.95595,0000000038bf9618,16.1
12734,2019-08-04T11:06:35Z,e6af35ebe4c87f166821f11fad668537305c0f52d192e9c4d308eaa9,60.16075,24.95883,00000000f1124bca,25.36
12735,2019-08-04T11:06:35Z,e8690c2d1711bc10f2d1251a3b5b1e770b98c66c384760400c604de1,60.16829,24.94214,00000000afef4555,23.56
12736,2019-08-04T11:06:35Z,e8e366e76c97944e23c0f80b4fd3ce6e5832744922297146a49f0c7e,60.16762,24.95415,000000006b44cce7,18.79
12737,2019-08-04T11:06:35Z,ed70dda6b7faebd4340dacdb452ab224d9d3c308df417b7fa76f54e8,60.14951,24.92138,0000000006dd41f6,21.87
12738,2019-08-04T11:06:35Z,f088630d7476dae7d4b7e2bb1f10575f2c89acb4b6e061f3d57c2b40,60.16531,24.9442,00000000fdda10fe,21.87
12739,2019-08-04T11:06:35Z,f30a5193aa7850aac581b8dd71512a8712c96f36fdef78d8292d4788,60.16762,24.95415,000000006b44cce7,3.09
12740,2019-08-04T11:06:35Z,f31cfded6f566f9c032c80c52ea642407be312c5d42521ab7a8d3e2a,60.16897,24.95222,00000000aa852af1,23.56
12741,2019-08-04T11:06:35Z,fc4f3a44235f1cfc7b53f14ba2da599976a5a0a220d23b852688e485,60.17918,24.95141,00000000675d5200,27.28
12742,2019-08-04T11:06:35Z,fd9d6fc46d3dd22af969a344a31dd4d7e4d7c64b7d5a98ca50593069,60.17002,24.94407,000000006b087f40,27.28
12743,2019-08-04T11:06:35Z,0043f38f4fb6545d7c033c9a8f8c18106aa0c2c841f28a15dd722e9d,60.14699,24.922,00000000a53ed894,23.56
12744,2019-08-04T11:06:35Z,007540b1ada16f6000987e20cd81a3deb18b2aea4cb95b50e099dcee,60.17065,24.93641,000000000f4919c9,17.4
12745,2019-08-04T11:06:35Z,0236a1d5b9b9d2249407a79705eee38de360ceb0530a8959ba5bc15b,60.149,24.9843,00000000fffb8cf0,13.75
12746,2019-08-04T11:06:35Z,02a354db29cd5bc16976a9d933e03a41be350f9cc78098829a7dcfd4,60.14947,24.91438,000000004ef3150d,17.4
12747,2019-08-04T11:06:35Z,0656a0c0a353f164b57fbdd9e648d71fab429964d97ed07ab2c5dc30,60.18203,24.91341,00000000342570c2,27.28
12748,2019-08-04T11:06:35Z,07505f028a552fd4183a9d7a436db18ae89a2dfeff0cdea93dcbe920,60.16762,24.95415,000000006b44cce7,7.69
12749,2019-08-04T11:06:35Z,08833115ba0f62666fee594662c171563759459bb5f65ffdfeaeaed1,60.18203,24.91341,00000000342570c2,25.36
12750,2019-08-04T11:06:35Z,08b10b51864dc039f0a07c997e66e7a263ee1cde5b0b88b2a1178c58,60.16829,24.94214,00000000afef4555,16.1
12751,2019-08-04T11:06:35Z,090b22feb90861d0c5c272812dfebe1f4f5efec2238fb9556f23e5a6,60.16762,24.95415,000000006b44cce7,12.69
12752,2019-08-04T11:06:35Z,0b45b52bc137c31ce83561c857f809296ec70f5537976a4a4d573d4f,60.16829,24.94214,00000000afef4555,18.79
12753,2019-08-04T11:06:35Z,0b49dcea1b7eab22f4ebd0c7666ded5b59fe092b8bdd4aa9eda6326d,60.16762,24.95415,000000006b44cce7,5.91
12754,2019-08-04T11:06:35Z,0c959027ce302054b09087cac97a83aa7e24fb9e4fa2710763f912cb,60.16829,24.94214,00000000afef4555,7.69
12755,2019-08-04T11:06:35Z,0d2490ed58c11eb4a754a30cc4bcb21c7243d322a2caf7cc360e4e8c,60.17065,24.93641,000000000f4919c9,10.78
12756,2019-08-04T11:06:35Z,0e113c5ed3abcdfb31d27c3125f6cf01e3b96e4ed7eca1aaea855f77,60.14947,24.91438,000000004ef3150d,14.89
12757,2019-08-04T11:06:35Z,0e9170bc93107bf16cd12839eca9ea157f19169d66085e8a435b0f1d,60.16762,24.95415,000000006b44cce7,3.4
12758,2019-08-04T11:06:35Z,1083b7adffac22c0fd933b3dd2c5bb41ddc6258467eed8d56f93dc01,60.16762,24.95415,000000006b44cce7,14.89
12759,2019-08-04T11:06:35Z,1107822441d53ff89eb9cb0d022a37202aed47bd82dca4bc175d6837,60.16762,24.95415,000000006b44cce7,7.05
12760,2019-08-04T11:06:35Z,117b6ba38be2f875c85c9c048106db4d2dbce58629a807d7d7773b6c,60.16762,24.95415,000000006b44cce7,7.69
12761,2019-08-04T11:06:35Z,1327ce24f157334f864f913637993c80380ce5f5c911e4b0d31c5eb7,60.149,24.9843,00000000fffb8cf0,3.09
12762,2019-08-04T11:06:35Z,135b81a7a5a9dd70569656553c100af6fdc760bcf92d9b7b48261cb1,60.16897,24.95222,00000000aa852af1,20.28
12763,2019-08-04T11:06:35Z,1365132d13ab87aad75e2aee453b2f156807b7c75d31d948bdff798f,60.16762,24.95415,000000006b44cce7,14.89
12764,2019-08-04T11:06:35Z,13b0a8ca1414d7b2b0e8d5f80069a5d26c6f62a68b58eda25a4b85f4,60.16829,24.94214,00000000afef4555,12.69
12765,2019-08-04T11:06:35Z,1556d4a76070c26554efa12b4b9c53766a4cc394e8b74ee37f2fff65,60.17065,24.93641,000000000f4919c9,20.28
12766,2019-08-04T11:06:35Z,163dbc381da1ed6a59dda273955da51bb7f1216e1b8e226446d40e4b,60.1538,24.95595,0000000038bf9618,31.5
12767,2019-08-04T11:06:35Z,1921be9815a57f11f291ca085add7b4bf1d044518b03b725df7cf7d5,60.149,24.9843,00000000fffb8cf0,18.79
12768,2019-08-04T11:06:35Z,193f678f8071956704184ece9db3ec95c7f0b74518be565ec032be4b,60.16629,24.95957,00000000fb7600be,17.4
12769,2019-08-04T11:06:35Z,19db84758eba08a5f9bb56b0ff91d05286765c8e8dfa31bd0b2aaa1c,60.14947,24.91438,000000004ef3150d,16.1
12770,2019-08-04T11:06:35Z,1a9a0f74c353624c42c19c007e82c9c2547b7285d8353d0e375e3f05,60.14699,24.922,00000000a53ed894,9.12
12771,2019-08-04T11:06:35Z,1bff3cb3b9be59366fdf8adbbc677a4dfbf8e116bf330c3435bc63c2,60.16897,24.95222,00000000aa852af1,9.92
12772,2019-08-04T11:06:35Z,1c38009e9b89bd8b0d6744bf54ebae9a8ad2dc2868cdfc3f2e399509,60.16829,24.94214,00000000afef4555,7.05
12773,2019-08-04T11:06:35Z,1c8c3befa38b65f707dd4933a68e5e3c9e7c82592fd382779127416b,60.16897,24.95222,00000000aa852af1,31.5
12774,2019-08-04T11:06:35Z,1ce242f8d8220cd38bf3ea9138c99ae9b2f79b28e68edb864f090ec9,60.149,24.9843,00000000fffb8cf0,5.91
12775,2019-08-04T11:06:35Z,1dd88e08ecbbd8507d735040b95233ff133ddfecfd889e4a3c52b8cf,60.16762,24.95415,000000006b44cce7,17.4
12776,2019-08-04T11:06:35Z,1de509b10ed308796e82bb0f51f17f68e2fdfbcc3d6bed69c40eb7fd,60.173,24.92524,0000000096918cfa,33.81
12777,2019-08-04T11:06:35Z,1fa2c533bba37b249a0105001153733e67a559d40c22cab67f135f64,60.14947,24.91438,000000004ef3150d,3.74
12778,2019-08-04T11:06:35Z,2136558e0a9a89ed5aa044485a8e31bff3b7e5acf38c645a06782afd,60.16448,24.97323,0000000053c6c2be,31.5
12779,2019-08-04T11:06:35Z,227b93698b29687beea48184f42aab63a21fa362af7251be32db2e15,60.16531,24.9442,00000000fdda10fe,3.09
12780,2019-08-04T11:06:35Z,23786c82e2641aed0e0b004658480a212bf0397568e914487819045c,60.16897,24.95222,00000000aa852af1,25.36
12781,2019-08-04T11:06:35Z,2535cb5c89ec66044a005b03dd769ca8d0022164a816c06db0e49892,60.16762,24.95415,000000006b44cce7,4.94
12782,2019-08-04T11:06:35Z,2724e42551f43106ea58a8fcc6a43953baa1294cd65e17a90012f706,60.17065,24.93641,000000000f4919c9,0.28
12783,2019-08-04T11:06:35Z,28741c2e5e348fe81dec0518a21c0930c98a25b6fcece61a262d50de,60.14699,24.922,00000000a53ed894,17.4
12784,2019-08-04T11:06:35Z,28a8c91eedf86256382a085ddcaf523d407151baa947c38797259e95,60.16448,24.97323,0000000053c6c2be,25.36
12785,2019-08-04T11:06:35Z,296a0ffe230305a3d37818a0369b56c99dacdd5df5a161bf238e1084,60.16762,24.95415,000000006b44cce7,2.3
12786,2019-08-04T11:06:35Z,29f5adc4d67413b7d368e8e94a41cf48339e3f5f0903f660170c4fe8,60.17918,24.95141,00000000675d5200,10.78
12787,2019-08-04T11:06:35Z,2aef63a3cd8cbbaf2d98ccb53a900a60583beabc803774a702daca10,60.16629,24.95957,00000000fb7600be,38.87
12788,2019-08-04T11:06:35Z,2c85e4140ca0ba77c3598ceac05eb2c2342409ce8111c863fc58c606,60.16829,24.94214,00000000afef4555,7.69
12789,2019-08-04T11:06:35Z,2ccaeb30423977ff22b6afc29243b861b476a5f4ffafdf200d326d78,60.17002,24.94407,000000006b087f40,29.32
12790,2019-08-04T11:06:35Z,2d0349a4148a147b05e00cd46c137dd208ba2a8ce9327b493615f1a6,60.16829,24.94214,00000000afef4555,9.92
12791,2019-08-04T11:06:35Z,2de87ef94604fb63bec05eefb71b6cdd0b9807f8551159c2a35e7259,60.17065,24.93641,000000000f4919c9,3.4
12792,2019-08-04T11:06:35Z,2e6e6f89a7d75f0742d016de203c9acc8d6f6bdeb7b56bd12f482653,60.15432,24.9211,0000000019fb59c4,6.46
12793,2019-08-04T11:06:35Z,2fe2e4165984d7880628aec591ce4747f18947da70312e6afca2946b,60.14699,24.922,00000000a53ed894,12.69
12794,2019-08-04T11:06:35Z,2fe5194fa8ded477f053c82c2b6c3deb07c1f20ee80bad5bf4fc3724,60.14699,24.922,00000000a53ed894,23.56
12795,2019-08-04T11:06:35Z,303e51dd6e5cca35a9f9f76fbe8ef97bd64a9dc6b4e965b1f74ca279,60.14699,24.922,00000000a53ed894,14.89
12796,2019-08-04T11:06:35Z,30bee351808d5e8082ce012b57f5bc0efc80f8394491a182e0eeee32,60.17918,24.95141,00000000675d5200,23.56
12797,2019-08-04T11:06:35Z,31659a798f1d780d587f07390c038a78fafa6cabb8180dba635863ce,60.17002,24.94407,000000006b087f40,12.69
12798,2019-08-04T11:06:35Z,32f77f5019e5fce30881c214487361e2e34b8c93277f6e546de72012,60.1638,24.96846,00000000d747f075,21.87
12799,2019-08-04T11:06:35Z,33a5da4eacfc49fefa067790c9fada1a86d9793367ded845a46f0779,60.16829,24.94214,00000000afef4555,23.56
12800,2019-08-04T11:06:35Z,3417d8a6b53687e70f126ebeb1d26a2ff6369dc9a551c3c35c5a04f9,60.17002,24.94407,000000006b087f40,12.69
12801,2019-08-04T11:06:35Z,35e26a55ffcf023f80c64d570297932cbeabb750c9f72ba981e2f66e,60.16762,24.95415,000000006b44cce7,21.87
12802,2019-08-04T11:06:35Z,35f337dd3baf0bc08002ec007d609b685ac29bb2a8bcad6783532a6b,60.16829,24.94214,00000000afef4555,21.87
12803,2019-08-04T11:06:35Z,3670a148a52771f0ff5af161725f65b86873c09eea1a7697861c0438,60.14699,24.922,00000000a53ed894,21.87
12804,2019-08-04T11:06:35Z,374083907dd8980893623726af5633afd59b519c885ad12ba5c674eb,60.17002,24.94407,000000006b087f40,5.91
12805,2019-08-04T11:06:35Z,38561a086c97342a24583c26b33205da50e3e973a8147fe016a4a9ff,60.16829,24.94214,00000000afef4555,7.05
12806,2019-08-04T11:06:35Z,386dea4944e0b83648b4b6faf510fd47b0e9e29a2bb9311fe8a80ee2,60.17918,24.95141,00000000675d5200,9.12
12807,2019-08-04T11:06:35Z,38fe4d3136f12b444ebe10b0db89d752ecc9527c799d1dbb1a3f12e1,60.1538,24.95595,0000000038bf9618,25.36
12808,2019-08-04T11:06:35Z,3991e38309311c3fd5aecdcf3290274a5742396d989a81387bf154ae,60.17002,24.94407,000000006b087f40,21.87
12809,2019-08-04T11:06:35Z,39e2f2a7b03cda9f877366363a3727edfefd16d2221e752dafc33634,60.17002,24.94407,000000006b087f40,23.56
12810,2019-08-04T11:06:35Z,3ac85712ab657e849113d439795c4e7325d1025cacdbd9a41174b031,60.17002,24.94407,000000006b087f40,21.87
12811,2019-08-04T11:06:35Z,3ac9d056b0f04f774b238a125eb996d46437f7a8c5f6ba6712e971cf,60.17918,24.95141,00000000675d5200,10.78
12812,2019-08-04T11:06:35Z,3aff9b20b855e5bbdced747dc633e95757529c4a64030dec319c4bf9,60.16762,24.95415,000000006b44cce7,20.28
12813,2019-08-04T11:06:35Z,3b355c039877bd4883845f3fc6ad8dd6f41f170274042f1397585680,60.149,24.9843,00000000fffb8cf0,14.89
12814,2019-08-04T11:06:35Z,3b5030adc7c303403a6333a1a6d35474c2f21c1d20ece72180660423,60.14947,24.91438,000000004ef3150d,8.38
12815,2019-08-04T11:06:35Z,3c7df7d16658abc47ed9e66342a99269fee33785ea550021877f84a4,60.18203,24.91341,00000000342570c2,21.87
12816,2019-08-04T11:06:35Z,3d94cb39941f65cfd265b96154cb8958b207ee5499285ae279f4a3b6,60.17002,24.94407,000000006b087f40,29.32
12817,2019-08-04T11:06:35Z,3e36420df19c06796a79acdad84551653de9b0132cb0987329f75291,60.16897,24.95222,00000000aa852af1,33.81
12818,2019-08-04T11:06:35Z,3f5d3aed90718f7fb8e8a13ac7002718cc22cbe190beb96821ba52e6,60.17065,24.93641,000000000f4919c9,23.56
12819,2019-08-04T11:06:35Z,3fde075082af3062c2bebc5e09ad55bda3de70b5f492bdfb21f284c9,60.173,24.92524,0000000096918cfa,20.28
12820,2019-08-04T11:06:35Z,3fe4e214448b0c9a8dfbee81c347d82a8f0b26859201fb1d77f40fa9,60.16762,24.95415,000000006b44cce7,9.12
12821,2019-08-04T11:06:35Z,40d64df305477f26745a445a97098d36570a8e02616b93a3f562bb21,60.16629,24.95957,00000000fb7600be,23.56
12822,2019-08-04T11:06:35Z,411febba567281e3da6030aa21191fe5efdd090f54aec41ca291563a,60.16897,24.95222,00000000aa852af1,25.36
12823,2019-08-04T11:06:35Z,418e60b0ee35b014e7a8a378f3491cf2333e2a022ba6ec632170228d,60.18203,24.91341,00000000342570c2,14.89
12824,2019-08-04T11:06:35Z,41fffd70db0364ae9e08f76f74848590a4ed6784433df3a7ff00d7a5,60.16762,24.95415,000000006b44cce7,7.05
12825,2019-08-04T11:06:35Z,42d34a6c595760e51052178acc978bdb2b6348e0405f7b58c57f0915,60.16829,24.94214,00000000afef4555,23.56
12826,2019-08-04T11:06:35Z,44703b8dd01d3bd79585c9c7e12217e1ac152f86e2b0c9ed6be4bc19,60.16544,24.95398,0000000038d83d41,16.1
12827,2019-08-04T11:06:35Z,4472fa277123afabdf2402fc2a3c5bff2be437e6d56b590278de70fc,60.17065,24.93641,000000000f4919c9,33.81
12828,2019-08-04T11:06:35Z,4538bf4d0ca02f13fad76c46f7b34e72978c49b0cdfe4ea9fe151a50,60.16762,24.95415,000000006b44cce7,9.12
12829,2019-08-04T11:06:35Z,465eab28635efe98500085ceb161cf941d02272a0107fbbfb2203c29,60.16829,24.94214,00000000afef4555,14.89
12830,2019-08-04T11:06:35Z,46b576e18e757fc4ec008b41d3c28ec5415a2c2c2f143042e5413137,60.16762,24.95415,000000006b44cce7,7.69
12831,2019-08-04T11:06:35Z,474c1d4ef0fa3c491e44755d0374e003730bcfdbda15e3af17bd0aaa,60.14699,24.922,00000000a53ed894,20.28
12832,2019-08-04T11:06:35Z,47cd1dcac88434ffdc4b868e7f1d8d8a604700564bc83a7c0a3928be,60.16762,24.95415,000000006b44cce7,4.5
12833,2019-08-04T11:06:35Z,47f787c639f2eed345eb5dca409ffcd989850399a1ab781500dd6e82,60.17918,24.95141,00000000675d5200,9.12
12834,2019-08-04T11:06:35Z,4800d49ec59e1cde34360defcce4c2a0c6a58919303c1fe6fdebceec,60.16762,24.95415,000000006b44cce7,9.12
12835,2019-08-04T11:06:35Z,4833b1ea4f519407574f5a838d93a39de28c756c5f53de7ee273b577,60.14947,24.91438,000000004ef3150d,7.69
12836,2019-08-04T11:06:35Z,49084ae4b6419be9e7bb0c9b1420142e07d6ac3c17c07c26895461ed,60.16829,24.94214,00000000afef4555,16.1
12837,2019-08-04T11:06:35Z,4935f07cb3fed2c0574bac93dbe39eaf9189f5aca741c94a0e3b5a86,60.15432,24.9211,0000000019fb59c4,27.28
12838,2019-08-04T11:06:35Z,4954540aca30f8f56f918178fbd53ee48ddef7a231d425061f6b2f6f,60.18203,24.91341,00000000342570c2,20.28
12839,2019-08-04T11:06:35Z,49d6f6bd5878bfac30a67fe92d1501b5b09cab38ab2b35b661902f0d,60.14947,24.91438,000000004ef3150d,20.28
12840,2019-08-04T11:06:35Z,4a2286eca689d9c867cfa19d43b9b917d29769b66b9e0a968f6c3859,60.16897,24.95222,00000000aa852af1,13.75
12841,2019-08-04T11:06:35Z,4a54cbed9c373a4136f8851f3f5736eb2fadd5766d316eb5ebbdd231,60.17918,24.95141,00000000675d5200,8.38
12842,2019-08-04T11:06:35Z,4a912b6c106b63933a8c9cc39598823bcb2c94d4b1cc8a5d55cb3972,60.16829,24.94214,00000000afef4555,21.87
12843,2019-08-04T11:06:35Z,4ae55b5046b30303930ee339fa9c70c922844d1bfe89a2e7180d53ad,60.16829,24.94214,00000000afef4555,21.87
12844,2019-08-04T11:06:35Z,4b5b3e8f2b484bc08b196c265f65c70151bd69f6263318eb29125db2,60.16829,24.94214,00000000afef4555,4.94
12845,2019-08-04T11:06:35Z,4d31b0561dbfc9ef5acbd44ba92acb4ca7bad86b948634f005173ece,60.14699,24.922,00000000a53ed894,12.69
12846,2019-08-04T11:06:35Z,4f64a0a452cd28e15e79c60cbb361761817de946431b04ad87c6d513,60.16897,24.95222,00000000aa852af1,23.56
12847,2019-08-04T11:06:35Z,51789c3026ccfe7e846e44fcd833d006941c2789b9693c77df5a7c98,60.16762,24.95415,000000006b44cce7,6.46
12848,2019-08-04T11:06:35Z,52daa31a2b3c1c07f78d96ebb4de3a965da5ef0a8035afbd0f7451fb,60.16531,24.9442,00000000fdda10fe,25.36
12849,2019-08-04T11:06:35Z,538f05c49f43aea0fda8bfcfd03d1ac2fc05b55d83fda538cd91e2a4,60.16762,24.95415,000000006b44cce7,12.69
12850,2019-08-04T11:06:35Z,542a405b620e6d166ecc5eadd979b3936d831cea3aa7b75316adb4ca,60.16897,24.95222,00000000aa852af1,21.87
12851,2019-08-04T11:06:35Z,54d53f276563f566e1cd61b100408412cf78b4fe9fcada830aa6e23b,60.14947,24.91438,000000004ef3150d,14.89
12852,2019-08-04T11:06:35Z,5518b2315c236d486c7a5a4fc27c44987672b2f9a0751ffdaa9cbf78,60.16829,24.94214,00000000afef4555,5.41
12853,2019-08-04T11:06:35Z,56101419005237b836e4ed14d91dfa6f9edc4c92b5fcb419943897bb,60.16762,24.95415,000000006b44cce7,7.69
12854,2019-08-04T11:06:35Z,56318cc7f3616fceec2564cbb1f6ca8b88ea861935a1ada93aafd7b0,60.16897,24.95222,00000000aa852af1,14.89
12855,2019-08-04T11:06:35Z,565a35900ed1794a9d566f6fc12f2710875a10eb7c8e6fa0ddd92626,60.14699,24.922,00000000a53ed894,6.46
12856,2019-08-04T11:06:35Z,571934189bf349efb6f596e76c21612cf9b82ed44913090169936048,60.17065,24.93641,000000000f4919c9,13.75
12857,2019-08-04T11:06:35Z,584cb0b0cdd14e608c8b57c8aecc9826f9b40027e365e2438a444ea2,60.16762,24.95415,000000006b44cce7,13.75
12858,2019-08-04T11:06:35Z,586f70961bf72597ce00f89d3602178ecc6ac8838a8acec48bba7f9f,60.14699,24.922,00000000a53ed894,14.89
12859,2019-08-04T11:06:35Z,59b87e6921598d25b092b66e140328fa03c9f06fe4e697dd344f378a,60.17002,24.94407,000000006b087f40,16.1
12860,2019-08-04T11:06:35Z,5b3d706018287c0b59ea341821814ec23f2ee7e3227bb79e3c2c1114,60.16762,24.95415,000000006b44cce7,10.78
12861,2019-08-04T11:06:35Z,5f5805a3ffd092506452c4d45ea8fc037ae23ea726f0b0809ca6ffde,60.16829,24.94214,00000000afef4555,18.79
12862,2019-08-04T11:06:35Z,6138e6ab3e1e74425af8945a6fcc294c1469a0b9c448b780bcf9d2e2,60.14699,24.922,00000000a53ed894,9.12
12863,2019-08-04T11:06:35Z,62cac4a0e252305e1128942dc3ec48baaa514c6737c415f85abb3665,60.1538,24.95595,0000000038bf9618,20.28
12864,2019-08-04T11:06:35Z,62d86ee13e6ae7a5c41ffc2de746df72d4ef6e8d2b6a51ce1c68965f,60.16829,24.94214,00000000afef4555,4.94
12865,2019-08-04T11:06:35Z,63e498fd789abe431cdf86f184a50616c85717e1efc893da1e1a2222,60.16897,24.95222,00000000aa852af1,18.79
12866,2019-08-04T11:06:35Z,658aacab016460cfc38879944e374640737b32d7291a40aed8b8845c,60.16897,24.95222,00000000aa852af1,23.56
12867,2019-08-04T11:06:35Z,66755836036c771e53ffd9d0dc09b8575231b53b80af22e868691a2a,60.14699,24.922,00000000a53ed894,7.69
12868,2019-08-04T11:06:35Z,697103160f0b3dc0ba38ccdd18203ae84ec35fc314322d1172c093b2,60.16829,24.94214,00000000afef4555,3.74
12869,2019-08-04T11:06:35Z,6978155fc96a2c464cb547d9fc8c5e60f39fbb9de35e49ab211c5efc,60.16897,24.95222,00000000aa852af1,18.79
12870,2019-08-04T11:06:35Z,69852d528034ea6fc746ed8942c32f1c90bc33a7a7317dfac3c9b1c1,60.14699,24.922,00000000a53ed894,7.05
12871,2019-08-04T11:06:35Z,699b48bb93c5befb62ff0686e75f158406b659f14daec16ab66d4499,60.15432,24.9211,0000000019fb59c4,21.87
12872,2019-08-04T11:06:35Z,6ac1903c80e63433e4bc744dc0e801bff647117d38d3753fb9a6a4c1,60.173,24.92524,0000000096918cfa,13.75
12873,2019-08-04T11:06:35Z,6c637347d64659d1b29b0461397fccfbff09339872c14e32469fbd0f,60.16762,24.95415,000000006b44cce7,9.92
12874,2019-08-04T11:06:35Z,6c97da4ba9462e7fe786a472989dab23340d31809dd78d5617204da4,60.16829,24.94214,00000000afef4555,13.75
12875,2019-08-04T11:06:35Z,6e492dbc3f10157e7ff00826a839a97262ab36244ccc57b702a89999,60.16531,24.9442,00000000fdda10fe,5.91
12876,2019-08-04T11:06:35Z,714e80a1e3c0fee43e312f314b2faec47e582ee8dac47e4818dbc2f9,60.149,24.9843,00000000fffb8cf0,5.91
12877,2019-08-04T11:06:35Z,71516fc8349cfaf2b5c4ab80ade6078494d93d13e9953af15e5ced30,60.18203,24.91341,00000000342570c2,25.36
12878,2019-08-04T11:06:35Z,738973c9b5f9882f29075e47ca10e50ba3fb9883da779f41545175f4,60.17918,24.95141,00000000675d5200,3.74
12879,2019-08-04T11:06:35Z,74c2ec2adc228e5b4979284d730fd2de698242f0f06d90f870b8cde6,60.16762,24.95415,000000006b44cce7,2.08
12880,2019-08-04T11:06:35Z,74cb545f76f0bfc5498607247e26e814276a11ce91f77208054ecbc5,60.17002,24.94407,000000006b087f40,21.87
12881,2019-08-04T11:06:35Z,7552783317be1ef797980c3a9ee9c5967d4e7b32765f23c51ffda02d,60.16897,24.95222,00000000aa852af1,12.69
12882,2019-08-04T11:06:35Z,75d452cbba63995ad06213b577081e8db650c80b3a78060789a8e831,60.16762,24.95415,000000006b44cce7,5.91
12883,2019-08-04T11:06:35Z,75dc69a66709d80dc34f816e5b2cbf53ee34b75f4ca9ae28f9ddf14c,60.16762,24.95415,000000006b44cce7,13.75
12884,2019-08-04T11:06:35Z,77151c6e52e30ff4876e72ac530b637b000f21eadc8e6e346f81f0cc,60.173,24.92524,0000000096918cfa,20.28
12885,2019-08-04T11:06:35Z,7778b1bf816954847791c0bf2bb15bc2de2ab4e44658262629a0b4a6,60.16762,24.95415,000000006b44cce7,13.75
12886,2019-08-04T11:06:35Z,79bde23c1a8980f93a65e14306f0d8ea89e164430d8b991e2bfee82e,60.16531,24.9442,00000000fdda10fe,13.75
12887,2019-08-04T11:06:35Z,79f6ceff0d0fc6687b4982c4d38a9ebb0a1056b6e0c448b1b9e79e8e,60.16897,24.95222,00000000aa852af1,18.79
12888,2019-08-04T11:06:35Z,7c55ecf165387948602e82b684a55be093691849fde2d96ad6574475,60.17065,24.93641,000000000f4919c9,9.92
12889,2019-08-04T11:06:35Z,7ddcdde2316659d0fa4b8597b86430e095ea0bc7f3564a9d05fc60f8,60.16897,24.95222,00000000aa852af1,13.75
12890,2019-08-04T11:06:35Z,7de4ba54f0d667a69cb0b6d625856bc6b040f51a42f91beae366a269,60.16762,24.95415,000000006b44cce7,3.74
12891,2019-08-04T11:06:35Z,7eefc5581c616491b78192b28b519ba727dc884a87bc06b8df1ea4f2,60.14699,24.922,00000000a53ed894,13.75
12892,2019-08-04T11:06:35Z,7f546f0776433ed1b76ea74186c0aad95eca5439e6cefda07922ef14,60.16762,24.95415,000000006b44cce7,13.75
12893,2019-08-04T11:06:35Z,818bf826a20805f91325b634ae02107683c949bcfc7c472917f02db0,60.16762,24.95415,000000006b44cce7,17.4
12894,2019-08-04T11:06:35Z,822590bd49bcf7ed4de4f8389586915c343b29c4283ff8b90d7c1d39,60.17065,24.93641,000000000f4919c9,12.69
12895,2019-08-04T11:06:35Z,82ac749474448abac333d00869cb8b508872f86293913d95eae26a05,60.15432,24.9211,0000000019fb59c4,14.89
12896,2019-08-04T11:06:35Z,82cddd3b9f58762d36efe78da4e2722ee587cfdb3fdbc58b52673082,60.16629,24.95957,00000000fb7600be,11.7
12897,2019-08-04T11:06:35Z,832641abf0a9f64713e32981c3e4dc62f7fbb1f88182a21897830412,60.1538,24.95595,0000000038bf9618,41.64
12898,2019-08-04T11:06:35Z,842340aa39a680a5c969b20db5027c8e1b123077045e8046a997391a,60.16448,24.97323,0000000053c6c2be,20.28
12899,2019-08-04T11:06:35Z,844b8ad6ebf530978d1139d527a681991f4d3eed6be5bc723f0b2192,60.16531,24.9442,00000000fdda10fe,1.7
12900,2019-08-04T11:06:35Z,849d6a476563b352092dcda35e816833b571b7f630e7ff8617d9b7da,60.16829,24.94214,00000000afef4555,16.1
12901,2019-08-04T11:06:35Z,864c05d067a7ec523aaf27ea895509e1fe10afc74c884c7e7f98263f,60.17065,24.93641,000000000f4919c9,29.32
12902,2019-08-04T11:06:35Z,87ea10367f1569e575dc4bc60f0f4238eafb52ba8a2cc8e5e4584232,60.16829,24.94214,00000000afef4555,13.75
12903,2019-08-04T11:06:35Z,87ee2ae24a1a0871184580c39a1c79955cbf954947f0ee24252c7302,60.18203,24.91341,00000000342570c2,33.81
12904,2019-08-04T11:06:35Z,87f4cf4baea8c5dfe1bc7812cc969574058bd4d2dda215192bcfc53f,60.14699,24.922,00000000a53ed894,4.5
12905,2019-08-04T11:06:35Z,886032718e05487be8bd75bb14464814044c7edd7f9a2198304f6fb4,60.16629,24.95957,00000000fb7600be,17.4
12906,2019-08-04T11:06:35Z,8a01cc1ef99f9ea16785412c604aa6bb2750299d67ea94214401d645,60.16762,24.95415,000000006b44cce7,8.38
12907,2019-08-04T11:06:35Z,8bffe034066821502092859341756212a0dcb6b2c605852c0c40fdeb,60.16762,24.95415,000000006b44cce7,13.75
12908,2019-08-04T11:06:35Z,8c4e4851db86ec4a3ce29a58be770eb29c38b9a983351bb67d781982,60.16897,24.95222,00000000aa852af1,8.38
12909,2019-08-04T11:06:35Z,8dae8c39d58b18df713713239222f2d512c9e912893f774a8db6a124,60.16629,24.95957,00000000fb7600be,29.32
12910,2019-08-04T11:06:35Z,8e32f03aa51152a06255173f7dc5aaa2c75cef6f6aa829bd51fea777,60.16762,24.95415,000000006b44cce7,11.7
12911,2019-08-04T11:06:35Z,8f3d9ab893ae4a48fd3417f3a749c21e792779990ae0ad75a8f211de,60.1538,24.95595,0000000038bf9618,25.36
12912,2019-08-04T11:06:35Z,8f998d0e47a5fb2e84c8dcffb4a33ca4adeaf8db93423df171988c1e,60.16629,24.95957,00000000fb7600be,21.87
12913,2019-08-04T11:06:35Z,901a3203f879fac9adb60a318738d443e822e9b082dad04696c16b7b,60.16629,24.95957,00000000fb7600be,20.28
12914,2019-08-04T11:06:35Z,90b12d2b9898702fd62b343512e0d53796ae38decdf704e203a0cc39,60.16829,24.94214,00000000afef4555,20.28
12915,2019-08-04T11:06:35Z,91602a694bc74a2874ba7f02a7bae062a3a77cd869b86a74800415b8,60.17918,24.95141,00000000675d5200,12.69
12916,2019-08-04T11:06:35Z,92df20d921f76c63470e3f5afbe201d3ae15f5133f66c291db796082,60.16629,24.95957,00000000fb7600be,23.56
12917,2019-08-04T11:06:35Z,93272ad17155ea9499641eda7c5560691582116096278b82738ab21e,60.14699,24.922,00000000a53ed894,8.38
12918,2019-08-04T11:06:35Z,951482f3e2e41b496e34885c346c4a7ab09427178119caa9b8bbcbb6,60.14947,24.91438,000000004ef3150d,14.89
12919,2019-08-04T11:06:35Z,9558753228fb3007f59382a0595018488e2e7430248f8824a5badb80,60.1638,24.96846,00000000d747f075,29.32
12920,2019-08-04T11:06:35Z,97490f522f1a0226c8f7e8ed7bca08dd71b63d80b46d38020127b868,60.14699,24.922,00000000a53ed894,13.75
12921,2019-08-04T11:06:35Z,998ac46ad73c197bab1f36dca67d8bcaa3aca92249185a5e3715043f,60.17065,24.93641,000000000f4919c9,17.4
12922,2019-08-04T11:06:35Z,99b998b07243afd316e6fa57636b0ab6761b9c2a6f0fe050eae40c08,60.16762,24.95415,000000006b44cce7,11.7
12923,2019-08-04T11:06:35Z,9a49d0b5a67fba15ce8971503f6fea88994b33487a842397c5e8564f,60.16762,24.95415,000000006b44cce7,2.54
12924,2019-08-04T11:06:35Z,9aa588cb6f425117e45726b6b9adb7ef86c8f7c8113b547dc61f068a,60.16897,24.95222,00000000aa852af1,12.69
12925,2019-08-04T11:06:35Z,9ab0a60cb60531417ac6ec5ebc6ef591d2f39019c6b0bcb5a89101a2,60.14699,24.922,00000000a53ed894,14.89
12926,2019-08-04T11:06:35Z,9b24f69458294d27d07a0169665965135fd02f4c953f85bcebf4ba87,60.16762,24.95415,000000006b44cce7,7.69
12927,2019-08-04T11:06:35Z,9b4b0705e58750d2bcbd71ad65d85677f7e77db5dfe69d1a70b5d31f,60.17918,24.95141,00000000675d5200,13.75
12928,2019-08-04T11:06:35Z,9bc91538b73e0220fcf5cd07290c07d56f6f48d3ba0ba6b6b0876da9,60.17065,24.93641,000000000f4919c9,16.1
12929,2019-08-04T11:06:35Z,9bef562c292174f1eb3933116effff74a8733a78e5c1df140de3fd6c,60.17918,24.95141,00000000675d5200,21.87
12930,2019-08-04T11:06:35Z,9ced7d70503ba24882b6e283fa95ce42e02c1a3618adeb448558c50c,60.16897,24.95222,00000000aa852af1,13.75
12931,2019-08-04T11:06:35Z,9eb1e9bfdceb76ef852f89ebd82139602125f9731b791465e1c21f81,60.16829,24.94214,00000000afef4555,14.89
12932,2019-08-04T11:06:35Z,a066e2044b486819fe2185765f63ed87f8d10c502f26a01be1f1a758,60.149,24.9843,00000000fffb8cf0,33.81
12933,2019-08-04T11:06:35Z,a08f9d5b2b07988bf9d31ebb83257f25532d8f53b535a8485a9a997e,60.16762,24.95415,000000006b44cce7,20.28
12934,2019-08-04T11:06:35Z,a0ec1a8d581f94e640a6858a674699d2464ec065e6faea9d4ce2a13b,60.16762,24.95415,000000006b44cce7,5.91
12935,2019-08-04T11:06:35Z,a1439b6683d0598c7a05080c3693a17c198f7b8c3297c77324ef4859,60.16829,24.94214,00000000afef4555,18.79
12936,2019-08-04T11:06:35Z,a30740fbf4b7e21f6fe2996e9325c90936de161cb2165e87cd96fd35,60.149,24.9843,00000000fffb8cf0,8.38
12937,2019-08-04T11:06:35Z,a3664d77633807788598dd8d4a7ba8caba2c31bfdcb6ba83651d4e7e,60.173,24.92524,0000000096918cfa,27.28
12938,2019-08-04T11:06:35Z,a3c1a4a58b9381c27b1d5076e0d8d72039afccfb0e58438a80247324,60.16762,24.95415,000000006b44cce7,5.91
12939,2019-08-04T11:06:35Z,a44eda7b8ec58e1cd7c078a73c4da7fb0037d59453aa6bfe69b7cbdd,60.16762,24.95415,000000006b44cce7,4.11
12940,2019-08-04T11:06:35Z,a488d8700d0761c51d771677bb82a9a5bbb86e97e0d5835aeff65d2b,60.16629,24.95957,00000000fb7600be,36.27
12941,2019-08-04T11:06:35Z,a50e0bb8fd1ad4ad264c3246b210a0c6285faae591c1bd2c2c3458af,60.16829,24.94214,00000000afef4555,17.4
12942,2019-08-04T11:06:35Z,a51a9aab75637e56bef3effddc420dfcd95b8cbd85d95917aaac38d5,60.16762,24.95415,000000006b44cce7,17.4
12943,2019-08-04T11:06:35Z,a5835ce352a1e6d8fb6bdc410fae1076c756f7dac8e202465add9277,60.16762,24.95415,000000006b44cce7,11.7
12944,2019-08-04T11:06:35Z,a6ad4305e4e49cc67b63665ffb182e72c67646f3554a9aedcd188b67,60.16829,24.94214,00000000afef4555,16.1
12945,2019-08-04T11:06:35Z,a98fc06dc605583814a2aa182295b88f81657ef2daeee7aaec792e7c,60.16762,24.95415,000000006b44cce7,14.89
12946,2019-08-04T11:06:35Z,aa4547c0b6b8be30776e08d524ceeacfbc9930ad720e11fa4cb20882,60.16531,24.9442,00000000fdda10fe,1.38
12947,2019-08-04T11:06:35Z,aa45859d6157e9e86470ec8b81957acc35bafb1b7f419d79357a38cf,60.16829,24.94214,00000000afef4555,8.38
12948,2019-08-04T11:06:35Z,aaabd3028e2bd9f8b0e3a929c8728cb364551bd70da3208662b12033,60.16762,24.95415,000000006b44cce7,7.05
12949,2019-08-04T11:06:35Z,ab0008c7828a92ac4d00c4c500f15af7b23ecc0ca743d682c9262102,60.16762,24.95415,000000006b44cce7,8.38
12950,2019-08-04T11:06:35Z,ab1377ddf669bb806f8db586f4ce5ab9f0f4257dda61fe800d8509f5,60.17065,24.93641,000000000f4919c9,17.4
12951,2019-08-04T11:06:35Z,ab6e8769f50a15ea5e0d64f48aaa12886b7599a18cc0eb071a21ae5f,60.16762,24.95415,000000006b44cce7,4.11
12952,2019-08-04T11:06:35Z,ac5c7e04b55d6d70659e5b8f4705309b9367c78a0edb7ce85f42c181,60.1538,24.95595,0000000038bf9618,31.5
12953,2019-08-04T11:06:35Z,ac74378d608acd44b4a3fbde116ae65f170f8b8b73a8e5e1dcb9bd7c,60.17065,24.93641,000000000f4919c9,27.28
12954,2019-08-04T11:06:35Z,ae3cda5066e455d4b1e58860e8fb7a35efad69b9964a676b476b0687,60.14947,24.91438,000000004ef3150d,4.11
12955,2019-08-04T11:06:35Z,af05aef0d368766300bd97074ddaa3500a814ee758ad3ba0d221ed54,60.17065,24.93641,000000000f4919c9,18.79
12956,2019-08-04T11:06:35Z,b02a0be9ec3a2bb1acba16daee232202f9a06ac84e0dcc9a80dddf6a,60.16762,24.95415,000000006b44cce7,16.1
12957,2019-08-04T11:06:35Z,b0d6202ccd1560eaf57c06931cb6466332e41068ad2963e515819015,60.17918,24.95141,00000000675d5200,13.75
12958,2019-08-04T11:06:35Z,b2298fc6f63c02481610f9aef24f1a0c1711c255adc43c0fe135c1ca,60.14947,24.91438,000000004ef3150d,17.4
12959,2019-08-04T11:06:35Z,b26d0daac9f8fb84484cbd8ed668aeb6751e848b1c533a307d163360,60.16762,24.95415,000000006b44cce7,3.4
12960,2019-08-04T11:06:35Z,b4c8900041e9f8751755d3940ceac58419e6370cd81cdb90d7800de1,60.14699,24.922,00000000a53ed894,20.28
12961,2019-08-04T11:06:35Z,b50b3c2006581bccfeaa9ea964649350c7d5b8177baa29a37e628584,60.14947,24.91438,000000004ef3150d,16.1
12962,2019-08-04T11:06:35Z,b5cdbcdc30e0bf653ce353c867708b0067db5e394c8cbe848d978a77,60.14699,24.922,00000000a53ed894,9.92
12963,2019-08-04T11:06:35Z,b5f80d159e59c4558e49ea6fb68f6bc72ee9eb92bee60991bdf4e46f,60.16762,24.95415,000000006b44cce7,9.12
12964,2019-08-04T11:06:35Z,b601cd655bb9f05aa6ec86fc9eb9300c3bc20bc0e856e94ad168a257,60.14947,24.91438,000000004ef3150d,9.92
12965,2019-08-04T11:06:35Z,b68ee9d08dcd32b04a57eb2ff3d2582eff2a1332cddf4e8ed4e97f0c,60.17002,24.94407,000000006b087f40,23.56
12966,2019-08-04T11:06:35Z,b81a9bf449d3e64ad0181804598330bbf305f384b888935023742c79,60.173,24.92524,0000000096918cfa,25.36
12967,2019-08-04T11:06:35Z,b9447a524f5b5bf98585b27b92195b09869ee9cd9da3cf8d2b59c57d,60.16829,24.94214,00000000afef4555,27.28
12968,2019-08-04T11:06:35Z,b9518af3996d754e6482a42a26d51867e361046fdca90a5fd443113c,60.16897,24.95222,00000000aa852af1,20.28
12969,2019-08-04T11:06:35Z,ba288a5fd2befbc9ed08e7876ad7cb2bd8bfe6f5756d2ffe8e2dc558,60.17002,24.94407,000000006b087f40,7.05
12970,2019-08-04T11:06:35Z,ba41edadb3a9722bc59efaca71897a33593d0f17301c4bf560fd23e1,60.16762,24.95415,000000006b44cce7,9.92
12971,2019-08-04T11:06:35Z,bbf7d8b9085ddcd3b94f55f93b52cb40a251c44f5df4099ba5b61471,60.16829,24.94214,00000000afef4555,7.05
12972,2019-08-04T11:06:35Z,bc07df8cc395f6f4f5d483b2233caca5f93a6918f346e4cc3702f8cc,60.16531,24.9442,00000000fdda10fe,20.28
12973,2019-08-04T11:06:35Z,bd7fa2c07b7e0eab8afb3d9825a810643c2eb71f83c09a1e26cac54c,60.16762,24.95415,000000006b44cce7,9.92
12974,2019-08-04T11:06:35Z,be57346c6a31904c7a3c53b6a9e94df7c93f7f510d3b2ff733d214b6,60.16762,24.95415,000000006b44cce7,14.89
12975,2019-08-04T11:06:35Z,bf9ce5791ac57b111f0539859dbf4cadf8b08bde9d823abe44169ccd,60.16762,24.95415,000000006b44cce7,14.89
12976,2019-08-04T11:06:35Z,c012e9e2caf1002d24e53817bb1279becdfc4aa9dba085e93ddd88e9,60.17002,24.94407,000000006b087f40,20.28
12977,2019-08-04T11:06:35Z,c190b2b98438e2e79fb5d2add3c063bbf98d30d208518a2fd9296add,60.16762,24.95415,000000006b44cce7,9.92
12978,2019-08-04T11:06:35Z,c2cc33e5b1b8d254d4bcbc0ffa13c9200676a39a191cc31a38d28d8d,60.17065,24.93641,000000000f4919c9,33.81
12979,2019-08-04T11:06:35Z,c2d88bc74172eb47d26ee5d739980baa7fc011b9973f9f18b482aa81,60.17065,24.93641,000000000f4919c9,9.12
12980,2019-08-04T11:06:35Z,c2e135ad2c160277e290705658ac41d7cd35b11ebf61d829fdd0b428,60.14699,24.922,00000000a53ed894,8.38
12981,2019-08-04T11:06:35Z,c45e3c4e8ec0fc85457d3b4ed4c49ed0116b4cf447e2983f353abcd8,60.16829,24.94214,00000000afef4555,2.54
12982,2019-08-04T11:06:35Z,c4c3ad738ca47920bb66939f620126c87f730c644813158554916827,60.16762,24.95415,000000006b44cce7,9.92
12983,2019-08-04T11:06:35Z,c5561c3256acd3ed1ac0796b958cdf66cc9da55aa33c5e44a11042ad,60.16762,24.95415,000000006b44cce7,16.1
12984,2019-08-04T11:06:35Z,c55894159f2080031cda702c78ee54463c3c15ab1b3638afdf687f08,60.16531,24.9442,00000000fdda10fe,7.69
12985,2019-08-04T11:06:35Z,c6b0ea433c3fdc73e0bac7e3faa2690506c4e8ec7fc54210446a7ffa,60.14947,24.91438,000000004ef3150d,16.1
12986,2019-08-04T11:06:35Z,c6c3f59768e35adbd31df80689e4f4b137db64056afda7e2eaa6219a,60.16762,24.95415,000000006b44cce7,21.87
12987,2019-08-04T11:06:35Z,c7160ae9aa31ca4dba615425303b1e527f342ede653be387ee54389c,60.149,24.9843,00000000fffb8cf0,25.36
12988,2019-08-04T11:06:35Z,c739921adb150c53f1887c6ce887adc6cd7ae7e35e69f6e4dc52fe81,60.173,24.92524,0000000096918cfa,36.27
12989,2019-08-04T11:06:35Z,c7ced11121537f55bcd7d7ab67312226dafe7c85320c5357a35d5ab7,60.17002,24.94407,000000006b087f40,17.4
12990,2019-08-04T11:06:35Z,c8f8a7a901c692af2aec8031d27f0b7efc946f113895771f87fefe1c,60.14947,24.91438,000000004ef3150d,17.4
12991,2019-08-04T11:06:35Z,c990a15d27cfc21e63b7c96b95949254f1194e8b27118386a589e2bd,60.16897,24.95222,00000000aa852af1,14.89
12992,2019-08-04T11:06:35Z,ca38047e041c74bc9e84aa4687e19233b85cdc213ac43164f9ab322b,60.16762,24.95415,000000006b44cce7,13.75
12993,2019-08-04T11:06:35Z,cb37b8fad0bc758cf37d7ea1052f3a98f29282ae37ec635d6eb2c511,60.16762,24.95415,000000006b44cce7,9.92
12994,2019-08-04T11:06:35Z,cb89806cc67b6912feb5bdc9faf087e570301b75f075f2b73017d970,60.16897,24.95222,00000000aa852af1,23.56
12995,2019-08-04T11:06:35Z,cd7d0e9404c9f4e8fab0742460b9acb4d5bbb97f44df80d4a8b973cd,60.17002,24.94407,000000006b087f40,8.38
12996,2019-08-04T11:06:35Z,d04b5065ec93818b731141027d11e6a1cf53de69b9737d7aea0c34da,60.14947,24.91438,000000004ef3150d,17.4
12997,2019-08-04T11:06:35Z,d162ad46250f7d87af446db22df4aa6b2eb2bf22f83beca34e857743,60.16762,24.95415,000000006b44cce7,2.54
12998,2019-08-04T11:06:35Z,d20f68571773330f7b6490b006b2e952c9912b4ee05e20f0fc434698,60.16629,24.95957,00000000fb7600be,23.56
12999,2019-08-04T11:06:35Z,d2aa78414847f7d563d6dd86215208c2c50df75bfd2a7b601cfcc35e,60.16762,24.95415,000000006b44cce7,14.89
13000,2019-08-04T11:06:35Z,d2e3bf982b10b2079eaa464127a286409c5030b21ffe9a2ce08bbb9c,60.16762,24.95415,000000006b44cce7,7.69
13001,2019-08-04T11:06:35Z,d2fd0c6415d2d8e49fef3415fb8747b524191b4400a4fbb66428cb12,60.14699,24.922,00000000a53ed894,20.28
13002,2019-08-04T11:06:35Z,d3910de7df50d93311da3c44a80ec2a60325db1914938b1bcd3c047c,60.16762,24.95415,000000006b44cce7,9.92
13003,2019-08-04T11:06:35Z,d3bad9334d128332fc483e10ef1b77c28e5a75ac55be4de71c6b2f9f,60.16829,24.94214,00000000afef4555,7.05
13004,2019-08-04T11:06:35Z,d54f7c23d54b5aedac429ef954b5ca8ac1cb09bdc07d5154b00f43d4,60.17002,24.94407,000000006b087f40,29.32
13005,2019-08-04T11:06:35Z,d68f1946805ba3d30f9ba25280986fbe003f3b5dce7245b633e0cb5c,60.16762,24.95415,000000006b44cce7,9.12
13006,2019-08-04T11:06:35Z,d6a8c97f1ec18c7a90d3beae358bad67f8d53626258a852e15b08c5d,60.14699,24.922,00000000a53ed894,9.12
13007,2019-08-04T11:06:35Z,d71a315bac918f9a18fcd820731e6d9eb54fb0d01c324ca088ef8858,60.149,24.9843,00000000fffb8cf0,25.36
13008,2019-08-04T11:06:35Z,d81024e88bb9b04be64c793e92836ac82bec9eed4bfeef83accf8109,60.14951,24.92138,0000000006dd41f6,23.56
13009,2019-08-04T11:06:35Z,d82f37918d46bea29e113c6b57b901b1b960ed3337bdcce777aea476,60.17065,24.93641,000000000f4919c9,29.32
13010,2019-08-04T11:06:35Z,d86f155736e4d36de5d33bdbb3b12b717b75de44852b93419af20945,60.16829,24.94214,00000000afef4555,13.75
13011,2019-08-04T11:06:35Z,d9fe99c157052fce3b37f5128399fac7b857e756ffa220d8bebe5467,60.16629,24.95957,00000000fb7600be,29.32
13012,2019-08-04T11:06:35Z,da2398acaae7f39c7b80c220d4e6917bdc7655f4c71b6e36d06cb859,60.18203,24.91341,00000000342570c2,18.79
13013,2019-08-04T11:06:35Z,dabb7edec36f560d07547c2595765be02b0731b3826f93f5c41b7120,60.16762,24.95415,000000006b44cce7,12.69
13014,2019-08-04T11:06:35Z,db45583e1f7aaaf54e100214986dfc86aa755383e86d361639a5b19b,60.16762,24.95415,000000006b44cce7,8.38
13015,2019-08-04T11:06:35Z,db4d3f81708de827ce30c4130610fd65b4d6d451ca5cf6b0c4e745d9,60.16829,24.94214,00000000afef4555,13.75
13016,2019-08-04T11:06:35Z,dc365c2b1eb6c5491b90f5f16d8332d97b5e6a5893a05e7f98990511,60.16897,24.95222,00000000aa852af1,36.27
13017,2019-08-04T11:06:35Z,dc816e92e4a2eceea03f41fc379fda0e3d57b5d0fbd9a06430432022,60.16762,24.95415,000000006b44cce7,4.94
13018,2019-08-04T11:06:35Z,dc82f9648bb5ba21e766e0923f5fa7ca2d77662ab0edbe22a3d95631,60.14699,24.922,00000000a53ed894,21.87
13019,2019-08-04T11:06:35Z,ddd0e663eb31ac94858d2a4e9af5e4782781e88c92102042190e6fcf,60.14699,24.922,00000000a53ed894,16.1
13020,2019-08-04T11:06:35Z,de48adf9d49eb3bc1d61dea4047618f6c77086fc44bd2b535d56504d,60.16762,24.95415,000000006b44cce7,2.54
13021,2019-08-04T11:06:35Z,de71e27b55ef6f2f51f05838a2fcab596f1dd93a14ece5ce4548f5c7,60.14699,24.922,00000000a53ed894,12.69
13022,2019-08-04T11:06:35Z,e081e4b3252ca91bbf1cbb70faa116d60317fbf3a991a67bc99b4bfa,60.149,24.9843,00000000fffb8cf0,18.79
13023,2019-08-04T11:06:35Z,e0859a9c906151023376d86762070f38ba1b3859e671531b0edac6cd,60.16075,24.95883,00000000f1124bca,16.1
13024,2019-08-04T11:06:35Z,e1da87aea335bcd04e4c876158b96ebc7ba4206bc216c3aa27a2f4af,60.17918,24.95141,00000000675d5200,2.54
13025,2019-08-04T11:06:35Z,e29168791ccd18013b58845430388cc5aac537e7e1c618aeb78900a8,60.16897,24.95222,00000000aa852af1,27.28
13026,2019-08-04T11:06:35Z,e305610124e16ed1411a221b29ce69a076cc47982efd6c098b0599ab,60.14947,24.91438,000000004ef3150d,18.79
13027,2019-08-04T11:06:35Z,e32e078697e70d6e3cb4b156ada3a4756315227b125615d7b5c116a7,60.16762,24.95415,000000006b44cce7,8.38
13028,2019-08-04T11:06:35Z,e44d7228cecbdb2474e1cc396a6c13943f09c08c19d0ffab1997d509,60.17918,24.95141,00000000675d5200,17.4
13029,2019-08-04T11:06:35Z,e557e164cd52fd817b02cad6587a294d72b0974d9b014ad69ea5e08e,60.17918,24.95141,00000000675d5200,4.11
13030,2019-08-04T11:06:35Z,e568360cebcddeb30a1d066a2f6a2326ac927004214bd11337d804e5,60.16762,24.95415,000000006b44cce7,18.79
13031,2019-08-04T11:06:35Z,e5928057da667903de0b6c1245e1f58273dd85d63d8af0f4eaa771de,60.16762,24.95415,000000006b44cce7,9.92
13032,2019-08-04T11:06:35Z,e5b9b4813c081a31fb498e7f9adb94918c267dfa125c63790c0d9488,60.149,24.9843,00000000fffb8cf0,4.11
13033,2019-08-04T11:06:35Z,e5e14952bf5e52bf1349479a58c0a97d702585889650948d94767608,60.16448,24.97323,0000000053c6c2be,27.28
13034,2019-08-04T11:06:35Z,e9d59e25b58f33f70aad6832863cb59d7485ca55a1575558f92b74e7,60.16897,24.95222,00000000aa852af1,7.69
13035,2019-08-04T11:06:35Z,ea3eef2f497e934d53c3a02bfa190abb42a24ce200d24c69598dbf84,60.16762,24.95415,000000006b44cce7,3.74
13036,2019-08-04T11:06:35Z,eb261026c6f65b651ddf21bed629a1e164cfb500d0b78062704ec15c,60.16762,24.95415,000000006b44cce7,10.78
13037,2019-08-04T11:06:35Z,ec485175d2b7a2c53d03bf546aee134c116d998976601b069570c6f9,60.14699,24.922,00000000a53ed894,13.75
13038,2019-08-04T11:06:35Z,ecb1735f180422ec69f041cd2782a26c9f07d27a87893b3c30aaa9b7,60.16075,24.95883,00000000f1124bca,4.94
13039,2019-08-04T11:06:35Z,ecb5655da668bb183a5c270a96927649c323975e318184d248247099,60.16829,24.94214,00000000afef4555,18.79
13040,2019-08-04T11:06:35Z,ede13c9dc221bbc6c1daf78250fa6547303c06d7606c05ba0bf64547,60.17918,24.95141,00000000675d5200,0.71
13041,2019-08-04T11:06:35Z,ee81051f10987c5f2ca4f2188c2e87df47f035dfdc62842c4671b11c,60.16629,24.95957,00000000fb7600be,27.28
13042,2019-08-04T11:06:35Z,ef15ff71b7dc4c2088249a4fca7e28900ae315245a7a3b4d571bf582,60.16829,24.94214,00000000afef4555,10.78
13043,2019-08-04T11:06:35Z,ef33ccdfcdb12920eabb3306e0f86dc7e6060a5d3864b03e2de7e1ef,60.16897,24.95222,00000000aa852af1,10.78
13044,2019-08-04T11:06:35Z,ef45fdc095ee55730384922266d8fce61de212d3c3df2441ea10e524,60.14947,24.91438,000000004ef3150d,20.28
13045,2019-08-04T11:06:35Z,ef5e495c5f9d3dd9eb22ed5b8faf1cc9e4225d4785ebb26a87d16fff,60.14699,24.922,00000000a53ed894,11.7
13046,2019-08-04T11:06:35Z,f110acae92fec55c6caca5de864773a6b99e5b8d6e2fdf8d1bdbc759,60.16762,24.95415,000000006b44cce7,4.94
13047,2019-08-04T11:06:35Z,f196f5f8c08299d290b3bac1944e00bb1f2c90594db66438b0c10e6e,60.16629,24.95957,00000000fb7600be,13.75
13048,2019-08-04T11:06:35Z,f1d44b9d3710849eba7eab0b6646053378aa5f8ee3491ec2522f3c44,60.14947,24.91438,000000004ef3150d,16.1
13049,2019-08-04T11:06:35Z,f2467c8ede6444941158701b7bd9d005beec9ffdb355ce2d8c7a9bfd,60.149,24.9843,00000000fffb8cf0,14.89
13050,2019-08-04T11:06:35Z,f4b9fc6acb673aea24fe00dfbe806b81fedab0c2ea82d781f7659ce5,60.16762,24.95415,000000006b44cce7,7.69
13051,2019-08-04T11:06:35Z,f5ffa3dbcdd5592ac31344cb04a7a6d639109a4d6e196fa0df3990dd,60.17065,24.93641,000000000f4919c9,25.36
13052,2019-08-04T11:06:35Z,f616fbd0fde8316049c3068ae4368dc9f486f8da4bf5516e9ba82578,60.16897,24.95222,00000000aa852af1,7.05
13053,2019-08-04T11:06:35Z,f62061efbfc36d9dfd7dc044875a3f2b874f85d79971e1296622c367,60.16448,24.97323,0000000053c6c2be,33.81
13054,2019-08-04T11:06:35Z,f62b86ef56fa9417b0128f2fff6530aed6f2a50d3f65bbbfdcbbee59,60.16762,24.95415,000000006b44cce7,7.05
13055,2019-08-04T11:06:35Z,f77d86d6fcfc6cc5ce50a14177a7100c8967fa5947fc13e3a198e345,60.16762,24.95415,000000006b44cce7,13.75
13056,2019-08-04T11:06:35Z,f7be7d003528c0c0827040a3a3723e49406a5a7c86cb4bc568a830db,60.17002,24.94407,000000006b087f40,23.56
13057,2019-08-04T11:06:35Z,f7d633178895e2c2f25a33d4045d8317cf7691e19593fe4b142182fc,60.16762,24.95415,000000006b44cce7,23.56
13058,2019-08-04T11:06:35Z,f855918d61069661cbf8633b228a5fb9e5cd5ea7b2946bfc5b9fc315,60.16829,24.94214,00000000afef4555,29.32
13059,2019-08-04T11:06:35Z,f9f42c3132515705c0013fb8e137897c93844d24acc22cb4ac9384a0,60.149,24.9843,00000000fffb8cf0,4.5
13060,2019-08-04T11:06:35Z,fb197be4589e2d16cfe2899ae06282639009e64a5bff759f4a8a3e43,60.16629,24.95957,00000000fb7600be,18.79
13061,2019-08-04T11:06:35Z,ffb7319984ecae155652e100da9b204f0b92f3b6c7239cfea4dcf966,60.14699,24.922,00000000a53ed894,17.4
13062,2019-08-04T11:06:36Z,004c3624f943830bc6a9f17173a2cd0996622cade5184ad2b9fba729,60.16897,24.95222,00000000aa852af1,8.38
13063,2019-08-04T11:06:36Z,0152988639aaaa9cc27213280c8f0c0c8ec97ae6a45aaaf743c9c25d,60.16544,24.95398,0000000038d83d41,23.56
13064,2019-08-04T11:06:36Z,09ddbf38333e76a79fd836112bd8c3f8bf7f3dadfb3d49945ad4c486,60.16897,24.95222,00000000aa852af1,7.05
13065,2019-08-04T11:06:36Z,1142f5b6806b1ec7d8d47d47013eb530d8a7418f6934d8867b20966a,60.16829,24.94214,00000000afef4555,17.4
13066,2019-08-04T11:06:36Z,128f1b89d7a534aa206a7823b692594bbd4d349761baa04c0fc72f2c,60.14947,24.91438,000000004ef3150d,10.78
13067,2019-08-04T11:06:36Z,165ebbb4090d47319ae370f0d0854fdc1f6b79499f8b2e4d3c3533c0,60.16544,24.95398,0000000038d83d41,25.36
13068,2019-08-04T11:06:36Z,16c994bb2e24124a910c247376d16e980a65626a94c4c0aaab27df60,60.16829,24.94214,00000000afef4555,21.87
13069,2019-08-04T11:06:36Z,25a7ff811c3c06e426c7c2cbb0433d9a2a3399b23afecbd35584ab0f,60.18203,24.91341,00000000342570c2,9.92
13070,2019-08-04T11:06:36Z,3b5cafe90982db26cf737b2e4cd4275276f6a031bca3b2a1f73023b2,60.14699,24.922,00000000a53ed894,14.89
13071,2019-08-04T11:06:36Z,3fe5f4ccfa5c777ceafda0674d7c9da6f509f6694b4c2fa254b32e73,60.16897,24.95222,00000000aa852af1,17.4
13072,2019-08-04T11:06:36Z,44d0b94469070803869f229601e877beb613c3f5aafa009addf97a1a,60.16544,24.95398,0000000038d83d41,23.56
13073,2019-08-04T11:06:36Z,4774d3de2115f3cfeff91dc17ed763964fe86825629003f82ee45b2b,60.16762,24.95415,000000006b44cce7,11.7
13074,2019-08-04T11:06:36Z,5d65719c4cbf045f068d084b72302f447d5fd034413d97d13be00d0e,60.18203,24.91341,00000000342570c2,20.28
13075,2019-08-04T11:06:36Z,5eed115a984d490b02b602d73787aee8dc8c4e9365b77fbff3818a76,60.16629,24.95957,00000000fb7600be,20.28
13076,2019-08-04T11:06:36Z,69219e9efa41ae9e732653e9eaf08e1a34cb853a9dafe76ddeea4d04,60.16897,24.95222,00000000aa852af1,23.56
13077,2019-08-04T11:06:36Z,6a70e2fbced719333e21eff04fcb9cb36bae9a04d1a3d6ddd96f2c58,60.15432,24.9211,0000000019fb59c4,4.94
13078,2019-08-04T11:06:36Z,85ef35aecf2ff804be3d958b592705ec41c6df9c128c132c65bb283d,60.16897,24.95222,00000000aa852af1,20.28
13079,2019-08-04T11:06:36Z,87dfaad29a9276ddddb1fa021d3bc23ad14824c1af16f7d87e713689,60.14951,24.92138,0000000006dd41f6,9.92
13080,2019-08-04T11:06:36Z,88808fe92573e9cdf022cc15b9689b6b4b9429f60513c8897b0ba4c7,60.16897,24.95222,00000000aa852af1,16.1
13081,2019-08-04T11:06:36Z,8c3b1ed0846e38cc84b863a80540c8a75bfd85c8bdda36563d153110,60.16544,24.95398,0000000038d83d41,18.79
13082,2019-08-04T11:06:36Z,92aae21a6e0dd2ff71fc591b64e878502bd4677b64ac413632e9f7c6,60.149,24.9843,00000000fffb8cf0,11.7
13083,2019-08-04T11:06:36Z,9843c6216661048343a0e49cf3d8aa2883cf77f452666a1c873a1052,60.16448,24.97323,0000000053c6c2be,16.1
13084,2019-08-04T11:06:36Z,9992834418850939882f3b334eee492eb98d4f9d6d6118f9ee108793,60.16762,24.95415,000000006b44cce7,2.8
13085,2019-08-04T11:06:36Z,9fc0711d7e7722eff7faa0cb6f17846680c06515c1eb93dd49ebcf25,60.14699,24.922,00000000a53ed894,16.1
13086,2019-08-04T11:06:36Z,a13e5d46f0a2d1c6b58878e1b198905e9b14e3a85b5e4adab88b4b87,60.16762,24.95415,000000006b44cce7,10.78
13087,2019-08-04T11:06:36Z,a91d379a4b57c5df22db0d7a041ff69f657b4b31f28554b1011fc03c,60.16544,24.95398,0000000038d83d41,29.32
13088,2019-08-04T11:06:36Z,acd2647d413f41552b31b6e383da445c8902bc2a764d2b7791a7b164,60.16762,24.95415,000000006b44cce7,14.89
13089,2019-08-04T11:06:36Z,b33ae7715d6d2571066655c2c8954a5a364b5601869047de83410d9f,60.16629,24.95957,00000000fb7600be,25.36
13090,2019-08-04T11:06:36Z,b5fd6b317890e5ab2d79e2cd1abe61626d45a753c7337d0d40728898,60.16762,24.95415,000000006b44cce7,17.4
13091,2019-08-04T11:06:36Z,b936e41d8712ae967f3ebb413fc44f060bb10613f95537757886ede2,60.16762,24.95415,000000006b44cce7,13.75
13092,2019-08-04T11:06:36Z,bca443064699e0ac05c40e587aef06d7fd580817e739133a501490bc,60.14699,24.922,00000000a53ed894,21.87
13093,2019-08-04T11:06:36Z,bedde70080278440cf33f510482f5dbd45ad8321fdcb248b929437f7,60.16762,24.95415,000000006b44cce7,13.75
13094,2019-08-04T11:06:36Z,bfcaefe93f7fcb6aad6e62e3da473a7b5b03a62db532dad02a7d3559,60.16762,24.95415,000000006b44cce7,21.87
13095,2019-08-04T11:06:36Z,c40c37def6bf11a63a2556519a7c6233fd417cdeea2cf14f28e7c42c,60.16531,24.9442,00000000fdda10fe,21.87
13096,2019-08-04T11:06:36Z,c97eb4181394121907d47b908495f54e5ee5145ff790f7a1dc21b3cf,60.16897,24.95222,00000000aa852af1,13.75
13097,2019-08-04T11:06:36Z,ca6927628f5ddda20036865c9345ad93d476d62ade3b181de568eed6,60.16897,24.95222,00000000aa852af1,25.36
13098,2019-08-04T11:06:36Z,ce197d5eedb5498917afe7ca3f7275ffeb191f0c5d050bffa154c1d2,60.16531,24.9442,00000000fdda10fe,29.32
13099,2019-08-04T11:06:36Z,cf05623e4d87ce0906c0b0b7dbf53aacc1228016cd27c341228b6e76,60.18203,24.91341,00000000342570c2,17.4
13100,2019-08-04T11:06:36Z,cfc0bedb78ded52749db3188cb188bf6a250ef5990da9c5afa9623fc,60.14951,24.92138,0000000006dd41f6,27.28
13101,2019-08-04T11:06:36Z,d15e7dd5136b83a36b80f68b15b4163e9a4e277740c84a30cc7a4bcc,60.16829,24.94214,00000000afef4555,18.79
13102,2019-08-04T11:06:36Z,dbeb00942457ba3c5fb1984b57b1dedb268c0e761e80729b939f1fd8,60.16544,24.95398,0000000038d83d41,16.1
13103,2019-08-04T11:06:36Z,e224ae5ea47af2e3048f83b13a1f45dc135c0ca6be72547b01729086,60.1538,24.95595,0000000038bf9618,18.79
13104,2019-08-04T11:06:36Z,e6af35ebe4c87f166821f11fad668537305c0f52d192e9c4d308eaa9,60.16075,24.95883,00000000f1124bca,27.28
13105,2019-08-04T11:06:36Z,e8690c2d1711bc10f2d1251a3b5b1e770b98c66c384760400c604de1,60.16829,24.94214,00000000afef4555,27.28
13106,2019-08-04T11:06:36Z,e8e366e76c97944e23c0f80b4fd3ce6e5832744922297146a49f0c7e,60.16762,24.95415,000000006b44cce7,16.1
13107,2019-08-04T11:06:36Z,e96bd269a48b822b06141c3362fcb6d5ed4d0d09a120f2e4a712d5c2,60.16897,24.95222,00000000aa852af1,29.32
13108,2019-08-04T11:06:36Z,f088630d7476dae7d4b7e2bb1f10575f2c89acb4b6e061f3d57c2b40,60.16531,24.9442,00000000fdda10fe,18.79
13109,2019-08-04T11:06:36Z,f30a5193aa7850aac581b8dd71512a8712c96f36fdef78d8292d4788,60.16762,24.95415,000000006b44cce7,7.69
13110,2019-08-04T11:06:36Z,f31cfded6f566f9c032c80c52ea642407be312c5d42521ab7a8d3e2a,60.16897,24.95222,00000000aa852af1,18.79
13111,2019-08-04T11:06:36Z,fc4f3a44235f1cfc7b53f14ba2da599976a5a0a220d23b852688e485,60.17919,24.95181,000000007b5207b6,13.75
13112,2019-08-04T11:06:36Z,000888f4e876e6cb8d50b0bb1a3deaee0655733968eb5065d779e88e,60.16762,24.95415,000000006b44cce7,18.79
13113,2019-08-04T11:06:36Z,0043f38f4fb6545d7c033c9a8f8c18106aa0c2c841f28a15dd722e9d,60.14699,24.922,00000000a53ed894,27.28
13114,2019-08-04T11:06:36Z,007540b1ada16f6000987e20cd81a3deb18b2aea4cb95b50e099dcee,60.17065,24.93641,000000000f4919c9,13.75
13115,2019-08-04T11:06:36Z,0236a1d5b9b9d2249407a79705eee38de360ceb0530a8959ba5bc15b,60.149,24.9843,00000000fffb8cf0,11.7
13116,2019-08-04T11:06:36Z,02a354db29cd5bc16976a9d933e03a41be350f9cc78098829a7dcfd4,60.14947,24.91438,000000004ef3150d,18.79
13117,2019-08-04T11:06:36Z,03204cdd97728dc59f21f215f75460ac8fe2fa56720a88e869c6f56d,60.16829,24.94214,00000000afef4555,17.4
13118,2019-08-04T11:06:36Z,03515f2dd8be9a829b8b55cec8dc0f87b3e51368f8f16e4c4014d547,60.16762,24.95415,000000006b44cce7,7.69
13119,2019-08-04T11:06:36Z,07505f028a552fd4183a9d7a436db18ae89a2dfeff0cdea93dcbe920,60.16762,24.95415,000000006b44cce7,10.78
13120,2019-08-04T11:06:36Z,07736b3f5deab4e1b7812473c78389d5152eb6e95aeb6b23741c90d6,60.16762,24.95415,000000006b44cce7,17.4
13121,2019-08-04T11:06:36Z,07d9aa9fe10e58c26960ba10eb2f13607a7cea0226acaecbdcc52508,60.16762,24.95415,000000006b44cce7,18.79
13122,2019-08-04T11:06:36Z,08b10b51864dc039f0a07c997e66e7a263ee1cde5b0b88b2a1178c58,60.16829,24.94214,00000000afef4555,11.7
13123,2019-08-04T11:06:36Z,096c3b0de1dab1407cd4d3330546404c0d62ce025924420496380f89,60.16762,24.95415,000000006b44cce7,8.38
13124,2019-08-04T11:06:36Z,0a949aafc0be15c68d73a5dd186d726aa6b921f44303a712ac6ddcb8,60.16762,24.95415,000000006b44cce7,12.69
13125,2019-08-04T11:06:36Z,0b45b52bc137c31ce83561c857f809296ec70f5537976a4a4d573d4f,60.16829,24.94214,00000000afef4555,11.7
13126,2019-08-04T11:06:36Z,0b49dcea1b7eab22f4ebd0c7666ded5b59fe092b8bdd4aa9eda6326d,60.16762,24.95415,000000006b44cce7,10.78
13127,2019-08-04T11:06:36Z,0c959027ce302054b09087cac97a83aa7e24fb9e4fa2710763f912cb,60.16829,24.94214,00000000afef4555,4.5
13128,2019-08-04T11:06:36Z,0d2490ed58c11eb4a754a30cc4bcb21c7243d322a2caf7cc360e4e8c,60.17065,24.93641,000000000f4919c9,14.89
13129,2019-08-04T11:06:36Z,0e113c5ed3abcdfb31d27c3125f6cf01e3b96e4ed7eca1aaea855f77,60.14947,24.91438,000000004ef3150d,14.89
13130,2019-08-04T11:06:36Z,0e1fac068e905121e354702292780affb6635905cc36872878ff79ce,60.17002,24.94407,000000006b087f40,36.27
13131,2019-08-04T11:06:36Z,0e9170bc93107bf16cd12839eca9ea157f19169d66085e8a435b0f1d,60.16762,24.95415,000000006b44cce7,4.11
13132,2019-08-04T11:06:36Z,0f8209b436f18b5cf0805c278f81e8de1d7ffbab8d0c95a53dfd026b,60.16448,24.97323,0000000053c6c2be,31.5
13133,2019-08-04T11:06:36Z,0fd26c6e46f4d73b276223942e56c38bc9b8e4566239f8a77261657b,60.17002,24.94407,000000006b087f40,25.36
13134,2019-08-04T11:06:36Z,1107822441d53ff89eb9cb0d022a37202aed47bd82dca4bc175d6837,60.16762,24.95415,000000006b44cce7,9.92
13135,2019-08-04T11:06:36Z,117b6ba38be2f875c85c9c048106db4d2dbce58629a807d7d7773b6c,60.16762,24.95415,000000006b44cce7,7.69
13136,2019-08-04T11:06:36Z,1327ce24f157334f864f913637993c80380ce5f5c911e4b0d31c5eb7,60.149,24.9843,00000000fffb8cf0,8.38
13137,2019-08-04T11:06:36Z,1556d4a76070c26554efa12b4b9c53766a4cc394e8b74ee37f2fff65,60.17065,24.93641,000000000f4919c9,14.89
13138,2019-08-04T11:06:36Z,17b39c4376c28dc9e1c1221de9d5037abfea5d59d30cdd48208fc3a8,60.16762,24.95415,000000006b44cce7,17.4
13139,2019-08-04T11:06:36Z,182e58bd6c3c8d836225d454a878bc55d8ed5166564a22f8b635f6ff,60.14947,24.91438,000000004ef3150d,17.4
13140,2019-08-04T11:06:36Z,1921be9815a57f11f291ca085add7b4bf1d044518b03b725df7cf7d5,60.149,24.9843,00000000fffb8cf0,18.79
13141,2019-08-04T11:06:36Z,19db84758eba08a5f9bb56b0ff91d05286765c8e8dfa31bd0b2aaa1c,60.14947,24.91438,000000004ef3150d,13.75
13142,2019-08-04T11:06:36Z,1a06b5f7f305badd45e93db9d86d76ed3a2a96ec55ec47c836921e3e,60.16762,24.95415,000000006b44cce7,8.38
13143,2019-08-04T11:06:36Z,1bff3cb3b9be59366fdf8adbbc677a4dfbf8e116bf330c3435bc63c2,60.16897,24.95222,00000000aa852af1,31.5
13144,2019-08-04T11:06:36Z,1cd41cce1f4ab7bd3267071cbc1fa4eb84eb8c65d29e84354010846d,60.16762,24.95415,000000006b44cce7,14.89
13145,2019-08-04T11:06:36Z,1ce242f8d8220cd38bf3ea9138c99ae9b2f79b28e68edb864f090ec9,60.149,24.9843,00000000fffb8cf0,3.4
13146,2019-08-04T11:06:36Z,1dacfb371d75dd4f90f447aac2a00faad98beb4188a6971c19eb2375,60.16629,24.95957,00000000fb7600be,23.56
13147,2019-08-04T11:06:36Z,1f6e5095c2c365e120a526c9111895459bc08fb351b964a350cdb64f,60.16762,24.95415,000000006b44cce7,5.91
13148,2019-08-04T11:06:36Z,1fa2c533bba37b249a0105001153733e67a559d40c22cab67f135f64,60.14947,24.91438,000000004ef3150d,7.05
13149,2019-08-04T11:06:36Z,227b93698b29687beea48184f42aab63a21fa362af7251be32db2e15,60.16531,24.9442,00000000fdda10fe,4.5
13150,2019-08-04T11:06:36Z,23b7c1b09dfbcbf722a4c48303dd0435cf9885a516d5eebb6538844f,60.16762,24.95415,000000006b44cce7,9.12
13151,2019-08-04T11:06:36Z,2535cb5c89ec66044a005b03dd769ca8d0022164a816c06db0e49892,60.16762,24.95415,000000006b44cce7,7.69
13152,2019-08-04T11:06:36Z,27052b4dc21318eee25b7afdbe088c8d15e13ec11ac339166b209e58,60.18203,24.91341,00000000342570c2,27.28
13153,2019-08-04T11:06:36Z,2724e42551f43106ea58a8fcc6a43953baa1294cd65e17a90012f706,60.17065,24.93641,000000000f4919c9,0.59
13154,2019-08-04T11:06:36Z,28741c2e5e348fe81dec0518a21c0930c98a25b6fcece61a262d50de,60.14699,24.922,00000000a53ed894,14.89
13155,2019-08-04T11:06:36Z,287efdea27da0267d97513fe63338184c94be003b02880135e0d80fe,60.16762,24.95415,000000006b44cce7,16.1
13156,2019-08-04T11:06:36Z,29f5adc4d67413b7d368e8e94a41cf48339e3f5f0903f660170c4fe8,60.17918,24.95141,00000000675d5200,11.7
13157,2019-08-04T11:06:36Z,2bbd3ab96fbdc70aeeb702eec09ad635ef2e72885baf7c23ad48b654,60.16762,24.95415,000000006b44cce7,18.79
13158,2019-08-04T11:06:36Z,2c85e4140ca0ba77c3598ceac05eb2c2342409ce8111c863fc58c606,60.16829,24.94214,00000000afef4555,20.28
13159,2019-08-04T11:06:36Z,2d0349a4148a147b05e00cd46c137dd208ba2a8ce9327b493615f1a6,60.16829,24.94214,00000000afef4555,14.89
13160,2019-08-04T11:06:36Z,2de87ef94604fb63bec05eefb71b6cdd0b9807f8551159c2a35e7259,60.17065,24.93641,000000000f4919c9,10.78
13161,2019-08-04T11:06:36Z,2e6e6f89a7d75f0742d016de203c9acc8d6f6bdeb7b56bd12f482653,60.15432,24.9211,0000000019fb59c4,9.12
13162,2019-08-04T11:06:36Z,303e51dd6e5cca35a9f9f76fbe8ef97bd64a9dc6b4e965b1f74ca279,60.14699,24.922,00000000a53ed894,11.7
13163,2019-08-04T11:06:36Z,30bee351808d5e8082ce012b57f5bc0efc80f8394491a182e0eeee32,60.17919,24.95181,000000007b5207b6,18.79
13164,2019-08-04T11:06:36Z,31659a798f1d780d587f07390c038a78fafa6cabb8180dba635863ce,60.17002,24.94407,000000006b087f40,11.7
13165,2019-08-04T11:06:36Z,3226c88241c6ac9d643c1843f44b6e5ee10df5f15a695e360582a9be,60.16829,24.94214,00000000afef4555,25.36
13166,2019-08-04T11:06:36Z,3313cdaba99416cd33bc61d5d61d8360a51ef3858c47f74e036a0bb9,60.173,24.92524,0000000096918cfa,27.28
13167,2019-08-04T11:06:36Z,33a5da4eacfc49fefa067790c9fada1a86d9793367ded845a46f0779,60.16829,24.94214,00000000afef4555,12.69
13168,2019-08-04T11:06:36Z,3417d8a6b53687e70f126ebeb1d26a2ff6369dc9a551c3c35c5a04f9,60.17002,24.94407,000000006b087f40,13.75
13169,2019-08-04T11:06:36Z,35f337dd3baf0bc08002ec007d609b685ac29bb2a8bcad6783532a6b,60.16829,24.94214,00000000afef4555,27.28
13170,2019-08-04T11:06:36Z,3714758c60c781bb53981cf52f78b930f4cb22bf27a3dc596f48ab2e,60.16762,24.95415,000000006b44cce7,16.1
13171,2019-08-04T11:06:36Z,374083907dd8980893623726af5633afd59b519c885ad12ba5c674eb,60.17002,24.94407,000000006b087f40,5.91
13172,2019-08-04T11:06:36Z,38561a086c97342a24583c26b33205da50e3e973a8147fe016a4a9ff,60.16829,24.94214,00000000afef4555,9.92
13173,2019-08-04T11:06:36Z,386dea4944e0b83648b4b6faf510fd47b0e9e29a2bb9311fe8a80ee2,60.17918,24.95141,00000000675d5200,27.28
13174,2019-08-04T11:06:36Z,3991e38309311c3fd5aecdcf3290274a5742396d989a81387bf154ae,60.17002,24.94407,000000006b087f40,20.28
13175,2019-08-04T11:06:36Z,39e2f2a7b03cda9f877366363a3727edfefd16d2221e752dafc33634,60.17002,24.94407,000000006b087f40,21.87
13176,2019-08-04T11:06:36Z,3ac9d056b0f04f774b238a125eb996d46437f7a8c5f6ba6712e971cf,60.17918,24.95141,00000000675d5200,7.69
13177,2019-08-04T11:06:36Z,3b355c039877bd4883845f3fc6ad8dd6f41f170274042f1397585680,60.149,24.9843,00000000fffb8cf0,20.28
13178,2019-08-04T11:06:36Z,3b5030adc7c303403a6333a1a6d35474c2f21c1d20ece72180660423,60.14947,24.91438,000000004ef3150d,11.7
13179,2019-08-04T11:06:36Z,3f5d3aed90718f7fb8e8a13ac7002718cc22cbe190beb96821ba52e6,60.17065,24.93641,000000000f4919c9,23.56
13180,2019-08-04T11:06:36Z,3fe4e214448b0c9a8dfbee81c347d82a8f0b26859201fb1d77f40fa9,60.16762,24.95415,000000006b44cce7,14.89
13181,2019-08-04T11:06:36Z,406da931a04256f3a9bd7c250d8658d2f0effc3bcf8904a04af355f3,60.16762,24.95415,000000006b44cce7,17.4
13182,2019-08-04T11:06:36Z,40d64df305477f26745a445a97098d36570a8e02616b93a3f562bb21,60.16629,24.95957,00000000fb7600be,17.4
13183,2019-08-04T11:06:36Z,411febba567281e3da6030aa21191fe5efdd090f54aec41ca291563a,60.16897,24.95222,00000000aa852af1,20.28
13184,2019-08-04T11:06:36Z,418e60b0ee35b014e7a8a378f3491cf2333e2a022ba6ec632170228d,60.18203,24.91341,00000000342570c2,21.87
13185,2019-08-04T11:06:36Z,42d34a6c595760e51052178acc978bdb2b6348e0405f7b58c57f0915,60.16829,24.94214,00000000afef4555,14.89
13186,2019-08-04T11:06:36Z,439ff6b8ff9dc79d47e223164a87fc2d620f29bc7ea1bc7ea4c5cc58,60.16897,24.95222,00000000aa852af1,23.56
13187,2019-08-04T11:06:36Z,44703b8dd01d3bd79585c9c7e12217e1ac152f86e2b0c9ed6be4bc19,60.16544,24.95398,0000000038d83d41,27.28
13188,2019-08-04T11:06:36Z,4472fa277123afabdf2402fc2a3c5bff2be437e6d56b590278de70fc,60.17065,24.93641,000000000f4919c9,31.5
13189,2019-08-04T11:06:36Z,448f6044c6c095d8c71341a0017dd6746f6e150f03af7c78b794308f,60.16762,24.95415,000000006b44cce7,9.92
13190,2019-08-04T11:06:36Z,44cd8828dd4aa11ea599139af3d3aafbcd09ca0c2558f26ed1c72e17,60.14699,24.922,00000000a53ed894,9.92
13191,2019-08-04T11:06:36Z,4538bf4d0ca02f13fad76c46f7b34e72978c49b0cdfe4ea9fe151a50,60.16762,24.95415,000000006b44cce7,13.75
13192,2019-08-04T11:06:36Z,465eab28635efe98500085ceb161cf941d02272a0107fbbfb2203c29,60.16829,24.94214,00000000afef4555,21.87
13193,2019-08-04T11:06:36Z,46b576e18e757fc4ec008b41d3c28ec5415a2c2c2f143042e5413137,60.16762,24.95415,000000006b44cce7,9.92
13194,2019-08-04T11:06:36Z,46b81e0dd10fe05195c050bacd41d57feeca0e044b6b317ac22a8656,60.16762,24.95415,000000006b44cce7,8.38
13195,2019-08-04T11:06:36Z,47cd1dcac88434ffdc4b868e7f1d8d8a604700564bc83a7c0a3928be,60.16762,24.95415,000000006b44cce7,4.5
13196,2019-08-04T11:06:36Z,47f787c639f2eed345eb5dca409ffcd989850399a1ab781500dd6e82,60.17918,24.95141,00000000675d5200,13.75
13197,2019-08-04T11:06:36Z,4831311b6d19ecce7981d060fe0971ac961bdfa5a006de633cd38a95,60.16531,24.9442,00000000fdda10fe,31.5
13198,2019-08-04T11:06:36Z,4833b1ea4f519407574f5a838d93a39de28c756c5f53de7ee273b577,60.14947,24.91438,000000004ef3150d,8.38
13199,2019-08-04T11:06:36Z,49084ae4b6419be9e7bb0c9b1420142e07d6ac3c17c07c26895461ed,60.16829,24.94214,00000000afef4555,12.69
13200,2019-08-04T11:06:36Z,4935f07cb3fed2c0574bac93dbe39eaf9189f5aca741c94a0e3b5a86,60.15432,24.9211,0000000019fb59c4,29.32
13201,2019-08-04T11:06:36Z,4a54cbed9c373a4136f8851f3f5736eb2fadd5766d316eb5ebbdd231,60.17919,24.95181,000000007b5207b6,14.89
13202,2019-08-04T11:06:36Z,4a912b6c106b63933a8c9cc39598823bcb2c94d4b1cc8a5d55cb3972,60.16829,24.94214,00000000afef4555,7.69
13203,2019-08-04T11:06:36Z,4ae55b5046b30303930ee339fa9c70c922844d1bfe89a2e7180d53ad,60.16829,24.94214,00000000afef4555,20.28
13204,2019-08-04T11:06:36Z,4b5b3e8f2b484bc08b196c265f65c70151bd69f6263318eb29125db2,60.16829,24.94214,00000000afef4555,4.5
13205,2019-08-04T11:06:36Z,4cf634fc84e128c3b9bce07a4b726d136e18f0eea4229fdbb48f6db1,60.16897,24.95222,00000000aa852af1,13.75
13206,2019-08-04T11:06:36Z,4d95977cc2761ce4ca31c2cb88c4f3340ef541d7131cd48f10378aac,60.16762,24.95415,000000006b44cce7,16.1
13207,2019-08-04T11:06:36Z,4ecb021e026179236f488d8ad249e718bd1577b00c2aea9c3ad95f88,60.1538,24.95595,0000000038bf9618,27.28
13208,2019-08-04T11:06:36Z,4f64a0a452cd28e15e79c60cbb361761817de946431b04ad87c6d513,60.16897,24.95222,00000000aa852af1,25.36
13209,2019-08-04T11:06:36Z,508ee0778f7d5571ac4aa05211272911339b293ff62069f14cd4aa0a,60.16897,24.95222,00000000aa852af1,25.36
13210,2019-08-04T11:06:36Z,52daa31a2b3c1c07f78d96ebb4de3a965da5ef0a8035afbd0f7451fb,60.16531,24.9442,00000000fdda10fe,10.78
13211,2019-08-04T11:06:36Z,541f330d2ded03609f551d02b8149da9cd07ee36aeee630f8fc9de8c,60.14699,24.922,00000000a53ed894,20.28
13212,2019-08-04T11:06:36Z,54d53f276563f566e1cd61b100408412cf78b4fe9fcada830aa6e23b,60.14947,24.91438,000000004ef3150d,11.7
13213,2019-08-04T11:06:36Z,5518b2315c236d486c7a5a4fc27c44987672b2f9a0751ffdaa9cbf78,60.16829,24.94214,00000000afef4555,4.11
13214,2019-08-04T11:06:36Z,56101419005237b836e4ed14d91dfa6f9edc4c92b5fcb419943897bb,60.16762,24.95415,000000006b44cce7,6.46
13215,2019-08-04T11:06:36Z,56318cc7f3616fceec2564cbb1f6ca8b88ea861935a1ada93aafd7b0,60.16897,24.95222,00000000aa852af1,16.1
13216,2019-08-04T11:06:36Z,565a35900ed1794a9d566f6fc12f2710875a10eb7c8e6fa0ddd92626,60.14699,24.922,00000000a53ed894,8.38
13217,2019-08-04T11:06:36Z,56ef15210d87074a2705a68a06e5819fd891c19c3574762b4f036151,60.14699,24.922,00000000a53ed894,23.56
13218,2019-08-04T11:06:36Z,571934189bf349efb6f596e76c21612cf9b82ed44913090169936048,60.17065,24.93641,000000000f4919c9,20.28
13219,2019-08-04T11:06:36Z,586f70961bf72597ce00f89d3602178ecc6ac8838a8acec48bba7f9f,60.14699,24.922,00000000a53ed894,11.7
13220,2019-08-04T11:06:36Z,58c5faa3a5a33380286fc185676e8f2764cdde5a6dc9f43eee9d3b0c,60.16448,24.97323,0000000053c6c2be,29.32
13221,2019-08-04T11:06:36Z,58ee8fd47328b1c696ec343920f2c0353d19a915924eb6f6f2638e56,60.16762,24.95415,000000006b44cce7,12.69
13222,2019-08-04T11:06:36Z,59b87e6921598d25b092b66e140328fa03c9f06fe4e697dd344f378a,60.17002,24.94407,000000006b087f40,17.4
13223,2019-08-04T11:06:36Z,5a730ea19664020323272509e5443616ea3f1cecd7b295e294be4ba7,60.14947,24.91438,000000004ef3150d,14.89
13224,2019-08-04T11:06:36Z,5b1df59a8f10fc0c1548e114caf6a457ff880d853d529f675372b0b0,60.16762,24.95415,000000006b44cce7,13.75
13225,2019-08-04T11:06:36Z,5d9aa6fcb0d81ceaa80ca13cc08a88138be517656646e0ba0942ce46,60.16897,24.95222,00000000aa852af1,14.89
13226,2019-08-04T11:06:36Z,5f5805a3ffd092506452c4d45ea8fc037ae23ea726f0b0809ca6ffde,60.16829,24.94214,00000000afef4555,16.1
13227,2019-08-04T11:06:36Z,60d5499b9dfa1869ff28e24e0cb689a42136cc3462311e39fe5b31af,60.16544,24.95398,0000000038d83d41,21.87
13228,2019-08-04T11:06:36Z,6138e6ab3e1e74425af8945a6fcc294c1469a0b9c448b780bcf9d2e2,60.14699,24.922,00000000a53ed894,4.11
13229,2019-08-04T11:06:36Z,62d86ee13e6ae7a5c41ffc2de746df72d4ef6e8d2b6a51ce1c68965f,60.16829,24.94214,00000000afef4555,2.3
13230,2019-08-04T11:06:36Z,62e27092b58abcaf80564c408d0d4a7b821abaee92dc2f02ccb11e61,60.16762,24.95415,000000006b44cce7,6.46
13231,2019-08-04T11:06:36Z,63e498fd789abe431cdf86f184a50616c85717e1efc893da1e1a2222,60.16897,24.95222,00000000aa852af1,20.28
13232,2019-08-04T11:06:36Z,6434f01136593de9dd10c86505dbfc93158e68525e96fab83937e3f7,60.16629,24.95957,00000000fb7600be,36.27
13233,2019-08-04T11:06:36Z,64d10ef0926ecca987bad278990d966d8fac8775f03847d1f5a4a2f6,60.16762,24.95415,000000006b44cce7,14.89
13234,2019-08-04T11:06:36Z,658aacab016460cfc38879944e374640737b32d7291a40aed8b8845c,60.16897,24.95222,00000000aa852af1,20.28
13235,2019-08-04T11:06:36Z,66755836036c771e53ffd9d0dc09b8575231b53b80af22e868691a2a,60.14699,24.922,00000000a53ed894,4.94
13236,2019-08-04T11:06:36Z,6894aebde3dd6929d2b49b79db075d2e1b44bf5b60a43b8bdb7cac03,60.17002,24.94407,000000006b087f40,33.81
13237,2019-08-04T11:06:36Z,697103160f0b3dc0ba38ccdd18203ae84ec35fc314322d1172c093b2,60.16829,24.94214,00000000afef4555,5.41
13238,2019-08-04T11:06:36Z,6978155fc96a2c464cb547d9fc8c5e60f39fbb9de35e49ab211c5efc,60.16897,24.95222,00000000aa852af1,17.4
13239,2019-08-04T11:06:36Z,69852d528034ea6fc746ed8942c32f1c90bc33a7a7317dfac3c9b1c1,60.14699,24.922,00000000a53ed894,13.75
13240,2019-08-04T11:06:36Z,6990b912b53e2278e4a3d421330e44169d05b275ad57d86ff4ad1615,60.14699,24.922,00000000a53ed894,20.28
13241,2019-08-04T11:06:36Z,69d8c906060e226ff0f0f7e78029575f2ee07ebec657a3b641419268,60.14699,24.922,00000000a53ed894,14.89
13242,2019-08-04T11:06:36Z,6ac8fdd67b3dd11f0bae935f3a285880138382088238b97f511d3f12,60.16897,24.95222,00000000aa852af1,21.87
13243,2019-08-04T11:06:36Z,6d7107015847d88db09c55e259c3aae4f1dcc95e5d584f2bd957b113,60.16762,24.95415,000000006b44cce7,7.69
13244,2019-08-04T11:06:36Z,6e492dbc3f10157e7ff00826a839a97262ab36244ccc57b702a89999,60.16531,24.9442,00000000fdda10fe,11.7
13245,2019-08-04T11:06:36Z,700c14fe35186c01f82d0f13e99678e0c1db2b2fd58051b08fda606a,60.16448,24.97323,0000000053c6c2be,20.28
13246,2019-08-04T11:06:36Z,714e80a1e3c0fee43e312f314b2faec47e582ee8dac47e4818dbc2f9,60.149,24.9843,00000000fffb8cf0,6.46
13247,2019-08-04T11:06:36Z,71516fc8349cfaf2b5c4ab80ade6078494d93d13e9953af15e5ced30,60.18203,24.91341,00000000342570c2,14.89
13248,2019-08-04T11:06:36Z,738973c9b5f9882f29075e47ca10e50ba3fb9883da779f41545175f4,60.17918,24.95141,00000000675d5200,1.12
13249,2019-08-04T11:06:36Z,73f9caa620c77e880d8973e260936b1114db9c96de6accf8398ccec0,60.17002,24.94407,000000006b087f40,29.32
13250,2019-08-04T11:06:36Z,74c2ec2adc228e5b4979284d730fd2de698242f0f06d90f870b8cde6,60.16762,24.95415,000000006b44cce7,5.91
13251,2019-08-04T11:06:36Z,7552783317be1ef797980c3a9ee9c5967d4e7b32765f23c51ffda02d,60.16897,24.95222,00000000aa852af1,12.69
13252,2019-08-04T11:06:36Z,77151c6e52e30ff4876e72ac530b637b000f21eadc8e6e346f81f0cc,60.173,24.92524,0000000096918cfa,21.87
13253,2019-08-04T11:06:36Z,7778b1bf816954847791c0bf2bb15bc2de2ab4e44658262629a0b4a6,60.16762,24.95415,000000006b44cce7,11.7
13254,2019-08-04T11:06:36Z,79773ee1ebdf8252053d8ffb326b77bb05a7cdb76041102e73d3767c,60.16762,24.95415,000000006b44cce7,10.78
13255,2019-08-04T11:06:36Z,79bde23c1a8980f93a65e14306f0d8ea89e164430d8b991e2bfee82e,60.16531,24.9442,00000000fdda10fe,11.7
13256,2019-08-04T11:06:36Z,79f6ceff0d0fc6687b4982c4d38a9ebb0a1056b6e0c448b1b9e79e8e,60.16897,24.95222,00000000aa852af1,25.36
13257,2019-08-04T11:06:36Z,7bb434564bd2430d4e1fff5a245098d487317d3e7e7edde956307d45,60.14951,24.92138,0000000006dd41f6,21.87
13258,2019-08-04T11:06:36Z,7c55ecf165387948602e82b684a55be093691849fde2d96ad6574475,60.17065,24.93641,000000000f4919c9,12.69
13259,2019-08-04T11:06:36Z,7ddcdde2316659d0fa4b8597b86430e095ea0bc7f3564a9d05fc60f8,60.16897,24.95222,00000000aa852af1,12.69
13260,2019-08-04T11:06:36Z,7e78b2348d9576c63ebb626030ee9d43e2bf07e860782adf3f1c452b,60.16829,24.94214,00000000afef4555,11.7
13261,2019-08-04T11:06:36Z,7eefc5581c616491b78192b28b519ba727dc884a87bc06b8df1ea4f2,60.14699,24.922,00000000a53ed894,17.4
13262,2019-08-04T11:06:36Z,7f546f0776433ed1b76ea74186c0aad95eca5439e6cefda07922ef14,60.16762,24.95415,000000006b44cce7,16.1
13263,2019-08-04T11:06:36Z,818bf826a20805f91325b634ae02107683c949bcfc7c472917f02db0,60.16762,24.95415,000000006b44cce7,10.78
13264,2019-08-04T11:06:36Z,822590bd49bcf7ed4de4f8389586915c343b29c4283ff8b90d7c1d39,60.17065,24.93641,000000000f4919c9,18.79
13265,2019-08-04T11:06:36Z,82ac749474448abac333d00869cb8b508872f86293913d95eae26a05,60.15432,24.9211,0000000019fb59c4,6.46
13266,2019-08-04T11:06:36Z,82cddd3b9f58762d36efe78da4e2722ee587cfdb3fdbc58b52673082,60.16629,24.95957,00000000fb7600be,23.56
13267,2019-08-04T11:06:36Z,8360b6abcb2e77bcb24b622208af40b521c9697161dacfeb01920f32,60.16629,24.95957,00000000fb7600be,29.32
13268,2019-08-04T11:06:36Z,842340aa39a680a5c969b20db5027c8e1b123077045e8046a997391a,60.16448,24.97323,0000000053c6c2be,20.28
13269,2019-08-04T11:06:36Z,844b8ad6ebf530978d1139d527a681991f4d3eed6be5bc723f0b2192,60.16531,24.9442,00000000fdda10fe,1.25
13270,2019-08-04T11:06:36Z,864c05d067a7ec523aaf27ea895509e1fe10afc74c884c7e7f98263f,60.17065,24.93641,000000000f4919c9,21.87
13271,2019-08-04T11:06:36Z,87ea10367f1569e575dc4bc60f0f4238eafb52ba8a2cc8e5e4584232,60.16829,24.94214,00000000afef4555,10.78
13272,2019-08-04T11:06:36Z,87ecec345b34dca4db86cbd66248eeb829282d0cc54caff92455dff2,60.16762,24.95415,000000006b44cce7,10.78
13273,2019-08-04T11:06:36Z,87f4cf4baea8c5dfe1bc7812cc969574058bd4d2dda215192bcfc53f,60.14699,24.922,00000000a53ed894,3.4
13274,2019-08-04T11:06:36Z,886032718e05487be8bd75bb14464814044c7edd7f9a2198304f6fb4,60.16629,24.95957,00000000fb7600be,17.4
13275,2019-08-04T11:06:36Z,89df1daad350e46d526e113019214d2e1a19d8f48da761bb3583399b,60.16762,24.95415,000000006b44cce7,11.7
13276,2019-08-04T11:06:36Z,8a7f5012c000c420f0a336a3988c72cf2b373818f4f3f369e994d8e4,60.16829,24.94214,00000000afef4555,29.32
13277,2019-08-04T11:06:36Z,8bffe034066821502092859341756212a0dcb6b2c605852c0c40fdeb,60.16762,24.95415,000000006b44cce7,17.4
13278,2019-08-04T11:06:36Z,8c4e4851db86ec4a3ce29a58be770eb29c38b9a983351bb67d781982,60.16897,24.95222,00000000aa852af1,8.38
13279,2019-08-04T11:06:36Z,8ca6cbf91a04db796810f40ee019369f331d79472e4acd09f75cbac8,60.16829,24.94214,00000000afef4555,25.36
13280,2019-08-04T11:06:36Z,8dcfa5789215b9650f4cb5f8bf0d99492d0728351e58e688491080b5,60.16629,24.95957,00000000fb7600be,23.56
13281,2019-08-04T11:06:36Z,8f3d9ab893ae4a48fd3417f3a749c21e792779990ae0ad75a8f211de,60.1538,24.95595,0000000038bf9618,27.28
13282,2019-08-04T11:06:36Z,8f998d0e47a5fb2e84c8dcffb4a33ca4adeaf8db93423df171988c1e,60.16629,24.95957,00000000fb7600be,27.28
13283,2019-08-04T11:06:36Z,901a3203f879fac9adb60a318738d443e822e9b082dad04696c16b7b,60.16629,24.95957,00000000fb7600be,23.56
13284,2019-08-04T11:06:36Z,90b12d2b9898702fd62b343512e0d53796ae38decdf704e203a0cc39,60.16829,24.94214,00000000afef4555,8.38
13285,2019-08-04T11:06:36Z,90b7d8f14917734bd6d4f571c04fb22cc4bbc6ac49ce9454fc684345,60.16629,24.95957,00000000fb7600be,29.32
13286,2019-08-04T11:06:36Z,91602a694bc74a2874ba7f02a7bae062a3a77cd869b86a74800415b8,60.17918,24.95141,00000000675d5200,17.4
13287,2019-08-04T11:06:36Z,9183fcfc1592ab7dda545bb8eb158e4eb13a042c7b27b22b78d131d2,60.1538,24.95595,0000000038bf9618,36.27
13288,2019-08-04T11:06:36Z,92df20d921f76c63470e3f5afbe201d3ae15f5133f66c291db796082,60.16629,24.95957,00000000fb7600be,13.75
13289,2019-08-04T11:06:36Z,93272ad17155ea9499641eda7c5560691582116096278b82738ab21e,60.14699,24.922,00000000a53ed894,12.69
13290,2019-08-04T11:06:36Z,934bab75e2a2354910288b01c44fdfda4a87f92ac010109f641b3122,60.14699,24.922,00000000a53ed894,23.56
13291,2019-08-04T11:06:36Z,951482f3e2e41b496e34885c346c4a7ab09427178119caa9b8bbcbb6,60.14947,24.91438,000000004ef3150d,20.28
13292,2019-08-04T11:06:36Z,97490f522f1a0226c8f7e8ed7bca08dd71b63d80b46d38020127b868,60.14699,24.922,00000000a53ed894,9.92
13293,2019-08-04T11:06:36Z,9957bc7c3ab3db3d8df4e78289d04293095d85df98f994833269be8e,60.173,24.92524,0000000096918cfa,21.87
13294,2019-08-04T11:06:36Z,998ac46ad73c197bab1f36dca67d8bcaa3aca92249185a5e3715043f,60.17065,24.93641,000000000f4919c9,12.69
13295,2019-08-04T11:06:36Z,99b998b07243afd316e6fa57636b0ab6761b9c2a6f0fe050eae40c08,60.16762,24.95415,000000006b44cce7,20.28
13296,2019-08-04T11:06:36Z,9aa588cb6f425117e45726b6b9adb7ef86c8f7c8113b547dc61f068a,60.16897,24.95222,00000000aa852af1,23.56
13297,2019-08-04T11:06:36Z,9b24f69458294d27d07a0169665965135fd02f4c953f85bcebf4ba87,60.16762,24.95415,000000006b44cce7,8.38
13298,2019-08-04T11:06:36Z,9b4b0705e58750d2bcbd71ad65d85677f7e77db5dfe69d1a70b5d31f,60.17919,24.95181,000000007b5207b6,18.79
13299,2019-08-04T11:06:36Z,9bc91538b73e0220fcf5cd07290c07d56f6f48d3ba0ba6b6b0876da9,60.17065,24.93641,000000000f4919c9,9.92
13300,2019-08-04T11:06:36Z,9bef562c292174f1eb3933116effff74a8733a78e5c1df140de3fd6c,60.17918,24.95141,00000000675d5200,23.56
13301,2019-08-04T11:06:36Z,9c0b1d2c4c67c07e547e810a94efeaaa1187ae82977e03748470281c,60.16897,24.95222,00000000aa852af1,13.75
13302,2019-08-04T11:06:36Z,9eb1e9bfdceb76ef852f89ebd82139602125f9731b791465e1c21f81,60.16829,24.94214,00000000afef4555,23.56
13303,2019-08-04T11:06:36Z,a0ec1a8d581f94e640a6858a674699d2464ec065e6faea9d4ce2a13b,60.16762,24.95415,000000006b44cce7,5.41
13304,2019-08-04T11:06:36Z,a2f0adf51cb9d2a5417cc0797183513a8bbcecfbc717a1b63e42027d,60.16762,24.95415,000000006b44cce7,7.05
13305,2019-08-04T11:06:36Z,a30740fbf4b7e21f6fe2996e9325c90936de161cb2165e87cd96fd35,60.149,24.9843,00000000fffb8cf0,7.69
13306,2019-08-04T11:06:36Z,a3664d77633807788598dd8d4a7ba8caba2c31bfdcb6ba83651d4e7e,60.173,24.92524,0000000096918cfa,33.81
13307,2019-08-04T11:06:36Z,a44eda7b8ec58e1cd7c078a73c4da7fb0037d59453aa6bfe69b7cbdd,60.16762,24.95415,000000006b44cce7,12.69
13308,2019-08-04T11:06:36Z,a488d8700d0761c51d771677bb82a9a5bbb86e97e0d5835aeff65d2b,60.16629,24.95957,00000000fb7600be,20.28
13309,2019-08-04T11:06:36Z,a50e0bb8fd1ad4ad264c3246b210a0c6285faae591c1bd2c2c3458af,60.16829,24.94214,00000000afef4555,17.4
13310,2019-08-04T11:06:36Z,a5d632ac8ffc19a626de034d3c9444fd262ee6edada285c816ea9266,60.16531,24.9442,00000000fdda10fe,8.38
13311,2019-08-04T11:06:36Z,a6ad4305e4e49cc67b63665ffb182e72c67646f3554a9aedcd188b67,60.16829,24.94214,00000000afef4555,16.1
13312,2019-08-04T11:06:36Z,a764c2246c85b2b0aa79e581e2fe238da93de098abbb90aee24c11ca,60.16829,24.94214,00000000afef4555,16.1
13313,2019-08-04T11:06:36Z,a81c19fb85eebf853246cdc4d8e38245dfa5ba15c180eaa1bcc0378d,60.16829,24.94214,00000000afef4555,13.75
13314,2019-08-04T11:06:36Z,a98fc06dc605583814a2aa182295b88f81657ef2daeee7aaec792e7c,60.16762,24.95415,000000006b44cce7,7.05
13315,2019-08-04T11:06:36Z,a99331c8ffa6025a6415a70989273c6f629ac5ad321591e5f61d3654,60.16762,24.95415,000000006b44cce7,20.28
13316,2019-08-04T11:06:36Z,aa4547c0b6b8be30776e08d524ceeacfbc9930ad720e11fa4cb20882,60.16531,24.9442,00000000fdda10fe,1.12
13317,2019-08-04T11:06:36Z,aaabd3028e2bd9f8b0e3a929c8728cb364551bd70da3208662b12033,60.16762,24.95415,000000006b44cce7,14.89
13318,2019-08-04T11:06:36Z,ab1377ddf669bb806f8db586f4ce5ab9f0f4257dda61fe800d8509f5,60.17065,24.93641,000000000f4919c9,13.75
13319,2019-08-04T11:06:36Z,ab6e8769f50a15ea5e0d64f48aaa12886b7599a18cc0eb071a21ae5f,60.16762,24.95415,000000006b44cce7,10.78
13320,2019-08-04T11:06:36Z,ac4679e3db131ec2ea8e1111c8aa0d71020cf8796ecb11f142478394,60.14947,24.91438,000000004ef3150d,9.92
13321,2019-08-04T11:06:36Z,ae2143f0fab3405d38da14312fd801d7d7524534cd3ffeadc631feb0,60.149,24.9843,00000000fffb8cf0,18.79
13322,2019-08-04T11:06:36Z,ae3cda5066e455d4b1e58860e8fb7a35efad69b9964a676b476b0687,60.14947,24.91438,000000004ef3150d,3.09
13323,2019-08-04T11:06:36Z,af05aef0d368766300bd97074ddaa3500a814ee758ad3ba0d221ed54,60.17065,24.93641,000000000f4919c9,13.75
13324,2019-08-04T11:06:36Z,af871cd90bdae830f68791fede6ef4a2f91a7c928f682971936d755b,60.16829,24.94214,00000000afef4555,31.5
13325,2019-08-04T11:06:36Z,b0d6202ccd1560eaf57c06931cb6466332e41068ad2963e515819015,60.17919,24.95181,000000007b5207b6,23.56
13326,2019-08-04T11:06:36Z,b2298fc6f63c02481610f9aef24f1a0c1711c255adc43c0fe135c1ca,60.14947,24.91438,000000004ef3150d,16.1
13327,2019-08-04T11:06:36Z,b26d0daac9f8fb84484cbd8ed668aeb6751e848b1c533a307d163360,60.16762,24.95415,000000006b44cce7,4.11
13328,2019-08-04T11:06:36Z,b3266ecf36a984b814e1b2d31b447438bd948a9c116721480104792f,60.16829,24.94214,00000000afef4555,20.28
13329,2019-08-04T11:06:36Z,b3406cc312560021fe26349bbf8874aff81b8c0e84c4ad32bbbad109,60.149,24.9843,00000000fffb8cf0,36.27
13330,2019-08-04T11:06:36Z,b45b86eb670eb1db475921496e6d80468f5fe2819bf3eb58f1f58506,60.16762,24.95415,000000006b44cce7,9.12
13331,2019-08-04T11:06:36Z,b50b3c2006581bccfeaa9ea964649350c7d5b8177baa29a37e628584,60.14947,24.91438,000000004ef3150d,31.5
13332,2019-08-04T11:06:36Z,b5cdbcdc30e0bf653ce353c867708b0067db5e394c8cbe848d978a77,60.14699,24.922,00000000a53ed894,7.69
13333,2019-08-04T11:06:36Z,b601cd655bb9f05aa6ec86fc9eb9300c3bc20bc0e856e94ad168a257,60.14947,24.91438,000000004ef3150d,4.94
13334,2019-08-04T11:06:36Z,b67f020b0677cdc52c864f559306fb750cdf47ce2eee6503a3cedb3a,60.16629,24.95957,00000000fb7600be,17.4
13335,2019-08-04T11:06:36Z,b81a9bf449d3e64ad0181804598330bbf305f384b888935023742c79,60.173,24.92524,0000000096918cfa,23.56
13336,2019-08-04T11:06:36Z,b81e65168ea3278486b1c954ab229bc2eda3fe07098e824f05cd0ac4,60.149,24.9843,00000000fffb8cf0,23.56
13337,2019-08-04T11:06:36Z,b8f5834e6b992cf5568ae3153fb4b07e97b7f6dd01250851134c1824,60.149,24.9843,00000000fffb8cf0,16.1
13338,2019-08-04T11:06:36Z,ba288a5fd2befbc9ed08e7876ad7cb2bd8bfe6f5756d2ffe8e2dc558,60.17002,24.94407,000000006b087f40,14.89
13339,2019-08-04T11:06:36Z,bbf7d8b9085ddcd3b94f55f93b52cb40a251c44f5df4099ba5b61471,60.16829,24.94214,00000000afef4555,5.91
13340,2019-08-04T11:06:36Z,bc07df8cc395f6f4f5d483b2233caca5f93a6918f346e4cc3702f8cc,60.16531,24.9442,00000000fdda10fe,20.28
13341,2019-08-04T11:06:36Z,bdc8bd416444be70683b3475302093428e4abe14284e9579617fe8ea,60.1638,24.96846,00000000d747f075,18.79
13342,2019-08-04T11:06:36Z,c012e9e2caf1002d24e53817bb1279becdfc4aa9dba085e93ddd88e9,60.17002,24.94407,000000006b087f40,20.28
13343,2019-08-04T11:06:36Z,c23c5bcbe8e9baedf8556badfaa9369c235c6df24e3dc5de9be682a6,60.16762,24.95415,000000006b44cce7,23.56
13344,2019-08-04T11:06:36Z,c27fee8ae8d689338b043608280c83cfa6f3276d3837ecea5f742dc3,60.16762,24.95415,000000006b44cce7,5.91
13345,2019-08-04T11:06:36Z,c2cc33e5b1b8d254d4bcbc0ffa13c9200676a39a191cc31a38d28d8d,60.17065,24.93641,000000000f4919c9,10.78
13346,2019-08-04T11:06:36Z,c2d88bc74172eb47d26ee5d739980baa7fc011b9973f9f18b482aa81,60.17065,24.93641,000000000f4919c9,20.28
13347,2019-08-04T11:06:36Z,c2e135ad2c160277e290705658ac41d7cd35b11ebf61d829fdd0b428,60.14699,24.922,00000000a53ed894,8.38
13348,2019-08-04T11:06:36Z,c45e3c4e8ec0fc85457d3b4ed4c49ed0116b4cf447e2983f353abcd8,60.16829,24.94214,00000000afef4555,4.5
13349,2019-08-04T11:06:36Z,c55894159f2080031cda702c78ee54463c3c15ab1b3638afdf687f08,60.16531,24.9442,00000000fdda10fe,7.69
13350,2019-08-04T11:06:36Z,c7160ae9aa31ca4dba615425303b1e527f342ede653be387ee54389c,60.149,24.9843,00000000fffb8cf0,25.36
13351,2019-08-04T11:06:36Z,c739921adb150c53f1887c6ce887adc6cd7ae7e35e69f6e4dc52fe81,60.173,24.92524,0000000096918cfa,20.28
13352,2019-08-04T11:06:36Z,c7ced11121537f55bcd7d7ab67312226dafe7c85320c5357a35d5ab7,60.17002,24.94407,000000006b087f40,14.89
13353,2019-08-04T11:06:36Z,ca9ba013f86583100bfa841287733d9985b9d5e28a116525c40a4b40,60.16762,24.95415,000000006b44cce7,7.05
13354,2019-08-04T11:06:36Z,cb835fd4fac726f1e4267acd6118f57b62a0444d69f948745a601682,60.16762,24.95415,000000006b44cce7,23.56
13355,2019-08-04T11:06:36Z,cc696789aed7ee6ea1dff48eae7da441c3a3ccb4f18ab60ba702c91f,60.16762,24.95415,000000006b44cce7,16.1
13356,2019-08-04T11:06:36Z,cd7d0e9404c9f4e8fab0742460b9acb4d5bbb97f44df80d4a8b973cd,60.17002,24.94407,000000006b087f40,7.05
13357,2019-08-04T11:06:36Z,cddbfc3b0a1459f0ea8d553779cf320d512cac6e64976182f2f0b3b7,60.16829,24.94214,00000000afef4555,16.1
13358,2019-08-04T11:06:36Z,d04b5065ec93818b731141027d11e6a1cf53de69b9737d7aea0c34da,60.14947,24.91438,000000004ef3150d,7.69
13359,2019-08-04T11:06:36Z,d1b77fcfad94da8564d1a85ed1797255531e5ab26cc835800878fb26,60.17065,24.93641,000000000f4919c9,23.56
13360,2019-08-04T11:06:36Z,d23d6afa580687749de352818db606b272b579b77c6009badb4aa4a6,60.16897,24.95222,00000000aa852af1,25.36
13361,2019-08-04T11:06:36Z,d2fd0c6415d2d8e49fef3415fb8747b524191b4400a4fbb66428cb12,60.14699,24.922,00000000a53ed894,10.78
13362,2019-08-04T11:06:36Z,d3bad9334d128332fc483e10ef1b77c28e5a75ac55be4de71c6b2f9f,60.16829,24.94214,00000000afef4555,12.69
13363,2019-08-04T11:06:36Z,d71a315bac918f9a18fcd820731e6d9eb54fb0d01c324ca088ef8858,60.149,24.9843,00000000fffb8cf0,16.1
13364,2019-08-04T11:06:36Z,d7416b821dba1c0f495afe215dbe099173aedf90d0084084f6e485ac,60.16448,24.97323,0000000053c6c2be,41.64
13365,2019-08-04T11:06:36Z,d7b6b8f9e61c0c1181850b8880f319ea2ef58d8a3adac78d63c0d11c,60.16829,24.94214,00000000afef4555,20.28
13366,2019-08-04T11:06:36Z,d83c1c2d3a3876c948e277bace6d013eafc0c4e118958e138f8b1257,60.16448,24.97323,0000000053c6c2be,29.32
13367,2019-08-04T11:06:36Z,d86f155736e4d36de5d33bdbb3b12b717b75de44852b93419af20945,60.16829,24.94214,00000000afef4555,9.92
13368,2019-08-04T11:06:36Z,d9a5b0033b928dc7932083909b29c0529a51ccc1c1cd9cad67c4306a,60.14699,24.922,00000000a53ed894,27.28
13369,2019-08-04T11:06:36Z,da2398acaae7f39c7b80c220d4e6917bdc7655f4c71b6e36d06cb859,60.18203,24.91341,00000000342570c2,20.28
13370,2019-08-04T11:06:36Z,dab7015659d0cd7c18f681d6089a503f9c418ae9b1dc9077084a6bcb,60.16762,24.95415,000000006b44cce7,13.75
13371,2019-08-04T11:06:36Z,db45583e1f7aaaf54e100214986dfc86aa755383e86d361639a5b19b,60.16762,24.95415,000000006b44cce7,7.05
13372,2019-08-04T11:06:36Z,dc816e92e4a2eceea03f41fc379fda0e3d57b5d0fbd9a06430432022,60.16762,24.95415,000000006b44cce7,7.69
13373,2019-08-04T11:06:36Z,dc82f9648bb5ba21e766e0923f5fa7ca2d77662ab0edbe22a3d95631,60.14699,24.922,00000000a53ed894,4.94
13374,2019-08-04T11:06:36Z,dcbd150d7326dc22a8ab087a0555b9c9549addd07f54aa909aa8ec1f,60.149,24.9843,00000000fffb8cf0,29.32
13375,2019-08-04T11:06:36Z,dda4b929b48bb959cb2b70d6ea3791e943739d8291b0c64930cbacdf,60.17002,24.94407,000000006b087f40,25.36
13376,2019-08-04T11:06:36Z,ddd0e663eb31ac94858d2a4e9af5e4782781e88c92102042190e6fcf,60.14699,24.922,00000000a53ed894,20.28
13377,2019-08-04T11:06:36Z,de48adf9d49eb3bc1d61dea4047618f6c77086fc44bd2b535d56504d,60.16762,24.95415,000000006b44cce7,6.46
13378,2019-08-04T11:06:36Z,de71e27b55ef6f2f51f05838a2fcab596f1dd93a14ece5ce4548f5c7,60.14699,24.922,00000000a53ed894,11.7
13379,2019-08-04T11:06:36Z,e081e4b3252ca91bbf1cbb70faa116d60317fbf3a991a67bc99b4bfa,60.149,24.9843,00000000fffb8cf0,20.28
13380,2019-08-04T11:06:36Z,e0859a9c906151023376d86762070f38ba1b3859e671531b0edac6cd,60.16075,24.95883,00000000f1124bca,14.89
13381,2019-08-04T11:06:36Z,e092030747b57112ba6ccf5bdd565d76abb3607abf31a06d0d92660c,60.16762,24.95415,000000006b44cce7,14.89
13382,2019-08-04T11:06:36Z,e1da87aea335bcd04e4c876158b96ebc7ba4206bc216c3aa27a2f4af,60.17919,24.95181,000000007b5207b6,2.54
13383,2019-08-04T11:06:36Z,e26862fdcdd4688d81b8fe05d1ac94c5f9b3192ddc50d4c66ad12cc1,60.16897,24.95222,00000000aa852af1,17.4
13384,2019-08-04T11:06:36Z,e305610124e16ed1411a221b29ce69a076cc47982efd6c098b0599ab,60.14947,24.91438,000000004ef3150d,8.38
13385,2019-08-04T11:06:36Z,e44d7228cecbdb2474e1cc396a6c13943f09c08c19d0ffab1997d509,60.17919,24.95181,000000007b5207b6,20.28
13386,2019-08-04T11:06:36Z,e53a901aed874016e1cd1ed3e9b2891fca850986cb2fa04f5162cf52,60.16762,24.95415,000000006b44cce7,2.54
13387,2019-08-04T11:06:36Z,e557e164cd52fd817b02cad6587a294d72b0974d9b014ad69ea5e08e,60.17919,24.95181,000000007b5207b6,17.4
13388,2019-08-04T11:06:36Z,e5b9b4813c081a31fb498e7f9adb94918c267dfa125c63790c0d9488,60.149,24.9843,00000000fffb8cf0,1.38
13389,2019-08-04T11:06:36Z,e5e14952bf5e52bf1349479a58c0a97d702585889650948d94767608,60.16448,24.97323,0000000053c6c2be,17.4
13390,2019-08-04T11:06:36Z,e8530b87d248fb9f6f44200a9b5634e7517e8d6d835e921280db51fb,60.16897,24.95222,00000000aa852af1,25.36
13391,2019-08-04T11:06:36Z,e9d59e25b58f33f70aad6832863cb59d7485ca55a1575558f92b74e7,60.16897,24.95222,00000000aa852af1,13.75
13392,2019-08-04T11:06:36Z,eb3dde73e84f5016b5545e9fa2e08d04257ebe448619783f90edcd23,60.16762,24.95415,000000006b44cce7,9.12
13393,2019-08-04T11:06:36Z,ec485175d2b7a2c53d03bf546aee134c116d998976601b069570c6f9,60.14699,24.922,00000000a53ed894,17.4
13394,2019-08-04T11:06:36Z,eca1a609c675d971fcfba4277d230ccdc2de7805c629b1f5da9cc224,60.173,24.92524,0000000096918cfa,23.56
13395,2019-08-04T11:06:36Z,ecb1735f180422ec69f041cd2782a26c9f07d27a87893b3c30aaa9b7,60.16075,24.95883,00000000f1124bca,7.05
13396,2019-08-04T11:06:36Z,ecb5655da668bb183a5c270a96927649c323975e318184d248247099,60.16829,24.94214,00000000afef4555,23.56
13397,2019-08-04T11:06:36Z,ede13c9dc221bbc6c1daf78250fa6547303c06d7606c05ba0bf64547,60.17918,24.95141,00000000675d5200,0.84
13398,2019-08-04T11:06:36Z,eea43687eab35d2c386347881796eb1c8279076b9e9642ebc2cd06ac,60.16762,24.95415,000000006b44cce7,6.46
13399,2019-08-04T11:06:36Z,ef15ff71b7dc4c2088249a4fca7e28900ae315245a7a3b4d571bf582,60.16829,24.94214,00000000afef4555,7.69
13400,2019-08-04T11:06:36Z,ef33ccdfcdb12920eabb3306e0f86dc7e6060a5d3864b03e2de7e1ef,60.16897,24.95222,00000000aa852af1,7.69
13401,2019-08-04T11:06:36Z,ef45fdc095ee55730384922266d8fce61de212d3c3df2441ea10e524,60.14947,24.91438,000000004ef3150d,14.89
13402,2019-08-04T11:06:36Z,ef5e495c5f9d3dd9eb22ed5b8faf1cc9e4225d4785ebb26a87d16fff,60.14699,24.922,00000000a53ed894,9.92
13403,2019-08-04T11:06:36Z,f11c02cbebb4049a29f10d2ee6aac8a9ca3b7b9609a39d69463461a1,60.17065,24.93641,000000000f4919c9,21.87
13404,2019-08-04T11:06:36Z,f18044d5121de9a6aee20532d8b30324092688ee474def5d3e8fb80f,60.16762,24.95415,000000006b44cce7,14.89
13405,2019-08-04T11:06:36Z,f196f5f8c08299d290b3bac1944e00bb1f2c90594db66438b0c10e6e,60.16629,24.95957,00000000fb7600be,11.7
13406,2019-08-04T11:06:36Z,f1d44b9d3710849eba7eab0b6646053378aa5f8ee3491ec2522f3c44,60.14947,24.91438,000000004ef3150d,21.87
13407,2019-08-04T11:06:36Z,f43b8b2cf2c0bd291543858796d75b211d283ab73dcab5ad5dfd0aeb,60.16897,24.95222,00000000aa852af1,14.89
13408,2019-08-04T11:06:36Z,f4537d3a0c1408b022793f60b53e651b2eac6640fa66b9248338e815,60.16762,24.95415,000000006b44cce7,9.92
13409,2019-08-04T11:06:36Z,f4b9fc6acb673aea24fe00dfbe806b81fedab0c2ea82d781f7659ce5,60.16762,24.95415,000000006b44cce7,4.5
13410,2019-08-04T11:06:36Z,f5ffa3dbcdd5592ac31344cb04a7a6d639109a4d6e196fa0df3990dd,60.17065,24.93641,000000000f4919c9,23.56
13411,2019-08-04T11:06:36Z,f616fbd0fde8316049c3068ae4368dc9f486f8da4bf5516e9ba82578,60.16897,24.95222,00000000aa852af1,8.38
13412,2019-08-04T11:06:36Z,f62b86ef56fa9417b0128f2fff6530aed6f2a50d3f65bbbfdcbbee59,60.16762,24.95415,000000006b44cce7,9.12
13413,2019-08-04T11:06:36Z,f78ef2ddbe48b534137498eab56c0a55ec0e0b1d8868e82cb5652a0e,60.14699,24.922,00000000a53ed894,16.1
13414,2019-08-04T11:06:36Z,f7d633178895e2c2f25a33d4045d8317cf7691e19593fe4b142182fc,60.16762,24.95415,000000006b44cce7,16.1
13415,2019-08-04T11:06:36Z,fa1579394f4980e1fe11248f7be4e646b601a3d8cdb9361f182d066c,60.16762,24.95415,000000006b44cce7,20.28
13416,2019-08-04T11:06:36Z,fb197be4589e2d16cfe2899ae06282639009e64a5bff759f4a8a3e43,60.16629,24.95957,00000000fb7600be,10.78
13417,2019-08-04T11:06:36Z,fb37b263777ffcf7fe1fb6484821cae2b8beb03b5f5009109748dedb,60.16762,24.95415,000000006b44cce7,12.69
13418,2019-08-04T11:06:36Z,fbd28054e4a5478c8ca06f4d682405d1c59bef4853cad413ecb58d13,60.14699,24.922,00000000a53ed894,10.78
13419,2019-08-04T11:06:36Z,fbea754bd1d1bd41d31d255adcdfb67b3b4c052fc59db33eb47c25b4,60.16897,24.95222,00000000aa852af1,25.36
13420,2019-08-04T11:06:36Z,ffb7319984ecae155652e100da9b204f0b92f3b6c7239cfea4dcf966,60.14699,24.922,00000000a53ed894,25.36
13421,2019-08-04T11:06:37Z,004c3624f943830bc6a9f17173a2cd0996622cade5184ad2b9fba729,60.16897,24.95222,00000000aa852af1,7.05
13422,2019-08-04T11:06:37Z,0152988639aaaa9cc27213280c8f0c0c8ec97ae6a45aaaf743c9c25d,60.16544,24.95398,0000000038d83d41,21.87
13423,2019-08-04T11:06:37Z,1142f5b6806b1ec7d8d47d47013eb530d8a7418f6934d8867b20966a,60.16829,24.94214,00000000afef4555,21.87
13424,2019-08-04T11:06:37Z,128f1b89d7a534aa206a7823b692594bbd4d349761baa04c0fc72f2c,60.14947,24.91438,000000004ef3150d,11.7
13425,2019-08-04T11:06:37Z,14c7e1511b70f4dd3359cbece1377aebb4d70531f5489eefe53d7c3c,60.16544,24.95398,0000000038d83d41,33.81
13426,2019-08-04T11:06:37Z,165ebbb4090d47319ae370f0d0854fdc1f6b79499f8b2e4d3c3533c0,60.16544,24.95398,0000000038d83d41,21.87
13427,2019-08-04T11:06:37Z,25a7ff811c3c06e426c7c2cbb0433d9a2a3399b23afecbd35584ab0f,60.18203,24.91341,00000000342570c2,11.7
13428,2019-08-04T11:06:37Z,269109af99b12861eeb19ab8698033d9c00895687da47af3f4310e9d,60.16762,24.95415,000000006b44cce7,5.41
13429,2019-08-04T11:06:37Z,2e4af02bc2421faac1f506a147ddb9b76076386be53415223aca4bde,60.16762,24.95415,000000006b44cce7,20.28
13430,2019-08-04T11:06:37Z,32dd92b5a658392a4ec84eaf95152ee72258b6b0fb670b97882ac902,60.16829,24.94214,00000000afef4555,7.05
13431,2019-08-04T11:06:37Z,3fe5f4ccfa5c777ceafda0674d7c9da6f509f6694b4c2fa254b32e73,60.16897,24.95222,00000000aa852af1,18.79
13432,2019-08-04T11:06:37Z,434e74155ec054f1bb6122a7ec736a48a27c6f4111995c3f2bb03897,60.17065,24.93641,000000000f4919c9,36.27
13433,2019-08-04T11:06:37Z,43b676ed3aef4c2d8846694817e76117873be52e7f788e0cb366c1c4,60.16629,24.95957,00000000fb7600be,23.56
13434,2019-08-04T11:06:37Z,44d0b94469070803869f229601e877beb613c3f5aafa009addf97a1a,60.16544,24.95398,0000000038d83d41,20.28
13435,2019-08-04T11:06:37Z,4656bad9b5e6dfc3977eca308fc1db3dbf8b0204b90d09b001da242e,60.1638,24.96846,00000000d747f075,29.32
13436,2019-08-04T11:06:37Z,5d65719c4cbf045f068d084b72302f447d5fd034413d97d13be00d0e,60.18203,24.91341,00000000342570c2,21.87
13437,2019-08-04T11:06:37Z,5eed115a984d490b02b602d73787aee8dc8c4e9365b77fbff3818a76,60.16629,24.95957,00000000fb7600be,27.28
13438,2019-08-04T11:06:37Z,69219e9efa41ae9e732653e9eaf08e1a34cb853a9dafe76ddeea4d04,60.16897,24.95222,00000000aa852af1,25.36
13439,2019-08-04T11:06:37Z,6a70e2fbced719333e21eff04fcb9cb36bae9a04d1a3d6ddd96f2c58,60.15432,24.9211,0000000019fb59c4,5.91
13440,2019-08-04T11:06:37Z,85ef35aecf2ff804be3d958b592705ec41c6df9c128c132c65bb283d,60.16897,24.95222,00000000aa852af1,18.79
13441,2019-08-04T11:06:37Z,87dfaad29a9276ddddb1fa021d3bc23ad14824c1af16f7d87e713689,60.14951,24.92138,0000000006dd41f6,10.78
13442,2019-08-04T11:06:37Z,88808fe92573e9cdf022cc15b9689b6b4b9429f60513c8897b0ba4c7,60.16897,24.95222,00000000aa852af1,16.1
13443,2019-08-04T11:06:37Z,89982a6acf91b79a282a6b63978e946ee205f303fcd20e944e06baf0,60.16544,24.95398,0000000038d83d41,27.28
13444,2019-08-04T11:06:37Z,8c3b1ed0846e38cc84b863a80540c8a75bfd85c8bdda36563d153110,60.16544,24.95398,0000000038d83d41,21.87
13445,2019-08-04T11:06:37Z,8c75c3289c84fe4493e1e272a77b615fe1985880c5dc68a7c1a17b53,60.16762,24.95415,000000006b44cce7,13.75
13446,2019-08-04T11:06:37Z,92524354048a0b73aacc2745ecface2dec61989197d03321c59b8821,60.14699,24.922,00000000a53ed894,18.79
13447,2019-08-04T11:06:37Z,92aae21a6e0dd2ff71fc591b64e878502bd4677b64ac413632e9f7c6,60.149,24.9843,00000000fffb8cf0,21.87
13448,2019-08-04T11:06:37Z,9843c6216661048343a0e49cf3d8aa2883cf77f452666a1c873a1052,60.16448,24.97323,0000000053c6c2be,23.56
13449,2019-08-04T11:06:37Z,9c8556ea519835172f09c20e7688066eeec8e7f74a0c6fa3df3d9c5f,60.16829,24.94214,00000000afef4555,25.36
13450,2019-08-04T11:06:37Z,a01fa9091a190537108f7d85ca6b54b023828292d6ed65ab0b3c5619,60.14699,24.922,00000000a53ed894,29.32
13451,2019-08-04T11:06:37Z,a13e5d46f0a2d1c6b58878e1b198905e9b14e3a85b5e4adab88b4b87,60.16762,24.95415,000000006b44cce7,9.92
13452,2019-08-04T11:06:37Z,a3758affe1deba4cd791b32946ddeaa26af8b554e4b9673dd258f229,60.1638,24.96846,00000000d747f075,27.28
13453,2019-08-04T11:06:37Z,a91d379a4b57c5df22db0d7a041ff69f657b4b31f28554b1011fc03c,60.16544,24.95398,0000000038d83d41,33.81
13454,2019-08-04T11:06:37Z,b5fd6b317890e5ab2d79e2cd1abe61626d45a753c7337d0d40728898,60.16762,24.95415,000000006b44cce7,11.7
13455,2019-08-04T11:06:37Z,b936e41d8712ae967f3ebb413fc44f060bb10613f95537757886ede2,60.16762,24.95415,000000006b44cce7,10.78
13456,2019-08-04T11:06:37Z,c40c37def6bf11a63a2556519a7c6233fd417cdeea2cf14f28e7c42c,60.16531,24.9442,00000000fdda10fe,20.28
13457,2019-08-04T11:06:37Z,ca6927628f5ddda20036865c9345ad93d476d62ade3b181de568eed6,60.16897,24.95222,00000000aa852af1,23.56
13458,2019-08-04T11:06:37Z,cf05623e4d87ce0906c0b0b7dbf53aacc1228016cd27c341228b6e76,60.18203,24.91341,00000000342570c2,18.79
13459,2019-08-04T11:06:37Z,cfc0bedb78ded52749db3188cb188bf6a250ef5990da9c5afa9623fc,60.14951,24.92138,0000000006dd41f6,25.36
13460,2019-08-04T11:06:37Z,dbeb00942457ba3c5fb1984b57b1dedb268c0e761e80729b939f1fd8,60.16544,24.95398,0000000038d83d41,17.4
13461,2019-08-04T11:06:37Z,e224ae5ea47af2e3048f83b13a1f45dc135c0ca6be72547b01729086,60.1538,24.95595,0000000038bf9618,29.32
13462,2019-08-04T11:06:37Z,e8690c2d1711bc10f2d1251a3b5b1e770b98c66c384760400c604de1,60.16829,24.94214,00000000afef4555,20.28
13463,2019-08-04T11:06:37Z,e8e366e76c97944e23c0f80b4fd3ce6e5832744922297146a49f0c7e,60.16762,24.95415,000000006b44cce7,13.75
13464,2019-08-04T11:06:37Z,f088630d7476dae7d4b7e2bb1f10575f2c89acb4b6e061f3d57c2b40,60.16531,24.9442,00000000fdda10fe,20.28
13465,2019-08-04T11:06:37Z,f31cfded6f566f9c032c80c52ea642407be312c5d42521ab7a8d3e2a,60.16897,24.95222,00000000aa852af1,17.4
13466,2019-08-04T11:06:37Z,fc4f3a44235f1cfc7b53f14ba2da599976a5a0a220d23b852688e485,60.17919,24.95181,000000007b5207b6,5.91
13467,2019-08-04T11:06:37Z,00df07521690a1fb6e56d9506781a9888bb54e5230f6de1be64ba13f,60.14951,24.92138,0000000006dd41f6,25.36
13468,2019-08-04T11:06:37Z,0236a1d5b9b9d2249407a79705eee38de360ceb0530a8959ba5bc15b,60.149,24.9843,00000000fffb8cf0,21.87
13469,2019-08-04T11:06:37Z,03204cdd97728dc59f21f215f75460ac8fe2fa56720a88e869c6f56d,60.16829,24.94214,00000000afef4555,27.28
13470,2019-08-04T11:06:37Z,07736b3f5deab4e1b7812473c78389d5152eb6e95aeb6b23741c90d6,60.16762,24.95415,000000006b44cce7,11.7
13471,2019-08-04T11:06:37Z,07d9aa9fe10e58c26960ba10eb2f13607a7cea0226acaecbdcc52508,60.16762,24.95415,000000006b44cce7,10.78
13472,2019-08-04T11:06:37Z,0b45b52bc137c31ce83561c857f809296ec70f5537976a4a4d573d4f,60.16829,24.94214,00000000afef4555,12.69
13473,2019-08-04T11:06:37Z,0b49dcea1b7eab22f4ebd0c7666ded5b59fe092b8bdd4aa9eda6326d,60.16762,24.95415,000000006b44cce7,3.4
13474,2019-08-04T11:06:37Z,0c959027ce302054b09087cac97a83aa7e24fb9e4fa2710763f912cb,60.16829,24.94214,00000000afef4555,8.38
13475,2019-08-04T11:06:37Z,0d2490ed58c11eb4a754a30cc4bcb21c7243d322a2caf7cc360e4e8c,60.17065,24.93641,000000000f4919c9,14.89
13476,2019-08-04T11:06:37Z,0e113c5ed3abcdfb31d27c3125f6cf01e3b96e4ed7eca1aaea855f77,60.14947,24.91438,000000004ef3150d,10.78
13477,2019-08-04T11:06:37Z,0e1fac068e905121e354702292780affb6635905cc36872878ff79ce,60.17002,24.94407,000000006b087f40,23.56
13478,2019-08-04T11:06:37Z,0e9170bc93107bf16cd12839eca9ea157f19169d66085e8a435b0f1d,60.16762,24.95415,000000006b44cce7,7.05
13479,2019-08-04T11:06:37Z,0fd26c6e46f4d73b276223942e56c38bc9b8e4566239f8a77261657b,60.17002,24.94407,000000006b087f40,25.36
13480,2019-08-04T11:06:37Z,10ca87ada637a6524de98a11c8d3d3d3cfa8f7f5ea839b29c2b132a0,60.16762,24.95415,000000006b44cce7,25.36
13481,2019-08-04T11:06:37Z,1107822441d53ff89eb9cb0d022a37202aed47bd82dca4bc175d6837,60.16762,24.95415,000000006b44cce7,3.4
13482,2019-08-04T11:06:37Z,116e59da308964e8eb82cb6e5a758aad726ec3800f0fa17bc661e8fe,60.16762,24.95415,000000006b44cce7,5.91
13483,2019-08-04T11:06:37Z,1327ce24f157334f864f913637993c80380ce5f5c911e4b0d31c5eb7,60.149,24.9843,00000000fffb8cf0,3.4
13484,2019-08-04T11:06:37Z,13b0a8ca1414d7b2b0e8d5f80069a5d26c6f62a68b58eda25a4b85f4,60.16829,24.94214,00000000afef4555,9.92
13485,2019-08-04T11:06:37Z,1556d4a76070c26554efa12b4b9c53766a4cc394e8b74ee37f2fff65,60.17065,24.93641,000000000f4919c9,18.79
13486,2019-08-04T11:06:37Z,163dbc381da1ed6a59dda273955da51bb7f1216e1b8e226446d40e4b,60.1538,24.95595,0000000038bf9618,33.81
13487,2019-08-04T11:06:37Z,169c77f0d714e38eb1e798b14fa42ce3fefb0ec1d6f9e93a38a872f1,60.16762,24.95415,000000006b44cce7,10.78
13488,2019-08-04T11:06:37Z,17b39c4376c28dc9e1c1221de9d5037abfea5d59d30cdd48208fc3a8,60.16762,24.95415,000000006b44cce7,7.69
13489,2019-08-04T11:06:37Z,182e58bd6c3c8d836225d454a878bc55d8ed5166564a22f8b635f6ff,60.14947,24.91438,000000004ef3150d,20.28
13490,2019-08-04T11:06:37Z,18adae8b6603c177e817d1e3b9ec79fcc0292682660b31bebc965a23,60.16762,24.95415,000000006b44cce7,14.89
13491,2019-08-04T11:06:37Z,1921be9815a57f11f291ca085add7b4bf1d044518b03b725df7cf7d5,60.149,24.9843,00000000fffb8cf0,23.56
13492,2019-08-04T11:06:37Z,193f678f8071956704184ece9db3ec95c7f0b74518be565ec032be4b,60.16629,24.95957,00000000fb7600be,21.87
13493,2019-08-04T11:06:37Z,19db84758eba08a5f9bb56b0ff91d05286765c8e8dfa31bd0b2aaa1c,60.14947,24.91438,000000004ef3150d,9.12
13494,2019-08-04T11:06:37Z,1a9a0f74c353624c42c19c007e82c9c2547b7285d8353d0e375e3f05,60.14699,24.922,00000000a53ed894,17.4
13495,2019-08-04T11:06:37Z,1bff3cb3b9be59366fdf8adbbc677a4dfbf8e116bf330c3435bc63c2,60.16897,24.95222,00000000aa852af1,23.56
13496,2019-08-04T11:06:37Z,1c38009e9b89bd8b0d6744bf54ebae9a8ad2dc2868cdfc3f2e399509,60.16829,24.94214,00000000afef4555,9.92
13497,2019-08-04T11:06:37Z,1c8c3befa38b65f707dd4933a68e5e3c9e7c82592fd382779127416b,60.16897,24.95222,00000000aa852af1,21.87
13498,2019-08-04T11:06:37Z,1c9aa21b85f6dc63cc56eb960e89cdeaa6da27738f3fcc4fbee8ee17,60.16762,24.95415,000000006b44cce7,4.11
13499,2019-08-04T11:06:37Z,1cd41cce1f4ab7bd3267071cbc1fa4eb84eb8c65d29e84354010846d,60.16762,24.95415,000000006b44cce7,12.69
13500,2019-08-04T11:06:37Z,1ce242f8d8220cd38bf3ea9138c99ae9b2f79b28e68edb864f090ec9,60.149,24.9843,00000000fffb8cf0,8.38
13501,2019-08-04T11:06:37Z,1fa2c533bba37b249a0105001153733e67a559d40c22cab67f135f64,60.14947,24.91438,000000004ef3150d,23.56
13502,2019-08-04T11:06:37Z,227b93698b29687beea48184f42aab63a21fa362af7251be32db2e15,60.16531,24.9442,00000000fdda10fe,3.74
13503,2019-08-04T11:06:37Z,23f10190151386d4050571cb299410bc0285ed980b0a00f088e01cf0,60.16762,24.95415,000000006b44cce7,13.75
13504,2019-08-04T11:06:37Z,2724e42551f43106ea58a8fcc6a43953baa1294cd65e17a90012f706,60.17065,24.93641,000000000f4919c9,0.71
13505,2019-08-04T11:06:37Z,28741c2e5e348fe81dec0518a21c0930c98a25b6fcece61a262d50de,60.14699,24.922,00000000a53ed894,18.79
13506,2019-08-04T11:06:37Z,296a0ffe230305a3d37818a0369b56c99dacdd5df5a161bf238e1084,60.16762,24.95415,000000006b44cce7,3.4
13507,2019-08-04T11:06:37Z,29b5f09785ef76627c2a3f043e1182d11fbd3a465422544c7478aa1c,60.16897,24.95222,00000000aa852af1,20.28
13508,2019-08-04T11:06:37Z,29f5adc4d67413b7d368e8e94a41cf48339e3f5f0903f660170c4fe8,60.17918,24.95141,00000000675d5200,21.87
13509,2019-08-04T11:06:37Z,2a80aed2c40e7e70ca12152ac812abd79aa1d13efcec25a6d3395136,60.16762,24.95415,000000006b44cce7,7.05
13510,2019-08-04T11:06:37Z,2b8390c7183ae344c6844506a062f78e7038ec6c71227c16c48d5713,60.16829,24.94214,00000000afef4555,29.32
13511,2019-08-04T11:06:37Z,2c85e4140ca0ba77c3598ceac05eb2c2342409ce8111c863fc58c606,60.16829,24.94214,00000000afef4555,12.69
13512,2019-08-04T11:06:37Z,2de87ef94604fb63bec05eefb71b6cdd0b9807f8551159c2a35e7259,60.17065,24.93641,000000000f4919c9,9.92
13513,2019-08-04T11:06:37Z,2e6e6f89a7d75f0742d016de203c9acc8d6f6bdeb7b56bd12f482653,60.15432,24.9211,0000000019fb59c4,5.41
13514,2019-08-04T11:06:37Z,2fe2e4165984d7880628aec591ce4747f18947da70312e6afca2946b,60.14699,24.922,00000000a53ed894,17.4
13515,2019-08-04T11:06:37Z,303e51dd6e5cca35a9f9f76fbe8ef97bd64a9dc6b4e965b1f74ca279,60.14699,24.922,00000000a53ed894,17.4
13516,2019-08-04T11:06:37Z,31659a798f1d780d587f07390c038a78fafa6cabb8180dba635863ce,60.17002,24.94407,000000006b087f40,12.69
13517,2019-08-04T11:06:37Z,32f77f5019e5fce30881c214487361e2e34b8c93277f6e546de72012,60.1638,24.96846,00000000d747f075,23.56
13518,2019-08-04T11:06:37Z,3417d8a6b53687e70f126ebeb1d26a2ff6369dc9a551c3c35c5a04f9,60.17002,24.94407,000000006b087f40,17.4
13519,2019-08-04T11:06:37Z,3670a148a52771f0ff5af161725f65b86873c09eea1a7697861c0438,60.14699,24.922,00000000a53ed894,16.1
13520,2019-08-04T11:06:37Z,3714758c60c781bb53981cf52f78b930f4cb22bf27a3dc596f48ab2e,60.16762,24.95415,000000006b44cce7,16.1
13521,2019-08-04T11:06:37Z,374083907dd8980893623726af5633afd59b519c885ad12ba5c674eb,60.17002,24.94407,000000006b087f40,4.94
13522,2019-08-04T11:06:37Z,38561a086c97342a24583c26b33205da50e3e973a8147fe016a4a9ff,60.16829,24.94214,00000000afef4555,3.4
13523,2019-08-04T11:06:37Z,386dea4944e0b83648b4b6faf510fd47b0e9e29a2bb9311fe8a80ee2,60.17918,24.95141,00000000675d5200,7.69
13524,2019-08-04T11:06:37Z,395134265ad60f36cbb21b92db8d3db4d07bd71836d174cbf1a09224,60.16829,24.94214,00000000afef4555,16.1
13525,2019-08-04T11:06:37Z,3991e38309311c3fd5aecdcf3290274a5742396d989a81387bf154ae,60.17002,24.94407,000000006b087f40,18.79
13526,2019-08-04T11:06:37Z,39e2f2a7b03cda9f877366363a3727edfefd16d2221e752dafc33634,60.17002,24.94407,000000006b087f40,23.56
13527,2019-08-04T11:06:37Z,3ac9d056b0f04f774b238a125eb996d46437f7a8c5f6ba6712e971cf,60.17918,24.95141,00000000675d5200,7.05
13528,2019-08-04T11:06:37Z,3b355c039877bd4883845f3fc6ad8dd6f41f170274042f1397585680,60.149,24.9843,00000000fffb8cf0,11.7
13529,2019-08-04T11:06:37Z,3b4dda811f084f91b7dd61344c97aa6cac444a02d825183d53cca5d0,60.16762,24.95415,000000006b44cce7,17.4
13530,2019-08-04T11:06:37Z,3b5030adc7c303403a6333a1a6d35474c2f21c1d20ece72180660423,60.14947,24.91438,000000004ef3150d,6.46
13531,2019-08-04T11:06:37Z,3d30fee9b8d261e48f2751481d420879a4ae47073273d8ad4c3ffcda,60.16762,24.95415,000000006b44cce7,10.78
13532,2019-08-04T11:06:37Z,3f5d3aed90718f7fb8e8a13ac7002718cc22cbe190beb96821ba52e6,60.17065,24.93641,000000000f4919c9,14.89
13533,2019-08-04T11:06:37Z,3f67c6713a6cca446a46616c9970c7a2ddffb03f21e10c8ea9b2f380,60.16897,24.95222,00000000aa852af1,20.28
13534,2019-08-04T11:06:37Z,3fe4e214448b0c9a8dfbee81c347d82a8f0b26859201fb1d77f40fa9,60.16762,24.95415,000000006b44cce7,11.7
13535,2019-08-04T11:06:37Z,411febba567281e3da6030aa21191fe5efdd090f54aec41ca291563a,60.16897,24.95222,00000000aa852af1,21.87
13536,2019-08-04T11:06:37Z,418e60b0ee35b014e7a8a378f3491cf2333e2a022ba6ec632170228d,60.18203,24.91341,00000000342570c2,25.36
13537,2019-08-04T11:06:37Z,42d34a6c595760e51052178acc978bdb2b6348e0405f7b58c57f0915,60.16829,24.94214,00000000afef4555,14.89
13538,2019-08-04T11:06:37Z,439ff6b8ff9dc79d47e223164a87fc2d620f29bc7ea1bc7ea4c5cc58,60.16897,24.95222,00000000aa852af1,23.56
13539,2019-08-04T11:06:37Z,448f6044c6c095d8c71341a0017dd6746f6e150f03af7c78b794308f,60.16762,24.95415,000000006b44cce7,7.05
13540,2019-08-04T11:06:37Z,44cd8828dd4aa11ea599139af3d3aafbcd09ca0c2558f26ed1c72e17,60.14699,24.922,00000000a53ed894,16.1
13541,2019-08-04T11:06:37Z,4538bf4d0ca02f13fad76c46f7b34e72978c49b0cdfe4ea9fe151a50,60.16762,24.95415,000000006b44cce7,3.09
13542,2019-08-04T11:06:37Z,465eab28635efe98500085ceb161cf941d02272a0107fbbfb2203c29,60.16829,24.94214,00000000afef4555,8.38
13543,2019-08-04T11:06:37Z,46b576e18e757fc4ec008b41d3c28ec5415a2c2c2f143042e5413137,60.16762,24.95415,000000006b44cce7,10.78
13544,2019-08-04T11:06:37Z,46b81e0dd10fe05195c050bacd41d57feeca0e044b6b317ac22a8656,60.16762,24.95415,000000006b44cce7,16.1
13545,2019-08-04T11:06:37Z,47cd1dcac88434ffdc4b868e7f1d8d8a604700564bc83a7c0a3928be,60.16762,24.95415,000000006b44cce7,6.46
13546,2019-08-04T11:06:37Z,47f787c639f2eed345eb5dca409ffcd989850399a1ab781500dd6e82,60.17918,24.95141,00000000675d5200,9.92
13547,2019-08-04T11:06:37Z,4833b1ea4f519407574f5a838d93a39de28c756c5f53de7ee273b577,60.14947,24.91438,000000004ef3150d,7.69
13548,2019-08-04T11:06:37Z,4935f07cb3fed2c0574bac93dbe39eaf9189f5aca741c94a0e3b5a86,60.15432,24.9211,0000000019fb59c4,25.36
13549,2019-08-04T11:06:37Z,4954540aca30f8f56f918178fbd53ee48ddef7a231d425061f6b2f6f,60.18203,24.91341,00000000342570c2,23.56
13550,2019-08-04T11:06:37Z,49d6f6bd5878bfac30a67fe92d1501b5b09cab38ab2b35b661902f0d,60.14947,24.91438,000000004ef3150d,13.75
13551,2019-08-04T11:06:37Z,4a54cbed9c373a4136f8851f3f5736eb2fadd5766d316eb5ebbdd231,60.17918,24.95141,00000000675d5200,18.79
13552,2019-08-04T11:06:37Z,4a912b6c106b63933a8c9cc39598823bcb2c94d4b1cc8a5d55cb3972,60.16829,24.94214,00000000afef4555,16.1
13553,2019-08-04T11:06:37Z,4cf634fc84e128c3b9bce07a4b726d136e18f0eea4229fdbb48f6db1,60.16897,24.95222,00000000aa852af1,10.78
13554,2019-08-04T11:06:37Z,4f64a0a452cd28e15e79c60cbb361761817de946431b04ad87c6d513,60.16897,24.95222,00000000aa852af1,23.56
13555,2019-08-04T11:06:37Z,4f70e840d6af52421579bfccf58986134f2c0076d3cbbfbfe52ee972,60.16762,24.95415,000000006b44cce7,16.1
13556,2019-08-04T11:06:37Z,508ee0778f7d5571ac4aa05211272911339b293ff62069f14cd4aa0a,60.16897,24.95222,00000000aa852af1,18.79
13557,2019-08-04T11:06:37Z,51789c3026ccfe7e846e44fcd833d006941c2789b9693c77df5a7c98,60.16762,24.95415,000000006b44cce7,4.11
13558,2019-08-04T11:06:37Z,52c7e30dd19b4e037fdee5b80dfcb2fa85be4a3f1d132c2fea1cfe90,60.16762,24.95415,000000006b44cce7,16.1
13559,2019-08-04T11:06:37Z,52daa31a2b3c1c07f78d96ebb4de3a965da5ef0a8035afbd0f7451fb,60.16531,24.9442,00000000fdda10fe,17.4
13560,2019-08-04T11:06:37Z,538f05c49f43aea0fda8bfcfd03d1ac2fc05b55d83fda538cd91e2a4,60.16762,24.95415,000000006b44cce7,12.69
13561,2019-08-04T11:06:37Z,542a405b620e6d166ecc5eadd979b3936d831cea3aa7b75316adb4ca,60.16897,24.95222,00000000aa852af1,14.89
13562,2019-08-04T11:06:37Z,54d53f276563f566e1cd61b100408412cf78b4fe9fcada830aa6e23b,60.14947,24.91438,000000004ef3150d,7.69
13563,2019-08-04T11:06:37Z,5518b2315c236d486c7a5a4fc27c44987672b2f9a0751ffdaa9cbf78,60.16829,24.94214,00000000afef4555,13.75
13564,2019-08-04T11:06:37Z,56101419005237b836e4ed14d91dfa6f9edc4c92b5fcb419943897bb,60.16762,24.95415,000000006b44cce7,7.69
13565,2019-08-04T11:06:37Z,56318cc7f3616fceec2564cbb1f6ca8b88ea861935a1ada93aafd7b0,60.16897,24.95222,00000000aa852af1,13.75
13566,2019-08-04T11:06:37Z,565a35900ed1794a9d566f6fc12f2710875a10eb7c8e6fa0ddd92626,60.14699,24.922,00000000a53ed894,14.89
13567,2019-08-04T11:06:37Z,571934189bf349efb6f596e76c21612cf9b82ed44913090169936048,60.17065,24.93641,000000000f4919c9,20.28
13568,2019-08-04T11:06:37Z,586f70961bf72597ce00f89d3602178ecc6ac8838a8acec48bba7f9f,60.14699,24.922,00000000a53ed894,11.7
13569,2019-08-04T11:06:37Z,58ee8fd47328b1c696ec343920f2c0353d19a915924eb6f6f2638e56,60.16762,24.95415,000000006b44cce7,4.5
13570,2019-08-04T11:06:37Z,5a730ea19664020323272509e5443616ea3f1cecd7b295e294be4ba7,60.14947,24.91438,000000004ef3150d,17.4
13571,2019-08-04T11:06:37Z,5d9aa6fcb0d81ceaa80ca13cc08a88138be517656646e0ba0942ce46,60.16897,24.95222,00000000aa852af1,13.75
13572,2019-08-04T11:06:37Z,5f5805a3ffd092506452c4d45ea8fc037ae23ea726f0b0809ca6ffde,60.16829,24.94214,00000000afef4555,11.7
13573,2019-08-04T11:06:37Z,6138e6ab3e1e74425af8945a6fcc294c1469a0b9c448b780bcf9d2e2,60.14699,24.922,00000000a53ed894,5.91
13574,2019-08-04T11:06:37Z,6221f621a5531b00d84f5763e1c2fbd49b78010cd65be83c238f4661,60.16629,24.95957,00000000fb7600be,27.28
13575,2019-08-04T11:06:37Z,62d86ee13e6ae7a5c41ffc2de746df72d4ef6e8d2b6a51ce1c68965f,60.16829,24.94214,00000000afef4555,1.54
13576,2019-08-04T11:06:37Z,63566f339ab791a1a31d8818955abb3bf49149df7243afa7a049b8b5,60.16762,24.95415,000000006b44cce7,16.1
13577,2019-08-04T11:06:37Z,63e498fd789abe431cdf86f184a50616c85717e1efc893da1e1a2222,60.16897,24.95222,00000000aa852af1,16.1
13578,2019-08-04T11:06:37Z,6516dabf89c263b3e81ba60bcba8052b571d4c12484126d3a5f20ef1,60.149,24.9843,00000000fffb8cf0,31.5
13579,2019-08-04T11:06:37Z,658aacab016460cfc38879944e374640737b32d7291a40aed8b8845c,60.16897,24.95222,00000000aa852af1,27.28
13580,2019-08-04T11:06:37Z,66755836036c771e53ffd9d0dc09b8575231b53b80af22e868691a2a,60.14699,24.922,00000000a53ed894,10.78
13581,2019-08-04T11:06:37Z,697103160f0b3dc0ba38ccdd18203ae84ec35fc314322d1172c093b2,60.16829,24.94214,00000000afef4555,11.7
13582,2019-08-04T11:06:37Z,69852d528034ea6fc746ed8942c32f1c90bc33a7a7317dfac3c9b1c1,60.14699,24.922,00000000a53ed894,10.78
13583,2019-08-04T11:06:37Z,6990b912b53e2278e4a3d421330e44169d05b275ad57d86ff4ad1615,60.14699,24.922,00000000a53ed894,18.79
13584,2019-08-04T11:06:37Z,6ac1903c80e63433e4bc744dc0e801bff647117d38d3753fb9a6a4c1,60.173,24.92524,0000000096918cfa,13.75
13585,2019-08-04T11:06:37Z,6ac8fdd67b3dd11f0bae935f3a285880138382088238b97f511d3f12,60.16897,24.95222,00000000aa852af1,21.87
13586,2019-08-04T11:06:37Z,6b3836e78400caa9d7373678bf33faf8b137556c7ee47e73251c3e4a,60.14699,24.922,00000000a53ed894,27.28
13587,2019-08-04T11:06:37Z,6c97da4ba9462e7fe786a472989dab23340d31809dd78d5617204da4,60.16829,24.94214,00000000afef4555,12.69
13588,2019-08-04T11:06:37Z,6d7107015847d88db09c55e259c3aae4f1dcc95e5d584f2bd957b113,60.16762,24.95415,000000006b44cce7,9.92
13589,2019-08-04T11:06:37Z,6e2fbf091d5c86667e060d7ec44f48f0f5d7b1d55b1899f2939f247a,60.16762,24.95415,000000006b44cce7,6.46
13590,2019-08-04T11:06:37Z,6e492dbc3f10157e7ff00826a839a97262ab36244ccc57b702a89999,60.16531,24.9442,00000000fdda10fe,10.78
13591,2019-08-04T11:06:37Z,6faf62fbff92729472d61bc9a13a5e72833e55bf713863161f8ca9cb,60.15432,24.9211,0000000019fb59c4,23.56
13592,2019-08-04T11:06:37Z,70cc7b0a8e166380ca0fbc55a58d9a59c9de9f05a9f95ebb82482d5a,60.16762,24.95415,000000006b44cce7,16.1
13593,2019-08-04T11:06:37Z,70ffae2b8178e0915c5de7816f8dd8bcc3af745ee49df8ac4da4adba,60.17918,24.95141,00000000675d5200,20.28
13594,2019-08-04T11:06:37Z,714e80a1e3c0fee43e312f314b2faec47e582ee8dac47e4818dbc2f9,60.149,24.9843,00000000fffb8cf0,13.75
13595,2019-08-04T11:06:37Z,71516fc8349cfaf2b5c4ab80ade6078494d93d13e9953af15e5ced30,60.18203,24.91341,00000000342570c2,12.69
13596,2019-08-04T11:06:37Z,738973c9b5f9882f29075e47ca10e50ba3fb9883da779f41545175f4,60.17919,24.95181,000000007b5207b6,9.92
13597,2019-08-04T11:06:37Z,74c2ec2adc228e5b4979284d730fd2de698242f0f06d90f870b8cde6,60.16762,24.95415,000000006b44cce7,1.25
13598,2019-08-04T11:06:37Z,7552783317be1ef797980c3a9ee9c5967d4e7b32765f23c51ffda02d,60.16897,24.95222,00000000aa852af1,9.92
13599,2019-08-04T11:06:37Z,75d452cbba63995ad06213b577081e8db650c80b3a78060789a8e831,60.16762,24.95415,000000006b44cce7,10.78
13600,2019-08-04T11:06:37Z,7674996605c9b6e865c5b2f5d44cc5dcd0b4ffbefacb8139972b0350,60.16762,24.95415,000000006b44cce7,16.1
13601,2019-08-04T11:06:37Z,77151c6e52e30ff4876e72ac530b637b000f21eadc8e6e346f81f0cc,60.173,24.92524,0000000096918cfa,27.28
13602,2019-08-04T11:06:37Z,7a96471c0f2a5b26dc38cc8aa9903b7dcb222a12d81cd73a84570610,60.16629,24.95957,00000000fb7600be,20.28
13603,2019-08-04T11:06:37Z,7c55ecf165387948602e82b684a55be093691849fde2d96ad6574475,60.17065,24.93641,000000000f4919c9,13.75
13604,2019-08-04T11:06:37Z,7ddcdde2316659d0fa4b8597b86430e095ea0bc7f3564a9d05fc60f8,60.16897,24.95222,00000000aa852af1,9.12
13605,2019-08-04T11:06:37Z,7de4ba54f0d667a69cb0b6d625856bc6b040f51a42f91beae366a269,60.16762,24.95415,000000006b44cce7,11.7
13606,2019-08-04T11:06:37Z,7e78b2348d9576c63ebb626030ee9d43e2bf07e860782adf3f1c452b,60.16829,24.94214,00000000afef4555,11.7
13607,2019-08-04T11:06:37Z,7eefc5581c616491b78192b28b519ba727dc884a87bc06b8df1ea4f2,60.14699,24.922,00000000a53ed894,16.1
13608,2019-08-04T11:06:37Z,7f546f0776433ed1b76ea74186c0aad95eca5439e6cefda07922ef14,60.16762,24.95415,000000006b44cce7,18.79
13609,2019-08-04T11:06:37Z,7f95126e2fe39b74b61f9df1002b58453d22fe79458cebfeed9b9982,60.16829,24.94214,00000000afef4555,16.1
13610,2019-08-04T11:06:37Z,822590bd49bcf7ed4de4f8389586915c343b29c4283ff8b90d7c1d39,60.17065,24.93641,000000000f4919c9,13.75
13611,2019-08-04T11:06:37Z,82ac749474448abac333d00869cb8b508872f86293913d95eae26a05,60.15432,24.9211,0000000019fb59c4,3.4
13612,2019-08-04T11:06:37Z,82cddd3b9f58762d36efe78da4e2722ee587cfdb3fdbc58b52673082,60.16629,24.95957,00000000fb7600be,10.78
13613,2019-08-04T11:06:37Z,844b8ad6ebf530978d1139d527a681991f4d3eed6be5bc723f0b2192,60.16531,24.9442,00000000fdda10fe,3.09
13614,2019-08-04T11:06:37Z,849d6a476563b352092dcda35e816833b571b7f630e7ff8617d9b7da,60.16829,24.94214,00000000afef4555,21.87
13615,2019-08-04T11:06:37Z,85b440c4e1125b1e2531499de3b19b82ae4b7eabb4d89c63c97fa83b,60.16829,24.94214,00000000afef4555,21.87
13616,2019-08-04T11:06:37Z,87ea10367f1569e575dc4bc60f0f4238eafb52ba8a2cc8e5e4584232,60.16829,24.94214,00000000afef4555,9.92
13617,2019-08-04T11:06:37Z,87f4cf4baea8c5dfe1bc7812cc969574058bd4d2dda215192bcfc53f,60.14699,24.922,00000000a53ed894,3.09
13618,2019-08-04T11:06:37Z,886032718e05487be8bd75bb14464814044c7edd7f9a2198304f6fb4,60.16629,24.95957,00000000fb7600be,17.4
13619,2019-08-04T11:06:37Z,89df1daad350e46d526e113019214d2e1a19d8f48da761bb3583399b,60.16762,24.95415,000000006b44cce7,7.05
13620,2019-08-04T11:06:37Z,8c4e4851db86ec4a3ce29a58be770eb29c38b9a983351bb67d781982,60.16897,24.95222,00000000aa852af1,9.12
13621,2019-08-04T11:06:37Z,8f7fec0a4f5d4eb0710dd40c356e0c82dbd9360772fade341a50ba37,60.14699,24.922,00000000a53ed894,27.28
13622,2019-08-04T11:06:37Z,9076d80e9828efb679c61440c6dcc2fce4d90055e5fb084d00bb87fb,60.173,24.92524,0000000096918cfa,23.56
13623,2019-08-04T11:06:37Z,90b12d2b9898702fd62b343512e0d53796ae38decdf704e203a0cc39,60.16829,24.94214,00000000afef4555,9.12
13624,2019-08-04T11:06:37Z,91602a694bc74a2874ba7f02a7bae062a3a77cd869b86a74800415b8,60.17918,24.95141,00000000675d5200,14.89
13625,2019-08-04T11:06:37Z,92df20d921f76c63470e3f5afbe201d3ae15f5133f66c291db796082,60.16629,24.95957,00000000fb7600be,12.69
13626,2019-08-04T11:06:37Z,93272ad17155ea9499641eda7c5560691582116096278b82738ab21e,60.14699,24.922,00000000a53ed894,11.7
13627,2019-08-04T11:06:37Z,934bab75e2a2354910288b01c44fdfda4a87f92ac010109f641b3122,60.14699,24.922,00000000a53ed894,18.79
13628,2019-08-04T11:06:37Z,936c8d12f2bf0990c21b1a6fbdbd83565c86c00e50d6bd0be3bd52ff,60.16629,24.95957,00000000fb7600be,31.5
13629,2019-08-04T11:06:37Z,951482f3e2e41b496e34885c346c4a7ab09427178119caa9b8bbcbb6,60.14947,24.91438,000000004ef3150d,17.4
13630,2019-08-04T11:06:37Z,97490f522f1a0226c8f7e8ed7bca08dd71b63d80b46d38020127b868,60.14699,24.922,00000000a53ed894,16.1
13631,2019-08-04T11:06:37Z,9957bc7c3ab3db3d8df4e78289d04293095d85df98f994833269be8e,60.173,24.92524,0000000096918cfa,31.5
13632,2019-08-04T11:06:37Z,998a30ee5f5ff6d2bc9ed04420591e525ded59ad66d09eefa240cc8e,60.16762,24.95415,000000006b44cce7,9.92
13633,2019-08-04T11:06:37Z,998ac46ad73c197bab1f36dca67d8bcaa3aca92249185a5e3715043f,60.17065,24.93641,000000000f4919c9,12.69
13634,2019-08-04T11:06:37Z,9a49d0b5a67fba15ce8971503f6fea88994b33487a842397c5e8564f,60.16762,24.95415,000000006b44cce7,2.8
13635,2019-08-04T11:06:37Z,9af5161d635984285f0d259f202fe80516d5258255b979b9910afe05,60.16762,24.95415,000000006b44cce7,20.28
13636,2019-08-04T11:06:37Z,9b24f69458294d27d07a0169665965135fd02f4c953f85bcebf4ba87,60.16762,24.95415,000000006b44cce7,8.38
13637,2019-08-04T11:06:37Z,9b4b0705e58750d2bcbd71ad65d85677f7e77db5dfe69d1a70b5d31f,60.17918,24.95141,00000000675d5200,4.94
13638,2019-08-04T11:06:37Z,9bc91538b73e0220fcf5cd07290c07d56f6f48d3ba0ba6b6b0876da9,60.17065,24.93641,000000000f4919c9,7.05
13639,2019-08-04T11:06:37Z,9bef562c292174f1eb3933116effff74a8733a78e5c1df140de3fd6c,60.17919,24.95181,000000007b5207b6,9.92
13640,2019-08-04T11:06:37Z,9c0b1d2c4c67c07e547e810a94efeaaa1187ae82977e03748470281c,60.16897,24.95222,00000000aa852af1,14.89
13641,2019-08-04T11:06:37Z,9dda6ec06356b345040c379fd73bf923f7eac951cb2eb9cdc43dd5bb,60.173,24.92524,0000000096918cfa,31.5
13642,2019-08-04T11:06:37Z,9eb1e9bfdceb76ef852f89ebd82139602125f9731b791465e1c21f81,60.16829,24.94214,00000000afef4555,6.46
13643,2019-08-04T11:06:37Z,9f1920350685b4cb747c535ba3c3dc1cb29587668bd507ab96e5692f,60.16629,24.95957,00000000fb7600be,29.32
13644,2019-08-04T11:06:37Z,a0ec1a8d581f94e640a6858a674699d2464ec065e6faea9d4ce2a13b,60.16762,24.95415,000000006b44cce7,6.46
13645,2019-08-04T11:06:37Z,a1439b6683d0598c7a05080c3693a17c198f7b8c3297c77324ef4859,60.16829,24.94214,00000000afef4555,11.7
13646,2019-08-04T11:06:37Z,a20a11944d9440f1f8e4ea6262408f673f2a8380c4e13dda1a073d8d,60.16897,24.95222,00000000aa852af1,21.87
13647,2019-08-04T11:06:37Z,a25b897b52089b243421b68349d3f15e60ce8249d11c889a4626bfc7,60.18203,24.91341,00000000342570c2,21.87
13648,2019-08-04T11:06:37Z,a2f0adf51cb9d2a5417cc0797183513a8bbcecfbc717a1b63e42027d,60.16762,24.95415,000000006b44cce7,4.5
13649,2019-08-04T11:06:37Z,a30740fbf4b7e21f6fe2996e9325c90936de161cb2165e87cd96fd35,60.149,24.9843,00000000fffb8cf0,9.92
13650,2019-08-04T11:06:37Z,a3664d77633807788598dd8d4a7ba8caba2c31bfdcb6ba83651d4e7e,60.173,24.92524,0000000096918cfa,20.28
13651,2019-08-04T11:06:37Z,a3c1a4a58b9381c27b1d5076e0d8d72039afccfb0e58438a80247324,60.16762,24.95415,000000006b44cce7,3.4
13652,2019-08-04T11:06:37Z,a44eda7b8ec58e1cd7c078a73c4da7fb0037d59453aa6bfe69b7cbdd,60.16762,24.95415,000000006b44cce7,4.11
13653,2019-08-04T11:06:37Z,a50e0bb8fd1ad4ad264c3246b210a0c6285faae591c1bd2c2c3458af,60.16829,24.94214,00000000afef4555,13.75
13654,2019-08-04T11:06:37Z,a51a9aab75637e56bef3effddc420dfcd95b8cbd85d95917aaac38d5,60.16762,24.95415,000000006b44cce7,11.7
13655,2019-08-04T11:06:37Z,a5835ce352a1e6d8fb6bdc410fae1076c756f7dac8e202465add9277,60.16762,24.95415,000000006b44cce7,8.38
13656,2019-08-04T11:06:37Z,a5d632ac8ffc19a626de034d3c9444fd262ee6edada285c816ea9266,60.16531,24.9442,00000000fdda10fe,6.46
13657,2019-08-04T11:06:37Z,a6850c195b1265931ad86b4284effc80182987e154f74026e0b35fd9,60.16762,24.95415,000000006b44cce7,11.7
13658,2019-08-04T11:06:37Z,a764c2246c85b2b0aa79e581e2fe238da93de098abbb90aee24c11ca,60.16829,24.94214,00000000afef4555,13.75
13659,2019-08-04T11:06:37Z,a81c19fb85eebf853246cdc4d8e38245dfa5ba15c180eaa1bcc0378d,60.16829,24.94214,00000000afef4555,16.1
13660,2019-08-04T11:06:37Z,a8c4f6feb3636400ed19b5c49ae86a45245705fee6a9f615c191f889,60.16829,24.94214,00000000afef4555,33.81
13661,2019-08-04T11:06:37Z,a98fc06dc605583814a2aa182295b88f81657ef2daeee7aaec792e7c,60.16762,24.95415,000000006b44cce7,16.1
13662,2019-08-04T11:06:37Z,aa4547c0b6b8be30776e08d524ceeacfbc9930ad720e11fa4cb20882,60.16531,24.9442,00000000fdda10fe,1.38
13663,2019-08-04T11:06:37Z,aa45859d6157e9e86470ec8b81957acc35bafb1b7f419d79357a38cf,60.16829,24.94214,00000000afef4555,23.56
13664,2019-08-04T11:06:37Z,aaabd3028e2bd9f8b0e3a929c8728cb364551bd70da3208662b12033,60.16762,24.95415,000000006b44cce7,10.78
13665,2019-08-04T11:06:37Z,ab1377ddf669bb806f8db586f4ce5ab9f0f4257dda61fe800d8509f5,60.17065,24.93641,000000000f4919c9,23.56
13666,2019-08-04T11:06:37Z,ab5a898dee82ed143fd90e2b4bf5efdb881355a720ed126aef3617a2,60.17002,24.94407,000000006b087f40,25.36
13667,2019-08-04T11:06:37Z,ab6e8769f50a15ea5e0d64f48aaa12886b7599a18cc0eb071a21ae5f,60.16762,24.95415,000000006b44cce7,7.69
13668,2019-08-04T11:06:37Z,ac5c7e04b55d6d70659e5b8f4705309b9367c78a0edb7ce85f42c181,60.1538,24.95595,0000000038bf9618,20.28
13669,2019-08-04T11:06:37Z,add92af5006cee56f2da79112486b97d5a7c06f12252676b7638064d,60.16762,24.95415,000000006b44cce7,7.69
13670,2019-08-04T11:06:37Z,ae2143f0fab3405d38da14312fd801d7d7524534cd3ffeadc631feb0,60.149,24.9843,00000000fffb8cf0,27.28
13671,2019-08-04T11:06:37Z,ae3cda5066e455d4b1e58860e8fb7a35efad69b9964a676b476b0687,60.14947,24.91438,000000004ef3150d,16.1
13672,2019-08-04T11:06:37Z,af05aef0d368766300bd97074ddaa3500a814ee758ad3ba0d221ed54,60.17065,24.93641,000000000f4919c9,21.87
13673,2019-08-04T11:06:37Z,b0d6202ccd1560eaf57c06931cb6466332e41068ad2963e515819015,60.17918,24.95141,00000000675d5200,14.89
13674,2019-08-04T11:06:37Z,b2298fc6f63c02481610f9aef24f1a0c1711c255adc43c0fe135c1ca,60.14947,24.91438,000000004ef3150d,13.75
13675,2019-08-04T11:06:37Z,b26d0daac9f8fb84484cbd8ed668aeb6751e848b1c533a307d163360,60.16762,24.95415,000000006b44cce7,4.5
13676,2019-08-04T11:06:37Z,b3266ecf36a984b814e1b2d31b447438bd948a9c116721480104792f,60.16829,24.94214,00000000afef4555,27.28
13677,2019-08-04T11:06:37Z,b45b86eb670eb1db475921496e6d80468f5fe2819bf3eb58f1f58506,60.16762,24.95415,000000006b44cce7,5.91
13678,2019-08-04T11:06:37Z,b4c8900041e9f8751755d3940ceac58419e6370cd81cdb90d7800de1,60.14699,24.922,00000000a53ed894,18.79
13679,2019-08-04T11:06:37Z,b50b3c2006581bccfeaa9ea964649350c7d5b8177baa29a37e628584,60.14947,24.91438,000000004ef3150d,31.5
13680,2019-08-04T11:06:37Z,b5f80d159e59c4558e49ea6fb68f6bc72ee9eb92bee60991bdf4e46f,60.16762,24.95415,000000006b44cce7,11.7
13681,2019-08-04T11:06:37Z,b601cd655bb9f05aa6ec86fc9eb9300c3bc20bc0e856e94ad168a257,60.14947,24.91438,000000004ef3150d,4.94
13682,2019-08-04T11:06:37Z,b61c6a5634cffe7dead72d5f6730e8439bee6dd2286d9df8f3052e3c,60.16762,24.95415,000000006b44cce7,9.92
13683,2019-08-04T11:06:37Z,b67f020b0677cdc52c864f559306fb750cdf47ce2eee6503a3cedb3a,60.16629,24.95957,00000000fb7600be,17.4
13684,2019-08-04T11:06:37Z,b68ee9d08dcd32b04a57eb2ff3d2582eff2a1332cddf4e8ed4e97f0c,60.17002,24.94407,000000006b087f40,23.56
13685,2019-08-04T11:06:37Z,b6993d0126111446694476224139411806c3e61a96a43f1655048ff9,60.16762,24.95415,000000006b44cce7,16.1
13686,2019-08-04T11:06:37Z,b81a9bf449d3e64ad0181804598330bbf305f384b888935023742c79,60.173,24.92524,0000000096918cfa,17.4
13687,2019-08-04T11:06:37Z,b81e65168ea3278486b1c954ab229bc2eda3fe07098e824f05cd0ac4,60.149,24.9843,00000000fffb8cf0,21.87
13688,2019-08-04T11:06:37Z,b8f5834e6b992cf5568ae3153fb4b07e97b7f6dd01250851134c1824,60.149,24.9843,00000000fffb8cf0,27.28
13689,2019-08-04T11:06:37Z,b9447a524f5b5bf98585b27b92195b09869ee9cd9da3cf8d2b59c57d,60.16829,24.94214,00000000afef4555,21.87
13690,2019-08-04T11:06:37Z,ba288a5fd2befbc9ed08e7876ad7cb2bd8bfe6f5756d2ffe8e2dc558,60.17002,24.94407,000000006b087f40,5.91
13691,2019-08-04T11:06:37Z,ba41edadb3a9722bc59efaca71897a33593d0f17301c4bf560fd23e1,60.16762,24.95415,000000006b44cce7,9.12
13692,2019-08-04T11:06:37Z,bbf7d8b9085ddcd3b94f55f93b52cb40a251c44f5df4099ba5b61471,60.16829,24.94214,00000000afef4555,7.05
13693,2019-08-04T11:06:37Z,bc07df8cc395f6f4f5d483b2233caca5f93a6918f346e4cc3702f8cc,60.16531,24.9442,00000000fdda10fe,25.36
13694,2019-08-04T11:06:37Z,bdc8bd416444be70683b3475302093428e4abe14284e9579617fe8ea,60.1638,24.96846,00000000d747f075,29.32
13695,2019-08-04T11:06:37Z,c012e9e2caf1002d24e53817bb1279becdfc4aa9dba085e93ddd88e9,60.17002,24.94407,000000006b087f40,20.28
13696,2019-08-04T11:06:37Z,c0a0ca3433586ed2ae0e448f2406fabac7292ac79d49562e0bd5cef8,60.16762,24.95415,000000006b44cce7,18.79
13697,2019-08-04T11:06:37Z,c2086d5cd92d4f8ed97396f4da919248c0bd5f6d2edcc04866c1f70e,60.16762,24.95415,000000006b44cce7,12.69
13698,2019-08-04T11:06:37Z,c27fee8ae8d689338b043608280c83cfa6f3276d3837ecea5f742dc3,60.16762,24.95415,000000006b44cce7,4.11
13699,2019-08-04T11:06:37Z,c2cc33e5b1b8d254d4bcbc0ffa13c9200676a39a191cc31a38d28d8d,60.17065,24.93641,000000000f4919c9,12.69
13700,2019-08-04T11:06:37Z,c2d88bc74172eb47d26ee5d739980baa7fc011b9973f9f18b482aa81,60.17065,24.93641,000000000f4919c9,21.87
13701,2019-08-04T11:06:37Z,c2e135ad2c160277e290705658ac41d7cd35b11ebf61d829fdd0b428,60.14699,24.922,00000000a53ed894,10.78
13702,2019-08-04T11:06:37Z,c45e3c4e8ec0fc85457d3b4ed4c49ed0116b4cf447e2983f353abcd8,60.16829,24.94214,00000000afef4555,10.78
13703,2019-08-04T11:06:37Z,c5561c3256acd3ed1ac0796b958cdf66cc9da55aa33c5e44a11042ad,60.16762,24.95415,000000006b44cce7,12.69
13704,2019-08-04T11:06:37Z,c55894159f2080031cda702c78ee54463c3c15ab1b3638afdf687f08,60.16531,24.9442,00000000fdda10fe,4.5
13705,2019-08-04T11:06:37Z,c6b0ea433c3fdc73e0bac7e3faa2690506c4e8ec7fc54210446a7ffa,60.14947,24.91438,000000004ef3150d,20.28
13706,2019-08-04T11:06:37Z,c739921adb150c53f1887c6ce887adc6cd7ae7e35e69f6e4dc52fe81,60.173,24.92524,0000000096918cfa,31.5
13707,2019-08-04T11:06:37Z,c7ced11121537f55bcd7d7ab67312226dafe7c85320c5357a35d5ab7,60.17002,24.94407,000000006b087f40,25.36
13708,2019-08-04T11:06:37Z,c990a15d27cfc21e63b7c96b95949254f1194e8b27118386a589e2bd,60.16897,24.95222,00000000aa852af1,18.79
13709,2019-08-04T11:06:37Z,ca9ba013f86583100bfa841287733d9985b9d5e28a116525c40a4b40,60.16762,24.95415,000000006b44cce7,5.91
13710,2019-08-04T11:06:37Z,cb2f32be2e27fc44ead887ff7f76c0199bf68b2c6711e6880f4acd01,60.16762,24.95415,000000006b44cce7,5.41
13711,2019-08-04T11:06:37Z,cb37b8fad0bc758cf37d7ea1052f3a98f29282ae37ec635d6eb2c511,60.16762,24.95415,000000006b44cce7,12.69
13712,2019-08-04T11:06:37Z,cd7d0e9404c9f4e8fab0742460b9acb4d5bbb97f44df80d4a8b973cd,60.17002,24.94407,000000006b087f40,5.91
13713,2019-08-04T11:06:37Z,cddbfc3b0a1459f0ea8d553779cf320d512cac6e64976182f2f0b3b7,60.16829,24.94214,00000000afef4555,16.1
13714,2019-08-04T11:06:37Z,d04b5065ec93818b731141027d11e6a1cf53de69b9737d7aea0c34da,60.14947,24.91438,000000004ef3150d,8.38
13715,2019-08-04T11:06:37Z,d20f68571773330f7b6490b006b2e952c9912b4ee05e20f0fc434698,60.16629,24.95957,00000000fb7600be,25.36
13716,2019-08-04T11:06:37Z,d2fd0c6415d2d8e49fef3415fb8747b524191b4400a4fbb66428cb12,60.14699,24.922,00000000a53ed894,13.75
13717,2019-08-04T11:06:37Z,d3bad9334d128332fc483e10ef1b77c28e5a75ac55be4de71c6b2f9f,60.16829,24.94214,00000000afef4555,18.79
13718,2019-08-04T11:06:37Z,d6a8c97f1ec18c7a90d3beae358bad67f8d53626258a852e15b08c5d,60.14699,24.922,00000000a53ed894,6.46
13719,2019-08-04T11:06:37Z,d71a315bac918f9a18fcd820731e6d9eb54fb0d01c324ca088ef8858,60.149,24.9843,00000000fffb8cf0,13.75
13720,2019-08-04T11:06:37Z,d7b3daaab1b36d8d95f7672a0339b99b2a16483fc1c71c5177aeb948,60.16829,24.94214,00000000afef4555,20.28
13721,2019-08-04T11:06:37Z,d82f37918d46bea29e113c6b57b901b1b960ed3337bdcce777aea476,60.17065,24.93641,000000000f4919c9,25.36
13722,2019-08-04T11:06:37Z,d83c1c2d3a3876c948e277bace6d013eafc0c4e118958e138f8b1257,60.16448,24.97323,0000000053c6c2be,23.56
13723,2019-08-04T11:06:37Z,d86f155736e4d36de5d33bdbb3b12b717b75de44852b93419af20945,60.16829,24.94214,00000000afef4555,16.1
13724,2019-08-04T11:06:37Z,d9138495b15650460946f56faa26bf36e7dc6cf74b3d84614efbc8cd,60.16897,24.95222,00000000aa852af1,23.56
13725,2019-08-04T11:06:37Z,d93fdd9bc3977abe9d2be18a17b3e7b11380d543e1a1a4923c6d10f1,60.16897,24.95222,00000000aa852af1,25.36
13726,2019-08-04T11:06:37Z,db45583e1f7aaaf54e100214986dfc86aa755383e86d361639a5b19b,60.16762,24.95415,000000006b44cce7,3.4
13727,2019-08-04T11:06:37Z,db4d3f81708de827ce30c4130610fd65b4d6d451ca5cf6b0c4e745d9,60.16829,24.94214,00000000afef4555,14.89
13728,2019-08-04T11:06:37Z,dc4072a3cfc00cca0bde9925adc82bb9c2548af1724368561eefcbf8,60.16762,24.95415,000000006b44cce7,7.69
13729,2019-08-04T11:06:37Z,dc816e92e4a2eceea03f41fc379fda0e3d57b5d0fbd9a06430432022,60.16762,24.95415,000000006b44cce7,7.69
13730,2019-08-04T11:06:37Z,dc82f9648bb5ba21e766e0923f5fa7ca2d77662ab0edbe22a3d95631,60.14699,24.922,00000000a53ed894,13.75
13731,2019-08-04T11:06:37Z,ddd0e663eb31ac94858d2a4e9af5e4782781e88c92102042190e6fcf,60.14699,24.922,00000000a53ed894,3.74
13732,2019-08-04T11:06:37Z,de71e27b55ef6f2f51f05838a2fcab596f1dd93a14ece5ce4548f5c7,60.14699,24.922,00000000a53ed894,17.4
13733,2019-08-04T11:06:37Z,e1da87aea335bcd04e4c876158b96ebc7ba4206bc216c3aa27a2f4af,60.17919,24.95181,000000007b5207b6,11.7
13734,2019-08-04T11:06:37Z,e26862fdcdd4688d81b8fe05d1ac94c5f9b3192ddc50d4c66ad12cc1,60.16897,24.95222,00000000aa852af1,20.28
13735,2019-08-04T11:06:37Z,e29168791ccd18013b58845430388cc5aac537e7e1c618aeb78900a8,60.16897,24.95222,00000000aa852af1,11.7
13736,2019-08-04T11:06:37Z,e305610124e16ed1411a221b29ce69a076cc47982efd6c098b0599ab,60.14947,24.91438,000000004ef3150d,5.91
13737,2019-08-04T11:06:37Z,e44d7228cecbdb2474e1cc396a6c13943f09c08c19d0ffab1997d509,60.17919,24.95181,000000007b5207b6,16.1
13738,2019-08-04T11:06:37Z,e53a901aed874016e1cd1ed3e9b2891fca850986cb2fa04f5162cf52,60.16762,24.95415,000000006b44cce7,2.8
13739,2019-08-04T11:06:37Z,e557e164cd52fd817b02cad6587a294d72b0974d9b014ad69ea5e08e,60.17919,24.95181,000000007b5207b6,21.87
13740,2019-08-04T11:06:37Z,e5b9b4813c081a31fb498e7f9adb94918c267dfa125c63790c0d9488,60.149,24.9843,00000000fffb8cf0,1.25
13741,2019-08-04T11:06:37Z,e5e14952bf5e52bf1349479a58c0a97d702585889650948d94767608,60.16448,24.97323,0000000053c6c2be,25.36
13742,2019-08-04T11:06:37Z,e97ba22b59a38317629569b1436cdd3787ac8efdf4b47a48c7646e26,60.16762,24.95415,000000006b44cce7,12.69
13743,2019-08-04T11:06:37Z,e9d59e25b58f33f70aad6832863cb59d7485ca55a1575558f92b74e7,60.16897,24.95222,00000000aa852af1,9.92
13744,2019-08-04T11:06:37Z,eb261026c6f65b651ddf21bed629a1e164cfb500d0b78062704ec15c,60.16762,24.95415,000000006b44cce7,9.92
13745,2019-08-04T11:06:37Z,ec3d7e964cdc4b954880f25dd9480b583dc6c9e5520baf4ceb8fb424,60.16762,24.95415,000000006b44cce7,9.92
13746,2019-08-04T11:06:37Z,ec485175d2b7a2c53d03bf546aee134c116d998976601b069570c6f9,60.14699,24.922,00000000a53ed894,12.69
13747,2019-08-04T11:06:37Z,eca1a609c675d971fcfba4277d230ccdc2de7805c629b1f5da9cc224,60.173,24.92524,0000000096918cfa,25.36
13748,2019-08-04T11:06:37Z,ecb1735f180422ec69f041cd2782a26c9f07d27a87893b3c30aaa9b7,60.16075,24.95883,00000000f1124bca,8.38
13749,2019-08-04T11:06:37Z,ede13c9dc221bbc6c1daf78250fa6547303c06d7606c05ba0bf64547,60.17918,24.95141,00000000675d5200,1.01
13750,2019-08-04T11:06:37Z,ee81051f10987c5f2ca4f2188c2e87df47f035dfdc62842c4671b11c,60.16629,24.95957,00000000fb7600be,20.28
13751,2019-08-04T11:06:37Z,eea43687eab35d2c386347881796eb1c8279076b9e9642ebc2cd06ac,60.16762,24.95415,000000006b44cce7,5.91
13752,2019-08-04T11:06:37Z,ef15ff71b7dc4c2088249a4fca7e28900ae315245a7a3b4d571bf582,60.16829,24.94214,00000000afef4555,4.94
13753,2019-08-04T11:06:37Z,ef33ccdfcdb12920eabb3306e0f86dc7e6060a5d3864b03e2de7e1ef,60.16897,24.95222,00000000aa852af1,10.78
13754,2019-08-04T11:06:37Z,ef45fdc095ee55730384922266d8fce61de212d3c3df2441ea10e524,60.14947,24.91438,000000004ef3150d,17.4
13755,2019-08-04T11:06:37Z,ef5e495c5f9d3dd9eb22ed5b8faf1cc9e4225d4785ebb26a87d16fff,60.14699,24.922,00000000a53ed894,7.05
13756,2019-08-04T11:06:37Z,f110acae92fec55c6caca5de864773a6b99e5b8d6e2fdf8d1bdbc759,60.16762,24.95415,000000006b44cce7,4.5
13757,2019-08-04T11:06:37Z,f11c02cbebb4049a29f10d2ee6aac8a9ca3b7b9609a39d69463461a1,60.17065,24.93641,000000000f4919c9,23.56
13758,2019-08-04T11:06:37Z,f196f5f8c08299d290b3bac1944e00bb1f2c90594db66438b0c10e6e,60.16629,24.95957,00000000fb7600be,13.75
13759,2019-08-04T11:06:37Z,f2467c8ede6444941158701b7bd9d005beec9ffdb355ce2d8c7a9bfd,60.149,24.9843,00000000fffb8cf0,20.28
13760,2019-08-04T11:06:37Z,f43b8b2cf2c0bd291543858796d75b211d283ab73dcab5ad5dfd0aeb,60.16897,24.95222,00000000aa852af1,16.1
13761,2019-08-04T11:06:37Z,f5ffa3dbcdd5592ac31344cb04a7a6d639109a4d6e196fa0df3990dd,60.17065,24.93641,000000000f4919c9,21.87
13762,2019-08-04T11:06:37Z,f616fbd0fde8316049c3068ae4368dc9f486f8da4bf5516e9ba82578,60.16897,24.95222,00000000aa852af1,10.78
13763,2019-08-04T11:06:37Z,f62061efbfc36d9dfd7dc044875a3f2b874f85d79971e1296622c367,60.16448,24.97323,0000000053c6c2be,23.56
13764,2019-08-04T11:06:37Z,f62b86ef56fa9417b0128f2fff6530aed6f2a50d3f65bbbfdcbbee59,60.16762,24.95415,000000006b44cce7,13.75
13765,2019-08-04T11:06:37Z,f756416830b046336a677173f34b00e83412904998e92cfb4ebe207d,60.16762,24.95415,000000006b44cce7,16.1
13766,2019-08-04T11:06:37Z,f78ef2ddbe48b534137498eab56c0a55ec0e0b1d8868e82cb5652a0e,60.14699,24.922,00000000a53ed894,17.4
13767,2019-08-04T11:06:37Z,f7be7d003528c0c0827040a3a3723e49406a5a7c86cb4bc568a830db,60.17002,24.94407,000000006b087f40,20.28
13768,2019-08-04T11:06:37Z,f9f42c3132515705c0013fb8e137897c93844d24acc22cb4ac9384a0,60.149,24.9843,00000000fffb8cf0,3.74
13769,2019-08-04T11:06:37Z,fb197be4589e2d16cfe2899ae06282639009e64a5bff759f4a8a3e43,60.16629,24.95957,00000000fb7600be,20.28
13770,2019-08-04T11:06:37Z,fb37b263777ffcf7fe1fb6484821cae2b8beb03b5f5009109748dedb,60.16762,24.95415,000000006b44cce7,10.78
13771,2019-08-04T11:06:37Z,fbd28054e4a5478c8ca06f4d682405d1c59bef4853cad413ecb58d13,60.14699,24.922,00000000a53ed894,14.89
13772,2019-08-04T11:06:37Z,ffb7319984ecae155652e100da9b204f0b92f3b6c7239cfea4dcf966,60.14699,24.922,00000000a53ed894,14.89
13773,2019-08-04T11:06:38Z,004c3624f943830bc6a9f17173a2cd0996622cade5184ad2b9fba729,60.16897,24.95222,00000000aa852af1,5.41
13774,2019-08-04T11:06:38Z,048a4191e2e9ce1733556eda54c4123345c70aeced0f8ecf7d52b916,60.14699,24.922,00000000a53ed894,20.28
13775,2019-08-04T11:06:38Z,112c36ba789fa57e2b19c9bff8bfe0b3eba19a431c3af4656c4cee5b,60.16531,24.9442,00000000fdda10fe,38.87
13776,2019-08-04T11:06:38Z,1142f5b6806b1ec7d8d47d47013eb530d8a7418f6934d8867b20966a,60.16829,24.94214,00000000afef4555,23.56
13777,2019-08-04T11:06:38Z,128f1b89d7a534aa206a7823b692594bbd4d349761baa04c0fc72f2c,60.14947,24.91438,000000004ef3150d,12.69
13778,2019-08-04T11:06:38Z,14c7e1511b70f4dd3359cbece1377aebb4d70531f5489eefe53d7c3c,60.16544,24.95398,0000000038d83d41,23.56
13779,2019-08-04T11:06:38Z,165ebbb4090d47319ae370f0d0854fdc1f6b79499f8b2e4d3c3533c0,60.16544,24.95398,0000000038d83d41,25.36
13780,2019-08-04T11:06:38Z,16c994bb2e24124a910c247376d16e980a65626a94c4c0aaab27df60,60.16829,24.94214,00000000afef4555,18.79
13781,2019-08-04T11:06:38Z,25a7ff811c3c06e426c7c2cbb0433d9a2a3399b23afecbd35584ab0f,60.18203,24.91341,00000000342570c2,9.92
13782,2019-08-04T11:06:38Z,3b5cafe90982db26cf737b2e4cd4275276f6a031bca3b2a1f73023b2,60.14699,24.922,00000000a53ed894,16.1
13783,2019-08-04T11:06:38Z,44d0b94469070803869f229601e877beb613c3f5aafa009addf97a1a,60.16544,24.95398,0000000038d83d41,17.4
13784,2019-08-04T11:06:38Z,4656bad9b5e6dfc3977eca308fc1db3dbf8b0204b90d09b001da242e,60.1638,24.96846,00000000d747f075,21.87
13785,2019-08-04T11:06:38Z,5d65719c4cbf045f068d084b72302f447d5fd034413d97d13be00d0e,60.18203,24.91341,00000000342570c2,18.79
13786,2019-08-04T11:06:38Z,5eed115a984d490b02b602d73787aee8dc8c4e9365b77fbff3818a76,60.16629,24.95957,00000000fb7600be,16.1
13787,2019-08-04T11:06:38Z,69219e9efa41ae9e732653e9eaf08e1a34cb853a9dafe76ddeea4d04,60.16897,24.95222,00000000aa852af1,21.87
13788,2019-08-04T11:06:38Z,6a70e2fbced719333e21eff04fcb9cb36bae9a04d1a3d6ddd96f2c58,60.15432,24.9211,0000000019fb59c4,14.89
13789,2019-08-04T11:06:38Z,6f06341f358e61699fe1e55e986dd0554bc8da28b91daf0c5ad99db6,60.16629,24.95957,00000000fb7600be,23.56
13790,2019-08-04T11:06:38Z,87dfaad29a9276ddddb1fa021d3bc23ad14824c1af16f7d87e713689,60.14951,24.92138,0000000006dd41f6,10.78
13791,2019-08-04T11:06:38Z,88808fe92573e9cdf022cc15b9689b6b4b9429f60513c8897b0ba4c7,60.16897,24.95222,00000000aa852af1,17.4
13792,2019-08-04T11:06:38Z,8b0535dd90c15c8fd1b256e7a48369741b0fe9d58f8f05f6e46134b7,60.16544,24.95398,0000000038d83d41,33.81
13793,2019-08-04T11:06:38Z,8c75c3289c84fe4493e1e272a77b615fe1985880c5dc68a7c1a17b53,60.16762,24.95415,000000006b44cce7,10.78
13794,2019-08-04T11:06:38Z,9843c6216661048343a0e49cf3d8aa2883cf77f452666a1c873a1052,60.16448,24.97323,0000000053c6c2be,16.1
13795,2019-08-04T11:06:38Z,9992834418850939882f3b334eee492eb98d4f9d6d6118f9ee108793,60.16762,24.95415,000000006b44cce7,5.91
13796,2019-08-04T11:06:38Z,a13e5d46f0a2d1c6b58878e1b198905e9b14e3a85b5e4adab88b4b87,60.16762,24.95415,000000006b44cce7,10.78
13797,2019-08-04T11:06:38Z,a91d379a4b57c5df22db0d7a041ff69f657b4b31f28554b1011fc03c,60.16544,24.95398,0000000038d83d41,31.5
13798,2019-08-04T11:06:38Z,b5fd6b317890e5ab2d79e2cd1abe61626d45a753c7337d0d40728898,60.16762,24.95415,000000006b44cce7,14.89
13799,2019-08-04T11:06:38Z,b936e41d8712ae967f3ebb413fc44f060bb10613f95537757886ede2,60.16762,24.95415,000000006b44cce7,14.89
13800,2019-08-04T11:06:38Z,bfcaefe93f7fcb6aad6e62e3da473a7b5b03a62db532dad02a7d3559,60.16762,24.95415,000000006b44cce7,14.89
13801,2019-08-04T11:06:38Z,c40c37def6bf11a63a2556519a7c6233fd417cdeea2cf14f28e7c42c,60.16531,24.9442,00000000fdda10fe,17.4
13802,2019-08-04T11:06:38Z,c97eb4181394121907d47b908495f54e5ee5145ff790f7a1dc21b3cf,60.16897,24.95222,00000000aa852af1,9.92
13803,2019-08-04T11:06:38Z,ca6927628f5ddda20036865c9345ad93d476d62ade3b181de568eed6,60.16897,24.95222,00000000aa852af1,23.56
13804,2019-08-04T11:06:38Z,cf05623e4d87ce0906c0b0b7dbf53aacc1228016cd27c341228b6e76,60.18203,24.91341,00000000342570c2,20.28
13805,2019-08-04T11:06:38Z,cfc0bedb78ded52749db3188cb188bf6a250ef5990da9c5afa9623fc,60.14951,24.92138,0000000006dd41f6,25.36
13806,2019-08-04T11:06:38Z,dbeb00942457ba3c5fb1984b57b1dedb268c0e761e80729b939f1fd8,60.16544,24.95398,0000000038d83d41,21.87
13807,2019-08-04T11:06:38Z,e224ae5ea47af2e3048f83b13a1f45dc135c0ca6be72547b01729086,60.1538,24.95595,0000000038bf9618,18.79
13808,2019-08-04T11:06:38Z,e6af35ebe4c87f166821f11fad668537305c0f52d192e9c4d308eaa9,60.16075,24.95883,00000000f1124bca,29.32
13809,2019-08-04T11:06:38Z,e764c1a69976425ee9c1982ca445db7a575a9d610bcb2215eeb2a728,60.14947,24.91438,000000004ef3150d,25.36
13810,2019-08-04T11:06:38Z,e8690c2d1711bc10f2d1251a3b5b1e770b98c66c384760400c604de1,60.16829,24.94214,00000000afef4555,23.56
13811,2019-08-04T11:06:38Z,e8e366e76c97944e23c0f80b4fd3ce6e5832744922297146a49f0c7e,60.16762,24.95415,000000006b44cce7,10.78
13812,2019-08-04T11:06:38Z,ed70dda6b7faebd4340dacdb452ab224d9d3c308df417b7fa76f54e8,60.14951,24.92138,0000000006dd41f6,23.56
13813,2019-08-04T11:06:38Z,f088630d7476dae7d4b7e2bb1f10575f2c89acb4b6e061f3d57c2b40,60.16531,24.9442,00000000fdda10fe,23.56
13814,2019-08-04T11:06:38Z,f30a5193aa7850aac581b8dd71512a8712c96f36fdef78d8292d4788,60.16762,24.95415,000000006b44cce7,3.4
13815,2019-08-04T11:06:38Z,f31cfded6f566f9c032c80c52ea642407be312c5d42521ab7a8d3e2a,60.16897,24.95222,00000000aa852af1,23.56
13816,2019-08-04T11:06:38Z,fc4f3a44235f1cfc7b53f14ba2da599976a5a0a220d23b852688e485,60.17919,24.95181,000000007b5207b6,5.91
13817,2019-08-04T11:06:38Z,0043f38f4fb6545d7c033c9a8f8c18106aa0c2c841f28a15dd722e9d,60.14699,24.922,00000000a53ed894,11.7
13818,2019-08-04T11:06:38Z,007540b1ada16f6000987e20cd81a3deb18b2aea4cb95b50e099dcee,60.17065,24.93641,000000000f4919c9,27.28
13819,2019-08-04T11:06:38Z,0236a1d5b9b9d2249407a79705eee38de360ceb0530a8959ba5bc15b,60.149,24.9843,00000000fffb8cf0,12.69
13820,2019-08-04T11:06:38Z,02a354db29cd5bc16976a9d933e03a41be350f9cc78098829a7dcfd4,60.14947,24.91438,000000004ef3150d,20.28
13821,2019-08-04T11:06:38Z,03204cdd97728dc59f21f215f75460ac8fe2fa56720a88e869c6f56d,60.16829,24.94214,00000000afef4555,18.79
13822,2019-08-04T11:06:38Z,0656a0c0a353f164b57fbdd9e648d71fab429964d97ed07ab2c5dc30,60.18203,24.91341,00000000342570c2,18.79
13823,2019-08-04T11:06:38Z,07736b3f5deab4e1b7812473c78389d5152eb6e95aeb6b23741c90d6,60.16762,24.95415,000000006b44cce7,14.89
13824,2019-08-04T11:06:38Z,07d9aa9fe10e58c26960ba10eb2f13607a7cea0226acaecbdcc52508,60.16762,24.95415,000000006b44cce7,14.89
13825,2019-08-04T11:06:38Z,08b10b51864dc039f0a07c997e66e7a263ee1cde5b0b88b2a1178c58,60.16829,24.94214,00000000afef4555,10.78
13826,2019-08-04T11:06:38Z,096c3b0de1dab1407cd4d3330546404c0d62ce025924420496380f89,60.16762,24.95415,000000006b44cce7,5.91
13827,2019-08-04T11:06:38Z,0ac16900b358cad98786869efa2fa39aa96eacf36f9249051cce0e88,60.16448,24.97323,0000000053c6c2be,29.32
13828,2019-08-04T11:06:38Z,0af61169cceddbd5c08068ba987231f31931944ac70a7335e59fce93,60.16897,24.95222,00000000aa852af1,31.5
13829,2019-08-04T11:06:38Z,0b45b52bc137c31ce83561c857f809296ec70f5537976a4a4d573d4f,60.16829,24.94214,00000000afef4555,18.79
13830,2019-08-04T11:06:38Z,0c959027ce302054b09087cac97a83aa7e24fb9e4fa2710763f912cb,60.16829,24.94214,00000000afef4555,3.74
13831,2019-08-04T11:06:38Z,0d2490ed58c11eb4a754a30cc4bcb21c7243d322a2caf7cc360e4e8c,60.17065,24.93641,000000000f4919c9,21.87
13832,2019-08-04T11:06:38Z,0fd26c6e46f4d73b276223942e56c38bc9b8e4566239f8a77261657b,60.17002,24.94407,000000006b087f40,21.87
13833,2019-08-04T11:06:38Z,1107822441d53ff89eb9cb0d022a37202aed47bd82dca4bc175d6837,60.16762,24.95415,000000006b44cce7,5.41
13834,2019-08-04T11:06:38Z,116e59da308964e8eb82cb6e5a758aad726ec3800f0fa17bc661e8fe,60.16762,24.95415,000000006b44cce7,11.7
13835,2019-08-04T11:06:38Z,117b6ba38be2f875c85c9c048106db4d2dbce58629a807d7d7773b6c,60.16762,24.95415,000000006b44cce7,11.7
13836,2019-08-04T11:06:38Z,118cffafccf902fa0dea50f220191f4eb7938f02c841bd3952fa3484,60.16762,24.95415,000000006b44cce7,8.38
13837,2019-08-04T11:06:38Z,1327ce24f157334f864f913637993c80380ce5f5c911e4b0d31c5eb7,60.149,24.9843,00000000fffb8cf0,3.4
13838,2019-08-04T11:06:38Z,1365132d13ab87aad75e2aee453b2f156807b7c75d31d948bdff798f,60.16762,24.95415,000000006b44cce7,5.91
13839,2019-08-04T11:06:38Z,13b0a8ca1414d7b2b0e8d5f80069a5d26c6f62a68b58eda25a4b85f4,60.16829,24.94214,00000000afef4555,21.87
13840,2019-08-04T11:06:38Z,14950bb35cae97d17dbb39fd05de471b20dceda78a1c517bec6b0cba,60.149,24.9843,00000000fffb8cf0,29.32
13841,2019-08-04T11:06:38Z,1556d4a76070c26554efa12b4b9c53766a4cc394e8b74ee37f2fff65,60.17065,24.93641,000000000f4919c9,10.78
13842,2019-08-04T11:06:38Z,169c77f0d714e38eb1e798b14fa42ce3fefb0ec1d6f9e93a38a872f1,60.16762,24.95415,000000006b44cce7,8.38
13843,2019-08-04T11:06:38Z,17b39c4376c28dc9e1c1221de9d5037abfea5d59d30cdd48208fc3a8,60.16762,24.95415,000000006b44cce7,5.41
13844,2019-08-04T11:06:38Z,182e58bd6c3c8d836225d454a878bc55d8ed5166564a22f8b635f6ff,60.14947,24.91438,000000004ef3150d,16.1
13845,2019-08-04T11:06:38Z,18adae8b6603c177e817d1e3b9ec79fcc0292682660b31bebc965a23,60.16762,24.95415,000000006b44cce7,13.75
13846,2019-08-04T11:06:38Z,1921be9815a57f11f291ca085add7b4bf1d044518b03b725df7cf7d5,60.149,24.9843,00000000fffb8cf0,10.78
13847,2019-08-04T11:06:38Z,19db84758eba08a5f9bb56b0ff91d05286765c8e8dfa31bd0b2aaa1c,60.14947,24.91438,000000004ef3150d,6.46
13848,2019-08-04T11:06:38Z,1a06b5f7f305badd45e93db9d86d76ed3a2a96ec55ec47c836921e3e,60.16762,24.95415,000000006b44cce7,6.46
13849,2019-08-04T11:06:38Z,1c38009e9b89bd8b0d6744bf54ebae9a8ad2dc2868cdfc3f2e399509,60.16829,24.94214,00000000afef4555,7.69
13850,2019-08-04T11:06:38Z,1c9aa21b85f6dc63cc56eb960e89cdeaa6da27738f3fcc4fbee8ee17,60.16762,24.95415,000000006b44cce7,6.46
13851,2019-08-04T11:06:38Z,1ce242f8d8220cd38bf3ea9138c99ae9b2f79b28e68edb864f090ec9,60.149,24.9843,00000000fffb8cf0,7.69
13852,2019-08-04T11:06:38Z,1d98e850f88f1888cd7aef84cadbc3754faef1c6223256f5553ee4f8,60.16762,24.95415,000000006b44cce7,21.87
13853,2019-08-04T11:06:38Z,1f6e5095c2c365e120a526c9111895459bc08fb351b964a350cdb64f,60.16762,24.95415,000000006b44cce7,9.12
13854,2019-08-04T11:06:38Z,1fa2c533bba37b249a0105001153733e67a559d40c22cab67f135f64,60.14947,24.91438,000000004ef3150d,7.69
13855,2019-08-04T11:06:38Z,227b93698b29687beea48184f42aab63a21fa362af7251be32db2e15,60.16531,24.9442,00000000fdda10fe,3.4
13856,2019-08-04T11:06:38Z,2535cb5c89ec66044a005b03dd769ca8d0022164a816c06db0e49892,60.16762,24.95415,000000006b44cce7,13.75
13857,2019-08-04T11:06:38Z,256729c59f1a8eb01eb0def8b90ab6c09abf42cd4175f0b695985f17,60.14947,24.91438,000000004ef3150d,38.87
13858,2019-08-04T11:06:38Z,2671a156fa8d8bb05970481c8f83bcf9f261f73dae27f2bb9ac88aeb,60.14699,24.922,00000000a53ed894,21.87
13859,2019-08-04T11:06:38Z,2724e42551f43106ea58a8fcc6a43953baa1294cd65e17a90012f706,60.17065,24.93641,000000000f4919c9,0.59
13860,2019-08-04T11:06:38Z,28741c2e5e348fe81dec0518a21c0930c98a25b6fcece61a262d50de,60.14699,24.922,00000000a53ed894,12.69
13861,2019-08-04T11:06:38Z,28e8a4ccd08ea244e028ee358d7ae5359a02107234c2cafd1415ccec,60.16829,24.94214,00000000afef4555,9.12
13862,2019-08-04T11:06:38Z,296a0ffe230305a3d37818a0369b56c99dacdd5df5a161bf238e1084,60.16762,24.95415,000000006b44cce7,2.3
13863,2019-08-04T11:06:38Z,2977d3c4f181abb6662adf1d466a62167e2690a9c94dc53e5aa6a904,60.16762,24.95415,000000006b44cce7,9.92
13864,2019-08-04T11:06:38Z,29f5adc4d67413b7d368e8e94a41cf48339e3f5f0903f660170c4fe8,60.17918,24.95141,00000000675d5200,10.78
13865,2019-08-04T11:06:38Z,2a334446463c0c30b6183affed3493e5b0fefc5fae3085991b3159ea,60.16829,24.94214,00000000afef4555,27.28
13866,2019-08-04T11:06:38Z,2a80aed2c40e7e70ca12152ac812abd79aa1d13efcec25a6d3395136,60.16762,24.95415,000000006b44cce7,11.7
13867,2019-08-04T11:06:38Z,2c85e4140ca0ba77c3598ceac05eb2c2342409ce8111c863fc58c606,60.16829,24.94214,00000000afef4555,14.89
13868,2019-08-04T11:06:38Z,2d0349a4148a147b05e00cd46c137dd208ba2a8ce9327b493615f1a6,60.16829,24.94214,00000000afef4555,10.78
13869,2019-08-04T11:06:38Z,2de87ef94604fb63bec05eefb71b6cdd0b9807f8551159c2a35e7259,60.17065,24.93641,000000000f4919c9,4.94
13870,2019-08-04T11:06:38Z,2e6e6f89a7d75f0742d016de203c9acc8d6f6bdeb7b56bd12f482653,60.15432,24.9211,0000000019fb59c4,16.1
13871,2019-08-04T11:06:38Z,303e51dd6e5cca35a9f9f76fbe8ef97bd64a9dc6b4e965b1f74ca279,60.14699,24.922,00000000a53ed894,13.75
13872,2019-08-04T11:06:38Z,30bee351808d5e8082ce012b57f5bc0efc80f8394491a182e0eeee32,60.17918,24.95141,00000000675d5200,20.28
13873,2019-08-04T11:06:38Z,31659a798f1d780d587f07390c038a78fafa6cabb8180dba635863ce,60.17002,24.94407,000000006b087f40,11.7
13874,2019-08-04T11:06:38Z,3417d8a6b53687e70f126ebeb1d26a2ff6369dc9a551c3c35c5a04f9,60.17002,24.94407,000000006b087f40,13.75
13875,2019-08-04T11:06:38Z,34cf37df412ff36df19ebe47ecdd31e5a22355a1fa723a748ac901fd,60.16762,24.95415,000000006b44cce7,16.1
13876,2019-08-04T11:06:38Z,3670a148a52771f0ff5af161725f65b86873c09eea1a7697861c0438,60.14699,24.922,00000000a53ed894,17.4
13877,2019-08-04T11:06:38Z,374083907dd8980893623726af5633afd59b519c885ad12ba5c674eb,60.17002,24.94407,000000006b087f40,5.41
13878,2019-08-04T11:06:38Z,38561a086c97342a24583c26b33205da50e3e973a8147fe016a4a9ff,60.16829,24.94214,00000000afef4555,3.4
13879,2019-08-04T11:06:38Z,386dea4944e0b83648b4b6faf510fd47b0e9e29a2bb9311fe8a80ee2,60.17918,24.95141,00000000675d5200,7.69
13880,2019-08-04T11:06:38Z,38fe4d3136f12b444ebe10b0db89d752ecc9527c799d1dbb1a3f12e1,60.1538,24.95595,0000000038bf9618,36.27
13881,2019-08-04T11:06:38Z,395134265ad60f36cbb21b92db8d3db4d07bd71836d174cbf1a09224,60.16829,24.94214,00000000afef4555,29.32
13882,2019-08-04T11:06:38Z,3991e38309311c3fd5aecdcf3290274a5742396d989a81387bf154ae,60.17002,24.94407,000000006b087f40,29.32
13883,2019-08-04T11:06:38Z,39e2f2a7b03cda9f877366363a3727edfefd16d2221e752dafc33634,60.17002,24.94407,000000006b087f40,17.4
13884,2019-08-04T11:06:38Z,3ac9d056b0f04f774b238a125eb996d46437f7a8c5f6ba6712e971cf,60.17918,24.95141,00000000675d5200,12.69
13885,2019-08-04T11:06:38Z,3b355c039877bd4883845f3fc6ad8dd6f41f170274042f1397585680,60.149,24.9843,00000000fffb8cf0,17.4
13886,2019-08-04T11:06:38Z,3b5030adc7c303403a6333a1a6d35474c2f21c1d20ece72180660423,60.14947,24.91438,000000004ef3150d,13.75
13887,2019-08-04T11:06:38Z,3cb63237c8a43d21d81f89f642b88fbf7aa9e9ddd56dd8b46b003476,60.16762,24.95415,000000006b44cce7,13.75
13888,2019-08-04T11:06:38Z,3f5d3aed90718f7fb8e8a13ac7002718cc22cbe190beb96821ba52e6,60.17065,24.93641,000000000f4919c9,20.28
13889,2019-08-04T11:06:38Z,3f67c6713a6cca446a46616c9970c7a2ddffb03f21e10c8ea9b2f380,60.16897,24.95222,00000000aa852af1,14.89
13890,2019-08-04T11:06:38Z,3fde075082af3062c2bebc5e09ad55bda3de70b5f492bdfb21f284c9,60.173,24.92524,0000000096918cfa,29.32
13891,2019-08-04T11:06:38Z,40d64df305477f26745a445a97098d36570a8e02616b93a3f562bb21,60.16629,24.95957,00000000fb7600be,21.87
13892,2019-08-04T11:06:38Z,439ff6b8ff9dc79d47e223164a87fc2d620f29bc7ea1bc7ea4c5cc58,60.16897,24.95222,00000000aa852af1,17.4
13893,2019-08-04T11:06:38Z,4472fa277123afabdf2402fc2a3c5bff2be437e6d56b590278de70fc,60.17065,24.93641,000000000f4919c9,27.28
13894,2019-08-04T11:06:38Z,448f6044c6c095d8c71341a0017dd6746f6e150f03af7c78b794308f,60.16762,24.95415,000000006b44cce7,10.78
13895,2019-08-04T11:06:38Z,44cd8828dd4aa11ea599139af3d3aafbcd09ca0c2558f26ed1c72e17,60.14699,24.922,00000000a53ed894,11.7
13896,2019-08-04T11:06:38Z,465eab28635efe98500085ceb161cf941d02272a0107fbbfb2203c29,60.16829,24.94214,00000000afef4555,8.38
13897,2019-08-04T11:06:38Z,46b576e18e757fc4ec008b41d3c28ec5415a2c2c2f143042e5413137,60.16762,24.95415,000000006b44cce7,13.75
13898,2019-08-04T11:06:38Z,474c1d4ef0fa3c491e44755d0374e003730bcfdbda15e3af17bd0aaa,60.14699,24.922,00000000a53ed894,17.4
13899,2019-08-04T11:06:38Z,47f787c639f2eed345eb5dca409ffcd989850399a1ab781500dd6e82,60.17918,24.95141,00000000675d5200,10.78
13900,2019-08-04T11:06:38Z,4800d49ec59e1cde34360defcce4c2a0c6a58919303c1fe6fdebceec,60.16762,24.95415,000000006b44cce7,10.78
13901,2019-08-04T11:06:38Z,4833b1ea4f519407574f5a838d93a39de28c756c5f53de7ee273b577,60.14947,24.91438,000000004ef3150d,6.46
13902,2019-08-04T11:06:38Z,4954540aca30f8f56f918178fbd53ee48ddef7a231d425061f6b2f6f,60.18203,24.91341,00000000342570c2,25.36
13903,2019-08-04T11:06:38Z,49d6f6bd5878bfac30a67fe92d1501b5b09cab38ab2b35b661902f0d,60.14947,24.91438,000000004ef3150d,18.79
13904,2019-08-04T11:06:38Z,4a2286eca689d9c867cfa19d43b9b917d29769b66b9e0a968f6c3859,60.16897,24.95222,00000000aa852af1,20.28
13905,2019-08-04T11:06:38Z,4a54cbed9c373a4136f8851f3f5736eb2fadd5766d316eb5ebbdd231,60.17918,24.95141,00000000675d5200,7.69
13906,2019-08-04T11:06:38Z,4a912b6c106b63933a8c9cc39598823bcb2c94d4b1cc8a5d55cb3972,60.16829,24.94214,00000000afef4555,5.91
13907,2019-08-04T11:06:38Z,4b5b3e8f2b484bc08b196c265f65c70151bd69f6263318eb29125db2,60.16829,24.94214,00000000afef4555,8.38
13908,2019-08-04T11:06:38Z,4cf634fc84e128c3b9bce07a4b726d136e18f0eea4229fdbb48f6db1,60.16897,24.95222,00000000aa852af1,11.7
13909,2019-08-04T11:06:38Z,4d31b0561dbfc9ef5acbd44ba92acb4ca7bad86b948634f005173ece,60.14699,24.922,00000000a53ed894,6.46
13910,2019-08-04T11:06:38Z,4f64a0a452cd28e15e79c60cbb361761817de946431b04ad87c6d513,60.16897,24.95222,00000000aa852af1,20.28
13911,2019-08-04T11:06:38Z,4fb520047f37fa983320c3e4508eb950a4b2340e6a52ed3034068a1a,60.149,24.9843,00000000fffb8cf0,23.56
13912,2019-08-04T11:06:38Z,4fb84ecf5d221439a3af3b68650b3b7dea1d1324213f3ea57669ead0,60.18203,24.91341,00000000342570c2,25.36
13913,2019-08-04T11:06:38Z,508ee0778f7d5571ac4aa05211272911339b293ff62069f14cd4aa0a,60.16897,24.95222,00000000aa852af1,25.36
13914,2019-08-04T11:06:38Z,51789c3026ccfe7e846e44fcd833d006941c2789b9693c77df5a7c98,60.16762,24.95415,000000006b44cce7,9.12
13915,2019-08-04T11:06:38Z,52daa31a2b3c1c07f78d96ebb4de3a965da5ef0a8035afbd0f7451fb,60.16531,24.9442,00000000fdda10fe,25.36
13916,2019-08-04T11:06:38Z,542a405b620e6d166ecc5eadd979b3936d831cea3aa7b75316adb4ca,60.16897,24.95222,00000000aa852af1,14.89
13917,2019-08-04T11:06:38Z,54d53f276563f566e1cd61b100408412cf78b4fe9fcada830aa6e23b,60.14947,24.91438,000000004ef3150d,16.1
13918,2019-08-04T11:06:38Z,5518b2315c236d486c7a5a4fc27c44987672b2f9a0751ffdaa9cbf78,60.16829,24.94214,00000000afef4555,7.05
13919,2019-08-04T11:06:38Z,55f047531784bdfb349239ad705090dfe4fce836942569dac1d34cd3,60.16762,24.95415,000000006b44cce7,18.79
13920,2019-08-04T11:06:38Z,56101419005237b836e4ed14d91dfa6f9edc4c92b5fcb419943897bb,60.16762,24.95415,000000006b44cce7,7.05
13921,2019-08-04T11:06:38Z,56318cc7f3616fceec2564cbb1f6ca8b88ea861935a1ada93aafd7b0,60.16897,24.95222,00000000aa852af1,12.69
13922,2019-08-04T11:06:38Z,56ef15210d87074a2705a68a06e5819fd891c19c3574762b4f036151,60.14699,24.922,00000000a53ed894,27.28
13923,2019-08-04T11:06:38Z,571934189bf349efb6f596e76c21612cf9b82ed44913090169936048,60.17065,24.93641,000000000f4919c9,25.36
13924,2019-08-04T11:06:38Z,586f70961bf72597ce00f89d3602178ecc6ac8838a8acec48bba7f9f,60.14699,24.922,00000000a53ed894,14.89
13925,2019-08-04T11:06:38Z,58ee8fd47328b1c696ec343920f2c0353d19a915924eb6f6f2638e56,60.16762,24.95415,000000006b44cce7,12.69
13926,2019-08-04T11:06:38Z,59b87e6921598d25b092b66e140328fa03c9f06fe4e697dd344f378a,60.17002,24.94407,000000006b087f40,18.79
13927,2019-08-04T11:06:38Z,5a730ea19664020323272509e5443616ea3f1cecd7b295e294be4ba7,60.14947,24.91438,000000004ef3150d,18.79
13928,2019-08-04T11:06:38Z,5a755f0653ee0e334448418099ed85023db0a9984c280cfbadd74160,60.173,24.92524,0000000096918cfa,36.27
13929,2019-08-04T11:06:38Z,5d9aa6fcb0d81ceaa80ca13cc08a88138be517656646e0ba0942ce46,60.16897,24.95222,00000000aa852af1,25.36
13930,2019-08-04T11:06:38Z,5f5805a3ffd092506452c4d45ea8fc037ae23ea726f0b0809ca6ffde,60.16829,24.94214,00000000afef4555,13.75
13931,2019-08-04T11:06:38Z,6138e6ab3e1e74425af8945a6fcc294c1469a0b9c448b780bcf9d2e2,60.14699,24.922,00000000a53ed894,12.69
13932,2019-08-04T11:06:38Z,62d86ee13e6ae7a5c41ffc2de746df72d4ef6e8d2b6a51ce1c68965f,60.16829,24.94214,00000000afef4555,9.12
13933,2019-08-04T11:06:38Z,62e27092b58abcaf80564c408d0d4a7b821abaee92dc2f02ccb11e61,60.16762,24.95415,000000006b44cce7,5.41
13934,2019-08-04T11:06:38Z,66755836036c771e53ffd9d0dc09b8575231b53b80af22e868691a2a,60.14699,24.922,00000000a53ed894,3.4
13935,2019-08-04T11:06:38Z,67598a1e0a26360b38ffc4bd67aa05290556cdaea97554dfb9d8bdad,60.16762,24.95415,000000006b44cce7,13.75
13936,2019-08-04T11:06:38Z,697103160f0b3dc0ba38ccdd18203ae84ec35fc314322d1172c093b2,60.16829,24.94214,00000000afef4555,9.92
13937,2019-08-04T11:06:38Z,69852d528034ea6fc746ed8942c32f1c90bc33a7a7317dfac3c9b1c1,60.14699,24.922,00000000a53ed894,9.92
13938,2019-08-04T11:06:38Z,6990b912b53e2278e4a3d421330e44169d05b275ad57d86ff4ad1615,60.14699,24.922,00000000a53ed894,27.28
13939,2019-08-04T11:06:38Z,699b48bb93c5befb62ff0686e75f158406b659f14daec16ab66d4499,60.15432,24.9211,0000000019fb59c4,16.1
13940,2019-08-04T11:06:38Z,69d8c906060e226ff0f0f7e78029575f2ee07ebec657a3b641419268,60.14699,24.922,00000000a53ed894,9.92
13941,2019-08-04T11:06:38Z,6ac1903c80e63433e4bc744dc0e801bff647117d38d3753fb9a6a4c1,60.173,24.92524,0000000096918cfa,10.78
13942,2019-08-04T11:06:38Z,6ac8fdd67b3dd11f0bae935f3a285880138382088238b97f511d3f12,60.16897,24.95222,00000000aa852af1,20.28
13943,2019-08-04T11:06:38Z,6c97da4ba9462e7fe786a472989dab23340d31809dd78d5617204da4,60.16829,24.94214,00000000afef4555,8.38
13944,2019-08-04T11:06:38Z,6e2fbf091d5c86667e060d7ec44f48f0f5d7b1d55b1899f2939f247a,60.16762,24.95415,000000006b44cce7,4.5
13945,2019-08-04T11:06:38Z,6e492dbc3f10157e7ff00826a839a97262ab36244ccc57b702a89999,60.16531,24.9442,00000000fdda10fe,17.4
13946,2019-08-04T11:06:38Z,6eeb71c74d753822f920829149d942cf52b726b0b83c5aa3e6cb132e,60.16762,24.95415,000000006b44cce7,13.75
13947,2019-08-04T11:06:38Z,6f464e5508f8231eb6825ef84c1e5e5e7a2dd706574f309a2bef78e8,60.16762,24.95415,000000006b44cce7,29.32
13948,2019-08-04T11:06:38Z,70ffae2b8178e0915c5de7816f8dd8bcc3af745ee49df8ac4da4adba,60.17918,24.95141,00000000675d5200,18.79
13949,2019-08-04T11:06:38Z,714e80a1e3c0fee43e312f314b2faec47e582ee8dac47e4818dbc2f9,60.149,24.9843,00000000fffb8cf0,4.5
13950,2019-08-04T11:06:38Z,71516fc8349cfaf2b5c4ab80ade6078494d93d13e9953af15e5ced30,60.18203,24.91341,00000000342570c2,14.89
13951,2019-08-04T11:06:38Z,71c1367c7dea4dfa243172e02b9092c7a0810bef003216681759891e,60.16897,24.95222,00000000aa852af1,20.28
13952,2019-08-04T11:06:38Z,738973c9b5f9882f29075e47ca10e50ba3fb9883da779f41545175f4,60.17918,24.95141,00000000675d5200,2.54
13953,2019-08-04T11:06:38Z,7484ecf89e24efb4a366562730f7341391f930dad7b216184022d0da,60.173,24.92524,0000000096918cfa,31.5
13954,2019-08-04T11:06:38Z,74c2ec2adc228e5b4979284d730fd2de698242f0f06d90f870b8cde6,60.16762,24.95415,000000006b44cce7,5.91
13955,2019-08-04T11:06:38Z,7552783317be1ef797980c3a9ee9c5967d4e7b32765f23c51ffda02d,60.16897,24.95222,00000000aa852af1,10.78
13956,2019-08-04T11:06:38Z,75d452cbba63995ad06213b577081e8db650c80b3a78060789a8e831,60.16762,24.95415,000000006b44cce7,14.89
13957,2019-08-04T11:06:38Z,79773ee1ebdf8252053d8ffb326b77bb05a7cdb76041102e73d3767c,60.16762,24.95415,000000006b44cce7,12.69
13958,2019-08-04T11:06:38Z,79bde23c1a8980f93a65e14306f0d8ea89e164430d8b991e2bfee82e,60.16531,24.9442,00000000fdda10fe,23.56
13959,2019-08-04T11:06:38Z,79f6ceff0d0fc6687b4982c4d38a9ebb0a1056b6e0c448b1b9e79e8e,60.16897,24.95222,00000000aa852af1,23.56
13960,2019-08-04T11:06:38Z,7a96471c0f2a5b26dc38cc8aa9903b7dcb222a12d81cd73a84570610,60.16629,24.95957,00000000fb7600be,18.79
13961,2019-08-04T11:06:38Z,7afc351f0ed7619c18c64ab06971196bb53d53e2d460151ab711bc0f,60.16762,24.95415,000000006b44cce7,13.75
13962,2019-08-04T11:06:38Z,7c55ecf165387948602e82b684a55be093691849fde2d96ad6574475,60.17065,24.93641,000000000f4919c9,8.38
13963,2019-08-04T11:06:38Z,7ddcdde2316659d0fa4b8597b86430e095ea0bc7f3564a9d05fc60f8,60.16897,24.95222,00000000aa852af1,14.89
13964,2019-08-04T11:06:38Z,7e78b2348d9576c63ebb626030ee9d43e2bf07e860782adf3f1c452b,60.16829,24.94214,00000000afef4555,12.69
13965,2019-08-04T11:06:38Z,7ea276abbe2f1bfd85b2493f7b4c801189e673c0b4dc987d2c8e30dc,60.14699,24.922,00000000a53ed894,9.92
13966,2019-08-04T11:06:38Z,7eefc5581c616491b78192b28b519ba727dc884a87bc06b8df1ea4f2,60.14699,24.922,00000000a53ed894,9.92
13967,2019-08-04T11:06:38Z,7f95126e2fe39b74b61f9df1002b58453d22fe79458cebfeed9b9982,60.16829,24.94214,00000000afef4555,17.4
13968,2019-08-04T11:06:38Z,822590bd49bcf7ed4de4f8389586915c343b29c4283ff8b90d7c1d39,60.17065,24.93641,000000000f4919c9,17.4
13969,2019-08-04T11:06:38Z,82ac749474448abac333d00869cb8b508872f86293913d95eae26a05,60.15432,24.9211,0000000019fb59c4,12.69
13970,2019-08-04T11:06:38Z,82cddd3b9f58762d36efe78da4e2722ee587cfdb3fdbc58b52673082,60.16629,24.95957,00000000fb7600be,23.56
13971,2019-08-04T11:06:38Z,844b8ad6ebf530978d1139d527a681991f4d3eed6be5bc723f0b2192,60.16531,24.9442,00000000fdda10fe,3.09
13972,2019-08-04T11:06:38Z,849d6a476563b352092dcda35e816833b571b7f630e7ff8617d9b7da,60.16829,24.94214,00000000afef4555,27.28
13973,2019-08-04T11:06:38Z,85b440c4e1125b1e2531499de3b19b82ae4b7eabb4d89c63c97fa83b,60.16829,24.94214,00000000afef4555,18.79
13974,2019-08-04T11:06:38Z,87ea10367f1569e575dc4bc60f0f4238eafb52ba8a2cc8e5e4584232,60.16829,24.94214,00000000afef4555,13.75
13975,2019-08-04T11:06:38Z,87ee2ae24a1a0871184580c39a1c79955cbf954947f0ee24252c7302,60.18203,24.91341,00000000342570c2,21.87
13976,2019-08-04T11:06:38Z,87f4cf4baea8c5dfe1bc7812cc969574058bd4d2dda215192bcfc53f,60.14699,24.922,00000000a53ed894,3.74
13977,2019-08-04T11:06:38Z,886032718e05487be8bd75bb14464814044c7edd7f9a2198304f6fb4,60.16629,24.95957,00000000fb7600be,16.1
13978,2019-08-04T11:06:38Z,89df1daad350e46d526e113019214d2e1a19d8f48da761bb3583399b,60.16762,24.95415,000000006b44cce7,7.69
13979,2019-08-04T11:06:38Z,8a7f5012c000c420f0a336a3988c72cf2b373818f4f3f369e994d8e4,60.16829,24.94214,00000000afef4555,12.69
13980,2019-08-04T11:06:38Z,8c4e4851db86ec4a3ce29a58be770eb29c38b9a983351bb67d781982,60.16897,24.95222,00000000aa852af1,9.12
13981,2019-08-04T11:06:38Z,8e32f03aa51152a06255173f7dc5aaa2c75cef6f6aa829bd51fea777,60.16762,24.95415,000000006b44cce7,18.79
13982,2019-08-04T11:06:38Z,8f3d9ab893ae4a48fd3417f3a749c21e792779990ae0ad75a8f211de,60.1538,24.95595,0000000038bf9618,23.56
13983,2019-08-04T11:06:38Z,9076d80e9828efb679c61440c6dcc2fce4d90055e5fb084d00bb87fb,60.173,24.92524,0000000096918cfa,16.1
13984,2019-08-04T11:06:38Z,90a7a2779a546d0a67f676fbd33964bfec098cc7d3c6617a5c0f6b88,60.16762,24.95415,000000006b44cce7,9.92
13985,2019-08-04T11:06:38Z,90b12d2b9898702fd62b343512e0d53796ae38decdf704e203a0cc39,60.16829,24.94214,00000000afef4555,18.79
13986,2019-08-04T11:06:38Z,90da50922eb335c093783f88d74e12fd3316372c836888bd15b2af1b,60.16762,24.95415,000000006b44cce7,17.4
13987,2019-08-04T11:06:38Z,91602a694bc74a2874ba7f02a7bae062a3a77cd869b86a74800415b8,60.17918,24.95141,00000000675d5200,18.79
13988,2019-08-04T11:06:38Z,91a797a1f2e6d4f87b08961f305e3c78b59e06f9a3315df8833869f6,60.16629,24.95957,00000000fb7600be,23.56
13989,2019-08-04T11:06:38Z,92df20d921f76c63470e3f5afbe201d3ae15f5133f66c291db796082,60.16629,24.95957,00000000fb7600be,16.1
13990,2019-08-04T11:06:38Z,93272ad17155ea9499641eda7c5560691582116096278b82738ab21e,60.14699,24.922,00000000a53ed894,14.89
13991,2019-08-04T11:06:38Z,951482f3e2e41b496e34885c346c4a7ab09427178119caa9b8bbcbb6,60.14947,24.91438,000000004ef3150d,23.56
13992,2019-08-04T11:06:38Z,9618703465df0acf2ccedcd7a519bb1146d94e8fb5b310c036a656f0,60.16762,24.95415,000000006b44cce7,16.1
13993,2019-08-04T11:06:38Z,97490f522f1a0226c8f7e8ed7bca08dd71b63d80b46d38020127b868,60.14699,24.922,00000000a53ed894,14.89
13994,2019-08-04T11:06:38Z,9924ed20d6ddee438860f63a9fa1a2cefa7ccfa275d6da3a2008d84d,60.173,24.92524,0000000096918cfa,27.28
13995,2019-08-04T11:06:38Z,998a30ee5f5ff6d2bc9ed04420591e525ded59ad66d09eefa240cc8e,60.16762,24.95415,000000006b44cce7,7.05
13996,2019-08-04T11:06:38Z,998ac46ad73c197bab1f36dca67d8bcaa3aca92249185a5e3715043f,60.17065,24.93641,000000000f4919c9,11.7
13997,2019-08-04T11:06:38Z,9a49d0b5a67fba15ce8971503f6fea88994b33487a842397c5e8564f,60.16762,24.95415,000000006b44cce7,3.4
13998,2019-08-04T11:06:38Z,9aa588cb6f425117e45726b6b9adb7ef86c8f7c8113b547dc61f068a,60.16897,24.95222,00000000aa852af1,16.1
13999,2019-08-04T11:06:38Z,9b24f69458294d27d07a0169665965135fd02f4c953f85bcebf4ba87,60.16762,24.95415,000000006b44cce7,6.46
14000,2019-08-04T11:06:38Z,9b4b0705e58750d2bcbd71ad65d85677f7e77db5dfe69d1a70b5d31f,60.17918,24.95141,00000000675d5200,4.94
14001,2019-08-04T11:06:38Z,9bc91538b73e0220fcf5cd07290c07d56f6f48d3ba0ba6b6b0876da9,60.17065,24.93641,000000000f4919c9,11.7
14002,2019-08-04T11:06:38Z,9bef562c292174f1eb3933116effff74a8733a78e5c1df140de3fd6c,60.17919,24.95181,000000007b5207b6,8.38
14003,2019-08-04T11:06:38Z,9c0b1d2c4c67c07e547e810a94efeaaa1187ae82977e03748470281c,60.16897,24.95222,00000000aa852af1,12.69
14004,2019-08-04T11:06:38Z,9ced7d70503ba24882b6e283fa95ce42e02c1a3618adeb448558c50c,60.16897,24.95222,00000000aa852af1,27.28
14005,2019-08-04T11:06:38Z,9eb1e9bfdceb76ef852f89ebd82139602125f9731b791465e1c21f81,60.16829,24.94214,00000000afef4555,5.41
14006,2019-08-04T11:06:38Z,a0ec1a8d581f94e640a6858a674699d2464ec065e6faea9d4ce2a13b,60.16762,24.95415,000000006b44cce7,5.41
14007,2019-08-04T11:06:38Z,a1439b6683d0598c7a05080c3693a17c198f7b8c3297c77324ef4859,60.16829,24.94214,00000000afef4555,23.56
14008,2019-08-04T11:06:38Z,a25b897b52089b243421b68349d3f15e60ce8249d11c889a4626bfc7,60.18203,24.91341,00000000342570c2,21.87
14009,2019-08-04T11:06:38Z,a2f0adf51cb9d2a5417cc0797183513a8bbcecfbc717a1b63e42027d,60.16762,24.95415,000000006b44cce7,5.41
14010,2019-08-04T11:06:38Z,a30740fbf4b7e21f6fe2996e9325c90936de161cb2165e87cd96fd35,60.149,24.9843,00000000fffb8cf0,5.91
14011,2019-08-04T11:06:38Z,a3664d77633807788598dd8d4a7ba8caba2c31bfdcb6ba83651d4e7e,60.173,24.92524,0000000096918cfa,21.87
14012,2019-08-04T11:06:38Z,a3c1a4a58b9381c27b1d5076e0d8d72039afccfb0e58438a80247324,60.16762,24.95415,000000006b44cce7,4.94
14013,2019-08-04T11:06:38Z,a43bf710535a327abcc01467b69f5bc7209e67e9c0af21e2891fcc2e,60.16762,24.95415,000000006b44cce7,14.89
14014,2019-08-04T11:06:38Z,a44eda7b8ec58e1cd7c078a73c4da7fb0037d59453aa6bfe69b7cbdd,60.16762,24.95415,000000006b44cce7,3.09
14015,2019-08-04T11:06:38Z,a52dfd626680e7a3a2dae9542bbd2ffabf0ddcc1bdc329337b747998,60.17065,24.93641,000000000f4919c9,27.28
14016,2019-08-04T11:06:38Z,a5835ce352a1e6d8fb6bdc410fae1076c756f7dac8e202465add9277,60.16762,24.95415,000000006b44cce7,8.38
14017,2019-08-04T11:06:38Z,a5d632ac8ffc19a626de034d3c9444fd262ee6edada285c816ea9266,60.16531,24.9442,00000000fdda10fe,7.69
14018,2019-08-04T11:06:38Z,a764c2246c85b2b0aa79e581e2fe238da93de098abbb90aee24c11ca,60.16829,24.94214,00000000afef4555,12.69
14019,2019-08-04T11:06:38Z,a7cc1a0b8bbb896ef55043e385a939c97fd5cfaf6d43a4db6c720076,60.16762,24.95415,000000006b44cce7,14.89
14020,2019-08-04T11:06:38Z,a81c19fb85eebf853246cdc4d8e38245dfa5ba15c180eaa1bcc0378d,60.16829,24.94214,00000000afef4555,8.38
14021,2019-08-04T11:06:38Z,a8c4f6feb3636400ed19b5c49ae86a45245705fee6a9f615c191f889,60.16829,24.94214,00000000afef4555,21.87
14022,2019-08-04T11:06:38Z,a957a23e900be8f2b74cce732a382546c540555383e1439c04f9cce9,60.1538,24.95595,0000000038bf9618,36.27
14023,2019-08-04T11:06:38Z,a99331c8ffa6025a6415a70989273c6f629ac5ad321591e5f61d3654,60.16762,24.95415,000000006b44cce7,17.4
14024,2019-08-04T11:06:38Z,aa4547c0b6b8be30776e08d524ceeacfbc9930ad720e11fa4cb20882,60.16531,24.9442,00000000fdda10fe,1.25
14025,2019-08-04T11:06:38Z,aa45859d6157e9e86470ec8b81957acc35bafb1b7f419d79357a38cf,60.16829,24.94214,00000000afef4555,8.38
14026,2019-08-04T11:06:38Z,aaabd3028e2bd9f8b0e3a929c8728cb364551bd70da3208662b12033,60.16762,24.95415,000000006b44cce7,16.1
14027,2019-08-04T11:06:38Z,ab0008c7828a92ac4d00c4c500f15af7b23ecc0ca743d682c9262102,60.16762,24.95415,000000006b44cce7,12.69
14028,2019-08-04T11:06:38Z,ab1377ddf669bb806f8db586f4ce5ab9f0f4257dda61fe800d8509f5,60.17065,24.93641,000000000f4919c9,14.89
14029,2019-08-04T11:06:38Z,ac4679e3db131ec2ea8e1111c8aa0d71020cf8796ecb11f142478394,60.14947,24.91438,000000004ef3150d,8.38
14030,2019-08-04T11:06:38Z,add92af5006cee56f2da79112486b97d5a7c06f12252676b7638064d,60.16762,24.95415,000000006b44cce7,7.69
14031,2019-08-04T11:06:38Z,adf3914eaf1478a77ba35ea49262388e4babe633207748c7608b8780,60.16762,24.95415,000000006b44cce7,11.7
14032,2019-08-04T11:06:38Z,ae2143f0fab3405d38da14312fd801d7d7524534cd3ffeadc631feb0,60.149,24.9843,00000000fffb8cf0,29.32
14033,2019-08-04T11:06:38Z,ae3cda5066e455d4b1e58860e8fb7a35efad69b9964a676b476b0687,60.14947,24.91438,000000004ef3150d,3.4
14034,2019-08-04T11:06:38Z,ae486cedae75a4662da1b7778eb3bffcf45b8cbde0732009df8d0c64,60.16544,24.95398,0000000038d83d41,23.56
14035,2019-08-04T11:06:38Z,b0d6202ccd1560eaf57c06931cb6466332e41068ad2963e515819015,60.17918,24.95141,00000000675d5200,18.79
14036,2019-08-04T11:06:38Z,b2298fc6f63c02481610f9aef24f1a0c1711c255adc43c0fe135c1ca,60.14947,24.91438,000000004ef3150d,12.69
14037,2019-08-04T11:06:38Z,b26d0daac9f8fb84484cbd8ed668aeb6751e848b1c533a307d163360,60.16762,24.95415,000000006b44cce7,3.4
14038,2019-08-04T11:06:38Z,b3266ecf36a984b814e1b2d31b447438bd948a9c116721480104792f,60.16829,24.94214,00000000afef4555,16.1
14039,2019-08-04T11:06:38Z,b50b3c2006581bccfeaa9ea964649350c7d5b8177baa29a37e628584,60.14947,24.91438,000000004ef3150d,36.27
14040,2019-08-04T11:06:38Z,b5cdbcdc30e0bf653ce353c867708b0067db5e394c8cbe848d978a77,60.14699,24.922,00000000a53ed894,9.92
14041,2019-08-04T11:06:38Z,b601cd655bb9f05aa6ec86fc9eb9300c3bc20bc0e856e94ad168a257,60.14947,24.91438,000000004ef3150d,5.91
14042,2019-08-04T11:06:38Z,b61c6a5634cffe7dead72d5f6730e8439bee6dd2286d9df8f3052e3c,60.16762,24.95415,000000006b44cce7,7.69
14043,2019-08-04T11:06:38Z,b67f020b0677cdc52c864f559306fb750cdf47ce2eee6503a3cedb3a,60.16629,24.95957,00000000fb7600be,29.32
14044,2019-08-04T11:06:38Z,b81a9bf449d3e64ad0181804598330bbf305f384b888935023742c79,60.173,24.92524,0000000096918cfa,18.79
14045,2019-08-04T11:06:38Z,b81e65168ea3278486b1c954ab229bc2eda3fe07098e824f05cd0ac4,60.149,24.9843,00000000fffb8cf0,23.56
14046,2019-08-04T11:06:38Z,b8f5834e6b992cf5568ae3153fb4b07e97b7f6dd01250851134c1824,60.149,24.9843,00000000fffb8cf0,17.4
14047,2019-08-04T11:06:38Z,ba288a5fd2befbc9ed08e7876ad7cb2bd8bfe6f5756d2ffe8e2dc558,60.17002,24.94407,000000006b087f40,9.92
14048,2019-08-04T11:06:38Z,bbf7d8b9085ddcd3b94f55f93b52cb40a251c44f5df4099ba5b61471,60.16829,24.94214,00000000afef4555,9.12
14049,2019-08-04T11:06:38Z,bc07df8cc395f6f4f5d483b2233caca5f93a6918f346e4cc3702f8cc,60.16531,24.9442,00000000fdda10fe,23.56
14050,2019-08-04T11:06:38Z,be57346c6a31904c7a3c53b6a9e94df7c93f7f510d3b2ff733d214b6,60.16762,24.95415,000000006b44cce7,13.75
14051,2019-08-04T11:06:38Z,bfa8d7b9def7effb1001889eb2b427ec02b29f8110ef50a4c24f069c,60.16829,24.94214,00000000afef4555,23.56
14052,2019-08-04T11:06:38Z,bfd5c2630b36fde15de01ea74e598d035402cf1edb7c9230617927e0,60.16762,24.95415,000000006b44cce7,4.5
14053,2019-08-04T11:06:38Z,c012e9e2caf1002d24e53817bb1279becdfc4aa9dba085e93ddd88e9,60.17002,24.94407,000000006b087f40,18.79
14054,2019-08-04T11:06:38Z,c239e27b985c23449b6aa84b78560b1b4e535975f3ba059d7987efe4,60.16762,24.95415,000000006b44cce7,14.89
14055,2019-08-04T11:06:38Z,c27fee8ae8d689338b043608280c83cfa6f3276d3837ecea5f742dc3,60.16762,24.95415,000000006b44cce7,5.41
14056,2019-08-04T11:06:38Z,c2cc33e5b1b8d254d4bcbc0ffa13c9200676a39a191cc31a38d28d8d,60.17065,24.93641,000000000f4919c9,8.38
14057,2019-08-04T11:06:38Z,c2d88bc74172eb47d26ee5d739980baa7fc011b9973f9f18b482aa81,60.17065,24.93641,000000000f4919c9,13.75
14058,2019-08-04T11:06:38Z,c2e135ad2c160277e290705658ac41d7cd35b11ebf61d829fdd0b428,60.14699,24.922,00000000a53ed894,13.75
14059,2019-08-04T11:06:38Z,c3a233d5eac10085938aeedca55b9f7474c4373e5f8779ce6dec9682,60.14699,24.922,00000000a53ed894,31.5
14060,2019-08-04T11:06:38Z,c45e3c4e8ec0fc85457d3b4ed4c49ed0116b4cf447e2983f353abcd8,60.16829,24.94214,00000000afef4555,4.5
14061,2019-08-04T11:06:38Z,c5561c3256acd3ed1ac0796b958cdf66cc9da55aa33c5e44a11042ad,60.16762,24.95415,000000006b44cce7,9.12
14062,2019-08-04T11:06:38Z,c55894159f2080031cda702c78ee54463c3c15ab1b3638afdf687f08,60.16531,24.9442,00000000fdda10fe,23.56
14063,2019-08-04T11:06:38Z,c6b0ea433c3fdc73e0bac7e3faa2690506c4e8ec7fc54210446a7ffa,60.14947,24.91438,000000004ef3150d,23.56
14064,2019-08-04T11:06:38Z,c739921adb150c53f1887c6ce887adc6cd7ae7e35e69f6e4dc52fe81,60.173,24.92524,0000000096918cfa,31.5
14065,2019-08-04T11:06:38Z,c7ced11121537f55bcd7d7ab67312226dafe7c85320c5357a35d5ab7,60.17002,24.94407,000000006b087f40,27.28
14066,2019-08-04T11:06:38Z,ca059e63688e1ce2ca655ef3dd651edf02f0dcd4c1d237fc04d29774,60.17065,24.93641,000000000f4919c9,27.28
14067,2019-08-04T11:06:38Z,cb2f32be2e27fc44ead887ff7f76c0199bf68b2c6711e6880f4acd01,60.16762,24.95415,000000006b44cce7,10.78
14068,2019-08-04T11:06:38Z,cb37b8fad0bc758cf37d7ea1052f3a98f29282ae37ec635d6eb2c511,60.16762,24.95415,000000006b44cce7,6.46
14069,2019-08-04T11:06:38Z,cd7d0e9404c9f4e8fab0742460b9acb4d5bbb97f44df80d4a8b973cd,60.17002,24.94407,000000006b087f40,9.92
14070,2019-08-04T11:06:38Z,cddbfc3b0a1459f0ea8d553779cf320d512cac6e64976182f2f0b3b7,60.16829,24.94214,00000000afef4555,17.4
14071,2019-08-04T11:06:38Z,d04b5065ec93818b731141027d11e6a1cf53de69b9737d7aea0c34da,60.14947,24.91438,000000004ef3150d,16.1
14072,2019-08-04T11:06:38Z,d1b77fcfad94da8564d1a85ed1797255531e5ab26cc835800878fb26,60.17065,24.93641,000000000f4919c9,13.75
14073,2019-08-04T11:06:38Z,d2035ce81fa46947bdf02a20f297b2df4144c7c0931db02ab0164fa6,60.14947,24.91438,000000004ef3150d,36.27
14074,2019-08-04T11:06:38Z,d2b816bfc9982b3f48d8baa389dc18ef7a57d3dcba72567b2865e2e2,60.16762,24.95415,000000006b44cce7,11.7
14075,2019-08-04T11:06:38Z,d2fd0c6415d2d8e49fef3415fb8747b524191b4400a4fbb66428cb12,60.14699,24.922,00000000a53ed894,9.12
14076,2019-08-04T11:06:38Z,d3bad9334d128332fc483e10ef1b77c28e5a75ac55be4de71c6b2f9f,60.16829,24.94214,00000000afef4555,11.7
14077,2019-08-04T11:06:38Z,d6a8c97f1ec18c7a90d3beae358bad67f8d53626258a852e15b08c5d,60.14699,24.922,00000000a53ed894,5.41
14078,2019-08-04T11:06:38Z,d71a315bac918f9a18fcd820731e6d9eb54fb0d01c324ca088ef8858,60.149,24.9843,00000000fffb8cf0,25.36
14079,2019-08-04T11:06:38Z,d7b6b8f9e61c0c1181850b8880f319ea2ef58d8a3adac78d63c0d11c,60.16829,24.94214,00000000afef4555,23.56
14080,2019-08-04T11:06:38Z,d82f37918d46bea29e113c6b57b901b1b960ed3337bdcce777aea476,60.17065,24.93641,000000000f4919c9,18.79
14081,2019-08-04T11:06:38Z,d83c1c2d3a3876c948e277bace6d013eafc0c4e118958e138f8b1257,60.16448,24.97323,0000000053c6c2be,21.87
14082,2019-08-04T11:06:38Z,d86f155736e4d36de5d33bdbb3b12b717b75de44852b93419af20945,60.16829,24.94214,00000000afef4555,8.38
14083,2019-08-04T11:06:38Z,d9fe99c157052fce3b37f5128399fac7b857e756ffa220d8bebe5467,60.16629,24.95957,00000000fb7600be,38.87
14084,2019-08-04T11:06:38Z,dabb7edec36f560d07547c2595765be02b0731b3826f93f5c41b7120,60.16762,24.95415,000000006b44cce7,7.69
14085,2019-08-04T11:06:38Z,db45583e1f7aaaf54e100214986dfc86aa755383e86d361639a5b19b,60.16762,24.95415,000000006b44cce7,13.75
14086,2019-08-04T11:06:38Z,db4d3f81708de827ce30c4130610fd65b4d6d451ca5cf6b0c4e745d9,60.16829,24.94214,00000000afef4555,18.79
14087,2019-08-04T11:06:38Z,dc816e92e4a2eceea03f41fc379fda0e3d57b5d0fbd9a06430432022,60.16762,24.95415,000000006b44cce7,12.69
14088,2019-08-04T11:06:38Z,dc82f9648bb5ba21e766e0923f5fa7ca2d77662ab0edbe22a3d95631,60.14699,24.922,00000000a53ed894,9.92
14089,2019-08-04T11:06:38Z,dcbd150d7326dc22a8ab087a0555b9c9549addd07f54aa909aa8ec1f,60.149,24.9843,00000000fffb8cf0,33.81
14090,2019-08-04T11:06:38Z,ddd0e663eb31ac94858d2a4e9af5e4782781e88c92102042190e6fcf,60.14699,24.922,00000000a53ed894,6.46
14091,2019-08-04T11:06:38Z,de48adf9d49eb3bc1d61dea4047618f6c77086fc44bd2b535d56504d,60.16762,24.95415,000000006b44cce7,2.8
14092,2019-08-04T11:06:38Z,de71e27b55ef6f2f51f05838a2fcab596f1dd93a14ece5ce4548f5c7,60.14699,24.922,00000000a53ed894,11.7
14093,2019-08-04T11:06:38Z,e081e4b3252ca91bbf1cbb70faa116d60317fbf3a991a67bc99b4bfa,60.149,24.9843,00000000fffb8cf0,20.28
14094,2019-08-04T11:06:38Z,e0859a9c906151023376d86762070f38ba1b3859e671531b0edac6cd,60.16075,24.95883,00000000f1124bca,25.36
14095,2019-08-04T11:06:38Z,e0d7e8b332ca8514428ab10acf6d3a6b777da62ff8ea3e18d9b32989,60.16762,24.95415,000000006b44cce7,18.79
14096,2019-08-04T11:06:38Z,e0f396cc2b1da411f0b5e36bf3102ea32378a0d38e6b153d3b303bb4,60.16762,24.95415,000000006b44cce7,12.69
14097,2019-08-04T11:06:38Z,e1da87aea335bcd04e4c876158b96ebc7ba4206bc216c3aa27a2f4af,60.17919,24.95181,000000007b5207b6,4.94
14098,2019-08-04T11:06:38Z,e26862fdcdd4688d81b8fe05d1ac94c5f9b3192ddc50d4c66ad12cc1,60.16897,24.95222,00000000aa852af1,31.5
14099,2019-08-04T11:06:38Z,e29168791ccd18013b58845430388cc5aac537e7e1c618aeb78900a8,60.16897,24.95222,00000000aa852af1,13.75
14100,2019-08-04T11:06:38Z,e305610124e16ed1411a221b29ce69a076cc47982efd6c098b0599ab,60.14947,24.91438,000000004ef3150d,6.46
14101,2019-08-04T11:06:38Z,e44d7228cecbdb2474e1cc396a6c13943f09c08c19d0ffab1997d509,60.17919,24.95181,000000007b5207b6,11.7
14102,2019-08-04T11:06:38Z,e53a901aed874016e1cd1ed3e9b2891fca850986cb2fa04f5162cf52,60.16762,24.95415,000000006b44cce7,3.4
14103,2019-08-04T11:06:38Z,e557e164cd52fd817b02cad6587a294d72b0974d9b014ad69ea5e08e,60.17919,24.95181,000000007b5207b6,12.69
14104,2019-08-04T11:06:38Z,e5928057da667903de0b6c1245e1f58273dd85d63d8af0f4eaa771de,60.16762,24.95415,000000006b44cce7,11.7
14105,2019-08-04T11:06:38Z,e5b9b4813c081a31fb498e7f9adb94918c267dfa125c63790c0d9488,60.149,24.9843,00000000fffb8cf0,1.88
14106,2019-08-04T11:06:38Z,e5e14952bf5e52bf1349479a58c0a97d702585889650948d94767608,60.16448,24.97323,0000000053c6c2be,27.28
14107,2019-08-04T11:06:38Z,e675f053b5e39f622f919daf44b8b27ec63646d34ce88f291a97158f,60.16762,24.95415,000000006b44cce7,18.79
14108,2019-08-04T11:06:38Z,e9d59e25b58f33f70aad6832863cb59d7485ca55a1575558f92b74e7,60.16897,24.95222,00000000aa852af1,7.05
14109,2019-08-04T11:06:38Z,ea38d72fbf2215d530a70d6a97dcc603a44b18d4d7ce557a91cb80bb,60.16762,24.95415,000000006b44cce7,11.7
14110,2019-08-04T11:06:38Z,eb261026c6f65b651ddf21bed629a1e164cfb500d0b78062704ec15c,60.16762,24.95415,000000006b44cce7,7.69
14111,2019-08-04T11:06:38Z,eca1a609c675d971fcfba4277d230ccdc2de7805c629b1f5da9cc224,60.173,24.92524,0000000096918cfa,25.36
14112,2019-08-04T11:06:38Z,ecb5655da668bb183a5c270a96927649c323975e318184d248247099,60.16829,24.94214,00000000afef4555,7.69
14113,2019-08-04T11:06:38Z,ede13c9dc221bbc6c1daf78250fa6547303c06d7606c05ba0bf64547,60.17918,24.95141,00000000675d5200,2.54
14114,2019-08-04T11:06:38Z,ee58e3183e0967bff106dcd3894f4688accefe5e721043dd70c1f11c,60.16629,24.95957,00000000fb7600be,23.56
14115,2019-08-04T11:06:38Z,ee81051f10987c5f2ca4f2188c2e87df47f035dfdc62842c4671b11c,60.16629,24.95957,00000000fb7600be,23.56
14116,2019-08-04T11:06:38Z,eea43687eab35d2c386347881796eb1c8279076b9e9642ebc2cd06ac,60.16762,24.95415,000000006b44cce7,3.09
14117,2019-08-04T11:06:38Z,ef15ff71b7dc4c2088249a4fca7e28900ae315245a7a3b4d571bf582,60.16829,24.94214,00000000afef4555,11.7
14118,2019-08-04T11:06:38Z,ef33ccdfcdb12920eabb3306e0f86dc7e6060a5d3864b03e2de7e1ef,60.16897,24.95222,00000000aa852af1,10.78
14119,2019-08-04T11:06:38Z,ef45fdc095ee55730384922266d8fce61de212d3c3df2441ea10e524,60.14947,24.91438,000000004ef3150d,25.36
14120,2019-08-04T11:06:38Z,ef5e495c5f9d3dd9eb22ed5b8faf1cc9e4225d4785ebb26a87d16fff,60.14699,24.922,00000000a53ed894,4.94
14121,2019-08-04T11:06:38Z,f04251ace2b79d56bee25fce26175de1bea524d390dd5cdb6b2652a8,60.14699,24.922,00000000a53ed894,21.87
14122,2019-08-04T11:06:38Z,f110acae92fec55c6caca5de864773a6b99e5b8d6e2fdf8d1bdbc759,60.16762,24.95415,000000006b44cce7,4.94
14123,2019-08-04T11:06:38Z,f11c02cbebb4049a29f10d2ee6aac8a9ca3b7b9609a39d69463461a1,60.17065,24.93641,000000000f4919c9,25.36
14124,2019-08-04T11:06:38Z,f15bd66e4c0cd72c6b1ba575d523d7878c30a781e6907b19d228368f,60.16762,24.95415,000000006b44cce7,25.36
14125,2019-08-04T11:06:38Z,f196f5f8c08299d290b3bac1944e00bb1f2c90594db66438b0c10e6e,60.16629,24.95957,00000000fb7600be,13.75
14126,2019-08-04T11:06:38Z,f1d44b9d3710849eba7eab0b6646053378aa5f8ee3491ec2522f3c44,60.14947,24.91438,000000004ef3150d,11.7
14127,2019-08-04T11:06:38Z,f2467c8ede6444941158701b7bd9d005beec9ffdb355ce2d8c7a9bfd,60.149,24.9843,00000000fffb8cf0,23.56
14128,2019-08-04T11:06:38Z,f43b8b2cf2c0bd291543858796d75b211d283ab73dcab5ad5dfd0aeb,60.16897,24.95222,00000000aa852af1,20.28
14129,2019-08-04T11:06:38Z,f4b9fc6acb673aea24fe00dfbe806b81fedab0c2ea82d781f7659ce5,60.16762,24.95415,000000006b44cce7,2.54
14130,2019-08-04T11:06:38Z,f5ffa3dbcdd5592ac31344cb04a7a6d639109a4d6e196fa0df3990dd,60.17065,24.93641,000000000f4919c9,17.4
14131,2019-08-04T11:06:38Z,f616fbd0fde8316049c3068ae4368dc9f486f8da4bf5516e9ba82578,60.16897,24.95222,00000000aa852af1,16.1
14132,2019-08-04T11:06:38Z,f62b86ef56fa9417b0128f2fff6530aed6f2a50d3f65bbbfdcbbee59,60.16762,24.95415,000000006b44cce7,13.75
14133,2019-08-04T11:06:38Z,f78ef2ddbe48b534137498eab56c0a55ec0e0b1d8868e82cb5652a0e,60.14699,24.922,00000000a53ed894,10.78
14134,2019-08-04T11:06:38Z,f7be7d003528c0c0827040a3a3723e49406a5a7c86cb4bc568a830db,60.17002,24.94407,000000006b087f40,25.36
14135,2019-08-04T11:06:38Z,f855918d61069661cbf8633b228a5fb9e5cd5ea7b2946bfc5b9fc315,60.16829,24.94214,00000000afef4555,14.89
14136,2019-08-04T11:06:38Z,fa7594968b834a0d1060ee249e05338446068c7bcfc0800a6f73af06,60.14951,24.92138,0000000006dd41f6,27.28
14137,2019-08-04T11:06:38Z,fb37b263777ffcf7fe1fb6484821cae2b8beb03b5f5009109748dedb,60.16762,24.95415,000000006b44cce7,7.69
14138,2019-08-04T11:06:38Z,ffb7319984ecae155652e100da9b204f0b92f3b6c7239cfea4dcf966,60.14699,24.922,00000000a53ed894,25.36
14139,2019-08-04T11:06:39Z,0152988639aaaa9cc27213280c8f0c0c8ec97ae6a45aaaf743c9c25d,60.16544,24.95398,0000000038d83d41,27.28
14140,2019-08-04T11:06:39Z,048a4191e2e9ce1733556eda54c4123345c70aeced0f8ecf7d52b916,60.14699,24.922,00000000a53ed894,21.87
14141,2019-08-04T11:06:39Z,09ddbf38333e76a79fd836112bd8c3f8bf7f3dadfb3d49945ad4c486,60.16897,24.95222,00000000aa852af1,6.46
14142,2019-08-04T11:06:39Z,1142f5b6806b1ec7d8d47d47013eb530d8a7418f6934d8867b20966a,60.16829,24.94214,00000000afef4555,18.79
14143,2019-08-04T11:06:39Z,128f1b89d7a534aa206a7823b692594bbd4d349761baa04c0fc72f2c,60.14947,24.91438,000000004ef3150d,13.75
14144,2019-08-04T11:06:39Z,14c7e1511b70f4dd3359cbece1377aebb4d70531f5489eefe53d7c3c,60.16544,24.95398,0000000038d83d41,23.56
14145,2019-08-04T11:06:39Z,16c994bb2e24124a910c247376d16e980a65626a94c4c0aaab27df60,60.16829,24.94214,00000000afef4555,17.4
14146,2019-08-04T11:06:39Z,25a7ff811c3c06e426c7c2cbb0433d9a2a3399b23afecbd35584ab0f,60.18203,24.91341,00000000342570c2,9.92
14147,2019-08-04T11:06:39Z,269109af99b12861eeb19ab8698033d9c00895687da47af3f4310e9d,60.16762,24.95415,000000006b44cce7,7.05
14148,2019-08-04T11:06:39Z,3fe5f4ccfa5c777ceafda0674d7c9da6f509f6694b4c2fa254b32e73,60.16897,24.95222,00000000aa852af1,17.4
14149,2019-08-04T11:06:39Z,43b676ed3aef4c2d8846694817e76117873be52e7f788e0cb366c1c4,60.16629,24.95957,00000000fb7600be,25.36
14150,2019-08-04T11:06:39Z,4656bad9b5e6dfc3977eca308fc1db3dbf8b0204b90d09b001da242e,60.1638,24.96846,00000000d747f075,20.28
14151,2019-08-04T11:06:39Z,5d65719c4cbf045f068d084b72302f447d5fd034413d97d13be00d0e,60.18203,24.91341,00000000342570c2,20.28
14152,2019-08-04T11:06:39Z,5d8331ad0aa9ed944e254be7e373a7f29e3fb9a6db11eb92f896ad01,60.173,24.92524,0000000096918cfa,27.28
14153,2019-08-04T11:06:39Z,5eed115a984d490b02b602d73787aee8dc8c4e9365b77fbff3818a76,60.16629,24.95957,00000000fb7600be,23.56
14154,2019-08-04T11:06:39Z,69219e9efa41ae9e732653e9eaf08e1a34cb853a9dafe76ddeea4d04,60.16897,24.95222,00000000aa852af1,27.28
14155,2019-08-04T11:06:39Z,6a70e2fbced719333e21eff04fcb9cb36bae9a04d1a3d6ddd96f2c58,60.15432,24.9211,0000000019fb59c4,4.94
14156,2019-08-04T11:06:39Z,87dfaad29a9276ddddb1fa021d3bc23ad14824c1af16f7d87e713689,60.14951,24.92138,0000000006dd41f6,11.7
14157,2019-08-04T11:06:39Z,88808fe92573e9cdf022cc15b9689b6b4b9429f60513c8897b0ba4c7,60.16897,24.95222,00000000aa852af1,16.1
14158,2019-08-04T11:06:39Z,8c3b1ed0846e38cc84b863a80540c8a75bfd85c8bdda36563d153110,60.16544,24.95398,0000000038d83d41,21.87
14159,2019-08-04T11:06:39Z,8c75c3289c84fe4493e1e272a77b615fe1985880c5dc68a7c1a17b53,60.16762,24.95415,000000006b44cce7,14.89
14160,2019-08-04T11:06:39Z,92aae21a6e0dd2ff71fc591b64e878502bd4677b64ac413632e9f7c6,60.149,24.9843,00000000fffb8cf0,16.1
14161,2019-08-04T11:06:39Z,9843c6216661048343a0e49cf3d8aa2883cf77f452666a1c873a1052,60.16448,24.97323,0000000053c6c2be,25.36
14162,2019-08-04T11:06:39Z,9992834418850939882f3b334eee492eb98d4f9d6d6118f9ee108793,60.16762,24.95415,000000006b44cce7,4.11
14163,2019-08-04T11:06:39Z,9c8556ea519835172f09c20e7688066eeec8e7f74a0c6fa3df3d9c5f,60.16829,24.94214,00000000afef4555,25.36
14164,2019-08-04T11:06:39Z,a13e5d46f0a2d1c6b58878e1b198905e9b14e3a85b5e4adab88b4b87,60.16762,24.95415,000000006b44cce7,8.38
14165,2019-08-04T11:06:39Z,a3758affe1deba4cd791b32946ddeaa26af8b554e4b9673dd258f229,60.1638,24.96846,00000000d747f075,33.81
14166,2019-08-04T11:06:39Z,a91d379a4b57c5df22db0d7a041ff69f657b4b31f28554b1011fc03c,60.16544,24.95398,0000000038d83d41,31.5
14167,2019-08-04T11:06:39Z,b936e41d8712ae967f3ebb413fc44f060bb10613f95537757886ede2,60.16762,24.95415,000000006b44cce7,10.78
14168,2019-08-04T11:06:39Z,c54f2dd0590c650ad3e52a68193db3173db5e74f90f69faa1e2d6bb0,60.16762,24.95415,000000006b44cce7,7.05
14169,2019-08-04T11:06:39Z,c97eb4181394121907d47b908495f54e5ee5145ff790f7a1dc21b3cf,60.16897,24.95222,00000000aa852af1,11.7
14170,2019-08-04T11:06:39Z,ca6927628f5ddda20036865c9345ad93d476d62ade3b181de568eed6,60.16897,24.95222,00000000aa852af1,20.28
14171,2019-08-04T11:06:39Z,cf05623e4d87ce0906c0b0b7dbf53aacc1228016cd27c341228b6e76,60.18203,24.91341,00000000342570c2,18.79
14172,2019-08-04T11:06:39Z,cfc0bedb78ded52749db3188cb188bf6a250ef5990da9c5afa9623fc,60.14951,24.92138,0000000006dd41f6,18.79
14173,2019-08-04T11:06:39Z,e224ae5ea47af2e3048f83b13a1f45dc135c0ca6be72547b01729086,60.1538,24.95595,0000000038bf9618,16.1
14174,2019-08-04T11:06:39Z,e6af35ebe4c87f166821f11fad668537305c0f52d192e9c4d308eaa9,60.16075,24.95883,00000000f1124bca,31.5
14175,2019-08-04T11:06:39Z,e8690c2d1711bc10f2d1251a3b5b1e770b98c66c384760400c604de1,60.16829,24.94214,00000000afef4555,25.36
14176,2019-08-04T11:06:39Z,e8e366e76c97944e23c0f80b4fd3ce6e5832744922297146a49f0c7e,60.16762,24.95415,000000006b44cce7,12.69
14177,2019-08-04T11:06:39Z,ed70dda6b7faebd4340dacdb452ab224d9d3c308df417b7fa76f54e8,60.14951,24.92138,0000000006dd41f6,21.87
14178,2019-08-04T11:06:39Z,f088630d7476dae7d4b7e2bb1f10575f2c89acb4b6e061f3d57c2b40,60.16531,24.9442,00000000fdda10fe,21.87
14179,2019-08-04T11:06:39Z,f30a5193aa7850aac581b8dd71512a8712c96f36fdef78d8292d4788,60.16762,24.95415,000000006b44cce7,4.5
14180,2019-08-04T11:06:39Z,f31cfded6f566f9c032c80c52ea642407be312c5d42521ab7a8d3e2a,60.16897,24.95222,00000000aa852af1,18.79
14181,2019-08-04T11:06:39Z,fc4f3a44235f1cfc7b53f14ba2da599976a5a0a220d23b852688e485,60.17919,24.95181,000000007b5207b6,9.92
14182,2019-08-04T11:06:39Z,0236a1d5b9b9d2249407a79705eee38de360ceb0530a8959ba5bc15b,60.149,24.9843,00000000fffb8cf0,29.32
14183,2019-08-04T11:06:39Z,02a354db29cd5bc16976a9d933e03a41be350f9cc78098829a7dcfd4,60.14947,24.91438,000000004ef3150d,20.28
14184,2019-08-04T11:06:39Z,03204cdd97728dc59f21f215f75460ac8fe2fa56720a88e869c6f56d,60.16829,24.94214,00000000afef4555,20.28
14185,2019-08-04T11:06:39Z,0625280cf414aa015aa8b4d504d6fc74879a1144b913e254fec5db9d,60.16762,24.95415,000000006b44cce7,18.79
14186,2019-08-04T11:06:39Z,0656a0c0a353f164b57fbdd9e648d71fab429964d97ed07ab2c5dc30,60.18203,24.91341,00000000342570c2,16.1
14187,2019-08-04T11:06:39Z,07505f028a552fd4183a9d7a436db18ae89a2dfeff0cdea93dcbe920,60.16762,24.95415,000000006b44cce7,10.78
14188,2019-08-04T11:06:39Z,07d9aa9fe10e58c26960ba10eb2f13607a7cea0226acaecbdcc52508,60.16762,24.95415,000000006b44cce7,14.89
14189,2019-08-04T11:06:39Z,0934f41ee040b3f13c700adbb45398901bfbd922fcb8b2751b4da4cd,60.16762,24.95415,000000006b44cce7,23.56
14190,2019-08-04T11:06:39Z,096c3b0de1dab1407cd4d3330546404c0d62ce025924420496380f89,60.16762,24.95415,000000006b44cce7,9.92
14191,2019-08-04T11:06:39Z,0a949aafc0be15c68d73a5dd186d726aa6b921f44303a712ac6ddcb8,60.16762,24.95415,000000006b44cce7,8.38
14192,2019-08-04T11:06:39Z,0ac16900b358cad98786869efa2fa39aa96eacf36f9249051cce0e88,60.16448,24.97323,0000000053c6c2be,29.32
14193,2019-08-04T11:06:39Z,0b45b52bc137c31ce83561c857f809296ec70f5537976a4a4d573d4f,60.16829,24.94214,00000000afef4555,21.87
14194,2019-08-04T11:06:39Z,0b49dcea1b7eab22f4ebd0c7666ded5b59fe092b8bdd4aa9eda6326d,60.16762,24.95415,000000006b44cce7,4.11
14195,2019-08-04T11:06:39Z,0c959027ce302054b09087cac97a83aa7e24fb9e4fa2710763f912cb,60.16829,24.94214,00000000afef4555,2.54
14196,2019-08-04T11:06:39Z,0d2490ed58c11eb4a754a30cc4bcb21c7243d322a2caf7cc360e4e8c,60.17065,24.93641,000000000f4919c9,25.36
14197,2019-08-04T11:06:39Z,0e9170bc93107bf16cd12839eca9ea157f19169d66085e8a435b0f1d,60.16762,24.95415,000000006b44cce7,21.87
14198,2019-08-04T11:06:39Z,0fd26c6e46f4d73b276223942e56c38bc9b8e4566239f8a77261657b,60.17002,24.94407,000000006b087f40,29.32
14199,2019-08-04T11:06:39Z,117b6ba38be2f875c85c9c048106db4d2dbce58629a807d7d7773b6c,60.16762,24.95415,000000006b44cce7,14.89
14200,2019-08-04T11:06:39Z,11b12f1f758edcadcaf0a6209c7a61dbeafc5859c55074a1b1fb5f12,60.16829,24.94214,00000000afef4555,20.28
14201,2019-08-04T11:06:39Z,1327ce24f157334f864f913637993c80380ce5f5c911e4b0d31c5eb7,60.149,24.9843,00000000fffb8cf0,2.3
14202,2019-08-04T11:06:39Z,13b0a8ca1414d7b2b0e8d5f80069a5d26c6f62a68b58eda25a4b85f4,60.16829,24.94214,00000000afef4555,20.28
14203,2019-08-04T11:06:39Z,1556d4a76070c26554efa12b4b9c53766a4cc394e8b74ee37f2fff65,60.17065,24.93641,000000000f4919c9,9.92
14204,2019-08-04T11:06:39Z,169c77f0d714e38eb1e798b14fa42ce3fefb0ec1d6f9e93a38a872f1,60.16762,24.95415,000000006b44cce7,9.12
14205,2019-08-04T11:06:39Z,182e58bd6c3c8d836225d454a878bc55d8ed5166564a22f8b635f6ff,60.14947,24.91438,000000004ef3150d,12.69
14206,2019-08-04T11:06:39Z,18adae8b6603c177e817d1e3b9ec79fcc0292682660b31bebc965a23,60.16762,24.95415,000000006b44cce7,13.75
14207,2019-08-04T11:06:39Z,1921be9815a57f11f291ca085add7b4bf1d044518b03b725df7cf7d5,60.149,24.9843,00000000fffb8cf0,27.28
14208,2019-08-04T11:06:39Z,19db84758eba08a5f9bb56b0ff91d05286765c8e8dfa31bd0b2aaa1c,60.14947,24.91438,000000004ef3150d,5.91
14209,2019-08-04T11:06:39Z,1a9a0f74c353624c42c19c007e82c9c2547b7285d8353d0e375e3f05,60.14699,24.922,00000000a53ed894,10.78
14210,2019-08-04T11:06:39Z,1bff3cb3b9be59366fdf8adbbc677a4dfbf8e116bf330c3435bc63c2,60.16897,24.95222,00000000aa852af1,29.32
14211,2019-08-04T11:06:39Z,1c38009e9b89bd8b0d6744bf54ebae9a8ad2dc2868cdfc3f2e399509,60.16829,24.94214,00000000afef4555,9.12
14212,2019-08-04T11:06:39Z,1ce242f8d8220cd38bf3ea9138c99ae9b2f79b28e68edb864f090ec9,60.149,24.9843,00000000fffb8cf0,8.38
14213,2019-08-04T11:06:39Z,1e3efbe25e19c47f81e4c501d1fd56cf506c3da4b57b10fc8c953dd5,60.16762,24.95415,000000006b44cce7,14.89
14214,2019-08-04T11:06:39Z,1f6e5095c2c365e120a526c9111895459bc08fb351b964a350cdb64f,60.16762,24.95415,000000006b44cce7,11.7
14215,2019-08-04T11:06:39Z,1fa2c533bba37b249a0105001153733e67a559d40c22cab67f135f64,60.14947,24.91438,000000004ef3150d,17.4
14216,2019-08-04T11:06:39Z,2136558e0a9a89ed5aa044485a8e31bff3b7e5acf38c645a06782afd,60.16448,24.97323,0000000053c6c2be,25.36
14217,2019-08-04T11:06:39Z,227b93698b29687beea48184f42aab63a21fa362af7251be32db2e15,60.16531,24.9442,00000000fdda10fe,3.74
14218,2019-08-04T11:06:39Z,23b7c1b09dfbcbf722a4c48303dd0435cf9885a516d5eebb6538844f,60.16762,24.95415,000000006b44cce7,11.7
14219,2019-08-04T11:06:39Z,2535cb5c89ec66044a005b03dd769ca8d0022164a816c06db0e49892,60.16762,24.95415,000000006b44cce7,5.91
14220,2019-08-04T11:06:39Z,2671a156fa8d8bb05970481c8f83bcf9f261f73dae27f2bb9ac88aeb,60.14699,24.922,00000000a53ed894,17.4
14221,2019-08-04T11:06:39Z,26a4ff30aad95332c4b603e9e728a10486413889de9d2c4573524923,60.14699,24.922,00000000a53ed894,20.28
14222,2019-08-04T11:06:39Z,27052b4dc21318eee25b7afdbe088c8d15e13ec11ac339166b209e58,60.18203,24.91341,00000000342570c2,33.81
14223,2019-08-04T11:06:39Z,2724e42551f43106ea58a8fcc6a43953baa1294cd65e17a90012f706,60.17065,24.93641,000000000f4919c9,0.59
14224,2019-08-04T11:06:39Z,28741c2e5e348fe81dec0518a21c0930c98a25b6fcece61a262d50de,60.14699,24.922,00000000a53ed894,9.12
14225,2019-08-04T11:06:39Z,28e8a4ccd08ea244e028ee358d7ae5359a02107234c2cafd1415ccec,60.16829,24.94214,00000000afef4555,21.87
14226,2019-08-04T11:06:39Z,296a0ffe230305a3d37818a0369b56c99dacdd5df5a161bf238e1084,60.16762,24.95415,000000006b44cce7,4.11
14227,2019-08-04T11:06:39Z,2977d3c4f181abb6662adf1d466a62167e2690a9c94dc53e5aa6a904,60.16762,24.95415,000000006b44cce7,7.05
14228,2019-08-04T11:06:39Z,29b5f09785ef76627c2a3f043e1182d11fbd3a465422544c7478aa1c,60.16897,24.95222,00000000aa852af1,20.28
14229,2019-08-04T11:06:39Z,29f5adc4d67413b7d368e8e94a41cf48339e3f5f0903f660170c4fe8,60.17918,24.95141,00000000675d5200,12.69
14230,2019-08-04T11:06:39Z,2a80aed2c40e7e70ca12152ac812abd79aa1d13efcec25a6d3395136,60.16762,24.95415,000000006b44cce7,8.38
14231,2019-08-04T11:06:39Z,2bade3cfae68c5f3e9df9c6f8327c0cbd36d37a09ade6c16bfb24289,60.16829,24.94214,00000000afef4555,23.56
14232,2019-08-04T11:06:39Z,2bbd3ab96fbdc70aeeb702eec09ad635ef2e72885baf7c23ad48b654,60.16762,24.95415,000000006b44cce7,16.1
14233,2019-08-04T11:06:39Z,2c85e4140ca0ba77c3598ceac05eb2c2342409ce8111c863fc58c606,60.16829,24.94214,00000000afef4555,8.38
14234,2019-08-04T11:06:39Z,2d0349a4148a147b05e00cd46c137dd208ba2a8ce9327b493615f1a6,60.16829,24.94214,00000000afef4555,9.92
14235,2019-08-04T11:06:39Z,2de87ef94604fb63bec05eefb71b6cdd0b9807f8551159c2a35e7259,60.17065,24.93641,000000000f4919c9,4.94
14236,2019-08-04T11:06:39Z,2e6e6f89a7d75f0742d016de203c9acc8d6f6bdeb7b56bd12f482653,60.15432,24.9211,0000000019fb59c4,9.92
14237,2019-08-04T11:06:39Z,2f83e4cad2d924faecb3def25f54727f3e612bc5040c493dd6eccb1d,60.16897,24.95222,00000000aa852af1,31.5
14238,2019-08-04T11:06:39Z,2fe2e4165984d7880628aec591ce4747f18947da70312e6afca2946b,60.14699,24.922,00000000a53ed894,29.32
14239,2019-08-04T11:06:39Z,30bee351808d5e8082ce012b57f5bc0efc80f8394491a182e0eeee32,60.17918,24.95141,00000000675d5200,20.28
14240,2019-08-04T11:06:39Z,31659a798f1d780d587f07390c038a78fafa6cabb8180dba635863ce,60.17002,24.94407,000000006b087f40,18.79
14241,2019-08-04T11:06:39Z,32f77f5019e5fce30881c214487361e2e34b8c93277f6e546de72012,60.1638,24.96846,00000000d747f075,20.28
14242,2019-08-04T11:06:39Z,3417d8a6b53687e70f126ebeb1d26a2ff6369dc9a551c3c35c5a04f9,60.17002,24.94407,000000006b087f40,14.89
14243,2019-08-04T11:06:39Z,34cf37df412ff36df19ebe47ecdd31e5a22355a1fa723a748ac901fd,60.16762,24.95415,000000006b44cce7,7.05
14244,2019-08-04T11:06:39Z,3512bf26a0a9e7475c2b0fae94e1eeac7dfa237db81ed1f40ce18825,60.149,24.9843,00000000fffb8cf0,33.81
14245,2019-08-04T11:06:39Z,35f337dd3baf0bc08002ec007d609b685ac29bb2a8bcad6783532a6b,60.16829,24.94214,00000000afef4555,21.87
14246,2019-08-04T11:06:39Z,3670a148a52771f0ff5af161725f65b86873c09eea1a7697861c0438,60.14699,24.922,00000000a53ed894,21.87
14247,2019-08-04T11:06:39Z,374083907dd8980893623726af5633afd59b519c885ad12ba5c674eb,60.17002,24.94407,000000006b087f40,16.1
14248,2019-08-04T11:06:39Z,38561a086c97342a24583c26b33205da50e3e973a8147fe016a4a9ff,60.16829,24.94214,00000000afef4555,5.41
14249,2019-08-04T11:06:39Z,386dea4944e0b83648b4b6faf510fd47b0e9e29a2bb9311fe8a80ee2,60.17918,24.95141,00000000675d5200,8.38
14250,2019-08-04T11:06:39Z,38fe4d3136f12b444ebe10b0db89d752ecc9527c799d1dbb1a3f12e1,60.1538,24.95595,0000000038bf9618,33.81
14251,2019-08-04T11:06:39Z,395134265ad60f36cbb21b92db8d3db4d07bd71836d174cbf1a09224,60.16829,24.94214,00000000afef4555,12.69
14252,2019-08-04T11:06:39Z,3991e38309311c3fd5aecdcf3290274a5742396d989a81387bf154ae,60.17002,24.94407,000000006b087f40,31.5
14253,2019-08-04T11:06:39Z,39d87e6f6d7c2e802e8491b1b7e4a1357dd040cdd28dabae3138d99a,60.16629,24.95957,00000000fb7600be,21.87
14254,2019-08-04T11:06:39Z,39e2f2a7b03cda9f877366363a3727edfefd16d2221e752dafc33634,60.17002,24.94407,000000006b087f40,25.36
14255,2019-08-04T11:06:39Z,3ac9d056b0f04f774b238a125eb996d46437f7a8c5f6ba6712e971cf,60.17918,24.95141,00000000675d5200,7.69
14256,2019-08-04T11:06:39Z,3b355c039877bd4883845f3fc6ad8dd6f41f170274042f1397585680,60.149,24.9843,00000000fffb8cf0,13.75
14257,2019-08-04T11:06:39Z,3b5030adc7c303403a6333a1a6d35474c2f21c1d20ece72180660423,60.14947,24.91438,000000004ef3150d,16.1
14258,2019-08-04T11:06:39Z,3f5d3aed90718f7fb8e8a13ac7002718cc22cbe190beb96821ba52e6,60.17065,24.93641,000000000f4919c9,14.89
14259,2019-08-04T11:06:39Z,3f67c6713a6cca446a46616c9970c7a2ddffb03f21e10c8ea9b2f380,60.16897,24.95222,00000000aa852af1,23.56
14260,2019-08-04T11:06:39Z,3fde075082af3062c2bebc5e09ad55bda3de70b5f492bdfb21f284c9,60.173,24.92524,0000000096918cfa,33.81
14261,2019-08-04T11:06:39Z,40d64df305477f26745a445a97098d36570a8e02616b93a3f562bb21,60.16629,24.95957,00000000fb7600be,17.4
14262,2019-08-04T11:06:39Z,411febba567281e3da6030aa21191fe5efdd090f54aec41ca291563a,60.16897,24.95222,00000000aa852af1,29.32
14263,2019-08-04T11:06:39Z,41fffd70db0364ae9e08f76f74848590a4ed6784433df3a7ff00d7a5,60.16762,24.95415,000000006b44cce7,12.69
14264,2019-08-04T11:06:39Z,430248827311f2a35f35eddf73299c91aca3dbf8e22471fff5844932,60.16544,24.95398,0000000038d83d41,25.36
14265,2019-08-04T11:06:39Z,43d8c869f8bf0d7c3d876015bbc5de703fe705613be55538351ba02d,60.16897,24.95222,00000000aa852af1,27.28
14266,2019-08-04T11:06:39Z,44703b8dd01d3bd79585c9c7e12217e1ac152f86e2b0c9ed6be4bc19,60.16544,24.95398,0000000038d83d41,16.1
14267,2019-08-04T11:06:39Z,4472fa277123afabdf2402fc2a3c5bff2be437e6d56b590278de70fc,60.17065,24.93641,000000000f4919c9,27.28
14268,2019-08-04T11:06:39Z,448f6044c6c095d8c71341a0017dd6746f6e150f03af7c78b794308f,60.16762,24.95415,000000006b44cce7,7.69
14269,2019-08-04T11:06:39Z,44d01b24bde0f8031d7cf15bb66e661ad9bd92807f3213fabf920fa1,60.16762,24.95415,000000006b44cce7,17.4
14270,2019-08-04T11:06:39Z,465eab28635efe98500085ceb161cf941d02272a0107fbbfb2203c29,60.16829,24.94214,00000000afef4555,6.46
14271,2019-08-04T11:06:39Z,46b81e0dd10fe05195c050bacd41d57feeca0e044b6b317ac22a8656,60.16762,24.95415,000000006b44cce7,11.7
14272,2019-08-04T11:06:39Z,47cd1dcac88434ffdc4b868e7f1d8d8a604700564bc83a7c0a3928be,60.16762,24.95415,000000006b44cce7,4.94
14273,2019-08-04T11:06:39Z,47f787c639f2eed345eb5dca409ffcd989850399a1ab781500dd6e82,60.17918,24.95141,00000000675d5200,4.94
14274,2019-08-04T11:06:39Z,4833b1ea4f519407574f5a838d93a39de28c756c5f53de7ee273b577,60.14947,24.91438,000000004ef3150d,8.38
14275,2019-08-04T11:06:39Z,49084ae4b6419be9e7bb0c9b1420142e07d6ac3c17c07c26895461ed,60.16829,24.94214,00000000afef4555,13.75
14276,2019-08-04T11:06:39Z,4954540aca30f8f56f918178fbd53ee48ddef7a231d425061f6b2f6f,60.18203,24.91341,00000000342570c2,21.87
14277,2019-08-04T11:06:39Z,4a54cbed9c373a4136f8851f3f5736eb2fadd5766d316eb5ebbdd231,60.17918,24.95141,00000000675d5200,8.38
14278,2019-08-04T11:06:39Z,4a912b6c106b63933a8c9cc39598823bcb2c94d4b1cc8a5d55cb3972,60.16829,24.94214,00000000afef4555,8.38
14279,2019-08-04T11:06:39Z,4b5b3e8f2b484bc08b196c265f65c70151bd69f6263318eb29125db2,60.16829,24.94214,00000000afef4555,10.78
14280,2019-08-04T11:06:39Z,4cf634fc84e128c3b9bce07a4b726d136e18f0eea4229fdbb48f6db1,60.16897,24.95222,00000000aa852af1,12.69
14281,2019-08-04T11:06:39Z,4d31b0561dbfc9ef5acbd44ba92acb4ca7bad86b948634f005173ece,60.14699,24.922,00000000a53ed894,9.12
14282,2019-08-04T11:06:39Z,4f64a0a452cd28e15e79c60cbb361761817de946431b04ad87c6d513,60.16897,24.95222,00000000aa852af1,17.4
14283,2019-08-04T11:06:39Z,508ee0778f7d5571ac4aa05211272911339b293ff62069f14cd4aa0a,60.16897,24.95222,00000000aa852af1,23.56
14284,2019-08-04T11:06:39Z,51789c3026ccfe7e846e44fcd833d006941c2789b9693c77df5a7c98,60.16762,24.95415,000000006b44cce7,11.7
14285,2019-08-04T11:06:39Z,52c7e30dd19b4e037fdee5b80dfcb2fa85be4a3f1d132c2fea1cfe90,60.16762,24.95415,000000006b44cce7,25.36
14286,2019-08-04T11:06:39Z,52daa31a2b3c1c07f78d96ebb4de3a965da5ef0a8035afbd0f7451fb,60.16531,24.9442,00000000fdda10fe,13.75
14287,2019-08-04T11:06:39Z,542a405b620e6d166ecc5eadd979b3936d831cea3aa7b75316adb4ca,60.16897,24.95222,00000000aa852af1,12.69
14288,2019-08-04T11:06:39Z,54d53f276563f566e1cd61b100408412cf78b4fe9fcada830aa6e23b,60.14947,24.91438,000000004ef3150d,12.69
14289,2019-08-04T11:06:39Z,5518b2315c236d486c7a5a4fc27c44987672b2f9a0751ffdaa9cbf78,60.16829,24.94214,00000000afef4555,7.69
14290,2019-08-04T11:06:39Z,56101419005237b836e4ed14d91dfa6f9edc4c92b5fcb419943897bb,60.16762,24.95415,000000006b44cce7,6.46
14291,2019-08-04T11:06:39Z,56318cc7f3616fceec2564cbb1f6ca8b88ea861935a1ada93aafd7b0,60.16897,24.95222,00000000aa852af1,16.1
14292,2019-08-04T11:06:39Z,565a35900ed1794a9d566f6fc12f2710875a10eb7c8e6fa0ddd92626,60.14699,24.922,00000000a53ed894,18.79
14293,2019-08-04T11:06:39Z,571934189bf349efb6f596e76c21612cf9b82ed44913090169936048,60.17065,24.93641,000000000f4919c9,23.56
14294,2019-08-04T11:06:39Z,586f70961bf72597ce00f89d3602178ecc6ac8838a8acec48bba7f9f,60.14699,24.922,00000000a53ed894,10.78
14295,2019-08-04T11:06:39Z,58c5faa3a5a33380286fc185676e8f2764cdde5a6dc9f43eee9d3b0c,60.16448,24.97323,0000000053c6c2be,23.56
14296,2019-08-04T11:06:39Z,58ee8fd47328b1c696ec343920f2c0353d19a915924eb6f6f2638e56,60.16762,24.95415,000000006b44cce7,4.5
14297,2019-08-04T11:06:39Z,59b87e6921598d25b092b66e140328fa03c9f06fe4e697dd344f378a,60.17002,24.94407,000000006b087f40,18.79
14298,2019-08-04T11:06:39Z,5a730ea19664020323272509e5443616ea3f1cecd7b295e294be4ba7,60.14947,24.91438,000000004ef3150d,16.1
14299,2019-08-04T11:06:39Z,5b1df59a8f10fc0c1548e114caf6a457ff880d853d529f675372b0b0,60.16762,24.95415,000000006b44cce7,12.69
14300,2019-08-04T11:06:39Z,5d9aa6fcb0d81ceaa80ca13cc08a88138be517656646e0ba0942ce46,60.16897,24.95222,00000000aa852af1,16.1
14301,2019-08-04T11:06:39Z,5e0289eb3bdaad8fcb5f57629501df80b5925a8829d5d1fdeb73caae,60.16629,24.95957,00000000fb7600be,21.87
14302,2019-08-04T11:06:39Z,5f3c118283debaff79aa5ba3531ee60ed7acde83ed3e687f88762385,60.16762,24.95415,000000006b44cce7,21.87
14303,2019-08-04T11:06:39Z,5f5805a3ffd092506452c4d45ea8fc037ae23ea726f0b0809ca6ffde,60.16829,24.94214,00000000afef4555,20.28
14304,2019-08-04T11:06:39Z,6138e6ab3e1e74425af8945a6fcc294c1469a0b9c448b780bcf9d2e2,60.14699,24.922,00000000a53ed894,13.75
14305,2019-08-04T11:06:39Z,62d86ee13e6ae7a5c41ffc2de746df72d4ef6e8d2b6a51ce1c68965f,60.16829,24.94214,00000000afef4555,7.05
14306,2019-08-04T11:06:39Z,62e27092b58abcaf80564c408d0d4a7b821abaee92dc2f02ccb11e61,60.16762,24.95415,000000006b44cce7,4.94
14307,2019-08-04T11:06:39Z,64d10ef0926ecca987bad278990d966d8fac8775f03847d1f5a4a2f6,60.16762,24.95415,000000006b44cce7,11.7
14308,2019-08-04T11:06:39Z,658aacab016460cfc38879944e374640737b32d7291a40aed8b8845c,60.16897,24.95222,00000000aa852af1,21.87
14309,2019-08-04T11:06:39Z,66755836036c771e53ffd9d0dc09b8575231b53b80af22e868691a2a,60.14699,24.922,00000000a53ed894,3.74
14310,2019-08-04T11:06:39Z,66b286cdb9e93883f7eb88bed6e49742fd233e680835bffeeb1b8af8,60.16762,24.95415,000000006b44cce7,21.87
14311,2019-08-04T11:06:39Z,67598a1e0a26360b38ffc4bd67aa05290556cdaea97554dfb9d8bdad,60.16762,24.95415,000000006b44cce7,17.4
14312,2019-08-04T11:06:39Z,697103160f0b3dc0ba38ccdd18203ae84ec35fc314322d1172c093b2,60.16829,24.94214,00000000afef4555,10.78
14313,2019-08-04T11:06:39Z,6978155fc96a2c464cb547d9fc8c5e60f39fbb9de35e49ab211c5efc,60.16897,24.95222,00000000aa852af1,23.56
14314,2019-08-04T11:06:39Z,69852d528034ea6fc746ed8942c32f1c90bc33a7a7317dfac3c9b1c1,60.14699,24.922,00000000a53ed894,10.78
14315,2019-08-04T11:06:39Z,69d8c906060e226ff0f0f7e78029575f2ee07ebec657a3b641419268,60.14699,24.922,00000000a53ed894,11.7
14316,2019-08-04T11:06:39Z,6a0ef27c461c686b1a51504b40c03c455e047bf9777bf46808e0ca04,60.16762,24.95415,000000006b44cce7,17.4
14317,2019-08-04T11:06:39Z,6ac1903c80e63433e4bc744dc0e801bff647117d38d3753fb9a6a4c1,60.173,24.92524,0000000096918cfa,21.87
14318,2019-08-04T11:06:39Z,6c3dd68b68d5b3caa20f92e5ea004b0298abbddd5e35caca508262e9,60.16448,24.97323,0000000053c6c2be,38.87
14319,2019-08-04T11:06:39Z,6c637347d64659d1b29b0461397fccfbff09339872c14e32469fbd0f,60.16762,24.95415,000000006b44cce7,14.89
14320,2019-08-04T11:06:39Z,6e2fbf091d5c86667e060d7ec44f48f0f5d7b1d55b1899f2939f247a,60.16762,24.95415,000000006b44cce7,9.12
14321,2019-08-04T11:06:39Z,6e492dbc3f10157e7ff00826a839a97262ab36244ccc57b702a89999,60.16531,24.9442,00000000fdda10fe,5.41
14322,2019-08-04T11:06:39Z,70ffae2b8178e0915c5de7816f8dd8bcc3af745ee49df8ac4da4adba,60.17918,24.95141,00000000675d5200,25.36
14323,2019-08-04T11:06:39Z,714e80a1e3c0fee43e312f314b2faec47e582ee8dac47e4818dbc2f9,60.149,24.9843,00000000fffb8cf0,7.05
14324,2019-08-04T11:06:39Z,71516fc8349cfaf2b5c4ab80ade6078494d93d13e9953af15e5ced30,60.18203,24.91341,00000000342570c2,21.87
14325,2019-08-04T11:06:39Z,71c1367c7dea4dfa243172e02b9092c7a0810bef003216681759891e,60.16897,24.95222,00000000aa852af1,27.28
14326,2019-08-04T11:06:39Z,730d975773cc8c9c07ff88fb87377ff64a961a96e9237e59859fa46f,60.16762,24.95415,000000006b44cce7,11.7
14327,2019-08-04T11:06:39Z,738973c9b5f9882f29075e47ca10e50ba3fb9883da779f41545175f4,60.17918,24.95141,00000000675d5200,1.54
14328,2019-08-04T11:06:39Z,73f9caa620c77e880d8973e260936b1114db9c96de6accf8398ccec0,60.17002,24.94407,000000006b087f40,23.56
14329,2019-08-04T11:06:39Z,7552783317be1ef797980c3a9ee9c5967d4e7b32765f23c51ffda02d,60.16897,24.95222,00000000aa852af1,9.92
14330,2019-08-04T11:06:39Z,75d452cbba63995ad06213b577081e8db650c80b3a78060789a8e831,60.16762,24.95415,000000006b44cce7,10.78
14331,2019-08-04T11:06:39Z,76444267ea4d5365cef684a446be8cc3482dc3b1b516cdb7850e717f,60.16762,24.95415,000000006b44cce7,12.69
14332,2019-08-04T11:06:39Z,765243fc3021a21bc913ebdd4ce13c3606a5f0e655244884fa039ee6,60.15432,24.9211,0000000019fb59c4,31.5
14333,2019-08-04T11:06:39Z,79bde23c1a8980f93a65e14306f0d8ea89e164430d8b991e2bfee82e,60.16531,24.9442,00000000fdda10fe,14.89
14334,2019-08-04T11:06:39Z,7a96471c0f2a5b26dc38cc8aa9903b7dcb222a12d81cd73a84570610,60.16629,24.95957,00000000fb7600be,25.36
14335,2019-08-04T11:06:39Z,7c55ecf165387948602e82b684a55be093691849fde2d96ad6574475,60.17065,24.93641,000000000f4919c9,10.78
14336,2019-08-04T11:06:39Z,7ddcdde2316659d0fa4b8597b86430e095ea0bc7f3564a9d05fc60f8,60.16897,24.95222,00000000aa852af1,17.4
14337,2019-08-04T11:06:39Z,7de4ba54f0d667a69cb0b6d625856bc6b040f51a42f91beae366a269,60.16762,24.95415,000000006b44cce7,1.88
14338,2019-08-04T11:06:39Z,7e78b2348d9576c63ebb626030ee9d43e2bf07e860782adf3f1c452b,60.16829,24.94214,00000000afef4555,16.1
14339,2019-08-04T11:06:39Z,7ea276abbe2f1bfd85b2493f7b4c801189e673c0b4dc987d2c8e30dc,60.14699,24.922,00000000a53ed894,7.69
14340,2019-08-04T11:06:39Z,7eefc5581c616491b78192b28b519ba727dc884a87bc06b8df1ea4f2,60.14699,24.922,00000000a53ed894,14.89
14341,2019-08-04T11:06:39Z,7fe2da2d441d71c5853dc76eb7d62293a75686b735ae22dafc34e39d,60.17002,24.94407,000000006b087f40,27.28
14342,2019-08-04T11:06:39Z,822590bd49bcf7ed4de4f8389586915c343b29c4283ff8b90d7c1d39,60.17065,24.93641,000000000f4919c9,17.4
14343,2019-08-04T11:06:39Z,82ac749474448abac333d00869cb8b508872f86293913d95eae26a05,60.15432,24.9211,0000000019fb59c4,11.7
14344,2019-08-04T11:06:39Z,82cddd3b9f58762d36efe78da4e2722ee587cfdb3fdbc58b52673082,60.16629,24.95957,00000000fb7600be,23.56
14345,2019-08-04T11:06:39Z,844b8ad6ebf530978d1139d527a681991f4d3eed6be5bc723f0b2192,60.16531,24.9442,00000000fdda10fe,1.54
14346,2019-08-04T11:06:39Z,85b440c4e1125b1e2531499de3b19b82ae4b7eabb4d89c63c97fa83b,60.16829,24.94214,00000000afef4555,21.87
14347,2019-08-04T11:06:39Z,87ea10367f1569e575dc4bc60f0f4238eafb52ba8a2cc8e5e4584232,60.16829,24.94214,00000000afef4555,13.75
14348,2019-08-04T11:06:39Z,87f4cf4baea8c5dfe1bc7812cc969574058bd4d2dda215192bcfc53f,60.14699,24.922,00000000a53ed894,3.74
14349,2019-08-04T11:06:39Z,886032718e05487be8bd75bb14464814044c7edd7f9a2198304f6fb4,60.16629,24.95957,00000000fb7600be,16.1
14350,2019-08-04T11:06:39Z,8bffe034066821502092859341756212a0dcb6b2c605852c0c40fdeb,60.16762,24.95415,000000006b44cce7,13.75
14351,2019-08-04T11:06:39Z,8c4e4851db86ec4a3ce29a58be770eb29c38b9a983351bb67d781982,60.16897,24.95222,00000000aa852af1,17.4
14352,2019-08-04T11:06:39Z,8ca6cbf91a04db796810f40ee019369f331d79472e4acd09f75cbac8,60.16829,24.94214,00000000afef4555,33.81
14353,2019-08-04T11:06:39Z,8dae8c39d58b18df713713239222f2d512c9e912893f774a8db6a124,60.16629,24.95957,00000000fb7600be,31.5
14354,2019-08-04T11:06:39Z,8ee30fda8736b8e18a2cdb754676659240bc520a57727b9635630f22,60.1538,24.95595,0000000038bf9618,33.81
14355,2019-08-04T11:06:39Z,8f3d9ab893ae4a48fd3417f3a749c21e792779990ae0ad75a8f211de,60.1538,24.95595,0000000038bf9618,29.32
14356,2019-08-04T11:06:39Z,8f998d0e47a5fb2e84c8dcffb4a33ca4adeaf8db93423df171988c1e,60.16629,24.95957,00000000fb7600be,21.87
14357,2019-08-04T11:06:39Z,9076d80e9828efb679c61440c6dcc2fce4d90055e5fb084d00bb87fb,60.173,24.92524,0000000096918cfa,21.87
14358,2019-08-04T11:06:39Z,90a7a2779a546d0a67f676fbd33964bfec098cc7d3c6617a5c0f6b88,60.16762,24.95415,000000006b44cce7,9.92
14359,2019-08-04T11:06:39Z,90b12d2b9898702fd62b343512e0d53796ae38decdf704e203a0cc39,60.16829,24.94214,00000000afef4555,16.1
14360,2019-08-04T11:06:39Z,90b7d8f14917734bd6d4f571c04fb22cc4bbc6ac49ce9454fc684345,60.16629,24.95957,00000000fb7600be,36.27
14361,2019-08-04T11:06:39Z,91602a694bc74a2874ba7f02a7bae062a3a77cd869b86a74800415b8,60.17918,24.95141,00000000675d5200,14.89
14362,2019-08-04T11:06:39Z,91a797a1f2e6d4f87b08961f305e3c78b59e06f9a3315df8833869f6,60.16629,24.95957,00000000fb7600be,23.56
14363,2019-08-04T11:06:39Z,92df20d921f76c63470e3f5afbe201d3ae15f5133f66c291db796082,60.16629,24.95957,00000000fb7600be,18.79
14364,2019-08-04T11:06:39Z,951482f3e2e41b496e34885c346c4a7ab09427178119caa9b8bbcbb6,60.14947,24.91438,000000004ef3150d,17.4
14365,2019-08-04T11:06:39Z,9618703465df0acf2ccedcd7a519bb1146d94e8fb5b310c036a656f0,60.16762,24.95415,000000006b44cce7,13.75
14366,2019-08-04T11:06:39Z,97490f522f1a0226c8f7e8ed7bca08dd71b63d80b46d38020127b868,60.14699,24.922,00000000a53ed894,17.4
14367,2019-08-04T11:06:39Z,9924ed20d6ddee438860f63a9fa1a2cefa7ccfa275d6da3a2008d84d,60.173,24.92524,0000000096918cfa,23.56
14368,2019-08-04T11:06:39Z,9957bc7c3ab3db3d8df4e78289d04293095d85df98f994833269be8e,60.173,24.92524,0000000096918cfa,16.1
14369,2019-08-04T11:06:39Z,998a30ee5f5ff6d2bc9ed04420591e525ded59ad66d09eefa240cc8e,60.16762,24.95415,000000006b44cce7,13.75
14370,2019-08-04T11:06:39Z,998ac46ad73c197bab1f36dca67d8bcaa3aca92249185a5e3715043f,60.17065,24.93641,000000000f4919c9,16.1
14371,2019-08-04T11:06:39Z,9a49d0b5a67fba15ce8971503f6fea88994b33487a842397c5e8564f,60.16762,24.95415,000000006b44cce7,3.09
14372,2019-08-04T11:06:39Z,9b4b0705e58750d2bcbd71ad65d85677f7e77db5dfe69d1a70b5d31f,60.17919,24.95181,000000007b5207b6,13.75
14373,2019-08-04T11:06:39Z,9bc91538b73e0220fcf5cd07290c07d56f6f48d3ba0ba6b6b0876da9,60.17065,24.93641,000000000f4919c9,17.4
14374,2019-08-04T11:06:39Z,9bef562c292174f1eb3933116effff74a8733a78e5c1df140de3fd6c,60.17919,24.95181,000000007b5207b6,5.91
14375,2019-08-04T11:06:39Z,9c0b1d2c4c67c07e547e810a94efeaaa1187ae82977e03748470281c,60.16897,24.95222,00000000aa852af1,18.79
14376,2019-08-04T11:06:39Z,9ced7d70503ba24882b6e283fa95ce42e02c1a3618adeb448558c50c,60.16897,24.95222,00000000aa852af1,13.75
14377,2019-08-04T11:06:39Z,9eb1e9bfdceb76ef852f89ebd82139602125f9731b791465e1c21f81,60.16829,24.94214,00000000afef4555,6.46
14378,2019-08-04T11:06:39Z,a0ec1a8d581f94e640a6858a674699d2464ec065e6faea9d4ce2a13b,60.16762,24.95415,000000006b44cce7,4.94
14379,2019-08-04T11:06:39Z,a1439b6683d0598c7a05080c3693a17c198f7b8c3297c77324ef4859,60.16829,24.94214,00000000afef4555,14.89
14380,2019-08-04T11:06:39Z,a2f0adf51cb9d2a5417cc0797183513a8bbcecfbc717a1b63e42027d,60.16762,24.95415,000000006b44cce7,4.5
14381,2019-08-04T11:06:39Z,a30740fbf4b7e21f6fe2996e9325c90936de161cb2165e87cd96fd35,60.149,24.9843,00000000fffb8cf0,7.69
14382,2019-08-04T11:06:39Z,a3664d77633807788598dd8d4a7ba8caba2c31bfdcb6ba83651d4e7e,60.173,24.92524,0000000096918cfa,21.87
14383,2019-08-04T11:06:39Z,a3c1a4a58b9381c27b1d5076e0d8d72039afccfb0e58438a80247324,60.16762,24.95415,000000006b44cce7,3.74
14384,2019-08-04T11:06:39Z,a44eda7b8ec58e1cd7c078a73c4da7fb0037d59453aa6bfe69b7cbdd,60.16762,24.95415,000000006b44cce7,3.4
14385,2019-08-04T11:06:39Z,a50e0bb8fd1ad4ad264c3246b210a0c6285faae591c1bd2c2c3458af,60.16829,24.94214,00000000afef4555,13.75
14386,2019-08-04T11:06:39Z,a5835ce352a1e6d8fb6bdc410fae1076c756f7dac8e202465add9277,60.16762,24.95415,000000006b44cce7,11.7
14387,2019-08-04T11:06:39Z,a5d632ac8ffc19a626de034d3c9444fd262ee6edada285c816ea9266,60.16531,24.9442,00000000fdda10fe,9.92
14388,2019-08-04T11:06:39Z,a6850c195b1265931ad86b4284effc80182987e154f74026e0b35fd9,60.16762,24.95415,000000006b44cce7,9.12
14389,2019-08-04T11:06:39Z,a764c2246c85b2b0aa79e581e2fe238da93de098abbb90aee24c11ca,60.16829,24.94214,00000000afef4555,21.87
14390,2019-08-04T11:06:39Z,a81c19fb85eebf853246cdc4d8e38245dfa5ba15c180eaa1bcc0378d,60.16829,24.94214,00000000afef4555,11.7
14391,2019-08-04T11:06:39Z,a8c4f6feb3636400ed19b5c49ae86a45245705fee6a9f615c191f889,60.16829,24.94214,00000000afef4555,16.1
14392,2019-08-04T11:06:39Z,aa4547c0b6b8be30776e08d524ceeacfbc9930ad720e11fa4cb20882,60.16531,24.9442,00000000fdda10fe,1.12
14393,2019-08-04T11:06:39Z,aa45859d6157e9e86470ec8b81957acc35bafb1b7f419d79357a38cf,60.16829,24.94214,00000000afef4555,7.69
14394,2019-08-04T11:06:39Z,ab1377ddf669bb806f8db586f4ce5ab9f0f4257dda61fe800d8509f5,60.17065,24.93641,000000000f4919c9,27.28
14395,2019-08-04T11:06:39Z,ab9310807d2eb4984b053d38f467cb5d3e4211ff71ceb059480cf9ba,60.16829,24.94214,00000000afef4555,21.87
14396,2019-08-04T11:06:39Z,acb3f63fe0879b2640a9d68a248a15f85777e30652945d7740bb95f4,60.16762,24.95415,000000006b44cce7,17.4
14397,2019-08-04T11:06:39Z,add92af5006cee56f2da79112486b97d5a7c06f12252676b7638064d,60.16762,24.95415,000000006b44cce7,11.7
14398,2019-08-04T11:06:39Z,ae2143f0fab3405d38da14312fd801d7d7524534cd3ffeadc631feb0,60.149,24.9843,00000000fffb8cf0,31.5
14399,2019-08-04T11:06:39Z,ae3cda5066e455d4b1e58860e8fb7a35efad69b9964a676b476b0687,60.14947,24.91438,000000004ef3150d,3.74
14400,2019-08-04T11:06:39Z,af05aef0d368766300bd97074ddaa3500a814ee758ad3ba0d221ed54,60.17065,24.93641,000000000f4919c9,16.1
14401,2019-08-04T11:06:39Z,b0d6202ccd1560eaf57c06931cb6466332e41068ad2963e515819015,60.17919,24.95181,000000007b5207b6,23.56
14402,2019-08-04T11:06:39Z,b19a7f2905ba8f201cbc3b5c754c1b2b8841edfd850145980f808340,60.16544,24.95398,0000000038d83d41,33.81
14403,2019-08-04T11:06:39Z,b2298fc6f63c02481610f9aef24f1a0c1711c255adc43c0fe135c1ca,60.14947,24.91438,000000004ef3150d,23.56
14404,2019-08-04T11:06:39Z,b26d0daac9f8fb84484cbd8ed668aeb6751e848b1c533a307d163360,60.16762,24.95415,000000006b44cce7,3.74
14405,2019-08-04T11:06:39Z,b3266ecf36a984b814e1b2d31b447438bd948a9c116721480104792f,60.16829,24.94214,00000000afef4555,21.87
14406,2019-08-04T11:06:39Z,b45b86eb670eb1db475921496e6d80468f5fe2819bf3eb58f1f58506,60.16762,24.95415,000000006b44cce7,8.38
14407,2019-08-04T11:06:39Z,b4c8900041e9f8751755d3940ceac58419e6370cd81cdb90d7800de1,60.14699,24.922,00000000a53ed894,18.79
14408,2019-08-04T11:06:39Z,b50b3c2006581bccfeaa9ea964649350c7d5b8177baa29a37e628584,60.14947,24.91438,000000004ef3150d,17.4
14409,2019-08-04T11:06:39Z,b5cdbcdc30e0bf653ce353c867708b0067db5e394c8cbe848d978a77,60.14699,24.922,00000000a53ed894,16.1
14410,2019-08-04T11:06:39Z,b601cd655bb9f05aa6ec86fc9eb9300c3bc20bc0e856e94ad168a257,60.14947,24.91438,000000004ef3150d,8.38
14411,2019-08-04T11:06:39Z,b81a9bf449d3e64ad0181804598330bbf305f384b888935023742c79,60.173,24.92524,0000000096918cfa,12.69
14412,2019-08-04T11:06:39Z,b81e65168ea3278486b1c954ab229bc2eda3fe07098e824f05cd0ac4,60.149,24.9843,00000000fffb8cf0,31.5
14413,2019-08-04T11:06:39Z,b8f5834e6b992cf5568ae3153fb4b07e97b7f6dd01250851134c1824,60.149,24.9843,00000000fffb8cf0,17.4
14414,2019-08-04T11:06:39Z,ba10c562384fcd7e3b548cf24c89336d9eff4d325b8ebafdd219e53d,60.1538,24.95595,0000000038bf9618,33.81
14415,2019-08-04T11:06:39Z,ba288a5fd2befbc9ed08e7876ad7cb2bd8bfe6f5756d2ffe8e2dc558,60.17002,24.94407,000000006b087f40,13.75
14416,2019-08-04T11:06:39Z,bc07df8cc395f6f4f5d483b2233caca5f93a6918f346e4cc3702f8cc,60.16531,24.9442,00000000fdda10fe,29.32
14417,2019-08-04T11:06:39Z,be57346c6a31904c7a3c53b6a9e94df7c93f7f510d3b2ff733d214b6,60.16762,24.95415,000000006b44cce7,17.4
14418,2019-08-04T11:06:39Z,bfa8d7b9def7effb1001889eb2b427ec02b29f8110ef50a4c24f069c,60.16829,24.94214,00000000afef4555,23.56
14419,2019-08-04T11:06:39Z,c012e9e2caf1002d24e53817bb1279becdfc4aa9dba085e93ddd88e9,60.17002,24.94407,000000006b087f40,18.79
14420,2019-08-04T11:06:39Z,c2086d5cd92d4f8ed97396f4da919248c0bd5f6d2edcc04866c1f70e,60.16762,24.95415,000000006b44cce7,10.78
14421,2019-08-04T11:06:39Z,c27fee8ae8d689338b043608280c83cfa6f3276d3837ecea5f742dc3,60.16762,24.95415,000000006b44cce7,20.28
14422,2019-08-04T11:06:39Z,c2cc33e5b1b8d254d4bcbc0ffa13c9200676a39a191cc31a38d28d8d,60.17065,24.93641,000000000f4919c9,9.12
14423,2019-08-04T11:06:39Z,c2d88bc74172eb47d26ee5d739980baa7fc011b9973f9f18b482aa81,60.17065,24.93641,000000000f4919c9,23.56
14424,2019-08-04T11:06:39Z,c2e135ad2c160277e290705658ac41d7cd35b11ebf61d829fdd0b428,60.14699,24.922,00000000a53ed894,9.92
14425,2019-08-04T11:06:39Z,c45e3c4e8ec0fc85457d3b4ed4c49ed0116b4cf447e2983f353abcd8,60.16829,24.94214,00000000afef4555,3.4
14426,2019-08-04T11:06:39Z,c5561c3256acd3ed1ac0796b958cdf66cc9da55aa33c5e44a11042ad,60.16762,24.95415,000000006b44cce7,9.12
14427,2019-08-04T11:06:39Z,c55894159f2080031cda702c78ee54463c3c15ab1b3638afdf687f08,60.16531,24.9442,00000000fdda10fe,16.1
14428,2019-08-04T11:06:39Z,c579eba896de95131c4cbe66bafd0f641be628aa2ff8f8a4d1f16691,60.16762,24.95415,000000006b44cce7,7.05
14429,2019-08-04T11:06:39Z,c5ffe1809d0314e1f74db7cbb63e9a1b59f6fdda752b423ea74be3b0,60.16897,24.95222,00000000aa852af1,25.36
14430,2019-08-04T11:06:39Z,c6a5b41d207684585e98025933e99a2376cc272052e4f7887b4184cf,60.16762,24.95415,000000006b44cce7,18.79
14431,2019-08-04T11:06:39Z,c6b0ea433c3fdc73e0bac7e3faa2690506c4e8ec7fc54210446a7ffa,60.14947,24.91438,000000004ef3150d,20.28
14432,2019-08-04T11:06:39Z,c7160ae9aa31ca4dba615425303b1e527f342ede653be387ee54389c,60.149,24.9843,00000000fffb8cf0,25.36
14433,2019-08-04T11:06:39Z,c739921adb150c53f1887c6ce887adc6cd7ae7e35e69f6e4dc52fe81,60.173,24.92524,0000000096918cfa,21.87
14434,2019-08-04T11:06:39Z,c7ced11121537f55bcd7d7ab67312226dafe7c85320c5357a35d5ab7,60.17002,24.94407,000000006b087f40,23.56
14435,2019-08-04T11:06:39Z,ca059e63688e1ce2ca655ef3dd651edf02f0dcd4c1d237fc04d29774,60.17065,24.93641,000000000f4919c9,29.32
14436,2019-08-04T11:06:39Z,cb37b8fad0bc758cf37d7ea1052f3a98f29282ae37ec635d6eb2c511,60.16762,24.95415,000000006b44cce7,10.78
14437,2019-08-04T11:06:39Z,cc696789aed7ee6ea1dff48eae7da441c3a3ccb4f18ab60ba702c91f,60.16762,24.95415,000000006b44cce7,20.28
14438,2019-08-04T11:06:39Z,cd7d0e9404c9f4e8fab0742460b9acb4d5bbb97f44df80d4a8b973cd,60.17002,24.94407,000000006b087f40,11.7
14439,2019-08-04T11:06:39Z,cddbfc3b0a1459f0ea8d553779cf320d512cac6e64976182f2f0b3b7,60.16829,24.94214,00000000afef4555,13.75
14440,2019-08-04T11:06:39Z,d04b5065ec93818b731141027d11e6a1cf53de69b9737d7aea0c34da,60.14947,24.91438,000000004ef3150d,16.1
14441,2019-08-04T11:06:39Z,d162ad46250f7d87af446db22df4aa6b2eb2bf22f83beca34e857743,60.16762,24.95415,000000006b44cce7,5.91
14442,2019-08-04T11:06:39Z,d1b77fcfad94da8564d1a85ed1797255531e5ab26cc835800878fb26,60.17065,24.93641,000000000f4919c9,17.4
14443,2019-08-04T11:06:39Z,d2035ce81fa46947bdf02a20f297b2df4144c7c0931db02ab0164fa6,60.14947,24.91438,000000004ef3150d,25.36
14444,2019-08-04T11:06:39Z,d20f68571773330f7b6490b006b2e952c9912b4ee05e20f0fc434698,60.16629,24.95957,00000000fb7600be,16.1
14445,2019-08-04T11:06:39Z,d2b816bfc9982b3f48d8baa389dc18ef7a57d3dcba72567b2865e2e2,60.16762,24.95415,000000006b44cce7,7.69
14446,2019-08-04T11:06:39Z,d2e3bf982b10b2079eaa464127a286409c5030b21ffe9a2ce08bbb9c,60.16762,24.95415,000000006b44cce7,12.69
14447,2019-08-04T11:06:39Z,d3bad9334d128332fc483e10ef1b77c28e5a75ac55be4de71c6b2f9f,60.16829,24.94214,00000000afef4555,9.92
14448,2019-08-04T11:06:39Z,d68f1946805ba3d30f9ba25280986fbe003f3b5dce7245b633e0cb5c,60.16762,24.95415,000000006b44cce7,5.91
14449,2019-08-04T11:06:39Z,d6a8c97f1ec18c7a90d3beae358bad67f8d53626258a852e15b08c5d,60.14699,24.922,00000000a53ed894,12.69
14450,2019-08-04T11:06:39Z,d71a315bac918f9a18fcd820731e6d9eb54fb0d01c324ca088ef8858,60.149,24.9843,00000000fffb8cf0,27.28
14451,2019-08-04T11:06:39Z,d82f37918d46bea29e113c6b57b901b1b960ed3337bdcce777aea476,60.17065,24.93641,000000000f4919c9,23.56
14452,2019-08-04T11:06:39Z,d83c1c2d3a3876c948e277bace6d013eafc0c4e118958e138f8b1257,60.16448,24.97323,0000000053c6c2be,25.36
14453,2019-08-04T11:06:39Z,d9138495b15650460946f56faa26bf36e7dc6cf74b3d84614efbc8cd,60.16897,24.95222,00000000aa852af1,20.28
14454,2019-08-04T11:06:39Z,da2398acaae7f39c7b80c220d4e6917bdc7655f4c71b6e36d06cb859,60.18203,24.91341,00000000342570c2,16.1
14455,2019-08-04T11:06:39Z,dab7015659d0cd7c18f681d6089a503f9c418ae9b1dc9077084a6bcb,60.16762,24.95415,000000006b44cce7,12.69
14456,2019-08-04T11:06:39Z,dabb7edec36f560d07547c2595765be02b0731b3826f93f5c41b7120,60.16762,24.95415,000000006b44cce7,8.38
14457,2019-08-04T11:06:39Z,db45583e1f7aaaf54e100214986dfc86aa755383e86d361639a5b19b,60.16762,24.95415,000000006b44cce7,5.91
14458,2019-08-04T11:06:39Z,dc4072a3cfc00cca0bde9925adc82bb9c2548af1724368561eefcbf8,60.16762,24.95415,000000006b44cce7,16.1
14459,2019-08-04T11:06:39Z,dc82f9648bb5ba21e766e0923f5fa7ca2d77662ab0edbe22a3d95631,60.14699,24.922,00000000a53ed894,13.75
14460,2019-08-04T11:06:39Z,dd8e0699822b1a8a3f8a91fcb10729f6f7cd0a4736f36dc60974c36e,60.16762,24.95415,000000006b44cce7,9.12
14461,2019-08-04T11:06:39Z,dda4b929b48bb959cb2b70d6ea3791e943739d8291b0c64930cbacdf,60.17002,24.94407,000000006b087f40,21.87
14462,2019-08-04T11:06:39Z,de322af9620c895f1700d0d70ae3364a3b77ed134ce9f8677a663859,60.16829,24.94214,00000000afef4555,25.36
14463,2019-08-04T11:06:39Z,de48adf9d49eb3bc1d61dea4047618f6c77086fc44bd2b535d56504d,60.16762,24.95415,000000006b44cce7,3.4
14464,2019-08-04T11:06:39Z,de71e27b55ef6f2f51f05838a2fcab596f1dd93a14ece5ce4548f5c7,60.14699,24.922,00000000a53ed894,11.7
14465,2019-08-04T11:06:39Z,e081e4b3252ca91bbf1cbb70faa116d60317fbf3a991a67bc99b4bfa,60.149,24.9843,00000000fffb8cf0,11.7
14466,2019-08-04T11:06:39Z,e0859a9c906151023376d86762070f38ba1b3859e671531b0edac6cd,60.16075,24.95883,00000000f1124bca,11.7
14467,2019-08-04T11:06:39Z,e0d7e8b332ca8514428ab10acf6d3a6b777da62ff8ea3e18d9b32989,60.16762,24.95415,000000006b44cce7,9.92
14468,2019-08-04T11:06:39Z,e1da87aea335bcd04e4c876158b96ebc7ba4206bc216c3aa27a2f4af,60.17919,24.95181,000000007b5207b6,3.4
14469,2019-08-04T11:06:39Z,e26862fdcdd4688d81b8fe05d1ac94c5f9b3192ddc50d4c66ad12cc1,60.16897,24.95222,00000000aa852af1,18.79
14470,2019-08-04T11:06:39Z,e29168791ccd18013b58845430388cc5aac537e7e1c618aeb78900a8,60.16897,24.95222,00000000aa852af1,17.4
14471,2019-08-04T11:06:39Z,e305610124e16ed1411a221b29ce69a076cc47982efd6c098b0599ab,60.14947,24.91438,000000004ef3150d,10.78
14472,2019-08-04T11:06:39Z,e32e078697e70d6e3cb4b156ada3a4756315227b125615d7b5c116a7,60.16762,24.95415,000000006b44cce7,9.12
14473,2019-08-04T11:06:39Z,e44d7228cecbdb2474e1cc396a6c13943f09c08c19d0ffab1997d509,60.17919,24.95181,000000007b5207b6,17.4
14474,2019-08-04T11:06:39Z,e557e164cd52fd817b02cad6587a294d72b0974d9b014ad69ea5e08e,60.17919,24.95181,000000007b5207b6,18.79
14475,2019-08-04T11:06:39Z,e568360cebcddeb30a1d066a2f6a2326ac927004214bd11337d804e5,60.16762,24.95415,000000006b44cce7,9.92
14476,2019-08-04T11:06:39Z,e57facbf08a4abd25c366c0604463549586bb771b6ce2cf62945cdbf,60.16762,24.95415,000000006b44cce7,13.75
14477,2019-08-04T11:06:39Z,e5b9b4813c081a31fb498e7f9adb94918c267dfa125c63790c0d9488,60.149,24.9843,00000000fffb8cf0,1.7
14478,2019-08-04T11:06:39Z,e5e14952bf5e52bf1349479a58c0a97d702585889650948d94767608,60.16448,24.97323,0000000053c6c2be,23.56
14479,2019-08-04T11:06:39Z,e675f053b5e39f622f919daf44b8b27ec63646d34ce88f291a97158f,60.16762,24.95415,000000006b44cce7,13.75
14480,2019-08-04T11:06:39Z,e9d59e25b58f33f70aad6832863cb59d7485ca55a1575558f92b74e7,60.16897,24.95222,00000000aa852af1,6.46
14481,2019-08-04T11:06:39Z,ea156c99dd8945ef87da4c332787a6202e9eedc69f726cafae8d3258,60.1538,24.95595,0000000038bf9618,31.5
14482,2019-08-04T11:06:39Z,eb261026c6f65b651ddf21bed629a1e164cfb500d0b78062704ec15c,60.16762,24.95415,000000006b44cce7,7.69
14483,2019-08-04T11:06:39Z,ec485175d2b7a2c53d03bf546aee134c116d998976601b069570c6f9,60.14699,24.922,00000000a53ed894,16.1
14484,2019-08-04T11:06:39Z,ecb1735f180422ec69f041cd2782a26c9f07d27a87893b3c30aaa9b7,60.16075,24.95883,00000000f1124bca,3.4
14485,2019-08-04T11:06:39Z,ecb5655da668bb183a5c270a96927649c323975e318184d248247099,60.16829,24.94214,00000000afef4555,11.7
14486,2019-08-04T11:06:39Z,ede13c9dc221bbc6c1daf78250fa6547303c06d7606c05ba0bf64547,60.17919,24.95181,000000007b5207b6,7.05
14487,2019-08-04T11:06:39Z,eea43687eab35d2c386347881796eb1c8279076b9e9642ebc2cd06ac,60.16762,24.95415,000000006b44cce7,3.4
14488,2019-08-04T11:06:39Z,ef15ff71b7dc4c2088249a4fca7e28900ae315245a7a3b4d571bf582,60.16829,24.94214,00000000afef4555,7.05
14489,2019-08-04T11:06:39Z,ef33ccdfcdb12920eabb3306e0f86dc7e6060a5d3864b03e2de7e1ef,60.16897,24.95222,00000000aa852af1,14.89
14490,2019-08-04T11:06:39Z,ef45fdc095ee55730384922266d8fce61de212d3c3df2441ea10e524,60.14947,24.91438,000000004ef3150d,20.28
14491,2019-08-04T11:06:39Z,ef5e495c5f9d3dd9eb22ed5b8faf1cc9e4225d4785ebb26a87d16fff,60.14699,24.922,00000000a53ed894,6.46
14492,2019-08-04T11:06:39Z,f110acae92fec55c6caca5de864773a6b99e5b8d6e2fdf8d1bdbc759,60.16762,24.95415,000000006b44cce7,5.91
14493,2019-08-04T11:06:39Z,f196f5f8c08299d290b3bac1944e00bb1f2c90594db66438b0c10e6e,60.16629,24.95957,00000000fb7600be,13.75
14494,2019-08-04T11:06:39Z,f1d44b9d3710849eba7eab0b6646053378aa5f8ee3491ec2522f3c44,60.14947,24.91438,000000004ef3150d,13.75
14495,2019-08-04T11:06:39Z,f2467c8ede6444941158701b7bd9d005beec9ffdb355ce2d8c7a9bfd,60.149,24.9843,00000000fffb8cf0,21.87
14496,2019-08-04T11:06:39Z,f4b9fc6acb673aea24fe00dfbe806b81fedab0c2ea82d781f7659ce5,60.16762,24.95415,000000006b44cce7,3.09
14497,2019-08-04T11:06:39Z,f5ffa3dbcdd5592ac31344cb04a7a6d639109a4d6e196fa0df3990dd,60.17065,24.93641,000000000f4919c9,23.56
14498,2019-08-04T11:06:39Z,f616fbd0fde8316049c3068ae4368dc9f486f8da4bf5516e9ba82578,60.16897,24.95222,00000000aa852af1,9.12
14499,2019-08-04T11:06:39Z,f756416830b046336a677173f34b00e83412904998e92cfb4ebe207d,60.16762,24.95415,000000006b44cce7,16.1
14500,2019-08-04T11:06:39Z,f78ef2ddbe48b534137498eab56c0a55ec0e0b1d8868e82cb5652a0e,60.14699,24.922,00000000a53ed894,11.7
14501,2019-08-04T11:06:39Z,f7be7d003528c0c0827040a3a3723e49406a5a7c86cb4bc568a830db,60.17002,24.94407,000000006b087f40,20.28
14502,2019-08-04T11:06:39Z,f9f42c3132515705c0013fb8e137897c93844d24acc22cb4ac9384a0,60.149,24.9843,00000000fffb8cf0,2.8
14503,2019-08-04T11:06:39Z,fa1579394f4980e1fe11248f7be4e646b601a3d8cdb9361f182d066c,60.16762,24.95415,000000006b44cce7,14.89
14504,2019-08-04T11:06:39Z,faee9c7cf21aa61809c94dd68268377841712fc4e488b094972b6a38,60.1538,24.95595,0000000038bf9618,47.69
14505,2019-08-04T11:06:39Z,fb37b263777ffcf7fe1fb6484821cae2b8beb03b5f5009109748dedb,60.16762,24.95415,000000006b44cce7,7.69
14506,2019-08-04T11:06:39Z,fdf5c0dab003c974e22f3746bfb7fa399e10ca82fcec35ba6dcd6065,60.18203,24.91341,00000000342570c2,25.36
14507,2019-08-04T11:06:39Z,ffb7319984ecae155652e100da9b204f0b92f3b6c7239cfea4dcf966,60.14699,24.922,00000000a53ed894,16.1
14508,2019-08-04T11:06:40Z,0152988639aaaa9cc27213280c8f0c0c8ec97ae6a45aaaf743c9c25d,60.16544,24.95398,0000000038d83d41,21.87
14509,2019-08-04T11:06:40Z,048a4191e2e9ce1733556eda54c4123345c70aeced0f8ecf7d52b916,60.14699,24.922,00000000a53ed894,14.89
14510,2019-08-04T11:06:40Z,09a0d89e977eac08cb8877af0472d861a9c86439072251d53a13d931,60.16829,24.94214,00000000afef4555,21.87
14511,2019-08-04T11:06:40Z,09ddbf38333e76a79fd836112bd8c3f8bf7f3dadfb3d49945ad4c486,60.16897,24.95222,00000000aa852af1,6.46
14512,2019-08-04T11:06:40Z,112c36ba789fa57e2b19c9bff8bfe0b3eba19a431c3af4656c4cee5b,60.16531,24.9442,00000000fdda10fe,25.36
14513,2019-08-04T11:06:40Z,1142f5b6806b1ec7d8d47d47013eb530d8a7418f6934d8867b20966a,60.16829,24.94214,00000000afef4555,17.4
14514,2019-08-04T11:06:40Z,128f1b89d7a534aa206a7823b692594bbd4d349761baa04c0fc72f2c,60.14947,24.91438,000000004ef3150d,10.78
14515,2019-08-04T11:06:40Z,14c7e1511b70f4dd3359cbece1377aebb4d70531f5489eefe53d7c3c,60.16544,24.95398,0000000038d83d41,29.32
14516,2019-08-04T11:06:40Z,165ebbb4090d47319ae370f0d0854fdc1f6b79499f8b2e4d3c3533c0,60.16544,24.95398,0000000038d83d41,29.32
14517,2019-08-04T11:06:40Z,16c994bb2e24124a910c247376d16e980a65626a94c4c0aaab27df60,60.16829,24.94214,00000000afef4555,25.36
14518,2019-08-04T11:06:40Z,1bba37ee9376f8052f3606bb777546c2c4d1e84dad7afd93d4cffa45,60.16762,24.95415,000000006b44cce7,20.28
14519,2019-08-04T11:06:40Z,25a7ff811c3c06e426c7c2cbb0433d9a2a3399b23afecbd35584ab0f,60.18203,24.91341,00000000342570c2,9.92
14520,2019-08-04T11:06:40Z,297c725b456ef12d2712634b21546721cbe93224d3a5762d897404f2,60.16762,24.95415,000000006b44cce7,23.56
14521,2019-08-04T11:06:40Z,36ed7dae18843556133f8495d64860d2f651ce36ea9e2e57f2336579,60.16629,24.95957,00000000fb7600be,31.5
14522,2019-08-04T11:06:40Z,3fe5f4ccfa5c777ceafda0674d7c9da6f509f6694b4c2fa254b32e73,60.16897,24.95222,00000000aa852af1,14.89
14523,2019-08-04T11:06:40Z,44d0b94469070803869f229601e877beb613c3f5aafa009addf97a1a,60.16544,24.95398,0000000038d83d41,25.36
14524,2019-08-04T11:06:40Z,4656bad9b5e6dfc3977eca308fc1db3dbf8b0204b90d09b001da242e,60.1638,24.96846,00000000d747f075,23.56
14525,2019-08-04T11:06:40Z,54f040219b954e68101c83a5a6bacf046961c7a1d9a779fa291fa47b,60.16531,24.9442,00000000fdda10fe,27.28
14526,2019-08-04T11:06:40Z,5d65719c4cbf045f068d084b72302f447d5fd034413d97d13be00d0e,60.18203,24.91341,00000000342570c2,17.4
14527,2019-08-04T11:06:40Z,5eed115a984d490b02b602d73787aee8dc8c4e9365b77fbff3818a76,60.16629,24.95957,00000000fb7600be,16.1
14528,2019-08-04T11:06:40Z,6a70e2fbced719333e21eff04fcb9cb36bae9a04d1a3d6ddd96f2c58,60.15432,24.9211,0000000019fb59c4,6.46
14529,2019-08-04T11:06:40Z,6f06341f358e61699fe1e55e986dd0554bc8da28b91daf0c5ad99db6,60.16629,24.95957,00000000fb7600be,23.56
14530,2019-08-04T11:06:40Z,85ef35aecf2ff804be3d958b592705ec41c6df9c128c132c65bb283d,60.16897,24.95222,00000000aa852af1,16.1
14531,2019-08-04T11:06:40Z,87dfaad29a9276ddddb1fa021d3bc23ad14824c1af16f7d87e713689,60.14951,24.92138,0000000006dd41f6,9.92
14532,2019-08-04T11:06:40Z,88808fe92573e9cdf022cc15b9689b6b4b9429f60513c8897b0ba4c7,60.16897,24.95222,00000000aa852af1,20.28
14533,2019-08-04T11:06:40Z,89982a6acf91b79a282a6b63978e946ee205f303fcd20e944e06baf0,60.16544,24.95398,0000000038d83d41,27.28
14534,2019-08-04T11:06:40Z,8c3b1ed0846e38cc84b863a80540c8a75bfd85c8bdda36563d153110,60.16544,24.95398,0000000038d83d41,23.56
14535,2019-08-04T11:06:40Z,8c75c3289c84fe4493e1e272a77b615fe1985880c5dc68a7c1a17b53,60.16762,24.95415,000000006b44cce7,12.69
14536,2019-08-04T11:06:40Z,92aae21a6e0dd2ff71fc591b64e878502bd4677b64ac413632e9f7c6,60.149,24.9843,00000000fffb8cf0,12.69
14537,2019-08-04T11:06:40Z,9843c6216661048343a0e49cf3d8aa2883cf77f452666a1c873a1052,60.16448,24.97323,0000000053c6c2be,29.32
14538,2019-08-04T11:06:40Z,9992834418850939882f3b334eee492eb98d4f9d6d6118f9ee108793,60.16762,24.95415,000000006b44cce7,5.91
14539,2019-08-04T11:06:40Z,9d857805574f6cc42e08b5256cf5479cd2dcf45149c123beefb90697,60.16762,24.95415,000000006b44cce7,18.79
14540,2019-08-04T11:06:40Z,9fc0711d7e7722eff7faa0cb6f17846680c06515c1eb93dd49ebcf25,60.14699,24.922,00000000a53ed894,14.89
14541,2019-08-04T11:06:40Z,a13e5d46f0a2d1c6b58878e1b198905e9b14e3a85b5e4adab88b4b87,60.16762,24.95415,000000006b44cce7,9.92
14542,2019-08-04T11:06:40Z,a91d379a4b57c5df22db0d7a041ff69f657b4b31f28554b1011fc03c,60.16544,24.95398,0000000038d83d41,36.27
14543,2019-08-04T11:06:40Z,b5fd6b317890e5ab2d79e2cd1abe61626d45a753c7337d0d40728898,60.16762,24.95415,000000006b44cce7,9.92
14544,2019-08-04T11:06:40Z,bca443064699e0ac05c40e587aef06d7fd580817e739133a501490bc,60.14699,24.922,00000000a53ed894,25.36
14545,2019-08-04T11:06:40Z,c40c37def6bf11a63a2556519a7c6233fd417cdeea2cf14f28e7c42c,60.16531,24.9442,00000000fdda10fe,20.28
14546,2019-08-04T11:06:40Z,c54f2dd0590c650ad3e52a68193db3173db5e74f90f69faa1e2d6bb0,60.16762,24.95415,000000006b44cce7,4.94
14547,2019-08-04T11:06:40Z,ca6927628f5ddda20036865c9345ad93d476d62ade3b181de568eed6,60.16897,24.95222,00000000aa852af1,21.87
14548,2019-08-04T11:06:40Z,cd2c2ce2425879ac455c812073aa8025c7bac76df380e4793edab46d,60.16829,24.94214,00000000afef4555,21.87
14549,2019-08-04T11:06:40Z,ce197d5eedb5498917afe7ca3f7275ffeb191f0c5d050bffa154c1d2,60.16531,24.9442,00000000fdda10fe,27.28
14550,2019-08-04T11:06:40Z,cf05623e4d87ce0906c0b0b7dbf53aacc1228016cd27c341228b6e76,60.18203,24.91341,00000000342570c2,17.4
14551,2019-08-04T11:06:40Z,cfc0bedb78ded52749db3188cb188bf6a250ef5990da9c5afa9623fc,60.14951,24.92138,0000000006dd41f6,18.79
14552,2019-08-04T11:06:40Z,e224ae5ea47af2e3048f83b13a1f45dc135c0ca6be72547b01729086,60.1538,24.95595,0000000038bf9618,23.56
14553,2019-08-04T11:06:40Z,e764c1a69976425ee9c1982ca445db7a575a9d610bcb2215eeb2a728,60.14947,24.91438,000000004ef3150d,20.28
14554,2019-08-04T11:06:40Z,e8690c2d1711bc10f2d1251a3b5b1e770b98c66c384760400c604de1,60.16829,24.94214,00000000afef4555,23.56
14555,2019-08-04T11:06:40Z,e8e366e76c97944e23c0f80b4fd3ce6e5832744922297146a49f0c7e,60.16762,24.95415,000000006b44cce7,12.69
14556,2019-08-04T11:06:40Z,ed70dda6b7faebd4340dacdb452ab224d9d3c308df417b7fa76f54e8,60.14951,24.92138,0000000006dd41f6,23.56
14557,2019-08-04T11:06:40Z,f088630d7476dae7d4b7e2bb1f10575f2c89acb4b6e061f3d57c2b40,60.16531,24.9442,00000000fdda10fe,27.28
14558,2019-08-04T11:06:40Z,f30a5193aa7850aac581b8dd71512a8712c96f36fdef78d8292d4788,60.16762,24.95415,000000006b44cce7,3.09
14559,2019-08-04T11:06:40Z,f31cfded6f566f9c032c80c52ea642407be312c5d42521ab7a8d3e2a,60.16897,24.95222,00000000aa852af1,13.75
14560,2019-08-04T11:06:40Z,fc4f3a44235f1cfc7b53f14ba2da599976a5a0a220d23b852688e485,60.17919,24.95181,000000007b5207b6,7.69
14561,2019-08-04T11:06:40Z,0236a1d5b9b9d2249407a79705eee38de360ceb0530a8959ba5bc15b,60.149,24.9843,00000000fffb8cf0,10.78
14562,2019-08-04T11:06:40Z,02a354db29cd5bc16976a9d933e03a41be350f9cc78098829a7dcfd4,60.14947,24.91438,000000004ef3150d,18.79
14563,2019-08-04T11:06:40Z,03204cdd97728dc59f21f215f75460ac8fe2fa56720a88e869c6f56d,60.16829,24.94214,00000000afef4555,21.87
14564,2019-08-04T11:06:40Z,0625280cf414aa015aa8b4d504d6fc74879a1144b913e254fec5db9d,60.16762,24.95415,000000006b44cce7,12.69
14565,2019-08-04T11:06:40Z,07505f028a552fd4183a9d7a436db18ae89a2dfeff0cdea93dcbe920,60.16762,24.95415,000000006b44cce7,12.69
14566,2019-08-04T11:06:40Z,07d9aa9fe10e58c26960ba10eb2f13607a7cea0226acaecbdcc52508,60.16762,24.95415,000000006b44cce7,12.69
14567,2019-08-04T11:06:40Z,096c3b0de1dab1407cd4d3330546404c0d62ce025924420496380f89,60.16762,24.95415,000000006b44cce7,14.89
14568,2019-08-04T11:06:40Z,0a949aafc0be15c68d73a5dd186d726aa6b921f44303a712ac6ddcb8,60.16762,24.95415,000000006b44cce7,4.5
14569,2019-08-04T11:06:40Z,0ac16900b358cad98786869efa2fa39aa96eacf36f9249051cce0e88,60.16448,24.97323,0000000053c6c2be,29.32
14570,2019-08-04T11:06:40Z,0b45b52bc137c31ce83561c857f809296ec70f5537976a4a4d573d4f,60.16829,24.94214,00000000afef4555,18.79
14571,2019-08-04T11:06:40Z,0b49dcea1b7eab22f4ebd0c7666ded5b59fe092b8bdd4aa9eda6326d,60.16762,24.95415,000000006b44cce7,3.09
14572,2019-08-04T11:06:40Z,0c959027ce302054b09087cac97a83aa7e24fb9e4fa2710763f912cb,60.16829,24.94214,00000000afef4555,3.74
14573,2019-08-04T11:06:40Z,0d2490ed58c11eb4a754a30cc4bcb21c7243d322a2caf7cc360e4e8c,60.17065,24.93641,000000000f4919c9,10.78
14574,2019-08-04T11:06:40Z,0e113c5ed3abcdfb31d27c3125f6cf01e3b96e4ed7eca1aaea855f77,60.14947,24.91438,000000004ef3150d,11.7
14575,2019-08-04T11:06:40Z,10ca87ada637a6524de98a11c8d3d3d3cfa8f7f5ea839b29c2b132a0,60.16762,24.95415,000000006b44cce7,10.78
14576,2019-08-04T11:06:40Z,1107822441d53ff89eb9cb0d022a37202aed47bd82dca4bc175d6837,60.16762,24.95415,000000006b44cce7,10.78
14577,2019-08-04T11:06:40Z,116e59da308964e8eb82cb6e5a758aad726ec3800f0fa17bc661e8fe,60.16762,24.95415,000000006b44cce7,17.4
14578,2019-08-04T11:06:40Z,117b6ba38be2f875c85c9c048106db4d2dbce58629a807d7d7773b6c,60.16762,24.95415,000000006b44cce7,12.69
14579,2019-08-04T11:06:40Z,1327ce24f157334f864f913637993c80380ce5f5c911e4b0d31c5eb7,60.149,24.9843,00000000fffb8cf0,1.7
14580,2019-08-04T11:06:40Z,1556d4a76070c26554efa12b4b9c53766a4cc394e8b74ee37f2fff65,60.17065,24.93641,000000000f4919c9,20.28
14581,2019-08-04T11:06:40Z,17156aea51e178b5f7410190e0077e325183b63ff3b9a110fcba66a2,60.16762,24.95415,000000006b44cce7,13.75
14582,2019-08-04T11:06:40Z,1921be9815a57f11f291ca085add7b4bf1d044518b03b725df7cf7d5,60.149,24.9843,00000000fffb8cf0,20.28
14583,2019-08-04T11:06:40Z,19db84758eba08a5f9bb56b0ff91d05286765c8e8dfa31bd0b2aaa1c,60.14947,24.91438,000000004ef3150d,11.7
14584,2019-08-04T11:06:40Z,1a06b5f7f305badd45e93db9d86d76ed3a2a96ec55ec47c836921e3e,60.16762,24.95415,000000006b44cce7,9.12
14585,2019-08-04T11:06:40Z,1bff3cb3b9be59366fdf8adbbc677a4dfbf8e116bf330c3435bc63c2,60.16897,24.95222,00000000aa852af1,31.5
14586,2019-08-04T11:06:40Z,1c38009e9b89bd8b0d6744bf54ebae9a8ad2dc2868cdfc3f2e399509,60.16829,24.94214,00000000afef4555,9.92
14587,2019-08-04T11:06:40Z,1c8c3befa38b65f707dd4933a68e5e3c9e7c82592fd382779127416b,60.16897,24.95222,00000000aa852af1,21.87
14588,2019-08-04T11:06:40Z,1ce242f8d8220cd38bf3ea9138c99ae9b2f79b28e68edb864f090ec9,60.149,24.9843,00000000fffb8cf0,5.91
14589,2019-08-04T11:06:40Z,1f6e5095c2c365e120a526c9111895459bc08fb351b964a350cdb64f,60.16762,24.95415,000000006b44cce7,11.7
14590,2019-08-04T11:06:40Z,1fa2c533bba37b249a0105001153733e67a559d40c22cab67f135f64,60.14947,24.91438,000000004ef3150d,14.89
14591,2019-08-04T11:06:40Z,1fcf5be5f6ce9cb34fec3b2caff03e489e9138ab8f051e292d6b827c,60.16544,24.95398,0000000038d83d41,31.5
14592,2019-08-04T11:06:40Z,2136558e0a9a89ed5aa044485a8e31bff3b7e5acf38c645a06782afd,60.16448,24.97323,0000000053c6c2be,25.36
14593,2019-08-04T11:06:40Z,227b93698b29687beea48184f42aab63a21fa362af7251be32db2e15,60.16531,24.9442,00000000fdda10fe,3.74
14594,2019-08-04T11:06:40Z,23786c82e2641aed0e0b004658480a212bf0397568e914487819045c,60.16897,24.95222,00000000aa852af1,11.7
14595,2019-08-04T11:06:40Z,2535cb5c89ec66044a005b03dd769ca8d0022164a816c06db0e49892,60.16762,24.95415,000000006b44cce7,5.41
14596,2019-08-04T11:06:40Z,2671a156fa8d8bb05970481c8f83bcf9f261f73dae27f2bb9ac88aeb,60.14699,24.922,00000000a53ed894,20.28
14597,2019-08-04T11:06:40Z,2724e42551f43106ea58a8fcc6a43953baa1294cd65e17a90012f706,60.17065,24.93641,000000000f4919c9,0.84
14598,2019-08-04T11:06:40Z,28741c2e5e348fe81dec0518a21c0930c98a25b6fcece61a262d50de,60.14699,24.922,00000000a53ed894,10.78
14599,2019-08-04T11:06:40Z,28e8a4ccd08ea244e028ee358d7ae5359a02107234c2cafd1415ccec,60.16829,24.94214,00000000afef4555,29.32
14600,2019-08-04T11:06:40Z,296a0ffe230305a3d37818a0369b56c99dacdd5df5a161bf238e1084,60.16762,24.95415,000000006b44cce7,4.11
14601,2019-08-04T11:06:40Z,29b5f09785ef76627c2a3f043e1182d11fbd3a465422544c7478aa1c,60.16897,24.95222,00000000aa852af1,21.87
14602,2019-08-04T11:06:40Z,29f5adc4d67413b7d368e8e94a41cf48339e3f5f0903f660170c4fe8,60.17918,24.95141,00000000675d5200,23.56
14603,2019-08-04T11:06:40Z,2a80aed2c40e7e70ca12152ac812abd79aa1d13efcec25a6d3395136,60.16762,24.95415,000000006b44cce7,7.69
14604,2019-08-04T11:06:40Z,2d0349a4148a147b05e00cd46c137dd208ba2a8ce9327b493615f1a6,60.16829,24.94214,00000000afef4555,14.89
14605,2019-08-04T11:06:40Z,2de87ef94604fb63bec05eefb71b6cdd0b9807f8551159c2a35e7259,60.17065,24.93641,000000000f4919c9,3.4
14606,2019-08-04T11:06:40Z,2e6e6f89a7d75f0742d016de203c9acc8d6f6bdeb7b56bd12f482653,60.15432,24.9211,0000000019fb59c4,2.08
14607,2019-08-04T11:06:40Z,303e51dd6e5cca35a9f9f76fbe8ef97bd64a9dc6b4e965b1f74ca279,60.14699,24.922,00000000a53ed894,13.75
14608,2019-08-04T11:06:40Z,31659a798f1d780d587f07390c038a78fafa6cabb8180dba635863ce,60.17002,24.94407,000000006b087f40,16.1
14609,2019-08-04T11:06:40Z,32f77f5019e5fce30881c214487361e2e34b8c93277f6e546de72012,60.1638,24.96846,00000000d747f075,23.56
14610,2019-08-04T11:06:40Z,3417d8a6b53687e70f126ebeb1d26a2ff6369dc9a551c3c35c5a04f9,60.17002,24.94407,000000006b087f40,12.69
14611,2019-08-04T11:06:40Z,34ebfbffd9a126421b335e852aa094b727786622ade7757b36f67b57,60.18203,24.91341,00000000342570c2,27.28
14612,2019-08-04T11:06:40Z,35f337dd3baf0bc08002ec007d609b685ac29bb2a8bcad6783532a6b,60.16829,24.94214,00000000afef4555,20.28
14613,2019-08-04T11:06:40Z,3670a148a52771f0ff5af161725f65b86873c09eea1a7697861c0438,60.14699,24.922,00000000a53ed894,14.89
14614,2019-08-04T11:06:40Z,3714758c60c781bb53981cf52f78b930f4cb22bf27a3dc596f48ab2e,60.16762,24.95415,000000006b44cce7,11.7
14615,2019-08-04T11:06:40Z,374083907dd8980893623726af5633afd59b519c885ad12ba5c674eb,60.17002,24.94407,000000006b087f40,5.91
14616,2019-08-04T11:06:40Z,38561a086c97342a24583c26b33205da50e3e973a8147fe016a4a9ff,60.16829,24.94214,00000000afef4555,4.5
14617,2019-08-04T11:06:40Z,386dea4944e0b83648b4b6faf510fd47b0e9e29a2bb9311fe8a80ee2,60.17918,24.95141,00000000675d5200,18.79
14618,2019-08-04T11:06:40Z,38fe4d3136f12b444ebe10b0db89d752ecc9527c799d1dbb1a3f12e1,60.1538,24.95595,0000000038bf9618,25.36
14619,2019-08-04T11:06:40Z,395134265ad60f36cbb21b92db8d3db4d07bd71836d174cbf1a09224,60.16829,24.94214,00000000afef4555,18.79
14620,2019-08-04T11:06:40Z,3991e38309311c3fd5aecdcf3290274a5742396d989a81387bf154ae,60.17002,24.94407,000000006b087f40,27.28
14621,2019-08-04T11:06:40Z,39e2f2a7b03cda9f877366363a3727edfefd16d2221e752dafc33634,60.17002,24.94407,000000006b087f40,17.4
14622,2019-08-04T11:06:40Z,3a23443662298e2601a38a20bcb69744211c52d9735d50c80d553ff4,60.16897,24.95222,00000000aa852af1,29.32
14623,2019-08-04T11:06:40Z,3ac85712ab657e849113d439795c4e7325d1025cacdbd9a41174b031,60.17002,24.94407,000000006b087f40,23.56
14624,2019-08-04T11:06:40Z,3ac9d056b0f04f774b238a125eb996d46437f7a8c5f6ba6712e971cf,60.17918,24.95141,00000000675d5200,8.38
14625,2019-08-04T11:06:40Z,3b355c039877bd4883845f3fc6ad8dd6f41f170274042f1397585680,60.149,24.9843,00000000fffb8cf0,13.75
14626,2019-08-04T11:06:40Z,3b4dda811f084f91b7dd61344c97aa6cac444a02d825183d53cca5d0,60.16762,24.95415,000000006b44cce7,12.69
14627,2019-08-04T11:06:40Z,3d4b3f57254ddf062d543395390cd9b3286a37d8bda1b09203a99b15,60.16544,24.95398,0000000038d83d41,31.5
14628,2019-08-04T11:06:40Z,3e36420df19c06796a79acdad84551653de9b0132cb0987329f75291,60.16897,24.95222,00000000aa852af1,23.56
14629,2019-08-04T11:06:40Z,3f5d3aed90718f7fb8e8a13ac7002718cc22cbe190beb96821ba52e6,60.17065,24.93641,000000000f4919c9,23.56
14630,2019-08-04T11:06:40Z,3f67c6713a6cca446a46616c9970c7a2ddffb03f21e10c8ea9b2f380,60.16897,24.95222,00000000aa852af1,29.32
14631,2019-08-04T11:06:40Z,3fde075082af3062c2bebc5e09ad55bda3de70b5f492bdfb21f284c9,60.173,24.92524,0000000096918cfa,36.27
14632,2019-08-04T11:06:40Z,3fe4e214448b0c9a8dfbee81c347d82a8f0b26859201fb1d77f40fa9,60.16762,24.95415,000000006b44cce7,10.78
14633,2019-08-04T11:06:40Z,411febba567281e3da6030aa21191fe5efdd090f54aec41ca291563a,60.16897,24.95222,00000000aa852af1,29.32
14634,2019-08-04T11:06:40Z,42d34a6c595760e51052178acc978bdb2b6348e0405f7b58c57f0915,60.16829,24.94214,00000000afef4555,21.87
14635,2019-08-04T11:06:40Z,430248827311f2a35f35eddf73299c91aca3dbf8e22471fff5844932,60.16544,24.95398,0000000038d83d41,25.36
14636,2019-08-04T11:06:40Z,4472fa277123afabdf2402fc2a3c5bff2be437e6d56b590278de70fc,60.17065,24.93641,000000000f4919c9,29.32
14637,2019-08-04T11:06:40Z,448f6044c6c095d8c71341a0017dd6746f6e150f03af7c78b794308f,60.16762,24.95415,000000006b44cce7,5.41
14638,2019-08-04T11:06:40Z,4538bf4d0ca02f13fad76c46f7b34e72978c49b0cdfe4ea9fe151a50,60.16762,24.95415,000000006b44cce7,7.05
14639,2019-08-04T11:06:40Z,46b576e18e757fc4ec008b41d3c28ec5415a2c2c2f143042e5413137,60.16762,24.95415,000000006b44cce7,14.89
14640,2019-08-04T11:06:40Z,47cd1dcac88434ffdc4b868e7f1d8d8a604700564bc83a7c0a3928be,60.16762,24.95415,000000006b44cce7,4.5
14641,2019-08-04T11:06:40Z,47f787c639f2eed345eb5dca409ffcd989850399a1ab781500dd6e82,60.17918,24.95141,00000000675d5200,3.09
14642,2019-08-04T11:06:40Z,4833b1ea4f519407574f5a838d93a39de28c756c5f53de7ee273b577,60.14947,24.91438,000000004ef3150d,8.38
14643,2019-08-04T11:06:40Z,49084ae4b6419be9e7bb0c9b1420142e07d6ac3c17c07c26895461ed,60.16829,24.94214,00000000afef4555,14.89
14644,2019-08-04T11:06:40Z,4954540aca30f8f56f918178fbd53ee48ddef7a231d425061f6b2f6f,60.18203,24.91341,00000000342570c2,29.32
14645,2019-08-04T11:06:40Z,49d6f6bd5878bfac30a67fe92d1501b5b09cab38ab2b35b661902f0d,60.14947,24.91438,000000004ef3150d,12.69
14646,2019-08-04T11:06:40Z,4a2286eca689d9c867cfa19d43b9b917d29769b66b9e0a968f6c3859,60.16897,24.95222,00000000aa852af1,13.75
14647,2019-08-04T11:06:40Z,4a54cbed9c373a4136f8851f3f5736eb2fadd5766d316eb5ebbdd231,60.17918,24.95141,00000000675d5200,13.75
14648,2019-08-04T11:06:40Z,4a912b6c106b63933a8c9cc39598823bcb2c94d4b1cc8a5d55cb3972,60.16829,24.94214,00000000afef4555,3.4
14649,2019-08-04T11:06:40Z,4b5b3e8f2b484bc08b196c265f65c70151bd69f6263318eb29125db2,60.16829,24.94214,00000000afef4555,9.12
14650,2019-08-04T11:06:40Z,4cf634fc84e128c3b9bce07a4b726d136e18f0eea4229fdbb48f6db1,60.16897,24.95222,00000000aa852af1,14.89
14651,2019-08-04T11:06:40Z,4d31b0561dbfc9ef5acbd44ba92acb4ca7bad86b948634f005173ece,60.14699,24.922,00000000a53ed894,9.12
14652,2019-08-04T11:06:40Z,4ecb021e026179236f488d8ad249e718bd1577b00c2aea9c3ad95f88,60.1538,24.95595,0000000038bf9618,29.32
14653,2019-08-04T11:06:40Z,4ee41e28902eefcc5c43f89251fab6180f18fce0b6201bdc3bec7583,60.16829,24.94214,00000000afef4555,21.87
14654,2019-08-04T11:06:40Z,4fb84ecf5d221439a3af3b68650b3b7dea1d1324213f3ea57669ead0,60.18203,24.91341,00000000342570c2,25.36
14655,2019-08-04T11:06:40Z,508ee0778f7d5571ac4aa05211272911339b293ff62069f14cd4aa0a,60.16897,24.95222,00000000aa852af1,23.56
14656,2019-08-04T11:06:40Z,52c7e30dd19b4e037fdee5b80dfcb2fa85be4a3f1d132c2fea1cfe90,60.16762,24.95415,000000006b44cce7,23.56
14657,2019-08-04T11:06:40Z,52daa31a2b3c1c07f78d96ebb4de3a965da5ef0a8035afbd0f7451fb,60.16531,24.9442,00000000fdda10fe,13.75
14658,2019-08-04T11:06:40Z,54d53f276563f566e1cd61b100408412cf78b4fe9fcada830aa6e23b,60.14947,24.91438,000000004ef3150d,9.92
14659,2019-08-04T11:06:40Z,54dc7391620a6069eadeb315f12a9149647a0fc084a14bf580f444b2,60.16629,24.95957,00000000fb7600be,27.28
14660,2019-08-04T11:06:40Z,5518b2315c236d486c7a5a4fc27c44987672b2f9a0751ffdaa9cbf78,60.16829,24.94214,00000000afef4555,5.91
14661,2019-08-04T11:06:40Z,56101419005237b836e4ed14d91dfa6f9edc4c92b5fcb419943897bb,60.16762,24.95415,000000006b44cce7,9.92
14662,2019-08-04T11:06:40Z,56318cc7f3616fceec2564cbb1f6ca8b88ea861935a1ada93aafd7b0,60.16897,24.95222,00000000aa852af1,11.7
14663,2019-08-04T11:06:40Z,56d473e2a8c6e4edede96e4d51006d4608d8087f1bdcfbb7232338b6,60.16762,24.95415,000000006b44cce7,16.1
14664,2019-08-04T11:06:40Z,56ef15210d87074a2705a68a06e5819fd891c19c3574762b4f036151,60.14699,24.922,00000000a53ed894,20.28
14665,2019-08-04T11:06:40Z,571934189bf349efb6f596e76c21612cf9b82ed44913090169936048,60.17065,24.93641,000000000f4919c9,23.56
14666,2019-08-04T11:06:40Z,584cb0b0cdd14e608c8b57c8aecc9826f9b40027e365e2438a444ea2,60.16762,24.95415,000000006b44cce7,11.7
14667,2019-08-04T11:06:40Z,586f70961bf72597ce00f89d3602178ecc6ac8838a8acec48bba7f9f,60.14699,24.922,00000000a53ed894,16.1
14668,2019-08-04T11:06:40Z,58c5faa3a5a33380286fc185676e8f2764cdde5a6dc9f43eee9d3b0c,60.16448,24.97323,0000000053c6c2be,21.87
14669,2019-08-04T11:06:40Z,59b87e6921598d25b092b66e140328fa03c9f06fe4e697dd344f378a,60.17002,24.94407,000000006b087f40,16.1
14670,2019-08-04T11:06:40Z,5a730ea19664020323272509e5443616ea3f1cecd7b295e294be4ba7,60.14947,24.91438,000000004ef3150d,11.7
14671,2019-08-04T11:06:40Z,5a755f0653ee0e334448418099ed85023db0a9984c280cfbadd74160,60.173,24.92524,0000000096918cfa,23.56
14672,2019-08-04T11:06:40Z,5c404f374a48548bfe8b02859d12ae59c4ae608fae2139fd71ef51b1,60.16762,24.95415,000000006b44cce7,14.89
14673,2019-08-04T11:06:40Z,5d9aa6fcb0d81ceaa80ca13cc08a88138be517656646e0ba0942ce46,60.16897,24.95222,00000000aa852af1,16.1
14674,2019-08-04T11:06:40Z,5e0289eb3bdaad8fcb5f57629501df80b5925a8829d5d1fdeb73caae,60.16629,24.95957,00000000fb7600be,29.32
14675,2019-08-04T11:06:40Z,5f5805a3ffd092506452c4d45ea8fc037ae23ea726f0b0809ca6ffde,60.16829,24.94214,00000000afef4555,16.1
14676,2019-08-04T11:06:40Z,6138e6ab3e1e74425af8945a6fcc294c1469a0b9c448b780bcf9d2e2,60.14699,24.922,00000000a53ed894,16.1
14677,2019-08-04T11:06:40Z,62d86ee13e6ae7a5c41ffc2de746df72d4ef6e8d2b6a51ce1c68965f,60.16829,24.94214,00000000afef4555,13.75
14678,2019-08-04T11:06:40Z,62e27092b58abcaf80564c408d0d4a7b821abaee92dc2f02ccb11e61,60.16762,24.95415,000000006b44cce7,13.75
14679,2019-08-04T11:06:40Z,63e498fd789abe431cdf86f184a50616c85717e1efc893da1e1a2222,60.16897,24.95222,00000000aa852af1,23.56
14680,2019-08-04T11:06:40Z,665f740f44a8e7753661d82401b6583731ba22ec9ad1845737da0bee,60.17065,24.93641,000000000f4919c9,38.87
14681,2019-08-04T11:06:40Z,66755836036c771e53ffd9d0dc09b8575231b53b80af22e868691a2a,60.14699,24.922,00000000a53ed894,6.46
14682,2019-08-04T11:06:40Z,697103160f0b3dc0ba38ccdd18203ae84ec35fc314322d1172c093b2,60.16829,24.94214,00000000afef4555,9.92
14683,2019-08-04T11:06:40Z,69852d528034ea6fc746ed8942c32f1c90bc33a7a7317dfac3c9b1c1,60.14699,24.922,00000000a53ed894,5.41
14684,2019-08-04T11:06:40Z,6a0ef27c461c686b1a51504b40c03c455e047bf9777bf46808e0ca04,60.16762,24.95415,000000006b44cce7,21.87
14685,2019-08-04T11:06:40Z,6ac1903c80e63433e4bc744dc0e801bff647117d38d3753fb9a6a4c1,60.173,24.92524,0000000096918cfa,18.79
14686,2019-08-04T11:06:40Z,6ac8fdd67b3dd11f0bae935f3a285880138382088238b97f511d3f12,60.16897,24.95222,00000000aa852af1,14.89
14687,2019-08-04T11:06:40Z,6e2fbf091d5c86667e060d7ec44f48f0f5d7b1d55b1899f2939f247a,60.16762,24.95415,000000006b44cce7,13.75
14688,2019-08-04T11:06:40Z,6e492dbc3f10157e7ff00826a839a97262ab36244ccc57b702a89999,60.16531,24.9442,00000000fdda10fe,18.79
14689,2019-08-04T11:06:40Z,6e6d28c8835157a731c24c90104e972e6ccaad396d718d2a7e0763ab,60.16897,24.95222,00000000aa852af1,38.87
14690,2019-08-04T11:06:40Z,6eeb71c74d753822f920829149d942cf52b726b0b83c5aa3e6cb132e,60.16762,24.95415,000000006b44cce7,16.1
14691,2019-08-04T11:06:40Z,6f735df418a9330bcb95c84da9d3de9b3d5a20e55a7aa084da1eef03,60.16762,24.95415,000000006b44cce7,13.75
14692,2019-08-04T11:06:40Z,6faf62fbff92729472d61bc9a13a5e72833e55bf713863161f8ca9cb,60.15432,24.9211,0000000019fb59c4,23.56
14693,2019-08-04T11:06:40Z,700c14fe35186c01f82d0f13e99678e0c1db2b2fd58051b08fda606a,60.16448,24.97323,0000000053c6c2be,20.28
14694,2019-08-04T11:06:40Z,70865ff0fd32dc9fc73f25e929a40535a717664003e66c14224a9d90,60.16762,24.95415,000000006b44cce7,17.4
14695,2019-08-04T11:06:40Z,70ffae2b8178e0915c5de7816f8dd8bcc3af745ee49df8ac4da4adba,60.17918,24.95141,00000000675d5200,27.28
14696,2019-08-04T11:06:40Z,714e80a1e3c0fee43e312f314b2faec47e582ee8dac47e4818dbc2f9,60.149,24.9843,00000000fffb8cf0,3.09
14697,2019-08-04T11:06:40Z,71516fc8349cfaf2b5c4ab80ade6078494d93d13e9953af15e5ced30,60.18203,24.91341,00000000342570c2,13.75
14698,2019-08-04T11:06:40Z,71c1367c7dea4dfa243172e02b9092c7a0810bef003216681759891e,60.16897,24.95222,00000000aa852af1,29.32
14699,2019-08-04T11:06:40Z,730d975773cc8c9c07ff88fb87377ff64a961a96e9237e59859fa46f,60.16762,24.95415,000000006b44cce7,4.94
14700,2019-08-04T11:06:40Z,738973c9b5f9882f29075e47ca10e50ba3fb9883da779f41545175f4,60.17918,24.95141,00000000675d5200,18.79
14701,2019-08-04T11:06:40Z,7552783317be1ef797980c3a9ee9c5967d4e7b32765f23c51ffda02d,60.16897,24.95222,00000000aa852af1,20.28
14702,2019-08-04T11:06:40Z,75d452cbba63995ad06213b577081e8db650c80b3a78060789a8e831,60.16762,24.95415,000000006b44cce7,9.92
14703,2019-08-04T11:06:40Z,765243fc3021a21bc913ebdd4ce13c3606a5f0e655244884fa039ee6,60.15432,24.9211,0000000019fb59c4,21.87
14704,2019-08-04T11:06:40Z,7674996605c9b6e865c5b2f5d44cc5dcd0b4ffbefacb8139972b0350,60.16762,24.95415,000000006b44cce7,5.91
14705,2019-08-04T11:06:40Z,79bde23c1a8980f93a65e14306f0d8ea89e164430d8b991e2bfee82e,60.16531,24.9442,00000000fdda10fe,11.7
14706,2019-08-04T11:06:40Z,79f6ceff0d0fc6687b4982c4d38a9ebb0a1056b6e0c448b1b9e79e8e,60.16897,24.95222,00000000aa852af1,21.87
14707,2019-08-04T11:06:40Z,7afc351f0ed7619c18c64ab06971196bb53d53e2d460151ab711bc0f,60.16762,24.95415,000000006b44cce7,25.36
14708,2019-08-04T11:06:40Z,7c55ecf165387948602e82b684a55be093691849fde2d96ad6574475,60.17065,24.93641,000000000f4919c9,8.38
14709,2019-08-04T11:06:40Z,7ddcdde2316659d0fa4b8597b86430e095ea0bc7f3564a9d05fc60f8,60.16897,24.95222,00000000aa852af1,9.12
14710,2019-08-04T11:06:40Z,7e524ee3c3e87684ab5dd7d12cfd44f1627869f4590ef0effa1200bc,60.17002,24.94407,000000006b087f40,23.56
14711,2019-08-04T11:06:40Z,7e78b2348d9576c63ebb626030ee9d43e2bf07e860782adf3f1c452b,60.16829,24.94214,00000000afef4555,9.12
14712,2019-08-04T11:06:40Z,7ea276abbe2f1bfd85b2493f7b4c801189e673c0b4dc987d2c8e30dc,60.14699,24.922,00000000a53ed894,14.89
14713,2019-08-04T11:06:40Z,7eefc5581c616491b78192b28b519ba727dc884a87bc06b8df1ea4f2,60.14699,24.922,00000000a53ed894,12.69
14714,2019-08-04T11:06:40Z,7f95126e2fe39b74b61f9df1002b58453d22fe79458cebfeed9b9982,60.16829,24.94214,00000000afef4555,16.1
14715,2019-08-04T11:06:40Z,80ffa6235c9fd84bd35d46706c7d0c4126ee0e241a070c5ae5f30d14,60.16762,24.95415,000000006b44cce7,14.89
14716,2019-08-04T11:06:40Z,822590bd49bcf7ed4de4f8389586915c343b29c4283ff8b90d7c1d39,60.17065,24.93641,000000000f4919c9,11.7
14717,2019-08-04T11:06:40Z,82ac749474448abac333d00869cb8b508872f86293913d95eae26a05,60.15432,24.9211,0000000019fb59c4,4.94
14718,2019-08-04T11:06:40Z,82cddd3b9f58762d36efe78da4e2722ee587cfdb3fdbc58b52673082,60.16629,24.95957,00000000fb7600be,12.69
14719,2019-08-04T11:06:40Z,842340aa39a680a5c969b20db5027c8e1b123077045e8046a997391a,60.16448,24.97323,0000000053c6c2be,23.56
14720,2019-08-04T11:06:40Z,844b8ad6ebf530978d1139d527a681991f4d3eed6be5bc723f0b2192,60.16531,24.9442,00000000fdda10fe,1.12
14721,2019-08-04T11:06:40Z,87ea10367f1569e575dc4bc60f0f4238eafb52ba8a2cc8e5e4584232,60.16829,24.94214,00000000afef4555,16.1
14722,2019-08-04T11:06:40Z,87ee2ae24a1a0871184580c39a1c79955cbf954947f0ee24252c7302,60.18203,24.91341,00000000342570c2,23.56
14723,2019-08-04T11:06:40Z,87f4cf4baea8c5dfe1bc7812cc969574058bd4d2dda215192bcfc53f,60.14699,24.922,00000000a53ed894,4.11
14724,2019-08-04T11:06:40Z,886032718e05487be8bd75bb14464814044c7edd7f9a2198304f6fb4,60.16629,24.95957,00000000fb7600be,17.4
14725,2019-08-04T11:06:40Z,8c4e4851db86ec4a3ce29a58be770eb29c38b9a983351bb67d781982,60.16897,24.95222,00000000aa852af1,12.69
14726,2019-08-04T11:06:40Z,8e32f03aa51152a06255173f7dc5aaa2c75cef6f6aa829bd51fea777,60.16762,24.95415,000000006b44cce7,13.75
14727,2019-08-04T11:06:40Z,8f3d9ab893ae4a48fd3417f3a749c21e792779990ae0ad75a8f211de,60.1538,24.95595,0000000038bf9618,25.36
14728,2019-08-04T11:06:40Z,8f998d0e47a5fb2e84c8dcffb4a33ca4adeaf8db93423df171988c1e,60.16629,24.95957,00000000fb7600be,17.4
14729,2019-08-04T11:06:40Z,904a40e32a081181211d67e5dc7925882d2f4ef3b813b03d0133e26d,60.16629,24.95957,00000000fb7600be,25.36
14730,2019-08-04T11:06:40Z,9076d80e9828efb679c61440c6dcc2fce4d90055e5fb084d00bb87fb,60.173,24.92524,0000000096918cfa,12.69
14731,2019-08-04T11:06:40Z,90b12d2b9898702fd62b343512e0d53796ae38decdf704e203a0cc39,60.16829,24.94214,00000000afef4555,18.79
14732,2019-08-04T11:06:40Z,90da50922eb335c093783f88d74e12fd3316372c836888bd15b2af1b,60.16762,24.95415,000000006b44cce7,20.28
14733,2019-08-04T11:06:40Z,91602a694bc74a2874ba7f02a7bae062a3a77cd869b86a74800415b8,60.17918,24.95141,00000000675d5200,12.69
14734,2019-08-04T11:06:40Z,92df20d921f76c63470e3f5afbe201d3ae15f5133f66c291db796082,60.16629,24.95957,00000000fb7600be,17.4
14735,2019-08-04T11:06:40Z,93272ad17155ea9499641eda7c5560691582116096278b82738ab21e,60.14699,24.922,00000000a53ed894,21.87
14736,2019-08-04T11:06:40Z,934bab75e2a2354910288b01c44fdfda4a87f92ac010109f641b3122,60.14699,24.922,00000000a53ed894,18.79
14737,2019-08-04T11:06:40Z,94ac9d6e79236013b9fa24e1c52123819228f6962b5952637ca80fcb,60.16762,24.95415,000000006b44cce7,11.7
14738,2019-08-04T11:06:40Z,951482f3e2e41b496e34885c346c4a7ab09427178119caa9b8bbcbb6,60.14947,24.91438,000000004ef3150d,18.79
14739,2019-08-04T11:06:40Z,97490f522f1a0226c8f7e8ed7bca08dd71b63d80b46d38020127b868,60.14699,24.922,00000000a53ed894,9.12
14740,2019-08-04T11:06:40Z,9756e6d443ac39f05cafcc0913fec8b2e5e8a9a752d70b532f34b598,60.16762,24.95415,000000006b44cce7,27.28
14741,2019-08-04T11:06:40Z,9957bc7c3ab3db3d8df4e78289d04293095d85df98f994833269be8e,60.173,24.92524,0000000096918cfa,13.75
14742,2019-08-04T11:06:40Z,998a30ee5f5ff6d2bc9ed04420591e525ded59ad66d09eefa240cc8e,60.16762,24.95415,000000006b44cce7,13.75
14743,2019-08-04T11:06:40Z,998ac46ad73c197bab1f36dca67d8bcaa3aca92249185a5e3715043f,60.17065,24.93641,000000000f4919c9,12.69
14744,2019-08-04T11:06:40Z,9a49d0b5a67fba15ce8971503f6fea88994b33487a842397c5e8564f,60.16762,24.95415,000000006b44cce7,2.54
14745,2019-08-04T11:06:40Z,9aa588cb6f425117e45726b6b9adb7ef86c8f7c8113b547dc61f068a,60.16897,24.95222,00000000aa852af1,21.87
14746,2019-08-04T11:06:40Z,9b17422199e594df512c6cda493d8fc5b5141741b2f804eb18016640,60.14699,24.922,00000000a53ed894,27.28
14747,2019-08-04T11:06:40Z,9b24f69458294d27d07a0169665965135fd02f4c953f85bcebf4ba87,60.16762,24.95415,000000006b44cce7,14.89
14748,2019-08-04T11:06:40Z,9b4b0705e58750d2bcbd71ad65d85677f7e77db5dfe69d1a70b5d31f,60.17919,24.95181,000000007b5207b6,16.1
14749,2019-08-04T11:06:40Z,9bc91538b73e0220fcf5cd07290c07d56f6f48d3ba0ba6b6b0876da9,60.17065,24.93641,000000000f4919c9,7.05
14750,2019-08-04T11:06:40Z,9bef562c292174f1eb3933116effff74a8733a78e5c1df140de3fd6c,60.17919,24.95181,000000007b5207b6,4.94
14751,2019-08-04T11:06:40Z,9c0b1d2c4c67c07e547e810a94efeaaa1187ae82977e03748470281c,60.16897,24.95222,00000000aa852af1,27.28
14752,2019-08-04T11:06:40Z,9ced7d70503ba24882b6e283fa95ce42e02c1a3618adeb448558c50c,60.16897,24.95222,00000000aa852af1,17.4
14753,2019-08-04T11:06:40Z,9eb1e9bfdceb76ef852f89ebd82139602125f9731b791465e1c21f81,60.16829,24.94214,00000000afef4555,4.5
14754,2019-08-04T11:06:40Z,9ee794b928106182f11707143b1183ed5d2d7d1b24c157450127d6ad,60.16762,24.95415,000000006b44cce7,17.4
14755,2019-08-04T11:06:40Z,9f1920350685b4cb747c535ba3c3dc1cb29587668bd507ab96e5692f,60.16629,24.95957,00000000fb7600be,20.28
14756,2019-08-04T11:06:40Z,a066e2044b486819fe2185765f63ed87f8d10c502f26a01be1f1a758,60.149,24.9843,00000000fffb8cf0,23.56
14757,2019-08-04T11:06:40Z,a0ec1a8d581f94e640a6858a674699d2464ec065e6faea9d4ce2a13b,60.16762,24.95415,000000006b44cce7,5.91
14758,2019-08-04T11:06:40Z,a1439b6683d0598c7a05080c3693a17c198f7b8c3297c77324ef4859,60.16829,24.94214,00000000afef4555,13.75
14759,2019-08-04T11:06:40Z,a2f0adf51cb9d2a5417cc0797183513a8bbcecfbc717a1b63e42027d,60.16762,24.95415,000000006b44cce7,3.4
14760,2019-08-04T11:06:40Z,a30740fbf4b7e21f6fe2996e9325c90936de161cb2165e87cd96fd35,60.149,24.9843,00000000fffb8cf0,5.41
14761,2019-08-04T11:06:40Z,a488d8700d0761c51d771677bb82a9a5bbb86e97e0d5835aeff65d2b,60.16629,24.95957,00000000fb7600be,16.1
14762,2019-08-04T11:06:40Z,a50e0bb8fd1ad4ad264c3246b210a0c6285faae591c1bd2c2c3458af,60.16829,24.94214,00000000afef4555,14.89
14763,2019-08-04T11:06:40Z,a51a9aab75637e56bef3effddc420dfcd95b8cbd85d95917aaac38d5,60.16762,24.95415,000000006b44cce7,10.78
14764,2019-08-04T11:06:40Z,a5835ce352a1e6d8fb6bdc410fae1076c756f7dac8e202465add9277,60.16762,24.95415,000000006b44cce7,11.7
14765,2019-08-04T11:06:40Z,a5d632ac8ffc19a626de034d3c9444fd262ee6edada285c816ea9266,60.16531,24.9442,00000000fdda10fe,6.46
14766,2019-08-04T11:06:40Z,a81c19fb85eebf853246cdc4d8e38245dfa5ba15c180eaa1bcc0378d,60.16829,24.94214,00000000afef4555,11.7
14767,2019-08-04T11:06:40Z,a8c4f6feb3636400ed19b5c49ae86a45245705fee6a9f615c191f889,60.16829,24.94214,00000000afef4555,17.4
14768,2019-08-04T11:06:40Z,a98fc06dc605583814a2aa182295b88f81657ef2daeee7aaec792e7c,60.16762,24.95415,000000006b44cce7,9.12
14769,2019-08-04T11:06:40Z,aa4547c0b6b8be30776e08d524ceeacfbc9930ad720e11fa4cb20882,60.16531,24.9442,00000000fdda10fe,1.25
14770,2019-08-04T11:06:40Z,aa4f0a620aff891cd201b7690bc641eeb43d9fe84b11b06755b7cec3,60.1538,24.95595,0000000038bf9618,27.28
14771,2019-08-04T11:06:40Z,aaabd3028e2bd9f8b0e3a929c8728cb364551bd70da3208662b12033,60.16762,24.95415,000000006b44cce7,10.78
14772,2019-08-04T11:06:40Z,ab1377ddf669bb806f8db586f4ce5ab9f0f4257dda61fe800d8509f5,60.17065,24.93641,000000000f4919c9,12.69
14773,2019-08-04T11:06:40Z,ab6e8769f50a15ea5e0d64f48aaa12886b7599a18cc0eb071a21ae5f,60.16762,24.95415,000000006b44cce7,10.78
14774,2019-08-04T11:06:40Z,ab9310807d2eb4984b053d38f467cb5d3e4211ff71ceb059480cf9ba,60.16829,24.94214,00000000afef4555,20.28
14775,2019-08-04T11:06:40Z,ac5c7e04b55d6d70659e5b8f4705309b9367c78a0edb7ce85f42c181,60.1538,24.95595,0000000038bf9618,25.36
14776,2019-08-04T11:06:40Z,adf3914eaf1478a77ba35ea49262388e4babe633207748c7608b8780,60.16762,24.95415,000000006b44cce7,17.4
14777,2019-08-04T11:06:40Z,ae3cda5066e455d4b1e58860e8fb7a35efad69b9964a676b476b0687,60.14947,24.91438,000000004ef3150d,5.41
14778,2019-08-04T11:06:40Z,af05aef0d368766300bd97074ddaa3500a814ee758ad3ba0d221ed54,60.17065,24.93641,000000000f4919c9,14.89
14779,2019-08-04T11:06:40Z,b0d6202ccd1560eaf57c06931cb6466332e41068ad2963e515819015,60.17918,24.95141,00000000675d5200,16.1
14780,2019-08-04T11:06:40Z,b2298fc6f63c02481610f9aef24f1a0c1711c255adc43c0fe135c1ca,60.14947,24.91438,000000004ef3150d,10.78
14781,2019-08-04T11:06:40Z,b26d0daac9f8fb84484cbd8ed668aeb6751e848b1c533a307d163360,60.16762,24.95415,000000006b44cce7,2.54
14782,2019-08-04T11:06:40Z,b45b86eb670eb1db475921496e6d80468f5fe2819bf3eb58f1f58506,60.16762,24.95415,000000006b44cce7,7.05
14783,2019-08-04T11:06:40Z,b4c8900041e9f8751755d3940ceac58419e6370cd81cdb90d7800de1,60.14699,24.922,00000000a53ed894,17.4
14784,2019-08-04T11:06:40Z,b50b3c2006581bccfeaa9ea964649350c7d5b8177baa29a37e628584,60.14947,24.91438,000000004ef3150d,14.89
14785,2019-08-04T11:06:40Z,b5cdbcdc30e0bf653ce353c867708b0067db5e394c8cbe848d978a77,60.14699,24.922,00000000a53ed894,18.79
14786,2019-08-04T11:06:40Z,b601cd655bb9f05aa6ec86fc9eb9300c3bc20bc0e856e94ad168a257,60.14947,24.91438,000000004ef3150d,8.38
14787,2019-08-04T11:06:40Z,b81a9bf449d3e64ad0181804598330bbf305f384b888935023742c79,60.173,24.92524,0000000096918cfa,21.87
14788,2019-08-04T11:06:40Z,b81e65168ea3278486b1c954ab229bc2eda3fe07098e824f05cd0ac4,60.149,24.9843,00000000fffb8cf0,23.56
14789,2019-08-04T11:06:40Z,b8f5834e6b992cf5568ae3153fb4b07e97b7f6dd01250851134c1824,60.149,24.9843,00000000fffb8cf0,17.4
14790,2019-08-04T11:06:40Z,ba288a5fd2befbc9ed08e7876ad7cb2bd8bfe6f5756d2ffe8e2dc558,60.17002,24.94407,000000006b087f40,17.4
14791,2019-08-04T11:06:40Z,bbf7d8b9085ddcd3b94f55f93b52cb40a251c44f5df4099ba5b61471,60.16829,24.94214,00000000afef4555,4.94
14792,2019-08-04T11:06:40Z,bc07df8cc395f6f4f5d483b2233caca5f93a6918f346e4cc3702f8cc,60.16531,24.9442,00000000fdda10fe,31.5
14793,2019-08-04T11:06:40Z,bf9ce5791ac57b111f0539859dbf4cadf8b08bde9d823abe44169ccd,60.16762,24.95415,000000006b44cce7,12.69
14794,2019-08-04T11:06:40Z,c012e9e2caf1002d24e53817bb1279becdfc4aa9dba085e93ddd88e9,60.17002,24.94407,000000006b087f40,21.87
14795,2019-08-04T11:06:40Z,c10ea5737569b2a03f49eba95e66b0cc8ed2a5b8136964be3395e452,60.16762,24.95415,000000006b44cce7,23.56
14796,2019-08-04T11:06:40Z,c17d750015a2259a1bba7471f2e4e0a1db4df53276be8c8463fd5f84,60.16829,24.94214,00000000afef4555,21.87
14797,2019-08-04T11:06:40Z,c2d88bc74172eb47d26ee5d739980baa7fc011b9973f9f18b482aa81,60.17065,24.93641,000000000f4919c9,14.89
14798,2019-08-04T11:06:40Z,c2e135ad2c160277e290705658ac41d7cd35b11ebf61d829fdd0b428,60.14699,24.922,00000000a53ed894,13.75
14799,2019-08-04T11:06:40Z,c5561c3256acd3ed1ac0796b958cdf66cc9da55aa33c5e44a11042ad,60.16762,24.95415,000000006b44cce7,9.12
14800,2019-08-04T11:06:40Z,c55894159f2080031cda702c78ee54463c3c15ab1b3638afdf687f08,60.16531,24.9442,00000000fdda10fe,8.38
14801,2019-08-04T11:06:40Z,c579eba896de95131c4cbe66bafd0f641be628aa2ff8f8a4d1f16691,60.16762,24.95415,000000006b44cce7,5.91
14802,2019-08-04T11:06:40Z,c5ffe1809d0314e1f74db7cbb63e9a1b59f6fdda752b423ea74be3b0,60.16897,24.95222,00000000aa852af1,21.87
14803,2019-08-04T11:06:40Z,c6b0ea433c3fdc73e0bac7e3faa2690506c4e8ec7fc54210446a7ffa,60.14947,24.91438,000000004ef3150d,20.28
14804,2019-08-04T11:06:40Z,c7160ae9aa31ca4dba615425303b1e527f342ede653be387ee54389c,60.149,24.9843,00000000fffb8cf0,27.28
14805,2019-08-04T11:06:40Z,c739921adb150c53f1887c6ce887adc6cd7ae7e35e69f6e4dc52fe81,60.173,24.92524,0000000096918cfa,21.87
14806,2019-08-04T11:06:40Z,c7ced11121537f55bcd7d7ab67312226dafe7c85320c5357a35d5ab7,60.17002,24.94407,000000006b087f40,21.87
14807,2019-08-04T11:06:40Z,c990a15d27cfc21e63b7c96b95949254f1194e8b27118386a589e2bd,60.16897,24.95222,00000000aa852af1,14.89
14808,2019-08-04T11:06:40Z,cb2f32be2e27fc44ead887ff7f76c0199bf68b2c6711e6880f4acd01,60.16762,24.95415,000000006b44cce7,10.78
14809,2019-08-04T11:06:40Z,cd7d0e9404c9f4e8fab0742460b9acb4d5bbb97f44df80d4a8b973cd,60.17002,24.94407,000000006b087f40,11.7
14810,2019-08-04T11:06:40Z,cddbfc3b0a1459f0ea8d553779cf320d512cac6e64976182f2f0b3b7,60.16829,24.94214,00000000afef4555,13.75
14811,2019-08-04T11:06:40Z,d04b5065ec93818b731141027d11e6a1cf53de69b9737d7aea0c34da,60.14947,24.91438,000000004ef3150d,16.1
14812,2019-08-04T11:06:40Z,d162ad46250f7d87af446db22df4aa6b2eb2bf22f83beca34e857743,60.16762,24.95415,000000006b44cce7,4.5
14813,2019-08-04T11:06:40Z,d1b77fcfad94da8564d1a85ed1797255531e5ab26cc835800878fb26,60.17065,24.93641,000000000f4919c9,10.78
14814,2019-08-04T11:06:40Z,d23d6afa580687749de352818db606b272b579b77c6009badb4aa4a6,60.16897,24.95222,00000000aa852af1,23.56
14815,2019-08-04T11:06:40Z,d2e3bf982b10b2079eaa464127a286409c5030b21ffe9a2ce08bbb9c,60.16762,24.95415,000000006b44cce7,7.05
14816,2019-08-04T11:06:40Z,d2fd0c6415d2d8e49fef3415fb8747b524191b4400a4fbb66428cb12,60.14699,24.922,00000000a53ed894,18.79
14817,2019-08-04T11:06:40Z,d3bad9334d128332fc483e10ef1b77c28e5a75ac55be4de71c6b2f9f,60.16829,24.94214,00000000afef4555,5.91
14818,2019-08-04T11:06:40Z,d47a54e0b6b2e752d04d43a3278501aa0ee2a4aa9da63f6fe88700ee,60.16762,24.95415,000000006b44cce7,21.87
14819,2019-08-04T11:06:40Z,d54f7c23d54b5aedac429ef954b5ca8ac1cb09bdc07d5154b00f43d4,60.17002,24.94407,000000006b087f40,17.4
14820,2019-08-04T11:06:40Z,d68f1946805ba3d30f9ba25280986fbe003f3b5dce7245b633e0cb5c,60.16762,24.95415,000000006b44cce7,6.46
14821,2019-08-04T11:06:40Z,d71a315bac918f9a18fcd820731e6d9eb54fb0d01c324ca088ef8858,60.149,24.9843,00000000fffb8cf0,27.28
14822,2019-08-04T11:06:40Z,d82f37918d46bea29e113c6b57b901b1b960ed3337bdcce777aea476,60.17065,24.93641,000000000f4919c9,10.78
14823,2019-08-04T11:06:40Z,d86f155736e4d36de5d33bdbb3b12b717b75de44852b93419af20945,60.16829,24.94214,00000000afef4555,11.7
14824,2019-08-04T11:06:40Z,da2398acaae7f39c7b80c220d4e6917bdc7655f4c71b6e36d06cb859,60.18203,24.91341,00000000342570c2,23.56
14825,2019-08-04T11:06:40Z,dab7015659d0cd7c18f681d6089a503f9c418ae9b1dc9077084a6bcb,60.16762,24.95415,000000006b44cce7,12.69
14826,2019-08-04T11:06:40Z,db45583e1f7aaaf54e100214986dfc86aa755383e86d361639a5b19b,60.16762,24.95415,000000006b44cce7,8.38
14827,2019-08-04T11:06:40Z,dc82f9648bb5ba21e766e0923f5fa7ca2d77662ab0edbe22a3d95631,60.14699,24.922,00000000a53ed894,9.92
14828,2019-08-04T11:06:40Z,dcb8f3c3c5136c4abc8757fcb34fedc553ea044b0928f945d89334d5,60.16762,24.95415,000000006b44cce7,18.79
14829,2019-08-04T11:06:40Z,dcbd150d7326dc22a8ab087a0555b9c9549addd07f54aa909aa8ec1f,60.149,24.9843,00000000fffb8cf0,41.64
14830,2019-08-04T11:06:40Z,dda4b929b48bb959cb2b70d6ea3791e943739d8291b0c64930cbacdf,60.17002,24.94407,000000006b087f40,17.4
14831,2019-08-04T11:06:40Z,de48adf9d49eb3bc1d61dea4047618f6c77086fc44bd2b535d56504d,60.16762,24.95415,000000006b44cce7,2.3
14832,2019-08-04T11:06:40Z,de71e27b55ef6f2f51f05838a2fcab596f1dd93a14ece5ce4548f5c7,60.14699,24.922,00000000a53ed894,8.38
14833,2019-08-04T11:06:40Z,e081e4b3252ca91bbf1cbb70faa116d60317fbf3a991a67bc99b4bfa,60.149,24.9843,00000000fffb8cf0,20.28
14834,2019-08-04T11:06:40Z,e0859a9c906151023376d86762070f38ba1b3859e671531b0edac6cd,60.16075,24.95883,00000000f1124bca,14.89
14835,2019-08-04T11:06:40Z,e0d7e8b332ca8514428ab10acf6d3a6b777da62ff8ea3e18d9b32989,60.16762,24.95415,000000006b44cce7,12.69
14836,2019-08-04T11:06:40Z,e1da87aea335bcd04e4c876158b96ebc7ba4206bc216c3aa27a2f4af,60.17919,24.95181,000000007b5207b6,4.94
14837,2019-08-04T11:06:40Z,e26862fdcdd4688d81b8fe05d1ac94c5f9b3192ddc50d4c66ad12cc1,60.16897,24.95222,00000000aa852af1,16.1
14838,2019-08-04T11:06:40Z,e29168791ccd18013b58845430388cc5aac537e7e1c618aeb78900a8,60.16897,24.95222,00000000aa852af1,21.87
14839,2019-08-04T11:06:40Z,e305610124e16ed1411a221b29ce69a076cc47982efd6c098b0599ab,60.14947,24.91438,000000004ef3150d,10.78
14840,2019-08-04T11:06:40Z,e44d7228cecbdb2474e1cc396a6c13943f09c08c19d0ffab1997d509,60.17919,24.95181,000000007b5207b6,18.79
14841,2019-08-04T11:06:40Z,e557e164cd52fd817b02cad6587a294d72b0974d9b014ad69ea5e08e,60.17919,24.95181,000000007b5207b6,18.79
14842,2019-08-04T11:06:40Z,e5928057da667903de0b6c1245e1f58273dd85d63d8af0f4eaa771de,60.16762,24.95415,000000006b44cce7,9.12
14843,2019-08-04T11:06:40Z,e5b9b4813c081a31fb498e7f9adb94918c267dfa125c63790c0d9488,60.149,24.9843,00000000fffb8cf0,1.7
14844,2019-08-04T11:06:40Z,e8530b87d248fb9f6f44200a9b5634e7517e8d6d835e921280db51fb,60.16897,24.95222,00000000aa852af1,31.5
14845,2019-08-04T11:06:40Z,e97ba22b59a38317629569b1436cdd3787ac8efdf4b47a48c7646e26,60.16762,24.95415,000000006b44cce7,14.89
14846,2019-08-04T11:06:40Z,e9d59e25b58f33f70aad6832863cb59d7485ca55a1575558f92b74e7,60.16897,24.95222,00000000aa852af1,13.75
14847,2019-08-04T11:06:40Z,eb261026c6f65b651ddf21bed629a1e164cfb500d0b78062704ec15c,60.16762,24.95415,000000006b44cce7,8.38
14848,2019-08-04T11:06:40Z,ec3d7e964cdc4b954880f25dd9480b583dc6c9e5520baf4ceb8fb424,60.16762,24.95415,000000006b44cce7,4.5
14849,2019-08-04T11:06:40Z,ec485175d2b7a2c53d03bf546aee134c116d998976601b069570c6f9,60.14699,24.922,00000000a53ed894,21.87
14850,2019-08-04T11:06:40Z,ecb1735f180422ec69f041cd2782a26c9f07d27a87893b3c30aaa9b7,60.16075,24.95883,00000000f1124bca,4.5
14851,2019-08-04T11:06:40Z,ecb5655da668bb183a5c270a96927649c323975e318184d248247099,60.16829,24.94214,00000000afef4555,23.56
14852,2019-08-04T11:06:40Z,ede13c9dc221bbc6c1daf78250fa6547303c06d7606c05ba0bf64547,60.17919,24.95181,000000007b5207b6,11.7
14853,2019-08-04T11:06:40Z,eea43687eab35d2c386347881796eb1c8279076b9e9642ebc2cd06ac,60.16762,24.95415,000000006b44cce7,6.46
14854,2019-08-04T11:06:40Z,ef15ff71b7dc4c2088249a4fca7e28900ae315245a7a3b4d571bf582,60.16829,24.94214,00000000afef4555,7.05
14855,2019-08-04T11:06:40Z,ef33ccdfcdb12920eabb3306e0f86dc7e6060a5d3864b03e2de7e1ef,60.16897,24.95222,00000000aa852af1,10.78
14856,2019-08-04T11:06:40Z,ef45fdc095ee55730384922266d8fce61de212d3c3df2441ea10e524,60.14947,24.91438,000000004ef3150d,12.69
14857,2019-08-04T11:06:40Z,ef5e495c5f9d3dd9eb22ed5b8faf1cc9e4225d4785ebb26a87d16fff,60.14699,24.922,00000000a53ed894,8.38
14858,2019-08-04T11:06:40Z,f014103201b8ae8f495f8e1e04da3c934079461391d4801ee6c2faaf,60.16762,24.95415,000000006b44cce7,27.28
14859,2019-08-04T11:06:40Z,f0c1bd214fca2dfc8f77090a04cf28115dc8a722fbad299909fac5e4,60.14699,24.922,00000000a53ed894,20.28
14860,2019-08-04T11:06:40Z,f11c02cbebb4049a29f10d2ee6aac8a9ca3b7b9609a39d69463461a1,60.17065,24.93641,000000000f4919c9,20.28
14861,2019-08-04T11:06:40Z,f196f5f8c08299d290b3bac1944e00bb1f2c90594db66438b0c10e6e,60.16629,24.95957,00000000fb7600be,12.69
14862,2019-08-04T11:06:40Z,f2657ffae2874f68002fc4b75fb489a255be88015f067e2cf500da8d,60.16762,24.95415,000000006b44cce7,16.1
14863,2019-08-04T11:06:40Z,f3cee9bbe2aec5ac208a141e882900be3fd94a646cb2850d8c879a0b,60.16762,24.95415,000000006b44cce7,17.4
14864,2019-08-04T11:06:40Z,f4537d3a0c1408b022793f60b53e651b2eac6640fa66b9248338e815,60.16762,24.95415,000000006b44cce7,21.87
14865,2019-08-04T11:06:40Z,f4b9fc6acb673aea24fe00dfbe806b81fedab0c2ea82d781f7659ce5,60.16762,24.95415,000000006b44cce7,3.09
14866,2019-08-04T11:06:40Z,f5ffa3dbcdd5592ac31344cb04a7a6d639109a4d6e196fa0df3990dd,60.17065,24.93641,000000000f4919c9,23.56
14867,2019-08-04T11:06:40Z,f616fbd0fde8316049c3068ae4368dc9f486f8da4bf5516e9ba82578,60.16897,24.95222,00000000aa852af1,20.28
14868,2019-08-04T11:06:40Z,f62b86ef56fa9417b0128f2fff6530aed6f2a50d3f65bbbfdcbbee59,60.16762,24.95415,000000006b44cce7,12.69
14869,2019-08-04T11:06:40Z,f756416830b046336a677173f34b00e83412904998e92cfb4ebe207d,60.16762,24.95415,000000006b44cce7,11.7
14870,2019-08-04T11:06:40Z,f78ef2ddbe48b534137498eab56c0a55ec0e0b1d8868e82cb5652a0e,60.14699,24.922,00000000a53ed894,7.69
14871,2019-08-04T11:06:40Z,f855918d61069661cbf8633b228a5fb9e5cd5ea7b2946bfc5b9fc315,60.16829,24.94214,00000000afef4555,14.89
14872,2019-08-04T11:06:40Z,fa1579394f4980e1fe11248f7be4e646b601a3d8cdb9361f182d066c,60.16762,24.95415,000000006b44cce7,16.1
14873,2019-08-04T11:06:40Z,fa15a46a5326515aa1a4b43762ef2018a2be3ac983c811558c1fe104,60.16762,24.95415,000000006b44cce7,9.92
14874,2019-08-04T11:06:40Z,fb37b263777ffcf7fe1fb6484821cae2b8beb03b5f5009109748dedb,60.16762,24.95415,000000006b44cce7,10.78
14875,2019-08-04T11:06:40Z,fe66b5c68be4e08cb41fd52226d420957912d25f624ee36b3555e6f3,60.17002,24.94407,000000006b087f40,25.36
14876,2019-08-04T11:06:40Z,ffb7319984ecae155652e100da9b204f0b92f3b6c7239cfea4dcf966,60.14699,24.922,00000000a53ed894,23.56
14877,2019-08-04T11:06:41Z,004c3624f943830bc6a9f17173a2cd0996622cade5184ad2b9fba729,60.16897,24.95222,00000000aa852af1,8.38
14878,2019-08-04T11:06:41Z,0152988639aaaa9cc27213280c8f0c0c8ec97ae6a45aaaf743c9c25d,60.16544,24.95398,0000000038d83d41,23.56
14879,2019-08-04T11:06:41Z,048a4191e2e9ce1733556eda54c4123345c70aeced0f8ecf7d52b916,60.14699,24.922,00000000a53ed894,17.4
14880,2019-08-04T11:06:41Z,09ddbf38333e76a79fd836112bd8c3f8bf7f3dadfb3d49945ad4c486,60.16897,24.95222,00000000aa852af1,4.11
14881,2019-08-04T11:06:41Z,14c7e1511b70f4dd3359cbece1377aebb4d70531f5489eefe53d7c3c,60.16544,24.95398,0000000038d83d41,25.36
14882,2019-08-04T11:06:41Z,16c994bb2e24124a910c247376d16e980a65626a94c4c0aaab27df60,60.16829,24.94214,00000000afef4555,17.4
14883,2019-08-04T11:06:41Z,1bba37ee9376f8052f3606bb777546c2c4d1e84dad7afd93d4cffa45,60.16762,24.95415,000000006b44cce7,13.75
14884,2019-08-04T11:06:41Z,25a7ff811c3c06e426c7c2cbb0433d9a2a3399b23afecbd35584ab0f,60.18203,24.91341,00000000342570c2,11.7
14885,2019-08-04T11:06:41Z,32dd92b5a658392a4ec84eaf95152ee72258b6b0fb670b97882ac902,60.16829,24.94214,00000000afef4555,7.05
14886,2019-08-04T11:06:41Z,3b5cafe90982db26cf737b2e4cd4275276f6a031bca3b2a1f73023b2,60.14699,24.922,00000000a53ed894,12.69
14887,2019-08-04T11:06:41Z,3fe5f4ccfa5c777ceafda0674d7c9da6f509f6694b4c2fa254b32e73,60.16897,24.95222,00000000aa852af1,16.1
14888,2019-08-04T11:06:41Z,43b676ed3aef4c2d8846694817e76117873be52e7f788e0cb366c1c4,60.16629,24.95957,00000000fb7600be,29.32
14889,2019-08-04T11:06:41Z,44d0b94469070803869f229601e877beb613c3f5aafa009addf97a1a,60.16544,24.95398,0000000038d83d41,31.5
14890,2019-08-04T11:06:41Z,4656bad9b5e6dfc3977eca308fc1db3dbf8b0204b90d09b001da242e,60.1638,24.96846,00000000d747f075,21.87
14891,2019-08-04T11:06:41Z,5d65719c4cbf045f068d084b72302f447d5fd034413d97d13be00d0e,60.18203,24.91341,00000000342570c2,18.79
14892,2019-08-04T11:06:41Z,69219e9efa41ae9e732653e9eaf08e1a34cb853a9dafe76ddeea4d04,60.16897,24.95222,00000000aa852af1,25.36
14893,2019-08-04T11:06:41Z,6a70e2fbced719333e21eff04fcb9cb36bae9a04d1a3d6ddd96f2c58,60.15432,24.9211,0000000019fb59c4,16.1
14894,2019-08-04T11:06:41Z,6f06341f358e61699fe1e55e986dd0554bc8da28b91daf0c5ad99db6,60.16629,24.95957,00000000fb7600be,25.36
14895,2019-08-04T11:06:41Z,85ef35aecf2ff804be3d958b592705ec41c6df9c128c132c65bb283d,60.16897,24.95222,00000000aa852af1,25.36
14896,2019-08-04T11:06:41Z,87dfaad29a9276ddddb1fa021d3bc23ad14824c1af16f7d87e713689,60.14951,24.92138,0000000006dd41f6,9.12
14897,2019-08-04T11:06:41Z,88808fe92573e9cdf022cc15b9689b6b4b9429f60513c8897b0ba4c7,60.16897,24.95222,00000000aa852af1,18.79
14898,2019-08-04T11:06:41Z,8c3b1ed0846e38cc84b863a80540c8a75bfd85c8bdda36563d153110,60.16544,24.95398,0000000038d83d41,25.36
14899,2019-08-04T11:06:41Z,8c75c3289c84fe4493e1e272a77b615fe1985880c5dc68a7c1a17b53,60.16762,24.95415,000000006b44cce7,10.78
14900,2019-08-04T11:06:41Z,92aae21a6e0dd2ff71fc591b64e878502bd4677b64ac413632e9f7c6,60.149,24.9843,00000000fffb8cf0,20.28
14901,2019-08-04T11:06:41Z,9843c6216661048343a0e49cf3d8aa2883cf77f452666a1c873a1052,60.16448,24.97323,0000000053c6c2be,12.69
14902,2019-08-04T11:06:41Z,9c8556ea519835172f09c20e7688066eeec8e7f74a0c6fa3df3d9c5f,60.16829,24.94214,00000000afef4555,25.36
14903,2019-08-04T11:06:41Z,a13e5d46f0a2d1c6b58878e1b198905e9b14e3a85b5e4adab88b4b87,60.16762,24.95415,000000006b44cce7,13.75
14904,2019-08-04T11:06:41Z,b936e41d8712ae967f3ebb413fc44f060bb10613f95537757886ede2,60.16762,24.95415,000000006b44cce7,7.69
14905,2019-08-04T11:06:41Z,bfcaefe93f7fcb6aad6e62e3da473a7b5b03a62db532dad02a7d3559,60.16762,24.95415,000000006b44cce7,18.79
14906,2019-08-04T11:06:41Z,c40c37def6bf11a63a2556519a7c6233fd417cdeea2cf14f28e7c42c,60.16531,24.9442,00000000fdda10fe,21.87
14907,2019-08-04T11:06:41Z,c54f2dd0590c650ad3e52a68193db3173db5e74f90f69faa1e2d6bb0,60.16762,24.95415,000000006b44cce7,5.41
14908,2019-08-04T11:06:41Z,c97eb4181394121907d47b908495f54e5ee5145ff790f7a1dc21b3cf,60.16897,24.95222,00000000aa852af1,10.78
14909,2019-08-04T11:06:41Z,ca6927628f5ddda20036865c9345ad93d476d62ade3b181de568eed6,60.16897,24.95222,00000000aa852af1,20.28
14910,2019-08-04T11:06:41Z,cd2c2ce2425879ac455c812073aa8025c7bac76df380e4793edab46d,60.16829,24.94214,00000000afef4555,17.4
14911,2019-08-04T11:06:41Z,cf05623e4d87ce0906c0b0b7dbf53aacc1228016cd27c341228b6e76,60.18203,24.91341,00000000342570c2,18.79
14912,2019-08-04T11:06:41Z,cfc0bedb78ded52749db3188cb188bf6a250ef5990da9c5afa9623fc,60.14951,24.92138,0000000006dd41f6,25.36
14913,2019-08-04T11:06:41Z,e224ae5ea47af2e3048f83b13a1f45dc135c0ca6be72547b01729086,60.1538,24.95595,0000000038bf9618,18.79
14914,2019-08-04T11:06:41Z,e8e366e76c97944e23c0f80b4fd3ce6e5832744922297146a49f0c7e,60.16762,24.95415,000000006b44cce7,11.7
14915,2019-08-04T11:06:41Z,ed70dda6b7faebd4340dacdb452ab224d9d3c308df417b7fa76f54e8,60.14951,24.92138,0000000006dd41f6,25.36
14916,2019-08-04T11:06:41Z,f088630d7476dae7d4b7e2bb1f10575f2c89acb4b6e061f3d57c2b40,60.16531,24.9442,00000000fdda10fe,23.56
14917,2019-08-04T11:06:41Z,f30a5193aa7850aac581b8dd71512a8712c96f36fdef78d8292d4788,60.16762,24.95415,000000006b44cce7,4.5
14918,2019-08-04T11:06:41Z,f31cfded6f566f9c032c80c52ea642407be312c5d42521ab7a8d3e2a,60.16897,24.95222,00000000aa852af1,13.75
14919,2019-08-04T11:06:41Z,fc4f3a44235f1cfc7b53f14ba2da599976a5a0a220d23b852688e485,60.17919,24.95181,000000007b5207b6,10.78
14920,2019-08-04T11:06:41Z,0236a1d5b9b9d2249407a79705eee38de360ceb0530a8959ba5bc15b,60.149,24.9843,00000000fffb8cf0,23.56
14921,2019-08-04T11:06:41Z,02a354db29cd5bc16976a9d933e03a41be350f9cc78098829a7dcfd4,60.14947,24.91438,000000004ef3150d,23.56
14922,2019-08-04T11:06:41Z,034f91bc6a46b8a7e69e178edb59835cc03c6e1476fd36b94ed73f5b,60.16829,24.94214,00000000afef4555,20.28
14923,2019-08-04T11:06:41Z,03515f2dd8be9a829b8b55cec8dc0f87b3e51368f8f16e4c4014d547,60.16762,24.95415,000000006b44cce7,16.1
14924,2019-08-04T11:06:41Z,055dd402f160d1e2e268660c247c3770566365a0e384c3bacb9de8f9,60.16829,24.94214,00000000afef4555,27.28
14925,2019-08-04T11:06:41Z,0656a0c0a353f164b57fbdd9e648d71fab429964d97ed07ab2c5dc30,60.18203,24.91341,00000000342570c2,20.28
14926,2019-08-04T11:06:41Z,07d9aa9fe10e58c26960ba10eb2f13607a7cea0226acaecbdcc52508,60.16762,24.95415,000000006b44cce7,9.12
14927,2019-08-04T11:06:41Z,08b10b51864dc039f0a07c997e66e7a263ee1cde5b0b88b2a1178c58,60.16829,24.94214,00000000afef4555,11.7
14928,2019-08-04T11:06:41Z,096c3b0de1dab1407cd4d3330546404c0d62ce025924420496380f89,60.16762,24.95415,000000006b44cce7,10.78
14929,2019-08-04T11:06:41Z,0a949aafc0be15c68d73a5dd186d726aa6b921f44303a712ac6ddcb8,60.16762,24.95415,000000006b44cce7,6.46
14930,2019-08-04T11:06:41Z,0b45b52bc137c31ce83561c857f809296ec70f5537976a4a4d573d4f,60.16829,24.94214,00000000afef4555,10.78
14931,2019-08-04T11:06:41Z,0c959027ce302054b09087cac97a83aa7e24fb9e4fa2710763f912cb,60.16829,24.94214,00000000afef4555,2.54
14932,2019-08-04T11:06:41Z,0d2490ed58c11eb4a754a30cc4bcb21c7243d322a2caf7cc360e4e8c,60.17065,24.93641,000000000f4919c9,20.28
14933,2019-08-04T11:06:41Z,0e113c5ed3abcdfb31d27c3125f6cf01e3b96e4ed7eca1aaea855f77,60.14947,24.91438,000000004ef3150d,12.69
14934,2019-08-04T11:06:41Z,0e1fac068e905121e354702292780affb6635905cc36872878ff79ce,60.17002,24.94407,000000006b087f40,25.36
14935,2019-08-04T11:06:41Z,0fd26c6e46f4d73b276223942e56c38bc9b8e4566239f8a77261657b,60.17002,24.94407,000000006b087f40,20.28
14936,2019-08-04T11:06:41Z,1083b7adffac22c0fd933b3dd2c5bb41ddc6258467eed8d56f93dc01,60.16762,24.95415,000000006b44cce7,12.69
14937,2019-08-04T11:06:41Z,1107822441d53ff89eb9cb0d022a37202aed47bd82dca4bc175d6837,60.16762,24.95415,000000006b44cce7,12.69
14938,2019-08-04T11:06:41Z,117b6ba38be2f875c85c9c048106db4d2dbce58629a807d7d7773b6c,60.16762,24.95415,000000006b44cce7,16.1
14939,2019-08-04T11:06:41Z,119ff796b6f8676a292e54f9895ab0954e5ebc578a9000a0d9b7b38e,60.16531,24.9442,00000000fdda10fe,33.81
14940,2019-08-04T11:06:41Z,1327ce24f157334f864f913637993c80380ce5f5c911e4b0d31c5eb7,60.149,24.9843,00000000fffb8cf0,5.41
14941,2019-08-04T11:06:41Z,135b81a7a5a9dd70569656553c100af6fdc760bcf92d9b7b48261cb1,60.16897,24.95222,00000000aa852af1,25.36
14942,2019-08-04T11:06:41Z,1556d4a76070c26554efa12b4b9c53766a4cc394e8b74ee37f2fff65,60.17065,24.93641,000000000f4919c9,7.05
14943,2019-08-04T11:06:41Z,163dbc381da1ed6a59dda273955da51bb7f1216e1b8e226446d40e4b,60.1538,24.95595,0000000038bf9618,36.27
14944,2019-08-04T11:06:41Z,169c77f0d714e38eb1e798b14fa42ce3fefb0ec1d6f9e93a38a872f1,60.16762,24.95415,000000006b44cce7,9.92
14945,2019-08-04T11:06:41Z,182e58bd6c3c8d836225d454a878bc55d8ed5166564a22f8b635f6ff,60.14947,24.91438,000000004ef3150d,20.28
14946,2019-08-04T11:06:41Z,1921be9815a57f11f291ca085add7b4bf1d044518b03b725df7cf7d5,60.149,24.9843,00000000fffb8cf0,9.12
14947,2019-08-04T11:06:41Z,19db84758eba08a5f9bb56b0ff91d05286765c8e8dfa31bd0b2aaa1c,60.14947,24.91438,000000004ef3150d,7.69
14948,2019-08-04T11:06:41Z,1a06b5f7f305badd45e93db9d86d76ed3a2a96ec55ec47c836921e3e,60.16762,24.95415,000000006b44cce7,9.92
14949,2019-08-04T11:06:41Z,1a9a0f74c353624c42c19c007e82c9c2547b7285d8353d0e375e3f05,60.14699,24.922,00000000a53ed894,7.05
14950,2019-08-04T11:06:41Z,1c38009e9b89bd8b0d6744bf54ebae9a8ad2dc2868cdfc3f2e399509,60.16829,24.94214,00000000afef4555,5.41
14951,2019-08-04T11:06:41Z,1c9aa21b85f6dc63cc56eb960e89cdeaa6da27738f3fcc4fbee8ee17,60.16762,24.95415,000000006b44cce7,13.75
14952,2019-08-04T11:06:41Z,1ce242f8d8220cd38bf3ea9138c99ae9b2f79b28e68edb864f090ec9,60.149,24.9843,00000000fffb8cf0,6.46
14953,2019-08-04T11:06:41Z,1f6e5095c2c365e120a526c9111895459bc08fb351b964a350cdb64f,60.16762,24.95415,000000006b44cce7,7.69
14954,2019-08-04T11:06:41Z,1fa2c533bba37b249a0105001153733e67a559d40c22cab67f135f64,60.14947,24.91438,000000004ef3150d,8.38
14955,2019-08-04T11:06:41Z,227b93698b29687beea48184f42aab63a21fa362af7251be32db2e15,60.16531,24.9442,00000000fdda10fe,3.09
14956,2019-08-04T11:06:41Z,23786c82e2641aed0e0b004658480a212bf0397568e914487819045c,60.16897,24.95222,00000000aa852af1,9.12
14957,2019-08-04T11:06:41Z,23b7c1b09dfbcbf722a4c48303dd0435cf9885a516d5eebb6538844f,60.16762,24.95415,000000006b44cce7,11.7
14958,2019-08-04T11:06:41Z,23f10190151386d4050571cb299410bc0285ed980b0a00f088e01cf0,60.16762,24.95415,000000006b44cce7,14.89
14959,2019-08-04T11:06:41Z,2535cb5c89ec66044a005b03dd769ca8d0022164a816c06db0e49892,60.16762,24.95415,000000006b44cce7,8.38
14960,2019-08-04T11:06:41Z,26a4ff30aad95332c4b603e9e728a10486413889de9d2c4573524923,60.14699,24.922,00000000a53ed894,20.28
14961,2019-08-04T11:06:41Z,2724e42551f43106ea58a8fcc6a43953baa1294cd65e17a90012f706,60.17065,24.93641,000000000f4919c9,0.5
14962,2019-08-04T11:06:41Z,28741c2e5e348fe81dec0518a21c0930c98a25b6fcece61a262d50de,60.14699,24.922,00000000a53ed894,7.05
14963,2019-08-04T11:06:41Z,296a0ffe230305a3d37818a0369b56c99dacdd5df5a161bf238e1084,60.16762,24.95415,000000006b44cce7,4.11
14964,2019-08-04T11:06:41Z,29f5adc4d67413b7d368e8e94a41cf48339e3f5f0903f660170c4fe8,60.17918,24.95141,00000000675d5200,11.7
14965,2019-08-04T11:06:41Z,2a80aed2c40e7e70ca12152ac812abd79aa1d13efcec25a6d3395136,60.16762,24.95415,000000006b44cce7,7.69
14966,2019-08-04T11:06:41Z,2c85e4140ca0ba77c3598ceac05eb2c2342409ce8111c863fc58c606,60.16829,24.94214,00000000afef4555,13.75
14967,2019-08-04T11:06:41Z,2de87ef94604fb63bec05eefb71b6cdd0b9807f8551159c2a35e7259,60.17065,24.93641,000000000f4919c9,3.74
14968,2019-08-04T11:06:41Z,2e6e6f89a7d75f0742d016de203c9acc8d6f6bdeb7b56bd12f482653,60.15432,24.9211,0000000019fb59c4,3.74
14969,2019-08-04T11:06:41Z,2fe2e4165984d7880628aec591ce4747f18947da70312e6afca2946b,60.14699,24.922,00000000a53ed894,27.28
14970,2019-08-04T11:06:41Z,30bee351808d5e8082ce012b57f5bc0efc80f8394491a182e0eeee32,60.17918,24.95141,00000000675d5200,25.36
14971,2019-08-04T11:06:41Z,31659a798f1d780d587f07390c038a78fafa6cabb8180dba635863ce,60.17002,24.94407,000000006b087f40,31.5
14972,2019-08-04T11:06:41Z,3226c88241c6ac9d643c1843f44b6e5ee10df5f15a695e360582a9be,60.16829,24.94214,00000000afef4555,20.28
14973,2019-08-04T11:06:41Z,32f77f5019e5fce30881c214487361e2e34b8c93277f6e546de72012,60.1638,24.96846,00000000d747f075,21.87
14974,2019-08-04T11:06:41Z,3417d8a6b53687e70f126ebeb1d26a2ff6369dc9a551c3c35c5a04f9,60.17002,24.94407,000000006b087f40,12.69
14975,2019-08-04T11:06:41Z,35f337dd3baf0bc08002ec007d609b685ac29bb2a8bcad6783532a6b,60.16829,24.94214,00000000afef4555,21.87
14976,2019-08-04T11:06:41Z,3670a148a52771f0ff5af161725f65b86873c09eea1a7697861c0438,60.14699,24.922,00000000a53ed894,27.28
14977,2019-08-04T11:06:41Z,374083907dd8980893623726af5633afd59b519c885ad12ba5c674eb,60.17002,24.94407,000000006b087f40,4.94
14978,2019-08-04T11:06:41Z,38561a086c97342a24583c26b33205da50e3e973a8147fe016a4a9ff,60.16829,24.94214,00000000afef4555,3.74
14979,2019-08-04T11:06:41Z,386dea4944e0b83648b4b6faf510fd47b0e9e29a2bb9311fe8a80ee2,60.17918,24.95141,00000000675d5200,25.36
14980,2019-08-04T11:06:41Z,395134265ad60f36cbb21b92db8d3db4d07bd71836d174cbf1a09224,60.16829,24.94214,00000000afef4555,20.28
14981,2019-08-04T11:06:41Z,3991e38309311c3fd5aecdcf3290274a5742396d989a81387bf154ae,60.17002,24.94407,000000006b087f40,27.28
14982,2019-08-04T11:06:41Z,39e2f2a7b03cda9f877366363a3727edfefd16d2221e752dafc33634,60.17002,24.94407,000000006b087f40,13.75
14983,2019-08-04T11:06:41Z,3ac85712ab657e849113d439795c4e7325d1025cacdbd9a41174b031,60.17002,24.94407,000000006b087f40,20.28
14984,2019-08-04T11:06:41Z,3ac9d056b0f04f774b238a125eb996d46437f7a8c5f6ba6712e971cf,60.17918,24.95141,00000000675d5200,11.7
14985,2019-08-04T11:06:41Z,3b355c039877bd4883845f3fc6ad8dd6f41f170274042f1397585680,60.149,24.9843,00000000fffb8cf0,20.28
14986,2019-08-04T11:06:41Z,3b5030adc7c303403a6333a1a6d35474c2f21c1d20ece72180660423,60.14947,24.91438,000000004ef3150d,21.87
14987,2019-08-04T11:06:41Z,3c7df7d16658abc47ed9e66342a99269fee33785ea550021877f84a4,60.18203,24.91341,00000000342570c2,25.36
14988,2019-08-04T11:06:41Z,3d30fee9b8d261e48f2751481d420879a4ae47073273d8ad4c3ffcda,60.16762,24.95415,000000006b44cce7,9.12
14989,2019-08-04T11:06:41Z,3daa2205b02453faa04e23c0bf80d6d22d657277425f07e4fc424dbc,60.16762,24.95415,000000006b44cce7,18.79
14990,2019-08-04T11:06:41Z,3f5d3aed90718f7fb8e8a13ac7002718cc22cbe190beb96821ba52e6,60.17065,24.93641,000000000f4919c9,14.89
14991,2019-08-04T11:06:41Z,3f67c6713a6cca446a46616c9970c7a2ddffb03f21e10c8ea9b2f380,60.16897,24.95222,00000000aa852af1,18.79
14992,2019-08-04T11:06:41Z,3fe4e214448b0c9a8dfbee81c347d82a8f0b26859201fb1d77f40fa9,60.16762,24.95415,000000006b44cce7,7.69
14993,2019-08-04T11:06:41Z,40d64df305477f26745a445a97098d36570a8e02616b93a3f562bb21,60.16629,24.95957,00000000fb7600be,20.28
14994,2019-08-04T11:06:41Z,411febba567281e3da6030aa21191fe5efdd090f54aec41ca291563a,60.16897,24.95222,00000000aa852af1,23.56
14995,2019-08-04T11:06:41Z,4154622fe3007c04b23d5ef78a7b2591a41710eee916ec70b65e394b,60.16762,24.95415,000000006b44cce7,21.87
14996,2019-08-04T11:06:41Z,418e60b0ee35b014e7a8a378f3491cf2333e2a022ba6ec632170228d,60.18203,24.91341,00000000342570c2,16.1
14997,2019-08-04T11:06:41Z,41fffd70db0364ae9e08f76f74848590a4ed6784433df3a7ff00d7a5,60.16762,24.95415,000000006b44cce7,12.69
14998,2019-08-04T11:06:41Z,42d34a6c595760e51052178acc978bdb2b6348e0405f7b58c57f0915,60.16829,24.94214,00000000afef4555,18.79
14999,2019-08-04T11:06:41Z,4472fa277123afabdf2402fc2a3c5bff2be437e6d56b590278de70fc,60.17065,24.93641,000000000f4919c9,31.5
15000,2019-08-04T11:06:41Z,448f6044c6c095d8c71341a0017dd6746f6e150f03af7c78b794308f,60.16762,24.95415,000000006b44cce7,7.05
15001,2019-08-04T11:06:41Z,44cd8828dd4aa11ea599139af3d3aafbcd09ca0c2558f26ed1c72e17,60.14699,24.922,00000000a53ed894,21.87
15002,2019-08-04T11:06:41Z,44d01b24bde0f8031d7cf15bb66e661ad9bd92807f3213fabf920fa1,60.16762,24.95415,000000006b44cce7,10.78
15003,2019-08-04T11:06:41Z,4538bf4d0ca02f13fad76c46f7b34e72978c49b0cdfe4ea9fe151a50,60.16762,24.95415,000000006b44cce7,6.46
15004,2019-08-04T11:06:41Z,465eab28635efe98500085ceb161cf941d02272a0107fbbfb2203c29,60.16829,24.94214,00000000afef4555,14.89
15005,2019-08-04T11:06:41Z,47f787c639f2eed345eb5dca409ffcd989850399a1ab781500dd6e82,60.17918,24.95141,00000000675d5200,2.3
15006,2019-08-04T11:06:41Z,4833b1ea4f519407574f5a838d93a39de28c756c5f53de7ee273b577,60.14947,24.91438,000000004ef3150d,7.69
15007,2019-08-04T11:06:41Z,4954540aca30f8f56f918178fbd53ee48ddef7a231d425061f6b2f6f,60.18203,24.91341,00000000342570c2,25.36
15008,2019-08-04T11:06:41Z,49b391c05bd4e5231579392d798036a0139a8ea4e4d4509a7cb3901f,60.16829,24.94214,00000000afef4555,17.4
15009,2019-08-04T11:06:41Z,49d6f6bd5878bfac30a67fe92d1501b5b09cab38ab2b35b661902f0d,60.14947,24.91438,000000004ef3150d,21.87
15010,2019-08-04T11:06:41Z,4a54cbed9c373a4136f8851f3f5736eb2fadd5766d316eb5ebbdd231,60.17918,24.95141,00000000675d5200,18.79
15011,2019-08-04T11:06:41Z,4a912b6c106b63933a8c9cc39598823bcb2c94d4b1cc8a5d55cb3972,60.16829,24.94214,00000000afef4555,3.4
15012,2019-08-04T11:06:41Z,4ae4a5331747d994953667cd06d4c999d9cf71885574c3cc473620f8,60.16897,24.95222,00000000aa852af1,38.87
15013,2019-08-04T11:06:41Z,4ae55b5046b30303930ee339fa9c70c922844d1bfe89a2e7180d53ad,60.16829,24.94214,00000000afef4555,23.56
15014,2019-08-04T11:06:41Z,4b5b3e8f2b484bc08b196c265f65c70151bd69f6263318eb29125db2,60.16829,24.94214,00000000afef4555,4.94
15015,2019-08-04T11:06:41Z,4cf634fc84e128c3b9bce07a4b726d136e18f0eea4229fdbb48f6db1,60.16897,24.95222,00000000aa852af1,27.28
15016,2019-08-04T11:06:41Z,4d95977cc2761ce4ca31c2cb88c4f3340ef541d7131cd48f10378aac,60.16762,24.95415,000000006b44cce7,21.87
15017,2019-08-04T11:06:41Z,4f64a0a452cd28e15e79c60cbb361761817de946431b04ad87c6d513,60.16897,24.95222,00000000aa852af1,21.87
15018,2019-08-04T11:06:41Z,508ee0778f7d5571ac4aa05211272911339b293ff62069f14cd4aa0a,60.16897,24.95222,00000000aa852af1,17.4
15019,2019-08-04T11:06:41Z,51789c3026ccfe7e846e44fcd833d006941c2789b9693c77df5a7c98,60.16762,24.95415,000000006b44cce7,9.92
15020,2019-08-04T11:06:41Z,52daa31a2b3c1c07f78d96ebb4de3a965da5ef0a8035afbd0f7451fb,60.16531,24.9442,00000000fdda10fe,21.87
15021,2019-08-04T11:06:41Z,542a405b620e6d166ecc5eadd979b3936d831cea3aa7b75316adb4ca,60.16897,24.95222,00000000aa852af1,31.5
15022,2019-08-04T11:06:41Z,54d53f276563f566e1cd61b100408412cf78b4fe9fcada830aa6e23b,60.14947,24.91438,000000004ef3150d,8.38
15023,2019-08-04T11:06:41Z,5518b2315c236d486c7a5a4fc27c44987672b2f9a0751ffdaa9cbf78,60.16829,24.94214,00000000afef4555,3.74
15024,2019-08-04T11:06:41Z,56101419005237b836e4ed14d91dfa6f9edc4c92b5fcb419943897bb,60.16762,24.95415,000000006b44cce7,8.38
15025,2019-08-04T11:06:41Z,56318cc7f3616fceec2564cbb1f6ca8b88ea861935a1ada93aafd7b0,60.16897,24.95222,00000000aa852af1,11.7
15026,2019-08-04T11:06:41Z,571934189bf349efb6f596e76c21612cf9b82ed44913090169936048,60.17065,24.93641,000000000f4919c9,31.5
15027,2019-08-04T11:06:41Z,584cb0b0cdd14e608c8b57c8aecc9826f9b40027e365e2438a444ea2,60.16762,24.95415,000000006b44cce7,12.69
15028,2019-08-04T11:06:41Z,586f70961bf72597ce00f89d3602178ecc6ac8838a8acec48bba7f9f,60.14699,24.922,00000000a53ed894,16.1
15029,2019-08-04T11:06:41Z,58c5faa3a5a33380286fc185676e8f2764cdde5a6dc9f43eee9d3b0c,60.16448,24.97323,0000000053c6c2be,23.56
15030,2019-08-04T11:06:41Z,59b87e6921598d25b092b66e140328fa03c9f06fe4e697dd344f378a,60.17002,24.94407,000000006b087f40,14.89
15031,2019-08-04T11:06:41Z,5a730ea19664020323272509e5443616ea3f1cecd7b295e294be4ba7,60.14947,24.91438,000000004ef3150d,23.56
15032,2019-08-04T11:06:41Z,5c404f374a48548bfe8b02859d12ae59c4ae608fae2139fd71ef51b1,60.16762,24.95415,000000006b44cce7,9.12
15033,2019-08-04T11:06:41Z,5d9aa6fcb0d81ceaa80ca13cc08a88138be517656646e0ba0942ce46,60.16897,24.95222,00000000aa852af1,20.28
15034,2019-08-04T11:06:41Z,60d5499b9dfa1869ff28e24e0cb689a42136cc3462311e39fe5b31af,60.16544,24.95398,0000000038d83d41,20.28
15035,2019-08-04T11:06:41Z,62d86ee13e6ae7a5c41ffc2de746df72d4ef6e8d2b6a51ce1c68965f,60.16829,24.94214,00000000afef4555,8.38
15036,2019-08-04T11:06:41Z,62e27092b58abcaf80564c408d0d4a7b821abaee92dc2f02ccb11e61,60.16762,24.95415,000000006b44cce7,4.5
15037,2019-08-04T11:06:41Z,63e498fd789abe431cdf86f184a50616c85717e1efc893da1e1a2222,60.16897,24.95222,00000000aa852af1,17.4
15038,2019-08-04T11:06:41Z,64d10ef0926ecca987bad278990d966d8fac8775f03847d1f5a4a2f6,60.16762,24.95415,000000006b44cce7,9.12
15039,2019-08-04T11:06:41Z,66755836036c771e53ffd9d0dc09b8575231b53b80af22e868691a2a,60.14699,24.922,00000000a53ed894,8.38
15040,2019-08-04T11:06:41Z,697103160f0b3dc0ba38ccdd18203ae84ec35fc314322d1172c093b2,60.16829,24.94214,00000000afef4555,17.4
15041,2019-08-04T11:06:41Z,69852d528034ea6fc746ed8942c32f1c90bc33a7a7317dfac3c9b1c1,60.14699,24.922,00000000a53ed894,23.56
15042,2019-08-04T11:06:41Z,69b325e07052873a256bfc38196eacb0c425d5ef40d2199017d3736f,60.14951,24.92138,0000000006dd41f6,38.87
15043,2019-08-04T11:06:41Z,69d8c906060e226ff0f0f7e78029575f2ee07ebec657a3b641419268,60.14699,24.922,00000000a53ed894,16.1
15044,2019-08-04T11:06:41Z,6ac1903c80e63433e4bc744dc0e801bff647117d38d3753fb9a6a4c1,60.173,24.92524,0000000096918cfa,14.89
15045,2019-08-04T11:06:41Z,6ac8fdd67b3dd11f0bae935f3a285880138382088238b97f511d3f12,60.16897,24.95222,00000000aa852af1,16.1
15046,2019-08-04T11:06:41Z,6c97da4ba9462e7fe786a472989dab23340d31809dd78d5617204da4,60.16829,24.94214,00000000afef4555,11.7
15047,2019-08-04T11:06:41Z,6e2fbf091d5c86667e060d7ec44f48f0f5d7b1d55b1899f2939f247a,60.16762,24.95415,000000006b44cce7,12.69
15048,2019-08-04T11:06:41Z,6e492dbc3f10157e7ff00826a839a97262ab36244ccc57b702a89999,60.16531,24.9442,00000000fdda10fe,5.41
15049,2019-08-04T11:06:41Z,6eeb71c74d753822f920829149d942cf52b726b0b83c5aa3e6cb132e,60.16762,24.95415,000000006b44cce7,10.78
15050,2019-08-04T11:06:41Z,6f464e5508f8231eb6825ef84c1e5e5e7a2dd706574f309a2bef78e8,60.16762,24.95415,000000006b44cce7,20.28
15051,2019-08-04T11:06:41Z,6faf62fbff92729472d61bc9a13a5e72833e55bf713863161f8ca9cb,60.15432,24.9211,0000000019fb59c4,25.36
15052,2019-08-04T11:06:41Z,70865ff0fd32dc9fc73f25e929a40535a717664003e66c14224a9d90,60.16762,24.95415,000000006b44cce7,12.69
15053,2019-08-04T11:06:41Z,70ffae2b8178e0915c5de7816f8dd8bcc3af745ee49df8ac4da4adba,60.17918,24.95141,00000000675d5200,18.79
15054,2019-08-04T11:06:41Z,714e80a1e3c0fee43e312f314b2faec47e582ee8dac47e4818dbc2f9,60.149,24.9843,00000000fffb8cf0,10.78
15055,2019-08-04T11:06:41Z,71516fc8349cfaf2b5c4ab80ade6078494d93d13e9953af15e5ced30,60.18203,24.91341,00000000342570c2,23.56
15056,2019-08-04T11:06:41Z,71c1367c7dea4dfa243172e02b9092c7a0810bef003216681759891e,60.16897,24.95222,00000000aa852af1,20.28
15057,2019-08-04T11:06:41Z,730d975773cc8c9c07ff88fb87377ff64a961a96e9237e59859fa46f,60.16762,24.95415,000000006b44cce7,11.7
15058,2019-08-04T11:06:41Z,738973c9b5f9882f29075e47ca10e50ba3fb9883da779f41545175f4,60.17918,24.95141,00000000675d5200,27.28
15059,2019-08-04T11:06:41Z,73f9caa620c77e880d8973e260936b1114db9c96de6accf8398ccec0,60.17002,24.94407,000000006b087f40,16.1
15060,2019-08-04T11:06:41Z,74c2ec2adc228e5b4979284d730fd2de698242f0f06d90f870b8cde6,60.16762,24.95415,000000006b44cce7,6.46
15061,2019-08-04T11:06:41Z,7552783317be1ef797980c3a9ee9c5967d4e7b32765f23c51ffda02d,60.16897,24.95222,00000000aa852af1,12.69
15062,2019-08-04T11:06:41Z,75d452cbba63995ad06213b577081e8db650c80b3a78060789a8e831,60.16762,24.95415,000000006b44cce7,5.91
15063,2019-08-04T11:06:41Z,76444267ea4d5365cef684a446be8cc3482dc3b1b516cdb7850e717f,60.16762,24.95415,000000006b44cce7,16.1
15064,2019-08-04T11:06:41Z,765243fc3021a21bc913ebdd4ce13c3606a5f0e655244884fa039ee6,60.15432,24.9211,0000000019fb59c4,25.36
15065,2019-08-04T11:06:41Z,7804799a34d94440ab3520238b9ab58a0466b4230cd360f0f2159075,60.16762,24.95415,000000006b44cce7,12.69
15066,2019-08-04T11:06:41Z,79bde23c1a8980f93a65e14306f0d8ea89e164430d8b991e2bfee82e,60.16531,24.9442,00000000fdda10fe,11.7
15067,2019-08-04T11:06:41Z,79f6ceff0d0fc6687b4982c4d38a9ebb0a1056b6e0c448b1b9e79e8e,60.16897,24.95222,00000000aa852af1,21.87
15068,2019-08-04T11:06:41Z,7c55ecf165387948602e82b684a55be093691849fde2d96ad6574475,60.17065,24.93641,000000000f4919c9,9.92
15069,2019-08-04T11:06:41Z,7ddcdde2316659d0fa4b8597b86430e095ea0bc7f3564a9d05fc60f8,60.16897,24.95222,00000000aa852af1,16.1
15070,2019-08-04T11:06:41Z,7e524ee3c3e87684ab5dd7d12cfd44f1627869f4590ef0effa1200bc,60.17002,24.94407,000000006b087f40,23.56
15071,2019-08-04T11:06:41Z,7e78b2348d9576c63ebb626030ee9d43e2bf07e860782adf3f1c452b,60.16829,24.94214,00000000afef4555,16.1
15072,2019-08-04T11:06:41Z,822590bd49bcf7ed4de4f8389586915c343b29c4283ff8b90d7c1d39,60.17065,24.93641,000000000f4919c9,10.78
15073,2019-08-04T11:06:41Z,82ac749474448abac333d00869cb8b508872f86293913d95eae26a05,60.15432,24.9211,0000000019fb59c4,20.28
15074,2019-08-04T11:06:41Z,82cddd3b9f58762d36efe78da4e2722ee587cfdb3fdbc58b52673082,60.16629,24.95957,00000000fb7600be,12.69
15075,2019-08-04T11:06:41Z,844b8ad6ebf530978d1139d527a681991f4d3eed6be5bc723f0b2192,60.16531,24.9442,00000000fdda10fe,1.7
15076,2019-08-04T11:06:41Z,87ecec345b34dca4db86cbd66248eeb829282d0cc54caff92455dff2,60.16762,24.95415,000000006b44cce7,11.7
15077,2019-08-04T11:06:41Z,87ee2ae24a1a0871184580c39a1c79955cbf954947f0ee24252c7302,60.18203,24.91341,00000000342570c2,25.36
15078,2019-08-04T11:06:41Z,87f4cf4baea8c5dfe1bc7812cc969574058bd4d2dda215192bcfc53f,60.14699,24.922,00000000a53ed894,3.4
15079,2019-08-04T11:06:41Z,886032718e05487be8bd75bb14464814044c7edd7f9a2198304f6fb4,60.16629,24.95957,00000000fb7600be,17.4
15080,2019-08-04T11:06:41Z,8a01cc1ef99f9ea16785412c604aa6bb2750299d67ea94214401d645,60.16762,24.95415,000000006b44cce7,11.7
15081,2019-08-04T11:06:41Z,8ab70baa822768852fe312b760df7dbcb1a0fec7f2ba601146b9928c,60.16629,24.95957,00000000fb7600be,29.32
15082,2019-08-04T11:06:41Z,9076d80e9828efb679c61440c6dcc2fce4d90055e5fb084d00bb87fb,60.173,24.92524,0000000096918cfa,17.4
15083,2019-08-04T11:06:41Z,90b12d2b9898702fd62b343512e0d53796ae38decdf704e203a0cc39,60.16829,24.94214,00000000afef4555,14.89
15084,2019-08-04T11:06:41Z,91602a694bc74a2874ba7f02a7bae062a3a77cd869b86a74800415b8,60.17918,24.95141,00000000675d5200,13.75
15085,2019-08-04T11:06:41Z,92df20d921f76c63470e3f5afbe201d3ae15f5133f66c291db796082,60.16629,24.95957,00000000fb7600be,18.79
15086,2019-08-04T11:06:41Z,93272ad17155ea9499641eda7c5560691582116096278b82738ab21e,60.14699,24.922,00000000a53ed894,16.1
15087,2019-08-04T11:06:41Z,94ac9d6e79236013b9fa24e1c52123819228f6962b5952637ca80fcb,60.16762,24.95415,000000006b44cce7,18.79
15088,2019-08-04T11:06:41Z,951482f3e2e41b496e34885c346c4a7ab09427178119caa9b8bbcbb6,60.14947,24.91438,000000004ef3150d,11.7
15089,2019-08-04T11:06:41Z,9558753228fb3007f59382a0595018488e2e7430248f8824a5badb80,60.1638,24.96846,00000000d747f075,27.28
15090,2019-08-04T11:06:41Z,97490f522f1a0226c8f7e8ed7bca08dd71b63d80b46d38020127b868,60.14699,24.922,00000000a53ed894,7.69
15091,2019-08-04T11:06:41Z,998a30ee5f5ff6d2bc9ed04420591e525ded59ad66d09eefa240cc8e,60.16762,24.95415,000000006b44cce7,7.69
15092,2019-08-04T11:06:41Z,998ac46ad73c197bab1f36dca67d8bcaa3aca92249185a5e3715043f,60.17065,24.93641,000000000f4919c9,17.4
15093,2019-08-04T11:06:41Z,9a1a6afa19068ac0b5f9af2744ddf945157f0dd41a4f254e8251fd09,60.16762,24.95415,000000006b44cce7,16.1
15094,2019-08-04T11:06:41Z,9a49d0b5a67fba15ce8971503f6fea88994b33487a842397c5e8564f,60.16762,24.95415,000000006b44cce7,3.74
15095,2019-08-04T11:06:41Z,9aa588cb6f425117e45726b6b9adb7ef86c8f7c8113b547dc61f068a,60.16897,24.95222,00000000aa852af1,13.75
15096,2019-08-04T11:06:41Z,9b4b0705e58750d2bcbd71ad65d85677f7e77db5dfe69d1a70b5d31f,60.17918,24.95141,00000000675d5200,16.1
15097,2019-08-04T11:06:41Z,9bc50d931d6c1678284177395958d15f05b45d60ae7bc09fe1e1694e,60.16762,24.95415,000000006b44cce7,8.38
15098,2019-08-04T11:06:41Z,9bc91538b73e0220fcf5cd07290c07d56f6f48d3ba0ba6b6b0876da9,60.17065,24.93641,000000000f4919c9,9.92
15099,2019-08-04T11:06:41Z,9bef562c292174f1eb3933116effff74a8733a78e5c1df140de3fd6c,60.17919,24.95181,000000007b5207b6,3.74
15100,2019-08-04T11:06:41Z,9ced7d70503ba24882b6e283fa95ce42e02c1a3618adeb448558c50c,60.16897,24.95222,00000000aa852af1,13.75
15101,2019-08-04T11:06:41Z,9dda6ec06356b345040c379fd73bf923f7eac951cb2eb9cdc43dd5bb,60.173,24.92524,0000000096918cfa,29.32
15102,2019-08-04T11:06:41Z,9eb1e9bfdceb76ef852f89ebd82139602125f9731b791465e1c21f81,60.16829,24.94214,00000000afef4555,7.69
15103,2019-08-04T11:06:41Z,a066e2044b486819fe2185765f63ed87f8d10c502f26a01be1f1a758,60.149,24.9843,00000000fffb8cf0,25.36
15104,2019-08-04T11:06:41Z,a0ec1a8d581f94e640a6858a674699d2464ec065e6faea9d4ce2a13b,60.16762,24.95415,000000006b44cce7,8.38
15105,2019-08-04T11:06:41Z,a20a11944d9440f1f8e4ea6262408f673f2a8380c4e13dda1a073d8d,60.16897,24.95222,00000000aa852af1,25.36
15106,2019-08-04T11:06:41Z,a25b897b52089b243421b68349d3f15e60ce8249d11c889a4626bfc7,60.18203,24.91341,00000000342570c2,27.28
15107,2019-08-04T11:06:41Z,a2f0adf51cb9d2a5417cc0797183513a8bbcecfbc717a1b63e42027d,60.16762,24.95415,000000006b44cce7,4.94
15108,2019-08-04T11:06:41Z,a30740fbf4b7e21f6fe2996e9325c90936de161cb2165e87cd96fd35,60.149,24.9843,00000000fffb8cf0,8.38
15109,2019-08-04T11:06:41Z,a3c1a4a58b9381c27b1d5076e0d8d72039afccfb0e58438a80247324,60.16762,24.95415,000000006b44cce7,18.79
15110,2019-08-04T11:06:41Z,a50e0bb8fd1ad4ad264c3246b210a0c6285faae591c1bd2c2c3458af,60.16829,24.94214,00000000afef4555,17.4
15111,2019-08-04T11:06:41Z,a51a9aab75637e56bef3effddc420dfcd95b8cbd85d95917aaac38d5,60.16762,24.95415,000000006b44cce7,9.92
15112,2019-08-04T11:06:41Z,a5835ce352a1e6d8fb6bdc410fae1076c756f7dac8e202465add9277,60.16762,24.95415,000000006b44cce7,7.69
15113,2019-08-04T11:06:41Z,a5d632ac8ffc19a626de034d3c9444fd262ee6edada285c816ea9266,60.16531,24.9442,00000000fdda10fe,4.94
15114,2019-08-04T11:06:41Z,a7cc1a0b8bbb896ef55043e385a939c97fd5cfaf6d43a4db6c720076,60.16762,24.95415,000000006b44cce7,18.79
15115,2019-08-04T11:06:41Z,a81c19fb85eebf853246cdc4d8e38245dfa5ba15c180eaa1bcc0378d,60.16829,24.94214,00000000afef4555,11.7
15116,2019-08-04T11:06:41Z,a886b4abe49668d4b2cbff88eaab1e4cf9e38bd0afa636cdff901d90,60.17002,24.94407,000000006b087f40,27.28
15117,2019-08-04T11:06:41Z,a98fc06dc605583814a2aa182295b88f81657ef2daeee7aaec792e7c,60.16762,24.95415,000000006b44cce7,7.69
15118,2019-08-04T11:06:41Z,aa4547c0b6b8be30776e08d524ceeacfbc9930ad720e11fa4cb20882,60.16531,24.9442,00000000fdda10fe,1.38
15119,2019-08-04T11:06:41Z,aa45859d6157e9e86470ec8b81957acc35bafb1b7f419d79357a38cf,60.16829,24.94214,00000000afef4555,7.05
15120,2019-08-04T11:06:41Z,aaabd3028e2bd9f8b0e3a929c8728cb364551bd70da3208662b12033,60.16762,24.95415,000000006b44cce7,20.28
15121,2019-08-04T11:06:41Z,ab1377ddf669bb806f8db586f4ce5ab9f0f4257dda61fe800d8509f5,60.17065,24.93641,000000000f4919c9,18.79
15122,2019-08-04T11:06:41Z,ab6e8769f50a15ea5e0d64f48aaa12886b7599a18cc0eb071a21ae5f,60.16762,24.95415,000000006b44cce7,9.12
15123,2019-08-04T11:06:41Z,ac4679e3db131ec2ea8e1111c8aa0d71020cf8796ecb11f142478394,60.14947,24.91438,000000004ef3150d,12.69
15124,2019-08-04T11:06:41Z,ae3cda5066e455d4b1e58860e8fb7a35efad69b9964a676b476b0687,60.14947,24.91438,000000004ef3150d,3.74
15125,2019-08-04T11:06:41Z,af05aef0d368766300bd97074ddaa3500a814ee758ad3ba0d221ed54,60.17065,24.93641,000000000f4919c9,25.36
15126,2019-08-04T11:06:41Z,b0d6202ccd1560eaf57c06931cb6466332e41068ad2963e515819015,60.17918,24.95141,00000000675d5200,11.7
15127,2019-08-04T11:06:41Z,b2298fc6f63c02481610f9aef24f1a0c1711c255adc43c0fe135c1ca,60.14947,24.91438,000000004ef3150d,13.75
15128,2019-08-04T11:06:41Z,b26280ff7943c2f2f00f94125547cbdc285e6c43b7d0a5819c2eac87,60.16762,24.95415,000000006b44cce7,17.4
15129,2019-08-04T11:06:41Z,b26d0daac9f8fb84484cbd8ed668aeb6751e848b1c533a307d163360,60.16762,24.95415,000000006b44cce7,5.91
15130,2019-08-04T11:06:41Z,b3406cc312560021fe26349bbf8874aff81b8c0e84c4ad32bbbad109,60.149,24.9843,00000000fffb8cf0,33.81
15131,2019-08-04T11:06:41Z,b4c8900041e9f8751755d3940ceac58419e6370cd81cdb90d7800de1,60.14699,24.922,00000000a53ed894,17.4
15132,2019-08-04T11:06:41Z,b50b3c2006581bccfeaa9ea964649350c7d5b8177baa29a37e628584,60.14947,24.91438,000000004ef3150d,33.81
15133,2019-08-04T11:06:41Z,b5cdbcdc30e0bf653ce353c867708b0067db5e394c8cbe848d978a77,60.14699,24.922,00000000a53ed894,16.1
15134,2019-08-04T11:06:41Z,b601cd655bb9f05aa6ec86fc9eb9300c3bc20bc0e856e94ad168a257,60.14947,24.91438,000000004ef3150d,5.91
15135,2019-08-04T11:06:41Z,b67f020b0677cdc52c864f559306fb750cdf47ce2eee6503a3cedb3a,60.16629,24.95957,00000000fb7600be,31.5
15136,2019-08-04T11:06:41Z,b6993d0126111446694476224139411806c3e61a96a43f1655048ff9,60.16762,24.95415,000000006b44cce7,14.89
15137,2019-08-04T11:06:41Z,b81a9bf449d3e64ad0181804598330bbf305f384b888935023742c79,60.173,24.92524,0000000096918cfa,23.56
15138,2019-08-04T11:06:41Z,b81e65168ea3278486b1c954ab229bc2eda3fe07098e824f05cd0ac4,60.149,24.9843,00000000fffb8cf0,25.36
15139,2019-08-04T11:06:41Z,b8f5834e6b992cf5568ae3153fb4b07e97b7f6dd01250851134c1824,60.149,24.9843,00000000fffb8cf0,13.75
15140,2019-08-04T11:06:41Z,ba288a5fd2befbc9ed08e7876ad7cb2bd8bfe6f5756d2ffe8e2dc558,60.17002,24.94407,000000006b087f40,14.89
15141,2019-08-04T11:06:41Z,bbf7d8b9085ddcd3b94f55f93b52cb40a251c44f5df4099ba5b61471,60.16829,24.94214,00000000afef4555,14.89
15142,2019-08-04T11:06:41Z,bd7fa2c07b7e0eab8afb3d9825a810643c2eb71f83c09a1e26cac54c,60.16762,24.95415,000000006b44cce7,11.7
15143,2019-08-04T11:06:41Z,c012e9e2caf1002d24e53817bb1279becdfc4aa9dba085e93ddd88e9,60.17002,24.94407,000000006b087f40,21.87
15144,2019-08-04T11:06:41Z,c27fee8ae8d689338b043608280c83cfa6f3276d3837ecea5f742dc3,60.16762,24.95415,000000006b44cce7,7.05
15145,2019-08-04T11:06:41Z,c2cc33e5b1b8d254d4bcbc0ffa13c9200676a39a191cc31a38d28d8d,60.17065,24.93641,000000000f4919c9,9.92
15146,2019-08-04T11:06:41Z,c2d88bc74172eb47d26ee5d739980baa7fc011b9973f9f18b482aa81,60.17065,24.93641,000000000f4919c9,29.32
15147,2019-08-04T11:06:41Z,c2e135ad2c160277e290705658ac41d7cd35b11ebf61d829fdd0b428,60.14699,24.922,00000000a53ed894,12.69
15148,2019-08-04T11:06:41Z,c45e3c4e8ec0fc85457d3b4ed4c49ed0116b4cf447e2983f353abcd8,60.16829,24.94214,00000000afef4555,17.4
15149,2019-08-04T11:06:41Z,c55894159f2080031cda702c78ee54463c3c15ab1b3638afdf687f08,60.16531,24.9442,00000000fdda10fe,3.4
15150,2019-08-04T11:06:41Z,c7160ae9aa31ca4dba615425303b1e527f342ede653be387ee54389c,60.149,24.9843,00000000fffb8cf0,27.28
15151,2019-08-04T11:06:41Z,c7ced11121537f55bcd7d7ab67312226dafe7c85320c5357a35d5ab7,60.17002,24.94407,000000006b087f40,23.56
15152,2019-08-04T11:06:41Z,c990a15d27cfc21e63b7c96b95949254f1194e8b27118386a589e2bd,60.16897,24.95222,00000000aa852af1,17.4
15153,2019-08-04T11:06:41Z,cb2f32be2e27fc44ead887ff7f76c0199bf68b2c6711e6880f4acd01,60.16762,24.95415,000000006b44cce7,6.46
15154,2019-08-04T11:06:41Z,cb37b8fad0bc758cf37d7ea1052f3a98f29282ae37ec635d6eb2c511,60.16762,24.95415,000000006b44cce7,16.1
15155,2019-08-04T11:06:41Z,cd7d0e9404c9f4e8fab0742460b9acb4d5bbb97f44df80d4a8b973cd,60.17002,24.94407,000000006b087f40,4.5
15156,2019-08-04T11:06:41Z,cddbfc3b0a1459f0ea8d553779cf320d512cac6e64976182f2f0b3b7,60.16829,24.94214,00000000afef4555,16.1
15157,2019-08-04T11:06:41Z,d04b5065ec93818b731141027d11e6a1cf53de69b9737d7aea0c34da,60.14947,24.91438,000000004ef3150d,8.38
15158,2019-08-04T11:06:41Z,d1b77fcfad94da8564d1a85ed1797255531e5ab26cc835800878fb26,60.17065,24.93641,000000000f4919c9,21.87
15159,2019-08-04T11:06:41Z,d20f68571773330f7b6490b006b2e952c9912b4ee05e20f0fc434698,60.16629,24.95957,00000000fb7600be,21.87
15160,2019-08-04T11:06:41Z,d3910de7df50d93311da3c44a80ec2a60325db1914938b1bcd3c047c,60.16762,24.95415,000000006b44cce7,11.7
15161,2019-08-04T11:06:41Z,d3bad9334d128332fc483e10ef1b77c28e5a75ac55be4de71c6b2f9f,60.16829,24.94214,00000000afef4555,4.5
15162,2019-08-04T11:06:41Z,d4c9ea46d58288bf42808788e668072465d91dd3c874a8a51de5794e,60.16897,24.95222,00000000aa852af1,23.56
15163,2019-08-04T11:06:41Z,d54f7c23d54b5aedac429ef954b5ca8ac1cb09bdc07d5154b00f43d4,60.17002,24.94407,000000006b087f40,13.75
15164,2019-08-04T11:06:41Z,d68f1946805ba3d30f9ba25280986fbe003f3b5dce7245b633e0cb5c,60.16762,24.95415,000000006b44cce7,7.05
15165,2019-08-04T11:06:41Z,d6a8c97f1ec18c7a90d3beae358bad67f8d53626258a852e15b08c5d,60.14699,24.922,00000000a53ed894,12.69
15166,2019-08-04T11:06:41Z,d7b3daaab1b36d8d95f7672a0339b99b2a16483fc1c71c5177aeb948,60.16829,24.94214,00000000afef4555,29.32
15167,2019-08-04T11:06:41Z,d82f37918d46bea29e113c6b57b901b1b960ed3337bdcce777aea476,60.17065,24.93641,000000000f4919c9,6.46
15168,2019-08-04T11:06:41Z,d86f155736e4d36de5d33bdbb3b12b717b75de44852b93419af20945,60.16829,24.94214,00000000afef4555,8.38
15169,2019-08-04T11:06:41Z,d9a5b0033b928dc7932083909b29c0529a51ccc1c1cd9cad67c4306a,60.14699,24.922,00000000a53ed894,25.36
15170,2019-08-04T11:06:41Z,da2398acaae7f39c7b80c220d4e6917bdc7655f4c71b6e36d06cb859,60.18203,24.91341,00000000342570c2,17.4
15171,2019-08-04T11:06:41Z,dabb7edec36f560d07547c2595765be02b0731b3826f93f5c41b7120,60.16762,24.95415,000000006b44cce7,11.7
15172,2019-08-04T11:06:41Z,db4d3f81708de827ce30c4130610fd65b4d6d451ca5cf6b0c4e745d9,60.16829,24.94214,00000000afef4555,27.28
15173,2019-08-04T11:06:41Z,dc4072a3cfc00cca0bde9925adc82bb9c2548af1724368561eefcbf8,60.16762,24.95415,000000006b44cce7,8.38
15174,2019-08-04T11:06:41Z,dda4b929b48bb959cb2b70d6ea3791e943739d8291b0c64930cbacdf,60.17002,24.94407,000000006b087f40,23.56
15175,2019-08-04T11:06:41Z,de48adf9d49eb3bc1d61dea4047618f6c77086fc44bd2b535d56504d,60.16762,24.95415,000000006b44cce7,9.12
15176,2019-08-04T11:06:41Z,de71e27b55ef6f2f51f05838a2fcab596f1dd93a14ece5ce4548f5c7,60.14699,24.922,00000000a53ed894,8.38
15177,2019-08-04T11:06:41Z,e081e4b3252ca91bbf1cbb70faa116d60317fbf3a991a67bc99b4bfa,60.149,24.9843,00000000fffb8cf0,9.92
15178,2019-08-04T11:06:41Z,e0859a9c906151023376d86762070f38ba1b3859e671531b0edac6cd,60.16075,24.95883,00000000f1124bca,25.36
15179,2019-08-04T11:06:41Z,e092030747b57112ba6ccf5bdd565d76abb3607abf31a06d0d92660c,60.16762,24.95415,000000006b44cce7,9.12
15180,2019-08-04T11:06:41Z,e0d7e8b332ca8514428ab10acf6d3a6b777da62ff8ea3e18d9b32989,60.16762,24.95415,000000006b44cce7,16.1
15181,2019-08-04T11:06:41Z,e1da87aea335bcd04e4c876158b96ebc7ba4206bc216c3aa27a2f4af,60.17919,24.95181,000000007b5207b6,3.09
15182,2019-08-04T11:06:41Z,e26862fdcdd4688d81b8fe05d1ac94c5f9b3192ddc50d4c66ad12cc1,60.16897,24.95222,00000000aa852af1,23.56
15183,2019-08-04T11:06:41Z,e29168791ccd18013b58845430388cc5aac537e7e1c618aeb78900a8,60.16897,24.95222,00000000aa852af1,18.79
15184,2019-08-04T11:06:41Z,e32e078697e70d6e3cb4b156ada3a4756315227b125615d7b5c116a7,60.16762,24.95415,000000006b44cce7,9.12
15185,2019-08-04T11:06:41Z,e3e3bac265ab2713063d7435bf5c7374dfc7dfc647fb677a030a1a49,60.18203,24.91341,00000000342570c2,27.28
15186,2019-08-04T11:06:41Z,e44d7228cecbdb2474e1cc396a6c13943f09c08c19d0ffab1997d509,60.17919,24.95181,000000007b5207b6,11.7
15187,2019-08-04T11:06:41Z,e53a901aed874016e1cd1ed3e9b2891fca850986cb2fa04f5162cf52,60.16762,24.95415,000000006b44cce7,2.3
15188,2019-08-04T11:06:41Z,e557e164cd52fd817b02cad6587a294d72b0974d9b014ad69ea5e08e,60.17919,24.95181,000000007b5207b6,12.69
15189,2019-08-04T11:06:41Z,e568360cebcddeb30a1d066a2f6a2326ac927004214bd11337d804e5,60.16762,24.95415,000000006b44cce7,16.1
15190,2019-08-04T11:06:41Z,e5928057da667903de0b6c1245e1f58273dd85d63d8af0f4eaa771de,60.16762,24.95415,000000006b44cce7,6.46
15191,2019-08-04T11:06:41Z,e5b9b4813c081a31fb498e7f9adb94918c267dfa125c63790c0d9488,60.149,24.9843,00000000fffb8cf0,7.05
15192,2019-08-04T11:06:41Z,e5e14952bf5e52bf1349479a58c0a97d702585889650948d94767608,60.16448,24.97323,0000000053c6c2be,13.75
15193,2019-08-04T11:06:41Z,e97ba22b59a38317629569b1436cdd3787ac8efdf4b47a48c7646e26,60.16762,24.95415,000000006b44cce7,18.79
15194,2019-08-04T11:06:41Z,e9d59e25b58f33f70aad6832863cb59d7485ca55a1575558f92b74e7,60.16897,24.95222,00000000aa852af1,9.12
15195,2019-08-04T11:06:41Z,eb261026c6f65b651ddf21bed629a1e164cfb500d0b78062704ec15c,60.16762,24.95415,000000006b44cce7,4.94
15196,2019-08-04T11:06:41Z,ecb1735f180422ec69f041cd2782a26c9f07d27a87893b3c30aaa9b7,60.16075,24.95883,00000000f1124bca,17.4
15197,2019-08-04T11:06:41Z,ecb5655da668bb183a5c270a96927649c323975e318184d248247099,60.16829,24.94214,00000000afef4555,18.79
15198,2019-08-04T11:06:41Z,ede13c9dc221bbc6c1daf78250fa6547303c06d7606c05ba0bf64547,60.17919,24.95181,000000007b5207b6,8.38
15199,2019-08-04T11:06:41Z,eea43687eab35d2c386347881796eb1c8279076b9e9642ebc2cd06ac,60.16762,24.95415,000000006b44cce7,4.5
15200,2019-08-04T11:06:41Z,ef15ff71b7dc4c2088249a4fca7e28900ae315245a7a3b4d571bf582,60.16829,24.94214,00000000afef4555,14.89
15201,2019-08-04T11:06:41Z,ef33ccdfcdb12920eabb3306e0f86dc7e6060a5d3864b03e2de7e1ef,60.16897,24.95222,00000000aa852af1,8.38
15202,2019-08-04T11:06:41Z,ef45fdc095ee55730384922266d8fce61de212d3c3df2441ea10e524,60.14947,24.91438,000000004ef3150d,9.12
15203,2019-08-04T11:06:41Z,ef5e495c5f9d3dd9eb22ed5b8faf1cc9e4225d4785ebb26a87d16fff,60.14699,24.922,00000000a53ed894,6.46
15204,2019-08-04T11:06:41Z,f11c02cbebb4049a29f10d2ee6aac8a9ca3b7b9609a39d69463461a1,60.17065,24.93641,000000000f4919c9,31.5
15205,2019-08-04T11:06:41Z,f18044d5121de9a6aee20532d8b30324092688ee474def5d3e8fb80f,60.16762,24.95415,000000006b44cce7,13.75
15206,2019-08-04T11:06:41Z,f196f5f8c08299d290b3bac1944e00bb1f2c90594db66438b0c10e6e,60.16629,24.95957,00000000fb7600be,17.4
15207,2019-08-04T11:06:41Z,f3cee9bbe2aec5ac208a141e882900be3fd94a646cb2850d8c879a0b,60.16762,24.95415,000000006b44cce7,13.75
15208,2019-08-04T11:06:41Z,f4b9fc6acb673aea24fe00dfbe806b81fedab0c2ea82d781f7659ce5,60.16762,24.95415,000000006b44cce7,4.94
15209,2019-08-04T11:06:41Z,f4d26ae126823696432a1ee8b64c4597c5718078c834460cde5746ad,60.16897,24.95222,00000000aa852af1,23.56
15210,2019-08-04T11:06:41Z,f5ffa3dbcdd5592ac31344cb04a7a6d639109a4d6e196fa0df3990dd,60.17065,24.93641,000000000f4919c9,21.87
15211,2019-08-04T11:06:41Z,f616fbd0fde8316049c3068ae4368dc9f486f8da4bf5516e9ba82578,60.16897,24.95222,00000000aa852af1,18.79
15212,2019-08-04T11:06:41Z,f756416830b046336a677173f34b00e83412904998e92cfb4ebe207d,60.16762,24.95415,000000006b44cce7,10.78
15213,2019-08-04T11:06:41Z,f77d86d6fcfc6cc5ce50a14177a7100c8967fa5947fc13e3a198e345,60.16762,24.95415,000000006b44cce7,7.69
15214,2019-08-04T11:06:41Z,f78ef2ddbe48b534137498eab56c0a55ec0e0b1d8868e82cb5652a0e,60.14699,24.922,00000000a53ed894,9.12
15215,2019-08-04T11:06:41Z,f9f42c3132515705c0013fb8e137897c93844d24acc22cb4ac9384a0,60.149,24.9843,00000000fffb8cf0,4.11
15216,2019-08-04T11:06:41Z,fb37b263777ffcf7fe1fb6484821cae2b8beb03b5f5009109748dedb,60.16762,24.95415,000000006b44cce7,9.12
15217,2019-08-04T11:06:41Z,fdf5c0dab003c974e22f3746bfb7fa399e10ca82fcec35ba6dcd6065,60.18203,24.91341,00000000342570c2,20.28
15218,2019-08-04T11:06:41Z,ffb7319984ecae155652e100da9b204f0b92f3b6c7239cfea4dcf966,60.14699,24.922,00000000a53ed894,20.28
15219,2019-08-04T11:06:42Z,004c3624f943830bc6a9f17173a2cd0996622cade5184ad2b9fba729,60.16897,24.95222,00000000aa852af1,9.12
15220,2019-08-04T11:06:42Z,09ddbf38333e76a79fd836112bd8c3f8bf7f3dadfb3d49945ad4c486,60.16897,24.95222,00000000aa852af1,7.05
15221,2019-08-04T11:06:42Z,1142f5b6806b1ec7d8d47d47013eb530d8a7418f6934d8867b20966a,60.16829,24.94214,00000000afef4555,17.4
15222,2019-08-04T11:06:42Z,14c7e1511b70f4dd3359cbece1377aebb4d70531f5489eefe53d7c3c,60.16544,24.95398,0000000038d83d41,25.36
15223,2019-08-04T11:06:42Z,165ebbb4090d47319ae370f0d0854fdc1f6b79499f8b2e4d3c3533c0,60.16544,24.95398,0000000038d83d41,21.87
15224,2019-08-04T11:06:42Z,198d6432c579dae0d7ddda6591eb377ca6c01888de802f89ab84b98a,60.16544,24.95398,0000000038d83d41,31.5
15225,2019-08-04T11:06:42Z,1bba37ee9376f8052f3606bb777546c2c4d1e84dad7afd93d4cffa45,60.16762,24.95415,000000006b44cce7,16.1
15226,2019-08-04T11:06:42Z,25a7ff811c3c06e426c7c2cbb0433d9a2a3399b23afecbd35584ab0f,60.18203,24.91341,00000000342570c2,9.92
15227,2019-08-04T11:06:42Z,3b5cafe90982db26cf737b2e4cd4275276f6a031bca3b2a1f73023b2,60.14699,24.922,00000000a53ed894,12.69
15228,2019-08-04T11:06:42Z,3fe5f4ccfa5c777ceafda0674d7c9da6f509f6694b4c2fa254b32e73,60.16897,24.95222,00000000aa852af1,16.1
15229,2019-08-04T11:06:42Z,43b676ed3aef4c2d8846694817e76117873be52e7f788e0cb366c1c4,60.16629,24.95957,00000000fb7600be,20.28
15230,2019-08-04T11:06:42Z,44d0b94469070803869f229601e877beb613c3f5aafa009addf97a1a,60.16544,24.95398,0000000038d83d41,23.56
15231,2019-08-04T11:06:42Z,4656bad9b5e6dfc3977eca308fc1db3dbf8b0204b90d09b001da242e,60.1638,24.96846,00000000d747f075,20.28
15232,2019-08-04T11:06:42Z,5d65719c4cbf045f068d084b72302f447d5fd034413d97d13be00d0e,60.18203,24.91341,00000000342570c2,20.28
15233,2019-08-04T11:06:42Z,66dabd3229229330d23c70e9e1737429ddfe69db01f4a6a00f70fa20,60.16762,24.95415,000000006b44cce7,21.87
15234,2019-08-04T11:06:42Z,69219e9efa41ae9e732653e9eaf08e1a34cb853a9dafe76ddeea4d04,60.16897,24.95222,00000000aa852af1,21.87
15235,2019-08-04T11:06:42Z,6a70e2fbced719333e21eff04fcb9cb36bae9a04d1a3d6ddd96f2c58,60.15432,24.9211,0000000019fb59c4,4.94
15236,2019-08-04T11:06:42Z,85ef35aecf2ff804be3d958b592705ec41c6df9c128c132c65bb283d,60.16897,24.95222,00000000aa852af1,21.87
15237,2019-08-04T11:06:42Z,87dfaad29a9276ddddb1fa021d3bc23ad14824c1af16f7d87e713689,60.14951,24.92138,0000000006dd41f6,10.78
15238,2019-08-04T11:06:42Z,88808fe92573e9cdf022cc15b9689b6b4b9429f60513c8897b0ba4c7,60.16897,24.95222,00000000aa852af1,20.28
15239,2019-08-04T11:06:42Z,8c3b1ed0846e38cc84b863a80540c8a75bfd85c8bdda36563d153110,60.16544,24.95398,0000000038d83d41,18.79
15240,2019-08-04T11:06:42Z,8c75c3289c84fe4493e1e272a77b615fe1985880c5dc68a7c1a17b53,60.16762,24.95415,000000006b44cce7,11.7
15241,2019-08-04T11:06:42Z,9843c6216661048343a0e49cf3d8aa2883cf77f452666a1c873a1052,60.16448,24.97323,0000000053c6c2be,12.69
15242,2019-08-04T11:06:42Z,9992834418850939882f3b334eee492eb98d4f9d6d6118f9ee108793,60.16762,24.95415,000000006b44cce7,3.4
15243,2019-08-04T11:06:42Z,9c8556ea519835172f09c20e7688066eeec8e7f74a0c6fa3df3d9c5f,60.16829,24.94214,00000000afef4555,23.56
15244,2019-08-04T11:06:42Z,a13e5d46f0a2d1c6b58878e1b198905e9b14e3a85b5e4adab88b4b87,60.16762,24.95415,000000006b44cce7,10.78
15245,2019-08-04T11:06:42Z,b5fd6b317890e5ab2d79e2cd1abe61626d45a753c7337d0d40728898,60.16762,24.95415,000000006b44cce7,10.78
15246,2019-08-04T11:06:42Z,b936e41d8712ae967f3ebb413fc44f060bb10613f95537757886ede2,60.16762,24.95415,000000006b44cce7,9.92
15247,2019-08-04T11:06:42Z,bfcaefe93f7fcb6aad6e62e3da473a7b5b03a62db532dad02a7d3559,60.16762,24.95415,000000006b44cce7,23.56
15248,2019-08-04T11:06:42Z,ca6927628f5ddda20036865c9345ad93d476d62ade3b181de568eed6,60.16897,24.95222,00000000aa852af1,21.87
15249,2019-08-04T11:06:42Z,cd2c2ce2425879ac455c812073aa8025c7bac76df380e4793edab46d,60.16829,24.94214,00000000afef4555,16.1
15250,2019-08-04T11:06:42Z,cf05623e4d87ce0906c0b0b7dbf53aacc1228016cd27c341228b6e76,60.18203,24.91341,00000000342570c2,18.79
15251,2019-08-04T11:06:42Z,cfc0bedb78ded52749db3188cb188bf6a250ef5990da9c5afa9623fc,60.14951,24.92138,0000000006dd41f6,23.56
15252,2019-08-04T11:06:42Z,e224ae5ea47af2e3048f83b13a1f45dc135c0ca6be72547b01729086,60.1538,24.95595,0000000038bf9618,17.4
15253,2019-08-04T11:06:42Z,e8e366e76c97944e23c0f80b4fd3ce6e5832744922297146a49f0c7e,60.16762,24.95415,000000006b44cce7,12.69
15254,2019-08-04T11:06:42Z,f31cfded6f566f9c032c80c52ea642407be312c5d42521ab7a8d3e2a,60.16897,24.95222,00000000aa852af1,12.69
15255,2019-08-04T11:06:42Z,fc4f3a44235f1cfc7b53f14ba2da599976a5a0a220d23b852688e485,60.17919,24.95181,000000007b5207b6,10.78
15256,2019-08-04T11:06:42Z,0043f38f4fb6545d7c033c9a8f8c18106aa0c2c841f28a15dd722e9d,60.14699,24.922,00000000a53ed894,16.1
15257,2019-08-04T11:06:42Z,0236a1d5b9b9d2249407a79705eee38de360ceb0530a8959ba5bc15b,60.149,24.9843,00000000fffb8cf0,10.78
15258,2019-08-04T11:06:42Z,02859795f210989e95cecea68a54de08be1fe5e153b3038eda00394e,60.16762,24.95415,000000006b44cce7,13.75
15259,2019-08-04T11:06:42Z,02a354db29cd5bc16976a9d933e03a41be350f9cc78098829a7dcfd4,60.14947,24.91438,000000004ef3150d,21.87
15260,2019-08-04T11:06:42Z,03204cdd97728dc59f21f215f75460ac8fe2fa56720a88e869c6f56d,60.16829,24.94214,00000000afef4555,16.1
15261,2019-08-04T11:06:42Z,03515f2dd8be9a829b8b55cec8dc0f87b3e51368f8f16e4c4014d547,60.16762,24.95415,000000006b44cce7,12.69
15262,2019-08-04T11:06:42Z,0656a0c0a353f164b57fbdd9e648d71fab429964d97ed07ab2c5dc30,60.18203,24.91341,00000000342570c2,16.1
15263,2019-08-04T11:06:42Z,07505f028a552fd4183a9d7a436db18ae89a2dfeff0cdea93dcbe920,60.16762,24.95415,000000006b44cce7,7.69
15264,2019-08-04T11:06:42Z,07d9aa9fe10e58c26960ba10eb2f13607a7cea0226acaecbdcc52508,60.16762,24.95415,000000006b44cce7,8.38
15265,2019-08-04T11:06:42Z,08b10b51864dc039f0a07c997e66e7a263ee1cde5b0b88b2a1178c58,60.16829,24.94214,00000000afef4555,9.92
15266,2019-08-04T11:06:42Z,096c3b0de1dab1407cd4d3330546404c0d62ce025924420496380f89,60.16762,24.95415,000000006b44cce7,11.7
15267,2019-08-04T11:06:42Z,0aa519749df61b76dd2eeff7698dae9732dcbeb64afd25bb14aebb4a,60.16897,24.95222,00000000aa852af1,23.56
15268,2019-08-04T11:06:42Z,0c959027ce302054b09087cac97a83aa7e24fb9e4fa2710763f912cb,60.16829,24.94214,00000000afef4555,2.54
15269,2019-08-04T11:06:42Z,0d2490ed58c11eb4a754a30cc4bcb21c7243d322a2caf7cc360e4e8c,60.17065,24.93641,000000000f4919c9,10.78
15270,2019-08-04T11:06:42Z,0e113c5ed3abcdfb31d27c3125f6cf01e3b96e4ed7eca1aaea855f77,60.14947,24.91438,000000004ef3150d,21.87
15271,2019-08-04T11:06:42Z,0e9170bc93107bf16cd12839eca9ea157f19169d66085e8a435b0f1d,60.16762,24.95415,000000006b44cce7,16.1
15272,2019-08-04T11:06:42Z,0f8209b436f18b5cf0805c278f81e8de1d7ffbab8d0c95a53dfd026b,60.16448,24.97323,0000000053c6c2be,41.64
15273,2019-08-04T11:06:42Z,0fd26c6e46f4d73b276223942e56c38bc9b8e4566239f8a77261657b,60.17002,24.94407,000000006b087f40,16.1
15274,2019-08-04T11:06:42Z,1083b7adffac22c0fd933b3dd2c5bb41ddc6258467eed8d56f93dc01,60.16762,24.95415,000000006b44cce7,8.38
15275,2019-08-04T11:06:42Z,1107822441d53ff89eb9cb0d022a37202aed47bd82dca4bc175d6837,60.16762,24.95415,000000006b44cce7,6.46
15276,2019-08-04T11:06:42Z,117b6ba38be2f875c85c9c048106db4d2dbce58629a807d7d7773b6c,60.16762,24.95415,000000006b44cce7,13.75
15277,2019-08-04T11:06:42Z,118cffafccf902fa0dea50f220191f4eb7938f02c841bd3952fa3484,60.16762,24.95415,000000006b44cce7,20.28
15278,2019-08-04T11:06:42Z,1327ce24f157334f864f913637993c80380ce5f5c911e4b0d31c5eb7,60.149,24.9843,00000000fffb8cf0,3.74
15279,2019-08-04T11:06:42Z,135b81a7a5a9dd70569656553c100af6fdc760bcf92d9b7b48261cb1,60.16897,24.95222,00000000aa852af1,20.28
15280,2019-08-04T11:06:42Z,13b0a8ca1414d7b2b0e8d5f80069a5d26c6f62a68b58eda25a4b85f4,60.16829,24.94214,00000000afef4555,18.79
15281,2019-08-04T11:06:42Z,1556d4a76070c26554efa12b4b9c53766a4cc394e8b74ee37f2fff65,60.17065,24.93641,000000000f4919c9,4.5
15282,2019-08-04T11:06:42Z,182e58bd6c3c8d836225d454a878bc55d8ed5166564a22f8b635f6ff,60.14947,24.91438,000000004ef3150d,21.87
15283,2019-08-04T11:06:42Z,1921be9815a57f11f291ca085add7b4bf1d044518b03b725df7cf7d5,60.149,24.9843,00000000fffb8cf0,6.46
15284,2019-08-04T11:06:42Z,19db84758eba08a5f9bb56b0ff91d05286765c8e8dfa31bd0b2aaa1c,60.14947,24.91438,000000004ef3150d,3.4
15285,2019-08-04T11:06:42Z,1a9a0f74c353624c42c19c007e82c9c2547b7285d8353d0e375e3f05,60.14699,24.922,00000000a53ed894,3.4
15286,2019-08-04T11:06:42Z,1c38009e9b89bd8b0d6744bf54ebae9a8ad2dc2868cdfc3f2e399509,60.16829,24.94214,00000000afef4555,7.69
15287,2019-08-04T11:06:42Z,1c9aa21b85f6dc63cc56eb960e89cdeaa6da27738f3fcc4fbee8ee17,60.16762,24.95415,000000006b44cce7,17.4
15288,2019-08-04T11:06:42Z,1ce242f8d8220cd38bf3ea9138c99ae9b2f79b28e68edb864f090ec9,60.149,24.9843,00000000fffb8cf0,27.28
15289,2019-08-04T11:06:42Z,1fa2c533bba37b249a0105001153733e67a559d40c22cab67f135f64,60.14947,24.91438,000000004ef3150d,18.79
15290,2019-08-04T11:06:42Z,21e1b0aebd1c050ac0463a0269b847e7e94b782ed10399e5e749817f,60.16829,24.94214,00000000afef4555,29.32
15291,2019-08-04T11:06:42Z,227b93698b29687beea48184f42aab63a21fa362af7251be32db2e15,60.16531,24.9442,00000000fdda10fe,2.08
15292,2019-08-04T11:06:42Z,23786c82e2641aed0e0b004658480a212bf0397568e914487819045c,60.16897,24.95222,00000000aa852af1,23.56
15293,2019-08-04T11:06:42Z,2535cb5c89ec66044a005b03dd769ca8d0022164a816c06db0e49892,60.16762,24.95415,000000006b44cce7,5.41
15294,2019-08-04T11:06:42Z,26a4ff30aad95332c4b603e9e728a10486413889de9d2c4573524923,60.14699,24.922,00000000a53ed894,18.79
15295,2019-08-04T11:06:42Z,2724e42551f43106ea58a8fcc6a43953baa1294cd65e17a90012f706,60.17065,24.93641,000000000f4919c9,0.71
15296,2019-08-04T11:06:42Z,28741c2e5e348fe81dec0518a21c0930c98a25b6fcece61a262d50de,60.14699,24.922,00000000a53ed894,7.69
15297,2019-08-04T11:06:42Z,28e8a4ccd08ea244e028ee358d7ae5359a02107234c2cafd1415ccec,60.16829,24.94214,00000000afef4555,21.87
15298,2019-08-04T11:06:42Z,296a0ffe230305a3d37818a0369b56c99dacdd5df5a161bf238e1084,60.16762,24.95415,000000006b44cce7,4.94
15299,2019-08-04T11:06:42Z,2977d3c4f181abb6662adf1d466a62167e2690a9c94dc53e5aa6a904,60.16762,24.95415,000000006b44cce7,11.7
15300,2019-08-04T11:06:42Z,29b5f09785ef76627c2a3f043e1182d11fbd3a465422544c7478aa1c,60.16897,24.95222,00000000aa852af1,6.46
15301,2019-08-04T11:06:42Z,29f5adc4d67413b7d368e8e94a41cf48339e3f5f0903f660170c4fe8,60.17918,24.95141,00000000675d5200,12.69
15302,2019-08-04T11:06:42Z,2a80aed2c40e7e70ca12152ac812abd79aa1d13efcec25a6d3395136,60.16762,24.95415,000000006b44cce7,11.7
15303,2019-08-04T11:06:42Z,2bade3cfae68c5f3e9df9c6f8327c0cbd36d37a09ade6c16bfb24289,60.16829,24.94214,00000000afef4555,20.28
15304,2019-08-04T11:06:42Z,2c85e4140ca0ba77c3598ceac05eb2c2342409ce8111c863fc58c606,60.16829,24.94214,00000000afef4555,14.89
15305,2019-08-04T11:06:42Z,2ccaeb30423977ff22b6afc29243b861b476a5f4ffafdf200d326d78,60.17002,24.94407,000000006b087f40,29.32
15306,2019-08-04T11:06:42Z,2de87ef94604fb63bec05eefb71b6cdd0b9807f8551159c2a35e7259,60.17065,24.93641,000000000f4919c9,12.69
15307,2019-08-04T11:06:42Z,2e6e6f89a7d75f0742d016de203c9acc8d6f6bdeb7b56bd12f482653,60.15432,24.9211,0000000019fb59c4,7.05
15308,2019-08-04T11:06:42Z,303e51dd6e5cca35a9f9f76fbe8ef97bd64a9dc6b4e965b1f74ca279,60.14699,24.922,00000000a53ed894,18.79
15309,2019-08-04T11:06:42Z,30bee351808d5e8082ce012b57f5bc0efc80f8394491a182e0eeee32,60.17918,24.95141,00000000675d5200,31.5
15310,2019-08-04T11:06:42Z,31659a798f1d780d587f07390c038a78fafa6cabb8180dba635863ce,60.17002,24.94407,000000006b087f40,25.36
15311,2019-08-04T11:06:42Z,32f77f5019e5fce30881c214487361e2e34b8c93277f6e546de72012,60.1638,24.96846,00000000d747f075,20.28
15312,2019-08-04T11:06:42Z,33a5da4eacfc49fefa067790c9fada1a86d9793367ded845a46f0779,60.16829,24.94214,00000000afef4555,16.1
15313,2019-08-04T11:06:42Z,3417d8a6b53687e70f126ebeb1d26a2ff6369dc9a551c3c35c5a04f9,60.17002,24.94407,000000006b087f40,18.79
15314,2019-08-04T11:06:42Z,34ebfbffd9a126421b335e852aa094b727786622ade7757b36f67b57,60.18203,24.91341,00000000342570c2,36.27
15315,2019-08-04T11:06:42Z,35e26a55ffcf023f80c64d570297932cbeabb750c9f72ba981e2f66e,60.16762,24.95415,000000006b44cce7,11.7
15316,2019-08-04T11:06:42Z,35f337dd3baf0bc08002ec007d609b685ac29bb2a8bcad6783532a6b,60.16829,24.94214,00000000afef4555,13.75
15317,2019-08-04T11:06:42Z,3670a148a52771f0ff5af161725f65b86873c09eea1a7697861c0438,60.14699,24.922,00000000a53ed894,17.4
15318,2019-08-04T11:06:42Z,374083907dd8980893623726af5633afd59b519c885ad12ba5c674eb,60.17002,24.94407,000000006b087f40,4.94
15319,2019-08-04T11:06:42Z,38561a086c97342a24583c26b33205da50e3e973a8147fe016a4a9ff,60.16829,24.94214,00000000afef4555,9.12
15320,2019-08-04T11:06:42Z,386dea4944e0b83648b4b6faf510fd47b0e9e29a2bb9311fe8a80ee2,60.17918,24.95141,00000000675d5200,9.92
15321,2019-08-04T11:06:42Z,3991e38309311c3fd5aecdcf3290274a5742396d989a81387bf154ae,60.17002,24.94407,000000006b087f40,14.89
15322,2019-08-04T11:06:42Z,39e2f2a7b03cda9f877366363a3727edfefd16d2221e752dafc33634,60.17002,24.94407,000000006b087f40,17.4
15323,2019-08-04T11:06:42Z,3ac9d056b0f04f774b238a125eb996d46437f7a8c5f6ba6712e971cf,60.17918,24.95141,00000000675d5200,11.7
15324,2019-08-04T11:06:42Z,3c545ca8c42e2a9a876f2500f6aee220e5fe1c178dd132136643754b,60.16897,24.95222,00000000aa852af1,23.56
15325,2019-08-04T11:06:42Z,3c7df7d16658abc47ed9e66342a99269fee33785ea550021877f84a4,60.18203,24.91341,00000000342570c2,17.4
15326,2019-08-04T11:06:42Z,3daa2205b02453faa04e23c0bf80d6d22d657277425f07e4fc424dbc,60.16762,24.95415,000000006b44cce7,16.1
15327,2019-08-04T11:06:42Z,3f5d3aed90718f7fb8e8a13ac7002718cc22cbe190beb96821ba52e6,60.17065,24.93641,000000000f4919c9,18.79
15328,2019-08-04T11:06:42Z,3f67c6713a6cca446a46616c9970c7a2ddffb03f21e10c8ea9b2f380,60.16897,24.95222,00000000aa852af1,18.79
15329,2019-08-04T11:06:42Z,411febba567281e3da6030aa21191fe5efdd090f54aec41ca291563a,60.16897,24.95222,00000000aa852af1,16.1
15330,2019-08-04T11:06:42Z,44d01b24bde0f8031d7cf15bb66e661ad9bd92807f3213fabf920fa1,60.16762,24.95415,000000006b44cce7,8.38
15331,2019-08-04T11:06:42Z,465eab28635efe98500085ceb161cf941d02272a0107fbbfb2203c29,60.16829,24.94214,00000000afef4555,8.38
15332,2019-08-04T11:06:42Z,47cd1dcac88434ffdc4b868e7f1d8d8a604700564bc83a7c0a3928be,60.16762,24.95415,000000006b44cce7,6.46
15333,2019-08-04T11:06:42Z,47f787c639f2eed345eb5dca409ffcd989850399a1ab781500dd6e82,60.17918,24.95141,00000000675d5200,7.05
15334,2019-08-04T11:06:42Z,4800d49ec59e1cde34360defcce4c2a0c6a58919303c1fe6fdebceec,60.16762,24.95415,000000006b44cce7,9.12
15335,2019-08-04T11:06:42Z,4833b1ea4f519407574f5a838d93a39de28c756c5f53de7ee273b577,60.14947,24.91438,000000004ef3150d,9.12
15336,2019-08-04T11:06:42Z,49084ae4b6419be9e7bb0c9b1420142e07d6ac3c17c07c26895461ed,60.16829,24.94214,00000000afef4555,18.79
15337,2019-08-04T11:06:42Z,4954540aca30f8f56f918178fbd53ee48ddef7a231d425061f6b2f6f,60.18203,24.91341,00000000342570c2,18.79
15338,2019-08-04T11:06:42Z,4a54cbed9c373a4136f8851f3f5736eb2fadd5766d316eb5ebbdd231,60.17918,24.95141,00000000675d5200,7.69
15339,2019-08-04T11:06:42Z,4a912b6c106b63933a8c9cc39598823bcb2c94d4b1cc8a5d55cb3972,60.16829,24.94214,00000000afef4555,8.38
15340,2019-08-04T11:06:42Z,4b5b3e8f2b484bc08b196c265f65c70151bd69f6263318eb29125db2,60.16829,24.94214,00000000afef4555,27.28
15341,2019-08-04T11:06:42Z,4cf634fc84e128c3b9bce07a4b726d136e18f0eea4229fdbb48f6db1,60.16897,24.95222,00000000aa852af1,29.32
15342,2019-08-04T11:06:42Z,4ee41e28902eefcc5c43f89251fab6180f18fce0b6201bdc3bec7583,60.16829,24.94214,00000000afef4555,25.36
15343,2019-08-04T11:06:42Z,508ee0778f7d5571ac4aa05211272911339b293ff62069f14cd4aa0a,60.16897,24.95222,00000000aa852af1,21.87
15344,2019-08-04T11:06:42Z,51789c3026ccfe7e846e44fcd833d006941c2789b9693c77df5a7c98,60.16762,24.95415,000000006b44cce7,9.12
15345,2019-08-04T11:06:42Z,52c7e30dd19b4e037fdee5b80dfcb2fa85be4a3f1d132c2fea1cfe90,60.16762,24.95415,000000006b44cce7,25.36
15346,2019-08-04T11:06:42Z,52daa31a2b3c1c07f78d96ebb4de3a965da5ef0a8035afbd0f7451fb,60.16531,24.9442,00000000fdda10fe,25.36
15347,2019-08-04T11:06:42Z,54d53f276563f566e1cd61b100408412cf78b4fe9fcada830aa6e23b,60.14947,24.91438,000000004ef3150d,11.7
15348,2019-08-04T11:06:42Z,5518b2315c236d486c7a5a4fc27c44987672b2f9a0751ffdaa9cbf78,60.16829,24.94214,00000000afef4555,9.12
15349,2019-08-04T11:06:42Z,56101419005237b836e4ed14d91dfa6f9edc4c92b5fcb419943897bb,60.16762,24.95415,000000006b44cce7,9.92
15350,2019-08-04T11:06:42Z,56318cc7f3616fceec2564cbb1f6ca8b88ea861935a1ada93aafd7b0,60.16897,24.95222,00000000aa852af1,12.69
15351,2019-08-04T11:06:42Z,565a35900ed1794a9d566f6fc12f2710875a10eb7c8e6fa0ddd92626,60.14699,24.922,00000000a53ed894,12.69
15352,2019-08-04T11:06:42Z,56d473e2a8c6e4edede96e4d51006d4608d8087f1bdcfbb7232338b6,60.16762,24.95415,000000006b44cce7,12.69
15353,2019-08-04T11:06:42Z,571934189bf349efb6f596e76c21612cf9b82ed44913090169936048,60.17065,24.93641,000000000f4919c9,18.79
15354,2019-08-04T11:06:42Z,584cb0b0cdd14e608c8b57c8aecc9826f9b40027e365e2438a444ea2,60.16762,24.95415,000000006b44cce7,12.69
15355,2019-08-04T11:06:42Z,58c5faa3a5a33380286fc185676e8f2764cdde5a6dc9f43eee9d3b0c,60.16448,24.97323,0000000053c6c2be,23.56
15356,2019-08-04T11:06:42Z,58ee8fd47328b1c696ec343920f2c0353d19a915924eb6f6f2638e56,60.16762,24.95415,000000006b44cce7,7.69
15357,2019-08-04T11:06:42Z,5a730ea19664020323272509e5443616ea3f1cecd7b295e294be4ba7,60.14947,24.91438,000000004ef3150d,23.56
15358,2019-08-04T11:06:42Z,5d9aa6fcb0d81ceaa80ca13cc08a88138be517656646e0ba0942ce46,60.16897,24.95222,00000000aa852af1,20.28
15359,2019-08-04T11:06:42Z,6138e6ab3e1e74425af8945a6fcc294c1469a0b9c448b780bcf9d2e2,60.14699,24.922,00000000a53ed894,13.75
15360,2019-08-04T11:06:42Z,62d86ee13e6ae7a5c41ffc2de746df72d4ef6e8d2b6a51ce1c68965f,60.16829,24.94214,00000000afef4555,5.91
15361,2019-08-04T11:06:42Z,63e498fd789abe431cdf86f184a50616c85717e1efc893da1e1a2222,60.16897,24.95222,00000000aa852af1,17.4
15362,2019-08-04T11:06:42Z,658aacab016460cfc38879944e374640737b32d7291a40aed8b8845c,60.16897,24.95222,00000000aa852af1,20.28
15363,2019-08-04T11:06:42Z,66755836036c771e53ffd9d0dc09b8575231b53b80af22e868691a2a,60.14699,24.922,00000000a53ed894,9.92
15364,2019-08-04T11:06:42Z,66b286cdb9e93883f7eb88bed6e49742fd233e680835bffeeb1b8af8,60.16762,24.95415,000000006b44cce7,14.89
15365,2019-08-04T11:06:42Z,67598a1e0a26360b38ffc4bd67aa05290556cdaea97554dfb9d8bdad,60.16762,24.95415,000000006b44cce7,27.28
15366,2019-08-04T11:06:42Z,697103160f0b3dc0ba38ccdd18203ae84ec35fc314322d1172c093b2,60.16829,24.94214,00000000afef4555,11.7
15367,2019-08-04T11:06:42Z,698028b8b32a02d0f8894784f087e64cefb1c3bcd6c7ef1e889c8492,60.16897,24.95222,00000000aa852af1,16.1
15368,2019-08-04T11:06:42Z,69852d528034ea6fc746ed8942c32f1c90bc33a7a7317dfac3c9b1c1,60.14699,24.922,00000000a53ed894,4.94
15369,2019-08-04T11:06:42Z,69d8c906060e226ff0f0f7e78029575f2ee07ebec657a3b641419268,60.14699,24.922,00000000a53ed894,13.75
15370,2019-08-04T11:06:42Z,6a611aaa1fa77baf03191f0143c2a00dd06c9730c67d30c1eb06afcc,60.16762,24.95415,000000006b44cce7,13.75
15371,2019-08-04T11:06:42Z,6ac1903c80e63433e4bc744dc0e801bff647117d38d3753fb9a6a4c1,60.173,24.92524,0000000096918cfa,16.1
15372,2019-08-04T11:06:42Z,6ac8fdd67b3dd11f0bae935f3a285880138382088238b97f511d3f12,60.16897,24.95222,00000000aa852af1,12.69
15373,2019-08-04T11:06:42Z,6b3836e78400caa9d7373678bf33faf8b137556c7ee47e73251c3e4a,60.14699,24.922,00000000a53ed894,21.87
15374,2019-08-04T11:06:42Z,6c637347d64659d1b29b0461397fccfbff09339872c14e32469fbd0f,60.16762,24.95415,000000006b44cce7,10.78
15375,2019-08-04T11:06:42Z,6c97da4ba9462e7fe786a472989dab23340d31809dd78d5617204da4,60.16829,24.94214,00000000afef4555,8.38
15376,2019-08-04T11:06:42Z,6e492dbc3f10157e7ff00826a839a97262ab36244ccc57b702a89999,60.16531,24.9442,00000000fdda10fe,9.92
15377,2019-08-04T11:06:42Z,70865ff0fd32dc9fc73f25e929a40535a717664003e66c14224a9d90,60.16762,24.95415,000000006b44cce7,11.7
15378,2019-08-04T11:06:42Z,70ffae2b8178e0915c5de7816f8dd8bcc3af745ee49df8ac4da4adba,60.17918,24.95141,00000000675d5200,23.56
15379,2019-08-04T11:06:42Z,714e80a1e3c0fee43e312f314b2faec47e582ee8dac47e4818dbc2f9,60.149,24.9843,00000000fffb8cf0,6.46
15380,2019-08-04T11:06:42Z,71516fc8349cfaf2b5c4ab80ade6078494d93d13e9953af15e5ced30,60.18203,24.91341,00000000342570c2,10.78
15381,2019-08-04T11:06:42Z,730d975773cc8c9c07ff88fb87377ff64a961a96e9237e59859fa46f,60.16762,24.95415,000000006b44cce7,14.89
15382,2019-08-04T11:06:42Z,73f9caa620c77e880d8973e260936b1114db9c96de6accf8398ccec0,60.17002,24.94407,000000006b087f40,16.1
15383,2019-08-04T11:06:42Z,74c2ec2adc228e5b4979284d730fd2de698242f0f06d90f870b8cde6,60.16762,24.95415,000000006b44cce7,4.5
15384,2019-08-04T11:06:42Z,7552783317be1ef797980c3a9ee9c5967d4e7b32765f23c51ffda02d,60.16897,24.95222,00000000aa852af1,20.28
15385,2019-08-04T11:06:42Z,76444267ea4d5365cef684a446be8cc3482dc3b1b516cdb7850e717f,60.16762,24.95415,000000006b44cce7,10.78
15386,2019-08-04T11:06:42Z,795b33361c4adbe3fd61f8f680186862dfc479124c39e5da6579b065,60.16829,24.94214,00000000afef4555,23.56
15387,2019-08-04T11:06:42Z,79bde23c1a8980f93a65e14306f0d8ea89e164430d8b991e2bfee82e,60.16531,24.9442,00000000fdda10fe,27.28
15388,2019-08-04T11:06:42Z,7afc351f0ed7619c18c64ab06971196bb53d53e2d460151ab711bc0f,60.16762,24.95415,000000006b44cce7,14.89
15389,2019-08-04T11:06:42Z,7c55ecf165387948602e82b684a55be093691849fde2d96ad6574475,60.17065,24.93641,000000000f4919c9,9.12
15390,2019-08-04T11:06:42Z,7ddcdde2316659d0fa4b8597b86430e095ea0bc7f3564a9d05fc60f8,60.16897,24.95222,00000000aa852af1,16.1
15391,2019-08-04T11:06:42Z,7de4ba54f0d667a69cb0b6d625856bc6b040f51a42f91beae366a269,60.16762,24.95415,000000006b44cce7,7.05
15392,2019-08-04T11:06:42Z,7e524ee3c3e87684ab5dd7d12cfd44f1627869f4590ef0effa1200bc,60.17002,24.94407,000000006b087f40,29.32
15393,2019-08-04T11:06:42Z,80ffa6235c9fd84bd35d46706c7d0c4126ee0e241a070c5ae5f30d14,60.16762,24.95415,000000006b44cce7,14.89
15394,2019-08-04T11:06:42Z,822590bd49bcf7ed4de4f8389586915c343b29c4283ff8b90d7c1d39,60.17065,24.93641,000000000f4919c9,13.75
15395,2019-08-04T11:06:42Z,82ac749474448abac333d00869cb8b508872f86293913d95eae26a05,60.15432,24.9211,0000000019fb59c4,14.89
15396,2019-08-04T11:06:42Z,82cddd3b9f58762d36efe78da4e2722ee587cfdb3fdbc58b52673082,60.16629,24.95957,00000000fb7600be,11.7
15397,2019-08-04T11:06:42Z,844b8ad6ebf530978d1139d527a681991f4d3eed6be5bc723f0b2192,60.16531,24.9442,00000000fdda10fe,2.08
15398,2019-08-04T11:06:42Z,85b440c4e1125b1e2531499de3b19b82ae4b7eabb4d89c63c97fa83b,60.16829,24.94214,00000000afef4555,23.56
15399,2019-08-04T11:06:42Z,87ea10367f1569e575dc4bc60f0f4238eafb52ba8a2cc8e5e4584232,60.16829,24.94214,00000000afef4555,23.56
15400,2019-08-04T11:06:42Z,87ee2ae24a1a0871184580c39a1c79955cbf954947f0ee24252c7302,60.18203,24.91341,00000000342570c2,20.28
15401,2019-08-04T11:06:42Z,87f4cf4baea8c5dfe1bc7812cc969574058bd4d2dda215192bcfc53f,60.14699,24.922,00000000a53ed894,6.46
15402,2019-08-04T11:06:42Z,886032718e05487be8bd75bb14464814044c7edd7f9a2198304f6fb4,60.16629,24.95957,00000000fb7600be,21.87
15403,2019-08-04T11:06:42Z,89df1daad350e46d526e113019214d2e1a19d8f48da761bb3583399b,60.16762,24.95415,000000006b44cce7,5.91
15404,2019-08-04T11:06:42Z,8a7f5012c000c420f0a336a3988c72cf2b373818f4f3f369e994d8e4,60.16829,24.94214,00000000afef4555,17.4
15405,2019-08-04T11:06:42Z,8f3d9ab893ae4a48fd3417f3a749c21e792779990ae0ad75a8f211de,60.1538,24.95595,0000000038bf9618,31.5
15406,2019-08-04T11:06:42Z,90b12d2b9898702fd62b343512e0d53796ae38decdf704e203a0cc39,60.16829,24.94214,00000000afef4555,13.75
15407,2019-08-04T11:06:42Z,91602a694bc74a2874ba7f02a7bae062a3a77cd869b86a74800415b8,60.17918,24.95141,00000000675d5200,14.89
15408,2019-08-04T11:06:42Z,91a797a1f2e6d4f87b08961f305e3c78b59e06f9a3315df8833869f6,60.16629,24.95957,00000000fb7600be,27.28
15409,2019-08-04T11:06:42Z,93272ad17155ea9499641eda7c5560691582116096278b82738ab21e,60.14699,24.922,00000000a53ed894,14.89
15410,2019-08-04T11:06:42Z,936c8d12f2bf0990c21b1a6fbdbd83565c86c00e50d6bd0be3bd52ff,60.16629,24.95957,00000000fb7600be,29.32
15411,2019-08-04T11:06:42Z,951482f3e2e41b496e34885c346c4a7ab09427178119caa9b8bbcbb6,60.14947,24.91438,000000004ef3150d,7.69
15412,2019-08-04T11:06:42Z,9558753228fb3007f59382a0595018488e2e7430248f8824a5badb80,60.1638,24.96846,00000000d747f075,29.32
15413,2019-08-04T11:06:42Z,97490f522f1a0226c8f7e8ed7bca08dd71b63d80b46d38020127b868,60.14699,24.922,00000000a53ed894,7.05
15414,2019-08-04T11:06:42Z,9924ed20d6ddee438860f63a9fa1a2cefa7ccfa275d6da3a2008d84d,60.173,24.92524,0000000096918cfa,27.28
15415,2019-08-04T11:06:42Z,998a30ee5f5ff6d2bc9ed04420591e525ded59ad66d09eefa240cc8e,60.16762,24.95415,000000006b44cce7,10.78
15416,2019-08-04T11:06:42Z,998ac46ad73c197bab1f36dca67d8bcaa3aca92249185a5e3715043f,60.17065,24.93641,000000000f4919c9,13.75
15417,2019-08-04T11:06:42Z,9a49d0b5a67fba15ce8971503f6fea88994b33487a842397c5e8564f,60.16762,24.95415,000000006b44cce7,2.54
15418,2019-08-04T11:06:42Z,9ab0a60cb60531417ac6ec5ebc6ef591d2f39019c6b0bcb5a89101a2,60.14699,24.922,00000000a53ed894,7.69
15419,2019-08-04T11:06:42Z,9b24f69458294d27d07a0169665965135fd02f4c953f85bcebf4ba87,60.16762,24.95415,000000006b44cce7,14.89
15420,2019-08-04T11:06:42Z,9b4b0705e58750d2bcbd71ad65d85677f7e77db5dfe69d1a70b5d31f,60.17918,24.95141,00000000675d5200,6.46
15421,2019-08-04T11:06:42Z,9bc50d931d6c1678284177395958d15f05b45d60ae7bc09fe1e1694e,60.16762,24.95415,000000006b44cce7,9.12
15422,2019-08-04T11:06:42Z,9bc91538b73e0220fcf5cd07290c07d56f6f48d3ba0ba6b6b0876da9,60.17065,24.93641,000000000f4919c9,7.05
15423,2019-08-04T11:06:42Z,9bef562c292174f1eb3933116effff74a8733a78e5c1df140de3fd6c,60.17919,24.95181,000000007b5207b6,9.92
15424,2019-08-04T11:06:42Z,9dda6ec06356b345040c379fd73bf923f7eac951cb2eb9cdc43dd5bb,60.173,24.92524,0000000096918cfa,21.87
15425,2019-08-04T11:06:42Z,9eb1e9bfdceb76ef852f89ebd82139602125f9731b791465e1c21f81,60.16829,24.94214,00000000afef4555,8.38
15426,2019-08-04T11:06:42Z,9f1920350685b4cb747c535ba3c3dc1cb29587668bd507ab96e5692f,60.16629,24.95957,00000000fb7600be,14.89
15427,2019-08-04T11:06:42Z,a066e2044b486819fe2185765f63ed87f8d10c502f26a01be1f1a758,60.149,24.9843,00000000fffb8cf0,18.79
15428,2019-08-04T11:06:42Z,a0ec1a8d581f94e640a6858a674699d2464ec065e6faea9d4ce2a13b,60.16762,24.95415,000000006b44cce7,8.38
15429,2019-08-04T11:06:42Z,a20a11944d9440f1f8e4ea6262408f673f2a8380c4e13dda1a073d8d,60.16897,24.95222,00000000aa852af1,17.4
15430,2019-08-04T11:06:42Z,a2f0adf51cb9d2a5417cc0797183513a8bbcecfbc717a1b63e42027d,60.16762,24.95415,000000006b44cce7,6.46
15431,2019-08-04T11:06:42Z,a30740fbf4b7e21f6fe2996e9325c90936de161cb2165e87cd96fd35,60.149,24.9843,00000000fffb8cf0,13.75
15432,2019-08-04T11:06:42Z,a44eda7b8ec58e1cd7c078a73c4da7fb0037d59453aa6bfe69b7cbdd,60.16762,24.95415,000000006b44cce7,11.7
15433,2019-08-04T11:06:42Z,a50e0bb8fd1ad4ad264c3246b210a0c6285faae591c1bd2c2c3458af,60.16829,24.94214,00000000afef4555,16.1
15434,2019-08-04T11:06:42Z,a51a9aab75637e56bef3effddc420dfcd95b8cbd85d95917aaac38d5,60.16762,24.95415,000000006b44cce7,11.7
15435,2019-08-04T11:06:42Z,a5d632ac8ffc19a626de034d3c9444fd262ee6edada285c816ea9266,60.16531,24.9442,00000000fdda10fe,4.5
15436,2019-08-04T11:06:42Z,a6ad4305e4e49cc67b63665ffb182e72c67646f3554a9aedcd188b67,60.16829,24.94214,00000000afef4555,25.36
15437,2019-08-04T11:06:42Z,a764c2246c85b2b0aa79e581e2fe238da93de098abbb90aee24c11ca,60.16829,24.94214,00000000afef4555,23.56
15438,2019-08-04T11:06:42Z,aa4547c0b6b8be30776e08d524ceeacfbc9930ad720e11fa4cb20882,60.16531,24.9442,00000000fdda10fe,1.38
15439,2019-08-04T11:06:42Z,aa45859d6157e9e86470ec8b81957acc35bafb1b7f419d79357a38cf,60.16829,24.94214,00000000afef4555,7.69
15440,2019-08-04T11:06:42Z,aa4f0a620aff891cd201b7690bc641eeb43d9fe84b11b06755b7cec3,60.1538,24.95595,0000000038bf9618,54.47
15441,2019-08-04T11:06:42Z,ab1377ddf669bb806f8db586f4ce5ab9f0f4257dda61fe800d8509f5,60.17065,24.93641,000000000f4919c9,27.28
15442,2019-08-04T11:06:42Z,ab6e8769f50a15ea5e0d64f48aaa12886b7599a18cc0eb071a21ae5f,60.16762,24.95415,000000006b44cce7,9.92
15443,2019-08-04T11:06:42Z,ab9310807d2eb4984b053d38f467cb5d3e4211ff71ceb059480cf9ba,60.16829,24.94214,00000000afef4555,18.79
15444,2019-08-04T11:06:42Z,ac4679e3db131ec2ea8e1111c8aa0d71020cf8796ecb11f142478394,60.14947,24.91438,000000004ef3150d,4.5
15445,2019-08-04T11:06:42Z,acb3f63fe0879b2640a9d68a248a15f85777e30652945d7740bb95f4,60.16762,24.95415,000000006b44cce7,16.1
15446,2019-08-04T11:06:42Z,adf3914eaf1478a77ba35ea49262388e4babe633207748c7608b8780,60.16762,24.95415,000000006b44cce7,7.69
15447,2019-08-04T11:06:42Z,ae2143f0fab3405d38da14312fd801d7d7524534cd3ffeadc631feb0,60.149,24.9843,00000000fffb8cf0,27.28
15448,2019-08-04T11:06:42Z,ae3cda5066e455d4b1e58860e8fb7a35efad69b9964a676b476b0687,60.14947,24.91438,000000004ef3150d,3.74
15449,2019-08-04T11:06:42Z,af05aef0d368766300bd97074ddaa3500a814ee758ad3ba0d221ed54,60.17065,24.93641,000000000f4919c9,25.36
15450,2019-08-04T11:06:42Z,b07bf68512027f613ec42ef35ecc9ae28f38158a4193299be33e7481,60.14699,24.922,00000000a53ed894,25.36
15451,2019-08-04T11:06:42Z,b0d6202ccd1560eaf57c06931cb6466332e41068ad2963e515819015,60.17919,24.95181,000000007b5207b6,23.56
15452,2019-08-04T11:06:42Z,b2298fc6f63c02481610f9aef24f1a0c1711c255adc43c0fe135c1ca,60.14947,24.91438,000000004ef3150d,23.56
15453,2019-08-04T11:06:42Z,b26d0daac9f8fb84484cbd8ed668aeb6751e848b1c533a307d163360,60.16762,24.95415,000000006b44cce7,4.94
15454,2019-08-04T11:06:42Z,b50b3c2006581bccfeaa9ea964649350c7d5b8177baa29a37e628584,60.14947,24.91438,000000004ef3150d,16.1
15455,2019-08-04T11:06:42Z,b5cdbcdc30e0bf653ce353c867708b0067db5e394c8cbe848d978a77,60.14699,24.922,00000000a53ed894,7.69
15456,2019-08-04T11:06:42Z,b601cd655bb9f05aa6ec86fc9eb9300c3bc20bc0e856e94ad168a257,60.14947,24.91438,000000004ef3150d,4.5
15457,2019-08-04T11:06:42Z,b61c6a5634cffe7dead72d5f6730e8439bee6dd2286d9df8f3052e3c,60.16762,24.95415,000000006b44cce7,12.69
15458,2019-08-04T11:06:42Z,b68ee9d08dcd32b04a57eb2ff3d2582eff2a1332cddf4e8ed4e97f0c,60.17002,24.94407,000000006b087f40,29.32
15459,2019-08-04T11:06:42Z,b6993d0126111446694476224139411806c3e61a96a43f1655048ff9,60.16762,24.95415,000000006b44cce7,17.4
15460,2019-08-04T11:06:42Z,b8f5834e6b992cf5568ae3153fb4b07e97b7f6dd01250851134c1824,60.149,24.9843,00000000fffb8cf0,27.28
15461,2019-08-04T11:06:42Z,ba288a5fd2befbc9ed08e7876ad7cb2bd8bfe6f5756d2ffe8e2dc558,60.17002,24.94407,000000006b087f40,11.7
15462,2019-08-04T11:06:42Z,ba41edadb3a9722bc59efaca71897a33593d0f17301c4bf560fd23e1,60.16762,24.95415,000000006b44cce7,10.78
15463,2019-08-04T11:06:42Z,bbf7d8b9085ddcd3b94f55f93b52cb40a251c44f5df4099ba5b61471,60.16829,24.94214,00000000afef4555,7.69
15464,2019-08-04T11:06:42Z,bc07df8cc395f6f4f5d483b2233caca5f93a6918f346e4cc3702f8cc,60.16531,24.9442,00000000fdda10fe,17.4
15465,2019-08-04T11:06:42Z,bfa8d7b9def7effb1001889eb2b427ec02b29f8110ef50a4c24f069c,60.16829,24.94214,00000000afef4555,21.87
15466,2019-08-04T11:06:42Z,bfd5c2630b36fde15de01ea74e598d035402cf1edb7c9230617927e0,60.16762,24.95415,000000006b44cce7,11.7
15467,2019-08-04T11:06:42Z,c012e9e2caf1002d24e53817bb1279becdfc4aa9dba085e93ddd88e9,60.17002,24.94407,000000006b087f40,21.87
15468,2019-08-04T11:06:42Z,c17d750015a2259a1bba7471f2e4e0a1db4df53276be8c8463fd5f84,60.16829,24.94214,00000000afef4555,23.56
15469,2019-08-04T11:06:42Z,c27fee8ae8d689338b043608280c83cfa6f3276d3837ecea5f742dc3,60.16762,24.95415,000000006b44cce7,4.94
15470,2019-08-04T11:06:42Z,c2cc33e5b1b8d254d4bcbc0ffa13c9200676a39a191cc31a38d28d8d,60.17065,24.93641,000000000f4919c9,12.69
15471,2019-08-04T11:06:42Z,c2d88bc74172eb47d26ee5d739980baa7fc011b9973f9f18b482aa81,60.17065,24.93641,000000000f4919c9,14.89
15472,2019-08-04T11:06:42Z,c2e135ad2c160277e290705658ac41d7cd35b11ebf61d829fdd0b428,60.14699,24.922,00000000a53ed894,12.69
15473,2019-08-04T11:06:42Z,c45e3c4e8ec0fc85457d3b4ed4c49ed0116b4cf447e2983f353abcd8,60.16829,24.94214,00000000afef4555,8.38
15474,2019-08-04T11:06:42Z,c4c3ad738ca47920bb66939f620126c87f730c644813158554916827,60.16762,24.95415,000000006b44cce7,12.69
15475,2019-08-04T11:06:42Z,c55894159f2080031cda702c78ee54463c3c15ab1b3638afdf687f08,60.16531,24.9442,00000000fdda10fe,4.11
15476,2019-08-04T11:06:42Z,c739921adb150c53f1887c6ce887adc6cd7ae7e35e69f6e4dc52fe81,60.173,24.92524,0000000096918cfa,18.79
15477,2019-08-04T11:06:42Z,c7ced11121537f55bcd7d7ab67312226dafe7c85320c5357a35d5ab7,60.17002,24.94407,000000006b087f40,18.79
15478,2019-08-04T11:06:42Z,cb2f32be2e27fc44ead887ff7f76c0199bf68b2c6711e6880f4acd01,60.16762,24.95415,000000006b44cce7,7.69
15479,2019-08-04T11:06:42Z,cc696789aed7ee6ea1dff48eae7da441c3a3ccb4f18ab60ba702c91f,60.16762,24.95415,000000006b44cce7,12.69
15480,2019-08-04T11:06:42Z,cd7d0e9404c9f4e8fab0742460b9acb4d5bbb97f44df80d4a8b973cd,60.17002,24.94407,000000006b087f40,4.5
15481,2019-08-04T11:06:42Z,d04b5065ec93818b731141027d11e6a1cf53de69b9737d7aea0c34da,60.14947,24.91438,000000004ef3150d,13.75
15482,2019-08-04T11:06:42Z,d162ad46250f7d87af446db22df4aa6b2eb2bf22f83beca34e857743,60.16762,24.95415,000000006b44cce7,13.75
15483,2019-08-04T11:06:42Z,d1b77fcfad94da8564d1a85ed1797255531e5ab26cc835800878fb26,60.17065,24.93641,000000000f4919c9,16.1
15484,2019-08-04T11:06:42Z,d2fd0c6415d2d8e49fef3415fb8747b524191b4400a4fbb66428cb12,60.14699,24.922,00000000a53ed894,11.7
15485,2019-08-04T11:06:42Z,d3bad9334d128332fc483e10ef1b77c28e5a75ac55be4de71c6b2f9f,60.16829,24.94214,00000000afef4555,17.4
15486,2019-08-04T11:06:42Z,d68f1946805ba3d30f9ba25280986fbe003f3b5dce7245b633e0cb5c,60.16762,24.95415,000000006b44cce7,10.78
15487,2019-08-04T11:06:42Z,d6a8c97f1ec18c7a90d3beae358bad67f8d53626258a852e15b08c5d,60.14699,24.922,00000000a53ed894,9.92
15488,2019-08-04T11:06:42Z,d82f37918d46bea29e113c6b57b901b1b960ed3337bdcce777aea476,60.17065,24.93641,000000000f4919c9,11.7
15489,2019-08-04T11:06:42Z,d83c1c2d3a3876c948e277bace6d013eafc0c4e118958e138f8b1257,60.16448,24.97323,0000000053c6c2be,21.87
15490,2019-08-04T11:06:42Z,d86f155736e4d36de5d33bdbb3b12b717b75de44852b93419af20945,60.16829,24.94214,00000000afef4555,13.75
15491,2019-08-04T11:06:42Z,da2398acaae7f39c7b80c220d4e6917bdc7655f4c71b6e36d06cb859,60.18203,24.91341,00000000342570c2,13.75
15492,2019-08-04T11:06:42Z,db45583e1f7aaaf54e100214986dfc86aa755383e86d361639a5b19b,60.16762,24.95415,000000006b44cce7,5.41
15493,2019-08-04T11:06:42Z,dc534c1cb5eb7f34b6b57bd93c8d9acb2685ba264563f6f388d09923,60.16762,24.95415,000000006b44cce7,14.89
15494,2019-08-04T11:06:42Z,dc82f9648bb5ba21e766e0923f5fa7ca2d77662ab0edbe22a3d95631,60.14699,24.922,00000000a53ed894,7.05
15495,2019-08-04T11:06:42Z,dcb8f3c3c5136c4abc8757fcb34fedc553ea044b0928f945d89334d5,60.16762,24.95415,000000006b44cce7,13.75
15496,2019-08-04T11:06:42Z,dcbd150d7326dc22a8ab087a0555b9c9549addd07f54aa909aa8ec1f,60.149,24.9843,00000000fffb8cf0,31.5
15497,2019-08-04T11:06:42Z,dd8e0699822b1a8a3f8a91fcb10729f6f7cd0a4736f36dc60974c36e,60.16762,24.95415,000000006b44cce7,10.78
15498,2019-08-04T11:06:42Z,ddd0e663eb31ac94858d2a4e9af5e4782781e88c92102042190e6fcf,60.14699,24.922,00000000a53ed894,14.89
15499,2019-08-04T11:06:42Z,de71e27b55ef6f2f51f05838a2fcab596f1dd93a14ece5ce4548f5c7,60.14699,24.922,00000000a53ed894,9.12
15500,2019-08-04T11:06:42Z,e081e4b3252ca91bbf1cbb70faa116d60317fbf3a991a67bc99b4bfa,60.149,24.9843,00000000fffb8cf0,20.28
15501,2019-08-04T11:06:42Z,e092030747b57112ba6ccf5bdd565d76abb3607abf31a06d0d92660c,60.16762,24.95415,000000006b44cce7,10.78
15502,2019-08-04T11:06:42Z,e0d7e8b332ca8514428ab10acf6d3a6b777da62ff8ea3e18d9b32989,60.16762,24.95415,000000006b44cce7,13.75
15503,2019-08-04T11:06:42Z,e1da87aea335bcd04e4c876158b96ebc7ba4206bc216c3aa27a2f4af,60.17919,24.95181,000000007b5207b6,9.92
15504,2019-08-04T11:06:42Z,e26862fdcdd4688d81b8fe05d1ac94c5f9b3192ddc50d4c66ad12cc1,60.16897,24.95222,00000000aa852af1,9.92
15505,2019-08-04T11:06:42Z,e305610124e16ed1411a221b29ce69a076cc47982efd6c098b0599ab,60.14947,24.91438,000000004ef3150d,9.12
15506,2019-08-04T11:06:42Z,e32e078697e70d6e3cb4b156ada3a4756315227b125615d7b5c116a7,60.16762,24.95415,000000006b44cce7,4.94
15507,2019-08-04T11:06:42Z,e3e3bac265ab2713063d7435bf5c7374dfc7dfc647fb677a030a1a49,60.18203,24.91341,00000000342570c2,29.32
15508,2019-08-04T11:06:42Z,e44d7228cecbdb2474e1cc396a6c13943f09c08c19d0ffab1997d509,60.17919,24.95181,000000007b5207b6,20.28
15509,2019-08-04T11:06:42Z,e53a901aed874016e1cd1ed3e9b2891fca850986cb2fa04f5162cf52,60.16762,24.95415,000000006b44cce7,2.8
15510,2019-08-04T11:06:42Z,e557e164cd52fd817b02cad6587a294d72b0974d9b014ad69ea5e08e,60.17919,24.95181,000000007b5207b6,14.89
15511,2019-08-04T11:06:42Z,e5928057da667903de0b6c1245e1f58273dd85d63d8af0f4eaa771de,60.16762,24.95415,000000006b44cce7,10.78
15512,2019-08-04T11:06:42Z,e5b9b4813c081a31fb498e7f9adb94918c267dfa125c63790c0d9488,60.149,24.9843,00000000fffb8cf0,4.11
15513,2019-08-04T11:06:42Z,e9d59e25b58f33f70aad6832863cb59d7485ca55a1575558f92b74e7,60.16897,24.95222,00000000aa852af1,7.69
15514,2019-08-04T11:06:42Z,eb3dde73e84f5016b5545e9fa2e08d04257ebe448619783f90edcd23,60.16762,24.95415,000000006b44cce7,13.75
15515,2019-08-04T11:06:42Z,ec485175d2b7a2c53d03bf546aee134c116d998976601b069570c6f9,60.14699,24.922,00000000a53ed894,10.78
15516,2019-08-04T11:06:42Z,ecb1735f180422ec69f041cd2782a26c9f07d27a87893b3c30aaa9b7,60.16075,24.95883,00000000f1124bca,4.94
15517,2019-08-04T11:06:42Z,ede13c9dc221bbc6c1daf78250fa6547303c06d7606c05ba0bf64547,60.17919,24.95181,000000007b5207b6,9.92
15518,2019-08-04T11:06:42Z,eea43687eab35d2c386347881796eb1c8279076b9e9642ebc2cd06ac,60.16762,24.95415,000000006b44cce7,5.91
15519,2019-08-04T11:06:42Z,ef15ff71b7dc4c2088249a4fca7e28900ae315245a7a3b4d571bf582,60.16829,24.94214,00000000afef4555,4.94
15520,2019-08-04T11:06:42Z,ef33ccdfcdb12920eabb3306e0f86dc7e6060a5d3864b03e2de7e1ef,60.16897,24.95222,00000000aa852af1,14.89
15521,2019-08-04T11:06:42Z,ef45fdc095ee55730384922266d8fce61de212d3c3df2441ea10e524,60.14947,24.91438,000000004ef3150d,14.89
15522,2019-08-04T11:06:42Z,ef5e495c5f9d3dd9eb22ed5b8faf1cc9e4225d4785ebb26a87d16fff,60.14699,24.922,00000000a53ed894,6.46
15523,2019-08-04T11:06:42Z,f110acae92fec55c6caca5de864773a6b99e5b8d6e2fdf8d1bdbc759,60.16762,24.95415,000000006b44cce7,7.69
15524,2019-08-04T11:06:42Z,f11c02cbebb4049a29f10d2ee6aac8a9ca3b7b9609a39d69463461a1,60.17065,24.93641,000000000f4919c9,29.32
15525,2019-08-04T11:06:42Z,f196f5f8c08299d290b3bac1944e00bb1f2c90594db66438b0c10e6e,60.16629,24.95957,00000000fb7600be,12.69
15526,2019-08-04T11:06:42Z,f4537d3a0c1408b022793f60b53e651b2eac6640fa66b9248338e815,60.16762,24.95415,000000006b44cce7,9.12
15527,2019-08-04T11:06:42Z,f5512b67b3c65354938977e3345feea995d2a82739c38c3e558c1201,60.16762,24.95415,000000006b44cce7,11.7
15528,2019-08-04T11:06:42Z,f5ffa3dbcdd5592ac31344cb04a7a6d639109a4d6e196fa0df3990dd,60.17065,24.93641,000000000f4919c9,23.56
15529,2019-08-04T11:06:42Z,f616fbd0fde8316049c3068ae4368dc9f486f8da4bf5516e9ba82578,60.16897,24.95222,00000000aa852af1,12.69
15530,2019-08-04T11:06:42Z,f62b86ef56fa9417b0128f2fff6530aed6f2a50d3f65bbbfdcbbee59,60.16762,24.95415,000000006b44cce7,8.38
15531,2019-08-04T11:06:42Z,f756416830b046336a677173f34b00e83412904998e92cfb4ebe207d,60.16762,24.95415,000000006b44cce7,13.75
15532,2019-08-04T11:06:42Z,f78ef2ddbe48b534137498eab56c0a55ec0e0b1d8868e82cb5652a0e,60.14699,24.922,00000000a53ed894,13.75
15533,2019-08-04T11:06:42Z,f7be7d003528c0c0827040a3a3723e49406a5a7c86cb4bc568a830db,60.17002,24.94407,000000006b087f40,31.5
15534,2019-08-04T11:06:42Z,f855918d61069661cbf8633b228a5fb9e5cd5ea7b2946bfc5b9fc315,60.16829,24.94214,00000000afef4555,11.7
15535,2019-08-04T11:06:42Z,fa1579394f4980e1fe11248f7be4e646b601a3d8cdb9361f182d066c,60.16762,24.95415,000000006b44cce7,9.12
15536,2019-08-04T11:06:42Z,faee9c7cf21aa61809c94dd68268377841712fc4e488b094972b6a38,60.1538,24.95595,0000000038bf9618,36.27
15537,2019-08-04T11:06:42Z,fb197be4589e2d16cfe2899ae06282639009e64a5bff759f4a8a3e43,60.16629,24.95957,00000000fb7600be,25.36
15538,2019-08-04T11:06:42Z,fbd28054e4a5478c8ca06f4d682405d1c59bef4853cad413ecb58d13,60.14699,24.922,00000000a53ed894,20.28
15539,2019-08-04T11:06:42Z,fda481107ccd1ee84269967e42cbd312252a4216e9c7af4822669a69,60.16829,24.94214,00000000afef4555,29.32
15540,2019-08-04T11:06:42Z,fdf5c0dab003c974e22f3746bfb7fa399e10ca82fcec35ba6dcd6065,60.18203,24.91341,00000000342570c2,36.27
15541,2019-08-04T11:06:43Z,004c3624f943830bc6a9f17173a2cd0996622cade5184ad2b9fba729,60.16897,24.95222,00000000aa852af1,5.91
15542,2019-08-04T11:06:43Z,0152988639aaaa9cc27213280c8f0c0c8ec97ae6a45aaaf743c9c25d,60.16544,24.95398,0000000038d83d41,23.56
15543,2019-08-04T11:06:43Z,048a4191e2e9ce1733556eda54c4123345c70aeced0f8ecf7d52b916,60.14699,24.922,00000000a53ed894,18.79
15544,2019-08-04T11:06:43Z,1142f5b6806b1ec7d8d47d47013eb530d8a7418f6934d8867b20966a,60.16829,24.94214,00000000afef4555,17.4
15545,2019-08-04T11:06:43Z,128f1b89d7a534aa206a7823b692594bbd4d349761baa04c0fc72f2c,60.14947,24.91438,000000004ef3150d,8.38
15546,2019-08-04T11:06:43Z,14c7e1511b70f4dd3359cbece1377aebb4d70531f5489eefe53d7c3c,60.16544,24.95398,0000000038d83d41,18.79
15547,2019-08-04T11:06:43Z,165ebbb4090d47319ae370f0d0854fdc1f6b79499f8b2e4d3c3533c0,60.16544,24.95398,0000000038d83d41,23.56
15548,2019-08-04T11:06:43Z,16c994bb2e24124a910c247376d16e980a65626a94c4c0aaab27df60,60.16829,24.94214,00000000afef4555,18.79
15549,2019-08-04T11:06:43Z,1bba37ee9376f8052f3606bb777546c2c4d1e84dad7afd93d4cffa45,60.16762,24.95415,000000006b44cce7,17.4
15550,2019-08-04T11:06:43Z,25a7ff811c3c06e426c7c2cbb0433d9a2a3399b23afecbd35584ab0f,60.18203,24.91341,00000000342570c2,11.7
15551,2019-08-04T11:06:43Z,269109af99b12861eeb19ab8698033d9c00895687da47af3f4310e9d,60.16762,24.95415,000000006b44cce7,9.12
15552,2019-08-04T11:06:43Z,32dd92b5a658392a4ec84eaf95152ee72258b6b0fb670b97882ac902,60.16829,24.94214,00000000afef4555,17.4
15553,2019-08-04T11:06:43Z,43b676ed3aef4c2d8846694817e76117873be52e7f788e0cb366c1c4,60.16629,24.95957,00000000fb7600be,23.56
15554,2019-08-04T11:06:43Z,44d0b94469070803869f229601e877beb613c3f5aafa009addf97a1a,60.16544,24.95398,0000000038d83d41,21.87
15555,2019-08-04T11:06:43Z,4656bad9b5e6dfc3977eca308fc1db3dbf8b0204b90d09b001da242e,60.1638,24.96846,00000000d747f075,27.28
15556,2019-08-04T11:06:43Z,5d65719c4cbf045f068d084b72302f447d5fd034413d97d13be00d0e,60.18203,24.91341,00000000342570c2,21.87
15557,2019-08-04T11:06:43Z,5eed115a984d490b02b602d73787aee8dc8c4e9365b77fbff3818a76,60.16629,24.95957,00000000fb7600be,16.1
15558,2019-08-04T11:06:43Z,69219e9efa41ae9e732653e9eaf08e1a34cb853a9dafe76ddeea4d04,60.16897,24.95222,00000000aa852af1,23.56
15559,2019-08-04T11:06:43Z,6a70e2fbced719333e21eff04fcb9cb36bae9a04d1a3d6ddd96f2c58,60.15432,24.9211,0000000019fb59c4,4.94
15560,2019-08-04T11:06:43Z,87dfaad29a9276ddddb1fa021d3bc23ad14824c1af16f7d87e713689,60.14951,24.92138,0000000006dd41f6,9.12
15561,2019-08-04T11:06:43Z,88808fe92573e9cdf022cc15b9689b6b4b9429f60513c8897b0ba4c7,60.16897,24.95222,00000000aa852af1,23.56
15562,2019-08-04T11:06:43Z,8c3b1ed0846e38cc84b863a80540c8a75bfd85c8bdda36563d153110,60.16544,24.95398,0000000038d83d41,17.4
15563,2019-08-04T11:06:43Z,8c75c3289c84fe4493e1e272a77b615fe1985880c5dc68a7c1a17b53,60.16762,24.95415,000000006b44cce7,11.7
15564,2019-08-04T11:06:43Z,9843c6216661048343a0e49cf3d8aa2883cf77f452666a1c873a1052,60.16448,24.97323,0000000053c6c2be,11.7
15565,2019-08-04T11:06:43Z,9fc0711d7e7722eff7faa0cb6f17846680c06515c1eb93dd49ebcf25,60.14699,24.922,00000000a53ed894,12.69
15566,2019-08-04T11:06:43Z,a13e5d46f0a2d1c6b58878e1b198905e9b14e3a85b5e4adab88b4b87,60.16762,24.95415,000000006b44cce7,13.75
15567,2019-08-04T11:06:43Z,b936e41d8712ae967f3ebb413fc44f060bb10613f95537757886ede2,60.16762,24.95415,000000006b44cce7,14.89
15568,2019-08-04T11:06:43Z,c40c37def6bf11a63a2556519a7c6233fd417cdeea2cf14f28e7c42c,60.16531,24.9442,00000000fdda10fe,25.36
15569,2019-08-04T11:06:43Z,c54f2dd0590c650ad3e52a68193db3173db5e74f90f69faa1e2d6bb0,60.16762,24.95415,000000006b44cce7,5.41
15570,2019-08-04T11:06:43Z,c97eb4181394121907d47b908495f54e5ee5145ff790f7a1dc21b3cf,60.16897,24.95222,00000000aa852af1,11.7
15571,2019-08-04T11:06:43Z,ca6927628f5ddda20036865c9345ad93d476d62ade3b181de568eed6,60.16897,24.95222,00000000aa852af1,21.87
15572,2019-08-04T11:06:43Z,cd2c2ce2425879ac455c812073aa8025c7bac76df380e4793edab46d,60.16829,24.94214,00000000afef4555,17.4
15573,2019-08-04T11:06:43Z,cf05623e4d87ce0906c0b0b7dbf53aacc1228016cd27c341228b6e76,60.18203,24.91341,00000000342570c2,14.89
15574,2019-08-04T11:06:43Z,cfc0bedb78ded52749db3188cb188bf6a250ef5990da9c5afa9623fc,60.14951,24.92138,0000000006dd41f6,20.28
15575,2019-08-04T11:06:43Z,dbeb00942457ba3c5fb1984b57b1dedb268c0e761e80729b939f1fd8,60.16544,24.95398,0000000038d83d41,25.36
15576,2019-08-04T11:06:43Z,e224ae5ea47af2e3048f83b13a1f45dc135c0ca6be72547b01729086,60.1538,24.95595,0000000038bf9618,27.28
15577,2019-08-04T11:06:43Z,e8690c2d1711bc10f2d1251a3b5b1e770b98c66c384760400c604de1,60.16829,24.94214,00000000afef4555,25.36
15578,2019-08-04T11:06:43Z,e8e366e76c97944e23c0f80b4fd3ce6e5832744922297146a49f0c7e,60.16762,24.95415,000000006b44cce7,10.78
15579,2019-08-04T11:06:43Z,ed70dda6b7faebd4340dacdb452ab224d9d3c308df417b7fa76f54e8,60.14951,24.92138,0000000006dd41f6,23.56
15580,2019-08-04T11:06:43Z,f088630d7476dae7d4b7e2bb1f10575f2c89acb4b6e061f3d57c2b40,60.16531,24.9442,00000000fdda10fe,21.87
15581,2019-08-04T11:06:43Z,f30a5193aa7850aac581b8dd71512a8712c96f36fdef78d8292d4788,60.16762,24.95415,000000006b44cce7,4.5
15582,2019-08-04T11:06:43Z,f31cfded6f566f9c032c80c52ea642407be312c5d42521ab7a8d3e2a,60.16897,24.95222,00000000aa852af1,14.89
15583,2019-08-04T11:06:43Z,fc4f3a44235f1cfc7b53f14ba2da599976a5a0a220d23b852688e485,60.17919,24.95181,000000007b5207b6,11.7
15584,2019-08-04T11:06:43Z,000888f4e876e6cb8d50b0bb1a3deaee0655733968eb5065d779e88e,60.16762,24.95415,000000006b44cce7,18.79
15585,2019-08-04T11:06:43Z,0043f38f4fb6545d7c033c9a8f8c18106aa0c2c841f28a15dd722e9d,60.14699,24.922,00000000a53ed894,13.75
15586,2019-08-04T11:06:43Z,0236a1d5b9b9d2249407a79705eee38de360ceb0530a8959ba5bc15b,60.149,24.9843,00000000fffb8cf0,13.75
15587,2019-08-04T11:06:43Z,02a354db29cd5bc16976a9d933e03a41be350f9cc78098829a7dcfd4,60.14947,24.91438,000000004ef3150d,18.79
15588,2019-08-04T11:06:43Z,03204cdd97728dc59f21f215f75460ac8fe2fa56720a88e869c6f56d,60.16829,24.94214,00000000afef4555,20.28
15589,2019-08-04T11:06:43Z,03515f2dd8be9a829b8b55cec8dc0f87b3e51368f8f16e4c4014d547,60.16762,24.95415,000000006b44cce7,20.28
15590,2019-08-04T11:06:43Z,0495ba0a1c04e0262f37eaa32084a173acc00638a16e76bb922b97dd,60.16762,24.95415,000000006b44cce7,10.78
15591,2019-08-04T11:06:43Z,07d9aa9fe10e58c26960ba10eb2f13607a7cea0226acaecbdcc52508,60.16762,24.95415,000000006b44cce7,9.92
15592,2019-08-04T11:06:43Z,08b10b51864dc039f0a07c997e66e7a263ee1cde5b0b88b2a1178c58,60.16829,24.94214,00000000afef4555,9.12
15593,2019-08-04T11:06:43Z,0a949aafc0be15c68d73a5dd186d726aa6b921f44303a712ac6ddcb8,60.16762,24.95415,000000006b44cce7,9.12
15594,2019-08-04T11:06:43Z,0ac16900b358cad98786869efa2fa39aa96eacf36f9249051cce0e88,60.16448,24.97323,0000000053c6c2be,33.81
15595,2019-08-04T11:06:43Z,0b49dcea1b7eab22f4ebd0c7666ded5b59fe092b8bdd4aa9eda6326d,60.16762,24.95415,000000006b44cce7,3.09
15596,2019-08-04T11:06:43Z,0c959027ce302054b09087cac97a83aa7e24fb9e4fa2710763f912cb,60.16829,24.94214,00000000afef4555,4.94
15597,2019-08-04T11:06:43Z,0d2490ed58c11eb4a754a30cc4bcb21c7243d322a2caf7cc360e4e8c,60.17065,24.93641,000000000f4919c9,16.1
15598,2019-08-04T11:06:43Z,0e113c5ed3abcdfb31d27c3125f6cf01e3b96e4ed7eca1aaea855f77,60.14947,24.91438,000000004ef3150d,10.78
15599,2019-08-04T11:06:43Z,0e1fac068e905121e354702292780affb6635905cc36872878ff79ce,60.17002,24.94407,000000006b087f40,25.36
15600,2019-08-04T11:06:43Z,1083b7adffac22c0fd933b3dd2c5bb41ddc6258467eed8d56f93dc01,60.16762,24.95415,000000006b44cce7,10.78
15601,2019-08-04T11:06:43Z,10ca87ada637a6524de98a11c8d3d3d3cfa8f7f5ea839b29c2b132a0,60.16762,24.95415,000000006b44cce7,12.69
15602,2019-08-04T11:06:43Z,1107822441d53ff89eb9cb0d022a37202aed47bd82dca4bc175d6837,60.16762,24.95415,000000006b44cce7,9.12
15603,2019-08-04T11:06:43Z,116e59da308964e8eb82cb6e5a758aad726ec3800f0fa17bc661e8fe,60.16762,24.95415,000000006b44cce7,9.92
15604,2019-08-04T11:06:43Z,1327ce24f157334f864f913637993c80380ce5f5c911e4b0d31c5eb7,60.149,24.9843,00000000fffb8cf0,1.54
15605,2019-08-04T11:06:43Z,13b0a8ca1414d7b2b0e8d5f80069a5d26c6f62a68b58eda25a4b85f4,60.16829,24.94214,00000000afef4555,16.1
15606,2019-08-04T11:06:43Z,1556d4a76070c26554efa12b4b9c53766a4cc394e8b74ee37f2fff65,60.17065,24.93641,000000000f4919c9,6.46
15607,2019-08-04T11:06:43Z,182e58bd6c3c8d836225d454a878bc55d8ed5166564a22f8b635f6ff,60.14947,24.91438,000000004ef3150d,13.75
15608,2019-08-04T11:06:43Z,1921be9815a57f11f291ca085add7b4bf1d044518b03b725df7cf7d5,60.149,24.9843,00000000fffb8cf0,7.05
15609,2019-08-04T11:06:43Z,19db84758eba08a5f9bb56b0ff91d05286765c8e8dfa31bd0b2aaa1c,60.14947,24.91438,000000004ef3150d,4.94
15610,2019-08-04T11:06:43Z,1a06b5f7f305badd45e93db9d86d76ed3a2a96ec55ec47c836921e3e,60.16762,24.95415,000000006b44cce7,7.69
15611,2019-08-04T11:06:43Z,1a9a0f74c353624c42c19c007e82c9c2547b7285d8353d0e375e3f05,60.14699,24.922,00000000a53ed894,5.41
15612,2019-08-04T11:06:43Z,1bb2f4f8b50da61fefc349e20d2cfdc7d34a9ad1c0a13724cbd438aa,60.16762,24.95415,000000006b44cce7,18.79
15613,2019-08-04T11:06:43Z,1c38009e9b89bd8b0d6744bf54ebae9a8ad2dc2868cdfc3f2e399509,60.16829,24.94214,00000000afef4555,7.05
15614,2019-08-04T11:06:43Z,1c8c3befa38b65f707dd4933a68e5e3c9e7c82592fd382779127416b,60.16897,24.95222,00000000aa852af1,21.87
15615,2019-08-04T11:06:43Z,1c9aa21b85f6dc63cc56eb960e89cdeaa6da27738f3fcc4fbee8ee17,60.16762,24.95415,000000006b44cce7,7.05
15616,2019-08-04T11:06:43Z,1fa2c533bba37b249a0105001153733e67a559d40c22cab67f135f64,60.14947,24.91438,000000004ef3150d,16.1
15617,2019-08-04T11:06:43Z,210efef5a51ca0e6ee1b6d62b522bfe9117f462f15ba78edfbe259ef,60.16762,24.95415,000000006b44cce7,20.28
15618,2019-08-04T11:06:43Z,227b93698b29687beea48184f42aab63a21fa362af7251be32db2e15,60.16531,24.9442,00000000fdda10fe,4.5
15619,2019-08-04T11:06:43Z,23b4a8c7918ca417eab83481a710fd544e1fa8bf7073b5955c0155c8,60.14699,24.922,00000000a53ed894,21.87
15620,2019-08-04T11:06:43Z,23f10190151386d4050571cb299410bc0285ed980b0a00f088e01cf0,60.16762,24.95415,000000006b44cce7,11.7
15621,2019-08-04T11:06:43Z,2535cb5c89ec66044a005b03dd769ca8d0022164a816c06db0e49892,60.16762,24.95415,000000006b44cce7,9.92
15622,2019-08-04T11:06:43Z,2671a156fa8d8bb05970481c8f83bcf9f261f73dae27f2bb9ac88aeb,60.14699,24.922,00000000a53ed894,20.28
15623,2019-08-04T11:06:43Z,2724e42551f43106ea58a8fcc6a43953baa1294cd65e17a90012f706,60.17065,24.93641,000000000f4919c9,0.5
15624,2019-08-04T11:06:43Z,28741c2e5e348fe81dec0518a21c0930c98a25b6fcece61a262d50de,60.14699,24.922,00000000a53ed894,14.89
15625,2019-08-04T11:06:43Z,28e8a4ccd08ea244e028ee358d7ae5359a02107234c2cafd1415ccec,60.16829,24.94214,00000000afef4555,21.87
15626,2019-08-04T11:06:43Z,296a0ffe230305a3d37818a0369b56c99dacdd5df5a161bf238e1084,60.16762,24.95415,000000006b44cce7,3.09
15627,2019-08-04T11:06:43Z,29b5f09785ef76627c2a3f043e1182d11fbd3a465422544c7478aa1c,60.16897,24.95222,00000000aa852af1,4.94
15628,2019-08-04T11:06:43Z,29f5adc4d67413b7d368e8e94a41cf48339e3f5f0903f660170c4fe8,60.17918,24.95141,00000000675d5200,12.69
15629,2019-08-04T11:06:43Z,2bade3cfae68c5f3e9df9c6f8327c0cbd36d37a09ade6c16bfb24289,60.16829,24.94214,00000000afef4555,17.4
15630,2019-08-04T11:06:43Z,2c85e4140ca0ba77c3598ceac05eb2c2342409ce8111c863fc58c606,60.16829,24.94214,00000000afef4555,21.87
15631,2019-08-04T11:06:43Z,2ccaeb30423977ff22b6afc29243b861b476a5f4ffafdf200d326d78,60.17002,24.94407,000000006b087f40,18.79
15632,2019-08-04T11:06:43Z,2d0349a4148a147b05e00cd46c137dd208ba2a8ce9327b493615f1a6,60.16829,24.94214,00000000afef4555,13.75
15633,2019-08-04T11:06:43Z,2de87ef94604fb63bec05eefb71b6cdd0b9807f8551159c2a35e7259,60.17065,24.93641,000000000f4919c9,4.94
15634,2019-08-04T11:06:43Z,2e6e6f89a7d75f0742d016de203c9acc8d6f6bdeb7b56bd12f482653,60.15432,24.9211,0000000019fb59c4,3.09
15635,2019-08-04T11:06:43Z,3004b57f95861dcbc505cbe89ab781674966526a063bee7072de8aba,60.16829,24.94214,00000000afef4555,4.94
15636,2019-08-04T11:06:43Z,303e51dd6e5cca35a9f9f76fbe8ef97bd64a9dc6b4e965b1f74ca279,60.14699,24.922,00000000a53ed894,14.89
15637,2019-08-04T11:06:43Z,30bee351808d5e8082ce012b57f5bc0efc80f8394491a182e0eeee32,60.17918,24.95141,00000000675d5200,16.1
15638,2019-08-04T11:06:43Z,31659a798f1d780d587f07390c038a78fafa6cabb8180dba635863ce,60.17002,24.94407,000000006b087f40,20.28
15639,2019-08-04T11:06:43Z,33a5da4eacfc49fefa067790c9fada1a86d9793367ded845a46f0779,60.16829,24.94214,00000000afef4555,23.56
15640,2019-08-04T11:06:43Z,3417d8a6b53687e70f126ebeb1d26a2ff6369dc9a551c3c35c5a04f9,60.17002,24.94407,000000006b087f40,12.69
15641,2019-08-04T11:06:43Z,34cf37df412ff36df19ebe47ecdd31e5a22355a1fa723a748ac901fd,60.16762,24.95415,000000006b44cce7,14.89
15642,2019-08-04T11:06:43Z,34ebfbffd9a126421b335e852aa094b727786622ade7757b36f67b57,60.18203,24.91341,00000000342570c2,25.36
15643,2019-08-04T11:06:43Z,35f337dd3baf0bc08002ec007d609b685ac29bb2a8bcad6783532a6b,60.16829,24.94214,00000000afef4555,18.79
15644,2019-08-04T11:06:43Z,3670a148a52771f0ff5af161725f65b86873c09eea1a7697861c0438,60.14699,24.922,00000000a53ed894,14.89
15645,2019-08-04T11:06:43Z,3714758c60c781bb53981cf52f78b930f4cb22bf27a3dc596f48ab2e,60.16762,24.95415,000000006b44cce7,17.4
15646,2019-08-04T11:06:43Z,374083907dd8980893623726af5633afd59b519c885ad12ba5c674eb,60.17002,24.94407,000000006b087f40,12.69
15647,2019-08-04T11:06:43Z,38561a086c97342a24583c26b33205da50e3e973a8147fe016a4a9ff,60.16829,24.94214,00000000afef4555,4.11
15648,2019-08-04T11:06:43Z,386dea4944e0b83648b4b6faf510fd47b0e9e29a2bb9311fe8a80ee2,60.17918,24.95141,00000000675d5200,20.28
15649,2019-08-04T11:06:43Z,395134265ad60f36cbb21b92db8d3db4d07bd71836d174cbf1a09224,60.16829,24.94214,00000000afef4555,9.12
15650,2019-08-04T11:06:43Z,3991e38309311c3fd5aecdcf3290274a5742396d989a81387bf154ae,60.17002,24.94407,000000006b087f40,14.89
15651,2019-08-04T11:06:43Z,39e2f2a7b03cda9f877366363a3727edfefd16d2221e752dafc33634,60.17002,24.94407,000000006b087f40,16.1
15652,2019-08-04T11:06:43Z,3ac9d056b0f04f774b238a125eb996d46437f7a8c5f6ba6712e971cf,60.17918,24.95141,00000000675d5200,9.92
15653,2019-08-04T11:06:43Z,3baae764cc9b4d6cfba1c123a69607b046bcabd9fabd6a43f50ea94d,60.149,24.9843,00000000fffb8cf0,31.5
15654,2019-08-04T11:06:43Z,3c545ca8c42e2a9a876f2500f6aee220e5fe1c178dd132136643754b,60.16897,24.95222,00000000aa852af1,23.56
15655,2019-08-04T11:06:43Z,3e36420df19c06796a79acdad84551653de9b0132cb0987329f75291,60.16897,24.95222,00000000aa852af1,27.28
15656,2019-08-04T11:06:43Z,3f5d3aed90718f7fb8e8a13ac7002718cc22cbe190beb96821ba52e6,60.17065,24.93641,000000000f4919c9,17.4
15657,2019-08-04T11:06:43Z,3f67c6713a6cca446a46616c9970c7a2ddffb03f21e10c8ea9b2f380,60.16897,24.95222,00000000aa852af1,23.56
15658,2019-08-04T11:06:43Z,411febba567281e3da6030aa21191fe5efdd090f54aec41ca291563a,60.16897,24.95222,00000000aa852af1,23.56
15659,2019-08-04T11:06:43Z,418e60b0ee35b014e7a8a378f3491cf2333e2a022ba6ec632170228d,60.18203,24.91341,00000000342570c2,17.4
15660,2019-08-04T11:06:43Z,44703b8dd01d3bd79585c9c7e12217e1ac152f86e2b0c9ed6be4bc19,60.16544,24.95398,0000000038d83d41,14.89
15661,2019-08-04T11:06:43Z,4472fa277123afabdf2402fc2a3c5bff2be437e6d56b590278de70fc,60.17065,24.93641,000000000f4919c9,27.28
15662,2019-08-04T11:06:43Z,448f6044c6c095d8c71341a0017dd6746f6e150f03af7c78b794308f,60.16762,24.95415,000000006b44cce7,5.41
15663,2019-08-04T11:06:43Z,44cd8828dd4aa11ea599139af3d3aafbcd09ca0c2558f26ed1c72e17,60.14699,24.922,00000000a53ed894,20.28
15664,2019-08-04T11:06:43Z,4538bf4d0ca02f13fad76c46f7b34e72978c49b0cdfe4ea9fe151a50,60.16762,24.95415,000000006b44cce7,12.69
15665,2019-08-04T11:06:43Z,4646c02709d442247dfddb58957eab9e033547ce02b4e7ea1ea2dab5,60.16829,24.94214,00000000afef4555,17.4
15666,2019-08-04T11:06:43Z,465eab28635efe98500085ceb161cf941d02272a0107fbbfb2203c29,60.16829,24.94214,00000000afef4555,7.69
15667,2019-08-04T11:06:43Z,47cd1dcac88434ffdc4b868e7f1d8d8a604700564bc83a7c0a3928be,60.16762,24.95415,000000006b44cce7,8.38
15668,2019-08-04T11:06:43Z,47f787c639f2eed345eb5dca409ffcd989850399a1ab781500dd6e82,60.17918,24.95141,00000000675d5200,4.5
15669,2019-08-04T11:06:43Z,4831311b6d19ecce7981d060fe0971ac961bdfa5a006de633cd38a95,60.16531,24.9442,00000000fdda10fe,25.36
15670,2019-08-04T11:06:43Z,4833b1ea4f519407574f5a838d93a39de28c756c5f53de7ee273b577,60.14947,24.91438,000000004ef3150d,8.38
15671,2019-08-04T11:06:43Z,4954540aca30f8f56f918178fbd53ee48ddef7a231d425061f6b2f6f,60.18203,24.91341,00000000342570c2,23.56
15672,2019-08-04T11:06:43Z,49d6f6bd5878bfac30a67fe92d1501b5b09cab38ab2b35b661902f0d,60.14947,24.91438,000000004ef3150d,13.75
15673,2019-08-04T11:06:43Z,4a54cbed9c373a4136f8851f3f5736eb2fadd5766d316eb5ebbdd231,60.17918,24.95141,00000000675d5200,9.12
15674,2019-08-04T11:06:43Z,4a912b6c106b63933a8c9cc39598823bcb2c94d4b1cc8a5d55cb3972,60.16829,24.94214,00000000afef4555,1.7
15675,2019-08-04T11:06:43Z,4b5b3e8f2b484bc08b196c265f65c70151bd69f6263318eb29125db2,60.16829,24.94214,00000000afef4555,4.94
15676,2019-08-04T11:06:43Z,4cf634fc84e128c3b9bce07a4b726d136e18f0eea4229fdbb48f6db1,60.16897,24.95222,00000000aa852af1,8.38
15677,2019-08-04T11:06:43Z,4d31b0561dbfc9ef5acbd44ba92acb4ca7bad86b948634f005173ece,60.14699,24.922,00000000a53ed894,11.7
15678,2019-08-04T11:06:43Z,4ecb021e026179236f488d8ad249e718bd1577b00c2aea9c3ad95f88,60.1538,24.95595,0000000038bf9618,38.87
15679,2019-08-04T11:06:43Z,4ee41e28902eefcc5c43f89251fab6180f18fce0b6201bdc3bec7583,60.16829,24.94214,00000000afef4555,27.28
15680,2019-08-04T11:06:43Z,508ee0778f7d5571ac4aa05211272911339b293ff62069f14cd4aa0a,60.16897,24.95222,00000000aa852af1,18.79
15681,2019-08-04T11:06:43Z,50fb547972904cda5289a4139479638995ad93551fd471776472fe1d,60.16897,24.95222,00000000aa852af1,25.36
15682,2019-08-04T11:06:43Z,51789c3026ccfe7e846e44fcd833d006941c2789b9693c77df5a7c98,60.16762,24.95415,000000006b44cce7,8.38
15683,2019-08-04T11:06:43Z,542a405b620e6d166ecc5eadd979b3936d831cea3aa7b75316adb4ca,60.16897,24.95222,00000000aa852af1,16.1
15684,2019-08-04T11:06:43Z,54d53f276563f566e1cd61b100408412cf78b4fe9fcada830aa6e23b,60.14947,24.91438,000000004ef3150d,10.78
15685,2019-08-04T11:06:43Z,5518b2315c236d486c7a5a4fc27c44987672b2f9a0751ffdaa9cbf78,60.16829,24.94214,00000000afef4555,6.46
15686,2019-08-04T11:06:43Z,56318cc7f3616fceec2564cbb1f6ca8b88ea861935a1ada93aafd7b0,60.16897,24.95222,00000000aa852af1,11.7
15687,2019-08-04T11:06:43Z,565a35900ed1794a9d566f6fc12f2710875a10eb7c8e6fa0ddd92626,60.14699,24.922,00000000a53ed894,16.1
15688,2019-08-04T11:06:43Z,571934189bf349efb6f596e76c21612cf9b82ed44913090169936048,60.17065,24.93641,000000000f4919c9,16.1
15689,2019-08-04T11:06:43Z,584cb0b0cdd14e608c8b57c8aecc9826f9b40027e365e2438a444ea2,60.16762,24.95415,000000006b44cce7,21.87
15690,2019-08-04T11:06:43Z,586f70961bf72597ce00f89d3602178ecc6ac8838a8acec48bba7f9f,60.14699,24.922,00000000a53ed894,31.5
15691,2019-08-04T11:06:43Z,5a730ea19664020323272509e5443616ea3f1cecd7b295e294be4ba7,60.14947,24.91438,000000004ef3150d,12.69
15692,2019-08-04T11:06:43Z,5d9aa6fcb0d81ceaa80ca13cc08a88138be517656646e0ba0942ce46,60.16897,24.95222,00000000aa852af1,17.4
15693,2019-08-04T11:06:43Z,5e1b81ba9814d7b5cb5e067b8278209360ca1db4a0230562e652dc0c,60.16762,24.95415,000000006b44cce7,14.89
15694,2019-08-04T11:06:43Z,5f5805a3ffd092506452c4d45ea8fc037ae23ea726f0b0809ca6ffde,60.16829,24.94214,00000000afef4555,16.1
15695,2019-08-04T11:06:43Z,60d5499b9dfa1869ff28e24e0cb689a42136cc3462311e39fe5b31af,60.16544,24.95398,0000000038d83d41,25.36
15696,2019-08-04T11:06:43Z,6138e6ab3e1e74425af8945a6fcc294c1469a0b9c448b780bcf9d2e2,60.14699,24.922,00000000a53ed894,7.05
15697,2019-08-04T11:06:43Z,62d86ee13e6ae7a5c41ffc2de746df72d4ef6e8d2b6a51ce1c68965f,60.16829,24.94214,00000000afef4555,9.92
15698,2019-08-04T11:06:43Z,631e8cf081f86e4990b1d6935d90abde2d18d9ba81c48f35ac125e21,60.1538,24.95595,0000000038bf9618,33.81
15699,2019-08-04T11:06:43Z,641278428fe9332730ebe5088185492f950affa9931fe46498279dec,60.16448,24.97323,0000000053c6c2be,27.28
15700,2019-08-04T11:06:43Z,64d10ef0926ecca987bad278990d966d8fac8775f03847d1f5a4a2f6,60.16762,24.95415,000000006b44cce7,10.78
15701,2019-08-04T11:06:43Z,6538a423f206d2bfbc0fe09e5a06b5c457a5259eb855f879b82479a0,60.14951,24.92138,0000000006dd41f6,31.5
15702,2019-08-04T11:06:43Z,66755836036c771e53ffd9d0dc09b8575231b53b80af22e868691a2a,60.14699,24.922,00000000a53ed894,6.46
15703,2019-08-04T11:06:43Z,697103160f0b3dc0ba38ccdd18203ae84ec35fc314322d1172c093b2,60.16829,24.94214,00000000afef4555,9.92
15704,2019-08-04T11:06:43Z,69852d528034ea6fc746ed8942c32f1c90bc33a7a7317dfac3c9b1c1,60.14699,24.922,00000000a53ed894,4.5
15705,2019-08-04T11:06:43Z,6990b912b53e2278e4a3d421330e44169d05b275ad57d86ff4ad1615,60.14699,24.922,00000000a53ed894,29.32
15706,2019-08-04T11:06:43Z,69b325e07052873a256bfc38196eacb0c425d5ef40d2199017d3736f,60.14951,24.92138,0000000006dd41f6,23.56
15707,2019-08-04T11:06:43Z,69d8c906060e226ff0f0f7e78029575f2ee07ebec657a3b641419268,60.14699,24.922,00000000a53ed894,14.89
15708,2019-08-04T11:06:43Z,6a0ef27c461c686b1a51504b40c03c455e047bf9777bf46808e0ca04,60.16762,24.95415,000000006b44cce7,12.69
15709,2019-08-04T11:06:43Z,6ac8fdd67b3dd11f0bae935f3a285880138382088238b97f511d3f12,60.16897,24.95222,00000000aa852af1,20.28
15710,2019-08-04T11:06:43Z,6c97da4ba9462e7fe786a472989dab23340d31809dd78d5617204da4,60.16829,24.94214,00000000afef4555,9.92
15711,2019-08-04T11:06:43Z,6d7107015847d88db09c55e259c3aae4f1dcc95e5d584f2bd957b113,60.16762,24.95415,000000006b44cce7,9.12
15712,2019-08-04T11:06:43Z,6ed478b9924df6bb6e6abe0b376f750b2c4abd0bf4f3d32b71b07446,60.16829,24.94214,00000000afef4555,21.87
15713,2019-08-04T11:06:43Z,6faf62fbff92729472d61bc9a13a5e72833e55bf713863161f8ca9cb,60.15432,24.9211,0000000019fb59c4,18.79
15714,2019-08-04T11:06:43Z,70ffae2b8178e0915c5de7816f8dd8bcc3af745ee49df8ac4da4adba,60.17918,24.95141,00000000675d5200,20.28
15715,2019-08-04T11:06:43Z,714e80a1e3c0fee43e312f314b2faec47e582ee8dac47e4818dbc2f9,60.149,24.9843,00000000fffb8cf0,2.54
15716,2019-08-04T11:06:43Z,71516fc8349cfaf2b5c4ab80ade6078494d93d13e9953af15e5ced30,60.18203,24.91341,00000000342570c2,12.69
15717,2019-08-04T11:06:43Z,730d975773cc8c9c07ff88fb87377ff64a961a96e9237e59859fa46f,60.16762,24.95415,000000006b44cce7,11.7
15718,2019-08-04T11:06:43Z,74c2ec2adc228e5b4979284d730fd2de698242f0f06d90f870b8cde6,60.16762,24.95415,000000006b44cce7,3.4
15719,2019-08-04T11:06:43Z,7552783317be1ef797980c3a9ee9c5967d4e7b32765f23c51ffda02d,60.16897,24.95222,00000000aa852af1,9.12
15720,2019-08-04T11:06:43Z,7557ee524bf436bdc7611b9d6b04aa9605876ab1815612b143b5d2fe,60.16629,24.95957,00000000fb7600be,36.27
15721,2019-08-04T11:06:43Z,75d452cbba63995ad06213b577081e8db650c80b3a78060789a8e831,60.16762,24.95415,000000006b44cce7,9.12
15722,2019-08-04T11:06:43Z,77964c48bd2a8658eeedae4be816422b0ef0be1ee1b6f9093b47f14e,60.14699,24.922,00000000a53ed894,27.28
15723,2019-08-04T11:06:43Z,79bde23c1a8980f93a65e14306f0d8ea89e164430d8b991e2bfee82e,60.16531,24.9442,00000000fdda10fe,16.1
15724,2019-08-04T11:06:43Z,79f6ceff0d0fc6687b4982c4d38a9ebb0a1056b6e0c448b1b9e79e8e,60.16897,24.95222,00000000aa852af1,29.32
15725,2019-08-04T11:06:43Z,7c55ecf165387948602e82b684a55be093691849fde2d96ad6574475,60.17065,24.93641,000000000f4919c9,7.05
15726,2019-08-04T11:06:43Z,7ddcdde2316659d0fa4b8597b86430e095ea0bc7f3564a9d05fc60f8,60.16897,24.95222,00000000aa852af1,14.89
15727,2019-08-04T11:06:43Z,7de4ba54f0d667a69cb0b6d625856bc6b040f51a42f91beae366a269,60.16762,24.95415,000000006b44cce7,2.3
15728,2019-08-04T11:06:43Z,7e78b2348d9576c63ebb626030ee9d43e2bf07e860782adf3f1c452b,60.16829,24.94214,00000000afef4555,7.05
15729,2019-08-04T11:06:43Z,7ea276abbe2f1bfd85b2493f7b4c801189e673c0b4dc987d2c8e30dc,60.14699,24.922,00000000a53ed894,11.7
15730,2019-08-04T11:06:43Z,7eefc5581c616491b78192b28b519ba727dc884a87bc06b8df1ea4f2,60.14699,24.922,00000000a53ed894,11.7
15731,2019-08-04T11:06:43Z,822590bd49bcf7ed4de4f8389586915c343b29c4283ff8b90d7c1d39,60.17065,24.93641,000000000f4919c9,20.28
15732,2019-08-04T11:06:43Z,82ac749474448abac333d00869cb8b508872f86293913d95eae26a05,60.15432,24.9211,0000000019fb59c4,11.7
15733,2019-08-04T11:06:43Z,82cddd3b9f58762d36efe78da4e2722ee587cfdb3fdbc58b52673082,60.16629,24.95957,00000000fb7600be,21.87
15734,2019-08-04T11:06:43Z,844b8ad6ebf530978d1139d527a681991f4d3eed6be5bc723f0b2192,60.16531,24.9442,00000000fdda10fe,2.08
15735,2019-08-04T11:06:43Z,849d6a476563b352092dcda35e816833b571b7f630e7ff8617d9b7da,60.16829,24.94214,00000000afef4555,25.36
15736,2019-08-04T11:06:43Z,87f4cf4baea8c5dfe1bc7812cc969574058bd4d2dda215192bcfc53f,60.14699,24.922,00000000a53ed894,3.09
15737,2019-08-04T11:06:43Z,886032718e05487be8bd75bb14464814044c7edd7f9a2198304f6fb4,60.16629,24.95957,00000000fb7600be,14.89
15738,2019-08-04T11:06:43Z,8ab70baa822768852fe312b760df7dbcb1a0fec7f2ba601146b9928c,60.16629,24.95957,00000000fb7600be,25.36
15739,2019-08-04T11:06:43Z,8c4e4851db86ec4a3ce29a58be770eb29c38b9a983351bb67d781982,60.16897,24.95222,00000000aa852af1,13.75
15740,2019-08-04T11:06:43Z,8dae8c39d58b18df713713239222f2d512c9e912893f774a8db6a124,60.16629,24.95957,00000000fb7600be,38.87
15741,2019-08-04T11:06:43Z,8f3d9ab893ae4a48fd3417f3a749c21e792779990ae0ad75a8f211de,60.1538,24.95595,0000000038bf9618,25.36
15742,2019-08-04T11:06:43Z,8f998d0e47a5fb2e84c8dcffb4a33ca4adeaf8db93423df171988c1e,60.16629,24.95957,00000000fb7600be,23.56
15743,2019-08-04T11:06:43Z,90b12d2b9898702fd62b343512e0d53796ae38decdf704e203a0cc39,60.16829,24.94214,00000000afef4555,16.1
15744,2019-08-04T11:06:43Z,90b7d8f14917734bd6d4f571c04fb22cc4bbc6ac49ce9454fc684345,60.16629,24.95957,00000000fb7600be,23.56
15745,2019-08-04T11:06:43Z,91602a694bc74a2874ba7f02a7bae062a3a77cd869b86a74800415b8,60.17918,24.95141,00000000675d5200,13.75
15746,2019-08-04T11:06:43Z,91a797a1f2e6d4f87b08961f305e3c78b59e06f9a3315df8833869f6,60.16629,24.95957,00000000fb7600be,21.87
15747,2019-08-04T11:06:43Z,92df20d921f76c63470e3f5afbe201d3ae15f5133f66c291db796082,60.16629,24.95957,00000000fb7600be,31.5
15748,2019-08-04T11:06:43Z,92f46281919be73dd6cf9307f58cd4cdb28442be679d097a0b1eb19b,60.16531,24.9442,00000000fdda10fe,23.56
15749,2019-08-04T11:06:43Z,93272ad17155ea9499641eda7c5560691582116096278b82738ab21e,60.14699,24.922,00000000a53ed894,10.78
15750,2019-08-04T11:06:43Z,951482f3e2e41b496e34885c346c4a7ab09427178119caa9b8bbcbb6,60.14947,24.91438,000000004ef3150d,18.79
15751,2019-08-04T11:06:43Z,9558753228fb3007f59382a0595018488e2e7430248f8824a5badb80,60.1638,24.96846,00000000d747f075,33.81
15752,2019-08-04T11:06:43Z,97490f522f1a0226c8f7e8ed7bca08dd71b63d80b46d38020127b868,60.14699,24.922,00000000a53ed894,9.92
15753,2019-08-04T11:06:43Z,998a30ee5f5ff6d2bc9ed04420591e525ded59ad66d09eefa240cc8e,60.16762,24.95415,000000006b44cce7,8.38
15754,2019-08-04T11:06:43Z,998ac46ad73c197bab1f36dca67d8bcaa3aca92249185a5e3715043f,60.17065,24.93641,000000000f4919c9,13.75
15755,2019-08-04T11:06:43Z,9a1a6afa19068ac0b5f9af2744ddf945157f0dd41a4f254e8251fd09,60.16762,24.95415,000000006b44cce7,9.12
15756,2019-08-04T11:06:43Z,9a49d0b5a67fba15ce8971503f6fea88994b33487a842397c5e8564f,60.16762,24.95415,000000006b44cce7,3.09
15757,2019-08-04T11:06:43Z,9aa588cb6f425117e45726b6b9adb7ef86c8f7c8113b547dc61f068a,60.16897,24.95222,00000000aa852af1,20.28
15758,2019-08-04T11:06:43Z,9ab0a60cb60531417ac6ec5ebc6ef591d2f39019c6b0bcb5a89101a2,60.14699,24.922,00000000a53ed894,4.5
15759,2019-08-04T11:06:43Z,9b17422199e594df512c6cda493d8fc5b5141741b2f804eb18016640,60.14699,24.922,00000000a53ed894,25.36
15760,2019-08-04T11:06:43Z,9b4b0705e58750d2bcbd71ad65d85677f7e77db5dfe69d1a70b5d31f,60.17918,24.95141,00000000675d5200,9.12
15761,2019-08-04T11:06:43Z,9bc50d931d6c1678284177395958d15f05b45d60ae7bc09fe1e1694e,60.16762,24.95415,000000006b44cce7,7.05
15762,2019-08-04T11:06:43Z,9bc91538b73e0220fcf5cd07290c07d56f6f48d3ba0ba6b6b0876da9,60.17065,24.93641,000000000f4919c9,7.05
15763,2019-08-04T11:06:43Z,9bef562c292174f1eb3933116effff74a8733a78e5c1df140de3fd6c,60.17919,24.95181,000000007b5207b6,4.94
15764,2019-08-04T11:06:43Z,9ced7d70503ba24882b6e283fa95ce42e02c1a3618adeb448558c50c,60.16897,24.95222,00000000aa852af1,16.1
15765,2019-08-04T11:06:43Z,9dda6ec06356b345040c379fd73bf923f7eac951cb2eb9cdc43dd5bb,60.173,24.92524,0000000096918cfa,10.78
15766,2019-08-04T11:06:43Z,9eb1e9bfdceb76ef852f89ebd82139602125f9731b791465e1c21f81,60.16829,24.94214,00000000afef4555,10.78
15767,2019-08-04T11:06:43Z,9f1920350685b4cb747c535ba3c3dc1cb29587668bd507ab96e5692f,60.16629,24.95957,00000000fb7600be,17.4
15768,2019-08-04T11:06:43Z,a066e2044b486819fe2185765f63ed87f8d10c502f26a01be1f1a758,60.149,24.9843,00000000fffb8cf0,25.36
15769,2019-08-04T11:06:43Z,a0ec1a8d581f94e640a6858a674699d2464ec065e6faea9d4ce2a13b,60.16762,24.95415,000000006b44cce7,4.94
15770,2019-08-04T11:06:43Z,a30740fbf4b7e21f6fe2996e9325c90936de161cb2165e87cd96fd35,60.149,24.9843,00000000fffb8cf0,11.7
15771,2019-08-04T11:06:43Z,a3664d77633807788598dd8d4a7ba8caba2c31bfdcb6ba83651d4e7e,60.173,24.92524,0000000096918cfa,18.79
15772,2019-08-04T11:06:43Z,a3c1a4a58b9381c27b1d5076e0d8d72039afccfb0e58438a80247324,60.16762,24.95415,000000006b44cce7,4.5
15773,2019-08-04T11:06:43Z,a5835ce352a1e6d8fb6bdc410fae1076c756f7dac8e202465add9277,60.16762,24.95415,000000006b44cce7,11.7
15774,2019-08-04T11:06:43Z,a5d632ac8ffc19a626de034d3c9444fd262ee6edada285c816ea9266,60.16531,24.9442,00000000fdda10fe,5.91
15775,2019-08-04T11:06:43Z,a81c19fb85eebf853246cdc4d8e38245dfa5ba15c180eaa1bcc0378d,60.16829,24.94214,00000000afef4555,12.69
15776,2019-08-04T11:06:43Z,a886b4abe49668d4b2cbff88eaab1e4cf9e38bd0afa636cdff901d90,60.17002,24.94407,000000006b087f40,18.79
15777,2019-08-04T11:06:43Z,a98fc06dc605583814a2aa182295b88f81657ef2daeee7aaec792e7c,60.16762,24.95415,000000006b44cce7,3.74
15778,2019-08-04T11:06:43Z,aa2652969cafd3f9e6111c494e1382da619ce37948028c4fbf03a494,60.16829,24.94214,00000000afef4555,16.1
15779,2019-08-04T11:06:43Z,aa4547c0b6b8be30776e08d524ceeacfbc9930ad720e11fa4cb20882,60.16531,24.9442,00000000fdda10fe,1.12
15780,2019-08-04T11:06:43Z,aa45859d6157e9e86470ec8b81957acc35bafb1b7f419d79357a38cf,60.16829,24.94214,00000000afef4555,7.69
15781,2019-08-04T11:06:43Z,aaabd3028e2bd9f8b0e3a929c8728cb364551bd70da3208662b12033,60.16762,24.95415,000000006b44cce7,11.7
15782,2019-08-04T11:06:43Z,ab1377ddf669bb806f8db586f4ce5ab9f0f4257dda61fe800d8509f5,60.17065,24.93641,000000000f4919c9,12.69
15783,2019-08-04T11:06:43Z,ab9310807d2eb4984b053d38f467cb5d3e4211ff71ceb059480cf9ba,60.16829,24.94214,00000000afef4555,23.56
15784,2019-08-04T11:06:43Z,ac4679e3db131ec2ea8e1111c8aa0d71020cf8796ecb11f142478394,60.14947,24.91438,000000004ef3150d,9.12
15785,2019-08-04T11:06:43Z,addc60a477245c1c33e3a627145e2a2971adf755bfcf8aef4c8c0f88,60.16897,24.95222,00000000aa852af1,23.56
15786,2019-08-04T11:06:43Z,adf3914eaf1478a77ba35ea49262388e4babe633207748c7608b8780,60.16762,24.95415,000000006b44cce7,8.38
15787,2019-08-04T11:06:43Z,ae2143f0fab3405d38da14312fd801d7d7524534cd3ffeadc631feb0,60.149,24.9843,00000000fffb8cf0,27.28
15788,2019-08-04T11:06:43Z,ae3cda5066e455d4b1e58860e8fb7a35efad69b9964a676b476b0687,60.14947,24.91438,000000004ef3150d,3.74
15789,2019-08-04T11:06:43Z,b0d6202ccd1560eaf57c06931cb6466332e41068ad2963e515819015,60.17918,24.95141,00000000675d5200,9.12
15790,2019-08-04T11:06:43Z,b2298fc6f63c02481610f9aef24f1a0c1711c255adc43c0fe135c1ca,60.14947,24.91438,000000004ef3150d,29.32
15791,2019-08-04T11:06:43Z,b26d0daac9f8fb84484cbd8ed668aeb6751e848b1c533a307d163360,60.16762,24.95415,000000006b44cce7,3.4
15792,2019-08-04T11:06:43Z,b3266ecf36a984b814e1b2d31b447438bd948a9c116721480104792f,60.16829,24.94214,00000000afef4555,20.28
15793,2019-08-04T11:06:43Z,b3eecf20cb1733815253a3bad39cd17a9285fe8892caf77cb88bd677,60.16762,24.95415,000000006b44cce7,17.4
15794,2019-08-04T11:06:43Z,b4c8900041e9f8751755d3940ceac58419e6370cd81cdb90d7800de1,60.14699,24.922,00000000a53ed894,20.28
15795,2019-08-04T11:06:43Z,b50b3c2006581bccfeaa9ea964649350c7d5b8177baa29a37e628584,60.14947,24.91438,000000004ef3150d,16.1
15796,2019-08-04T11:06:43Z,b601cd655bb9f05aa6ec86fc9eb9300c3bc20bc0e856e94ad168a257,60.14947,24.91438,000000004ef3150d,5.91
15797,2019-08-04T11:06:43Z,b61c6a5634cffe7dead72d5f6730e8439bee6dd2286d9df8f3052e3c,60.16762,24.95415,000000006b44cce7,11.7
15798,2019-08-04T11:06:43Z,b67f020b0677cdc52c864f559306fb750cdf47ce2eee6503a3cedb3a,60.16629,24.95957,00000000fb7600be,31.5
15799,2019-08-04T11:06:43Z,b6993d0126111446694476224139411806c3e61a96a43f1655048ff9,60.16762,24.95415,000000006b44cce7,11.7
15800,2019-08-04T11:06:43Z,b81a9bf449d3e64ad0181804598330bbf305f384b888935023742c79,60.173,24.92524,0000000096918cfa,14.89
15801,2019-08-04T11:06:43Z,b81e65168ea3278486b1c954ab229bc2eda3fe07098e824f05cd0ac4,60.149,24.9843,00000000fffb8cf0,20.28
15802,2019-08-04T11:06:43Z,b8f5834e6b992cf5568ae3153fb4b07e97b7f6dd01250851134c1824,60.149,24.9843,00000000fffb8cf0,20.28
15803,2019-08-04T11:06:43Z,ba288a5fd2befbc9ed08e7876ad7cb2bd8bfe6f5756d2ffe8e2dc558,60.17002,24.94407,000000006b087f40,11.7
15804,2019-08-04T11:06:43Z,bbf7d8b9085ddcd3b94f55f93b52cb40a251c44f5df4099ba5b61471,60.16829,24.94214,00000000afef4555,9.92
15805,2019-08-04T11:06:43Z,bc07df8cc395f6f4f5d483b2233caca5f93a6918f346e4cc3702f8cc,60.16531,24.9442,00000000fdda10fe,20.28
15806,2019-08-04T11:06:43Z,bfa8d7b9def7effb1001889eb2b427ec02b29f8110ef50a4c24f069c,60.16829,24.94214,00000000afef4555,20.28
15807,2019-08-04T11:06:43Z,c012e9e2caf1002d24e53817bb1279becdfc4aa9dba085e93ddd88e9,60.17002,24.94407,000000006b087f40,18.79
15808,2019-08-04T11:06:43Z,c17d750015a2259a1bba7471f2e4e0a1db4df53276be8c8463fd5f84,60.16829,24.94214,00000000afef4555,17.4
15809,2019-08-04T11:06:43Z,c23c5bcbe8e9baedf8556badfaa9369c235c6df24e3dc5de9be682a6,60.16762,24.95415,000000006b44cce7,14.89
15810,2019-08-04T11:06:43Z,c2cc33e5b1b8d254d4bcbc0ffa13c9200676a39a191cc31a38d28d8d,60.17065,24.93641,000000000f4919c9,12.69
15811,2019-08-04T11:06:43Z,c2d88bc74172eb47d26ee5d739980baa7fc011b9973f9f18b482aa81,60.17065,24.93641,000000000f4919c9,16.1
15812,2019-08-04T11:06:43Z,c2e135ad2c160277e290705658ac41d7cd35b11ebf61d829fdd0b428,60.14699,24.922,00000000a53ed894,9.12
15813,2019-08-04T11:06:43Z,c45e3c4e8ec0fc85457d3b4ed4c49ed0116b4cf447e2983f353abcd8,60.16829,24.94214,00000000afef4555,9.12
15814,2019-08-04T11:06:43Z,c4c3ad738ca47920bb66939f620126c87f730c644813158554916827,60.16762,24.95415,000000006b44cce7,9.12
15815,2019-08-04T11:06:43Z,c55894159f2080031cda702c78ee54463c3c15ab1b3638afdf687f08,60.16531,24.9442,00000000fdda10fe,4.5
15816,2019-08-04T11:06:43Z,c6b0ea433c3fdc73e0bac7e3faa2690506c4e8ec7fc54210446a7ffa,60.14947,24.91438,000000004ef3150d,18.79
15817,2019-08-04T11:06:43Z,c7160ae9aa31ca4dba615425303b1e527f342ede653be387ee54389c,60.149,24.9843,00000000fffb8cf0,29.32
15818,2019-08-04T11:06:43Z,c990a15d27cfc21e63b7c96b95949254f1194e8b27118386a589e2bd,60.16897,24.95222,00000000aa852af1,20.28
15819,2019-08-04T11:06:43Z,cb243ad415551ce2ce45b04c75d242d5baab034bf0a7889870175500,60.16762,24.95415,000000006b44cce7,18.79
15820,2019-08-04T11:06:43Z,cc696789aed7ee6ea1dff48eae7da441c3a3ccb4f18ab60ba702c91f,60.16762,24.95415,000000006b44cce7,17.4
15821,2019-08-04T11:06:43Z,cd7d0e9404c9f4e8fab0742460b9acb4d5bbb97f44df80d4a8b973cd,60.17002,24.94407,000000006b087f40,5.91
15822,2019-08-04T11:06:43Z,cddbfc3b0a1459f0ea8d553779cf320d512cac6e64976182f2f0b3b7,60.16829,24.94214,00000000afef4555,18.79
15823,2019-08-04T11:06:43Z,d1b77fcfad94da8564d1a85ed1797255531e5ab26cc835800878fb26,60.17065,24.93641,000000000f4919c9,20.28
15824,2019-08-04T11:06:43Z,d20f68571773330f7b6490b006b2e952c9912b4ee05e20f0fc434698,60.16629,24.95957,00000000fb7600be,21.87
15825,2019-08-04T11:06:43Z,d2aa78414847f7d563d6dd86215208c2c50df75bfd2a7b601cfcc35e,60.16762,24.95415,000000006b44cce7,9.12
15826,2019-08-04T11:06:43Z,d2b816bfc9982b3f48d8baa389dc18ef7a57d3dcba72567b2865e2e2,60.16762,24.95415,000000006b44cce7,4.94
15827,2019-08-04T11:06:43Z,d2e3bf982b10b2079eaa464127a286409c5030b21ffe9a2ce08bbb9c,60.16762,24.95415,000000006b44cce7,8.38
15828,2019-08-04T11:06:43Z,d2fd0c6415d2d8e49fef3415fb8747b524191b4400a4fbb66428cb12,60.14699,24.922,00000000a53ed894,14.89
15829,2019-08-04T11:06:43Z,d3910de7df50d93311da3c44a80ec2a60325db1914938b1bcd3c047c,60.16762,24.95415,000000006b44cce7,14.89
15830,2019-08-04T11:06:43Z,d6a8c97f1ec18c7a90d3beae358bad67f8d53626258a852e15b08c5d,60.14699,24.922,00000000a53ed894,7.05
15831,2019-08-04T11:06:43Z,d71a315bac918f9a18fcd820731e6d9eb54fb0d01c324ca088ef8858,60.149,24.9843,00000000fffb8cf0,21.87
15832,2019-08-04T11:06:43Z,d82f37918d46bea29e113c6b57b901b1b960ed3337bdcce777aea476,60.17065,24.93641,000000000f4919c9,27.28
15833,2019-08-04T11:06:43Z,d83c1c2d3a3876c948e277bace6d013eafc0c4e118958e138f8b1257,60.16448,24.97323,0000000053c6c2be,23.56
15834,2019-08-04T11:06:43Z,da2398acaae7f39c7b80c220d4e6917bdc7655f4c71b6e36d06cb859,60.18203,24.91341,00000000342570c2,14.89
15835,2019-08-04T11:06:43Z,dab7015659d0cd7c18f681d6089a503f9c418ae9b1dc9077084a6bcb,60.16762,24.95415,000000006b44cce7,11.7
15836,2019-08-04T11:06:43Z,dabb7edec36f560d07547c2595765be02b0731b3826f93f5c41b7120,60.16762,24.95415,000000006b44cce7,7.69
15837,2019-08-04T11:06:43Z,db45583e1f7aaaf54e100214986dfc86aa755383e86d361639a5b19b,60.16762,24.95415,000000006b44cce7,9.92
15838,2019-08-04T11:06:43Z,db4d3f81708de827ce30c4130610fd65b4d6d451ca5cf6b0c4e745d9,60.16829,24.94214,00000000afef4555,20.28
15839,2019-08-04T11:06:43Z,dc534c1cb5eb7f34b6b57bd93c8d9acb2685ba264563f6f388d09923,60.16762,24.95415,000000006b44cce7,12.69
15840,2019-08-04T11:06:43Z,dd8e0699822b1a8a3f8a91fcb10729f6f7cd0a4736f36dc60974c36e,60.16762,24.95415,000000006b44cce7,10.78
15841,2019-08-04T11:06:43Z,ddd0e663eb31ac94858d2a4e9af5e4782781e88c92102042190e6fcf,60.14699,24.922,00000000a53ed894,7.69
15842,2019-08-04T11:06:43Z,de48adf9d49eb3bc1d61dea4047618f6c77086fc44bd2b535d56504d,60.16762,24.95415,000000006b44cce7,5.41
15843,2019-08-04T11:06:43Z,de71e27b55ef6f2f51f05838a2fcab596f1dd93a14ece5ce4548f5c7,60.14699,24.922,00000000a53ed894,6.46
15844,2019-08-04T11:06:43Z,e081e4b3252ca91bbf1cbb70faa116d60317fbf3a991a67bc99b4bfa,60.149,24.9843,00000000fffb8cf0,17.4
15845,2019-08-04T11:06:43Z,e1da87aea335bcd04e4c876158b96ebc7ba4206bc216c3aa27a2f4af,60.17919,24.95181,000000007b5207b6,6.46
15846,2019-08-04T11:06:43Z,e26862fdcdd4688d81b8fe05d1ac94c5f9b3192ddc50d4c66ad12cc1,60.16897,24.95222,00000000aa852af1,18.79
15847,2019-08-04T11:06:43Z,e305610124e16ed1411a221b29ce69a076cc47982efd6c098b0599ab,60.14947,24.91438,000000004ef3150d,14.89
15848,2019-08-04T11:06:43Z,e32e078697e70d6e3cb4b156ada3a4756315227b125615d7b5c116a7,60.16762,24.95415,000000006b44cce7,16.1
15849,2019-08-04T11:06:43Z,e3e3bac265ab2713063d7435bf5c7374dfc7dfc647fb677a030a1a49,60.18203,24.91341,00000000342570c2,23.56
15850,2019-08-04T11:06:43Z,e44d7228cecbdb2474e1cc396a6c13943f09c08c19d0ffab1997d509,60.17919,24.95181,000000007b5207b6,17.4
15851,2019-08-04T11:06:43Z,e53a901aed874016e1cd1ed3e9b2891fca850986cb2fa04f5162cf52,60.16762,24.95415,000000006b44cce7,3.74
15852,2019-08-04T11:06:43Z,e557e164cd52fd817b02cad6587a294d72b0974d9b014ad69ea5e08e,60.17919,24.95181,000000007b5207b6,14.89
15853,2019-08-04T11:06:43Z,e5928057da667903de0b6c1245e1f58273dd85d63d8af0f4eaa771de,60.16762,24.95415,000000006b44cce7,9.12
15854,2019-08-04T11:06:43Z,e5b9b4813c081a31fb498e7f9adb94918c267dfa125c63790c0d9488,60.149,24.9843,00000000fffb8cf0,2.54
15855,2019-08-04T11:06:43Z,e5e14952bf5e52bf1349479a58c0a97d702585889650948d94767608,60.16448,24.97323,0000000053c6c2be,25.36
15856,2019-08-04T11:06:43Z,e675f053b5e39f622f919daf44b8b27ec63646d34ce88f291a97158f,60.16762,24.95415,000000006b44cce7,16.1
15857,2019-08-04T11:06:43Z,e9d59e25b58f33f70aad6832863cb59d7485ca55a1575558f92b74e7,60.16897,24.95222,00000000aa852af1,6.46
15858,2019-08-04T11:06:43Z,ead2f467899b87bb3227752949a27b808fad94a55a6913fdfe14085d,60.16762,24.95415,000000006b44cce7,18.79
15859,2019-08-04T11:06:43Z,eb261026c6f65b651ddf21bed629a1e164cfb500d0b78062704ec15c,60.16762,24.95415,000000006b44cce7,9.12
15860,2019-08-04T11:06:43Z,ec3d7e964cdc4b954880f25dd9480b583dc6c9e5520baf4ceb8fb424,60.16762,24.95415,000000006b44cce7,4.94
15861,2019-08-04T11:06:43Z,ec485175d2b7a2c53d03bf546aee134c116d998976601b069570c6f9,60.14699,24.922,00000000a53ed894,14.89
15862,2019-08-04T11:06:43Z,ecb1735f180422ec69f041cd2782a26c9f07d27a87893b3c30aaa9b7,60.16075,24.95883,00000000f1124bca,5.41
15863,2019-08-04T11:06:43Z,ecb5655da668bb183a5c270a96927649c323975e318184d248247099,60.16829,24.94214,00000000afef4555,11.7
15864,2019-08-04T11:06:43Z,ede13c9dc221bbc6c1daf78250fa6547303c06d7606c05ba0bf64547,60.17919,24.95181,000000007b5207b6,13.75
15865,2019-08-04T11:06:43Z,ef15ff71b7dc4c2088249a4fca7e28900ae315245a7a3b4d571bf582,60.16829,24.94214,00000000afef4555,3.74
15866,2019-08-04T11:06:43Z,ef33ccdfcdb12920eabb3306e0f86dc7e6060a5d3864b03e2de7e1ef,60.16897,24.95222,00000000aa852af1,12.69
15867,2019-08-04T11:06:43Z,ef45fdc095ee55730384922266d8fce61de212d3c3df2441ea10e524,60.14947,24.91438,000000004ef3150d,17.4
15868,2019-08-04T11:06:43Z,ef5e495c5f9d3dd9eb22ed5b8faf1cc9e4225d4785ebb26a87d16fff,60.14699,24.922,00000000a53ed894,4.5
15869,2019-08-04T11:06:43Z,f110acae92fec55c6caca5de864773a6b99e5b8d6e2fdf8d1bdbc759,60.16762,24.95415,000000006b44cce7,5.41
15870,2019-08-04T11:06:43Z,f196f5f8c08299d290b3bac1944e00bb1f2c90594db66438b0c10e6e,60.16629,24.95957,00000000fb7600be,10.78
15871,2019-08-04T11:06:43Z,f1d44b9d3710849eba7eab0b6646053378aa5f8ee3491ec2522f3c44,60.14947,24.91438,000000004ef3150d,13.75
15872,2019-08-04T11:06:43Z,f2467c8ede6444941158701b7bd9d005beec9ffdb355ce2d8c7a9bfd,60.149,24.9843,00000000fffb8cf0,13.75
15873,2019-08-04T11:06:43Z,f4537d3a0c1408b022793f60b53e651b2eac6640fa66b9248338e815,60.16762,24.95415,000000006b44cce7,14.89
15874,2019-08-04T11:06:43Z,f4b9fc6acb673aea24fe00dfbe806b81fedab0c2ea82d781f7659ce5,60.16762,24.95415,000000006b44cce7,4.5
15875,2019-08-04T11:06:43Z,f5ffa3dbcdd5592ac31344cb04a7a6d639109a4d6e196fa0df3990dd,60.17065,24.93641,000000000f4919c9,29.32
15876,2019-08-04T11:06:43Z,f62b86ef56fa9417b0128f2fff6530aed6f2a50d3f65bbbfdcbbee59,60.16762,24.95415,000000006b44cce7,5.41
15877,2019-08-04T11:06:43Z,f77d86d6fcfc6cc5ce50a14177a7100c8967fa5947fc13e3a198e345,60.16762,24.95415,000000006b44cce7,12.69
15878,2019-08-04T11:06:43Z,f78ef2ddbe48b534137498eab56c0a55ec0e0b1d8868e82cb5652a0e,60.14699,24.922,00000000a53ed894,5.41
15879,2019-08-04T11:06:43Z,f7be7d003528c0c0827040a3a3723e49406a5a7c86cb4bc568a830db,60.17002,24.94407,000000006b087f40,21.87
15880,2019-08-04T11:06:43Z,f855918d61069661cbf8633b228a5fb9e5cd5ea7b2946bfc5b9fc315,60.16829,24.94214,00000000afef4555,16.1
15881,2019-08-04T11:06:43Z,f9f42c3132515705c0013fb8e137897c93844d24acc22cb4ac9384a0,60.149,24.9843,00000000fffb8cf0,7.05
15882,2019-08-04T11:06:43Z,fa1579394f4980e1fe11248f7be4e646b601a3d8cdb9361f182d066c,60.16762,24.95415,000000006b44cce7,7.69
15883,2019-08-04T11:06:43Z,fa7594968b834a0d1060ee249e05338446068c7bcfc0800a6f73af06,60.14951,24.92138,0000000006dd41f6,27.28
15884,2019-08-04T11:06:43Z,faee9c7cf21aa61809c94dd68268377841712fc4e488b094972b6a38,60.1538,24.95595,0000000038bf9618,41.64
15885,2019-08-04T11:06:43Z,fb37b263777ffcf7fe1fb6484821cae2b8beb03b5f5009109748dedb,60.16762,24.95415,000000006b44cce7,9.92
15886,2019-08-04T11:06:43Z,fbd28054e4a5478c8ca06f4d682405d1c59bef4853cad413ecb58d13,60.14699,24.922,00000000a53ed894,13.75
15887,2019-08-04T11:06:43Z,fc9dfe05b8e84348a88bf831107e1b033f6aa1acf3f1b387105e598d,60.16629,24.95957,00000000fb7600be,36.27
15888,2019-08-04T11:06:43Z,fdf5c0dab003c974e22f3746bfb7fa399e10ca82fcec35ba6dcd6065,60.18203,24.91341,00000000342570c2,23.56
15889,2019-08-04T11:06:43Z,fe66b5c68be4e08cb41fd52226d420957912d25f624ee36b3555e6f3,60.17002,24.94407,000000006b087f40,33.81
15890,2019-08-04T11:06:44Z,048a4191e2e9ce1733556eda54c4123345c70aeced0f8ecf7d52b916,60.14699,24.922,00000000a53ed894,21.87
15891,2019-08-04T11:06:44Z,09ddbf38333e76a79fd836112bd8c3f8bf7f3dadfb3d49945ad4c486,60.16897,24.95222,00000000aa852af1,6.46
15892,2019-08-04T11:06:44Z,1142f5b6806b1ec7d8d47d47013eb530d8a7418f6934d8867b20966a,60.16829,24.94214,00000000afef4555,14.89
15893,2019-08-04T11:06:44Z,14c7e1511b70f4dd3359cbece1377aebb4d70531f5489eefe53d7c3c,60.16544,24.95398,0000000038d83d41,25.36
15894,2019-08-04T11:06:44Z,16c994bb2e24124a910c247376d16e980a65626a94c4c0aaab27df60,60.16829,24.94214,00000000afef4555,25.36
15895,2019-08-04T11:06:44Z,25a7ff811c3c06e426c7c2cbb0433d9a2a3399b23afecbd35584ab0f,60.18203,24.91341,00000000342570c2,11.7
15896,2019-08-04T11:06:44Z,29016fc5853bb802e42e93eb5fd98882d64029327d793a2f2335b9e4,60.16829,24.94214,00000000afef4555,11.7
15897,2019-08-04T11:06:44Z,3b5cafe90982db26cf737b2e4cd4275276f6a031bca3b2a1f73023b2,60.14699,24.922,00000000a53ed894,13.75
15898,2019-08-04T11:06:44Z,3fe5f4ccfa5c777ceafda0674d7c9da6f509f6694b4c2fa254b32e73,60.16897,24.95222,00000000aa852af1,16.1
15899,2019-08-04T11:06:44Z,434e74155ec054f1bb6122a7ec736a48a27c6f4111995c3f2bb03897,60.17065,24.93641,000000000f4919c9,23.56
15900,2019-08-04T11:06:44Z,43b676ed3aef4c2d8846694817e76117873be52e7f788e0cb366c1c4,60.16629,24.95957,00000000fb7600be,25.36
15901,2019-08-04T11:06:44Z,44d0b94469070803869f229601e877beb613c3f5aafa009addf97a1a,60.16544,24.95398,0000000038d83d41,27.28
15902,2019-08-04T11:06:44Z,4656bad9b5e6dfc3977eca308fc1db3dbf8b0204b90d09b001da242e,60.1638,24.96846,00000000d747f075,25.36
15903,2019-08-04T11:06:44Z,54f040219b954e68101c83a5a6bacf046961c7a1d9a779fa291fa47b,60.16531,24.9442,00000000fdda10fe,23.56
15904,2019-08-04T11:06:44Z,5d65719c4cbf045f068d084b72302f447d5fd034413d97d13be00d0e,60.18203,24.91341,00000000342570c2,21.87
15905,2019-08-04T11:06:44Z,6066632ddc94b5c482a2d4f45ed2532e55e3fd63e414a084a596a737,60.16762,24.95415,000000006b44cce7,18.79
15906,2019-08-04T11:06:44Z,66dabd3229229330d23c70e9e1737429ddfe69db01f4a6a00f70fa20,60.16762,24.95415,000000006b44cce7,20.28
15907,2019-08-04T11:06:44Z,69219e9efa41ae9e732653e9eaf08e1a34cb853a9dafe76ddeea4d04,60.16897,24.95222,00000000aa852af1,23.56
15908,2019-08-04T11:06:44Z,6a70e2fbced719333e21eff04fcb9cb36bae9a04d1a3d6ddd96f2c58,60.15432,24.9211,0000000019fb59c4,17.4
15909,2019-08-04T11:06:44Z,85ef35aecf2ff804be3d958b592705ec41c6df9c128c132c65bb283d,60.16897,24.95222,00000000aa852af1,21.87
15910,2019-08-04T11:06:44Z,87dfaad29a9276ddddb1fa021d3bc23ad14824c1af16f7d87e713689,60.14951,24.92138,0000000006dd41f6,18.79
15911,2019-08-04T11:06:44Z,88808fe92573e9cdf022cc15b9689b6b4b9429f60513c8897b0ba4c7,60.16897,24.95222,00000000aa852af1,21.87
15912,2019-08-04T11:06:44Z,89982a6acf91b79a282a6b63978e946ee205f303fcd20e944e06baf0,60.16544,24.95398,0000000038d83d41,27.28
15913,2019-08-04T11:06:44Z,8c3b1ed0846e38cc84b863a80540c8a75bfd85c8bdda36563d153110,60.16544,24.95398,0000000038d83d41,20.28
15914,2019-08-04T11:06:44Z,8c75c3289c84fe4493e1e272a77b615fe1985880c5dc68a7c1a17b53,60.16762,24.95415,000000006b44cce7,13.75
15915,2019-08-04T11:06:44Z,92aae21a6e0dd2ff71fc591b64e878502bd4677b64ac413632e9f7c6,60.149,24.9843,00000000fffb8cf0,18.79
15916,2019-08-04T11:06:44Z,9843c6216661048343a0e49cf3d8aa2883cf77f452666a1c873a1052,60.16448,24.97323,0000000053c6c2be,14.89
15917,2019-08-04T11:06:44Z,a13e5d46f0a2d1c6b58878e1b198905e9b14e3a85b5e4adab88b4b87,60.16762,24.95415,000000006b44cce7,11.7
15918,2019-08-04T11:06:44Z,a3758affe1deba4cd791b32946ddeaa26af8b554e4b9673dd258f229,60.1638,24.96846,00000000d747f075,36.27
15919,2019-08-04T11:06:44Z,b5fd6b317890e5ab2d79e2cd1abe61626d45a753c7337d0d40728898,60.16762,24.95415,000000006b44cce7,12.69
15920,2019-08-04T11:06:44Z,b936e41d8712ae967f3ebb413fc44f060bb10613f95537757886ede2,60.16762,24.95415,000000006b44cce7,9.92
15921,2019-08-04T11:06:44Z,bfcaefe93f7fcb6aad6e62e3da473a7b5b03a62db532dad02a7d3559,60.16762,24.95415,000000006b44cce7,12.69
15922,2019-08-04T11:06:44Z,c54f2dd0590c650ad3e52a68193db3173db5e74f90f69faa1e2d6bb0,60.16762,24.95415,000000006b44cce7,4.94
15923,2019-08-04T11:06:44Z,ca6927628f5ddda20036865c9345ad93d476d62ade3b181de568eed6,60.16897,24.95222,00000000aa852af1,18.79
15924,2019-08-04T11:06:44Z,cd2c2ce2425879ac455c812073aa8025c7bac76df380e4793edab46d,60.16829,24.94214,00000000afef4555,25.36
15925,2019-08-04T11:06:44Z,cf05623e4d87ce0906c0b0b7dbf53aacc1228016cd27c341228b6e76,60.18203,24.91341,00000000342570c2,20.28
15926,2019-08-04T11:06:44Z,cfc0bedb78ded52749db3188cb188bf6a250ef5990da9c5afa9623fc,60.14951,24.92138,0000000006dd41f6,23.56
15927,2019-08-04T11:06:44Z,dbeb00942457ba3c5fb1984b57b1dedb268c0e761e80729b939f1fd8,60.16544,24.95398,0000000038d83d41,25.36
15928,2019-08-04T11:06:44Z,e224ae5ea47af2e3048f83b13a1f45dc135c0ca6be72547b01729086,60.1538,24.95595,0000000038bf9618,27.28
15929,2019-08-04T11:06:44Z,e8e366e76c97944e23c0f80b4fd3ce6e5832744922297146a49f0c7e,60.16762,24.95415,000000006b44cce7,12.69
15930,2019-08-04T11:06:44Z,e96bd269a48b822b06141c3362fcb6d5ed4d0d09a120f2e4a712d5c2,60.16897,24.95222,00000000aa852af1,27.28
15931,2019-08-04T11:06:44Z,f088630d7476dae7d4b7e2bb1f10575f2c89acb4b6e061f3d57c2b40,60.16531,24.9442,00000000fdda10fe,25.36
15932,2019-08-04T11:06:44Z,f31cfded6f566f9c032c80c52ea642407be312c5d42521ab7a8d3e2a,60.16897,24.95222,00000000aa852af1,14.89
15933,2019-08-04T11:06:44Z,fc4f3a44235f1cfc7b53f14ba2da599976a5a0a220d23b852688e485,60.17919,24.95181,000000007b5207b6,10.78
15934,2019-08-04T11:06:44Z,00df07521690a1fb6e56d9506781a9888bb54e5230f6de1be64ba13f,60.14951,24.92138,0000000006dd41f6,25.36
15935,2019-08-04T11:06:44Z,0236a1d5b9b9d2249407a79705eee38de360ceb0530a8959ba5bc15b,60.149,24.9843,00000000fffb8cf0,12.69
15936,2019-08-04T11:06:44Z,02859795f210989e95cecea68a54de08be1fe5e153b3038eda00394e,60.16762,24.95415,000000006b44cce7,21.87
15937,2019-08-04T11:06:44Z,02a354db29cd5bc16976a9d933e03a41be350f9cc78098829a7dcfd4,60.14947,24.91438,000000004ef3150d,16.1
15938,2019-08-04T11:06:44Z,03204cdd97728dc59f21f215f75460ac8fe2fa56720a88e869c6f56d,60.16829,24.94214,00000000afef4555,17.4
15939,2019-08-04T11:06:44Z,034f91bc6a46b8a7e69e178edb59835cc03c6e1476fd36b94ed73f5b,60.16829,24.94214,00000000afef4555,18.79
15940,2019-08-04T11:06:44Z,03515f2dd8be9a829b8b55cec8dc0f87b3e51368f8f16e4c4014d547,60.16762,24.95415,000000006b44cce7,9.92
15941,2019-08-04T11:06:44Z,0625280cf414aa015aa8b4d504d6fc74879a1144b913e254fec5db9d,60.16762,24.95415,000000006b44cce7,11.7
15942,2019-08-04T11:06:44Z,0656a0c0a353f164b57fbdd9e648d71fab429964d97ed07ab2c5dc30,60.18203,24.91341,00000000342570c2,14.89
15943,2019-08-04T11:06:44Z,07736b3f5deab4e1b7812473c78389d5152eb6e95aeb6b23741c90d6,60.16762,24.95415,000000006b44cce7,10.78
15944,2019-08-04T11:06:44Z,08b10b51864dc039f0a07c997e66e7a263ee1cde5b0b88b2a1178c58,60.16829,24.94214,00000000afef4555,21.87
15945,2019-08-04T11:06:44Z,090b22feb90861d0c5c272812dfebe1f4f5efec2238fb9556f23e5a6,60.16762,24.95415,000000006b44cce7,12.69
15946,2019-08-04T11:06:44Z,096c3b0de1dab1407cd4d3330546404c0d62ce025924420496380f89,60.16762,24.95415,000000006b44cce7,11.7
15947,2019-08-04T11:06:44Z,0ac16900b358cad98786869efa2fa39aa96eacf36f9249051cce0e88,60.16448,24.97323,0000000053c6c2be,31.5
15948,2019-08-04T11:06:44Z,0b49dcea1b7eab22f4ebd0c7666ded5b59fe092b8bdd4aa9eda6326d,60.16762,24.95415,000000006b44cce7,1.54
15949,2019-08-04T11:06:44Z,0c959027ce302054b09087cac97a83aa7e24fb9e4fa2710763f912cb,60.16829,24.94214,00000000afef4555,4.11
15950,2019-08-04T11:06:44Z,0d2490ed58c11eb4a754a30cc4bcb21c7243d322a2caf7cc360e4e8c,60.17065,24.93641,000000000f4919c9,10.78
15951,2019-08-04T11:06:44Z,0e113c5ed3abcdfb31d27c3125f6cf01e3b96e4ed7eca1aaea855f77,60.14947,24.91438,000000004ef3150d,13.75
15952,2019-08-04T11:06:44Z,0fd26c6e46f4d73b276223942e56c38bc9b8e4566239f8a77261657b,60.17002,24.94407,000000006b087f40,20.28
15953,2019-08-04T11:06:44Z,10ca87ada637a6524de98a11c8d3d3d3cfa8f7f5ea839b29c2b132a0,60.16762,24.95415,000000006b44cce7,7.69
15954,2019-08-04T11:06:44Z,1107822441d53ff89eb9cb0d022a37202aed47bd82dca4bc175d6837,60.16762,24.95415,000000006b44cce7,3.4
15955,2019-08-04T11:06:44Z,116e59da308964e8eb82cb6e5a758aad726ec3800f0fa17bc661e8fe,60.16762,24.95415,000000006b44cce7,10.78
15956,2019-08-04T11:06:44Z,1327ce24f157334f864f913637993c80380ce5f5c911e4b0d31c5eb7,60.149,24.9843,00000000fffb8cf0,1.88
15957,2019-08-04T11:06:44Z,135b81a7a5a9dd70569656553c100af6fdc760bcf92d9b7b48261cb1,60.16897,24.95222,00000000aa852af1,21.87
15958,2019-08-04T11:06:44Z,13b0a8ca1414d7b2b0e8d5f80069a5d26c6f62a68b58eda25a4b85f4,60.16829,24.94214,00000000afef4555,8.38
15959,2019-08-04T11:06:44Z,1556d4a76070c26554efa12b4b9c53766a4cc394e8b74ee37f2fff65,60.17065,24.93641,000000000f4919c9,7.69
15960,2019-08-04T11:06:44Z,17b39c4376c28dc9e1c1221de9d5037abfea5d59d30cdd48208fc3a8,60.16762,24.95415,000000006b44cce7,29.32
15961,2019-08-04T11:06:44Z,182e58bd6c3c8d836225d454a878bc55d8ed5166564a22f8b635f6ff,60.14947,24.91438,000000004ef3150d,18.79
15962,2019-08-04T11:06:44Z,1921be9815a57f11f291ca085add7b4bf1d044518b03b725df7cf7d5,60.149,24.9843,00000000fffb8cf0,10.78
15963,2019-08-04T11:06:44Z,19db84758eba08a5f9bb56b0ff91d05286765c8e8dfa31bd0b2aaa1c,60.14947,24.91438,000000004ef3150d,4.5
15964,2019-08-04T11:06:44Z,1a06b5f7f305badd45e93db9d86d76ed3a2a96ec55ec47c836921e3e,60.16762,24.95415,000000006b44cce7,11.7
15965,2019-08-04T11:06:44Z,1a9a0f74c353624c42c19c007e82c9c2547b7285d8353d0e375e3f05,60.14699,24.922,00000000a53ed894,6.46
15966,2019-08-04T11:06:44Z,1c38009e9b89bd8b0d6744bf54ebae9a8ad2dc2868cdfc3f2e399509,60.16829,24.94214,00000000afef4555,20.28
15967,2019-08-04T11:06:44Z,1c8c3befa38b65f707dd4933a68e5e3c9e7c82592fd382779127416b,60.16897,24.95222,00000000aa852af1,20.28
15968,2019-08-04T11:06:44Z,1dacfb371d75dd4f90f447aac2a00faad98beb4188a6971c19eb2375,60.16629,24.95957,00000000fb7600be,21.87
15969,2019-08-04T11:06:44Z,1e3efbe25e19c47f81e4c501d1fd56cf506c3da4b57b10fc8c953dd5,60.16762,24.95415,000000006b44cce7,5.91
15970,2019-08-04T11:06:44Z,1f6e5095c2c365e120a526c9111895459bc08fb351b964a350cdb64f,60.16762,24.95415,000000006b44cce7,10.78
15971,2019-08-04T11:06:44Z,1fa2c533bba37b249a0105001153733e67a559d40c22cab67f135f64,60.14947,24.91438,000000004ef3150d,12.69
15972,2019-08-04T11:06:44Z,210efef5a51ca0e6ee1b6d62b522bfe9117f462f15ba78edfbe259ef,60.16762,24.95415,000000006b44cce7,13.75
15973,2019-08-04T11:06:44Z,2136558e0a9a89ed5aa044485a8e31bff3b7e5acf38c645a06782afd,60.16448,24.97323,0000000053c6c2be,25.36
15974,2019-08-04T11:06:44Z,21e1b0aebd1c050ac0463a0269b847e7e94b782ed10399e5e749817f,60.16829,24.94214,00000000afef4555,18.79
15975,2019-08-04T11:06:44Z,227b93698b29687beea48184f42aab63a21fa362af7251be32db2e15,60.16531,24.9442,00000000fdda10fe,4.94
15976,2019-08-04T11:06:44Z,23786c82e2641aed0e0b004658480a212bf0397568e914487819045c,60.16897,24.95222,00000000aa852af1,18.79
15977,2019-08-04T11:06:44Z,26a4ff30aad95332c4b603e9e728a10486413889de9d2c4573524923,60.14699,24.922,00000000a53ed894,13.75
15978,2019-08-04T11:06:44Z,2724e42551f43106ea58a8fcc6a43953baa1294cd65e17a90012f706,60.17065,24.93641,000000000f4919c9,1.25
15979,2019-08-04T11:06:44Z,28741c2e5e348fe81dec0518a21c0930c98a25b6fcece61a262d50de,60.14699,24.922,00000000a53ed894,16.1
15980,2019-08-04T11:06:44Z,296a0ffe230305a3d37818a0369b56c99dacdd5df5a161bf238e1084,60.16762,24.95415,000000006b44cce7,3.74
15981,2019-08-04T11:06:44Z,2977d3c4f181abb6662adf1d466a62167e2690a9c94dc53e5aa6a904,60.16762,24.95415,000000006b44cce7,16.1
15982,2019-08-04T11:06:44Z,29b5f09785ef76627c2a3f043e1182d11fbd3a465422544c7478aa1c,60.16897,24.95222,00000000aa852af1,4.5
15983,2019-08-04T11:06:44Z,29f5adc4d67413b7d368e8e94a41cf48339e3f5f0903f660170c4fe8,60.17918,24.95141,00000000675d5200,21.87
15984,2019-08-04T11:06:44Z,2b8390c7183ae344c6844506a062f78e7038ec6c71227c16c48d5713,60.16829,24.94214,00000000afef4555,20.28
15985,2019-08-04T11:06:44Z,2c85e4140ca0ba77c3598ceac05eb2c2342409ce8111c863fc58c606,60.16829,24.94214,00000000afef4555,12.69
15986,2019-08-04T11:06:44Z,2ccaeb30423977ff22b6afc29243b861b476a5f4ffafdf200d326d78,60.17002,24.94407,000000006b087f40,13.75
15987,2019-08-04T11:06:44Z,2d0349a4148a147b05e00cd46c137dd208ba2a8ce9327b493615f1a6,60.16829,24.94214,00000000afef4555,13.75
15988,2019-08-04T11:06:44Z,2de87ef94604fb63bec05eefb71b6cdd0b9807f8551159c2a35e7259,60.17065,24.93641,000000000f4919c9,5.41
15989,2019-08-04T11:06:44Z,2e6e6f89a7d75f0742d016de203c9acc8d6f6bdeb7b56bd12f482653,60.15432,24.9211,0000000019fb59c4,10.78
15990,2019-08-04T11:06:44Z,3004b57f95861dcbc505cbe89ab781674966526a063bee7072de8aba,60.16829,24.94214,00000000afef4555,8.38
15991,2019-08-04T11:06:44Z,30bee351808d5e8082ce012b57f5bc0efc80f8394491a182e0eeee32,60.17918,24.95141,00000000675d5200,36.27
15992,2019-08-04T11:06:44Z,31659a798f1d780d587f07390c038a78fafa6cabb8180dba635863ce,60.17002,24.94407,000000006b087f40,25.36
15993,2019-08-04T11:06:44Z,32f77f5019e5fce30881c214487361e2e34b8c93277f6e546de72012,60.1638,24.96846,00000000d747f075,21.87
15994,2019-08-04T11:06:44Z,3417d8a6b53687e70f126ebeb1d26a2ff6369dc9a551c3c35c5a04f9,60.17002,24.94407,000000006b087f40,16.1
15995,2019-08-04T11:06:44Z,34ebfbffd9a126421b335e852aa094b727786622ade7757b36f67b57,60.18203,24.91341,00000000342570c2,17.4
15996,2019-08-04T11:06:44Z,3512bf26a0a9e7475c2b0fae94e1eeac7dfa237db81ed1f40ce18825,60.149,24.9843,00000000fffb8cf0,27.28
15997,2019-08-04T11:06:44Z,35f337dd3baf0bc08002ec007d609b685ac29bb2a8bcad6783532a6b,60.16829,24.94214,00000000afef4555,14.89
15998,2019-08-04T11:06:44Z,3714758c60c781bb53981cf52f78b930f4cb22bf27a3dc596f48ab2e,60.16762,24.95415,000000006b44cce7,11.7
15999,2019-08-04T11:06:44Z,374083907dd8980893623726af5633afd59b519c885ad12ba5c674eb,60.17002,24.94407,000000006b087f40,12.69
16000,2019-08-04T11:06:44Z,38561a086c97342a24583c26b33205da50e3e973a8147fe016a4a9ff,60.16829,24.94214,00000000afef4555,3.74
16001,2019-08-04T11:06:44Z,386dea4944e0b83648b4b6faf510fd47b0e9e29a2bb9311fe8a80ee2,60.17918,24.95141,00000000675d5200,9.92
16002,2019-08-04T11:06:44Z,395134265ad60f36cbb21b92db8d3db4d07bd71836d174cbf1a09224,60.16829,24.94214,00000000afef4555,16.1
16003,2019-08-04T11:06:44Z,3991e38309311c3fd5aecdcf3290274a5742396d989a81387bf154ae,60.17002,24.94407,000000006b087f40,12.69
16004,2019-08-04T11:06:44Z,39e2f2a7b03cda9f877366363a3727edfefd16d2221e752dafc33634,60.17002,24.94407,000000006b087f40,17.4
16005,2019-08-04T11:06:44Z,3ac85712ab657e849113d439795c4e7325d1025cacdbd9a41174b031,60.17002,24.94407,000000006b087f40,17.4
16006,2019-08-04T11:06:44Z,3ac9d056b0f04f774b238a125eb996d46437f7a8c5f6ba6712e971cf,60.17918,24.95141,00000000675d5200,8.38
16007,2019-08-04T11:06:44Z,3b355c039877bd4883845f3fc6ad8dd6f41f170274042f1397585680,60.149,24.9843,00000000fffb8cf0,23.56
16008,2019-08-04T11:06:44Z,3baae764cc9b4d6cfba1c123a69607b046bcabd9fabd6a43f50ea94d,60.149,24.9843,00000000fffb8cf0,29.32
16009,2019-08-04T11:06:44Z,40d64df305477f26745a445a97098d36570a8e02616b93a3f562bb21,60.16629,24.95957,00000000fb7600be,17.4
16010,2019-08-04T11:06:44Z,411febba567281e3da6030aa21191fe5efdd090f54aec41ca291563a,60.16897,24.95222,00000000aa852af1,16.1
16011,2019-08-04T11:06:44Z,42d34a6c595760e51052178acc978bdb2b6348e0405f7b58c57f0915,60.16829,24.94214,00000000afef4555,18.79
16012,2019-08-04T11:06:44Z,430248827311f2a35f35eddf73299c91aca3dbf8e22471fff5844932,60.16544,24.95398,0000000038d83d41,18.79
16013,2019-08-04T11:06:44Z,43a599f28d168caa53108cd20ab0cbcbdc62b74321e8c351eb7aee72,60.17002,24.94407,000000006b087f40,27.28
16014,2019-08-04T11:06:44Z,44703b8dd01d3bd79585c9c7e12217e1ac152f86e2b0c9ed6be4bc19,60.16544,24.95398,0000000038d83d41,17.4
16015,2019-08-04T11:06:44Z,448f6044c6c095d8c71341a0017dd6746f6e150f03af7c78b794308f,60.16762,24.95415,000000006b44cce7,4.11
16016,2019-08-04T11:06:44Z,44cd8828dd4aa11ea599139af3d3aafbcd09ca0c2558f26ed1c72e17,60.14699,24.922,00000000a53ed894,27.28
16017,2019-08-04T11:06:44Z,465eab28635efe98500085ceb161cf941d02272a0107fbbfb2203c29,60.16829,24.94214,00000000afef4555,10.78
16018,2019-08-04T11:06:44Z,46b576e18e757fc4ec008b41d3c28ec5415a2c2c2f143042e5413137,60.16762,24.95415,000000006b44cce7,4.94
16019,2019-08-04T11:06:44Z,47cd1dcac88434ffdc4b868e7f1d8d8a604700564bc83a7c0a3928be,60.16762,24.95415,000000006b44cce7,3.74
16020,2019-08-04T11:06:44Z,47f787c639f2eed345eb5dca409ffcd989850399a1ab781500dd6e82,60.17918,24.95141,00000000675d5200,12.69
16021,2019-08-04T11:06:44Z,4800d49ec59e1cde34360defcce4c2a0c6a58919303c1fe6fdebceec,60.16762,24.95415,000000006b44cce7,14.89
16022,2019-08-04T11:06:44Z,4833b1ea4f519407574f5a838d93a39de28c756c5f53de7ee273b577,60.14947,24.91438,000000004ef3150d,7.69
16023,2019-08-04T11:06:44Z,4935f07cb3fed2c0574bac93dbe39eaf9189f5aca741c94a0e3b5a86,60.15432,24.9211,0000000019fb59c4,31.5
16024,2019-08-04T11:06:44Z,4954540aca30f8f56f918178fbd53ee48ddef7a231d425061f6b2f6f,60.18203,24.91341,00000000342570c2,21.87
16025,2019-08-04T11:06:44Z,49d6f6bd5878bfac30a67fe92d1501b5b09cab38ab2b35b661902f0d,60.14947,24.91438,000000004ef3150d,23.56
16026,2019-08-04T11:06:44Z,4a54cbed9c373a4136f8851f3f5736eb2fadd5766d316eb5ebbdd231,60.17918,24.95141,00000000675d5200,8.38
16027,2019-08-04T11:06:44Z,4a912b6c106b63933a8c9cc39598823bcb2c94d4b1cc8a5d55cb3972,60.16829,24.94214,00000000afef4555,2.08
16028,2019-08-04T11:06:44Z,4ae55b5046b30303930ee339fa9c70c922844d1bfe89a2e7180d53ad,60.16829,24.94214,00000000afef4555,20.28
16029,2019-08-04T11:06:44Z,4b5b3e8f2b484bc08b196c265f65c70151bd69f6263318eb29125db2,60.16829,24.94214,00000000afef4555,9.92
16030,2019-08-04T11:06:44Z,4ce7d647b94da338802c560e1789667f2f500a4e22ae392023e910f4,60.16897,24.95222,00000000aa852af1,31.5
16031,2019-08-04T11:06:44Z,4cf634fc84e128c3b9bce07a4b726d136e18f0eea4229fdbb48f6db1,60.16897,24.95222,00000000aa852af1,9.92
16032,2019-08-04T11:06:44Z,4d31b0561dbfc9ef5acbd44ba92acb4ca7bad86b948634f005173ece,60.14699,24.922,00000000a53ed894,11.7
16033,2019-08-04T11:06:44Z,51789c3026ccfe7e846e44fcd833d006941c2789b9693c77df5a7c98,60.16762,24.95415,000000006b44cce7,10.78
16034,2019-08-04T11:06:44Z,52daa31a2b3c1c07f78d96ebb4de3a965da5ef0a8035afbd0f7451fb,60.16531,24.9442,00000000fdda10fe,27.28
16035,2019-08-04T11:06:44Z,54d53f276563f566e1cd61b100408412cf78b4fe9fcada830aa6e23b,60.14947,24.91438,000000004ef3150d,10.78
16036,2019-08-04T11:06:44Z,5518b2315c236d486c7a5a4fc27c44987672b2f9a0751ffdaa9cbf78,60.16829,24.94214,00000000afef4555,5.41
16037,2019-08-04T11:06:44Z,55f047531784bdfb349239ad705090dfe4fce836942569dac1d34cd3,60.16762,24.95415,000000006b44cce7,12.69
16038,2019-08-04T11:06:44Z,56318cc7f3616fceec2564cbb1f6ca8b88ea861935a1ada93aafd7b0,60.16897,24.95222,00000000aa852af1,8.38
16039,2019-08-04T11:06:44Z,56ef15210d87074a2705a68a06e5819fd891c19c3574762b4f036151,60.14699,24.922,00000000a53ed894,18.79
16040,2019-08-04T11:06:44Z,571934189bf349efb6f596e76c21612cf9b82ed44913090169936048,60.17065,24.93641,000000000f4919c9,16.1
16041,2019-08-04T11:06:44Z,584cb0b0cdd14e608c8b57c8aecc9826f9b40027e365e2438a444ea2,60.16762,24.95415,000000006b44cce7,11.7
16042,2019-08-04T11:06:44Z,586f70961bf72597ce00f89d3602178ecc6ac8838a8acec48bba7f9f,60.14699,24.922,00000000a53ed894,25.36
16043,2019-08-04T11:06:44Z,58c5faa3a5a33380286fc185676e8f2764cdde5a6dc9f43eee9d3b0c,60.16448,24.97323,0000000053c6c2be,14.89
16044,2019-08-04T11:06:44Z,59b87e6921598d25b092b66e140328fa03c9f06fe4e697dd344f378a,60.17002,24.94407,000000006b087f40,20.28
16045,2019-08-04T11:06:44Z,5a730ea19664020323272509e5443616ea3f1cecd7b295e294be4ba7,60.14947,24.91438,000000004ef3150d,8.38
16046,2019-08-04T11:06:44Z,5d9aa6fcb0d81ceaa80ca13cc08a88138be517656646e0ba0942ce46,60.16897,24.95222,00000000aa852af1,12.69
16047,2019-08-04T11:06:44Z,5e1b81ba9814d7b5cb5e067b8278209360ca1db4a0230562e652dc0c,60.16762,24.95415,000000006b44cce7,11.7
16048,2019-08-04T11:06:44Z,5f448510250c96d2538ae0627acc26b427df1f22afac722b1c802cd4,60.16762,24.95415,000000006b44cce7,14.89
16049,2019-08-04T11:06:44Z,5f5805a3ffd092506452c4d45ea8fc037ae23ea726f0b0809ca6ffde,60.16829,24.94214,00000000afef4555,18.79
16050,2019-08-04T11:06:44Z,6138e6ab3e1e74425af8945a6fcc294c1469a0b9c448b780bcf9d2e2,60.14699,24.922,00000000a53ed894,10.78
16051,2019-08-04T11:06:44Z,62cac4a0e252305e1128942dc3ec48baaa514c6737c415f85abb3665,60.1538,24.95595,0000000038bf9618,29.32
16052,2019-08-04T11:06:44Z,62e27092b58abcaf80564c408d0d4a7b821abaee92dc2f02ccb11e61,60.16762,24.95415,000000006b44cce7,7.05
16053,2019-08-04T11:06:44Z,64d10ef0926ecca987bad278990d966d8fac8775f03847d1f5a4a2f6,60.16762,24.95415,000000006b44cce7,7.69
16054,2019-08-04T11:06:44Z,66755836036c771e53ffd9d0dc09b8575231b53b80af22e868691a2a,60.14699,24.922,00000000a53ed894,4.94
16055,2019-08-04T11:06:44Z,67598a1e0a26360b38ffc4bd67aa05290556cdaea97554dfb9d8bdad,60.16762,24.95415,000000006b44cce7,14.89
16056,2019-08-04T11:06:44Z,697103160f0b3dc0ba38ccdd18203ae84ec35fc314322d1172c093b2,60.16829,24.94214,00000000afef4555,18.79
16057,2019-08-04T11:06:44Z,69852d528034ea6fc746ed8942c32f1c90bc33a7a7317dfac3c9b1c1,60.14699,24.922,00000000a53ed894,5.41
16058,2019-08-04T11:06:44Z,6990b912b53e2278e4a3d421330e44169d05b275ad57d86ff4ad1615,60.14699,24.922,00000000a53ed894,27.28
16059,2019-08-04T11:06:44Z,69d8c906060e226ff0f0f7e78029575f2ee07ebec657a3b641419268,60.14699,24.922,00000000a53ed894,17.4
16060,2019-08-04T11:06:44Z,6a26d412be89e31774a0ffbd2191ae4954cd1d6a280ba6c2b01a5d46,60.16762,24.95415,000000006b44cce7,11.7
16061,2019-08-04T11:06:44Z,6ac1903c80e63433e4bc744dc0e801bff647117d38d3753fb9a6a4c1,60.173,24.92524,0000000096918cfa,23.56
16062,2019-08-04T11:06:44Z,6ac8fdd67b3dd11f0bae935f3a285880138382088238b97f511d3f12,60.16897,24.95222,00000000aa852af1,16.1
16063,2019-08-04T11:06:44Z,6c97da4ba9462e7fe786a472989dab23340d31809dd78d5617204da4,60.16829,24.94214,00000000afef4555,16.1
16064,2019-08-04T11:06:44Z,6e492dbc3f10157e7ff00826a839a97262ab36244ccc57b702a89999,60.16531,24.9442,00000000fdda10fe,8.38
16065,2019-08-04T11:06:44Z,6eeb71c74d753822f920829149d942cf52b726b0b83c5aa3e6cb132e,60.16762,24.95415,000000006b44cce7,8.38
16066,2019-08-04T11:06:44Z,6faf62fbff92729472d61bc9a13a5e72833e55bf713863161f8ca9cb,60.15432,24.9211,0000000019fb59c4,17.4
16067,2019-08-04T11:06:44Z,70ffae2b8178e0915c5de7816f8dd8bcc3af745ee49df8ac4da4adba,60.17918,24.95141,00000000675d5200,16.1
16068,2019-08-04T11:06:44Z,714e80a1e3c0fee43e312f314b2faec47e582ee8dac47e4818dbc2f9,60.149,24.9843,00000000fffb8cf0,2.08
16069,2019-08-04T11:06:44Z,71516fc8349cfaf2b5c4ab80ade6078494d93d13e9953af15e5ced30,60.18203,24.91341,00000000342570c2,13.75
16070,2019-08-04T11:06:44Z,71c1367c7dea4dfa243172e02b9092c7a0810bef003216681759891e,60.16897,24.95222,00000000aa852af1,23.56
16071,2019-08-04T11:06:44Z,730d975773cc8c9c07ff88fb87377ff64a961a96e9237e59859fa46f,60.16762,24.95415,000000006b44cce7,9.92
16072,2019-08-04T11:06:44Z,74c2ec2adc228e5b4979284d730fd2de698242f0f06d90f870b8cde6,60.16762,24.95415,000000006b44cce7,3.4
16073,2019-08-04T11:06:44Z,7552783317be1ef797980c3a9ee9c5967d4e7b32765f23c51ffda02d,60.16897,24.95222,00000000aa852af1,9.92
16074,2019-08-04T11:06:44Z,76444267ea4d5365cef684a446be8cc3482dc3b1b516cdb7850e717f,60.16762,24.95415,000000006b44cce7,9.12
16075,2019-08-04T11:06:44Z,765243fc3021a21bc913ebdd4ce13c3606a5f0e655244884fa039ee6,60.15432,24.9211,0000000019fb59c4,23.56
16076,2019-08-04T11:06:44Z,7804799a34d94440ab3520238b9ab58a0466b4230cd360f0f2159075,60.16762,24.95415,000000006b44cce7,14.89
16077,2019-08-04T11:06:44Z,79773ee1ebdf8252053d8ffb326b77bb05a7cdb76041102e73d3767c,60.16762,24.95415,000000006b44cce7,11.7
16078,2019-08-04T11:06:44Z,79bde23c1a8980f93a65e14306f0d8ea89e164430d8b991e2bfee82e,60.16531,24.9442,00000000fdda10fe,14.89
16079,2019-08-04T11:06:44Z,7a96471c0f2a5b26dc38cc8aa9903b7dcb222a12d81cd73a84570610,60.16629,24.95957,00000000fb7600be,20.28
16080,2019-08-04T11:06:44Z,7afc351f0ed7619c18c64ab06971196bb53d53e2d460151ab711bc0f,60.16762,24.95415,000000006b44cce7,17.4
16081,2019-08-04T11:06:44Z,7c55ecf165387948602e82b684a55be093691849fde2d96ad6574475,60.17065,24.93641,000000000f4919c9,13.75
16082,2019-08-04T11:06:44Z,7ddcdde2316659d0fa4b8597b86430e095ea0bc7f3564a9d05fc60f8,60.16897,24.95222,00000000aa852af1,12.69
16083,2019-08-04T11:06:44Z,7de4ba54f0d667a69cb0b6d625856bc6b040f51a42f91beae366a269,60.16762,24.95415,000000006b44cce7,2.3
16084,2019-08-04T11:06:44Z,7e78b2348d9576c63ebb626030ee9d43e2bf07e860782adf3f1c452b,60.16829,24.94214,00000000afef4555,7.05
16085,2019-08-04T11:06:44Z,7ea276abbe2f1bfd85b2493f7b4c801189e673c0b4dc987d2c8e30dc,60.14699,24.922,00000000a53ed894,16.1
16086,2019-08-04T11:06:44Z,7eefc5581c616491b78192b28b519ba727dc884a87bc06b8df1ea4f2,60.14699,24.922,00000000a53ed894,7.69
16087,2019-08-04T11:06:44Z,7fe2da2d441d71c5853dc76eb7d62293a75686b735ae22dafc34e39d,60.17002,24.94407,000000006b087f40,27.28
16088,2019-08-04T11:06:44Z,822590bd49bcf7ed4de4f8389586915c343b29c4283ff8b90d7c1d39,60.17065,24.93641,000000000f4919c9,13.75
16089,2019-08-04T11:06:44Z,8297451faaa5e60a751a03f6ffafc7dfecaa715efc6af3a5762bb833,60.17002,24.94407,000000006b087f40,25.36
16090,2019-08-04T11:06:44Z,82ac749474448abac333d00869cb8b508872f86293913d95eae26a05,60.15432,24.9211,0000000019fb59c4,7.05
16091,2019-08-04T11:06:44Z,82cddd3b9f58762d36efe78da4e2722ee587cfdb3fdbc58b52673082,60.16629,24.95957,00000000fb7600be,23.56
16092,2019-08-04T11:06:44Z,842340aa39a680a5c969b20db5027c8e1b123077045e8046a997391a,60.16448,24.97323,0000000053c6c2be,31.5
16093,2019-08-04T11:06:44Z,844b8ad6ebf530978d1139d527a681991f4d3eed6be5bc723f0b2192,60.16531,24.9442,00000000fdda10fe,1.7
16094,2019-08-04T11:06:44Z,87ea10367f1569e575dc4bc60f0f4238eafb52ba8a2cc8e5e4584232,60.16829,24.94214,00000000afef4555,20.28
16095,2019-08-04T11:06:44Z,87f4cf4baea8c5dfe1bc7812cc969574058bd4d2dda215192bcfc53f,60.14699,24.922,00000000a53ed894,3.74
16096,2019-08-04T11:06:44Z,886032718e05487be8bd75bb14464814044c7edd7f9a2198304f6fb4,60.16629,24.95957,00000000fb7600be,17.4
16097,2019-08-04T11:06:44Z,89df1daad350e46d526e113019214d2e1a19d8f48da761bb3583399b,60.16762,24.95415,000000006b44cce7,7.05
16098,2019-08-04T11:06:44Z,8ab70baa822768852fe312b760df7dbcb1a0fec7f2ba601146b9928c,60.16629,24.95957,00000000fb7600be,18.79
16099,2019-08-04T11:06:44Z,8c4e4851db86ec4a3ce29a58be770eb29c38b9a983351bb67d781982,60.16897,24.95222,00000000aa852af1,13.75
16100,2019-08-04T11:06:44Z,8dae8c39d58b18df713713239222f2d512c9e912893f774a8db6a124,60.16629,24.95957,00000000fb7600be,25.36
16101,2019-08-04T11:06:44Z,8f3d9ab893ae4a48fd3417f3a749c21e792779990ae0ad75a8f211de,60.1538,24.95595,0000000038bf9618,27.28
16102,2019-08-04T11:06:44Z,904a40e32a081181211d67e5dc7925882d2f4ef3b813b03d0133e26d,60.16629,24.95957,00000000fb7600be,16.1
16103,2019-08-04T11:06:44Z,90b12d2b9898702fd62b343512e0d53796ae38decdf704e203a0cc39,60.16829,24.94214,00000000afef4555,10.78
16104,2019-08-04T11:06:44Z,91602a694bc74a2874ba7f02a7bae062a3a77cd869b86a74800415b8,60.17918,24.95141,00000000675d5200,18.79
16105,2019-08-04T11:06:44Z,92df20d921f76c63470e3f5afbe201d3ae15f5133f66c291db796082,60.16629,24.95957,00000000fb7600be,16.1
16106,2019-08-04T11:06:44Z,92f46281919be73dd6cf9307f58cd4cdb28442be679d097a0b1eb19b,60.16531,24.9442,00000000fdda10fe,18.79
16107,2019-08-04T11:06:44Z,93272ad17155ea9499641eda7c5560691582116096278b82738ab21e,60.14699,24.922,00000000a53ed894,9.12
16108,2019-08-04T11:06:44Z,951482f3e2e41b496e34885c346c4a7ab09427178119caa9b8bbcbb6,60.14947,24.91438,000000004ef3150d,13.75
16109,2019-08-04T11:06:44Z,97490f522f1a0226c8f7e8ed7bca08dd71b63d80b46d38020127b868,60.14699,24.922,00000000a53ed894,9.12
16110,2019-08-04T11:06:44Z,998a30ee5f5ff6d2bc9ed04420591e525ded59ad66d09eefa240cc8e,60.16762,24.95415,000000006b44cce7,14.89
16111,2019-08-04T11:06:44Z,998ac46ad73c197bab1f36dca67d8bcaa3aca92249185a5e3715043f,60.17065,24.93641,000000000f4919c9,10.78
16112,2019-08-04T11:06:44Z,9a1a6afa19068ac0b5f9af2744ddf945157f0dd41a4f254e8251fd09,60.16762,24.95415,000000006b44cce7,10.78
16113,2019-08-04T11:06:44Z,9a49d0b5a67fba15ce8971503f6fea88994b33487a842397c5e8564f,60.16762,24.95415,000000006b44cce7,5.41
16114,2019-08-04T11:06:44Z,9aa588cb6f425117e45726b6b9adb7ef86c8f7c8113b547dc61f068a,60.16897,24.95222,00000000aa852af1,18.79
16115,2019-08-04T11:06:44Z,9ab0a60cb60531417ac6ec5ebc6ef591d2f39019c6b0bcb5a89101a2,60.14699,24.922,00000000a53ed894,9.12
16116,2019-08-04T11:06:44Z,9b24f69458294d27d07a0169665965135fd02f4c953f85bcebf4ba87,60.16762,24.95415,000000006b44cce7,7.69
16117,2019-08-04T11:06:44Z,9b4b0705e58750d2bcbd71ad65d85677f7e77db5dfe69d1a70b5d31f,60.17919,24.95181,000000007b5207b6,13.75
16118,2019-08-04T11:06:44Z,9bc50d931d6c1678284177395958d15f05b45d60ae7bc09fe1e1694e,60.16762,24.95415,000000006b44cce7,5.91
16119,2019-08-04T11:06:44Z,9bc91538b73e0220fcf5cd07290c07d56f6f48d3ba0ba6b6b0876da9,60.17065,24.93641,000000000f4919c9,4.5
16120,2019-08-04T11:06:44Z,9bef562c292174f1eb3933116effff74a8733a78e5c1df140de3fd6c,60.17919,24.95181,000000007b5207b6,4.11
16121,2019-08-04T11:06:44Z,9ced7d70503ba24882b6e283fa95ce42e02c1a3618adeb448558c50c,60.16897,24.95222,00000000aa852af1,18.79
16122,2019-08-04T11:06:44Z,9dda6ec06356b345040c379fd73bf923f7eac951cb2eb9cdc43dd5bb,60.173,24.92524,0000000096918cfa,18.79
16123,2019-08-04T11:06:44Z,9eb1e9bfdceb76ef852f89ebd82139602125f9731b791465e1c21f81,60.16829,24.94214,00000000afef4555,13.75
16124,2019-08-04T11:06:44Z,9f1920350685b4cb747c535ba3c3dc1cb29587668bd507ab96e5692f,60.16629,24.95957,00000000fb7600be,21.87
16125,2019-08-04T11:06:44Z,a066e2044b486819fe2185765f63ed87f8d10c502f26a01be1f1a758,60.149,24.9843,00000000fffb8cf0,38.87
16126,2019-08-04T11:06:44Z,a0ec1a8d581f94e640a6858a674699d2464ec065e6faea9d4ce2a13b,60.16762,24.95415,000000006b44cce7,5.41
16127,2019-08-04T11:06:44Z,a20a11944d9440f1f8e4ea6262408f673f2a8380c4e13dda1a073d8d,60.16897,24.95222,00000000aa852af1,31.5
16128,2019-08-04T11:06:44Z,a2f0adf51cb9d2a5417cc0797183513a8bbcecfbc717a1b63e42027d,60.16762,24.95415,000000006b44cce7,4.94
16129,2019-08-04T11:06:44Z,a30740fbf4b7e21f6fe2996e9325c90936de161cb2165e87cd96fd35,60.149,24.9843,00000000fffb8cf0,17.4
16130,2019-08-04T11:06:44Z,a3664d77633807788598dd8d4a7ba8caba2c31bfdcb6ba83651d4e7e,60.173,24.92524,0000000096918cfa,13.75
16131,2019-08-04T11:06:44Z,a3c1a4a58b9381c27b1d5076e0d8d72039afccfb0e58438a80247324,60.16762,24.95415,000000006b44cce7,7.05
16132,2019-08-04T11:06:44Z,a50e0bb8fd1ad4ad264c3246b210a0c6285faae591c1bd2c2c3458af,60.16829,24.94214,00000000afef4555,18.79
16133,2019-08-04T11:06:44Z,a5d632ac8ffc19a626de034d3c9444fd262ee6edada285c816ea9266,60.16531,24.9442,00000000fdda10fe,9.92
16134,2019-08-04T11:06:44Z,a6850c195b1265931ad86b4284effc80182987e154f74026e0b35fd9,60.16762,24.95415,000000006b44cce7,23.56
16135,2019-08-04T11:06:44Z,a764c2246c85b2b0aa79e581e2fe238da93de098abbb90aee24c11ca,60.16829,24.94214,00000000afef4555,13.75
16136,2019-08-04T11:06:44Z,a7cc1a0b8bbb896ef55043e385a939c97fd5cfaf6d43a4db6c720076,60.16762,24.95415,000000006b44cce7,14.89
16137,2019-08-04T11:06:44Z,a81c19fb85eebf853246cdc4d8e38245dfa5ba15c180eaa1bcc0378d,60.16829,24.94214,00000000afef4555,9.12
16138,2019-08-04T11:06:44Z,a98fc06dc605583814a2aa182295b88f81657ef2daeee7aaec792e7c,60.16762,24.95415,000000006b44cce7,5.91
16139,2019-08-04T11:06:44Z,aa4547c0b6b8be30776e08d524ceeacfbc9930ad720e11fa4cb20882,60.16531,24.9442,00000000fdda10fe,1.25
16140,2019-08-04T11:06:44Z,aa45859d6157e9e86470ec8b81957acc35bafb1b7f419d79357a38cf,60.16829,24.94214,00000000afef4555,11.7
16141,2019-08-04T11:06:44Z,ab1377ddf669bb806f8db586f4ce5ab9f0f4257dda61fe800d8509f5,60.17065,24.93641,000000000f4919c9,20.28
16142,2019-08-04T11:06:44Z,ab6e8769f50a15ea5e0d64f48aaa12886b7599a18cc0eb071a21ae5f,60.16762,24.95415,000000006b44cce7,10.78
16143,2019-08-04T11:06:44Z,ab9310807d2eb4984b053d38f467cb5d3e4211ff71ceb059480cf9ba,60.16829,24.94214,00000000afef4555,29.32
16144,2019-08-04T11:06:44Z,ac5c7e04b55d6d70659e5b8f4705309b9367c78a0edb7ce85f42c181,60.1538,24.95595,0000000038bf9618,29.32
16145,2019-08-04T11:06:44Z,adf3914eaf1478a77ba35ea49262388e4babe633207748c7608b8780,60.16762,24.95415,000000006b44cce7,7.69
16146,2019-08-04T11:06:44Z,ae3cda5066e455d4b1e58860e8fb7a35efad69b9964a676b476b0687,60.14947,24.91438,000000004ef3150d,5.41
16147,2019-08-04T11:06:44Z,b0d6202ccd1560eaf57c06931cb6466332e41068ad2963e515819015,60.17919,24.95181,000000007b5207b6,17.4
16148,2019-08-04T11:06:44Z,b2298fc6f63c02481610f9aef24f1a0c1711c255adc43c0fe135c1ca,60.14947,24.91438,000000004ef3150d,14.89
16149,2019-08-04T11:06:44Z,b26d0daac9f8fb84484cbd8ed668aeb6751e848b1c533a307d163360,60.16762,24.95415,000000006b44cce7,5.41
16150,2019-08-04T11:06:44Z,b3266ecf36a984b814e1b2d31b447438bd948a9c116721480104792f,60.16829,24.94214,00000000afef4555,18.79
16151,2019-08-04T11:06:44Z,b45b86eb670eb1db475921496e6d80468f5fe2819bf3eb58f1f58506,60.16762,24.95415,000000006b44cce7,14.89
16152,2019-08-04T11:06:44Z,b4c8900041e9f8751755d3940ceac58419e6370cd81cdb90d7800de1,60.14699,24.922,00000000a53ed894,18.79
16153,2019-08-04T11:06:44Z,b5cdbcdc30e0bf653ce353c867708b0067db5e394c8cbe848d978a77,60.14699,24.922,00000000a53ed894,8.38
16154,2019-08-04T11:06:44Z,b5f80d159e59c4558e49ea6fb68f6bc72ee9eb92bee60991bdf4e46f,60.16762,24.95415,000000006b44cce7,5.91
16155,2019-08-04T11:06:44Z,b601cd655bb9f05aa6ec86fc9eb9300c3bc20bc0e856e94ad168a257,60.14947,24.91438,000000004ef3150d,9.12
16156,2019-08-04T11:06:44Z,b67f020b0677cdc52c864f559306fb750cdf47ce2eee6503a3cedb3a,60.16629,24.95957,00000000fb7600be,21.87
16157,2019-08-04T11:06:44Z,b81a9bf449d3e64ad0181804598330bbf305f384b888935023742c79,60.173,24.92524,0000000096918cfa,17.4
16158,2019-08-04T11:06:44Z,b81e65168ea3278486b1c954ab229bc2eda3fe07098e824f05cd0ac4,60.149,24.9843,00000000fffb8cf0,21.87
16159,2019-08-04T11:06:44Z,b8f5834e6b992cf5568ae3153fb4b07e97b7f6dd01250851134c1824,60.149,24.9843,00000000fffb8cf0,27.28
16160,2019-08-04T11:06:44Z,ba10c562384fcd7e3b548cf24c89336d9eff4d325b8ebafdd219e53d,60.1538,24.95595,0000000038bf9618,31.5
16161,2019-08-04T11:06:44Z,ba288a5fd2befbc9ed08e7876ad7cb2bd8bfe6f5756d2ffe8e2dc558,60.17002,24.94407,000000006b087f40,14.89
16162,2019-08-04T11:06:44Z,ba41edadb3a9722bc59efaca71897a33593d0f17301c4bf560fd23e1,60.16762,24.95415,000000006b44cce7,10.78
16163,2019-08-04T11:06:44Z,bbf7d8b9085ddcd3b94f55f93b52cb40a251c44f5df4099ba5b61471,60.16829,24.94214,00000000afef4555,7.05
16164,2019-08-04T11:06:44Z,bdc8bd416444be70683b3475302093428e4abe14284e9579617fe8ea,60.1638,24.96846,00000000d747f075,23.56
16165,2019-08-04T11:06:44Z,bf4235c977b63f07c70679988ae6990db3734c8bde50741c636155b9,60.16762,24.95415,000000006b44cce7,14.89
16166,2019-08-04T11:06:44Z,c012e9e2caf1002d24e53817bb1279becdfc4aa9dba085e93ddd88e9,60.17002,24.94407,000000006b087f40,21.87
16167,2019-08-04T11:06:44Z,c17d750015a2259a1bba7471f2e4e0a1db4df53276be8c8463fd5f84,60.16829,24.94214,00000000afef4555,11.7
16168,2019-08-04T11:06:44Z,c27fee8ae8d689338b043608280c83cfa6f3276d3837ecea5f742dc3,60.16762,24.95415,000000006b44cce7,4.5
16169,2019-08-04T11:06:44Z,c2cc33e5b1b8d254d4bcbc0ffa13c9200676a39a191cc31a38d28d8d,60.17065,24.93641,000000000f4919c9,9.12
16170,2019-08-04T11:06:44Z,c2d88bc74172eb47d26ee5d739980baa7fc011b9973f9f18b482aa81,60.17065,24.93641,000000000f4919c9,17.4
16171,2019-08-04T11:06:44Z,c2e135ad2c160277e290705658ac41d7cd35b11ebf61d829fdd0b428,60.14699,24.922,00000000a53ed894,11.7
16172,2019-08-04T11:06:44Z,c3a233d5eac10085938aeedca55b9f7474c4373e5f8779ce6dec9682,60.14699,24.922,00000000a53ed894,23.56
16173,2019-08-04T11:06:44Z,c45e3c4e8ec0fc85457d3b4ed4c49ed0116b4cf447e2983f353abcd8,60.16829,24.94214,00000000afef4555,13.75
16174,2019-08-04T11:06:44Z,c55894159f2080031cda702c78ee54463c3c15ab1b3638afdf687f08,60.16531,24.9442,00000000fdda10fe,4.11
16175,2019-08-04T11:06:44Z,c5ffe1809d0314e1f74db7cbb63e9a1b59f6fdda752b423ea74be3b0,60.16897,24.95222,00000000aa852af1,27.28
16176,2019-08-04T11:06:44Z,c6a5b41d207684585e98025933e99a2376cc272052e4f7887b4184cf,60.16762,24.95415,000000006b44cce7,23.56
16177,2019-08-04T11:06:44Z,c6b0ea433c3fdc73e0bac7e3faa2690506c4e8ec7fc54210446a7ffa,60.14947,24.91438,000000004ef3150d,16.1
16178,2019-08-04T11:06:44Z,c739921adb150c53f1887c6ce887adc6cd7ae7e35e69f6e4dc52fe81,60.173,24.92524,0000000096918cfa,27.28
16179,2019-08-04T11:06:44Z,c7ced11121537f55bcd7d7ab67312226dafe7c85320c5357a35d5ab7,60.17002,24.94407,000000006b087f40,23.56
16180,2019-08-04T11:06:44Z,c8348938d0ebafd342c966ca86c2bbd8e8e661471ae04ba49b5516d8,60.16762,24.95415,000000006b44cce7,17.4
16181,2019-08-04T11:06:44Z,c990a15d27cfc21e63b7c96b95949254f1194e8b27118386a589e2bd,60.16897,24.95222,00000000aa852af1,18.79
16182,2019-08-04T11:06:44Z,cb243ad415551ce2ce45b04c75d242d5baab034bf0a7889870175500,60.16762,24.95415,000000006b44cce7,17.4
16183,2019-08-04T11:06:44Z,cb2f32be2e27fc44ead887ff7f76c0199bf68b2c6711e6880f4acd01,60.16762,24.95415,000000006b44cce7,4.5
16184,2019-08-04T11:06:44Z,cb37b8fad0bc758cf37d7ea1052f3a98f29282ae37ec635d6eb2c511,60.16762,24.95415,000000006b44cce7,13.75
16185,2019-08-04T11:06:44Z,cb835fd4fac726f1e4267acd6118f57b62a0444d69f948745a601682,60.16762,24.95415,000000006b44cce7,21.87
16186,2019-08-04T11:06:44Z,cd7d0e9404c9f4e8fab0742460b9acb4d5bbb97f44df80d4a8b973cd,60.17002,24.94407,000000006b087f40,10.78
16187,2019-08-04T11:06:44Z,d04b5065ec93818b731141027d11e6a1cf53de69b9737d7aea0c34da,60.14947,24.91438,000000004ef3150d,11.7
16188,2019-08-04T11:06:44Z,d162ad46250f7d87af446db22df4aa6b2eb2bf22f83beca34e857743,60.16762,24.95415,000000006b44cce7,7.05
16189,2019-08-04T11:06:44Z,d1b77fcfad94da8564d1a85ed1797255531e5ab26cc835800878fb26,60.17065,24.93641,000000000f4919c9,9.12
16190,2019-08-04T11:06:44Z,d20f68571773330f7b6490b006b2e952c9912b4ee05e20f0fc434698,60.16629,24.95957,00000000fb7600be,21.87
16191,2019-08-04T11:06:44Z,d23d6afa580687749de352818db606b272b579b77c6009badb4aa4a6,60.16897,24.95222,00000000aa852af1,20.28
16192,2019-08-04T11:06:44Z,d2fd0c6415d2d8e49fef3415fb8747b524191b4400a4fbb66428cb12,60.14699,24.922,00000000a53ed894,17.4
16193,2019-08-04T11:06:44Z,d4c9ea46d58288bf42808788e668072465d91dd3c874a8a51de5794e,60.16897,24.95222,00000000aa852af1,23.56
16194,2019-08-04T11:06:44Z,d6a8c97f1ec18c7a90d3beae358bad67f8d53626258a852e15b08c5d,60.14699,24.922,00000000a53ed894,12.69
16195,2019-08-04T11:06:44Z,d71a315bac918f9a18fcd820731e6d9eb54fb0d01c324ca088ef8858,60.149,24.9843,00000000fffb8cf0,27.28
16196,2019-08-04T11:06:44Z,d7b6b8f9e61c0c1181850b8880f319ea2ef58d8a3adac78d63c0d11c,60.16829,24.94214,00000000afef4555,20.28
16197,2019-08-04T11:06:44Z,d815f84ae48488758c6a413083db69302bd4661761296368c86e7721,60.16629,24.95957,00000000fb7600be,27.28
16198,2019-08-04T11:06:44Z,d82f37918d46bea29e113c6b57b901b1b960ed3337bdcce777aea476,60.17065,24.93641,000000000f4919c9,9.92
16199,2019-08-04T11:06:44Z,d83c1c2d3a3876c948e277bace6d013eafc0c4e118958e138f8b1257,60.16448,24.97323,0000000053c6c2be,27.28
16200,2019-08-04T11:06:44Z,d86f155736e4d36de5d33bdbb3b12b717b75de44852b93419af20945,60.16829,24.94214,00000000afef4555,14.89
16201,2019-08-04T11:06:44Z,da2398acaae7f39c7b80c220d4e6917bdc7655f4c71b6e36d06cb859,60.18203,24.91341,00000000342570c2,18.79
16202,2019-08-04T11:06:44Z,dabb7edec36f560d07547c2595765be02b0731b3826f93f5c41b7120,60.16762,24.95415,000000006b44cce7,7.69
16203,2019-08-04T11:06:44Z,db4d3f81708de827ce30c4130610fd65b4d6d451ca5cf6b0c4e745d9,60.16829,24.94214,00000000afef4555,31.5
16204,2019-08-04T11:06:44Z,dba25c18a94a20a35b9a27ff605b1c40fd45b0263d884645052918e5,60.16829,24.94214,00000000afef4555,23.56
16205,2019-08-04T11:06:44Z,dc4072a3cfc00cca0bde9925adc82bb9c2548af1724368561eefcbf8,60.16762,24.95415,000000006b44cce7,12.69
16206,2019-08-04T11:06:44Z,dc82f9648bb5ba21e766e0923f5fa7ca2d77662ab0edbe22a3d95631,60.14699,24.922,00000000a53ed894,7.69
16207,2019-08-04T11:06:44Z,dd8e0699822b1a8a3f8a91fcb10729f6f7cd0a4736f36dc60974c36e,60.16762,24.95415,000000006b44cce7,12.69
16208,2019-08-04T11:06:44Z,ddd0e663eb31ac94858d2a4e9af5e4782781e88c92102042190e6fcf,60.14699,24.922,00000000a53ed894,8.38
16209,2019-08-04T11:06:44Z,de48adf9d49eb3bc1d61dea4047618f6c77086fc44bd2b535d56504d,60.16762,24.95415,000000006b44cce7,6.46
16210,2019-08-04T11:06:44Z,de71e27b55ef6f2f51f05838a2fcab596f1dd93a14ece5ce4548f5c7,60.14699,24.922,00000000a53ed894,6.46
16211,2019-08-04T11:06:44Z,e081e4b3252ca91bbf1cbb70faa116d60317fbf3a991a67bc99b4bfa,60.149,24.9843,00000000fffb8cf0,14.89
16212,2019-08-04T11:06:44Z,e0859a9c906151023376d86762070f38ba1b3859e671531b0edac6cd,60.16075,24.95883,00000000f1124bca,21.87
16213,2019-08-04T11:06:44Z,e0f396cc2b1da411f0b5e36bf3102ea32378a0d38e6b153d3b303bb4,60.16762,24.95415,000000006b44cce7,9.92
16214,2019-08-04T11:06:44Z,e1da87aea335bcd04e4c876158b96ebc7ba4206bc216c3aa27a2f4af,60.17919,24.95181,000000007b5207b6,7.69
16215,2019-08-04T11:06:44Z,e26862fdcdd4688d81b8fe05d1ac94c5f9b3192ddc50d4c66ad12cc1,60.16897,24.95222,00000000aa852af1,18.79
16216,2019-08-04T11:06:44Z,e305610124e16ed1411a221b29ce69a076cc47982efd6c098b0599ab,60.14947,24.91438,000000004ef3150d,10.78
16217,2019-08-04T11:06:44Z,e3e3bac265ab2713063d7435bf5c7374dfc7dfc647fb677a030a1a49,60.18203,24.91341,00000000342570c2,20.28
16218,2019-08-04T11:06:44Z,e44d7228cecbdb2474e1cc396a6c13943f09c08c19d0ffab1997d509,60.17919,24.95181,000000007b5207b6,23.56
16219,2019-08-04T11:06:44Z,e53a901aed874016e1cd1ed3e9b2891fca850986cb2fa04f5162cf52,60.16762,24.95415,000000006b44cce7,3.74
16220,2019-08-04T11:06:44Z,e557e164cd52fd817b02cad6587a294d72b0974d9b014ad69ea5e08e,60.17919,24.95181,000000007b5207b6,11.7
16221,2019-08-04T11:06:44Z,e568360cebcddeb30a1d066a2f6a2326ac927004214bd11337d804e5,60.16762,24.95415,000000006b44cce7,9.92
16222,2019-08-04T11:06:44Z,e5928057da667903de0b6c1245e1f58273dd85d63d8af0f4eaa771de,60.16762,24.95415,000000006b44cce7,9.12
16223,2019-08-04T11:06:44Z,e5b9b4813c081a31fb498e7f9adb94918c267dfa125c63790c0d9488,60.149,24.9843,00000000fffb8cf0,2.08
16224,2019-08-04T11:06:44Z,e5e14952bf5e52bf1349479a58c0a97d702585889650948d94767608,60.16448,24.97323,0000000053c6c2be,17.4
16225,2019-08-04T11:06:44Z,e9d59e25b58f33f70aad6832863cb59d7485ca55a1575558f92b74e7,60.16897,24.95222,00000000aa852af1,7.05
16226,2019-08-04T11:06:44Z,ea38d72fbf2215d530a70d6a97dcc603a44b18d4d7ce557a91cb80bb,60.16762,24.95415,000000006b44cce7,8.38
16227,2019-08-04T11:06:44Z,eb261026c6f65b651ddf21bed629a1e164cfb500d0b78062704ec15c,60.16762,24.95415,000000006b44cce7,8.38
16228,2019-08-04T11:06:44Z,ecb1735f180422ec69f041cd2782a26c9f07d27a87893b3c30aaa9b7,60.16075,24.95883,00000000f1124bca,4.5
16229,2019-08-04T11:06:44Z,ecb5655da668bb183a5c270a96927649c323975e318184d248247099,60.16829,24.94214,00000000afef4555,10.78
16230,2019-08-04T11:06:44Z,ede13c9dc221bbc6c1daf78250fa6547303c06d7606c05ba0bf64547,60.17919,24.95181,000000007b5207b6,8.38
16231,2019-08-04T11:06:44Z,ee200a3ba703878e67370bbef4c8768feda628ad2e83512a927fec31,60.16897,24.95222,00000000aa852af1,31.5
16232,2019-08-04T11:06:44Z,eea43687eab35d2c386347881796eb1c8279076b9e9642ebc2cd06ac,60.16762,24.95415,000000006b44cce7,5.41
16233,2019-08-04T11:06:44Z,ef15ff71b7dc4c2088249a4fca7e28900ae315245a7a3b4d571bf582,60.16829,24.94214,00000000afef4555,5.91
16234,2019-08-04T11:06:44Z,ef33ccdfcdb12920eabb3306e0f86dc7e6060a5d3864b03e2de7e1ef,60.16897,24.95222,00000000aa852af1,16.1
16235,2019-08-04T11:06:44Z,ef45fdc095ee55730384922266d8fce61de212d3c3df2441ea10e524,60.14947,24.91438,000000004ef3150d,8.38
16236,2019-08-04T11:06:44Z,ef5e495c5f9d3dd9eb22ed5b8faf1cc9e4225d4785ebb26a87d16fff,60.14699,24.922,00000000a53ed894,3.09
16237,2019-08-04T11:06:44Z,f014103201b8ae8f495f8e1e04da3c934079461391d4801ee6c2faaf,60.16762,24.95415,000000006b44cce7,17.4
16238,2019-08-04T11:06:44Z,f04251ace2b79d56bee25fce26175de1bea524d390dd5cdb6b2652a8,60.14699,24.922,00000000a53ed894,23.56
16239,2019-08-04T11:06:44Z,f11c02cbebb4049a29f10d2ee6aac8a9ca3b7b9609a39d69463461a1,60.17065,24.93641,000000000f4919c9,31.5
16240,2019-08-04T11:06:44Z,f196f5f8c08299d290b3bac1944e00bb1f2c90594db66438b0c10e6e,60.16629,24.95957,00000000fb7600be,10.78
16241,2019-08-04T11:06:44Z,f2467c8ede6444941158701b7bd9d005beec9ffdb355ce2d8c7a9bfd,60.149,24.9843,00000000fffb8cf0,18.79
16242,2019-08-04T11:06:44Z,f616fbd0fde8316049c3068ae4368dc9f486f8da4bf5516e9ba82578,60.16897,24.95222,00000000aa852af1,11.7
16243,2019-08-04T11:06:44Z,f62b86ef56fa9417b0128f2fff6530aed6f2a50d3f65bbbfdcbbee59,60.16762,24.95415,000000006b44cce7,10.78
16244,2019-08-04T11:06:44Z,f65653d90604ec5056682852700fbaf1379932745358f71dd7a94809,60.16897,24.95222,00000000aa852af1,33.81
16245,2019-08-04T11:06:44Z,f77d86d6fcfc6cc5ce50a14177a7100c8967fa5947fc13e3a198e345,60.16762,24.95415,000000006b44cce7,11.7
16246,2019-08-04T11:06:44Z,f78ef2ddbe48b534137498eab56c0a55ec0e0b1d8868e82cb5652a0e,60.14699,24.922,00000000a53ed894,7.05
16247,2019-08-04T11:06:44Z,f855918d61069661cbf8633b228a5fb9e5cd5ea7b2946bfc5b9fc315,60.16829,24.94214,00000000afef4555,14.89
16248,2019-08-04T11:06:44Z,fa7594968b834a0d1060ee249e05338446068c7bcfc0800a6f73af06,60.14951,24.92138,0000000006dd41f6,20.28
16249,2019-08-04T11:06:44Z,faee9c7cf21aa61809c94dd68268377841712fc4e488b094972b6a38,60.1538,24.95595,0000000038bf9618,38.87
16250,2019-08-04T11:06:44Z,fbd28054e4a5478c8ca06f4d682405d1c59bef4853cad413ecb58d13,60.14699,24.922,00000000a53ed894,17.4
16251,2019-08-04T11:06:44Z,fdf5c0dab003c974e22f3746bfb7fa399e10ca82fcec35ba6dcd6065,60.18203,24.91341,00000000342570c2,23.56
16252,2019-08-04T11:06:45Z,004c3624f943830bc6a9f17173a2cd0996622cade5184ad2b9fba729,60.16897,24.95222,00000000aa852af1,5.91
16253,2019-08-04T11:06:45Z,048a4191e2e9ce1733556eda54c4123345c70aeced0f8ecf7d52b916,60.14699,24.922,00000000a53ed894,18.79
16254,2019-08-04T11:06:45Z,1142f5b6806b1ec7d8d47d47013eb530d8a7418f6934d8867b20966a,60.16829,24.94214,00000000afef4555,25.36
16255,2019-08-04T11:06:45Z,14c7e1511b70f4dd3359cbece1377aebb4d70531f5489eefe53d7c3c,60.16544,24.95398,0000000038d83d41,23.56
16256,2019-08-04T11:06:45Z,165ebbb4090d47319ae370f0d0854fdc1f6b79499f8b2e4d3c3533c0,60.16544,24.95398,0000000038d83d41,25.36
16257,2019-08-04T11:06:45Z,16c994bb2e24124a910c247376d16e980a65626a94c4c0aaab27df60,60.16829,24.94214,00000000afef4555,31.5
16258,2019-08-04T11:06:45Z,25a7ff811c3c06e426c7c2cbb0433d9a2a3399b23afecbd35584ab0f,60.18203,24.91341,00000000342570c2,13.75
16259,2019-08-04T11:06:45Z,269109af99b12861eeb19ab8698033d9c00895687da47af3f4310e9d,60.16762,24.95415,000000006b44cce7,4.11
16260,2019-08-04T11:06:45Z,3fe5f4ccfa5c777ceafda0674d7c9da6f509f6694b4c2fa254b32e73,60.16897,24.95222,00000000aa852af1,17.4
16261,2019-08-04T11:06:45Z,43b676ed3aef4c2d8846694817e76117873be52e7f788e0cb366c1c4,60.16629,24.95957,00000000fb7600be,23.56
16262,2019-08-04T11:06:45Z,44d0b94469070803869f229601e877beb613c3f5aafa009addf97a1a,60.16544,24.95398,0000000038d83d41,23.56
16263,2019-08-04T11:06:45Z,4656bad9b5e6dfc3977eca308fc1db3dbf8b0204b90d09b001da242e,60.1638,24.96846,00000000d747f075,20.28
16264,2019-08-04T11:06:45Z,4774d3de2115f3cfeff91dc17ed763964fe86825629003f82ee45b2b,60.16762,24.95415,000000006b44cce7,9.12
16265,2019-08-04T11:06:45Z,5d65719c4cbf045f068d084b72302f447d5fd034413d97d13be00d0e,60.18203,24.91341,00000000342570c2,21.87
16266,2019-08-04T11:06:45Z,5d8331ad0aa9ed944e254be7e373a7f29e3fb9a6db11eb92f896ad01,60.173,24.92524,0000000096918cfa,27.28
16267,2019-08-04T11:06:45Z,5eed115a984d490b02b602d73787aee8dc8c4e9365b77fbff3818a76,60.16629,24.95957,00000000fb7600be,20.28
16268,2019-08-04T11:06:45Z,69219e9efa41ae9e732653e9eaf08e1a34cb853a9dafe76ddeea4d04,60.16897,24.95222,00000000aa852af1,20.28
16269,2019-08-04T11:06:45Z,6a70e2fbced719333e21eff04fcb9cb36bae9a04d1a3d6ddd96f2c58,60.15432,24.9211,0000000019fb59c4,4.94
16270,2019-08-04T11:06:45Z,85ef35aecf2ff804be3d958b592705ec41c6df9c128c132c65bb283d,60.16897,24.95222,00000000aa852af1,23.56
16271,2019-08-04T11:06:45Z,87dfaad29a9276ddddb1fa021d3bc23ad14824c1af16f7d87e713689,60.14951,24.92138,0000000006dd41f6,10.78
16272,2019-08-04T11:06:45Z,88808fe92573e9cdf022cc15b9689b6b4b9429f60513c8897b0ba4c7,60.16897,24.95222,00000000aa852af1,27.28
16273,2019-08-04T11:06:45Z,89982a6acf91b79a282a6b63978e946ee205f303fcd20e944e06baf0,60.16544,24.95398,0000000038d83d41,36.27
16274,2019-08-04T11:06:45Z,8c3b1ed0846e38cc84b863a80540c8a75bfd85c8bdda36563d153110,60.16544,24.95398,0000000038d83d41,21.87
16275,2019-08-04T11:06:45Z,9843c6216661048343a0e49cf3d8aa2883cf77f452666a1c873a1052,60.16448,24.97323,0000000053c6c2be,12.69
16276,2019-08-04T11:06:45Z,9c8556ea519835172f09c20e7688066eeec8e7f74a0c6fa3df3d9c5f,60.16829,24.94214,00000000afef4555,21.87
16277,2019-08-04T11:06:45Z,a3758affe1deba4cd791b32946ddeaa26af8b554e4b9673dd258f229,60.1638,24.96846,00000000d747f075,38.87
16278,2019-08-04T11:06:45Z,a91d379a4b57c5df22db0d7a041ff69f657b4b31f28554b1011fc03c,60.16544,24.95398,0000000038d83d41,25.36
16279,2019-08-04T11:06:45Z,b936e41d8712ae967f3ebb413fc44f060bb10613f95537757886ede2,60.16762,24.95415,000000006b44cce7,12.69
16280,2019-08-04T11:06:45Z,c54f2dd0590c650ad3e52a68193db3173db5e74f90f69faa1e2d6bb0,60.16762,24.95415,000000006b44cce7,6.46
16281,2019-08-04T11:06:45Z,c97eb4181394121907d47b908495f54e5ee5145ff790f7a1dc21b3cf,60.16897,24.95222,00000000aa852af1,11.7
16282,2019-08-04T11:06:45Z,ca6927628f5ddda20036865c9345ad93d476d62ade3b181de568eed6,60.16897,24.95222,00000000aa852af1,20.28
16283,2019-08-04T11:06:45Z,cd2c2ce2425879ac455c812073aa8025c7bac76df380e4793edab46d,60.16829,24.94214,00000000afef4555,17.4
16284,2019-08-04T11:06:45Z,cf05623e4d87ce0906c0b0b7dbf53aacc1228016cd27c341228b6e76,60.18203,24.91341,00000000342570c2,21.87
16285,2019-08-04T11:06:45Z,cfc0bedb78ded52749db3188cb188bf6a250ef5990da9c5afa9623fc,60.14951,24.92138,0000000006dd41f6,21.87
16286,2019-08-04T11:06:45Z,e224ae5ea47af2e3048f83b13a1f45dc135c0ca6be72547b01729086,60.1538,24.95595,0000000038bf9618,27.28
16287,2019-08-04T11:06:45Z,e8e366e76c97944e23c0f80b4fd3ce6e5832744922297146a49f0c7e,60.16762,24.95415,000000006b44cce7,8.38
16288,2019-08-04T11:06:45Z,e96bd269a48b822b06141c3362fcb6d5ed4d0d09a120f2e4a712d5c2,60.16897,24.95222,00000000aa852af1,27.28
16289,2019-08-04T11:06:45Z,ed70dda6b7faebd4340dacdb452ab224d9d3c308df417b7fa76f54e8,60.14951,24.92138,0000000006dd41f6,21.87
16290,2019-08-04T11:06:45Z,f088630d7476dae7d4b7e2bb1f10575f2c89acb4b6e061f3d57c2b40,60.16531,24.9442,00000000fdda10fe,20.28
16291,2019-08-04T11:06:45Z,f31cfded6f566f9c032c80c52ea642407be312c5d42521ab7a8d3e2a,60.16897,24.95222,00000000aa852af1,14.89
16292,2019-08-04T11:06:45Z,fc4f3a44235f1cfc7b53f14ba2da599976a5a0a220d23b852688e485,60.17918,24.95141,00000000675d5200,36.27
16293,2019-08-04T11:06:45Z,fd9d6fc46d3dd22af969a344a31dd4d7e4d7c64b7d5a98ca50593069,60.17002,24.94407,000000006b087f40,33.81
16294,2019-08-04T11:06:45Z,0236a1d5b9b9d2249407a79705eee38de360ceb0530a8959ba5bc15b,60.149,24.9843,00000000fffb8cf0,13.75
16295,2019-08-04T11:06:45Z,02a354db29cd5bc16976a9d933e03a41be350f9cc78098829a7dcfd4,60.14947,24.91438,000000004ef3150d,18.79
16296,2019-08-04T11:06:45Z,03204cdd97728dc59f21f215f75460ac8fe2fa56720a88e869c6f56d,60.16829,24.94214,00000000afef4555,9.92
16297,2019-08-04T11:06:45Z,0625280cf414aa015aa8b4d504d6fc74879a1144b913e254fec5db9d,60.16762,24.95415,000000006b44cce7,5.41
16298,2019-08-04T11:06:45Z,0656a0c0a353f164b57fbdd9e648d71fab429964d97ed07ab2c5dc30,60.18203,24.91341,00000000342570c2,10.78
16299,2019-08-04T11:06:45Z,07505f028a552fd4183a9d7a436db18ae89a2dfeff0cdea93dcbe920,60.16762,24.95415,000000006b44cce7,11.7
16300,2019-08-04T11:06:45Z,07d9aa9fe10e58c26960ba10eb2f13607a7cea0226acaecbdcc52508,60.16762,24.95415,000000006b44cce7,14.89
16301,2019-08-04T11:06:45Z,08b10b51864dc039f0a07c997e66e7a263ee1cde5b0b88b2a1178c58,60.16829,24.94214,00000000afef4555,9.92
16302,2019-08-04T11:06:45Z,0a949aafc0be15c68d73a5dd186d726aa6b921f44303a712ac6ddcb8,60.16762,24.95415,000000006b44cce7,7.69
16303,2019-08-04T11:06:45Z,0b45b52bc137c31ce83561c857f809296ec70f5537976a4a4d573d4f,60.16829,24.94214,00000000afef4555,20.28
16304,2019-08-04T11:06:45Z,0b49dcea1b7eab22f4ebd0c7666ded5b59fe092b8bdd4aa9eda6326d,60.16762,24.95415,000000006b44cce7,2.08
16305,2019-08-04T11:06:45Z,0c959027ce302054b09087cac97a83aa7e24fb9e4fa2710763f912cb,60.16829,24.94214,00000000afef4555,3.09
16306,2019-08-04T11:06:45Z,0d2490ed58c11eb4a754a30cc4bcb21c7243d322a2caf7cc360e4e8c,60.17065,24.93641,000000000f4919c9,11.7
16307,2019-08-04T11:06:45Z,0e113c5ed3abcdfb31d27c3125f6cf01e3b96e4ed7eca1aaea855f77,60.14947,24.91438,000000004ef3150d,16.1
16308,2019-08-04T11:06:45Z,0fd26c6e46f4d73b276223942e56c38bc9b8e4566239f8a77261657b,60.17002,24.94407,000000006b087f40,14.89
16309,2019-08-04T11:06:45Z,117b6ba38be2f875c85c9c048106db4d2dbce58629a807d7d7773b6c,60.16762,24.95415,000000006b44cce7,7.69
16310,2019-08-04T11:06:45Z,118cffafccf902fa0dea50f220191f4eb7938f02c841bd3952fa3484,60.16762,24.95415,000000006b44cce7,18.79
16311,2019-08-04T11:06:45Z,131e957246fc0b45d57e5b4089db7d6a4efaa84772af906d65b45c63,60.17002,24.94407,000000006b087f40,21.87
16312,2019-08-04T11:06:45Z,1327ce24f157334f864f913637993c80380ce5f5c911e4b0d31c5eb7,60.149,24.9843,00000000fffb8cf0,1.7
16313,2019-08-04T11:06:45Z,135b81a7a5a9dd70569656553c100af6fdc760bcf92d9b7b48261cb1,60.16897,24.95222,00000000aa852af1,33.81
16314,2019-08-04T11:06:45Z,13b0a8ca1414d7b2b0e8d5f80069a5d26c6f62a68b58eda25a4b85f4,60.16829,24.94214,00000000afef4555,7.05
16315,2019-08-04T11:06:45Z,163dbc381da1ed6a59dda273955da51bb7f1216e1b8e226446d40e4b,60.1538,24.95595,0000000038bf9618,27.28
16316,2019-08-04T11:06:45Z,169c77f0d714e38eb1e798b14fa42ce3fefb0ec1d6f9e93a38a872f1,60.16762,24.95415,000000006b44cce7,13.75
16317,2019-08-04T11:06:45Z,182e58bd6c3c8d836225d454a878bc55d8ed5166564a22f8b635f6ff,60.14947,24.91438,000000004ef3150d,12.69
16318,2019-08-04T11:06:45Z,18adae8b6603c177e817d1e3b9ec79fcc0292682660b31bebc965a23,60.16762,24.95415,000000006b44cce7,14.89
16319,2019-08-04T11:06:45Z,1921be9815a57f11f291ca085add7b4bf1d044518b03b725df7cf7d5,60.149,24.9843,00000000fffb8cf0,7.69
16320,2019-08-04T11:06:45Z,19db84758eba08a5f9bb56b0ff91d05286765c8e8dfa31bd0b2aaa1c,60.14947,24.91438,000000004ef3150d,5.91
16321,2019-08-04T11:06:45Z,1a9a0f74c353624c42c19c007e82c9c2547b7285d8353d0e375e3f05,60.14699,24.922,00000000a53ed894,5.41
16322,2019-08-04T11:06:45Z,1bff3cb3b9be59366fdf8adbbc677a4dfbf8e116bf330c3435bc63c2,60.16897,24.95222,00000000aa852af1,21.87
16323,2019-08-04T11:06:45Z,1c38009e9b89bd8b0d6744bf54ebae9a8ad2dc2868cdfc3f2e399509,60.16829,24.94214,00000000afef4555,12.69
16324,2019-08-04T11:06:45Z,1c8c3befa38b65f707dd4933a68e5e3c9e7c82592fd382779127416b,60.16897,24.95222,00000000aa852af1,18.79
16325,2019-08-04T11:06:45Z,1ce242f8d8220cd38bf3ea9138c99ae9b2f79b28e68edb864f090ec9,60.149,24.9843,00000000fffb8cf0,23.56
16326,2019-08-04T11:06:45Z,1d98e850f88f1888cd7aef84cadbc3754faef1c6223256f5553ee4f8,60.16762,24.95415,000000006b44cce7,20.28
16327,2019-08-04T11:06:45Z,1de509b10ed308796e82bb0f51f17f68e2fdfbcc3d6bed69c40eb7fd,60.173,24.92524,0000000096918cfa,29.32
16328,2019-08-04T11:06:45Z,1e3efbe25e19c47f81e4c501d1fd56cf506c3da4b57b10fc8c953dd5,60.16762,24.95415,000000006b44cce7,25.36
16329,2019-08-04T11:06:45Z,1fa2c533bba37b249a0105001153733e67a559d40c22cab67f135f64,60.14947,24.91438,000000004ef3150d,7.05
16330,2019-08-04T11:06:45Z,210efef5a51ca0e6ee1b6d62b522bfe9117f462f15ba78edfbe259ef,60.16762,24.95415,000000006b44cce7,14.89
16331,2019-08-04T11:06:45Z,21e1b0aebd1c050ac0463a0269b847e7e94b782ed10399e5e749817f,60.16829,24.94214,00000000afef4555,29.32
16332,2019-08-04T11:06:45Z,227b93698b29687beea48184f42aab63a21fa362af7251be32db2e15,60.16531,24.9442,00000000fdda10fe,6.46
16333,2019-08-04T11:06:45Z,23786c82e2641aed0e0b004658480a212bf0397568e914487819045c,60.16897,24.95222,00000000aa852af1,17.4
16334,2019-08-04T11:06:45Z,23b7c1b09dfbcbf722a4c48303dd0435cf9885a516d5eebb6538844f,60.16762,24.95415,000000006b44cce7,8.38
16335,2019-08-04T11:06:45Z,25e686fb6693c3c71a3b4011029571f609d325d2d2ee6ed5225fae8d,60.14947,24.91438,000000004ef3150d,44.58
16336,2019-08-04T11:06:45Z,2724e42551f43106ea58a8fcc6a43953baa1294cd65e17a90012f706,60.17065,24.93641,000000000f4919c9,0.41
16337,2019-08-04T11:06:45Z,28741c2e5e348fe81dec0518a21c0930c98a25b6fcece61a262d50de,60.14699,24.922,00000000a53ed894,12.69
16338,2019-08-04T11:06:45Z,28e8a4ccd08ea244e028ee358d7ae5359a02107234c2cafd1415ccec,60.16829,24.94214,00000000afef4555,20.28
16339,2019-08-04T11:06:45Z,2977d3c4f181abb6662adf1d466a62167e2690a9c94dc53e5aa6a904,60.16762,24.95415,000000006b44cce7,12.69
16340,2019-08-04T11:06:45Z,29b5f09785ef76627c2a3f043e1182d11fbd3a465422544c7478aa1c,60.16897,24.95222,00000000aa852af1,4.11
16341,2019-08-04T11:06:45Z,29f5adc4d67413b7d368e8e94a41cf48339e3f5f0903f660170c4fe8,60.17918,24.95141,00000000675d5200,23.56
16342,2019-08-04T11:06:45Z,2c85e4140ca0ba77c3598ceac05eb2c2342409ce8111c863fc58c606,60.16829,24.94214,00000000afef4555,23.56
16343,2019-08-04T11:06:45Z,2de87ef94604fb63bec05eefb71b6cdd0b9807f8551159c2a35e7259,60.17065,24.93641,000000000f4919c9,3.4
16344,2019-08-04T11:06:45Z,2e6e6f89a7d75f0742d016de203c9acc8d6f6bdeb7b56bd12f482653,60.15432,24.9211,0000000019fb59c4,13.75
16345,2019-08-04T11:06:45Z,3004b57f95861dcbc505cbe89ab781674966526a063bee7072de8aba,60.16829,24.94214,00000000afef4555,4.5
16346,2019-08-04T11:06:45Z,30bee351808d5e8082ce012b57f5bc0efc80f8394491a182e0eeee32,60.17918,24.95141,00000000675d5200,14.89
16347,2019-08-04T11:06:45Z,31659a798f1d780d587f07390c038a78fafa6cabb8180dba635863ce,60.17002,24.94407,000000006b087f40,10.78
16348,2019-08-04T11:06:45Z,3226c88241c6ac9d643c1843f44b6e5ee10df5f15a695e360582a9be,60.16829,24.94214,00000000afef4555,20.28
16349,2019-08-04T11:06:45Z,3417d8a6b53687e70f126ebeb1d26a2ff6369dc9a551c3c35c5a04f9,60.17002,24.94407,000000006b087f40,21.87
16350,2019-08-04T11:06:45Z,34cf37df412ff36df19ebe47ecdd31e5a22355a1fa723a748ac901fd,60.16762,24.95415,000000006b44cce7,9.92
16351,2019-08-04T11:06:45Z,34ebfbffd9a126421b335e852aa094b727786622ade7757b36f67b57,60.18203,24.91341,00000000342570c2,29.32
16352,2019-08-04T11:06:45Z,35f337dd3baf0bc08002ec007d609b685ac29bb2a8bcad6783532a6b,60.16829,24.94214,00000000afef4555,16.1
16353,2019-08-04T11:06:45Z,3670a148a52771f0ff5af161725f65b86873c09eea1a7697861c0438,60.14699,24.922,00000000a53ed894,17.4
16354,2019-08-04T11:06:45Z,3714758c60c781bb53981cf52f78b930f4cb22bf27a3dc596f48ab2e,60.16762,24.95415,000000006b44cce7,16.1
16355,2019-08-04T11:06:45Z,374083907dd8980893623726af5633afd59b519c885ad12ba5c674eb,60.17002,24.94407,000000006b087f40,7.69
16356,2019-08-04T11:06:45Z,38561a086c97342a24583c26b33205da50e3e973a8147fe016a4a9ff,60.16829,24.94214,00000000afef4555,6.46
16357,2019-08-04T11:06:45Z,386dea4944e0b83648b4b6faf510fd47b0e9e29a2bb9311fe8a80ee2,60.17918,24.95141,00000000675d5200,9.92
16358,2019-08-04T11:06:45Z,395134265ad60f36cbb21b92db8d3db4d07bd71836d174cbf1a09224,60.16829,24.94214,00000000afef4555,9.92
16359,2019-08-04T11:06:45Z,39e2f2a7b03cda9f877366363a3727edfefd16d2221e752dafc33634,60.17002,24.94407,000000006b087f40,17.4
16360,2019-08-04T11:06:45Z,3ac9d056b0f04f774b238a125eb996d46437f7a8c5f6ba6712e971cf,60.17918,24.95141,00000000675d5200,8.38
16361,2019-08-04T11:06:45Z,3b355c039877bd4883845f3fc6ad8dd6f41f170274042f1397585680,60.149,24.9843,00000000fffb8cf0,16.1
16362,2019-08-04T11:06:45Z,3b4dda811f084f91b7dd61344c97aa6cac444a02d825183d53cca5d0,60.16762,24.95415,000000006b44cce7,29.32
16363,2019-08-04T11:06:45Z,3daa2205b02453faa04e23c0bf80d6d22d657277425f07e4fc424dbc,60.16762,24.95415,000000006b44cce7,9.92
16364,2019-08-04T11:06:45Z,3f5d3aed90718f7fb8e8a13ac7002718cc22cbe190beb96821ba52e6,60.17065,24.93641,000000000f4919c9,20.28
16365,2019-08-04T11:06:45Z,3f67c6713a6cca446a46616c9970c7a2ddffb03f21e10c8ea9b2f380,60.16897,24.95222,00000000aa852af1,14.89
16366,2019-08-04T11:06:45Z,40d64df305477f26745a445a97098d36570a8e02616b93a3f562bb21,60.16629,24.95957,00000000fb7600be,17.4
16367,2019-08-04T11:06:45Z,42d34a6c595760e51052178acc978bdb2b6348e0405f7b58c57f0915,60.16829,24.94214,00000000afef4555,20.28
16368,2019-08-04T11:06:45Z,430248827311f2a35f35eddf73299c91aca3dbf8e22471fff5844932,60.16544,24.95398,0000000038d83d41,21.87
16369,2019-08-04T11:06:45Z,439ff6b8ff9dc79d47e223164a87fc2d620f29bc7ea1bc7ea4c5cc58,60.16897,24.95222,00000000aa852af1,16.1
16370,2019-08-04T11:06:45Z,44703b8dd01d3bd79585c9c7e12217e1ac152f86e2b0c9ed6be4bc19,60.16544,24.95398,0000000038d83d41,29.32
16371,2019-08-04T11:06:45Z,4472fa277123afabdf2402fc2a3c5bff2be437e6d56b590278de70fc,60.17065,24.93641,000000000f4919c9,23.56
16372,2019-08-04T11:06:45Z,448f6044c6c095d8c71341a0017dd6746f6e150f03af7c78b794308f,60.16762,24.95415,000000006b44cce7,7.05
16373,2019-08-04T11:06:45Z,4538bf4d0ca02f13fad76c46f7b34e72978c49b0cdfe4ea9fe151a50,60.16762,24.95415,000000006b44cce7,7.69
16374,2019-08-04T11:06:45Z,465eab28635efe98500085ceb161cf941d02272a0107fbbfb2203c29,60.16829,24.94214,00000000afef4555,12.69
16375,2019-08-04T11:06:45Z,46b576e18e757fc4ec008b41d3c28ec5415a2c2c2f143042e5413137,60.16762,24.95415,000000006b44cce7,4.11
16376,2019-08-04T11:06:45Z,46b81e0dd10fe05195c050bacd41d57feeca0e044b6b317ac22a8656,60.16762,24.95415,000000006b44cce7,12.69
16377,2019-08-04T11:06:45Z,474c1d4ef0fa3c491e44755d0374e003730bcfdbda15e3af17bd0aaa,60.14699,24.922,00000000a53ed894,12.69
16378,2019-08-04T11:06:45Z,47f787c639f2eed345eb5dca409ffcd989850399a1ab781500dd6e82,60.17918,24.95141,00000000675d5200,4.5
16379,2019-08-04T11:06:45Z,4833b1ea4f519407574f5a838d93a39de28c756c5f53de7ee273b577,60.14947,24.91438,000000004ef3150d,7.69
16380,2019-08-04T11:06:45Z,49084ae4b6419be9e7bb0c9b1420142e07d6ac3c17c07c26895461ed,60.16829,24.94214,00000000afef4555,13.75
16381,2019-08-04T11:06:45Z,4954540aca30f8f56f918178fbd53ee48ddef7a231d425061f6b2f6f,60.18203,24.91341,00000000342570c2,18.79
16382,2019-08-04T11:06:45Z,49b391c05bd4e5231579392d798036a0139a8ea4e4d4509a7cb3901f,60.16829,24.94214,00000000afef4555,23.56
16383,2019-08-04T11:06:45Z,49d6f6bd5878bfac30a67fe92d1501b5b09cab38ab2b35b661902f0d,60.14947,24.91438,000000004ef3150d,29.32
16384,2019-08-04T11:06:45Z,4a54cbed9c373a4136f8851f3f5736eb2fadd5766d316eb5ebbdd231,60.17918,24.95141,00000000675d5200,14.89
16385,2019-08-04T11:06:45Z,4a912b6c106b63933a8c9cc39598823bcb2c94d4b1cc8a5d55cb3972,60.16829,24.94214,00000000afef4555,2.8
16386,2019-08-04T11:06:45Z,4b5b3e8f2b484bc08b196c265f65c70151bd69f6263318eb29125db2,60.16829,24.94214,00000000afef4555,8.38
16387,2019-08-04T11:06:45Z,4cf634fc84e128c3b9bce07a4b726d136e18f0eea4229fdbb48f6db1,60.16897,24.95222,00000000aa852af1,12.69
16388,2019-08-04T11:06:45Z,4f64a0a452cd28e15e79c60cbb361761817de946431b04ad87c6d513,60.16897,24.95222,00000000aa852af1,20.28
16389,2019-08-04T11:06:45Z,50226a39439d2ed5533146619120156613d51e9e9536885ab84d2e8c,60.17002,24.94407,000000006b087f40,27.28
16390,2019-08-04T11:06:45Z,52c7e30dd19b4e037fdee5b80dfcb2fa85be4a3f1d132c2fea1cfe90,60.16762,24.95415,000000006b44cce7,18.79
16391,2019-08-04T11:06:45Z,52daa31a2b3c1c07f78d96ebb4de3a965da5ef0a8035afbd0f7451fb,60.16531,24.9442,00000000fdda10fe,23.56
16392,2019-08-04T11:06:45Z,538f05c49f43aea0fda8bfcfd03d1ac2fc05b55d83fda538cd91e2a4,60.16762,24.95415,000000006b44cce7,14.89
16393,2019-08-04T11:06:45Z,542a405b620e6d166ecc5eadd979b3936d831cea3aa7b75316adb4ca,60.16897,24.95222,00000000aa852af1,23.56
16394,2019-08-04T11:06:45Z,54d53f276563f566e1cd61b100408412cf78b4fe9fcada830aa6e23b,60.14947,24.91438,000000004ef3150d,16.1
16395,2019-08-04T11:06:45Z,5518b2315c236d486c7a5a4fc27c44987672b2f9a0751ffdaa9cbf78,60.16829,24.94214,00000000afef4555,11.7
16396,2019-08-04T11:06:45Z,55db840c0ab0998cc666beac96e2ebbb86074ce40799e791e7e7f299,60.16829,24.94214,00000000afef4555,27.28
16397,2019-08-04T11:06:45Z,56101419005237b836e4ed14d91dfa6f9edc4c92b5fcb419943897bb,60.16762,24.95415,000000006b44cce7,10.78
16398,2019-08-04T11:06:45Z,56318cc7f3616fceec2564cbb1f6ca8b88ea861935a1ada93aafd7b0,60.16897,24.95222,00000000aa852af1,11.7
16399,2019-08-04T11:06:45Z,565a35900ed1794a9d566f6fc12f2710875a10eb7c8e6fa0ddd92626,60.14699,24.922,00000000a53ed894,9.92
16400,2019-08-04T11:06:45Z,56d473e2a8c6e4edede96e4d51006d4608d8087f1bdcfbb7232338b6,60.16762,24.95415,000000006b44cce7,14.89
16401,2019-08-04T11:06:45Z,571934189bf349efb6f596e76c21612cf9b82ed44913090169936048,60.17065,24.93641,000000000f4919c9,20.28
16402,2019-08-04T11:06:45Z,57c18d130ad69349b277ca5c9a8d08b8052199b006fd962607a95ba2,60.16762,24.95415,000000006b44cce7,17.4
16403,2019-08-04T11:06:45Z,58c5faa3a5a33380286fc185676e8f2764cdde5a6dc9f43eee9d3b0c,60.16448,24.97323,0000000053c6c2be,23.56
16404,2019-08-04T11:06:45Z,58ee8fd47328b1c696ec343920f2c0353d19a915924eb6f6f2638e56,60.16762,24.95415,000000006b44cce7,9.92
16405,2019-08-04T11:06:45Z,59b87e6921598d25b092b66e140328fa03c9f06fe4e697dd344f378a,60.17002,24.94407,000000006b087f40,36.27
16406,2019-08-04T11:06:45Z,5a730ea19664020323272509e5443616ea3f1cecd7b295e294be4ba7,60.14947,24.91438,000000004ef3150d,7.69
16407,2019-08-04T11:06:45Z,5d9aa6fcb0d81ceaa80ca13cc08a88138be517656646e0ba0942ce46,60.16897,24.95222,00000000aa852af1,5.91
16408,2019-08-04T11:06:45Z,6138e6ab3e1e74425af8945a6fcc294c1469a0b9c448b780bcf9d2e2,60.14699,24.922,00000000a53ed894,18.79
16409,2019-08-04T11:06:45Z,62cac4a0e252305e1128942dc3ec48baaa514c6737c415f85abb3665,60.1538,24.95595,0000000038bf9618,36.27
16410,2019-08-04T11:06:45Z,62d86ee13e6ae7a5c41ffc2de746df72d4ef6e8d2b6a51ce1c68965f,60.16829,24.94214,00000000afef4555,8.38
16411,2019-08-04T11:06:45Z,62e27092b58abcaf80564c408d0d4a7b821abaee92dc2f02ccb11e61,60.16762,24.95415,000000006b44cce7,7.05
16412,2019-08-04T11:06:45Z,64d10ef0926ecca987bad278990d966d8fac8775f03847d1f5a4a2f6,60.16762,24.95415,000000006b44cce7,4.94
16413,2019-08-04T11:06:45Z,658aacab016460cfc38879944e374640737b32d7291a40aed8b8845c,60.16897,24.95222,00000000aa852af1,20.28
16414,2019-08-04T11:06:45Z,66755836036c771e53ffd9d0dc09b8575231b53b80af22e868691a2a,60.14699,24.922,00000000a53ed894,6.46
16415,2019-08-04T11:06:45Z,697103160f0b3dc0ba38ccdd18203ae84ec35fc314322d1172c093b2,60.16829,24.94214,00000000afef4555,20.28
16416,2019-08-04T11:06:45Z,69852d528034ea6fc746ed8942c32f1c90bc33a7a7317dfac3c9b1c1,60.14699,24.922,00000000a53ed894,7.05
16417,2019-08-04T11:06:45Z,69d8c906060e226ff0f0f7e78029575f2ee07ebec657a3b641419268,60.14699,24.922,00000000a53ed894,18.79
16418,2019-08-04T11:06:45Z,6a0ef27c461c686b1a51504b40c03c455e047bf9777bf46808e0ca04,60.16762,24.95415,000000006b44cce7,11.7
16419,2019-08-04T11:06:45Z,6ac1903c80e63433e4bc744dc0e801bff647117d38d3753fb9a6a4c1,60.173,24.92524,0000000096918cfa,10.78
16420,2019-08-04T11:06:45Z,6ac8fdd67b3dd11f0bae935f3a285880138382088238b97f511d3f12,60.16897,24.95222,00000000aa852af1,17.4
16421,2019-08-04T11:06:45Z,6e492dbc3f10157e7ff00826a839a97262ab36244ccc57b702a89999,60.16531,24.9442,00000000fdda10fe,5.41
16422,2019-08-04T11:06:45Z,6eeb71c74d753822f920829149d942cf52b726b0b83c5aa3e6cb132e,60.16762,24.95415,000000006b44cce7,17.4
16423,2019-08-04T11:06:45Z,6faf62fbff92729472d61bc9a13a5e72833e55bf713863161f8ca9cb,60.15432,24.9211,0000000019fb59c4,21.87
16424,2019-08-04T11:06:45Z,70ffae2b8178e0915c5de7816f8dd8bcc3af745ee49df8ac4da4adba,60.17918,24.95141,00000000675d5200,18.79
16425,2019-08-04T11:06:45Z,714e80a1e3c0fee43e312f314b2faec47e582ee8dac47e4818dbc2f9,60.149,24.9843,00000000fffb8cf0,4.94
16426,2019-08-04T11:06:45Z,71516fc8349cfaf2b5c4ab80ade6078494d93d13e9953af15e5ced30,60.18203,24.91341,00000000342570c2,17.4
16427,2019-08-04T11:06:45Z,71c1367c7dea4dfa243172e02b9092c7a0810bef003216681759891e,60.16897,24.95222,00000000aa852af1,21.87
16428,2019-08-04T11:06:45Z,730d975773cc8c9c07ff88fb87377ff64a961a96e9237e59859fa46f,60.16762,24.95415,000000006b44cce7,9.12
16429,2019-08-04T11:06:45Z,7552783317be1ef797980c3a9ee9c5967d4e7b32765f23c51ffda02d,60.16897,24.95222,00000000aa852af1,13.75
16430,2019-08-04T11:06:45Z,75d452cbba63995ad06213b577081e8db650c80b3a78060789a8e831,60.16762,24.95415,000000006b44cce7,7.69
16431,2019-08-04T11:06:45Z,7804799a34d94440ab3520238b9ab58a0466b4230cd360f0f2159075,60.16762,24.95415,000000006b44cce7,13.75
16432,2019-08-04T11:06:45Z,79bde23c1a8980f93a65e14306f0d8ea89e164430d8b991e2bfee82e,60.16531,24.9442,00000000fdda10fe,17.4
16433,2019-08-04T11:06:45Z,7afc351f0ed7619c18c64ab06971196bb53d53e2d460151ab711bc0f,60.16762,24.95415,000000006b44cce7,14.89
16434,2019-08-04T11:06:45Z,7c55ecf165387948602e82b684a55be093691849fde2d96ad6574475,60.17065,24.93641,000000000f4919c9,11.7
16435,2019-08-04T11:06:45Z,7ddcdde2316659d0fa4b8597b86430e095ea0bc7f3564a9d05fc60f8,60.16897,24.95222,00000000aa852af1,10.78
16436,2019-08-04T11:06:45Z,7de4ba54f0d667a69cb0b6d625856bc6b040f51a42f91beae366a269,60.16762,24.95415,000000006b44cce7,4.5
16437,2019-08-04T11:06:45Z,7e78b2348d9576c63ebb626030ee9d43e2bf07e860782adf3f1c452b,60.16829,24.94214,00000000afef4555,11.7
16438,2019-08-04T11:06:45Z,7ea276abbe2f1bfd85b2493f7b4c801189e673c0b4dc987d2c8e30dc,60.14699,24.922,00000000a53ed894,14.89
16439,2019-08-04T11:06:45Z,7eefc5581c616491b78192b28b519ba727dc884a87bc06b8df1ea4f2,60.14699,24.922,00000000a53ed894,9.12
16440,2019-08-04T11:06:45Z,822590bd49bcf7ed4de4f8389586915c343b29c4283ff8b90d7c1d39,60.17065,24.93641,000000000f4919c9,17.4
16441,2019-08-04T11:06:45Z,8297451faaa5e60a751a03f6ffafc7dfecaa715efc6af3a5762bb833,60.17002,24.94407,000000006b087f40,27.28
16442,2019-08-04T11:06:45Z,82ac749474448abac333d00869cb8b508872f86293913d95eae26a05,60.15432,24.9211,0000000019fb59c4,5.41
16443,2019-08-04T11:06:45Z,82cddd3b9f58762d36efe78da4e2722ee587cfdb3fdbc58b52673082,60.16629,24.95957,00000000fb7600be,21.87
16444,2019-08-04T11:06:45Z,842340aa39a680a5c969b20db5027c8e1b123077045e8046a997391a,60.16448,24.97323,0000000053c6c2be,25.36
16445,2019-08-04T11:06:45Z,844b8ad6ebf530978d1139d527a681991f4d3eed6be5bc723f0b2192,60.16531,24.9442,00000000fdda10fe,1.88
16446,2019-08-04T11:06:45Z,849d6a476563b352092dcda35e816833b571b7f630e7ff8617d9b7da,60.16829,24.94214,00000000afef4555,20.28
16447,2019-08-04T11:06:45Z,87ea10367f1569e575dc4bc60f0f4238eafb52ba8a2cc8e5e4584232,60.16829,24.94214,00000000afef4555,18.79
16448,2019-08-04T11:06:45Z,87f4cf4baea8c5dfe1bc7812cc969574058bd4d2dda215192bcfc53f,60.14699,24.922,00000000a53ed894,4.11
16449,2019-08-04T11:06:45Z,886032718e05487be8bd75bb14464814044c7edd7f9a2198304f6fb4,60.16629,24.95957,00000000fb7600be,13.75
16450,2019-08-04T11:06:45Z,886be57d80b2439f18ec46acad131b3c75896a035716db96c2e0f80d,60.14951,24.92138,0000000006dd41f6,25.36
16451,2019-08-04T11:06:45Z,8ab70baa822768852fe312b760df7dbcb1a0fec7f2ba601146b9928c,60.16629,24.95957,00000000fb7600be,18.79
16452,2019-08-04T11:06:45Z,8c4e4851db86ec4a3ce29a58be770eb29c38b9a983351bb67d781982,60.16897,24.95222,00000000aa852af1,9.12
16453,2019-08-04T11:06:45Z,8ca6cbf91a04db796810f40ee019369f331d79472e4acd09f75cbac8,60.16829,24.94214,00000000afef4555,16.1
16454,2019-08-04T11:06:45Z,8e32f03aa51152a06255173f7dc5aaa2c75cef6f6aa829bd51fea777,60.16762,24.95415,000000006b44cce7,16.1
16455,2019-08-04T11:06:45Z,8f3d9ab893ae4a48fd3417f3a749c21e792779990ae0ad75a8f211de,60.1538,24.95595,0000000038bf9618,27.28
16456,2019-08-04T11:06:45Z,8f7fec0a4f5d4eb0710dd40c356e0c82dbd9360772fade341a50ba37,60.14699,24.922,00000000a53ed894,31.5
16457,2019-08-04T11:06:45Z,904a40e32a081181211d67e5dc7925882d2f4ef3b813b03d0133e26d,60.16629,24.95957,00000000fb7600be,14.89
16458,2019-08-04T11:06:45Z,90b12d2b9898702fd62b343512e0d53796ae38decdf704e203a0cc39,60.16829,24.94214,00000000afef4555,20.28
16459,2019-08-04T11:06:45Z,90b7d8f14917734bd6d4f571c04fb22cc4bbc6ac49ce9454fc684345,60.16629,24.95957,00000000fb7600be,29.32
16460,2019-08-04T11:06:45Z,91602a694bc74a2874ba7f02a7bae062a3a77cd869b86a74800415b8,60.17918,24.95141,00000000675d5200,18.79
16461,2019-08-04T11:06:45Z,92df20d921f76c63470e3f5afbe201d3ae15f5133f66c291db796082,60.16629,24.95957,00000000fb7600be,17.4
16462,2019-08-04T11:06:45Z,93272ad17155ea9499641eda7c5560691582116096278b82738ab21e,60.14699,24.922,00000000a53ed894,9.92
16463,2019-08-04T11:06:45Z,934bab75e2a2354910288b01c44fdfda4a87f92ac010109f641b3122,60.14699,24.922,00000000a53ed894,25.36
16464,2019-08-04T11:06:45Z,94ac9d6e79236013b9fa24e1c52123819228f6962b5952637ca80fcb,60.16762,24.95415,000000006b44cce7,14.89
16465,2019-08-04T11:06:45Z,951482f3e2e41b496e34885c346c4a7ab09427178119caa9b8bbcbb6,60.14947,24.91438,000000004ef3150d,29.32
16466,2019-08-04T11:06:45Z,97490f522f1a0226c8f7e8ed7bca08dd71b63d80b46d38020127b868,60.14699,24.922,00000000a53ed894,7.69
16467,2019-08-04T11:06:45Z,998ac46ad73c197bab1f36dca67d8bcaa3aca92249185a5e3715043f,60.17065,24.93641,000000000f4919c9,20.28
16468,2019-08-04T11:06:45Z,99b998b07243afd316e6fa57636b0ab6761b9c2a6f0fe050eae40c08,60.16762,24.95415,000000006b44cce7,6.46
16469,2019-08-04T11:06:45Z,9a15818661648ac52397eb07c2a7e553abd2976975b1a85d45bbe907,60.16829,24.94214,00000000afef4555,29.32
16470,2019-08-04T11:06:45Z,9a49d0b5a67fba15ce8971503f6fea88994b33487a842397c5e8564f,60.16762,24.95415,000000006b44cce7,3.74
16471,2019-08-04T11:06:45Z,9ab0a60cb60531417ac6ec5ebc6ef591d2f39019c6b0bcb5a89101a2,60.14699,24.922,00000000a53ed894,9.12
16472,2019-08-04T11:06:45Z,9b24f69458294d27d07a0169665965135fd02f4c953f85bcebf4ba87,60.16762,24.95415,000000006b44cce7,9.92
16473,2019-08-04T11:06:45Z,9b4b0705e58750d2bcbd71ad65d85677f7e77db5dfe69d1a70b5d31f,60.17918,24.95141,00000000675d5200,8.38
16474,2019-08-04T11:06:45Z,9bc50d931d6c1678284177395958d15f05b45d60ae7bc09fe1e1694e,60.16762,24.95415,000000006b44cce7,6.46
16475,2019-08-04T11:06:45Z,9bc91538b73e0220fcf5cd07290c07d56f6f48d3ba0ba6b6b0876da9,60.17065,24.93641,000000000f4919c9,3.4
16476,2019-08-04T11:06:45Z,9bef562c292174f1eb3933116effff74a8733a78e5c1df140de3fd6c,60.17919,24.95181,000000007b5207b6,4.11
16477,2019-08-04T11:06:45Z,9c0b1d2c4c67c07e547e810a94efeaaa1187ae82977e03748470281c,60.16897,24.95222,00000000aa852af1,17.4
16478,2019-08-04T11:06:45Z,9ced7d70503ba24882b6e283fa95ce42e02c1a3618adeb448558c50c,60.16897,24.95222,00000000aa852af1,17.4
16479,2019-08-04T11:06:45Z,9d257e93b3b434881323dfc68df4331a76989017df05c1cdef2d2215,60.14951,24.92138,0000000006dd41f6,36.27
16480,2019-08-04T11:06:45Z,9dda6ec06356b345040c379fd73bf923f7eac951cb2eb9cdc43dd5bb,60.173,24.92524,0000000096918cfa,27.28
16481,2019-08-04T11:06:45Z,9eb1e9bfdceb76ef852f89ebd82139602125f9731b791465e1c21f81,60.16829,24.94214,00000000afef4555,20.28
16482,2019-08-04T11:06:45Z,a066e2044b486819fe2185765f63ed87f8d10c502f26a01be1f1a758,60.149,24.9843,00000000fffb8cf0,27.28
16483,2019-08-04T11:06:45Z,a0ec1a8d581f94e640a6858a674699d2464ec065e6faea9d4ce2a13b,60.16762,24.95415,000000006b44cce7,7.69
16484,2019-08-04T11:06:45Z,a20a11944d9440f1f8e4ea6262408f673f2a8380c4e13dda1a073d8d,60.16897,24.95222,00000000aa852af1,20.28
16485,2019-08-04T11:06:45Z,a25b897b52089b243421b68349d3f15e60ce8249d11c889a4626bfc7,60.18203,24.91341,00000000342570c2,25.36
16486,2019-08-04T11:06:45Z,a2f0adf51cb9d2a5417cc0797183513a8bbcecfbc717a1b63e42027d,60.16762,24.95415,000000006b44cce7,9.12
16487,2019-08-04T11:06:45Z,a30740fbf4b7e21f6fe2996e9325c90936de161cb2165e87cd96fd35,60.149,24.9843,00000000fffb8cf0,16.1
16488,2019-08-04T11:06:45Z,a3664d77633807788598dd8d4a7ba8caba2c31bfdcb6ba83651d4e7e,60.173,24.92524,0000000096918cfa,27.28
16489,2019-08-04T11:06:45Z,a3c1a4a58b9381c27b1d5076e0d8d72039afccfb0e58438a80247324,60.16762,24.95415,000000006b44cce7,3.4
16490,2019-08-04T11:06:45Z,a43bf710535a327abcc01467b69f5bc7209e67e9c0af21e2891fcc2e,60.16762,24.95415,000000006b44cce7,9.92
16491,2019-08-04T11:06:45Z,a44eda7b8ec58e1cd7c078a73c4da7fb0037d59453aa6bfe69b7cbdd,60.16762,24.95415,000000006b44cce7,7.05
16492,2019-08-04T11:06:45Z,a50e0bb8fd1ad4ad264c3246b210a0c6285faae591c1bd2c2c3458af,60.16829,24.94214,00000000afef4555,20.28
16493,2019-08-04T11:06:45Z,a5d632ac8ffc19a626de034d3c9444fd262ee6edada285c816ea9266,60.16531,24.9442,00000000fdda10fe,5.41
16494,2019-08-04T11:06:45Z,a6ad4305e4e49cc67b63665ffb182e72c67646f3554a9aedcd188b67,60.16829,24.94214,00000000afef4555,27.28
16495,2019-08-04T11:06:45Z,a81c19fb85eebf853246cdc4d8e38245dfa5ba15c180eaa1bcc0378d,60.16829,24.94214,00000000afef4555,11.7
16496,2019-08-04T11:06:45Z,a98fc06dc605583814a2aa182295b88f81657ef2daeee7aaec792e7c,60.16762,24.95415,000000006b44cce7,5.91
16497,2019-08-04T11:06:45Z,aa45859d6157e9e86470ec8b81957acc35bafb1b7f419d79357a38cf,60.16829,24.94214,00000000afef4555,8.38
16498,2019-08-04T11:06:45Z,ab1377ddf669bb806f8db586f4ce5ab9f0f4257dda61fe800d8509f5,60.17065,24.93641,000000000f4919c9,17.4
16499,2019-08-04T11:06:45Z,ab6e8769f50a15ea5e0d64f48aaa12886b7599a18cc0eb071a21ae5f,60.16762,24.95415,000000006b44cce7,12.69
16500,2019-08-04T11:06:45Z,ac4679e3db131ec2ea8e1111c8aa0d71020cf8796ecb11f142478394,60.14947,24.91438,000000004ef3150d,9.92
16501,2019-08-04T11:06:45Z,ac5c7e04b55d6d70659e5b8f4705309b9367c78a0edb7ce85f42c181,60.1538,24.95595,0000000038bf9618,21.87
16502,2019-08-04T11:06:45Z,ae2143f0fab3405d38da14312fd801d7d7524534cd3ffeadc631feb0,60.149,24.9843,00000000fffb8cf0,27.28
16503,2019-08-04T11:06:45Z,ae3cda5066e455d4b1e58860e8fb7a35efad69b9964a676b476b0687,60.14947,24.91438,000000004ef3150d,4.5
16504,2019-08-04T11:06:45Z,af1f585f49208e1fbee26901291156bd1e47ca2e139e39031df68833,60.16762,24.95415,000000006b44cce7,18.79
16505,2019-08-04T11:06:45Z,b0d6202ccd1560eaf57c06931cb6466332e41068ad2963e515819015,60.17918,24.95141,00000000675d5200,18.79
16506,2019-08-04T11:06:45Z,b2298fc6f63c02481610f9aef24f1a0c1711c255adc43c0fe135c1ca,60.14947,24.91438,000000004ef3150d,18.79
16507,2019-08-04T11:06:45Z,b3266ecf36a984b814e1b2d31b447438bd948a9c116721480104792f,60.16829,24.94214,00000000afef4555,18.79
16508,2019-08-04T11:06:45Z,b3406cc312560021fe26349bbf8874aff81b8c0e84c4ad32bbbad109,60.149,24.9843,00000000fffb8cf0,33.81
16509,2019-08-04T11:06:45Z,b4c8900041e9f8751755d3940ceac58419e6370cd81cdb90d7800de1,60.14699,24.922,00000000a53ed894,23.56
16510,2019-08-04T11:06:45Z,b5cdbcdc30e0bf653ce353c867708b0067db5e394c8cbe848d978a77,60.14699,24.922,00000000a53ed894,4.94
16511,2019-08-04T11:06:45Z,b5f80d159e59c4558e49ea6fb68f6bc72ee9eb92bee60991bdf4e46f,60.16762,24.95415,000000006b44cce7,7.05
16512,2019-08-04T11:06:45Z,b601cd655bb9f05aa6ec86fc9eb9300c3bc20bc0e856e94ad168a257,60.14947,24.91438,000000004ef3150d,7.69
16513,2019-08-04T11:06:45Z,b61c6a5634cffe7dead72d5f6730e8439bee6dd2286d9df8f3052e3c,60.16762,24.95415,000000006b44cce7,7.69
16514,2019-08-04T11:06:45Z,b81a9bf449d3e64ad0181804598330bbf305f384b888935023742c79,60.173,24.92524,0000000096918cfa,20.28
16515,2019-08-04T11:06:45Z,b81e65168ea3278486b1c954ab229bc2eda3fe07098e824f05cd0ac4,60.149,24.9843,00000000fffb8cf0,23.56
16516,2019-08-04T11:06:45Z,b8f5834e6b992cf5568ae3153fb4b07e97b7f6dd01250851134c1824,60.149,24.9843,00000000fffb8cf0,23.56
16517,2019-08-04T11:06:45Z,ba288a5fd2befbc9ed08e7876ad7cb2bd8bfe6f5756d2ffe8e2dc558,60.17002,24.94407,000000006b087f40,13.75
16518,2019-08-04T11:06:45Z,ba41edadb3a9722bc59efaca71897a33593d0f17301c4bf560fd23e1,60.16762,24.95415,000000006b44cce7,13.75
16519,2019-08-04T11:06:45Z,bbf7d8b9085ddcd3b94f55f93b52cb40a251c44f5df4099ba5b61471,60.16829,24.94214,00000000afef4555,7.69
16520,2019-08-04T11:06:45Z,bc07df8cc395f6f4f5d483b2233caca5f93a6918f346e4cc3702f8cc,60.16531,24.9442,00000000fdda10fe,21.87
16521,2019-08-04T11:06:45Z,bdc8bd416444be70683b3475302093428e4abe14284e9579617fe8ea,60.1638,24.96846,00000000d747f075,27.28
16522,2019-08-04T11:06:45Z,c012e9e2caf1002d24e53817bb1279becdfc4aa9dba085e93ddd88e9,60.17002,24.94407,000000006b087f40,21.87
16523,2019-08-04T11:06:45Z,c1ca9629c5ebd58052fb4c627ab87542db3ca242430d22b727f46bce,60.16762,24.95415,000000006b44cce7,8.38
16524,2019-08-04T11:06:45Z,c2086d5cd92d4f8ed97396f4da919248c0bd5f6d2edcc04866c1f70e,60.16762,24.95415,000000006b44cce7,10.78
16525,2019-08-04T11:06:45Z,c27fee8ae8d689338b043608280c83cfa6f3276d3837ecea5f742dc3,60.16762,24.95415,000000006b44cce7,3.4
16526,2019-08-04T11:06:45Z,c2cc33e5b1b8d254d4bcbc0ffa13c9200676a39a191cc31a38d28d8d,60.17065,24.93641,000000000f4919c9,31.5
16527,2019-08-04T11:06:45Z,c2d88bc74172eb47d26ee5d739980baa7fc011b9973f9f18b482aa81,60.17065,24.93641,000000000f4919c9,27.28
16528,2019-08-04T11:06:45Z,c2e135ad2c160277e290705658ac41d7cd35b11ebf61d829fdd0b428,60.14699,24.922,00000000a53ed894,16.1
16529,2019-08-04T11:06:45Z,c3bcfa24a3eb00d12af36ffc44bd4e0aaa4622d07716ad95a8a361e4,60.16531,24.9442,00000000fdda10fe,18.79
16530,2019-08-04T11:06:45Z,c45e3c4e8ec0fc85457d3b4ed4c49ed0116b4cf447e2983f353abcd8,60.16829,24.94214,00000000afef4555,8.38
16531,2019-08-04T11:06:45Z,c55894159f2080031cda702c78ee54463c3c15ab1b3638afdf687f08,60.16531,24.9442,00000000fdda10fe,10.78
16532,2019-08-04T11:06:45Z,c5ffe1809d0314e1f74db7cbb63e9a1b59f6fdda752b423ea74be3b0,60.16897,24.95222,00000000aa852af1,20.28
16533,2019-08-04T11:06:45Z,c6b0ea433c3fdc73e0bac7e3faa2690506c4e8ec7fc54210446a7ffa,60.14947,24.91438,000000004ef3150d,16.1
16534,2019-08-04T11:06:45Z,c7160ae9aa31ca4dba615425303b1e527f342ede653be387ee54389c,60.149,24.9843,00000000fffb8cf0,21.87
16535,2019-08-04T11:06:45Z,c7ced11121537f55bcd7d7ab67312226dafe7c85320c5357a35d5ab7,60.17002,24.94407,000000006b087f40,31.5
16536,2019-08-04T11:06:45Z,c8f8a7a901c692af2aec8031d27f0b7efc946f113895771f87fefe1c,60.14947,24.91438,000000004ef3150d,47.69
16537,2019-08-04T11:06:45Z,c990a15d27cfc21e63b7c96b95949254f1194e8b27118386a589e2bd,60.16897,24.95222,00000000aa852af1,17.4
16538,2019-08-04T11:06:45Z,ca9ba013f86583100bfa841287733d9985b9d5e28a116525c40a4b40,60.16762,24.95415,000000006b44cce7,12.69
16539,2019-08-04T11:06:45Z,cb2f32be2e27fc44ead887ff7f76c0199bf68b2c6711e6880f4acd01,60.16762,24.95415,000000006b44cce7,5.41
16540,2019-08-04T11:06:45Z,cc696789aed7ee6ea1dff48eae7da441c3a3ccb4f18ab60ba702c91f,60.16762,24.95415,000000006b44cce7,17.4
16541,2019-08-04T11:06:45Z,cd7d0e9404c9f4e8fab0742460b9acb4d5bbb97f44df80d4a8b973cd,60.17002,24.94407,000000006b087f40,5.91
16542,2019-08-04T11:06:45Z,cddbfc3b0a1459f0ea8d553779cf320d512cac6e64976182f2f0b3b7,60.16829,24.94214,00000000afef4555,13.75
16543,2019-08-04T11:06:45Z,d04b5065ec93818b731141027d11e6a1cf53de69b9737d7aea0c34da,60.14947,24.91438,000000004ef3150d,11.7
16544,2019-08-04T11:06:45Z,d162ad46250f7d87af446db22df4aa6b2eb2bf22f83beca34e857743,60.16762,24.95415,000000006b44cce7,5.91
16545,2019-08-04T11:06:45Z,d1b77fcfad94da8564d1a85ed1797255531e5ab26cc835800878fb26,60.17065,24.93641,000000000f4919c9,17.4
16546,2019-08-04T11:06:45Z,d25e926dba8aa2c77f46ada32671b08b1176455c0e3693d160b87744,60.16762,24.95415,000000006b44cce7,23.56
16547,2019-08-04T11:06:45Z,d2b816bfc9982b3f48d8baa389dc18ef7a57d3dcba72567b2865e2e2,60.16762,24.95415,000000006b44cce7,9.12
16548,2019-08-04T11:06:45Z,d2fd0c6415d2d8e49fef3415fb8747b524191b4400a4fbb66428cb12,60.14699,24.922,00000000a53ed894,11.7
16549,2019-08-04T11:06:45Z,d3bad9334d128332fc483e10ef1b77c28e5a75ac55be4de71c6b2f9f,60.16829,24.94214,00000000afef4555,16.1
16550,2019-08-04T11:06:45Z,d6a8c97f1ec18c7a90d3beae358bad67f8d53626258a852e15b08c5d,60.14699,24.922,00000000a53ed894,6.46
16551,2019-08-04T11:06:45Z,d71a315bac918f9a18fcd820731e6d9eb54fb0d01c324ca088ef8858,60.149,24.9843,00000000fffb8cf0,21.87
16552,2019-08-04T11:06:45Z,d7b6b8f9e61c0c1181850b8880f319ea2ef58d8a3adac78d63c0d11c,60.16829,24.94214,00000000afef4555,16.1
16553,2019-08-04T11:06:45Z,d82f37918d46bea29e113c6b57b901b1b960ed3337bdcce777aea476,60.17065,24.93641,000000000f4919c9,16.1
16554,2019-08-04T11:06:45Z,d83c1c2d3a3876c948e277bace6d013eafc0c4e118958e138f8b1257,60.16448,24.97323,0000000053c6c2be,29.32
16555,2019-08-04T11:06:45Z,d86f155736e4d36de5d33bdbb3b12b717b75de44852b93419af20945,60.16829,24.94214,00000000afef4555,14.89
16556,2019-08-04T11:06:45Z,da2398acaae7f39c7b80c220d4e6917bdc7655f4c71b6e36d06cb859,60.18203,24.91341,00000000342570c2,16.1
16557,2019-08-04T11:06:45Z,dabb7edec36f560d07547c2595765be02b0731b3826f93f5c41b7120,60.16762,24.95415,000000006b44cce7,5.41
16558,2019-08-04T11:06:45Z,db45583e1f7aaaf54e100214986dfc86aa755383e86d361639a5b19b,60.16762,24.95415,000000006b44cce7,3.74
16559,2019-08-04T11:06:45Z,db4d3f81708de827ce30c4130610fd65b4d6d451ca5cf6b0c4e745d9,60.16829,24.94214,00000000afef4555,17.4
16560,2019-08-04T11:06:45Z,dc534c1cb5eb7f34b6b57bd93c8d9acb2685ba264563f6f388d09923,60.16762,24.95415,000000006b44cce7,8.38
16561,2019-08-04T11:06:45Z,dc82f9648bb5ba21e766e0923f5fa7ca2d77662ab0edbe22a3d95631,60.14699,24.922,00000000a53ed894,7.69
16562,2019-08-04T11:06:45Z,dd8e0699822b1a8a3f8a91fcb10729f6f7cd0a4736f36dc60974c36e,60.16762,24.95415,000000006b44cce7,10.78
16563,2019-08-04T11:06:45Z,ddd0e663eb31ac94858d2a4e9af5e4782781e88c92102042190e6fcf,60.14699,24.922,00000000a53ed894,10.78
16564,2019-08-04T11:06:45Z,de48adf9d49eb3bc1d61dea4047618f6c77086fc44bd2b535d56504d,60.16762,24.95415,000000006b44cce7,2.8
16565,2019-08-04T11:06:45Z,de71e27b55ef6f2f51f05838a2fcab596f1dd93a14ece5ce4548f5c7,60.14699,24.922,00000000a53ed894,3.74
16566,2019-08-04T11:06:45Z,e081e4b3252ca91bbf1cbb70faa116d60317fbf3a991a67bc99b4bfa,60.149,24.9843,00000000fffb8cf0,16.1
16567,2019-08-04T11:06:45Z,e0859a9c906151023376d86762070f38ba1b3859e671531b0edac6cd,60.16075,24.95883,00000000f1124bca,14.89
16568,2019-08-04T11:06:45Z,e0d7e8b332ca8514428ab10acf6d3a6b777da62ff8ea3e18d9b32989,60.16762,24.95415,000000006b44cce7,9.92
16569,2019-08-04T11:06:45Z,e1da87aea335bcd04e4c876158b96ebc7ba4206bc216c3aa27a2f4af,60.17918,24.95141,00000000675d5200,16.1
16570,2019-08-04T11:06:45Z,e26862fdcdd4688d81b8fe05d1ac94c5f9b3192ddc50d4c66ad12cc1,60.16897,24.95222,00000000aa852af1,20.28
16571,2019-08-04T11:06:45Z,e29168791ccd18013b58845430388cc5aac537e7e1c618aeb78900a8,60.16897,24.95222,00000000aa852af1,18.79
16572,2019-08-04T11:06:45Z,e32e078697e70d6e3cb4b156ada3a4756315227b125615d7b5c116a7,60.16762,24.95415,000000006b44cce7,10.78
16573,2019-08-04T11:06:45Z,e44d7228cecbdb2474e1cc396a6c13943f09c08c19d0ffab1997d509,60.17918,24.95141,00000000675d5200,11.7
16574,2019-08-04T11:06:45Z,e53a901aed874016e1cd1ed3e9b2891fca850986cb2fa04f5162cf52,60.16762,24.95415,000000006b44cce7,4.11
16575,2019-08-04T11:06:45Z,e557e164cd52fd817b02cad6587a294d72b0974d9b014ad69ea5e08e,60.17918,24.95141,00000000675d5200,2.3
16576,2019-08-04T11:06:45Z,e5b9b4813c081a31fb498e7f9adb94918c267dfa125c63790c0d9488,60.149,24.9843,00000000fffb8cf0,20.28
16577,2019-08-04T11:06:45Z,e9d59e25b58f33f70aad6832863cb59d7485ca55a1575558f92b74e7,60.16897,24.95222,00000000aa852af1,7.69
16578,2019-08-04T11:06:45Z,ea38d72fbf2215d530a70d6a97dcc603a44b18d4d7ce557a91cb80bb,60.16762,24.95415,000000006b44cce7,4.11
16579,2019-08-04T11:06:45Z,ec485175d2b7a2c53d03bf546aee134c116d998976601b069570c6f9,60.14699,24.922,00000000a53ed894,18.79
16580,2019-08-04T11:06:45Z,ecb1735f180422ec69f041cd2782a26c9f07d27a87893b3c30aaa9b7,60.16075,24.95883,00000000f1124bca,4.5
16581,2019-08-04T11:06:45Z,ecb5655da668bb183a5c270a96927649c323975e318184d248247099,60.16829,24.94214,00000000afef4555,21.87
16582,2019-08-04T11:06:45Z,ede13c9dc221bbc6c1daf78250fa6547303c06d7606c05ba0bf64547,60.17918,24.95141,00000000675d5200,6.46
16583,2019-08-04T11:06:45Z,ef15ff71b7dc4c2088249a4fca7e28900ae315245a7a3b4d571bf582,60.16829,24.94214,00000000afef4555,16.1
16584,2019-08-04T11:06:45Z,ef45fdc095ee55730384922266d8fce61de212d3c3df2441ea10e524,60.14947,24.91438,000000004ef3150d,9.12
16585,2019-08-04T11:06:45Z,ef5e495c5f9d3dd9eb22ed5b8faf1cc9e4225d4785ebb26a87d16fff,60.14699,24.922,00000000a53ed894,7.05
16586,2019-08-04T11:06:45Z,f014103201b8ae8f495f8e1e04da3c934079461391d4801ee6c2faaf,60.16762,24.95415,000000006b44cce7,11.7
16587,2019-08-04T11:06:45Z,f110acae92fec55c6caca5de864773a6b99e5b8d6e2fdf8d1bdbc759,60.16762,24.95415,000000006b44cce7,4.94
16588,2019-08-04T11:06:45Z,f11c02cbebb4049a29f10d2ee6aac8a9ca3b7b9609a39d69463461a1,60.17065,24.93641,000000000f4919c9,33.81
16589,2019-08-04T11:06:45Z,f196f5f8c08299d290b3bac1944e00bb1f2c90594db66438b0c10e6e,60.16629,24.95957,00000000fb7600be,12.69
16590,2019-08-04T11:06:45Z,f1d44b9d3710849eba7eab0b6646053378aa5f8ee3491ec2522f3c44,60.14947,24.91438,000000004ef3150d,21.87
16591,2019-08-04T11:06:45Z,f4b9fc6acb673aea24fe00dfbe806b81fedab0c2ea82d781f7659ce5,60.16762,24.95415,000000006b44cce7,4.11
16592,2019-08-04T11:06:45Z,f4d26ae126823696432a1ee8b64c4597c5718078c834460cde5746ad,60.16897,24.95222,00000000aa852af1,25.36
16593,2019-08-04T11:06:45Z,f5ffa3dbcdd5592ac31344cb04a7a6d639109a4d6e196fa0df3990dd,60.17065,24.93641,000000000f4919c9,29.32
16594,2019-08-04T11:06:45Z,f616fbd0fde8316049c3068ae4368dc9f486f8da4bf5516e9ba82578,60.16897,24.95222,00000000aa852af1,9.92
16595,2019-08-04T11:06:45Z,f62b86ef56fa9417b0128f2fff6530aed6f2a50d3f65bbbfdcbbee59,60.16762,24.95415,000000006b44cce7,13.75
16596,2019-08-04T11:06:45Z,f78ef2ddbe48b534137498eab56c0a55ec0e0b1d8868e82cb5652a0e,60.14699,24.922,00000000a53ed894,13.75
16597,2019-08-04T11:06:45Z,f855918d61069661cbf8633b228a5fb9e5cd5ea7b2946bfc5b9fc315,60.16829,24.94214,00000000afef4555,16.1
16598,2019-08-04T11:06:45Z,f9f42c3132515705c0013fb8e137897c93844d24acc22cb4ac9384a0,60.149,24.9843,00000000fffb8cf0,6.46
16599,2019-08-04T11:06:45Z,fa1579394f4980e1fe11248f7be4e646b601a3d8cdb9361f182d066c,60.16762,24.95415,000000006b44cce7,10.78
16600,2019-08-04T11:06:45Z,fa7594968b834a0d1060ee249e05338446068c7bcfc0800a6f73af06,60.14951,24.92138,0000000006dd41f6,21.87
16601,2019-08-04T11:06:45Z,fb37b263777ffcf7fe1fb6484821cae2b8beb03b5f5009109748dedb,60.16762,24.95415,000000006b44cce7,9.92
16602,2019-08-04T11:06:45Z,fbd28054e4a5478c8ca06f4d682405d1c59bef4853cad413ecb58d13,60.14699,24.922,00000000a53ed894,21.87
16603,2019-08-04T11:06:45Z,fbea754bd1d1bd41d31d255adcdfb67b3b4c052fc59db33eb47c25b4,60.16897,24.95222,00000000aa852af1,29.32
16604,2019-08-04T11:06:46Z,004c3624f943830bc6a9f17173a2cd0996622cade5184ad2b9fba729,60.16897,24.95222,00000000aa852af1,8.38
16605,2019-08-04T11:06:46Z,09ddbf38333e76a79fd836112bd8c3f8bf7f3dadfb3d49945ad4c486,60.16897,24.95222,00000000aa852af1,5.91
16606,2019-08-04T11:06:46Z,1142f5b6806b1ec7d8d47d47013eb530d8a7418f6934d8867b20966a,60.16829,24.94214,00000000afef4555,16.1
16607,2019-08-04T11:06:46Z,128f1b89d7a534aa206a7823b692594bbd4d349761baa04c0fc72f2c,60.14947,24.91438,000000004ef3150d,11.7
16608,2019-08-04T11:06:46Z,14c7e1511b70f4dd3359cbece1377aebb4d70531f5489eefe53d7c3c,60.16544,24.95398,0000000038d83d41,25.36
16609,2019-08-04T11:06:46Z,165ebbb4090d47319ae370f0d0854fdc1f6b79499f8b2e4d3c3533c0,60.16544,24.95398,0000000038d83d41,23.56
16610,2019-08-04T11:06:46Z,16c994bb2e24124a910c247376d16e980a65626a94c4c0aaab27df60,60.16829,24.94214,00000000afef4555,21.87
16611,2019-08-04T11:06:46Z,198d6432c579dae0d7ddda6591eb377ca6c01888de802f89ab84b98a,60.16544,24.95398,0000000038d83d41,25.36
16612,2019-08-04T11:06:46Z,25a7ff811c3c06e426c7c2cbb0433d9a2a3399b23afecbd35584ab0f,60.18203,24.91341,00000000342570c2,11.7
16613,2019-08-04T11:06:46Z,2e4af02bc2421faac1f506a147ddb9b76076386be53415223aca4bde,60.16762,24.95415,000000006b44cce7,8.38
16614,2019-08-04T11:06:46Z,2f296f178903769d80a34f17a1beef377e041852b35742df84ce7c59,60.16829,24.94214,00000000afef4555,29.32
16615,2019-08-04T11:06:46Z,3b5cafe90982db26cf737b2e4cd4275276f6a031bca3b2a1f73023b2,60.14699,24.922,00000000a53ed894,13.75
16616,2019-08-04T11:06:46Z,3fe5f4ccfa5c777ceafda0674d7c9da6f509f6694b4c2fa254b32e73,60.16897,24.95222,00000000aa852af1,16.1
16617,2019-08-04T11:06:46Z,43b676ed3aef4c2d8846694817e76117873be52e7f788e0cb366c1c4,60.16629,24.95957,00000000fb7600be,27.28
16618,2019-08-04T11:06:46Z,44d0b94469070803869f229601e877beb613c3f5aafa009addf97a1a,60.16544,24.95398,0000000038d83d41,38.87
16619,2019-08-04T11:06:46Z,4656bad9b5e6dfc3977eca308fc1db3dbf8b0204b90d09b001da242e,60.1638,24.96846,00000000d747f075,23.56
16620,2019-08-04T11:06:46Z,5d65719c4cbf045f068d084b72302f447d5fd034413d97d13be00d0e,60.18203,24.91341,00000000342570c2,18.79
16621,2019-08-04T11:06:46Z,5eed115a984d490b02b602d73787aee8dc8c4e9365b77fbff3818a76,60.16629,24.95957,00000000fb7600be,18.79
16622,2019-08-04T11:06:46Z,69219e9efa41ae9e732653e9eaf08e1a34cb853a9dafe76ddeea4d04,60.16897,24.95222,00000000aa852af1,21.87
16623,2019-08-04T11:06:46Z,6a70e2fbced719333e21eff04fcb9cb36bae9a04d1a3d6ddd96f2c58,60.15432,24.9211,0000000019fb59c4,7.05
16624,2019-08-04T11:06:46Z,6f06341f358e61699fe1e55e986dd0554bc8da28b91daf0c5ad99db6,60.16629,24.95957,00000000fb7600be,18.79
16625,2019-08-04T11:06:46Z,85ef35aecf2ff804be3d958b592705ec41c6df9c128c132c65bb283d,60.16897,24.95222,00000000aa852af1,20.28
16626,2019-08-04T11:06:46Z,87dfaad29a9276ddddb1fa021d3bc23ad14824c1af16f7d87e713689,60.14951,24.92138,0000000006dd41f6,9.92
16627,2019-08-04T11:06:46Z,88808fe92573e9cdf022cc15b9689b6b4b9429f60513c8897b0ba4c7,60.16897,24.95222,00000000aa852af1,18.79
16628,2019-08-04T11:06:46Z,89982a6acf91b79a282a6b63978e946ee205f303fcd20e944e06baf0,60.16544,24.95398,0000000038d83d41,25.36
16629,2019-08-04T11:06:46Z,8c3b1ed0846e38cc84b863a80540c8a75bfd85c8bdda36563d153110,60.16544,24.95398,0000000038d83d41,21.87
16630,2019-08-04T11:06:46Z,92aae21a6e0dd2ff71fc591b64e878502bd4677b64ac413632e9f7c6,60.149,24.9843,00000000fffb8cf0,21.87
16631,2019-08-04T11:06:46Z,9843c6216661048343a0e49cf3d8aa2883cf77f452666a1c873a1052,60.16448,24.97323,0000000053c6c2be,12.69
16632,2019-08-04T11:06:46Z,9992834418850939882f3b334eee492eb98d4f9d6d6118f9ee108793,60.16762,24.95415,000000006b44cce7,5.41
16633,2019-08-04T11:06:46Z,9c8556ea519835172f09c20e7688066eeec8e7f74a0c6fa3df3d9c5f,60.16829,24.94214,00000000afef4555,21.87
16634,2019-08-04T11:06:46Z,b936e41d8712ae967f3ebb413fc44f060bb10613f95537757886ede2,60.16762,24.95415,000000006b44cce7,9.12
16635,2019-08-04T11:06:46Z,c40c37def6bf11a63a2556519a7c6233fd417cdeea2cf14f28e7c42c,60.16531,24.9442,00000000fdda10fe,20.28
16636,2019-08-04T11:06:46Z,c54f2dd0590c650ad3e52a68193db3173db5e74f90f69faa1e2d6bb0,60.16762,24.95415,000000006b44cce7,4.5
16637,2019-08-04T11:06:46Z,c97eb4181394121907d47b908495f54e5ee5145ff790f7a1dc21b3cf,60.16897,24.95222,00000000aa852af1,10.78
16638,2019-08-04T11:06:46Z,ca6927628f5ddda20036865c9345ad93d476d62ade3b181de568eed6,60.16897,24.95222,00000000aa852af1,20.28
16639,2019-08-04T11:06:46Z,cd2c2ce2425879ac455c812073aa8025c7bac76df380e4793edab46d,60.16829,24.94214,00000000afef4555,18.79
16640,2019-08-04T11:06:46Z,ce197d5eedb5498917afe7ca3f7275ffeb191f0c5d050bffa154c1d2,60.16531,24.9442,00000000fdda10fe,29.32
16641,2019-08-04T11:06:46Z,cf05623e4d87ce0906c0b0b7dbf53aacc1228016cd27c341228b6e76,60.18203,24.91341,00000000342570c2,17.4
16642,2019-08-04T11:06:46Z,cfc0bedb78ded52749db3188cb188bf6a250ef5990da9c5afa9623fc,60.14951,24.92138,0000000006dd41f6,23.56
16643,2019-08-04T11:06:46Z,dbeb00942457ba3c5fb1984b57b1dedb268c0e761e80729b939f1fd8,60.16544,24.95398,0000000038d83d41,27.28
16644,2019-08-04T11:06:46Z,e224ae5ea47af2e3048f83b13a1f45dc135c0ca6be72547b01729086,60.1538,24.95595,0000000038bf9618,27.28
16645,2019-08-04T11:06:46Z,e8690c2d1711bc10f2d1251a3b5b1e770b98c66c384760400c604de1,60.16829,24.94214,00000000afef4555,21.87
16646,2019-08-04T11:06:46Z,f088630d7476dae7d4b7e2bb1f10575f2c89acb4b6e061f3d57c2b40,60.16531,24.9442,00000000fdda10fe,23.56
16647,2019-08-04T11:06:46Z,f30a5193aa7850aac581b8dd71512a8712c96f36fdef78d8292d4788,60.16762,24.95415,000000006b44cce7,2.8
16648,2019-08-04T11:06:46Z,f31cfded6f566f9c032c80c52ea642407be312c5d42521ab7a8d3e2a,60.16897,24.95222,00000000aa852af1,12.69
16649,2019-08-04T11:06:46Z,fc4f3a44235f1cfc7b53f14ba2da599976a5a0a220d23b852688e485,60.17919,24.95181,000000007b5207b6,9.12
16650,2019-08-04T11:06:46Z,0236a1d5b9b9d2249407a79705eee38de360ceb0530a8959ba5bc15b,60.149,24.9843,00000000fffb8cf0,14.89
16651,2019-08-04T11:06:46Z,02a354db29cd5bc16976a9d933e03a41be350f9cc78098829a7dcfd4,60.14947,24.91438,000000004ef3150d,20.28
16652,2019-08-04T11:06:46Z,03515f2dd8be9a829b8b55cec8dc0f87b3e51368f8f16e4c4014d547,60.16762,24.95415,000000006b44cce7,13.75
16653,2019-08-04T11:06:46Z,0495ba0a1c04e0262f37eaa32084a173acc00638a16e76bb922b97dd,60.16762,24.95415,000000006b44cce7,7.05
16654,2019-08-04T11:06:46Z,07d9aa9fe10e58c26960ba10eb2f13607a7cea0226acaecbdcc52508,60.16762,24.95415,000000006b44cce7,9.12
16655,2019-08-04T11:06:46Z,08833115ba0f62666fee594662c171563759459bb5f65ffdfeaeaed1,60.18203,24.91341,00000000342570c2,33.81
16656,2019-08-04T11:06:46Z,096c3b0de1dab1407cd4d3330546404c0d62ce025924420496380f89,60.16762,24.95415,000000006b44cce7,9.12
16657,2019-08-04T11:06:46Z,0a949aafc0be15c68d73a5dd186d726aa6b921f44303a712ac6ddcb8,60.16762,24.95415,000000006b44cce7,10.78
16658,2019-08-04T11:06:46Z,0b45b52bc137c31ce83561c857f809296ec70f5537976a4a4d573d4f,60.16829,24.94214,00000000afef4555,18.79
16659,2019-08-04T11:06:46Z,0b49dcea1b7eab22f4ebd0c7666ded5b59fe092b8bdd4aa9eda6326d,60.16762,24.95415,000000006b44cce7,1.38
16660,2019-08-04T11:06:46Z,0c959027ce302054b09087cac97a83aa7e24fb9e4fa2710763f912cb,60.16829,24.94214,00000000afef4555,3.4
16661,2019-08-04T11:06:46Z,0d2490ed58c11eb4a754a30cc4bcb21c7243d322a2caf7cc360e4e8c,60.17065,24.93641,000000000f4919c9,29.32
16662,2019-08-04T11:06:46Z,0e113c5ed3abcdfb31d27c3125f6cf01e3b96e4ed7eca1aaea855f77,60.14947,24.91438,000000004ef3150d,9.92
16663,2019-08-04T11:06:46Z,0fd26c6e46f4d73b276223942e56c38bc9b8e4566239f8a77261657b,60.17002,24.94407,000000006b087f40,25.36
16664,2019-08-04T11:06:46Z,10ca87ada637a6524de98a11c8d3d3d3cfa8f7f5ea839b29c2b132a0,60.16762,24.95415,000000006b44cce7,13.75
16665,2019-08-04T11:06:46Z,1107822441d53ff89eb9cb0d022a37202aed47bd82dca4bc175d6837,60.16762,24.95415,000000006b44cce7,3.74
16666,2019-08-04T11:06:46Z,116e59da308964e8eb82cb6e5a758aad726ec3800f0fa17bc661e8fe,60.16762,24.95415,000000006b44cce7,12.69
16667,2019-08-04T11:06:46Z,117b6ba38be2f875c85c9c048106db4d2dbce58629a807d7d7773b6c,60.16762,24.95415,000000006b44cce7,13.75
16668,2019-08-04T11:06:46Z,119ff796b6f8676a292e54f9895ab0954e5ebc578a9000a0d9b7b38e,60.16531,24.9442,00000000fdda10fe,29.32
16669,2019-08-04T11:06:46Z,1327ce24f157334f864f913637993c80380ce5f5c911e4b0d31c5eb7,60.149,24.9843,00000000fffb8cf0,1.54
16670,2019-08-04T11:06:46Z,135b81a7a5a9dd70569656553c100af6fdc760bcf92d9b7b48261cb1,60.16897,24.95222,00000000aa852af1,18.79
16671,2019-08-04T11:06:46Z,13b0a8ca1414d7b2b0e8d5f80069a5d26c6f62a68b58eda25a4b85f4,60.16829,24.94214,00000000afef4555,10.78
16672,2019-08-04T11:06:46Z,1556d4a76070c26554efa12b4b9c53766a4cc394e8b74ee37f2fff65,60.17065,24.93641,000000000f4919c9,3.74
16673,2019-08-04T11:06:46Z,163dbc381da1ed6a59dda273955da51bb7f1216e1b8e226446d40e4b,60.1538,24.95595,0000000038bf9618,25.36
16674,2019-08-04T11:06:46Z,182e58bd6c3c8d836225d454a878bc55d8ed5166564a22f8b635f6ff,60.14947,24.91438,000000004ef3150d,11.7
16675,2019-08-04T11:06:46Z,1921be9815a57f11f291ca085add7b4bf1d044518b03b725df7cf7d5,60.149,24.9843,00000000fffb8cf0,10.78
16676,2019-08-04T11:06:46Z,19db84758eba08a5f9bb56b0ff91d05286765c8e8dfa31bd0b2aaa1c,60.14947,24.91438,000000004ef3150d,6.46
16677,2019-08-04T11:06:46Z,1a06b5f7f305badd45e93db9d86d76ed3a2a96ec55ec47c836921e3e,60.16762,24.95415,000000006b44cce7,9.92
16678,2019-08-04T11:06:46Z,1a9a0f74c353624c42c19c007e82c9c2547b7285d8353d0e375e3f05,60.14699,24.922,00000000a53ed894,6.46
16679,2019-08-04T11:06:46Z,1bff3cb3b9be59366fdf8adbbc677a4dfbf8e116bf330c3435bc63c2,60.16897,24.95222,00000000aa852af1,25.36
16680,2019-08-04T11:06:46Z,1c38009e9b89bd8b0d6744bf54ebae9a8ad2dc2868cdfc3f2e399509,60.16829,24.94214,00000000afef4555,9.92
16681,2019-08-04T11:06:46Z,1dacfb371d75dd4f90f447aac2a00faad98beb4188a6971c19eb2375,60.16629,24.95957,00000000fb7600be,25.36
16682,2019-08-04T11:06:46Z,1de509b10ed308796e82bb0f51f17f68e2fdfbcc3d6bed69c40eb7fd,60.173,24.92524,0000000096918cfa,27.28
16683,2019-08-04T11:06:46Z,1fa2c533bba37b249a0105001153733e67a559d40c22cab67f135f64,60.14947,24.91438,000000004ef3150d,20.28
16684,2019-08-04T11:06:46Z,227b93698b29687beea48184f42aab63a21fa362af7251be32db2e15,60.16531,24.9442,00000000fdda10fe,3.74
16685,2019-08-04T11:06:46Z,23b4a8c7918ca417eab83481a710fd544e1fa8bf7073b5955c0155c8,60.14699,24.922,00000000a53ed894,21.87
16686,2019-08-04T11:06:46Z,2671a156fa8d8bb05970481c8f83bcf9f261f73dae27f2bb9ac88aeb,60.14699,24.922,00000000a53ed894,21.87
16687,2019-08-04T11:06:46Z,26a4ff30aad95332c4b603e9e728a10486413889de9d2c4573524923,60.14699,24.922,00000000a53ed894,12.69
16688,2019-08-04T11:06:46Z,2724e42551f43106ea58a8fcc6a43953baa1294cd65e17a90012f706,60.17065,24.93641,000000000f4919c9,0.84
16689,2019-08-04T11:06:46Z,277125506ba4ea1afb2c696256b262e0708d43c30c769a1d4a382a76,60.16762,24.95415,000000006b44cce7,13.75
16690,2019-08-04T11:06:46Z,28741c2e5e348fe81dec0518a21c0930c98a25b6fcece61a262d50de,60.14699,24.922,00000000a53ed894,8.38
16691,2019-08-04T11:06:46Z,28e8a4ccd08ea244e028ee358d7ae5359a02107234c2cafd1415ccec,60.16829,24.94214,00000000afef4555,21.87
16692,2019-08-04T11:06:46Z,296a0ffe230305a3d37818a0369b56c99dacdd5df5a161bf238e1084,60.16762,24.95415,000000006b44cce7,3.4
16693,2019-08-04T11:06:46Z,2977d3c4f181abb6662adf1d466a62167e2690a9c94dc53e5aa6a904,60.16762,24.95415,000000006b44cce7,18.79
16694,2019-08-04T11:06:46Z,29b5f09785ef76627c2a3f043e1182d11fbd3a465422544c7478aa1c,60.16897,24.95222,00000000aa852af1,5.41
16695,2019-08-04T11:06:46Z,29f5adc4d67413b7d368e8e94a41cf48339e3f5f0903f660170c4fe8,60.17918,24.95141,00000000675d5200,11.7
16696,2019-08-04T11:06:46Z,2a334446463c0c30b6183affed3493e5b0fefc5fae3085991b3159ea,60.16829,24.94214,00000000afef4555,21.87
16697,2019-08-04T11:06:46Z,2c85e4140ca0ba77c3598ceac05eb2c2342409ce8111c863fc58c606,60.16829,24.94214,00000000afef4555,25.36
16698,2019-08-04T11:06:46Z,2ccaeb30423977ff22b6afc29243b861b476a5f4ffafdf200d326d78,60.17002,24.94407,000000006b087f40,17.4
16699,2019-08-04T11:06:46Z,2d0349a4148a147b05e00cd46c137dd208ba2a8ce9327b493615f1a6,60.16829,24.94214,00000000afef4555,23.56
16700,2019-08-04T11:06:46Z,2de87ef94604fb63bec05eefb71b6cdd0b9807f8551159c2a35e7259,60.17065,24.93641,000000000f4919c9,10.78
16701,2019-08-04T11:06:46Z,2e6e6f89a7d75f0742d016de203c9acc8d6f6bdeb7b56bd12f482653,60.15432,24.9211,0000000019fb59c4,14.89
16702,2019-08-04T11:06:46Z,3004b57f95861dcbc505cbe89ab781674966526a063bee7072de8aba,60.16829,24.94214,00000000afef4555,4.94
16703,2019-08-04T11:06:46Z,30bee351808d5e8082ce012b57f5bc0efc80f8394491a182e0eeee32,60.17919,24.95181,000000007b5207b6,36.27
16704,2019-08-04T11:06:46Z,31659a798f1d780d587f07390c038a78fafa6cabb8180dba635863ce,60.17002,24.94407,000000006b087f40,10.78
16705,2019-08-04T11:06:46Z,32f77f5019e5fce30881c214487361e2e34b8c93277f6e546de72012,60.1638,24.96846,00000000d747f075,27.28
16706,2019-08-04T11:06:46Z,3417d8a6b53687e70f126ebeb1d26a2ff6369dc9a551c3c35c5a04f9,60.17002,24.94407,000000006b087f40,21.87
16707,2019-08-04T11:06:46Z,35f337dd3baf0bc08002ec007d609b685ac29bb2a8bcad6783532a6b,60.16829,24.94214,00000000afef4555,27.28
16708,2019-08-04T11:06:46Z,3714758c60c781bb53981cf52f78b930f4cb22bf27a3dc596f48ab2e,60.16762,24.95415,000000006b44cce7,13.75
16709,2019-08-04T11:06:46Z,374083907dd8980893623726af5633afd59b519c885ad12ba5c674eb,60.17002,24.94407,000000006b087f40,3.74
16710,2019-08-04T11:06:46Z,38561a086c97342a24583c26b33205da50e3e973a8147fe016a4a9ff,60.16829,24.94214,00000000afef4555,4.5
16711,2019-08-04T11:06:46Z,386dea4944e0b83648b4b6faf510fd47b0e9e29a2bb9311fe8a80ee2,60.17918,24.95141,00000000675d5200,11.7
16712,2019-08-04T11:06:46Z,395134265ad60f36cbb21b92db8d3db4d07bd71836d174cbf1a09224,60.16829,24.94214,00000000afef4555,9.92
16713,2019-08-04T11:06:46Z,3991e38309311c3fd5aecdcf3290274a5742396d989a81387bf154ae,60.17002,24.94407,000000006b087f40,31.5
16714,2019-08-04T11:06:46Z,39e2f2a7b03cda9f877366363a3727edfefd16d2221e752dafc33634,60.17002,24.94407,000000006b087f40,16.1
16715,2019-08-04T11:06:46Z,3ac85712ab657e849113d439795c4e7325d1025cacdbd9a41174b031,60.17002,24.94407,000000006b087f40,12.69
16716,2019-08-04T11:06:46Z,3ac9d056b0f04f774b238a125eb996d46437f7a8c5f6ba6712e971cf,60.17918,24.95141,00000000675d5200,9.12
16717,2019-08-04T11:06:46Z,3b355c039877bd4883845f3fc6ad8dd6f41f170274042f1397585680,60.149,24.9843,00000000fffb8cf0,13.75
16718,2019-08-04T11:06:46Z,3b4dda811f084f91b7dd61344c97aa6cac444a02d825183d53cca5d0,60.16762,24.95415,000000006b44cce7,7.69
16719,2019-08-04T11:06:46Z,3c545ca8c42e2a9a876f2500f6aee220e5fe1c178dd132136643754b,60.16897,24.95222,00000000aa852af1,21.87
16720,2019-08-04T11:06:46Z,3c7df7d16658abc47ed9e66342a99269fee33785ea550021877f84a4,60.18203,24.91341,00000000342570c2,18.79
16721,2019-08-04T11:06:46Z,3f67c6713a6cca446a46616c9970c7a2ddffb03f21e10c8ea9b2f380,60.16897,24.95222,00000000aa852af1,23.56
16722,2019-08-04T11:06:46Z,411febba567281e3da6030aa21191fe5efdd090f54aec41ca291563a,60.16897,24.95222,00000000aa852af1,9.92
16723,2019-08-04T11:06:46Z,41fffd70db0364ae9e08f76f74848590a4ed6784433df3a7ff00d7a5,60.16762,24.95415,000000006b44cce7,12.69
16724,2019-08-04T11:06:46Z,4292bc2a5727373fd5afed0125e493d0e889a235d318417bb493d93a,60.16762,24.95415,000000006b44cce7,17.4
16725,2019-08-04T11:06:46Z,439ff6b8ff9dc79d47e223164a87fc2d620f29bc7ea1bc7ea4c5cc58,60.16897,24.95222,00000000aa852af1,23.56
16726,2019-08-04T11:06:46Z,4472fa277123afabdf2402fc2a3c5bff2be437e6d56b590278de70fc,60.17065,24.93641,000000000f4919c9,29.32
16727,2019-08-04T11:06:46Z,448f6044c6c095d8c71341a0017dd6746f6e150f03af7c78b794308f,60.16762,24.95415,000000006b44cce7,4.94
16728,2019-08-04T11:06:46Z,44d01b24bde0f8031d7cf15bb66e661ad9bd92807f3213fabf920fa1,60.16762,24.95415,000000006b44cce7,16.1
16729,2019-08-04T11:06:46Z,4538bf4d0ca02f13fad76c46f7b34e72978c49b0cdfe4ea9fe151a50,60.16762,24.95415,000000006b44cce7,8.38
16730,2019-08-04T11:06:46Z,465eab28635efe98500085ceb161cf941d02272a0107fbbfb2203c29,60.16829,24.94214,00000000afef4555,7.05
16731,2019-08-04T11:06:46Z,46b576e18e757fc4ec008b41d3c28ec5415a2c2c2f143042e5413137,60.16762,24.95415,000000006b44cce7,4.11
16732,2019-08-04T11:06:46Z,47cd1dcac88434ffdc4b868e7f1d8d8a604700564bc83a7c0a3928be,60.16762,24.95415,000000006b44cce7,4.11
16733,2019-08-04T11:06:46Z,47f787c639f2eed345eb5dca409ffcd989850399a1ab781500dd6e82,60.17919,24.95181,000000007b5207b6,13.75
16734,2019-08-04T11:06:46Z,4800d49ec59e1cde34360defcce4c2a0c6a58919303c1fe6fdebceec,60.16762,24.95415,000000006b44cce7,7.05
16735,2019-08-04T11:06:46Z,4833b1ea4f519407574f5a838d93a39de28c756c5f53de7ee273b577,60.14947,24.91438,000000004ef3150d,9.12
16736,2019-08-04T11:06:46Z,49084ae4b6419be9e7bb0c9b1420142e07d6ac3c17c07c26895461ed,60.16829,24.94214,00000000afef4555,16.1
16737,2019-08-04T11:06:46Z,4954540aca30f8f56f918178fbd53ee48ddef7a231d425061f6b2f6f,60.18203,24.91341,00000000342570c2,21.87
16738,2019-08-04T11:06:46Z,49d6f6bd5878bfac30a67fe92d1501b5b09cab38ab2b35b661902f0d,60.14947,24.91438,000000004ef3150d,13.75
16739,2019-08-04T11:06:46Z,4a54cbed9c373a4136f8851f3f5736eb2fadd5766d316eb5ebbdd231,60.17919,24.95181,000000007b5207b6,20.28
16740,2019-08-04T11:06:46Z,4b5b3e8f2b484bc08b196c265f65c70151bd69f6263318eb29125db2,60.16829,24.94214,00000000afef4555,13.75
16741,2019-08-04T11:06:46Z,4cf634fc84e128c3b9bce07a4b726d136e18f0eea4229fdbb48f6db1,60.16897,24.95222,00000000aa852af1,12.69
16742,2019-08-04T11:06:46Z,508ee0778f7d5571ac4aa05211272911339b293ff62069f14cd4aa0a,60.16897,24.95222,00000000aa852af1,17.4
16743,2019-08-04T11:06:46Z,51dc3e37f2c849cad38b2a651abb7964e1dfc0e1e0a244c3a6ca8193,60.17002,24.94407,000000006b087f40,23.56
16744,2019-08-04T11:06:46Z,52daa31a2b3c1c07f78d96ebb4de3a965da5ef0a8035afbd0f7451fb,60.16531,24.9442,00000000fdda10fe,29.32
16745,2019-08-04T11:06:46Z,54d53f276563f566e1cd61b100408412cf78b4fe9fcada830aa6e23b,60.14947,24.91438,000000004ef3150d,7.05
16746,2019-08-04T11:06:46Z,55db840c0ab0998cc666beac96e2ebbb86074ce40799e791e7e7f299,60.16829,24.94214,00000000afef4555,25.36
16747,2019-08-04T11:06:46Z,56318cc7f3616fceec2564cbb1f6ca8b88ea861935a1ada93aafd7b0,60.16897,24.95222,00000000aa852af1,11.7
16748,2019-08-04T11:06:46Z,565a35900ed1794a9d566f6fc12f2710875a10eb7c8e6fa0ddd92626,60.14699,24.922,00000000a53ed894,7.69
16749,2019-08-04T11:06:46Z,56d473e2a8c6e4edede96e4d51006d4608d8087f1bdcfbb7232338b6,60.16762,24.95415,000000006b44cce7,13.75
16750,2019-08-04T11:06:46Z,571934189bf349efb6f596e76c21612cf9b82ed44913090169936048,60.17065,24.93641,000000000f4919c9,18.79
16751,2019-08-04T11:06:46Z,58c5faa3a5a33380286fc185676e8f2764cdde5a6dc9f43eee9d3b0c,60.16448,24.97323,0000000053c6c2be,23.56
16752,2019-08-04T11:06:46Z,5a730ea19664020323272509e5443616ea3f1cecd7b295e294be4ba7,60.14947,24.91438,000000004ef3150d,12.69
16753,2019-08-04T11:06:46Z,5cbfe1c090507ba3bd12a0a9a5096d024a53ad34d8b301e18d26eebe,60.16829,24.94214,00000000afef4555,27.28
16754,2019-08-04T11:06:46Z,5d9aa6fcb0d81ceaa80ca13cc08a88138be517656646e0ba0942ce46,60.16897,24.95222,00000000aa852af1,5.91
16755,2019-08-04T11:06:46Z,5f5805a3ffd092506452c4d45ea8fc037ae23ea726f0b0809ca6ffde,60.16829,24.94214,00000000afef4555,12.69
16756,2019-08-04T11:06:46Z,6138e6ab3e1e74425af8945a6fcc294c1469a0b9c448b780bcf9d2e2,60.14699,24.922,00000000a53ed894,23.56
16757,2019-08-04T11:06:46Z,62d86ee13e6ae7a5c41ffc2de746df72d4ef6e8d2b6a51ce1c68965f,60.16829,24.94214,00000000afef4555,21.87
16758,2019-08-04T11:06:46Z,63e498fd789abe431cdf86f184a50616c85717e1efc893da1e1a2222,60.16897,24.95222,00000000aa852af1,16.1
16759,2019-08-04T11:06:46Z,642854fedcb321ee00b4d97213dec89eceebdf9bf1641d8f90533887,60.16829,24.94214,00000000afef4555,27.28
16760,2019-08-04T11:06:46Z,64d10ef0926ecca987bad278990d966d8fac8775f03847d1f5a4a2f6,60.16762,24.95415,000000006b44cce7,16.1
16761,2019-08-04T11:06:46Z,66755836036c771e53ffd9d0dc09b8575231b53b80af22e868691a2a,60.14699,24.922,00000000a53ed894,12.69
16762,2019-08-04T11:06:46Z,67598a1e0a26360b38ffc4bd67aa05290556cdaea97554dfb9d8bdad,60.16762,24.95415,000000006b44cce7,21.87
16763,2019-08-04T11:06:46Z,6770188bfb70997d029b95fe32bafef6ca944778a3f1a35d0fa674b8,60.16829,24.94214,00000000afef4555,21.87
16764,2019-08-04T11:06:46Z,697103160f0b3dc0ba38ccdd18203ae84ec35fc314322d1172c093b2,60.16829,24.94214,00000000afef4555,9.92
16765,2019-08-04T11:06:46Z,69852d528034ea6fc746ed8942c32f1c90bc33a7a7317dfac3c9b1c1,60.14699,24.922,00000000a53ed894,3.4
16766,2019-08-04T11:06:46Z,69d8c906060e226ff0f0f7e78029575f2ee07ebec657a3b641419268,60.14699,24.922,00000000a53ed894,9.92
16767,2019-08-04T11:06:46Z,6a0ef27c461c686b1a51504b40c03c455e047bf9777bf46808e0ca04,60.16762,24.95415,000000006b44cce7,11.7
16768,2019-08-04T11:06:46Z,6a611aaa1fa77baf03191f0143c2a00dd06c9730c67d30c1eb06afcc,60.16762,24.95415,000000006b44cce7,11.7
16769,2019-08-04T11:06:46Z,6ac1903c80e63433e4bc744dc0e801bff647117d38d3753fb9a6a4c1,60.173,24.92524,0000000096918cfa,21.87
16770,2019-08-04T11:06:46Z,6ac8fdd67b3dd11f0bae935f3a285880138382088238b97f511d3f12,60.16897,24.95222,00000000aa852af1,14.89
16771,2019-08-04T11:06:46Z,6c637347d64659d1b29b0461397fccfbff09339872c14e32469fbd0f,60.16762,24.95415,000000006b44cce7,13.75
16772,2019-08-04T11:06:46Z,6c97da4ba9462e7fe786a472989dab23340d31809dd78d5617204da4,60.16829,24.94214,00000000afef4555,9.92
16773,2019-08-04T11:06:46Z,6e492dbc3f10157e7ff00826a839a97262ab36244ccc57b702a89999,60.16531,24.9442,00000000fdda10fe,4.94
16774,2019-08-04T11:06:46Z,6faf62fbff92729472d61bc9a13a5e72833e55bf713863161f8ca9cb,60.15432,24.9211,0000000019fb59c4,18.79
16775,2019-08-04T11:06:46Z,70ffae2b8178e0915c5de7816f8dd8bcc3af745ee49df8ac4da4adba,60.17918,24.95141,00000000675d5200,14.89
16776,2019-08-04T11:06:46Z,714e80a1e3c0fee43e312f314b2faec47e582ee8dac47e4818dbc2f9,60.149,24.9843,00000000fffb8cf0,3.4
16777,2019-08-04T11:06:46Z,71516fc8349cfaf2b5c4ab80ade6078494d93d13e9953af15e5ced30,60.18203,24.91341,00000000342570c2,21.87
16778,2019-08-04T11:06:46Z,721b9dc22c7346557374260166f19e4aa8e01aab67fc32c6c395c378,60.14699,24.922,00000000a53ed894,31.5
16779,2019-08-04T11:06:46Z,730d975773cc8c9c07ff88fb87377ff64a961a96e9237e59859fa46f,60.16762,24.95415,000000006b44cce7,7.05
16780,2019-08-04T11:06:46Z,75d452cbba63995ad06213b577081e8db650c80b3a78060789a8e831,60.16762,24.95415,000000006b44cce7,9.92
16781,2019-08-04T11:06:46Z,765243fc3021a21bc913ebdd4ce13c3606a5f0e655244884fa039ee6,60.15432,24.9211,0000000019fb59c4,29.32
16782,2019-08-04T11:06:46Z,7778b1bf816954847791c0bf2bb15bc2de2ab4e44658262629a0b4a6,60.16762,24.95415,000000006b44cce7,14.89
16783,2019-08-04T11:06:46Z,79249857aa88aacfdce42eef6ed8e8bcca6a4550672e5d4552c120d0,60.16762,24.95415,000000006b44cce7,18.79
16784,2019-08-04T11:06:46Z,79773ee1ebdf8252053d8ffb326b77bb05a7cdb76041102e73d3767c,60.16762,24.95415,000000006b44cce7,12.69
16785,2019-08-04T11:06:46Z,79bde23c1a8980f93a65e14306f0d8ea89e164430d8b991e2bfee82e,60.16531,24.9442,00000000fdda10fe,23.56
16786,2019-08-04T11:06:46Z,79f6ceff0d0fc6687b4982c4d38a9ebb0a1056b6e0c448b1b9e79e8e,60.16897,24.95222,00000000aa852af1,23.56
16787,2019-08-04T11:06:46Z,7c55ecf165387948602e82b684a55be093691849fde2d96ad6574475,60.17065,24.93641,000000000f4919c9,7.69
16788,2019-08-04T11:06:46Z,7ddcdde2316659d0fa4b8597b86430e095ea0bc7f3564a9d05fc60f8,60.16897,24.95222,00000000aa852af1,8.38
16789,2019-08-04T11:06:46Z,7e78b2348d9576c63ebb626030ee9d43e2bf07e860782adf3f1c452b,60.16829,24.94214,00000000afef4555,2.54
16790,2019-08-04T11:06:46Z,7ea276abbe2f1bfd85b2493f7b4c801189e673c0b4dc987d2c8e30dc,60.14699,24.922,00000000a53ed894,14.89
16791,2019-08-04T11:06:46Z,7eefc5581c616491b78192b28b519ba727dc884a87bc06b8df1ea4f2,60.14699,24.922,00000000a53ed894,9.92
16792,2019-08-04T11:06:46Z,818bf826a20805f91325b634ae02107683c949bcfc7c472917f02db0,60.16762,24.95415,000000006b44cce7,20.28
16793,2019-08-04T11:06:46Z,822590bd49bcf7ed4de4f8389586915c343b29c4283ff8b90d7c1d39,60.17065,24.93641,000000000f4919c9,16.1
16794,2019-08-04T11:06:46Z,82ac749474448abac333d00869cb8b508872f86293913d95eae26a05,60.15432,24.9211,0000000019fb59c4,9.12
16795,2019-08-04T11:06:46Z,82cddd3b9f58762d36efe78da4e2722ee587cfdb3fdbc58b52673082,60.16629,24.95957,00000000fb7600be,11.7
16796,2019-08-04T11:06:46Z,844b8ad6ebf530978d1139d527a681991f4d3eed6be5bc723f0b2192,60.16531,24.9442,00000000fdda10fe,1.7
16797,2019-08-04T11:06:46Z,864c05d067a7ec523aaf27ea895509e1fe10afc74c884c7e7f98263f,60.17065,24.93641,000000000f4919c9,25.36
16798,2019-08-04T11:06:46Z,87ea10367f1569e575dc4bc60f0f4238eafb52ba8a2cc8e5e4584232,60.16829,24.94214,00000000afef4555,25.36
16799,2019-08-04T11:06:46Z,87ee2ae24a1a0871184580c39a1c79955cbf954947f0ee24252c7302,60.18203,24.91341,00000000342570c2,27.28
16800,2019-08-04T11:06:46Z,87f4cf4baea8c5dfe1bc7812cc969574058bd4d2dda215192bcfc53f,60.14699,24.922,00000000a53ed894,4.5
16801,2019-08-04T11:06:46Z,886032718e05487be8bd75bb14464814044c7edd7f9a2198304f6fb4,60.16629,24.95957,00000000fb7600be,21.87
16802,2019-08-04T11:06:46Z,8a7f5012c000c420f0a336a3988c72cf2b373818f4f3f369e994d8e4,60.16829,24.94214,00000000afef4555,13.75
16803,2019-08-04T11:06:46Z,8ab70baa822768852fe312b760df7dbcb1a0fec7f2ba601146b9928c,60.16629,24.95957,00000000fb7600be,21.87
16804,2019-08-04T11:06:46Z,8c4e4851db86ec4a3ce29a58be770eb29c38b9a983351bb67d781982,60.16897,24.95222,00000000aa852af1,18.79
16805,2019-08-04T11:06:46Z,8ca6cbf91a04db796810f40ee019369f331d79472e4acd09f75cbac8,60.16829,24.94214,00000000afef4555,20.28
16806,2019-08-04T11:06:46Z,8f3d9ab893ae4a48fd3417f3a749c21e792779990ae0ad75a8f211de,60.1538,24.95595,0000000038bf9618,27.28
16807,2019-08-04T11:06:46Z,904a40e32a081181211d67e5dc7925882d2f4ef3b813b03d0133e26d,60.16629,24.95957,00000000fb7600be,21.87
16808,2019-08-04T11:06:46Z,91602a694bc74a2874ba7f02a7bae062a3a77cd869b86a74800415b8,60.17919,24.95181,000000007b5207b6,17.4
16809,2019-08-04T11:06:46Z,92df20d921f76c63470e3f5afbe201d3ae15f5133f66c291db796082,60.16629,24.95957,00000000fb7600be,18.79
16810,2019-08-04T11:06:46Z,93272ad17155ea9499641eda7c5560691582116096278b82738ab21e,60.14699,24.922,00000000a53ed894,13.75
16811,2019-08-04T11:06:46Z,951482f3e2e41b496e34885c346c4a7ab09427178119caa9b8bbcbb6,60.14947,24.91438,000000004ef3150d,21.87
16812,2019-08-04T11:06:46Z,9618703465df0acf2ccedcd7a519bb1146d94e8fb5b310c036a656f0,60.16762,24.95415,000000006b44cce7,21.87
16813,2019-08-04T11:06:46Z,97490f522f1a0226c8f7e8ed7bca08dd71b63d80b46d38020127b868,60.14699,24.922,00000000a53ed894,9.12
16814,2019-08-04T11:06:46Z,998a30ee5f5ff6d2bc9ed04420591e525ded59ad66d09eefa240cc8e,60.16762,24.95415,000000006b44cce7,13.75
16815,2019-08-04T11:06:46Z,998ac46ad73c197bab1f36dca67d8bcaa3aca92249185a5e3715043f,60.17065,24.93641,000000000f4919c9,20.28
16816,2019-08-04T11:06:46Z,99b998b07243afd316e6fa57636b0ab6761b9c2a6f0fe050eae40c08,60.16762,24.95415,000000006b44cce7,7.69
16817,2019-08-04T11:06:46Z,9a15818661648ac52397eb07c2a7e553abd2976975b1a85d45bbe907,60.16829,24.94214,00000000afef4555,21.87
16818,2019-08-04T11:06:46Z,9a1a6afa19068ac0b5f9af2744ddf945157f0dd41a4f254e8251fd09,60.16762,24.95415,000000006b44cce7,12.69
16819,2019-08-04T11:06:46Z,9aa588cb6f425117e45726b6b9adb7ef86c8f7c8113b547dc61f068a,60.16897,24.95222,00000000aa852af1,11.7
16820,2019-08-04T11:06:46Z,9ab0a60cb60531417ac6ec5ebc6ef591d2f39019c6b0bcb5a89101a2,60.14699,24.922,00000000a53ed894,6.46
16821,2019-08-04T11:06:46Z,9b24f69458294d27d07a0169665965135fd02f4c953f85bcebf4ba87,60.16762,24.95415,000000006b44cce7,11.7
16822,2019-08-04T11:06:46Z,9b4b0705e58750d2bcbd71ad65d85677f7e77db5dfe69d1a70b5d31f,60.17919,24.95181,000000007b5207b6,12.69
16823,2019-08-04T11:06:46Z,9bc91538b73e0220fcf5cd07290c07d56f6f48d3ba0ba6b6b0876da9,60.17065,24.93641,000000000f4919c9,4.11
16824,2019-08-04T11:06:46Z,9bef562c292174f1eb3933116effff74a8733a78e5c1df140de3fd6c,60.17919,24.95181,000000007b5207b6,7.69
16825,2019-08-04T11:06:46Z,9ced7d70503ba24882b6e283fa95ce42e02c1a3618adeb448558c50c,60.16897,24.95222,00000000aa852af1,16.1
16826,2019-08-04T11:06:46Z,9d257e93b3b434881323dfc68df4331a76989017df05c1cdef2d2215,60.14951,24.92138,0000000006dd41f6,31.5
16827,2019-08-04T11:06:46Z,9eb1e9bfdceb76ef852f89ebd82139602125f9731b791465e1c21f81,60.16829,24.94214,00000000afef4555,9.92
16828,2019-08-04T11:06:46Z,9f1920350685b4cb747c535ba3c3dc1cb29587668bd507ab96e5692f,60.16629,24.95957,00000000fb7600be,14.89
16829,2019-08-04T11:06:46Z,a066e2044b486819fe2185765f63ed87f8d10c502f26a01be1f1a758,60.149,24.9843,00000000fffb8cf0,25.36
16830,2019-08-04T11:06:46Z,a0ec1a8d581f94e640a6858a674699d2464ec065e6faea9d4ce2a13b,60.16762,24.95415,000000006b44cce7,13.75
16831,2019-08-04T11:06:46Z,a20a11944d9440f1f8e4ea6262408f673f2a8380c4e13dda1a073d8d,60.16897,24.95222,00000000aa852af1,16.1
16832,2019-08-04T11:06:46Z,a30740fbf4b7e21f6fe2996e9325c90936de161cb2165e87cd96fd35,60.149,24.9843,00000000fffb8cf0,9.92
16833,2019-08-04T11:06:46Z,a3664d77633807788598dd8d4a7ba8caba2c31bfdcb6ba83651d4e7e,60.173,24.92524,0000000096918cfa,17.4
16834,2019-08-04T11:06:46Z,a3c1a4a58b9381c27b1d5076e0d8d72039afccfb0e58438a80247324,60.16762,24.95415,000000006b44cce7,2.8
16835,2019-08-04T11:06:46Z,a44eda7b8ec58e1cd7c078a73c4da7fb0037d59453aa6bfe69b7cbdd,60.16762,24.95415,000000006b44cce7,11.7
16836,2019-08-04T11:06:46Z,a50e0bb8fd1ad4ad264c3246b210a0c6285faae591c1bd2c2c3458af,60.16829,24.94214,00000000afef4555,12.69
16837,2019-08-04T11:06:46Z,a5d632ac8ffc19a626de034d3c9444fd262ee6edada285c816ea9266,60.16531,24.9442,00000000fdda10fe,6.46
16838,2019-08-04T11:06:46Z,a81c19fb85eebf853246cdc4d8e38245dfa5ba15c180eaa1bcc0378d,60.16829,24.94214,00000000afef4555,8.38
16839,2019-08-04T11:06:46Z,aa2652969cafd3f9e6111c494e1382da619ce37948028c4fbf03a494,60.16829,24.94214,00000000afef4555,21.87
16840,2019-08-04T11:06:46Z,aa4547c0b6b8be30776e08d524ceeacfbc9930ad720e11fa4cb20882,60.16531,24.9442,00000000fdda10fe,1.38
16841,2019-08-04T11:06:46Z,aa45859d6157e9e86470ec8b81957acc35bafb1b7f419d79357a38cf,60.16829,24.94214,00000000afef4555,7.69
16842,2019-08-04T11:06:46Z,ab0008c7828a92ac4d00c4c500f15af7b23ecc0ca743d682c9262102,60.16762,24.95415,000000006b44cce7,13.75
16843,2019-08-04T11:06:46Z,ab6e8769f50a15ea5e0d64f48aaa12886b7599a18cc0eb071a21ae5f,60.16762,24.95415,000000006b44cce7,9.92
16844,2019-08-04T11:06:46Z,ac4679e3db131ec2ea8e1111c8aa0d71020cf8796ecb11f142478394,60.14947,24.91438,000000004ef3150d,9.92
16845,2019-08-04T11:06:46Z,ac5c7e04b55d6d70659e5b8f4705309b9367c78a0edb7ce85f42c181,60.1538,24.95595,0000000038bf9618,38.87
16846,2019-08-04T11:06:46Z,acb3f63fe0879b2640a9d68a248a15f85777e30652945d7740bb95f4,60.16762,24.95415,000000006b44cce7,13.75
16847,2019-08-04T11:06:46Z,ae2143f0fab3405d38da14312fd801d7d7524534cd3ffeadc631feb0,60.149,24.9843,00000000fffb8cf0,29.32
16848,2019-08-04T11:06:46Z,ae3cda5066e455d4b1e58860e8fb7a35efad69b9964a676b476b0687,60.14947,24.91438,000000004ef3150d,4.94
16849,2019-08-04T11:06:46Z,b0d6202ccd1560eaf57c06931cb6466332e41068ad2963e515819015,60.17919,24.95181,000000007b5207b6,17.4
16850,2019-08-04T11:06:46Z,b2298fc6f63c02481610f9aef24f1a0c1711c255adc43c0fe135c1ca,60.14947,24.91438,000000004ef3150d,7.05
16851,2019-08-04T11:06:46Z,b26d0daac9f8fb84484cbd8ed668aeb6751e848b1c533a307d163360,60.16762,24.95415,000000006b44cce7,3.74
16852,2019-08-04T11:06:46Z,b50b3c2006581bccfeaa9ea964649350c7d5b8177baa29a37e628584,60.14947,24.91438,000000004ef3150d,20.28
16853,2019-08-04T11:06:46Z,b5cdbcdc30e0bf653ce353c867708b0067db5e394c8cbe848d978a77,60.14699,24.922,00000000a53ed894,10.78
16854,2019-08-04T11:06:46Z,b5f80d159e59c4558e49ea6fb68f6bc72ee9eb92bee60991bdf4e46f,60.16762,24.95415,000000006b44cce7,9.12
16855,2019-08-04T11:06:46Z,b601cd655bb9f05aa6ec86fc9eb9300c3bc20bc0e856e94ad168a257,60.14947,24.91438,000000004ef3150d,6.46
16856,2019-08-04T11:06:46Z,b81a9bf449d3e64ad0181804598330bbf305f384b888935023742c79,60.173,24.92524,0000000096918cfa,18.79
16857,2019-08-04T11:06:46Z,b81e65168ea3278486b1c954ab229bc2eda3fe07098e824f05cd0ac4,60.149,24.9843,00000000fffb8cf0,21.87
16858,2019-08-04T11:06:46Z,b9447a524f5b5bf98585b27b92195b09869ee9cd9da3cf8d2b59c57d,60.16829,24.94214,00000000afef4555,20.28
16859,2019-08-04T11:06:46Z,ba288a5fd2befbc9ed08e7876ad7cb2bd8bfe6f5756d2ffe8e2dc558,60.17002,24.94407,000000006b087f40,20.28
16860,2019-08-04T11:06:46Z,bac5abd66caf627f4579d5c2cddad074267cd5bac95bd0e68a1e1fb7,60.16897,24.95222,00000000aa852af1,27.28
16861,2019-08-04T11:06:46Z,bbf7d8b9085ddcd3b94f55f93b52cb40a251c44f5df4099ba5b61471,60.16829,24.94214,00000000afef4555,9.92
16862,2019-08-04T11:06:46Z,bd7fa2c07b7e0eab8afb3d9825a810643c2eb71f83c09a1e26cac54c,60.16762,24.95415,000000006b44cce7,8.38
16863,2019-08-04T11:06:46Z,c012e9e2caf1002d24e53817bb1279becdfc4aa9dba085e93ddd88e9,60.17002,24.94407,000000006b087f40,18.79
16864,2019-08-04T11:06:46Z,c0a0ca3433586ed2ae0e448f2406fabac7292ac79d49562e0bd5cef8,60.16762,24.95415,000000006b44cce7,14.89
16865,2019-08-04T11:06:46Z,c239e27b985c23449b6aa84b78560b1b4e535975f3ba059d7987efe4,60.16762,24.95415,000000006b44cce7,21.87
16866,2019-08-04T11:06:46Z,c27fee8ae8d689338b043608280c83cfa6f3276d3837ecea5f742dc3,60.16762,24.95415,000000006b44cce7,4.5
16867,2019-08-04T11:06:46Z,c2cc33e5b1b8d254d4bcbc0ffa13c9200676a39a191cc31a38d28d8d,60.17065,24.93641,000000000f4919c9,10.78
16868,2019-08-04T11:06:46Z,c2d88bc74172eb47d26ee5d739980baa7fc011b9973f9f18b482aa81,60.17065,24.93641,000000000f4919c9,27.28
16869,2019-08-04T11:06:46Z,c2e135ad2c160277e290705658ac41d7cd35b11ebf61d829fdd0b428,60.14699,24.922,00000000a53ed894,12.69
16870,2019-08-04T11:06:46Z,c45e3c4e8ec0fc85457d3b4ed4c49ed0116b4cf447e2983f353abcd8,60.16829,24.94214,00000000afef4555,13.75
16871,2019-08-04T11:06:46Z,c4c3ad738ca47920bb66939f620126c87f730c644813158554916827,60.16762,24.95415,000000006b44cce7,13.75
16872,2019-08-04T11:06:46Z,c55894159f2080031cda702c78ee54463c3c15ab1b3638afdf687f08,60.16531,24.9442,00000000fdda10fe,8.38
16873,2019-08-04T11:06:46Z,c7160ae9aa31ca4dba615425303b1e527f342ede653be387ee54389c,60.149,24.9843,00000000fffb8cf0,29.32
16874,2019-08-04T11:06:46Z,c739921adb150c53f1887c6ce887adc6cd7ae7e35e69f6e4dc52fe81,60.173,24.92524,0000000096918cfa,21.87
16875,2019-08-04T11:06:46Z,c7ced11121537f55bcd7d7ab67312226dafe7c85320c5357a35d5ab7,60.17002,24.94407,000000006b087f40,23.56
16876,2019-08-04T11:06:46Z,c990a15d27cfc21e63b7c96b95949254f1194e8b27118386a589e2bd,60.16897,24.95222,00000000aa852af1,13.75
16877,2019-08-04T11:06:46Z,ca9ba013f86583100bfa841287733d9985b9d5e28a116525c40a4b40,60.16762,24.95415,000000006b44cce7,9.92
16878,2019-08-04T11:06:46Z,cb2f32be2e27fc44ead887ff7f76c0199bf68b2c6711e6880f4acd01,60.16762,24.95415,000000006b44cce7,11.7
16879,2019-08-04T11:06:46Z,cd7d0e9404c9f4e8fab0742460b9acb4d5bbb97f44df80d4a8b973cd,60.17002,24.94407,000000006b087f40,4.5
16880,2019-08-04T11:06:46Z,cddbfc3b0a1459f0ea8d553779cf320d512cac6e64976182f2f0b3b7,60.16829,24.94214,00000000afef4555,18.79
16881,2019-08-04T11:06:46Z,cf241827513137f094cda8111245217a32612fdb8fdb573be6e1893d,60.16762,24.95415,000000006b44cce7,16.1
16882,2019-08-04T11:06:46Z,d04b5065ec93818b731141027d11e6a1cf53de69b9737d7aea0c34da,60.14947,24.91438,000000004ef3150d,18.79
16883,2019-08-04T11:06:46Z,d1b77fcfad94da8564d1a85ed1797255531e5ab26cc835800878fb26,60.17065,24.93641,000000000f4919c9,7.69
16884,2019-08-04T11:06:46Z,d25e926dba8aa2c77f46ada32671b08b1176455c0e3693d160b87744,60.16762,24.95415,000000006b44cce7,10.78
16885,2019-08-04T11:06:46Z,d2aa78414847f7d563d6dd86215208c2c50df75bfd2a7b601cfcc35e,60.16762,24.95415,000000006b44cce7,9.92
16886,2019-08-04T11:06:46Z,d2e3bf982b10b2079eaa464127a286409c5030b21ffe9a2ce08bbb9c,60.16762,24.95415,000000006b44cce7,9.12
16887,2019-08-04T11:06:46Z,d2fd0c6415d2d8e49fef3415fb8747b524191b4400a4fbb66428cb12,60.14699,24.922,00000000a53ed894,16.1
16888,2019-08-04T11:06:46Z,d3bad9334d128332fc483e10ef1b77c28e5a75ac55be4de71c6b2f9f,60.16829,24.94214,00000000afef4555,14.89
16889,2019-08-04T11:06:46Z,d71a315bac918f9a18fcd820731e6d9eb54fb0d01c324ca088ef8858,60.149,24.9843,00000000fffb8cf0,16.1
16890,2019-08-04T11:06:46Z,d82f37918d46bea29e113c6b57b901b1b960ed3337bdcce777aea476,60.17065,24.93641,000000000f4919c9,12.69
16891,2019-08-04T11:06:46Z,d86f155736e4d36de5d33bdbb3b12b717b75de44852b93419af20945,60.16829,24.94214,00000000afef4555,10.78
16892,2019-08-04T11:06:46Z,da2398acaae7f39c7b80c220d4e6917bdc7655f4c71b6e36d06cb859,60.18203,24.91341,00000000342570c2,16.1
16893,2019-08-04T11:06:46Z,dabb7edec36f560d07547c2595765be02b0731b3826f93f5c41b7120,60.16762,24.95415,000000006b44cce7,7.05
16894,2019-08-04T11:06:46Z,db45583e1f7aaaf54e100214986dfc86aa755383e86d361639a5b19b,60.16762,24.95415,000000006b44cce7,7.05
16895,2019-08-04T11:06:46Z,dba25c18a94a20a35b9a27ff605b1c40fd45b0263d884645052918e5,60.16829,24.94214,00000000afef4555,25.36
16896,2019-08-04T11:06:46Z,dc4072a3cfc00cca0bde9925adc82bb9c2548af1724368561eefcbf8,60.16762,24.95415,000000006b44cce7,18.79
16897,2019-08-04T11:06:46Z,dc82f9648bb5ba21e766e0923f5fa7ca2d77662ab0edbe22a3d95631,60.14699,24.922,00000000a53ed894,7.69
16898,2019-08-04T11:06:46Z,dcb8f3c3c5136c4abc8757fcb34fedc553ea044b0928f945d89334d5,60.16762,24.95415,000000006b44cce7,6.46
16899,2019-08-04T11:06:46Z,ddd0e663eb31ac94858d2a4e9af5e4782781e88c92102042190e6fcf,60.14699,24.922,00000000a53ed894,11.7
16900,2019-08-04T11:06:46Z,de48adf9d49eb3bc1d61dea4047618f6c77086fc44bd2b535d56504d,60.16762,24.95415,000000006b44cce7,3.09
16901,2019-08-04T11:06:46Z,de71e27b55ef6f2f51f05838a2fcab596f1dd93a14ece5ce4548f5c7,60.14699,24.922,00000000a53ed894,10.78
16902,2019-08-04T11:06:46Z,e081e4b3252ca91bbf1cbb70faa116d60317fbf3a991a67bc99b4bfa,60.149,24.9843,00000000fffb8cf0,17.4
16903,2019-08-04T11:06:46Z,e0859a9c906151023376d86762070f38ba1b3859e671531b0edac6cd,60.16075,24.95883,00000000f1124bca,20.28
16904,2019-08-04T11:06:46Z,e092030747b57112ba6ccf5bdd565d76abb3607abf31a06d0d92660c,60.16762,24.95415,000000006b44cce7,10.78
16905,2019-08-04T11:06:46Z,e1da87aea335bcd04e4c876158b96ebc7ba4206bc216c3aa27a2f4af,60.17919,24.95181,000000007b5207b6,11.7
16906,2019-08-04T11:06:46Z,e29168791ccd18013b58845430388cc5aac537e7e1c618aeb78900a8,60.16897,24.95222,00000000aa852af1,21.87
16907,2019-08-04T11:06:46Z,e305610124e16ed1411a221b29ce69a076cc47982efd6c098b0599ab,60.14947,24.91438,000000004ef3150d,18.79
16908,2019-08-04T11:06:46Z,e3e3bac265ab2713063d7435bf5c7374dfc7dfc647fb677a030a1a49,60.18203,24.91341,00000000342570c2,29.32
16909,2019-08-04T11:06:46Z,e44d7228cecbdb2474e1cc396a6c13943f09c08c19d0ffab1997d509,60.17919,24.95181,000000007b5207b6,10.78
16910,2019-08-04T11:06:46Z,e557e164cd52fd817b02cad6587a294d72b0974d9b014ad69ea5e08e,60.17919,24.95181,000000007b5207b6,25.36
16911,2019-08-04T11:06:46Z,e5928057da667903de0b6c1245e1f58273dd85d63d8af0f4eaa771de,60.16762,24.95415,000000006b44cce7,8.38
16912,2019-08-04T11:06:46Z,e5b9b4813c081a31fb498e7f9adb94918c267dfa125c63790c0d9488,60.149,24.9843,00000000fffb8cf0,13.75
16913,2019-08-04T11:06:46Z,e8530b87d248fb9f6f44200a9b5634e7517e8d6d835e921280db51fb,60.16897,24.95222,00000000aa852af1,29.32
16914,2019-08-04T11:06:46Z,e9d59e25b58f33f70aad6832863cb59d7485ca55a1575558f92b74e7,60.16897,24.95222,00000000aa852af1,8.38
16915,2019-08-04T11:06:46Z,eb09e242059d315d7f929b7befadc641eeddb95492babe81030cbabc,60.16829,24.94214,00000000afef4555,36.27
16916,2019-08-04T11:06:46Z,eb261026c6f65b651ddf21bed629a1e164cfb500d0b78062704ec15c,60.16762,24.95415,000000006b44cce7,4.5
16917,2019-08-04T11:06:46Z,ec485175d2b7a2c53d03bf546aee134c116d998976601b069570c6f9,60.14699,24.922,00000000a53ed894,20.28
16918,2019-08-04T11:06:46Z,ecb1735f180422ec69f041cd2782a26c9f07d27a87893b3c30aaa9b7,60.16075,24.95883,00000000f1124bca,9.12
16919,2019-08-04T11:06:46Z,eea43687eab35d2c386347881796eb1c8279076b9e9642ebc2cd06ac,60.16762,24.95415,000000006b44cce7,4.94
16920,2019-08-04T11:06:46Z,ef15ff71b7dc4c2088249a4fca7e28900ae315245a7a3b4d571bf582,60.16829,24.94214,00000000afef4555,13.75
16921,2019-08-04T11:06:46Z,ef33ccdfcdb12920eabb3306e0f86dc7e6060a5d3864b03e2de7e1ef,60.16897,24.95222,00000000aa852af1,21.87
16922,2019-08-04T11:06:46Z,ef45fdc095ee55730384922266d8fce61de212d3c3df2441ea10e524,60.14947,24.91438,000000004ef3150d,9.12
16923,2019-08-04T11:06:46Z,ef5e495c5f9d3dd9eb22ed5b8faf1cc9e4225d4785ebb26a87d16fff,60.14699,24.922,00000000a53ed894,8.38
16924,2019-08-04T11:06:46Z,f110acae92fec55c6caca5de864773a6b99e5b8d6e2fdf8d1bdbc759,60.16762,24.95415,000000006b44cce7,6.46
16925,2019-08-04T11:06:46Z,f11c02cbebb4049a29f10d2ee6aac8a9ca3b7b9609a39d69463461a1,60.17065,24.93641,000000000f4919c9,31.5
16926,2019-08-04T11:06:46Z,f196f5f8c08299d290b3bac1944e00bb1f2c90594db66438b0c10e6e,60.16629,24.95957,00000000fb7600be,13.75
16927,2019-08-04T11:06:46Z,f2467c8ede6444941158701b7bd9d005beec9ffdb355ce2d8c7a9bfd,60.149,24.9843,00000000fffb8cf0,29.32
16928,2019-08-04T11:06:46Z,f4b9fc6acb673aea24fe00dfbe806b81fedab0c2ea82d781f7659ce5,60.16762,24.95415,000000006b44cce7,4.5
16929,2019-08-04T11:06:46Z,f5ffa3dbcdd5592ac31344cb04a7a6d639109a4d6e196fa0df3990dd,60.17065,24.93641,000000000f4919c9,25.36
16930,2019-08-04T11:06:46Z,f616fbd0fde8316049c3068ae4368dc9f486f8da4bf5516e9ba82578,60.16897,24.95222,00000000aa852af1,8.38
16931,2019-08-04T11:06:46Z,f62b86ef56fa9417b0128f2fff6530aed6f2a50d3f65bbbfdcbbee59,60.16762,24.95415,000000006b44cce7,13.75
16932,2019-08-04T11:06:46Z,f756416830b046336a677173f34b00e83412904998e92cfb4ebe207d,60.16762,24.95415,000000006b44cce7,12.69
16933,2019-08-04T11:06:46Z,f77d86d6fcfc6cc5ce50a14177a7100c8967fa5947fc13e3a198e345,60.16762,24.95415,000000006b44cce7,7.69
16934,2019-08-04T11:06:46Z,f78ef2ddbe48b534137498eab56c0a55ec0e0b1d8868e82cb5652a0e,60.14699,24.922,00000000a53ed894,11.7
16935,2019-08-04T11:06:46Z,f7be7d003528c0c0827040a3a3723e49406a5a7c86cb4bc568a830db,60.17002,24.94407,000000006b087f40,17.4
16936,2019-08-04T11:06:46Z,f855918d61069661cbf8633b228a5fb9e5cd5ea7b2946bfc5b9fc315,60.16829,24.94214,00000000afef4555,21.87
16937,2019-08-04T11:06:46Z,fa1579394f4980e1fe11248f7be4e646b601a3d8cdb9361f182d066c,60.16762,24.95415,000000006b44cce7,11.7
16938,2019-08-04T11:06:46Z,fa7594968b834a0d1060ee249e05338446068c7bcfc0800a6f73af06,60.14951,24.92138,0000000006dd41f6,20.28
16939,2019-08-04T11:06:46Z,fb37b263777ffcf7fe1fb6484821cae2b8beb03b5f5009109748dedb,60.16762,24.95415,000000006b44cce7,10.78
16940,2019-08-04T11:06:46Z,fbd28054e4a5478c8ca06f4d682405d1c59bef4853cad413ecb58d13,60.14699,24.922,00000000a53ed894,17.4
16941,2019-08-04T11:06:46Z,fdf5c0dab003c974e22f3746bfb7fa399e10ca82fcec35ba6dcd6065,60.18203,24.91341,00000000342570c2,18.79
16942,2019-08-04T11:06:47Z,004c3624f943830bc6a9f17173a2cd0996622cade5184ad2b9fba729,60.16897,24.95222,00000000aa852af1,6.46
16943,2019-08-04T11:06:47Z,03e0fc996a589ccdf1871b3c78e089c08c93ba1f2a02d740fb384aac,60.16531,24.9442,00000000fdda10fe,31.5
16944,2019-08-04T11:06:47Z,09ddbf38333e76a79fd836112bd8c3f8bf7f3dadfb3d49945ad4c486,60.16897,24.95222,00000000aa852af1,4.11
16945,2019-08-04T11:06:47Z,1142f5b6806b1ec7d8d47d47013eb530d8a7418f6934d8867b20966a,60.16829,24.94214,00000000afef4555,14.89
16946,2019-08-04T11:06:47Z,14c7e1511b70f4dd3359cbece1377aebb4d70531f5489eefe53d7c3c,60.16544,24.95398,0000000038d83d41,23.56
16947,2019-08-04T11:06:47Z,165ebbb4090d47319ae370f0d0854fdc1f6b79499f8b2e4d3c3533c0,60.16544,24.95398,0000000038d83d41,27.28
16948,2019-08-04T11:06:47Z,16c994bb2e24124a910c247376d16e980a65626a94c4c0aaab27df60,60.16829,24.94214,00000000afef4555,20.28
16949,2019-08-04T11:06:47Z,198d6432c579dae0d7ddda6591eb377ca6c01888de802f89ab84b98a,60.16544,24.95398,0000000038d83d41,27.28
16950,2019-08-04T11:06:47Z,25a7ff811c3c06e426c7c2cbb0433d9a2a3399b23afecbd35584ab0f,60.18203,24.91341,00000000342570c2,20.28
16951,2019-08-04T11:06:47Z,269109af99b12861eeb19ab8698033d9c00895687da47af3f4310e9d,60.16762,24.95415,000000006b44cce7,7.69
16952,2019-08-04T11:06:47Z,2e4af02bc2421faac1f506a147ddb9b76076386be53415223aca4bde,60.16762,24.95415,000000006b44cce7,9.12
16953,2019-08-04T11:06:47Z,3b5cafe90982db26cf737b2e4cd4275276f6a031bca3b2a1f73023b2,60.14699,24.922,00000000a53ed894,12.69
16954,2019-08-04T11:06:47Z,3fe5f4ccfa5c777ceafda0674d7c9da6f509f6694b4c2fa254b32e73,60.16897,24.95222,00000000aa852af1,17.4
16955,2019-08-04T11:06:47Z,4656bad9b5e6dfc3977eca308fc1db3dbf8b0204b90d09b001da242e,60.1638,24.96846,00000000d747f075,23.56
16956,2019-08-04T11:06:47Z,4774d3de2115f3cfeff91dc17ed763964fe86825629003f82ee45b2b,60.16762,24.95415,000000006b44cce7,17.4
16957,2019-08-04T11:06:47Z,5d65719c4cbf045f068d084b72302f447d5fd034413d97d13be00d0e,60.18203,24.91341,00000000342570c2,17.4
16958,2019-08-04T11:06:47Z,5eed115a984d490b02b602d73787aee8dc8c4e9365b77fbff3818a76,60.16629,24.95957,00000000fb7600be,17.4
16959,2019-08-04T11:06:47Z,66dabd3229229330d23c70e9e1737429ddfe69db01f4a6a00f70fa20,60.16762,24.95415,000000006b44cce7,17.4
16960,2019-08-04T11:06:47Z,69219e9efa41ae9e732653e9eaf08e1a34cb853a9dafe76ddeea4d04,60.16897,24.95222,00000000aa852af1,18.79
16961,2019-08-04T11:06:47Z,6a70e2fbced719333e21eff04fcb9cb36bae9a04d1a3d6ddd96f2c58,60.15432,24.9211,0000000019fb59c4,16.1
16962,2019-08-04T11:06:47Z,6f06341f358e61699fe1e55e986dd0554bc8da28b91daf0c5ad99db6,60.16629,24.95957,00000000fb7600be,23.56
16963,2019-08-04T11:06:47Z,85ef35aecf2ff804be3d958b592705ec41c6df9c128c132c65bb283d,60.16897,24.95222,00000000aa852af1,20.28
16964,2019-08-04T11:06:47Z,87dfaad29a9276ddddb1fa021d3bc23ad14824c1af16f7d87e713689,60.14951,24.92138,0000000006dd41f6,17.4
16965,2019-08-04T11:06:47Z,88808fe92573e9cdf022cc15b9689b6b4b9429f60513c8897b0ba4c7,60.16897,24.95222,00000000aa852af1,18.79
16966,2019-08-04T11:06:47Z,89982a6acf91b79a282a6b63978e946ee205f303fcd20e944e06baf0,60.16544,24.95398,0000000038d83d41,23.56
16967,2019-08-04T11:06:47Z,8c3b1ed0846e38cc84b863a80540c8a75bfd85c8bdda36563d153110,60.16544,24.95398,0000000038d83d41,27.28
16968,2019-08-04T11:06:47Z,8c75c3289c84fe4493e1e272a77b615fe1985880c5dc68a7c1a17b53,60.16762,24.95415,000000006b44cce7,13.75
16969,2019-08-04T11:06:47Z,92524354048a0b73aacc2745ecface2dec61989197d03321c59b8821,60.14699,24.922,00000000a53ed894,23.56
16970,2019-08-04T11:06:47Z,92aae21a6e0dd2ff71fc591b64e878502bd4677b64ac413632e9f7c6,60.149,24.9843,00000000fffb8cf0,17.4
16971,2019-08-04T11:06:47Z,9843c6216661048343a0e49cf3d8aa2883cf77f452666a1c873a1052,60.16448,24.97323,0000000053c6c2be,12.69
16972,2019-08-04T11:06:47Z,9fc0711d7e7722eff7faa0cb6f17846680c06515c1eb93dd49ebcf25,60.14699,24.922,00000000a53ed894,14.89
16973,2019-08-04T11:06:47Z,a13e5d46f0a2d1c6b58878e1b198905e9b14e3a85b5e4adab88b4b87,60.16762,24.95415,000000006b44cce7,9.12
16974,2019-08-04T11:06:47Z,a91d379a4b57c5df22db0d7a041ff69f657b4b31f28554b1011fc03c,60.16544,24.95398,0000000038d83d41,41.64
16975,2019-08-04T11:06:47Z,b936e41d8712ae967f3ebb413fc44f060bb10613f95537757886ede2,60.16762,24.95415,000000006b44cce7,13.75
16976,2019-08-04T11:06:47Z,c40c37def6bf11a63a2556519a7c6233fd417cdeea2cf14f28e7c42c,60.16531,24.9442,00000000fdda10fe,23.56
16977,2019-08-04T11:06:47Z,c97eb4181394121907d47b908495f54e5ee5145ff790f7a1dc21b3cf,60.16897,24.95222,00000000aa852af1,12.69
16978,2019-08-04T11:06:47Z,ca6927628f5ddda20036865c9345ad93d476d62ade3b181de568eed6,60.16897,24.95222,00000000aa852af1,20.28
16979,2019-08-04T11:06:47Z,cd2c2ce2425879ac455c812073aa8025c7bac76df380e4793edab46d,60.16829,24.94214,00000000afef4555,21.87
16980,2019-08-04T11:06:47Z,cf05623e4d87ce0906c0b0b7dbf53aacc1228016cd27c341228b6e76,60.18203,24.91341,00000000342570c2,18.79
16981,2019-08-04T11:06:47Z,cfc0bedb78ded52749db3188cb188bf6a250ef5990da9c5afa9623fc,60.14951,24.92138,0000000006dd41f6,14.89
16982,2019-08-04T11:06:47Z,dbeb00942457ba3c5fb1984b57b1dedb268c0e761e80729b939f1fd8,60.16544,24.95398,0000000038d83d41,25.36
16983,2019-08-04T11:06:47Z,e14d9760941da50610f22c2fa32406636dd79f33e70014e9cb58ea1a,60.1538,24.95595,0000000038bf9618,31.5
16984,2019-08-04T11:06:47Z,e224ae5ea47af2e3048f83b13a1f45dc135c0ca6be72547b01729086,60.1538,24.95595,0000000038bf9618,21.87
16985,2019-08-04T11:06:47Z,e8e366e76c97944e23c0f80b4fd3ce6e5832744922297146a49f0c7e,60.16762,24.95415,000000006b44cce7,17.4
16986,2019-08-04T11:06:47Z,e96bd269a48b822b06141c3362fcb6d5ed4d0d09a120f2e4a712d5c2,60.16897,24.95222,00000000aa852af1,25.36
16987,2019-08-04T11:06:47Z,ed70dda6b7faebd4340dacdb452ab224d9d3c308df417b7fa76f54e8,60.14951,24.92138,0000000006dd41f6,20.28
16988,2019-08-04T11:06:47Z,f088630d7476dae7d4b7e2bb1f10575f2c89acb4b6e061f3d57c2b40,60.16531,24.9442,00000000fdda10fe,27.28
16989,2019-08-04T11:06:47Z,f30a5193aa7850aac581b8dd71512a8712c96f36fdef78d8292d4788,60.16762,24.95415,000000006b44cce7,4.94
16990,2019-08-04T11:06:47Z,f31cfded6f566f9c032c80c52ea642407be312c5d42521ab7a8d3e2a,60.16897,24.95222,00000000aa852af1,20.28
16991,2019-08-04T11:06:47Z,fc4f3a44235f1cfc7b53f14ba2da599976a5a0a220d23b852688e485,60.17919,24.95181,000000007b5207b6,12.69
16992,2019-08-04T11:06:47Z,0236a1d5b9b9d2249407a79705eee38de360ceb0530a8959ba5bc15b,60.149,24.9843,00000000fffb8cf0,14.89
16993,2019-08-04T11:06:47Z,02a354db29cd5bc16976a9d933e03a41be350f9cc78098829a7dcfd4,60.14947,24.91438,000000004ef3150d,20.28
16994,2019-08-04T11:06:47Z,03204cdd97728dc59f21f215f75460ac8fe2fa56720a88e869c6f56d,60.16829,24.94214,00000000afef4555,14.89
16995,2019-08-04T11:06:47Z,03515f2dd8be9a829b8b55cec8dc0f87b3e51368f8f16e4c4014d547,60.16762,24.95415,000000006b44cce7,17.4
16996,2019-08-04T11:06:47Z,0656a0c0a353f164b57fbdd9e648d71fab429964d97ed07ab2c5dc30,60.18203,24.91341,00000000342570c2,21.87
16997,2019-08-04T11:06:47Z,07d9aa9fe10e58c26960ba10eb2f13607a7cea0226acaecbdcc52508,60.16762,24.95415,000000006b44cce7,7.69
16998,2019-08-04T11:06:47Z,096c3b0de1dab1407cd4d3330546404c0d62ce025924420496380f89,60.16762,24.95415,000000006b44cce7,14.89
16999,2019-08-04T11:06:47Z,0a949aafc0be15c68d73a5dd186d726aa6b921f44303a712ac6ddcb8,60.16762,24.95415,000000006b44cce7,6.46
17000,2019-08-04T11:06:47Z,0aa519749df61b76dd2eeff7698dae9732dcbeb64afd25bb14aebb4a,60.16897,24.95222,00000000aa852af1,27.28
17001,2019-08-04T11:06:47Z,0ac16900b358cad98786869efa2fa39aa96eacf36f9249051cce0e88,60.16448,24.97323,0000000053c6c2be,36.27
17002,2019-08-04T11:06:47Z,0af61169cceddbd5c08068ba987231f31931944ac70a7335e59fce93,60.16897,24.95222,00000000aa852af1,25.36
17003,2019-08-04T11:06:47Z,0c959027ce302054b09087cac97a83aa7e24fb9e4fa2710763f912cb,60.16829,24.94214,00000000afef4555,3.09
17004,2019-08-04T11:06:47Z,0d2490ed58c11eb4a754a30cc4bcb21c7243d322a2caf7cc360e4e8c,60.17065,24.93641,000000000f4919c9,10.78
17005,2019-08-04T11:06:47Z,0d84da6bff50f7ab6e90b6720b36cf264111030bcdbf4d8092efacaa,60.16448,24.97323,0000000053c6c2be,25.36
17006,2019-08-04T11:06:47Z,0e113c5ed3abcdfb31d27c3125f6cf01e3b96e4ed7eca1aaea855f77,60.14947,24.91438,000000004ef3150d,13.75
17007,2019-08-04T11:06:47Z,0fd26c6e46f4d73b276223942e56c38bc9b8e4566239f8a77261657b,60.17002,24.94407,000000006b087f40,23.56
17008,2019-08-04T11:06:47Z,1327ce24f157334f864f913637993c80380ce5f5c911e4b0d31c5eb7,60.149,24.9843,00000000fffb8cf0,3.09
17009,2019-08-04T11:06:47Z,135b81a7a5a9dd70569656553c100af6fdc760bcf92d9b7b48261cb1,60.16897,24.95222,00000000aa852af1,20.28
17010,2019-08-04T11:06:47Z,13b0a8ca1414d7b2b0e8d5f80069a5d26c6f62a68b58eda25a4b85f4,60.16829,24.94214,00000000afef4555,7.05
17011,2019-08-04T11:06:47Z,1556d4a76070c26554efa12b4b9c53766a4cc394e8b74ee37f2fff65,60.17065,24.93641,000000000f4919c9,5.91
17012,2019-08-04T11:06:47Z,169c77f0d714e38eb1e798b14fa42ce3fefb0ec1d6f9e93a38a872f1,60.16762,24.95415,000000006b44cce7,5.41
17013,2019-08-04T11:06:47Z,182e58bd6c3c8d836225d454a878bc55d8ed5166564a22f8b635f6ff,60.14947,24.91438,000000004ef3150d,13.75
17014,2019-08-04T11:06:47Z,1921be9815a57f11f291ca085add7b4bf1d044518b03b725df7cf7d5,60.149,24.9843,00000000fffb8cf0,11.7
17015,2019-08-04T11:06:47Z,19db84758eba08a5f9bb56b0ff91d05286765c8e8dfa31bd0b2aaa1c,60.14947,24.91438,000000004ef3150d,9.92
17016,2019-08-04T11:06:47Z,19dea4c3ae877a795efafae81ed8314e19403c36db7042e4e2b2241b,60.16762,24.95415,000000006b44cce7,16.1
17017,2019-08-04T11:06:47Z,1a06b5f7f305badd45e93db9d86d76ed3a2a96ec55ec47c836921e3e,60.16762,24.95415,000000006b44cce7,12.69
17018,2019-08-04T11:06:47Z,1a9a0f74c353624c42c19c007e82c9c2547b7285d8353d0e375e3f05,60.14699,24.922,00000000a53ed894,7.05
17019,2019-08-04T11:06:47Z,1bff3cb3b9be59366fdf8adbbc677a4dfbf8e116bf330c3435bc63c2,60.16897,24.95222,00000000aa852af1,21.87
17020,2019-08-04T11:06:47Z,1c38009e9b89bd8b0d6744bf54ebae9a8ad2dc2868cdfc3f2e399509,60.16829,24.94214,00000000afef4555,11.7
17021,2019-08-04T11:06:47Z,1c9aa21b85f6dc63cc56eb960e89cdeaa6da27738f3fcc4fbee8ee17,60.16762,24.95415,000000006b44cce7,4.11
17022,2019-08-04T11:06:47Z,1ce242f8d8220cd38bf3ea9138c99ae9b2f79b28e68edb864f090ec9,60.149,24.9843,00000000fffb8cf0,17.4
17023,2019-08-04T11:06:47Z,1de509b10ed308796e82bb0f51f17f68e2fdfbcc3d6bed69c40eb7fd,60.173,24.92524,0000000096918cfa,20.28
17024,2019-08-04T11:06:47Z,1fa2c533bba37b249a0105001153733e67a559d40c22cab67f135f64,60.14947,24.91438,000000004ef3150d,8.38
17025,2019-08-04T11:06:47Z,2136558e0a9a89ed5aa044485a8e31bff3b7e5acf38c645a06782afd,60.16448,24.97323,0000000053c6c2be,25.36
17026,2019-08-04T11:06:47Z,221dba1f7562b992e9c11d7d1331a44ac293bc301248736c8432deb2,60.16762,24.95415,000000006b44cce7,18.79
17027,2019-08-04T11:06:47Z,227b93698b29687beea48184f42aab63a21fa362af7251be32db2e15,60.16531,24.9442,00000000fdda10fe,2.8
17028,2019-08-04T11:06:47Z,23b4a8c7918ca417eab83481a710fd544e1fa8bf7073b5955c0155c8,60.14699,24.922,00000000a53ed894,13.75
17029,2019-08-04T11:06:47Z,2535cb5c89ec66044a005b03dd769ca8d0022164a816c06db0e49892,60.16762,24.95415,000000006b44cce7,5.91
17030,2019-08-04T11:06:47Z,2671a156fa8d8bb05970481c8f83bcf9f261f73dae27f2bb9ac88aeb,60.14699,24.922,00000000a53ed894,21.87
17031,2019-08-04T11:06:47Z,26a4ff30aad95332c4b603e9e728a10486413889de9d2c4573524923,60.14699,24.922,00000000a53ed894,11.7
17032,2019-08-04T11:06:47Z,2724e42551f43106ea58a8fcc6a43953baa1294cd65e17a90012f706,60.17065,24.93641,000000000f4919c9,0.71
17033,2019-08-04T11:06:47Z,28741c2e5e348fe81dec0518a21c0930c98a25b6fcece61a262d50de,60.14699,24.922,00000000a53ed894,8.38
17034,2019-08-04T11:06:47Z,28e8a4ccd08ea244e028ee358d7ae5359a02107234c2cafd1415ccec,60.16829,24.94214,00000000afef4555,23.56
17035,2019-08-04T11:06:47Z,2977d3c4f181abb6662adf1d466a62167e2690a9c94dc53e5aa6a904,60.16762,24.95415,000000006b44cce7,16.1
17036,2019-08-04T11:06:47Z,29b5f09785ef76627c2a3f043e1182d11fbd3a465422544c7478aa1c,60.16897,24.95222,00000000aa852af1,7.05
17037,2019-08-04T11:06:47Z,29f5adc4d67413b7d368e8e94a41cf48339e3f5f0903f660170c4fe8,60.17919,24.95181,000000007b5207b6,8.38
17038,2019-08-04T11:06:47Z,2a80aed2c40e7e70ca12152ac812abd79aa1d13efcec25a6d3395136,60.16762,24.95415,000000006b44cce7,4.94
17039,2019-08-04T11:06:47Z,2ccaeb30423977ff22b6afc29243b861b476a5f4ffafdf200d326d78,60.17002,24.94407,000000006b087f40,13.75
17040,2019-08-04T11:06:47Z,2d0349a4148a147b05e00cd46c137dd208ba2a8ce9327b493615f1a6,60.16829,24.94214,00000000afef4555,14.89
17041,2019-08-04T11:06:47Z,2de87ef94604fb63bec05eefb71b6cdd0b9807f8551159c2a35e7259,60.17065,24.93641,000000000f4919c9,4.94
17042,2019-08-04T11:06:47Z,2e6e6f89a7d75f0742d016de203c9acc8d6f6bdeb7b56bd12f482653,60.15432,24.9211,0000000019fb59c4,3.74
17043,2019-08-04T11:06:47Z,3004b57f95861dcbc505cbe89ab781674966526a063bee7072de8aba,60.16829,24.94214,00000000afef4555,8.38
17044,2019-08-04T11:06:47Z,30bee351808d5e8082ce012b57f5bc0efc80f8394491a182e0eeee32,60.17918,24.95141,00000000675d5200,11.7
17045,2019-08-04T11:06:47Z,31659a798f1d780d587f07390c038a78fafa6cabb8180dba635863ce,60.17002,24.94407,000000006b087f40,13.75
17046,2019-08-04T11:06:47Z,32f77f5019e5fce30881c214487361e2e34b8c93277f6e546de72012,60.1638,24.96846,00000000d747f075,23.56
17047,2019-08-04T11:06:47Z,33a5da4eacfc49fefa067790c9fada1a86d9793367ded845a46f0779,60.16829,24.94214,00000000afef4555,14.89
17048,2019-08-04T11:06:47Z,3417d8a6b53687e70f126ebeb1d26a2ff6369dc9a551c3c35c5a04f9,60.17002,24.94407,000000006b087f40,20.28
17049,2019-08-04T11:06:47Z,34cf37df412ff36df19ebe47ecdd31e5a22355a1fa723a748ac901fd,60.16762,24.95415,000000006b44cce7,9.12
17050,2019-08-04T11:06:47Z,35e26a55ffcf023f80c64d570297932cbeabb750c9f72ba981e2f66e,60.16762,24.95415,000000006b44cce7,12.69
17051,2019-08-04T11:06:47Z,3670a148a52771f0ff5af161725f65b86873c09eea1a7697861c0438,60.14699,24.922,00000000a53ed894,13.75
17052,2019-08-04T11:06:47Z,374083907dd8980893623726af5633afd59b519c885ad12ba5c674eb,60.17002,24.94407,000000006b087f40,4.11
17053,2019-08-04T11:06:47Z,38561a086c97342a24583c26b33205da50e3e973a8147fe016a4a9ff,60.16829,24.94214,00000000afef4555,14.89
17054,2019-08-04T11:06:47Z,386dea4944e0b83648b4b6faf510fd47b0e9e29a2bb9311fe8a80ee2,60.17918,24.95141,00000000675d5200,14.89
17055,2019-08-04T11:06:47Z,395134265ad60f36cbb21b92db8d3db4d07bd71836d174cbf1a09224,60.16829,24.94214,00000000afef4555,5.41
17056,2019-08-04T11:06:47Z,3991e38309311c3fd5aecdcf3290274a5742396d989a81387bf154ae,60.17002,24.94407,000000006b087f40,13.75
17057,2019-08-04T11:06:47Z,39e2f2a7b03cda9f877366363a3727edfefd16d2221e752dafc33634,60.17002,24.94407,000000006b087f40,16.1
17058,2019-08-04T11:06:47Z,3ac85712ab657e849113d439795c4e7325d1025cacdbd9a41174b031,60.17002,24.94407,000000006b087f40,13.75
17059,2019-08-04T11:06:47Z,3ac9d056b0f04f774b238a125eb996d46437f7a8c5f6ba6712e971cf,60.17918,24.95141,00000000675d5200,9.12
17060,2019-08-04T11:06:47Z,3ae1d5a2268ac1af52ba8b54fb28f81c00fa05884af8b8ca5e7e0e9a,60.16762,24.95415,000000006b44cce7,13.75
17061,2019-08-04T11:06:47Z,3b355c039877bd4883845f3fc6ad8dd6f41f170274042f1397585680,60.149,24.9843,00000000fffb8cf0,10.78
17062,2019-08-04T11:06:47Z,3b5030adc7c303403a6333a1a6d35474c2f21c1d20ece72180660423,60.14947,24.91438,000000004ef3150d,21.87
17063,2019-08-04T11:06:47Z,3c7df7d16658abc47ed9e66342a99269fee33785ea550021877f84a4,60.18203,24.91341,00000000342570c2,21.87
17064,2019-08-04T11:06:47Z,3e36420df19c06796a79acdad84551653de9b0132cb0987329f75291,60.16897,24.95222,00000000aa852af1,27.28
17065,2019-08-04T11:06:47Z,3f5d3aed90718f7fb8e8a13ac7002718cc22cbe190beb96821ba52e6,60.17065,24.93641,000000000f4919c9,16.1
17066,2019-08-04T11:06:47Z,3fe4e214448b0c9a8dfbee81c347d82a8f0b26859201fb1d77f40fa9,60.16762,24.95415,000000006b44cce7,7.69
17067,2019-08-04T11:06:47Z,43a599f28d168caa53108cd20ab0cbcbdc62b74321e8c351eb7aee72,60.17002,24.94407,000000006b087f40,27.28
17068,2019-08-04T11:06:47Z,4472fa277123afabdf2402fc2a3c5bff2be437e6d56b590278de70fc,60.17065,24.93641,000000000f4919c9,21.87
17069,2019-08-04T11:06:47Z,448f6044c6c095d8c71341a0017dd6746f6e150f03af7c78b794308f,60.16762,24.95415,000000006b44cce7,5.41
17070,2019-08-04T11:06:47Z,44d01b24bde0f8031d7cf15bb66e661ad9bd92807f3213fabf920fa1,60.16762,24.95415,000000006b44cce7,11.7
17071,2019-08-04T11:06:47Z,465eab28635efe98500085ceb161cf941d02272a0107fbbfb2203c29,60.16829,24.94214,00000000afef4555,7.69
17072,2019-08-04T11:06:47Z,46b81e0dd10fe05195c050bacd41d57feeca0e044b6b317ac22a8656,60.16762,24.95415,000000006b44cce7,9.92
17073,2019-08-04T11:06:47Z,474c1d4ef0fa3c491e44755d0374e003730bcfdbda15e3af17bd0aaa,60.14699,24.922,00000000a53ed894,13.75
17074,2019-08-04T11:06:47Z,47cd1dcac88434ffdc4b868e7f1d8d8a604700564bc83a7c0a3928be,60.16762,24.95415,000000006b44cce7,5.41
17075,2019-08-04T11:06:47Z,47f787c639f2eed345eb5dca409ffcd989850399a1ab781500dd6e82,60.17919,24.95181,000000007b5207b6,6.46
17076,2019-08-04T11:06:47Z,4833b1ea4f519407574f5a838d93a39de28c756c5f53de7ee273b577,60.14947,24.91438,000000004ef3150d,9.12
17077,2019-08-04T11:06:47Z,49084ae4b6419be9e7bb0c9b1420142e07d6ac3c17c07c26895461ed,60.16829,24.94214,00000000afef4555,16.1
17078,2019-08-04T11:06:47Z,4954540aca30f8f56f918178fbd53ee48ddef7a231d425061f6b2f6f,60.18203,24.91341,00000000342570c2,20.28
17079,2019-08-04T11:06:47Z,49d6f6bd5878bfac30a67fe92d1501b5b09cab38ab2b35b661902f0d,60.14947,24.91438,000000004ef3150d,14.89
17080,2019-08-04T11:06:47Z,4a54cbed9c373a4136f8851f3f5736eb2fadd5766d316eb5ebbdd231,60.17919,24.95181,000000007b5207b6,12.69
17081,2019-08-04T11:06:47Z,4b5b3e8f2b484bc08b196c265f65c70151bd69f6263318eb29125db2,60.16829,24.94214,00000000afef4555,27.28
17082,2019-08-04T11:06:47Z,4cf634fc84e128c3b9bce07a4b726d136e18f0eea4229fdbb48f6db1,60.16897,24.95222,00000000aa852af1,11.7
17083,2019-08-04T11:06:47Z,4d31b0561dbfc9ef5acbd44ba92acb4ca7bad86b948634f005173ece,60.14699,24.922,00000000a53ed894,18.79
17084,2019-08-04T11:06:47Z,4ecb021e026179236f488d8ad249e718bd1577b00c2aea9c3ad95f88,60.1538,24.95595,0000000038bf9618,31.5
17085,2019-08-04T11:06:47Z,4f64a0a452cd28e15e79c60cbb361761817de946431b04ad87c6d513,60.16897,24.95222,00000000aa852af1,23.56
17086,2019-08-04T11:06:47Z,51dc3e37f2c849cad38b2a651abb7964e1dfc0e1e0a244c3a6ca8193,60.17002,24.94407,000000006b087f40,18.79
17087,2019-08-04T11:06:47Z,52daa31a2b3c1c07f78d96ebb4de3a965da5ef0a8035afbd0f7451fb,60.16531,24.9442,00000000fdda10fe,31.5
17088,2019-08-04T11:06:47Z,52ebd53e0477c70dd129c946d58792e5069c7db14c369581ee07ed33,60.16762,24.95415,000000006b44cce7,9.92
17089,2019-08-04T11:06:47Z,54d53f276563f566e1cd61b100408412cf78b4fe9fcada830aa6e23b,60.14947,24.91438,000000004ef3150d,8.38
17090,2019-08-04T11:06:47Z,5518b2315c236d486c7a5a4fc27c44987672b2f9a0751ffdaa9cbf78,60.16829,24.94214,00000000afef4555,7.05
17091,2019-08-04T11:06:47Z,56101419005237b836e4ed14d91dfa6f9edc4c92b5fcb419943897bb,60.16762,24.95415,000000006b44cce7,7.05
17092,2019-08-04T11:06:47Z,56318cc7f3616fceec2564cbb1f6ca8b88ea861935a1ada93aafd7b0,60.16897,24.95222,00000000aa852af1,14.89
17093,2019-08-04T11:06:47Z,571934189bf349efb6f596e76c21612cf9b82ed44913090169936048,60.17065,24.93641,000000000f4919c9,29.32
17094,2019-08-04T11:06:47Z,584cb0b0cdd14e608c8b57c8aecc9826f9b40027e365e2438a444ea2,60.16762,24.95415,000000006b44cce7,12.69
17095,2019-08-04T11:06:47Z,58ee8fd47328b1c696ec343920f2c0353d19a915924eb6f6f2638e56,60.16762,24.95415,000000006b44cce7,7.05
17096,2019-08-04T11:06:47Z,59b87e6921598d25b092b66e140328fa03c9f06fe4e697dd344f378a,60.17002,24.94407,000000006b087f40,23.56
17097,2019-08-04T11:06:47Z,5a730ea19664020323272509e5443616ea3f1cecd7b295e294be4ba7,60.14947,24.91438,000000004ef3150d,9.92
17098,2019-08-04T11:06:47Z,5c404f374a48548bfe8b02859d12ae59c4ae608fae2139fd71ef51b1,60.16762,24.95415,000000006b44cce7,20.28
17099,2019-08-04T11:06:47Z,5d9aa6fcb0d81ceaa80ca13cc08a88138be517656646e0ba0942ce46,60.16897,24.95222,00000000aa852af1,5.91
17100,2019-08-04T11:06:47Z,5f5805a3ffd092506452c4d45ea8fc037ae23ea726f0b0809ca6ffde,60.16829,24.94214,00000000afef4555,23.56
17101,2019-08-04T11:06:47Z,60f982521b3cf63a23ce97156f686572b3c936ebe5a76c0d78269fd9,60.16762,24.95415,000000006b44cce7,17.4
17102,2019-08-04T11:06:47Z,610d37641cb326502fe1981e6312ae786d40bfbdae28e94223958480,60.16762,24.95415,000000006b44cce7,16.1
17103,2019-08-04T11:06:47Z,6138e6ab3e1e74425af8945a6fcc294c1469a0b9c448b780bcf9d2e2,60.14699,24.922,00000000a53ed894,7.05
17104,2019-08-04T11:06:47Z,62cac4a0e252305e1128942dc3ec48baaa514c6737c415f85abb3665,60.1538,24.95595,0000000038bf9618,20.28
17105,2019-08-04T11:06:47Z,62d86ee13e6ae7a5c41ffc2de746df72d4ef6e8d2b6a51ce1c68965f,60.16829,24.94214,00000000afef4555,8.38
17106,2019-08-04T11:06:47Z,62e27092b58abcaf80564c408d0d4a7b821abaee92dc2f02ccb11e61,60.16762,24.95415,000000006b44cce7,7.05
17107,2019-08-04T11:06:47Z,642854fedcb321ee00b4d97213dec89eceebdf9bf1641d8f90533887,60.16829,24.94214,00000000afef4555,25.36
17108,2019-08-04T11:06:47Z,66755836036c771e53ffd9d0dc09b8575231b53b80af22e868691a2a,60.14699,24.922,00000000a53ed894,4.11
17109,2019-08-04T11:06:47Z,6770188bfb70997d029b95fe32bafef6ca944778a3f1a35d0fa674b8,60.16829,24.94214,00000000afef4555,21.87
17110,2019-08-04T11:06:47Z,69852d528034ea6fc746ed8942c32f1c90bc33a7a7317dfac3c9b1c1,60.14699,24.922,00000000a53ed894,5.41
17111,2019-08-04T11:06:47Z,699b48bb93c5befb62ff0686e75f158406b659f14daec16ab66d4499,60.15432,24.9211,0000000019fb59c4,25.36
17112,2019-08-04T11:06:47Z,69d8c906060e226ff0f0f7e78029575f2ee07ebec657a3b641419268,60.14699,24.922,00000000a53ed894,11.7
17113,2019-08-04T11:06:47Z,6a34297fcf1ea6472756f3d437d5cf207a43ab8797c1942f78282951,60.16448,24.97323,0000000053c6c2be,25.36
17114,2019-08-04T11:06:47Z,6ac8fdd67b3dd11f0bae935f3a285880138382088238b97f511d3f12,60.16897,24.95222,00000000aa852af1,14.89
17115,2019-08-04T11:06:47Z,6c637347d64659d1b29b0461397fccfbff09339872c14e32469fbd0f,60.16762,24.95415,000000006b44cce7,16.1
17116,2019-08-04T11:06:47Z,6c97da4ba9462e7fe786a472989dab23340d31809dd78d5617204da4,60.16829,24.94214,00000000afef4555,8.38
17117,2019-08-04T11:06:47Z,6e492dbc3f10157e7ff00826a839a97262ab36244ccc57b702a89999,60.16531,24.9442,00000000fdda10fe,2.54
17118,2019-08-04T11:06:47Z,6f01673aa506c80d2de3e4cdfaaa09c0755a4ae7f9a674edceae4e72,60.16762,24.95415,000000006b44cce7,23.56
17119,2019-08-04T11:06:47Z,6faf62fbff92729472d61bc9a13a5e72833e55bf713863161f8ca9cb,60.15432,24.9211,0000000019fb59c4,27.28
17120,2019-08-04T11:06:47Z,70865ff0fd32dc9fc73f25e929a40535a717664003e66c14224a9d90,60.16762,24.95415,000000006b44cce7,9.12
17121,2019-08-04T11:06:47Z,70ffae2b8178e0915c5de7816f8dd8bcc3af745ee49df8ac4da4adba,60.17918,24.95141,00000000675d5200,18.79
17122,2019-08-04T11:06:47Z,714e80a1e3c0fee43e312f314b2faec47e582ee8dac47e4818dbc2f9,60.149,24.9843,00000000fffb8cf0,3.74
17123,2019-08-04T11:06:47Z,71516fc8349cfaf2b5c4ab80ade6078494d93d13e9953af15e5ced30,60.18203,24.91341,00000000342570c2,17.4
17124,2019-08-04T11:06:47Z,71c1367c7dea4dfa243172e02b9092c7a0810bef003216681759891e,60.16897,24.95222,00000000aa852af1,23.56
17125,2019-08-04T11:06:47Z,730d975773cc8c9c07ff88fb87377ff64a961a96e9237e59859fa46f,60.16762,24.95415,000000006b44cce7,7.69
17126,2019-08-04T11:06:47Z,738973c9b5f9882f29075e47ca10e50ba3fb9883da779f41545175f4,60.17918,24.95141,00000000675d5200,21.87
17127,2019-08-04T11:06:47Z,74c2ec2adc228e5b4979284d730fd2de698242f0f06d90f870b8cde6,60.16762,24.95415,000000006b44cce7,9.92
17128,2019-08-04T11:06:47Z,74cb545f76f0bfc5498607247e26e814276a11ce91f77208054ecbc5,60.17002,24.94407,000000006b087f40,27.28
17129,2019-08-04T11:06:47Z,7552783317be1ef797980c3a9ee9c5967d4e7b32765f23c51ffda02d,60.16897,24.95222,00000000aa852af1,11.7
17130,2019-08-04T11:06:47Z,75d452cbba63995ad06213b577081e8db650c80b3a78060789a8e831,60.16762,24.95415,000000006b44cce7,8.38
17131,2019-08-04T11:06:47Z,75dc69a66709d80dc34f816e5b2cbf53ee34b75f4ca9ae28f9ddf14c,60.16762,24.95415,000000006b44cce7,16.1
17132,2019-08-04T11:06:47Z,795b33361c4adbe3fd61f8f680186862dfc479124c39e5da6579b065,60.16829,24.94214,00000000afef4555,21.87
17133,2019-08-04T11:06:47Z,79bde23c1a8980f93a65e14306f0d8ea89e164430d8b991e2bfee82e,60.16531,24.9442,00000000fdda10fe,23.56
17134,2019-08-04T11:06:47Z,79d319fdb5b56690a024f10ba6c5e7e6f5687c0f8d5bf419a18f618a,60.16762,24.95415,000000006b44cce7,16.1
17135,2019-08-04T11:06:47Z,79f6ceff0d0fc6687b4982c4d38a9ebb0a1056b6e0c448b1b9e79e8e,60.16897,24.95222,00000000aa852af1,20.28
17136,2019-08-04T11:06:47Z,7afc351f0ed7619c18c64ab06971196bb53d53e2d460151ab711bc0f,60.16762,24.95415,000000006b44cce7,9.12
17137,2019-08-04T11:06:47Z,7c55ecf165387948602e82b684a55be093691849fde2d96ad6574475,60.17065,24.93641,000000000f4919c9,8.38
17138,2019-08-04T11:06:47Z,7ddcdde2316659d0fa4b8597b86430e095ea0bc7f3564a9d05fc60f8,60.16897,24.95222,00000000aa852af1,11.7
17139,2019-08-04T11:06:47Z,7e78b2348d9576c63ebb626030ee9d43e2bf07e860782adf3f1c452b,60.16829,24.94214,00000000afef4555,2.54
17140,2019-08-04T11:06:47Z,7ea276abbe2f1bfd85b2493f7b4c801189e673c0b4dc987d2c8e30dc,60.14699,24.922,00000000a53ed894,11.7
17141,2019-08-04T11:06:47Z,7eefc5581c616491b78192b28b519ba727dc884a87bc06b8df1ea4f2,60.14699,24.922,00000000a53ed894,9.92
17142,2019-08-04T11:06:47Z,822590bd49bcf7ed4de4f8389586915c343b29c4283ff8b90d7c1d39,60.17065,24.93641,000000000f4919c9,16.1
17143,2019-08-04T11:06:47Z,82ac749474448abac333d00869cb8b508872f86293913d95eae26a05,60.15432,24.9211,0000000019fb59c4,4.94
17144,2019-08-04T11:06:47Z,82cddd3b9f58762d36efe78da4e2722ee587cfdb3fdbc58b52673082,60.16629,24.95957,00000000fb7600be,11.7
17145,2019-08-04T11:06:47Z,844b8ad6ebf530978d1139d527a681991f4d3eed6be5bc723f0b2192,60.16531,24.9442,00000000fdda10fe,1.7
17146,2019-08-04T11:06:47Z,849d6a476563b352092dcda35e816833b571b7f630e7ff8617d9b7da,60.16829,24.94214,00000000afef4555,14.89
17147,2019-08-04T11:06:47Z,85b440c4e1125b1e2531499de3b19b82ae4b7eabb4d89c63c97fa83b,60.16829,24.94214,00000000afef4555,29.32
17148,2019-08-04T11:06:47Z,87f4cf4baea8c5dfe1bc7812cc969574058bd4d2dda215192bcfc53f,60.14699,24.922,00000000a53ed894,3.09
17149,2019-08-04T11:06:47Z,886032718e05487be8bd75bb14464814044c7edd7f9a2198304f6fb4,60.16629,24.95957,00000000fb7600be,18.79
17150,2019-08-04T11:06:47Z,886be57d80b2439f18ec46acad131b3c75896a035716db96c2e0f80d,60.14951,24.92138,0000000006dd41f6,20.28
17151,2019-08-04T11:06:47Z,89df1daad350e46d526e113019214d2e1a19d8f48da761bb3583399b,60.16762,24.95415,000000006b44cce7,7.05
17152,2019-08-04T11:06:47Z,8a7f5012c000c420f0a336a3988c72cf2b373818f4f3f369e994d8e4,60.16829,24.94214,00000000afef4555,12.69
17153,2019-08-04T11:06:47Z,8ab70baa822768852fe312b760df7dbcb1a0fec7f2ba601146b9928c,60.16629,24.95957,00000000fb7600be,27.28
17154,2019-08-04T11:06:47Z,8f3d9ab893ae4a48fd3417f3a749c21e792779990ae0ad75a8f211de,60.1538,24.95595,0000000038bf9618,27.28
17155,2019-08-04T11:06:47Z,8f998d0e47a5fb2e84c8dcffb4a33ca4adeaf8db93423df171988c1e,60.16629,24.95957,00000000fb7600be,21.87
17156,2019-08-04T11:06:47Z,90b12d2b9898702fd62b343512e0d53796ae38decdf704e203a0cc39,60.16829,24.94214,00000000afef4555,18.79
17157,2019-08-04T11:06:47Z,91602a694bc74a2874ba7f02a7bae062a3a77cd869b86a74800415b8,60.17919,24.95181,000000007b5207b6,20.28
17158,2019-08-04T11:06:47Z,93272ad17155ea9499641eda7c5560691582116096278b82738ab21e,60.14699,24.922,00000000a53ed894,10.78
17159,2019-08-04T11:06:47Z,94ac9d6e79236013b9fa24e1c52123819228f6962b5952637ca80fcb,60.16762,24.95415,000000006b44cce7,9.12
17160,2019-08-04T11:06:47Z,951482f3e2e41b496e34885c346c4a7ab09427178119caa9b8bbcbb6,60.14947,24.91438,000000004ef3150d,18.79
17161,2019-08-04T11:06:47Z,963e557a0ff05fbc680ceaeae8fdc018be7e4818d1f0ac8656d2b1f9,60.18203,24.91341,00000000342570c2,29.32
17162,2019-08-04T11:06:47Z,97490f522f1a0226c8f7e8ed7bca08dd71b63d80b46d38020127b868,60.14699,24.922,00000000a53ed894,13.75
17163,2019-08-04T11:06:47Z,9924ed20d6ddee438860f63a9fa1a2cefa7ccfa275d6da3a2008d84d,60.173,24.92524,0000000096918cfa,18.79
17164,2019-08-04T11:06:47Z,998ac46ad73c197bab1f36dca67d8bcaa3aca92249185a5e3715043f,60.17065,24.93641,000000000f4919c9,16.1
17165,2019-08-04T11:06:47Z,9a49d0b5a67fba15ce8971503f6fea88994b33487a842397c5e8564f,60.16762,24.95415,000000006b44cce7,3.09
17166,2019-08-04T11:06:47Z,9aa588cb6f425117e45726b6b9adb7ef86c8f7c8113b547dc61f068a,60.16897,24.95222,00000000aa852af1,18.79
17167,2019-08-04T11:06:47Z,9ab0a60cb60531417ac6ec5ebc6ef591d2f39019c6b0bcb5a89101a2,60.14699,24.922,00000000a53ed894,7.05
17168,2019-08-04T11:06:47Z,9b24f69458294d27d07a0169665965135fd02f4c953f85bcebf4ba87,60.16762,24.95415,000000006b44cce7,12.69
17169,2019-08-04T11:06:47Z,9b4b0705e58750d2bcbd71ad65d85677f7e77db5dfe69d1a70b5d31f,60.17919,24.95181,000000007b5207b6,14.89
17170,2019-08-04T11:06:47Z,9bc50d931d6c1678284177395958d15f05b45d60ae7bc09fe1e1694e,60.16762,24.95415,000000006b44cce7,4.94
17171,2019-08-04T11:06:47Z,9bc91538b73e0220fcf5cd07290c07d56f6f48d3ba0ba6b6b0876da9,60.17065,24.93641,000000000f4919c9,3.09
17172,2019-08-04T11:06:47Z,9bef562c292174f1eb3933116effff74a8733a78e5c1df140de3fd6c,60.17919,24.95181,000000007b5207b6,7.69
17173,2019-08-04T11:06:47Z,9d257e93b3b434881323dfc68df4331a76989017df05c1cdef2d2215,60.14951,24.92138,0000000006dd41f6,18.79
17174,2019-08-04T11:06:47Z,9dda6ec06356b345040c379fd73bf923f7eac951cb2eb9cdc43dd5bb,60.173,24.92524,0000000096918cfa,25.36
17175,2019-08-04T11:06:47Z,a066e2044b486819fe2185765f63ed87f8d10c502f26a01be1f1a758,60.149,24.9843,00000000fffb8cf0,29.32
17176,2019-08-04T11:06:47Z,a0ec1a8d581f94e640a6858a674699d2464ec065e6faea9d4ce2a13b,60.16762,24.95415,000000006b44cce7,4.94
17177,2019-08-04T11:06:47Z,a2f0adf51cb9d2a5417cc0797183513a8bbcecfbc717a1b63e42027d,60.16762,24.95415,000000006b44cce7,10.78
17178,2019-08-04T11:06:47Z,a30740fbf4b7e21f6fe2996e9325c90936de161cb2165e87cd96fd35,60.149,24.9843,00000000fffb8cf0,25.36
17179,2019-08-04T11:06:47Z,a3664d77633807788598dd8d4a7ba8caba2c31bfdcb6ba83651d4e7e,60.173,24.92524,0000000096918cfa,18.79
17180,2019-08-04T11:06:47Z,a3c1a4a58b9381c27b1d5076e0d8d72039afccfb0e58438a80247324,60.16762,24.95415,000000006b44cce7,2.08
17181,2019-08-04T11:06:47Z,a43bf710535a327abcc01467b69f5bc7209e67e9c0af21e2891fcc2e,60.16762,24.95415,000000006b44cce7,12.69
17182,2019-08-04T11:06:47Z,a488d8700d0761c51d771677bb82a9a5bbb86e97e0d5835aeff65d2b,60.16629,24.95957,00000000fb7600be,20.28
17183,2019-08-04T11:06:47Z,a50e0bb8fd1ad4ad264c3246b210a0c6285faae591c1bd2c2c3458af,60.16829,24.94214,00000000afef4555,18.79
17184,2019-08-04T11:06:47Z,a5835ce352a1e6d8fb6bdc410fae1076c756f7dac8e202465add9277,60.16762,24.95415,000000006b44cce7,9.12
17185,2019-08-04T11:06:47Z,a5d632ac8ffc19a626de034d3c9444fd262ee6edada285c816ea9266,60.16531,24.9442,00000000fdda10fe,9.12
17186,2019-08-04T11:06:47Z,a81c19fb85eebf853246cdc4d8e38245dfa5ba15c180eaa1bcc0378d,60.16829,24.94214,00000000afef4555,8.38
17187,2019-08-04T11:06:47Z,aa2652969cafd3f9e6111c494e1382da619ce37948028c4fbf03a494,60.16829,24.94214,00000000afef4555,25.36
17188,2019-08-04T11:06:47Z,aa4547c0b6b8be30776e08d524ceeacfbc9930ad720e11fa4cb20882,60.16531,24.9442,00000000fdda10fe,1.88
17189,2019-08-04T11:06:47Z,aa45859d6157e9e86470ec8b81957acc35bafb1b7f419d79357a38cf,60.16829,24.94214,00000000afef4555,10.78
17190,2019-08-04T11:06:47Z,ab1377ddf669bb806f8db586f4ce5ab9f0f4257dda61fe800d8509f5,60.17065,24.93641,000000000f4919c9,23.56
17191,2019-08-04T11:06:47Z,ab9310807d2eb4984b053d38f467cb5d3e4211ff71ceb059480cf9ba,60.16829,24.94214,00000000afef4555,20.28
17192,2019-08-04T11:06:47Z,ac4679e3db131ec2ea8e1111c8aa0d71020cf8796ecb11f142478394,60.14947,24.91438,000000004ef3150d,6.46
17193,2019-08-04T11:06:47Z,acab6fbf8f6a1a4dc09417d6d4596d6c9261485fe46f582e58fb9e4f,60.1538,24.95595,0000000038bf9618,38.87
17194,2019-08-04T11:06:47Z,addc60a477245c1c33e3a627145e2a2971adf755bfcf8aef4c8c0f88,60.16897,24.95222,00000000aa852af1,17.4
17195,2019-08-04T11:06:47Z,adf3914eaf1478a77ba35ea49262388e4babe633207748c7608b8780,60.16762,24.95415,000000006b44cce7,10.78
17196,2019-08-04T11:06:47Z,ae3cda5066e455d4b1e58860e8fb7a35efad69b9964a676b476b0687,60.14947,24.91438,000000004ef3150d,4.94
17197,2019-08-04T11:06:47Z,af871cd90bdae830f68791fede6ef4a2f91a7c928f682971936d755b,60.16829,24.94214,00000000afef4555,23.56
17198,2019-08-04T11:06:47Z,b0d6202ccd1560eaf57c06931cb6466332e41068ad2963e515819015,60.17919,24.95181,000000007b5207b6,16.1
17199,2019-08-04T11:06:47Z,b2298fc6f63c02481610f9aef24f1a0c1711c255adc43c0fe135c1ca,60.14947,24.91438,000000004ef3150d,9.92
17200,2019-08-04T11:06:47Z,b26d0daac9f8fb84484cbd8ed668aeb6751e848b1c533a307d163360,60.16762,24.95415,000000006b44cce7,3.74
17201,2019-08-04T11:06:47Z,b3266ecf36a984b814e1b2d31b447438bd948a9c116721480104792f,60.16829,24.94214,00000000afef4555,20.28
17202,2019-08-04T11:06:47Z,b5cdbcdc30e0bf653ce353c867708b0067db5e394c8cbe848d978a77,60.14699,24.922,00000000a53ed894,7.69
17203,2019-08-04T11:06:47Z,b601cd655bb9f05aa6ec86fc9eb9300c3bc20bc0e856e94ad168a257,60.14947,24.91438,000000004ef3150d,9.92
17204,2019-08-04T11:06:47Z,b61c6a5634cffe7dead72d5f6730e8439bee6dd2286d9df8f3052e3c,60.16762,24.95415,000000006b44cce7,7.69
17205,2019-08-04T11:06:47Z,b81a9bf449d3e64ad0181804598330bbf305f384b888935023742c79,60.173,24.92524,0000000096918cfa,25.36
17206,2019-08-04T11:06:47Z,b81e65168ea3278486b1c954ab229bc2eda3fe07098e824f05cd0ac4,60.149,24.9843,00000000fffb8cf0,21.87
17207,2019-08-04T11:06:47Z,b8f5834e6b992cf5568ae3153fb4b07e97b7f6dd01250851134c1824,60.149,24.9843,00000000fffb8cf0,23.56
17208,2019-08-04T11:06:47Z,ba288a5fd2befbc9ed08e7876ad7cb2bd8bfe6f5756d2ffe8e2dc558,60.17002,24.94407,000000006b087f40,20.28
17209,2019-08-04T11:06:47Z,bbf7d8b9085ddcd3b94f55f93b52cb40a251c44f5df4099ba5b61471,60.16829,24.94214,00000000afef4555,5.91
17210,2019-08-04T11:06:47Z,bc07df8cc395f6f4f5d483b2233caca5f93a6918f346e4cc3702f8cc,60.16531,24.9442,00000000fdda10fe,25.36
17211,2019-08-04T11:06:47Z,bd7fa2c07b7e0eab8afb3d9825a810643c2eb71f83c09a1e26cac54c,60.16762,24.95415,000000006b44cce7,4.11
17212,2019-08-04T11:06:47Z,be57346c6a31904c7a3c53b6a9e94df7c93f7f510d3b2ff733d214b6,60.16762,24.95415,000000006b44cce7,14.89
17213,2019-08-04T11:06:47Z,bf9ce5791ac57b111f0539859dbf4cadf8b08bde9d823abe44169ccd,60.16762,24.95415,000000006b44cce7,13.75
17214,2019-08-04T11:06:47Z,bfa8d7b9def7effb1001889eb2b427ec02b29f8110ef50a4c24f069c,60.16829,24.94214,00000000afef4555,23.56
17215,2019-08-04T11:06:47Z,bfd5c2630b36fde15de01ea74e598d035402cf1edb7c9230617927e0,60.16762,24.95415,000000006b44cce7,13.75
17216,2019-08-04T11:06:47Z,c012e9e2caf1002d24e53817bb1279becdfc4aa9dba085e93ddd88e9,60.17002,24.94407,000000006b087f40,27.28
17217,2019-08-04T11:06:47Z,c17d750015a2259a1bba7471f2e4e0a1db4df53276be8c8463fd5f84,60.16829,24.94214,00000000afef4555,14.89
17218,2019-08-04T11:06:47Z,c2086d5cd92d4f8ed97396f4da919248c0bd5f6d2edcc04866c1f70e,60.16762,24.95415,000000006b44cce7,11.7
17219,2019-08-04T11:06:47Z,c239e27b985c23449b6aa84b78560b1b4e535975f3ba059d7987efe4,60.16762,24.95415,000000006b44cce7,11.7
17220,2019-08-04T11:06:47Z,c23c5bcbe8e9baedf8556badfaa9369c235c6df24e3dc5de9be682a6,60.16762,24.95415,000000006b44cce7,20.28
17221,2019-08-04T11:06:47Z,c27fee8ae8d689338b043608280c83cfa6f3276d3837ecea5f742dc3,60.16762,24.95415,000000006b44cce7,7.05
17222,2019-08-04T11:06:47Z,c2cc33e5b1b8d254d4bcbc0ffa13c9200676a39a191cc31a38d28d8d,60.17065,24.93641,000000000f4919c9,13.75
17223,2019-08-04T11:06:47Z,c2d88bc74172eb47d26ee5d739980baa7fc011b9973f9f18b482aa81,60.17065,24.93641,000000000f4919c9,20.28
17224,2019-08-04T11:06:47Z,c2e135ad2c160277e290705658ac41d7cd35b11ebf61d829fdd0b428,60.14699,24.922,00000000a53ed894,8.38
17225,2019-08-04T11:06:47Z,c3a233d5eac10085938aeedca55b9f7474c4373e5f8779ce6dec9682,60.14699,24.922,00000000a53ed894,27.28
17226,2019-08-04T11:06:47Z,c4c3ad738ca47920bb66939f620126c87f730c644813158554916827,60.16762,24.95415,000000006b44cce7,9.92
17227,2019-08-04T11:06:47Z,c55894159f2080031cda702c78ee54463c3c15ab1b3638afdf687f08,60.16531,24.9442,00000000fdda10fe,4.94
17228,2019-08-04T11:06:47Z,c579eba896de95131c4cbe66bafd0f641be628aa2ff8f8a4d1f16691,60.16762,24.95415,000000006b44cce7,9.12
17229,2019-08-04T11:06:47Z,c5ffe1809d0314e1f74db7cbb63e9a1b59f6fdda752b423ea74be3b0,60.16897,24.95222,00000000aa852af1,31.5
17230,2019-08-04T11:06:47Z,c6b0ea433c3fdc73e0bac7e3faa2690506c4e8ec7fc54210446a7ffa,60.14947,24.91438,000000004ef3150d,29.32
17231,2019-08-04T11:06:47Z,c7160ae9aa31ca4dba615425303b1e527f342ede653be387ee54389c,60.149,24.9843,00000000fffb8cf0,29.32
17232,2019-08-04T11:06:47Z,c739921adb150c53f1887c6ce887adc6cd7ae7e35e69f6e4dc52fe81,60.173,24.92524,0000000096918cfa,20.28
17233,2019-08-04T11:06:47Z,c7ced11121537f55bcd7d7ab67312226dafe7c85320c5357a35d5ab7,60.17002,24.94407,000000006b087f40,18.79
17234,2019-08-04T11:06:47Z,c990a15d27cfc21e63b7c96b95949254f1194e8b27118386a589e2bd,60.16897,24.95222,00000000aa852af1,13.75
17235,2019-08-04T11:06:47Z,cb2f32be2e27fc44ead887ff7f76c0199bf68b2c6711e6880f4acd01,60.16762,24.95415,000000006b44cce7,8.38
17236,2019-08-04T11:06:47Z,cd7d0e9404c9f4e8fab0742460b9acb4d5bbb97f44df80d4a8b973cd,60.17002,24.94407,000000006b087f40,11.7
17237,2019-08-04T11:06:47Z,cf241827513137f094cda8111245217a32612fdb8fdb573be6e1893d,60.16762,24.95415,000000006b44cce7,11.7
17238,2019-08-04T11:06:47Z,d04b5065ec93818b731141027d11e6a1cf53de69b9737d7aea0c34da,60.14947,24.91438,000000004ef3150d,9.92
17239,2019-08-04T11:06:47Z,d162ad46250f7d87af446db22df4aa6b2eb2bf22f83beca34e857743,60.16762,24.95415,000000006b44cce7,5.41
17240,2019-08-04T11:06:47Z,d1b77fcfad94da8564d1a85ed1797255531e5ab26cc835800878fb26,60.17065,24.93641,000000000f4919c9,11.7
17241,2019-08-04T11:06:47Z,d25e926dba8aa2c77f46ada32671b08b1176455c0e3693d160b87744,60.16762,24.95415,000000006b44cce7,13.75
17242,2019-08-04T11:06:47Z,d2aa78414847f7d563d6dd86215208c2c50df75bfd2a7b601cfcc35e,60.16762,24.95415,000000006b44cce7,12.69
17243,2019-08-04T11:06:47Z,d2e3bf982b10b2079eaa464127a286409c5030b21ffe9a2ce08bbb9c,60.16762,24.95415,000000006b44cce7,9.12
17244,2019-08-04T11:06:47Z,d6a8c97f1ec18c7a90d3beae358bad67f8d53626258a852e15b08c5d,60.14699,24.922,00000000a53ed894,6.46
17245,2019-08-04T11:06:47Z,d71a315bac918f9a18fcd820731e6d9eb54fb0d01c324ca088ef8858,60.149,24.9843,00000000fffb8cf0,21.87
17246,2019-08-04T11:06:47Z,d7b6b8f9e61c0c1181850b8880f319ea2ef58d8a3adac78d63c0d11c,60.16829,24.94214,00000000afef4555,25.36
17247,2019-08-04T11:06:47Z,d82f37918d46bea29e113c6b57b901b1b960ed3337bdcce777aea476,60.17065,24.93641,000000000f4919c9,4.5
17248,2019-08-04T11:06:47Z,d86f155736e4d36de5d33bdbb3b12b717b75de44852b93419af20945,60.16829,24.94214,00000000afef4555,20.28
17249,2019-08-04T11:06:47Z,d93fdd9bc3977abe9d2be18a17b3e7b11380d543e1a1a4923c6d10f1,60.16897,24.95222,00000000aa852af1,23.56
17250,2019-08-04T11:06:47Z,da2398acaae7f39c7b80c220d4e6917bdc7655f4c71b6e36d06cb859,60.18203,24.91341,00000000342570c2,20.28
17251,2019-08-04T11:06:47Z,dabb7edec36f560d07547c2595765be02b0731b3826f93f5c41b7120,60.16762,24.95415,000000006b44cce7,7.05
17252,2019-08-04T11:06:47Z,db45583e1f7aaaf54e100214986dfc86aa755383e86d361639a5b19b,60.16762,24.95415,000000006b44cce7,7.69
17253,2019-08-04T11:06:47Z,db4d3f81708de827ce30c4130610fd65b4d6d451ca5cf6b0c4e745d9,60.16829,24.94214,00000000afef4555,17.4
17254,2019-08-04T11:06:47Z,dc816e92e4a2eceea03f41fc379fda0e3d57b5d0fbd9a06430432022,60.16762,24.95415,000000006b44cce7,9.92
17255,2019-08-04T11:06:47Z,dc82f9648bb5ba21e766e0923f5fa7ca2d77662ab0edbe22a3d95631,60.14699,24.922,00000000a53ed894,4.5
17256,2019-08-04T11:06:47Z,de48adf9d49eb3bc1d61dea4047618f6c77086fc44bd2b535d56504d,60.16762,24.95415,000000006b44cce7,3.09
17257,2019-08-04T11:06:47Z,de71e27b55ef6f2f51f05838a2fcab596f1dd93a14ece5ce4548f5c7,60.14699,24.922,00000000a53ed894,4.94
17258,2019-08-04T11:06:47Z,e081e4b3252ca91bbf1cbb70faa116d60317fbf3a991a67bc99b4bfa,60.149,24.9843,00000000fffb8cf0,16.1
17259,2019-08-04T11:06:47Z,e0859a9c906151023376d86762070f38ba1b3859e671531b0edac6cd,60.16075,24.95883,00000000f1124bca,20.28
17260,2019-08-04T11:06:47Z,e092030747b57112ba6ccf5bdd565d76abb3607abf31a06d0d92660c,60.16762,24.95415,000000006b44cce7,13.75
17261,2019-08-04T11:06:47Z,e0f396cc2b1da411f0b5e36bf3102ea32378a0d38e6b153d3b303bb4,60.16762,24.95415,000000006b44cce7,10.78
17262,2019-08-04T11:06:47Z,e1da87aea335bcd04e4c876158b96ebc7ba4206bc216c3aa27a2f4af,60.17919,24.95181,000000007b5207b6,18.79
17263,2019-08-04T11:06:47Z,e1ea248cca014d6f8b4231be052c67871b074465a396443b92a64064,60.1538,24.95595,0000000038bf9618,38.87
17264,2019-08-04T11:06:47Z,e2308d94332f82ea38141cb428231a51fc38ac78118b71c897b650d5,60.16629,24.95957,00000000fb7600be,33.81
17265,2019-08-04T11:06:47Z,e29168791ccd18013b58845430388cc5aac537e7e1c618aeb78900a8,60.16897,24.95222,00000000aa852af1,23.56
17266,2019-08-04T11:06:47Z,e305610124e16ed1411a221b29ce69a076cc47982efd6c098b0599ab,60.14947,24.91438,000000004ef3150d,7.69
17267,2019-08-04T11:06:47Z,e44d7228cecbdb2474e1cc396a6c13943f09c08c19d0ffab1997d509,60.17919,24.95181,000000007b5207b6,12.69
17268,2019-08-04T11:06:47Z,e557e164cd52fd817b02cad6587a294d72b0974d9b014ad69ea5e08e,60.17919,24.95181,000000007b5207b6,20.28
17269,2019-08-04T11:06:47Z,e5b9b4813c081a31fb498e7f9adb94918c267dfa125c63790c0d9488,60.149,24.9843,00000000fffb8cf0,2.08
17270,2019-08-04T11:06:47Z,e97ba22b59a38317629569b1436cdd3787ac8efdf4b47a48c7646e26,60.16762,24.95415,000000006b44cce7,14.89
17271,2019-08-04T11:06:47Z,e9d59e25b58f33f70aad6832863cb59d7485ca55a1575558f92b74e7,60.16897,24.95222,00000000aa852af1,7.69
17272,2019-08-04T11:06:47Z,ea38d72fbf2215d530a70d6a97dcc603a44b18d4d7ce557a91cb80bb,60.16762,24.95415,000000006b44cce7,7.69
17273,2019-08-04T11:06:47Z,ead2f467899b87bb3227752949a27b808fad94a55a6913fdfe14085d,60.16762,24.95415,000000006b44cce7,20.28
17274,2019-08-04T11:06:47Z,eb09e242059d315d7f929b7befadc641eeddb95492babe81030cbabc,60.16829,24.94214,00000000afef4555,27.28
17275,2019-08-04T11:06:47Z,eb10ddb244dec4641f50a9b05b0e1cfdf4ac49e3dc3001cddb1e67c0,60.16762,24.95415,000000006b44cce7,11.7
17276,2019-08-04T11:06:47Z,eb261026c6f65b651ddf21bed629a1e164cfb500d0b78062704ec15c,60.16762,24.95415,000000006b44cce7,4.94
17277,2019-08-04T11:06:47Z,ec485175d2b7a2c53d03bf546aee134c116d998976601b069570c6f9,60.14699,24.922,00000000a53ed894,21.87
17278,2019-08-04T11:06:47Z,ecb1735f180422ec69f041cd2782a26c9f07d27a87893b3c30aaa9b7,60.16075,24.95883,00000000f1124bca,11.7
17279,2019-08-04T11:06:47Z,ecb5655da668bb183a5c270a96927649c323975e318184d248247099,60.16829,24.94214,00000000afef4555,25.36
17280,2019-08-04T11:06:47Z,ede13c9dc221bbc6c1daf78250fa6547303c06d7606c05ba0bf64547,60.17918,24.95141,00000000675d5200,21.87
17281,2019-08-04T11:06:47Z,eea43687eab35d2c386347881796eb1c8279076b9e9642ebc2cd06ac,60.16762,24.95415,000000006b44cce7,4.94
17282,2019-08-04T11:06:47Z,ef15ff71b7dc4c2088249a4fca7e28900ae315245a7a3b4d571bf582,60.16829,24.94214,00000000afef4555,14.89
17283,2019-08-04T11:06:47Z,ef45fdc095ee55730384922266d8fce61de212d3c3df2441ea10e524,60.14947,24.91438,000000004ef3150d,8.38
17284,2019-08-04T11:06:47Z,ef5e495c5f9d3dd9eb22ed5b8faf1cc9e4225d4785ebb26a87d16fff,60.14699,24.922,00000000a53ed894,8.38
17285,2019-08-04T11:06:47Z,f110acae92fec55c6caca5de864773a6b99e5b8d6e2fdf8d1bdbc759,60.16762,24.95415,000000006b44cce7,5.91
17286,2019-08-04T11:06:47Z,f18044d5121de9a6aee20532d8b30324092688ee474def5d3e8fb80f,60.16762,24.95415,000000006b44cce7,20.28
17287,2019-08-04T11:06:47Z,f196f5f8c08299d290b3bac1944e00bb1f2c90594db66438b0c10e6e,60.16629,24.95957,00000000fb7600be,13.75
17288,2019-08-04T11:06:47Z,f1d44b9d3710849eba7eab0b6646053378aa5f8ee3491ec2522f3c44,60.14947,24.91438,000000004ef3150d,17.4
17289,2019-08-04T11:06:47Z,f2467c8ede6444941158701b7bd9d005beec9ffdb355ce2d8c7a9bfd,60.149,24.9843,00000000fffb8cf0,29.32
17290,2019-08-04T11:06:47Z,f4537d3a0c1408b022793f60b53e651b2eac6640fa66b9248338e815,60.16762,24.95415,000000006b44cce7,14.89
17291,2019-08-04T11:06:47Z,f4b9fc6acb673aea24fe00dfbe806b81fedab0c2ea82d781f7659ce5,60.16762,24.95415,000000006b44cce7,3.4
17292,2019-08-04T11:06:47Z,f5ffa3dbcdd5592ac31344cb04a7a6d639109a4d6e196fa0df3990dd,60.17065,24.93641,000000000f4919c9,9.92
17293,2019-08-04T11:06:47Z,f616fbd0fde8316049c3068ae4368dc9f486f8da4bf5516e9ba82578,60.16897,24.95222,00000000aa852af1,9.12
17294,2019-08-04T11:06:47Z,f62b86ef56fa9417b0128f2fff6530aed6f2a50d3f65bbbfdcbbee59,60.16762,24.95415,000000006b44cce7,16.1
17295,2019-08-04T11:06:47Z,f756416830b046336a677173f34b00e83412904998e92cfb4ebe207d,60.16762,24.95415,000000006b44cce7,18.79
17296,2019-08-04T11:06:47Z,f78ef2ddbe48b534137498eab56c0a55ec0e0b1d8868e82cb5652a0e,60.14699,24.922,00000000a53ed894,10.78
17297,2019-08-04T11:06:47Z,f7be7d003528c0c0827040a3a3723e49406a5a7c86cb4bc568a830db,60.17002,24.94407,000000006b087f40,21.87
17298,2019-08-04T11:06:47Z,f855918d61069661cbf8633b228a5fb9e5cd5ea7b2946bfc5b9fc315,60.16829,24.94214,00000000afef4555,12.69
17299,2019-08-04T11:06:47Z,f9f42c3132515705c0013fb8e137897c93844d24acc22cb4ac9384a0,60.149,24.9843,00000000fffb8cf0,7.05
17300,2019-08-04T11:06:47Z,fbd28054e4a5478c8ca06f4d682405d1c59bef4853cad413ecb58d13,60.14699,24.922,00000000a53ed894,14.89
17301,2019-08-04T11:06:47Z,fdf5c0dab003c974e22f3746bfb7fa399e10ca82fcec35ba6dcd6065,60.18203,24.91341,00000000342570c2,20.28
17302,2019-08-04T11:06:48Z,004c3624f943830bc6a9f17173a2cd0996622cade5184ad2b9fba729,60.16897,24.95222,00000000aa852af1,9.12
17303,2019-08-04T11:06:48Z,0152988639aaaa9cc27213280c8f0c0c8ec97ae6a45aaaf743c9c25d,60.16544,24.95398,0000000038d83d41,29.32
17304,2019-08-04T11:06:48Z,048a4191e2e9ce1733556eda54c4123345c70aeced0f8ecf7d52b916,60.14699,24.922,00000000a53ed894,17.4
17305,2019-08-04T11:06:48Z,09ddbf38333e76a79fd836112bd8c3f8bf7f3dadfb3d49945ad4c486,60.16897,24.95222,00000000aa852af1,4.5
17306,2019-08-04T11:06:48Z,112c36ba789fa57e2b19c9bff8bfe0b3eba19a431c3af4656c4cee5b,60.16531,24.9442,00000000fdda10fe,27.28
17307,2019-08-04T11:06:48Z,1142f5b6806b1ec7d8d47d47013eb530d8a7418f6934d8867b20966a,60.16829,24.94214,00000000afef4555,17.4
17308,2019-08-04T11:06:48Z,128f1b89d7a534aa206a7823b692594bbd4d349761baa04c0fc72f2c,60.14947,24.91438,000000004ef3150d,11.7
17309,2019-08-04T11:06:48Z,14c7e1511b70f4dd3359cbece1377aebb4d70531f5489eefe53d7c3c,60.16544,24.95398,0000000038d83d41,31.5
17310,2019-08-04T11:06:48Z,165ebbb4090d47319ae370f0d0854fdc1f6b79499f8b2e4d3c3533c0,60.16544,24.95398,0000000038d83d41,25.36
17311,2019-08-04T11:06:48Z,16c994bb2e24124a910c247376d16e980a65626a94c4c0aaab27df60,60.16829,24.94214,00000000afef4555,27.28
17312,2019-08-04T11:06:48Z,198d6432c579dae0d7ddda6591eb377ca6c01888de802f89ab84b98a,60.16544,24.95398,0000000038d83d41,27.28
17313,2019-08-04T11:06:48Z,1bba37ee9376f8052f3606bb777546c2c4d1e84dad7afd93d4cffa45,60.16762,24.95415,000000006b44cce7,14.89
17314,2019-08-04T11:06:48Z,25a7ff811c3c06e426c7c2cbb0433d9a2a3399b23afecbd35584ab0f,60.18203,24.91341,00000000342570c2,12.69
17315,2019-08-04T11:06:48Z,2e4af02bc2421faac1f506a147ddb9b76076386be53415223aca4bde,60.16762,24.95415,000000006b44cce7,9.12
17316,2019-08-04T11:06:48Z,32dd92b5a658392a4ec84eaf95152ee72258b6b0fb670b97882ac902,60.16829,24.94214,00000000afef4555,18.79
17317,2019-08-04T11:06:48Z,3fe5f4ccfa5c777ceafda0674d7c9da6f509f6694b4c2fa254b32e73,60.16897,24.95222,00000000aa852af1,18.79
17318,2019-08-04T11:06:48Z,5d65719c4cbf045f068d084b72302f447d5fd034413d97d13be00d0e,60.18203,24.91341,00000000342570c2,21.87
17319,2019-08-04T11:06:48Z,5eed115a984d490b02b602d73787aee8dc8c4e9365b77fbff3818a76,60.16629,24.95957,00000000fb7600be,13.75
17320,2019-08-04T11:06:48Z,69219e9efa41ae9e732653e9eaf08e1a34cb853a9dafe76ddeea4d04,60.16897,24.95222,00000000aa852af1,20.28
17321,2019-08-04T11:06:48Z,6a70e2fbced719333e21eff04fcb9cb36bae9a04d1a3d6ddd96f2c58,60.15432,24.9211,0000000019fb59c4,4.94
17322,2019-08-04T11:06:48Z,6f06341f358e61699fe1e55e986dd0554bc8da28b91daf0c5ad99db6,60.16629,24.95957,00000000fb7600be,25.36
17323,2019-08-04T11:06:48Z,87dfaad29a9276ddddb1fa021d3bc23ad14824c1af16f7d87e713689,60.14951,24.92138,0000000006dd41f6,10.78
17324,2019-08-04T11:06:48Z,88808fe92573e9cdf022cc15b9689b6b4b9429f60513c8897b0ba4c7,60.16897,24.95222,00000000aa852af1,17.4
17325,2019-08-04T11:06:48Z,8c3b1ed0846e38cc84b863a80540c8a75bfd85c8bdda36563d153110,60.16544,24.95398,0000000038d83d41,20.28
17326,2019-08-04T11:06:48Z,8c75c3289c84fe4493e1e272a77b615fe1985880c5dc68a7c1a17b53,60.16762,24.95415,000000006b44cce7,11.7
17327,2019-08-04T11:06:48Z,92524354048a0b73aacc2745ecface2dec61989197d03321c59b8821,60.14699,24.922,00000000a53ed894,23.56
17328,2019-08-04T11:06:48Z,92aae21a6e0dd2ff71fc591b64e878502bd4677b64ac413632e9f7c6,60.149,24.9843,00000000fffb8cf0,10.78
17329,2019-08-04T11:06:48Z,9843c6216661048343a0e49cf3d8aa2883cf77f452666a1c873a1052,60.16448,24.97323,0000000053c6c2be,12.69
17330,2019-08-04T11:06:48Z,9992834418850939882f3b334eee492eb98d4f9d6d6118f9ee108793,60.16762,24.95415,000000006b44cce7,4.94
17331,2019-08-04T11:06:48Z,a13e5d46f0a2d1c6b58878e1b198905e9b14e3a85b5e4adab88b4b87,60.16762,24.95415,000000006b44cce7,9.12
17332,2019-08-04T11:06:48Z,b936e41d8712ae967f3ebb413fc44f060bb10613f95537757886ede2,60.16762,24.95415,000000006b44cce7,14.89
17333,2019-08-04T11:06:48Z,bca443064699e0ac05c40e587aef06d7fd580817e739133a501490bc,60.14699,24.922,00000000a53ed894,16.1
17334,2019-08-04T11:06:48Z,c40c37def6bf11a63a2556519a7c6233fd417cdeea2cf14f28e7c42c,60.16531,24.9442,00000000fdda10fe,29.32
17335,2019-08-04T11:06:48Z,c54f2dd0590c650ad3e52a68193db3173db5e74f90f69faa1e2d6bb0,60.16762,24.95415,000000006b44cce7,7.05
17336,2019-08-04T11:06:48Z,c97eb4181394121907d47b908495f54e5ee5145ff790f7a1dc21b3cf,60.16897,24.95222,00000000aa852af1,12.69
17337,2019-08-04T11:06:48Z,ca6927628f5ddda20036865c9345ad93d476d62ade3b181de568eed6,60.16897,24.95222,00000000aa852af1,23.56
17338,2019-08-04T11:06:48Z,cd2c2ce2425879ac455c812073aa8025c7bac76df380e4793edab46d,60.16829,24.94214,00000000afef4555,20.28
17339,2019-08-04T11:06:48Z,ce197d5eedb5498917afe7ca3f7275ffeb191f0c5d050bffa154c1d2,60.16531,24.9442,00000000fdda10fe,33.81
17340,2019-08-04T11:06:48Z,cf05623e4d87ce0906c0b0b7dbf53aacc1228016cd27c341228b6e76,60.18203,24.91341,00000000342570c2,17.4
17341,2019-08-04T11:06:48Z,cfc0bedb78ded52749db3188cb188bf6a250ef5990da9c5afa9623fc,60.14951,24.92138,0000000006dd41f6,20.28
17342,2019-08-04T11:06:48Z,d0bb9fef9a0ef26adcdd4732c9c20361bce49826f32c2892242831b8,60.16762,24.95415,000000006b44cce7,18.79
17343,2019-08-04T11:06:48Z,dbeb00942457ba3c5fb1984b57b1dedb268c0e761e80729b939f1fd8,60.16544,24.95398,0000000038d83d41,18.79
17344,2019-08-04T11:06:48Z,e224ae5ea47af2e3048f83b13a1f45dc135c0ca6be72547b01729086,60.1538,24.95595,0000000038bf9618,31.5
17345,2019-08-04T11:06:48Z,e8690c2d1711bc10f2d1251a3b5b1e770b98c66c384760400c604de1,60.16829,24.94214,00000000afef4555,21.87
17346,2019-08-04T11:06:48Z,e8e366e76c97944e23c0f80b4fd3ce6e5832744922297146a49f0c7e,60.16762,24.95415,000000006b44cce7,17.4
17347,2019-08-04T11:06:48Z,e96bd269a48b822b06141c3362fcb6d5ed4d0d09a120f2e4a712d5c2,60.16897,24.95222,00000000aa852af1,21.87
17348,2019-08-04T11:06:48Z,ed70dda6b7faebd4340dacdb452ab224d9d3c308df417b7fa76f54e8,60.14951,24.92138,0000000006dd41f6,23.56
17349,2019-08-04T11:06:48Z,f088630d7476dae7d4b7e2bb1f10575f2c89acb4b6e061f3d57c2b40,60.16531,24.9442,00000000fdda10fe,25.36
17350,2019-08-04T11:06:48Z,f30a5193aa7850aac581b8dd71512a8712c96f36fdef78d8292d4788,60.16762,24.95415,000000006b44cce7,3.09
17351,2019-08-04T11:06:48Z,fc4f3a44235f1cfc7b53f14ba2da599976a5a0a220d23b852688e485,60.17919,24.95181,000000007b5207b6,11.7
17352,2019-08-04T11:06:48Z,000888f4e876e6cb8d50b0bb1a3deaee0655733968eb5065d779e88e,60.16762,24.95415,000000006b44cce7,18.79
17353,2019-08-04T11:06:48Z,0043f38f4fb6545d7c033c9a8f8c18106aa0c2c841f28a15dd722e9d,60.14699,24.922,00000000a53ed894,18.79
17354,2019-08-04T11:06:48Z,0236a1d5b9b9d2249407a79705eee38de360ceb0530a8959ba5bc15b,60.149,24.9843,00000000fffb8cf0,27.28
17355,2019-08-04T11:06:48Z,02a354db29cd5bc16976a9d933e03a41be350f9cc78098829a7dcfd4,60.14947,24.91438,000000004ef3150d,23.56
17356,2019-08-04T11:06:48Z,03515f2dd8be9a829b8b55cec8dc0f87b3e51368f8f16e4c4014d547,60.16762,24.95415,000000006b44cce7,14.89
17357,2019-08-04T11:06:48Z,0625280cf414aa015aa8b4d504d6fc74879a1144b913e254fec5db9d,60.16762,24.95415,000000006b44cce7,9.92
17358,2019-08-04T11:06:48Z,0656a0c0a353f164b57fbdd9e648d71fab429964d97ed07ab2c5dc30,60.18203,24.91341,00000000342570c2,21.87
17359,2019-08-04T11:06:48Z,07736b3f5deab4e1b7812473c78389d5152eb6e95aeb6b23741c90d6,60.16762,24.95415,000000006b44cce7,17.4
17360,2019-08-04T11:06:48Z,07d9aa9fe10e58c26960ba10eb2f13607a7cea0226acaecbdcc52508,60.16762,24.95415,000000006b44cce7,8.38
17361,2019-08-04T11:06:48Z,08b10b51864dc039f0a07c997e66e7a263ee1cde5b0b88b2a1178c58,60.16829,24.94214,00000000afef4555,16.1
17362,2019-08-04T11:06:48Z,090b22feb90861d0c5c272812dfebe1f4f5efec2238fb9556f23e5a6,60.16762,24.95415,000000006b44cce7,13.75
17363,2019-08-04T11:06:48Z,0a949aafc0be15c68d73a5dd186d726aa6b921f44303a712ac6ddcb8,60.16762,24.95415,000000006b44cce7,4.5
17364,2019-08-04T11:06:48Z,0b45b52bc137c31ce83561c857f809296ec70f5537976a4a4d573d4f,60.16829,24.94214,00000000afef4555,31.5
17365,2019-08-04T11:06:48Z,0b49dcea1b7eab22f4ebd0c7666ded5b59fe092b8bdd4aa9eda6326d,60.16762,24.95415,000000006b44cce7,1.25
17366,2019-08-04T11:06:48Z,0c959027ce302054b09087cac97a83aa7e24fb9e4fa2710763f912cb,60.16829,24.94214,00000000afef4555,10.78
17367,2019-08-04T11:06:48Z,0d2490ed58c11eb4a754a30cc4bcb21c7243d322a2caf7cc360e4e8c,60.17065,24.93641,000000000f4919c9,11.7
17368,2019-08-04T11:06:48Z,0d84da6bff50f7ab6e90b6720b36cf264111030bcdbf4d8092efacaa,60.16448,24.97323,0000000053c6c2be,25.36
17369,2019-08-04T11:06:48Z,0e113c5ed3abcdfb31d27c3125f6cf01e3b96e4ed7eca1aaea855f77,60.14947,24.91438,000000004ef3150d,16.1
17370,2019-08-04T11:06:48Z,0e1fac068e905121e354702292780affb6635905cc36872878ff79ce,60.17002,24.94407,000000006b087f40,29.32
17371,2019-08-04T11:06:48Z,0eb421f0e6ac48b15f69552f992309f03f88124ceb89cc780db7624a,60.16544,24.95398,0000000038d83d41,23.56
17372,2019-08-04T11:06:48Z,0fd26c6e46f4d73b276223942e56c38bc9b8e4566239f8a77261657b,60.17002,24.94407,000000006b087f40,21.87
17373,2019-08-04T11:06:48Z,1067b041807277ecf9cea5b55c265a37808239544e559e2cfdfcb3ce,60.16762,24.95415,000000006b44cce7,14.89
17374,2019-08-04T11:06:48Z,1107822441d53ff89eb9cb0d022a37202aed47bd82dca4bc175d6837,60.16762,24.95415,000000006b44cce7,8.38
17375,2019-08-04T11:06:48Z,116e59da308964e8eb82cb6e5a758aad726ec3800f0fa17bc661e8fe,60.16762,24.95415,000000006b44cce7,7.69
17376,2019-08-04T11:06:48Z,117b6ba38be2f875c85c9c048106db4d2dbce58629a807d7d7773b6c,60.16762,24.95415,000000006b44cce7,7.05
17377,2019-08-04T11:06:48Z,1327ce24f157334f864f913637993c80380ce5f5c911e4b0d31c5eb7,60.149,24.9843,00000000fffb8cf0,1.54
17378,2019-08-04T11:06:48Z,13b0a8ca1414d7b2b0e8d5f80069a5d26c6f62a68b58eda25a4b85f4,60.16829,24.94214,00000000afef4555,5.41
17379,2019-08-04T11:06:48Z,1556d4a76070c26554efa12b4b9c53766a4cc394e8b74ee37f2fff65,60.17065,24.93641,000000000f4919c9,6.46
17380,2019-08-04T11:06:48Z,169c77f0d714e38eb1e798b14fa42ce3fefb0ec1d6f9e93a38a872f1,60.16762,24.95415,000000006b44cce7,9.12
17381,2019-08-04T11:06:48Z,182e58bd6c3c8d836225d454a878bc55d8ed5166564a22f8b635f6ff,60.14947,24.91438,000000004ef3150d,14.89
17382,2019-08-04T11:06:48Z,18adae8b6603c177e817d1e3b9ec79fcc0292682660b31bebc965a23,60.16762,24.95415,000000006b44cce7,17.4
17383,2019-08-04T11:06:48Z,1921be9815a57f11f291ca085add7b4bf1d044518b03b725df7cf7d5,60.149,24.9843,00000000fffb8cf0,3.4
17384,2019-08-04T11:06:48Z,19db84758eba08a5f9bb56b0ff91d05286765c8e8dfa31bd0b2aaa1c,60.14947,24.91438,000000004ef3150d,6.46
17385,2019-08-04T11:06:48Z,1a06b5f7f305badd45e93db9d86d76ed3a2a96ec55ec47c836921e3e,60.16762,24.95415,000000006b44cce7,6.46
17386,2019-08-04T11:06:48Z,1a9a0f74c353624c42c19c007e82c9c2547b7285d8353d0e375e3f05,60.14699,24.922,00000000a53ed894,9.12
17387,2019-08-04T11:06:48Z,1bff3cb3b9be59366fdf8adbbc677a4dfbf8e116bf330c3435bc63c2,60.16897,24.95222,00000000aa852af1,20.28
17388,2019-08-04T11:06:48Z,1c38009e9b89bd8b0d6744bf54ebae9a8ad2dc2868cdfc3f2e399509,60.16829,24.94214,00000000afef4555,12.69
17389,2019-08-04T11:06:48Z,1c8c3befa38b65f707dd4933a68e5e3c9e7c82592fd382779127416b,60.16897,24.95222,00000000aa852af1,23.56
17390,2019-08-04T11:06:48Z,1ce242f8d8220cd38bf3ea9138c99ae9b2f79b28e68edb864f090ec9,60.149,24.9843,00000000fffb8cf0,25.36
17391,2019-08-04T11:06:48Z,1f6e5095c2c365e120a526c9111895459bc08fb351b964a350cdb64f,60.16762,24.95415,000000006b44cce7,9.92
17392,2019-08-04T11:06:48Z,1fa2c533bba37b249a0105001153733e67a559d40c22cab67f135f64,60.14947,24.91438,000000004ef3150d,27.28
17393,2019-08-04T11:06:48Z,2136558e0a9a89ed5aa044485a8e31bff3b7e5acf38c645a06782afd,60.16448,24.97323,0000000053c6c2be,25.36
17394,2019-08-04T11:06:48Z,21e1b0aebd1c050ac0463a0269b847e7e94b782ed10399e5e749817f,60.16829,24.94214,00000000afef4555,18.79
17395,2019-08-04T11:06:48Z,227b93698b29687beea48184f42aab63a21fa362af7251be32db2e15,60.16531,24.9442,00000000fdda10fe,2.54
17396,2019-08-04T11:06:48Z,23b4a8c7918ca417eab83481a710fd544e1fa8bf7073b5955c0155c8,60.14699,24.922,00000000a53ed894,16.1
17397,2019-08-04T11:06:48Z,24950d602953fd4c5c7e6d133bd7bdafa0fb48a1f4af90c7ff658ad3,60.16762,24.95415,000000006b44cce7,25.36
17398,2019-08-04T11:06:48Z,2671a156fa8d8bb05970481c8f83bcf9f261f73dae27f2bb9ac88aeb,60.14699,24.922,00000000a53ed894,21.87
17399,2019-08-04T11:06:48Z,27052b4dc21318eee25b7afdbe088c8d15e13ec11ac339166b209e58,60.18203,24.91341,00000000342570c2,25.36
17400,2019-08-04T11:06:48Z,2724e42551f43106ea58a8fcc6a43953baa1294cd65e17a90012f706,60.17065,24.93641,000000000f4919c9,0.5
17401,2019-08-04T11:06:48Z,28741c2e5e348fe81dec0518a21c0930c98a25b6fcece61a262d50de,60.14699,24.922,00000000a53ed894,11.7
17402,2019-08-04T11:06:48Z,28e8a4ccd08ea244e028ee358d7ae5359a02107234c2cafd1415ccec,60.16829,24.94214,00000000afef4555,18.79
17403,2019-08-04T11:06:48Z,296a0ffe230305a3d37818a0369b56c99dacdd5df5a161bf238e1084,60.16762,24.95415,000000006b44cce7,2.8
17404,2019-08-04T11:06:48Z,29b5f09785ef76627c2a3f043e1182d11fbd3a465422544c7478aa1c,60.16897,24.95222,00000000aa852af1,3.4
17405,2019-08-04T11:06:48Z,29f5adc4d67413b7d368e8e94a41cf48339e3f5f0903f660170c4fe8,60.17919,24.95181,000000007b5207b6,17.4
17406,2019-08-04T11:06:48Z,2a80aed2c40e7e70ca12152ac812abd79aa1d13efcec25a6d3395136,60.16762,24.95415,000000006b44cce7,6.46
17407,2019-08-04T11:06:48Z,2bade3cfae68c5f3e9df9c6f8327c0cbd36d37a09ade6c16bfb24289,60.16829,24.94214,00000000afef4555,25.36
17408,2019-08-04T11:06:48Z,2bbd3ab96fbdc70aeeb702eec09ad635ef2e72885baf7c23ad48b654,60.16762,24.95415,000000006b44cce7,12.69
17409,2019-08-04T11:06:48Z,2c85e4140ca0ba77c3598ceac05eb2c2342409ce8111c863fc58c606,60.16829,24.94214,00000000afef4555,14.89
17410,2019-08-04T11:06:48Z,2ccaeb30423977ff22b6afc29243b861b476a5f4ffafdf200d326d78,60.17002,24.94407,000000006b087f40,29.32
17411,2019-08-04T11:06:48Z,2d0349a4148a147b05e00cd46c137dd208ba2a8ce9327b493615f1a6,60.16829,24.94214,00000000afef4555,4.94
17412,2019-08-04T11:06:48Z,2de87ef94604fb63bec05eefb71b6cdd0b9807f8551159c2a35e7259,60.17065,24.93641,000000000f4919c9,3.4
17413,2019-08-04T11:06:48Z,2e6e6f89a7d75f0742d016de203c9acc8d6f6bdeb7b56bd12f482653,60.15432,24.9211,0000000019fb59c4,2.3
17414,2019-08-04T11:06:48Z,3004b57f95861dcbc505cbe89ab781674966526a063bee7072de8aba,60.16829,24.94214,00000000afef4555,5.41
17415,2019-08-04T11:06:48Z,30bee351808d5e8082ce012b57f5bc0efc80f8394491a182e0eeee32,60.17919,24.95181,000000007b5207b6,25.36
17416,2019-08-04T11:06:48Z,31659a798f1d780d587f07390c038a78fafa6cabb8180dba635863ce,60.17002,24.94407,000000006b087f40,13.75
17417,2019-08-04T11:06:48Z,32f77f5019e5fce30881c214487361e2e34b8c93277f6e546de72012,60.1638,24.96846,00000000d747f075,21.87
17418,2019-08-04T11:06:48Z,3417d8a6b53687e70f126ebeb1d26a2ff6369dc9a551c3c35c5a04f9,60.17002,24.94407,000000006b087f40,20.28
17419,2019-08-04T11:06:48Z,34cf37df412ff36df19ebe47ecdd31e5a22355a1fa723a748ac901fd,60.16762,24.95415,000000006b44cce7,8.38
17420,2019-08-04T11:06:48Z,34ebfbffd9a126421b335e852aa094b727786622ade7757b36f67b57,60.18203,24.91341,00000000342570c2,29.32
17421,2019-08-04T11:06:48Z,35e26a55ffcf023f80c64d570297932cbeabb750c9f72ba981e2f66e,60.16762,24.95415,000000006b44cce7,14.89
17422,2019-08-04T11:06:48Z,35f337dd3baf0bc08002ec007d609b685ac29bb2a8bcad6783532a6b,60.16829,24.94214,00000000afef4555,23.56
17423,2019-08-04T11:06:48Z,3670a148a52771f0ff5af161725f65b86873c09eea1a7697861c0438,60.14699,24.922,00000000a53ed894,12.69
17424,2019-08-04T11:06:48Z,369f86264ed4430557e0d35917aac7a1faab8cfb6578ca64f4f22819,60.16762,24.95415,000000006b44cce7,20.28
17425,2019-08-04T11:06:48Z,374083907dd8980893623726af5633afd59b519c885ad12ba5c674eb,60.17002,24.94407,000000006b087f40,7.69
17426,2019-08-04T11:06:48Z,38561a086c97342a24583c26b33205da50e3e973a8147fe016a4a9ff,60.16829,24.94214,00000000afef4555,20.28
17427,2019-08-04T11:06:48Z,386dea4944e0b83648b4b6faf510fd47b0e9e29a2bb9311fe8a80ee2,60.17918,24.95141,00000000675d5200,16.1
17428,2019-08-04T11:06:48Z,38fe4d3136f12b444ebe10b0db89d752ecc9527c799d1dbb1a3f12e1,60.1538,24.95595,0000000038bf9618,27.28
17429,2019-08-04T11:06:48Z,395134265ad60f36cbb21b92db8d3db4d07bd71836d174cbf1a09224,60.16829,24.94214,00000000afef4555,9.92
17430,2019-08-04T11:06:48Z,3991e38309311c3fd5aecdcf3290274a5742396d989a81387bf154ae,60.17002,24.94407,000000006b087f40,9.92
17431,2019-08-04T11:06:48Z,39e2f2a7b03cda9f877366363a3727edfefd16d2221e752dafc33634,60.17002,24.94407,000000006b087f40,18.79
17432,2019-08-04T11:06:48Z,3ac9d056b0f04f774b238a125eb996d46437f7a8c5f6ba6712e971cf,60.17918,24.95141,00000000675d5200,7.69
17433,2019-08-04T11:06:48Z,3b355c039877bd4883845f3fc6ad8dd6f41f170274042f1397585680,60.149,24.9843,00000000fffb8cf0,11.7
17434,2019-08-04T11:06:48Z,3b4dda811f084f91b7dd61344c97aa6cac444a02d825183d53cca5d0,60.16762,24.95415,000000006b44cce7,12.69
17435,2019-08-04T11:06:48Z,3daa2205b02453faa04e23c0bf80d6d22d657277425f07e4fc424dbc,60.16762,24.95415,000000006b44cce7,10.78
17436,2019-08-04T11:06:48Z,3e36420df19c06796a79acdad84551653de9b0132cb0987329f75291,60.16897,24.95222,00000000aa852af1,17.4
17437,2019-08-04T11:06:48Z,3f67c6713a6cca446a46616c9970c7a2ddffb03f21e10c8ea9b2f380,60.16897,24.95222,00000000aa852af1,20.28
17438,2019-08-04T11:06:48Z,3fde075082af3062c2bebc5e09ad55bda3de70b5f492bdfb21f284c9,60.173,24.92524,0000000096918cfa,29.32
17439,2019-08-04T11:06:48Z,40d64df305477f26745a445a97098d36570a8e02616b93a3f562bb21,60.16629,24.95957,00000000fb7600be,18.79
17440,2019-08-04T11:06:48Z,411febba567281e3da6030aa21191fe5efdd090f54aec41ca291563a,60.16897,24.95222,00000000aa852af1,23.56
17441,2019-08-04T11:06:48Z,439ff6b8ff9dc79d47e223164a87fc2d620f29bc7ea1bc7ea4c5cc58,60.16897,24.95222,00000000aa852af1,20.28
17442,2019-08-04T11:06:48Z,44703b8dd01d3bd79585c9c7e12217e1ac152f86e2b0c9ed6be4bc19,60.16544,24.95398,0000000038d83d41,20.28
17443,2019-08-04T11:06:48Z,4472fa277123afabdf2402fc2a3c5bff2be437e6d56b590278de70fc,60.17065,24.93641,000000000f4919c9,29.32
17444,2019-08-04T11:06:48Z,44d01b24bde0f8031d7cf15bb66e661ad9bd92807f3213fabf920fa1,60.16762,24.95415,000000006b44cce7,9.92
17445,2019-08-04T11:06:48Z,4538bf4d0ca02f13fad76c46f7b34e72978c49b0cdfe4ea9fe151a50,60.16762,24.95415,000000006b44cce7,8.38
17446,2019-08-04T11:06:48Z,465eab28635efe98500085ceb161cf941d02272a0107fbbfb2203c29,60.16829,24.94214,00000000afef4555,21.87
17447,2019-08-04T11:06:48Z,47cd1dcac88434ffdc4b868e7f1d8d8a604700564bc83a7c0a3928be,60.16762,24.95415,000000006b44cce7,9.92
17448,2019-08-04T11:06:48Z,47f787c639f2eed345eb5dca409ffcd989850399a1ab781500dd6e82,60.17919,24.95181,000000007b5207b6,3.74
17449,2019-08-04T11:06:48Z,4831311b6d19ecce7981d060fe0971ac961bdfa5a006de633cd38a95,60.16531,24.9442,00000000fdda10fe,25.36
17450,2019-08-04T11:06:48Z,4833b1ea4f519407574f5a838d93a39de28c756c5f53de7ee273b577,60.14947,24.91438,000000004ef3150d,8.38
17451,2019-08-04T11:06:48Z,49084ae4b6419be9e7bb0c9b1420142e07d6ac3c17c07c26895461ed,60.16829,24.94214,00000000afef4555,14.89
17452,2019-08-04T11:06:48Z,4954540aca30f8f56f918178fbd53ee48ddef7a231d425061f6b2f6f,60.18203,24.91341,00000000342570c2,31.5
17453,2019-08-04T11:06:48Z,49d6f6bd5878bfac30a67fe92d1501b5b09cab38ab2b35b661902f0d,60.14947,24.91438,000000004ef3150d,21.87
17454,2019-08-04T11:06:48Z,4a54cbed9c373a4136f8851f3f5736eb2fadd5766d316eb5ebbdd231,60.17919,24.95181,000000007b5207b6,16.1
17455,2019-08-04T11:06:48Z,4a912b6c106b63933a8c9cc39598823bcb2c94d4b1cc8a5d55cb3972,60.16829,24.94214,00000000afef4555,0.84
17456,2019-08-04T11:06:48Z,4b5b3e8f2b484bc08b196c265f65c70151bd69f6263318eb29125db2,60.16829,24.94214,00000000afef4555,12.69
17457,2019-08-04T11:06:48Z,4cf634fc84e128c3b9bce07a4b726d136e18f0eea4229fdbb48f6db1,60.16897,24.95222,00000000aa852af1,12.69
17458,2019-08-04T11:06:48Z,4d31b0561dbfc9ef5acbd44ba92acb4ca7bad86b948634f005173ece,60.14699,24.922,00000000a53ed894,7.05
17459,2019-08-04T11:06:48Z,4ecb021e026179236f488d8ad249e718bd1577b00c2aea9c3ad95f88,60.1538,24.95595,0000000038bf9618,25.36
17460,2019-08-04T11:06:48Z,508ee0778f7d5571ac4aa05211272911339b293ff62069f14cd4aa0a,60.16897,24.95222,00000000aa852af1,16.1
17461,2019-08-04T11:06:48Z,51789c3026ccfe7e846e44fcd833d006941c2789b9693c77df5a7c98,60.16762,24.95415,000000006b44cce7,9.92
17462,2019-08-04T11:06:48Z,53034f9a4162aa7218dfe1d9fcff86b491216d01b38f07796f4be5ff,60.17002,24.94407,000000006b087f40,25.36
17463,2019-08-04T11:06:48Z,542a405b620e6d166ecc5eadd979b3936d831cea3aa7b75316adb4ca,60.16897,24.95222,00000000aa852af1,23.56
17464,2019-08-04T11:06:48Z,54d53f276563f566e1cd61b100408412cf78b4fe9fcada830aa6e23b,60.14947,24.91438,000000004ef3150d,11.7
17465,2019-08-04T11:06:48Z,5518b2315c236d486c7a5a4fc27c44987672b2f9a0751ffdaa9cbf78,60.16829,24.94214,00000000afef4555,4.94
17466,2019-08-04T11:06:48Z,55db840c0ab0998cc666beac96e2ebbb86074ce40799e791e7e7f299,60.16829,24.94214,00000000afef4555,21.87
17467,2019-08-04T11:06:48Z,56101419005237b836e4ed14d91dfa6f9edc4c92b5fcb419943897bb,60.16762,24.95415,000000006b44cce7,9.92
17468,2019-08-04T11:06:48Z,56318cc7f3616fceec2564cbb1f6ca8b88ea861935a1ada93aafd7b0,60.16897,24.95222,00000000aa852af1,13.75
17469,2019-08-04T11:06:48Z,565a35900ed1794a9d566f6fc12f2710875a10eb7c8e6fa0ddd92626,60.14699,24.922,00000000a53ed894,9.12
17470,2019-08-04T11:06:48Z,59b87e6921598d25b092b66e140328fa03c9f06fe4e697dd344f378a,60.17002,24.94407,000000006b087f40,21.87
17471,2019-08-04T11:06:48Z,5a730ea19664020323272509e5443616ea3f1cecd7b295e294be4ba7,60.14947,24.91438,000000004ef3150d,10.78
17472,2019-08-04T11:06:48Z,5c404f374a48548bfe8b02859d12ae59c4ae608fae2139fd71ef51b1,60.16762,24.95415,000000006b44cce7,9.12
17473,2019-08-04T11:06:48Z,5d9aa6fcb0d81ceaa80ca13cc08a88138be517656646e0ba0942ce46,60.16897,24.95222,00000000aa852af1,3.74
17474,2019-08-04T11:06:48Z,5f5805a3ffd092506452c4d45ea8fc037ae23ea726f0b0809ca6ffde,60.16829,24.94214,00000000afef4555,10.78
17475,2019-08-04T11:06:48Z,610d37641cb326502fe1981e6312ae786d40bfbdae28e94223958480,60.16762,24.95415,000000006b44cce7,14.89
17476,2019-08-04T11:06:48Z,6138e6ab3e1e74425af8945a6fcc294c1469a0b9c448b780bcf9d2e2,60.14699,24.922,00000000a53ed894,11.7
17477,2019-08-04T11:06:48Z,62cac4a0e252305e1128942dc3ec48baaa514c6737c415f85abb3665,60.1538,24.95595,0000000038bf9618,41.64
17478,2019-08-04T11:06:48Z,62d86ee13e6ae7a5c41ffc2de746df72d4ef6e8d2b6a51ce1c68965f,60.16829,24.94214,00000000afef4555,6.46
17479,2019-08-04T11:06:48Z,63e498fd789abe431cdf86f184a50616c85717e1efc893da1e1a2222,60.16897,24.95222,00000000aa852af1,14.89
17480,2019-08-04T11:06:48Z,64d10ef0926ecca987bad278990d966d8fac8775f03847d1f5a4a2f6,60.16762,24.95415,000000006b44cce7,13.75
17481,2019-08-04T11:06:48Z,66755836036c771e53ffd9d0dc09b8575231b53b80af22e868691a2a,60.14699,24.922,00000000a53ed894,5.41
17482,2019-08-04T11:06:48Z,67598a1e0a26360b38ffc4bd67aa05290556cdaea97554dfb9d8bdad,60.16762,24.95415,000000006b44cce7,14.89
17483,2019-08-04T11:06:48Z,697103160f0b3dc0ba38ccdd18203ae84ec35fc314322d1172c093b2,60.16829,24.94214,00000000afef4555,13.75
17484,2019-08-04T11:06:48Z,69852d528034ea6fc746ed8942c32f1c90bc33a7a7317dfac3c9b1c1,60.14699,24.922,00000000a53ed894,6.46
17485,2019-08-04T11:06:48Z,69d8c906060e226ff0f0f7e78029575f2ee07ebec657a3b641419268,60.14699,24.922,00000000a53ed894,13.75
17486,2019-08-04T11:06:48Z,6ac1903c80e63433e4bc744dc0e801bff647117d38d3753fb9a6a4c1,60.173,24.92524,0000000096918cfa,18.79
17487,2019-08-04T11:06:48Z,6c97da4ba9462e7fe786a472989dab23340d31809dd78d5617204da4,60.16829,24.94214,00000000afef4555,12.69
17488,2019-08-04T11:06:48Z,6e2fbf091d5c86667e060d7ec44f48f0f5d7b1d55b1899f2939f247a,60.16762,24.95415,000000006b44cce7,18.79
17489,2019-08-04T11:06:48Z,6e492dbc3f10157e7ff00826a839a97262ab36244ccc57b702a89999,60.16531,24.9442,00000000fdda10fe,3.4
17490,2019-08-04T11:06:48Z,70865ff0fd32dc9fc73f25e929a40535a717664003e66c14224a9d90,60.16762,24.95415,000000006b44cce7,9.12
17491,2019-08-04T11:06:48Z,70ffae2b8178e0915c5de7816f8dd8bcc3af745ee49df8ac4da4adba,60.17918,24.95141,00000000675d5200,18.79
17492,2019-08-04T11:06:48Z,714e80a1e3c0fee43e312f314b2faec47e582ee8dac47e4818dbc2f9,60.149,24.9843,00000000fffb8cf0,3.74
17493,2019-08-04T11:06:48Z,71516fc8349cfaf2b5c4ab80ade6078494d93d13e9953af15e5ced30,60.18203,24.91341,00000000342570c2,17.4
17494,2019-08-04T11:06:48Z,71c1367c7dea4dfa243172e02b9092c7a0810bef003216681759891e,60.16897,24.95222,00000000aa852af1,29.32
17495,2019-08-04T11:06:48Z,74c2ec2adc228e5b4979284d730fd2de698242f0f06d90f870b8cde6,60.16762,24.95415,000000006b44cce7,5.41
17496,2019-08-04T11:06:48Z,7552783317be1ef797980c3a9ee9c5967d4e7b32765f23c51ffda02d,60.16897,24.95222,00000000aa852af1,11.7
17497,2019-08-04T11:06:48Z,75dc69a66709d80dc34f816e5b2cbf53ee34b75f4ca9ae28f9ddf14c,60.16762,24.95415,000000006b44cce7,17.4
17498,2019-08-04T11:06:48Z,79bde23c1a8980f93a65e14306f0d8ea89e164430d8b991e2bfee82e,60.16531,24.9442,00000000fdda10fe,17.4
17499,2019-08-04T11:06:48Z,79f6ceff0d0fc6687b4982c4d38a9ebb0a1056b6e0c448b1b9e79e8e,60.16897,24.95222,00000000aa852af1,23.56
17500,2019-08-04T11:06:48Z,7afc351f0ed7619c18c64ab06971196bb53d53e2d460151ab711bc0f,60.16762,24.95415,000000006b44cce7,13.75
17501,2019-08-04T11:06:48Z,7c55ecf165387948602e82b684a55be093691849fde2d96ad6574475,60.17065,24.93641,000000000f4919c9,13.75
17502,2019-08-04T11:06:48Z,7ddcdde2316659d0fa4b8597b86430e095ea0bc7f3564a9d05fc60f8,60.16897,24.95222,00000000aa852af1,12.69
17503,2019-08-04T11:06:48Z,7de4ba54f0d667a69cb0b6d625856bc6b040f51a42f91beae366a269,60.16762,24.95415,000000006b44cce7,2.54
17504,2019-08-04T11:06:48Z,7e78b2348d9576c63ebb626030ee9d43e2bf07e860782adf3f1c452b,60.16829,24.94214,00000000afef4555,7.05
17505,2019-08-04T11:06:48Z,7ea276abbe2f1bfd85b2493f7b4c801189e673c0b4dc987d2c8e30dc,60.14699,24.922,00000000a53ed894,8.38
17506,2019-08-04T11:06:48Z,7eefc5581c616491b78192b28b519ba727dc884a87bc06b8df1ea4f2,60.14699,24.922,00000000a53ed894,13.75
17507,2019-08-04T11:06:48Z,7f546f0776433ed1b76ea74186c0aad95eca5439e6cefda07922ef14,60.16762,24.95415,000000006b44cce7,10.78
17508,2019-08-04T11:06:48Z,82ac749474448abac333d00869cb8b508872f86293913d95eae26a05,60.15432,24.9211,0000000019fb59c4,5.91
17509,2019-08-04T11:06:48Z,82cddd3b9f58762d36efe78da4e2722ee587cfdb3fdbc58b52673082,60.16629,24.95957,00000000fb7600be,12.69
17510,2019-08-04T11:06:48Z,844b8ad6ebf530978d1139d527a681991f4d3eed6be5bc723f0b2192,60.16531,24.9442,00000000fdda10fe,1.7
17511,2019-08-04T11:06:48Z,849d6a476563b352092dcda35e816833b571b7f630e7ff8617d9b7da,60.16829,24.94214,00000000afef4555,20.28
17512,2019-08-04T11:06:48Z,85b440c4e1125b1e2531499de3b19b82ae4b7eabb4d89c63c97fa83b,60.16829,24.94214,00000000afef4555,27.28
17513,2019-08-04T11:06:48Z,87f4cf4baea8c5dfe1bc7812cc969574058bd4d2dda215192bcfc53f,60.14699,24.922,00000000a53ed894,3.4
17514,2019-08-04T11:06:48Z,886032718e05487be8bd75bb14464814044c7edd7f9a2198304f6fb4,60.16629,24.95957,00000000fb7600be,14.89
17515,2019-08-04T11:06:48Z,886be57d80b2439f18ec46acad131b3c75896a035716db96c2e0f80d,60.14699,24.922,00000000a53ed894,23.56
17516,2019-08-04T11:06:48Z,89df1daad350e46d526e113019214d2e1a19d8f48da761bb3583399b,60.16762,24.95415,000000006b44cce7,9.12
17517,2019-08-04T11:06:48Z,8a7f5012c000c420f0a336a3988c72cf2b373818f4f3f369e994d8e4,60.16829,24.94214,00000000afef4555,14.89
17518,2019-08-04T11:06:48Z,8ab70baa822768852fe312b760df7dbcb1a0fec7f2ba601146b9928c,60.16629,24.95957,00000000fb7600be,18.79
17519,2019-08-04T11:06:48Z,8ad180674aa6d08b03238aaf8757517ad2e107e8906f097e12f17487,60.149,24.9843,00000000fffb8cf0,25.36
17520,2019-08-04T11:06:48Z,8c4e4851db86ec4a3ce29a58be770eb29c38b9a983351bb67d781982,60.16897,24.95222,00000000aa852af1,25.36
17521,2019-08-04T11:06:48Z,8ca6cbf91a04db796810f40ee019369f331d79472e4acd09f75cbac8,60.16829,24.94214,00000000afef4555,20.28
17522,2019-08-04T11:06:48Z,8cf412e50797d13126e843f8737218f051acae88ebdc47c49984c4db,60.17065,24.93641,000000000f4919c9,29.32
17523,2019-08-04T11:06:48Z,8f3d9ab893ae4a48fd3417f3a749c21e792779990ae0ad75a8f211de,60.1538,24.95595,0000000038bf9618,29.32
17524,2019-08-04T11:06:48Z,8f998d0e47a5fb2e84c8dcffb4a33ca4adeaf8db93423df171988c1e,60.16629,24.95957,00000000fb7600be,20.28
17525,2019-08-04T11:06:48Z,904a40e32a081181211d67e5dc7925882d2f4ef3b813b03d0133e26d,60.16629,24.95957,00000000fb7600be,20.28
17526,2019-08-04T11:06:48Z,91602a694bc74a2874ba7f02a7bae062a3a77cd869b86a74800415b8,60.17918,24.95141,00000000675d5200,18.79
17527,2019-08-04T11:06:48Z,92df20d921f76c63470e3f5afbe201d3ae15f5133f66c291db796082,60.16629,24.95957,00000000fb7600be,23.56
17528,2019-08-04T11:06:48Z,934bab75e2a2354910288b01c44fdfda4a87f92ac010109f641b3122,60.14699,24.922,00000000a53ed894,25.36
17529,2019-08-04T11:06:48Z,94ac9d6e79236013b9fa24e1c52123819228f6962b5952637ca80fcb,60.16762,24.95415,000000006b44cce7,13.75
17530,2019-08-04T11:06:48Z,951482f3e2e41b496e34885c346c4a7ab09427178119caa9b8bbcbb6,60.14947,24.91438,000000004ef3150d,20.28
17531,2019-08-04T11:06:48Z,9618703465df0acf2ccedcd7a519bb1146d94e8fb5b310c036a656f0,60.16762,24.95415,000000006b44cce7,12.69
17532,2019-08-04T11:06:48Z,97490f522f1a0226c8f7e8ed7bca08dd71b63d80b46d38020127b868,60.14699,24.922,00000000a53ed894,12.69
17533,2019-08-04T11:06:48Z,998a30ee5f5ff6d2bc9ed04420591e525ded59ad66d09eefa240cc8e,60.16762,24.95415,000000006b44cce7,5.91
17534,2019-08-04T11:06:48Z,998ac46ad73c197bab1f36dca67d8bcaa3aca92249185a5e3715043f,60.17065,24.93641,000000000f4919c9,16.1
17535,2019-08-04T11:06:48Z,9a1a6afa19068ac0b5f9af2744ddf945157f0dd41a4f254e8251fd09,60.16762,24.95415,000000006b44cce7,10.78
17536,2019-08-04T11:06:48Z,9a49d0b5a67fba15ce8971503f6fea88994b33487a842397c5e8564f,60.16762,24.95415,000000006b44cce7,3.4
17537,2019-08-04T11:06:48Z,9ab0a60cb60531417ac6ec5ebc6ef591d2f39019c6b0bcb5a89101a2,60.14699,24.922,00000000a53ed894,8.38
17538,2019-08-04T11:06:48Z,9b17422199e594df512c6cda493d8fc5b5141741b2f804eb18016640,60.14699,24.922,00000000a53ed894,25.36
17539,2019-08-04T11:06:48Z,9b24f69458294d27d07a0169665965135fd02f4c953f85bcebf4ba87,60.16762,24.95415,000000006b44cce7,11.7
17540,2019-08-04T11:06:48Z,9b4b0705e58750d2bcbd71ad65d85677f7e77db5dfe69d1a70b5d31f,60.17919,24.95181,000000007b5207b6,14.89
17541,2019-08-04T11:06:48Z,9bc50d931d6c1678284177395958d15f05b45d60ae7bc09fe1e1694e,60.16762,24.95415,000000006b44cce7,7.69
17542,2019-08-04T11:06:48Z,9bc91538b73e0220fcf5cd07290c07d56f6f48d3ba0ba6b6b0876da9,60.17065,24.93641,000000000f4919c9,3.4
17543,2019-08-04T11:06:48Z,9bef562c292174f1eb3933116effff74a8733a78e5c1df140de3fd6c,60.17919,24.95181,000000007b5207b6,8.38
17544,2019-08-04T11:06:48Z,9c0b1d2c4c67c07e547e810a94efeaaa1187ae82977e03748470281c,60.16897,24.95222,00000000aa852af1,17.4
17545,2019-08-04T11:06:48Z,9d257e93b3b434881323dfc68df4331a76989017df05c1cdef2d2215,60.14951,24.92138,0000000006dd41f6,25.36
17546,2019-08-04T11:06:48Z,9dda6ec06356b345040c379fd73bf923f7eac951cb2eb9cdc43dd5bb,60.173,24.92524,0000000096918cfa,23.56
17547,2019-08-04T11:06:48Z,9eb1e9bfdceb76ef852f89ebd82139602125f9731b791465e1c21f81,60.16829,24.94214,00000000afef4555,5.91
17548,2019-08-04T11:06:48Z,a066e2044b486819fe2185765f63ed87f8d10c502f26a01be1f1a758,60.149,24.9843,00000000fffb8cf0,23.56
17549,2019-08-04T11:06:48Z,a0ec1a8d581f94e640a6858a674699d2464ec065e6faea9d4ce2a13b,60.16762,24.95415,000000006b44cce7,9.92
17550,2019-08-04T11:06:48Z,a1439b6683d0598c7a05080c3693a17c198f7b8c3297c77324ef4859,60.16829,24.94214,00000000afef4555,18.79
17551,2019-08-04T11:06:48Z,a20a11944d9440f1f8e4ea6262408f673f2a8380c4e13dda1a073d8d,60.16897,24.95222,00000000aa852af1,23.56
17552,2019-08-04T11:06:48Z,a25b897b52089b243421b68349d3f15e60ce8249d11c889a4626bfc7,60.18203,24.91341,00000000342570c2,23.56
17553,2019-08-04T11:06:48Z,a2f0adf51cb9d2a5417cc0797183513a8bbcecfbc717a1b63e42027d,60.16762,24.95415,000000006b44cce7,9.92
17554,2019-08-04T11:06:48Z,a30740fbf4b7e21f6fe2996e9325c90936de161cb2165e87cd96fd35,60.149,24.9843,00000000fffb8cf0,25.36
17555,2019-08-04T11:06:48Z,a3c1a4a58b9381c27b1d5076e0d8d72039afccfb0e58438a80247324,60.16762,24.95415,000000006b44cce7,1.88
17556,2019-08-04T11:06:48Z,a44eda7b8ec58e1cd7c078a73c4da7fb0037d59453aa6bfe69b7cbdd,60.16762,24.95415,000000006b44cce7,5.91
17557,2019-08-04T11:06:48Z,a5835ce352a1e6d8fb6bdc410fae1076c756f7dac8e202465add9277,60.16762,24.95415,000000006b44cce7,7.69
17558,2019-08-04T11:06:48Z,a5d632ac8ffc19a626de034d3c9444fd262ee6edada285c816ea9266,60.16531,24.9442,00000000fdda10fe,7.69
17559,2019-08-04T11:06:48Z,a5f038c127ca4872294d7de2b08e334af618534637cc64bf42a6438d,60.17002,24.94407,000000006b087f40,29.32
17560,2019-08-04T11:06:48Z,a81c19fb85eebf853246cdc4d8e38245dfa5ba15c180eaa1bcc0378d,60.16829,24.94214,00000000afef4555,7.69
17561,2019-08-04T11:06:48Z,a98fc06dc605583814a2aa182295b88f81657ef2daeee7aaec792e7c,60.16762,24.95415,000000006b44cce7,9.92
17562,2019-08-04T11:06:48Z,aa2652969cafd3f9e6111c494e1382da619ce37948028c4fbf03a494,60.16829,24.94214,00000000afef4555,14.89
17563,2019-08-04T11:06:48Z,aa4547c0b6b8be30776e08d524ceeacfbc9930ad720e11fa4cb20882,60.16531,24.9442,00000000fdda10fe,1.12
17564,2019-08-04T11:06:48Z,aa45859d6157e9e86470ec8b81957acc35bafb1b7f419d79357a38cf,60.16829,24.94214,00000000afef4555,17.4
17565,2019-08-04T11:06:48Z,ab1377ddf669bb806f8db586f4ce5ab9f0f4257dda61fe800d8509f5,60.17065,24.93641,000000000f4919c9,25.36
17566,2019-08-04T11:06:48Z,ab9310807d2eb4984b053d38f467cb5d3e4211ff71ceb059480cf9ba,60.16829,24.94214,00000000afef4555,17.4
17567,2019-08-04T11:06:48Z,ac5c7e04b55d6d70659e5b8f4705309b9367c78a0edb7ce85f42c181,60.1538,24.95595,0000000038bf9618,31.5
17568,2019-08-04T11:06:48Z,ae3cda5066e455d4b1e58860e8fb7a35efad69b9964a676b476b0687,60.14947,24.91438,000000004ef3150d,7.69
17569,2019-08-04T11:06:48Z,b0d6202ccd1560eaf57c06931cb6466332e41068ad2963e515819015,60.17919,24.95181,000000007b5207b6,16.1
17570,2019-08-04T11:06:48Z,b2298fc6f63c02481610f9aef24f1a0c1711c255adc43c0fe135c1ca,60.14947,24.91438,000000004ef3150d,8.38
17571,2019-08-04T11:06:48Z,b26d0daac9f8fb84484cbd8ed668aeb6751e848b1c533a307d163360,60.16762,24.95415,000000006b44cce7,4.11
17572,2019-08-04T11:06:48Z,b3266ecf36a984b814e1b2d31b447438bd948a9c116721480104792f,60.16829,24.94214,00000000afef4555,14.89
17573,2019-08-04T11:06:48Z,b4c8900041e9f8751755d3940ceac58419e6370cd81cdb90d7800de1,60.14699,24.922,00000000a53ed894,18.79
17574,2019-08-04T11:06:48Z,b50b3c2006581bccfeaa9ea964649350c7d5b8177baa29a37e628584,60.14947,24.91438,000000004ef3150d,12.69
17575,2019-08-04T11:06:48Z,b5cdbcdc30e0bf653ce353c867708b0067db5e394c8cbe848d978a77,60.14699,24.922,00000000a53ed894,10.78
17576,2019-08-04T11:06:48Z,b5f80d159e59c4558e49ea6fb68f6bc72ee9eb92bee60991bdf4e46f,60.16762,24.95415,000000006b44cce7,8.38
17577,2019-08-04T11:06:48Z,b601cd655bb9f05aa6ec86fc9eb9300c3bc20bc0e856e94ad168a257,60.14947,24.91438,000000004ef3150d,5.41
17578,2019-08-04T11:06:48Z,b61c6a5634cffe7dead72d5f6730e8439bee6dd2286d9df8f3052e3c,60.16762,24.95415,000000006b44cce7,9.12
17579,2019-08-04T11:06:48Z,b81a9bf449d3e64ad0181804598330bbf305f384b888935023742c79,60.173,24.92524,0000000096918cfa,20.28
17580,2019-08-04T11:06:48Z,b81e65168ea3278486b1c954ab229bc2eda3fe07098e824f05cd0ac4,60.149,24.9843,00000000fffb8cf0,27.28
17581,2019-08-04T11:06:48Z,b8f5834e6b992cf5568ae3153fb4b07e97b7f6dd01250851134c1824,60.149,24.9843,00000000fffb8cf0,16.1
17582,2019-08-04T11:06:48Z,bbf7d8b9085ddcd3b94f55f93b52cb40a251c44f5df4099ba5b61471,60.16829,24.94214,00000000afef4555,10.78
17583,2019-08-04T11:06:48Z,bc07df8cc395f6f4f5d483b2233caca5f93a6918f346e4cc3702f8cc,60.16531,24.9442,00000000fdda10fe,20.28
17584,2019-08-04T11:06:48Z,bd7fa2c07b7e0eab8afb3d9825a810643c2eb71f83c09a1e26cac54c,60.16762,24.95415,000000006b44cce7,4.11
17585,2019-08-04T11:06:48Z,bdc8bd416444be70683b3475302093428e4abe14284e9579617fe8ea,60.1638,24.96846,00000000d747f075,29.32
17586,2019-08-04T11:06:48Z,c0a0ca3433586ed2ae0e448f2406fabac7292ac79d49562e0bd5cef8,60.16762,24.95415,000000006b44cce7,16.1
17587,2019-08-04T11:06:48Z,c190b2b98438e2e79fb5d2add3c063bbf98d30d208518a2fd9296add,60.16762,24.95415,000000006b44cce7,14.89
17588,2019-08-04T11:06:48Z,c27fee8ae8d689338b043608280c83cfa6f3276d3837ecea5f742dc3,60.16762,24.95415,000000006b44cce7,4.94
17589,2019-08-04T11:06:48Z,c2cc33e5b1b8d254d4bcbc0ffa13c9200676a39a191cc31a38d28d8d,60.17065,24.93641,000000000f4919c9,10.78
17590,2019-08-04T11:06:48Z,c2d88bc74172eb47d26ee5d739980baa7fc011b9973f9f18b482aa81,60.17065,24.93641,000000000f4919c9,21.87
17591,2019-08-04T11:06:48Z,c2e135ad2c160277e290705658ac41d7cd35b11ebf61d829fdd0b428,60.14699,24.922,00000000a53ed894,7.69
17592,2019-08-04T11:06:48Z,c45e3c4e8ec0fc85457d3b4ed4c49ed0116b4cf447e2983f353abcd8,60.16829,24.94214,00000000afef4555,9.92
17593,2019-08-04T11:06:48Z,c55894159f2080031cda702c78ee54463c3c15ab1b3638afdf687f08,60.16531,24.9442,00000000fdda10fe,5.91
17594,2019-08-04T11:06:48Z,c579eba896de95131c4cbe66bafd0f641be628aa2ff8f8a4d1f16691,60.16762,24.95415,000000006b44cce7,9.12
17595,2019-08-04T11:06:48Z,c6b0ea433c3fdc73e0bac7e3faa2690506c4e8ec7fc54210446a7ffa,60.14947,24.91438,000000004ef3150d,20.28
17596,2019-08-04T11:06:48Z,c7160ae9aa31ca4dba615425303b1e527f342ede653be387ee54389c,60.149,24.9843,00000000fffb8cf0,20.28
17597,2019-08-04T11:06:48Z,c7ced11121537f55bcd7d7ab67312226dafe7c85320c5357a35d5ab7,60.17002,24.94407,000000006b087f40,20.28
17598,2019-08-04T11:06:48Z,c8f8a7a901c692af2aec8031d27f0b7efc946f113895771f87fefe1c,60.14947,24.91438,000000004ef3150d,16.1
17599,2019-08-04T11:06:48Z,c990a15d27cfc21e63b7c96b95949254f1194e8b27118386a589e2bd,60.16897,24.95222,00000000aa852af1,21.87
17600,2019-08-04T11:06:48Z,cd7d0e9404c9f4e8fab0742460b9acb4d5bbb97f44df80d4a8b973cd,60.17002,24.94407,000000006b087f40,11.7
17601,2019-08-04T11:06:48Z,cddbfc3b0a1459f0ea8d553779cf320d512cac6e64976182f2f0b3b7,60.16829,24.94214,00000000afef4555,14.89
17602,2019-08-04T11:06:48Z,d04b5065ec93818b731141027d11e6a1cf53de69b9737d7aea0c34da,60.14947,24.91438,000000004ef3150d,12.69
17603,2019-08-04T11:06:48Z,d162ad46250f7d87af446db22df4aa6b2eb2bf22f83beca34e857743,60.16762,24.95415,000000006b44cce7,11.7
17604,2019-08-04T11:06:48Z,d1b77fcfad94da8564d1a85ed1797255531e5ab26cc835800878fb26,60.17065,24.93641,000000000f4919c9,6.46
17605,2019-08-04T11:06:48Z,d20f68571773330f7b6490b006b2e952c9912b4ee05e20f0fc434698,60.16629,24.95957,00000000fb7600be,21.87
17606,2019-08-04T11:06:48Z,d25e926dba8aa2c77f46ada32671b08b1176455c0e3693d160b87744,60.16762,24.95415,000000006b44cce7,11.7
17607,2019-08-04T11:06:48Z,d2aa78414847f7d563d6dd86215208c2c50df75bfd2a7b601cfcc35e,60.16762,24.95415,000000006b44cce7,9.92
17608,2019-08-04T11:06:48Z,d2b816bfc9982b3f48d8baa389dc18ef7a57d3dcba72567b2865e2e2,60.16762,24.95415,000000006b44cce7,11.7
17609,2019-08-04T11:06:48Z,d2e3bf982b10b2079eaa464127a286409c5030b21ffe9a2ce08bbb9c,60.16762,24.95415,000000006b44cce7,7.69
17610,2019-08-04T11:06:48Z,d3966841e6ee1ecfc76638645f7a6f01848c4995ba9b70139800de38,60.16762,24.95415,000000006b44cce7,13.75
17611,2019-08-04T11:06:48Z,d3bad9334d128332fc483e10ef1b77c28e5a75ac55be4de71c6b2f9f,60.16829,24.94214,00000000afef4555,14.89
17612,2019-08-04T11:06:48Z,d6a8c97f1ec18c7a90d3beae358bad67f8d53626258a852e15b08c5d,60.14699,24.922,00000000a53ed894,9.12
17613,2019-08-04T11:06:48Z,d71a315bac918f9a18fcd820731e6d9eb54fb0d01c324ca088ef8858,60.149,24.9843,00000000fffb8cf0,16.1
17614,2019-08-04T11:06:48Z,d7b6b8f9e61c0c1181850b8880f319ea2ef58d8a3adac78d63c0d11c,60.16829,24.94214,00000000afef4555,18.79
17615,2019-08-04T11:06:48Z,d82f37918d46bea29e113c6b57b901b1b960ed3337bdcce777aea476,60.17065,24.93641,000000000f4919c9,7.69
17616,2019-08-04T11:06:48Z,d86f155736e4d36de5d33bdbb3b12b717b75de44852b93419af20945,60.16829,24.94214,00000000afef4555,11.7
17617,2019-08-04T11:06:48Z,d9fe99c157052fce3b37f5128399fac7b857e756ffa220d8bebe5467,60.16629,24.95957,00000000fb7600be,29.32
17618,2019-08-04T11:06:48Z,da2398acaae7f39c7b80c220d4e6917bdc7655f4c71b6e36d06cb859,60.18203,24.91341,00000000342570c2,21.87
17619,2019-08-04T11:06:48Z,dabb7edec36f560d07547c2595765be02b0731b3826f93f5c41b7120,60.16762,24.95415,000000006b44cce7,7.05
17620,2019-08-04T11:06:48Z,db4d3f81708de827ce30c4130610fd65b4d6d451ca5cf6b0c4e745d9,60.16829,24.94214,00000000afef4555,13.75
17621,2019-08-04T11:06:48Z,dc816e92e4a2eceea03f41fc379fda0e3d57b5d0fbd9a06430432022,60.16762,24.95415,000000006b44cce7,6.46
17622,2019-08-04T11:06:48Z,dc82f9648bb5ba21e766e0923f5fa7ca2d77662ab0edbe22a3d95631,60.14699,24.922,00000000a53ed894,4.94
17623,2019-08-04T11:06:48Z,dd8e0699822b1a8a3f8a91fcb10729f6f7cd0a4736f36dc60974c36e,60.16762,24.95415,000000006b44cce7,6.46
17624,2019-08-04T11:06:48Z,ddd0e663eb31ac94858d2a4e9af5e4782781e88c92102042190e6fcf,60.14699,24.922,00000000a53ed894,7.69
17625,2019-08-04T11:06:48Z,de48adf9d49eb3bc1d61dea4047618f6c77086fc44bd2b535d56504d,60.16762,24.95415,000000006b44cce7,3.74
17626,2019-08-04T11:06:48Z,de71e27b55ef6f2f51f05838a2fcab596f1dd93a14ece5ce4548f5c7,60.14699,24.922,00000000a53ed894,13.75
17627,2019-08-04T11:06:48Z,e081e4b3252ca91bbf1cbb70faa116d60317fbf3a991a67bc99b4bfa,60.149,24.9843,00000000fffb8cf0,29.32
17628,2019-08-04T11:06:48Z,e1da87aea335bcd04e4c876158b96ebc7ba4206bc216c3aa27a2f4af,60.17919,24.95181,000000007b5207b6,21.87
17629,2019-08-04T11:06:48Z,e26862fdcdd4688d81b8fe05d1ac94c5f9b3192ddc50d4c66ad12cc1,60.16897,24.95222,00000000aa852af1,21.87
17630,2019-08-04T11:06:48Z,e29168791ccd18013b58845430388cc5aac537e7e1c618aeb78900a8,60.16897,24.95222,00000000aa852af1,18.79
17631,2019-08-04T11:06:48Z,e305610124e16ed1411a221b29ce69a076cc47982efd6c098b0599ab,60.14947,24.91438,000000004ef3150d,7.69
17632,2019-08-04T11:06:48Z,e32e078697e70d6e3cb4b156ada3a4756315227b125615d7b5c116a7,60.16762,24.95415,000000006b44cce7,12.69
17633,2019-08-04T11:06:48Z,e44d7228cecbdb2474e1cc396a6c13943f09c08c19d0ffab1997d509,60.17918,24.95141,00000000675d5200,10.78
17634,2019-08-04T11:06:48Z,e53a901aed874016e1cd1ed3e9b2891fca850986cb2fa04f5162cf52,60.16762,24.95415,000000006b44cce7,4.11
17635,2019-08-04T11:06:48Z,e557e164cd52fd817b02cad6587a294d72b0974d9b014ad69ea5e08e,60.17919,24.95181,000000007b5207b6,18.79
17636,2019-08-04T11:06:48Z,e568360cebcddeb30a1d066a2f6a2326ac927004214bd11337d804e5,60.16762,24.95415,000000006b44cce7,14.89
17637,2019-08-04T11:06:48Z,e5b9b4813c081a31fb498e7f9adb94918c267dfa125c63790c0d9488,60.149,24.9843,00000000fffb8cf0,2.3
17638,2019-08-04T11:06:48Z,e69428edc08b0164c7c2c57f60377b04c49d37b88135ce57a545efd1,60.16544,24.95398,0000000038d83d41,29.32
17639,2019-08-04T11:06:48Z,e9d59e25b58f33f70aad6832863cb59d7485ca55a1575558f92b74e7,60.16897,24.95222,00000000aa852af1,20.28
17640,2019-08-04T11:06:48Z,ead2f467899b87bb3227752949a27b808fad94a55a6913fdfe14085d,60.16762,24.95415,000000006b44cce7,17.4
17641,2019-08-04T11:06:48Z,eb261026c6f65b651ddf21bed629a1e164cfb500d0b78062704ec15c,60.16762,24.95415,000000006b44cce7,9.92
17642,2019-08-04T11:06:48Z,eb3dde73e84f5016b5545e9fa2e08d04257ebe448619783f90edcd23,60.16762,24.95415,000000006b44cce7,13.75
17643,2019-08-04T11:06:48Z,ec485175d2b7a2c53d03bf546aee134c116d998976601b069570c6f9,60.14699,24.922,00000000a53ed894,13.75
17644,2019-08-04T11:06:48Z,ecb1735f180422ec69f041cd2782a26c9f07d27a87893b3c30aaa9b7,60.16075,24.95883,00000000f1124bca,4.5
17645,2019-08-04T11:06:48Z,ecb5655da668bb183a5c270a96927649c323975e318184d248247099,60.16829,24.94214,00000000afef4555,20.28
17646,2019-08-04T11:06:48Z,ed3b2eaece7e8846b296ad5c3f195aafb7410c95a88887d845982981,60.16762,24.95415,000000006b44cce7,16.1
17647,2019-08-04T11:06:48Z,eea43687eab35d2c386347881796eb1c8279076b9e9642ebc2cd06ac,60.16762,24.95415,000000006b44cce7,4.11
17648,2019-08-04T11:06:48Z,ef15ff71b7dc4c2088249a4fca7e28900ae315245a7a3b4d571bf582,60.16829,24.94214,00000000afef4555,16.1
17649,2019-08-04T11:06:48Z,ef45fdc095ee55730384922266d8fce61de212d3c3df2441ea10e524,60.14947,24.91438,000000004ef3150d,18.79
17650,2019-08-04T11:06:48Z,ef5e495c5f9d3dd9eb22ed5b8faf1cc9e4225d4785ebb26a87d16fff,60.14699,24.922,00000000a53ed894,6.46
17651,2019-08-04T11:06:48Z,f110acae92fec55c6caca5de864773a6b99e5b8d6e2fdf8d1bdbc759,60.16762,24.95415,000000006b44cce7,8.38
17652,2019-08-04T11:06:48Z,f11c02cbebb4049a29f10d2ee6aac8a9ca3b7b9609a39d69463461a1,60.17065,24.93641,000000000f4919c9,18.79
17653,2019-08-04T11:06:48Z,f196f5f8c08299d290b3bac1944e00bb1f2c90594db66438b0c10e6e,60.16629,24.95957,00000000fb7600be,11.7
17654,2019-08-04T11:06:48Z,f1d44b9d3710849eba7eab0b6646053378aa5f8ee3491ec2522f3c44,60.14947,24.91438,000000004ef3150d,17.4
17655,2019-08-04T11:06:48Z,f4b9fc6acb673aea24fe00dfbe806b81fedab0c2ea82d781f7659ce5,60.16762,24.95415,000000006b44cce7,12.69
17656,2019-08-04T11:06:48Z,f5ffa3dbcdd5592ac31344cb04a7a6d639109a4d6e196fa0df3990dd,60.17065,24.93641,000000000f4919c9,21.87
17657,2019-08-04T11:06:48Z,f616fbd0fde8316049c3068ae4368dc9f486f8da4bf5516e9ba82578,60.16897,24.95222,00000000aa852af1,8.38
17658,2019-08-04T11:06:48Z,f62b86ef56fa9417b0128f2fff6530aed6f2a50d3f65bbbfdcbbee59,60.16762,24.95415,000000006b44cce7,14.89
17659,2019-08-04T11:06:48Z,f78ef2ddbe48b534137498eab56c0a55ec0e0b1d8868e82cb5652a0e,60.14699,24.922,00000000a53ed894,10.78
17660,2019-08-04T11:06:48Z,f7be7d003528c0c0827040a3a3723e49406a5a7c86cb4bc568a830db,60.17002,24.94407,000000006b087f40,14.89
17661,2019-08-04T11:06:48Z,f855918d61069661cbf8633b228a5fb9e5cd5ea7b2946bfc5b9fc315,60.16829,24.94214,00000000afef4555,20.28
17662,2019-08-04T11:06:48Z,fa1579394f4980e1fe11248f7be4e646b601a3d8cdb9361f182d066c,60.16762,24.95415,000000006b44cce7,9.12
17663,2019-08-04T11:06:48Z,fa15a46a5326515aa1a4b43762ef2018a2be3ac983c811558c1fe104,60.16762,24.95415,000000006b44cce7,10.78
17664,2019-08-04T11:06:48Z,fb37b263777ffcf7fe1fb6484821cae2b8beb03b5f5009109748dedb,60.16762,24.95415,000000006b44cce7,7.69
17665,2019-08-04T11:06:48Z,fbd28054e4a5478c8ca06f4d682405d1c59bef4853cad413ecb58d13,60.14699,24.922,00000000a53ed894,23.56
17666,2019-08-04T11:06:48Z,fdf5c0dab003c974e22f3746bfb7fa399e10ca82fcec35ba6dcd6065,60.18203,24.91341,00000000342570c2,17.4
17667,2019-08-04T11:06:49Z,0152988639aaaa9cc27213280c8f0c0c8ec97ae6a45aaaf743c9c25d,60.16544,24.95398,0000000038d83d41,21.87
17668,2019-08-04T11:06:49Z,048a4191e2e9ce1733556eda54c4123345c70aeced0f8ecf7d52b916,60.14699,24.922,00000000a53ed894,14.89
17669,2019-08-04T11:06:49Z,09ddbf38333e76a79fd836112bd8c3f8bf7f3dadfb3d49945ad4c486,60.16897,24.95222,00000000aa852af1,7.05
17670,2019-08-04T11:06:49Z,112c36ba789fa57e2b19c9bff8bfe0b3eba19a431c3af4656c4cee5b,60.16531,24.9442,00000000fdda10fe,29.32
17671,2019-08-04T11:06:49Z,128f1b89d7a534aa206a7823b692594bbd4d349761baa04c0fc72f2c,60.14947,24.91438,000000004ef3150d,12.69
17672,2019-08-04T11:06:49Z,14c7e1511b70f4dd3359cbece1377aebb4d70531f5489eefe53d7c3c,60.16544,24.95398,0000000038d83d41,25.36
17673,2019-08-04T11:06:49Z,16c994bb2e24124a910c247376d16e980a65626a94c4c0aaab27df60,60.16829,24.94214,00000000afef4555,27.28
17674,2019-08-04T11:06:49Z,198d6432c579dae0d7ddda6591eb377ca6c01888de802f89ab84b98a,60.16544,24.95398,0000000038d83d41,27.28
17675,2019-08-04T11:06:49Z,25a7ff811c3c06e426c7c2cbb0433d9a2a3399b23afecbd35584ab0f,60.18203,24.91341,00000000342570c2,16.1
17676,2019-08-04T11:06:49Z,269109af99b12861eeb19ab8698033d9c00895687da47af3f4310e9d,60.16762,24.95415,000000006b44cce7,5.91
17677,2019-08-04T11:06:49Z,2e4af02bc2421faac1f506a147ddb9b76076386be53415223aca4bde,60.16762,24.95415,000000006b44cce7,14.89
17678,2019-08-04T11:06:49Z,32dd92b5a658392a4ec84eaf95152ee72258b6b0fb670b97882ac902,60.16829,24.94214,00000000afef4555,6.46
17679,2019-08-04T11:06:49Z,3b5cafe90982db26cf737b2e4cd4275276f6a031bca3b2a1f73023b2,60.14699,24.922,00000000a53ed894,12.69
17680,2019-08-04T11:06:49Z,3fe5f4ccfa5c777ceafda0674d7c9da6f509f6694b4c2fa254b32e73,60.16897,24.95222,00000000aa852af1,17.4
17681,2019-08-04T11:06:49Z,43b676ed3aef4c2d8846694817e76117873be52e7f788e0cb366c1c4,60.16629,24.95957,00000000fb7600be,21.87
17682,2019-08-04T11:06:49Z,4656bad9b5e6dfc3977eca308fc1db3dbf8b0204b90d09b001da242e,60.1638,24.96846,00000000d747f075,23.56
17683,2019-08-04T11:06:49Z,5d65719c4cbf045f068d084b72302f447d5fd034413d97d13be00d0e,60.18203,24.91341,00000000342570c2,17.4
17684,2019-08-04T11:06:49Z,5d8331ad0aa9ed944e254be7e373a7f29e3fb9a6db11eb92f896ad01,60.173,24.92524,0000000096918cfa,27.28
17685,2019-08-04T11:06:49Z,5eed115a984d490b02b602d73787aee8dc8c4e9365b77fbff3818a76,60.16629,24.95957,00000000fb7600be,18.79
17686,2019-08-04T11:06:49Z,69219e9efa41ae9e732653e9eaf08e1a34cb853a9dafe76ddeea4d04,60.16897,24.95222,00000000aa852af1,25.36
17687,2019-08-04T11:06:49Z,6a70e2fbced719333e21eff04fcb9cb36bae9a04d1a3d6ddd96f2c58,60.15432,24.9211,0000000019fb59c4,10.78
17688,2019-08-04T11:06:49Z,747f2d1ebff218c0ebbdc0fdaef4cbe56633dfb46ae1b1f8c8142201,60.16762,24.95415,000000006b44cce7,17.4
17689,2019-08-04T11:06:49Z,79f136afa0dd8717337c01c70b457c464aaf0fa25b440f51a394ec23,60.16762,24.95415,000000006b44cce7,13.75
17690,2019-08-04T11:06:49Z,87dfaad29a9276ddddb1fa021d3bc23ad14824c1af16f7d87e713689,60.14951,24.92138,0000000006dd41f6,9.92
17691,2019-08-04T11:06:49Z,88808fe92573e9cdf022cc15b9689b6b4b9429f60513c8897b0ba4c7,60.16897,24.95222,00000000aa852af1,18.79
17692,2019-08-04T11:06:49Z,89982a6acf91b79a282a6b63978e946ee205f303fcd20e944e06baf0,60.16544,24.95398,0000000038d83d41,27.28
17693,2019-08-04T11:06:49Z,8c3b1ed0846e38cc84b863a80540c8a75bfd85c8bdda36563d153110,60.16544,24.95398,0000000038d83d41,31.5
17694,2019-08-04T11:06:49Z,9843c6216661048343a0e49cf3d8aa2883cf77f452666a1c873a1052,60.16448,24.97323,0000000053c6c2be,13.75
17695,2019-08-04T11:06:49Z,9c8556ea519835172f09c20e7688066eeec8e7f74a0c6fa3df3d9c5f,60.16829,24.94214,00000000afef4555,18.79
17696,2019-08-04T11:06:49Z,a13e5d46f0a2d1c6b58878e1b198905e9b14e3a85b5e4adab88b4b87,60.16762,24.95415,000000006b44cce7,11.7
17697,2019-08-04T11:06:49Z,a91d379a4b57c5df22db0d7a041ff69f657b4b31f28554b1011fc03c,60.16544,24.95398,0000000038d83d41,27.28
17698,2019-08-04T11:06:49Z,b5fd6b317890e5ab2d79e2cd1abe61626d45a753c7337d0d40728898,60.16762,24.95415,000000006b44cce7,11.7
17699,2019-08-04T11:06:49Z,b936e41d8712ae967f3ebb413fc44f060bb10613f95537757886ede2,60.16762,24.95415,000000006b44cce7,7.05
17700,2019-08-04T11:06:49Z,c40c37def6bf11a63a2556519a7c6233fd417cdeea2cf14f28e7c42c,60.16531,24.9442,00000000fdda10fe,23.56
17701,2019-08-04T11:06:49Z,c54f2dd0590c650ad3e52a68193db3173db5e74f90f69faa1e2d6bb0,60.16762,24.95415,000000006b44cce7,4.94
17702,2019-08-04T11:06:49Z,c97eb4181394121907d47b908495f54e5ee5145ff790f7a1dc21b3cf,60.16897,24.95222,00000000aa852af1,11.7
17703,2019-08-04T11:06:49Z,ca6927628f5ddda20036865c9345ad93d476d62ade3b181de568eed6,60.16897,24.95222,00000000aa852af1,23.56
17704,2019-08-04T11:06:49Z,cd2c2ce2425879ac455c812073aa8025c7bac76df380e4793edab46d,60.16829,24.94214,00000000afef4555,20.28
17705,2019-08-04T11:06:49Z,cf05623e4d87ce0906c0b0b7dbf53aacc1228016cd27c341228b6e76,60.18203,24.91341,00000000342570c2,17.4
17706,2019-08-04T11:06:49Z,cfc0bedb78ded52749db3188cb188bf6a250ef5990da9c5afa9623fc,60.14951,24.92138,0000000006dd41f6,27.28
17707,2019-08-04T11:06:49Z,d0bb9fef9a0ef26adcdd4732c9c20361bce49826f32c2892242831b8,60.16762,24.95415,000000006b44cce7,18.79
17708,2019-08-04T11:06:49Z,dbeb00942457ba3c5fb1984b57b1dedb268c0e761e80729b939f1fd8,60.16544,24.95398,0000000038d83d41,25.36
17709,2019-08-04T11:06:49Z,e224ae5ea47af2e3048f83b13a1f45dc135c0ca6be72547b01729086,60.1538,24.95595,0000000038bf9618,20.28
17710,2019-08-04T11:06:49Z,e8690c2d1711bc10f2d1251a3b5b1e770b98c66c384760400c604de1,60.16829,24.94214,00000000afef4555,21.87
17711,2019-08-04T11:06:49Z,e8e366e76c97944e23c0f80b4fd3ce6e5832744922297146a49f0c7e,60.16762,24.95415,000000006b44cce7,13.75
17712,2019-08-04T11:06:49Z,f088630d7476dae7d4b7e2bb1f10575f2c89acb4b6e061f3d57c2b40,60.16531,24.9442,00000000fdda10fe,27.28
17713,2019-08-04T11:06:49Z,f31cfded6f566f9c032c80c52ea642407be312c5d42521ab7a8d3e2a,60.16897,24.95222,00000000aa852af1,23.56
17714,2019-08-04T11:06:49Z,fc4f3a44235f1cfc7b53f14ba2da599976a5a0a220d23b852688e485,60.17919,24.95181,000000007b5207b6,11.7
17715,2019-08-04T11:06:49Z,0043f38f4fb6545d7c033c9a8f8c18106aa0c2c841f28a15dd722e9d,60.14699,24.922,00000000a53ed894,11.7
17716,2019-08-04T11:06:49Z,0236a1d5b9b9d2249407a79705eee38de360ceb0530a8959ba5bc15b,60.149,24.9843,00000000fffb8cf0,18.79
17717,2019-08-04T11:06:49Z,02a354db29cd5bc16976a9d933e03a41be350f9cc78098829a7dcfd4,60.14947,24.91438,000000004ef3150d,21.87
17718,2019-08-04T11:06:49Z,03204cdd97728dc59f21f215f75460ac8fe2fa56720a88e869c6f56d,60.16829,24.94214,00000000afef4555,13.75
17719,2019-08-04T11:06:49Z,03515f2dd8be9a829b8b55cec8dc0f87b3e51368f8f16e4c4014d547,60.16762,24.95415,000000006b44cce7,17.4
17720,2019-08-04T11:06:49Z,0495ba0a1c04e0262f37eaa32084a173acc00638a16e76bb922b97dd,60.16762,24.95415,000000006b44cce7,10.78
17721,2019-08-04T11:06:49Z,0623e5ba4e94b3d42b9011d0d7de2ad0b0f2684f8a3dcd6c15c4cf1a,60.16762,24.95415,000000006b44cce7,25.36
17722,2019-08-04T11:06:49Z,0656a0c0a353f164b57fbdd9e648d71fab429964d97ed07ab2c5dc30,60.18203,24.91341,00000000342570c2,16.1
17723,2019-08-04T11:06:49Z,07505f028a552fd4183a9d7a436db18ae89a2dfeff0cdea93dcbe920,60.16762,24.95415,000000006b44cce7,8.38
17724,2019-08-04T11:06:49Z,07d9aa9fe10e58c26960ba10eb2f13607a7cea0226acaecbdcc52508,60.16762,24.95415,000000006b44cce7,8.38
17725,2019-08-04T11:06:49Z,08b10b51864dc039f0a07c997e66e7a263ee1cde5b0b88b2a1178c58,60.16829,24.94214,00000000afef4555,20.28
17726,2019-08-04T11:06:49Z,0a949aafc0be15c68d73a5dd186d726aa6b921f44303a712ac6ddcb8,60.16762,24.95415,000000006b44cce7,7.69
17727,2019-08-04T11:06:49Z,0aa519749df61b76dd2eeff7698dae9732dcbeb64afd25bb14aebb4a,60.16897,24.95222,00000000aa852af1,25.36
17728,2019-08-04T11:06:49Z,0b45b52bc137c31ce83561c857f809296ec70f5537976a4a4d573d4f,60.16829,24.94214,00000000afef4555,16.1
17729,2019-08-04T11:06:49Z,0b49dcea1b7eab22f4ebd0c7666ded5b59fe092b8bdd4aa9eda6326d,60.16762,24.95415,000000006b44cce7,2.3
17730,2019-08-04T11:06:49Z,0d2490ed58c11eb4a754a30cc4bcb21c7243d322a2caf7cc360e4e8c,60.17065,24.93641,000000000f4919c9,17.4
17731,2019-08-04T11:06:49Z,0e113c5ed3abcdfb31d27c3125f6cf01e3b96e4ed7eca1aaea855f77,60.14947,24.91438,000000004ef3150d,14.89
17732,2019-08-04T11:06:49Z,0e1fac068e905121e354702292780affb6635905cc36872878ff79ce,60.17002,24.94407,000000006b087f40,27.28
17733,2019-08-04T11:06:49Z,0eb421f0e6ac48b15f69552f992309f03f88124ceb89cc780db7624a,60.16544,24.95398,0000000038d83d41,31.5
17734,2019-08-04T11:06:49Z,0fd26c6e46f4d73b276223942e56c38bc9b8e4566239f8a77261657b,60.17002,24.94407,000000006b087f40,20.28
17735,2019-08-04T11:06:49Z,1107822441d53ff89eb9cb0d022a37202aed47bd82dca4bc175d6837,60.16762,24.95415,000000006b44cce7,1.88
17736,2019-08-04T11:06:49Z,116e59da308964e8eb82cb6e5a758aad726ec3800f0fa17bc661e8fe,60.16762,24.95415,000000006b44cce7,8.38
17737,2019-08-04T11:06:49Z,131e957246fc0b45d57e5b4089db7d6a4efaa84772af906d65b45c63,60.17002,24.94407,000000006b087f40,21.87
17738,2019-08-04T11:06:49Z,1327ce24f157334f864f913637993c80380ce5f5c911e4b0d31c5eb7,60.149,24.9843,00000000fffb8cf0,1.88
17739,2019-08-04T11:06:49Z,135b81a7a5a9dd70569656553c100af6fdc760bcf92d9b7b48261cb1,60.16897,24.95222,00000000aa852af1,17.4
17740,2019-08-04T11:06:49Z,13b0a8ca1414d7b2b0e8d5f80069a5d26c6f62a68b58eda25a4b85f4,60.16829,24.94214,00000000afef4555,16.1
17741,2019-08-04T11:06:49Z,1556d4a76070c26554efa12b4b9c53766a4cc394e8b74ee37f2fff65,60.17065,24.93641,000000000f4919c9,5.41
17742,2019-08-04T11:06:49Z,163dbc381da1ed6a59dda273955da51bb7f1216e1b8e226446d40e4b,60.1538,24.95595,0000000038bf9618,27.28
17743,2019-08-04T11:06:49Z,16930df574ba361a16f9bc6dcd6e0f9c24b003d78a8b06e855a34158,60.15432,24.9211,0000000019fb59c4,31.5
17744,2019-08-04T11:06:49Z,169c77f0d714e38eb1e798b14fa42ce3fefb0ec1d6f9e93a38a872f1,60.16762,24.95415,000000006b44cce7,8.38
17745,2019-08-04T11:06:49Z,182e58bd6c3c8d836225d454a878bc55d8ed5166564a22f8b635f6ff,60.14947,24.91438,000000004ef3150d,18.79
17746,2019-08-04T11:06:49Z,1921be9815a57f11f291ca085add7b4bf1d044518b03b725df7cf7d5,60.149,24.9843,00000000fffb8cf0,8.38
17747,2019-08-04T11:06:49Z,19db84758eba08a5f9bb56b0ff91d05286765c8e8dfa31bd0b2aaa1c,60.14947,24.91438,000000004ef3150d,5.91
17748,2019-08-04T11:06:49Z,1a06b5f7f305badd45e93db9d86d76ed3a2a96ec55ec47c836921e3e,60.16762,24.95415,000000006b44cce7,11.7
17749,2019-08-04T11:06:49Z,1a9a0f74c353624c42c19c007e82c9c2547b7285d8353d0e375e3f05,60.14699,24.922,00000000a53ed894,10.78
17750,2019-08-04T11:06:49Z,1c38009e9b89bd8b0d6744bf54ebae9a8ad2dc2868cdfc3f2e399509,60.16829,24.94214,00000000afef4555,18.79
17751,2019-08-04T11:06:49Z,1c8c3befa38b65f707dd4933a68e5e3c9e7c82592fd382779127416b,60.16897,24.95222,00000000aa852af1,23.56
17752,2019-08-04T11:06:49Z,1ce242f8d8220cd38bf3ea9138c99ae9b2f79b28e68edb864f090ec9,60.149,24.9843,00000000fffb8cf0,33.81
17753,2019-08-04T11:06:49Z,1fa2c533bba37b249a0105001153733e67a559d40c22cab67f135f64,60.14947,24.91438,000000004ef3150d,20.28
17754,2019-08-04T11:06:49Z,2136558e0a9a89ed5aa044485a8e31bff3b7e5acf38c645a06782afd,60.16448,24.97323,0000000053c6c2be,23.56
17755,2019-08-04T11:06:49Z,21e1b0aebd1c050ac0463a0269b847e7e94b782ed10399e5e749817f,60.16829,24.94214,00000000afef4555,17.4
17756,2019-08-04T11:06:49Z,227b93698b29687beea48184f42aab63a21fa362af7251be32db2e15,60.16531,24.9442,00000000fdda10fe,4.5
17757,2019-08-04T11:06:49Z,23b7c1b09dfbcbf722a4c48303dd0435cf9885a516d5eebb6538844f,60.16762,24.95415,000000006b44cce7,9.92
17758,2019-08-04T11:06:49Z,26a4ff30aad95332c4b603e9e728a10486413889de9d2c4573524923,60.14699,24.922,00000000a53ed894,18.79
17759,2019-08-04T11:06:49Z,2724e42551f43106ea58a8fcc6a43953baa1294cd65e17a90012f706,60.17065,24.93641,000000000f4919c9,0.34
17760,2019-08-04T11:06:49Z,277125506ba4ea1afb2c696256b262e0708d43c30c769a1d4a382a76,60.16762,24.95415,000000006b44cce7,17.4
17761,2019-08-04T11:06:49Z,28741c2e5e348fe81dec0518a21c0930c98a25b6fcece61a262d50de,60.14699,24.922,00000000a53ed894,14.89
17762,2019-08-04T11:06:49Z,28e8a4ccd08ea244e028ee358d7ae5359a02107234c2cafd1415ccec,60.16829,24.94214,00000000afef4555,25.36
17763,2019-08-04T11:06:49Z,296a0ffe230305a3d37818a0369b56c99dacdd5df5a161bf238e1084,60.16762,24.95415,000000006b44cce7,3.74
17764,2019-08-04T11:06:49Z,2977d3c4f181abb6662adf1d466a62167e2690a9c94dc53e5aa6a904,60.16762,24.95415,000000006b44cce7,12.69
17765,2019-08-04T11:06:49Z,29b5f09785ef76627c2a3f043e1182d11fbd3a465422544c7478aa1c,60.16897,24.95222,00000000aa852af1,4.5
17766,2019-08-04T11:06:49Z,29f5adc4d67413b7d368e8e94a41cf48339e3f5f0903f660170c4fe8,60.17919,24.95181,000000007b5207b6,9.12
17767,2019-08-04T11:06:49Z,2a334446463c0c30b6183affed3493e5b0fefc5fae3085991b3159ea,60.16829,24.94214,00000000afef4555,27.28
17768,2019-08-04T11:06:49Z,2c85e4140ca0ba77c3598ceac05eb2c2342409ce8111c863fc58c606,60.16829,24.94214,00000000afef4555,16.1
17769,2019-08-04T11:06:49Z,2d0349a4148a147b05e00cd46c137dd208ba2a8ce9327b493615f1a6,60.16829,24.94214,00000000afef4555,4.94
17770,2019-08-04T11:06:49Z,2de87ef94604fb63bec05eefb71b6cdd0b9807f8551159c2a35e7259,60.17065,24.93641,000000000f4919c9,3.74
17771,2019-08-04T11:06:49Z,2e6e6f89a7d75f0742d016de203c9acc8d6f6bdeb7b56bd12f482653,60.15432,24.9211,0000000019fb59c4,1.88
17772,2019-08-04T11:06:49Z,3004b57f95861dcbc505cbe89ab781674966526a063bee7072de8aba,60.16829,24.94214,00000000afef4555,9.12
17773,2019-08-04T11:06:49Z,30bee351808d5e8082ce012b57f5bc0efc80f8394491a182e0eeee32,60.17919,24.95181,000000007b5207b6,23.56
17774,2019-08-04T11:06:49Z,31659a798f1d780d587f07390c038a78fafa6cabb8180dba635863ce,60.17002,24.94407,000000006b087f40,14.89
17775,2019-08-04T11:06:49Z,32f77f5019e5fce30881c214487361e2e34b8c93277f6e546de72012,60.1638,24.96846,00000000d747f075,25.36
17776,2019-08-04T11:06:49Z,33a5da4eacfc49fefa067790c9fada1a86d9793367ded845a46f0779,60.16829,24.94214,00000000afef4555,20.28
17777,2019-08-04T11:06:49Z,3417d8a6b53687e70f126ebeb1d26a2ff6369dc9a551c3c35c5a04f9,60.17002,24.94407,000000006b087f40,21.87
17778,2019-08-04T11:06:49Z,3670a148a52771f0ff5af161725f65b86873c09eea1a7697861c0438,60.14699,24.922,00000000a53ed894,16.1
17779,2019-08-04T11:06:49Z,374083907dd8980893623726af5633afd59b519c885ad12ba5c674eb,60.17002,24.94407,000000006b087f40,7.69
17780,2019-08-04T11:06:49Z,38561a086c97342a24583c26b33205da50e3e973a8147fe016a4a9ff,60.16829,24.94214,00000000afef4555,11.7
17781,2019-08-04T11:06:49Z,386dea4944e0b83648b4b6faf510fd47b0e9e29a2bb9311fe8a80ee2,60.17918,24.95141,00000000675d5200,14.89
17782,2019-08-04T11:06:49Z,395134265ad60f36cbb21b92db8d3db4d07bd71836d174cbf1a09224,60.16829,24.94214,00000000afef4555,12.69
17783,2019-08-04T11:06:49Z,3991e38309311c3fd5aecdcf3290274a5742396d989a81387bf154ae,60.17002,24.94407,000000006b087f40,16.1
17784,2019-08-04T11:06:49Z,39e2f2a7b03cda9f877366363a3727edfefd16d2221e752dafc33634,60.17002,24.94407,000000006b087f40,21.87
17785,2019-08-04T11:06:49Z,3ac85712ab657e849113d439795c4e7325d1025cacdbd9a41174b031,60.17002,24.94407,000000006b087f40,23.56
17786,2019-08-04T11:06:49Z,3ac9d056b0f04f774b238a125eb996d46437f7a8c5f6ba6712e971cf,60.17918,24.95141,00000000675d5200,7.05
17787,2019-08-04T11:06:49Z,3b355c039877bd4883845f3fc6ad8dd6f41f170274042f1397585680,60.149,24.9843,00000000fffb8cf0,11.7
17788,2019-08-04T11:06:49Z,3c97ef699a49ee2e91f5446516403d07a686256fbaea1ed8e7c28400,60.16762,24.95415,000000006b44cce7,13.75
17789,2019-08-04T11:06:49Z,3daa2205b02453faa04e23c0bf80d6d22d657277425f07e4fc424dbc,60.16762,24.95415,000000006b44cce7,12.69
17790,2019-08-04T11:06:49Z,3f67c6713a6cca446a46616c9970c7a2ddffb03f21e10c8ea9b2f380,60.16897,24.95222,00000000aa852af1,16.1
17791,2019-08-04T11:06:49Z,3fde075082af3062c2bebc5e09ad55bda3de70b5f492bdfb21f284c9,60.173,24.92524,0000000096918cfa,33.81
17792,2019-08-04T11:06:49Z,439ff6b8ff9dc79d47e223164a87fc2d620f29bc7ea1bc7ea4c5cc58,60.16897,24.95222,00000000aa852af1,14.89
17793,2019-08-04T11:06:49Z,43a599f28d168caa53108cd20ab0cbcbdc62b74321e8c351eb7aee72,60.17002,24.94407,000000006b087f40,27.28
17794,2019-08-04T11:06:49Z,44703b8dd01d3bd79585c9c7e12217e1ac152f86e2b0c9ed6be4bc19,60.16544,24.95398,0000000038d83d41,18.79
17795,2019-08-04T11:06:49Z,4472fa277123afabdf2402fc2a3c5bff2be437e6d56b590278de70fc,60.17065,24.93641,000000000f4919c9,25.36
17796,2019-08-04T11:06:49Z,448f6044c6c095d8c71341a0017dd6746f6e150f03af7c78b794308f,60.16762,24.95415,000000006b44cce7,5.91
17797,2019-08-04T11:06:49Z,4538bf4d0ca02f13fad76c46f7b34e72978c49b0cdfe4ea9fe151a50,60.16762,24.95415,000000006b44cce7,9.92
17798,2019-08-04T11:06:49Z,465eab28635efe98500085ceb161cf941d02272a0107fbbfb2203c29,60.16829,24.94214,00000000afef4555,12.69
17799,2019-08-04T11:06:49Z,46b576e18e757fc4ec008b41d3c28ec5415a2c2c2f143042e5413137,60.16762,24.95415,000000006b44cce7,7.69
17800,2019-08-04T11:06:49Z,474c1d4ef0fa3c491e44755d0374e003730bcfdbda15e3af17bd0aaa,60.14699,24.922,00000000a53ed894,21.87
17801,2019-08-04T11:06:49Z,47cd1dcac88434ffdc4b868e7f1d8d8a604700564bc83a7c0a3928be,60.16762,24.95415,000000006b44cce7,12.69
17802,2019-08-04T11:06:49Z,47f787c639f2eed345eb5dca409ffcd989850399a1ab781500dd6e82,60.17919,24.95181,000000007b5207b6,5.41
17803,2019-08-04T11:06:49Z,4800d49ec59e1cde34360defcce4c2a0c6a58919303c1fe6fdebceec,60.16762,24.95415,000000006b44cce7,10.78
17804,2019-08-04T11:06:49Z,4833b1ea4f519407574f5a838d93a39de28c756c5f53de7ee273b577,60.14947,24.91438,000000004ef3150d,8.38
17805,2019-08-04T11:06:49Z,49084ae4b6419be9e7bb0c9b1420142e07d6ac3c17c07c26895461ed,60.16829,24.94214,00000000afef4555,12.69
17806,2019-08-04T11:06:49Z,4954540aca30f8f56f918178fbd53ee48ddef7a231d425061f6b2f6f,60.18203,24.91341,00000000342570c2,16.1
17807,2019-08-04T11:06:49Z,49d6f6bd5878bfac30a67fe92d1501b5b09cab38ab2b35b661902f0d,60.14947,24.91438,000000004ef3150d,18.79
17808,2019-08-04T11:06:49Z,4a2286eca689d9c867cfa19d43b9b917d29769b66b9e0a968f6c3859,60.16897,24.95222,00000000aa852af1,20.28
17809,2019-08-04T11:06:49Z,4a54cbed9c373a4136f8851f3f5736eb2fadd5766d316eb5ebbdd231,60.17919,24.95181,000000007b5207b6,11.7
17810,2019-08-04T11:06:49Z,4a912b6c106b63933a8c9cc39598823bcb2c94d4b1cc8a5d55cb3972,60.16829,24.94214,00000000afef4555,2.08
17811,2019-08-04T11:06:49Z,4b5b3e8f2b484bc08b196c265f65c70151bd69f6263318eb29125db2,60.16829,24.94214,00000000afef4555,14.89
17812,2019-08-04T11:06:49Z,4cf634fc84e128c3b9bce07a4b726d136e18f0eea4229fdbb48f6db1,60.16897,24.95222,00000000aa852af1,9.12
17813,2019-08-04T11:06:49Z,4d31b0561dbfc9ef5acbd44ba92acb4ca7bad86b948634f005173ece,60.14699,24.922,00000000a53ed894,11.7
17814,2019-08-04T11:06:49Z,4f70e840d6af52421579bfccf58986134f2c0076d3cbbfbfe52ee972,60.16762,24.95415,000000006b44cce7,20.28
17815,2019-08-04T11:06:49Z,508ee0778f7d5571ac4aa05211272911339b293ff62069f14cd4aa0a,60.16897,24.95222,00000000aa852af1,29.32
17816,2019-08-04T11:06:49Z,51789c3026ccfe7e846e44fcd833d006941c2789b9693c77df5a7c98,60.16762,24.95415,000000006b44cce7,7.69
17817,2019-08-04T11:06:49Z,538f05c49f43aea0fda8bfcfd03d1ac2fc05b55d83fda538cd91e2a4,60.16762,24.95415,000000006b44cce7,13.75
17818,2019-08-04T11:06:49Z,54d53f276563f566e1cd61b100408412cf78b4fe9fcada830aa6e23b,60.14947,24.91438,000000004ef3150d,10.78
17819,2019-08-04T11:06:49Z,5518b2315c236d486c7a5a4fc27c44987672b2f9a0751ffdaa9cbf78,60.16829,24.94214,00000000afef4555,6.46
17820,2019-08-04T11:06:49Z,55db840c0ab0998cc666beac96e2ebbb86074ce40799e791e7e7f299,60.16829,24.94214,00000000afef4555,21.87
17821,2019-08-04T11:06:49Z,56318cc7f3616fceec2564cbb1f6ca8b88ea861935a1ada93aafd7b0,60.16897,24.95222,00000000aa852af1,10.78
17822,2019-08-04T11:06:49Z,565a35900ed1794a9d566f6fc12f2710875a10eb7c8e6fa0ddd92626,60.14699,24.922,00000000a53ed894,7.05
17823,2019-08-04T11:06:49Z,571934189bf349efb6f596e76c21612cf9b82ed44913090169936048,60.17065,24.93641,000000000f4919c9,17.4
17824,2019-08-04T11:06:49Z,584cb0b0cdd14e608c8b57c8aecc9826f9b40027e365e2438a444ea2,60.16762,24.95415,000000006b44cce7,12.69
17825,2019-08-04T11:06:49Z,58ee8fd47328b1c696ec343920f2c0353d19a915924eb6f6f2638e56,60.16762,24.95415,000000006b44cce7,4.94
17826,2019-08-04T11:06:49Z,59b87e6921598d25b092b66e140328fa03c9f06fe4e697dd344f378a,60.17002,24.94407,000000006b087f40,25.36
17827,2019-08-04T11:06:49Z,5a730ea19664020323272509e5443616ea3f1cecd7b295e294be4ba7,60.14947,24.91438,000000004ef3150d,14.89
17828,2019-08-04T11:06:49Z,5a755f0653ee0e334448418099ed85023db0a9984c280cfbadd74160,60.173,24.92524,0000000096918cfa,29.32
17829,2019-08-04T11:06:49Z,5cf708f185bde065ce78343bc60c96179799b4e45c4833fb908bd56b,60.16897,24.95222,00000000aa852af1,25.36
17830,2019-08-04T11:06:49Z,5eb357b081c3cec1ae3dc15ca566274d604f8d02248907094c9c6630,60.16762,24.95415,000000006b44cce7,17.4
17831,2019-08-04T11:06:49Z,5f5805a3ffd092506452c4d45ea8fc037ae23ea726f0b0809ca6ffde,60.16829,24.94214,00000000afef4555,18.79
17832,2019-08-04T11:06:49Z,604a02f00cf5d2e059c26ee48a07cd30e608c4b00f17f447c028da58,60.16762,24.95415,000000006b44cce7,16.1
17833,2019-08-04T11:06:49Z,6138e6ab3e1e74425af8945a6fcc294c1469a0b9c448b780bcf9d2e2,60.14699,24.922,00000000a53ed894,10.78
17834,2019-08-04T11:06:49Z,62cac4a0e252305e1128942dc3ec48baaa514c6737c415f85abb3665,60.1538,24.95595,0000000038bf9618,29.32
17835,2019-08-04T11:06:49Z,62d86ee13e6ae7a5c41ffc2de746df72d4ef6e8d2b6a51ce1c68965f,60.16829,24.94214,00000000afef4555,9.12
17836,2019-08-04T11:06:49Z,62e27092b58abcaf80564c408d0d4a7b821abaee92dc2f02ccb11e61,60.16762,24.95415,000000006b44cce7,9.12
17837,2019-08-04T11:06:49Z,66755836036c771e53ffd9d0dc09b8575231b53b80af22e868691a2a,60.14699,24.922,00000000a53ed894,3.74
17838,2019-08-04T11:06:49Z,697103160f0b3dc0ba38ccdd18203ae84ec35fc314322d1172c093b2,60.16829,24.94214,00000000afef4555,7.05
17839,2019-08-04T11:06:49Z,6978155fc96a2c464cb547d9fc8c5e60f39fbb9de35e49ab211c5efc,60.16897,24.95222,00000000aa852af1,29.32
17840,2019-08-04T11:06:49Z,69852d528034ea6fc746ed8942c32f1c90bc33a7a7317dfac3c9b1c1,60.14699,24.922,00000000a53ed894,7.05
17841,2019-08-04T11:06:49Z,69d8c906060e226ff0f0f7e78029575f2ee07ebec657a3b641419268,60.14699,24.922,00000000a53ed894,12.69
17842,2019-08-04T11:06:49Z,6a611aaa1fa77baf03191f0143c2a00dd06c9730c67d30c1eb06afcc,60.16762,24.95415,000000006b44cce7,10.78
17843,2019-08-04T11:06:49Z,6ac1903c80e63433e4bc744dc0e801bff647117d38d3753fb9a6a4c1,60.173,24.92524,0000000096918cfa,18.79
17844,2019-08-04T11:06:49Z,6ac8fdd67b3dd11f0bae935f3a285880138382088238b97f511d3f12,60.16897,24.95222,00000000aa852af1,27.28
17845,2019-08-04T11:06:49Z,6c637347d64659d1b29b0461397fccfbff09339872c14e32469fbd0f,60.16762,24.95415,000000006b44cce7,12.69
17846,2019-08-04T11:06:49Z,6c97da4ba9462e7fe786a472989dab23340d31809dd78d5617204da4,60.16829,24.94214,00000000afef4555,13.75
17847,2019-08-04T11:06:49Z,6e492dbc3f10157e7ff00826a839a97262ab36244ccc57b702a89999,60.16531,24.9442,00000000fdda10fe,7.69
17848,2019-08-04T11:06:49Z,6faf62fbff92729472d61bc9a13a5e72833e55bf713863161f8ca9cb,60.15432,24.9211,0000000019fb59c4,25.36
17849,2019-08-04T11:06:49Z,70865ff0fd32dc9fc73f25e929a40535a717664003e66c14224a9d90,60.16762,24.95415,000000006b44cce7,18.79
17850,2019-08-04T11:06:49Z,70cc7b0a8e166380ca0fbc55a58d9a59c9de9f05a9f95ebb82482d5a,60.16762,24.95415,000000006b44cce7,20.28
17851,2019-08-04T11:06:49Z,70ffae2b8178e0915c5de7816f8dd8bcc3af745ee49df8ac4da4adba,60.17918,24.95141,00000000675d5200,16.1
17852,2019-08-04T11:06:49Z,714e80a1e3c0fee43e312f314b2faec47e582ee8dac47e4818dbc2f9,60.149,24.9843,00000000fffb8cf0,4.11
17853,2019-08-04T11:06:49Z,71516fc8349cfaf2b5c4ab80ade6078494d93d13e9953af15e5ced30,60.18203,24.91341,00000000342570c2,16.1
17854,2019-08-04T11:06:49Z,71c1367c7dea4dfa243172e02b9092c7a0810bef003216681759891e,60.16897,24.95222,00000000aa852af1,21.87
17855,2019-08-04T11:06:49Z,730d975773cc8c9c07ff88fb87377ff64a961a96e9237e59859fa46f,60.16762,24.95415,000000006b44cce7,4.94
17856,2019-08-04T11:06:49Z,73f9caa620c77e880d8973e260936b1114db9c96de6accf8398ccec0,60.17002,24.94407,000000006b087f40,23.56
17857,2019-08-04T11:06:49Z,7552783317be1ef797980c3a9ee9c5967d4e7b32765f23c51ffda02d,60.16897,24.95222,00000000aa852af1,14.89
17858,2019-08-04T11:06:49Z,75d452cbba63995ad06213b577081e8db650c80b3a78060789a8e831,60.16762,24.95415,000000006b44cce7,7.05
17859,2019-08-04T11:06:49Z,76444267ea4d5365cef684a446be8cc3482dc3b1b516cdb7850e717f,60.16762,24.95415,000000006b44cce7,21.87
17860,2019-08-04T11:06:49Z,79773ee1ebdf8252053d8ffb326b77bb05a7cdb76041102e73d3767c,60.16762,24.95415,000000006b44cce7,12.69
17861,2019-08-04T11:06:49Z,79bde23c1a8980f93a65e14306f0d8ea89e164430d8b991e2bfee82e,60.16531,24.9442,00000000fdda10fe,13.75
17862,2019-08-04T11:06:49Z,7afc351f0ed7619c18c64ab06971196bb53d53e2d460151ab711bc0f,60.16762,24.95415,000000006b44cce7,11.7
17863,2019-08-04T11:06:49Z,7c55ecf165387948602e82b684a55be093691849fde2d96ad6574475,60.17065,24.93641,000000000f4919c9,12.69
17864,2019-08-04T11:06:49Z,7ddcdde2316659d0fa4b8597b86430e095ea0bc7f3564a9d05fc60f8,60.16897,24.95222,00000000aa852af1,12.69
17865,2019-08-04T11:06:49Z,7de4ba54f0d667a69cb0b6d625856bc6b040f51a42f91beae366a269,60.16762,24.95415,000000006b44cce7,9.92
17866,2019-08-04T11:06:49Z,7e78b2348d9576c63ebb626030ee9d43e2bf07e860782adf3f1c452b,60.16829,24.94214,00000000afef4555,7.69
17867,2019-08-04T11:06:49Z,7ea276abbe2f1bfd85b2493f7b4c801189e673c0b4dc987d2c8e30dc,60.14699,24.922,00000000a53ed894,9.12
17868,2019-08-04T11:06:49Z,7eefc5581c616491b78192b28b519ba727dc884a87bc06b8df1ea4f2,60.14699,24.922,00000000a53ed894,9.12
17869,2019-08-04T11:06:49Z,7f546f0776433ed1b76ea74186c0aad95eca5439e6cefda07922ef14,60.16762,24.95415,000000006b44cce7,13.75
17870,2019-08-04T11:06:49Z,822590bd49bcf7ed4de4f8389586915c343b29c4283ff8b90d7c1d39,60.17065,24.93641,000000000f4919c9,14.89
17871,2019-08-04T11:06:49Z,82ac749474448abac333d00869cb8b508872f86293913d95eae26a05,60.15432,24.9211,0000000019fb59c4,9.12
17872,2019-08-04T11:06:49Z,82cddd3b9f58762d36efe78da4e2722ee587cfdb3fdbc58b52673082,60.16629,24.95957,00000000fb7600be,12.69
17873,2019-08-04T11:06:49Z,844b8ad6ebf530978d1139d527a681991f4d3eed6be5bc723f0b2192,60.16531,24.9442,00000000fdda10fe,2.54
17874,2019-08-04T11:06:49Z,849d6a476563b352092dcda35e816833b571b7f630e7ff8617d9b7da,60.16829,24.94214,00000000afef4555,17.4
17875,2019-08-04T11:06:49Z,87ea10367f1569e575dc4bc60f0f4238eafb52ba8a2cc8e5e4584232,60.16829,24.94214,00000000afef4555,23.56
17876,2019-08-04T11:06:49Z,87ee2ae24a1a0871184580c39a1c79955cbf954947f0ee24252c7302,60.18203,24.91341,00000000342570c2,21.87
17877,2019-08-04T11:06:49Z,87f4cf4baea8c5dfe1bc7812cc969574058bd4d2dda215192bcfc53f,60.14699,24.922,00000000a53ed894,4.94
17878,2019-08-04T11:06:49Z,886032718e05487be8bd75bb14464814044c7edd7f9a2198304f6fb4,60.16629,24.95957,00000000fb7600be,17.4
17879,2019-08-04T11:06:49Z,886be57d80b2439f18ec46acad131b3c75896a035716db96c2e0f80d,60.14951,24.92138,0000000006dd41f6,18.79
17880,2019-08-04T11:06:49Z,89df1daad350e46d526e113019214d2e1a19d8f48da761bb3583399b,60.16762,24.95415,000000006b44cce7,7.69
17881,2019-08-04T11:06:49Z,8ab70baa822768852fe312b760df7dbcb1a0fec7f2ba601146b9928c,60.16629,24.95957,00000000fb7600be,13.75
17882,2019-08-04T11:06:49Z,8ad180674aa6d08b03238aaf8757517ad2e107e8906f097e12f17487,60.149,24.9843,00000000fffb8cf0,16.1
17883,2019-08-04T11:06:49Z,8bffe034066821502092859341756212a0dcb6b2c605852c0c40fdeb,60.16762,24.95415,000000006b44cce7,16.1
17884,2019-08-04T11:06:49Z,8c4e4851db86ec4a3ce29a58be770eb29c38b9a983351bb67d781982,60.16897,24.95222,00000000aa852af1,12.69
17885,2019-08-04T11:06:49Z,8f3d9ab893ae4a48fd3417f3a749c21e792779990ae0ad75a8f211de,60.1538,24.95595,0000000038bf9618,27.28
17886,2019-08-04T11:06:49Z,90b12d2b9898702fd62b343512e0d53796ae38decdf704e203a0cc39,60.16829,24.94214,00000000afef4555,14.89
17887,2019-08-04T11:06:49Z,91602a694bc74a2874ba7f02a7bae062a3a77cd869b86a74800415b8,60.17919,24.95181,000000007b5207b6,16.1
17888,2019-08-04T11:06:49Z,93272ad17155ea9499641eda7c5560691582116096278b82738ab21e,60.14699,24.922,00000000a53ed894,8.38
17889,2019-08-04T11:06:49Z,934bab75e2a2354910288b01c44fdfda4a87f92ac010109f641b3122,60.14699,24.922,00000000a53ed894,18.79
17890,2019-08-04T11:06:49Z,94ac9d6e79236013b9fa24e1c52123819228f6962b5952637ca80fcb,60.16762,24.95415,000000006b44cce7,7.69
17891,2019-08-04T11:06:49Z,951482f3e2e41b496e34885c346c4a7ab09427178119caa9b8bbcbb6,60.14947,24.91438,000000004ef3150d,25.36
17892,2019-08-04T11:06:49Z,97490f522f1a0226c8f7e8ed7bca08dd71b63d80b46d38020127b868,60.14699,24.922,00000000a53ed894,9.92
17893,2019-08-04T11:06:49Z,9924ed20d6ddee438860f63a9fa1a2cefa7ccfa275d6da3a2008d84d,60.173,24.92524,0000000096918cfa,31.5
17894,2019-08-04T11:06:49Z,998ac46ad73c197bab1f36dca67d8bcaa3aca92249185a5e3715043f,60.17065,24.93641,000000000f4919c9,21.87
17895,2019-08-04T11:06:49Z,9a1a6afa19068ac0b5f9af2744ddf945157f0dd41a4f254e8251fd09,60.16762,24.95415,000000006b44cce7,12.69
17896,2019-08-04T11:06:49Z,9a49d0b5a67fba15ce8971503f6fea88994b33487a842397c5e8564f,60.16762,24.95415,000000006b44cce7,4.5
17897,2019-08-04T11:06:49Z,9ab0a60cb60531417ac6ec5ebc6ef591d2f39019c6b0bcb5a89101a2,60.14699,24.922,00000000a53ed894,8.38
17898,2019-08-04T11:06:49Z,9b17422199e594df512c6cda493d8fc5b5141741b2f804eb18016640,60.14699,24.922,00000000a53ed894,23.56
17899,2019-08-04T11:06:49Z,9b4b0705e58750d2bcbd71ad65d85677f7e77db5dfe69d1a70b5d31f,60.17919,24.95181,000000007b5207b6,12.69
17900,2019-08-04T11:06:49Z,9bc50d931d6c1678284177395958d15f05b45d60ae7bc09fe1e1694e,60.16762,24.95415,000000006b44cce7,18.79
17901,2019-08-04T11:06:49Z,9bc91538b73e0220fcf5cd07290c07d56f6f48d3ba0ba6b6b0876da9,60.17065,24.93641,000000000f4919c9,14.89
17902,2019-08-04T11:06:49Z,9bef562c292174f1eb3933116effff74a8733a78e5c1df140de3fd6c,60.17919,24.95181,000000007b5207b6,4.11
17903,2019-08-04T11:06:49Z,9ced7d70503ba24882b6e283fa95ce42e02c1a3618adeb448558c50c,60.16897,24.95222,00000000aa852af1,29.32
17904,2019-08-04T11:06:49Z,9eb1e9bfdceb76ef852f89ebd82139602125f9731b791465e1c21f81,60.16829,24.94214,00000000afef4555,9.92
17905,2019-08-04T11:06:49Z,9f1920350685b4cb747c535ba3c3dc1cb29587668bd507ab96e5692f,60.16629,24.95957,00000000fb7600be,27.28
17906,2019-08-04T11:06:49Z,a066e2044b486819fe2185765f63ed87f8d10c502f26a01be1f1a758,60.149,24.9843,00000000fffb8cf0,23.56
17907,2019-08-04T11:06:49Z,a0ec1a8d581f94e640a6858a674699d2464ec065e6faea9d4ce2a13b,60.16762,24.95415,000000006b44cce7,5.41
17908,2019-08-04T11:06:49Z,a25b897b52089b243421b68349d3f15e60ce8249d11c889a4626bfc7,60.18203,24.91341,00000000342570c2,16.1
17909,2019-08-04T11:06:49Z,a2f0adf51cb9d2a5417cc0797183513a8bbcecfbc717a1b63e42027d,60.16762,24.95415,000000006b44cce7,7.05
17910,2019-08-04T11:06:49Z,a30740fbf4b7e21f6fe2996e9325c90936de161cb2165e87cd96fd35,60.149,24.9843,00000000fffb8cf0,13.75
17911,2019-08-04T11:06:49Z,a3664d77633807788598dd8d4a7ba8caba2c31bfdcb6ba83651d4e7e,60.173,24.92524,0000000096918cfa,21.87
17912,2019-08-04T11:06:49Z,a3c1a4a58b9381c27b1d5076e0d8d72039afccfb0e58438a80247324,60.16762,24.95415,000000006b44cce7,3.09
17913,2019-08-04T11:06:49Z,a44eda7b8ec58e1cd7c078a73c4da7fb0037d59453aa6bfe69b7cbdd,60.16762,24.95415,000000006b44cce7,14.89
17914,2019-08-04T11:06:49Z,a50e0bb8fd1ad4ad264c3246b210a0c6285faae591c1bd2c2c3458af,60.16829,24.94214,00000000afef4555,14.89
17915,2019-08-04T11:06:49Z,a5d632ac8ffc19a626de034d3c9444fd262ee6edada285c816ea9266,60.16531,24.9442,00000000fdda10fe,5.91
17916,2019-08-04T11:06:49Z,a764c2246c85b2b0aa79e581e2fe238da93de098abbb90aee24c11ca,60.16829,24.94214,00000000afef4555,18.79
17917,2019-08-04T11:06:49Z,a7cc1a0b8bbb896ef55043e385a939c97fd5cfaf6d43a4db6c720076,60.16762,24.95415,000000006b44cce7,16.1
17918,2019-08-04T11:06:49Z,a81c19fb85eebf853246cdc4d8e38245dfa5ba15c180eaa1bcc0378d,60.16829,24.94214,00000000afef4555,10.78
17919,2019-08-04T11:06:49Z,a886b4abe49668d4b2cbff88eaab1e4cf9e38bd0afa636cdff901d90,60.17002,24.94407,000000006b087f40,23.56
17920,2019-08-04T11:06:49Z,aa4547c0b6b8be30776e08d524ceeacfbc9930ad720e11fa4cb20882,60.16531,24.9442,00000000fdda10fe,1.25
17921,2019-08-04T11:06:49Z,aa45859d6157e9e86470ec8b81957acc35bafb1b7f419d79357a38cf,60.16829,24.94214,00000000afef4555,9.12
17922,2019-08-04T11:06:49Z,aa4f0a620aff891cd201b7690bc641eeb43d9fe84b11b06755b7cec3,60.1538,24.95595,0000000038bf9618,44.58
17923,2019-08-04T11:06:49Z,ab1377ddf669bb806f8db586f4ce5ab9f0f4257dda61fe800d8509f5,60.17065,24.93641,000000000f4919c9,29.32
17924,2019-08-04T11:06:49Z,ab6e8769f50a15ea5e0d64f48aaa12886b7599a18cc0eb071a21ae5f,60.16762,24.95415,000000006b44cce7,12.69
17925,2019-08-04T11:06:49Z,ab9310807d2eb4984b053d38f467cb5d3e4211ff71ceb059480cf9ba,60.16829,24.94214,00000000afef4555,25.36
17926,2019-08-04T11:06:49Z,ac4679e3db131ec2ea8e1111c8aa0d71020cf8796ecb11f142478394,60.14947,24.91438,000000004ef3150d,4.94
17927,2019-08-04T11:06:49Z,ac5c7e04b55d6d70659e5b8f4705309b9367c78a0edb7ce85f42c181,60.1538,24.95595,0000000038bf9618,41.64
17928,2019-08-04T11:06:49Z,addc60a477245c1c33e3a627145e2a2971adf755bfcf8aef4c8c0f88,60.16897,24.95222,00000000aa852af1,20.28
17929,2019-08-04T11:06:49Z,ae2143f0fab3405d38da14312fd801d7d7524534cd3ffeadc631feb0,60.149,24.9843,00000000fffb8cf0,29.32
17930,2019-08-04T11:06:49Z,ae3cda5066e455d4b1e58860e8fb7a35efad69b9964a676b476b0687,60.14947,24.91438,000000004ef3150d,7.05
17931,2019-08-04T11:06:49Z,b0d6202ccd1560eaf57c06931cb6466332e41068ad2963e515819015,60.17919,24.95181,000000007b5207b6,25.36
17932,2019-08-04T11:06:49Z,b2298fc6f63c02481610f9aef24f1a0c1711c255adc43c0fe135c1ca,60.14947,24.91438,000000004ef3150d,8.38
17933,2019-08-04T11:06:49Z,b26d0daac9f8fb84484cbd8ed668aeb6751e848b1c533a307d163360,60.16762,24.95415,000000006b44cce7,3.74
17934,2019-08-04T11:06:49Z,b3266ecf36a984b814e1b2d31b447438bd948a9c116721480104792f,60.16829,24.94214,00000000afef4555,21.87
17935,2019-08-04T11:06:49Z,b50b3c2006581bccfeaa9ea964649350c7d5b8177baa29a37e628584,60.14947,24.91438,000000004ef3150d,16.1
17936,2019-08-04T11:06:49Z,b5cdbcdc30e0bf653ce353c867708b0067db5e394c8cbe848d978a77,60.14699,24.922,00000000a53ed894,10.78
17937,2019-08-04T11:06:49Z,b601cd655bb9f05aa6ec86fc9eb9300c3bc20bc0e856e94ad168a257,60.14947,24.91438,000000004ef3150d,7.05
17938,2019-08-04T11:06:49Z,b81a9bf449d3e64ad0181804598330bbf305f384b888935023742c79,60.173,24.92524,0000000096918cfa,18.79
17939,2019-08-04T11:06:49Z,b8f5834e6b992cf5568ae3153fb4b07e97b7f6dd01250851134c1824,60.149,24.9843,00000000fffb8cf0,9.92
17940,2019-08-04T11:06:49Z,b9447a524f5b5bf98585b27b92195b09869ee9cd9da3cf8d2b59c57d,60.16829,24.94214,00000000afef4555,27.28
17941,2019-08-04T11:06:49Z,ba41edadb3a9722bc59efaca71897a33593d0f17301c4bf560fd23e1,60.16762,24.95415,000000006b44cce7,17.4
17942,2019-08-04T11:06:49Z,bbf7d8b9085ddcd3b94f55f93b52cb40a251c44f5df4099ba5b61471,60.16829,24.94214,00000000afef4555,4.5
17943,2019-08-04T11:06:49Z,bc07df8cc395f6f4f5d483b2233caca5f93a6918f346e4cc3702f8cc,60.16531,24.9442,00000000fdda10fe,21.87
17944,2019-08-04T11:06:49Z,be57346c6a31904c7a3c53b6a9e94df7c93f7f510d3b2ff733d214b6,60.16762,24.95415,000000006b44cce7,17.4
17945,2019-08-04T11:06:49Z,bfd5c2630b36fde15de01ea74e598d035402cf1edb7c9230617927e0,60.16762,24.95415,000000006b44cce7,7.05
17946,2019-08-04T11:06:49Z,c012e9e2caf1002d24e53817bb1279becdfc4aa9dba085e93ddd88e9,60.17002,24.94407,000000006b087f40,18.79
17947,2019-08-04T11:06:49Z,c2d88bc74172eb47d26ee5d739980baa7fc011b9973f9f18b482aa81,60.17065,24.93641,000000000f4919c9,18.79
17948,2019-08-04T11:06:49Z,c2e135ad2c160277e290705658ac41d7cd35b11ebf61d829fdd0b428,60.14699,24.922,00000000a53ed894,17.4
17949,2019-08-04T11:06:49Z,c45e3c4e8ec0fc85457d3b4ed4c49ed0116b4cf447e2983f353abcd8,60.16829,24.94214,00000000afef4555,8.38
17950,2019-08-04T11:06:49Z,c55894159f2080031cda702c78ee54463c3c15ab1b3638afdf687f08,60.16531,24.9442,00000000fdda10fe,11.7
17951,2019-08-04T11:06:49Z,c5ffe1809d0314e1f74db7cbb63e9a1b59f6fdda752b423ea74be3b0,60.16897,24.95222,00000000aa852af1,27.28
17952,2019-08-04T11:06:49Z,c6b6dae46c1fc2c51d2ea80721691a751c8aa0f61279d9f03b6040f3,60.14951,24.92138,0000000006dd41f6,18.79
17953,2019-08-04T11:06:49Z,c739921adb150c53f1887c6ce887adc6cd7ae7e35e69f6e4dc52fe81,60.173,24.92524,0000000096918cfa,25.36
17954,2019-08-04T11:06:49Z,c7ced11121537f55bcd7d7ab67312226dafe7c85320c5357a35d5ab7,60.17002,24.94407,000000006b087f40,18.79
17955,2019-08-04T11:06:49Z,c990a15d27cfc21e63b7c96b95949254f1194e8b27118386a589e2bd,60.16897,24.95222,00000000aa852af1,12.69
17956,2019-08-04T11:06:49Z,cb2f32be2e27fc44ead887ff7f76c0199bf68b2c6711e6880f4acd01,60.16762,24.95415,000000006b44cce7,6.46
17957,2019-08-04T11:06:49Z,cb37b8fad0bc758cf37d7ea1052f3a98f29282ae37ec635d6eb2c511,60.16762,24.95415,000000006b44cce7,18.79
17958,2019-08-04T11:06:49Z,cbdcd7a65da51c93831457440ca716ee46c278cd8597610e661946cc,60.16897,24.95222,00000000aa852af1,14.89
17959,2019-08-04T11:06:49Z,cd7d0e9404c9f4e8fab0742460b9acb4d5bbb97f44df80d4a8b973cd,60.17002,24.94407,000000006b087f40,4.94
17960,2019-08-04T11:06:49Z,cddbfc3b0a1459f0ea8d553779cf320d512cac6e64976182f2f0b3b7,60.16829,24.94214,00000000afef4555,14.89
17961,2019-08-04T11:06:49Z,d04b5065ec93818b731141027d11e6a1cf53de69b9737d7aea0c34da,60.14947,24.91438,000000004ef3150d,13.75
17962,2019-08-04T11:06:49Z,d162ad46250f7d87af446db22df4aa6b2eb2bf22f83beca34e857743,60.16762,24.95415,000000006b44cce7,7.69
17963,2019-08-04T11:06:49Z,d2e3bf982b10b2079eaa464127a286409c5030b21ffe9a2ce08bbb9c,60.16762,24.95415,000000006b44cce7,7.69
17964,2019-08-04T11:06:49Z,d2fd0c6415d2d8e49fef3415fb8747b524191b4400a4fbb66428cb12,60.14699,24.922,00000000a53ed894,11.7
17965,2019-08-04T11:06:49Z,d3bad9334d128332fc483e10ef1b77c28e5a75ac55be4de71c6b2f9f,60.16829,24.94214,00000000afef4555,18.79
17966,2019-08-04T11:06:49Z,d6a8c97f1ec18c7a90d3beae358bad67f8d53626258a852e15b08c5d,60.14699,24.922,00000000a53ed894,8.38
17967,2019-08-04T11:06:49Z,d71a315bac918f9a18fcd820731e6d9eb54fb0d01c324ca088ef8858,60.149,24.9843,00000000fffb8cf0,13.75
17968,2019-08-04T11:06:49Z,d7b6b8f9e61c0c1181850b8880f319ea2ef58d8a3adac78d63c0d11c,60.16829,24.94214,00000000afef4555,13.75
17969,2019-08-04T11:06:49Z,d82f37918d46bea29e113c6b57b901b1b960ed3337bdcce777aea476,60.17065,24.93641,000000000f4919c9,12.69
17970,2019-08-04T11:06:49Z,d83c1c2d3a3876c948e277bace6d013eafc0c4e118958e138f8b1257,60.16448,24.97323,0000000053c6c2be,29.32
17971,2019-08-04T11:06:49Z,d86f155736e4d36de5d33bdbb3b12b717b75de44852b93419af20945,60.16829,24.94214,00000000afef4555,13.75
17972,2019-08-04T11:06:49Z,d9fe99c157052fce3b37f5128399fac7b857e756ffa220d8bebe5467,60.16629,24.95957,00000000fb7600be,23.56
17973,2019-08-04T11:06:49Z,da2398acaae7f39c7b80c220d4e6917bdc7655f4c71b6e36d06cb859,60.18203,24.91341,00000000342570c2,11.7
17974,2019-08-04T11:06:49Z,db4d3f81708de827ce30c4130610fd65b4d6d451ca5cf6b0c4e745d9,60.16829,24.94214,00000000afef4555,29.32
17975,2019-08-04T11:06:49Z,dc4072a3cfc00cca0bde9925adc82bb9c2548af1724368561eefcbf8,60.16762,24.95415,000000006b44cce7,10.78
17976,2019-08-04T11:06:49Z,dc816e92e4a2eceea03f41fc379fda0e3d57b5d0fbd9a06430432022,60.16762,24.95415,000000006b44cce7,6.46
17977,2019-08-04T11:06:49Z,dc82f9648bb5ba21e766e0923f5fa7ca2d77662ab0edbe22a3d95631,60.14699,24.922,00000000a53ed894,8.38
17978,2019-08-04T11:06:49Z,dcb8f3c3c5136c4abc8757fcb34fedc553ea044b0928f945d89334d5,60.16762,24.95415,000000006b44cce7,9.12
17979,2019-08-04T11:06:49Z,dd8e0699822b1a8a3f8a91fcb10729f6f7cd0a4736f36dc60974c36e,60.16762,24.95415,000000006b44cce7,7.69
17980,2019-08-04T11:06:49Z,ddd0e663eb31ac94858d2a4e9af5e4782781e88c92102042190e6fcf,60.14699,24.922,00000000a53ed894,8.38
17981,2019-08-04T11:06:49Z,de71e27b55ef6f2f51f05838a2fcab596f1dd93a14ece5ce4548f5c7,60.14699,24.922,00000000a53ed894,20.28
17982,2019-08-04T11:06:49Z,e081e4b3252ca91bbf1cbb70faa116d60317fbf3a991a67bc99b4bfa,60.149,24.9843,00000000fffb8cf0,11.7
17983,2019-08-04T11:06:49Z,e0859a9c906151023376d86762070f38ba1b3859e671531b0edac6cd,60.16075,24.95883,00000000f1124bca,17.4
17984,2019-08-04T11:06:49Z,e0d7e8b332ca8514428ab10acf6d3a6b777da62ff8ea3e18d9b32989,60.16762,24.95415,000000006b44cce7,11.7
17985,2019-08-04T11:06:49Z,e1da87aea335bcd04e4c876158b96ebc7ba4206bc216c3aa27a2f4af,60.17919,24.95181,000000007b5207b6,29.32
17986,2019-08-04T11:06:49Z,e26862fdcdd4688d81b8fe05d1ac94c5f9b3192ddc50d4c66ad12cc1,60.16897,24.95222,00000000aa852af1,16.1
17987,2019-08-04T11:06:49Z,e305610124e16ed1411a221b29ce69a076cc47982efd6c098b0599ab,60.14947,24.91438,000000004ef3150d,14.89
17988,2019-08-04T11:06:49Z,e44d7228cecbdb2474e1cc396a6c13943f09c08c19d0ffab1997d509,60.17919,24.95181,000000007b5207b6,10.78
17989,2019-08-04T11:06:49Z,e4ca5559f84f33375fb1fce21ff212576fef72b91f3985b13c1654e0,60.15432,24.9211,0000000019fb59c4,27.28
17990,2019-08-04T11:06:49Z,e557e164cd52fd817b02cad6587a294d72b0974d9b014ad69ea5e08e,60.17919,24.95181,000000007b5207b6,12.69
17991,2019-08-04T11:06:49Z,e5b9b4813c081a31fb498e7f9adb94918c267dfa125c63790c0d9488,60.149,24.9843,00000000fffb8cf0,1.88
17992,2019-08-04T11:06:49Z,e9d59e25b58f33f70aad6832863cb59d7485ca55a1575558f92b74e7,60.16897,24.95222,00000000aa852af1,8.38
17993,2019-08-04T11:06:49Z,eb10ddb244dec4641f50a9b05b0e1cfdf4ac49e3dc3001cddb1e67c0,60.16762,24.95415,000000006b44cce7,10.78
17994,2019-08-04T11:06:49Z,eb261026c6f65b651ddf21bed629a1e164cfb500d0b78062704ec15c,60.16762,24.95415,000000006b44cce7,5.91
17995,2019-08-04T11:06:49Z,ec485175d2b7a2c53d03bf546aee134c116d998976601b069570c6f9,60.14699,24.922,00000000a53ed894,12.69
17996,2019-08-04T11:06:49Z,ecb1735f180422ec69f041cd2782a26c9f07d27a87893b3c30aaa9b7,60.16075,24.95883,00000000f1124bca,4.5
17997,2019-08-04T11:06:49Z,ecb5655da668bb183a5c270a96927649c323975e318184d248247099,60.16829,24.94214,00000000afef4555,14.89
17998,2019-08-04T11:06:49Z,ede13c9dc221bbc6c1daf78250fa6547303c06d7606c05ba0bf64547,60.17918,24.95141,00000000675d5200,20.28
17999,2019-08-04T11:06:49Z,ef15ff71b7dc4c2088249a4fca7e28900ae315245a7a3b4d571bf582,60.16829,24.94214,00000000afef4555,13.75
18000,2019-08-04T11:06:49Z,ef33ccdfcdb12920eabb3306e0f86dc7e6060a5d3864b03e2de7e1ef,60.16897,24.95222,00000000aa852af1,7.05
18001,2019-08-04T11:06:49Z,ef45fdc095ee55730384922266d8fce61de212d3c3df2441ea10e524,60.14947,24.91438,000000004ef3150d,20.28
18002,2019-08-04T11:06:49Z,ef5e495c5f9d3dd9eb22ed5b8faf1cc9e4225d4785ebb26a87d16fff,60.14699,24.922,00000000a53ed894,6.46
18003,2019-08-04T11:06:49Z,f014103201b8ae8f495f8e1e04da3c934079461391d4801ee6c2faaf,60.16762,24.95415,000000006b44cce7,18.79
18004,2019-08-04T11:06:49Z,f110acae92fec55c6caca5de864773a6b99e5b8d6e2fdf8d1bdbc759,60.16762,24.95415,000000006b44cce7,9.92
18005,2019-08-04T11:06:49Z,f11c02cbebb4049a29f10d2ee6aac8a9ca3b7b9609a39d69463461a1,60.17065,24.93641,000000000f4919c9,21.87
18006,2019-08-04T11:06:49Z,f196f5f8c08299d290b3bac1944e00bb1f2c90594db66438b0c10e6e,60.16629,24.95957,00000000fb7600be,11.7
18007,2019-08-04T11:06:49Z,f1d44b9d3710849eba7eab0b6646053378aa5f8ee3491ec2522f3c44,60.14947,24.91438,000000004ef3150d,18.79
18008,2019-08-04T11:06:49Z,f2467c8ede6444941158701b7bd9d005beec9ffdb355ce2d8c7a9bfd,60.149,24.9843,00000000fffb8cf0,16.1
18009,2019-08-04T11:06:49Z,f4537d3a0c1408b022793f60b53e651b2eac6640fa66b9248338e815,60.16762,24.95415,000000006b44cce7,25.36
18010,2019-08-04T11:06:49Z,f5ffa3dbcdd5592ac31344cb04a7a6d639109a4d6e196fa0df3990dd,60.17065,24.93641,000000000f4919c9,13.75
18011,2019-08-04T11:06:49Z,f616fbd0fde8316049c3068ae4368dc9f486f8da4bf5516e9ba82578,60.16897,24.95222,00000000aa852af1,13.75
18012,2019-08-04T11:06:49Z,f62b86ef56fa9417b0128f2fff6530aed6f2a50d3f65bbbfdcbbee59,60.16762,24.95415,000000006b44cce7,14.89
18013,2019-08-04T11:06:49Z,f78ef2ddbe48b534137498eab56c0a55ec0e0b1d8868e82cb5652a0e,60.14699,24.922,00000000a53ed894,5.41
18014,2019-08-04T11:06:49Z,f855918d61069661cbf8633b228a5fb9e5cd5ea7b2946bfc5b9fc315,60.16829,24.94214,00000000afef4555,13.75
18015,2019-08-04T11:06:49Z,f9f42c3132515705c0013fb8e137897c93844d24acc22cb4ac9384a0,60.149,24.9843,00000000fffb8cf0,17.4
18016,2019-08-04T11:06:49Z,fa1579394f4980e1fe11248f7be4e646b601a3d8cdb9361f182d066c,60.16762,24.95415,000000006b44cce7,13.75
18017,2019-08-04T11:06:49Z,fb37b263777ffcf7fe1fb6484821cae2b8beb03b5f5009109748dedb,60.16762,24.95415,000000006b44cce7,9.12
18018,2019-08-04T11:06:49Z,fdf5c0dab003c974e22f3746bfb7fa399e10ca82fcec35ba6dcd6065,60.18203,24.91341,00000000342570c2,13.75
18019,2019-08-04T11:06:49Z,ffb7319984ecae155652e100da9b204f0b92f3b6c7239cfea4dcf966,60.14699,24.922,00000000a53ed894,27.28
18020,2019-08-04T11:06:50Z,0152988639aaaa9cc27213280c8f0c0c8ec97ae6a45aaaf743c9c25d,60.16544,24.95398,0000000038d83d41,23.56
18021,2019-08-04T11:06:50Z,0472abe905d838a752770a86364276216c585873fcf49f0419c7b0f9,60.18203,24.91341,00000000342570c2,17.4
18022,2019-08-04T11:06:50Z,09ddbf38333e76a79fd836112bd8c3f8bf7f3dadfb3d49945ad4c486,60.16897,24.95222,00000000aa852af1,4.11
18023,2019-08-04T11:06:50Z,1142f5b6806b1ec7d8d47d47013eb530d8a7418f6934d8867b20966a,60.16829,24.94214,00000000afef4555,20.28
18024,2019-08-04T11:06:50Z,128f1b89d7a534aa206a7823b692594bbd4d349761baa04c0fc72f2c,60.14947,24.91438,000000004ef3150d,11.7
18025,2019-08-04T11:06:50Z,14c7e1511b70f4dd3359cbece1377aebb4d70531f5489eefe53d7c3c,60.16544,24.95398,0000000038d83d41,21.87
18026,2019-08-04T11:06:50Z,165ebbb4090d47319ae370f0d0854fdc1f6b79499f8b2e4d3c3533c0,60.16544,24.95398,0000000038d83d41,25.36
18027,2019-08-04T11:06:50Z,16c994bb2e24124a910c247376d16e980a65626a94c4c0aaab27df60,60.16829,24.94214,00000000afef4555,23.56
18028,2019-08-04T11:06:50Z,198d6432c579dae0d7ddda6591eb377ca6c01888de802f89ab84b98a,60.16544,24.95398,0000000038d83d41,20.28
18029,2019-08-04T11:06:50Z,25a7ff811c3c06e426c7c2cbb0433d9a2a3399b23afecbd35584ab0f,60.18203,24.91341,00000000342570c2,11.7
18030,2019-08-04T11:06:50Z,269109af99b12861eeb19ab8698033d9c00895687da47af3f4310e9d,60.16762,24.95415,000000006b44cce7,12.69
18031,2019-08-04T11:06:50Z,3fe5f4ccfa5c777ceafda0674d7c9da6f509f6694b4c2fa254b32e73,60.16897,24.95222,00000000aa852af1,17.4
18032,2019-08-04T11:06:50Z,434e74155ec054f1bb6122a7ec736a48a27c6f4111995c3f2bb03897,60.17065,24.93641,000000000f4919c9,18.79
18033,2019-08-04T11:06:50Z,43b676ed3aef4c2d8846694817e76117873be52e7f788e0cb366c1c4,60.16629,24.95957,00000000fb7600be,27.28
18034,2019-08-04T11:06:50Z,5d65719c4cbf045f068d084b72302f447d5fd034413d97d13be00d0e,60.18203,24.91341,00000000342570c2,20.28
18035,2019-08-04T11:06:50Z,5eed115a984d490b02b602d73787aee8dc8c4e9365b77fbff3818a76,60.16629,24.95957,00000000fb7600be,18.79
18036,2019-08-04T11:06:50Z,69219e9efa41ae9e732653e9eaf08e1a34cb853a9dafe76ddeea4d04,60.16897,24.95222,00000000aa852af1,27.28
18037,2019-08-04T11:06:50Z,6a70e2fbced719333e21eff04fcb9cb36bae9a04d1a3d6ddd96f2c58,60.15432,24.9211,0000000019fb59c4,10.78
18038,2019-08-04T11:06:50Z,6f06341f358e61699fe1e55e986dd0554bc8da28b91daf0c5ad99db6,60.16629,24.95957,00000000fb7600be,20.28
18039,2019-08-04T11:06:50Z,85ef35aecf2ff804be3d958b592705ec41c6df9c128c132c65bb283d,60.16897,24.95222,00000000aa852af1,21.87
18040,2019-08-04T11:06:50Z,87dfaad29a9276ddddb1fa021d3bc23ad14824c1af16f7d87e713689,60.14951,24.92138,0000000006dd41f6,9.92
18041,2019-08-04T11:06:50Z,88808fe92573e9cdf022cc15b9689b6b4b9429f60513c8897b0ba4c7,60.16897,24.95222,00000000aa852af1,17.4
18042,2019-08-04T11:06:50Z,8c75c3289c84fe4493e1e272a77b615fe1985880c5dc68a7c1a17b53,60.16762,24.95415,000000006b44cce7,10.78
18043,2019-08-04T11:06:50Z,92524354048a0b73aacc2745ecface2dec61989197d03321c59b8821,60.14699,24.922,00000000a53ed894,33.81
18044,2019-08-04T11:06:50Z,92a4351b20078e469332532ec495e838559c62590b166cce41762939,60.16897,24.95222,00000000aa852af1,27.28
18045,2019-08-04T11:06:50Z,92aae21a6e0dd2ff71fc591b64e878502bd4677b64ac413632e9f7c6,60.149,24.9843,00000000fffb8cf0,23.56
18046,2019-08-04T11:06:50Z,9843c6216661048343a0e49cf3d8aa2883cf77f452666a1c873a1052,60.16448,24.97323,0000000053c6c2be,13.75
18047,2019-08-04T11:06:50Z,9bc8068948a5b881e1bded553efe012fe129e3e4df62f64a6724917e,60.16829,24.94214,00000000afef4555,21.87
18048,2019-08-04T11:06:50Z,9fc0711d7e7722eff7faa0cb6f17846680c06515c1eb93dd49ebcf25,60.14699,24.922,00000000a53ed894,16.1
18049,2019-08-04T11:06:50Z,a91d379a4b57c5df22db0d7a041ff69f657b4b31f28554b1011fc03c,60.16544,24.95398,0000000038d83d41,29.32
18050,2019-08-04T11:06:50Z,b5fd6b317890e5ab2d79e2cd1abe61626d45a753c7337d0d40728898,60.16762,24.95415,000000006b44cce7,11.7
18051,2019-08-04T11:06:50Z,b936e41d8712ae967f3ebb413fc44f060bb10613f95537757886ede2,60.16762,24.95415,000000006b44cce7,9.92
18052,2019-08-04T11:06:50Z,bca443064699e0ac05c40e587aef06d7fd580817e739133a501490bc,60.14699,24.922,00000000a53ed894,18.79
18053,2019-08-04T11:06:50Z,c40c37def6bf11a63a2556519a7c6233fd417cdeea2cf14f28e7c42c,60.16531,24.9442,00000000fdda10fe,21.87
18054,2019-08-04T11:06:50Z,c54f2dd0590c650ad3e52a68193db3173db5e74f90f69faa1e2d6bb0,60.16762,24.95415,000000006b44cce7,9.92
18055,2019-08-04T11:06:50Z,ca6927628f5ddda20036865c9345ad93d476d62ade3b181de568eed6,60.16897,24.95222,00000000aa852af1,23.56
18056,2019-08-04T11:06:50Z,cd2c2ce2425879ac455c812073aa8025c7bac76df380e4793edab46d,60.16829,24.94214,00000000afef4555,25.36
18057,2019-08-04T11:06:50Z,cf05623e4d87ce0906c0b0b7dbf53aacc1228016cd27c341228b6e76,60.18203,24.91341,00000000342570c2,18.79
18058,2019-08-04T11:06:50Z,cfc0bedb78ded52749db3188cb188bf6a250ef5990da9c5afa9623fc,60.14951,24.92138,0000000006dd41f6,23.56
18059,2019-08-04T11:06:50Z,dbeb00942457ba3c5fb1984b57b1dedb268c0e761e80729b939f1fd8,60.16544,24.95398,0000000038d83d41,25.36
18060,2019-08-04T11:06:50Z,e224ae5ea47af2e3048f83b13a1f45dc135c0ca6be72547b01729086,60.1538,24.95595,0000000038bf9618,16.1
18061,2019-08-04T11:06:50Z,e6af35ebe4c87f166821f11fad668537305c0f52d192e9c4d308eaa9,60.16075,24.95883,00000000f1124bca,27.28
18062,2019-08-04T11:06:50Z,e8690c2d1711bc10f2d1251a3b5b1e770b98c66c384760400c604de1,60.16829,24.94214,00000000afef4555,21.87
18063,2019-08-04T11:06:50Z,e8e366e76c97944e23c0f80b4fd3ce6e5832744922297146a49f0c7e,60.16762,24.95415,000000006b44cce7,18.79
18064,2019-08-04T11:06:50Z,e96bd269a48b822b06141c3362fcb6d5ed4d0d09a120f2e4a712d5c2,60.16897,24.95222,00000000aa852af1,20.28
18065,2019-08-04T11:06:50Z,f088630d7476dae7d4b7e2bb1f10575f2c89acb4b6e061f3d57c2b40,60.16531,24.9442,00000000fdda10fe,20.28
18066,2019-08-04T11:06:50Z,f31cfded6f566f9c032c80c52ea642407be312c5d42521ab7a8d3e2a,60.16897,24.95222,00000000aa852af1,18.79
18067,2019-08-04T11:06:50Z,fc4f3a44235f1cfc7b53f14ba2da599976a5a0a220d23b852688e485,60.17919,24.95181,000000007b5207b6,11.7
18068,2019-08-04T11:06:50Z,fd9d6fc46d3dd22af969a344a31dd4d7e4d7c64b7d5a98ca50593069,60.17002,24.94407,000000006b087f40,31.5
18069,2019-08-04T11:06:50Z,0236a1d5b9b9d2249407a79705eee38de360ceb0530a8959ba5bc15b,60.149,24.9843,00000000fffb8cf0,12.69
18070,2019-08-04T11:06:50Z,02a354db29cd5bc16976a9d933e03a41be350f9cc78098829a7dcfd4,60.14947,24.91438,000000004ef3150d,18.79
18071,2019-08-04T11:06:50Z,03204cdd97728dc59f21f215f75460ac8fe2fa56720a88e869c6f56d,60.16829,24.94214,00000000afef4555,12.69
18072,2019-08-04T11:06:50Z,03515f2dd8be9a829b8b55cec8dc0f87b3e51368f8f16e4c4014d547,60.16762,24.95415,000000006b44cce7,11.7
18073,2019-08-04T11:06:50Z,0495ba0a1c04e0262f37eaa32084a173acc00638a16e76bb922b97dd,60.16762,24.95415,000000006b44cce7,8.38
18074,2019-08-04T11:06:50Z,0656a0c0a353f164b57fbdd9e648d71fab429964d97ed07ab2c5dc30,60.18203,24.91341,00000000342570c2,14.89
18075,2019-08-04T11:06:50Z,07505f028a552fd4183a9d7a436db18ae89a2dfeff0cdea93dcbe920,60.16762,24.95415,000000006b44cce7,4.11
18076,2019-08-04T11:06:50Z,08833115ba0f62666fee594662c171563759459bb5f65ffdfeaeaed1,60.18203,24.91341,00000000342570c2,21.87
18077,2019-08-04T11:06:50Z,08b10b51864dc039f0a07c997e66e7a263ee1cde5b0b88b2a1178c58,60.16829,24.94214,00000000afef4555,14.89
18078,2019-08-04T11:06:50Z,096c3b0de1dab1407cd4d3330546404c0d62ce025924420496380f89,60.16762,24.95415,000000006b44cce7,16.1
18079,2019-08-04T11:06:50Z,0a875ca08ae7654af6e570e7245816939a3a61213bedf03765dc6f53,60.16897,24.95222,00000000aa852af1,25.36
18080,2019-08-04T11:06:50Z,0af61169cceddbd5c08068ba987231f31931944ac70a7335e59fce93,60.16897,24.95222,00000000aa852af1,21.87
18081,2019-08-04T11:06:50Z,0b49dcea1b7eab22f4ebd0c7666ded5b59fe092b8bdd4aa9eda6326d,60.16762,24.95415,000000006b44cce7,2.54
18082,2019-08-04T11:06:50Z,0c959027ce302054b09087cac97a83aa7e24fb9e4fa2710763f912cb,60.16829,24.94214,00000000afef4555,5.41
18083,2019-08-04T11:06:50Z,0d2490ed58c11eb4a754a30cc4bcb21c7243d322a2caf7cc360e4e8c,60.17065,24.93641,000000000f4919c9,16.1
18084,2019-08-04T11:06:50Z,0e113c5ed3abcdfb31d27c3125f6cf01e3b96e4ed7eca1aaea855f77,60.14947,24.91438,000000004ef3150d,14.89
18085,2019-08-04T11:06:50Z,0e1fac068e905121e354702292780affb6635905cc36872878ff79ce,60.17002,24.94407,000000006b087f40,38.87
18086,2019-08-04T11:06:50Z,0fd26c6e46f4d73b276223942e56c38bc9b8e4566239f8a77261657b,60.17002,24.94407,000000006b087f40,16.1
18087,2019-08-04T11:06:50Z,116e59da308964e8eb82cb6e5a758aad726ec3800f0fa17bc661e8fe,60.16762,24.95415,000000006b44cce7,13.75
18088,2019-08-04T11:06:50Z,117b6ba38be2f875c85c9c048106db4d2dbce58629a807d7d7773b6c,60.16762,24.95415,000000006b44cce7,14.89
18089,2019-08-04T11:06:50Z,1327ce24f157334f864f913637993c80380ce5f5c911e4b0d31c5eb7,60.149,24.9843,00000000fffb8cf0,3.74
18090,2019-08-04T11:06:50Z,1556d4a76070c26554efa12b4b9c53766a4cc394e8b74ee37f2fff65,60.17065,24.93641,000000000f4919c9,4.11
18091,2019-08-04T11:06:50Z,163dbc381da1ed6a59dda273955da51bb7f1216e1b8e226446d40e4b,60.1538,24.95595,0000000038bf9618,31.5
18092,2019-08-04T11:06:50Z,169c77f0d714e38eb1e798b14fa42ce3fefb0ec1d6f9e93a38a872f1,60.16762,24.95415,000000006b44cce7,10.78
18093,2019-08-04T11:06:50Z,170935ab413acb729427e6d20edfde6eafba7acbed3ed2c7e4c239ba,60.16762,24.95415,000000006b44cce7,18.79
18094,2019-08-04T11:06:50Z,182e58bd6c3c8d836225d454a878bc55d8ed5166564a22f8b635f6ff,60.14947,24.91438,000000004ef3150d,9.92
18095,2019-08-04T11:06:50Z,18adae8b6603c177e817d1e3b9ec79fcc0292682660b31bebc965a23,60.16762,24.95415,000000006b44cce7,12.69
18096,2019-08-04T11:06:50Z,1921be9815a57f11f291ca085add7b4bf1d044518b03b725df7cf7d5,60.149,24.9843,00000000fffb8cf0,5.91
18097,2019-08-04T11:06:50Z,199f6bc103ed6c9403a19d385de59338442e2835fb17f2d51aa48cc7,60.173,24.92524,0000000096918cfa,29.32
18098,2019-08-04T11:06:50Z,19db84758eba08a5f9bb56b0ff91d05286765c8e8dfa31bd0b2aaa1c,60.14947,24.91438,000000004ef3150d,9.92
18099,2019-08-04T11:06:50Z,1a9a0f74c353624c42c19c007e82c9c2547b7285d8353d0e375e3f05,60.14699,24.922,00000000a53ed894,7.69
18100,2019-08-04T11:06:50Z,1c38009e9b89bd8b0d6744bf54ebae9a8ad2dc2868cdfc3f2e399509,60.16829,24.94214,00000000afef4555,8.38
18101,2019-08-04T11:06:50Z,1c8c3befa38b65f707dd4933a68e5e3c9e7c82592fd382779127416b,60.16897,24.95222,00000000aa852af1,14.89
18102,2019-08-04T11:06:50Z,1c9aa21b85f6dc63cc56eb960e89cdeaa6da27738f3fcc4fbee8ee17,60.16762,24.95415,000000006b44cce7,5.41
18103,2019-08-04T11:06:50Z,1dacfb371d75dd4f90f447aac2a00faad98beb4188a6971c19eb2375,60.16629,24.95957,00000000fb7600be,20.28
18104,2019-08-04T11:06:50Z,1f6e5095c2c365e120a526c9111895459bc08fb351b964a350cdb64f,60.16762,24.95415,000000006b44cce7,11.7
18105,2019-08-04T11:06:50Z,1fa2c533bba37b249a0105001153733e67a559d40c22cab67f135f64,60.14947,24.91438,000000004ef3150d,13.75
18106,2019-08-04T11:06:50Z,21348dd74711456a745e1e4baaadba4463cfaaaa24b2b271b16cb866,60.16531,24.9442,00000000fdda10fe,29.32
18107,2019-08-04T11:06:50Z,227b93698b29687beea48184f42aab63a21fa362af7251be32db2e15,60.16531,24.9442,00000000fdda10fe,2.54
18108,2019-08-04T11:06:50Z,23b7c1b09dfbcbf722a4c48303dd0435cf9885a516d5eebb6538844f,60.16762,24.95415,000000006b44cce7,12.69
18109,2019-08-04T11:06:50Z,24950d602953fd4c5c7e6d133bd7bdafa0fb48a1f4af90c7ff658ad3,60.16762,24.95415,000000006b44cce7,12.69
18110,2019-08-04T11:06:50Z,2671a156fa8d8bb05970481c8f83bcf9f261f73dae27f2bb9ac88aeb,60.14699,24.922,00000000a53ed894,20.28
18111,2019-08-04T11:06:50Z,2724e42551f43106ea58a8fcc6a43953baa1294cd65e17a90012f706,60.17065,24.93641,000000000f4919c9,0.84
18112,2019-08-04T11:06:50Z,277125506ba4ea1afb2c696256b262e0708d43c30c769a1d4a382a76,60.16762,24.95415,000000006b44cce7,29.32
18113,2019-08-04T11:06:50Z,28741c2e5e348fe81dec0518a21c0930c98a25b6fcece61a262d50de,60.14699,24.922,00000000a53ed894,13.75
18114,2019-08-04T11:06:50Z,296a0ffe230305a3d37818a0369b56c99dacdd5df5a161bf238e1084,60.16762,24.95415,000000006b44cce7,4.11
18115,2019-08-04T11:06:50Z,29b5f09785ef76627c2a3f043e1182d11fbd3a465422544c7478aa1c,60.16897,24.95222,00000000aa852af1,16.1
18116,2019-08-04T11:06:50Z,29f5adc4d67413b7d368e8e94a41cf48339e3f5f0903f660170c4fe8,60.17919,24.95181,000000007b5207b6,8.38
18117,2019-08-04T11:06:50Z,2a334446463c0c30b6183affed3493e5b0fefc5fae3085991b3159ea,60.16829,24.94214,00000000afef4555,21.87
18118,2019-08-04T11:06:50Z,2ccaeb30423977ff22b6afc29243b861b476a5f4ffafdf200d326d78,60.17002,24.94407,000000006b087f40,21.87
18119,2019-08-04T11:06:50Z,2d0349a4148a147b05e00cd46c137dd208ba2a8ce9327b493615f1a6,60.16829,24.94214,00000000afef4555,10.78
18120,2019-08-04T11:06:50Z,2de87ef94604fb63bec05eefb71b6cdd0b9807f8551159c2a35e7259,60.17065,24.93641,000000000f4919c9,9.12
18121,2019-08-04T11:06:50Z,2e6e6f89a7d75f0742d016de203c9acc8d6f6bdeb7b56bd12f482653,60.15432,24.9211,0000000019fb59c4,3.74
18122,2019-08-04T11:06:50Z,2f83e4cad2d924faecb3def25f54727f3e612bc5040c493dd6eccb1d,60.16897,24.95222,00000000aa852af1,23.56
18123,2019-08-04T11:06:50Z,3004b57f95861dcbc505cbe89ab781674966526a063bee7072de8aba,60.16829,24.94214,00000000afef4555,29.32
18124,2019-08-04T11:06:50Z,30bee351808d5e8082ce012b57f5bc0efc80f8394491a182e0eeee32,60.17919,24.95181,000000007b5207b6,29.32
18125,2019-08-04T11:06:50Z,31659a798f1d780d587f07390c038a78fafa6cabb8180dba635863ce,60.17002,24.94407,000000006b087f40,12.69
18126,2019-08-04T11:06:50Z,3417d8a6b53687e70f126ebeb1d26a2ff6369dc9a551c3c35c5a04f9,60.17002,24.94407,000000006b087f40,13.75
18127,2019-08-04T11:06:50Z,3512bf26a0a9e7475c2b0fae94e1eeac7dfa237db81ed1f40ce18825,60.149,24.9843,00000000fffb8cf0,31.5
18128,2019-08-04T11:06:50Z,35f337dd3baf0bc08002ec007d609b685ac29bb2a8bcad6783532a6b,60.16829,24.94214,00000000afef4555,16.1
18129,2019-08-04T11:06:50Z,3670a148a52771f0ff5af161725f65b86873c09eea1a7697861c0438,60.14699,24.922,00000000a53ed894,18.79
18130,2019-08-04T11:06:50Z,3714758c60c781bb53981cf52f78b930f4cb22bf27a3dc596f48ab2e,60.16762,24.95415,000000006b44cce7,20.28
18131,2019-08-04T11:06:50Z,374083907dd8980893623726af5633afd59b519c885ad12ba5c674eb,60.17002,24.94407,000000006b087f40,4.11
18132,2019-08-04T11:06:50Z,38561a086c97342a24583c26b33205da50e3e973a8147fe016a4a9ff,60.16829,24.94214,00000000afef4555,17.4
18133,2019-08-04T11:06:50Z,386dea4944e0b83648b4b6faf510fd47b0e9e29a2bb9311fe8a80ee2,60.17918,24.95141,00000000675d5200,8.38
18134,2019-08-04T11:06:50Z,38fe4d3136f12b444ebe10b0db89d752ecc9527c799d1dbb1a3f12e1,60.1538,24.95595,0000000038bf9618,31.5
18135,2019-08-04T11:06:50Z,395134265ad60f36cbb21b92db8d3db4d07bd71836d174cbf1a09224,60.16829,24.94214,00000000afef4555,12.69
18136,2019-08-04T11:06:50Z,3991e38309311c3fd5aecdcf3290274a5742396d989a81387bf154ae,60.17002,24.94407,000000006b087f40,16.1
18137,2019-08-04T11:06:50Z,39e2f2a7b03cda9f877366363a3727edfefd16d2221e752dafc33634,60.17002,24.94407,000000006b087f40,21.87
18138,2019-08-04T11:06:50Z,3a23443662298e2601a38a20bcb69744211c52d9735d50c80d553ff4,60.16897,24.95222,00000000aa852af1,20.28
18139,2019-08-04T11:06:50Z,3ac85712ab657e849113d439795c4e7325d1025cacdbd9a41174b031,60.17002,24.94407,000000006b087f40,29.32
18140,2019-08-04T11:06:50Z,3ac9d056b0f04f774b238a125eb996d46437f7a8c5f6ba6712e971cf,60.17918,24.95141,00000000675d5200,8.38
18141,2019-08-04T11:06:50Z,3b355c039877bd4883845f3fc6ad8dd6f41f170274042f1397585680,60.149,24.9843,00000000fffb8cf0,14.89
18142,2019-08-04T11:06:50Z,3f5d3aed90718f7fb8e8a13ac7002718cc22cbe190beb96821ba52e6,60.17065,24.93641,000000000f4919c9,21.87
18143,2019-08-04T11:06:50Z,3f67c6713a6cca446a46616c9970c7a2ddffb03f21e10c8ea9b2f380,60.16897,24.95222,00000000aa852af1,18.79
18144,2019-08-04T11:06:50Z,42d34a6c595760e51052178acc978bdb2b6348e0405f7b58c57f0915,60.16829,24.94214,00000000afef4555,18.79
18145,2019-08-04T11:06:50Z,430248827311f2a35f35eddf73299c91aca3dbf8e22471fff5844932,60.16544,24.95398,0000000038d83d41,23.56
18146,2019-08-04T11:06:50Z,44703b8dd01d3bd79585c9c7e12217e1ac152f86e2b0c9ed6be4bc19,60.16544,24.95398,0000000038d83d41,16.1
18147,2019-08-04T11:06:50Z,4472fa277123afabdf2402fc2a3c5bff2be437e6d56b590278de70fc,60.17065,24.93641,000000000f4919c9,29.32
18148,2019-08-04T11:06:50Z,448f6044c6c095d8c71341a0017dd6746f6e150f03af7c78b794308f,60.16762,24.95415,000000006b44cce7,7.05
18149,2019-08-04T11:06:50Z,46b81e0dd10fe05195c050bacd41d57feeca0e044b6b317ac22a8656,60.16762,24.95415,000000006b44cce7,10.78
18150,2019-08-04T11:06:50Z,47cd1dcac88434ffdc4b868e7f1d8d8a604700564bc83a7c0a3928be,60.16762,24.95415,000000006b44cce7,9.92
18151,2019-08-04T11:06:50Z,47f787c639f2eed345eb5dca409ffcd989850399a1ab781500dd6e82,60.17919,24.95181,000000007b5207b6,6.46
18152,2019-08-04T11:06:50Z,4833b1ea4f519407574f5a838d93a39de28c756c5f53de7ee273b577,60.14947,24.91438,000000004ef3150d,8.38
18153,2019-08-04T11:06:50Z,49084ae4b6419be9e7bb0c9b1420142e07d6ac3c17c07c26895461ed,60.16829,24.94214,00000000afef4555,16.1
18154,2019-08-04T11:06:50Z,4954540aca30f8f56f918178fbd53ee48ddef7a231d425061f6b2f6f,60.18203,24.91341,00000000342570c2,12.69
18155,2019-08-04T11:06:50Z,49d6f6bd5878bfac30a67fe92d1501b5b09cab38ab2b35b661902f0d,60.14947,24.91438,000000004ef3150d,21.87
18156,2019-08-04T11:06:50Z,4a2286eca689d9c867cfa19d43b9b917d29769b66b9e0a968f6c3859,60.16897,24.95222,00000000aa852af1,18.79
18157,2019-08-04T11:06:50Z,4a54cbed9c373a4136f8851f3f5736eb2fadd5766d316eb5ebbdd231,60.17919,24.95181,000000007b5207b6,7.05
18158,2019-08-04T11:06:50Z,4a912b6c106b63933a8c9cc39598823bcb2c94d4b1cc8a5d55cb3972,60.16829,24.94214,00000000afef4555,3.4
18159,2019-08-04T11:06:50Z,4adb5815c946e3d8de22bfbed48cdd41db6bc860004e1f98198f24d3,60.17002,24.94407,000000006b087f40,20.28
18160,2019-08-04T11:06:50Z,4b5b3e8f2b484bc08b196c265f65c70151bd69f6263318eb29125db2,60.16829,24.94214,00000000afef4555,9.92
18161,2019-08-04T11:06:50Z,4cf634fc84e128c3b9bce07a4b726d136e18f0eea4229fdbb48f6db1,60.16897,24.95222,00000000aa852af1,9.92
18162,2019-08-04T11:06:50Z,4d31b0561dbfc9ef5acbd44ba92acb4ca7bad86b948634f005173ece,60.14699,24.922,00000000a53ed894,9.92
18163,2019-08-04T11:06:50Z,4f70e840d6af52421579bfccf58986134f2c0076d3cbbfbfe52ee972,60.16762,24.95415,000000006b44cce7,14.89
18164,2019-08-04T11:06:50Z,508ee0778f7d5571ac4aa05211272911339b293ff62069f14cd4aa0a,60.16897,24.95222,00000000aa852af1,23.56
18165,2019-08-04T11:06:50Z,51dc3e37f2c849cad38b2a651abb7964e1dfc0e1e0a244c3a6ca8193,60.17002,24.94407,000000006b087f40,18.79
18166,2019-08-04T11:06:50Z,52ebd53e0477c70dd129c946d58792e5069c7db14c369581ee07ed33,60.16762,24.95415,000000006b44cce7,11.7
18167,2019-08-04T11:06:50Z,54d53f276563f566e1cd61b100408412cf78b4fe9fcada830aa6e23b,60.14947,24.91438,000000004ef3150d,14.89
18168,2019-08-04T11:06:50Z,5518b2315c236d486c7a5a4fc27c44987672b2f9a0751ffdaa9cbf78,60.16829,24.94214,00000000afef4555,4.94
18169,2019-08-04T11:06:50Z,55db840c0ab0998cc666beac96e2ebbb86074ce40799e791e7e7f299,60.16829,24.94214,00000000afef4555,21.87
18170,2019-08-04T11:06:50Z,56318cc7f3616fceec2564cbb1f6ca8b88ea861935a1ada93aafd7b0,60.16897,24.95222,00000000aa852af1,10.78
18171,2019-08-04T11:06:50Z,565a35900ed1794a9d566f6fc12f2710875a10eb7c8e6fa0ddd92626,60.14699,24.922,00000000a53ed894,10.78
18172,2019-08-04T11:06:50Z,571934189bf349efb6f596e76c21612cf9b82ed44913090169936048,60.17065,24.93641,000000000f4919c9,18.79
18173,2019-08-04T11:06:50Z,584cb0b0cdd14e608c8b57c8aecc9826f9b40027e365e2438a444ea2,60.16762,24.95415,000000006b44cce7,13.75
18174,2019-08-04T11:06:50Z,58ee8fd47328b1c696ec343920f2c0353d19a915924eb6f6f2638e56,60.16762,24.95415,000000006b44cce7,5.91
18175,2019-08-04T11:06:50Z,5a730ea19664020323272509e5443616ea3f1cecd7b295e294be4ba7,60.14947,24.91438,000000004ef3150d,21.87
18176,2019-08-04T11:06:50Z,5c404f374a48548bfe8b02859d12ae59c4ae608fae2139fd71ef51b1,60.16762,24.95415,000000006b44cce7,12.69
18177,2019-08-04T11:06:50Z,5c7fa8921e36112a981bb950aa1b687829cdf6890c604b76dedbb4da,60.14951,24.92138,0000000006dd41f6,31.5
18178,2019-08-04T11:06:50Z,5cf708f185bde065ce78343bc60c96179799b4e45c4833fb908bd56b,60.16897,24.95222,00000000aa852af1,23.56
18179,2019-08-04T11:06:50Z,5d9aa6fcb0d81ceaa80ca13cc08a88138be517656646e0ba0942ce46,60.16897,24.95222,00000000aa852af1,7.05
18180,2019-08-04T11:06:50Z,5f5805a3ffd092506452c4d45ea8fc037ae23ea726f0b0809ca6ffde,60.16829,24.94214,00000000afef4555,17.4
18181,2019-08-04T11:06:50Z,6138e6ab3e1e74425af8945a6fcc294c1469a0b9c448b780bcf9d2e2,60.14699,24.922,00000000a53ed894,13.75
18182,2019-08-04T11:06:50Z,6221f621a5531b00d84f5763e1c2fbd49b78010cd65be83c238f4661,60.16629,24.95957,00000000fb7600be,33.81
18183,2019-08-04T11:06:50Z,62cac4a0e252305e1128942dc3ec48baaa514c6737c415f85abb3665,60.1538,24.95595,0000000038bf9618,20.28
18184,2019-08-04T11:06:50Z,62d86ee13e6ae7a5c41ffc2de746df72d4ef6e8d2b6a51ce1c68965f,60.16829,24.94214,00000000afef4555,13.75
18185,2019-08-04T11:06:50Z,62e27092b58abcaf80564c408d0d4a7b821abaee92dc2f02ccb11e61,60.16762,24.95415,000000006b44cce7,5.91
18186,2019-08-04T11:06:50Z,63e498fd789abe431cdf86f184a50616c85717e1efc893da1e1a2222,60.16897,24.95222,00000000aa852af1,17.4
18187,2019-08-04T11:06:50Z,64d10ef0926ecca987bad278990d966d8fac8775f03847d1f5a4a2f6,60.16762,24.95415,000000006b44cce7,9.92
18188,2019-08-04T11:06:50Z,658aacab016460cfc38879944e374640737b32d7291a40aed8b8845c,60.16897,24.95222,00000000aa852af1,27.28
18189,2019-08-04T11:06:50Z,697103160f0b3dc0ba38ccdd18203ae84ec35fc314322d1172c093b2,60.16829,24.94214,00000000afef4555,9.92
18190,2019-08-04T11:06:50Z,6978155fc96a2c464cb547d9fc8c5e60f39fbb9de35e49ab211c5efc,60.16897,24.95222,00000000aa852af1,17.4
18191,2019-08-04T11:06:50Z,69852d528034ea6fc746ed8942c32f1c90bc33a7a7317dfac3c9b1c1,60.14699,24.922,00000000a53ed894,5.91
18192,2019-08-04T11:06:50Z,6990b912b53e2278e4a3d421330e44169d05b275ad57d86ff4ad1615,60.14699,24.922,00000000a53ed894,23.56
18193,2019-08-04T11:06:50Z,699b48bb93c5befb62ff0686e75f158406b659f14daec16ab66d4499,60.15432,24.9211,0000000019fb59c4,18.79
18194,2019-08-04T11:06:50Z,69d8c906060e226ff0f0f7e78029575f2ee07ebec657a3b641419268,60.14699,24.922,00000000a53ed894,14.89
18195,2019-08-04T11:06:50Z,6a34297fcf1ea6472756f3d437d5cf207a43ab8797c1942f78282951,60.16448,24.97323,0000000053c6c2be,17.4
18196,2019-08-04T11:06:50Z,6a611aaa1fa77baf03191f0143c2a00dd06c9730c67d30c1eb06afcc,60.16762,24.95415,000000006b44cce7,16.1
18197,2019-08-04T11:06:50Z,6ac1903c80e63433e4bc744dc0e801bff647117d38d3753fb9a6a4c1,60.173,24.92524,0000000096918cfa,8.38
18198,2019-08-04T11:06:50Z,6c97da4ba9462e7fe786a472989dab23340d31809dd78d5617204da4,60.16829,24.94214,00000000afef4555,17.4
18199,2019-08-04T11:06:50Z,6e492dbc3f10157e7ff00826a839a97262ab36244ccc57b702a89999,60.16531,24.9442,00000000fdda10fe,11.7
18200,2019-08-04T11:06:50Z,6eeb71c74d753822f920829149d942cf52b726b0b83c5aa3e6cb132e,60.16762,24.95415,000000006b44cce7,10.78
18201,2019-08-04T11:06:50Z,70ffae2b8178e0915c5de7816f8dd8bcc3af745ee49df8ac4da4adba,60.17918,24.95141,00000000675d5200,18.79
18202,2019-08-04T11:06:50Z,714e80a1e3c0fee43e312f314b2faec47e582ee8dac47e4818dbc2f9,60.149,24.9843,00000000fffb8cf0,2.08
18203,2019-08-04T11:06:50Z,71516fc8349cfaf2b5c4ab80ade6078494d93d13e9953af15e5ced30,60.18203,24.91341,00000000342570c2,20.28
18204,2019-08-04T11:06:50Z,71c1367c7dea4dfa243172e02b9092c7a0810bef003216681759891e,60.16897,24.95222,00000000aa852af1,23.56
18205,2019-08-04T11:06:50Z,721b9dc22c7346557374260166f19e4aa8e01aab67fc32c6c395c378,60.14951,24.92138,0000000006dd41f6,17.4
18206,2019-08-04T11:06:50Z,730d975773cc8c9c07ff88fb87377ff64a961a96e9237e59859fa46f,60.16762,24.95415,000000006b44cce7,9.92
18207,2019-08-04T11:06:50Z,75d452cbba63995ad06213b577081e8db650c80b3a78060789a8e831,60.16762,24.95415,000000006b44cce7,7.69
18208,2019-08-04T11:06:50Z,75dc69a66709d80dc34f816e5b2cbf53ee34b75f4ca9ae28f9ddf14c,60.16762,24.95415,000000006b44cce7,11.7
18209,2019-08-04T11:06:50Z,79bde23c1a8980f93a65e14306f0d8ea89e164430d8b991e2bfee82e,60.16531,24.9442,00000000fdda10fe,13.75
18210,2019-08-04T11:06:50Z,7a0f425ccdf5813a089dd619056db4cf41173803f079c37bab520825,60.18203,24.91341,00000000342570c2,31.5
18211,2019-08-04T11:06:50Z,7c55ecf165387948602e82b684a55be093691849fde2d96ad6574475,60.17065,24.93641,000000000f4919c9,20.28
18212,2019-08-04T11:06:50Z,7ddcdde2316659d0fa4b8597b86430e095ea0bc7f3564a9d05fc60f8,60.16897,24.95222,00000000aa852af1,12.69
18213,2019-08-04T11:06:50Z,7e78b2348d9576c63ebb626030ee9d43e2bf07e860782adf3f1c452b,60.16829,24.94214,00000000afef4555,4.94
18214,2019-08-04T11:06:50Z,7e9880612b626be1f70a0b9cd9309b4081df8dda1d9f0e8c531d75a7,60.16897,24.95222,00000000aa852af1,31.5
18215,2019-08-04T11:06:50Z,7ea276abbe2f1bfd85b2493f7b4c801189e673c0b4dc987d2c8e30dc,60.14699,24.922,00000000a53ed894,17.4
18216,2019-08-04T11:06:50Z,7eefc5581c616491b78192b28b519ba727dc884a87bc06b8df1ea4f2,60.14699,24.922,00000000a53ed894,12.69
18217,2019-08-04T11:06:50Z,822590bd49bcf7ed4de4f8389586915c343b29c4283ff8b90d7c1d39,60.17065,24.93641,000000000f4919c9,17.4
18218,2019-08-04T11:06:50Z,82ac749474448abac333d00869cb8b508872f86293913d95eae26a05,60.15432,24.9211,0000000019fb59c4,8.38
18219,2019-08-04T11:06:50Z,82cddd3b9f58762d36efe78da4e2722ee587cfdb3fdbc58b52673082,60.16629,24.95957,00000000fb7600be,13.75
18220,2019-08-04T11:06:50Z,844b8ad6ebf530978d1139d527a681991f4d3eed6be5bc723f0b2192,60.16531,24.9442,00000000fdda10fe,1.7
18221,2019-08-04T11:06:50Z,864c05d067a7ec523aaf27ea895509e1fe10afc74c884c7e7f98263f,60.17065,24.93641,000000000f4919c9,29.32
18222,2019-08-04T11:06:50Z,87ea10367f1569e575dc4bc60f0f4238eafb52ba8a2cc8e5e4584232,60.16829,24.94214,00000000afef4555,27.28
18223,2019-08-04T11:06:50Z,886032718e05487be8bd75bb14464814044c7edd7f9a2198304f6fb4,60.16629,24.95957,00000000fb7600be,16.1
18224,2019-08-04T11:06:50Z,89df1daad350e46d526e113019214d2e1a19d8f48da761bb3583399b,60.16762,24.95415,000000006b44cce7,14.89
18225,2019-08-04T11:06:50Z,8ad180674aa6d08b03238aaf8757517ad2e107e8906f097e12f17487,60.149,24.9843,00000000fffb8cf0,13.75
18226,2019-08-04T11:06:50Z,8bffe034066821502092859341756212a0dcb6b2c605852c0c40fdeb,60.16762,24.95415,000000006b44cce7,14.89
18227,2019-08-04T11:06:50Z,8c4e4851db86ec4a3ce29a58be770eb29c38b9a983351bb67d781982,60.16897,24.95222,00000000aa852af1,14.89
18228,2019-08-04T11:06:50Z,90b12d2b9898702fd62b343512e0d53796ae38decdf704e203a0cc39,60.16829,24.94214,00000000afef4555,13.75
18229,2019-08-04T11:06:50Z,91602a694bc74a2874ba7f02a7bae062a3a77cd869b86a74800415b8,60.17919,24.95181,000000007b5207b6,21.87
18230,2019-08-04T11:06:50Z,92df20d921f76c63470e3f5afbe201d3ae15f5133f66c291db796082,60.16629,24.95957,00000000fb7600be,16.1
18231,2019-08-04T11:06:50Z,94ac9d6e79236013b9fa24e1c52123819228f6962b5952637ca80fcb,60.16762,24.95415,000000006b44cce7,11.7
18232,2019-08-04T11:06:50Z,951482f3e2e41b496e34885c346c4a7ab09427178119caa9b8bbcbb6,60.14947,24.91438,000000004ef3150d,20.28
18233,2019-08-04T11:06:50Z,97490f522f1a0226c8f7e8ed7bca08dd71b63d80b46d38020127b868,60.14699,24.922,00000000a53ed894,6.46
18234,2019-08-04T11:06:50Z,9924ed20d6ddee438860f63a9fa1a2cefa7ccfa275d6da3a2008d84d,60.173,24.92524,0000000096918cfa,14.89
18235,2019-08-04T11:06:50Z,998ac46ad73c197bab1f36dca67d8bcaa3aca92249185a5e3715043f,60.17065,24.93641,000000000f4919c9,14.89
18236,2019-08-04T11:06:50Z,99b998b07243afd316e6fa57636b0ab6761b9c2a6f0fe050eae40c08,60.16762,24.95415,000000006b44cce7,7.69
18237,2019-08-04T11:06:50Z,9a49d0b5a67fba15ce8971503f6fea88994b33487a842397c5e8564f,60.16762,24.95415,000000006b44cce7,2.8
18238,2019-08-04T11:06:50Z,9aa588cb6f425117e45726b6b9adb7ef86c8f7c8113b547dc61f068a,60.16897,24.95222,00000000aa852af1,20.28
18239,2019-08-04T11:06:50Z,9ab0a60cb60531417ac6ec5ebc6ef591d2f39019c6b0bcb5a89101a2,60.14699,24.922,00000000a53ed894,12.69
18240,2019-08-04T11:06:50Z,9af5161d635984285f0d259f202fe80516d5258255b979b9910afe05,60.16762,24.95415,000000006b44cce7,11.7
18241,2019-08-04T11:06:50Z,9b2a5c59007368ed7b26c0128d958f0ac43ab418eda263737da18bd6,60.17002,24.94407,000000006b087f40,21.87
18242,2019-08-04T11:06:50Z,9b4b0705e58750d2bcbd71ad65d85677f7e77db5dfe69d1a70b5d31f,60.17919,24.95181,000000007b5207b6,13.75
18243,2019-08-04T11:06:50Z,9bc50d931d6c1678284177395958d15f05b45d60ae7bc09fe1e1694e,60.16762,24.95415,000000006b44cce7,4.5
18244,2019-08-04T11:06:50Z,9bc91538b73e0220fcf5cd07290c07d56f6f48d3ba0ba6b6b0876da9,60.17065,24.93641,000000000f4919c9,9.92
18245,2019-08-04T11:06:50Z,9bef562c292174f1eb3933116effff74a8733a78e5c1df140de3fd6c,60.17919,24.95181,000000007b5207b6,3.74
18246,2019-08-04T11:06:50Z,9c0b1d2c4c67c07e547e810a94efeaaa1187ae82977e03748470281c,60.16897,24.95222,00000000aa852af1,18.79
18247,2019-08-04T11:06:50Z,9eb1e9bfdceb76ef852f89ebd82139602125f9731b791465e1c21f81,60.16829,24.94214,00000000afef4555,16.1
18248,2019-08-04T11:06:50Z,9f1920350685b4cb747c535ba3c3dc1cb29587668bd507ab96e5692f,60.16629,24.95957,00000000fb7600be,21.87
18249,2019-08-04T11:06:50Z,a066e2044b486819fe2185765f63ed87f8d10c502f26a01be1f1a758,60.149,24.9843,00000000fffb8cf0,33.81
18250,2019-08-04T11:06:50Z,a0ec1a8d581f94e640a6858a674699d2464ec065e6faea9d4ce2a13b,60.16762,24.95415,000000006b44cce7,5.41
18251,2019-08-04T11:06:50Z,a1439b6683d0598c7a05080c3693a17c198f7b8c3297c77324ef4859,60.16829,24.94214,00000000afef4555,27.28
18252,2019-08-04T11:06:50Z,a30740fbf4b7e21f6fe2996e9325c90936de161cb2165e87cd96fd35,60.149,24.9843,00000000fffb8cf0,14.89
18253,2019-08-04T11:06:50Z,a3c1a4a58b9381c27b1d5076e0d8d72039afccfb0e58438a80247324,60.16762,24.95415,000000006b44cce7,2.08
18254,2019-08-04T11:06:50Z,a488d8700d0761c51d771677bb82a9a5bbb86e97e0d5835aeff65d2b,60.16629,24.95957,00000000fb7600be,36.27
18255,2019-08-04T11:06:50Z,a50e0bb8fd1ad4ad264c3246b210a0c6285faae591c1bd2c2c3458af,60.16829,24.94214,00000000afef4555,18.79
18256,2019-08-04T11:06:50Z,a5835ce352a1e6d8fb6bdc410fae1076c756f7dac8e202465add9277,60.16762,24.95415,000000006b44cce7,18.79
18257,2019-08-04T11:06:50Z,a5d632ac8ffc19a626de034d3c9444fd262ee6edada285c816ea9266,60.16531,24.9442,00000000fdda10fe,7.05
18258,2019-08-04T11:06:50Z,a5f038c127ca4872294d7de2b08e334af618534637cc64bf42a6438d,60.17002,24.94407,000000006b087f40,25.36
18259,2019-08-04T11:06:50Z,a7cc1a0b8bbb896ef55043e385a939c97fd5cfaf6d43a4db6c720076,60.16762,24.95415,000000006b44cce7,16.1
18260,2019-08-04T11:06:50Z,a81c19fb85eebf853246cdc4d8e38245dfa5ba15c180eaa1bcc0378d,60.16829,24.94214,00000000afef4555,9.12
18261,2019-08-04T11:06:50Z,a98fc06dc605583814a2aa182295b88f81657ef2daeee7aaec792e7c,60.16762,24.95415,000000006b44cce7,7.05
18262,2019-08-04T11:06:50Z,aa4547c0b6b8be30776e08d524ceeacfbc9930ad720e11fa4cb20882,60.16531,24.9442,00000000fdda10fe,2.54
18263,2019-08-04T11:06:50Z,aa45859d6157e9e86470ec8b81957acc35bafb1b7f419d79357a38cf,60.16829,24.94214,00000000afef4555,7.05
18264,2019-08-04T11:06:50Z,aaabd3028e2bd9f8b0e3a929c8728cb364551bd70da3208662b12033,60.16762,24.95415,000000006b44cce7,8.38
18265,2019-08-04T11:06:50Z,ab1377ddf669bb806f8db586f4ce5ab9f0f4257dda61fe800d8509f5,60.17065,24.93641,000000000f4919c9,21.87
18266,2019-08-04T11:06:50Z,ab5a898dee82ed143fd90e2b4bf5efdb881355a720ed126aef3617a2,60.17002,24.94407,000000006b087f40,21.87
18267,2019-08-04T11:06:50Z,ab9310807d2eb4984b053d38f467cb5d3e4211ff71ceb059480cf9ba,60.16829,24.94214,00000000afef4555,36.27
18268,2019-08-04T11:06:50Z,ac4679e3db131ec2ea8e1111c8aa0d71020cf8796ecb11f142478394,60.14947,24.91438,000000004ef3150d,10.78
18269,2019-08-04T11:06:50Z,ac5c7e04b55d6d70659e5b8f4705309b9367c78a0edb7ce85f42c181,60.1538,24.95595,0000000038bf9618,41.64
18270,2019-08-04T11:06:50Z,add92af5006cee56f2da79112486b97d5a7c06f12252676b7638064d,60.16762,24.95415,000000006b44cce7,4.94
18271,2019-08-04T11:06:50Z,addc60a477245c1c33e3a627145e2a2971adf755bfcf8aef4c8c0f88,60.16897,24.95222,00000000aa852af1,20.28
18272,2019-08-04T11:06:50Z,adf3914eaf1478a77ba35ea49262388e4babe633207748c7608b8780,60.16762,24.95415,000000006b44cce7,11.7
18273,2019-08-04T11:06:50Z,ae3cda5066e455d4b1e58860e8fb7a35efad69b9964a676b476b0687,60.14947,24.91438,000000004ef3150d,4.11
18274,2019-08-04T11:06:50Z,b0d6202ccd1560eaf57c06931cb6466332e41068ad2963e515819015,60.17919,24.95181,000000007b5207b6,17.4
18275,2019-08-04T11:06:50Z,b2298fc6f63c02481610f9aef24f1a0c1711c255adc43c0fe135c1ca,60.14947,24.91438,000000004ef3150d,11.7
18276,2019-08-04T11:06:50Z,b26d0daac9f8fb84484cbd8ed668aeb6751e848b1c533a307d163360,60.16762,24.95415,000000006b44cce7,1.88
18277,2019-08-04T11:06:50Z,b3266ecf36a984b814e1b2d31b447438bd948a9c116721480104792f,60.16829,24.94214,00000000afef4555,16.1
18278,2019-08-04T11:06:50Z,b4c8900041e9f8751755d3940ceac58419e6370cd81cdb90d7800de1,60.14699,24.922,00000000a53ed894,20.28
18279,2019-08-04T11:06:50Z,b533a10e551fb94431643508dbcf944aeac09510b32ffc9fd502db57,60.16762,24.95415,000000006b44cce7,9.92
18280,2019-08-04T11:06:50Z,b5cdbcdc30e0bf653ce353c867708b0067db5e394c8cbe848d978a77,60.14699,24.922,00000000a53ed894,12.69
18281,2019-08-04T11:06:50Z,b5f80d159e59c4558e49ea6fb68f6bc72ee9eb92bee60991bdf4e46f,60.16762,24.95415,000000006b44cce7,7.69
18282,2019-08-04T11:06:50Z,b601cd655bb9f05aa6ec86fc9eb9300c3bc20bc0e856e94ad168a257,60.14947,24.91438,000000004ef3150d,10.78
18283,2019-08-04T11:06:50Z,b61c6a5634cffe7dead72d5f6730e8439bee6dd2286d9df8f3052e3c,60.16762,24.95415,000000006b44cce7,10.78
18284,2019-08-04T11:06:50Z,b81a9bf449d3e64ad0181804598330bbf305f384b888935023742c79,60.173,24.92524,0000000096918cfa,20.28
18285,2019-08-04T11:06:50Z,b81e65168ea3278486b1c954ab229bc2eda3fe07098e824f05cd0ac4,60.149,24.9843,00000000fffb8cf0,29.32
18286,2019-08-04T11:06:50Z,b8f5834e6b992cf5568ae3153fb4b07e97b7f6dd01250851134c1824,60.149,24.9843,00000000fffb8cf0,18.79
18287,2019-08-04T11:06:50Z,bbf7d8b9085ddcd3b94f55f93b52cb40a251c44f5df4099ba5b61471,60.16829,24.94214,00000000afef4555,7.05
18288,2019-08-04T11:06:50Z,bc07df8cc395f6f4f5d483b2233caca5f93a6918f346e4cc3702f8cc,60.16531,24.9442,00000000fdda10fe,17.4
18289,2019-08-04T11:06:50Z,c012e9e2caf1002d24e53817bb1279becdfc4aa9dba085e93ddd88e9,60.17002,24.94407,000000006b087f40,20.28
18290,2019-08-04T11:06:50Z,c0a0ca3433586ed2ae0e448f2406fabac7292ac79d49562e0bd5cef8,60.16762,24.95415,000000006b44cce7,16.1
18291,2019-08-04T11:06:50Z,c17d750015a2259a1bba7471f2e4e0a1db4df53276be8c8463fd5f84,60.16829,24.94214,00000000afef4555,9.92
18292,2019-08-04T11:06:50Z,c239e27b985c23449b6aa84b78560b1b4e535975f3ba059d7987efe4,60.16762,24.95415,000000006b44cce7,16.1
18293,2019-08-04T11:06:50Z,c27fee8ae8d689338b043608280c83cfa6f3276d3837ecea5f742dc3,60.16762,24.95415,000000006b44cce7,4.11
18294,2019-08-04T11:06:50Z,c2cc33e5b1b8d254d4bcbc0ffa13c9200676a39a191cc31a38d28d8d,60.17065,24.93641,000000000f4919c9,20.28
18295,2019-08-04T11:06:50Z,c2e135ad2c160277e290705658ac41d7cd35b11ebf61d829fdd0b428,60.14699,24.922,00000000a53ed894,16.1
18296,2019-08-04T11:06:50Z,c45e3c4e8ec0fc85457d3b4ed4c49ed0116b4cf447e2983f353abcd8,60.16829,24.94214,00000000afef4555,7.69
18297,2019-08-04T11:06:50Z,c4c3ad738ca47920bb66939f620126c87f730c644813158554916827,60.16762,24.95415,000000006b44cce7,8.38
18298,2019-08-04T11:06:50Z,c5561c3256acd3ed1ac0796b958cdf66cc9da55aa33c5e44a11042ad,60.16762,24.95415,000000006b44cce7,17.4
18299,2019-08-04T11:06:50Z,c55894159f2080031cda702c78ee54463c3c15ab1b3638afdf687f08,60.16531,24.9442,00000000fdda10fe,10.78
18300,2019-08-04T11:06:50Z,c6b0ea433c3fdc73e0bac7e3faa2690506c4e8ec7fc54210446a7ffa,60.14947,24.91438,000000004ef3150d,29.32
18301,2019-08-04T11:06:50Z,c6b6dae46c1fc2c51d2ea80721691a751c8aa0f61279d9f03b6040f3,60.14951,24.92138,0000000006dd41f6,13.75
18302,2019-08-04T11:06:50Z,c7160ae9aa31ca4dba615425303b1e527f342ede653be387ee54389c,60.149,24.9843,00000000fffb8cf0,33.81
18303,2019-08-04T11:06:50Z,c739921adb150c53f1887c6ce887adc6cd7ae7e35e69f6e4dc52fe81,60.173,24.92524,0000000096918cfa,25.36
18304,2019-08-04T11:06:50Z,c7ced11121537f55bcd7d7ab67312226dafe7c85320c5357a35d5ab7,60.17002,24.94407,000000006b087f40,20.28
18305,2019-08-04T11:06:50Z,c8f8a7a901c692af2aec8031d27f0b7efc946f113895771f87fefe1c,60.14947,24.91438,000000004ef3150d,17.4
18306,2019-08-04T11:06:50Z,c990a15d27cfc21e63b7c96b95949254f1194e8b27118386a589e2bd,60.16897,24.95222,00000000aa852af1,13.75
18307,2019-08-04T11:06:50Z,ca9ba013f86583100bfa841287733d9985b9d5e28a116525c40a4b40,60.16762,24.95415,000000006b44cce7,10.78
18308,2019-08-04T11:06:50Z,cb2f32be2e27fc44ead887ff7f76c0199bf68b2c6711e6880f4acd01,60.16762,24.95415,000000006b44cce7,13.75
18309,2019-08-04T11:06:50Z,cbdcd7a65da51c93831457440ca716ee46c278cd8597610e661946cc,60.16897,24.95222,00000000aa852af1,23.56
18310,2019-08-04T11:06:50Z,cd7d0e9404c9f4e8fab0742460b9acb4d5bbb97f44df80d4a8b973cd,60.17002,24.94407,000000006b087f40,4.94
18311,2019-08-04T11:06:50Z,cddbfc3b0a1459f0ea8d553779cf320d512cac6e64976182f2f0b3b7,60.16829,24.94214,00000000afef4555,20.28
18312,2019-08-04T11:06:50Z,d04b5065ec93818b731141027d11e6a1cf53de69b9737d7aea0c34da,60.14947,24.91438,000000004ef3150d,23.56
18313,2019-08-04T11:06:50Z,d1b77fcfad94da8564d1a85ed1797255531e5ab26cc835800878fb26,60.17065,24.93641,000000000f4919c9,10.78
18314,2019-08-04T11:06:50Z,d2035ce81fa46947bdf02a20f297b2df4144c7c0931db02ab0164fa6,60.14947,24.91438,000000004ef3150d,21.87
18315,2019-08-04T11:06:50Z,d20f68571773330f7b6490b006b2e952c9912b4ee05e20f0fc434698,60.16629,24.95957,00000000fb7600be,25.36
18316,2019-08-04T11:06:50Z,d25e926dba8aa2c77f46ada32671b08b1176455c0e3693d160b87744,60.16762,24.95415,000000006b44cce7,17.4
18317,2019-08-04T11:06:50Z,d2aa78414847f7d563d6dd86215208c2c50df75bfd2a7b601cfcc35e,60.16762,24.95415,000000006b44cce7,18.79
18318,2019-08-04T11:06:50Z,d2e3bf982b10b2079eaa464127a286409c5030b21ffe9a2ce08bbb9c,60.16762,24.95415,000000006b44cce7,9.12
18319,2019-08-04T11:06:50Z,d2fd0c6415d2d8e49fef3415fb8747b524191b4400a4fbb66428cb12,60.14699,24.922,00000000a53ed894,18.79
18320,2019-08-04T11:06:50Z,d3bad9334d128332fc483e10ef1b77c28e5a75ac55be4de71c6b2f9f,60.16829,24.94214,00000000afef4555,7.69
18321,2019-08-04T11:06:50Z,d68f1946805ba3d30f9ba25280986fbe003f3b5dce7245b633e0cb5c,60.16762,24.95415,000000006b44cce7,20.28
18322,2019-08-04T11:06:50Z,d71a315bac918f9a18fcd820731e6d9eb54fb0d01c324ca088ef8858,60.149,24.9843,00000000fffb8cf0,20.28
18323,2019-08-04T11:06:50Z,d7b6b8f9e61c0c1181850b8880f319ea2ef58d8a3adac78d63c0d11c,60.16829,24.94214,00000000afef4555,16.1
18324,2019-08-04T11:06:50Z,d82f37918d46bea29e113c6b57b901b1b960ed3337bdcce777aea476,60.17065,24.93641,000000000f4919c9,16.1
18325,2019-08-04T11:06:50Z,d83c1c2d3a3876c948e277bace6d013eafc0c4e118958e138f8b1257,60.16448,24.97323,0000000053c6c2be,27.28
18326,2019-08-04T11:06:50Z,d86f155736e4d36de5d33bdbb3b12b717b75de44852b93419af20945,60.16829,24.94214,00000000afef4555,21.87
18327,2019-08-04T11:06:50Z,da2398acaae7f39c7b80c220d4e6917bdc7655f4c71b6e36d06cb859,60.18203,24.91341,00000000342570c2,14.89
18328,2019-08-04T11:06:50Z,db4d3f81708de827ce30c4130610fd65b4d6d451ca5cf6b0c4e745d9,60.16829,24.94214,00000000afef4555,21.87
18329,2019-08-04T11:06:50Z,dba25c18a94a20a35b9a27ff605b1c40fd45b0263d884645052918e5,60.16829,24.94214,00000000afef4555,21.87
18330,2019-08-04T11:06:50Z,dc534c1cb5eb7f34b6b57bd93c8d9acb2685ba264563f6f388d09923,60.16762,24.95415,000000006b44cce7,12.69
18331,2019-08-04T11:06:50Z,dc816e92e4a2eceea03f41fc379fda0e3d57b5d0fbd9a06430432022,60.16762,24.95415,000000006b44cce7,7.05
18332,2019-08-04T11:06:50Z,dc82f9648bb5ba21e766e0923f5fa7ca2d77662ab0edbe22a3d95631,60.14699,24.922,00000000a53ed894,13.75
18333,2019-08-04T11:06:50Z,dd8e0699822b1a8a3f8a91fcb10729f6f7cd0a4736f36dc60974c36e,60.16762,24.95415,000000006b44cce7,7.69
18334,2019-08-04T11:06:50Z,ddd0e663eb31ac94858d2a4e9af5e4782781e88c92102042190e6fcf,60.14699,24.922,00000000a53ed894,11.7
18335,2019-08-04T11:06:50Z,de48adf9d49eb3bc1d61dea4047618f6c77086fc44bd2b535d56504d,60.16762,24.95415,000000006b44cce7,3.09
18336,2019-08-04T11:06:50Z,de71e27b55ef6f2f51f05838a2fcab596f1dd93a14ece5ce4548f5c7,60.14699,24.922,00000000a53ed894,7.69
18337,2019-08-04T11:06:50Z,e081e4b3252ca91bbf1cbb70faa116d60317fbf3a991a67bc99b4bfa,60.149,24.9843,00000000fffb8cf0,11.7
18338,2019-08-04T11:06:50Z,e0859a9c906151023376d86762070f38ba1b3859e671531b0edac6cd,60.16075,24.95883,00000000f1124bca,25.36
18339,2019-08-04T11:06:50Z,e092030747b57112ba6ccf5bdd565d76abb3607abf31a06d0d92660c,60.16762,24.95415,000000006b44cce7,12.69
18340,2019-08-04T11:06:50Z,e0d7e8b332ca8514428ab10acf6d3a6b777da62ff8ea3e18d9b32989,60.16762,24.95415,000000006b44cce7,11.7
18341,2019-08-04T11:06:50Z,e1da87aea335bcd04e4c876158b96ebc7ba4206bc216c3aa27a2f4af,60.17918,24.95141,00000000675d5200,13.75
18342,2019-08-04T11:06:50Z,e26862fdcdd4688d81b8fe05d1ac94c5f9b3192ddc50d4c66ad12cc1,60.16897,24.95222,00000000aa852af1,17.4
18343,2019-08-04T11:06:50Z,e29168791ccd18013b58845430388cc5aac537e7e1c618aeb78900a8,60.16897,24.95222,00000000aa852af1,16.1
18344,2019-08-04T11:06:50Z,e305610124e16ed1411a221b29ce69a076cc47982efd6c098b0599ab,60.14947,24.91438,000000004ef3150d,17.4
18345,2019-08-04T11:06:50Z,e32e078697e70d6e3cb4b156ada3a4756315227b125615d7b5c116a7,60.16762,24.95415,000000006b44cce7,9.92
18346,2019-08-04T11:06:50Z,e3e3bac265ab2713063d7435bf5c7374dfc7dfc647fb677a030a1a49,60.18203,24.91341,00000000342570c2,27.28
18347,2019-08-04T11:06:50Z,e44d7228cecbdb2474e1cc396a6c13943f09c08c19d0ffab1997d509,60.17919,24.95181,000000007b5207b6,9.12
18348,2019-08-04T11:06:50Z,e53a901aed874016e1cd1ed3e9b2891fca850986cb2fa04f5162cf52,60.16762,24.95415,000000006b44cce7,3.09
18349,2019-08-04T11:06:50Z,e557e164cd52fd817b02cad6587a294d72b0974d9b014ad69ea5e08e,60.17919,24.95181,000000007b5207b6,29.32
18350,2019-08-04T11:06:50Z,e5928057da667903de0b6c1245e1f58273dd85d63d8af0f4eaa771de,60.16762,24.95415,000000006b44cce7,5.41
18351,2019-08-04T11:06:50Z,e5b9b4813c081a31fb498e7f9adb94918c267dfa125c63790c0d9488,60.149,24.9843,00000000fffb8cf0,2.8
18352,2019-08-04T11:06:50Z,e9d59e25b58f33f70aad6832863cb59d7485ca55a1575558f92b74e7,60.16897,24.95222,00000000aa852af1,12.69
18353,2019-08-04T11:06:50Z,ea38d72fbf2215d530a70d6a97dcc603a44b18d4d7ce557a91cb80bb,60.16762,24.95415,000000006b44cce7,6.46
18354,2019-08-04T11:06:50Z,eb10ddb244dec4641f50a9b05b0e1cfdf4ac49e3dc3001cddb1e67c0,60.16762,24.95415,000000006b44cce7,9.92
18355,2019-08-04T11:06:50Z,ec485175d2b7a2c53d03bf546aee134c116d998976601b069570c6f9,60.14699,24.922,00000000a53ed894,14.89
18356,2019-08-04T11:06:50Z,ecb1735f180422ec69f041cd2782a26c9f07d27a87893b3c30aaa9b7,60.16075,24.95883,00000000f1124bca,16.1
18357,2019-08-04T11:06:50Z,ede13c9dc221bbc6c1daf78250fa6547303c06d7606c05ba0bf64547,60.17918,24.95141,00000000675d5200,44.58
18358,2019-08-04T11:06:50Z,eea43687eab35d2c386347881796eb1c8279076b9e9642ebc2cd06ac,60.16762,24.95415,000000006b44cce7,6.46
18359,2019-08-04T11:06:50Z,ef15ff71b7dc4c2088249a4fca7e28900ae315245a7a3b4d571bf582,60.16829,24.94214,00000000afef4555,9.12
18360,2019-08-04T11:06:50Z,ef33ccdfcdb12920eabb3306e0f86dc7e6060a5d3864b03e2de7e1ef,60.16897,24.95222,00000000aa852af1,17.4
18361,2019-08-04T11:06:50Z,ef45fdc095ee55730384922266d8fce61de212d3c3df2441ea10e524,60.14947,24.91438,000000004ef3150d,10.78
18362,2019-08-04T11:06:50Z,ef5e495c5f9d3dd9eb22ed5b8faf1cc9e4225d4785ebb26a87d16fff,60.14699,24.922,00000000a53ed894,5.91
18363,2019-08-04T11:06:50Z,f110acae92fec55c6caca5de864773a6b99e5b8d6e2fdf8d1bdbc759,60.16762,24.95415,000000006b44cce7,9.92
18364,2019-08-04T11:06:50Z,f11c02cbebb4049a29f10d2ee6aac8a9ca3b7b9609a39d69463461a1,60.17065,24.93641,000000000f4919c9,21.87
18365,2019-08-04T11:06:50Z,f196f5f8c08299d290b3bac1944e00bb1f2c90594db66438b0c10e6e,60.16629,24.95957,00000000fb7600be,13.75
18366,2019-08-04T11:06:50Z,f1d44b9d3710849eba7eab0b6646053378aa5f8ee3491ec2522f3c44,60.14947,24.91438,000000004ef3150d,12.69
18367,2019-08-04T11:06:50Z,f2467c8ede6444941158701b7bd9d005beec9ffdb355ce2d8c7a9bfd,60.149,24.9843,00000000fffb8cf0,25.36
18368,2019-08-04T11:06:50Z,f4b9fc6acb673aea24fe00dfbe806b81fedab0c2ea82d781f7659ce5,60.16762,24.95415,000000006b44cce7,7.69
18369,2019-08-04T11:06:50Z,f616fbd0fde8316049c3068ae4368dc9f486f8da4bf5516e9ba82578,60.16897,24.95222,00000000aa852af1,29.32
18370,2019-08-04T11:06:50Z,f62b86ef56fa9417b0128f2fff6530aed6f2a50d3f65bbbfdcbbee59,60.16762,24.95415,000000006b44cce7,12.69
18371,2019-08-04T11:06:50Z,f78ef2ddbe48b534137498eab56c0a55ec0e0b1d8868e82cb5652a0e,60.14699,24.922,00000000a53ed894,7.69
18372,2019-08-04T11:06:50Z,f855918d61069661cbf8633b228a5fb9e5cd5ea7b2946bfc5b9fc315,60.16829,24.94214,00000000afef4555,13.75
18373,2019-08-04T11:06:50Z,fa1579394f4980e1fe11248f7be4e646b601a3d8cdb9361f182d066c,60.16762,24.95415,000000006b44cce7,12.69
18374,2019-08-04T11:06:50Z,fb197be4589e2d16cfe2899ae06282639009e64a5bff759f4a8a3e43,60.16629,24.95957,00000000fb7600be,17.4
18375,2019-08-04T11:06:50Z,fbd28054e4a5478c8ca06f4d682405d1c59bef4853cad413ecb58d13,60.14699,24.922,00000000a53ed894,20.28
18376,2019-08-04T11:06:50Z,fdf5c0dab003c974e22f3746bfb7fa399e10ca82fcec35ba6dcd6065,60.18203,24.91341,00000000342570c2,9.92
18377,2019-08-04T11:06:51Z,004c3624f943830bc6a9f17173a2cd0996622cade5184ad2b9fba729,60.16897,24.95222,00000000aa852af1,8.38
18378,2019-08-04T11:06:51Z,0152988639aaaa9cc27213280c8f0c0c8ec97ae6a45aaaf743c9c25d,60.16544,24.95398,0000000038d83d41,27.28
18379,2019-08-04T11:06:51Z,03e0fc996a589ccdf1871b3c78e089c08c93ba1f2a02d740fb384aac,60.16531,24.9442,00000000fdda10fe,31.5
18380,2019-08-04T11:06:51Z,048a4191e2e9ce1733556eda54c4123345c70aeced0f8ecf7d52b916,60.14699,24.922,00000000a53ed894,16.1
18381,2019-08-04T11:06:51Z,112c36ba789fa57e2b19c9bff8bfe0b3eba19a431c3af4656c4cee5b,60.16531,24.9442,00000000fdda10fe,25.36
18382,2019-08-04T11:06:51Z,14c7e1511b70f4dd3359cbece1377aebb4d70531f5489eefe53d7c3c,60.16544,24.95398,0000000038d83d41,23.56
18383,2019-08-04T11:06:51Z,165ebbb4090d47319ae370f0d0854fdc1f6b79499f8b2e4d3c3533c0,60.16544,24.95398,0000000038d83d41,25.36
18384,2019-08-04T11:06:51Z,198d6432c579dae0d7ddda6591eb377ca6c01888de802f89ab84b98a,60.16544,24.95398,0000000038d83d41,27.28
18385,2019-08-04T11:06:51Z,25a7ff811c3c06e426c7c2cbb0433d9a2a3399b23afecbd35584ab0f,60.18203,24.91341,00000000342570c2,17.4
18386,2019-08-04T11:06:51Z,32dd92b5a658392a4ec84eaf95152ee72258b6b0fb670b97882ac902,60.16829,24.94214,00000000afef4555,14.89
18387,2019-08-04T11:06:51Z,3b5cafe90982db26cf737b2e4cd4275276f6a031bca3b2a1f73023b2,60.14699,24.922,00000000a53ed894,14.89
18388,2019-08-04T11:06:51Z,3fe5f4ccfa5c777ceafda0674d7c9da6f509f6694b4c2fa254b32e73,60.16897,24.95222,00000000aa852af1,18.79
18389,2019-08-04T11:06:51Z,434e74155ec054f1bb6122a7ec736a48a27c6f4111995c3f2bb03897,60.17065,24.93641,000000000f4919c9,23.56
18390,2019-08-04T11:06:51Z,43b676ed3aef4c2d8846694817e76117873be52e7f788e0cb366c1c4,60.16629,24.95957,00000000fb7600be,31.5
18391,2019-08-04T11:06:51Z,44d0b94469070803869f229601e877beb613c3f5aafa009addf97a1a,60.16544,24.95398,0000000038d83d41,31.5
18392,2019-08-04T11:06:51Z,4656bad9b5e6dfc3977eca308fc1db3dbf8b0204b90d09b001da242e,60.1638,24.96846,00000000d747f075,23.56
18393,2019-08-04T11:06:51Z,5d65719c4cbf045f068d084b72302f447d5fd034413d97d13be00d0e,60.18203,24.91341,00000000342570c2,20.28
18394,2019-08-04T11:06:51Z,5eed115a984d490b02b602d73787aee8dc8c4e9365b77fbff3818a76,60.16629,24.95957,00000000fb7600be,16.1
18395,2019-08-04T11:06:51Z,66dabd3229229330d23c70e9e1737429ddfe69db01f4a6a00f70fa20,60.16762,24.95415,000000006b44cce7,17.4
18396,2019-08-04T11:06:51Z,69219e9efa41ae9e732653e9eaf08e1a34cb853a9dafe76ddeea4d04,60.16897,24.95222,00000000aa852af1,27.28
18397,2019-08-04T11:06:51Z,6a70e2fbced719333e21eff04fcb9cb36bae9a04d1a3d6ddd96f2c58,60.15432,24.9211,0000000019fb59c4,5.91
18398,2019-08-04T11:06:51Z,6f06341f358e61699fe1e55e986dd0554bc8da28b91daf0c5ad99db6,60.16629,24.95957,00000000fb7600be,23.56
18399,2019-08-04T11:06:51Z,85ef35aecf2ff804be3d958b592705ec41c6df9c128c132c65bb283d,60.16897,24.95222,00000000aa852af1,21.87
18400,2019-08-04T11:06:51Z,87dfaad29a9276ddddb1fa021d3bc23ad14824c1af16f7d87e713689,60.14951,24.92138,0000000006dd41f6,10.78
18401,2019-08-04T11:06:51Z,88808fe92573e9cdf022cc15b9689b6b4b9429f60513c8897b0ba4c7,60.16897,24.95222,00000000aa852af1,18.79
18402,2019-08-04T11:06:51Z,92aae21a6e0dd2ff71fc591b64e878502bd4677b64ac413632e9f7c6,60.149,24.9843,00000000fffb8cf0,9.92
18403,2019-08-04T11:06:51Z,9843c6216661048343a0e49cf3d8aa2883cf77f452666a1c873a1052,60.16448,24.97323,0000000053c6c2be,29.32
18404,2019-08-04T11:06:51Z,b5fd6b317890e5ab2d79e2cd1abe61626d45a753c7337d0d40728898,60.16762,24.95415,000000006b44cce7,13.75
18405,2019-08-04T11:06:51Z,b936e41d8712ae967f3ebb413fc44f060bb10613f95537757886ede2,60.16762,24.95415,000000006b44cce7,8.38
18406,2019-08-04T11:06:51Z,ca6927628f5ddda20036865c9345ad93d476d62ade3b181de568eed6,60.16897,24.95222,00000000aa852af1,18.79
18407,2019-08-04T11:06:51Z,cd2c2ce2425879ac455c812073aa8025c7bac76df380e4793edab46d,60.16829,24.94214,00000000afef4555,20.28
18408,2019-08-04T11:06:51Z,cf05623e4d87ce0906c0b0b7dbf53aacc1228016cd27c341228b6e76,60.18203,24.91341,00000000342570c2,17.4
18409,2019-08-04T11:06:51Z,cfc0bedb78ded52749db3188cb188bf6a250ef5990da9c5afa9623fc,60.14951,24.92138,0000000006dd41f6,21.87
18410,2019-08-04T11:06:51Z,dbeb00942457ba3c5fb1984b57b1dedb268c0e761e80729b939f1fd8,60.16544,24.95398,0000000038d83d41,23.56
18411,2019-08-04T11:06:51Z,e224ae5ea47af2e3048f83b13a1f45dc135c0ca6be72547b01729086,60.1538,24.95595,0000000038bf9618,21.87
18412,2019-08-04T11:06:51Z,e8e366e76c97944e23c0f80b4fd3ce6e5832744922297146a49f0c7e,60.16762,24.95415,000000006b44cce7,14.89
18413,2019-08-04T11:06:51Z,e96bd269a48b822b06141c3362fcb6d5ed4d0d09a120f2e4a712d5c2,60.16897,24.95222,00000000aa852af1,23.56
18414,2019-08-04T11:06:51Z,f088630d7476dae7d4b7e2bb1f10575f2c89acb4b6e061f3d57c2b40,60.16531,24.9442,00000000fdda10fe,21.87
18415,2019-08-04T11:06:51Z,f31cfded6f566f9c032c80c52ea642407be312c5d42521ab7a8d3e2a,60.16897,24.95222,00000000aa852af1,20.28
18416,2019-08-04T11:06:51Z,fc4f3a44235f1cfc7b53f14ba2da599976a5a0a220d23b852688e485,60.17919,24.95181,000000007b5207b6,9.92
18417,2019-08-04T11:06:51Z,0236a1d5b9b9d2249407a79705eee38de360ceb0530a8959ba5bc15b,60.149,24.9843,00000000fffb8cf0,13.75
18418,2019-08-04T11:06:51Z,02a354db29cd5bc16976a9d933e03a41be350f9cc78098829a7dcfd4,60.14947,24.91438,000000004ef3150d,20.28
18419,2019-08-04T11:06:51Z,03204cdd97728dc59f21f215f75460ac8fe2fa56720a88e869c6f56d,60.16829,24.94214,00000000afef4555,11.7
18420,2019-08-04T11:06:51Z,0350f01f9f5550a8a9c5162634313d83bebde220dfea6c70899cc859,60.16762,24.95415,000000006b44cce7,17.4
18421,2019-08-04T11:06:51Z,03515f2dd8be9a829b8b55cec8dc0f87b3e51368f8f16e4c4014d547,60.16762,24.95415,000000006b44cce7,14.89
18422,2019-08-04T11:06:51Z,0623e5ba4e94b3d42b9011d0d7de2ad0b0f2684f8a3dcd6c15c4cf1a,60.16762,24.95415,000000006b44cce7,17.4
18423,2019-08-04T11:06:51Z,0656a0c0a353f164b57fbdd9e648d71fab429964d97ed07ab2c5dc30,60.18203,24.91341,00000000342570c2,14.89
18424,2019-08-04T11:06:51Z,07d9aa9fe10e58c26960ba10eb2f13607a7cea0226acaecbdcc52508,60.16762,24.95415,000000006b44cce7,8.38
18425,2019-08-04T11:06:51Z,08833115ba0f62666fee594662c171563759459bb5f65ffdfeaeaed1,60.18203,24.91341,00000000342570c2,21.87
18426,2019-08-04T11:06:51Z,08b10b51864dc039f0a07c997e66e7a263ee1cde5b0b88b2a1178c58,60.16829,24.94214,00000000afef4555,10.78
18427,2019-08-04T11:06:51Z,090b22feb90861d0c5c272812dfebe1f4f5efec2238fb9556f23e5a6,60.16762,24.95415,000000006b44cce7,9.92
18428,2019-08-04T11:06:51Z,0af61169cceddbd5c08068ba987231f31931944ac70a7335e59fce93,60.16897,24.95222,00000000aa852af1,23.56
18429,2019-08-04T11:06:51Z,0b49dcea1b7eab22f4ebd0c7666ded5b59fe092b8bdd4aa9eda6326d,60.16762,24.95415,000000006b44cce7,3.4
18430,2019-08-04T11:06:51Z,0c959027ce302054b09087cac97a83aa7e24fb9e4fa2710763f912cb,60.16829,24.94214,00000000afef4555,7.05
18431,2019-08-04T11:06:51Z,0d2490ed58c11eb4a754a30cc4bcb21c7243d322a2caf7cc360e4e8c,60.17065,24.93641,000000000f4919c9,25.36
18432,2019-08-04T11:06:51Z,0e113c5ed3abcdfb31d27c3125f6cf01e3b96e4ed7eca1aaea855f77,60.14947,24.91438,000000004ef3150d,10.78
18433,2019-08-04T11:06:51Z,0fd26c6e46f4d73b276223942e56c38bc9b8e4566239f8a77261657b,60.17002,24.94407,000000006b087f40,13.75
18434,2019-08-04T11:06:51Z,1107822441d53ff89eb9cb0d022a37202aed47bd82dca4bc175d6837,60.16762,24.95415,000000006b44cce7,9.12
18435,2019-08-04T11:06:51Z,116e59da308964e8eb82cb6e5a758aad726ec3800f0fa17bc661e8fe,60.16762,24.95415,000000006b44cce7,13.75
18436,2019-08-04T11:06:51Z,131e957246fc0b45d57e5b4089db7d6a4efaa84772af906d65b45c63,60.17002,24.94407,000000006b087f40,21.87
18437,2019-08-04T11:06:51Z,1327ce24f157334f864f913637993c80380ce5f5c911e4b0d31c5eb7,60.149,24.9843,00000000fffb8cf0,2.08
18438,2019-08-04T11:06:51Z,135b81a7a5a9dd70569656553c100af6fdc760bcf92d9b7b48261cb1,60.16897,24.95222,00000000aa852af1,10.78
18439,2019-08-04T11:06:51Z,1556d4a76070c26554efa12b4b9c53766a4cc394e8b74ee37f2fff65,60.17065,24.93641,000000000f4919c9,12.69
18440,2019-08-04T11:06:51Z,169c77f0d714e38eb1e798b14fa42ce3fefb0ec1d6f9e93a38a872f1,60.16762,24.95415,000000006b44cce7,9.92
18441,2019-08-04T11:06:51Z,182e58bd6c3c8d836225d454a878bc55d8ed5166564a22f8b635f6ff,60.14947,24.91438,000000004ef3150d,9.92
18442,2019-08-04T11:06:51Z,1921be9815a57f11f291ca085add7b4bf1d044518b03b725df7cf7d5,60.149,24.9843,00000000fffb8cf0,1.88
18443,2019-08-04T11:06:51Z,19db84758eba08a5f9bb56b0ff91d05286765c8e8dfa31bd0b2aaa1c,60.14947,24.91438,000000004ef3150d,16.1
18444,2019-08-04T11:06:51Z,1a9a0f74c353624c42c19c007e82c9c2547b7285d8353d0e375e3f05,60.14699,24.922,00000000a53ed894,25.36
18445,2019-08-04T11:06:51Z,1bff3cb3b9be59366fdf8adbbc677a4dfbf8e116bf330c3435bc63c2,60.16897,24.95222,00000000aa852af1,31.5
18446,2019-08-04T11:06:51Z,1c38009e9b89bd8b0d6744bf54ebae9a8ad2dc2868cdfc3f2e399509,60.16829,24.94214,00000000afef4555,11.7
18447,2019-08-04T11:06:51Z,1c8c3befa38b65f707dd4933a68e5e3c9e7c82592fd382779127416b,60.16897,24.95222,00000000aa852af1,18.79
18448,2019-08-04T11:06:51Z,1c9aa21b85f6dc63cc56eb960e89cdeaa6da27738f3fcc4fbee8ee17,60.16762,24.95415,000000006b44cce7,4.11
18449,2019-08-04T11:06:51Z,1e3efbe25e19c47f81e4c501d1fd56cf506c3da4b57b10fc8c953dd5,60.16762,24.95415,000000006b44cce7,12.69
18450,2019-08-04T11:06:51Z,1fa2c533bba37b249a0105001153733e67a559d40c22cab67f135f64,60.14947,24.91438,000000004ef3150d,16.1
18451,2019-08-04T11:06:51Z,227b93698b29687beea48184f42aab63a21fa362af7251be32db2e15,60.16531,24.9442,00000000fdda10fe,3.09
18452,2019-08-04T11:06:51Z,23b7c1b09dfbcbf722a4c48303dd0435cf9885a516d5eebb6538844f,60.16762,24.95415,000000006b44cce7,12.69
18453,2019-08-04T11:06:51Z,2724e42551f43106ea58a8fcc6a43953baa1294cd65e17a90012f706,60.17065,24.93641,000000000f4919c9,0.84
18454,2019-08-04T11:06:51Z,277125506ba4ea1afb2c696256b262e0708d43c30c769a1d4a382a76,60.16762,24.95415,000000006b44cce7,12.69
18455,2019-08-04T11:06:51Z,28741c2e5e348fe81dec0518a21c0930c98a25b6fcece61a262d50de,60.14699,24.922,00000000a53ed894,16.1
18456,2019-08-04T11:06:51Z,296a0ffe230305a3d37818a0369b56c99dacdd5df5a161bf238e1084,60.16762,24.95415,000000006b44cce7,1.88
18457,2019-08-04T11:06:51Z,29b5f09785ef76627c2a3f043e1182d11fbd3a465422544c7478aa1c,60.16897,24.95222,00000000aa852af1,17.4
18458,2019-08-04T11:06:51Z,29f5adc4d67413b7d368e8e94a41cf48339e3f5f0903f660170c4fe8,60.17919,24.95181,000000007b5207b6,13.75
18459,2019-08-04T11:06:51Z,2a334446463c0c30b6183affed3493e5b0fefc5fae3085991b3159ea,60.16829,24.94214,00000000afef4555,21.87
18460,2019-08-04T11:06:51Z,2c85e4140ca0ba77c3598ceac05eb2c2342409ce8111c863fc58c606,60.16829,24.94214,00000000afef4555,27.28
18461,2019-08-04T11:06:51Z,2ccaeb30423977ff22b6afc29243b861b476a5f4ffafdf200d326d78,60.17002,24.94407,000000006b087f40,29.32
18462,2019-08-04T11:06:51Z,2d0349a4148a147b05e00cd46c137dd208ba2a8ce9327b493615f1a6,60.16829,24.94214,00000000afef4555,4.94
18463,2019-08-04T11:06:51Z,2de87ef94604fb63bec05eefb71b6cdd0b9807f8551159c2a35e7259,60.17065,24.93641,000000000f4919c9,5.41
18464,2019-08-04T11:06:51Z,2e6e6f89a7d75f0742d016de203c9acc8d6f6bdeb7b56bd12f482653,60.15432,24.9211,0000000019fb59c4,4.5
18465,2019-08-04T11:06:51Z,3004b57f95861dcbc505cbe89ab781674966526a063bee7072de8aba,60.16829,24.94214,00000000afef4555,4.5
18466,2019-08-04T11:06:51Z,30bee351808d5e8082ce012b57f5bc0efc80f8394491a182e0eeee32,60.17919,24.95181,000000007b5207b6,27.28
18467,2019-08-04T11:06:51Z,32f77f5019e5fce30881c214487361e2e34b8c93277f6e546de72012,60.1638,24.96846,00000000d747f075,20.28
18468,2019-08-04T11:06:51Z,3417d8a6b53687e70f126ebeb1d26a2ff6369dc9a551c3c35c5a04f9,60.17002,24.94407,000000006b087f40,20.28
18469,2019-08-04T11:06:51Z,35f337dd3baf0bc08002ec007d609b685ac29bb2a8bcad6783532a6b,60.16829,24.94214,00000000afef4555,25.36
18470,2019-08-04T11:06:51Z,374083907dd8980893623726af5633afd59b519c885ad12ba5c674eb,60.17002,24.94407,000000006b087f40,7.69
18471,2019-08-04T11:06:51Z,38561a086c97342a24583c26b33205da50e3e973a8147fe016a4a9ff,60.16829,24.94214,00000000afef4555,16.1
18472,2019-08-04T11:06:51Z,386dea4944e0b83648b4b6faf510fd47b0e9e29a2bb9311fe8a80ee2,60.17918,24.95141,00000000675d5200,13.75
18473,2019-08-04T11:06:51Z,395134265ad60f36cbb21b92db8d3db4d07bd71836d174cbf1a09224,60.16829,24.94214,00000000afef4555,8.38
18474,2019-08-04T11:06:51Z,3991e38309311c3fd5aecdcf3290274a5742396d989a81387bf154ae,60.17002,24.94407,000000006b087f40,21.87
18475,2019-08-04T11:06:51Z,39e2f2a7b03cda9f877366363a3727edfefd16d2221e752dafc33634,60.17002,24.94407,000000006b087f40,18.79
18476,2019-08-04T11:06:51Z,3ac85712ab657e849113d439795c4e7325d1025cacdbd9a41174b031,60.17002,24.94407,000000006b087f40,16.1
18477,2019-08-04T11:06:51Z,3ac9d056b0f04f774b238a125eb996d46437f7a8c5f6ba6712e971cf,60.17918,24.95141,00000000675d5200,7.69
18478,2019-08-04T11:06:51Z,3b355c039877bd4883845f3fc6ad8dd6f41f170274042f1397585680,60.149,24.9843,00000000fffb8cf0,18.79
18479,2019-08-04T11:06:51Z,3daa2205b02453faa04e23c0bf80d6d22d657277425f07e4fc424dbc,60.16762,24.95415,000000006b44cce7,14.89
18480,2019-08-04T11:06:51Z,3e39914d2d4790389faaf8f01468ebb976647eb14147fe76f362c804,60.173,24.92524,0000000096918cfa,29.32
18481,2019-08-04T11:06:51Z,3f5d3aed90718f7fb8e8a13ac7002718cc22cbe190beb96821ba52e6,60.17065,24.93641,000000000f4919c9,29.32
18482,2019-08-04T11:06:51Z,3f67c6713a6cca446a46616c9970c7a2ddffb03f21e10c8ea9b2f380,60.16897,24.95222,00000000aa852af1,21.87
18483,2019-08-04T11:06:51Z,4185ba86554bf9f98e9fe6dc93ee005a74419e1e1e3548f4ffd410a0,60.16829,24.94214,00000000afef4555,29.32
18484,2019-08-04T11:06:51Z,439ff6b8ff9dc79d47e223164a87fc2d620f29bc7ea1bc7ea4c5cc58,60.16897,24.95222,00000000aa852af1,18.79
18485,2019-08-04T11:06:51Z,43d8c869f8bf0d7c3d876015bbc5de703fe705613be55538351ba02d,60.16897,24.95222,00000000aa852af1,11.7
18486,2019-08-04T11:06:51Z,44703b8dd01d3bd79585c9c7e12217e1ac152f86e2b0c9ed6be4bc19,60.16544,24.95398,0000000038d83d41,33.81
18487,2019-08-04T11:06:51Z,4472fa277123afabdf2402fc2a3c5bff2be437e6d56b590278de70fc,60.17065,24.93641,000000000f4919c9,25.36
18488,2019-08-04T11:06:51Z,4646c02709d442247dfddb58957eab9e033547ce02b4e7ea1ea2dab5,60.16829,24.94214,00000000afef4555,25.36
18489,2019-08-04T11:06:51Z,46b576e18e757fc4ec008b41d3c28ec5415a2c2c2f143042e5413137,60.16762,24.95415,000000006b44cce7,12.69
18490,2019-08-04T11:06:51Z,474c1d4ef0fa3c491e44755d0374e003730bcfdbda15e3af17bd0aaa,60.14699,24.922,00000000a53ed894,21.87
18491,2019-08-04T11:06:51Z,47f787c639f2eed345eb5dca409ffcd989850399a1ab781500dd6e82,60.17918,24.95141,00000000675d5200,14.89
18492,2019-08-04T11:06:51Z,4831311b6d19ecce7981d060fe0971ac961bdfa5a006de633cd38a95,60.16531,24.9442,00000000fdda10fe,31.5
18493,2019-08-04T11:06:51Z,4833b1ea4f519407574f5a838d93a39de28c756c5f53de7ee273b577,60.14947,24.91438,000000004ef3150d,9.12
18494,2019-08-04T11:06:51Z,4954540aca30f8f56f918178fbd53ee48ddef7a231d425061f6b2f6f,60.18203,24.91341,00000000342570c2,20.28
18495,2019-08-04T11:06:51Z,4a54cbed9c373a4136f8851f3f5736eb2fadd5766d316eb5ebbdd231,60.17919,24.95181,000000007b5207b6,7.69
18496,2019-08-04T11:06:51Z,4a785975dcfc7ad800fade540b73ad85ad7ce5447573543d05d72242,60.149,24.9843,00000000fffb8cf0,31.5
18497,2019-08-04T11:06:51Z,4a912b6c106b63933a8c9cc39598823bcb2c94d4b1cc8a5d55cb3972,60.16829,24.94214,00000000afef4555,1.54
18498,2019-08-04T11:06:51Z,4b5b3e8f2b484bc08b196c265f65c70151bd69f6263318eb29125db2,60.16829,24.94214,00000000afef4555,21.87
18499,2019-08-04T11:06:51Z,4cf634fc84e128c3b9bce07a4b726d136e18f0eea4229fdbb48f6db1,60.16897,24.95222,00000000aa852af1,27.28
18500,2019-08-04T11:06:51Z,4d31b0561dbfc9ef5acbd44ba92acb4ca7bad86b948634f005173ece,60.14699,24.922,00000000a53ed894,12.69
18501,2019-08-04T11:06:51Z,4f70e840d6af52421579bfccf58986134f2c0076d3cbbfbfe52ee972,60.16762,24.95415,000000006b44cce7,16.1
18502,2019-08-04T11:06:51Z,51789c3026ccfe7e846e44fcd833d006941c2789b9693c77df5a7c98,60.16762,24.95415,000000006b44cce7,12.69
18503,2019-08-04T11:06:51Z,51dc3e37f2c849cad38b2a651abb7964e1dfc0e1e0a244c3a6ca8193,60.17002,24.94407,000000006b087f40,21.87
18504,2019-08-04T11:06:51Z,52daa31a2b3c1c07f78d96ebb4de3a965da5ef0a8035afbd0f7451fb,60.16531,24.9442,00000000fdda10fe,16.1
18505,2019-08-04T11:06:51Z,54d53f276563f566e1cd61b100408412cf78b4fe9fcada830aa6e23b,60.14947,24.91438,000000004ef3150d,7.69
18506,2019-08-04T11:06:51Z,5518b2315c236d486c7a5a4fc27c44987672b2f9a0751ffdaa9cbf78,60.16829,24.94214,00000000afef4555,7.05
18507,2019-08-04T11:06:51Z,56101419005237b836e4ed14d91dfa6f9edc4c92b5fcb419943897bb,60.16762,24.95415,000000006b44cce7,7.69
18508,2019-08-04T11:06:51Z,56318cc7f3616fceec2564cbb1f6ca8b88ea861935a1ada93aafd7b0,60.16897,24.95222,00000000aa852af1,12.69
18509,2019-08-04T11:06:51Z,565a35900ed1794a9d566f6fc12f2710875a10eb7c8e6fa0ddd92626,60.14699,24.922,00000000a53ed894,4.94
18510,2019-08-04T11:06:51Z,571934189bf349efb6f596e76c21612cf9b82ed44913090169936048,60.17065,24.93641,000000000f4919c9,31.5
18511,2019-08-04T11:06:51Z,584cb0b0cdd14e608c8b57c8aecc9826f9b40027e365e2438a444ea2,60.16762,24.95415,000000006b44cce7,13.75
18512,2019-08-04T11:06:51Z,58ee8fd47328b1c696ec343920f2c0353d19a915924eb6f6f2638e56,60.16762,24.95415,000000006b44cce7,9.92
18513,2019-08-04T11:06:51Z,5a730ea19664020323272509e5443616ea3f1cecd7b295e294be4ba7,60.14947,24.91438,000000004ef3150d,10.78
18514,2019-08-04T11:06:51Z,5c404f374a48548bfe8b02859d12ae59c4ae608fae2139fd71ef51b1,60.16762,24.95415,000000006b44cce7,8.38
18515,2019-08-04T11:06:51Z,5cbfe1c090507ba3bd12a0a9a5096d024a53ad34d8b301e18d26eebe,60.16829,24.94214,00000000afef4555,25.36
18516,2019-08-04T11:06:51Z,5cf708f185bde065ce78343bc60c96179799b4e45c4833fb908bd56b,60.16897,24.95222,00000000aa852af1,38.87
18517,2019-08-04T11:06:51Z,5d9aa6fcb0d81ceaa80ca13cc08a88138be517656646e0ba0942ce46,60.16897,24.95222,00000000aa852af1,7.05
18518,2019-08-04T11:06:51Z,5f5805a3ffd092506452c4d45ea8fc037ae23ea726f0b0809ca6ffde,60.16829,24.94214,00000000afef4555,11.7
18519,2019-08-04T11:06:51Z,5f5e69a9a356b5f370cd35ed4e3570d833bbbb086724d07e332f48b9,60.16829,24.94214,00000000afef4555,33.81
18520,2019-08-04T11:06:51Z,60f982521b3cf63a23ce97156f686572b3c936ebe5a76c0d78269fd9,60.16762,24.95415,000000006b44cce7,13.75
18521,2019-08-04T11:06:51Z,62cac4a0e252305e1128942dc3ec48baaa514c6737c415f85abb3665,60.1538,24.95595,0000000038bf9618,16.1
18522,2019-08-04T11:06:51Z,62d86ee13e6ae7a5c41ffc2de746df72d4ef6e8d2b6a51ce1c68965f,60.16829,24.94214,00000000afef4555,7.05
18523,2019-08-04T11:06:51Z,63e498fd789abe431cdf86f184a50616c85717e1efc893da1e1a2222,60.16897,24.95222,00000000aa852af1,16.1
18524,2019-08-04T11:06:51Z,66755836036c771e53ffd9d0dc09b8575231b53b80af22e868691a2a,60.14699,24.922,00000000a53ed894,9.12
18525,2019-08-04T11:06:51Z,69852d528034ea6fc746ed8942c32f1c90bc33a7a7317dfac3c9b1c1,60.14699,24.922,00000000a53ed894,5.41
18526,2019-08-04T11:06:51Z,69d8c906060e226ff0f0f7e78029575f2ee07ebec657a3b641419268,60.14699,24.922,00000000a53ed894,10.78
18527,2019-08-04T11:06:51Z,6c067fedd37418c79b0bf5c752174bb0d07d27f5d300e2fb737a4dcc,60.16829,24.94214,00000000afef4555,27.28
18528,2019-08-04T11:06:51Z,6c97da4ba9462e7fe786a472989dab23340d31809dd78d5617204da4,60.16829,24.94214,00000000afef4555,9.12
18529,2019-08-04T11:06:51Z,6e492dbc3f10157e7ff00826a839a97262ab36244ccc57b702a89999,60.16531,24.9442,00000000fdda10fe,3.09
18530,2019-08-04T11:06:51Z,6eeb71c74d753822f920829149d942cf52b726b0b83c5aa3e6cb132e,60.16762,24.95415,000000006b44cce7,4.94
18531,2019-08-04T11:06:51Z,6faf62fbff92729472d61bc9a13a5e72833e55bf713863161f8ca9cb,60.15432,24.9211,0000000019fb59c4,20.28
18532,2019-08-04T11:06:51Z,70865ff0fd32dc9fc73f25e929a40535a717664003e66c14224a9d90,60.16762,24.95415,000000006b44cce7,10.78
18533,2019-08-04T11:06:51Z,70ffae2b8178e0915c5de7816f8dd8bcc3af745ee49df8ac4da4adba,60.17918,24.95141,00000000675d5200,20.28
18534,2019-08-04T11:06:51Z,714e80a1e3c0fee43e312f314b2faec47e582ee8dac47e4818dbc2f9,60.149,24.9843,00000000fffb8cf0,2.8
18535,2019-08-04T11:06:51Z,71516fc8349cfaf2b5c4ab80ade6078494d93d13e9953af15e5ced30,60.18203,24.91341,00000000342570c2,21.87
18536,2019-08-04T11:06:51Z,71c1367c7dea4dfa243172e02b9092c7a0810bef003216681759891e,60.16897,24.95222,00000000aa852af1,23.56
18537,2019-08-04T11:06:51Z,730d975773cc8c9c07ff88fb87377ff64a961a96e9237e59859fa46f,60.16762,24.95415,000000006b44cce7,4.94
18538,2019-08-04T11:06:51Z,732d1828056ea7f810de3f8d540e2c0f39e59f7b2d5b85064e349e15,60.16829,24.94214,00000000afef4555,31.5
18539,2019-08-04T11:06:51Z,73f9caa620c77e880d8973e260936b1114db9c96de6accf8398ccec0,60.17002,24.94407,000000006b087f40,18.79
18540,2019-08-04T11:06:51Z,74c2ec2adc228e5b4979284d730fd2de698242f0f06d90f870b8cde6,60.16762,24.95415,000000006b44cce7,6.46
18541,2019-08-04T11:06:51Z,7552783317be1ef797980c3a9ee9c5967d4e7b32765f23c51ffda02d,60.16897,24.95222,00000000aa852af1,14.89
18542,2019-08-04T11:06:51Z,75d452cbba63995ad06213b577081e8db650c80b3a78060789a8e831,60.16762,24.95415,000000006b44cce7,8.38
18543,2019-08-04T11:06:51Z,75dc69a66709d80dc34f816e5b2cbf53ee34b75f4ca9ae28f9ddf14c,60.16762,24.95415,000000006b44cce7,8.38
18544,2019-08-04T11:06:51Z,7804799a34d94440ab3520238b9ab58a0466b4230cd360f0f2159075,60.16762,24.95415,000000006b44cce7,17.4
18545,2019-08-04T11:06:51Z,7afc351f0ed7619c18c64ab06971196bb53d53e2d460151ab711bc0f,60.16762,24.95415,000000006b44cce7,13.75
18546,2019-08-04T11:06:51Z,7c55ecf165387948602e82b684a55be093691849fde2d96ad6574475,60.17065,24.93641,000000000f4919c9,16.1
18547,2019-08-04T11:06:51Z,7ddcdde2316659d0fa4b8597b86430e095ea0bc7f3564a9d05fc60f8,60.16897,24.95222,00000000aa852af1,13.75
18548,2019-08-04T11:06:51Z,7de4ba54f0d667a69cb0b6d625856bc6b040f51a42f91beae366a269,60.16762,24.95415,000000006b44cce7,4.94
18549,2019-08-04T11:06:51Z,7e78b2348d9576c63ebb626030ee9d43e2bf07e860782adf3f1c452b,60.16829,24.94214,00000000afef4555,7.69
18550,2019-08-04T11:06:51Z,7ea276abbe2f1bfd85b2493f7b4c801189e673c0b4dc987d2c8e30dc,60.14699,24.922,00000000a53ed894,5.91
18551,2019-08-04T11:06:51Z,7eefc5581c616491b78192b28b519ba727dc884a87bc06b8df1ea4f2,60.14699,24.922,00000000a53ed894,10.78
18552,2019-08-04T11:06:51Z,822590bd49bcf7ed4de4f8389586915c343b29c4283ff8b90d7c1d39,60.17065,24.93641,000000000f4919c9,23.56
18553,2019-08-04T11:06:51Z,82ac749474448abac333d00869cb8b508872f86293913d95eae26a05,60.15432,24.9211,0000000019fb59c4,12.69
18554,2019-08-04T11:06:51Z,82cddd3b9f58762d36efe78da4e2722ee587cfdb3fdbc58b52673082,60.16629,24.95957,00000000fb7600be,11.7
18555,2019-08-04T11:06:51Z,844b8ad6ebf530978d1139d527a681991f4d3eed6be5bc723f0b2192,60.16531,24.9442,00000000fdda10fe,1.01
18556,2019-08-04T11:06:51Z,85b440c4e1125b1e2531499de3b19b82ae4b7eabb4d89c63c97fa83b,60.16829,24.94214,00000000afef4555,16.1
18557,2019-08-04T11:06:51Z,87ea10367f1569e575dc4bc60f0f4238eafb52ba8a2cc8e5e4584232,60.16829,24.94214,00000000afef4555,18.79
18558,2019-08-04T11:06:51Z,886032718e05487be8bd75bb14464814044c7edd7f9a2198304f6fb4,60.16629,24.95957,00000000fb7600be,20.28
18559,2019-08-04T11:06:51Z,8ad180674aa6d08b03238aaf8757517ad2e107e8906f097e12f17487,60.149,24.9843,00000000fffb8cf0,18.79
18560,2019-08-04T11:06:51Z,8c4e4851db86ec4a3ce29a58be770eb29c38b9a983351bb67d781982,60.16897,24.95222,00000000aa852af1,13.75
18561,2019-08-04T11:06:51Z,8dcfa5789215b9650f4cb5f8bf0d99492d0728351e58e688491080b5,60.16629,24.95957,00000000fb7600be,27.28
18562,2019-08-04T11:06:51Z,8e32f03aa51152a06255173f7dc5aaa2c75cef6f6aa829bd51fea777,60.16762,24.95415,000000006b44cce7,14.89
18563,2019-08-04T11:06:51Z,8f3d9ab893ae4a48fd3417f3a749c21e792779990ae0ad75a8f211de,60.1538,24.95595,0000000038bf9618,31.5
18564,2019-08-04T11:06:51Z,91602a694bc74a2874ba7f02a7bae062a3a77cd869b86a74800415b8,60.17918,24.95141,00000000675d5200,18.79
18565,2019-08-04T11:06:51Z,92df20d921f76c63470e3f5afbe201d3ae15f5133f66c291db796082,60.16629,24.95957,00000000fb7600be,23.56
18566,2019-08-04T11:06:51Z,93272ad17155ea9499641eda7c5560691582116096278b82738ab21e,60.14699,24.922,00000000a53ed894,12.69
18567,2019-08-04T11:06:51Z,94ac9d6e79236013b9fa24e1c52123819228f6962b5952637ca80fcb,60.16762,24.95415,000000006b44cce7,16.1
18568,2019-08-04T11:06:51Z,951482f3e2e41b496e34885c346c4a7ab09427178119caa9b8bbcbb6,60.14947,24.91438,000000004ef3150d,27.28
18569,2019-08-04T11:06:51Z,9558753228fb3007f59382a0595018488e2e7430248f8824a5badb80,60.1638,24.96846,00000000d747f075,29.32
18570,2019-08-04T11:06:51Z,97490f522f1a0226c8f7e8ed7bca08dd71b63d80b46d38020127b868,60.14699,24.922,00000000a53ed894,9.92
18571,2019-08-04T11:06:51Z,9924ed20d6ddee438860f63a9fa1a2cefa7ccfa275d6da3a2008d84d,60.173,24.92524,0000000096918cfa,18.79
18572,2019-08-04T11:06:51Z,998ac46ad73c197bab1f36dca67d8bcaa3aca92249185a5e3715043f,60.17065,24.93641,000000000f4919c9,12.69
18573,2019-08-04T11:06:51Z,99b998b07243afd316e6fa57636b0ab6761b9c2a6f0fe050eae40c08,60.16762,24.95415,000000006b44cce7,16.1
18574,2019-08-04T11:06:51Z,9a49d0b5a67fba15ce8971503f6fea88994b33487a842397c5e8564f,60.16762,24.95415,000000006b44cce7,3.4
18575,2019-08-04T11:06:51Z,9aa588cb6f425117e45726b6b9adb7ef86c8f7c8113b547dc61f068a,60.16897,24.95222,00000000aa852af1,20.28
18576,2019-08-04T11:06:51Z,9ab0a60cb60531417ac6ec5ebc6ef591d2f39019c6b0bcb5a89101a2,60.14699,24.922,00000000a53ed894,18.79
18577,2019-08-04T11:06:51Z,9b17422199e594df512c6cda493d8fc5b5141741b2f804eb18016640,60.14699,24.922,00000000a53ed894,25.36
18578,2019-08-04T11:06:51Z,9b2a5c59007368ed7b26c0128d958f0ac43ab418eda263737da18bd6,60.17002,24.94407,000000006b087f40,38.87
18579,2019-08-04T11:06:51Z,9b4b0705e58750d2bcbd71ad65d85677f7e77db5dfe69d1a70b5d31f,60.17919,24.95181,000000007b5207b6,14.89
18580,2019-08-04T11:06:51Z,9bc91538b73e0220fcf5cd07290c07d56f6f48d3ba0ba6b6b0876da9,60.17065,24.93641,000000000f4919c9,10.78
18581,2019-08-04T11:06:51Z,9bef562c292174f1eb3933116effff74a8733a78e5c1df140de3fd6c,60.17919,24.95181,000000007b5207b6,3.4
18582,2019-08-04T11:06:51Z,9c0b1d2c4c67c07e547e810a94efeaaa1187ae82977e03748470281c,60.16897,24.95222,00000000aa852af1,29.32
18583,2019-08-04T11:06:51Z,9dd29b895097be52ee92a32fdfef4da2215e8e180dfc7277cf736b25,60.16762,24.95415,000000006b44cce7,25.36
18584,2019-08-04T11:06:51Z,9eb1e9bfdceb76ef852f89ebd82139602125f9731b791465e1c21f81,60.16829,24.94214,00000000afef4555,7.05
18585,2019-08-04T11:06:51Z,a066e2044b486819fe2185765f63ed87f8d10c502f26a01be1f1a758,60.149,24.9843,00000000fffb8cf0,27.28
18586,2019-08-04T11:06:51Z,a30740fbf4b7e21f6fe2996e9325c90936de161cb2165e87cd96fd35,60.149,24.9843,00000000fffb8cf0,10.78
18587,2019-08-04T11:06:51Z,a3664d77633807788598dd8d4a7ba8caba2c31bfdcb6ba83651d4e7e,60.173,24.92524,0000000096918cfa,27.28
18588,2019-08-04T11:06:51Z,a3c1a4a58b9381c27b1d5076e0d8d72039afccfb0e58438a80247324,60.16762,24.95415,000000006b44cce7,0.71
18589,2019-08-04T11:06:51Z,a50e0bb8fd1ad4ad264c3246b210a0c6285faae591c1bd2c2c3458af,60.16829,24.94214,00000000afef4555,10.78
18590,2019-08-04T11:06:51Z,a51a9aab75637e56bef3effddc420dfcd95b8cbd85d95917aaac38d5,60.16762,24.95415,000000006b44cce7,10.78
18591,2019-08-04T11:06:51Z,a5d632ac8ffc19a626de034d3c9444fd262ee6edada285c816ea9266,60.16531,24.9442,00000000fdda10fe,4.94
18592,2019-08-04T11:06:51Z,a5f038c127ca4872294d7de2b08e334af618534637cc64bf42a6438d,60.17002,24.94407,000000006b087f40,25.36
18593,2019-08-04T11:06:51Z,a764c2246c85b2b0aa79e581e2fe238da93de098abbb90aee24c11ca,60.16829,24.94214,00000000afef4555,13.75
18594,2019-08-04T11:06:51Z,a81c19fb85eebf853246cdc4d8e38245dfa5ba15c180eaa1bcc0378d,60.16829,24.94214,00000000afef4555,9.92
18595,2019-08-04T11:06:51Z,a886b4abe49668d4b2cbff88eaab1e4cf9e38bd0afa636cdff901d90,60.17002,24.94407,000000006b087f40,27.28
18596,2019-08-04T11:06:51Z,a98fc06dc605583814a2aa182295b88f81657ef2daeee7aaec792e7c,60.16762,24.95415,000000006b44cce7,3.74
18597,2019-08-04T11:06:51Z,aa4547c0b6b8be30776e08d524ceeacfbc9930ad720e11fa4cb20882,60.16531,24.9442,00000000fdda10fe,1.25
18598,2019-08-04T11:06:51Z,aa45859d6157e9e86470ec8b81957acc35bafb1b7f419d79357a38cf,60.16829,24.94214,00000000afef4555,11.7
18599,2019-08-04T11:06:51Z,ab5a898dee82ed143fd90e2b4bf5efdb881355a720ed126aef3617a2,60.17002,24.94407,000000006b087f40,25.36
18600,2019-08-04T11:06:51Z,ab9310807d2eb4984b053d38f467cb5d3e4211ff71ceb059480cf9ba,60.16829,24.94214,00000000afef4555,16.1
18601,2019-08-04T11:06:51Z,ac5c7e04b55d6d70659e5b8f4705309b9367c78a0edb7ce85f42c181,60.1538,24.95595,0000000038bf9618,47.69
18602,2019-08-04T11:06:51Z,ae3cda5066e455d4b1e58860e8fb7a35efad69b9964a676b476b0687,60.14947,24.91438,000000004ef3150d,3.4
18603,2019-08-04T11:06:51Z,b0d6202ccd1560eaf57c06931cb6466332e41068ad2963e515819015,60.17919,24.95181,000000007b5207b6,11.7
18604,2019-08-04T11:06:51Z,b1421f3442b5594ceec0855789169ebe9346682c58076647d251e417,60.16629,24.95957,00000000fb7600be,27.28
18605,2019-08-04T11:06:51Z,b2298fc6f63c02481610f9aef24f1a0c1711c255adc43c0fe135c1ca,60.14947,24.91438,000000004ef3150d,13.75
18606,2019-08-04T11:06:51Z,b26d0daac9f8fb84484cbd8ed668aeb6751e848b1c533a307d163360,60.16762,24.95415,000000006b44cce7,2.8
18607,2019-08-04T11:06:51Z,b3266ecf36a984b814e1b2d31b447438bd948a9c116721480104792f,60.16829,24.94214,00000000afef4555,13.75
18608,2019-08-04T11:06:51Z,b5cdbcdc30e0bf653ce353c867708b0067db5e394c8cbe848d978a77,60.14699,24.922,00000000a53ed894,8.38
18609,2019-08-04T11:06:51Z,b5f80d159e59c4558e49ea6fb68f6bc72ee9eb92bee60991bdf4e46f,60.16762,24.95415,000000006b44cce7,5.91
18610,2019-08-04T11:06:51Z,b601cd655bb9f05aa6ec86fc9eb9300c3bc20bc0e856e94ad168a257,60.14947,24.91438,000000004ef3150d,3.4
18611,2019-08-04T11:06:51Z,b81a9bf449d3e64ad0181804598330bbf305f384b888935023742c79,60.173,24.92524,0000000096918cfa,20.28
18612,2019-08-04T11:06:51Z,b81e65168ea3278486b1c954ab229bc2eda3fe07098e824f05cd0ac4,60.149,24.9843,00000000fffb8cf0,27.28
18613,2019-08-04T11:06:51Z,b8f5834e6b992cf5568ae3153fb4b07e97b7f6dd01250851134c1824,60.149,24.9843,00000000fffb8cf0,20.28
18614,2019-08-04T11:06:51Z,bbf7d8b9085ddcd3b94f55f93b52cb40a251c44f5df4099ba5b61471,60.16829,24.94214,00000000afef4555,8.38
18615,2019-08-04T11:06:51Z,bd7fa2c07b7e0eab8afb3d9825a810643c2eb71f83c09a1e26cac54c,60.16762,24.95415,000000006b44cce7,5.41
18616,2019-08-04T11:06:51Z,c012e9e2caf1002d24e53817bb1279becdfc4aa9dba085e93ddd88e9,60.17002,24.94407,000000006b087f40,18.79
18617,2019-08-04T11:06:51Z,c17d750015a2259a1bba7471f2e4e0a1db4df53276be8c8463fd5f84,60.16829,24.94214,00000000afef4555,18.79
18618,2019-08-04T11:06:51Z,c1ca9629c5ebd58052fb4c627ab87542db3ca242430d22b727f46bce,60.16762,24.95415,000000006b44cce7,12.69
18619,2019-08-04T11:06:51Z,c239e27b985c23449b6aa84b78560b1b4e535975f3ba059d7987efe4,60.16762,24.95415,000000006b44cce7,11.7
18620,2019-08-04T11:06:51Z,c27fee8ae8d689338b043608280c83cfa6f3276d3837ecea5f742dc3,60.16762,24.95415,000000006b44cce7,3.74
18621,2019-08-04T11:06:51Z,c2cc33e5b1b8d254d4bcbc0ffa13c9200676a39a191cc31a38d28d8d,60.17065,24.93641,000000000f4919c9,12.69
18622,2019-08-04T11:06:51Z,c2d88bc74172eb47d26ee5d739980baa7fc011b9973f9f18b482aa81,60.17065,24.93641,000000000f4919c9,20.28
18623,2019-08-04T11:06:51Z,c2e135ad2c160277e290705658ac41d7cd35b11ebf61d829fdd0b428,60.14699,24.922,00000000a53ed894,4.94
18624,2019-08-04T11:06:51Z,c45e3c4e8ec0fc85457d3b4ed4c49ed0116b4cf447e2983f353abcd8,60.16829,24.94214,00000000afef4555,9.12
18625,2019-08-04T11:06:51Z,c55894159f2080031cda702c78ee54463c3c15ab1b3638afdf687f08,60.16531,24.9442,00000000fdda10fe,9.12
18626,2019-08-04T11:06:51Z,c5ffe1809d0314e1f74db7cbb63e9a1b59f6fdda752b423ea74be3b0,60.16897,24.95222,00000000aa852af1,18.79
18627,2019-08-04T11:06:51Z,c7160ae9aa31ca4dba615425303b1e527f342ede653be387ee54389c,60.149,24.9843,00000000fffb8cf0,21.87
18628,2019-08-04T11:06:51Z,c739921adb150c53f1887c6ce887adc6cd7ae7e35e69f6e4dc52fe81,60.173,24.92524,0000000096918cfa,29.32
18629,2019-08-04T11:06:51Z,c7ced11121537f55bcd7d7ab67312226dafe7c85320c5357a35d5ab7,60.17002,24.94407,000000006b087f40,25.36
18630,2019-08-04T11:06:51Z,c8348938d0ebafd342c966ca86c2bbd8e8e661471ae04ba49b5516d8,60.16762,24.95415,000000006b44cce7,12.69
18631,2019-08-04T11:06:51Z,c8f8a7a901c692af2aec8031d27f0b7efc946f113895771f87fefe1c,60.14947,24.91438,000000004ef3150d,23.56
18632,2019-08-04T11:06:51Z,c990a15d27cfc21e63b7c96b95949254f1194e8b27118386a589e2bd,60.16897,24.95222,00000000aa852af1,21.87
18633,2019-08-04T11:06:51Z,ca9ba013f86583100bfa841287733d9985b9d5e28a116525c40a4b40,60.16762,24.95415,000000006b44cce7,9.12
18634,2019-08-04T11:06:51Z,cb243ad415551ce2ce45b04c75d242d5baab034bf0a7889870175500,60.16762,24.95415,000000006b44cce7,16.1
18635,2019-08-04T11:06:51Z,cb2f32be2e27fc44ead887ff7f76c0199bf68b2c6711e6880f4acd01,60.16762,24.95415,000000006b44cce7,5.91
18636,2019-08-04T11:06:51Z,cbdcd7a65da51c93831457440ca716ee46c278cd8597610e661946cc,60.16897,24.95222,00000000aa852af1,23.56
18637,2019-08-04T11:06:51Z,cd7d0e9404c9f4e8fab0742460b9acb4d5bbb97f44df80d4a8b973cd,60.17002,24.94407,000000006b087f40,4.94
18638,2019-08-04T11:06:51Z,cddbfc3b0a1459f0ea8d553779cf320d512cac6e64976182f2f0b3b7,60.16829,24.94214,00000000afef4555,21.87
18639,2019-08-04T11:06:51Z,d04b5065ec93818b731141027d11e6a1cf53de69b9737d7aea0c34da,60.14947,24.91438,000000004ef3150d,27.28
18640,2019-08-04T11:06:51Z,d1b77fcfad94da8564d1a85ed1797255531e5ab26cc835800878fb26,60.17065,24.93641,000000000f4919c9,21.87
18641,2019-08-04T11:06:51Z,d2035ce81fa46947bdf02a20f297b2df4144c7c0931db02ab0164fa6,60.14947,24.91438,000000004ef3150d,27.28
18642,2019-08-04T11:06:51Z,d2aa78414847f7d563d6dd86215208c2c50df75bfd2a7b601cfcc35e,60.16762,24.95415,000000006b44cce7,18.79
18643,2019-08-04T11:06:51Z,d2b816bfc9982b3f48d8baa389dc18ef7a57d3dcba72567b2865e2e2,60.16762,24.95415,000000006b44cce7,10.78
18644,2019-08-04T11:06:51Z,d2e3bf982b10b2079eaa464127a286409c5030b21ffe9a2ce08bbb9c,60.16762,24.95415,000000006b44cce7,12.69
18645,2019-08-04T11:06:51Z,d3bad9334d128332fc483e10ef1b77c28e5a75ac55be4de71c6b2f9f,60.16829,24.94214,00000000afef4555,10.78
18646,2019-08-04T11:06:51Z,d68f1946805ba3d30f9ba25280986fbe003f3b5dce7245b633e0cb5c,60.16762,24.95415,000000006b44cce7,14.89
18647,2019-08-04T11:06:51Z,d6a8c97f1ec18c7a90d3beae358bad67f8d53626258a852e15b08c5d,60.14699,24.922,00000000a53ed894,12.69
18648,2019-08-04T11:06:51Z,d71a315bac918f9a18fcd820731e6d9eb54fb0d01c324ca088ef8858,60.149,24.9843,00000000fffb8cf0,25.36
18649,2019-08-04T11:06:51Z,d7b6b8f9e61c0c1181850b8880f319ea2ef58d8a3adac78d63c0d11c,60.16829,24.94214,00000000afef4555,13.75
18650,2019-08-04T11:06:51Z,d815f84ae48488758c6a413083db69302bd4661761296368c86e7721,60.16629,24.95957,00000000fb7600be,18.79
18651,2019-08-04T11:06:51Z,d82f37918d46bea29e113c6b57b901b1b960ed3337bdcce777aea476,60.17065,24.93641,000000000f4919c9,9.12
18652,2019-08-04T11:06:51Z,d83c1c2d3a3876c948e277bace6d013eafc0c4e118958e138f8b1257,60.16448,24.97323,0000000053c6c2be,29.32
18653,2019-08-04T11:06:51Z,d86f155736e4d36de5d33bdbb3b12b717b75de44852b93419af20945,60.16829,24.94214,00000000afef4555,11.7
18654,2019-08-04T11:06:51Z,da2398acaae7f39c7b80c220d4e6917bdc7655f4c71b6e36d06cb859,60.18203,24.91341,00000000342570c2,25.36
18655,2019-08-04T11:06:51Z,db45583e1f7aaaf54e100214986dfc86aa755383e86d361639a5b19b,60.16762,24.95415,000000006b44cce7,5.41
18656,2019-08-04T11:06:51Z,dc816e92e4a2eceea03f41fc379fda0e3d57b5d0fbd9a06430432022,60.16762,24.95415,000000006b44cce7,4.94
18657,2019-08-04T11:06:51Z,dc82f9648bb5ba21e766e0923f5fa7ca2d77662ab0edbe22a3d95631,60.14699,24.922,00000000a53ed894,5.91
18658,2019-08-04T11:06:51Z,dcb8f3c3c5136c4abc8757fcb34fedc553ea044b0928f945d89334d5,60.16762,24.95415,000000006b44cce7,12.69
18659,2019-08-04T11:06:51Z,dd8e0699822b1a8a3f8a91fcb10729f6f7cd0a4736f36dc60974c36e,60.16762,24.95415,000000006b44cce7,6.46
18660,2019-08-04T11:06:51Z,ddd0e663eb31ac94858d2a4e9af5e4782781e88c92102042190e6fcf,60.14699,24.922,00000000a53ed894,17.4
18661,2019-08-04T11:06:51Z,de48adf9d49eb3bc1d61dea4047618f6c77086fc44bd2b535d56504d,60.16762,24.95415,000000006b44cce7,3.09
18662,2019-08-04T11:06:51Z,de71e27b55ef6f2f51f05838a2fcab596f1dd93a14ece5ce4548f5c7,60.14699,24.922,00000000a53ed894,9.12
18663,2019-08-04T11:06:51Z,e081e4b3252ca91bbf1cbb70faa116d60317fbf3a991a67bc99b4bfa,60.149,24.9843,00000000fffb8cf0,25.36
18664,2019-08-04T11:06:51Z,e0859a9c906151023376d86762070f38ba1b3859e671531b0edac6cd,60.16075,24.95883,00000000f1124bca,16.1
18665,2019-08-04T11:06:51Z,e092030747b57112ba6ccf5bdd565d76abb3607abf31a06d0d92660c,60.16762,24.95415,000000006b44cce7,13.75
18666,2019-08-04T11:06:51Z,e0d7e8b332ca8514428ab10acf6d3a6b777da62ff8ea3e18d9b32989,60.16762,24.95415,000000006b44cce7,9.92
18667,2019-08-04T11:06:51Z,e1da87aea335bcd04e4c876158b96ebc7ba4206bc216c3aa27a2f4af,60.17918,24.95141,00000000675d5200,23.56
18668,2019-08-04T11:06:51Z,e26862fdcdd4688d81b8fe05d1ac94c5f9b3192ddc50d4c66ad12cc1,60.16897,24.95222,00000000aa852af1,18.79
18669,2019-08-04T11:06:51Z,e29168791ccd18013b58845430388cc5aac537e7e1c618aeb78900a8,60.16897,24.95222,00000000aa852af1,9.92
18670,2019-08-04T11:06:51Z,e305610124e16ed1411a221b29ce69a076cc47982efd6c098b0599ab,60.14947,24.91438,000000004ef3150d,14.89
18671,2019-08-04T11:06:51Z,e44d7228cecbdb2474e1cc396a6c13943f09c08c19d0ffab1997d509,60.17919,24.95181,000000007b5207b6,9.12
18672,2019-08-04T11:06:51Z,e53a901aed874016e1cd1ed3e9b2891fca850986cb2fa04f5162cf52,60.16762,24.95415,000000006b44cce7,4.5
18673,2019-08-04T11:06:51Z,e557e164cd52fd817b02cad6587a294d72b0974d9b014ad69ea5e08e,60.17919,24.95181,000000007b5207b6,23.56
18674,2019-08-04T11:06:51Z,e5928057da667903de0b6c1245e1f58273dd85d63d8af0f4eaa771de,60.16762,24.95415,000000006b44cce7,3.74
18675,2019-08-04T11:06:51Z,e5b9b4813c081a31fb498e7f9adb94918c267dfa125c63790c0d9488,60.149,24.9843,00000000fffb8cf0,3.74
18676,2019-08-04T11:06:51Z,e6bb788b0bdbd23586b1c54350270d01feae2d95f57dda5b60a3b4a7,60.17002,24.94407,000000006b087f40,29.32
18677,2019-08-04T11:06:51Z,e9d59e25b58f33f70aad6832863cb59d7485ca55a1575558f92b74e7,60.16897,24.95222,00000000aa852af1,12.69
18678,2019-08-04T11:06:51Z,eb261026c6f65b651ddf21bed629a1e164cfb500d0b78062704ec15c,60.16762,24.95415,000000006b44cce7,6.46
18679,2019-08-04T11:06:51Z,ec485175d2b7a2c53d03bf546aee134c116d998976601b069570c6f9,60.14699,24.922,00000000a53ed894,18.79
18680,2019-08-04T11:06:51Z,ecb1735f180422ec69f041cd2782a26c9f07d27a87893b3c30aaa9b7,60.16075,24.95883,00000000f1124bca,12.69
18681,2019-08-04T11:06:51Z,ecb5655da668bb183a5c270a96927649c323975e318184d248247099,60.16829,24.94214,00000000afef4555,20.28
18682,2019-08-04T11:06:51Z,eea43687eab35d2c386347881796eb1c8279076b9e9642ebc2cd06ac,60.16762,24.95415,000000006b44cce7,5.41
18683,2019-08-04T11:06:51Z,ef15ff71b7dc4c2088249a4fca7e28900ae315245a7a3b4d571bf582,60.16829,24.94214,00000000afef4555,10.78
18684,2019-08-04T11:06:51Z,ef33ccdfcdb12920eabb3306e0f86dc7e6060a5d3864b03e2de7e1ef,60.16897,24.95222,00000000aa852af1,11.7
18685,2019-08-04T11:06:51Z,ef45fdc095ee55730384922266d8fce61de212d3c3df2441ea10e524,60.14947,24.91438,000000004ef3150d,9.92
18686,2019-08-04T11:06:51Z,ef5e495c5f9d3dd9eb22ed5b8faf1cc9e4225d4785ebb26a87d16fff,60.14699,24.922,00000000a53ed894,9.12
18687,2019-08-04T11:06:51Z,f014103201b8ae8f495f8e1e04da3c934079461391d4801ee6c2faaf,60.16762,24.95415,000000006b44cce7,13.75
18688,2019-08-04T11:06:51Z,f110acae92fec55c6caca5de864773a6b99e5b8d6e2fdf8d1bdbc759,60.16762,24.95415,000000006b44cce7,9.92
18689,2019-08-04T11:06:51Z,f11c02cbebb4049a29f10d2ee6aac8a9ca3b7b9609a39d69463461a1,60.17065,24.93641,000000000f4919c9,25.36
18690,2019-08-04T11:06:51Z,f196f5f8c08299d290b3bac1944e00bb1f2c90594db66438b0c10e6e,60.16629,24.95957,00000000fb7600be,14.89
18691,2019-08-04T11:06:51Z,f1d44b9d3710849eba7eab0b6646053378aa5f8ee3491ec2522f3c44,60.14947,24.91438,000000004ef3150d,14.89
18692,2019-08-04T11:06:51Z,f2467c8ede6444941158701b7bd9d005beec9ffdb355ce2d8c7a9bfd,60.149,24.9843,00000000fffb8cf0,21.87
18693,2019-08-04T11:06:51Z,f5ffa3dbcdd5592ac31344cb04a7a6d639109a4d6e196fa0df3990dd,60.17065,24.93641,000000000f4919c9,21.87
18694,2019-08-04T11:06:51Z,f616fbd0fde8316049c3068ae4368dc9f486f8da4bf5516e9ba82578,60.16897,24.95222,00000000aa852af1,13.75
18695,2019-08-04T11:06:51Z,f62b86ef56fa9417b0128f2fff6530aed6f2a50d3f65bbbfdcbbee59,60.16762,24.95415,000000006b44cce7,13.75
18696,2019-08-04T11:06:51Z,f78ef2ddbe48b534137498eab56c0a55ec0e0b1d8868e82cb5652a0e,60.14699,24.922,00000000a53ed894,14.89
18697,2019-08-04T11:06:51Z,f7be7d003528c0c0827040a3a3723e49406a5a7c86cb4bc568a830db,60.17002,24.94407,000000006b087f40,27.28
18698,2019-08-04T11:06:51Z,f855918d61069661cbf8633b228a5fb9e5cd5ea7b2946bfc5b9fc315,60.16829,24.94214,00000000afef4555,21.87
18699,2019-08-04T11:06:51Z,f9f42c3132515705c0013fb8e137897c93844d24acc22cb4ac9384a0,60.149,24.9843,00000000fffb8cf0,13.75
18700,2019-08-04T11:06:51Z,fb197be4589e2d16cfe2899ae06282639009e64a5bff759f4a8a3e43,60.16629,24.95957,00000000fb7600be,9.12
18701,2019-08-04T11:06:51Z,fb37b263777ffcf7fe1fb6484821cae2b8beb03b5f5009109748dedb,60.16762,24.95415,000000006b44cce7,11.7
18702,2019-08-04T11:06:51Z,fbd28054e4a5478c8ca06f4d682405d1c59bef4853cad413ecb58d13,60.14699,24.922,00000000a53ed894,23.56
18703,2019-08-04T11:06:51Z,fda481107ccd1ee84269967e42cbd312252a4216e9c7af4822669a69,60.16829,24.94214,00000000afef4555,27.28
18704,2019-08-04T11:06:51Z,fdf5c0dab003c974e22f3746bfb7fa399e10ca82fcec35ba6dcd6065,60.18203,24.91341,00000000342570c2,11.7
18705,2019-08-04T11:06:52Z,004c3624f943830bc6a9f17173a2cd0996622cade5184ad2b9fba729,60.16897,24.95222,00000000aa852af1,5.41
18706,2019-08-04T11:06:52Z,0152988639aaaa9cc27213280c8f0c0c8ec97ae6a45aaaf743c9c25d,60.16544,24.95398,0000000038d83d41,27.28
18707,2019-08-04T11:06:52Z,03e0fc996a589ccdf1871b3c78e089c08c93ba1f2a02d740fb384aac,60.16531,24.9442,00000000fdda10fe,31.5
18708,2019-08-04T11:06:52Z,09ddbf38333e76a79fd836112bd8c3f8bf7f3dadfb3d49945ad4c486,60.16897,24.95222,00000000aa852af1,6.46
18709,2019-08-04T11:06:52Z,14c7e1511b70f4dd3359cbece1377aebb4d70531f5489eefe53d7c3c,60.16544,24.95398,0000000038d83d41,27.28
18710,2019-08-04T11:06:52Z,165ebbb4090d47319ae370f0d0854fdc1f6b79499f8b2e4d3c3533c0,60.16544,24.95398,0000000038d83d41,23.56
18711,2019-08-04T11:06:52Z,25a7ff811c3c06e426c7c2cbb0433d9a2a3399b23afecbd35584ab0f,60.18203,24.91341,00000000342570c2,21.87
18712,2019-08-04T11:06:52Z,2e4af02bc2421faac1f506a147ddb9b76076386be53415223aca4bde,60.16762,24.95415,000000006b44cce7,6.46
18713,2019-08-04T11:06:52Z,43b676ed3aef4c2d8846694817e76117873be52e7f788e0cb366c1c4,60.16629,24.95957,00000000fb7600be,29.32
18714,2019-08-04T11:06:52Z,4656bad9b5e6dfc3977eca308fc1db3dbf8b0204b90d09b001da242e,60.1638,24.96846,00000000d747f075,27.28
18715,2019-08-04T11:06:52Z,4774d3de2115f3cfeff91dc17ed763964fe86825629003f82ee45b2b,60.16762,24.95415,000000006b44cce7,11.7
18716,2019-08-04T11:06:52Z,5d65719c4cbf045f068d084b72302f447d5fd034413d97d13be00d0e,60.18203,24.91341,00000000342570c2,21.87
18717,2019-08-04T11:06:52Z,5eed115a984d490b02b602d73787aee8dc8c4e9365b77fbff3818a76,60.16629,24.95957,00000000fb7600be,18.79
18718,2019-08-04T11:06:52Z,69219e9efa41ae9e732653e9eaf08e1a34cb853a9dafe76ddeea4d04,60.16897,24.95222,00000000aa852af1,17.4
18719,2019-08-04T11:06:52Z,6a70e2fbced719333e21eff04fcb9cb36bae9a04d1a3d6ddd96f2c58,60.15432,24.9211,0000000019fb59c4,5.41
18720,2019-08-04T11:06:52Z,6f06341f358e61699fe1e55e986dd0554bc8da28b91daf0c5ad99db6,60.16629,24.95957,00000000fb7600be,23.56
18721,2019-08-04T11:06:52Z,87dfaad29a9276ddddb1fa021d3bc23ad14824c1af16f7d87e713689,60.14951,24.92138,0000000006dd41f6,9.12
18722,2019-08-04T11:06:52Z,88808fe92573e9cdf022cc15b9689b6b4b9429f60513c8897b0ba4c7,60.16897,24.95222,00000000aa852af1,20.28
18723,2019-08-04T11:06:52Z,92a4351b20078e469332532ec495e838559c62590b166cce41762939,60.16897,24.95222,00000000aa852af1,23.56
18724,2019-08-04T11:06:52Z,9843c6216661048343a0e49cf3d8aa2883cf77f452666a1c873a1052,60.16448,24.97323,0000000053c6c2be,12.69
18725,2019-08-04T11:06:52Z,9992834418850939882f3b334eee492eb98d4f9d6d6118f9ee108793,60.16762,24.95415,000000006b44cce7,5.91
18726,2019-08-04T11:06:52Z,9fc0711d7e7722eff7faa0cb6f17846680c06515c1eb93dd49ebcf25,60.14699,24.922,00000000a53ed894,17.4
18727,2019-08-04T11:06:52Z,a13e5d46f0a2d1c6b58878e1b198905e9b14e3a85b5e4adab88b4b87,60.16762,24.95415,000000006b44cce7,13.75
18728,2019-08-04T11:06:52Z,b5fd6b317890e5ab2d79e2cd1abe61626d45a753c7337d0d40728898,60.16762,24.95415,000000006b44cce7,9.92
18729,2019-08-04T11:06:52Z,b936e41d8712ae967f3ebb413fc44f060bb10613f95537757886ede2,60.16762,24.95415,000000006b44cce7,9.12
18730,2019-08-04T11:06:52Z,bfcaefe93f7fcb6aad6e62e3da473a7b5b03a62db532dad02a7d3559,60.16762,24.95415,000000006b44cce7,13.75
18731,2019-08-04T11:06:52Z,c40c37def6bf11a63a2556519a7c6233fd417cdeea2cf14f28e7c42c,60.16531,24.9442,00000000fdda10fe,23.56
18732,2019-08-04T11:06:52Z,c97eb4181394121907d47b908495f54e5ee5145ff790f7a1dc21b3cf,60.16897,24.95222,00000000aa852af1,16.1
18733,2019-08-04T11:06:52Z,ca6927628f5ddda20036865c9345ad93d476d62ade3b181de568eed6,60.16897,24.95222,00000000aa852af1,23.56
18734,2019-08-04T11:06:52Z,cd2c2ce2425879ac455c812073aa8025c7bac76df380e4793edab46d,60.16829,24.94214,00000000afef4555,16.1
18735,2019-08-04T11:06:52Z,ce197d5eedb5498917afe7ca3f7275ffeb191f0c5d050bffa154c1d2,60.16531,24.9442,00000000fdda10fe,27.28
18736,2019-08-04T11:06:52Z,cf05623e4d87ce0906c0b0b7dbf53aacc1228016cd27c341228b6e76,60.18203,24.91341,00000000342570c2,18.79
18737,2019-08-04T11:06:52Z,cfc0bedb78ded52749db3188cb188bf6a250ef5990da9c5afa9623fc,60.14951,24.92138,0000000006dd41f6,25.36
18738,2019-08-04T11:06:52Z,dbeb00942457ba3c5fb1984b57b1dedb268c0e761e80729b939f1fd8,60.16544,24.95398,0000000038d83d41,27.28
18739,2019-08-04T11:06:52Z,e224ae5ea47af2e3048f83b13a1f45dc135c0ca6be72547b01729086,60.1538,24.95595,0000000038bf9618,18.79
18740,2019-08-04T11:06:52Z,e6af35ebe4c87f166821f11fad668537305c0f52d192e9c4d308eaa9,60.16075,24.95883,00000000f1124bca,31.5
18741,2019-08-04T11:06:52Z,e96bd269a48b822b06141c3362fcb6d5ed4d0d09a120f2e4a712d5c2,60.16897,24.95222,00000000aa852af1,21.87
18742,2019-08-04T11:06:52Z,ed70dda6b7faebd4340dacdb452ab224d9d3c308df417b7fa76f54e8,60.14951,24.92138,0000000006dd41f6,23.56
18743,2019-08-04T11:06:52Z,f30a5193aa7850aac581b8dd71512a8712c96f36fdef78d8292d4788,60.16762,24.95415,000000006b44cce7,3.4
18744,2019-08-04T11:06:52Z,f31cfded6f566f9c032c80c52ea642407be312c5d42521ab7a8d3e2a,60.16897,24.95222,00000000aa852af1,25.36
18745,2019-08-04T11:06:52Z,fc4f3a44235f1cfc7b53f14ba2da599976a5a0a220d23b852688e485,60.17919,24.95181,000000007b5207b6,10.78
18746,2019-08-04T11:06:52Z,0043f38f4fb6545d7c033c9a8f8c18106aa0c2c841f28a15dd722e9d,60.14699,24.922,00000000a53ed894,14.89
18747,2019-08-04T11:06:52Z,02a354db29cd5bc16976a9d933e03a41be350f9cc78098829a7dcfd4,60.14947,24.91438,000000004ef3150d,21.87
18748,2019-08-04T11:06:52Z,03204cdd97728dc59f21f215f75460ac8fe2fa56720a88e869c6f56d,60.16829,24.94214,00000000afef4555,13.75
18749,2019-08-04T11:06:52Z,0350f01f9f5550a8a9c5162634313d83bebde220dfea6c70899cc859,60.16762,24.95415,000000006b44cce7,16.1
18750,2019-08-04T11:06:52Z,03515f2dd8be9a829b8b55cec8dc0f87b3e51368f8f16e4c4014d547,60.16762,24.95415,000000006b44cce7,13.75
18751,2019-08-04T11:06:52Z,0623e5ba4e94b3d42b9011d0d7de2ad0b0f2684f8a3dcd6c15c4cf1a,60.16762,24.95415,000000006b44cce7,17.4
18752,2019-08-04T11:06:52Z,0625280cf414aa015aa8b4d504d6fc74879a1144b913e254fec5db9d,60.16762,24.95415,000000006b44cce7,7.05
18753,2019-08-04T11:06:52Z,0656a0c0a353f164b57fbdd9e648d71fab429964d97ed07ab2c5dc30,60.18203,24.91341,00000000342570c2,21.87
18754,2019-08-04T11:06:52Z,07505f028a552fd4183a9d7a436db18ae89a2dfeff0cdea93dcbe920,60.16762,24.95415,000000006b44cce7,10.78
18755,2019-08-04T11:06:52Z,07d9aa9fe10e58c26960ba10eb2f13607a7cea0226acaecbdcc52508,60.16762,24.95415,000000006b44cce7,9.92
18756,2019-08-04T11:06:52Z,08833115ba0f62666fee594662c171563759459bb5f65ffdfeaeaed1,60.18203,24.91341,00000000342570c2,20.28
18757,2019-08-04T11:06:52Z,08b10b51864dc039f0a07c997e66e7a263ee1cde5b0b88b2a1178c58,60.16829,24.94214,00000000afef4555,9.92
18758,2019-08-04T11:06:52Z,096c3b0de1dab1407cd4d3330546404c0d62ce025924420496380f89,60.16762,24.95415,000000006b44cce7,21.87
18759,2019-08-04T11:06:52Z,0a949aafc0be15c68d73a5dd186d726aa6b921f44303a712ac6ddcb8,60.16762,24.95415,000000006b44cce7,5.91
18760,2019-08-04T11:06:52Z,0ac16900b358cad98786869efa2fa39aa96eacf36f9249051cce0e88,60.16448,24.97323,0000000053c6c2be,21.87
18761,2019-08-04T11:06:52Z,0af61169cceddbd5c08068ba987231f31931944ac70a7335e59fce93,60.16897,24.95222,00000000aa852af1,21.87
18762,2019-08-04T11:06:52Z,0b49dcea1b7eab22f4ebd0c7666ded5b59fe092b8bdd4aa9eda6326d,60.16762,24.95415,000000006b44cce7,2.8
18763,2019-08-04T11:06:52Z,0c959027ce302054b09087cac97a83aa7e24fb9e4fa2710763f912cb,60.16829,24.94214,00000000afef4555,4.94
18764,2019-08-04T11:06:52Z,0d2490ed58c11eb4a754a30cc4bcb21c7243d322a2caf7cc360e4e8c,60.17065,24.93641,000000000f4919c9,11.7
18765,2019-08-04T11:06:52Z,0e113c5ed3abcdfb31d27c3125f6cf01e3b96e4ed7eca1aaea855f77,60.14947,24.91438,000000004ef3150d,14.89
18766,2019-08-04T11:06:52Z,0fd26c6e46f4d73b276223942e56c38bc9b8e4566239f8a77261657b,60.17002,24.94407,000000006b087f40,20.28
18767,2019-08-04T11:06:52Z,10ca87ada637a6524de98a11c8d3d3d3cfa8f7f5ea839b29c2b132a0,60.16762,24.95415,000000006b44cce7,8.38
18768,2019-08-04T11:06:52Z,1107822441d53ff89eb9cb0d022a37202aed47bd82dca4bc175d6837,60.16762,24.95415,000000006b44cce7,6.46
18769,2019-08-04T11:06:52Z,116e59da308964e8eb82cb6e5a758aad726ec3800f0fa17bc661e8fe,60.16762,24.95415,000000006b44cce7,10.78
18770,2019-08-04T11:06:52Z,117b6ba38be2f875c85c9c048106db4d2dbce58629a807d7d7773b6c,60.16762,24.95415,000000006b44cce7,10.78
18771,2019-08-04T11:06:52Z,1327ce24f157334f864f913637993c80380ce5f5c911e4b0d31c5eb7,60.149,24.9843,00000000fffb8cf0,3.4
18772,2019-08-04T11:06:52Z,13b0a8ca1414d7b2b0e8d5f80069a5d26c6f62a68b58eda25a4b85f4,60.16829,24.94214,00000000afef4555,5.41
18773,2019-08-04T11:06:52Z,1556d4a76070c26554efa12b4b9c53766a4cc394e8b74ee37f2fff65,60.17065,24.93641,000000000f4919c9,4.11
18774,2019-08-04T11:06:52Z,17b39c4376c28dc9e1c1221de9d5037abfea5d59d30cdd48208fc3a8,60.16762,24.95415,000000006b44cce7,10.78
18775,2019-08-04T11:06:52Z,182e58bd6c3c8d836225d454a878bc55d8ed5166564a22f8b635f6ff,60.14947,24.91438,000000004ef3150d,14.89
18776,2019-08-04T11:06:52Z,1921be9815a57f11f291ca085add7b4bf1d044518b03b725df7cf7d5,60.149,24.9843,00000000fffb8cf0,4.5
18777,2019-08-04T11:06:52Z,19db84758eba08a5f9bb56b0ff91d05286765c8e8dfa31bd0b2aaa1c,60.14947,24.91438,000000004ef3150d,4.11
18778,2019-08-04T11:06:52Z,1a06b5f7f305badd45e93db9d86d76ed3a2a96ec55ec47c836921e3e,60.16762,24.95415,000000006b44cce7,10.78
18779,2019-08-04T11:06:52Z,1a9a0f74c353624c42c19c007e82c9c2547b7285d8353d0e375e3f05,60.14699,24.922,00000000a53ed894,11.7
18780,2019-08-04T11:06:52Z,1c38009e9b89bd8b0d6744bf54ebae9a8ad2dc2868cdfc3f2e399509,60.16829,24.94214,00000000afef4555,11.7
18781,2019-08-04T11:06:52Z,1c8c3befa38b65f707dd4933a68e5e3c9e7c82592fd382779127416b,60.16897,24.95222,00000000aa852af1,18.79
18782,2019-08-04T11:06:52Z,1c9aa21b85f6dc63cc56eb960e89cdeaa6da27738f3fcc4fbee8ee17,60.16762,24.95415,000000006b44cce7,4.94
18783,2019-08-04T11:06:52Z,1dacfb371d75dd4f90f447aac2a00faad98beb4188a6971c19eb2375,60.16629,24.95957,00000000fb7600be,23.56
18784,2019-08-04T11:06:52Z,1fa2c533bba37b249a0105001153733e67a559d40c22cab67f135f64,60.14947,24.91438,000000004ef3150d,8.38
18785,2019-08-04T11:06:52Z,21e1b0aebd1c050ac0463a0269b847e7e94b782ed10399e5e749817f,60.16829,24.94214,00000000afef4555,25.36
18786,2019-08-04T11:06:52Z,227b93698b29687beea48184f42aab63a21fa362af7251be32db2e15,60.16531,24.9442,00000000fdda10fe,3.4
18787,2019-08-04T11:06:52Z,23f10190151386d4050571cb299410bc0285ed980b0a00f088e01cf0,60.16762,24.95415,000000006b44cce7,8.38
18788,2019-08-04T11:06:52Z,2671a156fa8d8bb05970481c8f83bcf9f261f73dae27f2bb9ac88aeb,60.14699,24.922,00000000a53ed894,21.87
18789,2019-08-04T11:06:52Z,27052b4dc21318eee25b7afdbe088c8d15e13ec11ac339166b209e58,60.18203,24.91341,00000000342570c2,23.56
18790,2019-08-04T11:06:52Z,2724e42551f43106ea58a8fcc6a43953baa1294cd65e17a90012f706,60.17065,24.93641,000000000f4919c9,0.84
18791,2019-08-04T11:06:52Z,28741c2e5e348fe81dec0518a21c0930c98a25b6fcece61a262d50de,60.14699,24.922,00000000a53ed894,12.69
18792,2019-08-04T11:06:52Z,2977d3c4f181abb6662adf1d466a62167e2690a9c94dc53e5aa6a904,60.16762,24.95415,000000006b44cce7,9.92
18793,2019-08-04T11:06:52Z,29b5f09785ef76627c2a3f043e1182d11fbd3a465422544c7478aa1c,60.16897,24.95222,00000000aa852af1,25.36
18794,2019-08-04T11:06:52Z,29f5adc4d67413b7d368e8e94a41cf48339e3f5f0903f660170c4fe8,60.17918,24.95141,00000000675d5200,10.78
18795,2019-08-04T11:06:52Z,2a80aed2c40e7e70ca12152ac812abd79aa1d13efcec25a6d3395136,60.16762,24.95415,000000006b44cce7,3.74
18796,2019-08-04T11:06:52Z,2d0349a4148a147b05e00cd46c137dd208ba2a8ce9327b493615f1a6,60.16829,24.94214,00000000afef4555,3.74
18797,2019-08-04T11:06:52Z,2de87ef94604fb63bec05eefb71b6cdd0b9807f8551159c2a35e7259,60.17065,24.93641,000000000f4919c9,10.78
18798,2019-08-04T11:06:52Z,2e6e6f89a7d75f0742d016de203c9acc8d6f6bdeb7b56bd12f482653,60.15432,24.9211,0000000019fb59c4,7.05
18799,2019-08-04T11:06:52Z,3004b57f95861dcbc505cbe89ab781674966526a063bee7072de8aba,60.16829,24.94214,00000000afef4555,8.38
18800,2019-08-04T11:06:52Z,30bee351808d5e8082ce012b57f5bc0efc80f8394491a182e0eeee32,60.17919,24.95181,000000007b5207b6,21.87
18801,2019-08-04T11:06:52Z,31659a798f1d780d587f07390c038a78fafa6cabb8180dba635863ce,60.17002,24.94407,000000006b087f40,12.69
18802,2019-08-04T11:06:52Z,3417d8a6b53687e70f126ebeb1d26a2ff6369dc9a551c3c35c5a04f9,60.17002,24.94407,000000006b087f40,13.75
18803,2019-08-04T11:06:52Z,34ebfbffd9a126421b335e852aa094b727786622ade7757b36f67b57,60.18203,24.91341,00000000342570c2,27.28
18804,2019-08-04T11:06:52Z,35e26a55ffcf023f80c64d570297932cbeabb750c9f72ba981e2f66e,60.16762,24.95415,000000006b44cce7,13.75
18805,2019-08-04T11:06:52Z,35f337dd3baf0bc08002ec007d609b685ac29bb2a8bcad6783532a6b,60.16829,24.94214,00000000afef4555,14.89
18806,2019-08-04T11:06:52Z,3670a148a52771f0ff5af161725f65b86873c09eea1a7697861c0438,60.14699,24.922,00000000a53ed894,13.75
18807,2019-08-04T11:06:52Z,374083907dd8980893623726af5633afd59b519c885ad12ba5c674eb,60.17002,24.94407,000000006b087f40,7.05
18808,2019-08-04T11:06:52Z,38561a086c97342a24583c26b33205da50e3e973a8147fe016a4a9ff,60.16829,24.94214,00000000afef4555,8.38
18809,2019-08-04T11:06:52Z,386dea4944e0b83648b4b6faf510fd47b0e9e29a2bb9311fe8a80ee2,60.17918,24.95141,00000000675d5200,9.92
18810,2019-08-04T11:06:52Z,3991e38309311c3fd5aecdcf3290274a5742396d989a81387bf154ae,60.17002,24.94407,000000006b087f40,21.87
18811,2019-08-04T11:06:52Z,39e2f2a7b03cda9f877366363a3727edfefd16d2221e752dafc33634,60.17002,24.94407,000000006b087f40,25.36
18812,2019-08-04T11:06:52Z,3ac9d056b0f04f774b238a125eb996d46437f7a8c5f6ba6712e971cf,60.17918,24.95141,00000000675d5200,7.69
18813,2019-08-04T11:06:52Z,3b355c039877bd4883845f3fc6ad8dd6f41f170274042f1397585680,60.149,24.9843,00000000fffb8cf0,13.75
18814,2019-08-04T11:06:52Z,3b4dda811f084f91b7dd61344c97aa6cac444a02d825183d53cca5d0,60.16762,24.95415,000000006b44cce7,18.79
18815,2019-08-04T11:06:52Z,3c7df7d16658abc47ed9e66342a99269fee33785ea550021877f84a4,60.18203,24.91341,00000000342570c2,29.32
18816,2019-08-04T11:06:52Z,3f67c6713a6cca446a46616c9970c7a2ddffb03f21e10c8ea9b2f380,60.16897,24.95222,00000000aa852af1,25.36
18817,2019-08-04T11:06:52Z,3fde075082af3062c2bebc5e09ad55bda3de70b5f492bdfb21f284c9,60.173,24.92524,0000000096918cfa,27.28
18818,2019-08-04T11:06:52Z,40d64df305477f26745a445a97098d36570a8e02616b93a3f562bb21,60.16629,24.95957,00000000fb7600be,18.79
18819,2019-08-04T11:06:52Z,411febba567281e3da6030aa21191fe5efdd090f54aec41ca291563a,60.16897,24.95222,00000000aa852af1,23.56
18820,2019-08-04T11:06:52Z,430248827311f2a35f35eddf73299c91aca3dbf8e22471fff5844932,60.16544,24.95398,0000000038d83d41,23.56
18821,2019-08-04T11:06:52Z,439ff6b8ff9dc79d47e223164a87fc2d620f29bc7ea1bc7ea4c5cc58,60.16897,24.95222,00000000aa852af1,20.28
18822,2019-08-04T11:06:52Z,43d8c869f8bf0d7c3d876015bbc5de703fe705613be55538351ba02d,60.16897,24.95222,00000000aa852af1,8.38
18823,2019-08-04T11:06:52Z,44703b8dd01d3bd79585c9c7e12217e1ac152f86e2b0c9ed6be4bc19,60.16544,24.95398,0000000038d83d41,16.1
18824,2019-08-04T11:06:52Z,448f6044c6c095d8c71341a0017dd6746f6e150f03af7c78b794308f,60.16762,24.95415,000000006b44cce7,4.94
18825,2019-08-04T11:06:52Z,44d01b24bde0f8031d7cf15bb66e661ad9bd92807f3213fabf920fa1,60.16762,24.95415,000000006b44cce7,12.69
18826,2019-08-04T11:06:52Z,4646c02709d442247dfddb58957eab9e033547ce02b4e7ea1ea2dab5,60.16829,24.94214,00000000afef4555,17.4
18827,2019-08-04T11:06:52Z,47eccbfb2db7bb200aacfdad7243168bd30714cc78da342bbe53df7b,60.16629,24.95957,00000000fb7600be,27.28
18828,2019-08-04T11:06:52Z,47f787c639f2eed345eb5dca409ffcd989850399a1ab781500dd6e82,60.17919,24.95181,000000007b5207b6,21.87
18829,2019-08-04T11:06:52Z,4800d49ec59e1cde34360defcce4c2a0c6a58919303c1fe6fdebceec,60.16762,24.95415,000000006b44cce7,9.92
18830,2019-08-04T11:06:52Z,4833b1ea4f519407574f5a838d93a39de28c756c5f53de7ee273b577,60.14947,24.91438,000000004ef3150d,9.92
18831,2019-08-04T11:06:52Z,49084ae4b6419be9e7bb0c9b1420142e07d6ac3c17c07c26895461ed,60.16829,24.94214,00000000afef4555,10.78
18832,2019-08-04T11:06:52Z,4954540aca30f8f56f918178fbd53ee48ddef7a231d425061f6b2f6f,60.18203,24.91341,00000000342570c2,20.28
18833,2019-08-04T11:06:52Z,49d6f6bd5878bfac30a67fe92d1501b5b09cab38ab2b35b661902f0d,60.14947,24.91438,000000004ef3150d,12.69
18834,2019-08-04T11:06:52Z,4a2286eca689d9c867cfa19d43b9b917d29769b66b9e0a968f6c3859,60.16897,24.95222,00000000aa852af1,17.4
18835,2019-08-04T11:06:52Z,4a54cbed9c373a4136f8851f3f5736eb2fadd5766d316eb5ebbdd231,60.17919,24.95181,000000007b5207b6,17.4
18836,2019-08-04T11:06:52Z,4a912b6c106b63933a8c9cc39598823bcb2c94d4b1cc8a5d55cb3972,60.16829,24.94214,00000000afef4555,8.38
18837,2019-08-04T11:06:52Z,4adb5815c946e3d8de22bfbed48cdd41db6bc860004e1f98198f24d3,60.17002,24.94407,000000006b087f40,13.75
18838,2019-08-04T11:06:52Z,4b5b3e8f2b484bc08b196c265f65c70151bd69f6263318eb29125db2,60.16829,24.94214,00000000afef4555,12.69
18839,2019-08-04T11:06:52Z,4cf634fc84e128c3b9bce07a4b726d136e18f0eea4229fdbb48f6db1,60.16897,24.95222,00000000aa852af1,11.7
18840,2019-08-04T11:06:52Z,52daa31a2b3c1c07f78d96ebb4de3a965da5ef0a8035afbd0f7451fb,60.16531,24.9442,00000000fdda10fe,12.69
18841,2019-08-04T11:06:52Z,54d53f276563f566e1cd61b100408412cf78b4fe9fcada830aa6e23b,60.14947,24.91438,000000004ef3150d,9.92
18842,2019-08-04T11:06:52Z,5518b2315c236d486c7a5a4fc27c44987672b2f9a0751ffdaa9cbf78,60.16829,24.94214,00000000afef4555,9.92
18843,2019-08-04T11:06:52Z,56318cc7f3616fceec2564cbb1f6ca8b88ea861935a1ada93aafd7b0,60.16897,24.95222,00000000aa852af1,17.4
18844,2019-08-04T11:06:52Z,565a35900ed1794a9d566f6fc12f2710875a10eb7c8e6fa0ddd92626,60.14699,24.922,00000000a53ed894,10.78
18845,2019-08-04T11:06:52Z,571934189bf349efb6f596e76c21612cf9b82ed44913090169936048,60.17065,24.93641,000000000f4919c9,17.4
18846,2019-08-04T11:06:52Z,584cb0b0cdd14e608c8b57c8aecc9826f9b40027e365e2438a444ea2,60.16762,24.95415,000000006b44cce7,13.75
18847,2019-08-04T11:06:52Z,586f70961bf72597ce00f89d3602178ecc6ac8838a8acec48bba7f9f,60.14699,24.922,00000000a53ed894,18.79
18848,2019-08-04T11:06:52Z,58ee8fd47328b1c696ec343920f2c0353d19a915924eb6f6f2638e56,60.16762,24.95415,000000006b44cce7,14.89
18849,2019-08-04T11:06:52Z,59b87e6921598d25b092b66e140328fa03c9f06fe4e697dd344f378a,60.17002,24.94407,000000006b087f40,27.28
18850,2019-08-04T11:06:52Z,5a730ea19664020323272509e5443616ea3f1cecd7b295e294be4ba7,60.14947,24.91438,000000004ef3150d,11.7
18851,2019-08-04T11:06:52Z,5c404f374a48548bfe8b02859d12ae59c4ae608fae2139fd71ef51b1,60.16762,24.95415,000000006b44cce7,9.12
18852,2019-08-04T11:06:52Z,5f5805a3ffd092506452c4d45ea8fc037ae23ea726f0b0809ca6ffde,60.16829,24.94214,00000000afef4555,12.69
18853,2019-08-04T11:06:52Z,604a02f00cf5d2e059c26ee48a07cd30e608c4b00f17f447c028da58,60.16762,24.95415,000000006b44cce7,12.69
18854,2019-08-04T11:06:52Z,60f982521b3cf63a23ce97156f686572b3c936ebe5a76c0d78269fd9,60.16762,24.95415,000000006b44cce7,8.38
18855,2019-08-04T11:06:52Z,6138e6ab3e1e74425af8945a6fcc294c1469a0b9c448b780bcf9d2e2,60.14699,24.922,00000000a53ed894,11.7
18856,2019-08-04T11:06:52Z,61a016092ee693d441f98b1057ef5dd7ccc0f4c359d32b0a4193606e,60.16762,24.95415,000000006b44cce7,18.79
18857,2019-08-04T11:06:52Z,62cac4a0e252305e1128942dc3ec48baaa514c6737c415f85abb3665,60.1538,24.95595,0000000038bf9618,11.7
18858,2019-08-04T11:06:52Z,62d86ee13e6ae7a5c41ffc2de746df72d4ef6e8d2b6a51ce1c68965f,60.16829,24.94214,00000000afef4555,10.78
18859,2019-08-04T11:06:52Z,62e27092b58abcaf80564c408d0d4a7b821abaee92dc2f02ccb11e61,60.16762,24.95415,000000006b44cce7,7.69
18860,2019-08-04T11:06:52Z,63e498fd789abe431cdf86f184a50616c85717e1efc893da1e1a2222,60.16897,24.95222,00000000aa852af1,17.4
18861,2019-08-04T11:06:52Z,64d10ef0926ecca987bad278990d966d8fac8775f03847d1f5a4a2f6,60.16762,24.95415,000000006b44cce7,11.7
18862,2019-08-04T11:06:52Z,66755836036c771e53ffd9d0dc09b8575231b53b80af22e868691a2a,60.14699,24.922,00000000a53ed894,7.05
18863,2019-08-04T11:06:52Z,66b286cdb9e93883f7eb88bed6e49742fd233e680835bffeeb1b8af8,60.16762,24.95415,000000006b44cce7,11.7
18864,2019-08-04T11:06:52Z,697103160f0b3dc0ba38ccdd18203ae84ec35fc314322d1172c093b2,60.16829,24.94214,00000000afef4555,7.69
18865,2019-08-04T11:06:52Z,69852d528034ea6fc746ed8942c32f1c90bc33a7a7317dfac3c9b1c1,60.14699,24.922,00000000a53ed894,5.91
18866,2019-08-04T11:06:52Z,69d8c906060e226ff0f0f7e78029575f2ee07ebec657a3b641419268,60.14699,24.922,00000000a53ed894,10.78
18867,2019-08-04T11:06:52Z,6a34297fcf1ea6472756f3d437d5cf207a43ab8797c1942f78282951,60.16448,24.97323,0000000053c6c2be,29.32
18868,2019-08-04T11:06:52Z,6ac1903c80e63433e4bc744dc0e801bff647117d38d3753fb9a6a4c1,60.173,24.92524,0000000096918cfa,33.81
18869,2019-08-04T11:06:52Z,6ac8fdd67b3dd11f0bae935f3a285880138382088238b97f511d3f12,60.16897,24.95222,00000000aa852af1,17.4
18870,2019-08-04T11:06:52Z,6c637347d64659d1b29b0461397fccfbff09339872c14e32469fbd0f,60.16762,24.95415,000000006b44cce7,17.4
18871,2019-08-04T11:06:52Z,6c97da4ba9462e7fe786a472989dab23340d31809dd78d5617204da4,60.16829,24.94214,00000000afef4555,9.12
18872,2019-08-04T11:06:52Z,6e492dbc3f10157e7ff00826a839a97262ab36244ccc57b702a89999,60.16531,24.9442,00000000fdda10fe,4.94
18873,2019-08-04T11:06:52Z,6eeb71c74d753822f920829149d942cf52b726b0b83c5aa3e6cb132e,60.16762,24.95415,000000006b44cce7,4.11
18874,2019-08-04T11:06:52Z,6faf62fbff92729472d61bc9a13a5e72833e55bf713863161f8ca9cb,60.15432,24.9211,0000000019fb59c4,25.36
18875,2019-08-04T11:06:52Z,700c14fe35186c01f82d0f13e99678e0c1db2b2fd58051b08fda606a,60.16448,24.97323,0000000053c6c2be,33.81
18876,2019-08-04T11:06:52Z,70865ff0fd32dc9fc73f25e929a40535a717664003e66c14224a9d90,60.16762,24.95415,000000006b44cce7,7.05
18877,2019-08-04T11:06:52Z,70ffae2b8178e0915c5de7816f8dd8bcc3af745ee49df8ac4da4adba,60.17918,24.95141,00000000675d5200,21.87
18878,2019-08-04T11:06:52Z,714e80a1e3c0fee43e312f314b2faec47e582ee8dac47e4818dbc2f9,60.149,24.9843,00000000fffb8cf0,8.38
18879,2019-08-04T11:06:52Z,71516fc8349cfaf2b5c4ab80ade6078494d93d13e9953af15e5ced30,60.18203,24.91341,00000000342570c2,17.4
18880,2019-08-04T11:06:52Z,71c1367c7dea4dfa243172e02b9092c7a0810bef003216681759891e,60.16897,24.95222,00000000aa852af1,23.56
18881,2019-08-04T11:06:52Z,730d975773cc8c9c07ff88fb87377ff64a961a96e9237e59859fa46f,60.16762,24.95415,000000006b44cce7,9.12
18882,2019-08-04T11:06:52Z,7552783317be1ef797980c3a9ee9c5967d4e7b32765f23c51ffda02d,60.16897,24.95222,00000000aa852af1,38.87
18883,2019-08-04T11:06:52Z,75dc69a66709d80dc34f816e5b2cbf53ee34b75f4ca9ae28f9ddf14c,60.16762,24.95415,000000006b44cce7,14.89
18884,2019-08-04T11:06:52Z,7804799a34d94440ab3520238b9ab58a0466b4230cd360f0f2159075,60.16762,24.95415,000000006b44cce7,14.89
18885,2019-08-04T11:06:52Z,795b33361c4adbe3fd61f8f680186862dfc479124c39e5da6579b065,60.16829,24.94214,00000000afef4555,13.75
18886,2019-08-04T11:06:52Z,79f6ceff0d0fc6687b4982c4d38a9ebb0a1056b6e0c448b1b9e79e8e,60.16897,24.95222,00000000aa852af1,17.4
18887,2019-08-04T11:06:52Z,7afc351f0ed7619c18c64ab06971196bb53d53e2d460151ab711bc0f,60.16762,24.95415,000000006b44cce7,12.69
18888,2019-08-04T11:06:52Z,7c55ecf165387948602e82b684a55be093691849fde2d96ad6574475,60.17065,24.93641,000000000f4919c9,17.4
18889,2019-08-04T11:06:52Z,7ddcdde2316659d0fa4b8597b86430e095ea0bc7f3564a9d05fc60f8,60.16897,24.95222,00000000aa852af1,25.36
18890,2019-08-04T11:06:52Z,7de4ba54f0d667a69cb0b6d625856bc6b040f51a42f91beae366a269,60.16762,24.95415,000000006b44cce7,3.09
18891,2019-08-04T11:06:52Z,7e78b2348d9576c63ebb626030ee9d43e2bf07e860782adf3f1c452b,60.16829,24.94214,00000000afef4555,9.92
18892,2019-08-04T11:06:52Z,7ea276abbe2f1bfd85b2493f7b4c801189e673c0b4dc987d2c8e30dc,60.14699,24.922,00000000a53ed894,20.28
18893,2019-08-04T11:06:52Z,7eefc5581c616491b78192b28b519ba727dc884a87bc06b8df1ea4f2,60.14699,24.922,00000000a53ed894,5.41
18894,2019-08-04T11:06:52Z,80ffa6235c9fd84bd35d46706c7d0c4126ee0e241a070c5ae5f30d14,60.16762,24.95415,000000006b44cce7,14.89
18895,2019-08-04T11:06:52Z,822590bd49bcf7ed4de4f8389586915c343b29c4283ff8b90d7c1d39,60.17065,24.93641,000000000f4919c9,21.87
18896,2019-08-04T11:06:52Z,8297451faaa5e60a751a03f6ffafc7dfecaa715efc6af3a5762bb833,60.17002,24.94407,000000006b087f40,18.79
18897,2019-08-04T11:06:52Z,82ac749474448abac333d00869cb8b508872f86293913d95eae26a05,60.15432,24.9211,0000000019fb59c4,9.92
18898,2019-08-04T11:06:52Z,82cddd3b9f58762d36efe78da4e2722ee587cfdb3fdbc58b52673082,60.16629,24.95957,00000000fb7600be,11.7
18899,2019-08-04T11:06:52Z,844b8ad6ebf530978d1139d527a681991f4d3eed6be5bc723f0b2192,60.16531,24.9442,00000000fdda10fe,0.84
18900,2019-08-04T11:06:52Z,849d6a476563b352092dcda35e816833b571b7f630e7ff8617d9b7da,60.16829,24.94214,00000000afef4555,17.4
18901,2019-08-04T11:06:52Z,85d20ac87260458dc786b8739f5b57449a8d1fdbf4679c8567f8cb4a,60.14699,24.922,00000000a53ed894,27.28
18902,2019-08-04T11:06:52Z,87f4cf4baea8c5dfe1bc7812cc969574058bd4d2dda215192bcfc53f,60.14699,24.922,00000000a53ed894,4.5
18903,2019-08-04T11:06:52Z,886032718e05487be8bd75bb14464814044c7edd7f9a2198304f6fb4,60.16629,24.95957,00000000fb7600be,23.56
18904,2019-08-04T11:06:52Z,89df1daad350e46d526e113019214d2e1a19d8f48da761bb3583399b,60.16762,24.95415,000000006b44cce7,9.12
18905,2019-08-04T11:06:52Z,8ad180674aa6d08b03238aaf8757517ad2e107e8906f097e12f17487,60.149,24.9843,00000000fffb8cf0,27.28
18906,2019-08-04T11:06:52Z,8c4e4851db86ec4a3ce29a58be770eb29c38b9a983351bb67d781982,60.16897,24.95222,00000000aa852af1,16.1
18907,2019-08-04T11:06:52Z,8e2c857270f20b124ad4a698a7f64eb83c30bd96bbc5355374785cf2,60.149,24.9843,00000000fffb8cf0,27.28
18908,2019-08-04T11:06:52Z,8e32f03aa51152a06255173f7dc5aaa2c75cef6f6aa829bd51fea777,60.16762,24.95415,000000006b44cce7,17.4
18909,2019-08-04T11:06:52Z,8f3d9ab893ae4a48fd3417f3a749c21e792779990ae0ad75a8f211de,60.1538,24.95595,0000000038bf9618,29.32
18910,2019-08-04T11:06:52Z,8f998d0e47a5fb2e84c8dcffb4a33ca4adeaf8db93423df171988c1e,60.16629,24.95957,00000000fb7600be,20.28
18911,2019-08-04T11:06:52Z,91602a694bc74a2874ba7f02a7bae062a3a77cd869b86a74800415b8,60.17919,24.95181,000000007b5207b6,25.36
18912,2019-08-04T11:06:52Z,93272ad17155ea9499641eda7c5560691582116096278b82738ab21e,60.14699,24.922,00000000a53ed894,8.38
18913,2019-08-04T11:06:52Z,97490f522f1a0226c8f7e8ed7bca08dd71b63d80b46d38020127b868,60.14699,24.922,00000000a53ed894,6.46
18914,2019-08-04T11:06:52Z,9924ed20d6ddee438860f63a9fa1a2cefa7ccfa275d6da3a2008d84d,60.173,24.92524,0000000096918cfa,18.79
18915,2019-08-04T11:06:52Z,998ac46ad73c197bab1f36dca67d8bcaa3aca92249185a5e3715043f,60.17065,24.93641,000000000f4919c9,12.69
18916,2019-08-04T11:06:52Z,9a23dca42469f79bf4f5665caffb8d0dd8da182f6fb72f595309803b,60.149,24.9843,00000000fffb8cf0,20.28
18917,2019-08-04T11:06:52Z,9a49d0b5a67fba15ce8971503f6fea88994b33487a842397c5e8564f,60.16762,24.95415,000000006b44cce7,2.8
18918,2019-08-04T11:06:52Z,9aa588cb6f425117e45726b6b9adb7ef86c8f7c8113b547dc61f068a,60.16897,24.95222,00000000aa852af1,11.7
18919,2019-08-04T11:06:52Z,9ab0a60cb60531417ac6ec5ebc6ef591d2f39019c6b0bcb5a89101a2,60.14699,24.922,00000000a53ed894,17.4
18920,2019-08-04T11:06:52Z,9b4b0705e58750d2bcbd71ad65d85677f7e77db5dfe69d1a70b5d31f,60.17919,24.95181,000000007b5207b6,16.1
18921,2019-08-04T11:06:52Z,9bc50d931d6c1678284177395958d15f05b45d60ae7bc09fe1e1694e,60.16762,24.95415,000000006b44cce7,10.78
18922,2019-08-04T11:06:52Z,9bc91538b73e0220fcf5cd07290c07d56f6f48d3ba0ba6b6b0876da9,60.17065,24.93641,000000000f4919c9,11.7
18923,2019-08-04T11:06:52Z,9bef562c292174f1eb3933116effff74a8733a78e5c1df140de3fd6c,60.17919,24.95181,000000007b5207b6,9.92
18924,2019-08-04T11:06:52Z,9c0b1d2c4c67c07e547e810a94efeaaa1187ae82977e03748470281c,60.16897,24.95222,00000000aa852af1,17.4
18925,2019-08-04T11:06:52Z,9ced7d70503ba24882b6e283fa95ce42e02c1a3618adeb448558c50c,60.16897,24.95222,00000000aa852af1,17.4
18926,2019-08-04T11:06:52Z,9eb1e9bfdceb76ef852f89ebd82139602125f9731b791465e1c21f81,60.16829,24.94214,00000000afef4555,6.46
18927,2019-08-04T11:06:52Z,a1c7524965af4a296ee5034f7f2ca99052d625046f24e916d8a8f2b6,60.16762,24.95415,000000006b44cce7,21.87
18928,2019-08-04T11:06:52Z,a30740fbf4b7e21f6fe2996e9325c90936de161cb2165e87cd96fd35,60.149,24.9843,00000000fffb8cf0,16.1
18929,2019-08-04T11:06:52Z,a3664d77633807788598dd8d4a7ba8caba2c31bfdcb6ba83651d4e7e,60.173,24.92524,0000000096918cfa,20.28
18930,2019-08-04T11:06:52Z,a3c1a4a58b9381c27b1d5076e0d8d72039afccfb0e58438a80247324,60.16762,24.95415,000000006b44cce7,2.08
18931,2019-08-04T11:06:52Z,a50e0bb8fd1ad4ad264c3246b210a0c6285faae591c1bd2c2c3458af,60.16829,24.94214,00000000afef4555,13.75
18932,2019-08-04T11:06:52Z,a51a9aab75637e56bef3effddc420dfcd95b8cbd85d95917aaac38d5,60.16762,24.95415,000000006b44cce7,12.69
18933,2019-08-04T11:06:52Z,a5835ce352a1e6d8fb6bdc410fae1076c756f7dac8e202465add9277,60.16762,24.95415,000000006b44cce7,9.12
18934,2019-08-04T11:06:52Z,a5d632ac8ffc19a626de034d3c9444fd262ee6edada285c816ea9266,60.16531,24.9442,00000000fdda10fe,7.05
18935,2019-08-04T11:06:52Z,a5f038c127ca4872294d7de2b08e334af618534637cc64bf42a6438d,60.17002,24.94407,000000006b087f40,29.32
18936,2019-08-04T11:06:52Z,a81c19fb85eebf853246cdc4d8e38245dfa5ba15c180eaa1bcc0378d,60.16829,24.94214,00000000afef4555,10.78
18937,2019-08-04T11:06:52Z,a8c4f6feb3636400ed19b5c49ae86a45245705fee6a9f615c191f889,60.16829,24.94214,00000000afef4555,18.79
18938,2019-08-04T11:06:52Z,aa4547c0b6b8be30776e08d524ceeacfbc9930ad720e11fa4cb20882,60.16531,24.9442,00000000fdda10fe,1.54
18939,2019-08-04T11:06:52Z,ab1377ddf669bb806f8db586f4ce5ab9f0f4257dda61fe800d8509f5,60.17065,24.93641,000000000f4919c9,29.32
18940,2019-08-04T11:06:52Z,ab6e8769f50a15ea5e0d64f48aaa12886b7599a18cc0eb071a21ae5f,60.16762,24.95415,000000006b44cce7,4.94
18941,2019-08-04T11:06:52Z,ab9310807d2eb4984b053d38f467cb5d3e4211ff71ceb059480cf9ba,60.16829,24.94214,00000000afef4555,14.89
18942,2019-08-04T11:06:52Z,ac4679e3db131ec2ea8e1111c8aa0d71020cf8796ecb11f142478394,60.14947,24.91438,000000004ef3150d,4.94
18943,2019-08-04T11:06:52Z,ac5c7e04b55d6d70659e5b8f4705309b9367c78a0edb7ce85f42c181,60.1538,24.95595,0000000038bf9618,23.56
18944,2019-08-04T11:06:52Z,add92af5006cee56f2da79112486b97d5a7c06f12252676b7638064d,60.16762,24.95415,000000006b44cce7,12.69
18945,2019-08-04T11:06:52Z,addc60a477245c1c33e3a627145e2a2971adf755bfcf8aef4c8c0f88,60.16897,24.95222,00000000aa852af1,18.79
18946,2019-08-04T11:06:52Z,adf3914eaf1478a77ba35ea49262388e4babe633207748c7608b8780,60.16762,24.95415,000000006b44cce7,12.69
18947,2019-08-04T11:06:52Z,ae3cda5066e455d4b1e58860e8fb7a35efad69b9964a676b476b0687,60.14947,24.91438,000000004ef3150d,2.54
18948,2019-08-04T11:06:52Z,b0d6202ccd1560eaf57c06931cb6466332e41068ad2963e515819015,60.17919,24.95181,000000007b5207b6,18.79
18949,2019-08-04T11:06:52Z,b2298fc6f63c02481610f9aef24f1a0c1711c255adc43c0fe135c1ca,60.14947,24.91438,000000004ef3150d,9.92
18950,2019-08-04T11:06:52Z,b26d0daac9f8fb84484cbd8ed668aeb6751e848b1c533a307d163360,60.16762,24.95415,000000006b44cce7,4.5
18951,2019-08-04T11:06:52Z,b3266ecf36a984b814e1b2d31b447438bd948a9c116721480104792f,60.16829,24.94214,00000000afef4555,13.75
18952,2019-08-04T11:06:52Z,b3406cc312560021fe26349bbf8874aff81b8c0e84c4ad32bbbad109,60.149,24.9843,00000000fffb8cf0,29.32
18953,2019-08-04T11:06:52Z,b4c8900041e9f8751755d3940ceac58419e6370cd81cdb90d7800de1,60.14699,24.922,00000000a53ed894,18.79
18954,2019-08-04T11:06:52Z,b50b3c2006581bccfeaa9ea964649350c7d5b8177baa29a37e628584,60.14947,24.91438,000000004ef3150d,21.87
18955,2019-08-04T11:06:52Z,b533a10e551fb94431643508dbcf944aeac09510b32ffc9fd502db57,60.16762,24.95415,000000006b44cce7,14.89
18956,2019-08-04T11:06:52Z,b5cdbcdc30e0bf653ce353c867708b0067db5e394c8cbe848d978a77,60.14699,24.922,00000000a53ed894,11.7
18957,2019-08-04T11:06:52Z,b5f80d159e59c4558e49ea6fb68f6bc72ee9eb92bee60991bdf4e46f,60.16762,24.95415,000000006b44cce7,13.75
18958,2019-08-04T11:06:52Z,b601cd655bb9f05aa6ec86fc9eb9300c3bc20bc0e856e94ad168a257,60.14947,24.91438,000000004ef3150d,10.78
18959,2019-08-04T11:06:52Z,b68ee9d08dcd32b04a57eb2ff3d2582eff2a1332cddf4e8ed4e97f0c,60.17002,24.94407,000000006b087f40,31.5
18960,2019-08-04T11:06:52Z,b81a9bf449d3e64ad0181804598330bbf305f384b888935023742c79,60.173,24.92524,0000000096918cfa,18.79
18961,2019-08-04T11:06:52Z,b81e65168ea3278486b1c954ab229bc2eda3fe07098e824f05cd0ac4,60.149,24.9843,00000000fffb8cf0,29.32
18962,2019-08-04T11:06:52Z,b8f5834e6b992cf5568ae3153fb4b07e97b7f6dd01250851134c1824,60.149,24.9843,00000000fffb8cf0,14.89
18963,2019-08-04T11:06:52Z,ba10c562384fcd7e3b548cf24c89336d9eff4d325b8ebafdd219e53d,60.1538,24.95595,0000000038bf9618,33.81
18964,2019-08-04T11:06:52Z,bbf7d8b9085ddcd3b94f55f93b52cb40a251c44f5df4099ba5b61471,60.16829,24.94214,00000000afef4555,10.78
18965,2019-08-04T11:06:52Z,be57346c6a31904c7a3c53b6a9e94df7c93f7f510d3b2ff733d214b6,60.16762,24.95415,000000006b44cce7,17.4
18966,2019-08-04T11:06:52Z,bf4235c977b63f07c70679988ae6990db3734c8bde50741c636155b9,60.16762,24.95415,000000006b44cce7,11.7
18967,2019-08-04T11:06:52Z,bfd5c2630b36fde15de01ea74e598d035402cf1edb7c9230617927e0,60.16762,24.95415,000000006b44cce7,9.92
18968,2019-08-04T11:06:52Z,c012e9e2caf1002d24e53817bb1279becdfc4aa9dba085e93ddd88e9,60.17002,24.94407,000000006b087f40,20.28
18969,2019-08-04T11:06:52Z,c17d750015a2259a1bba7471f2e4e0a1db4df53276be8c8463fd5f84,60.16829,24.94214,00000000afef4555,9.92
18970,2019-08-04T11:06:52Z,c1ca9629c5ebd58052fb4c627ab87542db3ca242430d22b727f46bce,60.16762,24.95415,000000006b44cce7,17.4
18971,2019-08-04T11:06:52Z,c27fee8ae8d689338b043608280c83cfa6f3276d3837ecea5f742dc3,60.16762,24.95415,000000006b44cce7,8.38
18972,2019-08-04T11:06:52Z,c2cc33e5b1b8d254d4bcbc0ffa13c9200676a39a191cc31a38d28d8d,60.17065,24.93641,000000000f4919c9,14.89
18973,2019-08-04T11:06:52Z,c2e135ad2c160277e290705658ac41d7cd35b11ebf61d829fdd0b428,60.14699,24.922,00000000a53ed894,14.89
18974,2019-08-04T11:06:52Z,c45e3c4e8ec0fc85457d3b4ed4c49ed0116b4cf447e2983f353abcd8,60.16829,24.94214,00000000afef4555,13.75
18975,2019-08-04T11:06:52Z,c55894159f2080031cda702c78ee54463c3c15ab1b3638afdf687f08,60.16531,24.9442,00000000fdda10fe,9.12
18976,2019-08-04T11:06:52Z,c57377e5fb3ebac244c21c209845a57fe246f0459e3baabb7644e1b7,60.14951,24.92138,0000000006dd41f6,33.81
18977,2019-08-04T11:06:52Z,c5ffe1809d0314e1f74db7cbb63e9a1b59f6fdda752b423ea74be3b0,60.16897,24.95222,00000000aa852af1,20.28
18978,2019-08-04T11:06:52Z,c6b0ea433c3fdc73e0bac7e3faa2690506c4e8ec7fc54210446a7ffa,60.14947,24.91438,000000004ef3150d,9.92
18979,2019-08-04T11:06:52Z,c7160ae9aa31ca4dba615425303b1e527f342ede653be387ee54389c,60.149,24.9843,00000000fffb8cf0,25.36
18980,2019-08-04T11:06:52Z,c739921adb150c53f1887c6ce887adc6cd7ae7e35e69f6e4dc52fe81,60.173,24.92524,0000000096918cfa,23.56
18981,2019-08-04T11:06:52Z,c7ced11121537f55bcd7d7ab67312226dafe7c85320c5357a35d5ab7,60.17002,24.94407,000000006b087f40,20.28
18982,2019-08-04T11:06:52Z,c8f8a7a901c692af2aec8031d27f0b7efc946f113895771f87fefe1c,60.14947,24.91438,000000004ef3150d,18.79
18983,2019-08-04T11:06:52Z,ca9ba013f86583100bfa841287733d9985b9d5e28a116525c40a4b40,60.16762,24.95415,000000006b44cce7,9.92
18984,2019-08-04T11:06:52Z,cbdcd7a65da51c93831457440ca716ee46c278cd8597610e661946cc,60.16897,24.95222,00000000aa852af1,33.81
18985,2019-08-04T11:06:52Z,cd7d0e9404c9f4e8fab0742460b9acb4d5bbb97f44df80d4a8b973cd,60.17002,24.94407,000000006b087f40,5.41
18986,2019-08-04T11:06:52Z,cddbfc3b0a1459f0ea8d553779cf320d512cac6e64976182f2f0b3b7,60.16829,24.94214,00000000afef4555,21.87
18987,2019-08-04T11:06:52Z,cf241827513137f094cda8111245217a32612fdb8fdb573be6e1893d,60.16762,24.95415,000000006b44cce7,12.69
18988,2019-08-04T11:06:52Z,d04b5065ec93818b731141027d11e6a1cf53de69b9737d7aea0c34da,60.14947,24.91438,000000004ef3150d,20.28
18989,2019-08-04T11:06:52Z,d162ad46250f7d87af446db22df4aa6b2eb2bf22f83beca34e857743,60.16762,24.95415,000000006b44cce7,9.92
18990,2019-08-04T11:06:52Z,d1b77fcfad94da8564d1a85ed1797255531e5ab26cc835800878fb26,60.17065,24.93641,000000000f4919c9,10.78
18991,2019-08-04T11:06:52Z,d2035ce81fa46947bdf02a20f297b2df4144c7c0931db02ab0164fa6,60.14947,24.91438,000000004ef3150d,18.79
18992,2019-08-04T11:06:52Z,d20f68571773330f7b6490b006b2e952c9912b4ee05e20f0fc434698,60.16629,24.95957,00000000fb7600be,25.36
18993,2019-08-04T11:06:52Z,d2aa78414847f7d563d6dd86215208c2c50df75bfd2a7b601cfcc35e,60.16762,24.95415,000000006b44cce7,11.7
18994,2019-08-04T11:06:52Z,d3bad9334d128332fc483e10ef1b77c28e5a75ac55be4de71c6b2f9f,60.16829,24.94214,00000000afef4555,21.87
18995,2019-08-04T11:06:52Z,d71a315bac918f9a18fcd820731e6d9eb54fb0d01c324ca088ef8858,60.149,24.9843,00000000fffb8cf0,29.32
18996,2019-08-04T11:06:52Z,d82f37918d46bea29e113c6b57b901b1b960ed3337bdcce777aea476,60.17065,24.93641,000000000f4919c9,8.38
18997,2019-08-04T11:06:52Z,d83c1c2d3a3876c948e277bace6d013eafc0c4e118958e138f8b1257,60.16448,24.97323,0000000053c6c2be,25.36
18998,2019-08-04T11:06:52Z,d86f155736e4d36de5d33bdbb3b12b717b75de44852b93419af20945,60.16829,24.94214,00000000afef4555,16.1
18999,2019-08-04T11:06:52Z,d9a5b0033b928dc7932083909b29c0529a51ccc1c1cd9cad67c4306a,60.14699,24.922,00000000a53ed894,23.56
19000,2019-08-04T11:06:52Z,da2398acaae7f39c7b80c220d4e6917bdc7655f4c71b6e36d06cb859,60.18203,24.91341,00000000342570c2,17.4
19001,2019-08-04T11:06:52Z,db45583e1f7aaaf54e100214986dfc86aa755383e86d361639a5b19b,60.16762,24.95415,000000006b44cce7,5.91
19002,2019-08-04T11:06:52Z,db4d3f81708de827ce30c4130610fd65b4d6d451ca5cf6b0c4e745d9,60.16829,24.94214,00000000afef4555,13.75
19003,2019-08-04T11:06:52Z,dc534c1cb5eb7f34b6b57bd93c8d9acb2685ba264563f6f388d09923,60.16762,24.95415,000000006b44cce7,9.12
19004,2019-08-04T11:06:52Z,dc816e92e4a2eceea03f41fc379fda0e3d57b5d0fbd9a06430432022,60.16762,24.95415,000000006b44cce7,4.5
19005,2019-08-04T11:06:52Z,dc82f9648bb5ba21e766e0923f5fa7ca2d77662ab0edbe22a3d95631,60.14699,24.922,00000000a53ed894,4.5
19006,2019-08-04T11:06:52Z,dcb8f3c3c5136c4abc8757fcb34fedc553ea044b0928f945d89334d5,60.16762,24.95415,000000006b44cce7,9.12
19007,2019-08-04T11:06:52Z,dd8e0699822b1a8a3f8a91fcb10729f6f7cd0a4736f36dc60974c36e,60.16762,24.95415,000000006b44cce7,9.92
19008,2019-08-04T11:06:52Z,ddd0e663eb31ac94858d2a4e9af5e4782781e88c92102042190e6fcf,60.14699,24.922,00000000a53ed894,13.75
19009,2019-08-04T11:06:52Z,de48adf9d49eb3bc1d61dea4047618f6c77086fc44bd2b535d56504d,60.16762,24.95415,000000006b44cce7,2.54
19010,2019-08-04T11:06:52Z,de71e27b55ef6f2f51f05838a2fcab596f1dd93a14ece5ce4548f5c7,60.14699,24.922,00000000a53ed894,9.92
19011,2019-08-04T11:06:52Z,e0859a9c906151023376d86762070f38ba1b3859e671531b0edac6cd,60.16075,24.95883,00000000f1124bca,9.92
19012,2019-08-04T11:06:52Z,e092030747b57112ba6ccf5bdd565d76abb3607abf31a06d0d92660c,60.16762,24.95415,000000006b44cce7,18.79
19013,2019-08-04T11:06:52Z,e1da87aea335bcd04e4c876158b96ebc7ba4206bc216c3aa27a2f4af,60.17918,24.95141,00000000675d5200,21.87
19014,2019-08-04T11:06:52Z,e26862fdcdd4688d81b8fe05d1ac94c5f9b3192ddc50d4c66ad12cc1,60.16897,24.95222,00000000aa852af1,17.4
19015,2019-08-04T11:06:52Z,e29168791ccd18013b58845430388cc5aac537e7e1c618aeb78900a8,60.16897,24.95222,00000000aa852af1,16.1
19016,2019-08-04T11:06:52Z,e2cf276df76363e0f5428d053dde12cf1f0e156f3162a0e103359fd2,60.16762,24.95415,000000006b44cce7,29.32
19017,2019-08-04T11:06:52Z,e305610124e16ed1411a221b29ce69a076cc47982efd6c098b0599ab,60.14947,24.91438,000000004ef3150d,5.91
19018,2019-08-04T11:06:52Z,e44d7228cecbdb2474e1cc396a6c13943f09c08c19d0ffab1997d509,60.17919,24.95181,000000007b5207b6,9.12
19019,2019-08-04T11:06:52Z,e53a901aed874016e1cd1ed3e9b2891fca850986cb2fa04f5162cf52,60.16762,24.95415,000000006b44cce7,4.11
19020,2019-08-04T11:06:52Z,e557e164cd52fd817b02cad6587a294d72b0974d9b014ad69ea5e08e,60.17919,24.95181,000000007b5207b6,9.92
19021,2019-08-04T11:06:52Z,e5b9b4813c081a31fb498e7f9adb94918c267dfa125c63790c0d9488,60.149,24.9843,00000000fffb8cf0,2.3
19022,2019-08-04T11:06:52Z,e9d59e25b58f33f70aad6832863cb59d7485ca55a1575558f92b74e7,60.16897,24.95222,00000000aa852af1,17.4
19023,2019-08-04T11:06:52Z,ea38d72fbf2215d530a70d6a97dcc603a44b18d4d7ce557a91cb80bb,60.16762,24.95415,000000006b44cce7,4.94
19024,2019-08-04T11:06:52Z,eb10ddb244dec4641f50a9b05b0e1cfdf4ac49e3dc3001cddb1e67c0,60.16762,24.95415,000000006b44cce7,16.1
19025,2019-08-04T11:06:52Z,ecb5655da668bb183a5c270a96927649c323975e318184d248247099,60.16829,24.94214,00000000afef4555,17.4
19026,2019-08-04T11:06:52Z,ede13c9dc221bbc6c1daf78250fa6547303c06d7606c05ba0bf64547,60.17918,24.95141,00000000675d5200,23.56
19027,2019-08-04T11:06:52Z,ee200a3ba703878e67370bbef4c8768feda628ad2e83512a927fec31,60.16897,24.95222,00000000aa852af1,18.79
19028,2019-08-04T11:06:52Z,eea43687eab35d2c386347881796eb1c8279076b9e9642ebc2cd06ac,60.16762,24.95415,000000006b44cce7,4.5
19029,2019-08-04T11:06:52Z,ef15ff71b7dc4c2088249a4fca7e28900ae315245a7a3b4d571bf582,60.16829,24.94214,00000000afef4555,3.74
19030,2019-08-04T11:06:52Z,ef33ccdfcdb12920eabb3306e0f86dc7e6060a5d3864b03e2de7e1ef,60.16897,24.95222,00000000aa852af1,10.78
19031,2019-08-04T11:06:52Z,ef45fdc095ee55730384922266d8fce61de212d3c3df2441ea10e524,60.14947,24.91438,000000004ef3150d,17.4
19032,2019-08-04T11:06:52Z,f04251ace2b79d56bee25fce26175de1bea524d390dd5cdb6b2652a8,60.14699,24.922,00000000a53ed894,21.87
19033,2019-08-04T11:06:52Z,f196f5f8c08299d290b3bac1944e00bb1f2c90594db66438b0c10e6e,60.16629,24.95957,00000000fb7600be,16.1
19034,2019-08-04T11:06:52Z,f1d44b9d3710849eba7eab0b6646053378aa5f8ee3491ec2522f3c44,60.14947,24.91438,000000004ef3150d,14.89
19035,2019-08-04T11:06:52Z,f2467c8ede6444941158701b7bd9d005beec9ffdb355ce2d8c7a9bfd,60.149,24.9843,00000000fffb8cf0,23.56
19036,2019-08-04T11:06:52Z,f4b9fc6acb673aea24fe00dfbe806b81fedab0c2ea82d781f7659ce5,60.16762,24.95415,000000006b44cce7,7.05
19037,2019-08-04T11:06:52Z,f5ffa3dbcdd5592ac31344cb04a7a6d639109a4d6e196fa0df3990dd,60.17065,24.93641,000000000f4919c9,20.28
19038,2019-08-04T11:06:52Z,f616fbd0fde8316049c3068ae4368dc9f486f8da4bf5516e9ba82578,60.16897,24.95222,00000000aa852af1,14.89
19039,2019-08-04T11:06:52Z,f77d86d6fcfc6cc5ce50a14177a7100c8967fa5947fc13e3a198e345,60.16762,24.95415,000000006b44cce7,13.75
19040,2019-08-04T11:06:52Z,f78ef2ddbe48b534137498eab56c0a55ec0e0b1d8868e82cb5652a0e,60.14699,24.922,00000000a53ed894,7.69
19041,2019-08-04T11:06:52Z,f7be7d003528c0c0827040a3a3723e49406a5a7c86cb4bc568a830db,60.17002,24.94407,000000006b087f40,16.1
19042,2019-08-04T11:06:52Z,f855918d61069661cbf8633b228a5fb9e5cd5ea7b2946bfc5b9fc315,60.16829,24.94214,00000000afef4555,21.87
19043,2019-08-04T11:06:52Z,fa1579394f4980e1fe11248f7be4e646b601a3d8cdb9361f182d066c,60.16762,24.95415,000000006b44cce7,10.78
19044,2019-08-04T11:06:52Z,fa15a46a5326515aa1a4b43762ef2018a2be3ac983c811558c1fe104,60.16762,24.95415,000000006b44cce7,5.91
19045,2019-08-04T11:06:52Z,fb37b263777ffcf7fe1fb6484821cae2b8beb03b5f5009109748dedb,60.16762,24.95415,000000006b44cce7,12.69
19046,2019-08-04T11:06:52Z,fbd28054e4a5478c8ca06f4d682405d1c59bef4853cad413ecb58d13,60.14699,24.922,00000000a53ed894,16.1
19047,2019-08-04T11:06:52Z,fdf5c0dab003c974e22f3746bfb7fa399e10ca82fcec35ba6dcd6065,60.18203,24.91341,00000000342570c2,8.38
19048,2019-08-04T11:06:53Z,004c3624f943830bc6a9f17173a2cd0996622cade5184ad2b9fba729,60.16897,24.95222,00000000aa852af1,6.46
19049,2019-08-04T11:06:53Z,048a4191e2e9ce1733556eda54c4123345c70aeced0f8ecf7d52b916,60.14699,24.922,00000000a53ed894,14.89
19050,2019-08-04T11:06:53Z,09ddbf38333e76a79fd836112bd8c3f8bf7f3dadfb3d49945ad4c486,60.16897,24.95222,00000000aa852af1,7.05
19051,2019-08-04T11:06:53Z,14c7e1511b70f4dd3359cbece1377aebb4d70531f5489eefe53d7c3c,60.16544,24.95398,0000000038d83d41,23.56
19052,2019-08-04T11:06:53Z,165ebbb4090d47319ae370f0d0854fdc1f6b79499f8b2e4d3c3533c0,60.16544,24.95398,0000000038d83d41,21.87
19053,2019-08-04T11:06:53Z,16c994bb2e24124a910c247376d16e980a65626a94c4c0aaab27df60,60.16829,24.94214,00000000afef4555,23.56
19054,2019-08-04T11:06:53Z,1bba37ee9376f8052f3606bb777546c2c4d1e84dad7afd93d4cffa45,60.16762,24.95415,000000006b44cce7,16.1
19055,2019-08-04T11:06:53Z,25a7ff811c3c06e426c7c2cbb0433d9a2a3399b23afecbd35584ab0f,60.18203,24.91341,00000000342570c2,21.87
19056,2019-08-04T11:06:53Z,269109af99b12861eeb19ab8698033d9c00895687da47af3f4310e9d,60.16762,24.95415,000000006b44cce7,9.92
19057,2019-08-04T11:06:53Z,29016fc5853bb802e42e93eb5fd98882d64029327d793a2f2335b9e4,60.16829,24.94214,00000000afef4555,16.1
19058,2019-08-04T11:06:53Z,32dd92b5a658392a4ec84eaf95152ee72258b6b0fb670b97882ac902,60.16829,24.94214,00000000afef4555,12.69
19059,2019-08-04T11:06:53Z,3b5cafe90982db26cf737b2e4cd4275276f6a031bca3b2a1f73023b2,60.14699,24.922,00000000a53ed894,13.75
19060,2019-08-04T11:06:53Z,3fe5f4ccfa5c777ceafda0674d7c9da6f509f6694b4c2fa254b32e73,60.16897,24.95222,00000000aa852af1,17.4
19061,2019-08-04T11:06:53Z,43b676ed3aef4c2d8846694817e76117873be52e7f788e0cb366c1c4,60.16629,24.95957,00000000fb7600be,31.5
19062,2019-08-04T11:06:53Z,44d0b94469070803869f229601e877beb613c3f5aafa009addf97a1a,60.16544,24.95398,0000000038d83d41,27.28
19063,2019-08-04T11:06:53Z,4774d3de2115f3cfeff91dc17ed763964fe86825629003f82ee45b2b,60.16762,24.95415,000000006b44cce7,9.12
19064,2019-08-04T11:06:53Z,5d65719c4cbf045f068d084b72302f447d5fd034413d97d13be00d0e,60.18203,24.91341,00000000342570c2,20.28
19065,2019-08-04T11:06:53Z,5eed115a984d490b02b602d73787aee8dc8c4e9365b77fbff3818a76,60.16629,24.95957,00000000fb7600be,20.28
19066,2019-08-04T11:06:53Z,69219e9efa41ae9e732653e9eaf08e1a34cb853a9dafe76ddeea4d04,60.16897,24.95222,00000000aa852af1,27.28
19067,2019-08-04T11:06:53Z,6a70e2fbced719333e21eff04fcb9cb36bae9a04d1a3d6ddd96f2c58,60.15432,24.9211,0000000019fb59c4,16.1
19068,2019-08-04T11:06:53Z,79f136afa0dd8717337c01c70b457c464aaf0fa25b440f51a394ec23,60.16762,24.95415,000000006b44cce7,13.75
19069,2019-08-04T11:06:53Z,87dfaad29a9276ddddb1fa021d3bc23ad14824c1af16f7d87e713689,60.14951,24.92138,0000000006dd41f6,10.78
19070,2019-08-04T11:06:53Z,88808fe92573e9cdf022cc15b9689b6b4b9429f60513c8897b0ba4c7,60.16897,24.95222,00000000aa852af1,17.4
19071,2019-08-04T11:06:53Z,89982a6acf91b79a282a6b63978e946ee205f303fcd20e944e06baf0,60.16544,24.95398,0000000038d83d41,23.56
19072,2019-08-04T11:06:53Z,8c3b1ed0846e38cc84b863a80540c8a75bfd85c8bdda36563d153110,60.16544,24.95398,0000000038d83d41,27.28
19073,2019-08-04T11:06:53Z,92a4351b20078e469332532ec495e838559c62590b166cce41762939,60.16897,24.95222,00000000aa852af1,23.56
19074,2019-08-04T11:06:53Z,9843c6216661048343a0e49cf3d8aa2883cf77f452666a1c873a1052,60.16448,24.97323,0000000053c6c2be,14.89
19075,2019-08-04T11:06:53Z,9992834418850939882f3b334eee492eb98d4f9d6d6118f9ee108793,60.16762,24.95415,000000006b44cce7,7.05
19076,2019-08-04T11:06:53Z,9c8556ea519835172f09c20e7688066eeec8e7f74a0c6fa3df3d9c5f,60.16829,24.94214,00000000afef4555,14.89
19077,2019-08-04T11:06:53Z,a13e5d46f0a2d1c6b58878e1b198905e9b14e3a85b5e4adab88b4b87,60.16762,24.95415,000000006b44cce7,13.75
19078,2019-08-04T11:06:53Z,a91d379a4b57c5df22db0d7a041ff69f657b4b31f28554b1011fc03c,60.16544,24.95398,0000000038d83d41,31.5
19079,2019-08-04T11:06:53Z,b5fd6b317890e5ab2d79e2cd1abe61626d45a753c7337d0d40728898,60.16762,24.95415,000000006b44cce7,12.69
19080,2019-08-04T11:06:53Z,b936e41d8712ae967f3ebb413fc44f060bb10613f95537757886ede2,60.16762,24.95415,000000006b44cce7,7.69
19081,2019-08-04T11:06:53Z,c0d98967e7575c7d0727764e04702297809bbfe2877f0afc62112028,60.1538,24.95595,0000000038bf9618,33.81
19082,2019-08-04T11:06:53Z,c40c37def6bf11a63a2556519a7c6233fd417cdeea2cf14f28e7c42c,60.16531,24.9442,00000000fdda10fe,23.56
19083,2019-08-04T11:06:53Z,c54f2dd0590c650ad3e52a68193db3173db5e74f90f69faa1e2d6bb0,60.16762,24.95415,000000006b44cce7,6.46
19084,2019-08-04T11:06:53Z,cd2c2ce2425879ac455c812073aa8025c7bac76df380e4793edab46d,60.16829,24.94214,00000000afef4555,25.36
19085,2019-08-04T11:06:53Z,cf05623e4d87ce0906c0b0b7dbf53aacc1228016cd27c341228b6e76,60.18203,24.91341,00000000342570c2,17.4
19086,2019-08-04T11:06:53Z,cfc0bedb78ded52749db3188cb188bf6a250ef5990da9c5afa9623fc,60.14951,24.92138,0000000006dd41f6,21.87
19087,2019-08-04T11:06:53Z,dbeb00942457ba3c5fb1984b57b1dedb268c0e761e80729b939f1fd8,60.16544,24.95398,0000000038d83d41,29.32
19088,2019-08-04T11:06:53Z,e224ae5ea47af2e3048f83b13a1f45dc135c0ca6be72547b01729086,60.1538,24.95595,0000000038bf9618,20.28
19089,2019-08-04T11:06:53Z,e6af35ebe4c87f166821f11fad668537305c0f52d192e9c4d308eaa9,60.16075,24.95883,00000000f1124bca,33.81
19090,2019-08-04T11:06:53Z,ed70dda6b7faebd4340dacdb452ab224d9d3c308df417b7fa76f54e8,60.14951,24.92138,0000000006dd41f6,25.36
19091,2019-08-04T11:06:53Z,f088630d7476dae7d4b7e2bb1f10575f2c89acb4b6e061f3d57c2b40,60.16531,24.9442,00000000fdda10fe,23.56
19092,2019-08-04T11:06:53Z,f31cfded6f566f9c032c80c52ea642407be312c5d42521ab7a8d3e2a,60.16897,24.95222,00000000aa852af1,21.87
19093,2019-08-04T11:06:53Z,fc4f3a44235f1cfc7b53f14ba2da599976a5a0a220d23b852688e485,60.17919,24.95181,000000007b5207b6,7.69
19094,2019-08-04T11:06:53Z,000888f4e876e6cb8d50b0bb1a3deaee0655733968eb5065d779e88e,60.16762,24.95415,000000006b44cce7,27.28
19095,2019-08-04T11:06:53Z,0043f38f4fb6545d7c033c9a8f8c18106aa0c2c841f28a15dd722e9d,60.14699,24.922,00000000a53ed894,12.69
19096,2019-08-04T11:06:53Z,0236a1d5b9b9d2249407a79705eee38de360ceb0530a8959ba5bc15b,60.149,24.9843,00000000fffb8cf0,10.78
19097,2019-08-04T11:06:53Z,02a354db29cd5bc16976a9d933e03a41be350f9cc78098829a7dcfd4,60.14947,24.91438,000000004ef3150d,21.87
19098,2019-08-04T11:06:53Z,03204cdd97728dc59f21f215f75460ac8fe2fa56720a88e869c6f56d,60.16829,24.94214,00000000afef4555,13.75
19099,2019-08-04T11:06:53Z,0656a0c0a353f164b57fbdd9e648d71fab429964d97ed07ab2c5dc30,60.18203,24.91341,00000000342570c2,11.7
19100,2019-08-04T11:06:53Z,07505f028a552fd4183a9d7a436db18ae89a2dfeff0cdea93dcbe920,60.16762,24.95415,000000006b44cce7,20.28
19101,2019-08-04T11:06:53Z,08833115ba0f62666fee594662c171563759459bb5f65ffdfeaeaed1,60.18203,24.91341,00000000342570c2,16.1
19102,2019-08-04T11:06:53Z,08b10b51864dc039f0a07c997e66e7a263ee1cde5b0b88b2a1178c58,60.16829,24.94214,00000000afef4555,7.05
19103,2019-08-04T11:06:53Z,0934f41ee040b3f13c700adbb45398901bfbd922fcb8b2751b4da4cd,60.16762,24.95415,000000006b44cce7,21.87
19104,2019-08-04T11:06:53Z,0a949aafc0be15c68d73a5dd186d726aa6b921f44303a712ac6ddcb8,60.16762,24.95415,000000006b44cce7,10.78
19105,2019-08-04T11:06:53Z,0af61169cceddbd5c08068ba987231f31931944ac70a7335e59fce93,60.16897,24.95222,00000000aa852af1,20.28
19106,2019-08-04T11:06:53Z,0b45b52bc137c31ce83561c857f809296ec70f5537976a4a4d573d4f,60.16829,24.94214,00000000afef4555,20.28
19107,2019-08-04T11:06:53Z,0b49dcea1b7eab22f4ebd0c7666ded5b59fe092b8bdd4aa9eda6326d,60.16762,24.95415,000000006b44cce7,6.46
19108,2019-08-04T11:06:53Z,0b9d6ba4d792859c5440f068bbe023da1f32e648bb47f18dcee3a412,60.16897,24.95222,00000000aa852af1,17.4
19109,2019-08-04T11:06:53Z,0c959027ce302054b09087cac97a83aa7e24fb9e4fa2710763f912cb,60.16829,24.94214,00000000afef4555,4.94
19110,2019-08-04T11:06:53Z,0d2490ed58c11eb4a754a30cc4bcb21c7243d322a2caf7cc360e4e8c,60.17065,24.93641,000000000f4919c9,23.56
19111,2019-08-04T11:06:53Z,0e113c5ed3abcdfb31d27c3125f6cf01e3b96e4ed7eca1aaea855f77,60.14947,24.91438,000000004ef3150d,9.12
19112,2019-08-04T11:06:53Z,0fd26c6e46f4d73b276223942e56c38bc9b8e4566239f8a77261657b,60.17002,24.94407,000000006b087f40,14.89
19113,2019-08-04T11:06:53Z,10ca87ada637a6524de98a11c8d3d3d3cfa8f7f5ea839b29c2b132a0,60.16762,24.95415,000000006b44cce7,8.38
19114,2019-08-04T11:06:53Z,1127119e7794170983cf8596358f6c5e312948e7044e505b3ba6b75b,60.16897,24.95222,00000000aa852af1,21.87
19115,2019-08-04T11:06:53Z,131e957246fc0b45d57e5b4089db7d6a4efaa84772af906d65b45c63,60.17002,24.94407,000000006b087f40,20.28
19116,2019-08-04T11:06:53Z,1327ce24f157334f864f913637993c80380ce5f5c911e4b0d31c5eb7,60.149,24.9843,00000000fffb8cf0,3.4
19117,2019-08-04T11:06:53Z,13b0a8ca1414d7b2b0e8d5f80069a5d26c6f62a68b58eda25a4b85f4,60.16829,24.94214,00000000afef4555,4.5
19118,2019-08-04T11:06:53Z,1556d4a76070c26554efa12b4b9c53766a4cc394e8b74ee37f2fff65,60.17065,24.93641,000000000f4919c9,7.05
19119,2019-08-04T11:06:53Z,169c77f0d714e38eb1e798b14fa42ce3fefb0ec1d6f9e93a38a872f1,60.16762,24.95415,000000006b44cce7,5.91
19120,2019-08-04T11:06:53Z,182e58bd6c3c8d836225d454a878bc55d8ed5166564a22f8b635f6ff,60.14947,24.91438,000000004ef3150d,9.12
19121,2019-08-04T11:06:53Z,1921be9815a57f11f291ca085add7b4bf1d044518b03b725df7cf7d5,60.149,24.9843,00000000fffb8cf0,3.4
19122,2019-08-04T11:06:53Z,19db84758eba08a5f9bb56b0ff91d05286765c8e8dfa31bd0b2aaa1c,60.14947,24.91438,000000004ef3150d,9.92
19123,2019-08-04T11:06:53Z,1a9a0f74c353624c42c19c007e82c9c2547b7285d8353d0e375e3f05,60.14699,24.922,00000000a53ed894,9.92
19124,2019-08-04T11:06:53Z,1bb2f4f8b50da61fefc349e20d2cfdc7d34a9ad1c0a13724cbd438aa,60.16762,24.95415,000000006b44cce7,25.36
19125,2019-08-04T11:06:53Z,1c38009e9b89bd8b0d6744bf54ebae9a8ad2dc2868cdfc3f2e399509,60.16829,24.94214,00000000afef4555,11.7
19126,2019-08-04T11:06:53Z,1c9aa21b85f6dc63cc56eb960e89cdeaa6da27738f3fcc4fbee8ee17,60.16762,24.95415,000000006b44cce7,17.4
19127,2019-08-04T11:06:53Z,1ce242f8d8220cd38bf3ea9138c99ae9b2f79b28e68edb864f090ec9,60.149,24.9843,00000000fffb8cf0,25.36
19128,2019-08-04T11:06:53Z,1f6e5095c2c365e120a526c9111895459bc08fb351b964a350cdb64f,60.16762,24.95415,000000006b44cce7,3.74
19129,2019-08-04T11:06:53Z,1fa2c533bba37b249a0105001153733e67a559d40c22cab67f135f64,60.14947,24.91438,000000004ef3150d,6.46
19130,2019-08-04T11:06:53Z,2136558e0a9a89ed5aa044485a8e31bff3b7e5acf38c645a06782afd,60.16448,24.97323,0000000053c6c2be,29.32
19131,2019-08-04T11:06:53Z,227b93698b29687beea48184f42aab63a21fa362af7251be32db2e15,60.16531,24.9442,00000000fdda10fe,2.08
19132,2019-08-04T11:06:53Z,23b7c1b09dfbcbf722a4c48303dd0435cf9885a516d5eebb6538844f,60.16762,24.95415,000000006b44cce7,16.1
19133,2019-08-04T11:06:53Z,23f10190151386d4050571cb299410bc0285ed980b0a00f088e01cf0,60.16762,24.95415,000000006b44cce7,8.38
19134,2019-08-04T11:06:53Z,2535cb5c89ec66044a005b03dd769ca8d0022164a816c06db0e49892,60.16762,24.95415,000000006b44cce7,11.7
19135,2019-08-04T11:06:53Z,2724e42551f43106ea58a8fcc6a43953baa1294cd65e17a90012f706,60.17065,24.93641,000000000f4919c9,0.84
19136,2019-08-04T11:06:53Z,277125506ba4ea1afb2c696256b262e0708d43c30c769a1d4a382a76,60.16762,24.95415,000000006b44cce7,20.28
19137,2019-08-04T11:06:53Z,28741c2e5e348fe81dec0518a21c0930c98a25b6fcece61a262d50de,60.14699,24.922,00000000a53ed894,7.69
19138,2019-08-04T11:06:53Z,28a8c91eedf86256382a085ddcaf523d407151baa947c38797259e95,60.16448,24.97323,0000000053c6c2be,33.81
19139,2019-08-04T11:06:53Z,296a0ffe230305a3d37818a0369b56c99dacdd5df5a161bf238e1084,60.16762,24.95415,000000006b44cce7,2.08
19140,2019-08-04T11:06:53Z,29b5f09785ef76627c2a3f043e1182d11fbd3a465422544c7478aa1c,60.16897,24.95222,00000000aa852af1,16.1
19141,2019-08-04T11:06:53Z,29f5adc4d67413b7d368e8e94a41cf48339e3f5f0903f660170c4fe8,60.17919,24.95181,000000007b5207b6,14.89
19142,2019-08-04T11:06:53Z,2a80aed2c40e7e70ca12152ac812abd79aa1d13efcec25a6d3395136,60.16762,24.95415,000000006b44cce7,12.69
19143,2019-08-04T11:06:53Z,2b8390c7183ae344c6844506a062f78e7038ec6c71227c16c48d5713,60.16829,24.94214,00000000afef4555,18.79
19144,2019-08-04T11:06:53Z,2bade3cfae68c5f3e9df9c6f8327c0cbd36d37a09ade6c16bfb24289,60.16829,24.94214,00000000afef4555,29.32
19145,2019-08-04T11:06:53Z,2d0349a4148a147b05e00cd46c137dd208ba2a8ce9327b493615f1a6,60.16829,24.94214,00000000afef4555,8.38
19146,2019-08-04T11:06:53Z,2de87ef94604fb63bec05eefb71b6cdd0b9807f8551159c2a35e7259,60.17065,24.93641,000000000f4919c9,8.38
19147,2019-08-04T11:06:53Z,2e6e6f89a7d75f0742d016de203c9acc8d6f6bdeb7b56bd12f482653,60.15432,24.9211,0000000019fb59c4,9.12
19148,2019-08-04T11:06:53Z,3004b57f95861dcbc505cbe89ab781674966526a063bee7072de8aba,60.16829,24.94214,00000000afef4555,11.7
19149,2019-08-04T11:06:53Z,30bee351808d5e8082ce012b57f5bc0efc80f8394491a182e0eeee32,60.17919,24.95181,000000007b5207b6,25.36
19150,2019-08-04T11:06:53Z,31659a798f1d780d587f07390c038a78fafa6cabb8180dba635863ce,60.17002,24.94407,000000006b087f40,23.56
19151,2019-08-04T11:06:53Z,32f77f5019e5fce30881c214487361e2e34b8c93277f6e546de72012,60.1638,24.96846,00000000d747f075,23.56
19152,2019-08-04T11:06:53Z,3417d8a6b53687e70f126ebeb1d26a2ff6369dc9a551c3c35c5a04f9,60.17002,24.94407,000000006b087f40,16.1
19153,2019-08-04T11:06:53Z,35e26a55ffcf023f80c64d570297932cbeabb750c9f72ba981e2f66e,60.16762,24.95415,000000006b44cce7,14.89
19154,2019-08-04T11:06:53Z,35f337dd3baf0bc08002ec007d609b685ac29bb2a8bcad6783532a6b,60.16829,24.94214,00000000afef4555,11.7
19155,2019-08-04T11:06:53Z,3670a148a52771f0ff5af161725f65b86873c09eea1a7697861c0438,60.14699,24.922,00000000a53ed894,33.81
19156,2019-08-04T11:06:53Z,374083907dd8980893623726af5633afd59b519c885ad12ba5c674eb,60.17002,24.94407,000000006b087f40,4.11
19157,2019-08-04T11:06:53Z,38561a086c97342a24583c26b33205da50e3e973a8147fe016a4a9ff,60.16829,24.94214,00000000afef4555,23.56
19158,2019-08-04T11:06:53Z,386dea4944e0b83648b4b6faf510fd47b0e9e29a2bb9311fe8a80ee2,60.17918,24.95141,00000000675d5200,9.92
19159,2019-08-04T11:06:53Z,395134265ad60f36cbb21b92db8d3db4d07bd71836d174cbf1a09224,60.16829,24.94214,00000000afef4555,8.38
19160,2019-08-04T11:06:53Z,3991e38309311c3fd5aecdcf3290274a5742396d989a81387bf154ae,60.17002,24.94407,000000006b087f40,23.56
19161,2019-08-04T11:06:53Z,39e2f2a7b03cda9f877366363a3727edfefd16d2221e752dafc33634,60.17002,24.94407,000000006b087f40,23.56
19162,2019-08-04T11:06:53Z,3ac9d056b0f04f774b238a125eb996d46437f7a8c5f6ba6712e971cf,60.17918,24.95141,00000000675d5200,9.92
19163,2019-08-04T11:06:53Z,3b355c039877bd4883845f3fc6ad8dd6f41f170274042f1397585680,60.149,24.9843,00000000fffb8cf0,11.7
19164,2019-08-04T11:06:53Z,3d94cb39941f65cfd265b96154cb8958b207ee5499285ae279f4a3b6,60.17002,24.94407,000000006b087f40,23.56
19165,2019-08-04T11:06:53Z,3f5d3aed90718f7fb8e8a13ac7002718cc22cbe190beb96821ba52e6,60.17065,24.93641,000000000f4919c9,20.28
19166,2019-08-04T11:06:53Z,3fe4e214448b0c9a8dfbee81c347d82a8f0b26859201fb1d77f40fa9,60.16762,24.95415,000000006b44cce7,12.69
19167,2019-08-04T11:06:53Z,40d64df305477f26745a445a97098d36570a8e02616b93a3f562bb21,60.16629,24.95957,00000000fb7600be,23.56
19168,2019-08-04T11:06:53Z,411febba567281e3da6030aa21191fe5efdd090f54aec41ca291563a,60.16897,24.95222,00000000aa852af1,16.1
19169,2019-08-04T11:06:53Z,430248827311f2a35f35eddf73299c91aca3dbf8e22471fff5844932,60.16544,24.95398,0000000038d83d41,23.56
19170,2019-08-04T11:06:53Z,439ff6b8ff9dc79d47e223164a87fc2d620f29bc7ea1bc7ea4c5cc58,60.16897,24.95222,00000000aa852af1,16.1
19171,2019-08-04T11:06:53Z,43a599f28d168caa53108cd20ab0cbcbdc62b74321e8c351eb7aee72,60.17002,24.94407,000000006b087f40,23.56
19172,2019-08-04T11:06:53Z,43d8c869f8bf0d7c3d876015bbc5de703fe705613be55538351ba02d,60.16897,24.95222,00000000aa852af1,29.32
19173,2019-08-04T11:06:53Z,44703b8dd01d3bd79585c9c7e12217e1ac152f86e2b0c9ed6be4bc19,60.16544,24.95398,0000000038d83d41,16.1
19174,2019-08-04T11:06:53Z,4472fa277123afabdf2402fc2a3c5bff2be437e6d56b590278de70fc,60.17065,24.93641,000000000f4919c9,27.28
19175,2019-08-04T11:06:53Z,448f6044c6c095d8c71341a0017dd6746f6e150f03af7c78b794308f,60.16762,24.95415,000000006b44cce7,5.41
19176,2019-08-04T11:06:53Z,44d01b24bde0f8031d7cf15bb66e661ad9bd92807f3213fabf920fa1,60.16762,24.95415,000000006b44cce7,13.75
19177,2019-08-04T11:06:53Z,4538bf4d0ca02f13fad76c46f7b34e72978c49b0cdfe4ea9fe151a50,60.16762,24.95415,000000006b44cce7,9.12
19178,2019-08-04T11:06:53Z,4646c02709d442247dfddb58957eab9e033547ce02b4e7ea1ea2dab5,60.16829,24.94214,00000000afef4555,25.36
19179,2019-08-04T11:06:53Z,465eab28635efe98500085ceb161cf941d02272a0107fbbfb2203c29,60.16829,24.94214,00000000afef4555,7.05
19180,2019-08-04T11:06:53Z,46b576e18e757fc4ec008b41d3c28ec5415a2c2c2f143042e5413137,60.16762,24.95415,000000006b44cce7,9.12
19181,2019-08-04T11:06:53Z,46b81e0dd10fe05195c050bacd41d57feeca0e044b6b317ac22a8656,60.16762,24.95415,000000006b44cce7,11.7
19182,2019-08-04T11:06:53Z,47f787c639f2eed345eb5dca409ffcd989850399a1ab781500dd6e82,60.17919,24.95181,000000007b5207b6,4.94
19183,2019-08-04T11:06:53Z,4833b1ea4f519407574f5a838d93a39de28c756c5f53de7ee273b577,60.14947,24.91438,000000004ef3150d,8.38
19184,2019-08-04T11:06:53Z,49084ae4b6419be9e7bb0c9b1420142e07d6ac3c17c07c26895461ed,60.16829,24.94214,00000000afef4555,16.1
19185,2019-08-04T11:06:53Z,49d6f6bd5878bfac30a67fe92d1501b5b09cab38ab2b35b661902f0d,60.14947,24.91438,000000004ef3150d,20.28
19186,2019-08-04T11:06:53Z,4a54cbed9c373a4136f8851f3f5736eb2fadd5766d316eb5ebbdd231,60.17919,24.95181,000000007b5207b6,17.4
19187,2019-08-04T11:06:53Z,4a912b6c106b63933a8c9cc39598823bcb2c94d4b1cc8a5d55cb3972,60.16829,24.94214,00000000afef4555,1.01
19188,2019-08-04T11:06:53Z,4b5b3e8f2b484bc08b196c265f65c70151bd69f6263318eb29125db2,60.16829,24.94214,00000000afef4555,12.69
19189,2019-08-04T11:06:53Z,4cf634fc84e128c3b9bce07a4b726d136e18f0eea4229fdbb48f6db1,60.16897,24.95222,00000000aa852af1,9.92
19190,2019-08-04T11:06:53Z,4d31b0561dbfc9ef5acbd44ba92acb4ca7bad86b948634f005173ece,60.14699,24.922,00000000a53ed894,9.12
19191,2019-08-04T11:06:53Z,508ee0778f7d5571ac4aa05211272911339b293ff62069f14cd4aa0a,60.16897,24.95222,00000000aa852af1,23.56
19192,2019-08-04T11:06:53Z,51789c3026ccfe7e846e44fcd833d006941c2789b9693c77df5a7c98,60.16762,24.95415,000000006b44cce7,12.69
19193,2019-08-04T11:06:53Z,51dc3e37f2c849cad38b2a651abb7964e1dfc0e1e0a244c3a6ca8193,60.17002,24.94407,000000006b087f40,38.87
19194,2019-08-04T11:06:53Z,538f05c49f43aea0fda8bfcfd03d1ac2fc05b55d83fda538cd91e2a4,60.16762,24.95415,000000006b44cce7,9.12
19195,2019-08-04T11:06:53Z,54d53f276563f566e1cd61b100408412cf78b4fe9fcada830aa6e23b,60.14947,24.91438,000000004ef3150d,9.12
19196,2019-08-04T11:06:53Z,5518b2315c236d486c7a5a4fc27c44987672b2f9a0751ffdaa9cbf78,60.16829,24.94214,00000000afef4555,12.69
19197,2019-08-04T11:06:53Z,56318cc7f3616fceec2564cbb1f6ca8b88ea861935a1ada93aafd7b0,60.16897,24.95222,00000000aa852af1,14.89
19198,2019-08-04T11:06:53Z,565a35900ed1794a9d566f6fc12f2710875a10eb7c8e6fa0ddd92626,60.14699,24.922,00000000a53ed894,14.89
19199,2019-08-04T11:06:53Z,571934189bf349efb6f596e76c21612cf9b82ed44913090169936048,60.17065,24.93641,000000000f4919c9,14.89
19200,2019-08-04T11:06:53Z,584cb0b0cdd14e608c8b57c8aecc9826f9b40027e365e2438a444ea2,60.16762,24.95415,000000006b44cce7,11.7
19201,2019-08-04T11:06:53Z,58ee8fd47328b1c696ec343920f2c0353d19a915924eb6f6f2638e56,60.16762,24.95415,000000006b44cce7,5.41
19202,2019-08-04T11:06:53Z,59b87e6921598d25b092b66e140328fa03c9f06fe4e697dd344f378a,60.17002,24.94407,000000006b087f40,23.56
19203,2019-08-04T11:06:53Z,5a730ea19664020323272509e5443616ea3f1cecd7b295e294be4ba7,60.14947,24.91438,000000004ef3150d,9.92
19204,2019-08-04T11:06:53Z,5d9aa6fcb0d81ceaa80ca13cc08a88138be517656646e0ba0942ce46,60.16897,24.95222,00000000aa852af1,7.69
19205,2019-08-04T11:06:53Z,5e0289eb3bdaad8fcb5f57629501df80b5925a8829d5d1fdeb73caae,60.16629,24.95957,00000000fb7600be,29.32
19206,2019-08-04T11:06:53Z,5f06b3646e6da155a86e1679f197df7b08fe5df6324e56bd5c4b5921,60.17065,24.93641,000000000f4919c9,33.81
19207,2019-08-04T11:06:53Z,5f5805a3ffd092506452c4d45ea8fc037ae23ea726f0b0809ca6ffde,60.16829,24.94214,00000000afef4555,23.56
19208,2019-08-04T11:06:53Z,60f982521b3cf63a23ce97156f686572b3c936ebe5a76c0d78269fd9,60.16762,24.95415,000000006b44cce7,11.7
19209,2019-08-04T11:06:53Z,610d37641cb326502fe1981e6312ae786d40bfbdae28e94223958480,60.16762,24.95415,000000006b44cce7,13.75
19210,2019-08-04T11:06:53Z,6138e6ab3e1e74425af8945a6fcc294c1469a0b9c448b780bcf9d2e2,60.14699,24.922,00000000a53ed894,21.87
19211,2019-08-04T11:06:53Z,62cac4a0e252305e1128942dc3ec48baaa514c6737c415f85abb3665,60.1538,24.95595,0000000038bf9618,36.27
19212,2019-08-04T11:06:53Z,62d86ee13e6ae7a5c41ffc2de746df72d4ef6e8d2b6a51ce1c68965f,60.16829,24.94214,00000000afef4555,9.92
19213,2019-08-04T11:06:53Z,66755836036c771e53ffd9d0dc09b8575231b53b80af22e868691a2a,60.14699,24.922,00000000a53ed894,5.91
19214,2019-08-04T11:06:53Z,66b286cdb9e93883f7eb88bed6e49742fd233e680835bffeeb1b8af8,60.16762,24.95415,000000006b44cce7,18.79
19215,2019-08-04T11:06:53Z,6770188bfb70997d029b95fe32bafef6ca944778a3f1a35d0fa674b8,60.16829,24.94214,00000000afef4555,20.28
19216,2019-08-04T11:06:53Z,697103160f0b3dc0ba38ccdd18203ae84ec35fc314322d1172c093b2,60.16829,24.94214,00000000afef4555,12.69
19217,2019-08-04T11:06:53Z,6978155fc96a2c464cb547d9fc8c5e60f39fbb9de35e49ab211c5efc,60.16897,24.95222,00000000aa852af1,20.28
19218,2019-08-04T11:06:53Z,69852d528034ea6fc746ed8942c32f1c90bc33a7a7317dfac3c9b1c1,60.14699,24.922,00000000a53ed894,4.5
19219,2019-08-04T11:06:53Z,699b48bb93c5befb62ff0686e75f158406b659f14daec16ab66d4499,60.15432,24.9211,0000000019fb59c4,21.87
19220,2019-08-04T11:06:53Z,69d8c906060e226ff0f0f7e78029575f2ee07ebec657a3b641419268,60.14699,24.922,00000000a53ed894,11.7
19221,2019-08-04T11:06:53Z,6a34297fcf1ea6472756f3d437d5cf207a43ab8797c1942f78282951,60.16448,24.97323,0000000053c6c2be,18.79
19222,2019-08-04T11:06:53Z,6ac1903c80e63433e4bc744dc0e801bff647117d38d3753fb9a6a4c1,60.173,24.92524,0000000096918cfa,20.28
19223,2019-08-04T11:06:53Z,6ac8fdd67b3dd11f0bae935f3a285880138382088238b97f511d3f12,60.16897,24.95222,00000000aa852af1,17.4
19224,2019-08-04T11:06:53Z,6c97da4ba9462e7fe786a472989dab23340d31809dd78d5617204da4,60.16829,24.94214,00000000afef4555,9.12
19225,2019-08-04T11:06:53Z,6e492dbc3f10157e7ff00826a839a97262ab36244ccc57b702a89999,60.16531,24.9442,00000000fdda10fe,3.4
19226,2019-08-04T11:06:53Z,6eeb71c74d753822f920829149d942cf52b726b0b83c5aa3e6cb132e,60.16762,24.95415,000000006b44cce7,3.09
19227,2019-08-04T11:06:53Z,6faf62fbff92729472d61bc9a13a5e72833e55bf713863161f8ca9cb,60.15432,24.9211,0000000019fb59c4,25.36
19228,2019-08-04T11:06:53Z,70ffae2b8178e0915c5de7816f8dd8bcc3af745ee49df8ac4da4adba,60.17918,24.95141,00000000675d5200,17.4
19229,2019-08-04T11:06:53Z,714e80a1e3c0fee43e312f314b2faec47e582ee8dac47e4818dbc2f9,60.149,24.9843,00000000fffb8cf0,4.5
19230,2019-08-04T11:06:53Z,71c1367c7dea4dfa243172e02b9092c7a0810bef003216681759891e,60.16897,24.95222,00000000aa852af1,29.32
19231,2019-08-04T11:06:53Z,730d975773cc8c9c07ff88fb87377ff64a961a96e9237e59859fa46f,60.16762,24.95415,000000006b44cce7,5.91
19232,2019-08-04T11:06:53Z,74c2ec2adc228e5b4979284d730fd2de698242f0f06d90f870b8cde6,60.16762,24.95415,000000006b44cce7,9.12
19233,2019-08-04T11:06:53Z,75dc69a66709d80dc34f816e5b2cbf53ee34b75f4ca9ae28f9ddf14c,60.16762,24.95415,000000006b44cce7,12.69
19234,2019-08-04T11:06:53Z,77964c48bd2a8658eeedae4be816422b0ef0be1ee1b6f9093b47f14e,60.14699,24.922,00000000a53ed894,18.79
19235,2019-08-04T11:06:53Z,795b33361c4adbe3fd61f8f680186862dfc479124c39e5da6579b065,60.16829,24.94214,00000000afef4555,20.28
19236,2019-08-04T11:06:53Z,79bde23c1a8980f93a65e14306f0d8ea89e164430d8b991e2bfee82e,60.16531,24.9442,00000000fdda10fe,13.75
19237,2019-08-04T11:06:53Z,79f6ceff0d0fc6687b4982c4d38a9ebb0a1056b6e0c448b1b9e79e8e,60.16897,24.95222,00000000aa852af1,20.28
19238,2019-08-04T11:06:53Z,7a96471c0f2a5b26dc38cc8aa9903b7dcb222a12d81cd73a84570610,60.16629,24.95957,00000000fb7600be,23.56
19239,2019-08-04T11:06:53Z,7afc351f0ed7619c18c64ab06971196bb53d53e2d460151ab711bc0f,60.16762,24.95415,000000006b44cce7,9.92
19240,2019-08-04T11:06:53Z,7c55ecf165387948602e82b684a55be093691849fde2d96ad6574475,60.17065,24.93641,000000000f4919c9,16.1
19241,2019-08-04T11:06:53Z,7ddcdde2316659d0fa4b8597b86430e095ea0bc7f3564a9d05fc60f8,60.16897,24.95222,00000000aa852af1,20.28
19242,2019-08-04T11:06:53Z,7e78b2348d9576c63ebb626030ee9d43e2bf07e860782adf3f1c452b,60.16829,24.94214,00000000afef4555,3.09
19243,2019-08-04T11:06:53Z,7eefc5581c616491b78192b28b519ba727dc884a87bc06b8df1ea4f2,60.14699,24.922,00000000a53ed894,11.7
19244,2019-08-04T11:06:53Z,7f546f0776433ed1b76ea74186c0aad95eca5439e6cefda07922ef14,60.16762,24.95415,000000006b44cce7,6.46
19245,2019-08-04T11:06:53Z,822590bd49bcf7ed4de4f8389586915c343b29c4283ff8b90d7c1d39,60.17065,24.93641,000000000f4919c9,16.1
19246,2019-08-04T11:06:53Z,82ac749474448abac333d00869cb8b508872f86293913d95eae26a05,60.15432,24.9211,0000000019fb59c4,8.38
19247,2019-08-04T11:06:53Z,82cddd3b9f58762d36efe78da4e2722ee587cfdb3fdbc58b52673082,60.16629,24.95957,00000000fb7600be,23.56
19248,2019-08-04T11:06:53Z,844b8ad6ebf530978d1139d527a681991f4d3eed6be5bc723f0b2192,60.16531,24.9442,00000000fdda10fe,0.71
19249,2019-08-04T11:06:53Z,849d6a476563b352092dcda35e816833b571b7f630e7ff8617d9b7da,60.16829,24.94214,00000000afef4555,27.28
19250,2019-08-04T11:06:53Z,858b9418f62577c937fbd0840d7d55206a5931655ab8374e2c7f316c,60.18203,24.91341,00000000342570c2,27.28
19251,2019-08-04T11:06:53Z,886032718e05487be8bd75bb14464814044c7edd7f9a2198304f6fb4,60.16629,24.95957,00000000fb7600be,16.1
19252,2019-08-04T11:06:53Z,8ab70baa822768852fe312b760df7dbcb1a0fec7f2ba601146b9928c,60.16629,24.95957,00000000fb7600be,18.79
19253,2019-08-04T11:06:53Z,8ad180674aa6d08b03238aaf8757517ad2e107e8906f097e12f17487,60.149,24.9843,00000000fffb8cf0,17.4
19254,2019-08-04T11:06:53Z,8f3d9ab893ae4a48fd3417f3a749c21e792779990ae0ad75a8f211de,60.1538,24.95595,0000000038bf9618,27.28
19255,2019-08-04T11:06:53Z,91602a694bc74a2874ba7f02a7bae062a3a77cd869b86a74800415b8,60.17919,24.95181,000000007b5207b6,18.79
19256,2019-08-04T11:06:53Z,93272ad17155ea9499641eda7c5560691582116096278b82738ab21e,60.14699,24.922,00000000a53ed894,18.79
19257,2019-08-04T11:06:53Z,97490f522f1a0226c8f7e8ed7bca08dd71b63d80b46d38020127b868,60.14699,24.922,00000000a53ed894,7.05
19258,2019-08-04T11:06:53Z,9924ed20d6ddee438860f63a9fa1a2cefa7ccfa275d6da3a2008d84d,60.173,24.92524,0000000096918cfa,18.79
19259,2019-08-04T11:06:53Z,998ac46ad73c197bab1f36dca67d8bcaa3aca92249185a5e3715043f,60.17065,24.93641,000000000f4919c9,18.79
19260,2019-08-04T11:06:53Z,9a49d0b5a67fba15ce8971503f6fea88994b33487a842397c5e8564f,60.16762,24.95415,000000006b44cce7,3.09
19261,2019-08-04T11:06:53Z,9aa588cb6f425117e45726b6b9adb7ef86c8f7c8113b547dc61f068a,60.16897,24.95222,00000000aa852af1,16.1
19262,2019-08-04T11:06:53Z,9ab0a60cb60531417ac6ec5ebc6ef591d2f39019c6b0bcb5a89101a2,60.14699,24.922,00000000a53ed894,11.7
19263,2019-08-04T11:06:53Z,9b24f69458294d27d07a0169665965135fd02f4c953f85bcebf4ba87,60.16762,24.95415,000000006b44cce7,10.78
19264,2019-08-04T11:06:53Z,9b4b0705e58750d2bcbd71ad65d85677f7e77db5dfe69d1a70b5d31f,60.17919,24.95181,000000007b5207b6,12.69
19265,2019-08-04T11:06:53Z,9bc50d931d6c1678284177395958d15f05b45d60ae7bc09fe1e1694e,60.16762,24.95415,000000006b44cce7,5.91
19266,2019-08-04T11:06:53Z,9bc91538b73e0220fcf5cd07290c07d56f6f48d3ba0ba6b6b0876da9,60.17065,24.93641,000000000f4919c9,8.38
19267,2019-08-04T11:06:53Z,9bef562c292174f1eb3933116effff74a8733a78e5c1df140de3fd6c,60.17919,24.95181,000000007b5207b6,4.11
19268,2019-08-04T11:06:53Z,9c0b1d2c4c67c07e547e810a94efeaaa1187ae82977e03748470281c,60.16897,24.95222,00000000aa852af1,16.1
19269,2019-08-04T11:06:53Z,9ced7d70503ba24882b6e283fa95ce42e02c1a3618adeb448558c50c,60.16897,24.95222,00000000aa852af1,23.56
19270,2019-08-04T11:06:53Z,9eb1e9bfdceb76ef852f89ebd82139602125f9731b791465e1c21f81,60.16829,24.94214,00000000afef4555,10.78
19271,2019-08-04T11:06:53Z,9f1920350685b4cb747c535ba3c3dc1cb29587668bd507ab96e5692f,60.16629,24.95957,00000000fb7600be,21.87
19272,2019-08-04T11:06:53Z,a0ec1a8d581f94e640a6858a674699d2464ec065e6faea9d4ce2a13b,60.16762,24.95415,000000006b44cce7,3.74
19273,2019-08-04T11:06:53Z,a30740fbf4b7e21f6fe2996e9325c90936de161cb2165e87cd96fd35,60.149,24.9843,00000000fffb8cf0,10.78
19274,2019-08-04T11:06:53Z,a3c1a4a58b9381c27b1d5076e0d8d72039afccfb0e58438a80247324,60.16762,24.95415,000000006b44cce7,3.09
19275,2019-08-04T11:06:53Z,a50e0bb8fd1ad4ad264c3246b210a0c6285faae591c1bd2c2c3458af,60.16829,24.94214,00000000afef4555,7.05
19276,2019-08-04T11:06:53Z,a5835ce352a1e6d8fb6bdc410fae1076c756f7dac8e202465add9277,60.16762,24.95415,000000006b44cce7,7.05
19277,2019-08-04T11:06:53Z,a5d632ac8ffc19a626de034d3c9444fd262ee6edada285c816ea9266,60.16531,24.9442,00000000fdda10fe,5.41
19278,2019-08-04T11:06:53Z,a5f038c127ca4872294d7de2b08e334af618534637cc64bf42a6438d,60.17002,24.94407,000000006b087f40,20.28
19279,2019-08-04T11:06:53Z,a764c2246c85b2b0aa79e581e2fe238da93de098abbb90aee24c11ca,60.16829,24.94214,00000000afef4555,23.56
19280,2019-08-04T11:06:53Z,a81c19fb85eebf853246cdc4d8e38245dfa5ba15c180eaa1bcc0378d,60.16829,24.94214,00000000afef4555,11.7
19281,2019-08-04T11:06:53Z,aa4547c0b6b8be30776e08d524ceeacfbc9930ad720e11fa4cb20882,60.16531,24.9442,00000000fdda10fe,1.38
19282,2019-08-04T11:06:53Z,aa45859d6157e9e86470ec8b81957acc35bafb1b7f419d79357a38cf,60.16829,24.94214,00000000afef4555,7.69
19283,2019-08-04T11:06:53Z,ab1377ddf669bb806f8db586f4ce5ab9f0f4257dda61fe800d8509f5,60.17065,24.93641,000000000f4919c9,23.56
19284,2019-08-04T11:06:53Z,ab5a898dee82ed143fd90e2b4bf5efdb881355a720ed126aef3617a2,60.17002,24.94407,000000006b087f40,23.56
19285,2019-08-04T11:06:53Z,ab6e8769f50a15ea5e0d64f48aaa12886b7599a18cc0eb071a21ae5f,60.16762,24.95415,000000006b44cce7,7.69
19286,2019-08-04T11:06:53Z,ab9310807d2eb4984b053d38f467cb5d3e4211ff71ceb059480cf9ba,60.16829,24.94214,00000000afef4555,13.75
19287,2019-08-04T11:06:53Z,ac5c7e04b55d6d70659e5b8f4705309b9367c78a0edb7ce85f42c181,60.1538,24.95595,0000000038bf9618,23.56
19288,2019-08-04T11:06:53Z,ae2143f0fab3405d38da14312fd801d7d7524534cd3ffeadc631feb0,60.149,24.9843,00000000fffb8cf0,27.28
19289,2019-08-04T11:06:53Z,ae3cda5066e455d4b1e58860e8fb7a35efad69b9964a676b476b0687,60.14947,24.91438,000000004ef3150d,7.05
19290,2019-08-04T11:06:53Z,b07bf68512027f613ec42ef35ecc9ae28f38158a4193299be33e7481,60.14699,24.922,00000000a53ed894,29.32
19291,2019-08-04T11:06:53Z,b0d6202ccd1560eaf57c06931cb6466332e41068ad2963e515819015,60.17919,24.95181,000000007b5207b6,14.89
19292,2019-08-04T11:06:53Z,b2298fc6f63c02481610f9aef24f1a0c1711c255adc43c0fe135c1ca,60.14947,24.91438,000000004ef3150d,9.92
19293,2019-08-04T11:06:53Z,b26d0daac9f8fb84484cbd8ed668aeb6751e848b1c533a307d163360,60.16762,24.95415,000000006b44cce7,3.4
19294,2019-08-04T11:06:53Z,b3266ecf36a984b814e1b2d31b447438bd948a9c116721480104792f,60.16829,24.94214,00000000afef4555,14.89
19295,2019-08-04T11:06:53Z,b4c8900041e9f8751755d3940ceac58419e6370cd81cdb90d7800de1,60.14699,24.922,00000000a53ed894,20.28
19296,2019-08-04T11:06:53Z,b50b3c2006581bccfeaa9ea964649350c7d5b8177baa29a37e628584,60.14947,24.91438,000000004ef3150d,12.69
19297,2019-08-04T11:06:53Z,b533a10e551fb94431643508dbcf944aeac09510b32ffc9fd502db57,60.16762,24.95415,000000006b44cce7,10.78
19298,2019-08-04T11:06:53Z,b5cdbcdc30e0bf653ce353c867708b0067db5e394c8cbe848d978a77,60.14699,24.922,00000000a53ed894,12.69
19299,2019-08-04T11:06:53Z,b601cd655bb9f05aa6ec86fc9eb9300c3bc20bc0e856e94ad168a257,60.14947,24.91438,000000004ef3150d,7.05
19300,2019-08-04T11:06:53Z,b61c6a5634cffe7dead72d5f6730e8439bee6dd2286d9df8f3052e3c,60.16762,24.95415,000000006b44cce7,9.12
19301,2019-08-04T11:06:53Z,b68ee9d08dcd32b04a57eb2ff3d2582eff2a1332cddf4e8ed4e97f0c,60.17002,24.94407,000000006b087f40,25.36
19302,2019-08-04T11:06:53Z,b81a9bf449d3e64ad0181804598330bbf305f384b888935023742c79,60.173,24.92524,0000000096918cfa,14.89
19303,2019-08-04T11:06:53Z,b8f5834e6b992cf5568ae3153fb4b07e97b7f6dd01250851134c1824,60.149,24.9843,00000000fffb8cf0,13.75
19304,2019-08-04T11:06:53Z,b9447a524f5b5bf98585b27b92195b09869ee9cd9da3cf8d2b59c57d,60.16829,24.94214,00000000afef4555,29.32
19305,2019-08-04T11:06:53Z,ba10c562384fcd7e3b548cf24c89336d9eff4d325b8ebafdd219e53d,60.1538,24.95595,0000000038bf9618,29.32
19306,2019-08-04T11:06:53Z,bbf7d8b9085ddcd3b94f55f93b52cb40a251c44f5df4099ba5b61471,60.16829,24.94214,00000000afef4555,4.94
19307,2019-08-04T11:06:53Z,bc07df8cc395f6f4f5d483b2233caca5f93a6918f346e4cc3702f8cc,60.16531,24.9442,00000000fdda10fe,14.89
19308,2019-08-04T11:06:53Z,bf4235c977b63f07c70679988ae6990db3734c8bde50741c636155b9,60.16762,24.95415,000000006b44cce7,5.91
19309,2019-08-04T11:06:53Z,c012e9e2caf1002d24e53817bb1279becdfc4aa9dba085e93ddd88e9,60.17002,24.94407,000000006b087f40,23.56
19310,2019-08-04T11:06:53Z,c17d750015a2259a1bba7471f2e4e0a1db4df53276be8c8463fd5f84,60.16829,24.94214,00000000afef4555,18.79
19311,2019-08-04T11:06:53Z,c1ca9629c5ebd58052fb4c627ab87542db3ca242430d22b727f46bce,60.16762,24.95415,000000006b44cce7,14.89
19312,2019-08-04T11:06:53Z,c27fee8ae8d689338b043608280c83cfa6f3276d3837ecea5f742dc3,60.16762,24.95415,000000006b44cce7,7.05
19313,2019-08-04T11:06:53Z,c2cc33e5b1b8d254d4bcbc0ffa13c9200676a39a191cc31a38d28d8d,60.17065,24.93641,000000000f4919c9,27.28
19314,2019-08-04T11:06:53Z,c2e135ad2c160277e290705658ac41d7cd35b11ebf61d829fdd0b428,60.14699,24.922,00000000a53ed894,7.69
19315,2019-08-04T11:06:53Z,c45e3c4e8ec0fc85457d3b4ed4c49ed0116b4cf447e2983f353abcd8,60.16829,24.94214,00000000afef4555,9.92
19316,2019-08-04T11:06:53Z,c55894159f2080031cda702c78ee54463c3c15ab1b3638afdf687f08,60.16531,24.9442,00000000fdda10fe,5.91
19317,2019-08-04T11:06:53Z,c62e3bc96df19460649fc783b06a07b4ec4602284534df312c451c0f,60.16897,24.95222,00000000aa852af1,31.5
19318,2019-08-04T11:06:53Z,c6b0ea433c3fdc73e0bac7e3faa2690506c4e8ec7fc54210446a7ffa,60.14947,24.91438,000000004ef3150d,25.36
19319,2019-08-04T11:06:53Z,c739921adb150c53f1887c6ce887adc6cd7ae7e35e69f6e4dc52fe81,60.173,24.92524,0000000096918cfa,21.87
19320,2019-08-04T11:06:53Z,c7ced11121537f55bcd7d7ab67312226dafe7c85320c5357a35d5ab7,60.17002,24.94407,000000006b087f40,21.87
19321,2019-08-04T11:06:53Z,ca9ba013f86583100bfa841287733d9985b9d5e28a116525c40a4b40,60.16762,24.95415,000000006b44cce7,11.7
19322,2019-08-04T11:06:53Z,cb2f32be2e27fc44ead887ff7f76c0199bf68b2c6711e6880f4acd01,60.16762,24.95415,000000006b44cce7,8.38
19323,2019-08-04T11:06:53Z,cd7d0e9404c9f4e8fab0742460b9acb4d5bbb97f44df80d4a8b973cd,60.17002,24.94407,000000006b087f40,10.78
19324,2019-08-04T11:06:53Z,cddbfc3b0a1459f0ea8d553779cf320d512cac6e64976182f2f0b3b7,60.16829,24.94214,00000000afef4555,13.75
19325,2019-08-04T11:06:53Z,cf241827513137f094cda8111245217a32612fdb8fdb573be6e1893d,60.16762,24.95415,000000006b44cce7,17.4
19326,2019-08-04T11:06:53Z,d04b5065ec93818b731141027d11e6a1cf53de69b9737d7aea0c34da,60.14947,24.91438,000000004ef3150d,14.89
19327,2019-08-04T11:06:53Z,d1b77fcfad94da8564d1a85ed1797255531e5ab26cc835800878fb26,60.17065,24.93641,000000000f4919c9,16.1
19328,2019-08-04T11:06:53Z,d2fd0c6415d2d8e49fef3415fb8747b524191b4400a4fbb66428cb12,60.14699,24.922,00000000a53ed894,25.36
19329,2019-08-04T11:06:53Z,d3bad9334d128332fc483e10ef1b77c28e5a75ac55be4de71c6b2f9f,60.16829,24.94214,00000000afef4555,17.4
19330,2019-08-04T11:06:53Z,d6a8c97f1ec18c7a90d3beae358bad67f8d53626258a852e15b08c5d,60.14699,24.922,00000000a53ed894,14.89
19331,2019-08-04T11:06:53Z,d71a315bac918f9a18fcd820731e6d9eb54fb0d01c324ca088ef8858,60.149,24.9843,00000000fffb8cf0,18.79
19332,2019-08-04T11:06:53Z,d7b6b8f9e61c0c1181850b8880f319ea2ef58d8a3adac78d63c0d11c,60.16829,24.94214,00000000afef4555,16.1
19333,2019-08-04T11:06:53Z,d82f37918d46bea29e113c6b57b901b1b960ed3337bdcce777aea476,60.17065,24.93641,000000000f4919c9,6.46
19334,2019-08-04T11:06:53Z,d83c1c2d3a3876c948e277bace6d013eafc0c4e118958e138f8b1257,60.16448,24.97323,0000000053c6c2be,25.36
19335,2019-08-04T11:06:53Z,d86f155736e4d36de5d33bdbb3b12b717b75de44852b93419af20945,60.16829,24.94214,00000000afef4555,14.89
19336,2019-08-04T11:06:53Z,db45583e1f7aaaf54e100214986dfc86aa755383e86d361639a5b19b,60.16762,24.95415,000000006b44cce7,7.69
19337,2019-08-04T11:06:53Z,dc4072a3cfc00cca0bde9925adc82bb9c2548af1724368561eefcbf8,60.16762,24.95415,000000006b44cce7,9.92
19338,2019-08-04T11:06:53Z,dc534c1cb5eb7f34b6b57bd93c8d9acb2685ba264563f6f388d09923,60.16762,24.95415,000000006b44cce7,9.12
19339,2019-08-04T11:06:53Z,dc816e92e4a2eceea03f41fc379fda0e3d57b5d0fbd9a06430432022,60.16762,24.95415,000000006b44cce7,7.05
19340,2019-08-04T11:06:53Z,dcb8f3c3c5136c4abc8757fcb34fedc553ea044b0928f945d89334d5,60.16762,24.95415,000000006b44cce7,7.05
19341,2019-08-04T11:06:53Z,dd8e0699822b1a8a3f8a91fcb10729f6f7cd0a4736f36dc60974c36e,60.16762,24.95415,000000006b44cce7,4.94
19342,2019-08-04T11:06:53Z,ddd0e663eb31ac94858d2a4e9af5e4782781e88c92102042190e6fcf,60.14699,24.922,00000000a53ed894,12.69
19343,2019-08-04T11:06:53Z,de48adf9d49eb3bc1d61dea4047618f6c77086fc44bd2b535d56504d,60.16762,24.95415,000000006b44cce7,1.88
19344,2019-08-04T11:06:53Z,de71e27b55ef6f2f51f05838a2fcab596f1dd93a14ece5ce4548f5c7,60.14699,24.922,00000000a53ed894,11.7
19345,2019-08-04T11:06:53Z,e081e4b3252ca91bbf1cbb70faa116d60317fbf3a991a67bc99b4bfa,60.149,24.9843,00000000fffb8cf0,20.28
19346,2019-08-04T11:06:53Z,e0859a9c906151023376d86762070f38ba1b3859e671531b0edac6cd,60.16075,24.95883,00000000f1124bca,25.36
19347,2019-08-04T11:06:53Z,e1da87aea335bcd04e4c876158b96ebc7ba4206bc216c3aa27a2f4af,60.17918,24.95141,00000000675d5200,36.27
19348,2019-08-04T11:06:53Z,e26862fdcdd4688d81b8fe05d1ac94c5f9b3192ddc50d4c66ad12cc1,60.16897,24.95222,00000000aa852af1,16.1
19349,2019-08-04T11:06:53Z,e305610124e16ed1411a221b29ce69a076cc47982efd6c098b0599ab,60.14947,24.91438,000000004ef3150d,11.7
19350,2019-08-04T11:06:53Z,e44d7228cecbdb2474e1cc396a6c13943f09c08c19d0ffab1997d509,60.17919,24.95181,000000007b5207b6,9.12
19351,2019-08-04T11:06:53Z,e53a901aed874016e1cd1ed3e9b2891fca850986cb2fa04f5162cf52,60.16762,24.95415,000000006b44cce7,10.78
19352,2019-08-04T11:06:53Z,e557e164cd52fd817b02cad6587a294d72b0974d9b014ad69ea5e08e,60.17919,24.95181,000000007b5207b6,9.12
19353,2019-08-04T11:06:53Z,e5928057da667903de0b6c1245e1f58273dd85d63d8af0f4eaa771de,60.16762,24.95415,000000006b44cce7,4.94
19354,2019-08-04T11:06:53Z,e5b9b4813c081a31fb498e7f9adb94918c267dfa125c63790c0d9488,60.149,24.9843,00000000fffb8cf0,3.4
19355,2019-08-04T11:06:53Z,e5e14952bf5e52bf1349479a58c0a97d702585889650948d94767608,60.16448,24.97323,0000000053c6c2be,29.32
19356,2019-08-04T11:06:53Z,e675f053b5e39f622f919daf44b8b27ec63646d34ce88f291a97158f,60.16762,24.95415,000000006b44cce7,18.79
19357,2019-08-04T11:06:53Z,e9212d0ead454f8053a296a5168652d45ad486e6d0fd4c9cfc57dded,60.149,24.9843,00000000fffb8cf0,36.27
19358,2019-08-04T11:06:53Z,e9d59e25b58f33f70aad6832863cb59d7485ca55a1575558f92b74e7,60.16897,24.95222,00000000aa852af1,9.92
19359,2019-08-04T11:06:53Z,ec485175d2b7a2c53d03bf546aee134c116d998976601b069570c6f9,60.14699,24.922,00000000a53ed894,13.75
19360,2019-08-04T11:06:53Z,ecb1735f180422ec69f041cd2782a26c9f07d27a87893b3c30aaa9b7,60.16075,24.95883,00000000f1124bca,4.11
19361,2019-08-04T11:06:53Z,ecf13e9d610ad235409932d263110fd52c69d0f5f39e9ffd3ad8b740,60.16897,24.95222,00000000aa852af1,29.32
19362,2019-08-04T11:06:53Z,ee200a3ba703878e67370bbef4c8768feda628ad2e83512a927fec31,60.16897,24.95222,00000000aa852af1,21.87
19363,2019-08-04T11:06:53Z,ee58e3183e0967bff106dcd3894f4688accefe5e721043dd70c1f11c,60.16629,24.95957,00000000fb7600be,27.28
19364,2019-08-04T11:06:53Z,eea43687eab35d2c386347881796eb1c8279076b9e9642ebc2cd06ac,60.16762,24.95415,000000006b44cce7,5.91
19365,2019-08-04T11:06:53Z,ef15ff71b7dc4c2088249a4fca7e28900ae315245a7a3b4d571bf582,60.16829,24.94214,00000000afef4555,5.41
19366,2019-08-04T11:06:53Z,ef33ccdfcdb12920eabb3306e0f86dc7e6060a5d3864b03e2de7e1ef,60.16897,24.95222,00000000aa852af1,14.89
19367,2019-08-04T11:06:53Z,ef45fdc095ee55730384922266d8fce61de212d3c3df2441ea10e524,60.14947,24.91438,000000004ef3150d,14.89
19368,2019-08-04T11:06:53Z,ef5e495c5f9d3dd9eb22ed5b8faf1cc9e4225d4785ebb26a87d16fff,60.14699,24.922,00000000a53ed894,12.69
19369,2019-08-04T11:06:53Z,f014103201b8ae8f495f8e1e04da3c934079461391d4801ee6c2faaf,60.16762,24.95415,000000006b44cce7,9.12
19370,2019-08-04T11:06:53Z,f110acae92fec55c6caca5de864773a6b99e5b8d6e2fdf8d1bdbc759,60.16762,24.95415,000000006b44cce7,8.38
19371,2019-08-04T11:06:53Z,f11c02cbebb4049a29f10d2ee6aac8a9ca3b7b9609a39d69463461a1,60.17065,24.93641,000000000f4919c9,20.28
19372,2019-08-04T11:06:53Z,f196f5f8c08299d290b3bac1944e00bb1f2c90594db66438b0c10e6e,60.16629,24.95957,00000000fb7600be,14.89
19373,2019-08-04T11:06:53Z,f1d44b9d3710849eba7eab0b6646053378aa5f8ee3491ec2522f3c44,60.14947,24.91438,000000004ef3150d,12.69
19374,2019-08-04T11:06:53Z,f5ffa3dbcdd5592ac31344cb04a7a6d639109a4d6e196fa0df3990dd,60.17065,24.93641,000000000f4919c9,27.28
19375,2019-08-04T11:06:53Z,f616fbd0fde8316049c3068ae4368dc9f486f8da4bf5516e9ba82578,60.16897,24.95222,00000000aa852af1,17.4
19376,2019-08-04T11:06:53Z,f62b86ef56fa9417b0128f2fff6530aed6f2a50d3f65bbbfdcbbee59,60.16762,24.95415,000000006b44cce7,10.78
19377,2019-08-04T11:06:53Z,f855918d61069661cbf8633b228a5fb9e5cd5ea7b2946bfc5b9fc315,60.16829,24.94214,00000000afef4555,16.1
19378,2019-08-04T11:06:53Z,fa15a46a5326515aa1a4b43762ef2018a2be3ac983c811558c1fe104,60.16762,24.95415,000000006b44cce7,6.46
19379,2019-08-04T11:06:53Z,fb37b263777ffcf7fe1fb6484821cae2b8beb03b5f5009109748dedb,60.16762,24.95415,000000006b44cce7,7.05
19380,2019-08-04T11:06:53Z,fbd28054e4a5478c8ca06f4d682405d1c59bef4853cad413ecb58d13,60.14699,24.922,00000000a53ed894,13.75
19381,2019-08-04T11:06:53Z,fdf5c0dab003c974e22f3746bfb7fa399e10ca82fcec35ba6dcd6065,60.18203,24.91341,00000000342570c2,17.4
19382,2019-08-04T11:06:53Z,ffb7319984ecae155652e100da9b204f0b92f3b6c7239cfea4dcf966,60.14699,24.922,00000000a53ed894,23.56
19383,2019-08-04T11:06:54Z,004c3624f943830bc6a9f17173a2cd0996622cade5184ad2b9fba729,60.16897,24.95222,00000000aa852af1,8.38
19384,2019-08-04T11:06:54Z,048a4191e2e9ce1733556eda54c4123345c70aeced0f8ecf7d52b916,60.14699,24.922,00000000a53ed894,18.79
19385,2019-08-04T11:06:54Z,128f1b89d7a534aa206a7823b692594bbd4d349761baa04c0fc72f2c,60.14947,24.91438,000000004ef3150d,17.4
19386,2019-08-04T11:06:54Z,14c7e1511b70f4dd3359cbece1377aebb4d70531f5489eefe53d7c3c,60.16544,24.95398,0000000038d83d41,23.56
19387,2019-08-04T11:06:54Z,165ebbb4090d47319ae370f0d0854fdc1f6b79499f8b2e4d3c3533c0,60.16544,24.95398,0000000038d83d41,27.28
19388,2019-08-04T11:06:54Z,25a7ff811c3c06e426c7c2cbb0433d9a2a3399b23afecbd35584ab0f,60.18203,24.91341,00000000342570c2,10.78
19389,2019-08-04T11:06:54Z,29016fc5853bb802e42e93eb5fd98882d64029327d793a2f2335b9e4,60.16829,24.94214,00000000afef4555,23.56
19390,2019-08-04T11:06:54Z,3b5cafe90982db26cf737b2e4cd4275276f6a031bca3b2a1f73023b2,60.14699,24.922,00000000a53ed894,16.1
19391,2019-08-04T11:06:54Z,43b676ed3aef4c2d8846694817e76117873be52e7f788e0cb366c1c4,60.16629,24.95957,00000000fb7600be,23.56
19392,2019-08-04T11:06:54Z,44d0b94469070803869f229601e877beb613c3f5aafa009addf97a1a,60.16544,24.95398,0000000038d83d41,29.32
19393,2019-08-04T11:06:54Z,4656bad9b5e6dfc3977eca308fc1db3dbf8b0204b90d09b001da242e,60.1638,24.96846,00000000d747f075,21.87
19394,2019-08-04T11:06:54Z,5d65719c4cbf045f068d084b72302f447d5fd034413d97d13be00d0e,60.18203,24.91341,00000000342570c2,21.87
19395,2019-08-04T11:06:54Z,5eed115a984d490b02b602d73787aee8dc8c4e9365b77fbff3818a76,60.16629,24.95957,00000000fb7600be,17.4
19396,2019-08-04T11:06:54Z,69219e9efa41ae9e732653e9eaf08e1a34cb853a9dafe76ddeea4d04,60.16897,24.95222,00000000aa852af1,23.56
19397,2019-08-04T11:06:54Z,6a70e2fbced719333e21eff04fcb9cb36bae9a04d1a3d6ddd96f2c58,60.15432,24.9211,0000000019fb59c4,4.94
19398,2019-08-04T11:06:54Z,87dfaad29a9276ddddb1fa021d3bc23ad14824c1af16f7d87e713689,60.14951,24.92138,0000000006dd41f6,9.92
19399,2019-08-04T11:06:54Z,88808fe92573e9cdf022cc15b9689b6b4b9429f60513c8897b0ba4c7,60.16897,24.95222,00000000aa852af1,16.1
19400,2019-08-04T11:06:54Z,8c3b1ed0846e38cc84b863a80540c8a75bfd85c8bdda36563d153110,60.16544,24.95398,0000000038d83d41,21.87
19401,2019-08-04T11:06:54Z,8c75c3289c84fe4493e1e272a77b615fe1985880c5dc68a7c1a17b53,60.16762,24.95415,000000006b44cce7,11.7
19402,2019-08-04T11:06:54Z,92aae21a6e0dd2ff71fc591b64e878502bd4677b64ac413632e9f7c6,60.149,24.9843,00000000fffb8cf0,14.89
19403,2019-08-04T11:06:54Z,9843c6216661048343a0e49cf3d8aa2883cf77f452666a1c873a1052,60.16448,24.97323,0000000053c6c2be,12.69
19404,2019-08-04T11:06:54Z,9992834418850939882f3b334eee492eb98d4f9d6d6118f9ee108793,60.16762,24.95415,000000006b44cce7,2.8
19405,2019-08-04T11:06:54Z,9c8556ea519835172f09c20e7688066eeec8e7f74a0c6fa3df3d9c5f,60.16829,24.94214,00000000afef4555,16.1
19406,2019-08-04T11:06:54Z,9fc0711d7e7722eff7faa0cb6f17846680c06515c1eb93dd49ebcf25,60.14699,24.922,00000000a53ed894,18.79
19407,2019-08-04T11:06:54Z,a13e5d46f0a2d1c6b58878e1b198905e9b14e3a85b5e4adab88b4b87,60.16762,24.95415,000000006b44cce7,17.4
19408,2019-08-04T11:06:54Z,a91d379a4b57c5df22db0d7a041ff69f657b4b31f28554b1011fc03c,60.16544,24.95398,0000000038d83d41,31.5
19409,2019-08-04T11:06:54Z,b5fd6b317890e5ab2d79e2cd1abe61626d45a753c7337d0d40728898,60.16762,24.95415,000000006b44cce7,9.92
19410,2019-08-04T11:06:54Z,b936e41d8712ae967f3ebb413fc44f060bb10613f95537757886ede2,60.16762,24.95415,000000006b44cce7,10.78
19411,2019-08-04T11:06:54Z,bfcaefe93f7fcb6aad6e62e3da473a7b5b03a62db532dad02a7d3559,60.16762,24.95415,000000006b44cce7,20.28
19412,2019-08-04T11:06:54Z,c97eb4181394121907d47b908495f54e5ee5145ff790f7a1dc21b3cf,60.16897,24.95222,00000000aa852af1,12.69
19413,2019-08-04T11:06:54Z,ca6927628f5ddda20036865c9345ad93d476d62ade3b181de568eed6,60.16897,24.95222,00000000aa852af1,27.28
19414,2019-08-04T11:06:54Z,cd2c2ce2425879ac455c812073aa8025c7bac76df380e4793edab46d,60.16829,24.94214,00000000afef4555,18.79
19415,2019-08-04T11:06:54Z,cf05623e4d87ce0906c0b0b7dbf53aacc1228016cd27c341228b6e76,60.18203,24.91341,00000000342570c2,18.79
19416,2019-08-04T11:06:54Z,cfc0bedb78ded52749db3188cb188bf6a250ef5990da9c5afa9623fc,60.14951,24.92138,0000000006dd41f6,20.28
19417,2019-08-04T11:06:54Z,dbeb00942457ba3c5fb1984b57b1dedb268c0e761e80729b939f1fd8,60.16544,24.95398,0000000038d83d41,25.36
19418,2019-08-04T11:06:54Z,e224ae5ea47af2e3048f83b13a1f45dc135c0ca6be72547b01729086,60.1538,24.95595,0000000038bf9618,21.87
19419,2019-08-04T11:06:54Z,e8690c2d1711bc10f2d1251a3b5b1e770b98c66c384760400c604de1,60.16829,24.94214,00000000afef4555,23.56
19420,2019-08-04T11:06:54Z,e96bd269a48b822b06141c3362fcb6d5ed4d0d09a120f2e4a712d5c2,60.16897,24.95222,00000000aa852af1,25.36
19421,2019-08-04T11:06:54Z,ed70dda6b7faebd4340dacdb452ab224d9d3c308df417b7fa76f54e8,60.14951,24.92138,0000000006dd41f6,21.87
19422,2019-08-04T11:06:54Z,f088630d7476dae7d4b7e2bb1f10575f2c89acb4b6e061f3d57c2b40,60.16531,24.9442,00000000fdda10fe,33.81
19423,2019-08-04T11:06:54Z,f30a5193aa7850aac581b8dd71512a8712c96f36fdef78d8292d4788,60.16762,24.95415,000000006b44cce7,3.74
19424,2019-08-04T11:06:54Z,f31cfded6f566f9c032c80c52ea642407be312c5d42521ab7a8d3e2a,60.16897,24.95222,00000000aa852af1,21.87
19425,2019-08-04T11:06:54Z,f405a7c4a3a4339f8e3f7e552f6492d6eed76f7d08c54943286213de,60.16762,24.95415,000000006b44cce7,20.28
19426,2019-08-04T11:06:54Z,fc4f3a44235f1cfc7b53f14ba2da599976a5a0a220d23b852688e485,60.17919,24.95181,000000007b5207b6,11.7
19427,2019-08-04T11:06:54Z,0043f38f4fb6545d7c033c9a8f8c18106aa0c2c841f28a15dd722e9d,60.14699,24.922,00000000a53ed894,12.69
19428,2019-08-04T11:06:54Z,0236a1d5b9b9d2249407a79705eee38de360ceb0530a8959ba5bc15b,60.149,24.9843,00000000fffb8cf0,23.56
19429,2019-08-04T11:06:54Z,02a354db29cd5bc16976a9d933e03a41be350f9cc78098829a7dcfd4,60.14947,24.91438,000000004ef3150d,17.4
19430,2019-08-04T11:06:54Z,03204cdd97728dc59f21f215f75460ac8fe2fa56720a88e869c6f56d,60.16829,24.94214,00000000afef4555,9.92
19431,2019-08-04T11:06:54Z,0350f01f9f5550a8a9c5162634313d83bebde220dfea6c70899cc859,60.16762,24.95415,000000006b44cce7,13.75
19432,2019-08-04T11:06:54Z,0495ba0a1c04e0262f37eaa32084a173acc00638a16e76bb922b97dd,60.16762,24.95415,000000006b44cce7,12.69
19433,2019-08-04T11:06:54Z,0623e5ba4e94b3d42b9011d0d7de2ad0b0f2684f8a3dcd6c15c4cf1a,60.16762,24.95415,000000006b44cce7,20.28
19434,2019-08-04T11:06:54Z,0625280cf414aa015aa8b4d504d6fc74879a1144b913e254fec5db9d,60.16762,24.95415,000000006b44cce7,16.1
19435,2019-08-04T11:06:54Z,0656a0c0a353f164b57fbdd9e648d71fab429964d97ed07ab2c5dc30,60.18203,24.91341,00000000342570c2,17.4
19436,2019-08-04T11:06:54Z,08833115ba0f62666fee594662c171563759459bb5f65ffdfeaeaed1,60.18203,24.91341,00000000342570c2,29.32
19437,2019-08-04T11:06:54Z,08b10b51864dc039f0a07c997e66e7a263ee1cde5b0b88b2a1178c58,60.16829,24.94214,00000000afef4555,18.79
19438,2019-08-04T11:06:54Z,096c3b0de1dab1407cd4d3330546404c0d62ce025924420496380f89,60.16762,24.95415,000000006b44cce7,5.91
19439,2019-08-04T11:06:54Z,0a949aafc0be15c68d73a5dd186d726aa6b921f44303a712ac6ddcb8,60.16762,24.95415,000000006b44cce7,7.69
19440,2019-08-04T11:06:54Z,0b49dcea1b7eab22f4ebd0c7666ded5b59fe092b8bdd4aa9eda6326d,60.16762,24.95415,000000006b44cce7,3.74
19441,2019-08-04T11:06:54Z,0b9d6ba4d792859c5440f068bbe023da1f32e648bb47f18dcee3a412,60.16897,24.95222,00000000aa852af1,27.28
19442,2019-08-04T11:06:54Z,0c959027ce302054b09087cac97a83aa7e24fb9e4fa2710763f912cb,60.16829,24.94214,00000000afef4555,4.94
19443,2019-08-04T11:06:54Z,0d2490ed58c11eb4a754a30cc4bcb21c7243d322a2caf7cc360e4e8c,60.17065,24.93641,000000000f4919c9,11.7
19444,2019-08-04T11:06:54Z,0dc12f22306d5f6622fc786011f32f1961a5f94018be9c2236fb2e52,60.14699,24.922,00000000a53ed894,13.75
19445,2019-08-04T11:06:54Z,0e113c5ed3abcdfb31d27c3125f6cf01e3b96e4ed7eca1aaea855f77,60.14947,24.91438,000000004ef3150d,10.78
19446,2019-08-04T11:06:54Z,0fd26c6e46f4d73b276223942e56c38bc9b8e4566239f8a77261657b,60.17002,24.94407,000000006b087f40,14.89
19447,2019-08-04T11:06:54Z,103e596ccbbe3422403a38786a0bee588f55208bb343963e67ba6ba0,60.149,24.9843,00000000fffb8cf0,21.87
19448,2019-08-04T11:06:54Z,10ca87ada637a6524de98a11c8d3d3d3cfa8f7f5ea839b29c2b132a0,60.16762,24.95415,000000006b44cce7,9.12
19449,2019-08-04T11:06:54Z,135b81a7a5a9dd70569656553c100af6fdc760bcf92d9b7b48261cb1,60.16897,24.95222,00000000aa852af1,20.28
19450,2019-08-04T11:06:54Z,1383eef8480b4be0e3801d66d4f5cf57a214b400e259e18ad3106fb1,60.16897,24.95222,00000000aa852af1,29.32
19451,2019-08-04T11:06:54Z,1556d4a76070c26554efa12b4b9c53766a4cc394e8b74ee37f2fff65,60.17065,24.93641,000000000f4919c9,4.11
19452,2019-08-04T11:06:54Z,163dbc381da1ed6a59dda273955da51bb7f1216e1b8e226446d40e4b,60.1538,24.95595,0000000038bf9618,31.5
19453,2019-08-04T11:06:54Z,169c77f0d714e38eb1e798b14fa42ce3fefb0ec1d6f9e93a38a872f1,60.16762,24.95415,000000006b44cce7,4.5
19454,2019-08-04T11:06:54Z,17861db3c9efb479761315b23143cfdc5f694922946406d53fd5fc1d,60.17065,24.93641,000000000f4919c9,5.91
19455,2019-08-04T11:06:54Z,182e58bd6c3c8d836225d454a878bc55d8ed5166564a22f8b635f6ff,60.14947,24.91438,000000004ef3150d,9.92
19456,2019-08-04T11:06:54Z,1921be9815a57f11f291ca085add7b4bf1d044518b03b725df7cf7d5,60.149,24.9843,00000000fffb8cf0,5.41
19457,2019-08-04T11:06:54Z,1a06b5f7f305badd45e93db9d86d76ed3a2a96ec55ec47c836921e3e,60.16762,24.95415,000000006b44cce7,9.12
19458,2019-08-04T11:06:54Z,1a9a0f74c353624c42c19c007e82c9c2547b7285d8353d0e375e3f05,60.14699,24.922,00000000a53ed894,9.12
19459,2019-08-04T11:06:54Z,1c38009e9b89bd8b0d6744bf54ebae9a8ad2dc2868cdfc3f2e399509,60.16829,24.94214,00000000afef4555,9.12
19460,2019-08-04T11:06:54Z,1c8c3befa38b65f707dd4933a68e5e3c9e7c82592fd382779127416b,60.16897,24.95222,00000000aa852af1,16.1
19461,2019-08-04T11:06:54Z,1e3efbe25e19c47f81e4c501d1fd56cf506c3da4b57b10fc8c953dd5,60.16762,24.95415,000000006b44cce7,12.69
19462,2019-08-04T11:06:54Z,1f6e5095c2c365e120a526c9111895459bc08fb351b964a350cdb64f,60.16762,24.95415,000000006b44cce7,9.12
19463,2019-08-04T11:06:54Z,1fa2c533bba37b249a0105001153733e67a559d40c22cab67f135f64,60.14947,24.91438,000000004ef3150d,14.89
19464,2019-08-04T11:06:54Z,2136558e0a9a89ed5aa044485a8e31bff3b7e5acf38c645a06782afd,60.16448,24.97323,0000000053c6c2be,27.28
19465,2019-08-04T11:06:54Z,227b93698b29687beea48184f42aab63a21fa362af7251be32db2e15,60.16531,24.9442,00000000fdda10fe,2.3
19466,2019-08-04T11:06:54Z,23b4a8c7918ca417eab83481a710fd544e1fa8bf7073b5955c0155c8,60.14699,24.922,00000000a53ed894,29.32
19467,2019-08-04T11:06:54Z,23b7c1b09dfbcbf722a4c48303dd0435cf9885a516d5eebb6538844f,60.16762,24.95415,000000006b44cce7,18.79
19468,2019-08-04T11:06:54Z,2535cb5c89ec66044a005b03dd769ca8d0022164a816c06db0e49892,60.16762,24.95415,000000006b44cce7,7.69
19469,2019-08-04T11:06:54Z,2671a156fa8d8bb05970481c8f83bcf9f261f73dae27f2bb9ac88aeb,60.14699,24.922,00000000a53ed894,14.89
19470,2019-08-04T11:06:54Z,2724e42551f43106ea58a8fcc6a43953baa1294cd65e17a90012f706,60.17065,24.93641,000000000f4919c9,1.7
19471,2019-08-04T11:06:54Z,28741c2e5e348fe81dec0518a21c0930c98a25b6fcece61a262d50de,60.14699,24.922,00000000a53ed894,12.69
19472,2019-08-04T11:06:54Z,296a0ffe230305a3d37818a0369b56c99dacdd5df5a161bf238e1084,60.16762,24.95415,000000006b44cce7,4.94
19473,2019-08-04T11:06:54Z,29b5f09785ef76627c2a3f043e1182d11fbd3a465422544c7478aa1c,60.16897,24.95222,00000000aa852af1,18.79
19474,2019-08-04T11:06:54Z,29f5adc4d67413b7d368e8e94a41cf48339e3f5f0903f660170c4fe8,60.17918,24.95141,00000000675d5200,12.69
19475,2019-08-04T11:06:54Z,2a80aed2c40e7e70ca12152ac812abd79aa1d13efcec25a6d3395136,60.16762,24.95415,000000006b44cce7,5.41
19476,2019-08-04T11:06:54Z,2bade3cfae68c5f3e9df9c6f8327c0cbd36d37a09ade6c16bfb24289,60.16829,24.94214,00000000afef4555,20.28
19477,2019-08-04T11:06:54Z,2bbd3ab96fbdc70aeeb702eec09ad635ef2e72885baf7c23ad48b654,60.16762,24.95415,000000006b44cce7,9.12
19478,2019-08-04T11:06:54Z,2c85e4140ca0ba77c3598ceac05eb2c2342409ce8111c863fc58c606,60.16829,24.94214,00000000afef4555,23.56
19479,2019-08-04T11:06:54Z,2ccaeb30423977ff22b6afc29243b861b476a5f4ffafdf200d326d78,60.17002,24.94407,000000006b087f40,18.79
19480,2019-08-04T11:06:54Z,2de87ef94604fb63bec05eefb71b6cdd0b9807f8551159c2a35e7259,60.17065,24.93641,000000000f4919c9,5.41
19481,2019-08-04T11:06:54Z,2e6e6f89a7d75f0742d016de203c9acc8d6f6bdeb7b56bd12f482653,60.15432,24.9211,0000000019fb59c4,5.91
19482,2019-08-04T11:06:54Z,3004b57f95861dcbc505cbe89ab781674966526a063bee7072de8aba,60.16829,24.94214,00000000afef4555,14.89
19483,2019-08-04T11:06:54Z,303e51dd6e5cca35a9f9f76fbe8ef97bd64a9dc6b4e965b1f74ca279,60.14699,24.922,00000000a53ed894,16.1
19484,2019-08-04T11:06:54Z,30bee351808d5e8082ce012b57f5bc0efc80f8394491a182e0eeee32,60.17918,24.95141,00000000675d5200,18.79
19485,2019-08-04T11:06:54Z,31659a798f1d780d587f07390c038a78fafa6cabb8180dba635863ce,60.17002,24.94407,000000006b087f40,17.4
19486,2019-08-04T11:06:54Z,32f77f5019e5fce30881c214487361e2e34b8c93277f6e546de72012,60.1638,24.96846,00000000d747f075,31.5
19487,2019-08-04T11:06:54Z,33008d1586e53cb38d80e4042fa71162b829e54bd7fc5deb62c762dd,60.16762,24.95415,000000006b44cce7,20.28
19488,2019-08-04T11:06:54Z,3417d8a6b53687e70f126ebeb1d26a2ff6369dc9a551c3c35c5a04f9,60.17002,24.94407,000000006b087f40,12.69
19489,2019-08-04T11:06:54Z,3512bf26a0a9e7475c2b0fae94e1eeac7dfa237db81ed1f40ce18825,60.149,24.9843,00000000fffb8cf0,29.32
19490,2019-08-04T11:06:54Z,35f337dd3baf0bc08002ec007d609b685ac29bb2a8bcad6783532a6b,60.16829,24.94214,00000000afef4555,18.79
19491,2019-08-04T11:06:54Z,3670a148a52771f0ff5af161725f65b86873c09eea1a7697861c0438,60.14699,24.922,00000000a53ed894,14.89
19492,2019-08-04T11:06:54Z,369f86264ed4430557e0d35917aac7a1faab8cfb6578ca64f4f22819,60.16762,24.95415,000000006b44cce7,18.79
19493,2019-08-04T11:06:54Z,374083907dd8980893623726af5633afd59b519c885ad12ba5c674eb,60.17002,24.94407,000000006b087f40,8.38
19494,2019-08-04T11:06:54Z,38561a086c97342a24583c26b33205da50e3e973a8147fe016a4a9ff,60.16829,24.94214,00000000afef4555,17.4
19495,2019-08-04T11:06:54Z,386dea4944e0b83648b4b6faf510fd47b0e9e29a2bb9311fe8a80ee2,60.17918,24.95141,00000000675d5200,10.78
19496,2019-08-04T11:06:54Z,395134265ad60f36cbb21b92db8d3db4d07bd71836d174cbf1a09224,60.16829,24.94214,00000000afef4555,9.92
19497,2019-08-04T11:06:54Z,3991e38309311c3fd5aecdcf3290274a5742396d989a81387bf154ae,60.17002,24.94407,000000006b087f40,21.87
19498,2019-08-04T11:06:54Z,39e2f2a7b03cda9f877366363a3727edfefd16d2221e752dafc33634,60.17002,24.94407,000000006b087f40,27.28
19499,2019-08-04T11:06:54Z,3ac85712ab657e849113d439795c4e7325d1025cacdbd9a41174b031,60.17002,24.94407,000000006b087f40,20.28
19500,2019-08-04T11:06:54Z,3ac9d056b0f04f774b238a125eb996d46437f7a8c5f6ba6712e971cf,60.17918,24.95141,00000000675d5200,9.92
19501,2019-08-04T11:06:54Z,3b355c039877bd4883845f3fc6ad8dd6f41f170274042f1397585680,60.149,24.9843,00000000fffb8cf0,13.75
19502,2019-08-04T11:06:54Z,3d30fee9b8d261e48f2751481d420879a4ae47073273d8ad4c3ffcda,60.16762,24.95415,000000006b44cce7,5.91
19503,2019-08-04T11:06:54Z,3daa2205b02453faa04e23c0bf80d6d22d657277425f07e4fc424dbc,60.16762,24.95415,000000006b44cce7,4.5
19504,2019-08-04T11:06:54Z,3e36420df19c06796a79acdad84551653de9b0132cb0987329f75291,60.16897,24.95222,00000000aa852af1,23.56
19505,2019-08-04T11:06:54Z,3f67c6713a6cca446a46616c9970c7a2ddffb03f21e10c8ea9b2f380,60.16897,24.95222,00000000aa852af1,18.79
19506,2019-08-04T11:06:54Z,3fe4e214448b0c9a8dfbee81c347d82a8f0b26859201fb1d77f40fa9,60.16762,24.95415,000000006b44cce7,8.38
19507,2019-08-04T11:06:54Z,40d64df305477f26745a445a97098d36570a8e02616b93a3f562bb21,60.16629,24.95957,00000000fb7600be,23.56
19508,2019-08-04T11:06:54Z,439ff6b8ff9dc79d47e223164a87fc2d620f29bc7ea1bc7ea4c5cc58,60.16897,24.95222,00000000aa852af1,14.89
19509,2019-08-04T11:06:54Z,43a599f28d168caa53108cd20ab0cbcbdc62b74321e8c351eb7aee72,60.17002,24.94407,000000006b087f40,21.87
19510,2019-08-04T11:06:54Z,43d8c869f8bf0d7c3d876015bbc5de703fe705613be55538351ba02d,60.16897,24.95222,00000000aa852af1,4.5
19511,2019-08-04T11:06:54Z,44703b8dd01d3bd79585c9c7e12217e1ac152f86e2b0c9ed6be4bc19,60.16544,24.95398,0000000038d83d41,21.87
19512,2019-08-04T11:06:54Z,448f6044c6c095d8c71341a0017dd6746f6e150f03af7c78b794308f,60.16762,24.95415,000000006b44cce7,4.94
19513,2019-08-04T11:06:54Z,4646c02709d442247dfddb58957eab9e033547ce02b4e7ea1ea2dab5,60.16829,24.94214,00000000afef4555,23.56
19514,2019-08-04T11:06:54Z,465eab28635efe98500085ceb161cf941d02272a0107fbbfb2203c29,60.16829,24.94214,00000000afef4555,9.12
19515,2019-08-04T11:06:54Z,47f787c639f2eed345eb5dca409ffcd989850399a1ab781500dd6e82,60.17919,24.95181,000000007b5207b6,7.05
19516,2019-08-04T11:06:54Z,4800d49ec59e1cde34360defcce4c2a0c6a58919303c1fe6fdebceec,60.16762,24.95415,000000006b44cce7,11.7
19517,2019-08-04T11:06:54Z,4833b1ea4f519407574f5a838d93a39de28c756c5f53de7ee273b577,60.14947,24.91438,000000004ef3150d,6.46
19518,2019-08-04T11:06:54Z,49084ae4b6419be9e7bb0c9b1420142e07d6ac3c17c07c26895461ed,60.16829,24.94214,00000000afef4555,23.56
19519,2019-08-04T11:06:54Z,4954540aca30f8f56f918178fbd53ee48ddef7a231d425061f6b2f6f,60.18203,24.91341,00000000342570c2,18.79
19520,2019-08-04T11:06:54Z,49d6f6bd5878bfac30a67fe92d1501b5b09cab38ab2b35b661902f0d,60.14947,24.91438,000000004ef3150d,27.28
19521,2019-08-04T11:06:54Z,4a54cbed9c373a4136f8851f3f5736eb2fadd5766d316eb5ebbdd231,60.17919,24.95181,000000007b5207b6,17.4
19522,2019-08-04T11:06:54Z,4a912b6c106b63933a8c9cc39598823bcb2c94d4b1cc8a5d55cb3972,60.16829,24.94214,00000000afef4555,1.38
19523,2019-08-04T11:06:54Z,4b5b3e8f2b484bc08b196c265f65c70151bd69f6263318eb29125db2,60.16829,24.94214,00000000afef4555,10.78
19524,2019-08-04T11:06:54Z,4cf634fc84e128c3b9bce07a4b726d136e18f0eea4229fdbb48f6db1,60.16897,24.95222,00000000aa852af1,14.89
19525,2019-08-04T11:06:54Z,4d31b0561dbfc9ef5acbd44ba92acb4ca7bad86b948634f005173ece,60.14699,24.922,00000000a53ed894,11.7
19526,2019-08-04T11:06:54Z,51dc3e37f2c849cad38b2a651abb7964e1dfc0e1e0a244c3a6ca8193,60.17002,24.94407,000000006b087f40,16.1
19527,2019-08-04T11:06:54Z,52daa31a2b3c1c07f78d96ebb4de3a965da5ef0a8035afbd0f7451fb,60.16531,24.9442,00000000fdda10fe,18.79
19528,2019-08-04T11:06:54Z,542a405b620e6d166ecc5eadd979b3936d831cea3aa7b75316adb4ca,60.16897,24.95222,00000000aa852af1,20.28
19529,2019-08-04T11:06:54Z,54d53f276563f566e1cd61b100408412cf78b4fe9fcada830aa6e23b,60.14947,24.91438,000000004ef3150d,12.69
19530,2019-08-04T11:06:54Z,5518b2315c236d486c7a5a4fc27c44987672b2f9a0751ffdaa9cbf78,60.16829,24.94214,00000000afef4555,8.38
19531,2019-08-04T11:06:54Z,55f047531784bdfb349239ad705090dfe4fce836942569dac1d34cd3,60.16762,24.95415,000000006b44cce7,23.56
19532,2019-08-04T11:06:54Z,56318cc7f3616fceec2564cbb1f6ca8b88ea861935a1ada93aafd7b0,60.16897,24.95222,00000000aa852af1,20.28
19533,2019-08-04T11:06:54Z,571934189bf349efb6f596e76c21612cf9b82ed44913090169936048,60.17065,24.93641,000000000f4919c9,12.69
19534,2019-08-04T11:06:54Z,58ee8fd47328b1c696ec343920f2c0353d19a915924eb6f6f2638e56,60.16762,24.95415,000000006b44cce7,5.91
19535,2019-08-04T11:06:54Z,59b87e6921598d25b092b66e140328fa03c9f06fe4e697dd344f378a,60.17002,24.94407,000000006b087f40,21.87
19536,2019-08-04T11:06:54Z,5a730ea19664020323272509e5443616ea3f1cecd7b295e294be4ba7,60.14947,24.91438,000000004ef3150d,17.4
19537,2019-08-04T11:06:54Z,5b1de13aa2e5ed9882f65ef99ddcf77a2b655f29ddfa946cd9019830,60.16762,24.95415,000000006b44cce7,18.79
19538,2019-08-04T11:06:54Z,5d9aa6fcb0d81ceaa80ca13cc08a88138be517656646e0ba0942ce46,60.16897,24.95222,00000000aa852af1,7.69
19539,2019-08-04T11:06:54Z,5e3cbc5b7806b69899c0fcad70c8744c02e34bc7eb4408c9e8a92732,60.149,24.9843,00000000fffb8cf0,27.28
19540,2019-08-04T11:06:54Z,5f06b3646e6da155a86e1679f197df7b08fe5df6324e56bd5c4b5921,60.17065,24.93641,000000000f4919c9,25.36
19541,2019-08-04T11:06:54Z,6138e6ab3e1e74425af8945a6fcc294c1469a0b9c448b780bcf9d2e2,60.14699,24.922,00000000a53ed894,14.89
19542,2019-08-04T11:06:54Z,61a016092ee693d441f98b1057ef5dd7ccc0f4c359d32b0a4193606e,60.16762,24.95415,000000006b44cce7,18.79
19543,2019-08-04T11:06:54Z,62cac4a0e252305e1128942dc3ec48baaa514c6737c415f85abb3665,60.1538,24.95595,0000000038bf9618,14.89
19544,2019-08-04T11:06:54Z,62d86ee13e6ae7a5c41ffc2de746df72d4ef6e8d2b6a51ce1c68965f,60.16829,24.94214,00000000afef4555,12.69
19545,2019-08-04T11:06:54Z,62e27092b58abcaf80564c408d0d4a7b821abaee92dc2f02ccb11e61,60.16762,24.95415,000000006b44cce7,6.46
19546,2019-08-04T11:06:54Z,64d10ef0926ecca987bad278990d966d8fac8775f03847d1f5a4a2f6,60.16762,24.95415,000000006b44cce7,13.75
19547,2019-08-04T11:06:54Z,66755836036c771e53ffd9d0dc09b8575231b53b80af22e868691a2a,60.14699,24.922,00000000a53ed894,4.94
19548,2019-08-04T11:06:54Z,697103160f0b3dc0ba38ccdd18203ae84ec35fc314322d1172c093b2,60.16829,24.94214,00000000afef4555,9.12
19549,2019-08-04T11:06:54Z,6978155fc96a2c464cb547d9fc8c5e60f39fbb9de35e49ab211c5efc,60.16897,24.95222,00000000aa852af1,31.5
19550,2019-08-04T11:06:54Z,69852d528034ea6fc746ed8942c32f1c90bc33a7a7317dfac3c9b1c1,60.14699,24.922,00000000a53ed894,14.89
19551,2019-08-04T11:06:54Z,69d8c906060e226ff0f0f7e78029575f2ee07ebec657a3b641419268,60.14699,24.922,00000000a53ed894,25.36
19552,2019-08-04T11:06:54Z,6ac1903c80e63433e4bc744dc0e801bff647117d38d3753fb9a6a4c1,60.173,24.92524,0000000096918cfa,14.89
19553,2019-08-04T11:06:54Z,6ac8fdd67b3dd11f0bae935f3a285880138382088238b97f511d3f12,60.16897,24.95222,00000000aa852af1,17.4
19554,2019-08-04T11:06:54Z,6c637347d64659d1b29b0461397fccfbff09339872c14e32469fbd0f,60.16762,24.95415,000000006b44cce7,10.78
19555,2019-08-04T11:06:54Z,6c97da4ba9462e7fe786a472989dab23340d31809dd78d5617204da4,60.16829,24.94214,00000000afef4555,12.69
19556,2019-08-04T11:06:54Z,6e492dbc3f10157e7ff00826a839a97262ab36244ccc57b702a89999,60.16531,24.9442,00000000fdda10fe,3.09
19557,2019-08-04T11:06:54Z,6faf62fbff92729472d61bc9a13a5e72833e55bf713863161f8ca9cb,60.15432,24.9211,0000000019fb59c4,20.28
19558,2019-08-04T11:06:54Z,70ffae2b8178e0915c5de7816f8dd8bcc3af745ee49df8ac4da4adba,60.17918,24.95141,00000000675d5200,27.28
19559,2019-08-04T11:06:54Z,714e80a1e3c0fee43e312f314b2faec47e582ee8dac47e4818dbc2f9,60.149,24.9843,00000000fffb8cf0,3.09
19560,2019-08-04T11:06:54Z,71516fc8349cfaf2b5c4ab80ade6078494d93d13e9953af15e5ced30,60.18203,24.91341,00000000342570c2,27.28
19561,2019-08-04T11:06:54Z,71c1367c7dea4dfa243172e02b9092c7a0810bef003216681759891e,60.16897,24.95222,00000000aa852af1,21.87
19562,2019-08-04T11:06:54Z,730d975773cc8c9c07ff88fb87377ff64a961a96e9237e59859fa46f,60.16762,24.95415,000000006b44cce7,14.89
19563,2019-08-04T11:06:54Z,74c2ec2adc228e5b4979284d730fd2de698242f0f06d90f870b8cde6,60.16762,24.95415,000000006b44cce7,9.12
19564,2019-08-04T11:06:54Z,7552783317be1ef797980c3a9ee9c5967d4e7b32765f23c51ffda02d,60.16897,24.95222,00000000aa852af1,20.28
19565,2019-08-04T11:06:54Z,75d452cbba63995ad06213b577081e8db650c80b3a78060789a8e831,60.16762,24.95415,000000006b44cce7,5.41
19566,2019-08-04T11:06:54Z,79bde23c1a8980f93a65e14306f0d8ea89e164430d8b991e2bfee82e,60.16531,24.9442,00000000fdda10fe,17.4
19567,2019-08-04T11:06:54Z,79f6ceff0d0fc6687b4982c4d38a9ebb0a1056b6e0c448b1b9e79e8e,60.16897,24.95222,00000000aa852af1,27.28
19568,2019-08-04T11:06:54Z,7a96471c0f2a5b26dc38cc8aa9903b7dcb222a12d81cd73a84570610,60.16629,24.95957,00000000fb7600be,16.1
19569,2019-08-04T11:06:54Z,7c55ecf165387948602e82b684a55be093691849fde2d96ad6574475,60.17065,24.93641,000000000f4919c9,29.32
19570,2019-08-04T11:06:54Z,7e78b2348d9576c63ebb626030ee9d43e2bf07e860782adf3f1c452b,60.16829,24.94214,00000000afef4555,5.41
19571,2019-08-04T11:06:54Z,7ea276abbe2f1bfd85b2493f7b4c801189e673c0b4dc987d2c8e30dc,60.14699,24.922,00000000a53ed894,31.5
19572,2019-08-04T11:06:54Z,7eefc5581c616491b78192b28b519ba727dc884a87bc06b8df1ea4f2,60.14699,24.922,00000000a53ed894,13.75
19573,2019-08-04T11:06:54Z,80ffa6235c9fd84bd35d46706c7d0c4126ee0e241a070c5ae5f30d14,60.16762,24.95415,000000006b44cce7,10.78
19574,2019-08-04T11:06:54Z,822590bd49bcf7ed4de4f8389586915c343b29c4283ff8b90d7c1d39,60.17065,24.93641,000000000f4919c9,18.79
19575,2019-08-04T11:06:54Z,82ac749474448abac333d00869cb8b508872f86293913d95eae26a05,60.15432,24.9211,0000000019fb59c4,6.46
19576,2019-08-04T11:06:54Z,82cddd3b9f58762d36efe78da4e2722ee587cfdb3fdbc58b52673082,60.16629,24.95957,00000000fb7600be,13.75
19577,2019-08-04T11:06:54Z,844b8ad6ebf530978d1139d527a681991f4d3eed6be5bc723f0b2192,60.16531,24.9442,00000000fdda10fe,0.71
19578,2019-08-04T11:06:54Z,85b440c4e1125b1e2531499de3b19b82ae4b7eabb4d89c63c97fa83b,60.16829,24.94214,00000000afef4555,16.1
19579,2019-08-04T11:06:54Z,86c49f3eac3f63de106c55c68fd6620a0dd3aa06d98e3600af175d9a,60.173,24.92524,0000000096918cfa,29.32
19580,2019-08-04T11:06:54Z,87f4cf4baea8c5dfe1bc7812cc969574058bd4d2dda215192bcfc53f,60.14699,24.922,00000000a53ed894,5.41
19581,2019-08-04T11:06:54Z,886032718e05487be8bd75bb14464814044c7edd7f9a2198304f6fb4,60.16629,24.95957,00000000fb7600be,17.4
19582,2019-08-04T11:06:54Z,89df1daad350e46d526e113019214d2e1a19d8f48da761bb3583399b,60.16762,24.95415,000000006b44cce7,9.92
19583,2019-08-04T11:06:54Z,8a7f5012c000c420f0a336a3988c72cf2b373818f4f3f369e994d8e4,60.16829,24.94214,00000000afef4555,17.4
19584,2019-08-04T11:06:54Z,8ab70baa822768852fe312b760df7dbcb1a0fec7f2ba601146b9928c,60.16629,24.95957,00000000fb7600be,17.4
19585,2019-08-04T11:06:54Z,8c4e4851db86ec4a3ce29a58be770eb29c38b9a983351bb67d781982,60.16897,24.95222,00000000aa852af1,9.92
19586,2019-08-04T11:06:54Z,8dae8c39d58b18df713713239222f2d512c9e912893f774a8db6a124,60.16629,24.95957,00000000fb7600be,29.32
19587,2019-08-04T11:06:54Z,8dcfa5789215b9650f4cb5f8bf0d99492d0728351e58e688491080b5,60.16629,24.95957,00000000fb7600be,20.28
19588,2019-08-04T11:06:54Z,90b12d2b9898702fd62b343512e0d53796ae38decdf704e203a0cc39,60.16829,24.94214,00000000afef4555,25.36
19589,2019-08-04T11:06:54Z,90da50922eb335c093783f88d74e12fd3316372c836888bd15b2af1b,60.16762,24.95415,000000006b44cce7,25.36
19590,2019-08-04T11:06:54Z,91602a694bc74a2874ba7f02a7bae062a3a77cd869b86a74800415b8,60.17919,24.95181,000000007b5207b6,27.28
19591,2019-08-04T11:06:54Z,92df20d921f76c63470e3f5afbe201d3ae15f5133f66c291db796082,60.16629,24.95957,00000000fb7600be,23.56
19592,2019-08-04T11:06:54Z,93272ad17155ea9499641eda7c5560691582116096278b82738ab21e,60.14699,24.922,00000000a53ed894,10.78
19593,2019-08-04T11:06:54Z,934bab75e2a2354910288b01c44fdfda4a87f92ac010109f641b3122,60.14699,24.922,00000000a53ed894,21.87
19594,2019-08-04T11:06:54Z,94ac9d6e79236013b9fa24e1c52123819228f6962b5952637ca80fcb,60.16762,24.95415,000000006b44cce7,12.69
19595,2019-08-04T11:06:54Z,9618703465df0acf2ccedcd7a519bb1146d94e8fb5b310c036a656f0,60.16762,24.95415,000000006b44cce7,20.28
19596,2019-08-04T11:06:54Z,97490f522f1a0226c8f7e8ed7bca08dd71b63d80b46d38020127b868,60.14699,24.922,00000000a53ed894,10.78
19597,2019-08-04T11:06:54Z,9924ed20d6ddee438860f63a9fa1a2cefa7ccfa275d6da3a2008d84d,60.173,24.92524,0000000096918cfa,18.79
19598,2019-08-04T11:06:54Z,998a30ee5f5ff6d2bc9ed04420591e525ded59ad66d09eefa240cc8e,60.16762,24.95415,000000006b44cce7,16.1
19599,2019-08-04T11:06:54Z,998ac46ad73c197bab1f36dca67d8bcaa3aca92249185a5e3715043f,60.17065,24.93641,000000000f4919c9,12.69
19600,2019-08-04T11:06:54Z,9a23dca42469f79bf4f5665caffb8d0dd8da182f6fb72f595309803b,60.149,24.9843,00000000fffb8cf0,21.87
19601,2019-08-04T11:06:54Z,9a49d0b5a67fba15ce8971503f6fea88994b33487a842397c5e8564f,60.16762,24.95415,000000006b44cce7,5.41
19602,2019-08-04T11:06:54Z,9ab0a60cb60531417ac6ec5ebc6ef591d2f39019c6b0bcb5a89101a2,60.14699,24.922,00000000a53ed894,10.78
19603,2019-08-04T11:06:54Z,9b4b0705e58750d2bcbd71ad65d85677f7e77db5dfe69d1a70b5d31f,60.17918,24.95141,00000000675d5200,18.79
19604,2019-08-04T11:06:54Z,9bc91538b73e0220fcf5cd07290c07d56f6f48d3ba0ba6b6b0876da9,60.17065,24.93641,000000000f4919c9,14.89
19605,2019-08-04T11:06:54Z,9bef562c292174f1eb3933116effff74a8733a78e5c1df140de3fd6c,60.17919,24.95181,000000007b5207b6,3.74
19606,2019-08-04T11:06:54Z,9ced7d70503ba24882b6e283fa95ce42e02c1a3618adeb448558c50c,60.16897,24.95222,00000000aa852af1,14.89
19607,2019-08-04T11:06:54Z,9dda6ec06356b345040c379fd73bf923f7eac951cb2eb9cdc43dd5bb,60.173,24.92524,0000000096918cfa,36.27
19608,2019-08-04T11:06:54Z,9eb1e9bfdceb76ef852f89ebd82139602125f9731b791465e1c21f81,60.16829,24.94214,00000000afef4555,16.1
19609,2019-08-04T11:06:54Z,a066e2044b486819fe2185765f63ed87f8d10c502f26a01be1f1a758,60.149,24.9843,00000000fffb8cf0,29.32
19610,2019-08-04T11:06:54Z,a0ec1a8d581f94e640a6858a674699d2464ec065e6faea9d4ce2a13b,60.16762,24.95415,000000006b44cce7,4.5
19611,2019-08-04T11:06:54Z,a30740fbf4b7e21f6fe2996e9325c90936de161cb2165e87cd96fd35,60.149,24.9843,00000000fffb8cf0,12.69
19612,2019-08-04T11:06:54Z,a3664d77633807788598dd8d4a7ba8caba2c31bfdcb6ba83651d4e7e,60.173,24.92524,0000000096918cfa,27.28
19613,2019-08-04T11:06:54Z,a3c1a4a58b9381c27b1d5076e0d8d72039afccfb0e58438a80247324,60.16762,24.95415,000000006b44cce7,2.8
19614,2019-08-04T11:06:54Z,a43bf710535a327abcc01467b69f5bc7209e67e9c0af21e2891fcc2e,60.16762,24.95415,000000006b44cce7,14.89
19615,2019-08-04T11:06:54Z,a50e0bb8fd1ad4ad264c3246b210a0c6285faae591c1bd2c2c3458af,60.16829,24.94214,00000000afef4555,9.12
19616,2019-08-04T11:06:54Z,a5d632ac8ffc19a626de034d3c9444fd262ee6edada285c816ea9266,60.16531,24.9442,00000000fdda10fe,5.91
19617,2019-08-04T11:06:54Z,a5f038c127ca4872294d7de2b08e334af618534637cc64bf42a6438d,60.17002,24.94407,000000006b087f40,23.56
19618,2019-08-04T11:06:54Z,a81c19fb85eebf853246cdc4d8e38245dfa5ba15c180eaa1bcc0378d,60.16829,24.94214,00000000afef4555,12.69
19619,2019-08-04T11:06:54Z,aa4547c0b6b8be30776e08d524ceeacfbc9930ad720e11fa4cb20882,60.16531,24.9442,00000000fdda10fe,1.54
19620,2019-08-04T11:06:54Z,aa45859d6157e9e86470ec8b81957acc35bafb1b7f419d79357a38cf,60.16829,24.94214,00000000afef4555,20.28
19621,2019-08-04T11:06:54Z,ab1377ddf669bb806f8db586f4ce5ab9f0f4257dda61fe800d8509f5,60.17065,24.93641,000000000f4919c9,25.36
19622,2019-08-04T11:06:54Z,ab5a898dee82ed143fd90e2b4bf5efdb881355a720ed126aef3617a2,60.17002,24.94407,000000006b087f40,25.36
19623,2019-08-04T11:06:54Z,ab6e8769f50a15ea5e0d64f48aaa12886b7599a18cc0eb071a21ae5f,60.16762,24.95415,000000006b44cce7,9.12
19624,2019-08-04T11:06:54Z,ab9310807d2eb4984b053d38f467cb5d3e4211ff71ceb059480cf9ba,60.16829,24.94214,00000000afef4555,14.89
19625,2019-08-04T11:06:54Z,ac4679e3db131ec2ea8e1111c8aa0d71020cf8796ecb11f142478394,60.14947,24.91438,000000004ef3150d,12.69
19626,2019-08-04T11:06:54Z,ac5c7e04b55d6d70659e5b8f4705309b9367c78a0edb7ce85f42c181,60.1538,24.95595,0000000038bf9618,27.28
19627,2019-08-04T11:06:54Z,acab6fbf8f6a1a4dc09417d6d4596d6c9261485fe46f582e58fb9e4f,60.1538,24.95595,0000000038bf9618,33.81
19628,2019-08-04T11:06:54Z,acb3f63fe0879b2640a9d68a248a15f85777e30652945d7740bb95f4,60.16762,24.95415,000000006b44cce7,11.7
19629,2019-08-04T11:06:54Z,adf3914eaf1478a77ba35ea49262388e4babe633207748c7608b8780,60.16762,24.95415,000000006b44cce7,17.4
19630,2019-08-04T11:06:54Z,ae3cda5066e455d4b1e58860e8fb7a35efad69b9964a676b476b0687,60.14947,24.91438,000000004ef3150d,9.12
19631,2019-08-04T11:06:54Z,b0d6202ccd1560eaf57c06931cb6466332e41068ad2963e515819015,60.17918,24.95141,00000000675d5200,17.4
19632,2019-08-04T11:06:54Z,b2298fc6f63c02481610f9aef24f1a0c1711c255adc43c0fe135c1ca,60.14947,24.91438,000000004ef3150d,9.92
19633,2019-08-04T11:06:54Z,b26d0daac9f8fb84484cbd8ed668aeb6751e848b1c533a307d163360,60.16762,24.95415,000000006b44cce7,4.11
19634,2019-08-04T11:06:54Z,b3266ecf36a984b814e1b2d31b447438bd948a9c116721480104792f,60.16829,24.94214,00000000afef4555,23.56
19635,2019-08-04T11:06:54Z,b4c8900041e9f8751755d3940ceac58419e6370cd81cdb90d7800de1,60.14699,24.922,00000000a53ed894,20.28
19636,2019-08-04T11:06:54Z,b50b3c2006581bccfeaa9ea964649350c7d5b8177baa29a37e628584,60.14947,24.91438,000000004ef3150d,14.89
19637,2019-08-04T11:06:54Z,b5cdbcdc30e0bf653ce353c867708b0067db5e394c8cbe848d978a77,60.14699,24.922,00000000a53ed894,10.78
19638,2019-08-04T11:06:54Z,b601cd655bb9f05aa6ec86fc9eb9300c3bc20bc0e856e94ad168a257,60.14947,24.91438,000000004ef3150d,7.69
19639,2019-08-04T11:06:54Z,b61c6a5634cffe7dead72d5f6730e8439bee6dd2286d9df8f3052e3c,60.16762,24.95415,000000006b44cce7,8.38
19640,2019-08-04T11:06:54Z,b81a9bf449d3e64ad0181804598330bbf305f384b888935023742c79,60.173,24.92524,0000000096918cfa,13.75
19641,2019-08-04T11:06:54Z,b8f5834e6b992cf5568ae3153fb4b07e97b7f6dd01250851134c1824,60.149,24.9843,00000000fffb8cf0,4.5
19642,2019-08-04T11:06:54Z,ba41edadb3a9722bc59efaca71897a33593d0f17301c4bf560fd23e1,60.16762,24.95415,000000006b44cce7,12.69
19643,2019-08-04T11:06:54Z,bc07df8cc395f6f4f5d483b2233caca5f93a6918f346e4cc3702f8cc,60.16531,24.9442,00000000fdda10fe,18.79
19644,2019-08-04T11:06:54Z,bd7fa2c07b7e0eab8afb3d9825a810643c2eb71f83c09a1e26cac54c,60.16762,24.95415,000000006b44cce7,9.92
19645,2019-08-04T11:06:54Z,bf4235c977b63f07c70679988ae6990db3734c8bde50741c636155b9,60.16762,24.95415,000000006b44cce7,5.41
19646,2019-08-04T11:06:54Z,bf9ce5791ac57b111f0539859dbf4cadf8b08bde9d823abe44169ccd,60.16762,24.95415,000000006b44cce7,21.87
19647,2019-08-04T11:06:54Z,c012e9e2caf1002d24e53817bb1279becdfc4aa9dba085e93ddd88e9,60.17002,24.94407,000000006b087f40,18.79
19648,2019-08-04T11:06:54Z,c17d750015a2259a1bba7471f2e4e0a1db4df53276be8c8463fd5f84,60.16829,24.94214,00000000afef4555,7.69
19649,2019-08-04T11:06:54Z,c1ca9629c5ebd58052fb4c627ab87542db3ca242430d22b727f46bce,60.16762,24.95415,000000006b44cce7,8.38
19650,2019-08-04T11:06:54Z,c239e27b985c23449b6aa84b78560b1b4e535975f3ba059d7987efe4,60.16762,24.95415,000000006b44cce7,18.79
19651,2019-08-04T11:06:54Z,c27fee8ae8d689338b043608280c83cfa6f3276d3837ecea5f742dc3,60.16762,24.95415,000000006b44cce7,5.91
19652,2019-08-04T11:06:54Z,c2cc33e5b1b8d254d4bcbc0ffa13c9200676a39a191cc31a38d28d8d,60.17065,24.93641,000000000f4919c9,9.92
19653,2019-08-04T11:06:54Z,c2e135ad2c160277e290705658ac41d7cd35b11ebf61d829fdd0b428,60.14699,24.922,00000000a53ed894,10.78
19654,2019-08-04T11:06:54Z,c45e3c4e8ec0fc85457d3b4ed4c49ed0116b4cf447e2983f353abcd8,60.16829,24.94214,00000000afef4555,12.69
19655,2019-08-04T11:06:54Z,c55894159f2080031cda702c78ee54463c3c15ab1b3638afdf687f08,60.16531,24.9442,00000000fdda10fe,5.91
19656,2019-08-04T11:06:54Z,c6b0ea433c3fdc73e0bac7e3faa2690506c4e8ec7fc54210446a7ffa,60.14947,24.91438,000000004ef3150d,17.4
19657,2019-08-04T11:06:54Z,c7160ae9aa31ca4dba615425303b1e527f342ede653be387ee54389c,60.149,24.9843,00000000fffb8cf0,23.56
19658,2019-08-04T11:06:54Z,c739921adb150c53f1887c6ce887adc6cd7ae7e35e69f6e4dc52fe81,60.173,24.92524,0000000096918cfa,33.81
19659,2019-08-04T11:06:54Z,c7ced11121537f55bcd7d7ab67312226dafe7c85320c5357a35d5ab7,60.17002,24.94407,000000006b087f40,27.28
19660,2019-08-04T11:06:54Z,c8348938d0ebafd342c966ca86c2bbd8e8e661471ae04ba49b5516d8,60.16762,24.95415,000000006b44cce7,9.12
19661,2019-08-04T11:06:54Z,c990a15d27cfc21e63b7c96b95949254f1194e8b27118386a589e2bd,60.16897,24.95222,00000000aa852af1,17.4
19662,2019-08-04T11:06:54Z,cb2f32be2e27fc44ead887ff7f76c0199bf68b2c6711e6880f4acd01,60.16762,24.95415,000000006b44cce7,4.11
19663,2019-08-04T11:06:54Z,cd7d0e9404c9f4e8fab0742460b9acb4d5bbb97f44df80d4a8b973cd,60.17002,24.94407,000000006b087f40,5.91
19664,2019-08-04T11:06:54Z,cddbfc3b0a1459f0ea8d553779cf320d512cac6e64976182f2f0b3b7,60.16829,24.94214,00000000afef4555,18.79
19665,2019-08-04T11:06:54Z,cf241827513137f094cda8111245217a32612fdb8fdb573be6e1893d,60.16762,24.95415,000000006b44cce7,10.78
19666,2019-08-04T11:06:54Z,d04b5065ec93818b731141027d11e6a1cf53de69b9737d7aea0c34da,60.14947,24.91438,000000004ef3150d,20.28
19667,2019-08-04T11:06:54Z,d162ad46250f7d87af446db22df4aa6b2eb2bf22f83beca34e857743,60.16762,24.95415,000000006b44cce7,9.92
19668,2019-08-04T11:06:54Z,d1b77fcfad94da8564d1a85ed1797255531e5ab26cc835800878fb26,60.17065,24.93641,000000000f4919c9,10.78
19669,2019-08-04T11:06:54Z,d20f68571773330f7b6490b006b2e952c9912b4ee05e20f0fc434698,60.16629,24.95957,00000000fb7600be,17.4
19670,2019-08-04T11:06:54Z,d23d6afa580687749de352818db606b272b579b77c6009badb4aa4a6,60.16897,24.95222,00000000aa852af1,21.87
19671,2019-08-04T11:06:54Z,d25e926dba8aa2c77f46ada32671b08b1176455c0e3693d160b87744,60.16762,24.95415,000000006b44cce7,14.89
19672,2019-08-04T11:06:54Z,d3910de7df50d93311da3c44a80ec2a60325db1914938b1bcd3c047c,60.16762,24.95415,000000006b44cce7,10.78
19673,2019-08-04T11:06:54Z,d3bad9334d128332fc483e10ef1b77c28e5a75ac55be4de71c6b2f9f,60.16829,24.94214,00000000afef4555,11.7
19674,2019-08-04T11:06:54Z,d68f1946805ba3d30f9ba25280986fbe003f3b5dce7245b633e0cb5c,60.16762,24.95415,000000006b44cce7,14.89
19675,2019-08-04T11:06:54Z,d71a315bac918f9a18fcd820731e6d9eb54fb0d01c324ca088ef8858,60.149,24.9843,00000000fffb8cf0,25.36
19676,2019-08-04T11:06:54Z,d7b3daaab1b36d8d95f7672a0339b99b2a16483fc1c71c5177aeb948,60.16829,24.94214,00000000afef4555,23.56
19677,2019-08-04T11:06:54Z,d82f37918d46bea29e113c6b57b901b1b960ed3337bdcce777aea476,60.17065,24.93641,000000000f4919c9,7.05
19678,2019-08-04T11:06:54Z,d83c1c2d3a3876c948e277bace6d013eafc0c4e118958e138f8b1257,60.16448,24.97323,0000000053c6c2be,31.5
19679,2019-08-04T11:06:54Z,d86f155736e4d36de5d33bdbb3b12b717b75de44852b93419af20945,60.16829,24.94214,00000000afef4555,20.28
19680,2019-08-04T11:06:54Z,da2398acaae7f39c7b80c220d4e6917bdc7655f4c71b6e36d06cb859,60.18203,24.91341,00000000342570c2,25.36
19681,2019-08-04T11:06:54Z,dabb7edec36f560d07547c2595765be02b0731b3826f93f5c41b7120,60.16762,24.95415,000000006b44cce7,12.69
19682,2019-08-04T11:06:54Z,dba25c18a94a20a35b9a27ff605b1c40fd45b0263d884645052918e5,60.16829,24.94214,00000000afef4555,23.56
19683,2019-08-04T11:06:54Z,dc534c1cb5eb7f34b6b57bd93c8d9acb2685ba264563f6f388d09923,60.16762,24.95415,000000006b44cce7,9.92
19684,2019-08-04T11:06:54Z,dc816e92e4a2eceea03f41fc379fda0e3d57b5d0fbd9a06430432022,60.16762,24.95415,000000006b44cce7,7.05
19685,2019-08-04T11:06:54Z,dc82f9648bb5ba21e766e0923f5fa7ca2d77662ab0edbe22a3d95631,60.14699,24.922,00000000a53ed894,3.4
19686,2019-08-04T11:06:54Z,dcb8f3c3c5136c4abc8757fcb34fedc553ea044b0928f945d89334d5,60.16762,24.95415,000000006b44cce7,6.46
19687,2019-08-04T11:06:54Z,dd8e0699822b1a8a3f8a91fcb10729f6f7cd0a4736f36dc60974c36e,60.16762,24.95415,000000006b44cce7,9.92
19688,2019-08-04T11:06:54Z,de48adf9d49eb3bc1d61dea4047618f6c77086fc44bd2b535d56504d,60.16762,24.95415,000000006b44cce7,4.5
19689,2019-08-04T11:06:54Z,de71e27b55ef6f2f51f05838a2fcab596f1dd93a14ece5ce4548f5c7,60.14699,24.922,00000000a53ed894,11.7
19690,2019-08-04T11:06:54Z,e081e4b3252ca91bbf1cbb70faa116d60317fbf3a991a67bc99b4bfa,60.149,24.9843,00000000fffb8cf0,23.56
19691,2019-08-04T11:06:54Z,e0859a9c906151023376d86762070f38ba1b3859e671531b0edac6cd,60.16075,24.95883,00000000f1124bca,18.79
19692,2019-08-04T11:06:54Z,e0d7e8b332ca8514428ab10acf6d3a6b777da62ff8ea3e18d9b32989,60.16762,24.95415,000000006b44cce7,9.92
19693,2019-08-04T11:06:54Z,e1da87aea335bcd04e4c876158b96ebc7ba4206bc216c3aa27a2f4af,60.17918,24.95141,00000000675d5200,20.28
19694,2019-08-04T11:06:54Z,e1ea248cca014d6f8b4231be052c67871b074465a396443b92a64064,60.1538,24.95595,0000000038bf9618,36.27
19695,2019-08-04T11:06:54Z,e26862fdcdd4688d81b8fe05d1ac94c5f9b3192ddc50d4c66ad12cc1,60.16897,24.95222,00000000aa852af1,13.75
19696,2019-08-04T11:06:54Z,e29168791ccd18013b58845430388cc5aac537e7e1c618aeb78900a8,60.16897,24.95222,00000000aa852af1,9.12
19697,2019-08-04T11:06:54Z,e305610124e16ed1411a221b29ce69a076cc47982efd6c098b0599ab,60.14947,24.91438,000000004ef3150d,14.89
19698,2019-08-04T11:06:54Z,e3e3bac265ab2713063d7435bf5c7374dfc7dfc647fb677a030a1a49,60.18203,24.91341,00000000342570c2,27.28
19699,2019-08-04T11:06:54Z,e44d7228cecbdb2474e1cc396a6c13943f09c08c19d0ffab1997d509,60.17919,24.95181,000000007b5207b6,8.38
19700,2019-08-04T11:06:54Z,e53a901aed874016e1cd1ed3e9b2891fca850986cb2fa04f5162cf52,60.16762,24.95415,000000006b44cce7,4.5
19701,2019-08-04T11:06:54Z,e557e164cd52fd817b02cad6587a294d72b0974d9b014ad69ea5e08e,60.17918,24.95141,00000000675d5200,2.08
19702,2019-08-04T11:06:54Z,e568360cebcddeb30a1d066a2f6a2326ac927004214bd11337d804e5,60.16762,24.95415,000000006b44cce7,12.69
19703,2019-08-04T11:06:54Z,e5928057da667903de0b6c1245e1f58273dd85d63d8af0f4eaa771de,60.16762,24.95415,000000006b44cce7,5.91
19704,2019-08-04T11:06:54Z,e5b9b4813c081a31fb498e7f9adb94918c267dfa125c63790c0d9488,60.149,24.9843,00000000fffb8cf0,10.78
19705,2019-08-04T11:06:54Z,e5e14952bf5e52bf1349479a58c0a97d702585889650948d94767608,60.16448,24.97323,0000000053c6c2be,29.32
19706,2019-08-04T11:06:54Z,e7988d180194f352fcf752defa2a01904142bcbf71a9afba13cc7470,60.16897,24.95222,00000000aa852af1,27.28
19707,2019-08-04T11:06:54Z,e9d59e25b58f33f70aad6832863cb59d7485ca55a1575558f92b74e7,60.16897,24.95222,00000000aa852af1,13.75
19708,2019-08-04T11:06:54Z,ea38d72fbf2215d530a70d6a97dcc603a44b18d4d7ce557a91cb80bb,60.16762,24.95415,000000006b44cce7,5.91
19709,2019-08-04T11:06:54Z,eb10ddb244dec4641f50a9b05b0e1cfdf4ac49e3dc3001cddb1e67c0,60.16762,24.95415,000000006b44cce7,12.69
19710,2019-08-04T11:06:54Z,eb261026c6f65b651ddf21bed629a1e164cfb500d0b78062704ec15c,60.16762,24.95415,000000006b44cce7,7.05
19711,2019-08-04T11:06:54Z,ec485175d2b7a2c53d03bf546aee134c116d998976601b069570c6f9,60.14699,24.922,00000000a53ed894,13.75
19712,2019-08-04T11:06:54Z,ecb1735f180422ec69f041cd2782a26c9f07d27a87893b3c30aaa9b7,60.16075,24.95883,00000000f1124bca,4.11
19713,2019-08-04T11:06:54Z,ee200a3ba703878e67370bbef4c8768feda628ad2e83512a927fec31,60.16897,24.95222,00000000aa852af1,21.87
19714,2019-08-04T11:06:54Z,eea43687eab35d2c386347881796eb1c8279076b9e9642ebc2cd06ac,60.16762,24.95415,000000006b44cce7,3.09
19715,2019-08-04T11:06:54Z,ef15ff71b7dc4c2088249a4fca7e28900ae315245a7a3b4d571bf582,60.16829,24.94214,00000000afef4555,9.92
19716,2019-08-04T11:06:54Z,ef33ccdfcdb12920eabb3306e0f86dc7e6060a5d3864b03e2de7e1ef,60.16897,24.95222,00000000aa852af1,12.69
19717,2019-08-04T11:06:54Z,ef45fdc095ee55730384922266d8fce61de212d3c3df2441ea10e524,60.14947,24.91438,000000004ef3150d,14.89
19718,2019-08-04T11:06:54Z,ef5e495c5f9d3dd9eb22ed5b8faf1cc9e4225d4785ebb26a87d16fff,60.14699,24.922,00000000a53ed894,9.12
19719,2019-08-04T11:06:54Z,f014103201b8ae8f495f8e1e04da3c934079461391d4801ee6c2faaf,60.16762,24.95415,000000006b44cce7,9.12
19720,2019-08-04T11:06:54Z,f110acae92fec55c6caca5de864773a6b99e5b8d6e2fdf8d1bdbc759,60.16762,24.95415,000000006b44cce7,11.7
19721,2019-08-04T11:06:54Z,f15bd66e4c0cd72c6b1ba575d523d7878c30a781e6907b19d228368f,60.16762,24.95415,000000006b44cce7,16.1
19722,2019-08-04T11:06:54Z,f196f5f8c08299d290b3bac1944e00bb1f2c90594db66438b0c10e6e,60.16629,24.95957,00000000fb7600be,14.89
19723,2019-08-04T11:06:54Z,f1d44b9d3710849eba7eab0b6646053378aa5f8ee3491ec2522f3c44,60.14947,24.91438,000000004ef3150d,25.36
19724,2019-08-04T11:06:54Z,f2467c8ede6444941158701b7bd9d005beec9ffdb355ce2d8c7a9bfd,60.149,24.9843,00000000fffb8cf0,27.28
19725,2019-08-04T11:06:54Z,f4b9fc6acb673aea24fe00dfbe806b81fedab0c2ea82d781f7659ce5,60.16762,24.95415,000000006b44cce7,7.05
19726,2019-08-04T11:06:54Z,f5ffa3dbcdd5592ac31344cb04a7a6d639109a4d6e196fa0df3990dd,60.17065,24.93641,000000000f4919c9,21.87
19727,2019-08-04T11:06:54Z,f616fbd0fde8316049c3068ae4368dc9f486f8da4bf5516e9ba82578,60.16897,24.95222,00000000aa852af1,14.89
19728,2019-08-04T11:06:54Z,f756416830b046336a677173f34b00e83412904998e92cfb4ebe207d,60.16762,24.95415,000000006b44cce7,20.28
19729,2019-08-04T11:06:54Z,f78ef2ddbe48b534137498eab56c0a55ec0e0b1d8868e82cb5652a0e,60.14699,24.922,00000000a53ed894,6.46
19730,2019-08-04T11:06:54Z,f855918d61069661cbf8633b228a5fb9e5cd5ea7b2946bfc5b9fc315,60.16829,24.94214,00000000afef4555,14.89
19731,2019-08-04T11:06:54Z,fa1579394f4980e1fe11248f7be4e646b601a3d8cdb9361f182d066c,60.16762,24.95415,000000006b44cce7,13.75
19732,2019-08-04T11:06:54Z,fa15a46a5326515aa1a4b43762ef2018a2be3ac983c811558c1fe104,60.16762,24.95415,000000006b44cce7,4.5
19733,2019-08-04T11:06:54Z,faee9c7cf21aa61809c94dd68268377841712fc4e488b094972b6a38,60.1538,24.95595,0000000038bf9618,36.27
19734,2019-08-04T11:06:54Z,fb197be4589e2d16cfe2899ae06282639009e64a5bff759f4a8a3e43,60.16629,24.95957,00000000fb7600be,11.7
19735,2019-08-04T11:06:54Z,fb37b263777ffcf7fe1fb6484821cae2b8beb03b5f5009109748dedb,60.16762,24.95415,000000006b44cce7,9.92
19736,2019-08-04T11:06:54Z,fbd28054e4a5478c8ca06f4d682405d1c59bef4853cad413ecb58d13,60.14699,24.922,00000000a53ed894,16.1
19737,2019-08-04T11:06:54Z,fda481107ccd1ee84269967e42cbd312252a4216e9c7af4822669a69,60.16829,24.94214,00000000afef4555,33.81
19738,2019-08-04T11:06:54Z,fdf5c0dab003c974e22f3746bfb7fa399e10ca82fcec35ba6dcd6065,60.18203,24.91341,00000000342570c2,11.7
19739,2019-08-04T11:06:54Z,ffb7319984ecae155652e100da9b204f0b92f3b6c7239cfea4dcf966,60.14699,24.922,00000000a53ed894,29.32
19740,2019-08-04T11:06:55Z,004c3624f943830bc6a9f17173a2cd0996622cade5184ad2b9fba729,60.16897,24.95222,00000000aa852af1,9.92
19741,2019-08-04T11:06:55Z,09ddbf38333e76a79fd836112bd8c3f8bf7f3dadfb3d49945ad4c486,60.16897,24.95222,00000000aa852af1,6.46
19742,2019-08-04T11:06:55Z,128f1b89d7a534aa206a7823b692594bbd4d349761baa04c0fc72f2c,60.14947,24.91438,000000004ef3150d,16.1
19743,2019-08-04T11:06:55Z,14c7e1511b70f4dd3359cbece1377aebb4d70531f5489eefe53d7c3c,60.16544,24.95398,0000000038d83d41,21.87
19744,2019-08-04T11:06:55Z,165ebbb4090d47319ae370f0d0854fdc1f6b79499f8b2e4d3c3533c0,60.16544,24.95398,0000000038d83d41,25.36
19745,2019-08-04T11:06:55Z,1bba37ee9376f8052f3606bb777546c2c4d1e84dad7afd93d4cffa45,60.16762,24.95415,000000006b44cce7,17.4
19746,2019-08-04T11:06:55Z,25a7ff811c3c06e426c7c2cbb0433d9a2a3399b23afecbd35584ab0f,60.18203,24.91341,00000000342570c2,11.7
19747,2019-08-04T11:06:55Z,3b5cafe90982db26cf737b2e4cd4275276f6a031bca3b2a1f73023b2,60.14699,24.922,00000000a53ed894,14.89
19748,2019-08-04T11:06:55Z,3fe5f4ccfa5c777ceafda0674d7c9da6f509f6694b4c2fa254b32e73,60.16897,24.95222,00000000aa852af1,21.87
19749,2019-08-04T11:06:55Z,402f8edce2e4dcc34a418a83e568dd491c14d450d63a3f35850d9c2e,60.16762,24.95415,000000006b44cce7,18.79
19750,2019-08-04T11:06:55Z,43b676ed3aef4c2d8846694817e76117873be52e7f788e0cb366c1c4,60.16629,24.95957,00000000fb7600be,21.87
19751,2019-08-04T11:06:55Z,44d0b94469070803869f229601e877beb613c3f5aafa009addf97a1a,60.16544,24.95398,0000000038d83d41,23.56
19752,2019-08-04T11:06:55Z,4656bad9b5e6dfc3977eca308fc1db3dbf8b0204b90d09b001da242e,60.1638,24.96846,00000000d747f075,21.87
19753,2019-08-04T11:06:55Z,5d65719c4cbf045f068d084b72302f447d5fd034413d97d13be00d0e,60.18203,24.91341,00000000342570c2,17.4
19754,2019-08-04T11:06:55Z,5eed115a984d490b02b602d73787aee8dc8c4e9365b77fbff3818a76,60.16629,24.95957,00000000fb7600be,18.79
19755,2019-08-04T11:06:55Z,69219e9efa41ae9e732653e9eaf08e1a34cb853a9dafe76ddeea4d04,60.16897,24.95222,00000000aa852af1,23.56
19756,2019-08-04T11:06:55Z,6a70e2fbced719333e21eff04fcb9cb36bae9a04d1a3d6ddd96f2c58,60.15432,24.9211,0000000019fb59c4,5.41
19757,2019-08-04T11:06:55Z,6f06341f358e61699fe1e55e986dd0554bc8da28b91daf0c5ad99db6,60.16629,24.95957,00000000fb7600be,23.56
19758,2019-08-04T11:06:55Z,85ef35aecf2ff804be3d958b592705ec41c6df9c128c132c65bb283d,60.16897,24.95222,00000000aa852af1,25.36
19759,2019-08-04T11:06:55Z,87dfaad29a9276ddddb1fa021d3bc23ad14824c1af16f7d87e713689,60.14951,24.92138,0000000006dd41f6,9.12
19760,2019-08-04T11:06:55Z,88808fe92573e9cdf022cc15b9689b6b4b9429f60513c8897b0ba4c7,60.16897,24.95222,00000000aa852af1,17.4
19761,2019-08-04T11:06:55Z,8c3b1ed0846e38cc84b863a80540c8a75bfd85c8bdda36563d153110,60.16544,24.95398,0000000038d83d41,21.87
19762,2019-08-04T11:06:55Z,8c75c3289c84fe4493e1e272a77b615fe1985880c5dc68a7c1a17b53,60.16762,24.95415,000000006b44cce7,13.75
19763,2019-08-04T11:06:55Z,9843c6216661048343a0e49cf3d8aa2883cf77f452666a1c873a1052,60.16448,24.97323,0000000053c6c2be,14.89
19764,2019-08-04T11:06:55Z,9c8556ea519835172f09c20e7688066eeec8e7f74a0c6fa3df3d9c5f,60.16829,24.94214,00000000afef4555,21.87
19765,2019-08-04T11:06:55Z,a01fa9091a190537108f7d85ca6b54b023828292d6ed65ab0b3c5619,60.14699,24.922,00000000a53ed894,23.56
19766,2019-08-04T11:06:55Z,a13e5d46f0a2d1c6b58878e1b198905e9b14e3a85b5e4adab88b4b87,60.16762,24.95415,000000006b44cce7,11.7
19767,2019-08-04T11:06:55Z,a3758affe1deba4cd791b32946ddeaa26af8b554e4b9673dd258f229,60.1638,24.96846,00000000d747f075,31.5
19768,2019-08-04T11:06:55Z,acd2647d413f41552b31b6e383da445c8902bc2a764d2b7791a7b164,60.16762,24.95415,000000006b44cce7,17.4
19769,2019-08-04T11:06:55Z,b5fd6b317890e5ab2d79e2cd1abe61626d45a753c7337d0d40728898,60.16762,24.95415,000000006b44cce7,9.92
19770,2019-08-04T11:06:55Z,b936e41d8712ae967f3ebb413fc44f060bb10613f95537757886ede2,60.16762,24.95415,000000006b44cce7,7.05
19771,2019-08-04T11:06:55Z,c0d98967e7575c7d0727764e04702297809bbfe2877f0afc62112028,60.1538,24.95595,0000000038bf9618,18.79
19772,2019-08-04T11:06:55Z,c40c37def6bf11a63a2556519a7c6233fd417cdeea2cf14f28e7c42c,60.16531,24.9442,00000000fdda10fe,21.87
19773,2019-08-04T11:06:55Z,c97eb4181394121907d47b908495f54e5ee5145ff790f7a1dc21b3cf,60.16897,24.95222,00000000aa852af1,14.89
19774,2019-08-04T11:06:55Z,ca6927628f5ddda20036865c9345ad93d476d62ade3b181de568eed6,60.16897,24.95222,00000000aa852af1,21.87
19775,2019-08-04T11:06:55Z,cd2c2ce2425879ac455c812073aa8025c7bac76df380e4793edab46d,60.16829,24.94214,00000000afef4555,14.89
19776,2019-08-04T11:06:55Z,cf05623e4d87ce0906c0b0b7dbf53aacc1228016cd27c341228b6e76,60.18203,24.91341,00000000342570c2,18.79
19777,2019-08-04T11:06:55Z,cfc0bedb78ded52749db3188cb188bf6a250ef5990da9c5afa9623fc,60.14951,24.92138,0000000006dd41f6,25.36
19778,2019-08-04T11:06:55Z,e14d9760941da50610f22c2fa32406636dd79f33e70014e9cb58ea1a,60.1538,24.95595,0000000038bf9618,36.27
19779,2019-08-04T11:06:55Z,e224ae5ea47af2e3048f83b13a1f45dc135c0ca6be72547b01729086,60.1538,24.95595,0000000038bf9618,25.36
19780,2019-08-04T11:06:55Z,e8690c2d1711bc10f2d1251a3b5b1e770b98c66c384760400c604de1,60.16829,24.94214,00000000afef4555,20.28
19781,2019-08-04T11:06:55Z,f088630d7476dae7d4b7e2bb1f10575f2c89acb4b6e061f3d57c2b40,60.16531,24.9442,00000000fdda10fe,23.56
19782,2019-08-04T11:06:55Z,f31cfded6f566f9c032c80c52ea642407be312c5d42521ab7a8d3e2a,60.16897,24.95222,00000000aa852af1,20.28
19783,2019-08-04T11:06:55Z,fc4f3a44235f1cfc7b53f14ba2da599976a5a0a220d23b852688e485,60.17918,24.95141,00000000675d5200,18.79
19784,2019-08-04T11:06:55Z,0043f38f4fb6545d7c033c9a8f8c18106aa0c2c841f28a15dd722e9d,60.14699,24.922,00000000a53ed894,10.78
19785,2019-08-04T11:06:55Z,02a354db29cd5bc16976a9d933e03a41be350f9cc78098829a7dcfd4,60.14947,24.91438,000000004ef3150d,23.56
19786,2019-08-04T11:06:55Z,03204cdd97728dc59f21f215f75460ac8fe2fa56720a88e869c6f56d,60.16829,24.94214,00000000afef4555,12.69
19787,2019-08-04T11:06:55Z,0350f01f9f5550a8a9c5162634313d83bebde220dfea6c70899cc859,60.16762,24.95415,000000006b44cce7,12.69
19788,2019-08-04T11:06:55Z,0625280cf414aa015aa8b4d504d6fc74879a1144b913e254fec5db9d,60.16762,24.95415,000000006b44cce7,16.1
19789,2019-08-04T11:06:55Z,0656a0c0a353f164b57fbdd9e648d71fab429964d97ed07ab2c5dc30,60.18203,24.91341,00000000342570c2,21.87
19790,2019-08-04T11:06:55Z,07d9aa9fe10e58c26960ba10eb2f13607a7cea0226acaecbdcc52508,60.16762,24.95415,000000006b44cce7,7.05
19791,2019-08-04T11:06:55Z,08b10b51864dc039f0a07c997e66e7a263ee1cde5b0b88b2a1178c58,60.16829,24.94214,00000000afef4555,16.1
19792,2019-08-04T11:06:55Z,096c3b0de1dab1407cd4d3330546404c0d62ce025924420496380f89,60.16762,24.95415,000000006b44cce7,9.92
19793,2019-08-04T11:06:55Z,0a949aafc0be15c68d73a5dd186d726aa6b921f44303a712ac6ddcb8,60.16762,24.95415,000000006b44cce7,9.12
19794,2019-08-04T11:06:55Z,0c959027ce302054b09087cac97a83aa7e24fb9e4fa2710763f912cb,60.16829,24.94214,00000000afef4555,5.41
19795,2019-08-04T11:06:55Z,0e113c5ed3abcdfb31d27c3125f6cf01e3b96e4ed7eca1aaea855f77,60.14947,24.91438,000000004ef3150d,11.7
19796,2019-08-04T11:06:55Z,0fd26c6e46f4d73b276223942e56c38bc9b8e4566239f8a77261657b,60.17002,24.94407,000000006b087f40,14.89
19797,2019-08-04T11:06:55Z,103e596ccbbe3422403a38786a0bee588f55208bb343963e67ba6ba0,60.149,24.9843,00000000fffb8cf0,21.87
19798,2019-08-04T11:06:55Z,1107822441d53ff89eb9cb0d022a37202aed47bd82dca4bc175d6837,60.16762,24.95415,000000006b44cce7,4.11
19799,2019-08-04T11:06:55Z,1127119e7794170983cf8596358f6c5e312948e7044e505b3ba6b75b,60.16897,24.95222,00000000aa852af1,38.87
19800,2019-08-04T11:06:55Z,117b6ba38be2f875c85c9c048106db4d2dbce58629a807d7d7773b6c,60.16762,24.95415,000000006b44cce7,9.92
19801,2019-08-04T11:06:55Z,1266f6dcc9c8d60db6e67d43a0b0a3a551afcdc1541bfddc89b03260,60.14951,24.92138,0000000006dd41f6,29.32
19802,2019-08-04T11:06:55Z,1327ce24f157334f864f913637993c80380ce5f5c911e4b0d31c5eb7,60.149,24.9843,00000000fffb8cf0,3.74
19803,2019-08-04T11:06:55Z,135b81a7a5a9dd70569656553c100af6fdc760bcf92d9b7b48261cb1,60.16897,24.95222,00000000aa852af1,16.1
19804,2019-08-04T11:06:55Z,13b0a8ca1414d7b2b0e8d5f80069a5d26c6f62a68b58eda25a4b85f4,60.16829,24.94214,00000000afef4555,10.78
19805,2019-08-04T11:06:55Z,1556d4a76070c26554efa12b4b9c53766a4cc394e8b74ee37f2fff65,60.17065,24.93641,000000000f4919c9,3.74
19806,2019-08-04T11:06:55Z,169c77f0d714e38eb1e798b14fa42ce3fefb0ec1d6f9e93a38a872f1,60.16762,24.95415,000000006b44cce7,7.05
19807,2019-08-04T11:06:55Z,17156aea51e178b5f7410190e0077e325183b63ff3b9a110fcba66a2,60.16762,24.95415,000000006b44cce7,11.7
19808,2019-08-04T11:06:55Z,17861db3c9efb479761315b23143cfdc5f694922946406d53fd5fc1d,60.17065,24.93641,000000000f4919c9,7.05
19809,2019-08-04T11:06:55Z,182e58bd6c3c8d836225d454a878bc55d8ed5166564a22f8b635f6ff,60.14947,24.91438,000000004ef3150d,23.56
19810,2019-08-04T11:06:55Z,1921be9815a57f11f291ca085add7b4bf1d044518b03b725df7cf7d5,60.149,24.9843,00000000fffb8cf0,1.25
19811,2019-08-04T11:06:55Z,19db84758eba08a5f9bb56b0ff91d05286765c8e8dfa31bd0b2aaa1c,60.14947,24.91438,000000004ef3150d,13.75
19812,2019-08-04T11:06:55Z,19dea4c3ae877a795efafae81ed8314e19403c36db7042e4e2b2241b,60.16762,24.95415,000000006b44cce7,14.89
19813,2019-08-04T11:06:55Z,1a06b5f7f305badd45e93db9d86d76ed3a2a96ec55ec47c836921e3e,60.16762,24.95415,000000006b44cce7,9.92
19814,2019-08-04T11:06:55Z,1a9a0f74c353624c42c19c007e82c9c2547b7285d8353d0e375e3f05,60.14699,24.922,00000000a53ed894,13.75
19815,2019-08-04T11:06:55Z,1c38009e9b89bd8b0d6744bf54ebae9a8ad2dc2868cdfc3f2e399509,60.16829,24.94214,00000000afef4555,7.69
19816,2019-08-04T11:06:55Z,1c9aa21b85f6dc63cc56eb960e89cdeaa6da27738f3fcc4fbee8ee17,60.16762,24.95415,000000006b44cce7,8.38
19817,2019-08-04T11:06:55Z,1dacfb371d75dd4f90f447aac2a00faad98beb4188a6971c19eb2375,60.16629,24.95957,00000000fb7600be,23.56
19818,2019-08-04T11:06:55Z,1e3efbe25e19c47f81e4c501d1fd56cf506c3da4b57b10fc8c953dd5,60.16762,24.95415,000000006b44cce7,7.05
19819,2019-08-04T11:06:55Z,1f6e5095c2c365e120a526c9111895459bc08fb351b964a350cdb64f,60.16762,24.95415,000000006b44cce7,11.7
19820,2019-08-04T11:06:55Z,1fa2c533bba37b249a0105001153733e67a559d40c22cab67f135f64,60.14947,24.91438,000000004ef3150d,23.56
19821,2019-08-04T11:06:55Z,212f6b4cd587b3c7aa7125b63c4d5480abf1fcdff67e3ab4e61fd1d2,60.1538,24.95595,0000000038bf9618,36.27
19822,2019-08-04T11:06:55Z,21348dd74711456a745e1e4baaadba4463cfaaaa24b2b271b16cb866,60.16531,24.9442,00000000fdda10fe,36.27
19823,2019-08-04T11:06:55Z,2136558e0a9a89ed5aa044485a8e31bff3b7e5acf38c645a06782afd,60.16448,24.97323,0000000053c6c2be,23.56
19824,2019-08-04T11:06:55Z,21e1b0aebd1c050ac0463a0269b847e7e94b782ed10399e5e749817f,60.16829,24.94214,00000000afef4555,18.79
19825,2019-08-04T11:06:55Z,227b93698b29687beea48184f42aab63a21fa362af7251be32db2e15,60.16531,24.9442,00000000fdda10fe,2.3
19826,2019-08-04T11:06:55Z,23b7c1b09dfbcbf722a4c48303dd0435cf9885a516d5eebb6538844f,60.16762,24.95415,000000006b44cce7,12.69
19827,2019-08-04T11:06:55Z,2671a156fa8d8bb05970481c8f83bcf9f261f73dae27f2bb9ac88aeb,60.14699,24.922,00000000a53ed894,20.28
19828,2019-08-04T11:06:55Z,2724e42551f43106ea58a8fcc6a43953baa1294cd65e17a90012f706,60.17065,24.93641,000000000f4919c9,0.41
19829,2019-08-04T11:06:55Z,28741c2e5e348fe81dec0518a21c0930c98a25b6fcece61a262d50de,60.14699,24.922,00000000a53ed894,8.38
19830,2019-08-04T11:06:55Z,29b5f09785ef76627c2a3f043e1182d11fbd3a465422544c7478aa1c,60.16897,24.95222,00000000aa852af1,13.75
19831,2019-08-04T11:06:55Z,29f5adc4d67413b7d368e8e94a41cf48339e3f5f0903f660170c4fe8,60.17918,24.95141,00000000675d5200,25.36
19832,2019-08-04T11:06:55Z,2bade3cfae68c5f3e9df9c6f8327c0cbd36d37a09ade6c16bfb24289,60.16829,24.94214,00000000afef4555,27.28
19833,2019-08-04T11:06:55Z,2bbd3ab96fbdc70aeeb702eec09ad635ef2e72885baf7c23ad48b654,60.16762,24.95415,000000006b44cce7,11.7
19834,2019-08-04T11:06:55Z,2c85e4140ca0ba77c3598ceac05eb2c2342409ce8111c863fc58c606,60.16829,24.94214,00000000afef4555,21.87
19835,2019-08-04T11:06:55Z,2d0349a4148a147b05e00cd46c137dd208ba2a8ce9327b493615f1a6,60.16829,24.94214,00000000afef4555,9.92
19836,2019-08-04T11:06:55Z,2de87ef94604fb63bec05eefb71b6cdd0b9807f8551159c2a35e7259,60.17065,24.93641,000000000f4919c9,3.4
19837,2019-08-04T11:06:55Z,3004b57f95861dcbc505cbe89ab781674966526a063bee7072de8aba,60.16829,24.94214,00000000afef4555,13.75
19838,2019-08-04T11:06:55Z,303e51dd6e5cca35a9f9f76fbe8ef97bd64a9dc6b4e965b1f74ca279,60.14699,24.922,00000000a53ed894,21.87
19839,2019-08-04T11:06:55Z,3109badfaac2445aabcc5bd732cbb6a93ae5085e9b600263fb30cf94,60.17065,24.93641,000000000f4919c9,25.36
19840,2019-08-04T11:06:55Z,31659a798f1d780d587f07390c038a78fafa6cabb8180dba635863ce,60.17002,24.94407,000000006b087f40,21.87
19841,2019-08-04T11:06:55Z,32f77f5019e5fce30881c214487361e2e34b8c93277f6e546de72012,60.1638,24.96846,00000000d747f075,25.36
19842,2019-08-04T11:06:55Z,3417d8a6b53687e70f126ebeb1d26a2ff6369dc9a551c3c35c5a04f9,60.17002,24.94407,000000006b087f40,13.75
19843,2019-08-04T11:06:55Z,34cf37df412ff36df19ebe47ecdd31e5a22355a1fa723a748ac901fd,60.16762,24.95415,000000006b44cce7,17.4
19844,2019-08-04T11:06:55Z,3670a148a52771f0ff5af161725f65b86873c09eea1a7697861c0438,60.14699,24.922,00000000a53ed894,14.89
19845,2019-08-04T11:06:55Z,369f86264ed4430557e0d35917aac7a1faab8cfb6578ca64f4f22819,60.16762,24.95415,000000006b44cce7,14.89
19846,2019-08-04T11:06:55Z,374083907dd8980893623726af5633afd59b519c885ad12ba5c674eb,60.17002,24.94407,000000006b087f40,6.46
19847,2019-08-04T11:06:55Z,38561a086c97342a24583c26b33205da50e3e973a8147fe016a4a9ff,60.16829,24.94214,00000000afef4555,16.1
19848,2019-08-04T11:06:55Z,386dea4944e0b83648b4b6faf510fd47b0e9e29a2bb9311fe8a80ee2,60.17918,24.95141,00000000675d5200,9.92
19849,2019-08-04T11:06:55Z,395134265ad60f36cbb21b92db8d3db4d07bd71836d174cbf1a09224,60.16829,24.94214,00000000afef4555,11.7
19850,2019-08-04T11:06:55Z,3991e38309311c3fd5aecdcf3290274a5742396d989a81387bf154ae,60.17002,24.94407,000000006b087f40,31.5
19851,2019-08-04T11:06:55Z,39e2f2a7b03cda9f877366363a3727edfefd16d2221e752dafc33634,60.17002,24.94407,000000006b087f40,14.89
19852,2019-08-04T11:06:55Z,3ac9d056b0f04f774b238a125eb996d46437f7a8c5f6ba6712e971cf,60.17918,24.95141,00000000675d5200,7.69
19853,2019-08-04T11:06:55Z,3daa2205b02453faa04e23c0bf80d6d22d657277425f07e4fc424dbc,60.16762,24.95415,000000006b44cce7,7.69
19854,2019-08-04T11:06:55Z,3f5d3aed90718f7fb8e8a13ac7002718cc22cbe190beb96821ba52e6,60.17065,24.93641,000000000f4919c9,17.4
19855,2019-08-04T11:06:55Z,3f67c6713a6cca446a46616c9970c7a2ddffb03f21e10c8ea9b2f380,60.16897,24.95222,00000000aa852af1,14.89
19856,2019-08-04T11:06:55Z,3fe4e214448b0c9a8dfbee81c347d82a8f0b26859201fb1d77f40fa9,60.16762,24.95415,000000006b44cce7,12.69
19857,2019-08-04T11:06:55Z,411febba567281e3da6030aa21191fe5efdd090f54aec41ca291563a,60.16897,24.95222,00000000aa852af1,13.75
19858,2019-08-04T11:06:55Z,439ff6b8ff9dc79d47e223164a87fc2d620f29bc7ea1bc7ea4c5cc58,60.16897,24.95222,00000000aa852af1,18.79
19859,2019-08-04T11:06:55Z,43d8c869f8bf0d7c3d876015bbc5de703fe705613be55538351ba02d,60.16897,24.95222,00000000aa852af1,8.38
19860,2019-08-04T11:06:55Z,44703b8dd01d3bd79585c9c7e12217e1ac152f86e2b0c9ed6be4bc19,60.16544,24.95398,0000000038d83d41,23.56
19861,2019-08-04T11:06:55Z,44d01b24bde0f8031d7cf15bb66e661ad9bd92807f3213fabf920fa1,60.16762,24.95415,000000006b44cce7,5.91
19862,2019-08-04T11:06:55Z,4538bf4d0ca02f13fad76c46f7b34e72978c49b0cdfe4ea9fe151a50,60.16762,24.95415,000000006b44cce7,11.7
19863,2019-08-04T11:06:55Z,4646c02709d442247dfddb58957eab9e033547ce02b4e7ea1ea2dab5,60.16829,24.94214,00000000afef4555,25.36
19864,2019-08-04T11:06:55Z,46b576e18e757fc4ec008b41d3c28ec5415a2c2c2f143042e5413137,60.16762,24.95415,000000006b44cce7,12.69
19865,2019-08-04T11:06:55Z,46b81e0dd10fe05195c050bacd41d57feeca0e044b6b317ac22a8656,60.16762,24.95415,000000006b44cce7,16.1
19866,2019-08-04T11:06:55Z,47f787c639f2eed345eb5dca409ffcd989850399a1ab781500dd6e82,60.17918,24.95141,00000000675d5200,4.94
19867,2019-08-04T11:06:55Z,4800d49ec59e1cde34360defcce4c2a0c6a58919303c1fe6fdebceec,60.16762,24.95415,000000006b44cce7,11.7
19868,2019-08-04T11:06:55Z,4833b1ea4f519407574f5a838d93a39de28c756c5f53de7ee273b577,60.14947,24.91438,000000004ef3150d,7.05
19869,2019-08-04T11:06:55Z,49084ae4b6419be9e7bb0c9b1420142e07d6ac3c17c07c26895461ed,60.16829,24.94214,00000000afef4555,18.79
19870,2019-08-04T11:06:55Z,4954540aca30f8f56f918178fbd53ee48ddef7a231d425061f6b2f6f,60.18203,24.91341,00000000342570c2,14.89
19871,2019-08-04T11:06:55Z,49d6f6bd5878bfac30a67fe92d1501b5b09cab38ab2b35b661902f0d,60.14947,24.91438,000000004ef3150d,12.69
19872,2019-08-04T11:06:55Z,4a54cbed9c373a4136f8851f3f5736eb2fadd5766d316eb5ebbdd231,60.17918,24.95141,00000000675d5200,9.12
19873,2019-08-04T11:06:55Z,4a912b6c106b63933a8c9cc39598823bcb2c94d4b1cc8a5d55cb3972,60.16829,24.94214,00000000afef4555,0.71
19874,2019-08-04T11:06:55Z,4adb5815c946e3d8de22bfbed48cdd41db6bc860004e1f98198f24d3,60.17002,24.94407,000000006b087f40,27.28
19875,2019-08-04T11:06:55Z,4b5b3e8f2b484bc08b196c265f65c70151bd69f6263318eb29125db2,60.16829,24.94214,00000000afef4555,20.28
19876,2019-08-04T11:06:55Z,4cf634fc84e128c3b9bce07a4b726d136e18f0eea4229fdbb48f6db1,60.16897,24.95222,00000000aa852af1,12.69
19877,2019-08-04T11:06:55Z,4d31b0561dbfc9ef5acbd44ba92acb4ca7bad86b948634f005173ece,60.14699,24.922,00000000a53ed894,7.69
19878,2019-08-04T11:06:55Z,4fb84ecf5d221439a3af3b68650b3b7dea1d1324213f3ea57669ead0,60.18203,24.91341,00000000342570c2,29.32
19879,2019-08-04T11:06:55Z,51789c3026ccfe7e846e44fcd833d006941c2789b9693c77df5a7c98,60.16762,24.95415,000000006b44cce7,7.69
19880,2019-08-04T11:06:55Z,51dc3e37f2c849cad38b2a651abb7964e1dfc0e1e0a244c3a6ca8193,60.17002,24.94407,000000006b087f40,23.56
19881,2019-08-04T11:06:55Z,52daa31a2b3c1c07f78d96ebb4de3a965da5ef0a8035afbd0f7451fb,60.16531,24.9442,00000000fdda10fe,13.75
19882,2019-08-04T11:06:55Z,538f05c49f43aea0fda8bfcfd03d1ac2fc05b55d83fda538cd91e2a4,60.16762,24.95415,000000006b44cce7,9.92
19883,2019-08-04T11:06:55Z,54d53f276563f566e1cd61b100408412cf78b4fe9fcada830aa6e23b,60.14947,24.91438,000000004ef3150d,13.75
19884,2019-08-04T11:06:55Z,5518b2315c236d486c7a5a4fc27c44987672b2f9a0751ffdaa9cbf78,60.16829,24.94214,00000000afef4555,4.11
19885,2019-08-04T11:06:55Z,55db840c0ab0998cc666beac96e2ebbb86074ce40799e791e7e7f299,60.16829,24.94214,00000000afef4555,17.4
19886,2019-08-04T11:06:55Z,56318cc7f3616fceec2564cbb1f6ca8b88ea861935a1ada93aafd7b0,60.16897,24.95222,00000000aa852af1,12.69
19887,2019-08-04T11:06:55Z,571934189bf349efb6f596e76c21612cf9b82ed44913090169936048,60.17065,24.93641,000000000f4919c9,18.79
19888,2019-08-04T11:06:55Z,58ee8fd47328b1c696ec343920f2c0353d19a915924eb6f6f2638e56,60.16762,24.95415,000000006b44cce7,6.46
19889,2019-08-04T11:06:55Z,5a730ea19664020323272509e5443616ea3f1cecd7b295e294be4ba7,60.14947,24.91438,000000004ef3150d,21.87
19890,2019-08-04T11:06:55Z,5b1de13aa2e5ed9882f65ef99ddcf77a2b655f29ddfa946cd9019830,60.16762,24.95415,000000006b44cce7,9.12
19891,2019-08-04T11:06:55Z,5c404f374a48548bfe8b02859d12ae59c4ae608fae2139fd71ef51b1,60.16762,24.95415,000000006b44cce7,13.75
19892,2019-08-04T11:06:55Z,5cf708f185bde065ce78343bc60c96179799b4e45c4833fb908bd56b,60.16897,24.95222,00000000aa852af1,25.36
19893,2019-08-04T11:06:55Z,5d9aa6fcb0d81ceaa80ca13cc08a88138be517656646e0ba0942ce46,60.16897,24.95222,00000000aa852af1,8.38
19894,2019-08-04T11:06:55Z,5f06b3646e6da155a86e1679f197df7b08fe5df6324e56bd5c4b5921,60.17065,24.93641,000000000f4919c9,21.87
19895,2019-08-04T11:06:55Z,5f5805a3ffd092506452c4d45ea8fc037ae23ea726f0b0809ca6ffde,60.16829,24.94214,00000000afef4555,4.94
19896,2019-08-04T11:06:55Z,6138e6ab3e1e74425af8945a6fcc294c1469a0b9c448b780bcf9d2e2,60.14699,24.922,00000000a53ed894,14.89
19897,2019-08-04T11:06:55Z,62cac4a0e252305e1128942dc3ec48baaa514c6737c415f85abb3665,60.1538,24.95595,0000000038bf9618,16.1
19898,2019-08-04T11:06:55Z,62d86ee13e6ae7a5c41ffc2de746df72d4ef6e8d2b6a51ce1c68965f,60.16829,24.94214,00000000afef4555,18.79
19899,2019-08-04T11:06:55Z,62e27092b58abcaf80564c408d0d4a7b821abaee92dc2f02ccb11e61,60.16762,24.95415,000000006b44cce7,6.46
19900,2019-08-04T11:06:55Z,63566f339ab791a1a31d8818955abb3bf49149df7243afa7a049b8b5,60.16762,24.95415,000000006b44cce7,14.89
19901,2019-08-04T11:06:55Z,63b8ca586c8c171816d50ff13e5562f3467b1acd7bcb15632ad51f24,60.16762,24.95415,000000006b44cce7,14.89
19902,2019-08-04T11:06:55Z,63e498fd789abe431cdf86f184a50616c85717e1efc893da1e1a2222,60.16897,24.95222,00000000aa852af1,16.1
19903,2019-08-04T11:06:55Z,66755836036c771e53ffd9d0dc09b8575231b53b80af22e868691a2a,60.14699,24.922,00000000a53ed894,7.69
19904,2019-08-04T11:06:55Z,67598a1e0a26360b38ffc4bd67aa05290556cdaea97554dfb9d8bdad,60.16762,24.95415,000000006b44cce7,25.36
19905,2019-08-04T11:06:55Z,697103160f0b3dc0ba38ccdd18203ae84ec35fc314322d1172c093b2,60.16829,24.94214,00000000afef4555,17.4
19906,2019-08-04T11:06:55Z,6978155fc96a2c464cb547d9fc8c5e60f39fbb9de35e49ab211c5efc,60.16897,24.95222,00000000aa852af1,29.32
19907,2019-08-04T11:06:55Z,69852d528034ea6fc746ed8942c32f1c90bc33a7a7317dfac3c9b1c1,60.14699,24.922,00000000a53ed894,7.05
19908,2019-08-04T11:06:55Z,6990b912b53e2278e4a3d421330e44169d05b275ad57d86ff4ad1615,60.14699,24.922,00000000a53ed894,23.56
19909,2019-08-04T11:06:55Z,69b325e07052873a256bfc38196eacb0c425d5ef40d2199017d3736f,60.14951,24.92138,0000000006dd41f6,31.5
19910,2019-08-04T11:06:55Z,69d8c906060e226ff0f0f7e78029575f2ee07ebec657a3b641419268,60.14699,24.922,00000000a53ed894,13.75
19911,2019-08-04T11:06:55Z,6ac1903c80e63433e4bc744dc0e801bff647117d38d3753fb9a6a4c1,60.173,24.92524,0000000096918cfa,17.4
19912,2019-08-04T11:06:55Z,6ac8fdd67b3dd11f0bae935f3a285880138382088238b97f511d3f12,60.16897,24.95222,00000000aa852af1,20.28
19913,2019-08-04T11:06:55Z,6c97da4ba9462e7fe786a472989dab23340d31809dd78d5617204da4,60.16829,24.94214,00000000afef4555,7.69
19914,2019-08-04T11:06:55Z,6e492dbc3f10157e7ff00826a839a97262ab36244ccc57b702a89999,60.16531,24.9442,00000000fdda10fe,4.11
19915,2019-08-04T11:06:55Z,6f01673aa506c80d2de3e4cdfaaa09c0755a4ae7f9a674edceae4e72,60.16762,24.95415,000000006b44cce7,16.1
19916,2019-08-04T11:06:55Z,6faf62fbff92729472d61bc9a13a5e72833e55bf713863161f8ca9cb,60.15432,24.9211,0000000019fb59c4,21.87
19917,2019-08-04T11:06:55Z,70ffae2b8178e0915c5de7816f8dd8bcc3af745ee49df8ac4da4adba,60.17918,24.95141,00000000675d5200,36.27
19918,2019-08-04T11:06:55Z,714e80a1e3c0fee43e312f314b2faec47e582ee8dac47e4818dbc2f9,60.149,24.9843,00000000fffb8cf0,2.8
19919,2019-08-04T11:06:55Z,71516fc8349cfaf2b5c4ab80ade6078494d93d13e9953af15e5ced30,60.18203,24.91341,00000000342570c2,27.28
19920,2019-08-04T11:06:55Z,74c2ec2adc228e5b4979284d730fd2de698242f0f06d90f870b8cde6,60.16762,24.95415,000000006b44cce7,3.74
19921,2019-08-04T11:06:55Z,7552783317be1ef797980c3a9ee9c5967d4e7b32765f23c51ffda02d,60.16897,24.95222,00000000aa852af1,13.75
19922,2019-08-04T11:06:55Z,75d452cbba63995ad06213b577081e8db650c80b3a78060789a8e831,60.16762,24.95415,000000006b44cce7,9.92
19923,2019-08-04T11:06:55Z,77964c48bd2a8658eeedae4be816422b0ef0be1ee1b6f9093b47f14e,60.14699,24.922,00000000a53ed894,23.56
19924,2019-08-04T11:06:55Z,795b33361c4adbe3fd61f8f680186862dfc479124c39e5da6579b065,60.16829,24.94214,00000000afef4555,11.7
19925,2019-08-04T11:06:55Z,79f6ceff0d0fc6687b4982c4d38a9ebb0a1056b6e0c448b1b9e79e8e,60.16897,24.95222,00000000aa852af1,25.36
19926,2019-08-04T11:06:55Z,7c55ecf165387948602e82b684a55be093691849fde2d96ad6574475,60.17065,24.93641,000000000f4919c9,36.27
19927,2019-08-04T11:06:55Z,7de4ba54f0d667a69cb0b6d625856bc6b040f51a42f91beae366a269,60.16762,24.95415,000000006b44cce7,8.38
19928,2019-08-04T11:06:55Z,7e78b2348d9576c63ebb626030ee9d43e2bf07e860782adf3f1c452b,60.16829,24.94214,00000000afef4555,5.91
19929,2019-08-04T11:06:55Z,7ea276abbe2f1bfd85b2493f7b4c801189e673c0b4dc987d2c8e30dc,60.14699,24.922,00000000a53ed894,25.36
19930,2019-08-04T11:06:55Z,7eefc5581c616491b78192b28b519ba727dc884a87bc06b8df1ea4f2,60.14699,24.922,00000000a53ed894,12.69
19931,2019-08-04T11:06:55Z,80ffa6235c9fd84bd35d46706c7d0c4126ee0e241a070c5ae5f30d14,60.16762,24.95415,000000006b44cce7,13.75
19932,2019-08-04T11:06:55Z,822590bd49bcf7ed4de4f8389586915c343b29c4283ff8b90d7c1d39,60.17065,24.93641,000000000f4919c9,13.75
19933,2019-08-04T11:06:55Z,82ac749474448abac333d00869cb8b508872f86293913d95eae26a05,60.15432,24.9211,0000000019fb59c4,11.7
19934,2019-08-04T11:06:55Z,82cddd3b9f58762d36efe78da4e2722ee587cfdb3fdbc58b52673082,60.16629,24.95957,00000000fb7600be,11.7
19935,2019-08-04T11:06:55Z,844b8ad6ebf530978d1139d527a681991f4d3eed6be5bc723f0b2192,60.16531,24.9442,00000000fdda10fe,1.25
19936,2019-08-04T11:06:55Z,87f4cf4baea8c5dfe1bc7812cc969574058bd4d2dda215192bcfc53f,60.14699,24.922,00000000a53ed894,4.11
19937,2019-08-04T11:06:55Z,886032718e05487be8bd75bb14464814044c7edd7f9a2198304f6fb4,60.16629,24.95957,00000000fb7600be,17.4
19938,2019-08-04T11:06:55Z,89df1daad350e46d526e113019214d2e1a19d8f48da761bb3583399b,60.16762,24.95415,000000006b44cce7,14.89
19939,2019-08-04T11:06:55Z,8a7f5012c000c420f0a336a3988c72cf2b373818f4f3f369e994d8e4,60.16829,24.94214,00000000afef4555,14.89
19940,2019-08-04T11:06:55Z,8c4e4851db86ec4a3ce29a58be770eb29c38b9a983351bb67d781982,60.16897,24.95222,00000000aa852af1,14.89
19941,2019-08-04T11:06:55Z,8cf412e50797d13126e843f8737218f051acae88ebdc47c49984c4db,60.17065,24.93641,000000000f4919c9,20.28
19942,2019-08-04T11:06:55Z,8f7fec0a4f5d4eb0710dd40c356e0c82dbd9360772fade341a50ba37,60.14699,24.922,00000000a53ed894,21.87
19943,2019-08-04T11:06:55Z,8f998d0e47a5fb2e84c8dcffb4a33ca4adeaf8db93423df171988c1e,60.16629,24.95957,00000000fb7600be,20.28
19944,2019-08-04T11:06:55Z,90b12d2b9898702fd62b343512e0d53796ae38decdf704e203a0cc39,60.16829,24.94214,00000000afef4555,18.79
19945,2019-08-04T11:06:55Z,91602a694bc74a2874ba7f02a7bae062a3a77cd869b86a74800415b8,60.17918,24.95141,00000000675d5200,14.89
19946,2019-08-04T11:06:55Z,92df20d921f76c63470e3f5afbe201d3ae15f5133f66c291db796082,60.16629,24.95957,00000000fb7600be,23.56
19947,2019-08-04T11:06:55Z,97490f522f1a0226c8f7e8ed7bca08dd71b63d80b46d38020127b868,60.14699,24.922,00000000a53ed894,10.78
19948,2019-08-04T11:06:55Z,998ac46ad73c197bab1f36dca67d8bcaa3aca92249185a5e3715043f,60.17065,24.93641,000000000f4919c9,13.75
19949,2019-08-04T11:06:55Z,9a23dca42469f79bf4f5665caffb8d0dd8da182f6fb72f595309803b,60.149,24.9843,00000000fffb8cf0,16.1
19950,2019-08-04T11:06:55Z,9a49d0b5a67fba15ce8971503f6fea88994b33487a842397c5e8564f,60.16762,24.95415,000000006b44cce7,8.38
19951,2019-08-04T11:06:55Z,9af5161d635984285f0d259f202fe80516d5258255b979b9910afe05,60.16762,24.95415,000000006b44cce7,14.89
19952,2019-08-04T11:06:55Z,9b17422199e594df512c6cda493d8fc5b5141741b2f804eb18016640,60.14699,24.922,00000000a53ed894,31.5
19953,2019-08-04T11:06:55Z,9b24f69458294d27d07a0169665965135fd02f4c953f85bcebf4ba87,60.16762,24.95415,000000006b44cce7,8.38
19954,2019-08-04T11:06:55Z,9b4b0705e58750d2bcbd71ad65d85677f7e77db5dfe69d1a70b5d31f,60.17918,24.95141,00000000675d5200,13.75
19955,2019-08-04T11:06:55Z,9bc50d931d6c1678284177395958d15f05b45d60ae7bc09fe1e1694e,60.16762,24.95415,000000006b44cce7,13.75
19956,2019-08-04T11:06:55Z,9bc91538b73e0220fcf5cd07290c07d56f6f48d3ba0ba6b6b0876da9,60.17065,24.93641,000000000f4919c9,17.4
19957,2019-08-04T11:06:55Z,9bef562c292174f1eb3933116effff74a8733a78e5c1df140de3fd6c,60.17918,24.95141,00000000675d5200,17.4
19958,2019-08-04T11:06:55Z,9c0b1d2c4c67c07e547e810a94efeaaa1187ae82977e03748470281c,60.16897,24.95222,00000000aa852af1,25.36
19959,2019-08-04T11:06:55Z,9ced7d70503ba24882b6e283fa95ce42e02c1a3618adeb448558c50c,60.16897,24.95222,00000000aa852af1,14.89
19960,2019-08-04T11:06:55Z,9eb1e9bfdceb76ef852f89ebd82139602125f9731b791465e1c21f81,60.16829,24.94214,00000000afef4555,9.92
19961,2019-08-04T11:06:55Z,9f1920350685b4cb747c535ba3c3dc1cb29587668bd507ab96e5692f,60.16629,24.95957,00000000fb7600be,23.56
19962,2019-08-04T11:06:55Z,a0ec1a8d581f94e640a6858a674699d2464ec065e6faea9d4ce2a13b,60.16762,24.95415,000000006b44cce7,4.5
19963,2019-08-04T11:06:55Z,a30740fbf4b7e21f6fe2996e9325c90936de161cb2165e87cd96fd35,60.149,24.9843,00000000fffb8cf0,9.92
19964,2019-08-04T11:06:55Z,a3664d77633807788598dd8d4a7ba8caba2c31bfdcb6ba83651d4e7e,60.173,24.92524,0000000096918cfa,20.28
19965,2019-08-04T11:06:55Z,a3be3c433852e388b553aa0565f84f043ce7967c0b2bf18bbae04d1f,60.14951,24.92138,0000000006dd41f6,21.87
19966,2019-08-04T11:06:55Z,a50e0bb8fd1ad4ad264c3246b210a0c6285faae591c1bd2c2c3458af,60.16829,24.94214,00000000afef4555,14.89
19967,2019-08-04T11:06:55Z,a51a9aab75637e56bef3effddc420dfcd95b8cbd85d95917aaac38d5,60.16762,24.95415,000000006b44cce7,12.69
19968,2019-08-04T11:06:55Z,a5835ce352a1e6d8fb6bdc410fae1076c756f7dac8e202465add9277,60.16762,24.95415,000000006b44cce7,8.38
19969,2019-08-04T11:06:55Z,a5d632ac8ffc19a626de034d3c9444fd262ee6edada285c816ea9266,60.16531,24.9442,00000000fdda10fe,9.12
19970,2019-08-04T11:06:55Z,a6ad4305e4e49cc67b63665ffb182e72c67646f3554a9aedcd188b67,60.16829,24.94214,00000000afef4555,23.56
19971,2019-08-04T11:06:55Z,a7cc1a0b8bbb896ef55043e385a939c97fd5cfaf6d43a4db6c720076,60.16762,24.95415,000000006b44cce7,13.75
19972,2019-08-04T11:06:55Z,a81c19fb85eebf853246cdc4d8e38245dfa5ba15c180eaa1bcc0378d,60.16829,24.94214,00000000afef4555,21.87
19973,2019-08-04T11:06:55Z,a8c4f6feb3636400ed19b5c49ae86a45245705fee6a9f615c191f889,60.16829,24.94214,00000000afef4555,17.4
19974,2019-08-04T11:06:55Z,aa4547c0b6b8be30776e08d524ceeacfbc9930ad720e11fa4cb20882,60.16531,24.9442,00000000fdda10fe,1.38
19975,2019-08-04T11:06:55Z,aa45859d6157e9e86470ec8b81957acc35bafb1b7f419d79357a38cf,60.16829,24.94214,00000000afef4555,10.78
19976,2019-08-04T11:06:55Z,aaabd3028e2bd9f8b0e3a929c8728cb364551bd70da3208662b12033,60.16762,24.95415,000000006b44cce7,7.05
19977,2019-08-04T11:06:55Z,ab1377ddf669bb806f8db586f4ce5ab9f0f4257dda61fe800d8509f5,60.17065,24.93641,000000000f4919c9,25.36
19978,2019-08-04T11:06:55Z,ab38fb2e78f9364ca547ebbda4a8631d1fe6651f93b610748afec89f,60.1538,24.95595,0000000038bf9618,38.87
19979,2019-08-04T11:06:55Z,ab5a898dee82ed143fd90e2b4bf5efdb881355a720ed126aef3617a2,60.17002,24.94407,000000006b087f40,18.79
19980,2019-08-04T11:06:55Z,ab6e8769f50a15ea5e0d64f48aaa12886b7599a18cc0eb071a21ae5f,60.16762,24.95415,000000006b44cce7,5.91
19981,2019-08-04T11:06:55Z,ab9310807d2eb4984b053d38f467cb5d3e4211ff71ceb059480cf9ba,60.16829,24.94214,00000000afef4555,16.1
19982,2019-08-04T11:06:55Z,ac4679e3db131ec2ea8e1111c8aa0d71020cf8796ecb11f142478394,60.14947,24.91438,000000004ef3150d,4.94
19983,2019-08-04T11:06:55Z,acb3f63fe0879b2640a9d68a248a15f85777e30652945d7740bb95f4,60.16762,24.95415,000000006b44cce7,13.75
19984,2019-08-04T11:06:55Z,add92af5006cee56f2da79112486b97d5a7c06f12252676b7638064d,60.16762,24.95415,000000006b44cce7,11.7
19985,2019-08-04T11:06:55Z,ae3cda5066e455d4b1e58860e8fb7a35efad69b9964a676b476b0687,60.14947,24.91438,000000004ef3150d,5.91
19986,2019-08-04T11:06:55Z,b07bf68512027f613ec42ef35ecc9ae28f38158a4193299be33e7481,60.14699,24.922,00000000a53ed894,27.28
19987,2019-08-04T11:06:55Z,b0d6202ccd1560eaf57c06931cb6466332e41068ad2963e515819015,60.17918,24.95141,00000000675d5200,13.75
19988,2019-08-04T11:06:55Z,b1421f3442b5594ceec0855789169ebe9346682c58076647d251e417,60.16629,24.95957,00000000fb7600be,41.64
19989,2019-08-04T11:06:55Z,b2298fc6f63c02481610f9aef24f1a0c1711c255adc43c0fe135c1ca,60.14947,24.91438,000000004ef3150d,12.69
19990,2019-08-04T11:06:55Z,b26d0daac9f8fb84484cbd8ed668aeb6751e848b1c533a307d163360,60.16762,24.95415,000000006b44cce7,3.09
19991,2019-08-04T11:06:55Z,b45b86eb670eb1db475921496e6d80468f5fe2819bf3eb58f1f58506,60.16762,24.95415,000000006b44cce7,9.12
19992,2019-08-04T11:06:55Z,b4c8900041e9f8751755d3940ceac58419e6370cd81cdb90d7800de1,60.14699,24.922,00000000a53ed894,17.4
19993,2019-08-04T11:06:55Z,b50b3c2006581bccfeaa9ea964649350c7d5b8177baa29a37e628584,60.14947,24.91438,000000004ef3150d,21.87
19994,2019-08-04T11:06:55Z,b5cdbcdc30e0bf653ce353c867708b0067db5e394c8cbe848d978a77,60.14699,24.922,00000000a53ed894,11.7
19995,2019-08-04T11:06:55Z,b601cd655bb9f05aa6ec86fc9eb9300c3bc20bc0e856e94ad168a257,60.14947,24.91438,000000004ef3150d,11.7
19996,2019-08-04T11:06:55Z,b61c6a5634cffe7dead72d5f6730e8439bee6dd2286d9df8f3052e3c,60.16762,24.95415,000000006b44cce7,7.05
19997,2019-08-04T11:06:55Z,b6993d0126111446694476224139411806c3e61a96a43f1655048ff9,60.16762,24.95415,000000006b44cce7,9.92
19998,2019-08-04T11:06:55Z,b81a9bf449d3e64ad0181804598330bbf305f384b888935023742c79,60.173,24.92524,0000000096918cfa,12.69
19999,2019-08-04T11:06:55Z,b81e65168ea3278486b1c954ab229bc2eda3fe07098e824f05cd0ac4,60.149,24.9843,00000000fffb8cf0,25.36
20000,2019-08-04T11:06:55Z,b8f5834e6b992cf5568ae3153fb4b07e97b7f6dd01250851134c1824,60.149,24.9843,00000000fffb8cf0,16.1
20001,2019-08-04T11:06:55Z,ba41edadb3a9722bc59efaca71897a33593d0f17301c4bf560fd23e1,60.16762,24.95415,000000006b44cce7,7.69
20002,2019-08-04T11:06:55Z,bbf7d8b9085ddcd3b94f55f93b52cb40a251c44f5df4099ba5b61471,60.16829,24.94214,00000000afef4555,9.12
20003,2019-08-04T11:06:55Z,bd7fa2c07b7e0eab8afb3d9825a810643c2eb71f83c09a1e26cac54c,60.16762,24.95415,000000006b44cce7,9.12
20004,2019-08-04T11:06:55Z,bf4235c977b63f07c70679988ae6990db3734c8bde50741c636155b9,60.16762,24.95415,000000006b44cce7,4.94
20005,2019-08-04T11:06:55Z,bfd5c2630b36fde15de01ea74e598d035402cf1edb7c9230617927e0,60.16762,24.95415,000000006b44cce7,13.75
20006,2019-08-04T11:06:55Z,c17d750015a2259a1bba7471f2e4e0a1db4df53276be8c8463fd5f84,60.16829,24.94214,00000000afef4555,4.94
20007,2019-08-04T11:06:55Z,c1ca9629c5ebd58052fb4c627ab87542db3ca242430d22b727f46bce,60.16762,24.95415,000000006b44cce7,7.69
20008,2019-08-04T11:06:55Z,c27fee8ae8d689338b043608280c83cfa6f3276d3837ecea5f742dc3,60.16762,24.95415,000000006b44cce7,4.94
20009,2019-08-04T11:06:55Z,c2cc33e5b1b8d254d4bcbc0ffa13c9200676a39a191cc31a38d28d8d,60.17065,24.93641,000000000f4919c9,12.69
20010,2019-08-04T11:06:55Z,c2e135ad2c160277e290705658ac41d7cd35b11ebf61d829fdd0b428,60.14699,24.922,00000000a53ed894,7.69
20011,2019-08-04T11:06:55Z,c55894159f2080031cda702c78ee54463c3c15ab1b3638afdf687f08,60.16531,24.9442,00000000fdda10fe,7.05
20012,2019-08-04T11:06:55Z,c5ffe1809d0314e1f74db7cbb63e9a1b59f6fdda752b423ea74be3b0,60.16897,24.95222,00000000aa852af1,20.28
20013,2019-08-04T11:06:55Z,c62e3bc96df19460649fc783b06a07b4ec4602284534df312c451c0f,60.16897,24.95222,00000000aa852af1,29.32
20014,2019-08-04T11:06:55Z,c6b0ea433c3fdc73e0bac7e3faa2690506c4e8ec7fc54210446a7ffa,60.14947,24.91438,000000004ef3150d,11.7
20015,2019-08-04T11:06:55Z,c7160ae9aa31ca4dba615425303b1e527f342ede653be387ee54389c,60.149,24.9843,00000000fffb8cf0,25.36
20016,2019-08-04T11:06:55Z,c7ced11121537f55bcd7d7ab67312226dafe7c85320c5357a35d5ab7,60.17002,24.94407,000000006b087f40,20.28
20017,2019-08-04T11:06:55Z,c8dd245e5d2447bdcacfb12a0ca05387f6ec1fd0e101079c49427b46,60.16829,24.94214,00000000afef4555,21.87
20018,2019-08-04T11:06:55Z,c990a15d27cfc21e63b7c96b95949254f1194e8b27118386a589e2bd,60.16897,24.95222,00000000aa852af1,14.89
20019,2019-08-04T11:06:55Z,cb2f32be2e27fc44ead887ff7f76c0199bf68b2c6711e6880f4acd01,60.16762,24.95415,000000006b44cce7,16.1
20020,2019-08-04T11:06:55Z,cb37b8fad0bc758cf37d7ea1052f3a98f29282ae37ec635d6eb2c511,60.16762,24.95415,000000006b44cce7,11.7
20021,2019-08-04T11:06:55Z,cbdcd7a65da51c93831457440ca716ee46c278cd8597610e661946cc,60.16897,24.95222,00000000aa852af1,16.1
20022,2019-08-04T11:06:55Z,cd7d0e9404c9f4e8fab0742460b9acb4d5bbb97f44df80d4a8b973cd,60.17002,24.94407,000000006b087f40,5.41
20023,2019-08-04T11:06:55Z,cddbfc3b0a1459f0ea8d553779cf320d512cac6e64976182f2f0b3b7,60.16829,24.94214,00000000afef4555,13.75
20024,2019-08-04T11:06:55Z,cf241827513137f094cda8111245217a32612fdb8fdb573be6e1893d,60.16762,24.95415,000000006b44cce7,10.78
20025,2019-08-04T11:06:55Z,d04b5065ec93818b731141027d11e6a1cf53de69b9737d7aea0c34da,60.14947,24.91438,000000004ef3150d,16.1
20026,2019-08-04T11:06:55Z,d162ad46250f7d87af446db22df4aa6b2eb2bf22f83beca34e857743,60.16762,24.95415,000000006b44cce7,5.41
20027,2019-08-04T11:06:55Z,d1b77fcfad94da8564d1a85ed1797255531e5ab26cc835800878fb26,60.17065,24.93641,000000000f4919c9,9.12
20028,2019-08-04T11:06:55Z,d20f68571773330f7b6490b006b2e952c9912b4ee05e20f0fc434698,60.16629,24.95957,00000000fb7600be,12.69
20029,2019-08-04T11:06:55Z,d293249d86121f55f495956ffbcc8e48615ab82da7750025bc758280,60.18203,24.91341,00000000342570c2,33.81
20030,2019-08-04T11:06:55Z,d2aa78414847f7d563d6dd86215208c2c50df75bfd2a7b601cfcc35e,60.16762,24.95415,000000006b44cce7,16.1
20031,2019-08-04T11:06:55Z,d2fd0c6415d2d8e49fef3415fb8747b524191b4400a4fbb66428cb12,60.14699,24.922,00000000a53ed894,16.1
20032,2019-08-04T11:06:55Z,d37a41bf1a3ceae0290b30db3e43e70824b59133c3a7776d78c97413,60.18203,24.91341,00000000342570c2,27.28
20033,2019-08-04T11:06:55Z,d3bad9334d128332fc483e10ef1b77c28e5a75ac55be4de71c6b2f9f,60.16829,24.94214,00000000afef4555,8.38
20034,2019-08-04T11:06:55Z,d6a8c97f1ec18c7a90d3beae358bad67f8d53626258a852e15b08c5d,60.14699,24.922,00000000a53ed894,23.56
20035,2019-08-04T11:06:55Z,d71a315bac918f9a18fcd820731e6d9eb54fb0d01c324ca088ef8858,60.149,24.9843,00000000fffb8cf0,18.79
20036,2019-08-04T11:06:55Z,d815f84ae48488758c6a413083db69302bd4661761296368c86e7721,60.16629,24.95957,00000000fb7600be,25.36
20037,2019-08-04T11:06:55Z,d82f37918d46bea29e113c6b57b901b1b960ed3337bdcce777aea476,60.17065,24.93641,000000000f4919c9,4.5
20038,2019-08-04T11:06:55Z,d83c1c2d3a3876c948e277bace6d013eafc0c4e118958e138f8b1257,60.16448,24.97323,0000000053c6c2be,25.36
20039,2019-08-04T11:06:55Z,d86f155736e4d36de5d33bdbb3b12b717b75de44852b93419af20945,60.16829,24.94214,00000000afef4555,29.32
20040,2019-08-04T11:06:55Z,da2398acaae7f39c7b80c220d4e6917bdc7655f4c71b6e36d06cb859,60.18203,24.91341,00000000342570c2,11.7
20041,2019-08-04T11:06:55Z,dab7015659d0cd7c18f681d6089a503f9c418ae9b1dc9077084a6bcb,60.16762,24.95415,000000006b44cce7,10.78
20042,2019-08-04T11:06:55Z,db45583e1f7aaaf54e100214986dfc86aa755383e86d361639a5b19b,60.16762,24.95415,000000006b44cce7,9.12
20043,2019-08-04T11:06:55Z,db4d3f81708de827ce30c4130610fd65b4d6d451ca5cf6b0c4e745d9,60.16829,24.94214,00000000afef4555,18.79
20044,2019-08-04T11:06:55Z,dba25c18a94a20a35b9a27ff605b1c40fd45b0263d884645052918e5,60.16829,24.94214,00000000afef4555,21.87
20045,2019-08-04T11:06:55Z,dbd2fa33dbaac339a8c9d8e04576b1088999b9314914676a2247737c,60.16448,24.97323,0000000053c6c2be,29.32
20046,2019-08-04T11:06:55Z,dc534c1cb5eb7f34b6b57bd93c8d9acb2685ba264563f6f388d09923,60.16762,24.95415,000000006b44cce7,9.92
20047,2019-08-04T11:06:55Z,dc816e92e4a2eceea03f41fc379fda0e3d57b5d0fbd9a06430432022,60.16762,24.95415,000000006b44cce7,3.74
20048,2019-08-04T11:06:55Z,dc82f9648bb5ba21e766e0923f5fa7ca2d77662ab0edbe22a3d95631,60.14699,24.922,00000000a53ed894,3.74
20049,2019-08-04T11:06:55Z,dcbd150d7326dc22a8ab087a0555b9c9549addd07f54aa909aa8ec1f,60.149,24.9843,00000000fffb8cf0,33.81
20050,2019-08-04T11:06:55Z,dd8e0699822b1a8a3f8a91fcb10729f6f7cd0a4736f36dc60974c36e,60.16762,24.95415,000000006b44cce7,7.69
20051,2019-08-04T11:06:55Z,ddd0e663eb31ac94858d2a4e9af5e4782781e88c92102042190e6fcf,60.14699,24.922,00000000a53ed894,18.79
20052,2019-08-04T11:06:55Z,de48adf9d49eb3bc1d61dea4047618f6c77086fc44bd2b535d56504d,60.16762,24.95415,000000006b44cce7,2.3
20053,2019-08-04T11:06:55Z,de71e27b55ef6f2f51f05838a2fcab596f1dd93a14ece5ce4548f5c7,60.14699,24.922,00000000a53ed894,6.46
20054,2019-08-04T11:06:55Z,e081e4b3252ca91bbf1cbb70faa116d60317fbf3a991a67bc99b4bfa,60.149,24.9843,00000000fffb8cf0,14.89
20055,2019-08-04T11:06:55Z,e0859a9c906151023376d86762070f38ba1b3859e671531b0edac6cd,60.16075,24.95883,00000000f1124bca,17.4
20056,2019-08-04T11:06:55Z,e092030747b57112ba6ccf5bdd565d76abb3607abf31a06d0d92660c,60.16762,24.95415,000000006b44cce7,11.7
20057,2019-08-04T11:06:55Z,e1da87aea335bcd04e4c876158b96ebc7ba4206bc216c3aa27a2f4af,60.17918,24.95141,00000000675d5200,21.87
20058,2019-08-04T11:06:55Z,e26862fdcdd4688d81b8fe05d1ac94c5f9b3192ddc50d4c66ad12cc1,60.16897,24.95222,00000000aa852af1,13.75
20059,2019-08-04T11:06:55Z,e29168791ccd18013b58845430388cc5aac537e7e1c618aeb78900a8,60.16897,24.95222,00000000aa852af1,13.75
20060,2019-08-04T11:06:55Z,e305610124e16ed1411a221b29ce69a076cc47982efd6c098b0599ab,60.14947,24.91438,000000004ef3150d,9.92
20061,2019-08-04T11:06:55Z,e44d7228cecbdb2474e1cc396a6c13943f09c08c19d0ffab1997d509,60.17918,24.95141,00000000675d5200,18.79
20062,2019-08-04T11:06:55Z,e53a901aed874016e1cd1ed3e9b2891fca850986cb2fa04f5162cf52,60.16762,24.95415,000000006b44cce7,16.1
20063,2019-08-04T11:06:55Z,e557e164cd52fd817b02cad6587a294d72b0974d9b014ad69ea5e08e,60.17918,24.95141,00000000675d5200,2.8
20064,2019-08-04T11:06:55Z,e568360cebcddeb30a1d066a2f6a2326ac927004214bd11337d804e5,60.16762,24.95415,000000006b44cce7,10.78
20065,2019-08-04T11:06:55Z,e5b9b4813c081a31fb498e7f9adb94918c267dfa125c63790c0d9488,60.149,24.9843,00000000fffb8cf0,5.91
20066,2019-08-04T11:06:55Z,e930a5ec1c194411f780baf187b60db84a95c8217ad1adffb30f8f67,60.173,24.92524,0000000096918cfa,36.27
20067,2019-08-04T11:06:55Z,e9d59e25b58f33f70aad6832863cb59d7485ca55a1575558f92b74e7,60.16897,24.95222,00000000aa852af1,6.46
20068,2019-08-04T11:06:55Z,ec485175d2b7a2c53d03bf546aee134c116d998976601b069570c6f9,60.14699,24.922,00000000a53ed894,18.79
20069,2019-08-04T11:06:55Z,ecb1735f180422ec69f041cd2782a26c9f07d27a87893b3c30aaa9b7,60.16075,24.95883,00000000f1124bca,4.11
20070,2019-08-04T11:06:55Z,eea43687eab35d2c386347881796eb1c8279076b9e9642ebc2cd06ac,60.16762,24.95415,000000006b44cce7,3.74
20071,2019-08-04T11:06:55Z,ef15ff71b7dc4c2088249a4fca7e28900ae315245a7a3b4d571bf582,60.16829,24.94214,00000000afef4555,12.69
20072,2019-08-04T11:06:55Z,ef33ccdfcdb12920eabb3306e0f86dc7e6060a5d3864b03e2de7e1ef,60.16897,24.95222,00000000aa852af1,9.92
20073,2019-08-04T11:06:55Z,ef45fdc095ee55730384922266d8fce61de212d3c3df2441ea10e524,60.14947,24.91438,000000004ef3150d,14.89
20074,2019-08-04T11:06:55Z,ef5e495c5f9d3dd9eb22ed5b8faf1cc9e4225d4785ebb26a87d16fff,60.14699,24.922,00000000a53ed894,12.69
20075,2019-08-04T11:06:55Z,f014103201b8ae8f495f8e1e04da3c934079461391d4801ee6c2faaf,60.16762,24.95415,000000006b44cce7,5.91
20076,2019-08-04T11:06:55Z,f110acae92fec55c6caca5de864773a6b99e5b8d6e2fdf8d1bdbc759,60.16762,24.95415,000000006b44cce7,5.91
20077,2019-08-04T11:06:55Z,f11c02cbebb4049a29f10d2ee6aac8a9ca3b7b9609a39d69463461a1,60.17065,24.93641,000000000f4919c9,23.56
20078,2019-08-04T11:06:55Z,f196f5f8c08299d290b3bac1944e00bb1f2c90594db66438b0c10e6e,60.16629,24.95957,00000000fb7600be,16.1
20079,2019-08-04T11:06:55Z,f1d44b9d3710849eba7eab0b6646053378aa5f8ee3491ec2522f3c44,60.14947,24.91438,000000004ef3150d,36.27
20080,2019-08-04T11:06:55Z,f2467c8ede6444941158701b7bd9d005beec9ffdb355ce2d8c7a9bfd,60.149,24.9843,00000000fffb8cf0,17.4
20081,2019-08-04T11:06:55Z,f2657ffae2874f68002fc4b75fb489a255be88015f067e2cf500da8d,60.16762,24.95415,000000006b44cce7,23.56
20082,2019-08-04T11:06:55Z,f616fbd0fde8316049c3068ae4368dc9f486f8da4bf5516e9ba82578,60.16897,24.95222,00000000aa852af1,17.4
20083,2019-08-04T11:06:55Z,f62b86ef56fa9417b0128f2fff6530aed6f2a50d3f65bbbfdcbbee59,60.16762,24.95415,000000006b44cce7,7.69
20084,2019-08-04T11:06:55Z,f756416830b046336a677173f34b00e83412904998e92cfb4ebe207d,60.16762,24.95415,000000006b44cce7,13.75
20085,2019-08-04T11:06:55Z,f78ef2ddbe48b534137498eab56c0a55ec0e0b1d8868e82cb5652a0e,60.14699,24.922,00000000a53ed894,13.75
20086,2019-08-04T11:06:55Z,f855918d61069661cbf8633b228a5fb9e5cd5ea7b2946bfc5b9fc315,60.16829,24.94214,00000000afef4555,12.69
20087,2019-08-04T11:06:55Z,f9ed4361c378e7c740818b0c356acbffa4a161af2ffbecb803ace9b7,60.173,24.92524,0000000096918cfa,27.28
20088,2019-08-04T11:06:55Z,f9f42c3132515705c0013fb8e137897c93844d24acc22cb4ac9384a0,60.149,24.9843,00000000fffb8cf0,23.56
20089,2019-08-04T11:06:55Z,fa15a46a5326515aa1a4b43762ef2018a2be3ac983c811558c1fe104,60.16762,24.95415,000000006b44cce7,4.11
20090,2019-08-04T11:06:55Z,fb197be4589e2d16cfe2899ae06282639009e64a5bff759f4a8a3e43,60.16629,24.95957,00000000fb7600be,16.1
20091,2019-08-04T11:06:55Z,fb37b263777ffcf7fe1fb6484821cae2b8beb03b5f5009109748dedb,60.16762,24.95415,000000006b44cce7,11.7
20092,2019-08-04T11:06:55Z,fdf5c0dab003c974e22f3746bfb7fa399e10ca82fcec35ba6dcd6065,60.18203,24.91341,00000000342570c2,14.89
20093,2019-08-04T11:06:56Z,004c3624f943830bc6a9f17173a2cd0996622cade5184ad2b9fba729,60.16897,24.95222,00000000aa852af1,9.12
20094,2019-08-04T11:06:56Z,048a4191e2e9ce1733556eda54c4123345c70aeced0f8ecf7d52b916,60.14699,24.922,00000000a53ed894,16.1
20095,2019-08-04T11:06:56Z,09ddbf38333e76a79fd836112bd8c3f8bf7f3dadfb3d49945ad4c486,60.16897,24.95222,00000000aa852af1,7.05
20096,2019-08-04T11:06:56Z,128f1b89d7a534aa206a7823b692594bbd4d349761baa04c0fc72f2c,60.14947,24.91438,000000004ef3150d,6.46
20097,2019-08-04T11:06:56Z,14c7e1511b70f4dd3359cbece1377aebb4d70531f5489eefe53d7c3c,60.16544,24.95398,0000000038d83d41,23.56
20098,2019-08-04T11:06:56Z,25a7ff811c3c06e426c7c2cbb0433d9a2a3399b23afecbd35584ab0f,60.18203,24.91341,00000000342570c2,9.92
20099,2019-08-04T11:06:56Z,269109af99b12861eeb19ab8698033d9c00895687da47af3f4310e9d,60.16762,24.95415,000000006b44cce7,4.5
20100,2019-08-04T11:06:56Z,29016fc5853bb802e42e93eb5fd98882d64029327d793a2f2335b9e4,60.16829,24.94214,00000000afef4555,12.69
20101,2019-08-04T11:06:56Z,32dd92b5a658392a4ec84eaf95152ee72258b6b0fb670b97882ac902,60.16829,24.94214,00000000afef4555,10.78
20102,2019-08-04T11:06:56Z,3b5cafe90982db26cf737b2e4cd4275276f6a031bca3b2a1f73023b2,60.14699,24.922,00000000a53ed894,13.75
20103,2019-08-04T11:06:56Z,3fe5f4ccfa5c777ceafda0674d7c9da6f509f6694b4c2fa254b32e73,60.16897,24.95222,00000000aa852af1,17.4
20104,2019-08-04T11:06:56Z,4656bad9b5e6dfc3977eca308fc1db3dbf8b0204b90d09b001da242e,60.1638,24.96846,00000000d747f075,25.36
20105,2019-08-04T11:06:56Z,4774d3de2115f3cfeff91dc17ed763964fe86825629003f82ee45b2b,60.16762,24.95415,000000006b44cce7,9.12
20106,2019-08-04T11:06:56Z,5d65719c4cbf045f068d084b72302f447d5fd034413d97d13be00d0e,60.18203,24.91341,00000000342570c2,17.4
20107,2019-08-04T11:06:56Z,5eed115a984d490b02b602d73787aee8dc8c4e9365b77fbff3818a76,60.16629,24.95957,00000000fb7600be,20.28
20108,2019-08-04T11:06:56Z,66dabd3229229330d23c70e9e1737429ddfe69db01f4a6a00f70fa20,60.16762,24.95415,000000006b44cce7,20.28
20109,2019-08-04T11:06:56Z,69219e9efa41ae9e732653e9eaf08e1a34cb853a9dafe76ddeea4d04,60.16897,24.95222,00000000aa852af1,23.56
20110,2019-08-04T11:06:56Z,6a70e2fbced719333e21eff04fcb9cb36bae9a04d1a3d6ddd96f2c58,60.15432,24.9211,0000000019fb59c4,18.79
20111,2019-08-04T11:06:56Z,6f06341f358e61699fe1e55e986dd0554bc8da28b91daf0c5ad99db6,60.16629,24.95957,00000000fb7600be,20.28
20112,2019-08-04T11:06:56Z,87dfaad29a9276ddddb1fa021d3bc23ad14824c1af16f7d87e713689,60.14951,24.92138,0000000006dd41f6,16.1
20113,2019-08-04T11:06:56Z,88808fe92573e9cdf022cc15b9689b6b4b9429f60513c8897b0ba4c7,60.16897,24.95222,00000000aa852af1,18.79
20114,2019-08-04T11:06:56Z,8c75c3289c84fe4493e1e272a77b615fe1985880c5dc68a7c1a17b53,60.16762,24.95415,000000006b44cce7,13.75
20115,2019-08-04T11:06:56Z,92aae21a6e0dd2ff71fc591b64e878502bd4677b64ac413632e9f7c6,60.149,24.9843,00000000fffb8cf0,20.28
20116,2019-08-04T11:06:56Z,9843c6216661048343a0e49cf3d8aa2883cf77f452666a1c873a1052,60.16448,24.97323,0000000053c6c2be,12.69
20117,2019-08-04T11:06:56Z,9992834418850939882f3b334eee492eb98d4f9d6d6118f9ee108793,60.16762,24.95415,000000006b44cce7,4.94
20118,2019-08-04T11:06:56Z,9c8556ea519835172f09c20e7688066eeec8e7f74a0c6fa3df3d9c5f,60.16829,24.94214,00000000afef4555,16.1
20119,2019-08-04T11:06:56Z,9fc0711d7e7722eff7faa0cb6f17846680c06515c1eb93dd49ebcf25,60.14699,24.922,00000000a53ed894,18.79
20120,2019-08-04T11:06:56Z,a13e5d46f0a2d1c6b58878e1b198905e9b14e3a85b5e4adab88b4b87,60.16762,24.95415,000000006b44cce7,9.92
20121,2019-08-04T11:06:56Z,a91d379a4b57c5df22db0d7a041ff69f657b4b31f28554b1011fc03c,60.16544,24.95398,0000000038d83d41,31.5
20122,2019-08-04T11:06:56Z,b936e41d8712ae967f3ebb413fc44f060bb10613f95537757886ede2,60.16762,24.95415,000000006b44cce7,8.38
20123,2019-08-04T11:06:56Z,c0d98967e7575c7d0727764e04702297809bbfe2877f0afc62112028,60.1538,24.95595,0000000038bf9618,25.36
20124,2019-08-04T11:06:56Z,c40c37def6bf11a63a2556519a7c6233fd417cdeea2cf14f28e7c42c,60.16531,24.9442,00000000fdda10fe,21.87
20125,2019-08-04T11:06:56Z,ca6927628f5ddda20036865c9345ad93d476d62ade3b181de568eed6,60.16897,24.95222,00000000aa852af1,27.28
20126,2019-08-04T11:06:56Z,cd2c2ce2425879ac455c812073aa8025c7bac76df380e4793edab46d,60.16829,24.94214,00000000afef4555,12.69
20127,2019-08-04T11:06:56Z,cf05623e4d87ce0906c0b0b7dbf53aacc1228016cd27c341228b6e76,60.18203,24.91341,00000000342570c2,17.4
20128,2019-08-04T11:06:56Z,cfc0bedb78ded52749db3188cb188bf6a250ef5990da9c5afa9623fc,60.14951,24.92138,0000000006dd41f6,20.28
20129,2019-08-04T11:06:56Z,e224ae5ea47af2e3048f83b13a1f45dc135c0ca6be72547b01729086,60.1538,24.95595,0000000038bf9618,16.1
20130,2019-08-04T11:06:56Z,e96bd269a48b822b06141c3362fcb6d5ed4d0d09a120f2e4a712d5c2,60.16897,24.95222,00000000aa852af1,27.28
20131,2019-08-04T11:06:56Z,ed70dda6b7faebd4340dacdb452ab224d9d3c308df417b7fa76f54e8,60.14951,24.92138,0000000006dd41f6,21.87
20132,2019-08-04T11:06:56Z,f31cfded6f566f9c032c80c52ea642407be312c5d42521ab7a8d3e2a,60.16897,24.95222,00000000aa852af1,20.28
20133,2019-08-04T11:06:56Z,fc4f3a44235f1cfc7b53f14ba2da599976a5a0a220d23b852688e485,60.17919,24.95181,000000007b5207b6,9.92
20134,2019-08-04T11:06:56Z,02a354db29cd5bc16976a9d933e03a41be350f9cc78098829a7dcfd4,60.14947,24.91438,000000004ef3150d,21.87
20135,2019-08-04T11:06:56Z,03204cdd97728dc59f21f215f75460ac8fe2fa56720a88e869c6f56d,60.16829,24.94214,00000000afef4555,13.75
20136,2019-08-04T11:06:56Z,0625280cf414aa015aa8b4d504d6fc74879a1144b913e254fec5db9d,60.16762,24.95415,000000006b44cce7,17.4
20137,2019-08-04T11:06:56Z,0656a0c0a353f164b57fbdd9e648d71fab429964d97ed07ab2c5dc30,60.18203,24.91341,00000000342570c2,23.56
20138,2019-08-04T11:06:56Z,08833115ba0f62666fee594662c171563759459bb5f65ffdfeaeaed1,60.18203,24.91341,00000000342570c2,16.1
20139,2019-08-04T11:06:56Z,08b10b51864dc039f0a07c997e66e7a263ee1cde5b0b88b2a1178c58,60.16829,24.94214,00000000afef4555,12.69
20140,2019-08-04T11:06:56Z,090b22feb90861d0c5c272812dfebe1f4f5efec2238fb9556f23e5a6,60.16762,24.95415,000000006b44cce7,11.7
20141,2019-08-04T11:06:56Z,096c3b0de1dab1407cd4d3330546404c0d62ce025924420496380f89,60.16762,24.95415,000000006b44cce7,8.38
20142,2019-08-04T11:06:56Z,0b49dcea1b7eab22f4ebd0c7666ded5b59fe092b8bdd4aa9eda6326d,60.16762,24.95415,000000006b44cce7,2.54
20143,2019-08-04T11:06:56Z,0c959027ce302054b09087cac97a83aa7e24fb9e4fa2710763f912cb,60.16829,24.94214,00000000afef4555,7.05
20144,2019-08-04T11:06:56Z,0d2490ed58c11eb4a754a30cc4bcb21c7243d322a2caf7cc360e4e8c,60.17065,24.93641,000000000f4919c9,25.36
20145,2019-08-04T11:06:56Z,0dc12f22306d5f6622fc786011f32f1961a5f94018be9c2236fb2e52,60.14699,24.922,00000000a53ed894,16.1
20146,2019-08-04T11:06:56Z,0fd26c6e46f4d73b276223942e56c38bc9b8e4566239f8a77261657b,60.17002,24.94407,000000006b087f40,17.4
20147,2019-08-04T11:06:56Z,103e596ccbbe3422403a38786a0bee588f55208bb343963e67ba6ba0,60.149,24.9843,00000000fffb8cf0,13.75
20148,2019-08-04T11:06:56Z,1067b041807277ecf9cea5b55c265a37808239544e559e2cfdfcb3ce,60.16762,24.95415,000000006b44cce7,11.7
20149,2019-08-04T11:06:56Z,10ca87ada637a6524de98a11c8d3d3d3cfa8f7f5ea839b29c2b132a0,60.16762,24.95415,000000006b44cce7,18.79
20150,2019-08-04T11:06:56Z,1107822441d53ff89eb9cb0d022a37202aed47bd82dca4bc175d6837,60.16762,24.95415,000000006b44cce7,4.94
20151,2019-08-04T11:06:56Z,1327ce24f157334f864f913637993c80380ce5f5c911e4b0d31c5eb7,60.149,24.9843,00000000fffb8cf0,2.54
20152,2019-08-04T11:06:56Z,13b0a8ca1414d7b2b0e8d5f80069a5d26c6f62a68b58eda25a4b85f4,60.16829,24.94214,00000000afef4555,4.5
20153,2019-08-04T11:06:56Z,1556d4a76070c26554efa12b4b9c53766a4cc394e8b74ee37f2fff65,60.17065,24.93641,000000000f4919c9,9.92
20154,2019-08-04T11:06:56Z,17861db3c9efb479761315b23143cfdc5f694922946406d53fd5fc1d,60.17065,24.93641,000000000f4919c9,7.05
20155,2019-08-04T11:06:56Z,182e58bd6c3c8d836225d454a878bc55d8ed5166564a22f8b635f6ff,60.14947,24.91438,000000004ef3150d,14.89
20156,2019-08-04T11:06:56Z,1921be9815a57f11f291ca085add7b4bf1d044518b03b725df7cf7d5,60.149,24.9843,00000000fffb8cf0,3.74
20157,2019-08-04T11:06:56Z,19db84758eba08a5f9bb56b0ff91d05286765c8e8dfa31bd0b2aaa1c,60.14947,24.91438,000000004ef3150d,7.05
20158,2019-08-04T11:06:56Z,1a06b5f7f305badd45e93db9d86d76ed3a2a96ec55ec47c836921e3e,60.16762,24.95415,000000006b44cce7,6.46
20159,2019-08-04T11:06:56Z,1a9a0f74c353624c42c19c007e82c9c2547b7285d8353d0e375e3f05,60.14699,24.922,00000000a53ed894,12.69
20160,2019-08-04T11:06:56Z,1c38009e9b89bd8b0d6744bf54ebae9a8ad2dc2868cdfc3f2e399509,60.16829,24.94214,00000000afef4555,7.69
20161,2019-08-04T11:06:56Z,1c8c3befa38b65f707dd4933a68e5e3c9e7c82592fd382779127416b,60.16897,24.95222,00000000aa852af1,18.79
20162,2019-08-04T11:06:56Z,1c9aa21b85f6dc63cc56eb960e89cdeaa6da27738f3fcc4fbee8ee17,60.16762,24.95415,000000006b44cce7,9.92
20163,2019-08-04T11:06:56Z,1dd88e08ecbbd8507d735040b95233ff133ddfecfd889e4a3c52b8cf,60.16762,24.95415,000000006b44cce7,12.69
20164,2019-08-04T11:06:56Z,1e3efbe25e19c47f81e4c501d1fd56cf506c3da4b57b10fc8c953dd5,60.16762,24.95415,000000006b44cce7,5.41
20165,2019-08-04T11:06:56Z,1fa2c533bba37b249a0105001153733e67a559d40c22cab67f135f64,60.14947,24.91438,000000004ef3150d,7.69
20166,2019-08-04T11:06:56Z,21348dd74711456a745e1e4baaadba4463cfaaaa24b2b271b16cb866,60.16531,24.9442,00000000fdda10fe,29.32
20167,2019-08-04T11:06:56Z,21e1b0aebd1c050ac0463a0269b847e7e94b782ed10399e5e749817f,60.16829,24.94214,00000000afef4555,18.79
20168,2019-08-04T11:06:56Z,227b93698b29687beea48184f42aab63a21fa362af7251be32db2e15,60.16531,24.9442,00000000fdda10fe,2.8
20169,2019-08-04T11:06:56Z,23f10190151386d4050571cb299410bc0285ed980b0a00f088e01cf0,60.16762,24.95415,000000006b44cce7,7.69
20170,2019-08-04T11:06:56Z,2535cb5c89ec66044a005b03dd769ca8d0022164a816c06db0e49892,60.16762,24.95415,000000006b44cce7,7.05
20171,2019-08-04T11:06:56Z,2724e42551f43106ea58a8fcc6a43953baa1294cd65e17a90012f706,60.17065,24.93641,000000000f4919c9,0.71
20172,2019-08-04T11:06:56Z,28741c2e5e348fe81dec0518a21c0930c98a25b6fcece61a262d50de,60.14699,24.922,00000000a53ed894,9.92
20173,2019-08-04T11:06:56Z,28e8a4ccd08ea244e028ee358d7ae5359a02107234c2cafd1415ccec,60.16829,24.94214,00000000afef4555,31.5
20174,2019-08-04T11:06:56Z,29a2953bd36cc944f8875985593c2e18020e2ffca3877326bde0cb20,60.16762,24.95415,000000006b44cce7,7.69
20175,2019-08-04T11:06:56Z,29b5f09785ef76627c2a3f043e1182d11fbd3a465422544c7478aa1c,60.16897,24.95222,00000000aa852af1,16.1
20176,2019-08-04T11:06:56Z,29f5adc4d67413b7d368e8e94a41cf48339e3f5f0903f660170c4fe8,60.17918,24.95141,00000000675d5200,23.56
20177,2019-08-04T11:06:56Z,2a80aed2c40e7e70ca12152ac812abd79aa1d13efcec25a6d3395136,60.16762,24.95415,000000006b44cce7,3.74
20178,2019-08-04T11:06:56Z,2bade3cfae68c5f3e9df9c6f8327c0cbd36d37a09ade6c16bfb24289,60.16829,24.94214,00000000afef4555,17.4
20179,2019-08-04T11:06:56Z,2ccaeb30423977ff22b6afc29243b861b476a5f4ffafdf200d326d78,60.17002,24.94407,000000006b087f40,29.32
20180,2019-08-04T11:06:56Z,2d0349a4148a147b05e00cd46c137dd208ba2a8ce9327b493615f1a6,60.16829,24.94214,00000000afef4555,13.75
20181,2019-08-04T11:06:56Z,2de87ef94604fb63bec05eefb71b6cdd0b9807f8551159c2a35e7259,60.17065,24.93641,000000000f4919c9,9.12
20182,2019-08-04T11:06:56Z,2e6e6f89a7d75f0742d016de203c9acc8d6f6bdeb7b56bd12f482653,60.15432,24.9211,0000000019fb59c4,17.4
20183,2019-08-04T11:06:56Z,3004b57f95861dcbc505cbe89ab781674966526a063bee7072de8aba,60.16829,24.94214,00000000afef4555,10.78
20184,2019-08-04T11:06:56Z,30bee351808d5e8082ce012b57f5bc0efc80f8394491a182e0eeee32,60.17918,24.95141,00000000675d5200,23.56
20185,2019-08-04T11:06:56Z,32f77f5019e5fce30881c214487361e2e34b8c93277f6e546de72012,60.1638,24.96846,00000000d747f075,25.36
20186,2019-08-04T11:06:56Z,3417d8a6b53687e70f126ebeb1d26a2ff6369dc9a551c3c35c5a04f9,60.17002,24.94407,000000006b087f40,16.1
20187,2019-08-04T11:06:56Z,35f337dd3baf0bc08002ec007d609b685ac29bb2a8bcad6783532a6b,60.16829,24.94214,00000000afef4555,36.27
20188,2019-08-04T11:06:56Z,3670a148a52771f0ff5af161725f65b86873c09eea1a7697861c0438,60.14699,24.922,00000000a53ed894,16.1
20189,2019-08-04T11:06:56Z,374083907dd8980893623726af5633afd59b519c885ad12ba5c674eb,60.17002,24.94407,000000006b087f40,3.74
20190,2019-08-04T11:06:56Z,38561a086c97342a24583c26b33205da50e3e973a8147fe016a4a9ff,60.16829,24.94214,00000000afef4555,16.1
20191,2019-08-04T11:06:56Z,386dea4944e0b83648b4b6faf510fd47b0e9e29a2bb9311fe8a80ee2,60.17918,24.95141,00000000675d5200,9.12
20192,2019-08-04T11:06:56Z,395134265ad60f36cbb21b92db8d3db4d07bd71836d174cbf1a09224,60.16829,24.94214,00000000afef4555,7.69
20193,2019-08-04T11:06:56Z,3991e38309311c3fd5aecdcf3290274a5742396d989a81387bf154ae,60.17002,24.94407,000000006b087f40,25.36
20194,2019-08-04T11:06:56Z,3ac9d056b0f04f774b238a125eb996d46437f7a8c5f6ba6712e971cf,60.17918,24.95141,00000000675d5200,8.38
20195,2019-08-04T11:06:56Z,3b355c039877bd4883845f3fc6ad8dd6f41f170274042f1397585680,60.149,24.9843,00000000fffb8cf0,17.4
20196,2019-08-04T11:06:56Z,3f67c6713a6cca446a46616c9970c7a2ddffb03f21e10c8ea9b2f380,60.16897,24.95222,00000000aa852af1,29.32
20197,2019-08-04T11:06:56Z,411febba567281e3da6030aa21191fe5efdd090f54aec41ca291563a,60.16897,24.95222,00000000aa852af1,27.28
20198,2019-08-04T11:06:56Z,42d34a6c595760e51052178acc978bdb2b6348e0405f7b58c57f0915,60.16829,24.94214,00000000afef4555,17.4
20199,2019-08-04T11:06:56Z,439ff6b8ff9dc79d47e223164a87fc2d620f29bc7ea1bc7ea4c5cc58,60.16897,24.95222,00000000aa852af1,18.79
20200,2019-08-04T11:06:56Z,43a599f28d168caa53108cd20ab0cbcbdc62b74321e8c351eb7aee72,60.17002,24.94407,000000006b087f40,31.5
20201,2019-08-04T11:06:56Z,43d8c869f8bf0d7c3d876015bbc5de703fe705613be55538351ba02d,60.16897,24.95222,00000000aa852af1,5.91
20202,2019-08-04T11:06:56Z,448f6044c6c095d8c71341a0017dd6746f6e150f03af7c78b794308f,60.16762,24.95415,000000006b44cce7,10.78
20203,2019-08-04T11:06:56Z,44d01b24bde0f8031d7cf15bb66e661ad9bd92807f3213fabf920fa1,60.16762,24.95415,000000006b44cce7,5.41
20204,2019-08-04T11:06:56Z,4646c02709d442247dfddb58957eab9e033547ce02b4e7ea1ea2dab5,60.16829,24.94214,00000000afef4555,11.7
20205,2019-08-04T11:06:56Z,465eab28635efe98500085ceb161cf941d02272a0107fbbfb2203c29,60.16829,24.94214,00000000afef4555,11.7
20206,2019-08-04T11:06:56Z,46b81e0dd10fe05195c050bacd41d57feeca0e044b6b317ac22a8656,60.16762,24.95415,000000006b44cce7,10.78
20207,2019-08-04T11:06:56Z,47f787c639f2eed345eb5dca409ffcd989850399a1ab781500dd6e82,60.17918,24.95141,00000000675d5200,4.94
20208,2019-08-04T11:06:56Z,4833b1ea4f519407574f5a838d93a39de28c756c5f53de7ee273b577,60.14947,24.91438,000000004ef3150d,7.69
20209,2019-08-04T11:06:56Z,4935f07cb3fed2c0574bac93dbe39eaf9189f5aca741c94a0e3b5a86,60.15432,24.9211,0000000019fb59c4,27.28
20210,2019-08-04T11:06:56Z,4954540aca30f8f56f918178fbd53ee48ddef7a231d425061f6b2f6f,60.18203,24.91341,00000000342570c2,21.87
20211,2019-08-04T11:06:56Z,49d6f6bd5878bfac30a67fe92d1501b5b09cab38ab2b35b661902f0d,60.14947,24.91438,000000004ef3150d,11.7
20212,2019-08-04T11:06:56Z,4a54cbed9c373a4136f8851f3f5736eb2fadd5766d316eb5ebbdd231,60.17918,24.95141,00000000675d5200,17.4
20213,2019-08-04T11:06:56Z,4adb5815c946e3d8de22bfbed48cdd41db6bc860004e1f98198f24d3,60.17002,24.94407,000000006b087f40,20.28
20214,2019-08-04T11:06:56Z,4b5b3e8f2b484bc08b196c265f65c70151bd69f6263318eb29125db2,60.16829,24.94214,00000000afef4555,9.92
20215,2019-08-04T11:06:56Z,50226a39439d2ed5533146619120156613d51e9e9536885ab84d2e8c,60.17002,24.94407,000000006b087f40,25.36
20216,2019-08-04T11:06:56Z,50a06af190dfb27cbd4d6ca55980b1379ec795af8b9e5ebc00d73257,60.16762,24.95415,000000006b44cce7,16.1
20217,2019-08-04T11:06:56Z,51dc3e37f2c849cad38b2a651abb7964e1dfc0e1e0a244c3a6ca8193,60.17002,24.94407,000000006b087f40,18.79
20218,2019-08-04T11:06:56Z,52daa31a2b3c1c07f78d96ebb4de3a965da5ef0a8035afbd0f7451fb,60.16531,24.9442,00000000fdda10fe,13.75
20219,2019-08-04T11:06:56Z,52ebd53e0477c70dd129c946d58792e5069c7db14c369581ee07ed33,60.16762,24.95415,000000006b44cce7,14.89
20220,2019-08-04T11:06:56Z,538f05c49f43aea0fda8bfcfd03d1ac2fc05b55d83fda538cd91e2a4,60.16762,24.95415,000000006b44cce7,11.7
20221,2019-08-04T11:06:56Z,54d53f276563f566e1cd61b100408412cf78b4fe9fcada830aa6e23b,60.14947,24.91438,000000004ef3150d,14.89
20222,2019-08-04T11:06:56Z,5518b2315c236d486c7a5a4fc27c44987672b2f9a0751ffdaa9cbf78,60.16829,24.94214,00000000afef4555,2.8
20223,2019-08-04T11:06:56Z,56101419005237b836e4ed14d91dfa6f9edc4c92b5fcb419943897bb,60.16762,24.95415,000000006b44cce7,9.92
20224,2019-08-04T11:06:56Z,56318cc7f3616fceec2564cbb1f6ca8b88ea861935a1ada93aafd7b0,60.16897,24.95222,00000000aa852af1,17.4
20225,2019-08-04T11:06:56Z,565a35900ed1794a9d566f6fc12f2710875a10eb7c8e6fa0ddd92626,60.14699,24.922,00000000a53ed894,16.1
20226,2019-08-04T11:06:56Z,571934189bf349efb6f596e76c21612cf9b82ed44913090169936048,60.17065,24.93641,000000000f4919c9,21.87
20227,2019-08-04T11:06:56Z,586f70961bf72597ce00f89d3602178ecc6ac8838a8acec48bba7f9f,60.14699,24.922,00000000a53ed894,20.28
20228,2019-08-04T11:06:56Z,58ee8fd47328b1c696ec343920f2c0353d19a915924eb6f6f2638e56,60.16762,24.95415,000000006b44cce7,16.1
20229,2019-08-04T11:06:56Z,59b87e6921598d25b092b66e140328fa03c9f06fe4e697dd344f378a,60.17002,24.94407,000000006b087f40,29.32
20230,2019-08-04T11:06:56Z,5a730ea19664020323272509e5443616ea3f1cecd7b295e294be4ba7,60.14947,24.91438,000000004ef3150d,20.28
20231,2019-08-04T11:06:56Z,5b1df59a8f10fc0c1548e114caf6a457ff880d853d529f675372b0b0,60.16762,24.95415,000000006b44cce7,14.89
20232,2019-08-04T11:06:56Z,5c404f374a48548bfe8b02859d12ae59c4ae608fae2139fd71ef51b1,60.16762,24.95415,000000006b44cce7,7.05
20233,2019-08-04T11:06:56Z,5d9aa6fcb0d81ceaa80ca13cc08a88138be517656646e0ba0942ce46,60.16897,24.95222,00000000aa852af1,7.69
20234,2019-08-04T11:06:56Z,5f06b3646e6da155a86e1679f197df7b08fe5df6324e56bd5c4b5921,60.17065,24.93641,000000000f4919c9,20.28
20235,2019-08-04T11:06:56Z,5f5805a3ffd092506452c4d45ea8fc037ae23ea726f0b0809ca6ffde,60.16829,24.94214,00000000afef4555,9.92
20236,2019-08-04T11:06:56Z,610d37641cb326502fe1981e6312ae786d40bfbdae28e94223958480,60.16762,24.95415,000000006b44cce7,23.56
20237,2019-08-04T11:06:56Z,6138e6ab3e1e74425af8945a6fcc294c1469a0b9c448b780bcf9d2e2,60.14699,24.922,00000000a53ed894,17.4
20238,2019-08-04T11:06:56Z,62cac4a0e252305e1128942dc3ec48baaa514c6737c415f85abb3665,60.1538,24.95595,0000000038bf9618,29.32
20239,2019-08-04T11:06:56Z,62d86ee13e6ae7a5c41ffc2de746df72d4ef6e8d2b6a51ce1c68965f,60.16829,24.94214,00000000afef4555,14.89
20240,2019-08-04T11:06:56Z,64d10ef0926ecca987bad278990d966d8fac8775f03847d1f5a4a2f6,60.16762,24.95415,000000006b44cce7,7.05
20241,2019-08-04T11:06:56Z,66755836036c771e53ffd9d0dc09b8575231b53b80af22e868691a2a,60.14699,24.922,00000000a53ed894,9.12
20242,2019-08-04T11:06:56Z,66b286cdb9e93883f7eb88bed6e49742fd233e680835bffeeb1b8af8,60.16762,24.95415,000000006b44cce7,17.4
20243,2019-08-04T11:06:56Z,697103160f0b3dc0ba38ccdd18203ae84ec35fc314322d1172c093b2,60.16829,24.94214,00000000afef4555,13.75
20244,2019-08-04T11:06:56Z,69852d528034ea6fc746ed8942c32f1c90bc33a7a7317dfac3c9b1c1,60.14699,24.922,00000000a53ed894,5.41
20245,2019-08-04T11:06:56Z,6990b912b53e2278e4a3d421330e44169d05b275ad57d86ff4ad1615,60.14699,24.922,00000000a53ed894,27.28
20246,2019-08-04T11:06:56Z,69d8c906060e226ff0f0f7e78029575f2ee07ebec657a3b641419268,60.14699,24.922,00000000a53ed894,16.1
20247,2019-08-04T11:06:56Z,6ac1903c80e63433e4bc744dc0e801bff647117d38d3753fb9a6a4c1,60.173,24.92524,0000000096918cfa,23.56
20248,2019-08-04T11:06:56Z,6ac8fdd67b3dd11f0bae935f3a285880138382088238b97f511d3f12,60.16897,24.95222,00000000aa852af1,16.1
20249,2019-08-04T11:06:56Z,6c067fedd37418c79b0bf5c752174bb0d07d27f5d300e2fb737a4dcc,60.16829,24.94214,00000000afef4555,29.32
20250,2019-08-04T11:06:56Z,6c637347d64659d1b29b0461397fccfbff09339872c14e32469fbd0f,60.16762,24.95415,000000006b44cce7,9.12
20251,2019-08-04T11:06:56Z,6c97da4ba9462e7fe786a472989dab23340d31809dd78d5617204da4,60.16829,24.94214,00000000afef4555,9.92
20252,2019-08-04T11:06:56Z,6e492dbc3f10157e7ff00826a839a97262ab36244ccc57b702a89999,60.16531,24.9442,00000000fdda10fe,3.74
20253,2019-08-04T11:06:56Z,6eeb71c74d753822f920829149d942cf52b726b0b83c5aa3e6cb132e,60.16762,24.95415,000000006b44cce7,5.91
20254,2019-08-04T11:06:56Z,6faf62fbff92729472d61bc9a13a5e72833e55bf713863161f8ca9cb,60.15432,24.9211,0000000019fb59c4,20.28
20255,2019-08-04T11:06:56Z,70ffae2b8178e0915c5de7816f8dd8bcc3af745ee49df8ac4da4adba,60.17918,24.95141,00000000675d5200,16.1
20256,2019-08-04T11:06:56Z,714e80a1e3c0fee43e312f314b2faec47e582ee8dac47e4818dbc2f9,60.149,24.9843,00000000fffb8cf0,3.4
20257,2019-08-04T11:06:56Z,71c1367c7dea4dfa243172e02b9092c7a0810bef003216681759891e,60.16897,24.95222,00000000aa852af1,25.36
20258,2019-08-04T11:06:56Z,730d975773cc8c9c07ff88fb87377ff64a961a96e9237e59859fa46f,60.16762,24.95415,000000006b44cce7,7.69
20259,2019-08-04T11:06:56Z,7552783317be1ef797980c3a9ee9c5967d4e7b32765f23c51ffda02d,60.16897,24.95222,00000000aa852af1,25.36
20260,2019-08-04T11:06:56Z,77964c48bd2a8658eeedae4be816422b0ef0be1ee1b6f9093b47f14e,60.14699,24.922,00000000a53ed894,29.32
20261,2019-08-04T11:06:56Z,795b33361c4adbe3fd61f8f680186862dfc479124c39e5da6579b065,60.16829,24.94214,00000000afef4555,10.78
20262,2019-08-04T11:06:56Z,7a96471c0f2a5b26dc38cc8aa9903b7dcb222a12d81cd73a84570610,60.16629,24.95957,00000000fb7600be,25.36
20263,2019-08-04T11:06:56Z,7afc351f0ed7619c18c64ab06971196bb53d53e2d460151ab711bc0f,60.16762,24.95415,000000006b44cce7,9.12
20264,2019-08-04T11:06:56Z,7de4ba54f0d667a69cb0b6d625856bc6b040f51a42f91beae366a269,60.16762,24.95415,000000006b44cce7,5.91
20265,2019-08-04T11:06:56Z,7e78b2348d9576c63ebb626030ee9d43e2bf07e860782adf3f1c452b,60.16829,24.94214,00000000afef4555,13.75
20266,2019-08-04T11:06:56Z,7ea276abbe2f1bfd85b2493f7b4c801189e673c0b4dc987d2c8e30dc,60.14699,24.922,00000000a53ed894,13.75
20267,2019-08-04T11:06:56Z,7eefc5581c616491b78192b28b519ba727dc884a87bc06b8df1ea4f2,60.14699,24.922,00000000a53ed894,10.78
20268,2019-08-04T11:06:56Z,822590bd49bcf7ed4de4f8389586915c343b29c4283ff8b90d7c1d39,60.17065,24.93641,000000000f4919c9,16.1
20269,2019-08-04T11:06:56Z,82ac749474448abac333d00869cb8b508872f86293913d95eae26a05,60.15432,24.9211,0000000019fb59c4,5.41
20270,2019-08-04T11:06:56Z,82cddd3b9f58762d36efe78da4e2722ee587cfdb3fdbc58b52673082,60.16629,24.95957,00000000fb7600be,11.7
20271,2019-08-04T11:06:56Z,844b8ad6ebf530978d1139d527a681991f4d3eed6be5bc723f0b2192,60.16531,24.9442,00000000fdda10fe,1.12
20272,2019-08-04T11:06:56Z,87ea10367f1569e575dc4bc60f0f4238eafb52ba8a2cc8e5e4584232,60.16829,24.94214,00000000afef4555,33.81
20273,2019-08-04T11:06:56Z,87ecec345b34dca4db86cbd66248eeb829282d0cc54caff92455dff2,60.16762,24.95415,000000006b44cce7,12.69
20274,2019-08-04T11:06:56Z,87f4cf4baea8c5dfe1bc7812cc969574058bd4d2dda215192bcfc53f,60.14699,24.922,00000000a53ed894,6.46
20275,2019-08-04T11:06:56Z,886032718e05487be8bd75bb14464814044c7edd7f9a2198304f6fb4,60.16629,24.95957,00000000fb7600be,21.87
20276,2019-08-04T11:06:56Z,8a7f5012c000c420f0a336a3988c72cf2b373818f4f3f369e994d8e4,60.16829,24.94214,00000000afef4555,16.1
20277,2019-08-04T11:06:56Z,8c4e4851db86ec4a3ce29a58be770eb29c38b9a983351bb67d781982,60.16897,24.95222,00000000aa852af1,12.69
20278,2019-08-04T11:06:56Z,8f998d0e47a5fb2e84c8dcffb4a33ca4adeaf8db93423df171988c1e,60.16629,24.95957,00000000fb7600be,25.36
20279,2019-08-04T11:06:56Z,90b12d2b9898702fd62b343512e0d53796ae38decdf704e203a0cc39,60.16829,24.94214,00000000afef4555,27.28
20280,2019-08-04T11:06:56Z,91602a694bc74a2874ba7f02a7bae062a3a77cd869b86a74800415b8,60.17918,24.95141,00000000675d5200,13.75
20281,2019-08-04T11:06:56Z,93272ad17155ea9499641eda7c5560691582116096278b82738ab21e,60.14699,24.922,00000000a53ed894,8.38
20282,2019-08-04T11:06:56Z,97490f522f1a0226c8f7e8ed7bca08dd71b63d80b46d38020127b868,60.14699,24.922,00000000a53ed894,8.38
20283,2019-08-04T11:06:56Z,9924ed20d6ddee438860f63a9fa1a2cefa7ccfa275d6da3a2008d84d,60.173,24.92524,0000000096918cfa,21.87
20284,2019-08-04T11:06:56Z,998ac46ad73c197bab1f36dca67d8bcaa3aca92249185a5e3715043f,60.17065,24.93641,000000000f4919c9,13.75
20285,2019-08-04T11:06:56Z,99b998b07243afd316e6fa57636b0ab6761b9c2a6f0fe050eae40c08,60.16762,24.95415,000000006b44cce7,3.74
20286,2019-08-04T11:06:56Z,9a23dca42469f79bf4f5665caffb8d0dd8da182f6fb72f595309803b,60.149,24.9843,00000000fffb8cf0,11.7
20287,2019-08-04T11:06:56Z,9aa588cb6f425117e45726b6b9adb7ef86c8f7c8113b547dc61f068a,60.16897,24.95222,00000000aa852af1,7.69
20288,2019-08-04T11:06:56Z,9b24f69458294d27d07a0169665965135fd02f4c953f85bcebf4ba87,60.16762,24.95415,000000006b44cce7,9.12
20289,2019-08-04T11:06:56Z,9b4b0705e58750d2bcbd71ad65d85677f7e77db5dfe69d1a70b5d31f,60.17919,24.95181,000000007b5207b6,31.5
20290,2019-08-04T11:06:56Z,9bc50d931d6c1678284177395958d15f05b45d60ae7bc09fe1e1694e,60.16762,24.95415,000000006b44cce7,14.89
20291,2019-08-04T11:06:56Z,9bc91538b73e0220fcf5cd07290c07d56f6f48d3ba0ba6b6b0876da9,60.17065,24.93641,000000000f4919c9,17.4
20292,2019-08-04T11:06:56Z,9bef562c292174f1eb3933116effff74a8733a78e5c1df140de3fd6c,60.17919,24.95181,000000007b5207b6,14.89
20293,2019-08-04T11:06:56Z,9c0b1d2c4c67c07e547e810a94efeaaa1187ae82977e03748470281c,60.16897,24.95222,00000000aa852af1,17.4
20294,2019-08-04T11:06:56Z,9ced7d70503ba24882b6e283fa95ce42e02c1a3618adeb448558c50c,60.16897,24.95222,00000000aa852af1,13.75
20295,2019-08-04T11:06:56Z,9f1920350685b4cb747c535ba3c3dc1cb29587668bd507ab96e5692f,60.16629,24.95957,00000000fb7600be,18.79
20296,2019-08-04T11:06:56Z,a0ec1a8d581f94e640a6858a674699d2464ec065e6faea9d4ce2a13b,60.16762,24.95415,000000006b44cce7,5.41
20297,2019-08-04T11:06:56Z,a30740fbf4b7e21f6fe2996e9325c90936de161cb2165e87cd96fd35,60.149,24.9843,00000000fffb8cf0,17.4
20298,2019-08-04T11:06:56Z,a3664d77633807788598dd8d4a7ba8caba2c31bfdcb6ba83651d4e7e,60.173,24.92524,0000000096918cfa,27.28
20299,2019-08-04T11:06:56Z,a3c1a4a58b9381c27b1d5076e0d8d72039afccfb0e58438a80247324,60.16762,24.95415,000000006b44cce7,0.84
20300,2019-08-04T11:06:56Z,a44eda7b8ec58e1cd7c078a73c4da7fb0037d59453aa6bfe69b7cbdd,60.16762,24.95415,000000006b44cce7,11.7
20301,2019-08-04T11:06:56Z,a50e0bb8fd1ad4ad264c3246b210a0c6285faae591c1bd2c2c3458af,60.16829,24.94214,00000000afef4555,11.7
20302,2019-08-04T11:06:56Z,a5d632ac8ffc19a626de034d3c9444fd262ee6edada285c816ea9266,60.16531,24.9442,00000000fdda10fe,9.92
20303,2019-08-04T11:06:56Z,a764c2246c85b2b0aa79e581e2fe238da93de098abbb90aee24c11ca,60.16829,24.94214,00000000afef4555,17.4
20304,2019-08-04T11:06:56Z,a81c19fb85eebf853246cdc4d8e38245dfa5ba15c180eaa1bcc0378d,60.16829,24.94214,00000000afef4555,23.56
20305,2019-08-04T11:06:56Z,aa4547c0b6b8be30776e08d524ceeacfbc9930ad720e11fa4cb20882,60.16531,24.9442,00000000fdda10fe,1.01
20306,2019-08-04T11:06:56Z,aa45859d6157e9e86470ec8b81957acc35bafb1b7f419d79357a38cf,60.16829,24.94214,00000000afef4555,17.4
20307,2019-08-04T11:06:56Z,ab1377ddf669bb806f8db586f4ce5ab9f0f4257dda61fe800d8509f5,60.17065,24.93641,000000000f4919c9,27.28
20308,2019-08-04T11:06:56Z,ab5a898dee82ed143fd90e2b4bf5efdb881355a720ed126aef3617a2,60.17002,24.94407,000000006b087f40,31.5
20309,2019-08-04T11:06:56Z,ab6e8769f50a15ea5e0d64f48aaa12886b7599a18cc0eb071a21ae5f,60.16762,24.95415,000000006b44cce7,5.91
20310,2019-08-04T11:06:56Z,ae3cda5066e455d4b1e58860e8fb7a35efad69b9964a676b476b0687,60.14947,24.91438,000000004ef3150d,4.94
20311,2019-08-04T11:06:56Z,b0d6202ccd1560eaf57c06931cb6466332e41068ad2963e515819015,60.17918,24.95141,00000000675d5200,16.1
20312,2019-08-04T11:06:56Z,b2298fc6f63c02481610f9aef24f1a0c1711c255adc43c0fe135c1ca,60.14947,24.91438,000000004ef3150d,9.12
20313,2019-08-04T11:06:56Z,b26d0daac9f8fb84484cbd8ed668aeb6751e848b1c533a307d163360,60.16762,24.95415,000000006b44cce7,2.3
20314,2019-08-04T11:06:56Z,b2de3ff4c2052ba522931acab70e95e9790c6f7c856b36a7eacafc09,60.17002,24.94407,000000006b087f40,20.28
20315,2019-08-04T11:06:56Z,b45b86eb670eb1db475921496e6d80468f5fe2819bf3eb58f1f58506,60.16762,24.95415,000000006b44cce7,16.1
20316,2019-08-04T11:06:56Z,b4c8900041e9f8751755d3940ceac58419e6370cd81cdb90d7800de1,60.14699,24.922,00000000a53ed894,20.28
20317,2019-08-04T11:06:56Z,b50b3c2006581bccfeaa9ea964649350c7d5b8177baa29a37e628584,60.14947,24.91438,000000004ef3150d,29.32
20318,2019-08-04T11:06:56Z,b533a10e551fb94431643508dbcf944aeac09510b32ffc9fd502db57,60.16762,24.95415,000000006b44cce7,9.12
20319,2019-08-04T11:06:56Z,b5cdbcdc30e0bf653ce353c867708b0067db5e394c8cbe848d978a77,60.14699,24.922,00000000a53ed894,11.7
20320,2019-08-04T11:06:56Z,b5f80d159e59c4558e49ea6fb68f6bc72ee9eb92bee60991bdf4e46f,60.16762,24.95415,000000006b44cce7,16.1
20321,2019-08-04T11:06:56Z,b601cd655bb9f05aa6ec86fc9eb9300c3bc20bc0e856e94ad168a257,60.14947,24.91438,000000004ef3150d,5.41
20322,2019-08-04T11:06:56Z,b81a9bf449d3e64ad0181804598330bbf305f384b888935023742c79,60.173,24.92524,0000000096918cfa,17.4
20323,2019-08-04T11:06:56Z,b81e65168ea3278486b1c954ab229bc2eda3fe07098e824f05cd0ac4,60.149,24.9843,00000000fffb8cf0,21.87
20324,2019-08-04T11:06:56Z,b8f5834e6b992cf5568ae3153fb4b07e97b7f6dd01250851134c1824,60.149,24.9843,00000000fffb8cf0,10.78
20325,2019-08-04T11:06:56Z,bbf7d8b9085ddcd3b94f55f93b52cb40a251c44f5df4099ba5b61471,60.16829,24.94214,00000000afef4555,3.09
20326,2019-08-04T11:06:56Z,bc07df8cc395f6f4f5d483b2233caca5f93a6918f346e4cc3702f8cc,60.16531,24.9442,00000000fdda10fe,18.79
20327,2019-08-04T11:06:56Z,bfa8d7b9def7effb1001889eb2b427ec02b29f8110ef50a4c24f069c,60.16829,24.94214,00000000afef4555,21.87
20328,2019-08-04T11:06:56Z,c012e9e2caf1002d24e53817bb1279becdfc4aa9dba085e93ddd88e9,60.17002,24.94407,000000006b087f40,20.28
20329,2019-08-04T11:06:56Z,c0a0ca3433586ed2ae0e448f2406fabac7292ac79d49562e0bd5cef8,60.16762,24.95415,000000006b44cce7,14.89
20330,2019-08-04T11:06:56Z,c17d750015a2259a1bba7471f2e4e0a1db4df53276be8c8463fd5f84,60.16829,24.94214,00000000afef4555,9.12
20331,2019-08-04T11:06:56Z,c190b2b98438e2e79fb5d2add3c063bbf98d30d208518a2fd9296add,60.16762,24.95415,000000006b44cce7,10.78
20332,2019-08-04T11:06:56Z,c27fee8ae8d689338b043608280c83cfa6f3276d3837ecea5f742dc3,60.16762,24.95415,000000006b44cce7,4.94
20333,2019-08-04T11:06:56Z,c2cc33e5b1b8d254d4bcbc0ffa13c9200676a39a191cc31a38d28d8d,60.17065,24.93641,000000000f4919c9,11.7
20334,2019-08-04T11:06:56Z,c2e135ad2c160277e290705658ac41d7cd35b11ebf61d829fdd0b428,60.14699,24.922,00000000a53ed894,8.38
20335,2019-08-04T11:06:56Z,c45e3c4e8ec0fc85457d3b4ed4c49ed0116b4cf447e2983f353abcd8,60.16829,24.94214,00000000afef4555,18.79
20336,2019-08-04T11:06:56Z,c55894159f2080031cda702c78ee54463c3c15ab1b3638afdf687f08,60.16531,24.9442,00000000fdda10fe,4.94
20337,2019-08-04T11:06:56Z,c6b0ea433c3fdc73e0bac7e3faa2690506c4e8ec7fc54210446a7ffa,60.14947,24.91438,000000004ef3150d,12.69
20338,2019-08-04T11:06:56Z,c7160ae9aa31ca4dba615425303b1e527f342ede653be387ee54389c,60.149,24.9843,00000000fffb8cf0,23.56
20339,2019-08-04T11:06:56Z,c739921adb150c53f1887c6ce887adc6cd7ae7e35e69f6e4dc52fe81,60.173,24.92524,0000000096918cfa,25.36
20340,2019-08-04T11:06:56Z,c7ced11121537f55bcd7d7ab67312226dafe7c85320c5357a35d5ab7,60.17002,24.94407,000000006b087f40,27.28
20341,2019-08-04T11:06:56Z,ca9ba013f86583100bfa841287733d9985b9d5e28a116525c40a4b40,60.16762,24.95415,000000006b44cce7,6.46
20342,2019-08-04T11:06:56Z,cb2f32be2e27fc44ead887ff7f76c0199bf68b2c6711e6880f4acd01,60.16762,24.95415,000000006b44cce7,7.05
20343,2019-08-04T11:06:56Z,cc696789aed7ee6ea1dff48eae7da441c3a3ccb4f18ab60ba702c91f,60.16762,24.95415,000000006b44cce7,8.38
20344,2019-08-04T11:06:56Z,cd7d0e9404c9f4e8fab0742460b9acb4d5bbb97f44df80d4a8b973cd,60.17002,24.94407,000000006b087f40,10.78
20345,2019-08-04T11:06:56Z,cddbfc3b0a1459f0ea8d553779cf320d512cac6e64976182f2f0b3b7,60.16829,24.94214,00000000afef4555,18.79
20346,2019-08-04T11:06:56Z,d04b5065ec93818b731141027d11e6a1cf53de69b9737d7aea0c34da,60.14947,24.91438,000000004ef3150d,11.7
20347,2019-08-04T11:06:56Z,d162ad46250f7d87af446db22df4aa6b2eb2bf22f83beca34e857743,60.16762,24.95415,000000006b44cce7,4.11
20348,2019-08-04T11:06:56Z,d1b77fcfad94da8564d1a85ed1797255531e5ab26cc835800878fb26,60.17065,24.93641,000000000f4919c9,11.7
20349,2019-08-04T11:06:56Z,d20f68571773330f7b6490b006b2e952c9912b4ee05e20f0fc434698,60.16629,24.95957,00000000fb7600be,20.28
20350,2019-08-04T11:06:56Z,d293249d86121f55f495956ffbcc8e48615ab82da7750025bc758280,60.18203,24.91341,00000000342570c2,31.5
20351,2019-08-04T11:06:56Z,d37a41bf1a3ceae0290b30db3e43e70824b59133c3a7776d78c97413,60.18203,24.91341,00000000342570c2,27.28
20352,2019-08-04T11:06:56Z,d3bad9334d128332fc483e10ef1b77c28e5a75ac55be4de71c6b2f9f,60.16829,24.94214,00000000afef4555,10.78
20353,2019-08-04T11:06:56Z,d68f1946805ba3d30f9ba25280986fbe003f3b5dce7245b633e0cb5c,60.16762,24.95415,000000006b44cce7,8.38
20354,2019-08-04T11:06:56Z,d6a8c97f1ec18c7a90d3beae358bad67f8d53626258a852e15b08c5d,60.14699,24.922,00000000a53ed894,14.89
20355,2019-08-04T11:06:56Z,d71a315bac918f9a18fcd820731e6d9eb54fb0d01c324ca088ef8858,60.149,24.9843,00000000fffb8cf0,25.36
20356,2019-08-04T11:06:56Z,d743a1cd5896c5fc63dce065be123aff1cd36928d95b2bcdf8ca2d88,60.16762,24.95415,000000006b44cce7,21.87
20357,2019-08-04T11:06:56Z,d82f37918d46bea29e113c6b57b901b1b960ed3337bdcce777aea476,60.17065,24.93641,000000000f4919c9,5.91
20358,2019-08-04T11:06:56Z,d83c1c2d3a3876c948e277bace6d013eafc0c4e118958e138f8b1257,60.16448,24.97323,0000000053c6c2be,29.32
20359,2019-08-04T11:06:56Z,d86f155736e4d36de5d33bdbb3b12b717b75de44852b93419af20945,60.16829,24.94214,00000000afef4555,18.79
20360,2019-08-04T11:06:56Z,d9fe99c157052fce3b37f5128399fac7b857e756ffa220d8bebe5467,60.16629,24.95957,00000000fb7600be,25.36
20361,2019-08-04T11:06:56Z,da2398acaae7f39c7b80c220d4e6917bdc7655f4c71b6e36d06cb859,60.18203,24.91341,00000000342570c2,20.28
20362,2019-08-04T11:06:56Z,dc4072a3cfc00cca0bde9925adc82bb9c2548af1724368561eefcbf8,60.16762,24.95415,000000006b44cce7,12.69
20363,2019-08-04T11:06:56Z,dc534c1cb5eb7f34b6b57bd93c8d9acb2685ba264563f6f388d09923,60.16762,24.95415,000000006b44cce7,9.92
20364,2019-08-04T11:06:56Z,dc816e92e4a2eceea03f41fc379fda0e3d57b5d0fbd9a06430432022,60.16762,24.95415,000000006b44cce7,3.4
20365,2019-08-04T11:06:56Z,dc82f9648bb5ba21e766e0923f5fa7ca2d77662ab0edbe22a3d95631,60.14699,24.922,00000000a53ed894,4.11
20366,2019-08-04T11:06:56Z,dd8e0699822b1a8a3f8a91fcb10729f6f7cd0a4736f36dc60974c36e,60.16762,24.95415,000000006b44cce7,9.92
20367,2019-08-04T11:06:56Z,ddd0e663eb31ac94858d2a4e9af5e4782781e88c92102042190e6fcf,60.14699,24.922,00000000a53ed894,21.87
20368,2019-08-04T11:06:56Z,de48adf9d49eb3bc1d61dea4047618f6c77086fc44bd2b535d56504d,60.16762,24.95415,000000006b44cce7,4.94
20369,2019-08-04T11:06:56Z,de71e27b55ef6f2f51f05838a2fcab596f1dd93a14ece5ce4548f5c7,60.14699,24.922,00000000a53ed894,12.69
20370,2019-08-04T11:06:56Z,e081e4b3252ca91bbf1cbb70faa116d60317fbf3a991a67bc99b4bfa,60.149,24.9843,00000000fffb8cf0,12.69
20371,2019-08-04T11:06:56Z,e0859a9c906151023376d86762070f38ba1b3859e671531b0edac6cd,60.16075,24.95883,00000000f1124bca,14.89
20372,2019-08-04T11:06:56Z,e1da87aea335bcd04e4c876158b96ebc7ba4206bc216c3aa27a2f4af,60.17918,24.95141,00000000675d5200,16.1
20373,2019-08-04T11:06:56Z,e26862fdcdd4688d81b8fe05d1ac94c5f9b3192ddc50d4c66ad12cc1,60.16897,24.95222,00000000aa852af1,14.89
20374,2019-08-04T11:06:56Z,e29168791ccd18013b58845430388cc5aac537e7e1c618aeb78900a8,60.16897,24.95222,00000000aa852af1,11.7
20375,2019-08-04T11:06:56Z,e305610124e16ed1411a221b29ce69a076cc47982efd6c098b0599ab,60.14947,24.91438,000000004ef3150d,16.1
20376,2019-08-04T11:06:56Z,e3e3bac265ab2713063d7435bf5c7374dfc7dfc647fb677a030a1a49,60.18203,24.91341,00000000342570c2,29.32
20377,2019-08-04T11:06:56Z,e44d7228cecbdb2474e1cc396a6c13943f09c08c19d0ffab1997d509,60.17918,24.95141,00000000675d5200,27.28
20378,2019-08-04T11:06:56Z,e53a901aed874016e1cd1ed3e9b2891fca850986cb2fa04f5162cf52,60.16762,24.95415,000000006b44cce7,2.8
20379,2019-08-04T11:06:56Z,e557e164cd52fd817b02cad6587a294d72b0974d9b014ad69ea5e08e,60.17919,24.95181,000000007b5207b6,14.89
20380,2019-08-04T11:06:56Z,e568360cebcddeb30a1d066a2f6a2326ac927004214bd11337d804e5,60.16762,24.95415,000000006b44cce7,14.89
20381,2019-08-04T11:06:56Z,e5928057da667903de0b6c1245e1f58273dd85d63d8af0f4eaa771de,60.16762,24.95415,000000006b44cce7,5.41
20382,2019-08-04T11:06:56Z,e5b9b4813c081a31fb498e7f9adb94918c267dfa125c63790c0d9488,60.149,24.9843,00000000fffb8cf0,13.75
20383,2019-08-04T11:06:56Z,e5e14952bf5e52bf1349479a58c0a97d702585889650948d94767608,60.16448,24.97323,0000000053c6c2be,25.36
20384,2019-08-04T11:06:56Z,e9d59e25b58f33f70aad6832863cb59d7485ca55a1575558f92b74e7,60.16897,24.95222,00000000aa852af1,14.89
20385,2019-08-04T11:06:56Z,eb10ddb244dec4641f50a9b05b0e1cfdf4ac49e3dc3001cddb1e67c0,60.16762,24.95415,000000006b44cce7,9.12
20386,2019-08-04T11:06:56Z,eb261026c6f65b651ddf21bed629a1e164cfb500d0b78062704ec15c,60.16762,24.95415,000000006b44cce7,12.69
20387,2019-08-04T11:06:56Z,ec485175d2b7a2c53d03bf546aee134c116d998976601b069570c6f9,60.14699,24.922,00000000a53ed894,14.89
20388,2019-08-04T11:06:56Z,ecb1735f180422ec69f041cd2782a26c9f07d27a87893b3c30aaa9b7,60.16075,24.95883,00000000f1124bca,12.69
20389,2019-08-04T11:06:56Z,ecf13e9d610ad235409932d263110fd52c69d0f5f39e9ffd3ad8b740,60.16897,24.95222,00000000aa852af1,17.4
20390,2019-08-04T11:06:56Z,eea43687eab35d2c386347881796eb1c8279076b9e9642ebc2cd06ac,60.16762,24.95415,000000006b44cce7,1.88
20391,2019-08-04T11:06:56Z,ef15ff71b7dc4c2088249a4fca7e28900ae315245a7a3b4d571bf582,60.16829,24.94214,00000000afef4555,10.78
20392,2019-08-04T11:06:56Z,ef33ccdfcdb12920eabb3306e0f86dc7e6060a5d3864b03e2de7e1ef,60.16897,24.95222,00000000aa852af1,16.1
20393,2019-08-04T11:06:56Z,ef45fdc095ee55730384922266d8fce61de212d3c3df2441ea10e524,60.14947,24.91438,000000004ef3150d,9.92
20394,2019-08-04T11:06:56Z,ef5e495c5f9d3dd9eb22ed5b8faf1cc9e4225d4785ebb26a87d16fff,60.14699,24.922,00000000a53ed894,9.92
20395,2019-08-04T11:06:56Z,f014103201b8ae8f495f8e1e04da3c934079461391d4801ee6c2faaf,60.16762,24.95415,000000006b44cce7,9.92
20396,2019-08-04T11:06:56Z,f196f5f8c08299d290b3bac1944e00bb1f2c90594db66438b0c10e6e,60.16629,24.95957,00000000fb7600be,20.28
20397,2019-08-04T11:06:56Z,f2467c8ede6444941158701b7bd9d005beec9ffdb355ce2d8c7a9bfd,60.149,24.9843,00000000fffb8cf0,18.79
20398,2019-08-04T11:06:56Z,f4537d3a0c1408b022793f60b53e651b2eac6640fa66b9248338e815,60.16762,24.95415,000000006b44cce7,14.89
20399,2019-08-04T11:06:56Z,f4b9fc6acb673aea24fe00dfbe806b81fedab0c2ea82d781f7659ce5,60.16762,24.95415,000000006b44cce7,7.05
20400,2019-08-04T11:06:56Z,f616fbd0fde8316049c3068ae4368dc9f486f8da4bf5516e9ba82578,60.16897,24.95222,00000000aa852af1,14.89
20401,2019-08-04T11:06:56Z,f62b86ef56fa9417b0128f2fff6530aed6f2a50d3f65bbbfdcbbee59,60.16762,24.95415,000000006b44cce7,4.5
20402,2019-08-04T11:06:56Z,f7be7d003528c0c0827040a3a3723e49406a5a7c86cb4bc568a830db,60.17002,24.94407,000000006b087f40,33.81
20403,2019-08-04T11:06:56Z,f855918d61069661cbf8633b228a5fb9e5cd5ea7b2946bfc5b9fc315,60.16829,24.94214,00000000afef4555,14.89
20404,2019-08-04T11:06:56Z,fa1579394f4980e1fe11248f7be4e646b601a3d8cdb9361f182d066c,60.16762,24.95415,000000006b44cce7,9.12
20405,2019-08-04T11:06:56Z,fbd28054e4a5478c8ca06f4d682405d1c59bef4853cad413ecb58d13,60.14699,24.922,00000000a53ed894,17.4
20406,2019-08-04T11:06:56Z,fda481107ccd1ee84269967e42cbd312252a4216e9c7af4822669a69,60.16829,24.94214,00000000afef4555,25.36
20407,2019-08-04T11:06:56Z,fdf5c0dab003c974e22f3746bfb7fa399e10ca82fcec35ba6dcd6065,60.18203,24.91341,00000000342570c2,10.78
20408,2019-08-04T11:06:57Z,004c3624f943830bc6a9f17173a2cd0996622cade5184ad2b9fba729,60.16897,24.95222,00000000aa852af1,9.92
20409,2019-08-04T11:06:57Z,0152988639aaaa9cc27213280c8f0c0c8ec97ae6a45aaaf743c9c25d,60.16544,24.95398,0000000038d83d41,27.28
20410,2019-08-04T11:06:57Z,09ddbf38333e76a79fd836112bd8c3f8bf7f3dadfb3d49945ad4c486,60.16897,24.95222,00000000aa852af1,5.91
20411,2019-08-04T11:06:57Z,128f1b89d7a534aa206a7823b692594bbd4d349761baa04c0fc72f2c,60.14947,24.91438,000000004ef3150d,13.75
20412,2019-08-04T11:06:57Z,14c7e1511b70f4dd3359cbece1377aebb4d70531f5489eefe53d7c3c,60.16544,24.95398,0000000038d83d41,31.5
20413,2019-08-04T11:06:57Z,165ebbb4090d47319ae370f0d0854fdc1f6b79499f8b2e4d3c3533c0,60.16544,24.95398,0000000038d83d41,23.56
20414,2019-08-04T11:06:57Z,25a7ff811c3c06e426c7c2cbb0433d9a2a3399b23afecbd35584ab0f,60.18203,24.91341,00000000342570c2,11.7
20415,2019-08-04T11:06:57Z,32dd92b5a658392a4ec84eaf95152ee72258b6b0fb670b97882ac902,60.16829,24.94214,00000000afef4555,8.38
20416,2019-08-04T11:06:57Z,3b5cafe90982db26cf737b2e4cd4275276f6a031bca3b2a1f73023b2,60.14699,24.922,00000000a53ed894,20.28
20417,2019-08-04T11:06:57Z,3fe5f4ccfa5c777ceafda0674d7c9da6f509f6694b4c2fa254b32e73,60.16897,24.95222,00000000aa852af1,17.4
20418,2019-08-04T11:06:57Z,402f8edce2e4dcc34a418a83e568dd491c14d450d63a3f35850d9c2e,60.16762,24.95415,000000006b44cce7,12.69
20419,2019-08-04T11:06:57Z,5d65719c4cbf045f068d084b72302f447d5fd034413d97d13be00d0e,60.18203,24.91341,00000000342570c2,21.87
20420,2019-08-04T11:06:57Z,5eed115a984d490b02b602d73787aee8dc8c4e9365b77fbff3818a76,60.16629,24.95957,00000000fb7600be,16.1
20421,2019-08-04T11:06:57Z,69219e9efa41ae9e732653e9eaf08e1a34cb853a9dafe76ddeea4d04,60.16897,24.95222,00000000aa852af1,36.27
20422,2019-08-04T11:06:57Z,6a70e2fbced719333e21eff04fcb9cb36bae9a04d1a3d6ddd96f2c58,60.15432,24.9211,0000000019fb59c4,4.94
20423,2019-08-04T11:06:57Z,85ef35aecf2ff804be3d958b592705ec41c6df9c128c132c65bb283d,60.16897,24.95222,00000000aa852af1,25.36
20424,2019-08-04T11:06:57Z,87dfaad29a9276ddddb1fa021d3bc23ad14824c1af16f7d87e713689,60.14951,24.92138,0000000006dd41f6,8.38
20425,2019-08-04T11:06:57Z,88808fe92573e9cdf022cc15b9689b6b4b9429f60513c8897b0ba4c7,60.16897,24.95222,00000000aa852af1,18.79
20426,2019-08-04T11:06:57Z,8c75c3289c84fe4493e1e272a77b615fe1985880c5dc68a7c1a17b53,60.16762,24.95415,000000006b44cce7,14.89
20427,2019-08-04T11:06:57Z,9843c6216661048343a0e49cf3d8aa2883cf77f452666a1c873a1052,60.16448,24.97323,0000000053c6c2be,11.7
20428,2019-08-04T11:06:57Z,9992834418850939882f3b334eee492eb98d4f9d6d6118f9ee108793,60.16762,24.95415,000000006b44cce7,9.92
20429,2019-08-04T11:06:57Z,9c8556ea519835172f09c20e7688066eeec8e7f74a0c6fa3df3d9c5f,60.16829,24.94214,00000000afef4555,23.56
20430,2019-08-04T11:06:57Z,a13e5d46f0a2d1c6b58878e1b198905e9b14e3a85b5e4adab88b4b87,60.16762,24.95415,000000006b44cce7,13.75
20431,2019-08-04T11:06:57Z,b5fd6b317890e5ab2d79e2cd1abe61626d45a753c7337d0d40728898,60.16762,24.95415,000000006b44cce7,10.78
20432,2019-08-04T11:06:57Z,b936e41d8712ae967f3ebb413fc44f060bb10613f95537757886ede2,60.16762,24.95415,000000006b44cce7,8.38
20433,2019-08-04T11:06:57Z,bca443064699e0ac05c40e587aef06d7fd580817e739133a501490bc,60.14699,24.922,00000000a53ed894,20.28
20434,2019-08-04T11:06:57Z,bedde70080278440cf33f510482f5dbd45ad8321fdcb248b929437f7,60.16762,24.95415,000000006b44cce7,16.1
20435,2019-08-04T11:06:57Z,c0d98967e7575c7d0727764e04702297809bbfe2877f0afc62112028,60.1538,24.95595,0000000038bf9618,29.32
20436,2019-08-04T11:06:57Z,c54f2dd0590c650ad3e52a68193db3173db5e74f90f69faa1e2d6bb0,60.16762,24.95415,000000006b44cce7,5.91
20437,2019-08-04T11:06:57Z,ca6927628f5ddda20036865c9345ad93d476d62ade3b181de568eed6,60.16897,24.95222,00000000aa852af1,21.87
20438,2019-08-04T11:06:57Z,cd2c2ce2425879ac455c812073aa8025c7bac76df380e4793edab46d,60.16829,24.94214,00000000afef4555,11.7
20439,2019-08-04T11:06:57Z,cf05623e4d87ce0906c0b0b7dbf53aacc1228016cd27c341228b6e76,60.18203,24.91341,00000000342570c2,16.1
20440,2019-08-04T11:06:57Z,cfc0bedb78ded52749db3188cb188bf6a250ef5990da9c5afa9623fc,60.14951,24.92138,0000000006dd41f6,20.28
20441,2019-08-04T11:06:57Z,dbeb00942457ba3c5fb1984b57b1dedb268c0e761e80729b939f1fd8,60.16544,24.95398,0000000038d83d41,29.32
20442,2019-08-04T11:06:57Z,e224ae5ea47af2e3048f83b13a1f45dc135c0ca6be72547b01729086,60.1538,24.95595,0000000038bf9618,18.79
20443,2019-08-04T11:06:57Z,e6af35ebe4c87f166821f11fad668537305c0f52d192e9c4d308eaa9,60.16075,24.95883,00000000f1124bca,31.5
20444,2019-08-04T11:06:57Z,e8e366e76c97944e23c0f80b4fd3ce6e5832744922297146a49f0c7e,60.16762,24.95415,000000006b44cce7,14.89
20445,2019-08-04T11:06:57Z,e96bd269a48b822b06141c3362fcb6d5ed4d0d09a120f2e4a712d5c2,60.16897,24.95222,00000000aa852af1,21.87
20446,2019-08-04T11:06:57Z,ed70dda6b7faebd4340dacdb452ab224d9d3c308df417b7fa76f54e8,60.14951,24.92138,0000000006dd41f6,23.56
20447,2019-08-04T11:06:57Z,f088630d7476dae7d4b7e2bb1f10575f2c89acb4b6e061f3d57c2b40,60.16531,24.9442,00000000fdda10fe,25.36
20448,2019-08-04T11:06:57Z,f30a5193aa7850aac581b8dd71512a8712c96f36fdef78d8292d4788,60.16762,24.95415,000000006b44cce7,3.4
20449,2019-08-04T11:06:57Z,f31cfded6f566f9c032c80c52ea642407be312c5d42521ab7a8d3e2a,60.16897,24.95222,00000000aa852af1,18.79
20450,2019-08-04T11:06:57Z,f405a7c4a3a4339f8e3f7e552f6492d6eed76f7d08c54943286213de,60.16762,24.95415,000000006b44cce7,14.89
20451,2019-08-04T11:06:57Z,fc4f3a44235f1cfc7b53f14ba2da599976a5a0a220d23b852688e485,60.17919,24.95181,000000007b5207b6,9.92
20452,2019-08-04T11:06:57Z,0043f38f4fb6545d7c033c9a8f8c18106aa0c2c841f28a15dd722e9d,60.14699,24.922,00000000a53ed894,27.28
20453,2019-08-04T11:06:57Z,01236da8ecda444dc29e37713821de83acaf6158854b1a4089b670f3,60.173,24.92524,0000000096918cfa,38.87
20454,2019-08-04T11:06:57Z,02a354db29cd5bc16976a9d933e03a41be350f9cc78098829a7dcfd4,60.14947,24.91438,000000004ef3150d,23.56
20455,2019-08-04T11:06:57Z,0625280cf414aa015aa8b4d504d6fc74879a1144b913e254fec5db9d,60.16762,24.95415,000000006b44cce7,9.12
20456,2019-08-04T11:06:57Z,0656a0c0a353f164b57fbdd9e648d71fab429964d97ed07ab2c5dc30,60.18203,24.91341,00000000342570c2,21.87
20457,2019-08-04T11:06:57Z,08833115ba0f62666fee594662c171563759459bb5f65ffdfeaeaed1,60.18203,24.91341,00000000342570c2,25.36
20458,2019-08-04T11:06:57Z,08b10b51864dc039f0a07c997e66e7a263ee1cde5b0b88b2a1178c58,60.16829,24.94214,00000000afef4555,16.1
20459,2019-08-04T11:06:57Z,090b22feb90861d0c5c272812dfebe1f4f5efec2238fb9556f23e5a6,60.16762,24.95415,000000006b44cce7,14.89
20460,2019-08-04T11:06:57Z,096c3b0de1dab1407cd4d3330546404c0d62ce025924420496380f89,60.16762,24.95415,000000006b44cce7,23.56
20461,2019-08-04T11:06:57Z,0ac16900b358cad98786869efa2fa39aa96eacf36f9249051cce0e88,60.16448,24.97323,0000000053c6c2be,29.32
20462,2019-08-04T11:06:57Z,0af61169cceddbd5c08068ba987231f31931944ac70a7335e59fce93,60.16897,24.95222,00000000aa852af1,29.32
20463,2019-08-04T11:06:57Z,0b49dcea1b7eab22f4ebd0c7666ded5b59fe092b8bdd4aa9eda6326d,60.16762,24.95415,000000006b44cce7,2.54
20464,2019-08-04T11:06:57Z,0c959027ce302054b09087cac97a83aa7e24fb9e4fa2710763f912cb,60.16829,24.94214,00000000afef4555,4.94
20465,2019-08-04T11:06:57Z,0d2490ed58c11eb4a754a30cc4bcb21c7243d322a2caf7cc360e4e8c,60.17065,24.93641,000000000f4919c9,18.79
20466,2019-08-04T11:06:57Z,0e113c5ed3abcdfb31d27c3125f6cf01e3b96e4ed7eca1aaea855f77,60.14947,24.91438,000000004ef3150d,23.56
20467,2019-08-04T11:06:57Z,0fd26c6e46f4d73b276223942e56c38bc9b8e4566239f8a77261657b,60.17002,24.94407,000000006b087f40,14.89
20468,2019-08-04T11:06:57Z,103e596ccbbe3422403a38786a0bee588f55208bb343963e67ba6ba0,60.149,24.9843,00000000fffb8cf0,13.75
20469,2019-08-04T11:06:57Z,1083b7adffac22c0fd933b3dd2c5bb41ddc6258467eed8d56f93dc01,60.16762,24.95415,000000006b44cce7,14.89
20470,2019-08-04T11:06:57Z,10ca87ada637a6524de98a11c8d3d3d3cfa8f7f5ea839b29c2b132a0,60.16762,24.95415,000000006b44cce7,7.05
20471,2019-08-04T11:06:57Z,1327ce24f157334f864f913637993c80380ce5f5c911e4b0d31c5eb7,60.149,24.9843,00000000fffb8cf0,12.69
20472,2019-08-04T11:06:57Z,13b0a8ca1414d7b2b0e8d5f80069a5d26c6f62a68b58eda25a4b85f4,60.16829,24.94214,00000000afef4555,7.69
20473,2019-08-04T11:06:57Z,1556d4a76070c26554efa12b4b9c53766a4cc394e8b74ee37f2fff65,60.17065,24.93641,000000000f4919c9,7.05
20474,2019-08-04T11:06:57Z,169c77f0d714e38eb1e798b14fa42ce3fefb0ec1d6f9e93a38a872f1,60.16762,24.95415,000000006b44cce7,5.91
20475,2019-08-04T11:06:57Z,17156aea51e178b5f7410190e0077e325183b63ff3b9a110fcba66a2,60.16762,24.95415,000000006b44cce7,16.1
20476,2019-08-04T11:06:57Z,17861db3c9efb479761315b23143cfdc5f694922946406d53fd5fc1d,60.17065,24.93641,000000000f4919c9,5.41
20477,2019-08-04T11:06:57Z,182e58bd6c3c8d836225d454a878bc55d8ed5166564a22f8b635f6ff,60.14947,24.91438,000000004ef3150d,10.78
20478,2019-08-04T11:06:57Z,1921be9815a57f11f291ca085add7b4bf1d044518b03b725df7cf7d5,60.149,24.9843,00000000fffb8cf0,3.74
20479,2019-08-04T11:06:57Z,19db84758eba08a5f9bb56b0ff91d05286765c8e8dfa31bd0b2aaa1c,60.14947,24.91438,000000004ef3150d,10.78
20480,2019-08-04T11:06:57Z,1a9a0f74c353624c42c19c007e82c9c2547b7285d8353d0e375e3f05,60.14699,24.922,00000000a53ed894,14.89
20481,2019-08-04T11:06:57Z,1c38009e9b89bd8b0d6744bf54ebae9a8ad2dc2868cdfc3f2e399509,60.16829,24.94214,00000000afef4555,8.38
20482,2019-08-04T11:06:57Z,1c8c3befa38b65f707dd4933a68e5e3c9e7c82592fd382779127416b,60.16897,24.95222,00000000aa852af1,14.89
20483,2019-08-04T11:06:57Z,1dacfb371d75dd4f90f447aac2a00faad98beb4188a6971c19eb2375,60.16629,24.95957,00000000fb7600be,23.56
20484,2019-08-04T11:06:57Z,1f6e5095c2c365e120a526c9111895459bc08fb351b964a350cdb64f,60.16762,24.95415,000000006b44cce7,9.92
20485,2019-08-04T11:06:57Z,1fa2c533bba37b249a0105001153733e67a559d40c22cab67f135f64,60.14947,24.91438,000000004ef3150d,10.78
20486,2019-08-04T11:06:57Z,210efef5a51ca0e6ee1b6d62b522bfe9117f462f15ba78edfbe259ef,60.16762,24.95415,000000006b44cce7,12.69
20487,2019-08-04T11:06:57Z,212f6b4cd587b3c7aa7125b63c4d5480abf1fcdff67e3ab4e61fd1d2,60.1538,24.95595,0000000038bf9618,33.81
20488,2019-08-04T11:06:57Z,227b93698b29687beea48184f42aab63a21fa362af7251be32db2e15,60.16531,24.9442,00000000fdda10fe,2.54
20489,2019-08-04T11:06:57Z,23f10190151386d4050571cb299410bc0285ed980b0a00f088e01cf0,60.16762,24.95415,000000006b44cce7,9.92
20490,2019-08-04T11:06:57Z,2671a156fa8d8bb05970481c8f83bcf9f261f73dae27f2bb9ac88aeb,60.14699,24.922,00000000a53ed894,20.28
20491,2019-08-04T11:06:57Z,26a4ff30aad95332c4b603e9e728a10486413889de9d2c4573524923,60.14699,24.922,00000000a53ed894,21.87
20492,2019-08-04T11:06:57Z,2724e42551f43106ea58a8fcc6a43953baa1294cd65e17a90012f706,60.17065,24.93641,000000000f4919c9,1.25
20493,2019-08-04T11:06:57Z,28a8c91eedf86256382a085ddcaf523d407151baa947c38797259e95,60.16448,24.97323,0000000053c6c2be,21.87
20494,2019-08-04T11:06:57Z,2977d3c4f181abb6662adf1d466a62167e2690a9c94dc53e5aa6a904,60.16762,24.95415,000000006b44cce7,12.69
20495,2019-08-04T11:06:57Z,29b5f09785ef76627c2a3f043e1182d11fbd3a465422544c7478aa1c,60.16897,24.95222,00000000aa852af1,11.7
20496,2019-08-04T11:06:57Z,29f5adc4d67413b7d368e8e94a41cf48339e3f5f0903f660170c4fe8,60.17918,24.95141,00000000675d5200,13.75
20497,2019-08-04T11:06:57Z,2a80aed2c40e7e70ca12152ac812abd79aa1d13efcec25a6d3395136,60.16762,24.95415,000000006b44cce7,7.05
20498,2019-08-04T11:06:57Z,2b8390c7183ae344c6844506a062f78e7038ec6c71227c16c48d5713,60.16829,24.94214,00000000afef4555,18.79
20499,2019-08-04T11:06:57Z,2d0349a4148a147b05e00cd46c137dd208ba2a8ce9327b493615f1a6,60.16829,24.94214,00000000afef4555,4.5
20500,2019-08-04T11:06:57Z,2de87ef94604fb63bec05eefb71b6cdd0b9807f8551159c2a35e7259,60.17065,24.93641,000000000f4919c9,8.38
20501,2019-08-04T11:06:57Z,2e6e6f89a7d75f0742d016de203c9acc8d6f6bdeb7b56bd12f482653,60.15432,24.9211,0000000019fb59c4,13.75
20502,2019-08-04T11:06:57Z,32f77f5019e5fce30881c214487361e2e34b8c93277f6e546de72012,60.1638,24.96846,00000000d747f075,21.87
20503,2019-08-04T11:06:57Z,3417d8a6b53687e70f126ebeb1d26a2ff6369dc9a551c3c35c5a04f9,60.17002,24.94407,000000006b087f40,18.79
20504,2019-08-04T11:06:57Z,3670a148a52771f0ff5af161725f65b86873c09eea1a7697861c0438,60.14699,24.922,00000000a53ed894,14.89
20505,2019-08-04T11:06:57Z,374083907dd8980893623726af5633afd59b519c885ad12ba5c674eb,60.17002,24.94407,000000006b087f40,3.4
20506,2019-08-04T11:06:57Z,38fe4d3136f12b444ebe10b0db89d752ecc9527c799d1dbb1a3f12e1,60.1538,24.95595,0000000038bf9618,29.32
20507,2019-08-04T11:06:57Z,395134265ad60f36cbb21b92db8d3db4d07bd71836d174cbf1a09224,60.16829,24.94214,00000000afef4555,4.5
20508,2019-08-04T11:06:57Z,3991e38309311c3fd5aecdcf3290274a5742396d989a81387bf154ae,60.17002,24.94407,000000006b087f40,23.56
20509,2019-08-04T11:06:57Z,39e2f2a7b03cda9f877366363a3727edfefd16d2221e752dafc33634,60.17002,24.94407,000000006b087f40,17.4
20510,2019-08-04T11:06:57Z,3ac85712ab657e849113d439795c4e7325d1025cacdbd9a41174b031,60.17002,24.94407,000000006b087f40,23.56
20511,2019-08-04T11:06:57Z,3ac9d056b0f04f774b238a125eb996d46437f7a8c5f6ba6712e971cf,60.17918,24.95141,00000000675d5200,9.92
20512,2019-08-04T11:06:57Z,3b355c039877bd4883845f3fc6ad8dd6f41f170274042f1397585680,60.149,24.9843,00000000fffb8cf0,12.69
20513,2019-08-04T11:06:57Z,3b4dda811f084f91b7dd61344c97aa6cac444a02d825183d53cca5d0,60.16762,24.95415,000000006b44cce7,11.7
20514,2019-08-04T11:06:57Z,3daa2205b02453faa04e23c0bf80d6d22d657277425f07e4fc424dbc,60.16762,24.95415,000000006b44cce7,12.69
20515,2019-08-04T11:06:57Z,3fe4e214448b0c9a8dfbee81c347d82a8f0b26859201fb1d77f40fa9,60.16762,24.95415,000000006b44cce7,9.92
20516,2019-08-04T11:06:57Z,41fffd70db0364ae9e08f76f74848590a4ed6784433df3a7ff00d7a5,60.16762,24.95415,000000006b44cce7,14.89
20517,2019-08-04T11:06:57Z,42d34a6c595760e51052178acc978bdb2b6348e0405f7b58c57f0915,60.16829,24.94214,00000000afef4555,16.1
20518,2019-08-04T11:06:57Z,439ff6b8ff9dc79d47e223164a87fc2d620f29bc7ea1bc7ea4c5cc58,60.16897,24.95222,00000000aa852af1,17.4
20519,2019-08-04T11:06:57Z,43d8c869f8bf0d7c3d876015bbc5de703fe705613be55538351ba02d,60.16897,24.95222,00000000aa852af1,5.91
20520,2019-08-04T11:06:57Z,44703b8dd01d3bd79585c9c7e12217e1ac152f86e2b0c9ed6be4bc19,60.16544,24.95398,0000000038d83d41,14.89
20521,2019-08-04T11:06:57Z,448f6044c6c095d8c71341a0017dd6746f6e150f03af7c78b794308f,60.16762,24.95415,000000006b44cce7,3.74
20522,2019-08-04T11:06:57Z,44d01b24bde0f8031d7cf15bb66e661ad9bd92807f3213fabf920fa1,60.16762,24.95415,000000006b44cce7,9.12
20523,2019-08-04T11:06:57Z,4538bf4d0ca02f13fad76c46f7b34e72978c49b0cdfe4ea9fe151a50,60.16762,24.95415,000000006b44cce7,9.12
20524,2019-08-04T11:06:57Z,4646c02709d442247dfddb58957eab9e033547ce02b4e7ea1ea2dab5,60.16829,24.94214,00000000afef4555,17.4
20525,2019-08-04T11:06:57Z,465eab28635efe98500085ceb161cf941d02272a0107fbbfb2203c29,60.16829,24.94214,00000000afef4555,12.69
20526,2019-08-04T11:06:57Z,46b576e18e757fc4ec008b41d3c28ec5415a2c2c2f143042e5413137,60.16762,24.95415,000000006b44cce7,9.92
20527,2019-08-04T11:06:57Z,46b81e0dd10fe05195c050bacd41d57feeca0e044b6b317ac22a8656,60.16762,24.95415,000000006b44cce7,17.4
20528,2019-08-04T11:06:57Z,47f787c639f2eed345eb5dca409ffcd989850399a1ab781500dd6e82,60.17919,24.95181,000000007b5207b6,9.12
20529,2019-08-04T11:06:57Z,4800d49ec59e1cde34360defcce4c2a0c6a58919303c1fe6fdebceec,60.16762,24.95415,000000006b44cce7,23.56
20530,2019-08-04T11:06:57Z,4833b1ea4f519407574f5a838d93a39de28c756c5f53de7ee273b577,60.14947,24.91438,000000004ef3150d,7.05
20531,2019-08-04T11:06:57Z,49084ae4b6419be9e7bb0c9b1420142e07d6ac3c17c07c26895461ed,60.16829,24.94214,00000000afef4555,20.28
20532,2019-08-04T11:06:57Z,4954540aca30f8f56f918178fbd53ee48ddef7a231d425061f6b2f6f,60.18203,24.91341,00000000342570c2,18.79
20533,2019-08-04T11:06:57Z,49d6f6bd5878bfac30a67fe92d1501b5b09cab38ab2b35b661902f0d,60.14947,24.91438,000000004ef3150d,20.28
20534,2019-08-04T11:06:57Z,4a2286eca689d9c867cfa19d43b9b917d29769b66b9e0a968f6c3859,60.16897,24.95222,00000000aa852af1,17.4
20535,2019-08-04T11:06:57Z,4a54cbed9c373a4136f8851f3f5736eb2fadd5766d316eb5ebbdd231,60.17918,24.95141,00000000675d5200,9.92
20536,2019-08-04T11:06:57Z,4a912b6c106b63933a8c9cc39598823bcb2c94d4b1cc8a5d55cb3972,60.16829,24.94214,00000000afef4555,4.11
20537,2019-08-04T11:06:57Z,4b5b3e8f2b484bc08b196c265f65c70151bd69f6263318eb29125db2,60.16829,24.94214,00000000afef4555,10.78
20538,2019-08-04T11:06:57Z,4d31b0561dbfc9ef5acbd44ba92acb4ca7bad86b948634f005173ece,60.14699,24.922,00000000a53ed894,16.1
20539,2019-08-04T11:06:57Z,4ec1d21263bb826a9d9b2da52c6073f4b5cf86c89894aad36059eaf6,60.16762,24.95415,000000006b44cce7,8.38
20540,2019-08-04T11:06:57Z,50226a39439d2ed5533146619120156613d51e9e9536885ab84d2e8c,60.17002,24.94407,000000006b087f40,23.56
20541,2019-08-04T11:06:57Z,51789c3026ccfe7e846e44fcd833d006941c2789b9693c77df5a7c98,60.16762,24.95415,000000006b44cce7,9.92
20542,2019-08-04T11:06:57Z,51dc3e37f2c849cad38b2a651abb7964e1dfc0e1e0a244c3a6ca8193,60.17002,24.94407,000000006b087f40,25.36
20543,2019-08-04T11:06:57Z,52daa31a2b3c1c07f78d96ebb4de3a965da5ef0a8035afbd0f7451fb,60.16531,24.9442,00000000fdda10fe,23.56
20544,2019-08-04T11:06:57Z,538f05c49f43aea0fda8bfcfd03d1ac2fc05b55d83fda538cd91e2a4,60.16762,24.95415,000000006b44cce7,9.12
20545,2019-08-04T11:06:57Z,542a405b620e6d166ecc5eadd979b3936d831cea3aa7b75316adb4ca,60.16897,24.95222,00000000aa852af1,14.89
20546,2019-08-04T11:06:57Z,54d53f276563f566e1cd61b100408412cf78b4fe9fcada830aa6e23b,60.14947,24.91438,000000004ef3150d,7.05
20547,2019-08-04T11:06:57Z,5518b2315c236d486c7a5a4fc27c44987672b2f9a0751ffdaa9cbf78,60.16829,24.94214,00000000afef4555,5.91
20548,2019-08-04T11:06:57Z,55db840c0ab0998cc666beac96e2ebbb86074ce40799e791e7e7f299,60.16829,24.94214,00000000afef4555,25.36
20549,2019-08-04T11:06:57Z,56318cc7f3616fceec2564cbb1f6ca8b88ea861935a1ada93aafd7b0,60.16897,24.95222,00000000aa852af1,12.69
20550,2019-08-04T11:06:57Z,565a35900ed1794a9d566f6fc12f2710875a10eb7c8e6fa0ddd92626,60.14699,24.922,00000000a53ed894,23.56
20551,2019-08-04T11:06:57Z,571934189bf349efb6f596e76c21612cf9b82ed44913090169936048,60.17065,24.93641,000000000f4919c9,14.89
20552,2019-08-04T11:06:57Z,584cb0b0cdd14e608c8b57c8aecc9826f9b40027e365e2438a444ea2,60.16762,24.95415,000000006b44cce7,13.75
20553,2019-08-04T11:06:57Z,5a730ea19664020323272509e5443616ea3f1cecd7b295e294be4ba7,60.14947,24.91438,000000004ef3150d,17.4
20554,2019-08-04T11:06:57Z,5c404f374a48548bfe8b02859d12ae59c4ae608fae2139fd71ef51b1,60.16762,24.95415,000000006b44cce7,8.38
20555,2019-08-04T11:06:57Z,5d9aa6fcb0d81ceaa80ca13cc08a88138be517656646e0ba0942ce46,60.16897,24.95222,00000000aa852af1,6.46
20556,2019-08-04T11:06:57Z,5f06b3646e6da155a86e1679f197df7b08fe5df6324e56bd5c4b5921,60.17065,24.93641,000000000f4919c9,21.87
20557,2019-08-04T11:06:57Z,5f5805a3ffd092506452c4d45ea8fc037ae23ea726f0b0809ca6ffde,60.16829,24.94214,00000000afef4555,7.69
20558,2019-08-04T11:06:57Z,604a02f00cf5d2e059c26ee48a07cd30e608c4b00f17f447c028da58,60.16762,24.95415,000000006b44cce7,21.87
20559,2019-08-04T11:06:57Z,62cac4a0e252305e1128942dc3ec48baaa514c6737c415f85abb3665,60.1538,24.95595,0000000038bf9618,41.64
20560,2019-08-04T11:06:57Z,62d86ee13e6ae7a5c41ffc2de746df72d4ef6e8d2b6a51ce1c68965f,60.16829,24.94214,00000000afef4555,9.12
20561,2019-08-04T11:06:57Z,64d10ef0926ecca987bad278990d966d8fac8775f03847d1f5a4a2f6,60.16762,24.95415,000000006b44cce7,10.78
20562,2019-08-04T11:06:57Z,66755836036c771e53ffd9d0dc09b8575231b53b80af22e868691a2a,60.14699,24.922,00000000a53ed894,9.92
20563,2019-08-04T11:06:57Z,66b286cdb9e93883f7eb88bed6e49742fd233e680835bffeeb1b8af8,60.16762,24.95415,000000006b44cce7,16.1
20564,2019-08-04T11:06:57Z,6978155fc96a2c464cb547d9fc8c5e60f39fbb9de35e49ab211c5efc,60.16897,24.95222,00000000aa852af1,33.81
20565,2019-08-04T11:06:57Z,69852d528034ea6fc746ed8942c32f1c90bc33a7a7317dfac3c9b1c1,60.14699,24.922,00000000a53ed894,2.54
20566,2019-08-04T11:06:57Z,6990b912b53e2278e4a3d421330e44169d05b275ad57d86ff4ad1615,60.14699,24.922,00000000a53ed894,29.32
20567,2019-08-04T11:06:57Z,699b48bb93c5befb62ff0686e75f158406b659f14daec16ab66d4499,60.15432,24.9211,0000000019fb59c4,25.36
20568,2019-08-04T11:06:57Z,69b325e07052873a256bfc38196eacb0c425d5ef40d2199017d3736f,60.14951,24.92138,0000000006dd41f6,38.87
20569,2019-08-04T11:06:57Z,6a611aaa1fa77baf03191f0143c2a00dd06c9730c67d30c1eb06afcc,60.16762,24.95415,000000006b44cce7,12.69
20570,2019-08-04T11:06:57Z,6ac8fdd67b3dd11f0bae935f3a285880138382088238b97f511d3f12,60.16897,24.95222,00000000aa852af1,17.4
20571,2019-08-04T11:06:57Z,6b3836e78400caa9d7373678bf33faf8b137556c7ee47e73251c3e4a,60.14699,24.922,00000000a53ed894,20.28
20572,2019-08-04T11:06:57Z,6c637347d64659d1b29b0461397fccfbff09339872c14e32469fbd0f,60.16762,24.95415,000000006b44cce7,11.7
20573,2019-08-04T11:06:57Z,6c97da4ba9462e7fe786a472989dab23340d31809dd78d5617204da4,60.16829,24.94214,00000000afef4555,7.69
20574,2019-08-04T11:06:57Z,6e492dbc3f10157e7ff00826a839a97262ab36244ccc57b702a89999,60.16531,24.9442,00000000fdda10fe,2.8
20575,2019-08-04T11:06:57Z,6eeb71c74d753822f920829149d942cf52b726b0b83c5aa3e6cb132e,60.16762,24.95415,000000006b44cce7,2.54
20576,2019-08-04T11:06:57Z,6faf62fbff92729472d61bc9a13a5e72833e55bf713863161f8ca9cb,60.15432,24.9211,0000000019fb59c4,20.28
20577,2019-08-04T11:06:57Z,700c14fe35186c01f82d0f13e99678e0c1db2b2fd58051b08fda606a,60.16448,24.97323,0000000053c6c2be,27.28
20578,2019-08-04T11:06:57Z,70865ff0fd32dc9fc73f25e929a40535a717664003e66c14224a9d90,60.16762,24.95415,000000006b44cce7,16.1
20579,2019-08-04T11:06:57Z,70ffae2b8178e0915c5de7816f8dd8bcc3af745ee49df8ac4da4adba,60.17918,24.95141,00000000675d5200,21.87
20580,2019-08-04T11:06:57Z,714e80a1e3c0fee43e312f314b2faec47e582ee8dac47e4818dbc2f9,60.149,24.9843,00000000fffb8cf0,2.54
20581,2019-08-04T11:06:57Z,74c2ec2adc228e5b4979284d730fd2de698242f0f06d90f870b8cde6,60.16762,24.95415,000000006b44cce7,4.5
20582,2019-08-04T11:06:57Z,75d452cbba63995ad06213b577081e8db650c80b3a78060789a8e831,60.16762,24.95415,000000006b44cce7,2.08
20583,2019-08-04T11:06:57Z,75dc69a66709d80dc34f816e5b2cbf53ee34b75f4ca9ae28f9ddf14c,60.16762,24.95415,000000006b44cce7,16.1
20584,2019-08-04T11:06:57Z,7778b1bf816954847791c0bf2bb15bc2de2ab4e44658262629a0b4a6,60.16762,24.95415,000000006b44cce7,10.78
20585,2019-08-04T11:06:57Z,7804799a34d94440ab3520238b9ab58a0466b4230cd360f0f2159075,60.16762,24.95415,000000006b44cce7,11.7
20586,2019-08-04T11:06:57Z,79249857aa88aacfdce42eef6ed8e8bcca6a4550672e5d4552c120d0,60.16762,24.95415,000000006b44cce7,12.69
20587,2019-08-04T11:06:57Z,795b33361c4adbe3fd61f8f680186862dfc479124c39e5da6579b065,60.16829,24.94214,00000000afef4555,9.12
20588,2019-08-04T11:06:57Z,79773ee1ebdf8252053d8ffb326b77bb05a7cdb76041102e73d3767c,60.16762,24.95415,000000006b44cce7,21.87
20589,2019-08-04T11:06:57Z,79bde23c1a8980f93a65e14306f0d8ea89e164430d8b991e2bfee82e,60.16531,24.9442,00000000fdda10fe,14.89
20590,2019-08-04T11:06:57Z,79f6ceff0d0fc6687b4982c4d38a9ebb0a1056b6e0c448b1b9e79e8e,60.16897,24.95222,00000000aa852af1,27.28
20591,2019-08-04T11:06:57Z,7a96471c0f2a5b26dc38cc8aa9903b7dcb222a12d81cd73a84570610,60.16629,24.95957,00000000fb7600be,16.1
20592,2019-08-04T11:06:57Z,7ddcdde2316659d0fa4b8597b86430e095ea0bc7f3564a9d05fc60f8,60.16897,24.95222,00000000aa852af1,18.79
20593,2019-08-04T11:06:57Z,7de4ba54f0d667a69cb0b6d625856bc6b040f51a42f91beae366a269,60.16762,24.95415,000000006b44cce7,5.41
20594,2019-08-04T11:06:57Z,7e78b2348d9576c63ebb626030ee9d43e2bf07e860782adf3f1c452b,60.16829,24.94214,00000000afef4555,9.92
20595,2019-08-04T11:06:57Z,7ea276abbe2f1bfd85b2493f7b4c801189e673c0b4dc987d2c8e30dc,60.14699,24.922,00000000a53ed894,16.1
20596,2019-08-04T11:06:57Z,7eefc5581c616491b78192b28b519ba727dc884a87bc06b8df1ea4f2,60.14699,24.922,00000000a53ed894,16.1
20597,2019-08-04T11:06:57Z,822590bd49bcf7ed4de4f8389586915c343b29c4283ff8b90d7c1d39,60.17065,24.93641,000000000f4919c9,18.79
20598,2019-08-04T11:06:57Z,82ac749474448abac333d00869cb8b508872f86293913d95eae26a05,60.15432,24.9211,0000000019fb59c4,8.38
20599,2019-08-04T11:06:57Z,82cddd3b9f58762d36efe78da4e2722ee587cfdb3fdbc58b52673082,60.16629,24.95957,00000000fb7600be,10.78
20600,2019-08-04T11:06:57Z,844b8ad6ebf530978d1139d527a681991f4d3eed6be5bc723f0b2192,60.16531,24.9442,00000000fdda10fe,1.12
20601,2019-08-04T11:06:57Z,86c49f3eac3f63de106c55c68fd6620a0dd3aa06d98e3600af175d9a,60.173,24.92524,0000000096918cfa,16.1
20602,2019-08-04T11:06:57Z,87f4cf4baea8c5dfe1bc7812cc969574058bd4d2dda215192bcfc53f,60.14699,24.922,00000000a53ed894,6.46
20603,2019-08-04T11:06:57Z,886032718e05487be8bd75bb14464814044c7edd7f9a2198304f6fb4,60.16629,24.95957,00000000fb7600be,18.79
20604,2019-08-04T11:06:57Z,89df1daad350e46d526e113019214d2e1a19d8f48da761bb3583399b,60.16762,24.95415,000000006b44cce7,11.7
20605,2019-08-04T11:06:57Z,8a01cc1ef99f9ea16785412c604aa6bb2750299d67ea94214401d645,60.16762,24.95415,000000006b44cce7,16.1
20606,2019-08-04T11:06:57Z,8c4e4851db86ec4a3ce29a58be770eb29c38b9a983351bb67d781982,60.16897,24.95222,00000000aa852af1,8.38
20607,2019-08-04T11:06:57Z,8dcfa5789215b9650f4cb5f8bf0d99492d0728351e58e688491080b5,60.16629,24.95957,00000000fb7600be,29.32
20608,2019-08-04T11:06:57Z,8f7fec0a4f5d4eb0710dd40c356e0c82dbd9360772fade341a50ba37,60.14699,24.922,00000000a53ed894,31.5
20609,2019-08-04T11:06:57Z,8f998d0e47a5fb2e84c8dcffb4a33ca4adeaf8db93423df171988c1e,60.16629,24.95957,00000000fb7600be,29.32
20610,2019-08-04T11:06:57Z,90b12d2b9898702fd62b343512e0d53796ae38decdf704e203a0cc39,60.16829,24.94214,00000000afef4555,16.1
20611,2019-08-04T11:06:57Z,91602a694bc74a2874ba7f02a7bae062a3a77cd869b86a74800415b8,60.17918,24.95141,00000000675d5200,13.75
20612,2019-08-04T11:06:57Z,92df20d921f76c63470e3f5afbe201d3ae15f5133f66c291db796082,60.16629,24.95957,00000000fb7600be,20.28
20613,2019-08-04T11:06:57Z,93272ad17155ea9499641eda7c5560691582116096278b82738ab21e,60.14699,24.922,00000000a53ed894,10.78
20614,2019-08-04T11:06:57Z,94ac9d6e79236013b9fa24e1c52123819228f6962b5952637ca80fcb,60.16762,24.95415,000000006b44cce7,23.56
20615,2019-08-04T11:06:57Z,97490f522f1a0226c8f7e8ed7bca08dd71b63d80b46d38020127b868,60.14699,24.922,00000000a53ed894,10.78
20616,2019-08-04T11:06:57Z,9924ed20d6ddee438860f63a9fa1a2cefa7ccfa275d6da3a2008d84d,60.173,24.92524,0000000096918cfa,20.28
20617,2019-08-04T11:06:57Z,998ac46ad73c197bab1f36dca67d8bcaa3aca92249185a5e3715043f,60.17065,24.93641,000000000f4919c9,12.69
20618,2019-08-04T11:06:57Z,99b998b07243afd316e6fa57636b0ab6761b9c2a6f0fe050eae40c08,60.16762,24.95415,000000006b44cce7,9.12
20619,2019-08-04T11:06:57Z,9a1a6afa19068ac0b5f9af2744ddf945157f0dd41a4f254e8251fd09,60.16762,24.95415,000000006b44cce7,12.69
20620,2019-08-04T11:06:57Z,9a23dca42469f79bf4f5665caffb8d0dd8da182f6fb72f595309803b,60.149,24.9843,00000000fffb8cf0,13.75
20621,2019-08-04T11:06:57Z,9aa588cb6f425117e45726b6b9adb7ef86c8f7c8113b547dc61f068a,60.16897,24.95222,00000000aa852af1,9.92
20622,2019-08-04T11:06:57Z,9af5161d635984285f0d259f202fe80516d5258255b979b9910afe05,60.16762,24.95415,000000006b44cce7,20.28
20623,2019-08-04T11:06:57Z,9b24f69458294d27d07a0169665965135fd02f4c953f85bcebf4ba87,60.16762,24.95415,000000006b44cce7,5.91
20624,2019-08-04T11:06:57Z,9b4b0705e58750d2bcbd71ad65d85677f7e77db5dfe69d1a70b5d31f,60.17918,24.95141,00000000675d5200,4.11
20625,2019-08-04T11:06:57Z,9bc50d931d6c1678284177395958d15f05b45d60ae7bc09fe1e1694e,60.16762,24.95415,000000006b44cce7,7.69
20626,2019-08-04T11:06:57Z,9bc91538b73e0220fcf5cd07290c07d56f6f48d3ba0ba6b6b0876da9,60.17065,24.93641,000000000f4919c9,21.87
20627,2019-08-04T11:06:57Z,9bef562c292174f1eb3933116effff74a8733a78e5c1df140de3fd6c,60.17919,24.95181,000000007b5207b6,4.11
20628,2019-08-04T11:06:57Z,9c0b1d2c4c67c07e547e810a94efeaaa1187ae82977e03748470281c,60.16897,24.95222,00000000aa852af1,18.79
20629,2019-08-04T11:06:57Z,9ced7d70503ba24882b6e283fa95ce42e02c1a3618adeb448558c50c,60.16897,24.95222,00000000aa852af1,16.1
20630,2019-08-04T11:06:57Z,9eb1e9bfdceb76ef852f89ebd82139602125f9731b791465e1c21f81,60.16829,24.94214,00000000afef4555,16.1
20631,2019-08-04T11:06:57Z,9f1920350685b4cb747c535ba3c3dc1cb29587668bd507ab96e5692f,60.16629,24.95957,00000000fb7600be,23.56
20632,2019-08-04T11:06:57Z,a066e2044b486819fe2185765f63ed87f8d10c502f26a01be1f1a758,60.149,24.9843,00000000fffb8cf0,33.81
20633,2019-08-04T11:06:57Z,a0ec1a8d581f94e640a6858a674699d2464ec065e6faea9d4ce2a13b,60.16762,24.95415,000000006b44cce7,4.94
20634,2019-08-04T11:06:57Z,a30740fbf4b7e21f6fe2996e9325c90936de161cb2165e87cd96fd35,60.149,24.9843,00000000fffb8cf0,23.56
20635,2019-08-04T11:06:57Z,a3664d77633807788598dd8d4a7ba8caba2c31bfdcb6ba83651d4e7e,60.173,24.92524,0000000096918cfa,25.36
20636,2019-08-04T11:06:57Z,a3c1a4a58b9381c27b1d5076e0d8d72039afccfb0e58438a80247324,60.16762,24.95415,000000006b44cce7,1.01
20637,2019-08-04T11:06:57Z,a5835ce352a1e6d8fb6bdc410fae1076c756f7dac8e202465add9277,60.16762,24.95415,000000006b44cce7,7.69
20638,2019-08-04T11:06:57Z,a5d632ac8ffc19a626de034d3c9444fd262ee6edada285c816ea9266,60.16531,24.9442,00000000fdda10fe,10.78
20639,2019-08-04T11:06:57Z,a6ad4305e4e49cc67b63665ffb182e72c67646f3554a9aedcd188b67,60.16829,24.94214,00000000afef4555,23.56
20640,2019-08-04T11:06:57Z,a98fc06dc605583814a2aa182295b88f81657ef2daeee7aaec792e7c,60.16762,24.95415,000000006b44cce7,7.69
20641,2019-08-04T11:06:57Z,aa4547c0b6b8be30776e08d524ceeacfbc9930ad720e11fa4cb20882,60.16531,24.9442,00000000fdda10fe,1.12
20642,2019-08-04T11:06:57Z,aa45859d6157e9e86470ec8b81957acc35bafb1b7f419d79357a38cf,60.16829,24.94214,00000000afef4555,9.12
20643,2019-08-04T11:06:57Z,aaabd3028e2bd9f8b0e3a929c8728cb364551bd70da3208662b12033,60.16762,24.95415,000000006b44cce7,12.69
20644,2019-08-04T11:06:57Z,ab1377ddf669bb806f8db586f4ce5ab9f0f4257dda61fe800d8509f5,60.17065,24.93641,000000000f4919c9,27.28
20645,2019-08-04T11:06:57Z,ab5a898dee82ed143fd90e2b4bf5efdb881355a720ed126aef3617a2,60.17002,24.94407,000000006b087f40,18.79
20646,2019-08-04T11:06:57Z,ac5c7e04b55d6d70659e5b8f4705309b9367c78a0edb7ce85f42c181,60.1538,24.95595,0000000038bf9618,20.28
20647,2019-08-04T11:06:57Z,add92af5006cee56f2da79112486b97d5a7c06f12252676b7638064d,60.16762,24.95415,000000006b44cce7,12.69
20648,2019-08-04T11:06:57Z,addc60a477245c1c33e3a627145e2a2971adf755bfcf8aef4c8c0f88,60.16897,24.95222,00000000aa852af1,20.28
20649,2019-08-04T11:06:57Z,ae3cda5066e455d4b1e58860e8fb7a35efad69b9964a676b476b0687,60.14947,24.91438,000000004ef3150d,4.5
20650,2019-08-04T11:06:57Z,b0d6202ccd1560eaf57c06931cb6466332e41068ad2963e515819015,60.17919,24.95181,000000007b5207b6,16.1
20651,2019-08-04T11:06:57Z,b2298fc6f63c02481610f9aef24f1a0c1711c255adc43c0fe135c1ca,60.14947,24.91438,000000004ef3150d,8.38
20652,2019-08-04T11:06:57Z,b26d0daac9f8fb84484cbd8ed668aeb6751e848b1c533a307d163360,60.16762,24.95415,000000006b44cce7,6.46
20653,2019-08-04T11:06:57Z,b2de3ff4c2052ba522931acab70e95e9790c6f7c856b36a7eacafc09,60.17002,24.94407,000000006b087f40,12.69
20654,2019-08-04T11:06:57Z,b3266ecf36a984b814e1b2d31b447438bd948a9c116721480104792f,60.16829,24.94214,00000000afef4555,23.56
20655,2019-08-04T11:06:57Z,b50b3c2006581bccfeaa9ea964649350c7d5b8177baa29a37e628584,60.14947,24.91438,000000004ef3150d,12.69
20656,2019-08-04T11:06:57Z,b533a10e551fb94431643508dbcf944aeac09510b32ffc9fd502db57,60.16762,24.95415,000000006b44cce7,13.75
20657,2019-08-04T11:06:57Z,b5cdbcdc30e0bf653ce353c867708b0067db5e394c8cbe848d978a77,60.14699,24.922,00000000a53ed894,12.69
20658,2019-08-04T11:06:57Z,b601cd655bb9f05aa6ec86fc9eb9300c3bc20bc0e856e94ad168a257,60.14947,24.91438,000000004ef3150d,5.91
20659,2019-08-04T11:06:57Z,b61c6a5634cffe7dead72d5f6730e8439bee6dd2286d9df8f3052e3c,60.16762,24.95415,000000006b44cce7,12.69
20660,2019-08-04T11:06:57Z,b81a9bf449d3e64ad0181804598330bbf305f384b888935023742c79,60.173,24.92524,0000000096918cfa,33.81
20661,2019-08-04T11:06:57Z,b81e65168ea3278486b1c954ab229bc2eda3fe07098e824f05cd0ac4,60.149,24.9843,00000000fffb8cf0,21.87
20662,2019-08-04T11:06:57Z,b8f5834e6b992cf5568ae3153fb4b07e97b7f6dd01250851134c1824,60.149,24.9843,00000000fffb8cf0,5.41
20663,2019-08-04T11:06:57Z,ba41edadb3a9722bc59efaca71897a33593d0f17301c4bf560fd23e1,60.16762,24.95415,000000006b44cce7,8.38
20664,2019-08-04T11:06:57Z,bbf7d8b9085ddcd3b94f55f93b52cb40a251c44f5df4099ba5b61471,60.16829,24.94214,00000000afef4555,6.46
20665,2019-08-04T11:06:57Z,bc07df8cc395f6f4f5d483b2233caca5f93a6918f346e4cc3702f8cc,60.16531,24.9442,00000000fdda10fe,16.1
20666,2019-08-04T11:06:57Z,bfd5c2630b36fde15de01ea74e598d035402cf1edb7c9230617927e0,60.16762,24.95415,000000006b44cce7,9.12
20667,2019-08-04T11:06:57Z,c012e9e2caf1002d24e53817bb1279becdfc4aa9dba085e93ddd88e9,60.17002,24.94407,000000006b087f40,21.87
20668,2019-08-04T11:06:57Z,c17d750015a2259a1bba7471f2e4e0a1db4df53276be8c8463fd5f84,60.16829,24.94214,00000000afef4555,20.28
20669,2019-08-04T11:06:57Z,c1ca9629c5ebd58052fb4c627ab87542db3ca242430d22b727f46bce,60.16762,24.95415,000000006b44cce7,9.92
20670,2019-08-04T11:06:57Z,c1ce6d2ef79400cf56c3ca0ec6535ed83aeb577da00fa92c9163f37e,60.14699,24.922,00000000a53ed894,33.81
20671,2019-08-04T11:06:57Z,c2086d5cd92d4f8ed97396f4da919248c0bd5f6d2edcc04866c1f70e,60.16762,24.95415,000000006b44cce7,13.75
20672,2019-08-04T11:06:57Z,c27fee8ae8d689338b043608280c83cfa6f3276d3837ecea5f742dc3,60.16762,24.95415,000000006b44cce7,7.69
20673,2019-08-04T11:06:57Z,c2cc33e5b1b8d254d4bcbc0ffa13c9200676a39a191cc31a38d28d8d,60.17065,24.93641,000000000f4919c9,31.5
20674,2019-08-04T11:06:57Z,c2e135ad2c160277e290705658ac41d7cd35b11ebf61d829fdd0b428,60.14699,24.922,00000000a53ed894,18.79
20675,2019-08-04T11:06:57Z,c45e3c4e8ec0fc85457d3b4ed4c49ed0116b4cf447e2983f353abcd8,60.16829,24.94214,00000000afef4555,11.7
20676,2019-08-04T11:06:57Z,c4c3ad738ca47920bb66939f620126c87f730c644813158554916827,60.16762,24.95415,000000006b44cce7,12.69
20677,2019-08-04T11:06:57Z,c5561c3256acd3ed1ac0796b958cdf66cc9da55aa33c5e44a11042ad,60.16762,24.95415,000000006b44cce7,13.75
20678,2019-08-04T11:06:57Z,c55894159f2080031cda702c78ee54463c3c15ab1b3638afdf687f08,60.16531,24.9442,00000000fdda10fe,5.41
20679,2019-08-04T11:06:57Z,c5ffe1809d0314e1f74db7cbb63e9a1b59f6fdda752b423ea74be3b0,60.16897,24.95222,00000000aa852af1,31.5
20680,2019-08-04T11:06:57Z,c6b0ea433c3fdc73e0bac7e3faa2690506c4e8ec7fc54210446a7ffa,60.14947,24.91438,000000004ef3150d,12.69
20681,2019-08-04T11:06:57Z,c7ced11121537f55bcd7d7ab67312226dafe7c85320c5357a35d5ab7,60.17002,24.94407,000000006b087f40,18.79
20682,2019-08-04T11:06:57Z,c8f8a7a901c692af2aec8031d27f0b7efc946f113895771f87fefe1c,60.14947,24.91438,000000004ef3150d,25.36
20683,2019-08-04T11:06:57Z,ca9ba013f86583100bfa841287733d9985b9d5e28a116525c40a4b40,60.16762,24.95415,000000006b44cce7,9.12
20684,2019-08-04T11:06:57Z,cc696789aed7ee6ea1dff48eae7da441c3a3ccb4f18ab60ba702c91f,60.16762,24.95415,000000006b44cce7,11.7
20685,2019-08-04T11:06:57Z,cd7d0e9404c9f4e8fab0742460b9acb4d5bbb97f44df80d4a8b973cd,60.17002,24.94407,000000006b087f40,5.41
20686,2019-08-04T11:06:57Z,cddbfc3b0a1459f0ea8d553779cf320d512cac6e64976182f2f0b3b7,60.16829,24.94214,00000000afef4555,16.1
20687,2019-08-04T11:06:57Z,d04b5065ec93818b731141027d11e6a1cf53de69b9737d7aea0c34da,60.14947,24.91438,000000004ef3150d,9.92
20688,2019-08-04T11:06:57Z,d162ad46250f7d87af446db22df4aa6b2eb2bf22f83beca34e857743,60.16762,24.95415,000000006b44cce7,9.12
20689,2019-08-04T11:06:57Z,d1b77fcfad94da8564d1a85ed1797255531e5ab26cc835800878fb26,60.17065,24.93641,000000000f4919c9,8.38
20690,2019-08-04T11:06:57Z,d20f68571773330f7b6490b006b2e952c9912b4ee05e20f0fc434698,60.16629,24.95957,00000000fb7600be,25.36
20691,2019-08-04T11:06:57Z,d293249d86121f55f495956ffbcc8e48615ab82da7750025bc758280,60.18203,24.91341,00000000342570c2,16.1
20692,2019-08-04T11:06:57Z,d3bad9334d128332fc483e10ef1b77c28e5a75ac55be4de71c6b2f9f,60.16829,24.94214,00000000afef4555,11.7
20693,2019-08-04T11:06:57Z,d4c9ea46d58288bf42808788e668072465d91dd3c874a8a51de5794e,60.16897,24.95222,00000000aa852af1,18.79
20694,2019-08-04T11:06:57Z,d6a8c97f1ec18c7a90d3beae358bad67f8d53626258a852e15b08c5d,60.14699,24.922,00000000a53ed894,23.56
20695,2019-08-04T11:06:57Z,d71a315bac918f9a18fcd820731e6d9eb54fb0d01c324ca088ef8858,60.149,24.9843,00000000fffb8cf0,25.36
20696,2019-08-04T11:06:57Z,d7b3daaab1b36d8d95f7672a0339b99b2a16483fc1c71c5177aeb948,60.16829,24.94214,00000000afef4555,23.56
20697,2019-08-04T11:06:57Z,d7b6b8f9e61c0c1181850b8880f319ea2ef58d8a3adac78d63c0d11c,60.16829,24.94214,00000000afef4555,16.1
20698,2019-08-04T11:06:57Z,d80fa72ee0b9d5070932538102177f58730b2ae486029c5ffe9fc76d,60.1538,24.95595,0000000038bf9618,18.79
20699,2019-08-04T11:06:57Z,d82f37918d46bea29e113c6b57b901b1b960ed3337bdcce777aea476,60.17065,24.93641,000000000f4919c9,8.38
20700,2019-08-04T11:06:57Z,d83c1c2d3a3876c948e277bace6d013eafc0c4e118958e138f8b1257,60.16448,24.97323,0000000053c6c2be,33.81
20701,2019-08-04T11:06:57Z,d86f155736e4d36de5d33bdbb3b12b717b75de44852b93419af20945,60.16829,24.94214,00000000afef4555,12.69
20702,2019-08-04T11:06:57Z,d9fe99c157052fce3b37f5128399fac7b857e756ffa220d8bebe5467,60.16629,24.95957,00000000fb7600be,27.28
20703,2019-08-04T11:06:57Z,da2398acaae7f39c7b80c220d4e6917bdc7655f4c71b6e36d06cb859,60.18203,24.91341,00000000342570c2,17.4
20704,2019-08-04T11:06:57Z,dab7015659d0cd7c18f681d6089a503f9c418ae9b1dc9077084a6bcb,60.16762,24.95415,000000006b44cce7,10.78
20705,2019-08-04T11:06:57Z,db4d3f81708de827ce30c4130610fd65b4d6d451ca5cf6b0c4e745d9,60.16829,24.94214,00000000afef4555,20.28
20706,2019-08-04T11:06:57Z,dc816e92e4a2eceea03f41fc379fda0e3d57b5d0fbd9a06430432022,60.16762,24.95415,000000006b44cce7,5.41
20707,2019-08-04T11:06:57Z,dc82f9648bb5ba21e766e0923f5fa7ca2d77662ab0edbe22a3d95631,60.14699,24.922,00000000a53ed894,5.91
20708,2019-08-04T11:06:57Z,dcb8f3c3c5136c4abc8757fcb34fedc553ea044b0928f945d89334d5,60.16762,24.95415,000000006b44cce7,12.69
20709,2019-08-04T11:06:57Z,dd8e0699822b1a8a3f8a91fcb10729f6f7cd0a4736f36dc60974c36e,60.16762,24.95415,000000006b44cce7,9.12
20710,2019-08-04T11:06:57Z,ddd0e663eb31ac94858d2a4e9af5e4782781e88c92102042190e6fcf,60.14699,24.922,00000000a53ed894,16.1
20711,2019-08-04T11:06:57Z,de48adf9d49eb3bc1d61dea4047618f6c77086fc44bd2b535d56504d,60.16762,24.95415,000000006b44cce7,1.54
20712,2019-08-04T11:06:57Z,de71e27b55ef6f2f51f05838a2fcab596f1dd93a14ece5ce4548f5c7,60.14699,24.922,00000000a53ed894,9.92
20713,2019-08-04T11:06:57Z,e081e4b3252ca91bbf1cbb70faa116d60317fbf3a991a67bc99b4bfa,60.149,24.9843,00000000fffb8cf0,25.36
20714,2019-08-04T11:06:57Z,e0859a9c906151023376d86762070f38ba1b3859e671531b0edac6cd,60.16075,24.95883,00000000f1124bca,8.38
20715,2019-08-04T11:06:57Z,e092030747b57112ba6ccf5bdd565d76abb3607abf31a06d0d92660c,60.16762,24.95415,000000006b44cce7,2.08
20716,2019-08-04T11:06:57Z,e0d7e8b332ca8514428ab10acf6d3a6b777da62ff8ea3e18d9b32989,60.16762,24.95415,000000006b44cce7,11.7
20717,2019-08-04T11:06:57Z,e1da87aea335bcd04e4c876158b96ebc7ba4206bc216c3aa27a2f4af,60.17918,24.95141,00000000675d5200,10.78
20718,2019-08-04T11:06:57Z,e26862fdcdd4688d81b8fe05d1ac94c5f9b3192ddc50d4c66ad12cc1,60.16897,24.95222,00000000aa852af1,14.89
20719,2019-08-04T11:06:57Z,e29168791ccd18013b58845430388cc5aac537e7e1c618aeb78900a8,60.16897,24.95222,00000000aa852af1,10.78
20720,2019-08-04T11:06:57Z,e305610124e16ed1411a221b29ce69a076cc47982efd6c098b0599ab,60.14947,24.91438,000000004ef3150d,7.69
20721,2019-08-04T11:06:57Z,e3e3bac265ab2713063d7435bf5c7374dfc7dfc647fb677a030a1a49,60.18203,24.91341,00000000342570c2,23.56
20722,2019-08-04T11:06:57Z,e44d7228cecbdb2474e1cc396a6c13943f09c08c19d0ffab1997d509,60.17918,24.95141,00000000675d5200,21.87
20723,2019-08-04T11:06:57Z,e557e164cd52fd817b02cad6587a294d72b0974d9b014ad69ea5e08e,60.17918,24.95141,00000000675d5200,11.7
20724,2019-08-04T11:06:57Z,e5b9b4813c081a31fb498e7f9adb94918c267dfa125c63790c0d9488,60.149,24.9843,00000000fffb8cf0,9.12
20725,2019-08-04T11:06:57Z,e97ba22b59a38317629569b1436cdd3787ac8efdf4b47a48c7646e26,60.16762,24.95415,000000006b44cce7,18.79
20726,2019-08-04T11:06:57Z,e9d59e25b58f33f70aad6832863cb59d7485ca55a1575558f92b74e7,60.16897,24.95222,00000000aa852af1,16.1
20727,2019-08-04T11:06:57Z,ead2f467899b87bb3227752949a27b808fad94a55a6913fdfe14085d,60.16762,24.95415,000000006b44cce7,17.4
20728,2019-08-04T11:06:57Z,ec485175d2b7a2c53d03bf546aee134c116d998976601b069570c6f9,60.14699,24.922,00000000a53ed894,11.7
20729,2019-08-04T11:06:57Z,ecb1735f180422ec69f041cd2782a26c9f07d27a87893b3c30aaa9b7,60.16075,24.95883,00000000f1124bca,16.1
20730,2019-08-04T11:06:57Z,ecf13e9d610ad235409932d263110fd52c69d0f5f39e9ffd3ad8b740,60.16897,24.95222,00000000aa852af1,20.28
20731,2019-08-04T11:06:57Z,ee200a3ba703878e67370bbef4c8768feda628ad2e83512a927fec31,60.16897,24.95222,00000000aa852af1,31.5
20732,2019-08-04T11:06:57Z,eea43687eab35d2c386347881796eb1c8279076b9e9642ebc2cd06ac,60.16762,24.95415,000000006b44cce7,1.88
20733,2019-08-04T11:06:57Z,ef15ff71b7dc4c2088249a4fca7e28900ae315245a7a3b4d571bf582,60.16829,24.94214,00000000afef4555,7.69
20734,2019-08-04T11:06:57Z,ef33ccdfcdb12920eabb3306e0f86dc7e6060a5d3864b03e2de7e1ef,60.16897,24.95222,00000000aa852af1,9.12
20735,2019-08-04T11:06:57Z,ef45fdc095ee55730384922266d8fce61de212d3c3df2441ea10e524,60.14947,24.91438,000000004ef3150d,9.92
20736,2019-08-04T11:06:57Z,ef5e495c5f9d3dd9eb22ed5b8faf1cc9e4225d4785ebb26a87d16fff,60.14699,24.922,00000000a53ed894,11.7
20737,2019-08-04T11:06:57Z,f04251ace2b79d56bee25fce26175de1bea524d390dd5cdb6b2652a8,60.14699,24.922,00000000a53ed894,27.28
20738,2019-08-04T11:06:57Z,f110acae92fec55c6caca5de864773a6b99e5b8d6e2fdf8d1bdbc759,60.16762,24.95415,000000006b44cce7,10.78
20739,2019-08-04T11:06:57Z,f11c02cbebb4049a29f10d2ee6aac8a9ca3b7b9609a39d69463461a1,60.17065,24.93641,000000000f4919c9,25.36
20740,2019-08-04T11:06:57Z,f196f5f8c08299d290b3bac1944e00bb1f2c90594db66438b0c10e6e,60.16629,24.95957,00000000fb7600be,12.69
20741,2019-08-04T11:06:57Z,f2467c8ede6444941158701b7bd9d005beec9ffdb355ce2d8c7a9bfd,60.149,24.9843,00000000fffb8cf0,20.28
20742,2019-08-04T11:06:57Z,f4b9fc6acb673aea24fe00dfbe806b81fedab0c2ea82d781f7659ce5,60.16762,24.95415,000000006b44cce7,7.05
20743,2019-08-04T11:06:57Z,f616fbd0fde8316049c3068ae4368dc9f486f8da4bf5516e9ba82578,60.16897,24.95222,00000000aa852af1,10.78
20744,2019-08-04T11:06:57Z,f62b86ef56fa9417b0128f2fff6530aed6f2a50d3f65bbbfdcbbee59,60.16762,24.95415,000000006b44cce7,7.69
20745,2019-08-04T11:06:57Z,f78ef2ddbe48b534137498eab56c0a55ec0e0b1d8868e82cb5652a0e,60.14699,24.922,00000000a53ed894,9.92
20746,2019-08-04T11:06:57Z,f7be7d003528c0c0827040a3a3723e49406a5a7c86cb4bc568a830db,60.17002,24.94407,000000006b087f40,23.56
20747,2019-08-04T11:06:57Z,f9f42c3132515705c0013fb8e137897c93844d24acc22cb4ac9384a0,60.149,24.9843,00000000fffb8cf0,17.4
20748,2019-08-04T11:06:57Z,fa1579394f4980e1fe11248f7be4e646b601a3d8cdb9361f182d066c,60.16762,24.95415,000000006b44cce7,17.4
20749,2019-08-04T11:06:57Z,fa15a46a5326515aa1a4b43762ef2018a2be3ac983c811558c1fe104,60.16762,24.95415,000000006b44cce7,4.11
20750,2019-08-04T11:06:57Z,faee9c7cf21aa61809c94dd68268377841712fc4e488b094972b6a38,60.1538,24.95595,0000000038bf9618,29.32
20751,2019-08-04T11:06:57Z,fbd28054e4a5478c8ca06f4d682405d1c59bef4853cad413ecb58d13,60.14699,24.922,00000000a53ed894,12.69
20752,2019-08-04T11:06:57Z,fda481107ccd1ee84269967e42cbd312252a4216e9c7af4822669a69,60.16829,24.94214,00000000afef4555,27.28
20753,2019-08-04T11:06:57Z,fdf5c0dab003c974e22f3746bfb7fa399e10ca82fcec35ba6dcd6065,60.18203,24.91341,00000000342570c2,9.92
20754,2019-08-04T11:06:58Z,048a4191e2e9ce1733556eda54c4123345c70aeced0f8ecf7d52b916,60.14699,24.922,00000000a53ed894,16.1
20755,2019-08-04T11:06:58Z,09ddbf38333e76a79fd836112bd8c3f8bf7f3dadfb3d49945ad4c486,60.16897,24.95222,00000000aa852af1,3.74
20756,2019-08-04T11:06:58Z,128f1b89d7a534aa206a7823b692594bbd4d349761baa04c0fc72f2c,60.14947,24.91438,000000004ef3150d,21.87
20757,2019-08-04T11:06:58Z,14c7e1511b70f4dd3359cbece1377aebb4d70531f5489eefe53d7c3c,60.16544,24.95398,0000000038d83d41,25.36
20758,2019-08-04T11:06:58Z,165ebbb4090d47319ae370f0d0854fdc1f6b79499f8b2e4d3c3533c0,60.16544,24.95398,0000000038d83d41,25.36
20759,2019-08-04T11:06:58Z,25a7ff811c3c06e426c7c2cbb0433d9a2a3399b23afecbd35584ab0f,60.18203,24.91341,00000000342570c2,20.28
20760,2019-08-04T11:06:58Z,269109af99b12861eeb19ab8698033d9c00895687da47af3f4310e9d,60.16762,24.95415,000000006b44cce7,4.11
20761,2019-08-04T11:06:58Z,32dd92b5a658392a4ec84eaf95152ee72258b6b0fb670b97882ac902,60.16829,24.94214,00000000afef4555,21.87
20762,2019-08-04T11:06:58Z,3b5cafe90982db26cf737b2e4cd4275276f6a031bca3b2a1f73023b2,60.14699,24.922,00000000a53ed894,13.75
20763,2019-08-04T11:06:58Z,43b676ed3aef4c2d8846694817e76117873be52e7f788e0cb366c1c4,60.16629,24.95957,00000000fb7600be,23.56
20764,2019-08-04T11:06:58Z,4656bad9b5e6dfc3977eca308fc1db3dbf8b0204b90d09b001da242e,60.1638,24.96846,00000000d747f075,20.28
20765,2019-08-04T11:06:58Z,5d65719c4cbf045f068d084b72302f447d5fd034413d97d13be00d0e,60.18203,24.91341,00000000342570c2,21.87
20766,2019-08-04T11:06:58Z,5eed115a984d490b02b602d73787aee8dc8c4e9365b77fbff3818a76,60.16629,24.95957,00000000fb7600be,27.28
20767,2019-08-04T11:06:58Z,69219e9efa41ae9e732653e9eaf08e1a34cb853a9dafe76ddeea4d04,60.16897,24.95222,00000000aa852af1,27.28
20768,2019-08-04T11:06:58Z,6a70e2fbced719333e21eff04fcb9cb36bae9a04d1a3d6ddd96f2c58,60.15432,24.9211,0000000019fb59c4,5.91
20769,2019-08-04T11:06:58Z,83f10cee6bbff11fc995429656e4418b38c0f92cda709564631f5c34,60.17002,24.94407,000000006b087f40,29.32
20770,2019-08-04T11:06:58Z,85ef35aecf2ff804be3d958b592705ec41c6df9c128c132c65bb283d,60.16897,24.95222,00000000aa852af1,29.32
20771,2019-08-04T11:06:58Z,87dfaad29a9276ddddb1fa021d3bc23ad14824c1af16f7d87e713689,60.14951,24.92138,0000000006dd41f6,9.12
20772,2019-08-04T11:06:58Z,88808fe92573e9cdf022cc15b9689b6b4b9429f60513c8897b0ba4c7,60.16897,24.95222,00000000aa852af1,18.79
20773,2019-08-04T11:06:58Z,8c75c3289c84fe4493e1e272a77b615fe1985880c5dc68a7c1a17b53,60.16762,24.95415,000000006b44cce7,13.75
20774,2019-08-04T11:06:58Z,92aae21a6e0dd2ff71fc591b64e878502bd4677b64ac413632e9f7c6,60.149,24.9843,00000000fffb8cf0,18.79
20775,2019-08-04T11:06:58Z,9843c6216661048343a0e49cf3d8aa2883cf77f452666a1c873a1052,60.16448,24.97323,0000000053c6c2be,31.5
20776,2019-08-04T11:06:58Z,9992834418850939882f3b334eee492eb98d4f9d6d6118f9ee108793,60.16762,24.95415,000000006b44cce7,3.4
20777,2019-08-04T11:06:58Z,9c8556ea519835172f09c20e7688066eeec8e7f74a0c6fa3df3d9c5f,60.16829,24.94214,00000000afef4555,21.87
20778,2019-08-04T11:06:58Z,a13e5d46f0a2d1c6b58878e1b198905e9b14e3a85b5e4adab88b4b87,60.16762,24.95415,000000006b44cce7,10.78
20779,2019-08-04T11:06:58Z,b5fd6b317890e5ab2d79e2cd1abe61626d45a753c7337d0d40728898,60.16762,24.95415,000000006b44cce7,10.78
20780,2019-08-04T11:06:58Z,b936e41d8712ae967f3ebb413fc44f060bb10613f95537757886ede2,60.16762,24.95415,000000006b44cce7,17.4
20781,2019-08-04T11:06:58Z,bca443064699e0ac05c40e587aef06d7fd580817e739133a501490bc,60.14699,24.922,00000000a53ed894,21.87
20782,2019-08-04T11:06:58Z,c0d98967e7575c7d0727764e04702297809bbfe2877f0afc62112028,60.1538,24.95595,0000000038bf9618,23.56
20783,2019-08-04T11:06:58Z,c40c37def6bf11a63a2556519a7c6233fd417cdeea2cf14f28e7c42c,60.16531,24.9442,00000000fdda10fe,21.87
20784,2019-08-04T11:06:58Z,c97eb4181394121907d47b908495f54e5ee5145ff790f7a1dc21b3cf,60.16897,24.95222,00000000aa852af1,14.89
20785,2019-08-04T11:06:58Z,ca6927628f5ddda20036865c9345ad93d476d62ade3b181de568eed6,60.16897,24.95222,00000000aa852af1,20.28
20786,2019-08-04T11:06:58Z,cd2c2ce2425879ac455c812073aa8025c7bac76df380e4793edab46d,60.16829,24.94214,00000000afef4555,14.89
20787,2019-08-04T11:06:58Z,cf05623e4d87ce0906c0b0b7dbf53aacc1228016cd27c341228b6e76,60.18203,24.91341,00000000342570c2,16.1
20788,2019-08-04T11:06:58Z,e224ae5ea47af2e3048f83b13a1f45dc135c0ca6be72547b01729086,60.1538,24.95595,0000000038bf9618,17.4
20789,2019-08-04T11:06:58Z,e8690c2d1711bc10f2d1251a3b5b1e770b98c66c384760400c604de1,60.16829,24.94214,00000000afef4555,23.56
20790,2019-08-04T11:06:58Z,f088630d7476dae7d4b7e2bb1f10575f2c89acb4b6e061f3d57c2b40,60.16531,24.9442,00000000fdda10fe,23.56
20791,2019-08-04T11:06:58Z,f31cfded6f566f9c032c80c52ea642407be312c5d42521ab7a8d3e2a,60.16897,24.95222,00000000aa852af1,21.87
20792,2019-08-04T11:06:58Z,fc4f3a44235f1cfc7b53f14ba2da599976a5a0a220d23b852688e485,60.17919,24.95181,000000007b5207b6,10.78
20793,2019-08-04T11:06:58Z,02a354db29cd5bc16976a9d933e03a41be350f9cc78098829a7dcfd4,60.14947,24.91438,000000004ef3150d,25.36
20794,2019-08-04T11:06:58Z,03204cdd97728dc59f21f215f75460ac8fe2fa56720a88e869c6f56d,60.16829,24.94214,00000000afef4555,10.78
20795,2019-08-04T11:06:58Z,03515f2dd8be9a829b8b55cec8dc0f87b3e51368f8f16e4c4014d547,60.16762,24.95415,000000006b44cce7,10.78
20796,2019-08-04T11:06:58Z,0495ba0a1c04e0262f37eaa32084a173acc00638a16e76bb922b97dd,60.16762,24.95415,000000006b44cce7,12.69
20797,2019-08-04T11:06:58Z,0656a0c0a353f164b57fbdd9e648d71fab429964d97ed07ab2c5dc30,60.18203,24.91341,00000000342570c2,16.1
20798,2019-08-04T11:06:58Z,07d9aa9fe10e58c26960ba10eb2f13607a7cea0226acaecbdcc52508,60.16762,24.95415,000000006b44cce7,9.12
20799,2019-08-04T11:06:58Z,08833115ba0f62666fee594662c171563759459bb5f65ffdfeaeaed1,60.18203,24.91341,00000000342570c2,18.79
20800,2019-08-04T11:06:58Z,08b10b51864dc039f0a07c997e66e7a263ee1cde5b0b88b2a1178c58,60.16829,24.94214,00000000afef4555,21.87
20801,2019-08-04T11:06:58Z,0b49dcea1b7eab22f4ebd0c7666ded5b59fe092b8bdd4aa9eda6326d,60.16762,24.95415,000000006b44cce7,3.4
20802,2019-08-04T11:06:58Z,0bdbd80bc510c9444c569b1494e3280ba81f5b59ab3d6211a74cbfac,60.1538,24.95595,0000000038bf9618,41.64
20803,2019-08-04T11:06:58Z,0c959027ce302054b09087cac97a83aa7e24fb9e4fa2710763f912cb,60.16829,24.94214,00000000afef4555,5.41
20804,2019-08-04T11:06:58Z,0d2490ed58c11eb4a754a30cc4bcb21c7243d322a2caf7cc360e4e8c,60.17065,24.93641,000000000f4919c9,11.7
20805,2019-08-04T11:06:58Z,0dc12f22306d5f6622fc786011f32f1961a5f94018be9c2236fb2e52,60.14699,24.922,00000000a53ed894,14.89
20806,2019-08-04T11:06:58Z,0e113c5ed3abcdfb31d27c3125f6cf01e3b96e4ed7eca1aaea855f77,60.14947,24.91438,000000004ef3150d,11.7
20807,2019-08-04T11:06:58Z,0eb421f0e6ac48b15f69552f992309f03f88124ceb89cc780db7624a,60.16544,24.95398,0000000038d83d41,29.32
20808,2019-08-04T11:06:58Z,0fd26c6e46f4d73b276223942e56c38bc9b8e4566239f8a77261657b,60.17002,24.94407,000000006b087f40,16.1
20809,2019-08-04T11:06:58Z,103e596ccbbe3422403a38786a0bee588f55208bb343963e67ba6ba0,60.149,24.9843,00000000fffb8cf0,12.69
20810,2019-08-04T11:06:58Z,1067b041807277ecf9cea5b55c265a37808239544e559e2cfdfcb3ce,60.16762,24.95415,000000006b44cce7,9.92
20811,2019-08-04T11:06:58Z,10ca87ada637a6524de98a11c8d3d3d3cfa8f7f5ea839b29c2b132a0,60.16762,24.95415,000000006b44cce7,7.69
20812,2019-08-04T11:06:58Z,1107822441d53ff89eb9cb0d022a37202aed47bd82dca4bc175d6837,60.16762,24.95415,000000006b44cce7,7.69
20813,2019-08-04T11:06:58Z,1127119e7794170983cf8596358f6c5e312948e7044e505b3ba6b75b,60.16897,24.95222,00000000aa852af1,23.56
20814,2019-08-04T11:06:58Z,1327ce24f157334f864f913637993c80380ce5f5c911e4b0d31c5eb7,60.149,24.9843,00000000fffb8cf0,3.74
20815,2019-08-04T11:06:58Z,13b0a8ca1414d7b2b0e8d5f80069a5d26c6f62a68b58eda25a4b85f4,60.16829,24.94214,00000000afef4555,7.69
20816,2019-08-04T11:06:58Z,1556d4a76070c26554efa12b4b9c53766a4cc394e8b74ee37f2fff65,60.17065,24.93641,000000000f4919c9,4.5
20817,2019-08-04T11:06:58Z,169c77f0d714e38eb1e798b14fa42ce3fefb0ec1d6f9e93a38a872f1,60.16762,24.95415,000000006b44cce7,4.94
20818,2019-08-04T11:06:58Z,17861db3c9efb479761315b23143cfdc5f694922946406d53fd5fc1d,60.17065,24.93641,000000000f4919c9,8.38
20819,2019-08-04T11:06:58Z,17b39c4376c28dc9e1c1221de9d5037abfea5d59d30cdd48208fc3a8,60.16762,24.95415,000000006b44cce7,11.7
20820,2019-08-04T11:06:58Z,182e58bd6c3c8d836225d454a878bc55d8ed5166564a22f8b635f6ff,60.14947,24.91438,000000004ef3150d,14.89
20821,2019-08-04T11:06:58Z,19db84758eba08a5f9bb56b0ff91d05286765c8e8dfa31bd0b2aaa1c,60.14947,24.91438,000000004ef3150d,7.69
20822,2019-08-04T11:06:58Z,1a9a0f74c353624c42c19c007e82c9c2547b7285d8353d0e375e3f05,60.14699,24.922,00000000a53ed894,8.38
20823,2019-08-04T11:06:58Z,1bff3cb3b9be59366fdf8adbbc677a4dfbf8e116bf330c3435bc63c2,60.16897,24.95222,00000000aa852af1,25.36
20824,2019-08-04T11:06:58Z,1c38009e9b89bd8b0d6744bf54ebae9a8ad2dc2868cdfc3f2e399509,60.16829,24.94214,00000000afef4555,12.69
20825,2019-08-04T11:06:58Z,1c8c3befa38b65f707dd4933a68e5e3c9e7c82592fd382779127416b,60.16897,24.95222,00000000aa852af1,31.5
20826,2019-08-04T11:06:58Z,1fa2c533bba37b249a0105001153733e67a559d40c22cab67f135f64,60.14947,24.91438,000000004ef3150d,7.69
20827,2019-08-04T11:06:58Z,212f6b4cd587b3c7aa7125b63c4d5480abf1fcdff67e3ab4e61fd1d2,60.1538,24.95595,0000000038bf9618,27.28
20828,2019-08-04T11:06:58Z,2136558e0a9a89ed5aa044485a8e31bff3b7e5acf38c645a06782afd,60.16448,24.97323,0000000053c6c2be,23.56
20829,2019-08-04T11:06:58Z,221dba1f7562b992e9c11d7d1331a44ac293bc301248736c8432deb2,60.16762,24.95415,000000006b44cce7,14.89
20830,2019-08-04T11:06:58Z,227b93698b29687beea48184f42aab63a21fa362af7251be32db2e15,60.16531,24.9442,00000000fdda10fe,2.54
20831,2019-08-04T11:06:58Z,23b4a8c7918ca417eab83481a710fd544e1fa8bf7073b5955c0155c8,60.14699,24.922,00000000a53ed894,8.38
20832,2019-08-04T11:06:58Z,23b7c1b09dfbcbf722a4c48303dd0435cf9885a516d5eebb6538844f,60.16762,24.95415,000000006b44cce7,9.12
20833,2019-08-04T11:06:58Z,2535cb5c89ec66044a005b03dd769ca8d0022164a816c06db0e49892,60.16762,24.95415,000000006b44cce7,10.78
20834,2019-08-04T11:06:58Z,2724e42551f43106ea58a8fcc6a43953baa1294cd65e17a90012f706,60.17065,24.93641,000000000f4919c9,2.08
20835,2019-08-04T11:06:58Z,28741c2e5e348fe81dec0518a21c0930c98a25b6fcece61a262d50de,60.14699,24.922,00000000a53ed894,12.69
20836,2019-08-04T11:06:58Z,28a8c91eedf86256382a085ddcaf523d407151baa947c38797259e95,60.16448,24.97323,0000000053c6c2be,20.28
20837,2019-08-04T11:06:58Z,296a0ffe230305a3d37818a0369b56c99dacdd5df5a161bf238e1084,60.16762,24.95415,000000006b44cce7,4.11
20838,2019-08-04T11:06:58Z,2977d3c4f181abb6662adf1d466a62167e2690a9c94dc53e5aa6a904,60.16762,24.95415,000000006b44cce7,11.7
20839,2019-08-04T11:06:58Z,29b5f09785ef76627c2a3f043e1182d11fbd3a465422544c7478aa1c,60.16897,24.95222,00000000aa852af1,7.69
20840,2019-08-04T11:06:58Z,29f5adc4d67413b7d368e8e94a41cf48339e3f5f0903f660170c4fe8,60.17918,24.95141,00000000675d5200,12.69
20841,2019-08-04T11:06:58Z,2a80aed2c40e7e70ca12152ac812abd79aa1d13efcec25a6d3395136,60.16762,24.95415,000000006b44cce7,5.41
20842,2019-08-04T11:06:58Z,2bade3cfae68c5f3e9df9c6f8327c0cbd36d37a09ade6c16bfb24289,60.16829,24.94214,00000000afef4555,13.75
20843,2019-08-04T11:06:58Z,2c85e4140ca0ba77c3598ceac05eb2c2342409ce8111c863fc58c606,60.16829,24.94214,00000000afef4555,23.56
20844,2019-08-04T11:06:58Z,2ccaeb30423977ff22b6afc29243b861b476a5f4ffafdf200d326d78,60.17002,24.94407,000000006b087f40,23.56
20845,2019-08-04T11:06:58Z,2d0349a4148a147b05e00cd46c137dd208ba2a8ce9327b493615f1a6,60.16829,24.94214,00000000afef4555,11.7
20846,2019-08-04T11:06:58Z,2de87ef94604fb63bec05eefb71b6cdd0b9807f8551159c2a35e7259,60.17065,24.93641,000000000f4919c9,5.91
20847,2019-08-04T11:06:58Z,2e6e6f89a7d75f0742d016de203c9acc8d6f6bdeb7b56bd12f482653,60.15432,24.9211,0000000019fb59c4,17.4
20848,2019-08-04T11:06:58Z,307479c4fa2d7c84c5a07ca5ee1e7bb4cd17c2e8a97cf8c94e34cac9,60.16629,24.95957,00000000fb7600be,29.32
20849,2019-08-04T11:06:58Z,30bee351808d5e8082ce012b57f5bc0efc80f8394491a182e0eeee32,60.17918,24.95141,00000000675d5200,16.1
20850,2019-08-04T11:06:58Z,32f77f5019e5fce30881c214487361e2e34b8c93277f6e546de72012,60.1638,24.96846,00000000d747f075,25.36
20851,2019-08-04T11:06:58Z,33db37c19ce37ce7cf95960707e67615f649024ce73352a1eced8a30,60.16762,24.95415,000000006b44cce7,16.1
20852,2019-08-04T11:06:58Z,3417d8a6b53687e70f126ebeb1d26a2ff6369dc9a551c3c35c5a04f9,60.17002,24.94407,000000006b087f40,20.28
20853,2019-08-04T11:06:58Z,34af2ce4d3ee9439df74a7fc60be0094b9c1da0e98ed2b15ce9b49d6,60.16897,24.95222,00000000aa852af1,25.36
20854,2019-08-04T11:06:58Z,34cf37df412ff36df19ebe47ecdd31e5a22355a1fa723a748ac901fd,60.16762,24.95415,000000006b44cce7,7.05
20855,2019-08-04T11:06:58Z,35e26a55ffcf023f80c64d570297932cbeabb750c9f72ba981e2f66e,60.16762,24.95415,000000006b44cce7,13.75
20856,2019-08-04T11:06:58Z,35f337dd3baf0bc08002ec007d609b685ac29bb2a8bcad6783532a6b,60.16829,24.94214,00000000afef4555,13.75
20857,2019-08-04T11:06:58Z,374083907dd8980893623726af5633afd59b519c885ad12ba5c674eb,60.17002,24.94407,000000006b087f40,7.69
20858,2019-08-04T11:06:58Z,38561a086c97342a24583c26b33205da50e3e973a8147fe016a4a9ff,60.16829,24.94214,00000000afef4555,18.79
20859,2019-08-04T11:06:58Z,386dea4944e0b83648b4b6faf510fd47b0e9e29a2bb9311fe8a80ee2,60.17918,24.95141,00000000675d5200,12.69
20860,2019-08-04T11:06:58Z,395134265ad60f36cbb21b92db8d3db4d07bd71836d174cbf1a09224,60.16829,24.94214,00000000afef4555,4.11
20861,2019-08-04T11:06:58Z,3991e38309311c3fd5aecdcf3290274a5742396d989a81387bf154ae,60.17002,24.94407,000000006b087f40,23.56
20862,2019-08-04T11:06:58Z,39e2f2a7b03cda9f877366363a3727edfefd16d2221e752dafc33634,60.17002,24.94407,000000006b087f40,23.56
20863,2019-08-04T11:06:58Z,3ac9d056b0f04f774b238a125eb996d46437f7a8c5f6ba6712e971cf,60.17918,24.95141,00000000675d5200,29.32
20864,2019-08-04T11:06:58Z,3ae1d5a2268ac1af52ba8b54fb28f81c00fa05884af8b8ca5e7e0e9a,60.16762,24.95415,000000006b44cce7,16.1
20865,2019-08-04T11:06:58Z,3b355c039877bd4883845f3fc6ad8dd6f41f170274042f1397585680,60.149,24.9843,00000000fffb8cf0,9.92
20866,2019-08-04T11:06:58Z,3b5030adc7c303403a6333a1a6d35474c2f21c1d20ece72180660423,60.14947,24.91438,000000004ef3150d,25.36
20867,2019-08-04T11:06:58Z,3e39914d2d4790389faaf8f01468ebb976647eb14147fe76f362c804,60.173,24.92524,0000000096918cfa,20.28
20868,2019-08-04T11:06:58Z,40d64df305477f26745a445a97098d36570a8e02616b93a3f562bb21,60.16629,24.95957,00000000fb7600be,23.56
20869,2019-08-04T11:06:58Z,411febba567281e3da6030aa21191fe5efdd090f54aec41ca291563a,60.16897,24.95222,00000000aa852af1,14.89
20870,2019-08-04T11:06:58Z,42d34a6c595760e51052178acc978bdb2b6348e0405f7b58c57f0915,60.16829,24.94214,00000000afef4555,20.28
20871,2019-08-04T11:06:58Z,439ff6b8ff9dc79d47e223164a87fc2d620f29bc7ea1bc7ea4c5cc58,60.16897,24.95222,00000000aa852af1,16.1
20872,2019-08-04T11:06:58Z,43d8c869f8bf0d7c3d876015bbc5de703fe705613be55538351ba02d,60.16897,24.95222,00000000aa852af1,4.94
20873,2019-08-04T11:06:58Z,448f6044c6c095d8c71341a0017dd6746f6e150f03af7c78b794308f,60.16762,24.95415,000000006b44cce7,7.05
20874,2019-08-04T11:06:58Z,4538bf4d0ca02f13fad76c46f7b34e72978c49b0cdfe4ea9fe151a50,60.16762,24.95415,000000006b44cce7,13.75
20875,2019-08-04T11:06:58Z,465eab28635efe98500085ceb161cf941d02272a0107fbbfb2203c29,60.16829,24.94214,00000000afef4555,10.78
20876,2019-08-04T11:06:58Z,46b576e18e757fc4ec008b41d3c28ec5415a2c2c2f143042e5413137,60.16762,24.95415,000000006b44cce7,9.92
20877,2019-08-04T11:06:58Z,46b81e0dd10fe05195c050bacd41d57feeca0e044b6b317ac22a8656,60.16762,24.95415,000000006b44cce7,6.46
20878,2019-08-04T11:06:58Z,47f787c639f2eed345eb5dca409ffcd989850399a1ab781500dd6e82,60.17918,24.95141,00000000675d5200,2.8
20879,2019-08-04T11:06:58Z,4833b1ea4f519407574f5a838d93a39de28c756c5f53de7ee273b577,60.14947,24.91438,000000004ef3150d,9.12
20880,2019-08-04T11:06:58Z,49084ae4b6419be9e7bb0c9b1420142e07d6ac3c17c07c26895461ed,60.16829,24.94214,00000000afef4555,18.79
20881,2019-08-04T11:06:58Z,4935f07cb3fed2c0574bac93dbe39eaf9189f5aca741c94a0e3b5a86,60.15432,24.9211,0000000019fb59c4,25.36
20882,2019-08-04T11:06:58Z,4954540aca30f8f56f918178fbd53ee48ddef7a231d425061f6b2f6f,60.18203,24.91341,00000000342570c2,11.7
20883,2019-08-04T11:06:58Z,49d6f6bd5878bfac30a67fe92d1501b5b09cab38ab2b35b661902f0d,60.14947,24.91438,000000004ef3150d,20.28
20884,2019-08-04T11:06:58Z,4a2286eca689d9c867cfa19d43b9b917d29769b66b9e0a968f6c3859,60.16897,24.95222,00000000aa852af1,16.1
20885,2019-08-04T11:06:58Z,4a54cbed9c373a4136f8851f3f5736eb2fadd5766d316eb5ebbdd231,60.17918,24.95141,00000000675d5200,10.78
20886,2019-08-04T11:06:58Z,4a912b6c106b63933a8c9cc39598823bcb2c94d4b1cc8a5d55cb3972,60.16829,24.94214,00000000afef4555,4.5
20887,2019-08-04T11:06:58Z,4adb5815c946e3d8de22bfbed48cdd41db6bc860004e1f98198f24d3,60.17002,24.94407,000000006b087f40,21.87
20888,2019-08-04T11:06:58Z,4b5b3e8f2b484bc08b196c265f65c70151bd69f6263318eb29125db2,60.16829,24.94214,00000000afef4555,7.05
20889,2019-08-04T11:06:58Z,4cf634fc84e128c3b9bce07a4b726d136e18f0eea4229fdbb48f6db1,60.16897,24.95222,00000000aa852af1,11.7
20890,2019-08-04T11:06:58Z,4d31b0561dbfc9ef5acbd44ba92acb4ca7bad86b948634f005173ece,60.14699,24.922,00000000a53ed894,9.12
20891,2019-08-04T11:06:58Z,50226a39439d2ed5533146619120156613d51e9e9536885ab84d2e8c,60.17002,24.94407,000000006b087f40,29.32
20892,2019-08-04T11:06:58Z,51dc3e37f2c849cad38b2a651abb7964e1dfc0e1e0a244c3a6ca8193,60.17002,24.94407,000000006b087f40,16.1
20893,2019-08-04T11:06:58Z,52daa31a2b3c1c07f78d96ebb4de3a965da5ef0a8035afbd0f7451fb,60.16531,24.9442,00000000fdda10fe,13.75
20894,2019-08-04T11:06:58Z,538f05c49f43aea0fda8bfcfd03d1ac2fc05b55d83fda538cd91e2a4,60.16762,24.95415,000000006b44cce7,9.92
20895,2019-08-04T11:06:58Z,542a405b620e6d166ecc5eadd979b3936d831cea3aa7b75316adb4ca,60.16897,24.95222,00000000aa852af1,21.87
20896,2019-08-04T11:06:58Z,54d53f276563f566e1cd61b100408412cf78b4fe9fcada830aa6e23b,60.14947,24.91438,000000004ef3150d,8.38
20897,2019-08-04T11:06:58Z,55db840c0ab0998cc666beac96e2ebbb86074ce40799e791e7e7f299,60.16829,24.94214,00000000afef4555,18.79
20898,2019-08-04T11:06:58Z,56101419005237b836e4ed14d91dfa6f9edc4c92b5fcb419943897bb,60.16762,24.95415,000000006b44cce7,9.92
20899,2019-08-04T11:06:58Z,56318cc7f3616fceec2564cbb1f6ca8b88ea861935a1ada93aafd7b0,60.16897,24.95222,00000000aa852af1,17.4
20900,2019-08-04T11:06:58Z,565a35900ed1794a9d566f6fc12f2710875a10eb7c8e6fa0ddd92626,60.14699,24.922,00000000a53ed894,4.5
20901,2019-08-04T11:06:58Z,571934189bf349efb6f596e76c21612cf9b82ed44913090169936048,60.17065,24.93641,000000000f4919c9,18.79
20902,2019-08-04T11:06:58Z,5a730ea19664020323272509e5443616ea3f1cecd7b295e294be4ba7,60.14947,24.91438,000000004ef3150d,29.32
20903,2019-08-04T11:06:58Z,5e3cbc5b7806b69899c0fcad70c8744c02e34bc7eb4408c9e8a92732,60.149,24.9843,00000000fffb8cf0,29.32
20904,2019-08-04T11:06:58Z,5f06b3646e6da155a86e1679f197df7b08fe5df6324e56bd5c4b5921,60.17065,24.93641,000000000f4919c9,18.79
20905,2019-08-04T11:06:58Z,5f5805a3ffd092506452c4d45ea8fc037ae23ea726f0b0809ca6ffde,60.16829,24.94214,00000000afef4555,20.28
20906,2019-08-04T11:06:58Z,5f5e69a9a356b5f370cd35ed4e3570d833bbbb086724d07e332f48b9,60.16829,24.94214,00000000afef4555,29.32
20907,2019-08-04T11:06:58Z,6138e6ab3e1e74425af8945a6fcc294c1469a0b9c448b780bcf9d2e2,60.14699,24.922,00000000a53ed894,13.75
20908,2019-08-04T11:06:58Z,61ea1a9b050636f67a318275d4bf2b4ca5062d0fd9d76c02998c9db5,60.16829,24.94214,00000000afef4555,27.28
20909,2019-08-04T11:06:58Z,62cac4a0e252305e1128942dc3ec48baaa514c6737c415f85abb3665,60.1538,24.95595,0000000038bf9618,21.87
20910,2019-08-04T11:06:58Z,62d86ee13e6ae7a5c41ffc2de746df72d4ef6e8d2b6a51ce1c68965f,60.16829,24.94214,00000000afef4555,17.4
20911,2019-08-04T11:06:58Z,62e27092b58abcaf80564c408d0d4a7b821abaee92dc2f02ccb11e61,60.16762,24.95415,000000006b44cce7,7.69
20912,2019-08-04T11:06:58Z,642854fedcb321ee00b4d97213dec89eceebdf9bf1641d8f90533887,60.16829,24.94214,00000000afef4555,41.64
20913,2019-08-04T11:06:58Z,66755836036c771e53ffd9d0dc09b8575231b53b80af22e868691a2a,60.14699,24.922,00000000a53ed894,14.89
20914,2019-08-04T11:06:58Z,697103160f0b3dc0ba38ccdd18203ae84ec35fc314322d1172c093b2,60.16829,24.94214,00000000afef4555,13.75
20915,2019-08-04T11:06:58Z,6978155fc96a2c464cb547d9fc8c5e60f39fbb9de35e49ab211c5efc,60.16897,24.95222,00000000aa852af1,27.28
20916,2019-08-04T11:06:58Z,69852d528034ea6fc746ed8942c32f1c90bc33a7a7317dfac3c9b1c1,60.14699,24.922,00000000a53ed894,2.8
20917,2019-08-04T11:06:58Z,69d8c906060e226ff0f0f7e78029575f2ee07ebec657a3b641419268,60.14699,24.922,00000000a53ed894,17.4
20918,2019-08-04T11:06:58Z,6c97da4ba9462e7fe786a472989dab23340d31809dd78d5617204da4,60.16829,24.94214,00000000afef4555,16.1
20919,2019-08-04T11:06:58Z,6e492dbc3f10157e7ff00826a839a97262ab36244ccc57b702a89999,60.16531,24.9442,00000000fdda10fe,7.69
20920,2019-08-04T11:06:58Z,6eeb71c74d753822f920829149d942cf52b726b0b83c5aa3e6cb132e,60.16762,24.95415,000000006b44cce7,3.4
20921,2019-08-04T11:06:58Z,6fe3f6ab1b2c39e28ff7099e891f9fab4be2f9708f8ecfd5bf80e8a5,60.17002,24.94407,000000006b087f40,27.28
20922,2019-08-04T11:06:58Z,70865ff0fd32dc9fc73f25e929a40535a717664003e66c14224a9d90,60.16762,24.95415,000000006b44cce7,10.78
20923,2019-08-04T11:06:58Z,70cc7b0a8e166380ca0fbc55a58d9a59c9de9f05a9f95ebb82482d5a,60.16629,24.95957,00000000fb7600be,31.5
20924,2019-08-04T11:06:58Z,70ffae2b8178e0915c5de7816f8dd8bcc3af745ee49df8ac4da4adba,60.17918,24.95141,00000000675d5200,18.79
20925,2019-08-04T11:06:58Z,714e80a1e3c0fee43e312f314b2faec47e582ee8dac47e4818dbc2f9,60.149,24.9843,00000000fffb8cf0,8.38
20926,2019-08-04T11:06:58Z,71516fc8349cfaf2b5c4ab80ade6078494d93d13e9953af15e5ced30,60.18203,24.91341,00000000342570c2,29.32
20927,2019-08-04T11:06:58Z,71c1367c7dea4dfa243172e02b9092c7a0810bef003216681759891e,60.16897,24.95222,00000000aa852af1,25.36
20928,2019-08-04T11:06:58Z,73257775caf47ed0b6087e34e505580151b27dd8f820943cd77bc3e1,60.16762,24.95415,000000006b44cce7,21.87
20929,2019-08-04T11:06:58Z,74c2ec2adc228e5b4979284d730fd2de698242f0f06d90f870b8cde6,60.16762,24.95415,000000006b44cce7,4.5
20930,2019-08-04T11:06:58Z,7552783317be1ef797980c3a9ee9c5967d4e7b32765f23c51ffda02d,60.16897,24.95222,00000000aa852af1,20.28
20931,2019-08-04T11:06:58Z,7778b1bf816954847791c0bf2bb15bc2de2ab4e44658262629a0b4a6,60.16762,24.95415,000000006b44cce7,14.89
20932,2019-08-04T11:06:58Z,795b33361c4adbe3fd61f8f680186862dfc479124c39e5da6579b065,60.16829,24.94214,00000000afef4555,20.28
20933,2019-08-04T11:06:58Z,79bde23c1a8980f93a65e14306f0d8ea89e164430d8b991e2bfee82e,60.16531,24.9442,00000000fdda10fe,16.1
20934,2019-08-04T11:06:58Z,79f6ceff0d0fc6687b4982c4d38a9ebb0a1056b6e0c448b1b9e79e8e,60.16897,24.95222,00000000aa852af1,17.4
20935,2019-08-04T11:06:58Z,7ddcdde2316659d0fa4b8597b86430e095ea0bc7f3564a9d05fc60f8,60.16897,24.95222,00000000aa852af1,10.78
20936,2019-08-04T11:06:58Z,7de4ba54f0d667a69cb0b6d625856bc6b040f51a42f91beae366a269,60.16762,24.95415,000000006b44cce7,3.09
20937,2019-08-04T11:06:58Z,7e9880612b626be1f70a0b9cd9309b4081df8dda1d9f0e8c531d75a7,60.16897,24.95222,00000000aa852af1,23.56
20938,2019-08-04T11:06:58Z,7eefc5581c616491b78192b28b519ba727dc884a87bc06b8df1ea4f2,60.14699,24.922,00000000a53ed894,7.05
20939,2019-08-04T11:06:58Z,7f033a8f7fd6c56054e17f98501aefd376de68a7f9b1a92b1d161d4f,60.16897,24.95222,00000000aa852af1,17.4
20940,2019-08-04T11:06:58Z,80ffa6235c9fd84bd35d46706c7d0c4126ee0e241a070c5ae5f30d14,60.16762,24.95415,000000006b44cce7,7.05
20941,2019-08-04T11:06:58Z,822590bd49bcf7ed4de4f8389586915c343b29c4283ff8b90d7c1d39,60.17065,24.93641,000000000f4919c9,17.4
20942,2019-08-04T11:06:58Z,82ac749474448abac333d00869cb8b508872f86293913d95eae26a05,60.15432,24.9211,0000000019fb59c4,13.75
20943,2019-08-04T11:06:58Z,82cddd3b9f58762d36efe78da4e2722ee587cfdb3fdbc58b52673082,60.16629,24.95957,00000000fb7600be,23.56
20944,2019-08-04T11:06:58Z,844b8ad6ebf530978d1139d527a681991f4d3eed6be5bc723f0b2192,60.16531,24.9442,00000000fdda10fe,1.12
20945,2019-08-04T11:06:58Z,85d20ac87260458dc786b8739f5b57449a8d1fdbf4679c8567f8cb4a,60.14699,24.922,00000000a53ed894,27.28
20946,2019-08-04T11:06:58Z,87f4cf4baea8c5dfe1bc7812cc969574058bd4d2dda215192bcfc53f,60.14699,24.922,00000000a53ed894,4.11
20947,2019-08-04T11:06:58Z,886032718e05487be8bd75bb14464814044c7edd7f9a2198304f6fb4,60.16629,24.95957,00000000fb7600be,18.79
20948,2019-08-04T11:06:58Z,8ab70baa822768852fe312b760df7dbcb1a0fec7f2ba601146b9928c,60.16629,24.95957,00000000fb7600be,20.28
20949,2019-08-04T11:06:58Z,8c4e4851db86ec4a3ce29a58be770eb29c38b9a983351bb67d781982,60.16897,24.95222,00000000aa852af1,9.92
20950,2019-08-04T11:06:58Z,8dae8c39d58b18df713713239222f2d512c9e912893f774a8db6a124,60.16629,24.95957,00000000fb7600be,27.28
20951,2019-08-04T11:06:58Z,8f998d0e47a5fb2e84c8dcffb4a33ca4adeaf8db93423df171988c1e,60.16629,24.95957,00000000fb7600be,29.32
20952,2019-08-04T11:06:58Z,90b12d2b9898702fd62b343512e0d53796ae38decdf704e203a0cc39,60.16829,24.94214,00000000afef4555,27.28
20953,2019-08-04T11:06:58Z,91602a694bc74a2874ba7f02a7bae062a3a77cd869b86a74800415b8,60.17918,24.95141,00000000675d5200,21.87
20954,2019-08-04T11:06:58Z,93272ad17155ea9499641eda7c5560691582116096278b82738ab21e,60.14699,24.922,00000000a53ed894,13.75
20955,2019-08-04T11:06:58Z,934bab75e2a2354910288b01c44fdfda4a87f92ac010109f641b3122,60.14699,24.922,00000000a53ed894,21.87
20956,2019-08-04T11:06:58Z,97490f522f1a0226c8f7e8ed7bca08dd71b63d80b46d38020127b868,60.14699,24.922,00000000a53ed894,6.46
20957,2019-08-04T11:06:58Z,9924ed20d6ddee438860f63a9fa1a2cefa7ccfa275d6da3a2008d84d,60.173,24.92524,0000000096918cfa,14.89
20958,2019-08-04T11:06:58Z,998ac46ad73c197bab1f36dca67d8bcaa3aca92249185a5e3715043f,60.17065,24.93641,000000000f4919c9,14.89
20959,2019-08-04T11:06:58Z,9a23dca42469f79bf4f5665caffb8d0dd8da182f6fb72f595309803b,60.149,24.9843,00000000fffb8cf0,27.28
20960,2019-08-04T11:06:58Z,9aa588cb6f425117e45726b6b9adb7ef86c8f7c8113b547dc61f068a,60.16897,24.95222,00000000aa852af1,8.38
20961,2019-08-04T11:06:58Z,9b17422199e594df512c6cda493d8fc5b5141741b2f804eb18016640,60.14699,24.922,00000000a53ed894,25.36
20962,2019-08-04T11:06:58Z,9b4b0705e58750d2bcbd71ad65d85677f7e77db5dfe69d1a70b5d31f,60.17918,24.95141,00000000675d5200,3.4
20963,2019-08-04T11:06:58Z,9bc91538b73e0220fcf5cd07290c07d56f6f48d3ba0ba6b6b0876da9,60.17065,24.93641,000000000f4919c9,18.79
20964,2019-08-04T11:06:58Z,9bef562c292174f1eb3933116effff74a8733a78e5c1df140de3fd6c,60.17919,24.95181,000000007b5207b6,7.69
20965,2019-08-04T11:06:58Z,9c0b1d2c4c67c07e547e810a94efeaaa1187ae82977e03748470281c,60.16897,24.95222,00000000aa852af1,21.87
20966,2019-08-04T11:06:58Z,9ced7d70503ba24882b6e283fa95ce42e02c1a3618adeb448558c50c,60.16897,24.95222,00000000aa852af1,16.1
20967,2019-08-04T11:06:58Z,9eb1e9bfdceb76ef852f89ebd82139602125f9731b791465e1c21f81,60.16829,24.94214,00000000afef4555,12.69
20968,2019-08-04T11:06:58Z,9f1920350685b4cb747c535ba3c3dc1cb29587668bd507ab96e5692f,60.16629,24.95957,00000000fb7600be,21.87
20969,2019-08-04T11:06:58Z,a066e2044b486819fe2185765f63ed87f8d10c502f26a01be1f1a758,60.149,24.9843,00000000fffb8cf0,21.87
20970,2019-08-04T11:06:58Z,a0ec1a8d581f94e640a6858a674699d2464ec065e6faea9d4ce2a13b,60.16762,24.95415,000000006b44cce7,9.92
20971,2019-08-04T11:06:58Z,a20a11944d9440f1f8e4ea6262408f673f2a8380c4e13dda1a073d8d,60.16897,24.95222,00000000aa852af1,17.4
20972,2019-08-04T11:06:58Z,a25b897b52089b243421b68349d3f15e60ce8249d11c889a4626bfc7,60.18203,24.91341,00000000342570c2,29.32
20973,2019-08-04T11:06:58Z,a30740fbf4b7e21f6fe2996e9325c90936de161cb2165e87cd96fd35,60.149,24.9843,00000000fffb8cf0,17.4
20974,2019-08-04T11:06:58Z,a3c1a4a58b9381c27b1d5076e0d8d72039afccfb0e58438a80247324,60.16762,24.95415,000000006b44cce7,4.5
20975,2019-08-04T11:06:58Z,a50e0bb8fd1ad4ad264c3246b210a0c6285faae591c1bd2c2c3458af,60.16829,24.94214,00000000afef4555,18.79
20976,2019-08-04T11:06:58Z,a51a9aab75637e56bef3effddc420dfcd95b8cbd85d95917aaac38d5,60.16762,24.95415,000000006b44cce7,9.92
20977,2019-08-04T11:06:58Z,a5835ce352a1e6d8fb6bdc410fae1076c756f7dac8e202465add9277,60.16762,24.95415,000000006b44cce7,11.7
20978,2019-08-04T11:06:58Z,a5d632ac8ffc19a626de034d3c9444fd262ee6edada285c816ea9266,60.16531,24.9442,00000000fdda10fe,7.05
20979,2019-08-04T11:06:58Z,a5f038c127ca4872294d7de2b08e334af618534637cc64bf42a6438d,60.17002,24.94407,000000006b087f40,25.36
20980,2019-08-04T11:06:58Z,a81c19fb85eebf853246cdc4d8e38245dfa5ba15c180eaa1bcc0378d,60.16829,24.94214,00000000afef4555,16.1
20981,2019-08-04T11:06:58Z,a98fc06dc605583814a2aa182295b88f81657ef2daeee7aaec792e7c,60.16762,24.95415,000000006b44cce7,13.75
20982,2019-08-04T11:06:58Z,aa4547c0b6b8be30776e08d524ceeacfbc9930ad720e11fa4cb20882,60.16531,24.9442,00000000fdda10fe,1.12
20983,2019-08-04T11:06:58Z,aa45859d6157e9e86470ec8b81957acc35bafb1b7f419d79357a38cf,60.16829,24.94214,00000000afef4555,14.89
20984,2019-08-04T11:06:58Z,ab1377ddf669bb806f8db586f4ce5ab9f0f4257dda61fe800d8509f5,60.17065,24.93641,000000000f4919c9,25.36
20985,2019-08-04T11:06:58Z,ab6e8769f50a15ea5e0d64f48aaa12886b7599a18cc0eb071a21ae5f,60.16762,24.95415,000000006b44cce7,9.12
20986,2019-08-04T11:06:58Z,ae3cda5066e455d4b1e58860e8fb7a35efad69b9964a676b476b0687,60.14947,24.91438,000000004ef3150d,5.91
20987,2019-08-04T11:06:58Z,b0d6202ccd1560eaf57c06931cb6466332e41068ad2963e515819015,60.17919,24.95181,000000007b5207b6,21.87
20988,2019-08-04T11:06:58Z,b2298fc6f63c02481610f9aef24f1a0c1711c255adc43c0fe135c1ca,60.14947,24.91438,000000004ef3150d,16.1
20989,2019-08-04T11:06:58Z,b26d0daac9f8fb84484cbd8ed668aeb6751e848b1c533a307d163360,60.16762,24.95415,000000006b44cce7,3.09
20990,2019-08-04T11:06:58Z,b2de3ff4c2052ba522931acab70e95e9790c6f7c856b36a7eacafc09,60.17002,24.94407,000000006b087f40,20.28
20991,2019-08-04T11:06:58Z,b4c8900041e9f8751755d3940ceac58419e6370cd81cdb90d7800de1,60.14699,24.922,00000000a53ed894,18.79
20992,2019-08-04T11:06:58Z,b50b3c2006581bccfeaa9ea964649350c7d5b8177baa29a37e628584,60.14947,24.91438,000000004ef3150d,12.69
20993,2019-08-04T11:06:58Z,b5cdbcdc30e0bf653ce353c867708b0067db5e394c8cbe848d978a77,60.14699,24.922,00000000a53ed894,11.7
20994,2019-08-04T11:06:58Z,b5f80d159e59c4558e49ea6fb68f6bc72ee9eb92bee60991bdf4e46f,60.16762,24.95415,000000006b44cce7,9.92
20995,2019-08-04T11:06:58Z,b81e65168ea3278486b1c954ab229bc2eda3fe07098e824f05cd0ac4,60.149,24.9843,00000000fffb8cf0,20.28
20996,2019-08-04T11:06:58Z,b8f5834e6b992cf5568ae3153fb4b07e97b7f6dd01250851134c1824,60.149,24.9843,00000000fffb8cf0,16.1
20997,2019-08-04T11:06:58Z,ba41edadb3a9722bc59efaca71897a33593d0f17301c4bf560fd23e1,60.16762,24.95415,000000006b44cce7,10.78
20998,2019-08-04T11:06:58Z,bbf7d8b9085ddcd3b94f55f93b52cb40a251c44f5df4099ba5b61471,60.16829,24.94214,00000000afef4555,7.05
20999,2019-08-04T11:06:58Z,bfd5c2630b36fde15de01ea74e598d035402cf1edb7c9230617927e0,60.16762,24.95415,000000006b44cce7,11.7
21000,2019-08-04T11:06:58Z,c012e9e2caf1002d24e53817bb1279becdfc4aa9dba085e93ddd88e9,60.17002,24.94407,000000006b087f40,25.36
21001,2019-08-04T11:06:58Z,c0a0ca3433586ed2ae0e448f2406fabac7292ac79d49562e0bd5cef8,60.16762,24.95415,000000006b44cce7,14.89
21002,2019-08-04T11:06:58Z,c17d750015a2259a1bba7471f2e4e0a1db4df53276be8c8463fd5f84,60.16829,24.94214,00000000afef4555,7.05
21003,2019-08-04T11:06:58Z,c1ca9629c5ebd58052fb4c627ab87542db3ca242430d22b727f46bce,60.16762,24.95415,000000006b44cce7,12.69
21004,2019-08-04T11:06:58Z,c239e27b985c23449b6aa84b78560b1b4e535975f3ba059d7987efe4,60.16762,24.95415,000000006b44cce7,10.78
21005,2019-08-04T11:06:58Z,c27fee8ae8d689338b043608280c83cfa6f3276d3837ecea5f742dc3,60.16762,24.95415,000000006b44cce7,4.94
21006,2019-08-04T11:06:58Z,c2cc33e5b1b8d254d4bcbc0ffa13c9200676a39a191cc31a38d28d8d,60.17065,24.93641,000000000f4919c9,25.36
21007,2019-08-04T11:06:58Z,c2e135ad2c160277e290705658ac41d7cd35b11ebf61d829fdd0b428,60.14699,24.922,00000000a53ed894,4.94
21008,2019-08-04T11:06:58Z,c45e3c4e8ec0fc85457d3b4ed4c49ed0116b4cf447e2983f353abcd8,60.16829,24.94214,00000000afef4555,18.79
21009,2019-08-04T11:06:58Z,c5561c3256acd3ed1ac0796b958cdf66cc9da55aa33c5e44a11042ad,60.16762,24.95415,000000006b44cce7,10.78
21010,2019-08-04T11:06:58Z,c55894159f2080031cda702c78ee54463c3c15ab1b3638afdf687f08,60.16531,24.9442,00000000fdda10fe,7.05
21011,2019-08-04T11:06:58Z,c6b0ea433c3fdc73e0bac7e3faa2690506c4e8ec7fc54210446a7ffa,60.14947,24.91438,000000004ef3150d,9.92
21012,2019-08-04T11:06:58Z,c7160ae9aa31ca4dba615425303b1e527f342ede653be387ee54389c,60.149,24.9843,00000000fffb8cf0,21.87
21013,2019-08-04T11:06:58Z,c7ced11121537f55bcd7d7ab67312226dafe7c85320c5357a35d5ab7,60.17002,24.94407,000000006b087f40,17.4
21014,2019-08-04T11:06:58Z,c8f8a7a901c692af2aec8031d27f0b7efc946f113895771f87fefe1c,60.14947,24.91438,000000004ef3150d,18.79
21015,2019-08-04T11:06:58Z,cb2f32be2e27fc44ead887ff7f76c0199bf68b2c6711e6880f4acd01,60.16762,24.95415,000000006b44cce7,2.8
21016,2019-08-04T11:06:58Z,cbdcd7a65da51c93831457440ca716ee46c278cd8597610e661946cc,60.16897,24.95222,00000000aa852af1,27.28
21017,2019-08-04T11:06:58Z,cd7d0e9404c9f4e8fab0742460b9acb4d5bbb97f44df80d4a8b973cd,60.17002,24.94407,000000006b087f40,4.94
21018,2019-08-04T11:06:58Z,d04b5065ec93818b731141027d11e6a1cf53de69b9737d7aea0c34da,60.14947,24.91438,000000004ef3150d,16.1
21019,2019-08-04T11:06:58Z,d162ad46250f7d87af446db22df4aa6b2eb2bf22f83beca34e857743,60.16762,24.95415,000000006b44cce7,11.7
21020,2019-08-04T11:06:58Z,d1b77fcfad94da8564d1a85ed1797255531e5ab26cc835800878fb26,60.17065,24.93641,000000000f4919c9,10.78
21021,2019-08-04T11:06:58Z,d20f68571773330f7b6490b006b2e952c9912b4ee05e20f0fc434698,60.16629,24.95957,00000000fb7600be,16.1
21022,2019-08-04T11:06:58Z,d293249d86121f55f495956ffbcc8e48615ab82da7750025bc758280,60.18203,24.91341,00000000342570c2,20.28
21023,2019-08-04T11:06:58Z,d2b816bfc9982b3f48d8baa389dc18ef7a57d3dcba72567b2865e2e2,60.16762,24.95415,000000006b44cce7,9.12
21024,2019-08-04T11:06:58Z,d2e3bf982b10b2079eaa464127a286409c5030b21ffe9a2ce08bbb9c,60.16762,24.95415,000000006b44cce7,16.1
21025,2019-08-04T11:06:58Z,d37a41bf1a3ceae0290b30db3e43e70824b59133c3a7776d78c97413,60.18203,24.91341,00000000342570c2,29.32
21026,2019-08-04T11:06:58Z,d3bad9334d128332fc483e10ef1b77c28e5a75ac55be4de71c6b2f9f,60.16829,24.94214,00000000afef4555,10.78
21027,2019-08-04T11:06:58Z,d6a8c97f1ec18c7a90d3beae358bad67f8d53626258a852e15b08c5d,60.14699,24.922,00000000a53ed894,20.28
21028,2019-08-04T11:06:58Z,d71a315bac918f9a18fcd820731e6d9eb54fb0d01c324ca088ef8858,60.149,24.9843,00000000fffb8cf0,17.4
21029,2019-08-04T11:06:58Z,d80fa72ee0b9d5070932538102177f58730b2ae486029c5ffe9fc76d,60.1538,24.95595,0000000038bf9618,16.1
21030,2019-08-04T11:06:58Z,d82f37918d46bea29e113c6b57b901b1b960ed3337bdcce777aea476,60.17065,24.93641,000000000f4919c9,9.12
21031,2019-08-04T11:06:58Z,d83c1c2d3a3876c948e277bace6d013eafc0c4e118958e138f8b1257,60.16448,24.97323,0000000053c6c2be,25.36
21032,2019-08-04T11:06:58Z,da2398acaae7f39c7b80c220d4e6917bdc7655f4c71b6e36d06cb859,60.18203,24.91341,00000000342570c2,16.1
21033,2019-08-04T11:06:58Z,db45583e1f7aaaf54e100214986dfc86aa755383e86d361639a5b19b,60.16762,24.95415,000000006b44cce7,14.89
21034,2019-08-04T11:06:58Z,db4d3f81708de827ce30c4130610fd65b4d6d451ca5cf6b0c4e745d9,60.16829,24.94214,00000000afef4555,21.87
21035,2019-08-04T11:06:58Z,dc534c1cb5eb7f34b6b57bd93c8d9acb2685ba264563f6f388d09923,60.16762,24.95415,000000006b44cce7,7.05
21036,2019-08-04T11:06:58Z,dc816e92e4a2eceea03f41fc379fda0e3d57b5d0fbd9a06430432022,60.16762,24.95415,000000006b44cce7,5.41
21037,2019-08-04T11:06:58Z,dc82f9648bb5ba21e766e0923f5fa7ca2d77662ab0edbe22a3d95631,60.14699,24.922,00000000a53ed894,4.11
21038,2019-08-04T11:06:58Z,ddd0e663eb31ac94858d2a4e9af5e4782781e88c92102042190e6fcf,60.14699,24.922,00000000a53ed894,14.89
21039,2019-08-04T11:06:58Z,de48adf9d49eb3bc1d61dea4047618f6c77086fc44bd2b535d56504d,60.16762,24.95415,000000006b44cce7,3.74
21040,2019-08-04T11:06:58Z,de71e27b55ef6f2f51f05838a2fcab596f1dd93a14ece5ce4548f5c7,60.14699,24.922,00000000a53ed894,6.46
21041,2019-08-04T11:06:58Z,e081e4b3252ca91bbf1cbb70faa116d60317fbf3a991a67bc99b4bfa,60.149,24.9843,00000000fffb8cf0,16.1
21042,2019-08-04T11:06:58Z,e0859a9c906151023376d86762070f38ba1b3859e671531b0edac6cd,60.16075,24.95883,00000000f1124bca,27.28
21043,2019-08-04T11:06:58Z,e092030747b57112ba6ccf5bdd565d76abb3607abf31a06d0d92660c,60.16762,24.95415,000000006b44cce7,3.74
21044,2019-08-04T11:06:58Z,e0d7e8b332ca8514428ab10acf6d3a6b777da62ff8ea3e18d9b32989,60.16762,24.95415,000000006b44cce7,12.69
21045,2019-08-04T11:06:58Z,e0f396cc2b1da411f0b5e36bf3102ea32378a0d38e6b153d3b303bb4,60.16762,24.95415,000000006b44cce7,7.69
21046,2019-08-04T11:06:58Z,e26862fdcdd4688d81b8fe05d1ac94c5f9b3192ddc50d4c66ad12cc1,60.16897,24.95222,00000000aa852af1,14.89
21047,2019-08-04T11:06:58Z,e29168791ccd18013b58845430388cc5aac537e7e1c618aeb78900a8,60.16897,24.95222,00000000aa852af1,14.89
21048,2019-08-04T11:06:58Z,e305610124e16ed1411a221b29ce69a076cc47982efd6c098b0599ab,60.14947,24.91438,000000004ef3150d,7.69
21049,2019-08-04T11:06:58Z,e32e078697e70d6e3cb4b156ada3a4756315227b125615d7b5c116a7,60.16762,24.95415,000000006b44cce7,16.1
21050,2019-08-04T11:06:58Z,e44d7228cecbdb2474e1cc396a6c13943f09c08c19d0ffab1997d509,60.17918,24.95141,00000000675d5200,18.79
21051,2019-08-04T11:06:58Z,e53a901aed874016e1cd1ed3e9b2891fca850986cb2fa04f5162cf52,60.16762,24.95415,000000006b44cce7,9.92
21052,2019-08-04T11:06:58Z,e557e164cd52fd817b02cad6587a294d72b0974d9b014ad69ea5e08e,60.17918,24.95141,00000000675d5200,6.46
21053,2019-08-04T11:06:58Z,e5928057da667903de0b6c1245e1f58273dd85d63d8af0f4eaa771de,60.16762,24.95415,000000006b44cce7,7.69
21054,2019-08-04T11:06:58Z,e5b9b4813c081a31fb498e7f9adb94918c267dfa125c63790c0d9488,60.149,24.9843,00000000fffb8cf0,8.38
21055,2019-08-04T11:06:58Z,e9d59e25b58f33f70aad6832863cb59d7485ca55a1575558f92b74e7,60.16897,24.95222,00000000aa852af1,7.69
21056,2019-08-04T11:06:58Z,ea156c99dd8945ef87da4c332787a6202e9eedc69f726cafae8d3258,60.1538,24.95595,0000000038bf9618,36.27
21057,2019-08-04T11:06:58Z,eb10ddb244dec4641f50a9b05b0e1cfdf4ac49e3dc3001cddb1e67c0,60.16762,24.95415,000000006b44cce7,10.78
21058,2019-08-04T11:06:58Z,eb261026c6f65b651ddf21bed629a1e164cfb500d0b78062704ec15c,60.16762,24.95415,000000006b44cce7,5.91
21059,2019-08-04T11:06:58Z,ec3d7e964cdc4b954880f25dd9480b583dc6c9e5520baf4ceb8fb424,60.16762,24.95415,000000006b44cce7,3.74
21060,2019-08-04T11:06:58Z,ec485175d2b7a2c53d03bf546aee134c116d998976601b069570c6f9,60.14699,24.922,00000000a53ed894,18.79
21061,2019-08-04T11:06:58Z,ecb1735f180422ec69f041cd2782a26c9f07d27a87893b3c30aaa9b7,60.16075,24.95883,00000000f1124bca,3.74
21062,2019-08-04T11:06:58Z,ecb5655da668bb183a5c270a96927649c323975e318184d248247099,60.16829,24.94214,00000000afef4555,31.5
21063,2019-08-04T11:06:58Z,ee200a3ba703878e67370bbef4c8768feda628ad2e83512a927fec31,60.16897,24.95222,00000000aa852af1,23.56
21064,2019-08-04T11:06:58Z,eea43687eab35d2c386347881796eb1c8279076b9e9642ebc2cd06ac,60.16762,24.95415,000000006b44cce7,0.84
21065,2019-08-04T11:06:58Z,ef15ff71b7dc4c2088249a4fca7e28900ae315245a7a3b4d571bf582,60.16829,24.94214,00000000afef4555,5.41
21066,2019-08-04T11:06:58Z,ef33ccdfcdb12920eabb3306e0f86dc7e6060a5d3864b03e2de7e1ef,60.16897,24.95222,00000000aa852af1,9.92
21067,2019-08-04T11:06:58Z,ef45fdc095ee55730384922266d8fce61de212d3c3df2441ea10e524,60.14947,24.91438,000000004ef3150d,10.78
21068,2019-08-04T11:06:58Z,ef5e495c5f9d3dd9eb22ed5b8faf1cc9e4225d4785ebb26a87d16fff,60.14699,24.922,00000000a53ed894,11.7
21069,2019-08-04T11:06:58Z,f11c02cbebb4049a29f10d2ee6aac8a9ca3b7b9609a39d69463461a1,60.17065,24.93641,000000000f4919c9,17.4
21070,2019-08-04T11:06:58Z,f196f5f8c08299d290b3bac1944e00bb1f2c90594db66438b0c10e6e,60.16629,24.95957,00000000fb7600be,11.7
21071,2019-08-04T11:06:58Z,f1d44b9d3710849eba7eab0b6646053378aa5f8ee3491ec2522f3c44,60.14947,24.91438,000000004ef3150d,13.75
21072,2019-08-04T11:06:58Z,f2467c8ede6444941158701b7bd9d005beec9ffdb355ce2d8c7a9bfd,60.149,24.9843,00000000fffb8cf0,18.79
21073,2019-08-04T11:06:58Z,f5ffa3dbcdd5592ac31344cb04a7a6d639109a4d6e196fa0df3990dd,60.17065,24.93641,000000000f4919c9,21.87
21074,2019-08-04T11:06:58Z,f616fbd0fde8316049c3068ae4368dc9f486f8da4bf5516e9ba82578,60.16897,24.95222,00000000aa852af1,16.1
21075,2019-08-04T11:06:58Z,f62b86ef56fa9417b0128f2fff6530aed6f2a50d3f65bbbfdcbbee59,60.16762,24.95415,000000006b44cce7,4.5
21076,2019-08-04T11:06:58Z,f78ef2ddbe48b534137498eab56c0a55ec0e0b1d8868e82cb5652a0e,60.14699,24.922,00000000a53ed894,13.75
21077,2019-08-04T11:06:58Z,f7be7d003528c0c0827040a3a3723e49406a5a7c86cb4bc568a830db,60.17002,24.94407,000000006b087f40,27.28
21078,2019-08-04T11:06:58Z,f855918d61069661cbf8633b228a5fb9e5cd5ea7b2946bfc5b9fc315,60.16829,24.94214,00000000afef4555,9.92
21079,2019-08-04T11:06:58Z,fbd28054e4a5478c8ca06f4d682405d1c59bef4853cad413ecb58d13,60.14699,24.922,00000000a53ed894,16.1
21080,2019-08-04T11:06:59Z,004c3624f943830bc6a9f17173a2cd0996622cade5184ad2b9fba729,60.16897,24.95222,00000000aa852af1,4.94
21081,2019-08-04T11:06:59Z,048a4191e2e9ce1733556eda54c4123345c70aeced0f8ecf7d52b916,60.14699,24.922,00000000a53ed894,18.79
21082,2019-08-04T11:06:59Z,09ddbf38333e76a79fd836112bd8c3f8bf7f3dadfb3d49945ad4c486,60.16897,24.95222,00000000aa852af1,5.41
21083,2019-08-04T11:06:59Z,128f1b89d7a534aa206a7823b692594bbd4d349761baa04c0fc72f2c,60.14947,24.91438,000000004ef3150d,8.38
21084,2019-08-04T11:06:59Z,14c7e1511b70f4dd3359cbece1377aebb4d70531f5489eefe53d7c3c,60.16544,24.95398,0000000038d83d41,25.36
21085,2019-08-04T11:06:59Z,1bba37ee9376f8052f3606bb777546c2c4d1e84dad7afd93d4cffa45,60.16762,24.95415,000000006b44cce7,13.75
21086,2019-08-04T11:06:59Z,25a7ff811c3c06e426c7c2cbb0433d9a2a3399b23afecbd35584ab0f,60.18203,24.91341,00000000342570c2,12.69
21087,2019-08-04T11:06:59Z,434e74155ec054f1bb6122a7ec736a48a27c6f4111995c3f2bb03897,60.17065,24.93641,000000000f4919c9,17.4
21088,2019-08-04T11:06:59Z,43b676ed3aef4c2d8846694817e76117873be52e7f788e0cb366c1c4,60.16629,24.95957,00000000fb7600be,25.36
21089,2019-08-04T11:06:59Z,5d65719c4cbf045f068d084b72302f447d5fd034413d97d13be00d0e,60.18203,24.91341,00000000342570c2,18.79
21090,2019-08-04T11:06:59Z,5eed115a984d490b02b602d73787aee8dc8c4e9365b77fbff3818a76,60.16629,24.95957,00000000fb7600be,18.79
21091,2019-08-04T11:06:59Z,69219e9efa41ae9e732653e9eaf08e1a34cb853a9dafe76ddeea4d04,60.16897,24.95222,00000000aa852af1,18.79
21092,2019-08-04T11:06:59Z,6a70e2fbced719333e21eff04fcb9cb36bae9a04d1a3d6ddd96f2c58,60.15432,24.9211,0000000019fb59c4,4.94
21093,2019-08-04T11:06:59Z,87dfaad29a9276ddddb1fa021d3bc23ad14824c1af16f7d87e713689,60.14951,24.92138,0000000006dd41f6,18.79
21094,2019-08-04T11:06:59Z,88808fe92573e9cdf022cc15b9689b6b4b9429f60513c8897b0ba4c7,60.16897,24.95222,00000000aa852af1,18.79
21095,2019-08-04T11:06:59Z,92aae21a6e0dd2ff71fc591b64e878502bd4677b64ac413632e9f7c6,60.149,24.9843,00000000fffb8cf0,16.1
21096,2019-08-04T11:06:59Z,9843c6216661048343a0e49cf3d8aa2883cf77f452666a1c873a1052,60.16448,24.97323,0000000053c6c2be,16.1
21097,2019-08-04T11:06:59Z,9c8556ea519835172f09c20e7688066eeec8e7f74a0c6fa3df3d9c5f,60.16829,24.94214,00000000afef4555,20.28
21098,2019-08-04T11:06:59Z,a13e5d46f0a2d1c6b58878e1b198905e9b14e3a85b5e4adab88b4b87,60.16762,24.95415,000000006b44cce7,9.92
21099,2019-08-04T11:06:59Z,a91d379a4b57c5df22db0d7a041ff69f657b4b31f28554b1011fc03c,60.16544,24.95398,0000000038d83d41,31.5
21100,2019-08-04T11:06:59Z,b5fd6b317890e5ab2d79e2cd1abe61626d45a753c7337d0d40728898,60.16762,24.95415,000000006b44cce7,13.75
21101,2019-08-04T11:06:59Z,b936e41d8712ae967f3ebb413fc44f060bb10613f95537757886ede2,60.16762,24.95415,000000006b44cce7,8.38
21102,2019-08-04T11:06:59Z,bca443064699e0ac05c40e587aef06d7fd580817e739133a501490bc,60.14699,24.922,00000000a53ed894,21.87
21103,2019-08-04T11:06:59Z,bedde70080278440cf33f510482f5dbd45ad8321fdcb248b929437f7,60.16762,24.95415,000000006b44cce7,8.38
21104,2019-08-04T11:06:59Z,bfcaefe93f7fcb6aad6e62e3da473a7b5b03a62db532dad02a7d3559,60.16762,24.95415,000000006b44cce7,14.89
21105,2019-08-04T11:06:59Z,c0d98967e7575c7d0727764e04702297809bbfe2877f0afc62112028,60.1538,24.95595,0000000038bf9618,21.87
21106,2019-08-04T11:06:59Z,c54f2dd0590c650ad3e52a68193db3173db5e74f90f69faa1e2d6bb0,60.16762,24.95415,000000006b44cce7,7.69
21107,2019-08-04T11:06:59Z,ca6927628f5ddda20036865c9345ad93d476d62ade3b181de568eed6,60.16897,24.95222,00000000aa852af1,21.87
21108,2019-08-04T11:06:59Z,cd2c2ce2425879ac455c812073aa8025c7bac76df380e4793edab46d,60.16829,24.94214,00000000afef4555,23.56
21109,2019-08-04T11:06:59Z,cf05623e4d87ce0906c0b0b7dbf53aacc1228016cd27c341228b6e76,60.18203,24.91341,00000000342570c2,17.4
21110,2019-08-04T11:06:59Z,cfc0bedb78ded52749db3188cb188bf6a250ef5990da9c5afa9623fc,60.14951,24.92138,0000000006dd41f6,27.28
21111,2019-08-04T11:06:59Z,dbeb00942457ba3c5fb1984b57b1dedb268c0e761e80729b939f1fd8,60.16544,24.95398,0000000038d83d41,27.28
21112,2019-08-04T11:06:59Z,e224ae5ea47af2e3048f83b13a1f45dc135c0ca6be72547b01729086,60.1538,24.95595,0000000038bf9618,21.87
21113,2019-08-04T11:06:59Z,e8690c2d1711bc10f2d1251a3b5b1e770b98c66c384760400c604de1,60.16829,24.94214,00000000afef4555,20.28
21114,2019-08-04T11:06:59Z,e8e366e76c97944e23c0f80b4fd3ce6e5832744922297146a49f0c7e,60.16762,24.95415,000000006b44cce7,10.78
21115,2019-08-04T11:06:59Z,e96bd269a48b822b06141c3362fcb6d5ed4d0d09a120f2e4a712d5c2,60.16897,24.95222,00000000aa852af1,29.32
21116,2019-08-04T11:06:59Z,ed70dda6b7faebd4340dacdb452ab224d9d3c308df417b7fa76f54e8,60.14951,24.92138,0000000006dd41f6,23.56
21117,2019-08-04T11:06:59Z,f088630d7476dae7d4b7e2bb1f10575f2c89acb4b6e061f3d57c2b40,60.16531,24.9442,00000000fdda10fe,21.87
21118,2019-08-04T11:06:59Z,f30a5193aa7850aac581b8dd71512a8712c96f36fdef78d8292d4788,60.16762,24.95415,000000006b44cce7,4.11
21119,2019-08-04T11:06:59Z,fc4f3a44235f1cfc7b53f14ba2da599976a5a0a220d23b852688e485,60.17919,24.95181,000000007b5207b6,5.91
21120,2019-08-04T11:06:59Z,00df07521690a1fb6e56d9506781a9888bb54e5230f6de1be64ba13f,60.14951,24.92138,0000000006dd41f6,25.36
21121,2019-08-04T11:06:59Z,02a354db29cd5bc16976a9d933e03a41be350f9cc78098829a7dcfd4,60.14947,24.91438,000000004ef3150d,17.4
21122,2019-08-04T11:06:59Z,03204cdd97728dc59f21f215f75460ac8fe2fa56720a88e869c6f56d,60.16829,24.94214,00000000afef4555,10.78
21123,2019-08-04T11:06:59Z,0495ba0a1c04e0262f37eaa32084a173acc00638a16e76bb922b97dd,60.16762,24.95415,000000006b44cce7,8.38
21124,2019-08-04T11:06:59Z,0625280cf414aa015aa8b4d504d6fc74879a1144b913e254fec5db9d,60.16762,24.95415,000000006b44cce7,7.69
21125,2019-08-04T11:06:59Z,0656a0c0a353f164b57fbdd9e648d71fab429964d97ed07ab2c5dc30,60.18203,24.91341,00000000342570c2,18.79
21126,2019-08-04T11:06:59Z,07505f028a552fd4183a9d7a436db18ae89a2dfeff0cdea93dcbe920,60.16762,24.95415,000000006b44cce7,11.7
21127,2019-08-04T11:06:59Z,07d9aa9fe10e58c26960ba10eb2f13607a7cea0226acaecbdcc52508,60.16762,24.95415,000000006b44cce7,9.92
21128,2019-08-04T11:06:59Z,08833115ba0f62666fee594662c171563759459bb5f65ffdfeaeaed1,60.18203,24.91341,00000000342570c2,14.89
21129,2019-08-04T11:06:59Z,08b10b51864dc039f0a07c997e66e7a263ee1cde5b0b88b2a1178c58,60.16829,24.94214,00000000afef4555,7.05
21130,2019-08-04T11:06:59Z,0b49dcea1b7eab22f4ebd0c7666ded5b59fe092b8bdd4aa9eda6326d,60.16762,24.95415,000000006b44cce7,4.11
21131,2019-08-04T11:06:59Z,0c959027ce302054b09087cac97a83aa7e24fb9e4fa2710763f912cb,60.16829,24.94214,00000000afef4555,4.94
21132,2019-08-04T11:06:59Z,0d2490ed58c11eb4a754a30cc4bcb21c7243d322a2caf7cc360e4e8c,60.17065,24.93641,000000000f4919c9,13.75
21133,2019-08-04T11:06:59Z,0e113c5ed3abcdfb31d27c3125f6cf01e3b96e4ed7eca1aaea855f77,60.14947,24.91438,000000004ef3150d,7.05
21134,2019-08-04T11:06:59Z,0e9170bc93107bf16cd12839eca9ea157f19169d66085e8a435b0f1d,60.16762,24.95415,000000006b44cce7,14.89
21135,2019-08-04T11:06:59Z,0fd26c6e46f4d73b276223942e56c38bc9b8e4566239f8a77261657b,60.17002,24.94407,000000006b087f40,25.36
21136,2019-08-04T11:06:59Z,103e596ccbbe3422403a38786a0bee588f55208bb343963e67ba6ba0,60.149,24.9843,00000000fffb8cf0,20.28
21137,2019-08-04T11:06:59Z,1067b041807277ecf9cea5b55c265a37808239544e559e2cfdfcb3ce,60.16762,24.95415,000000006b44cce7,13.75
21138,2019-08-04T11:06:59Z,10ca87ada637a6524de98a11c8d3d3d3cfa8f7f5ea839b29c2b132a0,60.16762,24.95415,000000006b44cce7,9.12
21139,2019-08-04T11:06:59Z,116e59da308964e8eb82cb6e5a758aad726ec3800f0fa17bc661e8fe,60.16762,24.95415,000000006b44cce7,10.78
21140,2019-08-04T11:06:59Z,1327ce24f157334f864f913637993c80380ce5f5c911e4b0d31c5eb7,60.149,24.9843,00000000fffb8cf0,5.91
21141,2019-08-04T11:06:59Z,13b0a8ca1414d7b2b0e8d5f80069a5d26c6f62a68b58eda25a4b85f4,60.16829,24.94214,00000000afef4555,5.91
21142,2019-08-04T11:06:59Z,14950bb35cae97d17dbb39fd05de471b20dceda78a1c517bec6b0cba,60.149,24.9843,00000000fffb8cf0,33.81
21143,2019-08-04T11:06:59Z,1556d4a76070c26554efa12b4b9c53766a4cc394e8b74ee37f2fff65,60.17065,24.93641,000000000f4919c9,4.5
21144,2019-08-04T11:06:59Z,17861db3c9efb479761315b23143cfdc5f694922946406d53fd5fc1d,60.17065,24.93641,000000000f4919c9,18.79
21145,2019-08-04T11:06:59Z,182e58bd6c3c8d836225d454a878bc55d8ed5166564a22f8b635f6ff,60.14947,24.91438,000000004ef3150d,7.69
21146,2019-08-04T11:06:59Z,1921be9815a57f11f291ca085add7b4bf1d044518b03b725df7cf7d5,60.149,24.9843,00000000fffb8cf0,4.5
21147,2019-08-04T11:06:59Z,19db84758eba08a5f9bb56b0ff91d05286765c8e8dfa31bd0b2aaa1c,60.14947,24.91438,000000004ef3150d,14.89
21148,2019-08-04T11:06:59Z,1a9a0f74c353624c42c19c007e82c9c2547b7285d8353d0e375e3f05,60.14699,24.922,00000000a53ed894,16.1
21149,2019-08-04T11:06:59Z,1c38009e9b89bd8b0d6744bf54ebae9a8ad2dc2868cdfc3f2e399509,60.16829,24.94214,00000000afef4555,13.75
21150,2019-08-04T11:06:59Z,1e3efbe25e19c47f81e4c501d1fd56cf506c3da4b57b10fc8c953dd5,60.16762,24.95415,000000006b44cce7,10.78
21151,2019-08-04T11:06:59Z,1f6e5095c2c365e120a526c9111895459bc08fb351b964a350cdb64f,60.16762,24.95415,000000006b44cce7,14.89
21152,2019-08-04T11:06:59Z,1fa2c533bba37b249a0105001153733e67a559d40c22cab67f135f64,60.14947,24.91438,000000004ef3150d,9.12
21153,2019-08-04T11:06:59Z,21348dd74711456a745e1e4baaadba4463cfaaaa24b2b271b16cb866,60.16531,24.9442,00000000fdda10fe,27.28
21154,2019-08-04T11:06:59Z,227b93698b29687beea48184f42aab63a21fa362af7251be32db2e15,60.16531,24.9442,00000000fdda10fe,2.3
21155,2019-08-04T11:06:59Z,23b4a8c7918ca417eab83481a710fd544e1fa8bf7073b5955c0155c8,60.14699,24.922,00000000a53ed894,12.69
21156,2019-08-04T11:06:59Z,23f10190151386d4050571cb299410bc0285ed980b0a00f088e01cf0,60.16762,24.95415,000000006b44cce7,8.38
21157,2019-08-04T11:06:59Z,2535cb5c89ec66044a005b03dd769ca8d0022164a816c06db0e49892,60.16762,24.95415,000000006b44cce7,16.1
21158,2019-08-04T11:06:59Z,26a4ff30aad95332c4b603e9e728a10486413889de9d2c4573524923,60.14699,24.922,00000000a53ed894,17.4
21159,2019-08-04T11:06:59Z,2724e42551f43106ea58a8fcc6a43953baa1294cd65e17a90012f706,60.17065,24.93641,000000000f4919c9,0.84
21160,2019-08-04T11:06:59Z,277125506ba4ea1afb2c696256b262e0708d43c30c769a1d4a382a76,60.16762,24.95415,000000006b44cce7,12.69
21161,2019-08-04T11:06:59Z,28741c2e5e348fe81dec0518a21c0930c98a25b6fcece61a262d50de,60.14699,24.922,00000000a53ed894,12.69
21162,2019-08-04T11:06:59Z,28a8c91eedf86256382a085ddcaf523d407151baa947c38797259e95,60.16448,24.97323,0000000053c6c2be,21.87
21163,2019-08-04T11:06:59Z,296a0ffe230305a3d37818a0369b56c99dacdd5df5a161bf238e1084,60.16762,24.95415,000000006b44cce7,3.09
21164,2019-08-04T11:06:59Z,29b5f09785ef76627c2a3f043e1182d11fbd3a465422544c7478aa1c,60.16897,24.95222,00000000aa852af1,12.69
21165,2019-08-04T11:06:59Z,29f5adc4d67413b7d368e8e94a41cf48339e3f5f0903f660170c4fe8,60.17918,24.95141,00000000675d5200,14.89
21166,2019-08-04T11:06:59Z,2a80aed2c40e7e70ca12152ac812abd79aa1d13efcec25a6d3395136,60.16762,24.95415,000000006b44cce7,4.5
21167,2019-08-04T11:06:59Z,2d0349a4148a147b05e00cd46c137dd208ba2a8ce9327b493615f1a6,60.16829,24.94214,00000000afef4555,9.12
21168,2019-08-04T11:06:59Z,2de87ef94604fb63bec05eefb71b6cdd0b9807f8551159c2a35e7259,60.17065,24.93641,000000000f4919c9,3.74
21169,2019-08-04T11:06:59Z,2e6e6f89a7d75f0742d016de203c9acc8d6f6bdeb7b56bd12f482653,60.15432,24.9211,0000000019fb59c4,14.89
21170,2019-08-04T11:06:59Z,30bee351808d5e8082ce012b57f5bc0efc80f8394491a182e0eeee32,60.17918,24.95141,00000000675d5200,17.4
21171,2019-08-04T11:06:59Z,32f77f5019e5fce30881c214487361e2e34b8c93277f6e546de72012,60.1638,24.96846,00000000d747f075,21.87
21172,2019-08-04T11:06:59Z,3313cdaba99416cd33bc61d5d61d8360a51ef3858c47f74e036a0bb9,60.173,24.92524,0000000096918cfa,21.87
21173,2019-08-04T11:06:59Z,331c59fb1e591f1ba19812529361aeee7a8f40a39bb2a258b31d3f5e,60.16829,24.94214,00000000afef4555,17.4
21174,2019-08-04T11:06:59Z,33db37c19ce37ce7cf95960707e67615f649024ce73352a1eced8a30,60.16762,24.95415,000000006b44cce7,17.4
21175,2019-08-04T11:06:59Z,34ebfbffd9a126421b335e852aa094b727786622ade7757b36f67b57,60.18203,24.91341,00000000342570c2,31.5
21176,2019-08-04T11:06:59Z,35f337dd3baf0bc08002ec007d609b685ac29bb2a8bcad6783532a6b,60.16829,24.94214,00000000afef4555,16.1
21177,2019-08-04T11:06:59Z,374083907dd8980893623726af5633afd59b519c885ad12ba5c674eb,60.17002,24.94407,000000006b087f40,7.05
21178,2019-08-04T11:06:59Z,386dea4944e0b83648b4b6faf510fd47b0e9e29a2bb9311fe8a80ee2,60.17918,24.95141,00000000675d5200,9.92
21179,2019-08-04T11:06:59Z,38fe4d3136f12b444ebe10b0db89d752ecc9527c799d1dbb1a3f12e1,60.1538,24.95595,0000000038bf9618,31.5
21180,2019-08-04T11:06:59Z,395134265ad60f36cbb21b92db8d3db4d07bd71836d174cbf1a09224,60.16829,24.94214,00000000afef4555,13.75
21181,2019-08-04T11:06:59Z,3ac9d056b0f04f774b238a125eb996d46437f7a8c5f6ba6712e971cf,60.17918,24.95141,00000000675d5200,10.78
21182,2019-08-04T11:06:59Z,3b355c039877bd4883845f3fc6ad8dd6f41f170274042f1397585680,60.149,24.9843,00000000fffb8cf0,17.4
21183,2019-08-04T11:06:59Z,3b4dda811f084f91b7dd61344c97aa6cac444a02d825183d53cca5d0,60.16762,24.95415,000000006b44cce7,13.75
21184,2019-08-04T11:06:59Z,3b5030adc7c303403a6333a1a6d35474c2f21c1d20ece72180660423,60.14947,24.91438,000000004ef3150d,25.36
21185,2019-08-04T11:06:59Z,3c7df7d16658abc47ed9e66342a99269fee33785ea550021877f84a4,60.18203,24.91341,00000000342570c2,21.87
21186,2019-08-04T11:06:59Z,3e39914d2d4790389faaf8f01468ebb976647eb14147fe76f362c804,60.173,24.92524,0000000096918cfa,20.28
21187,2019-08-04T11:06:59Z,3f5d3aed90718f7fb8e8a13ac7002718cc22cbe190beb96821ba52e6,60.17065,24.93641,000000000f4919c9,23.56
21188,2019-08-04T11:06:59Z,3f67c6713a6cca446a46616c9970c7a2ddffb03f21e10c8ea9b2f380,60.16897,24.95222,00000000aa852af1,21.87
21189,2019-08-04T11:06:59Z,42033344b6ffbe4da5fa02015642579c22a6cf20c0263c8f097b96d3,60.16762,24.95415,000000006b44cce7,14.89
21190,2019-08-04T11:06:59Z,42d34a6c595760e51052178acc978bdb2b6348e0405f7b58c57f0915,60.16829,24.94214,00000000afef4555,27.28
21191,2019-08-04T11:06:59Z,439ff6b8ff9dc79d47e223164a87fc2d620f29bc7ea1bc7ea4c5cc58,60.16897,24.95222,00000000aa852af1,20.28
21192,2019-08-04T11:06:59Z,43d8c869f8bf0d7c3d876015bbc5de703fe705613be55538351ba02d,60.16897,24.95222,00000000aa852af1,7.69
21193,2019-08-04T11:06:59Z,448f6044c6c095d8c71341a0017dd6746f6e150f03af7c78b794308f,60.16762,24.95415,000000006b44cce7,4.94
21194,2019-08-04T11:06:59Z,4538bf4d0ca02f13fad76c46f7b34e72978c49b0cdfe4ea9fe151a50,60.16762,24.95415,000000006b44cce7,6.46
21195,2019-08-04T11:06:59Z,4646c02709d442247dfddb58957eab9e033547ce02b4e7ea1ea2dab5,60.16829,24.94214,00000000afef4555,20.28
21196,2019-08-04T11:06:59Z,465eab28635efe98500085ceb161cf941d02272a0107fbbfb2203c29,60.16829,24.94214,00000000afef4555,23.56
21197,2019-08-04T11:06:59Z,47f787c639f2eed345eb5dca409ffcd989850399a1ab781500dd6e82,60.17918,24.95141,00000000675d5200,7.05
21198,2019-08-04T11:06:59Z,4800d49ec59e1cde34360defcce4c2a0c6a58919303c1fe6fdebceec,60.16762,24.95415,000000006b44cce7,11.7
21199,2019-08-04T11:06:59Z,4831311b6d19ecce7981d060fe0971ac961bdfa5a006de633cd38a95,60.16531,24.9442,00000000fdda10fe,38.87
21200,2019-08-04T11:06:59Z,4833b1ea4f519407574f5a838d93a39de28c756c5f53de7ee273b577,60.14947,24.91438,000000004ef3150d,7.69
21201,2019-08-04T11:06:59Z,49084ae4b6419be9e7bb0c9b1420142e07d6ac3c17c07c26895461ed,60.16829,24.94214,00000000afef4555,17.4
21202,2019-08-04T11:06:59Z,4954540aca30f8f56f918178fbd53ee48ddef7a231d425061f6b2f6f,60.18203,24.91341,00000000342570c2,12.69
21203,2019-08-04T11:06:59Z,49d6f6bd5878bfac30a67fe92d1501b5b09cab38ab2b35b661902f0d,60.14947,24.91438,000000004ef3150d,13.75
21204,2019-08-04T11:06:59Z,4a2286eca689d9c867cfa19d43b9b917d29769b66b9e0a968f6c3859,60.16897,24.95222,00000000aa852af1,16.1
21205,2019-08-04T11:06:59Z,4a54cbed9c373a4136f8851f3f5736eb2fadd5766d316eb5ebbdd231,60.17918,24.95141,00000000675d5200,8.38
21206,2019-08-04T11:06:59Z,4a912b6c106b63933a8c9cc39598823bcb2c94d4b1cc8a5d55cb3972,60.16829,24.94214,00000000afef4555,2.3
21207,2019-08-04T11:06:59Z,4b5b3e8f2b484bc08b196c265f65c70151bd69f6263318eb29125db2,60.16829,24.94214,00000000afef4555,7.05
21208,2019-08-04T11:06:59Z,4cf634fc84e128c3b9bce07a4b726d136e18f0eea4229fdbb48f6db1,60.16897,24.95222,00000000aa852af1,9.92
21209,2019-08-04T11:06:59Z,4d31b0561dbfc9ef5acbd44ba92acb4ca7bad86b948634f005173ece,60.14699,24.922,00000000a53ed894,9.12
21210,2019-08-04T11:06:59Z,4ee41e28902eefcc5c43f89251fab6180f18fce0b6201bdc3bec7583,60.16829,24.94214,00000000afef4555,18.79
21211,2019-08-04T11:06:59Z,51dc3e37f2c849cad38b2a651abb7964e1dfc0e1e0a244c3a6ca8193,60.17002,24.94407,000000006b087f40,16.1
21212,2019-08-04T11:06:59Z,52daa31a2b3c1c07f78d96ebb4de3a965da5ef0a8035afbd0f7451fb,60.16531,24.9442,00000000fdda10fe,31.5
21213,2019-08-04T11:06:59Z,53034f9a4162aa7218dfe1d9fcff86b491216d01b38f07796f4be5ff,60.17002,24.94407,000000006b087f40,23.56
21214,2019-08-04T11:06:59Z,538f05c49f43aea0fda8bfcfd03d1ac2fc05b55d83fda538cd91e2a4,60.16762,24.95415,000000006b44cce7,14.89
21215,2019-08-04T11:06:59Z,541f330d2ded03609f551d02b8149da9cd07ee36aeee630f8fc9de8c,60.14699,24.922,00000000a53ed894,18.79
21216,2019-08-04T11:06:59Z,542a405b620e6d166ecc5eadd979b3936d831cea3aa7b75316adb4ca,60.16897,24.95222,00000000aa852af1,23.56
21217,2019-08-04T11:06:59Z,54d53f276563f566e1cd61b100408412cf78b4fe9fcada830aa6e23b,60.14947,24.91438,000000004ef3150d,14.89
21218,2019-08-04T11:06:59Z,5518b2315c236d486c7a5a4fc27c44987672b2f9a0751ffdaa9cbf78,60.16829,24.94214,00000000afef4555,3.09
21219,2019-08-04T11:06:59Z,56101419005237b836e4ed14d91dfa6f9edc4c92b5fcb419943897bb,60.16762,24.95415,000000006b44cce7,7.69
21220,2019-08-04T11:06:59Z,56318cc7f3616fceec2564cbb1f6ca8b88ea861935a1ada93aafd7b0,60.16897,24.95222,00000000aa852af1,9.12
21221,2019-08-04T11:06:59Z,565a35900ed1794a9d566f6fc12f2710875a10eb7c8e6fa0ddd92626,60.14699,24.922,00000000a53ed894,5.41
21222,2019-08-04T11:06:59Z,571934189bf349efb6f596e76c21612cf9b82ed44913090169936048,60.17065,24.93641,000000000f4919c9,12.69
21223,2019-08-04T11:06:59Z,584cb0b0cdd14e608c8b57c8aecc9826f9b40027e365e2438a444ea2,60.16762,24.95415,000000006b44cce7,16.1
21224,2019-08-04T11:06:59Z,58ee8fd47328b1c696ec343920f2c0353d19a915924eb6f6f2638e56,60.16762,24.95415,000000006b44cce7,9.12
21225,2019-08-04T11:06:59Z,59b87e6921598d25b092b66e140328fa03c9f06fe4e697dd344f378a,60.17002,24.94407,000000006b087f40,21.87
21226,2019-08-04T11:06:59Z,5a730ea19664020323272509e5443616ea3f1cecd7b295e294be4ba7,60.14947,24.91438,000000004ef3150d,21.87
21227,2019-08-04T11:06:59Z,5b1df59a8f10fc0c1548e114caf6a457ff880d853d529f675372b0b0,60.16762,24.95415,000000006b44cce7,12.69
21228,2019-08-04T11:06:59Z,5d9aa6fcb0d81ceaa80ca13cc08a88138be517656646e0ba0942ce46,60.16897,24.95222,00000000aa852af1,5.41
21229,2019-08-04T11:06:59Z,5f06b3646e6da155a86e1679f197df7b08fe5df6324e56bd5c4b5921,60.17065,24.93641,000000000f4919c9,27.28
21230,2019-08-04T11:06:59Z,5f3c118283debaff79aa5ba3531ee60ed7acde83ed3e687f88762385,60.16762,24.95415,000000006b44cce7,17.4
21231,2019-08-04T11:06:59Z,5f5805a3ffd092506452c4d45ea8fc037ae23ea726f0b0809ca6ffde,60.16829,24.94214,00000000afef4555,5.41
21232,2019-08-04T11:06:59Z,60f982521b3cf63a23ce97156f686572b3c936ebe5a76c0d78269fd9,60.16762,24.95415,000000006b44cce7,9.92
21233,2019-08-04T11:06:59Z,61ea1a9b050636f67a318275d4bf2b4ca5062d0fd9d76c02998c9db5,60.16829,24.94214,00000000afef4555,23.56
21234,2019-08-04T11:06:59Z,62cac4a0e252305e1128942dc3ec48baaa514c6737c415f85abb3665,60.1538,24.95595,0000000038bf9618,12.69
21235,2019-08-04T11:06:59Z,62d86ee13e6ae7a5c41ffc2de746df72d4ef6e8d2b6a51ce1c68965f,60.16829,24.94214,00000000afef4555,13.75
21236,2019-08-04T11:06:59Z,62e27092b58abcaf80564c408d0d4a7b821abaee92dc2f02ccb11e61,60.16762,24.95415,000000006b44cce7,5.91
21237,2019-08-04T11:06:59Z,64d10ef0926ecca987bad278990d966d8fac8775f03847d1f5a4a2f6,60.16762,24.95415,000000006b44cce7,4.94
21238,2019-08-04T11:06:59Z,658aacab016460cfc38879944e374640737b32d7291a40aed8b8845c,60.16897,24.95222,00000000aa852af1,33.81
21239,2019-08-04T11:06:59Z,66755836036c771e53ffd9d0dc09b8575231b53b80af22e868691a2a,60.14699,24.922,00000000a53ed894,7.69
21240,2019-08-04T11:06:59Z,6770188bfb70997d029b95fe32bafef6ca944778a3f1a35d0fa674b8,60.16829,24.94214,00000000afef4555,25.36
21241,2019-08-04T11:06:59Z,697103160f0b3dc0ba38ccdd18203ae84ec35fc314322d1172c093b2,60.16829,24.94214,00000000afef4555,13.75
21242,2019-08-04T11:06:59Z,69852d528034ea6fc746ed8942c32f1c90bc33a7a7317dfac3c9b1c1,60.14699,24.922,00000000a53ed894,4.94
21243,2019-08-04T11:06:59Z,699b48bb93c5befb62ff0686e75f158406b659f14daec16ab66d4499,60.15432,24.9211,0000000019fb59c4,23.56
21244,2019-08-04T11:06:59Z,6a611aaa1fa77baf03191f0143c2a00dd06c9730c67d30c1eb06afcc,60.16762,24.95415,000000006b44cce7,16.1
21245,2019-08-04T11:06:59Z,6ac8fdd67b3dd11f0bae935f3a285880138382088238b97f511d3f12,60.16897,24.95222,00000000aa852af1,13.75
21246,2019-08-04T11:06:59Z,6c97da4ba9462e7fe786a472989dab23340d31809dd78d5617204da4,60.16829,24.94214,00000000afef4555,10.78
21247,2019-08-04T11:06:59Z,6e492dbc3f10157e7ff00826a839a97262ab36244ccc57b702a89999,60.16531,24.9442,00000000fdda10fe,3.4
21248,2019-08-04T11:06:59Z,6eeb71c74d753822f920829149d942cf52b726b0b83c5aa3e6cb132e,60.16762,24.95415,000000006b44cce7,7.69
21249,2019-08-04T11:06:59Z,6fe3f6ab1b2c39e28ff7099e891f9fab4be2f9708f8ecfd5bf80e8a5,60.17002,24.94407,000000006b087f40,29.32
21250,2019-08-04T11:06:59Z,70ffae2b8178e0915c5de7816f8dd8bcc3af745ee49df8ac4da4adba,60.17918,24.95141,00000000675d5200,16.1
21251,2019-08-04T11:06:59Z,714e80a1e3c0fee43e312f314b2faec47e582ee8dac47e4818dbc2f9,60.149,24.9843,00000000fffb8cf0,2.54
21252,2019-08-04T11:06:59Z,74c2ec2adc228e5b4979284d730fd2de698242f0f06d90f870b8cde6,60.16762,24.95415,000000006b44cce7,5.91
21253,2019-08-04T11:06:59Z,7552783317be1ef797980c3a9ee9c5967d4e7b32765f23c51ffda02d,60.16897,24.95222,00000000aa852af1,20.28
21254,2019-08-04T11:06:59Z,75d452cbba63995ad06213b577081e8db650c80b3a78060789a8e831,60.16762,24.95415,000000006b44cce7,11.7
21255,2019-08-04T11:06:59Z,79249857aa88aacfdce42eef6ed8e8bcca6a4550672e5d4552c120d0,60.16762,24.95415,000000006b44cce7,18.79
21256,2019-08-04T11:06:59Z,795b33361c4adbe3fd61f8f680186862dfc479124c39e5da6579b065,60.16829,24.94214,00000000afef4555,16.1
21257,2019-08-04T11:06:59Z,79bde23c1a8980f93a65e14306f0d8ea89e164430d8b991e2bfee82e,60.16531,24.9442,00000000fdda10fe,18.79
21258,2019-08-04T11:06:59Z,79f6ceff0d0fc6687b4982c4d38a9ebb0a1056b6e0c448b1b9e79e8e,60.16897,24.95222,00000000aa852af1,20.28
21259,2019-08-04T11:06:59Z,7ddcdde2316659d0fa4b8597b86430e095ea0bc7f3564a9d05fc60f8,60.16897,24.95222,00000000aa852af1,16.1
21260,2019-08-04T11:06:59Z,7e78b2348d9576c63ebb626030ee9d43e2bf07e860782adf3f1c452b,60.16829,24.94214,00000000afef4555,21.87
21261,2019-08-04T11:06:59Z,7e9880612b626be1f70a0b9cd9309b4081df8dda1d9f0e8c531d75a7,60.16897,24.95222,00000000aa852af1,21.87
21262,2019-08-04T11:06:59Z,7eefc5581c616491b78192b28b519ba727dc884a87bc06b8df1ea4f2,60.14699,24.922,00000000a53ed894,11.7
21263,2019-08-04T11:06:59Z,7f033a8f7fd6c56054e17f98501aefd376de68a7f9b1a92b1d161d4f,60.16897,24.95222,00000000aa852af1,16.1
21264,2019-08-04T11:06:59Z,7f546f0776433ed1b76ea74186c0aad95eca5439e6cefda07922ef14,60.16762,24.95415,000000006b44cce7,7.69
21265,2019-08-04T11:06:59Z,80ffa6235c9fd84bd35d46706c7d0c4126ee0e241a070c5ae5f30d14,60.16762,24.95415,000000006b44cce7,9.12
21266,2019-08-04T11:06:59Z,822590bd49bcf7ed4de4f8389586915c343b29c4283ff8b90d7c1d39,60.17065,24.93641,000000000f4919c9,16.1
21267,2019-08-04T11:06:59Z,82ac749474448abac333d00869cb8b508872f86293913d95eae26a05,60.15432,24.9211,0000000019fb59c4,8.38
21268,2019-08-04T11:06:59Z,82cddd3b9f58762d36efe78da4e2722ee587cfdb3fdbc58b52673082,60.16629,24.95957,00000000fb7600be,20.28
21269,2019-08-04T11:06:59Z,844b8ad6ebf530978d1139d527a681991f4d3eed6be5bc723f0b2192,60.16531,24.9442,00000000fdda10fe,1.12
21270,2019-08-04T11:06:59Z,85d20ac87260458dc786b8739f5b57449a8d1fdbf4679c8567f8cb4a,60.14699,24.922,00000000a53ed894,27.28
21271,2019-08-04T11:06:59Z,87f4cf4baea8c5dfe1bc7812cc969574058bd4d2dda215192bcfc53f,60.14699,24.922,00000000a53ed894,6.46
21272,2019-08-04T11:06:59Z,886032718e05487be8bd75bb14464814044c7edd7f9a2198304f6fb4,60.16629,24.95957,00000000fb7600be,16.1
21273,2019-08-04T11:06:59Z,8c4e4851db86ec4a3ce29a58be770eb29c38b9a983351bb67d781982,60.16897,24.95222,00000000aa852af1,9.12
21274,2019-08-04T11:06:59Z,8cf412e50797d13126e843f8737218f051acae88ebdc47c49984c4db,60.17065,24.93641,000000000f4919c9,29.32
21275,2019-08-04T11:06:59Z,8dcfa5789215b9650f4cb5f8bf0d99492d0728351e58e688491080b5,60.16629,24.95957,00000000fb7600be,23.56
21276,2019-08-04T11:06:59Z,8f3d9ab893ae4a48fd3417f3a749c21e792779990ae0ad75a8f211de,60.1538,24.95595,0000000038bf9618,29.32
21277,2019-08-04T11:06:59Z,91602a694bc74a2874ba7f02a7bae062a3a77cd869b86a74800415b8,60.17918,24.95141,00000000675d5200,25.36
21278,2019-08-04T11:06:59Z,92df20d921f76c63470e3f5afbe201d3ae15f5133f66c291db796082,60.16629,24.95957,00000000fb7600be,18.79
21279,2019-08-04T11:06:59Z,93272ad17155ea9499641eda7c5560691582116096278b82738ab21e,60.14699,24.922,00000000a53ed894,8.38
21280,2019-08-04T11:06:59Z,934bab75e2a2354910288b01c44fdfda4a87f92ac010109f641b3122,60.14699,24.922,00000000a53ed894,11.7
21281,2019-08-04T11:06:59Z,97490f522f1a0226c8f7e8ed7bca08dd71b63d80b46d38020127b868,60.14699,24.922,00000000a53ed894,10.78
21282,2019-08-04T11:06:59Z,9924ed20d6ddee438860f63a9fa1a2cefa7ccfa275d6da3a2008d84d,60.173,24.92524,0000000096918cfa,17.4
21283,2019-08-04T11:06:59Z,998ac46ad73c197bab1f36dca67d8bcaa3aca92249185a5e3715043f,60.17065,24.93641,000000000f4919c9,20.28
21284,2019-08-04T11:06:59Z,99b998b07243afd316e6fa57636b0ab6761b9c2a6f0fe050eae40c08,60.16762,24.95415,000000006b44cce7,7.05
21285,2019-08-04T11:06:59Z,9a23dca42469f79bf4f5665caffb8d0dd8da182f6fb72f595309803b,60.149,24.9843,00000000fffb8cf0,18.79
21286,2019-08-04T11:06:59Z,9a49d0b5a67fba15ce8971503f6fea88994b33487a842397c5e8564f,60.16762,24.95415,000000006b44cce7,12.69
21287,2019-08-04T11:06:59Z,9aa588cb6f425117e45726b6b9adb7ef86c8f7c8113b547dc61f068a,60.16897,24.95222,00000000aa852af1,7.05
21288,2019-08-04T11:06:59Z,9ab0a60cb60531417ac6ec5ebc6ef591d2f39019c6b0bcb5a89101a2,60.14699,24.922,00000000a53ed894,23.56
21289,2019-08-04T11:06:59Z,9b24f69458294d27d07a0169665965135fd02f4c953f85bcebf4ba87,60.16762,24.95415,000000006b44cce7,4.11
21290,2019-08-04T11:06:59Z,9b4b0705e58750d2bcbd71ad65d85677f7e77db5dfe69d1a70b5d31f,60.17918,24.95141,00000000675d5200,8.38
21291,2019-08-04T11:06:59Z,9bc50d931d6c1678284177395958d15f05b45d60ae7bc09fe1e1694e,60.16762,24.95415,000000006b44cce7,12.69
21292,2019-08-04T11:06:59Z,9bc91538b73e0220fcf5cd07290c07d56f6f48d3ba0ba6b6b0876da9,60.17065,24.93641,000000000f4919c9,18.79
21293,2019-08-04T11:06:59Z,9bef562c292174f1eb3933116effff74a8733a78e5c1df140de3fd6c,60.17919,24.95181,000000007b5207b6,7.69
21294,2019-08-04T11:06:59Z,9c0b1d2c4c67c07e547e810a94efeaaa1187ae82977e03748470281c,60.16897,24.95222,00000000aa852af1,23.56
21295,2019-08-04T11:06:59Z,9ced7d70503ba24882b6e283fa95ce42e02c1a3618adeb448558c50c,60.16897,24.95222,00000000aa852af1,23.56
21296,2019-08-04T11:06:59Z,9eb1e9bfdceb76ef852f89ebd82139602125f9731b791465e1c21f81,60.16829,24.94214,00000000afef4555,16.1
21297,2019-08-04T11:06:59Z,9f1920350685b4cb747c535ba3c3dc1cb29587668bd507ab96e5692f,60.16629,24.95957,00000000fb7600be,36.27
21298,2019-08-04T11:06:59Z,a066e2044b486819fe2185765f63ed87f8d10c502f26a01be1f1a758,60.149,24.9843,00000000fffb8cf0,29.32
21299,2019-08-04T11:06:59Z,a0ec1a8d581f94e640a6858a674699d2464ec065e6faea9d4ce2a13b,60.16762,24.95415,000000006b44cce7,10.78
21300,2019-08-04T11:06:59Z,a20a11944d9440f1f8e4ea6262408f673f2a8380c4e13dda1a073d8d,60.16897,24.95222,00000000aa852af1,16.1
21301,2019-08-04T11:06:59Z,a25b897b52089b243421b68349d3f15e60ce8249d11c889a4626bfc7,60.18203,24.91341,00000000342570c2,27.28
21302,2019-08-04T11:06:59Z,a30740fbf4b7e21f6fe2996e9325c90936de161cb2165e87cd96fd35,60.149,24.9843,00000000fffb8cf0,21.87
21303,2019-08-04T11:06:59Z,a3664d77633807788598dd8d4a7ba8caba2c31bfdcb6ba83651d4e7e,60.173,24.92524,0000000096918cfa,25.36
21304,2019-08-04T11:06:59Z,a3be3c433852e388b553aa0565f84f043ce7967c0b2bf18bbae04d1f,60.14951,24.92138,0000000006dd41f6,21.87
21305,2019-08-04T11:06:59Z,a3c1a4a58b9381c27b1d5076e0d8d72039afccfb0e58438a80247324,60.16762,24.95415,000000006b44cce7,4.11
21306,2019-08-04T11:06:59Z,a50e0bb8fd1ad4ad264c3246b210a0c6285faae591c1bd2c2c3458af,60.16829,24.94214,00000000afef4555,12.69
21307,2019-08-04T11:06:59Z,a5835ce352a1e6d8fb6bdc410fae1076c756f7dac8e202465add9277,60.16762,24.95415,000000006b44cce7,9.92
21308,2019-08-04T11:06:59Z,a5d632ac8ffc19a626de034d3c9444fd262ee6edada285c816ea9266,60.16531,24.9442,00000000fdda10fe,7.05
21309,2019-08-04T11:06:59Z,a5f038c127ca4872294d7de2b08e334af618534637cc64bf42a6438d,60.17002,24.94407,000000006b087f40,20.28
21310,2019-08-04T11:06:59Z,a83e37b53f8baa4f66b23a932b9b9bdc76ee901cc4f4235a8c7147d1,60.16448,24.97323,0000000053c6c2be,27.28
21311,2019-08-04T11:06:59Z,aa4547c0b6b8be30776e08d524ceeacfbc9930ad720e11fa4cb20882,60.16531,24.9442,00000000fdda10fe,1.38
21312,2019-08-04T11:06:59Z,aaabd3028e2bd9f8b0e3a929c8728cb364551bd70da3208662b12033,60.16762,24.95415,000000006b44cce7,14.89
21313,2019-08-04T11:06:59Z,ab1377ddf669bb806f8db586f4ce5ab9f0f4257dda61fe800d8509f5,60.17065,24.93641,000000000f4919c9,17.4
21314,2019-08-04T11:06:59Z,ab5a898dee82ed143fd90e2b4bf5efdb881355a720ed126aef3617a2,60.17002,24.94407,000000006b087f40,17.4
21315,2019-08-04T11:06:59Z,ab6e8769f50a15ea5e0d64f48aaa12886b7599a18cc0eb071a21ae5f,60.16762,24.95415,000000006b44cce7,8.38
21316,2019-08-04T11:06:59Z,adf3914eaf1478a77ba35ea49262388e4babe633207748c7608b8780,60.16762,24.95415,000000006b44cce7,12.69
21317,2019-08-04T11:06:59Z,ae2143f0fab3405d38da14312fd801d7d7524534cd3ffeadc631feb0,60.149,24.9843,00000000fffb8cf0,29.32
21318,2019-08-04T11:06:59Z,ae3cda5066e455d4b1e58860e8fb7a35efad69b9964a676b476b0687,60.14947,24.91438,000000004ef3150d,4.11
21319,2019-08-04T11:06:59Z,b07bf68512027f613ec42ef35ecc9ae28f38158a4193299be33e7481,60.14699,24.922,00000000a53ed894,23.56
21320,2019-08-04T11:06:59Z,b0d6202ccd1560eaf57c06931cb6466332e41068ad2963e515819015,60.17919,24.95181,000000007b5207b6,20.28
21321,2019-08-04T11:06:59Z,b2298fc6f63c02481610f9aef24f1a0c1711c255adc43c0fe135c1ca,60.14947,24.91438,000000004ef3150d,9.92
21322,2019-08-04T11:06:59Z,b26d0daac9f8fb84484cbd8ed668aeb6751e848b1c533a307d163360,60.16762,24.95415,000000006b44cce7,2.54
21323,2019-08-04T11:06:59Z,b3266ecf36a984b814e1b2d31b447438bd948a9c116721480104792f,60.16829,24.94214,00000000afef4555,27.28
21324,2019-08-04T11:06:59Z,b50b3c2006581bccfeaa9ea964649350c7d5b8177baa29a37e628584,60.14947,24.91438,000000004ef3150d,25.36
21325,2019-08-04T11:06:59Z,b5cdbcdc30e0bf653ce353c867708b0067db5e394c8cbe848d978a77,60.14699,24.922,00000000a53ed894,9.92
21326,2019-08-04T11:06:59Z,b601cd655bb9f05aa6ec86fc9eb9300c3bc20bc0e856e94ad168a257,60.14947,24.91438,000000004ef3150d,7.05
21327,2019-08-04T11:06:59Z,b61c6a5634cffe7dead72d5f6730e8439bee6dd2286d9df8f3052e3c,60.16762,24.95415,000000006b44cce7,16.1
21328,2019-08-04T11:06:59Z,b81a9bf449d3e64ad0181804598330bbf305f384b888935023742c79,60.173,24.92524,0000000096918cfa,17.4
21329,2019-08-04T11:06:59Z,b8f5834e6b992cf5568ae3153fb4b07e97b7f6dd01250851134c1824,60.149,24.9843,00000000fffb8cf0,10.78
21330,2019-08-04T11:06:59Z,ba41edadb3a9722bc59efaca71897a33593d0f17301c4bf560fd23e1,60.16762,24.95415,000000006b44cce7,13.75
21331,2019-08-04T11:06:59Z,bbf7d8b9085ddcd3b94f55f93b52cb40a251c44f5df4099ba5b61471,60.16829,24.94214,00000000afef4555,7.69
21332,2019-08-04T11:06:59Z,bc07df8cc395f6f4f5d483b2233caca5f93a6918f346e4cc3702f8cc,60.16531,24.9442,00000000fdda10fe,27.28
21333,2019-08-04T11:06:59Z,bd7fa2c07b7e0eab8afb3d9825a810643c2eb71f83c09a1e26cac54c,60.16762,24.95415,000000006b44cce7,23.56
21334,2019-08-04T11:06:59Z,c17d750015a2259a1bba7471f2e4e0a1db4df53276be8c8463fd5f84,60.16829,24.94214,00000000afef4555,7.69
21335,2019-08-04T11:06:59Z,c190b2b98438e2e79fb5d2add3c063bbf98d30d208518a2fd9296add,60.16762,24.95415,000000006b44cce7,17.4
21336,2019-08-04T11:06:59Z,c27fee8ae8d689338b043608280c83cfa6f3276d3837ecea5f742dc3,60.16762,24.95415,000000006b44cce7,7.69
21337,2019-08-04T11:06:59Z,c2cc33e5b1b8d254d4bcbc0ffa13c9200676a39a191cc31a38d28d8d,60.17065,24.93641,000000000f4919c9,11.7
21338,2019-08-04T11:06:59Z,c2e135ad2c160277e290705658ac41d7cd35b11ebf61d829fdd0b428,60.14699,24.922,00000000a53ed894,9.92
21339,2019-08-04T11:06:59Z,c45e3c4e8ec0fc85457d3b4ed4c49ed0116b4cf447e2983f353abcd8,60.16829,24.94214,00000000afef4555,12.69
21340,2019-08-04T11:06:59Z,c4c3ad738ca47920bb66939f620126c87f730c644813158554916827,60.16762,24.95415,000000006b44cce7,10.78
21341,2019-08-04T11:06:59Z,c5561c3256acd3ed1ac0796b958cdf66cc9da55aa33c5e44a11042ad,60.16762,24.95415,000000006b44cce7,9.92
21342,2019-08-04T11:06:59Z,c5ffe1809d0314e1f74db7cbb63e9a1b59f6fdda752b423ea74be3b0,60.16897,24.95222,00000000aa852af1,10.78
21343,2019-08-04T11:06:59Z,c62e3bc96df19460649fc783b06a07b4ec4602284534df312c451c0f,60.16897,24.95222,00000000aa852af1,25.36
21344,2019-08-04T11:06:59Z,c6b0ea433c3fdc73e0bac7e3faa2690506c4e8ec7fc54210446a7ffa,60.14947,24.91438,000000004ef3150d,8.38
21345,2019-08-04T11:06:59Z,c739921adb150c53f1887c6ce887adc6cd7ae7e35e69f6e4dc52fe81,60.173,24.92524,0000000096918cfa,23.56
21346,2019-08-04T11:06:59Z,c7ced11121537f55bcd7d7ab67312226dafe7c85320c5357a35d5ab7,60.17002,24.94407,000000006b087f40,18.79
21347,2019-08-04T11:06:59Z,ca9ba013f86583100bfa841287733d9985b9d5e28a116525c40a4b40,60.16762,24.95415,000000006b44cce7,11.7
21348,2019-08-04T11:06:59Z,cb2f32be2e27fc44ead887ff7f76c0199bf68b2c6711e6880f4acd01,60.16762,24.95415,000000006b44cce7,3.09
21349,2019-08-04T11:06:59Z,cc696789aed7ee6ea1dff48eae7da441c3a3ccb4f18ab60ba702c91f,60.16762,24.95415,000000006b44cce7,12.69
21350,2019-08-04T11:06:59Z,cd7d0e9404c9f4e8fab0742460b9acb4d5bbb97f44df80d4a8b973cd,60.17002,24.94407,000000006b087f40,4.11
21351,2019-08-04T11:06:59Z,cddbfc3b0a1459f0ea8d553779cf320d512cac6e64976182f2f0b3b7,60.16829,24.94214,00000000afef4555,18.79
21352,2019-08-04T11:06:59Z,d04b5065ec93818b731141027d11e6a1cf53de69b9737d7aea0c34da,60.14947,24.91438,000000004ef3150d,16.1
21353,2019-08-04T11:06:59Z,d162ad46250f7d87af446db22df4aa6b2eb2bf22f83beca34e857743,60.16762,24.95415,000000006b44cce7,8.38
21354,2019-08-04T11:06:59Z,d1b77fcfad94da8564d1a85ed1797255531e5ab26cc835800878fb26,60.17065,24.93641,000000000f4919c9,7.69
21355,2019-08-04T11:06:59Z,d23d6afa580687749de352818db606b272b579b77c6009badb4aa4a6,60.16897,24.95222,00000000aa852af1,14.89
21356,2019-08-04T11:06:59Z,d25e926dba8aa2c77f46ada32671b08b1176455c0e3693d160b87744,60.16762,24.95415,000000006b44cce7,21.87
21357,2019-08-04T11:06:59Z,d3bad9334d128332fc483e10ef1b77c28e5a75ac55be4de71c6b2f9f,60.16829,24.94214,00000000afef4555,20.28
21358,2019-08-04T11:06:59Z,d68f1946805ba3d30f9ba25280986fbe003f3b5dce7245b633e0cb5c,60.16762,24.95415,000000006b44cce7,11.7
21359,2019-08-04T11:06:59Z,d6a8c97f1ec18c7a90d3beae358bad67f8d53626258a852e15b08c5d,60.14699,24.922,00000000a53ed894,20.28
21360,2019-08-04T11:06:59Z,d71a315bac918f9a18fcd820731e6d9eb54fb0d01c324ca088ef8858,60.149,24.9843,00000000fffb8cf0,18.79
21361,2019-08-04T11:06:59Z,d7b3daaab1b36d8d95f7672a0339b99b2a16483fc1c71c5177aeb948,60.16829,24.94214,00000000afef4555,25.36
21362,2019-08-04T11:06:59Z,d7b6b8f9e61c0c1181850b8880f319ea2ef58d8a3adac78d63c0d11c,60.16829,24.94214,00000000afef4555,20.28
21363,2019-08-04T11:06:59Z,d80fa72ee0b9d5070932538102177f58730b2ae486029c5ffe9fc76d,60.1538,24.95595,0000000038bf9618,21.87
21364,2019-08-04T11:06:59Z,d82f37918d46bea29e113c6b57b901b1b960ed3337bdcce777aea476,60.17065,24.93641,000000000f4919c9,5.91
21365,2019-08-04T11:06:59Z,d83c1c2d3a3876c948e277bace6d013eafc0c4e118958e138f8b1257,60.16448,24.97323,0000000053c6c2be,25.36
21366,2019-08-04T11:06:59Z,d86f155736e4d36de5d33bdbb3b12b717b75de44852b93419af20945,60.16829,24.94214,00000000afef4555,12.69
21367,2019-08-04T11:06:59Z,db45583e1f7aaaf54e100214986dfc86aa755383e86d361639a5b19b,60.16762,24.95415,000000006b44cce7,13.75
21368,2019-08-04T11:06:59Z,dbd2fa33dbaac339a8c9d8e04576b1088999b9314914676a2247737c,60.16448,24.97323,0000000053c6c2be,47.69
21369,2019-08-04T11:06:59Z,dc816e92e4a2eceea03f41fc379fda0e3d57b5d0fbd9a06430432022,60.16762,24.95415,000000006b44cce7,4.94
21370,2019-08-04T11:06:59Z,dc82f9648bb5ba21e766e0923f5fa7ca2d77662ab0edbe22a3d95631,60.14699,24.922,00000000a53ed894,7.05
21371,2019-08-04T11:06:59Z,dcb8f3c3c5136c4abc8757fcb34fedc553ea044b0928f945d89334d5,60.16762,24.95415,000000006b44cce7,7.05
21372,2019-08-04T11:06:59Z,dd8e0699822b1a8a3f8a91fcb10729f6f7cd0a4736f36dc60974c36e,60.16762,24.95415,000000006b44cce7,17.4
21373,2019-08-04T11:06:59Z,ddd0e663eb31ac94858d2a4e9af5e4782781e88c92102042190e6fcf,60.14699,24.922,00000000a53ed894,14.89
21374,2019-08-04T11:06:59Z,de48adf9d49eb3bc1d61dea4047618f6c77086fc44bd2b535d56504d,60.16762,24.95415,000000006b44cce7,3.09
21375,2019-08-04T11:06:59Z,de71e27b55ef6f2f51f05838a2fcab596f1dd93a14ece5ce4548f5c7,60.14699,24.922,00000000a53ed894,4.94
21376,2019-08-04T11:06:59Z,e081e4b3252ca91bbf1cbb70faa116d60317fbf3a991a67bc99b4bfa,60.149,24.9843,00000000fffb8cf0,16.1
21377,2019-08-04T11:06:59Z,e0859a9c906151023376d86762070f38ba1b3859e671531b0edac6cd,60.16075,24.95883,00000000f1124bca,13.75
21378,2019-08-04T11:06:59Z,e29168791ccd18013b58845430388cc5aac537e7e1c618aeb78900a8,60.16897,24.95222,00000000aa852af1,11.7
21379,2019-08-04T11:06:59Z,e305610124e16ed1411a221b29ce69a076cc47982efd6c098b0599ab,60.14947,24.91438,000000004ef3150d,17.4
21380,2019-08-04T11:06:59Z,e44d7228cecbdb2474e1cc396a6c13943f09c08c19d0ffab1997d509,60.17918,24.95141,00000000675d5200,12.69
21381,2019-08-04T11:06:59Z,e53a901aed874016e1cd1ed3e9b2891fca850986cb2fa04f5162cf52,60.16762,24.95415,000000006b44cce7,6.46
21382,2019-08-04T11:06:59Z,e557e164cd52fd817b02cad6587a294d72b0974d9b014ad69ea5e08e,60.17918,24.95141,00000000675d5200,2.3
21383,2019-08-04T11:06:59Z,e56ea7e37eebd727782e7b28ec604b6976cfe62fa4147c73762ed73b,60.16629,24.95957,00000000fb7600be,33.81
21384,2019-08-04T11:06:59Z,e5928057da667903de0b6c1245e1f58273dd85d63d8af0f4eaa771de,60.16762,24.95415,000000006b44cce7,9.92
21385,2019-08-04T11:06:59Z,e5b9b4813c081a31fb498e7f9adb94918c267dfa125c63790c0d9488,60.149,24.9843,00000000fffb8cf0,25.36
21386,2019-08-04T11:06:59Z,e9d59e25b58f33f70aad6832863cb59d7485ca55a1575558f92b74e7,60.16897,24.95222,00000000aa852af1,10.78
21387,2019-08-04T11:06:59Z,eb261026c6f65b651ddf21bed629a1e164cfb500d0b78062704ec15c,60.16762,24.95415,000000006b44cce7,9.12
21388,2019-08-04T11:06:59Z,ec485175d2b7a2c53d03bf546aee134c116d998976601b069570c6f9,60.14699,24.922,00000000a53ed894,18.79
21389,2019-08-04T11:06:59Z,ecb1735f180422ec69f041cd2782a26c9f07d27a87893b3c30aaa9b7,60.16075,24.95883,00000000f1124bca,5.91
21390,2019-08-04T11:06:59Z,ecf13e9d610ad235409932d263110fd52c69d0f5f39e9ffd3ad8b740,60.16897,24.95222,00000000aa852af1,23.56
21391,2019-08-04T11:06:59Z,eea43687eab35d2c386347881796eb1c8279076b9e9642ebc2cd06ac,60.16762,24.95415,000000006b44cce7,2.08
21392,2019-08-04T11:06:59Z,ef15ff71b7dc4c2088249a4fca7e28900ae315245a7a3b4d571bf582,60.16829,24.94214,00000000afef4555,7.05
21393,2019-08-04T11:06:59Z,ef33ccdfcdb12920eabb3306e0f86dc7e6060a5d3864b03e2de7e1ef,60.16897,24.95222,00000000aa852af1,11.7
21394,2019-08-04T11:06:59Z,ef45fdc095ee55730384922266d8fce61de212d3c3df2441ea10e524,60.14947,24.91438,000000004ef3150d,9.92
21395,2019-08-04T11:06:59Z,ef5e495c5f9d3dd9eb22ed5b8faf1cc9e4225d4785ebb26a87d16fff,60.14699,24.922,00000000a53ed894,9.92
21396,2019-08-04T11:06:59Z,f014103201b8ae8f495f8e1e04da3c934079461391d4801ee6c2faaf,60.16762,24.95415,000000006b44cce7,8.38
21397,2019-08-04T11:06:59Z,f196f5f8c08299d290b3bac1944e00bb1f2c90594db66438b0c10e6e,60.16629,24.95957,00000000fb7600be,11.7
21398,2019-08-04T11:06:59Z,f1d44b9d3710849eba7eab0b6646053378aa5f8ee3491ec2522f3c44,60.14947,24.91438,000000004ef3150d,17.4
21399,2019-08-04T11:06:59Z,f2467c8ede6444941158701b7bd9d005beec9ffdb355ce2d8c7a9bfd,60.149,24.9843,00000000fffb8cf0,21.87
21400,2019-08-04T11:06:59Z,f5ffa3dbcdd5592ac31344cb04a7a6d639109a4d6e196fa0df3990dd,60.17065,24.93641,000000000f4919c9,18.79
21401,2019-08-04T11:06:59Z,f616fbd0fde8316049c3068ae4368dc9f486f8da4bf5516e9ba82578,60.16897,24.95222,00000000aa852af1,14.89
21402,2019-08-04T11:06:59Z,f62b86ef56fa9417b0128f2fff6530aed6f2a50d3f65bbbfdcbbee59,60.16762,24.95415,000000006b44cce7,6.46
21403,2019-08-04T11:06:59Z,f78ef2ddbe48b534137498eab56c0a55ec0e0b1d8868e82cb5652a0e,60.14699,24.922,00000000a53ed894,13.75
21404,2019-08-04T11:06:59Z,f855918d61069661cbf8633b228a5fb9e5cd5ea7b2946bfc5b9fc315,60.16829,24.94214,00000000afef4555,17.4
21405,2019-08-04T11:06:59Z,f9f42c3132515705c0013fb8e137897c93844d24acc22cb4ac9384a0,60.149,24.9843,00000000fffb8cf0,12.69
21406,2019-08-04T11:06:59Z,fb197be4589e2d16cfe2899ae06282639009e64a5bff759f4a8a3e43,60.16629,24.95957,00000000fb7600be,18.79
21407,2019-08-04T11:06:59Z,fb37b263777ffcf7fe1fb6484821cae2b8beb03b5f5009109748dedb,60.16762,24.95415,000000006b44cce7,8.38
21408,2019-08-04T11:06:59Z,fbd28054e4a5478c8ca06f4d682405d1c59bef4853cad413ecb58d13,60.14699,24.922,00000000a53ed894,14.89
21409,2019-08-04T11:06:59Z,fdf5c0dab003c974e22f3746bfb7fa399e10ca82fcec35ba6dcd6065,60.18203,24.91341,00000000342570c2,20.28
21410,2019-08-04T11:07:00Z,004c3624f943830bc6a9f17173a2cd0996622cade5184ad2b9fba729,60.16897,24.95222,00000000aa852af1,7.05
21411,2019-08-04T11:07:00Z,0152988639aaaa9cc27213280c8f0c0c8ec97ae6a45aaaf743c9c25d,60.16544,24.95398,0000000038d83d41,27.28
21412,2019-08-04T11:07:00Z,03e0fc996a589ccdf1871b3c78e089c08c93ba1f2a02d740fb384aac,60.16531,24.9442,00000000fdda10fe,33.81
21413,2019-08-04T11:07:00Z,048a4191e2e9ce1733556eda54c4123345c70aeced0f8ecf7d52b916,60.14699,24.922,00000000a53ed894,23.56
21414,2019-08-04T11:07:00Z,09ddbf38333e76a79fd836112bd8c3f8bf7f3dadfb3d49945ad4c486,60.16897,24.95222,00000000aa852af1,7.69
21415,2019-08-04T11:07:00Z,14c7e1511b70f4dd3359cbece1377aebb4d70531f5489eefe53d7c3c,60.16544,24.95398,0000000038d83d41,33.81
21416,2019-08-04T11:07:00Z,165ebbb4090d47319ae370f0d0854fdc1f6b79499f8b2e4d3c3533c0,60.16544,24.95398,0000000038d83d41,29.32
21417,2019-08-04T11:07:00Z,16c994bb2e24124a910c247376d16e980a65626a94c4c0aaab27df60,60.16829,24.94214,00000000afef4555,29.32
21418,2019-08-04T11:07:00Z,198d6432c579dae0d7ddda6591eb377ca6c01888de802f89ab84b98a,60.16544,24.95398,0000000038d83d41,27.28
21419,2019-08-04T11:07:00Z,1bba37ee9376f8052f3606bb777546c2c4d1e84dad7afd93d4cffa45,60.16762,24.95415,000000006b44cce7,13.75
21420,2019-08-04T11:07:00Z,25a7ff811c3c06e426c7c2cbb0433d9a2a3399b23afecbd35584ab0f,60.18203,24.91341,00000000342570c2,17.4
21421,2019-08-04T11:07:00Z,2e4af02bc2421faac1f506a147ddb9b76076386be53415223aca4bde,60.16762,24.95415,000000006b44cce7,6.46
21422,2019-08-04T11:07:00Z,32dd92b5a658392a4ec84eaf95152ee72258b6b0fb670b97882ac902,60.16829,24.94214,00000000afef4555,16.1
21423,2019-08-04T11:07:00Z,434e74155ec054f1bb6122a7ec736a48a27c6f4111995c3f2bb03897,60.17065,24.93641,000000000f4919c9,18.79
21424,2019-08-04T11:07:00Z,43b676ed3aef4c2d8846694817e76117873be52e7f788e0cb366c1c4,60.16629,24.95957,00000000fb7600be,23.56
21425,2019-08-04T11:07:00Z,4656bad9b5e6dfc3977eca308fc1db3dbf8b0204b90d09b001da242e,60.1638,24.96846,00000000d747f075,21.87
21426,2019-08-04T11:07:00Z,5d65719c4cbf045f068d084b72302f447d5fd034413d97d13be00d0e,60.18203,24.91341,00000000342570c2,18.79
21427,2019-08-04T11:07:00Z,5eed115a984d490b02b602d73787aee8dc8c4e9365b77fbff3818a76,60.16629,24.95957,00000000fb7600be,21.87
21428,2019-08-04T11:07:00Z,69219e9efa41ae9e732653e9eaf08e1a34cb853a9dafe76ddeea4d04,60.16897,24.95222,00000000aa852af1,20.28
21429,2019-08-04T11:07:00Z,6a70e2fbced719333e21eff04fcb9cb36bae9a04d1a3d6ddd96f2c58,60.15432,24.9211,0000000019fb59c4,4.94
21430,2019-08-04T11:07:00Z,6f06341f358e61699fe1e55e986dd0554bc8da28b91daf0c5ad99db6,60.16629,24.95957,00000000fb7600be,23.56
21431,2019-08-04T11:07:00Z,87dfaad29a9276ddddb1fa021d3bc23ad14824c1af16f7d87e713689,60.14951,24.92138,0000000006dd41f6,9.92
21432,2019-08-04T11:07:00Z,88808fe92573e9cdf022cc15b9689b6b4b9429f60513c8897b0ba4c7,60.16897,24.95222,00000000aa852af1,16.1
21433,2019-08-04T11:07:00Z,8c75c3289c84fe4493e1e272a77b615fe1985880c5dc68a7c1a17b53,60.16762,24.95415,000000006b44cce7,9.92
21434,2019-08-04T11:07:00Z,92524354048a0b73aacc2745ecface2dec61989197d03321c59b8821,60.14699,24.922,00000000a53ed894,23.56
21435,2019-08-04T11:07:00Z,92aae21a6e0dd2ff71fc591b64e878502bd4677b64ac413632e9f7c6,60.149,24.9843,00000000fffb8cf0,21.87
21436,2019-08-04T11:07:00Z,9843c6216661048343a0e49cf3d8aa2883cf77f452666a1c873a1052,60.16448,24.97323,0000000053c6c2be,11.7
21437,2019-08-04T11:07:00Z,9992834418850939882f3b334eee492eb98d4f9d6d6118f9ee108793,60.16762,24.95415,000000006b44cce7,3.74
21438,2019-08-04T11:07:00Z,9c8556ea519835172f09c20e7688066eeec8e7f74a0c6fa3df3d9c5f,60.16829,24.94214,00000000afef4555,20.28
21439,2019-08-04T11:07:00Z,a13e5d46f0a2d1c6b58878e1b198905e9b14e3a85b5e4adab88b4b87,60.16762,24.95415,000000006b44cce7,9.12
21440,2019-08-04T11:07:00Z,acd2647d413f41552b31b6e383da445c8902bc2a764d2b7791a7b164,60.16762,24.95415,000000006b44cce7,14.89
21441,2019-08-04T11:07:00Z,b936e41d8712ae967f3ebb413fc44f060bb10613f95537757886ede2,60.16762,24.95415,000000006b44cce7,12.69
21442,2019-08-04T11:07:00Z,bca443064699e0ac05c40e587aef06d7fd580817e739133a501490bc,60.14699,24.922,00000000a53ed894,20.28
21443,2019-08-04T11:07:00Z,bfcaefe93f7fcb6aad6e62e3da473a7b5b03a62db532dad02a7d3559,60.16762,24.95415,000000006b44cce7,13.75
21444,2019-08-04T11:07:00Z,c0d98967e7575c7d0727764e04702297809bbfe2877f0afc62112028,60.1538,24.95595,0000000038bf9618,20.28
21445,2019-08-04T11:07:00Z,c40c37def6bf11a63a2556519a7c6233fd417cdeea2cf14f28e7c42c,60.16531,24.9442,00000000fdda10fe,21.87
21446,2019-08-04T11:07:00Z,c97eb4181394121907d47b908495f54e5ee5145ff790f7a1dc21b3cf,60.16897,24.95222,00000000aa852af1,13.75
21447,2019-08-04T11:07:00Z,ca6927628f5ddda20036865c9345ad93d476d62ade3b181de568eed6,60.16897,24.95222,00000000aa852af1,23.56
21448,2019-08-04T11:07:00Z,cd2c2ce2425879ac455c812073aa8025c7bac76df380e4793edab46d,60.16829,24.94214,00000000afef4555,21.87
21449,2019-08-04T11:07:00Z,cf05623e4d87ce0906c0b0b7dbf53aacc1228016cd27c341228b6e76,60.18203,24.91341,00000000342570c2,16.1
21450,2019-08-04T11:07:00Z,cfc0bedb78ded52749db3188cb188bf6a250ef5990da9c5afa9623fc,60.14951,24.92138,0000000006dd41f6,29.32
21451,2019-08-04T11:07:00Z,dbeb00942457ba3c5fb1984b57b1dedb268c0e761e80729b939f1fd8,60.16544,24.95398,0000000038d83d41,20.28
21452,2019-08-04T11:07:00Z,e224ae5ea47af2e3048f83b13a1f45dc135c0ca6be72547b01729086,60.1538,24.95595,0000000038bf9618,21.87
21453,2019-08-04T11:07:00Z,e8690c2d1711bc10f2d1251a3b5b1e770b98c66c384760400c604de1,60.16829,24.94214,00000000afef4555,21.87
21454,2019-08-04T11:07:00Z,e8e366e76c97944e23c0f80b4fd3ce6e5832744922297146a49f0c7e,60.16762,24.95415,000000006b44cce7,14.89
21455,2019-08-04T11:07:00Z,e96bd269a48b822b06141c3362fcb6d5ed4d0d09a120f2e4a712d5c2,60.16897,24.95222,00000000aa852af1,12.69
21456,2019-08-04T11:07:00Z,ed70dda6b7faebd4340dacdb452ab224d9d3c308df417b7fa76f54e8,60.14951,24.92138,0000000006dd41f6,25.36
21457,2019-08-04T11:07:00Z,f088630d7476dae7d4b7e2bb1f10575f2c89acb4b6e061f3d57c2b40,60.16531,24.9442,00000000fdda10fe,31.5
21458,2019-08-04T11:07:00Z,f31cfded6f566f9c032c80c52ea642407be312c5d42521ab7a8d3e2a,60.16897,24.95222,00000000aa852af1,29.32
21459,2019-08-04T11:07:00Z,fc4f3a44235f1cfc7b53f14ba2da599976a5a0a220d23b852688e485,60.17919,24.95181,000000007b5207b6,5.41
21460,2019-08-04T11:07:00Z,02a354db29cd5bc16976a9d933e03a41be350f9cc78098829a7dcfd4,60.14947,24.91438,000000004ef3150d,18.79
21461,2019-08-04T11:07:00Z,03204cdd97728dc59f21f215f75460ac8fe2fa56720a88e869c6f56d,60.16829,24.94214,00000000afef4555,18.79
21462,2019-08-04T11:07:00Z,0495ba0a1c04e0262f37eaa32084a173acc00638a16e76bb922b97dd,60.16762,24.95415,000000006b44cce7,11.7
21463,2019-08-04T11:07:00Z,0625280cf414aa015aa8b4d504d6fc74879a1144b913e254fec5db9d,60.16762,24.95415,000000006b44cce7,14.89
21464,2019-08-04T11:07:00Z,08833115ba0f62666fee594662c171563759459bb5f65ffdfeaeaed1,60.18203,24.91341,00000000342570c2,29.32
21465,2019-08-04T11:07:00Z,08b10b51864dc039f0a07c997e66e7a263ee1cde5b0b88b2a1178c58,60.16829,24.94214,00000000afef4555,8.38
21466,2019-08-04T11:07:00Z,090b22feb90861d0c5c272812dfebe1f4f5efec2238fb9556f23e5a6,60.16762,24.95415,000000006b44cce7,12.69
21467,2019-08-04T11:07:00Z,0c959027ce302054b09087cac97a83aa7e24fb9e4fa2710763f912cb,60.16829,24.94214,00000000afef4555,7.69
21468,2019-08-04T11:07:00Z,0d2490ed58c11eb4a754a30cc4bcb21c7243d322a2caf7cc360e4e8c,60.17065,24.93641,000000000f4919c9,12.69
21469,2019-08-04T11:07:00Z,0dc12f22306d5f6622fc786011f32f1961a5f94018be9c2236fb2e52,60.14699,24.922,00000000a53ed894,11.7
21470,2019-08-04T11:07:00Z,0e113c5ed3abcdfb31d27c3125f6cf01e3b96e4ed7eca1aaea855f77,60.14947,24.91438,000000004ef3150d,13.75
21471,2019-08-04T11:07:00Z,0fd26c6e46f4d73b276223942e56c38bc9b8e4566239f8a77261657b,60.17002,24.94407,000000006b087f40,13.75
21472,2019-08-04T11:07:00Z,103e596ccbbe3422403a38786a0bee588f55208bb343963e67ba6ba0,60.149,24.9843,00000000fffb8cf0,14.89
21473,2019-08-04T11:07:00Z,1067b041807277ecf9cea5b55c265a37808239544e559e2cfdfcb3ce,60.16762,24.95415,000000006b44cce7,7.05
21474,2019-08-04T11:07:00Z,10ca87ada637a6524de98a11c8d3d3d3cfa8f7f5ea839b29c2b132a0,60.16762,24.95415,000000006b44cce7,10.78
21475,2019-08-04T11:07:00Z,1127119e7794170983cf8596358f6c5e312948e7044e505b3ba6b75b,60.16897,24.95222,00000000aa852af1,14.89
21476,2019-08-04T11:07:00Z,1327ce24f157334f864f913637993c80380ce5f5c911e4b0d31c5eb7,60.149,24.9843,00000000fffb8cf0,4.94
21477,2019-08-04T11:07:00Z,14950bb35cae97d17dbb39fd05de471b20dceda78a1c517bec6b0cba,60.149,24.9843,00000000fffb8cf0,31.5
21478,2019-08-04T11:07:00Z,1556d4a76070c26554efa12b4b9c53766a4cc394e8b74ee37f2fff65,60.17065,24.93641,000000000f4919c9,3.74
21479,2019-08-04T11:07:00Z,169c77f0d714e38eb1e798b14fa42ce3fefb0ec1d6f9e93a38a872f1,60.16762,24.95415,000000006b44cce7,5.91
21480,2019-08-04T11:07:00Z,17861db3c9efb479761315b23143cfdc5f694922946406d53fd5fc1d,60.17065,24.93641,000000000f4919c9,12.69
21481,2019-08-04T11:07:00Z,182e58bd6c3c8d836225d454a878bc55d8ed5166564a22f8b635f6ff,60.14947,24.91438,000000004ef3150d,9.92
21482,2019-08-04T11:07:00Z,1921be9815a57f11f291ca085add7b4bf1d044518b03b725df7cf7d5,60.149,24.9843,00000000fffb8cf0,8.38
21483,2019-08-04T11:07:00Z,19db84758eba08a5f9bb56b0ff91d05286765c8e8dfa31bd0b2aaa1c,60.14947,24.91438,000000004ef3150d,8.38
21484,2019-08-04T11:07:00Z,1a06b5f7f305badd45e93db9d86d76ed3a2a96ec55ec47c836921e3e,60.16762,24.95415,000000006b44cce7,6.46
21485,2019-08-04T11:07:00Z,1bff3cb3b9be59366fdf8adbbc677a4dfbf8e116bf330c3435bc63c2,60.16897,24.95222,00000000aa852af1,27.28
21486,2019-08-04T11:07:00Z,1c38009e9b89bd8b0d6744bf54ebae9a8ad2dc2868cdfc3f2e399509,60.16829,24.94214,00000000afef4555,23.56
21487,2019-08-04T11:07:00Z,1c8c3befa38b65f707dd4933a68e5e3c9e7c82592fd382779127416b,60.16897,24.95222,00000000aa852af1,18.79
21488,2019-08-04T11:07:00Z,1c9aa21b85f6dc63cc56eb960e89cdeaa6da27738f3fcc4fbee8ee17,60.16762,24.95415,000000006b44cce7,9.92
21489,2019-08-04T11:07:00Z,1dacfb371d75dd4f90f447aac2a00faad98beb4188a6971c19eb2375,60.16629,24.95957,00000000fb7600be,27.28
21490,2019-08-04T11:07:00Z,1f6e5095c2c365e120a526c9111895459bc08fb351b964a350cdb64f,60.16762,24.95415,000000006b44cce7,5.91
21491,2019-08-04T11:07:00Z,1fa2c533bba37b249a0105001153733e67a559d40c22cab67f135f64,60.14947,24.91438,000000004ef3150d,17.4
21492,2019-08-04T11:07:00Z,227b93698b29687beea48184f42aab63a21fa362af7251be32db2e15,60.16531,24.9442,00000000fdda10fe,2.54
21493,2019-08-04T11:07:00Z,23b4a8c7918ca417eab83481a710fd544e1fa8bf7073b5955c0155c8,60.14699,24.922,00000000a53ed894,25.36
21494,2019-08-04T11:07:00Z,23b7c1b09dfbcbf722a4c48303dd0435cf9885a516d5eebb6538844f,60.16762,24.95415,000000006b44cce7,9.92
21495,2019-08-04T11:07:00Z,23f10190151386d4050571cb299410bc0285ed980b0a00f088e01cf0,60.16762,24.95415,000000006b44cce7,4.94
21496,2019-08-04T11:07:00Z,2535cb5c89ec66044a005b03dd769ca8d0022164a816c06db0e49892,60.16762,24.95415,000000006b44cce7,9.12
21497,2019-08-04T11:07:00Z,2671a156fa8d8bb05970481c8f83bcf9f261f73dae27f2bb9ac88aeb,60.14699,24.922,00000000a53ed894,14.89
21498,2019-08-04T11:07:00Z,2724e42551f43106ea58a8fcc6a43953baa1294cd65e17a90012f706,60.17065,24.93641,000000000f4919c9,0.71
21499,2019-08-04T11:07:00Z,28a8c91eedf86256382a085ddcaf523d407151baa947c38797259e95,60.16448,24.97323,0000000053c6c2be,17.4
21500,2019-08-04T11:07:00Z,296a0ffe230305a3d37818a0369b56c99dacdd5df5a161bf238e1084,60.16762,24.95415,000000006b44cce7,2.54
21501,2019-08-04T11:07:00Z,29b5f09785ef76627c2a3f043e1182d11fbd3a465422544c7478aa1c,60.16897,24.95222,00000000aa852af1,12.69
21502,2019-08-04T11:07:00Z,29f5adc4d67413b7d368e8e94a41cf48339e3f5f0903f660170c4fe8,60.17918,24.95141,00000000675d5200,21.87
21503,2019-08-04T11:07:00Z,2b8390c7183ae344c6844506a062f78e7038ec6c71227c16c48d5713,60.16829,24.94214,00000000afef4555,16.1
21504,2019-08-04T11:07:00Z,2bbd3ab96fbdc70aeeb702eec09ad635ef2e72885baf7c23ad48b654,60.16762,24.95415,000000006b44cce7,21.87
21505,2019-08-04T11:07:00Z,2c85e4140ca0ba77c3598ceac05eb2c2342409ce8111c863fc58c606,60.16829,24.94214,00000000afef4555,16.1
21506,2019-08-04T11:07:00Z,2de87ef94604fb63bec05eefb71b6cdd0b9807f8551159c2a35e7259,60.17065,24.93641,000000000f4919c9,7.69
21507,2019-08-04T11:07:00Z,2e6e6f89a7d75f0742d016de203c9acc8d6f6bdeb7b56bd12f482653,60.15432,24.9211,0000000019fb59c4,18.79
21508,2019-08-04T11:07:00Z,30bee351808d5e8082ce012b57f5bc0efc80f8394491a182e0eeee32,60.17918,24.95141,00000000675d5200,17.4
21509,2019-08-04T11:07:00Z,3313cdaba99416cd33bc61d5d61d8360a51ef3858c47f74e036a0bb9,60.173,24.92524,0000000096918cfa,23.56
21510,2019-08-04T11:07:00Z,331c59fb1e591f1ba19812529361aeee7a8f40a39bb2a258b31d3f5e,60.16829,24.94214,00000000afef4555,23.56
21511,2019-08-04T11:07:00Z,3417d8a6b53687e70f126ebeb1d26a2ff6369dc9a551c3c35c5a04f9,60.17002,24.94407,000000006b087f40,13.75
21512,2019-08-04T11:07:00Z,35f337dd3baf0bc08002ec007d609b685ac29bb2a8bcad6783532a6b,60.16829,24.94214,00000000afef4555,7.69
21513,2019-08-04T11:07:00Z,374083907dd8980893623726af5633afd59b519c885ad12ba5c674eb,60.17002,24.94407,000000006b087f40,21.87
21514,2019-08-04T11:07:00Z,386dea4944e0b83648b4b6faf510fd47b0e9e29a2bb9311fe8a80ee2,60.17918,24.95141,00000000675d5200,12.69
21515,2019-08-04T11:07:00Z,38fe4d3136f12b444ebe10b0db89d752ecc9527c799d1dbb1a3f12e1,60.1538,24.95595,0000000038bf9618,14.89
21516,2019-08-04T11:07:00Z,395134265ad60f36cbb21b92db8d3db4d07bd71836d174cbf1a09224,60.16829,24.94214,00000000afef4555,11.7
21517,2019-08-04T11:07:00Z,39e2f2a7b03cda9f877366363a3727edfefd16d2221e752dafc33634,60.17002,24.94407,000000006b087f40,27.28
21518,2019-08-04T11:07:00Z,3a23443662298e2601a38a20bcb69744211c52d9735d50c80d553ff4,60.16897,24.95222,00000000aa852af1,33.81
21519,2019-08-04T11:07:00Z,3ac9d056b0f04f774b238a125eb996d46437f7a8c5f6ba6712e971cf,60.17918,24.95141,00000000675d5200,9.92
21520,2019-08-04T11:07:00Z,3b355c039877bd4883845f3fc6ad8dd6f41f170274042f1397585680,60.149,24.9843,00000000fffb8cf0,17.4
21521,2019-08-04T11:07:00Z,3b4dda811f084f91b7dd61344c97aa6cac444a02d825183d53cca5d0,60.16762,24.95415,000000006b44cce7,10.78
21522,2019-08-04T11:07:00Z,3b5030adc7c303403a6333a1a6d35474c2f21c1d20ece72180660423,60.14947,24.91438,000000004ef3150d,31.5
21523,2019-08-04T11:07:00Z,3c7df7d16658abc47ed9e66342a99269fee33785ea550021877f84a4,60.18203,24.91341,00000000342570c2,18.79
21524,2019-08-04T11:07:00Z,3f67c6713a6cca446a46616c9970c7a2ddffb03f21e10c8ea9b2f380,60.16897,24.95222,00000000aa852af1,18.79
21525,2019-08-04T11:07:00Z,3fde075082af3062c2bebc5e09ad55bda3de70b5f492bdfb21f284c9,60.173,24.92524,0000000096918cfa,20.28
21526,2019-08-04T11:07:00Z,3fe4e214448b0c9a8dfbee81c347d82a8f0b26859201fb1d77f40fa9,60.16762,24.95415,000000006b44cce7,10.78
21527,2019-08-04T11:07:00Z,41fffd70db0364ae9e08f76f74848590a4ed6784433df3a7ff00d7a5,60.16762,24.95415,000000006b44cce7,9.92
21528,2019-08-04T11:07:00Z,42033344b6ffbe4da5fa02015642579c22a6cf20c0263c8f097b96d3,60.16762,24.95415,000000006b44cce7,17.4
21529,2019-08-04T11:07:00Z,42d34a6c595760e51052178acc978bdb2b6348e0405f7b58c57f0915,60.16829,24.94214,00000000afef4555,23.56
21530,2019-08-04T11:07:00Z,439ff6b8ff9dc79d47e223164a87fc2d620f29bc7ea1bc7ea4c5cc58,60.16897,24.95222,00000000aa852af1,20.28
21531,2019-08-04T11:07:00Z,43d8c869f8bf0d7c3d876015bbc5de703fe705613be55538351ba02d,60.16897,24.95222,00000000aa852af1,9.12
21532,2019-08-04T11:07:00Z,44703b8dd01d3bd79585c9c7e12217e1ac152f86e2b0c9ed6be4bc19,60.16544,24.95398,0000000038d83d41,17.4
21533,2019-08-04T11:07:00Z,44d01b24bde0f8031d7cf15bb66e661ad9bd92807f3213fabf920fa1,60.16762,24.95415,000000006b44cce7,6.46
21534,2019-08-04T11:07:00Z,4538bf4d0ca02f13fad76c46f7b34e72978c49b0cdfe4ea9fe151a50,60.16762,24.95415,000000006b44cce7,9.92
21535,2019-08-04T11:07:00Z,465eab28635efe98500085ceb161cf941d02272a0107fbbfb2203c29,60.16829,24.94214,00000000afef4555,9.92
21536,2019-08-04T11:07:00Z,46b81e0dd10fe05195c050bacd41d57feeca0e044b6b317ac22a8656,60.16762,24.95415,000000006b44cce7,12.69
21537,2019-08-04T11:07:00Z,47f787c639f2eed345eb5dca409ffcd989850399a1ab781500dd6e82,60.17918,24.95141,00000000675d5200,3.74
21538,2019-08-04T11:07:00Z,4800d49ec59e1cde34360defcce4c2a0c6a58919303c1fe6fdebceec,60.16762,24.95415,000000006b44cce7,13.75
21539,2019-08-04T11:07:00Z,4831311b6d19ecce7981d060fe0971ac961bdfa5a006de633cd38a95,60.16531,24.9442,00000000fdda10fe,29.32
21540,2019-08-04T11:07:00Z,4833b1ea4f519407574f5a838d93a39de28c756c5f53de7ee273b577,60.14947,24.91438,000000004ef3150d,5.41
21541,2019-08-04T11:07:00Z,4954540aca30f8f56f918178fbd53ee48ddef7a231d425061f6b2f6f,60.18203,24.91341,00000000342570c2,23.56
21542,2019-08-04T11:07:00Z,49d6f6bd5878bfac30a67fe92d1501b5b09cab38ab2b35b661902f0d,60.14947,24.91438,000000004ef3150d,14.89
21543,2019-08-04T11:07:00Z,4a54cbed9c373a4136f8851f3f5736eb2fadd5766d316eb5ebbdd231,60.17918,24.95141,00000000675d5200,20.28
21544,2019-08-04T11:07:00Z,4a912b6c106b63933a8c9cc39598823bcb2c94d4b1cc8a5d55cb3972,60.16829,24.94214,00000000afef4555,4.11
21545,2019-08-04T11:07:00Z,4b5b3e8f2b484bc08b196c265f65c70151bd69f6263318eb29125db2,60.16829,24.94214,00000000afef4555,9.12
21546,2019-08-04T11:07:00Z,4cf634fc84e128c3b9bce07a4b726d136e18f0eea4229fdbb48f6db1,60.16897,24.95222,00000000aa852af1,13.75
21547,2019-08-04T11:07:00Z,4d31b0561dbfc9ef5acbd44ba92acb4ca7bad86b948634f005173ece,60.14699,24.922,00000000a53ed894,7.69
21548,2019-08-04T11:07:00Z,4ee41e28902eefcc5c43f89251fab6180f18fce0b6201bdc3bec7583,60.16829,24.94214,00000000afef4555,13.75
21549,2019-08-04T11:07:00Z,4fb84ecf5d221439a3af3b68650b3b7dea1d1324213f3ea57669ead0,60.18203,24.91341,00000000342570c2,23.56
21550,2019-08-04T11:07:00Z,50226a39439d2ed5533146619120156613d51e9e9536885ab84d2e8c,60.17002,24.94407,000000006b087f40,21.87
21551,2019-08-04T11:07:00Z,51789c3026ccfe7e846e44fcd833d006941c2789b9693c77df5a7c98,60.16762,24.95415,000000006b44cce7,12.69
21552,2019-08-04T11:07:00Z,51dc3e37f2c849cad38b2a651abb7964e1dfc0e1e0a244c3a6ca8193,60.17002,24.94407,000000006b087f40,20.28
21553,2019-08-04T11:07:00Z,52daa31a2b3c1c07f78d96ebb4de3a965da5ef0a8035afbd0f7451fb,60.16531,24.9442,00000000fdda10fe,17.4
21554,2019-08-04T11:07:00Z,538f05c49f43aea0fda8bfcfd03d1ac2fc05b55d83fda538cd91e2a4,60.16762,24.95415,000000006b44cce7,9.12
21555,2019-08-04T11:07:00Z,542a405b620e6d166ecc5eadd979b3936d831cea3aa7b75316adb4ca,60.16897,24.95222,00000000aa852af1,21.87
21556,2019-08-04T11:07:00Z,54d53f276563f566e1cd61b100408412cf78b4fe9fcada830aa6e23b,60.14947,24.91438,000000004ef3150d,18.79
21557,2019-08-04T11:07:00Z,5518b2315c236d486c7a5a4fc27c44987672b2f9a0751ffdaa9cbf78,60.16829,24.94214,00000000afef4555,5.91
21558,2019-08-04T11:07:00Z,56101419005237b836e4ed14d91dfa6f9edc4c92b5fcb419943897bb,60.16762,24.95415,000000006b44cce7,12.69
21559,2019-08-04T11:07:00Z,56318cc7f3616fceec2564cbb1f6ca8b88ea861935a1ada93aafd7b0,60.16897,24.95222,00000000aa852af1,14.89
21560,2019-08-04T11:07:00Z,565a35900ed1794a9d566f6fc12f2710875a10eb7c8e6fa0ddd92626,60.14699,24.922,00000000a53ed894,12.69
21561,2019-08-04T11:07:00Z,571934189bf349efb6f596e76c21612cf9b82ed44913090169936048,60.17065,24.93641,000000000f4919c9,27.28
21562,2019-08-04T11:07:00Z,584cb0b0cdd14e608c8b57c8aecc9826f9b40027e365e2438a444ea2,60.16762,24.95415,000000006b44cce7,10.78
21563,2019-08-04T11:07:00Z,58ee8fd47328b1c696ec343920f2c0353d19a915924eb6f6f2638e56,60.16762,24.95415,000000006b44cce7,6.46
21564,2019-08-04T11:07:00Z,59b87e6921598d25b092b66e140328fa03c9f06fe4e697dd344f378a,60.17002,24.94407,000000006b087f40,23.56
21565,2019-08-04T11:07:00Z,5a730ea19664020323272509e5443616ea3f1cecd7b295e294be4ba7,60.14947,24.91438,000000004ef3150d,12.69
21566,2019-08-04T11:07:00Z,5d9aa6fcb0d81ceaa80ca13cc08a88138be517656646e0ba0942ce46,60.16897,24.95222,00000000aa852af1,5.91
21567,2019-08-04T11:07:00Z,5f06b3646e6da155a86e1679f197df7b08fe5df6324e56bd5c4b5921,60.17065,24.93641,000000000f4919c9,23.56
21568,2019-08-04T11:07:00Z,5f3c118283debaff79aa5ba3531ee60ed7acde83ed3e687f88762385,60.16762,24.95415,000000006b44cce7,12.69
21569,2019-08-04T11:07:00Z,5f5805a3ffd092506452c4d45ea8fc037ae23ea726f0b0809ca6ffde,60.16829,24.94214,00000000afef4555,3.74
21570,2019-08-04T11:07:00Z,61ea1a9b050636f67a318275d4bf2b4ca5062d0fd9d76c02998c9db5,60.16829,24.94214,00000000afef4555,13.75
21571,2019-08-04T11:07:00Z,62cac4a0e252305e1128942dc3ec48baaa514c6737c415f85abb3665,60.1538,24.95595,0000000038bf9618,14.89
21572,2019-08-04T11:07:00Z,62d86ee13e6ae7a5c41ffc2de746df72d4ef6e8d2b6a51ce1c68965f,60.16829,24.94214,00000000afef4555,13.75
21573,2019-08-04T11:07:00Z,62e27092b58abcaf80564c408d0d4a7b821abaee92dc2f02ccb11e61,60.16762,24.95415,000000006b44cce7,7.69
21574,2019-08-04T11:07:00Z,64d10ef0926ecca987bad278990d966d8fac8775f03847d1f5a4a2f6,60.16762,24.95415,000000006b44cce7,7.69
21575,2019-08-04T11:07:00Z,66755836036c771e53ffd9d0dc09b8575231b53b80af22e868691a2a,60.14699,24.922,00000000a53ed894,6.46
21576,2019-08-04T11:07:00Z,66b286cdb9e93883f7eb88bed6e49742fd233e680835bffeeb1b8af8,60.16762,24.95415,000000006b44cce7,13.75
21577,2019-08-04T11:07:00Z,697103160f0b3dc0ba38ccdd18203ae84ec35fc314322d1172c093b2,60.16829,24.94214,00000000afef4555,13.75
21578,2019-08-04T11:07:00Z,69852d528034ea6fc746ed8942c32f1c90bc33a7a7317dfac3c9b1c1,60.14699,24.922,00000000a53ed894,4.5
21579,2019-08-04T11:07:00Z,6990b912b53e2278e4a3d421330e44169d05b275ad57d86ff4ad1615,60.14699,24.922,00000000a53ed894,29.32
21580,2019-08-04T11:07:00Z,6ac1903c80e63433e4bc744dc0e801bff647117d38d3753fb9a6a4c1,60.173,24.92524,0000000096918cfa,21.87
21581,2019-08-04T11:07:00Z,6ac8fdd67b3dd11f0bae935f3a285880138382088238b97f511d3f12,60.16897,24.95222,00000000aa852af1,13.75
21582,2019-08-04T11:07:00Z,6c97da4ba9462e7fe786a472989dab23340d31809dd78d5617204da4,60.16829,24.94214,00000000afef4555,12.69
21583,2019-08-04T11:07:00Z,6e492dbc3f10157e7ff00826a839a97262ab36244ccc57b702a89999,60.16531,24.9442,00000000fdda10fe,5.41
21584,2019-08-04T11:07:00Z,6ed478b9924df6bb6e6abe0b376f750b2c4abd0bf4f3d32b71b07446,60.16829,24.94214,00000000afef4555,21.87
21585,2019-08-04T11:07:00Z,6eeb71c74d753822f920829149d942cf52b726b0b83c5aa3e6cb132e,60.16762,24.95415,000000006b44cce7,4.5
21586,2019-08-04T11:07:00Z,6fe3f6ab1b2c39e28ff7099e891f9fab4be2f9708f8ecfd5bf80e8a5,60.17002,24.94407,000000006b087f40,14.89
21587,2019-08-04T11:07:00Z,70ffae2b8178e0915c5de7816f8dd8bcc3af745ee49df8ac4da4adba,60.17918,24.95141,00000000675d5200,25.36
21588,2019-08-04T11:07:00Z,714e80a1e3c0fee43e312f314b2faec47e582ee8dac47e4818dbc2f9,60.149,24.9843,00000000fffb8cf0,3.09
21589,2019-08-04T11:07:00Z,71c1367c7dea4dfa243172e02b9092c7a0810bef003216681759891e,60.16897,24.95222,00000000aa852af1,18.79
21590,2019-08-04T11:07:00Z,730d975773cc8c9c07ff88fb87377ff64a961a96e9237e59859fa46f,60.16762,24.95415,000000006b44cce7,16.1
21591,2019-08-04T11:07:00Z,7484ecf89e24efb4a366562730f7341391f930dad7b216184022d0da,60.173,24.92524,0000000096918cfa,21.87
21592,2019-08-04T11:07:00Z,75d452cbba63995ad06213b577081e8db650c80b3a78060789a8e831,60.16762,24.95415,000000006b44cce7,9.92
21593,2019-08-04T11:07:00Z,765243fc3021a21bc913ebdd4ce13c3606a5f0e655244884fa039ee6,60.15432,24.9211,0000000019fb59c4,23.56
21594,2019-08-04T11:07:00Z,79bde23c1a8980f93a65e14306f0d8ea89e164430d8b991e2bfee82e,60.16531,24.9442,00000000fdda10fe,13.75
21595,2019-08-04T11:07:00Z,79f6ceff0d0fc6687b4982c4d38a9ebb0a1056b6e0c448b1b9e79e8e,60.16897,24.95222,00000000aa852af1,21.87
21596,2019-08-04T11:07:00Z,7ddcdde2316659d0fa4b8597b86430e095ea0bc7f3564a9d05fc60f8,60.16897,24.95222,00000000aa852af1,17.4
21597,2019-08-04T11:07:00Z,7de4ba54f0d667a69cb0b6d625856bc6b040f51a42f91beae366a269,60.16762,24.95415,000000006b44cce7,4.94
21598,2019-08-04T11:07:00Z,7e78b2348d9576c63ebb626030ee9d43e2bf07e860782adf3f1c452b,60.16829,24.94214,00000000afef4555,14.89
21599,2019-08-04T11:07:00Z,7ea276abbe2f1bfd85b2493f7b4c801189e673c0b4dc987d2c8e30dc,60.14699,24.922,00000000a53ed894,23.56
21600,2019-08-04T11:07:00Z,7eefc5581c616491b78192b28b519ba727dc884a87bc06b8df1ea4f2,60.14699,24.922,00000000a53ed894,14.89
21601,2019-08-04T11:07:00Z,8161aa3f87dfa9c86e9489cfbcfad378c74533ec183229bd8e2a99f7,60.14699,24.922,00000000a53ed894,31.5
21602,2019-08-04T11:07:00Z,822590bd49bcf7ed4de4f8389586915c343b29c4283ff8b90d7c1d39,60.17065,24.93641,000000000f4919c9,13.75
21603,2019-08-04T11:07:00Z,82ac749474448abac333d00869cb8b508872f86293913d95eae26a05,60.15432,24.9211,0000000019fb59c4,9.12
21604,2019-08-04T11:07:00Z,82cddd3b9f58762d36efe78da4e2722ee587cfdb3fdbc58b52673082,60.16629,24.95957,00000000fb7600be,11.7
21605,2019-08-04T11:07:00Z,844b8ad6ebf530978d1139d527a681991f4d3eed6be5bc723f0b2192,60.16531,24.9442,00000000fdda10fe,1.12
21606,2019-08-04T11:07:00Z,85b440c4e1125b1e2531499de3b19b82ae4b7eabb4d89c63c97fa83b,60.16829,24.94214,00000000afef4555,20.28
21607,2019-08-04T11:07:00Z,886032718e05487be8bd75bb14464814044c7edd7f9a2198304f6fb4,60.16629,24.95957,00000000fb7600be,14.89
21608,2019-08-04T11:07:00Z,89df1daad350e46d526e113019214d2e1a19d8f48da761bb3583399b,60.16762,24.95415,000000006b44cce7,6.46
21609,2019-08-04T11:07:00Z,8a7f5012c000c420f0a336a3988c72cf2b373818f4f3f369e994d8e4,60.16829,24.94214,00000000afef4555,12.69
21610,2019-08-04T11:07:00Z,8c4e4851db86ec4a3ce29a58be770eb29c38b9a983351bb67d781982,60.16897,24.95222,00000000aa852af1,14.89
21611,2019-08-04T11:07:00Z,8e2c857270f20b124ad4a698a7f64eb83c30bd96bbc5355374785cf2,60.149,24.9843,00000000fffb8cf0,21.87
21612,2019-08-04T11:07:00Z,90b12d2b9898702fd62b343512e0d53796ae38decdf704e203a0cc39,60.16829,24.94214,00000000afef4555,18.79
21613,2019-08-04T11:07:00Z,91602a694bc74a2874ba7f02a7bae062a3a77cd869b86a74800415b8,60.17918,24.95141,00000000675d5200,23.56
21614,2019-08-04T11:07:00Z,92df20d921f76c63470e3f5afbe201d3ae15f5133f66c291db796082,60.16629,24.95957,00000000fb7600be,13.75
21615,2019-08-04T11:07:00Z,93272ad17155ea9499641eda7c5560691582116096278b82738ab21e,60.14699,24.922,00000000a53ed894,16.1
21616,2019-08-04T11:07:00Z,934bab75e2a2354910288b01c44fdfda4a87f92ac010109f641b3122,60.14699,24.922,00000000a53ed894,18.79
21617,2019-08-04T11:07:00Z,97490f522f1a0226c8f7e8ed7bca08dd71b63d80b46d38020127b868,60.14699,24.922,00000000a53ed894,14.89
21618,2019-08-04T11:07:00Z,9924ed20d6ddee438860f63a9fa1a2cefa7ccfa275d6da3a2008d84d,60.173,24.92524,0000000096918cfa,14.89
21619,2019-08-04T11:07:00Z,998a30ee5f5ff6d2bc9ed04420591e525ded59ad66d09eefa240cc8e,60.16762,24.95415,000000006b44cce7,11.7
21620,2019-08-04T11:07:00Z,998ac46ad73c197bab1f36dca67d8bcaa3aca92249185a5e3715043f,60.17065,24.93641,000000000f4919c9,12.69
21621,2019-08-04T11:07:00Z,99b998b07243afd316e6fa57636b0ab6761b9c2a6f0fe050eae40c08,60.16762,24.95415,000000006b44cce7,9.12
21622,2019-08-04T11:07:00Z,9a23dca42469f79bf4f5665caffb8d0dd8da182f6fb72f595309803b,60.149,24.9843,00000000fffb8cf0,18.79
21623,2019-08-04T11:07:00Z,9a49d0b5a67fba15ce8971503f6fea88994b33487a842397c5e8564f,60.16762,24.95415,000000006b44cce7,6.46
21624,2019-08-04T11:07:00Z,9af5161d635984285f0d259f202fe80516d5258255b979b9910afe05,60.16762,24.95415,000000006b44cce7,21.87
21625,2019-08-04T11:07:00Z,9b17422199e594df512c6cda493d8fc5b5141741b2f804eb18016640,60.14699,24.922,00000000a53ed894,27.28
21626,2019-08-04T11:07:00Z,9b24f69458294d27d07a0169665965135fd02f4c953f85bcebf4ba87,60.16762,24.95415,000000006b44cce7,5.41
21627,2019-08-04T11:07:00Z,9b4b0705e58750d2bcbd71ad65d85677f7e77db5dfe69d1a70b5d31f,60.17918,24.95141,00000000675d5200,9.12
21628,2019-08-04T11:07:00Z,9bef562c292174f1eb3933116effff74a8733a78e5c1df140de3fd6c,60.17919,24.95181,000000007b5207b6,4.11
21629,2019-08-04T11:07:00Z,a30740fbf4b7e21f6fe2996e9325c90936de161cb2165e87cd96fd35,60.149,24.9843,00000000fffb8cf0,21.87
21630,2019-08-04T11:07:00Z,a3c1a4a58b9381c27b1d5076e0d8d72039afccfb0e58438a80247324,60.16762,24.95415,000000006b44cce7,2.3
21631,2019-08-04T11:07:00Z,a50e0bb8fd1ad4ad264c3246b210a0c6285faae591c1bd2c2c3458af,60.16829,24.94214,00000000afef4555,11.7
21632,2019-08-04T11:07:00Z,a5835ce352a1e6d8fb6bdc410fae1076c756f7dac8e202465add9277,60.16762,24.95415,000000006b44cce7,14.89
21633,2019-08-04T11:07:00Z,a5d632ac8ffc19a626de034d3c9444fd262ee6edada285c816ea9266,60.16531,24.9442,00000000fdda10fe,8.38
21634,2019-08-04T11:07:00Z,a5f038c127ca4872294d7de2b08e334af618534637cc64bf42a6438d,60.17002,24.94407,000000006b087f40,27.28
21635,2019-08-04T11:07:00Z,a764c2246c85b2b0aa79e581e2fe238da93de098abbb90aee24c11ca,60.16829,24.94214,00000000afef4555,14.89
21636,2019-08-04T11:07:00Z,a81c19fb85eebf853246cdc4d8e38245dfa5ba15c180eaa1bcc0378d,60.16829,24.94214,00000000afef4555,16.1
21637,2019-08-04T11:07:00Z,a83e37b53f8baa4f66b23a932b9b9bdc76ee901cc4f4235a8c7147d1,60.16448,24.97323,0000000053c6c2be,29.32
21638,2019-08-04T11:07:00Z,a886b4abe49668d4b2cbff88eaab1e4cf9e38bd0afa636cdff901d90,60.17002,24.94407,000000006b087f40,31.5
21639,2019-08-04T11:07:00Z,aa4547c0b6b8be30776e08d524ceeacfbc9930ad720e11fa4cb20882,60.16531,24.9442,00000000fdda10fe,1.54
21640,2019-08-04T11:07:00Z,aa45859d6157e9e86470ec8b81957acc35bafb1b7f419d79357a38cf,60.16829,24.94214,00000000afef4555,11.7
21641,2019-08-04T11:07:00Z,ab1377ddf669bb806f8db586f4ce5ab9f0f4257dda61fe800d8509f5,60.17065,24.93641,000000000f4919c9,27.28
21642,2019-08-04T11:07:00Z,ab5a898dee82ed143fd90e2b4bf5efdb881355a720ed126aef3617a2,60.17002,24.94407,000000006b087f40,18.79
21643,2019-08-04T11:07:00Z,ab9310807d2eb4984b053d38f467cb5d3e4211ff71ceb059480cf9ba,60.16829,24.94214,00000000afef4555,20.28
21644,2019-08-04T11:07:00Z,ac4679e3db131ec2ea8e1111c8aa0d71020cf8796ecb11f142478394,60.14947,24.91438,000000004ef3150d,4.94
21645,2019-08-04T11:07:00Z,ac5c7e04b55d6d70659e5b8f4705309b9367c78a0edb7ce85f42c181,60.1538,24.95595,0000000038bf9618,25.36
21646,2019-08-04T11:07:00Z,acb3f63fe0879b2640a9d68a248a15f85777e30652945d7740bb95f4,60.16762,24.95415,000000006b44cce7,17.4
21647,2019-08-04T11:07:00Z,ae3cda5066e455d4b1e58860e8fb7a35efad69b9964a676b476b0687,60.14947,24.91438,000000004ef3150d,4.5
21648,2019-08-04T11:07:00Z,b0d6202ccd1560eaf57c06931cb6466332e41068ad2963e515819015,60.17919,24.95181,000000007b5207b6,20.28
21649,2019-08-04T11:07:00Z,b2298fc6f63c02481610f9aef24f1a0c1711c255adc43c0fe135c1ca,60.14947,24.91438,000000004ef3150d,29.32
21650,2019-08-04T11:07:00Z,b3266ecf36a984b814e1b2d31b447438bd948a9c116721480104792f,60.16829,24.94214,00000000afef4555,25.36
21651,2019-08-04T11:07:00Z,b4c8900041e9f8751755d3940ceac58419e6370cd81cdb90d7800de1,60.14699,24.922,00000000a53ed894,21.87
21652,2019-08-04T11:07:00Z,b5cdbcdc30e0bf653ce353c867708b0067db5e394c8cbe848d978a77,60.14699,24.922,00000000a53ed894,10.78
21653,2019-08-04T11:07:00Z,b5f80d159e59c4558e49ea6fb68f6bc72ee9eb92bee60991bdf4e46f,60.16762,24.95415,000000006b44cce7,12.69
21654,2019-08-04T11:07:00Z,b601cd655bb9f05aa6ec86fc9eb9300c3bc20bc0e856e94ad168a257,60.14947,24.91438,000000004ef3150d,9.12
21655,2019-08-04T11:07:00Z,b61c6a5634cffe7dead72d5f6730e8439bee6dd2286d9df8f3052e3c,60.16762,24.95415,000000006b44cce7,8.38
21656,2019-08-04T11:07:00Z,b81a9bf449d3e64ad0181804598330bbf305f384b888935023742c79,60.173,24.92524,0000000096918cfa,20.28
21657,2019-08-04T11:07:00Z,b81e65168ea3278486b1c954ab229bc2eda3fe07098e824f05cd0ac4,60.149,24.9843,00000000fffb8cf0,25.36
21658,2019-08-04T11:07:00Z,b8f5834e6b992cf5568ae3153fb4b07e97b7f6dd01250851134c1824,60.149,24.9843,00000000fffb8cf0,13.75
21659,2019-08-04T11:07:00Z,ba41edadb3a9722bc59efaca71897a33593d0f17301c4bf560fd23e1,60.16762,24.95415,000000006b44cce7,16.1
21660,2019-08-04T11:07:00Z,bbf7d8b9085ddcd3b94f55f93b52cb40a251c44f5df4099ba5b61471,60.16829,24.94214,00000000afef4555,7.05
21661,2019-08-04T11:07:00Z,c17d750015a2259a1bba7471f2e4e0a1db4df53276be8c8463fd5f84,60.16829,24.94214,00000000afef4555,5.91
21662,2019-08-04T11:07:00Z,c27fee8ae8d689338b043608280c83cfa6f3276d3837ecea5f742dc3,60.16762,24.95415,000000006b44cce7,5.91
21663,2019-08-04T11:07:00Z,c2cc33e5b1b8d254d4bcbc0ffa13c9200676a39a191cc31a38d28d8d,60.17065,24.93641,000000000f4919c9,11.7
21664,2019-08-04T11:07:00Z,c2e135ad2c160277e290705658ac41d7cd35b11ebf61d829fdd0b428,60.14699,24.922,00000000a53ed894,14.89
21665,2019-08-04T11:07:00Z,c45e3c4e8ec0fc85457d3b4ed4c49ed0116b4cf447e2983f353abcd8,60.16829,24.94214,00000000afef4555,13.75
21666,2019-08-04T11:07:00Z,c4c3ad738ca47920bb66939f620126c87f730c644813158554916827,60.16762,24.95415,000000006b44cce7,10.78
21667,2019-08-04T11:07:00Z,c5561c3256acd3ed1ac0796b958cdf66cc9da55aa33c5e44a11042ad,60.16762,24.95415,000000006b44cce7,10.78
21668,2019-08-04T11:07:00Z,c5ffe1809d0314e1f74db7cbb63e9a1b59f6fdda752b423ea74be3b0,60.16897,24.95222,00000000aa852af1,17.4
21669,2019-08-04T11:07:00Z,c6b0ea433c3fdc73e0bac7e3faa2690506c4e8ec7fc54210446a7ffa,60.14947,24.91438,000000004ef3150d,9.12
21670,2019-08-04T11:07:00Z,c6b6dae46c1fc2c51d2ea80721691a751c8aa0f61279d9f03b6040f3,60.14699,24.922,00000000a53ed894,21.87
21671,2019-08-04T11:07:00Z,c7160ae9aa31ca4dba615425303b1e527f342ede653be387ee54389c,60.149,24.9843,00000000fffb8cf0,21.87
21672,2019-08-04T11:07:00Z,c739921adb150c53f1887c6ce887adc6cd7ae7e35e69f6e4dc52fe81,60.173,24.92524,0000000096918cfa,23.56
21673,2019-08-04T11:07:00Z,c7ced11121537f55bcd7d7ab67312226dafe7c85320c5357a35d5ab7,60.17002,24.94407,000000006b087f40,17.4
21674,2019-08-04T11:07:00Z,c84bea677221e90e6c575866121b3dab369adc187759dfd0a00ffa37,60.16762,24.95415,000000006b44cce7,18.79
21675,2019-08-04T11:07:00Z,cbdcd7a65da51c93831457440ca716ee46c278cd8597610e661946cc,60.16897,24.95222,00000000aa852af1,13.75
21676,2019-08-04T11:07:00Z,cc696789aed7ee6ea1dff48eae7da441c3a3ccb4f18ab60ba702c91f,60.16762,24.95415,000000006b44cce7,17.4
21677,2019-08-04T11:07:00Z,cd7d0e9404c9f4e8fab0742460b9acb4d5bbb97f44df80d4a8b973cd,60.17002,24.94407,000000006b087f40,9.92
21678,2019-08-04T11:07:00Z,cddbfc3b0a1459f0ea8d553779cf320d512cac6e64976182f2f0b3b7,60.16829,24.94214,00000000afef4555,13.75
21679,2019-08-04T11:07:00Z,d04b5065ec93818b731141027d11e6a1cf53de69b9737d7aea0c34da,60.14947,24.91438,000000004ef3150d,13.75
21680,2019-08-04T11:07:00Z,d1b77fcfad94da8564d1a85ed1797255531e5ab26cc835800878fb26,60.17065,24.93641,000000000f4919c9,21.87
21681,2019-08-04T11:07:00Z,d2035ce81fa46947bdf02a20f297b2df4144c7c0931db02ab0164fa6,60.14947,24.91438,000000004ef3150d,38.87
21682,2019-08-04T11:07:00Z,d23d6afa580687749de352818db606b272b579b77c6009badb4aa4a6,60.16897,24.95222,00000000aa852af1,20.28
21683,2019-08-04T11:07:00Z,d293249d86121f55f495956ffbcc8e48615ab82da7750025bc758280,60.18203,24.91341,00000000342570c2,10.78
21684,2019-08-04T11:07:00Z,d3bad9334d128332fc483e10ef1b77c28e5a75ac55be4de71c6b2f9f,60.16829,24.94214,00000000afef4555,13.75
21685,2019-08-04T11:07:00Z,d6a8c97f1ec18c7a90d3beae358bad67f8d53626258a852e15b08c5d,60.14699,24.922,00000000a53ed894,14.89
21686,2019-08-04T11:07:00Z,d71a315bac918f9a18fcd820731e6d9eb54fb0d01c324ca088ef8858,60.149,24.9843,00000000fffb8cf0,18.79
21687,2019-08-04T11:07:00Z,d7b3daaab1b36d8d95f7672a0339b99b2a16483fc1c71c5177aeb948,60.16829,24.94214,00000000afef4555,33.81
21688,2019-08-04T11:07:00Z,d7b6b8f9e61c0c1181850b8880f319ea2ef58d8a3adac78d63c0d11c,60.16829,24.94214,00000000afef4555,25.36
21689,2019-08-04T11:07:00Z,d82f37918d46bea29e113c6b57b901b1b960ed3337bdcce777aea476,60.17065,24.93641,000000000f4919c9,14.89
21690,2019-08-04T11:07:00Z,d83c1c2d3a3876c948e277bace6d013eafc0c4e118958e138f8b1257,60.16448,24.97323,0000000053c6c2be,29.32
21691,2019-08-04T11:07:00Z,d86f155736e4d36de5d33bdbb3b12b717b75de44852b93419af20945,60.16829,24.94214,00000000afef4555,21.87
21692,2019-08-04T11:07:00Z,d9a5b0033b928dc7932083909b29c0529a51ccc1c1cd9cad67c4306a,60.14699,24.922,00000000a53ed894,21.87
21693,2019-08-04T11:07:00Z,da2398acaae7f39c7b80c220d4e6917bdc7655f4c71b6e36d06cb859,60.18203,24.91341,00000000342570c2,16.1
21694,2019-08-04T11:07:00Z,dc4072a3cfc00cca0bde9925adc82bb9c2548af1724368561eefcbf8,60.16762,24.95415,000000006b44cce7,9.92
21695,2019-08-04T11:07:00Z,dc534c1cb5eb7f34b6b57bd93c8d9acb2685ba264563f6f388d09923,60.16762,24.95415,000000006b44cce7,9.92
21696,2019-08-04T11:07:00Z,dc816e92e4a2eceea03f41fc379fda0e3d57b5d0fbd9a06430432022,60.16762,24.95415,000000006b44cce7,4.5
21697,2019-08-04T11:07:00Z,dc82f9648bb5ba21e766e0923f5fa7ca2d77662ab0edbe22a3d95631,60.14699,24.922,00000000a53ed894,4.11
21698,2019-08-04T11:07:00Z,dcb8f3c3c5136c4abc8757fcb34fedc553ea044b0928f945d89334d5,60.16762,24.95415,000000006b44cce7,7.69
21699,2019-08-04T11:07:00Z,dd8e0699822b1a8a3f8a91fcb10729f6f7cd0a4736f36dc60974c36e,60.16762,24.95415,000000006b44cce7,13.75
21700,2019-08-04T11:07:00Z,ddd0e663eb31ac94858d2a4e9af5e4782781e88c92102042190e6fcf,60.14699,24.922,00000000a53ed894,11.7
21701,2019-08-04T11:07:00Z,de48adf9d49eb3bc1d61dea4047618f6c77086fc44bd2b535d56504d,60.16762,24.95415,000000006b44cce7,3.74
21702,2019-08-04T11:07:00Z,de71e27b55ef6f2f51f05838a2fcab596f1dd93a14ece5ce4548f5c7,60.14699,24.922,00000000a53ed894,13.75
21703,2019-08-04T11:07:00Z,e081e4b3252ca91bbf1cbb70faa116d60317fbf3a991a67bc99b4bfa,60.149,24.9843,00000000fffb8cf0,18.79
21704,2019-08-04T11:07:00Z,e0859a9c906151023376d86762070f38ba1b3859e671531b0edac6cd,60.16075,24.95883,00000000f1124bca,9.92
21705,2019-08-04T11:07:00Z,e092030747b57112ba6ccf5bdd565d76abb3607abf31a06d0d92660c,60.16762,24.95415,000000006b44cce7,2.54
21706,2019-08-04T11:07:00Z,e0d7e8b332ca8514428ab10acf6d3a6b777da62ff8ea3e18d9b32989,60.16762,24.95415,000000006b44cce7,10.78
21707,2019-08-04T11:07:00Z,e1da87aea335bcd04e4c876158b96ebc7ba4206bc216c3aa27a2f4af,60.17918,24.95141,00000000675d5200,23.56
21708,2019-08-04T11:07:00Z,e26862fdcdd4688d81b8fe05d1ac94c5f9b3192ddc50d4c66ad12cc1,60.16897,24.95222,00000000aa852af1,14.89
21709,2019-08-04T11:07:00Z,e29168791ccd18013b58845430388cc5aac537e7e1c618aeb78900a8,60.16897,24.95222,00000000aa852af1,9.12
21710,2019-08-04T11:07:00Z,e305610124e16ed1411a221b29ce69a076cc47982efd6c098b0599ab,60.14947,24.91438,000000004ef3150d,5.41
21711,2019-08-04T11:07:00Z,e3d10629f4abe882e6ce7081e69154aeb6029e9201bf25216203a29e,60.16762,24.95415,000000006b44cce7,25.36
21712,2019-08-04T11:07:00Z,e44d7228cecbdb2474e1cc396a6c13943f09c08c19d0ffab1997d509,60.17918,24.95141,00000000675d5200,20.28
21713,2019-08-04T11:07:00Z,e53a901aed874016e1cd1ed3e9b2891fca850986cb2fa04f5162cf52,60.16762,24.95415,000000006b44cce7,2.54
21714,2019-08-04T11:07:00Z,e557e164cd52fd817b02cad6587a294d72b0974d9b014ad69ea5e08e,60.17918,24.95141,00000000675d5200,2.3
21715,2019-08-04T11:07:00Z,e57facbf08a4abd25c366c0604463549586bb771b6ce2cf62945cdbf,60.16762,24.95415,000000006b44cce7,13.75
21716,2019-08-04T11:07:00Z,e5b9b4813c081a31fb498e7f9adb94918c267dfa125c63790c0d9488,60.149,24.9843,00000000fffb8cf0,21.87
21717,2019-08-04T11:07:00Z,e9d59e25b58f33f70aad6832863cb59d7485ca55a1575558f92b74e7,60.16897,24.95222,00000000aa852af1,13.75
21718,2019-08-04T11:07:00Z,ec3d7e964cdc4b954880f25dd9480b583dc6c9e5520baf4ceb8fb424,60.16762,24.95415,000000006b44cce7,7.69
21719,2019-08-04T11:07:00Z,ecb1735f180422ec69f041cd2782a26c9f07d27a87893b3c30aaa9b7,60.16075,24.95883,00000000f1124bca,11.7
21720,2019-08-04T11:07:00Z,ecf13e9d610ad235409932d263110fd52c69d0f5f39e9ffd3ad8b740,60.16897,24.95222,00000000aa852af1,17.4
21721,2019-08-04T11:07:00Z,eea43687eab35d2c386347881796eb1c8279076b9e9642ebc2cd06ac,60.16762,24.95415,000000006b44cce7,1.01
21722,2019-08-04T11:07:00Z,ef15ff71b7dc4c2088249a4fca7e28900ae315245a7a3b4d571bf582,60.16829,24.94214,00000000afef4555,8.38
21723,2019-08-04T11:07:00Z,ef33ccdfcdb12920eabb3306e0f86dc7e6060a5d3864b03e2de7e1ef,60.16897,24.95222,00000000aa852af1,20.28
21724,2019-08-04T11:07:00Z,ef5e495c5f9d3dd9eb22ed5b8faf1cc9e4225d4785ebb26a87d16fff,60.14699,24.922,00000000a53ed894,9.92
21725,2019-08-04T11:07:00Z,f014103201b8ae8f495f8e1e04da3c934079461391d4801ee6c2faaf,60.16762,24.95415,000000006b44cce7,9.12
21726,2019-08-04T11:07:00Z,f110acae92fec55c6caca5de864773a6b99e5b8d6e2fdf8d1bdbc759,60.16762,24.95415,000000006b44cce7,5.91
21727,2019-08-04T11:07:00Z,f196f5f8c08299d290b3bac1944e00bb1f2c90594db66438b0c10e6e,60.16629,24.95957,00000000fb7600be,25.36
21728,2019-08-04T11:07:00Z,f1d44b9d3710849eba7eab0b6646053378aa5f8ee3491ec2522f3c44,60.14947,24.91438,000000004ef3150d,16.1
21729,2019-08-04T11:07:00Z,f2467c8ede6444941158701b7bd9d005beec9ffdb355ce2d8c7a9bfd,60.149,24.9843,00000000fffb8cf0,18.79
21730,2019-08-04T11:07:00Z,f43b8b2cf2c0bd291543858796d75b211d283ab73dcab5ad5dfd0aeb,60.16897,24.95222,00000000aa852af1,21.87
21731,2019-08-04T11:07:00Z,f5ffa3dbcdd5592ac31344cb04a7a6d639109a4d6e196fa0df3990dd,60.17065,24.93641,000000000f4919c9,25.36
21732,2019-08-04T11:07:00Z,f616fbd0fde8316049c3068ae4368dc9f486f8da4bf5516e9ba82578,60.16897,24.95222,00000000aa852af1,18.79
21733,2019-08-04T11:07:00Z,f62b86ef56fa9417b0128f2fff6530aed6f2a50d3f65bbbfdcbbee59,60.16762,24.95415,000000006b44cce7,6.46
21734,2019-08-04T11:07:00Z,f77d86d6fcfc6cc5ce50a14177a7100c8967fa5947fc13e3a198e345,60.16762,24.95415,000000006b44cce7,25.36
21735,2019-08-04T11:07:00Z,f78ef2ddbe48b534137498eab56c0a55ec0e0b1d8868e82cb5652a0e,60.14699,24.922,00000000a53ed894,8.38
21736,2019-08-04T11:07:00Z,f7be7d003528c0c0827040a3a3723e49406a5a7c86cb4bc568a830db,60.17002,24.94407,000000006b087f40,13.75
21737,2019-08-04T11:07:00Z,f855918d61069661cbf8633b228a5fb9e5cd5ea7b2946bfc5b9fc315,60.16829,24.94214,00000000afef4555,14.89
21738,2019-08-04T11:07:00Z,fa15a46a5326515aa1a4b43762ef2018a2be3ac983c811558c1fe104,60.16762,24.95415,000000006b44cce7,8.38
21739,2019-08-04T11:07:00Z,fb37b263777ffcf7fe1fb6484821cae2b8beb03b5f5009109748dedb,60.16762,24.95415,000000006b44cce7,25.36
21740,2019-08-04T11:07:00Z,fbd28054e4a5478c8ca06f4d682405d1c59bef4853cad413ecb58d13,60.14699,24.922,00000000a53ed894,13.75
21741,2019-08-04T11:07:00Z,fda481107ccd1ee84269967e42cbd312252a4216e9c7af4822669a69,60.16829,24.94214,00000000afef4555,33.81
21742,2019-08-04T11:07:00Z,fdf5c0dab003c974e22f3746bfb7fa399e10ca82fcec35ba6dcd6065,60.18203,24.91341,00000000342570c2,23.56
