,time,hash,latitude,longitude,serial,distance
0,2019-08-03T08:07:00Z,10ec5cb00d10c5a892583fbab7f707864923990b62f450c610df9716,60.17065,24.93641,000000000f4919c9,29.32
1,2019-08-03T08:07:00Z,14c7e1511b70f4dd3359cbece1377aebb4d70531f5489eefe53d7c3c,60.16544,24.95398,0000000038d83d41,27.28
2,2019-08-03T08:07:00Z,15918569de0a46a8eb56b43d8d39f7fc82619ff1006f00822c85745c,60.17918,24.95141,00000000675d5200,1.25
3,2019-08-03T08:07:00Z,165ebbb4090d47319ae370f0d0854fdc1f6b79499f8b2e4d3c3533c0,60.16544,24.95398,0000000038d83d41,33.81
4,2019-08-03T08:07:00Z,22895893abe1536b0c8bf7ea93f32802c56735bac1bd5e8bb6f22471,60.14699,24.922,00000000a53ed894,11.7
5,2019-08-03T08:07:00Z,2448a4a7bacce376bf9041799fcd0ba60e3c1179e1fdfc9d7463f44f,60.15432,24.9211,0000000019fb59c4,29.32
6,2019-08-03T08:07:00Z,2a93b61a3863ace54349d7a0937e4134fcc6d4dfcf064eefae2b7cf8,60.15432,24.9211,0000000019fb59c4,17.4
7,2019-08-03T08:07:00Z,2af9f18ec38ddcce3e687bdf1a0e3d95da68f65a2028ee4a3bdeddab,60.15432,24.9211,0000000019fb59c4,12.69
8,2019-08-03T08:07:00Z,304bb5696787ec5a87baf1ad1b37dbed0ff882637d3d965cb18619da,60.149,24.9843,00000000fffb8cf0,17.4
9,2019-08-03T08:07:00Z,3ad296e10983c2ed457632d45855aecf265b05873d87c94e1e462ba2,60.1638,24.96846,00000000d747f075,13.75
10,2019-08-03T08:07:00Z,40fb0155c91a3ab1736a6bd83f81cf77fe80177e68d799e0a845a1f1,60.14951,24.92138,0000000006dd41f6,9.12
11,2019-08-03T08:07:00Z,4186d6da68ebd511be3b61a558ed48d28d1c10eecd472a422b422ca2,60.16544,24.95398,0000000038d83d41,16.1
12,2019-08-03T08:07:00Z,42e4334e48cea326c698c8e5e640ba8310b01ed1ecf539425790c6c6,60.16829,24.94214,00000000afef4555,9.12
13,2019-08-03T08:07:00Z,43b676ed3aef4c2d8846694817e76117873be52e7f788e0cb366c1c4,60.16629,24.95957,00000000fb7600be,27.28
14,2019-08-03T08:07:00Z,48fc10b1c898842a641fdef310599d6d5eb7cbb53c7d9fb5932933d7,60.16762,24.95415,000000006b44cce7,11.7
15,2019-08-03T08:07:00Z,55486c7cbc7fe90013a13d912b76ac16b72f90eed0e6df18b56e8a3d,60.16629,24.95957,00000000fb7600be,17.4
16,2019-08-03T08:07:00Z,5bbb5184fded3e51bc78e45e39917794285e6bbc72da404802a9599a,60.16531,24.9442,00000000fdda10fe,33.81
17,2019-08-03T08:07:00Z,5d65719c4cbf045f068d084b72302f447d5fd034413d97d13be00d0e,60.18203,24.91341,00000000342570c2,18.79
18,2019-08-03T08:07:00Z,5eed115a984d490b02b602d73787aee8dc8c4e9365b77fbff3818a76,60.16629,24.95957,00000000fb7600be,25.36
19,2019-08-03T08:07:00Z,6cafeff25cc9b66ae3d429da439cd956cfa8c12d6ae57b1870400fed,60.17918,24.95141,00000000675d5200,1.01
20,2019-08-03T08:07:00Z,7fefaddd58bc0533f67d90e9e76e3ce7d1a1a1bd315cff1062bf0a56,60.16829,24.94214,00000000afef4555,17.4
21,2019-08-03T08:07:00Z,86c92904e4355944c0e7f6d1cfa1705651423c4d43cd97d57e59350f,60.14951,24.92138,0000000006dd41f6,10.78
22,2019-08-03T08:07:00Z,87dfaad29a9276ddddb1fa021d3bc23ad14824c1af16f7d87e713689,60.14951,24.92138,0000000006dd41f6,5.91
23,2019-08-03T08:07:00Z,8b66c40844b6e2f125e8b77a5bad03f936a0bc7f2b3f627c296d4b68,60.16544,24.95398,0000000038d83d41,23.56
24,2019-08-03T08:07:00Z,8c75c3289c84fe4493e1e272a77b615fe1985880c5dc68a7c1a17b53,60.16762,24.95415,000000006b44cce7,12.69
25,2019-08-03T08:07:00Z,8ff60f950161ed884860c37d18e95c683a57d568528f4083008a5dd8,60.15432,24.9211,0000000019fb59c4,12.69
26,2019-08-03T08:07:00Z,9590fbe7f7e9074b6dd825956de8c796ae92a16b43c9c6eff0730584,60.14951,24.92138,0000000006dd41f6,20.28
27,2019-08-03T08:07:00Z,a73feab15b1c10c8eb6ac983cefc02aa781faa64ce6ee51c480c831c,60.16829,24.94214,00000000afef4555,9.92
28,2019-08-03T08:07:00Z,a91d379a4b57c5df22db0d7a041ff69f657b4b31f28554b1011fc03c,60.16544,24.95398,0000000038d83d41,29.32
29,2019-08-03T08:07:00Z,a946809c85b32c633b3822ab6598a1c6f9be21415c0433cdcebd8329,60.17918,24.95141,00000000675d5200,17.4
30,2019-08-03T08:07:00Z,ac0787f0e045c803e5210bda77cbd640b88135d83a2d295642033071,60.17002,24.94407,000000006b087f40,27.28
31,2019-08-03T08:07:00Z,b4faf2d3c4d2b199afeab6ab63b583fe3a2e81e14abbef6917f25129,60.15432,24.9211,0000000019fb59c4,12.69
32,2019-08-03T08:07:00Z,b5fd6b317890e5ab2d79e2cd1abe61626d45a753c7337d0d40728898,60.16762,24.95415,000000006b44cce7,12.69
33,2019-08-03T08:07:00Z,bb52abe4edeb7604c7a55e84373a051fe6adeac1849883eb0877f237,60.15432,24.9211,0000000019fb59c4,10.78
34,2019-08-03T08:07:00Z,bb98768dad0f7c52cf643f035a3e7e48f5cfe28557c66f2a75914b31,60.15432,24.9211,0000000019fb59c4,13.75
35,2019-08-03T08:07:00Z,bc8d5204f383d961b96ae6f2782767a060f81b7d117d022de644fe0e,60.16829,24.94214,00000000afef4555,9.92
36,2019-08-03T08:07:00Z,bfe0c27c136a9db7fecc04e2a0ee8f9a18f87f7d2697b7b1915312f6,60.149,24.9843,00000000fffb8cf0,25.36
37,2019-08-03T08:07:00Z,c0d98967e7575c7d0727764e04702297809bbfe2877f0afc62112028,60.16762,24.95415,000000006b44cce7,16.1
38,2019-08-03T08:07:00Z,c40c37def6bf11a63a2556519a7c6233fd417cdeea2cf14f28e7c42c,60.16531,24.9442,00000000fdda10fe,17.4
39,2019-08-03T08:07:00Z,c46004f62be581a49efe04a5a141a54a84cc45ab622650104bdb2d8d,60.16762,24.95415,000000006b44cce7,9.92
40,2019-08-03T08:07:00Z,c8260290e209356851d93fbd13e00bd570577b205f94ea96cdebf8db,60.14699,24.922,00000000a53ed894,13.75
41,2019-08-03T08:07:00Z,cf05623e4d87ce0906c0b0b7dbf53aacc1228016cd27c341228b6e76,60.18203,24.91341,00000000342570c2,20.28
42,2019-08-03T08:07:00Z,d53069e6c8f96f07bd3c00d0b0d750f33b60d7ef08139cfbfe54369c,60.16544,24.95398,0000000038d83d41,17.4
43,2019-08-03T08:07:00Z,e27b2bbb94836789dead796ee5a231f1e9bb43ebec0b0b43228c4226,60.17002,24.94407,000000006b087f40,25.36
44,2019-08-03T08:07:00Z,eb24ab9795f788b82685ca2492dd2f1fd9b93d8d15f84b69c3fdf0db,60.16829,24.94214,00000000afef4555,10.78
45,2019-08-03T08:07:00Z,ed740f442f5b4c0b7c6278bf30f66d4063bbb308276e4106f8ffc8da,60.17065,24.93641,000000000f4919c9,23.56
46,2019-08-03T08:07:00Z,f088630d7476dae7d4b7e2bb1f10575f2c89acb4b6e061f3d57c2b40,60.16531,24.9442,00000000fdda10fe,23.56
47,2019-08-03T08:07:00Z,fc4f3a44235f1cfc7b53f14ba2da599976a5a0a220d23b852688e485,60.17918,24.95141,00000000675d5200,13.75
48,2019-08-03T08:07:00Z,0111388652bf812db5809204b8e204fdd182b4c2b72728de0bdbdc83,60.16544,24.95398,0000000038d83d41,21.87
49,2019-08-03T08:07:00Z,0355343ef2d29a9141f0994bf8867111aed8d9bd354bd48b9940ad36,60.16762,24.95415,000000006b44cce7,18.79
50,2019-08-03T08:07:00Z,037d9d7f68ed24ac755b2995d2ba45338a8c626a94f3626f745d3bd2,60.16897,24.95222,00000000aa852af1,17.4
51,2019-08-03T08:07:00Z,05257645bcd891996e714eb8b669f99ae5f202a344933aedc5a191a5,60.1638,24.96846,00000000d747f075,18.79
52,2019-08-03T08:07:00Z,06179d0d0ee9729fb4dd89c4ac4f48a40e58fc6238d0e181a7ba72f6,60.16448,24.97323,0000000053c6c2be,9.12
53,2019-08-03T08:07:00Z,06ccfb8fc9fb39c66adf6b6e138681d4ad1d8933553644e27db50f72,60.149,24.9843,00000000fffb8cf0,23.56
54,2019-08-03T08:07:00Z,075ee56d2fe6980b377f946785c6361e7aeea1a7f106c96d4f717b7b,60.14699,24.922,00000000a53ed894,25.36
55,2019-08-03T08:07:00Z,087c58094ead0717bc92673db1d8213dd3f08bc8f10937bb527ba00e,60.16762,24.95415,000000006b44cce7,4.94
56,2019-08-03T08:07:00Z,0951814c1a59dce4131ed5b70f57526b635fc363a7356eda328fa05c,60.14951,24.92138,0000000006dd41f6,9.92
57,2019-08-03T08:07:00Z,0aae853f79e44b57bbbb4f78be149cc811178a85d2b626030a5b8fc3,60.14951,24.92138,0000000006dd41f6,16.1
58,2019-08-03T08:07:00Z,0b419a90e3c12b8b5b159f14ddb14cdd25b8f465666f61a4b0dd0c78,60.16448,24.97323,0000000053c6c2be,21.87
59,2019-08-03T08:07:00Z,0b77caf8dbfc1b6d41b34f553ba42d7a636aa7c89f78b7020c71c419,60.16829,24.94214,00000000afef4555,16.1
60,2019-08-03T08:07:00Z,0b7d5c7f6b64e2b053df98fb5d19ee78f71c83d84bbe5c6e7a5d83d4,60.16448,24.97323,0000000053c6c2be,21.87
61,2019-08-03T08:07:00Z,0bc65562418a4b897163714d63d0bde0ccb76d0d0ce58f295504fabe,60.149,24.9843,00000000fffb8cf0,27.28
62,2019-08-03T08:07:00Z,0f6b5264370c19530a6852a0f283a447b71ef6f9276cfb2774f91e5b,60.16629,24.95957,00000000fb7600be,21.87
63,2019-08-03T08:07:00Z,1035254a8c06c3a9c8f050a393c8f0da859266cd55badbc63c06d38c,60.16762,24.95415,000000006b44cce7,3.74
64,2019-08-03T08:07:00Z,106a004c4939695e5e1bd8c2e1bc9c2792ce7f7b60da2ee3e1e558fe,60.149,24.9843,00000000fffb8cf0,25.36
65,2019-08-03T08:07:00Z,10c51a586a5413e8c8dcf128681a7767afc753292407576cd9f32307,60.16829,24.94214,00000000afef4555,18.79
66,2019-08-03T08:07:00Z,12334a151afc01960d0bc93aa74fa47c7e8dcd1d484109433c201453,60.16629,24.95957,00000000fb7600be,23.56
67,2019-08-03T08:07:00Z,12ea558656b4005e53470ad1b29f34976bd12f21816222d563a68a7a,60.173,24.92524,0000000096918cfa,14.89
68,2019-08-03T08:07:00Z,1386dd2ce8e247b7c96669b112410ecafb9edab4d54ba5156b6aa832,60.16762,24.95415,000000006b44cce7,8.38
69,2019-08-03T08:07:00Z,15a1c4433316964547a462ffd75410796ed5d6af5839fade3951560c,60.15432,24.9211,0000000019fb59c4,27.28
70,2019-08-03T08:07:00Z,15f6ae153c2ece65a3426134f2efed83abfc4d8f4f0a66c411e0bbc3,60.18203,24.91341,00000000342570c2,21.87
71,2019-08-03T08:07:00Z,164d3c6b166a06a4045065399db22538463608df9dd181265733c4e9,60.149,24.9843,00000000fffb8cf0,16.1
72,2019-08-03T08:07:00Z,166132b537c5036f23b3c1f74b128d1b74582630b53be7b0e3909aa4,60.1638,24.96846,00000000d747f075,23.56
73,2019-08-03T08:07:00Z,168f4ed162c6bf38f9500cf5258844ca92007aabfdc2e0dedef4b578,60.14951,24.92138,0000000006dd41f6,23.56
74,2019-08-03T08:07:00Z,16b27f72c6c91623fa0568d7de0104019ae5a13e87f07c1d0af5fe12,60.16762,24.95415,000000006b44cce7,2.8
75,2019-08-03T08:07:00Z,16b83bee5075fa28c9aa80617b2f2d9034287ab5c9fb44c088de81c0,60.16762,24.95415,000000006b44cce7,9.92
76,2019-08-03T08:07:00Z,182c5b8394b2cb359f92f86467e0cb4e91195e654a353bfbfe090445,60.16762,24.95415,000000006b44cce7,5.41
77,2019-08-03T08:07:00Z,188dc931801150b1ac3babd8a440f6fa931b7d575a98fa2b500dfe6e,60.16448,24.97323,0000000053c6c2be,17.4
78,2019-08-03T08:07:00Z,18eebc3c023ce0aa18b5b6451958161de694685ed4f3a09b76cd6d37,60.1638,24.96846,00000000d747f075,23.56
79,2019-08-03T08:07:00Z,1901737119969a20728e6d5ce3655b9abe9aa8b8e0ce893e4dd1bb47,60.18203,24.91341,00000000342570c2,23.56
80,2019-08-03T08:07:00Z,192d2b7b913fb7b73749a39a2b15d2532b8b35394a70960613890796,60.1638,24.96846,00000000d747f075,18.79
81,2019-08-03T08:07:00Z,194d00204f1c1aa5eb6a4962b8e52ca24e571ac43c1d3519c105f8c5,60.16829,24.94214,00000000afef4555,18.79
82,2019-08-03T08:07:00Z,1997b4a7764c5cf3c809d82cd779ea011aefd53c68787458a434a500,60.16829,24.94214,00000000afef4555,17.4
83,2019-08-03T08:07:00Z,1c751cea23ed2258bb7633694c5f6322dd74a6313392e7540f60af8e,60.17918,24.95141,00000000675d5200,18.79
84,2019-08-03T08:07:00Z,1c876c249574787e23950f3c9b91cc8e061e1f8dd0e509c08eefb8dc,60.17002,24.94407,000000006b087f40,23.56
85,2019-08-03T08:07:00Z,1cfdca65152512947a735a52571afba4e3df7d5d7f1bc4b9a6700f28,60.1638,24.96846,00000000d747f075,27.28
86,2019-08-03T08:07:00Z,1dacfb371d75dd4f90f447aac2a00faad98beb4188a6971c19eb2375,60.16629,24.95957,00000000fb7600be,25.36
87,2019-08-03T08:07:00Z,1ea0588d3f6f402d81c6bf87bb2ab278a2d999ea9d13425f2fc2d036,60.17065,24.93641,000000000f4919c9,25.36
88,2019-08-03T08:07:00Z,2041e5c3ab4518fb6ebf75dd4c48a81b529d979506b8af1a42d21524,60.16897,24.95222,00000000aa852af1,21.87
89,2019-08-03T08:07:00Z,2142821dbdfd0c8de0dfc0067db2d17aa9b3989b72fc0f1e8db8cf04,60.15432,24.9211,0000000019fb59c4,18.79
90,2019-08-03T08:07:00Z,21c765fb958649a5eb91748c66ced588121ffc0d7822da767b97e6a0,60.16762,24.95415,000000006b44cce7,10.78
91,2019-08-03T08:07:00Z,226542bfa3f5cf5c4027298a6bc6a429f374803a5be2ada8b199f4b1,60.16897,24.95222,00000000aa852af1,12.69
92,2019-08-03T08:07:00Z,241a73257577ee4f6a46eeeb38d9488e03c1a427edd7fad8285a6805,60.16762,24.95415,000000006b44cce7,14.89
93,2019-08-03T08:07:00Z,244383482710616985e7f412a8259e0eb194edeaebf3f0efb1160e9c,60.16897,24.95222,00000000aa852af1,21.87
94,2019-08-03T08:07:00Z,24daea7c540fd8c844f424a11a562de41cb55f83ecd22f39dd575df5,60.16897,24.95222,00000000aa852af1,17.4
95,2019-08-03T08:07:00Z,25692d383c647cf7d988a18936642254a46b7432e7e73ab9d946b5af,60.16897,24.95222,00000000aa852af1,18.79
96,2019-08-03T08:07:00Z,27eb4cd882331c60f0430f65a565a7f4cdefc210f30da06f703b8a62,60.14699,24.922,00000000a53ed894,5.91
97,2019-08-03T08:07:00Z,29bd6d05848b5ed854ce0a0d22e6fec61ab2c57c75a373632e006ccb,60.17918,24.95141,00000000675d5200,9.92
98,2019-08-03T08:07:00Z,29efdbed20b4911ff378c85aa689e5fc0278478f414f906fa2351b99,60.16897,24.95222,00000000aa852af1,25.36
99,2019-08-03T08:07:00Z,2a6bd8a2031c4ced9be128ccb009bc1487fa0f474d5e0484e444ddfd,60.17918,24.95141,00000000675d5200,10.78
100,2019-08-03T08:07:00Z,2a7bdc05fdfb3623896fe29bd201f26096127fa23d6b8e51b2010b73,60.17065,24.93641,000000000f4919c9,10.78
101,2019-08-03T08:07:00Z,2af343c929d11720d73d2ec45ff190bb81a3964b976e0717ca826e85,60.17065,24.93641,000000000f4919c9,25.36
102,2019-08-03T08:07:00Z,2b1da7c0e46b5c56837d8d395b2dec01313cf8a8951dccabb2fa3018,60.14947,24.91438,000000004ef3150d,27.28
103,2019-08-03T08:07:00Z,2c5a87a0e96906414c978fc4531505a0c6beeec7fc71b36936a5fb5c,60.16829,24.94214,00000000afef4555,13.75
104,2019-08-03T08:07:00Z,2c6e7106459def09b4d20d07778c5de1fd3e87b9732597a976117b48,60.173,24.92524,0000000096918cfa,17.4
105,2019-08-03T08:07:00Z,2d13018c2b5d092adc12528ea52382ec85aa436a5a7ed2459ca28997,60.149,24.9843,00000000fffb8cf0,13.75
106,2019-08-03T08:07:00Z,2d7e7b077e5256aca93121c56d1d3073f3bb3860b1a0b8825e7330aa,60.14699,24.922,00000000a53ed894,25.36
107,2019-08-03T08:07:00Z,3024b5ae3f27cca8829c984ba0e9d861ee049084562feabbe3fbc178,60.16897,24.95222,00000000aa852af1,11.7
108,2019-08-03T08:07:00Z,30e3c33ba40f2f1fca060d60e20a217bce12dcfc9982064d41e1144d,60.16762,24.95415,000000006b44cce7,9.12
109,2019-08-03T08:07:00Z,315a8f556fb22009f4e6fb4608f92915954a016bb10c7897f2e8be97,60.16897,24.95222,00000000aa852af1,14.89
110,2019-08-03T08:07:00Z,32d7a4b35355c708505743d6dad378849760c23e6b5370873b19b43c,60.16448,24.97323,0000000053c6c2be,2.08
111,2019-08-03T08:07:00Z,3320b605627d8ca2040f6e52402286e48506a35740752652fb8915fc,60.16448,24.97323,0000000053c6c2be,25.36
112,2019-08-03T08:07:00Z,342ad7266413d9561375575c67f0d79610fb019b87bdac2eb70f3ff1,60.16762,24.95415,000000006b44cce7,14.89
113,2019-08-03T08:07:00Z,34578bd78b5ab86fb06fad82095a015a75dd498ee870c2c85be2ea70,60.16829,24.94214,00000000afef4555,10.78
114,2019-08-03T08:07:00Z,34efa162dc342fa3be28fdb32217176f5cd9b5ad852e490e788873f7,60.17918,24.95141,00000000675d5200,27.28
115,2019-08-03T08:07:00Z,3547624f99e1e4b3f6cb691ea225249e99013e5168d4511a49a8332b,60.16762,24.95415,000000006b44cce7,16.1
116,2019-08-03T08:07:00Z,355612bb5dd9dc381516be452a748f3aa5fc22f6eba6768dc7f4afeb,60.18203,24.91341,00000000342570c2,25.36
117,2019-08-03T08:07:00Z,36396276bdd79073c90c6af147deecb9d33b4a7b504f58b40ad697c9,60.17918,24.95141,00000000675d5200,3.09
118,2019-08-03T08:07:00Z,36c1ef7639f181a5a5166a06b8891fe29c5edb67eb63595b61cb1b31,60.17002,24.94407,000000006b087f40,29.32
119,2019-08-03T08:07:00Z,382e3f7221276cdb0cff7a2b535fc0f2e2d77afa8e8ff3a2d5774123,60.17918,24.95141,00000000675d5200,17.4
120,2019-08-03T08:07:00Z,38f33402204686f5aeed63b5a043b420049dbff3012077d2a9e39a96,60.1638,24.96846,00000000d747f075,25.36
121,2019-08-03T08:07:00Z,3cd2ffc72410537380f91e6906e68ce6eb44da5a6a7f6805a195b43d,60.17918,24.95141,00000000675d5200,11.7
122,2019-08-03T08:07:00Z,3cde744fc0b4ce1994bf98cd97480a4ad0647a5520f8e6194f280bab,60.16829,24.94214,00000000afef4555,23.56
123,2019-08-03T08:07:00Z,3dc14993c03843ae40c70659c421bfd2dc5d8850a24f539c44efc22b,60.16897,24.95222,00000000aa852af1,21.87
124,2019-08-03T08:07:00Z,3faf687712e0076cf8feda0db3486cd83032059fb2b0050863c8e5be,60.16762,24.95415,000000006b44cce7,2.8
125,2019-08-03T08:07:00Z,3fbbd0df1457e42a592acced0f4c95c2176adda7c1158d71165ba308,60.16897,24.95222,00000000aa852af1,23.56
126,2019-08-03T08:07:00Z,3fd2d25a3c68489709f933474255b403fb5388fe76453b7db5d215e6,60.16448,24.97323,0000000053c6c2be,27.28
127,2019-08-03T08:07:00Z,40df45e06ac6c1c677e12702e050d1a62c731bdc70069b66b9769a29,60.16897,24.95222,00000000aa852af1,18.79
128,2019-08-03T08:07:00Z,4151ad3f8f3a867eb671c2abfa4567b3deb5f2b8e51a417123a035a8,60.16829,24.94214,00000000afef4555,18.79
129,2019-08-03T08:07:00Z,41c4e9fd28ffcece2feba3fe75a1870a7787e28b1fa075224392b4dd,60.16829,24.94214,00000000afef4555,10.78
130,2019-08-03T08:07:00Z,428d586d5a348fa3ca7a992702d1f7f9d6ab22a403cea2c5a525a86c,60.149,24.9843,00000000fffb8cf0,36.27
131,2019-08-03T08:07:00Z,428ed6479c293654125b93f373b2b3c804ee27a5a30935526aa0fc6f,60.17065,24.93641,000000000f4919c9,25.36
132,2019-08-03T08:07:00Z,432895ceb95dbbefdc1c785f8b2cfe2981f36a4b814d040b6570e9cd,60.16762,24.95415,000000006b44cce7,18.79
133,2019-08-03T08:07:00Z,43a6960b4fdf53b7d5fd0a5bc0c736804e5530d6ecd973065108c7fe,60.173,24.92524,0000000096918cfa,23.56
134,2019-08-03T08:07:00Z,43c395eab63b109d7e3faa6897cdd61686a2feaf978dc5fb5d118d25,60.16829,24.94214,00000000afef4555,27.28
135,2019-08-03T08:07:00Z,43e45b0cb5875dace554283fd1353497613c4c60d0363c1263f580b7,60.16897,24.95222,00000000aa852af1,13.75
136,2019-08-03T08:07:00Z,45d436cab9169fa6abe4e8eb161fea6f8ee441bb4c6ff64bedb511ca,60.16762,24.95415,000000006b44cce7,9.92
137,2019-08-03T08:07:00Z,4788d403a87f06a4174877e7bb4b95145478bc3fa2a272e78b7a204f,60.173,24.92524,0000000096918cfa,27.28
138,2019-08-03T08:07:00Z,484e794ce5ca56fa827dcae34839b43459b24f0e7707f529af53018e,60.17918,24.95141,00000000675d5200,4.11
139,2019-08-03T08:07:00Z,49969bf09ca4a30a0e242b3f2671f2af6f6c48a209c5037f0cb8bd80,60.16897,24.95222,00000000aa852af1,18.79
140,2019-08-03T08:07:00Z,499bcd5081e6fdb724b9565ef1643a78c3af341459989c495ae998d6,60.16448,24.97323,0000000053c6c2be,13.75
141,2019-08-03T08:07:00Z,4c0b88b29985e46a7bd6534512c61acce26cca66d6068a1fa52db331,60.16829,24.94214,00000000afef4555,12.69
142,2019-08-03T08:07:00Z,4cefa2a1f39073c964d40d1f6b99e3bcbeb741d465fcd2a781c21870,60.16829,24.94214,00000000afef4555,5.91
143,2019-08-03T08:07:00Z,4de8a474027c33c42d82ff710e4215c8248b5b08ae64c5110ca2eb82,60.17065,24.93641,000000000f4919c9,1.01
144,2019-08-03T08:07:00Z,4dfd20d445b08adf37ad7f78a753421ef7a5e1aa467968f812187589,60.17918,24.95141,00000000675d5200,5.41
145,2019-08-03T08:07:00Z,4e69150a8bfa57dbeecd76d232a7e22e6c9ca319042df7091a4dd50d,60.149,24.9843,00000000fffb8cf0,31.5
146,2019-08-03T08:07:00Z,4f8a0e7e0d03dbba08415463e6ac0f3c7c4301820f8b92668e62c176,60.1538,24.95595,0000000038bf9618,44.58
147,2019-08-03T08:07:00Z,4fe3483df5ee03e56de4c35fafa9010d34f580516b8046ff3b8b69ec,60.16829,24.94214,00000000afef4555,12.69
148,2019-08-03T08:07:00Z,515a027a3ae22833cdec6d4fd69b604be2cbad1a56b7e78e296bf4cf,60.17002,24.94407,000000006b087f40,4.11
149,2019-08-03T08:07:00Z,52b2d0202e1fefff0a3978fb2238d82eec840e25a282ed88758de5ee,60.17918,24.95141,00000000675d5200,5.91
150,2019-08-03T08:07:00Z,52cbb213958407cea43dfd1a228d43914af699d2d66482290eee4e6e,60.149,24.9843,00000000fffb8cf0,29.32
151,2019-08-03T08:07:00Z,5302bb3f1481fd0539387a5009db6cbdedc6601e5765446904f2e43c,60.16762,24.95415,000000006b44cce7,8.38
152,2019-08-03T08:07:00Z,558991bbe1d984145a5c41a240e6d852250683cf59ded6143800e850,60.16829,24.94214,00000000afef4555,16.1
153,2019-08-03T08:07:00Z,5651eacd2fb28d1c252fad0c251c80a6c3a28b966e3fc22ae08bac05,60.17918,24.95141,00000000675d5200,14.89
154,2019-08-03T08:07:00Z,584cb0b0cdd14e608c8b57c8aecc9826f9b40027e365e2438a444ea2,60.16762,24.95415,000000006b44cce7,12.69
155,2019-08-03T08:07:00Z,58adf3640f323bf49b85ee0f965bdef4f8ef64101f7c73494926f979,60.17918,24.95141,00000000675d5200,10.78
156,2019-08-03T08:07:00Z,590646c3b8671cb91b0cdd0ab15e66926000cb553bb9a254980ea868,60.14951,24.92138,0000000006dd41f6,23.56
157,2019-08-03T08:07:00Z,593d37211957fd897918929861bb3e64ae5aed81df24b6521cfe65a2,60.16762,24.95415,000000006b44cce7,17.4
158,2019-08-03T08:07:00Z,5a41b8cb76dc486ed983c30eea331cc960701483c3cd994866f617ad,60.16829,24.94214,00000000afef4555,5.41
159,2019-08-03T08:07:00Z,5a4b4ea8af38da15ce0620780865619ba672c74d0dc90abf568808c9,60.14699,24.922,00000000a53ed894,7.69
160,2019-08-03T08:07:00Z,5bf336ca59abf419106bd73b7743461134fe7cde0fecfc3036834809,60.173,24.92524,0000000096918cfa,20.28
161,2019-08-03T08:07:00Z,5d4e9732960503aaedc1f3dce17af97e37371cd4d0e622807c380970,60.16762,24.95415,000000006b44cce7,17.4
162,2019-08-03T08:07:00Z,5f8cd883eedb01ea333e2a98d8e0c56525fdf87473b729efa5a3592b,60.17919,24.95181,000000007b5207b6,27.28
163,2019-08-03T08:07:00Z,607df7eeef62756902f075bf859347f12ec54e87b84974b4115265a9,60.17002,24.94407,000000006b087f40,10.78
164,2019-08-03T08:07:00Z,62090167f9f92828116f868cbad75bbeff0b89d3ae2676d0cc6cd655,60.1638,24.96846,00000000d747f075,29.32
165,2019-08-03T08:07:00Z,6224ee0ee91e0ac477a90a211207341ddbaa57c0267213139d59f1a2,60.16762,24.95415,000000006b44cce7,14.89
166,2019-08-03T08:07:00Z,625c76fc2ad49aa006800ac17e23ee66cfde2454b50bf79aed58b3fc,60.16829,24.94214,00000000afef4555,17.4
167,2019-08-03T08:07:00Z,63c33a6a11a4ae00d359719717cf04402d344c5c387b425b607e532f,60.17065,24.93641,000000000f4919c9,21.87
168,2019-08-03T08:07:00Z,645910f0a1b28150cd171bc4666164f9066c1a51d396f96a887bc704,60.16448,24.97323,0000000053c6c2be,11.7
169,2019-08-03T08:07:00Z,646a10d6cb6872795ca3bd9480b5765f2a9699dc43b99944a569f2cf,60.16897,24.95222,00000000aa852af1,12.69
170,2019-08-03T08:07:00Z,649833818de21c6f574e9c0f9d2153513319a99a5efdce1ba17e89d6,60.16897,24.95222,00000000aa852af1,7.69
171,2019-08-03T08:07:00Z,64fd6d8aa8f90f2e0cda1e7eda0264787bce0984a46c67bda26ee52b,60.17918,24.95141,00000000675d5200,18.79
172,2019-08-03T08:07:00Z,6557cadd9802aa9dcc1218b2731a9baca2567e92c074df8024e67522,60.173,24.92524,0000000096918cfa,9.12
173,2019-08-03T08:07:00Z,655a71c95fe063399a1870c1f8f1ce171e9d7fef93ea881d5dc1c45b,60.18203,24.91341,00000000342570c2,17.4
174,2019-08-03T08:07:00Z,6634dd48fa0f567ecbfe6ae118d629a2e260ef91160281fa338a1772,60.17002,24.94407,000000006b087f40,31.5
175,2019-08-03T08:07:00Z,66416bd839d99e78ea821197761da2b36d72e1d1d67171e424a85c41,60.14947,24.91438,000000004ef3150d,7.05
176,2019-08-03T08:07:00Z,66ab41826c9b240757504257ac5aaacf0b9cad88f190f62eaffaf0b6,60.16829,24.94214,00000000afef4555,21.87
177,2019-08-03T08:07:00Z,66c95b4be0c204198e0732106d7ee348073c092b3d1953ffc8ce97e8,60.16829,24.94214,00000000afef4555,23.56
178,2019-08-03T08:07:00Z,6787eef14339efc6fb32d46ac1624853c7963f718829a650301c8714,60.14699,24.922,00000000a53ed894,11.7
179,2019-08-03T08:07:00Z,678f09d64937219b58b4731301cf6da854c56027bf60aab8307ceaa1,60.16629,24.95957,00000000fb7600be,17.4
180,2019-08-03T08:07:00Z,68a0258e9c7cb8c7f9e6844d77ef58290d915b6d9c5eb6d8ff920170,60.149,24.9843,00000000fffb8cf0,27.28
181,2019-08-03T08:07:00Z,68f6c4e9cfbbb6c65ff7b32eab7397b4926ae84f8ff4596eea46a369,60.16897,24.95222,00000000aa852af1,27.28
182,2019-08-03T08:07:00Z,6954187331152fc9eb4c94529bf2ef8f71f0064ee683b1bf00169dfa,60.16897,24.95222,00000000aa852af1,21.87
183,2019-08-03T08:07:00Z,6a0b9a53279f2a2f5b6c0758d65f561e674c0de0854a1241db6b4c02,60.16448,24.97323,0000000053c6c2be,25.36
184,2019-08-03T08:07:00Z,6a3e1dde3fd5013fcdf039deb5f4cf7f95b52e73f76ffa9c26d9e301,60.16897,24.95222,00000000aa852af1,23.56
185,2019-08-03T08:07:00Z,6c276edaf6435613afc9031d81cb6950a10ab44c8fc1857c63552592,60.16897,24.95222,00000000aa852af1,31.5
186,2019-08-03T08:07:00Z,6c9ad10fea36e1f81d35fc2602ac074d3f8683ab7bba08e5e40a1d53,60.149,24.9843,00000000fffb8cf0,27.28
187,2019-08-03T08:07:00Z,6ca3dcdee5d5a042053d0b6fcbd9b7a5dac086ff86b5683c417aa86f,60.16762,24.95415,000000006b44cce7,12.69
188,2019-08-03T08:07:00Z,6d2e38b0881eeaf6920e67867537e3376aa78f30fc7b21da274c3cad,60.1538,24.95595,0000000038bf9618,21.87
189,2019-08-03T08:07:00Z,6d5bfb6426740d4c6b816945a4a75c9ee4155f3583a852b1d99be697,60.17065,24.93641,000000000f4919c9,0.16
190,2019-08-03T08:07:00Z,6efb1e780b342907bfd08f92344749e1d53af2cb60158113b039a65d,60.16829,24.94214,00000000afef4555,31.5
191,2019-08-03T08:07:00Z,703d08dbe6e7f872bc962c259cc3842243d13d5eada1977c2eec4f4c,60.16762,24.95415,000000006b44cce7,3.74
192,2019-08-03T08:07:00Z,706025034cba43bd73fff1e2a3370e1d789d9ac5a4cfc8672c882b1a,60.17919,24.95181,000000007b5207b6,9.12
193,2019-08-03T08:07:00Z,713eab9e3bea2daedc70ce6dd505ae158fe2e6ee8bc2a81b69f76a65,60.1638,24.96846,00000000d747f075,13.75
194,2019-08-03T08:07:00Z,737ed4c2cbce112ac7218cfb188c2b711fb0d0d72d93485d323f1b83,60.17065,24.93641,000000000f4919c9,21.87
195,2019-08-03T08:07:00Z,75885ffcd34e47f2127173fcd88b9f532e7fb87a8de56586409e1306,60.14951,24.92138,0000000006dd41f6,13.75
196,2019-08-03T08:07:00Z,761eac03c370e21bbe4ac00355ad89e3088e6be0eb437f1f79c81173,60.14699,24.922,00000000a53ed894,14.89
197,2019-08-03T08:07:00Z,7651083dbe3f0b1d850c6bc67318dde53ccb158e0533f252c0e02e0c,60.16897,24.95222,00000000aa852af1,14.89
198,2019-08-03T08:07:00Z,77fb4823b9fe961997aedb1c0fc08c701a31ad4b206744a64affd436,60.149,24.9843,00000000fffb8cf0,13.75
199,2019-08-03T08:07:00Z,79aa8ee4a82f3b97bd62fe1d75bc4ed15ee76ed20abba9f6403428ee,60.16897,24.95222,00000000aa852af1,13.75
200,2019-08-03T08:07:00Z,79e207ec030ffcbe5ce294b0af0066b744fc63d5cc710b3d9f7bd49a,60.16897,24.95222,00000000aa852af1,23.56
201,2019-08-03T08:07:00Z,7aeee189e9af999fdccef568a9897013959ca48867776e6e16e80d6a,60.18203,24.91341,00000000342570c2,23.56
202,2019-08-03T08:07:00Z,7af391bc9111795532eb3a9c83fc23c2917df2bb0a45f71d8239791f,60.1638,24.96846,00000000d747f075,20.28
203,2019-08-03T08:07:00Z,7b352515ae47f948d47051c1906fb135f52b2a6389d16e1107ffd8af,60.16448,24.97323,0000000053c6c2be,17.4
204,2019-08-03T08:07:00Z,7b427dc1c5f66cc155fd16dab0b546d0aa164b27f99c65e4e0429391,60.16897,24.95222,00000000aa852af1,16.1
205,2019-08-03T08:07:00Z,7bdbcb147dad3d466cae294062053e1cb67025325008426a55ced42b,60.16762,24.95415,000000006b44cce7,2.54
206,2019-08-03T08:07:00Z,7c6416ea11912ff3d080e797a61b27b71997e466db3e2ea20c90b165,60.17918,24.95141,00000000675d5200,11.7
207,2019-08-03T08:07:00Z,7d6256ff1e53d51a5bcf14047cb8f7377d332eae9a822efac190f9d9,60.16762,24.95415,000000006b44cce7,6.46
208,2019-08-03T08:07:00Z,7d6f906ed0da418f5719433adf1fa34102f1b9f8785f61b227636cd8,60.173,24.92524,0000000096918cfa,29.32
209,2019-08-03T08:07:00Z,7d75cb2c095965cb242ae10cf5169c3688a2decb41ac58663ceb1656,60.14947,24.91438,000000004ef3150d,9.92
210,2019-08-03T08:07:00Z,7dbee6baf5f51ff6c58edc38f7cadca8f95171938fc9f5cf1abef9c7,60.16829,24.94214,00000000afef4555,11.7
211,2019-08-03T08:07:00Z,7ddc038d3e5bfb7b2e21d862175b3c62aff4095e68fb36a6c276d280,60.14699,24.922,00000000a53ed894,18.79
212,2019-08-03T08:07:00Z,7f3c964201d061b963cb30cf1d179a262b0d78d44c4c99548619c137,60.17918,24.95141,00000000675d5200,5.91
213,2019-08-03T08:07:00Z,7f4fc381dbe0b2d2a9f84768420e352539667f68d7a2b49709da4df1,60.17918,24.95141,00000000675d5200,17.4
214,2019-08-03T08:07:00Z,7f89948e3a0ab9eb870988b7ac8a29990d190c5a2cf65c1daaa8614f,60.16897,24.95222,00000000aa852af1,16.1
215,2019-08-03T08:07:00Z,81676f798a73f188777994d8de0f8bafe84be381a2e3d5015667f8ac,60.17065,24.93641,000000000f4919c9,4.94
216,2019-08-03T08:07:00Z,81818f0b218736f4e7fede2bccdd742767b46c1cdaefcb524760923e,60.1638,24.96846,00000000d747f075,18.79
217,2019-08-03T08:07:00Z,81ce79e52f8123ac59d94101fdc2d7b2a98a34ea2887f9070a3f015a,60.16897,24.95222,00000000aa852af1,20.28
218,2019-08-03T08:07:00Z,821f977c55b9f09d2b5e67cdc0a35d6c250a58e99bc96a3a8ff5a28b,60.18203,24.91341,00000000342570c2,36.27
219,2019-08-03T08:07:00Z,82e02a0015d0e65fff55303b311f7d3503fe6cffb79780bd98e85cd9,60.16762,24.95415,000000006b44cce7,9.12
220,2019-08-03T08:07:00Z,837c4b34dc8ca0f99bdcc65610a3d90e41afbb6663c4e101d2a22dd5,60.16448,24.97323,0000000053c6c2be,4.11
221,2019-08-03T08:07:00Z,839c48fe43834999f950772aec66ce5db65c947004146508bc0a540d,60.16762,24.95415,000000006b44cce7,14.89
222,2019-08-03T08:07:00Z,8536ad8cabcef3380293f123bc53e256f7df13b5bdae2d1ed41016cd,60.16075,24.95883,00000000f1124bca,25.36
223,2019-08-03T08:07:00Z,87e5a21573a7cad0c4a5207716c2c77f6e7239f7030ce5c5ee26c251,60.17919,24.95181,000000007b5207b6,8.38
224,2019-08-03T08:07:00Z,87f098b9a13bbb88f642e06476040c7bd1600f7bf842f6e811ae485a,60.16762,24.95415,000000006b44cce7,10.78
225,2019-08-03T08:07:00Z,894f862f1502ff53b1a68025e45f7020d1439d5c3763fc37af64b732,60.16762,24.95415,000000006b44cce7,11.7
226,2019-08-03T08:07:00Z,899cdd8937f8f7b2e80768efba76a4acad35181ecaa90551a406aafc,60.16544,24.95398,0000000038d83d41,23.56
227,2019-08-03T08:07:00Z,8a3774a2be25ce5b3610ef07f7beccb16ad11c08bb63898eb081cb8b,60.17919,24.95181,000000007b5207b6,23.56
228,2019-08-03T08:07:00Z,8a64c254bec34ce7351bdf06683238bc204ae2708408ff3c03971d89,60.149,24.9843,00000000fffb8cf0,13.75
229,2019-08-03T08:07:00Z,8a8f7bb395da7783fe109dcc0443e4c43106675d4fe444059a4075ae,60.149,24.9843,00000000fffb8cf0,16.1
230,2019-08-03T08:07:00Z,8b02092fb0e042e515f06f7de1b10e9a8422b5948af476c765b656db,60.17065,24.93641,000000000f4919c9,14.89
231,2019-08-03T08:07:00Z,8cc14868ac859e37337209073c4d161570bd72aa8242a70209f01129,60.16762,24.95415,000000006b44cce7,9.12
232,2019-08-03T08:07:00Z,8d0a506eda44339933161003e29ea2f59122db1496cacbc888f3481e,60.16531,24.9442,00000000fdda10fe,25.36
233,2019-08-03T08:07:00Z,8d1187a2f7ff14e96bfd7931f462c01c8ba715ed178026f184bdf4f0,60.17002,24.94407,000000006b087f40,18.79
234,2019-08-03T08:07:00Z,8d5f014715fcbdf3d3cb474ad7b5efd898b685d5970b4caede04936c,60.14951,24.92138,0000000006dd41f6,20.28
235,2019-08-03T08:07:00Z,8daad2c2e4c984923d2d2228f8c03d5c06b5a604dd72d8dd94e98b8a,60.16897,24.95222,00000000aa852af1,12.69
236,2019-08-03T08:07:00Z,8e75fc22673a3d2857c988b99cd4dcc417cd22a23ed9eb9cea518cb1,60.17065,24.93641,000000000f4919c9,9.92
237,2019-08-03T08:07:00Z,8e8919d9d4ff0b09ecc0b94772b15ef0aa313e7010641b4d0d0e4ae5,60.17918,24.95141,00000000675d5200,21.87
238,2019-08-03T08:07:00Z,8f62cfa90a881b5e866e32a82ae5042c052f94d440eed6becf61b7b7,60.14699,24.922,00000000a53ed894,12.69
239,2019-08-03T08:07:00Z,90f4dd58b7b4418c330abbeee94e97b1535630f6960dfb7338ca7163,60.14951,24.92138,0000000006dd41f6,13.75
240,2019-08-03T08:07:00Z,91d9eac9566941b243092edb0551caeaa05632ac071d8d04f936f049,60.16829,24.94214,00000000afef4555,1.54
241,2019-08-03T08:07:00Z,9313da2e15106bfef2df9306bc29f8e3db1146a41b1a24fd404468a0,60.16762,24.95415,000000006b44cce7,6.46
242,2019-08-03T08:07:00Z,93ff094f08b5b283e2fe389d59109134ecd658224404a0dd36bad284,60.16629,24.95957,00000000fb7600be,20.28
243,2019-08-03T08:07:00Z,94e6eaedc7810bb813f845a08dddc612359397f834145fd59dac1104,60.17918,24.95141,00000000675d5200,9.12
244,2019-08-03T08:07:00Z,954cd926ecbce3babe5b6d68249aa85a2c4bead068d24fecd727ffee,60.17918,24.95141,00000000675d5200,10.78
245,2019-08-03T08:07:00Z,955a870f0356d3d6e7013eb3eadfce4491ede8b47529206c5b924253,60.16629,24.95957,00000000fb7600be,20.28
246,2019-08-03T08:07:00Z,95809aecc30bee7374b4239471bf9f4178eb1d1bc1d020e876014b4f,60.16897,24.95222,00000000aa852af1,29.32
247,2019-08-03T08:07:00Z,95e34184ced28c60d38a7d6dd04be103982651624eac6f011ce892b8,60.16762,24.95415,000000006b44cce7,17.4
248,2019-08-03T08:07:00Z,95f4c0bbcd59e55a0a494ecff31b2d6244acb7f6b33421ccda042986,60.16629,24.95957,00000000fb7600be,10.78
249,2019-08-03T08:07:00Z,965a1d70ae725ee2edb8ca98605876d987339c9431df7288414aa3cc,60.16897,24.95222,00000000aa852af1,9.12
250,2019-08-03T08:07:00Z,98ad2351b8124f112874d55469e6ac4a581370be551d052f29ab42c0,60.16762,24.95415,000000006b44cce7,3.74
251,2019-08-03T08:07:00Z,99cd803e76ea01e9f46b39b3bd264815f7cdd3bc1ab5544768980f40,60.16897,24.95222,00000000aa852af1,11.7
252,2019-08-03T08:07:00Z,9adfaeefe421f203d037d6441b686ab94b6e1bad9fba96f4ad3a94fa,60.17918,24.95141,00000000675d5200,21.87
253,2019-08-03T08:07:00Z,9b128cdcb7e0cc1c788a2cc3fa6553e92a480c574ffabc2186bdf4f8,60.17918,24.95141,00000000675d5200,9.92
254,2019-08-03T08:07:00Z,9c6be30fbb348a1daf59c218656e1f382836824fb1ebe6006030c31a,60.17919,24.95181,000000007b5207b6,29.32
255,2019-08-03T08:07:00Z,9d235ea1dc65ff45609fc0416f06e8d193c276ad0399b765dc290c54,60.16762,24.95415,000000006b44cce7,12.69
256,2019-08-03T08:07:00Z,9da1e1ef14dda06b93d4146a0c7e12808934a82e586039909acde8a2,60.16544,24.95398,0000000038d83d41,27.28
257,2019-08-03T08:07:00Z,a019ea7cfe78cb9eb193f9bea1233b59595005173f8cdaf3e00fd897,60.14947,24.91438,000000004ef3150d,16.1
258,2019-08-03T08:07:00Z,a07342b8d12ebff5648193947625c47ab66a1c41f811f4dfa57f8cd8,60.18203,24.91341,00000000342570c2,36.27
259,2019-08-03T08:07:00Z,a0ffa75a83a013f3b4a13b716623182a1116d27c5fdca1cc85baefa5,60.16897,24.95222,00000000aa852af1,18.79
260,2019-08-03T08:07:00Z,a27bfbab7c85677554deb8de885e77c8869a83601aac1969e9150809,60.16829,24.94214,00000000afef4555,4.94
261,2019-08-03T08:07:00Z,a2f5a98a821feb0b19d33f0ff6000c45bf2d4c7b996106c2a8ed407b,60.173,24.92524,0000000096918cfa,36.27
262,2019-08-03T08:07:00Z,a3e5a1b8d6df7bf404144094df42ac39badfc87ab9c031bd2975d6c9,60.16762,24.95415,000000006b44cce7,7.05
263,2019-08-03T08:07:00Z,a43f8ba63109353f7420a787cff8e2d010050d8f745b758a720a2a94,60.16897,24.95222,00000000aa852af1,31.5
264,2019-08-03T08:07:00Z,a4d64b2d53d62993525c6f2b89b9493981e0753ba00361925be46138,60.16531,24.9442,00000000fdda10fe,29.32
265,2019-08-03T08:07:00Z,a4edb4acf30c69a13337f7efa36ef2f71efb27dda3d2c4281b335acf,60.18203,24.91341,00000000342570c2,29.32
266,2019-08-03T08:07:00Z,a530273ee47a3c136e18aee1c5f19ecb516c4ad6a1d6fd931b41a40c,60.1538,24.95595,0000000038bf9618,3.74
267,2019-08-03T08:07:00Z,a549e4f50e2e9ffb9bb26b90941f2748be1f71d8f631cc7d994d67b4,60.16829,24.94214,00000000afef4555,4.94
268,2019-08-03T08:07:00Z,a5924de1469a0d81682bd31bbce78e1d91f6c83448ed055f5646f142,60.1538,24.95595,0000000038bf9618,5.91
269,2019-08-03T08:07:00Z,a6a8a20a53592487f8f9d02004aa7c327d224d85ba9b1efb8cf3962a,60.18203,24.91341,00000000342570c2,31.5
270,2019-08-03T08:07:00Z,a7464c6e8fa7521ef14329e0137338017ae6f539e76e71887263d74d,60.16629,24.95957,00000000fb7600be,13.75
271,2019-08-03T08:07:00Z,a7b56b5c19f063d4aab76a36c0f4f57bd12ab142729a30526fdcd136,60.17918,24.95141,00000000675d5200,0.59
272,2019-08-03T08:07:00Z,a82647198703281007280bcea558b5458b9e8baa894fe33b3e2d03c2,60.16762,24.95415,000000006b44cce7,8.38
273,2019-08-03T08:07:00Z,a95ba3daa9b9b82fa432f38919bd5b80879ce3b879eb0032a83ae465,60.173,24.92524,0000000096918cfa,14.89
274,2019-08-03T08:07:00Z,a9ef6a6eea12b268ad69bb77d73cc03c25474bcc30b9c4306f55f715,60.14699,24.922,00000000a53ed894,25.36
275,2019-08-03T08:07:00Z,a9f40af182ce69b5dd59d8efac66826951524432805e3bfef485a532,60.18203,24.91341,00000000342570c2,9.12
276,2019-08-03T08:07:00Z,aa55054ae02ea1ffbce960ec79e1e9f91d0597e38caf08d325bd8008,60.14699,24.922,00000000a53ed894,6.46
277,2019-08-03T08:07:00Z,aac83ac66fd4cacfdfa3de6a2364172c8cd1779632638700bd1c5368,60.16762,24.95415,000000006b44cce7,8.38
278,2019-08-03T08:07:00Z,ab15d572124595eeb2b253ee39178e7f0047fbe53a0e89e7fdaadf23,60.16762,24.95415,000000006b44cce7,14.89
279,2019-08-03T08:07:00Z,ab294bf0b694f1b28e253d811e2b02dc598fdcc27cb7c94ad486c5a2,60.14699,24.922,00000000a53ed894,21.87
280,2019-08-03T08:07:00Z,ab3bcddd990f1388ae168f246229dbfa0d6f9cb35d3b78186c34e4ed,60.17002,24.94407,000000006b087f40,14.89
281,2019-08-03T08:07:00Z,ac2b90a8bb8a7f138331f6f136517fcadf3644d15d7f7fa301cffbe6,60.16629,24.95957,00000000fb7600be,13.75
282,2019-08-03T08:07:00Z,ac4dd1cbfb5866d8a78e7fc3265ea6fafa8fc3014758d842134f6dad,60.16762,24.95415,000000006b44cce7,7.69
283,2019-08-03T08:07:00Z,accb0d403d45c16729d8225c4f9324c804df1236aca6dc06577e04b3,60.14951,24.92138,0000000006dd41f6,10.78
284,2019-08-03T08:07:00Z,ae8c73ceaf5d915c448f37fad30d8a273e3ebc1d84414081fae7f6d1,60.16544,24.95398,0000000038d83d41,11.7
285,2019-08-03T08:07:00Z,afcf76562797055435e2f0335f8b32faac6fee3e6cd8c3da8c29350d,60.173,24.92524,0000000096918cfa,18.79
286,2019-08-03T08:07:00Z,b066306b70a83182e9777045f7ae421a6758b8bb8e8f6eb53ad4de1f,60.17918,24.95141,00000000675d5200,4.94
287,2019-08-03T08:07:00Z,b06fe884f3d2ca813b55aae28c03efd62d41942ed91df35021f50757,60.18203,24.91341,00000000342570c2,13.75
288,2019-08-03T08:07:00Z,b1f006210816dab7b08b32d9592aca8e173065410b91f68174c78ada,60.16762,24.95415,000000006b44cce7,3.09
289,2019-08-03T08:07:00Z,b2de2abf8b1e053d3eee6d0b4e4fc45a1e572bbef14584d634e67f07,60.15133,24.92329,00000000e8a064a4,29.32
290,2019-08-03T08:07:00Z,b31b23c3a4c247fcf54b3e5d1d1d6bff42af1a8cbbe64737baa5686f,60.15432,24.9211,0000000019fb59c4,11.7
291,2019-08-03T08:07:00Z,b6acae6c111419aa2c2eb65fd58040ab58d0d255f704b797c54cfd60,60.14699,24.922,00000000a53ed894,18.79
292,2019-08-03T08:07:00Z,b774d40868c9cb9ef5ad8734e2a38559b4ce33dfbad3a079855f578e,60.17918,24.95141,00000000675d5200,3.4
293,2019-08-03T08:07:00Z,b791bfd48573b54b071c7375e64e8f8cb2d502907d617e37cf665f45,60.16075,24.95883,00000000f1124bca,38.87
294,2019-08-03T08:07:00Z,b7bce4e2f035fc8c6f4caa77428e5e9228515dfadf95751884124717,60.173,24.92524,0000000096918cfa,21.87
295,2019-08-03T08:07:00Z,b7f782eaaf0df768d9f14b62bd5872c14f86441ccd1af46176d19553,60.16762,24.95415,000000006b44cce7,4.11
296,2019-08-03T08:07:00Z,b889a59a549e095a965351667c5ffe95267ab880590536f38aecb07a,60.17065,24.93641,000000000f4919c9,11.7
297,2019-08-03T08:07:00Z,b8fdda4e24abbe88cf89641ec493511301ea256cb7793f925149b374,60.16897,24.95222,00000000aa852af1,20.28
298,2019-08-03T08:07:00Z,b950cf98bf18c6993fd2c5844a19f1dc779f3f0fd5e996e926807b74,60.17918,24.95141,00000000675d5200,17.4
299,2019-08-03T08:07:00Z,ba9b691cd50354124bb16b5ec5e58eddec25bb5440887a6e3f6e5c56,60.18203,24.91341,00000000342570c2,23.56
300,2019-08-03T08:07:00Z,bc481cc9a3e9c05a6586a6e1aca0e6e5b602dca10cd83b5749af01d3,60.18203,24.91341,00000000342570c2,13.75
301,2019-08-03T08:07:00Z,bcbf35eeb8fc11c970904a9c4e735a54c6760390cebfc061700bc43d,60.16762,24.95415,000000006b44cce7,3.4
302,2019-08-03T08:07:00Z,bd8877119b5dae9e09152136d9b48503c282b8cb2984c531940e94fd,60.14699,24.922,00000000a53ed894,25.36
303,2019-08-03T08:07:00Z,bdb46b85aabae32e25aa87f73f9583e5c5a85e6c5b7cf7b6a7b2bce4,60.17918,24.95141,00000000675d5200,3.4
304,2019-08-03T08:07:00Z,bdfcb0ebde033d6d4bd1f3d8fcc9aef93cf35446d20ec2c54ceaaaa8,60.17002,24.94407,000000006b087f40,14.89
305,2019-08-03T08:07:00Z,bf36b99fcd8c510dff383008c6ac88981c41428a18a1bc4910305c4c,60.17918,24.95141,00000000675d5200,13.75
306,2019-08-03T08:07:00Z,bf9b0a07e1341ea5bf9e4dd2e603ffb17982c26f4e2a4ad4beccaaa0,60.17918,24.95141,00000000675d5200,21.87
307,2019-08-03T08:07:00Z,bfa8fa12f135ca3f471ba2568053ef8ec9b9545e1b094184ee1b405f,60.16897,24.95222,00000000aa852af1,21.87
308,2019-08-03T08:07:00Z,c064099ab95fa0d1657b8373a23105e1511c06be37690d41d2067305,60.18203,24.91341,00000000342570c2,27.28
309,2019-08-03T08:07:00Z,c1034927dbdf7ecceb0c1179fd0b14ccc33336b8a44d1a4adafef699,60.16762,24.95415,000000006b44cce7,9.92
310,2019-08-03T08:07:00Z,c11e82a19bb11ca186e9848a7b63768322c47f7d0d8991949f56c1e1,60.16897,24.95222,00000000aa852af1,13.75
311,2019-08-03T08:07:00Z,c1b6622786ddeec2b9736ab47de2318fbb1bd8d87204c6839722f867,60.16762,24.95415,000000006b44cce7,16.1
312,2019-08-03T08:07:00Z,c21c07bd74dd27a6a3a791636d50f1dbc3c8745d53aeb928d250b794,60.14699,24.922,00000000a53ed894,11.7
313,2019-08-03T08:07:00Z,c2636a65a5e0360a43f010b1c7ac0694f512597f4d131c76a90bb05a,60.16762,24.95415,000000006b44cce7,7.69
314,2019-08-03T08:07:00Z,c35de2c5cca4a44ddc2785e7b2b6297feff1f26a61cd00cfb39e5ac6,60.16544,24.95398,0000000038d83d41,20.28
315,2019-08-03T08:07:00Z,c35eb6fde7ad266ed84171e5fe27a4aadb824e403bc54149c885e159,60.16897,24.95222,00000000aa852af1,16.1
316,2019-08-03T08:07:00Z,c3b951effa15fb049f9e9250ba9dda58a679aa4054ddbe997e4c61a9,60.14699,24.922,00000000a53ed894,23.56
317,2019-08-03T08:07:00Z,c3e48dc31cf5cbf7932f6c3870bff4308fdb675144cfc597ae0c470a,60.14951,24.92138,0000000006dd41f6,7.69
318,2019-08-03T08:07:00Z,c4b2ba68155707de091b0d27dc3457e01779bc0d8d2a5fc8fee7c662,60.17065,24.93641,000000000f4919c9,20.28
319,2019-08-03T08:07:00Z,c52eab79ed3c6e1ba60bbea7a2e5dff5119df71292b6dc7d25e3f19b,60.17918,24.95141,00000000675d5200,2.08
320,2019-08-03T08:07:00Z,c5640a2862b0483788b6ae2705f478e75f6f7de8a44c3f16800c9474,60.16448,24.97323,0000000053c6c2be,31.5
321,2019-08-03T08:07:00Z,c5d859d59395608d3878e3f995e585a94b5bf93468cd972645285795,60.16897,24.95222,00000000aa852af1,9.92
322,2019-08-03T08:07:00Z,c70044cb1dd50308079ddb5baf37c1b2c880b26187235101e79f3445,60.14699,24.922,00000000a53ed894,12.69
323,2019-08-03T08:07:00Z,c71343ffba9a32ab8b6f397b8b88af287a926500d8b1cd953bfe70e3,60.16762,24.95415,000000006b44cce7,8.38
324,2019-08-03T08:07:00Z,c8a89cd87455ff44f331381777acddfba773ea711cea61648a136c3a,60.149,24.9843,00000000fffb8cf0,36.27
325,2019-08-03T08:07:00Z,c92bd7d6f5075cd50bb081b54c03a9e75344ed4a60a3ede4c3f3c0bc,60.17918,24.95141,00000000675d5200,3.09
326,2019-08-03T08:07:00Z,ca231140dc9d09e7da5bdd277ca04ea7ef9f7b4333761f2b2775741f,60.15133,24.92329,00000000e8a064a4,17.4
