,time,hash,latitude,longitude,serial,distance
0,2019-08-01T08:07:00Z,0fff89885f08417f20aadfdbf62a372277e9085bcd024374b772ecac,60.16531,24.9442,00000000fdda10fe,25.36
1,2019-08-01T08:07:00Z,144afc51fc2443c7031a2912566eff2ce60226a49d6d2bd7c2923700,60.16544,24.95398,0000000038d83d41,20.28
2,2019-08-01T08:07:00Z,14c7e1511b70f4dd3359cbece1377aebb4d70531f5489eefe53d7c3c,60.16544,24.95398,0000000038d83d41,29.32
3,2019-08-01T08:07:00Z,1f0f0628cdc688d76bde2b82bee5b9b4916bf0bbdfe76cf3213e1c65,60.15432,24.9211,0000000019fb59c4,20.28
4,2019-08-01T08:07:00Z,2463af2a75fbe41d5968e65ea24f012ea06e820a2f4fac309897557b,60.17918,24.95141,00000000675d5200,11.7
5,2019-08-01T08:07:00Z,29113a3967bc167b1fd69f346c60a884baf31f91288e032e493eeac2,60.17002,24.94407,000000006b087f40,25.36
6,2019-08-01T08:07:00Z,2a93b61a3863ace54349d7a0937e4134fcc6d4dfcf064eefae2b7cf8,60.15432,24.9211,0000000019fb59c4,23.56
7,2019-08-01T08:07:00Z,2dd6ca2c889266702d554569764346cf583b74b0890b10e00ecd4f82,60.16544,24.95398,0000000038d83d41,31.5
8,2019-08-01T08:07:00Z,5b91abc1d452431fdb7bc15f638eee91a54034b6327f40e58ccacda6,60.14947,24.91438,000000004ef3150d,33.81
9,2019-08-01T08:07:00Z,5d65719c4cbf045f068d084b72302f447d5fd034413d97d13be00d0e,60.18203,24.91341,00000000342570c2,23.56
10,2019-08-01T08:07:00Z,6a657079c1bdc8114c289be1ddd83e5846d4279a920d1697b8ff0033,60.18203,24.91341,00000000342570c2,20.28
11,2019-08-01T08:07:00Z,6bc838096806d076bb45cfa041f4e6696c7a32170556ae75888c7fff,60.16531,24.9442,00000000fdda10fe,27.28
12,2019-08-01T08:07:00Z,6d22b751ff5173035dc85c52c3dff0780126adae67fe33dc62dd45ef,60.16531,24.9442,00000000fdda10fe,14.89
13,2019-08-01T08:07:00Z,76c7f42283513d0e289bf786d89463b5025b2ae0f4e13519a4cf228b,60.15432,24.9211,0000000019fb59c4,17.4
14,2019-08-01T08:07:00Z,84fdfd8881f633c5f0c71c1480053953ca4b05e848052d97c063ad38,60.1538,24.95595,0000000038bf9618,18.79
15,2019-08-01T08:07:00Z,87dfaad29a9276ddddb1fa021d3bc23ad14824c1af16f7d87e713689,60.14951,24.92138,0000000006dd41f6,11.7
16,2019-08-01T08:07:00Z,89982a6acf91b79a282a6b63978e946ee205f303fcd20e944e06baf0,60.16544,24.95398,0000000038d83d41,33.81
17,2019-08-01T08:07:00Z,8c75c3289c84fe4493e1e272a77b615fe1985880c5dc68a7c1a17b53,60.16762,24.95415,000000006b44cce7,10.78
18,2019-08-01T08:07:00Z,8cc6ddaa460aeae8cc9e8a33f91a01c8cd4c0c8bf8a943210a28c84d,60.1538,24.95595,0000000038bf9618,14.89
19,2019-08-01T08:07:00Z,90778cdb407c97aacbb3fd01f29f2680b24f7e8b2365e56cf8d9b4c4,60.16531,24.9442,00000000fdda10fe,31.5
20,2019-08-01T08:07:00Z,9d03d14afa49576281aa26db60e517f7c1ec8aa36f7756959a860a8a,60.16629,24.95957,00000000fb7600be,13.75
21,2019-08-01T08:07:00Z,a79af88ad05127e9c29a09f407406a364eb21dc127dc8d914e190418,60.16531,24.9442,00000000fdda10fe,38.87
22,2019-08-01T08:07:00Z,a9da1ee82e3b670e276c26b483dd50f4a6d0c6f77ef82245d3ae6086,60.18203,24.91341,00000000342570c2,11.7
23,2019-08-01T08:07:00Z,ab0f67c0c0e1ba5eac9013f9c314feadf340ddf08543b91e70483594,60.16544,24.95398,0000000038d83d41,18.79
24,2019-08-01T08:07:00Z,b1f358076ba79ef902a36ca8ae3f8ec7c93308a67c479345bfdbdecf,60.1538,24.95595,0000000038bf9618,29.32
25,2019-08-01T08:07:00Z,b4faf2d3c4d2b199afeab6ab63b583fe3a2e81e14abbef6917f25129,60.15432,24.9211,0000000019fb59c4,16.1
26,2019-08-01T08:07:00Z,b5fd6b317890e5ab2d79e2cd1abe61626d45a753c7337d0d40728898,60.16762,24.95415,000000006b44cce7,9.12
27,2019-08-01T08:07:00Z,ba42c72ea7c2663b3ea5044faf12173ab18e523dc35de0e24bf374ac,60.16544,24.95398,0000000038d83d41,27.28
28,2019-08-01T08:07:00Z,c40c37def6bf11a63a2556519a7c6233fd417cdeea2cf14f28e7c42c,60.16531,24.9442,00000000fdda10fe,17.4
29,2019-08-01T08:07:00Z,cf05623e4d87ce0906c0b0b7dbf53aacc1228016cd27c341228b6e76,60.18203,24.91341,00000000342570c2,20.28
30,2019-08-01T08:07:00Z,d127ead865385b64ae537a703a26be15fae4b5332ce0fbf03d5e0c23,60.1538,24.95595,0000000038bf9618,31.5
31,2019-08-01T08:07:00Z,dd2c9c82cf3737146294aff6f814a1349fb0bc4bedf518715dacbe8f,60.18203,24.91341,00000000342570c2,16.1
32,2019-08-01T08:07:00Z,df89b51aeaaa1a8c64db45d6c35f918b650806b37aea9b50246a3267,60.16829,24.94214,00000000afef4555,23.56
33,2019-08-01T08:07:00Z,e161876542744ef77a8ba39bb11b57539b2292c58892a0d24bb759da,60.16448,24.97323,0000000053c6c2be,14.89
34,2019-08-01T08:07:00Z,e98c6399958e74ee1fe944500744224b2c22cdbc09c1e7634db557a1,60.16762,24.95415,000000006b44cce7,27.28
35,2019-08-01T08:07:00Z,ec72ef080c605e71978aed0d3b5f22c3c3133677a43c614b72eedc6d,60.14699,24.922,00000000a53ed894,20.28
36,2019-08-01T08:07:00Z,f088630d7476dae7d4b7e2bb1f10575f2c89acb4b6e061f3d57c2b40,60.16531,24.9442,00000000fdda10fe,16.1
37,2019-08-01T08:07:00Z,fc4f3a44235f1cfc7b53f14ba2da599976a5a0a220d23b852688e485,60.17918,24.95141,00000000675d5200,18.79
38,2019-08-01T08:07:00Z,00ca56ae0527db44cac232a050778e24d6c0cab6a3a53cc2dddb679c,60.18203,24.91341,00000000342570c2,23.56
39,2019-08-01T08:07:00Z,00d957ccf68c4ba9a9c23c02236ba9cc1095ff9fba99a675c737ec24,60.16897,24.95222,00000000aa852af1,18.79
40,2019-08-01T08:07:00Z,016324adf978b9e548eec3b550d4f8eacca9463cde807ad5eb5076e3,60.17919,24.95181,000000007b5207b6,21.87
41,2019-08-01T08:07:00Z,01a311cec9f5a1c53c66b94a626e2837182080ee2370ae4c976b5527,60.16448,24.97323,0000000053c6c2be,21.87
42,2019-08-01T08:07:00Z,02a2a4412bfc6640ecb9764ce7a5eff87edfc8e66b75a665bb669c72,60.1638,24.96846,00000000d747f075,29.32
43,2019-08-01T08:07:00Z,038b4a75457f9ab663e7d653ffcabd0d9c77e0674eebbce01e863e85,60.17065,24.93641,000000000f4919c9,21.87
44,2019-08-01T08:07:00Z,0437207db63ce8cffa776825cad730d847ee70f1c04d2dfeb78cfb7e,60.149,24.9843,00000000fffb8cf0,25.36
45,2019-08-01T08:07:00Z,04db790d82068f971c14c531de253236939adf7db788305d36cea9b7,60.16629,24.95957,00000000fb7600be,12.69
46,2019-08-01T08:07:00Z,06615e5ae21989c1a89db6925df4ef02502ef97a72cc7f4c55d1675b,60.16829,24.94214,00000000afef4555,4.5
47,2019-08-01T08:07:00Z,06f3fa79e7a76f1c768010e9944c83d5a7be2500c0a050790be6c885,60.16829,24.94214,00000000afef4555,7.69
48,2019-08-01T08:07:00Z,0718066ffc641d3da842d97cc1291facf589e7b18d296514f458e1fb,60.14947,24.91438,000000004ef3150d,25.36
49,2019-08-01T08:07:00Z,082a1ef8d32c6916236628a4acc553ec0910196a1cb400aaa943c16a,60.16897,24.95222,00000000aa852af1,14.89
50,2019-08-01T08:07:00Z,086dbdc127f902f62eb0a5bd77d234def060188b0c4dfc53b54c4797,60.17918,24.95141,00000000675d5200,10.78
51,2019-08-01T08:07:00Z,0b5be258615764b8198b8702e0b1ed26068eb4fb7387873db870d232,60.16762,24.95415,000000006b44cce7,9.92
52,2019-08-01T08:07:00Z,0c4b7c7301aab1e961bf9bdecf4c85274f742c55902bd8fd3429d062,60.16531,24.9442,00000000fdda10fe,21.87
53,2019-08-01T08:07:00Z,0cb7c471c137406bc7e99793504a7a6ba2950f58bc20511f38d9b204,60.16829,24.94214,00000000afef4555,20.28
54,2019-08-01T08:07:00Z,0cba85b7693e883147c1f54cc8e0cce52f473b9d3f31f2c88560dd7f,60.16762,24.95415,000000006b44cce7,17.4
55,2019-08-01T08:07:00Z,0cdfd239f978e9d5327befe6a055299979f5016aa8b3bc795982724e,60.1638,24.96846,00000000d747f075,9.12
56,2019-08-01T08:07:00Z,0d1980afbe99836a5db522a71d86e47b30c31118fa80e7736f3cd053,60.17918,24.95141,00000000675d5200,11.7
57,2019-08-01T08:07:00Z,0e392cbd7edd87f4d14b51d0721764f401690fd54c6b52428ccbd62c,60.16897,24.95222,00000000aa852af1,10.78
58,2019-08-01T08:07:00Z,0e5e03c4ad8aa152a8c52c9b825159f6745b85eabfa225b0d8f875dd,60.173,24.92524,0000000096918cfa,21.87
59,2019-08-01T08:07:00Z,0ecefce213eef443bd682488077179aacda5e543525e2b7142f2c864,60.14947,24.91438,000000004ef3150d,12.69
60,2019-08-01T08:07:00Z,0ef1cbc223ee77a19eb8e9d82016f936e852067d8d3873f637bd84a2,60.16762,24.95415,000000006b44cce7,6.46
61,2019-08-01T08:07:00Z,0f6a7a0af91ba88df4a522b2df02604841088da311c09c48aad8d840,60.17918,24.95141,00000000675d5200,9.12
62,2019-08-01T08:07:00Z,10655046da6d088dc42eda77ec7a1077744f5d91977cdf2e7e49ad79,60.16448,24.97323,0000000053c6c2be,20.28
63,2019-08-01T08:07:00Z,10e745135ad40601f4af5650e15a22bcbee329f7c43de51a8adaef71,60.16075,24.95883,00000000f1124bca,5.41
64,2019-08-01T08:07:00Z,10ec138a6f9f1e0ef84470a74eeed2d3f3968bba4639e8804a40ec8f,60.16897,24.95222,00000000aa852af1,20.28
65,2019-08-01T08:07:00Z,114e0235f17f3ea972c37d8b2f55d9f73ea83b93c1629215fe1107d6,60.17065,24.93641,000000000f4919c9,10.78
66,2019-08-01T08:07:00Z,11a6d569be7a8bbc4dd297e2223956dda0c4d281e762a79bfeb5881b,60.14947,24.91438,000000004ef3150d,10.78
67,2019-08-01T08:07:00Z,11aa0ba839705a7fde087e5b2dc2fe119229d44e497a23a4cffb5972,60.16897,24.95222,00000000aa852af1,17.4
68,2019-08-01T08:07:00Z,121974d39dcfe6dcc5af1015bf09626e72c03480e88caaacbd4140fc,60.16897,24.95222,00000000aa852af1,36.27
69,2019-08-01T08:07:00Z,126c6d193e5f57ee2e72abb31ba85887bb2d948f1078bbad695220d1,60.16629,24.95957,00000000fb7600be,11.7
70,2019-08-01T08:07:00Z,12a817568bd250d6e5c95b0376026ce3f237dc403dbad70de2eaf496,60.16829,24.94214,00000000afef4555,25.36
71,2019-08-01T08:07:00Z,1313f0abda6d7ae2ffd1eb44cf66bc628c4c0546bdd033c6016531f2,60.17919,24.95181,000000007b5207b6,9.92
72,2019-08-01T08:07:00Z,134c9d2f7ef8ec48b405c3d02247ef19e9589b7872048950bad8886f,60.16762,24.95415,000000006b44cce7,6.46
73,2019-08-01T08:07:00Z,1448e30a3b1f04c8453babd83d083313a1026dc114407538f0f31bd4,60.14947,24.91438,000000004ef3150d,16.1
74,2019-08-01T08:07:00Z,15145e8bb547b9d5d722bd44ddd338e0ef2d69a1e54cc5b9b162647c,60.16829,24.94214,00000000afef4555,18.79
75,2019-08-01T08:07:00Z,165e442909ee7ef1e267ac1cb129b69a53b385776aa83ab92fa19afe,60.16762,24.95415,000000006b44cce7,11.7
76,2019-08-01T08:07:00Z,16696df60063a42d33a2be9d21fc04125c607f1bf92c4b47de282bcb,60.16762,24.95415,000000006b44cce7,17.4
77,2019-08-01T08:07:00Z,172a6aa818404000fb49f5bfa6902ba7bbc655a5c0287c4b343dfcf1,60.16897,24.95222,00000000aa852af1,16.1
78,2019-08-01T08:07:00Z,173bb2276c25304bb5fe2fbe1180f7afeab815590364381fdeec83ec,60.16897,24.95222,00000000aa852af1,12.69
79,2019-08-01T08:07:00Z,188d2e17eacbe726e4d834ba5fdd055045b0b5a38b32ad73ea7c5d9f,60.16762,24.95415,000000006b44cce7,4.94
80,2019-08-01T08:07:00Z,18dde4781266f02b8daf82a513fc6176d5a0e8efc085f79a425f99c5,60.16897,24.95222,00000000aa852af1,7.69
81,2019-08-01T08:07:00Z,1b8fc9c0317db8cd87bdf83ffd96a5e042736fe1f02907ac7a2b046d,60.17002,24.94407,000000006b087f40,23.56
82,2019-08-01T08:07:00Z,1be12a4f71b98dc9509141bc1a766b833b6c15dc22303f7006afbe96,60.17065,24.93641,000000000f4919c9,18.79
83,2019-08-01T08:07:00Z,1d2f5cc480898e88447b31ca8f92d1c9baf8acb327560baa6b0f0c91,60.16544,24.95398,0000000038d83d41,25.36
84,2019-08-01T08:07:00Z,1d414a3583c4adae26fc8cd7f413e8adfcde2b5d354b646a677f95d6,60.173,24.92524,0000000096918cfa,25.36
85,2019-08-01T08:07:00Z,1da1d6b396e3917a5b34cab4333b59b12845909a8a0e355e11fa498e,60.16762,24.95415,000000006b44cce7,6.46
86,2019-08-01T08:07:00Z,1dccf70d921aac5ea951186e9098d397e8f5a80029f2652e1de11323,60.16897,24.95222,00000000aa852af1,9.92
87,2019-08-01T08:07:00Z,1dea2cecf1c155a739ba32f8efd356865935d02168155111a52ee4a1,60.18203,24.91341,00000000342570c2,14.89
88,2019-08-01T08:07:00Z,1e0df8b2a2f9861e8eb93eb5446bcf451da60d721888bd9a1fded7d2,60.17918,24.95141,00000000675d5200,9.12
89,2019-08-01T08:07:00Z,1e654ab93c5aecea7823a73871d80956daa0eaebdf8105562f38dc03,60.16531,24.9442,00000000fdda10fe,12.69
90,2019-08-01T08:07:00Z,1ecbc7c6afe89033252e5510cbb893666af2b3bc29f555a3a6287fdb,60.14951,24.92138,0000000006dd41f6,3.74
91,2019-08-01T08:07:00Z,1f403d0021cabffb9946e1efc601d44288f4b9a26e77e6fbdf927f1d,60.16531,24.9442,00000000fdda10fe,4.94
92,2019-08-01T08:07:00Z,1f9aecae40856d4630565024483c8db955f740f55963d00c86bc0586,60.14947,24.91438,000000004ef3150d,25.36
93,2019-08-01T08:07:00Z,2107fe0d112ef790fa937dc1ec61574bccc2cc254e6c9da286e61532,60.173,24.92524,0000000096918cfa,3.09
94,2019-08-01T08:07:00Z,21197cb181f13775cf75c803f9dec643033c8ca7499abd87c0d2407d,60.16531,24.9442,00000000fdda10fe,11.7
95,2019-08-01T08:07:00Z,213708d4497d833566cd2c45222158d4d7409bef743395e237866176,60.16544,24.95398,0000000038d83d41,25.36
96,2019-08-01T08:07:00Z,213b7282c396063f85f6f0f24ba3ebbb249d0af51561a0a2e76f5ad3,60.16897,24.95222,00000000aa852af1,17.4
97,2019-08-01T08:07:00Z,2198661014ae5959e0304e1e95c6edd81ccd82f90ccad363855c4a52,60.18203,24.91341,00000000342570c2,21.87
98,2019-08-01T08:07:00Z,220d67874314c3b7e6feb9c99618991f5a0664c1ee510b1439a65b16,60.16762,24.95415,000000006b44cce7,4.94
99,2019-08-01T08:07:00Z,22c78672a39bb453362d8d4e4f0bc7855a2b973ac63a3c8aa52362e1,60.14951,24.92138,0000000006dd41f6,8.38
100,2019-08-01T08:07:00Z,246ecc1d114ee8e7f205f8883e28da5a14ffc17d719ceb95d3769f08,60.16762,24.95415,000000006b44cce7,20.28
101,2019-08-01T08:07:00Z,24c1a3a15d81f56338fc8588af388b8d9f7e488d7064acf0fb5c4b27,60.16762,24.95415,000000006b44cce7,12.69
102,2019-08-01T08:07:00Z,26097894a6864ba114c93902c1495414710d1984624834252d295885,60.16762,24.95415,000000006b44cce7,20.28
103,2019-08-01T08:07:00Z,266912c7b7f98e2c3e447d8e07f92bc74ddf6fb314cdbfee805e6ced,60.173,24.92524,0000000096918cfa,14.89
104,2019-08-01T08:07:00Z,270749ab8e1a83f0dcbf45dc861bcc0e10361d103d7589841787e366,60.16531,24.9442,00000000fdda10fe,11.7
105,2019-08-01T08:07:00Z,2743e749e7b387bb3ef1fd1d7d05b94c5458825fa70c23e5bee72edd,60.16829,24.94214,00000000afef4555,8.38
106,2019-08-01T08:07:00Z,2832565094d8e4bd54c7a2442ac8807d97669bc460c1cb75a831bbb8,60.16762,24.95415,000000006b44cce7,7.05
107,2019-08-01T08:07:00Z,28a4389ab2f325b228685cd35449629ed69237ba5df564549487e2a5,60.16762,24.95415,000000006b44cce7,7.69
108,2019-08-01T08:07:00Z,28e2c9fb8fca8dad339dbfba458d069e973ed296c0098405247baa68,60.16531,24.9442,00000000fdda10fe,12.69
109,2019-08-01T08:07:00Z,2a81250d09aafba1182f50933fd2ba5728b02f829c1b62965a70af57,60.16762,24.95415,000000006b44cce7,12.69
110,2019-08-01T08:07:00Z,2b2be3e013649c956dd5b92acbde63a8ae95efda5ef75e43d2683ca6,60.16897,24.95222,00000000aa852af1,23.56
111,2019-08-01T08:07:00Z,2b9dae3785afb75b4cdecd1bb4a4ab77224baac5d87f7b298959d6a6,60.16629,24.95957,00000000fb7600be,14.89
112,2019-08-01T08:07:00Z,2c73c88486b250d46ea01a47c49a12aa7cc22122edbfdd08df4b2dba,60.149,24.9843,00000000fffb8cf0,2.08
113,2019-08-01T08:07:00Z,2e0c583fe72ba7dc1aef5ab53e1e5f6bf47ccced438b37df2581ac2a,60.17002,24.94407,000000006b087f40,4.5
114,2019-08-01T08:07:00Z,3004b57f95861dcbc505cbe89ab781674966526a063bee7072de8aba,60.16829,24.94214,00000000afef4555,9.92
115,2019-08-01T08:07:00Z,32638d1f0d0e32b618802bc3a0bea9c134f7f67d25dbea5f487b2d67,60.16829,24.94214,00000000afef4555,8.38
116,2019-08-01T08:07:00Z,339c59fa132b785b2b1df2dee5fc83f3cb633378aa3b226e9d87cb59,60.16629,24.95957,00000000fb7600be,17.4
117,2019-08-01T08:07:00Z,33eb8bc6512a8a0e59b94d3c8961f5450d7e2bb341977e01cc30b6ff,60.16531,24.9442,00000000fdda10fe,5.41
118,2019-08-01T08:07:00Z,3435380993c5e72920cdf5684bd0211e1ca4185ad7a588c9e0190fe0,60.16829,24.94214,00000000afef4555,9.12
119,2019-08-01T08:07:00Z,364a03020032dcff33c60fe6e62d898b1671179cf25e077d00e33d2e,60.16829,24.94214,00000000afef4555,27.28
120,2019-08-01T08:07:00Z,3685ee6d322dcb2ad0ae181f66c3c5427d4531d7896d2f5f7571bb6d,60.16762,24.95415,000000006b44cce7,7.69
121,2019-08-01T08:07:00Z,370205c30937d4b5c2cb3b1b067e7d316984b6c9c200f0a0345f9483,60.16897,24.95222,00000000aa852af1,21.87
122,2019-08-01T08:07:00Z,3740dc0f7f4a63094add55427fd7096a227657fda9151d52298cfe45,60.16829,24.94214,00000000afef4555,8.38
123,2019-08-01T08:07:00Z,387169a63bde1990d903b70d2148fcd72715ccda71b9c1b46921ecc5,60.14951,24.92138,0000000006dd41f6,9.92
124,2019-08-01T08:07:00Z,38fb20c6d55b10dd10a39c0fb41ad61297453e25afda81cf32313ae3,60.16531,24.9442,00000000fdda10fe,16.1
125,2019-08-01T08:07:00Z,3a08e46fd9bb170ce43d0e53faed326dc484fd3f251ed7c9def50bfc,60.17918,24.95141,00000000675d5200,12.69
126,2019-08-01T08:07:00Z,3aba292cc17f7d51a84e620cb35c14ed5523d345b89b57cf828edd1a,60.15432,24.9211,0000000019fb59c4,12.69
127,2019-08-01T08:07:00Z,3b22863efa274cd6b3a023a1a9fda3440f2c8747460b9f7cd8ba35f4,60.16531,24.9442,00000000fdda10fe,7.69
128,2019-08-01T08:07:00Z,3cbf81a592742f7a6a4289c08658e91a39bc589d467452d9278b317d,60.16829,24.94214,00000000afef4555,4.5
129,2019-08-01T08:07:00Z,3ea97b93bfe55e696ca96744476fe530027a445db2f725c1d2815806,60.16448,24.97323,0000000053c6c2be,20.28
130,2019-08-01T08:07:00Z,3fa322a1174080bc65a9706a0459e652767ac0b1db6c05c9218039d4,60.16448,24.97323,0000000053c6c2be,9.92
131,2019-08-01T08:07:00Z,4114ffe14d4a0a2ecad9d7346e110f48d394efe01c0c3906a801554d,60.16544,24.95398,0000000038d83d41,25.36
132,2019-08-01T08:07:00Z,411f63100f0afed103b4e31b3544b8cf0c4c830902efe7da020562c4,60.16762,24.95415,000000006b44cce7,17.4
133,2019-08-01T08:07:00Z,4159f997bb1e0bd633842e0dc0bb44f18dd5a7684faebf756bae3c8f,60.16629,24.95957,00000000fb7600be,14.89
134,2019-08-01T08:07:00Z,41c25f55780b3eb29383bf3e6e59bdcf86a96bc077963fdaabd6d140,60.15133,24.92329,00000000e8a064a4,16.1
135,2019-08-01T08:07:00Z,41cc405b78b01b071b4f09e088648070b854e51cf50493c051e47db8,60.16629,24.95957,00000000fb7600be,29.32
136,2019-08-01T08:07:00Z,42844e90c7134ebb3ec325f57cd27cd24711c779548ebc8692a820d5,60.14951,24.92138,0000000006dd41f6,3.09
137,2019-08-01T08:07:00Z,432705c4fc712806b6fd1712d23d2f90b3e634c52ca4b4bb95602a3e,60.16829,24.94214,00000000afef4555,27.28
138,2019-08-01T08:07:00Z,45b8e8c2f858e87f8c1526369239b5aca16f965f687397902c487739,60.16531,24.9442,00000000fdda10fe,29.32
139,2019-08-01T08:07:00Z,465c41551046a8bef0ea236406282ff3e7f419c988f511389248142b,60.16448,24.97323,0000000053c6c2be,9.12
140,2019-08-01T08:07:00Z,4767919078623e0423a4f381cfa27d7b9a61376339b8170e080a0614,60.16448,24.97323,0000000053c6c2be,16.1
141,2019-08-01T08:07:00Z,4a90a03d5e3b0d2e2a05390b0850e14e163d4fecc0776f5259b3395f,60.16448,24.97323,0000000053c6c2be,9.12
142,2019-08-01T08:07:00Z,4ae8ee480a872946991de7403a5ede161df66ab5dc74b86e462a4756,60.16829,24.94214,00000000afef4555,17.4
143,2019-08-01T08:07:00Z,4de6e32b12ab8e6a14d9691e5351e708066bdc7caafeaf46f9ed60f9,60.16448,24.97323,0000000053c6c2be,18.79
144,2019-08-01T08:07:00Z,4e2a3b0277341537d1d4cde8e18ee4562952168aa2f7aff200f33c02,60.16762,24.95415,000000006b44cce7,10.78
145,2019-08-01T08:07:00Z,4f2ee410fae343924332b7c45d23df66786e3599cf001d739702393e,60.16762,24.95415,000000006b44cce7,18.79
146,2019-08-01T08:07:00Z,5008cd84b0bdcafaa7050f2492e935a275cb218e5b4d9589b422ef17,60.16762,24.95415,000000006b44cce7,13.75
147,2019-08-01T08:07:00Z,50f3b2a1ab66ea9d7663c4b94b5346f58993dae8fb35bb01d644bf3c,60.16629,24.95957,00000000fb7600be,23.56
148,2019-08-01T08:07:00Z,5111ecc6b500fd4c38edd20d2637ac1134b0e51b7f9848cc31f350a1,60.16897,24.95222,00000000aa852af1,8.38
149,2019-08-01T08:07:00Z,5118d9fdb16e32f03d8bdb14d839159ea33caef7b45281427cd01e6c,60.16448,24.97323,0000000053c6c2be,20.28
150,2019-08-01T08:07:00Z,51ec42fdd85671ae93876c3d875b24e56cb45699e9c3d2b623dca70d,60.16762,24.95415,000000006b44cce7,4.94
151,2019-08-01T08:07:00Z,52dafb8d2f758077fde6a37220aa103d803e9c58d64ac234a45708ee,60.16531,24.9442,00000000fdda10fe,23.56
152,2019-08-01T08:07:00Z,532fbd919173979c384d65209bf63556aa23d09e4cbcd72b1af3e9ec,60.16762,24.95415,000000006b44cce7,9.92
153,2019-08-01T08:07:00Z,5380ab49b81c86cd0daa77367b272f8b19d38e62ad217c366921b0b1,60.17918,24.95141,00000000675d5200,7.69
154,2019-08-01T08:07:00Z,540121775e64f64b81ea8dc7b5a392d6beff3ad384fe58e7ed8999fd,60.17065,24.93641,000000000f4919c9,3.4
155,2019-08-01T08:07:00Z,54ccee3db70f9ed6f96547d8b0f4f48e09829c40fa607260b8f273e6,60.16448,24.97323,0000000053c6c2be,5.41
156,2019-08-01T08:07:00Z,556cae6b2e2dec6fe691a835e8e08bd016b1a65797c0aca46879329f,60.17918,24.95141,00000000675d5200,12.69
157,2019-08-01T08:07:00Z,56cf1c3d2b9d059c3022382d0c80c0652f4d999568f15b64eae0ace9,60.16544,24.95398,0000000038d83d41,21.87
158,2019-08-01T08:07:00Z,57491abf2ab0751572c75a6afae790470a8ee29bcfa491d3190f5bb6,60.15133,24.92329,00000000e8a064a4,17.4
159,2019-08-01T08:07:00Z,596d9d22e22c924a47e6166cefdd34ec126db5c889f377035f569481,60.16448,24.97323,0000000053c6c2be,9.92
160,2019-08-01T08:07:00Z,59e92a8e81095a2080310bda3758061b3844d1fe9b9ca3fe7d15e122,60.16762,24.95415,000000006b44cce7,10.78
161,2019-08-01T08:07:00Z,5a5baa4baf640a0ccba5a56562321bca50a6ec62da206c9650738a4d,60.18203,24.91341,00000000342570c2,5.41
162,2019-08-01T08:07:00Z,5bb5ccbc439505424361ba6a7bc7c2811aaffbab13ae667fd266783c,60.16762,24.95415,000000006b44cce7,7.69
163,2019-08-01T08:07:00Z,5bd391c34626d8ac762ebc288bdeca6bc1c3fa6c4d3bc21fb969b5b0,60.16829,24.94214,00000000afef4555,20.28
164,2019-08-01T08:07:00Z,5c92f5a8e05156cb683b63877f1a4b8ecb3e9c16cb0b43581274701c,60.16448,24.97323,0000000053c6c2be,12.69
165,2019-08-01T08:07:00Z,5cee962f37d31043719b66293fd40fd62d5afbf0091c212006b3db4c,60.16897,24.95222,00000000aa852af1,4.94
166,2019-08-01T08:07:00Z,5f946a9a7619496e32d9109d8ded02728274587f78bc74c5565256da,60.1638,24.96846,00000000d747f075,27.28
167,2019-08-01T08:07:00Z,5fc25e87f19a5e9ae7eab1e398c1a25e1b4ab019ee8001b6c30f5157,60.16762,24.95415,000000006b44cce7,8.38
168,2019-08-01T08:07:00Z,60d55040045a84d4b4c8c21827d9e1374b65cffa251fb8d375805577,60.16448,24.97323,0000000053c6c2be,14.89
169,2019-08-01T08:07:00Z,61506aed64899229a000f5edafc21b7c2d41b4648fec42f7b8336971,60.16762,24.95415,000000006b44cce7,6.46
170,2019-08-01T08:07:00Z,6163f9b795d135e974890459dbb1c1a10b74927cdb5cf24452d6b4b5,60.16897,24.95222,00000000aa852af1,20.28
171,2019-08-01T08:07:00Z,629b877d842374670ca74b3970b5c98106cced21b5f6633c8ba991ca,60.16762,24.95415,000000006b44cce7,20.28
172,2019-08-01T08:07:00Z,62f821ae52053d4b110b98c0142254c2b304af3b51dae66214012228,60.1638,24.96846,00000000d747f075,23.56
173,2019-08-01T08:07:00Z,66036ef0fabcb0e45be1e48901918c9c16a48d882f3e1c821cc84db6,60.17918,24.95141,00000000675d5200,23.56
174,2019-08-01T08:07:00Z,668c3e67d23fafb431ffd50946c5670ce8cd3d5545fa8f7300bf657f,60.16448,24.97323,0000000053c6c2be,21.87
175,2019-08-01T08:07:00Z,672ca405a0d932f125fd3e4c826f4a9d5ec0e08c3b1ec9715d4bf26c,60.16762,24.95415,000000006b44cce7,9.12
176,2019-08-01T08:07:00Z,6762478a7a4ae7a4be7c020a282a12fd914ad4ede5a1e14533e24bfd,60.16448,24.97323,0000000053c6c2be,9.92
177,2019-08-01T08:07:00Z,67b49482404636a67cf605bc9dfefb05a1a8dd9361e0959b9df53ae0,60.16829,24.94214,00000000afef4555,16.1
178,2019-08-01T08:07:00Z,6814d670c245ca212694f4839863118152962cf9fe124f3c660909ad,60.14951,24.92138,0000000006dd41f6,6.46
179,2019-08-01T08:07:00Z,69783d21a2cbdcb32a08c56ff30133599317ceb2728d8cc7aa442fa6,60.16829,24.94214,00000000afef4555,18.79
180,2019-08-01T08:07:00Z,6c57d7f430e587542d58e34694033936c1e6c1b49c78d3ca8da94c42,60.16897,24.95222,00000000aa852af1,16.1
181,2019-08-01T08:07:00Z,6ee59c66aec6975a3dbd266f32ed43fcf8a11c52c62543a596fc6fd4,60.16075,24.95883,00000000f1124bca,12.69
182,2019-08-01T08:07:00Z,700fb2eb3222713cab92e9b02fe937535ec1978eb736da41bccb2e58,60.16762,24.95415,000000006b44cce7,12.69
183,2019-08-01T08:07:00Z,701ebe2f0c93e3d2d5f4c1b9f737199afb3f37f9b49809649903d665,60.16762,24.95415,000000006b44cce7,9.12
184,2019-08-01T08:07:00Z,70418939c042d5724bb89d350025952abd7b1b5db964f1871a9d3560,60.16897,24.95222,00000000aa852af1,18.79
185,2019-08-01T08:07:00Z,70548e5203c8e971b50e06b56ab211bfead9eb8f87c1ec668c94f2fd,60.14947,24.91438,000000004ef3150d,14.89
186,2019-08-01T08:07:00Z,70fe864db8d17666cc8f477515af9fbfe3a4113788b6ef837b1ec67b,60.16829,24.94214,00000000afef4555,4.5
187,2019-08-01T08:07:00Z,71460f8ebcff7dd5aa541920ab5a69c659a59de2a1afea4c27354e51,60.17918,24.95141,00000000675d5200,3.09
188,2019-08-01T08:07:00Z,71e5ef0f4d76fd6b7cd0ff1168f4c9f3ea0df763ea19d39a38774937,60.16829,24.94214,00000000afef4555,2.54
189,2019-08-01T08:07:00Z,72b81635ca3c838c2d67d5bc506649045e5dd8c4f637146ce4980737,60.16629,24.95957,00000000fb7600be,20.28
190,2019-08-01T08:07:00Z,73bc44c76b5da023489b9a219318cbaa0139b7bdb9a7cdc9556787d3,60.16829,24.94214,00000000afef4555,11.7
191,2019-08-01T08:07:00Z,73e102708e59b2fcdf2dd5d234cb705de5cd32389547ecb5db287c26,60.16829,24.94214,00000000afef4555,16.1
192,2019-08-01T08:07:00Z,775291d77d874bb3c3d3f2bce57cabfbe944c8eb5e00b47dcd72238c,60.16448,24.97323,0000000053c6c2be,7.69
193,2019-08-01T08:07:00Z,7769183ab93c69c2bc195989ce1433497561eaf2159e86b2c35fdb42,60.17918,24.95141,00000000675d5200,2.54
194,2019-08-01T08:07:00Z,779634596909112351c633534ff8e18d370938e2a8ebefa66e936276,60.16629,24.95957,00000000fb7600be,13.75
195,2019-08-01T08:07:00Z,7898f53cef71c5d8e66c41a3771790bb7f8c60876548e4ce87244175,60.16448,24.97323,0000000053c6c2be,17.4
196,2019-08-01T08:07:00Z,78d2de44dec5b82e9b41cdc2d3fdf6a5366a8ef67e89df95afac968b,60.16448,24.97323,0000000053c6c2be,8.38
197,2019-08-01T08:07:00Z,7a94cb8ed7fae8b162af9ed3324b311a8d0dbde1a199037a38c7669e,60.16629,24.95957,00000000fb7600be,14.89
198,2019-08-01T08:07:00Z,7b67f46245e16bc370ed914b7107c8ca524036124747f38cec637af5,60.17065,24.93641,000000000f4919c9,0.1
199,2019-08-01T08:07:00Z,7cd51189de07d01882cf0a9346f0830a9b21764875334d45e143fbd5,60.17002,24.94407,000000006b087f40,23.56
200,2019-08-01T08:07:00Z,7deb3ec7417a4a496416489d2556f59315bd825d0e563cc07701b882,60.17918,24.95141,00000000675d5200,5.41
201,2019-08-01T08:07:00Z,7e4be98b3b4c6d2bf8fdbe2f9cb12ebe637a27823e080d9c913760c6,60.16629,24.95957,00000000fb7600be,33.81
202,2019-08-01T08:07:00Z,8159b38ac305b3dc2fecd44ac02b139561d6c5f1de30fa314331b713,60.16829,24.94214,00000000afef4555,18.79
203,2019-08-01T08:07:00Z,8166c88c40bce58abfc052f9ce4b8855b6864db5d4800fea12f1fd31,60.16897,24.95222,00000000aa852af1,18.79
204,2019-08-01T08:07:00Z,816e32603e0e8540d1a94a8c322c309c490ea611033c1042cf6406f0,60.16762,24.95415,000000006b44cce7,11.7
205,2019-08-01T08:07:00Z,82f41efe52e2985b49eff55066f664e8499034e5fe77c8510ae5fc89,60.16829,24.94214,00000000afef4555,16.1
206,2019-08-01T08:07:00Z,849ccaa937e496b951d84d382bd5fc7511041b2b5145106e3f3e57a4,60.16897,24.95222,00000000aa852af1,29.32
207,2019-08-01T08:07:00Z,84c0bf52e354e45341f1544b525720d77d254fa7ffb593ee3a2d61ee,60.17065,24.93641,000000000f4919c9,29.32
208,2019-08-01T08:07:00Z,85384788f4a57d3233eda31407e13258c6ff1c368fcc45a0ae61c79b,60.17065,24.93641,000000000f4919c9,27.28
209,2019-08-01T08:07:00Z,85f5eb0f9a34045f6dcee30c334763900298d7601e2eec19114ced72,60.16448,24.97323,0000000053c6c2be,9.12
210,2019-08-01T08:07:00Z,86b066ea755e9fd56188a608365c78bc7873db821770bdcfc83ed149,60.16762,24.95415,000000006b44cce7,9.92
211,2019-08-01T08:07:00Z,874bc05ec0dfd2aa93077744dc212d04a8fec8035ba77e2bacff0304,60.17065,24.93641,000000000f4919c9,21.87
212,2019-08-01T08:07:00Z,8a4c0a8564d15b3542423dcbd660d43c20e8bf31cb0ca2284e00eb5c,60.16897,24.95222,00000000aa852af1,21.87
213,2019-08-01T08:07:00Z,8aaf66c49bbe0c9223e186bf77bbc5dec79f826a9609c3cf34f40a48,60.14699,24.922,00000000a53ed894,27.28
214,2019-08-01T08:07:00Z,8b9ed2c205a4443dd909d9dde8ad662775ab489100d8a1cdedee391b,60.16829,24.94214,00000000afef4555,14.89
215,2019-08-01T08:07:00Z,8c4170f1430c06e81024236ef7388539df7008165c63ffa4f42fdc75,60.16897,24.95222,00000000aa852af1,16.1
216,2019-08-01T08:07:00Z,8cdba710287bcbfc7e7422b359aed83c24bf661f16ff62dd3acbe2f3,60.16829,24.94214,00000000afef4555,1.38
217,2019-08-01T08:07:00Z,8d182709d7af07381b6019a0406cce35ac9df32c77c87f9796cb5a57,60.16762,24.95415,000000006b44cce7,10.78
218,2019-08-01T08:07:00Z,8e17c486f4e28b3e72f45f9514f3cdca383ada56e1671030d8725936,60.16829,24.94214,00000000afef4555,14.89
219,2019-08-01T08:07:00Z,8e3f6884cea6c874b17279d59d58d60e4a3a73e6cfb1f580cd23847c,60.17002,24.94407,000000006b087f40,14.89
220,2019-08-01T08:07:00Z,8f15c550b7aedfe9eb820386fcf313b0b9284c24fbb22873eb54efbe,60.17918,24.95141,00000000675d5200,13.75
221,2019-08-01T08:07:00Z,8f2a26e5dfcc8fb5c6a8ec76d4e0c652e59ec3c7b41d603579708894,60.16897,24.95222,00000000aa852af1,14.89
222,2019-08-01T08:07:00Z,901bda647b75a1e69c83f0e3e1d76aae8f692230753272f055e32cf4,60.16448,24.97323,0000000053c6c2be,16.1
223,2019-08-01T08:07:00Z,903e41e60ba5fd21d41de55b84040d41aad986172d86a552a5740379,60.15432,24.9211,0000000019fb59c4,10.78
224,2019-08-01T08:07:00Z,912c237edd3991cf01695c89b89ebaf2b527111191dc30410111954b,60.173,24.92524,0000000096918cfa,14.89
225,2019-08-01T08:07:00Z,928198e2d151924a36b2517b2b43aa53915693f356c094f48a89dc4b,60.16762,24.95415,000000006b44cce7,10.78
226,2019-08-01T08:07:00Z,934712123a5334069e0e6ada141835dc111fe156d6002fdad1afef19,60.15133,24.92329,00000000e8a064a4,16.1
227,2019-08-01T08:07:00Z,93eb92e0cc0cbe67f802c915ad9f68d4c5d874e878674c506276e1b5,60.16762,24.95415,000000006b44cce7,4.94
228,2019-08-01T08:07:00Z,93f18491fe1964287a61c9f602d7374ad524f4a04d65c4d4dd59a8f3,60.1638,24.96846,00000000d747f075,31.5
229,2019-08-01T08:07:00Z,946a26a91b525279b5bb99d79b5c728ba78c2b8602fd5b9265488780,60.18203,24.91341,00000000342570c2,14.89
230,2019-08-01T08:07:00Z,99a026b5100e23129fa529e9a57a3dbc8490dc03b58f2193f03e2dcf,60.14951,24.92138,0000000006dd41f6,6.46
231,2019-08-01T08:07:00Z,99c9a8f3ff8b8ea117f75fbc2d105ca511a0e1babee5a4c1d6ea702f,60.16448,24.97323,0000000053c6c2be,9.12
232,2019-08-01T08:07:00Z,9a17ed436f9c6626a30f6e1188b6737d89cc5640f3d4f0eea779b516,60.17002,24.94407,000000006b087f40,6.46
233,2019-08-01T08:07:00Z,9bf9afa817e33d8d012c19061138d58c6764ae6378806e5949c3dd0f,60.17002,24.94407,000000006b087f40,27.28
234,2019-08-01T08:07:00Z,9d2fa3d2e09565a3d37cfd29f3bf8277dd0406cdcb79385a1924c40a,60.16762,24.95415,000000006b44cce7,9.92
235,2019-08-01T08:07:00Z,9df5c172d71e9288913bd2ba42deb38f0fbbe93d1d3abcdb8a28afed,60.16762,24.95415,000000006b44cce7,9.92
236,2019-08-01T08:07:00Z,9e7291701a80fe29b6d405a1d0ea7acec086313cb42fb0a96ac89331,60.173,24.92524,0000000096918cfa,10.78
237,2019-08-01T08:07:00Z,9e8c21e1b89265eeb85e7d3bb6ae27bcc79ad29aa80749f84ad230b2,60.16897,24.95222,00000000aa852af1,20.28
238,2019-08-01T08:07:00Z,9f408bebb596d3d5182e929051005ed2a3287d717beff5fca264b314,60.16544,24.95398,0000000038d83d41,23.56
239,2019-08-01T08:07:00Z,9f8ee7701645c5242b6408d18ce04e99e6026d22d271ff2141ab26cf,60.17919,24.95181,000000007b5207b6,6.46
240,2019-08-01T08:07:00Z,a167c60280e1fd4cc153c84a58af72ed7030d8508e358152459caba1,60.18203,24.91341,00000000342570c2,13.75
241,2019-08-01T08:07:00Z,a32f78377b2189615ff347cf616f18a3609c687c99e839b2437d171d,60.16829,24.94214,00000000afef4555,20.28
242,2019-08-01T08:07:00Z,a38c11c450b472b9dad2f076e2d9a63651292d3de806331d06af7f46,60.16531,24.9442,00000000fdda10fe,20.28
243,2019-08-01T08:07:00Z,a39ae85003ddeae9fccd9b7e9a636e317d080327c5091329a1d5f7b1,60.16829,24.94214,00000000afef4555,9.12
244,2019-08-01T08:07:00Z,a47d47b3ae5ae912471a78ba62f44982a2ad569f1e905e64a55b38e3,60.16448,24.97323,0000000053c6c2be,9.12
245,2019-08-01T08:07:00Z,a4b78dbc881d0f70ff3b31a33ab107264f7309f9d0c3b5deea8d19bc,60.16897,24.95222,00000000aa852af1,2.8
246,2019-08-01T08:07:00Z,a4e0ced9447fd3e97205c4c5645b9a8b9823d1ae07747a325214c71a,60.17918,24.95141,00000000675d5200,9.12
247,2019-08-01T08:07:00Z,a4f8f234b135464c89a524e28ac958cabea3941242613e0674dd62db,60.17918,24.95141,00000000675d5200,7.69
248,2019-08-01T08:07:00Z,a684b06daae48c7805c44dc42337fbda93b29d06dd966eb82f1ae249,60.173,24.92524,0000000096918cfa,11.7
249,2019-08-01T08:07:00Z,a6ca2ff898517568b78cb4cffa8fbe642a46690f28f64ebc13f0fb63,60.16448,24.97323,0000000053c6c2be,7.69
250,2019-08-01T08:07:00Z,a6d010615b0732a971c180467cd17865327688c7e6c60628c3d452d3,60.16762,24.95415,000000006b44cce7,13.75
251,2019-08-01T08:07:00Z,a6e840f65323e1b5f3f227e7610745cfef0b81c717f0714723001953,60.17918,24.95141,00000000675d5200,11.7
252,2019-08-01T08:07:00Z,a7eb782a18241139c96d832dcc10bbab57ecd83830688dc653d0af55,60.17918,24.95141,00000000675d5200,12.69
253,2019-08-01T08:07:00Z,a86c102f289409f6efef56c9b116b4ad52d8e2d7b7ab23a6df2a0675,60.16762,24.95415,000000006b44cce7,1.12
254,2019-08-01T08:07:00Z,a9ae420eb1b669d6a52575eb70b6626e270cb10c2412de51c7a2cd22,60.18203,24.91341,00000000342570c2,17.4
255,2019-08-01T08:07:00Z,aa71efecfad00e9bf9343a77a900c95c1d35581dfe3c69ff99bad090,60.16897,24.95222,00000000aa852af1,14.89
256,2019-08-01T08:07:00Z,ab33432da09c5125cda8a90a7f8d83688b2efbecae68084c0b3f44dc,60.16762,24.95415,000000006b44cce7,13.75
257,2019-08-01T08:07:00Z,ae24eed1d506dd00bb2b2601534573213c6faa4b1c6864873ef74ac3,60.17918,24.95141,00000000675d5200,10.78
258,2019-08-01T08:07:00Z,b340da1939075afe26d9f1ff723026856f5c2e057d6d9cebd550fc5c,60.16829,24.94214,00000000afef4555,2.8
259,2019-08-01T08:07:00Z,b36b965d41eedc4f096bef5f0b1696e57093056826306653c939917c,60.16448,24.97323,0000000053c6c2be,18.79
260,2019-08-01T08:07:00Z,b419dc9191d0c8ba7db9c8d3a12af4f3ed124b311d1314395c4b4194,60.16075,24.95883,00000000f1124bca,8.38
261,2019-08-01T08:07:00Z,b4964ca7fe17788dd89978f468e3e700922eba64f74f03677a76fe07,60.16897,24.95222,00000000aa852af1,23.56
262,2019-08-01T08:07:00Z,b50a45ac0708e7b5cca42f3458430eb22ff70a81c575bafe99ffda23,60.17002,24.94407,000000006b087f40,13.75
263,2019-08-01T08:07:00Z,b7bbecda7766fcb6d8ec437d1824cd6a3bb4eda5fb2cfe0958049f3d,60.16762,24.95415,000000006b44cce7,13.75
264,2019-08-01T08:07:00Z,b8377b435b113db3a17530e05b9f31f57edfb710cec0202e92a29e39,60.16829,24.94214,00000000afef4555,5.91
265,2019-08-01T08:07:00Z,b8d45669fc910a22ad2e47b5be1ffed1c012e9d543139977dc1635d8,60.1538,24.95595,0000000038bf9618,31.5
266,2019-08-01T08:07:00Z,b929afa3c9b7ce7c7206f0e50e75d0b04e52280df03ac9014cd67ec8,60.17919,24.95181,000000007b5207b6,23.56
267,2019-08-01T08:07:00Z,b9fe7df7f2f403b18f872731d0f3d21e82a1addfe2dbc079efba666b,60.16762,24.95415,000000006b44cce7,10.78
268,2019-08-01T08:07:00Z,ba0ce01f55f4dba7a91bc01f055de967f4a03503b1435abd3f570d97,60.16531,24.9442,00000000fdda10fe,14.89
269,2019-08-01T08:07:00Z,ba58db8ca9cb34c9eb76943a88dfebee401b0c568a239e98eeb148b0,60.17918,24.95141,00000000675d5200,4.5
270,2019-08-01T08:07:00Z,bd7040b857364a552ec7adc5a5b8469e4330086bdb364164a4b8899b,60.17065,24.93641,000000000f4919c9,27.28
271,2019-08-01T08:07:00Z,be6e029162a1942c3ee92245834f82b8c8d21431395d50c7366da454,60.16448,24.97323,0000000053c6c2be,23.56
272,2019-08-01T08:07:00Z,bfefcd99420a8820a71bae06d522d3ed1b673380ddd4249fee4a4c98,60.17918,24.95141,00000000675d5200,2.3
273,2019-08-01T08:07:00Z,c062592aedc6b03378695173c4004737a3186495cfd6927f9249e15a,60.17918,24.95141,00000000675d5200,33.81
274,2019-08-01T08:07:00Z,c10179e54154d406f3c77540def37dfb2abcbd7366a2fbe86a7c422f,60.1638,24.96846,00000000d747f075,21.87
275,2019-08-01T08:07:00Z,c17e632b080a242a2cdf33a0bbee5cbb74e4bc8506fdd6edacb94463,60.15432,24.9211,0000000019fb59c4,3.74
276,2019-08-01T08:07:00Z,c3a93dc385c8d0d1368fa0cc53e157b86e988cfe913762b1622dcd5a,60.17065,24.93641,000000000f4919c9,4.94
277,2019-08-01T08:07:00Z,c67f0b6623a62324194306f55300d3cf607183b0d2adaa94696873e7,60.16897,24.95222,00000000aa852af1,13.75
278,2019-08-01T08:07:00Z,c6a8c8efde553428e14ee1db8ad697cee32ea7e0453c1600f1bc1d4a,60.15432,24.9211,0000000019fb59c4,11.7
279,2019-08-01T08:07:00Z,c6cbdd62ab82ce6cc125e0c779b645dfe1066b3f043218956e37048c,60.16448,24.97323,0000000053c6c2be,27.28
280,2019-08-01T08:07:00Z,c6d590d6ee9b526ce46a195a615827c0bcb5584288917a0443ad22f0,60.16544,24.95398,0000000038d83d41,21.87
281,2019-08-01T08:07:00Z,c6f8a7cfac54367d31218fbc50ceec6f7bd466eecd6251f4d166263a,60.173,24.92524,0000000096918cfa,18.79
282,2019-08-01T08:07:00Z,c73a71dacecdb190a8e18cf739cc83eb88ea28ead5a4951baa1e315f,60.16897,24.95222,00000000aa852af1,21.87
283,2019-08-01T08:07:00Z,c8a2a1e35d6191d9eb6b42bbc45ff8dc9a551fcb6c3b086d01896004,60.16629,24.95957,00000000fb7600be,10.78
284,2019-08-01T08:07:00Z,c8a42cfdd80593e9e6c1d721caacc3583bda84f627af692a447cc0ba,60.17918,24.95141,00000000675d5200,5.91
285,2019-08-01T08:07:00Z,c8aef405537103b9d31a7e2dda43949f5844b9a36494f8defaf0d803,60.16897,24.95222,00000000aa852af1,11.7
286,2019-08-01T08:07:00Z,c8ed7894aa4e66321edd21e97a47916b97c80d1ff075aeb0bf463645,60.16629,24.95957,00000000fb7600be,13.75
287,2019-08-01T08:07:00Z,ce4020e477285a328002662016fbb4f082f603ba25ce059a68ee45f4,60.14699,24.922,00000000a53ed894,27.28
288,2019-08-01T08:07:00Z,ceb0fbbcb884b425de595fcdd2b7bf0369dd7c2a2a5f7c5eda1f9f47,60.173,24.92524,0000000096918cfa,17.4
289,2019-08-01T08:07:00Z,cf54f355e396032542c46885c70cc62d30635bb336e8038d6a43c372,60.17065,24.93641,000000000f4919c9,23.56
290,2019-08-01T08:07:00Z,d108d779205d591b395f4298e1e39cf37e09039bfe9683df4f46866e,60.17002,24.94407,000000006b087f40,9.92
291,2019-08-01T08:07:00Z,d14809599ade9bfeb6683b94f9a7b9cd7482df5cd95610f5440b1ff7,60.16829,24.94214,00000000afef4555,1.01
292,2019-08-01T08:07:00Z,d252510434db4369355a1ecbe23505568d87b865b5891caa334f73ea,60.173,24.92524,0000000096918cfa,17.4
293,2019-08-01T08:07:00Z,d2abc966f90f80774aceab882b25dcf5ccfb2a470753a9dbd1c4c949,60.16829,24.94214,00000000afef4555,25.36
294,2019-08-01T08:07:00Z,d2e2b5a9f16d1576e42b259152dc95bc86b017a28524e8b46b98c0f3,60.16762,24.95415,000000006b44cce7,14.89
295,2019-08-01T08:07:00Z,d67a09763ca4dce390207716de7d6d2ca005e0a9c3237c9e3485c532,60.18203,24.91341,00000000342570c2,20.28
296,2019-08-01T08:07:00Z,d7865237680648af51a2bb0edb8909c3a5c9fb5f08937b69a941343a,60.17918,24.95141,00000000675d5200,12.69
297,2019-08-01T08:07:00Z,d846e4c047a579efdd8873855d05c6f22d18b42a2eb664ee910adfce,60.1638,24.96846,00000000d747f075,17.4
298,2019-08-01T08:07:00Z,d8ac972d5fa369e95815485170fb11613f2e327d6e48a7eebb4b163a,60.16762,24.95415,000000006b44cce7,10.78
299,2019-08-01T08:07:00Z,d9f87eee89df5dbddb0c64f1ba7c2230898babb2676be71e7ffc382e,60.16897,24.95222,00000000aa852af1,23.56
300,2019-08-01T08:07:00Z,da9b4a5c998e97f85b74845c7963e2337c6562ee10245689a55a8865,60.17918,24.95141,00000000675d5200,7.69
301,2019-08-01T08:07:00Z,dbc33a60b0cf15c963a92f10e89e6bd405c01bc5f6d42760835310c7,60.1638,24.96846,00000000d747f075,25.36
302,2019-08-01T08:07:00Z,dc80ca6a18b34dcb4a47a46b5206e3dd6bcc971bf5cef316160920bf,60.1638,24.96846,00000000d747f075,16.1
303,2019-08-01T08:07:00Z,dd875721d6ee9afad3bbc47f2eb372283256f1c7a1e2a7b83719a8b5,60.16629,24.95957,00000000fb7600be,20.28
304,2019-08-01T08:07:00Z,de62a360aee5baaffc599143fa2d7aaa8ad866816cd5b52b7f5007d5,60.16897,24.95222,00000000aa852af1,11.7
305,2019-08-01T08:07:00Z,de75446e5795c4e6b5ed960749288aef705de0952a568e62b83d044e,60.14947,24.91438,000000004ef3150d,20.28
306,2019-08-01T08:07:00Z,de93479ff9dec38f8ccbd5fd6771553cd1f82cd0ff4980f73352fdd4,60.16531,24.9442,00000000fdda10fe,14.89
307,2019-08-01T08:07:00Z,dec4c791cf247ff0764c4ba608e4849bba0d3927becd0932d45380a0,60.16897,24.95222,00000000aa852af1,13.75
308,2019-08-01T08:07:00Z,def659978f46d01bfe821e6f47af97a4b2ee4fdd0e9b0ad2717ebe99,60.16762,24.95415,000000006b44cce7,10.78
309,2019-08-01T08:07:00Z,e2d7f6259f0529608df85438443b00d95f29ec71d1690433842abefd,60.16897,24.95222,00000000aa852af1,23.56
310,2019-08-01T08:07:00Z,e38e39b27f0a61a00449f83d7684710e3964739089fa7b7d4bdc78a7,60.17002,24.94407,000000006b087f40,16.1
311,2019-08-01T08:07:00Z,e4071e7f61d606a98144e19e35425cf8f9caac9e99d5fd2c9950c3d3,60.16762,24.95415,000000006b44cce7,17.4
312,2019-08-01T08:07:00Z,e4bf91c2eb23b348c72678bccd7ffa4ae4433340de6794e22d1d48e0,60.15133,24.92329,00000000e8a064a4,33.81
313,2019-08-01T08:07:00Z,e5bea1e16fa517e568f47c104cdf83e85b774348c49597b215247263,60.17065,24.93641,000000000f4919c9,14.89
314,2019-08-01T08:07:00Z,e74b5c20d3e33c6c23aa29187d6198cc56e31c68fcfed44ffd0bf03c,60.14947,24.91438,000000004ef3150d,16.1
315,2019-08-01T08:07:00Z,e787b88f2a537c0d1e9654bd2ece15b8c4823d1a952f94d73cb3fd3e,60.16897,24.95222,00000000aa852af1,11.7
316,2019-08-01T08:07:00Z,e86e782177c881a4146888e0eaa1feba328400f12f9ff828d6155b2e,60.1638,24.96846,00000000d747f075,20.28
317,2019-08-01T08:07:00Z,e9786a806d8faad02960cfd8040d725b6ef69896c3b4b9bff4361077,60.16762,24.95415,000000006b44cce7,18.79
318,2019-08-01T08:07:00Z,e98cf5bc69db3be0d7e4011aabd42bdd20f75f18baeb456595ef82e9,60.16762,24.95415,000000006b44cce7,11.7
319,2019-08-01T08:07:00Z,ea0cfb92eb9db9e915fc3a707823a72c3818ea9d97f94c5bc5c98938,60.16829,24.94214,00000000afef4555,31.5
320,2019-08-01T08:07:00Z,ecd2d981e0944e73b76b8ea01470239d90b086e8d36b057c0dcc290a,60.17002,24.94407,000000006b087f40,25.36
321,2019-08-01T08:07:00Z,ed59d46a444115f1622365be14c009b560d28836a7e5d020f77af264,60.16448,24.97323,0000000053c6c2be,21.87
322,2019-08-01T08:07:00Z,f159021d41f639b279dc396785c35add40fc0e15c9f396cedb889c3b,60.17002,24.94407,000000006b087f40,23.56
323,2019-08-01T08:07:00Z,f3c8f69757358d33221ec69401f19ec93377749324589c0bf452b3f1,60.16544,24.95398,0000000038d83d41,21.87
324,2019-08-01T08:07:00Z,f43ecccf9d5ba0187f46cedd05f4c6caf912df396897cba2fad6025e,60.16762,24.95415,000000006b44cce7,11.7
325,2019-08-01T08:07:00Z,f4f1f9223edd1dff5e6690dc0a5ec67c25be7777a2b8a061906af4af,60.1638,24.96846,00000000d747f075,33.81
326,2019-08-01T08:07:00Z,f7adfec0f2afb4311798f5b8f7bbd5abbf68d0b2795e24c9ea584fbf,60.16762,24.95415,000000006b44cce7,11.7
