,time,hash,latitude,longitude,serial,distance
0,2019-08-01T03:15:00Z,144afc51fc2443c7031a2912566eff2ce60226a49d6d2bd7c2923700,60.16544,24.95398,0000000038d83d41,18.79
1,2019-08-01T03:15:00Z,14c7e1511b70f4dd3359cbece1377aebb4d70531f5489eefe53d7c3c,60.16544,24.95398,0000000038d83d41,23.56
2,2019-08-01T03:15:00Z,165ebbb4090d47319ae370f0d0854fdc1f6b79499f8b2e4d3c3533c0,60.16544,24.95398,0000000038d83d41,23.56
3,2019-08-01T03:15:00Z,26a7f422e4d26aeb0cb519e9d16d5e57537056caa23982d5aae127fb,60.16762,24.95415,000000006b44cce7,31.5
4,2019-08-01T03:15:00Z,2cbdb709bb456bc8bca60a86bfa0fd9e979051582401008738e2db26,60.16629,24.95957,00000000fb7600be,27.28
5,2019-08-01T03:15:00Z,351f44e773650f6c4a68cd25c338d2bf5d9a1b20942961befe3b3f11,60.16448,24.97323,0000000053c6c2be,14.89
6,2019-08-01T03:15:00Z,427140db094a88d1033f8ee0e16865b0ca63c0d06e0aacf4d81cd1ea,60.17002,24.94407,000000006b087f40,21.87
7,2019-08-01T03:15:00Z,43b676ed3aef4c2d8846694817e76117873be52e7f788e0cb366c1c4,60.16629,24.95957,00000000fb7600be,25.36
8,2019-08-01T03:15:00Z,4abec48b53c4d82dc781a50af0676249c9d08be31b608a3f378109a6,60.1538,24.95595,0000000038bf9618,25.36
9,2019-08-01T03:15:00Z,4c5f18f9840338be4b03b398b0729b86a73a469d2e351ffb16a285ba,60.16897,24.95222,00000000aa852af1,31.5
10,2019-08-01T03:15:00Z,5d65719c4cbf045f068d084b72302f447d5fd034413d97d13be00d0e,60.18203,24.91341,00000000342570c2,18.79
11,2019-08-01T03:15:00Z,6d22b751ff5173035dc85c52c3dff0780126adae67fe33dc62dd45ef,60.16531,24.9442,00000000fdda10fe,27.28
12,2019-08-01T03:15:00Z,6ff437688c444238352c28f64f9d2a7d0f14d19c9ea42c225380501e,60.16762,24.95415,000000006b44cce7,18.79
13,2019-08-01T03:15:00Z,747f2d1ebff218c0ebbdc0fdaef4cbe56633dfb46ae1b1f8c8142201,60.16762,24.95415,000000006b44cce7,11.7
14,2019-08-01T03:15:00Z,79f136afa0dd8717337c01c70b457c464aaf0fa25b440f51a394ec23,60.16762,24.95415,000000006b44cce7,20.28
15,2019-08-01T03:15:00Z,84fdfd8881f633c5f0c71c1480053953ca4b05e848052d97c063ad38,60.1538,24.95595,0000000038bf9618,21.87
16,2019-08-01T03:15:00Z,87dfaad29a9276ddddb1fa021d3bc23ad14824c1af16f7d87e713689,60.14951,24.92138,0000000006dd41f6,9.12
17,2019-08-01T03:15:00Z,8c75c3289c84fe4493e1e272a77b615fe1985880c5dc68a7c1a17b53,60.16762,24.95415,000000006b44cce7,12.69
18,2019-08-01T03:15:00Z,8cc6ddaa460aeae8cc9e8a33f91a01c8cd4c0c8bf8a943210a28c84d,60.1538,24.95595,0000000038bf9618,16.1
19,2019-08-01T03:15:00Z,8ffeb52bff155eab19ca329d16be495cd44a08aa7f79b94db079caf9,60.15432,24.9211,0000000019fb59c4,25.36
20,2019-08-01T03:15:00Z,91d3b80de4439a4a49ddb8a04d72a0a2ec6c08f351d70232842af567,60.16762,24.95415,000000006b44cce7,23.56
21,2019-08-01T03:15:00Z,9843c6216661048343a0e49cf3d8aa2883cf77f452666a1c873a1052,60.16448,24.97323,0000000053c6c2be,11.7
22,2019-08-01T03:15:00Z,9d5da91dad893b62eea6f22a7092dd0552c6d3bf33f4c6110326b208,60.16897,24.95222,00000000aa852af1,27.28
23,2019-08-01T03:15:00Z,a08cae03363d2e483a6ea717973088f4bd4276de96a9d438a7358ff4,60.16897,24.95222,00000000aa852af1,25.36
24,2019-08-01T03:15:00Z,a91d379a4b57c5df22db0d7a041ff69f657b4b31f28554b1011fc03c,60.16544,24.95398,0000000038d83d41,31.5
25,2019-08-01T03:15:00Z,a9da1ee82e3b670e276c26b483dd50f4a6d0c6f77ef82245d3ae6086,60.18203,24.91341,00000000342570c2,18.79
26,2019-08-01T03:15:00Z,b5fd6b317890e5ab2d79e2cd1abe61626d45a753c7337d0d40728898,60.16762,24.95415,000000006b44cce7,16.1
27,2019-08-01T03:15:00Z,c0a4ef7ed5c5a6a885f940ec1a8f06bc0fd9a3dfa535e8ee5072a689,60.16762,24.95415,000000006b44cce7,14.89
28,2019-08-01T03:15:00Z,c0a7cfe8e60ca911df0f05dbf967a476a449241ce3f3eaf079babde9,60.15432,24.9211,0000000019fb59c4,21.87
29,2019-08-01T03:15:00Z,c40c37def6bf11a63a2556519a7c6233fd417cdeea2cf14f28e7c42c,60.16531,24.9442,00000000fdda10fe,23.56
30,2019-08-01T03:15:00Z,ce783d3c1b06378e5c39c25687746a6f88fbb0ff2b36e3405fb61cf8,60.16762,24.95415,000000006b44cce7,13.75
31,2019-08-01T03:15:00Z,cf05623e4d87ce0906c0b0b7dbf53aacc1228016cd27c341228b6e76,60.18203,24.91341,00000000342570c2,20.28
32,2019-08-01T03:15:00Z,dd2c9c82cf3737146294aff6f814a1349fb0bc4bedf518715dacbe8f,60.18203,24.91341,00000000342570c2,21.87
33,2019-08-01T03:15:00Z,ec72ef080c605e71978aed0d3b5f22c3c3133677a43c614b72eedc6d,60.14699,24.922,00000000a53ed894,14.89
34,2019-08-01T03:15:00Z,ed70dda6b7faebd4340dacdb452ab224d9d3c308df417b7fa76f54e8,60.14951,24.92138,0000000006dd41f6,20.28
35,2019-08-01T03:15:00Z,efd1806e1eee5eca948bc2537df8d816e2cce41009b41189c350ce74,60.16531,24.9442,00000000fdda10fe,29.32
36,2019-08-01T03:15:00Z,f088630d7476dae7d4b7e2bb1f10575f2c89acb4b6e061f3d57c2b40,60.16531,24.9442,00000000fdda10fe,27.28
37,2019-08-01T03:15:00Z,f6609ab1076b1105bb845595a03b41b8fbb282f79c337df5bbc9f841,60.16629,24.95957,00000000fb7600be,14.89
38,2019-08-01T03:15:00Z,fc4f3a44235f1cfc7b53f14ba2da599976a5a0a220d23b852688e485,60.17919,24.95181,000000007b5207b6,16.1
39,2019-08-01T03:15:00Z,ff4d1beaeacf3d68f542a38ef5a9b9d4add8f53e51abf6b66158fa61,60.14947,24.91438,000000004ef3150d,10.78
40,2019-08-01T03:15:00Z,03b5e0ccb5e508b3afdb74f1d7c2708652c634b51ff19c1da685fe16,60.16762,24.95415,000000006b44cce7,2.3
41,2019-08-01T03:15:00Z,093ea1307c4d3a2a606a01c7e4344d4de460cbfcbfa4ae52e4c3728b,60.17918,24.95141,00000000675d5200,27.28
42,2019-08-01T03:15:00Z,1cec3a685c6f8ee8f4780a9bfae260acd378584945355c33cf7e570a,60.14947,24.91438,000000004ef3150d,25.36
43,2019-08-01T03:15:00Z,1ecbc7c6afe89033252e5510cbb893666af2b3bc29f555a3a6287fdb,60.14951,24.92138,0000000006dd41f6,4.5
44,2019-08-01T03:15:00Z,2f06b0163b29bf89f2011c856b1d97fb3aa4dd841ab1843c052ce786,60.14947,24.91438,000000004ef3150d,29.32
45,2019-08-01T03:15:00Z,30794b116f4b8e6e4b715d39e786c2baeb1a11bd22b93ad80c52af44,60.16762,24.95415,000000006b44cce7,18.79
46,2019-08-01T03:15:00Z,3830e5a40e476a37dd1814ed155b220ccdce44119e1f82891e5ab88a,60.17918,24.95141,00000000675d5200,31.5
47,2019-08-01T03:15:00Z,388d4bdb794a7c66564e71048dce23ba5d4dfcba8978bfe2dbe74bed,60.14947,24.91438,000000004ef3150d,20.28
48,2019-08-01T03:15:00Z,39db9a8cc0acaf7a75476ae720094892df5ec53f96b3ddc6a7088538,60.16531,24.9442,00000000fdda10fe,33.81
49,2019-08-01T03:15:00Z,3bd2b126931d5a8fb6993ce3ba14ac1eebaf32ad816b0ec38d93d461,60.14947,24.91438,000000004ef3150d,23.56
50,2019-08-01T03:15:00Z,3f345ebe02480f89bc9c0c18a43e489a07d230036ca59accfa8c3671,60.15432,24.9211,0000000019fb59c4,29.32
51,2019-08-01T03:15:00Z,405fd12525d819b429385d3d977dd099feaf5ad03548723bc52309a6,60.14947,24.91438,000000004ef3150d,21.87
52,2019-08-01T03:15:00Z,42844e90c7134ebb3ec325f57cd27cd24711c779548ebc8692a820d5,60.14951,24.92138,0000000006dd41f6,3.09
53,2019-08-01T03:15:00Z,478830e26b1b9314c3f35b4ca62aba9828872733abbc7f32b78daac3,60.16531,24.9442,00000000fdda10fe,33.81
54,2019-08-01T03:15:00Z,4ca8da2a185f4d8e04295fb4ad34c6892deaa815cf02ee545b882a0e,60.14947,24.91438,000000004ef3150d,33.81
55,2019-08-01T03:15:00Z,4ffb94c76eed3b9c7ab00d1e25ae649045cd579ff3d8f5b119b97446,60.16629,24.95957,00000000fb7600be,14.89
56,2019-08-01T03:15:00Z,53fb04e5d5aa12f3aa8ef69489e2380889ff25c7d7c7286890ee2604,60.16629,24.95957,00000000fb7600be,20.28
57,2019-08-01T03:15:00Z,658b6411ce0e4fd284ec584fb491992af0c07d9769694674e4c24d5b,60.14947,24.91438,000000004ef3150d,16.1
58,2019-08-01T03:15:00Z,671f9d77c767acb9f9d791833688903089ee1152c5884dd3dc1279ae,60.16531,24.9442,00000000fdda10fe,14.89
59,2019-08-01T03:15:00Z,68d9408799b6c2142767612e2da367096d01519521ef147aa7459316,60.16762,24.95415,000000006b44cce7,18.79
60,2019-08-01T03:15:00Z,701ebe2f0c93e3d2d5f4c1b9f737199afb3f37f9b49809649903d665,60.16762,24.95415,000000006b44cce7,8.38
61,2019-08-01T03:15:00Z,704cda5c56b062c0bbba0ca15b42971969067654b50f032faad89a00,60.17002,24.94407,000000006b087f40,23.56
62,2019-08-01T03:15:00Z,72b3bdb33f364317f57252fca36da2af2240229295714df2131c23e2,60.16762,24.95415,000000006b44cce7,14.89
63,2019-08-01T03:15:00Z,79b8dbfb9cef6882ed7ffe4400f25adfcda3f361e4b04800bfce0f19,60.14947,24.91438,000000004ef3150d,21.87
64,2019-08-01T03:15:00Z,7e08f94bad8839c64e1a79f70ef7aa8da899b74d6471217ca9c72839,60.17002,24.94407,000000006b087f40,20.28
65,2019-08-01T03:15:00Z,83a88b643f8db7cc9168778e51327b5ade05ca5647f031c7a4f5a487,60.14947,24.91438,000000004ef3150d,10.78
66,2019-08-01T03:15:00Z,849f62a26d0f6057505c4b1f7fe48688d7a5d4a4fa286c406f24bd7c,60.16531,24.9442,00000000fdda10fe,14.89
67,2019-08-01T03:15:00Z,8a5b86e7c92763e85cfccd5f634e052384b64318c1286a4f8074c94f,60.16762,24.95415,000000006b44cce7,7.05
68,2019-08-01T03:15:00Z,91e19604d5ebd595b79e17383e16b9e021a53c14de7205cc3a6de83b,60.16629,24.95957,00000000fb7600be,16.1
69,2019-08-01T03:15:00Z,99a026b5100e23129fa529e9a57a3dbc8490dc03b58f2193f03e2dcf,60.14951,24.92138,0000000006dd41f6,5.41
70,2019-08-01T03:15:00Z,9b132248def97a8f7178a3d898cbd8655ab0afe50af144e1aefcaf2a,60.17918,24.95141,00000000675d5200,9.12
71,2019-08-01T03:15:00Z,9d30cd57b0a81019f53c1e870ea2e0dc8f3270c6eec42af95b81a362,60.14947,24.91438,000000004ef3150d,17.4
72,2019-08-01T03:15:00Z,9d76ea2663c4c7f4932f124609424252b31fd3fddca913d39c2b21fc,60.14947,24.91438,000000004ef3150d,13.75
73,2019-08-01T03:15:00Z,9dac7c203aafe3d0dd5c9c01081f41d562ec361496371552a16fca9e,60.14947,24.91438,000000004ef3150d,12.69
74,2019-08-01T03:15:00Z,a28666df52e797901453ccf1489b62e2c47e596d46db87b269949be1,60.16829,24.94214,00000000afef4555,18.79
75,2019-08-01T03:15:00Z,a863f3e32586fa25f27244c248739d2151c6874f4a50c364d696181e,60.14947,24.91438,000000004ef3150d,16.1
76,2019-08-01T03:15:00Z,a8c7d85d397619b4a91c2655e8e50b1cfcbf2771d71b62b4681a20c8,60.16448,24.97323,0000000053c6c2be,21.87
77,2019-08-01T03:15:00Z,aa117779623886ec833cee90c4ebd3aa9ce2dcff39a289f2cfe82fea,60.16762,24.95415,000000006b44cce7,14.89
78,2019-08-01T03:15:00Z,c0a0ca3433586ed2ae0e448f2406fabac7292ac79d49562e0bd5cef8,60.16762,24.95415,000000006b44cce7,14.89
79,2019-08-01T03:15:00Z,db0e10943fcdd3914ddc764635ba11c29832c708b5f4f46493df0413,60.16762,24.95415,000000006b44cce7,21.87
80,2019-08-01T03:15:00Z,dee84460b81b76e5c1bd53a396883010810aa7589ba1585b1e42972c,60.16762,24.95415,000000006b44cce7,27.28
81,2019-08-01T03:15:00Z,ecb21215bc662033aa0cf8bd62c8f146783acc942ca0cf0629fcab2c,60.17002,24.94407,000000006b087f40,23.56
82,2019-08-01T03:15:00Z,f7adfec0f2afb4311798f5b8f7bbd5abbf68d0b2795e24c9ea584fbf,60.16762,24.95415,000000006b44cce7,13.75
83,2019-08-01T03:15:00Z,fd30b66734217247a078a83bb94e278ba8e0c8a1245efbf00b1d778c,60.16762,24.95415,000000006b44cce7,1.7
84,2019-08-01T03:15:01Z,03e0fc996a589ccdf1871b3c78e089c08c93ba1f2a02d740fb384aac,60.16531,24.9442,00000000fdda10fe,31.5
85,2019-08-01T03:15:01Z,144afc51fc2443c7031a2912566eff2ce60226a49d6d2bd7c2923700,60.16544,24.95398,0000000038d83d41,41.64
86,2019-08-01T03:15:01Z,14c7e1511b70f4dd3359cbece1377aebb4d70531f5489eefe53d7c3c,60.16544,24.95398,0000000038d83d41,25.36
87,2019-08-01T03:15:01Z,165ebbb4090d47319ae370f0d0854fdc1f6b79499f8b2e4d3c3533c0,60.16544,24.95398,0000000038d83d41,31.5
88,2019-08-01T03:15:01Z,351f44e773650f6c4a68cd25c338d2bf5d9a1b20942961befe3b3f11,60.16448,24.97323,0000000053c6c2be,16.1
89,2019-08-01T03:15:01Z,427140db094a88d1033f8ee0e16865b0ca63c0d06e0aacf4d81cd1ea,60.17002,24.94407,000000006b087f40,23.56
90,2019-08-01T03:15:01Z,4abec48b53c4d82dc781a50af0676249c9d08be31b608a3f378109a6,60.1538,24.95595,0000000038bf9618,23.56
91,2019-08-01T03:15:01Z,4c5f18f9840338be4b03b398b0729b86a73a469d2e351ffb16a285ba,60.16897,24.95222,00000000aa852af1,23.56
92,2019-08-01T03:15:01Z,5d65719c4cbf045f068d084b72302f447d5fd034413d97d13be00d0e,60.18203,24.91341,00000000342570c2,18.79
93,2019-08-01T03:15:01Z,5eed115a984d490b02b602d73787aee8dc8c4e9365b77fbff3818a76,60.16629,24.95957,00000000fb7600be,23.56
94,2019-08-01T03:15:01Z,66dabd3229229330d23c70e9e1737429ddfe69db01f4a6a00f70fa20,60.16762,24.95415,000000006b44cce7,21.87
95,2019-08-01T03:15:01Z,6a657079c1bdc8114c289be1ddd83e5846d4279a920d1697b8ff0033,60.18203,24.91341,00000000342570c2,31.5
96,2019-08-01T03:15:01Z,6d22b751ff5173035dc85c52c3dff0780126adae67fe33dc62dd45ef,60.16531,24.9442,00000000fdda10fe,20.28
97,2019-08-01T03:15:01Z,6f06341f358e61699fe1e55e986dd0554bc8da28b91daf0c5ad99db6,60.16629,24.95957,00000000fb7600be,27.28
98,2019-08-01T03:15:01Z,6ff437688c444238352c28f64f9d2a7d0f14d19c9ea42c225380501e,60.16762,24.95415,000000006b44cce7,23.56
99,2019-08-01T03:15:01Z,747f2d1ebff218c0ebbdc0fdaef4cbe56633dfb46ae1b1f8c8142201,60.16762,24.95415,000000006b44cce7,11.7
100,2019-08-01T03:15:01Z,79f136afa0dd8717337c01c70b457c464aaf0fa25b440f51a394ec23,60.16762,24.95415,000000006b44cce7,21.87
101,2019-08-01T03:15:01Z,7d0fd2fd8adcdcfaf339b328e652c17c58f2c98e7b79448720a37dda,60.16897,24.95222,00000000aa852af1,33.81
102,2019-08-01T03:15:01Z,84fdfd8881f633c5f0c71c1480053953ca4b05e848052d97c063ad38,60.1538,24.95595,0000000038bf9618,17.4
103,2019-08-01T03:15:01Z,87dfaad29a9276ddddb1fa021d3bc23ad14824c1af16f7d87e713689,60.14951,24.92138,0000000006dd41f6,7.69
104,2019-08-01T03:15:01Z,8c75c3289c84fe4493e1e272a77b615fe1985880c5dc68a7c1a17b53,60.16762,24.95415,000000006b44cce7,7.05
105,2019-08-01T03:15:01Z,8cc6ddaa460aeae8cc9e8a33f91a01c8cd4c0c8bf8a943210a28c84d,60.1538,24.95595,0000000038bf9618,13.75
106,2019-08-01T03:15:01Z,9843c6216661048343a0e49cf3d8aa2883cf77f452666a1c873a1052,60.16448,24.97323,0000000053c6c2be,20.28
107,2019-08-01T03:15:01Z,9d5da91dad893b62eea6f22a7092dd0552c6d3bf33f4c6110326b208,60.16897,24.95222,00000000aa852af1,27.28
108,2019-08-01T03:15:01Z,a08cae03363d2e483a6ea717973088f4bd4276de96a9d438a7358ff4,60.16897,24.95222,00000000aa852af1,38.87
109,2019-08-01T03:15:01Z,a7bf60f4cfe8359d12d5bb7d69ea9850630a9c969a346f04a0ce1968,60.15432,24.9211,0000000019fb59c4,27.28
110,2019-08-01T03:15:01Z,a91d379a4b57c5df22db0d7a041ff69f657b4b31f28554b1011fc03c,60.16544,24.95398,0000000038d83d41,25.36
111,2019-08-01T03:15:01Z,a9da1ee82e3b670e276c26b483dd50f4a6d0c6f77ef82245d3ae6086,60.18203,24.91341,00000000342570c2,16.1
112,2019-08-01T03:15:01Z,b1f358076ba79ef902a36ca8ae3f8ec7c93308a67c479345bfdbdecf,60.1538,24.95595,0000000038bf9618,25.36
113,2019-08-01T03:15:01Z,b851f114e0210cafffc75aa26c1b276c900f4083e224367195561efa,60.16829,24.94214,00000000afef4555,29.32
114,2019-08-01T03:15:01Z,ba42c72ea7c2663b3ea5044faf12173ab18e523dc35de0e24bf374ac,60.16544,24.95398,0000000038d83d41,38.87
115,2019-08-01T03:15:01Z,c0a4ef7ed5c5a6a885f940ec1a8f06bc0fd9a3dfa535e8ee5072a689,60.16762,24.95415,000000006b44cce7,14.89
116,2019-08-01T03:15:01Z,ce783d3c1b06378e5c39c25687746a6f88fbb0ff2b36e3405fb61cf8,60.16762,24.95415,000000006b44cce7,10.78
117,2019-08-01T03:15:01Z,cf05623e4d87ce0906c0b0b7dbf53aacc1228016cd27c341228b6e76,60.18203,24.91341,00000000342570c2,18.79
118,2019-08-01T03:15:01Z,d127ead865385b64ae537a703a26be15fae4b5332ce0fbf03d5e0c23,60.1538,24.95595,0000000038bf9618,31.5
119,2019-08-01T03:15:01Z,dd2c9c82cf3737146294aff6f814a1349fb0bc4bedf518715dacbe8f,60.18203,24.91341,00000000342570c2,21.87
120,2019-08-01T03:15:01Z,ec72ef080c605e71978aed0d3b5f22c3c3133677a43c614b72eedc6d,60.14699,24.922,00000000a53ed894,17.4
121,2019-08-01T03:15:01Z,efd1806e1eee5eca948bc2537df8d816e2cce41009b41189c350ce74,60.16531,24.9442,00000000fdda10fe,29.32
122,2019-08-01T03:15:01Z,f088630d7476dae7d4b7e2bb1f10575f2c89acb4b6e061f3d57c2b40,60.16531,24.9442,00000000fdda10fe,21.87
123,2019-08-01T03:15:01Z,f6609ab1076b1105bb845595a03b41b8fbb282f79c337df5bbc9f841,60.16629,24.95957,00000000fb7600be,17.4
124,2019-08-01T03:15:01Z,f99c5dd8cc08bd2353083d875ce8bc585fb2c2ff8427b90d92f571de,60.1538,24.95595,0000000038bf9618,25.36
125,2019-08-01T03:15:01Z,fc4f3a44235f1cfc7b53f14ba2da599976a5a0a220d23b852688e485,60.17919,24.95181,000000007b5207b6,16.1
126,2019-08-01T03:15:01Z,ff4d1beaeacf3d68f542a38ef5a9b9d4add8f53e51abf6b66158fa61,60.14947,24.91438,000000004ef3150d,8.38
127,2019-08-01T03:15:01Z,03b5e0ccb5e508b3afdb74f1d7c2708652c634b51ff19c1da685fe16,60.16762,24.95415,000000006b44cce7,2.8
128,2019-08-01T03:15:01Z,093ea1307c4d3a2a606a01c7e4344d4de460cbfcbfa4ae52e4c3728b,60.17918,24.95141,00000000675d5200,29.32
129,2019-08-01T03:15:01Z,1cec3a685c6f8ee8f4780a9bfae260acd378584945355c33cf7e570a,60.14947,24.91438,000000004ef3150d,5.91
130,2019-08-01T03:15:01Z,1dacfb371d75dd4f90f447aac2a00faad98beb4188a6971c19eb2375,60.16629,24.95957,00000000fb7600be,29.32
131,2019-08-01T03:15:01Z,1ecbc7c6afe89033252e5510cbb893666af2b3bc29f555a3a6287fdb,60.14951,24.92138,0000000006dd41f6,3.09
132,2019-08-01T03:15:01Z,26ae5346995177879c43dcdfe3b41d829debc62c90eaf4b8297b921e,60.16762,24.95415,000000006b44cce7,21.87
133,2019-08-01T03:15:01Z,280794808d3c44f40c3fcd887716c1d23966edd9fb685b953242ccbe,60.16762,24.95415,000000006b44cce7,14.89
134,2019-08-01T03:15:01Z,2ab97eb72424d3a245ddd77691854f564f939b5bacf84648d4211da2,60.16762,24.95415,000000006b44cce7,18.79
135,2019-08-01T03:15:01Z,2f06b0163b29bf89f2011c856b1d97fb3aa4dd841ab1843c052ce786,60.14947,24.91438,000000004ef3150d,13.75
136,2019-08-01T03:15:01Z,30794b116f4b8e6e4b715d39e786c2baeb1a11bd22b93ad80c52af44,60.16762,24.95415,000000006b44cce7,20.28
137,2019-08-01T03:15:01Z,388d4bdb794a7c66564e71048dce23ba5d4dfcba8978bfe2dbe74bed,60.14947,24.91438,000000004ef3150d,16.1
138,2019-08-01T03:15:01Z,3bd2b126931d5a8fb6993ce3ba14ac1eebaf32ad816b0ec38d93d461,60.14947,24.91438,000000004ef3150d,10.78
139,2019-08-01T03:15:01Z,3f345ebe02480f89bc9c0c18a43e489a07d230036ca59accfa8c3671,60.15432,24.9211,0000000019fb59c4,31.5
140,2019-08-01T03:15:01Z,405fd12525d819b429385d3d977dd099feaf5ad03548723bc52309a6,60.14947,24.91438,000000004ef3150d,21.87
141,2019-08-01T03:15:01Z,4ca8da2a185f4d8e04295fb4ad34c6892deaa815cf02ee545b882a0e,60.14947,24.91438,000000004ef3150d,13.75
142,2019-08-01T03:15:01Z,4f2ee410fae343924332b7c45d23df66786e3599cf001d739702393e,60.16762,24.95415,000000006b44cce7,20.28
143,2019-08-01T03:15:01Z,4ffb94c76eed3b9c7ab00d1e25ae649045cd579ff3d8f5b119b97446,60.16629,24.95957,00000000fb7600be,14.89
144,2019-08-01T03:15:01Z,53fb04e5d5aa12f3aa8ef69489e2380889ff25c7d7c7286890ee2604,60.16629,24.95957,00000000fb7600be,18.79
145,2019-08-01T03:15:01Z,658b6411ce0e4fd284ec584fb491992af0c07d9769694674e4c24d5b,60.14947,24.91438,000000004ef3150d,7.05
146,2019-08-01T03:15:01Z,671f9d77c767acb9f9d791833688903089ee1152c5884dd3dc1279ae,60.16531,24.9442,00000000fdda10fe,20.28
147,2019-08-01T03:15:01Z,68d9408799b6c2142767612e2da367096d01519521ef147aa7459316,60.16762,24.95415,000000006b44cce7,27.28
148,2019-08-01T03:15:01Z,701ebe2f0c93e3d2d5f4c1b9f737199afb3f37f9b49809649903d665,60.16762,24.95415,000000006b44cce7,10.78
149,2019-08-01T03:15:01Z,704cda5c56b062c0bbba0ca15b42971969067654b50f032faad89a00,60.17002,24.94407,000000006b087f40,18.79
150,2019-08-01T03:15:01Z,74cb545f76f0bfc5498607247e26e814276a11ce91f77208054ecbc5,60.17002,24.94407,000000006b087f40,20.28
151,2019-08-01T03:15:01Z,79b8dbfb9cef6882ed7ffe4400f25adfcda3f361e4b04800bfce0f19,60.14947,24.91438,000000004ef3150d,11.7
152,2019-08-01T03:15:01Z,83a88b643f8db7cc9168778e51327b5ade05ca5647f031c7a4f5a487,60.14947,24.91438,000000004ef3150d,10.78
153,2019-08-01T03:15:01Z,849f62a26d0f6057505c4b1f7fe48688d7a5d4a4fa286c406f24bd7c,60.16531,24.9442,00000000fdda10fe,12.69
154,2019-08-01T03:15:01Z,8a5b86e7c92763e85cfccd5f634e052384b64318c1286a4f8074c94f,60.16762,24.95415,000000006b44cce7,6.46
155,2019-08-01T03:15:01Z,91e19604d5ebd595b79e17383e16b9e021a53c14de7205cc3a6de83b,60.16629,24.95957,00000000fb7600be,23.56
156,2019-08-01T03:15:01Z,99a026b5100e23129fa529e9a57a3dbc8490dc03b58f2193f03e2dcf,60.14951,24.92138,0000000006dd41f6,5.91
157,2019-08-01T03:15:01Z,9b132248def97a8f7178a3d898cbd8655ab0afe50af144e1aefcaf2a,60.17918,24.95141,00000000675d5200,9.12
158,2019-08-01T03:15:01Z,9d30cd57b0a81019f53c1e870ea2e0dc8f3270c6eec42af95b81a362,60.14947,24.91438,000000004ef3150d,9.92
159,2019-08-01T03:15:01Z,9d76ea2663c4c7f4932f124609424252b31fd3fddca913d39c2b21fc,60.14947,24.91438,000000004ef3150d,11.7
160,2019-08-01T03:15:01Z,9dac7c203aafe3d0dd5c9c01081f41d562ec361496371552a16fca9e,60.14947,24.91438,000000004ef3150d,11.7
161,2019-08-01T03:15:01Z,a28666df52e797901453ccf1489b62e2c47e596d46db87b269949be1,60.16829,24.94214,00000000afef4555,9.92
162,2019-08-01T03:15:01Z,a863f3e32586fa25f27244c248739d2151c6874f4a50c364d696181e,60.14947,24.91438,000000004ef3150d,9.92
163,2019-08-01T03:15:01Z,a8c7d85d397619b4a91c2655e8e50b1cfcbf2771d71b62b4681a20c8,60.16448,24.97323,0000000053c6c2be,25.36
164,2019-08-01T03:15:01Z,c0a0ca3433586ed2ae0e448f2406fabac7292ac79d49562e0bd5cef8,60.16762,24.95415,000000006b44cce7,29.32
165,2019-08-01T03:15:01Z,c4cb5385bba8d1eb95c54045d4f2ca92af55d4e2bd61d588e3b76b0f,60.16762,24.95415,000000006b44cce7,21.87
166,2019-08-01T03:15:01Z,c5b1ebbc71f7a611a7415c126514bc92963d32b056ba093526802475,60.16762,24.95415,000000006b44cce7,18.79
167,2019-08-01T03:15:01Z,db0e10943fcdd3914ddc764635ba11c29832c708b5f4f46493df0413,60.16762,24.95415,000000006b44cce7,17.4
168,2019-08-01T03:15:01Z,f7adfec0f2afb4311798f5b8f7bbd5abbf68d0b2795e24c9ea584fbf,60.16762,24.95415,000000006b44cce7,8.38
169,2019-08-01T03:15:01Z,f8dea18b780a84dc5c0b202ef3ba8e492aa85a76ce9784b1d3194334,60.16531,24.9442,00000000fdda10fe,29.32
170,2019-08-01T03:15:01Z,fd30b66734217247a078a83bb94e278ba8e0c8a1245efbf00b1d778c,60.16762,24.95415,000000006b44cce7,2.08
171,2019-08-01T03:15:02Z,144afc51fc2443c7031a2912566eff2ce60226a49d6d2bd7c2923700,60.16544,24.95398,0000000038d83d41,27.28
172,2019-08-01T03:15:02Z,14c7e1511b70f4dd3359cbece1377aebb4d70531f5489eefe53d7c3c,60.16544,24.95398,0000000038d83d41,29.32
173,2019-08-01T03:15:02Z,165ebbb4090d47319ae370f0d0854fdc1f6b79499f8b2e4d3c3533c0,60.16544,24.95398,0000000038d83d41,25.36
174,2019-08-01T03:15:02Z,2cbdb709bb456bc8bca60a86bfa0fd9e979051582401008738e2db26,60.16629,24.95957,00000000fb7600be,23.56
175,2019-08-01T03:15:02Z,2dd6ca2c889266702d554569764346cf583b74b0890b10e00ecd4f82,60.16544,24.95398,0000000038d83d41,31.5
176,2019-08-01T03:15:02Z,351f44e773650f6c4a68cd25c338d2bf5d9a1b20942961befe3b3f11,60.16448,24.97323,0000000053c6c2be,16.1
177,2019-08-01T03:15:02Z,427140db094a88d1033f8ee0e16865b0ca63c0d06e0aacf4d81cd1ea,60.17002,24.94407,000000006b087f40,31.5
178,2019-08-01T03:15:02Z,43b676ed3aef4c2d8846694817e76117873be52e7f788e0cb366c1c4,60.16629,24.95957,00000000fb7600be,23.56
179,2019-08-01T03:15:02Z,4abec48b53c4d82dc781a50af0676249c9d08be31b608a3f378109a6,60.1538,24.95595,0000000038bf9618,29.32
180,2019-08-01T03:15:02Z,5d65719c4cbf045f068d084b72302f447d5fd034413d97d13be00d0e,60.18203,24.91341,00000000342570c2,20.28
181,2019-08-01T03:15:02Z,5eed115a984d490b02b602d73787aee8dc8c4e9365b77fbff3818a76,60.16629,24.95957,00000000fb7600be,25.36
182,2019-08-01T03:15:02Z,6066632ddc94b5c482a2d4f45ed2532e55e3fd63e414a084a596a737,60.16762,24.95415,000000006b44cce7,20.28
183,2019-08-01T03:15:02Z,62742981e8529270ff72603e37f1d91125c1a7bd31fb8d3cb52591b8,60.17002,24.94407,000000006b087f40,29.32
184,2019-08-01T03:15:02Z,66dabd3229229330d23c70e9e1737429ddfe69db01f4a6a00f70fa20,60.16762,24.95415,000000006b44cce7,23.56
185,2019-08-01T03:15:02Z,6a657079c1bdc8114c289be1ddd83e5846d4279a920d1697b8ff0033,60.18203,24.91341,00000000342570c2,29.32
186,2019-08-01T03:15:02Z,6d22b751ff5173035dc85c52c3dff0780126adae67fe33dc62dd45ef,60.16531,24.9442,00000000fdda10fe,25.36
187,2019-08-01T03:15:02Z,6f06341f358e61699fe1e55e986dd0554bc8da28b91daf0c5ad99db6,60.16629,24.95957,00000000fb7600be,36.27
188,2019-08-01T03:15:02Z,747f2d1ebff218c0ebbdc0fdaef4cbe56633dfb46ae1b1f8c8142201,60.16762,24.95415,000000006b44cce7,12.69
189,2019-08-01T03:15:02Z,79f136afa0dd8717337c01c70b457c464aaf0fa25b440f51a394ec23,60.16762,24.95415,000000006b44cce7,16.1
190,2019-08-01T03:15:02Z,84fdfd8881f633c5f0c71c1480053953ca4b05e848052d97c063ad38,60.1538,24.95595,0000000038bf9618,23.56
191,2019-08-01T03:15:02Z,87dfaad29a9276ddddb1fa021d3bc23ad14824c1af16f7d87e713689,60.14951,24.92138,0000000006dd41f6,10.78
192,2019-08-01T03:15:02Z,8c75c3289c84fe4493e1e272a77b615fe1985880c5dc68a7c1a17b53,60.16762,24.95415,000000006b44cce7,7.69
193,2019-08-01T03:15:02Z,8cc6ddaa460aeae8cc9e8a33f91a01c8cd4c0c8bf8a943210a28c84d,60.1538,24.95595,0000000038bf9618,25.36
194,2019-08-01T03:15:02Z,8ffeb52bff155eab19ca329d16be495cd44a08aa7f79b94db079caf9,60.15432,24.9211,0000000019fb59c4,23.56
195,2019-08-01T03:15:02Z,9041c42fbb1cf987ee209454d6f5fab418a20e06fd7625460be30fa6,60.16531,24.9442,00000000fdda10fe,38.87
196,2019-08-01T03:15:02Z,91d3b80de4439a4a49ddb8a04d72a0a2ec6c08f351d70232842af567,60.16762,24.95415,000000006b44cce7,25.36
197,2019-08-01T03:15:02Z,9843c6216661048343a0e49cf3d8aa2883cf77f452666a1c873a1052,60.16448,24.97323,0000000053c6c2be,21.87
198,2019-08-01T03:15:02Z,a08cae03363d2e483a6ea717973088f4bd4276de96a9d438a7358ff4,60.16897,24.95222,00000000aa852af1,50.98
199,2019-08-01T03:15:02Z,a7bf60f4cfe8359d12d5bb7d69ea9850630a9c969a346f04a0ce1968,60.15432,24.9211,0000000019fb59c4,23.56
200,2019-08-01T03:15:02Z,a91d379a4b57c5df22db0d7a041ff69f657b4b31f28554b1011fc03c,60.16544,24.95398,0000000038d83d41,29.32
201,2019-08-01T03:15:02Z,a9da1ee82e3b670e276c26b483dd50f4a6d0c6f77ef82245d3ae6086,60.18203,24.91341,00000000342570c2,18.79
202,2019-08-01T03:15:02Z,b1f358076ba79ef902a36ca8ae3f8ec7c93308a67c479345bfdbdecf,60.1538,24.95595,0000000038bf9618,23.56
203,2019-08-01T03:15:02Z,b33ae7715d6d2571066655c2c8954a5a364b5601869047de83410d9f,60.16629,24.95957,00000000fb7600be,27.28
204,2019-08-01T03:15:02Z,b5fd6b317890e5ab2d79e2cd1abe61626d45a753c7337d0d40728898,60.16762,24.95415,000000006b44cce7,14.89
205,2019-08-01T03:15:02Z,ba42c72ea7c2663b3ea5044faf12173ab18e523dc35de0e24bf374ac,60.16544,24.95398,0000000038d83d41,20.28
206,2019-08-01T03:15:02Z,c0a4ef7ed5c5a6a885f940ec1a8f06bc0fd9a3dfa535e8ee5072a689,60.16762,24.95415,000000006b44cce7,16.1
207,2019-08-01T03:15:02Z,c0a7cfe8e60ca911df0f05dbf967a476a449241ce3f3eaf079babde9,60.15432,24.9211,0000000019fb59c4,27.28
208,2019-08-01T03:15:02Z,ce783d3c1b06378e5c39c25687746a6f88fbb0ff2b36e3405fb61cf8,60.16762,24.95415,000000006b44cce7,12.69
209,2019-08-01T03:15:02Z,cf05623e4d87ce0906c0b0b7dbf53aacc1228016cd27c341228b6e76,60.18203,24.91341,00000000342570c2,18.79
210,2019-08-01T03:15:02Z,d127ead865385b64ae537a703a26be15fae4b5332ce0fbf03d5e0c23,60.1538,24.95595,0000000038bf9618,31.5
211,2019-08-01T03:15:02Z,d1488bd0cc0cb3181e22420268c2b0cec6db349fe43fdd1cac965704,60.16531,24.9442,00000000fdda10fe,36.27
212,2019-08-01T03:15:02Z,dd2c9c82cf3737146294aff6f814a1349fb0bc4bedf518715dacbe8f,60.18203,24.91341,00000000342570c2,21.87
213,2019-08-01T03:15:02Z,ec72ef080c605e71978aed0d3b5f22c3c3133677a43c614b72eedc6d,60.14699,24.922,00000000a53ed894,16.1
214,2019-08-01T03:15:02Z,ed70dda6b7faebd4340dacdb452ab224d9d3c308df417b7fa76f54e8,60.14951,24.92138,0000000006dd41f6,21.87
215,2019-08-01T03:15:02Z,f0658ab84466fd2b70b305787976c9cc96062ec03a830710452e9a77,60.16762,24.95415,000000006b44cce7,20.28
216,2019-08-01T03:15:02Z,f088630d7476dae7d4b7e2bb1f10575f2c89acb4b6e061f3d57c2b40,60.16531,24.9442,00000000fdda10fe,27.28
217,2019-08-01T03:15:02Z,f6609ab1076b1105bb845595a03b41b8fbb282f79c337df5bbc9f841,60.16629,24.95957,00000000fb7600be,20.28
218,2019-08-01T03:15:02Z,f99c5dd8cc08bd2353083d875ce8bc585fb2c2ff8427b90d92f571de,60.1538,24.95595,0000000038bf9618,27.28
219,2019-08-01T03:15:02Z,fc4f3a44235f1cfc7b53f14ba2da599976a5a0a220d23b852688e485,60.17919,24.95181,000000007b5207b6,27.28
220,2019-08-01T03:15:02Z,ff3aebf4133639f75213f581cf5d09ab4e208ead1212832e1620a65b,60.14947,24.91438,000000004ef3150d,21.87
221,2019-08-01T03:15:02Z,ff4d1beaeacf3d68f542a38ef5a9b9d4add8f53e51abf6b66158fa61,60.14947,24.91438,000000004ef3150d,8.38
222,2019-08-01T03:15:02Z,03b5e0ccb5e508b3afdb74f1d7c2708652c634b51ff19c1da685fe16,60.16762,24.95415,000000006b44cce7,3.74
223,2019-08-01T03:15:02Z,093ea1307c4d3a2a606a01c7e4344d4de460cbfcbfa4ae52e4c3728b,60.17918,24.95141,00000000675d5200,29.32
224,2019-08-01T03:15:02Z,1074cc20b7c1e018d98b5b03dbc651178a620f7d9717014ffa2307e6,60.14947,24.91438,000000004ef3150d,27.28
225,2019-08-01T03:15:02Z,13e4206d38eafb32822df97189167727a93c3fc19b187987f9af2d8a,60.14699,24.922,00000000a53ed894,20.28
226,2019-08-01T03:15:02Z,1cec3a685c6f8ee8f4780a9bfae260acd378584945355c33cf7e570a,60.14947,24.91438,000000004ef3150d,17.4
227,2019-08-01T03:15:02Z,1dacfb371d75dd4f90f447aac2a00faad98beb4188a6971c19eb2375,60.16629,24.95957,00000000fb7600be,23.56
228,2019-08-01T03:15:02Z,1ecbc7c6afe89033252e5510cbb893666af2b3bc29f555a3a6287fdb,60.14951,24.92138,0000000006dd41f6,4.5
229,2019-08-01T03:15:02Z,280794808d3c44f40c3fcd887716c1d23966edd9fb685b953242ccbe,60.16762,24.95415,000000006b44cce7,17.4
230,2019-08-01T03:15:02Z,2ab97eb72424d3a245ddd77691854f564f939b5bacf84648d4211da2,60.16629,24.95957,00000000fb7600be,25.36
231,2019-08-01T03:15:02Z,2f06b0163b29bf89f2011c856b1d97fb3aa4dd841ab1843c052ce786,60.14947,24.91438,000000004ef3150d,17.4
232,2019-08-01T03:15:02Z,388d4bdb794a7c66564e71048dce23ba5d4dfcba8978bfe2dbe74bed,60.14947,24.91438,000000004ef3150d,12.69
233,2019-08-01T03:15:02Z,3bd2b126931d5a8fb6993ce3ba14ac1eebaf32ad816b0ec38d93d461,60.14947,24.91438,000000004ef3150d,9.12
234,2019-08-01T03:15:02Z,3f345ebe02480f89bc9c0c18a43e489a07d230036ca59accfa8c3671,60.15432,24.9211,0000000019fb59c4,27.28
235,2019-08-01T03:15:02Z,405fd12525d819b429385d3d977dd099feaf5ad03548723bc52309a6,60.14947,24.91438,000000004ef3150d,9.92
236,2019-08-01T03:15:02Z,42844e90c7134ebb3ec325f57cd27cd24711c779548ebc8692a820d5,60.14951,24.92138,0000000006dd41f6,3.4
237,2019-08-01T03:15:02Z,478830e26b1b9314c3f35b4ca62aba9828872733abbc7f32b78daac3,60.16531,24.9442,00000000fdda10fe,27.28
238,2019-08-01T03:15:02Z,4ca8da2a185f4d8e04295fb4ad34c6892deaa815cf02ee545b882a0e,60.14947,24.91438,000000004ef3150d,10.78
239,2019-08-01T03:15:02Z,4ffb94c76eed3b9c7ab00d1e25ae649045cd579ff3d8f5b119b97446,60.16629,24.95957,00000000fb7600be,13.75
240,2019-08-01T03:15:02Z,53fb04e5d5aa12f3aa8ef69489e2380889ff25c7d7c7286890ee2604,60.16629,24.95957,00000000fb7600be,16.1
241,2019-08-01T03:15:02Z,658b6411ce0e4fd284ec584fb491992af0c07d9769694674e4c24d5b,60.14947,24.91438,000000004ef3150d,4.5
242,2019-08-01T03:15:02Z,671f9d77c767acb9f9d791833688903089ee1152c5884dd3dc1279ae,60.16531,24.9442,00000000fdda10fe,10.78
243,2019-08-01T03:15:02Z,68d9408799b6c2142767612e2da367096d01519521ef147aa7459316,60.16762,24.95415,000000006b44cce7,17.4
244,2019-08-01T03:15:02Z,701ebe2f0c93e3d2d5f4c1b9f737199afb3f37f9b49809649903d665,60.16762,24.95415,000000006b44cce7,11.7
245,2019-08-01T03:15:02Z,704cda5c56b062c0bbba0ca15b42971969067654b50f032faad89a00,60.17002,24.94407,000000006b087f40,29.32
246,2019-08-01T03:15:02Z,79b8dbfb9cef6882ed7ffe4400f25adfcda3f361e4b04800bfce0f19,60.14947,24.91438,000000004ef3150d,7.69
247,2019-08-01T03:15:02Z,7e08f94bad8839c64e1a79f70ef7aa8da899b74d6471217ca9c72839,60.17002,24.94407,000000006b087f40,25.36
248,2019-08-01T03:15:02Z,83a88b643f8db7cc9168778e51327b5ade05ca5647f031c7a4f5a487,60.14947,24.91438,000000004ef3150d,11.7
249,2019-08-01T03:15:02Z,849f62a26d0f6057505c4b1f7fe48688d7a5d4a4fa286c406f24bd7c,60.16531,24.9442,00000000fdda10fe,11.7
250,2019-08-01T03:15:02Z,8a5b86e7c92763e85cfccd5f634e052384b64318c1286a4f8074c94f,60.16762,24.95415,000000006b44cce7,6.46
251,2019-08-01T03:15:02Z,91e19604d5ebd595b79e17383e16b9e021a53c14de7205cc3a6de83b,60.16629,24.95957,00000000fb7600be,16.1
252,2019-08-01T03:15:02Z,9895eb1b16709e4d13b4f48b3370501a15b60673cd2eba7a2581113f,60.16762,24.95415,000000006b44cce7,20.28
253,2019-08-01T03:15:02Z,99a026b5100e23129fa529e9a57a3dbc8490dc03b58f2193f03e2dcf,60.14951,24.92138,0000000006dd41f6,4.94
254,2019-08-01T03:15:02Z,9b132248def97a8f7178a3d898cbd8655ab0afe50af144e1aefcaf2a,60.17918,24.95141,00000000675d5200,12.69
255,2019-08-01T03:15:02Z,9d30cd57b0a81019f53c1e870ea2e0dc8f3270c6eec42af95b81a362,60.14947,24.91438,000000004ef3150d,10.78
256,2019-08-01T03:15:02Z,9d713c9ce415e473048b45bbb35d6dcdef35cabaca39aa54f2e781a3,60.16531,24.9442,00000000fdda10fe,36.27
257,2019-08-01T03:15:02Z,9d76ea2663c4c7f4932f124609424252b31fd3fddca913d39c2b21fc,60.14947,24.91438,000000004ef3150d,9.92
258,2019-08-01T03:15:02Z,9dac7c203aafe3d0dd5c9c01081f41d562ec361496371552a16fca9e,60.14947,24.91438,000000004ef3150d,14.89
259,2019-08-01T03:15:02Z,a28666df52e797901453ccf1489b62e2c47e596d46db87b269949be1,60.16829,24.94214,00000000afef4555,11.7
260,2019-08-01T03:15:02Z,a863f3e32586fa25f27244c248739d2151c6874f4a50c364d696181e,60.14947,24.91438,000000004ef3150d,13.75
261,2019-08-01T03:15:02Z,a86c102f289409f6efef56c9b116b4ad52d8e2d7b7ab23a6df2a0675,60.16762,24.95415,000000006b44cce7,4.94
262,2019-08-01T03:15:02Z,aa117779623886ec833cee90c4ebd3aa9ce2dcff39a289f2cfe82fea,60.16762,24.95415,000000006b44cce7,16.1
263,2019-08-01T03:15:02Z,c0a0ca3433586ed2ae0e448f2406fabac7292ac79d49562e0bd5cef8,60.16762,24.95415,000000006b44cce7,16.1
264,2019-08-01T03:15:02Z,db0e10943fcdd3914ddc764635ba11c29832c708b5f4f46493df0413,60.16762,24.95415,000000006b44cce7,17.4
265,2019-08-01T03:15:02Z,e7739d9a169cd8c2b3d708e74c8a7e1b98e6a396909c03b72988f540,60.14947,24.91438,000000004ef3150d,23.56
266,2019-08-01T03:15:02Z,f7adfec0f2afb4311798f5b8f7bbd5abbf68d0b2795e24c9ea584fbf,60.16762,24.95415,000000006b44cce7,6.46
267,2019-08-01T03:15:02Z,fd30b66734217247a078a83bb94e278ba8e0c8a1245efbf00b1d778c,60.16762,24.95415,000000006b44cce7,4.94
268,2019-08-01T03:15:02Z,febd281417fc5892a4a707eab57c541684a3fe684d687f5c097babee,60.17002,24.94407,000000006b087f40,25.36
269,2019-08-01T03:15:03Z,03e0fc996a589ccdf1871b3c78e089c08c93ba1f2a02d740fb384aac,60.16531,24.9442,00000000fdda10fe,25.36
270,2019-08-01T03:15:03Z,144afc51fc2443c7031a2912566eff2ce60226a49d6d2bd7c2923700,60.16544,24.95398,0000000038d83d41,25.36
271,2019-08-01T03:15:03Z,14c7e1511b70f4dd3359cbece1377aebb4d70531f5489eefe53d7c3c,60.16544,24.95398,0000000038d83d41,25.36
272,2019-08-01T03:15:03Z,165ebbb4090d47319ae370f0d0854fdc1f6b79499f8b2e4d3c3533c0,60.16544,24.95398,0000000038d83d41,31.5
273,2019-08-01T03:15:03Z,2cbdb709bb456bc8bca60a86bfa0fd9e979051582401008738e2db26,60.16629,24.95957,00000000fb7600be,25.36
274,2019-08-01T03:15:03Z,2dd6ca2c889266702d554569764346cf583b74b0890b10e00ecd4f82,60.16544,24.95398,0000000038d83d41,29.32
275,2019-08-01T03:15:03Z,351f44e773650f6c4a68cd25c338d2bf5d9a1b20942961befe3b3f11,60.16448,24.97323,0000000053c6c2be,17.4
276,2019-08-01T03:15:03Z,427140db094a88d1033f8ee0e16865b0ca63c0d06e0aacf4d81cd1ea,60.17002,24.94407,000000006b087f40,25.36
277,2019-08-01T03:15:03Z,43b676ed3aef4c2d8846694817e76117873be52e7f788e0cb366c1c4,60.16629,24.95957,00000000fb7600be,27.28
278,2019-08-01T03:15:03Z,4abec48b53c4d82dc781a50af0676249c9d08be31b608a3f378109a6,60.1538,24.95595,0000000038bf9618,23.56
279,2019-08-01T03:15:03Z,5bbb5184fded3e51bc78e45e39917794285e6bbc72da404802a9599a,60.16531,24.9442,00000000fdda10fe,38.87
280,2019-08-01T03:15:03Z,5d65719c4cbf045f068d084b72302f447d5fd034413d97d13be00d0e,60.18203,24.91341,00000000342570c2,17.4
281,2019-08-01T03:15:03Z,5eed115a984d490b02b602d73787aee8dc8c4e9365b77fbff3818a76,60.16629,24.95957,00000000fb7600be,31.5
282,2019-08-01T03:15:03Z,62742981e8529270ff72603e37f1d91125c1a7bd31fb8d3cb52591b8,60.17002,24.94407,000000006b087f40,36.27
283,2019-08-01T03:15:03Z,6d22b751ff5173035dc85c52c3dff0780126adae67fe33dc62dd45ef,60.16531,24.9442,00000000fdda10fe,25.36
284,2019-08-01T03:15:03Z,6f06341f358e61699fe1e55e986dd0554bc8da28b91daf0c5ad99db6,60.16629,24.95957,00000000fb7600be,31.5
285,2019-08-01T03:15:03Z,6ff437688c444238352c28f64f9d2a7d0f14d19c9ea42c225380501e,60.16762,24.95415,000000006b44cce7,20.28
286,2019-08-01T03:15:03Z,747f2d1ebff218c0ebbdc0fdaef4cbe56633dfb46ae1b1f8c8142201,60.16762,24.95415,000000006b44cce7,11.7
287,2019-08-01T03:15:03Z,77839e655f856d5295739c2388237a95b399c3b8a4f659cd1345d939,60.16829,24.94214,00000000afef4555,33.81
288,2019-08-01T03:15:03Z,79f136afa0dd8717337c01c70b457c464aaf0fa25b440f51a394ec23,60.16762,24.95415,000000006b44cce7,14.89
289,2019-08-01T03:15:03Z,84fdfd8881f633c5f0c71c1480053953ca4b05e848052d97c063ad38,60.1538,24.95595,0000000038bf9618,29.32
290,2019-08-01T03:15:03Z,87dfaad29a9276ddddb1fa021d3bc23ad14824c1af16f7d87e713689,60.14951,24.92138,0000000006dd41f6,9.12
291,2019-08-01T03:15:03Z,8b0535dd90c15c8fd1b256e7a48369741b0fe9d58f8f05f6e46134b7,60.16544,24.95398,0000000038d83d41,31.5
292,2019-08-01T03:15:03Z,8c75c3289c84fe4493e1e272a77b615fe1985880c5dc68a7c1a17b53,60.16762,24.95415,000000006b44cce7,6.46
293,2019-08-01T03:15:03Z,8cc6ddaa460aeae8cc9e8a33f91a01c8cd4c0c8bf8a943210a28c84d,60.1538,24.95595,0000000038bf9618,12.69
294,2019-08-01T03:15:03Z,8ffeb52bff155eab19ca329d16be495cd44a08aa7f79b94db079caf9,60.15432,24.9211,0000000019fb59c4,23.56
295,2019-08-01T03:15:03Z,9843c6216661048343a0e49cf3d8aa2883cf77f452666a1c873a1052,60.16448,24.97323,0000000053c6c2be,20.28
296,2019-08-01T03:15:03Z,9d5da91dad893b62eea6f22a7092dd0552c6d3bf33f4c6110326b208,60.16897,24.95222,00000000aa852af1,29.32
297,2019-08-01T03:15:03Z,a7bf60f4cfe8359d12d5bb7d69ea9850630a9c969a346f04a0ce1968,60.15432,24.9211,0000000019fb59c4,31.5
298,2019-08-01T03:15:03Z,a91d379a4b57c5df22db0d7a041ff69f657b4b31f28554b1011fc03c,60.16544,24.95398,0000000038d83d41,29.32
299,2019-08-01T03:15:03Z,a9da1ee82e3b670e276c26b483dd50f4a6d0c6f77ef82245d3ae6086,60.18203,24.91341,00000000342570c2,33.81
300,2019-08-01T03:15:03Z,b1f358076ba79ef902a36ca8ae3f8ec7c93308a67c479345bfdbdecf,60.1538,24.95595,0000000038bf9618,29.32
301,2019-08-01T03:15:03Z,b5fd6b317890e5ab2d79e2cd1abe61626d45a753c7337d0d40728898,60.16762,24.95415,000000006b44cce7,12.69
302,2019-08-01T03:15:03Z,ba42c72ea7c2663b3ea5044faf12173ab18e523dc35de0e24bf374ac,60.16544,24.95398,0000000038d83d41,23.56
303,2019-08-01T03:15:03Z,c0a4ef7ed5c5a6a885f940ec1a8f06bc0fd9a3dfa535e8ee5072a689,60.16762,24.95415,000000006b44cce7,17.4
304,2019-08-01T03:15:03Z,c0a7cfe8e60ca911df0f05dbf967a476a449241ce3f3eaf079babde9,60.15432,24.9211,0000000019fb59c4,23.56
305,2019-08-01T03:15:03Z,ce783d3c1b06378e5c39c25687746a6f88fbb0ff2b36e3405fb61cf8,60.16762,24.95415,000000006b44cce7,14.89
306,2019-08-01T03:15:03Z,cf05623e4d87ce0906c0b0b7dbf53aacc1228016cd27c341228b6e76,60.18203,24.91341,00000000342570c2,21.87
307,2019-08-01T03:15:03Z,d127ead865385b64ae537a703a26be15fae4b5332ce0fbf03d5e0c23,60.1538,24.95595,0000000038bf9618,38.87
308,2019-08-01T03:15:03Z,dd2c9c82cf3737146294aff6f814a1349fb0bc4bedf518715dacbe8f,60.18203,24.91341,00000000342570c2,17.4
309,2019-08-01T03:15:03Z,ec72ef080c605e71978aed0d3b5f22c3c3133677a43c614b72eedc6d,60.14699,24.922,00000000a53ed894,16.1
310,2019-08-01T03:15:03Z,ed70dda6b7faebd4340dacdb452ab224d9d3c308df417b7fa76f54e8,60.14951,24.92138,0000000006dd41f6,23.56
311,2019-08-01T03:15:03Z,efd1806e1eee5eca948bc2537df8d816e2cce41009b41189c350ce74,60.16531,24.9442,00000000fdda10fe,29.32
312,2019-08-01T03:15:03Z,f088630d7476dae7d4b7e2bb1f10575f2c89acb4b6e061f3d57c2b40,60.16531,24.9442,00000000fdda10fe,23.56
313,2019-08-01T03:15:03Z,f6609ab1076b1105bb845595a03b41b8fbb282f79c337df5bbc9f841,60.16629,24.95957,00000000fb7600be,18.79
314,2019-08-01T03:15:03Z,f99c5dd8cc08bd2353083d875ce8bc585fb2c2ff8427b90d92f571de,60.1538,24.95595,0000000038bf9618,23.56
315,2019-08-01T03:15:03Z,fc4f3a44235f1cfc7b53f14ba2da599976a5a0a220d23b852688e485,60.17919,24.95181,000000007b5207b6,11.7
316,2019-08-01T03:15:03Z,ff4d1beaeacf3d68f542a38ef5a9b9d4add8f53e51abf6b66158fa61,60.14947,24.91438,000000004ef3150d,17.4
317,2019-08-01T03:15:03Z,03b5e0ccb5e508b3afdb74f1d7c2708652c634b51ff19c1da685fe16,60.16762,24.95415,000000006b44cce7,3.09
318,2019-08-01T03:15:03Z,093ea1307c4d3a2a606a01c7e4344d4de460cbfcbfa4ae52e4c3728b,60.17918,24.95141,00000000675d5200,21.87
319,2019-08-01T03:15:03Z,1074cc20b7c1e018d98b5b03dbc651178a620f7d9717014ffa2307e6,60.14947,24.91438,000000004ef3150d,10.78
320,2019-08-01T03:15:03Z,13e4206d38eafb32822df97189167727a93c3fc19b187987f9af2d8a,60.14699,24.922,00000000a53ed894,18.79
321,2019-08-01T03:15:03Z,1cec3a685c6f8ee8f4780a9bfae260acd378584945355c33cf7e570a,60.14947,24.91438,000000004ef3150d,5.41
322,2019-08-01T03:15:03Z,1ecbc7c6afe89033252e5510cbb893666af2b3bc29f555a3a6287fdb,60.14951,24.92138,0000000006dd41f6,3.09
323,2019-08-01T03:15:03Z,26ae5346995177879c43dcdfe3b41d829debc62c90eaf4b8297b921e,60.16762,24.95415,000000006b44cce7,18.79
324,2019-08-01T03:15:03Z,30794b116f4b8e6e4b715d39e786c2baeb1a11bd22b93ad80c52af44,60.16762,24.95415,000000006b44cce7,21.87
325,2019-08-01T03:15:03Z,388d4bdb794a7c66564e71048dce23ba5d4dfcba8978bfe2dbe74bed,60.14947,24.91438,000000004ef3150d,8.38
326,2019-08-01T03:15:03Z,3bd2b126931d5a8fb6993ce3ba14ac1eebaf32ad816b0ec38d93d461,60.14947,24.91438,000000004ef3150d,13.75
