,time,hash,latitude,longitude,serial,distance
0,2019-08-03T17:06:00Z,038bb392c5ef8e19022e0940ba393b143d574cb84a7d467e950a0b51,60.16762,24.95415,000000006b44cce7,10.78
1,2019-08-03T17:06:00Z,053b4cad1f764f2e535fcc65d145d2afc6c6df6514356f6c2b054a86,60.1538,24.95595,0000000038bf9618,33.81
2,2019-08-03T17:06:00Z,0b2495924adfe00fcaa27f9ff28b88602a6324a3f93d8f4b7aafedb3,60.16897,24.95222,00000000aa852af1,20.28
3,2019-08-03T17:06:00Z,0fe5fbc2e2c2253b353e7febc12e41acc119469bf4775b5ae7f8fc8f,60.16448,24.97323,0000000053c6c2be,25.36
4,2019-08-03T17:06:00Z,112c36ba789fa57e2b19c9bff8bfe0b3eba19a431c3af4656c4cee5b,60.16531,24.9442,00000000fdda10fe,29.32
5,2019-08-03T17:06:00Z,14c7e1511b70f4dd3359cbece1377aebb4d70531f5489eefe53d7c3c,60.16544,24.95398,0000000038d83d41,23.56
6,2019-08-03T17:06:00Z,165ebbb4090d47319ae370f0d0854fdc1f6b79499f8b2e4d3c3533c0,60.16544,24.95398,0000000038d83d41,23.56
7,2019-08-03T17:06:00Z,16962a7bb036a995c8cf0c2bc17153c812c23d9af2eaf2207425da3b,60.16762,24.95415,000000006b44cce7,16.1
8,2019-08-03T17:06:00Z,198d6432c579dae0d7ddda6591eb377ca6c01888de802f89ab84b98a,60.14951,24.92138,0000000006dd41f6,25.36
9,2019-08-03T17:06:00Z,24173f4231623364f9ced3663ba078787d63f2c345c7517eab543f9e,60.16897,24.95222,00000000aa852af1,21.87
10,2019-08-03T17:06:00Z,297c725b456ef12d2712634b21546721cbe93224d3a5762d897404f2,60.16762,24.95415,000000006b44cce7,10.78
11,2019-08-03T17:06:00Z,2c7cb33a1d5aeed6b1f2e9731589deaaeaa1f23489d56c14fa34eac1,60.1538,24.95595,0000000038bf9618,20.28
12,2019-08-03T17:06:00Z,33e3357d4e31283fc7cf7e7db77331f3ea5a81ff66ad3d233bf941d0,60.17065,24.93641,000000000f4919c9,17.4
13,2019-08-03T17:06:00Z,3bc72eb57b16db26c4c3162f2936a8b53686d231b3cee1a4698e5839,60.16829,24.94214,00000000afef4555,29.32
14,2019-08-03T17:06:00Z,43b676ed3aef4c2d8846694817e76117873be52e7f788e0cb366c1c4,60.16629,24.95957,00000000fb7600be,29.32
15,2019-08-03T17:06:00Z,476cb98bd669efe031fc63d55d90ad58f41eced51430bb0cac6774bd,60.16829,24.94214,00000000afef4555,18.79
16,2019-08-03T17:06:00Z,54cde4d9ca5478de41e5039665a5a0bf2b7602d8c9f6203536948a88,60.16544,24.95398,0000000038d83d41,27.28
17,2019-08-03T17:06:00Z,57382df016017329395349d4ee1c1a910d251869b76185327db5241e,60.16531,24.9442,00000000fdda10fe,12.69
18,2019-08-03T17:06:00Z,5d65719c4cbf045f068d084b72302f447d5fd034413d97d13be00d0e,60.18203,24.91341,00000000342570c2,20.28
19,2019-08-03T17:06:00Z,5e949d74f5d299b302e8a43cfeaa887af012fb17b3d7834f07c59efe,60.16544,24.95398,0000000038d83d41,29.32
20,2019-08-03T17:06:00Z,5eed115a984d490b02b602d73787aee8dc8c4e9365b77fbff3818a76,60.16629,24.95957,00000000fb7600be,31.5
21,2019-08-03T17:06:00Z,63b529fa8a0eec661ff282498fde788d0e72b10df5b9240fe2518b3a,60.16544,24.95398,0000000038d83d41,29.32
22,2019-08-03T17:06:00Z,64d3b9c702ed543e126685fd1c688c3034e48753920b7a12ccca78c6,60.16897,24.95222,00000000aa852af1,21.87
23,2019-08-03T17:06:00Z,651f6cc3d55e302b62930ef865773a71e1d99f5b9a58f7f1247c07ca,60.16762,24.95415,000000006b44cce7,6.46
24,2019-08-03T17:06:00Z,6a70e2fbced719333e21eff04fcb9cb36bae9a04d1a3d6ddd96f2c58,60.15432,24.9211,0000000019fb59c4,23.56
25,2019-08-03T17:06:00Z,6cfbfcaa0537a5f069c07cbe6de6e4a7152da71e916ab408bfd02971,60.17002,24.94407,000000006b087f40,27.28
26,2019-08-03T17:06:00Z,6f06341f358e61699fe1e55e986dd0554bc8da28b91daf0c5ad99db6,60.16629,24.95957,00000000fb7600be,25.36
27,2019-08-03T17:06:00Z,6faa75122ea549ee9c143eae7edf27ff4afe219058cbabb7b95a5123,60.16762,24.95415,000000006b44cce7,18.79
28,2019-08-03T17:06:00Z,713ad969392f9a7d4d40e7e368202917dd4860e716c15521501ba845,60.16629,24.95957,00000000fb7600be,31.5
29,2019-08-03T17:06:00Z,747f2d1ebff218c0ebbdc0fdaef4cbe56633dfb46ae1b1f8c8142201,60.16762,24.95415,000000006b44cce7,12.69
30,2019-08-03T17:06:00Z,79f136afa0dd8717337c01c70b457c464aaf0fa25b440f51a394ec23,60.16762,24.95415,000000006b44cce7,29.32
31,2019-08-03T17:06:00Z,80367590c877dff513029160e8c591671951dbc608a60bb05127f0bc,60.16897,24.95222,00000000aa852af1,29.32
32,2019-08-03T17:06:00Z,87dfaad29a9276ddddb1fa021d3bc23ad14824c1af16f7d87e713689,60.14951,24.92138,0000000006dd41f6,7.69
33,2019-08-03T17:06:00Z,8c0ea71587760bb69b6605544a1004ef6c97727b51b1d6e1f2954ede,60.18203,24.91341,00000000342570c2,10.78
34,2019-08-03T17:06:00Z,8c75c3289c84fe4493e1e272a77b615fe1985880c5dc68a7c1a17b53,60.16762,24.95415,000000006b44cce7,11.7
35,2019-08-03T17:06:00Z,8dae2b105db98d09d691523457dfeed5cbbd39871f0ba1e11433a482,60.14951,24.92138,0000000006dd41f6,12.69
36,2019-08-03T17:06:00Z,8f4b8ad31871ec848fedcc301f74bd4cedb6498765c3cc70aef4096f,60.16544,24.95398,0000000038d83d41,25.36
37,2019-08-03T17:06:00Z,8f632ac380ef05cf8164f2d724cb22d12f61a61c9d5f182cec16b9ee,60.16762,24.95415,000000006b44cce7,41.64
38,2019-08-03T17:06:00Z,9287d31f37a067f10e216959eabb0256dc523ce0053c83895ee0ba31,60.16544,24.95398,0000000038d83d41,23.56
39,2019-08-03T17:06:00Z,9615948a10ea7ddfe3e948b7bb16437a88c7cdfc8ed45e87c51f4db2,60.16762,24.95415,000000006b44cce7,31.5
40,2019-08-03T17:06:00Z,a0972d97514e29907d2ba46aa19e778b1b09a7e4eda4cf9e59e50cf7,60.14947,24.91438,000000004ef3150d,36.27
41,2019-08-03T17:06:00Z,a91d379a4b57c5df22db0d7a041ff69f657b4b31f28554b1011fc03c,60.16544,24.95398,0000000038d83d41,20.28
42,2019-08-03T17:06:00Z,b33ae7715d6d2571066655c2c8954a5a364b5601869047de83410d9f,60.16629,24.95957,00000000fb7600be,23.56
43,2019-08-03T17:06:00Z,b531650be0ab9e39bac59714d21155e32f86dbcb08713b4fef6d15ed,60.16762,24.95415,000000006b44cce7,2.08
44,2019-08-03T17:06:00Z,b5fd6b317890e5ab2d79e2cd1abe61626d45a753c7337d0d40728898,60.16762,24.95415,000000006b44cce7,8.38
45,2019-08-03T17:06:00Z,ba3a8cd646582be43957910d432d9d45fc320828ca9d15de5852809b,60.18203,24.91341,00000000342570c2,11.7
46,2019-08-03T17:06:00Z,bcdd50349e4c179a808e3be7b01f1a45e3ea02c1ee89862e45654e83,60.1538,24.95595,0000000038bf9618,29.32
47,2019-08-03T17:06:00Z,c9cb2b9de2b21abecad29584393bea94a97f282f234f310e2468d7a7,60.16075,24.95883,00000000f1124bca,25.36
48,2019-08-03T17:06:00Z,cf05623e4d87ce0906c0b0b7dbf53aacc1228016cd27c341228b6e76,60.18203,24.91341,00000000342570c2,18.79
49,2019-08-03T17:06:00Z,d0bb9fef9a0ef26adcdd4732c9c20361bce49826f32c2892242831b8,60.16762,24.95415,000000006b44cce7,14.89
50,2019-08-03T17:06:00Z,e1c47bf2ec131743fb9f9d79aa81734b63d3961de2d846684e6fcafa,60.16897,24.95222,00000000aa852af1,21.87
51,2019-08-03T17:06:00Z,e6a26117471c519e8ea291a6e4fad4c62d6d66bae3396b37a697eb2d,60.15432,24.9211,0000000019fb59c4,21.87
52,2019-08-03T17:06:00Z,ef72b7aeaa9b749ff9f4f03b9d10a432a3aac108fb38f0f5c1cbba15,60.16762,24.95415,000000006b44cce7,5.41
53,2019-08-03T17:06:00Z,f088630d7476dae7d4b7e2bb1f10575f2c89acb4b6e061f3d57c2b40,60.16531,24.9442,00000000fdda10fe,18.79
54,2019-08-03T17:06:00Z,f4dcf05c12f8c219fceb5039fe90df777204f62c6fdc06c6915a4b3c,60.16762,24.95415,000000006b44cce7,9.12
55,2019-08-03T17:06:00Z,f50acd7378081b6a2dea1c0c1dc3d874dffd2e7b63e8de32e82c0af7,60.17002,24.94407,000000006b087f40,33.81
56,2019-08-03T17:06:00Z,f6609ab1076b1105bb845595a03b41b8fbb282f79c337df5bbc9f841,60.14699,24.922,00000000a53ed894,9.92
57,2019-08-03T17:06:00Z,f6fd6f2098c9860e84460086d2381ff143c63785709cfd13a1f4dab1,60.16075,24.95883,00000000f1124bca,27.28
58,2019-08-03T17:06:00Z,fc4f3a44235f1cfc7b53f14ba2da599976a5a0a220d23b852688e485,60.17919,24.95181,000000007b5207b6,14.89
59,2019-08-03T17:06:00Z,ff27e3a9af8f0e98635eb22fa40f53c8ba8452eb24bf16bc715508ea,60.16762,24.95415,000000006b44cce7,14.89
60,2019-08-03T17:06:00Z,0050b3412b27f9792f33018e316d8525fd52f1df1a9d0abe9bb7ac5e,60.16762,24.95415,000000006b44cce7,18.79
61,2019-08-03T17:06:00Z,014b2282d3011edb0125dfa1e2bd72e5edf6464966650b2d672a7767,60.16762,24.95415,000000006b44cce7,9.12
62,2019-08-03T17:06:00Z,014d305b2c36c1578030b37464953e47580ab95517cc672aeb5aa245,60.1638,24.96846,00000000d747f075,25.36
63,2019-08-03T17:06:00Z,03e00740373985ee98de9aab14781b157a61c3579d316257b5ff927d,60.17002,24.94407,000000006b087f40,13.75
64,2019-08-03T17:06:00Z,041d0a89ae0871f0c4f314d34adb8f8931cfab37c9b5bccc087f1718,60.16829,24.94214,00000000afef4555,14.89
65,2019-08-03T17:06:00Z,05ece56249b8326d680c505876ca16da55a57db3e76dd3be6f31bbf0,60.16762,24.95415,000000006b44cce7,9.92
66,2019-08-03T17:06:00Z,075e488c2fafa59330d66ecbc9e232bf8cda1fee4c15b7e94a2be895,60.16544,24.95398,0000000038d83d41,11.7
67,2019-08-03T17:06:00Z,078aede583fbe2bbdeb519431d5ec205aa9fa9a5395871d33a7a5e40,60.16897,24.95222,00000000aa852af1,16.1
68,2019-08-03T17:06:00Z,09cc3b46b06b84f14a24445b6f1560eb6e8d4abda125a7a54010740e,60.16544,24.95398,0000000038d83d41,14.89
69,2019-08-03T17:06:00Z,0a335395a4a76c22a04659de6e02d9bfc4d2b7ca4be256f1c288b908,60.16544,24.95398,0000000038d83d41,7.69
70,2019-08-03T17:06:00Z,0c45c6b1df5fbc58b03b0284142a5657d9c4437bc594ae06dc194752,60.173,24.92524,0000000096918cfa,16.1
71,2019-08-03T17:06:00Z,0c7d094bdc0fa5da64702c3160893fe88045ba74392e7abddca82ada,60.16762,24.95415,000000006b44cce7,18.79
72,2019-08-03T17:06:00Z,11bd10d08d47c27519092300a2d4c7cb434b28f5c1d3ca7b14cb69cc,60.17002,24.94407,000000006b087f40,27.28
73,2019-08-03T17:06:00Z,14f74b61df864cc34c63da24e2396f6dd9ff910a94d6ab0c3e52e9ca,60.16531,24.9442,00000000fdda10fe,4.5
74,2019-08-03T17:06:00Z,189d3ed38b6866a0bececf74c42ebf73caa0964905079fda7c7fbd52,60.16897,24.95222,00000000aa852af1,2.8
75,2019-08-03T17:06:00Z,1b20c319644ab895d4ee851cfe34f0cd2b90e95f17fbe7750494ccc9,60.16829,24.94214,00000000afef4555,10.78
76,2019-08-03T17:06:00Z,2047ae22c0ee912a76aceecea7fb428b7e3a0fcd3af46df83404c340,60.16448,24.97323,0000000053c6c2be,13.75
77,2019-08-03T17:06:00Z,23ca91d11cd8b066c5e2f6915d05c1d5b3b6c1ca3490346aebb93ded,60.16897,24.95222,00000000aa852af1,14.89
78,2019-08-03T17:06:00Z,2696f6a462520c8284659d993a9bf0545c2b2f278e1538f7f60dd1d3,60.17002,24.94407,000000006b087f40,7.05
79,2019-08-03T17:06:00Z,26fa94806d3fcb744225dd49e4ad5f7049268d9b5d973fc60bf41f16,60.14951,24.92138,0000000006dd41f6,13.75
80,2019-08-03T17:06:00Z,270fd9608909e3a1236f4daa5e8d190a16ec626b2dd42118849b683f,60.1638,24.96846,00000000d747f075,25.36
81,2019-08-03T17:06:00Z,2719ce95517bdb55030bd9ad047be599181389a8a3d9aa93dfecbbe0,60.16762,24.95415,000000006b44cce7,8.38
82,2019-08-03T17:06:00Z,27205eaa10c4fd307fd4c46623a9f9e1121e59f863f015fa5d3e127f,60.1538,24.95595,0000000038bf9618,4.94
83,2019-08-03T17:06:00Z,293d35f9355e84ebe057b5e038700976bbb72dcbc3ebe26f648c3155,60.16544,24.95398,0000000038d83d41,13.75
84,2019-08-03T17:06:00Z,29aca2d3098407e497d2ce3dfc16c0384c59f5f89163f170111a7989,60.16897,24.95222,00000000aa852af1,14.89
85,2019-08-03T17:06:00Z,2a08725ae1846ac80dbb293c9c7069147e17c55259e12dbaf92610ca,60.17065,24.93641,000000000f4919c9,29.32
86,2019-08-03T17:06:00Z,2b56d717ff85830f09fba3fb6c78f07883abeeb3b373b448e94c5e9a,60.16897,24.95222,00000000aa852af1,20.28
87,2019-08-03T17:06:00Z,2d74d857ce4f8b5b8765fa0960506ce2db831e215d89e7e5ade5444c,60.16629,24.95957,00000000fb7600be,12.69
88,2019-08-03T17:06:00Z,2efd05f9bdcf26bc6a6abc3319e4a3a7bb0d67c5dc3843d5fec4855a,60.16762,24.95415,000000006b44cce7,17.4
89,2019-08-03T17:06:00Z,312554436b58e15f6e3469c04a90b3bfeae9eeeb83e77acf17830d3b,60.1538,24.95595,0000000038bf9618,20.28
90,2019-08-03T17:06:00Z,331b4e292d3236b8cf0d03ea3a902151e23d8d36bc1a529e6c3adb42,60.16829,24.94214,00000000afef4555,23.56
91,2019-08-03T17:06:00Z,34c3c56ef3c7eb2d5b5ea2a0a39ba6166ada89cd9703175e56f10e95,60.16897,24.95222,00000000aa852af1,21.87
92,2019-08-03T17:06:00Z,38cfc0ab4683d52bd921cc9357832f9825010235bb3d2721c8a27711,60.16762,24.95415,000000006b44cce7,18.79
93,2019-08-03T17:06:00Z,398a8c93307ff9875d1d85a87c5dbf0e65d91467f60f6d8ad530f08c,60.16762,24.95415,000000006b44cce7,3.4
94,2019-08-03T17:06:00Z,3a84895d175bffa06304c45676b406eb66f3c42a65bbeee2fa3e90a6,60.16762,24.95415,000000006b44cce7,4.94
95,2019-08-03T17:06:00Z,3d07df7230a4fd5b871f77027de352b44a946e2c4c67f9466ec9d3c2,60.16762,24.95415,000000006b44cce7,10.78
96,2019-08-03T17:06:00Z,3d0f68c39e1a4352b23f96e9d02405882add5a6f764ab0cd4fcc8da4,60.1538,24.95595,0000000038bf9618,11.7
97,2019-08-03T17:06:00Z,3e5f2fd0076ef45964f3a3f161501adf9dd7138b1fedc372c2ad4241,60.16762,24.95415,000000006b44cce7,11.7
98,2019-08-03T17:06:00Z,3f16f42d88239d0a7f7b767f4627c0815412ae2cfaf346ab904bb68e,60.16897,24.95222,00000000aa852af1,10.78
99,2019-08-03T17:06:00Z,412b041f7029af231dbe5dca749f65f9e659a63cbfd09a127f0b02fc,60.16897,24.95222,00000000aa852af1,29.32
100,2019-08-03T17:06:00Z,433e602e9f173ced783d6add2df991fb5ec2aefab51723f64e1fb90d,60.17002,24.94407,000000006b087f40,17.4
101,2019-08-03T17:06:00Z,43e3ce442230817191dc25facca0b943354803a20760184f4f49685d,60.149,24.9843,00000000fffb8cf0,21.87
102,2019-08-03T17:06:00Z,45d1fd5c6bb499dcee01f49a79718fe8ec5afd52352c9189b21749c9,60.16531,24.9442,00000000fdda10fe,4.11
103,2019-08-03T17:06:00Z,48e6ce69d9d4bd417baf57bd4c0357801df5c08dced63c1e38303854,60.1538,24.95595,0000000038bf9618,33.81
104,2019-08-03T17:06:00Z,4b7856bb60c26ecb2b0ad04371cb7409c8268ae7747eec04db0c408d,60.16829,24.94214,00000000afef4555,31.5
105,2019-08-03T17:06:00Z,4b8b28547d86dc9d9417487c2ff8313ff5dd6514698737f8ba33b767,60.173,24.92524,0000000096918cfa,8.38
106,2019-08-03T17:06:00Z,52023f57c19af4e2210851616ff76b9da619d5a42d1874ecb4e94d59,60.16897,24.95222,00000000aa852af1,10.78
107,2019-08-03T17:06:00Z,54b0287c5adee3b30c0ed620e37964e9700f7e31eb2f034de18f75be,60.149,24.9843,00000000fffb8cf0,20.28
108,2019-08-03T17:06:00Z,55c8331ab3a4d639b1f2344b31bb6b0067093459f89f614289ef8126,60.16829,24.94214,00000000afef4555,14.89
109,2019-08-03T17:06:00Z,562ca6f3e47e94d1db2b4e05aa75e87ab405f00527eef86098a811f3,60.16544,24.95398,0000000038d83d41,18.79
110,2019-08-03T17:06:00Z,56de775f40ca54bfd5a11d60a2a783b7a1ac9409cc7c26af9c8f3bdd,60.16531,24.9442,00000000fdda10fe,2.3
111,2019-08-03T17:06:00Z,584cb0b0cdd14e608c8b57c8aecc9826f9b40027e365e2438a444ea2,60.16762,24.95415,000000006b44cce7,18.79
112,2019-08-03T17:06:00Z,5b4fb28ac8cca8bf8081a0e07655740748c86d5c2e2b21174828c914,60.16762,24.95415,000000006b44cce7,4.94
113,2019-08-03T17:06:00Z,5bcb11bd902a9ad2e287bf0072419351e2333a82c127977f85649441,60.1538,24.95595,0000000038bf9618,17.4
114,2019-08-03T17:06:00Z,5bfd325c6cd64a7a12ab33591ebbd38147045b4b6581da148d2ecb9f,60.14951,24.92138,0000000006dd41f6,16.1
115,2019-08-03T17:06:00Z,5d19b819f6644b8d0c639aa5ba6d9cca38764b4bacfcdc849c877525,60.16897,24.95222,00000000aa852af1,16.1
116,2019-08-03T17:06:00Z,5dbcefcc9c6419921d63d62e3337dd7f5ca4fdda7f1dacbb09fcd3ea,60.1538,24.95595,0000000038bf9618,18.79
117,2019-08-03T17:06:00Z,5f387189c4cc1ddbe9083fb15883e23ca163d69d9a569b4e35fc5417,60.16448,24.97323,0000000053c6c2be,27.28
118,2019-08-03T17:06:00Z,5f695d0b6334233cc717831ec4734a9b5ae8c3b2ba803331c1ba4dd4,60.14951,24.92138,0000000006dd41f6,11.7
119,2019-08-03T17:06:00Z,60c08426af80199fbf03de9c213ad6108a56a22c478525afaa608231,60.17918,24.95141,00000000675d5200,16.1
120,2019-08-03T17:06:00Z,60e78114c1102041fccc6a9497c50e8c7ac9971a07f5c4d5a9cd5206,60.16897,24.95222,00000000aa852af1,12.69
121,2019-08-03T17:06:00Z,648c518e2cbd536c7159572ef31c960df972702d9f889eafd6124b05,60.16629,24.95957,00000000fb7600be,20.28
122,2019-08-03T17:06:00Z,6794f9b02520a1ddbc8c82773c1f78e340e024adaaf95bb022480ea5,60.16897,24.95222,00000000aa852af1,25.36
123,2019-08-03T17:06:00Z,69cfe3175f9e7516189c0324d8af431c5d70a6467cd2694c69a86edc,60.16762,24.95415,000000006b44cce7,5.41
124,2019-08-03T17:06:00Z,6a94e6331d92a6706cc2c289cbf25dc1ef828bee9249bc37e03de3bd,60.1638,24.96846,00000000d747f075,21.87
125,2019-08-03T17:06:00Z,6aa828bfa28979bda2833576f1d87cd5c3685bfb90f27325a4a5cfff,60.16897,24.95222,00000000aa852af1,16.1
126,2019-08-03T17:06:00Z,6ad66713f44509b27973d20394fe552fedfed93210ebcb9469c5a8fb,60.1638,24.96846,00000000d747f075,38.87
127,2019-08-03T17:06:00Z,6cdf4b53f3952981e2944cf74c3a0255a8fb4bbed4a5367b7ae168f3,60.16448,24.97323,0000000053c6c2be,16.1
128,2019-08-03T17:06:00Z,6db4d1048b56bc67c3303d66f209727083a59318e968b53082e7825e,60.16544,24.95398,0000000038d83d41,16.1
129,2019-08-03T17:06:00Z,6dba494996235342cdbac6290392a7a7b99ea11c02040e1ef2c99683,60.149,24.9843,00000000fffb8cf0,23.56
130,2019-08-03T17:06:00Z,6e8ddc670b4e3633f4cb2c2a6935fb906ac793769bcea52b73b8fbd2,60.16897,24.95222,00000000aa852af1,17.4
131,2019-08-03T17:06:00Z,6ed18d9ca169dd3149a08070ed4a360df53d3d2b2c4811e9f3abbccb,60.149,24.9843,00000000fffb8cf0,27.28
132,2019-08-03T17:06:00Z,72d60b46dadc4dada8d3b10f9d445ac110bd59e27da662837d289bbb,60.149,24.9843,00000000fffb8cf0,7.69
133,2019-08-03T17:06:00Z,77920a1b8739a02cd4d9d212f567c4ad3442c87a5838b9f4edce86c8,60.1538,24.95595,0000000038bf9618,25.36
134,2019-08-03T17:06:00Z,78e81e860cd2f1aaf75216c5e2753e6078f43afd2d04f5ba0ca707f6,60.16629,24.95957,00000000fb7600be,16.1
135,2019-08-03T17:06:00Z,78f1f6daa18c0d918f8828ed0d5667440eaf82d38350b6aef712732c,60.16897,24.95222,00000000aa852af1,13.75
136,2019-08-03T17:06:00Z,79e97fa502dfa8a3d6edcaac11848f029e84580354b0a101a385a6b8,60.16897,24.95222,00000000aa852af1,10.78
137,2019-08-03T17:06:00Z,79eab03ffb49f459b75339515767d0707c966416ef0dd8ebfb94139e,60.16762,24.95415,000000006b44cce7,9.92
138,2019-08-03T17:06:00Z,7a71dd15d486c357d03a155211435a678348f5aefad620d19e76c9ad,60.16531,24.9442,00000000fdda10fe,16.1
139,2019-08-03T17:06:00Z,7afb6dd6abc220243f719b8af034e3b1606dd0ae1024f338432db9fd,60.16762,24.95415,000000006b44cce7,18.79
140,2019-08-03T17:06:00Z,7c190d83d1cc45887ade0fbd7baaeed608cb59e20262150d769d8113,60.16829,24.94214,00000000afef4555,7.69
141,2019-08-03T17:06:00Z,7d5e8f8c63ed7e7b03d66592ad10a26b6055618982dc3939f5be80f9,60.16762,24.95415,000000006b44cce7,18.79
142,2019-08-03T17:06:00Z,80e2e326da56111680cc60c69b4161c2fd6ece392ec3a2f0b80bd824,60.1638,24.96846,00000000d747f075,23.56
143,2019-08-03T17:06:00Z,80febb3ef72989117b9e2aa37454c88b97fff034f1965f78e87fefe7,60.14947,24.91438,000000004ef3150d,12.69
144,2019-08-03T17:06:00Z,817f54007ba8a66f4a61ece620f06ffbb0d854e60e4a4e41920d8e26,60.1538,24.95595,0000000038bf9618,9.12
145,2019-08-03T17:06:00Z,8205c8e6c49c5a08ed754a5ef7bbc65f654e9ca7bfaaa8a28e1a2a8d,60.1538,24.95595,0000000038bf9618,41.64
146,2019-08-03T17:06:00Z,8280d64e063c9254ca3ae41cfa0959fefeb430df7716fb8407b186ee,60.16531,24.9442,00000000fdda10fe,16.1
147,2019-08-03T17:06:00Z,8323bf4e14e4b092f0e16093e73ca540cf6f5bb4e7df87a6f4bf7784,60.1638,24.96846,00000000d747f075,25.36
148,2019-08-03T17:06:00Z,85a2d7d1564203c986b8a8275d1a2df9c4f07e2040cf24821f805716,60.16448,24.97323,0000000053c6c2be,20.28
149,2019-08-03T17:06:00Z,86d6c1f090f044b9e5eb1512dfddabd8c8b27e71dcb8a823d6e7d9eb,60.1538,24.95595,0000000038bf9618,18.79
150,2019-08-03T17:06:00Z,8b2f644b739d341b16dfe6ced0ed90316ae6a325c82e758b8cbb0925,60.16897,24.95222,00000000aa852af1,14.89
151,2019-08-03T17:06:00Z,8c868b5ff988a66602b45d83d2a16ade51bac6b13e2e679a18a21d7d,60.16762,24.95415,000000006b44cce7,4.5
152,2019-08-03T17:06:00Z,9051dfe332dd645db41b9954184a1b2262462743cf74b1dc5036e979,60.17002,24.94407,000000006b087f40,31.5
153,2019-08-03T17:06:00Z,90c7dc349c851fc6733be9343a5e56a3811fa99eaed9b175c535fe21,60.16897,24.95222,00000000aa852af1,20.28
154,2019-08-03T17:06:00Z,94fb8174d092bb0c10cdd63399027b26d6e769759dbd9cd511f943a3,60.16762,24.95415,000000006b44cce7,18.79
155,2019-08-03T17:06:00Z,9504a4512a605904d2a3667842abd98cf1954515af33bd3cf564b8a8,60.16629,24.95957,00000000fb7600be,25.36
156,2019-08-03T17:06:00Z,963ded3c106b438c3ebbf31f84d0e2fa3fad864a69608b6579d2f0f2,60.15133,24.92329,00000000e8a064a4,29.32
157,2019-08-03T17:06:00Z,98ef879ee7877604a66249fc22e2b7a4ea31f08076b92d5665ea16aa,60.16762,24.95415,000000006b44cce7,25.36
158,2019-08-03T17:06:00Z,9a13241c724ac1cd64afaa3ced59c76918c914c8b6570ba5c089596d,60.149,24.9843,00000000fffb8cf0,14.89
159,2019-08-03T17:06:00Z,9d150cc3dd53aa3fcce390473f0cd75fb8ff3246d7aee4b30a8ddef5,60.16762,24.95415,000000006b44cce7,21.87
160,2019-08-03T17:06:00Z,9ee6af4a098881c24a03d424c7c9a61c58e812420d5b2e1472740f02,60.16762,24.95415,000000006b44cce7,9.12
161,2019-08-03T17:06:00Z,9fa4a62b2cdf27a5df0ebfc2bd3d05eed5bedd6f83c747f31370f8b2,60.1538,24.95595,0000000038bf9618,23.56
162,2019-08-03T17:06:00Z,a0639d84e49afc02c4bdabbfd6b210a2817d5c439712d47544bb4948,60.16544,24.95398,0000000038d83d41,36.27
163,2019-08-03T17:06:00Z,a1201263c675df97087dd1572dd1ea0dcb3af8ac1ab7380043a3e52a,60.16448,24.97323,0000000053c6c2be,27.28
164,2019-08-03T17:06:00Z,a31fd0726b3d323fa6af33ed5b581e701c82f180aa438384d251a1e3,60.16762,24.95415,000000006b44cce7,13.75
165,2019-08-03T17:06:00Z,a37e6db757371d2117bd7dfe079a396f221f1838b127a1cf9b2149a7,60.1638,24.96846,00000000d747f075,7.05
166,2019-08-03T17:06:00Z,a4788b9ef60416d8c9d3d0bbb74f44640138e887ee8c7ec2f58ff1b2,60.16897,24.95222,00000000aa852af1,21.87
167,2019-08-03T17:06:00Z,a50c139b50aac500d16771dfc121dbd0b0fe5cf57541054b39f54f76,60.1538,24.95595,0000000038bf9618,20.28
168,2019-08-03T17:06:00Z,a56263fc0d8c6c620ed97dee4eebe6399979003b2551b2fed1e2e8a5,60.16544,24.95398,0000000038d83d41,29.32
169,2019-08-03T17:06:00Z,a5c62f42d4910f645535de5913b3617918ad17c24a644f12eb024c39,60.16531,24.9442,00000000fdda10fe,14.89
170,2019-08-03T17:06:00Z,a756758df2be858fcd8c7cd9ee01455a14d0d0551eced26ee685f400,60.1538,24.95595,0000000038bf9618,4.94
171,2019-08-03T17:06:00Z,a76ce29f6fb2e11d91e74fcb281585c484282f8d02a3a56b69406855,60.16762,24.95415,000000006b44cce7,18.79
172,2019-08-03T17:06:00Z,a7f9a0cc8e4ae2a258ae41cb33460960cd42b9088fb81a3fa02ba519,60.16829,24.94214,00000000afef4555,7.05
173,2019-08-03T17:06:00Z,a8d48bedd14f5fc5bacc82b5220274ad7bc215a09d802e34d82a073e,60.16762,24.95415,000000006b44cce7,13.75
174,2019-08-03T17:06:00Z,a9341dcbd6a56aa76ef4df9e9bbd4b9e5df60fbce0aae0ab73a533c1,60.16629,24.95957,00000000fb7600be,29.32
175,2019-08-03T17:06:00Z,a957e5b99b75041f8ac19d9ebf2d5bd84dcd75f2099444ed19c69f49,60.149,24.9843,00000000fffb8cf0,14.89
176,2019-08-03T17:06:00Z,a97fa00b5d994a855bc3277f29f35239fe88e91890cef2a35fb90be6,60.16897,24.95222,00000000aa852af1,21.87
177,2019-08-03T17:06:00Z,addd25d2cba383cbb324efd5fd912b083c09d5856bda526be94357a3,60.16762,24.95415,000000006b44cce7,11.7
178,2019-08-03T17:06:00Z,af634699c37a56ee7812c58e0724916d297579abf45b91ec3a61945c,60.16448,24.97323,0000000053c6c2be,25.36
179,2019-08-03T17:06:00Z,af85d1839e970ceb5d0bcfa43b4b7f3bec1940c1d89b6e4e6009293e,60.14947,24.91438,000000004ef3150d,7.69
180,2019-08-03T17:06:00Z,b57cce6748e66dcd2914a2024aaf376a1c8e5b83100092aad8601046,60.16897,24.95222,00000000aa852af1,7.69
181,2019-08-03T17:06:00Z,b5c41c25edf398ab0d5096d3a4ad4701f1a52acf6ee578db89f20d35,60.17918,24.95141,00000000675d5200,7.05
182,2019-08-03T17:06:00Z,b9c68f06505c635d82ed92b24dce1580a281581c4604132489325c72,60.16448,24.97323,0000000053c6c2be,36.27
183,2019-08-03T17:06:00Z,b9cbd98a9bc77b98f4c75f6e71bde4a72cea2cad8c3bd5b55f55ef0e,60.16762,24.95415,000000006b44cce7,13.75
184,2019-08-03T17:06:00Z,ba4ffeaf2e9f8c45d682162f643c34ab83a28335f3f70c3c38729cd9,60.149,24.9843,00000000fffb8cf0,7.69
185,2019-08-03T17:06:00Z,bbcf40b9dc9002ae8637e7ee806c1c82829252bdff9ff81ddba05e1f,60.16762,24.95415,000000006b44cce7,4.5
186,2019-08-03T17:06:00Z,be10046aa2c36d1edb0897bebca87c476688269aac723a3053abf005,60.16448,24.97323,0000000053c6c2be,20.28
187,2019-08-03T17:06:00Z,be8611490dd811b2375d9b751264dbf6781c181d808249a106772098,60.149,24.9843,00000000fffb8cf0,12.69
188,2019-08-03T17:06:00Z,c0a0ca3433586ed2ae0e448f2406fabac7292ac79d49562e0bd5cef8,60.16762,24.95415,000000006b44cce7,18.79
189,2019-08-03T17:06:00Z,c0affbce119efb9542c580ab3595458f0d99a6456f9a66d843cfd2fb,60.16762,24.95415,000000006b44cce7,13.75
190,2019-08-03T17:06:00Z,c3e21a828e8405c8d08c7e15f5285e7b3772942fd28301be59584e6f,60.17065,24.93641,000000000f4919c9,27.28
191,2019-08-03T17:06:00Z,c428c767db1f00ec9ac1dd21427806d4a8b1be13208b5e6009e4086a,60.16897,24.95222,00000000aa852af1,12.69
192,2019-08-03T17:06:00Z,c46fd9cad9c97360d20ed1c98ddc6c047c8c5193587915e468c9ac36,60.16544,24.95398,0000000038d83d41,14.89
193,2019-08-03T17:06:00Z,c4cc73671fdfb727d5b54a21673d238bb7cdc97417e77ed4148cf97c,60.14951,24.92138,0000000006dd41f6,12.69
194,2019-08-03T17:06:00Z,c4d165180bd1858580b80c0d33d816b95e32e3de8153e7be3659c34f,60.16897,24.95222,00000000aa852af1,23.56
195,2019-08-03T17:06:00Z,c6ae6dffdf63299d6c8b1c04d4a13dbcd1434ef43f13cc8562156dba,60.16448,24.97323,0000000053c6c2be,21.87
196,2019-08-03T17:06:00Z,c9dd4c3b1b59bb1543a3967aa89a944308acc58d97e25508512ae8ae,60.16762,24.95415,000000006b44cce7,11.7
197,2019-08-03T17:06:00Z,ca030033b77fa0f3e0e39a6f622c072a0ca91ab48ea213689cd96946,60.16897,24.95222,00000000aa852af1,18.79
198,2019-08-03T17:06:00Z,d11b45fbea5709756c1dcec770d444e1500c4a32d2f61c2e11090b7c,60.16897,24.95222,00000000aa852af1,16.1
199,2019-08-03T17:06:00Z,d30ae69d5bd08449ba03641e41ddab2e564e03906348a78eaaed8d04,60.16762,24.95415,000000006b44cce7,31.5
200,2019-08-03T17:06:00Z,d3a4076a74d74227abeb1bdcc40c18480dc0d71adf448591febdef16,60.16762,24.95415,000000006b44cce7,16.1
201,2019-08-03T17:06:00Z,d3f8b54bdd472bdd3dc5498f1fbf8add5a2bf54f16300b8b148e28c3,60.1538,24.95595,0000000038bf9618,25.36
202,2019-08-03T17:06:00Z,d52ea1674b5231e0d574e7791b47993bab55d342798ed49896d3530b,60.1638,24.96846,00000000d747f075,20.28
203,2019-08-03T17:06:00Z,d6d96b0446c78240085bee0d6a7894393a173724f3df9718316b7cd2,60.1538,24.95595,0000000038bf9618,23.56
204,2019-08-03T17:06:00Z,d79e96c6beab2087e3d8f18d591bc4172181bd3b1af22acee73c1069,60.16629,24.95957,00000000fb7600be,12.69
205,2019-08-03T17:06:00Z,d7ddcf59a6b33ca7d210c4c4998668117fdce85855266239f6bb1faa,60.16629,24.95957,00000000fb7600be,17.4
206,2019-08-03T17:06:00Z,d891737e6b1451b355d2d6e4ca14289c91f61851ed294b64ec48bc58,60.16448,24.97323,0000000053c6c2be,16.1
207,2019-08-03T17:06:00Z,d9564491e61304249ec478d1ccf64ea7a148741eda799472e9cfd0f0,60.149,24.9843,00000000fffb8cf0,7.69
208,2019-08-03T17:06:00Z,d9c2d328107573af0e933427f9d3c7125870dab08be042ea3b97e291,60.16762,24.95415,000000006b44cce7,16.1
209,2019-08-03T17:06:00Z,db71b6b1cb38a61ea4b4ba304fc5a2b0f26c56c32c13736e8085f0cf,60.16897,24.95222,00000000aa852af1,16.1
210,2019-08-03T17:06:00Z,db77c77990e66fe66bc88487c5a35d864cc99e3d65ab28bbede1fdfd,60.1638,24.96846,00000000d747f075,16.1
211,2019-08-03T17:06:00Z,e0ae7c76bbb28f79c933e391dad7f04a34ed773bba366bc8814d6049,60.16762,24.95415,000000006b44cce7,25.36
212,2019-08-03T17:06:00Z,e3485b7a002eacbc9b575789bea8c8887537a1ef7e428f2301494e63,60.16762,24.95415,000000006b44cce7,8.38
213,2019-08-03T17:06:00Z,e70d7e4e6d9c3313bb5415cf9152ab32b871eade659d7619261b4c01,60.1538,24.95595,0000000038bf9618,29.32
214,2019-08-03T17:06:00Z,e7acc920dfb47ffc8ae06ba7abe45ec35618add184efc15b6514342e,60.16448,24.97323,0000000053c6c2be,25.36
215,2019-08-03T17:06:00Z,eb02c270b92e9f477a872157e025ff35bb3b749bd5091599033aee4a,60.16544,24.95398,0000000038d83d41,5.91
216,2019-08-03T17:06:00Z,ecf42c14ad21971637738ebc1637e12673dee7f6aa902a8c8490efaf,60.18203,24.91341,00000000342570c2,16.1
217,2019-08-03T17:06:00Z,ed5b0ee501490c88f2468f876b1554b329ee7087941a840edee010aa,60.15432,24.9211,0000000019fb59c4,14.89
218,2019-08-03T17:06:00Z,eeb2eb80ca890364c34cd01e839f3c968af7da9868acbca97e18fb7a,60.16448,24.97323,0000000053c6c2be,18.79
219,2019-08-03T17:06:00Z,efa32382c4d9a4fbe95bf10c5f7a61d55e0589164b6d9d2056926d1b,60.149,24.9843,00000000fffb8cf0,8.38
220,2019-08-03T17:06:00Z,efb94549c66365f7fb8d8a9d4a3464a341d28343713466ecd487f42f,60.16762,24.95415,000000006b44cce7,23.56
221,2019-08-03T17:06:00Z,f047d7ea742e68124b5397d1f8f20b80a49e6af7923dfa2f2997b22f,60.16448,24.97323,0000000053c6c2be,29.32
222,2019-08-03T17:06:00Z,f1f15665d087bb465145a289f762297f423099eae61e85a9b959c7d8,60.149,24.9843,00000000fffb8cf0,20.28
223,2019-08-03T17:06:00Z,f3e6a0a5dd4de738cd17f7e4d5a121c888b6416913a8a9ecbf253eeb,60.16762,24.95415,000000006b44cce7,21.87
224,2019-08-03T17:06:00Z,f52b2149abf7bb1a04a694c60932a2aedadcfd8fe8e0a6d0cec31a29,60.16829,24.94214,00000000afef4555,23.56
225,2019-08-03T17:06:00Z,f62b75b9c852d5d0e332f49c9076560f2af813b79c5671c0ae5128c4,60.1538,24.95595,0000000038bf9618,25.36
226,2019-08-03T17:06:00Z,f756e1f4c40ca33ef858b8b282b68c94499af32e0ca0461e207bb305,60.1638,24.96846,00000000d747f075,10.78
227,2019-08-03T17:06:00Z,f9399339c3de44774896319d3f291771cebcaf2666df1d6062469882,60.16531,24.9442,00000000fdda10fe,33.81
228,2019-08-03T17:06:00Z,f98cea3f6071ca84e0c4aa5700ef8968bd76f8d8764f5655c6b7fe2f,60.16544,24.95398,0000000038d83d41,11.7
229,2019-08-03T17:06:00Z,fddc83ff605c0fdb5f91e14d0d87a93e76206f8c0506332f09d28608,60.16829,24.94214,00000000afef4555,25.36
230,2019-08-03T17:06:00Z,ff9979d897e803e31c2d39cc8c9e8d98f8f12013cb00f354a617642f,60.16544,24.95398,0000000038d83d41,12.69
231,2019-08-03T17:06:01Z,038bb392c5ef8e19022e0940ba393b143d574cb84a7d467e950a0b51,60.16762,24.95415,000000006b44cce7,9.12
232,2019-08-03T17:06:01Z,0539f13aba9cc114b83ce5c70e67d7e659c251238ac60c43f7a271fe,60.16762,24.95415,000000006b44cce7,13.75
233,2019-08-03T17:06:01Z,053b4cad1f764f2e535fcc65d145d2afc6c6df6514356f6c2b054a86,60.1538,24.95595,0000000038bf9618,27.28
234,2019-08-03T17:06:01Z,0b2495924adfe00fcaa27f9ff28b88602a6324a3f93d8f4b7aafedb3,60.16897,24.95222,00000000aa852af1,23.56
235,2019-08-03T17:06:01Z,14c7e1511b70f4dd3359cbece1377aebb4d70531f5489eefe53d7c3c,60.16544,24.95398,0000000038d83d41,23.56
236,2019-08-03T17:06:01Z,165ebbb4090d47319ae370f0d0854fdc1f6b79499f8b2e4d3c3533c0,60.16544,24.95398,0000000038d83d41,25.36
237,2019-08-03T17:06:01Z,16962a7bb036a995c8cf0c2bc17153c812c23d9af2eaf2207425da3b,60.16762,24.95415,000000006b44cce7,18.79
238,2019-08-03T17:06:01Z,198d6432c579dae0d7ddda6591eb377ca6c01888de802f89ab84b98a,60.14951,24.92138,0000000006dd41f6,27.28
239,2019-08-03T17:06:01Z,236c74d692bd8196501793d1bcd7ebe5187666dd6024b4b4c240ef11,60.17002,24.94407,000000006b087f40,25.36
240,2019-08-03T17:06:01Z,24173f4231623364f9ced3663ba078787d63f2c345c7517eab543f9e,60.16897,24.95222,00000000aa852af1,18.79
241,2019-08-03T17:06:01Z,297c725b456ef12d2712634b21546721cbe93224d3a5762d897404f2,60.16762,24.95415,000000006b44cce7,14.89
242,2019-08-03T17:06:01Z,2c7cb33a1d5aeed6b1f2e9731589deaaeaa1f23489d56c14fa34eac1,60.1538,24.95595,0000000038bf9618,9.92
243,2019-08-03T17:06:01Z,33e3357d4e31283fc7cf7e7db77331f3ea5a81ff66ad3d233bf941d0,60.17065,24.93641,000000000f4919c9,17.4
244,2019-08-03T17:06:01Z,43b676ed3aef4c2d8846694817e76117873be52e7f788e0cb366c1c4,60.16629,24.95957,00000000fb7600be,25.36
245,2019-08-03T17:06:01Z,4b43f741c7a5e9e3425de8e96a58825841a50abe6b0ad4006fbd6b76,60.17002,24.94407,000000006b087f40,27.28
246,2019-08-03T17:06:01Z,54cde4d9ca5478de41e5039665a5a0bf2b7602d8c9f6203536948a88,60.16544,24.95398,0000000038d83d41,18.79
247,2019-08-03T17:06:01Z,57382df016017329395349d4ee1c1a910d251869b76185327db5241e,60.16531,24.9442,00000000fdda10fe,11.7
248,2019-08-03T17:06:01Z,5d65719c4cbf045f068d084b72302f447d5fd034413d97d13be00d0e,60.18203,24.91341,00000000342570c2,20.28
249,2019-08-03T17:06:01Z,5eed115a984d490b02b602d73787aee8dc8c4e9365b77fbff3818a76,60.16629,24.95957,00000000fb7600be,25.36
250,2019-08-03T17:06:01Z,651f6cc3d55e302b62930ef865773a71e1d99f5b9a58f7f1247c07ca,60.16762,24.95415,000000006b44cce7,9.12
251,2019-08-03T17:06:01Z,66dabd3229229330d23c70e9e1737429ddfe69db01f4a6a00f70fa20,60.16762,24.95415,000000006b44cce7,18.79
252,2019-08-03T17:06:01Z,6a657079c1bdc8114c289be1ddd83e5846d4279a920d1697b8ff0033,60.16762,24.95415,000000006b44cce7,16.1
253,2019-08-03T17:06:01Z,6a70e2fbced719333e21eff04fcb9cb36bae9a04d1a3d6ddd96f2c58,60.15432,24.9211,0000000019fb59c4,12.69
254,2019-08-03T17:06:01Z,6c4c3fd8fa1c46dafdf6c420406a7ed41d85ebbdee767b1937ce6af0,60.16762,24.95415,000000006b44cce7,17.4
255,2019-08-03T17:06:01Z,6cfbfcaa0537a5f069c07cbe6de6e4a7152da71e916ab408bfd02971,60.17002,24.94407,000000006b087f40,29.32
256,2019-08-03T17:06:01Z,6faa75122ea549ee9c143eae7edf27ff4afe219058cbabb7b95a5123,60.16762,24.95415,000000006b44cce7,23.56
257,2019-08-03T17:06:01Z,747f2d1ebff218c0ebbdc0fdaef4cbe56633dfb46ae1b1f8c8142201,60.16762,24.95415,000000006b44cce7,12.69
258,2019-08-03T17:06:01Z,79f136afa0dd8717337c01c70b457c464aaf0fa25b440f51a394ec23,60.16762,24.95415,000000006b44cce7,13.75
259,2019-08-03T17:06:01Z,80367590c877dff513029160e8c591671951dbc608a60bb05127f0bc,60.16897,24.95222,00000000aa852af1,25.36
260,2019-08-03T17:06:01Z,87dfaad29a9276ddddb1fa021d3bc23ad14824c1af16f7d87e713689,60.14951,24.92138,0000000006dd41f6,12.69
261,2019-08-03T17:06:01Z,8c0ea71587760bb69b6605544a1004ef6c97727b51b1d6e1f2954ede,60.18203,24.91341,00000000342570c2,10.78
262,2019-08-03T17:06:01Z,8c75c3289c84fe4493e1e272a77b615fe1985880c5dc68a7c1a17b53,60.16762,24.95415,000000006b44cce7,11.7
263,2019-08-03T17:06:01Z,8dae2b105db98d09d691523457dfeed5cbbd39871f0ba1e11433a482,60.14951,24.92138,0000000006dd41f6,16.1
264,2019-08-03T17:06:01Z,8f632ac380ef05cf8164f2d724cb22d12f61a61c9d5f182cec16b9ee,60.16762,24.95415,000000006b44cce7,23.56
265,2019-08-03T17:06:01Z,9287d31f37a067f10e216959eabb0256dc523ce0053c83895ee0ba31,60.16544,24.95398,0000000038d83d41,21.87
266,2019-08-03T17:06:01Z,a91d379a4b57c5df22db0d7a041ff69f657b4b31f28554b1011fc03c,60.16544,24.95398,0000000038d83d41,21.87
267,2019-08-03T17:06:01Z,b33ae7715d6d2571066655c2c8954a5a364b5601869047de83410d9f,60.16629,24.95957,00000000fb7600be,33.81
268,2019-08-03T17:06:01Z,b531650be0ab9e39bac59714d21155e32f86dbcb08713b4fef6d15ed,60.16762,24.95415,000000006b44cce7,2.08
269,2019-08-03T17:06:01Z,b5fd6b317890e5ab2d79e2cd1abe61626d45a753c7337d0d40728898,60.16762,24.95415,000000006b44cce7,6.46
270,2019-08-03T17:06:01Z,b7208f7ed5d2c0d295eeee489bae2cabc90a59b0aa74f6b0e7b6ee15,60.16629,24.95957,00000000fb7600be,21.87
271,2019-08-03T17:06:01Z,ba3a8cd646582be43957910d432d9d45fc320828ca9d15de5852809b,60.18203,24.91341,00000000342570c2,12.69
272,2019-08-03T17:06:01Z,bcdd50349e4c179a808e3be7b01f1a45e3ea02c1ee89862e45654e83,60.1538,24.95595,0000000038bf9618,44.58
273,2019-08-03T17:06:01Z,c40c37def6bf11a63a2556519a7c6233fd417cdeea2cf14f28e7c42c,60.16531,24.9442,00000000fdda10fe,27.28
274,2019-08-03T17:06:01Z,c9cb2b9de2b21abecad29584393bea94a97f282f234f310e2468d7a7,60.16075,24.95883,00000000f1124bca,31.5
275,2019-08-03T17:06:01Z,cf05623e4d87ce0906c0b0b7dbf53aacc1228016cd27c341228b6e76,60.18203,24.91341,00000000342570c2,18.79
276,2019-08-03T17:06:01Z,d0bb9fef9a0ef26adcdd4732c9c20361bce49826f32c2892242831b8,60.16762,24.95415,000000006b44cce7,16.1
277,2019-08-03T17:06:01Z,d0f702f0f0198777336f4e0b57eacca543440cd5783e04c1a9efa06b,60.16448,24.97323,0000000053c6c2be,29.32
278,2019-08-03T17:06:01Z,e6a26117471c519e8ea291a6e4fad4c62d6d66bae3396b37a697eb2d,60.15432,24.9211,0000000019fb59c4,20.28
279,2019-08-03T17:06:01Z,ef72b7aeaa9b749ff9f4f03b9d10a432a3aac108fb38f0f5c1cbba15,60.16762,24.95415,000000006b44cce7,8.38
280,2019-08-03T17:06:01Z,f088630d7476dae7d4b7e2bb1f10575f2c89acb4b6e061f3d57c2b40,60.16531,24.9442,00000000fdda10fe,21.87
281,2019-08-03T17:06:01Z,f4dcf05c12f8c219fceb5039fe90df777204f62c6fdc06c6915a4b3c,60.16762,24.95415,000000006b44cce7,5.91
282,2019-08-03T17:06:01Z,f50acd7378081b6a2dea1c0c1dc3d874dffd2e7b63e8de32e82c0af7,60.17002,24.94407,000000006b087f40,29.32
283,2019-08-03T17:06:01Z,f6609ab1076b1105bb845595a03b41b8fbb282f79c337df5bbc9f841,60.14699,24.922,00000000a53ed894,8.38
284,2019-08-03T17:06:01Z,f6fd6f2098c9860e84460086d2381ff143c63785709cfd13a1f4dab1,60.16075,24.95883,00000000f1124bca,29.32
285,2019-08-03T17:06:01Z,fc4f3a44235f1cfc7b53f14ba2da599976a5a0a220d23b852688e485,60.17918,24.95141,00000000675d5200,27.28
286,2019-08-03T17:06:01Z,0050b3412b27f9792f33018e316d8525fd52f1df1a9d0abe9bb7ac5e,60.16762,24.95415,000000006b44cce7,23.56
287,2019-08-03T17:06:01Z,014d305b2c36c1578030b37464953e47580ab95517cc672aeb5aa245,60.1638,24.96846,00000000d747f075,29.32
288,2019-08-03T17:06:01Z,03e00740373985ee98de9aab14781b157a61c3579d316257b5ff927d,60.17002,24.94407,000000006b087f40,14.89
289,2019-08-03T17:06:01Z,041d0a89ae0871f0c4f314d34adb8f8931cfab37c9b5bccc087f1718,60.16829,24.94214,00000000afef4555,18.79
290,2019-08-03T17:06:01Z,049314d7a3202ef49714a443c7dcfbc874df73313cdf3e426163708e,60.16544,24.95398,0000000038d83d41,27.28
291,2019-08-03T17:06:01Z,05ece56249b8326d680c505876ca16da55a57db3e76dd3be6f31bbf0,60.16762,24.95415,000000006b44cce7,10.78
292,2019-08-03T17:06:01Z,075e488c2fafa59330d66ecbc9e232bf8cda1fee4c15b7e94a2be895,60.16544,24.95398,0000000038d83d41,13.75
293,2019-08-03T17:06:01Z,078aede583fbe2bbdeb519431d5ec205aa9fa9a5395871d33a7a5e40,60.16897,24.95222,00000000aa852af1,16.1
294,2019-08-03T17:06:01Z,09cc3b46b06b84f14a24445b6f1560eb6e8d4abda125a7a54010740e,60.16544,24.95398,0000000038d83d41,21.87
295,2019-08-03T17:06:01Z,0a335395a4a76c22a04659de6e02d9bfc4d2b7ca4be256f1c288b908,60.16544,24.95398,0000000038d83d41,9.12
296,2019-08-03T17:06:01Z,0c45c6b1df5fbc58b03b0284142a5657d9c4437bc594ae06dc194752,60.173,24.92524,0000000096918cfa,16.1
297,2019-08-03T17:06:01Z,0c7d094bdc0fa5da64702c3160893fe88045ba74392e7abddca82ada,60.16762,24.95415,000000006b44cce7,18.79
298,2019-08-03T17:06:01Z,11bd10d08d47c27519092300a2d4c7cb434b28f5c1d3ca7b14cb69cc,60.17002,24.94407,000000006b087f40,20.28
299,2019-08-03T17:06:01Z,1357d82978dd1eec8557c37c5ae3d81bc87f9eedd8540da6ef9eacc7,60.17002,24.94407,000000006b087f40,36.27
300,2019-08-03T17:06:01Z,1419e7dce9b8002d309a8557ed91668f17e537fc784e7b789cb92bc4,60.18203,24.91341,00000000342570c2,21.87
301,2019-08-03T17:06:01Z,1553eb8a8067b2fa537645219a858724daf1e60e4708d72639108ceb,60.16829,24.94214,00000000afef4555,31.5
302,2019-08-03T17:06:01Z,189d3ed38b6866a0bececf74c42ebf73caa0964905079fda7c7fbd52,60.16897,24.95222,00000000aa852af1,4.5
303,2019-08-03T17:06:01Z,1b20c319644ab895d4ee851cfe34f0cd2b90e95f17fbe7750494ccc9,60.16829,24.94214,00000000afef4555,12.69
304,2019-08-03T17:06:01Z,1b6aa6b685bdca3769b023797f45db6ff7d34c9144e8a0dccc592436,60.16897,24.95222,00000000aa852af1,31.5
305,2019-08-03T17:06:01Z,1dacfb371d75dd4f90f447aac2a00faad98beb4188a6971c19eb2375,60.16629,24.95957,00000000fb7600be,27.28
306,2019-08-03T17:06:01Z,2047ae22c0ee912a76aceecea7fb428b7e3a0fcd3af46df83404c340,60.16448,24.97323,0000000053c6c2be,18.79
307,2019-08-03T17:06:01Z,2142821dbdfd0c8de0dfc0067db2d17aa9b3989b72fc0f1e8db8cf04,60.15432,24.9211,0000000019fb59c4,23.56
308,2019-08-03T17:06:01Z,2313c59de6b6247a028ed763c0b6435f6d92a1447b5c7771d06b691c,60.1538,24.95595,0000000038bf9618,21.87
309,2019-08-03T17:06:01Z,23ca91d11cd8b066c5e2f6915d05c1d5b3b6c1ca3490346aebb93ded,60.16897,24.95222,00000000aa852af1,12.69
310,2019-08-03T17:06:01Z,2696f6a462520c8284659d993a9bf0545c2b2f278e1538f7f60dd1d3,60.17002,24.94407,000000006b087f40,7.05
311,2019-08-03T17:06:01Z,270fd9608909e3a1236f4daa5e8d190a16ec626b2dd42118849b683f,60.1638,24.96846,00000000d747f075,10.78
312,2019-08-03T17:06:01Z,2719ce95517bdb55030bd9ad047be599181389a8a3d9aa93dfecbbe0,60.16762,24.95415,000000006b44cce7,12.69
313,2019-08-03T17:06:01Z,27205eaa10c4fd307fd4c46623a9f9e1121e59f863f015fa5d3e127f,60.1538,24.95595,0000000038bf9618,4.5
314,2019-08-03T17:06:01Z,2935c03dac8cd7f8dd6155aa38c5cfabc602260fdcbef50431bb3203,60.16544,24.95398,0000000038d83d41,21.87
315,2019-08-03T17:06:01Z,29aca2d3098407e497d2ce3dfc16c0384c59f5f89163f170111a7989,60.16897,24.95222,00000000aa852af1,13.75
316,2019-08-03T17:06:01Z,2a08725ae1846ac80dbb293c9c7069147e17c55259e12dbaf92610ca,60.17065,24.93641,000000000f4919c9,21.87
317,2019-08-03T17:06:01Z,2d74d857ce4f8b5b8765fa0960506ce2db831e215d89e7e5ade5444c,60.16629,24.95957,00000000fb7600be,20.28
318,2019-08-03T17:06:01Z,2fe9dcbd293556d8657902abeddd1b348d4027a5e06099b124f866e2,60.16448,24.97323,0000000053c6c2be,27.28
319,2019-08-03T17:06:01Z,312554436b58e15f6e3469c04a90b3bfeae9eeeb83e77acf17830d3b,60.1538,24.95595,0000000038bf9618,18.79
320,2019-08-03T17:06:01Z,32427d4ac74cff6d76016e8b1aad4b0870410b8f3bc2b2615f66228c,60.17065,24.93641,000000000f4919c9,27.28
321,2019-08-03T17:06:01Z,331b4e292d3236b8cf0d03ea3a902151e23d8d36bc1a529e6c3adb42,60.16829,24.94214,00000000afef4555,27.28
322,2019-08-03T17:06:01Z,398a8c93307ff9875d1d85a87c5dbf0e65d91467f60f6d8ad530f08c,60.16762,24.95415,000000006b44cce7,7.05
323,2019-08-03T17:06:01Z,3a84895d175bffa06304c45676b406eb66f3c42a65bbeee2fa3e90a6,60.16762,24.95415,000000006b44cce7,3.74
324,2019-08-03T17:06:01Z,3ba32ab79df33304b741fcb63a916746b982182986356b42b275ffc2,60.16762,24.95415,000000006b44cce7,21.87
325,2019-08-03T17:06:01Z,3d07df7230a4fd5b871f77027de352b44a946e2c4c67f9466ec9d3c2,60.16762,24.95415,000000006b44cce7,12.69
326,2019-08-03T17:06:01Z,3d0f68c39e1a4352b23f96e9d02405882add5a6f764ab0cd4fcc8da4,60.1538,24.95595,0000000038bf9618,9.92
