,time,hash,latitude,longitude,serial,distance
0,2019-08-03T13:06:00Z,072dc794e212cfe9866e1242d801701f299d36f4aea2da25e22246cc,60.16762,24.95415,000000006b44cce7,20.28
1,2019-08-03T13:06:00Z,0ffffc922d45d8063a1ee9f51760d94aa7e3f957374f5a86b3a18d09,60.1538,24.95595,0000000038bf9618,33.81
2,2019-08-03T13:06:00Z,14c7e1511b70f4dd3359cbece1377aebb4d70531f5489eefe53d7c3c,60.16544,24.95398,0000000038d83d41,21.87
3,2019-08-03T13:06:00Z,15918569de0a46a8eb56b43d8d39f7fc82619ff1006f00822c85745c,60.17919,24.95181,000000007b5207b6,4.11
4,2019-08-03T13:06:00Z,165ebbb4090d47319ae370f0d0854fdc1f6b79499f8b2e4d3c3533c0,60.16544,24.95398,0000000038d83d41,29.32
5,2019-08-03T13:06:00Z,2448a4a7bacce376bf9041799fcd0ba60e3c1179e1fdfc9d7463f44f,60.15432,24.9211,0000000019fb59c4,23.56
6,2019-08-03T13:06:00Z,28c382d400c51353c114ce74e97ac1131663533e436cf899df33047c,60.16629,24.95957,00000000fb7600be,21.87
7,2019-08-03T13:06:00Z,2b1c2abf510389d760c1716e2f843d433699d62108155f99fe9db294,60.16762,24.95415,000000006b44cce7,25.36
8,2019-08-03T13:06:00Z,34a2872f6eac51b5411e4a30114ae19dbd475d87061b063772cd730d,60.16897,24.95222,00000000aa852af1,18.79
9,2019-08-03T13:06:00Z,4186d6da68ebd511be3b61a558ed48d28d1c10eecd472a422b422ca2,60.16544,24.95398,0000000038d83d41,16.1
10,2019-08-03T13:06:00Z,42cb2bdb548c6c18ece0868e8616483aefed387d1f09fb26b78437a0,60.15432,24.9211,0000000019fb59c4,17.4
11,2019-08-03T13:06:00Z,55486c7cbc7fe90013a13d912b76ac16b72f90eed0e6df18b56e8a3d,60.16629,24.95957,00000000fb7600be,16.1
12,2019-08-03T13:06:00Z,5b8da6887d8adad8b4ef0131af833a39b9cbf1c3b922269f92b4888c,60.17002,24.94407,000000006b087f40,12.69
13,2019-08-03T13:06:00Z,5d65719c4cbf045f068d084b72302f447d5fd034413d97d13be00d0e,60.18203,24.91341,00000000342570c2,18.79
14,2019-08-03T13:06:00Z,76308dc069c8050ff1a3bef9da278fdcbea2d8100b85c357f6397311,60.1538,24.95595,0000000038bf9618,25.36
15,2019-08-03T13:06:00Z,79f136afa0dd8717337c01c70b457c464aaf0fa25b440f51a394ec23,60.16762,24.95415,000000006b44cce7,11.7
16,2019-08-03T13:06:00Z,7a41c0da24cc7a006a46c9082bd764683040c87e785036dd79b668bb,60.16544,24.95398,0000000038d83d41,21.87
17,2019-08-03T13:06:00Z,7a7e97957ddbc046ff4e3790fa1a4e4fc8d6fe1aeba0bd9e873b9ee0,60.15432,24.9211,0000000019fb59c4,25.36
18,2019-08-03T13:06:00Z,803da525517dae8f20b505ce05d2d641d0e1830c8dff8f8a52a91947,60.16762,24.95415,000000006b44cce7,6.46
19,2019-08-03T13:06:00Z,832e732a4e75c1e6f493d5e7fad4a38a512acad1bfe0345895677e4a,60.16762,24.95415,000000006b44cce7,13.75
20,2019-08-03T13:06:00Z,87dfaad29a9276ddddb1fa021d3bc23ad14824c1af16f7d87e713689,60.14951,24.92138,0000000006dd41f6,9.12
21,2019-08-03T13:06:00Z,8c75c3289c84fe4493e1e272a77b615fe1985880c5dc68a7c1a17b53,60.16762,24.95415,000000006b44cce7,20.28
22,2019-08-03T13:06:00Z,9287d31f37a067f10e216959eabb0256dc523ce0053c83895ee0ba31,60.16762,24.95415,000000006b44cce7,13.75
23,2019-08-03T13:06:00Z,95c48b40d4fabccc29c267737d7c7066262f59e40a426b566a34c34f,60.16762,24.95415,000000006b44cce7,16.1
24,2019-08-03T13:06:00Z,9843c6216661048343a0e49cf3d8aa2883cf77f452666a1c873a1052,60.16448,24.97323,0000000053c6c2be,21.87
25,2019-08-03T13:06:00Z,9e4386bdfe8431977c2d9cc5aefc8ff231d1f3bde0a40a9dc4186299,60.1538,24.95595,0000000038bf9618,25.36
26,2019-08-03T13:06:00Z,a2b83528b9047d25f7acbff0c9492457fe3b458224aa850bafe0ded6,60.16829,24.94214,00000000afef4555,23.56
27,2019-08-03T13:06:00Z,a91d379a4b57c5df22db0d7a041ff69f657b4b31f28554b1011fc03c,60.16544,24.95398,0000000038d83d41,27.28
28,2019-08-03T13:06:00Z,ac70e55586448848432d32c30c57e1ee96fe29873afd890b60fd242e,60.16075,24.95883,00000000f1124bca,29.32
29,2019-08-03T13:06:00Z,af84409ea9ee207a0a1bd44af038361571212c8fa7262a5e2bdc8c17,60.14699,24.922,00000000a53ed894,20.28
30,2019-08-03T13:06:00Z,b33ae7715d6d2571066655c2c8954a5a364b5601869047de83410d9f,60.16629,24.95957,00000000fb7600be,25.36
31,2019-08-03T13:06:00Z,b531650be0ab9e39bac59714d21155e32f86dbcb08713b4fef6d15ed,60.16762,24.95415,000000006b44cce7,3.4
32,2019-08-03T13:06:00Z,b5fd6b317890e5ab2d79e2cd1abe61626d45a753c7337d0d40728898,60.16762,24.95415,000000006b44cce7,17.4
33,2019-08-03T13:06:00Z,b90577926dd52437738dad5f00d4049f63b26d870442dd6efe495a67,60.16829,24.94214,00000000afef4555,9.12
34,2019-08-03T13:06:00Z,bd83bdf065383ada0f6486bd4cb707191ca6ad2172e9e2957b3ea5ed,60.16762,24.95415,000000006b44cce7,9.92
35,2019-08-03T13:06:00Z,bda6d5cf94a9fae3ffd02687367a635390a91e3f733fecbab7485c86,60.1538,24.95595,0000000038bf9618,18.79
36,2019-08-03T13:06:00Z,c092685071dc519fce2fc0469ab722e818c671b55154115f261d5ba3,60.16762,24.95415,000000006b44cce7,14.89
37,2019-08-03T13:06:00Z,c1635dfbac2833e2c4758d3608d4d5ceabeea66aaabe2a5a60fbcf98,60.16629,24.95957,00000000fb7600be,13.75
38,2019-08-03T13:06:00Z,c40c37def6bf11a63a2556519a7c6233fd417cdeea2cf14f28e7c42c,60.16531,24.9442,00000000fdda10fe,20.28
39,2019-08-03T13:06:00Z,c9cb2b9de2b21abecad29584393bea94a97f282f234f310e2468d7a7,60.16075,24.95883,00000000f1124bca,31.5
40,2019-08-03T13:06:00Z,ccdb0f38984feb7a1b026794d33b6ed292b71ffdeae9645d73a8fbc5,60.173,24.92524,0000000096918cfa,36.27
41,2019-08-03T13:06:00Z,cf05623e4d87ce0906c0b0b7dbf53aacc1228016cd27c341228b6e76,60.18203,24.91341,00000000342570c2,18.79
42,2019-08-03T13:06:00Z,dd9fb8aeb91206fc1d4f53baa9c9e4bcf21b5392b8f5fdb74c2c78a8,60.16829,24.94214,00000000afef4555,17.4
43,2019-08-03T13:06:00Z,df2c82a340e12a849bfba9d3a791c30bab4487341c1e7e48fca06cca,60.15432,24.9211,0000000019fb59c4,23.56
44,2019-08-03T13:06:00Z,e224ae5ea47af2e3048f83b13a1f45dc135c0ca6be72547b01729086,60.16544,24.95398,0000000038d83d41,20.28
45,2019-08-03T13:06:00Z,e6a26117471c519e8ea291a6e4fad4c62d6d66bae3396b37a697eb2d,60.15432,24.9211,0000000019fb59c4,12.69
46,2019-08-03T13:06:00Z,ea2af410359f5c862dbc71554cc0b6ea29d823a91db3209fcd2a8c76,60.16762,24.95415,000000006b44cce7,14.89
47,2019-08-03T13:06:00Z,ed70dda6b7faebd4340dacdb452ab224d9d3c308df417b7fa76f54e8,60.14951,24.92138,0000000006dd41f6,20.28
48,2019-08-03T13:06:00Z,ed740f442f5b4c0b7c6278bf30f66d4063bbb308276e4106f8ffc8da,60.17065,24.93641,000000000f4919c9,21.87
49,2019-08-03T13:06:00Z,f06d010bbf09a3ac3fc7fc63ad2f3a4b34349ab00040667530696921,60.17919,24.95181,000000007b5207b6,3.74
50,2019-08-03T13:06:00Z,f088630d7476dae7d4b7e2bb1f10575f2c89acb4b6e061f3d57c2b40,60.16531,24.9442,00000000fdda10fe,18.79
51,2019-08-03T13:06:00Z,f526ed6c30c7855ac91a07c98cbc4eb972ab04168d8937d89ec8c533,60.173,24.92524,0000000096918cfa,23.56
52,2019-08-03T13:06:00Z,f6609ab1076b1105bb845595a03b41b8fbb282f79c337df5bbc9f841,60.14699,24.922,00000000a53ed894,8.38
53,2019-08-03T13:06:00Z,fa174c07354fca0bb5a193097c3a41f5c79ba61efc1b2f1dd7ae2312,60.16762,24.95415,000000006b44cce7,14.89
54,2019-08-03T13:06:00Z,fc4f3a44235f1cfc7b53f14ba2da599976a5a0a220d23b852688e485,60.17919,24.95181,000000007b5207b6,9.12
55,2019-08-03T13:06:00Z,00097d80fa9b17df3125fff6d934ae4a090524e6477fbabd59fc5928,60.16762,24.95415,000000006b44cce7,16.1
56,2019-08-03T13:06:00Z,0025e12532b9b54bea1ed0ea9b94d0fdf51bfcba7b98594c56b271d2,60.16762,24.95415,000000006b44cce7,29.32
57,2019-08-03T13:06:00Z,0294b4b01306cd5895985485586636e9b43949d0116dda923803ad0a,60.16829,24.94214,00000000afef4555,14.89
58,2019-08-03T13:06:00Z,032a2886115594040272e96ce70f1eabdfc7f5f8b33d59d538da8453,60.14699,24.922,00000000a53ed894,12.69
59,2019-08-03T13:06:00Z,042b90ebbc4f61eb39c732ea733664046cf0648481f84b7a2bd4e44d,60.17918,24.95141,00000000675d5200,13.75
60,2019-08-03T13:06:00Z,043d22a5345e2d311543fe299989ceaa0161f451871b8c9bb0f36ed2,60.16829,24.94214,00000000afef4555,3.4
61,2019-08-03T13:06:00Z,050ccf9ec55885f454edc16fa1961231a502da8e2a6baeef04e58659,60.16897,24.95222,00000000aa852af1,21.87
62,2019-08-03T13:06:00Z,05a2a50dd71ed8c5e4303c105aafec7c2771e98d9af7c253e8e4f11a,60.173,24.92524,0000000096918cfa,38.87
63,2019-08-03T13:06:00Z,05ae5cab4041ab96892d9ddfda82b1aaf1ea76e3751f19b288b8dbd6,60.17918,24.95141,00000000675d5200,18.79
64,2019-08-03T13:06:00Z,0795ae1e952efc894c3346d86d20e28453a692ad2e446a69ca02e1d7,60.16829,24.94214,00000000afef4555,10.78
65,2019-08-03T13:06:00Z,0802eb756d63ac4390cf154511b6cc45bb39a8f7db0d89830e4998a0,60.16762,24.95415,000000006b44cce7,12.69
66,2019-08-03T13:06:00Z,08c806d9ae7c26c36aec75352be7bcc2765c2d6e10940323096a1baf,60.1538,24.95595,0000000038bf9618,25.36
67,2019-08-03T13:06:00Z,0a9cd89759786292f26ae65d4fb8cf1bd37f6546a9c327d16be61681,60.17065,24.93641,000000000f4919c9,31.5
68,2019-08-03T13:06:00Z,0bc0e34d27e84340da45edb254887d245a00dffae0ee66b6538f75b4,60.16829,24.94214,00000000afef4555,4.11
69,2019-08-03T13:06:00Z,0becf1f1c225bf726bfa1c67bb22f354e1117b8a878028099dfa4e61,60.17065,24.93641,000000000f4919c9,4.5
70,2019-08-03T13:06:00Z,0d9845a421ce3a9887d97dae82e87edaa21e59bf7966876e8af7edd8,60.16544,24.95398,0000000038d83d41,20.28
71,2019-08-03T13:06:00Z,0da6a54766620ca3b8654a903baff3c6d88c38a9a9edc6feab19d138,60.1538,24.95595,0000000038bf9618,27.28
72,2019-08-03T13:06:00Z,0dadf53371bf1f9a79cb2bc546800e2c6a1775c8d4f467be26063fd8,60.1638,24.96846,00000000d747f075,25.36
73,2019-08-03T13:06:00Z,0e05af15b5b1a5fe0f4c698a067a836009c405625af09e8870d51b2c,60.16544,24.95398,0000000038d83d41,20.28
74,2019-08-03T13:06:00Z,0e29249df578bc148e7509f6046217c6fa0419f0d28e0f1f9ffd624b,60.15432,24.9211,0000000019fb59c4,11.7
75,2019-08-03T13:06:00Z,0ea57f6e64f336ab1e2cdc258c9dfca937b1d450fdd7d7c7a22be870,60.149,24.9843,00000000fffb8cf0,17.4
76,2019-08-03T13:06:00Z,0edade14865ba92d48d77f241b5c1a255736c2657a1e6b0f360a9291,60.14699,24.922,00000000a53ed894,31.5
77,2019-08-03T13:06:00Z,0f823641f3d8e7703b26d53b14b5e438d53b03c9deb53257f463ce92,60.149,24.9843,00000000fffb8cf0,29.32
78,2019-08-03T13:06:00Z,0f9544e3c7f251467869e571124ab3227d864b7238138d23f4508e63,60.17065,24.93641,000000000f4919c9,18.79
79,2019-08-03T13:06:00Z,0fb8f70543ce1b2fb8609ae0930fae64d42c77bab2de8f90f14dd488,60.16897,24.95222,00000000aa852af1,21.87
80,2019-08-03T13:06:00Z,11948809a92697f3b76d30379b92ca2f90774370ad8646a961655c6c,60.16829,24.94214,00000000afef4555,5.41
81,2019-08-03T13:06:00Z,11cff841c1826462b6e0406b77bf95ac16fcc69396af0585c5c853e3,60.16075,24.95883,00000000f1124bca,21.87
82,2019-08-03T13:06:00Z,132f871582d022f5488a6baffb45ed6799496e51ae5a8bf98ae7d5db,60.16629,24.95957,00000000fb7600be,20.28
83,2019-08-03T13:06:00Z,1336e26c6901561293de72f8f629baa2c0f165ed361c635d93697902,60.14699,24.922,00000000a53ed894,13.75
84,2019-08-03T13:06:00Z,13e56270aed0eee2dea3b329de8fbc0d691388c01a22f8468585f36c,60.16762,24.95415,000000006b44cce7,14.89
85,2019-08-03T13:06:00Z,14213fd16a14ecefd00c7c82e373fc85527a3e54e3dd1279788dfd7d,60.16829,24.94214,00000000afef4555,13.75
86,2019-08-03T13:06:00Z,15958674abf8371c8a489a46c3fc5865d38902533983e0bcded75bda,60.16762,24.95415,000000006b44cce7,2.08
87,2019-08-03T13:06:00Z,1600dcb85733eca769daad33da8068208c2accba5feedc16407918fa,60.16531,24.9442,00000000fdda10fe,0.28
88,2019-08-03T13:06:00Z,16eddef41e50d2f42a65b1dc9ec81d133ad85f94ec0aab0db920b9f1,60.16075,24.95883,00000000f1124bca,13.75
89,2019-08-03T13:06:00Z,17de5a8986e182f20b09d46a8c8a69d8b4083f13904df7915eb9ef2b,60.14699,24.922,00000000a53ed894,23.56
90,2019-08-03T13:06:00Z,188a2d470a01e05a8ced49191f49a02678f1fbdde288145e26918717,60.17919,24.95181,000000007b5207b6,3.4
91,2019-08-03T13:06:00Z,18a9a3f4aad345700386586af5b3518b89a2e593ff8c30ddfc156776,60.149,24.9843,00000000fffb8cf0,25.36
92,2019-08-03T13:06:00Z,1aa34b7771da4c5053f9106429f42ff15927a38bc2f6d431b3f6409b,60.16897,24.95222,00000000aa852af1,21.87
93,2019-08-03T13:06:00Z,1bc375c5044c6da64a47dfcfa26807d36066272612c97d6982b6f7d9,60.14699,24.922,00000000a53ed894,13.75
94,2019-08-03T13:06:00Z,1c35a5671733df653d3d994ef7b972999613a099979aba985cc7613e,60.16762,24.95415,000000006b44cce7,5.41
95,2019-08-03T13:06:00Z,1c8ab53523238f9ef6c6e9038f18842dbf92769bc0c238de7acfb78f,60.16762,24.95415,000000006b44cce7,14.89
96,2019-08-03T13:06:00Z,1dacfb371d75dd4f90f447aac2a00faad98beb4188a6971c19eb2375,60.16629,24.95957,00000000fb7600be,27.28
97,2019-08-03T13:06:00Z,1e952cdf2b87c4c0442b013de4f452e844b4dde5b6a41a9e60fcff70,60.16762,24.95415,000000006b44cce7,18.79
98,2019-08-03T13:06:00Z,1fa5963650abd97f8ae81e16e7b7bc5bfdf8ebcb6f70e3776bad4ed3,60.1538,24.95595,0000000038bf9618,18.79
99,2019-08-03T13:06:00Z,1fdce8cc86e802366725047a52018b43f1165e0345dd8ec4ad433bec,60.1538,24.95595,0000000038bf9618,33.81
100,2019-08-03T13:06:00Z,20540b704d93387df0473978fc6eb1c6d95bff1e954ae1ddb8116a04,60.16762,24.95415,000000006b44cce7,11.7
101,2019-08-03T13:06:00Z,20aa7aa713f343f25bcf73c112567e192ddc78b1d73fa353dc98dd6d,60.14699,24.922,00000000a53ed894,9.92
102,2019-08-03T13:06:00Z,20d0475d563b4e477eb54e624e6276bbac7a1fb4d8c39f6ce1e3890a,60.14699,24.922,00000000a53ed894,16.1
103,2019-08-03T13:06:00Z,21f965f7570381031aebcfe222376ac268ddf1a1dd6c0b178d91c0bd,60.16762,24.95415,000000006b44cce7,12.69
104,2019-08-03T13:06:00Z,2367b3bd232f09d038f6842aa114e4b9b418bebc2e64e958e613f84b,60.14699,24.922,00000000a53ed894,14.89
105,2019-08-03T13:06:00Z,238d4b7f8d04d0bf36f92242e17be61b61c56e00a9a18c58b0bca574,60.16544,24.95398,0000000038d83d41,21.87
106,2019-08-03T13:06:00Z,243a6d5c8dbe728d456c5d85787f80edccfb64b0859fa9bb9856d503,60.16829,24.94214,00000000afef4555,31.5
107,2019-08-03T13:06:00Z,24bcbd7eabf7d9bef9fc26941c6af133917ea68cf1aa6484d2a7566c,60.149,24.9843,00000000fffb8cf0,17.4
108,2019-08-03T13:06:00Z,266db30e5b0bcc0bc489c59d5a9fdaeef3f2bdc86943f233bbd3556e,60.16897,24.95222,00000000aa852af1,16.1
109,2019-08-03T13:06:00Z,268c325a45bef088de631a4d60c2ea6ec541a9f55f40ca042fe61b95,60.16897,24.95222,00000000aa852af1,21.87
110,2019-08-03T13:06:00Z,2696f6a462520c8284659d993a9bf0545c2b2f278e1538f7f60dd1d3,60.17002,24.94407,000000006b087f40,12.69
111,2019-08-03T13:06:00Z,26ef9f4346dbaf96cf2f7def26c2ce10593bc87111c2c8a5a45e2b90,60.17919,24.95181,000000007b5207b6,8.38
112,2019-08-03T13:06:00Z,27fead04be850335e83fce4a241befd696947bb069b22bc6673c530b,60.16897,24.95222,00000000aa852af1,12.69
113,2019-08-03T13:06:00Z,2957f829c2ed3945f0f425733089f5f1e3f5c976b8c3b17d3647610d,60.16829,24.94214,00000000afef4555,31.5
114,2019-08-03T13:06:00Z,29a8cb12791de58530fc5956a3b2081029c61305d5484e5c717ec508,60.16762,24.95415,000000006b44cce7,21.87
115,2019-08-03T13:06:00Z,2ac634b04058c9ab4397de2788bd23cae7066b05dc0eaeadb71b6445,60.16829,24.94214,00000000afef4555,16.1
116,2019-08-03T13:06:00Z,2b7acbc762350c25c6301460513be28dd5340c0ff4cc3980e57c9e56,60.16897,24.95222,00000000aa852af1,27.28
117,2019-08-03T13:06:00Z,2bc92f8c52dac3a37fe5ab554f398dc45bf6cc37ab72189dfd8fb041,60.17002,24.94407,000000006b087f40,18.79
118,2019-08-03T13:06:00Z,2c287a8e739e8c73de87440e86cc9d77cdff76050308feedb9594877,60.17065,24.93641,000000000f4919c9,13.75
119,2019-08-03T13:06:00Z,2d11da0e4dd73a4fc5d7fb00eaee841d4ea599b6ab054cf7b1de5f9c,60.1538,24.95595,0000000038bf9618,38.87
120,2019-08-03T13:06:00Z,2df8f1cec8a75cddc48d6d70d73e90fb9614a15dc70a796800d022ef,60.17002,24.94407,000000006b087f40,14.89
121,2019-08-03T13:06:00Z,2e8e9317a8f5736cde1ba5cd4284314fa967ca2726585bc5177e1542,60.16829,24.94214,00000000afef4555,2.8
122,2019-08-03T13:06:00Z,2f17e36fb8f68751054c1da6a25fcb7cd401ca134fb141515773c413,60.16544,24.95398,0000000038d83d41,20.28
123,2019-08-03T13:06:00Z,30c7b01ec690d1fdde9f632c7c4fc744c1dfa3ac7d572bc7d1f43086,60.14947,24.91438,000000004ef3150d,33.81
124,2019-08-03T13:06:00Z,31aca7c50e767c55e9a3b496408703a07736329e4dc4f2f4b52afa5b,60.16762,24.95415,000000006b44cce7,18.79
125,2019-08-03T13:06:00Z,321697748c54ec22807187f4eb40ee4f4eeeb1329ff9c4becbcebbfb,60.14947,24.91438,000000004ef3150d,7.69
126,2019-08-03T13:06:00Z,32c09f77c2d747a6842513641e35359ab213ba163918219369516893,60.149,24.9843,00000000fffb8cf0,21.87
127,2019-08-03T13:06:00Z,3335b696bc53c3cc78411f84771c859ba0fdd39a1d09493aa03a498d,60.17918,24.95141,00000000675d5200,21.87
128,2019-08-03T13:06:00Z,33397fa8d237ff59a196099081079f6428d31a2d886441c578a8d2d7,60.14951,24.92138,0000000006dd41f6,21.87
129,2019-08-03T13:06:00Z,346125882cbd8679ab73f2ab3e750fd6eb509a1de3cb43a6f0318afb,60.16829,24.94214,00000000afef4555,4.5
130,2019-08-03T13:06:00Z,349b72f0e62311ba59c833544b8fa8e92275a09811fe4496801c17c3,60.16897,24.95222,00000000aa852af1,20.28
131,2019-08-03T13:06:00Z,34f4a826c9637458a0a10321dc0da8dcfbf219a22286b9a9d927e572,60.149,24.9843,00000000fffb8cf0,20.28
132,2019-08-03T13:06:00Z,3585f183a185f55702d7ae8ab0be6c2a11240a6adff174f77333d393,60.1538,24.95595,0000000038bf9618,33.81
133,2019-08-03T13:06:00Z,3751b0a8f3651491331c2a819acecc517d8c6c85569a2f3ef27702ac,60.14699,24.922,00000000a53ed894,25.36
134,2019-08-03T13:06:00Z,380e50f58f12e0f5a30154548c2948571ad553facad727611e59540d,60.17919,24.95181,000000007b5207b6,18.79
135,2019-08-03T13:06:00Z,399845698a0c5e3be03c27b7fcdb477fd8b892e291522aacb5e983e0,60.17002,24.94407,000000006b087f40,27.28
136,2019-08-03T13:06:00Z,3a9430b79968c41f4efb7d7d0df1eb01413d102ba78ce775bb6ece50,60.17002,24.94407,000000006b087f40,8.38
137,2019-08-03T13:06:00Z,3b0dba003f6f6ebf29fd40b5df378a7e84fd31877938037441443b51,60.16448,24.97323,0000000053c6c2be,17.4
138,2019-08-03T13:06:00Z,3c70d46cd76f05af789a5010e5c178186f6f151ccfeeca0665e6b1ed,60.17065,24.93641,000000000f4919c9,20.28
139,2019-08-03T13:06:00Z,3c93c6a3c92d622b4548a4ac96859c7a362cc472aae63584e923f9ab,60.17065,24.93641,000000000f4919c9,16.1
140,2019-08-03T13:06:00Z,3d2698aac59bdcacca8d3640a7f18d36332ce8e0c3f3c60e0a34b58f,60.16897,24.95222,00000000aa852af1,21.87
141,2019-08-03T13:06:00Z,3dcc433dc76217ee6df1551427ef93d107a76ebb754e94f0e6416ee5,60.16762,24.95415,000000006b44cce7,10.78
142,2019-08-03T13:06:00Z,3eac4548be370430fb2b10751d561423c44b96086ad24180246969e2,60.16829,24.94214,00000000afef4555,18.79
143,2019-08-03T13:06:00Z,400c1d36a4bcdd722c558ee6623fd3f4c0649136fd1e30fd75610adc,60.17919,24.95181,000000007b5207b6,11.7
144,2019-08-03T13:06:00Z,407a3cac47362e6320581cf461ba6a2e263018e5c90ca5cd074038c0,60.16544,24.95398,0000000038d83d41,25.36
145,2019-08-03T13:06:00Z,42abeca6a40d384f32c922c467226afbe8139a87b831a52eebaa76c3,60.17918,24.95141,00000000675d5200,9.92
146,2019-08-03T13:06:00Z,42d54dc0fdc4ddb82ca9aa59d631b12d3913f31f0b5482dbd980b182,60.16762,24.95415,000000006b44cce7,21.87
147,2019-08-03T13:06:00Z,42e9a5f30a7470b8816a58dea2082fdee45cb7a65dcf4e69ad1c4794,60.149,24.9843,00000000fffb8cf0,9.92
148,2019-08-03T13:06:00Z,42f80d6cf39986bb2ee3d24b5e2142d6e5e99aabb38873aaf34d3775,60.16448,24.97323,0000000053c6c2be,38.87
149,2019-08-03T13:06:00Z,42f95e20616b3b2aa5ee8a65aace6207556c2e3976ae62df4c8514bd,60.14699,24.922,00000000a53ed894,10.78
150,2019-08-03T13:06:00Z,43067395dc01d6df8f512b12e75296b4e9e6a00efbe11cb5d55874f3,60.173,24.92524,0000000096918cfa,20.28
151,2019-08-03T13:06:00Z,43320a90825d98353c60457b8fd3fe9fa60617fd5a93b87caffe665d,60.17065,24.93641,000000000f4919c9,20.28
152,2019-08-03T13:06:00Z,43e684d84d66813a73f4b303a9d391f648c8de43ee2f3c52dcd31573,60.16897,24.95222,00000000aa852af1,27.28
153,2019-08-03T13:06:00Z,440db2c58c594d8863ff5e6834921b1f22e9d83b8b3f6dc164b32731,60.149,24.9843,00000000fffb8cf0,10.78
154,2019-08-03T13:06:00Z,449dfb4214859fb5aeb97376b8e376596a5102f2339cc9ac33c33a15,60.14699,24.922,00000000a53ed894,13.75
155,2019-08-03T13:06:00Z,4622e795bf168394c49f748aa6b8af78003e28dbd49576556d16d16f,60.1538,24.95595,0000000038bf9618,25.36
156,2019-08-03T13:06:00Z,470bba1a15486d5bf235e55db932ab3122247f05383524dc97361f15,60.173,24.92524,0000000096918cfa,10.78
157,2019-08-03T13:06:00Z,472192cc5bc9ee52bf0ba402e374bb155f576f584c15f6678ec7afae,60.17918,24.95141,00000000675d5200,21.87
158,2019-08-03T13:06:00Z,4744b9cbd6595f871463af16ad00c938b1fba1d53869e6c2182cb05c,60.16762,24.95415,000000006b44cce7,14.89
159,2019-08-03T13:06:00Z,4750621f63370f4a0eee7c14803aa5b54e8a016971ab646241076d77,60.16762,24.95415,000000006b44cce7,10.78
160,2019-08-03T13:06:00Z,475a319512f144e16538f8569109c536b4da41aeecbe12d3d84b847e,60.16762,24.95415,000000006b44cce7,14.89
161,2019-08-03T13:06:00Z,49d3e1a306db6a45f3ce6c882e0e0bfce579ff0749ce8d66454dc9c0,60.17919,24.95181,000000007b5207b6,18.79
162,2019-08-03T13:06:00Z,4a77a38b761d172a60b90b4ee709ffd43688575ada0386fb64b3919d,60.16897,24.95222,00000000aa852af1,14.89
163,2019-08-03T13:06:00Z,4af07ca79f63495fc8683ed988d39de42bf520db3c947a88c98172d4,60.149,24.9843,00000000fffb8cf0,18.79
164,2019-08-03T13:06:00Z,4b0ae3810f8f8f80652bf418a35560b40d9916b9ab9e04205fd7141a,60.16762,24.95415,000000006b44cce7,2.08
165,2019-08-03T13:06:00Z,4b8505ebaac31edd97641e4beaee53bcd077c9ddefcffd344b6aeff4,60.149,24.9843,00000000fffb8cf0,25.36
166,2019-08-03T13:06:00Z,4b8e90f6b9f8a08aacb15faa8606245c75bedf9dd02a03bedc96bccb,60.16897,24.95222,00000000aa852af1,21.87
167,2019-08-03T13:06:00Z,4dbeb1998ce2f246d959a0436989e82a93d6bd51e0f02b56cf832de9,60.16762,24.95415,000000006b44cce7,7.69
168,2019-08-03T13:06:00Z,4ecebee32a437afc5d8ea0dc8e31e6e4daa8d63f05b97f8802fbed60,60.17919,24.95181,000000007b5207b6,10.78
169,2019-08-03T13:06:00Z,4f082bfd46b267eb7ec1426e50b5387001b521f614fb292ddea68840,60.17918,24.95141,00000000675d5200,3.4
170,2019-08-03T13:06:00Z,4f9997c65e3c4e18f354c976d86c5857ab803017d4094499fa7ea748,60.16762,24.95415,000000006b44cce7,5.91
171,2019-08-03T13:06:00Z,4fdf7d5dcc75112efcefe17e29135a55bb89adb47133ae457864535b,60.16544,24.95398,0000000038d83d41,23.56
172,2019-08-03T13:06:00Z,507f3217f0ceb70cb66aafc1e2198e5332b69feaa82bdeb2bf2cae01,60.16829,24.94214,00000000afef4555,10.78
173,2019-08-03T13:06:00Z,50912414f15e30760fbfcbe3357027293947ea93795d738ca7fbca0d,60.14699,24.922,00000000a53ed894,23.56
174,2019-08-03T13:06:00Z,51001af2281b65a8ebfa3e0633d23784c4795e8c385d15c0d9a5b8e1,60.16829,24.94214,00000000afef4555,7.69
175,2019-08-03T13:06:00Z,51ecade3b9a4b8a20fb1e69e815411ce241c128193843725fbb6333e,60.16762,24.95415,000000006b44cce7,16.1
176,2019-08-03T13:06:00Z,520000788efa0cd10cf7e88b4f774f5d1c3501ea07c3fea00d28d424,60.17002,24.94407,000000006b087f40,8.38
177,2019-08-03T13:06:00Z,52238549fe8d8b49ed1becabb4e11139a9e2502d9032cbf99ff8a1bf,60.17918,24.95141,00000000675d5200,17.4
178,2019-08-03T13:06:00Z,52aed91633751ffffb201aecd8b95bfaf6387152a0785bced1288381,60.17065,24.93641,000000000f4919c9,4.94
179,2019-08-03T13:06:00Z,5399e26ea8ba86c5d23e54ea09b64d610bf644adfd0732e90eb20239,60.16829,24.94214,00000000afef4555,13.75
180,2019-08-03T13:06:00Z,53f8d44ebf6f67ce7690f2a38131a8db7cf4e710bb706057dd99fccb,60.17002,24.94407,000000006b087f40,23.56
181,2019-08-03T13:06:00Z,54329a43e2250516b28f72adf804f79577b5b5af812d51bbcc96b6e2,60.16829,24.94214,00000000afef4555,21.87
182,2019-08-03T13:06:00Z,54f7365594f2e00748c8dcf308dc3d3c11f2eef938a45f3756682ec6,60.16829,24.94214,00000000afef4555,29.32
183,2019-08-03T13:06:00Z,55427c19fa723a142841472a7c59aa5dcceffb72150bc1820228fa6a,60.16762,24.95415,000000006b44cce7,4.5
184,2019-08-03T13:06:00Z,57446c44d9d9f579e3a68b3dff838790ef5a3c476b8b13a0426837ea,60.14699,24.922,00000000a53ed894,11.7
185,2019-08-03T13:06:00Z,57ff523493d62afab0e5521c4e50783824381aba3bb7a72beea595f7,60.1538,24.95595,0000000038bf9618,27.28
186,2019-08-03T13:06:00Z,584cb0b0cdd14e608c8b57c8aecc9826f9b40027e365e2438a444ea2,60.16762,24.95415,000000006b44cce7,11.7
187,2019-08-03T13:06:00Z,58cb7f6176be0db612eab862cbb4e7df69142c2d81ce061eea19dd78,60.16075,24.95883,00000000f1124bca,14.89
188,2019-08-03T13:06:00Z,59e1ba5aeefe3c9da0529b8a3740e75547ed819f6180922cafb01462,60.16897,24.95222,00000000aa852af1,13.75
189,2019-08-03T13:06:00Z,5b4310fcab104986a081da875276e8fd5b1c8232e9ed42a8fa66dcc3,60.16629,24.95957,00000000fb7600be,16.1
190,2019-08-03T13:06:00Z,5b872bb9b618f50705f0c802702efd6f78e4c241a04f3c1741b76818,60.17002,24.94407,000000006b087f40,27.28
191,2019-08-03T13:06:00Z,5c62c2b8642852613b5a3727098575e734ee2a5806a000645e9db2ed,60.16829,24.94214,00000000afef4555,13.75
192,2019-08-03T13:06:00Z,5d7a6c336af6d94f1a399f0dac3048dc094b56e1e1f53751fc9e7877,60.17919,24.95181,000000007b5207b6,9.12
193,2019-08-03T13:06:00Z,5e0c36bf4c1879067a54753400c9ac403ac80e6313f48fb6262ac4fe,60.16897,24.95222,00000000aa852af1,18.79
194,2019-08-03T13:06:00Z,5eb3c80bc3d5d1ed445529ab94e57ff340a3e37979120d80c2443eda,60.16531,24.9442,00000000fdda10fe,2.54
195,2019-08-03T13:06:00Z,5ec61964d324bcd67b089355ae9bf2be309d638d8d74eee02b285ce3,60.16531,24.9442,00000000fdda10fe,12.69
196,2019-08-03T13:06:00Z,5f74cdb21daef3dbe96d2eaed1f99ade636d2e40dad125a762dd32af,60.1538,24.95595,0000000038bf9618,16.1
197,2019-08-03T13:06:00Z,602d6a1802293147ec03e1818226ea96fb1a89859a7a8676148df150,60.17919,24.95181,000000007b5207b6,16.1
198,2019-08-03T13:06:00Z,60b3760a4306e24e2930329d0a10a0c804b1988febfeb9d800ec24af,60.1638,24.96846,00000000d747f075,17.4
199,2019-08-03T13:06:00Z,60d8961562ba34b8cefc5aab9e9c8a7cef78e1dff4b17ab5274ec3bb,60.16897,24.95222,00000000aa852af1,13.75
200,2019-08-03T13:06:00Z,6196ff463bf522e42e2b9b5c64f9ae4e9e4a50dfb6e2cd6631db94f4,60.16075,24.95883,00000000f1124bca,18.79
201,2019-08-03T13:06:00Z,62b61ef7dd5ab9158e81c4237ac5600ad8524637ddee58d5f25df74a,60.16544,24.95398,0000000038d83d41,14.89
202,2019-08-03T13:06:00Z,6335773afa934acafc7c8ea1e58659ad75122ed0b22615c848d651d3,60.16762,24.95415,000000006b44cce7,12.69
203,2019-08-03T13:06:00Z,634a04b4128c8f49c0f8700a58ff90f7c8ce875d0edc03842a521374,60.16075,24.95883,00000000f1124bca,5.91
204,2019-08-03T13:06:00Z,635e270a72b6301c49a81fc4d4533f68b9ae3c38bc5e940ed19e3226,60.16075,24.95883,00000000f1124bca,10.78
205,2019-08-03T13:06:00Z,63be514871f6020c6bcc7ec65bb033c67da3ee2f0d8edb71f9669cb3,60.14699,24.922,00000000a53ed894,16.1
206,2019-08-03T13:06:00Z,64dc9a4854d5476f69e83e7ac846397084994bf94bb2d53b6700473e,60.17919,24.95181,000000007b5207b6,29.32
207,2019-08-03T13:06:00Z,66989e228753f4cbb6bf48581ffb30b5ff4ae73265e9f261e5b864ec,60.14699,24.922,00000000a53ed894,31.5
208,2019-08-03T13:06:00Z,66b8413f6300b16675e7f3db83b944f18f2708b907707668c27b7678,60.16829,24.94214,00000000afef4555,2.8
209,2019-08-03T13:06:00Z,67b27bb692daee7d7beed0fa7c42a165a4ebc73df3b68b878f1055a1,60.16897,24.95222,00000000aa852af1,11.7
210,2019-08-03T13:06:00Z,682216c93082a27c0e74737ebe10746911fb3170f90f1eb01a89f818,60.14699,24.922,00000000a53ed894,9.92
211,2019-08-03T13:06:00Z,68355b6ed3d1ee028dd201fcefaee703cb6ac2b116c2797ce33059be,60.14699,24.922,00000000a53ed894,18.79
212,2019-08-03T13:06:00Z,68bb01506f8a7a74a8d2a0a504b7872c4b9c7e3f70bc947b75d865fe,60.16829,24.94214,00000000afef4555,12.69
213,2019-08-03T13:06:00Z,68d461ede9c7379f289b6d9d0e88d1d5746d00e09b66de512cf51fe6,60.14699,24.922,00000000a53ed894,17.4
214,2019-08-03T13:06:00Z,69101de57f0985b0bc0e48a486368a62c46571a3acbfcbe05cf9876b,60.16762,24.95415,000000006b44cce7,23.56
215,2019-08-03T13:06:00Z,691187f01357926c3a76dd604ec1d9dc08bf8b6ed3cf0170d5b7654d,60.15432,24.9211,0000000019fb59c4,20.28
216,2019-08-03T13:06:00Z,6ab8a4accde0845a0b7180f5c12175f7d645a12df5abf726b445719f,60.1538,24.95595,0000000038bf9618,5.91
217,2019-08-03T13:06:00Z,6b116362ee6313a5cadbf437f6972bc5872f614cf2c9a5922ff0a485,60.16544,24.95398,0000000038d83d41,5.41
218,2019-08-03T13:06:00Z,6c099e98295539cb1f5833957627bcc04443bb926e9187abe7a285d8,60.17065,24.93641,000000000f4919c9,25.36
219,2019-08-03T13:06:00Z,6c159f7483a28c7d815acd6ec719c0d667d444a61bdcd68da544f3e2,60.1538,24.95595,0000000038bf9618,38.87
220,2019-08-03T13:06:00Z,6dc5fc940ea91cc7b87cf45f77b33241b32a5ae42963f609f26332ca,60.14699,24.922,00000000a53ed894,18.79
221,2019-08-03T13:06:00Z,6e8df5b0d83dcd589c0bfb580aa742afc28a715489b15c5dfe49b619,60.16531,24.9442,00000000fdda10fe,8.38
222,2019-08-03T13:06:00Z,6ff4009c177e035ff328d795e35dc5ab08c87571a74c7cff892ce34b,60.16531,24.9442,00000000fdda10fe,21.87
223,2019-08-03T13:06:00Z,705701037a12d48232db95aa0092a656fe3a0e110308af26b75a9b1d,60.16075,24.95883,00000000f1124bca,11.7
224,2019-08-03T13:06:00Z,70a7b7b14cb0348e687c0e86d034f7e0e7791e6d0447a51020d74f2a,60.16448,24.97323,0000000053c6c2be,18.79
225,2019-08-03T13:06:00Z,70cc7b0a8e166380ca0fbc55a58d9a59c9de9f05a9f95ebb82482d5a,60.16762,24.95415,000000006b44cce7,17.4
226,2019-08-03T13:06:00Z,70cd0257905a91dbeea10f35d1fc89a9c16a97cc827a90b955ffad39,60.17065,24.93641,000000000f4919c9,14.89
227,2019-08-03T13:06:00Z,717b2e301526516f84837b6eae6c05801639fa10dc9f57c3b72e85c2,60.14699,24.922,00000000a53ed894,8.38
228,2019-08-03T13:06:00Z,71c34cbebfd067d5653e1495fb0f9bd2e89ccd16d2b1072a464db2cd,60.16075,24.95883,00000000f1124bca,9.92
229,2019-08-03T13:06:00Z,74f8953f63c51fb405f26f8a59729be76cb36adf407cd86319e250bb,60.16829,24.94214,00000000afef4555,20.28
230,2019-08-03T13:06:00Z,763929d1ac359723c58af6a0d87469c44c7a57a7c3d6d0b30cd9e84b,60.14699,24.922,00000000a53ed894,11.7
231,2019-08-03T13:06:00Z,764f5418755bf6ef4951c26f331f7a35d923e20efacbf714cca8e881,60.149,24.9843,00000000fffb8cf0,21.87
232,2019-08-03T13:06:00Z,76db20819a6ad04c6868ab9b086468bb24c088550ffc68165136fea4,60.16897,24.95222,00000000aa852af1,21.87
233,2019-08-03T13:06:00Z,78c9a20662763771a7c723c55b2252d0b6530d4024a816552d194072,60.15432,24.9211,0000000019fb59c4,23.56
234,2019-08-03T13:06:00Z,78ee771076c2f85ea6e49a1a3ab04595142cb410974cad4822be90e6,60.14947,24.91438,000000004ef3150d,29.32
235,2019-08-03T13:06:00Z,7b3297b19f366beb0bd3792a2a848042b5fd6a5b0672ce801073fbdd,60.15432,24.9211,0000000019fb59c4,23.56
236,2019-08-03T13:06:00Z,7b3e7700e5d05ca1a8b78665dca79a6137b217db2b416a472fd42df0,60.17065,24.93641,000000000f4919c9,11.7
237,2019-08-03T13:06:00Z,7b50a87877a4779273803246ee131e0534f1ba3650ab0c423d618334,60.149,24.9843,00000000fffb8cf0,18.79
238,2019-08-03T13:06:00Z,7c51b85ea6ef3f8645c70ffcae60d6cb81a3a6ea2c5384ea973b3541,60.17065,24.93641,000000000f4919c9,0.41
239,2019-08-03T13:06:00Z,7d01c115122771ddbee8f0d6c1117ed4717613c1c2d2552d9745a766,60.16531,24.9442,00000000fdda10fe,29.32
240,2019-08-03T13:06:00Z,7d7a4a446ee8113e9e04ee0d5f786343c5e5674e3e3e65c5cbcebc15,60.18203,24.91341,00000000342570c2,33.81
241,2019-08-03T13:06:00Z,7d936b6b2642b4dee360e1acccc89cd1b1e41f88474289c01072b534,60.14699,24.922,00000000a53ed894,27.28
242,2019-08-03T13:06:00Z,7e439a8e86b4592a6fa63c1dec95618718b01d3a92594cd89665cdfa,60.16762,24.95415,000000006b44cce7,4.94
243,2019-08-03T13:06:00Z,7e796b6568337ba41ad7f9ecd6564baf776d2d3bb167029d5c80e5c1,60.1538,24.95595,0000000038bf9618,27.28
244,2019-08-03T13:06:00Z,7f80612b7e4ef05a9d51c0df072143b8a8d3ea22328c9829cf352543,60.173,24.92524,0000000096918cfa,13.75
245,2019-08-03T13:06:00Z,7f8c7c11b91ebb5efc251f030c9fffb47cc07a9b1870a9df2ccae4aa,60.16897,24.95222,00000000aa852af1,9.12
246,2019-08-03T13:06:00Z,8038ded370f1dde846b4030afd45270c34ab8e0fa7b59e7f308c3037,60.16544,24.95398,0000000038d83d41,36.27
247,2019-08-03T13:06:00Z,80977ef541db5f5d0b214eef7efddb341496c373b8dcf9869a98d705,60.16762,24.95415,000000006b44cce7,9.92
248,2019-08-03T13:06:00Z,80b9fd4c969b07c93b48c1063fdb417e1cf1dd34033b55c7daa7c49e,60.16829,24.94214,00000000afef4555,10.78
249,2019-08-03T13:06:00Z,81564eb33768863229cbb050a02d7da5aa3520715fb67339f796c02d,60.14699,24.922,00000000a53ed894,23.56
250,2019-08-03T13:06:00Z,817add1afa6bb7c23faa891e2f1b0655413d4dc79a408bf2b4af32dc,60.1538,24.95595,0000000038bf9618,44.58
251,2019-08-03T13:06:00Z,82680e9004addf76197a806df242d425fae7fec2ab41f3a2f89f272f,60.17065,24.93641,000000000f4919c9,17.4
252,2019-08-03T13:06:00Z,8269da3abaedc198b29e11668a3263af6aab6447719731f03e6ee827,60.17919,24.95181,000000007b5207b6,18.79
253,2019-08-03T13:06:00Z,8280d64e063c9254ca3ae41cfa0959fefeb430df7716fb8407b186ee,60.16531,24.9442,00000000fdda10fe,31.5
254,2019-08-03T13:06:00Z,82c9529dd4bb29dbef612fccc0d17f0b0eade1d7c0cef3741b408ec5,60.14699,24.922,00000000a53ed894,14.89
255,2019-08-03T13:06:00Z,83026b0a1c4dd8acba161750497e741f79833a786efeb9afdebc9fb9,60.16897,24.95222,00000000aa852af1,27.28
256,2019-08-03T13:06:00Z,833fbb779dc003317df18bceffaa33faef2cba278e52c1c4f69a0cf5,60.17065,24.93641,000000000f4919c9,23.56
257,2019-08-03T13:06:00Z,837bef3b639951392e3cac872c729c37a04547e7622d8b62ed7f4b2d,60.16762,24.95415,000000006b44cce7,4.5
258,2019-08-03T13:06:00Z,83e7cb14176b6cff7e0ea0c7f1dc0f2d05f866dccd5a662a3e9fc56a,60.16762,24.95415,000000006b44cce7,10.78
259,2019-08-03T13:06:00Z,8403ce6da801a0222d0d11c223a489e3590258ce6f973190599a2b5c,60.16762,24.95415,000000006b44cce7,20.28
260,2019-08-03T13:06:00Z,84770ac1eb74c079e1f43c76976d2bd064dd28cf44e2bf7401bb54dd,60.17065,24.93641,000000000f4919c9,2.08
261,2019-08-03T13:06:00Z,868035b413d7352378281206f4b01523ffb654028d48fdbc74313805,60.16897,24.95222,00000000aa852af1,27.28
262,2019-08-03T13:06:00Z,8747ad37b433b8e692d1ec8416893afc05a9ba5916906a57ae334e1e,60.16075,24.95883,00000000f1124bca,13.75
263,2019-08-03T13:06:00Z,87875acce7634c3ccffdd1dfd42d61d78bf43cea492336aefcabd51d,60.149,24.9843,00000000fffb8cf0,4.11
264,2019-08-03T13:06:00Z,879a3fc96ae3bbe7effd2bac90c570b32753d09b6af9ab3e5024b8e9,60.16762,24.95415,000000006b44cce7,8.38
265,2019-08-03T13:06:00Z,88cc1dac78729b2939a31e83347c00e3852ad25a43935ebecf12ff8e,60.16829,24.94214,00000000afef4555,1.7
266,2019-08-03T13:06:00Z,899eb33a1da90bb24a933dc314638275f36b96569a530c38108fd3d6,60.1538,24.95595,0000000038bf9618,38.87
267,2019-08-03T13:06:00Z,8afcef3fb85ae3a2034c536328332b470ca99f1ad872ddbeb434612a,60.16829,24.94214,00000000afef4555,9.92
268,2019-08-03T13:06:00Z,8b40e1369809bfbdce32da0c93ffc65daaccaa659746cf58d81f6463,60.18203,24.91341,00000000342570c2,13.75
269,2019-08-03T13:06:00Z,8d980499d9a995d457034f65e24b92e8bb30125ca66b32f5a0b2beb5,60.16897,24.95222,00000000aa852af1,11.7
270,2019-08-03T13:06:00Z,90abf971fefdbc28b26520f2949ad569e64a0cd1eba5c481fe7b11ed,60.149,24.9843,00000000fffb8cf0,13.75
271,2019-08-03T13:06:00Z,91144a5a1596db8a45ab7df83297ccdf0e38a25cc67ace3753b742d3,60.17065,24.93641,000000000f4919c9,2.8
272,2019-08-03T13:06:00Z,91df74825b36b7c2a7ac9da65df4eccb63005c8664ee2235a08e3c23,60.14699,24.922,00000000a53ed894,25.36
273,2019-08-03T13:06:00Z,9305adec82ca33ac9e72834ac61aee0759b729edad70efa64c9703f9,60.14947,24.91438,000000004ef3150d,8.38
274,2019-08-03T13:06:00Z,93624ef1e81493aaa0e71f6e5b77eb22bcaab79af7bece86fd806a33,60.16762,24.95415,000000006b44cce7,10.78
275,2019-08-03T13:06:00Z,94140d36afeb1206462aab0bf2ee7c25cbe2458a34fe055b83c69c90,60.1638,24.96846,00000000d747f075,17.4
276,2019-08-03T13:06:00Z,9476a1c9cf9be5176b13dac3048eb951c224117189079ff230ec0205,60.16762,24.95415,000000006b44cce7,12.69
277,2019-08-03T13:06:00Z,95b1dd77278d103c9885bac99cb2c4378b3ae951868e0cb520d0d566,60.16629,24.95957,00000000fb7600be,21.87
278,2019-08-03T13:06:00Z,962776e0f6f4d3aea52ffd986d2337710eba1911dd92ff42df5340dc,60.16897,24.95222,00000000aa852af1,16.1
279,2019-08-03T13:06:00Z,96b1c5df1f40674e3134ee176ee2a7688c3f09c74660a752e2c9e013,60.16762,24.95415,000000006b44cce7,11.7
280,2019-08-03T13:06:00Z,98b29ff5444194e17155745d50c338cba4522079d2c9281ec943df59,60.17002,24.94407,000000006b087f40,23.56
281,2019-08-03T13:06:00Z,98c7e4ed761fa2fc3c74023ea2c57aea5a0883b0de8b5018557a9d64,60.16544,24.95398,0000000038d83d41,20.28
282,2019-08-03T13:06:00Z,990902b6a68f8489246c9243cceb3338eed9ea3ed4fb0b3e80e8dafd,60.15432,24.9211,0000000019fb59c4,3.74
283,2019-08-03T13:06:00Z,9cdfe621431c4f8d87c2faeb788350cffc583800023ca5ef98e98920,60.16531,24.9442,00000000fdda10fe,3.09
284,2019-08-03T13:06:00Z,9e14a9c0121ef595c4917e91dde5c8509ec0c8bd1c12f45096482413,60.15432,24.9211,0000000019fb59c4,16.1
285,2019-08-03T13:06:00Z,9e6e2299675fd3c0ccdd14347ce913ba8b9577aa1295e68152823a21,60.16829,24.94214,00000000afef4555,3.09
286,2019-08-03T13:06:00Z,9f57ef6f3e5f591696d6e3416aa8c5b5bfda9fbe8c5f230262601b5b,60.17918,24.95141,00000000675d5200,10.78
287,2019-08-03T13:06:00Z,a03906d919d4c23cf9ee892f5f2b2d52d858cfea34b36fb64216d8cb,60.14699,24.922,00000000a53ed894,25.36
288,2019-08-03T13:06:00Z,a274bca262c127dd28f9b9a9e2af8f07a53cb5618b7aed56fd8af8f6,60.17918,24.95141,00000000675d5200,7.69
289,2019-08-03T13:06:00Z,a37521e33e50f87aae6bef2e519c1e807c1d8e24ae8a9f6b524d310c,60.16762,24.95415,000000006b44cce7,20.28
290,2019-08-03T13:06:00Z,a5eb8a66c471fea2f635f58a062b651cb8543f66a4cbd301f23781c1,60.16531,24.9442,00000000fdda10fe,5.91
291,2019-08-03T13:06:00Z,a67ee3a25f1f0fbafbdf084c01593f60d22c3fb83aee3565e74a8c7f,60.17002,24.94407,000000006b087f40,29.32
292,2019-08-03T13:06:00Z,a6c413e33b9e9657675f00dce8b286312b34a738dc6ea98cd7b55feb,60.16829,24.94214,00000000afef4555,4.11
293,2019-08-03T13:06:00Z,a6e82d1db226f07cd2932a84df885ef343ad97544deffcf69e12dacf,60.149,24.9843,00000000fffb8cf0,16.1
294,2019-08-03T13:06:00Z,a8286998513ff40e6ef18f6c72c04fb9c52112cf494e85e1c39d9e12,60.16544,24.95398,0000000038d83d41,20.28
295,2019-08-03T13:06:00Z,a9057a82f826ae16aaaa43fcbbf766c6dd6985b97d22f6c635ec40f3,60.16829,24.94214,00000000afef4555,5.91
296,2019-08-03T13:06:00Z,ab51f63e6d8eab4b01c5d5423e627231ec2cc400b5c35b9edb547a31,60.16829,24.94214,00000000afef4555,5.41
297,2019-08-03T13:06:00Z,ab5cf56a7d2bbfe3437b54800a6c6d456d14a5e6ded22226c2e21aeb,60.16762,24.95415,000000006b44cce7,20.28
298,2019-08-03T13:06:00Z,addebb5c11f278a247b40656614c4136e8c7cba3da737faba148e561,60.1638,24.96846,00000000d747f075,31.5
299,2019-08-03T13:06:00Z,ae2c9aee3556a0e2a6395008b63c18889a4b89ede625196c0c0a4ef0,60.14699,24.922,00000000a53ed894,16.1
300,2019-08-03T13:06:00Z,aee2b367719dc26189b29fbe1674eba0c15e3aafe5264d97a0465df8,60.16448,24.97323,0000000053c6c2be,12.69
301,2019-08-03T13:06:00Z,b0028cbb1f9c158cbc082b08829f78bbc58df56a105103112fcd4733,60.16897,24.95222,00000000aa852af1,17.4
302,2019-08-03T13:06:00Z,b027f4dbca98ae7928c8cb5fef69ae434bb89dd5a4d20ee3127a2446,60.14699,24.922,00000000a53ed894,10.78
303,2019-08-03T13:06:00Z,b26a4e009ecab63d19f937ab76903dd1fbfedcea0e92e62c618fc06e,60.17002,24.94407,000000006b087f40,33.81
304,2019-08-03T13:06:00Z,b27a7c7bd61419208eaf6efa277b34c3ac0f67ca1c0f62c8769f6c8d,60.16897,24.95222,00000000aa852af1,20.28
305,2019-08-03T13:06:00Z,b33e03f8ccdc66a9023a6e4245b015ac77ad8db5049c3902aa13c404,60.16762,24.95415,000000006b44cce7,13.75
306,2019-08-03T13:06:00Z,b400d6e0a936908c9a6a751f231fa4d773d1581408e5ea9a73f8af98,60.16829,24.94214,00000000afef4555,10.78
307,2019-08-03T13:06:00Z,b47636757608bab69e26ab217e08d4b19aa01442495f8956fb9d8ab2,60.16897,24.95222,00000000aa852af1,25.36
308,2019-08-03T13:06:00Z,b50397c681fd98add473280b02d4797b78c5b7384a8673f5e608f4be,60.16829,24.94214,00000000afef4555,9.12
309,2019-08-03T13:06:00Z,b57bbe8a813ca98b14037974890e9252c0601935c0487bf95d81afc2,60.15432,24.9211,0000000019fb59c4,4.94
310,2019-08-03T13:06:00Z,b58ef9aa675b1dd36a0efd601c44597ac7ee4189cd074b5831d35fac,60.16897,24.95222,00000000aa852af1,11.7
311,2019-08-03T13:06:00Z,b5f101e4cbd65e029e609e91e1da00e89122fe0d1cc7fa5c38acfecb,60.16829,24.94214,00000000afef4555,17.4
312,2019-08-03T13:06:00Z,b70be811e114ecdacedd14283b52c52d4f8921cb513a2816ef19e78c,60.16897,24.95222,00000000aa852af1,14.89
313,2019-08-03T13:06:00Z,b84dee2100337bf367177bcd12b69660db6800c27f65ffafe564ea62,60.16829,24.94214,00000000afef4555,8.38
314,2019-08-03T13:06:00Z,b87ccaa1f8b7297b37397ea3ebb9f6927eb3d12db532727a1e470103,60.14699,24.922,00000000a53ed894,14.89
315,2019-08-03T13:06:00Z,b9193b4778c13921803df0787c57c96831859ba3e96f41b5cebc2010,60.16762,24.95415,000000006b44cce7,16.1
316,2019-08-03T13:06:00Z,b91a609c66eddcb215e478d18502b615264e9b0c22caddf161c1e73e,60.14699,24.922,00000000a53ed894,7.69
317,2019-08-03T13:06:00Z,bb21e136bf3e7faedbf2f84036c9ead02c8464e5eac49e6fda4d1bcb,60.16544,24.95398,0000000038d83d41,18.79
318,2019-08-03T13:06:00Z,bb6f73d1ba22c13f134a82c94e4fc2c3f86bbd78e5d00a3a0c06cc75,60.173,24.92524,0000000096918cfa,16.1
319,2019-08-03T13:06:00Z,bb7e0988fa031896e378b44698d12033a550862e0f7776c5cf77e1be,60.16762,24.95415,000000006b44cce7,20.28
320,2019-08-03T13:06:00Z,bcd2cd52f66702ef4483f61a2b38ac6ad15a996591118c31d329d9bc,60.14699,24.922,00000000a53ed894,12.69
321,2019-08-03T13:06:00Z,bebe533895aa9aeb8b5223d0f0f1058bb20609748ba60e49f961ca8a,60.16762,24.95415,000000006b44cce7,8.38
322,2019-08-03T13:06:00Z,bf3e10916badde9fc7dd9c6120f81de6d30769b4f70d7fcf0869a528,60.16829,24.94214,00000000afef4555,21.87
323,2019-08-03T13:06:00Z,c025ada49fd44f4288aaff53e78ae5e506833f243811afb372115b90,60.16762,24.95415,000000006b44cce7,11.7
324,2019-08-03T13:06:00Z,c0a0ca3433586ed2ae0e448f2406fabac7292ac79d49562e0bd5cef8,60.16762,24.95415,000000006b44cce7,14.89
325,2019-08-03T13:06:00Z,c13c6e91c50115599dffe4b495b37a9ce01531d078f830540d5f393d,60.14699,24.922,00000000a53ed894,11.7
326,2019-08-03T13:06:00Z,c21c07bd74dd27a6a3a791636d50f1dbc3c8745d53aeb928d250b794,60.14699,24.922,00000000a53ed894,13.75
327,2019-08-03T13:06:00Z,c41f44a33fe099a911be87465f8266bd1cc659605cfe21dbbf08735d,60.16544,24.95398,0000000038d83d41,17.4
