,time,hash,latitude,longitude,serial,distance
0,2019-08-04T22:07:00Z,002609eccfa6482109fb43966e0153bf6f371425cf715e49925348dd,60.14699,24.922,00000000a53ed894,27.28
1,2019-08-04T22:07:00Z,14c7e1511b70f4dd3359cbece1377aebb4d70531f5489eefe53d7c3c,60.16544,24.95398,0000000038d83d41,23.56
2,2019-08-04T22:07:00Z,18a7cc18e342213704ea064466030587974195a1405c322d3118dcf3,60.14699,24.922,00000000a53ed894,20.28
3,2019-08-04T22:07:00Z,22acbe5bc5ac259066767fb3804973b3ba881999f2c499b05247f06d,60.14951,24.92138,0000000006dd41f6,10.78
4,2019-08-04T22:07:00Z,25a7ff811c3c06e426c7c2cbb0433d9a2a3399b23afecbd35584ab0f,60.18203,24.91341,00000000342570c2,12.69
5,2019-08-04T22:07:00Z,297c725b456ef12d2712634b21546721cbe93224d3a5762d897404f2,60.16762,24.95415,000000006b44cce7,10.78
6,2019-08-04T22:07:00Z,2c7cb33a1d5aeed6b1f2e9731589deaaeaa1f23489d56c14fa34eac1,60.14951,24.92138,0000000006dd41f6,18.79
7,2019-08-04T22:07:00Z,3763dbba0710e5f35aae6c2f5043debbfd529b4c513eebb4875c2c46,60.16762,24.95415,000000006b44cce7,23.56
8,2019-08-04T22:07:00Z,3944bc7a301be7241d1f7bc4a97f221000d535ce3d8a9af9af9b23b5,60.16531,24.9442,00000000fdda10fe,29.32
9,2019-08-04T22:07:00Z,43b676ed3aef4c2d8846694817e76117873be52e7f788e0cb366c1c4,60.16629,24.95957,00000000fb7600be,29.32
10,2019-08-04T22:07:00Z,5bbb5184fded3e51bc78e45e39917794285e6bbc72da404802a9599a,60.16531,24.9442,00000000fdda10fe,20.28
11,2019-08-04T22:07:00Z,5d65719c4cbf045f068d084b72302f447d5fd034413d97d13be00d0e,60.18203,24.91341,00000000342570c2,16.1
12,2019-08-04T22:07:00Z,5eed115a984d490b02b602d73787aee8dc8c4e9365b77fbff3818a76,60.16629,24.95957,00000000fb7600be,23.56
13,2019-08-04T22:07:00Z,6066632ddc94b5c482a2d4f45ed2532e55e3fd63e414a084a596a737,60.16762,24.95415,000000006b44cce7,21.87
14,2019-08-04T22:07:00Z,66dabd3229229330d23c70e9e1737429ddfe69db01f4a6a00f70fa20,60.16762,24.95415,000000006b44cce7,21.87
15,2019-08-04T22:07:00Z,6f06341f358e61699fe1e55e986dd0554bc8da28b91daf0c5ad99db6,60.16629,24.95957,00000000fb7600be,20.28
16,2019-08-04T22:07:00Z,6ff437688c444238352c28f64f9d2a7d0f14d19c9ea42c225380501e,60.16762,24.95415,000000006b44cce7,17.4
17,2019-08-04T22:07:00Z,7876e65f126121713ab8aded48e44b64ad5dd53b4c6e52536c374874,60.14951,24.92138,0000000006dd41f6,21.87
18,2019-08-04T22:07:00Z,79f136afa0dd8717337c01c70b457c464aaf0fa25b440f51a394ec23,60.16762,24.95415,000000006b44cce7,23.56
19,2019-08-04T22:07:00Z,7a3db40d91e137d1381ac690a78039878e0baa317ed9a7cd6882df27,60.16762,24.95415,000000006b44cce7,27.28
20,2019-08-04T22:07:00Z,7b0161728235a5ae8ab965ad670c34d640fdd76aa238943cc640c875,60.17002,24.94407,000000006b087f40,25.36
21,2019-08-04T22:07:00Z,7df8ec5a88dc8a3821619187191a17a27cf3e1d8ca54bbf372e28bbf,60.16829,24.94214,00000000afef4555,27.28
22,2019-08-04T22:07:00Z,87dfaad29a9276ddddb1fa021d3bc23ad14824c1af16f7d87e713689,60.14951,24.92138,0000000006dd41f6,9.12
23,2019-08-04T22:07:00Z,89982a6acf91b79a282a6b63978e946ee205f303fcd20e944e06baf0,60.16544,24.95398,0000000038d83d41,20.28
24,2019-08-04T22:07:00Z,8c75c3289c84fe4493e1e272a77b615fe1985880c5dc68a7c1a17b53,60.16762,24.95415,000000006b44cce7,13.75
25,2019-08-04T22:07:00Z,9843c6216661048343a0e49cf3d8aa2883cf77f452666a1c873a1052,60.16448,24.97323,0000000053c6c2be,18.79
26,2019-08-04T22:07:00Z,a91d379a4b57c5df22db0d7a041ff69f657b4b31f28554b1011fc03c,60.16544,24.95398,0000000038d83d41,33.81
27,2019-08-04T22:07:00Z,af39edf2bb940054e6f0ba41fbd2dda73c80369a5559082bdc868dc6,60.1538,24.95595,0000000038bf9618,21.87
28,2019-08-04T22:07:00Z,b3b17bf82f820d254d30fe39c17e00651c61c59dddae585cd8b918c0,60.1538,24.95595,0000000038bf9618,29.32
29,2019-08-04T22:07:00Z,b5fd6b317890e5ab2d79e2cd1abe61626d45a753c7337d0d40728898,60.16762,24.95415,000000006b44cce7,9.92
30,2019-08-04T22:07:00Z,b7ccc36366d34cdd80f5c1a2407ed073a7662e52824439003817e391,60.17002,24.94407,000000006b087f40,25.36
31,2019-08-04T22:07:00Z,cf05623e4d87ce0906c0b0b7dbf53aacc1228016cd27c341228b6e76,60.18203,24.91341,00000000342570c2,18.79
32,2019-08-04T22:07:00Z,d3e91adcec5f28b9b7492fe3fdc2bd7259928d9c4b69097877335c18,60.16762,24.95415,000000006b44cce7,27.28
33,2019-08-04T22:07:00Z,d723dbb4c28e8fa58a2b3998f7c15760553bbf7838fd86c170c882ae,60.17002,24.94407,000000006b087f40,17.4
34,2019-08-04T22:07:00Z,ed70dda6b7faebd4340dacdb452ab224d9d3c308df417b7fa76f54e8,60.14951,24.92138,0000000006dd41f6,23.56
35,2019-08-04T22:07:00Z,f088630d7476dae7d4b7e2bb1f10575f2c89acb4b6e061f3d57c2b40,60.16531,24.9442,00000000fdda10fe,23.56
36,2019-08-04T22:07:00Z,fc4f3a44235f1cfc7b53f14ba2da599976a5a0a220d23b852688e485,60.17918,24.95141,00000000675d5200,23.56
37,2019-08-04T22:07:00Z,ff27e3a9af8f0e98635eb22fa40f53c8ba8452eb24bf16bc715508ea,60.16531,24.9442,00000000fdda10fe,31.5
38,2019-08-04T22:07:00Z,11b17dbbffbd9e629c3439705ef14761e73fbd28c1a2e6af45c2081f,60.17918,24.95141,00000000675d5200,7.05
39,2019-08-04T22:07:00Z,174b45e2d7006d3bb46978ae867fb043281bd3e3a4bb7e2ebdc33903,60.14951,24.92138,0000000006dd41f6,33.81
40,2019-08-04T22:07:00Z,254e9b9512b6f350eb6e5125230f382e9434169d73cf0cd709d9d9f7,60.16531,24.9442,00000000fdda10fe,7.69
41,2019-08-04T22:07:00Z,25b9a688fda1515f9ff250d01f89c4491af81e3721b9b2348d88d2e3,60.16762,24.95415,000000006b44cce7,29.32
42,2019-08-04T22:07:00Z,25e5c752e3953d2785209d418e112d85ff1fa3e2e9b94214ffbbedc5,60.16762,24.95415,000000006b44cce7,5.91
43,2019-08-04T22:07:00Z,27dbb9a68a5fa889b910d7b70892c3f942e35c5e4fd3ce3f1bea5a63,60.16629,24.95957,00000000fb7600be,27.28
44,2019-08-04T22:07:00Z,29625992dd8e4f96fecd32e042ded33222d1f7b09aaa013f6d5f77ba,60.16629,24.95957,00000000fb7600be,33.81
45,2019-08-04T22:07:00Z,2c52a0350f43eb2989b1ccb5d1b5d020b4cf2bbc3ff401470a005544,60.16629,24.95957,00000000fb7600be,20.28
46,2019-08-04T22:07:00Z,3c99b242bd7ead725d3a27a7207144e89bf261e6548c07e1251be78c,60.14699,24.922,00000000a53ed894,25.36
47,2019-08-04T22:07:00Z,435ef54c685df981f0b2ff02ae35a5a3f7796a10ec5abf0f67251258,60.16897,24.95222,00000000aa852af1,29.32
48,2019-08-04T22:07:00Z,4759c7c42918275f133b76999e74c03bf0fcc912a9f82411a2faa7b4,60.16762,24.95415,000000006b44cce7,25.36
49,2019-08-04T22:07:00Z,5074fabf826e7ee1a0398ffa5881f75d0cc6496cc7359f1c6baebae8,60.17002,24.94407,000000006b087f40,12.69
50,2019-08-04T22:07:00Z,584cb0b0cdd14e608c8b57c8aecc9826f9b40027e365e2438a444ea2,60.16762,24.95415,000000006b44cce7,13.75
51,2019-08-04T22:07:00Z,586b1c1ec8effd07011c0ca2b947dc802c0b2d41ef531f9a2b5f655a,60.16762,24.95415,000000006b44cce7,12.69
52,2019-08-04T22:07:00Z,5c85f9f5aa9a6ee3384594a8440449715d329e2ccc5d3c8f62780498,60.149,24.9843,00000000fffb8cf0,23.56
53,2019-08-04T22:07:00Z,637444cccbc28160d6b34e9f414caeac4ace95d16ac6c068c9762759,60.14699,24.922,00000000a53ed894,18.79
54,2019-08-04T22:07:00Z,6a95a0a18abd7476d1af32fdf896556b667a6227dd2f248ce8ff5baa,60.17918,24.95141,00000000675d5200,20.28
55,2019-08-04T22:07:00Z,6d33d3b27d873b2fd6f6864351f19da5ba4f9e75d2cce75d252ed5cb,60.17002,24.94407,000000006b087f40,31.5
56,2019-08-04T22:07:00Z,721660bc852c6c9f982ee6fefecb27c459374740396425b2b34494f8,60.14947,24.91438,000000004ef3150d,25.36
57,2019-08-04T22:07:00Z,7d8e2f6035d9b4fdd8464042ba2fb085fcf5e668f74e6bb8accb64a1,60.16762,24.95415,000000006b44cce7,11.7
58,2019-08-04T22:07:00Z,93a7584ca989831ce06dbc7d4de241c137dbe5b4eb96d33b164b8f36,60.16897,24.95222,00000000aa852af1,31.5
59,2019-08-04T22:07:00Z,9d5ba6e8d46014b4537b4004a85e5038742346e69ee285069b5064c2,60.14947,24.91438,000000004ef3150d,8.38
60,2019-08-04T22:07:00Z,b1f4830488f075a2e6f6929b6c9e259e84b67b3319d1d72b7950768a,60.17002,24.94407,000000006b087f40,18.79
61,2019-08-04T22:07:00Z,baec6aedb40e2257110f235595cfb11eca347a620bae8e1e420e70cd,60.14947,24.91438,000000004ef3150d,10.78
62,2019-08-04T22:07:00Z,bc07df8cc395f6f4f5d483b2233caca5f93a6918f346e4cc3702f8cc,60.16531,24.9442,00000000fdda10fe,7.69
63,2019-08-04T22:07:00Z,c0a0ca3433586ed2ae0e448f2406fabac7292ac79d49562e0bd5cef8,60.16762,24.95415,000000006b44cce7,16.1
64,2019-08-04T22:07:00Z,d32606c784beb6014818077b6de2083ab49cab81fd4acdaaffad97dd,60.16762,24.95415,000000006b44cce7,2.3
65,2019-08-04T22:07:00Z,e146a005895fb34bd6ba171e992a110e3768e607872add67faa900fa,60.16762,24.95415,000000006b44cce7,13.75
66,2019-08-04T22:07:00Z,e98a78f8f8e9b7edca2c7a9ce559bfc536e1f88278db39f445fef056,60.16762,24.95415,000000006b44cce7,21.87
67,2019-08-04T22:07:00Z,f37202370b76b03b8fdd6afa430d11ec798e26acf89b3341d9bc6bcd,60.16762,24.95415,000000006b44cce7,20.28
68,2019-08-04T22:07:00Z,fbf4a4c385e7e0f21aab5dc0e4065b17758bbef7901be65b6bd4c72b,60.16897,24.95222,00000000aa852af1,25.36
69,2019-08-04T22:07:01Z,002609eccfa6482109fb43966e0153bf6f371425cf715e49925348dd,60.14699,24.922,00000000a53ed894,23.56
70,2019-08-04T22:07:01Z,14c7e1511b70f4dd3359cbece1377aebb4d70531f5489eefe53d7c3c,60.16544,24.95398,0000000038d83d41,23.56
71,2019-08-04T22:07:01Z,165ebbb4090d47319ae370f0d0854fdc1f6b79499f8b2e4d3c3533c0,60.16544,24.95398,0000000038d83d41,29.32
72,2019-08-04T22:07:01Z,18a7cc18e342213704ea064466030587974195a1405c322d3118dcf3,60.14699,24.922,00000000a53ed894,18.79
73,2019-08-04T22:07:01Z,22acbe5bc5ac259066767fb3804973b3ba881999f2c499b05247f06d,60.14951,24.92138,0000000006dd41f6,20.28
74,2019-08-04T22:07:01Z,25a7ff811c3c06e426c7c2cbb0433d9a2a3399b23afecbd35584ab0f,60.18203,24.91341,00000000342570c2,13.75
75,2019-08-04T22:07:01Z,297c725b456ef12d2712634b21546721cbe93224d3a5762d897404f2,60.16762,24.95415,000000006b44cce7,11.7
76,2019-08-04T22:07:01Z,2c7cb33a1d5aeed6b1f2e9731589deaaeaa1f23489d56c14fa34eac1,60.14951,24.92138,0000000006dd41f6,17.4
77,2019-08-04T22:07:01Z,3763dbba0710e5f35aae6c2f5043debbfd529b4c513eebb4875c2c46,60.16762,24.95415,000000006b44cce7,23.56
78,2019-08-04T22:07:01Z,3944bc7a301be7241d1f7bc4a97f221000d535ce3d8a9af9af9b23b5,60.16531,24.9442,00000000fdda10fe,21.87
79,2019-08-04T22:07:01Z,43b676ed3aef4c2d8846694817e76117873be52e7f788e0cb366c1c4,60.16629,24.95957,00000000fb7600be,25.36
80,2019-08-04T22:07:01Z,53c1c1427251d1eb968d4b476743d1f8c69aaa08cdc4198c6dc1f1f2,60.17002,24.94407,000000006b087f40,25.36
81,2019-08-04T22:07:01Z,5bbb5184fded3e51bc78e45e39917794285e6bbc72da404802a9599a,60.16531,24.9442,00000000fdda10fe,20.28
82,2019-08-04T22:07:01Z,5d65719c4cbf045f068d084b72302f447d5fd034413d97d13be00d0e,60.18203,24.91341,00000000342570c2,18.79
83,2019-08-04T22:07:01Z,5eed115a984d490b02b602d73787aee8dc8c4e9365b77fbff3818a76,60.16629,24.95957,00000000fb7600be,25.36
84,2019-08-04T22:07:01Z,6066632ddc94b5c482a2d4f45ed2532e55e3fd63e414a084a596a737,60.16762,24.95415,000000006b44cce7,17.4
85,2019-08-04T22:07:01Z,66dabd3229229330d23c70e9e1737429ddfe69db01f4a6a00f70fa20,60.16762,24.95415,000000006b44cce7,21.87
86,2019-08-04T22:07:01Z,6f06341f358e61699fe1e55e986dd0554bc8da28b91daf0c5ad99db6,60.16629,24.95957,00000000fb7600be,20.28
87,2019-08-04T22:07:01Z,6ff437688c444238352c28f64f9d2a7d0f14d19c9ea42c225380501e,60.16762,24.95415,000000006b44cce7,20.28
88,2019-08-04T22:07:01Z,747f2d1ebff218c0ebbdc0fdaef4cbe56633dfb46ae1b1f8c8142201,60.16762,24.95415,000000006b44cce7,21.87
89,2019-08-04T22:07:01Z,7876e65f126121713ab8aded48e44b64ad5dd53b4c6e52536c374874,60.14951,24.92138,0000000006dd41f6,21.87
90,2019-08-04T22:07:01Z,79f136afa0dd8717337c01c70b457c464aaf0fa25b440f51a394ec23,60.16762,24.95415,000000006b44cce7,23.56
91,2019-08-04T22:07:01Z,87dfaad29a9276ddddb1fa021d3bc23ad14824c1af16f7d87e713689,60.14951,24.92138,0000000006dd41f6,11.7
92,2019-08-04T22:07:01Z,89982a6acf91b79a282a6b63978e946ee205f303fcd20e944e06baf0,60.16544,24.95398,0000000038d83d41,27.28
93,2019-08-04T22:07:01Z,8c75c3289c84fe4493e1e272a77b615fe1985880c5dc68a7c1a17b53,60.16762,24.95415,000000006b44cce7,17.4
94,2019-08-04T22:07:01Z,9843c6216661048343a0e49cf3d8aa2883cf77f452666a1c873a1052,60.16448,24.97323,0000000053c6c2be,17.4
95,2019-08-04T22:07:01Z,a91d379a4b57c5df22db0d7a041ff69f657b4b31f28554b1011fc03c,60.16544,24.95398,0000000038d83d41,29.32
96,2019-08-04T22:07:01Z,af39edf2bb940054e6f0ba41fbd2dda73c80369a5559082bdc868dc6,60.1538,24.95595,0000000038bf9618,23.56
97,2019-08-04T22:07:01Z,b33ae7715d6d2571066655c2c8954a5a364b5601869047de83410d9f,60.16629,24.95957,00000000fb7600be,25.36
98,2019-08-04T22:07:01Z,b3b17bf82f820d254d30fe39c17e00651c61c59dddae585cd8b918c0,60.1538,24.95595,0000000038bf9618,25.36
99,2019-08-04T22:07:01Z,b5fd6b317890e5ab2d79e2cd1abe61626d45a753c7337d0d40728898,60.16762,24.95415,000000006b44cce7,9.12
100,2019-08-04T22:07:01Z,b7ccc36366d34cdd80f5c1a2407ed073a7662e52824439003817e391,60.17002,24.94407,000000006b087f40,20.28
101,2019-08-04T22:07:01Z,cf05623e4d87ce0906c0b0b7dbf53aacc1228016cd27c341228b6e76,60.18203,24.91341,00000000342570c2,18.79
102,2019-08-04T22:07:01Z,d723dbb4c28e8fa58a2b3998f7c15760553bbf7838fd86c170c882ae,60.17002,24.94407,000000006b087f40,20.28
103,2019-08-04T22:07:01Z,f088630d7476dae7d4b7e2bb1f10575f2c89acb4b6e061f3d57c2b40,60.16531,24.9442,00000000fdda10fe,20.28
104,2019-08-04T22:07:01Z,fc4f3a44235f1cfc7b53f14ba2da599976a5a0a220d23b852688e485,60.17918,24.95141,00000000675d5200,27.28
105,2019-08-04T22:07:01Z,11b17dbbffbd9e629c3439705ef14761e73fbd28c1a2e6af45c2081f,60.17918,24.95141,00000000675d5200,7.05
106,2019-08-04T22:07:01Z,254e9b9512b6f350eb6e5125230f382e9434169d73cf0cd709d9d9f7,60.16531,24.9442,00000000fdda10fe,7.69
107,2019-08-04T22:07:01Z,25b9a688fda1515f9ff250d01f89c4491af81e3721b9b2348d88d2e3,60.16762,24.95415,000000006b44cce7,21.87
108,2019-08-04T22:07:01Z,25e5c752e3953d2785209d418e112d85ff1fa3e2e9b94214ffbbedc5,60.16762,24.95415,000000006b44cce7,4.11
109,2019-08-04T22:07:01Z,29625992dd8e4f96fecd32e042ded33222d1f7b09aaa013f6d5f77ba,60.16629,24.95957,00000000fb7600be,23.56
110,2019-08-04T22:07:01Z,2c52a0350f43eb2989b1ccb5d1b5d020b4cf2bbc3ff401470a005544,60.16629,24.95957,00000000fb7600be,18.79
111,2019-08-04T22:07:01Z,3c99b242bd7ead725d3a27a7207144e89bf261e6548c07e1251be78c,60.14699,24.922,00000000a53ed894,25.36
112,2019-08-04T22:07:01Z,4d3eae1e3099754c5ebba1b8ba25c78f4fb6ce656cc734f536e7c7ac,60.16448,24.97323,0000000053c6c2be,29.32
113,2019-08-04T22:07:01Z,5074fabf826e7ee1a0398ffa5881f75d0cc6496cc7359f1c6baebae8,60.17002,24.94407,000000006b087f40,27.28
114,2019-08-04T22:07:01Z,584cb0b0cdd14e608c8b57c8aecc9826f9b40027e365e2438a444ea2,60.16762,24.95415,000000006b44cce7,11.7
115,2019-08-04T22:07:01Z,586b1c1ec8effd07011c0ca2b947dc802c0b2d41ef531f9a2b5f655a,60.16762,24.95415,000000006b44cce7,16.1
116,2019-08-04T22:07:01Z,5c85f9f5aa9a6ee3384594a8440449715d329e2ccc5d3c8f62780498,60.149,24.9843,00000000fffb8cf0,27.28
117,2019-08-04T22:07:01Z,6a95a0a18abd7476d1af32fdf896556b667a6227dd2f248ce8ff5baa,60.17918,24.95141,00000000675d5200,21.87
118,2019-08-04T22:07:01Z,721660bc852c6c9f982ee6fefecb27c459374740396425b2b34494f8,60.14947,24.91438,000000004ef3150d,25.36
119,2019-08-04T22:07:01Z,7d8e2f6035d9b4fdd8464042ba2fb085fcf5e668f74e6bb8accb64a1,60.16762,24.95415,000000006b44cce7,13.75
120,2019-08-04T22:07:01Z,9d5ba6e8d46014b4537b4004a85e5038742346e69ee285069b5064c2,60.14947,24.91438,000000004ef3150d,8.38
121,2019-08-04T22:07:01Z,b1f4830488f075a2e6f6929b6c9e259e84b67b3319d1d72b7950768a,60.17002,24.94407,000000006b087f40,17.4
122,2019-08-04T22:07:01Z,baec6aedb40e2257110f235595cfb11eca347a620bae8e1e420e70cd,60.14947,24.91438,000000004ef3150d,5.41
123,2019-08-04T22:07:01Z,bc07df8cc395f6f4f5d483b2233caca5f93a6918f346e4cc3702f8cc,60.16531,24.9442,00000000fdda10fe,9.92
124,2019-08-04T22:07:01Z,c0a0ca3433586ed2ae0e448f2406fabac7292ac79d49562e0bd5cef8,60.16762,24.95415,000000006b44cce7,14.89
125,2019-08-04T22:07:01Z,d34c850da5ed92f6e3da58b4c4229da71048c138c9750277cad73a87,60.14951,24.92138,0000000006dd41f6,27.28
126,2019-08-04T22:07:01Z,df6cee57b1b7a34d8978455b1097e29ef0297ed8ccc3d96152f7fa3c,60.16531,24.9442,00000000fdda10fe,44.58
127,2019-08-04T22:07:01Z,e146a005895fb34bd6ba171e992a110e3768e607872add67faa900fa,60.16762,24.95415,000000006b44cce7,12.69
128,2019-08-04T22:07:01Z,f1f4b0d2b1149cc2be7cfad7b0eed98727d7dfb7c24f818dd8b15fc2,60.16762,24.95415,000000006b44cce7,12.69
129,2019-08-04T22:07:01Z,f37202370b76b03b8fdd6afa430d11ec798e26acf89b3341d9bc6bcd,60.16762,24.95415,000000006b44cce7,25.36
130,2019-08-04T22:07:01Z,f9399339c3de44774896319d3f291771cebcaf2666df1d6062469882,60.16531,24.9442,00000000fdda10fe,29.32
131,2019-08-04T22:07:02Z,002609eccfa6482109fb43966e0153bf6f371425cf715e49925348dd,60.14699,24.922,00000000a53ed894,17.4
132,2019-08-04T22:07:02Z,14c7e1511b70f4dd3359cbece1377aebb4d70531f5489eefe53d7c3c,60.16544,24.95398,0000000038d83d41,25.36
133,2019-08-04T22:07:02Z,165ebbb4090d47319ae370f0d0854fdc1f6b79499f8b2e4d3c3533c0,60.16544,24.95398,0000000038d83d41,25.36
134,2019-08-04T22:07:02Z,18a7cc18e342213704ea064466030587974195a1405c322d3118dcf3,60.14699,24.922,00000000a53ed894,13.75
135,2019-08-04T22:07:02Z,22acbe5bc5ac259066767fb3804973b3ba881999f2c499b05247f06d,60.14951,24.92138,0000000006dd41f6,10.78
136,2019-08-04T22:07:02Z,25a7ff811c3c06e426c7c2cbb0433d9a2a3399b23afecbd35584ab0f,60.18203,24.91341,00000000342570c2,9.92
137,2019-08-04T22:07:02Z,297c725b456ef12d2712634b21546721cbe93224d3a5762d897404f2,60.16762,24.95415,000000006b44cce7,9.12
138,2019-08-04T22:07:02Z,2c7cb33a1d5aeed6b1f2e9731589deaaeaa1f23489d56c14fa34eac1,60.14951,24.92138,0000000006dd41f6,17.4
139,2019-08-04T22:07:02Z,3763dbba0710e5f35aae6c2f5043debbfd529b4c513eebb4875c2c46,60.16762,24.95415,000000006b44cce7,21.87
140,2019-08-04T22:07:02Z,3944bc7a301be7241d1f7bc4a97f221000d535ce3d8a9af9af9b23b5,60.16531,24.9442,00000000fdda10fe,21.87
141,2019-08-04T22:07:02Z,4317f5904a5e6ae921bf743dd534c803083fd90b15a1245881beeade,60.16897,24.95222,00000000aa852af1,36.27
142,2019-08-04T22:07:02Z,43b676ed3aef4c2d8846694817e76117873be52e7f788e0cb366c1c4,60.16629,24.95957,00000000fb7600be,29.32
143,2019-08-04T22:07:02Z,5bbb5184fded3e51bc78e45e39917794285e6bbc72da404802a9599a,60.16531,24.9442,00000000fdda10fe,21.87
144,2019-08-04T22:07:02Z,5d65719c4cbf045f068d084b72302f447d5fd034413d97d13be00d0e,60.18203,24.91341,00000000342570c2,18.79
145,2019-08-04T22:07:02Z,5eed115a984d490b02b602d73787aee8dc8c4e9365b77fbff3818a76,60.16629,24.95957,00000000fb7600be,23.56
146,2019-08-04T22:07:02Z,6066632ddc94b5c482a2d4f45ed2532e55e3fd63e414a084a596a737,60.16762,24.95415,000000006b44cce7,20.28
147,2019-08-04T22:07:02Z,66dabd3229229330d23c70e9e1737429ddfe69db01f4a6a00f70fa20,60.16762,24.95415,000000006b44cce7,29.32
148,2019-08-04T22:07:02Z,6f06341f358e61699fe1e55e986dd0554bc8da28b91daf0c5ad99db6,60.16629,24.95957,00000000fb7600be,25.36
149,2019-08-04T22:07:02Z,6ff437688c444238352c28f64f9d2a7d0f14d19c9ea42c225380501e,60.16762,24.95415,000000006b44cce7,20.28
150,2019-08-04T22:07:02Z,747f2d1ebff218c0ebbdc0fdaef4cbe56633dfb46ae1b1f8c8142201,60.16762,24.95415,000000006b44cce7,13.75
151,2019-08-04T22:07:02Z,77839e655f856d5295739c2388237a95b399c3b8a4f659cd1345d939,60.16829,24.94214,00000000afef4555,33.81
152,2019-08-04T22:07:02Z,79f136afa0dd8717337c01c70b457c464aaf0fa25b440f51a394ec23,60.16762,24.95415,000000006b44cce7,23.56
153,2019-08-04T22:07:02Z,7a3db40d91e137d1381ac690a78039878e0baa317ed9a7cd6882df27,60.16762,24.95415,000000006b44cce7,23.56
154,2019-08-04T22:07:02Z,87dfaad29a9276ddddb1fa021d3bc23ad14824c1af16f7d87e713689,60.14951,24.92138,0000000006dd41f6,9.12
155,2019-08-04T22:07:02Z,89982a6acf91b79a282a6b63978e946ee205f303fcd20e944e06baf0,60.16544,24.95398,0000000038d83d41,20.28
156,2019-08-04T22:07:02Z,8b0535dd90c15c8fd1b256e7a48369741b0fe9d58f8f05f6e46134b7,60.16544,24.95398,0000000038d83d41,27.28
157,2019-08-04T22:07:02Z,8c75c3289c84fe4493e1e272a77b615fe1985880c5dc68a7c1a17b53,60.16762,24.95415,000000006b44cce7,10.78
158,2019-08-04T22:07:02Z,91d3b80de4439a4a49ddb8a04d72a0a2ec6c08f351d70232842af567,60.16762,24.95415,000000006b44cce7,21.87
159,2019-08-04T22:07:02Z,9843c6216661048343a0e49cf3d8aa2883cf77f452666a1c873a1052,60.16448,24.97323,0000000053c6c2be,18.79
160,2019-08-04T22:07:02Z,a28ab699dc505d3a0c490fae63a8ebb958574e13f1f64250d91db769,60.16762,24.95415,000000006b44cce7,23.56
161,2019-08-04T22:07:02Z,a91d379a4b57c5df22db0d7a041ff69f657b4b31f28554b1011fc03c,60.16544,24.95398,0000000038d83d41,31.5
162,2019-08-04T22:07:02Z,ae556011c511e79ed2daac915308eebfe8e1f17c56850f7a1fc92ce1,60.14699,24.922,00000000a53ed894,36.27
163,2019-08-04T22:07:02Z,af39edf2bb940054e6f0ba41fbd2dda73c80369a5559082bdc868dc6,60.1538,24.95595,0000000038bf9618,20.28
164,2019-08-04T22:07:02Z,b33ae7715d6d2571066655c2c8954a5a364b5601869047de83410d9f,60.16629,24.95957,00000000fb7600be,25.36
165,2019-08-04T22:07:02Z,b3b17bf82f820d254d30fe39c17e00651c61c59dddae585cd8b918c0,60.1538,24.95595,0000000038bf9618,31.5
166,2019-08-04T22:07:02Z,b5fd6b317890e5ab2d79e2cd1abe61626d45a753c7337d0d40728898,60.16762,24.95415,000000006b44cce7,6.46
167,2019-08-04T22:07:02Z,b7ccc36366d34cdd80f5c1a2407ed073a7662e52824439003817e391,60.17002,24.94407,000000006b087f40,21.87
168,2019-08-04T22:07:02Z,cf05623e4d87ce0906c0b0b7dbf53aacc1228016cd27c341228b6e76,60.18203,24.91341,00000000342570c2,20.28
169,2019-08-04T22:07:02Z,d366aa1925472f34a389921734c1777d6d7c2e812b0f284d78697edf,60.1538,24.95595,0000000038bf9618,41.64
170,2019-08-04T22:07:02Z,d723dbb4c28e8fa58a2b3998f7c15760553bbf7838fd86c170c882ae,60.17002,24.94407,000000006b087f40,20.28
171,2019-08-04T22:07:02Z,f088630d7476dae7d4b7e2bb1f10575f2c89acb4b6e061f3d57c2b40,60.16531,24.9442,00000000fdda10fe,27.28
172,2019-08-04T22:07:02Z,fc4f3a44235f1cfc7b53f14ba2da599976a5a0a220d23b852688e485,60.17919,24.95181,000000007b5207b6,23.56
173,2019-08-04T22:07:02Z,ff27e3a9af8f0e98635eb22fa40f53c8ba8452eb24bf16bc715508ea,60.16531,24.9442,00000000fdda10fe,36.27
174,2019-08-04T22:07:02Z,11b17dbbffbd9e629c3439705ef14761e73fbd28c1a2e6af45c2081f,60.17919,24.95181,000000007b5207b6,18.79
175,2019-08-04T22:07:02Z,1dacfb371d75dd4f90f447aac2a00faad98beb4188a6971c19eb2375,60.16629,24.95957,00000000fb7600be,21.87
176,2019-08-04T22:07:02Z,1faaaeff6423708e06d94b904af4be93e399939fbdfd3b3091dc8bd2,60.15432,24.9211,0000000019fb59c4,16.1
177,2019-08-04T22:07:02Z,254e9b9512b6f350eb6e5125230f382e9434169d73cf0cd709d9d9f7,60.16531,24.9442,00000000fdda10fe,9.92
178,2019-08-04T22:07:02Z,25e5c752e3953d2785209d418e112d85ff1fa3e2e9b94214ffbbedc5,60.16762,24.95415,000000006b44cce7,7.05
179,2019-08-04T22:07:02Z,2c52a0350f43eb2989b1ccb5d1b5d020b4cf2bbc3ff401470a005544,60.16629,24.95957,00000000fb7600be,20.28
180,2019-08-04T22:07:02Z,3c99b242bd7ead725d3a27a7207144e89bf261e6548c07e1251be78c,60.14699,24.922,00000000a53ed894,36.27
181,2019-08-04T22:07:02Z,4d3eae1e3099754c5ebba1b8ba25c78f4fb6ce656cc734f536e7c7ac,60.16448,24.97323,0000000053c6c2be,29.32
182,2019-08-04T22:07:02Z,5074fabf826e7ee1a0398ffa5881f75d0cc6496cc7359f1c6baebae8,60.17002,24.94407,000000006b087f40,16.1
183,2019-08-04T22:07:02Z,584cb0b0cdd14e608c8b57c8aecc9826f9b40027e365e2438a444ea2,60.16762,24.95415,000000006b44cce7,11.7
184,2019-08-04T22:07:02Z,586b1c1ec8effd07011c0ca2b947dc802c0b2d41ef531f9a2b5f655a,60.16762,24.95415,000000006b44cce7,18.79
185,2019-08-04T22:07:02Z,5c3742a11b9d8ef6d9d48be868b4fe3732c84e36bbb64e551eccb2a0,60.15133,24.92329,00000000e8a064a4,25.36
186,2019-08-04T22:07:02Z,5c85f9f5aa9a6ee3384594a8440449715d329e2ccc5d3c8f62780498,60.149,24.9843,00000000fffb8cf0,14.89
187,2019-08-04T22:07:02Z,6a95a0a18abd7476d1af32fdf896556b667a6227dd2f248ce8ff5baa,60.17918,24.95141,00000000675d5200,21.87
188,2019-08-04T22:07:02Z,6d33d3b27d873b2fd6f6864351f19da5ba4f9e75d2cce75d252ed5cb,60.17002,24.94407,000000006b087f40,18.79
189,2019-08-04T22:07:02Z,90c7dc349c851fc6733be9343a5e56a3811fa99eaed9b175c535fe21,60.16531,24.9442,00000000fdda10fe,36.27
190,2019-08-04T22:07:02Z,9525bc79cbb51202831ff2ebda0e017191878bbbc9d3ebfded729232,60.16629,24.95957,00000000fb7600be,31.5
191,2019-08-04T22:07:02Z,9d5ba6e8d46014b4537b4004a85e5038742346e69ee285069b5064c2,60.14947,24.91438,000000004ef3150d,8.38
192,2019-08-04T22:07:02Z,b1f4830488f075a2e6f6929b6c9e259e84b67b3319d1d72b7950768a,60.17002,24.94407,000000006b087f40,18.79
193,2019-08-04T22:07:02Z,b257f9d5d0f1e58c36fadb184cce7fdefb2405e5fcdf6a742863eb25,60.16531,24.9442,00000000fdda10fe,41.64
194,2019-08-04T22:07:02Z,baec6aedb40e2257110f235595cfb11eca347a620bae8e1e420e70cd,60.14947,24.91438,000000004ef3150d,9.92
195,2019-08-04T22:07:02Z,bc07df8cc395f6f4f5d483b2233caca5f93a6918f346e4cc3702f8cc,60.16531,24.9442,00000000fdda10fe,7.69
196,2019-08-04T22:07:02Z,c0a0ca3433586ed2ae0e448f2406fabac7292ac79d49562e0bd5cef8,60.16762,24.95415,000000006b44cce7,16.1
197,2019-08-04T22:07:02Z,d32606c784beb6014818077b6de2083ab49cab81fd4acdaaffad97dd,60.16762,24.95415,000000006b44cce7,5.91
198,2019-08-04T22:07:02Z,e146a005895fb34bd6ba171e992a110e3768e607872add67faa900fa,60.16762,24.95415,000000006b44cce7,13.75
199,2019-08-04T22:07:02Z,e80477155cb38de1585675ecd61a385c3c60792d63fee3525f8ba4f7,60.14699,24.922,00000000a53ed894,12.69
200,2019-08-04T22:07:02Z,fbf4a4c385e7e0f21aab5dc0e4065b17758bbef7901be65b6bd4c72b,60.16897,24.95222,00000000aa852af1,23.56
201,2019-08-04T22:07:03Z,002609eccfa6482109fb43966e0153bf6f371425cf715e49925348dd,60.14699,24.922,00000000a53ed894,9.12
202,2019-08-04T22:07:03Z,14c7e1511b70f4dd3359cbece1377aebb4d70531f5489eefe53d7c3c,60.16544,24.95398,0000000038d83d41,25.36
203,2019-08-04T22:07:03Z,165ebbb4090d47319ae370f0d0854fdc1f6b79499f8b2e4d3c3533c0,60.16544,24.95398,0000000038d83d41,21.87
204,2019-08-04T22:07:03Z,18a7cc18e342213704ea064466030587974195a1405c322d3118dcf3,60.14699,24.922,00000000a53ed894,13.75
205,2019-08-04T22:07:03Z,22acbe5bc5ac259066767fb3804973b3ba881999f2c499b05247f06d,60.14951,24.92138,0000000006dd41f6,9.92
206,2019-08-04T22:07:03Z,25a7ff811c3c06e426c7c2cbb0433d9a2a3399b23afecbd35584ab0f,60.18203,24.91341,00000000342570c2,16.1
207,2019-08-04T22:07:03Z,297c725b456ef12d2712634b21546721cbe93224d3a5762d897404f2,60.16762,24.95415,000000006b44cce7,10.78
208,2019-08-04T22:07:03Z,2c7cb33a1d5aeed6b1f2e9731589deaaeaa1f23489d56c14fa34eac1,60.14951,24.92138,0000000006dd41f6,18.79
209,2019-08-04T22:07:03Z,3763dbba0710e5f35aae6c2f5043debbfd529b4c513eebb4875c2c46,60.16762,24.95415,000000006b44cce7,33.81
210,2019-08-04T22:07:03Z,3944bc7a301be7241d1f7bc4a97f221000d535ce3d8a9af9af9b23b5,60.16531,24.9442,00000000fdda10fe,23.56
211,2019-08-04T22:07:03Z,43b676ed3aef4c2d8846694817e76117873be52e7f788e0cb366c1c4,60.16629,24.95957,00000000fb7600be,27.28
212,2019-08-04T22:07:03Z,5bbb5184fded3e51bc78e45e39917794285e6bbc72da404802a9599a,60.16531,24.9442,00000000fdda10fe,25.36
213,2019-08-04T22:07:03Z,5d65719c4cbf045f068d084b72302f447d5fd034413d97d13be00d0e,60.18203,24.91341,00000000342570c2,18.79
214,2019-08-04T22:07:03Z,5eed115a984d490b02b602d73787aee8dc8c4e9365b77fbff3818a76,60.16629,24.95957,00000000fb7600be,27.28
215,2019-08-04T22:07:03Z,6066632ddc94b5c482a2d4f45ed2532e55e3fd63e414a084a596a737,60.16762,24.95415,000000006b44cce7,18.79
216,2019-08-04T22:07:03Z,66dabd3229229330d23c70e9e1737429ddfe69db01f4a6a00f70fa20,60.16762,24.95415,000000006b44cce7,31.5
217,2019-08-04T22:07:03Z,6f06341f358e61699fe1e55e986dd0554bc8da28b91daf0c5ad99db6,60.16629,24.95957,00000000fb7600be,20.28
218,2019-08-04T22:07:03Z,6ff437688c444238352c28f64f9d2a7d0f14d19c9ea42c225380501e,60.16762,24.95415,000000006b44cce7,25.36
219,2019-08-04T22:07:03Z,747f2d1ebff218c0ebbdc0fdaef4cbe56633dfb46ae1b1f8c8142201,60.16762,24.95415,000000006b44cce7,13.75
220,2019-08-04T22:07:03Z,7876e65f126121713ab8aded48e44b64ad5dd53b4c6e52536c374874,60.14951,24.92138,0000000006dd41f6,29.32
221,2019-08-04T22:07:03Z,79f136afa0dd8717337c01c70b457c464aaf0fa25b440f51a394ec23,60.16762,24.95415,000000006b44cce7,23.56
222,2019-08-04T22:07:03Z,7a3db40d91e137d1381ac690a78039878e0baa317ed9a7cd6882df27,60.16762,24.95415,000000006b44cce7,21.87
223,2019-08-04T22:07:03Z,7b0161728235a5ae8ab965ad670c34d640fdd76aa238943cc640c875,60.17002,24.94407,000000006b087f40,21.87
224,2019-08-04T22:07:03Z,87dfaad29a9276ddddb1fa021d3bc23ad14824c1af16f7d87e713689,60.14951,24.92138,0000000006dd41f6,9.92
225,2019-08-04T22:07:03Z,89982a6acf91b79a282a6b63978e946ee205f303fcd20e944e06baf0,60.16544,24.95398,0000000038d83d41,29.32
226,2019-08-04T22:07:03Z,8c75c3289c84fe4493e1e272a77b615fe1985880c5dc68a7c1a17b53,60.16762,24.95415,000000006b44cce7,11.7
227,2019-08-04T22:07:03Z,91d3b80de4439a4a49ddb8a04d72a0a2ec6c08f351d70232842af567,60.16762,24.95415,000000006b44cce7,29.32
228,2019-08-04T22:07:03Z,9843c6216661048343a0e49cf3d8aa2883cf77f452666a1c873a1052,60.16448,24.97323,0000000053c6c2be,23.56
229,2019-08-04T22:07:03Z,a91d379a4b57c5df22db0d7a041ff69f657b4b31f28554b1011fc03c,60.16544,24.95398,0000000038d83d41,36.27
230,2019-08-04T22:07:03Z,af39edf2bb940054e6f0ba41fbd2dda73c80369a5559082bdc868dc6,60.1538,24.95595,0000000038bf9618,25.36
231,2019-08-04T22:07:03Z,b33ae7715d6d2571066655c2c8954a5a364b5601869047de83410d9f,60.16629,24.95957,00000000fb7600be,23.56
232,2019-08-04T22:07:03Z,b3b17bf82f820d254d30fe39c17e00651c61c59dddae585cd8b918c0,60.1538,24.95595,0000000038bf9618,31.5
233,2019-08-04T22:07:03Z,b5fd6b317890e5ab2d79e2cd1abe61626d45a753c7337d0d40728898,60.16762,24.95415,000000006b44cce7,6.46
234,2019-08-04T22:07:03Z,b7ccc36366d34cdd80f5c1a2407ed073a7662e52824439003817e391,60.17002,24.94407,000000006b087f40,25.36
235,2019-08-04T22:07:03Z,cf05623e4d87ce0906c0b0b7dbf53aacc1228016cd27c341228b6e76,60.18203,24.91341,00000000342570c2,20.28
236,2019-08-04T22:07:03Z,d3e91adcec5f28b9b7492fe3fdc2bd7259928d9c4b69097877335c18,60.16762,24.95415,000000006b44cce7,29.32
237,2019-08-04T22:07:03Z,d723dbb4c28e8fa58a2b3998f7c15760553bbf7838fd86c170c882ae,60.17002,24.94407,000000006b087f40,16.1
238,2019-08-04T22:07:03Z,f088630d7476dae7d4b7e2bb1f10575f2c89acb4b6e061f3d57c2b40,60.16531,24.9442,00000000fdda10fe,31.5
239,2019-08-04T22:07:03Z,fc4f3a44235f1cfc7b53f14ba2da599976a5a0a220d23b852688e485,60.17919,24.95181,000000007b5207b6,20.28
240,2019-08-04T22:07:03Z,11b17dbbffbd9e629c3439705ef14761e73fbd28c1a2e6af45c2081f,60.17919,24.95181,000000007b5207b6,21.87
241,2019-08-04T22:07:03Z,254e9b9512b6f350eb6e5125230f382e9434169d73cf0cd709d9d9f7,60.16531,24.9442,00000000fdda10fe,6.46
242,2019-08-04T22:07:03Z,25b9a688fda1515f9ff250d01f89c4491af81e3721b9b2348d88d2e3,60.16762,24.95415,000000006b44cce7,25.36
243,2019-08-04T22:07:03Z,25e5c752e3953d2785209d418e112d85ff1fa3e2e9b94214ffbbedc5,60.16762,24.95415,000000006b44cce7,3.74
244,2019-08-04T22:07:03Z,27dbb9a68a5fa889b910d7b70892c3f942e35c5e4fd3ce3f1bea5a63,60.16762,24.95415,000000006b44cce7,23.56
245,2019-08-04T22:07:03Z,2c52a0350f43eb2989b1ccb5d1b5d020b4cf2bbc3ff401470a005544,60.16629,24.95957,00000000fb7600be,18.79
246,2019-08-04T22:07:03Z,32f6160c74ce18cb2d97eb7e8c61e3b0627bd6e6066a06a170897d09,60.14699,24.922,00000000a53ed894,18.79
247,2019-08-04T22:07:03Z,3c99b242bd7ead725d3a27a7207144e89bf261e6548c07e1251be78c,60.14699,24.922,00000000a53ed894,16.1
248,2019-08-04T22:07:03Z,435ef54c685df981f0b2ff02ae35a5a3f7796a10ec5abf0f67251258,60.16897,24.95222,00000000aa852af1,29.32
249,2019-08-04T22:07:03Z,4d3eae1e3099754c5ebba1b8ba25c78f4fb6ce656cc734f536e7c7ac,60.16448,24.97323,0000000053c6c2be,29.32
250,2019-08-04T22:07:03Z,5074fabf826e7ee1a0398ffa5881f75d0cc6496cc7359f1c6baebae8,60.17002,24.94407,000000006b087f40,21.87
251,2019-08-04T22:07:03Z,584cb0b0cdd14e608c8b57c8aecc9826f9b40027e365e2438a444ea2,60.16762,24.95415,000000006b44cce7,13.75
252,2019-08-04T22:07:03Z,586b1c1ec8effd07011c0ca2b947dc802c0b2d41ef531f9a2b5f655a,60.16762,24.95415,000000006b44cce7,13.75
253,2019-08-04T22:07:03Z,5c3742a11b9d8ef6d9d48be868b4fe3732c84e36bbb64e551eccb2a0,60.15133,24.92329,00000000e8a064a4,27.28
254,2019-08-04T22:07:03Z,5c85f9f5aa9a6ee3384594a8440449715d329e2ccc5d3c8f62780498,60.149,24.9843,00000000fffb8cf0,13.75
255,2019-08-04T22:07:03Z,637444cccbc28160d6b34e9f414caeac4ace95d16ac6c068c9762759,60.14699,24.922,00000000a53ed894,18.79
256,2019-08-04T22:07:03Z,6a95a0a18abd7476d1af32fdf896556b667a6227dd2f248ce8ff5baa,60.17918,24.95141,00000000675d5200,23.56
257,2019-08-04T22:07:03Z,6d33d3b27d873b2fd6f6864351f19da5ba4f9e75d2cce75d252ed5cb,60.17002,24.94407,000000006b087f40,14.89
258,2019-08-04T22:07:03Z,721660bc852c6c9f982ee6fefecb27c459374740396425b2b34494f8,60.14947,24.91438,000000004ef3150d,27.28
259,2019-08-04T22:07:03Z,7d8e2f6035d9b4fdd8464042ba2fb085fcf5e668f74e6bb8accb64a1,60.16762,24.95415,000000006b44cce7,12.69
260,2019-08-04T22:07:03Z,9d5ba6e8d46014b4537b4004a85e5038742346e69ee285069b5064c2,60.14947,24.91438,000000004ef3150d,10.78
261,2019-08-04T22:07:03Z,b1f4830488f075a2e6f6929b6c9e259e84b67b3319d1d72b7950768a,60.17002,24.94407,000000006b087f40,18.79
262,2019-08-04T22:07:03Z,baec6aedb40e2257110f235595cfb11eca347a620bae8e1e420e70cd,60.14947,24.91438,000000004ef3150d,11.7
263,2019-08-04T22:07:03Z,bc07df8cc395f6f4f5d483b2233caca5f93a6918f346e4cc3702f8cc,60.16531,24.9442,00000000fdda10fe,7.05
264,2019-08-04T22:07:03Z,c0a0ca3433586ed2ae0e448f2406fabac7292ac79d49562e0bd5cef8,60.16762,24.95415,000000006b44cce7,23.56
265,2019-08-04T22:07:03Z,d32606c784beb6014818077b6de2083ab49cab81fd4acdaaffad97dd,60.16762,24.95415,000000006b44cce7,2.3
266,2019-08-04T22:07:03Z,e146a005895fb34bd6ba171e992a110e3768e607872add67faa900fa,60.16762,24.95415,000000006b44cce7,12.69
267,2019-08-04T22:07:03Z,f37202370b76b03b8fdd6afa430d11ec798e26acf89b3341d9bc6bcd,60.16762,24.95415,000000006b44cce7,21.87
268,2019-08-04T22:07:04Z,002609eccfa6482109fb43966e0153bf6f371425cf715e49925348dd,60.14699,24.922,00000000a53ed894,16.1
269,2019-08-04T22:07:04Z,14c7e1511b70f4dd3359cbece1377aebb4d70531f5489eefe53d7c3c,60.16544,24.95398,0000000038d83d41,27.28
270,2019-08-04T22:07:04Z,165ebbb4090d47319ae370f0d0854fdc1f6b79499f8b2e4d3c3533c0,60.16544,24.95398,0000000038d83d41,29.32
271,2019-08-04T22:07:04Z,18a7cc18e342213704ea064466030587974195a1405c322d3118dcf3,60.14699,24.922,00000000a53ed894,14.89
272,2019-08-04T22:07:04Z,22acbe5bc5ac259066767fb3804973b3ba881999f2c499b05247f06d,60.14951,24.92138,0000000006dd41f6,20.28
273,2019-08-04T22:07:04Z,25a7ff811c3c06e426c7c2cbb0433d9a2a3399b23afecbd35584ab0f,60.18203,24.91341,00000000342570c2,10.78
274,2019-08-04T22:07:04Z,297c725b456ef12d2712634b21546721cbe93224d3a5762d897404f2,60.16762,24.95415,000000006b44cce7,11.7
275,2019-08-04T22:07:04Z,2c7cb33a1d5aeed6b1f2e9731589deaaeaa1f23489d56c14fa34eac1,60.14951,24.92138,0000000006dd41f6,17.4
276,2019-08-04T22:07:04Z,3763dbba0710e5f35aae6c2f5043debbfd529b4c513eebb4875c2c46,60.16762,24.95415,000000006b44cce7,23.56
277,2019-08-04T22:07:04Z,3944bc7a301be7241d1f7bc4a97f221000d535ce3d8a9af9af9b23b5,60.16531,24.9442,00000000fdda10fe,23.56
278,2019-08-04T22:07:04Z,43b676ed3aef4c2d8846694817e76117873be52e7f788e0cb366c1c4,60.16629,24.95957,00000000fb7600be,25.36
279,2019-08-04T22:07:04Z,5bbb5184fded3e51bc78e45e39917794285e6bbc72da404802a9599a,60.16531,24.9442,00000000fdda10fe,25.36
280,2019-08-04T22:07:04Z,5d65719c4cbf045f068d084b72302f447d5fd034413d97d13be00d0e,60.18203,24.91341,00000000342570c2,17.4
281,2019-08-04T22:07:04Z,5eed115a984d490b02b602d73787aee8dc8c4e9365b77fbff3818a76,60.16629,24.95957,00000000fb7600be,29.32
282,2019-08-04T22:07:04Z,6066632ddc94b5c482a2d4f45ed2532e55e3fd63e414a084a596a737,60.16762,24.95415,000000006b44cce7,18.79
283,2019-08-04T22:07:04Z,66dabd3229229330d23c70e9e1737429ddfe69db01f4a6a00f70fa20,60.16762,24.95415,000000006b44cce7,18.79
284,2019-08-04T22:07:04Z,6ff437688c444238352c28f64f9d2a7d0f14d19c9ea42c225380501e,60.16762,24.95415,000000006b44cce7,20.28
285,2019-08-04T22:07:04Z,747f2d1ebff218c0ebbdc0fdaef4cbe56633dfb46ae1b1f8c8142201,60.16762,24.95415,000000006b44cce7,14.89
286,2019-08-04T22:07:04Z,79f136afa0dd8717337c01c70b457c464aaf0fa25b440f51a394ec23,60.16762,24.95415,000000006b44cce7,16.1
287,2019-08-04T22:07:04Z,7a3db40d91e137d1381ac690a78039878e0baa317ed9a7cd6882df27,60.16762,24.95415,000000006b44cce7,25.36
288,2019-08-04T22:07:04Z,7b0161728235a5ae8ab965ad670c34d640fdd76aa238943cc640c875,60.17002,24.94407,000000006b087f40,25.36
289,2019-08-04T22:07:04Z,87dfaad29a9276ddddb1fa021d3bc23ad14824c1af16f7d87e713689,60.14951,24.92138,0000000006dd41f6,12.69
290,2019-08-04T22:07:04Z,8c75c3289c84fe4493e1e272a77b615fe1985880c5dc68a7c1a17b53,60.16762,24.95415,000000006b44cce7,11.7
291,2019-08-04T22:07:04Z,91d3b80de4439a4a49ddb8a04d72a0a2ec6c08f351d70232842af567,60.16762,24.95415,000000006b44cce7,21.87
292,2019-08-04T22:07:04Z,9843c6216661048343a0e49cf3d8aa2883cf77f452666a1c873a1052,60.16448,24.97323,0000000053c6c2be,12.69
293,2019-08-04T22:07:04Z,a28ab699dc505d3a0c490fae63a8ebb958574e13f1f64250d91db769,60.16762,24.95415,000000006b44cce7,17.4
294,2019-08-04T22:07:04Z,a91d379a4b57c5df22db0d7a041ff69f657b4b31f28554b1011fc03c,60.16544,24.95398,0000000038d83d41,25.36
295,2019-08-04T22:07:04Z,af39edf2bb940054e6f0ba41fbd2dda73c80369a5559082bdc868dc6,60.1538,24.95595,0000000038bf9618,21.87
296,2019-08-04T22:07:04Z,b33ae7715d6d2571066655c2c8954a5a364b5601869047de83410d9f,60.16629,24.95957,00000000fb7600be,31.5
297,2019-08-04T22:07:04Z,b3b17bf82f820d254d30fe39c17e00651c61c59dddae585cd8b918c0,60.1538,24.95595,0000000038bf9618,27.28
298,2019-08-04T22:07:04Z,b5fd6b317890e5ab2d79e2cd1abe61626d45a753c7337d0d40728898,60.16762,24.95415,000000006b44cce7,9.12
299,2019-08-04T22:07:04Z,b7ccc36366d34cdd80f5c1a2407ed073a7662e52824439003817e391,60.17002,24.94407,000000006b087f40,20.28
300,2019-08-04T22:07:04Z,ce197d5eedb5498917afe7ca3f7275ffeb191f0c5d050bffa154c1d2,60.16531,24.9442,00000000fdda10fe,44.58
301,2019-08-04T22:07:04Z,cf05623e4d87ce0906c0b0b7dbf53aacc1228016cd27c341228b6e76,60.18203,24.91341,00000000342570c2,17.4
302,2019-08-04T22:07:04Z,d723dbb4c28e8fa58a2b3998f7c15760553bbf7838fd86c170c882ae,60.17002,24.94407,000000006b087f40,20.28
303,2019-08-04T22:07:04Z,f088630d7476dae7d4b7e2bb1f10575f2c89acb4b6e061f3d57c2b40,60.16531,24.9442,00000000fdda10fe,27.28
304,2019-08-04T22:07:04Z,fc4f3a44235f1cfc7b53f14ba2da599976a5a0a220d23b852688e485,60.17919,24.95181,000000007b5207b6,25.36
305,2019-08-04T22:07:04Z,ff27e3a9af8f0e98635eb22fa40f53c8ba8452eb24bf16bc715508ea,60.16531,24.9442,00000000fdda10fe,36.27
306,2019-08-04T22:07:04Z,11b17dbbffbd9e629c3439705ef14761e73fbd28c1a2e6af45c2081f,60.17919,24.95181,000000007b5207b6,21.87
307,2019-08-04T22:07:04Z,254e9b9512b6f350eb6e5125230f382e9434169d73cf0cd709d9d9f7,60.16531,24.9442,00000000fdda10fe,6.46
308,2019-08-04T22:07:04Z,25b9a688fda1515f9ff250d01f89c4491af81e3721b9b2348d88d2e3,60.16762,24.95415,000000006b44cce7,23.56
309,2019-08-04T22:07:04Z,25e5c752e3953d2785209d418e112d85ff1fa3e2e9b94214ffbbedc5,60.16762,24.95415,000000006b44cce7,6.46
310,2019-08-04T22:07:04Z,27dbb9a68a5fa889b910d7b70892c3f942e35c5e4fd3ce3f1bea5a63,60.16762,24.95415,000000006b44cce7,17.4
311,2019-08-04T22:07:04Z,29625992dd8e4f96fecd32e042ded33222d1f7b09aaa013f6d5f77ba,60.16629,24.95957,00000000fb7600be,36.27
312,2019-08-04T22:07:04Z,2c52a0350f43eb2989b1ccb5d1b5d020b4cf2bbc3ff401470a005544,60.16629,24.95957,00000000fb7600be,18.79
313,2019-08-04T22:07:04Z,44a12a0f5cb24d6c0197255db9bd70448dc62bb4440b40bc58789d19,60.16448,24.97323,0000000053c6c2be,23.56
314,2019-08-04T22:07:04Z,4d3eae1e3099754c5ebba1b8ba25c78f4fb6ce656cc734f536e7c7ac,60.16448,24.97323,0000000053c6c2be,27.28
315,2019-08-04T22:07:04Z,5074fabf826e7ee1a0398ffa5881f75d0cc6496cc7359f1c6baebae8,60.17002,24.94407,000000006b087f40,14.89
316,2019-08-04T22:07:04Z,584cb0b0cdd14e608c8b57c8aecc9826f9b40027e365e2438a444ea2,60.16762,24.95415,000000006b44cce7,18.79
317,2019-08-04T22:07:04Z,5c3742a11b9d8ef6d9d48be868b4fe3732c84e36bbb64e551eccb2a0,60.15133,24.92329,00000000e8a064a4,27.28
318,2019-08-04T22:07:04Z,5c85f9f5aa9a6ee3384594a8440449715d329e2ccc5d3c8f62780498,60.149,24.9843,00000000fffb8cf0,23.56
319,2019-08-04T22:07:04Z,6a95a0a18abd7476d1af32fdf896556b667a6227dd2f248ce8ff5baa,60.17918,24.95141,00000000675d5200,21.87
320,2019-08-04T22:07:04Z,6d33d3b27d873b2fd6f6864351f19da5ba4f9e75d2cce75d252ed5cb,60.17002,24.94407,000000006b087f40,14.89
321,2019-08-04T22:07:04Z,74cb545f76f0bfc5498607247e26e814276a11ce91f77208054ecbc5,60.17002,24.94407,000000006b087f40,23.56
322,2019-08-04T22:07:04Z,9d5ba6e8d46014b4537b4004a85e5038742346e69ee285069b5064c2,60.14947,24.91438,000000004ef3150d,11.7
323,2019-08-04T22:07:04Z,9fefb811ab81bb9384abf4e9df9626ebc92d893e2b3dae00b2e8949d,60.16829,24.94214,00000000afef4555,38.87
324,2019-08-04T22:07:04Z,b1f4830488f075a2e6f6929b6c9e259e84b67b3319d1d72b7950768a,60.17002,24.94407,000000006b087f40,21.87
325,2019-08-04T22:07:04Z,baec6aedb40e2257110f235595cfb11eca347a620bae8e1e420e70cd,60.14947,24.91438,000000004ef3150d,8.38
326,2019-08-04T22:07:04Z,bc07df8cc395f6f4f5d483b2233caca5f93a6918f346e4cc3702f8cc,60.16531,24.9442,00000000fdda10fe,9.92
