,time,hash,latitude,longitude,serial,distance
0,2019-08-04T05:15:00Z,14c7e1511b70f4dd3359cbece1377aebb4d70531f5489eefe53d7c3c,60.16544,24.95398,0000000038d83d41,29.32
1,2019-08-04T05:15:00Z,1599d2c9070a6f05e1a5887c2d9209214c04818c6203fe75440734f2,60.16762,24.95415,000000006b44cce7,17.4
2,2019-08-04T05:15:00Z,165ebbb4090d47319ae370f0d0854fdc1f6b79499f8b2e4d3c3533c0,60.16544,24.95398,0000000038d83d41,27.28
3,2019-08-04T05:15:00Z,23ede8331c55c8eba19c75bb33b94af28cc791a7e7ca45907b42927a,60.16762,24.95415,000000006b44cce7,20.28
4,2019-08-04T05:15:00Z,3944bc7a301be7241d1f7bc4a97f221000d535ce3d8a9af9af9b23b5,60.16531,24.9442,00000000fdda10fe,25.36
5,2019-08-04T05:15:00Z,3b5cafe90982db26cf737b2e4cd4275276f6a031bca3b2a1f73023b2,60.14699,24.922,00000000a53ed894,23.56
6,2019-08-04T05:15:00Z,3e29e20abfe4aca8b51b2a8446dc84d19c968b06a1f382dc7a2232da,60.16762,24.95415,000000006b44cce7,13.75
7,2019-08-04T05:15:00Z,43b676ed3aef4c2d8846694817e76117873be52e7f788e0cb366c1c4,60.16629,24.95957,00000000fb7600be,25.36
8,2019-08-04T05:15:00Z,43ea43e1aaac8d6d523965f79fd32aa5e5942a98e66e9b6dbaf67f8d,60.16897,24.95222,00000000aa852af1,16.1
9,2019-08-04T05:15:00Z,5d65719c4cbf045f068d084b72302f447d5fd034413d97d13be00d0e,60.18203,24.91341,00000000342570c2,21.87
10,2019-08-04T05:15:00Z,6a70e2fbced719333e21eff04fcb9cb36bae9a04d1a3d6ddd96f2c58,60.15432,24.9211,0000000019fb59c4,17.4
11,2019-08-04T05:15:00Z,6ff437688c444238352c28f64f9d2a7d0f14d19c9ea42c225380501e,60.16762,24.95415,000000006b44cce7,20.28
12,2019-08-04T05:15:00Z,74df6d37f6249ce15e463d82a828b884af50d4e62c3da16471ab27d8,60.16762,24.95415,000000006b44cce7,18.79
13,2019-08-04T05:15:00Z,7678cdb86d454ca9ae52f22d97e635106585a3a046d01da4463695cc,60.16762,24.95415,000000006b44cce7,21.87
14,2019-08-04T05:15:00Z,7876e65f126121713ab8aded48e44b64ad5dd53b4c6e52536c374874,60.16762,24.95415,000000006b44cce7,12.69
15,2019-08-04T05:15:00Z,793101e1460a163336a3cac64fab8c81000c19084220aefc41e83e08,60.14951,24.92138,0000000006dd41f6,23.56
16,2019-08-04T05:15:00Z,79f136afa0dd8717337c01c70b457c464aaf0fa25b440f51a394ec23,60.16762,24.95415,000000006b44cce7,23.56
17,2019-08-04T05:15:00Z,7de75f59d3110cdf6e742fba9785ed0399f83ea50e4c5d255adb21ff,60.16897,24.95222,00000000aa852af1,20.28
18,2019-08-04T05:15:00Z,814f98f5b7f1dcc5fda2e6aff53136550f6a33fe49f0e4c50bb08576,60.16762,24.95415,000000006b44cce7,16.1
19,2019-08-04T05:15:00Z,87dfaad29a9276ddddb1fa021d3bc23ad14824c1af16f7d87e713689,60.14951,24.92138,0000000006dd41f6,8.38
20,2019-08-04T05:15:00Z,89982a6acf91b79a282a6b63978e946ee205f303fcd20e944e06baf0,60.16544,24.95398,0000000038d83d41,25.36
21,2019-08-04T05:15:00Z,8b0535dd90c15c8fd1b256e7a48369741b0fe9d58f8f05f6e46134b7,60.16544,24.95398,0000000038d83d41,31.5
22,2019-08-04T05:15:00Z,8c75c3289c84fe4493e1e272a77b615fe1985880c5dc68a7c1a17b53,60.16762,24.95415,000000006b44cce7,11.7
23,2019-08-04T05:15:00Z,9ac5458ca563049cda08147621cbed86e83e9e86cb68036bcd2f10ed,60.16762,24.95415,000000006b44cce7,17.4
24,2019-08-04T05:15:00Z,9c2f7db876c52fdaabd49960286a13634e94a95e708f358a8ee02daf,60.16762,24.95415,000000006b44cce7,13.75
25,2019-08-04T05:15:00Z,a608f6007765609c5350b2d83e8742a1f79428436765be9d3570b1c4,60.16762,24.95415,000000006b44cce7,21.87
26,2019-08-04T05:15:00Z,a72ab7d9fa80d175562662a0e2087a94309484a9832449358438af06,60.16762,24.95415,000000006b44cce7,18.79
27,2019-08-04T05:15:00Z,a91d379a4b57c5df22db0d7a041ff69f657b4b31f28554b1011fc03c,60.16544,24.95398,0000000038d83d41,25.36
28,2019-08-04T05:15:00Z,b4c20e932f0317cbd4dbd1d7a37b44a5db1d3098f60e35f17c5732ef,60.17002,24.94407,000000006b087f40,25.36
29,2019-08-04T05:15:00Z,b5fd6b317890e5ab2d79e2cd1abe61626d45a753c7337d0d40728898,60.16762,24.95415,000000006b44cce7,10.78
30,2019-08-04T05:15:00Z,c9cb2b9de2b21abecad29584393bea94a97f282f234f310e2468d7a7,60.16075,24.95883,00000000f1124bca,31.5
31,2019-08-04T05:15:00Z,cadb75e7e4481748be48083ff6b092c5946a3410d0759f17ded4441e,60.16762,24.95415,000000006b44cce7,23.56
32,2019-08-04T05:15:00Z,cf05623e4d87ce0906c0b0b7dbf53aacc1228016cd27c341228b6e76,60.18203,24.91341,00000000342570c2,17.4
33,2019-08-04T05:15:00Z,d0bb9fef9a0ef26adcdd4732c9c20361bce49826f32c2892242831b8,60.16762,24.95415,000000006b44cce7,14.89
34,2019-08-04T05:15:00Z,eb23cc2322dab17470d4912af9ad7343c745f40f4ecdd80d68b6aac8,60.17002,24.94407,000000006b087f40,17.4
35,2019-08-04T05:15:00Z,f088630d7476dae7d4b7e2bb1f10575f2c89acb4b6e061f3d57c2b40,60.16531,24.9442,00000000fdda10fe,25.36
36,2019-08-04T05:15:00Z,f237103f284dc6c51c64f9728c4f56e0c855dbb1bf8c4165758c3ef0,60.16897,24.95222,00000000aa852af1,23.56
37,2019-08-04T05:15:00Z,fc4f3a44235f1cfc7b53f14ba2da599976a5a0a220d23b852688e485,60.17918,24.95141,00000000675d5200,36.27
38,2019-08-04T05:15:00Z,030608763b7e42a3be549bce4ae8fcb1e7c30ee3b3a569d49b2309e8,60.16762,24.95415,000000006b44cce7,31.5
39,2019-08-04T05:15:00Z,036908f4343eec5a597f3f93ead52a54eff163d9508f86cc28f92529,60.14699,24.922,00000000a53ed894,5.91
40,2019-08-04T05:15:00Z,05d767179a6dc0d2fe52c67b2f1270d0257ec73669c0758da33be89c,60.14699,24.922,00000000a53ed894,31.5
41,2019-08-04T05:15:00Z,0708a1bc424c3a815acb5ff25c625b793c7cc6b2ca21c358586a8a46,60.14699,24.922,00000000a53ed894,17.4
42,2019-08-04T05:15:00Z,08649d0f9398b2ebe515e4d50cbda6cf345b80ef26bd206936c43401,60.16448,24.97323,0000000053c6c2be,21.87
43,2019-08-04T05:15:00Z,0a29d295b1d803e1578f6075cdfbc9e59ff07b17e441d0034a0694ea,60.14699,24.922,00000000a53ed894,18.79
44,2019-08-04T05:15:00Z,0c3050723660043b9ec01c1de3908b0fac344599f7366d2f5e11498c,60.14947,24.91438,000000004ef3150d,14.89
45,2019-08-04T05:15:00Z,0d2331fdcc0f0441e2bcb59fb863a651390a53fc376e734f13c19f31,60.14947,24.91438,000000004ef3150d,7.05
46,2019-08-04T05:15:00Z,0f6f7b2c3b83a917224105198fedc6daa1c454ede192bc681d65d0dd,60.14699,24.922,00000000a53ed894,5.41
47,2019-08-04T05:15:00Z,0fd21b3cfa57b0e5b81c256345811231fde8a37356ec551bf343407a,60.14699,24.922,00000000a53ed894,9.92
48,2019-08-04T05:15:00Z,111256643289bead33cf8d5f186b002fb34890c2fbc471dd7b86af6c,60.14947,24.91438,000000004ef3150d,4.94
49,2019-08-04T05:15:00Z,124a997ce1a0e85fe70caca3bd868456d05fd92ffe031753564d4e69,60.14699,24.922,00000000a53ed894,7.05
50,2019-08-04T05:15:00Z,1383eef8480b4be0e3801d66d4f5cf57a214b400e259e18ad3106fb1,60.16897,24.95222,00000000aa852af1,25.36
51,2019-08-04T05:15:00Z,149736a12a6b58dcd5ef33d7927b6c23757d0f6211dcc5bea00ca4fa,60.14699,24.922,00000000a53ed894,13.75
52,2019-08-04T05:15:00Z,16c3d2a513d0a7b0c13e837ce0e5f42091c3eb8197080320499346c1,60.17918,24.95141,00000000675d5200,25.36
53,2019-08-04T05:15:00Z,195e0051ada2952cf99710ac7b71a212b5b16a8eabe56c24844d7afa,60.14947,24.91438,000000004ef3150d,14.89
54,2019-08-04T05:15:00Z,1a5ee9df7fe662d91e76c1cb17cf9d0ceb55f28ed5f60cb2c23b3f12,60.16762,24.95415,000000006b44cce7,13.75
55,2019-08-04T05:15:00Z,1f6f52b94f4c2cb60469ce69d5c5bcbce1fadb3e4bfbc2fdf77a3b18,60.14699,24.922,00000000a53ed894,9.92
56,2019-08-04T05:15:00Z,223b091a219117c0637f007b86aa5cee00f1b09d5cc983a67734a057,60.14699,24.922,00000000a53ed894,16.1
57,2019-08-04T05:15:00Z,25d3cf1f742eb6c47f303c90b1999f59c44e192a1aa1f9d8aa322f55,60.14699,24.922,00000000a53ed894,11.7
58,2019-08-04T05:15:00Z,2696f6a462520c8284659d993a9bf0545c2b2f278e1538f7f60dd1d3,60.17002,24.94407,000000006b087f40,7.69
59,2019-08-04T05:15:00Z,275138d622a1fc3b23a9916c9a7805e32f4b988605210ebca856ea9a,60.16762,24.95415,000000006b44cce7,14.89
60,2019-08-04T05:15:00Z,27ea430d9aa570c324ddcab4c649e32134501bb138003efcd5045ee1,60.14699,24.922,00000000a53ed894,16.1
61,2019-08-04T05:15:00Z,2f92e8f583ea6d831b4578e65ad0d2d0f4716c1caf7057150f75e633,60.14699,24.922,00000000a53ed894,11.7
62,2019-08-04T05:15:00Z,32048deebc2610d5c3733d4d060ec137e9ed3b7e736d7c0673498e37,60.14699,24.922,00000000a53ed894,21.87
63,2019-08-04T05:15:00Z,33b30a987790503941f8bdf727b8591c33bd4ddc9c9a6b45590ffadf,60.17065,24.93641,000000000f4919c9,21.87
64,2019-08-04T05:15:00Z,368bc4514ed83b693c9582676e150be31cf5e0ee378127ca47e6b172,60.14699,24.922,00000000a53ed894,5.91
65,2019-08-04T05:15:00Z,36947604a4606c2a91cb1fa805770689c2dd7abe230d7813ed75808c,60.14699,24.922,00000000a53ed894,21.87
66,2019-08-04T05:15:00Z,39484e62de7ec893151de3c8f49d66561fdec8e16aec3c64518daefc,60.14699,24.922,00000000a53ed894,5.91
67,2019-08-04T05:15:00Z,39ef6ba3b6786699e698ce3dc48f0ea735287bf305a105b50bfe9795,60.14699,24.922,00000000a53ed894,4.94
68,2019-08-04T05:15:00Z,3a170528ab5e77d083e2fe554e7649cef910ec5cdd9801765ff19024,60.16531,24.9442,00000000fdda10fe,21.87
69,2019-08-04T05:15:00Z,4219ea24331fcdc9fcefc339bfa6505ac566a7c0f5d998ec4d33597f,60.14947,24.91438,000000004ef3150d,4.5
70,2019-08-04T05:15:00Z,45cc7b609267dcd95c788819e5866cee62e83cb61f8fa1f6256ac083,60.14699,24.922,00000000a53ed894,8.38
71,2019-08-04T05:15:00Z,48044f2febff5abdef89a2d437fc82c25d2baac8d6ec132359332090,60.16762,24.95415,000000006b44cce7,9.92
72,2019-08-04T05:15:00Z,4ba0896fab362c739642f7afa7b1ee9aec86d2238b240cc89c2d144b,60.14699,24.922,00000000a53ed894,13.75
73,2019-08-04T05:15:00Z,4e29bbad26a47c0218ff963a7605ce2bf3fd8147512c7efe15358641,60.14699,24.922,00000000a53ed894,18.79
74,2019-08-04T05:15:00Z,53360d980b210143ba7c5df8418de27265e211fbfcf10e5924d1bcd5,60.14699,24.922,00000000a53ed894,18.79
75,2019-08-04T05:15:00Z,5477b13b7a21b8714ec73ca8f6c2d004282cd693f8ed3cc56b541845,60.14699,24.922,00000000a53ed894,4.5
76,2019-08-04T05:15:00Z,55b4fac201543ad721d926a63d93abc469f04fe27e683a60c647eab0,60.14699,24.922,00000000a53ed894,10.78
77,2019-08-04T05:15:00Z,5665b7c64fa93f03d620199e252062be2d1e9864db00a185a4292746,60.16762,24.95415,000000006b44cce7,10.78
78,2019-08-04T05:15:00Z,573a26bb0cf2b8adc1bf46254638082644c5d64879825c4e8d59345d,60.16762,24.95415,000000006b44cce7,20.28
79,2019-08-04T05:15:00Z,57561213840b4204abf62a1ecebb105889be55010af977c24156490e,60.16531,24.9442,00000000fdda10fe,21.87
80,2019-08-04T05:15:00Z,5780b09d7c8b85f0ca24b945112ae8e2b95a0c9b9379aa1eb266c580,60.16448,24.97323,0000000053c6c2be,12.69
81,2019-08-04T05:15:00Z,57a3d8b7b74f23af5dbacd5525b241219cd7a882cb5ecaf98f3647c6,60.14699,24.922,00000000a53ed894,7.05
82,2019-08-04T05:15:00Z,584cb0b0cdd14e608c8b57c8aecc9826f9b40027e365e2438a444ea2,60.16762,24.95415,000000006b44cce7,13.75
83,2019-08-04T05:15:00Z,59c04d135daa037ae87e1366e09cd164c785dd59c1a322238e981cee,60.16762,24.95415,000000006b44cce7,4.11
84,2019-08-04T05:15:00Z,5ab9dae0f78503a4cfd9791b8ccf3e9fe3d31c096c7e83c6705284aa,60.14699,24.922,00000000a53ed894,17.4
85,2019-08-04T05:15:00Z,5b29a39b05051b3c0efa6685f9d449125986a4ad049fe02b32389c27,60.14699,24.922,00000000a53ed894,20.28
86,2019-08-04T05:15:00Z,5b5bac920876debee04a747c12674dbcd56846cd77c2c9fe10209724,60.14699,24.922,00000000a53ed894,5.41
87,2019-08-04T05:15:00Z,60d019ec745c85d7275a3f8f80608b962f55e4e07da1a909a0a46549,60.16448,24.97323,0000000053c6c2be,25.36
88,2019-08-04T05:15:00Z,6307a4e56c8a918ba40eca065b506bd81c2d73fccf41b19ec8fa8d73,60.14699,24.922,00000000a53ed894,14.89
89,2019-08-04T05:15:00Z,651b2b38c730a034007d7b3de4c1786bb0a4e60829ee79a8d5f5c9b2,60.16897,24.95222,00000000aa852af1,18.79
90,2019-08-04T05:15:00Z,673289855076b53d4b8a91bf469ff3d0f9e4b52ecaf5c0ad724f3382,60.16762,24.95415,000000006b44cce7,7.69
91,2019-08-04T05:15:00Z,68d340fbd32107a56b9a48b3f8a6e5b39dc6332e50265b8377395c1f,60.16762,24.95415,000000006b44cce7,16.1
92,2019-08-04T05:15:00Z,695237484ca95dc100056a70adbcbdfc6d4babd047bc99ab5f7fd2fb,60.16829,24.94214,00000000afef4555,16.1
93,2019-08-04T05:15:00Z,6b3f82f4db44318e077d2f8b8ade4933edb446e67768440229181216,60.14699,24.922,00000000a53ed894,9.12
94,2019-08-04T05:15:00Z,6c5f471c4c16e84dc4143f927b6ccc4b6c67aadfd2a523667d99cfbe,60.14699,24.922,00000000a53ed894,16.1
95,2019-08-04T05:15:00Z,6d59cd8092bc489fbe99968887bafcf2c1a0ccbb2106ad1d5462d8b2,60.14699,24.922,00000000a53ed894,14.89
96,2019-08-04T05:15:00Z,6f0e4dde3f046ac6d7a6f0535049c86f5d9dab3e16f713cd9be15a92,60.14699,24.922,00000000a53ed894,18.79
97,2019-08-04T05:15:00Z,727f1e5b8b1f3b657de17b00ba642ebe3ccf86c157998201f1396a8f,60.14699,24.922,00000000a53ed894,7.69
98,2019-08-04T05:15:00Z,749d1d1ebdca40ba2dba44e19a157bd9ba5ea20f3100c6186ad65ac9,60.16829,24.94214,00000000afef4555,18.79
99,2019-08-04T05:15:00Z,75e150040d4648abbf4eb041d75801208d2cbcb228133b8dd97f4373,60.14699,24.922,00000000a53ed894,11.7
100,2019-08-04T05:15:00Z,7698d57f839b6e84875c2de440191fa69950cdada26529481d148270,60.14699,24.922,00000000a53ed894,5.91
101,2019-08-04T05:15:00Z,77199385e52f319672fb075462d63c22fd1768b9ac1eae6f6e988ce6,60.14947,24.91438,000000004ef3150d,16.1
102,2019-08-04T05:15:00Z,78937e0fb7c44c2bedf58ecf815d47c2f48fac7a21489dac5da2bc6a,60.14699,24.922,00000000a53ed894,10.78
103,2019-08-04T05:15:00Z,79159ae7d10bfa12b112fec7908ace817c753febe22c1154d25d9679,60.14699,24.922,00000000a53ed894,21.87
104,2019-08-04T05:15:00Z,7938af45d5ebe60c2042b4ae5001226cb3ec4d7c6ae7ab6f4128819c,60.16829,24.94214,00000000afef4555,27.28
105,2019-08-04T05:15:00Z,798747610a437b3c172585fd19888504637616a069bf0b9f2ccb2cc3,60.16829,24.94214,00000000afef4555,16.1
106,2019-08-04T05:15:00Z,7ad2fd650d1014d51314dad7801edde957204017f9f8549ea47edf26,60.16762,24.95415,000000006b44cce7,4.11
107,2019-08-04T05:15:00Z,7cfb433719d2fc90284224d1361db2b75d9f87b7f444f46b7814255c,60.14947,24.91438,000000004ef3150d,16.1
108,2019-08-04T05:15:00Z,7f7812658ccafb355650df2a0d491bf21c5d56167a544235aebc41ce,60.16762,24.95415,000000006b44cce7,9.92
109,2019-08-04T05:15:00Z,82cdb4b248225ff737c1ce215b5734e2c5b07aaf78bf266a7b3d511b,60.14699,24.922,00000000a53ed894,9.92
110,2019-08-04T05:15:00Z,830f870debe8d5fdabf9a817de70c0d8c9297075304a18ee8cd0551e,60.14699,24.922,00000000a53ed894,8.38
111,2019-08-04T05:15:00Z,84c158772f34a74c61f433aeb8ec1a406bf47639e494be3892888a71,60.14699,24.922,00000000a53ed894,16.1
112,2019-08-04T05:15:00Z,88a5ac495e5c02734505d2ef35e3a6238d976b0ba3a43ccdc603937b,60.14699,24.922,00000000a53ed894,21.87
113,2019-08-04T05:15:00Z,8c0729c69cdbd735baa8d16b9fa63b1ed5d625b7882c90bf3196681c,60.14699,24.922,00000000a53ed894,16.1
114,2019-08-04T05:15:00Z,8c0dfe6c920a107f2cb8949d1214b1c4e1d938394bd743e44b74a5db,60.14699,24.922,00000000a53ed894,16.1
115,2019-08-04T05:15:00Z,8db4a819d0d95df6fbaabce231ab26e1d2f15d18666cd607d575e68b,60.149,24.9843,00000000fffb8cf0,16.1
116,2019-08-04T05:15:00Z,8e07a08310a2a03d9ffbbf88f65783745a4e677a1fcc8ce797b1ec41,60.16829,24.94214,00000000afef4555,14.89
117,2019-08-04T05:15:00Z,8e5f8e0c86853f205e63f8cc71bda4e203145e04bdc5d95f36753efc,60.14947,24.91438,000000004ef3150d,25.36
118,2019-08-04T05:15:00Z,8ea6b2b09928afe42db4bbfcec9299f36d9442a5c24dc1cc9379f800,60.1538,24.95595,0000000038bf9618,31.5
119,2019-08-04T05:15:00Z,95f2ea28b9f5cea99672b0bc0a0a04bd03b863a840ae25ec23c645f6,60.14699,24.922,00000000a53ed894,14.89
120,2019-08-04T05:15:00Z,9651fe2dda67ce45bc10f428bb4f2270ee7799733da8b60a9206ea92,60.14699,24.922,00000000a53ed894,2.8
121,2019-08-04T05:15:00Z,9aef585846997f256d83e76a973a5b344a85a847f842914cdc7cca3a,60.14699,24.922,00000000a53ed894,14.89
122,2019-08-04T05:15:00Z,9b74c3e106c94a80a7780e62c697fd26be0970d793a28ee0f074a32c,60.17918,24.95141,00000000675d5200,9.92
123,2019-08-04T05:15:00Z,9d713c9ce415e473048b45bbb35d6dcdef35cabaca39aa54f2e781a3,60.16531,24.9442,00000000fdda10fe,36.27
124,2019-08-04T05:15:00Z,9e086a37fe13e475a53c4c80dd2df8a62b59ac740fae1fddb1e793c9,60.16531,24.9442,00000000fdda10fe,10.78
125,2019-08-04T05:15:00Z,a21e5f2a909474c7e00b90d023c3de3a6cbc775800748774ae258286,60.14699,24.922,00000000a53ed894,8.38
126,2019-08-04T05:15:00Z,a5495f1fcefeca5c8442418da45f1bdd6262eac29d7e7272e170d640,60.14699,24.922,00000000a53ed894,9.12
127,2019-08-04T05:15:00Z,a59ab5a1074099286509d186230a120d412ca2ffe5b7ce8210b4c20b,60.14699,24.922,00000000a53ed894,27.28
128,2019-08-04T05:15:00Z,a77672265a44e4b4e2236852c1d2ce00e9d34aaed51c72d7d195cf7c,60.14699,24.922,00000000a53ed894,8.38
129,2019-08-04T05:15:00Z,a8c745395135610ac86447673870ca3c99b47c53c7034789682dbfed,60.16762,24.95415,000000006b44cce7,18.79
130,2019-08-04T05:15:00Z,a92eb2849edcfb062802fdbf74ffffbba157b0a643ed4a58a857dbe5,60.14699,24.922,00000000a53ed894,18.79
131,2019-08-04T05:15:00Z,aa26833c6d10fc1a5ea09b8a4b5ba9cd5ec339540e8694491d1ad744,60.14699,24.922,00000000a53ed894,18.79
132,2019-08-04T05:15:00Z,ad824a6d30142aa90402a13087c6cac8186e81c21a86af038124745c,60.14699,24.922,00000000a53ed894,10.78
133,2019-08-04T05:15:00Z,aeccdf46c34e88a8fbf0956bcd10b21856657a08f5e3a454f9400907,60.16762,24.95415,000000006b44cce7,12.69
134,2019-08-04T05:15:00Z,b0fa0620e08d37cbf512a5e6d1f408cdacffc84a33fad1f4d9c318b2,60.14699,24.922,00000000a53ed894,20.28
135,2019-08-04T05:15:00Z,b32c0fe15cfb4c1bbcddee6c871b9f7ad8402310c73f0288366ffde1,60.14699,24.922,00000000a53ed894,7.05
136,2019-08-04T05:15:00Z,b3517579421e2c425a7926d101bbaebfbfbea8011fce3a426c6db257,60.14699,24.922,00000000a53ed894,16.1
137,2019-08-04T05:15:00Z,bbb4d1461378843d49123ba50da81bb82ef69bf9e12644e63a3c63ba,60.14699,24.922,00000000a53ed894,23.56
138,2019-08-04T05:15:00Z,bbcf6560b8c9be9d2ff99bc9263a93ab4398c7699225f332ca3e5ccf,60.14699,24.922,00000000a53ed894,20.28
139,2019-08-04T05:15:00Z,bc07df8cc395f6f4f5d483b2233caca5f93a6918f346e4cc3702f8cc,60.16531,24.9442,00000000fdda10fe,10.78
140,2019-08-04T05:15:00Z,c0a0ca3433586ed2ae0e448f2406fabac7292ac79d49562e0bd5cef8,60.16762,24.95415,000000006b44cce7,14.89
141,2019-08-04T05:15:00Z,c24facfbfeef3464189f6eb787b1252a9dd6f11693b6f79e368c1c74,60.14699,24.922,00000000a53ed894,25.36
142,2019-08-04T05:15:00Z,c3491d4e98f3414ac8359fe39a8de2d4c55884de520e10c037f781a7,60.14699,24.922,00000000a53ed894,3.74
143,2019-08-04T05:15:00Z,c398c308415bae746d4f7d92dc4a72a2dc6db44585b12d55715ca9fc,60.16762,24.95415,000000006b44cce7,11.7
144,2019-08-04T05:15:00Z,c42cb4131684b9a7124fe5c728e7406d40e777d4535b5c47d3ea919e,60.14951,24.92138,0000000006dd41f6,21.87
145,2019-08-04T05:15:00Z,c4e0f9f3d4e8da98a2daa513e1e3604ff570320d0a6e98348a7b8541,60.1538,24.95595,0000000038bf9618,33.81
146,2019-08-04T05:15:00Z,c866454c90033f9f0450e04ddfeaa5572ca664b0733ccd7a4a3d0dec,60.15133,24.92329,00000000e8a064a4,29.32
147,2019-08-04T05:15:00Z,c8f1ce195413998acd548be7c671c26c3d902ac6b629857a9d7f884b,60.14947,24.91438,000000004ef3150d,16.1
148,2019-08-04T05:15:00Z,c9ce14e0dbf0cf3c24f6a92a1930fa32de9a1de0ffe63082ccddb0d6,60.16448,24.97323,0000000053c6c2be,31.5
149,2019-08-04T05:15:00Z,ca58a7daed3eee1b50a791fd5752f93117a0badd896141b26976e68d,60.16762,24.95415,000000006b44cce7,7.69
150,2019-08-04T05:15:00Z,d297119ca06ec1c4d12a3f038346794695c768668f6ab7aba6b0651a,60.16448,24.97323,0000000053c6c2be,27.28
151,2019-08-04T05:15:00Z,d3e9eddded6b868b3a8e1f931f426c76b8f55998ab3228d2c83e2db4,60.14699,24.922,00000000a53ed894,13.75
152,2019-08-04T05:15:00Z,d42e51cfe32ff29c07729dd4d4f17f194c43ac07904c3087f9ebf5b0,60.16629,24.95957,00000000fb7600be,16.1
153,2019-08-04T05:15:00Z,db1431bdde93ad789599d9f9cfd35f2d215bbff7449993e01405ca59,60.14699,24.922,00000000a53ed894,11.7
154,2019-08-04T05:15:00Z,dbbb0d793d1e81ff9a97d954a3d0b010ae49f8f6c67ebae1aebcd04c,60.14699,24.922,00000000a53ed894,21.87
155,2019-08-04T05:15:00Z,ddf7aabcea2a3d449e3a5b3e4d8b9e7752ae5068b9100a3a01f064ee,60.14699,24.922,00000000a53ed894,11.7
156,2019-08-04T05:15:00Z,df071d89e4982281c52d6cd7e8795641ed0d62cc0a19a6baf09c04a0,60.16762,24.95415,000000006b44cce7,21.87
157,2019-08-04T05:15:00Z,df80985de1a4dd567f08dbea03a07dd9fe4a04f4256130518e5c1f56,60.14699,24.922,00000000a53ed894,12.69
158,2019-08-04T05:15:00Z,e79e2df5e9d4b2415beac6e05646d594a2acd83340f6d2fe20477119,60.14947,24.91438,000000004ef3150d,14.89
159,2019-08-04T05:15:00Z,e915d89bd3e98696697a8411b475c5e9c5db1b864afa2ef01715dd67,60.14947,24.91438,000000004ef3150d,17.4
160,2019-08-04T05:15:00Z,e9d47f9fcd90d60bedf5ce9a84d144f1dfda3a2e4f57792251cf7e5f,60.14699,24.922,00000000a53ed894,4.5
161,2019-08-04T05:15:00Z,ea20df09cf054d6e455527deb73a9edbb58eb80cf03a743586c76a96,60.16762,24.95415,000000006b44cce7,14.89
162,2019-08-04T05:15:00Z,eb0cf08c5dfb913a89a462c778a9ac29c0d3e953f5d0884edac5c2f1,60.14699,24.922,00000000a53ed894,9.12
163,2019-08-04T05:15:00Z,edf14ff7ed95ecdc2681c5fe6b38d5e8cea51aea5d2f1b4d9b654f5c,60.14699,24.922,00000000a53ed894,7.69
164,2019-08-04T05:15:00Z,ee530c955654fe0023ecd3752ac304f79aa0851d87760ef7ad989205,60.14947,24.91438,000000004ef3150d,9.92
165,2019-08-04T05:15:00Z,ee6c64b82d05031fba1d9c618ef3f23fbcb58f80889232b390222f10,60.14947,24.91438,000000004ef3150d,7.05
166,2019-08-04T05:15:00Z,efad31da084aa3febb775286d21458198c383fe8735c53180dfbb0b7,60.14699,24.922,00000000a53ed894,7.69
167,2019-08-04T05:15:00Z,f252414faad1dcae1ffeb6d0c3a3ae2971ef42cdb4a025df380f0c95,60.14699,24.922,00000000a53ed894,21.87
168,2019-08-04T05:15:00Z,f27ebde54f716cc01e27fe27cfb59b31c5bb6dec48ef9a5531bcc70e,60.14699,24.922,00000000a53ed894,7.69
169,2019-08-04T05:15:00Z,f2a507ffcbdc75cf9fea908565e4febceddb0be8cd1c20fa1625cc33,60.14699,24.922,00000000a53ed894,13.75
170,2019-08-04T05:15:00Z,f358e3ca1fdcee5e8430de6e59d016e54753c30b3378aa89522bdf65,60.16629,24.95957,00000000fb7600be,13.75
171,2019-08-04T05:15:00Z,f62f558c86df5eb92862b260cae8ba21fe67bae349ea05c9c6cdcf9a,60.14699,24.922,00000000a53ed894,17.4
172,2019-08-04T05:15:00Z,f8ca803cd2a39de928515b641905940f081dbd510689075c2ca29281,60.14699,24.922,00000000a53ed894,13.75
173,2019-08-04T05:15:00Z,f9399339c3de44774896319d3f291771cebcaf2666df1d6062469882,60.16531,24.9442,00000000fdda10fe,33.81
174,2019-08-04T05:15:00Z,ff7fc821c594f4cd5715b7a315b0de5ecfeb52640dc77db3a54bd16e,60.16531,24.9442,00000000fdda10fe,10.78
175,2019-08-04T05:15:01Z,08d5b497935cc70f123d98808df633607e385ffa3796fb5db747b103,60.17002,24.94407,000000006b087f40,41.64
176,2019-08-04T05:15:01Z,14c7e1511b70f4dd3359cbece1377aebb4d70531f5489eefe53d7c3c,60.16544,24.95398,0000000038d83d41,25.36
177,2019-08-04T05:15:01Z,1599d2c9070a6f05e1a5887c2d9209214c04818c6203fe75440734f2,60.16762,24.95415,000000006b44cce7,17.4
178,2019-08-04T05:15:01Z,165ebbb4090d47319ae370f0d0854fdc1f6b79499f8b2e4d3c3533c0,60.16544,24.95398,0000000038d83d41,29.32
179,2019-08-04T05:15:01Z,23ede8331c55c8eba19c75bb33b94af28cc791a7e7ca45907b42927a,60.16762,24.95415,000000006b44cce7,21.87
180,2019-08-04T05:15:01Z,26926e4be2b08babaa561e74c2b488d25d4441f931b0695977758f63,60.14951,24.92138,0000000006dd41f6,27.28
181,2019-08-04T05:15:01Z,297c725b456ef12d2712634b21546721cbe93224d3a5762d897404f2,60.16762,24.95415,000000006b44cce7,23.56
182,2019-08-04T05:15:01Z,3944bc7a301be7241d1f7bc4a97f221000d535ce3d8a9af9af9b23b5,60.16531,24.9442,00000000fdda10fe,31.5
183,2019-08-04T05:15:01Z,3e29e20abfe4aca8b51b2a8446dc84d19c968b06a1f382dc7a2232da,60.16762,24.95415,000000006b44cce7,14.89
184,2019-08-04T05:15:01Z,43b676ed3aef4c2d8846694817e76117873be52e7f788e0cb366c1c4,60.16629,24.95957,00000000fb7600be,29.32
185,2019-08-04T05:15:01Z,43ea43e1aaac8d6d523965f79fd32aa5e5942a98e66e9b6dbaf67f8d,60.16897,24.95222,00000000aa852af1,13.75
186,2019-08-04T05:15:01Z,5d65719c4cbf045f068d084b72302f447d5fd034413d97d13be00d0e,60.18203,24.91341,00000000342570c2,17.4
187,2019-08-04T05:15:01Z,6a70e2fbced719333e21eff04fcb9cb36bae9a04d1a3d6ddd96f2c58,60.15432,24.9211,0000000019fb59c4,18.79
188,2019-08-04T05:15:01Z,6b76c81aa6d2c35d62a52ab5e4792efc9f3ece283b96871cefc95555,60.14699,24.922,00000000a53ed894,9.92
189,2019-08-04T05:15:01Z,747f2d1ebff218c0ebbdc0fdaef4cbe56633dfb46ae1b1f8c8142201,60.16762,24.95415,000000006b44cce7,18.79
190,2019-08-04T05:15:01Z,74df6d37f6249ce15e463d82a828b884af50d4e62c3da16471ab27d8,60.16762,24.95415,000000006b44cce7,20.28
191,2019-08-04T05:15:01Z,7678cdb86d454ca9ae52f22d97e635106585a3a046d01da4463695cc,60.16762,24.95415,000000006b44cce7,18.79
192,2019-08-04T05:15:01Z,7876e65f126121713ab8aded48e44b64ad5dd53b4c6e52536c374874,60.16762,24.95415,000000006b44cce7,13.75
193,2019-08-04T05:15:01Z,78920683712682cbaebbfebd186800c7cbc2552275e935267467dd09,60.16762,24.95415,000000006b44cce7,20.28
194,2019-08-04T05:15:01Z,793101e1460a163336a3cac64fab8c81000c19084220aefc41e83e08,60.14951,24.92138,0000000006dd41f6,25.36
195,2019-08-04T05:15:01Z,79f136afa0dd8717337c01c70b457c464aaf0fa25b440f51a394ec23,60.16762,24.95415,000000006b44cce7,27.28
196,2019-08-04T05:15:01Z,7bbe52aa86f1a62d373511cedaedac3ba4d4c63d82802737a5bb0c5b,60.16629,24.95957,00000000fb7600be,29.32
197,2019-08-04T05:15:01Z,7de75f59d3110cdf6e742fba9785ed0399f83ea50e4c5d255adb21ff,60.16897,24.95222,00000000aa852af1,23.56
198,2019-08-04T05:15:01Z,814f98f5b7f1dcc5fda2e6aff53136550f6a33fe49f0e4c50bb08576,60.16762,24.95415,000000006b44cce7,16.1
199,2019-08-04T05:15:01Z,87dfaad29a9276ddddb1fa021d3bc23ad14824c1af16f7d87e713689,60.14951,24.92138,0000000006dd41f6,8.38
200,2019-08-04T05:15:01Z,89982a6acf91b79a282a6b63978e946ee205f303fcd20e944e06baf0,60.16544,24.95398,0000000038d83d41,17.4
201,2019-08-04T05:15:01Z,8c75c3289c84fe4493e1e272a77b615fe1985880c5dc68a7c1a17b53,60.16762,24.95415,000000006b44cce7,13.75
202,2019-08-04T05:15:01Z,9ac5458ca563049cda08147621cbed86e83e9e86cb68036bcd2f10ed,60.16762,24.95415,000000006b44cce7,23.56
203,2019-08-04T05:15:01Z,9c2f7db876c52fdaabd49960286a13634e94a95e708f358a8ee02daf,60.16762,24.95415,000000006b44cce7,16.1
204,2019-08-04T05:15:01Z,a0972d97514e29907d2ba46aa19e778b1b09a7e4eda4cf9e59e50cf7,60.14947,24.91438,000000004ef3150d,47.69
205,2019-08-04T05:15:01Z,a608f6007765609c5350b2d83e8742a1f79428436765be9d3570b1c4,60.16762,24.95415,000000006b44cce7,20.28
206,2019-08-04T05:15:01Z,a72ab7d9fa80d175562662a0e2087a94309484a9832449358438af06,60.16762,24.95415,000000006b44cce7,18.79
207,2019-08-04T05:15:01Z,a91d379a4b57c5df22db0d7a041ff69f657b4b31f28554b1011fc03c,60.16544,24.95398,0000000038d83d41,27.28
208,2019-08-04T05:15:01Z,b4c20e932f0317cbd4dbd1d7a37b44a5db1d3098f60e35f17c5732ef,60.17002,24.94407,000000006b087f40,21.87
209,2019-08-04T05:15:01Z,b5fd6b317890e5ab2d79e2cd1abe61626d45a753c7337d0d40728898,60.16762,24.95415,000000006b44cce7,9.12
210,2019-08-04T05:15:01Z,c40c37def6bf11a63a2556519a7c6233fd417cdeea2cf14f28e7c42c,60.16531,24.9442,00000000fdda10fe,27.28
211,2019-08-04T05:15:01Z,c9cb2b9de2b21abecad29584393bea94a97f282f234f310e2468d7a7,60.16075,24.95883,00000000f1124bca,23.56
212,2019-08-04T05:15:01Z,cadb75e7e4481748be48083ff6b092c5946a3410d0759f17ded4441e,60.16762,24.95415,000000006b44cce7,21.87
213,2019-08-04T05:15:01Z,cf05623e4d87ce0906c0b0b7dbf53aacc1228016cd27c341228b6e76,60.18203,24.91341,00000000342570c2,16.1
214,2019-08-04T05:15:01Z,d0bb9fef9a0ef26adcdd4732c9c20361bce49826f32c2892242831b8,60.16762,24.95415,000000006b44cce7,16.1
215,2019-08-04T05:15:01Z,eb23cc2322dab17470d4912af9ad7343c745f40f4ecdd80d68b6aac8,60.17002,24.94407,000000006b087f40,25.36
216,2019-08-04T05:15:01Z,f088630d7476dae7d4b7e2bb1f10575f2c89acb4b6e061f3d57c2b40,60.16531,24.9442,00000000fdda10fe,23.56
217,2019-08-04T05:15:01Z,f237103f284dc6c51c64f9728c4f56e0c855dbb1bf8c4165758c3ef0,60.16897,24.95222,00000000aa852af1,23.56
218,2019-08-04T05:15:01Z,fc4f3a44235f1cfc7b53f14ba2da599976a5a0a220d23b852688e485,60.17918,24.95141,00000000675d5200,33.81
219,2019-08-04T05:15:01Z,030608763b7e42a3be549bce4ae8fcb1e7c30ee3b3a569d49b2309e8,60.16762,24.95415,000000006b44cce7,18.79
220,2019-08-04T05:15:01Z,036908f4343eec5a597f3f93ead52a54eff163d9508f86cc28f92529,60.14699,24.922,00000000a53ed894,3.74
221,2019-08-04T05:15:01Z,045982f3bac76c192cdc813094c7e6ea7aefb470abae2b911885aeac,60.14699,24.922,00000000a53ed894,10.78
222,2019-08-04T05:15:01Z,0708a1bc424c3a815acb5ff25c625b793c7cc6b2ca21c358586a8a46,60.14699,24.922,00000000a53ed894,16.1
223,2019-08-04T05:15:01Z,08649d0f9398b2ebe515e4d50cbda6cf345b80ef26bd206936c43401,60.16448,24.97323,0000000053c6c2be,17.4
224,2019-08-04T05:15:01Z,0a29d295b1d803e1578f6075cdfbc9e59ff07b17e441d0034a0694ea,60.14699,24.922,00000000a53ed894,10.78
225,2019-08-04T05:15:01Z,0c3050723660043b9ec01c1de3908b0fac344599f7366d2f5e11498c,60.14947,24.91438,000000004ef3150d,13.75
226,2019-08-04T05:15:01Z,0d2331fdcc0f0441e2bcb59fb863a651390a53fc376e734f13c19f31,60.14947,24.91438,000000004ef3150d,9.12
227,2019-08-04T05:15:01Z,0f6f7b2c3b83a917224105198fedc6daa1c454ede192bc681d65d0dd,60.14699,24.922,00000000a53ed894,4.94
228,2019-08-04T05:15:01Z,0fd21b3cfa57b0e5b81c256345811231fde8a37356ec551bf343407a,60.14699,24.922,00000000a53ed894,10.78
229,2019-08-04T05:15:01Z,100bf2a4c8708c0faec23eabd0b4cfe40d63eadabd0aa3f8c01fc097,60.14699,24.922,00000000a53ed894,7.69
230,2019-08-04T05:15:01Z,111256643289bead33cf8d5f186b002fb34890c2fbc471dd7b86af6c,60.14947,24.91438,000000004ef3150d,5.41
231,2019-08-04T05:15:01Z,124a997ce1a0e85fe70caca3bd868456d05fd92ffe031753564d4e69,60.14699,24.922,00000000a53ed894,8.38
232,2019-08-04T05:15:01Z,16c3d2a513d0a7b0c13e837ce0e5f42091c3eb8197080320499346c1,60.17918,24.95141,00000000675d5200,14.89
233,2019-08-04T05:15:01Z,1dacfb371d75dd4f90f447aac2a00faad98beb4188a6971c19eb2375,60.16629,24.95957,00000000fb7600be,23.56
234,2019-08-04T05:15:01Z,1f6f52b94f4c2cb60469ce69d5c5bcbce1fadb3e4bfbc2fdf77a3b18,60.14699,24.922,00000000a53ed894,9.12
235,2019-08-04T05:15:01Z,223b091a219117c0637f007b86aa5cee00f1b09d5cc983a67734a057,60.14699,24.922,00000000a53ed894,5.91
236,2019-08-04T05:15:01Z,25d3cf1f742eb6c47f303c90b1999f59c44e192a1aa1f9d8aa322f55,60.14699,24.922,00000000a53ed894,21.87
237,2019-08-04T05:15:01Z,2696f6a462520c8284659d993a9bf0545c2b2f278e1538f7f60dd1d3,60.17002,24.94407,000000006b087f40,7.05
238,2019-08-04T05:15:01Z,27ea430d9aa570c324ddcab4c649e32134501bb138003efcd5045ee1,60.14699,24.922,00000000a53ed894,17.4
239,2019-08-04T05:15:01Z,2eb1c276f7ca9dfe95f76baacd949465c541af9cac5de37ba90e00c0,60.14699,24.922,00000000a53ed894,18.79
240,2019-08-04T05:15:01Z,2f92e8f583ea6d831b4578e65ad0d2d0f4716c1caf7057150f75e633,60.14699,24.922,00000000a53ed894,10.78
241,2019-08-04T05:15:01Z,30955267e4332376994e43854be27f18de9f5abbf555bebd64be3ddd,60.14699,24.922,00000000a53ed894,16.1
242,2019-08-04T05:15:01Z,3132e27b9f2a570c3d9d265133d73d3892145c0734a92b8be59cc961,60.14699,24.922,00000000a53ed894,10.78
243,2019-08-04T05:15:01Z,32048deebc2610d5c3733d4d060ec137e9ed3b7e736d7c0673498e37,60.14699,24.922,00000000a53ed894,16.1
244,2019-08-04T05:15:01Z,33b30a987790503941f8bdf727b8591c33bd4ddc9c9a6b45590ffadf,60.17065,24.93641,000000000f4919c9,17.4
245,2019-08-04T05:15:01Z,368bc4514ed83b693c9582676e150be31cf5e0ee378127ca47e6b172,60.14699,24.922,00000000a53ed894,4.11
246,2019-08-04T05:15:01Z,36947604a4606c2a91cb1fa805770689c2dd7abe230d7813ed75808c,60.14699,24.922,00000000a53ed894,12.69
247,2019-08-04T05:15:01Z,39484e62de7ec893151de3c8f49d66561fdec8e16aec3c64518daefc,60.14699,24.922,00000000a53ed894,9.92
248,2019-08-04T05:15:01Z,39ef6ba3b6786699e698ce3dc48f0ea735287bf305a105b50bfe9795,60.14699,24.922,00000000a53ed894,6.46
249,2019-08-04T05:15:01Z,3d5da00bf40991d7ace416d0cb7439fc1de49ed1898b47da4b721e5a,60.14699,24.922,00000000a53ed894,21.87
250,2019-08-04T05:15:01Z,41fc744c3764e6900eb7d2272746557f2d215d5b75fa793a254a586d,60.14699,24.922,00000000a53ed894,17.4
251,2019-08-04T05:15:01Z,4219ea24331fcdc9fcefc339bfa6505ac566a7c0f5d998ec4d33597f,60.14947,24.91438,000000004ef3150d,5.41
252,2019-08-04T05:15:01Z,48044f2febff5abdef89a2d437fc82c25d2baac8d6ec132359332090,60.16762,24.95415,000000006b44cce7,12.69
253,2019-08-04T05:15:01Z,4ba0896fab362c739642f7afa7b1ee9aec86d2238b240cc89c2d144b,60.14699,24.922,00000000a53ed894,27.28
254,2019-08-04T05:15:01Z,505818c2a35d70ab7688e62be369ad46bf6bb65aa87e477aad9ba49b,60.14699,24.922,00000000a53ed894,12.69
255,2019-08-04T05:15:01Z,5347686862e3a4ccc9c673869277ef5b281ef46d18cfd73c75c3983c,60.16762,24.95415,000000006b44cce7,20.28
256,2019-08-04T05:15:01Z,5391a9308234148fce7807d4bdea8f8e2576a70ca796aba99b73658a,60.14699,24.922,00000000a53ed894,11.7
257,2019-08-04T05:15:01Z,5477b13b7a21b8714ec73ca8f6c2d004282cd693f8ed3cc56b541845,60.14699,24.922,00000000a53ed894,4.94
258,2019-08-04T05:15:01Z,55b4fac201543ad721d926a63d93abc469f04fe27e683a60c647eab0,60.14699,24.922,00000000a53ed894,11.7
259,2019-08-04T05:15:01Z,5665b7c64fa93f03d620199e252062be2d1e9864db00a185a4292746,60.16762,24.95415,000000006b44cce7,10.78
260,2019-08-04T05:15:01Z,56ec9cd14c19a87cc18c8be6e1776631a6eeb74c3afc0f169e389a2b,60.14947,24.91438,000000004ef3150d,23.56
261,2019-08-04T05:15:01Z,573a26bb0cf2b8adc1bf46254638082644c5d64879825c4e8d59345d,60.16762,24.95415,000000006b44cce7,25.36
262,2019-08-04T05:15:01Z,5780b09d7c8b85f0ca24b945112ae8e2b95a0c9b9379aa1eb266c580,60.16448,24.97323,0000000053c6c2be,17.4
263,2019-08-04T05:15:01Z,57a3d8b7b74f23af5dbacd5525b241219cd7a882cb5ecaf98f3647c6,60.14699,24.922,00000000a53ed894,11.7
264,2019-08-04T05:15:01Z,584cb0b0cdd14e608c8b57c8aecc9826f9b40027e365e2438a444ea2,60.16762,24.95415,000000006b44cce7,9.12
265,2019-08-04T05:15:01Z,59c04d135daa037ae87e1366e09cd164c785dd59c1a322238e981cee,60.16762,24.95415,000000006b44cce7,7.05
266,2019-08-04T05:15:01Z,5ab9dae0f78503a4cfd9791b8ccf3e9fe3d31c096c7e83c6705284aa,60.14699,24.922,00000000a53ed894,12.69
267,2019-08-04T05:15:01Z,5b5bac920876debee04a747c12674dbcd56846cd77c2c9fe10209724,60.14699,24.922,00000000a53ed894,7.69
268,2019-08-04T05:15:01Z,6307a4e56c8a918ba40eca065b506bd81c2d73fccf41b19ec8fa8d73,60.14699,24.922,00000000a53ed894,13.75
269,2019-08-04T05:15:01Z,63ddf1824604fa336badb360d4fac15bf0372e716ad8523541c30aa4,60.14699,24.922,00000000a53ed894,17.4
270,2019-08-04T05:15:01Z,651b2b38c730a034007d7b3de4c1786bb0a4e60829ee79a8d5f5c9b2,60.16897,24.95222,00000000aa852af1,18.79
271,2019-08-04T05:15:01Z,673289855076b53d4b8a91bf469ff3d0f9e4b52ecaf5c0ad724f3382,60.16762,24.95415,000000006b44cce7,9.92
272,2019-08-04T05:15:01Z,68d340fbd32107a56b9a48b3f8a6e5b39dc6332e50265b8377395c1f,60.16762,24.95415,000000006b44cce7,17.4
273,2019-08-04T05:15:01Z,695237484ca95dc100056a70adbcbdfc6d4babd047bc99ab5f7fd2fb,60.16829,24.94214,00000000afef4555,21.87
274,2019-08-04T05:15:01Z,699b48bb93c5befb62ff0686e75f158406b659f14daec16ab66d4499,60.15432,24.9211,0000000019fb59c4,27.28
275,2019-08-04T05:15:01Z,6b3f82f4db44318e077d2f8b8ade4933edb446e67768440229181216,60.14699,24.922,00000000a53ed894,8.38
276,2019-08-04T05:15:01Z,6c5f471c4c16e84dc4143f927b6ccc4b6c67aadfd2a523667d99cfbe,60.14699,24.922,00000000a53ed894,18.79
277,2019-08-04T05:15:01Z,6ecb6245c100a805d4168e2a83c6e27a20f4791c9425bebf4b974363,60.14699,24.922,00000000a53ed894,18.79
278,2019-08-04T05:15:01Z,70cc7b0a8e166380ca0fbc55a58d9a59c9de9f05a9f95ebb82482d5a,60.16762,24.95415,000000006b44cce7,11.7
279,2019-08-04T05:15:01Z,727f1e5b8b1f3b657de17b00ba642ebe3ccf86c157998201f1396a8f,60.14699,24.922,00000000a53ed894,9.92
280,2019-08-04T05:15:01Z,749d1d1ebdca40ba2dba44e19a157bd9ba5ea20f3100c6186ad65ac9,60.16829,24.94214,00000000afef4555,23.56
281,2019-08-04T05:15:01Z,75e150040d4648abbf4eb041d75801208d2cbcb228133b8dd97f4373,60.14699,24.922,00000000a53ed894,11.7
282,2019-08-04T05:15:01Z,7698d57f839b6e84875c2de440191fa69950cdada26529481d148270,60.14699,24.922,00000000a53ed894,5.91
283,2019-08-04T05:15:01Z,77b8fbf33566d2bacfb77bfbe2d786f35d9eaccb779684ec9d32b887,60.14699,24.922,00000000a53ed894,21.87
284,2019-08-04T05:15:01Z,78937e0fb7c44c2bedf58ecf815d47c2f48fac7a21489dac5da2bc6a,60.14699,24.922,00000000a53ed894,17.4
285,2019-08-04T05:15:01Z,798747610a437b3c172585fd19888504637616a069bf0b9f2ccb2cc3,60.16829,24.94214,00000000afef4555,9.92
286,2019-08-04T05:15:01Z,7a0f425ccdf5813a089dd619056db4cf41173803f079c37bab520825,60.18203,24.91341,00000000342570c2,20.28
287,2019-08-04T05:15:01Z,7ad2fd650d1014d51314dad7801edde957204017f9f8549ea47edf26,60.16762,24.95415,000000006b44cce7,14.89
288,2019-08-04T05:15:01Z,7cfb433719d2fc90284224d1361db2b75d9f87b7f444f46b7814255c,60.14947,24.91438,000000004ef3150d,6.46
289,2019-08-04T05:15:01Z,7f7812658ccafb355650df2a0d491bf21c5d56167a544235aebc41ce,60.16762,24.95415,000000006b44cce7,6.46
290,2019-08-04T05:15:01Z,814e2046061bdde5711fe8cf4afb23611526b36115ff150468116ea0,60.14699,24.922,00000000a53ed894,14.89
291,2019-08-04T05:15:01Z,82cdb4b248225ff737c1ce215b5734e2c5b07aaf78bf266a7b3d511b,60.14699,24.922,00000000a53ed894,10.78
292,2019-08-04T05:15:01Z,830f870debe8d5fdabf9a817de70c0d8c9297075304a18ee8cd0551e,60.14699,24.922,00000000a53ed894,13.75
293,2019-08-04T05:15:01Z,8416e0178828e17fc5c21b578ba67bd99c26bdf132fc72570dbd8693,60.16448,24.97323,0000000053c6c2be,33.81
294,2019-08-04T05:15:01Z,84c158772f34a74c61f433aeb8ec1a406bf47639e494be3892888a71,60.14699,24.922,00000000a53ed894,17.4
295,2019-08-04T05:15:01Z,88a5ac495e5c02734505d2ef35e3a6238d976b0ba3a43ccdc603937b,60.14699,24.922,00000000a53ed894,9.12
296,2019-08-04T05:15:01Z,8c0dfe6c920a107f2cb8949d1214b1c4e1d938394bd743e44b74a5db,60.14699,24.922,00000000a53ed894,17.4
297,2019-08-04T05:15:01Z,8db4a819d0d95df6fbaabce231ab26e1d2f15d18666cd607d575e68b,60.149,24.9843,00000000fffb8cf0,16.1
298,2019-08-04T05:15:01Z,8e07a08310a2a03d9ffbbf88f65783745a4e677a1fcc8ce797b1ec41,60.16829,24.94214,00000000afef4555,11.7
299,2019-08-04T05:15:01Z,95f2ea28b9f5cea99672b0bc0a0a04bd03b863a840ae25ec23c645f6,60.14699,24.922,00000000a53ed894,14.89
300,2019-08-04T05:15:01Z,9651fe2dda67ce45bc10f428bb4f2270ee7799733da8b60a9206ea92,60.14699,24.922,00000000a53ed894,4.5
301,2019-08-04T05:15:01Z,9aa6011401452463ec819f07785394855c0b49c418b8e19d5fc768df,60.1538,24.95595,0000000038bf9618,27.28
302,2019-08-04T05:15:01Z,9aef585846997f256d83e76a973a5b344a85a847f842914cdc7cca3a,60.14699,24.922,00000000a53ed894,18.79
303,2019-08-04T05:15:01Z,9b74c3e106c94a80a7780e62c697fd26be0970d793a28ee0f074a32c,60.17918,24.95141,00000000675d5200,9.92
304,2019-08-04T05:15:01Z,9c1606b14d73096d6462ed6371a3aba4afd35d77b1c055b3aa42ee65,60.14947,24.91438,000000004ef3150d,13.75
305,2019-08-04T05:15:01Z,9d713c9ce415e473048b45bbb35d6dcdef35cabaca39aa54f2e781a3,60.16531,24.9442,00000000fdda10fe,38.87
306,2019-08-04T05:15:01Z,9e086a37fe13e475a53c4c80dd2df8a62b59ac740fae1fddb1e793c9,60.16531,24.9442,00000000fdda10fe,9.92
307,2019-08-04T05:15:01Z,a5495f1fcefeca5c8442418da45f1bdd6262eac29d7e7272e170d640,60.14699,24.922,00000000a53ed894,11.7
308,2019-08-04T05:15:01Z,a6efd8e18c36688bb8f5c8aaf68e8c1f79276598265f20dfee5eec20,60.14699,24.922,00000000a53ed894,6.46
309,2019-08-04T05:15:01Z,a77672265a44e4b4e2236852c1d2ce00e9d34aaed51c72d7d195cf7c,60.14699,24.922,00000000a53ed894,5.41
310,2019-08-04T05:15:01Z,ad824a6d30142aa90402a13087c6cac8186e81c21a86af038124745c,60.14699,24.922,00000000a53ed894,10.78
311,2019-08-04T05:15:01Z,aeccdf46c34e88a8fbf0956bcd10b21856657a08f5e3a454f9400907,60.16762,24.95415,000000006b44cce7,9.12
312,2019-08-04T05:15:01Z,b32c0fe15cfb4c1bbcddee6c871b9f7ad8402310c73f0288366ffde1,60.14699,24.922,00000000a53ed894,5.41
313,2019-08-04T05:15:01Z,bbb4d1461378843d49123ba50da81bb82ef69bf9e12644e63a3c63ba,60.14699,24.922,00000000a53ed894,11.7
314,2019-08-04T05:15:01Z,bc07df8cc395f6f4f5d483b2233caca5f93a6918f346e4cc3702f8cc,60.16531,24.9442,00000000fdda10fe,7.05
315,2019-08-04T05:15:01Z,c0a0ca3433586ed2ae0e448f2406fabac7292ac79d49562e0bd5cef8,60.16762,24.95415,000000006b44cce7,11.7
316,2019-08-04T05:15:01Z,c1dfe03b94e568be96989aa6c06ecff9850e7ec2d2565cc095628466,60.14699,24.922,00000000a53ed894,10.78
317,2019-08-04T05:15:01Z,c24facfbfeef3464189f6eb787b1252a9dd6f11693b6f79e368c1c74,60.14699,24.922,00000000a53ed894,16.1
318,2019-08-04T05:15:01Z,c3491d4e98f3414ac8359fe39a8de2d4c55884de520e10c037f781a7,60.14699,24.922,00000000a53ed894,2.3
319,2019-08-04T05:15:01Z,c398c308415bae746d4f7d92dc4a72a2dc6db44585b12d55715ca9fc,60.16762,24.95415,000000006b44cce7,16.1
320,2019-08-04T05:15:01Z,c4e0f9f3d4e8da98a2daa513e1e3604ff570320d0a6e98348a7b8541,60.1538,24.95595,0000000038bf9618,33.81
321,2019-08-04T05:15:01Z,c8f1ce195413998acd548be7c671c26c3d902ac6b629857a9d7f884b,60.14947,24.91438,000000004ef3150d,14.89
322,2019-08-04T05:15:01Z,ca58a7daed3eee1b50a791fd5752f93117a0badd896141b26976e68d,60.16762,24.95415,000000006b44cce7,6.46
323,2019-08-04T05:15:01Z,cde60fca70dd84fdbabe6af076a088fcca9d1dd2e5ba4bd4f6b87530,60.14699,24.922,00000000a53ed894,20.28
324,2019-08-04T05:15:01Z,d2f494f10d103976c73c237c85b55b98a120285e4123fb5b61f09455,60.16762,24.95415,000000006b44cce7,17.4
325,2019-08-04T05:15:01Z,d3e9eddded6b868b3a8e1f931f426c76b8f55998ab3228d2c83e2db4,60.14699,24.922,00000000a53ed894,13.75
326,2019-08-04T05:15:01Z,d42e51cfe32ff29c07729dd4d4f17f194c43ac07904c3087f9ebf5b0,60.16629,24.95957,00000000fb7600be,14.89
327,2019-08-04T05:15:01Z,db1431bdde93ad789599d9f9cfd35f2d215bbff7449993e01405ca59,60.14699,24.922,00000000a53ed894,7.69
328,2019-08-04T05:15:01Z,ddf7aabcea2a3d449e3a5b3e4d8b9e7752ae5068b9100a3a01f064ee,60.14699,24.922,00000000a53ed894,10.78
