,time,hash,latitude,longitude,serial,distance
0,2019-08-04T19:06:00Z,002609eccfa6482109fb43966e0153bf6f371425cf715e49925348dd,60.14699,24.922,00000000a53ed894,11.7
1,2019-08-04T19:06:00Z,0104097a4a93055d6feae9bad4c28bff4954a25c3f3dc183822a2a28,60.16544,24.95398,0000000038d83d41,23.56
2,2019-08-04T19:06:00Z,08d5b497935cc70f123d98808df633607e385ffa3796fb5db747b103,60.14951,24.92138,0000000006dd41f6,29.32
3,2019-08-04T19:06:00Z,0dc8c9fd6c6ca193d5326d70d6f9efc1963bcd534fc7c80032f0e192,60.16544,24.95398,0000000038d83d41,25.36
4,2019-08-04T19:06:00Z,14c7e1511b70f4dd3359cbece1377aebb4d70531f5489eefe53d7c3c,60.16544,24.95398,0000000038d83d41,25.36
5,2019-08-04T19:06:00Z,165ebbb4090d47319ae370f0d0854fdc1f6b79499f8b2e4d3c3533c0,60.16544,24.95398,0000000038d83d41,29.32
6,2019-08-04T19:06:00Z,18a7cc18e342213704ea064466030587974195a1405c322d3118dcf3,60.14699,24.922,00000000a53ed894,17.4
7,2019-08-04T19:06:00Z,25a7ff811c3c06e426c7c2cbb0433d9a2a3399b23afecbd35584ab0f,60.18203,24.91341,00000000342570c2,13.75
8,2019-08-04T19:06:00Z,297c725b456ef12d2712634b21546721cbe93224d3a5762d897404f2,60.16762,24.95415,000000006b44cce7,14.89
9,2019-08-04T19:06:00Z,2c7447fb0268b612e12243f64ab499d0e98b62adeee251409b316f5c,60.16897,24.95222,00000000aa852af1,29.32
10,2019-08-04T19:06:00Z,2c7cb33a1d5aeed6b1f2e9731589deaaeaa1f23489d56c14fa34eac1,60.14951,24.92138,0000000006dd41f6,18.79
11,2019-08-04T19:06:00Z,3763dbba0710e5f35aae6c2f5043debbfd529b4c513eebb4875c2c46,60.16762,24.95415,000000006b44cce7,17.4
12,2019-08-04T19:06:00Z,3944bc7a301be7241d1f7bc4a97f221000d535ce3d8a9af9af9b23b5,60.16531,24.9442,00000000fdda10fe,23.56
13,2019-08-04T19:06:00Z,3f766c7303990f966641a1efca2364055ba383454cbf4de6f7f6cca6,60.16762,24.95415,000000006b44cce7,25.36
14,2019-08-04T19:06:00Z,43b676ed3aef4c2d8846694817e76117873be52e7f788e0cb366c1c4,60.16629,24.95957,00000000fb7600be,25.36
15,2019-08-04T19:06:00Z,491b2670fa626c719c5624e2a013e9325dd599d02b93ca1a1b0e3416,60.16544,24.95398,0000000038d83d41,13.75
16,2019-08-04T19:06:00Z,5bbb5184fded3e51bc78e45e39917794285e6bbc72da404802a9599a,60.16531,24.9442,00000000fdda10fe,21.87
17,2019-08-04T19:06:00Z,5d65719c4cbf045f068d084b72302f447d5fd034413d97d13be00d0e,60.18203,24.91341,00000000342570c2,18.79
18,2019-08-04T19:06:00Z,6066632ddc94b5c482a2d4f45ed2532e55e3fd63e414a084a596a737,60.16762,24.95415,000000006b44cce7,23.56
19,2019-08-04T19:06:00Z,6f06341f358e61699fe1e55e986dd0554bc8da28b91daf0c5ad99db6,60.16629,24.95957,00000000fb7600be,23.56
20,2019-08-04T19:06:00Z,747f2d1ebff218c0ebbdc0fdaef4cbe56633dfb46ae1b1f8c8142201,60.16762,24.95415,000000006b44cce7,20.28
21,2019-08-04T19:06:00Z,764b18f2619bd0b14d8426810727aa3f13a9b753e6f58dd333477152,60.16531,24.9442,00000000fdda10fe,27.28
22,2019-08-04T19:06:00Z,79f136afa0dd8717337c01c70b457c464aaf0fa25b440f51a394ec23,60.16762,24.95415,000000006b44cce7,23.56
23,2019-08-04T19:06:00Z,7b0161728235a5ae8ab965ad670c34d640fdd76aa238943cc640c875,60.17002,24.94407,000000006b087f40,29.32
24,2019-08-04T19:06:00Z,87dfaad29a9276ddddb1fa021d3bc23ad14824c1af16f7d87e713689,60.14951,24.92138,0000000006dd41f6,12.69
25,2019-08-04T19:06:00Z,89982a6acf91b79a282a6b63978e946ee205f303fcd20e944e06baf0,60.16544,24.95398,0000000038d83d41,31.5
26,2019-08-04T19:06:00Z,8c75c3289c84fe4493e1e272a77b615fe1985880c5dc68a7c1a17b53,60.16762,24.95415,000000006b44cce7,16.1
27,2019-08-04T19:06:00Z,9843c6216661048343a0e49cf3d8aa2883cf77f452666a1c873a1052,60.16448,24.97323,0000000053c6c2be,13.75
28,2019-08-04T19:06:00Z,9c280d84a7d10042f53fc4cc1ffb14f517437a8b7d7a0d7de7654103,60.16897,24.95222,00000000aa852af1,21.87
29,2019-08-04T19:06:00Z,a91d379a4b57c5df22db0d7a041ff69f657b4b31f28554b1011fc03c,60.16544,24.95398,0000000038d83d41,27.28
30,2019-08-04T19:06:00Z,ae556011c511e79ed2daac915308eebfe8e1f17c56850f7a1fc92ce1,60.14699,24.922,00000000a53ed894,27.28
31,2019-08-04T19:06:00Z,af39edf2bb940054e6f0ba41fbd2dda73c80369a5559082bdc868dc6,60.16762,24.95415,000000006b44cce7,13.75
32,2019-08-04T19:06:00Z,b3b17bf82f820d254d30fe39c17e00651c61c59dddae585cd8b918c0,60.1538,24.95595,0000000038bf9618,33.81
33,2019-08-04T19:06:00Z,b5fd6b317890e5ab2d79e2cd1abe61626d45a753c7337d0d40728898,60.16762,24.95415,000000006b44cce7,6.46
34,2019-08-04T19:06:00Z,b705506de45e1c158214c9e58d86524ac86353bd54ec621b6d3d84c4,60.16762,24.95415,000000006b44cce7,20.28
35,2019-08-04T19:06:00Z,b768e8fc4fd123f299abea37ed749bba21656ddaf18ce0d2746898fe,60.16762,24.95415,000000006b44cce7,20.28
36,2019-08-04T19:06:00Z,c410d9738f30875a93123a94870ad93b3a8eb1010ef478c031580ab6,60.16762,24.95415,000000006b44cce7,27.28
37,2019-08-04T19:06:00Z,ca94ea8bc22f07965f543cd3ead8a37fbd78a987bb93b7742ed6febe,60.16762,24.95415,000000006b44cce7,20.28
38,2019-08-04T19:06:00Z,cf05623e4d87ce0906c0b0b7dbf53aacc1228016cd27c341228b6e76,60.18203,24.91341,00000000342570c2,17.4
39,2019-08-04T19:06:00Z,cfc0bedb78ded52749db3188cb188bf6a250ef5990da9c5afa9623fc,60.14951,24.92138,0000000006dd41f6,25.36
40,2019-08-04T19:06:00Z,d366aa1925472f34a389921734c1777d6d7c2e812b0f284d78697edf,60.1538,24.95595,0000000038bf9618,41.64
41,2019-08-04T19:06:00Z,d3e91adcec5f28b9b7492fe3fdc2bd7259928d9c4b69097877335c18,60.16762,24.95415,000000006b44cce7,36.27
42,2019-08-04T19:06:00Z,d466739295da5e108e9f8a1a4f387f1cec8bde1ff3a78529697bdcc2,60.16829,24.94214,00000000afef4555,27.28
43,2019-08-04T19:06:00Z,d73d0854198e184ee42ff4f9e9da255df0af90985363aea6a02d33d7,60.16762,24.95415,000000006b44cce7,9.92
44,2019-08-04T19:06:00Z,e3de1802aa8f91dbfc477438d84c4ec63d2e786f11c72285c26137a8,60.17002,24.94407,000000006b087f40,14.89
45,2019-08-04T19:06:00Z,f088630d7476dae7d4b7e2bb1f10575f2c89acb4b6e061f3d57c2b40,60.16531,24.9442,00000000fdda10fe,29.32
46,2019-08-04T19:06:00Z,fc4f3a44235f1cfc7b53f14ba2da599976a5a0a220d23b852688e485,60.17918,24.95141,00000000675d5200,29.32
47,2019-08-04T19:06:00Z,033254ed6118de59fed8f6feead3b7a820dcd7984ca27b5c9fb729c9,60.16762,24.95415,000000006b44cce7,14.89
48,2019-08-04T19:06:00Z,05e1a361d4ffb6cc76008aef1deedaf816981ecf099c59ce77fea1a9,60.14951,24.92138,0000000006dd41f6,13.75
49,2019-08-04T19:06:00Z,0c5754aa665e8748b65ed4843a95bb1649e3db591de58ecf4d1344a1,60.17918,24.95141,00000000675d5200,7.69
50,2019-08-04T19:06:00Z,0d6c9aa1e8ff06ac50aa1480ebdfed597ee8a8b0ce32896cfcedb93f,60.16762,24.95415,000000006b44cce7,4.94
51,2019-08-04T19:06:00Z,0f59bf4cf4202371f9bee296aa7085bc56b4f8f30560e3e139fd2a9f,60.16762,24.95415,000000006b44cce7,18.79
52,2019-08-04T19:06:00Z,0ffd58ee7d00187f6f2c35dbf0f5b5cab042ecabfa42c01a21eb1156,60.15133,24.92329,00000000e8a064a4,36.27
53,2019-08-04T19:06:00Z,16345c5d8758e130f85e11e74c027900ff3a66f19010f4a1a2d7d03a,60.17065,24.93641,000000000f4919c9,36.27
54,2019-08-04T19:06:00Z,185f4f69a903bb76b133eb1911c319c51f9561bfdb614f4ac8e7938c,60.16762,24.95415,000000006b44cce7,4.11
55,2019-08-04T19:06:00Z,1c53101412ee6018d25408de8b5292d9ad54ee365d21c7ce6caaa8bd,60.16762,24.95415,000000006b44cce7,7.69
56,2019-08-04T19:06:00Z,1dacfb371d75dd4f90f447aac2a00faad98beb4188a6971c19eb2375,60.16629,24.95957,00000000fb7600be,23.56
57,2019-08-04T19:06:00Z,1faaaeff6423708e06d94b904af4be93e399939fbdfd3b3091dc8bd2,60.15432,24.9211,0000000019fb59c4,12.69
58,2019-08-04T19:06:00Z,23e9795355e45d852c9c842f44d2da499e66c1ac584b914b454e2dc9,60.17065,24.93641,000000000f4919c9,21.87
59,2019-08-04T19:06:00Z,254e9b9512b6f350eb6e5125230f382e9434169d73cf0cd709d9d9f7,60.16531,24.9442,00000000fdda10fe,7.69
60,2019-08-04T19:06:00Z,2612d27d01c2058ca7ef124831580127ec7719b5961fc27c62e43be9,60.1538,24.95595,0000000038bf9618,25.36
61,2019-08-04T19:06:00Z,2e5ae3385dc86fd3d9151b5b0b667496cbe8b1cb848397c08a808310,60.16448,24.97323,0000000053c6c2be,14.89
62,2019-08-04T19:06:00Z,32f6160c74ce18cb2d97eb7e8c61e3b0627bd6e6066a06a170897d09,60.14699,24.922,00000000a53ed894,27.28
63,2019-08-04T19:06:00Z,331013bba85acda4dd52dcb9acf62694e4588c830cb2c8b72025f830,60.16531,24.9442,00000000fdda10fe,16.1
64,2019-08-04T19:06:00Z,34c355df9802a31784fa19d230c9e3c7e413806cab80212f8c1b07d2,60.16762,24.95415,000000006b44cce7,10.78
65,2019-08-04T19:06:00Z,374c1e0f3987979ef24f691b4840f7749333f9185223ccfc3f45b46c,60.16897,24.95222,00000000aa852af1,17.4
66,2019-08-04T19:06:00Z,4096d548dbabcfe8ea997a280a31c71f957a3140e28dbc9a2aa29553,60.16531,24.9442,00000000fdda10fe,44.58
67,2019-08-04T19:06:00Z,441337352adaa109275cea31bad6cb386e6a1c26784b61ecdf955ef6,60.17918,24.95141,00000000675d5200,23.56
68,2019-08-04T19:06:00Z,44df57eaf97ab87b594e8071fde4485ab97b27151a4ac212d088303a,60.1538,24.95595,0000000038bf9618,4.94
69,2019-08-04T19:06:00Z,46507c71f0093b2b823d142c7091dd35c26344ad02bb26bf9b867d09,60.1538,24.95595,0000000038bf9618,23.56
70,2019-08-04T19:06:00Z,584cb0b0cdd14e608c8b57c8aecc9826f9b40027e365e2438a444ea2,60.16762,24.95415,000000006b44cce7,18.79
71,2019-08-04T19:06:00Z,5cc238656594ef79677a38544b5691a9d13e5878dcaaaf2d63742d46,60.1538,24.95595,0000000038bf9618,36.27
72,2019-08-04T19:06:00Z,5d0ada6cbb26782621b91ab8ace3bd78bc7448db79904e22822006ea,60.16531,24.9442,00000000fdda10fe,31.5
73,2019-08-04T19:06:00Z,647ad094f5abde6b6db6998a19b8d525db935366bb61a7032016cfaf,60.16762,24.95415,000000006b44cce7,5.91
74,2019-08-04T19:06:00Z,66dfe4c155cd540556642e9a3772a4541657ff8bc47c200413123c2a,60.16544,24.95398,0000000038d83d41,21.87
75,2019-08-04T19:06:00Z,67fc0f989ce344940500ad6bee08cebf1b52b1a25213a74d7e3678b4,60.17002,24.94407,000000006b087f40,33.81
76,2019-08-04T19:06:00Z,6db9858b7ae3e2cd6f34b3015039dd929162cdf90b587f544e5da834,60.16829,24.94214,00000000afef4555,17.4
77,2019-08-04T19:06:00Z,6ee7ebdef6d02199661db8d11e27fa1bc1526f599db29cc20e9feefb,60.17065,24.93641,000000000f4919c9,27.28
78,2019-08-04T19:06:00Z,721660bc852c6c9f982ee6fefecb27c459374740396425b2b34494f8,60.14947,24.91438,000000004ef3150d,21.87
79,2019-08-04T19:06:00Z,762c802bd8744db9c09269bb19a45cb4be0ac27a03104a63619ba017,60.16897,24.95222,00000000aa852af1,7.05
80,2019-08-04T19:06:00Z,7b5a10027cd898eb86aa589210629a7209d8b56449d938bfcd42f400,60.16544,24.95398,0000000038d83d41,20.28
81,2019-08-04T19:06:00Z,827a721dc02b428825303275e2b00e8490de5e5071b650572090ed12,60.149,24.9843,00000000fffb8cf0,16.1
82,2019-08-04T19:06:00Z,84c3762cd0eb131ef33a688fc9941d68092d1e64715dd788566c916b,60.14699,24.922,00000000a53ed894,27.28
83,2019-08-04T19:06:00Z,85850db0696b8ec1867c0c629a2779fc334e66b6c39b45dca2bd5633,60.16829,24.94214,00000000afef4555,13.75
84,2019-08-04T19:06:00Z,9287ca3887837ea49a8272eb2ab0393e5d60584cf7565f3860c7ddb6,60.16531,24.9442,00000000fdda10fe,18.79
85,2019-08-04T19:06:00Z,995a382ac307d820dc6aaa7934480887c4d06e9772d3b3ac7b707414,60.1538,24.95595,0000000038bf9618,18.79
86,2019-08-04T19:06:00Z,9b30fe782b77d2e6bf4b5f152c71603953b179adb0441d475725da3c,60.16897,24.95222,00000000aa852af1,25.36
87,2019-08-04T19:06:00Z,a30580c62cd95cbac412b85c0936118a5cd7fabd257925e0edda0280,60.16629,24.95957,00000000fb7600be,18.79
88,2019-08-04T19:06:00Z,abd129eb8c15ec8b807569b89e7c9ea2b8bfeeae7131c10b8b73ac1d,60.17002,24.94407,000000006b087f40,31.5
89,2019-08-04T19:06:00Z,ae7dae0149faa2f276c5f64fdf71a401cd0c407979757bc56d50a271,60.16829,24.94214,00000000afef4555,7.69
90,2019-08-04T19:06:00Z,af51685f386be5d7bd2cada74d12e8587416fb0654e563adb5506df6,60.16762,24.95415,000000006b44cce7,8.38
91,2019-08-04T19:06:00Z,b765e37a6a1e0ad72e50d03ea490d62ecdf427d8c684b2229a5b6359,60.16897,24.95222,00000000aa852af1,5.91
92,2019-08-04T19:06:00Z,bc07df8cc395f6f4f5d483b2233caca5f93a6918f346e4cc3702f8cc,60.16531,24.9442,00000000fdda10fe,8.38
93,2019-08-04T19:06:00Z,bfe573285d966b210146bb11219a921e8ffafe1d37ac76e86a925363,60.15133,24.92329,00000000e8a064a4,20.28
94,2019-08-04T19:06:00Z,c0a0ca3433586ed2ae0e448f2406fabac7292ac79d49562e0bd5cef8,60.16762,24.95415,000000006b44cce7,18.79
95,2019-08-04T19:06:00Z,c35f91ce9eedf47e7ea92776597e80ca3ff96666c214d70914e1d6cf,60.16544,24.95398,0000000038d83d41,14.89
96,2019-08-04T19:06:00Z,c47bce73fb008b9be56acb38c5f9e8c602a471a9f3672264f11d71b5,60.17065,24.93641,000000000f4919c9,23.56
97,2019-08-04T19:06:00Z,c4ffa87b988ce7872bbd43eab249178abdab712f124d6db9d1a414bd,60.16531,24.9442,00000000fdda10fe,1.88
98,2019-08-04T19:06:00Z,cfe50e60c8cb99eaf09b1675d8982525b789b7f55c34fa06a0dd0238,60.16629,24.95957,00000000fb7600be,29.32
99,2019-08-04T19:06:00Z,d2d87639b00733e89ae0b293e411614163eb435a3062d5d47f1bc2fe,60.16762,24.95415,000000006b44cce7,20.28
100,2019-08-04T19:06:00Z,d6ff03c42e006c30e775ea27fe9c12ba9eccad7326396156a3708917,60.17002,24.94407,000000006b087f40,25.36
101,2019-08-04T19:06:00Z,e146a005895fb34bd6ba171e992a110e3768e607872add67faa900fa,60.16762,24.95415,000000006b44cce7,20.28
102,2019-08-04T19:06:00Z,e80477155cb38de1585675ecd61a385c3c60792d63fee3525f8ba4f7,60.14699,24.922,00000000a53ed894,12.69
103,2019-08-04T19:06:00Z,ea85d7335484f3a4e79ef845e94b78814922431234fbf51cdd529180,60.14951,24.92138,0000000006dd41f6,33.81
104,2019-08-04T19:06:00Z,ec34aef77b05eae308acdd9978594650d57f13477b88f8e0fe2805c8,60.16629,24.95957,00000000fb7600be,11.7
105,2019-08-04T19:06:00Z,ed7adc01d27c3825fe6cf8810f6456cc45a2acc1fc56d3a32a7f4baa,60.14947,24.91438,000000004ef3150d,13.75
106,2019-08-04T19:06:00Z,f22cada8a488ac0e3da6b73702bf9503f45da283ea413bce2c47e855,60.16829,24.94214,00000000afef4555,27.28
107,2019-08-04T19:06:00Z,f5c30599894fc8ec57b855768d4452e2a9bbec83ff94d07520b8fbd1,60.16762,24.95415,000000006b44cce7,8.38
108,2019-08-04T19:06:00Z,f9399339c3de44774896319d3f291771cebcaf2666df1d6062469882,60.16531,24.9442,00000000fdda10fe,27.28
109,2019-08-04T19:06:00Z,fbf4a4c385e7e0f21aab5dc0e4065b17758bbef7901be65b6bd4c72b,60.16897,24.95222,00000000aa852af1,27.28
110,2019-08-04T19:06:00Z,fd1e12673fb077e47ab535685fe6103d6f8cfc8c264a50383817db47,60.14947,24.91438,000000004ef3150d,5.91
111,2019-08-04T19:06:00Z,fd78ef1d643665302d0213e5179de31f50eeba0fda83ce47e8d04f0b,60.17002,24.94407,000000006b087f40,17.4
112,2019-08-04T19:06:00Z,fe40217e6dcf32c9a06d200405edc6f5a8d88bef28b3d53a72170919,60.17002,24.94407,000000006b087f40,33.81
113,2019-08-04T19:06:00Z,ff4cdd2cafd283fc9a3edf4889a4ee2de6ee8d58bd59b35d36443033,60.17002,24.94407,000000006b087f40,20.28
114,2019-08-04T19:06:01Z,002609eccfa6482109fb43966e0153bf6f371425cf715e49925348dd,60.14699,24.922,00000000a53ed894,9.92
115,2019-08-04T19:06:01Z,0104097a4a93055d6feae9bad4c28bff4954a25c3f3dc183822a2a28,60.16544,24.95398,0000000038d83d41,21.87
116,2019-08-04T19:06:01Z,08d5b497935cc70f123d98808df633607e385ffa3796fb5db747b103,60.14951,24.92138,0000000006dd41f6,31.5
117,2019-08-04T19:06:01Z,0dc8c9fd6c6ca193d5326d70d6f9efc1963bcd534fc7c80032f0e192,60.16544,24.95398,0000000038d83d41,25.36
118,2019-08-04T19:06:01Z,14c7e1511b70f4dd3359cbece1377aebb4d70531f5489eefe53d7c3c,60.16544,24.95398,0000000038d83d41,23.56
119,2019-08-04T19:06:01Z,165ebbb4090d47319ae370f0d0854fdc1f6b79499f8b2e4d3c3533c0,60.16544,24.95398,0000000038d83d41,20.28
120,2019-08-04T19:06:01Z,18a7cc18e342213704ea064466030587974195a1405c322d3118dcf3,60.14699,24.922,00000000a53ed894,14.89
121,2019-08-04T19:06:01Z,25a7ff811c3c06e426c7c2cbb0433d9a2a3399b23afecbd35584ab0f,60.18203,24.91341,00000000342570c2,14.89
122,2019-08-04T19:06:01Z,297c725b456ef12d2712634b21546721cbe93224d3a5762d897404f2,60.16762,24.95415,000000006b44cce7,12.69
123,2019-08-04T19:06:01Z,2c7447fb0268b612e12243f64ab499d0e98b62adeee251409b316f5c,60.16897,24.95222,00000000aa852af1,25.36
124,2019-08-04T19:06:01Z,2c7cb33a1d5aeed6b1f2e9731589deaaeaa1f23489d56c14fa34eac1,60.14951,24.92138,0000000006dd41f6,21.87
125,2019-08-04T19:06:01Z,3944bc7a301be7241d1f7bc4a97f221000d535ce3d8a9af9af9b23b5,60.16531,24.9442,00000000fdda10fe,21.87
126,2019-08-04T19:06:01Z,43b676ed3aef4c2d8846694817e76117873be52e7f788e0cb366c1c4,60.16629,24.95957,00000000fb7600be,25.36
127,2019-08-04T19:06:01Z,46a3ece22390722dc1d159a35c7a15c74ade6ee24301e00cb922fd7f,60.17002,24.94407,000000006b087f40,29.32
128,2019-08-04T19:06:01Z,491b2670fa626c719c5624e2a013e9325dd599d02b93ca1a1b0e3416,60.16544,24.95398,0000000038d83d41,13.75
129,2019-08-04T19:06:01Z,5bbb5184fded3e51bc78e45e39917794285e6bbc72da404802a9599a,60.16531,24.9442,00000000fdda10fe,14.89
130,2019-08-04T19:06:01Z,5d65719c4cbf045f068d084b72302f447d5fd034413d97d13be00d0e,60.18203,24.91341,00000000342570c2,18.79
131,2019-08-04T19:06:01Z,5eed115a984d490b02b602d73787aee8dc8c4e9365b77fbff3818a76,60.16629,24.95957,00000000fb7600be,29.32
132,2019-08-04T19:06:01Z,6f06341f358e61699fe1e55e986dd0554bc8da28b91daf0c5ad99db6,60.16629,24.95957,00000000fb7600be,27.28
133,2019-08-04T19:06:01Z,737efc92e3419e9d96a8559ec341ea7e18ba6381fd8e4de3d06f82a0,60.14951,24.92138,0000000006dd41f6,25.36
134,2019-08-04T19:06:01Z,764b18f2619bd0b14d8426810727aa3f13a9b753e6f58dd333477152,60.16531,24.9442,00000000fdda10fe,21.87
135,2019-08-04T19:06:01Z,87dfaad29a9276ddddb1fa021d3bc23ad14824c1af16f7d87e713689,60.14951,24.92138,0000000006dd41f6,9.92
136,2019-08-04T19:06:01Z,89982a6acf91b79a282a6b63978e946ee205f303fcd20e944e06baf0,60.16544,24.95398,0000000038d83d41,33.81
137,2019-08-04T19:06:01Z,8c75c3289c84fe4493e1e272a77b615fe1985880c5dc68a7c1a17b53,60.16762,24.95415,000000006b44cce7,11.7
138,2019-08-04T19:06:01Z,9843c6216661048343a0e49cf3d8aa2883cf77f452666a1c873a1052,60.16448,24.97323,0000000053c6c2be,12.69
139,2019-08-04T19:06:01Z,9c280d84a7d10042f53fc4cc1ffb14f517437a8b7d7a0d7de7654103,60.16897,24.95222,00000000aa852af1,16.1
140,2019-08-04T19:06:01Z,ae556011c511e79ed2daac915308eebfe8e1f17c56850f7a1fc92ce1,60.14699,24.922,00000000a53ed894,25.36
141,2019-08-04T19:06:01Z,af39edf2bb940054e6f0ba41fbd2dda73c80369a5559082bdc868dc6,60.16762,24.95415,000000006b44cce7,11.7
142,2019-08-04T19:06:01Z,b3b17bf82f820d254d30fe39c17e00651c61c59dddae585cd8b918c0,60.1538,24.95595,0000000038bf9618,36.27
143,2019-08-04T19:06:01Z,b5fd6b317890e5ab2d79e2cd1abe61626d45a753c7337d0d40728898,60.16762,24.95415,000000006b44cce7,8.38
144,2019-08-04T19:06:01Z,b705506de45e1c158214c9e58d86524ac86353bd54ec621b6d3d84c4,60.16762,24.95415,000000006b44cce7,27.28
145,2019-08-04T19:06:01Z,b768e8fc4fd123f299abea37ed749bba21656ddaf18ce0d2746898fe,60.16762,24.95415,000000006b44cce7,23.56
146,2019-08-04T19:06:01Z,c410d9738f30875a93123a94870ad93b3a8eb1010ef478c031580ab6,60.16762,24.95415,000000006b44cce7,20.28
147,2019-08-04T19:06:01Z,ca94ea8bc22f07965f543cd3ead8a37fbd78a987bb93b7742ed6febe,60.16762,24.95415,000000006b44cce7,9.92
148,2019-08-04T19:06:01Z,cf05623e4d87ce0906c0b0b7dbf53aacc1228016cd27c341228b6e76,60.18203,24.91341,00000000342570c2,18.79
149,2019-08-04T19:06:01Z,cfc0bedb78ded52749db3188cb188bf6a250ef5990da9c5afa9623fc,60.14951,24.92138,0000000006dd41f6,25.36
150,2019-08-04T19:06:01Z,d366aa1925472f34a389921734c1777d6d7c2e812b0f284d78697edf,60.1538,24.95595,0000000038bf9618,33.81
151,2019-08-04T19:06:01Z,d466739295da5e108e9f8a1a4f387f1cec8bde1ff3a78529697bdcc2,60.16829,24.94214,00000000afef4555,25.36
152,2019-08-04T19:06:01Z,d73d0854198e184ee42ff4f9e9da255df0af90985363aea6a02d33d7,60.16762,24.95415,000000006b44cce7,9.92
153,2019-08-04T19:06:01Z,ed70dda6b7faebd4340dacdb452ab224d9d3c308df417b7fa76f54e8,60.14951,24.92138,0000000006dd41f6,20.28
154,2019-08-04T19:06:01Z,f088630d7476dae7d4b7e2bb1f10575f2c89acb4b6e061f3d57c2b40,60.16531,24.9442,00000000fdda10fe,23.56
155,2019-08-04T19:06:01Z,fc4f3a44235f1cfc7b53f14ba2da599976a5a0a220d23b852688e485,60.17919,24.95181,000000007b5207b6,27.28
156,2019-08-04T19:06:01Z,033254ed6118de59fed8f6feead3b7a820dcd7984ca27b5c9fb729c9,60.16762,24.95415,000000006b44cce7,23.56
157,2019-08-04T19:06:01Z,05e1a361d4ffb6cc76008aef1deedaf816981ecf099c59ce77fea1a9,60.15133,24.92329,00000000e8a064a4,25.36
158,2019-08-04T19:06:01Z,0a55cf189bc1883b21b10719c7a10dd01aadc3b643f461fd8b3e14f2,60.16762,24.95415,000000006b44cce7,21.87
159,2019-08-04T19:06:01Z,0c5754aa665e8748b65ed4843a95bb1649e3db591de58ecf4d1344a1,60.17918,24.95141,00000000675d5200,7.69
160,2019-08-04T19:06:01Z,0d6c9aa1e8ff06ac50aa1480ebdfed597ee8a8b0ce32896cfcedb93f,60.16762,24.95415,000000006b44cce7,3.4
161,2019-08-04T19:06:01Z,0ffd58ee7d00187f6f2c35dbf0f5b5cab042ecabfa42c01a21eb1156,60.15133,24.92329,00000000e8a064a4,27.28
162,2019-08-04T19:06:01Z,16345c5d8758e130f85e11e74c027900ff3a66f19010f4a1a2d7d03a,60.17065,24.93641,000000000f4919c9,21.87
163,2019-08-04T19:06:01Z,1b81721db3579d84ce4ee82ca59ea7383331867ef76feec3fec3008d,60.16629,24.95957,00000000fb7600be,17.4
164,2019-08-04T19:06:01Z,1c53101412ee6018d25408de8b5292d9ad54ee365d21c7ce6caaa8bd,60.16762,24.95415,000000006b44cce7,5.91
165,2019-08-04T19:06:01Z,1ca2a3dc3dfc4b7c43e5c2670f235bdd61b23459d91984dde3e5afff,60.14699,24.922,00000000a53ed894,13.75
166,2019-08-04T19:06:01Z,1faaaeff6423708e06d94b904af4be93e399939fbdfd3b3091dc8bd2,60.15432,24.9211,0000000019fb59c4,17.4
167,2019-08-04T19:06:01Z,208087926f57d6adc787b2189dfb636091b008c102fb62f6366aa112,60.16762,24.95415,000000006b44cce7,9.92
168,2019-08-04T19:06:01Z,23e9795355e45d852c9c842f44d2da499e66c1ac584b914b454e2dc9,60.17065,24.93641,000000000f4919c9,27.28
169,2019-08-04T19:06:01Z,254e9b9512b6f350eb6e5125230f382e9434169d73cf0cd709d9d9f7,60.16531,24.9442,00000000fdda10fe,11.7
170,2019-08-04T19:06:01Z,25b9a688fda1515f9ff250d01f89c4491af81e3721b9b2348d88d2e3,60.16762,24.95415,000000006b44cce7,27.28
171,2019-08-04T19:06:01Z,2612d27d01c2058ca7ef124831580127ec7719b5961fc27c62e43be9,60.1538,24.95595,0000000038bf9618,33.81
172,2019-08-04T19:06:01Z,2e5ae3385dc86fd3d9151b5b0b667496cbe8b1cb848397c08a808310,60.16448,24.97323,0000000053c6c2be,13.75
173,2019-08-04T19:06:01Z,331013bba85acda4dd52dcb9acf62694e4588c830cb2c8b72025f830,60.16531,24.9442,00000000fdda10fe,13.75
174,2019-08-04T19:06:01Z,374c1e0f3987979ef24f691b4840f7749333f9185223ccfc3f45b46c,60.16897,24.95222,00000000aa852af1,8.38
175,2019-08-04T19:06:01Z,39a37f457a531d24ef275c8d31531ab695049556cfaf0ca03d287356,60.16897,24.95222,00000000aa852af1,33.81
176,2019-08-04T19:06:01Z,3a96ecd4e6f46f3eddfc682ac37562cd2ae7973437506dee2ce1dafa,60.16829,24.94214,00000000afef4555,8.38
177,2019-08-04T19:06:01Z,441337352adaa109275cea31bad6cb386e6a1c26784b61ecdf955ef6,60.17918,24.95141,00000000675d5200,23.56
178,2019-08-04T19:06:01Z,44df57eaf97ab87b594e8071fde4485ab97b27151a4ac212d088303a,60.1538,24.95595,0000000038bf9618,5.41
179,2019-08-04T19:06:01Z,46507c71f0093b2b823d142c7091dd35c26344ad02bb26bf9b867d09,60.1538,24.95595,0000000038bf9618,18.79
180,2019-08-04T19:06:01Z,4cfbe8503e26d0e8dce54743eb3632d9e24c89dbc668f5d3dc84376a,60.16762,24.95415,000000006b44cce7,5.41
181,2019-08-04T19:06:01Z,584cb0b0cdd14e608c8b57c8aecc9826f9b40027e365e2438a444ea2,60.16762,24.95415,000000006b44cce7,11.7
182,2019-08-04T19:06:01Z,5a6d3c4f482524a7f561065f2bade7c40d70ebb7484014664dd904a7,60.16531,24.9442,00000000fdda10fe,33.81
183,2019-08-04T19:06:01Z,5d0ada6cbb26782621b91ab8ace3bd78bc7448db79904e22822006ea,60.16531,24.9442,00000000fdda10fe,14.89
184,2019-08-04T19:06:01Z,68b70d5225e532c3bf37dfee8f2123c3b873987ff00722bfbee91abc,60.16762,24.95415,000000006b44cce7,20.28
185,2019-08-04T19:06:01Z,692cb1e58e47465a67ac2f3b75ce3517205810ea47dd5dd13ed3ed51,60.16762,24.95415,000000006b44cce7,11.7
186,2019-08-04T19:06:01Z,6db9858b7ae3e2cd6f34b3015039dd929162cdf90b587f544e5da834,60.16829,24.94214,00000000afef4555,21.87
187,2019-08-04T19:06:01Z,6ee7ebdef6d02199661db8d11e27fa1bc1526f599db29cc20e9feefb,60.17065,24.93641,000000000f4919c9,29.32
188,2019-08-04T19:06:01Z,721660bc852c6c9f982ee6fefecb27c459374740396425b2b34494f8,60.14947,24.91438,000000004ef3150d,23.56
189,2019-08-04T19:06:01Z,762c802bd8744db9c09269bb19a45cb4be0ac27a03104a63619ba017,60.16897,24.95222,00000000aa852af1,7.69
190,2019-08-04T19:06:01Z,7878d6b3b5ddea3b023c1e38082ee42a5fa977285f760ded10e6b9a0,60.15133,24.92329,00000000e8a064a4,31.5
191,2019-08-04T19:06:01Z,7b5a10027cd898eb86aa589210629a7209d8b56449d938bfcd42f400,60.16544,24.95398,0000000038d83d41,18.79
192,2019-08-04T19:06:01Z,827a721dc02b428825303275e2b00e8490de5e5071b650572090ed12,60.149,24.9843,00000000fffb8cf0,14.89
193,2019-08-04T19:06:01Z,87eb10293cea5f5f08f4ba60ccffc826b0dc5f9029f26f3229ee1f66,60.17002,24.94407,000000006b087f40,27.28
194,2019-08-04T19:06:01Z,9287ca3887837ea49a8272eb2ab0393e5d60584cf7565f3860c7ddb6,60.16531,24.9442,00000000fdda10fe,8.38
195,2019-08-04T19:06:01Z,995a382ac307d820dc6aaa7934480887c4d06e9772d3b3ac7b707414,60.1538,24.95595,0000000038bf9618,17.4
196,2019-08-04T19:06:01Z,9a9d3e57297f563d35c6ca99f8079d131e535bb22061fb8461006745,60.16629,24.95957,00000000fb7600be,21.87
197,2019-08-04T19:06:01Z,a30580c62cd95cbac412b85c0936118a5cd7fabd257925e0edda0280,60.16629,24.95957,00000000fb7600be,18.79
198,2019-08-04T19:06:01Z,ae63b68c2b39929158368a394c3ab649b59a5ee56359d7202c3ace6e,60.14947,24.91438,000000004ef3150d,41.64
199,2019-08-04T19:06:01Z,ae7dae0149faa2f276c5f64fdf71a401cd0c407979757bc56d50a271,60.16829,24.94214,00000000afef4555,5.91
200,2019-08-04T19:06:01Z,af51685f386be5d7bd2cada74d12e8587416fb0654e563adb5506df6,60.16762,24.95415,000000006b44cce7,8.38
201,2019-08-04T19:06:01Z,b765e37a6a1e0ad72e50d03ea490d62ecdf427d8c684b2229a5b6359,60.16897,24.95222,00000000aa852af1,17.4
202,2019-08-04T19:06:01Z,bc07df8cc395f6f4f5d483b2233caca5f93a6918f346e4cc3702f8cc,60.16531,24.9442,00000000fdda10fe,7.05
203,2019-08-04T19:06:01Z,c0a0ca3433586ed2ae0e448f2406fabac7292ac79d49562e0bd5cef8,60.16762,24.95415,000000006b44cce7,11.7
204,2019-08-04T19:06:01Z,c35f91ce9eedf47e7ea92776597e80ca3ff96666c214d70914e1d6cf,60.16544,24.95398,0000000038d83d41,17.4
205,2019-08-04T19:06:01Z,c47bce73fb008b9be56acb38c5f9e8c602a471a9f3672264f11d71b5,60.17065,24.93641,000000000f4919c9,16.1
206,2019-08-04T19:06:01Z,c4ffa87b988ce7872bbd43eab249178abdab712f124d6db9d1a414bd,60.16531,24.9442,00000000fdda10fe,1.25
207,2019-08-04T19:06:01Z,c5df9f519a265c15b164044bea8d8467f88a833a13ba9c92b304eca8,60.1538,24.95595,0000000038bf9618,36.27
208,2019-08-04T19:06:01Z,cfe50e60c8cb99eaf09b1675d8982525b789b7f55c34fa06a0dd0238,60.16629,24.95957,00000000fb7600be,17.4
209,2019-08-04T19:06:01Z,d2d87639b00733e89ae0b293e411614163eb435a3062d5d47f1bc2fe,60.16762,24.95415,000000006b44cce7,20.28
210,2019-08-04T19:06:01Z,d6ff03c42e006c30e775ea27fe9c12ba9eccad7326396156a3708917,60.17002,24.94407,000000006b087f40,20.28
211,2019-08-04T19:06:01Z,d76d79a2d7f4310fbe1c6ce914154f09b64f05c20a1900b2dd372170,60.16762,24.95415,000000006b44cce7,17.4
212,2019-08-04T19:06:01Z,d81ccf218f13309128310c99359579ddaaad093045e34903c512d10f,60.1538,24.95595,0000000038bf9618,31.5
213,2019-08-04T19:06:01Z,da6425c1e164c0756e8e9bf61d9779db84e5709910135bbcf377a23b,60.17002,24.94407,000000006b087f40,27.28
214,2019-08-04T19:06:01Z,dc406ceeab30d1c73ba7cb053f1982d659ac63a79438852b494d25d5,60.16075,24.95883,00000000f1124bca,29.32
215,2019-08-04T19:06:01Z,de11b2f4b6b6746993453489819141b83ba3778da1072b39bca88d01,60.16762,24.95415,000000006b44cce7,12.69
216,2019-08-04T19:06:01Z,e146a005895fb34bd6ba171e992a110e3768e607872add67faa900fa,60.16762,24.95415,000000006b44cce7,14.89
217,2019-08-04T19:06:01Z,ec34aef77b05eae308acdd9978594650d57f13477b88f8e0fe2805c8,60.16629,24.95957,00000000fb7600be,7.69
218,2019-08-04T19:06:01Z,ed7adc01d27c3825fe6cf8810f6456cc45a2acc1fc56d3a32a7f4baa,60.14947,24.91438,000000004ef3150d,9.92
219,2019-08-04T19:06:01Z,f3733568448043ce8d8fb63885a7413b6b03d133fae89bc782d5a0ec,60.16544,24.95398,0000000038d83d41,23.56
220,2019-08-04T19:06:01Z,f5c30599894fc8ec57b855768d4452e2a9bbec83ff94d07520b8fbd1,60.16762,24.95415,000000006b44cce7,7.05
221,2019-08-04T19:06:01Z,fd1e12673fb077e47ab535685fe6103d6f8cfc8c264a50383817db47,60.14947,24.91438,000000004ef3150d,7.05
222,2019-08-04T19:06:01Z,fd78ef1d643665302d0213e5179de31f50eeba0fda83ce47e8d04f0b,60.17002,24.94407,000000006b087f40,25.36
223,2019-08-04T19:06:01Z,ff4cdd2cafd283fc9a3edf4889a4ee2de6ee8d58bd59b35d36443033,60.17002,24.94407,000000006b087f40,20.28
224,2019-08-04T19:06:02Z,002609eccfa6482109fb43966e0153bf6f371425cf715e49925348dd,60.14699,24.922,00000000a53ed894,14.89
225,2019-08-04T19:06:02Z,0104097a4a93055d6feae9bad4c28bff4954a25c3f3dc183822a2a28,60.16544,24.95398,0000000038d83d41,23.56
226,2019-08-04T19:06:02Z,0dc8c9fd6c6ca193d5326d70d6f9efc1963bcd534fc7c80032f0e192,60.16544,24.95398,0000000038d83d41,23.56
227,2019-08-04T19:06:02Z,107ff02ae50ba9cd6c9786f94e49b00c78a869a58f37f6f253c90e56,60.16762,24.95415,000000006b44cce7,23.56
228,2019-08-04T19:06:02Z,14c7e1511b70f4dd3359cbece1377aebb4d70531f5489eefe53d7c3c,60.16544,24.95398,0000000038d83d41,23.56
229,2019-08-04T19:06:02Z,165ebbb4090d47319ae370f0d0854fdc1f6b79499f8b2e4d3c3533c0,60.16544,24.95398,0000000038d83d41,27.28
230,2019-08-04T19:06:02Z,18a7cc18e342213704ea064466030587974195a1405c322d3118dcf3,60.14699,24.922,00000000a53ed894,13.75
231,2019-08-04T19:06:02Z,25a7ff811c3c06e426c7c2cbb0433d9a2a3399b23afecbd35584ab0f,60.18203,24.91341,00000000342570c2,11.7
232,2019-08-04T19:06:02Z,297c725b456ef12d2712634b21546721cbe93224d3a5762d897404f2,60.16762,24.95415,000000006b44cce7,12.69
233,2019-08-04T19:06:02Z,2c7447fb0268b612e12243f64ab499d0e98b62adeee251409b316f5c,60.16897,24.95222,00000000aa852af1,27.28
234,2019-08-04T19:06:02Z,2c7cb33a1d5aeed6b1f2e9731589deaaeaa1f23489d56c14fa34eac1,60.14951,24.92138,0000000006dd41f6,18.79
235,2019-08-04T19:06:02Z,2fc7f6b10eaa01105ed32b786eca9a15ea3ad441b9ab95eb360cf57c,60.18203,24.91341,00000000342570c2,33.81
236,2019-08-04T19:06:02Z,3944bc7a301be7241d1f7bc4a97f221000d535ce3d8a9af9af9b23b5,60.16531,24.9442,00000000fdda10fe,21.87
237,2019-08-04T19:06:02Z,43b676ed3aef4c2d8846694817e76117873be52e7f788e0cb366c1c4,60.16629,24.95957,00000000fb7600be,29.32
238,2019-08-04T19:06:02Z,491b2670fa626c719c5624e2a013e9325dd599d02b93ca1a1b0e3416,60.16544,24.95398,0000000038d83d41,14.89
239,2019-08-04T19:06:02Z,5bbb5184fded3e51bc78e45e39917794285e6bbc72da404802a9599a,60.16531,24.9442,00000000fdda10fe,20.28
240,2019-08-04T19:06:02Z,5d65719c4cbf045f068d084b72302f447d5fd034413d97d13be00d0e,60.18203,24.91341,00000000342570c2,20.28
241,2019-08-04T19:06:02Z,6066632ddc94b5c482a2d4f45ed2532e55e3fd63e414a084a596a737,60.16762,24.95415,000000006b44cce7,21.87
242,2019-08-04T19:06:02Z,6ff437688c444238352c28f64f9d2a7d0f14d19c9ea42c225380501e,60.16762,24.95415,000000006b44cce7,18.79
243,2019-08-04T19:06:02Z,737efc92e3419e9d96a8559ec341ea7e18ba6381fd8e4de3d06f82a0,60.14951,24.92138,0000000006dd41f6,23.56
244,2019-08-04T19:06:02Z,764b18f2619bd0b14d8426810727aa3f13a9b753e6f58dd333477152,60.16531,24.9442,00000000fdda10fe,25.36
245,2019-08-04T19:06:02Z,79f136afa0dd8717337c01c70b457c464aaf0fa25b440f51a394ec23,60.16762,24.95415,000000006b44cce7,11.7
246,2019-08-04T19:06:02Z,7b0161728235a5ae8ab965ad670c34d640fdd76aa238943cc640c875,60.17002,24.94407,000000006b087f40,25.36
247,2019-08-04T19:06:02Z,87dfaad29a9276ddddb1fa021d3bc23ad14824c1af16f7d87e713689,60.14951,24.92138,0000000006dd41f6,10.78
248,2019-08-04T19:06:02Z,8c75c3289c84fe4493e1e272a77b615fe1985880c5dc68a7c1a17b53,60.16762,24.95415,000000006b44cce7,18.79
249,2019-08-04T19:06:02Z,9843c6216661048343a0e49cf3d8aa2883cf77f452666a1c873a1052,60.16448,24.97323,0000000053c6c2be,12.69
250,2019-08-04T19:06:02Z,9c280d84a7d10042f53fc4cc1ffb14f517437a8b7d7a0d7de7654103,60.16897,24.95222,00000000aa852af1,14.89
251,2019-08-04T19:06:02Z,a91d379a4b57c5df22db0d7a041ff69f657b4b31f28554b1011fc03c,60.16544,24.95398,0000000038d83d41,31.5
252,2019-08-04T19:06:02Z,ae556011c511e79ed2daac915308eebfe8e1f17c56850f7a1fc92ce1,60.14699,24.922,00000000a53ed894,25.36
253,2019-08-04T19:06:02Z,af39edf2bb940054e6f0ba41fbd2dda73c80369a5559082bdc868dc6,60.16762,24.95415,000000006b44cce7,13.75
254,2019-08-04T19:06:02Z,b33ae7715d6d2571066655c2c8954a5a364b5601869047de83410d9f,60.16629,24.95957,00000000fb7600be,23.56
255,2019-08-04T19:06:02Z,b5fd6b317890e5ab2d79e2cd1abe61626d45a753c7337d0d40728898,60.16762,24.95415,000000006b44cce7,7.05
256,2019-08-04T19:06:02Z,b705506de45e1c158214c9e58d86524ac86353bd54ec621b6d3d84c4,60.16762,24.95415,000000006b44cce7,16.1
257,2019-08-04T19:06:02Z,b768e8fc4fd123f299abea37ed749bba21656ddaf18ce0d2746898fe,60.16762,24.95415,000000006b44cce7,23.56
258,2019-08-04T19:06:02Z,ca94ea8bc22f07965f543cd3ead8a37fbd78a987bb93b7742ed6febe,60.16762,24.95415,000000006b44cce7,14.89
259,2019-08-04T19:06:02Z,cf05623e4d87ce0906c0b0b7dbf53aacc1228016cd27c341228b6e76,60.18203,24.91341,00000000342570c2,18.79
260,2019-08-04T19:06:02Z,d466739295da5e108e9f8a1a4f387f1cec8bde1ff3a78529697bdcc2,60.16829,24.94214,00000000afef4555,29.32
261,2019-08-04T19:06:02Z,d73d0854198e184ee42ff4f9e9da255df0af90985363aea6a02d33d7,60.16762,24.95415,000000006b44cce7,10.78
262,2019-08-04T19:06:02Z,e3de1802aa8f91dbfc477438d84c4ec63d2e786f11c72285c26137a8,60.17002,24.94407,000000006b087f40,11.7
263,2019-08-04T19:06:02Z,ed7f425a0b8c06bda9e9a490e5ce6248795c4d395689c28364034dc3,60.16762,24.95415,000000006b44cce7,18.79
264,2019-08-04T19:06:02Z,f088630d7476dae7d4b7e2bb1f10575f2c89acb4b6e061f3d57c2b40,60.16531,24.9442,00000000fdda10fe,31.5
265,2019-08-04T19:06:02Z,fc4f3a44235f1cfc7b53f14ba2da599976a5a0a220d23b852688e485,60.17919,24.95181,000000007b5207b6,29.32
266,2019-08-04T19:06:02Z,033254ed6118de59fed8f6feead3b7a820dcd7984ca27b5c9fb729c9,60.16762,24.95415,000000006b44cce7,13.75
267,2019-08-04T19:06:02Z,05e1a361d4ffb6cc76008aef1deedaf816981ecf099c59ce77fea1a9,60.15133,24.92329,00000000e8a064a4,17.4
268,2019-08-04T19:06:02Z,0c5754aa665e8748b65ed4843a95bb1649e3db591de58ecf4d1344a1,60.17919,24.95181,000000007b5207b6,18.79
269,2019-08-04T19:06:02Z,0d6c9aa1e8ff06ac50aa1480ebdfed597ee8a8b0ce32896cfcedb93f,60.16762,24.95415,000000006b44cce7,5.91
270,2019-08-04T19:06:02Z,0f59bf4cf4202371f9bee296aa7085bc56b4f8f30560e3e139fd2a9f,60.16762,24.95415,000000006b44cce7,9.92
271,2019-08-04T19:06:02Z,0ffd58ee7d00187f6f2c35dbf0f5b5cab042ecabfa42c01a21eb1156,60.15133,24.92329,00000000e8a064a4,29.32
272,2019-08-04T19:06:02Z,16345c5d8758e130f85e11e74c027900ff3a66f19010f4a1a2d7d03a,60.17065,24.93641,000000000f4919c9,14.89
273,2019-08-04T19:06:02Z,185f4f69a903bb76b133eb1911c319c51f9561bfdb614f4ac8e7938c,60.16762,24.95415,000000006b44cce7,5.41
274,2019-08-04T19:06:02Z,1b81721db3579d84ce4ee82ca59ea7383331867ef76feec3fec3008d,60.16629,24.95957,00000000fb7600be,11.7
275,2019-08-04T19:06:02Z,1ca2a3dc3dfc4b7c43e5c2670f235bdd61b23459d91984dde3e5afff,60.14699,24.922,00000000a53ed894,20.28
276,2019-08-04T19:06:02Z,1faaaeff6423708e06d94b904af4be93e399939fbdfd3b3091dc8bd2,60.15432,24.9211,0000000019fb59c4,12.69
277,2019-08-04T19:06:02Z,23e9795355e45d852c9c842f44d2da499e66c1ac584b914b454e2dc9,60.17065,24.93641,000000000f4919c9,21.87
278,2019-08-04T19:06:02Z,254e9b9512b6f350eb6e5125230f382e9434169d73cf0cd709d9d9f7,60.16531,24.9442,00000000fdda10fe,6.46
279,2019-08-04T19:06:02Z,2612d27d01c2058ca7ef124831580127ec7719b5961fc27c62e43be9,60.1538,24.95595,0000000038bf9618,36.27
280,2019-08-04T19:06:02Z,2e5ae3385dc86fd3d9151b5b0b667496cbe8b1cb848397c08a808310,60.16448,24.97323,0000000053c6c2be,12.69
281,2019-08-04T19:06:02Z,331013bba85acda4dd52dcb9acf62694e4588c830cb2c8b72025f830,60.16531,24.9442,00000000fdda10fe,10.78
282,2019-08-04T19:06:02Z,34c355df9802a31784fa19d230c9e3c7e413806cab80212f8c1b07d2,60.16762,24.95415,000000006b44cce7,9.12
283,2019-08-04T19:06:02Z,374c1e0f3987979ef24f691b4840f7749333f9185223ccfc3f45b46c,60.16897,24.95222,00000000aa852af1,10.78
284,2019-08-04T19:06:02Z,39a37f457a531d24ef275c8d31531ab695049556cfaf0ca03d287356,60.16897,24.95222,00000000aa852af1,31.5
285,2019-08-04T19:06:02Z,3a96ecd4e6f46f3eddfc682ac37562cd2ae7973437506dee2ce1dafa,60.16829,24.94214,00000000afef4555,11.7
286,2019-08-04T19:06:02Z,441337352adaa109275cea31bad6cb386e6a1c26784b61ecdf955ef6,60.17918,24.95141,00000000675d5200,18.79
287,2019-08-04T19:06:02Z,44df57eaf97ab87b594e8071fde4485ab97b27151a4ac212d088303a,60.1538,24.95595,0000000038bf9618,7.69
288,2019-08-04T19:06:02Z,46507c71f0093b2b823d142c7091dd35c26344ad02bb26bf9b867d09,60.1538,24.95595,0000000038bf9618,14.89
289,2019-08-04T19:06:02Z,4cfbe8503e26d0e8dce54743eb3632d9e24c89dbc668f5d3dc84376a,60.16762,24.95415,000000006b44cce7,12.69
290,2019-08-04T19:06:02Z,584cb0b0cdd14e608c8b57c8aecc9826f9b40027e365e2438a444ea2,60.16762,24.95415,000000006b44cce7,20.28
291,2019-08-04T19:06:02Z,5ac550c3cc9bc7bc35ad048a8ec82775c79d7fe2a812eb54203a864d,60.16544,24.95398,0000000038d83d41,29.32
292,2019-08-04T19:06:02Z,5d0ada6cbb26782621b91ab8ace3bd78bc7448db79904e22822006ea,60.16531,24.9442,00000000fdda10fe,13.75
293,2019-08-04T19:06:02Z,637444cccbc28160d6b34e9f414caeac4ace95d16ac6c068c9762759,60.14699,24.922,00000000a53ed894,13.75
294,2019-08-04T19:06:02Z,647ad094f5abde6b6db6998a19b8d525db935366bb61a7032016cfaf,60.16762,24.95415,000000006b44cce7,7.05
295,2019-08-04T19:06:02Z,66dfe4c155cd540556642e9a3772a4541657ff8bc47c200413123c2a,60.16544,24.95398,0000000038d83d41,23.56
296,2019-08-04T19:06:02Z,692cb1e58e47465a67ac2f3b75ce3517205810ea47dd5dd13ed3ed51,60.16762,24.95415,000000006b44cce7,10.78
297,2019-08-04T19:06:02Z,6a3f410046e1bdbfe11251896c9b4cd3336ce94028706bcebc81806f,60.14951,24.92138,0000000006dd41f6,23.56
298,2019-08-04T19:06:02Z,70ca0ed986b65b9d847a5121dd2cadb12d02345d485f28be5b03b04c,60.14699,24.922,00000000a53ed894,36.27
299,2019-08-04T19:06:02Z,721660bc852c6c9f982ee6fefecb27c459374740396425b2b34494f8,60.14947,24.91438,000000004ef3150d,25.36
300,2019-08-04T19:06:02Z,762c802bd8744db9c09269bb19a45cb4be0ac27a03104a63619ba017,60.16897,24.95222,00000000aa852af1,4.5
301,2019-08-04T19:06:02Z,7b5a10027cd898eb86aa589210629a7209d8b56449d938bfcd42f400,60.16544,24.95398,0000000038d83d41,18.79
302,2019-08-04T19:06:02Z,827a721dc02b428825303275e2b00e8490de5e5071b650572090ed12,60.149,24.9843,00000000fffb8cf0,20.28
303,2019-08-04T19:06:02Z,84c3762cd0eb131ef33a688fc9941d68092d1e64715dd788566c916b,60.14951,24.92138,0000000006dd41f6,25.36
304,2019-08-04T19:06:02Z,85850db0696b8ec1867c0c629a2779fc334e66b6c39b45dca2bd5633,60.16829,24.94214,00000000afef4555,17.4
305,2019-08-04T19:06:02Z,9287ca3887837ea49a8272eb2ab0393e5d60584cf7565f3860c7ddb6,60.16531,24.9442,00000000fdda10fe,4.94
306,2019-08-04T19:06:02Z,995a382ac307d820dc6aaa7934480887c4d06e9772d3b3ac7b707414,60.1538,24.95595,0000000038bf9618,21.87
307,2019-08-04T19:06:02Z,a30580c62cd95cbac412b85c0936118a5cd7fabd257925e0edda0280,60.16629,24.95957,00000000fb7600be,16.1
308,2019-08-04T19:06:02Z,abd129eb8c15ec8b807569b89e7c9ea2b8bfeeae7131c10b8b73ac1d,60.17002,24.94407,000000006b087f40,36.27
309,2019-08-04T19:06:02Z,ae7dae0149faa2f276c5f64fdf71a401cd0c407979757bc56d50a271,60.16829,24.94214,00000000afef4555,7.05
310,2019-08-04T19:06:02Z,b513f1b9149340256dff017bb450cc07c8210d03a411781d9587b3b6,60.14699,24.922,00000000a53ed894,29.32
311,2019-08-04T19:06:02Z,b765e37a6a1e0ad72e50d03ea490d62ecdf427d8c684b2229a5b6359,60.16897,24.95222,00000000aa852af1,14.89
312,2019-08-04T19:06:02Z,bc07df8cc395f6f4f5d483b2233caca5f93a6918f346e4cc3702f8cc,60.16531,24.9442,00000000fdda10fe,7.69
313,2019-08-04T19:06:02Z,c0a0ca3433586ed2ae0e448f2406fabac7292ac79d49562e0bd5cef8,60.16762,24.95415,000000006b44cce7,25.36
314,2019-08-04T19:06:02Z,c35f91ce9eedf47e7ea92776597e80ca3ff96666c214d70914e1d6cf,60.16544,24.95398,0000000038d83d41,16.1
315,2019-08-04T19:06:02Z,c4ffa87b988ce7872bbd43eab249178abdab712f124d6db9d1a414bd,60.16531,24.9442,00000000fdda10fe,9.12
316,2019-08-04T19:06:02Z,cfe50e60c8cb99eaf09b1675d8982525b789b7f55c34fa06a0dd0238,60.16629,24.95957,00000000fb7600be,18.79
317,2019-08-04T19:06:02Z,d4fdfcfbe82b50bfe109b7140e85695e67cfce15979a0c6126c9f6a9,60.16531,24.9442,00000000fdda10fe,29.32
318,2019-08-04T19:06:02Z,d6ff03c42e006c30e775ea27fe9c12ba9eccad7326396156a3708917,60.17002,24.94407,000000006b087f40,25.36
319,2019-08-04T19:06:02Z,d81ccf218f13309128310c99359579ddaaad093045e34903c512d10f,60.1538,24.95595,0000000038bf9618,25.36
320,2019-08-04T19:06:02Z,da6425c1e164c0756e8e9bf61d9779db84e5709910135bbcf377a23b,60.17002,24.94407,000000006b087f40,44.58
321,2019-08-04T19:06:02Z,de11b2f4b6b6746993453489819141b83ba3778da1072b39bca88d01,60.16762,24.95415,000000006b44cce7,11.7
322,2019-08-04T19:06:02Z,e80477155cb38de1585675ecd61a385c3c60792d63fee3525f8ba4f7,60.14699,24.922,00000000a53ed894,12.69
323,2019-08-04T19:06:02Z,ec34aef77b05eae308acdd9978594650d57f13477b88f8e0fe2805c8,60.16629,24.95957,00000000fb7600be,7.05
324,2019-08-04T19:06:02Z,ecdeb1b9248afb131b38d63c924a4b1a422233536e6af6f878d5a981,60.16762,24.95415,000000006b44cce7,17.4
325,2019-08-04T19:06:02Z,ed7adc01d27c3825fe6cf8810f6456cc45a2acc1fc56d3a32a7f4baa,60.14947,24.91438,000000004ef3150d,8.38
326,2019-08-04T19:06:02Z,f22cada8a488ac0e3da6b73702bf9503f45da283ea413bce2c47e855,60.16829,24.94214,00000000afef4555,29.32
