,time,hash,latitude,longitude,serial,distance
0,2019-08-04T16:15:00Z,0104097a4a93055d6feae9bad4c28bff4954a25c3f3dc183822a2a28,60.16544,24.95398,0000000038d83d41,20.28
1,2019-08-04T16:15:00Z,0152988639aaaa9cc27213280c8f0c0c8ec97ae6a45aaaf743c9c25d,60.16544,24.95398,0000000038d83d41,23.56
2,2019-08-04T16:15:00Z,05a233714c004cd8c6cfaf1c060cd483f0c1ffdd5fae2cbbf3d8f1a1,60.1538,24.95595,0000000038bf9618,14.89
3,2019-08-04T16:15:00Z,07f8122078acc2a17ac351f1a53d28f3f5d2d222b8f9052e3849c263,60.16762,24.95415,000000006b44cce7,17.4
4,2019-08-04T16:15:00Z,0d85b598c652009b53aa870fe64aff1b95f84e796cde2c3b2ee49adf,60.14699,24.922,00000000a53ed894,18.79
5,2019-08-04T16:15:00Z,0dc8c9fd6c6ca193d5326d70d6f9efc1963bcd534fc7c80032f0e192,60.16544,24.95398,0000000038d83d41,23.56
6,2019-08-04T16:15:00Z,14c7e1511b70f4dd3359cbece1377aebb4d70531f5489eefe53d7c3c,60.16544,24.95398,0000000038d83d41,25.36
7,2019-08-04T16:15:00Z,22acbe5bc5ac259066767fb3804973b3ba881999f2c499b05247f06d,60.14951,24.92138,0000000006dd41f6,11.7
8,2019-08-04T16:15:00Z,25a7ff811c3c06e426c7c2cbb0433d9a2a3399b23afecbd35584ab0f,60.18203,24.91341,00000000342570c2,21.87
9,2019-08-04T16:15:00Z,29113a3967bc167b1fd69f346c60a884baf31f91288e032e493eeac2,60.16762,24.95415,000000006b44cce7,7.05
10,2019-08-04T16:15:00Z,297c725b456ef12d2712634b21546721cbe93224d3a5762d897404f2,60.16762,24.95415,000000006b44cce7,12.69
11,2019-08-04T16:15:00Z,354cac7b39d57e39a5b0ab2caa0a1a915a763605fa6631bab8683659,60.16829,24.94214,00000000afef4555,11.7
12,2019-08-04T16:15:00Z,36b298bea3c27f30235cbc7de929f2f14ff5d457f395de64ea57b3c7,60.16762,24.95415,000000006b44cce7,9.12
13,2019-08-04T16:15:00Z,3b037b6d1a3559bcb1b1d4e697e503982358129a61f375a2ed103920,60.16531,24.9442,00000000fdda10fe,12.69
14,2019-08-04T16:15:00Z,4109bc1b623e0a82ceba2140527c969669063be199f828a7e96f3f8f,60.16762,24.95415,000000006b44cce7,16.1
15,2019-08-04T16:15:00Z,46a3ece22390722dc1d159a35c7a15c74ade6ee24301e00cb922fd7f,60.17002,24.94407,000000006b087f40,23.56
16,2019-08-04T16:15:00Z,475f267711949cfd2725e259edc1dfdd1f81dbecb4408b189f1edf24,60.16629,24.95957,00000000fb7600be,27.28
17,2019-08-04T16:15:00Z,49029de1736fb1bc922f95672326f7768a350530303c9a578216df18,60.16762,24.95415,000000006b44cce7,16.1
18,2019-08-04T16:15:00Z,491b2670fa626c719c5624e2a013e9325dd599d02b93ca1a1b0e3416,60.16544,24.95398,0000000038d83d41,14.89
19,2019-08-04T16:15:00Z,4b842d60464228bdf8b8dfaefa4766148504b5565a809b7718dc5256,60.16762,24.95415,000000006b44cce7,6.46
20,2019-08-04T16:15:00Z,5b573566ad797d1e433fa846ce05dcdf70615ae05f3e645f49248773,60.17002,24.94407,000000006b087f40,29.32
21,2019-08-04T16:15:00Z,5d65719c4cbf045f068d084b72302f447d5fd034413d97d13be00d0e,60.18203,24.91341,00000000342570c2,18.79
22,2019-08-04T16:15:00Z,5eed115a984d490b02b602d73787aee8dc8c4e9365b77fbff3818a76,60.16629,24.95957,00000000fb7600be,17.4
23,2019-08-04T16:15:00Z,5fecff186138a9b3e31c6086c33dcd5f1d209e64f0afeed7c688cab0,60.16897,24.95222,00000000aa852af1,20.28
24,2019-08-04T16:15:00Z,6066632ddc94b5c482a2d4f45ed2532e55e3fd63e414a084a596a737,60.16762,24.95415,000000006b44cce7,18.79
25,2019-08-04T16:15:00Z,6a70e2fbced719333e21eff04fcb9cb36bae9a04d1a3d6ddd96f2c58,60.15432,24.9211,0000000019fb59c4,9.12
26,2019-08-04T16:15:00Z,6f06341f358e61699fe1e55e986dd0554bc8da28b91daf0c5ad99db6,60.16629,24.95957,00000000fb7600be,21.87
27,2019-08-04T16:15:00Z,737efc92e3419e9d96a8559ec341ea7e18ba6381fd8e4de3d06f82a0,60.14699,24.922,00000000a53ed894,25.36
28,2019-08-04T16:15:00Z,747f2d1ebff218c0ebbdc0fdaef4cbe56633dfb46ae1b1f8c8142201,60.16762,24.95415,000000006b44cce7,12.69
29,2019-08-04T16:15:00Z,7876e65f126121713ab8aded48e44b64ad5dd53b4c6e52536c374874,60.14951,24.92138,0000000006dd41f6,18.79
30,2019-08-04T16:15:00Z,7d93beb0fb40bd617a6f72b5feb2ff801d430879793160157aaf3f97,60.16762,24.95415,000000006b44cce7,9.92
31,2019-08-04T16:15:00Z,872a0fd0fd98353d8909e39f83a234878284e24ad8f4b1cd4b807e1c,60.16762,24.95415,000000006b44cce7,11.7
32,2019-08-04T16:15:00Z,87dfaad29a9276ddddb1fa021d3bc23ad14824c1af16f7d87e713689,60.14951,24.92138,0000000006dd41f6,9.12
33,2019-08-04T16:15:00Z,89514d693b1bede7d473d1b7d714829147cb42615145a8351c675525,60.14699,24.922,00000000a53ed894,25.36
34,2019-08-04T16:15:00Z,89982a6acf91b79a282a6b63978e946ee205f303fcd20e944e06baf0,60.16544,24.95398,0000000038d83d41,47.69
35,2019-08-04T16:15:00Z,8c3b1ed0846e38cc84b863a80540c8a75bfd85c8bdda36563d153110,60.16544,24.95398,0000000038d83d41,23.56
36,2019-08-04T16:15:00Z,8d633d0d43382790e056e9294aa8448245c852dc21eaeb874fefbd1e,60.16829,24.94214,00000000afef4555,17.4
37,2019-08-04T16:15:00Z,94512cd21b284eddaddc0be0d385bf5072dbeaa7e3eb345b3c161aa6,60.1538,24.95595,0000000038bf9618,29.32
38,2019-08-04T16:15:00Z,98239bf94ef54f747154b6cbe79cdbf3b87a27880fd23e82c8465dd2,60.14699,24.922,00000000a53ed894,10.78
39,2019-08-04T16:15:00Z,9843c6216661048343a0e49cf3d8aa2883cf77f452666a1c873a1052,60.16448,24.97323,0000000053c6c2be,13.75
40,2019-08-04T16:15:00Z,adb4e8722a2b43e19e819c36f2a528d1600ac6ca976eb919a63efbf1,60.16762,24.95415,000000006b44cce7,20.28
41,2019-08-04T16:15:00Z,b45e28e282dfe529e89dba9b7f113410a2225eb873c9cdfbf176ffbc,60.149,24.9843,00000000fffb8cf0,11.7
42,2019-08-04T16:15:00Z,b5fd6b317890e5ab2d79e2cd1abe61626d45a753c7337d0d40728898,60.16762,24.95415,000000006b44cce7,6.46
43,2019-08-04T16:15:00Z,b90577926dd52437738dad5f00d4049f63b26d870442dd6efe495a67,60.14699,24.922,00000000a53ed894,23.56
44,2019-08-04T16:15:00Z,bb98768dad0f7c52cf643f035a3e7e48f5cfe28557c66f2a75914b31,60.14699,24.922,00000000a53ed894,13.75
45,2019-08-04T16:15:00Z,bd01ac8fc2992e9ca32f28c1f1b22983845e90918ba97584017978aa,60.14699,24.922,00000000a53ed894,20.28
46,2019-08-04T16:15:00Z,bddeb29d971bd9472fcb760695040f402a4239acfa65c4d1a1631922,60.16897,24.95222,00000000aa852af1,20.28
47,2019-08-04T16:15:00Z,c205b98ade255b3e19e47f61dafa68fe18678244a1232e5d10690dd2,60.16762,24.95415,000000006b44cce7,18.79
48,2019-08-04T16:15:00Z,ccbe314ed2cc11febb4678f45930b75e15b4c0b40a9b3d79bdeb018f,60.16762,24.95415,000000006b44cce7,27.28
49,2019-08-04T16:15:00Z,cf05623e4d87ce0906c0b0b7dbf53aacc1228016cd27c341228b6e76,60.18203,24.91341,00000000342570c2,21.87
50,2019-08-04T16:15:00Z,cfc0bedb78ded52749db3188cb188bf6a250ef5990da9c5afa9623fc,60.14951,24.92138,0000000006dd41f6,20.28
51,2019-08-04T16:15:00Z,dbeb00942457ba3c5fb1984b57b1dedb268c0e761e80729b939f1fd8,60.16829,24.94214,00000000afef4555,29.32
52,2019-08-04T16:15:00Z,ddc0e0d4dcb8e320c4a6933b1ebc3b93e890e3f07b33f8a91180280f,60.16762,24.95415,000000006b44cce7,20.28
53,2019-08-04T16:15:00Z,e03cf2e6c802fb3105dcac7e259514f6f8ca8d2340cf63b080a01551,60.16762,24.95415,000000006b44cce7,4.5
54,2019-08-04T16:15:00Z,e25d178078722ee1bcfd7dc234170da6a2c1f8cfaa5f2a58442674ae,60.16762,24.95415,000000006b44cce7,6.46
55,2019-08-04T16:15:00Z,e8e366e76c97944e23c0f80b4fd3ce6e5832744922297146a49f0c7e,60.16762,24.95415,000000006b44cce7,7.05
56,2019-08-04T16:15:00Z,f088630d7476dae7d4b7e2bb1f10575f2c89acb4b6e061f3d57c2b40,60.16531,24.9442,00000000fdda10fe,25.36
57,2019-08-04T16:15:00Z,f1baf2e6f8f8efc9540b843a94791574ccbcb6268d9607cca31510af,60.16762,24.95415,000000006b44cce7,27.28
58,2019-08-04T16:15:00Z,f6609ab1076b1105bb845595a03b41b8fbb282f79c337df5bbc9f841,60.14699,24.922,00000000a53ed894,17.4
59,2019-08-04T16:15:00Z,fc4f3a44235f1cfc7b53f14ba2da599976a5a0a220d23b852688e485,60.17919,24.95181,000000007b5207b6,23.56
60,2019-08-04T16:15:00Z,02978cd5cb7127a718d3d775079ab940a3e81885ce6106495cca5ee4,60.1538,24.95595,0000000038bf9618,27.28
61,2019-08-04T16:15:00Z,0352e03014ce35a205b9223cb9f53d0277df4cfb3fc0ff9e9f1eba19,60.16897,24.95222,00000000aa852af1,16.1
62,2019-08-04T16:15:00Z,0413805762399525f916572e0de4852c934500b4a8465ac67a535d41,60.16762,24.95415,000000006b44cce7,16.1
63,2019-08-04T16:15:00Z,067bded5fad17f422969acb7d5e1f08cb58a0db30dddf9493ff33cd9,60.1538,24.95595,0000000038bf9618,23.56
64,2019-08-04T16:15:00Z,08e69f2a451daea953a02db8d716ec6e237241738ab0bd17330609bd,60.16448,24.97323,0000000053c6c2be,17.4
65,2019-08-04T16:15:00Z,0a108e5a98ccb65a175fff3d2631093b8a9e01c06b37e4a197149efa,60.16629,24.95957,00000000fb7600be,16.1
66,2019-08-04T16:15:00Z,0a3afc4ab263771c93975dfcc1bec698c8f89361968fc5bc139bccad,60.16829,24.94214,00000000afef4555,31.5
67,2019-08-04T16:15:00Z,0aa09ded7ab785a9c2e1a48706da914af6fb8c4258a683f666e7cf9f,60.16829,24.94214,00000000afef4555,17.4
68,2019-08-04T16:15:00Z,0ae22ba95eaf20ba6c0d7129d8e0bef856839d8b1609c42bd5164e72,60.1538,24.95595,0000000038bf9618,21.87
69,2019-08-04T16:15:00Z,0f19df9ab15069129c222f13ce6c30234e78ced1c228b08198e58ef1,60.16897,24.95222,00000000aa852af1,25.36
70,2019-08-04T16:15:00Z,0f46539c67a56f7bb9e01f49fa36b6724bb4a35a32cdcdf9909ff103,60.16762,24.95415,000000006b44cce7,13.75
71,2019-08-04T16:15:00Z,1219eb3ec053dab49fce783637b02624e2321f0c75b416ac4f791310,60.16762,24.95415,000000006b44cce7,9.92
72,2019-08-04T16:15:00Z,133990780178f1e7266251837467d1ac5b1601a429da673787f4b3fd,60.16531,24.9442,00000000fdda10fe,5.41
73,2019-08-04T16:15:00Z,15ded884a598c27f01e3493bf76f62de8009c9a0fa27355051d8ff2e,60.16829,24.94214,00000000afef4555,12.69
74,2019-08-04T16:15:00Z,1891a75642ea8c3a08c8d25c99aa0edcceca9c5d2610ffbb46e8c9fd,60.16629,24.95957,00000000fb7600be,20.28
75,2019-08-04T16:15:00Z,1a1e7c3c4830cf69f73fb4e36ae076c0d41228634ec5a20c4f80bd64,60.16629,24.95957,00000000fb7600be,23.56
76,2019-08-04T16:15:00Z,1a86cab27a121adf7e3bd8421c8a4f4cb7261c1c2232a3b8debebd4a,60.16544,24.95398,0000000038d83d41,25.36
77,2019-08-04T16:15:00Z,1acf3677b049eaf23b65a207811bac6deb77dff6e23cbee810a49cf2,60.16897,24.95222,00000000aa852af1,9.12
78,2019-08-04T16:15:00Z,1ca2a3dc3dfc4b7c43e5c2670f235bdd61b23459d91984dde3e5afff,60.14699,24.922,00000000a53ed894,13.75
79,2019-08-04T16:15:00Z,1cd539b05339e19c604edcf9c327a16036a7aa4dbb6d50daeccd2d99,60.16762,24.95415,000000006b44cce7,23.56
80,2019-08-04T16:15:00Z,1e106d710521b1ed7f7a07712955df5b6855cf2c843d5178be82db5b,60.17002,24.94407,000000006b087f40,27.28
81,2019-08-04T16:15:00Z,1f3e0bcb33fd5411b8a18d51b052564c56e861fd7b68822516eed307,60.17918,24.95141,00000000675d5200,9.92
82,2019-08-04T16:15:00Z,1facf3198bd9a05528c3013885a7ecdb77cfed1d78fd71edcac6f336,60.14947,24.91438,000000004ef3150d,8.38
83,2019-08-04T16:15:00Z,205d9a8031d73cd52a6d7776a2ec5b510209c6da6d82c620e06e022a,60.1538,24.95595,0000000038bf9618,31.5
84,2019-08-04T16:15:00Z,2264595fffcdd098c837e25a07ca0d3d66fc72f0adb157ff6a78448c,60.16544,24.95398,0000000038d83d41,36.27
85,2019-08-04T16:15:00Z,2301f0d6213d375a0d5b267368fd966895cb23830202808165f28390,60.14947,24.91438,000000004ef3150d,9.92
86,2019-08-04T16:15:00Z,247c49383b6d1cccfcdf1d3a9295215507e56f55db0e2eab89a0117b,60.1538,24.95595,0000000038bf9618,23.56
87,2019-08-04T16:15:00Z,2972116705ac8020c322d94650e545c413bc813b8b63299c92bd7691,60.16897,24.95222,00000000aa852af1,23.56
88,2019-08-04T16:15:00Z,29bbaa0fdf8b1393151207c45d44272682f0af9265f9e24e214a9b43,60.16629,24.95957,00000000fb7600be,9.92
89,2019-08-04T16:15:00Z,2c1419209e26a6a469fa4a2d7685890d96318254eb2c049e3d1ca288,60.16629,24.95957,00000000fb7600be,14.89
90,2019-08-04T16:15:00Z,2ce3d6851f8e975313019f57b8ee6fce93afd8aec282f7b7763d9ea2,60.149,24.9843,00000000fffb8cf0,21.87
91,2019-08-04T16:15:00Z,3228a45e0ae99c9afc5128101ea3c5419c6a136c33374420eeef9a06,60.1538,24.95595,0000000038bf9618,12.69
92,2019-08-04T16:15:00Z,32dd15ddc42d1de000556bb65fd6052c5c5b757195bcfce63e63ea17,60.149,24.9843,00000000fffb8cf0,25.36
93,2019-08-04T16:15:00Z,3365a4d54ff2c374c8066070e3df78471ea795691aa2909b9b08ed87,60.16897,24.95222,00000000aa852af1,23.56
94,2019-08-04T16:15:00Z,3420a25ca1f4825206dc0bc8f49653cd985247e6daa64d163b70f0ac,60.149,24.9843,00000000fffb8cf0,21.87
95,2019-08-04T16:15:00Z,359e0206892508916169fb89816092674524aaeb89b383aa30c75093,60.16897,24.95222,00000000aa852af1,25.36
96,2019-08-04T16:15:00Z,3a96ecd4e6f46f3eddfc682ac37562cd2ae7973437506dee2ce1dafa,60.16829,24.94214,00000000afef4555,10.78
97,2019-08-04T16:15:00Z,3afa04e2fb27ff647f531257e20e7f0ebbd7479b2a1c9c529b3a2634,60.16897,24.95222,00000000aa852af1,9.12
98,2019-08-04T16:15:00Z,3c1aa262814cc671d3cf246eba3869b53393ddd742f66446ad049ce5,60.16897,24.95222,00000000aa852af1,29.32
99,2019-08-04T16:15:00Z,3e5c2b53ecaa140796422ce894ecf44001a160d66025c1350cba179a,60.1538,24.95595,0000000038bf9618,20.28
100,2019-08-04T16:15:00Z,40b8aa5bf7e256eb9b0cc74eb1a5ce5299739cad12ee11936db87b85,60.16762,24.95415,000000006b44cce7,16.1
101,2019-08-04T16:15:00Z,430581755175fc71272e748dbe280ac919338ac5e841375d807425f6,60.16829,24.94214,00000000afef4555,25.36
102,2019-08-04T16:15:00Z,43c871062412e6a8f265704c6cc82fbc285f1271b0e76900ddf384b7,60.15432,24.9211,0000000019fb59c4,17.4
103,2019-08-04T16:15:00Z,45ef24a1b2741bf64d2d1da7c9fb97bdae97419dd9cd3e12277ec281,60.14947,24.91438,000000004ef3150d,21.87
104,2019-08-04T16:15:00Z,47917dd92881d16af98420e591599bac35a2e013a119c86916bcd466,60.16531,24.9442,00000000fdda10fe,20.28
105,2019-08-04T16:15:00Z,47c92db28c68aa1e0f7ffbf2826cd6a464285aff106a9c6bb3f58751,60.17065,24.93641,000000000f4919c9,11.7
106,2019-08-04T16:15:00Z,48d9473e1ebf856ba60cb86e9906fbed7812ff3cc8d28650c2961a6f,60.16531,24.9442,00000000fdda10fe,36.27
107,2019-08-04T16:15:00Z,49ca43fd21951cf003415c826c40cfd55ac1b0262d8be029b060b938,60.16897,24.95222,00000000aa852af1,9.92
108,2019-08-04T16:15:00Z,4b050a96acef67c67f9d1ed081f973d375a05297e7f6f2c394d3eb83,60.1538,24.95595,0000000038bf9618,29.32
109,2019-08-04T16:15:00Z,4c0c567527b9a8957b3dce66a55358ae5aebc9202a45cc2b484eb8f2,60.16829,24.94214,00000000afef4555,20.28
110,2019-08-04T16:15:00Z,4fda75b31ddb3fefe356a6ec8eabc1a0c34dede4e5022b950cbcdf9d,60.16897,24.95222,00000000aa852af1,21.87
111,2019-08-04T16:15:00Z,5214c02f149e639a6c60b8b5884280a90e9669210e4e2796094f69e0,60.17002,24.94407,000000006b087f40,23.56
112,2019-08-04T16:15:00Z,5483cddd9067614bafd29659eb68f638637a7deed4b9e71d22b2e6d6,60.16762,24.95415,000000006b44cce7,8.38
113,2019-08-04T16:15:00Z,57982d4a73ec8e9ebbe3525e40fd38cb6efec12b90a2422d87af7ab0,60.16448,24.97323,0000000053c6c2be,12.69
114,2019-08-04T16:15:00Z,584cb0b0cdd14e608c8b57c8aecc9826f9b40027e365e2438a444ea2,60.16762,24.95415,000000006b44cce7,12.69
115,2019-08-04T16:15:00Z,59b2dfc7b36847d3273955b653fc1c0f4b6fdf01853df0e83fe60370,60.16544,24.95398,0000000038d83d41,25.36
116,2019-08-04T16:15:00Z,5cc238656594ef79677a38544b5691a9d13e5878dcaaaf2d63742d46,60.1538,24.95595,0000000038bf9618,27.28
117,2019-08-04T16:15:00Z,5cdddaea0423e712b551a5caf2943ac09d38c7f4247544563ca59166,60.17002,24.94407,000000006b087f40,21.87
118,2019-08-04T16:15:00Z,5e1c35230b4a9ae5d6e84bbe84aacc3e51b6a413a7f73a184acf6f0e,60.16629,24.95957,00000000fb7600be,17.4
119,2019-08-04T16:15:00Z,5e2fb301cda4dbd8f343aea983cd880f3a3d31441514376ac4ac0073,60.1538,24.95595,0000000038bf9618,33.81
120,2019-08-04T16:15:00Z,60e45e236f328e7b1ac86762058e31cc85b9083ca44f402bf8629a04,60.16762,24.95415,000000006b44cce7,9.92
121,2019-08-04T16:15:00Z,63f8b70afc62b274b2813d0be9dd1c0de9cd521b550de77396bc63db,60.149,24.9843,00000000fffb8cf0,23.56
122,2019-08-04T16:15:00Z,699d4f0556459afa2e1afe5daa87b35bef7f46c6f9f22fb204b45953,60.14947,24.91438,000000004ef3150d,27.28
123,2019-08-04T16:15:00Z,69ec9a2b8ac38382b651f8c100f4a9aa4f2c5dda80cb13ac46e219d7,60.17065,24.93641,000000000f4919c9,29.32
124,2019-08-04T16:15:00Z,6b071d6063e3bc24a27a1660368d7739a4e6ab22c93ea4d1a170dd89,60.16897,24.95222,00000000aa852af1,18.79
125,2019-08-04T16:15:00Z,6b3ae8aa7e65115a23b5279f8a9fd64a258ef94b376a5628fb6b057b,60.16629,24.95957,00000000fb7600be,16.1
126,2019-08-04T16:15:00Z,6b68903543f3677acfe6fa4ad6a99668bd5885f4bd80a682c4408dc8,60.17002,24.94407,000000006b087f40,29.32
127,2019-08-04T16:15:00Z,6d67e3275ba52ef2fb785b46dc7559ef26182e047f0f39a7c646aa13,60.149,24.9843,00000000fffb8cf0,27.28
128,2019-08-04T16:15:00Z,70cca396811418acf533be70c3c86f2765deca858f22fe40d8c336b2,60.18203,24.91341,00000000342570c2,21.87
129,2019-08-04T16:15:00Z,71712a1e791b20adc73f7648f59ff057093877c5ad783b2552b6e440,60.14699,24.922,00000000a53ed894,11.7
130,2019-08-04T16:15:00Z,72a1790269e7eb7264aa046ec6c31a3db7d645cb120899659e3a1713,60.16629,24.95957,00000000fb7600be,20.28
131,2019-08-04T16:15:00Z,72ce2eaa502fa7edab7e273eb5c98e138e17ac8c5fc26587680235c8,60.16448,24.97323,0000000053c6c2be,12.69
132,2019-08-04T16:15:00Z,740872ec0435c66979fd14af856675d042eaa1fc61643741d30825ff,60.173,24.92524,0000000096918cfa,29.32
133,2019-08-04T16:15:00Z,745fa6273935432ae5bb2a7cd407ec2bbeb187902902e4e5f18e31aa,60.16762,24.95415,000000006b44cce7,16.1
134,2019-08-04T16:15:00Z,766582c578c458491b4256d660258acadc70096227bc1dc14ac5a749,60.16762,24.95415,000000006b44cce7,31.5
135,2019-08-04T16:15:00Z,76855dc15101fa08c4b80056804b88478dd08a08861a5d2765a39420,60.16829,24.94214,00000000afef4555,11.7
136,2019-08-04T16:15:00Z,77c08d496c9127f6277024df404281fa896fda1df8fc0ad59cd85088,60.16762,24.95415,000000006b44cce7,6.46
137,2019-08-04T16:15:00Z,79bde23c1a8980f93a65e14306f0d8ea89e164430d8b991e2bfee82e,60.16531,24.9442,00000000fdda10fe,27.28
138,2019-08-04T16:15:00Z,7a39a456a343cc04959b567985021bd2d4b22234a9e0e49a56d23d10,60.173,24.92524,0000000096918cfa,25.36
139,2019-08-04T16:15:00Z,7c0fb21c8a30aba58b8070a97fa0f40d425d3c22b8c73e0f458e9d3e,60.149,24.9843,00000000fffb8cf0,25.36
140,2019-08-04T16:15:00Z,7c30b31b97e3732b12bca4d1ad7fa37d4fed2ff5eaa0137ecf251554,60.1538,24.95595,0000000038bf9618,23.56
141,2019-08-04T16:15:00Z,8066ecc1b259fd95ae896c24090543aa881cc9b8c9fddbeb1c1025b5,60.16448,24.97323,0000000053c6c2be,18.79
142,2019-08-04T16:15:00Z,8217034248d46fbabce2b97e3c2cca458f441b1c1be5f6931b1cf716,60.16897,24.95222,00000000aa852af1,29.32
143,2019-08-04T16:15:00Z,82d9349f2676417e9e0adc673b1498a14e21b5b74a78007e894fd568,60.16897,24.95222,00000000aa852af1,21.87
144,2019-08-04T16:15:00Z,846e2ae727644a6c3692a02f5255889d97b58a946539090796c97c80,60.16531,24.9442,00000000fdda10fe,14.89
145,2019-08-04T16:15:00Z,85a2c237f38edb7918047496f6a2532af787e51553ef70c3f33d33fc,60.16629,24.95957,00000000fb7600be,16.1
146,2019-08-04T16:15:00Z,865e23c6d726a9bb152938b8a9af14938f48f58ac76d6e2e39b6c9b4,60.16629,24.95957,00000000fb7600be,25.36
147,2019-08-04T16:15:00Z,874a31df1366444f4718824ed454d62a112244a2e87af46e5d503a8e,60.16762,24.95415,000000006b44cce7,16.1
148,2019-08-04T16:15:00Z,874b837cef3a11bb8584d3aae7dd5edf25b226671d6bd24d5614febe,60.149,24.9843,00000000fffb8cf0,18.79
149,2019-08-04T16:15:00Z,887299684496c2b7661180514c0fcf9cdfabb3d53bed3c7808d70c36,60.14699,24.922,00000000a53ed894,25.36
150,2019-08-04T16:15:00Z,8a6d5daca294d1d6d91964655edbc994dac0f8822f36a4fa2b0ed3b8,60.14947,24.91438,000000004ef3150d,17.4
151,2019-08-04T16:15:00Z,8ab0380136d35a2da21b750042051fb73828f840ab5c3e09589a7418,60.18203,24.91341,00000000342570c2,18.79
152,2019-08-04T16:15:00Z,8c5d90008aacb0bc3f9251e88a4fc794d7b723feda2adf4c30a8e9ce,60.18203,24.91341,00000000342570c2,25.36
153,2019-08-04T16:15:00Z,8e796226cd76dd7d55b877e1410fd3435359ddb7316bbe742d3667b9,60.1538,24.95595,0000000038bf9618,17.4
154,2019-08-04T16:15:00Z,913d85e1854b1393fc4559c5e530b5c7e119abcaaca69ddb4384a153,60.1538,24.95595,0000000038bf9618,31.5
155,2019-08-04T16:15:00Z,981d34ad16321de5f3abf901d54b35bafd09f3437a4c39f8fedd7e9c,60.16897,24.95222,00000000aa852af1,33.81
156,2019-08-04T16:15:00Z,9e4aabc2bf3aee65a6ec17d981133d79e7cdd83a064bafd37cabbbf2,60.16829,24.94214,00000000afef4555,20.28
157,2019-08-04T16:15:00Z,9e90f7b1651988aecf97fc89567558ff866732383cf0ed65ea08510c,60.16629,24.95957,00000000fb7600be,20.28
158,2019-08-04T16:15:00Z,9fdcb4c7a3c4e1a063a17d2b9677b62f191e9e9f18e3b10e21164de1,60.16762,24.95415,000000006b44cce7,18.79
159,2019-08-04T16:15:00Z,a08ea1a1800c6ccce631b90ee48fcc7f8ba8e738a473f269ca65efb9,60.17065,24.93641,000000000f4919c9,25.36
160,2019-08-04T16:15:00Z,a1da5327334904888b6133c50b259d26363295fbc5412c52d017d742,60.17065,24.93641,000000000f4919c9,36.27
161,2019-08-04T16:15:00Z,a1db3026af5fcbed331617893d2f70b708a5b9fa95622649fc60fcb4,60.16762,24.95415,000000006b44cce7,16.1
162,2019-08-04T16:15:00Z,a7659dcc8e8ed48cfba97e2b2f667c01e9a502473298d6d0d3569c97,60.16762,24.95415,000000006b44cce7,17.4
163,2019-08-04T16:15:00Z,a8f6ccdefb5f96a285f2f663d7466eec1f1c162d612ae9c991af16ed,60.1538,24.95595,0000000038bf9618,12.69
164,2019-08-04T16:15:00Z,ade08e9c21106721f8b5c32a86428e6e73e9c68aaa40466bebba2189,60.16762,24.95415,000000006b44cce7,27.28
165,2019-08-04T16:15:00Z,ae1766682ee0e54b8d758123239239c71af842794e6cbd3eec5941c3,60.1538,24.95595,0000000038bf9618,36.27
166,2019-08-04T16:15:00Z,b09442c851d8bcb2737b4fe2a3ceee85781bf697c6a678fe4b3b044c,60.16762,24.95415,000000006b44cce7,10.78
167,2019-08-04T16:15:00Z,b10b2000ddc976fcd86e9f98c6ef541ca3476f012a956b17ad9400cf,60.149,24.9843,00000000fffb8cf0,25.36
168,2019-08-04T16:15:00Z,b3ea8554417fb87fdc40a1de69097b288a3ee76f1a16471d68f56edb,60.16897,24.95222,00000000aa852af1,20.28
169,2019-08-04T16:15:00Z,b8328ca2891895e211e908502566eed5e9e025ea4bf3b5eeb2032e33,60.16762,24.95415,000000006b44cce7,5.41
170,2019-08-04T16:15:00Z,ba790b04e1ef9b972b937e7c3131d89a235fa54c4e65bb8df1fbad7b,60.16531,24.9442,00000000fdda10fe,2.54
171,2019-08-04T16:15:00Z,bbdeb3acd438f9d846375ce7896a1d9f37dc5837969171df50097d94,60.17002,24.94407,000000006b087f40,31.5
172,2019-08-04T16:15:00Z,bc07df8cc395f6f4f5d483b2233caca5f93a6918f346e4cc3702f8cc,60.16531,24.9442,00000000fdda10fe,18.79
173,2019-08-04T16:15:00Z,bd3d2eaab3e1abeece4383d8a36c0e4028f834ffe55eea670d882cd4,60.1538,24.95595,0000000038bf9618,14.89
174,2019-08-04T16:15:00Z,bf752e8d4f2755c8f575ef5fd405a5b3e6cff75146f0b0fc6f33d628,60.17065,24.93641,000000000f4919c9,21.87
175,2019-08-04T16:15:00Z,c0a0ca3433586ed2ae0e448f2406fabac7292ac79d49562e0bd5cef8,60.16762,24.95415,000000006b44cce7,13.75
176,2019-08-04T16:15:00Z,c0f4b037766653193f53271b0bb33d1a5a96a0fc2b79a398f2551ce4,60.16897,24.95222,00000000aa852af1,13.75
177,2019-08-04T16:15:00Z,c15794a5ee45df4392313dfffabaef1c84c8475973187a149b388823,60.16762,24.95415,000000006b44cce7,25.36
178,2019-08-04T16:15:00Z,c3bd823bcfb055ae2334eac3be515ef5f209dbbfda984dee59352373,60.149,24.9843,00000000fffb8cf0,14.89
179,2019-08-04T16:15:00Z,c4cc56a33fbf488eaf4048167b40df3e33ba0af041e990592d90a76d,60.16897,24.95222,00000000aa852af1,17.4
180,2019-08-04T16:15:00Z,c655e3b62276a2c188575dc3c6291bf843bcd8bf5d43610d8216b60e,60.16448,24.97323,0000000053c6c2be,18.79
181,2019-08-04T16:15:00Z,caab02c6a4a17407bb38daa445b0307edb4ff765e1d929a6585eb152,60.149,24.9843,00000000fffb8cf0,44.58
182,2019-08-04T16:15:00Z,cbdcb61b7c714d8c78dd1bd2e480a8334c709afb8c9a3a478001659f,60.16897,24.95222,00000000aa852af1,25.36
183,2019-08-04T16:15:00Z,d03f453fa3ab0b9326525175caefad6ea4fdb109e1c47f73ae0fb87e,60.16897,24.95222,00000000aa852af1,23.56
184,2019-08-04T16:15:00Z,d1d0a16ddb563e6df869418e0f4f5356b80f9042e25cc8807584ff49,60.16531,24.9442,00000000fdda10fe,2.8
185,2019-08-04T16:15:00Z,d242417df0a5f4c03a28f0bd47d9d09e8a690040902baf4bc316f7dd,60.1538,24.95595,0000000038bf9618,14.89
186,2019-08-04T16:15:00Z,d4272837f70baa823822ecdfb5ea7e42cad71dbc67b84b1042e9f03a,60.16531,24.9442,00000000fdda10fe,0.59
187,2019-08-04T16:15:00Z,d5f7d6bfc027f9fc3401cc694954d7d039599d9084da3e8626f8614c,60.16629,24.95957,00000000fb7600be,18.79
188,2019-08-04T16:15:00Z,d605977bc73627e9a18a699052990e12514d37e00469ebd87035041f,60.16897,24.95222,00000000aa852af1,18.79
189,2019-08-04T16:15:00Z,d647fadd17e401159c82a54c10531eeccb1ac943b1af534a64828cdd,60.16762,24.95415,000000006b44cce7,4.94
190,2019-08-04T16:15:00Z,d7a15cb66f366507c9f67142a8704bd7e6e055ba50c1be0ff29be0af,60.17002,24.94407,000000006b087f40,21.87
191,2019-08-04T16:15:00Z,d811624054ac09d6998a2ac19820744e5a107f368a33986227fa45c8,60.149,24.9843,00000000fffb8cf0,20.28
192,2019-08-04T16:15:00Z,daaa41e9a23a2c391166e8c7681ae67a438d57f22198abbb8c719fed,60.1538,24.95595,0000000038bf9618,25.36
193,2019-08-04T16:15:00Z,dadc3c54277bf655a3b465df5d32f3225b54b40300e89fcf4775f91f,60.1538,24.95595,0000000038bf9618,29.32
194,2019-08-04T16:15:00Z,db1b9ab1f6e022315d7ef9e314ef4b35cf1f9142a46c3d94968407bc,60.1538,24.95595,0000000038bf9618,20.28
195,2019-08-04T16:15:00Z,dd770713c2d3c6ca2c3a1c07f94ece608d944811079f60103c9bded7,60.1538,24.95595,0000000038bf9618,25.36
196,2019-08-04T16:15:00Z,e100fea83dcb40defd6c1759c19ffe3f401aa35b653ec1f0680aca35,60.16762,24.95415,000000006b44cce7,9.12
197,2019-08-04T16:15:00Z,e1e605f6b2f2f5ad622172893b6eff63f004d451851d53dd133cdb0a,60.17002,24.94407,000000006b087f40,31.5
198,2019-08-04T16:15:00Z,e4f3cf4a970f404621b8239b1f6058ee73dae5cf61ea8a1de8242dc8,60.16762,24.95415,000000006b44cce7,13.75
199,2019-08-04T16:15:00Z,e4fa387a47a7db1f5af7cb182a17ff80698187284117173679fbe657,60.16762,24.95415,000000006b44cce7,5.91
200,2019-08-04T16:15:00Z,e5de6f4fe53e95e18de0c19ebdd282a5ace790abdcea4a963583f071,60.16762,24.95415,000000006b44cce7,16.1
201,2019-08-04T16:15:00Z,e6a904f134c07441377ff338949b115c99a66c7c480e444ac5a4eec1,60.16762,24.95415,000000006b44cce7,20.28
202,2019-08-04T16:15:00Z,e722b31f1587afd4237b194cf1d78d2501aa0aa437877cc9107d503c,60.16897,24.95222,00000000aa852af1,21.87
203,2019-08-04T16:15:00Z,e80477155cb38de1585675ecd61a385c3c60792d63fee3525f8ba4f7,60.14699,24.922,00000000a53ed894,9.92
204,2019-08-04T16:15:00Z,eae2e9772e9cae5b24f9327ee4a8f00f595824b2cca3fd59f858ce49,60.16762,24.95415,000000006b44cce7,5.91
205,2019-08-04T16:15:00Z,ebc66e9df5298fcb9678664b3eaf2dbe52dbd49691ecc0bfc21c0a7a,60.16829,24.94214,00000000afef4555,27.28
206,2019-08-04T16:15:00Z,ebf730c4c7af3acdce29532b30907134f1086537a35b72dbdb4d0c08,60.16762,24.95415,000000006b44cce7,7.05
207,2019-08-04T16:15:00Z,ecea0366b6845e770291dd02e3cada7cfa19e59f6d2b367347453c84,60.1538,24.95595,0000000038bf9618,14.89
208,2019-08-04T16:15:00Z,ed97d5d54414f4568633726c3eab532e86a97b2626dfb58afdea1574,60.16762,24.95415,000000006b44cce7,7.05
209,2019-08-04T16:15:00Z,eebb91f4496356d79b6aa3fba3865bb42667273bf47516b94a8a3156,60.18203,24.91341,00000000342570c2,14.89
210,2019-08-04T16:15:00Z,f06d173947b666aa77dc5642f386340f74834bda61678ae1cb772d53,60.16762,24.95415,000000006b44cce7,13.75
211,2019-08-04T16:15:00Z,f3121c3fafdc19493479feac0b8e9e6e32105f7ccfb69fb22e8dfa76,60.1538,24.95595,0000000038bf9618,23.56
212,2019-08-04T16:15:00Z,f582e08e7e3fe230967b645d42d56a019472b95541d0fc7b7546fb02,60.16897,24.95222,00000000aa852af1,25.36
213,2019-08-04T16:15:00Z,f6bb22be675a39446aedc4fc12125e42717a20f8ddc083327649b742,60.16531,24.9442,00000000fdda10fe,10.78
214,2019-08-04T16:15:00Z,f6bd87044b65bf481594bd649eae0339caaa369ee30be9cacd4965f2,60.16531,24.9442,00000000fdda10fe,11.7
215,2019-08-04T16:15:00Z,f7183e46bcd4bd82d2e2d497273f44814fdb8ff87d6ddb616af07d59,60.16448,24.97323,0000000053c6c2be,27.28
216,2019-08-04T16:15:00Z,f763269fd52476c14187a4bc45b2e2e10caa276ee0520b467c82cb6c,60.17002,24.94407,000000006b087f40,25.36
217,2019-08-04T16:15:00Z,f8eaa7da944105ae0e97f4d6f056ab9d0a6a786c11862390ee47d81b,60.1538,24.95595,0000000038bf9618,18.79
218,2019-08-04T16:15:00Z,f9b413757fe5018dc8a1bead960d4e0545c4e7cafb13e96d7f046d63,60.16531,24.9442,00000000fdda10fe,20.28
219,2019-08-04T16:15:00Z,f9ea23832b1c54d232b55820ec8421d47d0ce566c14808aacb2485e2,60.1538,24.95595,0000000038bf9618,23.56
220,2019-08-04T16:15:00Z,fb6870d63160477474edc04dccdd0776f11ab1870f8004c81e0b7511,60.16762,24.95415,000000006b44cce7,5.41
221,2019-08-04T16:15:00Z,fc76a33bb81f3b1ada44ce7fe4db451f5d8f050ca666e3dd51d25e34,60.17918,24.95141,00000000675d5200,18.79
222,2019-08-04T16:15:00Z,fdd22505b8de07814ff7ae92c608522f677fa65833092e7c9ab2ffd2,60.16629,24.95957,00000000fb7600be,27.28
223,2019-08-04T16:15:01Z,0152988639aaaa9cc27213280c8f0c0c8ec97ae6a45aaaf743c9c25d,60.16544,24.95398,0000000038d83d41,18.79
224,2019-08-04T16:15:01Z,05a233714c004cd8c6cfaf1c060cd483f0c1ffdd5fae2cbbf3d8f1a1,60.1538,24.95595,0000000038bf9618,9.92
225,2019-08-04T16:15:01Z,07f8122078acc2a17ac351f1a53d28f3f5d2d222b8f9052e3849c263,60.16762,24.95415,000000006b44cce7,23.56
226,2019-08-04T16:15:01Z,0d85b598c652009b53aa870fe64aff1b95f84e796cde2c3b2ee49adf,60.14699,24.922,00000000a53ed894,18.79
227,2019-08-04T16:15:01Z,0dc8c9fd6c6ca193d5326d70d6f9efc1963bcd534fc7c80032f0e192,60.16544,24.95398,0000000038d83d41,27.28
228,2019-08-04T16:15:01Z,14c7e1511b70f4dd3359cbece1377aebb4d70531f5489eefe53d7c3c,60.16544,24.95398,0000000038d83d41,25.36
229,2019-08-04T16:15:01Z,165ebbb4090d47319ae370f0d0854fdc1f6b79499f8b2e4d3c3533c0,60.16544,24.95398,0000000038d83d41,33.81
230,2019-08-04T16:15:01Z,19882f7eb60b2bbe4df9b48d27f047426a641e74eea690915e2b2288,60.16544,24.95398,0000000038d83d41,25.36
231,2019-08-04T16:15:01Z,22acbe5bc5ac259066767fb3804973b3ba881999f2c499b05247f06d,60.14951,24.92138,0000000006dd41f6,16.1
232,2019-08-04T16:15:01Z,25a7ff811c3c06e426c7c2cbb0433d9a2a3399b23afecbd35584ab0f,60.18203,24.91341,00000000342570c2,16.1
233,2019-08-04T16:15:01Z,29113a3967bc167b1fd69f346c60a884baf31f91288e032e493eeac2,60.16762,24.95415,000000006b44cce7,5.91
234,2019-08-04T16:15:01Z,297c725b456ef12d2712634b21546721cbe93224d3a5762d897404f2,60.16762,24.95415,000000006b44cce7,10.78
235,2019-08-04T16:15:01Z,354cac7b39d57e39a5b0ab2caa0a1a915a763605fa6631bab8683659,60.16829,24.94214,00000000afef4555,13.75
236,2019-08-04T16:15:01Z,36b298bea3c27f30235cbc7de929f2f14ff5d457f395de64ea57b3c7,60.16762,24.95415,000000006b44cce7,4.11
237,2019-08-04T16:15:01Z,3763dbba0710e5f35aae6c2f5043debbfd529b4c513eebb4875c2c46,60.16762,24.95415,000000006b44cce7,23.56
238,2019-08-04T16:15:01Z,3b037b6d1a3559bcb1b1d4e697e503982358129a61f375a2ed103920,60.16531,24.9442,00000000fdda10fe,13.75
239,2019-08-04T16:15:01Z,4109bc1b623e0a82ceba2140527c969669063be199f828a7e96f3f8f,60.16762,24.95415,000000006b44cce7,11.7
240,2019-08-04T16:15:01Z,43b676ed3aef4c2d8846694817e76117873be52e7f788e0cb366c1c4,60.16629,24.95957,00000000fb7600be,33.81
241,2019-08-04T16:15:01Z,46a3ece22390722dc1d159a35c7a15c74ade6ee24301e00cb922fd7f,60.17002,24.94407,000000006b087f40,29.32
242,2019-08-04T16:15:01Z,475f267711949cfd2725e259edc1dfdd1f81dbecb4408b189f1edf24,60.16629,24.95957,00000000fb7600be,31.5
243,2019-08-04T16:15:01Z,49029de1736fb1bc922f95672326f7768a350530303c9a578216df18,60.16762,24.95415,000000006b44cce7,16.1
244,2019-08-04T16:15:01Z,491b2670fa626c719c5624e2a013e9325dd599d02b93ca1a1b0e3416,60.16544,24.95398,0000000038d83d41,14.89
245,2019-08-04T16:15:01Z,4af69b5f76b6980f4cee17b67b766b917b06558754e40b1a2ad9ba17,60.16897,24.95222,00000000aa852af1,36.27
246,2019-08-04T16:15:01Z,4b842d60464228bdf8b8dfaefa4766148504b5565a809b7718dc5256,60.16762,24.95415,000000006b44cce7,13.75
247,2019-08-04T16:15:01Z,5092772164279b094cb0ccb100ea81dbba5ef85d951cccff2df22a31,60.16531,24.9442,00000000fdda10fe,2.8
248,2019-08-04T16:15:01Z,5b573566ad797d1e433fa846ce05dcdf70615ae05f3e645f49248773,60.17002,24.94407,000000006b087f40,25.36
249,2019-08-04T16:15:01Z,5d65719c4cbf045f068d084b72302f447d5fd034413d97d13be00d0e,60.18203,24.91341,00000000342570c2,23.56
250,2019-08-04T16:15:01Z,5eed115a984d490b02b602d73787aee8dc8c4e9365b77fbff3818a76,60.16629,24.95957,00000000fb7600be,14.89
251,2019-08-04T16:15:01Z,5fecff186138a9b3e31c6086c33dcd5f1d209e64f0afeed7c688cab0,60.16897,24.95222,00000000aa852af1,21.87
252,2019-08-04T16:15:01Z,66dabd3229229330d23c70e9e1737429ddfe69db01f4a6a00f70fa20,60.16762,24.95415,000000006b44cce7,23.56
253,2019-08-04T16:15:01Z,6a70e2fbced719333e21eff04fcb9cb36bae9a04d1a3d6ddd96f2c58,60.15432,24.9211,0000000019fb59c4,5.91
254,2019-08-04T16:15:01Z,6e54aa3ec95b9ac30834ee134c4d7f08d086dddaa52d6ac7c9f8e803,60.16762,24.95415,000000006b44cce7,20.28
255,2019-08-04T16:15:01Z,6f06341f358e61699fe1e55e986dd0554bc8da28b91daf0c5ad99db6,60.16629,24.95957,00000000fb7600be,23.56
256,2019-08-04T16:15:01Z,737efc92e3419e9d96a8559ec341ea7e18ba6381fd8e4de3d06f82a0,60.14699,24.922,00000000a53ed894,25.36
257,2019-08-04T16:15:01Z,747f2d1ebff218c0ebbdc0fdaef4cbe56633dfb46ae1b1f8c8142201,60.16762,24.95415,000000006b44cce7,12.69
258,2019-08-04T16:15:01Z,7876e65f126121713ab8aded48e44b64ad5dd53b4c6e52536c374874,60.14951,24.92138,0000000006dd41f6,25.36
259,2019-08-04T16:15:01Z,7a3db40d91e137d1381ac690a78039878e0baa317ed9a7cd6882df27,60.16762,24.95415,000000006b44cce7,27.28
260,2019-08-04T16:15:01Z,7d93beb0fb40bd617a6f72b5feb2ff801d430879793160157aaf3f97,60.16762,24.95415,000000006b44cce7,9.12
261,2019-08-04T16:15:01Z,872a0fd0fd98353d8909e39f83a234878284e24ad8f4b1cd4b807e1c,60.16762,24.95415,000000006b44cce7,16.1
262,2019-08-04T16:15:01Z,87dfaad29a9276ddddb1fa021d3bc23ad14824c1af16f7d87e713689,60.14951,24.92138,0000000006dd41f6,9.92
263,2019-08-04T16:15:01Z,89514d693b1bede7d473d1b7d714829147cb42615145a8351c675525,60.14699,24.922,00000000a53ed894,21.87
264,2019-08-04T16:15:01Z,89982a6acf91b79a282a6b63978e946ee205f303fcd20e944e06baf0,60.16544,24.95398,0000000038d83d41,29.32
265,2019-08-04T16:15:01Z,8d633d0d43382790e056e9294aa8448245c852dc21eaeb874fefbd1e,60.16829,24.94214,00000000afef4555,17.4
266,2019-08-04T16:15:01Z,94512cd21b284eddaddc0be0d385bf5072dbeaa7e3eb345b3c161aa6,60.1538,24.95595,0000000038bf9618,29.32
267,2019-08-04T16:15:01Z,98239bf94ef54f747154b6cbe79cdbf3b87a27880fd23e82c8465dd2,60.14699,24.922,00000000a53ed894,9.92
268,2019-08-04T16:15:01Z,9843c6216661048343a0e49cf3d8aa2883cf77f452666a1c873a1052,60.16448,24.97323,0000000053c6c2be,18.79
269,2019-08-04T16:15:01Z,a91d379a4b57c5df22db0d7a041ff69f657b4b31f28554b1011fc03c,60.16544,24.95398,0000000038d83d41,31.5
270,2019-08-04T16:15:01Z,b45e28e282dfe529e89dba9b7f113410a2225eb873c9cdfbf176ffbc,60.149,24.9843,00000000fffb8cf0,12.69
271,2019-08-04T16:15:01Z,b5fd6b317890e5ab2d79e2cd1abe61626d45a753c7337d0d40728898,60.16762,24.95415,000000006b44cce7,5.41
272,2019-08-04T16:15:01Z,b90577926dd52437738dad5f00d4049f63b26d870442dd6efe495a67,60.14699,24.922,00000000a53ed894,23.56
273,2019-08-04T16:15:01Z,bb98768dad0f7c52cf643f035a3e7e48f5cfe28557c66f2a75914b31,60.14699,24.922,00000000a53ed894,14.89
274,2019-08-04T16:15:01Z,bd01ac8fc2992e9ca32f28c1f1b22983845e90918ba97584017978aa,60.14699,24.922,00000000a53ed894,14.89
275,2019-08-04T16:15:01Z,bddeb29d971bd9472fcb760695040f402a4239acfa65c4d1a1631922,60.16897,24.95222,00000000aa852af1,23.56
276,2019-08-04T16:15:01Z,cf05623e4d87ce0906c0b0b7dbf53aacc1228016cd27c341228b6e76,60.18203,24.91341,00000000342570c2,18.79
277,2019-08-04T16:15:01Z,cfc0bedb78ded52749db3188cb188bf6a250ef5990da9c5afa9623fc,60.14951,24.92138,0000000006dd41f6,21.87
278,2019-08-04T16:15:01Z,ddc0e0d4dcb8e320c4a6933b1ebc3b93e890e3f07b33f8a91180280f,60.16762,24.95415,000000006b44cce7,20.28
279,2019-08-04T16:15:01Z,e03cf2e6c802fb3105dcac7e259514f6f8ca8d2340cf63b080a01551,60.16762,24.95415,000000006b44cce7,3.74
280,2019-08-04T16:15:01Z,e25d178078722ee1bcfd7dc234170da6a2c1f8cfaa5f2a58442674ae,60.16762,24.95415,000000006b44cce7,4.11
281,2019-08-04T16:15:01Z,e8e366e76c97944e23c0f80b4fd3ce6e5832744922297146a49f0c7e,60.16762,24.95415,000000006b44cce7,9.92
282,2019-08-04T16:15:01Z,f088630d7476dae7d4b7e2bb1f10575f2c89acb4b6e061f3d57c2b40,60.16531,24.9442,00000000fdda10fe,25.36
283,2019-08-04T16:15:01Z,f6609ab1076b1105bb845595a03b41b8fbb282f79c337df5bbc9f841,60.14699,24.922,00000000a53ed894,20.28
284,2019-08-04T16:15:01Z,fc4f3a44235f1cfc7b53f14ba2da599976a5a0a220d23b852688e485,60.17919,24.95181,000000007b5207b6,21.87
285,2019-08-04T16:15:01Z,01f381234157426cf64a572e54b5b80f78019c64edbb9753f0a3dbcf,60.16762,24.95415,000000006b44cce7,12.69
286,2019-08-04T16:15:01Z,021f190752e959a0153d5d4c6ca14d56a112c22d0132f474d19ebdb4,60.16897,24.95222,00000000aa852af1,21.87
287,2019-08-04T16:15:01Z,0352e03014ce35a205b9223cb9f53d0277df4cfb3fc0ff9e9f1eba19,60.16897,24.95222,00000000aa852af1,17.4
288,2019-08-04T16:15:01Z,0413805762399525f916572e0de4852c934500b4a8465ac67a535d41,60.16762,24.95415,000000006b44cce7,18.79
289,2019-08-04T16:15:01Z,0aa09ded7ab785a9c2e1a48706da914af6fb8c4258a683f666e7cf9f,60.16829,24.94214,00000000afef4555,13.75
290,2019-08-04T16:15:01Z,0ae22ba95eaf20ba6c0d7129d8e0bef856839d8b1609c42bd5164e72,60.1538,24.95595,0000000038bf9618,25.36
291,2019-08-04T16:15:01Z,0f19df9ab15069129c222f13ce6c30234e78ced1c228b08198e58ef1,60.16897,24.95222,00000000aa852af1,27.28
292,2019-08-04T16:15:01Z,0f46539c67a56f7bb9e01f49fa36b6724bb4a35a32cdcdf9909ff103,60.16762,24.95415,000000006b44cce7,9.92
293,2019-08-04T16:15:01Z,10373d3745c7d444bca9c2278b12ef4c56bf0d3d35c031d5f144c6fd,60.16897,24.95222,00000000aa852af1,20.28
294,2019-08-04T16:15:01Z,1066866e65c41479544ec0d4d70e5b25076d09ae2352ac9fe9ae64d9,60.18203,24.91341,00000000342570c2,16.1
295,2019-08-04T16:15:01Z,133990780178f1e7266251837467d1ac5b1601a429da673787f4b3fd,60.16531,24.9442,00000000fdda10fe,8.38
296,2019-08-04T16:15:01Z,15ded884a598c27f01e3493bf76f62de8009c9a0fa27355051d8ff2e,60.16829,24.94214,00000000afef4555,6.46
297,2019-08-04T16:15:01Z,1891a75642ea8c3a08c8d25c99aa0edcceca9c5d2610ffbb46e8c9fd,60.16629,24.95957,00000000fb7600be,10.78
298,2019-08-04T16:15:01Z,1a1e7c3c4830cf69f73fb4e36ae076c0d41228634ec5a20c4f80bd64,60.16629,24.95957,00000000fb7600be,23.56
299,2019-08-04T16:15:01Z,1acf3677b049eaf23b65a207811bac6deb77dff6e23cbee810a49cf2,60.16897,24.95222,00000000aa852af1,11.7
300,2019-08-04T16:15:01Z,1c157db8160f89449976be2364513d4c34bd7dfd6befdeb4d0ab2194,60.16897,24.95222,00000000aa852af1,31.5
301,2019-08-04T16:15:01Z,1cd539b05339e19c604edcf9c327a16036a7aa4dbb6d50daeccd2d99,60.16762,24.95415,000000006b44cce7,9.92
302,2019-08-04T16:15:01Z,1f3e0bcb33fd5411b8a18d51b052564c56e861fd7b68822516eed307,60.17918,24.95141,00000000675d5200,7.05
303,2019-08-04T16:15:01Z,1facf3198bd9a05528c3013885a7ecdb77cfed1d78fd71edcac6f336,60.14947,24.91438,000000004ef3150d,9.92
304,2019-08-04T16:15:01Z,205d9a8031d73cd52a6d7776a2ec5b510209c6da6d82c620e06e022a,60.1538,24.95595,0000000038bf9618,21.87
305,2019-08-04T16:15:01Z,2301f0d6213d375a0d5b267368fd966895cb23830202808165f28390,60.14947,24.91438,000000004ef3150d,7.05
306,2019-08-04T16:15:01Z,247c49383b6d1cccfcdf1d3a9295215507e56f55db0e2eab89a0117b,60.1538,24.95595,0000000038bf9618,25.36
307,2019-08-04T16:15:01Z,25b9a688fda1515f9ff250d01f89c4491af81e3721b9b2348d88d2e3,60.16762,24.95415,000000006b44cce7,21.87
308,2019-08-04T16:15:01Z,2692e3ae1f2a1ca502cb87f70da104eff0dd7ad56f8037b3d76ee9a9,60.1538,24.95595,0000000038bf9618,31.5
309,2019-08-04T16:15:01Z,2896a7aaa9862472cd18620ae74994eedc164b32f23c1b68f1a3d895,60.16762,24.95415,000000006b44cce7,14.89
310,2019-08-04T16:15:01Z,29bbaa0fdf8b1393151207c45d44272682f0af9265f9e24e214a9b43,60.16629,24.95957,00000000fb7600be,10.78
311,2019-08-04T16:15:01Z,2c1419209e26a6a469fa4a2d7685890d96318254eb2c049e3d1ca288,60.16629,24.95957,00000000fb7600be,13.75
312,2019-08-04T16:15:01Z,2ce3d6851f8e975313019f57b8ee6fce93afd8aec282f7b7763d9ea2,60.149,24.9843,00000000fffb8cf0,20.28
313,2019-08-04T16:15:01Z,31830a698f9001c03a222ae798d247a0097b257e0164b4f7a7dd2d17,60.16629,24.95957,00000000fb7600be,25.36
314,2019-08-04T16:15:01Z,32dd15ddc42d1de000556bb65fd6052c5c5b757195bcfce63e63ea17,60.149,24.9843,00000000fffb8cf0,33.81
315,2019-08-04T16:15:01Z,3365a4d54ff2c374c8066070e3df78471ea795691aa2909b9b08ed87,60.16897,24.95222,00000000aa852af1,18.79
316,2019-08-04T16:15:01Z,3420a25ca1f4825206dc0bc8f49653cd985247e6daa64d163b70f0ac,60.149,24.9843,00000000fffb8cf0,13.75
317,2019-08-04T16:15:01Z,359e0206892508916169fb89816092674524aaeb89b383aa30c75093,60.16897,24.95222,00000000aa852af1,20.28
318,2019-08-04T16:15:01Z,3a5f58c55d3cba0df7289feed9d2f80b9b6fd184754911931ad1c8e3,60.16762,24.95415,000000006b44cce7,20.28
319,2019-08-04T16:15:01Z,3a96ecd4e6f46f3eddfc682ac37562cd2ae7973437506dee2ce1dafa,60.16829,24.94214,00000000afef4555,18.79
320,2019-08-04T16:15:01Z,3afa04e2fb27ff647f531257e20e7f0ebbd7479b2a1c9c529b3a2634,60.16897,24.95222,00000000aa852af1,13.75
321,2019-08-04T16:15:01Z,3c1aa262814cc671d3cf246eba3869b53393ddd742f66446ad049ce5,60.16897,24.95222,00000000aa852af1,14.89
322,2019-08-04T16:15:01Z,40b8aa5bf7e256eb9b0cc74eb1a5ce5299739cad12ee11936db87b85,60.16762,24.95415,000000006b44cce7,14.89
323,2019-08-04T16:15:01Z,430581755175fc71272e748dbe280ac919338ac5e841375d807425f6,60.16829,24.94214,00000000afef4555,20.28
324,2019-08-04T16:15:01Z,43c871062412e6a8f265704c6cc82fbc285f1271b0e76900ddf384b7,60.15432,24.9211,0000000019fb59c4,17.4
325,2019-08-04T16:15:01Z,45ef24a1b2741bf64d2d1da7c9fb97bdae97419dd9cd3e12277ec281,60.14947,24.91438,000000004ef3150d,9.92
326,2019-08-04T16:15:01Z,47c92db28c68aa1e0f7ffbf2826cd6a464285aff106a9c6bb3f58751,60.17065,24.93641,000000000f4919c9,12.69
