,time,hash,latitude,longitude,serial,distance
0,2019-08-04T12:15:00Z,002609eccfa6482109fb43966e0153bf6f371425cf715e49925348dd,60.14699,24.922,00000000a53ed894,17.4
1,2019-08-04T12:15:00Z,0d767c57ddb21e71889207548938359b6820ec48093823d1ee2de8ad,60.16075,24.95883,00000000f1124bca,18.79
2,2019-08-04T12:15:00Z,14c7e1511b70f4dd3359cbece1377aebb4d70531f5489eefe53d7c3c,60.16544,24.95398,0000000038d83d41,27.28
3,2019-08-04T12:15:00Z,1a8e72917771a6d7e9eb4591bce61dd30bbd72bf9a4576205faee990,60.18203,24.91341,00000000342570c2,11.7
4,2019-08-04T12:15:00Z,211f6b7b044343d0be369791b3fa3c144d0d0f391e2a42787712efb0,60.16448,24.97323,0000000053c6c2be,17.4
5,2019-08-04T12:15:00Z,25a7ff811c3c06e426c7c2cbb0433d9a2a3399b23afecbd35584ab0f,60.18203,24.91341,00000000342570c2,20.28
6,2019-08-04T12:15:00Z,2e4af02bc2421faac1f506a147ddb9b76076386be53415223aca4bde,60.16544,24.95398,0000000038d83d41,31.5
7,2019-08-04T12:15:00Z,3fe5f4ccfa5c777ceafda0674d7c9da6f509f6694b4c2fa254b32e73,60.16897,24.95222,00000000aa852af1,29.32
8,2019-08-04T12:15:00Z,411c7ffbe11a55cda92a5038f358b702c5d0d5eaeb053a05aaff6604,60.14699,24.922,00000000a53ed894,10.78
9,2019-08-04T12:15:00Z,42af8af213a42c0a3ccb7e482a18f11c71f89618aa92ccccdea93da8,60.16075,24.95883,00000000f1124bca,13.75
10,2019-08-04T12:15:00Z,44d0b94469070803869f229601e877beb613c3f5aafa009addf97a1a,60.16544,24.95398,0000000038d83d41,14.89
11,2019-08-04T12:15:00Z,4656bad9b5e6dfc3977eca308fc1db3dbf8b0204b90d09b001da242e,60.1638,24.96846,00000000d747f075,44.58
12,2019-08-04T12:15:00Z,55a3536995f14912a8f93d4c846c341a1593e7a3a57b15b53f99cef1,60.16531,24.9442,00000000fdda10fe,2.08
13,2019-08-04T12:15:00Z,5d65719c4cbf045f068d084b72302f447d5fd034413d97d13be00d0e,60.18203,24.91341,00000000342570c2,20.28
14,2019-08-04T12:15:00Z,5eed115a984d490b02b602d73787aee8dc8c4e9365b77fbff3818a76,60.16629,24.95957,00000000fb7600be,18.79
15,2019-08-04T12:15:00Z,6066632ddc94b5c482a2d4f45ed2532e55e3fd63e414a084a596a737,60.16762,24.95415,000000006b44cce7,18.79
16,2019-08-04T12:15:00Z,69219e9efa41ae9e732653e9eaf08e1a34cb853a9dafe76ddeea4d04,60.16897,24.95222,00000000aa852af1,16.1
17,2019-08-04T12:15:00Z,6a70e2fbced719333e21eff04fcb9cb36bae9a04d1a3d6ddd96f2c58,60.15432,24.9211,0000000019fb59c4,6.46
18,2019-08-04T12:15:00Z,6f06341f358e61699fe1e55e986dd0554bc8da28b91daf0c5ad99db6,60.16629,24.95957,00000000fb7600be,23.56
19,2019-08-04T12:15:00Z,70d8572458a1a103555bab897b6443e601e0ed211414b15ad0b56f60,60.16544,24.95398,0000000038d83d41,31.5
20,2019-08-04T12:15:00Z,737efc92e3419e9d96a8559ec341ea7e18ba6381fd8e4de3d06f82a0,60.14699,24.922,00000000a53ed894,18.79
21,2019-08-04T12:15:00Z,74df6d37f6249ce15e463d82a828b884af50d4e62c3da16471ab27d8,60.18203,24.91341,00000000342570c2,7.05
22,2019-08-04T12:15:00Z,76308dc069c8050ff1a3bef9da278fdcbea2d8100b85c357f6397311,60.16897,24.95222,00000000aa852af1,27.28
23,2019-08-04T12:15:00Z,7678cdb86d454ca9ae52f22d97e635106585a3a046d01da4463695cc,60.18203,24.91341,00000000342570c2,21.87
24,2019-08-04T12:15:00Z,77df6697bf8358d79d5d1670557cd5696cf0b5c019b6669cd24355bf,60.18203,24.91341,00000000342570c2,29.32
25,2019-08-04T12:15:00Z,7de75f59d3110cdf6e742fba9785ed0399f83ea50e4c5d255adb21ff,60.18203,24.91341,00000000342570c2,14.89
26,2019-08-04T12:15:00Z,8066013f40bcb5a042eb3c2ce6c4a26c78539198c2cde3ae13c600cb,60.16531,24.9442,00000000fdda10fe,1.38
27,2019-08-04T12:15:00Z,85ef35aecf2ff804be3d958b592705ec41c6df9c128c132c65bb283d,60.16897,24.95222,00000000aa852af1,21.87
28,2019-08-04T12:15:00Z,87dfaad29a9276ddddb1fa021d3bc23ad14824c1af16f7d87e713689,60.14951,24.92138,0000000006dd41f6,9.92
29,2019-08-04T12:15:00Z,88808fe92573e9cdf022cc15b9689b6b4b9429f60513c8897b0ba4c7,60.16897,24.95222,00000000aa852af1,17.4
30,2019-08-04T12:15:00Z,89982a6acf91b79a282a6b63978e946ee205f303fcd20e944e06baf0,60.16544,24.95398,0000000038d83d41,23.56
31,2019-08-04T12:15:00Z,8c75c3289c84fe4493e1e272a77b615fe1985880c5dc68a7c1a17b53,60.16762,24.95415,000000006b44cce7,13.75
32,2019-08-04T12:15:00Z,9843c6216661048343a0e49cf3d8aa2883cf77f452666a1c873a1052,60.16448,24.97323,0000000053c6c2be,16.1
33,2019-08-04T12:15:00Z,9bc8068948a5b881e1bded553efe012fe129e3e4df62f64a6724917e,60.16829,24.94214,00000000afef4555,20.28
34,2019-08-04T12:15:00Z,af807b67ce09a2ce1744025c421961213f1608ca658ece4df69555a1,60.16762,24.95415,000000006b44cce7,7.69
35,2019-08-04T12:15:00Z,bca443064699e0ac05c40e587aef06d7fd580817e739133a501490bc,60.14699,24.922,00000000a53ed894,17.4
36,2019-08-04T12:15:00Z,be41ebc5fb0d348fc1ef1166d44251c3112a78a4ea01aa980364ee7c,60.14699,24.922,00000000a53ed894,14.89
37,2019-08-04T12:15:00Z,c40c37def6bf11a63a2556519a7c6233fd417cdeea2cf14f28e7c42c,60.16531,24.9442,00000000fdda10fe,18.79
38,2019-08-04T12:15:00Z,c97eb4181394121907d47b908495f54e5ee5145ff790f7a1dc21b3cf,60.16897,24.95222,00000000aa852af1,10.78
39,2019-08-04T12:15:00Z,ca6927628f5ddda20036865c9345ad93d476d62ade3b181de568eed6,60.16897,24.95222,00000000aa852af1,23.56
40,2019-08-04T12:15:00Z,cf05623e4d87ce0906c0b0b7dbf53aacc1228016cd27c341228b6e76,60.18203,24.91341,00000000342570c2,17.4
41,2019-08-04T12:15:00Z,cfc0bedb78ded52749db3188cb188bf6a250ef5990da9c5afa9623fc,60.14951,24.92138,0000000006dd41f6,20.28
42,2019-08-04T12:15:00Z,d0a50f3001c258a38880550f6c0835fcaa85f0a6d36687dc5de98f3b,60.16762,24.95415,000000006b44cce7,6.46
43,2019-08-04T12:15:00Z,d75e946f88ada1793242a220c3620a7d588594e0d1b0e540a2e1fe47,60.16762,24.95415,000000006b44cce7,6.46
44,2019-08-04T12:15:00Z,df54ee139334e0a7f15c326c3bb63ec843b02207ec8047a905ebcba3,60.17065,24.93641,000000000f4919c9,21.87
45,2019-08-04T12:15:00Z,e8e366e76c97944e23c0f80b4fd3ce6e5832744922297146a49f0c7e,60.16762,24.95415,000000006b44cce7,16.1
46,2019-08-04T12:15:00Z,e96bd269a48b822b06141c3362fcb6d5ed4d0d09a120f2e4a712d5c2,60.16897,24.95222,00000000aa852af1,11.7
47,2019-08-04T12:15:00Z,e9c60ccf7ae61973dafc4ae04ed9226a2238b195e42652450f08c161,60.16629,24.95957,00000000fb7600be,27.28
48,2019-08-04T12:15:00Z,f088630d7476dae7d4b7e2bb1f10575f2c89acb4b6e061f3d57c2b40,60.16531,24.9442,00000000fdda10fe,20.28
49,2019-08-04T12:15:00Z,f6609ab1076b1105bb845595a03b41b8fbb282f79c337df5bbc9f841,60.14699,24.922,00000000a53ed894,9.12
50,2019-08-04T12:15:00Z,fc4f3a44235f1cfc7b53f14ba2da599976a5a0a220d23b852688e485,60.17918,24.95141,00000000675d5200,25.36
51,2019-08-04T12:15:00Z,fd37784b440e142fc4a9a800ff4ffe15f292cf07f4c4b157ff20fbe7,60.18203,24.91341,00000000342570c2,33.81
52,2019-08-04T12:15:00Z,001de9bb3a71f7b29ab626d99858f13dce3795170efa70c3f4c45523,60.16762,24.95415,000000006b44cce7,2.8
53,2019-08-04T12:15:00Z,022e099e78f85a2562bfe7dd20cd0990f6dcf7e918a1a40094eb8fe4,60.16897,24.95222,00000000aa852af1,16.1
54,2019-08-04T12:15:00Z,02978cd5cb7127a718d3d775079ab940a3e81885ce6106495cca5ee4,60.1538,24.95595,0000000038bf9618,23.56
55,2019-08-04T12:15:00Z,036c183505fea646b54aeb0c612913cafba94eca65e47d3c6d840a68,60.17918,24.95141,00000000675d5200,13.75
56,2019-08-04T12:15:00Z,049eb63d72e624404822e0a2e6a2309c71e1046cda471b34242db232,60.14699,24.922,00000000a53ed894,21.87
57,2019-08-04T12:15:00Z,04a1c019473cb4320eab21c3a68149c86d51f8ca43125f28be242bd3,60.18203,24.91341,00000000342570c2,10.78
58,2019-08-04T12:15:00Z,0530b0ebf8c9f6e97cdf74f19f430c722ae14da7ac4ceb66b069d308,60.14699,24.922,00000000a53ed894,17.4
59,2019-08-04T12:15:00Z,05c88b32936686e4a38266db4362ffd57d74b02e89d08cfb8a5318fe,60.14699,24.922,00000000a53ed894,18.79
60,2019-08-04T12:15:00Z,062464b30e2418d303bb38af733cf1cf3578bbcc8a4bb089e6413d60,60.14699,24.922,00000000a53ed894,7.05
61,2019-08-04T12:15:00Z,0726661a1529d2f92e206a159d78c957e02e025615c3cb6976f3c869,60.15432,24.9211,0000000019fb59c4,13.75
62,2019-08-04T12:15:00Z,07b83982883914f3ca56d79b28af7d9f2e194bfb747c195f35f19e0d,60.1538,24.95595,0000000038bf9618,27.28
63,2019-08-04T12:15:00Z,09d860c7528d7b2fe49e80929535e6218773e06bd69f3b9510284db6,60.16075,24.95883,00000000f1124bca,5.91
64,2019-08-04T12:15:00Z,09e0590c68833d28e358529cb2126d918ad70d1ff1eeeab23cd9df5c,60.14699,24.922,00000000a53ed894,6.46
65,2019-08-04T12:15:00Z,0a3d327ac2028166f474795a4a4a831eff26810ff96ef0bbdac903bb,60.16762,24.95415,000000006b44cce7,4.11
66,2019-08-04T12:15:00Z,0a8780f9d4c2a777debe75a62fc8b6bd408ed4d5dcd54788e43b5e9b,60.15432,24.9211,0000000019fb59c4,13.75
67,2019-08-04T12:15:00Z,0aac0a1632faca2b8da5da38845eebe0a3a928cee3fd87bc89ad2d86,60.16762,24.95415,000000006b44cce7,16.1
68,2019-08-04T12:15:00Z,0affc64656f9e31cdb3034a518c07fb0ad6dbda3a3f95e13eb1907ce,60.16762,24.95415,000000006b44cce7,3.4
69,2019-08-04T12:15:00Z,0cca5a11aca3797c70acb947385bb521f97718fee40846efbf9dd8d9,60.14699,24.922,00000000a53ed894,7.69
70,2019-08-04T12:15:00Z,0d76732f1558520522a07236730ebdbbdf5b9a9774460e102be05746,60.16075,24.95883,00000000f1124bca,21.87
71,2019-08-04T12:15:00Z,0ee2be6629d06829de4c93761808341c1db2b8abb0bc2f91acbf152f,60.18203,24.91341,00000000342570c2,20.28
72,2019-08-04T12:15:00Z,10a0cd87ab0f47539c9093811ec0be81b100d86a19538e773f433727,60.14951,24.92138,0000000006dd41f6,36.27
73,2019-08-04T12:15:00Z,10a99e791e27975dc1c9d73d3163cabacf3bd7bd05a4f7abf6365426,60.14699,24.922,00000000a53ed894,16.1
74,2019-08-04T12:15:00Z,11df4ad6d4e73922d3d449d2acee1c99da199ffaba41e041a3d0a3c8,60.16629,24.95957,00000000fb7600be,11.7
75,2019-08-04T12:15:00Z,120a63917cb5ab619bf9a71328f14020736ee84e75d5b37278748def,60.16897,24.95222,00000000aa852af1,14.89
76,2019-08-04T12:15:00Z,121345c4cf0d0f18c684c4eb22e496ac6f8fb537ec2f3812f6966b67,60.16762,24.95415,000000006b44cce7,13.75
77,2019-08-04T12:15:00Z,12573ece0c15cdd2f283db275613689e6b635e1faf4bf486d9649657,60.14699,24.922,00000000a53ed894,7.69
78,2019-08-04T12:15:00Z,12a9fb6e72a830a40c5ea66a531036a51eca81fa65d9324edac9edb1,60.14699,24.922,00000000a53ed894,9.12
79,2019-08-04T12:15:00Z,1410fc3cfcff675c1e192a9fc91f3848d203f7c60f4c22b0dd2d0014,60.16531,24.9442,00000000fdda10fe,8.38
80,2019-08-04T12:15:00Z,14d2999c77cc2b4f2ca41fd7be370ca3c6a158f0f64bf2e0dc508f06,60.16762,24.95415,000000006b44cce7,4.11
81,2019-08-04T12:15:00Z,14e388cf9990502f0b17bb0347a5a8cb2e4eb8f065c662538c225c15,60.16829,24.94214,00000000afef4555,8.38
82,2019-08-04T12:15:00Z,150b8718fbafb3a5dde18d6a5418f1549a266568f52302e2f80039b2,60.14699,24.922,00000000a53ed894,12.69
83,2019-08-04T12:15:00Z,1596c94b1ad270dcd9e86442373befb52969af38ced733ab751f7db8,60.17002,24.94407,000000006b087f40,41.64
84,2019-08-04T12:15:00Z,15de3e9ce410bc441fb26cc4bdaf601d5c9c9e3d9cd580e1863cf6e8,60.14699,24.922,00000000a53ed894,4.94
85,2019-08-04T12:15:00Z,162520e99c1dd34a6318b0ed15ebcad7be2da25bd7d93ecca16b4544,60.16897,24.95222,00000000aa852af1,14.89
86,2019-08-04T12:15:00Z,162ef165a81308242fe533e1837b43d9d75d3ea22143f98aab4e0069,60.16897,24.95222,00000000aa852af1,20.28
87,2019-08-04T12:15:00Z,16e7bca412b0dd017e6f704973218774a75f3cb3b0cd40618552545b,60.16829,24.94214,00000000afef4555,23.56
88,2019-08-04T12:15:00Z,17e2535a4f863bf585e024fa2b0cc5451cc3e4e9bc4c0d9e9857e8d2,60.16762,24.95415,000000006b44cce7,4.11
89,2019-08-04T12:15:00Z,18276c2d007ccacae7ff3d7402db0841741b8a241bc121cfa02dc9d5,60.14699,24.922,00000000a53ed894,3.74
90,2019-08-04T12:15:00Z,183638a41c106df05172f049c103975c010d1ef194abbea07bc52e11,60.14699,24.922,00000000a53ed894,16.1
91,2019-08-04T12:15:00Z,1866f9795478bcfc6ca15f1c105f9a6b16ddd2601c453f32870c504f,60.16075,24.95883,00000000f1124bca,17.4
92,2019-08-04T12:15:00Z,18eb78d790b3abc3b703ba6abf8e917cda1bdcd95db0260928472a6d,60.16829,24.94214,00000000afef4555,17.4
93,2019-08-04T12:15:00Z,1c757810eea414567b5a7bec13700e2484b8afe5e5a78c1c6d9f18ff,60.16531,24.9442,00000000fdda10fe,14.89
94,2019-08-04T12:15:00Z,1ccc6aac61bbec435c288728f645246c9b67b344f3cf042cb3d64770,60.1538,24.95595,0000000038bf9618,27.28
95,2019-08-04T12:15:00Z,1ccd1488bc52c86e4517df312ed11e1a8aa6b921317e693a329ecc18,60.16829,24.94214,00000000afef4555,3.74
96,2019-08-04T12:15:00Z,1d7e0a9dbb445618c7c42e353386031798f18f6bfc3d66bfbf1ed467,60.16897,24.95222,00000000aa852af1,20.28
97,2019-08-04T12:15:00Z,1dacfb371d75dd4f90f447aac2a00faad98beb4188a6971c19eb2375,60.16629,24.95957,00000000fb7600be,29.32
98,2019-08-04T12:15:00Z,1ebee3c762666e72521abe1d784e12eba0f8fa2881dbbaf6270983c6,60.15432,24.9211,0000000019fb59c4,10.78
99,2019-08-04T12:15:00Z,1ed9d28261615da89eae0ecb2e557022d8c903a29ee6010f9d75289d,60.14699,24.922,00000000a53ed894,9.92
100,2019-08-04T12:15:00Z,1f2be1f5838c0e39cfc5a8775428bbc0889d1588df5e0ac70a1828b7,60.17065,24.93641,000000000f4919c9,23.56
101,2019-08-04T12:15:00Z,1f7ebe13165f1664e2a2e24db4a17ad91916fd7b2dd435e0d6817d16,60.16829,24.94214,00000000afef4555,14.89
102,2019-08-04T12:15:00Z,1faaaeff6423708e06d94b904af4be93e399939fbdfd3b3091dc8bd2,60.15432,24.9211,0000000019fb59c4,16.1
103,2019-08-04T12:15:00Z,2052269ba7d2719317e24d2c9ed0d9daa8a71aadbf161bab499ae321,60.16075,24.95883,00000000f1124bca,6.46
104,2019-08-04T12:15:00Z,20ea90c404317f8818ce731525972712c178702d0cce0253067d484b,60.149,24.9843,00000000fffb8cf0,29.32
105,2019-08-04T12:15:00Z,226d6fc8b32c21c4960c2a4ecab4e19518fad425b21e8658d2fafc0b,60.16897,24.95222,00000000aa852af1,23.56
106,2019-08-04T12:15:00Z,227926e6fddc0de632c23cc659b6a7328cf85edabbe080bd7a8bc8eb,60.15133,24.92329,00000000e8a064a4,20.28
107,2019-08-04T12:15:00Z,22e374641f71c0feb573045128e57b84823086c33cec198133042ddd,60.14699,24.922,00000000a53ed894,5.41
108,2019-08-04T12:15:00Z,230b4b039d0bf535ea439e9e8c8c47630bca7056555595fc94e26eca,60.14699,24.922,00000000a53ed894,7.05
109,2019-08-04T12:15:00Z,236d5f51a2a0c6cef2dcaa4355aa4ed551a7939b4d883c0f3e0d85da,60.16075,24.95883,00000000f1124bca,7.69
110,2019-08-04T12:15:00Z,24453d208b99171801fbda427728ccee3abf654f030a17a750698930,60.16897,24.95222,00000000aa852af1,18.79
111,2019-08-04T12:15:00Z,249b30e2e79a3f6e20b3f57708f17943caed0050e157348d16744098,60.16075,24.95883,00000000f1124bca,21.87
112,2019-08-04T12:15:00Z,252c0e397a534839577e38fc6210a303fb227dee2e37b5c7cea3a72b,60.17002,24.94407,000000006b087f40,9.12
113,2019-08-04T12:15:00Z,259ed7ebcf5833390855ca88d68199eedac4186e8249388fbd95dead,60.16075,24.95883,00000000f1124bca,23.56
114,2019-08-04T12:15:00Z,25b22797090fde18f703269166d33362b4a042009a68f8389604d270,60.16075,24.95883,00000000f1124bca,21.87
115,2019-08-04T12:15:00Z,278bc5b72c937a3c54ad86bf5e0eac122cda351e3ae3c250ee9734fb,60.15432,24.9211,0000000019fb59c4,4.94
116,2019-08-04T12:15:00Z,27b4ed2193a0ee1948c29b5546faa808c3be78657a60cf73fcabfc76,60.14699,24.922,00000000a53ed894,17.4
117,2019-08-04T12:15:00Z,27bc5205098c35904284fab64c88a3d9e352568ce657b207220a3d55,60.14699,24.922,00000000a53ed894,11.7
118,2019-08-04T12:15:00Z,27d4452dcae7c8e389fc21669cb3ccaedac87d45d4b1a50131c939e4,60.16762,24.95415,000000006b44cce7,1.7
119,2019-08-04T12:15:00Z,281ce146bf6a1540193499d06d3bdc2b5d6e6cb78a5b323844b4c31c,60.17918,24.95141,00000000675d5200,14.89
120,2019-08-04T12:15:00Z,2969cdb120f2d285c556abfe5bac2f8090571f61aba227a474a534d2,60.17065,24.93641,000000000f4919c9,11.7
121,2019-08-04T12:15:00Z,2999dc8c214a737e83a6ceb2069cca8a04712da53fcaf2b59a794a27,60.16829,24.94214,00000000afef4555,20.28
122,2019-08-04T12:15:00Z,2a1f01352980e2f3a64ef36e2cfbbb604ac1d4a6d59704d6614aa1db,60.14699,24.922,00000000a53ed894,4.94
123,2019-08-04T12:15:00Z,2a6d0208989af71f4373856e06311be9615007c314729d69f39b6d0a,60.17002,24.94407,000000006b087f40,5.91
124,2019-08-04T12:15:00Z,2b81cb941cc6bf0f843b7c02fb96f79f9a31bacabc451084eb6564af,60.16762,24.95415,000000006b44cce7,3.09
125,2019-08-04T12:15:00Z,2d6d33c1f28e35003d607a81d34ca255edb0f95007cc561f4b2ad146,60.16075,24.95883,00000000f1124bca,9.92
126,2019-08-04T12:15:00Z,2d884238734e0580b180382d1b6ae2a9a50d71373406dfc7ff2c07d9,60.16762,24.95415,000000006b44cce7,13.75
127,2019-08-04T12:15:00Z,2de61bad66c33cfcec1e26a519bcfb3a929c77d67e6c6213368fc6b1,60.14699,24.922,00000000a53ed894,14.89
128,2019-08-04T12:15:00Z,2df84fc852c8d66db0ce46809f510fe2f9d797e656d870580c9e411a,60.14699,24.922,00000000a53ed894,23.56
129,2019-08-04T12:15:00Z,2ec9cb287fd9fe03c88f97dde31c7a91c965dc2a1768503ea380047f,60.16075,24.95883,00000000f1124bca,17.4
130,2019-08-04T12:15:00Z,2f3cfd7879f0cbe078c5e469fd4feca2d2aed24408c421f44086a766,60.16075,24.95883,00000000f1124bca,17.4
131,2019-08-04T12:15:00Z,2fda49faf3a5016c2f9b5c3d0ed511b2a25d70d9e7a34f273f8754a6,60.17002,24.94407,000000006b087f40,8.38
132,2019-08-04T12:15:00Z,2ff487dabdafef45d633bd5239b8f21bc2f5fa019150a45f204eb8be,60.149,24.9843,00000000fffb8cf0,17.4
133,2019-08-04T12:15:00Z,32c5ac12e4e1e278b5cc348916e5daf137527853f8a3ab4a3ae527c1,60.16829,24.94214,00000000afef4555,25.36
134,2019-08-04T12:15:00Z,32f77f5019e5fce30881c214487361e2e34b8c93277f6e546de72012,60.1638,24.96846,00000000d747f075,33.81
135,2019-08-04T12:15:00Z,33498cb56dba599cecad936e1044529438f78a0772761d9245b725f4,60.16897,24.95222,00000000aa852af1,12.69
136,2019-08-04T12:15:00Z,336743c7de4176faef5211fe06e77b6ac6e98383cebd98972c1d6dd7,60.16762,24.95415,000000006b44cce7,13.75
137,2019-08-04T12:15:00Z,352427714fc6e8591df6bd227dde05d3b7ba0881742eee4ae750dcc4,60.15432,24.9211,0000000019fb59c4,16.1
138,2019-08-04T12:15:00Z,35e2ddbffa0cd9db250405d7cb3ab67e24dc73a51b675300ed1a5bde,60.16829,24.94214,00000000afef4555,3.4
139,2019-08-04T12:15:00Z,385d2d8b0277cca7eeb75e7669b8ad416e4b68f5d95e02cee21bff3f,60.16762,24.95415,000000006b44cce7,7.69
140,2019-08-04T12:15:00Z,38e948b6ac08796177481d6ef589eb0eab6c5a3d2a42817d83f84616,60.16762,24.95415,000000006b44cce7,6.46
141,2019-08-04T12:15:00Z,39310ebca1ad756aa2bfcb16c912cb7003ef3e7286a1f037603ade61,60.14699,24.922,00000000a53ed894,7.05
142,2019-08-04T12:15:00Z,3947448981743bba23cc04bed3d6f79a1d9dc07531b31299398463ef,60.16762,24.95415,000000006b44cce7,2.8
143,2019-08-04T12:15:00Z,3958226d44ab73f8b5548e8c81407391f8a0390995849162204b0909,60.17919,24.95181,000000007b5207b6,11.7
144,2019-08-04T12:15:00Z,3a6fac230fd0b79ed05a739576ff4b7acecd13ed2b037d46d1032f0b,60.17918,24.95141,00000000675d5200,8.38
145,2019-08-04T12:15:00Z,3c21ef81eb62764c543cc53a1eb793a317f3443dd4838799b2dbd6ff,60.16544,24.95398,0000000038d83d41,20.28
146,2019-08-04T12:15:00Z,3c7008e4c7220cf19049558ab0bdd50f790680490b9073ecedcaef68,60.14951,24.92138,0000000006dd41f6,23.56
147,2019-08-04T12:15:00Z,3d9f9ef5aa43fc8ec0cd8e8b6dd202a459474c66efee0577f7da1713,60.14699,24.922,00000000a53ed894,18.79
148,2019-08-04T12:15:00Z,3dcf3bd404210c396bf685f324c814d082bdc9a93e971fce6cb99c97,60.16762,24.95415,000000006b44cce7,18.79
149,2019-08-04T12:15:00Z,3fb3fbd963599102ce9a2a35c6450340e54065e7e5b2b29e9416ac99,60.16762,24.95415,000000006b44cce7,20.28
150,2019-08-04T12:15:00Z,40619b5ec1657f8c6811d652a8ad5500598d2cfe04e92cbd8b1fee91,60.14699,24.922,00000000a53ed894,8.38
151,2019-08-04T12:15:00Z,40ac0fc9287645eea27c575aae8921898624cde9c6d41f5931e4367e,60.16829,24.94214,00000000afef4555,14.89
152,2019-08-04T12:15:00Z,41211eaa68fd4a88c3ae51169e81af982ba678c860632f21974725fa,60.16897,24.95222,00000000aa852af1,11.7
153,2019-08-04T12:15:00Z,41b194a97a25609a04aabdd4f24180190c4dfd65c7830aa47368351c,60.16762,24.95415,000000006b44cce7,8.38
154,2019-08-04T12:15:00Z,41c4cdf9a67da9e9c6f35eed1171704afb359e78433a0323df03c1e7,60.14699,24.922,00000000a53ed894,13.75
155,2019-08-04T12:15:00Z,41d36f7b202ad6683c66b40b77826d15b3b26d4d2c144aa919300262,60.16762,24.95415,000000006b44cce7,10.78
156,2019-08-04T12:15:00Z,4205d57c2ae28517f3bce445601c671560ca03b75824fa781c128ee0,60.14947,24.91438,000000004ef3150d,3.4
157,2019-08-04T12:15:00Z,4207ca5c0187c7ce970149bb28ca8433880f4c4be0047f2d227fd854,60.16762,24.95415,000000006b44cce7,2.54
158,2019-08-04T12:15:00Z,42841e19b1249fc32f85cc0808c5e27bf866abd175c0f61d1028d83a,60.14699,24.922,00000000a53ed894,8.38
159,2019-08-04T12:15:00Z,42920865faebe625e7ac9493f0af4a85d761088cbda6018950d87c62,60.14699,24.922,00000000a53ed894,17.4
160,2019-08-04T12:15:00Z,42a0f82872289a20bdc14b95a84128cb47cf7416f98da82176dda577,60.16829,24.94214,00000000afef4555,17.4
161,2019-08-04T12:15:00Z,42cc70c49abbdd7b3e251b99ed2af016dd8c0e902d860a0e43fec016,60.16829,24.94214,00000000afef4555,18.79
162,2019-08-04T12:15:00Z,43ccf3bc96da83ece2b57c9d13aa62034d65fbcf3ab4d3ab4eba6173,60.15432,24.9211,0000000019fb59c4,17.4
163,2019-08-04T12:15:00Z,442df62249a09bc45605c03ba4b4c310051deb0a3bd93a4d94066fbd,60.16075,24.95883,00000000f1124bca,29.32
164,2019-08-04T12:15:00Z,4457187b72045867654a085d7029113b2a4f08b1ee877a8d331cf84f,60.14699,24.922,00000000a53ed894,16.1
165,2019-08-04T12:15:00Z,44703b8dd01d3bd79585c9c7e12217e1ac152f86e2b0c9ed6be4bc19,60.16544,24.95398,0000000038d83d41,21.87
166,2019-08-04T12:15:00Z,44d0237d1d8b066068d7453c7881b3cf299565f299089d85887ed6a0,60.14699,24.922,00000000a53ed894,16.1
167,2019-08-04T12:15:00Z,480ae4d2e4f4cb0af9aadb6cdd122a1082266e1914073408d9bcde20,60.16075,24.95883,00000000f1124bca,21.87
168,2019-08-04T12:15:00Z,48b86d5696c78b07dc13c062f427599316013cbaae97193bb156b094,60.16762,24.95415,000000006b44cce7,20.28
169,2019-08-04T12:15:00Z,48fdf599bb5af07f621a024085fe2006a9d49f31fd759170c6f10284,60.1538,24.95595,0000000038bf9618,20.28
170,2019-08-04T12:15:00Z,493e52913b2808f10a79f0cb8ca7aa5eb5b806f36f05db2ab30f2a15,60.1538,24.95595,0000000038bf9618,25.36
171,2019-08-04T12:15:00Z,4a8be776104094e0d85ed0131050e792a55acb30c670e74d6d25cc14,60.17002,24.94407,000000006b087f40,13.75
172,2019-08-04T12:15:00Z,4ab7e771c0cc5f94690030c2163deb1c5ce09ff3aa42528130b76f48,60.16897,24.95222,00000000aa852af1,27.28
173,2019-08-04T12:15:00Z,4b28d7af7f28e9e92e83e02a76a985439635647b55124b1b3af733db,60.16544,24.95398,0000000038d83d41,18.79
174,2019-08-04T12:15:00Z,4cdd9bf584f00893750a91c9b61bf2bc8938378a79adbd0f52ddb71d,60.14699,24.922,00000000a53ed894,23.56
175,2019-08-04T12:15:00Z,4cf7726fe453e7c2a9fec07cbb2da433258307f6849b8b4da6615a8d,60.16829,24.94214,00000000afef4555,11.7
176,2019-08-04T12:15:00Z,4d3f646a7fcbbf71c02a0138c222fe868410b3c8198f90f4f06c13b0,60.17002,24.94407,000000006b087f40,11.7
177,2019-08-04T12:15:00Z,4d56c407dda121c86c09d297cc0ed547d005ca5a222ab31fd25eca0d,60.16762,24.95415,000000006b44cce7,13.75
178,2019-08-04T12:15:00Z,4e62b33c2beada57dbf76effa296933db11dbbf27e24ff8dc5f6f240,60.17065,24.93641,000000000f4919c9,7.05
179,2019-08-04T12:15:00Z,4e9948fb70105160f86a40016bbe30cc50de50dd66eea2aad0e004fa,60.14699,24.922,00000000a53ed894,16.1
180,2019-08-04T12:15:00Z,4ecd0b08b05c67580b0674b4bb53fbc0192726a18774487bdfefdb5a,60.16897,24.95222,00000000aa852af1,18.79
181,2019-08-04T12:15:00Z,4f10a91ddf61c481de832ec37e26b4a1adcbd3c6cc08984ef97634b7,60.16897,24.95222,00000000aa852af1,9.92
182,2019-08-04T12:15:00Z,506d14afe2652d941abd45fcc214f84ddffc62ffe1513e2bcb71acab,60.16075,24.95883,00000000f1124bca,4.94
183,2019-08-04T12:15:00Z,50af267458eb7ecfece140e9720cd5f0be5567d9a6872684dc9b3612,60.16829,24.94214,00000000afef4555,8.38
184,2019-08-04T12:15:00Z,5127d2dc39f1248e70b7f3f86b96b13a501f071e0f01c949c6e519f1,60.1538,24.95595,0000000038bf9618,11.7
185,2019-08-04T12:15:00Z,51328c064b9dfc738229f61fd6b48818b9e466ac9e1e3cb92984b9d2,60.14699,24.922,00000000a53ed894,14.89
186,2019-08-04T12:15:00Z,51c5467ca64c369d4b93cb45a5c847021b91b888526dbf1b3279520d,60.16531,24.9442,00000000fdda10fe,3.4
187,2019-08-04T12:15:00Z,531549b39bcff8c6260b46b80bcdd45281bda90212cd0f0ddc29af13,60.14699,24.922,00000000a53ed894,18.79
188,2019-08-04T12:15:00Z,542a48e21ef658e400ef58f2763ef9727c79608fdc6f40c456023d0d,60.1538,24.95595,0000000038bf9618,23.56
189,2019-08-04T12:15:00Z,545c041140ea8c1d3a38cf680bda2bca45de7e56a339ee020e83b833,60.17065,24.93641,000000000f4919c9,9.12
190,2019-08-04T12:15:00Z,54d8bafec3e2b2a0d579b0aacbd76ab98202a86c3716f6ddaeadf34b,60.16075,24.95883,00000000f1124bca,13.75
191,2019-08-04T12:15:00Z,552e7d20be831c5ebfa503ba78ed542d6ece4ecad264308d5dc37a31,60.14699,24.922,00000000a53ed894,11.7
192,2019-08-04T12:15:00Z,56b8eace741e5227a40ea0a64601a737648080c63d6240b0dca632c4,60.16075,24.95883,00000000f1124bca,9.12
193,2019-08-04T12:15:00Z,571934189bf349efb6f596e76c21612cf9b82ed44913090169936048,60.17065,24.93641,000000000f4919c9,13.75
194,2019-08-04T12:15:00Z,57bb8beeec6904b9a5cfe83c4ff9a80e63157780137f03de2a4152d3,60.16762,24.95415,000000006b44cce7,4.5
195,2019-08-04T12:15:00Z,584cb0b0cdd14e608c8b57c8aecc9826f9b40027e365e2438a444ea2,60.16762,24.95415,000000006b44cce7,14.89
196,2019-08-04T12:15:00Z,5cd63d918ef7d37ce5817d8440072f552bfd43128a6e34c1ae657c8f,60.16829,24.94214,00000000afef4555,9.12
197,2019-08-04T12:15:00Z,5d6d099da643ac62c66adbc02adbf95c45fdd30d5f5ad0305e874de1,60.16762,24.95415,000000006b44cce7,5.91
198,2019-08-04T12:15:00Z,5e00a010e8b79a0f8d82ca49b9251e8f15ce2eee6077967d968d23c6,60.16762,24.95415,000000006b44cce7,2.8
199,2019-08-04T12:15:00Z,5e956869d660be06ee4a83c96e1e11df61e060bc90f6fd491c19d499,60.16075,24.95883,00000000f1124bca,13.75
200,2019-08-04T12:15:00Z,5ea8f284019912f77f5cc91c90d92dbaf5539c20ac1dec629aab8201,60.16629,24.95957,00000000fb7600be,13.75
201,2019-08-04T12:15:00Z,5fd683e99f0587aacb1afdfdea6b23dff2e2ef48115250e21579c065,60.16544,24.95398,0000000038d83d41,23.56
202,2019-08-04T12:15:00Z,604a02f00cf5d2e059c26ee48a07cd30e608c4b00f17f447c028da58,60.16762,24.95415,000000006b44cce7,4.11
203,2019-08-04T12:15:00Z,629818eddd0bd9db8ab282cfdfaf39e7665d13b89cd7c1caf4f6eac9,60.16829,24.94214,00000000afef4555,14.89
204,2019-08-04T12:15:00Z,6337b891f545d36226fb8a5840c77cbefb93bd5c147329ccf8d7cede,60.173,24.92524,0000000096918cfa,20.28
205,2019-08-04T12:15:00Z,647674d4e987c9335184985039baf36be8f6a73189799c5c6c35e832,60.14699,24.922,00000000a53ed894,10.78
206,2019-08-04T12:15:00Z,6513c8d43bd8190afa2ec29af6a29563ff840252db6500899f74bc96,60.16829,24.94214,00000000afef4555,23.56
207,2019-08-04T12:15:00Z,653c8a14424a11c3f927799c4811d35e1203dd1d26ce1844a297bd0c,60.16829,24.94214,00000000afef4555,23.56
208,2019-08-04T12:15:00Z,65c08fd55184e061e0e6b3fb41489cfdeeead671c12e732ef76b97cd,60.16075,24.95883,00000000f1124bca,18.79
209,2019-08-04T12:15:00Z,66729ecda345d9c272516e1b2537becea727badadf756a2e7ffa50b8,60.17918,24.95141,00000000675d5200,7.69
210,2019-08-04T12:15:00Z,66d84d2ced92ce6c9c8552e5c51b16b878ff3607a61b008a2497f5b6,60.16544,24.95398,0000000038d83d41,21.87
211,2019-08-04T12:15:00Z,6798b584c9dddcb030227c332a1751bdc49ea5e21ef392b2e484d4fb,60.14699,24.922,00000000a53ed894,16.1
212,2019-08-04T12:15:00Z,67b07d609bd7d1e54a97b12510c3d62e7c27f2bdf54d6340bddfd6e1,60.14699,24.922,00000000a53ed894,7.69
213,2019-08-04T12:15:00Z,67f52cad9869e71ff6666a80680ddb9fb1de3ab05e9756372295451f,60.16829,24.94214,00000000afef4555,21.87
214,2019-08-04T12:15:00Z,6868f5cf7c5e16d04c3dade017848af0fe84b40d19143e259b75ea7c,60.1638,24.96846,00000000d747f075,20.28
215,2019-08-04T12:15:00Z,6930540e3f7742244c4f8fab1a0cb3c1a53a11d78218cd16aeaee8d4,60.15432,24.9211,0000000019fb59c4,10.78
216,2019-08-04T12:15:00Z,6c724ec993c7e980e1be0b2cec4e42a2fea69704c646875422280bd6,60.16829,24.94214,00000000afef4555,11.7
217,2019-08-04T12:15:00Z,6c8c6cc5ed059bade3b3f6d39b696fd28b56cc09d37b9007c84381c5,60.16829,24.94214,00000000afef4555,18.79
218,2019-08-04T12:15:00Z,6e396eb5c0f3f936cd805d50d88f8bef049e23eeb13205c6acf3bf96,60.16762,24.95415,000000006b44cce7,7.69
219,2019-08-04T12:15:00Z,6e470797f56426ca3502d77513d40162d726a3b99254a82b8f875a71,60.14699,24.922,00000000a53ed894,21.87
220,2019-08-04T12:15:00Z,6eaef3089d828e6a44576936de40fa79156a7d5ed68fc424e581960e,60.16829,24.94214,00000000afef4555,14.89
221,2019-08-04T12:15:00Z,6fe4ba0aa7b3687352b5516c44df79ba53631859d8c33d46ee2583e7,60.16531,24.9442,00000000fdda10fe,23.56
222,2019-08-04T12:15:00Z,70860124ec6d128157ff1f407d3997952b72b8eedff63acc29e104a6,60.16629,24.95957,00000000fb7600be,21.87
223,2019-08-04T12:15:00Z,71d14e0e3278b8768e59e0d735c5d8f1877f2b6865bf12aa7c0b3a2a,60.14699,24.922,00000000a53ed894,14.89
224,2019-08-04T12:15:00Z,72df529141474771fdb39efd88b31b11230bcef112e93df3f114f4f6,60.16829,24.94214,00000000afef4555,25.36
225,2019-08-04T12:15:00Z,7308f07058a734610e9f50500a0d10a88efa6d294bb595e74eb960a1,60.16829,24.94214,00000000afef4555,8.38
226,2019-08-04T12:15:00Z,733618d50499022af0ec3b91abdc93b6f3f252adb6891da4956ba4fb,60.15432,24.9211,0000000019fb59c4,18.79
227,2019-08-04T12:15:00Z,73734fa8f9a191a1b4db28d044fa709ff6ee45cdfab4c7870ecced51,60.17065,24.93641,000000000f4919c9,21.87
228,2019-08-04T12:15:00Z,74b728f0fa446d8d7a13c6d89abd315ae7ec34c8ed478317bdaf26fb,60.16629,24.95957,00000000fb7600be,16.1
229,2019-08-04T12:15:00Z,751206aa7e5c807392c3f1b73a39a243e35c6b3fb1f7aaf9589fcf15,60.15432,24.9211,0000000019fb59c4,18.79
230,2019-08-04T12:15:00Z,759cc93ce4950d4783b7a02368dc437ecf2959eba60693e9e80d72b2,60.17918,24.95141,00000000675d5200,16.1
231,2019-08-04T12:15:00Z,759f4f2417415af213c11c11e4b80e443acab2c1e8e73105ff2a0b05,60.18203,24.91341,00000000342570c2,14.89
232,2019-08-04T12:15:00Z,760cd2ca503d3d83686432463486e5f15de3baeefc6f6cb467ebb771,60.14699,24.922,00000000a53ed894,6.46
233,2019-08-04T12:15:00Z,76220a8258d7f308f6710d14917a44c26a3957fb56602944352c4bfe,60.16829,24.94214,00000000afef4555,9.12
234,2019-08-04T12:15:00Z,769a64430bdfa7e62124b6e40e066aac12bee6825de5b68812ec96d8,60.16897,24.95222,00000000aa852af1,14.89
235,2019-08-04T12:15:00Z,76b885ccb15ee5f5de0e80bd40ce3f5c44acd909b95e9264481fc18c,60.16897,24.95222,00000000aa852af1,14.89
236,2019-08-04T12:15:00Z,777cb32d675afaa6d66b04b7a23c1a2920de26816a4930a7a6cb9821,60.14947,24.91438,000000004ef3150d,7.05
237,2019-08-04T12:15:00Z,77827e9ee9cd3a3d064c1a8db18c7ae6edd22dad55c212a694a7c10c,60.1638,24.96846,00000000d747f075,29.32
238,2019-08-04T12:15:00Z,78247841ecfd57f8239fd4f08a3320ddc0da75661870c622efcf09f1,60.14699,24.922,00000000a53ed894,7.69
239,2019-08-04T12:15:00Z,78cffc1222030065d3d3fec0aca79aec5d473656633bc35d15da1acf,60.16075,24.95883,00000000f1124bca,14.89
240,2019-08-04T12:15:00Z,79bde23c1a8980f93a65e14306f0d8ea89e164430d8b991e2bfee82e,60.16531,24.9442,00000000fdda10fe,12.69
241,2019-08-04T12:15:00Z,7c0da0aaf1951e88d6a5aa1b5dd6d5d5d5c1df1d111380f63a2204ba,60.16762,24.95415,000000006b44cce7,16.1
242,2019-08-04T12:15:00Z,7c155062375f6aa7b10e6d2d82c67a0dd09e56dbe90c82b782c6a11c,60.14699,24.922,00000000a53ed894,5.41
243,2019-08-04T12:15:00Z,7c52aead7fdadc4edf61196bfd32750661799790dfeecc457f6a6c92,60.149,24.9843,00000000fffb8cf0,8.38
244,2019-08-04T12:15:00Z,7ce1afb4ba54b472c4d5818adfc0d4cb82aa83513a6bdc2c74c2bad5,60.16762,24.95415,000000006b44cce7,23.56
245,2019-08-04T12:15:00Z,7d0199f7200033558986c8168e97d343062cabcaac1edaceb34a6690,60.16762,24.95415,000000006b44cce7,2.8
246,2019-08-04T12:15:00Z,7d38d93fc221e516bd19e14d2ea60c79b1c6599ad8e9a6fa0af30977,60.16075,24.95883,00000000f1124bca,2.54
247,2019-08-04T12:15:00Z,7dd0725d50409fcba58b3f866b6a7cb862dda6ea5a448bec45955a31,60.17918,24.95141,00000000675d5200,14.89
248,2019-08-04T12:15:00Z,7ef46ce775869b6c631e019a86323da9f6bbf8b0505db8006c2bc7e0,60.16629,24.95957,00000000fb7600be,14.89
249,2019-08-04T12:15:00Z,7fa1e1fc6e80d05dbf71b5cfadb2bb88e8da3a3ca87f56f38b61a8f4,60.16075,24.95883,00000000f1124bca,5.41
250,2019-08-04T12:15:00Z,7fff01caf04323bf1da7cdbcd81214d77b73e3696c4cecbf8d35a544,60.14699,24.922,00000000a53ed894,9.92
251,2019-08-04T12:15:00Z,8000b988af0f4cdcf7194a06d668ff18f28ee9b2ebf20b738c73fd30,60.17065,24.93641,000000000f4919c9,7.69
252,2019-08-04T12:15:00Z,8094807b204377065bed5e6e787074e69e2560948e4dd547c64dbbeb,60.16829,24.94214,00000000afef4555,11.7
253,2019-08-04T12:15:00Z,81c0e533f568ce34205a0c917e1ee37ff67e0eb9f477dcb4bb2135b8,60.17002,24.94407,000000006b087f40,33.81
254,2019-08-04T12:15:00Z,81e224307f46b01662e70c500896da74b1db8c44713ae7c4afe152ab,60.14947,24.91438,000000004ef3150d,7.69
255,2019-08-04T12:15:00Z,820d53bfb5f01735143a0744bd5386d077cd7d41ec1a43fb0b4c3f4e,60.16075,24.95883,00000000f1124bca,12.69
256,2019-08-04T12:15:00Z,838408012036a6f0f8e236014a7b746e69f5b0b3398b9ecd35edef8a,60.14699,24.922,00000000a53ed894,8.38
257,2019-08-04T12:15:00Z,846fb8a400aef00a2eed3f23b420912b90a84ff378b3ec6d1153db53,60.16762,24.95415,000000006b44cce7,7.69
258,2019-08-04T12:15:00Z,85d349348a845c32ab50603b2ed793da62f8e6218f3a5ee63b6c5792,60.16897,24.95222,00000000aa852af1,10.78
259,2019-08-04T12:15:00Z,86bfd83c0427794bc5f8a3348dabe3d5b061e797f41b22a78fa364e3,60.16829,24.94214,00000000afef4555,5.41
260,2019-08-04T12:15:00Z,878f9f62fd2a9d9bc44b2c9156f450b393aae95e83fd0e1c75743b19,60.16897,24.95222,00000000aa852af1,18.79
261,2019-08-04T12:15:00Z,8a9eedc7cf775ab4e9ad2e20bdcbcbe1635808b418eedcdcceda7834,60.16762,24.95415,000000006b44cce7,12.69
262,2019-08-04T12:15:00Z,8b641985c793a3f25a45b2460cb01f5baa6f339c6dd26ba7752d8a7a,60.16897,24.95222,00000000aa852af1,20.28
263,2019-08-04T12:15:00Z,8ba6cfc17ca70e8304994e018ebd5eb2003177062cde05925d5cacb3,60.173,24.92524,0000000096918cfa,18.79
264,2019-08-04T12:15:00Z,8bbf5422247a0a6be314130d8fd9ae1814401b75acf3b3ce2da9620c,60.14699,24.922,00000000a53ed894,10.78
265,2019-08-04T12:15:00Z,8cdb20062053dfc813f6f3cd7a18c7c809d96984c20743db18ca4349,60.16829,24.94214,00000000afef4555,13.75
266,2019-08-04T12:15:00Z,8d35733b097f10bcb97e2fa2faec2b8ad8201c588beb9da2ebaf607b,60.14699,24.922,00000000a53ed894,4.11
267,2019-08-04T12:15:00Z,8d55ff14e0379558fe131d3240a3f9f5f07e431873f1deaaf9a174a4,60.16762,24.95415,000000006b44cce7,5.41
268,2019-08-04T12:15:00Z,8dd87985b829cb8324cfc1b96d29bf9740c62afe310ae79b20c83e9a,60.14947,24.91438,000000004ef3150d,13.75
269,2019-08-04T12:15:00Z,8f4e166148f6455f1797c6e0e1eee4bb93163f2fc424d493c63a403b,60.15432,24.9211,0000000019fb59c4,23.56
270,2019-08-04T12:15:00Z,90924ca1418e6f96d64039dd263050d57e13f81827921136c18079f3,60.16762,24.95415,000000006b44cce7,11.7
271,2019-08-04T12:15:00Z,91408bae19937afca2649da3859a757722f15b3200bc7b634c8e80eb,60.16075,24.95883,00000000f1124bca,3.74
272,2019-08-04T12:15:00Z,92f09412d0352bcca7787a095ac1b4ebe313b8db6b533c74a0467e43,60.16829,24.94214,00000000afef4555,16.1
273,2019-08-04T12:15:00Z,93a2100e233b204243f7e69b68dea7c9a145d1b5384bd18359bf87a3,60.16531,24.9442,00000000fdda10fe,2.3
274,2019-08-04T12:15:00Z,942baa7327bf581077b7878ba9d02b8ba08ab3a34f87c13a49134396,60.14699,24.922,00000000a53ed894,10.78
275,2019-08-04T12:15:00Z,94ac9d6e79236013b9fa24e1c52123819228f6962b5952637ca80fcb,60.16629,24.95957,00000000fb7600be,10.78
276,2019-08-04T12:15:00Z,94e9f9d57a32de8219fff0ca94e9a21ba9c06dc5e00fbd8e62c1f775,60.149,24.9843,00000000fffb8cf0,12.69
277,2019-08-04T12:15:00Z,990cd6dccf49a5b02ce06851467f2a21d46d294f638b18f309368bd8,60.16829,24.94214,00000000afef4555,10.78
278,2019-08-04T12:15:00Z,994c1c78353f8b04eaf7c6501748261ae96b5001f760fa575ac4bd86,60.16075,24.95883,00000000f1124bca,18.79
279,2019-08-04T12:15:00Z,99cd991b3bb8500250e74bb088961a302456262be94553d44739512e,60.14699,24.922,00000000a53ed894,11.7
280,2019-08-04T12:15:00Z,99dcb689ec90c413c73f7d1d4fede6bfb31ce10c184e3de6f655e6f6,60.16762,24.95415,000000006b44cce7,23.56
281,2019-08-04T12:15:00Z,99f8aa5912eb7849398f70c651ff3ed3a8776006bbb89d6330f50a06,60.16829,24.94214,00000000afef4555,27.28
282,2019-08-04T12:15:00Z,9a59aacfbabf5cb6313f4c49e55131479691d68ec2bb71dda2975e47,60.14699,24.922,00000000a53ed894,4.94
283,2019-08-04T12:15:00Z,9ac55f550acd39ce9de56b162df0a310b557e68825ec24fe9bcfdfc1,60.16075,24.95883,00000000f1124bca,5.91
284,2019-08-04T12:15:00Z,9b1d41523094779512176d2263b794790c72bd417b63e33a631d4ad6,60.16829,24.94214,00000000afef4555,1.54
285,2019-08-04T12:15:00Z,9b53b58592941bd8dd572f9266890475bd1e90e6f529af6911eb392a,60.16829,24.94214,00000000afef4555,16.1
286,2019-08-04T12:15:00Z,9b63c13fed556fe0738a73d73825e917f3de8ed28f226a543287bc10,60.17065,24.93641,000000000f4919c9,18.79
287,2019-08-04T12:15:00Z,9b6a531ecd7787d2833d20126796dd02819e2fbba24c85f1f6584bab,60.16762,24.95415,000000006b44cce7,14.89
288,2019-08-04T12:15:00Z,9cb55fb3787e16796a8c7175ba9c72bad00e5402086192b7e468cca6,60.149,24.9843,00000000fffb8cf0,3.4
289,2019-08-04T12:15:00Z,9cbe6dcc65ad452129564a370533b3e55fdd731c4afd25ee23c30dbd,60.14699,24.922,00000000a53ed894,11.7
290,2019-08-04T12:15:00Z,9d284855ab36f00f26a4ebdd99b1255927fc77da1de6df81b3101b77,60.16075,24.95883,00000000f1124bca,27.28
291,2019-08-04T12:15:00Z,9ec27754db4a58ca65aecd9437ff1f3fa44c5d4a2ce2871093970946,60.16762,24.95415,000000006b44cce7,8.38
292,2019-08-04T12:15:00Z,9f74a0bcbd0d2091ace47104077788d4fb95822178b10ed9b40fc961,60.16829,24.94214,00000000afef4555,14.89
293,2019-08-04T12:15:00Z,a075456c62fb72bbbcb97b7e4579bb0f9e8cd54d5060b01d8b88f389,60.15432,24.9211,0000000019fb59c4,13.75
294,2019-08-04T12:15:00Z,a08eddef5da3122f224bc7cd10bae44ecb8876c1681d44f254b5ef93,60.16762,24.95415,000000006b44cce7,18.79
295,2019-08-04T12:15:00Z,a0db7e8063bede2dd55c2c6cf5111932617ecace670ff65314a7d349,60.16762,24.95415,000000006b44cce7,3.4
296,2019-08-04T12:15:00Z,a242d0f4c40393300014042b5121ac7b9f8c839efd50431035b9002c,60.14699,24.922,00000000a53ed894,31.5
297,2019-08-04T12:15:00Z,a2432711fbbe3d2c3f3e97dbca2aaaa8810e6a201a668907e8ab9070,60.14699,24.922,00000000a53ed894,14.89
298,2019-08-04T12:15:00Z,a24d9cc81dd10bda692d9470dfad73379d6a32840f1ee869db0de285,60.16762,24.95415,000000006b44cce7,21.87
299,2019-08-04T12:15:00Z,a2809ee63b45ff8e8d4679ff4f22c1c7e219d6bd318aeacebaa10580,60.16762,24.95415,000000006b44cce7,11.7
300,2019-08-04T12:15:00Z,a35e52e6b7fa659c8e4f871b7604913104280fd6df1afc6c6be675cf,60.16897,24.95222,00000000aa852af1,20.28
301,2019-08-04T12:15:00Z,a3b4898718623054bfbd1bbeac1519a35093cbb74905dfa0af8c39e2,60.14699,24.922,00000000a53ed894,20.28
302,2019-08-04T12:15:00Z,a3f66f1fa0d1bb910bb26b05d4243e869129844cc68a52e9d356b78f,60.16829,24.94214,00000000afef4555,14.89
303,2019-08-04T12:15:00Z,a4206183d2d2c4ed16a90a85ee09bf47610d051072290e4fa123ed40,60.16075,24.95883,00000000f1124bca,13.75
304,2019-08-04T12:15:00Z,a4e4e8aae3327b36b4d7a2310cff3d385e5db5594aaa6ad0a5b10649,60.16829,24.94214,00000000afef4555,20.28
305,2019-08-04T12:15:00Z,a59a7680be0eaf63c2e24c792bfd05b018b68b3861a99f55fa164d8d,60.14699,24.922,00000000a53ed894,21.87
306,2019-08-04T12:15:00Z,a705ec324e2b86ab220ebdd02703e47a75f6eb2fd6bfa93a880f7ec4,60.14699,24.922,00000000a53ed894,20.28
307,2019-08-04T12:15:00Z,a7ad1376e5e1222851b76ea64dedc528c301abce9c78edd283649e7b,60.17918,24.95141,00000000675d5200,21.87
308,2019-08-04T12:15:00Z,a8207bd6ef7a12b03ef54f6a387aab905056498422b788fae5fa2358,60.14699,24.922,00000000a53ed894,7.69
309,2019-08-04T12:15:00Z,a92860f23851ae4aff2c5fe5bf445f2caf23d0ff8d01ff734f889a4f,60.14699,24.922,00000000a53ed894,16.1
310,2019-08-04T12:15:00Z,a9d7e32c3ef1afe6dcf548900ee03cd95b61a1876dfa29157312fb65,60.1538,24.95595,0000000038bf9618,23.56
311,2019-08-04T12:15:00Z,aa076c3f0d09145aebbb750dde9849ba4eb6759e92ba5753280184d6,60.16762,24.95415,000000006b44cce7,17.4
312,2019-08-04T12:15:00Z,aa6e508b495209e7c0482dddda7bf61c9978e5312f7079e5b336ff9b,60.14699,24.922,00000000a53ed894,10.78
313,2019-08-04T12:15:00Z,aa976e9c47085cd52ecd4e44c74d24c8af565f181285a3811750fab2,60.16075,24.95883,00000000f1124bca,8.38
314,2019-08-04T12:15:00Z,aca82bd83619a288668ffe52c9977ab666f4093793ffff81b3d78acb,60.16762,24.95415,000000006b44cce7,11.7
315,2019-08-04T12:15:00Z,ad3a6478a73f94a6f3c27c691b5e4335b79cdb47881638f55d432695,60.17065,24.93641,000000000f4919c9,41.64
316,2019-08-04T12:15:00Z,ad7958d705ac9e12c05c383e6635435036c5fb62f6ff45da7fe50973,60.16762,24.95415,000000006b44cce7,1.54
317,2019-08-04T12:15:00Z,ae2cb46ae3e620df1008680e745c9e741ad3b3855dede870695ba684,60.16829,24.94214,00000000afef4555,1.88
318,2019-08-04T12:15:00Z,af147d0c418794a918b2c3d297e658380006956ab96292a65cbfa556,60.16829,24.94214,00000000afef4555,9.12
319,2019-08-04T12:15:00Z,af67d25c81cc8237b816b385840065bdf94c2dd60b8e892b6ed2b265,60.14947,24.91438,000000004ef3150d,27.28
320,2019-08-04T12:15:00Z,af9b88bd721a0707f503b6cca99fcb8b6ae43540e23cf2a74686c3c9,60.16075,24.95883,00000000f1124bca,21.87
321,2019-08-04T12:15:00Z,b08488b13ac09423e71df12c2c65f84aa7a8fa4c4b1ec25f79fb9f99,60.14699,24.922,00000000a53ed894,25.36
322,2019-08-04T12:15:00Z,b09ddd1e2af12a5d93bf76f32cb0c5f21c15cad08019e54d15420e42,60.14699,24.922,00000000a53ed894,9.92
323,2019-08-04T12:15:00Z,b12a4af499a6ddb6092e093fda719097ffde86394359835d9d11adf8,60.16075,24.95883,00000000f1124bca,7.69
324,2019-08-04T12:15:00Z,b149fbe49fbdc99aee67b5a4f38814ac6a752a5e68cf9fcb4231fb1f,60.16629,24.95957,00000000fb7600be,17.4
325,2019-08-04T12:15:00Z,b1d4c729687057f6f25795bd731198f54a20a675ab89dbc14d8d6917,60.14699,24.922,00000000a53ed894,5.91
326,2019-08-04T12:15:00Z,b3406cc312560021fe26349bbf8874aff81b8c0e84c4ad32bbbad109,60.149,24.9843,00000000fffb8cf0,14.89
327,2019-08-04T12:15:00Z,b3db5013ea88ebe4c4048ce2277a79df5e0236713fd0ac2b4caed4ea,60.14947,24.91438,000000004ef3150d,31.5
