,time,hash,latitude,longitude,serial,distance
0,2019-08-04T11:07:00Z,004c3624f943830bc6a9f17173a2cd0996622cade5184ad2b9fba729,60.16897,24.95222,00000000aa852af1,7.05
1,2019-08-04T11:07:00Z,0152988639aaaa9cc27213280c8f0c0c8ec97ae6a45aaaf743c9c25d,60.16544,24.95398,0000000038d83d41,27.28
2,2019-08-04T11:07:00Z,03e0fc996a589ccdf1871b3c78e089c08c93ba1f2a02d740fb384aac,60.16531,24.9442,00000000fdda10fe,33.81
3,2019-08-04T11:07:00Z,048a4191e2e9ce1733556eda54c4123345c70aeced0f8ecf7d52b916,60.14699,24.922,00000000a53ed894,23.56
4,2019-08-04T11:07:00Z,09ddbf38333e76a79fd836112bd8c3f8bf7f3dadfb3d49945ad4c486,60.16897,24.95222,00000000aa852af1,7.69
5,2019-08-04T11:07:00Z,14c7e1511b70f4dd3359cbece1377aebb4d70531f5489eefe53d7c3c,60.16544,24.95398,0000000038d83d41,33.81
6,2019-08-04T11:07:00Z,165ebbb4090d47319ae370f0d0854fdc1f6b79499f8b2e4d3c3533c0,60.16544,24.95398,0000000038d83d41,29.32
7,2019-08-04T11:07:00Z,16c994bb2e24124a910c247376d16e980a65626a94c4c0aaab27df60,60.16829,24.94214,00000000afef4555,29.32
8,2019-08-04T11:07:00Z,198d6432c579dae0d7ddda6591eb377ca6c01888de802f89ab84b98a,60.16544,24.95398,0000000038d83d41,27.28
9,2019-08-04T11:07:00Z,1bba37ee9376f8052f3606bb777546c2c4d1e84dad7afd93d4cffa45,60.16762,24.95415,000000006b44cce7,13.75
10,2019-08-04T11:07:00Z,25a7ff811c3c06e426c7c2cbb0433d9a2a3399b23afecbd35584ab0f,60.18203,24.91341,00000000342570c2,17.4
11,2019-08-04T11:07:00Z,2e4af02bc2421faac1f506a147ddb9b76076386be53415223aca4bde,60.16762,24.95415,000000006b44cce7,6.46
12,2019-08-04T11:07:00Z,32dd92b5a658392a4ec84eaf95152ee72258b6b0fb670b97882ac902,60.16829,24.94214,00000000afef4555,16.1
13,2019-08-04T11:07:00Z,434e74155ec054f1bb6122a7ec736a48a27c6f4111995c3f2bb03897,60.17065,24.93641,000000000f4919c9,18.79
14,2019-08-04T11:07:00Z,43b676ed3aef4c2d8846694817e76117873be52e7f788e0cb366c1c4,60.16629,24.95957,00000000fb7600be,23.56
15,2019-08-04T11:07:00Z,4656bad9b5e6dfc3977eca308fc1db3dbf8b0204b90d09b001da242e,60.1638,24.96846,00000000d747f075,21.87
16,2019-08-04T11:07:00Z,5d65719c4cbf045f068d084b72302f447d5fd034413d97d13be00d0e,60.18203,24.91341,00000000342570c2,18.79
17,2019-08-04T11:07:00Z,5eed115a984d490b02b602d73787aee8dc8c4e9365b77fbff3818a76,60.16629,24.95957,00000000fb7600be,21.87
18,2019-08-04T11:07:00Z,69219e9efa41ae9e732653e9eaf08e1a34cb853a9dafe76ddeea4d04,60.16897,24.95222,00000000aa852af1,20.28
19,2019-08-04T11:07:00Z,6a70e2fbced719333e21eff04fcb9cb36bae9a04d1a3d6ddd96f2c58,60.15432,24.9211,0000000019fb59c4,4.94
20,2019-08-04T11:07:00Z,6f06341f358e61699fe1e55e986dd0554bc8da28b91daf0c5ad99db6,60.16629,24.95957,00000000fb7600be,23.56
21,2019-08-04T11:07:00Z,87dfaad29a9276ddddb1fa021d3bc23ad14824c1af16f7d87e713689,60.14951,24.92138,0000000006dd41f6,9.92
22,2019-08-04T11:07:00Z,88808fe92573e9cdf022cc15b9689b6b4b9429f60513c8897b0ba4c7,60.16897,24.95222,00000000aa852af1,16.1
23,2019-08-04T11:07:00Z,8c75c3289c84fe4493e1e272a77b615fe1985880c5dc68a7c1a17b53,60.16762,24.95415,000000006b44cce7,9.92
24,2019-08-04T11:07:00Z,92524354048a0b73aacc2745ecface2dec61989197d03321c59b8821,60.14699,24.922,00000000a53ed894,23.56
25,2019-08-04T11:07:00Z,92aae21a6e0dd2ff71fc591b64e878502bd4677b64ac413632e9f7c6,60.149,24.9843,00000000fffb8cf0,21.87
26,2019-08-04T11:07:00Z,9843c6216661048343a0e49cf3d8aa2883cf77f452666a1c873a1052,60.16448,24.97323,0000000053c6c2be,11.7
27,2019-08-04T11:07:00Z,9992834418850939882f3b334eee492eb98d4f9d6d6118f9ee108793,60.16762,24.95415,000000006b44cce7,3.74
28,2019-08-04T11:07:00Z,9c8556ea519835172f09c20e7688066eeec8e7f74a0c6fa3df3d9c5f,60.16829,24.94214,00000000afef4555,20.28
29,2019-08-04T11:07:00Z,a13e5d46f0a2d1c6b58878e1b198905e9b14e3a85b5e4adab88b4b87,60.16762,24.95415,000000006b44cce7,9.12
30,2019-08-04T11:07:00Z,acd2647d413f41552b31b6e383da445c8902bc2a764d2b7791a7b164,60.16762,24.95415,000000006b44cce7,14.89
31,2019-08-04T11:07:00Z,b936e41d8712ae967f3ebb413fc44f060bb10613f95537757886ede2,60.16762,24.95415,000000006b44cce7,12.69
32,2019-08-04T11:07:00Z,bca443064699e0ac05c40e587aef06d7fd580817e739133a501490bc,60.14699,24.922,00000000a53ed894,20.28
33,2019-08-04T11:07:00Z,bfcaefe93f7fcb6aad6e62e3da473a7b5b03a62db532dad02a7d3559,60.16762,24.95415,000000006b44cce7,13.75
34,2019-08-04T11:07:00Z,c0d98967e7575c7d0727764e04702297809bbfe2877f0afc62112028,60.1538,24.95595,0000000038bf9618,20.28
35,2019-08-04T11:07:00Z,c40c37def6bf11a63a2556519a7c6233fd417cdeea2cf14f28e7c42c,60.16531,24.9442,00000000fdda10fe,21.87
36,2019-08-04T11:07:00Z,c97eb4181394121907d47b908495f54e5ee5145ff790f7a1dc21b3cf,60.16897,24.95222,00000000aa852af1,13.75
37,2019-08-04T11:07:00Z,ca6927628f5ddda20036865c9345ad93d476d62ade3b181de568eed6,60.16897,24.95222,00000000aa852af1,23.56
38,2019-08-04T11:07:00Z,cd2c2ce2425879ac455c812073aa8025c7bac76df380e4793edab46d,60.16829,24.94214,00000000afef4555,21.87
39,2019-08-04T11:07:00Z,cf05623e4d87ce0906c0b0b7dbf53aacc1228016cd27c341228b6e76,60.18203,24.91341,00000000342570c2,16.1
40,2019-08-04T11:07:00Z,cfc0bedb78ded52749db3188cb188bf6a250ef5990da9c5afa9623fc,60.14951,24.92138,0000000006dd41f6,29.32
41,2019-08-04T11:07:00Z,dbeb00942457ba3c5fb1984b57b1dedb268c0e761e80729b939f1fd8,60.16544,24.95398,0000000038d83d41,20.28
42,2019-08-04T11:07:00Z,e224ae5ea47af2e3048f83b13a1f45dc135c0ca6be72547b01729086,60.1538,24.95595,0000000038bf9618,21.87
43,2019-08-04T11:07:00Z,e8690c2d1711bc10f2d1251a3b5b1e770b98c66c384760400c604de1,60.16829,24.94214,00000000afef4555,21.87
44,2019-08-04T11:07:00Z,e8e366e76c97944e23c0f80b4fd3ce6e5832744922297146a49f0c7e,60.16762,24.95415,000000006b44cce7,14.89
45,2019-08-04T11:07:00Z,e96bd269a48b822b06141c3362fcb6d5ed4d0d09a120f2e4a712d5c2,60.16897,24.95222,00000000aa852af1,12.69
46,2019-08-04T11:07:00Z,ed70dda6b7faebd4340dacdb452ab224d9d3c308df417b7fa76f54e8,60.14951,24.92138,0000000006dd41f6,25.36
47,2019-08-04T11:07:00Z,f088630d7476dae7d4b7e2bb1f10575f2c89acb4b6e061f3d57c2b40,60.16531,24.9442,00000000fdda10fe,31.5
48,2019-08-04T11:07:00Z,f31cfded6f566f9c032c80c52ea642407be312c5d42521ab7a8d3e2a,60.16897,24.95222,00000000aa852af1,29.32
49,2019-08-04T11:07:00Z,fc4f3a44235f1cfc7b53f14ba2da599976a5a0a220d23b852688e485,60.17919,24.95181,000000007b5207b6,5.41
50,2019-08-04T11:07:00Z,02a354db29cd5bc16976a9d933e03a41be350f9cc78098829a7dcfd4,60.14947,24.91438,000000004ef3150d,18.79
51,2019-08-04T11:07:00Z,03204cdd97728dc59f21f215f75460ac8fe2fa56720a88e869c6f56d,60.16829,24.94214,00000000afef4555,18.79
52,2019-08-04T11:07:00Z,0495ba0a1c04e0262f37eaa32084a173acc00638a16e76bb922b97dd,60.16762,24.95415,000000006b44cce7,11.7
53,2019-08-04T11:07:00Z,0625280cf414aa015aa8b4d504d6fc74879a1144b913e254fec5db9d,60.16762,24.95415,000000006b44cce7,14.89
54,2019-08-04T11:07:00Z,08833115ba0f62666fee594662c171563759459bb5f65ffdfeaeaed1,60.18203,24.91341,00000000342570c2,29.32
55,2019-08-04T11:07:00Z,08b10b51864dc039f0a07c997e66e7a263ee1cde5b0b88b2a1178c58,60.16829,24.94214,00000000afef4555,8.38
56,2019-08-04T11:07:00Z,090b22feb90861d0c5c272812dfebe1f4f5efec2238fb9556f23e5a6,60.16762,24.95415,000000006b44cce7,12.69
57,2019-08-04T11:07:00Z,0c959027ce302054b09087cac97a83aa7e24fb9e4fa2710763f912cb,60.16829,24.94214,00000000afef4555,7.69
58,2019-08-04T11:07:00Z,0d2490ed58c11eb4a754a30cc4bcb21c7243d322a2caf7cc360e4e8c,60.17065,24.93641,000000000f4919c9,12.69
59,2019-08-04T11:07:00Z,0dc12f22306d5f6622fc786011f32f1961a5f94018be9c2236fb2e52,60.14699,24.922,00000000a53ed894,11.7
60,2019-08-04T11:07:00Z,0e113c5ed3abcdfb31d27c3125f6cf01e3b96e4ed7eca1aaea855f77,60.14947,24.91438,000000004ef3150d,13.75
61,2019-08-04T11:07:00Z,0fd26c6e46f4d73b276223942e56c38bc9b8e4566239f8a77261657b,60.17002,24.94407,000000006b087f40,13.75
62,2019-08-04T11:07:00Z,103e596ccbbe3422403a38786a0bee588f55208bb343963e67ba6ba0,60.149,24.9843,00000000fffb8cf0,14.89
63,2019-08-04T11:07:00Z,1067b041807277ecf9cea5b55c265a37808239544e559e2cfdfcb3ce,60.16762,24.95415,000000006b44cce7,7.05
64,2019-08-04T11:07:00Z,10ca87ada637a6524de98a11c8d3d3d3cfa8f7f5ea839b29c2b132a0,60.16762,24.95415,000000006b44cce7,10.78
65,2019-08-04T11:07:00Z,1127119e7794170983cf8596358f6c5e312948e7044e505b3ba6b75b,60.16897,24.95222,00000000aa852af1,14.89
66,2019-08-04T11:07:00Z,1327ce24f157334f864f913637993c80380ce5f5c911e4b0d31c5eb7,60.149,24.9843,00000000fffb8cf0,4.94
67,2019-08-04T11:07:00Z,14950bb35cae97d17dbb39fd05de471b20dceda78a1c517bec6b0cba,60.149,24.9843,00000000fffb8cf0,31.5
68,2019-08-04T11:07:00Z,1556d4a76070c26554efa12b4b9c53766a4cc394e8b74ee37f2fff65,60.17065,24.93641,000000000f4919c9,3.74
69,2019-08-04T11:07:00Z,169c77f0d714e38eb1e798b14fa42ce3fefb0ec1d6f9e93a38a872f1,60.16762,24.95415,000000006b44cce7,5.91
70,2019-08-04T11:07:00Z,17861db3c9efb479761315b23143cfdc5f694922946406d53fd5fc1d,60.17065,24.93641,000000000f4919c9,12.69
71,2019-08-04T11:07:00Z,182e58bd6c3c8d836225d454a878bc55d8ed5166564a22f8b635f6ff,60.14947,24.91438,000000004ef3150d,9.92
72,2019-08-04T11:07:00Z,1921be9815a57f11f291ca085add7b4bf1d044518b03b725df7cf7d5,60.149,24.9843,00000000fffb8cf0,8.38
73,2019-08-04T11:07:00Z,19db84758eba08a5f9bb56b0ff91d05286765c8e8dfa31bd0b2aaa1c,60.14947,24.91438,000000004ef3150d,8.38
74,2019-08-04T11:07:00Z,1a06b5f7f305badd45e93db9d86d76ed3a2a96ec55ec47c836921e3e,60.16762,24.95415,000000006b44cce7,6.46
75,2019-08-04T11:07:00Z,1bff3cb3b9be59366fdf8adbbc677a4dfbf8e116bf330c3435bc63c2,60.16897,24.95222,00000000aa852af1,27.28
76,2019-08-04T11:07:00Z,1c38009e9b89bd8b0d6744bf54ebae9a8ad2dc2868cdfc3f2e399509,60.16829,24.94214,00000000afef4555,23.56
77,2019-08-04T11:07:00Z,1c8c3befa38b65f707dd4933a68e5e3c9e7c82592fd382779127416b,60.16897,24.95222,00000000aa852af1,18.79
78,2019-08-04T11:07:00Z,1c9aa21b85f6dc63cc56eb960e89cdeaa6da27738f3fcc4fbee8ee17,60.16762,24.95415,000000006b44cce7,9.92
79,2019-08-04T11:07:00Z,1dacfb371d75dd4f90f447aac2a00faad98beb4188a6971c19eb2375,60.16629,24.95957,00000000fb7600be,27.28
80,2019-08-04T11:07:00Z,1f6e5095c2c365e120a526c9111895459bc08fb351b964a350cdb64f,60.16762,24.95415,000000006b44cce7,5.91
81,2019-08-04T11:07:00Z,1fa2c533bba37b249a0105001153733e67a559d40c22cab67f135f64,60.14947,24.91438,000000004ef3150d,17.4
82,2019-08-04T11:07:00Z,227b93698b29687beea48184f42aab63a21fa362af7251be32db2e15,60.16531,24.9442,00000000fdda10fe,2.54
83,2019-08-04T11:07:00Z,23b4a8c7918ca417eab83481a710fd544e1fa8bf7073b5955c0155c8,60.14699,24.922,00000000a53ed894,25.36
84,2019-08-04T11:07:00Z,23b7c1b09dfbcbf722a4c48303dd0435cf9885a516d5eebb6538844f,60.16762,24.95415,000000006b44cce7,9.92
85,2019-08-04T11:07:00Z,23f10190151386d4050571cb299410bc0285ed980b0a00f088e01cf0,60.16762,24.95415,000000006b44cce7,4.94
86,2019-08-04T11:07:00Z,2535cb5c89ec66044a005b03dd769ca8d0022164a816c06db0e49892,60.16762,24.95415,000000006b44cce7,9.12
87,2019-08-04T11:07:00Z,2671a156fa8d8bb05970481c8f83bcf9f261f73dae27f2bb9ac88aeb,60.14699,24.922,00000000a53ed894,14.89
88,2019-08-04T11:07:00Z,2724e42551f43106ea58a8fcc6a43953baa1294cd65e17a90012f706,60.17065,24.93641,000000000f4919c9,0.71
89,2019-08-04T11:07:00Z,28a8c91eedf86256382a085ddcaf523d407151baa947c38797259e95,60.16448,24.97323,0000000053c6c2be,17.4
90,2019-08-04T11:07:00Z,296a0ffe230305a3d37818a0369b56c99dacdd5df5a161bf238e1084,60.16762,24.95415,000000006b44cce7,2.54
91,2019-08-04T11:07:00Z,29b5f09785ef76627c2a3f043e1182d11fbd3a465422544c7478aa1c,60.16897,24.95222,00000000aa852af1,12.69
92,2019-08-04T11:07:00Z,29f5adc4d67413b7d368e8e94a41cf48339e3f5f0903f660170c4fe8,60.17918,24.95141,00000000675d5200,21.87
93,2019-08-04T11:07:00Z,2b8390c7183ae344c6844506a062f78e7038ec6c71227c16c48d5713,60.16829,24.94214,00000000afef4555,16.1
94,2019-08-04T11:07:00Z,2bbd3ab96fbdc70aeeb702eec09ad635ef2e72885baf7c23ad48b654,60.16762,24.95415,000000006b44cce7,21.87
95,2019-08-04T11:07:00Z,2c85e4140ca0ba77c3598ceac05eb2c2342409ce8111c863fc58c606,60.16829,24.94214,00000000afef4555,16.1
96,2019-08-04T11:07:00Z,2de87ef94604fb63bec05eefb71b6cdd0b9807f8551159c2a35e7259,60.17065,24.93641,000000000f4919c9,7.69
97,2019-08-04T11:07:00Z,2e6e6f89a7d75f0742d016de203c9acc8d6f6bdeb7b56bd12f482653,60.15432,24.9211,0000000019fb59c4,18.79
98,2019-08-04T11:07:00Z,30bee351808d5e8082ce012b57f5bc0efc80f8394491a182e0eeee32,60.17918,24.95141,00000000675d5200,17.4
99,2019-08-04T11:07:00Z,3313cdaba99416cd33bc61d5d61d8360a51ef3858c47f74e036a0bb9,60.173,24.92524,0000000096918cfa,23.56
100,2019-08-04T11:07:00Z,331c59fb1e591f1ba19812529361aeee7a8f40a39bb2a258b31d3f5e,60.16829,24.94214,00000000afef4555,23.56
101,2019-08-04T11:07:00Z,3417d8a6b53687e70f126ebeb1d26a2ff6369dc9a551c3c35c5a04f9,60.17002,24.94407,000000006b087f40,13.75
102,2019-08-04T11:07:00Z,35f337dd3baf0bc08002ec007d609b685ac29bb2a8bcad6783532a6b,60.16829,24.94214,00000000afef4555,7.69
103,2019-08-04T11:07:00Z,374083907dd8980893623726af5633afd59b519c885ad12ba5c674eb,60.17002,24.94407,000000006b087f40,21.87
104,2019-08-04T11:07:00Z,386dea4944e0b83648b4b6faf510fd47b0e9e29a2bb9311fe8a80ee2,60.17918,24.95141,00000000675d5200,12.69
105,2019-08-04T11:07:00Z,38fe4d3136f12b444ebe10b0db89d752ecc9527c799d1dbb1a3f12e1,60.1538,24.95595,0000000038bf9618,14.89
106,2019-08-04T11:07:00Z,395134265ad60f36cbb21b92db8d3db4d07bd71836d174cbf1a09224,60.16829,24.94214,00000000afef4555,11.7
107,2019-08-04T11:07:00Z,39e2f2a7b03cda9f877366363a3727edfefd16d2221e752dafc33634,60.17002,24.94407,000000006b087f40,27.28
108,2019-08-04T11:07:00Z,3a23443662298e2601a38a20bcb69744211c52d9735d50c80d553ff4,60.16897,24.95222,00000000aa852af1,33.81
109,2019-08-04T11:07:00Z,3ac9d056b0f04f774b238a125eb996d46437f7a8c5f6ba6712e971cf,60.17918,24.95141,00000000675d5200,9.92
110,2019-08-04T11:07:00Z,3b355c039877bd4883845f3fc6ad8dd6f41f170274042f1397585680,60.149,24.9843,00000000fffb8cf0,17.4
111,2019-08-04T11:07:00Z,3b4dda811f084f91b7dd61344c97aa6cac444a02d825183d53cca5d0,60.16762,24.95415,000000006b44cce7,10.78
112,2019-08-04T11:07:00Z,3b5030adc7c303403a6333a1a6d35474c2f21c1d20ece72180660423,60.14947,24.91438,000000004ef3150d,31.5
113,2019-08-04T11:07:00Z,3c7df7d16658abc47ed9e66342a99269fee33785ea550021877f84a4,60.18203,24.91341,00000000342570c2,18.79
114,2019-08-04T11:07:00Z,3f67c6713a6cca446a46616c9970c7a2ddffb03f21e10c8ea9b2f380,60.16897,24.95222,00000000aa852af1,18.79
115,2019-08-04T11:07:00Z,3fde075082af3062c2bebc5e09ad55bda3de70b5f492bdfb21f284c9,60.173,24.92524,0000000096918cfa,20.28
116,2019-08-04T11:07:00Z,3fe4e214448b0c9a8dfbee81c347d82a8f0b26859201fb1d77f40fa9,60.16762,24.95415,000000006b44cce7,10.78
117,2019-08-04T11:07:00Z,41fffd70db0364ae9e08f76f74848590a4ed6784433df3a7ff00d7a5,60.16762,24.95415,000000006b44cce7,9.92
118,2019-08-04T11:07:00Z,42033344b6ffbe4da5fa02015642579c22a6cf20c0263c8f097b96d3,60.16762,24.95415,000000006b44cce7,17.4
119,2019-08-04T11:07:00Z,42d34a6c595760e51052178acc978bdb2b6348e0405f7b58c57f0915,60.16829,24.94214,00000000afef4555,23.56
120,2019-08-04T11:07:00Z,439ff6b8ff9dc79d47e223164a87fc2d620f29bc7ea1bc7ea4c5cc58,60.16897,24.95222,00000000aa852af1,20.28
121,2019-08-04T11:07:00Z,43d8c869f8bf0d7c3d876015bbc5de703fe705613be55538351ba02d,60.16897,24.95222,00000000aa852af1,9.12
122,2019-08-04T11:07:00Z,44703b8dd01d3bd79585c9c7e12217e1ac152f86e2b0c9ed6be4bc19,60.16544,24.95398,0000000038d83d41,17.4
123,2019-08-04T11:07:00Z,44d01b24bde0f8031d7cf15bb66e661ad9bd92807f3213fabf920fa1,60.16762,24.95415,000000006b44cce7,6.46
124,2019-08-04T11:07:00Z,4538bf4d0ca02f13fad76c46f7b34e72978c49b0cdfe4ea9fe151a50,60.16762,24.95415,000000006b44cce7,9.92
125,2019-08-04T11:07:00Z,465eab28635efe98500085ceb161cf941d02272a0107fbbfb2203c29,60.16829,24.94214,00000000afef4555,9.92
126,2019-08-04T11:07:00Z,46b81e0dd10fe05195c050bacd41d57feeca0e044b6b317ac22a8656,60.16762,24.95415,000000006b44cce7,12.69
127,2019-08-04T11:07:00Z,47f787c639f2eed345eb5dca409ffcd989850399a1ab781500dd6e82,60.17918,24.95141,00000000675d5200,3.74
128,2019-08-04T11:07:00Z,4800d49ec59e1cde34360defcce4c2a0c6a58919303c1fe6fdebceec,60.16762,24.95415,000000006b44cce7,13.75
129,2019-08-04T11:07:00Z,4831311b6d19ecce7981d060fe0971ac961bdfa5a006de633cd38a95,60.16531,24.9442,00000000fdda10fe,29.32
130,2019-08-04T11:07:00Z,4833b1ea4f519407574f5a838d93a39de28c756c5f53de7ee273b577,60.14947,24.91438,000000004ef3150d,5.41
131,2019-08-04T11:07:00Z,4954540aca30f8f56f918178fbd53ee48ddef7a231d425061f6b2f6f,60.18203,24.91341,00000000342570c2,23.56
132,2019-08-04T11:07:00Z,49d6f6bd5878bfac30a67fe92d1501b5b09cab38ab2b35b661902f0d,60.14947,24.91438,000000004ef3150d,14.89
133,2019-08-04T11:07:00Z,4a54cbed9c373a4136f8851f3f5736eb2fadd5766d316eb5ebbdd231,60.17918,24.95141,00000000675d5200,20.28
134,2019-08-04T11:07:00Z,4a912b6c106b63933a8c9cc39598823bcb2c94d4b1cc8a5d55cb3972,60.16829,24.94214,00000000afef4555,4.11
135,2019-08-04T11:07:00Z,4b5b3e8f2b484bc08b196c265f65c70151bd69f6263318eb29125db2,60.16829,24.94214,00000000afef4555,9.12
136,2019-08-04T11:07:00Z,4cf634fc84e128c3b9bce07a4b726d136e18f0eea4229fdbb48f6db1,60.16897,24.95222,00000000aa852af1,13.75
137,2019-08-04T11:07:00Z,4d31b0561dbfc9ef5acbd44ba92acb4ca7bad86b948634f005173ece,60.14699,24.922,00000000a53ed894,7.69
138,2019-08-04T11:07:00Z,4ee41e28902eefcc5c43f89251fab6180f18fce0b6201bdc3bec7583,60.16829,24.94214,00000000afef4555,13.75
139,2019-08-04T11:07:00Z,4fb84ecf5d221439a3af3b68650b3b7dea1d1324213f3ea57669ead0,60.18203,24.91341,00000000342570c2,23.56
140,2019-08-04T11:07:00Z,50226a39439d2ed5533146619120156613d51e9e9536885ab84d2e8c,60.17002,24.94407,000000006b087f40,21.87
141,2019-08-04T11:07:00Z,51789c3026ccfe7e846e44fcd833d006941c2789b9693c77df5a7c98,60.16762,24.95415,000000006b44cce7,12.69
142,2019-08-04T11:07:00Z,51dc3e37f2c849cad38b2a651abb7964e1dfc0e1e0a244c3a6ca8193,60.17002,24.94407,000000006b087f40,20.28
143,2019-08-04T11:07:00Z,52daa31a2b3c1c07f78d96ebb4de3a965da5ef0a8035afbd0f7451fb,60.16531,24.9442,00000000fdda10fe,17.4
144,2019-08-04T11:07:00Z,538f05c49f43aea0fda8bfcfd03d1ac2fc05b55d83fda538cd91e2a4,60.16762,24.95415,000000006b44cce7,9.12
145,2019-08-04T11:07:00Z,542a405b620e6d166ecc5eadd979b3936d831cea3aa7b75316adb4ca,60.16897,24.95222,00000000aa852af1,21.87
146,2019-08-04T11:07:00Z,54d53f276563f566e1cd61b100408412cf78b4fe9fcada830aa6e23b,60.14947,24.91438,000000004ef3150d,18.79
147,2019-08-04T11:07:00Z,5518b2315c236d486c7a5a4fc27c44987672b2f9a0751ffdaa9cbf78,60.16829,24.94214,00000000afef4555,5.91
148,2019-08-04T11:07:00Z,56101419005237b836e4ed14d91dfa6f9edc4c92b5fcb419943897bb,60.16762,24.95415,000000006b44cce7,12.69
149,2019-08-04T11:07:00Z,56318cc7f3616fceec2564cbb1f6ca8b88ea861935a1ada93aafd7b0,60.16897,24.95222,00000000aa852af1,14.89
150,2019-08-04T11:07:00Z,565a35900ed1794a9d566f6fc12f2710875a10eb7c8e6fa0ddd92626,60.14699,24.922,00000000a53ed894,12.69
151,2019-08-04T11:07:00Z,571934189bf349efb6f596e76c21612cf9b82ed44913090169936048,60.17065,24.93641,000000000f4919c9,27.28
152,2019-08-04T11:07:00Z,584cb0b0cdd14e608c8b57c8aecc9826f9b40027e365e2438a444ea2,60.16762,24.95415,000000006b44cce7,10.78
153,2019-08-04T11:07:00Z,58ee8fd47328b1c696ec343920f2c0353d19a915924eb6f6f2638e56,60.16762,24.95415,000000006b44cce7,6.46
154,2019-08-04T11:07:00Z,59b87e6921598d25b092b66e140328fa03c9f06fe4e697dd344f378a,60.17002,24.94407,000000006b087f40,23.56
155,2019-08-04T11:07:00Z,5a730ea19664020323272509e5443616ea3f1cecd7b295e294be4ba7,60.14947,24.91438,000000004ef3150d,12.69
156,2019-08-04T11:07:00Z,5d9aa6fcb0d81ceaa80ca13cc08a88138be517656646e0ba0942ce46,60.16897,24.95222,00000000aa852af1,5.91
157,2019-08-04T11:07:00Z,5f06b3646e6da155a86e1679f197df7b08fe5df6324e56bd5c4b5921,60.17065,24.93641,000000000f4919c9,23.56
158,2019-08-04T11:07:00Z,5f3c118283debaff79aa5ba3531ee60ed7acde83ed3e687f88762385,60.16762,24.95415,000000006b44cce7,12.69
159,2019-08-04T11:07:00Z,5f5805a3ffd092506452c4d45ea8fc037ae23ea726f0b0809ca6ffde,60.16829,24.94214,00000000afef4555,3.74
160,2019-08-04T11:07:00Z,61ea1a9b050636f67a318275d4bf2b4ca5062d0fd9d76c02998c9db5,60.16829,24.94214,00000000afef4555,13.75
161,2019-08-04T11:07:00Z,62cac4a0e252305e1128942dc3ec48baaa514c6737c415f85abb3665,60.1538,24.95595,0000000038bf9618,14.89
162,2019-08-04T11:07:00Z,62d86ee13e6ae7a5c41ffc2de746df72d4ef6e8d2b6a51ce1c68965f,60.16829,24.94214,00000000afef4555,13.75
163,2019-08-04T11:07:00Z,62e27092b58abcaf80564c408d0d4a7b821abaee92dc2f02ccb11e61,60.16762,24.95415,000000006b44cce7,7.69
164,2019-08-04T11:07:00Z,64d10ef0926ecca987bad278990d966d8fac8775f03847d1f5a4a2f6,60.16762,24.95415,000000006b44cce7,7.69
165,2019-08-04T11:07:00Z,66755836036c771e53ffd9d0dc09b8575231b53b80af22e868691a2a,60.14699,24.922,00000000a53ed894,6.46
166,2019-08-04T11:07:00Z,66b286cdb9e93883f7eb88bed6e49742fd233e680835bffeeb1b8af8,60.16762,24.95415,000000006b44cce7,13.75
167,2019-08-04T11:07:00Z,697103160f0b3dc0ba38ccdd18203ae84ec35fc314322d1172c093b2,60.16829,24.94214,00000000afef4555,13.75
168,2019-08-04T11:07:00Z,69852d528034ea6fc746ed8942c32f1c90bc33a7a7317dfac3c9b1c1,60.14699,24.922,00000000a53ed894,4.5
169,2019-08-04T11:07:00Z,6990b912b53e2278e4a3d421330e44169d05b275ad57d86ff4ad1615,60.14699,24.922,00000000a53ed894,29.32
170,2019-08-04T11:07:00Z,6ac1903c80e63433e4bc744dc0e801bff647117d38d3753fb9a6a4c1,60.173,24.92524,0000000096918cfa,21.87
171,2019-08-04T11:07:00Z,6ac8fdd67b3dd11f0bae935f3a285880138382088238b97f511d3f12,60.16897,24.95222,00000000aa852af1,13.75
172,2019-08-04T11:07:00Z,6c97da4ba9462e7fe786a472989dab23340d31809dd78d5617204da4,60.16829,24.94214,00000000afef4555,12.69
173,2019-08-04T11:07:00Z,6e492dbc3f10157e7ff00826a839a97262ab36244ccc57b702a89999,60.16531,24.9442,00000000fdda10fe,5.41
174,2019-08-04T11:07:00Z,6ed478b9924df6bb6e6abe0b376f750b2c4abd0bf4f3d32b71b07446,60.16829,24.94214,00000000afef4555,21.87
175,2019-08-04T11:07:00Z,6eeb71c74d753822f920829149d942cf52b726b0b83c5aa3e6cb132e,60.16762,24.95415,000000006b44cce7,4.5
176,2019-08-04T11:07:00Z,6fe3f6ab1b2c39e28ff7099e891f9fab4be2f9708f8ecfd5bf80e8a5,60.17002,24.94407,000000006b087f40,14.89
177,2019-08-04T11:07:00Z,70ffae2b8178e0915c5de7816f8dd8bcc3af745ee49df8ac4da4adba,60.17918,24.95141,00000000675d5200,25.36
178,2019-08-04T11:07:00Z,714e80a1e3c0fee43e312f314b2faec47e582ee8dac47e4818dbc2f9,60.149,24.9843,00000000fffb8cf0,3.09
179,2019-08-04T11:07:00Z,71c1367c7dea4dfa243172e02b9092c7a0810bef003216681759891e,60.16897,24.95222,00000000aa852af1,18.79
180,2019-08-04T11:07:00Z,730d975773cc8c9c07ff88fb87377ff64a961a96e9237e59859fa46f,60.16762,24.95415,000000006b44cce7,16.1
181,2019-08-04T11:07:00Z,7484ecf89e24efb4a366562730f7341391f930dad7b216184022d0da,60.173,24.92524,0000000096918cfa,21.87
182,2019-08-04T11:07:00Z,75d452cbba63995ad06213b577081e8db650c80b3a78060789a8e831,60.16762,24.95415,000000006b44cce7,9.92
183,2019-08-04T11:07:00Z,765243fc3021a21bc913ebdd4ce13c3606a5f0e655244884fa039ee6,60.15432,24.9211,0000000019fb59c4,23.56
184,2019-08-04T11:07:00Z,79bde23c1a8980f93a65e14306f0d8ea89e164430d8b991e2bfee82e,60.16531,24.9442,00000000fdda10fe,13.75
185,2019-08-04T11:07:00Z,79f6ceff0d0fc6687b4982c4d38a9ebb0a1056b6e0c448b1b9e79e8e,60.16897,24.95222,00000000aa852af1,21.87
186,2019-08-04T11:07:00Z,7ddcdde2316659d0fa4b8597b86430e095ea0bc7f3564a9d05fc60f8,60.16897,24.95222,00000000aa852af1,17.4
187,2019-08-04T11:07:00Z,7de4ba54f0d667a69cb0b6d625856bc6b040f51a42f91beae366a269,60.16762,24.95415,000000006b44cce7,4.94
188,2019-08-04T11:07:00Z,7e78b2348d9576c63ebb626030ee9d43e2bf07e860782adf3f1c452b,60.16829,24.94214,00000000afef4555,14.89
189,2019-08-04T11:07:00Z,7ea276abbe2f1bfd85b2493f7b4c801189e673c0b4dc987d2c8e30dc,60.14699,24.922,00000000a53ed894,23.56
190,2019-08-04T11:07:00Z,7eefc5581c616491b78192b28b519ba727dc884a87bc06b8df1ea4f2,60.14699,24.922,00000000a53ed894,14.89
191,2019-08-04T11:07:00Z,8161aa3f87dfa9c86e9489cfbcfad378c74533ec183229bd8e2a99f7,60.14699,24.922,00000000a53ed894,31.5
192,2019-08-04T11:07:00Z,822590bd49bcf7ed4de4f8389586915c343b29c4283ff8b90d7c1d39,60.17065,24.93641,000000000f4919c9,13.75
193,2019-08-04T11:07:00Z,82ac749474448abac333d00869cb8b508872f86293913d95eae26a05,60.15432,24.9211,0000000019fb59c4,9.12
194,2019-08-04T11:07:00Z,82cddd3b9f58762d36efe78da4e2722ee587cfdb3fdbc58b52673082,60.16629,24.95957,00000000fb7600be,11.7
195,2019-08-04T11:07:00Z,844b8ad6ebf530978d1139d527a681991f4d3eed6be5bc723f0b2192,60.16531,24.9442,00000000fdda10fe,1.12
196,2019-08-04T11:07:00Z,85b440c4e1125b1e2531499de3b19b82ae4b7eabb4d89c63c97fa83b,60.16829,24.94214,00000000afef4555,20.28
197,2019-08-04T11:07:00Z,886032718e05487be8bd75bb14464814044c7edd7f9a2198304f6fb4,60.16629,24.95957,00000000fb7600be,14.89
198,2019-08-04T11:07:00Z,89df1daad350e46d526e113019214d2e1a19d8f48da761bb3583399b,60.16762,24.95415,000000006b44cce7,6.46
199,2019-08-04T11:07:00Z,8a7f5012c000c420f0a336a3988c72cf2b373818f4f3f369e994d8e4,60.16829,24.94214,00000000afef4555,12.69
200,2019-08-04T11:07:00Z,8c4e4851db86ec4a3ce29a58be770eb29c38b9a983351bb67d781982,60.16897,24.95222,00000000aa852af1,14.89
201,2019-08-04T11:07:00Z,8e2c857270f20b124ad4a698a7f64eb83c30bd96bbc5355374785cf2,60.149,24.9843,00000000fffb8cf0,21.87
202,2019-08-04T11:07:00Z,90b12d2b9898702fd62b343512e0d53796ae38decdf704e203a0cc39,60.16829,24.94214,00000000afef4555,18.79
203,2019-08-04T11:07:00Z,91602a694bc74a2874ba7f02a7bae062a3a77cd869b86a74800415b8,60.17918,24.95141,00000000675d5200,23.56
204,2019-08-04T11:07:00Z,92df20d921f76c63470e3f5afbe201d3ae15f5133f66c291db796082,60.16629,24.95957,00000000fb7600be,13.75
205,2019-08-04T11:07:00Z,93272ad17155ea9499641eda7c5560691582116096278b82738ab21e,60.14699,24.922,00000000a53ed894,16.1
206,2019-08-04T11:07:00Z,934bab75e2a2354910288b01c44fdfda4a87f92ac010109f641b3122,60.14699,24.922,00000000a53ed894,18.79
207,2019-08-04T11:07:00Z,97490f522f1a0226c8f7e8ed7bca08dd71b63d80b46d38020127b868,60.14699,24.922,00000000a53ed894,14.89
208,2019-08-04T11:07:00Z,9924ed20d6ddee438860f63a9fa1a2cefa7ccfa275d6da3a2008d84d,60.173,24.92524,0000000096918cfa,14.89
209,2019-08-04T11:07:00Z,998a30ee5f5ff6d2bc9ed04420591e525ded59ad66d09eefa240cc8e,60.16762,24.95415,000000006b44cce7,11.7
210,2019-08-04T11:07:00Z,998ac46ad73c197bab1f36dca67d8bcaa3aca92249185a5e3715043f,60.17065,24.93641,000000000f4919c9,12.69
211,2019-08-04T11:07:00Z,99b998b07243afd316e6fa57636b0ab6761b9c2a6f0fe050eae40c08,60.16762,24.95415,000000006b44cce7,9.12
212,2019-08-04T11:07:00Z,9a23dca42469f79bf4f5665caffb8d0dd8da182f6fb72f595309803b,60.149,24.9843,00000000fffb8cf0,18.79
213,2019-08-04T11:07:00Z,9a49d0b5a67fba15ce8971503f6fea88994b33487a842397c5e8564f,60.16762,24.95415,000000006b44cce7,6.46
214,2019-08-04T11:07:00Z,9af5161d635984285f0d259f202fe80516d5258255b979b9910afe05,60.16762,24.95415,000000006b44cce7,21.87
215,2019-08-04T11:07:00Z,9b17422199e594df512c6cda493d8fc5b5141741b2f804eb18016640,60.14699,24.922,00000000a53ed894,27.28
216,2019-08-04T11:07:00Z,9b24f69458294d27d07a0169665965135fd02f4c953f85bcebf4ba87,60.16762,24.95415,000000006b44cce7,5.41
217,2019-08-04T11:07:00Z,9b4b0705e58750d2bcbd71ad65d85677f7e77db5dfe69d1a70b5d31f,60.17918,24.95141,00000000675d5200,9.12
218,2019-08-04T11:07:00Z,9bef562c292174f1eb3933116effff74a8733a78e5c1df140de3fd6c,60.17919,24.95181,000000007b5207b6,4.11
219,2019-08-04T11:07:00Z,a30740fbf4b7e21f6fe2996e9325c90936de161cb2165e87cd96fd35,60.149,24.9843,00000000fffb8cf0,21.87
220,2019-08-04T11:07:00Z,a3c1a4a58b9381c27b1d5076e0d8d72039afccfb0e58438a80247324,60.16762,24.95415,000000006b44cce7,2.3
221,2019-08-04T11:07:00Z,a50e0bb8fd1ad4ad264c3246b210a0c6285faae591c1bd2c2c3458af,60.16829,24.94214,00000000afef4555,11.7
222,2019-08-04T11:07:00Z,a5835ce352a1e6d8fb6bdc410fae1076c756f7dac8e202465add9277,60.16762,24.95415,000000006b44cce7,14.89
223,2019-08-04T11:07:00Z,a5d632ac8ffc19a626de034d3c9444fd262ee6edada285c816ea9266,60.16531,24.9442,00000000fdda10fe,8.38
224,2019-08-04T11:07:00Z,a5f038c127ca4872294d7de2b08e334af618534637cc64bf42a6438d,60.17002,24.94407,000000006b087f40,27.28
225,2019-08-04T11:07:00Z,a764c2246c85b2b0aa79e581e2fe238da93de098abbb90aee24c11ca,60.16829,24.94214,00000000afef4555,14.89
226,2019-08-04T11:07:00Z,a81c19fb85eebf853246cdc4d8e38245dfa5ba15c180eaa1bcc0378d,60.16829,24.94214,00000000afef4555,16.1
227,2019-08-04T11:07:00Z,a83e37b53f8baa4f66b23a932b9b9bdc76ee901cc4f4235a8c7147d1,60.16448,24.97323,0000000053c6c2be,29.32
228,2019-08-04T11:07:00Z,a886b4abe49668d4b2cbff88eaab1e4cf9e38bd0afa636cdff901d90,60.17002,24.94407,000000006b087f40,31.5
229,2019-08-04T11:07:00Z,aa4547c0b6b8be30776e08d524ceeacfbc9930ad720e11fa4cb20882,60.16531,24.9442,00000000fdda10fe,1.54
230,2019-08-04T11:07:00Z,aa45859d6157e9e86470ec8b81957acc35bafb1b7f419d79357a38cf,60.16829,24.94214,00000000afef4555,11.7
231,2019-08-04T11:07:00Z,ab1377ddf669bb806f8db586f4ce5ab9f0f4257dda61fe800d8509f5,60.17065,24.93641,000000000f4919c9,27.28
232,2019-08-04T11:07:00Z,ab5a898dee82ed143fd90e2b4bf5efdb881355a720ed126aef3617a2,60.17002,24.94407,000000006b087f40,18.79
233,2019-08-04T11:07:00Z,ab9310807d2eb4984b053d38f467cb5d3e4211ff71ceb059480cf9ba,60.16829,24.94214,00000000afef4555,20.28
234,2019-08-04T11:07:00Z,ac4679e3db131ec2ea8e1111c8aa0d71020cf8796ecb11f142478394,60.14947,24.91438,000000004ef3150d,4.94
235,2019-08-04T11:07:00Z,ac5c7e04b55d6d70659e5b8f4705309b9367c78a0edb7ce85f42c181,60.1538,24.95595,0000000038bf9618,25.36
236,2019-08-04T11:07:00Z,acb3f63fe0879b2640a9d68a248a15f85777e30652945d7740bb95f4,60.16762,24.95415,000000006b44cce7,17.4
237,2019-08-04T11:07:00Z,ae3cda5066e455d4b1e58860e8fb7a35efad69b9964a676b476b0687,60.14947,24.91438,000000004ef3150d,4.5
238,2019-08-04T11:07:00Z,b0d6202ccd1560eaf57c06931cb6466332e41068ad2963e515819015,60.17919,24.95181,000000007b5207b6,20.28
239,2019-08-04T11:07:00Z,b2298fc6f63c02481610f9aef24f1a0c1711c255adc43c0fe135c1ca,60.14947,24.91438,000000004ef3150d,29.32
240,2019-08-04T11:07:00Z,b3266ecf36a984b814e1b2d31b447438bd948a9c116721480104792f,60.16829,24.94214,00000000afef4555,25.36
241,2019-08-04T11:07:00Z,b4c8900041e9f8751755d3940ceac58419e6370cd81cdb90d7800de1,60.14699,24.922,00000000a53ed894,21.87
242,2019-08-04T11:07:00Z,b5cdbcdc30e0bf653ce353c867708b0067db5e394c8cbe848d978a77,60.14699,24.922,00000000a53ed894,10.78
243,2019-08-04T11:07:00Z,b5f80d159e59c4558e49ea6fb68f6bc72ee9eb92bee60991bdf4e46f,60.16762,24.95415,000000006b44cce7,12.69
244,2019-08-04T11:07:00Z,b601cd655bb9f05aa6ec86fc9eb9300c3bc20bc0e856e94ad168a257,60.14947,24.91438,000000004ef3150d,9.12
245,2019-08-04T11:07:00Z,b61c6a5634cffe7dead72d5f6730e8439bee6dd2286d9df8f3052e3c,60.16762,24.95415,000000006b44cce7,8.38
246,2019-08-04T11:07:00Z,b81a9bf449d3e64ad0181804598330bbf305f384b888935023742c79,60.173,24.92524,0000000096918cfa,20.28
247,2019-08-04T11:07:00Z,b81e65168ea3278486b1c954ab229bc2eda3fe07098e824f05cd0ac4,60.149,24.9843,00000000fffb8cf0,25.36
248,2019-08-04T11:07:00Z,b8f5834e6b992cf5568ae3153fb4b07e97b7f6dd01250851134c1824,60.149,24.9843,00000000fffb8cf0,13.75
249,2019-08-04T11:07:00Z,ba41edadb3a9722bc59efaca71897a33593d0f17301c4bf560fd23e1,60.16762,24.95415,000000006b44cce7,16.1
250,2019-08-04T11:07:00Z,bbf7d8b9085ddcd3b94f55f93b52cb40a251c44f5df4099ba5b61471,60.16829,24.94214,00000000afef4555,7.05
251,2019-08-04T11:07:00Z,c17d750015a2259a1bba7471f2e4e0a1db4df53276be8c8463fd5f84,60.16829,24.94214,00000000afef4555,5.91
252,2019-08-04T11:07:00Z,c27fee8ae8d689338b043608280c83cfa6f3276d3837ecea5f742dc3,60.16762,24.95415,000000006b44cce7,5.91
253,2019-08-04T11:07:00Z,c2cc33e5b1b8d254d4bcbc0ffa13c9200676a39a191cc31a38d28d8d,60.17065,24.93641,000000000f4919c9,11.7
254,2019-08-04T11:07:00Z,c2e135ad2c160277e290705658ac41d7cd35b11ebf61d829fdd0b428,60.14699,24.922,00000000a53ed894,14.89
255,2019-08-04T11:07:00Z,c45e3c4e8ec0fc85457d3b4ed4c49ed0116b4cf447e2983f353abcd8,60.16829,24.94214,00000000afef4555,13.75
256,2019-08-04T11:07:00Z,c4c3ad738ca47920bb66939f620126c87f730c644813158554916827,60.16762,24.95415,000000006b44cce7,10.78
257,2019-08-04T11:07:00Z,c5561c3256acd3ed1ac0796b958cdf66cc9da55aa33c5e44a11042ad,60.16762,24.95415,000000006b44cce7,10.78
258,2019-08-04T11:07:00Z,c5ffe1809d0314e1f74db7cbb63e9a1b59f6fdda752b423ea74be3b0,60.16897,24.95222,00000000aa852af1,17.4
259,2019-08-04T11:07:00Z,c6b0ea433c3fdc73e0bac7e3faa2690506c4e8ec7fc54210446a7ffa,60.14947,24.91438,000000004ef3150d,9.12
260,2019-08-04T11:07:00Z,c6b6dae46c1fc2c51d2ea80721691a751c8aa0f61279d9f03b6040f3,60.14699,24.922,00000000a53ed894,21.87
261,2019-08-04T11:07:00Z,c7160ae9aa31ca4dba615425303b1e527f342ede653be387ee54389c,60.149,24.9843,00000000fffb8cf0,21.87
262,2019-08-04T11:07:00Z,c739921adb150c53f1887c6ce887adc6cd7ae7e35e69f6e4dc52fe81,60.173,24.92524,0000000096918cfa,23.56
263,2019-08-04T11:07:00Z,c7ced11121537f55bcd7d7ab67312226dafe7c85320c5357a35d5ab7,60.17002,24.94407,000000006b087f40,17.4
264,2019-08-04T11:07:00Z,c84bea677221e90e6c575866121b3dab369adc187759dfd0a00ffa37,60.16762,24.95415,000000006b44cce7,18.79
265,2019-08-04T11:07:00Z,cbdcd7a65da51c93831457440ca716ee46c278cd8597610e661946cc,60.16897,24.95222,00000000aa852af1,13.75
266,2019-08-04T11:07:00Z,cc696789aed7ee6ea1dff48eae7da441c3a3ccb4f18ab60ba702c91f,60.16762,24.95415,000000006b44cce7,17.4
267,2019-08-04T11:07:00Z,cd7d0e9404c9f4e8fab0742460b9acb4d5bbb97f44df80d4a8b973cd,60.17002,24.94407,000000006b087f40,9.92
268,2019-08-04T11:07:00Z,cddbfc3b0a1459f0ea8d553779cf320d512cac6e64976182f2f0b3b7,60.16829,24.94214,00000000afef4555,13.75
269,2019-08-04T11:07:00Z,d04b5065ec93818b731141027d11e6a1cf53de69b9737d7aea0c34da,60.14947,24.91438,000000004ef3150d,13.75
270,2019-08-04T11:07:00Z,d1b77fcfad94da8564d1a85ed1797255531e5ab26cc835800878fb26,60.17065,24.93641,000000000f4919c9,21.87
271,2019-08-04T11:07:00Z,d2035ce81fa46947bdf02a20f297b2df4144c7c0931db02ab0164fa6,60.14947,24.91438,000000004ef3150d,38.87
272,2019-08-04T11:07:00Z,d23d6afa580687749de352818db606b272b579b77c6009badb4aa4a6,60.16897,24.95222,00000000aa852af1,20.28
273,2019-08-04T11:07:00Z,d293249d86121f55f495956ffbcc8e48615ab82da7750025bc758280,60.18203,24.91341,00000000342570c2,10.78
274,2019-08-04T11:07:00Z,d3bad9334d128332fc483e10ef1b77c28e5a75ac55be4de71c6b2f9f,60.16829,24.94214,00000000afef4555,13.75
275,2019-08-04T11:07:00Z,d6a8c97f1ec18c7a90d3beae358bad67f8d53626258a852e15b08c5d,60.14699,24.922,00000000a53ed894,14.89
276,2019-08-04T11:07:00Z,d71a315bac918f9a18fcd820731e6d9eb54fb0d01c324ca088ef8858,60.149,24.9843,00000000fffb8cf0,18.79
277,2019-08-04T11:07:00Z,d7b3daaab1b36d8d95f7672a0339b99b2a16483fc1c71c5177aeb948,60.16829,24.94214,00000000afef4555,33.81
278,2019-08-04T11:07:00Z,d7b6b8f9e61c0c1181850b8880f319ea2ef58d8a3adac78d63c0d11c,60.16829,24.94214,00000000afef4555,25.36
279,2019-08-04T11:07:00Z,d82f37918d46bea29e113c6b57b901b1b960ed3337bdcce777aea476,60.17065,24.93641,000000000f4919c9,14.89
280,2019-08-04T11:07:00Z,d83c1c2d3a3876c948e277bace6d013eafc0c4e118958e138f8b1257,60.16448,24.97323,0000000053c6c2be,29.32
281,2019-08-04T11:07:00Z,d86f155736e4d36de5d33bdbb3b12b717b75de44852b93419af20945,60.16829,24.94214,00000000afef4555,21.87
282,2019-08-04T11:07:00Z,d9a5b0033b928dc7932083909b29c0529a51ccc1c1cd9cad67c4306a,60.14699,24.922,00000000a53ed894,21.87
283,2019-08-04T11:07:00Z,da2398acaae7f39c7b80c220d4e6917bdc7655f4c71b6e36d06cb859,60.18203,24.91341,00000000342570c2,16.1
284,2019-08-04T11:07:00Z,dc4072a3cfc00cca0bde9925adc82bb9c2548af1724368561eefcbf8,60.16762,24.95415,000000006b44cce7,9.92
285,2019-08-04T11:07:00Z,dc534c1cb5eb7f34b6b57bd93c8d9acb2685ba264563f6f388d09923,60.16762,24.95415,000000006b44cce7,9.92
286,2019-08-04T11:07:00Z,dc816e92e4a2eceea03f41fc379fda0e3d57b5d0fbd9a06430432022,60.16762,24.95415,000000006b44cce7,4.5
287,2019-08-04T11:07:00Z,dc82f9648bb5ba21e766e0923f5fa7ca2d77662ab0edbe22a3d95631,60.14699,24.922,00000000a53ed894,4.11
288,2019-08-04T11:07:00Z,dcb8f3c3c5136c4abc8757fcb34fedc553ea044b0928f945d89334d5,60.16762,24.95415,000000006b44cce7,7.69
289,2019-08-04T11:07:00Z,dd8e0699822b1a8a3f8a91fcb10729f6f7cd0a4736f36dc60974c36e,60.16762,24.95415,000000006b44cce7,13.75
290,2019-08-04T11:07:00Z,ddd0e663eb31ac94858d2a4e9af5e4782781e88c92102042190e6fcf,60.14699,24.922,00000000a53ed894,11.7
291,2019-08-04T11:07:00Z,de48adf9d49eb3bc1d61dea4047618f6c77086fc44bd2b535d56504d,60.16762,24.95415,000000006b44cce7,3.74
292,2019-08-04T11:07:00Z,de71e27b55ef6f2f51f05838a2fcab596f1dd93a14ece5ce4548f5c7,60.14699,24.922,00000000a53ed894,13.75
293,2019-08-04T11:07:00Z,e081e4b3252ca91bbf1cbb70faa116d60317fbf3a991a67bc99b4bfa,60.149,24.9843,00000000fffb8cf0,18.79
294,2019-08-04T11:07:00Z,e0859a9c906151023376d86762070f38ba1b3859e671531b0edac6cd,60.16075,24.95883,00000000f1124bca,9.92
295,2019-08-04T11:07:00Z,e092030747b57112ba6ccf5bdd565d76abb3607abf31a06d0d92660c,60.16762,24.95415,000000006b44cce7,2.54
296,2019-08-04T11:07:00Z,e0d7e8b332ca8514428ab10acf6d3a6b777da62ff8ea3e18d9b32989,60.16762,24.95415,000000006b44cce7,10.78
297,2019-08-04T11:07:00Z,e1da87aea335bcd04e4c876158b96ebc7ba4206bc216c3aa27a2f4af,60.17918,24.95141,00000000675d5200,23.56
298,2019-08-04T11:07:00Z,e26862fdcdd4688d81b8fe05d1ac94c5f9b3192ddc50d4c66ad12cc1,60.16897,24.95222,00000000aa852af1,14.89
299,2019-08-04T11:07:00Z,e29168791ccd18013b58845430388cc5aac537e7e1c618aeb78900a8,60.16897,24.95222,00000000aa852af1,9.12
300,2019-08-04T11:07:00Z,e305610124e16ed1411a221b29ce69a076cc47982efd6c098b0599ab,60.14947,24.91438,000000004ef3150d,5.41
301,2019-08-04T11:07:00Z,e3d10629f4abe882e6ce7081e69154aeb6029e9201bf25216203a29e,60.16762,24.95415,000000006b44cce7,25.36
302,2019-08-04T11:07:00Z,e44d7228cecbdb2474e1cc396a6c13943f09c08c19d0ffab1997d509,60.17918,24.95141,00000000675d5200,20.28
303,2019-08-04T11:07:00Z,e53a901aed874016e1cd1ed3e9b2891fca850986cb2fa04f5162cf52,60.16762,24.95415,000000006b44cce7,2.54
304,2019-08-04T11:07:00Z,e557e164cd52fd817b02cad6587a294d72b0974d9b014ad69ea5e08e,60.17918,24.95141,00000000675d5200,2.3
305,2019-08-04T11:07:00Z,e57facbf08a4abd25c366c0604463549586bb771b6ce2cf62945cdbf,60.16762,24.95415,000000006b44cce7,13.75
306,2019-08-04T11:07:00Z,e5b9b4813c081a31fb498e7f9adb94918c267dfa125c63790c0d9488,60.149,24.9843,00000000fffb8cf0,21.87
307,2019-08-04T11:07:00Z,e9d59e25b58f33f70aad6832863cb59d7485ca55a1575558f92b74e7,60.16897,24.95222,00000000aa852af1,13.75
308,2019-08-04T11:07:00Z,ec3d7e964cdc4b954880f25dd9480b583dc6c9e5520baf4ceb8fb424,60.16762,24.95415,000000006b44cce7,7.69
309,2019-08-04T11:07:00Z,ecb1735f180422ec69f041cd2782a26c9f07d27a87893b3c30aaa9b7,60.16075,24.95883,00000000f1124bca,11.7
310,2019-08-04T11:07:00Z,ecf13e9d610ad235409932d263110fd52c69d0f5f39e9ffd3ad8b740,60.16897,24.95222,00000000aa852af1,17.4
311,2019-08-04T11:07:00Z,eea43687eab35d2c386347881796eb1c8279076b9e9642ebc2cd06ac,60.16762,24.95415,000000006b44cce7,1.01
312,2019-08-04T11:07:00Z,ef15ff71b7dc4c2088249a4fca7e28900ae315245a7a3b4d571bf582,60.16829,24.94214,00000000afef4555,8.38
313,2019-08-04T11:07:00Z,ef33ccdfcdb12920eabb3306e0f86dc7e6060a5d3864b03e2de7e1ef,60.16897,24.95222,00000000aa852af1,20.28
314,2019-08-04T11:07:00Z,ef5e495c5f9d3dd9eb22ed5b8faf1cc9e4225d4785ebb26a87d16fff,60.14699,24.922,00000000a53ed894,9.92
315,2019-08-04T11:07:00Z,f014103201b8ae8f495f8e1e04da3c934079461391d4801ee6c2faaf,60.16762,24.95415,000000006b44cce7,9.12
316,2019-08-04T11:07:00Z,f110acae92fec55c6caca5de864773a6b99e5b8d6e2fdf8d1bdbc759,60.16762,24.95415,000000006b44cce7,5.91
317,2019-08-04T11:07:00Z,f196f5f8c08299d290b3bac1944e00bb1f2c90594db66438b0c10e6e,60.16629,24.95957,00000000fb7600be,25.36
318,2019-08-04T11:07:00Z,f1d44b9d3710849eba7eab0b6646053378aa5f8ee3491ec2522f3c44,60.14947,24.91438,000000004ef3150d,16.1
319,2019-08-04T11:07:00Z,f2467c8ede6444941158701b7bd9d005beec9ffdb355ce2d8c7a9bfd,60.149,24.9843,00000000fffb8cf0,18.79
320,2019-08-04T11:07:00Z,f43b8b2cf2c0bd291543858796d75b211d283ab73dcab5ad5dfd0aeb,60.16897,24.95222,00000000aa852af1,21.87
321,2019-08-04T11:07:00Z,f5ffa3dbcdd5592ac31344cb04a7a6d639109a4d6e196fa0df3990dd,60.17065,24.93641,000000000f4919c9,25.36
322,2019-08-04T11:07:00Z,f616fbd0fde8316049c3068ae4368dc9f486f8da4bf5516e9ba82578,60.16897,24.95222,00000000aa852af1,18.79
323,2019-08-04T11:07:00Z,f62b86ef56fa9417b0128f2fff6530aed6f2a50d3f65bbbfdcbbee59,60.16762,24.95415,000000006b44cce7,6.46
324,2019-08-04T11:07:00Z,f77d86d6fcfc6cc5ce50a14177a7100c8967fa5947fc13e3a198e345,60.16762,24.95415,000000006b44cce7,25.36
325,2019-08-04T11:07:00Z,f78ef2ddbe48b534137498eab56c0a55ec0e0b1d8868e82cb5652a0e,60.14699,24.922,00000000a53ed894,8.38
326,2019-08-04T11:07:00Z,f7be7d003528c0c0827040a3a3723e49406a5a7c86cb4bc568a830db,60.17002,24.94407,000000006b087f40,13.75
327,2019-08-04T11:07:00Z,f855918d61069661cbf8633b228a5fb9e5cd5ea7b2946bfc5b9fc315,60.16829,24.94214,00000000afef4555,14.89
