,time,hash,latitude,longitude,serial,distance
0,2019-08-04T00:06:00Z,0803a8ac3d21fda05be813b59bd5735bbac8f4a1df84e86ab137bb62,60.16897,24.95222,00000000aa852af1,31.5
1,2019-08-04T00:06:00Z,135f62bc9ca5e27982e6e93f34c03dc9c0c0050b14c1354b0226ac87,60.16762,24.95415,000000006b44cce7,20.28
2,2019-08-04T00:06:00Z,14c7e1511b70f4dd3359cbece1377aebb4d70531f5489eefe53d7c3c,60.16544,24.95398,0000000038d83d41,27.28
3,2019-08-04T00:06:00Z,165ebbb4090d47319ae370f0d0854fdc1f6b79499f8b2e4d3c3533c0,60.16544,24.95398,0000000038d83d41,29.32
4,2019-08-04T00:06:00Z,1998d255f7a1021b53fa043ef0662704af42bf6d4664cac7b0cbd9b6,60.17002,24.94407,000000006b087f40,29.32
5,2019-08-04T00:06:00Z,297c725b456ef12d2712634b21546721cbe93224d3a5762d897404f2,60.16762,24.95415,000000006b44cce7,10.78
6,2019-08-04T00:06:00Z,2b7659a67f1c0f17a50ab5edb0c03c3fbb9badbda2488b0bcdfd9849,60.17002,24.94407,000000006b087f40,16.1
7,2019-08-04T00:06:00Z,3944bc7a301be7241d1f7bc4a97f221000d535ce3d8a9af9af9b23b5,60.16531,24.9442,00000000fdda10fe,29.32
8,2019-08-04T00:06:00Z,43b676ed3aef4c2d8846694817e76117873be52e7f788e0cb366c1c4,60.16629,24.95957,00000000fb7600be,27.28
9,2019-08-04T00:06:00Z,43ea43e1aaac8d6d523965f79fd32aa5e5942a98e66e9b6dbaf67f8d,60.16897,24.95222,00000000aa852af1,17.4
10,2019-08-04T00:06:00Z,443e5ae5646f99ab6da556da417c8147964ffc3ccf22177490a10c07,60.16829,24.94214,00000000afef4555,16.1
11,2019-08-04T00:06:00Z,5119599736782d7274e2c06188289772b33702e6daa10e227c89389a,60.16544,24.95398,0000000038d83d41,29.32
12,2019-08-04T00:06:00Z,56deed3cd228eba479323f29799593e7afe4ec397e434a082c9953f3,60.16762,24.95415,000000006b44cce7,20.28
13,2019-08-04T00:06:00Z,5d65719c4cbf045f068d084b72302f447d5fd034413d97d13be00d0e,60.18203,24.91341,00000000342570c2,17.4
14,2019-08-04T00:06:00Z,5eed115a984d490b02b602d73787aee8dc8c4e9365b77fbff3818a76,60.16629,24.95957,00000000fb7600be,38.87
15,2019-08-04T00:06:00Z,66dabd3229229330d23c70e9e1737429ddfe69db01f4a6a00f70fa20,60.16762,24.95415,000000006b44cce7,20.28
16,2019-08-04T00:06:00Z,6a70e2fbced719333e21eff04fcb9cb36bae9a04d1a3d6ddd96f2c58,60.15432,24.9211,0000000019fb59c4,20.28
17,2019-08-04T00:06:00Z,6ff437688c444238352c28f64f9d2a7d0f14d19c9ea42c225380501e,60.16762,24.95415,000000006b44cce7,18.79
18,2019-08-04T00:06:00Z,747f2d1ebff218c0ebbdc0fdaef4cbe56633dfb46ae1b1f8c8142201,60.16762,24.95415,000000006b44cce7,13.75
19,2019-08-04T00:06:00Z,79f136afa0dd8717337c01c70b457c464aaf0fa25b440f51a394ec23,60.16762,24.95415,000000006b44cce7,23.56
20,2019-08-04T00:06:00Z,7a3db40d91e137d1381ac690a78039878e0baa317ed9a7cd6882df27,60.16762,24.95415,000000006b44cce7,25.36
21,2019-08-04T00:06:00Z,8650ee6a512ec17fb19f7afa4ed44f49e00a55a883c593b30cf75b9f,60.17002,24.94407,000000006b087f40,25.36
22,2019-08-04T00:06:00Z,87dfaad29a9276ddddb1fa021d3bc23ad14824c1af16f7d87e713689,60.14951,24.92138,0000000006dd41f6,10.78
23,2019-08-04T00:06:00Z,8b0535dd90c15c8fd1b256e7a48369741b0fe9d58f8f05f6e46134b7,60.16544,24.95398,0000000038d83d41,31.5
24,2019-08-04T00:06:00Z,8c75c3289c84fe4493e1e272a77b615fe1985880c5dc68a7c1a17b53,60.16762,24.95415,000000006b44cce7,16.1
25,2019-08-04T00:06:00Z,8f0ba6758b758f6da76396bf5c841c56c9e1cf014442d031c2b5f9ba,60.16897,24.95222,00000000aa852af1,20.28
26,2019-08-04T00:06:00Z,91d3b80de4439a4a49ddb8a04d72a0a2ec6c08f351d70232842af567,60.16762,24.95415,000000006b44cce7,23.56
27,2019-08-04T00:06:00Z,94530932713a65f965643daa39eaa51d48d6dda728de12700566dec1,60.17002,24.94407,000000006b087f40,21.87
28,2019-08-04T00:06:00Z,a3b4b2c08d30b2cbabe32fd49bcbb4f45f50a3f0b0e74f856bedb831,60.16762,24.95415,000000006b44cce7,10.78
29,2019-08-04T00:06:00Z,a91d379a4b57c5df22db0d7a041ff69f657b4b31f28554b1011fc03c,60.16544,24.95398,0000000038d83d41,29.32
30,2019-08-04T00:06:00Z,b24df6741160327943dbb928027d1cb7ac056f3b3da6afb6316afa0f,60.16897,24.95222,00000000aa852af1,27.28
31,2019-08-04T00:06:00Z,b5fd6b317890e5ab2d79e2cd1abe61626d45a753c7337d0d40728898,60.16762,24.95415,000000006b44cce7,5.91
32,2019-08-04T00:06:00Z,c3545c1490c0d45f4e67131e62edc76ac66e93d9e0680374530692ff,60.17002,24.94407,000000006b087f40,23.56
33,2019-08-04T00:06:00Z,c40c37def6bf11a63a2556519a7c6233fd417cdeea2cf14f28e7c42c,60.16531,24.9442,00000000fdda10fe,21.87
34,2019-08-04T00:06:00Z,c9cb2b9de2b21abecad29584393bea94a97f282f234f310e2468d7a7,60.16075,24.95883,00000000f1124bca,27.28
35,2019-08-04T00:06:00Z,cf05623e4d87ce0906c0b0b7dbf53aacc1228016cd27c341228b6e76,60.18203,24.91341,00000000342570c2,20.28
36,2019-08-04T00:06:00Z,d0bb9fef9a0ef26adcdd4732c9c20361bce49826f32c2892242831b8,60.16762,24.95415,000000006b44cce7,12.69
37,2019-08-04T00:06:00Z,d466739295da5e108e9f8a1a4f387f1cec8bde1ff3a78529697bdcc2,60.16531,24.9442,00000000fdda10fe,18.79
38,2019-08-04T00:06:00Z,dce15d9b6a7bf8880ef6f98a7621aef6c6d548ad75d3fbfc42dd2b69,60.16897,24.95222,00000000aa852af1,20.28
39,2019-08-04T00:06:00Z,f088630d7476dae7d4b7e2bb1f10575f2c89acb4b6e061f3d57c2b40,60.16531,24.9442,00000000fdda10fe,20.28
40,2019-08-04T00:06:00Z,f31f5bdb4a4c81da52b05c2e91ed700307625920f573cdcf68c91d19,60.16897,24.95222,00000000aa852af1,31.5
41,2019-08-04T00:06:00Z,f6609ab1076b1105bb845595a03b41b8fbb282f79c337df5bbc9f841,60.14699,24.922,00000000a53ed894,11.7
42,2019-08-04T00:06:00Z,fc4f3a44235f1cfc7b53f14ba2da599976a5a0a220d23b852688e485,60.17918,24.95141,00000000675d5200,29.32
43,2019-08-04T00:06:00Z,ff27e3a9af8f0e98635eb22fa40f53c8ba8452eb24bf16bc715508ea,60.16762,24.95415,000000006b44cce7,16.1
44,2019-08-04T00:06:00Z,021a21ecdcf247bd4cb11a3a401663fcef054afb2acf349f5eb436b4,60.1538,24.95595,0000000038bf9618,36.27
45,2019-08-04T00:06:00Z,028ed43d010250f52d22711a24dcb764cb6360dfa5289a0dedef21fe,60.1538,24.95595,0000000038bf9618,5.91
46,2019-08-04T00:06:00Z,0366a09ca1f0043b859bb2998a34f2be300aa444e0f9d5937b1aaded,60.1538,24.95595,0000000038bf9618,23.56
47,2019-08-04T00:06:00Z,03f044e3447f685afd572875e9cd1105bf024eb59b86d0724fd4835f,60.1538,24.95595,0000000038bf9618,50.98
48,2019-08-04T00:06:00Z,04347ff393be6dabbceee4d80a8db4a4b2bfb42d2cfdb08a4b391b36,60.1538,24.95595,0000000038bf9618,25.36
49,2019-08-04T00:06:00Z,046d88221ec15b64bcac02c9056c3cdd39e2ce29bc8cde90aa2d7ed9,60.1538,24.95595,0000000038bf9618,1.38
50,2019-08-04T00:06:00Z,0790fafe836bb6b03604d98a100ba7206bdee5baeb2ad60485cfaed2,60.1538,24.95595,0000000038bf9618,16.1
51,2019-08-04T00:06:00Z,07d202fce81aa8985b3bc353e50a214ea093848fdcd701382edee0a9,60.16829,24.94214,00000000afef4555,20.28
52,2019-08-04T00:06:00Z,0cdb4e49a22ac9fffee44c681e9561f1ccf349e84903d161a2c937b5,60.1538,24.95595,0000000038bf9618,29.32
53,2019-08-04T00:06:00Z,0d6d5a68f9d6d5d994022b796af6935900105186a283910cd9e81e47,60.16829,24.94214,00000000afef4555,36.27
54,2019-08-04T00:06:00Z,0e8d975d1575d241384fbc0a023f3873561727d2b36a5858b457d83e,60.16544,24.95398,0000000038d83d41,10.78
55,2019-08-04T00:06:00Z,0f7318f4414e2094d3d1c71f5e510424c2b54b6d1045402f4f3641f1,60.1538,24.95595,0000000038bf9618,16.1
56,2019-08-04T00:06:00Z,11b557a2b696695b270f42b3a0d83fd4c53557db1de398a56fc15e24,60.1538,24.95595,0000000038bf9618,12.69
57,2019-08-04T00:06:00Z,17a9d84db3546b90295edc0b682511af79e11ecfffcf8541146d861f,60.1538,24.95595,0000000038bf9618,23.56
58,2019-08-04T00:06:00Z,1bf18077ce9be7c31ad2aeec4af0d09a199c4786408224738290870f,60.1538,24.95595,0000000038bf9618,17.4
59,2019-08-04T00:06:00Z,1d76a2adf5c3c1f63d3bca32652772a8ce6f5721cfc5b1e0fbab9c0c,60.1538,24.95595,0000000038bf9618,21.87
60,2019-08-04T00:06:00Z,23eea347e50349a197e86aa1ab456ae4c0acc9f8df2a16643dcac8e1,60.1538,24.95595,0000000038bf9618,9.12
61,2019-08-04T00:06:00Z,2479fe35a4b45cd5fd2326aa982f6454cd5b22f45e4e860d4d138723,60.1538,24.95595,0000000038bf9618,7.05
62,2019-08-04T00:06:00Z,25b9a688fda1515f9ff250d01f89c4491af81e3721b9b2348d88d2e3,60.16762,24.95415,000000006b44cce7,27.28
63,2019-08-04T00:06:00Z,2696f6a462520c8284659d993a9bf0545c2b2f278e1538f7f60dd1d3,60.17002,24.94407,000000006b087f40,7.05
64,2019-08-04T00:06:00Z,294a9eb8a9e2802e8b7da1205517fd827de5875beb44aa12dd904895,60.16762,24.95415,000000006b44cce7,7.05
65,2019-08-04T00:06:00Z,2e5d0a435baff902d17352a595bf5ef676c4f82424db9d4a4c59a848,60.1538,24.95595,0000000038bf9618,4.94
66,2019-08-04T00:06:00Z,361f937ab1057efd291aadfbf88395a903b0bbcfff8ee3afe1431a31,60.16544,24.95398,0000000038d83d41,29.32
67,2019-08-04T00:06:00Z,3691d8fcb6f5963aad7fdb3c09a32d3d0df05d12808a108bf87cbb4b,60.1538,24.95595,0000000038bf9618,14.89
68,2019-08-04T00:06:00Z,370024c2be633248b1cc79728ce73f74b7a3b6aa47f755a2ec8a38af,60.1538,24.95595,0000000038bf9618,11.7
69,2019-08-04T00:06:00Z,39b0b5a946575bcbd79f2ee03df170497e06c9a21cbd4bb2bcb31e94,60.1538,24.95595,0000000038bf9618,21.87
70,2019-08-04T00:06:00Z,3a3f2919a95e2c7f9b4528001227951bc37018dd75180d4e2b51fb0a,60.1538,24.95595,0000000038bf9618,9.12
71,2019-08-04T00:06:00Z,3dc5189b9b7edb47809eed7c419fac21be4fd39d257db67bb2073f9e,60.1538,24.95595,0000000038bf9618,16.1
72,2019-08-04T00:06:00Z,3e80b0610e1e98846e47b491fa21e2156e2c7e1e72fd307b64835c2b,60.1538,24.95595,0000000038bf9618,14.89
73,2019-08-04T00:06:00Z,43f908127ee16d53a9a9387ba444612770719beb68121ffa85d54754,60.1538,24.95595,0000000038bf9618,16.1
74,2019-08-04T00:06:00Z,4b9d306da16db0e1c9e44dbbaf69e50d52b8ff88874a0adcf2524671,60.17002,24.94407,000000006b087f40,20.28
75,2019-08-04T00:06:00Z,4d334af57af7203945707d9c704e8fe53876d0e45fe152c76171d010,60.1538,24.95595,0000000038bf9618,5.91
76,2019-08-04T00:06:00Z,5194c511eebee7e0cba98ba5975e6bc009bd58f41c994bd7468ccc91,60.1538,24.95595,0000000038bf9618,5.41
77,2019-08-04T00:06:00Z,54c70db8e1690c11f5e25a31c983d729878a985df094299bf8f77fe8,60.1538,24.95595,0000000038bf9618,10.78
78,2019-08-04T00:06:00Z,54cad521b4af2788a3c971708890db9965e260b9ac19076c532acbf7,60.1538,24.95595,0000000038bf9618,23.56
79,2019-08-04T00:06:00Z,584cb0b0cdd14e608c8b57c8aecc9826f9b40027e365e2438a444ea2,60.16762,24.95415,000000006b44cce7,14.89
80,2019-08-04T00:06:00Z,5b3ecefdd34b774dee109f63c845b536d9e55be68632522598ed1feb,60.16829,24.94214,00000000afef4555,14.89
81,2019-08-04T00:06:00Z,5ccc5afe46402f45a45fc7904584013f81359fb7426fea86f2407650,60.1538,24.95595,0000000038bf9618,17.4
82,2019-08-04T00:06:00Z,5f7d0e6df4f376422443e4252bdbf8655b362befdd0b8a4ffb446a41,60.16531,24.9442,00000000fdda10fe,16.1
83,2019-08-04T00:06:00Z,625e663a33f6152fe59813a8556ee22e8d9f84030f305dd048e77499,60.1538,24.95595,0000000038bf9618,18.79
84,2019-08-04T00:06:00Z,699b48bb93c5befb62ff0686e75f158406b659f14daec16ab66d4499,60.15432,24.9211,0000000019fb59c4,27.28
85,2019-08-04T00:06:00Z,709dbe0ebb28007b6547ff9cc0d9524f68f3e0ac2988c27beaa151a0,60.1538,24.95595,0000000038bf9618,17.4
86,2019-08-04T00:06:00Z,71e5b924994922b681fed8752164f9f1c0725a534b6d11d96f7796a7,60.1538,24.95595,0000000038bf9618,11.7
87,2019-08-04T00:06:00Z,768646397e9880039d8ba4245e1a44d6019bfcc9706b71d2a3e47727,60.17918,24.95141,00000000675d5200,23.56
88,2019-08-04T00:06:00Z,77675fdbdafa0cd2285a628169ae2000c8e3876df4981b1d476e0aa8,60.1538,24.95595,0000000038bf9618,16.1
89,2019-08-04T00:06:00Z,7af0c77f50a36fde55c6116ce6fc95063a67a5db61e827b85739d62d,60.16629,24.95957,00000000fb7600be,25.36
90,2019-08-04T00:06:00Z,7b8e6bee7902c1cad09f0f93c39acde5296968d3f28162d84cde0850,60.1538,24.95595,0000000038bf9618,17.4
91,2019-08-04T00:06:00Z,7b91d732042030189a304f65807ba95cf9e2445e16fd7666747e7e56,60.1538,24.95595,0000000038bf9618,18.79
92,2019-08-04T00:06:00Z,7f5180bc6d46ac95cdea00b95f9bd53075198d717bc6aa14f1c7d49b,60.1538,24.95595,0000000038bf9618,20.28
93,2019-08-04T00:06:00Z,7fb7f0b4e30295055af4d5140d6cf3e79285a0180737a11d099f7a44,60.1538,24.95595,0000000038bf9618,31.5
94,2019-08-04T00:06:00Z,84b3a765a89908d695a4fc32185e50b009f3125428500ebed2d4ccf0,60.1538,24.95595,0000000038bf9618,13.75
95,2019-08-04T00:06:00Z,8712f0e1a81251f8375f9b6b7b35f04855f47ef9f69f6225aafad32e,60.1538,24.95595,0000000038bf9618,17.4
96,2019-08-04T00:06:00Z,890d3103ae9b4a1c679c45712ea5ac68524c0fddeaf7473534af4f6b,60.1538,24.95595,0000000038bf9618,17.4
97,2019-08-04T00:06:00Z,8a905afd0e044b46164af521f431211f5031f01346a5e4c11122c0c5,60.1538,24.95595,0000000038bf9618,23.56
98,2019-08-04T00:06:00Z,8b6a7e3c5c3a79c296e571c7e9a486329df4d25623d62c6df205380e,60.149,24.9843,00000000fffb8cf0,27.28
99,2019-08-04T00:06:00Z,8c4ce64ff1cc47eec8737659949cf46519489dd97739b4d12d00d6ec,60.16629,24.95957,00000000fb7600be,14.89
100,2019-08-04T00:06:00Z,8da46526862b4cf14d1ee8bab0236f4acd103af35d1e38fc45da54b5,60.1538,24.95595,0000000038bf9618,17.4
101,2019-08-04T00:06:00Z,8f5fda38f65b74fba7eacb7fbffb8562241755db9f2b4f7c8e3cc5bc,60.1538,24.95595,0000000038bf9618,25.36
102,2019-08-04T00:06:00Z,93e658fcb5840328945c08166503ef61c105f09af264747cc6ebe070,60.16897,24.95222,00000000aa852af1,29.32
103,2019-08-04T00:06:00Z,95619030d09649e9cb93fad351bf14bae369c822ce6726de8840b38f,60.1538,24.95595,0000000038bf9618,21.87
104,2019-08-04T00:06:00Z,95b8982d6e5de418f5184f912f0812748d3bb16b202573fa7858aa2d,60.1538,24.95595,0000000038bf9618,20.28
105,2019-08-04T00:06:00Z,96edd77c93139ebf56a5e4881927caf048f37d984d56d6a52a7969a1,60.1538,24.95595,0000000038bf9618,14.89
106,2019-08-04T00:06:00Z,976bef1955a8722b6134ef78c85f17026569a38404529e4e4c586d45,60.1538,24.95595,0000000038bf9618,21.87
107,2019-08-04T00:06:00Z,9b450f7211c105de064a10036c266851c5791cbae54e8d424cd95403,60.16544,24.95398,0000000038d83d41,13.75
108,2019-08-04T00:06:00Z,9b9355219e7ce312264e3e7f1f14433ad4bf9dd34724178b93ab8e28,60.1538,24.95595,0000000038bf9618,11.7
109,2019-08-04T00:06:00Z,9d16571a4ec86cfe8f243b6e782ca580cc7d39fe7c43932e7225bc2a,60.14947,24.91438,000000004ef3150d,9.92
110,2019-08-04T00:06:00Z,9d65984ff83552ab1456b7700aef5b0135475c667810289d74db3180,60.1538,24.95595,0000000038bf9618,31.5
111,2019-08-04T00:06:00Z,9f38f2a0455db45932a32b26f62d3e6407824bb2ef0c89b80732e7f4,60.1538,24.95595,0000000038bf9618,18.79
112,2019-08-04T00:06:00Z,a4b9161b88ecda8df6a8dbb3110a12f6cd8064f891e131a180c9ee8a,60.17002,24.94407,000000006b087f40,23.56
113,2019-08-04T00:06:00Z,ae30ff922e35edee2667d70ab8ef596f20ace5aeae0da1805189610d,60.1538,24.95595,0000000038bf9618,29.32
114,2019-08-04T00:06:00Z,b03d155c79561df9c50f67cd1827225ae6b49840040732a7699610fa,60.1538,24.95595,0000000038bf9618,20.28
115,2019-08-04T00:06:00Z,b44418c1382ea827634502ac2f2834330b17a38d090ce3aec94ea0e4,60.1538,24.95595,0000000038bf9618,14.89
116,2019-08-04T00:06:00Z,b4b1a17e000b3e288d0ee82120593dc6285539349033e1ac70e478cf,60.16829,24.94214,00000000afef4555,17.4
117,2019-08-04T00:06:00Z,b4b6ed9a996e14efb7bbd6f2c3e4c769831137061f2ab770f24a4eab,60.1538,24.95595,0000000038bf9618,25.36
118,2019-08-04T00:06:00Z,b4e807b4d66aeaab650a2fd593e5c4b01542d43b1f0f454dc101b95d,60.16829,24.94214,00000000afef4555,20.28
119,2019-08-04T00:06:00Z,b5a5f14b01aa732cff93c8c32433717e1fada3974f3e37950b887b18,60.1538,24.95595,0000000038bf9618,23.56
120,2019-08-04T00:06:00Z,b6188a44fcdeef6c46168ff9fda2e765ab2f57a14ede04384b32338e,60.1538,24.95595,0000000038bf9618,20.28
121,2019-08-04T00:06:00Z,b6641800037d6bba44c584ebd812215547300f576f419ec52711a2dd,60.16829,24.94214,00000000afef4555,18.79
122,2019-08-04T00:06:00Z,b6c9f48b8b49371160b2b6a296fa6f73b8c2454dd4f855ec99582401,60.1538,24.95595,0000000038bf9618,16.1
123,2019-08-04T00:06:00Z,b72dbae171d529f14698a7feed89377089391f81323a97f5f39dcaae,60.1538,24.95595,0000000038bf9618,9.12
124,2019-08-04T00:06:00Z,b74c523c238cf91998cf7e9b05efdf23d6220f634e73c9bf2c76be3e,60.1538,24.95595,0000000038bf9618,11.7
125,2019-08-04T00:06:00Z,b7608c9ee427a2efe073214227155f0de30ec20f6a615a0f7eb5fe6d,60.1538,24.95595,0000000038bf9618,17.4
126,2019-08-04T00:06:00Z,bc07df8cc395f6f4f5d483b2233caca5f93a6918f346e4cc3702f8cc,60.16531,24.9442,00000000fdda10fe,9.12
127,2019-08-04T00:06:00Z,bedabfcf53a8d8549d84cc7083cc4466b2129d3e9bec17d6ec710464,60.16762,24.95415,000000006b44cce7,12.69
128,2019-08-04T00:06:00Z,c0e0bc785064b5336e4ee69f53eae50a7bc16d37c2abc74871d509d2,60.1538,24.95595,0000000038bf9618,10.78
129,2019-08-04T00:06:00Z,c0e55dece2f2e8a66e89aedab3ae88070924331e319dcd678bfc4999,60.1538,24.95595,0000000038bf9618,21.87
130,2019-08-04T00:06:00Z,c3c844ba4cdd65cde56b6ffde536847f2433ac7b6fc1009609d7bcca,60.16762,24.95415,000000006b44cce7,12.69
131,2019-08-04T00:06:00Z,c7b38996097bec5ea78857afb9835953bcd1ce236cb1c6128497e48d,60.1538,24.95595,0000000038bf9618,27.28
132,2019-08-04T00:06:00Z,c9ce14e0dbf0cf3c24f6a92a1930fa32de9a1de0ffe63082ccddb0d6,60.16448,24.97323,0000000053c6c2be,27.28
133,2019-08-04T00:06:00Z,cf01a59875fd999d9698c266b7634a09f9264a5ff26a1c3c48af9069,60.17002,24.94407,000000006b087f40,16.1
134,2019-08-04T00:06:00Z,d00f32677e342c7dcb88c9fa30272e08ec9a4f49d8006dffbf598a03,60.16762,24.95415,000000006b44cce7,23.56
135,2019-08-04T00:06:00Z,d3a5b832f767bada238c9465d675c9491adf16370d16d43dc1906f91,60.16544,24.95398,0000000038d83d41,14.89
136,2019-08-04T00:06:00Z,dc13ca3ffbbed8714bf74467b67a8af447ae56d8113f1bd4d99b3417,60.17918,24.95141,00000000675d5200,13.75
137,2019-08-04T00:06:00Z,e06c14953dc650324410ce4ab8318b921484d0ccae9743ff69d1bd82,60.16544,24.95398,0000000038d83d41,10.78
138,2019-08-04T00:06:00Z,e30abeef974f92ed7a62f957620941ebfe2127f53771b7e9db43b674,60.16531,24.9442,00000000fdda10fe,23.56
139,2019-08-04T00:06:00Z,e462993ff0a4a76826064e2432064025da046c9c4afd76ea6eecd4f5,60.1538,24.95595,0000000038bf9618,11.7
140,2019-08-04T00:06:00Z,e75fac040d0f87e36556b072aecefa1d06fcf16565859149d6170e00,60.1538,24.95595,0000000038bf9618,11.7
141,2019-08-04T00:06:00Z,e7f7003918503413e5b0f89e5f2477d1546cb22d1b8cebabef4beef8,60.1538,24.95595,0000000038bf9618,29.32
142,2019-08-04T00:06:00Z,ebf71970b484d0c5e3b538ba72c3a4823dddc274902fb62839892362,60.1538,24.95595,0000000038bf9618,18.79
143,2019-08-04T00:06:00Z,ecd3f6878f10e201456713c185926a3d85ae8b5eb2484b73f155ec5a,60.16531,24.9442,00000000fdda10fe,9.92
144,2019-08-04T00:06:00Z,ee1f4e59125631b1009fee98eb085e895306eb58dc0518ca86e5b8ed,60.1538,24.95595,0000000038bf9618,9.92
145,2019-08-04T00:06:00Z,f56a680aa44591b3a3118b90983fc7d945403d5182f88835ceb460f1,60.16544,24.95398,0000000038d83d41,13.75
146,2019-08-04T00:06:00Z,f573eccff24ea40f9a35e4f594dae741c19f3c011f20e973c0f52b5b,60.1538,24.95595,0000000038bf9618,16.1
147,2019-08-04T00:06:00Z,f76547c6dbb273420d618c74bac69a4733e5db3f6699122994b42bb3,60.1538,24.95595,0000000038bf9618,17.4
148,2019-08-04T00:06:00Z,f9399339c3de44774896319d3f291771cebcaf2666df1d6062469882,60.16531,24.9442,00000000fdda10fe,29.32
149,2019-08-04T00:06:00Z,f9f4b405ab08754fb4455d806ccf78e8b5a9424f8efeca02daa00573,60.1538,24.95595,0000000038bf9618,29.32
150,2019-08-04T00:06:00Z,fa87b52603673cdcc5b23e7285b6cd5c3108b5a3c3852e9dfbbf6c66,60.1538,24.95595,0000000038bf9618,16.1
151,2019-08-04T00:06:00Z,fd5de79e58c12ae33b20e1b5d317d980f9d78e1c855aa566b3196796,60.1538,24.95595,0000000038bf9618,16.1
152,2019-08-04T00:06:01Z,04f9bf8e2e58659c9eec0f7fcb1f3bd40fddade0d10c99a288f0e723,60.16762,24.95415,000000006b44cce7,18.79
153,2019-08-04T00:06:01Z,0803a8ac3d21fda05be813b59bd5735bbac8f4a1df84e86ab137bb62,60.16897,24.95222,00000000aa852af1,38.87
154,2019-08-04T00:06:01Z,135f62bc9ca5e27982e6e93f34c03dc9c0c0050b14c1354b0226ac87,60.16762,24.95415,000000006b44cce7,12.69
155,2019-08-04T00:06:01Z,14c7e1511b70f4dd3359cbece1377aebb4d70531f5489eefe53d7c3c,60.16544,24.95398,0000000038d83d41,23.56
156,2019-08-04T00:06:01Z,165ebbb4090d47319ae370f0d0854fdc1f6b79499f8b2e4d3c3533c0,60.16544,24.95398,0000000038d83d41,23.56
157,2019-08-04T00:06:01Z,17b28910b6cbc057680693633275c4ca53938281bc38178f96c44947,60.17002,24.94407,000000006b087f40,44.58
158,2019-08-04T00:06:01Z,24fbd76e72eed9388c86f6a0e49da606935704d9a9af1788d49f7376,60.16544,24.95398,0000000038d83d41,31.5
159,2019-08-04T00:06:01Z,297c725b456ef12d2712634b21546721cbe93224d3a5762d897404f2,60.16762,24.95415,000000006b44cce7,8.38
160,2019-08-04T00:06:01Z,2b7659a67f1c0f17a50ab5edb0c03c3fbb9badbda2488b0bcdfd9849,60.17002,24.94407,000000006b087f40,14.89
161,2019-08-04T00:06:01Z,2d4791567504a4407ae0327e5c22df9fbc15c5107ea215256fb4e817,60.17065,24.93641,000000000f4919c9,23.56
162,2019-08-04T00:06:01Z,3944bc7a301be7241d1f7bc4a97f221000d535ce3d8a9af9af9b23b5,60.16531,24.9442,00000000fdda10fe,23.56
163,2019-08-04T00:06:01Z,43b676ed3aef4c2d8846694817e76117873be52e7f788e0cb366c1c4,60.16629,24.95957,00000000fb7600be,27.28
164,2019-08-04T00:06:01Z,43ea43e1aaac8d6d523965f79fd32aa5e5942a98e66e9b6dbaf67f8d,60.16897,24.95222,00000000aa852af1,21.87
165,2019-08-04T00:06:01Z,443e5ae5646f99ab6da556da417c8147964ffc3ccf22177490a10c07,60.16829,24.94214,00000000afef4555,13.75
166,2019-08-04T00:06:01Z,5119599736782d7274e2c06188289772b33702e6daa10e227c89389a,60.16544,24.95398,0000000038d83d41,21.87
167,2019-08-04T00:06:01Z,56deed3cd228eba479323f29799593e7afe4ec397e434a082c9953f3,60.16762,24.95415,000000006b44cce7,10.78
168,2019-08-04T00:06:01Z,5bbb5184fded3e51bc78e45e39917794285e6bbc72da404802a9599a,60.16531,24.9442,00000000fdda10fe,21.87
169,2019-08-04T00:06:01Z,5d65719c4cbf045f068d084b72302f447d5fd034413d97d13be00d0e,60.18203,24.91341,00000000342570c2,18.79
170,2019-08-04T00:06:01Z,6066632ddc94b5c482a2d4f45ed2532e55e3fd63e414a084a596a737,60.16762,24.95415,000000006b44cce7,29.32
171,2019-08-04T00:06:01Z,6a70e2fbced719333e21eff04fcb9cb36bae9a04d1a3d6ddd96f2c58,60.15432,24.9211,0000000019fb59c4,18.79
172,2019-08-04T00:06:01Z,6c4c3fd8fa1c46dafdf6c420406a7ed41d85ebbdee767b1937ce6af0,60.16762,24.95415,000000006b44cce7,20.28
173,2019-08-04T00:06:01Z,6ff437688c444238352c28f64f9d2a7d0f14d19c9ea42c225380501e,60.16762,24.95415,000000006b44cce7,18.79
174,2019-08-04T00:06:01Z,747f2d1ebff218c0ebbdc0fdaef4cbe56633dfb46ae1b1f8c8142201,60.16762,24.95415,000000006b44cce7,13.75
175,2019-08-04T00:06:01Z,79f136afa0dd8717337c01c70b457c464aaf0fa25b440f51a394ec23,60.16762,24.95415,000000006b44cce7,16.1
176,2019-08-04T00:06:01Z,8650ee6a512ec17fb19f7afa4ed44f49e00a55a883c593b30cf75b9f,60.17002,24.94407,000000006b087f40,23.56
177,2019-08-04T00:06:01Z,87dfaad29a9276ddddb1fa021d3bc23ad14824c1af16f7d87e713689,60.14951,24.92138,0000000006dd41f6,7.69
178,2019-08-04T00:06:01Z,89982a6acf91b79a282a6b63978e946ee205f303fcd20e944e06baf0,60.16544,24.95398,0000000038d83d41,27.28
179,2019-08-04T00:06:01Z,8c75c3289c84fe4493e1e272a77b615fe1985880c5dc68a7c1a17b53,60.16762,24.95415,000000006b44cce7,16.1
180,2019-08-04T00:06:01Z,8f0ba6758b758f6da76396bf5c841c56c9e1cf014442d031c2b5f9ba,60.16897,24.95222,00000000aa852af1,21.87
181,2019-08-04T00:06:01Z,91d3b80de4439a4a49ddb8a04d72a0a2ec6c08f351d70232842af567,60.16762,24.95415,000000006b44cce7,27.28
182,2019-08-04T00:06:01Z,94530932713a65f965643daa39eaa51d48d6dda728de12700566dec1,60.17002,24.94407,000000006b087f40,18.79
183,2019-08-04T00:06:01Z,96c0705b3062754c4e9afc471e280530de69c8820bac642f30d4022b,60.16762,24.95415,000000006b44cce7,31.5
184,2019-08-04T00:06:01Z,a3b4b2c08d30b2cbabe32fd49bcbb4f45f50a3f0b0e74f856bedb831,60.16762,24.95415,000000006b44cce7,9.92
185,2019-08-04T00:06:01Z,a3cfed90e83d1b054fe944c4d709d630ca99d724ccbcc18c4675c995,60.16544,24.95398,0000000038d83d41,38.87
186,2019-08-04T00:06:01Z,a91d379a4b57c5df22db0d7a041ff69f657b4b31f28554b1011fc03c,60.16544,24.95398,0000000038d83d41,33.81
187,2019-08-04T00:06:01Z,b24df6741160327943dbb928027d1cb7ac056f3b3da6afb6316afa0f,60.16897,24.95222,00000000aa852af1,23.56
188,2019-08-04T00:06:01Z,b33ae7715d6d2571066655c2c8954a5a364b5601869047de83410d9f,60.16629,24.95957,00000000fb7600be,21.87
189,2019-08-04T00:06:01Z,b5fd6b317890e5ab2d79e2cd1abe61626d45a753c7337d0d40728898,60.16762,24.95415,000000006b44cce7,9.12
190,2019-08-04T00:06:01Z,c3545c1490c0d45f4e67131e62edc76ac66e93d9e0680374530692ff,60.17002,24.94407,000000006b087f40,23.56
191,2019-08-04T00:06:01Z,c9cb2b9de2b21abecad29584393bea94a97f282f234f310e2468d7a7,60.16075,24.95883,00000000f1124bca,29.32
192,2019-08-04T00:06:01Z,cf05623e4d87ce0906c0b0b7dbf53aacc1228016cd27c341228b6e76,60.18203,24.91341,00000000342570c2,18.79
193,2019-08-04T00:06:01Z,d0bb9fef9a0ef26adcdd4732c9c20361bce49826f32c2892242831b8,60.16762,24.95415,000000006b44cce7,17.4
194,2019-08-04T00:06:01Z,d466739295da5e108e9f8a1a4f387f1cec8bde1ff3a78529697bdcc2,60.16531,24.9442,00000000fdda10fe,18.79
195,2019-08-04T00:06:01Z,dce15d9b6a7bf8880ef6f98a7621aef6c6d548ad75d3fbfc42dd2b69,60.16897,24.95222,00000000aa852af1,25.36
196,2019-08-04T00:06:01Z,f088630d7476dae7d4b7e2bb1f10575f2c89acb4b6e061f3d57c2b40,60.16531,24.9442,00000000fdda10fe,23.56
197,2019-08-04T00:06:01Z,f6609ab1076b1105bb845595a03b41b8fbb282f79c337df5bbc9f841,60.14699,24.922,00000000a53ed894,12.69
198,2019-08-04T00:06:01Z,fc4f3a44235f1cfc7b53f14ba2da599976a5a0a220d23b852688e485,60.17918,24.95141,00000000675d5200,27.28
199,2019-08-04T00:06:01Z,ff27e3a9af8f0e98635eb22fa40f53c8ba8452eb24bf16bc715508ea,60.16762,24.95415,000000006b44cce7,18.79
200,2019-08-04T00:06:01Z,021a21ecdcf247bd4cb11a3a401663fcef054afb2acf349f5eb436b4,60.1538,24.95595,0000000038bf9618,11.7
201,2019-08-04T00:06:01Z,028ed43d010250f52d22711a24dcb764cb6360dfa5289a0dedef21fe,60.1538,24.95595,0000000038bf9618,3.74
202,2019-08-04T00:06:01Z,0366a09ca1f0043b859bb2998a34f2be300aa444e0f9d5937b1aaded,60.1538,24.95595,0000000038bf9618,17.4
203,2019-08-04T00:06:01Z,03f044e3447f685afd572875e9cd1105bf024eb59b86d0724fd4835f,60.1538,24.95595,0000000038bf9618,29.32
204,2019-08-04T00:06:01Z,046d88221ec15b64bcac02c9056c3cdd39e2ce29bc8cde90aa2d7ed9,60.1538,24.95595,0000000038bf9618,1.25
205,2019-08-04T00:06:01Z,0486b4520285f3ca2132b986edabb7c19dfc5708a6c163ff40ed37b9,60.16448,24.97323,0000000053c6c2be,17.4
206,2019-08-04T00:06:01Z,056cf7ec51b902a9650e1114f32d6a64550c396d1951c12f46df5189,60.1538,24.95595,0000000038bf9618,20.28
207,2019-08-04T00:06:01Z,06297d1e6db8f2140764caf4179b3d53beb7f27e167b61455cf7e0a4,60.16762,24.95415,000000006b44cce7,14.89
208,2019-08-04T00:06:01Z,0790fafe836bb6b03604d98a100ba7206bdee5baeb2ad60485cfaed2,60.1538,24.95595,0000000038bf9618,17.4
209,2019-08-04T00:06:01Z,07d202fce81aa8985b3bc353e50a214ea093848fdcd701382edee0a9,60.16829,24.94214,00000000afef4555,12.69
210,2019-08-04T00:06:01Z,095286ed887affcb57ac1f04d69ae6ee385f8ac11494cc1f12fd8410,60.16531,24.9442,00000000fdda10fe,21.87
211,2019-08-04T00:06:01Z,0d6d5a68f9d6d5d994022b796af6935900105186a283910cd9e81e47,60.16829,24.94214,00000000afef4555,18.79
212,2019-08-04T00:06:01Z,0e8d975d1575d241384fbc0a023f3873561727d2b36a5858b457d83e,60.16544,24.95398,0000000038d83d41,10.78
213,2019-08-04T00:06:01Z,0f7318f4414e2094d3d1c71f5e510424c2b54b6d1045402f4f3641f1,60.1538,24.95595,0000000038bf9618,23.56
214,2019-08-04T00:06:01Z,11b557a2b696695b270f42b3a0d83fd4c53557db1de398a56fc15e24,60.1538,24.95595,0000000038bf9618,16.1
215,2019-08-04T00:06:01Z,11f21a280d46026947c5de4fa84db0c08c229b47824b268efac8febd,60.14699,24.922,00000000a53ed894,29.32
216,2019-08-04T00:06:01Z,17a9d84db3546b90295edc0b682511af79e11ecfffcf8541146d861f,60.1538,24.95595,0000000038bf9618,14.89
217,2019-08-04T00:06:01Z,1a9b300e0c8ebbf39132fef7cd73ef771007861e9c22c87c6d63b9bf,60.16897,24.95222,00000000aa852af1,33.81
218,2019-08-04T00:06:01Z,1bf18077ce9be7c31ad2aeec4af0d09a199c4786408224738290870f,60.1538,24.95595,0000000038bf9618,29.32
219,2019-08-04T00:06:01Z,1d76a2adf5c3c1f63d3bca32652772a8ce6f5721cfc5b1e0fbab9c0c,60.1538,24.95595,0000000038bf9618,13.75
220,2019-08-04T00:06:01Z,1dacfb371d75dd4f90f447aac2a00faad98beb4188a6971c19eb2375,60.16629,24.95957,00000000fb7600be,25.36
221,2019-08-04T00:06:01Z,23eea347e50349a197e86aa1ab456ae4c0acc9f8df2a16643dcac8e1,60.1538,24.95595,0000000038bf9618,7.05
222,2019-08-04T00:06:01Z,2479fe35a4b45cd5fd2326aa982f6454cd5b22f45e4e860d4d138723,60.1538,24.95595,0000000038bf9618,4.5
223,2019-08-04T00:06:01Z,254ee7d1ae8dc6849853339e223e0d0f1bc39e40078cb03f62e6eab4,60.16762,24.95415,000000006b44cce7,21.87
224,2019-08-04T00:06:01Z,25b9a688fda1515f9ff250d01f89c4491af81e3721b9b2348d88d2e3,60.16762,24.95415,000000006b44cce7,23.56
225,2019-08-04T00:06:01Z,294a9eb8a9e2802e8b7da1205517fd827de5875beb44aa12dd904895,60.16762,24.95415,000000006b44cce7,9.92
226,2019-08-04T00:06:01Z,2e5d0a435baff902d17352a595bf5ef676c4f82424db9d4a4c59a848,60.1538,24.95595,0000000038bf9618,9.92
227,2019-08-04T00:06:01Z,340ad65b64e5c8a6bec498fdf3c827c5f53452f13e7cef00b918aa88,60.1538,24.95595,0000000038bf9618,27.28
228,2019-08-04T00:06:01Z,3691d8fcb6f5963aad7fdb3c09a32d3d0df05d12808a108bf87cbb4b,60.1538,24.95595,0000000038bf9618,18.79
229,2019-08-04T00:06:01Z,370024c2be633248b1cc79728ce73f74b7a3b6aa47f755a2ec8a38af,60.1538,24.95595,0000000038bf9618,12.69
230,2019-08-04T00:06:01Z,37ca9a9f275e04454a0198226afd0d362a0661aa76c2c255d715c471,60.1538,24.95595,0000000038bf9618,10.78
231,2019-08-04T00:06:01Z,39b0b5a946575bcbd79f2ee03df170497e06c9a21cbd4bb2bcb31e94,60.1538,24.95595,0000000038bf9618,14.89
232,2019-08-04T00:06:01Z,3a3f2919a95e2c7f9b4528001227951bc37018dd75180d4e2b51fb0a,60.1538,24.95595,0000000038bf9618,9.92
233,2019-08-04T00:06:01Z,3ceb4037d8c0787181b6992bd6bf627f3ba4a2c236448cf9466f9fd9,60.1538,24.95595,0000000038bf9618,18.79
234,2019-08-04T00:06:01Z,3dc5189b9b7edb47809eed7c419fac21be4fd39d257db67bb2073f9e,60.1538,24.95595,0000000038bf9618,17.4
235,2019-08-04T00:06:01Z,3e80b0610e1e98846e47b491fa21e2156e2c7e1e72fd307b64835c2b,60.1538,24.95595,0000000038bf9618,13.75
236,2019-08-04T00:06:01Z,406c8df3855d308047a12843434f2fac7dc6a2dba12c20edbdf06606,60.1538,24.95595,0000000038bf9618,25.36
237,2019-08-04T00:06:01Z,499f77aca8faf0dd4734eb622536e9faecb9fe642a0f21a369940690,60.17002,24.94407,000000006b087f40,33.81
238,2019-08-04T00:06:01Z,4d334af57af7203945707d9c704e8fe53876d0e45fe152c76171d010,60.1538,24.95595,0000000038bf9618,20.28
239,2019-08-04T00:06:01Z,5194c511eebee7e0cba98ba5975e6bc009bd58f41c994bd7468ccc91,60.1538,24.95595,0000000038bf9618,18.79
240,2019-08-04T00:06:01Z,54c70db8e1690c11f5e25a31c983d729878a985df094299bf8f77fe8,60.1538,24.95595,0000000038bf9618,9.92
241,2019-08-04T00:06:01Z,54cad521b4af2788a3c971708890db9965e260b9ac19076c532acbf7,60.1538,24.95595,0000000038bf9618,16.1
242,2019-08-04T00:06:01Z,584cb0b0cdd14e608c8b57c8aecc9826f9b40027e365e2438a444ea2,60.16762,24.95415,000000006b44cce7,17.4
243,2019-08-04T00:06:01Z,5b3ecefdd34b774dee109f63c845b536d9e55be68632522598ed1feb,60.16829,24.94214,00000000afef4555,23.56
244,2019-08-04T00:06:01Z,5ccc5afe46402f45a45fc7904584013f81359fb7426fea86f2407650,60.1538,24.95595,0000000038bf9618,13.75
245,2019-08-04T00:06:01Z,5f7d0e6df4f376422443e4252bdbf8655b362befdd0b8a4ffb446a41,60.16531,24.9442,00000000fdda10fe,21.87
246,2019-08-04T00:06:01Z,624d74c4d2f97bb7c2b9ca1d9ada9556e696d1b8bd58838182e2e449,60.1538,24.95595,0000000038bf9618,27.28
247,2019-08-04T00:06:01Z,687c0ddea1c38be264cafa35b9cd6312c453063fe2b086af7b0a1401,60.1538,24.95595,0000000038bf9618,12.69
248,2019-08-04T00:06:01Z,699b48bb93c5befb62ff0686e75f158406b659f14daec16ab66d4499,60.15432,24.9211,0000000019fb59c4,20.28
249,2019-08-04T00:06:01Z,6cc35a861149f194dd7e7ee20215977d62579ac1fecf3e54cd43c113,60.1538,24.95595,0000000038bf9618,20.28
250,2019-08-04T00:06:01Z,709dbe0ebb28007b6547ff9cc0d9524f68f3e0ac2988c27beaa151a0,60.1538,24.95595,0000000038bf9618,18.79
251,2019-08-04T00:06:01Z,70cc7b0a8e166380ca0fbc55a58d9a59c9de9f05a9f95ebb82482d5a,60.16762,24.95415,000000006b44cce7,12.69
252,2019-08-04T00:06:01Z,71e5b924994922b681fed8752164f9f1c0725a534b6d11d96f7796a7,60.1538,24.95595,0000000038bf9618,7.05
253,2019-08-04T00:06:01Z,768646397e9880039d8ba4245e1a44d6019bfcc9706b71d2a3e47727,60.17918,24.95141,00000000675d5200,9.92
254,2019-08-04T00:06:01Z,7af0c77f50a36fde55c6116ce6fc95063a67a5db61e827b85739d62d,60.16629,24.95957,00000000fb7600be,27.28
255,2019-08-04T00:06:01Z,7b8e6bee7902c1cad09f0f93c39acde5296968d3f28162d84cde0850,60.1538,24.95595,0000000038bf9618,21.87
256,2019-08-04T00:06:01Z,7b91d732042030189a304f65807ba95cf9e2445e16fd7666747e7e56,60.1538,24.95595,0000000038bf9618,13.75
257,2019-08-04T00:06:01Z,7f5180bc6d46ac95cdea00b95f9bd53075198d717bc6aa14f1c7d49b,60.1538,24.95595,0000000038bf9618,29.32
258,2019-08-04T00:06:01Z,80d43268566873c25a01d49015e300ad4afd3e497b69533698c0c2fb,60.1538,24.95595,0000000038bf9618,27.28
259,2019-08-04T00:06:01Z,84b3a765a89908d695a4fc32185e50b009f3125428500ebed2d4ccf0,60.1538,24.95595,0000000038bf9618,14.89
260,2019-08-04T00:06:01Z,8712f0e1a81251f8375f9b6b7b35f04855f47ef9f69f6225aafad32e,60.1538,24.95595,0000000038bf9618,13.75
261,2019-08-04T00:06:01Z,890d3103ae9b4a1c679c45712ea5ac68524c0fddeaf7473534af4f6b,60.1538,24.95595,0000000038bf9618,10.78
262,2019-08-04T00:06:01Z,8a905afd0e044b46164af521f431211f5031f01346a5e4c11122c0c5,60.1538,24.95595,0000000038bf9618,11.7
263,2019-08-04T00:06:01Z,8b6a7e3c5c3a79c296e571c7e9a486329df4d25623d62c6df205380e,60.149,24.9843,00000000fffb8cf0,16.1
264,2019-08-04T00:06:01Z,8c4ce64ff1cc47eec8737659949cf46519489dd97739b4d12d00d6ec,60.16629,24.95957,00000000fb7600be,16.1
265,2019-08-04T00:06:01Z,8da46526862b4cf14d1ee8bab0236f4acd103af35d1e38fc45da54b5,60.1538,24.95595,0000000038bf9618,13.75
266,2019-08-04T00:06:01Z,8f5fda38f65b74fba7eacb7fbffb8562241755db9f2b4f7c8e3cc5bc,60.1538,24.95595,0000000038bf9618,17.4
267,2019-08-04T00:06:01Z,95619030d09649e9cb93fad351bf14bae369c822ce6726de8840b38f,60.1538,24.95595,0000000038bf9618,12.69
268,2019-08-04T00:06:01Z,95b8982d6e5de418f5184f912f0812748d3bb16b202573fa7858aa2d,60.1538,24.95595,0000000038bf9618,12.69
269,2019-08-04T00:06:01Z,96edd77c93139ebf56a5e4881927caf048f37d984d56d6a52a7969a1,60.1538,24.95595,0000000038bf9618,12.69
270,2019-08-04T00:06:01Z,9b450f7211c105de064a10036c266851c5791cbae54e8d424cd95403,60.16544,24.95398,0000000038d83d41,11.7
271,2019-08-04T00:06:01Z,9b9355219e7ce312264e3e7f1f14433ad4bf9dd34724178b93ab8e28,60.1538,24.95595,0000000038bf9618,9.92
272,2019-08-04T00:06:01Z,9d16571a4ec86cfe8f243b6e782ca580cc7d39fe7c43932e7225bc2a,60.14947,24.91438,000000004ef3150d,13.75
273,2019-08-04T00:06:01Z,9d65984ff83552ab1456b7700aef5b0135475c667810289d74db3180,60.1538,24.95595,0000000038bf9618,31.5
274,2019-08-04T00:06:01Z,9d713c9ce415e473048b45bbb35d6dcdef35cabaca39aa54f2e781a3,60.16531,24.9442,00000000fdda10fe,41.64
275,2019-08-04T00:06:01Z,9f38f2a0455db45932a32b26f62d3e6407824bb2ef0c89b80732e7f4,60.1538,24.95595,0000000038bf9618,33.81
276,2019-08-04T00:06:01Z,a48bb55d4798ec14c527b38324be591a272ababab9bda4e3cee1fc4b,60.1538,24.95595,0000000038bf9618,25.36
277,2019-08-04T00:06:01Z,a9c520fca16ee2ee43b33514637b5582bcb88c94e1496c4473cbff7c,60.1538,24.95595,0000000038bf9618,9.12
278,2019-08-04T00:06:01Z,affb16abdcb09fb434dd453012fbd43eafd888bb68d9abb92c1497db,60.17002,24.94407,000000006b087f40,25.36
279,2019-08-04T00:06:01Z,b4b1a17e000b3e288d0ee82120593dc6285539349033e1ac70e478cf,60.16829,24.94214,00000000afef4555,14.89
280,2019-08-04T00:06:01Z,b4b6ed9a996e14efb7bbd6f2c3e4c769831137061f2ab770f24a4eab,60.1538,24.95595,0000000038bf9618,20.28
281,2019-08-04T00:06:01Z,b4e807b4d66aeaab650a2fd593e5c4b01542d43b1f0f454dc101b95d,60.16829,24.94214,00000000afef4555,17.4
282,2019-08-04T00:06:01Z,b5a5f14b01aa732cff93c8c32433717e1fada3974f3e37950b887b18,60.1538,24.95595,0000000038bf9618,16.1
283,2019-08-04T00:06:01Z,b6188a44fcdeef6c46168ff9fda2e765ab2f57a14ede04384b32338e,60.1538,24.95595,0000000038bf9618,18.79
284,2019-08-04T00:06:01Z,b6641800037d6bba44c584ebd812215547300f576f419ec52711a2dd,60.16829,24.94214,00000000afef4555,36.27
285,2019-08-04T00:06:01Z,b6c9f48b8b49371160b2b6a296fa6f73b8c2454dd4f855ec99582401,60.1538,24.95595,0000000038bf9618,9.12
286,2019-08-04T00:06:01Z,b6d2dfbdd72e6c85001b8d2e6b3d97700ab302f0b70df82e729543f1,60.1538,24.95595,0000000038bf9618,20.28
287,2019-08-04T00:06:01Z,b72dbae171d529f14698a7feed89377089391f81323a97f5f39dcaae,60.1538,24.95595,0000000038bf9618,9.92
288,2019-08-04T00:06:01Z,b74c523c238cf91998cf7e9b05efdf23d6220f634e73c9bf2c76be3e,60.1538,24.95595,0000000038bf9618,2.8
289,2019-08-04T00:06:01Z,b7608c9ee427a2efe073214227155f0de30ec20f6a615a0f7eb5fe6d,60.1538,24.95595,0000000038bf9618,17.4
290,2019-08-04T00:06:01Z,bc07df8cc395f6f4f5d483b2233caca5f93a6918f346e4cc3702f8cc,60.16531,24.9442,00000000fdda10fe,9.92
291,2019-08-04T00:06:01Z,bedabfcf53a8d8549d84cc7083cc4466b2129d3e9bec17d6ec710464,60.16762,24.95415,000000006b44cce7,14.89
292,2019-08-04T00:06:01Z,c0a0ca3433586ed2ae0e448f2406fabac7292ac79d49562e0bd5cef8,60.16762,24.95415,000000006b44cce7,12.69
293,2019-08-04T00:06:01Z,c0e0bc785064b5336e4ee69f53eae50a7bc16d37c2abc74871d509d2,60.1538,24.95595,0000000038bf9618,16.1
294,2019-08-04T00:06:01Z,c7ce77cee104c8514539fe397eb78b7669aaeec61feb2fa5f3101b14,60.1538,24.95595,0000000038bf9618,23.56
295,2019-08-04T00:06:01Z,d17bc814add0729ea537e178eab4c1fea83fe4530da86d8d54ddb046,60.1538,24.95595,0000000038bf9618,20.28
296,2019-08-04T00:06:01Z,d3a5b832f767bada238c9465d675c9491adf16370d16d43dc1906f91,60.16544,24.95398,0000000038d83d41,23.56
297,2019-08-04T00:06:01Z,dc13ca3ffbbed8714bf74467b67a8af447ae56d8113f1bd4d99b3417,60.17918,24.95141,00000000675d5200,16.1
298,2019-08-04T00:06:01Z,e06c14953dc650324410ce4ab8318b921484d0ccae9743ff69d1bd82,60.16544,24.95398,0000000038d83d41,21.87
299,2019-08-04T00:06:01Z,e0cb69dfae91d1fc7e48f728e6a4627e2907c344c639c35768d441c3,60.1538,24.95595,0000000038bf9618,33.81
300,2019-08-04T00:06:01Z,e1e2b423ccc9bd0ad9e475cbb72e72a497fb455c8f01a48efce6b6ce,60.16629,24.95957,00000000fb7600be,16.1
301,2019-08-04T00:06:01Z,e462993ff0a4a76826064e2432064025da046c9c4afd76ea6eecd4f5,60.1538,24.95595,0000000038bf9618,18.79
302,2019-08-04T00:06:01Z,e5b564cf327f7db10f48bff6a13bbcb59e968da0f12c91756dfdfc09,60.16762,24.95415,000000006b44cce7,20.28
303,2019-08-04T00:06:01Z,e75fac040d0f87e36556b072aecefa1d06fcf16565859149d6170e00,60.1538,24.95595,0000000038bf9618,14.89
304,2019-08-04T00:06:01Z,e7baeb3fa75db84982c28c08efcf29a123618b687c634aae2f7a2b1a,60.16531,24.9442,00000000fdda10fe,21.87
305,2019-08-04T00:06:01Z,e7f7003918503413e5b0f89e5f2477d1546cb22d1b8cebabef4beef8,60.1538,24.95595,0000000038bf9618,17.4
306,2019-08-04T00:06:01Z,ebf71970b484d0c5e3b538ba72c3a4823dddc274902fb62839892362,60.1538,24.95595,0000000038bf9618,13.75
307,2019-08-04T00:06:01Z,ecd3f6878f10e201456713c185926a3d85ae8b5eb2484b73f155ec5a,60.16531,24.9442,00000000fdda10fe,9.92
308,2019-08-04T00:06:01Z,ee1f4e59125631b1009fee98eb085e895306eb58dc0518ca86e5b8ed,60.1538,24.95595,0000000038bf9618,13.75
309,2019-08-04T00:06:01Z,ef87e9a58afee519bdc9eadbfcae2577771d7075920df1e846ed302f,60.1538,24.95595,0000000038bf9618,12.69
310,2019-08-04T00:06:01Z,f56a680aa44591b3a3118b90983fc7d945403d5182f88835ceb460f1,60.16544,24.95398,0000000038d83d41,16.1
311,2019-08-04T00:06:01Z,f76547c6dbb273420d618c74bac69a4733e5db3f6699122994b42bb3,60.1538,24.95595,0000000038bf9618,10.78
312,2019-08-04T00:06:01Z,f9399339c3de44774896319d3f291771cebcaf2666df1d6062469882,60.16531,24.9442,00000000fdda10fe,29.32
313,2019-08-04T00:06:01Z,fa87b52603673cdcc5b23e7285b6cd5c3108b5a3c3852e9dfbbf6c66,60.1538,24.95595,0000000038bf9618,12.69
314,2019-08-04T00:06:01Z,fd5de79e58c12ae33b20e1b5d317d980f9d78e1c855aa566b3196796,60.1538,24.95595,0000000038bf9618,10.78
315,2019-08-04T00:06:01Z,fd6398df1a30d826d5d957b1b2078ead71c2a1dc2475b5687e14a515,60.1538,24.95595,0000000038bf9618,16.1
316,2019-08-04T00:06:02Z,0803a8ac3d21fda05be813b59bd5735bbac8f4a1df84e86ab137bb62,60.16897,24.95222,00000000aa852af1,33.81
317,2019-08-04T00:06:02Z,135f62bc9ca5e27982e6e93f34c03dc9c0c0050b14c1354b0226ac87,60.16762,24.95415,000000006b44cce7,10.78
318,2019-08-04T00:06:02Z,14c7e1511b70f4dd3359cbece1377aebb4d70531f5489eefe53d7c3c,60.16544,24.95398,0000000038d83d41,20.28
319,2019-08-04T00:06:02Z,165ebbb4090d47319ae370f0d0854fdc1f6b79499f8b2e4d3c3533c0,60.16544,24.95398,0000000038d83d41,31.5
320,2019-08-04T00:06:02Z,24fbd76e72eed9388c86f6a0e49da606935704d9a9af1788d49f7376,60.16544,24.95398,0000000038d83d41,25.36
321,2019-08-04T00:06:02Z,297c725b456ef12d2712634b21546721cbe93224d3a5762d897404f2,60.16762,24.95415,000000006b44cce7,9.12
322,2019-08-04T00:06:02Z,2b7659a67f1c0f17a50ab5edb0c03c3fbb9badbda2488b0bcdfd9849,60.17002,24.94407,000000006b087f40,18.79
323,2019-08-04T00:06:02Z,3944bc7a301be7241d1f7bc4a97f221000d535ce3d8a9af9af9b23b5,60.16531,24.9442,00000000fdda10fe,33.81
324,2019-08-04T00:06:02Z,43b676ed3aef4c2d8846694817e76117873be52e7f788e0cb366c1c4,60.16629,24.95957,00000000fb7600be,23.56
325,2019-08-04T00:06:02Z,43ea43e1aaac8d6d523965f79fd32aa5e5942a98e66e9b6dbaf67f8d,60.16897,24.95222,00000000aa852af1,14.89
326,2019-08-04T00:06:02Z,443e5ae5646f99ab6da556da417c8147964ffc3ccf22177490a10c07,60.16829,24.94214,00000000afef4555,13.75
327,2019-08-04T00:06:02Z,5119599736782d7274e2c06188289772b33702e6daa10e227c89389a,60.16544,24.95398,0000000038d83d41,21.87
