,time,hash,latitude,longitude,serial,distance
0,2019-08-03T06:06:00Z,03e0fc996a589ccdf1871b3c78e089c08c93ba1f2a02d740fb384aac,60.16531,24.9442,00000000fdda10fe,44.58
1,2019-08-03T06:06:00Z,055f5e4323594de2d0f5711dc91d791abe039a6be29bd26fe81252a9,60.14699,24.922,00000000a53ed894,17.4
2,2019-08-03T06:06:00Z,072dc794e212cfe9866e1242d801701f299d36f4aea2da25e22246cc,60.16762,24.95415,000000006b44cce7,9.12
3,2019-08-03T06:06:00Z,126e7fa4dd9205201617bdc0c7c346bfb57e1a75d3d7d3d9c260d51b,60.16897,24.95222,00000000aa852af1,5.91
4,2019-08-03T06:06:00Z,14c7e1511b70f4dd3359cbece1377aebb4d70531f5489eefe53d7c3c,60.16544,24.95398,0000000038d83d41,23.56
5,2019-08-03T06:06:00Z,165ebbb4090d47319ae370f0d0854fdc1f6b79499f8b2e4d3c3533c0,60.16544,24.95398,0000000038d83d41,20.28
6,2019-08-03T06:06:00Z,1d513a9eda6958eaa6394ca7a03bb7c0beb946191e40ea22378b96fa,60.16762,24.95415,000000006b44cce7,10.78
7,2019-08-03T06:06:00Z,2a93b61a3863ace54349d7a0937e4134fcc6d4dfcf064eefae2b7cf8,60.15432,24.9211,0000000019fb59c4,12.69
8,2019-08-03T06:06:00Z,2af9f18ec38ddcce3e687bdf1a0e3d95da68f65a2028ee4a3bdeddab,60.15432,24.9211,0000000019fb59c4,13.75
9,2019-08-03T06:06:00Z,2d3f70bf9904705b22193edbe99c008905f24c3a9c9db1fd5cf19119,60.17002,24.94407,000000006b087f40,21.87
10,2019-08-03T06:06:00Z,38b5cd787b827ea6557e600e706132ad8d89ce76d3ca472891752e7c,60.14699,24.922,00000000a53ed894,31.5
11,2019-08-03T06:06:00Z,38fecabb0a73f683956f48bd30870f8a3973530f4e01994fc21c7148,60.14699,24.922,00000000a53ed894,16.1
12,2019-08-03T06:06:00Z,4186d6da68ebd511be3b61a558ed48d28d1c10eecd472a422b422ca2,60.16544,24.95398,0000000038d83d41,14.89
13,2019-08-03T06:06:00Z,43b676ed3aef4c2d8846694817e76117873be52e7f788e0cb366c1c4,60.16629,24.95957,00000000fb7600be,25.36
14,2019-08-03T06:06:00Z,55486c7cbc7fe90013a13d912b76ac16b72f90eed0e6df18b56e8a3d,60.16544,24.95398,0000000038d83d41,20.28
15,2019-08-03T06:06:00Z,57ac2c5d2230e629a1cd786be695fa9f54503a0b94f59e97de0e7b2a,60.16897,24.95222,00000000aa852af1,27.28
16,2019-08-03T06:06:00Z,5c5b8ebf392d3a1a9eded11c6d68af45797c4c0cf5f8cb94fc541df4,60.16762,24.95415,000000006b44cce7,12.69
17,2019-08-03T06:06:00Z,5d65719c4cbf045f068d084b72302f447d5fd034413d97d13be00d0e,60.18203,24.91341,00000000342570c2,25.36
18,2019-08-03T06:06:00Z,747f2d1ebff218c0ebbdc0fdaef4cbe56633dfb46ae1b1f8c8142201,60.16762,24.95415,000000006b44cce7,18.79
19,2019-08-03T06:06:00Z,77839e655f856d5295739c2388237a95b399c3b8a4f659cd1345d939,60.16829,24.94214,00000000afef4555,18.79
20,2019-08-03T06:06:00Z,7dd0127440ec4930e0c4ec4ebfc65c44af1091f9868c4ce9d1378ad2,60.149,24.9843,00000000fffb8cf0,29.32
21,2019-08-03T06:06:00Z,87dfaad29a9276ddddb1fa021d3bc23ad14824c1af16f7d87e713689,60.14951,24.92138,0000000006dd41f6,5.91
22,2019-08-03T06:06:00Z,8c75c3289c84fe4493e1e272a77b615fe1985880c5dc68a7c1a17b53,60.16762,24.95415,000000006b44cce7,12.69
23,2019-08-03T06:06:00Z,8ff60f950161ed884860c37d18e95c683a57d568528f4083008a5dd8,60.15432,24.9211,0000000019fb59c4,14.89
24,2019-08-03T06:06:00Z,94512cd21b284eddaddc0be0d385bf5072dbeaa7e3eb345b3c161aa6,60.16762,24.95415,000000006b44cce7,17.4
25,2019-08-03T06:06:00Z,9843c6216661048343a0e49cf3d8aa2883cf77f452666a1c873a1052,60.16448,24.97323,0000000053c6c2be,17.4
26,2019-08-03T06:06:00Z,a91d379a4b57c5df22db0d7a041ff69f657b4b31f28554b1011fc03c,60.16544,24.95398,0000000038d83d41,36.27
27,2019-08-03T06:06:00Z,ac0787f0e045c803e5210bda77cbd640b88135d83a2d295642033071,60.17002,24.94407,000000006b087f40,33.81
28,2019-08-03T06:06:00Z,b4faf2d3c4d2b199afeab6ab63b583fe3a2e81e14abbef6917f25129,60.15432,24.9211,0000000019fb59c4,14.89
29,2019-08-03T06:06:00Z,b5fd6b317890e5ab2d79e2cd1abe61626d45a753c7337d0d40728898,60.16762,24.95415,000000006b44cce7,12.69
30,2019-08-03T06:06:00Z,b693ef7a26635987d68cb30c404de9d0fd716f3a0da5f35d7dec0227,60.1638,24.96846,00000000d747f075,23.56
31,2019-08-03T06:06:00Z,bb52abe4edeb7604c7a55e84373a051fe6adeac1849883eb0877f237,60.15432,24.9211,0000000019fb59c4,12.69
32,2019-08-03T06:06:00Z,bb98768dad0f7c52cf643f035a3e7e48f5cfe28557c66f2a75914b31,60.15432,24.9211,0000000019fb59c4,14.89
33,2019-08-03T06:06:00Z,cf05623e4d87ce0906c0b0b7dbf53aacc1228016cd27c341228b6e76,60.18203,24.91341,00000000342570c2,31.5
34,2019-08-03T06:06:00Z,ea2af410359f5c862dbc71554cc0b6ea29d823a91db3209fcd2a8c76,60.16762,24.95415,000000006b44cce7,7.05
35,2019-08-03T06:06:00Z,eb24ab9795f788b82685ca2492dd2f1fd9b93d8d15f84b69c3fdf0db,60.16829,24.94214,00000000afef4555,6.46
36,2019-08-03T06:06:00Z,f088630d7476dae7d4b7e2bb1f10575f2c89acb4b6e061f3d57c2b40,60.16531,24.9442,00000000fdda10fe,21.87
37,2019-08-03T06:06:00Z,f237103f284dc6c51c64f9728c4f56e0c855dbb1bf8c4165758c3ef0,60.16897,24.95222,00000000aa852af1,23.56
38,2019-08-03T06:06:00Z,f6d75fbec9fba4f47d43772bcb1504e9cfcc8b12968b17ce67d488b0,60.18203,24.91341,00000000342570c2,20.28
39,2019-08-03T06:06:00Z,fc4f3a44235f1cfc7b53f14ba2da599976a5a0a220d23b852688e485,60.17919,24.95181,000000007b5207b6,16.1
40,2019-08-03T06:06:00Z,016511ff533ff3961c413f9412f1f02aec186f2e78af904e0671fd78,60.16762,24.95415,000000006b44cce7,16.1
41,2019-08-03T06:06:00Z,04766d60644a4079ac85801cdf17463d01ff40439e39d13afcb76ab7,60.14699,24.922,00000000a53ed894,11.7
42,2019-08-03T06:06:00Z,05335c7fe0199a5b6fc1d0775a8c8e2d7db2e16f7953e11a6b0644dc,60.14951,24.92138,0000000006dd41f6,10.78
43,2019-08-03T06:06:00Z,06d1d89807e3b5812d02d0d471b6e8ed0d7e4cc77fd3121a8186b25b,60.14947,24.91438,000000004ef3150d,6.46
44,2019-08-03T06:06:00Z,076033ed2d113dd2a8535cf7bc38ee736ae95409d856269841e5fa14,60.14699,24.922,00000000a53ed894,13.75
45,2019-08-03T06:06:00Z,08168ae4358f9b11697895bf5c39d2b0f1d377ecf21c52b15f3a9a53,60.16544,24.95398,0000000038d83d41,20.28
46,2019-08-03T06:06:00Z,0a48d1b25c119174410bdcdacbe784b94e331d2362a0e06b9c55ab74,60.14947,24.91438,000000004ef3150d,4.94
47,2019-08-03T06:06:00Z,0e0c94fe258a8f5e08d3d83c9d5a94b1caf87183f11a50c03f62f95e,60.16829,24.94214,00000000afef4555,25.36
48,2019-08-03T06:06:00Z,0e5f1861d1446c627b1cb05c036462ca25b491d444201db0f7d370f0,60.16829,24.94214,00000000afef4555,16.1
49,2019-08-03T06:06:00Z,0f45d1643f54cc3d3530f77842ef40edb2f3bd55a98cfff9168268af,60.16448,24.97323,0000000053c6c2be,17.4
50,2019-08-03T06:06:00Z,103016db2a6e682ae4a69528ccd928913c3c0af6113f5112777ca7aa,60.14699,24.922,00000000a53ed894,4.94
51,2019-08-03T06:06:00Z,10a2c778f48aabace15cb49fd4dce4d085273c23b4c217e67a139958,60.173,24.92524,0000000096918cfa,31.5
52,2019-08-03T06:06:00Z,13c117e311e8523b3264f66d30881e85eea80ca3b6e3b50caa7498f7,60.17919,24.95181,000000007b5207b6,9.12
53,2019-08-03T06:06:00Z,154aad0f969764ecc1334eb6b3436bb85a2111cfefd456d954612a5b,60.16762,24.95415,000000006b44cce7,4.11
54,2019-08-03T06:06:00Z,17f2d9f9ecf6f32c2ff193097ec812f1ea13ab3b488d54300f1f6487,60.14951,24.92138,0000000006dd41f6,18.79
55,2019-08-03T06:06:00Z,18b4fb4b407bc53075fb16bb743bb941e5c79382206e4bb6d549f93c,60.16531,24.9442,00000000fdda10fe,10.78
56,2019-08-03T06:06:00Z,19c79f2951dbc96c1624713ec7360bfcb9ff32b5cb232d0819d4f7aa,60.16897,24.95222,00000000aa852af1,21.87
57,2019-08-03T06:06:00Z,1a088a09ad1e0b53e8f153fa1f0403889d53bc73f3c9e5569cacac69,60.149,24.9843,00000000fffb8cf0,13.75
58,2019-08-03T06:06:00Z,1a835866cc3bda0edb0c6eb92102b64f8ddc9627ccbad2dc7b641a6a,60.16829,24.94214,00000000afef4555,27.28
59,2019-08-03T06:06:00Z,1c5d599f0aacd987fd61c63e42c90de2dddb4d8ed710fe4276b5d3d5,60.14951,24.92138,0000000006dd41f6,17.4
60,2019-08-03T06:06:00Z,1c876c249574787e23950f3c9b91cc8e061e1f8dd0e509c08eefb8dc,60.17002,24.94407,000000006b087f40,21.87
61,2019-08-03T06:06:00Z,1d01ada119892c27b5503e4c94e6bc5a7e5287d99fe6a4a7fd97e076,60.16544,24.95398,0000000038d83d41,27.28
62,2019-08-03T06:06:00Z,20df2b7a7d0583d731d225b97c321ac9e9c0f114b40b8080da0d8302,60.14699,24.922,00000000a53ed894,13.75
63,2019-08-03T06:06:00Z,2142821dbdfd0c8de0dfc0067db2d17aa9b3989b72fc0f1e8db8cf04,60.15432,24.9211,0000000019fb59c4,17.4
64,2019-08-03T06:06:00Z,21875b720e26ba4ef8f500586a858e3c773e92f7ba04734e97d71336,60.14699,24.922,00000000a53ed894,12.69
65,2019-08-03T06:06:00Z,21dcfe8bd7c51f82c29ad68cf99000d052680e00d7923757c7199713,60.14947,24.91438,000000004ef3150d,17.4
66,2019-08-03T06:06:00Z,21de93ceaff5f038fa67799787f998413d2b4da812d7be5986a53c1a,60.16897,24.95222,00000000aa852af1,9.92
67,2019-08-03T06:06:00Z,2254b5d37ad0f2df25e642861195138ca56b4faf876e3b258c451c1d,60.16897,24.95222,00000000aa852af1,16.1
68,2019-08-03T06:06:00Z,2444a177f1285a8774ff230325efeadf301ef9136744bce60e3a66f8,60.16629,24.95957,00000000fb7600be,17.4
69,2019-08-03T06:06:00Z,246fd2020e1232f0a8d7d2ee7802cd02a7c8d8cea91ea5921391d103,60.17919,24.95181,000000007b5207b6,7.05
70,2019-08-03T06:06:00Z,24ee186361803111ad13d77ce190ee107aa4094f1f04937875e19d50,60.14699,24.922,00000000a53ed894,14.89
71,2019-08-03T06:06:00Z,2502c2d994ec618185b958382764f301f5a977cf9397aebca4fac95c,60.14951,24.92138,0000000006dd41f6,9.92
72,2019-08-03T06:06:00Z,2638eb9fce262aa2a5815e75eccddc466836bf3845da575a3377b94c,60.16897,24.95222,00000000aa852af1,18.79
73,2019-08-03T06:06:00Z,27a7cf0aeac1f1ce2b9f7b2a6db278951764da5a8105d5113ad9d64a,60.14947,24.91438,000000004ef3150d,21.87
74,2019-08-03T06:06:00Z,27de9a6473f9a41d00364c29fde82d92010cecb964ef4115a3869ab6,60.18203,24.91341,00000000342570c2,29.32
75,2019-08-03T06:06:00Z,2a54a19e29072294021d96e1df526f6ec443dfe72766fcf73fbfed3c,60.149,24.9843,00000000fffb8cf0,11.7
76,2019-08-03T06:06:00Z,2b32f7c4ca8e8d620d956253ba0d94f3c9d161b4f87f0e5dd4a432dc,60.16531,24.9442,00000000fdda10fe,7.69
77,2019-08-03T06:06:00Z,2b34479c64d45b0e4a3bb970397b1c237853d23c14f0261caa10eab2,60.16829,24.94214,00000000afef4555,25.36
78,2019-08-03T06:06:00Z,2c2c4c6c5064b2595ebb0bc207dbfaaba10f58d3870a541548961feb,60.16762,24.95415,000000006b44cce7,2.3
79,2019-08-03T06:06:00Z,2c33a128b26f6103ab8adea36ea36caf79186267345513a06a61fff7,60.14699,24.922,00000000a53ed894,12.69
80,2019-08-03T06:06:00Z,2c407b74712e6b51d396f0b4e4c87f3988c332f817b0ba4941524b17,60.14699,24.922,00000000a53ed894,9.92
81,2019-08-03T06:06:00Z,2e2e1ef52641a5a12d5d394300bb5da05fbf37ba99ca7f7a73bc05ff,60.16762,24.95415,000000006b44cce7,3.74
82,2019-08-03T06:06:00Z,2e514a0949ab0b3db0b76a682e943de414ab0e11a2b9a3d0943c8ae8,60.17919,24.95181,000000007b5207b6,7.05
83,2019-08-03T06:06:00Z,2fa42bf7821900adc739f8c99f7927d2a1b0bf87a87338c6c59a43d1,60.16544,24.95398,0000000038d83d41,17.4
84,2019-08-03T06:06:00Z,32ca4aacc7370467735fc4b937431c1a9f0761f89275a7de3979e78c,60.16762,24.95415,000000006b44cce7,16.1
85,2019-08-03T06:06:00Z,333d18e18995292afe6a31f32ed2c004cce890e98cf037e8e74c5fe0,60.15432,24.9211,0000000019fb59c4,2.3
86,2019-08-03T06:06:00Z,34578bd78b5ab86fb06fad82095a015a75dd498ee870c2c85be2ea70,60.16829,24.94214,00000000afef4555,9.12
87,2019-08-03T06:06:00Z,35209641efbcc3fe3cac8579b193aa188704a5806580dd05cbedffdf,60.14699,24.922,00000000a53ed894,20.28
88,2019-08-03T06:06:00Z,37ca4a8a31645564e350c6a35ce3df2dc372ec7c80149766e4c61562,60.15432,24.9211,0000000019fb59c4,14.89
89,2019-08-03T06:06:00Z,3869139bff72ac96a8897ea2bf9e8b44f598ea20967fc567a9b0741a,60.16897,24.95222,00000000aa852af1,20.28
90,2019-08-03T06:06:00Z,38850f810f3084c9d4d17b2a9677a3d3692fe2b02db2d078a598f734,60.16762,24.95415,000000006b44cce7,7.05
91,2019-08-03T06:06:00Z,3ae2312c3db01d038b9010d9f7c86c8e8c87cb1fc5be87e1e20af7a8,60.17919,24.95181,000000007b5207b6,18.79
92,2019-08-03T06:06:00Z,3b16b5deaff2e35f4c0e43960ac20b5cdec593a9f0f324997e23d255,60.149,24.9843,00000000fffb8cf0,21.87
93,2019-08-03T06:06:00Z,3ca533c3e3adb33419e05ca6d956da369d13696ebafc5e9d7c5a2d08,60.14699,24.922,00000000a53ed894,11.7
94,2019-08-03T06:06:00Z,3e8ae43ef9c5c92ddaa1fee219aa719e86cf4812b9deede80e9d7733,60.17919,24.95181,000000007b5207b6,7.69
95,2019-08-03T06:06:00Z,3f0e23cf717e28e0ee36dd2a717d55b6524cc1d0d0d26e409f8c9b30,60.16629,24.95957,00000000fb7600be,25.36
96,2019-08-03T06:06:00Z,3fd9f5e13e06217b538441c586f959a77f4e50372486ca66df166355,60.16544,24.95398,0000000038d83d41,36.27
97,2019-08-03T06:06:00Z,401175c15c2813ad823c58667e77d2066092f48be59a51ffb5bd76d7,60.14951,24.92138,0000000006dd41f6,18.79
98,2019-08-03T06:06:00Z,41a8f415b4d499f0aab90f8d635802ec3f4da58ed39cc7ebf7195db0,60.16762,24.95415,000000006b44cce7,3.09
99,2019-08-03T06:06:00Z,424cbf2ff40e7b7c5b75f148df166505717e04059d4cf3460214fb7b,60.15432,24.9211,0000000019fb59c4,11.7
100,2019-08-03T06:06:00Z,42f2c329bd8c67340f3f6288251f58c96794ed4c018215aa15a5575a,60.14699,24.922,00000000a53ed894,23.56
101,2019-08-03T06:06:00Z,459c28bcc6fc935a81069bfb935de545e25f9de34f6f44bb6935d46c,60.14947,24.91438,000000004ef3150d,4.94
102,2019-08-03T06:06:00Z,45a7357591049081b0b72fb756a2ce36ea353d3a3ee69d1f433104b1,60.1638,24.96846,00000000d747f075,18.79
103,2019-08-03T06:06:00Z,460777d938ce731b5bcd9f241b80dea5e81eba988a5fef833c311381,60.16544,24.95398,0000000038d83d41,27.28
104,2019-08-03T06:06:00Z,4626eb20cee191a7ed1a4dae2533eca42c294749cde6de8f6016af55,60.16762,24.95415,000000006b44cce7,3.74
105,2019-08-03T06:06:00Z,470e1309c3560aab176ac6511fc673304ebe20095b04547fd0ccac18,60.17918,24.95141,00000000675d5200,16.1
106,2019-08-03T06:06:00Z,47c1bc6ad97a112e312145536821b2efd72b6cfffd95c3c390ae44fc,60.16897,24.95222,00000000aa852af1,31.5
107,2019-08-03T06:06:00Z,47d960b730fc5aaf812b503e89f2de149f152388c70f7e34dd017ec7,60.14947,24.91438,000000004ef3150d,13.75
108,2019-08-03T06:06:00Z,4994ebae20b8b287e1c8d361f08f16fcab800809ecee5eb181b51f95,60.17919,24.95181,000000007b5207b6,20.28
109,2019-08-03T06:06:00Z,4c41f41b15465ce908a8ab83f141874dbbff2cf4c3b35239441ae483,60.16762,24.95415,000000006b44cce7,11.7
110,2019-08-03T06:06:00Z,4c4db2be65c2760983e41d62e2fef2ce9e23ea48be634325cdb2871a,60.17919,24.95181,000000007b5207b6,11.7
111,2019-08-03T06:06:00Z,4e74caf91fbc2b4f6feb4c1a35fe1f1da152282b8f6ec35b89a92235,60.14951,24.92138,0000000006dd41f6,31.5
112,2019-08-03T06:06:00Z,4e89586bcdf540b4d5e0c3928a75c9b3c61fd0713b24689a1b7b31b7,60.1638,24.96846,00000000d747f075,17.4
113,2019-08-03T06:06:00Z,4fce2342dc262e957e1353c0b78c9f68098d12ed0ecf6413e8ac0d1e,60.149,24.9843,00000000fffb8cf0,27.28
114,2019-08-03T06:06:00Z,50821bb4e4dea65e4e44af81dd8bb731eecf0db4259989fe3ce0b60a,60.16762,24.95415,000000006b44cce7,25.36
115,2019-08-03T06:06:00Z,509048f52ee707417c7ebed26d68291e63a176f9aeb09a1393e17848,60.1638,24.96846,00000000d747f075,27.28
116,2019-08-03T06:06:00Z,50b1c390806f214c123f622e898e3dd6507534be42223630d03d9224,60.14699,24.922,00000000a53ed894,9.12
117,2019-08-03T06:06:00Z,514c133de5231db3fee607fe3efa40781e4c11f6682504540647cc14,60.14699,24.922,00000000a53ed894,10.78
118,2019-08-03T06:06:00Z,5205fa4c6f9c4cf551ceba32f4318f1bb03f10e0d6372fbab8faa962,60.14951,24.92138,0000000006dd41f6,23.56
119,2019-08-03T06:06:00Z,524825cc8919a3f0eef55e72fe9f21b5bdf7247ca1c6d4477fe2cbab,60.14951,24.92138,0000000006dd41f6,16.1
120,2019-08-03T06:06:00Z,556e403c7ed4bda2d9debf3f0f15d48f2f62940f18d662c54e0b6e03,60.14699,24.922,00000000a53ed894,7.69
121,2019-08-03T06:06:00Z,563a78a6a99f040085699a0c8f2d98e7a581047851090350f78bf711,60.16762,24.95415,000000006b44cce7,12.69
122,2019-08-03T06:06:00Z,5772c4c7e2d9169e222395a84c7f15446d8a3cc67c05b02bce9135af,60.14699,24.922,00000000a53ed894,13.75
123,2019-08-03T06:06:00Z,584cb0b0cdd14e608c8b57c8aecc9826f9b40027e365e2438a444ea2,60.16762,24.95415,000000006b44cce7,14.89
124,2019-08-03T06:06:00Z,589b5192a1ccc2d178d2105cd135a49968a8aef648c80dcd7b83ce9f,60.14699,24.922,00000000a53ed894,9.92
125,2019-08-03T06:06:00Z,5ad308355cca0e121fb7ecdfab95120baf8ef5fccbdecc517771c0b1,60.16762,24.95415,000000006b44cce7,7.05
126,2019-08-03T06:06:00Z,5afc4e5f3b98191054bf2a24aaa52f96c8146638dd9633e513ad536a,60.14699,24.922,00000000a53ed894,9.12
127,2019-08-03T06:06:00Z,5ce788fce04e7b3d3cbc2933d54feb138981f021706a6abb2b5e143c,60.16762,24.95415,000000006b44cce7,4.5
128,2019-08-03T06:06:00Z,5dfa8b2c381078de5853d667bd979f81e268d4e2454fa7c160ec4e9e,60.14951,24.92138,0000000006dd41f6,33.81
129,2019-08-03T06:06:00Z,61e6f66d00f5a14c8f10cd02d7a3283fa36a13014c2e45bc21cd9641,60.14699,24.922,00000000a53ed894,7.05
130,2019-08-03T06:06:00Z,61eb133453c804d7e55185f742ac841e1f26c4ce4cc099f29eee1a83,60.149,24.9843,00000000fffb8cf0,31.5
131,2019-08-03T06:06:00Z,63c4c23999bc5fe485e9895498726bde93d79f6fc09b65b7e15809da,60.14947,24.91438,000000004ef3150d,6.46
132,2019-08-03T06:06:00Z,6485138a8b57be7ce3155afbe7f0ac930ee94a60250ae02ff110e630,60.14699,24.922,00000000a53ed894,17.4
133,2019-08-03T06:06:00Z,64c800a51506984c809bb5959563381df60034bcb16c7b34c96497fa,60.14699,24.922,00000000a53ed894,18.79
134,2019-08-03T06:06:00Z,64e6acc2a3d841eab43492e09bda86fec02a4e55bf72554c697d24f4,60.14699,24.922,00000000a53ed894,20.28
135,2019-08-03T06:06:00Z,6520f88705b5ec90d0de50975de4137523a1f81e3fe3353e6346d0ea,60.14951,24.92138,0000000006dd41f6,4.5
136,2019-08-03T06:06:00Z,6557cadd9802aa9dcc1218b2731a9baca2567e92c074df8024e67522,60.16897,24.95222,00000000aa852af1,21.87
137,2019-08-03T06:06:00Z,673bd946ddfaa52dd2a3352a5a0bd2654e4f625527edf6e5302572c7,60.16829,24.94214,00000000afef4555,14.89
138,2019-08-03T06:06:00Z,682c8247ae765cabb26d1f95f8913d804ca17190b19bd1c272751094,60.15432,24.9211,0000000019fb59c4,4.5
139,2019-08-03T06:06:00Z,6895107b554cdab1e9353d3f23b9e16fdc95bfaadc295b274463d0d6,60.16762,24.95415,000000006b44cce7,7.05
140,2019-08-03T06:06:00Z,6b58246fc2002a6936d7e7d13eec5dd6f62ae82e48c7398b5bde2c04,60.149,24.9843,00000000fffb8cf0,9.12
141,2019-08-03T06:06:00Z,6b963e74a213eee41b1ec4e611734ca8a58b83d89a17749875423f23,60.14699,24.922,00000000a53ed894,16.1
142,2019-08-03T06:06:00Z,6b9e959a7bb71c0a76c0f236cc0b318e659be5d74f0c967cdd814f9d,60.16531,24.9442,00000000fdda10fe,20.28
143,2019-08-03T06:06:00Z,6c97f70259d16e0626908a4215774d512d5a0f8c2a47d8ee7bce0e50,60.14947,24.91438,000000004ef3150d,18.79
144,2019-08-03T06:06:00Z,6e9b5bc13993f2126829b0770cdf8824e2f49b610cccf85ea50562d3,60.1538,24.95595,0000000038bf9618,38.87
145,2019-08-03T06:06:00Z,70ed4e3bd56540f977ceaf7ae4e5513210f5696e46ca57e4f1cde861,60.16829,24.94214,00000000afef4555,21.87
146,2019-08-03T06:06:00Z,715a07a37a708b940d216055ce3a47504db92904ccf62ea1b8134bbd,60.16629,24.95957,00000000fb7600be,16.1
147,2019-08-03T06:06:00Z,71717f04b2b00a2aa88a3c3df5957a5e0adb8868cf5967bdf6a99abb,60.16762,24.95415,000000006b44cce7,13.75
148,2019-08-03T06:06:00Z,73f48b379cb9d0ba06c4ac7345010ad8c27aecfb0e73fa51e2fc73a6,60.14947,24.91438,000000004ef3150d,11.7
149,2019-08-03T06:06:00Z,747a850eb04f966539c4050a0b4ba57278e832aec9f279e1d1b4fa97,60.17002,24.94407,000000006b087f40,20.28
150,2019-08-03T06:06:00Z,74b80bccb90663918038cf1c9b59ab4c5bc51d47a097eddf2f93e99c,60.16762,24.95415,000000006b44cce7,21.87
151,2019-08-03T06:06:00Z,755b8671ba5755e098e81154dc865346e84e137b571b2eaa26b4079d,60.14947,24.91438,000000004ef3150d,6.46
152,2019-08-03T06:06:00Z,755e75212db11ee4ef1de797a5083aeef70f54955106893683b6ae15,60.149,24.9843,00000000fffb8cf0,14.89
153,2019-08-03T06:06:00Z,765c0a241d003c863a3767ca3ca9b0515370e2a9a8c9d16ebf784cdc,60.14699,24.922,00000000a53ed894,1.54
154,2019-08-03T06:06:00Z,76e04cf89af4e31228e9ca45df3683aaa7a4d658dbb6c3b837c9d2fc,60.16762,24.95415,000000006b44cce7,17.4
155,2019-08-03T06:06:00Z,789fba9b132148725397fd65e128137a27c07ce966721cb48fa3bf9e,60.14699,24.922,00000000a53ed894,9.12
156,2019-08-03T06:06:00Z,79ca9cb6a129d1c2d29c18f09c1c05ca765e83a0ba4ce820eac1c441,60.16544,24.95398,0000000038d83d41,18.79
157,2019-08-03T06:06:00Z,7c38e8b148817e521d8bc550d9dd880c2c9bc3a9f1c94153da1cf829,60.14699,24.922,00000000a53ed894,12.69
158,2019-08-03T06:06:00Z,7c80f3fd2464c94ddd60947eae77ca5983ab64a540f1712da6d94868,60.16762,24.95415,000000006b44cce7,9.92
159,2019-08-03T06:06:00Z,7d4940c05efe58cc8d4f944cda2236ad9f06c9b1044a71caf70524d7,60.14947,24.91438,000000004ef3150d,18.79
160,2019-08-03T06:06:00Z,7df9e8d00ee5452b1a8eb83f6a6aa3bfa9ff763311f7ae5a0ae04995,60.16629,24.95957,00000000fb7600be,20.28
161,2019-08-03T06:06:00Z,7e951c779e9587275a1afe838086d861f354e901e50ee264013357d1,60.16762,24.95415,000000006b44cce7,8.38
162,2019-08-03T06:06:00Z,7ffa555ac0269fe427eda0ebaea5483ad56de1c8e1dbc3ba33bf4f79,60.17002,24.94407,000000006b087f40,41.64
163,2019-08-03T06:06:00Z,802a4593366641afe711c20b148d31beea6c7dee34436410bdc8ecf4,60.149,24.9843,00000000fffb8cf0,18.79
164,2019-08-03T06:06:00Z,8120f844ce1dd8223be1096a5a36a4eda9fe476222d2ffd79e0ea91c,60.16629,24.95957,00000000fb7600be,16.1
165,2019-08-03T06:06:00Z,81714275cfeba4134d1f80a34783b45f547950bdf7ed35c60e60c56c,60.16762,24.95415,000000006b44cce7,18.79
166,2019-08-03T06:06:00Z,81fbbd2a8912c368302d226b7afbe440f9a2af4d660f655f6cef753f,60.17919,24.95181,000000007b5207b6,25.36
167,2019-08-03T06:06:00Z,852dc09bf2cae23a6739acfb43dc77b1a3262775dd70369247b64032,60.14951,24.92138,0000000006dd41f6,18.79
168,2019-08-03T06:06:00Z,873eb71e21d008fb73d588b7ff568e67055cac82d8bf28295eb81263,60.14699,24.922,00000000a53ed894,20.28
169,2019-08-03T06:06:00Z,879c8b865c2361583702c29be682b9b3ffd82aca73fdfc2679c29327,60.14951,24.92138,0000000006dd41f6,23.56
170,2019-08-03T06:06:00Z,889d557f3dfe0ccc05f70476ed9f623425716b40269c3d9f2839a319,60.16762,24.95415,000000006b44cce7,4.5
171,2019-08-03T06:06:00Z,8b4201a7f63de1e8d8243c31d35e50e37a7ff47af0de35f9d6e1f380,60.14947,24.91438,000000004ef3150d,12.69
172,2019-08-03T06:06:00Z,8b7e17c20dfb0b729b4bcee324bcb3419afb626fa7523493c0bd20c6,60.16762,24.95415,000000006b44cce7,9.12
173,2019-08-03T06:06:00Z,90b15624e1b1b35f038ec728eff26086abed6ef4a87512204e5ef011,60.14699,24.922,00000000a53ed894,14.89
174,2019-08-03T06:06:00Z,915acd57641f58ece5a5506a04cbf31816df7b557819ce918d07eb28,60.16897,24.95222,00000000aa852af1,17.4
175,2019-08-03T06:06:00Z,91c476d4c5c384bf5a6423ef1cb355f3d767ffa97679c7dfb2197168,60.17919,24.95181,000000007b5207b6,13.75
176,2019-08-03T06:06:00Z,923c7283db5fd1c4a8dcc7e27ad3adc8eec3153c44b22ce86223bdfe,60.17919,24.95181,000000007b5207b6,20.28
177,2019-08-03T06:06:00Z,94553018cc8d34698ad37e411fe5808c97b12930592acad57b1e22c5,60.17918,24.95141,00000000675d5200,13.75
178,2019-08-03T06:06:00Z,95de0409e6db2ef5f09ad7728c2287de0c3bd9089c17780d29d18847,60.14951,24.92138,0000000006dd41f6,12.69
179,2019-08-03T06:06:00Z,96cc4d84361a084f739e66c8f323a49d1170e098cf08562e41262bd3,60.16448,24.97323,0000000053c6c2be,33.81
180,2019-08-03T06:06:00Z,97223d743b46bfc0a6b50e4dfdf1feb39539af959712831c9606b2c9,60.14947,24.91438,000000004ef3150d,5.91
181,2019-08-03T06:06:00Z,97d410cebfe8a109b9d5880a605b4a4600d4509478541367659058d8,60.16629,24.95957,00000000fb7600be,18.79
182,2019-08-03T06:06:00Z,9a4643edb2aeb391b3af1d87a1d2d829ed3eaad0f2503fe147ead344,60.14699,24.922,00000000a53ed894,8.38
183,2019-08-03T06:06:00Z,9ad064f15f9d1a635a6616525ab357f8f849e25e6ff0d33b348de678,60.14699,24.922,00000000a53ed894,29.32
184,2019-08-03T06:06:00Z,9c04529e9c69c02c666932b6ba357b2e0c1400d98dc2b481a58bdb81,60.14947,24.91438,000000004ef3150d,7.69
185,2019-08-03T06:06:00Z,9e88881544a02938e2dcf068fd5370e92049da9fd013fd5e718bf89e,60.16762,24.95415,000000006b44cce7,20.28
186,2019-08-03T06:06:00Z,a0232696f0c2e77b58ee58ee5f6f3e52041a92f6f9516f0c7b0b7e8a,60.15432,24.9211,0000000019fb59c4,7.05
187,2019-08-03T06:06:00Z,a0299de0b617c7fc62ba809905b1e3e1fd54861311367da5ee9d3e6a,60.16544,24.95398,0000000038d83d41,18.79
188,2019-08-03T06:06:00Z,a02aad66b2e01c47439390fc5e94a5d531319bfcf2548933f2f06561,60.16762,24.95415,000000006b44cce7,5.41
189,2019-08-03T06:06:00Z,a06df0831eef5e7fc21c7e4adcc29cd6aaccf72e26bdf3401fb03923,60.16897,24.95222,00000000aa852af1,17.4
190,2019-08-03T06:06:00Z,a08d8dac4e62f95f0dff4c4eac7d08b19865c6f9050ac7dc04f81391,60.16897,24.95222,00000000aa852af1,7.05
191,2019-08-03T06:06:00Z,a0a8581da822bb3a6c16108c9319b62011c4122b704c981c62081dc9,60.16762,24.95415,000000006b44cce7,2.08
192,2019-08-03T06:06:00Z,a27374beaa9cd2ad552d956f48ef991729f58284bc5b244126acf9dc,60.14951,24.92138,0000000006dd41f6,21.87
193,2019-08-03T06:06:00Z,a33e25b8f616070dd1c434a659e0b59769fec1602199cc5dfb9e5276,60.14699,24.922,00000000a53ed894,16.1
194,2019-08-03T06:06:00Z,a3a21288af2826d4340853274ad0033a2521c39881ea8db0b28b3e27,60.14699,24.922,00000000a53ed894,25.36
195,2019-08-03T06:06:00Z,a4c41552378707e656bb3a19c6ab102b6a8bc1389218ed0b610138f6,60.14951,24.92138,0000000006dd41f6,9.92
196,2019-08-03T06:06:00Z,a6fde2b29d6fcc51c7445eacbe7534131b7690207074bf1a31ab3fd7,60.14699,24.922,00000000a53ed894,21.87
197,2019-08-03T06:06:00Z,a83fdd9cdcbe8b1d3e276fd194340e22590c911cc8af5fd93c9b6a58,60.149,24.9843,00000000fffb8cf0,7.05
198,2019-08-03T06:06:00Z,a9a7090e063d386711b19581667dd1ae76be169510954f1d20c7eab4,60.14699,24.922,00000000a53ed894,18.79
199,2019-08-03T06:06:00Z,aae3f614528e626386797328f49a260bdc306b52c4e932578061bd85,60.15432,24.9211,0000000019fb59c4,9.92
200,2019-08-03T06:06:00Z,ab4bbf2e76f22ff104d706d97914c071ad617ed130fb412d91b3f2c8,60.16762,24.95415,000000006b44cce7,20.28
201,2019-08-03T06:06:00Z,abdb7bde28ce0d66eb484d78fb98cc61ed122057ce7c2cf557ea8b48,60.14699,24.922,00000000a53ed894,10.78
202,2019-08-03T06:06:00Z,ae28a724635048731d8adfffe7de7432352289de79cd062e59a2ee8d,60.16897,24.95222,00000000aa852af1,9.12
203,2019-08-03T06:06:00Z,ae754cc4cb034de8040c3599fc1d74a06ced0a8e53ce2939d9edb848,60.15133,24.92329,00000000e8a064a4,29.32
204,2019-08-03T06:06:00Z,aed6eb427dc2523e7f95005d02e7ab554fcedff59a9aa1ecf61fb201,60.14947,24.91438,000000004ef3150d,9.12
205,2019-08-03T06:06:00Z,af2897e7d8aeed57e1a9c9a194d3204453c00526243df6b43ae6164a,60.14699,24.922,00000000a53ed894,4.94
206,2019-08-03T06:06:00Z,afd759cb9c096bc71f3e4a77364807470d891f7356650c22cf883b41,60.14947,24.91438,000000004ef3150d,9.92
207,2019-08-03T06:06:00Z,b0b19e0a63443b3b935694d028599887200ba8682828d8f04a7a759e,60.14951,24.92138,0000000006dd41f6,13.75
208,2019-08-03T06:06:00Z,b49fd4e2e88e6490e45b0c0efffa8ee92ad3fa0fd8e7bb0dccb7c78c,60.16448,24.97323,0000000053c6c2be,25.36
209,2019-08-03T06:06:00Z,b5c9251e2804b35dba2cee61800926e43ef52b00667236992d64e87a,60.18203,24.91341,00000000342570c2,20.28
210,2019-08-03T06:06:00Z,b67513cf555bb46100b4e39f063ad89905e8876a91b7c96d331ff493,60.16762,24.95415,000000006b44cce7,13.75
211,2019-08-03T06:06:00Z,b6af22bc60e550c6cfefd09e3824c26b229d488c2356df066f457b74,60.14951,24.92138,0000000006dd41f6,17.4
212,2019-08-03T06:06:00Z,b89d6e2942ed68426fcb4becb5776b643a82bbceea0cbd2a9cf8be95,60.16762,24.95415,000000006b44cce7,25.36
213,2019-08-03T06:06:00Z,b96004f4c33555abe8a2ceb3e9b2ff9d0653bc6f62ab83b77175ac1d,60.14699,24.922,00000000a53ed894,1.38
214,2019-08-03T06:06:00Z,bb1c12139a7b632b22009df5ec1f7b574179ca2c7b9cbd2944592753,60.14699,24.922,00000000a53ed894,27.28
215,2019-08-03T06:06:00Z,bb297fafd1bdb47ab4572a027f739a056aefe2694d186d405f530be7,60.17919,24.95181,000000007b5207b6,4.5
216,2019-08-03T06:06:00Z,bea8a044cda44a76cb12e2e742f115c627b4184e0092839990d6b89a,60.16897,24.95222,00000000aa852af1,29.32
217,2019-08-03T06:06:00Z,c1a25c9798fb1f924d17db36987063375f316255fd83f59ae17ee333,60.16762,24.95415,000000006b44cce7,9.92
218,2019-08-03T06:06:00Z,c3eed7ce6bcfb11ff7e4778b3a026b6591ab4e312933990b9a516dee,60.14947,24.91438,000000004ef3150d,9.92
219,2019-08-03T06:06:00Z,c4938b00e9b99985b70d53fe04deaf25b33bd9022d021dad6b38b0d7,60.15432,24.9211,0000000019fb59c4,8.38
220,2019-08-03T06:06:00Z,c58cc70d1afc373c8a6e3f7c3c119811a66eadffb08c31c1a7d14769,60.149,24.9843,00000000fffb8cf0,16.1
221,2019-08-03T06:06:00Z,c610929cbac0ff5e4b9328eca264ab813e636a0da62961c35fb88f17,60.14951,24.92138,0000000006dd41f6,7.05
222,2019-08-03T06:06:00Z,c8460358751c10c5ac62d2e456d43740f867a90ed9f3c28debf5e66b,60.149,24.9843,00000000fffb8cf0,10.78
223,2019-08-03T06:06:00Z,c9ef80185174e52cacf9c5e29ddbea56e5ddcde182aa17aa4841f9a4,60.16762,24.95415,000000006b44cce7,5.91
224,2019-08-03T06:06:00Z,cc753e0909b27d710970a09413e2f498733baa192556289be8daeadb,60.14947,24.91438,000000004ef3150d,21.87
225,2019-08-03T06:06:00Z,cd155214e4ba29bff6d219a80adf78220c11896f64f24f7ec130ad0d,60.16897,24.95222,00000000aa852af1,21.87
226,2019-08-03T06:06:00Z,d1b8f6a22431a22e073e410f932ed90ccb68b07f25a0d74bc486bc9f,60.17919,24.95181,000000007b5207b6,6.46
227,2019-08-03T06:06:00Z,d1d199abf7e3816fa304b79ee575b977af3da860c878e6efebe9df5b,60.149,24.9843,00000000fffb8cf0,16.1
228,2019-08-03T06:06:00Z,d3cdad2d1d4a99dcf78f516190b013a25584091b466dbb9f42667a6f,60.16762,24.95415,000000006b44cce7,23.56
229,2019-08-03T06:06:00Z,d5c5a30d8757be018222e51eb372d0582ba7a4d86dae99f0e3fa011e,60.14947,24.91438,000000004ef3150d,17.4
230,2019-08-03T06:06:00Z,d83972a8a45d4bef724a44a84f27159bbd8ecb650934e5ee0ce26eb5,60.14699,24.922,00000000a53ed894,11.7
231,2019-08-03T06:06:00Z,d9bfa0d414dbc3cbdba2f6d5f0e6d20bac837cfefa2b7e1d95d200b2,60.14947,24.91438,000000004ef3150d,11.7
232,2019-08-03T06:06:00Z,da8f462a249316396786fe0e393cf016a680d592cf2d76b4829b3267,60.16897,24.95222,00000000aa852af1,16.1
233,2019-08-03T06:06:00Z,dce6da203dad3500652131b0b7cbadd1405ef1f777e651cafaa3d83a,60.14699,24.922,00000000a53ed894,18.79
234,2019-08-03T06:06:00Z,dd4adfbb738c1fe2c8cb5488f5818da756e46ce50de7119387c52e41,60.16544,24.95398,0000000038d83d41,25.36
235,2019-08-03T06:06:00Z,dd94055ea57140f0415f167d659aa202b1f3daaca4b7ecdc1289c986,60.14947,24.91438,000000004ef3150d,14.89
236,2019-08-03T06:06:00Z,dfcdcfe7f5633499f11f0b07b52e7165e20c8e581991bb0cc0bd871d,60.16544,24.95398,0000000038d83d41,20.28
237,2019-08-03T06:06:00Z,e0f2c6856d0332716a21c6f5d78d73705286340c8cd6221246f8cc37,60.14951,24.92138,0000000006dd41f6,21.87
238,2019-08-03T06:06:00Z,e1a92e26140519a0d42b76c46a499f45c97a7442f106e5b24758b64d,60.14947,24.91438,000000004ef3150d,9.92
239,2019-08-03T06:06:00Z,e1f1b8df38fedec70423a6228ef09d3c72271a24d3ca3aac3ce152fa,60.14699,24.922,00000000a53ed894,11.7
240,2019-08-03T06:06:00Z,e2caab5d89b70057bc306b9a136ac3538b3a0ac696f2fc49617fa523,60.14699,24.922,00000000a53ed894,25.36
241,2019-08-03T06:06:00Z,e38528e68d20b9edc5b078cfc0353d403ae68adbc956e56b41e05d4c,60.14947,24.91438,000000004ef3150d,11.7
242,2019-08-03T06:06:00Z,e48ad98b20dad2d5cacceec2a6474b27df4116ebc8b4ade410557f87,60.14951,24.92138,0000000006dd41f6,29.32
243,2019-08-03T06:06:00Z,e5ff129f1f15a589473fd5096a59d8ea1406b41b1beee8182585ee9d,60.16629,24.95957,00000000fb7600be,25.36
244,2019-08-03T06:06:00Z,e7b139bb463ae9f45ed58230cbfe8e23b346788a8ad0fb980d7161f6,60.14699,24.922,00000000a53ed894,12.69
245,2019-08-03T06:06:00Z,e8fa365ff5dfc66e6ae5ad4d99dc43254ac38b8ba97f171a05270d9b,60.14699,24.922,00000000a53ed894,20.28
246,2019-08-03T06:06:00Z,ea19152ee9f4aac8e50f21c74110aa15c1bd7dee37085a2644c63cf3,60.149,24.9843,00000000fffb8cf0,23.56
247,2019-08-03T06:06:00Z,ea5bc1f604eea3da538994d73171439e392c7e39e0d18f295c1fe6b1,60.17918,24.95141,00000000675d5200,21.87
248,2019-08-03T06:06:00Z,ec6f356050788ec8e4469cd92c8d934352d187304efeaf59ac693174,60.16897,24.95222,00000000aa852af1,18.79
249,2019-08-03T06:06:00Z,ed31ff00d3053b242124e6df5c7d74ed4e02ed79477cd109fd9a57ec,60.14947,24.91438,000000004ef3150d,13.75
250,2019-08-03T06:06:00Z,edf9c0843bc7428fa3e5eb44750461e8a7e0519e2cafba7271aa34a6,60.14699,24.922,00000000a53ed894,20.28
251,2019-08-03T06:06:00Z,f0ad932a56ffa5154b24660bf06f5db9cec79b3f9313871d6116e133,60.149,24.9843,00000000fffb8cf0,25.36
252,2019-08-03T06:06:00Z,f26d7298f28e5958218e6f4279694e80a75fa6bb3c9b1a8ea15cb070,60.1638,24.96846,00000000d747f075,29.32
253,2019-08-03T06:06:00Z,f28cba43d7e77120031dc0e25026dd7628b95e8a69218e1b0f5930e1,60.16762,24.95415,000000006b44cce7,12.69
254,2019-08-03T06:06:00Z,f2caab6c38ef968ce8510b09d973386973996162f7fe4f78920ae6bd,60.14699,24.922,00000000a53ed894,9.12
255,2019-08-03T06:06:00Z,f38ec61f487d6d263c37f1f5da388e15e5bc4ec9f0a110334131b8d7,60.16897,24.95222,00000000aa852af1,16.1
256,2019-08-03T06:06:00Z,f455d49f54ccd70ab81c5bbbc7ecd2590846d06ae7725cc58860a7d5,60.16897,24.95222,00000000aa852af1,18.79
257,2019-08-03T06:06:00Z,f47ce71ea517e3d120f7c2714b24985d481ca26077be10c29ec7ab80,60.14947,24.91438,000000004ef3150d,8.38
258,2019-08-03T06:06:00Z,f5157ad1b9903f625fcd4a189d0027dfe2dec080f167f48db5e6f993,60.14951,24.92138,0000000006dd41f6,17.4
259,2019-08-03T06:06:00Z,f5deb47f252d8b825fb583a735f37c8b4f8e6b09f114516a5a74ec97,60.16762,24.95415,000000006b44cce7,6.46
260,2019-08-03T06:06:00Z,f5fde81b4f4a9a3f7a41baab4049452350a47b3e01c307e8a0537a18,60.1638,24.96846,00000000d747f075,20.28
261,2019-08-03T06:06:00Z,f85d531ffdfee1905b983a419d8d545b4a68a82e7f3a2878ee84c9db,60.18203,24.91341,00000000342570c2,13.75
262,2019-08-03T06:06:00Z,f90ce17b5d41fbd048286c7c74ecc3811ed41f3cd7e04cdeadb19ad7,60.16762,24.95415,000000006b44cce7,6.46
263,2019-08-03T06:06:00Z,f9399339c3de44774896319d3f291771cebcaf2666df1d6062469882,60.16531,24.9442,00000000fdda10fe,38.87
264,2019-08-03T06:06:00Z,f96c6f42dd2b14988a87f85f65fa066c943aba03780f8acdd7817a97,60.16897,24.95222,00000000aa852af1,7.05
265,2019-08-03T06:06:00Z,fb1c8d69b8952a9cbfa408f65ff0a4f774f8795a1a216dda42d79070,60.14947,24.91438,000000004ef3150d,3.4
266,2019-08-03T06:06:00Z,fd454fc993ef1479b6abf54a03bf861a6d538467949587cc5c754260,60.16897,24.95222,00000000aa852af1,17.4
267,2019-08-03T06:06:00Z,ff60823707fe062f4a2b1a739b4087612de04a7b772a647d7b51fad1,60.16544,24.95398,0000000038d83d41,25.36
268,2019-08-03T06:06:01Z,072dc794e212cfe9866e1242d801701f299d36f4aea2da25e22246cc,60.16762,24.95415,000000006b44cce7,9.12
269,2019-08-03T06:06:01Z,126e7fa4dd9205201617bdc0c7c346bfb57e1a75d3d7d3d9c260d51b,60.16897,24.95222,00000000aa852af1,7.05
270,2019-08-03T06:06:01Z,14c7e1511b70f4dd3359cbece1377aebb4d70531f5489eefe53d7c3c,60.16544,24.95398,0000000038d83d41,18.79
271,2019-08-03T06:06:01Z,1d4016aa3cbe96715baeb4ab0e4273652d8cb3609bc4a07aceb57726,60.16762,24.95415,000000006b44cce7,21.87
272,2019-08-03T06:06:01Z,1d513a9eda6958eaa6394ca7a03bb7c0beb946191e40ea22378b96fa,60.16762,24.95415,000000006b44cce7,16.1
273,2019-08-03T06:06:01Z,2a93b61a3863ace54349d7a0937e4134fcc6d4dfcf064eefae2b7cf8,60.15432,24.9211,0000000019fb59c4,14.89
274,2019-08-03T06:06:01Z,2af9f18ec38ddcce3e687bdf1a0e3d95da68f65a2028ee4a3bdeddab,60.15432,24.9211,0000000019fb59c4,21.87
275,2019-08-03T06:06:01Z,2d3f70bf9904705b22193edbe99c008905f24c3a9c9db1fd5cf19119,60.17002,24.94407,000000006b087f40,27.28
276,2019-08-03T06:06:01Z,2eb6062cfc73a77cecd6824d22e10f5ed93f936acbf6aee6080553b1,60.17002,24.94407,000000006b087f40,27.28
277,2019-08-03T06:06:01Z,4186d6da68ebd511be3b61a558ed48d28d1c10eecd472a422b422ca2,60.16544,24.95398,0000000038d83d41,17.4
278,2019-08-03T06:06:01Z,43b676ed3aef4c2d8846694817e76117873be52e7f788e0cb366c1c4,60.16629,24.95957,00000000fb7600be,21.87
279,2019-08-03T06:06:01Z,4459e2b071b64aaae64f5358533fd551fda6e3ce9a674775384b1d3d,60.16897,24.95222,00000000aa852af1,11.7
280,2019-08-03T06:06:01Z,540d9e606dca0ad2dc5068338d211410b8d9100ac30d63cff41e607d,60.14947,24.91438,000000004ef3150d,6.46
281,2019-08-03T06:06:01Z,55486c7cbc7fe90013a13d912b76ac16b72f90eed0e6df18b56e8a3d,60.16544,24.95398,0000000038d83d41,18.79
282,2019-08-03T06:06:01Z,5bbb5184fded3e51bc78e45e39917794285e6bbc72da404802a9599a,60.16531,24.9442,00000000fdda10fe,21.87
283,2019-08-03T06:06:01Z,5d65719c4cbf045f068d084b72302f447d5fd034413d97d13be00d0e,60.18203,24.91341,00000000342570c2,21.87
284,2019-08-03T06:06:01Z,5eed115a984d490b02b602d73787aee8dc8c4e9365b77fbff3818a76,60.16629,24.95957,00000000fb7600be,27.28
285,2019-08-03T06:06:01Z,6f06341f358e61699fe1e55e986dd0554bc8da28b91daf0c5ad99db6,60.16629,24.95957,00000000fb7600be,20.28
286,2019-08-03T06:06:01Z,77839e655f856d5295739c2388237a95b399c3b8a4f659cd1345d939,60.16829,24.94214,00000000afef4555,18.79
287,2019-08-03T06:06:01Z,79f136afa0dd8717337c01c70b457c464aaf0fa25b440f51a394ec23,60.16762,24.95415,000000006b44cce7,17.4
288,2019-08-03T06:06:01Z,7dd0127440ec4930e0c4ec4ebfc65c44af1091f9868c4ce9d1378ad2,60.149,24.9843,00000000fffb8cf0,20.28
289,2019-08-03T06:06:01Z,7df8ec5a88dc8a3821619187191a17a27cf3e1d8ca54bbf372e28bbf,60.16829,24.94214,00000000afef4555,27.28
290,2019-08-03T06:06:01Z,87dfaad29a9276ddddb1fa021d3bc23ad14824c1af16f7d87e713689,60.14951,24.92138,0000000006dd41f6,6.46
291,2019-08-03T06:06:01Z,89982a6acf91b79a282a6b63978e946ee205f303fcd20e944e06baf0,60.16544,24.95398,0000000038d83d41,31.5
292,2019-08-03T06:06:01Z,8c75c3289c84fe4493e1e272a77b615fe1985880c5dc68a7c1a17b53,60.16762,24.95415,000000006b44cce7,9.12
293,2019-08-03T06:06:01Z,8ff60f950161ed884860c37d18e95c683a57d568528f4083008a5dd8,60.15432,24.9211,0000000019fb59c4,11.7
294,2019-08-03T06:06:01Z,9843c6216661048343a0e49cf3d8aa2883cf77f452666a1c873a1052,60.16448,24.97323,0000000053c6c2be,18.79
295,2019-08-03T06:06:01Z,a91d379a4b57c5df22db0d7a041ff69f657b4b31f28554b1011fc03c,60.16544,24.95398,0000000038d83d41,33.81
296,2019-08-03T06:06:01Z,b4faf2d3c4d2b199afeab6ab63b583fe3a2e81e14abbef6917f25129,60.15432,24.9211,0000000019fb59c4,13.75
297,2019-08-03T06:06:01Z,bb52abe4edeb7604c7a55e84373a051fe6adeac1849883eb0877f237,60.15432,24.9211,0000000019fb59c4,13.75
298,2019-08-03T06:06:01Z,bb98768dad0f7c52cf643f035a3e7e48f5cfe28557c66f2a75914b31,60.15432,24.9211,0000000019fb59c4,12.69
299,2019-08-03T06:06:01Z,c40c37def6bf11a63a2556519a7c6233fd417cdeea2cf14f28e7c42c,60.16531,24.9442,00000000fdda10fe,20.28
300,2019-08-03T06:06:01Z,c8d5f6b8a398ea1500cef1a354d7ce505dab154b318d7f32f2fe0d3a,60.16544,24.95398,0000000038d83d41,29.32
301,2019-08-03T06:06:01Z,cf05623e4d87ce0906c0b0b7dbf53aacc1228016cd27c341228b6e76,60.18203,24.91341,00000000342570c2,16.1
302,2019-08-03T06:06:01Z,da3f8a9924ac789c223fe629d063aa23403ffed3bf8166bd44e4d0d0,60.16762,24.95415,000000006b44cce7,17.4
303,2019-08-03T06:06:01Z,ea2af410359f5c862dbc71554cc0b6ea29d823a91db3209fcd2a8c76,60.16762,24.95415,000000006b44cce7,7.69
304,2019-08-03T06:06:01Z,eb24ab9795f788b82685ca2492dd2f1fd9b93d8d15f84b69c3fdf0db,60.16829,24.94214,00000000afef4555,9.12
305,2019-08-03T06:06:01Z,f088630d7476dae7d4b7e2bb1f10575f2c89acb4b6e061f3d57c2b40,60.16531,24.9442,00000000fdda10fe,31.5
306,2019-08-03T06:06:01Z,f6d75fbec9fba4f47d43772bcb1504e9cfcc8b12968b17ce67d488b0,60.18203,24.91341,00000000342570c2,21.87
307,2019-08-03T06:06:01Z,fa174c07354fca0bb5a193097c3a41f5c79ba61efc1b2f1dd7ae2312,60.16762,24.95415,000000006b44cce7,14.89
308,2019-08-03T06:06:01Z,fc4f3a44235f1cfc7b53f14ba2da599976a5a0a220d23b852688e485,60.17919,24.95181,000000007b5207b6,20.28
309,2019-08-03T06:06:01Z,03c9df13b282321a5f4e1d3aeb329b7d85460414ef51f61e9f3a6ca1,60.14699,24.922,00000000a53ed894,16.1
310,2019-08-03T06:06:01Z,03d60e2aa8c58496927d1fa1572eb59624356cf2ffe0ce66ba996b94,60.16762,24.95415,000000006b44cce7,16.1
311,2019-08-03T06:06:01Z,04766d60644a4079ac85801cdf17463d01ff40439e39d13afcb76ab7,60.14699,24.922,00000000a53ed894,10.78
312,2019-08-03T06:06:01Z,05a31f6da9e3fc3f059984684f633c1ce4dc93141ec329e9e067c9fb,60.16762,24.95415,000000006b44cce7,17.4
313,2019-08-03T06:06:01Z,05bde85800b9fd36957efd36d7ee8db2aa16d8ccdc4ab4703c108a38,60.14699,24.922,00000000a53ed894,17.4
314,2019-08-03T06:06:01Z,06d1d89807e3b5812d02d0d471b6e8ed0d7e4cc77fd3121a8186b25b,60.14947,24.91438,000000004ef3150d,5.91
315,2019-08-03T06:06:01Z,076033ed2d113dd2a8535cf7bc38ee736ae95409d856269841e5fa14,60.14699,24.922,00000000a53ed894,16.1
316,2019-08-03T06:06:01Z,08168ae4358f9b11697895bf5c39d2b0f1d377ecf21c52b15f3a9a53,60.16544,24.95398,0000000038d83d41,14.89
317,2019-08-03T06:06:01Z,08dd4daf7473abb0b2f9d82fdee2c392d0c0707fb8bc317626e91511,60.16762,24.95415,000000006b44cce7,23.56
318,2019-08-03T06:06:01Z,0a48d1b25c119174410bdcdacbe784b94e331d2362a0e06b9c55ab74,60.14947,24.91438,000000004ef3150d,3.74
319,2019-08-03T06:06:01Z,0e0c94fe258a8f5e08d3d83c9d5a94b1caf87183f11a50c03f62f95e,60.16829,24.94214,00000000afef4555,23.56
320,2019-08-03T06:06:01Z,0f45d1643f54cc3d3530f77842ef40edb2f3bd55a98cfff9168268af,60.16448,24.97323,0000000053c6c2be,13.75
321,2019-08-03T06:06:01Z,0f57a2ca645c6b049c2e0964b830402dd9d0199a1f6098eb14a10a10,60.16762,24.95415,000000006b44cce7,9.92
322,2019-08-03T06:06:01Z,103016db2a6e682ae4a69528ccd928913c3c0af6113f5112777ca7aa,60.14699,24.922,00000000a53ed894,4.94
323,2019-08-03T06:06:01Z,10a2c778f48aabace15cb49fd4dce4d085273c23b4c217e67a139958,60.173,24.92524,0000000096918cfa,16.1
324,2019-08-03T06:06:01Z,13c117e311e8523b3264f66d30881e85eea80ca3b6e3b50caa7498f7,60.17919,24.95181,000000007b5207b6,11.7
325,2019-08-03T06:06:01Z,154aad0f969764ecc1334eb6b3436bb85a2111cfefd456d954612a5b,60.16762,24.95415,000000006b44cce7,4.5
326,2019-08-03T06:06:01Z,16c2b88e20bfdc97240ec3dc7ecbd5bb3941c35a044bc8ae6a348d74,60.14699,24.922,00000000a53ed894,21.87
327,2019-08-03T06:06:01Z,17d796dd76a6f2e2984b901e4d11add705139f00339351879670348d,60.16762,24.95415,000000006b44cce7,3.09
