,time,hash,latitude,longitude,serial,distance
0,2019-08-04T18:15:00Z,002609eccfa6482109fb43966e0153bf6f371425cf715e49925348dd,60.14699,24.922,00000000a53ed894,14.89
1,2019-08-04T18:15:00Z,0104097a4a93055d6feae9bad4c28bff4954a25c3f3dc183822a2a28,60.16544,24.95398,0000000038d83d41,18.79
2,2019-08-04T18:15:00Z,07f8122078acc2a17ac351f1a53d28f3f5d2d222b8f9052e3849c263,60.16762,24.95415,000000006b44cce7,23.56
3,2019-08-04T18:15:00Z,0dc8c9fd6c6ca193d5326d70d6f9efc1963bcd534fc7c80032f0e192,60.16544,24.95398,0000000038d83d41,23.56
4,2019-08-04T18:15:00Z,128c3841ae21ed958a90184cf9516ebf587ed738203b956ae92a5583,60.16897,24.95222,00000000aa852af1,33.81
5,2019-08-04T18:15:00Z,14c7e1511b70f4dd3359cbece1377aebb4d70531f5489eefe53d7c3c,60.16544,24.95398,0000000038d83d41,25.36
6,2019-08-04T18:15:00Z,165ebbb4090d47319ae370f0d0854fdc1f6b79499f8b2e4d3c3533c0,60.16544,24.95398,0000000038d83d41,23.56
7,2019-08-04T18:15:00Z,18a7cc18e342213704ea064466030587974195a1405c322d3118dcf3,60.14699,24.922,00000000a53ed894,17.4
8,2019-08-04T18:15:00Z,258c63cc427879b69e22ed166d8f90b1c7d38b6b9e8f816db3d28e1e,60.16531,24.9442,00000000fdda10fe,9.92
9,2019-08-04T18:15:00Z,25a7ff811c3c06e426c7c2cbb0433d9a2a3399b23afecbd35584ab0f,60.18203,24.91341,00000000342570c2,11.7
10,2019-08-04T18:15:00Z,297c725b456ef12d2712634b21546721cbe93224d3a5762d897404f2,60.16762,24.95415,000000006b44cce7,11.7
11,2019-08-04T18:15:00Z,2c7447fb0268b612e12243f64ab499d0e98b62adeee251409b316f5c,60.16897,24.95222,00000000aa852af1,25.36
12,2019-08-04T18:15:00Z,2c7cb33a1d5aeed6b1f2e9731589deaaeaa1f23489d56c14fa34eac1,60.14951,24.92138,0000000006dd41f6,18.79
13,2019-08-04T18:15:00Z,354cac7b39d57e39a5b0ab2caa0a1a915a763605fa6631bab8683659,60.16829,24.94214,00000000afef4555,10.78
14,2019-08-04T18:15:00Z,3944bc7a301be7241d1f7bc4a97f221000d535ce3d8a9af9af9b23b5,60.16531,24.9442,00000000fdda10fe,25.36
15,2019-08-04T18:15:00Z,3ac469f4daf250dba38b45af8379bd81ea3fee51eb78f82f83e9858c,60.14947,24.91438,000000004ef3150d,18.79
16,2019-08-04T18:15:00Z,3ecb87c17838ef599f7c9258a1b90ed87e8da4fc54875689868c35f5,60.16544,24.95398,0000000038d83d41,33.81
17,2019-08-04T18:15:00Z,4317f5904a5e6ae921bf743dd534c803083fd90b15a1245881beeade,60.16897,24.95222,00000000aa852af1,25.36
18,2019-08-04T18:15:00Z,43b676ed3aef4c2d8846694817e76117873be52e7f788e0cb366c1c4,60.16629,24.95957,00000000fb7600be,25.36
19,2019-08-04T18:15:00Z,491b2670fa626c719c5624e2a013e9325dd599d02b93ca1a1b0e3416,60.16544,24.95398,0000000038d83d41,14.89
20,2019-08-04T18:15:00Z,4cc94fa651a1dd6d2996a387623ae7d7474a56a699400d45d0d581d2,60.16762,24.95415,000000006b44cce7,17.4
21,2019-08-04T18:15:00Z,5bbb5184fded3e51bc78e45e39917794285e6bbc72da404802a9599a,60.16531,24.9442,00000000fdda10fe,31.5
22,2019-08-04T18:15:00Z,5d65719c4cbf045f068d084b72302f447d5fd034413d97d13be00d0e,60.18203,24.91341,00000000342570c2,20.28
23,2019-08-04T18:15:00Z,5eed115a984d490b02b602d73787aee8dc8c4e9365b77fbff3818a76,60.16629,24.95957,00000000fb7600be,21.87
24,2019-08-04T18:15:00Z,66dabd3229229330d23c70e9e1737429ddfe69db01f4a6a00f70fa20,60.16762,24.95415,000000006b44cce7,20.28
25,2019-08-04T18:15:00Z,6a70e2fbced719333e21eff04fcb9cb36bae9a04d1a3d6ddd96f2c58,60.15432,24.9211,0000000019fb59c4,7.05
26,2019-08-04T18:15:00Z,6ff437688c444238352c28f64f9d2a7d0f14d19c9ea42c225380501e,60.16762,24.95415,000000006b44cce7,18.79
27,2019-08-04T18:15:00Z,737efc92e3419e9d96a8559ec341ea7e18ba6381fd8e4de3d06f82a0,60.14951,24.92138,0000000006dd41f6,21.87
28,2019-08-04T18:15:00Z,747f2d1ebff218c0ebbdc0fdaef4cbe56633dfb46ae1b1f8c8142201,60.16762,24.95415,000000006b44cce7,14.89
29,2019-08-04T18:15:00Z,77fa23db90c6958e3854966083bac2b8dc1d0956757a06b8484b0613,60.16544,24.95398,0000000038d83d41,20.28
30,2019-08-04T18:15:00Z,7856cd9a8241b470ce46295386b13c33e1948a956b3f18b7b3497cdb,60.16762,24.95415,000000006b44cce7,11.7
31,2019-08-04T18:15:00Z,79f136afa0dd8717337c01c70b457c464aaf0fa25b440f51a394ec23,60.16762,24.95415,000000006b44cce7,13.75
32,2019-08-04T18:15:00Z,87dfaad29a9276ddddb1fa021d3bc23ad14824c1af16f7d87e713689,60.14951,24.92138,0000000006dd41f6,23.56
33,2019-08-04T18:15:00Z,89514d693b1bede7d473d1b7d714829147cb42615145a8351c675525,60.14699,24.922,00000000a53ed894,18.79
34,2019-08-04T18:15:00Z,89982a6acf91b79a282a6b63978e946ee205f303fcd20e944e06baf0,60.16544,24.95398,0000000038d83d41,21.87
35,2019-08-04T18:15:00Z,8cc6ddaa460aeae8cc9e8a33f91a01c8cd4c0c8bf8a943210a28c84d,60.16897,24.95222,00000000aa852af1,27.28
36,2019-08-04T18:15:00Z,95fd27de029b7a4264f2beddb4b660c1626a5fd1f1c3f0876f170df6,60.16762,24.95415,000000006b44cce7,16.1
37,2019-08-04T18:15:00Z,98239bf94ef54f747154b6cbe79cdbf3b87a27880fd23e82c8465dd2,60.14699,24.922,00000000a53ed894,10.78
38,2019-08-04T18:15:00Z,9843c6216661048343a0e49cf3d8aa2883cf77f452666a1c873a1052,60.16448,24.97323,0000000053c6c2be,13.75
39,2019-08-04T18:15:00Z,a5b24a7a513ec1f30f0052b3b3d041a94ce7989a09244e705e5178b7,60.16762,24.95415,000000006b44cce7,14.89
40,2019-08-04T18:15:00Z,a5fcc6da227b4cbebb740035e2aaf6e023ba13b8e2a615f32ea8b8be,60.16762,24.95415,000000006b44cce7,12.69
41,2019-08-04T18:15:00Z,a91d379a4b57c5df22db0d7a041ff69f657b4b31f28554b1011fc03c,60.16544,24.95398,0000000038d83d41,29.32
42,2019-08-04T18:15:00Z,ae556011c511e79ed2daac915308eebfe8e1f17c56850f7a1fc92ce1,60.14699,24.922,00000000a53ed894,27.28
43,2019-08-04T18:15:00Z,b3b17bf82f820d254d30fe39c17e00651c61c59dddae585cd8b918c0,60.1538,24.95595,0000000038bf9618,29.32
44,2019-08-04T18:15:00Z,b5fd6b317890e5ab2d79e2cd1abe61626d45a753c7337d0d40728898,60.16762,24.95415,000000006b44cce7,7.69
45,2019-08-04T18:15:00Z,b7ccc36366d34cdd80f5c1a2407ed073a7662e52824439003817e391,60.17002,24.94407,000000006b087f40,33.81
46,2019-08-04T18:15:00Z,b90577926dd52437738dad5f00d4049f63b26d870442dd6efe495a67,60.14699,24.922,00000000a53ed894,16.1
47,2019-08-04T18:15:00Z,bb98768dad0f7c52cf643f035a3e7e48f5cfe28557c66f2a75914b31,60.14699,24.922,00000000a53ed894,17.4
48,2019-08-04T18:15:00Z,bd01ac8fc2992e9ca32f28c1f1b22983845e90918ba97584017978aa,60.14699,24.922,00000000a53ed894,9.92
49,2019-08-04T18:15:00Z,bddeb29d971bd9472fcb760695040f402a4239acfa65c4d1a1631922,60.16897,24.95222,00000000aa852af1,27.28
50,2019-08-04T18:15:00Z,c0d98967e7575c7d0727764e04702297809bbfe2877f0afc62112028,60.16762,24.95415,000000006b44cce7,12.69
51,2019-08-04T18:15:00Z,cf05623e4d87ce0906c0b0b7dbf53aacc1228016cd27c341228b6e76,60.18203,24.91341,00000000342570c2,17.4
52,2019-08-04T18:15:00Z,d366aa1925472f34a389921734c1777d6d7c2e812b0f284d78697edf,60.1538,24.95595,0000000038bf9618,25.36
53,2019-08-04T18:15:00Z,d466739295da5e108e9f8a1a4f387f1cec8bde1ff3a78529697bdcc2,60.16829,24.94214,00000000afef4555,25.36
54,2019-08-04T18:15:00Z,d73d0854198e184ee42ff4f9e9da255df0af90985363aea6a02d33d7,60.16762,24.95415,000000006b44cce7,8.38
55,2019-08-04T18:15:00Z,e0bc4d0931367e2495e60939ca037904e91051ee3148fa627aed8b83,60.14947,24.91438,000000004ef3150d,12.69
56,2019-08-04T18:15:00Z,f6609ab1076b1105bb845595a03b41b8fbb282f79c337df5bbc9f841,60.14699,24.922,00000000a53ed894,14.89
57,2019-08-04T18:15:00Z,fc4f3a44235f1cfc7b53f14ba2da599976a5a0a220d23b852688e485,60.17919,24.95181,000000007b5207b6,29.32
58,2019-08-04T18:15:00Z,0034c398775d5f780a71ca2eecccb7c5da2c99494d8693c7b3dc722d,60.14947,24.91438,000000004ef3150d,6.46
59,2019-08-04T18:15:00Z,020d4b1f6509c5168c7d2f3aa19ee530e2dc30237ba2cfd9837e742c,60.14947,24.91438,000000004ef3150d,7.69
60,2019-08-04T18:15:00Z,06b57757d734c21d156f971a047b47f084bd8d3bc0cf5d558f52a762,60.18203,24.91341,00000000342570c2,25.36
61,2019-08-04T18:15:00Z,0823c750f3f07d65007d09844cb3f6ae322c9b7e3cff7c5f10eed6da,60.173,24.92524,0000000096918cfa,21.87
62,2019-08-04T18:15:00Z,0a494d847a2e0d378f9ee9b3e5b9d20f4cf7f6d5b6df28b735e313cb,60.14951,24.92138,0000000006dd41f6,23.56
63,2019-08-04T18:15:00Z,156551e01eb5b35cece769f9dab683045703476f5e97f9a6215e8163,60.17918,24.95141,00000000675d5200,9.12
64,2019-08-04T18:15:00Z,1668613e768a1ce1a42e5e5065656a9d9f23db24c55b507cf83a3bca,60.16762,24.95415,000000006b44cce7,10.78
65,2019-08-04T18:15:00Z,1aab491820050c5cfc3505eb67e0ed41926c9d909f0a8e5465d5bf97,60.1538,24.95595,0000000038bf9618,27.28
66,2019-08-04T18:15:00Z,1b0d87367a8b5cc32441ea89bf9186667d2bb6e98848ce684c235251,60.16762,24.95415,000000006b44cce7,20.28
67,2019-08-04T18:15:00Z,1d7b3c35750a8b047dee6e70bb5e0c4623e70a2179ae19c1ddf01000,60.1538,24.95595,0000000038bf9618,16.1
68,2019-08-04T18:15:00Z,1dacfb371d75dd4f90f447aac2a00faad98beb4188a6971c19eb2375,60.16629,24.95957,00000000fb7600be,21.87
69,2019-08-04T18:15:00Z,1fa736fc95fb724cf30e91d6e8f55fb44afd1ad7b275b1dac1cd285f,60.16075,24.95883,00000000f1124bca,33.81
70,2019-08-04T18:15:00Z,1faaaeff6423708e06d94b904af4be93e399939fbdfd3b3091dc8bd2,60.15432,24.9211,0000000019fb59c4,12.69
71,2019-08-04T18:15:00Z,1fc183dcac1edec9759ff1e587616153e2319a79b4242db19335d867,60.17065,24.93641,000000000f4919c9,27.28
72,2019-08-04T18:15:00Z,24b809f20138a3db88337b5fddc5166d6300f4707862baf4fddd07a2,60.16762,24.95415,000000006b44cce7,18.79
73,2019-08-04T18:15:00Z,254e9b9512b6f350eb6e5125230f382e9434169d73cf0cd709d9d9f7,60.16531,24.9442,00000000fdda10fe,9.92
74,2019-08-04T18:15:00Z,2bc7a51063c2a98bd8e121ac88870f0cdab1804af4053109a61df588,60.16762,24.95415,000000006b44cce7,17.4
75,2019-08-04T18:15:00Z,2cd5f76de592b12006ce8a9306569e990b241e2a092c28e611a2375f,60.16531,24.9442,00000000fdda10fe,14.89
76,2019-08-04T18:15:00Z,2e4b7b276c2419ce8ce8523728f9aa0d5d58d71437015f4660a3baef,60.17065,24.93641,000000000f4919c9,38.87
77,2019-08-04T18:15:00Z,2e5ae3385dc86fd3d9151b5b0b667496cbe8b1cb848397c08a808310,60.16448,24.97323,0000000053c6c2be,13.75
78,2019-08-04T18:15:00Z,2fb6b6d8bd590cadb1cd3d70f9921c09f333c05ca944b2e7e9e0c351,60.17002,24.94407,000000006b087f40,33.81
79,2019-08-04T18:15:00Z,300039cce527b65385a0b1fcc64e4963f44dba4d5d6e518ffc478680,60.16897,24.95222,00000000aa852af1,38.87
80,2019-08-04T18:15:00Z,30bb7a022bf0fe1a2b3c4935e6f906bc07aff31bc4edc4efde4aca5c,60.17002,24.94407,000000006b087f40,21.87
81,2019-08-04T18:15:00Z,3460b998cbcd7a8ae29328f25277647c1796775713c0fbccc8f23116,60.17002,24.94407,000000006b087f40,29.32
82,2019-08-04T18:15:00Z,34b451191e41936b2548deb57b8f0b5314ece2183033531b29d72878,60.14947,24.91438,000000004ef3150d,16.1
83,2019-08-04T18:15:00Z,3c0cfafa420921391d1c8732f184adb7b81bde6974784b9869610394,60.16762,24.95415,000000006b44cce7,14.89
84,2019-08-04T18:15:00Z,3d8f8389f12d94a23043c127711dbb12e4fb46b78441772bf5beec50,60.149,24.9843,00000000fffb8cf0,14.89
85,2019-08-04T18:15:00Z,407eecdb8fd6ec20b021365e3a4b6f7d527c22048b557b8e2cb7b0f4,60.14699,24.922,00000000a53ed894,21.87
86,2019-08-04T18:15:00Z,41d50cc7fde9037bf1a86c30f7cc9c28ff3f01c9a35d1acd1bd9bc79,60.14947,24.91438,000000004ef3150d,3.09
87,2019-08-04T18:15:00Z,45362e48ee524fe5a638454b22938e06f2a3af6882310e49f0e50671,60.17002,24.94407,000000006b087f40,31.5
88,2019-08-04T18:15:00Z,464fa6998dbc28d3a5a772bcc9d00f988e9900e4186942b32dc45b4e,60.14947,24.91438,000000004ef3150d,20.28
89,2019-08-04T18:15:00Z,4ad45505a1f0c0870b3b2b0b5f18b821f54a0a3af94c40e40ec2ed2d,60.16897,24.95222,00000000aa852af1,21.87
90,2019-08-04T18:15:00Z,4e3be6c071722c077b3272004177b1a045003ee1fd6a856ab68a54c4,60.16762,24.95415,000000006b44cce7,1.88
91,2019-08-04T18:15:00Z,52e11beac2f3bb73fb96d8b70ba019b83a01faf19861c569a235c73d,60.14947,24.91438,000000004ef3150d,18.79
92,2019-08-04T18:15:00Z,54257c41216ea68b5acd985c8955f6f5fea0966131fabef380a0dc29,60.16897,24.95222,00000000aa852af1,9.12
93,2019-08-04T18:15:00Z,56df23361d98be7aad7f00ac48267b1fd4231ce876b340c52af7d34e,60.18203,24.91341,00000000342570c2,21.87
94,2019-08-04T18:15:00Z,584cb0b0cdd14e608c8b57c8aecc9826f9b40027e365e2438a444ea2,60.16762,24.95415,000000006b44cce7,18.79
95,2019-08-04T18:15:00Z,58bf2e42de39c17035124313b294ec15a93ddcb5e3b4edcd492778ef,60.16762,24.95415,000000006b44cce7,10.78
96,2019-08-04T18:15:00Z,5c29b28045ebd4cce59533d3ee64f51572407205cc92049ff22ab481,60.14947,24.91438,000000004ef3150d,13.75
97,2019-08-04T18:15:00Z,5d4acfd65d705cdb204f1b405609873c917e50d81f521bd7cfe5ed28,60.149,24.9843,00000000fffb8cf0,29.32
98,2019-08-04T18:15:00Z,5e3f0dd9525d0f1179db8050a831257e6d5cece4b4dd77c2a2bd54e6,60.14947,24.91438,000000004ef3150d,4.94
99,2019-08-04T18:15:00Z,63f00766796d03faecf72e12f528cb62d4ff3593ab49f4068c9f481a,60.14947,24.91438,000000004ef3150d,4.94
100,2019-08-04T18:15:00Z,660ffbb2ddd9368232832a1257447d085ab247fd389dbbee66ad1ce8,60.16629,24.95957,00000000fb7600be,29.32
101,2019-08-04T18:15:00Z,663d18d3fb2043ba085b359f3c85f01b56b38c83b293988593f73de1,60.17918,24.95141,00000000675d5200,23.56
102,2019-08-04T18:15:00Z,692cb1e58e47465a67ac2f3b75ce3517205810ea47dd5dd13ed3ed51,60.16762,24.95415,000000006b44cce7,13.75
103,2019-08-04T18:15:00Z,6b5503bda43ea40971d8e54d2be3de0cf2cbe5fa8617927f6278dfe7,60.14947,24.91438,000000004ef3150d,4.5
104,2019-08-04T18:15:00Z,6d8e326400db36785236a3bf242ebbbc7d06d9fb022be22891f74e71,60.16897,24.95222,00000000aa852af1,27.28
105,2019-08-04T18:15:00Z,6dc840f84f8e9fa79315028fe6a64597df0a8e69860f4e432f268913,60.14947,24.91438,000000004ef3150d,13.75
106,2019-08-04T18:15:00Z,7227fb76c841fb8706bbfbbf6b245f06eeb8568304049f1e06222476,60.16531,24.9442,00000000fdda10fe,8.38
107,2019-08-04T18:15:00Z,74cb545f76f0bfc5498607247e26e814276a11ce91f77208054ecbc5,60.17002,24.94407,000000006b087f40,33.81
108,2019-08-04T18:15:00Z,77d10e3458a0bc73832da135512188fee92e52d1b7e34cd41f7403b7,60.14947,24.91438,000000004ef3150d,7.69
109,2019-08-04T18:15:00Z,79cdfc4fdbbda4b40f6ca7bd34be14c15ec24fc14428f8bdc77c89c5,60.14947,24.91438,000000004ef3150d,6.46
110,2019-08-04T18:15:00Z,7eff907229fab0171a6113ed0683c86622230b1c0d74c234d67c7383,60.16544,24.95398,0000000038d83d41,21.87
111,2019-08-04T18:15:00Z,85a60e000fd40fa7a7ed062c6f709fd63becd18328a33068c80d3d90,60.1538,24.95595,0000000038bf9618,27.28
112,2019-08-04T18:15:00Z,86f8d2f43960cb966529e4eb740761c94632305d79e4dc4cb24ffe9b,60.16629,24.95957,00000000fb7600be,17.4
113,2019-08-04T18:15:00Z,89c19b07b5e76562f5e55c8674ecefdc56fcf29cd80b3007a68f8cde,60.14947,24.91438,000000004ef3150d,13.75
114,2019-08-04T18:15:00Z,8a09c926d3cd9761f93dada42685230013ef79786f9fe3cc2481adcf,60.149,24.9843,00000000fffb8cf0,20.28
115,2019-08-04T18:15:00Z,8a5a9c5c331e0fcd6a44480ac0ad34f95d7f336aa559411b47edfaff,60.16897,24.95222,00000000aa852af1,16.1
116,2019-08-04T18:15:00Z,8f0140f147ab2bd3eed6b1da8c533a6dedab824e8fc4061689d775b3,60.16762,24.95415,000000006b44cce7,11.7
117,2019-08-04T18:15:00Z,90621e884335755be3931723d708d3c832510f061b80d3ab2923100d,60.18203,24.91341,00000000342570c2,21.87
118,2019-08-04T18:15:00Z,92a4c18f8bd0f809ebad1bc963da9c21f468371ae549a62ae3df0fbe,60.16762,24.95415,000000006b44cce7,8.38
119,2019-08-04T18:15:00Z,938915a49a4a649acc44e1efb4ed996020087b37aa37e26f708e25bf,60.1538,24.95595,0000000038bf9618,16.1
120,2019-08-04T18:15:00Z,939b654bc63957b231d0a4b427521efd9df248194e0bb52aea317184,60.16762,24.95415,000000006b44cce7,9.12
121,2019-08-04T18:15:00Z,98923b1eeae3c4904bcf9bf5aca97511806a6fa14da3ddbd6c9faebe,60.16762,24.95415,000000006b44cce7,14.89
122,2019-08-04T18:15:00Z,9981f69a149e50a511b6cf879aa24962b63579ea074f4def08f1fe16,60.14947,24.91438,000000004ef3150d,16.1
123,2019-08-04T18:15:00Z,9a2611c54a190741955110abcc4268158f19221fe1016e2b94f9dfb8,60.149,24.9843,00000000fffb8cf0,29.32
124,2019-08-04T18:15:00Z,9b463db59e13628ac42802bcb3cb9fc3b304a7f80fb01c94da4c486e,60.16762,24.95415,000000006b44cce7,3.74
125,2019-08-04T18:15:00Z,a22b00bf94d00de49fd4e83f34d2f0e8970f81a622956dbda2939b5e,60.14947,24.91438,000000004ef3150d,4.94
126,2019-08-04T18:15:00Z,a24eeb3f57c1ec9429b2db58d2b9f404a75f8e88cb0b47289f763f41,60.16762,24.95415,000000006b44cce7,9.92
127,2019-08-04T18:15:00Z,a2d66e57df02dd3817875d0cae1fa7fbfc083b7f04b5340b46214747,60.16762,24.95415,000000006b44cce7,14.89
128,2019-08-04T18:15:00Z,a2dfcf5a253a3a1f084add676d884e986819f5eeb1a84db9a57923b6,60.16531,24.9442,00000000fdda10fe,33.81
129,2019-08-04T18:15:00Z,a50c7ded870a4c12813ceee705dec37fe5a8b9c1500deb78b6649c39,60.1538,24.95595,0000000038bf9618,20.28
130,2019-08-04T18:15:00Z,a57923de9c6e9ba04d881cc7e434f257ba2adbe38ea8f39a03eee87a,60.149,24.9843,00000000fffb8cf0,27.28
131,2019-08-04T18:15:00Z,a88b49ff9c152ef1754549a3dedc23be3d5d39b7fff141e978793a90,60.16762,24.95415,000000006b44cce7,10.78
132,2019-08-04T18:15:00Z,a9de212f22a4c4dbb7fdb81f0ac777b8cb7ed80ff7c52a9c03e70a30,60.14947,24.91438,000000004ef3150d,8.38
133,2019-08-04T18:15:00Z,b765e37a6a1e0ad72e50d03ea490d62ecdf427d8c684b2229a5b6359,60.16897,24.95222,00000000aa852af1,9.12
134,2019-08-04T18:15:00Z,bc07df8cc395f6f4f5d483b2233caca5f93a6918f346e4cc3702f8cc,60.16531,24.9442,00000000fdda10fe,7.05
135,2019-08-04T18:15:00Z,bd01c27940ae54e0f59d15ddad8db8c164c605b3fb2c2c0d9ae0c3e5,60.16829,24.94214,00000000afef4555,3.09
136,2019-08-04T18:15:00Z,bdf6829f6436100d18f4489a7a46ec10db29a292d16f9945962fee46,60.14947,24.91438,000000004ef3150d,2.8
137,2019-08-04T18:15:00Z,c0a0ca3433586ed2ae0e448f2406fabac7292ac79d49562e0bd5cef8,60.16762,24.95415,000000006b44cce7,16.1
138,2019-08-04T18:15:00Z,c1978b7fccccd7be1041ea342ffac2680714484bd52354bce3a7b038,60.17002,24.94407,000000006b087f40,20.28
139,2019-08-04T18:15:00Z,c1d8d3606034ec531ab6caef4eaaf41133901121a762e034fd6a7df2,60.14947,24.91438,000000004ef3150d,5.41
140,2019-08-04T18:15:00Z,c1da0750a00f73b240b5991cf07be24590000f74d7665bcc8d14e9fe,60.16629,24.95957,00000000fb7600be,25.36
141,2019-08-04T18:15:00Z,c22371cab8d75cc66828a150cf792f0412e057c064d05228735cd855,60.14947,24.91438,000000004ef3150d,17.4
142,2019-08-04T18:15:00Z,c2c0215538cde68b59894be2271929654ce763a20d539b8ec669e554,60.16762,24.95415,000000006b44cce7,14.89
143,2019-08-04T18:15:00Z,c32a4b7a6e3de027fc2fd520b8505e28d61927d4e08a7cb8db731cfd,60.18203,24.91341,00000000342570c2,31.5
144,2019-08-04T18:15:00Z,c3d2c30ed49d7e8d8c231ee7bae79f25c4f9957a6e1bb2fcf71a1742,60.16544,24.95398,0000000038d83d41,14.89
145,2019-08-04T18:15:00Z,c4014288139987e52ed9f6e7079a66ac31175e6a82b78129a861248d,60.16829,24.94214,00000000afef4555,13.75
146,2019-08-04T18:15:00Z,c66bebd5c18f0a4e7fe55960843797e0083edf8635522bc567462855,60.16762,24.95415,000000006b44cce7,18.79
147,2019-08-04T18:15:00Z,c6af8b787ea7e637623df563ed45040a4213c1f80c217bc08cf9d2d1,60.16762,24.95415,000000006b44cce7,14.89
148,2019-08-04T18:15:00Z,c73ebd9c28d7fac34a2437ab8999309371514496ad90b774bc4f8f89,60.16829,24.94214,00000000afef4555,13.75
149,2019-08-04T18:15:00Z,c977fa596f6bbb096ed4d1719bebf10429605b97215e3b2a4b492dfa,60.149,24.9843,00000000fffb8cf0,14.89
150,2019-08-04T18:15:00Z,cd74bf3943ee8994c3241a8011cd6080fd4254c7a9e3649df2875c8c,60.16897,24.95222,00000000aa852af1,23.56
151,2019-08-04T18:15:00Z,ce129b0151d3b8ccdde20ce32583775f389c08c5efdb1536031b3685,60.16762,24.95415,000000006b44cce7,20.28
152,2019-08-04T18:15:00Z,cfbc5ebf3c67f5b86a46fa0756c522aa3997e6a192e6b4566fac36bc,60.16829,24.94214,00000000afef4555,21.87
153,2019-08-04T18:15:00Z,d02ad36b793dcf5c4f4c439a3a94791da67846d87833e8b0b4ec2a1a,60.15432,24.9211,0000000019fb59c4,18.79
154,2019-08-04T18:15:00Z,d0f1e2c39c7d2c400072c62c06ebedff3630afd016244eb6b4dabaaa,60.16762,24.95415,000000006b44cce7,7.05
155,2019-08-04T18:15:00Z,d1ef1fc9ac36aa1b3ee1fa9b6e0602125fbb73e0dbba21bd5e655500,60.16762,24.95415,000000006b44cce7,3.74
156,2019-08-04T18:15:00Z,d22030ac0ad5e2d1a1e242781062dc7872738a3339a5c40fe85ddec1,60.14947,24.91438,000000004ef3150d,20.28
157,2019-08-04T18:15:00Z,d2e3776c12df6fd5258ce16cc8af6915bcc90e779809efb0afd8f103,60.16897,24.95222,00000000aa852af1,12.69
158,2019-08-04T18:15:00Z,d5575630c4b610d95f79e6ee0839cb236498811b7eb3d210b41320dc,60.149,24.9843,00000000fffb8cf0,14.89
159,2019-08-04T18:15:00Z,db1f708e966c20b2a235eee27c348bd27560eebb732be45bde1f27f5,60.149,24.9843,00000000fffb8cf0,38.87
160,2019-08-04T18:15:00Z,db1fbfda05758c990b42bbec8192bdff76fc410d9b5c5fdbba82567e,60.16448,24.97323,0000000053c6c2be,23.56
161,2019-08-04T18:15:00Z,dd33eedd30fcbf8ac61603382d6b155c225eca7c6c01c433eb21e2aa,60.149,24.9843,00000000fffb8cf0,17.4
162,2019-08-04T18:15:00Z,e074fdf7171aca6999abd749fac1d0498256b186c884d8e5579ae57f,60.16762,24.95415,000000006b44cce7,7.05
163,2019-08-04T18:15:00Z,e12842f3cd64e707a7c2644cd72ca70b1293979b975af32d000b5418,60.16762,24.95415,000000006b44cce7,9.12
164,2019-08-04T18:15:00Z,e146a005895fb34bd6ba171e992a110e3768e607872add67faa900fa,60.16762,24.95415,000000006b44cce7,17.4
165,2019-08-04T18:15:00Z,e574e77b18bdeb8509ede2bb85e20b5f8e4ec71d01bf8861225e1b49,60.16897,24.95222,00000000aa852af1,12.69
166,2019-08-04T18:15:00Z,e73d24608102541231f278c0cc3e4c18585a5d82f057e069396ae39d,60.14947,24.91438,000000004ef3150d,8.38
167,2019-08-04T18:15:00Z,e80477155cb38de1585675ecd61a385c3c60792d63fee3525f8ba4f7,60.14699,24.922,00000000a53ed894,8.38
168,2019-08-04T18:15:00Z,e9b693ddb01ced301255eb9cc9edad33c6890d98dc7f6c624db43adb,60.17002,24.94407,000000006b087f40,27.28
169,2019-08-04T18:15:00Z,ec06fbceed967023736387823515703b05af17ddd59cf5da0bc3fc27,60.1538,24.95595,0000000038bf9618,11.7
170,2019-08-04T18:15:00Z,ed714fcb38124314f5574617b666790cc778c0837b528c5624a43c5c,60.14947,24.91438,000000004ef3150d,21.87
171,2019-08-04T18:15:00Z,ed7153e813bffab35b205edf1b426805a7d45b46f4e4a4cffc2134fa,60.14947,24.91438,000000004ef3150d,17.4
172,2019-08-04T18:15:00Z,ef4b37eebb7df106bff83106c4be5d57c63ea846a092bb251d375143,60.1538,24.95595,0000000038bf9618,13.75
173,2019-08-04T18:15:00Z,f3b1dc09f3339e5ef8918d9feeb71436dac63424739d596bf9d792e3,60.14951,24.92138,0000000006dd41f6,25.36
174,2019-08-04T18:15:00Z,f59dbe0ee741c92035688a105d234545448998cd0126017689530f39,60.14947,24.91438,000000004ef3150d,5.91
175,2019-08-04T18:15:00Z,f8a6df2982db5b409d806c7997a34acd1d396e560b2d610b4db11ca3,60.16897,24.95222,00000000aa852af1,17.4
176,2019-08-04T18:15:00Z,f99935bf4834128f45e3d6ad48c0936e853555b4127e45ffa737655f,60.16629,24.95957,00000000fb7600be,21.87
177,2019-08-04T18:15:00Z,ffab64d0d18dfd85c8be07ae7d5fa7b46c947e924937921eb14dc34f,60.149,24.9843,00000000fffb8cf0,16.1
178,2019-08-04T18:15:01Z,002609eccfa6482109fb43966e0153bf6f371425cf715e49925348dd,60.14699,24.922,00000000a53ed894,17.4
179,2019-08-04T18:15:01Z,0104097a4a93055d6feae9bad4c28bff4954a25c3f3dc183822a2a28,60.16544,24.95398,0000000038d83d41,23.56
180,2019-08-04T18:15:01Z,07f8122078acc2a17ac351f1a53d28f3f5d2d222b8f9052e3849c263,60.16762,24.95415,000000006b44cce7,18.79
181,2019-08-04T18:15:01Z,0dc8c9fd6c6ca193d5326d70d6f9efc1963bcd534fc7c80032f0e192,60.16544,24.95398,0000000038d83d41,25.36
182,2019-08-04T18:15:01Z,14c7e1511b70f4dd3359cbece1377aebb4d70531f5489eefe53d7c3c,60.16544,24.95398,0000000038d83d41,18.79
183,2019-08-04T18:15:01Z,165ebbb4090d47319ae370f0d0854fdc1f6b79499f8b2e4d3c3533c0,60.16544,24.95398,0000000038d83d41,27.28
184,2019-08-04T18:15:01Z,18a7cc18e342213704ea064466030587974195a1405c322d3118dcf3,60.14699,24.922,00000000a53ed894,14.89
185,2019-08-04T18:15:01Z,18bb22f4cfa62f58499d7a70c9960334c444c09abf1ea21641ada0e2,60.17002,24.94407,000000006b087f40,38.87
186,2019-08-04T18:15:01Z,258c63cc427879b69e22ed166d8f90b1c7d38b6b9e8f816db3d28e1e,60.16531,24.9442,00000000fdda10fe,18.79
187,2019-08-04T18:15:01Z,25a7ff811c3c06e426c7c2cbb0433d9a2a3399b23afecbd35584ab0f,60.18203,24.91341,00000000342570c2,14.89
188,2019-08-04T18:15:01Z,297c725b456ef12d2712634b21546721cbe93224d3a5762d897404f2,60.16762,24.95415,000000006b44cce7,14.89
189,2019-08-04T18:15:01Z,2c7447fb0268b612e12243f64ab499d0e98b62adeee251409b316f5c,60.16897,24.95222,00000000aa852af1,23.56
190,2019-08-04T18:15:01Z,2c7cb33a1d5aeed6b1f2e9731589deaaeaa1f23489d56c14fa34eac1,60.14951,24.92138,0000000006dd41f6,20.28
191,2019-08-04T18:15:01Z,354cac7b39d57e39a5b0ab2caa0a1a915a763605fa6631bab8683659,60.16829,24.94214,00000000afef4555,27.28
192,2019-08-04T18:15:01Z,3944bc7a301be7241d1f7bc4a97f221000d535ce3d8a9af9af9b23b5,60.16531,24.9442,00000000fdda10fe,23.56
193,2019-08-04T18:15:01Z,3ac469f4daf250dba38b45af8379bd81ea3fee51eb78f82f83e9858c,60.14947,24.91438,000000004ef3150d,25.36
194,2019-08-04T18:15:01Z,3f94c08b15ac8a336deb9fba5af4778c4bc500b0ce75e19e9a79eeb4,60.14951,24.92138,0000000006dd41f6,14.89
195,2019-08-04T18:15:01Z,43b676ed3aef4c2d8846694817e76117873be52e7f788e0cb366c1c4,60.16629,24.95957,00000000fb7600be,27.28
196,2019-08-04T18:15:01Z,491b2670fa626c719c5624e2a013e9325dd599d02b93ca1a1b0e3416,60.16544,24.95398,0000000038d83d41,16.1
197,2019-08-04T18:15:01Z,4cc94fa651a1dd6d2996a387623ae7d7474a56a699400d45d0d581d2,60.16762,24.95415,000000006b44cce7,18.79
198,2019-08-04T18:15:01Z,5b0f38b2fd0969676f3a8bfdc5e2c5eb0b47cc9f9c1ad42c526f101a,60.16762,24.95415,000000006b44cce7,20.28
199,2019-08-04T18:15:01Z,5bbb5184fded3e51bc78e45e39917794285e6bbc72da404802a9599a,60.16531,24.9442,00000000fdda10fe,25.36
200,2019-08-04T18:15:01Z,5d65719c4cbf045f068d084b72302f447d5fd034413d97d13be00d0e,60.18203,24.91341,00000000342570c2,18.79
201,2019-08-04T18:15:01Z,6066632ddc94b5c482a2d4f45ed2532e55e3fd63e414a084a596a737,60.16762,24.95415,000000006b44cce7,21.87
202,2019-08-04T18:15:01Z,66485d7dc1d9894d92d45c43c07ca41b0c1356470ebc7cb261fb81cc,60.14951,24.92138,0000000006dd41f6,16.1
203,2019-08-04T18:15:01Z,66dabd3229229330d23c70e9e1737429ddfe69db01f4a6a00f70fa20,60.16762,24.95415,000000006b44cce7,21.87
204,2019-08-04T18:15:01Z,6a70e2fbced719333e21eff04fcb9cb36bae9a04d1a3d6ddd96f2c58,60.15432,24.9211,0000000019fb59c4,7.69
205,2019-08-04T18:15:01Z,6ff437688c444238352c28f64f9d2a7d0f14d19c9ea42c225380501e,60.16762,24.95415,000000006b44cce7,27.28
206,2019-08-04T18:15:01Z,737efc92e3419e9d96a8559ec341ea7e18ba6381fd8e4de3d06f82a0,60.14951,24.92138,0000000006dd41f6,21.87
207,2019-08-04T18:15:01Z,764b18f2619bd0b14d8426810727aa3f13a9b753e6f58dd333477152,60.16531,24.9442,00000000fdda10fe,25.36
208,2019-08-04T18:15:01Z,77fa23db90c6958e3854966083bac2b8dc1d0956757a06b8484b0613,60.16544,24.95398,0000000038d83d41,20.28
209,2019-08-04T18:15:01Z,7856cd9a8241b470ce46295386b13c33e1948a956b3f18b7b3497cdb,60.16762,24.95415,000000006b44cce7,13.75
210,2019-08-04T18:15:01Z,79f136afa0dd8717337c01c70b457c464aaf0fa25b440f51a394ec23,60.16762,24.95415,000000006b44cce7,11.7
211,2019-08-04T18:15:01Z,7b0161728235a5ae8ab965ad670c34d640fdd76aa238943cc640c875,60.17002,24.94407,000000006b087f40,29.32
212,2019-08-04T18:15:01Z,87dfaad29a9276ddddb1fa021d3bc23ad14824c1af16f7d87e713689,60.14951,24.92138,0000000006dd41f6,11.7
213,2019-08-04T18:15:01Z,89514d693b1bede7d473d1b7d714829147cb42615145a8351c675525,60.14699,24.922,00000000a53ed894,17.4
214,2019-08-04T18:15:01Z,89982a6acf91b79a282a6b63978e946ee205f303fcd20e944e06baf0,60.16544,24.95398,0000000038d83d41,23.56
215,2019-08-04T18:15:01Z,8c75c3289c84fe4493e1e272a77b615fe1985880c5dc68a7c1a17b53,60.16762,24.95415,000000006b44cce7,18.79
216,2019-08-04T18:15:01Z,8cc6ddaa460aeae8cc9e8a33f91a01c8cd4c0c8bf8a943210a28c84d,60.16897,24.95222,00000000aa852af1,31.5
217,2019-08-04T18:15:01Z,95fd27de029b7a4264f2beddb4b660c1626a5fd1f1c3f0876f170df6,60.16762,24.95415,000000006b44cce7,18.79
218,2019-08-04T18:15:01Z,98239bf94ef54f747154b6cbe79cdbf3b87a27880fd23e82c8465dd2,60.14699,24.922,00000000a53ed894,9.92
219,2019-08-04T18:15:01Z,9843c6216661048343a0e49cf3d8aa2883cf77f452666a1c873a1052,60.16448,24.97323,0000000053c6c2be,14.89
220,2019-08-04T18:15:01Z,a5b24a7a513ec1f30f0052b3b3d041a94ce7989a09244e705e5178b7,60.16762,24.95415,000000006b44cce7,9.12
221,2019-08-04T18:15:01Z,a5fcc6da227b4cbebb740035e2aaf6e023ba13b8e2a615f32ea8b8be,60.16762,24.95415,000000006b44cce7,13.75
222,2019-08-04T18:15:01Z,ae556011c511e79ed2daac915308eebfe8e1f17c56850f7a1fc92ce1,60.14699,24.922,00000000a53ed894,25.36
223,2019-08-04T18:15:01Z,b3b17bf82f820d254d30fe39c17e00651c61c59dddae585cd8b918c0,60.1538,24.95595,0000000038bf9618,29.32
224,2019-08-04T18:15:01Z,b5fd6b317890e5ab2d79e2cd1abe61626d45a753c7337d0d40728898,60.16762,24.95415,000000006b44cce7,7.05
225,2019-08-04T18:15:01Z,b7ccc36366d34cdd80f5c1a2407ed073a7662e52824439003817e391,60.17002,24.94407,000000006b087f40,38.87
226,2019-08-04T18:15:01Z,b90577926dd52437738dad5f00d4049f63b26d870442dd6efe495a67,60.14699,24.922,00000000a53ed894,17.4
227,2019-08-04T18:15:01Z,bb98768dad0f7c52cf643f035a3e7e48f5cfe28557c66f2a75914b31,60.14699,24.922,00000000a53ed894,17.4
228,2019-08-04T18:15:01Z,bd01ac8fc2992e9ca32f28c1f1b22983845e90918ba97584017978aa,60.14699,24.922,00000000a53ed894,25.36
229,2019-08-04T18:15:01Z,bddeb29d971bd9472fcb760695040f402a4239acfa65c4d1a1631922,60.16897,24.95222,00000000aa852af1,18.79
230,2019-08-04T18:15:01Z,c0d98967e7575c7d0727764e04702297809bbfe2877f0afc62112028,60.16762,24.95415,000000006b44cce7,10.78
231,2019-08-04T18:15:01Z,ccdb0f38984feb7a1b026794d33b6ed292b71ffdeae9645d73a8fbc5,60.16762,24.95415,000000006b44cce7,23.56
232,2019-08-04T18:15:01Z,ce197d5eedb5498917afe7ca3f7275ffeb191f0c5d050bffa154c1d2,60.16531,24.9442,00000000fdda10fe,33.81
233,2019-08-04T18:15:01Z,cf05623e4d87ce0906c0b0b7dbf53aacc1228016cd27c341228b6e76,60.18203,24.91341,00000000342570c2,17.4
234,2019-08-04T18:15:01Z,d366aa1925472f34a389921734c1777d6d7c2e812b0f284d78697edf,60.1538,24.95595,0000000038bf9618,36.27
235,2019-08-04T18:15:01Z,d73d0854198e184ee42ff4f9e9da255df0af90985363aea6a02d33d7,60.16762,24.95415,000000006b44cce7,10.78
236,2019-08-04T18:15:01Z,e0bc4d0931367e2495e60939ca037904e91051ee3148fa627aed8b83,60.14947,24.91438,000000004ef3150d,8.38
237,2019-08-04T18:15:01Z,e8bfa8fa510caf62c7aa787c6c17c9e3afb8a1c6788925d9eca88721,60.14947,24.91438,000000004ef3150d,29.32
238,2019-08-04T18:15:01Z,ed70dda6b7faebd4340dacdb452ab224d9d3c308df417b7fa76f54e8,60.14951,24.92138,0000000006dd41f6,21.87
239,2019-08-04T18:15:01Z,f088630d7476dae7d4b7e2bb1f10575f2c89acb4b6e061f3d57c2b40,60.16531,24.9442,00000000fdda10fe,20.28
240,2019-08-04T18:15:01Z,f6609ab1076b1105bb845595a03b41b8fbb282f79c337df5bbc9f841,60.14699,24.922,00000000a53ed894,14.89
241,2019-08-04T18:15:01Z,fc4f3a44235f1cfc7b53f14ba2da599976a5a0a220d23b852688e485,60.17918,24.95141,00000000675d5200,25.36
242,2019-08-04T18:15:01Z,0034c398775d5f780a71ca2eecccb7c5da2c99494d8693c7b3dc722d,60.14947,24.91438,000000004ef3150d,5.41
243,2019-08-04T18:15:01Z,020d4b1f6509c5168c7d2f3aa19ee530e2dc30237ba2cfd9837e742c,60.14947,24.91438,000000004ef3150d,12.69
244,2019-08-04T18:15:01Z,042ce2ff86a7c31da7c5db1d79bc6a91d6e3c8e435282436b23a5359,60.17002,24.94407,000000006b087f40,31.5
245,2019-08-04T18:15:01Z,06b57757d734c21d156f971a047b47f084bd8d3bc0cf5d558f52a762,60.18203,24.91341,00000000342570c2,21.87
246,2019-08-04T18:15:01Z,0a278dea6fbc1b76b6c38e2be5f10086663f1b5052b4b99c41abf018,60.16897,24.95222,00000000aa852af1,27.28
247,2019-08-04T18:15:01Z,0cd31c1f88e7e65a10e5e49aae403a480863a1e9dec72b2c87712f95,60.16762,24.95415,000000006b44cce7,16.1
248,2019-08-04T18:15:01Z,10a1101b8db9fc98f015d815724fadb5d42dbca7d435aee2692fd1a0,60.16762,24.95415,000000006b44cce7,16.1
249,2019-08-04T18:15:01Z,156551e01eb5b35cece769f9dab683045703476f5e97f9a6215e8163,60.17918,24.95141,00000000675d5200,9.12
250,2019-08-04T18:15:01Z,1d7b3c35750a8b047dee6e70bb5e0c4623e70a2179ae19c1ddf01000,60.1538,24.95595,0000000038bf9618,9.12
251,2019-08-04T18:15:01Z,1dacfb371d75dd4f90f447aac2a00faad98beb4188a6971c19eb2375,60.16629,24.95957,00000000fb7600be,21.87
252,2019-08-04T18:15:01Z,1e2d6b677aa9f214c9f1975da7718c252096478f7c2dd0cd750b8f12,60.16762,24.95415,000000006b44cce7,29.32
253,2019-08-04T18:15:01Z,1fa736fc95fb724cf30e91d6e8f55fb44afd1ad7b275b1dac1cd285f,60.16075,24.95883,00000000f1124bca,20.28
254,2019-08-04T18:15:01Z,1fc183dcac1edec9759ff1e587616153e2319a79b4242db19335d867,60.17065,24.93641,000000000f4919c9,18.79
255,2019-08-04T18:15:01Z,24b809f20138a3db88337b5fddc5166d6300f4707862baf4fddd07a2,60.16762,24.95415,000000006b44cce7,17.4
256,2019-08-04T18:15:01Z,254e9b9512b6f350eb6e5125230f382e9434169d73cf0cd709d9d9f7,60.16531,24.9442,00000000fdda10fe,7.05
257,2019-08-04T18:15:01Z,2cd5f76de592b12006ce8a9306569e990b241e2a092c28e611a2375f,60.16531,24.9442,00000000fdda10fe,13.75
258,2019-08-04T18:15:01Z,2e4b7b276c2419ce8ce8523728f9aa0d5d58d71437015f4660a3baef,60.17065,24.93641,000000000f4919c9,21.87
259,2019-08-04T18:15:01Z,2e5ae3385dc86fd3d9151b5b0b667496cbe8b1cb848397c08a808310,60.16448,24.97323,0000000053c6c2be,13.75
260,2019-08-04T18:15:01Z,300039cce527b65385a0b1fcc64e4963f44dba4d5d6e518ffc478680,60.16897,24.95222,00000000aa852af1,16.1
261,2019-08-04T18:15:01Z,30bb7a022bf0fe1a2b3c4935e6f906bc07aff31bc4edc4efde4aca5c,60.17002,24.94407,000000006b087f40,13.75
262,2019-08-04T18:15:01Z,34b451191e41936b2548deb57b8f0b5314ece2183033531b29d72878,60.14947,24.91438,000000004ef3150d,20.28
263,2019-08-04T18:15:01Z,3a96ecd4e6f46f3eddfc682ac37562cd2ae7973437506dee2ce1dafa,60.16829,24.94214,00000000afef4555,9.12
264,2019-08-04T18:15:01Z,3c0cfafa420921391d1c8732f184adb7b81bde6974784b9869610394,60.16762,24.95415,000000006b44cce7,21.87
265,2019-08-04T18:15:01Z,3d8f8389f12d94a23043c127711dbb12e4fb46b78441772bf5beec50,60.149,24.9843,00000000fffb8cf0,21.87
266,2019-08-04T18:15:01Z,407eecdb8fd6ec20b021365e3a4b6f7d527c22048b557b8e2cb7b0f4,60.14699,24.922,00000000a53ed894,20.28
267,2019-08-04T18:15:01Z,4145b248c19e4d5ed959a406c1b519232d4ba9b731db3f4ac7cdd163,60.14951,24.92138,0000000006dd41f6,21.87
268,2019-08-04T18:15:01Z,41d50cc7fde9037bf1a86c30f7cc9c28ff3f01c9a35d1acd1bd9bc79,60.14947,24.91438,000000004ef3150d,1.38
269,2019-08-04T18:15:01Z,42dfa29bee9c524718d35d1e71c6348d8d6a943c00e8acbbf4098a21,60.17002,24.94407,000000006b087f40,23.56
270,2019-08-04T18:15:01Z,45362e48ee524fe5a638454b22938e06f2a3af6882310e49f0e50671,60.17002,24.94407,000000006b087f40,29.32
271,2019-08-04T18:15:01Z,45db4a50cbbf1db71ff9b44bc2e383365c8fc48be3927573d2263125,60.16762,24.95415,000000006b44cce7,16.1
272,2019-08-04T18:15:01Z,464fa6998dbc28d3a5a772bcc9d00f988e9900e4186942b32dc45b4e,60.14947,24.91438,000000004ef3150d,18.79
273,2019-08-04T18:15:01Z,4e3be6c071722c077b3272004177b1a045003ee1fd6a856ab68a54c4,60.16762,24.95415,000000006b44cce7,3.09
274,2019-08-04T18:15:01Z,52e11beac2f3bb73fb96d8b70ba019b83a01faf19861c569a235c73d,60.14947,24.91438,000000004ef3150d,23.56
275,2019-08-04T18:15:01Z,54257c41216ea68b5acd985c8955f6f5fea0966131fabef380a0dc29,60.16897,24.95222,00000000aa852af1,12.69
276,2019-08-04T18:15:01Z,56df23361d98be7aad7f00ac48267b1fd4231ce876b340c52af7d34e,60.18203,24.91341,00000000342570c2,29.32
277,2019-08-04T18:15:01Z,584cb0b0cdd14e608c8b57c8aecc9826f9b40027e365e2438a444ea2,60.16762,24.95415,000000006b44cce7,20.28
278,2019-08-04T18:15:01Z,58bf2e42de39c17035124313b294ec15a93ddcb5e3b4edcd492778ef,60.16762,24.95415,000000006b44cce7,9.12
279,2019-08-04T18:15:01Z,5ad67b839155f93e31782a4c075024e67894ce3ca1d72ca2ccb1e152,60.16762,24.95415,000000006b44cce7,21.87
280,2019-08-04T18:15:01Z,5c29b28045ebd4cce59533d3ee64f51572407205cc92049ff22ab481,60.14947,24.91438,000000004ef3150d,9.12
281,2019-08-04T18:15:01Z,5d4acfd65d705cdb204f1b405609873c917e50d81f521bd7cfe5ed28,60.149,24.9843,00000000fffb8cf0,18.79
282,2019-08-04T18:15:01Z,5e3f0dd9525d0f1179db8050a831257e6d5cece4b4dd77c2a2bd54e6,60.14947,24.91438,000000004ef3150d,8.38
283,2019-08-04T18:15:01Z,62a7254ceec907f9d68f99c489ebaf1662233f26f159c6a5bd928609,60.16531,24.9442,00000000fdda10fe,17.4
284,2019-08-04T18:15:01Z,63a554280478f23e87c55fb19809ebc15757924a59e8211cd7f812c8,60.16762,24.95415,000000006b44cce7,18.79
285,2019-08-04T18:15:01Z,63f00766796d03faecf72e12f528cb62d4ff3593ab49f4068c9f481a,60.14947,24.91438,000000004ef3150d,7.69
286,2019-08-04T18:15:01Z,663d18d3fb2043ba085b359f3c85f01b56b38c83b293988593f73de1,60.17918,24.95141,00000000675d5200,18.79
287,2019-08-04T18:15:01Z,692cb1e58e47465a67ac2f3b75ce3517205810ea47dd5dd13ed3ed51,60.16762,24.95415,000000006b44cce7,12.69
288,2019-08-04T18:15:01Z,6b5503bda43ea40971d8e54d2be3de0cf2cbe5fa8617927f6278dfe7,60.14947,24.91438,000000004ef3150d,3.09
289,2019-08-04T18:15:01Z,6d8e326400db36785236a3bf242ebbbc7d06d9fb022be22891f74e71,60.16897,24.95222,00000000aa852af1,20.28
290,2019-08-04T18:15:01Z,6dc840f84f8e9fa79315028fe6a64597df0a8e69860f4e432f268913,60.14947,24.91438,000000004ef3150d,13.75
291,2019-08-04T18:15:01Z,6ee7ebdef6d02199661db8d11e27fa1bc1526f599db29cc20e9feefb,60.17065,24.93641,000000000f4919c9,33.81
292,2019-08-04T18:15:01Z,7227fb76c841fb8706bbfbbf6b245f06eeb8568304049f1e06222476,60.16531,24.9442,00000000fdda10fe,18.79
293,2019-08-04T18:15:01Z,723365a255f9ff98997a162e3c49bebab7cb99391a440f262e785742,60.16762,24.95415,000000006b44cce7,12.69
294,2019-08-04T18:15:01Z,74cb545f76f0bfc5498607247e26e814276a11ce91f77208054ecbc5,60.17002,24.94407,000000006b087f40,25.36
295,2019-08-04T18:15:01Z,77d10e3458a0bc73832da135512188fee92e52d1b7e34cd41f7403b7,60.14947,24.91438,000000004ef3150d,9.12
296,2019-08-04T18:15:01Z,79cdfc4fdbbda4b40f6ca7bd34be14c15ec24fc14428f8bdc77c89c5,60.14947,24.91438,000000004ef3150d,16.1
297,2019-08-04T18:15:01Z,7eff907229fab0171a6113ed0683c86622230b1c0d74c234d67c7383,60.16544,24.95398,0000000038d83d41,25.36
298,2019-08-04T18:15:01Z,7f6e65047a1b285de65219e38006deb346738c9f135fadffe1126f5d,60.17002,24.94407,000000006b087f40,29.32
299,2019-08-04T18:15:01Z,81994d4d501a5f1488ae30abcca42fd8addf78cf550c58687883a09d,60.14951,24.92138,0000000006dd41f6,21.87
300,2019-08-04T18:15:01Z,86f8d2f43960cb966529e4eb740761c94632305d79e4dc4cb24ffe9b,60.16629,24.95957,00000000fb7600be,18.79
301,2019-08-04T18:15:01Z,89c19b07b5e76562f5e55c8674ecefdc56fcf29cd80b3007a68f8cde,60.14947,24.91438,000000004ef3150d,10.78
302,2019-08-04T18:15:01Z,8a09c926d3cd9761f93dada42685230013ef79786f9fe3cc2481adcf,60.149,24.9843,00000000fffb8cf0,20.28
303,2019-08-04T18:15:01Z,8a5a9c5c331e0fcd6a44480ac0ad34f95d7f336aa559411b47edfaff,60.16897,24.95222,00000000aa852af1,14.89
304,2019-08-04T18:15:01Z,8f0140f147ab2bd3eed6b1da8c533a6dedab824e8fc4061689d775b3,60.16762,24.95415,000000006b44cce7,9.92
305,2019-08-04T18:15:01Z,90621e884335755be3931723d708d3c832510f061b80d3ab2923100d,60.18203,24.91341,00000000342570c2,20.28
306,2019-08-04T18:15:01Z,938915a49a4a649acc44e1efb4ed996020087b37aa37e26f708e25bf,60.1538,24.95595,0000000038bf9618,20.28
307,2019-08-04T18:15:01Z,939b654bc63957b231d0a4b427521efd9df248194e0bb52aea317184,60.16762,24.95415,000000006b44cce7,7.69
308,2019-08-04T18:15:01Z,98923b1eeae3c4904bcf9bf5aca97511806a6fa14da3ddbd6c9faebe,60.16762,24.95415,000000006b44cce7,14.89
309,2019-08-04T18:15:01Z,9981f69a149e50a511b6cf879aa24962b63579ea074f4def08f1fe16,60.14947,24.91438,000000004ef3150d,13.75
310,2019-08-04T18:15:01Z,9a2611c54a190741955110abcc4268158f19221fe1016e2b94f9dfb8,60.149,24.9843,00000000fffb8cf0,20.28
311,2019-08-04T18:15:01Z,9b463db59e13628ac42802bcb3cb9fc3b304a7f80fb01c94da4c486e,60.16762,24.95415,000000006b44cce7,3.09
312,2019-08-04T18:15:01Z,a22b00bf94d00de49fd4e83f34d2f0e8970f81a622956dbda2939b5e,60.14947,24.91438,000000004ef3150d,4.94
313,2019-08-04T18:15:01Z,a24eeb3f57c1ec9429b2db58d2b9f404a75f8e88cb0b47289f763f41,60.16762,24.95415,000000006b44cce7,8.38
314,2019-08-04T18:15:01Z,a2d66e57df02dd3817875d0cae1fa7fbfc083b7f04b5340b46214747,60.16762,24.95415,000000006b44cce7,23.56
315,2019-08-04T18:15:01Z,a2dfcf5a253a3a1f084add676d884e986819f5eeb1a84db9a57923b6,60.16531,24.9442,00000000fdda10fe,9.92
316,2019-08-04T18:15:01Z,a50c7ded870a4c12813ceee705dec37fe5a8b9c1500deb78b6649c39,60.1538,24.95595,0000000038bf9618,13.75
317,2019-08-04T18:15:01Z,a88b49ff9c152ef1754549a3dedc23be3d5d39b7fff141e978793a90,60.16762,24.95415,000000006b44cce7,13.75
318,2019-08-04T18:15:01Z,a9de212f22a4c4dbb7fdb81f0ac777b8cb7ed80ff7c52a9c03e70a30,60.14947,24.91438,000000004ef3150d,31.5
319,2019-08-04T18:15:01Z,b36c705285e8353361850a9f0949a13476010c4a080e4a785b583d46,60.16544,24.95398,0000000038d83d41,18.79
320,2019-08-04T18:15:01Z,b765e37a6a1e0ad72e50d03ea490d62ecdf427d8c684b2229a5b6359,60.16897,24.95222,00000000aa852af1,10.78
321,2019-08-04T18:15:01Z,bd01c27940ae54e0f59d15ddad8db8c164c605b3fb2c2c0d9ae0c3e5,60.16829,24.94214,00000000afef4555,2.3
322,2019-08-04T18:15:01Z,bdf6829f6436100d18f4489a7a46ec10db29a292d16f9945962fee46,60.14947,24.91438,000000004ef3150d,7.05
323,2019-08-04T18:15:01Z,c1978b7fccccd7be1041ea342ffac2680714484bd52354bce3a7b038,60.17002,24.94407,000000006b087f40,21.87
324,2019-08-04T18:15:01Z,c1d8d3606034ec531ab6caef4eaaf41133901121a762e034fd6a7df2,60.14947,24.91438,000000004ef3150d,8.38
325,2019-08-04T18:15:01Z,c1da0750a00f73b240b5991cf07be24590000f74d7665bcc8d14e9fe,60.16629,24.95957,00000000fb7600be,23.56
326,2019-08-04T18:15:01Z,c22371cab8d75cc66828a150cf792f0412e057c064d05228735cd855,60.14947,24.91438,000000004ef3150d,16.1
