,time,hash,latitude,longitude,serial,distance
0,2019-08-01T14:15:00Z,0fff89885f08417f20aadfdbf62a372277e9085bcd024374b772ecac,60.16531,24.9442,00000000fdda10fe,27.28
1,2019-08-01T14:15:00Z,144afc51fc2443c7031a2912566eff2ce60226a49d6d2bd7c2923700,60.16544,24.95398,0000000038d83d41,17.4
2,2019-08-01T14:15:00Z,14c7e1511b70f4dd3359cbece1377aebb4d70531f5489eefe53d7c3c,60.16544,24.95398,0000000038d83d41,31.5
3,2019-08-01T14:15:00Z,15918569de0a46a8eb56b43d8d39f7fc82619ff1006f00822c85745c,60.17919,24.95181,000000007b5207b6,6.46
4,2019-08-01T14:15:00Z,165ebbb4090d47319ae370f0d0854fdc1f6b79499f8b2e4d3c3533c0,60.16544,24.95398,0000000038d83d41,33.81
5,2019-08-01T14:15:00Z,2359f881a4fe8163beed82355aabbba0b00b99f1e4a2a4ccd7186bc4,60.15432,24.9211,0000000019fb59c4,8.38
6,2019-08-01T14:15:00Z,24d2f2ddd119efcb13abb0ab2cb53850e9788b6713967ccca4d6e071,60.16897,24.95222,00000000aa852af1,25.36
7,2019-08-01T14:15:00Z,29a5db8c78e553beb48552e1d686a6c7336d9012c50171aed15d6dc5,60.16544,24.95398,0000000038d83d41,12.69
8,2019-08-01T14:15:00Z,2a49f7fc9c505d9cebee5c8db80a08dbbdfdac858da38a1e9acc41b0,60.17918,24.95141,00000000675d5200,4.11
9,2019-08-01T14:15:00Z,43b676ed3aef4c2d8846694817e76117873be52e7f788e0cb366c1c4,60.16629,24.95957,00000000fb7600be,20.28
10,2019-08-01T14:15:00Z,4de1234054c0ad564da4a96fa45a0531feaa109e9da645e55bf27afc,60.16629,24.95957,00000000fb7600be,12.69
11,2019-08-01T14:15:00Z,5b4e7343b536dcb21bf9b3efc94be6a1971886140d313adb0124768b,60.16829,24.94214,00000000afef4555,33.81
12,2019-08-01T14:15:00Z,5b91abc1d452431fdb7bc15f638eee91a54034b6327f40e58ccacda6,60.14947,24.91438,000000004ef3150d,38.87
13,2019-08-01T14:15:00Z,5d637a7e6cea4d26b92bc54caa886508906ae95a2efdb32d0ba38c0c,60.1638,24.96846,00000000d747f075,31.5
14,2019-08-01T14:15:00Z,5d65719c4cbf045f068d084b72302f447d5fd034413d97d13be00d0e,60.18203,24.91341,00000000342570c2,21.87
15,2019-08-01T14:15:00Z,693099b54f1d14b899f005c233a431270bde084ad2fe05abf597743a,60.16544,24.95398,0000000038d83d41,12.69
16,2019-08-01T14:15:00Z,6d22b751ff5173035dc85c52c3dff0780126adae67fe33dc62dd45ef,60.16531,24.9442,00000000fdda10fe,17.4
17,2019-08-01T14:15:00Z,77839e655f856d5295739c2388237a95b399c3b8a4f659cd1345d939,60.16829,24.94214,00000000afef4555,18.79
18,2019-08-01T14:15:00Z,87dfaad29a9276ddddb1fa021d3bc23ad14824c1af16f7d87e713689,60.14951,24.92138,0000000006dd41f6,10.78
19,2019-08-01T14:15:00Z,8c75c3289c84fe4493e1e272a77b615fe1985880c5dc68a7c1a17b53,60.16762,24.95415,000000006b44cce7,9.92
20,2019-08-01T14:15:00Z,8cc6ddaa460aeae8cc9e8a33f91a01c8cd4c0c8bf8a943210a28c84d,60.1538,24.95595,0000000038bf9618,16.1
21,2019-08-01T14:15:00Z,8cdf87a5354697a75bde8f0d54e5be26643e6d3a82ed9244bc4a1a00,60.18203,24.91341,00000000342570c2,20.28
22,2019-08-01T14:15:00Z,8d526241977a41780adfcc4988973ae0cf4edf334ec0ca41ab29ff2d,60.16075,24.95883,00000000f1124bca,36.27
23,2019-08-01T14:15:00Z,9843c6216661048343a0e49cf3d8aa2883cf77f452666a1c873a1052,60.16448,24.97323,0000000053c6c2be,14.89
24,2019-08-01T14:15:00Z,a794b5cd3dff23bb2fe621fa0fa64a9ad4be2ab820bff2b483489903,60.16897,24.95222,00000000aa852af1,18.79
25,2019-08-01T14:15:00Z,b5fd6b317890e5ab2d79e2cd1abe61626d45a753c7337d0d40728898,60.16762,24.95415,000000006b44cce7,10.78
26,2019-08-01T14:15:00Z,befbf0d2dc1697cb6a40daa3493980a4dac73fce2423901e53098c4f,60.16897,24.95222,00000000aa852af1,17.4
27,2019-08-01T14:15:00Z,c129dd128e6475a9f19e37c93fa734358684320e32cd565e787b0fcb,60.16544,24.95398,0000000038d83d41,13.75
28,2019-08-01T14:15:00Z,c40c37def6bf11a63a2556519a7c6233fd417cdeea2cf14f28e7c42c,60.16531,24.9442,00000000fdda10fe,21.87
29,2019-08-01T14:15:00Z,cf05623e4d87ce0906c0b0b7dbf53aacc1228016cd27c341228b6e76,60.18203,24.91341,00000000342570c2,17.4
30,2019-08-01T14:15:00Z,d2ec8eec8d4c81557571ab2d01d6031e014f748b933fbf1222721f4e,60.16531,24.9442,00000000fdda10fe,17.4
31,2019-08-01T14:15:00Z,dce15d9b6a7bf8880ef6f98a7621aef6c6d548ad75d3fbfc42dd2b69,60.15432,24.9211,0000000019fb59c4,25.36
32,2019-08-01T14:15:00Z,e31d748946ae2ef72a392e460a8a0558d53e3b1f9b2695942edf7b23,60.16762,24.95415,000000006b44cce7,13.75
33,2019-08-01T14:15:00Z,ec689576073335283421ffd83cc4568daf61a151d4f6facda7534ace,60.18203,24.91341,00000000342570c2,23.56
34,2019-08-01T14:15:00Z,ed70dda6b7faebd4340dacdb452ab224d9d3c308df417b7fa76f54e8,60.14951,24.92138,0000000006dd41f6,17.4
35,2019-08-01T14:15:00Z,eef023ec529112658693acde40fc9feaf7a94d3faf0de6db285c37c9,60.16448,24.97323,0000000053c6c2be,27.28
36,2019-08-01T14:15:00Z,f088630d7476dae7d4b7e2bb1f10575f2c89acb4b6e061f3d57c2b40,60.16531,24.9442,00000000fdda10fe,25.36
37,2019-08-01T14:15:00Z,fc4f3a44235f1cfc7b53f14ba2da599976a5a0a220d23b852688e485,60.17919,24.95181,000000007b5207b6,14.89
38,2019-08-01T14:15:00Z,0008c9466d82ab6fa59c5e897bd241aeb8e9f7eeaf7ed4d2071e25bb,60.149,24.9843,00000000fffb8cf0,13.75
39,2019-08-01T14:15:00Z,01a869070a0c3863976091a0385352a41913aace12169b9609828804,60.16762,24.95415,000000006b44cce7,11.7
40,2019-08-01T14:15:00Z,0451e12fec205f17be71f543b2900576a4af9eb57968476937022436,60.17918,24.95141,00000000675d5200,20.28
41,2019-08-01T14:15:00Z,061b2f8912165fc11b78e66009ab3a868ff73549fcfd878bac1af446,60.1538,24.95595,0000000038bf9618,27.28
42,2019-08-01T14:15:00Z,06c97470de7743320fb4a94a84990b3f41819c07a0b7266333ceca9a,60.149,24.9843,00000000fffb8cf0,13.75
43,2019-08-01T14:15:00Z,071c2b82b52f8a1bb97adf65c5aae48e38f1ed477e3f214484bf2b45,60.17918,24.95141,00000000675d5200,17.4
44,2019-08-01T14:15:00Z,080bccdbe6f4b7b42e7bbe9487c687139fde3c5c9aeae6d5f67e91ca,60.15432,24.9211,0000000019fb59c4,31.5
45,2019-08-01T14:15:00Z,085005f248d46e87a250f4f3af8b59d6efa21b12372f3a7fe47d6aa2,60.16762,24.95415,000000006b44cce7,7.05
46,2019-08-01T14:15:00Z,0ad6a7fa341caae455123d53e4ea202ba49feb972a3df14321b9f4cf,60.18203,24.91341,00000000342570c2,18.79
47,2019-08-01T14:15:00Z,0b0dec7fbd6cb57c796168e8aa54ddabe8a461204ab8ffdf54fbfa08,60.16448,24.97323,0000000053c6c2be,11.7
48,2019-08-01T14:15:00Z,0b39c0b89d494ff28ae21bac18a9beb871256624e6a04a6e62d76f7f,60.15432,24.9211,0000000019fb59c4,7.69
49,2019-08-01T14:15:00Z,0b890969ab07c2c4b2e56c6646db6f14138c69946e5bc3b160293d56,60.1538,24.95595,0000000038bf9618,31.5
50,2019-08-01T14:15:00Z,0c20ad0efb546b55a2bbc869d9b4c32e53e124d1b99c64e42359a3e7,60.17002,24.94407,000000006b087f40,17.4
51,2019-08-01T14:15:00Z,0ea16ea249e2a58c144a6acea933b885637a33ce74bbd0b841cd5956,60.149,24.9843,00000000fffb8cf0,10.78
52,2019-08-01T14:15:00Z,0f417f3a9ab146b1d90bad0f82f3ef3ae0920ddc62ff4683c3149c96,60.17919,24.95181,000000007b5207b6,23.56
53,2019-08-01T14:15:00Z,1008270fbae9125f07da642db1bd1d47ffba1f331ac2cdb9e9061f79,60.16897,24.95222,00000000aa852af1,11.7
54,2019-08-01T14:15:00Z,114a900cd5c406169fc7b4c465ffca590c553f58e931486e06650d4a,60.16762,24.95415,000000006b44cce7,14.89
55,2019-08-01T14:15:00Z,11504ddc3ba6292c8d112522f160e835919fdfdd9a8dd02f0d342ae8,60.15432,24.9211,0000000019fb59c4,20.28
56,2019-08-01T14:15:00Z,130bc6db9e2c26356bc51792dd76cffda99aed7de36853966ab1900f,60.15432,24.9211,0000000019fb59c4,8.38
57,2019-08-01T14:15:00Z,14de81a1a382d8dc45bada5c0f8780b70b089059a86f5f79c06279f6,60.16897,24.95222,00000000aa852af1,23.56
58,2019-08-01T14:15:00Z,150e4873a53e3df6b1b2cfd9b7632cf63809455d4664201c9cc05b92,60.16897,24.95222,00000000aa852af1,14.89
59,2019-08-01T14:15:00Z,15b53f155604b11672f0705272c502ccb85296c20855e16306860eef,60.1538,24.95595,0000000038bf9618,4.94
60,2019-08-01T14:15:00Z,170b7c80fd93bb28e5d2f1550fae97226fd3a01bcdeaeadfbfde4e0a,60.16829,24.94214,00000000afef4555,20.28
61,2019-08-01T14:15:00Z,1713b8e7e92828c22a6f80cf737dd1ef65a6c8e5ca4fa6e2ad9e9834,60.16448,24.97323,0000000053c6c2be,16.1
62,2019-08-01T14:15:00Z,1766c667ebe87ae0246dd103c0b6acdba1bda1beeb8553732d639571,60.15432,24.9211,0000000019fb59c4,10.78
63,2019-08-01T14:15:00Z,186014a406507e0a68eff560a28d2e30ff6029ff3650d5b2f9b09adf,60.16829,24.94214,00000000afef4555,25.36
64,2019-08-01T14:15:00Z,187f14013876c8298451b108572293e50384bf9b9728c0c4076c4e18,60.16897,24.95222,00000000aa852af1,20.28
65,2019-08-01T14:15:00Z,1b4c803572c45e525d4b30b6d0b81458116c01144a2a8fd3233fa107,60.18203,24.91341,00000000342570c2,25.36
66,2019-08-01T14:15:00Z,1bb1eec882b423753503c7b98f9c04b1f833ffe1fea96c784cd07078,60.16762,24.95415,000000006b44cce7,1.12
67,2019-08-01T14:15:00Z,1bfdf2bd580131a03961423fd3e4352c5b53efc741e8d0470cc27cdc,60.16897,24.95222,00000000aa852af1,17.4
68,2019-08-01T14:15:00Z,1d3211f8d34aabfa667433ea6f2601bb222360e05eda1df4816119eb,60.15432,24.9211,0000000019fb59c4,21.87
69,2019-08-01T14:15:00Z,1da109144411b1850af8e77d45f183ea3492b70f3a020dee6e4bbb20,60.14947,24.91438,000000004ef3150d,11.7
70,2019-08-01T14:15:00Z,1e46caeb3661597ff5ad410dc6bf3def45e61eade31750554414aacb,60.15432,24.9211,0000000019fb59c4,23.56
71,2019-08-01T14:15:00Z,1ea5bbebc2ffabffb29b4de1d8d39d69b5939e6ef77cb6cd3a79b4c5,60.16829,24.94214,00000000afef4555,7.05
72,2019-08-01T14:15:00Z,1ecbc7c6afe89033252e5510cbb893666af2b3bc29f555a3a6287fdb,60.14951,24.92138,0000000006dd41f6,3.09
73,2019-08-01T14:15:00Z,1ff6d90a48d1986528d71bad1ddda03c4f056397586411dc060e617a,60.16448,24.97323,0000000053c6c2be,9.92
74,2019-08-01T14:15:00Z,20b86c2742af19330919f8235c9a5dc6e979abc32d5c148bc0ec2809,60.16448,24.97323,0000000053c6c2be,21.87
75,2019-08-01T14:15:00Z,21f25069141e3364f978d6030771fb6a1aac09e35e85f47c6724d1db,60.16762,24.95415,000000006b44cce7,3.4
76,2019-08-01T14:15:00Z,22c40faab14a742dfe118bcb15126c3c4dedd2667d7ee04c4f53e3a6,60.16829,24.94214,00000000afef4555,20.28
77,2019-08-01T14:15:00Z,23d644469fc73bfd2be733a0633f31847d44058752e67e5698e3fe28,60.173,24.92524,0000000096918cfa,3.74
78,2019-08-01T14:15:00Z,26a32f6d2557b35fa1c222434ddfae2d8c5cad8ab2b2f6e3b2cec7c8,60.16762,24.95415,000000006b44cce7,12.69
79,2019-08-01T14:15:00Z,282237184ad0b6d154b7106f85cde7ff3c8eddeed34219368bd9ca9d,60.16448,24.97323,0000000053c6c2be,18.79
80,2019-08-01T14:15:00Z,28d65e10d732b27348b1fd1d572241dff0a287dfd633a4c81bea0c2b,60.17002,24.94407,000000006b087f40,21.87
81,2019-08-01T14:15:00Z,29ba57b71127279ce25b9b6a62ca570a2530c26a5b05ee6488ec11c6,60.17002,24.94407,000000006b087f40,2.08
82,2019-08-01T14:15:00Z,2b02a539ad9a64d3dc2b50bb0909a2e3120a317fce120e02bd64c8fc,60.16762,24.95415,000000006b44cce7,25.36
83,2019-08-01T14:15:00Z,2b2949bba437445265d961f803a42e779ebe5e56f5b85c3423e1e467,60.17065,24.93641,000000000f4919c9,21.87
84,2019-08-01T14:15:00Z,2d62c92455db8ff79facd68f08fcdac60836e78e0910fe95620fe946,60.149,24.9843,00000000fffb8cf0,21.87
85,2019-08-01T14:15:00Z,2dbdd09157c2738178e17a330a1066371ae4d72738cc6c6588ad9193,60.1538,24.95595,0000000038bf9618,27.28
86,2019-08-01T14:15:00Z,2e76638cd5c2303db754d1e79d6c7c667c85c5c2c2308c3a0488a745,60.16629,24.95957,00000000fb7600be,29.32
87,2019-08-01T14:15:00Z,31bc0abbfbe6a4602324e28aee08b05c75e526bc742ba3635d37b8cf,60.16531,24.9442,00000000fdda10fe,16.1
88,2019-08-01T14:15:00Z,3251c0b61fc6789ecc003451bfce8bc8b32b3b4e47cb2faccd0c2ce4,60.15432,24.9211,0000000019fb59c4,7.05
89,2019-08-01T14:15:00Z,327d740af2598fa89dfffb672d1dbca3e7b24ecabaa1358b9a29f309,60.16762,24.95415,000000006b44cce7,9.12
90,2019-08-01T14:15:00Z,33937e2532d95aa0334b22caa68225397eb6ad4d1317120cd86a0d3e,60.16762,24.95415,000000006b44cce7,8.38
91,2019-08-01T14:15:00Z,33b4ef555beda4ce36e6fa2ef550da32f64556db49d06889430f1255,60.149,24.9843,00000000fffb8cf0,25.36
92,2019-08-01T14:15:00Z,34afc9bf8637e4bf2759c49e87af328adfd3899504118e69fd6966bd,60.16629,24.95957,00000000fb7600be,13.75
93,2019-08-01T14:15:00Z,34c715544a676ee577e3465c8c6893fcb3eead4403e0eafeb3a1f190,60.16829,24.94214,00000000afef4555,20.28
94,2019-08-01T14:15:00Z,34fdf714e93bac0f3d1c0dc6f1b9c815ce7c788fe1f119653457d139,60.17918,24.95141,00000000675d5200,12.69
95,2019-08-01T14:15:00Z,37946d82ec57c556b97c369767bb09d7bc4ccba1cf5f9999344dcdcf,60.149,24.9843,00000000fffb8cf0,9.92
96,2019-08-01T14:15:00Z,37a8e7ae1a720ad0cf8d290f8a6f1d5c45433e821fd0ab491466aae0,60.16829,24.94214,00000000afef4555,11.7
97,2019-08-01T14:15:00Z,3852b7eebb6bf3cc9b4ceec97567d0e67d8a1c85096d4633ee4ffa2c,60.16829,24.94214,00000000afef4555,3.09
98,2019-08-01T14:15:00Z,3931cd0487a71efc8b8f44f0f004f79bedeeb50f83bffc9d24ea0d81,60.17002,24.94407,000000006b087f40,18.79
99,2019-08-01T14:15:00Z,39a254230e30a256e048281b6467fa2f687b668673d365556a65c44e,60.149,24.9843,00000000fffb8cf0,10.78
100,2019-08-01T14:15:00Z,3a7d2c19aa2d92ecd394ec5d39c63dadb87086c9df4ad2046b2eb425,60.149,24.9843,00000000fffb8cf0,12.69
101,2019-08-01T14:15:00Z,3ad7232b9be8e70026179876cb6cb3070cf780fff54c7f0b5a4835be,60.17918,24.95141,00000000675d5200,14.89
102,2019-08-01T14:15:00Z,3ae4877d6f10bef86d0414585f9f53633f937a8da7ec89ff66d26bb7,60.16762,24.95415,000000006b44cce7,9.92
103,2019-08-01T14:15:00Z,3bc02d442cd57066b19eae48dcad0c9f9353e8bf1c26cff906623745,60.16829,24.94214,00000000afef4555,14.89
104,2019-08-01T14:15:00Z,3c96cbaf359224c1e15863ba9bea4b071644369dd0b97606f4121aef,60.15432,24.9211,0000000019fb59c4,4.5
105,2019-08-01T14:15:00Z,3d1e9d91fc9ec978bf9f5568bdcd602938b4ebcbb6fbf0dca81b8b4c,60.17002,24.94407,000000006b087f40,29.32
106,2019-08-01T14:15:00Z,3d220226aebd6949a6cf9f4a5eebdc43ee9445d9be89e4525722ebbf,60.16448,24.97323,0000000053c6c2be,16.1
107,2019-08-01T14:15:00Z,3e3408714d41248c74416c1827705c4e23d7bd13e462ed6cf037b35f,60.16829,24.94214,00000000afef4555,16.1
108,2019-08-01T14:15:00Z,3e8f3ebd990348dbf0d75ebf3ee10d2173bee33be56661bd2abc4460,60.1638,24.96846,00000000d747f075,18.79
109,2019-08-01T14:15:00Z,3ecb67803abab8c2fb35d8d30251c5a82de0b8ae6ed51ac5e8ef4d98,60.16531,24.9442,00000000fdda10fe,13.75
110,2019-08-01T14:15:00Z,3f1f2b091fa5d96b4efb04df4dffadab5356a6bbcd7df58d95437e02,60.17002,24.94407,000000006b087f40,23.56
111,2019-08-01T14:15:00Z,3ff9d0fc157ad7b363ac54ffa3e74f3e472ae4cd0102be55830ae59e,60.16829,24.94214,00000000afef4555,31.5
112,2019-08-01T14:15:00Z,421a337654b69dbc1842ba07ce7e883cae730d34c2b50f946a5d2a2e,60.16762,24.95415,000000006b44cce7,3.4
113,2019-08-01T14:15:00Z,424072d2760b4732ede342c28ed49e84ed2bfa121426c9776883ca7c,60.173,24.92524,0000000096918cfa,21.87
114,2019-08-01T14:15:00Z,42638775137989abb3fd3ba79014f8a6456a196f336ef618b34b7b60,60.16762,24.95415,000000006b44cce7,10.78
115,2019-08-01T14:15:00Z,4285de8cccf9702919527772bd9b7354552a1c3550880179d96aeda2,60.16762,24.95415,000000006b44cce7,10.78
116,2019-08-01T14:15:00Z,436c95fbc0570d99f34ecd3313c0b09a84e58758f1212d384b2d067f,60.15432,24.9211,0000000019fb59c4,23.56
117,2019-08-01T14:15:00Z,43f2dfe22230d86fc93fe0d0ef161751876e34df5d69d9aa12e42ece,60.17065,24.93641,000000000f4919c9,23.56
118,2019-08-01T14:15:00Z,4419dd1af3e67fd4cf2f07c095ed315a25e5579b778d284985eafed4,60.17919,24.95181,000000007b5207b6,21.87
119,2019-08-01T14:15:00Z,4508f48a1842212bfc344fb9de9b4ed2412ec2264c1be978eb71a023,60.16897,24.95222,00000000aa852af1,38.87
120,2019-08-01T14:15:00Z,4540f5857500ab24422cc7369870fe891557bbd468e1665ba2f66f15,60.1538,24.95595,0000000038bf9618,17.4
121,2019-08-01T14:15:00Z,458199c91b9af5b4493b9beef83c08f1b74b49c8d42d462b87ca4797,60.16448,24.97323,0000000053c6c2be,10.78
122,2019-08-01T14:15:00Z,4588673405afb32246bc8ef41714ad983030fd9a0e445cb1bb850c7c,60.16829,24.94214,00000000afef4555,7.69
123,2019-08-01T14:15:00Z,4a71a4afe46ab71aff05f1c80592c93d316885d239304cc9025f52d6,60.1638,24.96846,00000000d747f075,31.5
124,2019-08-01T14:15:00Z,4aa3f8dec6de51d6daa757065ee5b87dcb51cf2f2acf4f24b5b10675,60.17002,24.94407,000000006b087f40,25.36
125,2019-08-01T14:15:00Z,4af78a1467618b14c72a37e32b5b5fbd26cc63f006ae9e9c3cf0b45d,60.16762,24.95415,000000006b44cce7,27.28
126,2019-08-01T14:15:00Z,4cb2b0bfac4217574b13ed14c3915d497929e07e91902ef1f52a38e8,60.16762,24.95415,000000006b44cce7,4.5
127,2019-08-01T14:15:00Z,4d4dc295860e0f9e2df0a8d8d5b8e8efa5dfb0950866f0805765cbce,60.17918,24.95141,00000000675d5200,20.28
128,2019-08-01T14:15:00Z,4e56d8b6c259c44e63433a8ad983e504de6aae28b8db22af2e1fcc2b,60.17919,24.95181,000000007b5207b6,16.1
129,2019-08-01T14:15:00Z,50de28e9911d925541b475f992a6ba97a3531971dd60aa441da577fa,60.1538,24.95595,0000000038bf9618,23.56
130,2019-08-01T14:15:00Z,518fa05f2fb5dedb017300253c0a6afd468c04f34ad3035286672165,60.16762,24.95415,000000006b44cce7,23.56
131,2019-08-01T14:15:00Z,521c3938eb117145120d082dae1aa6befb1cd64636913c1e885535c2,60.17919,24.95181,000000007b5207b6,4.94
132,2019-08-01T14:15:00Z,5275e85d7bc132032e7297351f13304bbb0b7e3b9e6699fbeb49b1a6,60.16448,24.97323,0000000053c6c2be,9.92
133,2019-08-01T14:15:00Z,54aec80f83440c64d4d326b4e132046c74f1427fff9bbbb689026132,60.16762,24.95415,000000006b44cce7,16.1
134,2019-08-01T14:15:00Z,5576145964ff16623a510f009545395fe53119fc69527796af35bb3e,60.1538,24.95595,0000000038bf9618,33.81
135,2019-08-01T14:15:00Z,55a8815fe31d7560d1ace31f98a77998256f3d6aaf2ef39e0ef754a9,60.149,24.9843,00000000fffb8cf0,18.79
136,2019-08-01T14:15:00Z,55d7f822b8fedef47597b18f0cb20ce1e07cdce0f80e1ba8438dde16,60.14947,24.91438,000000004ef3150d,9.92
137,2019-08-01T14:15:00Z,566701e3a8fd2405a1187a72020d227a7297266fe48cf74189d8bb28,60.16762,24.95415,000000006b44cce7,9.12
138,2019-08-01T14:15:00Z,573666eac2ccb06f9c5ba565b457fdd7bd6c1143d9a603c762f05112,60.1538,24.95595,0000000038bf9618,2.54
139,2019-08-01T14:15:00Z,57515ee4fff3c85c81b1d96ed2ff973f1c8c4e92b0c50b0430600cd3,60.1538,24.95595,0000000038bf9618,14.89
140,2019-08-01T14:15:00Z,584cb0b0cdd14e608c8b57c8aecc9826f9b40027e365e2438a444ea2,60.16762,24.95415,000000006b44cce7,11.7
141,2019-08-01T14:15:00Z,584de0ae996e2f3882c67305bd774f4ecaf9af1c70fa65f297c3614b,60.16829,24.94214,00000000afef4555,4.5
142,2019-08-01T14:15:00Z,58c3b5150ee6e4b06cdcb67518656078aaa53c6e13c7c4da8fa49ee6,60.1638,24.96846,00000000d747f075,21.87
143,2019-08-01T14:15:00Z,5a2d012b4ce7668d99fe6d90657ff699bdb1020b3eea2807277a0e9a,60.16762,24.95415,000000006b44cce7,14.89
144,2019-08-01T14:15:00Z,5ab85e35ccdec5cdee4d9c6587316d30341295e567c991e9793e125f,60.1638,24.96846,00000000d747f075,23.56
145,2019-08-01T14:15:00Z,5c7f626147393429e4d96989cceedac2e8467dbe3438207d4a321e79,60.16448,24.97323,0000000053c6c2be,21.87
146,2019-08-01T14:15:00Z,5dd3a2366b593f3c182258720bb278503d5f0825bb9cd8ab94e8f859,60.18203,24.91341,00000000342570c2,27.28
147,2019-08-01T14:15:00Z,5de5ec6f93a58b68d4ebfb102ba0bc73b8b5e22e9bbb8d2d7448695e,60.14699,24.922,00000000a53ed894,23.56
148,2019-08-01T14:15:00Z,6077846c296faceebfd2b20000276efb7855703ef31583cf8ed94799,60.17065,24.93641,000000000f4919c9,2.8
149,2019-08-01T14:15:00Z,60c7685c983ff934e588dcbee88798cdf73bb6ecd158a7405f1e4943,60.16531,24.9442,00000000fdda10fe,25.36
150,2019-08-01T14:15:00Z,60f7d1423071b70590e6604771a00ac2729600cb7448149b2862b5fa,60.16829,24.94214,00000000afef4555,17.4
151,2019-08-01T14:15:00Z,62a095c8c395f5dac3ff0fca62916657b5ed6c2017e834551661be68,60.16448,24.97323,0000000053c6c2be,12.69
152,2019-08-01T14:15:00Z,633898f9ea2f4610a8d7ee6050c82f66397f6ab134397aa7429a87f7,60.1538,24.95595,0000000038bf9618,25.36
153,2019-08-01T14:15:00Z,64ca892de41d20f55e9c4395ff93beeeab0307d429266f3a076b1d9e,60.149,24.9843,00000000fffb8cf0,6.46
154,2019-08-01T14:15:00Z,655dab9649e8ca9ce5280cb9b1991468f6ffc2883f50814135e70180,60.1538,24.95595,0000000038bf9618,25.36
155,2019-08-01T14:15:00Z,685f4f7a76ab7f29399902828cf55d9cf9185a47cf4072481b84e751,60.16762,24.95415,000000006b44cce7,21.87
156,2019-08-01T14:15:00Z,68915f56b610cb1686bbc086f233c8588eb9a3e1d8e6fc1aba43c0cf,60.16544,24.95398,0000000038d83d41,20.28
157,2019-08-01T14:15:00Z,6a839e34b515994f51b607706eb075e8540d21329c3755ad52c2613e,60.16829,24.94214,00000000afef4555,27.28
158,2019-08-01T14:15:00Z,6bb16f8f8dfe13c778372281775ff7e7090560e9c94864decb935236,60.16448,24.97323,0000000053c6c2be,3.4
159,2019-08-01T14:15:00Z,6bec05d32c4252d043f68f7d6f9a24aebf3799eb8f61baff3cdea7df,60.16829,24.94214,00000000afef4555,9.92
160,2019-08-01T14:15:00Z,6bf6bd7b4b86551c5252a29e92ec0f4c0e94adf37b7e53a3985b3463,60.16448,24.97323,0000000053c6c2be,23.56
161,2019-08-01T14:15:00Z,6c20aa41eaf70ac7d8e53535dfcbd43256eb56e816371d9e384ed6be,60.1638,24.96846,00000000d747f075,21.87
162,2019-08-01T14:15:00Z,6c615e21c668788aec595d25a7b7316745c171eb78df26e07edc9c82,60.14947,24.91438,000000004ef3150d,8.38
163,2019-08-01T14:15:00Z,6d064a87c2e58c3f36b63d8d3d34df77969050e868f80528a8f2f5f7,60.1538,24.95595,0000000038bf9618,4.94
164,2019-08-01T14:15:00Z,6f841c3e6f10bf43eae3b3a3334236615e624ce528f5fdf3c106da69,60.16762,24.95415,000000006b44cce7,4.5
165,2019-08-01T14:15:00Z,6f8e5dc1d0098b31ec0efbb9171ec4743a24e4762e188dceaca5762b,60.17065,24.93641,000000000f4919c9,14.89
166,2019-08-01T14:15:00Z,6fc04ef59cf874419a8338d6cd8f53334ea65e21bee40cf6b668ddeb,60.16629,24.95957,00000000fb7600be,21.87
167,2019-08-01T14:15:00Z,725f187e9f60271ace9a69e5918171a0fb293f2c8250407201947655,60.149,24.9843,00000000fffb8cf0,29.32
168,2019-08-01T14:15:00Z,75fa99d57a520b694ea9d37f7a9063da5016565e8cf7cf648c066dc2,60.17002,24.94407,000000006b087f40,14.89
169,2019-08-01T14:15:00Z,79d69ad5b1eaa2bc5fe4856bb64e10eadb9d4b2e48c04e23b1417772,60.16762,24.95415,000000006b44cce7,14.89
170,2019-08-01T14:15:00Z,7d67d16c0faf03104cc2e561351ccd3bd1f594eda8147e295280ddad,60.16448,24.97323,0000000053c6c2be,23.56
171,2019-08-01T14:15:00Z,7e489fcfe139fb6adaaa5c07db58639c391a950fbcd81f655f7b4b01,60.17002,24.94407,000000006b087f40,9.12
172,2019-08-01T14:15:00Z,7f099b287716738d50d05dc9b63d243d75c306e28791a5363859aa7e,60.16448,24.97323,0000000053c6c2be,17.4
173,2019-08-01T14:15:00Z,810c3fb076fed09e781f463edce1e4085f1a532ae117d2df6cc8f795,60.16531,24.9442,00000000fdda10fe,21.87
174,2019-08-01T14:15:00Z,81ab75d03fb8b5fceb092b3867274fd3c3e80bcb89036f1fe4e4455b,60.16762,24.95415,000000006b44cce7,18.79
175,2019-08-01T14:15:00Z,8212029a60ebfa069316801f2749af53997b85df99f9276cbd31e6a7,60.16629,24.95957,00000000fb7600be,14.89
176,2019-08-01T14:15:00Z,8266c35c1e86bc30bdee6c7d7327e686070b0b35bfdf24478fed50d0,60.17919,24.95181,000000007b5207b6,20.28
177,2019-08-01T14:15:00Z,826f0c759f95c029b68938a23f24de1e7b278b30ec7b088fbbdd7ac2,60.149,24.9843,00000000fffb8cf0,10.78
178,2019-08-01T14:15:00Z,8289530179d9ebc42f8f196bdc7a3b23a3e50b4dcd3e05d51a774103,60.16762,24.95415,000000006b44cce7,8.38
179,2019-08-01T14:15:00Z,83fab5a7dba3d617a4046863dbd162969c5b5ade6c407533f2066b94,60.16762,24.95415,000000006b44cce7,3.09
180,2019-08-01T14:15:00Z,84e826825e9f07fe556b59bc094189315c8a523ddbacc64d1838e23f,60.16762,24.95415,000000006b44cce7,16.1
181,2019-08-01T14:15:00Z,85c3f96fe79c79b7c27847495a97cd2537d7646a92e38dffcdd91175,60.1538,24.95595,0000000038bf9618,16.1
182,2019-08-01T14:15:00Z,86aaf17fb73ab1cb375051f4bce4cac2ebf89a25b080be8bcc7e4a27,60.16448,24.97323,0000000053c6c2be,16.1
183,2019-08-01T14:15:00Z,86ffd4a88a94daf3817f587e5e4c062da02bf20535f18b541f02ddaf,60.16762,24.95415,000000006b44cce7,10.78
184,2019-08-01T14:15:00Z,87f8500bf93a6da1ed05454462de9823ac5945a88b34f6a4568a200b,60.16829,24.94214,00000000afef4555,7.69
185,2019-08-01T14:15:00Z,88f6f28ba378809f516df5b387981b1774bf0d563b59cd359b9db906,60.15432,24.9211,0000000019fb59c4,13.75
186,2019-08-01T14:15:00Z,88fcab35e2f95c2717de98845af3e38ed60a279b0feb49ae3addbb69,60.15432,24.9211,0000000019fb59c4,1.12
187,2019-08-01T14:15:00Z,8918e7e2750857f2201426d0ff90e68888b286e8bf7fa4a4b4b8b5c5,60.16897,24.95222,00000000aa852af1,23.56
188,2019-08-01T14:15:00Z,891f3945c5f3c3e3cd82ce1c3b56b7b5ebfa5faa366d671e6eb406f5,60.16629,24.95957,00000000fb7600be,11.7
189,2019-08-01T14:15:00Z,892c0b0811131836085f3862afe2c0c5447931ae5a475d065cf13687,60.149,24.9843,00000000fffb8cf0,21.87
190,2019-08-01T14:15:00Z,8940d913eb18b9140a46739db499e8c61c0eda1aae538c0bac668522,60.1638,24.96846,00000000d747f075,23.56
191,2019-08-01T14:15:00Z,8968613593f70945ab099b646a6e8de4642ec0dfde8e13f3298afb83,60.17065,24.93641,000000000f4919c9,25.36
192,2019-08-01T14:15:00Z,89ae71936ce31656385005084ca4a329a77d0ea4af63245fdb2861ed,60.16762,24.95415,000000006b44cce7,8.38
193,2019-08-01T14:15:00Z,8a21193f93a3334ff1bfa388edfc17f7815f1294488f477351440e34,60.16829,24.94214,00000000afef4555,36.27
194,2019-08-01T14:15:00Z,8abb2a3425e38598c741bf739429e5cf1e7936a0bd51535ab20813ce,60.16762,24.95415,000000006b44cce7,13.75
195,2019-08-01T14:15:00Z,8c687106cd1c8057e585b8ac79894a52861329bc6a07fa12bea15bd3,60.16448,24.97323,0000000053c6c2be,10.78
196,2019-08-01T14:15:00Z,8c962b99ea46ff4769d30fd6d58a2656522d9f06299f5f13924ae118,60.16544,24.95398,0000000038d83d41,18.79
197,2019-08-01T14:15:00Z,8ef99bedba7e17faee0556bc9e85f4d62c57a241c346aa680ca85fab,60.16762,24.95415,000000006b44cce7,7.05
198,2019-08-01T14:15:00Z,90aca0567516d2a1f008b6fca41e3bac565b27282b0224b9ace4f92b,60.16829,24.94214,00000000afef4555,18.79
199,2019-08-01T14:15:00Z,9111cbb5ba03752ebb88e1025ecd677b07224abdf76e79c643e213dc,60.16762,24.95415,000000006b44cce7,10.78
200,2019-08-01T14:15:00Z,920dac6357fb4b4955004e79ca59a924eb83e93826f774a522a5fb0e,60.16829,24.94214,00000000afef4555,17.4
201,2019-08-01T14:15:00Z,92bc7c170fdafc8cdd52ec4b2b57ac160003e77cb586f93bddeed013,60.16829,24.94214,00000000afef4555,4.94
202,2019-08-01T14:15:00Z,97285d341e8899ee5989f15856b7ad7142ee69f8767bd9288829ee31,60.16448,24.97323,0000000053c6c2be,5.41
203,2019-08-01T14:15:00Z,979b69852da00b94a74b0c0723b12b46efed5dd4f2618c23256b447e,60.1538,24.95595,0000000038bf9618,6.46
204,2019-08-01T14:15:00Z,97b5508a0b298b78058d6c890d4cb8a1e5d9a7a5ab935ce133a31144,60.16448,24.97323,0000000053c6c2be,7.69
205,2019-08-01T14:15:00Z,97d16eca02096de5c5f773180be1afd4d54212b83f4b218a91fbfd7a,60.15432,24.9211,0000000019fb59c4,7.69
206,2019-08-01T14:15:00Z,97f87a88568892b99444f7bcfa3dbd8bfca510fd2ba4f21819ae4e7e,60.16762,24.95415,000000006b44cce7,11.7
207,2019-08-01T14:15:00Z,98755452a27890760faf0837b8f71170747767edd01a180be73c29f1,60.16829,24.94214,00000000afef4555,21.87
208,2019-08-01T14:15:00Z,98e10529d46f9211d6d573056e658a96b3f06ec00a646c8eca640628,60.16448,24.97323,0000000053c6c2be,23.56
209,2019-08-01T14:15:00Z,9a44ecdb3ff3db45ff8ad2b0f5dfe4c7917953c750f75cd64e6d8665,60.16762,24.95415,000000006b44cce7,8.38
210,2019-08-01T14:15:00Z,9d29cf5a8823f48725569b858843fdffd482f6660d3de8f02ac037f9,60.16829,24.94214,00000000afef4555,20.28
211,2019-08-01T14:15:00Z,9d33d4af2824297d5610a2e49a0d5cb024921daeb8065c7fc6125ae1,60.16897,24.95222,00000000aa852af1,6.46
212,2019-08-01T14:15:00Z,9e3493adbd4c6665aa84930edc246255c6f197d2f38aa3f9a09fc793,60.14947,24.91438,000000004ef3150d,4.5
213,2019-08-01T14:15:00Z,9eebaa9082abb145f6fecd4274f73dedcc1eed3aec1d001e1247cc14,60.17065,24.93641,000000000f4919c9,3.09
214,2019-08-01T14:15:00Z,a04176a0828a09e70d0dbb638a847834658a13846f815cbcc0779120,60.16829,24.94214,00000000afef4555,17.4
215,2019-08-01T14:15:00Z,a0e60770d73064866f4581fa2264a9828ca31d2af878b705e48d3b48,60.16897,24.95222,00000000aa852af1,21.87
216,2019-08-01T14:15:00Z,a12e391ac9db5edcbf7f8a39838472f5cbe90813cdd13dc77f374564,60.1538,24.95595,0000000038bf9618,7.69
217,2019-08-01T14:15:00Z,a343d13c7f2528697f363ea65f6e5741156e49749e852d6eb84afe27,60.1538,24.95595,0000000038bf9618,9.12
218,2019-08-01T14:15:00Z,a401167d2f7802199b8d1bff040ee04b742a5f617c663126af9e7ade,60.16829,24.94214,00000000afef4555,23.56
219,2019-08-01T14:15:00Z,a44e62c29dc392cf02a5005e9f7fa1a00f30bedf3c6e80d973ac73a2,60.17002,24.94407,000000006b087f40,20.28
220,2019-08-01T14:15:00Z,a58f118589db7e35917c835d0df71700978af3fcbf57e15b5f8ad81d,60.17065,24.93641,000000000f4919c9,11.7
221,2019-08-01T14:15:00Z,a6f42d759e1f107853429fff3226c4888f9855815438640f769cd5a0,60.16762,24.95415,000000006b44cce7,13.75
222,2019-08-01T14:15:00Z,a841ead02ed13528a3afa8bb0190f8f631a6beae83d2c0664b021a8b,60.17919,24.95181,000000007b5207b6,4.5
223,2019-08-01T14:15:00Z,a8bf50d2007999a70c7eddd4cc793a24ca316fdf6e66ea1a598674c7,60.17002,24.94407,000000006b087f40,27.28
224,2019-08-01T14:15:00Z,a9bab71936b6cf07773edd8393fdd81fa53ad258cb5b5d2247b64e11,60.16762,24.95415,000000006b44cce7,12.69
225,2019-08-01T14:15:00Z,aa8df3eb8d921bbb760ce148f30a7187c911d9f6fc1f07c7c4d5c820,60.16897,24.95222,00000000aa852af1,10.78
226,2019-08-01T14:15:00Z,aaa9e635f2dffbe7e1c87e12003e8cfcaf2809164a3b230f04d19890,60.16829,24.94214,00000000afef4555,13.75
227,2019-08-01T14:15:00Z,ac4521e4d28a65c82b91de15244ee03b8a9b040e4daf32eb579b3d7c,60.173,24.92524,0000000096918cfa,4.94
228,2019-08-01T14:15:00Z,ad38be0ddf2edf082d2d8e9964a125b6604dadef343392e05e05fa64,60.16762,24.95415,000000006b44cce7,14.89
229,2019-08-01T14:15:00Z,aebda91b24fed1fe38eb41e6bf6c0268869b77bf9f11c56e50229cc6,60.16829,24.94214,00000000afef4555,13.75
230,2019-08-01T14:15:00Z,b10e6ae1521f84a512e166cedd7ee6b6a6e03292117e21d7a6282a50,60.16448,24.97323,0000000053c6c2be,4.5
231,2019-08-01T14:15:00Z,b12260bb6038316acc154c43540a69f7b6d4d624a17887dd6092626d,60.17002,24.94407,000000006b087f40,25.36
232,2019-08-01T14:15:00Z,b146186fef8168105982177f6a53f979e21e5d6ea7ae5b323f1735a8,60.16762,24.95415,000000006b44cce7,8.38
233,2019-08-01T14:15:00Z,b27d7b798fabcb65654176ee750a99ad65803e1e5b52eeef09bc92e7,60.16829,24.94214,00000000afef4555,20.28
234,2019-08-01T14:15:00Z,b42d164416373fc3a3087c22f2cb547bdbd496340b304277399e7e77,60.16448,24.97323,0000000053c6c2be,13.75
235,2019-08-01T14:15:00Z,b5550b237113df3a63e455831773a85275ec966beacb54992faf06b4,60.16531,24.9442,00000000fdda10fe,10.78
236,2019-08-01T14:15:00Z,b5834a116ca02c6ab47ff6876dfe49105125cd7425505d87bba4c245,60.15432,24.9211,0000000019fb59c4,16.1
237,2019-08-01T14:15:00Z,b624d97e1e34b66aac00c37571e9cf7b6f62fae8093fe5bb55ab70cc,60.15432,24.9211,0000000019fb59c4,8.38
238,2019-08-01T14:15:00Z,b692aaf2651e4baf3fbe9cc2fd2bf0a51ad74f00e90ac0940c37236c,60.16762,24.95415,000000006b44cce7,1.25
239,2019-08-01T14:15:00Z,b6d9f0787a4c04f9e888f6e9c0d5ec0404333de7f7f7bb30a117d311,60.16762,24.95415,000000006b44cce7,16.1
240,2019-08-01T14:15:00Z,b89b5c43cf390984d7ff354ef29756870634e3365b9113f1aa8d3bb1,60.1538,24.95595,0000000038bf9618,12.69
241,2019-08-01T14:15:00Z,bc18c8eba49b81d487460441288993e35b4c5667431535510f8ccf77,60.18203,24.91341,00000000342570c2,25.36
242,2019-08-01T14:15:00Z,bc7c4f979f5ee4fdb675b89c97e356de48b82e0e193c243b7b1d59c1,60.1538,24.95595,0000000038bf9618,13.75
243,2019-08-01T14:15:00Z,becd97af2bb519181b38e47e80674c60d08af99c9f8ee09a657e0fc7,60.15432,24.9211,0000000019fb59c4,13.75
244,2019-08-01T14:15:00Z,c06b926c34e5b78e6545d8794b7d3c15819a6addff3bf9dfe195da25,60.15432,24.9211,0000000019fb59c4,29.32
245,2019-08-01T14:15:00Z,c0dc49e857ecb2f37714195461a1eb211fd55b800e67be245c1cb16c,60.17002,24.94407,000000006b087f40,10.78
246,2019-08-01T14:15:00Z,c1c52112e9a99c83985e5fa8b94cd006e837364241d721adbc97a4e8,60.16897,24.95222,00000000aa852af1,25.36
247,2019-08-01T14:15:00Z,c21c18a1556ca0f8a9f6d07ab1ad3a745e768f5d21526eb5d68ede8f,60.16829,24.94214,00000000afef4555,6.46
248,2019-08-01T14:15:00Z,c4f9f0ef66c54b510c00c485ccc235ba13403189a80e4f3784400606,60.16629,24.95957,00000000fb7600be,16.1
249,2019-08-01T14:15:00Z,c5d2790508761ff42ba44dede76017f91e0a0603997352cf120b1660,60.1538,24.95595,0000000038bf9618,21.87
250,2019-08-01T14:15:00Z,c6e0da5cfbbc4cff4d7daa15538ed63f9e9e553e5339ce229fc01032,60.1538,24.95595,0000000038bf9618,17.4
251,2019-08-01T14:15:00Z,c8ca672b2581e2b786a8f49af992079f6b3823a19ec4474d507c2104,60.16829,24.94214,00000000afef4555,1.54
252,2019-08-01T14:15:00Z,c94ed9b3b82c9b52c2112c31a8c9c398ba80a8d9b1af9294453fabc5,60.149,24.9843,00000000fffb8cf0,9.92
253,2019-08-01T14:15:00Z,c9f2e14cc24a9aaedc4386d641303a866f7a88ab5239f3793156770f,60.16762,24.95415,000000006b44cce7,16.1
254,2019-08-01T14:15:00Z,ca88f661e8972b28718d036da89c1a7836e6f75d9e106a417bfc629d,60.149,24.9843,00000000fffb8cf0,7.69
255,2019-08-01T14:15:00Z,cc950c3a466c35f86c7bfa063842fd4f92441971a1c372b8027b23ae,60.1538,24.95595,0000000038bf9618,17.4
256,2019-08-01T14:15:00Z,cdba148f34b38927d778e84c8e2d66ead6da5ff4fa359850d56ceb7a,60.18203,24.91341,00000000342570c2,9.92
257,2019-08-01T14:15:00Z,cf7912b70f569edeff319590267cd226f69c3f22f3542d1bb0537969,60.16448,24.97323,0000000053c6c2be,11.7
258,2019-08-01T14:15:00Z,cfc2304fcadec07d08f513bf75a48f01be7413fee812b2afc0ac5aa7,60.16762,24.95415,000000006b44cce7,18.79
259,2019-08-01T14:15:00Z,d0067ce98326ed22e360fb43e594995cb5d210b639f9719b0dc2c10c,60.17002,24.94407,000000006b087f40,31.5
260,2019-08-01T14:15:00Z,d1c7c06b2b89b2b55c1c8e6277ebd64f2027c2b44797df4b1ee5b851,60.149,24.9843,00000000fffb8cf0,6.46
261,2019-08-01T14:15:00Z,d2fe2f273b9fdf86241f2e4937217a81ffaf42b7fb50a9e01efb812d,60.17002,24.94407,000000006b087f40,27.28
262,2019-08-01T14:15:00Z,d318bd4cb30d4fe62dbff621520a3790304440231ee499a9cb4b074a,60.16829,24.94214,00000000afef4555,16.1
263,2019-08-01T14:15:00Z,d43f974b51af009435c4aa5591dcd8772384c5c540b01f220e2a13a5,60.15432,24.9211,0000000019fb59c4,13.75
264,2019-08-01T14:15:00Z,d58682d83e549fd29b3e1d4a577d116bf884be3f31b31bc4aa2650ee,60.16629,24.95957,00000000fb7600be,11.7
265,2019-08-01T14:15:00Z,d5cd389fd6922c407504438fc23533dbc31699c06b5328d734753728,60.15432,24.9211,0000000019fb59c4,27.28
266,2019-08-01T14:15:00Z,d6aa3e45feee06327ef043b295459dfe16c5824b8e5a08cdfc618297,60.149,24.9843,00000000fffb8cf0,20.28
267,2019-08-01T14:15:00Z,d75e84230d2c3b0d138628e1111e28d09524f3ff02dfef71b06bcae2,60.149,24.9843,00000000fffb8cf0,18.79
268,2019-08-01T14:15:00Z,d9c2983f340588f9a8bf074ce3076fd6a5c089938062042399a694f8,60.17002,24.94407,000000006b087f40,21.87
269,2019-08-01T14:15:00Z,d9c8db5345ba3020ad7e44650d77b9ce5b8e7ab9683cf90bf1bab42f,60.16897,24.95222,00000000aa852af1,17.4
270,2019-08-01T14:15:00Z,d9fdc23812d336d041c9120a86833dd3f21ccf4a1f16fd10e22b5469,60.16629,24.95957,00000000fb7600be,21.87
271,2019-08-01T14:15:00Z,dc4672f511ad77f096e1e0096275d9b32572a904653cbb62747f2eac,60.16897,24.95222,00000000aa852af1,25.36
272,2019-08-01T14:15:00Z,dc97250e1374b1f72f6de9dccf5d8f6426ad498b76fa24e284fce53e,60.16531,24.9442,00000000fdda10fe,11.7
273,2019-08-01T14:15:00Z,dd884b822bf5b32b2c9471e6c10e19e7bb59d084977085cebd695f1f,60.16897,24.95222,00000000aa852af1,31.5
274,2019-08-01T14:15:00Z,df9e43583da5dd673dcf0385fbbe23632afe3656cb116346b67ffc4c,60.17919,24.95181,000000007b5207b6,10.78
275,2019-08-01T14:15:00Z,dfced68dcbba05e9109171ff4ffa0734eb5df793c540f0ad8916ce01,60.16897,24.95222,00000000aa852af1,16.1
276,2019-08-01T14:15:00Z,e0b8772e2e40e078a311c7f9d7f71e10423f925f02f91f0346fe2f09,60.16829,24.94214,00000000afef4555,3.4
277,2019-08-01T14:15:00Z,e44583989c1e0233e9a4a29afa795b0ae4d35e822cf6ee35f4124700,60.16531,24.9442,00000000fdda10fe,31.5
278,2019-08-01T14:15:00Z,e535281e6de54015d5e102f53d1144326f9dbd25a10dd078a98c447f,60.16629,24.95957,00000000fb7600be,20.28
279,2019-08-01T14:15:00Z,e6978b715da97d1928ed005052ddee6cccf94117097b867529f88478,60.16762,24.95415,000000006b44cce7,13.75
280,2019-08-01T14:15:00Z,e7dcc40c7854fa5ca0f549e5029f1b14ad6654d4c1197a9d4bcb944c,60.17918,24.95141,00000000675d5200,16.1
281,2019-08-01T14:15:00Z,ea17c3bddfe94a7fdc81583913d68c708eaaf919ed751c566e7abacf,60.15432,24.9211,0000000019fb59c4,27.28
282,2019-08-01T14:15:00Z,ea51f970e8a61477006fbeb27bcc86dc067bfb3fdc95b7ce373cf590,60.1538,24.95595,0000000038bf9618,5.91
283,2019-08-01T14:15:00Z,eb76175497d979f569fadd699741df6aeb956ff37e14bc4ec9f98bbd,60.16897,24.95222,00000000aa852af1,17.4
284,2019-08-01T14:15:00Z,ed55622b16e6c93a2a7cc56e56df8e8bd2dc7dec5b119ccdcac14949,60.16897,24.95222,00000000aa852af1,18.79
285,2019-08-01T14:15:00Z,ededc4e31fcfd9009346f27eab0146d020bb3584d486c52ca38e1e6c,60.14947,24.91438,000000004ef3150d,29.32
286,2019-08-01T14:15:00Z,ef0e61844e4e8e433e015bce427cbccb89b41c80b3a61a1a0867c9d1,60.16762,24.95415,000000006b44cce7,17.4
287,2019-08-01T14:15:00Z,ef1606ae3321b9d2bd60478019664a868f4c77b38a5242545d79207f,60.16629,24.95957,00000000fb7600be,16.1
288,2019-08-01T14:15:00Z,ef22d205ba9139ccc0d47e11b1b13c3d616d3afcb46638b2d097799f,60.16762,24.95415,000000006b44cce7,10.78
289,2019-08-01T14:15:00Z,ef560bbadc376c2890f62ec1f51dfc0e342893c9bc1e5610fee107a6,60.16829,24.94214,00000000afef4555,7.69
290,2019-08-01T14:15:00Z,ef8af190d35f85092e8bc6ae954e4d1b32a8532b9e96abb44f17b36e,60.18203,24.91341,00000000342570c2,23.56
291,2019-08-01T14:15:00Z,f0899c1a961413543f85bf372bc17aa9edceee0db1a1ae961d32768f,60.1538,24.95595,0000000038bf9618,29.32
292,2019-08-01T14:15:00Z,f16edb54d1c38d07a8595d37aaf4200a9d28744854ebd32621a4a197,60.16829,24.94214,00000000afef4555,11.7
293,2019-08-01T14:15:00Z,f1e18de67c94df46032edcbfe08f477cc55b6f0af309df11a9c6aadf,60.16897,24.95222,00000000aa852af1,18.79
294,2019-08-01T14:15:00Z,f2c4d031f62cbd180e4985a6104ba6cfaf5ce3eca1bacf8b4e6d2050,60.16531,24.9442,00000000fdda10fe,20.28
295,2019-08-01T14:15:00Z,f30620f4fe5567e795d7b794e2ebf7293cb09d6c1371f60fa3dc6ccb,60.16897,24.95222,00000000aa852af1,29.32
296,2019-08-01T14:15:00Z,f35ff1d4130924c6838078b054a7fd21ce9e45dae4f690e5e19acc7d,60.16762,24.95415,000000006b44cce7,7.69
297,2019-08-01T14:15:00Z,f46a45b8cf5e736258f84ebac97a5ba3d334e2b218e42f41e94e580c,60.1538,24.95595,0000000038bf9618,29.32
298,2019-08-01T14:15:00Z,f5d4d0fcfe83c481758e526a65892b7f9784fc31df22c51758740d55,60.16762,24.95415,000000006b44cce7,10.78
299,2019-08-01T14:15:00Z,f83bc7b77d1d3fe5289ac5d23b064588459c218938fff375d87675b6,60.16829,24.94214,00000000afef4555,11.7
300,2019-08-01T14:15:00Z,f8a48126d004ad2d98fe522541b06424a0647031fbc57e9eba5cb090,60.16531,24.9442,00000000fdda10fe,1.38
301,2019-08-01T14:15:00Z,f8e00956029ee23e5f549c2d2ac5f325ba5b4b3cdd15e731833caca5,60.16829,24.94214,00000000afef4555,2.08
302,2019-08-01T14:15:00Z,fb7898476e3f8e3ff00b37ed1eb67c8c22aa8a374405a90d96ddc9d3,60.16762,24.95415,000000006b44cce7,27.28
303,2019-08-01T14:15:00Z,fbdf38a0062eefd0b28a64beccb405c4b261172becf25758e8b23989,60.17919,24.95181,000000007b5207b6,27.28
304,2019-08-01T14:15:00Z,fcefe05fcb80850c371a5ffe72efa4ef4ef6988cfcb3f0f787488f62,60.1538,24.95595,0000000038bf9618,7.69
305,2019-08-01T14:15:00Z,fe87040950c966faf31bb21df0bf7120b790021858b91e6897b0fc44,60.18203,24.91341,00000000342570c2,18.79
306,2019-08-01T14:15:00Z,fe9f1da1823d771204247b701a2c9a650f00398efb8a477952bcd7ad,60.16448,24.97323,0000000053c6c2be,21.87
307,2019-08-01T14:15:00Z,ffd8b665f4a5f008206871d9717c9ec7b4b0d03041f2efc8c041163b,60.16897,24.95222,00000000aa852af1,23.56
308,2019-08-01T14:15:00Z,fff4121047b36f0bf73fe35af38c349cf1ccce9479d7e8786f7cd8d2,60.17919,24.95181,000000007b5207b6,17.4
309,2019-08-01T14:15:01Z,0fff89885f08417f20aadfdbf62a372277e9085bcd024374b772ecac,60.16531,24.9442,00000000fdda10fe,31.5
310,2019-08-01T14:15:01Z,144afc51fc2443c7031a2912566eff2ce60226a49d6d2bd7c2923700,60.16544,24.95398,0000000038d83d41,14.89
311,2019-08-01T14:15:01Z,14c7e1511b70f4dd3359cbece1377aebb4d70531f5489eefe53d7c3c,60.16544,24.95398,0000000038d83d41,27.28
312,2019-08-01T14:15:01Z,15918569de0a46a8eb56b43d8d39f7fc82619ff1006f00822c85745c,60.17919,24.95181,000000007b5207b6,6.46
313,2019-08-01T14:15:01Z,183819d22b9ea905121a4cd33d6869f4f8c1018d43e5e2a2dc235869,60.1638,24.96846,00000000d747f075,7.05
314,2019-08-01T14:15:01Z,2359f881a4fe8163beed82355aabbba0b00b99f1e4a2a4ccd7186bc4,60.15432,24.9211,0000000019fb59c4,7.69
315,2019-08-01T14:15:01Z,24d2f2ddd119efcb13abb0ab2cb53850e9788b6713967ccca4d6e071,60.16897,24.95222,00000000aa852af1,21.87
316,2019-08-01T14:15:01Z,29a5db8c78e553beb48552e1d686a6c7336d9012c50171aed15d6dc5,60.16544,24.95398,0000000038d83d41,11.7
317,2019-08-01T14:15:01Z,2a49f7fc9c505d9cebee5c8db80a08dbbdfdac858da38a1e9acc41b0,60.17919,24.95181,000000007b5207b6,5.41
318,2019-08-01T14:15:01Z,318582f1ecc8269ceaf372bc3c4bf29506881e7bceae48e2a80ae390,60.16829,24.94214,00000000afef4555,23.56
319,2019-08-01T14:15:01Z,3536acdc2a1749c73084a1cd48be1ecf5cdb47d481fdd3c7df9c0fcb,60.16829,24.94214,00000000afef4555,17.4
320,2019-08-01T14:15:01Z,43b676ed3aef4c2d8846694817e76117873be52e7f788e0cb366c1c4,60.16629,24.95957,00000000fb7600be,25.36
321,2019-08-01T14:15:01Z,4559fac98d1b6681cf97c2973bbb93dba73d13875eef16020cbf1bae,60.16629,24.95957,00000000fb7600be,27.28
322,2019-08-01T14:15:01Z,4de1234054c0ad564da4a96fa45a0531feaa109e9da645e55bf27afc,60.16629,24.95957,00000000fb7600be,13.75
323,2019-08-01T14:15:01Z,521d07aac01915c01a29e73112a2cdb4be4db5fdcf0d83c4f0ac4e25,60.14699,24.922,00000000a53ed894,33.81
324,2019-08-01T14:15:01Z,5d65719c4cbf045f068d084b72302f447d5fd034413d97d13be00d0e,60.18203,24.91341,00000000342570c2,21.87
325,2019-08-01T14:15:01Z,6625a4d61591c6a07516723eb06874cc91b69999a26d5e424e130b5e,60.15432,24.9211,0000000019fb59c4,16.1
326,2019-08-01T14:15:01Z,693099b54f1d14b899f005c233a431270bde084ad2fe05abf597743a,60.16544,24.95398,0000000038d83d41,12.69
327,2019-08-01T14:15:01Z,6d22b751ff5173035dc85c52c3dff0780126adae67fe33dc62dd45ef,60.16531,24.9442,00000000fdda10fe,14.89
