,time,hash,latitude,longitude,serial,distance
0,2019-08-01T21:07:00Z,03e0fc996a589ccdf1871b3c78e089c08c93ba1f2a02d740fb384aac,60.16531,24.9442,00000000fdda10fe,33.81
1,2019-08-01T21:07:00Z,075be70b0c9febdacbaeeb7cd5008912aad9ce85c22f5ee3d6b77e40,60.16897,24.95222,00000000aa852af1,25.36
2,2019-08-01T21:07:00Z,0add92bb629361fdf34a91a86a1f9e3aed5f10895edae2bd32f97fb0,60.14699,24.922,00000000a53ed894,20.28
3,2019-08-01T21:07:00Z,14c7e1511b70f4dd3359cbece1377aebb4d70531f5489eefe53d7c3c,60.16544,24.95398,0000000038d83d41,27.28
4,2019-08-01T21:07:00Z,165ebbb4090d47319ae370f0d0854fdc1f6b79499f8b2e4d3c3533c0,60.16544,24.95398,0000000038d83d41,31.5
5,2019-08-01T21:07:00Z,22581e1d9764b88a01034a4cab1a6b02fa4aa770025b9bd340685163,60.15432,24.9211,0000000019fb59c4,14.89
6,2019-08-01T21:07:00Z,297c725b456ef12d2712634b21546721cbe93224d3a5762d897404f2,60.16762,24.95415,000000006b44cce7,11.7
7,2019-08-01T21:07:00Z,2c94897aa62344f630952ad6032f5d7976419125d126b15c1386c8b1,60.1538,24.95595,0000000038bf9618,23.56
8,2019-08-01T21:07:00Z,351407b43e2d2cbb60e7481f6fea88dcd24a9ea0d5a0f63e5073d365,60.16544,24.95398,0000000038d83d41,23.56
9,2019-08-01T21:07:00Z,41d3af8da554a2f22a1c6596e0da84fd612b70022b5d295e6b4928e7,60.15432,24.9211,0000000019fb59c4,17.4
10,2019-08-01T21:07:00Z,43b676ed3aef4c2d8846694817e76117873be52e7f788e0cb366c1c4,60.16629,24.95957,00000000fb7600be,25.36
11,2019-08-01T21:07:00Z,44f1947d0640fa977e6056a6b644c7fec2930ccd7ba2750d71429f00,60.16544,24.95398,0000000038d83d41,23.56
12,2019-08-01T21:07:00Z,5802343c3c4b09ee3631f03e16ebb38a3b1999d65e3713eb82377455,60.16544,24.95398,0000000038d83d41,20.28
13,2019-08-01T21:07:00Z,59107c0fb745e0aacace35f3eb6888e9aa1cace3ca066219be32fe54,60.16897,24.95222,00000000aa852af1,23.56
14,2019-08-01T21:07:00Z,5c53b5477992af1e0b2d1af467fc8df542695a341ea3ef9fd510fc53,60.16762,24.95415,000000006b44cce7,17.4
15,2019-08-01T21:07:00Z,5d65719c4cbf045f068d084b72302f447d5fd034413d97d13be00d0e,60.18203,24.91341,00000000342570c2,21.87
16,2019-08-01T21:07:00Z,5eed115a984d490b02b602d73787aee8dc8c4e9365b77fbff3818a76,60.16629,24.95957,00000000fb7600be,17.4
17,2019-08-01T21:07:00Z,6011490fb2e02d0b9d936fa70a06572cb55ffd9a6a7c607cf75c5a71,60.16897,24.95222,00000000aa852af1,27.28
18,2019-08-01T21:07:00Z,693099b54f1d14b899f005c233a431270bde084ad2fe05abf597743a,60.16544,24.95398,0000000038d83d41,11.7
19,2019-08-01T21:07:00Z,6a54644283a4f5a6369abe947b4e9faf2ca3c25ef2ea42502cb60c5f,60.15432,24.9211,0000000019fb59c4,21.87
20,2019-08-01T21:07:00Z,6f06341f358e61699fe1e55e986dd0554bc8da28b91daf0c5ad99db6,60.16629,24.95957,00000000fb7600be,27.28
21,2019-08-01T21:07:00Z,6ff437688c444238352c28f64f9d2a7d0f14d19c9ea42c225380501e,60.16762,24.95415,000000006b44cce7,21.87
22,2019-08-01T21:07:00Z,71f1ccf548a0ec676009a1185a36ad6c18191be59b397e8261d67443,60.16762,24.95415,000000006b44cce7,6.46
23,2019-08-01T21:07:00Z,747f2d1ebff218c0ebbdc0fdaef4cbe56633dfb46ae1b1f8c8142201,60.16762,24.95415,000000006b44cce7,13.75
24,2019-08-01T21:07:00Z,77839e655f856d5295739c2388237a95b399c3b8a4f659cd1345d939,60.16829,24.94214,00000000afef4555,23.56
25,2019-08-01T21:07:00Z,87dfaad29a9276ddddb1fa021d3bc23ad14824c1af16f7d87e713689,60.14951,24.92138,0000000006dd41f6,7.05
26,2019-08-01T21:07:00Z,8c75c3289c84fe4493e1e272a77b615fe1985880c5dc68a7c1a17b53,60.16762,24.95415,000000006b44cce7,9.92
27,2019-08-01T21:07:00Z,8cc6ddaa460aeae8cc9e8a33f91a01c8cd4c0c8bf8a943210a28c84d,60.1538,24.95595,0000000038bf9618,20.28
28,2019-08-01T21:07:00Z,91d3b80de4439a4a49ddb8a04d72a0a2ec6c08f351d70232842af567,60.16762,24.95415,000000006b44cce7,27.28
29,2019-08-01T21:07:00Z,9843c6216661048343a0e49cf3d8aa2883cf77f452666a1c873a1052,60.16448,24.97323,0000000053c6c2be,14.89
30,2019-08-01T21:07:00Z,9a3441615c7a95dad7af50ae16b0ac928f9d84ea590ac67cfa97ef1e,60.16544,24.95398,0000000038d83d41,16.1
31,2019-08-01T21:07:00Z,9bc8068948a5b881e1bded553efe012fe129e3e4df62f64a6724917e,60.16829,24.94214,00000000afef4555,33.81
32,2019-08-01T21:07:00Z,9e542b3a7effec1e348e152448282ff99d56cacba9ecdb492a7dd572,60.1538,24.95595,0000000038bf9618,17.4
33,2019-08-01T21:07:00Z,a1ba09b019cae8df2ec9396f46a163e5b29858a11380955ed9605985,60.15432,24.9211,0000000019fb59c4,16.1
34,2019-08-01T21:07:00Z,b33ae7715d6d2571066655c2c8954a5a364b5601869047de83410d9f,60.16629,24.95957,00000000fb7600be,21.87
35,2019-08-01T21:07:00Z,b5fd6b317890e5ab2d79e2cd1abe61626d45a753c7337d0d40728898,60.16762,24.95415,000000006b44cce7,9.12
36,2019-08-01T21:07:00Z,bc47f02c87cebb9928c25d0ad0c1e77fa507b77e58f60e2420264dea,60.15432,24.9211,0000000019fb59c4,11.7
37,2019-08-01T21:07:00Z,c129dd128e6475a9f19e37c93fa734358684320e32cd565e787b0fcb,60.16544,24.95398,0000000038d83d41,25.36
38,2019-08-01T21:07:00Z,c40c37def6bf11a63a2556519a7c6233fd417cdeea2cf14f28e7c42c,60.16531,24.9442,00000000fdda10fe,18.79
39,2019-08-01T21:07:00Z,c4987065b4c4cb235c676c77aac913aa95281a4e8a18412aceaaea00,60.17002,24.94407,000000006b087f40,27.28
40,2019-08-01T21:07:00Z,cd1cd9b58ad2e42f3cf2c00d38a368e9c6575b9f5f2bb0737ea49771,60.16544,24.95398,0000000038d83d41,33.81
41,2019-08-01T21:07:00Z,ce4d251a2c6b56d67533935f9c53278886ef447f18ddca76b92d9335,60.16897,24.95222,00000000aa852af1,10.78
42,2019-08-01T21:07:00Z,cf05623e4d87ce0906c0b0b7dbf53aacc1228016cd27c341228b6e76,60.18203,24.91341,00000000342570c2,17.4
43,2019-08-01T21:07:00Z,e4d5e4ce6948a7be641aea768bcfddad2dc69af202e3b5a2bd920370,60.16829,24.94214,00000000afef4555,8.38
44,2019-08-01T21:07:00Z,f088630d7476dae7d4b7e2bb1f10575f2c89acb4b6e061f3d57c2b40,60.16531,24.9442,00000000fdda10fe,25.36
45,2019-08-01T21:07:00Z,fc4f3a44235f1cfc7b53f14ba2da599976a5a0a220d23b852688e485,60.17918,24.95141,00000000675d5200,33.81
46,2019-08-01T21:07:00Z,0137133b34865b617822b3ba17a9c1f0eddd9e851fe2e9cc34e5e573,60.16629,24.95957,00000000fb7600be,12.69
47,2019-08-01T21:07:00Z,05ac280ed543ac179afa0c7d28fb0d728fbdc25a31f163b1b4bf789c,60.16829,24.94214,00000000afef4555,23.56
48,2019-08-01T21:07:00Z,1b76e562e1105f5eaf32e0f2c3f5ba01e2d1b9615b767859bfea15e0,60.16762,24.95415,000000006b44cce7,17.4
49,2019-08-01T21:07:00Z,1b91edbc49ad4c4a9e657dd5669a1429aba1c8811f0b5c04213c731b,60.17918,24.95141,00000000675d5200,16.1
50,2019-08-01T21:07:00Z,1dacfb371d75dd4f90f447aac2a00faad98beb4188a6971c19eb2375,60.16629,24.95957,00000000fb7600be,18.79
51,2019-08-01T21:07:00Z,2616ba886a90e823c28a48496019b0196d489bc18a37076bbaf0332f,60.149,24.9843,00000000fffb8cf0,25.36
52,2019-08-01T21:07:00Z,28fb65def58dfd2f3b8eb78ef39685f15c2cab17474fad65e3aaf422,60.16762,24.95415,000000006b44cce7,23.56
53,2019-08-01T21:07:00Z,2b3f636658a1455185b5562bcd003371824214cd6b285ff9a6c7c6bb,60.16762,24.95415,000000006b44cce7,18.79
54,2019-08-01T21:07:00Z,317a6a83030a94190161f930951cd9c2c4d74dff54f05b465a99841f,60.16531,24.9442,00000000fdda10fe,16.1
55,2019-08-01T21:07:00Z,34f9f817910281b1443684983773b160bcd105d829ab491e89ade0fe,60.17002,24.94407,000000006b087f40,13.75
56,2019-08-01T21:07:00Z,360569663e6d7993f5b853e0a2e0456944b22f9482fac0fdfe78565b,60.16762,24.95415,000000006b44cce7,21.87
57,2019-08-01T21:07:00Z,3b70d670fb7c11aafef37945f0b636ac3a11d171ec55c0928a2f7b06,60.16544,24.95398,0000000038d83d41,31.5
58,2019-08-01T21:07:00Z,412a7a019a0090d39b84d0bdc83b64526571db38bb5c257c749c78ea,60.1538,24.95595,0000000038bf9618,27.28
59,2019-08-01T21:07:00Z,45974f34b99f3ac1d36427bc16395a8a89f2f58fb2961dc0c4096662,60.16629,24.95957,00000000fb7600be,18.79
60,2019-08-01T21:07:00Z,48a16adce258dbf77fdbe395d8526149bbe2280138b4e289eb95659c,60.14947,24.91438,000000004ef3150d,9.92
61,2019-08-01T21:07:00Z,495f08363fc06c26b5472ae739b8636f530af072aea6a9dec0e8fdc1,60.16762,24.95415,000000006b44cce7,11.7
62,2019-08-01T21:07:00Z,4f0c3ba2bbc4cb7a3c0be279abfcc727760b75617477ad6e0d271a6d,60.16762,24.95415,000000006b44cce7,23.56
63,2019-08-01T21:07:00Z,53663e5001a2538f40dea5c64009dc6c0037d16bd71c1a2f7c5b8513,60.16897,24.95222,00000000aa852af1,29.32
64,2019-08-01T21:07:00Z,54aec80f83440c64d4d326b4e132046c74f1427fff9bbbb689026132,60.16762,24.95415,000000006b44cce7,20.28
65,2019-08-01T21:07:00Z,562cb8f6e35ed1f148784dba0ec444de0bfe82890def30e57d2cea56,60.16762,24.95415,000000006b44cce7,21.87
66,2019-08-01T21:07:00Z,584743ec67ad39bc24ae9f306653efa427056434479c3307f24372ff,60.16531,24.9442,00000000fdda10fe,5.41
67,2019-08-01T21:07:00Z,584cb0b0cdd14e608c8b57c8aecc9826f9b40027e365e2438a444ea2,60.16762,24.95415,000000006b44cce7,10.78
68,2019-08-01T21:07:00Z,599911539bd9c809d19e0f2e915348a0c7dda4291496a7fa96916d0f,60.16897,24.95222,00000000aa852af1,17.4
69,2019-08-01T21:07:00Z,5d345ea72200415d76f92056fb58c9ccc91acf3cb8ff14788bd3c463,60.16762,24.95415,000000006b44cce7,13.75
70,2019-08-01T21:07:00Z,5fd0f09d3eb78b689cf6f902d9699a66432e5b5bbb729073273fab69,60.16829,24.94214,00000000afef4555,23.56
71,2019-08-01T21:07:00Z,695af3dc1f291d27b50bdfaaaa74b8f003aeff7c39132cf3306451be,60.17002,24.94407,000000006b087f40,25.36
72,2019-08-01T21:07:00Z,6d68d344ed3309959ce5e04496a67ab8dc8d64febe45f00a95323ac7,60.16762,24.95415,000000006b44cce7,18.79
73,2019-08-01T21:07:00Z,74cb545f76f0bfc5498607247e26e814276a11ce91f77208054ecbc5,60.17002,24.94407,000000006b087f40,21.87
74,2019-08-01T21:07:00Z,7d084884f8b07c86bf262585b59db7253915ceca3042de899e907e1a,60.16629,24.95957,00000000fb7600be,18.79
75,2019-08-01T21:07:00Z,85702fc6eb80e93f4f30f44e9f50a7a39db67084d3e9a905d8559c28,60.16897,24.95222,00000000aa852af1,18.79
76,2019-08-01T21:07:00Z,87da09311f6596cd380425faa59d647146a0224c18b88e1b1aac91cb,60.16829,24.94214,00000000afef4555,31.5
77,2019-08-01T21:07:00Z,934d0b0814cf2cd73a714d825599c8753be59ed44d807a63ff49f0a7,60.16762,24.95415,000000006b44cce7,5.91
78,2019-08-01T21:07:00Z,99a026b5100e23129fa529e9a57a3dbc8490dc03b58f2193f03e2dcf,60.16531,24.9442,00000000fdda10fe,17.4
79,2019-08-01T21:07:00Z,9d713c9ce415e473048b45bbb35d6dcdef35cabaca39aa54f2e781a3,60.16531,24.9442,00000000fdda10fe,36.27
80,2019-08-01T21:07:00Z,9f44742c06e9ac6581b04460ef97cbd5667b0f3972b40b08d0041946,60.17918,24.95141,00000000675d5200,9.12
81,2019-08-01T21:07:00Z,a77c59265a2fe377cbf892b3b265ac80db20992ad5d8dfa4ec50fdaf,60.16762,24.95415,000000006b44cce7,14.89
82,2019-08-01T21:07:00Z,afc987657af85b111873e2a440f942da732f2603ce62cae0333b74e3,60.16762,24.95415,000000006b44cce7,13.75
83,2019-08-01T21:07:00Z,b0ea6c22666ca8560dea5ffc111c38586617623660d7aa1ef4f36a4c,60.14947,24.91438,000000004ef3150d,14.89
84,2019-08-01T21:07:00Z,b18bb95d3505225b331e3d25b1ec297f1041e2d82644a443e9d5bc01,60.16897,24.95222,00000000aa852af1,27.28
85,2019-08-01T21:07:00Z,b6b19c3283a0fe626d5c8e3cd689156518aec5b91e2bc1bead1a81e9,60.16531,24.9442,00000000fdda10fe,17.4
86,2019-08-01T21:07:00Z,bd843bd97c2d5d661bdfa1643efa8d04f486eaf0066679bc096887ab,60.16762,24.95415,000000006b44cce7,27.28
87,2019-08-01T21:07:00Z,c698c28ca817c9057b59d8abc03c4724551b1fe90b70a70e7848d269,60.16531,24.9442,00000000fdda10fe,10.78
88,2019-08-01T21:07:00Z,c9ce14e0dbf0cf3c24f6a92a1930fa32de9a1de0ffe63082ccddb0d6,60.16448,24.97323,0000000053c6c2be,17.4
89,2019-08-01T21:07:00Z,e32c9fcc9f8e3d79e3e6485c8d6e1ac8a9532f735aaba1ea2f285c27,60.17002,24.94407,000000006b087f40,27.28
90,2019-08-01T21:07:00Z,ec52daaa51cd7326c2b54d3f4cf4776cba52354b1515c0bcb938063d,60.16829,24.94214,00000000afef4555,13.75
91,2019-08-01T21:07:00Z,f85dd9404ea7433a8c33847e8cd690fb23c4165f780c2cbdd88b00c7,60.16829,24.94214,00000000afef4555,29.32
92,2019-08-01T21:07:00Z,f9399339c3de44774896319d3f291771cebcaf2666df1d6062469882,60.16531,24.9442,00000000fdda10fe,27.28
93,2019-08-01T21:07:01Z,075be70b0c9febdacbaeeb7cd5008912aad9ce85c22f5ee3d6b77e40,60.16897,24.95222,00000000aa852af1,20.28
94,2019-08-01T21:07:01Z,0add92bb629361fdf34a91a86a1f9e3aed5f10895edae2bd32f97fb0,60.14699,24.922,00000000a53ed894,23.56
95,2019-08-01T21:07:01Z,14c7e1511b70f4dd3359cbece1377aebb4d70531f5489eefe53d7c3c,60.16544,24.95398,0000000038d83d41,21.87
96,2019-08-01T21:07:01Z,165ebbb4090d47319ae370f0d0854fdc1f6b79499f8b2e4d3c3533c0,60.16544,24.95398,0000000038d83d41,23.56
97,2019-08-01T21:07:01Z,22581e1d9764b88a01034a4cab1a6b02fa4aa770025b9bd340685163,60.15432,24.9211,0000000019fb59c4,9.92
98,2019-08-01T21:07:01Z,297c725b456ef12d2712634b21546721cbe93224d3a5762d897404f2,60.16762,24.95415,000000006b44cce7,11.7
99,2019-08-01T21:07:01Z,2c94897aa62344f630952ad6032f5d7976419125d126b15c1386c8b1,60.1538,24.95595,0000000038bf9618,33.81
100,2019-08-01T21:07:01Z,351407b43e2d2cbb60e7481f6fea88dcd24a9ea0d5a0f63e5073d365,60.16544,24.95398,0000000038d83d41,27.28
101,2019-08-01T21:07:01Z,41d3af8da554a2f22a1c6596e0da84fd612b70022b5d295e6b4928e7,60.15432,24.9211,0000000019fb59c4,10.78
102,2019-08-01T21:07:01Z,43b676ed3aef4c2d8846694817e76117873be52e7f788e0cb366c1c4,60.16629,24.95957,00000000fb7600be,23.56
103,2019-08-01T21:07:01Z,44f1947d0640fa977e6056a6b644c7fec2930ccd7ba2750d71429f00,60.16544,24.95398,0000000038d83d41,21.87
104,2019-08-01T21:07:01Z,5802343c3c4b09ee3631f03e16ebb38a3b1999d65e3713eb82377455,60.16544,24.95398,0000000038d83d41,21.87
105,2019-08-01T21:07:01Z,59107c0fb745e0aacace35f3eb6888e9aa1cace3ca066219be32fe54,60.16897,24.95222,00000000aa852af1,18.79
106,2019-08-01T21:07:01Z,5b91abc1d452431fdb7bc15f638eee91a54034b6327f40e58ccacda6,60.14947,24.91438,000000004ef3150d,31.5
107,2019-08-01T21:07:01Z,5bbb5184fded3e51bc78e45e39917794285e6bbc72da404802a9599a,60.16531,24.9442,00000000fdda10fe,20.28
108,2019-08-01T21:07:01Z,5d65719c4cbf045f068d084b72302f447d5fd034413d97d13be00d0e,60.18203,24.91341,00000000342570c2,17.4
109,2019-08-01T21:07:01Z,5eed115a984d490b02b602d73787aee8dc8c4e9365b77fbff3818a76,60.16629,24.95957,00000000fb7600be,25.36
110,2019-08-01T21:07:01Z,6011490fb2e02d0b9d936fa70a06572cb55ffd9a6a7c607cf75c5a71,60.16897,24.95222,00000000aa852af1,18.79
111,2019-08-01T21:07:01Z,6066632ddc94b5c482a2d4f45ed2532e55e3fd63e414a084a596a737,60.16762,24.95415,000000006b44cce7,23.56
112,2019-08-01T21:07:01Z,66dabd3229229330d23c70e9e1737429ddfe69db01f4a6a00f70fa20,60.16762,24.95415,000000006b44cce7,25.36
113,2019-08-01T21:07:01Z,693099b54f1d14b899f005c233a431270bde084ad2fe05abf597743a,60.16544,24.95398,0000000038d83d41,14.89
114,2019-08-01T21:07:01Z,6a54644283a4f5a6369abe947b4e9faf2ca3c25ef2ea42502cb60c5f,60.15432,24.9211,0000000019fb59c4,13.75
115,2019-08-01T21:07:01Z,6f06341f358e61699fe1e55e986dd0554bc8da28b91daf0c5ad99db6,60.16629,24.95957,00000000fb7600be,29.32
116,2019-08-01T21:07:01Z,6ff437688c444238352c28f64f9d2a7d0f14d19c9ea42c225380501e,60.16762,24.95415,000000006b44cce7,21.87
117,2019-08-01T21:07:01Z,71f1ccf548a0ec676009a1185a36ad6c18191be59b397e8261d67443,60.16762,24.95415,000000006b44cce7,9.12
118,2019-08-01T21:07:01Z,747f2d1ebff218c0ebbdc0fdaef4cbe56633dfb46ae1b1f8c8142201,60.16762,24.95415,000000006b44cce7,16.1
119,2019-08-01T21:07:01Z,77839e655f856d5295739c2388237a95b399c3b8a4f659cd1345d939,60.16829,24.94214,00000000afef4555,25.36
120,2019-08-01T21:07:01Z,7a3db40d91e137d1381ac690a78039878e0baa317ed9a7cd6882df27,60.16762,24.95415,000000006b44cce7,23.56
121,2019-08-01T21:07:01Z,87dfaad29a9276ddddb1fa021d3bc23ad14824c1af16f7d87e713689,60.14951,24.92138,0000000006dd41f6,6.46
122,2019-08-01T21:07:01Z,8c75c3289c84fe4493e1e272a77b615fe1985880c5dc68a7c1a17b53,60.16762,24.95415,000000006b44cce7,10.78
123,2019-08-01T21:07:01Z,8cc6ddaa460aeae8cc9e8a33f91a01c8cd4c0c8bf8a943210a28c84d,60.1538,24.95595,0000000038bf9618,23.56
124,2019-08-01T21:07:01Z,9843c6216661048343a0e49cf3d8aa2883cf77f452666a1c873a1052,60.16448,24.97323,0000000053c6c2be,14.89
125,2019-08-01T21:07:01Z,9a3441615c7a95dad7af50ae16b0ac928f9d84ea590ac67cfa97ef1e,60.16544,24.95398,0000000038d83d41,18.79
126,2019-08-01T21:07:01Z,9e542b3a7effec1e348e152448282ff99d56cacba9ecdb492a7dd572,60.1538,24.95595,0000000038bf9618,17.4
127,2019-08-01T21:07:01Z,a1ba09b019cae8df2ec9396f46a163e5b29858a11380955ed9605985,60.15432,24.9211,0000000019fb59c4,16.1
128,2019-08-01T21:07:01Z,a91d379a4b57c5df22db0d7a041ff69f657b4b31f28554b1011fc03c,60.16544,24.95398,0000000038d83d41,36.27
129,2019-08-01T21:07:01Z,b33ae7715d6d2571066655c2c8954a5a364b5601869047de83410d9f,60.16629,24.95957,00000000fb7600be,25.36
130,2019-08-01T21:07:01Z,b5026d7cf52e7ab96df2ba76a516d819fb11765e520b765d373d186b,60.16448,24.97323,0000000053c6c2be,36.27
131,2019-08-01T21:07:01Z,b5fd6b317890e5ab2d79e2cd1abe61626d45a753c7337d0d40728898,60.16762,24.95415,000000006b44cce7,9.12
132,2019-08-01T21:07:01Z,bc47f02c87cebb9928c25d0ad0c1e77fa507b77e58f60e2420264dea,60.15432,24.9211,0000000019fb59c4,17.4
133,2019-08-01T21:07:01Z,c129dd128e6475a9f19e37c93fa734358684320e32cd565e787b0fcb,60.16544,24.95398,0000000038d83d41,17.4
134,2019-08-01T21:07:01Z,c4987065b4c4cb235c676c77aac913aa95281a4e8a18412aceaaea00,60.17002,24.94407,000000006b087f40,29.32
135,2019-08-01T21:07:01Z,ce4d251a2c6b56d67533935f9c53278886ef447f18ddca76b92d9335,60.16897,24.95222,00000000aa852af1,10.78
136,2019-08-01T21:07:01Z,cf05623e4d87ce0906c0b0b7dbf53aacc1228016cd27c341228b6e76,60.18203,24.91341,00000000342570c2,18.79
137,2019-08-01T21:07:01Z,e4d5e4ce6948a7be641aea768bcfddad2dc69af202e3b5a2bd920370,60.16829,24.94214,00000000afef4555,16.1
138,2019-08-01T21:07:01Z,ed70dda6b7faebd4340dacdb452ab224d9d3c308df417b7fa76f54e8,60.14951,24.92138,0000000006dd41f6,20.28
139,2019-08-01T21:07:01Z,f088630d7476dae7d4b7e2bb1f10575f2c89acb4b6e061f3d57c2b40,60.16531,24.9442,00000000fdda10fe,25.36
140,2019-08-01T21:07:01Z,fc4f3a44235f1cfc7b53f14ba2da599976a5a0a220d23b852688e485,60.17919,24.95181,000000007b5207b6,17.4
141,2019-08-01T21:07:01Z,0137133b34865b617822b3ba17a9c1f0eddd9e851fe2e9cc34e5e573,60.16629,24.95957,00000000fb7600be,12.69
142,2019-08-01T21:07:01Z,05ac280ed543ac179afa0c7d28fb0d728fbdc25a31f163b1b4bf789c,60.16829,24.94214,00000000afef4555,21.87
143,2019-08-01T21:07:01Z,1146e5d9e8c2dcaf7bd20da6909b544365f281f163b2b3f902ecf6f6,60.14699,24.922,00000000a53ed894,27.28
144,2019-08-01T21:07:01Z,153e69a8c7b42c2870712b674b7ad0ad5c04b29406e0cf1f412dbc17,60.17002,24.94407,000000006b087f40,23.56
145,2019-08-01T21:07:01Z,1b91edbc49ad4c4a9e657dd5669a1429aba1c8811f0b5c04213c731b,60.17918,24.95141,00000000675d5200,17.4
146,2019-08-01T21:07:01Z,1dacfb371d75dd4f90f447aac2a00faad98beb4188a6971c19eb2375,60.16629,24.95957,00000000fb7600be,17.4
147,2019-08-01T21:07:01Z,1ecbc7c6afe89033252e5510cbb893666af2b3bc29f555a3a6287fdb,60.14951,24.92138,0000000006dd41f6,2.54
148,2019-08-01T21:07:01Z,220aa77bd9d9dbb23e0b1c99ffbb9d3bcdaf0626d992ee70693bf268,60.16762,24.95415,000000006b44cce7,16.1
149,2019-08-01T21:07:01Z,25b9a688fda1515f9ff250d01f89c4491af81e3721b9b2348d88d2e3,60.16762,24.95415,000000006b44cce7,21.87
150,2019-08-01T21:07:01Z,2616ba886a90e823c28a48496019b0196d489bc18a37076bbaf0332f,60.149,24.9843,00000000fffb8cf0,31.5
151,2019-08-01T21:07:01Z,2970ecf01426390fc2f4e429f4eccfe3f7737b3d9c588d67fb9b7a93,60.16829,24.94214,00000000afef4555,16.1
152,2019-08-01T21:07:01Z,2c025afc927fafdc49a2d71f01f29c4ebbe51432ddee641c69cac535,60.16762,24.95415,000000006b44cce7,20.28
153,2019-08-01T21:07:01Z,317a6a83030a94190161f930951cd9c2c4d74dff54f05b465a99841f,60.16531,24.9442,00000000fdda10fe,18.79
154,2019-08-01T21:07:01Z,34f9f817910281b1443684983773b160bcd105d829ab491e89ade0fe,60.17002,24.94407,000000006b087f40,21.87
155,2019-08-01T21:07:01Z,3672f659f18f653d69e8496bb599242428729fcc7627621b16f68c99,60.16897,24.95222,00000000aa852af1,27.28
156,2019-08-01T21:07:01Z,412a7a019a0090d39b84d0bdc83b64526571db38bb5c257c749c78ea,60.1538,24.95595,0000000038bf9618,27.28
157,2019-08-01T21:07:01Z,45974f34b99f3ac1d36427bc16395a8a89f2f58fb2961dc0c4096662,60.16629,24.95957,00000000fb7600be,17.4
158,2019-08-01T21:07:01Z,48a16adce258dbf77fdbe395d8526149bbe2280138b4e289eb95659c,60.14947,24.91438,000000004ef3150d,8.38
159,2019-08-01T21:07:01Z,495f08363fc06c26b5472ae739b8636f530af072aea6a9dec0e8fdc1,60.16762,24.95415,000000006b44cce7,9.12
160,2019-08-01T21:07:01Z,562cb8f6e35ed1f148784dba0ec444de0bfe82890def30e57d2cea56,60.16762,24.95415,000000006b44cce7,31.5
161,2019-08-01T21:07:01Z,584743ec67ad39bc24ae9f306653efa427056434479c3307f24372ff,60.16531,24.9442,00000000fdda10fe,8.38
162,2019-08-01T21:07:01Z,584cb0b0cdd14e608c8b57c8aecc9826f9b40027e365e2438a444ea2,60.16762,24.95415,000000006b44cce7,10.78
163,2019-08-01T21:07:01Z,59767c88d44206a23dabccd4a8b3da9d705a55497a90c1f8622474b9,60.17002,24.94407,000000006b087f40,31.5
164,2019-08-01T21:07:01Z,599911539bd9c809d19e0f2e915348a0c7dda4291496a7fa96916d0f,60.16897,24.95222,00000000aa852af1,25.36
165,2019-08-01T21:07:01Z,666f5bf7caf1c480777644bc630cac3c297e7a582c233938bd366c17,60.16448,24.97323,0000000053c6c2be,38.87
166,2019-08-01T21:07:01Z,6bbdde43695e98f64bcee39e55c779c51d5ae6f728651a9f0f196de3,60.16762,24.95415,000000006b44cce7,23.56
167,2019-08-01T21:07:01Z,6c11fa2ea037fcf94acc1d8fa882fece05858ccb512d4a0570755bcc,60.16448,24.97323,0000000053c6c2be,21.87
168,2019-08-01T21:07:01Z,6dc4a3dfebfc74a5cdf76cbe717a4ee37cd8fc6010c52af0f06f6999,60.16762,24.95415,000000006b44cce7,18.79
169,2019-08-01T21:07:01Z,75ca5fddc0e743ea1f28c3253ab5a0c07d1c837c2b6b58f503c7a84d,60.16531,24.9442,00000000fdda10fe,29.32
170,2019-08-01T21:07:01Z,7d084884f8b07c86bf262585b59db7253915ceca3042de899e907e1a,60.16629,24.95957,00000000fb7600be,17.4
171,2019-08-01T21:07:01Z,8ad203ae13831eeceee77dffb0d81aa7dd0551f4cb2b534d65fd3ed5,60.17002,24.94407,000000006b087f40,27.28
172,2019-08-01T21:07:01Z,934d0b0814cf2cd73a714d825599c8753be59ed44d807a63ff49f0a7,60.16762,24.95415,000000006b44cce7,6.46
173,2019-08-01T21:07:01Z,99a026b5100e23129fa529e9a57a3dbc8490dc03b58f2193f03e2dcf,60.16531,24.9442,00000000fdda10fe,21.87
174,2019-08-01T21:07:01Z,9f44742c06e9ac6581b04460ef97cbd5667b0f3972b40b08d0041946,60.17918,24.95141,00000000675d5200,14.89
175,2019-08-01T21:07:01Z,a4bcbdc94ef3350d1e195024906a6ad8b45bd8edf80c49a3b4c01929,60.17002,24.94407,000000006b087f40,36.27
176,2019-08-01T21:07:01Z,a77c59265a2fe377cbf892b3b265ac80db20992ad5d8dfa4ec50fdaf,60.16762,24.95415,000000006b44cce7,14.89
177,2019-08-01T21:07:01Z,afc987657af85b111873e2a440f942da732f2603ce62cae0333b74e3,60.16762,24.95415,000000006b44cce7,7.69
178,2019-08-01T21:07:01Z,b0ea6c22666ca8560dea5ffc111c38586617623660d7aa1ef4f36a4c,60.14947,24.91438,000000004ef3150d,7.69
179,2019-08-01T21:07:01Z,b6b19c3283a0fe626d5c8e3cd689156518aec5b91e2bc1bead1a81e9,60.16531,24.9442,00000000fdda10fe,9.12
180,2019-08-01T21:07:01Z,b8f6ef6bf88c91596cf15206ff9a2e182d903051ba2d7b3b2fff797d,60.17002,24.94407,000000006b087f40,23.56
181,2019-08-01T21:07:01Z,bd843bd97c2d5d661bdfa1643efa8d04f486eaf0066679bc096887ab,60.16762,24.95415,000000006b44cce7,29.32
182,2019-08-01T21:07:01Z,c120548921b4a7b40962d7a16e196e5f5a63eb5aa748dac380b0d242,60.17065,24.93641,000000000f4919c9,25.36
183,2019-08-01T21:07:01Z,c698c28ca817c9057b59d8abc03c4724551b1fe90b70a70e7848d269,60.16531,24.9442,00000000fdda10fe,29.32
184,2019-08-01T21:07:01Z,cbb4404829670327ba671a36a32752fe197199cbc6b59cd4e24b96ec,60.15133,24.92329,00000000e8a064a4,25.36
185,2019-08-01T21:07:01Z,dd3286125d6fe710c233999262d0144e09d40fa89580a89a2d3a000a,60.16897,24.95222,00000000aa852af1,50.98
186,2019-08-01T21:07:01Z,e32c9fcc9f8e3d79e3e6485c8d6e1ac8a9532f735aaba1ea2f285c27,60.17002,24.94407,000000006b087f40,27.28
187,2019-08-01T21:07:01Z,e7a1282a8390926750c0596c9364ca38c0d4bebea83a310614a36e77,60.16762,24.95415,000000006b44cce7,18.79
188,2019-08-01T21:07:01Z,ec52daaa51cd7326c2b54d3f4cf4776cba52354b1515c0bcb938063d,60.16829,24.94214,00000000afef4555,14.89
189,2019-08-01T21:07:01Z,f9399339c3de44774896319d3f291771cebcaf2666df1d6062469882,60.16531,24.9442,00000000fdda10fe,27.28
190,2019-08-01T21:07:02Z,075be70b0c9febdacbaeeb7cd5008912aad9ce85c22f5ee3d6b77e40,60.16897,24.95222,00000000aa852af1,27.28
191,2019-08-01T21:07:02Z,0add92bb629361fdf34a91a86a1f9e3aed5f10895edae2bd32f97fb0,60.14699,24.922,00000000a53ed894,23.56
192,2019-08-01T21:07:02Z,14c7e1511b70f4dd3359cbece1377aebb4d70531f5489eefe53d7c3c,60.16544,24.95398,0000000038d83d41,29.32
193,2019-08-01T21:07:02Z,22581e1d9764b88a01034a4cab1a6b02fa4aa770025b9bd340685163,60.15432,24.9211,0000000019fb59c4,8.38
194,2019-08-01T21:07:02Z,297c725b456ef12d2712634b21546721cbe93224d3a5762d897404f2,60.16762,24.95415,000000006b44cce7,10.78
195,2019-08-01T21:07:02Z,2c94897aa62344f630952ad6032f5d7976419125d126b15c1386c8b1,60.1538,24.95595,0000000038bf9618,21.87
196,2019-08-01T21:07:02Z,41d3af8da554a2f22a1c6596e0da84fd612b70022b5d295e6b4928e7,60.15432,24.9211,0000000019fb59c4,10.78
197,2019-08-01T21:07:02Z,43b676ed3aef4c2d8846694817e76117873be52e7f788e0cb366c1c4,60.16629,24.95957,00000000fb7600be,27.28
198,2019-08-01T21:07:02Z,44f1947d0640fa977e6056a6b644c7fec2930ccd7ba2750d71429f00,60.16544,24.95398,0000000038d83d41,20.28
199,2019-08-01T21:07:02Z,5802343c3c4b09ee3631f03e16ebb38a3b1999d65e3713eb82377455,60.16544,24.95398,0000000038d83d41,23.56
200,2019-08-01T21:07:02Z,59107c0fb745e0aacace35f3eb6888e9aa1cace3ca066219be32fe54,60.16897,24.95222,00000000aa852af1,20.28
201,2019-08-01T21:07:02Z,5bbb5184fded3e51bc78e45e39917794285e6bbc72da404802a9599a,60.16531,24.9442,00000000fdda10fe,23.56
202,2019-08-01T21:07:02Z,5c53b5477992af1e0b2d1af467fc8df542695a341ea3ef9fd510fc53,60.16762,24.95415,000000006b44cce7,17.4
203,2019-08-01T21:07:02Z,5d65719c4cbf045f068d084b72302f447d5fd034413d97d13be00d0e,60.18203,24.91341,00000000342570c2,18.79
204,2019-08-01T21:07:02Z,5eed115a984d490b02b602d73787aee8dc8c4e9365b77fbff3818a76,60.16629,24.95957,00000000fb7600be,18.79
205,2019-08-01T21:07:02Z,6011490fb2e02d0b9d936fa70a06572cb55ffd9a6a7c607cf75c5a71,60.16897,24.95222,00000000aa852af1,20.28
206,2019-08-01T21:07:02Z,693099b54f1d14b899f005c233a431270bde084ad2fe05abf597743a,60.16544,24.95398,0000000038d83d41,11.7
207,2019-08-01T21:07:02Z,6a54644283a4f5a6369abe947b4e9faf2ca3c25ef2ea42502cb60c5f,60.15432,24.9211,0000000019fb59c4,14.89
208,2019-08-01T21:07:02Z,6f06341f358e61699fe1e55e986dd0554bc8da28b91daf0c5ad99db6,60.16629,24.95957,00000000fb7600be,17.4
209,2019-08-01T21:07:02Z,6ff437688c444238352c28f64f9d2a7d0f14d19c9ea42c225380501e,60.16762,24.95415,000000006b44cce7,20.28
210,2019-08-01T21:07:02Z,71f1ccf548a0ec676009a1185a36ad6c18191be59b397e8261d67443,60.16762,24.95415,000000006b44cce7,9.12
211,2019-08-01T21:07:02Z,747f2d1ebff218c0ebbdc0fdaef4cbe56633dfb46ae1b1f8c8142201,60.16762,24.95415,000000006b44cce7,12.69
212,2019-08-01T21:07:02Z,77839e655f856d5295739c2388237a95b399c3b8a4f659cd1345d939,60.16829,24.94214,00000000afef4555,25.36
213,2019-08-01T21:07:02Z,78d5f60b36b59c06c3988b94e11744bb3aed5dcbc214f91f228bf892,60.16448,24.97323,0000000053c6c2be,27.28
214,2019-08-01T21:07:02Z,7e9a43fd9918108a1e1f68ee62b044bd361736c1b4ab9261f449fe31,60.15133,24.92329,00000000e8a064a4,31.5
215,2019-08-01T21:07:02Z,87dfaad29a9276ddddb1fa021d3bc23ad14824c1af16f7d87e713689,60.14951,24.92138,0000000006dd41f6,10.78
216,2019-08-01T21:07:02Z,8c75c3289c84fe4493e1e272a77b615fe1985880c5dc68a7c1a17b53,60.16762,24.95415,000000006b44cce7,11.7
217,2019-08-01T21:07:02Z,8cc6ddaa460aeae8cc9e8a33f91a01c8cd4c0c8bf8a943210a28c84d,60.1538,24.95595,0000000038bf9618,20.28
218,2019-08-01T21:07:02Z,91d3b80de4439a4a49ddb8a04d72a0a2ec6c08f351d70232842af567,60.16762,24.95415,000000006b44cce7,29.32
219,2019-08-01T21:07:02Z,9843c6216661048343a0e49cf3d8aa2883cf77f452666a1c873a1052,60.16448,24.97323,0000000053c6c2be,18.79
220,2019-08-01T21:07:02Z,9a3441615c7a95dad7af50ae16b0ac928f9d84ea590ac67cfa97ef1e,60.16544,24.95398,0000000038d83d41,18.79
221,2019-08-01T21:07:02Z,9e542b3a7effec1e348e152448282ff99d56cacba9ecdb492a7dd572,60.1538,24.95595,0000000038bf9618,13.75
222,2019-08-01T21:07:02Z,a1ba09b019cae8df2ec9396f46a163e5b29858a11380955ed9605985,60.15432,24.9211,0000000019fb59c4,13.75
223,2019-08-01T21:07:02Z,a91d379a4b57c5df22db0d7a041ff69f657b4b31f28554b1011fc03c,60.16544,24.95398,0000000038d83d41,29.32
224,2019-08-01T21:07:02Z,b5fd6b317890e5ab2d79e2cd1abe61626d45a753c7337d0d40728898,60.16762,24.95415,000000006b44cce7,7.05
225,2019-08-01T21:07:02Z,bc47f02c87cebb9928c25d0ad0c1e77fa507b77e58f60e2420264dea,60.15432,24.9211,0000000019fb59c4,23.56
226,2019-08-01T21:07:02Z,c129dd128e6475a9f19e37c93fa734358684320e32cd565e787b0fcb,60.16544,24.95398,0000000038d83d41,16.1
227,2019-08-01T21:07:02Z,c40c37def6bf11a63a2556519a7c6233fd417cdeea2cf14f28e7c42c,60.16531,24.9442,00000000fdda10fe,21.87
228,2019-08-01T21:07:02Z,c4987065b4c4cb235c676c77aac913aa95281a4e8a18412aceaaea00,60.17002,24.94407,000000006b087f40,23.56
229,2019-08-01T21:07:02Z,ce4d251a2c6b56d67533935f9c53278886ef447f18ddca76b92d9335,60.16897,24.95222,00000000aa852af1,9.92
230,2019-08-01T21:07:02Z,cf05623e4d87ce0906c0b0b7dbf53aacc1228016cd27c341228b6e76,60.18203,24.91341,00000000342570c2,36.27
231,2019-08-01T21:07:02Z,e4d5e4ce6948a7be641aea768bcfddad2dc69af202e3b5a2bd920370,60.16829,24.94214,00000000afef4555,10.78
232,2019-08-01T21:07:02Z,ed70dda6b7faebd4340dacdb452ab224d9d3c308df417b7fa76f54e8,60.14951,24.92138,0000000006dd41f6,23.56
233,2019-08-01T21:07:02Z,efee51ef530374658345b36dcb9bfcfa94419f6777ef9fe244df55b5,60.17002,24.94407,000000006b087f40,21.87
234,2019-08-01T21:07:02Z,f088630d7476dae7d4b7e2bb1f10575f2c89acb4b6e061f3d57c2b40,60.16531,24.9442,00000000fdda10fe,23.56
235,2019-08-01T21:07:02Z,fc4f3a44235f1cfc7b53f14ba2da599976a5a0a220d23b852688e485,60.17919,24.95181,000000007b5207b6,18.79
236,2019-08-01T21:07:02Z,0137133b34865b617822b3ba17a9c1f0eddd9e851fe2e9cc34e5e573,60.16629,24.95957,00000000fb7600be,12.69
237,2019-08-01T21:07:02Z,1146e5d9e8c2dcaf7bd20da6909b544365f281f163b2b3f902ecf6f6,60.14699,24.922,00000000a53ed894,25.36
238,2019-08-01T21:07:02Z,1b91edbc49ad4c4a9e657dd5669a1429aba1c8811f0b5c04213c731b,60.17918,24.95141,00000000675d5200,17.4
239,2019-08-01T21:07:02Z,1dacfb371d75dd4f90f447aac2a00faad98beb4188a6971c19eb2375,60.16629,24.95957,00000000fb7600be,29.32
240,2019-08-01T21:07:02Z,1ecbc7c6afe89033252e5510cbb893666af2b3bc29f555a3a6287fdb,60.14951,24.92138,0000000006dd41f6,5.41
241,2019-08-01T21:07:02Z,2616ba886a90e823c28a48496019b0196d489bc18a37076bbaf0332f,60.149,24.9843,00000000fffb8cf0,16.1
242,2019-08-01T21:07:02Z,317a6a83030a94190161f930951cd9c2c4d74dff54f05b465a99841f,60.16531,24.9442,00000000fdda10fe,14.89
243,2019-08-01T21:07:02Z,34f9f817910281b1443684983773b160bcd105d829ab491e89ade0fe,60.17002,24.94407,000000006b087f40,17.4
244,2019-08-01T21:07:02Z,360569663e6d7993f5b853e0a2e0456944b22f9482fac0fdfe78565b,60.16762,24.95415,000000006b44cce7,27.28
245,2019-08-01T21:07:02Z,450f95ce7c45e78601af35f10fd899f17b65f22340401773d5d499df,60.16762,24.95415,000000006b44cce7,16.1
246,2019-08-01T21:07:02Z,45974f34b99f3ac1d36427bc16395a8a89f2f58fb2961dc0c4096662,60.16629,24.95957,00000000fb7600be,20.28
247,2019-08-01T21:07:02Z,48a16adce258dbf77fdbe395d8526149bbe2280138b4e289eb95659c,60.14947,24.91438,000000004ef3150d,9.92
248,2019-08-01T21:07:02Z,495f08363fc06c26b5472ae739b8636f530af072aea6a9dec0e8fdc1,60.16762,24.95415,000000006b44cce7,25.36
249,2019-08-01T21:07:02Z,584743ec67ad39bc24ae9f306653efa427056434479c3307f24372ff,60.16531,24.9442,00000000fdda10fe,8.38
250,2019-08-01T21:07:02Z,584cb0b0cdd14e608c8b57c8aecc9826f9b40027e365e2438a444ea2,60.16762,24.95415,000000006b44cce7,10.78
251,2019-08-01T21:07:02Z,5d345ea72200415d76f92056fb58c9ccc91acf3cb8ff14788bd3c463,60.16762,24.95415,000000006b44cce7,9.92
252,2019-08-01T21:07:02Z,5fd0f09d3eb78b689cf6f902d9699a66432e5b5bbb729073273fab69,60.16829,24.94214,00000000afef4555,23.56
253,2019-08-01T21:07:02Z,695af3dc1f291d27b50bdfaaaa74b8f003aeff7c39132cf3306451be,60.17002,24.94407,000000006b087f40,21.87
254,2019-08-01T21:07:02Z,6dc4a3dfebfc74a5cdf76cbe717a4ee37cd8fc6010c52af0f06f6999,60.16762,24.95415,000000006b44cce7,13.75
255,2019-08-01T21:07:02Z,74cb545f76f0bfc5498607247e26e814276a11ce91f77208054ecbc5,60.17002,24.94407,000000006b087f40,23.56
256,2019-08-01T21:07:02Z,75ca5fddc0e743ea1f28c3253ab5a0c07d1c837c2b6b58f503c7a84d,60.16531,24.9442,00000000fdda10fe,25.36
257,2019-08-01T21:07:02Z,7d084884f8b07c86bf262585b59db7253915ceca3042de899e907e1a,60.16629,24.95957,00000000fb7600be,16.1
258,2019-08-01T21:07:02Z,85702fc6eb80e93f4f30f44e9f50a7a39db67084d3e9a905d8559c28,60.16897,24.95222,00000000aa852af1,18.79
259,2019-08-01T21:07:02Z,87da09311f6596cd380425faa59d647146a0224c18b88e1b1aac91cb,60.16829,24.94214,00000000afef4555,36.27
260,2019-08-01T21:07:02Z,99a026b5100e23129fa529e9a57a3dbc8490dc03b58f2193f03e2dcf,60.16531,24.9442,00000000fdda10fe,16.1
261,2019-08-01T21:07:02Z,9f44742c06e9ac6581b04460ef97cbd5667b0f3972b40b08d0041946,60.17919,24.95181,000000007b5207b6,27.28
262,2019-08-01T21:07:02Z,a77c59265a2fe377cbf892b3b265ac80db20992ad5d8dfa4ec50fdaf,60.16762,24.95415,000000006b44cce7,14.89
263,2019-08-01T21:07:02Z,afc987657af85b111873e2a440f942da732f2603ce62cae0333b74e3,60.16762,24.95415,000000006b44cce7,20.28
264,2019-08-01T21:07:02Z,b0ea6c22666ca8560dea5ffc111c38586617623660d7aa1ef4f36a4c,60.14947,24.91438,000000004ef3150d,7.05
265,2019-08-01T21:07:02Z,b18bb95d3505225b331e3d25b1ec297f1041e2d82644a443e9d5bc01,60.16897,24.95222,00000000aa852af1,31.5
266,2019-08-01T21:07:02Z,b6b19c3283a0fe626d5c8e3cd689156518aec5b91e2bc1bead1a81e9,60.16531,24.9442,00000000fdda10fe,18.79
267,2019-08-01T21:07:02Z,b8f6ef6bf88c91596cf15206ff9a2e182d903051ba2d7b3b2fff797d,60.17002,24.94407,000000006b087f40,25.36
268,2019-08-01T21:07:02Z,bce1b186844549fba1543ef0ce70befdf1f2321d7aab1491ed8f0f41,60.17002,24.94407,000000006b087f40,29.32
269,2019-08-01T21:07:02Z,c698c28ca817c9057b59d8abc03c4724551b1fe90b70a70e7848d269,60.16531,24.9442,00000000fdda10fe,25.36
270,2019-08-01T21:07:02Z,c9ce14e0dbf0cf3c24f6a92a1930fa32de9a1de0ffe63082ccddb0d6,60.16448,24.97323,0000000053c6c2be,17.4
271,2019-08-01T21:07:02Z,cbb4404829670327ba671a36a32752fe197199cbc6b59cd4e24b96ec,60.15133,24.92329,00000000e8a064a4,27.28
272,2019-08-01T21:07:02Z,d3f3c8d0923e3e86a194fedcd24492746c418e6a8e72e4eb31ddc155,60.16762,24.95415,000000006b44cce7,36.27
273,2019-08-01T21:07:02Z,e0120e9b25904e5e425c116c80e437cc5562556643f6eb1684e53355,60.17002,24.94407,000000006b087f40,25.36
274,2019-08-01T21:07:02Z,e76beb0c87ca637418e8987c9abe62f0da8e3f8d9c3910621d7d7620,60.16762,24.95415,000000006b44cce7,12.69
275,2019-08-01T21:07:02Z,ec52daaa51cd7326c2b54d3f4cf4776cba52354b1515c0bcb938063d,60.16829,24.94214,00000000afef4555,21.87
276,2019-08-01T21:07:02Z,f9399339c3de44774896319d3f291771cebcaf2666df1d6062469882,60.16531,24.9442,00000000fdda10fe,31.5
277,2019-08-01T21:07:03Z,075be70b0c9febdacbaeeb7cd5008912aad9ce85c22f5ee3d6b77e40,60.16897,24.95222,00000000aa852af1,25.36
278,2019-08-01T21:07:03Z,0add92bb629361fdf34a91a86a1f9e3aed5f10895edae2bd32f97fb0,60.14699,24.922,00000000a53ed894,23.56
279,2019-08-01T21:07:03Z,0bf23886e3f54e4b078b8b9b36f49820984988262b45bd74605042f1,60.16544,24.95398,0000000038d83d41,18.79
280,2019-08-01T21:07:03Z,14c7e1511b70f4dd3359cbece1377aebb4d70531f5489eefe53d7c3c,60.16544,24.95398,0000000038d83d41,25.36
281,2019-08-01T21:07:03Z,165ebbb4090d47319ae370f0d0854fdc1f6b79499f8b2e4d3c3533c0,60.16544,24.95398,0000000038d83d41,27.28
282,2019-08-01T21:07:03Z,22581e1d9764b88a01034a4cab1a6b02fa4aa770025b9bd340685163,60.15432,24.9211,0000000019fb59c4,14.89
283,2019-08-01T21:07:03Z,24d2f2ddd119efcb13abb0ab2cb53850e9788b6713967ccca4d6e071,60.16897,24.95222,00000000aa852af1,27.28
284,2019-08-01T21:07:03Z,297c725b456ef12d2712634b21546721cbe93224d3a5762d897404f2,60.16762,24.95415,000000006b44cce7,10.78
285,2019-08-01T21:07:03Z,2c94897aa62344f630952ad6032f5d7976419125d126b15c1386c8b1,60.1538,24.95595,0000000038bf9618,25.36
286,2019-08-01T21:07:03Z,351407b43e2d2cbb60e7481f6fea88dcd24a9ea0d5a0f63e5073d365,60.16544,24.95398,0000000038d83d41,27.28
287,2019-08-01T21:07:03Z,41d3af8da554a2f22a1c6596e0da84fd612b70022b5d295e6b4928e7,60.15432,24.9211,0000000019fb59c4,16.1
288,2019-08-01T21:07:03Z,43b676ed3aef4c2d8846694817e76117873be52e7f788e0cb366c1c4,60.16629,24.95957,00000000fb7600be,25.36
289,2019-08-01T21:07:03Z,44f1947d0640fa977e6056a6b644c7fec2930ccd7ba2750d71429f00,60.16544,24.95398,0000000038d83d41,18.79
290,2019-08-01T21:07:03Z,5802343c3c4b09ee3631f03e16ebb38a3b1999d65e3713eb82377455,60.16544,24.95398,0000000038d83d41,25.36
291,2019-08-01T21:07:03Z,59107c0fb745e0aacace35f3eb6888e9aa1cace3ca066219be32fe54,60.16897,24.95222,00000000aa852af1,20.28
292,2019-08-01T21:07:03Z,5c53b5477992af1e0b2d1af467fc8df542695a341ea3ef9fd510fc53,60.16762,24.95415,000000006b44cce7,17.4
293,2019-08-01T21:07:03Z,5d65719c4cbf045f068d084b72302f447d5fd034413d97d13be00d0e,60.18203,24.91341,00000000342570c2,17.4
294,2019-08-01T21:07:03Z,5eed115a984d490b02b602d73787aee8dc8c4e9365b77fbff3818a76,60.16629,24.95957,00000000fb7600be,20.28
295,2019-08-01T21:07:03Z,6011490fb2e02d0b9d936fa70a06572cb55ffd9a6a7c607cf75c5a71,60.16897,24.95222,00000000aa852af1,27.28
296,2019-08-01T21:07:03Z,6066632ddc94b5c482a2d4f45ed2532e55e3fd63e414a084a596a737,60.16762,24.95415,000000006b44cce7,23.56
297,2019-08-01T21:07:03Z,66dabd3229229330d23c70e9e1737429ddfe69db01f4a6a00f70fa20,60.16762,24.95415,000000006b44cce7,16.1
298,2019-08-01T21:07:03Z,693099b54f1d14b899f005c233a431270bde084ad2fe05abf597743a,60.16544,24.95398,0000000038d83d41,14.89
299,2019-08-01T21:07:03Z,6a54644283a4f5a6369abe947b4e9faf2ca3c25ef2ea42502cb60c5f,60.15432,24.9211,0000000019fb59c4,13.75
300,2019-08-01T21:07:03Z,6f06341f358e61699fe1e55e986dd0554bc8da28b91daf0c5ad99db6,60.16629,24.95957,00000000fb7600be,31.5
301,2019-08-01T21:07:03Z,6ff437688c444238352c28f64f9d2a7d0f14d19c9ea42c225380501e,60.16762,24.95415,000000006b44cce7,25.36
302,2019-08-01T21:07:03Z,71f1ccf548a0ec676009a1185a36ad6c18191be59b397e8261d67443,60.16762,24.95415,000000006b44cce7,6.46
303,2019-08-01T21:07:03Z,747f2d1ebff218c0ebbdc0fdaef4cbe56633dfb46ae1b1f8c8142201,60.16762,24.95415,000000006b44cce7,25.36
304,2019-08-01T21:07:03Z,77839e655f856d5295739c2388237a95b399c3b8a4f659cd1345d939,60.16829,24.94214,00000000afef4555,25.36
305,2019-08-01T21:07:03Z,7e9a43fd9918108a1e1f68ee62b044bd361736c1b4ab9261f449fe31,60.15133,24.92329,00000000e8a064a4,20.28
306,2019-08-01T21:07:03Z,87dfaad29a9276ddddb1fa021d3bc23ad14824c1af16f7d87e713689,60.14951,24.92138,0000000006dd41f6,7.69
307,2019-08-01T21:07:03Z,8c75c3289c84fe4493e1e272a77b615fe1985880c5dc68a7c1a17b53,60.16762,24.95415,000000006b44cce7,11.7
308,2019-08-01T21:07:03Z,8cc6ddaa460aeae8cc9e8a33f91a01c8cd4c0c8bf8a943210a28c84d,60.1538,24.95595,0000000038bf9618,27.28
309,2019-08-01T21:07:03Z,9041c42fbb1cf987ee209454d6f5fab418a20e06fd7625460be30fa6,60.16531,24.9442,00000000fdda10fe,29.32
310,2019-08-01T21:07:03Z,91d3b80de4439a4a49ddb8a04d72a0a2ec6c08f351d70232842af567,60.16762,24.95415,000000006b44cce7,21.87
311,2019-08-01T21:07:03Z,9843c6216661048343a0e49cf3d8aa2883cf77f452666a1c873a1052,60.16448,24.97323,0000000053c6c2be,29.32
312,2019-08-01T21:07:03Z,9a3441615c7a95dad7af50ae16b0ac928f9d84ea590ac67cfa97ef1e,60.16544,24.95398,0000000038d83d41,17.4
313,2019-08-01T21:07:03Z,9e542b3a7effec1e348e152448282ff99d56cacba9ecdb492a7dd572,60.1538,24.95595,0000000038bf9618,14.89
314,2019-08-01T21:07:03Z,a1ba09b019cae8df2ec9396f46a163e5b29858a11380955ed9605985,60.15432,24.9211,0000000019fb59c4,25.36
315,2019-08-01T21:07:03Z,a91d379a4b57c5df22db0d7a041ff69f657b4b31f28554b1011fc03c,60.16544,24.95398,0000000038d83d41,31.5
316,2019-08-01T21:07:03Z,b5fd6b317890e5ab2d79e2cd1abe61626d45a753c7337d0d40728898,60.16762,24.95415,000000006b44cce7,9.12
317,2019-08-01T21:07:03Z,bc47f02c87cebb9928c25d0ad0c1e77fa507b77e58f60e2420264dea,60.15432,24.9211,0000000019fb59c4,25.36
318,2019-08-01T21:07:03Z,c129dd128e6475a9f19e37c93fa734358684320e32cd565e787b0fcb,60.16544,24.95398,0000000038d83d41,16.1
319,2019-08-01T21:07:03Z,c40c37def6bf11a63a2556519a7c6233fd417cdeea2cf14f28e7c42c,60.16531,24.9442,00000000fdda10fe,23.56
320,2019-08-01T21:07:03Z,c4987065b4c4cb235c676c77aac913aa95281a4e8a18412aceaaea00,60.17002,24.94407,000000006b087f40,21.87
321,2019-08-01T21:07:03Z,ce4d251a2c6b56d67533935f9c53278886ef447f18ddca76b92d9335,60.16897,24.95222,00000000aa852af1,11.7
322,2019-08-01T21:07:03Z,cf05623e4d87ce0906c0b0b7dbf53aacc1228016cd27c341228b6e76,60.18203,24.91341,00000000342570c2,20.28
323,2019-08-01T21:07:03Z,e4d5e4ce6948a7be641aea768bcfddad2dc69af202e3b5a2bd920370,60.16829,24.94214,00000000afef4555,8.38
324,2019-08-01T21:07:03Z,ed70dda6b7faebd4340dacdb452ab224d9d3c308df417b7fa76f54e8,60.15133,24.92329,00000000e8a064a4,31.5
325,2019-08-01T21:07:03Z,f088630d7476dae7d4b7e2bb1f10575f2c89acb4b6e061f3d57c2b40,60.16531,24.9442,00000000fdda10fe,29.32
326,2019-08-01T21:07:03Z,fc4f3a44235f1cfc7b53f14ba2da599976a5a0a220d23b852688e485,60.17919,24.95181,000000007b5207b6,23.56
