,time,hash,latitude,longitude,serial,distance
0,2019-08-03T15:15:00Z,0ff2a0734a2e107ee01353f9853cb59a7c57e8e97c87fc89e369eefb,60.16762,24.95415,000000006b44cce7,16.1
1,2019-08-03T15:15:00Z,14c7e1511b70f4dd3359cbece1377aebb4d70531f5489eefe53d7c3c,60.16544,24.95398,0000000038d83d41,25.36
2,2019-08-03T15:15:00Z,165ebbb4090d47319ae370f0d0854fdc1f6b79499f8b2e4d3c3533c0,60.16544,24.95398,0000000038d83d41,27.28
3,2019-08-03T15:15:00Z,1eb098f1f3e8cd6673e1d0b932f58c5f770e8a0bef2b120afadfb54c,60.1638,24.96846,00000000d747f075,20.28
4,2019-08-03T15:15:00Z,24173f4231623364f9ced3663ba078787d63f2c345c7517eab543f9e,60.16897,24.95222,00000000aa852af1,21.87
5,2019-08-03T15:15:00Z,33e3357d4e31283fc7cf7e7db77331f3ea5a81ff66ad3d233bf941d0,60.16762,24.95415,000000006b44cce7,1.12
6,2019-08-03T15:15:00Z,356278638469f3a854859dfbc77005621aa0bc5180c97e89974be5bc,60.16897,24.95222,00000000aa852af1,9.12
7,2019-08-03T15:15:00Z,36da9f89257a9396e4d745add999a0f0d60fd4dc2a38619e5761dc6b,60.16762,24.95415,000000006b44cce7,20.28
8,2019-08-03T15:15:00Z,3aaa70441d255fdf2cd5f537b777218cec139108891ca639a872d756,60.149,24.9843,00000000fffb8cf0,9.92
9,2019-08-03T15:15:00Z,3c11c538dba20e45908aa6445bceb00649008f04c96ee33d8d1e87a0,60.16897,24.95222,00000000aa852af1,10.78
10,2019-08-03T15:15:00Z,4397756f67d8c52a4782db2c12e4b8f4e59557713d4cf8c4da914639,60.1538,24.95595,0000000038bf9618,25.36
11,2019-08-03T15:15:00Z,43b676ed3aef4c2d8846694817e76117873be52e7f788e0cb366c1c4,60.16629,24.95957,00000000fb7600be,27.28
12,2019-08-03T15:15:00Z,52e72741106655891f7e40d7c8b1d3d0239a79c5da23dc949e19a35c,60.16762,24.95415,000000006b44cce7,20.28
13,2019-08-03T15:15:00Z,541cdde5332ed33dd6e2f47bc3091d8251b2992ea15305b741d7fa7c,60.16531,24.9442,00000000fdda10fe,29.32
14,2019-08-03T15:15:00Z,54cde4d9ca5478de41e5039665a5a0bf2b7602d8c9f6203536948a88,60.16544,24.95398,0000000038d83d41,20.28
15,2019-08-03T15:15:00Z,5bbb5184fded3e51bc78e45e39917794285e6bbc72da404802a9599a,60.16531,24.9442,00000000fdda10fe,25.36
16,2019-08-03T15:15:00Z,5d65719c4cbf045f068d084b72302f447d5fd034413d97d13be00d0e,60.18203,24.91341,00000000342570c2,20.28
17,2019-08-03T15:15:00Z,5eed115a984d490b02b602d73787aee8dc8c4e9365b77fbff3818a76,60.16629,24.95957,00000000fb7600be,13.75
18,2019-08-03T15:15:00Z,5f18aad92859c1e50b5e41beee4a67a1d7d49602894736fbd032d878,60.16897,24.95222,00000000aa852af1,16.1
19,2019-08-03T15:15:00Z,60338d356bda2f96a786d0639389a15867c9afa7de5c24eee02bdb85,60.16762,24.95415,000000006b44cce7,14.89
20,2019-08-03T15:15:00Z,6066632ddc94b5c482a2d4f45ed2532e55e3fd63e414a084a596a737,60.16762,24.95415,000000006b44cce7,17.4
21,2019-08-03T15:15:00Z,63b529fa8a0eec661ff282498fde788d0e72b10df5b9240fe2518b3a,60.16544,24.95398,0000000038d83d41,21.87
22,2019-08-03T15:15:00Z,6a657079c1bdc8114c289be1ddd83e5846d4279a920d1697b8ff0033,60.16762,24.95415,000000006b44cce7,12.69
23,2019-08-03T15:15:00Z,6a70e2fbced719333e21eff04fcb9cb36bae9a04d1a3d6ddd96f2c58,60.15432,24.9211,0000000019fb59c4,17.4
24,2019-08-03T15:15:00Z,6f1e3a1c191723830117e4e5224b94486be9905f15970dfda71e08ec,60.17918,24.95141,00000000675d5200,23.56
25,2019-08-03T15:15:00Z,7856cd9a8241b470ce46295386b13c33e1948a956b3f18b7b3497cdb,60.17002,24.94407,000000006b087f40,23.56
26,2019-08-03T15:15:00Z,79865d1a11c15994333540c59926b902b9419b92e59457e6247142f8,60.17002,24.94407,000000006b087f40,12.69
27,2019-08-03T15:15:00Z,80367590c877dff513029160e8c591671951dbc608a60bb05127f0bc,60.16897,24.95222,00000000aa852af1,23.56
28,2019-08-03T15:15:00Z,87dfaad29a9276ddddb1fa021d3bc23ad14824c1af16f7d87e713689,60.14951,24.92138,0000000006dd41f6,7.05
29,2019-08-03T15:15:00Z,8b0535dd90c15c8fd1b256e7a48369741b0fe9d58f8f05f6e46134b7,60.16544,24.95398,0000000038d83d41,20.28
30,2019-08-03T15:15:00Z,9287d31f37a067f10e216959eabb0256dc523ce0053c83895ee0ba31,60.16544,24.95398,0000000038d83d41,33.81
31,2019-08-03T15:15:00Z,9762099b233c9a03d484fd3778eafaf9197b3e9d0bc1dcd0a232ff01,60.16897,24.95222,00000000aa852af1,21.87
32,2019-08-03T15:15:00Z,9843c6216661048343a0e49cf3d8aa2883cf77f452666a1c873a1052,60.16448,24.97323,0000000053c6c2be,16.1
33,2019-08-03T15:15:00Z,a7c55bdd7685c223259f39c2f09bb61a33ba404b51d05e283aa167f2,60.16897,24.95222,00000000aa852af1,18.79
34,2019-08-03T15:15:00Z,b33ae7715d6d2571066655c2c8954a5a364b5601869047de83410d9f,60.16629,24.95957,00000000fb7600be,21.87
35,2019-08-03T15:15:00Z,b531650be0ab9e39bac59714d21155e32f86dbcb08713b4fef6d15ed,60.16762,24.95415,000000006b44cce7,5.41
36,2019-08-03T15:15:00Z,b5fd6b317890e5ab2d79e2cd1abe61626d45a753c7337d0d40728898,60.16762,24.95415,000000006b44cce7,12.69
37,2019-08-03T15:15:00Z,bd83bdf065383ada0f6486bd4cb707191ca6ad2172e9e2957b3ea5ed,60.16762,24.95415,000000006b44cce7,10.78
38,2019-08-03T15:15:00Z,bda6d5cf94a9fae3ffd02687367a635390a91e3f733fecbab7485c86,60.1538,24.95595,0000000038bf9618,20.28
39,2019-08-03T15:15:00Z,bdc3450134aecfa577d101bb7bad22ac0cc4e6b2ab07148991138ae5,60.16531,24.9442,00000000fdda10fe,5.91
40,2019-08-03T15:15:00Z,beb520e67cfc686ad521547821b2e50caea836634173a2da05207b7b,60.16762,24.95415,000000006b44cce7,13.75
41,2019-08-03T15:15:00Z,c40c37def6bf11a63a2556519a7c6233fd417cdeea2cf14f28e7c42c,60.16531,24.9442,00000000fdda10fe,31.5
42,2019-08-03T15:15:00Z,c48c2937f2b567041d0dc26f7ad31daf8392da9454dbd0694096bafb,60.16762,24.95415,000000006b44cce7,21.87
43,2019-08-03T15:15:00Z,c9cb2b9de2b21abecad29584393bea94a97f282f234f310e2468d7a7,60.16075,24.95883,00000000f1124bca,31.5
44,2019-08-03T15:15:00Z,cb80da0540d33db5c7e3599cfa9e3c0eeedf0cd2f006667dd99f3160,60.16544,24.95398,0000000038d83d41,25.36
45,2019-08-03T15:15:00Z,cf05623e4d87ce0906c0b0b7dbf53aacc1228016cd27c341228b6e76,60.18203,24.91341,00000000342570c2,18.79
46,2019-08-03T15:15:00Z,e6a26117471c519e8ea291a6e4fad4c62d6d66bae3396b37a697eb2d,60.15432,24.9211,0000000019fb59c4,20.28
47,2019-08-03T15:15:00Z,ed740f442f5b4c0b7c6278bf30f66d4063bbb308276e4106f8ffc8da,60.17065,24.93641,000000000f4919c9,21.87
48,2019-08-03T15:15:00Z,f6609ab1076b1105bb845595a03b41b8fbb282f79c337df5bbc9f841,60.14699,24.922,00000000a53ed894,13.75
49,2019-08-03T15:15:00Z,f6fd6f2098c9860e84460086d2381ff143c63785709cfd13a1f4dab1,60.16075,24.95883,00000000f1124bca,29.32
50,2019-08-03T15:15:00Z,f91c7fdd271a21415af3df2d9f194ceeb956e22818075c7c1e2508a3,60.16762,24.95415,000000006b44cce7,16.1
51,2019-08-03T15:15:00Z,fc4f3a44235f1cfc7b53f14ba2da599976a5a0a220d23b852688e485,60.17919,24.95181,000000007b5207b6,14.89
52,2019-08-03T15:15:00Z,ff6c07456aecf8184577d8656a4f1043c0200e46cd7ef7deeb5d985c,60.16897,24.95222,00000000aa852af1,29.32
53,2019-08-03T15:15:00Z,03095915d27ffe0f66764cc6d3d0c611e9dfa8a4b7895f25970eabbf,60.16829,24.94214,00000000afef4555,11.7
54,2019-08-03T15:15:00Z,03c52345e58ef284978857d6df92e249d6550639b384deeb0be1a471,60.16829,24.94214,00000000afef4555,11.7
55,2019-08-03T15:15:00Z,0425ef016cd2776447901542df88bd331d9698f62467a726aeec030c,60.16531,24.9442,00000000fdda10fe,3.74
56,2019-08-03T15:15:00Z,055a312c04b2392d9b6ef00256f700817a0c1ae6a947ecbcf47ce132,60.16762,24.95415,000000006b44cce7,5.41
57,2019-08-03T15:15:00Z,05f8cb308da17aa3a492f72deb3f28495203fa4470cd530bbd9bb383,60.16897,24.95222,00000000aa852af1,12.69
58,2019-08-03T15:15:00Z,0677207f6d40cdf67e3f505c32e9f2076595e3bae605133d80111189,60.16897,24.95222,00000000aa852af1,27.28
59,2019-08-03T15:15:00Z,0692d6ee103f40c4a1a86c8eb2ec205de752ec29f461d51e543dcb62,60.1538,24.95595,0000000038bf9618,23.56
60,2019-08-03T15:15:00Z,0dd26f8d7388663fa3579b30aef54ad214ff33ccc66c77b63cda54c6,60.1538,24.95595,0000000038bf9618,25.36
61,2019-08-03T15:15:00Z,0f12de31682540bd9dcef4677cfab75c361c452c24e7925d82558d82,60.149,24.9843,00000000fffb8cf0,11.7
62,2019-08-03T15:15:00Z,0f60c5c4465fcc1e1e221fb438219f2fd362498b43b9cfd43b8b1f5e,60.16629,24.95957,00000000fb7600be,16.1
63,2019-08-03T15:15:00Z,1546bf2a1b0be0e479ac6c5a1eded0e3c6d7d892914f2ced1d25dafc,60.16829,24.94214,00000000afef4555,21.87
64,2019-08-03T15:15:00Z,159a8a2604ddc303f905ec5f898b0b57c6c866ffb698398c3ada3949,60.16829,24.94214,00000000afef4555,13.75
65,2019-08-03T15:15:00Z,15f13ee4274d2db4e63fccbddfd17747a4901311f1ecad8894fdd416,60.16829,24.94214,00000000afef4555,2.54
66,2019-08-03T15:15:00Z,1812ba362fa325787b4d6514f420a24405d63c454b26ae37bb1fd251,60.15432,24.9211,0000000019fb59c4,27.28
67,2019-08-03T15:15:00Z,190d04a7da120b858a2c308f41ea2a3e78498cff3c91bc2e439c2498,60.16531,24.9442,00000000fdda10fe,13.75
68,2019-08-03T15:15:00Z,192ee0cd4fff355eb0b69cf645f47b2cfe8b7a0bbbeca186c5b4cea5,60.16829,24.94214,00000000afef4555,1.88
69,2019-08-03T15:15:00Z,1a8cc63b03da6d2bb5975f4436e7a79217483b12fadb56537e3fb4f1,60.16762,24.95415,000000006b44cce7,9.12
70,2019-08-03T15:15:00Z,1da00c68b91182a03c3cd08a6363697a99985a8af7dc3388f341161d,60.149,24.9843,00000000fffb8cf0,14.89
71,2019-08-03T15:15:00Z,1dacfb371d75dd4f90f447aac2a00faad98beb4188a6971c19eb2375,60.16629,24.95957,00000000fb7600be,17.4
72,2019-08-03T15:15:00Z,1e4b5837c240c8cc470f07759f56d8ac7138d3f59fd45a55b7bdaabd,60.1538,24.95595,0000000038bf9618,27.28
73,2019-08-03T15:15:00Z,1fdd9b6ee571243532851652918c3266f1af5830c981e5a87c37bf45,60.16762,24.95415,000000006b44cce7,17.4
74,2019-08-03T15:15:00Z,2374ccc1468122570a6470f75212a17603f285191b94b6aafa26ba6a,60.16829,24.94214,00000000afef4555,36.27
75,2019-08-03T15:15:00Z,2452e1a959e8b6fa4873cebebbae52625bc694f23f86194c7f0370ab,60.16897,24.95222,00000000aa852af1,25.36
76,2019-08-03T15:15:00Z,246a5b22b3fe2ba0b46acc86eb1e46f2e92f747bb7886c127bff3120,60.16829,24.94214,00000000afef4555,4.94
77,2019-08-03T15:15:00Z,2696f6a462520c8284659d993a9bf0545c2b2f278e1538f7f60dd1d3,60.17002,24.94407,000000006b087f40,7.05
78,2019-08-03T15:15:00Z,277d09961ad0d7a3ff6d00ce68a6b7807af6f687417d63e9380b19cc,60.16762,24.95415,000000006b44cce7,20.28
79,2019-08-03T15:15:00Z,29c3ea831b50db2015b42a7a32ef23935d7c89b37203a5d74460ddfd,60.17919,24.95181,000000007b5207b6,20.28
80,2019-08-03T15:15:00Z,2b43f10773cca8ae37958d0eb0343a88e0bacf5d5c791f828f8ba30b,60.17002,24.94407,000000006b087f40,18.79
81,2019-08-03T15:15:00Z,2c0679f696d288647f6eb33f80d4203d54e89d6ffc377493acba6c76,60.16829,24.94214,00000000afef4555,23.56
82,2019-08-03T15:15:00Z,2c5d922ea9e284e3ba6f91e60e4e53a6791d11d7966a12412e9f5e43,60.18203,24.91341,00000000342570c2,12.69
83,2019-08-03T15:15:00Z,2da33e8b3e3368b7006dbf6d65d6840102bd73473e7db8912e8e2fbe,60.16829,24.94214,00000000afef4555,21.87
84,2019-08-03T15:15:00Z,2f85db4b2bb43f02a81279d329d6c47c103f537dea06425082b1c513,60.16531,24.9442,00000000fdda10fe,23.56
85,2019-08-03T15:15:00Z,2fd8410dc249e2f1f5e4a3380b5a84eff1adac449b4ad6493e78f1a2,60.1538,24.95595,0000000038bf9618,29.32
86,2019-08-03T15:15:00Z,306ee650c0609da55e55a7cbee5aa1fc3e0bd2a55bf396b4aa2ea4a7,60.149,24.9843,00000000fffb8cf0,25.36
87,2019-08-03T15:15:00Z,3121e93ef0b7e0358fff904c56fd80e2283c36526cd558b4c4af2e15,60.16762,24.95415,000000006b44cce7,11.7
88,2019-08-03T15:15:00Z,33bbd68b7a383ed97ce0f6dde5f594f527c28c9679e2379dbbcf5b48,60.149,24.9843,00000000fffb8cf0,6.46
89,2019-08-03T15:15:00Z,347e98cf6871b148031c34c276285d972b0bf83561483b480c986df0,60.16762,24.95415,000000006b44cce7,18.79
90,2019-08-03T15:15:00Z,35e4a3b7a564ad92c8061e9960116165203606b0b977b2818da81662,60.1638,24.96846,00000000d747f075,31.5
91,2019-08-03T15:15:00Z,35ffb3f797ea2e626bb13d9eafc5102c198f7d7b5dcf599d39970334,60.15432,24.9211,0000000019fb59c4,9.12
92,2019-08-03T15:15:00Z,361f937ab1057efd291aadfbf88395a903b0bbcfff8ee3afe1431a31,60.16544,24.95398,0000000038d83d41,23.56
93,2019-08-03T15:15:00Z,376c5b11310073578dbc02a23f884b289e559e950f908ce1399db6a2,60.16897,24.95222,00000000aa852af1,29.32
94,2019-08-03T15:15:00Z,3a55d283085bd9c9512d1a019a81fb1d5c143a2bdc76ed1618e1ab27,60.16531,24.9442,00000000fdda10fe,8.38
95,2019-08-03T15:15:00Z,3ac07e59e8491f75f5dc37ad1049b8e5fee5809737083e33e53ff2e3,60.16829,24.94214,00000000afef4555,20.28
96,2019-08-03T15:15:00Z,3c61e9ce730e1dd8a8f2d45aac24bfe8bc67d8b6bb6477632d534aa0,60.17919,24.95181,000000007b5207b6,23.56
97,2019-08-03T15:15:00Z,3e32ab25b0a99a0ccd4880ccd69d59eb595e9c8562b34d25ce4230d2,60.16544,24.95398,0000000038d83d41,21.87
98,2019-08-03T15:15:00Z,3e715deef04ac5e1490f68a8a1af4724ff8ec6ae2ba56d16ae0f41e0,60.16829,24.94214,00000000afef4555,13.75
99,2019-08-03T15:15:00Z,3f16b4e02d54038437884ba75f214ccdf2d5fd61d8051c1e564b81d2,60.16829,24.94214,00000000afef4555,27.28
100,2019-08-03T15:15:00Z,4110c2c672c4e007844f8f823d04c977fa0872c1d5087a9ec0bb8eb9,60.1538,24.95595,0000000038bf9618,7.05
101,2019-08-03T15:15:00Z,472b422bac54179e6c385636c79efb7ae8f35883e225268966b05a3c,60.1538,24.95595,0000000038bf9618,23.56
102,2019-08-03T15:15:00Z,4815afa4452433abbe53a2f7c6df690905a583f0960cf13e361179a6,60.16897,24.95222,00000000aa852af1,18.79
103,2019-08-03T15:15:00Z,4d2e393b1a432f811633bbae38843f5006d59e2c83abc637668230a5,60.16897,24.95222,00000000aa852af1,10.78
104,2019-08-03T15:15:00Z,4f479c387b990c8fa19df930a22711b6eaa2c0ebc3f2b6adadeccb0b,60.16829,24.94214,00000000afef4555,25.36
105,2019-08-03T15:15:00Z,53e697e6ba531b79850e07673ffd6ba00f56b4aa4a73d4014f29e94e,60.17918,24.95141,00000000675d5200,41.64
106,2019-08-03T15:15:00Z,55a25119d963a2653b5721f53be0581f37a43c77d41e09954b6e1294,60.149,24.9843,00000000fffb8cf0,29.32
107,2019-08-03T15:15:00Z,56088cdce76d13486d29daffa055afc6e69c2d11c32701071f27ccf9,60.16531,24.9442,00000000fdda10fe,33.81
108,2019-08-03T15:15:00Z,56a624625bcdc3644713b3aed7a26553f31657ff001d1529a0c150c9,60.149,24.9843,00000000fffb8cf0,25.36
109,2019-08-03T15:15:00Z,5781d10b767f24e8e11cf9b884c3cef22a35ebcca67b00c084fb4fdf,60.16829,24.94214,00000000afef4555,27.28
110,2019-08-03T15:15:00Z,584cb0b0cdd14e608c8b57c8aecc9826f9b40027e365e2438a444ea2,60.16762,24.95415,000000006b44cce7,16.1
111,2019-08-03T15:15:00Z,59341cc95130c5e3cfc498a9876283c7717b4378f64d6d56cbeebf26,60.16762,24.95415,000000006b44cce7,20.28
112,2019-08-03T15:15:00Z,5ba9137daa6f3b44126a9fbbabfa9bc82ce51de4c1e1866f58497ed3,60.1638,24.96846,00000000d747f075,25.36
113,2019-08-03T15:15:00Z,5bc3d4822ba1eb60ce69ad0820c983b1671aff81a4900fa73195e01a,60.16531,24.9442,00000000fdda10fe,4.5
114,2019-08-03T15:15:00Z,5c04852a5d8773c2d29fb689ebbe9aebdc464bdfebbd80ed7d337c27,60.16829,24.94214,00000000afef4555,14.89
115,2019-08-03T15:15:00Z,5daeef8f1c1bedca94588e033a5d9c60b4a074b8b298a173d76f18d0,60.1538,24.95595,0000000038bf9618,20.28
116,2019-08-03T15:15:00Z,5df83879ebac4587fbc0e5808e6a5b71ca310445bd08cf86f37e01c4,60.149,24.9843,00000000fffb8cf0,21.87
117,2019-08-03T15:15:00Z,5ed031b5a8eb588882b71e2d5c963e62bc4baf6d4d416a6b9baa44e0,60.16762,24.95415,000000006b44cce7,8.38
118,2019-08-03T15:15:00Z,620fc598238c62253e479b660d435cbd44b60f7d7116150c96563ace,60.16829,24.94214,00000000afef4555,9.92
119,2019-08-03T15:15:00Z,63e9de83541be704cb6921a2a17cebd1c42e6b3638249b34a20c2724,60.15432,24.9211,0000000019fb59c4,13.75
120,2019-08-03T15:15:00Z,6436460ea9963ab43ca09be90b2fad64b2b54e15994cf4449c22ec0f,60.16762,24.95415,000000006b44cce7,7.69
121,2019-08-03T15:15:00Z,664069a422768dd101a07e40497b22b6de0b9555285958a8eab39f85,60.17065,24.93641,000000000f4919c9,13.75
122,2019-08-03T15:15:00Z,67f001fc723e9f4e18ab34c564bfbeb35ce94326fa9f6fce786a4359,60.16762,24.95415,000000006b44cce7,9.92
123,2019-08-03T15:15:00Z,6ddac332cb3b77701930ede64eb582e9eb915d64cdee6c1a0e8b8009,60.16829,24.94214,00000000afef4555,9.92
124,2019-08-03T15:15:00Z,6e9b45a9578547d15aa71498708359a83f1b28830c0bd164ca052446,60.14947,24.91438,000000004ef3150d,12.69
125,2019-08-03T15:15:00Z,70cc7b0a8e166380ca0fbc55a58d9a59c9de9f05a9f95ebb82482d5a,60.16762,24.95415,000000006b44cce7,8.38
126,2019-08-03T15:15:00Z,715553c24f058b9da833d2c9ba7f4e69c22a473e5684cd991ade12d8,60.149,24.9843,00000000fffb8cf0,16.1
127,2019-08-03T15:15:00Z,717f5dab11afb5919b3bc27adca26593f543e7308c1364d98f65d733,60.14699,24.922,00000000a53ed894,25.36
128,2019-08-03T15:15:00Z,721e84a4bfd89ecbe697e11a4aadf6a6fd84ea4829273cf17d4f8ffd,60.17918,24.95141,00000000675d5200,18.79
129,2019-08-03T15:15:00Z,752b8639fae2945c8d5f4ea6eb24acf9403c22080e4415c6dea169ec,60.16762,24.95415,000000006b44cce7,17.4
130,2019-08-03T15:15:00Z,7566b3348da962535068727a75b33d2deb03952652adac190b5189de,60.149,24.9843,00000000fffb8cf0,6.46
131,2019-08-03T15:15:00Z,75fbfa34a93c16bd7ea0e0b2beb64de52d47edc5191777088362632b,60.16897,24.95222,00000000aa852af1,23.56
132,2019-08-03T15:15:00Z,77a1de1bbf7f74f735266e73d9305d6a2e563ce9e4a0c776e282ec02,60.16829,24.94214,00000000afef4555,13.75
133,2019-08-03T15:15:00Z,79b659848538d31f2bcc2c3fa7bbdbcdb17a91f5d6fbad8fcc99af4c,60.149,24.9843,00000000fffb8cf0,16.1
134,2019-08-03T15:15:00Z,7aeee189e9af999fdccef568a9897013959ca48867776e6e16e80d6a,60.18203,24.91341,00000000342570c2,33.81
135,2019-08-03T15:15:00Z,7b72de33e0633314e638280ab067e80750f557e9cc40f7147e216fbf,60.16762,24.95415,000000006b44cce7,9.12
136,2019-08-03T15:15:00Z,7d819c68182fe7f77aa792b36a42d23bb27cc882d41e7ca9d2bd9184,60.16829,24.94214,00000000afef4555,13.75
137,2019-08-03T15:15:00Z,7fe381b2fef77980782f2d7e744cbd9336a91ae0f7fa80ec06ea804f,60.16629,24.95957,00000000fb7600be,21.87
138,2019-08-03T15:15:00Z,80072baff4f37753c9d0898206c674878aef5e2ed16bf83ad9ea32a9,60.16829,24.94214,00000000afef4555,16.1
139,2019-08-03T15:15:00Z,80a5b0d0dedc722fd7f357e35395d4d0e89f6ac11dbceb72a9c1a96f,60.16629,24.95957,00000000fb7600be,23.56
140,2019-08-03T15:15:00Z,81f19927cf99ddc421f0dda2807aa72624d452a2394e59e1481f091f,60.16762,24.95415,000000006b44cce7,12.69
141,2019-08-03T15:15:00Z,821b09d0feaaada6ada5743d745438f2e26c9adee89a5c60586a7a8c,60.16829,24.94214,00000000afef4555,1.54
142,2019-08-03T15:15:00Z,8280d64e063c9254ca3ae41cfa0959fefeb430df7716fb8407b186ee,60.16531,24.9442,00000000fdda10fe,13.75
143,2019-08-03T15:15:00Z,82c2c092f46c33475e5ebe7c81ae9a1cb10b7978c649aeab69822efa,60.16762,24.95415,000000006b44cce7,7.69
144,2019-08-03T15:15:00Z,8392075ed4db6ee1a62b57e043a75f07cd76f6d38629ea5de07fe31c,60.16829,24.94214,00000000afef4555,7.69
145,2019-08-03T15:15:00Z,83ec3e2fcd830cdc8d5c209f1e0c7a848f391ee438f2041a5bbc6b79,60.14951,24.92138,0000000006dd41f6,17.4
146,2019-08-03T15:15:00Z,842f3d16e765e124e9274acae3d36645665da4dbe91cd60621bfe68a,60.16829,24.94214,00000000afef4555,8.38
147,2019-08-03T15:15:00Z,85da40b931b693937bef3a35829f9602dd8d1e3def55fa5bfa17d8b5,60.16762,24.95415,000000006b44cce7,7.69
148,2019-08-03T15:15:00Z,8928b875e4cd60bc912be5a5ea1779abc7fe47eb83c3f12f0d0b5989,60.16629,24.95957,00000000fb7600be,25.36
149,2019-08-03T15:15:00Z,89b4e1999d2a0d16e6cf427b2ba2c49cc3dea477b876ccd6d243d269,60.17002,24.94407,000000006b087f40,29.32
150,2019-08-03T15:15:00Z,8c5ae5ab0bad2940574edd40d74ccaaea47724f3c50e1a6a5ea626b9,60.16629,24.95957,00000000fb7600be,18.79
151,2019-08-03T15:15:00Z,8d06d44489bc1834850c585d6b69d01ba76e099009c92e3904ba0cce,60.17002,24.94407,000000006b087f40,29.32
152,2019-08-03T15:15:00Z,8d0f3787f20d6a1ff5578a3cabd8dbf87ac2cac5bc1cc5e82bbe614a,60.16531,24.9442,00000000fdda10fe,18.79
153,2019-08-03T15:15:00Z,8e78d6109fd518c110df6cadf3d7b334b0b609f410f685d39585c724,60.15432,24.9211,0000000019fb59c4,23.56
154,2019-08-03T15:15:00Z,90eb89b3b2c23bdcceaba4de4b23a7a7bbb760ad06dc7e0947acd58c,60.16544,24.95398,0000000038d83d41,16.1
155,2019-08-03T15:15:00Z,914d145875803d12e99eda6ea44aa1bfeacd8fa2db9e3c7690daf197,60.1638,24.96846,00000000d747f075,18.79
156,2019-08-03T15:15:00Z,91d2e2aa7ab722ed37719fc4f852174581050584e4aa6954bbdd79d9,60.1538,24.95595,0000000038bf9618,23.56
157,2019-08-03T15:15:00Z,9271e7a50de4915ba6c9c28ef5897ba6c46dfc2a1be7c85d21ef59e4,60.1538,24.95595,0000000038bf9618,29.32
158,2019-08-03T15:15:00Z,92d7577f43142ed012987ef8f3b9b9efd719eff2bf0e2ad6bbea4e0b,60.16829,24.94214,00000000afef4555,17.4
159,2019-08-03T15:15:00Z,935f436096ca6bef1e666dbb6e9dc5d5c68f298efdb6a2695579e4c3,60.17065,24.93641,000000000f4919c9,31.5
160,2019-08-03T15:15:00Z,93d66622dec853018846ad342f44d4c6f1f650a617a122f4973e65d8,60.149,24.9843,00000000fffb8cf0,10.78
161,2019-08-03T15:15:00Z,9436b8a6a294634829dd7629be67b182dcc2c2e92dbc6553a862a615,60.149,24.9843,00000000fffb8cf0,25.36
162,2019-08-03T15:15:00Z,9644197031d54b9cbe829b4ccb81e20414c62a01960f0720041e76ce,60.149,24.9843,00000000fffb8cf0,17.4
163,2019-08-03T15:15:00Z,97f3fbd3ec709cae886658cb8217794165f2393ba4d96acc8bc0600c,60.16829,24.94214,00000000afef4555,23.56
164,2019-08-03T15:15:00Z,9842a7691c63758c2402b8c353f9e238d534cff63e453b983efc46c9,60.16544,24.95398,0000000038d83d41,21.87
165,2019-08-03T15:15:00Z,9868eb75aded3a824e34579bba1ab7a020a0c673ac591cb1d668dd97,60.16829,24.94214,00000000afef4555,8.38
166,2019-08-03T15:15:00Z,9a13241c724ac1cd64afaa3ced59c76918c914c8b6570ba5c089596d,60.149,24.9843,00000000fffb8cf0,23.56
167,2019-08-03T15:15:00Z,9a3c5ed4bcd4600e5bc51ce1fd1498829cdec0351c1089d85e6c3e78,60.16629,24.95957,00000000fb7600be,14.89
168,2019-08-03T15:15:00Z,9ca99477046e94ae7774d191fd2bda465d170c7f19d34aa7267b0bcc,60.149,24.9843,00000000fffb8cf0,9.12
169,2019-08-03T15:15:00Z,9fcdd5f9657489836ed1818395322a3b9a5a729404d9ca39f37e3af3,60.16829,24.94214,00000000afef4555,13.75
170,2019-08-03T15:15:00Z,a02004411f7ddbd245b8aa5c1668b04b56958f87c081de67c6fed968,60.16829,24.94214,00000000afef4555,4.5
171,2019-08-03T15:15:00Z,a05cf71222ee55a0a5b581287268ae963f5bf5e8b04fb44ef4ee1f77,60.16762,24.95415,000000006b44cce7,7.05
172,2019-08-03T15:15:00Z,a10c45326e587c51e1db2148c40341f1db24a5c95881d1fcaee099b2,60.16829,24.94214,00000000afef4555,9.12
173,2019-08-03T15:15:00Z,a1d355364a06bff929eb7c61517c01427315a5d27c9a8fade2461713,60.16829,24.94214,00000000afef4555,4.5
174,2019-08-03T15:15:00Z,a1fb9171eabdd037c8ad44abade589061f6ab1258d78053bd2d41452,60.16544,24.95398,0000000038d83d41,7.05
175,2019-08-03T15:15:00Z,a507e566e3b3c1ff75d0a990ee4b27a11c693bb53cd5f799588cb673,60.14951,24.92138,0000000006dd41f6,20.28
176,2019-08-03T15:15:00Z,a7fbd72478e9705a627a4fd6d1df84887df1ee9d8334381f9af3dbbd,60.16762,24.95415,000000006b44cce7,20.28
177,2019-08-03T15:15:00Z,a9e3f9b290fae2366c5f174e71d08eab85a823c21a475fa7ddd49ed2,60.1638,24.96846,00000000d747f075,36.27
178,2019-08-03T15:15:00Z,acc229c5e592f86c03bfef01949dd3ecfa8c40e0d571b279829038d2,60.14699,24.922,00000000a53ed894,31.5
179,2019-08-03T15:15:00Z,ae83440257727a89c6aa753ea163944d862315c27999c1582237f587,60.16897,24.95222,00000000aa852af1,10.78
180,2019-08-03T15:15:00Z,b1a7b7269a78023b2ef888f78ff6fc33c2af34da162056b7164f860f,60.16629,24.95957,00000000fb7600be,18.79
181,2019-08-03T15:15:00Z,b1c80d0be41e1665e26be7cc445400919142bedaee08248088fa8605,60.16829,24.94214,00000000afef4555,1.12
182,2019-08-03T15:15:00Z,b22dbc3b3f1a927a980e81fef013874084153c80d2869d0dcc1f7bc0,60.16762,24.95415,000000006b44cce7,4.5
183,2019-08-03T15:15:00Z,b2fca8b08a2aa524d0143453dd857dd00b9bcda58b5df01679318650,60.16762,24.95415,000000006b44cce7,4.94
184,2019-08-03T15:15:00Z,b43a00450a1a024f7585b75711dc7fe4a08014cdc8a0446a4e5fd3b7,60.16762,24.95415,000000006b44cce7,12.69
185,2019-08-03T15:15:00Z,b50c136fb0a5829d1a78c61be65961573a9402ddafc8583bc6820dbc,60.14947,24.91438,000000004ef3150d,23.56
186,2019-08-03T15:15:00Z,b6206cac3268949082a88516443406a99cb50f7d17a537d6ec196b2f,60.16897,24.95222,00000000aa852af1,33.81
187,2019-08-03T15:15:00Z,b8ad0eb1748a3a9b44500e90d9d9e2adaa41fe461ea8ce1a25d0f5da,60.149,24.9843,00000000fffb8cf0,12.69
188,2019-08-03T15:15:00Z,b9c3709fc72cb01005d8261e90588ab870e6e6af348618e2bde3e65f,60.1638,24.96846,00000000d747f075,17.4
189,2019-08-03T15:15:00Z,ba4ffeaf2e9f8c45d682162f643c34ab83a28335f3f70c3c38729cd9,60.149,24.9843,00000000fffb8cf0,12.69
190,2019-08-03T15:15:00Z,ba9f344db6d4ed34a64aefaffc842b190d1ee41a5a4018ef8abc858b,60.16897,24.95222,00000000aa852af1,21.87
191,2019-08-03T15:15:00Z,bdb948b8bd73233fcd2bf0c3321468041939f268bac8a5322657e49b,60.1538,24.95595,0000000038bf9618,27.28
192,2019-08-03T15:15:00Z,bfb7260e48c3dd0140cbbbe224b5fecfd2649b291afea3a4a84cc8b9,60.149,24.9843,00000000fffb8cf0,14.89
193,2019-08-03T15:15:00Z,bfd4b2f607451439ca3589de7b89f06f0c94cb20c60d9c5d62aae730,60.16829,24.94214,00000000afef4555,3.4
194,2019-08-03T15:15:00Z,c0a0ca3433586ed2ae0e448f2406fabac7292ac79d49562e0bd5cef8,60.16762,24.95415,000000006b44cce7,11.7
195,2019-08-03T15:15:00Z,c30007894bdded328192722f65a601516b08a42500c0022d6d788654,60.16531,24.9442,00000000fdda10fe,27.28
196,2019-08-03T15:15:00Z,c8803a9b5e6d88735c5a0a03a5b18532b7e4a1376c0a68101496bbb2,60.16629,24.95957,00000000fb7600be,38.87
197,2019-08-03T15:15:00Z,cd0c22d830488047e7b2a8c7e66c3ed1938a79df826eb6697986032d,60.149,24.9843,00000000fffb8cf0,27.28
198,2019-08-03T15:15:00Z,d37ff420a3eb2779fdaaa31816137128257354494032688b1040f3d5,60.16829,24.94214,00000000afef4555,3.74
199,2019-08-03T15:15:00Z,d3f8e8ffb321fcc1dcd483e02702d36b7f7f156520a9e80f5fbdd461,60.149,24.9843,00000000fffb8cf0,16.1
200,2019-08-03T15:15:00Z,d6108a7949622b736e05efe4c48d533487d91efebe595f73bf994966,60.1538,24.95595,0000000038bf9618,25.36
201,2019-08-03T15:15:00Z,d69cd35d4c0726fbb2cd8389147f885a40de8d6c99a52714766c011c,60.149,24.9843,00000000fffb8cf0,20.28
202,2019-08-03T15:15:00Z,d6cb9e423e4b9b6ba016acc4cc5e7afac3051f864a49be075bbfc44c,60.1638,24.96846,00000000d747f075,29.32
203,2019-08-03T15:15:00Z,d906eb0c666796e5dfe8cd843da4871770ebd692e3a24d55f0f9df20,60.14947,24.91438,000000004ef3150d,11.7
204,2019-08-03T15:15:00Z,dcb916db821c20dc5d2a53aeb7cdb6424ec9c7a9bc2607336aedac27,60.16897,24.95222,00000000aa852af1,27.28
205,2019-08-03T15:15:00Z,dda6d1407cb0ac157d19d682dd77fbf9fc6766b1b84ea2cf57df698e,60.16829,24.94214,00000000afef4555,9.12
206,2019-08-03T15:15:00Z,df9c831745a0274f3f603d06a82f51abb379f388d48b9afd68cc9f70,60.1538,24.95595,0000000038bf9618,33.81
207,2019-08-03T15:15:00Z,e0f71d287933cceca43a001f91955284a810f96ceba8e55c72a270c7,60.1538,24.95595,0000000038bf9618,38.87
208,2019-08-03T15:15:00Z,e217f8354c4018857e1cf5afde10d736fa7870162d4d405560cb9b6a,60.16531,24.9442,00000000fdda10fe,5.91
209,2019-08-03T15:15:00Z,e22c8eccb8bfbd48f2da6cd5b06c088974ee370acb977d9b7d57f6c5,60.16448,24.97323,0000000053c6c2be,33.81
210,2019-08-03T15:15:00Z,e39f5900f813c8a8cabebc978b562d06b48c235e9d2b3bc44452f6eb,60.17919,24.95181,000000007b5207b6,23.56
211,2019-08-03T15:15:00Z,e73ab5153c67f265a6e49ab144146a0ff212d82abf7d6443cd56db2f,60.18203,24.91341,00000000342570c2,20.28
212,2019-08-03T15:15:00Z,ed6372128b83a9769e17e1fd7921d20a1b87a8a3b37f9edf2a5238ec,60.16829,24.94214,00000000afef4555,10.78
213,2019-08-03T15:15:00Z,ef78a4fb457946ccebf40433c0a0c48bfd7c7169df21b024841ed3bb,60.16531,24.9442,00000000fdda10fe,20.28
214,2019-08-03T15:15:00Z,f01c82955e455eb9f95a321ccd01f15e05a517c0aba01df3f683f844,60.16897,24.95222,00000000aa852af1,27.28
215,2019-08-03T15:15:00Z,f13bb188c54899c29da9589a288997212277c096f01f2174a14c0d1c,60.16762,24.95415,000000006b44cce7,17.4
216,2019-08-03T15:15:00Z,f683171bf255e67b5e04dd6bea14ccffd8155e989310ab5bd0289e4e,60.16829,24.94214,00000000afef4555,12.69
217,2019-08-03T15:15:00Z,f85ea8e09542bdcc77a040b81d334020a934c7d59da8af58b6f0071e,60.16897,24.95222,00000000aa852af1,16.1
218,2019-08-03T15:15:00Z,f9121ad4bd251ee4e2443e3649f298182ee58b46c79d8ce957473627,60.149,24.9843,00000000fffb8cf0,1.7
219,2019-08-03T15:15:00Z,faa3ba1c3b14978cf45681ddf722db19f30efe7eb2c9742280a73ad8,60.16897,24.95222,00000000aa852af1,20.28
220,2019-08-03T15:15:00Z,fe1e413700f3efe653fa246a796baad907679b9f0631c7a511603be6,60.14947,24.91438,000000004ef3150d,7.69
221,2019-08-03T15:15:01Z,072dc794e212cfe9866e1242d801701f299d36f4aea2da25e22246cc,60.16762,24.95415,000000006b44cce7,9.92
222,2019-08-03T15:15:01Z,112c36ba789fa57e2b19c9bff8bfe0b3eba19a431c3af4656c4cee5b,60.16531,24.9442,00000000fdda10fe,31.5
223,2019-08-03T15:15:01Z,14c7e1511b70f4dd3359cbece1377aebb4d70531f5489eefe53d7c3c,60.16544,24.95398,0000000038d83d41,21.87
224,2019-08-03T15:15:01Z,1eb098f1f3e8cd6673e1d0b932f58c5f770e8a0bef2b120afadfb54c,60.1638,24.96846,00000000d747f075,18.79
225,2019-08-03T15:15:01Z,24173f4231623364f9ced3663ba078787d63f2c345c7517eab543f9e,60.16897,24.95222,00000000aa852af1,23.56
226,2019-08-03T15:15:01Z,2b1c2abf510389d760c1716e2f843d433699d62108155f99fe9db294,60.16762,24.95415,000000006b44cce7,21.87
227,2019-08-03T15:15:01Z,33e3357d4e31283fc7cf7e7db77331f3ea5a81ff66ad3d233bf941d0,60.16762,24.95415,000000006b44cce7,1.12
228,2019-08-03T15:15:01Z,356278638469f3a854859dfbc77005621aa0bc5180c97e89974be5bc,60.16897,24.95222,00000000aa852af1,8.38
229,2019-08-03T15:15:01Z,3aaa70441d255fdf2cd5f537b777218cec139108891ca639a872d756,60.149,24.9843,00000000fffb8cf0,9.12
230,2019-08-03T15:15:01Z,3c11c538dba20e45908aa6445bceb00649008f04c96ee33d8d1e87a0,60.16897,24.95222,00000000aa852af1,13.75
231,2019-08-03T15:15:01Z,52e72741106655891f7e40d7c8b1d3d0239a79c5da23dc949e19a35c,60.16762,24.95415,000000006b44cce7,21.87
232,2019-08-03T15:15:01Z,541cdde5332ed33dd6e2f47bc3091d8251b2992ea15305b741d7fa7c,60.16531,24.9442,00000000fdda10fe,38.87
233,2019-08-03T15:15:01Z,54cde4d9ca5478de41e5039665a5a0bf2b7602d8c9f6203536948a88,60.16544,24.95398,0000000038d83d41,33.81
234,2019-08-03T15:15:01Z,5bbb5184fded3e51bc78e45e39917794285e6bbc72da404802a9599a,60.16531,24.9442,00000000fdda10fe,21.87
235,2019-08-03T15:15:01Z,5d65719c4cbf045f068d084b72302f447d5fd034413d97d13be00d0e,60.18203,24.91341,00000000342570c2,21.87
236,2019-08-03T15:15:01Z,5eed115a984d490b02b602d73787aee8dc8c4e9365b77fbff3818a76,60.16629,24.95957,00000000fb7600be,16.1
237,2019-08-03T15:15:01Z,5f18aad92859c1e50b5e41beee4a67a1d7d49602894736fbd032d878,60.16897,24.95222,00000000aa852af1,18.79
238,2019-08-03T15:15:01Z,60338d356bda2f96a786d0639389a15867c9afa7de5c24eee02bdb85,60.16762,24.95415,000000006b44cce7,14.89
239,2019-08-03T15:15:01Z,63b529fa8a0eec661ff282498fde788d0e72b10df5b9240fe2518b3a,60.16544,24.95398,0000000038d83d41,16.1
240,2019-08-03T15:15:01Z,6a657079c1bdc8114c289be1ddd83e5846d4279a920d1697b8ff0033,60.16762,24.95415,000000006b44cce7,16.1
241,2019-08-03T15:15:01Z,6a70e2fbced719333e21eff04fcb9cb36bae9a04d1a3d6ddd96f2c58,60.15432,24.9211,0000000019fb59c4,13.75
242,2019-08-03T15:15:01Z,6f06341f358e61699fe1e55e986dd0554bc8da28b91daf0c5ad99db6,60.16629,24.95957,00000000fb7600be,21.87
243,2019-08-03T15:15:01Z,6f1e3a1c191723830117e4e5224b94486be9905f15970dfda71e08ec,60.17919,24.95181,000000007b5207b6,33.81
244,2019-08-03T15:15:01Z,7856cd9a8241b470ce46295386b13c33e1948a956b3f18b7b3497cdb,60.17002,24.94407,000000006b087f40,25.36
245,2019-08-03T15:15:01Z,79865d1a11c15994333540c59926b902b9419b92e59457e6247142f8,60.17002,24.94407,000000006b087f40,12.69
246,2019-08-03T15:15:01Z,79f136afa0dd8717337c01c70b457c464aaf0fa25b440f51a394ec23,60.16762,24.95415,000000006b44cce7,12.69
247,2019-08-03T15:15:01Z,80367590c877dff513029160e8c591671951dbc608a60bb05127f0bc,60.16897,24.95222,00000000aa852af1,21.87
248,2019-08-03T15:15:01Z,87dfaad29a9276ddddb1fa021d3bc23ad14824c1af16f7d87e713689,60.14951,24.92138,0000000006dd41f6,12.69
249,2019-08-03T15:15:01Z,8b0535dd90c15c8fd1b256e7a48369741b0fe9d58f8f05f6e46134b7,60.16544,24.95398,0000000038d83d41,25.36
250,2019-08-03T15:15:01Z,8c75c3289c84fe4493e1e272a77b615fe1985880c5dc68a7c1a17b53,60.16762,24.95415,000000006b44cce7,17.4
251,2019-08-03T15:15:01Z,93b3a3a1f3a69609cddaed78f8802efc3861ac229f2dc23cc1218625,60.16762,24.95415,000000006b44cce7,33.81
252,2019-08-03T15:15:01Z,9843c6216661048343a0e49cf3d8aa2883cf77f452666a1c873a1052,60.16448,24.97323,0000000053c6c2be,12.69
253,2019-08-03T15:15:01Z,9f60230dcd9ee75653a787edcbf9e48c36b5650f21d09b13268503da,60.14951,24.92138,0000000006dd41f6,31.5
254,2019-08-03T15:15:01Z,a7c55bdd7685c223259f39c2f09bb61a33ba404b51d05e283aa167f2,60.16897,24.95222,00000000aa852af1,21.87
255,2019-08-03T15:15:01Z,a91d379a4b57c5df22db0d7a041ff69f657b4b31f28554b1011fc03c,60.16544,24.95398,0000000038d83d41,29.32
256,2019-08-03T15:15:01Z,ac70e55586448848432d32c30c57e1ee96fe29873afd890b60fd242e,60.16075,24.95883,00000000f1124bca,27.28
257,2019-08-03T15:15:01Z,b531650be0ab9e39bac59714d21155e32f86dbcb08713b4fef6d15ed,60.16762,24.95415,000000006b44cce7,4.11
258,2019-08-03T15:15:01Z,bd83bdf065383ada0f6486bd4cb707191ca6ad2172e9e2957b3ea5ed,60.16762,24.95415,000000006b44cce7,12.69
259,2019-08-03T15:15:01Z,bda6d5cf94a9fae3ffd02687367a635390a91e3f733fecbab7485c86,60.1538,24.95595,0000000038bf9618,14.89
260,2019-08-03T15:15:01Z,bdc3450134aecfa577d101bb7bad22ac0cc4e6b2ab07148991138ae5,60.16531,24.9442,00000000fdda10fe,18.79
261,2019-08-03T15:15:01Z,beb520e67cfc686ad521547821b2e50caea836634173a2da05207b7b,60.16762,24.95415,000000006b44cce7,11.7
262,2019-08-03T15:15:01Z,c48c2937f2b567041d0dc26f7ad31daf8392da9454dbd0694096bafb,60.16762,24.95415,000000006b44cce7,16.1
263,2019-08-03T15:15:01Z,c9cb2b9de2b21abecad29584393bea94a97f282f234f310e2468d7a7,60.16075,24.95883,00000000f1124bca,33.81
264,2019-08-03T15:15:01Z,cb80da0540d33db5c7e3599cfa9e3c0eeedf0cd2f006667dd99f3160,60.16544,24.95398,0000000038d83d41,25.36
265,2019-08-03T15:15:01Z,cf05623e4d87ce0906c0b0b7dbf53aacc1228016cd27c341228b6e76,60.18203,24.91341,00000000342570c2,16.1
266,2019-08-03T15:15:01Z,d0ea0d2cca08dbdb453b1fb9b0e19ac3e23af923abbf214d85b4c838,60.16762,24.95415,000000006b44cce7,18.79
267,2019-08-03T15:15:01Z,e6a26117471c519e8ea291a6e4fad4c62d6d66bae3396b37a697eb2d,60.15432,24.9211,0000000019fb59c4,18.79
268,2019-08-03T15:15:01Z,ed70dda6b7faebd4340dacdb452ab224d9d3c308df417b7fa76f54e8,60.14951,24.92138,0000000006dd41f6,21.87
269,2019-08-03T15:15:01Z,ed740f442f5b4c0b7c6278bf30f66d4063bbb308276e4106f8ffc8da,60.17065,24.93641,000000000f4919c9,21.87
270,2019-08-03T15:15:01Z,f088630d7476dae7d4b7e2bb1f10575f2c89acb4b6e061f3d57c2b40,60.16531,24.9442,00000000fdda10fe,31.5
271,2019-08-03T15:15:01Z,f6609ab1076b1105bb845595a03b41b8fbb282f79c337df5bbc9f841,60.14699,24.922,00000000a53ed894,8.38
272,2019-08-03T15:15:01Z,f6fd6f2098c9860e84460086d2381ff143c63785709cfd13a1f4dab1,60.16075,24.95883,00000000f1124bca,29.32
273,2019-08-03T15:15:01Z,f91c7fdd271a21415af3df2d9f194ceeb956e22818075c7c1e2508a3,60.16762,24.95415,000000006b44cce7,13.75
274,2019-08-03T15:15:01Z,fc4f3a44235f1cfc7b53f14ba2da599976a5a0a220d23b852688e485,60.17919,24.95181,000000007b5207b6,18.79
275,2019-08-03T15:15:01Z,0261d5fde889cd2550d253ce57445e85489f4295f689c1a687606734,60.1538,24.95595,0000000038bf9618,23.56
276,2019-08-03T15:15:01Z,03095915d27ffe0f66764cc6d3d0c611e9dfa8a4b7895f25970eabbf,60.16829,24.94214,00000000afef4555,29.32
277,2019-08-03T15:15:01Z,03c52345e58ef284978857d6df92e249d6550639b384deeb0be1a471,60.16829,24.94214,00000000afef4555,9.92
278,2019-08-03T15:15:01Z,0425ef016cd2776447901542df88bd331d9698f62467a726aeec030c,60.16531,24.9442,00000000fdda10fe,3.4
279,2019-08-03T15:15:01Z,055a312c04b2392d9b6ef00256f700817a0c1ae6a947ecbcf47ce132,60.16762,24.95415,000000006b44cce7,5.91
280,2019-08-03T15:15:01Z,05f8cb308da17aa3a492f72deb3f28495203fa4470cd530bbd9bb383,60.16897,24.95222,00000000aa852af1,18.79
281,2019-08-03T15:15:01Z,0692d6ee103f40c4a1a86c8eb2ec205de752ec29f461d51e543dcb62,60.1538,24.95595,0000000038bf9618,27.28
282,2019-08-03T15:15:01Z,0c3c7ccb65655e162d1972e09ebe222ab02a2493bfe45465d29ccae9,60.16762,24.95415,000000006b44cce7,8.38
283,2019-08-03T15:15:01Z,0f12de31682540bd9dcef4677cfab75c361c452c24e7925d82558d82,60.149,24.9843,00000000fffb8cf0,14.89
284,2019-08-03T15:15:01Z,0f60c5c4465fcc1e1e221fb438219f2fd362498b43b9cfd43b8b1f5e,60.16629,24.95957,00000000fb7600be,11.7
285,2019-08-03T15:15:01Z,12eba5a44a2d1eefc9d583ea3aaade0a92a17104f685f81dae9d8f05,60.16829,24.94214,00000000afef4555,21.87
286,2019-08-03T15:15:01Z,159a8a2604ddc303f905ec5f898b0b57c6c866ffb698398c3ada3949,60.16829,24.94214,00000000afef4555,12.69
287,2019-08-03T15:15:01Z,15f13ee4274d2db4e63fccbddfd17747a4901311f1ecad8894fdd416,60.16829,24.94214,00000000afef4555,3.74
288,2019-08-03T15:15:01Z,192ee0cd4fff355eb0b69cf645f47b2cfe8b7a0bbbeca186c5b4cea5,60.16829,24.94214,00000000afef4555,2.3
289,2019-08-03T15:15:01Z,1a8cc63b03da6d2bb5975f4436e7a79217483b12fadb56537e3fb4f1,60.16762,24.95415,000000006b44cce7,11.7
290,2019-08-03T15:15:01Z,1dacfb371d75dd4f90f447aac2a00faad98beb4188a6971c19eb2375,60.16629,24.95957,00000000fb7600be,20.28
291,2019-08-03T15:15:01Z,1db04ee27e7efda71a79d0aba86873a49736dfc9a571189b502d689f,60.1638,24.96846,00000000d747f075,25.36
292,2019-08-03T15:15:01Z,246a5b22b3fe2ba0b46acc86eb1e46f2e92f747bb7886c127bff3120,60.16829,24.94214,00000000afef4555,7.05
293,2019-08-03T15:15:01Z,2696f6a462520c8284659d993a9bf0545c2b2f278e1538f7f60dd1d3,60.17002,24.94407,000000006b087f40,11.7
294,2019-08-03T15:15:01Z,29c3ea831b50db2015b42a7a32ef23935d7c89b37203a5d74460ddfd,60.17918,24.95141,00000000675d5200,11.7
295,2019-08-03T15:15:01Z,2a5d3e7d2a42d9128544c04193f7c88e9d482419916c1a1ea2a16cfe,60.16762,24.95415,000000006b44cce7,14.89
296,2019-08-03T15:15:01Z,2c0679f696d288647f6eb33f80d4203d54e89d6ffc377493acba6c76,60.16829,24.94214,00000000afef4555,14.89
297,2019-08-03T15:15:01Z,2c5d922ea9e284e3ba6f91e60e4e53a6791d11d7966a12412e9f5e43,60.18203,24.91341,00000000342570c2,23.56
298,2019-08-03T15:15:01Z,2cd8a98fff2984e5d86aecb82882173f54dce1f19529102ed8130fa1,60.149,24.9843,00000000fffb8cf0,31.5
299,2019-08-03T15:15:01Z,2da33e8b3e3368b7006dbf6d65d6840102bd73473e7db8912e8e2fbe,60.16829,24.94214,00000000afef4555,33.81
300,2019-08-03T15:15:01Z,306ee650c0609da55e55a7cbee5aa1fc3e0bd2a55bf396b4aa2ea4a7,60.149,24.9843,00000000fffb8cf0,21.87
301,2019-08-03T15:15:01Z,32a5d4c7c25e3914406673aca91387a253fa06ca197ed96961d3b8b0,60.1638,24.96846,00000000d747f075,25.36
302,2019-08-03T15:15:01Z,33bbd68b7a383ed97ce0f6dde5f594f527c28c9679e2379dbbcf5b48,60.149,24.9843,00000000fffb8cf0,7.05
303,2019-08-03T15:15:01Z,34956cf877da1eb9e327dc5e80a090621bd0e3707689b5e484279a18,60.1638,24.96846,00000000d747f075,31.5
304,2019-08-03T15:15:01Z,34a7aa7b975842fe1d229c744d6ac1b428121a9a943859b239873387,60.14947,24.91438,000000004ef3150d,29.32
305,2019-08-03T15:15:01Z,350c10ee33bc74e72e2e26c9d3991fa97b3ff00efc05e1e7672aa42b,60.14947,24.91438,000000004ef3150d,31.5
306,2019-08-03T15:15:01Z,35e4a3b7a564ad92c8061e9960116165203606b0b977b2818da81662,60.1638,24.96846,00000000d747f075,25.36
307,2019-08-03T15:15:01Z,35ffb3f797ea2e626bb13d9eafc5102c198f7d7b5dcf599d39970334,60.15432,24.9211,0000000019fb59c4,5.41
308,2019-08-03T15:15:01Z,361f937ab1057efd291aadfbf88395a903b0bbcfff8ee3afe1431a31,60.16544,24.95398,0000000038d83d41,23.56
309,2019-08-03T15:15:01Z,3667fbafdd2b7351b6f61f1717e7febcae4ea392b9461a8caae7ec79,60.16897,24.95222,00000000aa852af1,31.5
310,2019-08-03T15:15:01Z,376c5b11310073578dbc02a23f884b289e559e950f908ce1399db6a2,60.16897,24.95222,00000000aa852af1,31.5
311,2019-08-03T15:15:01Z,37c6e5cf0bcb81f61578db3c6f9317a348eddfb1dd497b606b961956,60.17002,24.94407,000000006b087f40,21.87
312,2019-08-03T15:15:01Z,3a393554eea47fd44076f43c285c7929411664360a7ed38279ed4971,60.16762,24.95415,000000006b44cce7,17.4
313,2019-08-03T15:15:01Z,3a55d283085bd9c9512d1a019a81fb1d5c143a2bdc76ed1618e1ab27,60.16531,24.9442,00000000fdda10fe,8.38
314,2019-08-03T15:15:01Z,3c61e9ce730e1dd8a8f2d45aac24bfe8bc67d8b6bb6477632d534aa0,60.17919,24.95181,000000007b5207b6,27.28
315,2019-08-03T15:15:01Z,3e715deef04ac5e1490f68a8a1af4724ff8ec6ae2ba56d16ae0f41e0,60.16829,24.94214,00000000afef4555,11.7
316,2019-08-03T15:15:01Z,3f16b4e02d54038437884ba75f214ccdf2d5fd61d8051c1e564b81d2,60.16829,24.94214,00000000afef4555,18.79
317,2019-08-03T15:15:01Z,405d4feebd301406ebc6ed3029ee6563981b7d4aa7a9776786cbcc31,60.1538,24.95595,0000000038bf9618,36.27
318,2019-08-03T15:15:01Z,4110c2c672c4e007844f8f823d04c977fa0872c1d5087a9ec0bb8eb9,60.1538,24.95595,0000000038bf9618,7.05
319,2019-08-03T15:15:01Z,472b422bac54179e6c385636c79efb7ae8f35883e225268966b05a3c,60.1538,24.95595,0000000038bf9618,33.81
320,2019-08-03T15:15:01Z,480efd8223c9913e7949647cf2c794ef1aeb794294634d82b5d38af3,60.17065,24.93641,000000000f4919c9,29.32
321,2019-08-03T15:15:01Z,4815afa4452433abbe53a2f7c6df690905a583f0960cf13e361179a6,60.16897,24.95222,00000000aa852af1,31.5
322,2019-08-03T15:15:01Z,4d2e393b1a432f811633bbae38843f5006d59e2c83abc637668230a5,60.16897,24.95222,00000000aa852af1,9.92
323,2019-08-03T15:15:01Z,520000788efa0cd10cf7e88b4f774f5d1c3501ea07c3fea00d28d424,60.16829,24.94214,00000000afef4555,4.5
324,2019-08-03T15:15:01Z,52541131c264f02755a30437a891dfacac1f712e49750a39e8e99b13,60.16762,24.95415,000000006b44cce7,12.69
325,2019-08-03T15:15:01Z,53f1265f729311fc0fcb0d4285543027a7c8ad39033c0229d687037a,60.1638,24.96846,00000000d747f075,33.81
326,2019-08-03T15:15:01Z,561367afa14ddbe797d4ceda804d3f7f5cc280e212e1f3a14b3ebd2e,60.1538,24.95595,0000000038bf9618,11.7
327,2019-08-03T15:15:01Z,56a624625bcdc3644713b3aed7a26553f31657ff001d1529a0c150c9,60.149,24.9843,00000000fffb8cf0,25.36
