,time,hash,latitude,longitude,serial,distance
0,2019-08-04T22:15:00Z,002609eccfa6482109fb43966e0153bf6f371425cf715e49925348dd,60.14699,24.922,00000000a53ed894,17.4
1,2019-08-04T22:15:00Z,14c7e1511b70f4dd3359cbece1377aebb4d70531f5489eefe53d7c3c,60.16544,24.95398,0000000038d83d41,21.87
2,2019-08-04T22:15:00Z,165ebbb4090d47319ae370f0d0854fdc1f6b79499f8b2e4d3c3533c0,60.16544,24.95398,0000000038d83d41,27.28
3,2019-08-04T22:15:00Z,18a7cc18e342213704ea064466030587974195a1405c322d3118dcf3,60.14699,24.922,00000000a53ed894,20.28
4,2019-08-04T22:15:00Z,22acbe5bc5ac259066767fb3804973b3ba881999f2c499b05247f06d,60.14951,24.92138,0000000006dd41f6,12.69
5,2019-08-04T22:15:00Z,25a7ff811c3c06e426c7c2cbb0433d9a2a3399b23afecbd35584ab0f,60.18203,24.91341,00000000342570c2,10.78
6,2019-08-04T22:15:00Z,297c725b456ef12d2712634b21546721cbe93224d3a5762d897404f2,60.16762,24.95415,000000006b44cce7,9.92
7,2019-08-04T22:15:00Z,2c7cb33a1d5aeed6b1f2e9731589deaaeaa1f23489d56c14fa34eac1,60.14951,24.92138,0000000006dd41f6,20.28
8,2019-08-04T22:15:00Z,3763dbba0710e5f35aae6c2f5043debbfd529b4c513eebb4875c2c46,60.16762,24.95415,000000006b44cce7,25.36
9,2019-08-04T22:15:00Z,3944bc7a301be7241d1f7bc4a97f221000d535ce3d8a9af9af9b23b5,60.16531,24.9442,00000000fdda10fe,25.36
10,2019-08-04T22:15:00Z,43b676ed3aef4c2d8846694817e76117873be52e7f788e0cb366c1c4,60.16629,24.95957,00000000fb7600be,25.36
11,2019-08-04T22:15:00Z,5bbb5184fded3e51bc78e45e39917794285e6bbc72da404802a9599a,60.16531,24.9442,00000000fdda10fe,25.36
12,2019-08-04T22:15:00Z,5d65719c4cbf045f068d084b72302f447d5fd034413d97d13be00d0e,60.18203,24.91341,00000000342570c2,18.79
13,2019-08-04T22:15:00Z,5eed115a984d490b02b602d73787aee8dc8c4e9365b77fbff3818a76,60.16629,24.95957,00000000fb7600be,23.56
14,2019-08-04T22:15:00Z,6f06341f358e61699fe1e55e986dd0554bc8da28b91daf0c5ad99db6,60.16629,24.95957,00000000fb7600be,21.87
15,2019-08-04T22:15:00Z,6ff437688c444238352c28f64f9d2a7d0f14d19c9ea42c225380501e,60.16762,24.95415,000000006b44cce7,18.79
16,2019-08-04T22:15:00Z,7876e65f126121713ab8aded48e44b64ad5dd53b4c6e52536c374874,60.14951,24.92138,0000000006dd41f6,25.36
17,2019-08-04T22:15:00Z,87dfaad29a9276ddddb1fa021d3bc23ad14824c1af16f7d87e713689,60.14951,24.92138,0000000006dd41f6,9.92
18,2019-08-04T22:15:00Z,89982a6acf91b79a282a6b63978e946ee205f303fcd20e944e06baf0,60.16544,24.95398,0000000038d83d41,36.27
19,2019-08-04T22:15:00Z,8b0535dd90c15c8fd1b256e7a48369741b0fe9d58f8f05f6e46134b7,60.16544,24.95398,0000000038d83d41,29.32
20,2019-08-04T22:15:00Z,8c75c3289c84fe4493e1e272a77b615fe1985880c5dc68a7c1a17b53,60.16762,24.95415,000000006b44cce7,10.78
21,2019-08-04T22:15:00Z,9843c6216661048343a0e49cf3d8aa2883cf77f452666a1c873a1052,60.16448,24.97323,0000000053c6c2be,13.75
22,2019-08-04T22:15:00Z,a91d379a4b57c5df22db0d7a041ff69f657b4b31f28554b1011fc03c,60.16544,24.95398,0000000038d83d41,29.32
23,2019-08-04T22:15:00Z,af39edf2bb940054e6f0ba41fbd2dda73c80369a5559082bdc868dc6,60.1538,24.95595,0000000038bf9618,25.36
24,2019-08-04T22:15:00Z,b3b17bf82f820d254d30fe39c17e00651c61c59dddae585cd8b918c0,60.1538,24.95595,0000000038bf9618,25.36
25,2019-08-04T22:15:00Z,b5fd6b317890e5ab2d79e2cd1abe61626d45a753c7337d0d40728898,60.16762,24.95415,000000006b44cce7,9.92
26,2019-08-04T22:15:00Z,b7ccc36366d34cdd80f5c1a2407ed073a7662e52824439003817e391,60.17002,24.94407,000000006b087f40,18.79
27,2019-08-04T22:15:00Z,cf05623e4d87ce0906c0b0b7dbf53aacc1228016cd27c341228b6e76,60.18203,24.91341,00000000342570c2,18.79
28,2019-08-04T22:15:00Z,d366aa1925472f34a389921734c1777d6d7c2e812b0f284d78697edf,60.1538,24.95595,0000000038bf9618,33.81
29,2019-08-04T22:15:00Z,d3e91adcec5f28b9b7492fe3fdc2bd7259928d9c4b69097877335c18,60.16762,24.95415,000000006b44cce7,27.28
30,2019-08-04T22:15:00Z,d723dbb4c28e8fa58a2b3998f7c15760553bbf7838fd86c170c882ae,60.17002,24.94407,000000006b087f40,18.79
31,2019-08-04T22:15:00Z,ed70dda6b7faebd4340dacdb452ab224d9d3c308df417b7fa76f54e8,60.14951,24.92138,0000000006dd41f6,18.79
32,2019-08-04T22:15:00Z,f088630d7476dae7d4b7e2bb1f10575f2c89acb4b6e061f3d57c2b40,60.16531,24.9442,00000000fdda10fe,27.28
33,2019-08-04T22:15:00Z,fc4f3a44235f1cfc7b53f14ba2da599976a5a0a220d23b852688e485,60.17918,24.95141,00000000675d5200,27.28
34,2019-08-04T22:15:00Z,05686750cecaecdde189babbe0e17a7bd220c29cc64e9d885d129df6,60.17002,24.94407,000000006b087f40,16.1
35,2019-08-04T22:15:00Z,11b17dbbffbd9e629c3439705ef14761e73fbd28c1a2e6af45c2081f,60.17918,24.95141,00000000675d5200,9.12
36,2019-08-04T22:15:00Z,1dacfb371d75dd4f90f447aac2a00faad98beb4188a6971c19eb2375,60.16629,24.95957,00000000fb7600be,23.56
37,2019-08-04T22:15:00Z,254e9b9512b6f350eb6e5125230f382e9434169d73cf0cd709d9d9f7,60.16531,24.9442,00000000fdda10fe,5.91
38,2019-08-04T22:15:00Z,25e5c752e3953d2785209d418e112d85ff1fa3e2e9b94214ffbbedc5,60.16762,24.95415,000000006b44cce7,4.5
39,2019-08-04T22:15:00Z,3832fd453605ce2fbee42e364832fad050fffea33c324fccac92521a,60.16629,24.95957,00000000fb7600be,20.28
40,2019-08-04T22:15:00Z,4d3eae1e3099754c5ebba1b8ba25c78f4fb6ce656cc734f536e7c7ac,60.16448,24.97323,0000000053c6c2be,41.64
41,2019-08-04T22:15:00Z,584cb0b0cdd14e608c8b57c8aecc9826f9b40027e365e2438a444ea2,60.16762,24.95415,000000006b44cce7,13.75
42,2019-08-04T22:15:00Z,586b1c1ec8effd07011c0ca2b947dc802c0b2d41ef531f9a2b5f655a,60.16762,24.95415,000000006b44cce7,12.69
43,2019-08-04T22:15:00Z,5c85f9f5aa9a6ee3384594a8440449715d329e2ccc5d3c8f62780498,60.149,24.9843,00000000fffb8cf0,16.1
44,2019-08-04T22:15:00Z,637444cccbc28160d6b34e9f414caeac4ace95d16ac6c068c9762759,60.14699,24.922,00000000a53ed894,18.79
45,2019-08-04T22:15:00Z,681bf5d058a96c647c38f3966deec50cc536e3091139534293f832cb,60.17002,24.94407,000000006b087f40,21.87
46,2019-08-04T22:15:00Z,6a3e58587e2b3ea8305d20890b33aa4c6ad627f108140fff7b97e5f5,60.17002,24.94407,000000006b087f40,33.81
47,2019-08-04T22:15:00Z,6a95a0a18abd7476d1af32fdf896556b667a6227dd2f248ce8ff5baa,60.17918,24.95141,00000000675d5200,21.87
48,2019-08-04T22:15:00Z,74cb545f76f0bfc5498607247e26e814276a11ce91f77208054ecbc5,60.17002,24.94407,000000006b087f40,31.5
49,2019-08-04T22:15:00Z,bc07df8cc395f6f4f5d483b2233caca5f93a6918f346e4cc3702f8cc,60.16531,24.9442,00000000fdda10fe,11.7
50,2019-08-04T22:15:00Z,c0a0ca3433586ed2ae0e448f2406fabac7292ac79d49562e0bd5cef8,60.16762,24.95415,000000006b44cce7,25.36
51,2019-08-04T22:15:00Z,c1470d09073fe7fbd810b534179068b8050446b5408a2bc93888de2b,60.14947,24.91438,000000004ef3150d,10.78
52,2019-08-04T22:15:00Z,d32606c784beb6014818077b6de2083ab49cab81fd4acdaaffad97dd,60.16762,24.95415,000000006b44cce7,2.3
53,2019-08-04T22:15:00Z,d694ef73300a682e68168b106ac3fd6f41059e5c42ea9017f25f9e6f,60.16448,24.97323,0000000053c6c2be,23.56
54,2019-08-04T22:15:00Z,e146a005895fb34bd6ba171e992a110e3768e607872add67faa900fa,60.16762,24.95415,000000006b44cce7,16.1
55,2019-08-04T22:15:00Z,e98a78f8f8e9b7edca2c7a9ce559bfc536e1f88278db39f445fef056,60.16762,24.95415,000000006b44cce7,18.79
56,2019-08-04T22:15:00Z,efb3be7600443a96b9ec970ebd47870675aee7b0e035dfbc8bf4f078,60.14947,24.91438,000000004ef3150d,8.38
57,2019-08-04T22:15:00Z,f1cf4b894675776c3cf39663bc66066906b1197570d2693a705ad5a6,60.16762,24.95415,000000006b44cce7,9.92
58,2019-08-04T22:15:00Z,f9399339c3de44774896319d3f291771cebcaf2666df1d6062469882,60.16531,24.9442,00000000fdda10fe,27.28
59,2019-08-04T22:15:01Z,002609eccfa6482109fb43966e0153bf6f371425cf715e49925348dd,60.14699,24.922,00000000a53ed894,23.56
60,2019-08-04T22:15:01Z,14c7e1511b70f4dd3359cbece1377aebb4d70531f5489eefe53d7c3c,60.16544,24.95398,0000000038d83d41,23.56
61,2019-08-04T22:15:01Z,165ebbb4090d47319ae370f0d0854fdc1f6b79499f8b2e4d3c3533c0,60.16544,24.95398,0000000038d83d41,23.56
62,2019-08-04T22:15:01Z,18a7cc18e342213704ea064466030587974195a1405c322d3118dcf3,60.14699,24.922,00000000a53ed894,13.75
63,2019-08-04T22:15:01Z,22acbe5bc5ac259066767fb3804973b3ba881999f2c499b05247f06d,60.14951,24.92138,0000000006dd41f6,11.7
64,2019-08-04T22:15:01Z,25a7ff811c3c06e426c7c2cbb0433d9a2a3399b23afecbd35584ab0f,60.18203,24.91341,00000000342570c2,13.75
65,2019-08-04T22:15:01Z,297c725b456ef12d2712634b21546721cbe93224d3a5762d897404f2,60.16762,24.95415,000000006b44cce7,10.78
66,2019-08-04T22:15:01Z,2c7cb33a1d5aeed6b1f2e9731589deaaeaa1f23489d56c14fa34eac1,60.14951,24.92138,0000000006dd41f6,20.28
67,2019-08-04T22:15:01Z,3763dbba0710e5f35aae6c2f5043debbfd529b4c513eebb4875c2c46,60.16762,24.95415,000000006b44cce7,21.87
68,2019-08-04T22:15:01Z,3944bc7a301be7241d1f7bc4a97f221000d535ce3d8a9af9af9b23b5,60.16531,24.9442,00000000fdda10fe,23.56
69,2019-08-04T22:15:01Z,43b676ed3aef4c2d8846694817e76117873be52e7f788e0cb366c1c4,60.16629,24.95957,00000000fb7600be,31.5
70,2019-08-04T22:15:01Z,5bbb5184fded3e51bc78e45e39917794285e6bbc72da404802a9599a,60.16531,24.9442,00000000fdda10fe,20.28
71,2019-08-04T22:15:01Z,5d65719c4cbf045f068d084b72302f447d5fd034413d97d13be00d0e,60.18203,24.91341,00000000342570c2,17.4
72,2019-08-04T22:15:01Z,5eed115a984d490b02b602d73787aee8dc8c4e9365b77fbff3818a76,60.16629,24.95957,00000000fb7600be,21.87
73,2019-08-04T22:15:01Z,6066632ddc94b5c482a2d4f45ed2532e55e3fd63e414a084a596a737,60.16762,24.95415,000000006b44cce7,21.87
74,2019-08-04T22:15:01Z,66dabd3229229330d23c70e9e1737429ddfe69db01f4a6a00f70fa20,60.16762,24.95415,000000006b44cce7,31.5
75,2019-08-04T22:15:01Z,6ff437688c444238352c28f64f9d2a7d0f14d19c9ea42c225380501e,60.16762,24.95415,000000006b44cce7,18.79
76,2019-08-04T22:15:01Z,747f2d1ebff218c0ebbdc0fdaef4cbe56633dfb46ae1b1f8c8142201,60.16762,24.95415,000000006b44cce7,14.89
77,2019-08-04T22:15:01Z,79f136afa0dd8717337c01c70b457c464aaf0fa25b440f51a394ec23,60.16762,24.95415,000000006b44cce7,27.28
78,2019-08-04T22:15:01Z,87dfaad29a9276ddddb1fa021d3bc23ad14824c1af16f7d87e713689,60.14951,24.92138,0000000006dd41f6,12.69
79,2019-08-04T22:15:01Z,89982a6acf91b79a282a6b63978e946ee205f303fcd20e944e06baf0,60.16544,24.95398,0000000038d83d41,21.87
80,2019-08-04T22:15:01Z,8c75c3289c84fe4493e1e272a77b615fe1985880c5dc68a7c1a17b53,60.16762,24.95415,000000006b44cce7,13.75
81,2019-08-04T22:15:01Z,9843c6216661048343a0e49cf3d8aa2883cf77f452666a1c873a1052,60.16448,24.97323,0000000053c6c2be,12.69
82,2019-08-04T22:15:01Z,a91d379a4b57c5df22db0d7a041ff69f657b4b31f28554b1011fc03c,60.16544,24.95398,0000000038d83d41,31.5
83,2019-08-04T22:15:01Z,af39edf2bb940054e6f0ba41fbd2dda73c80369a5559082bdc868dc6,60.1538,24.95595,0000000038bf9618,25.36
84,2019-08-04T22:15:01Z,b5fd6b317890e5ab2d79e2cd1abe61626d45a753c7337d0d40728898,60.16762,24.95415,000000006b44cce7,6.46
85,2019-08-04T22:15:01Z,b7ccc36366d34cdd80f5c1a2407ed073a7662e52824439003817e391,60.17002,24.94407,000000006b087f40,23.56
86,2019-08-04T22:15:01Z,ce197d5eedb5498917afe7ca3f7275ffeb191f0c5d050bffa154c1d2,60.16531,24.9442,00000000fdda10fe,33.81
87,2019-08-04T22:15:01Z,cf05623e4d87ce0906c0b0b7dbf53aacc1228016cd27c341228b6e76,60.18203,24.91341,00000000342570c2,18.79
88,2019-08-04T22:15:01Z,d723dbb4c28e8fa58a2b3998f7c15760553bbf7838fd86c170c882ae,60.17002,24.94407,000000006b087f40,20.28
89,2019-08-04T22:15:01Z,f088630d7476dae7d4b7e2bb1f10575f2c89acb4b6e061f3d57c2b40,60.16531,24.9442,00000000fdda10fe,25.36
90,2019-08-04T22:15:01Z,fc4f3a44235f1cfc7b53f14ba2da599976a5a0a220d23b852688e485,60.17918,24.95141,00000000675d5200,25.36
91,2019-08-04T22:15:01Z,0192aee041a4cba6b457e68a49a7fe4f2e734cbb2e8727d03a3c2f61,60.17002,24.94407,000000006b087f40,21.87
92,2019-08-04T22:15:01Z,05686750cecaecdde189babbe0e17a7bd220c29cc64e9d885d129df6,60.17002,24.94407,000000006b087f40,36.27
93,2019-08-04T22:15:01Z,11b17dbbffbd9e629c3439705ef14761e73fbd28c1a2e6af45c2081f,60.17918,24.95141,00000000675d5200,7.05
94,2019-08-04T22:15:01Z,1dacfb371d75dd4f90f447aac2a00faad98beb4188a6971c19eb2375,60.16629,24.95957,00000000fb7600be,23.56
95,2019-08-04T22:15:01Z,1faaaeff6423708e06d94b904af4be93e399939fbdfd3b3091dc8bd2,60.15432,24.9211,0000000019fb59c4,14.89
96,2019-08-04T22:15:01Z,254e9b9512b6f350eb6e5125230f382e9434169d73cf0cd709d9d9f7,60.16531,24.9442,00000000fdda10fe,5.91
97,2019-08-04T22:15:01Z,25e5c752e3953d2785209d418e112d85ff1fa3e2e9b94214ffbbedc5,60.16762,24.95415,000000006b44cce7,6.46
98,2019-08-04T22:15:01Z,2929b27326ddd54313d16b918fda23311a984044110e3c72a69738ae,60.16629,24.95957,00000000fb7600be,31.5
99,2019-08-04T22:15:01Z,304d4e04e510b803565b657d5ba4aebb3f422fc901f93fbc4cdd8f9a,60.16448,24.97323,0000000053c6c2be,14.89
100,2019-08-04T22:15:01Z,32f6160c74ce18cb2d97eb7e8c61e3b0627bd6e6066a06a170897d09,60.14699,24.922,00000000a53ed894,18.79
101,2019-08-04T22:15:01Z,3832fd453605ce2fbee42e364832fad050fffea33c324fccac92521a,60.16629,24.95957,00000000fb7600be,18.79
102,2019-08-04T22:15:01Z,435ef54c685df981f0b2ff02ae35a5a3f7796a10ec5abf0f67251258,60.16897,24.95222,00000000aa852af1,33.81
103,2019-08-04T22:15:01Z,4d3eae1e3099754c5ebba1b8ba25c78f4fb6ce656cc734f536e7c7ac,60.16448,24.97323,0000000053c6c2be,31.5
104,2019-08-04T22:15:01Z,584cb0b0cdd14e608c8b57c8aecc9826f9b40027e365e2438a444ea2,60.16762,24.95415,000000006b44cce7,11.7
105,2019-08-04T22:15:01Z,586b1c1ec8effd07011c0ca2b947dc802c0b2d41ef531f9a2b5f655a,60.16762,24.95415,000000006b44cce7,13.75
106,2019-08-04T22:15:01Z,5c85f9f5aa9a6ee3384594a8440449715d329e2ccc5d3c8f62780498,60.149,24.9843,00000000fffb8cf0,23.56
107,2019-08-04T22:15:01Z,637444cccbc28160d6b34e9f414caeac4ace95d16ac6c068c9762759,60.14699,24.922,00000000a53ed894,18.79
108,2019-08-04T22:15:01Z,681bf5d058a96c647c38f3966deec50cc536e3091139534293f832cb,60.17002,24.94407,000000006b087f40,23.56
109,2019-08-04T22:15:01Z,6a95a0a18abd7476d1af32fdf896556b667a6227dd2f248ce8ff5baa,60.17918,24.95141,00000000675d5200,20.28
110,2019-08-04T22:15:01Z,721660bc852c6c9f982ee6fefecb27c459374740396425b2b34494f8,60.14947,24.91438,000000004ef3150d,23.56
111,2019-08-04T22:15:01Z,7d8e2f6035d9b4fdd8464042ba2fb085fcf5e668f74e6bb8accb64a1,60.16762,24.95415,000000006b44cce7,17.4
112,2019-08-04T22:15:01Z,bc07df8cc395f6f4f5d483b2233caca5f93a6918f346e4cc3702f8cc,60.16531,24.9442,00000000fdda10fe,8.38
113,2019-08-04T22:15:01Z,c0a0ca3433586ed2ae0e448f2406fabac7292ac79d49562e0bd5cef8,60.16762,24.95415,000000006b44cce7,31.5
114,2019-08-04T22:15:01Z,c1470d09073fe7fbd810b534179068b8050446b5408a2bc93888de2b,60.14947,24.91438,000000004ef3150d,8.38
115,2019-08-04T22:15:01Z,d694ef73300a682e68168b106ac3fd6f41059e5c42ea9017f25f9e6f,60.16448,24.97323,0000000053c6c2be,21.87
116,2019-08-04T22:15:01Z,e80477155cb38de1585675ecd61a385c3c60792d63fee3525f8ba4f7,60.14699,24.922,00000000a53ed894,11.7
117,2019-08-04T22:15:01Z,efb3be7600443a96b9ec970ebd47870675aee7b0e035dfbc8bf4f078,60.14947,24.91438,000000004ef3150d,9.92
118,2019-08-04T22:15:01Z,f1cf4b894675776c3cf39663bc66066906b1197570d2693a705ad5a6,60.16762,24.95415,000000006b44cce7,10.78
119,2019-08-04T22:15:01Z,f9399339c3de44774896319d3f291771cebcaf2666df1d6062469882,60.16531,24.9442,00000000fdda10fe,27.28
120,2019-08-04T22:15:02Z,002609eccfa6482109fb43966e0153bf6f371425cf715e49925348dd,60.14699,24.922,00000000a53ed894,11.7
121,2019-08-04T22:15:02Z,14c7e1511b70f4dd3359cbece1377aebb4d70531f5489eefe53d7c3c,60.16544,24.95398,0000000038d83d41,21.87
122,2019-08-04T22:15:02Z,165ebbb4090d47319ae370f0d0854fdc1f6b79499f8b2e4d3c3533c0,60.16544,24.95398,0000000038d83d41,25.36
123,2019-08-04T22:15:02Z,18a7cc18e342213704ea064466030587974195a1405c322d3118dcf3,60.14699,24.922,00000000a53ed894,14.89
124,2019-08-04T22:15:02Z,22acbe5bc5ac259066767fb3804973b3ba881999f2c499b05247f06d,60.14951,24.92138,0000000006dd41f6,20.28
125,2019-08-04T22:15:02Z,25a7ff811c3c06e426c7c2cbb0433d9a2a3399b23afecbd35584ab0f,60.18203,24.91341,00000000342570c2,10.78
126,2019-08-04T22:15:02Z,297c725b456ef12d2712634b21546721cbe93224d3a5762d897404f2,60.16762,24.95415,000000006b44cce7,9.12
127,2019-08-04T22:15:02Z,2c7cb33a1d5aeed6b1f2e9731589deaaeaa1f23489d56c14fa34eac1,60.14951,24.92138,0000000006dd41f6,18.79
128,2019-08-04T22:15:02Z,3763dbba0710e5f35aae6c2f5043debbfd529b4c513eebb4875c2c46,60.16762,24.95415,000000006b44cce7,23.56
129,2019-08-04T22:15:02Z,3944bc7a301be7241d1f7bc4a97f221000d535ce3d8a9af9af9b23b5,60.16531,24.9442,00000000fdda10fe,23.56
130,2019-08-04T22:15:02Z,43b676ed3aef4c2d8846694817e76117873be52e7f788e0cb366c1c4,60.16629,24.95957,00000000fb7600be,25.36
131,2019-08-04T22:15:02Z,5bbb5184fded3e51bc78e45e39917794285e6bbc72da404802a9599a,60.16531,24.9442,00000000fdda10fe,21.87
132,2019-08-04T22:15:02Z,5d65719c4cbf045f068d084b72302f447d5fd034413d97d13be00d0e,60.18203,24.91341,00000000342570c2,18.79
133,2019-08-04T22:15:02Z,5eed115a984d490b02b602d73787aee8dc8c4e9365b77fbff3818a76,60.16629,24.95957,00000000fb7600be,23.56
134,2019-08-04T22:15:02Z,6066632ddc94b5c482a2d4f45ed2532e55e3fd63e414a084a596a737,60.16762,24.95415,000000006b44cce7,17.4
135,2019-08-04T22:15:02Z,66dabd3229229330d23c70e9e1737429ddfe69db01f4a6a00f70fa20,60.16762,24.95415,000000006b44cce7,25.36
136,2019-08-04T22:15:02Z,6f06341f358e61699fe1e55e986dd0554bc8da28b91daf0c5ad99db6,60.16629,24.95957,00000000fb7600be,27.28
137,2019-08-04T22:15:02Z,6ff437688c444238352c28f64f9d2a7d0f14d19c9ea42c225380501e,60.16762,24.95415,000000006b44cce7,20.28
138,2019-08-04T22:15:02Z,747f2d1ebff218c0ebbdc0fdaef4cbe56633dfb46ae1b1f8c8142201,60.16762,24.95415,000000006b44cce7,14.89
139,2019-08-04T22:15:02Z,79f136afa0dd8717337c01c70b457c464aaf0fa25b440f51a394ec23,60.16762,24.95415,000000006b44cce7,14.89
140,2019-08-04T22:15:02Z,843f20cffe0a56f397ec8790f68b7a022f667dc774720cfc3c47314f,60.16531,24.9442,00000000fdda10fe,33.81
141,2019-08-04T22:15:02Z,87dfaad29a9276ddddb1fa021d3bc23ad14824c1af16f7d87e713689,60.14951,24.92138,0000000006dd41f6,10.78
142,2019-08-04T22:15:02Z,89982a6acf91b79a282a6b63978e946ee205f303fcd20e944e06baf0,60.16544,24.95398,0000000038d83d41,27.28
143,2019-08-04T22:15:02Z,8c75c3289c84fe4493e1e272a77b615fe1985880c5dc68a7c1a17b53,60.16762,24.95415,000000006b44cce7,18.79
144,2019-08-04T22:15:02Z,91d3b80de4439a4a49ddb8a04d72a0a2ec6c08f351d70232842af567,60.16762,24.95415,000000006b44cce7,23.56
145,2019-08-04T22:15:02Z,9843c6216661048343a0e49cf3d8aa2883cf77f452666a1c873a1052,60.16448,24.97323,0000000053c6c2be,10.78
146,2019-08-04T22:15:02Z,a91d379a4b57c5df22db0d7a041ff69f657b4b31f28554b1011fc03c,60.16544,24.95398,0000000038d83d41,27.28
147,2019-08-04T22:15:02Z,af39edf2bb940054e6f0ba41fbd2dda73c80369a5559082bdc868dc6,60.1538,24.95595,0000000038bf9618,27.28
148,2019-08-04T22:15:02Z,b33ae7715d6d2571066655c2c8954a5a364b5601869047de83410d9f,60.16629,24.95957,00000000fb7600be,21.87
149,2019-08-04T22:15:02Z,b3b17bf82f820d254d30fe39c17e00651c61c59dddae585cd8b918c0,60.1538,24.95595,0000000038bf9618,31.5
150,2019-08-04T22:15:02Z,b5fd6b317890e5ab2d79e2cd1abe61626d45a753c7337d0d40728898,60.16762,24.95415,000000006b44cce7,5.91
151,2019-08-04T22:15:02Z,b7ccc36366d34cdd80f5c1a2407ed073a7662e52824439003817e391,60.17002,24.94407,000000006b087f40,18.79
152,2019-08-04T22:15:02Z,ce197d5eedb5498917afe7ca3f7275ffeb191f0c5d050bffa154c1d2,60.16531,24.9442,00000000fdda10fe,36.27
153,2019-08-04T22:15:02Z,cf05623e4d87ce0906c0b0b7dbf53aacc1228016cd27c341228b6e76,60.18203,24.91341,00000000342570c2,16.1
154,2019-08-04T22:15:02Z,d723dbb4c28e8fa58a2b3998f7c15760553bbf7838fd86c170c882ae,60.17002,24.94407,000000006b087f40,20.28
155,2019-08-04T22:15:02Z,ed70dda6b7faebd4340dacdb452ab224d9d3c308df417b7fa76f54e8,60.14951,24.92138,0000000006dd41f6,20.28
156,2019-08-04T22:15:02Z,f088630d7476dae7d4b7e2bb1f10575f2c89acb4b6e061f3d57c2b40,60.16531,24.9442,00000000fdda10fe,25.36
157,2019-08-04T22:15:02Z,fc4f3a44235f1cfc7b53f14ba2da599976a5a0a220d23b852688e485,60.17919,24.95181,000000007b5207b6,20.28
158,2019-08-04T22:15:02Z,05686750cecaecdde189babbe0e17a7bd220c29cc64e9d885d129df6,60.17002,24.94407,000000006b087f40,20.28
159,2019-08-04T22:15:02Z,11b17dbbffbd9e629c3439705ef14761e73fbd28c1a2e6af45c2081f,60.17919,24.95181,000000007b5207b6,20.28
160,2019-08-04T22:15:02Z,18acee53a9196fdbff206462295c1e34976826d42d91b8baef626a35,60.14699,24.922,00000000a53ed894,27.28
161,2019-08-04T22:15:02Z,254e9b9512b6f350eb6e5125230f382e9434169d73cf0cd709d9d9f7,60.16531,24.9442,00000000fdda10fe,7.69
162,2019-08-04T22:15:02Z,2929b27326ddd54313d16b918fda23311a984044110e3c72a69738ae,60.16629,24.95957,00000000fb7600be,44.58
163,2019-08-04T22:15:02Z,3832fd453605ce2fbee42e364832fad050fffea33c324fccac92521a,60.16629,24.95957,00000000fb7600be,18.79
164,2019-08-04T22:15:02Z,4699fd1461f24553bc57347d8fa084d54eee19c6d2aa841e05388ce5,60.14699,24.922,00000000a53ed894,23.56
165,2019-08-04T22:15:02Z,4759c7c42918275f133b76999e74c03bf0fcc912a9f82411a2faa7b4,60.16762,24.95415,000000006b44cce7,31.5
166,2019-08-04T22:15:02Z,4d3eae1e3099754c5ebba1b8ba25c78f4fb6ce656cc734f536e7c7ac,60.16448,24.97323,0000000053c6c2be,20.28
167,2019-08-04T22:15:02Z,584cb0b0cdd14e608c8b57c8aecc9826f9b40027e365e2438a444ea2,60.16762,24.95415,000000006b44cce7,12.69
168,2019-08-04T22:15:02Z,586b1c1ec8effd07011c0ca2b947dc802c0b2d41ef531f9a2b5f655a,60.16762,24.95415,000000006b44cce7,13.75
169,2019-08-04T22:15:02Z,5c85f9f5aa9a6ee3384594a8440449715d329e2ccc5d3c8f62780498,60.149,24.9843,00000000fffb8cf0,27.28
170,2019-08-04T22:15:02Z,6a95a0a18abd7476d1af32fdf896556b667a6227dd2f248ce8ff5baa,60.17918,24.95141,00000000675d5200,20.28
171,2019-08-04T22:15:02Z,721660bc852c6c9f982ee6fefecb27c459374740396425b2b34494f8,60.14947,24.91438,000000004ef3150d,25.36
172,2019-08-04T22:15:02Z,7630016758f9dc8db054d6d57300ba6e14fb3af147513e6171de76b6,60.16829,24.94214,00000000afef4555,27.28
173,2019-08-04T22:15:02Z,90c7dc349c851fc6733be9343a5e56a3811fa99eaed9b175c535fe21,60.16531,24.9442,00000000fdda10fe,31.5
174,2019-08-04T22:15:02Z,bc07df8cc395f6f4f5d483b2233caca5f93a6918f346e4cc3702f8cc,60.16531,24.9442,00000000fdda10fe,7.05
175,2019-08-04T22:15:02Z,c0a0ca3433586ed2ae0e448f2406fabac7292ac79d49562e0bd5cef8,60.16762,24.95415,000000006b44cce7,23.56
176,2019-08-04T22:15:02Z,c1470d09073fe7fbd810b534179068b8050446b5408a2bc93888de2b,60.14947,24.91438,000000004ef3150d,8.38
177,2019-08-04T22:15:02Z,cdec49824916318195c246d8647525d238d40aadda902401da02590e,60.17002,24.94407,000000006b087f40,27.28
178,2019-08-04T22:15:02Z,d32606c784beb6014818077b6de2083ab49cab81fd4acdaaffad97dd,60.16762,24.95415,000000006b44cce7,3.4
179,2019-08-04T22:15:02Z,efb3be7600443a96b9ec970ebd47870675aee7b0e035dfbc8bf4f078,60.14947,24.91438,000000004ef3150d,10.78
180,2019-08-04T22:15:02Z,f1cf4b894675776c3cf39663bc66066906b1197570d2693a705ad5a6,60.16762,24.95415,000000006b44cce7,18.79
181,2019-08-04T22:15:02Z,f9399339c3de44774896319d3f291771cebcaf2666df1d6062469882,60.16531,24.9442,00000000fdda10fe,31.5
182,2019-08-04T22:15:03Z,002609eccfa6482109fb43966e0153bf6f371425cf715e49925348dd,60.14699,24.922,00000000a53ed894,12.69
183,2019-08-04T22:15:03Z,14c7e1511b70f4dd3359cbece1377aebb4d70531f5489eefe53d7c3c,60.16544,24.95398,0000000038d83d41,23.56
184,2019-08-04T22:15:03Z,165ebbb4090d47319ae370f0d0854fdc1f6b79499f8b2e4d3c3533c0,60.16544,24.95398,0000000038d83d41,25.36
185,2019-08-04T22:15:03Z,18a7cc18e342213704ea064466030587974195a1405c322d3118dcf3,60.14699,24.922,00000000a53ed894,12.69
186,2019-08-04T22:15:03Z,22acbe5bc5ac259066767fb3804973b3ba881999f2c499b05247f06d,60.14951,24.92138,0000000006dd41f6,10.78
187,2019-08-04T22:15:03Z,25a7ff811c3c06e426c7c2cbb0433d9a2a3399b23afecbd35584ab0f,60.18203,24.91341,00000000342570c2,13.75
188,2019-08-04T22:15:03Z,297c725b456ef12d2712634b21546721cbe93224d3a5762d897404f2,60.16762,24.95415,000000006b44cce7,10.78
189,2019-08-04T22:15:03Z,2c7cb33a1d5aeed6b1f2e9731589deaaeaa1f23489d56c14fa34eac1,60.14951,24.92138,0000000006dd41f6,20.28
190,2019-08-04T22:15:03Z,3763dbba0710e5f35aae6c2f5043debbfd529b4c513eebb4875c2c46,60.16762,24.95415,000000006b44cce7,20.28
191,2019-08-04T22:15:03Z,3944bc7a301be7241d1f7bc4a97f221000d535ce3d8a9af9af9b23b5,60.16531,24.9442,00000000fdda10fe,25.36
192,2019-08-04T22:15:03Z,43b676ed3aef4c2d8846694817e76117873be52e7f788e0cb366c1c4,60.16629,24.95957,00000000fb7600be,23.56
193,2019-08-04T22:15:03Z,5bbb5184fded3e51bc78e45e39917794285e6bbc72da404802a9599a,60.16531,24.9442,00000000fdda10fe,23.56
194,2019-08-04T22:15:03Z,5d65719c4cbf045f068d084b72302f447d5fd034413d97d13be00d0e,60.18203,24.91341,00000000342570c2,16.1
195,2019-08-04T22:15:03Z,5eed115a984d490b02b602d73787aee8dc8c4e9365b77fbff3818a76,60.16629,24.95957,00000000fb7600be,25.36
196,2019-08-04T22:15:03Z,747f2d1ebff218c0ebbdc0fdaef4cbe56633dfb46ae1b1f8c8142201,60.16762,24.95415,000000006b44cce7,23.56
197,2019-08-04T22:15:03Z,79f136afa0dd8717337c01c70b457c464aaf0fa25b440f51a394ec23,60.16762,24.95415,000000006b44cce7,23.56
198,2019-08-04T22:15:03Z,843f20cffe0a56f397ec8790f68b7a022f667dc774720cfc3c47314f,60.16531,24.9442,00000000fdda10fe,38.87
199,2019-08-04T22:15:03Z,87dfaad29a9276ddddb1fa021d3bc23ad14824c1af16f7d87e713689,60.14951,24.92138,0000000006dd41f6,16.1
200,2019-08-04T22:15:03Z,89982a6acf91b79a282a6b63978e946ee205f303fcd20e944e06baf0,60.16544,24.95398,0000000038d83d41,27.28
201,2019-08-04T22:15:03Z,8c75c3289c84fe4493e1e272a77b615fe1985880c5dc68a7c1a17b53,60.16762,24.95415,000000006b44cce7,10.78
202,2019-08-04T22:15:03Z,9843c6216661048343a0e49cf3d8aa2883cf77f452666a1c873a1052,60.16448,24.97323,0000000053c6c2be,13.75
203,2019-08-04T22:15:03Z,a28ab699dc505d3a0c490fae63a8ebb958574e13f1f64250d91db769,60.16762,24.95415,000000006b44cce7,27.28
204,2019-08-04T22:15:03Z,a91d379a4b57c5df22db0d7a041ff69f657b4b31f28554b1011fc03c,60.16544,24.95398,0000000038d83d41,27.28
205,2019-08-04T22:15:03Z,ae556011c511e79ed2daac915308eebfe8e1f17c56850f7a1fc92ce1,60.14699,24.922,00000000a53ed894,25.36
206,2019-08-04T22:15:03Z,af39edf2bb940054e6f0ba41fbd2dda73c80369a5559082bdc868dc6,60.1538,24.95595,0000000038bf9618,25.36
207,2019-08-04T22:15:03Z,b3b17bf82f820d254d30fe39c17e00651c61c59dddae585cd8b918c0,60.1538,24.95595,0000000038bf9618,27.28
208,2019-08-04T22:15:03Z,b5fd6b317890e5ab2d79e2cd1abe61626d45a753c7337d0d40728898,60.16762,24.95415,000000006b44cce7,5.91
209,2019-08-04T22:15:03Z,b7ccc36366d34cdd80f5c1a2407ed073a7662e52824439003817e391,60.17002,24.94407,000000006b087f40,20.28
210,2019-08-04T22:15:03Z,ce197d5eedb5498917afe7ca3f7275ffeb191f0c5d050bffa154c1d2,60.16531,24.9442,00000000fdda10fe,41.64
211,2019-08-04T22:15:03Z,cf05623e4d87ce0906c0b0b7dbf53aacc1228016cd27c341228b6e76,60.18203,24.91341,00000000342570c2,20.28
212,2019-08-04T22:15:03Z,d723dbb4c28e8fa58a2b3998f7c15760553bbf7838fd86c170c882ae,60.17002,24.94407,000000006b087f40,18.79
213,2019-08-04T22:15:03Z,fc4f3a44235f1cfc7b53f14ba2da599976a5a0a220d23b852688e485,60.17919,24.95181,000000007b5207b6,25.36
214,2019-08-04T22:15:03Z,ff27e3a9af8f0e98635eb22fa40f53c8ba8452eb24bf16bc715508ea,60.16531,24.9442,00000000fdda10fe,33.81
215,2019-08-04T22:15:03Z,0192aee041a4cba6b457e68a49a7fe4f2e734cbb2e8727d03a3c2f61,60.17002,24.94407,000000006b087f40,23.56
216,2019-08-04T22:15:03Z,11b17dbbffbd9e629c3439705ef14761e73fbd28c1a2e6af45c2081f,60.17919,24.95181,000000007b5207b6,23.56
217,2019-08-04T22:15:03Z,18acee53a9196fdbff206462295c1e34976826d42d91b8baef626a35,60.14699,24.922,00000000a53ed894,25.36
218,2019-08-04T22:15:03Z,1dacfb371d75dd4f90f447aac2a00faad98beb4188a6971c19eb2375,60.16629,24.95957,00000000fb7600be,23.56
219,2019-08-04T22:15:03Z,254e9b9512b6f350eb6e5125230f382e9434169d73cf0cd709d9d9f7,60.16531,24.9442,00000000fdda10fe,9.92
220,2019-08-04T22:15:03Z,25e5c752e3953d2785209d418e112d85ff1fa3e2e9b94214ffbbedc5,60.16762,24.95415,000000006b44cce7,4.94
221,2019-08-04T22:15:03Z,27dbb9a68a5fa889b910d7b70892c3f942e35c5e4fd3ce3f1bea5a63,60.16762,24.95415,000000006b44cce7,25.36
222,2019-08-04T22:15:03Z,361f937ab1057efd291aadfbf88395a903b0bbcfff8ee3afe1431a31,60.16544,24.95398,0000000038d83d41,29.32
223,2019-08-04T22:15:03Z,3832fd453605ce2fbee42e364832fad050fffea33c324fccac92521a,60.16629,24.95957,00000000fb7600be,25.36
224,2019-08-04T22:15:03Z,435ef54c685df981f0b2ff02ae35a5a3f7796a10ec5abf0f67251258,60.16897,24.95222,00000000aa852af1,29.32
225,2019-08-04T22:15:03Z,4699fd1461f24553bc57347d8fa084d54eee19c6d2aa841e05388ce5,60.14699,24.922,00000000a53ed894,23.56
226,2019-08-04T22:15:03Z,584cb0b0cdd14e608c8b57c8aecc9826f9b40027e365e2438a444ea2,60.16762,24.95415,000000006b44cce7,20.28
227,2019-08-04T22:15:03Z,586b1c1ec8effd07011c0ca2b947dc802c0b2d41ef531f9a2b5f655a,60.16762,24.95415,000000006b44cce7,14.89
228,2019-08-04T22:15:03Z,5c85f9f5aa9a6ee3384594a8440449715d329e2ccc5d3c8f62780498,60.149,24.9843,00000000fffb8cf0,16.1
229,2019-08-04T22:15:03Z,637444cccbc28160d6b34e9f414caeac4ace95d16ac6c068c9762759,60.14699,24.922,00000000a53ed894,21.87
230,2019-08-04T22:15:03Z,681bf5d058a96c647c38f3966deec50cc536e3091139534293f832cb,60.17002,24.94407,000000006b087f40,29.32
231,2019-08-04T22:15:03Z,6a95a0a18abd7476d1af32fdf896556b667a6227dd2f248ce8ff5baa,60.17918,24.95141,00000000675d5200,23.56
232,2019-08-04T22:15:03Z,721660bc852c6c9f982ee6fefecb27c459374740396425b2b34494f8,60.14947,24.91438,000000004ef3150d,27.28
233,2019-08-04T22:15:03Z,7d8e2f6035d9b4fdd8464042ba2fb085fcf5e668f74e6bb8accb64a1,60.16762,24.95415,000000006b44cce7,18.79
234,2019-08-04T22:15:03Z,bc07df8cc395f6f4f5d483b2233caca5f93a6918f346e4cc3702f8cc,60.16531,24.9442,00000000fdda10fe,7.69
235,2019-08-04T22:15:03Z,c0a0ca3433586ed2ae0e448f2406fabac7292ac79d49562e0bd5cef8,60.16762,24.95415,000000006b44cce7,25.36
236,2019-08-04T22:15:03Z,c1470d09073fe7fbd810b534179068b8050446b5408a2bc93888de2b,60.14947,24.91438,000000004ef3150d,8.38
237,2019-08-04T22:15:03Z,d32606c784beb6014818077b6de2083ab49cab81fd4acdaaffad97dd,60.16762,24.95415,000000006b44cce7,6.46
238,2019-08-04T22:15:03Z,e146a005895fb34bd6ba171e992a110e3768e607872add67faa900fa,60.16762,24.95415,000000006b44cce7,21.87
239,2019-08-04T22:15:03Z,e80477155cb38de1585675ecd61a385c3c60792d63fee3525f8ba4f7,60.14699,24.922,00000000a53ed894,12.69
240,2019-08-04T22:15:03Z,e98a78f8f8e9b7edca2c7a9ce559bfc536e1f88278db39f445fef056,60.16762,24.95415,000000006b44cce7,21.87
241,2019-08-04T22:15:03Z,efb3be7600443a96b9ec970ebd47870675aee7b0e035dfbc8bf4f078,60.14947,24.91438,000000004ef3150d,5.91
242,2019-08-04T22:15:03Z,f9399339c3de44774896319d3f291771cebcaf2666df1d6062469882,60.16531,24.9442,00000000fdda10fe,29.32
243,2019-08-04T22:15:04Z,002609eccfa6482109fb43966e0153bf6f371425cf715e49925348dd,60.14699,24.922,00000000a53ed894,9.12
244,2019-08-04T22:15:04Z,14c7e1511b70f4dd3359cbece1377aebb4d70531f5489eefe53d7c3c,60.16544,24.95398,0000000038d83d41,20.28
245,2019-08-04T22:15:04Z,165ebbb4090d47319ae370f0d0854fdc1f6b79499f8b2e4d3c3533c0,60.16544,24.95398,0000000038d83d41,21.87
246,2019-08-04T22:15:04Z,18a7cc18e342213704ea064466030587974195a1405c322d3118dcf3,60.14699,24.922,00000000a53ed894,17.4
247,2019-08-04T22:15:04Z,22acbe5bc5ac259066767fb3804973b3ba881999f2c499b05247f06d,60.14951,24.92138,0000000006dd41f6,11.7
248,2019-08-04T22:15:04Z,25a7ff811c3c06e426c7c2cbb0433d9a2a3399b23afecbd35584ab0f,60.18203,24.91341,00000000342570c2,12.69
249,2019-08-04T22:15:04Z,297c725b456ef12d2712634b21546721cbe93224d3a5762d897404f2,60.16762,24.95415,000000006b44cce7,10.78
250,2019-08-04T22:15:04Z,2c7cb33a1d5aeed6b1f2e9731589deaaeaa1f23489d56c14fa34eac1,60.14951,24.92138,0000000006dd41f6,17.4
251,2019-08-04T22:15:04Z,3763dbba0710e5f35aae6c2f5043debbfd529b4c513eebb4875c2c46,60.16762,24.95415,000000006b44cce7,23.56
252,2019-08-04T22:15:04Z,3944bc7a301be7241d1f7bc4a97f221000d535ce3d8a9af9af9b23b5,60.16531,24.9442,00000000fdda10fe,21.87
253,2019-08-04T22:15:04Z,43b676ed3aef4c2d8846694817e76117873be52e7f788e0cb366c1c4,60.16629,24.95957,00000000fb7600be,23.56
254,2019-08-04T22:15:04Z,5bbb5184fded3e51bc78e45e39917794285e6bbc72da404802a9599a,60.16531,24.9442,00000000fdda10fe,20.28
255,2019-08-04T22:15:04Z,5d65719c4cbf045f068d084b72302f447d5fd034413d97d13be00d0e,60.18203,24.91341,00000000342570c2,17.4
256,2019-08-04T22:15:04Z,5eed115a984d490b02b602d73787aee8dc8c4e9365b77fbff3818a76,60.16629,24.95957,00000000fb7600be,27.28
257,2019-08-04T22:15:04Z,6066632ddc94b5c482a2d4f45ed2532e55e3fd63e414a084a596a737,60.16762,24.95415,000000006b44cce7,17.4
258,2019-08-04T22:15:04Z,6f06341f358e61699fe1e55e986dd0554bc8da28b91daf0c5ad99db6,60.16629,24.95957,00000000fb7600be,27.28
259,2019-08-04T22:15:04Z,6ff437688c444238352c28f64f9d2a7d0f14d19c9ea42c225380501e,60.16762,24.95415,000000006b44cce7,23.56
260,2019-08-04T22:15:04Z,747f2d1ebff218c0ebbdc0fdaef4cbe56633dfb46ae1b1f8c8142201,60.16762,24.95415,000000006b44cce7,23.56
261,2019-08-04T22:15:04Z,79f136afa0dd8717337c01c70b457c464aaf0fa25b440f51a394ec23,60.16762,24.95415,000000006b44cce7,14.89
262,2019-08-04T22:15:04Z,7a3db40d91e137d1381ac690a78039878e0baa317ed9a7cd6882df27,60.16762,24.95415,000000006b44cce7,31.5
263,2019-08-04T22:15:04Z,87dfaad29a9276ddddb1fa021d3bc23ad14824c1af16f7d87e713689,60.14951,24.92138,0000000006dd41f6,9.92
264,2019-08-04T22:15:04Z,8b0535dd90c15c8fd1b256e7a48369741b0fe9d58f8f05f6e46134b7,60.16544,24.95398,0000000038d83d41,27.28
265,2019-08-04T22:15:04Z,8c75c3289c84fe4493e1e272a77b615fe1985880c5dc68a7c1a17b53,60.16762,24.95415,000000006b44cce7,18.79
266,2019-08-04T22:15:04Z,91d3b80de4439a4a49ddb8a04d72a0a2ec6c08f351d70232842af567,60.16762,24.95415,000000006b44cce7,25.36
267,2019-08-04T22:15:04Z,9843c6216661048343a0e49cf3d8aa2883cf77f452666a1c873a1052,60.16448,24.97323,0000000053c6c2be,10.78
268,2019-08-04T22:15:04Z,a28ab699dc505d3a0c490fae63a8ebb958574e13f1f64250d91db769,60.16762,24.95415,000000006b44cce7,27.28
269,2019-08-04T22:15:04Z,a91d379a4b57c5df22db0d7a041ff69f657b4b31f28554b1011fc03c,60.16544,24.95398,0000000038d83d41,27.28
270,2019-08-04T22:15:04Z,af39edf2bb940054e6f0ba41fbd2dda73c80369a5559082bdc868dc6,60.1538,24.95595,0000000038bf9618,25.36
271,2019-08-04T22:15:04Z,b33ae7715d6d2571066655c2c8954a5a364b5601869047de83410d9f,60.16629,24.95957,00000000fb7600be,21.87
272,2019-08-04T22:15:04Z,b3b17bf82f820d254d30fe39c17e00651c61c59dddae585cd8b918c0,60.1538,24.95595,0000000038bf9618,36.27
273,2019-08-04T22:15:04Z,b5fd6b317890e5ab2d79e2cd1abe61626d45a753c7337d0d40728898,60.16762,24.95415,000000006b44cce7,5.91
274,2019-08-04T22:15:04Z,b7ccc36366d34cdd80f5c1a2407ed073a7662e52824439003817e391,60.17002,24.94407,000000006b087f40,20.28
275,2019-08-04T22:15:04Z,cf05623e4d87ce0906c0b0b7dbf53aacc1228016cd27c341228b6e76,60.18203,24.91341,00000000342570c2,17.4
276,2019-08-04T22:15:04Z,d723dbb4c28e8fa58a2b3998f7c15760553bbf7838fd86c170c882ae,60.17002,24.94407,000000006b087f40,23.56
277,2019-08-04T22:15:04Z,ed70dda6b7faebd4340dacdb452ab224d9d3c308df417b7fa76f54e8,60.14951,24.92138,0000000006dd41f6,23.56
278,2019-08-04T22:15:04Z,f088630d7476dae7d4b7e2bb1f10575f2c89acb4b6e061f3d57c2b40,60.16531,24.9442,00000000fdda10fe,23.56
279,2019-08-04T22:15:04Z,fc4f3a44235f1cfc7b53f14ba2da599976a5a0a220d23b852688e485,60.17919,24.95181,000000007b5207b6,21.87
280,2019-08-04T22:15:04Z,ff27e3a9af8f0e98635eb22fa40f53c8ba8452eb24bf16bc715508ea,60.16531,24.9442,00000000fdda10fe,38.87
281,2019-08-04T22:15:04Z,0192aee041a4cba6b457e68a49a7fe4f2e734cbb2e8727d03a3c2f61,60.17002,24.94407,000000006b087f40,29.32
282,2019-08-04T22:15:04Z,11b17dbbffbd9e629c3439705ef14761e73fbd28c1a2e6af45c2081f,60.17919,24.95181,000000007b5207b6,18.79
283,2019-08-04T22:15:04Z,254e9b9512b6f350eb6e5125230f382e9434169d73cf0cd709d9d9f7,60.16531,24.9442,00000000fdda10fe,10.78
284,2019-08-04T22:15:04Z,25b9a688fda1515f9ff250d01f89c4491af81e3721b9b2348d88d2e3,60.16762,24.95415,000000006b44cce7,27.28
285,2019-08-04T22:15:04Z,25e5c752e3953d2785209d418e112d85ff1fa3e2e9b94214ffbbedc5,60.16762,24.95415,000000006b44cce7,6.46
286,2019-08-04T22:15:04Z,27dbb9a68a5fa889b910d7b70892c3f942e35c5e4fd3ce3f1bea5a63,60.16762,24.95415,000000006b44cce7,14.89
287,2019-08-04T22:15:04Z,3832fd453605ce2fbee42e364832fad050fffea33c324fccac92521a,60.16629,24.95957,00000000fb7600be,20.28
288,2019-08-04T22:15:04Z,584cb0b0cdd14e608c8b57c8aecc9826f9b40027e365e2438a444ea2,60.16762,24.95415,000000006b44cce7,11.7
289,2019-08-04T22:15:04Z,586b1c1ec8effd07011c0ca2b947dc802c0b2d41ef531f9a2b5f655a,60.16762,24.95415,000000006b44cce7,14.89
290,2019-08-04T22:15:04Z,5c85f9f5aa9a6ee3384594a8440449715d329e2ccc5d3c8f62780498,60.149,24.9843,00000000fffb8cf0,23.56
291,2019-08-04T22:15:04Z,637444cccbc28160d6b34e9f414caeac4ace95d16ac6c068c9762759,60.14699,24.922,00000000a53ed894,20.28
292,2019-08-04T22:15:04Z,690ad981972677a05f4c8b2356102ecd3ee2fa65981b22a92a811527,60.16629,24.95957,00000000fb7600be,44.58
293,2019-08-04T22:15:04Z,6a3e58587e2b3ea8305d20890b33aa4c6ad627f108140fff7b97e5f5,60.17002,24.94407,000000006b087f40,20.28
294,2019-08-04T22:15:04Z,6a95a0a18abd7476d1af32fdf896556b667a6227dd2f248ce8ff5baa,60.17918,24.95141,00000000675d5200,21.87
295,2019-08-04T22:15:04Z,721660bc852c6c9f982ee6fefecb27c459374740396425b2b34494f8,60.14947,24.91438,000000004ef3150d,23.56
296,2019-08-04T22:15:04Z,892d1f79b5a0557104dafefc27ddad68285d65f8d97e75307a084bf4,60.16531,24.9442,00000000fdda10fe,36.27
297,2019-08-04T22:15:04Z,c0a0ca3433586ed2ae0e448f2406fabac7292ac79d49562e0bd5cef8,60.16762,24.95415,000000006b44cce7,13.75
298,2019-08-04T22:15:04Z,c1470d09073fe7fbd810b534179068b8050446b5408a2bc93888de2b,60.14947,24.91438,000000004ef3150d,14.89
299,2019-08-04T22:15:04Z,d32606c784beb6014818077b6de2083ab49cab81fd4acdaaffad97dd,60.16762,24.95415,000000006b44cce7,3.4
300,2019-08-04T22:15:04Z,d694ef73300a682e68168b106ac3fd6f41059e5c42ea9017f25f9e6f,60.16448,24.97323,0000000053c6c2be,25.36
301,2019-08-04T22:15:04Z,dedb859d36a1481a95a6a1d8172423a780f4f551e3e50fa32deda939,60.16897,24.95222,00000000aa852af1,36.27
302,2019-08-04T22:15:04Z,e146a005895fb34bd6ba171e992a110e3768e607872add67faa900fa,60.16629,24.95957,00000000fb7600be,29.32
303,2019-08-04T22:15:04Z,e98a78f8f8e9b7edca2c7a9ce559bfc536e1f88278db39f445fef056,60.16762,24.95415,000000006b44cce7,20.28
304,2019-08-04T22:15:04Z,efb3be7600443a96b9ec970ebd47870675aee7b0e035dfbc8bf4f078,60.14947,24.91438,000000004ef3150d,5.91
305,2019-08-04T22:15:04Z,f1cf4b894675776c3cf39663bc66066906b1197570d2693a705ad5a6,60.16762,24.95415,000000006b44cce7,16.1
306,2019-08-04T22:15:04Z,f9399339c3de44774896319d3f291771cebcaf2666df1d6062469882,60.16531,24.9442,00000000fdda10fe,27.28
307,2019-08-04T22:15:04Z,fbf4a4c385e7e0f21aab5dc0e4065b17758bbef7901be65b6bd4c72b,60.16897,24.95222,00000000aa852af1,31.5
308,2019-08-04T22:15:05Z,002609eccfa6482109fb43966e0153bf6f371425cf715e49925348dd,60.14699,24.922,00000000a53ed894,10.78
309,2019-08-04T22:15:05Z,14c7e1511b70f4dd3359cbece1377aebb4d70531f5489eefe53d7c3c,60.16544,24.95398,0000000038d83d41,23.56
310,2019-08-04T22:15:05Z,165ebbb4090d47319ae370f0d0854fdc1f6b79499f8b2e4d3c3533c0,60.16544,24.95398,0000000038d83d41,27.28
311,2019-08-04T22:15:05Z,18a7cc18e342213704ea064466030587974195a1405c322d3118dcf3,60.14699,24.922,00000000a53ed894,14.89
312,2019-08-04T22:15:05Z,22acbe5bc5ac259066767fb3804973b3ba881999f2c499b05247f06d,60.14951,24.92138,0000000006dd41f6,11.7
313,2019-08-04T22:15:05Z,25a7ff811c3c06e426c7c2cbb0433d9a2a3399b23afecbd35584ab0f,60.18203,24.91341,00000000342570c2,16.1
314,2019-08-04T22:15:05Z,297c725b456ef12d2712634b21546721cbe93224d3a5762d897404f2,60.16762,24.95415,000000006b44cce7,11.7
315,2019-08-04T22:15:05Z,2c7cb33a1d5aeed6b1f2e9731589deaaeaa1f23489d56c14fa34eac1,60.14951,24.92138,0000000006dd41f6,18.79
316,2019-08-04T22:15:05Z,3763dbba0710e5f35aae6c2f5043debbfd529b4c513eebb4875c2c46,60.16762,24.95415,000000006b44cce7,20.28
317,2019-08-04T22:15:05Z,3944bc7a301be7241d1f7bc4a97f221000d535ce3d8a9af9af9b23b5,60.16531,24.9442,00000000fdda10fe,21.87
318,2019-08-04T22:15:05Z,43b676ed3aef4c2d8846694817e76117873be52e7f788e0cb366c1c4,60.16629,24.95957,00000000fb7600be,27.28
319,2019-08-04T22:15:05Z,5bbb5184fded3e51bc78e45e39917794285e6bbc72da404802a9599a,60.16531,24.9442,00000000fdda10fe,23.56
320,2019-08-04T22:15:05Z,5d65719c4cbf045f068d084b72302f447d5fd034413d97d13be00d0e,60.18203,24.91341,00000000342570c2,18.79
321,2019-08-04T22:15:05Z,5eed115a984d490b02b602d73787aee8dc8c4e9365b77fbff3818a76,60.16629,24.95957,00000000fb7600be,29.32
322,2019-08-04T22:15:05Z,6066632ddc94b5c482a2d4f45ed2532e55e3fd63e414a084a596a737,60.16762,24.95415,000000006b44cce7,18.79
323,2019-08-04T22:15:05Z,6f06341f358e61699fe1e55e986dd0554bc8da28b91daf0c5ad99db6,60.16629,24.95957,00000000fb7600be,29.32
324,2019-08-04T22:15:05Z,747f2d1ebff218c0ebbdc0fdaef4cbe56633dfb46ae1b1f8c8142201,60.16762,24.95415,000000006b44cce7,27.28
325,2019-08-04T22:15:05Z,79f136afa0dd8717337c01c70b457c464aaf0fa25b440f51a394ec23,60.16762,24.95415,000000006b44cce7,20.28
326,2019-08-04T22:15:05Z,7a3db40d91e137d1381ac690a78039878e0baa317ed9a7cd6882df27,60.16762,24.95415,000000006b44cce7,23.56
