,time,hash,latitude,longitude,serial,distance
0,2019-08-01T03:06:00Z,144afc51fc2443c7031a2912566eff2ce60226a49d6d2bd7c2923700,60.16544,24.95398,0000000038d83d41,27.28
1,2019-08-01T03:06:00Z,14c7e1511b70f4dd3359cbece1377aebb4d70531f5489eefe53d7c3c,60.16544,24.95398,0000000038d83d41,23.56
2,2019-08-01T03:06:00Z,165ebbb4090d47319ae370f0d0854fdc1f6b79499f8b2e4d3c3533c0,60.16544,24.95398,0000000038d83d41,29.32
3,2019-08-01T03:06:00Z,2cbdb709bb456bc8bca60a86bfa0fd9e979051582401008738e2db26,60.16629,24.95957,00000000fb7600be,29.32
4,2019-08-01T03:06:00Z,2dd6ca2c889266702d554569764346cf583b74b0890b10e00ecd4f82,60.16544,24.95398,0000000038d83d41,21.87
5,2019-08-01T03:06:00Z,351f44e773650f6c4a68cd25c338d2bf5d9a1b20942961befe3b3f11,60.16448,24.97323,0000000053c6c2be,17.4
6,2019-08-01T03:06:00Z,384b4d96a26aae32d2af0c0f637cb59cc8470a36445623930229d524,60.16897,24.95222,00000000aa852af1,23.56
7,2019-08-01T03:06:00Z,427140db094a88d1033f8ee0e16865b0ca63c0d06e0aacf4d81cd1ea,60.17002,24.94407,000000006b087f40,27.28
8,2019-08-01T03:06:00Z,43b676ed3aef4c2d8846694817e76117873be52e7f788e0cb366c1c4,60.16629,24.95957,00000000fb7600be,27.28
9,2019-08-01T03:06:00Z,4abec48b53c4d82dc781a50af0676249c9d08be31b608a3f378109a6,60.1538,24.95595,0000000038bf9618,33.81
10,2019-08-01T03:06:00Z,5d65719c4cbf045f068d084b72302f447d5fd034413d97d13be00d0e,60.18203,24.91341,00000000342570c2,21.87
11,2019-08-01T03:06:00Z,5eed115a984d490b02b602d73787aee8dc8c4e9365b77fbff3818a76,60.16629,24.95957,00000000fb7600be,25.36
12,2019-08-01T03:06:00Z,6a657079c1bdc8114c289be1ddd83e5846d4279a920d1697b8ff0033,60.18203,24.91341,00000000342570c2,27.28
13,2019-08-01T03:06:00Z,6d22b751ff5173035dc85c52c3dff0780126adae67fe33dc62dd45ef,60.16531,24.9442,00000000fdda10fe,23.56
14,2019-08-01T03:06:00Z,6f06341f358e61699fe1e55e986dd0554bc8da28b91daf0c5ad99db6,60.16629,24.95957,00000000fb7600be,27.28
15,2019-08-01T03:06:00Z,6ff437688c444238352c28f64f9d2a7d0f14d19c9ea42c225380501e,60.16762,24.95415,000000006b44cce7,21.87
16,2019-08-01T03:06:00Z,747f2d1ebff218c0ebbdc0fdaef4cbe56633dfb46ae1b1f8c8142201,60.16762,24.95415,000000006b44cce7,12.69
17,2019-08-01T03:06:00Z,79f136afa0dd8717337c01c70b457c464aaf0fa25b440f51a394ec23,60.16762,24.95415,000000006b44cce7,16.1
18,2019-08-01T03:06:00Z,7c8f26bc5798cd7c96354a307abd0150b5f502868a2ab99c93467091,60.16629,24.95957,00000000fb7600be,31.5
19,2019-08-01T03:06:00Z,84fdfd8881f633c5f0c71c1480053953ca4b05e848052d97c063ad38,60.1538,24.95595,0000000038bf9618,21.87
20,2019-08-01T03:06:00Z,87dfaad29a9276ddddb1fa021d3bc23ad14824c1af16f7d87e713689,60.14951,24.92138,0000000006dd41f6,9.92
21,2019-08-01T03:06:00Z,8c75c3289c84fe4493e1e272a77b615fe1985880c5dc68a7c1a17b53,60.16762,24.95415,000000006b44cce7,10.78
22,2019-08-01T03:06:00Z,8cc6ddaa460aeae8cc9e8a33f91a01c8cd4c0c8bf8a943210a28c84d,60.1538,24.95595,0000000038bf9618,11.7
23,2019-08-01T03:06:00Z,9843c6216661048343a0e49cf3d8aa2883cf77f452666a1c873a1052,60.16448,24.97323,0000000053c6c2be,12.69
24,2019-08-01T03:06:00Z,a08cae03363d2e483a6ea717973088f4bd4276de96a9d438a7358ff4,60.16897,24.95222,00000000aa852af1,33.81
25,2019-08-01T03:06:00Z,a7bf60f4cfe8359d12d5bb7d69ea9850630a9c969a346f04a0ce1968,60.15432,24.9211,0000000019fb59c4,27.28
26,2019-08-01T03:06:00Z,a91d379a4b57c5df22db0d7a041ff69f657b4b31f28554b1011fc03c,60.16544,24.95398,0000000038d83d41,25.36
27,2019-08-01T03:06:00Z,a9da1ee82e3b670e276c26b483dd50f4a6d0c6f77ef82245d3ae6086,60.18203,24.91341,00000000342570c2,18.79
28,2019-08-01T03:06:00Z,b1f358076ba79ef902a36ca8ae3f8ec7c93308a67c479345bfdbdecf,60.1538,24.95595,0000000038bf9618,23.56
29,2019-08-01T03:06:00Z,b5fd6b317890e5ab2d79e2cd1abe61626d45a753c7337d0d40728898,60.16762,24.95415,000000006b44cce7,12.69
30,2019-08-01T03:06:00Z,ba42c72ea7c2663b3ea5044faf12173ab18e523dc35de0e24bf374ac,60.16544,24.95398,0000000038d83d41,38.87
31,2019-08-01T03:06:00Z,c40c37def6bf11a63a2556519a7c6233fd417cdeea2cf14f28e7c42c,60.16531,24.9442,00000000fdda10fe,20.28
32,2019-08-01T03:06:00Z,ce197d5eedb5498917afe7ca3f7275ffeb191f0c5d050bffa154c1d2,60.16531,24.9442,00000000fdda10fe,18.79
33,2019-08-01T03:06:00Z,ce783d3c1b06378e5c39c25687746a6f88fbb0ff2b36e3405fb61cf8,60.16762,24.95415,000000006b44cce7,18.79
34,2019-08-01T03:06:00Z,cf05623e4d87ce0906c0b0b7dbf53aacc1228016cd27c341228b6e76,60.18203,24.91341,00000000342570c2,18.79
35,2019-08-01T03:06:00Z,d127ead865385b64ae537a703a26be15fae4b5332ce0fbf03d5e0c23,60.1538,24.95595,0000000038bf9618,31.5
36,2019-08-01T03:06:00Z,dd2c9c82cf3737146294aff6f814a1349fb0bc4bedf518715dacbe8f,60.18203,24.91341,00000000342570c2,25.36
37,2019-08-01T03:06:00Z,ec72ef080c605e71978aed0d3b5f22c3c3133677a43c614b72eedc6d,60.14699,24.922,00000000a53ed894,16.1
38,2019-08-01T03:06:00Z,f0658ab84466fd2b70b305787976c9cc96062ec03a830710452e9a77,60.16762,24.95415,000000006b44cce7,20.28
39,2019-08-01T03:06:00Z,f088630d7476dae7d4b7e2bb1f10575f2c89acb4b6e061f3d57c2b40,60.16531,24.9442,00000000fdda10fe,20.28
40,2019-08-01T03:06:00Z,f6609ab1076b1105bb845595a03b41b8fbb282f79c337df5bbc9f841,60.16629,24.95957,00000000fb7600be,21.87
41,2019-08-01T03:06:00Z,f99c5dd8cc08bd2353083d875ce8bc585fb2c2ff8427b90d92f571de,60.1538,24.95595,0000000038bf9618,29.32
42,2019-08-01T03:06:00Z,fc4f3a44235f1cfc7b53f14ba2da599976a5a0a220d23b852688e485,60.17919,24.95181,000000007b5207b6,18.79
43,2019-08-01T03:06:00Z,ff4d1beaeacf3d68f542a38ef5a9b9d4add8f53e51abf6b66158fa61,60.14947,24.91438,000000004ef3150d,3.74
44,2019-08-01T03:06:00Z,093ea1307c4d3a2a606a01c7e4344d4de460cbfcbfa4ae52e4c3728b,60.17918,24.95141,00000000675d5200,27.28
45,2019-08-01T03:06:00Z,13e4206d38eafb32822df97189167727a93c3fc19b187987f9af2d8a,60.14699,24.922,00000000a53ed894,23.56
46,2019-08-01T03:06:00Z,1ecbc7c6afe89033252e5510cbb893666af2b3bc29f555a3a6287fdb,60.14951,24.92138,0000000006dd41f6,2.8
47,2019-08-01T03:06:00Z,1efe00f771681ebea5054284d2fc6b34cbe5697f814168a340ac9130,60.16531,24.9442,00000000fdda10fe,4.5
48,2019-08-01T03:06:00Z,269a536fb58ffe1c2b8f2e782208c4707cb26a286bf44dc52cb1ffb0,60.16531,24.9442,00000000fdda10fe,9.12
49,2019-08-01T03:06:00Z,30794b116f4b8e6e4b715d39e786c2baeb1a11bd22b93ad80c52af44,60.16762,24.95415,000000006b44cce7,18.79
50,2019-08-01T03:06:00Z,37922e2a11b493e3e9a3497cbb6bbc3721b233036645dbf56506575d,60.17002,24.94407,000000006b087f40,12.69
51,2019-08-01T03:06:00Z,3f345ebe02480f89bc9c0c18a43e489a07d230036ca59accfa8c3671,60.15432,24.9211,0000000019fb59c4,38.87
52,2019-08-01T03:06:00Z,42844e90c7134ebb3ec325f57cd27cd24711c779548ebc8692a820d5,60.14951,24.92138,0000000006dd41f6,4.5
53,2019-08-01T03:06:00Z,43e2ef49a0757d3f504445fef0375bf1fadf3cae92831f7827754055,60.16531,24.9442,00000000fdda10fe,18.79
54,2019-08-01T03:06:00Z,5f85120de1ced9172a3a1fdc8d4eb84e93b2d2e7fea82aa9810b5f04,60.16448,24.97323,0000000053c6c2be,27.28
55,2019-08-01T03:06:00Z,671f9d77c767acb9f9d791833688903089ee1152c5884dd3dc1279ae,60.16531,24.9442,00000000fdda10fe,20.28
56,2019-08-01T03:06:00Z,694d08a84a334f191cbc94f9785d09e2e8ecc327f74b00266e1701ff,60.16762,24.95415,000000006b44cce7,4.5
57,2019-08-01T03:06:00Z,701ebe2f0c93e3d2d5f4c1b9f737199afb3f37f9b49809649903d665,60.16762,24.95415,000000006b44cce7,9.92
58,2019-08-01T03:06:00Z,74cb545f76f0bfc5498607247e26e814276a11ce91f77208054ecbc5,60.17002,24.94407,000000006b087f40,21.87
59,2019-08-01T03:06:00Z,8a5b86e7c92763e85cfccd5f634e052384b64318c1286a4f8074c94f,60.16762,24.95415,000000006b44cce7,11.7
60,2019-08-01T03:06:00Z,91e19604d5ebd595b79e17383e16b9e021a53c14de7205cc3a6de83b,60.16629,24.95957,00000000fb7600be,13.75
61,2019-08-01T03:06:00Z,99a026b5100e23129fa529e9a57a3dbc8490dc03b58f2193f03e2dcf,60.14951,24.92138,0000000006dd41f6,4.94
62,2019-08-01T03:06:00Z,99e9775774e802206ae88ed1f4c7cb4e90cdc1228a1a288af9c20206,60.16829,24.94214,00000000afef4555,33.81
63,2019-08-01T03:06:00Z,9b132248def97a8f7178a3d898cbd8655ab0afe50af144e1aefcaf2a,60.17918,24.95141,00000000675d5200,9.12
64,2019-08-01T03:06:00Z,9e9fbb3549b7cdbea8f66ad414f93593e27104bf2658a8bb297c6e4b,60.16762,24.95415,000000006b44cce7,16.1
65,2019-08-01T03:06:00Z,9fcb49114aca853222665027d9f976cc617a26e06ec8e90049d1bb9a,60.16762,24.95415,000000006b44cce7,25.36
66,2019-08-01T03:06:00Z,a863f3e32586fa25f27244c248739d2151c6874f4a50c364d696181e,60.14947,24.91438,000000004ef3150d,12.69
67,2019-08-01T03:06:00Z,a86c102f289409f6efef56c9b116b4ad52d8e2d7b7ab23a6df2a0675,60.16762,24.95415,000000006b44cce7,9.92
68,2019-08-01T03:06:00Z,b5f68fd44d1473ba619867c782faea18f5a28e5989a2b443664ef148,60.16762,24.95415,000000006b44cce7,7.69
69,2019-08-01T03:06:00Z,bfcfc9021ab7f1d2ddddce51749a5ebba5beed44bb285d96327edcd1,60.16531,24.9442,00000000fdda10fe,17.4
70,2019-08-01T03:06:00Z,c0a0ca3433586ed2ae0e448f2406fabac7292ac79d49562e0bd5cef8,60.16762,24.95415,000000006b44cce7,18.79
71,2019-08-01T03:06:00Z,c2bec38bf7b02f449bd7af19d275f80f0431d73def4eff38430d101d,60.16629,24.95957,00000000fb7600be,16.1
72,2019-08-01T03:06:00Z,c9ce14e0dbf0cf3c24f6a92a1930fa32de9a1de0ffe63082ccddb0d6,60.16448,24.97323,0000000053c6c2be,23.56
73,2019-08-01T03:06:00Z,dfb6ba0eef8ef92f1fa653e8289b9cfe0ac89016ed2b4fb48839a0ac,60.16629,24.95957,00000000fb7600be,13.75
74,2019-08-01T03:06:00Z,f06a621085463449136b8563b99d2bdd499e41452d349d6a7087c1c8,60.14947,24.91438,000000004ef3150d,6.46
75,2019-08-01T03:06:00Z,f7adfec0f2afb4311798f5b8f7bbd5abbf68d0b2795e24c9ea584fbf,60.16762,24.95415,000000006b44cce7,11.7
76,2019-08-01T03:06:00Z,fd30b66734217247a078a83bb94e278ba8e0c8a1245efbf00b1d778c,60.16762,24.95415,000000006b44cce7,3.74
77,2019-08-01T03:06:01Z,112c36ba789fa57e2b19c9bff8bfe0b3eba19a431c3af4656c4cee5b,60.16531,24.9442,00000000fdda10fe,29.32
78,2019-08-01T03:06:01Z,144afc51fc2443c7031a2912566eff2ce60226a49d6d2bd7c2923700,60.16544,24.95398,0000000038d83d41,21.87
79,2019-08-01T03:06:01Z,14c7e1511b70f4dd3359cbece1377aebb4d70531f5489eefe53d7c3c,60.16544,24.95398,0000000038d83d41,27.28
80,2019-08-01T03:06:01Z,165ebbb4090d47319ae370f0d0854fdc1f6b79499f8b2e4d3c3533c0,60.16544,24.95398,0000000038d83d41,27.28
81,2019-08-01T03:06:01Z,2cbdb709bb456bc8bca60a86bfa0fd9e979051582401008738e2db26,60.16629,24.95957,00000000fb7600be,31.5
82,2019-08-01T03:06:01Z,2dd6ca2c889266702d554569764346cf583b74b0890b10e00ecd4f82,60.16544,24.95398,0000000038d83d41,23.56
83,2019-08-01T03:06:01Z,351f44e773650f6c4a68cd25c338d2bf5d9a1b20942961befe3b3f11,60.16448,24.97323,0000000053c6c2be,16.1
84,2019-08-01T03:06:01Z,384b4d96a26aae32d2af0c0f637cb59cc8470a36445623930229d524,60.16897,24.95222,00000000aa852af1,29.32
85,2019-08-01T03:06:01Z,3944bc7a301be7241d1f7bc4a97f221000d535ce3d8a9af9af9b23b5,60.16531,24.9442,00000000fdda10fe,29.32
86,2019-08-01T03:06:01Z,427140db094a88d1033f8ee0e16865b0ca63c0d06e0aacf4d81cd1ea,60.17002,24.94407,000000006b087f40,23.56
87,2019-08-01T03:06:01Z,43b676ed3aef4c2d8846694817e76117873be52e7f788e0cb366c1c4,60.16629,24.95957,00000000fb7600be,31.5
88,2019-08-01T03:06:01Z,4abec48b53c4d82dc781a50af0676249c9d08be31b608a3f378109a6,60.1538,24.95595,0000000038bf9618,23.56
89,2019-08-01T03:06:01Z,4c5f18f9840338be4b03b398b0729b86a73a469d2e351ffb16a285ba,60.16897,24.95222,00000000aa852af1,21.87
90,2019-08-01T03:06:01Z,5d65719c4cbf045f068d084b72302f447d5fd034413d97d13be00d0e,60.18203,24.91341,00000000342570c2,17.4
91,2019-08-01T03:06:01Z,6066632ddc94b5c482a2d4f45ed2532e55e3fd63e414a084a596a737,60.16762,24.95415,000000006b44cce7,21.87
92,2019-08-01T03:06:01Z,6b805db93722b9bc795ba65b4418a352128c16588f565243c29cecbf,60.16762,24.95415,000000006b44cce7,20.28
93,2019-08-01T03:06:01Z,6d22b751ff5173035dc85c52c3dff0780126adae67fe33dc62dd45ef,60.16531,24.9442,00000000fdda10fe,20.28
94,2019-08-01T03:06:01Z,6ff437688c444238352c28f64f9d2a7d0f14d19c9ea42c225380501e,60.16762,24.95415,000000006b44cce7,20.28
95,2019-08-01T03:06:01Z,79f136afa0dd8717337c01c70b457c464aaf0fa25b440f51a394ec23,60.16762,24.95415,000000006b44cce7,18.79
96,2019-08-01T03:06:01Z,84fdfd8881f633c5f0c71c1480053953ca4b05e848052d97c063ad38,60.1538,24.95595,0000000038bf9618,20.28
97,2019-08-01T03:06:01Z,87dfaad29a9276ddddb1fa021d3bc23ad14824c1af16f7d87e713689,60.14951,24.92138,0000000006dd41f6,9.12
98,2019-08-01T03:06:01Z,89982a6acf91b79a282a6b63978e946ee205f303fcd20e944e06baf0,60.16544,24.95398,0000000038d83d41,29.32
99,2019-08-01T03:06:01Z,8b0535dd90c15c8fd1b256e7a48369741b0fe9d58f8f05f6e46134b7,60.16544,24.95398,0000000038d83d41,38.87
100,2019-08-01T03:06:01Z,8c75c3289c84fe4493e1e272a77b615fe1985880c5dc68a7c1a17b53,60.16762,24.95415,000000006b44cce7,13.75
101,2019-08-01T03:06:01Z,8cc6ddaa460aeae8cc9e8a33f91a01c8cd4c0c8bf8a943210a28c84d,60.1538,24.95595,0000000038bf9618,16.1
102,2019-08-01T03:06:01Z,9843c6216661048343a0e49cf3d8aa2883cf77f452666a1c873a1052,60.16448,24.97323,0000000053c6c2be,21.87
103,2019-08-01T03:06:01Z,9d5da91dad893b62eea6f22a7092dd0552c6d3bf33f4c6110326b208,60.16897,24.95222,00000000aa852af1,33.81
104,2019-08-01T03:06:01Z,a08cae03363d2e483a6ea717973088f4bd4276de96a9d438a7358ff4,60.16897,24.95222,00000000aa852af1,27.28
105,2019-08-01T03:06:01Z,a7bf60f4cfe8359d12d5bb7d69ea9850630a9c969a346f04a0ce1968,60.15432,24.9211,0000000019fb59c4,31.5
106,2019-08-01T03:06:01Z,a91d379a4b57c5df22db0d7a041ff69f657b4b31f28554b1011fc03c,60.16544,24.95398,0000000038d83d41,25.36
107,2019-08-01T03:06:01Z,a9da1ee82e3b670e276c26b483dd50f4a6d0c6f77ef82245d3ae6086,60.18203,24.91341,00000000342570c2,20.28
108,2019-08-01T03:06:01Z,b1f358076ba79ef902a36ca8ae3f8ec7c93308a67c479345bfdbdecf,60.1538,24.95595,0000000038bf9618,27.28
109,2019-08-01T03:06:01Z,b33ae7715d6d2571066655c2c8954a5a364b5601869047de83410d9f,60.16629,24.95957,00000000fb7600be,21.87
110,2019-08-01T03:06:01Z,b5fd6b317890e5ab2d79e2cd1abe61626d45a753c7337d0d40728898,60.16762,24.95415,000000006b44cce7,13.75
111,2019-08-01T03:06:01Z,ba42c72ea7c2663b3ea5044faf12173ab18e523dc35de0e24bf374ac,60.16544,24.95398,0000000038d83d41,23.56
112,2019-08-01T03:06:01Z,ce783d3c1b06378e5c39c25687746a6f88fbb0ff2b36e3405fb61cf8,60.16762,24.95415,000000006b44cce7,18.79
113,2019-08-01T03:06:01Z,cf05623e4d87ce0906c0b0b7dbf53aacc1228016cd27c341228b6e76,60.18203,24.91341,00000000342570c2,21.87
114,2019-08-01T03:06:01Z,dd2c9c82cf3737146294aff6f814a1349fb0bc4bedf518715dacbe8f,60.18203,24.91341,00000000342570c2,21.87
115,2019-08-01T03:06:01Z,ec72ef080c605e71978aed0d3b5f22c3c3133677a43c614b72eedc6d,60.14699,24.922,00000000a53ed894,20.28
116,2019-08-01T03:06:01Z,ed70dda6b7faebd4340dacdb452ab224d9d3c308df417b7fa76f54e8,60.14951,24.92138,0000000006dd41f6,20.28
117,2019-08-01T03:06:01Z,f088630d7476dae7d4b7e2bb1f10575f2c89acb4b6e061f3d57c2b40,60.16531,24.9442,00000000fdda10fe,31.5
118,2019-08-01T03:06:01Z,f6609ab1076b1105bb845595a03b41b8fbb282f79c337df5bbc9f841,60.16629,24.95957,00000000fb7600be,16.1
119,2019-08-01T03:06:01Z,f99c5dd8cc08bd2353083d875ce8bc585fb2c2ff8427b90d92f571de,60.1538,24.95595,0000000038bf9618,27.28
120,2019-08-01T03:06:01Z,fc4f3a44235f1cfc7b53f14ba2da599976a5a0a220d23b852688e485,60.17919,24.95181,000000007b5207b6,17.4
121,2019-08-01T03:06:01Z,ff4d1beaeacf3d68f542a38ef5a9b9d4add8f53e51abf6b66158fa61,60.14947,24.91438,000000004ef3150d,4.11
122,2019-08-01T03:06:01Z,043a093428ed893014be7f8c194c604acdfa16b011b891eb90d8c24d,60.16531,24.9442,00000000fdda10fe,33.81
123,2019-08-01T03:06:01Z,093ea1307c4d3a2a606a01c7e4344d4de460cbfcbfa4ae52e4c3728b,60.17918,24.95141,00000000675d5200,31.5
124,2019-08-01T03:06:01Z,13e4206d38eafb32822df97189167727a93c3fc19b187987f9af2d8a,60.14699,24.922,00000000a53ed894,18.79
125,2019-08-01T03:06:01Z,1dacfb371d75dd4f90f447aac2a00faad98beb4188a6971c19eb2375,60.16629,24.95957,00000000fb7600be,25.36
126,2019-08-01T03:06:01Z,1ecbc7c6afe89033252e5510cbb893666af2b3bc29f555a3a6287fdb,60.14951,24.92138,0000000006dd41f6,4.5
127,2019-08-01T03:06:01Z,1efe00f771681ebea5054284d2fc6b34cbe5697f814168a340ac9130,60.16531,24.9442,00000000fdda10fe,7.69
128,2019-08-01T03:06:01Z,217516e6a517bc1e78f46586884aeeeae5825801f0d4524966f64546,60.16531,24.9442,00000000fdda10fe,38.87
129,2019-08-01T03:06:01Z,269a536fb58ffe1c2b8f2e782208c4707cb26a286bf44dc52cb1ffb0,60.16531,24.9442,00000000fdda10fe,4.5
130,2019-08-01T03:06:01Z,26ae5346995177879c43dcdfe3b41d829debc62c90eaf4b8297b921e,60.16762,24.95415,000000006b44cce7,17.4
131,2019-08-01T03:06:01Z,2ab97eb72424d3a245ddd77691854f564f939b5bacf84648d4211da2,60.16762,24.95415,000000006b44cce7,23.56
132,2019-08-01T03:06:01Z,30794b116f4b8e6e4b715d39e786c2baeb1a11bd22b93ad80c52af44,60.16762,24.95415,000000006b44cce7,17.4
133,2019-08-01T03:06:01Z,37922e2a11b493e3e9a3497cbb6bbc3721b233036645dbf56506575d,60.17002,24.94407,000000006b087f40,13.75
134,2019-08-01T03:06:01Z,3830e5a40e476a37dd1814ed155b220ccdce44119e1f82891e5ab88a,60.17918,24.95141,00000000675d5200,29.32
135,2019-08-01T03:06:01Z,3f345ebe02480f89bc9c0c18a43e489a07d230036ca59accfa8c3671,60.15432,24.9211,0000000019fb59c4,25.36
136,2019-08-01T03:06:01Z,42844e90c7134ebb3ec325f57cd27cd24711c779548ebc8692a820d5,60.14951,24.92138,0000000006dd41f6,3.09
137,2019-08-01T03:06:01Z,43e2ef49a0757d3f504445fef0375bf1fadf3cae92831f7827754055,60.16531,24.9442,00000000fdda10fe,16.1
138,2019-08-01T03:06:01Z,44b23ef1104701386affe5d3fb1629487f1591088b8ab5df836af184,60.16897,24.95222,00000000aa852af1,27.28
139,2019-08-01T03:06:01Z,4f2ee410fae343924332b7c45d23df66786e3599cf001d739702393e,60.16762,24.95415,000000006b44cce7,18.79
140,2019-08-01T03:06:01Z,671f9d77c767acb9f9d791833688903089ee1152c5884dd3dc1279ae,60.16531,24.9442,00000000fdda10fe,8.38
141,2019-08-01T03:06:01Z,694d08a84a334f191cbc94f9785d09e2e8ecc327f74b00266e1701ff,60.16762,24.95415,000000006b44cce7,5.41
142,2019-08-01T03:06:01Z,701ebe2f0c93e3d2d5f4c1b9f737199afb3f37f9b49809649903d665,60.16762,24.95415,000000006b44cce7,11.7
143,2019-08-01T03:06:01Z,91e19604d5ebd595b79e17383e16b9e021a53c14de7205cc3a6de83b,60.16629,24.95957,00000000fb7600be,14.89
144,2019-08-01T03:06:01Z,99a026b5100e23129fa529e9a57a3dbc8490dc03b58f2193f03e2dcf,60.14951,24.92138,0000000006dd41f6,7.05
145,2019-08-01T03:06:01Z,9b132248def97a8f7178a3d898cbd8655ab0afe50af144e1aefcaf2a,60.17918,24.95141,00000000675d5200,9.12
146,2019-08-01T03:06:01Z,9e9fbb3549b7cdbea8f66ad414f93593e27104bf2658a8bb297c6e4b,60.16762,24.95415,000000006b44cce7,14.89
147,2019-08-01T03:06:01Z,a863f3e32586fa25f27244c248739d2151c6874f4a50c364d696181e,60.14947,24.91438,000000004ef3150d,12.69
148,2019-08-01T03:06:01Z,b5f68fd44d1473ba619867c782faea18f5a28e5989a2b443664ef148,60.16762,24.95415,000000006b44cce7,2.54
149,2019-08-01T03:06:01Z,bfcfc9021ab7f1d2ddddce51749a5ebba5beed44bb285d96327edcd1,60.16531,24.9442,00000000fdda10fe,21.87
150,2019-08-01T03:06:01Z,c0a0ca3433586ed2ae0e448f2406fabac7292ac79d49562e0bd5cef8,60.16762,24.95415,000000006b44cce7,20.28
151,2019-08-01T03:06:01Z,c2bec38bf7b02f449bd7af19d275f80f0431d73def4eff38430d101d,60.16629,24.95957,00000000fb7600be,14.89
152,2019-08-01T03:06:01Z,c5b1ebbc71f7a611a7415c126514bc92963d32b056ba093526802475,60.16762,24.95415,000000006b44cce7,17.4
153,2019-08-01T03:06:01Z,db0e10943fcdd3914ddc764635ba11c29832c708b5f4f46493df0413,60.16762,24.95415,000000006b44cce7,21.87
154,2019-08-01T03:06:01Z,dfb6ba0eef8ef92f1fa653e8289b9cfe0ac89016ed2b4fb48839a0ac,60.16629,24.95957,00000000fb7600be,12.69
155,2019-08-01T03:06:01Z,f06a621085463449136b8563b99d2bdd499e41452d349d6a7087c1c8,60.14947,24.91438,000000004ef3150d,5.91
156,2019-08-01T03:06:01Z,f7adfec0f2afb4311798f5b8f7bbd5abbf68d0b2795e24c9ea584fbf,60.16762,24.95415,000000006b44cce7,12.69
157,2019-08-01T03:06:01Z,fd30b66734217247a078a83bb94e278ba8e0c8a1245efbf00b1d778c,60.16762,24.95415,000000006b44cce7,4.11
158,2019-08-01T03:06:02Z,03e0fc996a589ccdf1871b3c78e089c08c93ba1f2a02d740fb384aac,60.16531,24.9442,00000000fdda10fe,31.5
159,2019-08-01T03:06:02Z,03f4002afb47d6e5c074b07507186616d5dd3e942464fc058187e09c,60.16629,24.95957,00000000fb7600be,31.5
160,2019-08-01T03:06:02Z,14c7e1511b70f4dd3359cbece1377aebb4d70531f5489eefe53d7c3c,60.16544,24.95398,0000000038d83d41,25.36
161,2019-08-01T03:06:02Z,2dd6ca2c889266702d554569764346cf583b74b0890b10e00ecd4f82,60.16544,24.95398,0000000038d83d41,20.28
162,2019-08-01T03:06:02Z,351f44e773650f6c4a68cd25c338d2bf5d9a1b20942961befe3b3f11,60.16448,24.97323,0000000053c6c2be,13.75
163,2019-08-01T03:06:02Z,384b4d96a26aae32d2af0c0f637cb59cc8470a36445623930229d524,60.16897,24.95222,00000000aa852af1,20.28
164,2019-08-01T03:06:02Z,427140db094a88d1033f8ee0e16865b0ca63c0d06e0aacf4d81cd1ea,60.17002,24.94407,000000006b087f40,20.28
165,2019-08-01T03:06:02Z,43b676ed3aef4c2d8846694817e76117873be52e7f788e0cb366c1c4,60.16629,24.95957,00000000fb7600be,20.28
166,2019-08-01T03:06:02Z,4abec48b53c4d82dc781a50af0676249c9d08be31b608a3f378109a6,60.1538,24.95595,0000000038bf9618,21.87
167,2019-08-01T03:06:02Z,5b4e7343b536dcb21bf9b3efc94be6a1971886140d313adb0124768b,60.16829,24.94214,00000000afef4555,31.5
168,2019-08-01T03:06:02Z,5d65719c4cbf045f068d084b72302f447d5fd034413d97d13be00d0e,60.18203,24.91341,00000000342570c2,20.28
169,2019-08-01T03:06:02Z,5eed115a984d490b02b602d73787aee8dc8c4e9365b77fbff3818a76,60.16629,24.95957,00000000fb7600be,36.27
170,2019-08-01T03:06:02Z,6066632ddc94b5c482a2d4f45ed2532e55e3fd63e414a084a596a737,60.16762,24.95415,000000006b44cce7,20.28
171,2019-08-01T03:06:02Z,66dabd3229229330d23c70e9e1737429ddfe69db01f4a6a00f70fa20,60.16762,24.95415,000000006b44cce7,18.79
172,2019-08-01T03:06:02Z,6a657079c1bdc8114c289be1ddd83e5846d4279a920d1697b8ff0033,60.18203,24.91341,00000000342570c2,25.36
173,2019-08-01T03:06:02Z,6d22b751ff5173035dc85c52c3dff0780126adae67fe33dc62dd45ef,60.16531,24.9442,00000000fdda10fe,23.56
174,2019-08-01T03:06:02Z,6f06341f358e61699fe1e55e986dd0554bc8da28b91daf0c5ad99db6,60.16629,24.95957,00000000fb7600be,31.5
175,2019-08-01T03:06:02Z,747f2d1ebff218c0ebbdc0fdaef4cbe56633dfb46ae1b1f8c8142201,60.16762,24.95415,000000006b44cce7,11.7
176,2019-08-01T03:06:02Z,77839e655f856d5295739c2388237a95b399c3b8a4f659cd1345d939,60.16829,24.94214,00000000afef4555,36.27
177,2019-08-01T03:06:02Z,79f136afa0dd8717337c01c70b457c464aaf0fa25b440f51a394ec23,60.16762,24.95415,000000006b44cce7,20.28
178,2019-08-01T03:06:02Z,7c8f26bc5798cd7c96354a307abd0150b5f502868a2ab99c93467091,60.16629,24.95957,00000000fb7600be,31.5
179,2019-08-01T03:06:02Z,84fdfd8881f633c5f0c71c1480053953ca4b05e848052d97c063ad38,60.1538,24.95595,0000000038bf9618,25.36
180,2019-08-01T03:06:02Z,87dfaad29a9276ddddb1fa021d3bc23ad14824c1af16f7d87e713689,60.14951,24.92138,0000000006dd41f6,11.7
181,2019-08-01T03:06:02Z,89982a6acf91b79a282a6b63978e946ee205f303fcd20e944e06baf0,60.16544,24.95398,0000000038d83d41,31.5
182,2019-08-01T03:06:02Z,8c75c3289c84fe4493e1e272a77b615fe1985880c5dc68a7c1a17b53,60.16762,24.95415,000000006b44cce7,9.92
183,2019-08-01T03:06:02Z,8cc6ddaa460aeae8cc9e8a33f91a01c8cd4c0c8bf8a943210a28c84d,60.1538,24.95595,0000000038bf9618,16.1
184,2019-08-01T03:06:02Z,8d48e703938d27ced83c767a1f815f2879d4793a7f242b9854294141,60.17002,24.94407,000000006b087f40,33.81
185,2019-08-01T03:06:02Z,8ffeb52bff155eab19ca329d16be495cd44a08aa7f79b94db079caf9,60.15432,24.9211,0000000019fb59c4,25.36
186,2019-08-01T03:06:02Z,9843c6216661048343a0e49cf3d8aa2883cf77f452666a1c873a1052,60.16448,24.97323,0000000053c6c2be,11.7
187,2019-08-01T03:06:02Z,9d5da91dad893b62eea6f22a7092dd0552c6d3bf33f4c6110326b208,60.16897,24.95222,00000000aa852af1,29.32
188,2019-08-01T03:06:02Z,a08cae03363d2e483a6ea717973088f4bd4276de96a9d438a7358ff4,60.16897,24.95222,00000000aa852af1,31.5
189,2019-08-01T03:06:02Z,a7bf60f4cfe8359d12d5bb7d69ea9850630a9c969a346f04a0ce1968,60.15432,24.9211,0000000019fb59c4,27.28
190,2019-08-01T03:06:02Z,a91d379a4b57c5df22db0d7a041ff69f657b4b31f28554b1011fc03c,60.16544,24.95398,0000000038d83d41,29.32
191,2019-08-01T03:06:02Z,a9da1ee82e3b670e276c26b483dd50f4a6d0c6f77ef82245d3ae6086,60.18203,24.91341,00000000342570c2,17.4
192,2019-08-01T03:06:02Z,b1f358076ba79ef902a36ca8ae3f8ec7c93308a67c479345bfdbdecf,60.1538,24.95595,0000000038bf9618,27.28
193,2019-08-01T03:06:02Z,b33ae7715d6d2571066655c2c8954a5a364b5601869047de83410d9f,60.16629,24.95957,00000000fb7600be,23.56
194,2019-08-01T03:06:02Z,b5fd6b317890e5ab2d79e2cd1abe61626d45a753c7337d0d40728898,60.16762,24.95415,000000006b44cce7,12.69
195,2019-08-01T03:06:02Z,ba42c72ea7c2663b3ea5044faf12173ab18e523dc35de0e24bf374ac,60.16544,24.95398,0000000038d83d41,25.36
196,2019-08-01T03:06:02Z,c40c37def6bf11a63a2556519a7c6233fd417cdeea2cf14f28e7c42c,60.16531,24.9442,00000000fdda10fe,27.28
197,2019-08-01T03:06:02Z,ce197d5eedb5498917afe7ca3f7275ffeb191f0c5d050bffa154c1d2,60.16531,24.9442,00000000fdda10fe,23.56
198,2019-08-01T03:06:02Z,ce783d3c1b06378e5c39c25687746a6f88fbb0ff2b36e3405fb61cf8,60.16762,24.95415,000000006b44cce7,12.69
199,2019-08-01T03:06:02Z,cf05623e4d87ce0906c0b0b7dbf53aacc1228016cd27c341228b6e76,60.18203,24.91341,00000000342570c2,17.4
200,2019-08-01T03:06:02Z,dd2c9c82cf3737146294aff6f814a1349fb0bc4bedf518715dacbe8f,60.18203,24.91341,00000000342570c2,20.28
201,2019-08-01T03:06:02Z,ec72ef080c605e71978aed0d3b5f22c3c3133677a43c614b72eedc6d,60.14699,24.922,00000000a53ed894,17.4
202,2019-08-01T03:06:02Z,ed70dda6b7faebd4340dacdb452ab224d9d3c308df417b7fa76f54e8,60.14951,24.92138,0000000006dd41f6,23.56
203,2019-08-01T03:06:02Z,f0658ab84466fd2b70b305787976c9cc96062ec03a830710452e9a77,60.16762,24.95415,000000006b44cce7,16.1
204,2019-08-01T03:06:02Z,f088630d7476dae7d4b7e2bb1f10575f2c89acb4b6e061f3d57c2b40,60.16531,24.9442,00000000fdda10fe,20.28
205,2019-08-01T03:06:02Z,f6609ab1076b1105bb845595a03b41b8fbb282f79c337df5bbc9f841,60.16629,24.95957,00000000fb7600be,20.28
206,2019-08-01T03:06:02Z,fc4f3a44235f1cfc7b53f14ba2da599976a5a0a220d23b852688e485,60.17919,24.95181,000000007b5207b6,12.69
207,2019-08-01T03:06:02Z,ff4d1beaeacf3d68f542a38ef5a9b9d4add8f53e51abf6b66158fa61,60.14947,24.91438,000000004ef3150d,3.74
208,2019-08-01T03:06:02Z,093ea1307c4d3a2a606a01c7e4344d4de460cbfcbfa4ae52e4c3728b,60.17918,24.95141,00000000675d5200,23.56
209,2019-08-01T03:06:02Z,13e4206d38eafb32822df97189167727a93c3fc19b187987f9af2d8a,60.14699,24.922,00000000a53ed894,20.28
210,2019-08-01T03:06:02Z,1dacfb371d75dd4f90f447aac2a00faad98beb4188a6971c19eb2375,60.16629,24.95957,00000000fb7600be,27.28
211,2019-08-01T03:06:02Z,1ecbc7c6afe89033252e5510cbb893666af2b3bc29f555a3a6287fdb,60.14951,24.92138,0000000006dd41f6,3.4
212,2019-08-01T03:06:02Z,1efe00f771681ebea5054284d2fc6b34cbe5697f814168a340ac9130,60.16531,24.9442,00000000fdda10fe,14.89
213,2019-08-01T03:06:02Z,269a536fb58ffe1c2b8f2e782208c4707cb26a286bf44dc52cb1ffb0,60.16531,24.9442,00000000fdda10fe,17.4
214,2019-08-01T03:06:02Z,2ab97eb72424d3a245ddd77691854f564f939b5bacf84648d4211da2,60.16762,24.95415,000000006b44cce7,18.79
215,2019-08-01T03:06:02Z,3f345ebe02480f89bc9c0c18a43e489a07d230036ca59accfa8c3671,60.15432,24.9211,0000000019fb59c4,25.36
216,2019-08-01T03:06:02Z,42844e90c7134ebb3ec325f57cd27cd24711c779548ebc8692a820d5,60.14951,24.92138,0000000006dd41f6,4.11
217,2019-08-01T03:06:02Z,43e2ef49a0757d3f504445fef0375bf1fadf3cae92831f7827754055,60.16531,24.9442,00000000fdda10fe,11.7
218,2019-08-01T03:06:02Z,671f9d77c767acb9f9d791833688903089ee1152c5884dd3dc1279ae,60.16531,24.9442,00000000fdda10fe,8.38
219,2019-08-01T03:06:02Z,694d08a84a334f191cbc94f9785d09e2e8ecc327f74b00266e1701ff,60.16762,24.95415,000000006b44cce7,16.1
220,2019-08-01T03:06:02Z,701ebe2f0c93e3d2d5f4c1b9f737199afb3f37f9b49809649903d665,60.16762,24.95415,000000006b44cce7,8.38
221,2019-08-01T03:06:02Z,74cb545f76f0bfc5498607247e26e814276a11ce91f77208054ecbc5,60.17002,24.94407,000000006b087f40,25.36
222,2019-08-01T03:06:02Z,8a5b86e7c92763e85cfccd5f634e052384b64318c1286a4f8074c94f,60.16762,24.95415,000000006b44cce7,7.69
223,2019-08-01T03:06:02Z,99a026b5100e23129fa529e9a57a3dbc8490dc03b58f2193f03e2dcf,60.14951,24.92138,0000000006dd41f6,4.94
224,2019-08-01T03:06:02Z,9b132248def97a8f7178a3d898cbd8655ab0afe50af144e1aefcaf2a,60.17918,24.95141,00000000675d5200,9.12
225,2019-08-01T03:06:02Z,a863f3e32586fa25f27244c248739d2151c6874f4a50c364d696181e,60.14947,24.91438,000000004ef3150d,12.69
226,2019-08-01T03:06:02Z,b5f68fd44d1473ba619867c782faea18f5a28e5989a2b443664ef148,60.16762,24.95415,000000006b44cce7,4.5
227,2019-08-01T03:06:02Z,bfcfc9021ab7f1d2ddddce51749a5ebba5beed44bb285d96327edcd1,60.16531,24.9442,00000000fdda10fe,23.56
228,2019-08-01T03:06:02Z,c0a0ca3433586ed2ae0e448f2406fabac7292ac79d49562e0bd5cef8,60.16762,24.95415,000000006b44cce7,21.87
229,2019-08-01T03:06:02Z,c2bec38bf7b02f449bd7af19d275f80f0431d73def4eff38430d101d,60.16629,24.95957,00000000fb7600be,14.89
230,2019-08-01T03:06:02Z,c9ce14e0dbf0cf3c24f6a92a1930fa32de9a1de0ffe63082ccddb0d6,60.16448,24.97323,0000000053c6c2be,23.56
231,2019-08-01T03:06:02Z,db0e10943fcdd3914ddc764635ba11c29832c708b5f4f46493df0413,60.16762,24.95415,000000006b44cce7,21.87
232,2019-08-01T03:06:02Z,dfb6ba0eef8ef92f1fa653e8289b9cfe0ac89016ed2b4fb48839a0ac,60.16629,24.95957,00000000fb7600be,14.89
233,2019-08-01T03:06:02Z,f06a621085463449136b8563b99d2bdd499e41452d349d6a7087c1c8,60.14947,24.91438,000000004ef3150d,17.4
234,2019-08-01T03:06:02Z,f7adfec0f2afb4311798f5b8f7bbd5abbf68d0b2795e24c9ea584fbf,60.16762,24.95415,000000006b44cce7,9.92
235,2019-08-01T03:06:02Z,fd30b66734217247a078a83bb94e278ba8e0c8a1245efbf00b1d778c,60.16762,24.95415,000000006b44cce7,5.41
236,2019-08-01T03:06:02Z,febd281417fc5892a4a707eab57c541684a3fe684d687f5c097babee,60.17002,24.94407,000000006b087f40,21.87
237,2019-08-01T03:06:03Z,03f4002afb47d6e5c074b07507186616d5dd3e942464fc058187e09c,60.16629,24.95957,00000000fb7600be,25.36
238,2019-08-01T03:06:03Z,112c36ba789fa57e2b19c9bff8bfe0b3eba19a431c3af4656c4cee5b,60.16531,24.9442,00000000fdda10fe,47.69
239,2019-08-01T03:06:03Z,14c7e1511b70f4dd3359cbece1377aebb4d70531f5489eefe53d7c3c,60.16544,24.95398,0000000038d83d41,20.28
240,2019-08-01T03:06:03Z,165ebbb4090d47319ae370f0d0854fdc1f6b79499f8b2e4d3c3533c0,60.16544,24.95398,0000000038d83d41,29.32
241,2019-08-01T03:06:03Z,2becc116b6903367f24fb8033b421a173af04cdaca16ac8b2f91be52,60.16629,24.95957,00000000fb7600be,27.28
242,2019-08-01T03:06:03Z,2cbdb709bb456bc8bca60a86bfa0fd9e979051582401008738e2db26,60.16629,24.95957,00000000fb7600be,29.32
243,2019-08-01T03:06:03Z,2dd6ca2c889266702d554569764346cf583b74b0890b10e00ecd4f82,60.16544,24.95398,0000000038d83d41,25.36
244,2019-08-01T03:06:03Z,351f44e773650f6c4a68cd25c338d2bf5d9a1b20942961befe3b3f11,60.16448,24.97323,0000000053c6c2be,14.89
245,2019-08-01T03:06:03Z,384b4d96a26aae32d2af0c0f637cb59cc8470a36445623930229d524,60.16897,24.95222,00000000aa852af1,20.28
246,2019-08-01T03:06:03Z,427140db094a88d1033f8ee0e16865b0ca63c0d06e0aacf4d81cd1ea,60.17002,24.94407,000000006b087f40,27.28
247,2019-08-01T03:06:03Z,43b676ed3aef4c2d8846694817e76117873be52e7f788e0cb366c1c4,60.16629,24.95957,00000000fb7600be,27.28
248,2019-08-01T03:06:03Z,4abec48b53c4d82dc781a50af0676249c9d08be31b608a3f378109a6,60.1538,24.95595,0000000038bf9618,23.56
249,2019-08-01T03:06:03Z,4c5f18f9840338be4b03b398b0729b86a73a469d2e351ffb16a285ba,60.16897,24.95222,00000000aa852af1,25.36
250,2019-08-01T03:06:03Z,5d65719c4cbf045f068d084b72302f447d5fd034413d97d13be00d0e,60.18203,24.91341,00000000342570c2,18.79
251,2019-08-01T03:06:03Z,5eed115a984d490b02b602d73787aee8dc8c4e9365b77fbff3818a76,60.16629,24.95957,00000000fb7600be,29.32
252,2019-08-01T03:06:03Z,6b805db93722b9bc795ba65b4418a352128c16588f565243c29cecbf,60.16762,24.95415,000000006b44cce7,20.28
253,2019-08-01T03:06:03Z,6d22b751ff5173035dc85c52c3dff0780126adae67fe33dc62dd45ef,60.16531,24.9442,00000000fdda10fe,20.28
254,2019-08-01T03:06:03Z,6f06341f358e61699fe1e55e986dd0554bc8da28b91daf0c5ad99db6,60.16629,24.95957,00000000fb7600be,29.32
255,2019-08-01T03:06:03Z,6ff437688c444238352c28f64f9d2a7d0f14d19c9ea42c225380501e,60.16762,24.95415,000000006b44cce7,23.56
256,2019-08-01T03:06:03Z,747f2d1ebff218c0ebbdc0fdaef4cbe56633dfb46ae1b1f8c8142201,60.16762,24.95415,000000006b44cce7,21.87
257,2019-08-01T03:06:03Z,77839e655f856d5295739c2388237a95b399c3b8a4f659cd1345d939,60.16829,24.94214,00000000afef4555,31.5
258,2019-08-01T03:06:03Z,79f136afa0dd8717337c01c70b457c464aaf0fa25b440f51a394ec23,60.16762,24.95415,000000006b44cce7,18.79
259,2019-08-01T03:06:03Z,7c8f26bc5798cd7c96354a307abd0150b5f502868a2ab99c93467091,60.16629,24.95957,00000000fb7600be,31.5
260,2019-08-01T03:06:03Z,7d0fd2fd8adcdcfaf339b328e652c17c58f2c98e7b79448720a37dda,60.16897,24.95222,00000000aa852af1,29.32
261,2019-08-01T03:06:03Z,7e0d3e70e42ae3b88d2440369011c2e531e9bb6a530a855127b4d2dc,60.16762,24.95415,000000006b44cce7,27.28
262,2019-08-01T03:06:03Z,84fdfd8881f633c5f0c71c1480053953ca4b05e848052d97c063ad38,60.1538,24.95595,0000000038bf9618,23.56
263,2019-08-01T03:06:03Z,87dfaad29a9276ddddb1fa021d3bc23ad14824c1af16f7d87e713689,60.14951,24.92138,0000000006dd41f6,9.92
264,2019-08-01T03:06:03Z,8c75c3289c84fe4493e1e272a77b615fe1985880c5dc68a7c1a17b53,60.16762,24.95415,000000006b44cce7,10.78
265,2019-08-01T03:06:03Z,8cc6ddaa460aeae8cc9e8a33f91a01c8cd4c0c8bf8a943210a28c84d,60.1538,24.95595,0000000038bf9618,25.36
266,2019-08-01T03:06:03Z,9843c6216661048343a0e49cf3d8aa2883cf77f452666a1c873a1052,60.16448,24.97323,0000000053c6c2be,25.36
267,2019-08-01T03:06:03Z,9d5da91dad893b62eea6f22a7092dd0552c6d3bf33f4c6110326b208,60.16897,24.95222,00000000aa852af1,27.28
268,2019-08-01T03:06:03Z,a08cae03363d2e483a6ea717973088f4bd4276de96a9d438a7358ff4,60.16897,24.95222,00000000aa852af1,27.28
269,2019-08-01T03:06:03Z,a91d379a4b57c5df22db0d7a041ff69f657b4b31f28554b1011fc03c,60.16544,24.95398,0000000038d83d41,36.27
270,2019-08-01T03:06:03Z,a9da1ee82e3b670e276c26b483dd50f4a6d0c6f77ef82245d3ae6086,60.18203,24.91341,00000000342570c2,23.56
271,2019-08-01T03:06:03Z,b1f358076ba79ef902a36ca8ae3f8ec7c93308a67c479345bfdbdecf,60.1538,24.95595,0000000038bf9618,31.5
272,2019-08-01T03:06:03Z,b33ae7715d6d2571066655c2c8954a5a364b5601869047de83410d9f,60.16629,24.95957,00000000fb7600be,29.32
273,2019-08-01T03:06:03Z,b5fd6b317890e5ab2d79e2cd1abe61626d45a753c7337d0d40728898,60.16762,24.95415,000000006b44cce7,12.69
274,2019-08-01T03:06:03Z,ce783d3c1b06378e5c39c25687746a6f88fbb0ff2b36e3405fb61cf8,60.16762,24.95415,000000006b44cce7,13.75
275,2019-08-01T03:06:03Z,cf05623e4d87ce0906c0b0b7dbf53aacc1228016cd27c341228b6e76,60.18203,24.91341,00000000342570c2,20.28
276,2019-08-01T03:06:03Z,d127ead865385b64ae537a703a26be15fae4b5332ce0fbf03d5e0c23,60.1538,24.95595,0000000038bf9618,31.5
277,2019-08-01T03:06:03Z,dd2c9c82cf3737146294aff6f814a1349fb0bc4bedf518715dacbe8f,60.18203,24.91341,00000000342570c2,20.28
278,2019-08-01T03:06:03Z,ec72ef080c605e71978aed0d3b5f22c3c3133677a43c614b72eedc6d,60.14699,24.922,00000000a53ed894,17.4
279,2019-08-01T03:06:03Z,ed70dda6b7faebd4340dacdb452ab224d9d3c308df417b7fa76f54e8,60.14951,24.92138,0000000006dd41f6,17.4
280,2019-08-01T03:06:03Z,efd1806e1eee5eca948bc2537df8d816e2cce41009b41189c350ce74,60.16531,24.9442,00000000fdda10fe,27.28
281,2019-08-01T03:06:03Z,f0658ab84466fd2b70b305787976c9cc96062ec03a830710452e9a77,60.16762,24.95415,000000006b44cce7,20.28
282,2019-08-01T03:06:03Z,f088630d7476dae7d4b7e2bb1f10575f2c89acb4b6e061f3d57c2b40,60.16531,24.9442,00000000fdda10fe,29.32
283,2019-08-01T03:06:03Z,f6609ab1076b1105bb845595a03b41b8fbb282f79c337df5bbc9f841,60.16629,24.95957,00000000fb7600be,18.79
284,2019-08-01T03:06:03Z,f99c5dd8cc08bd2353083d875ce8bc585fb2c2ff8427b90d92f571de,60.1538,24.95595,0000000038bf9618,31.5
285,2019-08-01T03:06:03Z,fc4f3a44235f1cfc7b53f14ba2da599976a5a0a220d23b852688e485,60.17919,24.95181,000000007b5207b6,10.78
286,2019-08-01T03:06:03Z,ff4d1beaeacf3d68f542a38ef5a9b9d4add8f53e51abf6b66158fa61,60.14947,24.91438,000000004ef3150d,4.11
287,2019-08-01T03:06:03Z,093ea1307c4d3a2a606a01c7e4344d4de460cbfcbfa4ae52e4c3728b,60.17918,24.95141,00000000675d5200,25.36
288,2019-08-01T03:06:03Z,13e4206d38eafb32822df97189167727a93c3fc19b187987f9af2d8a,60.14699,24.922,00000000a53ed894,21.87
289,2019-08-01T03:06:03Z,1ecbc7c6afe89033252e5510cbb893666af2b3bc29f555a3a6287fdb,60.14951,24.92138,0000000006dd41f6,4.5
290,2019-08-01T03:06:03Z,1efe00f771681ebea5054284d2fc6b34cbe5697f814168a340ac9130,60.16531,24.9442,00000000fdda10fe,7.69
291,2019-08-01T03:06:03Z,2412a8a36556f7a290c7e226e4baa79342fb2aa26944ce9aeb6e89ce,60.16544,24.95398,0000000038d83d41,27.28
292,2019-08-01T03:06:03Z,269a536fb58ffe1c2b8f2e782208c4707cb26a286bf44dc52cb1ffb0,60.16531,24.9442,00000000fdda10fe,7.05
293,2019-08-01T03:06:03Z,3f345ebe02480f89bc9c0c18a43e489a07d230036ca59accfa8c3671,60.15432,24.9211,0000000019fb59c4,23.56
294,2019-08-01T03:06:03Z,42844e90c7134ebb3ec325f57cd27cd24711c779548ebc8692a820d5,60.14951,24.92138,0000000006dd41f6,3.4
295,2019-08-01T03:06:03Z,43e2ef49a0757d3f504445fef0375bf1fadf3cae92831f7827754055,60.16531,24.9442,00000000fdda10fe,10.78
296,2019-08-01T03:06:03Z,671f9d77c767acb9f9d791833688903089ee1152c5884dd3dc1279ae,60.16531,24.9442,00000000fdda10fe,8.38
297,2019-08-01T03:06:03Z,694d08a84a334f191cbc94f9785d09e2e8ecc327f74b00266e1701ff,60.16762,24.95415,000000006b44cce7,11.7
298,2019-08-01T03:06:03Z,701ebe2f0c93e3d2d5f4c1b9f737199afb3f37f9b49809649903d665,60.16762,24.95415,000000006b44cce7,11.7
299,2019-08-01T03:06:03Z,75d1f7b3da730fdb6069242912061990a7914fd45726e7ef39285ecd,60.149,24.9843,00000000fffb8cf0,38.87
300,2019-08-01T03:06:03Z,8a5b86e7c92763e85cfccd5f634e052384b64318c1286a4f8074c94f,60.16762,24.95415,000000006b44cce7,7.05
301,2019-08-01T03:06:03Z,91e19604d5ebd595b79e17383e16b9e021a53c14de7205cc3a6de83b,60.16629,24.95957,00000000fb7600be,13.75
302,2019-08-01T03:06:03Z,99a026b5100e23129fa529e9a57a3dbc8490dc03b58f2193f03e2dcf,60.14951,24.92138,0000000006dd41f6,5.41
303,2019-08-01T03:06:03Z,9b132248def97a8f7178a3d898cbd8655ab0afe50af144e1aefcaf2a,60.17918,24.95141,00000000675d5200,12.69
304,2019-08-01T03:06:03Z,9e9fbb3549b7cdbea8f66ad414f93593e27104bf2658a8bb297c6e4b,60.16762,24.95415,000000006b44cce7,21.87
305,2019-08-01T03:06:03Z,a863f3e32586fa25f27244c248739d2151c6874f4a50c364d696181e,60.14947,24.91438,000000004ef3150d,9.92
306,2019-08-01T03:06:03Z,a8c7d85d397619b4a91c2655e8e50b1cfcbf2771d71b62b4681a20c8,60.16448,24.97323,0000000053c6c2be,21.87
307,2019-08-01T03:06:03Z,b5f68fd44d1473ba619867c782faea18f5a28e5989a2b443664ef148,60.16762,24.95415,000000006b44cce7,3.4
308,2019-08-01T03:06:03Z,c0a0ca3433586ed2ae0e448f2406fabac7292ac79d49562e0bd5cef8,60.16762,24.95415,000000006b44cce7,18.79
309,2019-08-01T03:06:03Z,c2bec38bf7b02f449bd7af19d275f80f0431d73def4eff38430d101d,60.16629,24.95957,00000000fb7600be,18.79
310,2019-08-01T03:06:03Z,db0e10943fcdd3914ddc764635ba11c29832c708b5f4f46493df0413,60.16762,24.95415,000000006b44cce7,20.28
311,2019-08-01T03:06:03Z,dfb6ba0eef8ef92f1fa653e8289b9cfe0ac89016ed2b4fb48839a0ac,60.16629,24.95957,00000000fb7600be,14.89
312,2019-08-01T03:06:03Z,f06a621085463449136b8563b99d2bdd499e41452d349d6a7087c1c8,60.14947,24.91438,000000004ef3150d,5.91
313,2019-08-01T03:06:03Z,f5464a7fd82b09681a5e8d825d2df51ceaac232d97dad20154fd1abd,60.16629,24.95957,00000000fb7600be,36.27
314,2019-08-01T03:06:03Z,f7adfec0f2afb4311798f5b8f7bbd5abbf68d0b2795e24c9ea584fbf,60.16762,24.95415,000000006b44cce7,13.75
315,2019-08-01T03:06:03Z,fd30b66734217247a078a83bb94e278ba8e0c8a1245efbf00b1d778c,60.16762,24.95415,000000006b44cce7,10.78
316,2019-08-01T03:06:04Z,14c7e1511b70f4dd3359cbece1377aebb4d70531f5489eefe53d7c3c,60.16544,24.95398,0000000038d83d41,23.56
317,2019-08-01T03:06:04Z,165ebbb4090d47319ae370f0d0854fdc1f6b79499f8b2e4d3c3533c0,60.16544,24.95398,0000000038d83d41,25.36
318,2019-08-01T03:06:04Z,17b28910b6cbc057680693633275c4ca53938281bc38178f96c44947,60.17002,24.94407,000000006b087f40,36.27
319,2019-08-01T03:06:04Z,26a7f422e4d26aeb0cb519e9d16d5e57537056caa23982d5aae127fb,60.16762,24.95415,000000006b44cce7,27.28
320,2019-08-01T03:06:04Z,2cbdb709bb456bc8bca60a86bfa0fd9e979051582401008738e2db26,60.16629,24.95957,00000000fb7600be,31.5
321,2019-08-01T03:06:04Z,2dd6ca2c889266702d554569764346cf583b74b0890b10e00ecd4f82,60.16544,24.95398,0000000038d83d41,23.56
322,2019-08-01T03:06:04Z,351f44e773650f6c4a68cd25c338d2bf5d9a1b20942961befe3b3f11,60.16448,24.97323,0000000053c6c2be,16.1
323,2019-08-01T03:06:04Z,384b4d96a26aae32d2af0c0f637cb59cc8470a36445623930229d524,60.16897,24.95222,00000000aa852af1,29.32
324,2019-08-01T03:06:04Z,427140db094a88d1033f8ee0e16865b0ca63c0d06e0aacf4d81cd1ea,60.17002,24.94407,000000006b087f40,29.32
325,2019-08-01T03:06:04Z,4abec48b53c4d82dc781a50af0676249c9d08be31b608a3f378109a6,60.1538,24.95595,0000000038bf9618,23.56
326,2019-08-01T03:06:04Z,5bbb5184fded3e51bc78e45e39917794285e6bbc72da404802a9599a,60.16531,24.9442,00000000fdda10fe,29.32
