,time,hash,latitude,longitude,serial,distance
0,2019-08-01T09:07:00Z,0fff89885f08417f20aadfdbf62a372277e9085bcd024374b772ecac,60.16531,24.9442,00000000fdda10fe,23.56
1,2019-08-01T09:07:00Z,144afc51fc2443c7031a2912566eff2ce60226a49d6d2bd7c2923700,60.16544,24.95398,0000000038d83d41,16.1
2,2019-08-01T09:07:00Z,14c7e1511b70f4dd3359cbece1377aebb4d70531f5489eefe53d7c3c,60.16544,24.95398,0000000038d83d41,27.28
3,2019-08-01T09:07:00Z,15918569de0a46a8eb56b43d8d39f7fc82619ff1006f00822c85745c,60.17918,24.95141,00000000675d5200,1.54
4,2019-08-01T09:07:00Z,165ebbb4090d47319ae370f0d0854fdc1f6b79499f8b2e4d3c3533c0,60.16544,24.95398,0000000038d83d41,27.28
5,2019-08-01T09:07:00Z,1f0f0628cdc688d76bde2b82bee5b9b4916bf0bbdfe76cf3213e1c65,60.15432,24.9211,0000000019fb59c4,12.69
6,2019-08-01T09:07:00Z,2a93b61a3863ace54349d7a0937e4134fcc6d4dfcf064eefae2b7cf8,60.15432,24.9211,0000000019fb59c4,20.28
7,2019-08-01T09:07:00Z,2b768144e797cf0d3542f04f2af4f693d622b17946500d54430aacbb,60.1538,24.95595,0000000038bf9618,6.46
8,2019-08-01T09:07:00Z,5d65719c4cbf045f068d084b72302f447d5fd034413d97d13be00d0e,60.18203,24.91341,00000000342570c2,18.79
9,2019-08-01T09:07:00Z,6a657079c1bdc8114c289be1ddd83e5846d4279a920d1697b8ff0033,60.18203,24.91341,00000000342570c2,21.87
10,2019-08-01T09:07:00Z,6d22b751ff5173035dc85c52c3dff0780126adae67fe33dc62dd45ef,60.16531,24.9442,00000000fdda10fe,29.32
11,2019-08-01T09:07:00Z,6ff437688c444238352c28f64f9d2a7d0f14d19c9ea42c225380501e,60.16762,24.95415,000000006b44cce7,20.28
12,2019-08-01T09:07:00Z,76c7f42283513d0e289bf786d89463b5025b2ae0f4e13519a4cf228b,60.15432,24.9211,0000000019fb59c4,16.1
13,2019-08-01T09:07:00Z,78d5f60b36b59c06c3988b94e11744bb3aed5dcbc214f91f228bf892,60.16448,24.97323,0000000053c6c2be,20.28
14,2019-08-01T09:07:00Z,79f136afa0dd8717337c01c70b457c464aaf0fa25b440f51a394ec23,60.16762,24.95415,000000006b44cce7,29.32
15,2019-08-01T09:07:00Z,84fdfd8881f633c5f0c71c1480053953ca4b05e848052d97c063ad38,60.1538,24.95595,0000000038bf9618,29.32
16,2019-08-01T09:07:00Z,87dfaad29a9276ddddb1fa021d3bc23ad14824c1af16f7d87e713689,60.14951,24.92138,0000000006dd41f6,9.12
17,2019-08-01T09:07:00Z,89982a6acf91b79a282a6b63978e946ee205f303fcd20e944e06baf0,60.16544,24.95398,0000000038d83d41,38.87
18,2019-08-01T09:07:00Z,8cc6ddaa460aeae8cc9e8a33f91a01c8cd4c0c8bf8a943210a28c84d,60.1538,24.95595,0000000038bf9618,29.32
19,2019-08-01T09:07:00Z,8ffeb52bff155eab19ca329d16be495cd44a08aa7f79b94db079caf9,60.15432,24.9211,0000000019fb59c4,21.87
20,2019-08-01T09:07:00Z,9843c6216661048343a0e49cf3d8aa2883cf77f452666a1c873a1052,60.16448,24.97323,0000000053c6c2be,13.75
21,2019-08-01T09:07:00Z,9d03d14afa49576281aa26db60e517f7c1ec8aa36f7756959a860a8a,60.16629,24.95957,00000000fb7600be,17.4
22,2019-08-01T09:07:00Z,a08cae03363d2e483a6ea717973088f4bd4276de96a9d438a7358ff4,60.16897,24.95222,00000000aa852af1,23.56
23,2019-08-01T09:07:00Z,a91d379a4b57c5df22db0d7a041ff69f657b4b31f28554b1011fc03c,60.16544,24.95398,0000000038d83d41,31.5
24,2019-08-01T09:07:00Z,a9da1ee82e3b670e276c26b483dd50f4a6d0c6f77ef82245d3ae6086,60.18203,24.91341,00000000342570c2,11.7
25,2019-08-01T09:07:00Z,ab0f67c0c0e1ba5eac9013f9c314feadf340ddf08543b91e70483594,60.16544,24.95398,0000000038d83d41,18.79
26,2019-08-01T09:07:00Z,b1f358076ba79ef902a36ca8ae3f8ec7c93308a67c479345bfdbdecf,60.1538,24.95595,0000000038bf9618,29.32
27,2019-08-01T09:07:00Z,b4faf2d3c4d2b199afeab6ab63b583fe3a2e81e14abbef6917f25129,60.15432,24.9211,0000000019fb59c4,18.79
28,2019-08-01T09:07:00Z,b5fd6b317890e5ab2d79e2cd1abe61626d45a753c7337d0d40728898,60.16762,24.95415,000000006b44cce7,11.7
29,2019-08-01T09:07:00Z,cf05623e4d87ce0906c0b0b7dbf53aacc1228016cd27c341228b6e76,60.18203,24.91341,00000000342570c2,18.79
30,2019-08-01T09:07:00Z,d178749a24c32676d0da0f51ae6ff63c456499d4b1814af8fa75ca9e,60.16448,24.97323,0000000053c6c2be,5.91
31,2019-08-01T09:07:00Z,dd2c9c82cf3737146294aff6f814a1349fb0bc4bedf518715dacbe8f,60.18203,24.91341,00000000342570c2,14.89
32,2019-08-01T09:07:00Z,df89b51aeaaa1a8c64db45d6c35f918b650806b37aea9b50246a3267,60.16829,24.94214,00000000afef4555,17.4
33,2019-08-01T09:07:00Z,ec72ef080c605e71978aed0d3b5f22c3c3133677a43c614b72eedc6d,60.14699,24.922,00000000a53ed894,29.32
34,2019-08-01T09:07:00Z,f088630d7476dae7d4b7e2bb1f10575f2c89acb4b6e061f3d57c2b40,60.16531,24.9442,00000000fdda10fe,33.81
35,2019-08-01T09:07:00Z,f22981c21af00fc334b3d8bdd523e23a50384666e97815f0ec1dc0ac,60.16897,24.95222,00000000aa852af1,9.92
36,2019-08-01T09:07:00Z,f543e7230fc191ff5f761b17871123a9e0ce4227cc186135a42f511a,60.149,24.9843,00000000fffb8cf0,20.28
37,2019-08-01T09:07:00Z,f83d4b6b8ffbf8a674d212e32100b2360b80261b4e9207d77c0b0ed3,60.17918,24.95141,00000000675d5200,3.4
38,2019-08-01T09:07:00Z,f99c5dd8cc08bd2353083d875ce8bc585fb2c2ff8427b90d92f571de,60.1538,24.95595,0000000038bf9618,31.5
39,2019-08-01T09:07:00Z,fc4f3a44235f1cfc7b53f14ba2da599976a5a0a220d23b852688e485,60.17918,24.95141,00000000675d5200,16.1
40,2019-08-01T09:07:00Z,00787dad708490660b0b836fa415681cc57046fa521c0c0aaea14a9e,60.16762,24.95415,000000006b44cce7,11.7
41,2019-08-01T09:07:00Z,011372b726688a0c953368b50bc5a1cb0212c17dbecc587d9f9d75ce,60.16629,24.95957,00000000fb7600be,4.5
42,2019-08-01T09:07:00Z,02050a536056486b1bf139282f0d0a3af63def1d56ff0c73ac51bb19,60.14947,24.91438,000000004ef3150d,10.78
43,2019-08-01T09:07:00Z,023083c44c772667f1727e01c74518889b2a82d78ceb28c08b6f8a20,60.16531,24.9442,00000000fdda10fe,18.79
44,2019-08-01T09:07:00Z,028149b8bfaf37d1f064cb0b4f23ae118f00d8eff41679fb8830396a,60.16531,24.9442,00000000fdda10fe,20.28
45,2019-08-01T09:07:00Z,02fb8c740573d86a30d1a85d4b270f0d198cd0487446d6ca84453f3f,60.16544,24.95398,0000000038d83d41,29.32
46,2019-08-01T09:07:00Z,0362cc670dcfab795a3911957b6a177416bf9b99d0e2732716796c4d,60.15432,24.9211,0000000019fb59c4,12.69
47,2019-08-01T09:07:00Z,03f427d436ba092925de462b11374bdbdab0443620037675621fbc11,60.17918,24.95141,00000000675d5200,25.36
48,2019-08-01T09:07:00Z,0483eb7342f4e704caa76b9bc3d6a7bd836282960dafc2c756247134,60.16762,24.95415,000000006b44cce7,7.69
49,2019-08-01T09:07:00Z,06753eb9c56292934b34f1c8d302486ee36fd733da500c23c70a53cd,60.16448,24.97323,0000000053c6c2be,13.75
50,2019-08-01T09:07:00Z,08f9fd60f852d3502bfa509c955e9963e73954f961d55ba8cd46cae9,60.16629,24.95957,00000000fb7600be,11.7
51,2019-08-01T09:07:00Z,0951ec0c700dba7330b8e8181fc852becde054d0dc7474d1488db3cd,60.17065,24.93641,000000000f4919c9,29.32
52,2019-08-01T09:07:00Z,0c1684b697a63d7f47ebaedcfa060b3b4af294fec1e62d613699291a,60.16897,24.95222,00000000aa852af1,6.46
53,2019-08-01T09:07:00Z,0d36588b0274c7fc1c33ed938ed6883bd98d7e2d5a66328940df8a94,60.14947,24.91438,000000004ef3150d,16.1
54,2019-08-01T09:07:00Z,1069967e3921871955b1b2b42e60f829c593a3e024401bfe61ae410e,60.16629,24.95957,00000000fb7600be,17.4
55,2019-08-01T09:07:00Z,10d0fed0f7d40b253b5fc5a53297dc9af8bb76fa6f34d5e71383cb62,60.17918,24.95141,00000000675d5200,13.75
56,2019-08-01T09:07:00Z,11402877d08ee84d016ef8e86d3033bf6da0948f6e6bd2defce32338,60.16762,24.95415,000000006b44cce7,16.1
57,2019-08-01T09:07:00Z,1271bcd33c0056265a5bdf6df4092a3c9e2209abee80570cb172031b,60.16897,24.95222,00000000aa852af1,12.69
58,2019-08-01T09:07:00Z,13a759fd293cbde0d55db753d853768b718e59036c4007d2e3a8757a,60.16762,24.95415,000000006b44cce7,21.87
59,2019-08-01T09:07:00Z,141ffc858c3ea6a2e69c954115114304736a35dc25ec947323090dc0,60.16762,24.95415,000000006b44cce7,4.94
60,2019-08-01T09:07:00Z,14b431f72fc7a1705dec55f60900c3104cc3eab2bed0b01ad6745910,60.173,24.92524,0000000096918cfa,14.89
61,2019-08-01T09:07:00Z,1564db6ab71666bfe0865d19fd134f7018f49bc12ff1969853697784,60.16531,24.9442,00000000fdda10fe,14.89
62,2019-08-01T09:07:00Z,15d44e3701c6d8bf36e7f5fbae7b4e1761df453b1553c6c374ba8cac,60.17919,24.95181,000000007b5207b6,10.78
63,2019-08-01T09:07:00Z,164d8280dbb888033f64368dd641bcef597fc327148fcf74374894c5,60.16544,24.95398,0000000038d83d41,21.87
64,2019-08-01T09:07:00Z,16e18d478be872d2a9801fa885d08edeb3f5ae1840b38478f9baf535,60.17918,24.95141,00000000675d5200,11.7
65,2019-08-01T09:07:00Z,17c92524124a1f62a646879b96a4a535c0236d86d9cddf62ea4d5288,60.1538,24.95595,0000000038bf9618,25.36
66,2019-08-01T09:07:00Z,190cdde22bc3e3a41cd0f9da7efb3a917bc09e8034b05ca6064ea8a8,60.17918,24.95141,00000000675d5200,20.28
67,2019-08-01T09:07:00Z,1ad9bdffafbbf8933ab6b3b695988ad31df32a874eddbf84de369e78,60.16448,24.97323,0000000053c6c2be,20.28
68,2019-08-01T09:07:00Z,1b68a6bcf7b740e0c437e0976d4900f31368afcb2c757bba30e0a249,60.16829,24.94214,00000000afef4555,4.11
69,2019-08-01T09:07:00Z,1d3e776f5c2d0514afd5e1fdcfda632877b1f59274c7293182e7c9ad,60.16762,24.95415,000000006b44cce7,17.4
70,2019-08-01T09:07:00Z,1da40c618e0432bb037d08723b65821f6223509e8b4033a4b4190047,60.17065,24.93641,000000000f4919c9,21.87
71,2019-08-01T09:07:00Z,1dbecade1f3540eb44c3d86cb1ffc73d5bf422ea0cf76927c2d5cd74,60.16829,24.94214,00000000afef4555,23.56
72,2019-08-01T09:07:00Z,1dcff36b6f83b08b6ea87c1c1018c542c270299839908ca446dffb39,60.16762,24.95415,000000006b44cce7,11.7
73,2019-08-01T09:07:00Z,1e3044c19f6913531b6dd4bccb88ad02c1b39192513ccffa05444edb,60.1538,24.95595,0000000038bf9618,29.32
74,2019-08-01T09:07:00Z,1e3af5697f0a2ae45f261da79e4ba71c868dc4d78008bd1995fe6259,60.16448,24.97323,0000000053c6c2be,21.87
75,2019-08-01T09:07:00Z,1e6029f749dce72746f03dcc61a1986b14438610b7ff6a19c8165e6f,60.16829,24.94214,00000000afef4555,25.36
76,2019-08-01T09:07:00Z,1ecbc7c6afe89033252e5510cbb893666af2b3bc29f555a3a6287fdb,60.14951,24.92138,0000000006dd41f6,3.4
77,2019-08-01T09:07:00Z,1f813dc10021899138c12ca17c58ab3dc24db1750dcb1790f9c20e8f,60.15133,24.92329,00000000e8a064a4,13.75
78,2019-08-01T09:07:00Z,25479245e5a8b0fe47e2bd590cdd63256d84afd6c164781dc64e527d,60.149,24.9843,00000000fffb8cf0,4.94
79,2019-08-01T09:07:00Z,277fcf3cc917a89b46a34e0cf5164a78f5bcc88d92bb45ded60f1a91,60.17065,24.93641,000000000f4919c9,14.89
80,2019-08-01T09:07:00Z,27b591b33a56a542440b53031a24f42290b0ec1a194af27700b75a3a,60.17918,24.95141,00000000675d5200,16.1
81,2019-08-01T09:07:00Z,2823bf6afde4a5cc05342c15e7417c9590ba52264be5793bb688faab,60.17065,24.93641,000000000f4919c9,17.4
82,2019-08-01T09:07:00Z,28296ae2b460df2f6807f8a84b81e5ebd24677a05bded29111dc33a4,60.17002,24.94407,000000006b087f40,20.28
83,2019-08-01T09:07:00Z,28ce50ca84cdcd4c17a36ac666e7ac0267b6ab5b77f4bfb08b2573a1,60.16762,24.95415,000000006b44cce7,2.54
84,2019-08-01T09:07:00Z,28d50861d92f962c7a49eabaa524431aebf52870e44b79f77d7167c6,60.17918,24.95141,00000000675d5200,8.38
85,2019-08-01T09:07:00Z,28f1b5463ae8d5cf8ebcf90e05258b85a05413941998844a0118d5a0,60.16897,24.95222,00000000aa852af1,20.28
86,2019-08-01T09:07:00Z,29ae3c5c3aeac0c607bc816f7e74c232a40142b79a52c43c7b1ed42f,60.16829,24.94214,00000000afef4555,5.41
87,2019-08-01T09:07:00Z,2acb10e8d2001852ed5509e35d5d2db4dd0ad524df43f50896b7ec04,60.16629,24.95957,00000000fb7600be,27.28
88,2019-08-01T09:07:00Z,2afa9ac588b2c55e8edf99ee96ecaf63451a7ab1e51571b7e2d1d491,60.16762,24.95415,000000006b44cce7,5.41
89,2019-08-01T09:07:00Z,2be2957112e0824e955160fe86ccd1a4e8fd9284f249ccef04e4f3f0,60.16762,24.95415,000000006b44cce7,16.1
90,2019-08-01T09:07:00Z,2c1dcbe1930bbd0596b8dea9e2abc4e49a10db5a1fbd25f103aaf5a4,60.16762,24.95415,000000006b44cce7,11.7
91,2019-08-01T09:07:00Z,2c6810efb2565383ca0a554f3c51f3f7905484357f5e00756dbf091a,60.17918,24.95141,00000000675d5200,2.8
92,2019-08-01T09:07:00Z,2cd1630b209fe260a2b08554ebbf46b801e6390566ac1d78e6514b11,60.16531,24.9442,00000000fdda10fe,13.75
93,2019-08-01T09:07:00Z,2ce60a208e01e24def4575b3644a29b3883aa0e76ae2294afe3978ca,60.1538,24.95595,0000000038bf9618,14.89
94,2019-08-01T09:07:00Z,2ea9a23b1a04016fb4810d1ceb5731d90774224fd9235877005a4e1c,60.16897,24.95222,00000000aa852af1,18.79
95,2019-08-01T09:07:00Z,2f43b7a683b0d365a46b6259a032813c293472eaedcdbcc3507adee5,60.17918,24.95141,00000000675d5200,1.88
96,2019-08-01T09:07:00Z,2f79108a454c0072885ad1447280ed5098d061b229eaae61a8bb67be,60.15432,24.9211,0000000019fb59c4,21.87
97,2019-08-01T09:07:00Z,2f82b3546af2df53b58cddc668c9aa196554108cdf39120ea40b417c,60.16629,24.95957,00000000fb7600be,5.41
98,2019-08-01T09:07:00Z,2fb39eae730ec6f291700f841a64aaf680d52a8346399aec6ccb1dbb,60.17065,24.93641,000000000f4919c9,17.4
99,2019-08-01T09:07:00Z,2ff189e5846383641192cafb595a7a8f77394239ee03aabd1bf3c49f,60.16829,24.94214,00000000afef4555,9.92
100,2019-08-01T09:07:00Z,3227dbecd3a095676006e4ad615dc2aea1f506c310c940230a15ac94,60.17918,24.95141,00000000675d5200,18.79
101,2019-08-01T09:07:00Z,3371cfaa0eed702110b1f5501d188c9e7424a2e018bb905af13896cc,60.16448,24.97323,0000000053c6c2be,25.36
102,2019-08-01T09:07:00Z,33fa4cb82db5b44ffe6e7ae1039635187f90d1df328f8f139da0c693,60.17918,24.95141,00000000675d5200,3.4
103,2019-08-01T09:07:00Z,3480c16a6649952c388d8902596e332f018e609b9585f483353ae026,60.17065,24.93641,000000000f4919c9,2.3
104,2019-08-01T09:07:00Z,34aa4c3c2f71b736426f6819c09b12c961bc996110fe1fa7c9772c5d,60.15432,24.9211,0000000019fb59c4,11.7
105,2019-08-01T09:07:00Z,34e96c7caa63e7ede8f428b18e8fb556ac235d61a50c9d6ac7ff268f,60.17918,24.95141,00000000675d5200,9.92
106,2019-08-01T09:07:00Z,367b1989198ef11170dd9fcfa7e6ebb5ceb58aab87c613ee1bb86e8c,60.16531,24.9442,00000000fdda10fe,8.38
107,2019-08-01T09:07:00Z,36fe97cd2ec69118778c771a87593630f8a6a2cb77d9ce72f845cd3c,60.16762,24.95415,000000006b44cce7,7.05
108,2019-08-01T09:07:00Z,370882c7ec048e35e0f86f51c2eb24406892ada86d40dda2278b2f13,60.16544,24.95398,0000000038d83d41,23.56
109,2019-08-01T09:07:00Z,38190c2dce75fa123a6f809785373b382763836876c926c5a78c1939,60.16544,24.95398,0000000038d83d41,25.36
110,2019-08-01T09:07:00Z,39c6456ee66fe96eee3d97cee2a70923cedb3da760bb5d4d413adb9c,60.17918,24.95141,00000000675d5200,1.88
111,2019-08-01T09:07:00Z,39e9fa7033887b7ab339887aa68753ff94d4771cda2bb8ff4ea7aa0a,60.17918,24.95141,00000000675d5200,12.69
112,2019-08-01T09:07:00Z,3a253f272d2781dc2001addfbddcac5f3dbf18610988531707b80b60,60.16829,24.94214,00000000afef4555,0.41
113,2019-08-01T09:07:00Z,3a40ef839ab39dbb6eef8f00b0de30062b8cc56391e3303f762004a3,60.16762,24.95415,000000006b44cce7,29.32
114,2019-08-01T09:07:00Z,3a7b4023cee4b0d567a123a3d6aff0bc8f94663522bbdf0ea4306607,60.149,24.9843,00000000fffb8cf0,6.46
115,2019-08-01T09:07:00Z,3a97ae4dcab31eb5e15e5d036d286e9764e25bcf0ad8afcfba854c90,60.16762,24.95415,000000006b44cce7,9.92
116,2019-08-01T09:07:00Z,3b668254c5b51de3e9aff861091c76a5e275ac5f20953174a90b82a2,60.17065,24.93641,000000000f4919c9,31.5
117,2019-08-01T09:07:00Z,3be40c84926a525adbd09eeeb3a12b73b24c633942b2e1fbe8151ac3,60.16448,24.97323,0000000053c6c2be,16.1
118,2019-08-01T09:07:00Z,3d0437a1d090cd3cad05629e69a61c519aa6218e1b7fb47811e5a4ae,60.16762,24.95415,000000006b44cce7,13.75
119,2019-08-01T09:07:00Z,3e38f81e326b0b05865281c970ada8f17e15292f3591242542bfb73e,60.16531,24.9442,00000000fdda10fe,21.87
120,2019-08-01T09:07:00Z,3eea43670f4f29a90ced59c1af122371340275fb61ff8f14c7120658,60.16762,24.95415,000000006b44cce7,5.41
121,2019-08-01T09:07:00Z,41a0ca2955e0ae0324f6e14aeb77ebfaac5305e31d86c42a20277b94,60.15133,24.92329,00000000e8a064a4,29.32
122,2019-08-01T09:07:00Z,41f455676c61a2d8e1658c60afd7984613a3bc84daac78079c0d8b0c,60.16829,24.94214,00000000afef4555,2.3
123,2019-08-01T09:07:00Z,42844e90c7134ebb3ec325f57cd27cd24711c779548ebc8692a820d5,60.14951,24.92138,0000000006dd41f6,3.4
124,2019-08-01T09:07:00Z,432417b4972b744ded3410777a6bbb583cf56172bf3436ddbe48a21d,60.16762,24.95415,000000006b44cce7,7.05
125,2019-08-01T09:07:00Z,4393fccdbc9fb22fab14f03ea52183ad558bcd436202e69f56a7b77a,60.16762,24.95415,000000006b44cce7,10.78
126,2019-08-01T09:07:00Z,43e9254771574c896a911bf0345887fcd1d6d846dc0ac2d2146b2e71,60.17065,24.93641,000000000f4919c9,29.32
127,2019-08-01T09:07:00Z,43fcac86bd0651c7d3db16c1425bef23f63ec62ffef8d5c4ba8f5dae,60.16629,24.95957,00000000fb7600be,21.87
128,2019-08-01T09:07:00Z,4642dfa1df839f11e64f68bca4e3dce7bde2ff6dd68c54959fcb4788,60.17918,24.95141,00000000675d5200,7.05
129,2019-08-01T09:07:00Z,4682d95464cedcc021f38271a51bab9c000762b4acf802070e259ba2,60.16629,24.95957,00000000fb7600be,9.12
130,2019-08-01T09:07:00Z,47bd1492244c444d45674eb48dd2e6f222cb109d820ba807c4e18c1a,60.16629,24.95957,00000000fb7600be,4.94
131,2019-08-01T09:07:00Z,48004849b2f48b2314aa9175433d754db1641b949bb8cf050e2dd128,60.17918,24.95141,00000000675d5200,4.11
132,2019-08-01T09:07:00Z,484bbaa5a9d6bdd2259f022b6ea4e3c290985c13a1286bd7142d878f,60.16762,24.95415,000000006b44cce7,2.8
133,2019-08-01T09:07:00Z,497d535ffc7af13ad6527c1139af3451abb3584a2490e3c470f73f9d,60.16762,24.95415,000000006b44cce7,17.4
134,2019-08-01T09:07:00Z,49bbad87e4d6cd03bdb073bde7be91193d74d29943badce7fc536916,60.16448,24.97323,0000000053c6c2be,5.41
135,2019-08-01T09:07:00Z,49df780a7f20a99ad2810fa4bbb46b5fac9bc5cbe3fc800cd572f63a,60.14947,24.91438,000000004ef3150d,13.75
136,2019-08-01T09:07:00Z,4ba529eeafb27285cbbade6e5ece0d4d04bd2d13c98b27a5d17abd22,60.16897,24.95222,00000000aa852af1,3.09
137,2019-08-01T09:07:00Z,4e5e16adfd317b7f9617f681099821bae42d6f0dca51dfd0957c65b4,60.16762,24.95415,000000006b44cce7,10.78
138,2019-08-01T09:07:00Z,4f609afde0ba5cb017ba3c549bdd11ff322a2e0227a0f11a9d112220,60.16762,24.95415,000000006b44cce7,16.1
139,2019-08-01T09:07:00Z,4f9125edf503fe3cb0ba1e1221fe6a67aafd99fcd89fd92d2bf20e97,60.16897,24.95222,00000000aa852af1,29.32
140,2019-08-01T09:07:00Z,4fb4a3650a2a28469dde9c537458d24411aa6075666e047dd756fba9,60.17919,24.95181,000000007b5207b6,12.69
141,2019-08-01T09:07:00Z,5001aabb6808b9fd96b705d1ebe8e7aca52713c2640100d81879dd86,60.17918,24.95141,00000000675d5200,7.69
142,2019-08-01T09:07:00Z,518381021c83c138e4a82160bc6cc947b3866647e3c5d6818bdd63bb,60.17002,24.94407,000000006b087f40,9.92
143,2019-08-01T09:07:00Z,5372348389197e6c4bc4c5e3dab047e7384d562220e6295904bbda1b,60.17065,24.93641,000000000f4919c9,3.4
144,2019-08-01T09:07:00Z,54b89ed12e25892c9160e029a0379d61425b88db1aa30b06f9ea2d8b,60.17002,24.94407,000000006b087f40,18.79
145,2019-08-01T09:07:00Z,54bd709173219e8017f317b63ecc83d0a48f64542e6fa1b83c86a56c,60.17918,24.95141,00000000675d5200,12.69
146,2019-08-01T09:07:00Z,556cae6b2e2dec6fe691a835e8e08bd016b1a65797c0aca46879329f,60.17919,24.95181,000000007b5207b6,8.38
147,2019-08-01T09:07:00Z,559429bba23762a872fc7b1e2219d42125ab101e4355d43fdb94ed7b,60.17918,24.95141,00000000675d5200,9.92
148,2019-08-01T09:07:00Z,559e6a5225ce35ab844c63ea0d0c1695dc490a3d9cfbafa5d35ac8d8,60.14947,24.91438,000000004ef3150d,13.75
149,2019-08-01T09:07:00Z,584cb0b0cdd14e608c8b57c8aecc9826f9b40027e365e2438a444ea2,60.16762,24.95415,000000006b44cce7,10.78
150,2019-08-01T09:07:00Z,5865a27b5b56a60bca38e4a1403655e3e7fd0232a3ff2079965aff81,60.15432,24.9211,0000000019fb59c4,13.75
151,2019-08-01T09:07:00Z,5978726eeef638856dafd3a8d199287f8daf9e90ddde750b402f8bb0,60.17065,24.93641,000000000f4919c9,0.41
152,2019-08-01T09:07:00Z,5a3004325b5a058e02fb9f32ef4f7e9cc465240cbda7a7e4ec89d2de,60.16629,24.95957,00000000fb7600be,21.87
153,2019-08-01T09:07:00Z,5a34b02faac3189217466888ef1d31cc80f721ac2f18638c5db88d53,60.14947,24.91438,000000004ef3150d,14.89
154,2019-08-01T09:07:00Z,5a8d671a78b976d212d9746d88b9a754a2d9c8341c529e88b7c6b8f4,60.17065,24.93641,000000000f4919c9,14.89
155,2019-08-01T09:07:00Z,5ab676deb1fe6bf4cf870d8a799383772172d4811ef4db40def30ef7,60.1538,24.95595,0000000038bf9618,18.79
156,2019-08-01T09:07:00Z,5abbc374c476b2780a817d778a7b19406b91f074eb187983199b0199,60.16448,24.97323,0000000053c6c2be,25.36
157,2019-08-01T09:07:00Z,5b06617477af6dcee75a94ac347364b50f6f3b5b7d747e5413d9ad58,60.14947,24.91438,000000004ef3150d,7.69
158,2019-08-01T09:07:00Z,5b20d7758d3b4bce0219ef80bf4b4a2cb4f81a85235b4e223bd83134,60.16829,24.94214,00000000afef4555,29.32
159,2019-08-01T09:07:00Z,5b24733f1e45af711e2eebfb97b6b1467ca5cf1f466e6c8add4f7935,60.16762,24.95415,000000006b44cce7,6.46
160,2019-08-01T09:07:00Z,5c1f71098d5d7258d2971061c791c94e0138c8e02225c5f60d6a0428,60.149,24.9843,00000000fffb8cf0,18.79
161,2019-08-01T09:07:00Z,5e2c5c20c88ccf362ed8749d1ddc041b1cb1c38d8dbeac7870179322,60.16629,24.95957,00000000fb7600be,13.75
162,2019-08-01T09:07:00Z,5fc05003fd8a602560d35fcb2e7c8c80c140565226badc27ab869125,60.16448,24.97323,0000000053c6c2be,18.79
163,2019-08-01T09:07:00Z,5fc2fafdb6649a869ffd226bfe99095b50996797c20447b63333997d,60.15133,24.92329,00000000e8a064a4,9.12
164,2019-08-01T09:07:00Z,626bf35ce16dba1054cfd175d09475d3ee751bf70e56f984ff5c7ab6,60.15133,24.92329,00000000e8a064a4,21.87
165,2019-08-01T09:07:00Z,63ff2439779051005c18876d20ed53ce060c1de9d7976821bd518fc6,60.15432,24.9211,0000000019fb59c4,9.12
166,2019-08-01T09:07:00Z,640b04813b3974a511588fd657dfa190ceade55bb5444b03a494f94c,60.17919,24.95181,000000007b5207b6,27.28
167,2019-08-01T09:07:00Z,6470ee836399c5610581ec9de09772d350282ecc4c5c57fa02a5ec68,60.16075,24.95883,00000000f1124bca,44.58
168,2019-08-01T09:07:00Z,655e678c636f14bb2579578b37f8834c64f8e1089579b866cb6e461e,60.16075,24.95883,00000000f1124bca,33.81
169,2019-08-01T09:07:00Z,65b6b62b547e11e10f7f83ad497446bee2bb9653097d9d62e9b1b817,60.17065,24.93641,000000000f4919c9,5.41
170,2019-08-01T09:07:00Z,66ff53281ba2609d80dba728a2d1deea5bac68d20e2b69802d50b924,60.15432,24.9211,0000000019fb59c4,18.79
171,2019-08-01T09:07:00Z,674355e17da9460e58566497be518f2eb537880c67c788fedb5067db,60.16629,24.95957,00000000fb7600be,7.69
172,2019-08-01T09:07:00Z,67cf7d2881080aa59ed36a6d88ea1946d17e9d1d5e1ad9eee1851969,60.18203,24.91341,00000000342570c2,12.69
173,2019-08-01T09:07:00Z,684e7a868866e631c134ab5bd21b6ba738f6ebc6d5b5c169e366c6ee,60.16897,24.95222,00000000aa852af1,6.46
174,2019-08-01T09:07:00Z,685af6b01bd180194d718801bb8b9c9de22050cc392d6c6441fe986b,60.18203,24.91341,00000000342570c2,14.89
175,2019-08-01T09:07:00Z,69e2854c78a472b462941ef730aa9fa7a9dba9c1cc22996396d4c78a,60.17918,24.95141,00000000675d5200,6.46
176,2019-08-01T09:07:00Z,6adce4d05e58232a97635a2fd7918e4e49d9295afc0989d727f9c712,60.17002,24.94407,000000006b087f40,9.12
177,2019-08-01T09:07:00Z,6b1470ba4a0c39b3c73624a301dfd10eeec91f5f7e1c0311b8932de0,60.16897,24.95222,00000000aa852af1,25.36
178,2019-08-01T09:07:00Z,6bd8f29dd69224345723669424cf7a61a7315a6f812ef43e5a7a44da,60.16762,24.95415,000000006b44cce7,23.56
179,2019-08-01T09:07:00Z,6d94a134d3b5f52416c91453c67615e480218e6db3a6004b1ba8a79e,60.16829,24.94214,00000000afef4555,29.32
180,2019-08-01T09:07:00Z,6dd5463e670c352180c1e912300e21e59f5e2976266df8c3c92b0baf,60.16829,24.94214,00000000afef4555,16.1
181,2019-08-01T09:07:00Z,6e80fcea10d21e1d5e672b554c0f3fe686dc58934f38c3391fd5c262,60.17002,24.94407,000000006b087f40,25.36
182,2019-08-01T09:07:00Z,6f616e6334d0ed70e5ea15408a51e9daf643369911d94d76830a7d65,60.16544,24.95398,0000000038d83d41,23.56
183,2019-08-01T09:07:00Z,7003a7f6a5523b645634f014e04bea36016953a8af9324e35602bc2e,60.14947,24.91438,000000004ef3150d,25.36
184,2019-08-01T09:07:00Z,704c3f3075f13713c363014fa828e4a932e7a05676813b9963a1e554,60.17918,24.95141,00000000675d5200,7.69
185,2019-08-01T09:07:00Z,70d391038ec56b63a3737605c2c1db6ffbdca8e4490691776dc993f1,60.16829,24.94214,00000000afef4555,13.75
186,2019-08-01T09:07:00Z,7176ddd6f2dc9be71319e3a2ea67061af7b5277adc890f23882c0afd,60.16829,24.94214,00000000afef4555,18.79
187,2019-08-01T09:07:00Z,71b01bb8b8e877dc9ca40e756f441571d12ee3311a945417e8aaa116,60.16762,24.95415,000000006b44cce7,4.94
188,2019-08-01T09:07:00Z,72439a1f997fd347d46394f31f5789edc877fe61ca34fcd31f9150b1,60.18203,24.91341,00000000342570c2,20.28
189,2019-08-01T09:07:00Z,7292a4a47ed655e0ce0ead026bb0ae4b8093342f87a9aed5665c1456,60.16762,24.95415,000000006b44cce7,14.89
190,2019-08-01T09:07:00Z,72f088587da3409c5a4bec360a52a230a7551c3671441baaaabc6357,60.16829,24.94214,00000000afef4555,16.1
191,2019-08-01T09:07:00Z,74cb545f76f0bfc5498607247e26e814276a11ce91f77208054ecbc5,60.17002,24.94407,000000006b087f40,17.4
192,2019-08-01T09:07:00Z,750297d0d8ff0ca837d9c2289c26302d62f38708617150431ab14509,60.16531,24.9442,00000000fdda10fe,20.28
193,2019-08-01T09:07:00Z,76c2f7b3773d4bebd4dabada1c2b98fe4ea9762e9c98b4a6371d7746,60.16762,24.95415,000000006b44cce7,9.12
194,2019-08-01T09:07:00Z,7700297fec4982ad776529835e2ab46d4e5cbc889e26f368c19efeef,60.16829,24.94214,00000000afef4555,2.8
195,2019-08-01T09:07:00Z,774131d73accbbb31ec3c43c3501b7969645eb65df1839ca8116526e,60.15432,24.9211,0000000019fb59c4,12.69
196,2019-08-01T09:07:00Z,7803e2d46157a5482e745447d4c2c332fbd818d87a20b0f6187c628d,60.17065,24.93641,000000000f4919c9,38.87
197,2019-08-01T09:07:00Z,7a2b35da2d6119549eacb416bea033d3d3eb6cbe4d4ff47c50c1fea1,60.16762,24.95415,000000006b44cce7,12.69
198,2019-08-01T09:07:00Z,7c1534082e86ff4387878d813207626d8f728aa26b97248e00a3b8d7,60.16629,24.95957,00000000fb7600be,14.89
199,2019-08-01T09:07:00Z,7cd51189de07d01882cf0a9346f0830a9b21764875334d45e143fbd5,60.17002,24.94407,000000006b087f40,17.4
200,2019-08-01T09:07:00Z,7d415f4fd9093fb383b4ebb88961ad74e6a00d3ece39504712dad639,60.17918,24.95141,00000000675d5200,10.78
201,2019-08-01T09:07:00Z,7e2e3d07c939e3e76e7ce87678faf64e056afe54215e00488839100f,60.14947,24.91438,000000004ef3150d,16.1
202,2019-08-01T09:07:00Z,7eb4a715919b3eb4085270535ce4d7b57112591ad7242eb189bf652a,60.17065,24.93641,000000000f4919c9,10.78
203,2019-08-01T09:07:00Z,7eee93799a4b0a73081b5997eaba4036febdfde0bb766caf4de4b5a2,60.16829,24.94214,00000000afef4555,3.09
204,2019-08-01T09:07:00Z,7efa1cf3118062946e8958e89ffe767322a7bbf0d35d9d76b711e3b5,60.16762,24.95415,000000006b44cce7,17.4
205,2019-08-01T09:07:00Z,7f59aaecea1eee6c703ec5d46d67b44289ddedf080defee495b73739,60.14947,24.91438,000000004ef3150d,12.69
206,2019-08-01T09:07:00Z,7faf8705e89a761625aaed50b89538581e25d5950ec8f051d36ed829,60.14947,24.91438,000000004ef3150d,21.87
207,2019-08-01T09:07:00Z,809bf2d7a0745ae512b934a578fd5fd47c13c5398b6d06ad350b9e7c,60.14947,24.91438,000000004ef3150d,16.1
208,2019-08-01T09:07:00Z,814fca075a588ae71c130bafc9384a1c17e7bd8168994ae6fca55205,60.16829,24.94214,00000000afef4555,14.89
209,2019-08-01T09:07:00Z,828afe5ee1f94b9afbfd61b9673b7c8b21457d11dafb1d2ad98dbd23,60.149,24.9843,00000000fffb8cf0,18.79
210,2019-08-01T09:07:00Z,82bab0a1bfd11576cf62159546b756e1da44125c76909e270ced391b,60.16897,24.95222,00000000aa852af1,36.27
211,2019-08-01T09:07:00Z,8524898e498c83bde4bc1848aa2b372da84e7b2266f36aabe128cc27,60.17919,24.95181,000000007b5207b6,14.89
212,2019-08-01T09:07:00Z,85bdce5b262dbd94adcff03e6cad26a1152828b6ab27e6fdd56b2b13,60.16762,24.95415,000000006b44cce7,3.4
213,2019-08-01T09:07:00Z,86839071a7697e8c77487e826cd46d42219ca2556e3cd0bab0c139ff,60.16829,24.94214,00000000afef4555,25.36
214,2019-08-01T09:07:00Z,86b066ea755e9fd56188a608365c78bc7873db821770bdcfc83ed149,60.16762,24.95415,000000006b44cce7,9.12
215,2019-08-01T09:07:00Z,86e7584bf95733cef59d74bb4955881e99dc86b73a0d5b4e3ef58b50,60.18203,24.91341,00000000342570c2,27.28
216,2019-08-01T09:07:00Z,87f1cc4c4a9de1ab81fe39cf7fde6cf0d4778e690f1665b62231ce46,60.149,24.9843,00000000fffb8cf0,29.32
217,2019-08-01T09:07:00Z,880f9cbb91b9caf48ea9c5dd1a0c8e1db72922b6dfcb647b102fc469,60.16629,24.95957,00000000fb7600be,7.69
218,2019-08-01T09:07:00Z,88c2bc6310f27465b9f08b28fb52075d7703ce7b097e5beb37c7437c,60.14947,24.91438,000000004ef3150d,16.1
219,2019-08-01T09:07:00Z,893080d82bb28aa3ab91e41ddd4569086c8135ade7be10aa644fca95,60.17065,24.93641,000000000f4919c9,23.56
220,2019-08-01T09:07:00Z,898cde3317c73907bb23b1b885828c4bf3187c3a757a18dc32abe970,60.16762,24.95415,000000006b44cce7,4.11
221,2019-08-01T09:07:00Z,8a70673a694137689441a8a18cff0044d959d5d1991c92c7b5fb8f0c,60.16829,24.94214,00000000afef4555,4.11
222,2019-08-01T09:07:00Z,8c571538c285dba9d77edacfb1829b282d54b772b62209c6e4004237,60.17918,24.95141,00000000675d5200,1.01
223,2019-08-01T09:07:00Z,8d5e893f77b3d167ebefad4ecab181fea08513599a6f9450f0b9a827,60.17919,24.95181,000000007b5207b6,12.69
224,2019-08-01T09:07:00Z,8e20d0d67339e3cf43e77c3a340d9dc6766de8d079197a08a1343ff0,60.17065,24.93641,000000000f4919c9,17.4
225,2019-08-01T09:07:00Z,8ff363623484e942b5555694468900717744f957e1a6221903490bac,60.16762,24.95415,000000006b44cce7,20.28
226,2019-08-01T09:07:00Z,90a44cbd1a957cc59a6986cff9b6b7b8e151d379e17da645069428b8,60.173,24.92524,0000000096918cfa,25.36
227,2019-08-01T09:07:00Z,941e13893853105c86bfbc6d31d62274937602143ce3bb530c8c17ed,60.17919,24.95181,000000007b5207b6,3.74
228,2019-08-01T09:07:00Z,94a511f0495a2cff2df26ded8f6da40e7a15287287ccf3125b5affd1,60.16897,24.95222,00000000aa852af1,25.36
229,2019-08-01T09:07:00Z,9abbc86fb0fc1c0532042814af76a97e6a17121831d4394749a290a6,60.16762,24.95415,000000006b44cce7,12.69
230,2019-08-01T09:07:00Z,9b3e6848d8b34e802134d6da0e5a594897ec3fafbbf08b6d0b84068e,60.17918,24.95141,00000000675d5200,4.94
231,2019-08-01T09:07:00Z,9bef8b28ea93ecaee57d05b037edbfe7f80014aaf56343345fedd7be,60.17919,24.95181,000000007b5207b6,5.91
232,2019-08-01T09:07:00Z,9c3468620f03e8cd338f2e12c4d2839479aae001db527fb45cba43a6,60.149,24.9843,00000000fffb8cf0,29.32
233,2019-08-01T09:07:00Z,9ce214896068957a21bc57af08680d84debbd091b49ad5e6402c4cc8,60.16629,24.95957,00000000fb7600be,17.4
234,2019-08-01T09:07:00Z,9e343a150f07bb3dcce5ecab8ac061b84d65b347b1af5a232e00eeb6,60.16829,24.94214,00000000afef4555,5.41
235,2019-08-01T09:07:00Z,9eee6d740f1d483c484d02f0995f35550c09e6a8cf01f02680db5efc,60.16448,24.97323,0000000053c6c2be,27.28
236,2019-08-01T09:07:00Z,9fa57cff946eb6b758bd810321b0bb80d6f0c46ca5fb40b0ec22ca0d,60.16762,24.95415,000000006b44cce7,20.28
237,2019-08-01T09:07:00Z,9fe150ec915809e658e73e8d7076541dd0ae11c3374241f41adbb90b,60.16629,24.95957,00000000fb7600be,20.28
238,2019-08-01T09:07:00Z,a04214b56cac7d70680703ee6a28fac742f3c3190b55b46a79c1f76d,60.149,24.9843,00000000fffb8cf0,23.56
239,2019-08-01T09:07:00Z,a09607edc17117a3069b79434e751f93a2a00d0d6f9aceb043e32074,60.16762,24.95415,000000006b44cce7,5.91
240,2019-08-01T09:07:00Z,a2333053951d093ef490bcc3b9455fa0ed512421b5b597602785ab28,60.16531,24.9442,00000000fdda10fe,16.1
241,2019-08-01T09:07:00Z,a2c53a9ecb3dab08bc3bf70db35ea02e6f15cedb137ce7817751f27c,60.16829,24.94214,00000000afef4555,20.28
242,2019-08-01T09:07:00Z,a2e761fd97d8bdf78601300822b531e306b9ab7a1a43b6bfb07eba52,60.14947,24.91438,000000004ef3150d,10.78
243,2019-08-01T09:07:00Z,a38c11c450b472b9dad2f076e2d9a63651292d3de806331d06af7f46,60.16531,24.9442,00000000fdda10fe,18.79
244,2019-08-01T09:07:00Z,a3ae54eaf07e5288b3cc78d8eacd2492227776c9ff07691c995f0018,60.16897,24.95222,00000000aa852af1,25.36
245,2019-08-01T09:07:00Z,a403dc1eebc5d130e12a4c3e4298737c9e00b25b1b6b2cc36a6979c9,60.16629,24.95957,00000000fb7600be,9.12
246,2019-08-01T09:07:00Z,a47e8613674297dc49b26801b19d2110d009aaee57412f2127f3b093,60.16897,24.95222,00000000aa852af1,38.87
247,2019-08-01T09:07:00Z,a4b9f871dcc986c95f1e84fe203bb392ba0fe13164d89119bda2c94a,60.16762,24.95415,000000006b44cce7,3.09
248,2019-08-01T09:07:00Z,a6d010615b0732a971c180467cd17865327688c7e6c60628c3d452d3,60.16762,24.95415,000000006b44cce7,13.75
249,2019-08-01T09:07:00Z,a786eb3b8a25c58099a428799e99d0b86401f803ee38d3e5d20e59d3,60.15432,24.9211,0000000019fb59c4,6.46
250,2019-08-01T09:07:00Z,a808962cb511e5ed2d23e6e33efe252b1be29dc1d2f7c6154817f04f,60.16448,24.97323,0000000053c6c2be,20.28
251,2019-08-01T09:07:00Z,a83415babca8eac00f69a32371a230fdadda29bf40fd69f75cf2e8fb,60.17918,24.95141,00000000675d5200,17.4
252,2019-08-01T09:07:00Z,a8ca7fb815e707c04434a085c4f99e783d56372143afc92225eae622,60.15133,24.92329,00000000e8a064a4,20.28
253,2019-08-01T09:07:00Z,a982f65ed2c57aff3f744dba9f5e9ca929c81c14883516889898f207,60.16762,24.95415,000000006b44cce7,11.7
254,2019-08-01T09:07:00Z,a9ee2aabbd32919adf0325ca2f2c5f8e0ba801bc168e8756cda957da,60.16629,24.95957,00000000fb7600be,12.69
255,2019-08-01T09:07:00Z,ab615ee5bbf567aee3505fbb360d09fc6b851f93fb15aef778b57128,60.16531,24.9442,00000000fdda10fe,12.69
256,2019-08-01T09:07:00Z,abf0be93e7a8aec9fa8284fdbcc2493f32084aa95f15660b23e149c6,60.16629,24.95957,00000000fb7600be,16.1
257,2019-08-01T09:07:00Z,acbbe4765d72f36b0323407c7dbe43db7b4ad5e2da0a6a9e5966db0b,60.16897,24.95222,00000000aa852af1,20.28
258,2019-08-01T09:07:00Z,af67ffa8b538058603b74f48e04ab914e8f6cd450f53c47f8c3d683d,60.15432,24.9211,0000000019fb59c4,12.69
259,2019-08-01T09:07:00Z,afaed9946dbc1509500c6f80f87eed8fe44a74ba3e14328c6efe3971,60.16829,24.94214,00000000afef4555,10.78
260,2019-08-01T09:07:00Z,b09e9bb62cc49c085c1aee3b752af1bec69dabc939323e5733f73933,60.17065,24.93641,000000000f4919c9,18.79
261,2019-08-01T09:07:00Z,b25339bfcf356e1460eec7d6494ab8fa8fe2ee363afb6496ab1a1fb9,60.16829,24.94214,00000000afef4555,9.92
262,2019-08-01T09:07:00Z,b32e57a6f5865a23d7a0e9fa346d5ec4e975f99c4df815fe8b1449b2,60.17919,24.95181,000000007b5207b6,8.38
263,2019-08-01T09:07:00Z,b474e34db18d21635ec9ea2654513e6759c326f3aaec96c25f9a204e,60.16897,24.95222,00000000aa852af1,17.4
264,2019-08-01T09:07:00Z,b4ad2ae124ba06d650fd30de0b19851bff32daef16a95b7f1bb96a00,60.16897,24.95222,00000000aa852af1,38.87
265,2019-08-01T09:07:00Z,b50a45ac0708e7b5cca42f3458430eb22ff70a81c575bafe99ffda23,60.17002,24.94407,000000006b087f40,7.69
266,2019-08-01T09:07:00Z,b5603e758440226e490d1d7d7271a7b0d5c261eccbad198f81110136,60.15432,24.9211,0000000019fb59c4,3.09
267,2019-08-01T09:07:00Z,b6c43126ca83e916a68e57d0178060c24fc61305836b6c8f188f7285,60.17918,24.95141,00000000675d5200,5.41
268,2019-08-01T09:07:00Z,b6f0f4101a1a258dcb1d82d77ca91000694d4fed15bd882a8e3bfe66,60.149,24.9843,00000000fffb8cf0,16.1
269,2019-08-01T09:07:00Z,b7c3b37b32d534f6824ac8d99b4c79d0cb915cab104fdb745550ea22,60.16762,24.95415,000000006b44cce7,11.7
270,2019-08-01T09:07:00Z,b8fb70225ee0a2d655e2809da07a2f8cd2feb7295aa256f8b35fcf1e,60.16629,24.95957,00000000fb7600be,8.38
271,2019-08-01T09:07:00Z,bb2187a4e20012ad694c768ef2c47c9a9055671024ebf4855d4e6243,60.16531,24.9442,00000000fdda10fe,1.54
272,2019-08-01T09:07:00Z,bc436a99a8805080541bd9dc9743df4f0e34172e2c70b59f64c4260c,60.16762,24.95415,000000006b44cce7,7.05
273,2019-08-01T09:07:00Z,bc82f76c979de19b559e9e3aa0cd6cbf5ac361e2d7b1ac9f81fe2f4f,60.17918,24.95141,00000000675d5200,5.91
274,2019-08-01T09:07:00Z,be12d6aaccf354197284a8c92b960bd6a4e1705f7d948823e7891fde,60.16762,24.95415,000000006b44cce7,4.11
275,2019-08-01T09:07:00Z,bf546b1abc8eba5c7f399f527508a7304dea62586aa297896d71ea5c,60.18203,24.91341,00000000342570c2,17.4
276,2019-08-01T09:07:00Z,c15da9ed244b57a27a083919c67d0edde078a31b18cb58f13581f173,60.1538,24.95595,0000000038bf9618,23.56
277,2019-08-01T09:07:00Z,c1674c59c49d5bf74e6808239a91d18a04e47697d298bc61a7618af2,60.16448,24.97323,0000000053c6c2be,13.75
278,2019-08-01T09:07:00Z,c1bf1bf699e9bc78ca15c9490d1ef02e3323f0c2c76bf0fca7955a69,60.14947,24.91438,000000004ef3150d,13.75
279,2019-08-01T09:07:00Z,c3320c19d0343faf8c298070dd061465dd6b2e745170ca7a14b0b01f,60.1538,24.95595,0000000038bf9618,31.5
280,2019-08-01T09:07:00Z,c375f2dac85f963c33b2daf76ffb0c32d2c8fd08172419336e308686,60.14947,24.91438,000000004ef3150d,21.87
281,2019-08-01T09:07:00Z,c434f18b802a764aad7a2dfb46e93546acb1b0975cf9b93fd47363f6,60.15432,24.9211,0000000019fb59c4,9.92
282,2019-08-01T09:07:00Z,c65c11ee6e8b5894ead3ea9b007a39127edb65a67be253aca6f78ed0,60.16448,24.97323,0000000053c6c2be,23.56
283,2019-08-01T09:07:00Z,c6d34066a212d08ed92a2a2ac4ec1eeebbac7e6aea3ef939d15d0e35,60.1638,24.96846,00000000d747f075,21.87
284,2019-08-01T09:07:00Z,c8be2c26d4f0c9d399f32e84d95487a2644ffcb62681165be3d36a02,60.16762,24.95415,000000006b44cce7,9.92
285,2019-08-01T09:07:00Z,c8f27660c2e8302459f9f42a38f8c1a1d42cb2de7ac7fb8995a36ed4,60.17919,24.95181,000000007b5207b6,23.56
286,2019-08-01T09:07:00Z,c9ed2b3285b32321fb5fe458b9215ed21abc67263dabc3693aa23302,60.16829,24.94214,00000000afef4555,23.56
287,2019-08-01T09:07:00Z,ca7719c7cd8d4496b666f608fc07ba9930e362a0b2d96890b0778618,60.16629,24.95957,00000000fb7600be,10.78
288,2019-08-01T09:07:00Z,cccf3ba2a9d11b9330c18af8064a20aca9995473495bf119162a1619,60.16897,24.95222,00000000aa852af1,11.7
289,2019-08-01T09:07:00Z,cd24d4831d3c3e8dad5e555b47528aa6b11e307b2882be4f65dd4076,60.17002,24.94407,000000006b087f40,25.36
290,2019-08-01T09:07:00Z,cd36467a9e57a5646d6d8d587b8089c12074243a9ac10ee83b37fbac,60.16629,24.95957,00000000fb7600be,7.05
291,2019-08-01T09:07:00Z,cf3becaea135664fbc96426dfc7fc59f775667f15648d29541c80ece,60.16762,24.95415,000000006b44cce7,27.28
292,2019-08-01T09:07:00Z,cf823e18aa21de251222a9ab70c1b76b6218dea694752d56f6f84082,60.149,24.9843,00000000fffb8cf0,27.28
293,2019-08-01T09:07:00Z,cf9455daa4877b79636eca3ae57056b08dfc0b42f107cedb6f5a3f16,60.16829,24.94214,00000000afef4555,23.56
294,2019-08-01T09:07:00Z,d16e16def718519430296afa23976c226aaf720722bce3d92a2aad43,60.14947,24.91438,000000004ef3150d,27.28
295,2019-08-01T09:07:00Z,d2565986030ddea596554d64d126e84d618ce72222ab6888c3debf59,60.16448,24.97323,0000000053c6c2be,18.79
296,2019-08-01T09:07:00Z,d2855bda2ed1dcb45c32cfb9b2a65de4659f7b13089a2c4c812e3b17,60.16897,24.95222,00000000aa852af1,25.36
297,2019-08-01T09:07:00Z,d31d6921eee92503b486a1b30f5330581c4744a82e6549f375544846,60.17918,24.95141,00000000675d5200,17.4
298,2019-08-01T09:07:00Z,d562afdedae521be241c98441e436608a323fdb944dedc24c835e762,60.17065,24.93641,000000000f4919c9,7.69
299,2019-08-01T09:07:00Z,d653ef8368d33df4fc7edeb5a381d5826be1471f1470aa9744d47901,60.173,24.92524,0000000096918cfa,3.74
300,2019-08-01T09:07:00Z,d65b8625c1f24304ff0e3c4a4dce7aa5d434d36be87be41834a49420,60.16531,24.9442,00000000fdda10fe,4.94
301,2019-08-01T09:07:00Z,d6e217c6592e449e2390b1a874e08cbc9126116901dbdbf84501c6b8,60.17065,24.93641,000000000f4919c9,4.11
302,2019-08-01T09:07:00Z,d74ea3c9e0aaa523c791aa01f4f9a7c1c43f01f585dc4146b19edf83,60.17918,24.95141,00000000675d5200,7.05
303,2019-08-01T09:07:00Z,d7734ef0345fcffc0f4bd7579275af62987490aba012209832e92059,60.16629,24.95957,00000000fb7600be,17.4
304,2019-08-01T09:07:00Z,d81eea3c8bf927d879268dc01665b897d48eecc647bbf61f91f37a33,60.16544,24.95398,0000000038d83d41,31.5
305,2019-08-01T09:07:00Z,d87c4d5dc2cd620de54fdd076d4f9b35245053d65b644d9e01f558b5,60.16762,24.95415,000000006b44cce7,7.69
306,2019-08-01T09:07:00Z,d96f75e45e25f419ec5440ac7b974af6ecb23842b2dc149285d892d5,60.17002,24.94407,000000006b087f40,23.56
307,2019-08-01T09:07:00Z,da78c33b53b0b3a551adb83bc2953f20006ca37faff42dbdd687045c,60.17065,24.93641,000000000f4919c9,27.28
308,2019-08-01T09:07:00Z,dbedd81db3d59ee0c6948187e396a34e2fa5dd6670cf8d862bf5e1ff,60.16762,24.95415,000000006b44cce7,4.94
309,2019-08-01T09:07:00Z,dc786895c819070347a0a268463f0a8b15f5eec1647f016a9e78e9e0,60.1538,24.95595,0000000038bf9618,18.79
310,2019-08-01T09:07:00Z,deb8a213e1b4930e676ee8fdb394161ec46adb785171fa37437b4d44,60.15133,24.92329,00000000e8a064a4,11.7
311,2019-08-01T09:07:00Z,dfe80baf219bd267a459c954a8e3027b3f1ed29fea2a5355456d5652,60.16897,24.95222,00000000aa852af1,9.12
312,2019-08-01T09:07:00Z,e0fe7fe5854899c0eb42b75b300339808143419404558ed4d00b0f17,60.17918,24.95141,00000000675d5200,7.05
313,2019-08-01T09:07:00Z,e234769b1ce1634554f5fa4a290d11b2a30c3dfd009d4c39a2e9dd3d,60.17065,24.93641,000000000f4919c9,14.89
314,2019-08-01T09:07:00Z,e2bb0ae74deee6cbc4f50c5f85da3f1779ca1db1ae7ff48ab4b33dbc,60.17918,24.95141,00000000675d5200,0.5
315,2019-08-01T09:07:00Z,e2f8b065913423b6cd370ba12adba60bad68b6ff2a97fbcb1d1614bf,60.16897,24.95222,00000000aa852af1,18.79
316,2019-08-01T09:07:00Z,e3f844c56875bd572c3b57a835b884f1060b467d3bbd25c50dcc7e28,60.16762,24.95415,000000006b44cce7,9.12
317,2019-08-01T09:07:00Z,e468c11bcdbc0162d31669cecb2325baa4e017b65d71e67c81540358,60.16629,24.95957,00000000fb7600be,21.87
318,2019-08-01T09:07:00Z,e528235be3e5cc4945024d50d1ed43061e2e2f2845f2b41e081e1721,60.17918,24.95141,00000000675d5200,3.74
319,2019-08-01T09:07:00Z,e5cad8bb9a6c8dcc067948d7f869033aca5bdd062da175c8734092e6,60.17918,24.95141,00000000675d5200,27.28
320,2019-08-01T09:07:00Z,e8add7e8346b99cd4b67924113f3763441a1899897c6d1ac3a1a40a6,60.17918,24.95141,00000000675d5200,7.05
321,2019-08-01T09:07:00Z,e8ed8051f57ad9d9029a5e3b443c5e93e5059f8c487ba45e2583d35a,60.16829,24.94214,00000000afef4555,12.69
322,2019-08-01T09:07:00Z,e9275b4d525e0593374e00e9cf9885062a1699ecb3462c758a025ef1,60.16762,24.95415,000000006b44cce7,13.75
323,2019-08-01T09:07:00Z,e979a153601f7520f54d4733fe91f75f154c8f1c08dc3408dbba5345,60.15432,24.9211,0000000019fb59c4,8.38
324,2019-08-01T09:07:00Z,ea1b1a8ba1c01fdd1e098c585b133fc3d60f7c2458e7c2726e2df8ee,60.16629,24.95957,00000000fb7600be,16.1
325,2019-08-01T09:07:00Z,ea3f8412ed9c4d92448688dd9cc7ff9e3eeb5fe4373d0953bf0349c1,60.16531,24.9442,00000000fdda10fe,17.4
326,2019-08-01T09:07:00Z,ea94130fbb3464dc656765cfddbad802ddfafb1af8007cb5f42cd41f,60.16829,24.94214,00000000afef4555,10.78
