,time,hash,latitude,longitude,serial,distance
0,2019-08-04T10:15:00Z,09ddbf38333e76a79fd836112bd8c3f8bf7f3dadfb3d49945ad4c486,60.16897,24.95222,00000000aa852af1,3.74
1,2019-08-04T10:15:00Z,0d1e3c1315dee0c850c4c46bb2e3d31017d489147d91f3048ba029a1,60.17918,24.95141,00000000675d5200,21.87
2,2019-08-04T10:15:00Z,0dff5b5a302b947ca56ee9fe30601c3148979e164cac8bc128ab463d,60.16762,24.95415,000000006b44cce7,18.79
3,2019-08-04T10:15:00Z,14c7e1511b70f4dd3359cbece1377aebb4d70531f5489eefe53d7c3c,60.16544,24.95398,0000000038d83d41,29.32
4,2019-08-04T10:15:00Z,165ebbb4090d47319ae370f0d0854fdc1f6b79499f8b2e4d3c3533c0,60.16544,24.95398,0000000038d83d41,25.36
5,2019-08-04T10:15:00Z,25a7ff811c3c06e426c7c2cbb0433d9a2a3399b23afecbd35584ab0f,60.18203,24.91341,00000000342570c2,10.78
6,2019-08-04T10:15:00Z,5d65719c4cbf045f068d084b72302f447d5fd034413d97d13be00d0e,60.18203,24.91341,00000000342570c2,21.87
7,2019-08-04T10:15:00Z,66857a546cb34a46462521babe2244cce1c86b3ffe52260d4d6d6dde,60.16897,24.95222,00000000aa852af1,8.38
8,2019-08-04T10:15:00Z,69219e9efa41ae9e732653e9eaf08e1a34cb853a9dafe76ddeea4d04,60.16897,24.95222,00000000aa852af1,21.87
9,2019-08-04T10:15:00Z,6a70e2fbced719333e21eff04fcb9cb36bae9a04d1a3d6ddd96f2c58,60.15432,24.9211,0000000019fb59c4,5.41
10,2019-08-04T10:15:00Z,6f06341f358e61699fe1e55e986dd0554bc8da28b91daf0c5ad99db6,60.16629,24.95957,00000000fb7600be,23.56
11,2019-08-04T10:15:00Z,6fcdf6da80d7c1c91ea7825e8b9fef0f6eab7a3c78dc95a4cfd54d49,60.17919,24.95181,000000007b5207b6,12.69
12,2019-08-04T10:15:00Z,85ef35aecf2ff804be3d958b592705ec41c6df9c128c132c65bb283d,60.16897,24.95222,00000000aa852af1,23.56
13,2019-08-04T10:15:00Z,87dfaad29a9276ddddb1fa021d3bc23ad14824c1af16f7d87e713689,60.14951,24.92138,0000000006dd41f6,9.92
14,2019-08-04T10:15:00Z,88808fe92573e9cdf022cc15b9689b6b4b9429f60513c8897b0ba4c7,60.16897,24.95222,00000000aa852af1,14.89
15,2019-08-04T10:15:00Z,89982a6acf91b79a282a6b63978e946ee205f303fcd20e944e06baf0,60.16544,24.95398,0000000038d83d41,21.87
16,2019-08-04T10:15:00Z,8c75c3289c84fe4493e1e272a77b615fe1985880c5dc68a7c1a17b53,60.16762,24.95415,000000006b44cce7,11.7
17,2019-08-04T10:15:00Z,91d3b80de4439a4a49ddb8a04d72a0a2ec6c08f351d70232842af567,60.16762,24.95415,000000006b44cce7,21.87
18,2019-08-04T10:15:00Z,92a4351b20078e469332532ec495e838559c62590b166cce41762939,60.16897,24.95222,00000000aa852af1,16.1
19,2019-08-04T10:15:00Z,9843c6216661048343a0e49cf3d8aa2883cf77f452666a1c873a1052,60.16448,24.97323,0000000053c6c2be,12.69
20,2019-08-04T10:15:00Z,9fc0711d7e7722eff7faa0cb6f17846680c06515c1eb93dd49ebcf25,60.14699,24.922,00000000a53ed894,23.56
21,2019-08-04T10:15:00Z,a3a21ef15e1883941a7ed2eb6150357ae068aa4b0b6ce6ca0482ea3a,60.1538,24.95595,0000000038bf9618,41.64
22,2019-08-04T10:15:00Z,a91d379a4b57c5df22db0d7a041ff69f657b4b31f28554b1011fc03c,60.16544,24.95398,0000000038d83d41,33.81
23,2019-08-04T10:15:00Z,b5fd6b317890e5ab2d79e2cd1abe61626d45a753c7337d0d40728898,60.16762,24.95415,000000006b44cce7,9.12
24,2019-08-04T10:15:00Z,c40c37def6bf11a63a2556519a7c6233fd417cdeea2cf14f28e7c42c,60.16531,24.9442,00000000fdda10fe,17.4
25,2019-08-04T10:15:00Z,c49f49d87a7ff7f46b176fc4b337c9cefe1748666987fe58dd55683d,60.17918,24.95141,00000000675d5200,9.92
26,2019-08-04T10:15:00Z,c97eb4181394121907d47b908495f54e5ee5145ff790f7a1dc21b3cf,60.16897,24.95222,00000000aa852af1,13.75
27,2019-08-04T10:15:00Z,ca17f8a587743bac4b6209b88afc2977c95e65dccccdaa20fad55779,60.16762,24.95415,000000006b44cce7,0.84
28,2019-08-04T10:15:00Z,ca6927628f5ddda20036865c9345ad93d476d62ade3b181de568eed6,60.16897,24.95222,00000000aa852af1,21.87
29,2019-08-04T10:15:00Z,cf05623e4d87ce0906c0b0b7dbf53aacc1228016cd27c341228b6e76,60.18203,24.91341,00000000342570c2,29.32
30,2019-08-04T10:15:00Z,d55bcce90dc4393f344efb2210a8dc2190851ce78c47135cea1493c3,60.16829,24.94214,00000000afef4555,14.89
31,2019-08-04T10:15:00Z,e03cf2e6c802fb3105dcac7e259514f6f8ca8d2340cf63b080a01551,60.16762,24.95415,000000006b44cce7,14.89
32,2019-08-04T10:15:00Z,e8e366e76c97944e23c0f80b4fd3ce6e5832744922297146a49f0c7e,60.16762,24.95415,000000006b44cce7,11.7
33,2019-08-04T10:15:00Z,e96bd269a48b822b06141c3362fcb6d5ed4d0d09a120f2e4a712d5c2,60.16897,24.95222,00000000aa852af1,12.69
34,2019-08-04T10:15:00Z,f088630d7476dae7d4b7e2bb1f10575f2c89acb4b6e061f3d57c2b40,60.16531,24.9442,00000000fdda10fe,18.79
35,2019-08-04T10:15:00Z,fc4f3a44235f1cfc7b53f14ba2da599976a5a0a220d23b852688e485,60.17918,24.95141,00000000675d5200,29.32
36,2019-08-04T10:15:00Z,0046b16954277380c4623e39953aa54d9e200fe1ed0427db7826b783,60.16762,24.95415,000000006b44cce7,9.92
37,2019-08-04T10:15:00Z,00e8a9752c728d3104e5488d3a297fd9edcb973b4b2040bb32aff4a2,60.17002,24.94407,000000006b087f40,16.1
38,2019-08-04T10:15:00Z,01f1e5ab2781aee1ff4b1a69c65d8d6e21b576dabeccce4530527c93,60.16762,24.95415,000000006b44cce7,13.75
39,2019-08-04T10:15:00Z,0221bfa6e5f7e92feddd301870ea905e0592186a7aec3c1dc572c98c,60.14699,24.922,00000000a53ed894,11.7
40,2019-08-04T10:15:00Z,025a22ab185dab932309ff52f9688c4ddd94e4e1a6372294184a6271,60.17918,24.95141,00000000675d5200,11.7
41,2019-08-04T10:15:00Z,04ee5a66c72d4faafb0aaf5912810ce1e99f5fab406f79e93a2e9103,60.14699,24.922,00000000a53ed894,21.87
42,2019-08-04T10:15:00Z,0623e5ba4e94b3d42b9011d0d7de2ad0b0f2684f8a3dcd6c15c4cf1a,60.16762,24.95415,000000006b44cce7,9.12
43,2019-08-04T10:15:00Z,067e4496589d1ac6e61ffe7f5418189e28b37ba91a8fa7f2d6d8f553,60.14947,24.91438,000000004ef3150d,6.46
44,2019-08-04T10:15:00Z,08a752da5788f1fe66cfb94e9f909bdebdfc9f7469e527023105aedf,60.16829,24.94214,00000000afef4555,18.79
45,2019-08-04T10:15:00Z,093217d662fd80edc32dca80bf8f94eaf9e65ff2b0594bbe31a425ca,60.16762,24.95415,000000006b44cce7,20.28
46,2019-08-04T10:15:00Z,0bdec2703eabced26b0b797709db440018838e84cf133bba898d4366,60.149,24.9843,00000000fffb8cf0,36.27
47,2019-08-04T10:15:00Z,0be53571cfba1988f363b06f9000d7daa17b6606417b91957deb2567,60.14699,24.922,00000000a53ed894,25.36
48,2019-08-04T10:15:00Z,0c98a206da23f3fb3bcb04f458ae98bbbdcff6a7189516a714a8832d,60.16829,24.94214,00000000afef4555,25.36
49,2019-08-04T10:15:00Z,0d84ceaa3c62010c844a15333048eab692cc79f12335f895dfd93093,60.16531,24.9442,00000000fdda10fe,29.32
50,2019-08-04T10:15:00Z,0de8617bd7a8adfd963db0f1717b0ba6d26d7e04ace2f70c3e0fc7b0,60.17002,24.94407,000000006b087f40,9.12
51,2019-08-04T10:15:00Z,0e633fb647fef573053cb2e041a208f0bb40394df1d86f0adb1b0e7a,60.17918,24.95141,00000000675d5200,31.5
52,2019-08-04T10:15:00Z,0f339736c805c6a434647518fe553140f3426896702522ff483e1944,60.14699,24.922,00000000a53ed894,9.92
53,2019-08-04T10:15:00Z,0f950192e7264cf66ef9b848824f31d0689dfe9c20f1e023fb492726,60.17918,24.95141,00000000675d5200,17.4
54,2019-08-04T10:15:00Z,103316f2a380323fc0c7c24232e990da772b716778182ef481bfb77c,60.17002,24.94407,000000006b087f40,23.56
55,2019-08-04T10:15:00Z,10a735af3d278d26b2aa67b2d86f1351b4ed0f6bdeb7ca1fa72e521a,60.17065,24.93641,000000000f4919c9,20.28
56,2019-08-04T10:15:00Z,119d481da824fb0df999007117ca40889497f35b20128ba527bb3786,60.16897,24.95222,00000000aa852af1,21.87
57,2019-08-04T10:15:00Z,141820a7684dfd33613cf8569ca49bda9c5dc54d22a08e68b406d2cf,60.16897,24.95222,00000000aa852af1,16.1
58,2019-08-04T10:15:00Z,14ab16a02c202a9e75658abaa7cea1d533d69a2fea8be71f2e3d48e0,60.16762,24.95415,000000006b44cce7,12.69
59,2019-08-04T10:15:00Z,156306495bfde476350f0f4f28f9c67bde642f06bb5ee2cc71237501,60.16544,24.95398,0000000038d83d41,27.28
60,2019-08-04T10:15:00Z,1598b5797c2a9ce2747166773789d9ce4f79c5edfdae65ab08ca355b,60.16544,24.95398,0000000038d83d41,20.28
61,2019-08-04T10:15:00Z,1614177c83f9a35898ca93a4516aaaad49494dd47aeb905ae5ac33e2,60.16448,24.97323,0000000053c6c2be,36.27
62,2019-08-04T10:15:00Z,169c77f0d714e38eb1e798b14fa42ce3fefb0ec1d6f9e93a38a872f1,60.16829,24.94214,00000000afef4555,7.69
63,2019-08-04T10:15:00Z,16b88c3c66b431efe5901d6069eb6f2b287d44154a4f6447b1fd73fe,60.149,24.9843,00000000fffb8cf0,16.1
64,2019-08-04T10:15:00Z,1837d784f48ce0b1768de63baf92d5a02fa8454c5b6ab68567b60c4e,60.17002,24.94407,000000006b087f40,9.92
65,2019-08-04T10:15:00Z,18e7cc3edef401b7b5f8c46a872c017074838f61140d7e711150ee86,60.17002,24.94407,000000006b087f40,21.87
66,2019-08-04T10:15:00Z,18fd0a99d7a0442e8655567623f399bb582d17eaae79384cafbaafa1,60.16897,24.95222,00000000aa852af1,16.1
67,2019-08-04T10:15:00Z,19055957f9679a510f1e2fe64447ab1285d0f35473fa7f4b345fd154,60.16897,24.95222,00000000aa852af1,18.79
68,2019-08-04T10:15:00Z,1980deea3857559a2968207a3330095ab8296b839913f3234ac7104d,60.14947,24.91438,000000004ef3150d,18.79
69,2019-08-04T10:15:00Z,19a80f932d1b1dc2859d2fe4c994a875850a08424abb72d4e9c03c9a,60.14947,24.91438,000000004ef3150d,8.38
70,2019-08-04T10:15:00Z,1a0dcee26b67b8a46dc9e426e968356acc4620acd74cff554aaa8cb2,60.14699,24.922,00000000a53ed894,11.7
71,2019-08-04T10:15:00Z,1ae6a0d0d694ecd3082b41cab2f0712794e5d5bcc14de61bc0b8d8b2,60.16762,24.95415,000000006b44cce7,5.41
72,2019-08-04T10:15:00Z,1b04d57476124569a29b30bc7bd7c221c43dcb717119a9309c0d4e24,60.16762,24.95415,000000006b44cce7,16.1
73,2019-08-04T10:15:00Z,1b6a039cced0e8813600fec6778362fc6ce7e36871021c0a319f6d4b,60.16762,24.95415,000000006b44cce7,7.69
74,2019-08-04T10:15:00Z,1bd32900080c3a2009608028c03c18ef73b764e69207c849f85be43e,60.16629,24.95957,00000000fb7600be,21.87
75,2019-08-04T10:15:00Z,1c49bdb0a0f8751aab573f700bfd6400ea4135a707a7f5ee4df1e313,60.16629,24.95957,00000000fb7600be,20.28
76,2019-08-04T10:15:00Z,1d3b561e461e1baacb2d7e3635ef69a45881d5938c4c174c113414fb,60.1538,24.95595,0000000038bf9618,23.56
77,2019-08-04T10:15:00Z,1dacfb371d75dd4f90f447aac2a00faad98beb4188a6971c19eb2375,60.16629,24.95957,00000000fb7600be,27.28
78,2019-08-04T10:15:00Z,1db44b98b38b6535f65cdf9294506d138fd132f35cdffbc1402daefe,60.14947,24.91438,000000004ef3150d,9.12
79,2019-08-04T10:15:00Z,2136ae8119aeb435e4487cade6503a50305048f1ebbf1b8c03213336,60.14947,24.91438,000000004ef3150d,20.28
80,2019-08-04T10:15:00Z,24fa9ab860de109d0eed3f46025aeb063ddb2be3eee42f4b12ddabfc,60.16897,24.95222,00000000aa852af1,20.28
81,2019-08-04T10:15:00Z,25931ac8d285568fc31e378441f2727369941d75236a4122b541452a,60.14699,24.922,00000000a53ed894,21.87
82,2019-08-04T10:15:00Z,26ba67f0a43c202214923da4d95931260699ff721860d6f4974fe938,60.14699,24.922,00000000a53ed894,8.38
83,2019-08-04T10:15:00Z,2721ef77217d26a6e26637a90f7f0c40b596e24d77a432bd857e65e2,60.16897,24.95222,00000000aa852af1,13.75
84,2019-08-04T10:15:00Z,2914a79e8ecec31b73d7f76943128120fbe77911944c03907bbbfdc7,60.1638,24.96846,00000000d747f075,23.56
85,2019-08-04T10:15:00Z,29a4c314117db01af86e8d6bb3b9f263e78d4f1223483b6cd542d693,60.16897,24.95222,00000000aa852af1,16.1
86,2019-08-04T10:15:00Z,29c1938ef4b9c9a8949b7417d0199765e4bf717748d145ce3a46969b,60.15432,24.9211,0000000019fb59c4,25.36
87,2019-08-04T10:15:00Z,2a4eeb5a9cf2658e38b64af6e4137397e8a01397f3e3b85c8049eca8,60.16762,24.95415,000000006b44cce7,17.4
88,2019-08-04T10:15:00Z,2b1339dba1a20c68358bf120cb684d65c897a647e2813275f388a29c,60.149,24.9843,00000000fffb8cf0,25.36
89,2019-08-04T10:15:00Z,2c3d47b8d8c13b6c634bb3f73d4b33ee4c361979c6b8d7bce780af5c,60.16829,24.94214,00000000afef4555,23.56
90,2019-08-04T10:15:00Z,2c66a7a6c52a5d34fd1ef7e6741e67c72ec773271e849b1183974605,60.14699,24.922,00000000a53ed894,13.75
91,2019-08-04T10:15:00Z,2c894c95d9a49586b9e9680de7c196d854a75a62cc7c0ed27fd0383b,60.16829,24.94214,00000000afef4555,18.79
92,2019-08-04T10:15:00Z,2cc013cfada2180f3fc786c0bb132f9c1c1e25d21aa140955e9657a6,60.16897,24.95222,00000000aa852af1,17.4
93,2019-08-04T10:15:00Z,2dfe87da49a95a88fca24b5c2c3a89baa6b00bf9fb7ae2ce11f7b11e,60.149,24.9843,00000000fffb8cf0,29.32
94,2019-08-04T10:15:00Z,2e18ff42bb55871541c07e12afd5730c0c7bf0d77048ecaafce42d09,60.14699,24.922,00000000a53ed894,9.92
95,2019-08-04T10:15:00Z,2e9e870f5d55f21e6787b17f21d5ec8c7c33687c2fea1b7ff3a2ca71,60.16762,24.95415,000000006b44cce7,11.7
96,2019-08-04T10:15:00Z,2fbfe9a9d34674b71ecab223a9721265e9df2852930c1a273f94d95d,60.16762,24.95415,000000006b44cce7,7.05
97,2019-08-04T10:15:00Z,2fcb87dd2dc7938e25d93f714fb1e7bc7f042750e75da210e7b40fbd,60.1538,24.95595,0000000038bf9618,27.28
98,2019-08-04T10:15:00Z,3555018a6b0cbccd13ef264332fe7aa7e2de8db7626cfd5e56b0149f,60.173,24.92524,0000000096918cfa,12.69
99,2019-08-04T10:15:00Z,35de1305632744209c27d73aa4e2a72cfc9f9d54354c8fe3aa4880af,60.16629,24.95957,00000000fb7600be,25.36
100,2019-08-04T10:15:00Z,36052de5aab753b728196450e90f675ba0253611beb9d12364435f74,60.16829,24.94214,00000000afef4555,23.56
101,2019-08-04T10:15:00Z,3697e0f1e2d5da37c27e0d62800c6fc4a39a668f68a0bb33c4393daa,60.1538,24.95595,0000000038bf9618,25.36
102,2019-08-04T10:15:00Z,37336900e8a4b5660221ad3790dc5fb33f2289a827a58e269300ad4b,60.16762,24.95415,000000006b44cce7,3.09
103,2019-08-04T10:15:00Z,37aaee5ae759951d7f09263f452f5b9e5592b8f43a5b3d215305f1a7,60.17918,24.95141,00000000675d5200,7.05
104,2019-08-04T10:15:00Z,3a82ff0a19d86b856237d8d56f42ec05efe81b68bf565c2c18f1d633,60.17918,24.95141,00000000675d5200,4.94
105,2019-08-04T10:15:00Z,3af6619c03ade4b59c09404425f3b40e2440d82cc43c403fab78e9d9,60.17919,24.95181,000000007b5207b6,18.79
106,2019-08-04T10:15:00Z,3c0621f406263dd8e4ebf6b87e6538887cd8df34647a243e6b830db3,60.16762,24.95415,000000006b44cce7,10.78
107,2019-08-04T10:15:00Z,3c29507b393dfa3e2b5c8291663080adec6692b5f3a087845715af42,60.17918,24.95141,00000000675d5200,18.79
108,2019-08-04T10:15:00Z,3eb13fd0740d98fc4dd6f070d3eb587bc7acc1d412b96ba1c49c6d83,60.16762,24.95415,000000006b44cce7,9.12
109,2019-08-04T10:15:00Z,3f5fe6d52a095909d36dd11ac4a5c68b5bcb61862f9ea918c1a5fe5c,60.16448,24.97323,0000000053c6c2be,27.28
110,2019-08-04T10:15:00Z,410bf649d5e93e5c10ed0f9ab6580f973507d162efa3b16d71f147f5,60.14699,24.922,00000000a53ed894,17.4
111,2019-08-04T10:15:00Z,41845e98806b98c6fef79967cbdda828ebcc4772ea009edd8c9efda9,60.14699,24.922,00000000a53ed894,23.56
112,2019-08-04T10:15:00Z,41f5c7751e5c726ad3234cbf75c0f3aa97327b7e802bbc3dffbf0592,60.16897,24.95222,00000000aa852af1,10.78
113,2019-08-04T10:15:00Z,42b9e02c0d28dfc7b4c80e2fa14078d0474ce693b2eb2e267d81abd2,60.16762,24.95415,000000006b44cce7,11.7
114,2019-08-04T10:15:00Z,42cddcca67ba16acba58f8aa09f7dca5bd677ddc758bba0750290098,60.16762,24.95415,000000006b44cce7,8.38
115,2019-08-04T10:15:00Z,44089c9da2c3c2b71338d173d86dc766f4b1ce632e179ea18cf8ba38,60.17918,24.95141,00000000675d5200,14.89
116,2019-08-04T10:15:00Z,45153953f4c5d4aa50d3faaecf32a98af704df58ccf9fec2271416c9,60.14947,24.91438,000000004ef3150d,7.69
117,2019-08-04T10:15:00Z,45b1f805790872acdd028eaf979ceaf29d90c49684b9bdfe56ee050e,60.16762,24.95415,000000006b44cce7,5.91
118,2019-08-04T10:15:00Z,45f2fa99e530d9a6fff15c00d5ccba6498782039c7374041ef512373,60.16897,24.95222,00000000aa852af1,12.69
119,2019-08-04T10:15:00Z,48aa7c422324ab45225076d90a1a8772a5124fe92c131af410074324,60.16897,24.95222,00000000aa852af1,17.4
120,2019-08-04T10:15:00Z,490355a71890f321efadb7a53d52446d29eddfb6ef7653b5620d513b,60.16762,24.95415,000000006b44cce7,8.38
121,2019-08-04T10:15:00Z,49856de03fdfcc95e0edc582fa716073ac67f56b98fecf4f445cfa40,60.16762,24.95415,000000006b44cce7,18.79
122,2019-08-04T10:15:00Z,4a072351b9c8a250d31f1ed3a8b2c95a770dc02336fc65360dd12592,60.16829,24.94214,00000000afef4555,18.79
123,2019-08-04T10:15:00Z,4a110ad210e38d68c310f6c578d51fa69ea74f5553e6ab887066ab37,60.16762,24.95415,000000006b44cce7,18.79
124,2019-08-04T10:15:00Z,4a516c503e0f3594b569ffdcc15fdfad919bc309af18c41b1b219a91,60.16829,24.94214,00000000afef4555,14.89
125,2019-08-04T10:15:00Z,4ad4a71af2e712964bee5bf909ce7634aa621b7d7dab4fcc6b88079b,60.14699,24.922,00000000a53ed894,14.89
126,2019-08-04T10:15:00Z,4b1bf0822f2fc8f08eb76c07eeaa4a8e8b83f226de5cdaa9b7412172,60.17002,24.94407,000000006b087f40,25.36
127,2019-08-04T10:15:00Z,4d7288aa6c0037877373701f839b478feab817e6e32f04d311d178c0,60.16897,24.95222,00000000aa852af1,29.32
128,2019-08-04T10:15:00Z,4d95977cc2761ce4ca31c2cb88c4f3340ef541d7131cd48f10378aac,60.16897,24.95222,00000000aa852af1,36.27
129,2019-08-04T10:15:00Z,4e5f047caa436268938e8d919c84d8fbfcfac1a3b10bd594c3df1470,60.16829,24.94214,00000000afef4555,29.32
130,2019-08-04T10:15:00Z,4e6cee25b3c33ba1ef2e7b6cbbe07b975120028205a143326fb040a9,60.14951,24.92138,0000000006dd41f6,18.79
131,2019-08-04T10:15:00Z,500290f05da117c198730c8518f570f98af999d2f2803df6251fbc7c,60.17002,24.94407,000000006b087f40,7.69
132,2019-08-04T10:15:00Z,504efa0a0d752756e264e1115a790d80234ccae891cfe01065c7a1c7,60.1538,24.95595,0000000038bf9618,18.79
133,2019-08-04T10:15:00Z,50dadd40cfd126e01fc887d690f97b43ac6200491c2d79f16f70b0d7,60.17065,24.93641,000000000f4919c9,0.84
134,2019-08-04T10:15:00Z,5165be907bf0e3ae8aec024c212ae2b52aebe12e6775347de10e4871,60.16897,24.95222,00000000aa852af1,9.12
135,2019-08-04T10:15:00Z,51b32d53e5df5e91bda98cc4f3bd71b608d3ecc68cbc991849d1d661,60.16897,24.95222,00000000aa852af1,18.79
136,2019-08-04T10:15:00Z,56101419005237b836e4ed14d91dfa6f9edc4c92b5fcb419943897bb,60.16762,24.95415,000000006b44cce7,9.92
137,2019-08-04T10:15:00Z,56942b997958922d97e5fe29ed828f065b0b8bc10d837925597dc5aa,60.17918,24.95141,00000000675d5200,11.7
138,2019-08-04T10:15:00Z,5732e19ded99bca043c6b7a2c8c6a550dc789ea1c8807ebf5a185d69,60.17918,24.95141,00000000675d5200,20.28
139,2019-08-04T10:15:00Z,57a1c633d1d8c2f9ec1a97b839ed696c9d24c244e6b2a18df613ee73,60.16897,24.95222,00000000aa852af1,18.79
140,2019-08-04T10:15:00Z,57e5322796cb0ec178abf9dedaf971c2b0c718da69232b0dd1c3d9d5,60.16829,24.94214,00000000afef4555,5.41
141,2019-08-04T10:15:00Z,57e821464c9931890e2d53bb9f2cbc062c495b363265711943209674,60.16897,24.95222,00000000aa852af1,12.69
142,2019-08-04T10:15:00Z,584cb0b0cdd14e608c8b57c8aecc9826f9b40027e365e2438a444ea2,60.16762,24.95415,000000006b44cce7,11.7
143,2019-08-04T10:15:00Z,585e86270fccfff196f32e58b6ad84ea43d68f28eca9e0227821579f,60.1538,24.95595,0000000038bf9618,31.5
144,2019-08-04T10:15:00Z,58f67f73055a464cff2b34a12fba204f279fa1d34dc50deba6a55326,60.16762,24.95415,000000006b44cce7,8.38
145,2019-08-04T10:15:00Z,5a30e753e2d96a477e97cf648333b79e47c51836535f9ef8f4a89fb0,60.16762,24.95415,000000006b44cce7,13.75
146,2019-08-04T10:15:00Z,5ae4d33ff0f7ab5e9c2e11cc6bc663a3417369e61099c89c33cb32f4,60.16762,24.95415,000000006b44cce7,14.89
147,2019-08-04T10:15:00Z,5b903b2e03d0572549cc9d33222127ad9f3658c03766d938e6955921,60.16762,24.95415,000000006b44cce7,5.91
148,2019-08-04T10:15:00Z,5bde76fc0c5039fdfc2ad3a9fa547a1ce970bcaf1c7ee1ad1ee57e0d,60.16531,24.9442,00000000fdda10fe,9.12
149,2019-08-04T10:15:00Z,5cb75a0451a107c5f85167645e7e56270084ee70a72404cf1108497f,60.18203,24.91341,00000000342570c2,11.7
150,2019-08-04T10:15:00Z,5f97ac52c0f50a4ea20c804626c43e84cbfac6eb212f78054333b90f,60.17918,24.95141,00000000675d5200,25.36
151,2019-08-04T10:15:00Z,5ffce7c7c79c7f75388901a4ccda18feee822ff53e3ceeb9c3e0c7ee,60.173,24.92524,0000000096918cfa,18.79
152,2019-08-04T10:15:00Z,61433b25cab5d4372ba208609998719b3b24ec158510627741a169a6,60.16829,24.94214,00000000afef4555,3.4
153,2019-08-04T10:15:00Z,615824100b15d453c7c915d107920fa60787f0c848f69f8fcb2c2820,60.18203,24.91341,00000000342570c2,27.28
154,2019-08-04T10:15:00Z,62a999bb98247e02e7f4b9baaeee4c283a5e5f29a599b5a6a243780f,60.16629,24.95957,00000000fb7600be,20.28
155,2019-08-04T10:15:00Z,62e27092b58abcaf80564c408d0d4a7b821abaee92dc2f02ccb11e61,60.16829,24.94214,00000000afef4555,12.69
156,2019-08-04T10:15:00Z,63c9b9712327320dfa7e49e599c6cb89e8196ed1098444b488e2c4b5,60.16762,24.95415,000000006b44cce7,1.7
157,2019-08-04T10:15:00Z,641576727fd3b2c586a91c3e5fb8971583386ec5f61b5dcf6664f104,60.16829,24.94214,00000000afef4555,29.32
158,2019-08-04T10:15:00Z,660573e281d2c4f07f8048092934a908b2971b8610437457f4063295,60.16897,24.95222,00000000aa852af1,23.56
159,2019-08-04T10:15:00Z,6619355977ead006fe2fd3a8647db0657c30cc7a4be6cda1f282e5d8,60.14699,24.922,00000000a53ed894,18.79
160,2019-08-04T10:15:00Z,6651f6cf1990703cb4434f1f172f416ed853c919b541b0c28c53179d,60.16762,24.95415,000000006b44cce7,12.69
161,2019-08-04T10:15:00Z,6b642a569b59a5c92087e2e231a63e200a3af47ba86a50876534f3b1,60.1538,24.95595,0000000038bf9618,29.32
162,2019-08-04T10:15:00Z,6cb814e37f8c13d54d12b1a982c0487d073034a0024e1cc0145bbedb,60.16544,24.95398,0000000038d83d41,31.5
163,2019-08-04T10:15:00Z,6d760190f6f105c26618e1a3fe803ae18913d82e382760f1d0a92799,60.16829,24.94214,00000000afef4555,23.56
164,2019-08-04T10:15:00Z,6f1f0b1bf7b5fc7f7b655f3d832a13aefb64c4010f74a8b8cd5cdc2b,60.16897,24.95222,00000000aa852af1,9.12
165,2019-08-04T10:15:00Z,6fa56089aa64e7181538aaee2810b1725f2d5bedcf01ba4e987f19cd,60.16829,24.94214,00000000afef4555,5.91
166,2019-08-04T10:15:00Z,6fc00251ddeda8333db906e3bae6e6403409607fa6286a225afe4d0a,60.18203,24.91341,00000000342570c2,23.56
167,2019-08-04T10:15:00Z,7153ba08b40e904bc4da9f97d4c40711302f52dfbf3cd25f49bfb61b,60.17065,24.93641,000000000f4919c9,29.32
168,2019-08-04T10:15:00Z,720ad535bc91cdfb242fb9a682a6c081019e168ab9f83d7c84ee6fb0,60.173,24.92524,0000000096918cfa,14.89
169,2019-08-04T10:15:00Z,7265eab12bd748315009eb03695b41a12128c50287d5e50f363bb1c0,60.16829,24.94214,00000000afef4555,11.7
170,2019-08-04T10:15:00Z,7337df00f38ac4b813b7ac5ba466b06e4782308eaa7423a623e5506d,60.1538,24.95595,0000000038bf9618,25.36
171,2019-08-04T10:15:00Z,73d9e031bf366aa83964013a5208c49e681a7174fcd370d16bab9c2a,60.16762,24.95415,000000006b44cce7,4.94
172,2019-08-04T10:15:00Z,742180018679efed3137546c7aca56ac86d2792013c3d7c894cccb6f,60.16829,24.94214,00000000afef4555,5.91
173,2019-08-04T10:15:00Z,7444b6c36a97bf0a692d1d07316c36e6c4872462c4ba6b342d8e4f4e,60.16829,24.94214,00000000afef4555,5.91
174,2019-08-04T10:15:00Z,74ce60665716678f783dd76af469184171171fab3f24235e1f8bf7c9,60.16897,24.95222,00000000aa852af1,13.75
175,2019-08-04T10:15:00Z,75519ba5244b9f7b4cb25a853c4369ce241f6d8ca186977f2cd2fa04,60.16829,24.94214,00000000afef4555,11.7
176,2019-08-04T10:15:00Z,7562c73b94d17c193214ec68517bdb2b61c26dcf3019bfb7e9bf3998,60.16762,24.95415,000000006b44cce7,9.92
177,2019-08-04T10:15:00Z,75b8ee5efe457367b8409c1dab6f6206924d7802fe7e89eeebce8e15,60.18203,24.91341,00000000342570c2,20.28
178,2019-08-04T10:15:00Z,76727da49e9942a6f0192add6efc5ea169d9e0ecff418cfcf0910d4d,60.16829,24.94214,00000000afef4555,5.91
179,2019-08-04T10:15:00Z,76b820d4e66e8f235fd35bfa57e599938eb9a84372808f01d9f60e08,60.16762,24.95415,000000006b44cce7,16.1
180,2019-08-04T10:15:00Z,77748ec2a78a1278f43853c3e7e55e8083052fd59cbd3af87e0427ba,60.17065,24.93641,000000000f4919c9,18.79
181,2019-08-04T10:15:00Z,789596b384351725cf2387340f8f4929c594211a4d7beaf6c02d53f6,60.149,24.9843,00000000fffb8cf0,29.32
182,2019-08-04T10:15:00Z,795acd430c3158f81fd4e74c366524ca4d9a9d3a97b3fa56138d1b19,60.173,24.92524,0000000096918cfa,13.75
183,2019-08-04T10:15:00Z,7a19b088cb695c236b12fe6d7388559caa138c6c0db7a97c41dd14d9,60.16829,24.94214,00000000afef4555,31.5
184,2019-08-04T10:15:00Z,7a823e49be0d0ab512e863e193a17bd93a22c69929eea82622b99b28,60.17918,24.95141,00000000675d5200,17.4
185,2019-08-04T10:15:00Z,7a90564c733ca2e46512baacbb62d596ce7d6ce0259fdfcf72d88493,60.16829,24.94214,00000000afef4555,16.1
186,2019-08-04T10:15:00Z,7c56d6980ef665ecf8dfe410f1d70a40bf161e8ea351ba2bf2e0b03a,60.16531,24.9442,00000000fdda10fe,10.78
187,2019-08-04T10:15:00Z,7cc787e623ecda5700f078fec4301ffe77e181006168630b041fc59b,60.149,24.9843,00000000fffb8cf0,16.1
188,2019-08-04T10:15:00Z,7d2c097cd81668d4cbfe03fa6bfa9c023a9d6363161e6c41c249304f,60.16762,24.95415,000000006b44cce7,13.75
189,2019-08-04T10:15:00Z,7ed78f79d41683314e5162060b01d6564c0baa82f8d5f45bc924cb41,60.17918,24.95141,00000000675d5200,4.11
190,2019-08-04T10:15:00Z,7f009401e94a590655911078c238f6a214e207d304be3be550179dbb,60.149,24.9843,00000000fffb8cf0,29.32
191,2019-08-04T10:15:00Z,807de4357ced3600833dfb451233cbfd687d6a006c16fe708c9c41b9,60.16829,24.94214,00000000afef4555,13.75
192,2019-08-04T10:15:00Z,80f19233e934c57b9816f5621ff307aa863883a35f7f14ccc2b61011,60.16762,24.95415,000000006b44cce7,9.12
193,2019-08-04T10:15:00Z,816f4f55678d62a371e8a5d373265df27b55fd919438f6222b21b85a,60.16829,24.94214,00000000afef4555,31.5
194,2019-08-04T10:15:00Z,818bf826a20805f91325b634ae02107683c949bcfc7c472917f02db0,60.16762,24.95415,000000006b44cce7,10.78
195,2019-08-04T10:15:00Z,81c690690efa55bb5ba51e08d28025996e6be2f75d5c6c925da7c424,60.173,24.92524,0000000096918cfa,25.36
196,2019-08-04T10:15:00Z,81ec2cb05379ee773e72cfe51ea168e63d3fbcc6e2207c2ba9b35738,60.16629,24.95957,00000000fb7600be,23.56
197,2019-08-04T10:15:00Z,81f50dab2b578a218b4821e8ddb915d308f73461596c716411977628,60.16897,24.95222,00000000aa852af1,12.69
198,2019-08-04T10:15:00Z,82be5e535ea6b7e704601151b4d6a4964d7caabcdcbf13ea069931ac,60.16897,24.95222,00000000aa852af1,12.69
199,2019-08-04T10:15:00Z,844b8ad6ebf530978d1139d527a681991f4d3eed6be5bc723f0b2192,60.16531,24.9442,00000000fdda10fe,9.92
200,2019-08-04T10:15:00Z,8490f6dcff023b0e0415c92013d784baa5e7f3bdff6712fc7a0a93bb,60.16829,24.94214,00000000afef4555,16.1
201,2019-08-04T10:15:00Z,86e82fcd4c817e41b69cdf502b936c7f6fc104aeae3954893fdceba7,60.16762,24.95415,000000006b44cce7,4.5
202,2019-08-04T10:15:00Z,874c4fe204c7879fcea80cf76156b86c8f660b2e434cf38fa481134e,60.16762,24.95415,000000006b44cce7,7.05
203,2019-08-04T10:15:00Z,87f254768e92210d3e1667c235320b59dfb750e82b75bfa5093ce939,60.18203,24.91341,00000000342570c2,20.28
204,2019-08-04T10:15:00Z,88776d08fd60c987b885b9dc47102c5ef4202ad4a5b63676e4040573,60.16762,24.95415,000000006b44cce7,17.4
205,2019-08-04T10:15:00Z,89346512c19897a1dfd1d4c81dc778a6a2fa1893dacd7b1a3d14f836,60.16829,24.94214,00000000afef4555,13.75
206,2019-08-04T10:15:00Z,8a2a0fd62c209b83d0a771e5b1d5619bc5c06cf0d33a3a510bcea8cd,60.16762,24.95415,000000006b44cce7,4.11
207,2019-08-04T10:15:00Z,8ab5b3a2f202e154ca33ee802ae2f30608b3ca48f46e23a9aecb9149,60.173,24.92524,0000000096918cfa,17.4
208,2019-08-04T10:15:00Z,8b0398af20c00a3ca2dd8603c20890ef958bfb27d3f0b7bdf7ab4c70,60.16762,24.95415,000000006b44cce7,7.05
209,2019-08-04T10:15:00Z,8b54f72adc02e3b1322a11b7b080ed0b9cdd5df5f6d189125a830199,60.149,24.9843,00000000fffb8cf0,9.92
210,2019-08-04T10:15:00Z,8bbe91757fde3deba48b6ddadc2bfcd460c799f985db612812b0dc94,60.16762,24.95415,000000006b44cce7,11.7
211,2019-08-04T10:15:00Z,8d21e7f8bfbfa7340e559065d08f16aa6c1363a03c586a00ecafa76e,60.16829,24.94214,00000000afef4555,8.38
212,2019-08-04T10:15:00Z,8d996c985a249a4e9776bcce9f73f112fe6884826f87aa52aca1a47c,60.16762,24.95415,000000006b44cce7,6.46
213,2019-08-04T10:15:00Z,8dcfa5789215b9650f4cb5f8bf0d99492d0728351e58e688491080b5,60.16629,24.95957,00000000fb7600be,18.79
214,2019-08-04T10:15:00Z,8de6ef60d7602046ce885fe8e609b9e50e0f1221802ab00507b3c514,60.14699,24.922,00000000a53ed894,13.75
215,2019-08-04T10:15:00Z,8e1fdfe1f5ae69655ea8f839fe385cfc43f4ee9de947d244db3580da,60.16544,24.95398,0000000038d83d41,18.79
216,2019-08-04T10:15:00Z,8e3d0fa3f5042271f2ed2ad9f4e442a5144ff1bf61c48dafdb5515b2,60.17919,24.95181,000000007b5207b6,16.1
217,2019-08-04T10:15:00Z,8f9e682d22b6fc920950bf95fdf5c724c1ee412048163e7ca1649a7f,60.16897,24.95222,00000000aa852af1,21.87
218,2019-08-04T10:15:00Z,8fb832c595afe13a1e4ee8e1af74d10d127b48df0f8122a3d2ad33df,60.14699,24.922,00000000a53ed894,13.75
219,2019-08-04T10:15:00Z,91ef2dca4783569a17c719e16513cc4b57768878cd75b229bc669497,60.17918,24.95141,00000000675d5200,4.5
220,2019-08-04T10:15:00Z,9211bee0bf2c8d971f627a8bffec48aff94cd71ff2133cff44f46ef3,60.14699,24.922,00000000a53ed894,7.69
221,2019-08-04T10:15:00Z,9302aae539d07f0911125f00e4859f1281fa2105d0863ec972855fa7,60.14699,24.922,00000000a53ed894,47.69
222,2019-08-04T10:15:00Z,935fcf9624e4b9a2ebb0074d30d44b966a22e9ef41bf2d0fd31349dd,60.16762,24.95415,000000006b44cce7,4.5
223,2019-08-04T10:15:00Z,94a575924042c5bcb092104adca8a0401383f2f0bf2b25e3566dbad8,60.16762,24.95415,000000006b44cce7,7.05
224,2019-08-04T10:15:00Z,96ad5a54e52f9c2037a65140bda144cc2c0de534aa422c60b11c5136,60.17002,24.94407,000000006b087f40,13.75
225,2019-08-04T10:15:00Z,96c1580322419ee643b938a59beabd0f32d2f7ce0ea0d765e558d35b,60.16531,24.9442,00000000fdda10fe,18.79
226,2019-08-04T10:15:00Z,975e096baed319e6ec7c17b408bca565368e8c74585c4f21953c5ea7,60.16762,24.95415,000000006b44cce7,16.1
227,2019-08-04T10:15:00Z,981ba6847e17437c534f005e34ea9452b7580884c6f888d7ab5f21a1,60.17918,24.95141,00000000675d5200,5.41
228,2019-08-04T10:15:00Z,98ac2bd0724536e670442773ed937e5bfd118ac3044820c7f0da2975,60.16762,24.95415,000000006b44cce7,17.4
229,2019-08-04T10:15:00Z,98e1752f9d2e4c158a14a693b1f6e15adb1a3bfef6352f0a1736b52f,60.16829,24.94214,00000000afef4555,10.78
230,2019-08-04T10:15:00Z,99b68a45584c29a8578e1e08b2780ecbb921bf9cbeb4133aae04c83d,60.14947,24.91438,000000004ef3150d,3.74
231,2019-08-04T10:15:00Z,9a7208aede964907efbafd0d9c9a1c3847462a68feafad1c931fb97f,60.149,24.9843,00000000fffb8cf0,18.79
232,2019-08-04T10:15:00Z,9b6dffe9f8cb4ec3331b5aace4a78e5871015bcf2ef904330ddbdf1e,60.173,24.92524,0000000096918cfa,14.89
233,2019-08-04T10:15:00Z,9cf57505b72b2a4b58f5c5ec2031a3e36dd980266efd31110de0aca5,60.16544,24.95398,0000000038d83d41,25.36
234,2019-08-04T10:15:00Z,9e086a37fe13e475a53c4c80dd2df8a62b59ac740fae1fddb1e793c9,60.16531,24.9442,00000000fdda10fe,12.69
235,2019-08-04T10:15:00Z,9e4a245c51aa52672e222b7f472cbe5ad107451fdc132e0bcaba35f1,60.14947,24.91438,000000004ef3150d,12.69
236,2019-08-04T10:15:00Z,9fd997f47651174c50074e16310b0af5824efc4eaa4131e6191759d7,60.14699,24.922,00000000a53ed894,21.87
237,2019-08-04T10:15:00Z,9fe4d916b706965964404c703b484a8e0e9aea0727b5909f4da0d141,60.18203,24.91341,00000000342570c2,23.56
238,2019-08-04T10:15:00Z,a0415e82cd034eca136d7783b90eb52f02874eb143384c68eb6bc643,60.16762,24.95415,000000006b44cce7,9.12
239,2019-08-04T10:15:00Z,a0a7e7f837bc7de6d977873836b95a375b02dd1c04ce49bb232f8e33,60.14699,24.922,00000000a53ed894,17.4
240,2019-08-04T10:15:00Z,a11307965a8474944f342ac7ba57f86d1bad4dd78811e993731babd3,60.16629,24.95957,00000000fb7600be,11.7
241,2019-08-04T10:15:00Z,a142e4b4e7fb6453dae529827a65805b15eb1ea407954839e8eaf357,60.17065,24.93641,000000000f4919c9,17.4
242,2019-08-04T10:15:00Z,a18ed4cf885ae450bf05934af79a340e2438bcf4f01c4ebe9396e5e8,60.16829,24.94214,00000000afef4555,3.4
243,2019-08-04T10:15:00Z,a1c0ff8a1abdb824f77bc91159fc6be9f213b0d7fa4555a430b230a7,60.17065,24.93641,000000000f4919c9,4.5
244,2019-08-04T10:15:00Z,a2f77af99d01ca4de09449b28b7fbb9f8d53daf63576d148db2ff2e9,60.149,24.9843,00000000fffb8cf0,21.87
245,2019-08-04T10:15:00Z,a3664d77633807788598dd8d4a7ba8caba2c31bfdcb6ba83651d4e7e,60.16897,24.95222,00000000aa852af1,25.36
246,2019-08-04T10:15:00Z,a4dc888fbf9d458777a3cad2422349f711c7de0f367acf8da6fb4842,60.16829,24.94214,00000000afef4555,21.87
247,2019-08-04T10:15:00Z,a518812118980cac4d0e323ce67df12ee93eca69472eaf6cbf8b77a1,60.16544,24.95398,0000000038d83d41,23.56
248,2019-08-04T10:15:00Z,a6f6eaab5e22f56bbbffe3828dce8f9ca9493d867b4c80584e2cf2bf,60.149,24.9843,00000000fffb8cf0,14.89
249,2019-08-04T10:15:00Z,a7938a292dd3f201ef65dea482aa48ea8e24d2b493ee1f64e2931357,60.16762,24.95415,000000006b44cce7,7.69
250,2019-08-04T10:15:00Z,a9772f606125d1aabff65d820c4b1e1b42eb4e1e4e6ff4556a8289cd,60.16829,24.94214,00000000afef4555,17.4
251,2019-08-04T10:15:00Z,a98e16abc766ce703e9051f22d0c48c55ee3bc7cf41339085745f3cd,60.173,24.92524,0000000096918cfa,27.28
252,2019-08-04T10:15:00Z,a98fc06dc605583814a2aa182295b88f81657ef2daeee7aaec792e7c,60.149,24.9843,00000000fffb8cf0,21.87
253,2019-08-04T10:15:00Z,ab1a1bbafa3947b66c48a42691122e6d4c45cbe130b785f06d484e08,60.17065,24.93641,000000000f4919c9,31.5
254,2019-08-04T10:15:00Z,ab6e8769f50a15ea5e0d64f48aaa12886b7599a18cc0eb071a21ae5f,60.16897,24.95222,00000000aa852af1,14.89
255,2019-08-04T10:15:00Z,abbbb92dcecf6dd970dcd8d46af85341d4dc28f12da608477d36cbd3,60.1538,24.95595,0000000038bf9618,6.46
256,2019-08-04T10:15:00Z,ac17fa2862098adc53c08f3cf792def02106980b35d8c7c5ade5748c,60.16762,24.95415,000000006b44cce7,9.92
257,2019-08-04T10:15:00Z,aca8581f11c3b749e2847dae7d5ff1b8ea6ad4ef9ba8416f21146c66,60.16829,24.94214,00000000afef4555,13.75
258,2019-08-04T10:15:00Z,ae8b8b2ef39122f5aa95934b891f63cf5d0c92d5d2fe51f241ebe64c,60.173,24.92524,0000000096918cfa,20.28
259,2019-08-04T10:15:00Z,aed026d55957d9b5898ea44909aef938f0f3dcdbf9d2274cadedd4f8,60.17918,24.95141,00000000675d5200,20.28
260,2019-08-04T10:15:00Z,aed98a6ffe9c1836ec81eae9042e99fd7e884b028e24826e382cf3a0,60.16762,24.95415,000000006b44cce7,7.69
261,2019-08-04T10:15:00Z,af5a9aaa6d914c78e74fe6c3f9ea1caa680b1a1abe5f378242b3663d,60.16544,24.95398,0000000038d83d41,23.56
262,2019-08-04T10:15:00Z,b01d0eeb79b259d99e5e5c0a8f67f37608fb625dbbd9fec8f11378d3,60.18203,24.91341,00000000342570c2,21.87
263,2019-08-04T10:15:00Z,b11934f5ec9ce5dcba592061c1c914fccc0b4115143b9d8cc77dd2d9,60.16762,24.95415,000000006b44cce7,5.41
264,2019-08-04T10:15:00Z,b26280ff7943c2f2f00f94125547cbdc285e6c43b7d0a5819c2eac87,60.16762,24.95415,000000006b44cce7,9.92
265,2019-08-04T10:15:00Z,b34d49351bfcce0666e4e77aecfc5dd5e627ad9f1d67a95280a157f6,60.16897,24.95222,00000000aa852af1,12.69
266,2019-08-04T10:15:00Z,b42b1ee1d1d8a2f6de230eed93d85ddc361d0bc7147cc614bce1fcb9,60.18203,24.91341,00000000342570c2,17.4
267,2019-08-04T10:15:00Z,b44135a53698c593c8681c4ce8099f103f7e0741b9359e9105ea7c39,60.14947,24.91438,000000004ef3150d,13.75
268,2019-08-04T10:15:00Z,b4d81cad85ef743b2673c703f26284be9aaa58920e61187ae34bf8e0,60.16762,24.95415,000000006b44cce7,4.5
269,2019-08-04T10:15:00Z,b702e565d9196912e32dd4e66015ecd8462e7f64e28951a44e738400,60.18203,24.91341,00000000342570c2,16.1
270,2019-08-04T10:15:00Z,b7f1130eb4d40486893aa46f96ead02da94516dce1b5a5f1074c98d7,60.17918,24.95141,00000000675d5200,12.69
271,2019-08-04T10:15:00Z,b7f22b755c844f9a72afccf7358387ffb88d69fa4c2f545a14f67b74,60.16829,24.94214,00000000afef4555,16.1
272,2019-08-04T10:15:00Z,b83d650ad20d903e09f61377ac0d15cc1f82b5b0bff6170c1f8da4f2,60.17918,24.95141,00000000675d5200,12.69
273,2019-08-04T10:15:00Z,b97dab341dec4a06ca644663e40b110b0031d2257dbd7f34f0b840f1,60.16762,24.95415,000000006b44cce7,9.12
274,2019-08-04T10:15:00Z,ba0ffd5e0eb331a69faca7261f42ab6009c635db15ad5355f26e9fb0,60.16762,24.95415,000000006b44cce7,11.7
275,2019-08-04T10:15:00Z,ba739d06b8843873252c579b704e7b1a3bd731af2d13a20fd113fe41,60.16829,24.94214,00000000afef4555,23.56
276,2019-08-04T10:15:00Z,bc33cfde5ed3047fd20fbc65ad4e18b02e62bd9f6d9e2d4ce12f516c,60.16829,24.94214,00000000afef4555,23.56
277,2019-08-04T10:15:00Z,bd0c161c1aad7dada35a2e3bad299da8aab500596f07bf29bf474ac9,60.16762,24.95415,000000006b44cce7,12.69
278,2019-08-04T10:15:00Z,becc8eea7cadbd490cd2050edb9ae5635225db5eb47393f3b9b349ae,60.16829,24.94214,00000000afef4555,18.79
279,2019-08-04T10:15:00Z,bf7ba90e9c3649e1406f206a562de47fe7e95a3b86c284d103926246,60.16762,24.95415,000000006b44cce7,3.09
280,2019-08-04T10:15:00Z,bfd45fc00eaf59f6fc2b03ff92707acd0dad7fdf5500577f41133aaa,60.16829,24.94214,00000000afef4555,9.12
281,2019-08-04T10:15:00Z,c035ff58a6f57af7e52e5145b472f856791f89cae1c82093d4e495cd,60.16531,24.9442,00000000fdda10fe,27.28
282,2019-08-04T10:15:00Z,c1428a858588366a99469e0fb5ed73f695a453ec29a7b69cd024890f,60.16762,24.95415,000000006b44cce7,4.11
283,2019-08-04T10:15:00Z,c21558a3812d211f342797e66cb9eba8aa81d57ccf89ca5c8f8db10d,60.149,24.9843,00000000fffb8cf0,33.81
284,2019-08-04T10:15:00Z,c2b043b7f8bfd4c858350ba5120b65341237dfe9eb164aececcb33a1,60.16829,24.94214,00000000afef4555,13.75
285,2019-08-04T10:15:00Z,c2bb6f3836ed5241f89f7fc17bd8023ec9635d78c8734f7fb2cf06f7,60.16629,24.95957,00000000fb7600be,21.87
286,2019-08-04T10:15:00Z,c37b5c8043350a19a2837edfbc81866022b49b323fa310da69075c91,60.16829,24.94214,00000000afef4555,9.12
287,2019-08-04T10:15:00Z,c43cc42877cc7304ba551694d6f8426b3e740a3c6055ec28783f57ca,60.16762,24.95415,000000006b44cce7,17.4
288,2019-08-04T10:15:00Z,c450a3e85d2a65f7be0664e8a66aca2016f337ce782dbf2050ec4718,60.14947,24.91438,000000004ef3150d,7.05
289,2019-08-04T10:15:00Z,c486e15425a835499b5cd2f8725856817aa0ec870aaaf391e65986aa,60.16829,24.94214,00000000afef4555,23.56
290,2019-08-04T10:15:00Z,c5561c3256acd3ed1ac0796b958cdf66cc9da55aa33c5e44a11042ad,60.16762,24.95415,000000006b44cce7,6.46
291,2019-08-04T10:15:00Z,c5a5a149365cfed9fc229dce143eedda293f9fc54f096a89a0875ad4,60.16762,24.95415,000000006b44cce7,7.05
292,2019-08-04T10:15:00Z,c5ec1a82dcc1f8f0c74095073d32f75dc9761e5fdd1ea46bc32ed582,60.16897,24.95222,00000000aa852af1,16.1
293,2019-08-04T10:15:00Z,c761daa4fad830981a9bf54d08247586d0fd68e62be32c0126233526,60.16762,24.95415,000000006b44cce7,4.11
294,2019-08-04T10:15:00Z,c812836fb2397f9a7312a3be995a39318b2d297d71f095e18dfce00b,60.18203,24.91341,00000000342570c2,23.56
295,2019-08-04T10:15:00Z,c82a36ef52b260fcff486855ddc4f264a148fa986f06089161cfb225,60.16762,24.95415,000000006b44cce7,13.75
296,2019-08-04T10:15:00Z,c9754bca6d5ca315e0e3b68b9ef7f1d7b70fee4abc4b1d111312578d,60.14947,24.91438,000000004ef3150d,8.38
297,2019-08-04T10:15:00Z,ca283f0453dccb45355e6664fba8d1d0f902b6ce747c8b32a40bd8e3,60.14947,24.91438,000000004ef3150d,16.1
298,2019-08-04T10:15:00Z,ca43d1e16b42c6b5bc64b3f3f123558a313f91e6390b6955c175f634,60.16762,24.95415,000000006b44cce7,14.89
299,2019-08-04T10:15:00Z,cba8121063ee02d60cd7ecfd833fcb6fe576ceab77d3e6aac5be73d3,60.16829,24.94214,00000000afef4555,11.7
300,2019-08-04T10:15:00Z,ce40d1484ddd5e0c8c428649bf5a06f6e9f26462c0cf6595e4efd754,60.16762,24.95415,000000006b44cce7,8.38
301,2019-08-04T10:15:00Z,ce7d9bf01d27bf6aa5e929bf4e81f294092fe2bca4a13061ea350bff,60.16829,24.94214,00000000afef4555,20.28
302,2019-08-04T10:15:00Z,ce8ac54be2bd0f03fab7e70bb0348019dd27891faa0a51fd2a409133,60.16829,24.94214,00000000afef4555,21.87
303,2019-08-04T10:15:00Z,cfea5dbdb4dee1f8183886c9d6b21a8db0e44f081dde0a960af08a0a,60.18203,24.91341,00000000342570c2,8.38
304,2019-08-04T10:15:00Z,d074e158652b4df8418f4df31e644786e70b7d8d16ee33ad95ec190a,60.16897,24.95222,00000000aa852af1,18.79
305,2019-08-04T10:15:00Z,d08d3373e4b70493bfc9e9e7f26fa6575b25321061f01eed2c5f3641,60.17065,24.93641,000000000f4919c9,33.81
306,2019-08-04T10:15:00Z,d2089db0196b75368231b8af1542a32ec184f79563faae18ee74520f,60.16897,24.95222,00000000aa852af1,13.75
307,2019-08-04T10:15:00Z,d28001663864056c59b9709c64f7b94df1a3219b2a789a72657c2e25,60.149,24.9843,00000000fffb8cf0,14.89
308,2019-08-04T10:15:00Z,d4947f436ff79e444f768536c5f34e7287f0945cecdee010352d687c,60.16762,24.95415,000000006b44cce7,2.8
309,2019-08-04T10:15:00Z,d4bb2ef900c7f7d39c1abf278460b421db60a44001ad87135bd32334,60.16897,24.95222,00000000aa852af1,4.11
310,2019-08-04T10:15:00Z,d50ef88c39c92864104aa53c7f85d6d657907a32f5522f3a8e2a65d7,60.17918,24.95141,00000000675d5200,9.12
311,2019-08-04T10:15:00Z,d6c7f86da3ed7515433ad599e698b1739cbc2b3f2a079466758738e3,60.16829,24.94214,00000000afef4555,16.1
312,2019-08-04T10:15:00Z,d710249dc6259f5a5360a543733a2604d6fa26df430977356e246ad9,60.16531,24.9442,00000000fdda10fe,27.28
313,2019-08-04T10:15:00Z,d75912ae9ed76fcedc2c455b4683bb35990a2280fe400a9d643b1f09,60.16762,24.95415,000000006b44cce7,5.91
314,2019-08-04T10:15:00Z,d85090b27c2ea8323016dd2209c06affe6c5cbfbd369d87d30de9277,60.14699,24.922,00000000a53ed894,13.75
315,2019-08-04T10:15:00Z,d9857dc6fc9f2a4bbe7d69f564f386e36c929b3d3708ff1051ec67db,60.14699,24.922,00000000a53ed894,9.92
316,2019-08-04T10:15:00Z,da78b9f32ef9a6ddcb9a584d7f3eda9c5d57347b00d27ca7d2a2b61e,60.16448,24.97323,0000000053c6c2be,23.56
317,2019-08-04T10:15:00Z,db7806d75524123be1a4e312d37876d744f7a3a1a6dc86cb05ed6949,60.16829,24.94214,00000000afef4555,23.56
318,2019-08-04T10:15:00Z,dbe8695081e8e70da1a316114b9438814c0277c9ad67e0a4320a46a1,60.16829,24.94214,00000000afef4555,9.92
319,2019-08-04T10:15:00Z,dc3739d006bf1d2e6c440c3c6c24ac2b474872c1c11934d75a79ebf7,60.15133,24.92329,00000000e8a064a4,21.87
320,2019-08-04T10:15:00Z,df9668b0a8edba2ad336f0f9046c3230afa76367068f372f41e3c0f6,60.173,24.92524,0000000096918cfa,18.79
321,2019-08-04T10:15:00Z,e082ad25e169aa2aade5c15802bc900cc92a2356dc40ff060bde3b20,60.14699,24.922,00000000a53ed894,5.41
322,2019-08-04T10:15:00Z,e24ed34e3cc2bb002d2a2281eb59467d188785949e1df154ea8f7330,60.16762,24.95415,000000006b44cce7,27.28
323,2019-08-04T10:15:00Z,e28c905fcfad7909648abfdbc3833b2379ddbe98bf6076b224280f16,60.16762,24.95415,000000006b44cce7,11.7
324,2019-08-04T10:15:00Z,e2bf41df3c678c2766e2dbc8e3a202f6c9f33bdd3e63a68720802fad,60.149,24.9843,00000000fffb8cf0,18.79
325,2019-08-04T10:15:00Z,e32da0df2081d99ff85e70cbc58d6ad95a3b6626ed1068e003c01702,60.16829,24.94214,00000000afef4555,8.38
326,2019-08-04T10:15:00Z,e495d6458dfc0e4430f252044827a2a398373e067c83c945549a2c37,60.16531,24.9442,00000000fdda10fe,25.36
327,2019-08-04T10:15:00Z,e4a4cad0fc2b9eb906d87a148ad6aa3c88551a608c400e4797acba0a,60.16762,24.95415,000000006b44cce7,9.12
