,time,hash,latitude,longitude,serial,distance
0,2019-08-01T21:06:00Z,075be70b0c9febdacbaeeb7cd5008912aad9ce85c22f5ee3d6b77e40,60.16897,24.95222,00000000aa852af1,18.79
1,2019-08-01T21:06:00Z,0add92bb629361fdf34a91a86a1f9e3aed5f10895edae2bd32f97fb0,60.14699,24.922,00000000a53ed894,21.87
2,2019-08-01T21:06:00Z,14c7e1511b70f4dd3359cbece1377aebb4d70531f5489eefe53d7c3c,60.16544,24.95398,0000000038d83d41,21.87
3,2019-08-01T21:06:00Z,22581e1d9764b88a01034a4cab1a6b02fa4aa770025b9bd340685163,60.15432,24.9211,0000000019fb59c4,10.78
4,2019-08-01T21:06:00Z,24d2f2ddd119efcb13abb0ab2cb53850e9788b6713967ccca4d6e071,60.16897,24.95222,00000000aa852af1,29.32
5,2019-08-01T21:06:00Z,27edb437f3b3b8d33ec9ac103d8da09fa035d3edbdbc9367e2cf0eaa,60.17002,24.94407,000000006b087f40,23.56
6,2019-08-01T21:06:00Z,297c725b456ef12d2712634b21546721cbe93224d3a5762d897404f2,60.16762,24.95415,000000006b44cce7,11.7
7,2019-08-01T21:06:00Z,2c94897aa62344f630952ad6032f5d7976419125d126b15c1386c8b1,60.1538,24.95595,0000000038bf9618,23.56
8,2019-08-01T21:06:00Z,3944bc7a301be7241d1f7bc4a97f221000d535ce3d8a9af9af9b23b5,60.16531,24.9442,00000000fdda10fe,33.81
9,2019-08-01T21:06:00Z,41d3af8da554a2f22a1c6596e0da84fd612b70022b5d295e6b4928e7,60.15432,24.9211,0000000019fb59c4,17.4
10,2019-08-01T21:06:00Z,43b676ed3aef4c2d8846694817e76117873be52e7f788e0cb366c1c4,60.16629,24.95957,00000000fb7600be,23.56
11,2019-08-01T21:06:00Z,44f1947d0640fa977e6056a6b644c7fec2930ccd7ba2750d71429f00,60.16544,24.95398,0000000038d83d41,21.87
12,2019-08-01T21:06:00Z,59107c0fb745e0aacace35f3eb6888e9aa1cace3ca066219be32fe54,60.16897,24.95222,00000000aa852af1,25.36
13,2019-08-01T21:06:00Z,5b91abc1d452431fdb7bc15f638eee91a54034b6327f40e58ccacda6,60.14947,24.91438,000000004ef3150d,29.32
14,2019-08-01T21:06:00Z,5bbb5184fded3e51bc78e45e39917794285e6bbc72da404802a9599a,60.16531,24.9442,00000000fdda10fe,38.87
15,2019-08-01T21:06:00Z,5c53b5477992af1e0b2d1af467fc8df542695a341ea3ef9fd510fc53,60.16762,24.95415,000000006b44cce7,17.4
16,2019-08-01T21:06:00Z,5d65719c4cbf045f068d084b72302f447d5fd034413d97d13be00d0e,60.18203,24.91341,00000000342570c2,20.28
17,2019-08-01T21:06:00Z,5eed115a984d490b02b602d73787aee8dc8c4e9365b77fbff3818a76,60.16629,24.95957,00000000fb7600be,20.28
18,2019-08-01T21:06:00Z,6011490fb2e02d0b9d936fa70a06572cb55ffd9a6a7c607cf75c5a71,60.16897,24.95222,00000000aa852af1,20.28
19,2019-08-01T21:06:00Z,6066632ddc94b5c482a2d4f45ed2532e55e3fd63e414a084a596a737,60.16762,24.95415,000000006b44cce7,20.28
20,2019-08-01T21:06:00Z,693099b54f1d14b899f005c233a431270bde084ad2fe05abf597743a,60.16544,24.95398,0000000038d83d41,10.78
21,2019-08-01T21:06:00Z,6a54644283a4f5a6369abe947b4e9faf2ca3c25ef2ea42502cb60c5f,60.15432,24.9211,0000000019fb59c4,12.69
22,2019-08-01T21:06:00Z,6f06341f358e61699fe1e55e986dd0554bc8da28b91daf0c5ad99db6,60.16629,24.95957,00000000fb7600be,29.32
23,2019-08-01T21:06:00Z,6ff437688c444238352c28f64f9d2a7d0f14d19c9ea42c225380501e,60.16762,24.95415,000000006b44cce7,20.28
24,2019-08-01T21:06:00Z,71f1ccf548a0ec676009a1185a36ad6c18191be59b397e8261d67443,60.16762,24.95415,000000006b44cce7,6.46
25,2019-08-01T21:06:00Z,747f2d1ebff218c0ebbdc0fdaef4cbe56633dfb46ae1b1f8c8142201,60.16762,24.95415,000000006b44cce7,13.75
26,2019-08-01T21:06:00Z,77839e655f856d5295739c2388237a95b399c3b8a4f659cd1345d939,60.16829,24.94214,00000000afef4555,18.79
27,2019-08-01T21:06:00Z,7a3db40d91e137d1381ac690a78039878e0baa317ed9a7cd6882df27,60.16762,24.95415,000000006b44cce7,21.87
28,2019-08-01T21:06:00Z,87dfaad29a9276ddddb1fa021d3bc23ad14824c1af16f7d87e713689,60.14951,24.92138,0000000006dd41f6,7.69
29,2019-08-01T21:06:00Z,8c75c3289c84fe4493e1e272a77b615fe1985880c5dc68a7c1a17b53,60.16762,24.95415,000000006b44cce7,11.7
30,2019-08-01T21:06:00Z,8cc6ddaa460aeae8cc9e8a33f91a01c8cd4c0c8bf8a943210a28c84d,60.1538,24.95595,0000000038bf9618,27.28
31,2019-08-01T21:06:00Z,91d3b80de4439a4a49ddb8a04d72a0a2ec6c08f351d70232842af567,60.16762,24.95415,000000006b44cce7,21.87
32,2019-08-01T21:06:00Z,9843c6216661048343a0e49cf3d8aa2883cf77f452666a1c873a1052,60.16448,24.97323,0000000053c6c2be,18.79
33,2019-08-01T21:06:00Z,9a3441615c7a95dad7af50ae16b0ac928f9d84ea590ac67cfa97ef1e,60.16544,24.95398,0000000038d83d41,18.79
34,2019-08-01T21:06:00Z,9e542b3a7effec1e348e152448282ff99d56cacba9ecdb492a7dd572,60.1538,24.95595,0000000038bf9618,12.69
35,2019-08-01T21:06:00Z,a1ba09b019cae8df2ec9396f46a163e5b29858a11380955ed9605985,60.15432,24.9211,0000000019fb59c4,18.79
36,2019-08-01T21:06:00Z,b5fd6b317890e5ab2d79e2cd1abe61626d45a753c7337d0d40728898,60.16762,24.95415,000000006b44cce7,7.05
37,2019-08-01T21:06:00Z,bc47f02c87cebb9928c25d0ad0c1e77fa507b77e58f60e2420264dea,60.15432,24.9211,0000000019fb59c4,13.75
38,2019-08-01T21:06:00Z,c129dd128e6475a9f19e37c93fa734358684320e32cd565e787b0fcb,60.16544,24.95398,0000000038d83d41,14.89
39,2019-08-01T21:06:00Z,c40c37def6bf11a63a2556519a7c6233fd417cdeea2cf14f28e7c42c,60.16531,24.9442,00000000fdda10fe,29.32
40,2019-08-01T21:06:00Z,c4987065b4c4cb235c676c77aac913aa95281a4e8a18412aceaaea00,60.17002,24.94407,000000006b087f40,25.36
41,2019-08-01T21:06:00Z,ce4d251a2c6b56d67533935f9c53278886ef447f18ddca76b92d9335,60.16897,24.95222,00000000aa852af1,9.92
42,2019-08-01T21:06:00Z,cf05623e4d87ce0906c0b0b7dbf53aacc1228016cd27c341228b6e76,60.18203,24.91341,00000000342570c2,18.79
43,2019-08-01T21:06:00Z,e4d5e4ce6948a7be641aea768bcfddad2dc69af202e3b5a2bd920370,60.16829,24.94214,00000000afef4555,11.7
44,2019-08-01T21:06:00Z,ed70dda6b7faebd4340dacdb452ab224d9d3c308df417b7fa76f54e8,60.14951,24.92138,0000000006dd41f6,20.28
45,2019-08-01T21:06:00Z,f088630d7476dae7d4b7e2bb1f10575f2c89acb4b6e061f3d57c2b40,60.16531,24.9442,00000000fdda10fe,23.56
46,2019-08-01T21:06:00Z,fc4f3a44235f1cfc7b53f14ba2da599976a5a0a220d23b852688e485,60.17918,24.95141,00000000675d5200,33.81
47,2019-08-01T21:06:00Z,0137133b34865b617822b3ba17a9c1f0eddd9e851fe2e9cc34e5e573,60.16629,24.95957,00000000fb7600be,11.7
48,2019-08-01T21:06:00Z,037778e5b86f938d41ba864d0552c116507dcef055b18bab1b257fff,60.16829,24.94214,00000000afef4555,23.56
49,2019-08-01T21:06:00Z,1146e5d9e8c2dcaf7bd20da6909b544365f281f163b2b3f902ecf6f6,60.14699,24.922,00000000a53ed894,21.87
50,2019-08-01T21:06:00Z,13d0b9fbab213706e29da25b56bc1b9e4a238cc9b0396bbcf02c5600,60.16531,24.9442,00000000fdda10fe,36.27
51,2019-08-01T21:06:00Z,1b76e562e1105f5eaf32e0f2c3f5ba01e2d1b9615b767859bfea15e0,60.16762,24.95415,000000006b44cce7,11.7
52,2019-08-01T21:06:00Z,1b91edbc49ad4c4a9e657dd5669a1429aba1c8811f0b5c04213c731b,60.17918,24.95141,00000000675d5200,17.4
53,2019-08-01T21:06:00Z,1dacfb371d75dd4f90f447aac2a00faad98beb4188a6971c19eb2375,60.16629,24.95957,00000000fb7600be,18.79
54,2019-08-01T21:06:00Z,220aa77bd9d9dbb23e0b1c99ffbb9d3bcdaf0626d992ee70693bf268,60.16762,24.95415,000000006b44cce7,25.36
55,2019-08-01T21:06:00Z,25b9a688fda1515f9ff250d01f89c4491af81e3721b9b2348d88d2e3,60.16762,24.95415,000000006b44cce7,18.79
56,2019-08-01T21:06:00Z,2616ba886a90e823c28a48496019b0196d489bc18a37076bbaf0332f,60.149,24.9843,00000000fffb8cf0,16.1
57,2019-08-01T21:06:00Z,27796e9ce8517570213efd1dc958f7b9944f0116e0d27aec136e807f,60.16829,24.94214,00000000afef4555,31.5
58,2019-08-01T21:06:00Z,2970ecf01426390fc2f4e429f4eccfe3f7737b3d9c588d67fb9b7a93,60.16829,24.94214,00000000afef4555,33.81
59,2019-08-01T21:06:00Z,317a6a83030a94190161f930951cd9c2c4d74dff54f05b465a99841f,60.16531,24.9442,00000000fdda10fe,17.4
60,2019-08-01T21:06:00Z,368d06716d75bf6154b4e95d3c7c0246289487454587127cc960a770,60.16762,24.95415,000000006b44cce7,29.32
61,2019-08-01T21:06:00Z,450f95ce7c45e78601af35f10fd899f17b65f22340401773d5d499df,60.16762,24.95415,000000006b44cce7,18.79
62,2019-08-01T21:06:00Z,45974f34b99f3ac1d36427bc16395a8a89f2f58fb2961dc0c4096662,60.16629,24.95957,00000000fb7600be,18.79
63,2019-08-01T21:06:00Z,48a16adce258dbf77fdbe395d8526149bbe2280138b4e289eb95659c,60.14947,24.91438,000000004ef3150d,9.92
64,2019-08-01T21:06:00Z,4f0c3ba2bbc4cb7a3c0be279abfcc727760b75617477ad6e0d271a6d,60.16762,24.95415,000000006b44cce7,23.56
65,2019-08-01T21:06:00Z,53663e5001a2538f40dea5c64009dc6c0037d16bd71c1a2f7c5b8513,60.16897,24.95222,00000000aa852af1,27.28
66,2019-08-01T21:06:00Z,584743ec67ad39bc24ae9f306653efa427056434479c3307f24372ff,60.16531,24.9442,00000000fdda10fe,8.38
67,2019-08-01T21:06:00Z,584cb0b0cdd14e608c8b57c8aecc9826f9b40027e365e2438a444ea2,60.16762,24.95415,000000006b44cce7,10.78
68,2019-08-01T21:06:00Z,599911539bd9c809d19e0f2e915348a0c7dda4291496a7fa96916d0f,60.16897,24.95222,00000000aa852af1,16.1
69,2019-08-01T21:06:00Z,5fd0f09d3eb78b689cf6f902d9699a66432e5b5bbb729073273fab69,60.16829,24.94214,00000000afef4555,27.28
70,2019-08-01T21:06:00Z,695af3dc1f291d27b50bdfaaaa74b8f003aeff7c39132cf3306451be,60.17002,24.94407,000000006b087f40,25.36
71,2019-08-01T21:06:00Z,6dc4a3dfebfc74a5cdf76cbe717a4ee37cd8fc6010c52af0f06f6999,60.16762,24.95415,000000006b44cce7,11.7
72,2019-08-01T21:06:00Z,747d53cc82240916c91cafe3d13ed49935c4608973a0d2603dd13ef1,60.16762,24.95415,000000006b44cce7,7.05
73,2019-08-01T21:06:00Z,74cb545f76f0bfc5498607247e26e814276a11ce91f77208054ecbc5,60.17002,24.94407,000000006b087f40,23.56
74,2019-08-01T21:06:00Z,7d084884f8b07c86bf262585b59db7253915ceca3042de899e907e1a,60.16629,24.95957,00000000fb7600be,20.28
75,2019-08-01T21:06:00Z,85702fc6eb80e93f4f30f44e9f50a7a39db67084d3e9a905d8559c28,60.16897,24.95222,00000000aa852af1,17.4
76,2019-08-01T21:06:00Z,934d0b0814cf2cd73a714d825599c8753be59ed44d807a63ff49f0a7,60.16762,24.95415,000000006b44cce7,5.91
77,2019-08-01T21:06:00Z,99a026b5100e23129fa529e9a57a3dbc8490dc03b58f2193f03e2dcf,60.16531,24.9442,00000000fdda10fe,14.89
78,2019-08-01T21:06:00Z,9f44742c06e9ac6581b04460ef97cbd5667b0f3972b40b08d0041946,60.17918,24.95141,00000000675d5200,10.78
79,2019-08-01T21:06:00Z,a3850da59c06797c5c5840eb83c1a2eb280596eab13e376a7b589390,60.16544,24.95398,0000000038d83d41,14.89
80,2019-08-01T21:06:00Z,a77c59265a2fe377cbf892b3b265ac80db20992ad5d8dfa4ec50fdaf,60.16762,24.95415,000000006b44cce7,13.75
81,2019-08-01T21:06:00Z,aa40a8dd210499486e13ab596b40e43156c251d9b9c3d159f9fc01be,60.16829,24.94214,00000000afef4555,7.69
82,2019-08-01T21:06:00Z,b0ea6c22666ca8560dea5ffc111c38586617623660d7aa1ef4f36a4c,60.14947,24.91438,000000004ef3150d,7.69
83,2019-08-01T21:06:00Z,b18bb95d3505225b331e3d25b1ec297f1041e2d82644a443e9d5bc01,60.16897,24.95222,00000000aa852af1,25.36
84,2019-08-01T21:06:00Z,b6b19c3283a0fe626d5c8e3cd689156518aec5b91e2bc1bead1a81e9,60.16531,24.9442,00000000fdda10fe,14.89
85,2019-08-01T21:06:00Z,b86e2c612b11bb9fd4cc17325508329c105d3d2cd993b64f8e8efff5,60.16762,24.95415,000000006b44cce7,12.69
86,2019-08-01T21:06:00Z,b8da662e2524abd0b58e6d9e884778141e8f341aa773397375a0ed20,60.17002,24.94407,000000006b087f40,31.5
87,2019-08-01T21:06:00Z,b8f6ef6bf88c91596cf15206ff9a2e182d903051ba2d7b3b2fff797d,60.17002,24.94407,000000006b087f40,20.28
88,2019-08-01T21:06:00Z,bbbd32a1058c23206034d653bfb0edf0cbc874d129e82bd53bd4e2f2,60.16829,24.94214,00000000afef4555,4.5
89,2019-08-01T21:06:00Z,bf8e40a87c8dd73c9bac5195f37e29e9562432831baf831441a37e16,60.16829,24.94214,00000000afef4555,29.32
90,2019-08-01T21:06:00Z,c051be06b7ef22deaa935f011a7f2930fa6a080b15069b43f827fca7,60.16829,24.94214,00000000afef4555,27.28
91,2019-08-01T21:06:00Z,c0a0ca3433586ed2ae0e448f2406fabac7292ac79d49562e0bd5cef8,60.16762,24.95415,000000006b44cce7,27.28
92,2019-08-01T21:06:00Z,c9ce14e0dbf0cf3c24f6a92a1930fa32de9a1de0ffe63082ccddb0d6,60.16448,24.97323,0000000053c6c2be,17.4
93,2019-08-01T21:06:00Z,cbb4404829670327ba671a36a32752fe197199cbc6b59cd4e24b96ec,60.15133,24.92329,00000000e8a064a4,33.81
94,2019-08-01T21:06:00Z,e0120e9b25904e5e425c116c80e437cc5562556643f6eb1684e53355,60.17002,24.94407,000000006b087f40,31.5
95,2019-08-01T21:06:00Z,ead8a9712515c5d2aa3bb97df62a9c270b9b9eb3833341a9e1cdb848,60.16897,24.95222,00000000aa852af1,25.36
96,2019-08-01T21:06:00Z,eede32b44e98067eb165d1c8b2cb7f57fbb5321dd59009a372f2a375,60.16762,24.95415,000000006b44cce7,18.79
97,2019-08-01T21:06:01Z,075be70b0c9febdacbaeeb7cd5008912aad9ce85c22f5ee3d6b77e40,60.16897,24.95222,00000000aa852af1,20.28
98,2019-08-01T21:06:01Z,0add92bb629361fdf34a91a86a1f9e3aed5f10895edae2bd32f97fb0,60.14699,24.922,00000000a53ed894,23.56
99,2019-08-01T21:06:01Z,112c36ba789fa57e2b19c9bff8bfe0b3eba19a431c3af4656c4cee5b,60.16531,24.9442,00000000fdda10fe,29.32
100,2019-08-01T21:06:01Z,14c7e1511b70f4dd3359cbece1377aebb4d70531f5489eefe53d7c3c,60.16544,24.95398,0000000038d83d41,25.36
101,2019-08-01T21:06:01Z,165ebbb4090d47319ae370f0d0854fdc1f6b79499f8b2e4d3c3533c0,60.16544,24.95398,0000000038d83d41,38.87
102,2019-08-01T21:06:01Z,22581e1d9764b88a01034a4cab1a6b02fa4aa770025b9bd340685163,60.15432,24.9211,0000000019fb59c4,9.92
103,2019-08-01T21:06:01Z,297c725b456ef12d2712634b21546721cbe93224d3a5762d897404f2,60.16762,24.95415,000000006b44cce7,11.7
104,2019-08-01T21:06:01Z,2c94897aa62344f630952ad6032f5d7976419125d126b15c1386c8b1,60.1538,24.95595,0000000038bf9618,23.56
105,2019-08-01T21:06:01Z,351407b43e2d2cbb60e7481f6fea88dcd24a9ea0d5a0f63e5073d365,60.16544,24.95398,0000000038d83d41,27.28
106,2019-08-01T21:06:01Z,3944bc7a301be7241d1f7bc4a97f221000d535ce3d8a9af9af9b23b5,60.16531,24.9442,00000000fdda10fe,41.64
107,2019-08-01T21:06:01Z,3f49409a37c0dd8184c936766a95b62c66b8f2def53c1829eb28a19f,60.17002,24.94407,000000006b087f40,23.56
108,2019-08-01T21:06:01Z,41d3af8da554a2f22a1c6596e0da84fd612b70022b5d295e6b4928e7,60.15432,24.9211,0000000019fb59c4,10.78
109,2019-08-01T21:06:01Z,43b676ed3aef4c2d8846694817e76117873be52e7f788e0cb366c1c4,60.16629,24.95957,00000000fb7600be,25.36
110,2019-08-01T21:06:01Z,44f1947d0640fa977e6056a6b644c7fec2930ccd7ba2750d71429f00,60.16544,24.95398,0000000038d83d41,18.79
111,2019-08-01T21:06:01Z,59107c0fb745e0aacace35f3eb6888e9aa1cace3ca066219be32fe54,60.16897,24.95222,00000000aa852af1,20.28
112,2019-08-01T21:06:01Z,5c53b5477992af1e0b2d1af467fc8df542695a341ea3ef9fd510fc53,60.16762,24.95415,000000006b44cce7,17.4
113,2019-08-01T21:06:01Z,5d65719c4cbf045f068d084b72302f447d5fd034413d97d13be00d0e,60.18203,24.91341,00000000342570c2,20.28
114,2019-08-01T21:06:01Z,5eed115a984d490b02b602d73787aee8dc8c4e9365b77fbff3818a76,60.16629,24.95957,00000000fb7600be,25.36
115,2019-08-01T21:06:01Z,6011490fb2e02d0b9d936fa70a06572cb55ffd9a6a7c607cf75c5a71,60.16897,24.95222,00000000aa852af1,21.87
116,2019-08-01T21:06:01Z,66dabd3229229330d23c70e9e1737429ddfe69db01f4a6a00f70fa20,60.16762,24.95415,000000006b44cce7,21.87
117,2019-08-01T21:06:01Z,693099b54f1d14b899f005c233a431270bde084ad2fe05abf597743a,60.16544,24.95398,0000000038d83d41,20.28
118,2019-08-01T21:06:01Z,6a54644283a4f5a6369abe947b4e9faf2ca3c25ef2ea42502cb60c5f,60.15432,24.9211,0000000019fb59c4,12.69
119,2019-08-01T21:06:01Z,6f06341f358e61699fe1e55e986dd0554bc8da28b91daf0c5ad99db6,60.16629,24.95957,00000000fb7600be,25.36
120,2019-08-01T21:06:01Z,71f1ccf548a0ec676009a1185a36ad6c18191be59b397e8261d67443,60.16762,24.95415,000000006b44cce7,6.46
121,2019-08-01T21:06:01Z,747f2d1ebff218c0ebbdc0fdaef4cbe56633dfb46ae1b1f8c8142201,60.16762,24.95415,000000006b44cce7,21.87
122,2019-08-01T21:06:01Z,77839e655f856d5295739c2388237a95b399c3b8a4f659cd1345d939,60.16829,24.94214,00000000afef4555,23.56
123,2019-08-01T21:06:01Z,7a3db40d91e137d1381ac690a78039878e0baa317ed9a7cd6882df27,60.16762,24.95415,000000006b44cce7,20.28
124,2019-08-01T21:06:01Z,87dfaad29a9276ddddb1fa021d3bc23ad14824c1af16f7d87e713689,60.14951,24.92138,0000000006dd41f6,12.69
125,2019-08-01T21:06:01Z,8cc6ddaa460aeae8cc9e8a33f91a01c8cd4c0c8bf8a943210a28c84d,60.1538,24.95595,0000000038bf9618,21.87
126,2019-08-01T21:06:01Z,91d3b80de4439a4a49ddb8a04d72a0a2ec6c08f351d70232842af567,60.16762,24.95415,000000006b44cce7,27.28
127,2019-08-01T21:06:01Z,9843c6216661048343a0e49cf3d8aa2883cf77f452666a1c873a1052,60.16448,24.97323,0000000053c6c2be,14.89
128,2019-08-01T21:06:01Z,9a3441615c7a95dad7af50ae16b0ac928f9d84ea590ac67cfa97ef1e,60.16544,24.95398,0000000038d83d41,18.79
129,2019-08-01T21:06:01Z,9e542b3a7effec1e348e152448282ff99d56cacba9ecdb492a7dd572,60.1538,24.95595,0000000038bf9618,13.75
130,2019-08-01T21:06:01Z,a1ba09b019cae8df2ec9396f46a163e5b29858a11380955ed9605985,60.15432,24.9211,0000000019fb59c4,14.89
131,2019-08-01T21:06:01Z,b5fd6b317890e5ab2d79e2cd1abe61626d45a753c7337d0d40728898,60.16762,24.95415,000000006b44cce7,9.12
132,2019-08-01T21:06:01Z,bc47f02c87cebb9928c25d0ad0c1e77fa507b77e58f60e2420264dea,60.15432,24.9211,0000000019fb59c4,23.56
133,2019-08-01T21:06:01Z,c129dd128e6475a9f19e37c93fa734358684320e32cd565e787b0fcb,60.16544,24.95398,0000000038d83d41,18.79
134,2019-08-01T21:06:01Z,c4987065b4c4cb235c676c77aac913aa95281a4e8a18412aceaaea00,60.17002,24.94407,000000006b087f40,25.36
135,2019-08-01T21:06:01Z,ce4d251a2c6b56d67533935f9c53278886ef447f18ddca76b92d9335,60.16897,24.95222,00000000aa852af1,10.78
136,2019-08-01T21:06:01Z,cf05623e4d87ce0906c0b0b7dbf53aacc1228016cd27c341228b6e76,60.18203,24.91341,00000000342570c2,21.87
137,2019-08-01T21:06:01Z,e4d5e4ce6948a7be641aea768bcfddad2dc69af202e3b5a2bd920370,60.16829,24.94214,00000000afef4555,16.1
138,2019-08-01T21:06:01Z,f088630d7476dae7d4b7e2bb1f10575f2c89acb4b6e061f3d57c2b40,60.16531,24.9442,00000000fdda10fe,23.56
139,2019-08-01T21:06:01Z,fc4f3a44235f1cfc7b53f14ba2da599976a5a0a220d23b852688e485,60.17918,24.95141,00000000675d5200,33.81
140,2019-08-01T21:06:01Z,0137133b34865b617822b3ba17a9c1f0eddd9e851fe2e9cc34e5e573,60.16629,24.95957,00000000fb7600be,12.69
141,2019-08-01T21:06:01Z,1146e5d9e8c2dcaf7bd20da6909b544365f281f163b2b3f902ecf6f6,60.14699,24.922,00000000a53ed894,21.87
142,2019-08-01T21:06:01Z,13d0b9fbab213706e29da25b56bc1b9e4a238cc9b0396bbcf02c5600,60.16531,24.9442,00000000fdda10fe,29.32
143,2019-08-01T21:06:01Z,153e69a8c7b42c2870712b674b7ad0ad5c04b29406e0cf1f412dbc17,60.17002,24.94407,000000006b087f40,27.28
144,2019-08-01T21:06:01Z,1b91edbc49ad4c4a9e657dd5669a1429aba1c8811f0b5c04213c731b,60.17918,24.95141,00000000675d5200,31.5
145,2019-08-01T21:06:01Z,1bc8c7193161452434ff3c1e7d26772a5f4744767e7ebc1c6cdae599,60.17002,24.94407,000000006b087f40,29.32
146,2019-08-01T21:06:01Z,1dacfb371d75dd4f90f447aac2a00faad98beb4188a6971c19eb2375,60.16629,24.95957,00000000fb7600be,29.32
147,2019-08-01T21:06:01Z,1ecbc7c6afe89033252e5510cbb893666af2b3bc29f555a3a6287fdb,60.14951,24.92138,0000000006dd41f6,2.8
148,2019-08-01T21:06:01Z,25b9a688fda1515f9ff250d01f89c4491af81e3721b9b2348d88d2e3,60.16762,24.95415,000000006b44cce7,21.87
149,2019-08-01T21:06:01Z,2616ba886a90e823c28a48496019b0196d489bc18a37076bbaf0332f,60.149,24.9843,00000000fffb8cf0,16.1
150,2019-08-01T21:06:01Z,27796e9ce8517570213efd1dc958f7b9944f0116e0d27aec136e807f,60.16829,24.94214,00000000afef4555,21.87
151,2019-08-01T21:06:01Z,2970ecf01426390fc2f4e429f4eccfe3f7737b3d9c588d67fb9b7a93,60.16829,24.94214,00000000afef4555,21.87
152,2019-08-01T21:06:01Z,2b3f636658a1455185b5562bcd003371824214cd6b285ff9a6c7c6bb,60.16762,24.95415,000000006b44cce7,18.79
153,2019-08-01T21:06:01Z,317a6a83030a94190161f930951cd9c2c4d74dff54f05b465a99841f,60.16531,24.9442,00000000fdda10fe,13.75
154,2019-08-01T21:06:01Z,368d06716d75bf6154b4e95d3c7c0246289487454587127cc960a770,60.16762,24.95415,000000006b44cce7,16.1
155,2019-08-01T21:06:01Z,428192339d7424e308a6321af9671d424f1eebe48b43cd4415556f90,60.16897,24.95222,00000000aa852af1,25.36
156,2019-08-01T21:06:01Z,450f95ce7c45e78601af35f10fd899f17b65f22340401773d5d499df,60.16762,24.95415,000000006b44cce7,17.4
157,2019-08-01T21:06:01Z,45974f34b99f3ac1d36427bc16395a8a89f2f58fb2961dc0c4096662,60.16629,24.95957,00000000fb7600be,18.79
158,2019-08-01T21:06:01Z,48a16adce258dbf77fdbe395d8526149bbe2280138b4e289eb95659c,60.14947,24.91438,000000004ef3150d,9.92
159,2019-08-01T21:06:01Z,584743ec67ad39bc24ae9f306653efa427056434479c3307f24372ff,60.16531,24.9442,00000000fdda10fe,9.12
160,2019-08-01T21:06:01Z,584cb0b0cdd14e608c8b57c8aecc9826f9b40027e365e2438a444ea2,60.16762,24.95415,000000006b44cce7,10.78
161,2019-08-01T21:06:01Z,5d310ef05987d61807353e24e5e4d07a9730911df0502b7d7b52df15,60.16762,24.95415,000000006b44cce7,21.87
162,2019-08-01T21:06:01Z,5fd0f09d3eb78b689cf6f902d9699a66432e5b5bbb729073273fab69,60.16829,24.94214,00000000afef4555,31.5
163,2019-08-01T21:06:01Z,6bbdde43695e98f64bcee39e55c779c51d5ae6f728651a9f0f196de3,60.16762,24.95415,000000006b44cce7,18.79
164,2019-08-01T21:06:01Z,6c11fa2ea037fcf94acc1d8fa882fece05858ccb512d4a0570755bcc,60.16448,24.97323,0000000053c6c2be,25.36
165,2019-08-01T21:06:01Z,6dc4a3dfebfc74a5cdf76cbe717a4ee37cd8fc6010c52af0f06f6999,60.16762,24.95415,000000006b44cce7,7.69
166,2019-08-01T21:06:01Z,747d53cc82240916c91cafe3d13ed49935c4608973a0d2603dd13ef1,60.16762,24.95415,000000006b44cce7,8.38
167,2019-08-01T21:06:01Z,74cb545f76f0bfc5498607247e26e814276a11ce91f77208054ecbc5,60.17002,24.94407,000000006b087f40,23.56
168,2019-08-01T21:06:01Z,75ca5fddc0e743ea1f28c3253ab5a0c07d1c837c2b6b58f503c7a84d,60.16531,24.9442,00000000fdda10fe,41.64
169,2019-08-01T21:06:01Z,7d084884f8b07c86bf262585b59db7253915ceca3042de899e907e1a,60.16629,24.95957,00000000fb7600be,16.1
170,2019-08-01T21:06:01Z,934d0b0814cf2cd73a714d825599c8753be59ed44d807a63ff49f0a7,60.16762,24.95415,000000006b44cce7,5.91
171,2019-08-01T21:06:01Z,9f44742c06e9ac6581b04460ef97cbd5667b0f3972b40b08d0041946,60.17918,24.95141,00000000675d5200,8.38
172,2019-08-01T21:06:01Z,a3850da59c06797c5c5840eb83c1a2eb280596eab13e376a7b589390,60.16544,24.95398,0000000038d83d41,29.32
173,2019-08-01T21:06:01Z,a49407ca2e95b48f0f0542176e9d316831ec26559382a88132ec70f8,60.18203,24.91341,00000000342570c2,31.5
174,2019-08-01T21:06:01Z,a77c59265a2fe377cbf892b3b265ac80db20992ad5d8dfa4ec50fdaf,60.16762,24.95415,000000006b44cce7,14.89
175,2019-08-01T21:06:01Z,aa40a8dd210499486e13ab596b40e43156c251d9b9c3d159f9fc01be,60.16829,24.94214,00000000afef4555,9.92
176,2019-08-01T21:06:01Z,b0ea6c22666ca8560dea5ffc111c38586617623660d7aa1ef4f36a4c,60.14947,24.91438,000000004ef3150d,7.05
177,2019-08-01T21:06:01Z,b18bb95d3505225b331e3d25b1ec297f1041e2d82644a443e9d5bc01,60.16897,24.95222,00000000aa852af1,23.56
178,2019-08-01T21:06:01Z,b6b19c3283a0fe626d5c8e3cd689156518aec5b91e2bc1bead1a81e9,60.16531,24.9442,00000000fdda10fe,11.7
179,2019-08-01T21:06:01Z,b86e2c612b11bb9fd4cc17325508329c105d3d2cd993b64f8e8efff5,60.16762,24.95415,000000006b44cce7,17.4
180,2019-08-01T21:06:01Z,bbbd32a1058c23206034d653bfb0edf0cbc874d129e82bd53bd4e2f2,60.16829,24.94214,00000000afef4555,2.54
181,2019-08-01T21:06:01Z,bf8e40a87c8dd73c9bac5195f37e29e9562432831baf831441a37e16,60.16829,24.94214,00000000afef4555,21.87
182,2019-08-01T21:06:01Z,c051be06b7ef22deaa935f011a7f2930fa6a080b15069b43f827fca7,60.16829,24.94214,00000000afef4555,29.32
183,2019-08-01T21:06:01Z,cbb4404829670327ba671a36a32752fe197199cbc6b59cd4e24b96ec,60.15133,24.92329,00000000e8a064a4,25.36
184,2019-08-01T21:06:01Z,dd3286125d6fe710c233999262d0144e09d40fa89580a89a2d3a000a,60.16897,24.95222,00000000aa852af1,29.32
185,2019-08-01T21:06:01Z,e7a1282a8390926750c0596c9364ca38c0d4bebea83a310614a36e77,60.16762,24.95415,000000006b44cce7,16.1
186,2019-08-01T21:06:01Z,e979243b8b2018bd51ca556596e1f984394a7803abb8e6ef8d1ed062,60.16829,24.94214,00000000afef4555,18.79
187,2019-08-01T21:06:01Z,eede32b44e98067eb165d1c8b2cb7f57fbb5321dd59009a372f2a375,60.16762,24.95415,000000006b44cce7,10.78
188,2019-08-01T21:06:01Z,f9399339c3de44774896319d3f291771cebcaf2666df1d6062469882,60.16531,24.9442,00000000fdda10fe,33.81
189,2019-08-01T21:06:02Z,075be70b0c9febdacbaeeb7cd5008912aad9ce85c22f5ee3d6b77e40,60.16897,24.95222,00000000aa852af1,20.28
190,2019-08-01T21:06:02Z,0add92bb629361fdf34a91a86a1f9e3aed5f10895edae2bd32f97fb0,60.14699,24.922,00000000a53ed894,20.28
191,2019-08-01T21:06:02Z,14c7e1511b70f4dd3359cbece1377aebb4d70531f5489eefe53d7c3c,60.16544,24.95398,0000000038d83d41,23.56
192,2019-08-01T21:06:02Z,165ebbb4090d47319ae370f0d0854fdc1f6b79499f8b2e4d3c3533c0,60.16544,24.95398,0000000038d83d41,27.28
193,2019-08-01T21:06:02Z,22581e1d9764b88a01034a4cab1a6b02fa4aa770025b9bd340685163,60.15432,24.9211,0000000019fb59c4,9.92
194,2019-08-01T21:06:02Z,24d2f2ddd119efcb13abb0ab2cb53850e9788b6713967ccca4d6e071,60.16897,24.95222,00000000aa852af1,23.56
195,2019-08-01T21:06:02Z,297c725b456ef12d2712634b21546721cbe93224d3a5762d897404f2,60.16762,24.95415,000000006b44cce7,11.7
196,2019-08-01T21:06:02Z,2c94897aa62344f630952ad6032f5d7976419125d126b15c1386c8b1,60.1538,24.95595,0000000038bf9618,23.56
197,2019-08-01T21:06:02Z,351407b43e2d2cbb60e7481f6fea88dcd24a9ea0d5a0f63e5073d365,60.16544,24.95398,0000000038d83d41,29.32
198,2019-08-01T21:06:02Z,3944bc7a301be7241d1f7bc4a97f221000d535ce3d8a9af9af9b23b5,60.16531,24.9442,00000000fdda10fe,27.28
199,2019-08-01T21:06:02Z,3f49409a37c0dd8184c936766a95b62c66b8f2def53c1829eb28a19f,60.17002,24.94407,000000006b087f40,21.87
200,2019-08-01T21:06:02Z,41d3af8da554a2f22a1c6596e0da84fd612b70022b5d295e6b4928e7,60.15432,24.9211,0000000019fb59c4,11.7
201,2019-08-01T21:06:02Z,43b676ed3aef4c2d8846694817e76117873be52e7f788e0cb366c1c4,60.16629,24.95957,00000000fb7600be,23.56
202,2019-08-01T21:06:02Z,44f1947d0640fa977e6056a6b644c7fec2930ccd7ba2750d71429f00,60.16544,24.95398,0000000038d83d41,17.4
203,2019-08-01T21:06:02Z,59107c0fb745e0aacace35f3eb6888e9aa1cace3ca066219be32fe54,60.16897,24.95222,00000000aa852af1,18.79
204,2019-08-01T21:06:02Z,5bbb5184fded3e51bc78e45e39917794285e6bbc72da404802a9599a,60.16531,24.9442,00000000fdda10fe,18.79
205,2019-08-01T21:06:02Z,5c53b5477992af1e0b2d1af467fc8df542695a341ea3ef9fd510fc53,60.16762,24.95415,000000006b44cce7,18.79
206,2019-08-01T21:06:02Z,5d65719c4cbf045f068d084b72302f447d5fd034413d97d13be00d0e,60.18203,24.91341,00000000342570c2,17.4
207,2019-08-01T21:06:02Z,5eed115a984d490b02b602d73787aee8dc8c4e9365b77fbff3818a76,60.16629,24.95957,00000000fb7600be,25.36
208,2019-08-01T21:06:02Z,6011490fb2e02d0b9d936fa70a06572cb55ffd9a6a7c607cf75c5a71,60.16897,24.95222,00000000aa852af1,17.4
209,2019-08-01T21:06:02Z,693099b54f1d14b899f005c233a431270bde084ad2fe05abf597743a,60.16544,24.95398,0000000038d83d41,23.56
210,2019-08-01T21:06:02Z,6a54644283a4f5a6369abe947b4e9faf2ca3c25ef2ea42502cb60c5f,60.15432,24.9211,0000000019fb59c4,16.1
211,2019-08-01T21:06:02Z,71f1ccf548a0ec676009a1185a36ad6c18191be59b397e8261d67443,60.16762,24.95415,000000006b44cce7,6.46
212,2019-08-01T21:06:02Z,747f2d1ebff218c0ebbdc0fdaef4cbe56633dfb46ae1b1f8c8142201,60.16762,24.95415,000000006b44cce7,12.69
213,2019-08-01T21:06:02Z,78d5f60b36b59c06c3988b94e11744bb3aed5dcbc214f91f228bf892,60.16448,24.97323,0000000053c6c2be,31.5
214,2019-08-01T21:06:02Z,7a3db40d91e137d1381ac690a78039878e0baa317ed9a7cd6882df27,60.16762,24.95415,000000006b44cce7,18.79
215,2019-08-01T21:06:02Z,7e9a43fd9918108a1e1f68ee62b044bd361736c1b4ab9261f449fe31,60.15133,24.92329,00000000e8a064a4,31.5
216,2019-08-01T21:06:02Z,87dfaad29a9276ddddb1fa021d3bc23ad14824c1af16f7d87e713689,60.14951,24.92138,0000000006dd41f6,11.7
217,2019-08-01T21:06:02Z,8c75c3289c84fe4493e1e272a77b615fe1985880c5dc68a7c1a17b53,60.16762,24.95415,000000006b44cce7,16.1
218,2019-08-01T21:06:02Z,8cc6ddaa460aeae8cc9e8a33f91a01c8cd4c0c8bf8a943210a28c84d,60.1538,24.95595,0000000038bf9618,21.87
219,2019-08-01T21:06:02Z,9843c6216661048343a0e49cf3d8aa2883cf77f452666a1c873a1052,60.16448,24.97323,0000000053c6c2be,13.75
220,2019-08-01T21:06:02Z,9a3441615c7a95dad7af50ae16b0ac928f9d84ea590ac67cfa97ef1e,60.16544,24.95398,0000000038d83d41,16.1
221,2019-08-01T21:06:02Z,9e542b3a7effec1e348e152448282ff99d56cacba9ecdb492a7dd572,60.1538,24.95595,0000000038bf9618,13.75
222,2019-08-01T21:06:02Z,a1ba09b019cae8df2ec9396f46a163e5b29858a11380955ed9605985,60.15432,24.9211,0000000019fb59c4,12.69
223,2019-08-01T21:06:02Z,a91d379a4b57c5df22db0d7a041ff69f657b4b31f28554b1011fc03c,60.16544,24.95398,0000000038d83d41,31.5
224,2019-08-01T21:06:02Z,b33ae7715d6d2571066655c2c8954a5a364b5601869047de83410d9f,60.16629,24.95957,00000000fb7600be,23.56
225,2019-08-01T21:06:02Z,b5fd6b317890e5ab2d79e2cd1abe61626d45a753c7337d0d40728898,60.16762,24.95415,000000006b44cce7,9.12
226,2019-08-01T21:06:02Z,bc47f02c87cebb9928c25d0ad0c1e77fa507b77e58f60e2420264dea,60.15432,24.9211,0000000019fb59c4,20.28
227,2019-08-01T21:06:02Z,c129dd128e6475a9f19e37c93fa734358684320e32cd565e787b0fcb,60.16544,24.95398,0000000038d83d41,12.69
228,2019-08-01T21:06:02Z,c40c37def6bf11a63a2556519a7c6233fd417cdeea2cf14f28e7c42c,60.16531,24.9442,00000000fdda10fe,20.28
229,2019-08-01T21:06:02Z,c4987065b4c4cb235c676c77aac913aa95281a4e8a18412aceaaea00,60.17002,24.94407,000000006b087f40,23.56
230,2019-08-01T21:06:02Z,ce4d251a2c6b56d67533935f9c53278886ef447f18ddca76b92d9335,60.16897,24.95222,00000000aa852af1,10.78
231,2019-08-01T21:06:02Z,cf05623e4d87ce0906c0b0b7dbf53aacc1228016cd27c341228b6e76,60.18203,24.91341,00000000342570c2,33.81
232,2019-08-01T21:06:02Z,e4d5e4ce6948a7be641aea768bcfddad2dc69af202e3b5a2bd920370,60.16829,24.94214,00000000afef4555,8.38
233,2019-08-01T21:06:02Z,ed70dda6b7faebd4340dacdb452ab224d9d3c308df417b7fa76f54e8,60.14951,24.92138,0000000006dd41f6,20.28
234,2019-08-01T21:06:02Z,f088630d7476dae7d4b7e2bb1f10575f2c89acb4b6e061f3d57c2b40,60.16531,24.9442,00000000fdda10fe,17.4
235,2019-08-01T21:06:02Z,fc4f3a44235f1cfc7b53f14ba2da599976a5a0a220d23b852688e485,60.17919,24.95181,000000007b5207b6,20.28
236,2019-08-01T21:06:02Z,0137133b34865b617822b3ba17a9c1f0eddd9e851fe2e9cc34e5e573,60.16629,24.95957,00000000fb7600be,13.75
237,2019-08-01T21:06:02Z,1146e5d9e8c2dcaf7bd20da6909b544365f281f163b2b3f902ecf6f6,60.14699,24.922,00000000a53ed894,23.56
238,2019-08-01T21:06:02Z,153e69a8c7b42c2870712b674b7ad0ad5c04b29406e0cf1f412dbc17,60.17002,24.94407,000000006b087f40,25.36
239,2019-08-01T21:06:02Z,1b91edbc49ad4c4a9e657dd5669a1429aba1c8811f0b5c04213c731b,60.17918,24.95141,00000000675d5200,17.4
240,2019-08-01T21:06:02Z,1dacfb371d75dd4f90f447aac2a00faad98beb4188a6971c19eb2375,60.16629,24.95957,00000000fb7600be,20.28
241,2019-08-01T21:06:02Z,1ecbc7c6afe89033252e5510cbb893666af2b3bc29f555a3a6287fdb,60.14951,24.92138,0000000006dd41f6,2.8
242,2019-08-01T21:06:02Z,220aa77bd9d9dbb23e0b1c99ffbb9d3bcdaf0626d992ee70693bf268,60.16762,24.95415,000000006b44cce7,18.79
243,2019-08-01T21:06:02Z,25b9a688fda1515f9ff250d01f89c4491af81e3721b9b2348d88d2e3,60.16762,24.95415,000000006b44cce7,23.56
244,2019-08-01T21:06:02Z,2616ba886a90e823c28a48496019b0196d489bc18a37076bbaf0332f,60.149,24.9843,00000000fffb8cf0,17.4
245,2019-08-01T21:06:02Z,317a6a83030a94190161f930951cd9c2c4d74dff54f05b465a99841f,60.16531,24.9442,00000000fdda10fe,7.05
246,2019-08-01T21:06:02Z,368d06716d75bf6154b4e95d3c7c0246289487454587127cc960a770,60.16762,24.95415,000000006b44cce7,17.4
247,2019-08-01T21:06:02Z,45974f34b99f3ac1d36427bc16395a8a89f2f58fb2961dc0c4096662,60.16629,24.95957,00000000fb7600be,18.79
248,2019-08-01T21:06:02Z,48a16adce258dbf77fdbe395d8526149bbe2280138b4e289eb95659c,60.14947,24.91438,000000004ef3150d,8.38
249,2019-08-01T21:06:02Z,53663e5001a2538f40dea5c64009dc6c0037d16bd71c1a2f7c5b8513,60.16897,24.95222,00000000aa852af1,27.28
250,2019-08-01T21:06:02Z,584743ec67ad39bc24ae9f306653efa427056434479c3307f24372ff,60.16531,24.9442,00000000fdda10fe,9.12
251,2019-08-01T21:06:02Z,584cb0b0cdd14e608c8b57c8aecc9826f9b40027e365e2438a444ea2,60.16762,24.95415,000000006b44cce7,9.92
252,2019-08-01T21:06:02Z,599911539bd9c809d19e0f2e915348a0c7dda4291496a7fa96916d0f,60.16897,24.95222,00000000aa852af1,17.4
253,2019-08-01T21:06:02Z,695af3dc1f291d27b50bdfaaaa74b8f003aeff7c39132cf3306451be,60.17002,24.94407,000000006b087f40,21.87
254,2019-08-01T21:06:02Z,6d68d344ed3309959ce5e04496a67ab8dc8d64febe45f00a95323ac7,60.16762,24.95415,000000006b44cce7,18.79
255,2019-08-01T21:06:02Z,6dc4a3dfebfc74a5cdf76cbe717a4ee37cd8fc6010c52af0f06f6999,60.16762,24.95415,000000006b44cce7,20.28
256,2019-08-01T21:06:02Z,747d53cc82240916c91cafe3d13ed49935c4608973a0d2603dd13ef1,60.16762,24.95415,000000006b44cce7,14.89
257,2019-08-01T21:06:02Z,74cb545f76f0bfc5498607247e26e814276a11ce91f77208054ecbc5,60.17002,24.94407,000000006b087f40,20.28
258,2019-08-01T21:06:02Z,75ca5fddc0e743ea1f28c3253ab5a0c07d1c837c2b6b58f503c7a84d,60.16531,24.9442,00000000fdda10fe,29.32
259,2019-08-01T21:06:02Z,7d084884f8b07c86bf262585b59db7253915ceca3042de899e907e1a,60.16629,24.95957,00000000fb7600be,17.4
260,2019-08-01T21:06:02Z,8458a8a1e27254c530a729d7a10bce1771c26bf12d110ed1dabc03b8,60.17002,24.94407,000000006b087f40,38.87
261,2019-08-01T21:06:02Z,909e8c309439e2c9110773c9fae7e699182979e8a36574642bca4da3,60.16762,24.95415,000000006b44cce7,25.36
262,2019-08-01T21:06:02Z,934d0b0814cf2cd73a714d825599c8753be59ed44d807a63ff49f0a7,60.16762,24.95415,000000006b44cce7,5.91
263,2019-08-01T21:06:02Z,99a026b5100e23129fa529e9a57a3dbc8490dc03b58f2193f03e2dcf,60.16531,24.9442,00000000fdda10fe,13.75
264,2019-08-01T21:06:02Z,9d713c9ce415e473048b45bbb35d6dcdef35cabaca39aa54f2e781a3,60.16531,24.9442,00000000fdda10fe,33.81
265,2019-08-01T21:06:02Z,9f44742c06e9ac6581b04460ef97cbd5667b0f3972b40b08d0041946,60.17918,24.95141,00000000675d5200,11.7
266,2019-08-01T21:06:02Z,a1b5a085f111c118e0e3ffd3a219c8a40dfbef5e41b5996aa6be4bec,60.16762,24.95415,000000006b44cce7,21.87
267,2019-08-01T21:06:02Z,a77c59265a2fe377cbf892b3b265ac80db20992ad5d8dfa4ec50fdaf,60.16762,24.95415,000000006b44cce7,14.89
268,2019-08-01T21:06:02Z,aa40a8dd210499486e13ab596b40e43156c251d9b9c3d159f9fc01be,60.16829,24.94214,00000000afef4555,9.12
269,2019-08-01T21:06:02Z,b0ea6c22666ca8560dea5ffc111c38586617623660d7aa1ef4f36a4c,60.14947,24.91438,000000004ef3150d,16.1
270,2019-08-01T21:06:02Z,b6b19c3283a0fe626d5c8e3cd689156518aec5b91e2bc1bead1a81e9,60.16531,24.9442,00000000fdda10fe,11.7
271,2019-08-01T21:06:02Z,b86e2c612b11bb9fd4cc17325508329c105d3d2cd993b64f8e8efff5,60.16762,24.95415,000000006b44cce7,14.89
272,2019-08-01T21:06:02Z,b8f6ef6bf88c91596cf15206ff9a2e182d903051ba2d7b3b2fff797d,60.17002,24.94407,000000006b087f40,29.32
273,2019-08-01T21:06:02Z,bbbd32a1058c23206034d653bfb0edf0cbc874d129e82bd53bd4e2f2,60.16829,24.94214,00000000afef4555,4.94
274,2019-08-01T21:06:02Z,bd843bd97c2d5d661bdfa1643efa8d04f486eaf0066679bc096887ab,60.16762,24.95415,000000006b44cce7,23.56
275,2019-08-01T21:06:02Z,c698c28ca817c9057b59d8abc03c4724551b1fe90b70a70e7848d269,60.16531,24.9442,00000000fdda10fe,31.5
276,2019-08-01T21:06:02Z,cbb4404829670327ba671a36a32752fe197199cbc6b59cd4e24b96ec,60.15133,24.92329,00000000e8a064a4,27.28
277,2019-08-01T21:06:02Z,e32c9fcc9f8e3d79e3e6485c8d6e1ac8a9532f735aaba1ea2f285c27,60.17002,24.94407,000000006b087f40,25.36
278,2019-08-01T21:06:02Z,e7a1282a8390926750c0596c9364ca38c0d4bebea83a310614a36e77,60.16762,24.95415,000000006b44cce7,17.4
279,2019-08-01T21:06:02Z,eede32b44e98067eb165d1c8b2cb7f57fbb5321dd59009a372f2a375,60.16762,24.95415,000000006b44cce7,7.05
280,2019-08-01T21:06:03Z,03e0fc996a589ccdf1871b3c78e089c08c93ba1f2a02d740fb384aac,60.16531,24.9442,00000000fdda10fe,31.5
281,2019-08-01T21:06:03Z,075be70b0c9febdacbaeeb7cd5008912aad9ce85c22f5ee3d6b77e40,60.16897,24.95222,00000000aa852af1,20.28
282,2019-08-01T21:06:03Z,0add92bb629361fdf34a91a86a1f9e3aed5f10895edae2bd32f97fb0,60.14699,24.922,00000000a53ed894,21.87
283,2019-08-01T21:06:03Z,14c7e1511b70f4dd3359cbece1377aebb4d70531f5489eefe53d7c3c,60.16544,24.95398,0000000038d83d41,23.56
284,2019-08-01T21:06:03Z,165ebbb4090d47319ae370f0d0854fdc1f6b79499f8b2e4d3c3533c0,60.16544,24.95398,0000000038d83d41,25.36
285,2019-08-01T21:06:03Z,22581e1d9764b88a01034a4cab1a6b02fa4aa770025b9bd340685163,60.15432,24.9211,0000000019fb59c4,13.75
286,2019-08-01T21:06:03Z,297c725b456ef12d2712634b21546721cbe93224d3a5762d897404f2,60.16762,24.95415,000000006b44cce7,10.78
287,2019-08-01T21:06:03Z,2c94897aa62344f630952ad6032f5d7976419125d126b15c1386c8b1,60.1538,24.95595,0000000038bf9618,25.36
288,2019-08-01T21:06:03Z,351407b43e2d2cbb60e7481f6fea88dcd24a9ea0d5a0f63e5073d365,60.16544,24.95398,0000000038d83d41,27.28
289,2019-08-01T21:06:03Z,3944bc7a301be7241d1f7bc4a97f221000d535ce3d8a9af9af9b23b5,60.16531,24.9442,00000000fdda10fe,38.87
290,2019-08-01T21:06:03Z,41d3af8da554a2f22a1c6596e0da84fd612b70022b5d295e6b4928e7,60.15432,24.9211,0000000019fb59c4,10.78
291,2019-08-01T21:06:03Z,43b676ed3aef4c2d8846694817e76117873be52e7f788e0cb366c1c4,60.16629,24.95957,00000000fb7600be,21.87
292,2019-08-01T21:06:03Z,44f1947d0640fa977e6056a6b644c7fec2930ccd7ba2750d71429f00,60.16544,24.95398,0000000038d83d41,20.28
293,2019-08-01T21:06:03Z,59107c0fb745e0aacace35f3eb6888e9aa1cace3ca066219be32fe54,60.16897,24.95222,00000000aa852af1,21.87
294,2019-08-01T21:06:03Z,5bbb5184fded3e51bc78e45e39917794285e6bbc72da404802a9599a,60.16531,24.9442,00000000fdda10fe,20.28
295,2019-08-01T21:06:03Z,5c53b5477992af1e0b2d1af467fc8df542695a341ea3ef9fd510fc53,60.16762,24.95415,000000006b44cce7,18.79
296,2019-08-01T21:06:03Z,5d65719c4cbf045f068d084b72302f447d5fd034413d97d13be00d0e,60.18203,24.91341,00000000342570c2,18.79
297,2019-08-01T21:06:03Z,5eed115a984d490b02b602d73787aee8dc8c4e9365b77fbff3818a76,60.16629,24.95957,00000000fb7600be,21.87
298,2019-08-01T21:06:03Z,6011490fb2e02d0b9d936fa70a06572cb55ffd9a6a7c607cf75c5a71,60.16897,24.95222,00000000aa852af1,20.28
299,2019-08-01T21:06:03Z,6066632ddc94b5c482a2d4f45ed2532e55e3fd63e414a084a596a737,60.16762,24.95415,000000006b44cce7,23.56
300,2019-08-01T21:06:03Z,693099b54f1d14b899f005c233a431270bde084ad2fe05abf597743a,60.16544,24.95398,0000000038d83d41,12.69
301,2019-08-01T21:06:03Z,6a54644283a4f5a6369abe947b4e9faf2ca3c25ef2ea42502cb60c5f,60.15432,24.9211,0000000019fb59c4,10.78
302,2019-08-01T21:06:03Z,6f06341f358e61699fe1e55e986dd0554bc8da28b91daf0c5ad99db6,60.16629,24.95957,00000000fb7600be,20.28
303,2019-08-01T21:06:03Z,71f1ccf548a0ec676009a1185a36ad6c18191be59b397e8261d67443,60.16762,24.95415,000000006b44cce7,9.92
304,2019-08-01T21:06:03Z,747f2d1ebff218c0ebbdc0fdaef4cbe56633dfb46ae1b1f8c8142201,60.16762,24.95415,000000006b44cce7,12.69
305,2019-08-01T21:06:03Z,77839e655f856d5295739c2388237a95b399c3b8a4f659cd1345d939,60.16829,24.94214,00000000afef4555,20.28
306,2019-08-01T21:06:03Z,78d5f60b36b59c06c3988b94e11744bb3aed5dcbc214f91f228bf892,60.16448,24.97323,0000000053c6c2be,21.87
307,2019-08-01T21:06:03Z,79f136afa0dd8717337c01c70b457c464aaf0fa25b440f51a394ec23,60.16762,24.95415,000000006b44cce7,25.36
308,2019-08-01T21:06:03Z,7a3db40d91e137d1381ac690a78039878e0baa317ed9a7cd6882df27,60.16762,24.95415,000000006b44cce7,23.56
309,2019-08-01T21:06:03Z,87dfaad29a9276ddddb1fa021d3bc23ad14824c1af16f7d87e713689,60.14951,24.92138,0000000006dd41f6,10.78
310,2019-08-01T21:06:03Z,8c75c3289c84fe4493e1e272a77b615fe1985880c5dc68a7c1a17b53,60.16762,24.95415,000000006b44cce7,10.78
311,2019-08-01T21:06:03Z,8cc6ddaa460aeae8cc9e8a33f91a01c8cd4c0c8bf8a943210a28c84d,60.1538,24.95595,0000000038bf9618,31.5
312,2019-08-01T21:06:03Z,91d3b80de4439a4a49ddb8a04d72a0a2ec6c08f351d70232842af567,60.16762,24.95415,000000006b44cce7,21.87
313,2019-08-01T21:06:03Z,9843c6216661048343a0e49cf3d8aa2883cf77f452666a1c873a1052,60.16448,24.97323,0000000053c6c2be,13.75
314,2019-08-01T21:06:03Z,9a3441615c7a95dad7af50ae16b0ac928f9d84ea590ac67cfa97ef1e,60.16544,24.95398,0000000038d83d41,18.79
315,2019-08-01T21:06:03Z,9e542b3a7effec1e348e152448282ff99d56cacba9ecdb492a7dd572,60.1538,24.95595,0000000038bf9618,14.89
316,2019-08-01T21:06:03Z,a1ba09b019cae8df2ec9396f46a163e5b29858a11380955ed9605985,60.15432,24.9211,0000000019fb59c4,12.69
317,2019-08-01T21:06:03Z,a91d379a4b57c5df22db0d7a041ff69f657b4b31f28554b1011fc03c,60.16544,24.95398,0000000038d83d41,29.32
318,2019-08-01T21:06:03Z,b33ae7715d6d2571066655c2c8954a5a364b5601869047de83410d9f,60.16629,24.95957,00000000fb7600be,21.87
319,2019-08-01T21:06:03Z,b5fd6b317890e5ab2d79e2cd1abe61626d45a753c7337d0d40728898,60.16762,24.95415,000000006b44cce7,7.69
320,2019-08-01T21:06:03Z,bc47f02c87cebb9928c25d0ad0c1e77fa507b77e58f60e2420264dea,60.15432,24.9211,0000000019fb59c4,23.56
321,2019-08-01T21:06:03Z,c129dd128e6475a9f19e37c93fa734358684320e32cd565e787b0fcb,60.16544,24.95398,0000000038d83d41,14.89
322,2019-08-01T21:06:03Z,c40c37def6bf11a63a2556519a7c6233fd417cdeea2cf14f28e7c42c,60.16531,24.9442,00000000fdda10fe,31.5
323,2019-08-01T21:06:03Z,c4987065b4c4cb235c676c77aac913aa95281a4e8a18412aceaaea00,60.17002,24.94407,000000006b087f40,25.36
324,2019-08-01T21:06:03Z,cd1cd9b58ad2e42f3cf2c00d38a368e9c6575b9f5f2bb0737ea49771,60.16544,24.95398,0000000038d83d41,23.56
325,2019-08-01T21:06:03Z,ce4d251a2c6b56d67533935f9c53278886ef447f18ddca76b92d9335,60.16897,24.95222,00000000aa852af1,10.78
326,2019-08-01T21:06:03Z,cf05623e4d87ce0906c0b0b7dbf53aacc1228016cd27c341228b6e76,60.18203,24.91341,00000000342570c2,27.28
