,time,hash,latitude,longitude,serial,distance
0,2019-08-01T14:06:00Z,0fff89885f08417f20aadfdbf62a372277e9085bcd024374b772ecac,60.16531,24.9442,00000000fdda10fe,31.5
1,2019-08-01T14:06:00Z,112c36ba789fa57e2b19c9bff8bfe0b3eba19a431c3af4656c4cee5b,60.16531,24.9442,00000000fdda10fe,27.28
2,2019-08-01T14:06:00Z,144afc51fc2443c7031a2912566eff2ce60226a49d6d2bd7c2923700,60.16544,24.95398,0000000038d83d41,20.28
3,2019-08-01T14:06:00Z,14c7e1511b70f4dd3359cbece1377aebb4d70531f5489eefe53d7c3c,60.16544,24.95398,0000000038d83d41,23.56
4,2019-08-01T14:06:00Z,15918569de0a46a8eb56b43d8d39f7fc82619ff1006f00822c85745c,60.17919,24.95181,000000007b5207b6,7.69
5,2019-08-01T14:06:00Z,189f15e95887b411586d71269b56e43888d25d1264e9a353043b1bcf,60.16629,24.95957,00000000fb7600be,17.4
6,2019-08-01T14:06:00Z,24d2f2ddd119efcb13abb0ab2cb53850e9788b6713967ccca4d6e071,60.16897,24.95222,00000000aa852af1,25.36
7,2019-08-01T14:06:00Z,29a5db8c78e553beb48552e1d686a6c7336d9012c50171aed15d6dc5,60.16544,24.95398,0000000038d83d41,9.92
8,2019-08-01T14:06:00Z,36da9f89257a9396e4d745add999a0f0d60fd4dc2a38619e5761dc6b,60.16762,24.95415,000000006b44cce7,13.75
9,2019-08-01T14:06:00Z,43b676ed3aef4c2d8846694817e76117873be52e7f788e0cb366c1c4,60.16629,24.95957,00000000fb7600be,25.36
10,2019-08-01T14:06:00Z,4de1234054c0ad564da4a96fa45a0531feaa109e9da645e55bf27afc,60.16629,24.95957,00000000fb7600be,17.4
11,2019-08-01T14:06:00Z,5d65719c4cbf045f068d084b72302f447d5fd034413d97d13be00d0e,60.18203,24.91341,00000000342570c2,21.87
12,2019-08-01T14:06:00Z,693099b54f1d14b899f005c233a431270bde084ad2fe05abf597743a,60.16544,24.95398,0000000038d83d41,20.28
13,2019-08-01T14:06:00Z,6d22b751ff5173035dc85c52c3dff0780126adae67fe33dc62dd45ef,60.16531,24.9442,00000000fdda10fe,17.4
14,2019-08-01T14:06:00Z,6ec753d157d613174edb6eea4b7b1b60ea171cac60aa5d355aff59c7,60.16829,24.94214,00000000afef4555,6.46
15,2019-08-01T14:06:00Z,747f2d1ebff218c0ebbdc0fdaef4cbe56633dfb46ae1b1f8c8142201,60.16762,24.95415,000000006b44cce7,13.75
16,2019-08-01T14:06:00Z,790d87e9d98b46ccd06bde5d6a170e7307cedc3ea16b956a5543d466,60.17002,24.94407,000000006b087f40,6.46
17,2019-08-01T14:06:00Z,7936aa9ca88d3763791437bdb1a6192164ef39788c06d87deffb3d9b,60.16897,24.95222,00000000aa852af1,21.87
18,2019-08-01T14:06:00Z,87dfaad29a9276ddddb1fa021d3bc23ad14824c1af16f7d87e713689,60.14951,24.92138,0000000006dd41f6,9.92
19,2019-08-01T14:06:00Z,8c75c3289c84fe4493e1e272a77b615fe1985880c5dc68a7c1a17b53,60.16762,24.95415,000000006b44cce7,7.69
20,2019-08-01T14:06:00Z,8cc6ddaa460aeae8cc9e8a33f91a01c8cd4c0c8bf8a943210a28c84d,60.1538,24.95595,0000000038bf9618,17.4
21,2019-08-01T14:06:00Z,8d526241977a41780adfcc4988973ae0cf4edf334ec0ca41ab29ff2d,60.16075,24.95883,00000000f1124bca,31.5
22,2019-08-01T14:06:00Z,973a87c3a132acff5bb5e6d4467b456178dc5f3975998da237bd9712,60.14951,24.92138,0000000006dd41f6,25.36
23,2019-08-01T14:06:00Z,9843c6216661048343a0e49cf3d8aa2883cf77f452666a1c873a1052,60.16448,24.97323,0000000053c6c2be,14.89
24,2019-08-01T14:06:00Z,a794b5cd3dff23bb2fe621fa0fa64a9ad4be2ab820bff2b483489903,60.16897,24.95222,00000000aa852af1,21.87
25,2019-08-01T14:06:00Z,a91d379a4b57c5df22db0d7a041ff69f657b4b31f28554b1011fc03c,60.16544,24.95398,0000000038d83d41,25.36
26,2019-08-01T14:06:00Z,b33ae7715d6d2571066655c2c8954a5a364b5601869047de83410d9f,60.16629,24.95957,00000000fb7600be,23.56
27,2019-08-01T14:06:00Z,b440043c88f6679652867f506b0d40be09baa5960ffc9114101eeb0e,60.17065,24.93641,000000000f4919c9,33.81
28,2019-08-01T14:06:00Z,b5fd6b317890e5ab2d79e2cd1abe61626d45a753c7337d0d40728898,60.16762,24.95415,000000006b44cce7,13.75
29,2019-08-01T14:06:00Z,b8f7db6816835bba665c889aea53061382e00b5a170f3348e55ecbff,60.16448,24.97323,0000000053c6c2be,7.69
30,2019-08-01T14:06:00Z,bee8e510f079d0c62c85a1b97281d507b508be9d82a8ce21302c7162,60.16448,24.97323,0000000053c6c2be,21.87
31,2019-08-01T14:06:00Z,c11ff48f776518b93d0a8843a50c0ce05d80059e6ac961f80d3e4572,60.15432,24.9211,0000000019fb59c4,17.4
32,2019-08-01T14:06:00Z,c129dd128e6475a9f19e37c93fa734358684320e32cd565e787b0fcb,60.16544,24.95398,0000000038d83d41,21.87
33,2019-08-01T14:06:00Z,c40c37def6bf11a63a2556519a7c6233fd417cdeea2cf14f28e7c42c,60.16531,24.9442,00000000fdda10fe,20.28
34,2019-08-01T14:06:00Z,ce197d5eedb5498917afe7ca3f7275ffeb191f0c5d050bffa154c1d2,60.16531,24.9442,00000000fdda10fe,33.81
35,2019-08-01T14:06:00Z,cf05623e4d87ce0906c0b0b7dbf53aacc1228016cd27c341228b6e76,60.18203,24.91341,00000000342570c2,20.28
36,2019-08-01T14:06:00Z,db6a3f56e96452254d928c600be285371a6d43c5acb57bc4c1a3315b,60.16762,24.95415,000000006b44cce7,3.09
37,2019-08-01T14:06:00Z,f088630d7476dae7d4b7e2bb1f10575f2c89acb4b6e061f3d57c2b40,60.16531,24.9442,00000000fdda10fe,21.87
38,2019-08-01T14:06:00Z,fc4f3a44235f1cfc7b53f14ba2da599976a5a0a220d23b852688e485,60.17919,24.95181,000000007b5207b6,14.89
39,2019-08-01T14:06:00Z,011629cd10a374f6e44bd44ed5e50bc7611326b9354e90b5a0d7d24d,60.16762,24.95415,000000006b44cce7,7.05
40,2019-08-01T14:06:00Z,014a09fbec6afa6d587adfca84c9bc4af7ea49a6c9be5cab9d80e2b3,60.15133,24.92329,00000000e8a064a4,27.28
41,2019-08-01T14:06:00Z,03fa7c7c445d38d88a99ab3f48ea5a9af79178968a3133e938387297,60.15432,24.9211,0000000019fb59c4,20.28
42,2019-08-01T14:06:00Z,061b2f8912165fc11b78e66009ab3a868ff73549fcfd878bac1af446,60.1538,24.95595,0000000038bf9618,33.81
43,2019-08-01T14:06:00Z,062e906a8eb0f529509242b38cd2c6e1560e6e96731eb7263787cecb,60.16448,24.97323,0000000053c6c2be,18.79
44,2019-08-01T14:06:00Z,06800069326695f06a7ddc980af69f98a7c4a2c03e1bb249579ce3c9,60.16829,24.94214,00000000afef4555,1.01
45,2019-08-01T14:06:00Z,06b69c47cf4a59855dca4e5c1a6cb19955d3a882aeaed1e9b1aa6df5,60.16762,24.95415,000000006b44cce7,11.7
46,2019-08-01T14:06:00Z,08b40650f0f06fdd62e57fbae8ed9c3cd250299d079a97d9295b81c9,60.16829,24.94214,00000000afef4555,18.79
47,2019-08-01T14:06:00Z,0b443c92460640e8f05d466e44cd6e67f63397f23b8dad779c6d3d67,60.16897,24.95222,00000000aa852af1,20.28
48,2019-08-01T14:06:00Z,0d9e1b3dbd451350ddc01879d774ba7ddf7afb14d1516323c9bb920f,60.173,24.92524,0000000096918cfa,16.1
49,2019-08-01T14:06:00Z,0ea16ea249e2a58c144a6acea933b885637a33ce74bbd0b841cd5956,60.149,24.9843,00000000fffb8cf0,12.69
50,2019-08-01T14:06:00Z,11a342bc0f91242cabdf773958e237944cb9ab1341d662616af72315,60.16897,24.95222,00000000aa852af1,18.79
51,2019-08-01T14:06:00Z,128aac02c3d5d96c0eb3ab94687f33bced8df0bafa896a61d40372a0,60.16829,24.94214,00000000afef4555,14.89
52,2019-08-01T14:06:00Z,12d33660b9ac3373a41936474ddddb6231f98372d27dc37c8f9a485b,60.16762,24.95415,000000006b44cce7,25.36
53,2019-08-01T14:06:00Z,13418ebc6489c52ace765d15a8594c278a81cc02f7692c2f5dfb1105,60.16762,24.95415,000000006b44cce7,12.69
54,2019-08-01T14:06:00Z,145cc85d55a2b15fd808d0eb082807e5ca4a502f7e77f838fec367a3,60.16829,24.94214,00000000afef4555,17.4
55,2019-08-01T14:06:00Z,15aa105d67a0b9f771a84b8d5266a3fac19deef420eabacb494b779d,60.1638,24.96846,00000000d747f075,33.81
56,2019-08-01T14:06:00Z,15b53f155604b11672f0705272c502ccb85296c20855e16306860eef,60.1538,24.95595,0000000038bf9618,18.79
57,2019-08-01T14:06:00Z,15c336a5918cc680571dd0e7f8901c538bdb429b1d1e1794cfcc7308,60.16762,24.95415,000000006b44cce7,10.78
58,2019-08-01T14:06:00Z,1626b668a32473d218232a226a6053ea47e869656b72c3bddd507687,60.17065,24.93641,000000000f4919c9,10.78
59,2019-08-01T14:06:00Z,169f0c85fcbc2dde768b977cb9a6800c11887486ce34cc1de2cced8b,60.17002,24.94407,000000006b087f40,20.28
60,2019-08-01T14:06:00Z,16bc6a81ff4b10d780ffde0c126d1635379a78ecdfbdb9746d978d1c,60.16762,24.95415,000000006b44cce7,9.92
61,2019-08-01T14:06:00Z,1713b8e7e92828c22a6f80cf737dd1ef65a6c8e5ca4fa6e2ad9e9834,60.16448,24.97323,0000000053c6c2be,7.05
62,2019-08-01T14:06:00Z,1a88d6ac67532f54264ebb4c53abf68516d75b06575027ee3d030700,60.16829,24.94214,00000000afef4555,20.28
63,2019-08-01T14:06:00Z,1ae873b36ff1b809a48d144d2d8fd73502bdae9616c029159cf9bf0d,60.16448,24.97323,0000000053c6c2be,13.75
64,2019-08-01T14:06:00Z,1b36469fb7f68a3d8d3d4c7409e0de1a60130db08c9f72f7987feb2d,60.16448,24.97323,0000000053c6c2be,17.4
65,2019-08-01T14:06:00Z,1b37ac9941e09d538a1e4228cd070930adafad66f8cec25f09222904,60.16829,24.94214,00000000afef4555,29.32
66,2019-08-01T14:06:00Z,1b8ab5bed2f2d2b85bab892fff3339dd04e84236a5b8221d8f4ffe67,60.16829,24.94214,00000000afef4555,7.05
67,2019-08-01T14:06:00Z,1bc8c7193161452434ff3c1e7d26772a5f4744767e7ebc1c6cdae599,60.14951,24.92138,0000000006dd41f6,14.89
68,2019-08-01T14:06:00Z,1ecbc7c6afe89033252e5510cbb893666af2b3bc29f555a3a6287fdb,60.14951,24.92138,0000000006dd41f6,3.4
69,2019-08-01T14:06:00Z,1fc48fbc5825d55b05f18777f058a10161a7d9330d23a7ecf2be16f5,60.16762,24.95415,000000006b44cce7,6.46
70,2019-08-01T14:06:00Z,20661dd6369a1ab78e4a026e8a0663f93f59b119d7d31c65de8e1496,60.16762,24.95415,000000006b44cce7,10.78
71,2019-08-01T14:06:00Z,240c18430693824e47edaebad50c3f7109009e6fa9fe818ec0fb6879,60.17919,24.95181,000000007b5207b6,21.87
72,2019-08-01T14:06:00Z,2441a65e90d0fdb06f96617de4bb5b1bd2394546c635029e7848a1ce,60.16829,24.94214,00000000afef4555,25.36
73,2019-08-01T14:06:00Z,244ce33ddcd6f161480d1af31a2693f008589a7bb586d5d83b21444a,60.14951,24.92138,0000000006dd41f6,4.11
74,2019-08-01T14:06:00Z,25ba6efba27936b17e9b4e013a7d309074dfb75311b71fc6b97ab038,60.16448,24.97323,0000000053c6c2be,21.87
75,2019-08-01T14:06:00Z,282237184ad0b6d154b7106f85cde7ff3c8eddeed34219368bd9ca9d,60.16448,24.97323,0000000053c6c2be,20.28
76,2019-08-01T14:06:00Z,287efe1941f3525e1e78ff7f506dae4705bffc6d065a3e8a85babb26,60.16629,24.95957,00000000fb7600be,14.89
77,2019-08-01T14:06:00Z,292cc9bd23597777a0b0643a3f717941ecc0cfd508d94c788e5bdd40,60.17065,24.93641,000000000f4919c9,18.79
78,2019-08-01T14:06:00Z,29ba57b71127279ce25b9b6a62ca570a2530c26a5b05ee6488ec11c6,60.17002,24.94407,000000006b087f40,2.8
79,2019-08-01T14:06:00Z,29e57f5a12142585f5a181e007fb5d0a1198e3d52422d7d85603c4a8,60.16829,24.94214,00000000afef4555,10.78
80,2019-08-01T14:06:00Z,2a4b85480687c34815de3f2b7793fef3912e9942e9838738b001b664,60.17002,24.94407,000000006b087f40,18.79
81,2019-08-01T14:06:00Z,2abc7ad177b81874a2067582e6272de7afedf1cd3ee5d3ffef5bbd25,60.16829,24.94214,00000000afef4555,7.05
82,2019-08-01T14:06:00Z,2b0dcad201598faf76690d2991d9b242f3e2b5e8269ceb6b7469a6be,60.16629,24.95957,00000000fb7600be,14.89
83,2019-08-01T14:06:00Z,2b9b48b04e438c1b220581f875bbb82c085d0f14a32b97c0167c848b,60.16762,24.95415,000000006b44cce7,6.46
84,2019-08-01T14:06:00Z,2e45fcbbd7c75cd577dad3520f284fe86733df594c490abab9b7d1dd,60.16897,24.95222,00000000aa852af1,25.36
85,2019-08-01T14:06:00Z,2f94f566f3d85970e65b02d98e918d45aad8ac49cd9fd5d86d0e8942,60.17002,24.94407,000000006b087f40,14.89
86,2019-08-01T14:06:00Z,2fc4377981d65db826d930adf7342f5380f63e662eec32c85b663f0c,60.17918,24.95141,00000000675d5200,3.09
87,2019-08-01T14:06:00Z,31b44f0842e11edf3780395778f097160899a0f9bd4bf55ab6f8ee1b,60.16544,24.95398,0000000038d83d41,4.11
88,2019-08-01T14:06:00Z,31bc0abbfbe6a4602324e28aee08b05c75e526bc742ba3635d37b8cf,60.16531,24.9442,00000000fdda10fe,17.4
89,2019-08-01T14:06:00Z,3251c0b61fc6789ecc003451bfce8bc8b32b3b4e47cb2faccd0c2ce4,60.15432,24.9211,0000000019fb59c4,11.7
90,2019-08-01T14:06:00Z,347df8da21e3ffc4a6c1d8a829bba24056ea17c348ae64ddae36c2f9,60.17919,24.95181,000000007b5207b6,4.94
91,2019-08-01T14:06:00Z,34a1c4e710bca4a5571c836aece573de9cfa6f99a41d3bdc01d63057,60.17065,24.93641,000000000f4919c9,20.28
92,2019-08-01T14:06:00Z,34c715544a676ee577e3465c8c6893fcb3eead4403e0eafeb3a1f190,60.16829,24.94214,00000000afef4555,17.4
93,2019-08-01T14:06:00Z,35d6fb9e475c43c078fe50efa6327f3bb7f3bdaea194e8ad789fdd8d,60.17002,24.94407,000000006b087f40,12.69
94,2019-08-01T14:06:00Z,3779969fa6b3bb912a58b24afac2e857215b07af357b00ee0f6231fc,60.16448,24.97323,0000000053c6c2be,13.75
95,2019-08-01T14:06:00Z,3a279361fe83dfc43fa84c785c3afd4ff2de90048716315936bb2613,60.17065,24.93641,000000000f4919c9,0.16
96,2019-08-01T14:06:00Z,3a67c887c97037884c4cdfe1368b7c33ab6949df7ddcbc0718c09888,60.16829,24.94214,00000000afef4555,21.87
97,2019-08-01T14:06:00Z,3bc02d442cd57066b19eae48dcad0c9f9353e8bf1c26cff906623745,60.16829,24.94214,00000000afef4555,17.4
98,2019-08-01T14:06:00Z,3d1e9d91fc9ec978bf9f5568bdcd602938b4ebcbb6fbf0dca81b8b4c,60.17002,24.94407,000000006b087f40,25.36
99,2019-08-01T14:06:00Z,3e17f222d917fcccc9ce3bcfb5d992143873c90c02a2fb8520c81424,60.16897,24.95222,00000000aa852af1,29.32
100,2019-08-01T14:06:00Z,405afaa916e57d4860e49d19dee9df849323a16ae5209b273276089c,60.1638,24.96846,00000000d747f075,12.69
101,2019-08-01T14:06:00Z,4085b18adbc41c4bc4928657e4a2cc5c366337f3a284d35679515835,60.16829,24.94214,00000000afef4555,17.4
102,2019-08-01T14:06:00Z,409c1c681ad732a71d7995dd7e0271e3370b5121c2b9a3803b50d3c8,60.17065,24.93641,000000000f4919c9,21.87
103,2019-08-01T14:06:00Z,40ea073938e1438938dba37047ee53f2d076e5552e0459f4bd2a256d,60.173,24.92524,0000000096918cfa,21.87
104,2019-08-01T14:06:00Z,417ce389453a5e737e3aac8ef9ed913420e6b1d99c2dae2ad630c4ea,60.16829,24.94214,00000000afef4555,23.56
105,2019-08-01T14:06:00Z,41db8496a55fd60b51d885c98efb6e0cf402d2403ae5dfd07b7e4c86,60.16544,24.95398,0000000038d83d41,18.79
106,2019-08-01T14:06:00Z,42075777fe715df9c62083d65a3d933f5907cbd607a48f6be39c0b23,60.16762,24.95415,000000006b44cce7,20.28
107,2019-08-01T14:06:00Z,42638775137989abb3fd3ba79014f8a6456a196f336ef618b34b7b60,60.16762,24.95415,000000006b44cce7,2.54
108,2019-08-01T14:06:00Z,43fe3d5c491ad8c995a1fb605aee2f4eb3e8b605dc961841c70d75ef,60.14951,24.92138,0000000006dd41f6,11.7
109,2019-08-01T14:06:00Z,4419dd1af3e67fd4cf2f07c095ed315a25e5579b778d284985eafed4,60.17919,24.95181,000000007b5207b6,16.1
110,2019-08-01T14:06:00Z,45d34cb4111abd89b8c322021fd759700484d2cae7df086924a08078,60.16897,24.95222,00000000aa852af1,20.28
111,2019-08-01T14:06:00Z,49d3c6fbf283fb5d72ba7e9d81282ae096e2ad6ac550149443523af5,60.16829,24.94214,00000000afef4555,4.5
112,2019-08-01T14:06:00Z,4c00d62d0fa08666011f6f1b62708db9e97db78f332fc8ccf6d3a6dd,60.16829,24.94214,00000000afef4555,7.69
113,2019-08-01T14:06:00Z,4e2e2cf4e3dae2fb7c82baffec2ce1d3fd28932165a889a6aca46eb4,60.16448,24.97323,0000000053c6c2be,25.36
114,2019-08-01T14:06:00Z,4e56d8b6c259c44e63433a8ad983e504de6aae28b8db22af2e1fcc2b,60.17918,24.95141,00000000675d5200,25.36
115,2019-08-01T14:06:00Z,4e64e2ee77c45bf4567a72a3884391eac203981b63543090d052e04f,60.16762,24.95415,000000006b44cce7,5.41
116,2019-08-01T14:06:00Z,4ebf9b261ac3e0acc79b79c4b69654c9db8cd393446baf8438ba420a,60.16762,24.95415,000000006b44cce7,12.69
117,2019-08-01T14:06:00Z,4faf43566991c7c29983acd7bc518f7854e48bf0b0d7411a84e3f0cf,60.1638,24.96846,00000000d747f075,17.4
118,2019-08-01T14:06:00Z,51a4b9807a42126fd6a6be27c77e0ee00932d082d067fa0147ab2e48,60.1638,24.96846,00000000d747f075,20.28
119,2019-08-01T14:06:00Z,51f08ef18f862135b6370af966f5ce7c522404366cfd5a445a7b7e81,60.16829,24.94214,00000000afef4555,31.5
120,2019-08-01T14:06:00Z,5209cd16e98c6ce8d677d88e606ce03b6f92efbe37ec377618111968,60.173,24.92524,0000000096918cfa,10.78
121,2019-08-01T14:06:00Z,524eb39e91cd4ca00212c3d9a4f3aa0ffd46b3e7fc328ccb155af36b,60.173,24.92524,0000000096918cfa,10.78
122,2019-08-01T14:06:00Z,52bb017352eebdab07dad1bdc28772e96cd86ec155e790f9ecec9fc2,60.1638,24.96846,00000000d747f075,25.36
123,2019-08-01T14:06:00Z,5363fafbe9b97d42d77b2c88302a93728f14d4e39c32c421f665bec0,60.16629,24.95957,00000000fb7600be,20.28
124,2019-08-01T14:06:00Z,573666eac2ccb06f9c5ba565b457fdd7bd6c1143d9a603c762f05112,60.1538,24.95595,0000000038bf9618,6.46
125,2019-08-01T14:06:00Z,57515ee4fff3c85c81b1d96ed2ff973f1c8c4e92b0c50b0430600cd3,60.1538,24.95595,0000000038bf9618,9.92
126,2019-08-01T14:06:00Z,57534cb392fe06432c9b43b5c906e9bc38991bca1a0de055f9e1413c,60.149,24.9843,00000000fffb8cf0,31.5
127,2019-08-01T14:06:00Z,57cc2afc0e95553a720c29067a90225fef07a87be56635763315fa4c,60.16829,24.94214,00000000afef4555,20.28
128,2019-08-01T14:06:00Z,580ba814c16385e4e9d2d59e1c9ca7869606d001cee7c8f9bf96e7f4,60.1638,24.96846,00000000d747f075,31.5
129,2019-08-01T14:06:00Z,584743ec67ad39bc24ae9f306653efa427056434479c3307f24372ff,60.16531,24.9442,00000000fdda10fe,18.79
130,2019-08-01T14:06:00Z,584cb0b0cdd14e608c8b57c8aecc9826f9b40027e365e2438a444ea2,60.16762,24.95415,000000006b44cce7,9.12
131,2019-08-01T14:06:00Z,584de0ae996e2f3882c67305bd774f4ecaf9af1c70fa65f297c3614b,60.16829,24.94214,00000000afef4555,3.4
132,2019-08-01T14:06:00Z,587207e36dab56ae0ccf7cceffdf21f978209b5217d9433aafc5ff4d,60.16897,24.95222,00000000aa852af1,31.5
133,2019-08-01T14:06:00Z,590eac19b8029f30b068429bb386ce99790c5d2157db8947d203a993,60.16531,24.9442,00000000fdda10fe,31.5
134,2019-08-01T14:06:00Z,59483ae6c0e714ec3dc68c22f46d9b67b743f401c14bb4624ef96b84,60.1638,24.96846,00000000d747f075,25.36
135,2019-08-01T14:06:00Z,5951fab5c9495f64a9e3815002a05bcced98b85aef1eaaeb257bca7f,60.16897,24.95222,00000000aa852af1,16.1
136,2019-08-01T14:06:00Z,5d0e957f775862326f9b5040d4d8521a293da673b84aea3924537345,60.16829,24.94214,00000000afef4555,25.36
137,2019-08-01T14:06:00Z,5d14d7d3d9b81d7b526e2b5e7287b3682482c4c5d73bd9010c94f1ae,60.16897,24.95222,00000000aa852af1,25.36
138,2019-08-01T14:06:00Z,60ec70960145154162fcc3c6830ad0e35eb35491cde9ca0a09680c50,60.16829,24.94214,00000000afef4555,8.38
139,2019-08-01T14:06:00Z,625b37c07e5b324d03ef4d3845543de6ceebd8aaa60b4f7be81a5d71,60.18203,24.91341,00000000342570c2,11.7
140,2019-08-01T14:06:00Z,627a7ca74e99ab55759b646a4fbc5753e536099eb82d9e70957e40d3,60.17002,24.94407,000000006b087f40,29.32
141,2019-08-01T14:06:00Z,634e6a3acb6b7f64728b12e54521a06768b44e3591d8bba19ed6327c,60.17919,24.95181,000000007b5207b6,31.5
142,2019-08-01T14:06:00Z,63bde633e0956c88bbcc7e3d66d8d7bf6e803b0201624061b4102246,60.14947,24.91438,000000004ef3150d,16.1
143,2019-08-01T14:06:00Z,6407ba03e03497c9226bdb703b24f5be50005777d7dc34997d2a4ed6,60.149,24.9843,00000000fffb8cf0,23.56
144,2019-08-01T14:06:00Z,655dab9649e8ca9ce5280cb9b1991468f6ffc2883f50814135e70180,60.1538,24.95595,0000000038bf9618,29.32
145,2019-08-01T14:06:00Z,65a1884a1e3dbf3a5b4f3560289516230e714917b86e216e810a97cd,60.17919,24.95181,000000007b5207b6,21.87
146,2019-08-01T14:06:00Z,66d811609d16d5575d6b0b8dca12b952f0f796d56d3fd2b4287a1b75,60.173,24.92524,0000000096918cfa,29.32
147,2019-08-01T14:06:00Z,67329dd9cc61eeadb89c20058679ac4aebe8f1d1352bcb0d486b914b,60.16762,24.95415,000000006b44cce7,17.4
148,2019-08-01T14:06:00Z,6766646b522ebcc40efa4ded98a5e50379837f33bd83b54f51303adf,60.16531,24.9442,00000000fdda10fe,41.64
149,2019-08-01T14:06:00Z,679ee4cef6e8f3c44d9f4c23651ea31eec3eb35c1919fb0ad3ff9ee4,60.16829,24.94214,00000000afef4555,2.54
150,2019-08-01T14:06:00Z,67e2db26bdc77033075a2328ebd65c50d2ed7943176fc1c2d5674d8a,60.16531,24.9442,00000000fdda10fe,25.36
151,2019-08-01T14:06:00Z,68915f56b610cb1686bbc086f233c8588eb9a3e1d8e6fc1aba43c0cf,60.16544,24.95398,0000000038d83d41,20.28
152,2019-08-01T14:06:00Z,69cbf203e0e9223bd80cc3a5d1449fa1f9bc604859616af6778e6fa6,60.16448,24.97323,0000000053c6c2be,21.87
153,2019-08-01T14:06:00Z,6bf6bd7b4b86551c5252a29e92ec0f4c0e94adf37b7e53a3985b3463,60.16448,24.97323,0000000053c6c2be,14.89
154,2019-08-01T14:06:00Z,6c615e21c668788aec595d25a7b7316745c171eb78df26e07edc9c82,60.14947,24.91438,000000004ef3150d,3.74
155,2019-08-01T14:06:00Z,6c6b23d312babc65e4cf7ab9296d797fb3a0b9c163bd3961965eec40,60.173,24.92524,0000000096918cfa,23.56
156,2019-08-01T14:06:00Z,6cf13c125bcb799d5fe2deb8e80396c99d99821600ff95af39517a92,60.16448,24.97323,0000000053c6c2be,4.94
157,2019-08-01T14:06:00Z,6d01e8d492e20d233dbd698595ecc21903b0d2cf60ae3cbc2e28f4e4,60.16897,24.95222,00000000aa852af1,20.28
158,2019-08-01T14:06:00Z,6d064a87c2e58c3f36b63d8d3d34df77969050e868f80528a8f2f5f7,60.1538,24.95595,0000000038bf9618,6.46
159,2019-08-01T14:06:00Z,6d11f81939417547f8a76ffcb293a508b70e3c41007a6c4d8930ffe9,60.1638,24.96846,00000000d747f075,20.28
160,2019-08-01T14:06:00Z,6e2fca7a5bb4d5300b07c071fbd8ff868534244687fad2cc9892d2fa,60.16897,24.95222,00000000aa852af1,10.78
161,2019-08-01T14:06:00Z,6e5f0aa846127f89397d06c5ca0686aa734ae315760be6562d9eb9a0,60.1538,24.95595,0000000038bf9618,13.75
162,2019-08-01T14:06:00Z,6e7d8afe60bdc0482a29275f6af8761261fb97a39aeca462f28b42ae,60.16897,24.95222,00000000aa852af1,23.56
163,2019-08-01T14:06:00Z,6f841c3e6f10bf43eae3b3a3334236615e624ce528f5fdf3c106da69,60.16762,24.95415,000000006b44cce7,10.78
164,2019-08-01T14:06:00Z,729cb5ce81ca76d0a3f571981fabb5e2b4f45517751ae98d9c0d75e1,60.16629,24.95957,00000000fb7600be,16.1
165,2019-08-01T14:06:00Z,7598e601be1f3f9baecefffcede871425bd325dbb4e405a952438713,60.17002,24.94407,000000006b087f40,16.1
166,2019-08-01T14:06:00Z,76074cf0310324d5473cf162ba19eaa9a612248401863849c9b63425,60.16762,24.95415,000000006b44cce7,13.75
167,2019-08-01T14:06:00Z,779b1f09a6d624218963135b7ccaac5f6a2393852438887163bd6a19,60.16829,24.94214,00000000afef4555,9.12
168,2019-08-01T14:06:00Z,78aec7c3aa37257bc66fca0641d3b4bc868b0ebac8e057f0d03be2bd,60.16897,24.95222,00000000aa852af1,25.36
169,2019-08-01T14:06:00Z,78b496a88f95a3844514d44477b460b6391f5bd5c657b35a838c6bde,60.16629,24.95957,00000000fb7600be,17.4
170,2019-08-01T14:06:00Z,79b34500d2511fef4c87cfe125bfad06f12049b4a539f2aa9f8d869e,60.17002,24.94407,000000006b087f40,14.89
171,2019-08-01T14:06:00Z,7ab9363c6be30be3c60243b0cb3d5e5550079a378876036d8ceff4b3,60.16762,24.95415,000000006b44cce7,11.7
172,2019-08-01T14:06:00Z,7b2a07439aefa901617f0c50a3b4975402976f4980df5d7f30041c41,60.16448,24.97323,0000000053c6c2be,4.5
173,2019-08-01T14:06:00Z,7bf6b253ed4a8c1335f50bf2c73d57c11729c672f11748aa4fc540ad,60.16531,24.9442,00000000fdda10fe,11.7
174,2019-08-01T14:06:00Z,7e489fcfe139fb6adaaa5c07db58639c391a950fbcd81f655f7b4b01,60.17002,24.94407,000000006b087f40,9.12
175,2019-08-01T14:06:00Z,7fb0c54b8cac6cfdcef6c6dc8bdbf2c02f4f966b2c9ce637932cf47f,60.14951,24.92138,0000000006dd41f6,9.12
176,2019-08-01T14:06:00Z,806c06a1e33aed2d32c781190deaa4791f1cca8d38790c02aa3e80ec,60.16829,24.94214,00000000afef4555,7.05
177,2019-08-01T14:06:00Z,822215c33557baaaab278b733b121b8f7655353683c0c7d0182406a1,60.16544,24.95398,0000000038d83d41,23.56
178,2019-08-01T14:06:00Z,8289530179d9ebc42f8f196bdc7a3b23a3e50b4dcd3e05d51a774103,60.16762,24.95415,000000006b44cce7,12.69
179,2019-08-01T14:06:00Z,840ffce3065f0f6e5bdfe897ce3066f5bc4ce5308ddd8fbc19c5a1cd,60.15432,24.9211,0000000019fb59c4,25.36
180,2019-08-01T14:06:00Z,849a8252a8828ef7b15947855f0a0f391913a156fd5bfa3181037577,60.16448,24.97323,0000000053c6c2be,23.56
181,2019-08-01T14:06:00Z,865ae5e32bd380c5e4c76931b5b402417d46c8f9eb5fa2d5b6de0a5e,60.16762,24.95415,000000006b44cce7,9.12
182,2019-08-01T14:06:00Z,870909a02c327aae7b3a2a269607224f93c0ee79239b17a3316482f6,60.16829,24.94214,00000000afef4555,11.7
183,2019-08-01T14:06:00Z,8968613593f70945ab099b646a6e8de4642ec0dfde8e13f3298afb83,60.17065,24.93641,000000000f4919c9,29.32
184,2019-08-01T14:06:00Z,89b2b7ed8068b7c1bbd964624a2cf119f641cfcb0561f35997b810c2,60.1538,24.95595,0000000038bf9618,25.36
185,2019-08-01T14:06:00Z,8ae8c4952748d95cf487a0ccc6152ce8b339571c8b6f1a5d3bd3ff06,60.16448,24.97323,0000000053c6c2be,20.28
186,2019-08-01T14:06:00Z,8bbe0222b208e4bdda8c35a7a3170a66581839725564702407048c69,60.17919,24.95181,000000007b5207b6,9.12
187,2019-08-01T14:06:00Z,8c687106cd1c8057e585b8ac79894a52861329bc6a07fa12bea15bd3,60.16448,24.97323,0000000053c6c2be,23.56
188,2019-08-01T14:06:00Z,8df2879e425bd47b80eed98e4cd0c1cf16c8457fa74cae6047a6cc6c,60.16897,24.95222,00000000aa852af1,11.7
189,2019-08-01T14:06:00Z,90ce5705a6d2149fee5173b68665e98ac5fe3b88a6ed75dba238d68c,60.17065,24.93641,000000000f4919c9,23.56
190,2019-08-01T14:06:00Z,9111cbb5ba03752ebb88e1025ecd677b07224abdf76e79c643e213dc,60.16762,24.95415,000000006b44cce7,9.92
191,2019-08-01T14:06:00Z,914c6ccfa052aa46fa5a894f2bd85b9662d742a10c349f3df5813fd9,60.16762,24.95415,000000006b44cce7,16.1
192,2019-08-01T14:06:00Z,9480da64e45e187af07e48b378c1c25e1ede0e2858cbb65f2c04884f,60.16629,24.95957,00000000fb7600be,21.87
193,2019-08-01T14:06:00Z,94b2840bd33d403c41f35664bd157e59196e4041620ab7ec8a83fb83,60.16448,24.97323,0000000053c6c2be,11.7
194,2019-08-01T14:06:00Z,960ff19ddb482bbc94fe28f620ff50c2a2723825b0aeebcf486f0eb3,60.16897,24.95222,00000000aa852af1,29.32
195,2019-08-01T14:06:00Z,96a3c96507302e6cd3ec53603e911a79eadf9fdc0dbd78169b24fd1b,60.14951,24.92138,0000000006dd41f6,21.87
196,2019-08-01T14:06:00Z,96cf8891f7085edf54b759b3f862775cb92110c906551b76b78e248c,60.1638,24.96846,00000000d747f075,23.56
197,2019-08-01T14:06:00Z,96f4cbf7683eb3477b0e5e2df37810c23749537478728a57f80a9cf0,60.16762,24.95415,000000006b44cce7,14.89
198,2019-08-01T14:06:00Z,979b69852da00b94a74b0c0723b12b46efed5dd4f2618c23256b447e,60.1538,24.95595,0000000038bf9618,3.09
199,2019-08-01T14:06:00Z,9888f2cbdd7a4d277e4a12ea8bac282f42577f0bcdceb804cc6a2474,60.16629,24.95957,00000000fb7600be,17.4
200,2019-08-01T14:06:00Z,996d36927179e08d452b2bc700db0ffe1f20053802adfe39c3182794,60.16448,24.97323,0000000053c6c2be,25.36
201,2019-08-01T14:06:00Z,9a44ecdb3ff3db45ff8ad2b0f5dfe4c7917953c750f75cd64e6d8665,60.16762,24.95415,000000006b44cce7,13.75
202,2019-08-01T14:06:00Z,9a7e5b54bf0211d6b386fa65393edddb7c58bc0932f1d02c56830199,60.15432,24.9211,0000000019fb59c4,1.88
203,2019-08-01T14:06:00Z,9b1907be18dfd87ecb2cb6e124691b9a59986de6dca051c0b94f6f68,60.149,24.9843,00000000fffb8cf0,29.32
204,2019-08-01T14:06:00Z,9ba1350233139d2f58f97b871db374b55d563d59bfdde74389acb63a,60.17918,24.95141,00000000675d5200,12.69
205,2019-08-01T14:06:00Z,9bd9730df19b61ccbe73d823e592824cd12483dbf8ca97efcd44e64b,60.15133,24.92329,00000000e8a064a4,21.87
206,2019-08-01T14:06:00Z,9cebca1ed557497148c0ce5615fd0069218ad79d8282fa9fb246f025,60.18203,24.91341,00000000342570c2,23.56
207,2019-08-01T14:06:00Z,9d29cf5a8823f48725569b858843fdffd482f6660d3de8f02ac037f9,60.16829,24.94214,00000000afef4555,12.69
208,2019-08-01T14:06:00Z,9d2acf81ddbe7fae955163123cb97c4e243ece38e04bb37fc1379777,60.1638,24.96846,00000000d747f075,7.69
209,2019-08-01T14:06:00Z,9d713c9ce415e473048b45bbb35d6dcdef35cabaca39aa54f2e781a3,60.16531,24.9442,00000000fdda10fe,33.81
210,2019-08-01T14:06:00Z,9d7951d5eb4f6bc99417424a1dbb7eea20055b236483b7ed7eb23e31,60.16448,24.97323,0000000053c6c2be,21.87
211,2019-08-01T14:06:00Z,9d79ca7ef35b6e7f58cb29ea9256c02e74f8565eae648163df37a922,60.16762,24.95415,000000006b44cce7,21.87
212,2019-08-01T14:06:00Z,9dbd05d3635427d7c7c8b0612b617ad961da05257464e0a53e4fc6ed,60.16829,24.94214,00000000afef4555,14.89
213,2019-08-01T14:06:00Z,9e3493adbd4c6665aa84930edc246255c6f197d2f38aa3f9a09fc793,60.14947,24.91438,000000004ef3150d,14.89
214,2019-08-01T14:06:00Z,9eebaa9082abb145f6fecd4274f73dedcc1eed3aec1d001e1247cc14,60.17065,24.93641,000000000f4919c9,14.89
215,2019-08-01T14:06:00Z,a0f724f7f7e02f45132c6aa7ed1d07be86f10784b5e3f2ee2552a02a,60.16531,24.9442,00000000fdda10fe,21.87
216,2019-08-01T14:06:00Z,a12e391ac9db5edcbf7f8a39838472f5cbe90813cdd13dc77f374564,60.1538,24.95595,0000000038bf9618,3.4
217,2019-08-01T14:06:00Z,a390dc4102dde270333d2668333f686793df4a600be0c0d4541fed82,60.16829,24.94214,00000000afef4555,3.09
218,2019-08-01T14:06:00Z,a4905007edac93fc1f616094b047596379eb63cdb27c22a8c191fda7,60.16829,24.94214,00000000afef4555,21.87
219,2019-08-01T14:06:00Z,a4fd71a53c3899084cbf1840d6b0c40ad61efb5118f77e6b829930ad,60.15432,24.9211,0000000019fb59c4,4.5
220,2019-08-01T14:06:00Z,a57a3ce897598484b9e7b07f524f32d98b00a5b956085112b9379509,60.16448,24.97323,0000000053c6c2be,9.92
221,2019-08-01T14:06:00Z,a58f118589db7e35917c835d0df71700978af3fcbf57e15b5f8ad81d,60.17065,24.93641,000000000f4919c9,33.81
222,2019-08-01T14:06:00Z,a728caf1368ce029ea020ecb7b2177b2c69c093e28ab19b958f3bd97,60.16829,24.94214,00000000afef4555,16.1
223,2019-08-01T14:06:00Z,a765728f4725e07230d229c0049ad89df60f5b811531d7cea94c725a,60.17065,24.93641,000000000f4919c9,27.28
224,2019-08-01T14:06:00Z,a76d760f59d69e049e118adaadb6dcfc23e490816e7891053b864495,60.16762,24.95415,000000006b44cce7,23.56
225,2019-08-01T14:06:00Z,a841ead02ed13528a3afa8bb0190f8f631a6beae83d2c0664b021a8b,60.17919,24.95181,000000007b5207b6,9.92
226,2019-08-01T14:06:00Z,a8c5be72b633d4df1e2f13e7325462c5acea08000a1636d4ef98e00d,60.16762,24.95415,000000006b44cce7,14.89
227,2019-08-01T14:06:00Z,a905decd2ded4fdd7c84d66729107be71d83cbb75579b0fa9cc1f35c,60.17918,24.95141,00000000675d5200,23.56
228,2019-08-01T14:06:00Z,ad5a2642e9707ccbf559ac3bf148c09e599a5ef86bca25409113fd6c,60.1538,24.95595,0000000038bf9618,12.69
229,2019-08-01T14:06:00Z,af18df8b1758e708761ac0a6e252ef398608b2c5f161db660b433055,60.16448,24.97323,0000000053c6c2be,25.36
230,2019-08-01T14:06:00Z,b1314e98f887f28ac4712a0c7421a622887f64cc71ae02f79f7034d0,60.16629,24.95957,00000000fb7600be,29.32
231,2019-08-01T14:06:00Z,b146186fef8168105982177f6a53f979e21e5d6ea7ae5b323f1735a8,60.16762,24.95415,000000006b44cce7,13.75
232,2019-08-01T14:06:00Z,b183f05e817f8db221d5e12112bc383b64610baebcfa9bcc5d65e023,60.1638,24.96846,00000000d747f075,14.89
233,2019-08-01T14:06:00Z,b33390b3a988c48c3757d3e6951fb1444ffd1c7c7c7279b830b53237,60.16897,24.95222,00000000aa852af1,14.89
234,2019-08-01T14:06:00Z,b42d164416373fc3a3087c22f2cb547bdbd496340b304277399e7e77,60.16448,24.97323,0000000053c6c2be,17.4
235,2019-08-01T14:06:00Z,b62bffd124b0982ba446179c21beb0af278f4d29d43b08484b3e612b,60.17919,24.95181,000000007b5207b6,16.1
236,2019-08-01T14:06:00Z,b655cade85afd217e1998ce2f19564b8f9fc06f7e7ac9651fc6598f3,60.16531,24.9442,00000000fdda10fe,36.27
237,2019-08-01T14:06:00Z,b692aaf2651e4baf3fbe9cc2fd2bf0a51ad74f00e90ac0940c37236c,60.16762,24.95415,000000006b44cce7,4.11
238,2019-08-01T14:06:00Z,b6d269c367e7c4835c105d2ffc26f6bac539104e52fbf8d065d5e62f,60.16762,24.95415,000000006b44cce7,7.05
239,2019-08-01T14:06:00Z,ba4e7e4986bb19f06a96f6cd2abbb6a2aeb789471c2c92116f0f47fc,60.17919,24.95181,000000007b5207b6,23.56
240,2019-08-01T14:06:00Z,bbd7c41fc7153761d1be6e9d79faf201dce809ecbef2227537a8fc1f,60.14699,24.922,00000000a53ed894,21.87
241,2019-08-01T14:06:00Z,bcec929655c8f77ea85d2e1f8583cecc29bb621fbe2757558ddad443,60.16762,24.95415,000000006b44cce7,14.89
242,2019-08-01T14:06:00Z,bef916414d143c5690a6e21050b813c211f718d0c9701dcf8dacaa08,60.16762,24.95415,000000006b44cce7,14.89
243,2019-08-01T14:06:00Z,c09a0a697a5cb68b2531b7f2a7aa610636da0120f0d6451f35f5047b,60.14699,24.922,00000000a53ed894,31.5
244,2019-08-01T14:06:00Z,c1c52112e9a99c83985e5fa8b94cd006e837364241d721adbc97a4e8,60.16897,24.95222,00000000aa852af1,25.36
245,2019-08-01T14:06:00Z,c3a084bc15704cdf21d7631f23504f82fee9ffef7df28ba73499c5e5,60.16829,24.94214,00000000afef4555,4.5
246,2019-08-01T14:06:00Z,c4f9f0ef66c54b510c00c485ccc235ba13403189a80e4f3784400606,60.16629,24.95957,00000000fb7600be,17.4
247,2019-08-01T14:06:00Z,c52aff3b4503e4527c42483fc94ab5f76085d7adcdda3994ea097d5b,60.17919,24.95181,000000007b5207b6,10.78
248,2019-08-01T14:06:00Z,c896acb6cdaae4dcdb184e49d86373b12f8c6fd1414733f88d13f01c,60.16829,24.94214,00000000afef4555,17.4
249,2019-08-01T14:06:00Z,c8f18a8a9464b4d333ec467b84fdbd3ec11d1a45c33390bb2e251eb7,60.16897,24.95222,00000000aa852af1,20.28
250,2019-08-01T14:06:00Z,c9f36c08fd5fc27f490f59578a18dd0ed26bf6af6af6dd5e49da4bde,60.16897,24.95222,00000000aa852af1,23.56
251,2019-08-01T14:06:00Z,ca486b9988d5c3637322a531aac2a2edea8dda8682060df833361d2e,60.1638,24.96846,00000000d747f075,25.36
252,2019-08-01T14:06:00Z,ca9fac18641b53594b9b12804633688518ef8439bced03b55b10a4bd,60.16762,24.95415,000000006b44cce7,13.75
253,2019-08-01T14:06:00Z,cb4acce3c0e8814f0dea6d03516f4fca63584c0d0eb66d94d4b787c9,60.16448,24.97323,0000000053c6c2be,8.38
254,2019-08-01T14:06:00Z,cc365457f37abe284ecac8152adddd4b351e8ed777cc057f4eae6f3e,60.15432,24.9211,0000000019fb59c4,14.89
255,2019-08-01T14:06:00Z,cc38ea2c794e95f83f36425529a04402b0c37e9f73376c5338c8f51b,60.16897,24.95222,00000000aa852af1,14.89
256,2019-08-01T14:06:00Z,cc950c3a466c35f86c7bfa063842fd4f92441971a1c372b8027b23ae,60.1538,24.95595,0000000038bf9618,20.28
257,2019-08-01T14:06:00Z,cdb9cc5defb175be5d9d45866ff60934c11afff7f79c4277e18c484b,60.16762,24.95415,000000006b44cce7,9.92
258,2019-08-01T14:06:00Z,cdba148f34b38927d778e84c8e2d66ead6da5ff4fa359850d56ceb7a,60.18203,24.91341,00000000342570c2,6.46
259,2019-08-01T14:06:00Z,cde9de33b1f788c515edab78802617af1cf39ee87df27f845d54b0c9,60.15432,24.9211,0000000019fb59c4,13.75
260,2019-08-01T14:06:00Z,ce554e0549452ac9d84110b70377a99645e7b5ea4cfda499d23b3e5e,60.1538,24.95595,0000000038bf9618,29.32
261,2019-08-01T14:06:00Z,ce66a9b800bb6b1a12b669fb9bd18824527a9829d71f755dca6036f2,60.16829,24.94214,00000000afef4555,9.92
262,2019-08-01T14:06:00Z,cf6e0c5c7dbb25d0af4ae9b2e05697a724f5ce14ca6bf8266834714f,60.16544,24.95398,0000000038d83d41,9.12
263,2019-08-01T14:06:00Z,cfc2304fcadec07d08f513bf75a48f01be7413fee812b2afc0ac5aa7,60.16762,24.95415,000000006b44cce7,17.4
264,2019-08-01T14:06:00Z,cff652c243da18ee47f991179dba0a480accbf3a727188e330f01230,60.16762,24.95415,000000006b44cce7,17.4
265,2019-08-01T14:06:00Z,d057c5a047d05f7325a9f1e4cd66dc1de8e5843e97ecab8ef53d0220,60.16762,24.95415,000000006b44cce7,8.38
266,2019-08-01T14:06:00Z,d18591d449e4716a60ff88165fe5a4b88a4c8ba4f43b52fcff07ad55,60.16075,24.95883,00000000f1124bca,38.87
267,2019-08-01T14:06:00Z,d193cca9cd8e7974540f8557225f123c0a8a437c2cdb5f3af8c91446,60.16448,24.97323,0000000053c6c2be,14.89
268,2019-08-01T14:06:00Z,d42c38cfc7888d90c209b2ef3375c1ba4ad39f485782acd4c3400f77,60.14947,24.91438,000000004ef3150d,7.05
269,2019-08-01T14:06:00Z,d55da2a4b65a10e4e46f0b5669e197cae801de4efe3218bddf5b8481,60.16448,24.97323,0000000053c6c2be,18.79
270,2019-08-01T14:06:00Z,d58682d83e549fd29b3e1d4a577d116bf884be3f31b31bc4aa2650ee,60.16629,24.95957,00000000fb7600be,14.89
271,2019-08-01T14:06:00Z,d76f3d5005b8a0b749b2ff4d65752c62c97ba72e18d432dc4b9afa71,60.16629,24.95957,00000000fb7600be,13.75
272,2019-08-01T14:06:00Z,d9c8db5345ba3020ad7e44650d77b9ce5b8e7ab9683cf90bf1bab42f,60.16897,24.95222,00000000aa852af1,18.79
273,2019-08-01T14:06:00Z,db4ac69f73f8b3ad7500acb56e285f05b61fd4dca6e8afa597b4f487,60.1638,24.96846,00000000d747f075,2.8
274,2019-08-01T14:06:00Z,db7755e3dab7f832c3b9b29e3798b8504ab484746a84f0b38f3323f6,60.1638,24.96846,00000000d747f075,1.12
275,2019-08-01T14:06:00Z,dbd4fb12016046bd87c05615cea8bcb6c41c01a9875f98724f7b14e9,60.16829,24.94214,00000000afef4555,13.75
276,2019-08-01T14:06:00Z,dca2b656b55f7acca4cb008f2872120ade1462f32ba2a543e8542b4e,60.14699,24.922,00000000a53ed894,18.79
277,2019-08-01T14:06:00Z,dcbdd3c68c58b4bb51adf54457d9a52ca4947d90938e752b27e65a38,60.16629,24.95957,00000000fb7600be,8.38
278,2019-08-01T14:06:00Z,dcc9b49d91ddd8488d651e7495c011250021e25ba64affcb82221770,60.17002,24.94407,000000006b087f40,18.79
279,2019-08-01T14:06:00Z,dd17e435731c553cfe299403d6032b655d4ac585b72d4d2a40446558,60.16531,24.9442,00000000fdda10fe,20.28
280,2019-08-01T14:06:00Z,dd884b822bf5b32b2c9471e6c10e19e7bb59d084977085cebd695f1f,60.16897,24.95222,00000000aa852af1,16.1
281,2019-08-01T14:06:00Z,de4b9a211602b54bcdc838a048b4bdb933633e67c7e50d456da65076,60.17002,24.94407,000000006b087f40,21.87
282,2019-08-01T14:06:00Z,e104738ac2b141d45b60d0ec1a2699a2e144944b39af70aafdb1bbfe,60.16531,24.9442,00000000fdda10fe,7.69
283,2019-08-01T14:06:00Z,e3dd9c8d56569a6def0460dcfbce836e1dfcf04b64b4bd69f11f83ea,60.16829,24.94214,00000000afef4555,27.28
284,2019-08-01T14:06:00Z,e3e3e055cc00133b8bcde5052814e453da18e307620c30c0daaca83d,60.16762,24.95415,000000006b44cce7,12.69
285,2019-08-01T14:06:00Z,e44583989c1e0233e9a4a29afa795b0ae4d35e822cf6ee35f4124700,60.16531,24.9442,00000000fdda10fe,9.12
286,2019-08-01T14:06:00Z,e4b056117da66db7d4b48d96156c66670fe8cf78e9e2113b29e6baff,60.14699,24.922,00000000a53ed894,18.79
287,2019-08-01T14:06:00Z,e644e53f418bc3a2821acf8aaaf5e1271ef5f78ab8204e0c45d144ff,60.16829,24.94214,00000000afef4555,13.75
288,2019-08-01T14:06:00Z,e70b399885122e4e3ac21250547a83aeb366a419a4ec038500133aac,60.17002,24.94407,000000006b087f40,27.28
289,2019-08-01T14:06:00Z,e837f55a53dfe9ba51086532a52b9c1a80171cec45ee6e93ef065256,60.17002,24.94407,000000006b087f40,29.32
290,2019-08-01T14:06:00Z,e8d2d9d12e2c0b9c3c912f992acae97b111c8d45adb053dadfeee362,60.1638,24.96846,00000000d747f075,4.11
291,2019-08-01T14:06:00Z,ea1600d1948f4f632f765c84a155f533a948b97a0a8704220209ad4a,60.16762,24.95415,000000006b44cce7,11.7
292,2019-08-01T14:06:00Z,ea51f970e8a61477006fbeb27bcc86dc067bfb3fdc95b7ce373cf590,60.1538,24.95595,0000000038bf9618,5.91
293,2019-08-01T14:06:00Z,eb76175497d979f569fadd699741df6aeb956ff37e14bc4ec9f98bbd,60.16897,24.95222,00000000aa852af1,8.38
294,2019-08-01T14:06:00Z,ec93f14b5ef7c419b031ef2a8c1039a9f4a387c348c87d3ce0741d28,60.17002,24.94407,000000006b087f40,16.1
295,2019-08-01T14:06:00Z,ecdf80a745e6372109092aec3263bebd7cba862b6493f99e85891161,60.16448,24.97323,0000000053c6c2be,20.28
296,2019-08-01T14:06:00Z,ed9aaa2050d0f13ad5beb33caf08cb03029ce11bd1dc88336919f80c,60.16762,24.95415,000000006b44cce7,13.75
297,2019-08-01T14:06:00Z,ededc4e31fcfd9009346f27eab0146d020bb3584d486c52ca38e1e6c,60.14947,24.91438,000000004ef3150d,25.36
298,2019-08-01T14:06:00Z,ef661f574d0c1407ce246caf1cc57f198013eb4cda1129fbef724892,60.173,24.92524,0000000096918cfa,4.94
299,2019-08-01T14:06:00Z,f0899c1a961413543f85bf372bc17aa9edceee0db1a1ae961d32768f,60.1538,24.95595,0000000038bf9618,23.56
300,2019-08-01T14:06:00Z,f090d05c69da3b7b1dd1f4c2e66656af8d15f59d36508063ececde08,60.16762,24.95415,000000006b44cce7,1.25
301,2019-08-01T14:06:00Z,f0a442d4f21d7176f7b42d7d1c93d37de452c531268ac69c439aab64,60.16829,24.94214,00000000afef4555,7.05
302,2019-08-01T14:06:00Z,f2610ff2b3fd6d136c23414b0a5457bc82a9a0e6e921c0961fea0842,60.16762,24.95415,000000006b44cce7,20.28
303,2019-08-01T14:06:00Z,f2d67fab25154bf8d8dda61891412fc3887517cdd2e4b0f5235d9ed1,60.15432,24.9211,0000000019fb59c4,27.28
304,2019-08-01T14:06:00Z,f2f6ba2064d88caadad692867c8cbcc3cac8f739107e4fa0291e4590,60.16762,24.95415,000000006b44cce7,4.5
305,2019-08-01T14:06:00Z,f30620f4fe5567e795d7b794e2ebf7293cb09d6c1371f60fa3dc6ccb,60.16897,24.95222,00000000aa852af1,36.27
306,2019-08-01T14:06:00Z,f46a45b8cf5e736258f84ebac97a5ba3d334e2b218e42f41e94e580c,60.1538,24.95595,0000000038bf9618,23.56
307,2019-08-01T14:06:00Z,f4716ba748cc81eaf5eeb6523cccf64a673b55c793dc1dd32354723f,60.16448,24.97323,0000000053c6c2be,20.28
308,2019-08-01T14:06:00Z,f68f522d554b56cb0a75229cf4cd196070ac9758da6c08da37b31ac1,60.17065,24.93641,000000000f4919c9,12.69
309,2019-08-01T14:06:00Z,f77b734ff7b0f26650a35285b345c3efc2e78217807e0162dc608a7d,60.16897,24.95222,00000000aa852af1,12.69
310,2019-08-01T14:06:00Z,f78e37495a5229adcbbc3b86a53dd96fb8401049464eddc33e84ca5b,60.16762,24.95415,000000006b44cce7,11.7
311,2019-08-01T14:06:00Z,f9a8cc3bb5ca2f4a3d24f7cb89511291e835d7bd8ffa93194db85b9c,60.16897,24.95222,00000000aa852af1,17.4
312,2019-08-01T14:06:00Z,f9afde1f1ece114947c1475ca871901295dec98b77c08d96ca2ec3ac,60.18203,24.91341,00000000342570c2,18.79
313,2019-08-01T14:06:00Z,fb022fb7d8285231ffc40bb92316aae080fc7c45a4f3debbb3e251a4,60.16531,24.9442,00000000fdda10fe,3.4
314,2019-08-01T14:06:00Z,fc81ba120deb2e0967c9f723b6a7ec638de76ee8d2db4d3632dd9cad,60.16829,24.94214,00000000afef4555,13.75
315,2019-08-01T14:06:00Z,fc81c0cf78257ddc2a0b164ec6d40caf9b6871aef2427116817240b0,60.15432,24.9211,0000000019fb59c4,29.32
316,2019-08-01T14:06:00Z,fcefe05fcb80850c371a5ffe72efa4ef4ef6988cfcb3f0f787488f62,60.1538,24.95595,0000000038bf9618,13.75
317,2019-08-01T14:06:00Z,fe297d389243738c427b3d8c3228582b570c4492a7f7028d94ab99e2,60.16897,24.95222,00000000aa852af1,27.28
318,2019-08-01T14:06:00Z,fe7109d582149bc6d530a401e39eeb3198770ebdb3f8c437326296d8,60.16829,24.94214,00000000afef4555,9.12
319,2019-08-01T14:06:00Z,feffd123c3f7bd636016ce5c32547258efca3e82507b76bb83fd3b12,60.16829,24.94214,00000000afef4555,11.7
320,2019-08-01T14:06:01Z,0fff89885f08417f20aadfdbf62a372277e9085bcd024374b772ecac,60.16531,24.9442,00000000fdda10fe,20.28
321,2019-08-01T14:06:01Z,11db9da09020349d6427801813c6074ce2a1a722a5b7c2b8dfea368b,60.15432,24.9211,0000000019fb59c4,20.28
322,2019-08-01T14:06:01Z,144afc51fc2443c7031a2912566eff2ce60226a49d6d2bd7c2923700,60.16544,24.95398,0000000038d83d41,16.1
323,2019-08-01T14:06:01Z,15918569de0a46a8eb56b43d8d39f7fc82619ff1006f00822c85745c,60.17919,24.95181,000000007b5207b6,7.05
324,2019-08-01T14:06:01Z,165ebbb4090d47319ae370f0d0854fdc1f6b79499f8b2e4d3c3533c0,60.16544,24.95398,0000000038d83d41,27.28
325,2019-08-01T14:06:01Z,189f15e95887b411586d71269b56e43888d25d1264e9a353043b1bcf,60.16629,24.95957,00000000fb7600be,23.56
326,2019-08-01T14:06:01Z,29a5db8c78e553beb48552e1d686a6c7336d9012c50171aed15d6dc5,60.16544,24.95398,0000000038d83d41,18.79
