,time,hash,latitude,longitude,serial,distance
0,2019-08-03T04:06:00Z,072dc794e212cfe9866e1242d801701f299d36f4aea2da25e22246cc,60.16762,24.95415,000000006b44cce7,7.69
1,2019-08-03T04:06:00Z,126e7fa4dd9205201617bdc0c7c346bfb57e1a75d3d7d3d9c260d51b,60.16897,24.95222,00000000aa852af1,12.69
2,2019-08-03T04:06:00Z,129dad6828fb3e17a08cbc4f37bc09bbf2759d63eefc3cd646806e36,60.16897,24.95222,00000000aa852af1,29.32
3,2019-08-03T04:06:00Z,14c7e1511b70f4dd3359cbece1377aebb4d70531f5489eefe53d7c3c,60.16544,24.95398,0000000038d83d41,20.28
4,2019-08-03T04:06:00Z,165ebbb4090d47319ae370f0d0854fdc1f6b79499f8b2e4d3c3533c0,60.16544,24.95398,0000000038d83d41,29.32
5,2019-08-03T04:06:00Z,1d513a9eda6958eaa6394ca7a03bb7c0beb946191e40ea22378b96fa,60.16762,24.95415,000000006b44cce7,12.69
6,2019-08-03T04:06:00Z,2a93b61a3863ace54349d7a0937e4134fcc6d4dfcf064eefae2b7cf8,60.15432,24.9211,0000000019fb59c4,12.69
7,2019-08-03T04:06:00Z,2af9f18ec38ddcce3e687bdf1a0e3d95da68f65a2028ee4a3bdeddab,60.15432,24.9211,0000000019fb59c4,16.1
8,2019-08-03T04:06:00Z,3c23a25bf8d2a83fbe43f0bad320c8cb1fddc7664f061e6b1d04cdd8,60.14947,24.91438,000000004ef3150d,21.87
9,2019-08-03T04:06:00Z,43b676ed3aef4c2d8846694817e76117873be52e7f788e0cb366c1c4,60.16629,24.95957,00000000fb7600be,23.56
10,2019-08-03T04:06:00Z,52f6a3a3aa57239ef1fb406b6d276ffea0771b2d59b02598092b8971,60.16762,24.95415,000000006b44cce7,21.87
11,2019-08-03T04:06:00Z,5bbb5184fded3e51bc78e45e39917794285e6bbc72da404802a9599a,60.16531,24.9442,00000000fdda10fe,21.87
12,2019-08-03T04:06:00Z,5d65719c4cbf045f068d084b72302f447d5fd034413d97d13be00d0e,60.18203,24.91341,00000000342570c2,23.56
13,2019-08-03T04:06:00Z,5eed115a984d490b02b602d73787aee8dc8c4e9365b77fbff3818a76,60.16629,24.95957,00000000fb7600be,31.5
14,2019-08-03T04:06:00Z,747f2d1ebff218c0ebbdc0fdaef4cbe56633dfb46ae1b1f8c8142201,60.16762,24.95415,000000006b44cce7,21.87
15,2019-08-03T04:06:00Z,79f136afa0dd8717337c01c70b457c464aaf0fa25b440f51a394ec23,60.16762,24.95415,000000006b44cce7,27.28
16,2019-08-03T04:06:00Z,7df8ec5a88dc8a3821619187191a17a27cf3e1d8ca54bbf372e28bbf,60.16829,24.94214,00000000afef4555,29.32
17,2019-08-03T04:06:00Z,87dfaad29a9276ddddb1fa021d3bc23ad14824c1af16f7d87e713689,60.14951,24.92138,0000000006dd41f6,6.46
18,2019-08-03T04:06:00Z,8c75c3289c84fe4493e1e272a77b615fe1985880c5dc68a7c1a17b53,60.16762,24.95415,000000006b44cce7,16.1
19,2019-08-03T04:06:00Z,8ff60f950161ed884860c37d18e95c683a57d568528f4083008a5dd8,60.15432,24.9211,0000000019fb59c4,16.1
20,2019-08-03T04:06:00Z,91c0db5a8cd889a1464ea18808322bd2e22fd8c273667c689d23c9eb,60.16629,24.95957,00000000fb7600be,25.36
21,2019-08-03T04:06:00Z,94512cd21b284eddaddc0be0d385bf5072dbeaa7e3eb345b3c161aa6,60.16762,24.95415,000000006b44cce7,21.87
22,2019-08-03T04:06:00Z,9843c6216661048343a0e49cf3d8aa2883cf77f452666a1c873a1052,60.16448,24.97323,0000000053c6c2be,21.87
23,2019-08-03T04:06:00Z,a91d379a4b57c5df22db0d7a041ff69f657b4b31f28554b1011fc03c,60.16544,24.95398,0000000038d83d41,27.28
24,2019-08-03T04:06:00Z,b4faf2d3c4d2b199afeab6ab63b583fe3a2e81e14abbef6917f25129,60.15432,24.9211,0000000019fb59c4,10.78
25,2019-08-03T04:06:00Z,b5fd6b317890e5ab2d79e2cd1abe61626d45a753c7337d0d40728898,60.16762,24.95415,000000006b44cce7,13.75
26,2019-08-03T04:06:00Z,b9fbcbed77816e0b03cc689330f09fbe68ed341e5bae79409426370f,60.17002,24.94407,000000006b087f40,36.27
27,2019-08-03T04:06:00Z,bb52abe4edeb7604c7a55e84373a051fe6adeac1849883eb0877f237,60.15432,24.9211,0000000019fb59c4,9.12
28,2019-08-03T04:06:00Z,bb98768dad0f7c52cf643f035a3e7e48f5cfe28557c66f2a75914b31,60.15432,24.9211,0000000019fb59c4,9.92
29,2019-08-03T04:06:00Z,c40c37def6bf11a63a2556519a7c6233fd417cdeea2cf14f28e7c42c,60.16531,24.9442,00000000fdda10fe,16.1
30,2019-08-03T04:06:00Z,cf05623e4d87ce0906c0b0b7dbf53aacc1228016cd27c341228b6e76,60.18203,24.91341,00000000342570c2,16.1
31,2019-08-03T04:06:00Z,da3f8a9924ac789c223fe629d063aa23403ffed3bf8166bd44e4d0d0,60.16762,24.95415,000000006b44cce7,12.69
32,2019-08-03T04:06:00Z,e98c6399958e74ee1fe944500744224b2c22cdbc09c1e7634db557a1,60.16762,24.95415,000000006b44cce7,20.28
33,2019-08-03T04:06:00Z,ea2af410359f5c862dbc71554cc0b6ea29d823a91db3209fcd2a8c76,60.16762,24.95415,000000006b44cce7,11.7
34,2019-08-03T04:06:00Z,ed70dda6b7faebd4340dacdb452ab224d9d3c308df417b7fa76f54e8,60.14951,24.92138,0000000006dd41f6,23.56
35,2019-08-03T04:06:00Z,f088630d7476dae7d4b7e2bb1f10575f2c89acb4b6e061f3d57c2b40,60.16531,24.9442,00000000fdda10fe,20.28
36,2019-08-03T04:06:00Z,fc4f3a44235f1cfc7b53f14ba2da599976a5a0a220d23b852688e485,60.17918,24.95141,00000000675d5200,27.28
37,2019-08-03T04:06:00Z,06014a182dd02b0f323180fc109e96f02601f01d58bde42742f36f28,60.16762,24.95415,000000006b44cce7,25.36
38,2019-08-03T04:06:00Z,062dcf5e5310ca50ee31dcbf3240ae72585ec6eb018ce0c4b6384528,60.14951,24.92138,0000000006dd41f6,29.32
39,2019-08-03T04:06:00Z,06948984a70bd8ab25e59745446737d201b1d6f81178f28fa1886417,60.14947,24.91438,000000004ef3150d,4.5
40,2019-08-03T04:06:00Z,1225835ae0c7833b4d4c42d44dae38e1c0ee444cdf32b5f7a6f2ff3a,60.15432,24.9211,0000000019fb59c4,14.89
41,2019-08-03T04:06:00Z,18b4fb4b407bc53075fb16bb743bb941e5c79382206e4bb6d549f93c,60.16531,24.9442,00000000fdda10fe,10.78
42,2019-08-03T04:06:00Z,2142821dbdfd0c8de0dfc0067db2d17aa9b3989b72fc0f1e8db8cf04,60.15432,24.9211,0000000019fb59c4,29.32
43,2019-08-03T04:06:00Z,2476c5e8a3f756f95ec622e8b95af3b357dcea77dab1c0583a6df4c4,60.14947,24.91438,000000004ef3150d,14.89
44,2019-08-03T04:06:00Z,2b32f7c4ca8e8d620d956253ba0d94f3c9d161b4f87f0e5dd4a432dc,60.16531,24.9442,00000000fdda10fe,7.69
45,2019-08-03T04:06:00Z,2bd49921db1a856686b93279b8b686d18e736e1cad1a9f5983c05681,60.14947,24.91438,000000004ef3150d,20.28
46,2019-08-03T04:06:00Z,31e3260ca9d1adc8c8764b7dc7dc2a3aef6c232ede58d8e13ae5ae50,60.16762,24.95415,000000006b44cce7,7.05
47,2019-08-03T04:06:00Z,33e70045c2cb7714517377512a50044d7daf35aa3336fb9305cffeea,60.16762,24.95415,000000006b44cce7,20.28
48,2019-08-03T04:06:00Z,4312607ffd6f84606c820aee3efaeab0ef864e1d30d954de4730c351,60.15133,24.92329,00000000e8a064a4,27.28
49,2019-08-03T04:06:00Z,48623ac81d1a71628cb26d880708581d6fddc022db81612f760886cd,60.16762,24.95415,000000006b44cce7,20.28
50,2019-08-03T04:06:00Z,4bcf419e0c186e9bbe630c1da675d8c7941fcff89d431ff33a89db94,60.14951,24.92138,0000000006dd41f6,20.28
51,2019-08-03T04:06:00Z,530133609c4ec6d17ac08b7e8c94518a4b3bd83983219389a68e99be,60.14947,24.91438,000000004ef3150d,25.36
52,2019-08-03T04:06:00Z,584cb0b0cdd14e608c8b57c8aecc9826f9b40027e365e2438a444ea2,60.16762,24.95415,000000006b44cce7,14.89
53,2019-08-03T04:06:00Z,5fc8dbd0ad72a7880b2b8c4d42b17c5e8a8c99b16c79ed76c53e085b,60.14947,24.91438,000000004ef3150d,9.92
54,2019-08-03T04:06:00Z,65b1339c6a957d65e23bba0434eeffd9e00a07356d826b1c59fb0a1d,60.14947,24.91438,000000004ef3150d,36.27
55,2019-08-03T04:06:00Z,6b116e59a3c36d116e3bb6b7ba2a6a757b11f22404d27a7e58fea888,60.17918,24.95141,00000000675d5200,25.36
56,2019-08-03T04:06:00Z,74cb545f76f0bfc5498607247e26e814276a11ce91f77208054ecbc5,60.17002,24.94407,000000006b087f40,25.36
57,2019-08-03T04:06:00Z,76c2f4cb7eedbbe2d3c101ca22da310601b89169a98586c6267f9bf1,60.17918,24.95141,00000000675d5200,12.69
58,2019-08-03T04:06:00Z,76fa25505f3f342f97bfcb97f4696de76ac9f77a46e700a5694373a6,60.17918,24.95141,00000000675d5200,23.56
59,2019-08-03T04:06:00Z,7951ac7eee04d20d49abde86360e4034ea5929b333bd2a97a144bcae,60.16448,24.97323,0000000053c6c2be,31.5
60,2019-08-03T04:06:00Z,79fe02af18196ae7bf62ca532b77caf2479ad0f276dd16fa2f84da83,60.17918,24.95141,00000000675d5200,17.4
61,2019-08-03T04:06:00Z,80f7782f2d7e08bb105e7a6d2ad2bb24e4b27e277f46c8d826567bc4,60.16448,24.97323,0000000053c6c2be,33.81
62,2019-08-03T04:06:00Z,82463fbb45a77e3861cc0eb8c88c8c133d8869a0c4476c6d9edd21ef,60.16629,24.95957,00000000fb7600be,18.79
63,2019-08-03T04:06:00Z,848edc5039bc5e52f3c7c1192a122773093249e54b1db04d0f000960,60.17918,24.95141,00000000675d5200,5.91
64,2019-08-03T04:06:00Z,8962c21eddea75feaceab6fdd99b150cb34c64c955415ae2c6681f90,60.16762,24.95415,000000006b44cce7,10.78
65,2019-08-03T04:06:00Z,8d079b7f4e722536c4b8650b96f7aef0e4a9f02f81289c89f77da6c6,60.17919,24.95181,000000007b5207b6,20.28
66,2019-08-03T04:06:00Z,900c6f69001cecf6b10a74913a1e642bf25d1f24ec8811998ef25473,60.16762,24.95415,000000006b44cce7,8.38
67,2019-08-03T04:06:00Z,90de74ab54161bca06d8935941900dd6854bd9948d71f64c63905c60,60.14947,24.91438,000000004ef3150d,12.69
68,2019-08-03T04:06:00Z,965ceaf5f2be981b3b3d3d569bd1288ce2d153a6237d0273dd12fba5,60.1538,24.95595,0000000038bf9618,1.54
69,2019-08-03T04:06:00Z,966a522e6d12b812428041518abf0af3ebb4c02d3814a98efd100184,60.14947,24.91438,000000004ef3150d,12.69
70,2019-08-03T04:06:00Z,96e8d353e6ccf0e2db33397fb30a66425fa28d1139c200f60ada096f,60.16762,24.95415,000000006b44cce7,13.75
71,2019-08-03T04:06:00Z,9c862f6118766d01e78ec5a0993736be20a6d4f6c9177cdb07ef0f37,60.14699,24.922,00000000a53ed894,20.28
72,2019-08-03T04:06:00Z,9d52592fa502cca4c83fd6bed965b65946c4ea399a41b1a434ca5232,60.14947,24.91438,000000004ef3150d,14.89
73,2019-08-03T04:06:00Z,a3989ce5b88c7458cc9a4cd37599625867be7b72ac8e73ac5e0e745f,60.14699,24.922,00000000a53ed894,29.32
74,2019-08-03T04:06:00Z,a703ddf75377c59d5dda9b436b8a0f3f14c665b7f7665ff3aeb434f8,60.16762,24.95415,000000006b44cce7,17.4
75,2019-08-03T04:06:00Z,b08b27c3c085ba62812c1ebbcd698d6d97e8eabdafaf361d9afeb9e3,60.14947,24.91438,000000004ef3150d,7.69
76,2019-08-03T04:06:00Z,b09a032b92401946d3307163af24389dc1cc297bcbc20578899a80c2,60.15432,24.9211,0000000019fb59c4,29.32
77,2019-08-03T04:06:00Z,b67513cf555bb46100b4e39f063ad89905e8876a91b7c96d331ff493,60.16762,24.95415,000000006b44cce7,12.69
78,2019-08-03T04:06:00Z,b8c582977ff4201cad9a5a44d31a128b25ba6daa54a0a4d4779609b7,60.14699,24.922,00000000a53ed894,9.92
79,2019-08-03T04:06:00Z,b9e187aea8b43ef13deb3b79517529a1cf690734c71fa958d8918862,60.16897,24.95222,00000000aa852af1,20.28
80,2019-08-03T04:06:00Z,bebf133410e3b694d20d3e8056ed557f6dbf9088c9d20f7624e3837e,60.16897,24.95222,00000000aa852af1,9.12
81,2019-08-03T04:06:00Z,c9ce14e0dbf0cf3c24f6a92a1930fa32de9a1de0ffe63082ccddb0d6,60.16448,24.97323,0000000053c6c2be,33.81
82,2019-08-03T04:06:00Z,cf39c86e599d2b281f8efcae7d89c5585c2617c080a22b205a5ef36b,60.14947,24.91438,000000004ef3150d,12.69
83,2019-08-03T04:06:00Z,d996aba03d429dadbfd35d5a32921ef81ef57c55208041657bd716a3,60.14947,24.91438,000000004ef3150d,9.92
84,2019-08-03T04:06:00Z,dadeb1dd1c0053e842099cde5f2fcd8e82a639fe56df10bb1783cf78,60.14699,24.922,00000000a53ed894,25.36
85,2019-08-03T04:06:00Z,df4dec650f2f349d4c4ec6cf3112cad987a6215a99d2ba5fd766d713,60.18203,24.91341,00000000342570c2,31.5
86,2019-08-03T04:06:00Z,df866a4559ee77203db7613a8b99eb3e325aa2a632ea2b9a80d63beb,60.16762,24.95415,000000006b44cce7,12.69
87,2019-08-03T04:06:00Z,e6aa2430fdfa63d2d5186d87d54569cf8c4f3fc0a60900178435147c,60.149,24.9843,00000000fffb8cf0,18.79
88,2019-08-03T04:06:00Z,eee6bb1e9df6c8a73ca542d42b16b27759ae5136518e5b1c08cfef76,60.17002,24.94407,000000006b087f40,23.56
89,2019-08-03T04:06:00Z,f9399339c3de44774896319d3f291771cebcaf2666df1d6062469882,60.16531,24.9442,00000000fdda10fe,21.87
90,2019-08-03T04:06:00Z,fc1ed8c70bd133badcfe592e945b2460d3d1eeeee054d96638ffc26a,60.14951,24.92138,0000000006dd41f6,25.36
91,2019-08-03T04:06:00Z,fd380810d8801c01fe949a71b81e8ab35312d39afec9532569cf28f1,60.14951,24.92138,0000000006dd41f6,21.87
92,2019-08-03T04:06:01Z,03e0fc996a589ccdf1871b3c78e089c08c93ba1f2a02d740fb384aac,60.16531,24.9442,00000000fdda10fe,31.5
93,2019-08-03T04:06:01Z,072dc794e212cfe9866e1242d801701f299d36f4aea2da25e22246cc,60.16762,24.95415,000000006b44cce7,7.69
94,2019-08-03T04:06:01Z,126e7fa4dd9205201617bdc0c7c346bfb57e1a75d3d7d3d9c260d51b,60.16897,24.95222,00000000aa852af1,25.36
95,2019-08-03T04:06:01Z,14c7e1511b70f4dd3359cbece1377aebb4d70531f5489eefe53d7c3c,60.16544,24.95398,0000000038d83d41,25.36
96,2019-08-03T04:06:01Z,165ebbb4090d47319ae370f0d0854fdc1f6b79499f8b2e4d3c3533c0,60.16544,24.95398,0000000038d83d41,33.81
97,2019-08-03T04:06:01Z,17b28910b6cbc057680693633275c4ca53938281bc38178f96c44947,60.17002,24.94407,000000006b087f40,33.81
98,2019-08-03T04:06:01Z,1d513a9eda6958eaa6394ca7a03bb7c0beb946191e40ea22378b96fa,60.16762,24.95415,000000006b44cce7,11.7
99,2019-08-03T04:06:01Z,297c725b456ef12d2712634b21546721cbe93224d3a5762d897404f2,60.16762,24.95415,000000006b44cce7,27.28
100,2019-08-03T04:06:01Z,2a93b61a3863ace54349d7a0937e4134fcc6d4dfcf064eefae2b7cf8,60.15432,24.9211,0000000019fb59c4,12.69
101,2019-08-03T04:06:01Z,2af9f18ec38ddcce3e687bdf1a0e3d95da68f65a2028ee4a3bdeddab,60.15432,24.9211,0000000019fb59c4,14.89
102,2019-08-03T04:06:01Z,2eb6062cfc73a77cecd6824d22e10f5ed93f936acbf6aee6080553b1,60.17002,24.94407,000000006b087f40,33.81
103,2019-08-03T04:06:01Z,3c23a25bf8d2a83fbe43f0bad320c8cb1fddc7664f061e6b1d04cdd8,60.14947,24.91438,000000004ef3150d,25.36
104,2019-08-03T04:06:01Z,43b676ed3aef4c2d8846694817e76117873be52e7f788e0cb366c1c4,60.16629,24.95957,00000000fb7600be,21.87
105,2019-08-03T04:06:01Z,52f6a3a3aa57239ef1fb406b6d276ffea0771b2d59b02598092b8971,60.16762,24.95415,000000006b44cce7,21.87
106,2019-08-03T04:06:01Z,5bbb5184fded3e51bc78e45e39917794285e6bbc72da404802a9599a,60.16531,24.9442,00000000fdda10fe,36.27
107,2019-08-03T04:06:01Z,5c5b8ebf392d3a1a9eded11c6d68af45797c4c0cf5f8cb94fc541df4,60.16762,24.95415,000000006b44cce7,20.28
108,2019-08-03T04:06:01Z,5d65719c4cbf045f068d084b72302f447d5fd034413d97d13be00d0e,60.18203,24.91341,00000000342570c2,21.87
109,2019-08-03T04:06:01Z,5eed115a984d490b02b602d73787aee8dc8c4e9365b77fbff3818a76,60.16629,24.95957,00000000fb7600be,29.32
110,2019-08-03T04:06:01Z,66dabd3229229330d23c70e9e1737429ddfe69db01f4a6a00f70fa20,60.16762,24.95415,000000006b44cce7,25.36
111,2019-08-03T04:06:01Z,71230a1e5ab6c21c997acbb4b5e35a0a2a2898b6d830e82bb9c245cb,60.16448,24.97323,0000000053c6c2be,23.56
112,2019-08-03T04:06:01Z,77839e655f856d5295739c2388237a95b399c3b8a4f659cd1345d939,60.16829,24.94214,00000000afef4555,20.28
113,2019-08-03T04:06:01Z,79f136afa0dd8717337c01c70b457c464aaf0fa25b440f51a394ec23,60.16762,24.95415,000000006b44cce7,23.56
114,2019-08-03T04:06:01Z,87dfaad29a9276ddddb1fa021d3bc23ad14824c1af16f7d87e713689,60.14951,24.92138,0000000006dd41f6,7.69
115,2019-08-03T04:06:01Z,8c75c3289c84fe4493e1e272a77b615fe1985880c5dc68a7c1a17b53,60.16762,24.95415,000000006b44cce7,8.38
116,2019-08-03T04:06:01Z,8ff60f950161ed884860c37d18e95c683a57d568528f4083008a5dd8,60.15432,24.9211,0000000019fb59c4,17.4
117,2019-08-03T04:06:01Z,91c0db5a8cd889a1464ea18808322bd2e22fd8c273667c689d23c9eb,60.16629,24.95957,00000000fb7600be,27.28
118,2019-08-03T04:06:01Z,91d3b80de4439a4a49ddb8a04d72a0a2ec6c08f351d70232842af567,60.16762,24.95415,000000006b44cce7,27.28
119,2019-08-03T04:06:01Z,94512cd21b284eddaddc0be0d385bf5072dbeaa7e3eb345b3c161aa6,60.16762,24.95415,000000006b44cce7,20.28
120,2019-08-03T04:06:01Z,9843c6216661048343a0e49cf3d8aa2883cf77f452666a1c873a1052,60.16448,24.97323,0000000053c6c2be,14.89
121,2019-08-03T04:06:01Z,a91d379a4b57c5df22db0d7a041ff69f657b4b31f28554b1011fc03c,60.16544,24.95398,0000000038d83d41,31.5
122,2019-08-03T04:06:01Z,b33ae7715d6d2571066655c2c8954a5a364b5601869047de83410d9f,60.16629,24.95957,00000000fb7600be,21.87
123,2019-08-03T04:06:01Z,b4faf2d3c4d2b199afeab6ab63b583fe3a2e81e14abbef6917f25129,60.15432,24.9211,0000000019fb59c4,9.92
124,2019-08-03T04:06:01Z,bb52abe4edeb7604c7a55e84373a051fe6adeac1849883eb0877f237,60.15432,24.9211,0000000019fb59c4,9.92
125,2019-08-03T04:06:01Z,bb98768dad0f7c52cf643f035a3e7e48f5cfe28557c66f2a75914b31,60.15432,24.9211,0000000019fb59c4,9.12
126,2019-08-03T04:06:01Z,cf05623e4d87ce0906c0b0b7dbf53aacc1228016cd27c341228b6e76,60.18203,24.91341,00000000342570c2,16.1
127,2019-08-03T04:06:01Z,da3f8a9924ac789c223fe629d063aa23403ffed3bf8166bd44e4d0d0,60.16762,24.95415,000000006b44cce7,13.75
128,2019-08-03T04:06:01Z,ea2af410359f5c862dbc71554cc0b6ea29d823a91db3209fcd2a8c76,60.16762,24.95415,000000006b44cce7,12.69
129,2019-08-03T04:06:01Z,f088630d7476dae7d4b7e2bb1f10575f2c89acb4b6e061f3d57c2b40,60.16531,24.9442,00000000fdda10fe,29.32
130,2019-08-03T04:06:01Z,fc4f3a44235f1cfc7b53f14ba2da599976a5a0a220d23b852688e485,60.17919,24.95181,000000007b5207b6,14.89
131,2019-08-03T04:06:01Z,062dcf5e5310ca50ee31dcbf3240ae72585ec6eb018ce0c4b6384528,60.14951,24.92138,0000000006dd41f6,27.28
132,2019-08-03T04:06:01Z,06948984a70bd8ab25e59745446737d201b1d6f81178f28fa1886417,60.14947,24.91438,000000004ef3150d,9.92
133,2019-08-03T04:06:01Z,1225835ae0c7833b4d4c42d44dae38e1c0ee444cdf32b5f7a6f2ff3a,60.15432,24.9211,0000000019fb59c4,17.4
134,2019-08-03T04:06:01Z,18b4fb4b407bc53075fb16bb743bb941e5c79382206e4bb6d549f93c,60.16531,24.9442,00000000fdda10fe,7.05
135,2019-08-03T04:06:01Z,2476c5e8a3f756f95ec622e8b95af3b357dcea77dab1c0583a6df4c4,60.14947,24.91438,000000004ef3150d,14.89
136,2019-08-03T04:06:01Z,2b32f7c4ca8e8d620d956253ba0d94f3c9d161b4f87f0e5dd4a432dc,60.16531,24.9442,00000000fdda10fe,9.92
137,2019-08-03T04:06:01Z,2bd49921db1a856686b93279b8b686d18e736e1cad1a9f5983c05681,60.14947,24.91438,000000004ef3150d,10.78
138,2019-08-03T04:06:01Z,31e3260ca9d1adc8c8764b7dc7dc2a3aef6c232ede58d8e13ae5ae50,60.16762,24.95415,000000006b44cce7,6.46
139,2019-08-03T04:06:01Z,4312607ffd6f84606c820aee3efaeab0ef864e1d30d954de4730c351,60.15133,24.92329,00000000e8a064a4,27.28
140,2019-08-03T04:06:01Z,48623ac81d1a71628cb26d880708581d6fddc022db81612f760886cd,60.16762,24.95415,000000006b44cce7,23.56
141,2019-08-03T04:06:01Z,530133609c4ec6d17ac08b7e8c94518a4b3bd83983219389a68e99be,60.14947,24.91438,000000004ef3150d,21.87
142,2019-08-03T04:06:01Z,55e74c16b4a835bb85bc333af5fdb26b3a8290261a08f7535b4549ff,60.16829,24.94214,00000000afef4555,21.87
143,2019-08-03T04:06:01Z,584cb0b0cdd14e608c8b57c8aecc9826f9b40027e365e2438a444ea2,60.16762,24.95415,000000006b44cce7,9.12
144,2019-08-03T04:06:01Z,690046d158370526fee81a82294d2da5d9c9d77d042ee256b7368712,60.14951,24.92138,0000000006dd41f6,20.28
145,2019-08-03T04:06:01Z,6b116e59a3c36d116e3bb6b7ba2a6a757b11f22404d27a7e58fea888,60.17919,24.95181,000000007b5207b6,21.87
146,2019-08-03T04:06:01Z,76c2f4cb7eedbbe2d3c101ca22da310601b89169a98586c6267f9bf1,60.17918,24.95141,00000000675d5200,10.78
147,2019-08-03T04:06:01Z,76fa25505f3f342f97bfcb97f4696de76ac9f77a46e700a5694373a6,60.17918,24.95141,00000000675d5200,25.36
148,2019-08-03T04:06:01Z,79fe02af18196ae7bf62ca532b77caf2479ad0f276dd16fa2f84da83,60.17918,24.95141,00000000675d5200,21.87
149,2019-08-03T04:06:01Z,80f7782f2d7e08bb105e7a6d2ad2bb24e4b27e277f46c8d826567bc4,60.16448,24.97323,0000000053c6c2be,31.5
150,2019-08-03T04:06:01Z,82463fbb45a77e3861cc0eb8c88c8c133d8869a0c4476c6d9edd21ef,60.16629,24.95957,00000000fb7600be,21.87
151,2019-08-03T04:06:01Z,848edc5039bc5e52f3c7c1192a122773093249e54b1db04d0f000960,60.17918,24.95141,00000000675d5200,5.41
152,2019-08-03T04:06:01Z,8962c21eddea75feaceab6fdd99b150cb34c64c955415ae2c6681f90,60.16762,24.95415,000000006b44cce7,10.78
153,2019-08-03T04:06:01Z,8d079b7f4e722536c4b8650b96f7aef0e4a9f02f81289c89f77da6c6,60.17919,24.95181,000000007b5207b6,23.56
154,2019-08-03T04:06:01Z,8d5728526fc85cda08c8e2f8a145f6f07077f6c95aa86b4fd5041c8b,60.16762,24.95415,000000006b44cce7,12.69
155,2019-08-03T04:06:01Z,900c6f69001cecf6b10a74913a1e642bf25d1f24ec8811998ef25473,60.16762,24.95415,000000006b44cce7,6.46
156,2019-08-03T04:06:01Z,90de74ab54161bca06d8935941900dd6854bd9948d71f64c63905c60,60.14947,24.91438,000000004ef3150d,11.7
157,2019-08-03T04:06:01Z,965ceaf5f2be981b3b3d3d569bd1288ce2d153a6237d0273dd12fba5,60.1538,24.95595,0000000038bf9618,1.38
158,2019-08-03T04:06:01Z,96e8d353e6ccf0e2db33397fb30a66425fa28d1139c200f60ada096f,60.16762,24.95415,000000006b44cce7,12.69
159,2019-08-03T04:06:01Z,9bd54ccf02531b51a7d80c3c7df717efd0169b2af1671769f5b7a338,60.14947,24.91438,000000004ef3150d,36.27
160,2019-08-03T04:06:01Z,a3989ce5b88c7458cc9a4cd37599625867be7b72ac8e73ac5e0e745f,60.14699,24.922,00000000a53ed894,23.56
161,2019-08-03T04:06:01Z,b08b27c3c085ba62812c1ebbcd698d6d97e8eabdafaf361d9afeb9e3,60.14947,24.91438,000000004ef3150d,9.12
162,2019-08-03T04:06:01Z,b09a032b92401946d3307163af24389dc1cc297bcbc20578899a80c2,60.15432,24.9211,0000000019fb59c4,31.5
163,2019-08-03T04:06:01Z,b67513cf555bb46100b4e39f063ad89905e8876a91b7c96d331ff493,60.16762,24.95415,000000006b44cce7,7.69
164,2019-08-03T04:06:01Z,b8c582977ff4201cad9a5a44d31a128b25ba6daa54a0a4d4779609b7,60.14699,24.922,00000000a53ed894,9.92
165,2019-08-03T04:06:01Z,b9e187aea8b43ef13deb3b79517529a1cf690734c71fa958d8918862,60.16897,24.95222,00000000aa852af1,14.89
166,2019-08-03T04:06:01Z,bebf133410e3b694d20d3e8056ed557f6dbf9088c9d20f7624e3837e,60.16897,24.95222,00000000aa852af1,16.1
167,2019-08-03T04:06:01Z,c34e50cf6bc861ca16ce7a93608bdf8e9cf517a2de0e4297bb451aaf,60.14951,24.92138,0000000006dd41f6,25.36
168,2019-08-03T04:06:01Z,cda89c0f954b39e94d26a852382d67781e5012024eb2773c6f5941db,60.17002,24.94407,000000006b087f40,27.28
169,2019-08-03T04:06:01Z,cf39c86e599d2b281f8efcae7d89c5585c2617c080a22b205a5ef36b,60.14947,24.91438,000000004ef3150d,21.87
170,2019-08-03T04:06:01Z,d996aba03d429dadbfd35d5a32921ef81ef57c55208041657bd716a3,60.14947,24.91438,000000004ef3150d,16.1
171,2019-08-03T04:06:01Z,dadeb1dd1c0053e842099cde5f2fcd8e82a639fe56df10bb1783cf78,60.14699,24.922,00000000a53ed894,29.32
172,2019-08-03T04:06:01Z,db77f1aa1188bc0cbc59772b5d9b367d066921dafa182d7a040334f0,60.16762,24.95415,000000006b44cce7,27.28
173,2019-08-03T04:06:01Z,df866a4559ee77203db7613a8b99eb3e325aa2a632ea2b9a80d63beb,60.16762,24.95415,000000006b44cce7,3.09
174,2019-08-03T04:06:01Z,e6aa2430fdfa63d2d5186d87d54569cf8c4f3fc0a60900178435147c,60.149,24.9843,00000000fffb8cf0,18.79
175,2019-08-03T04:06:01Z,f32e8ceba1b480033ff3bdf3d698e24530fc30bf565c503ce0432e51,60.14951,24.92138,0000000006dd41f6,23.56
176,2019-08-03T04:06:01Z,f9399339c3de44774896319d3f291771cebcaf2666df1d6062469882,60.16531,24.9442,00000000fdda10fe,33.81
177,2019-08-03T04:06:01Z,fd380810d8801c01fe949a71b81e8ab35312d39afec9532569cf28f1,60.14951,24.92138,0000000006dd41f6,23.56
178,2019-08-03T04:06:02Z,072dc794e212cfe9866e1242d801701f299d36f4aea2da25e22246cc,60.16762,24.95415,000000006b44cce7,7.69
179,2019-08-03T04:06:02Z,126e7fa4dd9205201617bdc0c7c346bfb57e1a75d3d7d3d9c260d51b,60.16897,24.95222,00000000aa852af1,12.69
180,2019-08-03T04:06:02Z,14c7e1511b70f4dd3359cbece1377aebb4d70531f5489eefe53d7c3c,60.16544,24.95398,0000000038d83d41,20.28
181,2019-08-03T04:06:02Z,165ebbb4090d47319ae370f0d0854fdc1f6b79499f8b2e4d3c3533c0,60.16544,24.95398,0000000038d83d41,31.5
182,2019-08-03T04:06:02Z,1d513a9eda6958eaa6394ca7a03bb7c0beb946191e40ea22378b96fa,60.16762,24.95415,000000006b44cce7,14.89
183,2019-08-03T04:06:02Z,2448a4a7bacce376bf9041799fcd0ba60e3c1179e1fdfc9d7463f44f,60.15432,24.9211,0000000019fb59c4,27.28
184,2019-08-03T04:06:02Z,2a93b61a3863ace54349d7a0937e4134fcc6d4dfcf064eefae2b7cf8,60.15432,24.9211,0000000019fb59c4,14.89
185,2019-08-03T04:06:02Z,2af9f18ec38ddcce3e687bdf1a0e3d95da68f65a2028ee4a3bdeddab,60.15432,24.9211,0000000019fb59c4,16.1
186,2019-08-03T04:06:02Z,3c23a25bf8d2a83fbe43f0bad320c8cb1fddc7664f061e6b1d04cdd8,60.14947,24.91438,000000004ef3150d,27.28
187,2019-08-03T04:06:02Z,43b676ed3aef4c2d8846694817e76117873be52e7f788e0cb366c1c4,60.16629,24.95957,00000000fb7600be,21.87
188,2019-08-03T04:06:02Z,52f6a3a3aa57239ef1fb406b6d276ffea0771b2d59b02598092b8971,60.16762,24.95415,000000006b44cce7,17.4
189,2019-08-03T04:06:02Z,5bbb5184fded3e51bc78e45e39917794285e6bbc72da404802a9599a,60.16531,24.9442,00000000fdda10fe,23.56
190,2019-08-03T04:06:02Z,5c5b8ebf392d3a1a9eded11c6d68af45797c4c0cf5f8cb94fc541df4,60.16762,24.95415,000000006b44cce7,31.5
191,2019-08-03T04:06:02Z,5d65719c4cbf045f068d084b72302f447d5fd034413d97d13be00d0e,60.18203,24.91341,00000000342570c2,23.56
192,2019-08-03T04:06:02Z,6066632ddc94b5c482a2d4f45ed2532e55e3fd63e414a084a596a737,60.16762,24.95415,000000006b44cce7,18.79
193,2019-08-03T04:06:02Z,6ff437688c444238352c28f64f9d2a7d0f14d19c9ea42c225380501e,60.16762,24.95415,000000006b44cce7,20.28
194,2019-08-03T04:06:02Z,71230a1e5ab6c21c997acbb4b5e35a0a2a2898b6d830e82bb9c245cb,60.16448,24.97323,0000000053c6c2be,25.36
195,2019-08-03T04:06:02Z,747f2d1ebff218c0ebbdc0fdaef4cbe56633dfb46ae1b1f8c8142201,60.16762,24.95415,000000006b44cce7,21.87
196,2019-08-03T04:06:02Z,7df8ec5a88dc8a3821619187191a17a27cf3e1d8ca54bbf372e28bbf,60.16829,24.94214,00000000afef4555,23.56
197,2019-08-03T04:06:02Z,87dfaad29a9276ddddb1fa021d3bc23ad14824c1af16f7d87e713689,60.14951,24.92138,0000000006dd41f6,9.92
198,2019-08-03T04:06:02Z,8c75c3289c84fe4493e1e272a77b615fe1985880c5dc68a7c1a17b53,60.16762,24.95415,000000006b44cce7,9.92
199,2019-08-03T04:06:02Z,8ff60f950161ed884860c37d18e95c683a57d568528f4083008a5dd8,60.15432,24.9211,0000000019fb59c4,33.81
200,2019-08-03T04:06:02Z,91c0db5a8cd889a1464ea18808322bd2e22fd8c273667c689d23c9eb,60.16629,24.95957,00000000fb7600be,25.36
201,2019-08-03T04:06:02Z,94512cd21b284eddaddc0be0d385bf5072dbeaa7e3eb345b3c161aa6,60.16762,24.95415,000000006b44cce7,17.4
202,2019-08-03T04:06:02Z,9843c6216661048343a0e49cf3d8aa2883cf77f452666a1c873a1052,60.16448,24.97323,0000000053c6c2be,16.1
203,2019-08-03T04:06:02Z,9900b659e91e1ed64942f79a00c31ef790d79bc729aae706825a9290,60.15133,24.92329,00000000e8a064a4,27.28
204,2019-08-03T04:06:02Z,a91d379a4b57c5df22db0d7a041ff69f657b4b31f28554b1011fc03c,60.16544,24.95398,0000000038d83d41,29.32
205,2019-08-03T04:06:02Z,b33ae7715d6d2571066655c2c8954a5a364b5601869047de83410d9f,60.16629,24.95957,00000000fb7600be,20.28
206,2019-08-03T04:06:02Z,b4faf2d3c4d2b199afeab6ab63b583fe3a2e81e14abbef6917f25129,60.15432,24.9211,0000000019fb59c4,13.75
207,2019-08-03T04:06:02Z,b5fd6b317890e5ab2d79e2cd1abe61626d45a753c7337d0d40728898,60.16762,24.95415,000000006b44cce7,12.69
208,2019-08-03T04:06:02Z,bb52abe4edeb7604c7a55e84373a051fe6adeac1849883eb0877f237,60.15432,24.9211,0000000019fb59c4,9.12
209,2019-08-03T04:06:02Z,bb98768dad0f7c52cf643f035a3e7e48f5cfe28557c66f2a75914b31,60.15432,24.9211,0000000019fb59c4,8.38
210,2019-08-03T04:06:02Z,c40c37def6bf11a63a2556519a7c6233fd417cdeea2cf14f28e7c42c,60.16531,24.9442,00000000fdda10fe,21.87
211,2019-08-03T04:06:02Z,cf05623e4d87ce0906c0b0b7dbf53aacc1228016cd27c341228b6e76,60.18203,24.91341,00000000342570c2,14.89
212,2019-08-03T04:06:02Z,da3f8a9924ac789c223fe629d063aa23403ffed3bf8166bd44e4d0d0,60.16762,24.95415,000000006b44cce7,20.28
213,2019-08-03T04:06:02Z,e98c6399958e74ee1fe944500744224b2c22cdbc09c1e7634db557a1,60.16762,24.95415,000000006b44cce7,18.79
214,2019-08-03T04:06:02Z,ea2af410359f5c862dbc71554cc0b6ea29d823a91db3209fcd2a8c76,60.16762,24.95415,000000006b44cce7,14.89
215,2019-08-03T04:06:02Z,f088630d7476dae7d4b7e2bb1f10575f2c89acb4b6e061f3d57c2b40,60.16531,24.9442,00000000fdda10fe,27.28
216,2019-08-03T04:06:02Z,fc4f3a44235f1cfc7b53f14ba2da599976a5a0a220d23b852688e485,60.17918,24.95141,00000000675d5200,27.28
217,2019-08-03T04:06:02Z,06014a182dd02b0f323180fc109e96f02601f01d58bde42742f36f28,60.16762,24.95415,000000006b44cce7,20.28
218,2019-08-03T04:06:02Z,062dcf5e5310ca50ee31dcbf3240ae72585ec6eb018ce0c4b6384528,60.14951,24.92138,0000000006dd41f6,20.28
219,2019-08-03T04:06:02Z,06948984a70bd8ab25e59745446737d201b1d6f81178f28fa1886417,60.14947,24.91438,000000004ef3150d,3.09
220,2019-08-03T04:06:02Z,0bdd7bc5bb1d0a8b4179f30bbca357c9f69ac1f59ff6867fb5865521,60.16448,24.97323,0000000053c6c2be,12.69
221,2019-08-03T04:06:02Z,1225835ae0c7833b4d4c42d44dae38e1c0ee444cdf32b5f7a6f2ff3a,60.15432,24.9211,0000000019fb59c4,14.89
222,2019-08-03T04:06:02Z,13fbc8699515df5fd55ec33848f16f8a7b184832d201fd10cecdf401,60.16762,24.95415,000000006b44cce7,17.4
223,2019-08-03T04:06:02Z,18b4fb4b407bc53075fb16bb743bb941e5c79382206e4bb6d549f93c,60.16531,24.9442,00000000fdda10fe,7.69
224,2019-08-03T04:06:02Z,2476c5e8a3f756f95ec622e8b95af3b357dcea77dab1c0583a6df4c4,60.14947,24.91438,000000004ef3150d,8.38
225,2019-08-03T04:06:02Z,2b32f7c4ca8e8d620d956253ba0d94f3c9d161b4f87f0e5dd4a432dc,60.16531,24.9442,00000000fdda10fe,9.92
226,2019-08-03T04:06:02Z,2bd49921db1a856686b93279b8b686d18e736e1cad1a9f5983c05681,60.14947,24.91438,000000004ef3150d,8.38
227,2019-08-03T04:06:02Z,31e3260ca9d1adc8c8764b7dc7dc2a3aef6c232ede58d8e13ae5ae50,60.16762,24.95415,000000006b44cce7,10.78
228,2019-08-03T04:06:02Z,361f937ab1057efd291aadfbf88395a903b0bbcfff8ee3afe1431a31,60.16544,24.95398,0000000038d83d41,29.32
229,2019-08-03T04:06:02Z,3c7be469432640ea539c50ab819b5cb563e08166d6d965860230f6ad,60.14951,24.92138,0000000006dd41f6,31.5
230,2019-08-03T04:06:02Z,48623ac81d1a71628cb26d880708581d6fddc022db81612f760886cd,60.16762,24.95415,000000006b44cce7,21.87
231,2019-08-03T04:06:02Z,4bcf419e0c186e9bbe630c1da675d8c7941fcff89d431ff33a89db94,60.14951,24.92138,0000000006dd41f6,29.32
232,2019-08-03T04:06:02Z,530133609c4ec6d17ac08b7e8c94518a4b3bd83983219389a68e99be,60.14947,24.91438,000000004ef3150d,21.87
233,2019-08-03T04:06:02Z,584cb0b0cdd14e608c8b57c8aecc9826f9b40027e365e2438a444ea2,60.16762,24.95415,000000006b44cce7,14.89
234,2019-08-03T04:06:02Z,5fc8dbd0ad72a7880b2b8c4d42b17c5e8a8c99b16c79ed76c53e085b,60.14947,24.91438,000000004ef3150d,16.1
235,2019-08-03T04:06:02Z,65b1339c6a957d65e23bba0434eeffd9e00a07356d826b1c59fb0a1d,60.14947,24.91438,000000004ef3150d,12.69
236,2019-08-03T04:06:02Z,6b116e59a3c36d116e3bb6b7ba2a6a757b11f22404d27a7e58fea888,60.17918,24.95141,00000000675d5200,17.4
237,2019-08-03T04:06:02Z,74cb545f76f0bfc5498607247e26e814276a11ce91f77208054ecbc5,60.17002,24.94407,000000006b087f40,27.28
238,2019-08-03T04:06:02Z,76c2f4cb7eedbbe2d3c101ca22da310601b89169a98586c6267f9bf1,60.17918,24.95141,00000000675d5200,13.75
239,2019-08-03T04:06:02Z,76fa25505f3f342f97bfcb97f4696de76ac9f77a46e700a5694373a6,60.17918,24.95141,00000000675d5200,18.79
240,2019-08-03T04:06:02Z,79fe02af18196ae7bf62ca532b77caf2479ad0f276dd16fa2f84da83,60.17918,24.95141,00000000675d5200,36.27
241,2019-08-03T04:06:02Z,82463fbb45a77e3861cc0eb8c88c8c133d8869a0c4476c6d9edd21ef,60.16629,24.95957,00000000fb7600be,20.28
242,2019-08-03T04:06:02Z,848edc5039bc5e52f3c7c1192a122773093249e54b1db04d0f000960,60.17918,24.95141,00000000675d5200,4.5
243,2019-08-03T04:06:02Z,859e75c53c60b0de9389c9fe4671f06feeee80ee7f5a73a721de38a0,60.15432,24.9211,0000000019fb59c4,23.56
244,2019-08-03T04:06:02Z,8962c21eddea75feaceab6fdd99b150cb34c64c955415ae2c6681f90,60.16762,24.95415,000000006b44cce7,10.78
245,2019-08-03T04:06:02Z,8d079b7f4e722536c4b8650b96f7aef0e4a9f02f81289c89f77da6c6,60.17919,24.95181,000000007b5207b6,17.4
246,2019-08-03T04:06:02Z,8d5728526fc85cda08c8e2f8a145f6f07077f6c95aa86b4fd5041c8b,60.16762,24.95415,000000006b44cce7,11.7
247,2019-08-03T04:06:02Z,900c6f69001cecf6b10a74913a1e642bf25d1f24ec8811998ef25473,60.16762,24.95415,000000006b44cce7,5.91
248,2019-08-03T04:06:02Z,90de74ab54161bca06d8935941900dd6854bd9948d71f64c63905c60,60.14947,24.91438,000000004ef3150d,6.46
249,2019-08-03T04:06:02Z,965ceaf5f2be981b3b3d3d569bd1288ce2d153a6237d0273dd12fba5,60.1538,24.95595,0000000038bf9618,4.5
250,2019-08-03T04:06:02Z,96e8d353e6ccf0e2db33397fb30a66425fa28d1139c200f60ada096f,60.16762,24.95415,000000006b44cce7,12.69
251,2019-08-03T04:06:02Z,980d082682cda2a34dabc3931f5ef844bb4e455957ad77fa7643269f,60.16762,24.95415,000000006b44cce7,17.4
252,2019-08-03T04:06:02Z,9bd54ccf02531b51a7d80c3c7df717efd0169b2af1671769f5b7a338,60.14947,24.91438,000000004ef3150d,13.75
253,2019-08-03T04:06:02Z,9c862f6118766d01e78ec5a0993736be20a6d4f6c9177cdb07ef0f37,60.14699,24.922,00000000a53ed894,29.32
254,2019-08-03T04:06:02Z,9d52592fa502cca4c83fd6bed965b65946c4ea399a41b1a434ca5232,60.14947,24.91438,000000004ef3150d,21.87
255,2019-08-03T04:06:02Z,a43d862d656908d0ea606bb631de3bd420ac523e1c7688a3ce335968,60.16448,24.97323,0000000053c6c2be,18.79
256,2019-08-03T04:06:02Z,a703ddf75377c59d5dda9b436b8a0f3f14c665b7f7665ff3aeb434f8,60.16762,24.95415,000000006b44cce7,17.4
257,2019-08-03T04:06:02Z,b08b27c3c085ba62812c1ebbcd698d6d97e8eabdafaf361d9afeb9e3,60.14947,24.91438,000000004ef3150d,6.46
258,2019-08-03T04:06:02Z,b09a032b92401946d3307163af24389dc1cc297bcbc20578899a80c2,60.15432,24.9211,0000000019fb59c4,23.56
259,2019-08-03T04:06:02Z,b67513cf555bb46100b4e39f063ad89905e8876a91b7c96d331ff493,60.16762,24.95415,000000006b44cce7,7.05
260,2019-08-03T04:06:02Z,b8c582977ff4201cad9a5a44d31a128b25ba6daa54a0a4d4779609b7,60.14699,24.922,00000000a53ed894,9.92
261,2019-08-03T04:06:02Z,b9e187aea8b43ef13deb3b79517529a1cf690734c71fa958d8918862,60.16897,24.95222,00000000aa852af1,20.28
262,2019-08-03T04:06:02Z,bebf133410e3b694d20d3e8056ed557f6dbf9088c9d20f7624e3837e,60.16897,24.95222,00000000aa852af1,17.4
263,2019-08-03T04:06:02Z,cf39c86e599d2b281f8efcae7d89c5585c2617c080a22b205a5ef36b,60.14947,24.91438,000000004ef3150d,21.87
264,2019-08-03T04:06:02Z,d996aba03d429dadbfd35d5a32921ef81ef57c55208041657bd716a3,60.14947,24.91438,000000004ef3150d,12.69
265,2019-08-03T04:06:02Z,dadeb1dd1c0053e842099cde5f2fcd8e82a639fe56df10bb1783cf78,60.14699,24.922,00000000a53ed894,33.81
266,2019-08-03T04:06:02Z,df4dec650f2f349d4c4ec6cf3112cad987a6215a99d2ba5fd766d713,60.18203,24.91341,00000000342570c2,29.32
267,2019-08-03T04:06:02Z,df866a4559ee77203db7613a8b99eb3e325aa2a632ea2b9a80d63beb,60.16762,24.95415,000000006b44cce7,3.4
268,2019-08-03T04:06:02Z,e6aa2430fdfa63d2d5186d87d54569cf8c4f3fc0a60900178435147c,60.149,24.9843,00000000fffb8cf0,27.28
269,2019-08-03T04:06:02Z,f9399339c3de44774896319d3f291771cebcaf2666df1d6062469882,60.16531,24.9442,00000000fdda10fe,23.56
270,2019-08-03T04:06:02Z,fc1ed8c70bd133badcfe592e945b2460d3d1eeeee054d96638ffc26a,60.14951,24.92138,0000000006dd41f6,25.36
271,2019-08-03T04:06:03Z,072dc794e212cfe9866e1242d801701f299d36f4aea2da25e22246cc,60.16762,24.95415,000000006b44cce7,7.69
272,2019-08-03T04:06:03Z,126e7fa4dd9205201617bdc0c7c346bfb57e1a75d3d7d3d9c260d51b,60.16897,24.95222,00000000aa852af1,12.69
273,2019-08-03T04:06:03Z,14c7e1511b70f4dd3359cbece1377aebb4d70531f5489eefe53d7c3c,60.16544,24.95398,0000000038d83d41,27.28
274,2019-08-03T04:06:03Z,1d513a9eda6958eaa6394ca7a03bb7c0beb946191e40ea22378b96fa,60.16762,24.95415,000000006b44cce7,14.89
275,2019-08-03T04:06:03Z,2448a4a7bacce376bf9041799fcd0ba60e3c1179e1fdfc9d7463f44f,60.15432,24.9211,0000000019fb59c4,36.27
276,2019-08-03T04:06:03Z,27391f5fe0d6372b87fd8909e6325800f7d4a552f40b0bad20ffa5f0,60.16762,24.95415,000000006b44cce7,20.28
277,2019-08-03T04:06:03Z,2a93b61a3863ace54349d7a0937e4134fcc6d4dfcf064eefae2b7cf8,60.15432,24.9211,0000000019fb59c4,14.89
278,2019-08-03T04:06:03Z,2af9f18ec38ddcce3e687bdf1a0e3d95da68f65a2028ee4a3bdeddab,60.15432,24.9211,0000000019fb59c4,25.36
279,2019-08-03T04:06:03Z,2eb6062cfc73a77cecd6824d22e10f5ed93f936acbf6aee6080553b1,60.17002,24.94407,000000006b087f40,31.5
280,2019-08-03T04:06:03Z,3193ebc4e01b4451b1242fd69a62b4a3af31c0150312780985ad1d1a,60.16762,24.95415,000000006b44cce7,25.36
281,2019-08-03T04:06:03Z,3c23a25bf8d2a83fbe43f0bad320c8cb1fddc7664f061e6b1d04cdd8,60.14947,24.91438,000000004ef3150d,29.32
282,2019-08-03T04:06:03Z,43b676ed3aef4c2d8846694817e76117873be52e7f788e0cb366c1c4,60.16629,24.95957,00000000fb7600be,21.87
283,2019-08-03T04:06:03Z,52f6a3a3aa57239ef1fb406b6d276ffea0771b2d59b02598092b8971,60.16762,24.95415,000000006b44cce7,21.87
284,2019-08-03T04:06:03Z,5d65719c4cbf045f068d084b72302f447d5fd034413d97d13be00d0e,60.18203,24.91341,00000000342570c2,21.87
285,2019-08-03T04:06:03Z,5eed115a984d490b02b602d73787aee8dc8c4e9365b77fbff3818a76,60.16629,24.95957,00000000fb7600be,21.87
286,2019-08-03T04:06:03Z,62fa943d746611086eb67e006bbb6746f7928adcf586aa6dbad35090,60.16762,24.95415,000000006b44cce7,21.87
287,2019-08-03T04:06:03Z,66dabd3229229330d23c70e9e1737429ddfe69db01f4a6a00f70fa20,60.16762,24.95415,000000006b44cce7,23.56
288,2019-08-03T04:06:03Z,6ff437688c444238352c28f64f9d2a7d0f14d19c9ea42c225380501e,60.16762,24.95415,000000006b44cce7,21.87
289,2019-08-03T04:06:03Z,71230a1e5ab6c21c997acbb4b5e35a0a2a2898b6d830e82bb9c245cb,60.16448,24.97323,0000000053c6c2be,25.36
290,2019-08-03T04:06:03Z,747f2d1ebff218c0ebbdc0fdaef4cbe56633dfb46ae1b1f8c8142201,60.16762,24.95415,000000006b44cce7,17.4
291,2019-08-03T04:06:03Z,87dfaad29a9276ddddb1fa021d3bc23ad14824c1af16f7d87e713689,60.14951,24.92138,0000000006dd41f6,7.69
292,2019-08-03T04:06:03Z,8b0535dd90c15c8fd1b256e7a48369741b0fe9d58f8f05f6e46134b7,60.16544,24.95398,0000000038d83d41,31.5
293,2019-08-03T04:06:03Z,8c75c3289c84fe4493e1e272a77b615fe1985880c5dc68a7c1a17b53,60.16762,24.95415,000000006b44cce7,13.75
294,2019-08-03T04:06:03Z,8ff60f950161ed884860c37d18e95c683a57d568528f4083008a5dd8,60.15432,24.9211,0000000019fb59c4,18.79
295,2019-08-03T04:06:03Z,91c0db5a8cd889a1464ea18808322bd2e22fd8c273667c689d23c9eb,60.16629,24.95957,00000000fb7600be,27.28
296,2019-08-03T04:06:03Z,94512cd21b284eddaddc0be0d385bf5072dbeaa7e3eb345b3c161aa6,60.16762,24.95415,000000006b44cce7,18.79
297,2019-08-03T04:06:03Z,9843c6216661048343a0e49cf3d8aa2883cf77f452666a1c873a1052,60.16448,24.97323,0000000053c6c2be,16.1
298,2019-08-03T04:06:03Z,9900b659e91e1ed64942f79a00c31ef790d79bc729aae706825a9290,60.15133,24.92329,00000000e8a064a4,25.36
299,2019-08-03T04:06:03Z,a91d379a4b57c5df22db0d7a041ff69f657b4b31f28554b1011fc03c,60.16544,24.95398,0000000038d83d41,31.5
300,2019-08-03T04:06:03Z,b33ae7715d6d2571066655c2c8954a5a364b5601869047de83410d9f,60.16629,24.95957,00000000fb7600be,21.87
301,2019-08-03T04:06:03Z,b4faf2d3c4d2b199afeab6ab63b583fe3a2e81e14abbef6917f25129,60.15432,24.9211,0000000019fb59c4,9.92
302,2019-08-03T04:06:03Z,b5fd6b317890e5ab2d79e2cd1abe61626d45a753c7337d0d40728898,60.16762,24.95415,000000006b44cce7,13.75
303,2019-08-03T04:06:03Z,bb52abe4edeb7604c7a55e84373a051fe6adeac1849883eb0877f237,60.15432,24.9211,0000000019fb59c4,9.12
304,2019-08-03T04:06:03Z,bb98768dad0f7c52cf643f035a3e7e48f5cfe28557c66f2a75914b31,60.15432,24.9211,0000000019fb59c4,16.1
305,2019-08-03T04:06:03Z,cf05623e4d87ce0906c0b0b7dbf53aacc1228016cd27c341228b6e76,60.18203,24.91341,00000000342570c2,16.1
306,2019-08-03T04:06:03Z,da3f8a9924ac789c223fe629d063aa23403ffed3bf8166bd44e4d0d0,60.16762,24.95415,000000006b44cce7,17.4
307,2019-08-03T04:06:03Z,e98c6399958e74ee1fe944500744224b2c22cdbc09c1e7634db557a1,60.16762,24.95415,000000006b44cce7,17.4
308,2019-08-03T04:06:03Z,ea2af410359f5c862dbc71554cc0b6ea29d823a91db3209fcd2a8c76,60.16762,24.95415,000000006b44cce7,18.79
309,2019-08-03T04:06:03Z,f088630d7476dae7d4b7e2bb1f10575f2c89acb4b6e061f3d57c2b40,60.16531,24.9442,00000000fdda10fe,21.87
310,2019-08-03T04:06:03Z,fc4f3a44235f1cfc7b53f14ba2da599976a5a0a220d23b852688e485,60.17918,24.95141,00000000675d5200,27.28
311,2019-08-03T04:06:03Z,06948984a70bd8ab25e59745446737d201b1d6f81178f28fa1886417,60.14947,24.91438,000000004ef3150d,5.41
312,2019-08-03T04:06:03Z,0bdd7bc5bb1d0a8b4179f30bbca357c9f69ac1f59ff6867fb5865521,60.16448,24.97323,0000000053c6c2be,23.56
313,2019-08-03T04:06:03Z,0df5114f429834f3385be0e616e870b1fdf5899e879442ad01cc4dc9,60.16897,24.95222,00000000aa852af1,18.79
314,2019-08-03T04:06:03Z,1225835ae0c7833b4d4c42d44dae38e1c0ee444cdf32b5f7a6f2ff3a,60.15432,24.9211,0000000019fb59c4,16.1
315,2019-08-03T04:06:03Z,13fbc8699515df5fd55ec33848f16f8a7b184832d201fd10cecdf401,60.16762,24.95415,000000006b44cce7,17.4
316,2019-08-03T04:06:03Z,18b4fb4b407bc53075fb16bb743bb941e5c79382206e4bb6d549f93c,60.16531,24.9442,00000000fdda10fe,9.92
317,2019-08-03T04:06:03Z,2142821dbdfd0c8de0dfc0067db2d17aa9b3989b72fc0f1e8db8cf04,60.15432,24.9211,0000000019fb59c4,16.1
318,2019-08-03T04:06:03Z,23937bc5bd157c58176512ba5e5bf4e7e1fb7d6c106a0e88b757dbd6,60.14699,24.922,00000000a53ed894,31.5
319,2019-08-03T04:06:03Z,2b32f7c4ca8e8d620d956253ba0d94f3c9d161b4f87f0e5dd4a432dc,60.16531,24.9442,00000000fdda10fe,7.69
320,2019-08-03T04:06:03Z,2bd49921db1a856686b93279b8b686d18e736e1cad1a9f5983c05681,60.14947,24.91438,000000004ef3150d,9.12
321,2019-08-03T04:06:03Z,31e3260ca9d1adc8c8764b7dc7dc2a3aef6c232ede58d8e13ae5ae50,60.16762,24.95415,000000006b44cce7,9.12
322,2019-08-03T04:06:03Z,48623ac81d1a71628cb26d880708581d6fddc022db81612f760886cd,60.16762,24.95415,000000006b44cce7,21.87
323,2019-08-03T04:06:03Z,4969937de9b247e5238914329f1dca002a4a0136068c1c3b8c454614,60.14951,24.92138,0000000006dd41f6,27.28
324,2019-08-03T04:06:03Z,4bcf419e0c186e9bbe630c1da675d8c7941fcff89d431ff33a89db94,60.14951,24.92138,0000000006dd41f6,25.36
325,2019-08-03T04:06:03Z,55e74c16b4a835bb85bc333af5fdb26b3a8290261a08f7535b4549ff,60.16829,24.94214,00000000afef4555,23.56
326,2019-08-03T04:06:03Z,584cb0b0cdd14e608c8b57c8aecc9826f9b40027e365e2438a444ea2,60.16762,24.95415,000000006b44cce7,6.46
