,time,hash,latitude,longitude,serial,distance
0,2019-08-04T16:06:00Z,0104097a4a93055d6feae9bad4c28bff4954a25c3f3dc183822a2a28,60.16544,24.95398,0000000038d83d41,23.56
1,2019-08-04T16:06:00Z,0152988639aaaa9cc27213280c8f0c0c8ec97ae6a45aaaf743c9c25d,60.16544,24.95398,0000000038d83d41,23.56
2,2019-08-04T16:06:00Z,05a233714c004cd8c6cfaf1c060cd483f0c1ffdd5fae2cbbf3d8f1a1,60.1538,24.95595,0000000038bf9618,14.89
3,2019-08-04T16:06:00Z,0653b732d518c34ec84a7481530fa14cee084fe83847d640d95e7c64,60.17918,24.95141,00000000675d5200,21.87
4,2019-08-04T16:06:00Z,0d85b598c652009b53aa870fe64aff1b95f84e796cde2c3b2ee49adf,60.14699,24.922,00000000a53ed894,14.89
5,2019-08-04T16:06:00Z,0dc8c9fd6c6ca193d5326d70d6f9efc1963bcd534fc7c80032f0e192,60.16544,24.95398,0000000038d83d41,21.87
6,2019-08-04T16:06:00Z,165ebbb4090d47319ae370f0d0854fdc1f6b79499f8b2e4d3c3533c0,60.16544,24.95398,0000000038d83d41,23.56
7,2019-08-04T16:06:00Z,21332fea210a3c32747be6cb78ff35c6c44de5fb35d597cc939b0f4b,60.16762,24.95415,000000006b44cce7,8.38
8,2019-08-04T16:06:00Z,22acbe5bc5ac259066767fb3804973b3ba881999f2c499b05247f06d,60.14951,24.92138,0000000006dd41f6,17.4
9,2019-08-04T16:06:00Z,25a7ff811c3c06e426c7c2cbb0433d9a2a3399b23afecbd35584ab0f,60.18203,24.91341,00000000342570c2,18.79
10,2019-08-04T16:06:00Z,29113a3967bc167b1fd69f346c60a884baf31f91288e032e493eeac2,60.16762,24.95415,000000006b44cce7,7.05
11,2019-08-04T16:06:00Z,297c725b456ef12d2712634b21546721cbe93224d3a5762d897404f2,60.16762,24.95415,000000006b44cce7,10.78
12,2019-08-04T16:06:00Z,354cac7b39d57e39a5b0ab2caa0a1a915a763605fa6631bab8683659,60.16829,24.94214,00000000afef4555,16.1
13,2019-08-04T16:06:00Z,36b298bea3c27f30235cbc7de929f2f14ff5d457f395de64ea57b3c7,60.16762,24.95415,000000006b44cce7,5.91
14,2019-08-04T16:06:00Z,3944bc7a301be7241d1f7bc4a97f221000d535ce3d8a9af9af9b23b5,60.16531,24.9442,00000000fdda10fe,31.5
15,2019-08-04T16:06:00Z,3b037b6d1a3559bcb1b1d4e697e503982358129a61f375a2ed103920,60.16531,24.9442,00000000fdda10fe,13.75
16,2019-08-04T16:06:00Z,43b676ed3aef4c2d8846694817e76117873be52e7f788e0cb366c1c4,60.16629,24.95957,00000000fb7600be,27.28
17,2019-08-04T16:06:00Z,475f267711949cfd2725e259edc1dfdd1f81dbecb4408b189f1edf24,60.16629,24.95957,00000000fb7600be,25.36
18,2019-08-04T16:06:00Z,476861ca8ca4f7b01ba1279c0db630f2f8d095ee92740dfb1524727c,60.17002,24.94407,000000006b087f40,27.28
19,2019-08-04T16:06:00Z,47f7d6332f20652dbd38970d701dd6c9311cf6f61479559092e2837a,60.16897,24.95222,00000000aa852af1,14.89
20,2019-08-04T16:06:00Z,491b2670fa626c719c5624e2a013e9325dd599d02b93ca1a1b0e3416,60.16544,24.95398,0000000038d83d41,13.75
21,2019-08-04T16:06:00Z,4af69b5f76b6980f4cee17b67b766b917b06558754e40b1a2ad9ba17,60.16897,24.95222,00000000aa852af1,31.5
22,2019-08-04T16:06:00Z,4b842d60464228bdf8b8dfaefa4766148504b5565a809b7718dc5256,60.16762,24.95415,000000006b44cce7,7.05
23,2019-08-04T16:06:00Z,5bbb5184fded3e51bc78e45e39917794285e6bbc72da404802a9599a,60.16531,24.9442,00000000fdda10fe,27.28
24,2019-08-04T16:06:00Z,5d65719c4cbf045f068d084b72302f447d5fd034413d97d13be00d0e,60.18203,24.91341,00000000342570c2,18.79
25,2019-08-04T16:06:00Z,5eed115a984d490b02b602d73787aee8dc8c4e9365b77fbff3818a76,60.16629,24.95957,00000000fb7600be,25.36
26,2019-08-04T16:06:00Z,5fecff186138a9b3e31c6086c33dcd5f1d209e64f0afeed7c688cab0,60.16897,24.95222,00000000aa852af1,23.56
27,2019-08-04T16:06:00Z,6066632ddc94b5c482a2d4f45ed2532e55e3fd63e414a084a596a737,60.16762,24.95415,000000006b44cce7,23.56
28,2019-08-04T16:06:00Z,66dabd3229229330d23c70e9e1737429ddfe69db01f4a6a00f70fa20,60.16762,24.95415,000000006b44cce7,18.79
29,2019-08-04T16:06:00Z,6a70e2fbced719333e21eff04fcb9cb36bae9a04d1a3d6ddd96f2c58,60.15432,24.9211,0000000019fb59c4,7.69
30,2019-08-04T16:06:00Z,6e54aa3ec95b9ac30834ee134c4d7f08d086dddaa52d6ac7c9f8e803,60.16762,24.95415,000000006b44cce7,14.89
31,2019-08-04T16:06:00Z,6f06341f358e61699fe1e55e986dd0554bc8da28b91daf0c5ad99db6,60.16629,24.95957,00000000fb7600be,17.4
32,2019-08-04T16:06:00Z,6ff437688c444238352c28f64f9d2a7d0f14d19c9ea42c225380501e,60.16762,24.95415,000000006b44cce7,23.56
33,2019-08-04T16:06:00Z,737efc92e3419e9d96a8559ec341ea7e18ba6381fd8e4de3d06f82a0,60.14699,24.922,00000000a53ed894,18.79
34,2019-08-04T16:06:00Z,7d93beb0fb40bd617a6f72b5feb2ff801d430879793160157aaf3f97,60.16762,24.95415,000000006b44cce7,13.75
35,2019-08-04T16:06:00Z,87dfaad29a9276ddddb1fa021d3bc23ad14824c1af16f7d87e713689,60.14951,24.92138,0000000006dd41f6,9.12
36,2019-08-04T16:06:00Z,89514d693b1bede7d473d1b7d714829147cb42615145a8351c675525,60.14699,24.922,00000000a53ed894,17.4
37,2019-08-04T16:06:00Z,8c75c3289c84fe4493e1e272a77b615fe1985880c5dc68a7c1a17b53,60.16762,24.95415,000000006b44cce7,18.79
38,2019-08-04T16:06:00Z,8d633d0d43382790e056e9294aa8448245c852dc21eaeb874fefbd1e,60.16829,24.94214,00000000afef4555,23.56
39,2019-08-04T16:06:00Z,94512cd21b284eddaddc0be0d385bf5072dbeaa7e3eb345b3c161aa6,60.1538,24.95595,0000000038bf9618,25.36
40,2019-08-04T16:06:00Z,98239bf94ef54f747154b6cbe79cdbf3b87a27880fd23e82c8465dd2,60.14699,24.922,00000000a53ed894,9.12
41,2019-08-04T16:06:00Z,9843c6216661048343a0e49cf3d8aa2883cf77f452666a1c873a1052,60.16448,24.97323,0000000053c6c2be,13.75
42,2019-08-04T16:06:00Z,adb4e8722a2b43e19e819c36f2a528d1600ac6ca976eb919a63efbf1,60.16897,24.95222,00000000aa852af1,18.79
43,2019-08-04T16:06:00Z,ae556011c511e79ed2daac915308eebfe8e1f17c56850f7a1fc92ce1,60.14699,24.922,00000000a53ed894,21.87
44,2019-08-04T16:06:00Z,b5fd6b317890e5ab2d79e2cd1abe61626d45a753c7337d0d40728898,60.16762,24.95415,000000006b44cce7,9.12
45,2019-08-04T16:06:00Z,bb98768dad0f7c52cf643f035a3e7e48f5cfe28557c66f2a75914b31,60.14699,24.922,00000000a53ed894,13.75
46,2019-08-04T16:06:00Z,bd01ac8fc2992e9ca32f28c1f1b22983845e90918ba97584017978aa,60.14699,24.922,00000000a53ed894,17.4
47,2019-08-04T16:06:00Z,cf05623e4d87ce0906c0b0b7dbf53aacc1228016cd27c341228b6e76,60.18203,24.91341,00000000342570c2,18.79
48,2019-08-04T16:06:00Z,cfc0bedb78ded52749db3188cb188bf6a250ef5990da9c5afa9623fc,60.14951,24.92138,0000000006dd41f6,21.87
49,2019-08-04T16:06:00Z,dbeb00942457ba3c5fb1984b57b1dedb268c0e761e80729b939f1fd8,60.16829,24.94214,00000000afef4555,31.5
50,2019-08-04T16:06:00Z,e03cf2e6c802fb3105dcac7e259514f6f8ca8d2340cf63b080a01551,60.16762,24.95415,000000006b44cce7,3.09
51,2019-08-04T16:06:00Z,e25d178078722ee1bcfd7dc234170da6a2c1f8cfaa5f2a58442674ae,60.16762,24.95415,000000006b44cce7,5.41
52,2019-08-04T16:06:00Z,e8e366e76c97944e23c0f80b4fd3ce6e5832744922297146a49f0c7e,60.16762,24.95415,000000006b44cce7,9.12
53,2019-08-04T16:06:00Z,eaaba3a9dcccb341745055354e8463a297f5d8a64806df5b3f7b6c01,60.17002,24.94407,000000006b087f40,21.87
54,2019-08-04T16:06:00Z,eb4c2d89ad843c4e2c156fc0d5dcef0c950100cb0872d84d865d6b7e,60.16762,24.95415,000000006b44cce7,17.4
55,2019-08-04T16:06:00Z,ed70dda6b7faebd4340dacdb452ab224d9d3c308df417b7fa76f54e8,60.14951,24.92138,0000000006dd41f6,25.36
56,2019-08-04T16:06:00Z,f088630d7476dae7d4b7e2bb1f10575f2c89acb4b6e061f3d57c2b40,60.16531,24.9442,00000000fdda10fe,21.87
57,2019-08-04T16:06:00Z,f6609ab1076b1105bb845595a03b41b8fbb282f79c337df5bbc9f841,60.14699,24.922,00000000a53ed894,12.69
58,2019-08-04T16:06:00Z,fc4f3a44235f1cfc7b53f14ba2da599976a5a0a220d23b852688e485,60.17918,24.95141,00000000675d5200,29.32
59,2019-08-04T16:06:00Z,0330554d1112ffcfb4149aa06b3879e167b35ae470756caa99ec4448,60.1538,24.95595,0000000038bf9618,7.05
60,2019-08-04T16:06:00Z,0413805762399525f916572e0de4852c934500b4a8465ac67a535d41,60.16762,24.95415,000000006b44cce7,12.69
61,2019-08-04T16:06:00Z,066f266bd20150a6923c6ef0af8952bf566afe17aa3395ee309e6b01,60.16897,24.95222,00000000aa852af1,6.46
62,2019-08-04T16:06:00Z,0a8620ba2a8c934ce793db477a4b0c235f74d5956f8d5a3975633b90,60.16762,24.95415,000000006b44cce7,16.1
63,2019-08-04T16:06:00Z,0e49d6f988f35409446da74585c1309e741c79e4713f3f6dc029c612,60.16897,24.95222,00000000aa852af1,25.36
64,2019-08-04T16:06:00Z,10373d3745c7d444bca9c2278b12ef4c56bf0d3d35c031d5f144c6fd,60.16897,24.95222,00000000aa852af1,14.89
65,2019-08-04T16:06:00Z,11cf5e7171e562d9e19abffa6b6d1f185edc669fd7a245472a643cfc,60.16897,24.95222,00000000aa852af1,18.79
66,2019-08-04T16:06:00Z,133990780178f1e7266251837467d1ac5b1601a429da673787f4b3fd,60.16531,24.9442,00000000fdda10fe,7.05
67,2019-08-04T16:06:00Z,1357d1dee422e12b100bf05cdbb489b35c2011ffbe746702d7e57139,60.17065,24.93641,000000000f4919c9,18.79
68,2019-08-04T16:06:00Z,168654abe3c3f3d327eca3dc1ef1e05d1449d4a477d2b0bfd67aec23,60.17002,24.94407,000000006b087f40,21.87
69,2019-08-04T16:06:00Z,16f8322554049c46dc417778709fb7d20faed7c30a8040b0d788756f,60.14947,24.91438,000000004ef3150d,25.36
70,2019-08-04T16:06:00Z,186007c40fa6db26e0af6e8137505f53604f489611d5d42deb634e1c,60.17002,24.94407,000000006b087f40,14.89
71,2019-08-04T16:06:00Z,1891a75642ea8c3a08c8d25c99aa0edcceca9c5d2610ffbb46e8c9fd,60.16629,24.95957,00000000fb7600be,23.56
72,2019-08-04T16:06:00Z,1951af3a29847bfdbbd9ca1664b6ea565f2bc87d9809bc2213234c87,60.16897,24.95222,00000000aa852af1,21.87
73,2019-08-04T16:06:00Z,19ca4fc8a1d192b85da99de1d6a4a50764bb8a163bd07d9de1dc9115,60.14947,24.91438,000000004ef3150d,20.28
74,2019-08-04T16:06:00Z,1a88811b33054a411e1bf9e3ca8f8b019a31e584e796816c9d486aae,60.16544,24.95398,0000000038d83d41,14.89
75,2019-08-04T16:06:00Z,1acf3677b049eaf23b65a207811bac6deb77dff6e23cbee810a49cf2,60.16897,24.95222,00000000aa852af1,9.12
76,2019-08-04T16:06:00Z,1ba565fcc24d29c5866be8a00fe6a9e5b461bf0f8f6db9a58ac466c4,60.14699,24.922,00000000a53ed894,20.28
77,2019-08-04T16:06:00Z,1c157db8160f89449976be2364513d4c34bd7dfd6befdeb4d0ab2194,60.16762,24.95415,000000006b44cce7,9.12
78,2019-08-04T16:06:00Z,1cc4e75c51bde6d0f67f1c0931cd9fa8e48271b82d97d8a518abb84d,60.16897,24.95222,00000000aa852af1,25.36
79,2019-08-04T16:06:00Z,1cd539b05339e19c604edcf9c327a16036a7aa4dbb6d50daeccd2d99,60.16762,24.95415,000000006b44cce7,3.4
80,2019-08-04T16:06:00Z,1ce27dca0d20e97696906571ae978a420667d17c3455264f9fca9853,60.14699,24.922,00000000a53ed894,14.89
81,2019-08-04T16:06:00Z,1dacfb371d75dd4f90f447aac2a00faad98beb4188a6971c19eb2375,60.16629,24.95957,00000000fb7600be,21.87
82,2019-08-04T16:06:00Z,1f3e0bcb33fd5411b8a18d51b052564c56e861fd7b68822516eed307,60.17918,24.95141,00000000675d5200,8.38
83,2019-08-04T16:06:00Z,1f47b3cad996b9a4536e9152a4c4ab717dd0f6b406b845e0bd70378b,60.16762,24.95415,000000006b44cce7,9.92
84,2019-08-04T16:06:00Z,1f983c3bfb11797324b1787f2a42ebc78bb71c1ed9cfbc00d1bb8727,60.14947,24.91438,000000004ef3150d,18.79
85,2019-08-04T16:06:00Z,22ff66f44afd0959b821ea82f56875dfb1eff7918628f82ed5ca1e81,60.16448,24.97323,0000000053c6c2be,29.32
86,2019-08-04T16:06:00Z,2301f0d6213d375a0d5b267368fd966895cb23830202808165f28390,60.14947,24.91438,000000004ef3150d,11.7
87,2019-08-04T16:06:00Z,2681574179f03d4f645638bd579349b1b23624f6d90f5216207a143c,60.16897,24.95222,00000000aa852af1,12.69
88,2019-08-04T16:06:00Z,27ed03aa549764d87fa636bbc598de16a0153066b5119d3752c58084,60.149,24.9843,00000000fffb8cf0,16.1
89,2019-08-04T16:06:00Z,281925a49e9999039076b5df9cfc4e43d2d24f85d5ba4a2d269a5f48,60.16829,24.94214,00000000afef4555,8.38
90,2019-08-04T16:06:00Z,2bb33c49fcae5fe48ddd95cbbd9cba1d0e391eacc3ebf3ad0dc339d7,60.16762,24.95415,000000006b44cce7,20.28
91,2019-08-04T16:06:00Z,2c1419209e26a6a469fa4a2d7685890d96318254eb2c049e3d1ca288,60.16629,24.95957,00000000fb7600be,11.7
92,2019-08-04T16:06:00Z,2fd2f8ea860067fca5eae63cc8628a20fd995b3b46eda5b47ada3bed,60.17002,24.94407,000000006b087f40,21.87
93,2019-08-04T16:06:00Z,34cf729be0992611f21bf66e64df0162d931c65241dc281cf2106fde,60.16829,24.94214,00000000afef4555,20.28
94,2019-08-04T16:06:00Z,35f467c8eec3f4d93bc576ca2547f2f7289a8a7c84e67240879701a3,60.17002,24.94407,000000006b087f40,29.32
95,2019-08-04T16:06:00Z,3662a59e17db8cbfe95b67a5d6f550cd2b358935d9bc4b814034822c,60.16629,24.95957,00000000fb7600be,23.56
96,2019-08-04T16:06:00Z,3c1aa262814cc671d3cf246eba3869b53393ddd742f66446ad049ce5,60.16897,24.95222,00000000aa852af1,23.56
97,2019-08-04T16:06:00Z,3cd36905286f361fe6af9f975e20f37db3ebba5660520895c4467d6d,60.17918,24.95141,00000000675d5200,21.87
98,2019-08-04T16:06:00Z,3d194a2ca29254d3d449971a579890f4bac2e73fd295d5ae62c41af2,60.16762,24.95415,000000006b44cce7,11.7
99,2019-08-04T16:06:00Z,3f37b7c0c9a8e37ab0e500f5aec50d5c533dd67538d1e7d9f349e07c,60.16897,24.95222,00000000aa852af1,16.1
100,2019-08-04T16:06:00Z,420e19f2bd34ff315ffbe279acf73893e9ffe1cc52763ecf4a14a24b,60.16762,24.95415,000000006b44cce7,13.75
101,2019-08-04T16:06:00Z,42a59b07504c9944d53c5d5463bdcabf08847cb7fc604506f4ef5a41,60.16762,24.95415,000000006b44cce7,13.75
102,2019-08-04T16:06:00Z,431c3a93e2fdb681a2b75e93e823c699d5b3aac1958d9618b01a7c62,60.1538,24.95595,0000000038bf9618,27.28
103,2019-08-04T16:06:00Z,432979cbd49d97cdde1f8e9e915b6282a2cc5dbf5fee9394276caa13,60.16897,24.95222,00000000aa852af1,18.79
104,2019-08-04T16:06:00Z,43c871062412e6a8f265704c6cc82fbc285f1271b0e76900ddf384b7,60.15432,24.9211,0000000019fb59c4,21.87
105,2019-08-04T16:06:00Z,48e4f69654de412e25e64eb95f9a7760e8519625985d8ebe25eb97d6,60.17065,24.93641,000000000f4919c9,27.28
106,2019-08-04T16:06:00Z,48f43a9a698358b232e5ea24896b6ef67d84a37575cb5447ee9dab06,60.17065,24.93641,000000000f4919c9,18.79
107,2019-08-04T16:06:00Z,4ac3ea7ca9e0d6960ed5ea47586cc9a38199715c3948a7caad929c96,60.16829,24.94214,00000000afef4555,12.69
108,2019-08-04T16:06:00Z,4c0c567527b9a8957b3dce66a55358ae5aebc9202a45cc2b484eb8f2,60.17002,24.94407,000000006b087f40,23.56
109,2019-08-04T16:06:00Z,4d3eae1e3099754c5ebba1b8ba25c78f4fb6ce656cc734f536e7c7ac,60.16448,24.97323,0000000053c6c2be,33.81
110,2019-08-04T16:06:00Z,4e2e7e2c6f0b9fc338de217ac0d4d0fbd3bc88e8413e5fc8689bdac3,60.16829,24.94214,00000000afef4555,12.69
111,2019-08-04T16:06:00Z,51e79c5a60d166c6a5c0156c819c3e6cfef9ce5d17e51ec36bb75828,60.16629,24.95957,00000000fb7600be,25.36
112,2019-08-04T16:06:00Z,584cb0b0cdd14e608c8b57c8aecc9826f9b40027e365e2438a444ea2,60.16762,24.95415,000000006b44cce7,11.7
113,2019-08-04T16:06:00Z,59b2dfc7b36847d3273955b653fc1c0f4b6fdf01853df0e83fe60370,60.16544,24.95398,0000000038d83d41,21.87
114,2019-08-04T16:06:00Z,59e4b879cd097eb1d6987895c79ecf4eae316d3604228bbd30154dfb,60.16531,24.9442,00000000fdda10fe,36.27
115,2019-08-04T16:06:00Z,5c45d1173eec389a87c4b83cb0fc0dd9fb9606e07c8f04d3107b9922,60.1538,24.95595,0000000038bf9618,20.28
116,2019-08-04T16:06:00Z,5e1c35230b4a9ae5d6e84bbe84aacc3e51b6a413a7f73a184acf6f0e,60.16629,24.95957,00000000fb7600be,27.28
117,2019-08-04T16:06:00Z,6298f8f3816202ee9dab3186bbb2aec4a6ba85337ac0800390f36be8,60.16762,24.95415,000000006b44cce7,27.28
118,2019-08-04T16:06:00Z,67073a32bdfb80bda80c03117ed474ce3983e14c3957910e4b013a32,60.17002,24.94407,000000006b087f40,17.4
119,2019-08-04T16:06:00Z,697a9985ea938db3cafe8d7f1aac5634c6dbbeb4ae937c5e22191fea,60.1538,24.95595,0000000038bf9618,16.1
120,2019-08-04T16:06:00Z,6a05a8e1828c72062286d8533397a93de0cc7952dd32a51fc1557265,60.16762,24.95415,000000006b44cce7,5.91
121,2019-08-04T16:06:00Z,6b3ae8aa7e65115a23b5279f8a9fd64a258ef94b376a5628fb6b057b,60.16629,24.95957,00000000fb7600be,25.36
122,2019-08-04T16:06:00Z,6b84d1f8f7bdfb6c673909ced26355863e49a228a3ec1cdb22030616,60.16762,24.95415,000000006b44cce7,3.09
123,2019-08-04T16:06:00Z,6bd86877955ae9e6f9e62fe03e76568f008727a833dbaec16bff0f73,60.16629,24.95957,00000000fb7600be,20.28
124,2019-08-04T16:06:00Z,6ed6414f304e0e18d5c244f49862e3b2f76a551b897dc13316900354,60.16629,24.95957,00000000fb7600be,27.28
125,2019-08-04T16:06:00Z,6f82d61d60cde00a06c74480efd8cbec82057babb3ca08cf8e199137,60.16762,24.95415,000000006b44cce7,11.7
126,2019-08-04T16:06:00Z,73eba4431409f51571883419112cd502bc09c391536630bd26ce7dc0,60.16448,24.97323,0000000053c6c2be,38.87
127,2019-08-04T16:06:00Z,74e663a514e354c00a871ccf0cf0a88471bd3896fd4ed4995b162a7e,60.149,24.9843,00000000fffb8cf0,18.79
128,2019-08-04T16:06:00Z,7569632ef209522f85d4bc6b3176003255884d876a0b53d820f7c4af,60.1538,24.95595,0000000038bf9618,23.56
129,2019-08-04T16:06:00Z,79bde23c1a8980f93a65e14306f0d8ea89e164430d8b991e2bfee82e,60.16531,24.9442,00000000fdda10fe,20.28
130,2019-08-04T16:06:00Z,7b66610a9c1c16125de15396668c2b6e2c5b3ebbfa2eb526603589b8,60.16897,24.95222,00000000aa852af1,12.69
131,2019-08-04T16:06:00Z,7eab2937cda9b6e6adb52b6a06b99ffabc9f5b9f3308de88472c118e,60.1538,24.95595,0000000038bf9618,27.28
132,2019-08-04T16:06:00Z,8066ecc1b259fd95ae896c24090543aa881cc9b8c9fddbeb1c1025b5,60.16448,24.97323,0000000053c6c2be,13.75
133,2019-08-04T16:06:00Z,82d9349f2676417e9e0adc673b1498a14e21b5b74a78007e894fd568,60.16897,24.95222,00000000aa852af1,21.87
134,2019-08-04T16:06:00Z,846e2ae727644a6c3692a02f5255889d97b58a946539090796c97c80,60.16531,24.9442,00000000fdda10fe,4.94
135,2019-08-04T16:06:00Z,85a2c237f38edb7918047496f6a2532af787e51553ef70c3f33d33fc,60.16629,24.95957,00000000fb7600be,29.32
136,2019-08-04T16:06:00Z,87d5d4959ed2031e4315ed5db901d5c8d98025e4a7386dee7f557fbd,60.16897,24.95222,00000000aa852af1,20.28
137,2019-08-04T16:06:00Z,88b68dcfbba2db96024488f4bf7f4e52cb435f65c939db8b341f60df,60.16762,24.95415,000000006b44cce7,20.28
138,2019-08-04T16:06:00Z,88b851ff7500e42077347e776f5e2d23b38d0b6605ebb835b47fe0a0,60.16531,24.9442,00000000fdda10fe,29.32
139,2019-08-04T16:06:00Z,88cd4bf79e01c7093150ad60f3059fd4428cf1d510cd36d21cd2b510,60.16762,24.95415,000000006b44cce7,14.89
140,2019-08-04T16:06:00Z,891369939733a9532a23266a4845edef2075258e1260110978ddd052,60.1538,24.95595,0000000038bf9618,38.87
141,2019-08-04T16:06:00Z,8931b3015ddcd8a7580c6d12c7abf1f8898c9e13ce092d700c5a5c62,60.18203,24.91341,00000000342570c2,20.28
142,2019-08-04T16:06:00Z,9123b4e07742bb6c9ab6cf62bfbc2bd7b2ab84b38fda5d5da5809f2b,60.16448,24.97323,0000000053c6c2be,27.28
143,2019-08-04T16:06:00Z,913d85e1854b1393fc4559c5e530b5c7e119abcaaca69ddb4384a153,60.16762,24.95415,000000006b44cce7,12.69
144,2019-08-04T16:06:00Z,915b0a236a72d5ab06a1a3704929e5c80c67cc253c82bad487b978b9,60.16897,24.95222,00000000aa852af1,12.69
145,2019-08-04T16:06:00Z,91db85f01e37d0ab63f360b95dcecb65e1fe44bd3d873790892a5678,60.17002,24.94407,000000006b087f40,33.81
146,2019-08-04T16:06:00Z,95893cfe7d57b986290737c4d9fee801a4db7c6bf47e41fe1fb13d10,60.14951,24.92138,0000000006dd41f6,10.78
147,2019-08-04T16:06:00Z,95f52911dd1c8560a7fc3d31fec7d87acf0d1740b836162342373738,60.18203,24.91341,00000000342570c2,23.56
148,2019-08-04T16:06:00Z,9a85a86716c9f9573042fac025b9f170e770755d9e316165f6138fa1,60.16762,24.95415,000000006b44cce7,17.4
149,2019-08-04T16:06:00Z,9ae5ac103e80623da144d922981cdc9129f05bd0d892f1f7781f6b4b,60.16762,24.95415,000000006b44cce7,12.69
150,2019-08-04T16:06:00Z,9d2a60831dfbc5d7cf675f57d2b8fe7d668c4f095c0d75fb9506f40a,60.16762,24.95415,000000006b44cce7,3.4
151,2019-08-04T16:06:00Z,9e53032a8dbb7e550fb4dc16f48b3a204319602f80cf7aa74ac24775,60.16897,24.95222,00000000aa852af1,18.79
152,2019-08-04T16:06:00Z,9fccc739fd6408e5a380da8214cb7113d393f89ae78d65ae90818fb1,60.1538,24.95595,0000000038bf9618,14.89
153,2019-08-04T16:06:00Z,a1db3026af5fcbed331617893d2f70b708a5b9fa95622649fc60fcb4,60.16762,24.95415,000000006b44cce7,16.1
154,2019-08-04T16:06:00Z,a4f2e1f43f107f0b73e0d1b4684b8fe9b7341b4723a742b339f020bd,60.16762,24.95415,000000006b44cce7,23.56
155,2019-08-04T16:06:00Z,a8f6ccdefb5f96a285f2f663d7466eec1f1c162d612ae9c991af16ed,60.1538,24.95595,0000000038bf9618,13.75
156,2019-08-04T16:06:00Z,aad3016bd56022cc79bda34492ba6ba40f98ad95523187619f8b9ca3,60.1538,24.95595,0000000038bf9618,9.92
157,2019-08-04T16:06:00Z,ac2a453fe54a4264c2717b7e6cadbec84d242e15710751dac69e70ea,60.16762,24.95415,000000006b44cce7,14.89
158,2019-08-04T16:06:00Z,b1c07e826a2c632ec50aaded523e7514cae63fe457e5019500c54b75,60.17002,24.94407,000000006b087f40,21.87
159,2019-08-04T16:06:00Z,b2a9be6b1da58d2e1fab0c0f1ea712399b07bd5384679a9864b58847,60.14947,24.91438,000000004ef3150d,9.12
160,2019-08-04T16:06:00Z,b45e2b568c692e1f5c630b7ebbf5e3090693a4a4e3d8810d3757ba1c,60.16897,24.95222,00000000aa852af1,23.56
161,2019-08-04T16:06:00Z,bb724c674212858d2c3d4650a591fc24201484606b0045fa24daaa71,60.17002,24.94407,000000006b087f40,23.56
162,2019-08-04T16:06:00Z,bc86f4dc5e26a82057a740ce693ccdbfc1cc62e14d1d9f178b97d5c9,60.16762,24.95415,000000006b44cce7,3.09
163,2019-08-04T16:06:00Z,bdff4287e2022012b4cf78c0df92739c5ab4c93233afa942fc1ea6e5,60.1538,24.95595,0000000038bf9618,27.28
164,2019-08-04T16:06:00Z,be6431b1933be8051c13e173891be5954556d46369bc7dfa7ab0d39c,60.16897,24.95222,00000000aa852af1,12.69
165,2019-08-04T16:06:00Z,c12348ceb079598d5e3836fa3cc6934765fbca2b08a68faabe16b74c,60.16762,24.95415,000000006b44cce7,21.87
166,2019-08-04T16:06:00Z,c2bea083881631dd6c1ae3959022c48edaade5621f8a14b99d073b77,60.16897,24.95222,00000000aa852af1,18.79
167,2019-08-04T16:06:00Z,c4753ce262c37774570cc2c1391789d842f3489a777e1e7a73f68639,60.17002,24.94407,000000006b087f40,21.87
168,2019-08-04T16:06:00Z,c655e3b62276a2c188575dc3c6291bf843bcd8bf5d43610d8216b60e,60.16448,24.97323,0000000053c6c2be,12.69
169,2019-08-04T16:06:00Z,d1d0a16ddb563e6df869418e0f4f5356b80f9042e25cc8807584ff49,60.16531,24.9442,00000000fdda10fe,1.38
170,2019-08-04T16:06:00Z,d242417df0a5f4c03a28f0bd47d9d09e8a690040902baf4bc316f7dd,60.1538,24.95595,0000000038bf9618,13.75
171,2019-08-04T16:06:00Z,d309ac6f322ba42746edf9011dec6a8ff2d53f4094726f36377455a6,60.14951,24.92138,0000000006dd41f6,21.87
172,2019-08-04T16:06:00Z,d4272837f70baa823822ecdfb5ea7e42cad71dbc67b84b1042e9f03a,60.16531,24.9442,00000000fdda10fe,1.38
173,2019-08-04T16:06:00Z,d5077dd7eb12cea554bf17842ea0ecd16f5224e1dfc74104a1842f17,60.16829,24.94214,00000000afef4555,41.64
174,2019-08-04T16:06:00Z,d8832eea816080112808264e676bc3f9421958d6e2f9921d21e16aad,60.16897,24.95222,00000000aa852af1,18.79
175,2019-08-04T16:06:00Z,dd770713c2d3c6ca2c3a1c07f94ece608d944811079f60103c9bded7,60.1538,24.95595,0000000038bf9618,27.28
176,2019-08-04T16:06:00Z,ddfa123f21c6a8cfb3cb2e09c40c2a0c5364d2d78a1148122f7b4f13,60.1538,24.95595,0000000038bf9618,17.4
177,2019-08-04T16:06:00Z,e433c375f5df9fa0741496324fb8c232e3570a5569e7a13f4e31444c,60.16544,24.95398,0000000038d83d41,6.46
178,2019-08-04T16:06:00Z,e4366081ab340a4b470bfdd1161796c35c4b4cd381ade9392d7b9af1,60.17002,24.94407,000000006b087f40,25.36
179,2019-08-04T16:06:00Z,e4776be9574a5ed48a2cf56cb229fc380936c0b802e377bf7c0f2dcb,60.18203,24.91341,00000000342570c2,29.32
180,2019-08-04T16:06:00Z,e5eeb1cd788c758e43f9ae526fc157c394692b59d5526494940c16e6,60.16897,24.95222,00000000aa852af1,21.87
181,2019-08-04T16:06:00Z,e641504ee01b6044381cbce7cbae61c4ff020db9fe69b94281dc7a79,60.16762,24.95415,000000006b44cce7,17.4
182,2019-08-04T16:06:00Z,e6c0620abbbed04cab44b01f436d1a8010656c21627eec5a2c97eb4d,60.16897,24.95222,00000000aa852af1,16.1
183,2019-08-04T16:06:00Z,e722da4bc22eaeb56ec8f8541985e3108e1794d59ecf9b320fda9f64,60.16762,24.95415,000000006b44cce7,7.69
184,2019-08-04T16:06:00Z,e7c7d190fc4496e60879a1526b3b640719202607119bb428913d3c16,60.17002,24.94407,000000006b087f40,33.81
185,2019-08-04T16:06:00Z,e80477155cb38de1585675ecd61a385c3c60792d63fee3525f8ba4f7,60.14699,24.922,00000000a53ed894,9.92
186,2019-08-04T16:06:00Z,e98ed05afc6033f9c6acb43c2a0373e16cd6dd493b69fe924b9ea270,60.17002,24.94407,000000006b087f40,29.32
187,2019-08-04T16:06:00Z,ecea0366b6845e770291dd02e3cada7cfa19e59f6d2b367347453c84,60.1538,24.95595,0000000038bf9618,20.28
188,2019-08-04T16:06:00Z,ed65e6d653af4b3312c7e1e680416a9c0b4b1e4a86de5571b575df16,60.1538,24.95595,0000000038bf9618,12.69
189,2019-08-04T16:06:00Z,ed868b4d0374d1d999523d1d091def989c805a8f5ff7f57c4eb16b6e,60.16897,24.95222,00000000aa852af1,27.28
190,2019-08-04T16:06:00Z,efd20e19546d274912539d7b42045884787bdd8ffce59193129c5c9f,60.16629,24.95957,00000000fb7600be,18.79
191,2019-08-04T16:06:00Z,f2427a6ad89da67df56aacc2a040d16630c9e641bb4d2fc25749752f,60.173,24.92524,0000000096918cfa,9.12
192,2019-08-04T16:06:00Z,f26a24e6a7463fb2e69890157f49784b86196f5f31ff3f66388919d1,60.16448,24.97323,0000000053c6c2be,27.28
193,2019-08-04T16:06:00Z,f410313abb15e42d7130e909382adfc467e398c1b7ade2f1eb913b32,60.16762,24.95415,000000006b44cce7,10.78
194,2019-08-04T16:06:00Z,f6bb22be675a39446aedc4fc12125e42717a20f8ddc083327649b742,60.16531,24.9442,00000000fdda10fe,9.12
195,2019-08-04T16:06:00Z,f6bd87044b65bf481594bd649eae0339caaa369ee30be9cacd4965f2,60.16531,24.9442,00000000fdda10fe,23.56
196,2019-08-04T16:06:00Z,f7c873a674d6ce0d7a98065e85f6abaf86889bd2f9dde03738008584,60.173,24.92524,0000000096918cfa,23.56
197,2019-08-04T16:06:00Z,f8b0b5ccff0b06b590b68ae5d2a63cf0137e13e4a057bf2308c9c514,60.16762,24.95415,000000006b44cce7,5.41
198,2019-08-04T16:06:00Z,f9ea23832b1c54d232b55820ec8421d47d0ce566c14808aacb2485e2,60.16762,24.95415,000000006b44cce7,16.1
199,2019-08-04T16:06:00Z,fb6870d63160477474edc04dccdd0776f11ab1870f8004c81e0b7511,60.16762,24.95415,000000006b44cce7,4.94
200,2019-08-04T16:06:01Z,0104097a4a93055d6feae9bad4c28bff4954a25c3f3dc183822a2a28,60.16544,24.95398,0000000038d83d41,27.28
201,2019-08-04T16:06:01Z,05a233714c004cd8c6cfaf1c060cd483f0c1ffdd5fae2cbbf3d8f1a1,60.1538,24.95595,0000000038bf9618,12.69
202,2019-08-04T16:06:01Z,07f8122078acc2a17ac351f1a53d28f3f5d2d222b8f9052e3849c263,60.16762,24.95415,000000006b44cce7,17.4
203,2019-08-04T16:06:01Z,0d85b598c652009b53aa870fe64aff1b95f84e796cde2c3b2ee49adf,60.14699,24.922,00000000a53ed894,14.89
204,2019-08-04T16:06:01Z,0dc8c9fd6c6ca193d5326d70d6f9efc1963bcd534fc7c80032f0e192,60.16544,24.95398,0000000038d83d41,23.56
205,2019-08-04T16:06:01Z,14c7e1511b70f4dd3359cbece1377aebb4d70531f5489eefe53d7c3c,60.16544,24.95398,0000000038d83d41,25.36
206,2019-08-04T16:06:01Z,22acbe5bc5ac259066767fb3804973b3ba881999f2c499b05247f06d,60.14951,24.92138,0000000006dd41f6,18.79
207,2019-08-04T16:06:01Z,25a7ff811c3c06e426c7c2cbb0433d9a2a3399b23afecbd35584ab0f,60.18203,24.91341,00000000342570c2,17.4
208,2019-08-04T16:06:01Z,29113a3967bc167b1fd69f346c60a884baf31f91288e032e493eeac2,60.16762,24.95415,000000006b44cce7,7.05
209,2019-08-04T16:06:01Z,297c725b456ef12d2712634b21546721cbe93224d3a5762d897404f2,60.16762,24.95415,000000006b44cce7,10.78
210,2019-08-04T16:06:01Z,354cac7b39d57e39a5b0ab2caa0a1a915a763605fa6631bab8683659,60.16829,24.94214,00000000afef4555,14.89
211,2019-08-04T16:06:01Z,36b298bea3c27f30235cbc7de929f2f14ff5d457f395de64ea57b3c7,60.16762,24.95415,000000006b44cce7,4.5
212,2019-08-04T16:06:01Z,3763dbba0710e5f35aae6c2f5043debbfd529b4c513eebb4875c2c46,60.16762,24.95415,000000006b44cce7,21.87
213,2019-08-04T16:06:01Z,3b037b6d1a3559bcb1b1d4e697e503982358129a61f375a2ed103920,60.16531,24.9442,00000000fdda10fe,14.89
214,2019-08-04T16:06:01Z,3eeaf7b0b4a0470e1266bc7544528e53c0648059b4de7f591696c9b8,60.16762,24.95415,000000006b44cce7,25.36
215,2019-08-04T16:06:01Z,43b676ed3aef4c2d8846694817e76117873be52e7f788e0cb366c1c4,60.16629,24.95957,00000000fb7600be,31.5
216,2019-08-04T16:06:01Z,475f267711949cfd2725e259edc1dfdd1f81dbecb4408b189f1edf24,60.16629,24.95957,00000000fb7600be,21.87
217,2019-08-04T16:06:01Z,476861ca8ca4f7b01ba1279c0db630f2f8d095ee92740dfb1524727c,60.17002,24.94407,000000006b087f40,31.5
218,2019-08-04T16:06:01Z,47f7d6332f20652dbd38970d701dd6c9311cf6f61479559092e2837a,60.16897,24.95222,00000000aa852af1,12.69
219,2019-08-04T16:06:01Z,491b2670fa626c719c5624e2a013e9325dd599d02b93ca1a1b0e3416,60.16544,24.95398,0000000038d83d41,18.79
220,2019-08-04T16:06:01Z,4b842d60464228bdf8b8dfaefa4766148504b5565a809b7718dc5256,60.16762,24.95415,000000006b44cce7,7.05
221,2019-08-04T16:06:01Z,5bbb5184fded3e51bc78e45e39917794285e6bbc72da404802a9599a,60.16531,24.9442,00000000fdda10fe,29.32
222,2019-08-04T16:06:01Z,5c617d67175911980fd29e2c43b21640387fa6286c3232a328926713,60.16762,24.95415,000000006b44cce7,13.75
223,2019-08-04T16:06:01Z,5d65719c4cbf045f068d084b72302f447d5fd034413d97d13be00d0e,60.18203,24.91341,00000000342570c2,20.28
224,2019-08-04T16:06:01Z,5fecff186138a9b3e31c6086c33dcd5f1d209e64f0afeed7c688cab0,60.16897,24.95222,00000000aa852af1,27.28
225,2019-08-04T16:06:01Z,6066632ddc94b5c482a2d4f45ed2532e55e3fd63e414a084a596a737,60.16762,24.95415,000000006b44cce7,21.87
226,2019-08-04T16:06:01Z,66dabd3229229330d23c70e9e1737429ddfe69db01f4a6a00f70fa20,60.16762,24.95415,000000006b44cce7,18.79
227,2019-08-04T16:06:01Z,6a70e2fbced719333e21eff04fcb9cb36bae9a04d1a3d6ddd96f2c58,60.15432,24.9211,0000000019fb59c4,5.91
228,2019-08-04T16:06:01Z,6e54aa3ec95b9ac30834ee134c4d7f08d086dddaa52d6ac7c9f8e803,60.16762,24.95415,000000006b44cce7,16.1
229,2019-08-04T16:06:01Z,6ff437688c444238352c28f64f9d2a7d0f14d19c9ea42c225380501e,60.16762,24.95415,000000006b44cce7,18.79
230,2019-08-04T16:06:01Z,737efc92e3419e9d96a8559ec341ea7e18ba6381fd8e4de3d06f82a0,60.14699,24.922,00000000a53ed894,18.79
231,2019-08-04T16:06:01Z,747f2d1ebff218c0ebbdc0fdaef4cbe56633dfb46ae1b1f8c8142201,60.16762,24.95415,000000006b44cce7,13.75
232,2019-08-04T16:06:01Z,79f136afa0dd8717337c01c70b457c464aaf0fa25b440f51a394ec23,60.16762,24.95415,000000006b44cce7,17.4
233,2019-08-04T16:06:01Z,7d93beb0fb40bd617a6f72b5feb2ff801d430879793160157aaf3f97,60.16762,24.95415,000000006b44cce7,9.92
234,2019-08-04T16:06:01Z,87dfaad29a9276ddddb1fa021d3bc23ad14824c1af16f7d87e713689,60.14951,24.92138,0000000006dd41f6,9.92
235,2019-08-04T16:06:01Z,89514d693b1bede7d473d1b7d714829147cb42615145a8351c675525,60.14699,24.922,00000000a53ed894,16.1
236,2019-08-04T16:06:01Z,8c75c3289c84fe4493e1e272a77b615fe1985880c5dc68a7c1a17b53,60.16762,24.95415,000000006b44cce7,12.69
237,2019-08-04T16:06:01Z,8d633d0d43382790e056e9294aa8448245c852dc21eaeb874fefbd1e,60.16829,24.94214,00000000afef4555,16.1
238,2019-08-04T16:06:01Z,94512cd21b284eddaddc0be0d385bf5072dbeaa7e3eb345b3c161aa6,60.1538,24.95595,0000000038bf9618,18.79
239,2019-08-04T16:06:01Z,98239bf94ef54f747154b6cbe79cdbf3b87a27880fd23e82c8465dd2,60.14699,24.922,00000000a53ed894,9.12
240,2019-08-04T16:06:01Z,9843c6216661048343a0e49cf3d8aa2883cf77f452666a1c873a1052,60.16448,24.97323,0000000053c6c2be,21.87
241,2019-08-04T16:06:01Z,a91d379a4b57c5df22db0d7a041ff69f657b4b31f28554b1011fc03c,60.16544,24.95398,0000000038d83d41,36.27
242,2019-08-04T16:06:01Z,adb4e8722a2b43e19e819c36f2a528d1600ac6ca976eb919a63efbf1,60.16897,24.95222,00000000aa852af1,20.28
243,2019-08-04T16:06:01Z,ae556011c511e79ed2daac915308eebfe8e1f17c56850f7a1fc92ce1,60.14699,24.922,00000000a53ed894,29.32
244,2019-08-04T16:06:01Z,b5fd6b317890e5ab2d79e2cd1abe61626d45a753c7337d0d40728898,60.16762,24.95415,000000006b44cce7,5.91
245,2019-08-04T16:06:01Z,b90577926dd52437738dad5f00d4049f63b26d870442dd6efe495a67,60.14699,24.922,00000000a53ed894,17.4
246,2019-08-04T16:06:01Z,bb98768dad0f7c52cf643f035a3e7e48f5cfe28557c66f2a75914b31,60.14699,24.922,00000000a53ed894,12.69
247,2019-08-04T16:06:01Z,bd01ac8fc2992e9ca32f28c1f1b22983845e90918ba97584017978aa,60.14699,24.922,00000000a53ed894,11.7
248,2019-08-04T16:06:01Z,cf05623e4d87ce0906c0b0b7dbf53aacc1228016cd27c341228b6e76,60.18203,24.91341,00000000342570c2,20.28
249,2019-08-04T16:06:01Z,cfc0bedb78ded52749db3188cb188bf6a250ef5990da9c5afa9623fc,60.14951,24.92138,0000000006dd41f6,23.56
250,2019-08-04T16:06:01Z,e03cf2e6c802fb3105dcac7e259514f6f8ca8d2340cf63b080a01551,60.16762,24.95415,000000006b44cce7,4.11
251,2019-08-04T16:06:01Z,e25d178078722ee1bcfd7dc234170da6a2c1f8cfaa5f2a58442674ae,60.16762,24.95415,000000006b44cce7,3.74
252,2019-08-04T16:06:01Z,e7705d493eb5fca54aa95407681aa7539766011523a0ccf37bb40966,60.16762,24.95415,000000006b44cce7,25.36
253,2019-08-04T16:06:01Z,e8e366e76c97944e23c0f80b4fd3ce6e5832744922297146a49f0c7e,60.16762,24.95415,000000006b44cce7,11.7
254,2019-08-04T16:06:01Z,eb4c2d89ad843c4e2c156fc0d5dcef0c950100cb0872d84d865d6b7e,60.16762,24.95415,000000006b44cce7,16.1
255,2019-08-04T16:06:01Z,f088630d7476dae7d4b7e2bb1f10575f2c89acb4b6e061f3d57c2b40,60.16531,24.9442,00000000fdda10fe,21.87
256,2019-08-04T16:06:01Z,f6609ab1076b1105bb845595a03b41b8fbb282f79c337df5bbc9f841,60.14699,24.922,00000000a53ed894,10.78
257,2019-08-04T16:06:01Z,fc4f3a44235f1cfc7b53f14ba2da599976a5a0a220d23b852688e485,60.17918,24.95141,00000000675d5200,25.36
258,2019-08-04T16:06:01Z,02978cd5cb7127a718d3d775079ab940a3e81885ce6106495cca5ee4,60.1538,24.95595,0000000038bf9618,23.56
259,2019-08-04T16:06:01Z,0330554d1112ffcfb4149aa06b3879e167b35ae470756caa99ec4448,60.1538,24.95595,0000000038bf9618,14.89
260,2019-08-04T16:06:01Z,0413805762399525f916572e0de4852c934500b4a8465ac67a535d41,60.16762,24.95415,000000006b44cce7,12.69
261,2019-08-04T16:06:01Z,066f266bd20150a6923c6ef0af8952bf566afe17aa3395ee309e6b01,60.16897,24.95222,00000000aa852af1,10.78
262,2019-08-04T16:06:01Z,0a108e5a98ccb65a175fff3d2631093b8a9e01c06b37e4a197149efa,60.16448,24.97323,0000000053c6c2be,29.32
263,2019-08-04T16:06:01Z,0a8620ba2a8c934ce793db477a4b0c235f74d5956f8d5a3975633b90,60.16762,24.95415,000000006b44cce7,13.75
264,2019-08-04T16:06:01Z,0b28e713801f2383bb36a8b876bad3213334f8b49c437df3edf5b813,60.1538,24.95595,0000000038bf9618,23.56
265,2019-08-04T16:06:01Z,10373d3745c7d444bca9c2278b12ef4c56bf0d3d35c031d5f144c6fd,60.16897,24.95222,00000000aa852af1,14.89
266,2019-08-04T16:06:01Z,11cf5e7171e562d9e19abffa6b6d1f185edc669fd7a245472a643cfc,60.16897,24.95222,00000000aa852af1,29.32
267,2019-08-04T16:06:01Z,133990780178f1e7266251837467d1ac5b1601a429da673787f4b3fd,60.16531,24.9442,00000000fdda10fe,7.69
268,2019-08-04T16:06:01Z,1357d1dee422e12b100bf05cdbb489b35c2011ffbe746702d7e57139,60.17065,24.93641,000000000f4919c9,16.1
269,2019-08-04T16:06:01Z,136273389fbfc7f4cc9b0bd5354f202a5281cf3afe9b0ee256938cc1,60.16829,24.94214,00000000afef4555,20.28
270,2019-08-04T16:06:01Z,16f8322554049c46dc417778709fb7d20faed7c30a8040b0d788756f,60.14947,24.91438,000000004ef3150d,10.78
271,2019-08-04T16:06:01Z,17187dd9fba75316f68c038bd06da62b54c1ce45d2f9527f2d6ed6b2,60.16762,24.95415,000000006b44cce7,16.1
272,2019-08-04T16:06:01Z,186007c40fa6db26e0af6e8137505f53604f489611d5d42deb634e1c,60.17002,24.94407,000000006b087f40,20.28
273,2019-08-04T16:06:01Z,1891a75642ea8c3a08c8d25c99aa0edcceca9c5d2610ffbb46e8c9fd,60.16629,24.95957,00000000fb7600be,11.7
274,2019-08-04T16:06:01Z,19ca4fc8a1d192b85da99de1d6a4a50764bb8a163bd07d9de1dc9115,60.14947,24.91438,000000004ef3150d,25.36
275,2019-08-04T16:06:01Z,1a88811b33054a411e1bf9e3ca8f8b019a31e584e796816c9d486aae,60.16544,24.95398,0000000038d83d41,9.12
276,2019-08-04T16:06:01Z,1acf3677b049eaf23b65a207811bac6deb77dff6e23cbee810a49cf2,60.16897,24.95222,00000000aa852af1,21.87
277,2019-08-04T16:06:01Z,1ca2a3dc3dfc4b7c43e5c2670f235bdd61b23459d91984dde3e5afff,60.14699,24.922,00000000a53ed894,13.75
278,2019-08-04T16:06:01Z,1cc4e75c51bde6d0f67f1c0931cd9fa8e48271b82d97d8a518abb84d,60.16897,24.95222,00000000aa852af1,25.36
279,2019-08-04T16:06:01Z,1ce27dca0d20e97696906571ae978a420667d17c3455264f9fca9853,60.14699,24.922,00000000a53ed894,18.79
280,2019-08-04T16:06:01Z,1e3ad51bba4a41cf15cbf7b3120a963f00f0b40762032caf7b44b338,60.16897,24.95222,00000000aa852af1,21.87
281,2019-08-04T16:06:01Z,1f3e0bcb33fd5411b8a18d51b052564c56e861fd7b68822516eed307,60.17918,24.95141,00000000675d5200,18.79
282,2019-08-04T16:06:01Z,1f47b3cad996b9a4536e9152a4c4ab717dd0f6b406b845e0bd70378b,60.16762,24.95415,000000006b44cce7,7.05
283,2019-08-04T16:06:01Z,1f983c3bfb11797324b1787f2a42ebc78bb71c1ed9cfbc00d1bb8727,60.14947,24.91438,000000004ef3150d,16.1
284,2019-08-04T16:06:01Z,1faaaeff6423708e06d94b904af4be93e399939fbdfd3b3091dc8bd2,60.15432,24.9211,0000000019fb59c4,14.89
285,2019-08-04T16:06:01Z,2301f0d6213d375a0d5b267368fd966895cb23830202808165f28390,60.14947,24.91438,000000004ef3150d,11.7
286,2019-08-04T16:06:01Z,2681574179f03d4f645638bd579349b1b23624f6d90f5216207a143c,60.16897,24.95222,00000000aa852af1,11.7
287,2019-08-04T16:06:01Z,27ed03aa549764d87fa636bbc598de16a0153066b5119d3752c58084,60.149,24.9843,00000000fffb8cf0,21.87
288,2019-08-04T16:06:01Z,281925a49e9999039076b5df9cfc4e43d2d24f85d5ba4a2d269a5f48,60.16829,24.94214,00000000afef4555,6.46
289,2019-08-04T16:06:01Z,2bb33c49fcae5fe48ddd95cbbd9cba1d0e391eacc3ebf3ad0dc339d7,60.16762,24.95415,000000006b44cce7,16.1
290,2019-08-04T16:06:01Z,2c1419209e26a6a469fa4a2d7685890d96318254eb2c049e3d1ca288,60.16629,24.95957,00000000fb7600be,9.92
291,2019-08-04T16:06:01Z,305d129453809d863c87fa4da686f1f61d4a41e3f82a6c1c8a3c9614,60.16897,24.95222,00000000aa852af1,20.28
292,2019-08-04T16:06:01Z,30d4390189cbc77f709b9e801b6a23f681dceadf4c87cb191ba6b3e8,60.16762,24.95415,000000006b44cce7,14.89
293,2019-08-04T16:06:01Z,34cf729be0992611f21bf66e64df0162d931c65241dc281cf2106fde,60.16829,24.94214,00000000afef4555,20.28
294,2019-08-04T16:06:01Z,3cd36905286f361fe6af9f975e20f37db3ebba5660520895c4467d6d,60.17918,24.95141,00000000675d5200,18.79
295,2019-08-04T16:06:01Z,3d194a2ca29254d3d449971a579890f4bac2e73fd295d5ae62c41af2,60.16762,24.95415,000000006b44cce7,31.5
296,2019-08-04T16:06:01Z,3f37b7c0c9a8e37ab0e500f5aec50d5c533dd67538d1e7d9f349e07c,60.16897,24.95222,00000000aa852af1,17.4
297,2019-08-04T16:06:01Z,420e19f2bd34ff315ffbe279acf73893e9ffe1cc52763ecf4a14a24b,60.16762,24.95415,000000006b44cce7,21.87
298,2019-08-04T16:06:01Z,431c3a93e2fdb681a2b75e93e823c699d5b3aac1958d9618b01a7c62,60.1538,24.95595,0000000038bf9618,27.28
299,2019-08-04T16:06:01Z,432979cbd49d97cdde1f8e9e915b6282a2cc5dbf5fee9394276caa13,60.16897,24.95222,00000000aa852af1,18.79
300,2019-08-04T16:06:01Z,43c871062412e6a8f265704c6cc82fbc285f1271b0e76900ddf384b7,60.15432,24.9211,0000000019fb59c4,20.28
301,2019-08-04T16:06:01Z,48e4f69654de412e25e64eb95f9a7760e8519625985d8ebe25eb97d6,60.17065,24.93641,000000000f4919c9,27.28
302,2019-08-04T16:06:01Z,48f43a9a698358b232e5ea24896b6ef67d84a37575cb5447ee9dab06,60.17065,24.93641,000000000f4919c9,20.28
303,2019-08-04T16:06:01Z,4ac3ea7ca9e0d6960ed5ea47586cc9a38199715c3948a7caad929c96,60.16829,24.94214,00000000afef4555,17.4
304,2019-08-04T16:06:01Z,4c0c567527b9a8957b3dce66a55358ae5aebc9202a45cc2b484eb8f2,60.17002,24.94407,000000006b087f40,29.32
305,2019-08-04T16:06:01Z,4d7de7c3a569a4658db2a99698011da66c62db2d79b20022f0f2fa83,60.16897,24.95222,00000000aa852af1,25.36
306,2019-08-04T16:06:01Z,4e2e7e2c6f0b9fc338de217ac0d4d0fbd3bc88e8413e5fc8689bdac3,60.16829,24.94214,00000000afef4555,14.89
307,2019-08-04T16:06:01Z,556162473ebfb39750a340f9c6a7082879c924ec38196ec8a4cb4e61,60.17002,24.94407,000000006b087f40,27.28
308,2019-08-04T16:06:01Z,571851ce1413b17987198e5f844cda691d77df67242365495545dc58,60.16829,24.94214,00000000afef4555,27.28
309,2019-08-04T16:06:01Z,584cb0b0cdd14e608c8b57c8aecc9826f9b40027e365e2438a444ea2,60.16762,24.95415,000000006b44cce7,16.1
310,2019-08-04T16:06:01Z,5868e54d8f65e099294ec5117344901ac7ab312015396119f3a62a75,60.16762,24.95415,000000006b44cce7,14.89
311,2019-08-04T16:06:01Z,59e4b879cd097eb1d6987895c79ecf4eae316d3604228bbd30154dfb,60.16531,24.9442,00000000fdda10fe,41.64
312,2019-08-04T16:06:01Z,5a7d55d4f3ae68decfcf39e2baa4131210415d466b7e77c4198dc1e3,60.16829,24.94214,00000000afef4555,25.36
313,2019-08-04T16:06:01Z,5e1c35230b4a9ae5d6e84bbe84aacc3e51b6a413a7f73a184acf6f0e,60.16629,24.95957,00000000fb7600be,21.87
314,2019-08-04T16:06:01Z,5e91484926e8d7b97e60a1946e4d7abe5fa61d227547da55a61e355b,60.16762,24.95415,000000006b44cce7,20.28
315,2019-08-04T16:06:01Z,63f8b70afc62b274b2813d0be9dd1c0de9cd521b550de77396bc63db,60.1638,24.96846,00000000d747f075,29.32
316,2019-08-04T16:06:01Z,697a9985ea938db3cafe8d7f1aac5634c6dbbeb4ae937c5e22191fea,60.1538,24.95595,0000000038bf9618,16.1
317,2019-08-04T16:06:01Z,6b3ae8aa7e65115a23b5279f8a9fd64a258ef94b376a5628fb6b057b,60.16629,24.95957,00000000fb7600be,17.4
318,2019-08-04T16:06:01Z,6b84d1f8f7bdfb6c673909ced26355863e49a228a3ec1cdb22030616,60.16762,24.95415,000000006b44cce7,3.4
319,2019-08-04T16:06:01Z,6bd86877955ae9e6f9e62fe03e76568f008727a833dbaec16bff0f73,60.16629,24.95957,00000000fb7600be,17.4
320,2019-08-04T16:06:01Z,6c8e162c2b04c083a13a28d3f1f242637198cb0f2da8ce21c4dc4533,60.16629,24.95957,00000000fb7600be,36.27
321,2019-08-04T16:06:01Z,7014f0d800ecb9aaeef014b0189d032244d08319e2df9cfcd9d2d01b,60.16897,24.95222,00000000aa852af1,21.87
322,2019-08-04T16:06:01Z,71231718ecc15c1587f37c96483b8ecc0791e7da9c00bf8281ba3cc1,60.16762,24.95415,000000006b44cce7,11.7
323,2019-08-04T16:06:01Z,712d2f934a9ddcd3ec5aaf4feffc6098f94c86a278a77ee05cacc202,60.16762,24.95415,000000006b44cce7,20.28
324,2019-08-04T16:06:01Z,723365a255f9ff98997a162e3c49bebab7cb99391a440f262e785742,60.16762,24.95415,000000006b44cce7,16.1
325,2019-08-04T16:06:01Z,74e663a514e354c00a871ccf0cf0a88471bd3896fd4ed4995b162a7e,60.149,24.9843,00000000fffb8cf0,14.89
326,2019-08-04T16:06:01Z,79bde23c1a8980f93a65e14306f0d8ea89e164430d8b991e2bfee82e,60.16531,24.9442,00000000fdda10fe,20.28
