,time,hash,latitude,longitude,serial,distance
0,2019-08-03T00:15:00Z,03e0fc996a589ccdf1871b3c78e089c08c93ba1f2a02d740fb384aac,60.16531,24.9442,00000000fdda10fe,27.28
1,2019-08-03T00:15:00Z,072dc794e212cfe9866e1242d801701f299d36f4aea2da25e22246cc,60.16762,24.95415,000000006b44cce7,9.12
2,2019-08-03T00:15:00Z,0a14c5d2b78ccdcf2d3a340ea5154a0a10b0befebb1fd0dc3ae4d6a6,60.16829,24.94214,00000000afef4555,29.32
3,2019-08-03T00:15:00Z,129dad6828fb3e17a08cbc4f37bc09bbf2759d63eefc3cd646806e36,60.16897,24.95222,00000000aa852af1,29.32
4,2019-08-03T00:15:00Z,14c7e1511b70f4dd3359cbece1377aebb4d70531f5489eefe53d7c3c,60.16544,24.95398,0000000038d83d41,23.56
5,2019-08-03T00:15:00Z,165ebbb4090d47319ae370f0d0854fdc1f6b79499f8b2e4d3c3533c0,60.16544,24.95398,0000000038d83d41,21.87
6,2019-08-03T00:15:00Z,1d513a9eda6958eaa6394ca7a03bb7c0beb946191e40ea22378b96fa,60.16762,24.95415,000000006b44cce7,20.28
7,2019-08-03T00:15:00Z,2596202d2c842b8546832c3b5ad0c64635e1d0e2b48133a1581da93e,60.16829,24.94214,00000000afef4555,20.28
8,2019-08-03T00:15:00Z,27391f5fe0d6372b87fd8909e6325800f7d4a552f40b0bad20ffa5f0,60.16762,24.95415,000000006b44cce7,14.89
9,2019-08-03T00:15:00Z,297c725b456ef12d2712634b21546721cbe93224d3a5762d897404f2,60.16762,24.95415,000000006b44cce7,11.7
10,2019-08-03T00:15:00Z,2a93b61a3863ace54349d7a0937e4134fcc6d4dfcf064eefae2b7cf8,60.15432,24.9211,0000000019fb59c4,13.75
11,2019-08-03T00:15:00Z,2af9f18ec38ddcce3e687bdf1a0e3d95da68f65a2028ee4a3bdeddab,60.15432,24.9211,0000000019fb59c4,14.89
12,2019-08-03T00:15:00Z,3193ebc4e01b4451b1242fd69a62b4a3af31c0150312780985ad1d1a,60.16762,24.95415,000000006b44cce7,9.92
13,2019-08-03T00:15:00Z,52f6a3a3aa57239ef1fb406b6d276ffea0771b2d59b02598092b8971,60.16762,24.95415,000000006b44cce7,16.1
14,2019-08-03T00:15:00Z,5b40777f3d5dd1d46096c212f6ee450c32147d35646aafa682f23e5c,60.16762,24.95415,000000006b44cce7,20.28
15,2019-08-03T00:15:00Z,5bbb5184fded3e51bc78e45e39917794285e6bbc72da404802a9599a,60.16531,24.9442,00000000fdda10fe,27.28
16,2019-08-03T00:15:00Z,5c7fc0928d0dde3ef172b9c1d75c47029e423dd8b11dce183b2b613a,60.16762,24.95415,000000006b44cce7,18.79
17,2019-08-03T00:15:00Z,5d65719c4cbf045f068d084b72302f447d5fd034413d97d13be00d0e,60.18203,24.91341,00000000342570c2,16.1
18,2019-08-03T00:15:00Z,5e949d74f5d299b302e8a43cfeaa887af012fb17b3d7834f07c59efe,60.17002,24.94407,000000006b087f40,25.36
19,2019-08-03T00:15:00Z,5eed115a984d490b02b602d73787aee8dc8c4e9365b77fbff3818a76,60.16629,24.95957,00000000fb7600be,33.81
20,2019-08-03T00:15:00Z,6f06341f358e61699fe1e55e986dd0554bc8da28b91daf0c5ad99db6,60.16629,24.95957,00000000fb7600be,38.87
21,2019-08-03T00:15:00Z,747f2d1ebff218c0ebbdc0fdaef4cbe56633dfb46ae1b1f8c8142201,60.16762,24.95415,000000006b44cce7,14.89
22,2019-08-03T00:15:00Z,77839e655f856d5295739c2388237a95b399c3b8a4f659cd1345d939,60.16829,24.94214,00000000afef4555,25.36
23,2019-08-03T00:15:00Z,82d3179984ab68891d2c166ce7c4409cb11aaf85e0f5e8e96e21234c,60.17918,24.95141,00000000675d5200,29.32
24,2019-08-03T00:15:00Z,87dfaad29a9276ddddb1fa021d3bc23ad14824c1af16f7d87e713689,60.14951,24.92138,0000000006dd41f6,7.69
25,2019-08-03T00:15:00Z,89982a6acf91b79a282a6b63978e946ee205f303fcd20e944e06baf0,60.16544,24.95398,0000000038d83d41,29.32
26,2019-08-03T00:15:00Z,89eb0ceacf045c977620b367105bca866d88eac38cc218f77442eeda,60.16829,24.94214,00000000afef4555,11.7
27,2019-08-03T00:15:00Z,8c75c3289c84fe4493e1e272a77b615fe1985880c5dc68a7c1a17b53,60.16762,24.95415,000000006b44cce7,10.78
28,2019-08-03T00:15:00Z,8ff60f950161ed884860c37d18e95c683a57d568528f4083008a5dd8,60.15432,24.9211,0000000019fb59c4,16.1
29,2019-08-03T00:15:00Z,91d3b80de4439a4a49ddb8a04d72a0a2ec6c08f351d70232842af567,60.16762,24.95415,000000006b44cce7,25.36
30,2019-08-03T00:15:00Z,94512cd21b284eddaddc0be0d385bf5072dbeaa7e3eb345b3c161aa6,60.16762,24.95415,000000006b44cce7,18.79
31,2019-08-03T00:15:00Z,9843c6216661048343a0e49cf3d8aa2883cf77f452666a1c873a1052,60.16448,24.97323,0000000053c6c2be,17.4
32,2019-08-03T00:15:00Z,a3bd485a94d2ee8a8f9705cd9c7c8d0a0b42fe95071ecae0521cdec7,60.16762,24.95415,000000006b44cce7,17.4
33,2019-08-03T00:15:00Z,a406256e97e44cd5d29d17c9e83901297c54bc0b9f5950341e2b23e8,60.16762,24.95415,000000006b44cce7,12.69
34,2019-08-03T00:15:00Z,a91d379a4b57c5df22db0d7a041ff69f657b4b31f28554b1011fc03c,60.16544,24.95398,0000000038d83d41,27.28
35,2019-08-03T00:15:00Z,b4faf2d3c4d2b199afeab6ab63b583fe3a2e81e14abbef6917f25129,60.15432,24.9211,0000000019fb59c4,16.1
36,2019-08-03T00:15:00Z,b5fd6b317890e5ab2d79e2cd1abe61626d45a753c7337d0d40728898,60.16762,24.95415,000000006b44cce7,8.38
37,2019-08-03T00:15:00Z,bb52abe4edeb7604c7a55e84373a051fe6adeac1849883eb0877f237,60.15432,24.9211,0000000019fb59c4,9.12
38,2019-08-03T00:15:00Z,bb98768dad0f7c52cf643f035a3e7e48f5cfe28557c66f2a75914b31,60.15432,24.9211,0000000019fb59c4,14.89
39,2019-08-03T00:15:00Z,c0f4fab6444e2374d8f07376b5132573fc3803066d1519bbcd319f42,60.15432,24.9211,0000000019fb59c4,21.87
40,2019-08-03T00:15:00Z,c40c37def6bf11a63a2556519a7c6233fd417cdeea2cf14f28e7c42c,60.16531,24.9442,00000000fdda10fe,21.87
41,2019-08-03T00:15:00Z,c651fc214f7007b284b59fd933ac3a1c3b372fc8f47cd0f3245ba316,60.17002,24.94407,000000006b087f40,36.27
42,2019-08-03T00:15:00Z,cf05623e4d87ce0906c0b0b7dbf53aacc1228016cd27c341228b6e76,60.18203,24.91341,00000000342570c2,17.4
43,2019-08-03T00:15:00Z,da3f8a9924ac789c223fe629d063aa23403ffed3bf8166bd44e4d0d0,60.16762,24.95415,000000006b44cce7,17.4
44,2019-08-03T00:15:00Z,de5d587c550dc3e559c6140c6d89ac6418eb8730b6e5082953cf1b75,60.16531,24.9442,00000000fdda10fe,12.69
45,2019-08-03T00:15:00Z,ea2af410359f5c862dbc71554cc0b6ea29d823a91db3209fcd2a8c76,60.16762,24.95415,000000006b44cce7,12.69
46,2019-08-03T00:15:00Z,eb715334f364cdec5902ef720cd954251e1168047bd115160767d782,60.16897,24.95222,00000000aa852af1,33.81
47,2019-08-03T00:15:00Z,f088630d7476dae7d4b7e2bb1f10575f2c89acb4b6e061f3d57c2b40,60.16531,24.9442,00000000fdda10fe,25.36
48,2019-08-03T00:15:00Z,fa174c07354fca0bb5a193097c3a41f5c79ba61efc1b2f1dd7ae2312,60.16762,24.95415,000000006b44cce7,9.92
49,2019-08-03T00:15:00Z,fc4f3a44235f1cfc7b53f14ba2da599976a5a0a220d23b852688e485,60.17919,24.95181,000000007b5207b6,13.75
50,2019-08-03T00:15:00Z,02b767d8ca4593c22d5329e25f3cd8dd548f75220f6b35de098a7d6b,60.1538,24.95595,0000000038bf9618,23.56
51,2019-08-03T00:15:00Z,04d373ddce4e3377907b367e4f8b96c8f3c15614d41c0928b562515e,60.1538,24.95595,0000000038bf9618,5.91
52,2019-08-03T00:15:00Z,05dc172e338afd1f3037b21020f19386c5e25c22ba7b71c19f794258,60.16829,24.94214,00000000afef4555,23.56
53,2019-08-03T00:15:00Z,08b157277dc84d9bb72d3bd86a6ff4c602ffa65e3b1ce4ef5648d91e,60.1538,24.95595,0000000038bf9618,23.56
54,2019-08-03T00:15:00Z,0be133927bd680eaf51ae2be0a596457828f79dca874f627b6f3cef5,60.17002,24.94407,000000006b087f40,16.1
55,2019-08-03T00:15:00Z,100db69ee28fd2ce777496bb668713c690c20cde2af8281dfeaa9087,60.16897,24.95222,00000000aa852af1,18.79
56,2019-08-03T00:15:00Z,1328564eee9521c3d49dbf4479e69f46024d2dc010a0f17a4ae03828,60.1538,24.95595,0000000038bf9618,14.89
57,2019-08-03T00:15:00Z,1609222874021ede6d2b779807ac2b8fc07f933f5c27580078417165,60.1538,24.95595,0000000038bf9618,18.79
58,2019-08-03T00:15:00Z,18674bec29cf231339b3528ad5740050340ca40a0d5cc91cfbcc1ca1,60.1538,24.95595,0000000038bf9618,14.89
59,2019-08-03T00:15:00Z,1dacfb371d75dd4f90f447aac2a00faad98beb4188a6971c19eb2375,60.16629,24.95957,00000000fb7600be,27.28
60,2019-08-03T00:15:00Z,1eb93904b9485cf2691e7b6058b66cc400318b6d62d3f39b86aac2bf,60.16762,24.95415,000000006b44cce7,21.87
61,2019-08-03T00:15:00Z,1f234b2dde6fc5db06631e8b207bd87d140b9cc5c3996124bf952f20,60.16629,24.95957,00000000fb7600be,18.79
62,2019-08-03T00:15:00Z,2142821dbdfd0c8de0dfc0067db2d17aa9b3989b72fc0f1e8db8cf04,60.15432,24.9211,0000000019fb59c4,29.32
63,2019-08-03T00:15:00Z,29ab99176d28bd65aaac59ede510163329531792a55fe3aa166972e4,60.17002,24.94407,000000006b087f40,27.28
64,2019-08-03T00:15:00Z,2a502e27359a9ea4fdcf88ce068ff802cf04736ce15441be5354f3ea,60.17918,24.95141,00000000675d5200,8.38
65,2019-08-03T00:15:00Z,2b32f7c4ca8e8d620d956253ba0d94f3c9d161b4f87f0e5dd4a432dc,60.16531,24.9442,00000000fdda10fe,7.05
66,2019-08-03T00:15:00Z,38af084eb2090848a885d67db1a1c2ea53c1fa308cdd0f92ce8149b1,60.1538,24.95595,0000000038bf9618,31.5
67,2019-08-03T00:15:00Z,3a1a8c7028f39059b93f35a34f5b576215b48093f7052e1d21abd4a8,60.16829,24.94214,00000000afef4555,29.32
68,2019-08-03T00:15:00Z,3a6de0594a2985ed64218c810b397abdcf4c0954462b044a50ebf8dc,60.1538,24.95595,0000000038bf9618,6.46
69,2019-08-03T00:15:00Z,3aa554b60bf70db0e04f0bdf6cfe49f2026829a5216a8c0d64d1434e,60.1538,24.95595,0000000038bf9618,25.36
70,2019-08-03T00:15:00Z,3ac0fcb037f2c177ebab8b811a2283ca76faaff6baa85ca39716ef41,60.1538,24.95595,0000000038bf9618,25.36
71,2019-08-03T00:15:00Z,3c059a3a4267b7060c9417ace61b408c312db92a633ad44877d62431,60.16897,24.95222,00000000aa852af1,16.1
72,2019-08-03T00:15:00Z,3ddf5b15ad8481c049dd60eda78bbfc98ea111445bd175112bc2899f,60.1538,24.95595,0000000038bf9618,36.27
73,2019-08-03T00:15:00Z,405dbc5804cf9630f389db744d7015831500d312dbdf65029682fe6b,60.16829,24.94214,00000000afef4555,16.1
74,2019-08-03T00:15:00Z,40c1e6f756e4953dc10c6781b16961768c7f255e088a8296297ded8d,60.1538,24.95595,0000000038bf9618,7.05
75,2019-08-03T00:15:00Z,4316656f205a8b89aac95e4cdb62aff3ac5101359fdd237b89627166,60.16531,24.9442,00000000fdda10fe,7.05
76,2019-08-03T00:15:00Z,43c07f66de0d495c7f2af55a7c8ac488c4275e3a929159b955292a54,60.1538,24.95595,0000000038bf9618,9.92
77,2019-08-03T00:15:00Z,47fb1d44ab56f44efe34dd9a1922020359bb39f796a900b4496a548a,60.16531,24.9442,00000000fdda10fe,7.05
78,2019-08-03T00:15:00Z,4b59894ed1a31418531311196b43dd31e86600deccfa9dd9e14b1de9,60.1538,24.95595,0000000038bf9618,11.7
79,2019-08-03T00:15:00Z,4fd88aa37e9eca8d20a943bdd6b5f3720b5ee02645e6af774644c875,60.1538,24.95595,0000000038bf9618,20.28
80,2019-08-03T00:15:00Z,584cb0b0cdd14e608c8b57c8aecc9826f9b40027e365e2438a444ea2,60.16762,24.95415,000000006b44cce7,13.75
81,2019-08-03T00:15:00Z,5880fafb24e9f446686bf30b30b2806a19127606d476c63c2dff7e02,60.1538,24.95595,0000000038bf9618,31.5
82,2019-08-03T00:15:00Z,5a65659e150543f96083ab49ddfd9be1c471379244f7ee7482fac168,60.16531,24.9442,00000000fdda10fe,25.36
83,2019-08-03T00:15:00Z,631c9af1c491a004e506d00ef3ed5f790b2ac6e57005d3e7d8ac4246,60.1538,24.95595,0000000038bf9618,27.28
84,2019-08-03T00:15:00Z,69fb5575d05fab63effb6533736b08e61aab369155fb66ea44f2c3e4,60.1538,24.95595,0000000038bf9618,21.87
85,2019-08-03T00:15:00Z,72356924217bde1065538629621a7e3adfbfe2f16ceaea114fdcd4c3,60.14947,24.91438,000000004ef3150d,25.36
86,2019-08-03T00:15:00Z,736785d72627833acbc68f8b4a760ab943d5480dc9cac46d91d16eb8,60.17002,24.94407,000000006b087f40,27.28
87,2019-08-03T00:15:00Z,750a09fe52923361f9861cf317c612689c466136a77b10f6a74ad294,60.17002,24.94407,000000006b087f40,29.32
88,2019-08-03T00:15:00Z,75ade46a219b23fd3f1fa12aa3dfce860f46be958db00bdd5dfe55de,60.17002,24.94407,000000006b087f40,25.36
89,2019-08-03T00:15:00Z,7d0cef5aac7d1c3c978f7bd86d6ace3547ad4ab736ffc6f6d7d91893,60.16531,24.9442,00000000fdda10fe,4.5
90,2019-08-03T00:15:00Z,8535fb4a79359623c56a2264e276b218ec5eb2dab39dbd1e45f7f2d5,60.1538,24.95595,0000000038bf9618,16.1
91,2019-08-03T00:15:00Z,878cf758034944e70ae42a98d567126935917b5d61a073e38f817b76,60.1538,24.95595,0000000038bf9618,8.38
92,2019-08-03T00:15:00Z,8d40d1aa67bdf56cdaeff34b2b6e5a9952c78ebb443e609ddf2a9f9a,60.1538,24.95595,0000000038bf9618,18.79
93,2019-08-03T00:15:00Z,91caf67153f7cf3e94c90797b30a95031dde3e8cbcdd448303e3a464,60.1538,24.95595,0000000038bf9618,7.05
94,2019-08-03T00:15:00Z,940b5d8803d8353dfeaa475c67e620ded78327a10156848a7ed3338f,60.1538,24.95595,0000000038bf9618,13.75
95,2019-08-03T00:15:00Z,9d6089bad369e1239b49d9ddd2154f6e9f8d073d7a826945aab44c7b,60.14947,24.91438,000000004ef3150d,5.91
96,2019-08-03T00:15:00Z,9dd667e157cd58cdb00bddc4ac1006a43d2a28ef9b22dd89289d1513,60.1538,24.95595,0000000038bf9618,41.64
97,2019-08-03T00:15:00Z,9f7a7e8a85fa48b85f7da90128d535cbd7b2dc35f46a8be837d80c44,60.1538,24.95595,0000000038bf9618,21.87
98,2019-08-03T00:15:00Z,a061b123b9d19ddcd6617af2afda852599afa6b5216378977d78b315,60.1538,24.95595,0000000038bf9618,10.78
99,2019-08-03T00:15:00Z,a7bb63504d647b8e26052477c673d8ffe138e6b4a6087b50490105a4,60.149,24.9843,00000000fffb8cf0,23.56
100,2019-08-03T00:15:00Z,ae54811f178b7897fdc5b51f7d394b8a8e56050369f7b13e5ee0afc1,60.1538,24.95595,0000000038bf9618,27.28
101,2019-08-03T00:15:00Z,b7d783f6e507ea6938c432697702ea838213464bfc839112b4361cf4,60.1538,24.95595,0000000038bf9618,5.91
102,2019-08-03T00:15:00Z,b87e6fc8912b70e2b823be2eedcf3b570911a253a1022c8cb956cd74,60.1538,24.95595,0000000038bf9618,12.69
103,2019-08-03T00:15:00Z,b8bfe4c6613896e0ecf1a57dcfa956a94d5e3556979170537321da50,60.1538,24.95595,0000000038bf9618,20.28
104,2019-08-03T00:15:00Z,bdebb08a4a09cdf75649b596471bcb8dc72644b1a652736376e51edf,60.16531,24.9442,00000000fdda10fe,8.38
105,2019-08-03T00:15:00Z,be1a14a4dd48dc76dde4593e471841a0667db8e9836fcf8d67b0a72b,60.1538,24.95595,0000000038bf9618,14.89
106,2019-08-03T00:15:00Z,c628a4534316a0de86b43f8dea506e262e35383f1d685125ae200693,60.1538,24.95595,0000000038bf9618,20.28
107,2019-08-03T00:15:00Z,c672788585dba5075b03cfcdd856df5cd50deb2b465815ab3ef0bce0,60.17918,24.95141,00000000675d5200,16.1
108,2019-08-03T00:15:00Z,ca3584e17d37756781d8d9f625b436472886a56ebcef331bf9870768,60.14699,24.922,00000000a53ed894,13.75
109,2019-08-03T00:15:00Z,ca3f39b7eeeaee8d26e8babfb75bde851751dfa9ff44e1ff0c007fd3,60.1538,24.95595,0000000038bf9618,21.87
110,2019-08-03T00:15:00Z,cb5cb6a906042fccb6f5dea49991c21a9fe39f9e8247532f670d74ee,60.1538,24.95595,0000000038bf9618,17.4
111,2019-08-03T00:15:00Z,cc02b07710b2bb1160e8fc4d08c672d7a3d910361df0361fd74cb623,60.1538,24.95595,0000000038bf9618,16.1
112,2019-08-03T00:15:00Z,cd19a495bd463dfedc3d1cedf61dfb277a21d45e4480bf993a50737d,60.1538,24.95595,0000000038bf9618,18.79
113,2019-08-03T00:15:00Z,d0f54135e0be613586431330f94d2b5cf0b57701f614a0602bdcb4bd,60.1538,24.95595,0000000038bf9618,14.89
114,2019-08-03T00:15:00Z,d2563db17634cada7b7c587c490ece77f23c178c67673932c3dea11f,60.16531,24.9442,00000000fdda10fe,4.11
115,2019-08-03T00:15:00Z,d74d0801a8669acf93bbe667cb5b7a44be3ba08eeb1b7bdba11f8849,60.16448,24.97323,0000000053c6c2be,31.5
116,2019-08-03T00:15:00Z,dcf2e84ffdb5e551f2afad33420c28aee8ae50b3b081f9cd1b8ef23e,60.1538,24.95595,0000000038bf9618,13.75
117,2019-08-03T00:15:00Z,dd91c0e5704e58295ed36fb375b798250c7b9430ff7f987c9dc1130d,60.1538,24.95595,0000000038bf9618,17.4
118,2019-08-03T00:15:00Z,deddb37a8fcae3d246dca99004efd1ff6621a070ada52c0101f4aab3,60.16544,24.95398,0000000038d83d41,25.36
119,2019-08-03T00:15:00Z,e03c67ea049fecbd9cc08719863ae39fee0ce5f3441aeb783dc95196,60.1538,24.95595,0000000038bf9618,20.28
120,2019-08-03T00:15:00Z,e5fb0bf4a43eb9136157466977db3300e3c3ccbbf69423951c922fab,60.1538,24.95595,0000000038bf9618,8.38
121,2019-08-03T00:15:00Z,e88e240238e60adc66b79f22882cc0a7c02dd98bcb0de2bd5060ea6f,60.1538,24.95595,0000000038bf9618,16.1
122,2019-08-03T00:15:00Z,eb67941f32380b64bd3ac62c103a2fd900238d7095144711253f6641,60.1538,24.95595,0000000038bf9618,27.28
123,2019-08-03T00:15:00Z,f184631595cda9cb8e389260a614bdc4fb0ddda20dee6b2b497244b5,60.1538,24.95595,0000000038bf9618,21.87
124,2019-08-03T00:15:00Z,f28dca15479f91cf1c2d57b6e0ee6219840e78d9ef18bf1ac79e3566,60.1538,24.95595,0000000038bf9618,18.79
125,2019-08-03T00:15:00Z,f62d97579a5524080d1bd2e372fe694f4c238bc732512614c39702a4,60.16762,24.95415,000000006b44cce7,17.4
126,2019-08-03T00:15:00Z,f6407e103c3bb6f5637a05a5eed61bb27188bf97231e33fc5594af49,60.16531,24.9442,00000000fdda10fe,29.32
127,2019-08-03T00:15:00Z,f9399339c3de44774896319d3f291771cebcaf2666df1d6062469882,60.16531,24.9442,00000000fdda10fe,18.79
128,2019-08-03T00:15:01Z,03e0fc996a589ccdf1871b3c78e089c08c93ba1f2a02d740fb384aac,60.16531,24.9442,00000000fdda10fe,25.36
129,2019-08-03T00:15:01Z,072dc794e212cfe9866e1242d801701f299d36f4aea2da25e22246cc,60.16762,24.95415,000000006b44cce7,9.12
130,2019-08-03T00:15:01Z,0a14c5d2b78ccdcf2d3a340ea5154a0a10b0befebb1fd0dc3ae4d6a6,60.16829,24.94214,00000000afef4555,23.56
131,2019-08-03T00:15:01Z,129dad6828fb3e17a08cbc4f37bc09bbf2759d63eefc3cd646806e36,60.16897,24.95222,00000000aa852af1,27.28
132,2019-08-03T00:15:01Z,14c7e1511b70f4dd3359cbece1377aebb4d70531f5489eefe53d7c3c,60.16544,24.95398,0000000038d83d41,23.56
133,2019-08-03T00:15:01Z,165ebbb4090d47319ae370f0d0854fdc1f6b79499f8b2e4d3c3533c0,60.16544,24.95398,0000000038d83d41,29.32
134,2019-08-03T00:15:01Z,1d513a9eda6958eaa6394ca7a03bb7c0beb946191e40ea22378b96fa,60.16762,24.95415,000000006b44cce7,12.69
135,2019-08-03T00:15:01Z,2448a4a7bacce376bf9041799fcd0ba60e3c1179e1fdfc9d7463f44f,60.15432,24.9211,0000000019fb59c4,33.81
136,2019-08-03T00:15:01Z,2596202d2c842b8546832c3b5ad0c64635e1d0e2b48133a1581da93e,60.16829,24.94214,00000000afef4555,9.12
137,2019-08-03T00:15:01Z,27391f5fe0d6372b87fd8909e6325800f7d4a552f40b0bad20ffa5f0,60.16762,24.95415,000000006b44cce7,17.4
138,2019-08-03T00:15:01Z,297c725b456ef12d2712634b21546721cbe93224d3a5762d897404f2,60.16762,24.95415,000000006b44cce7,9.12
139,2019-08-03T00:15:01Z,2a93b61a3863ace54349d7a0937e4134fcc6d4dfcf064eefae2b7cf8,60.15432,24.9211,0000000019fb59c4,12.69
140,2019-08-03T00:15:01Z,2af9f18ec38ddcce3e687bdf1a0e3d95da68f65a2028ee4a3bdeddab,60.15432,24.9211,0000000019fb59c4,16.1
141,2019-08-03T00:15:01Z,3193ebc4e01b4451b1242fd69a62b4a3af31c0150312780985ad1d1a,60.16762,24.95415,000000006b44cce7,8.38
142,2019-08-03T00:15:01Z,43b676ed3aef4c2d8846694817e76117873be52e7f788e0cb366c1c4,60.16629,24.95957,00000000fb7600be,23.56
143,2019-08-03T00:15:01Z,52f6a3a3aa57239ef1fb406b6d276ffea0771b2d59b02598092b8971,60.16762,24.95415,000000006b44cce7,16.1
144,2019-08-03T00:15:01Z,5bbb5184fded3e51bc78e45e39917794285e6bbc72da404802a9599a,60.16531,24.9442,00000000fdda10fe,18.79
145,2019-08-03T00:15:01Z,5d65719c4cbf045f068d084b72302f447d5fd034413d97d13be00d0e,60.18203,24.91341,00000000342570c2,18.79
146,2019-08-03T00:15:01Z,5e949d74f5d299b302e8a43cfeaa887af012fb17b3d7834f07c59efe,60.17002,24.94407,000000006b087f40,23.56
147,2019-08-03T00:15:01Z,5eed115a984d490b02b602d73787aee8dc8c4e9365b77fbff3818a76,60.16629,24.95957,00000000fb7600be,21.87
148,2019-08-03T00:15:01Z,6066632ddc94b5c482a2d4f45ed2532e55e3fd63e414a084a596a737,60.16762,24.95415,000000006b44cce7,20.28
149,2019-08-03T00:15:01Z,747f2d1ebff218c0ebbdc0fdaef4cbe56633dfb46ae1b1f8c8142201,60.16762,24.95415,000000006b44cce7,18.79
150,2019-08-03T00:15:01Z,77839e655f856d5295739c2388237a95b399c3b8a4f659cd1345d939,60.16829,24.94214,00000000afef4555,27.28
151,2019-08-03T00:15:01Z,87dfaad29a9276ddddb1fa021d3bc23ad14824c1af16f7d87e713689,60.14951,24.92138,0000000006dd41f6,7.69
152,2019-08-03T00:15:01Z,89eb0ceacf045c977620b367105bca866d88eac38cc218f77442eeda,60.16829,24.94214,00000000afef4555,13.75
153,2019-08-03T00:15:01Z,8c75c3289c84fe4493e1e272a77b615fe1985880c5dc68a7c1a17b53,60.16762,24.95415,000000006b44cce7,9.92
154,2019-08-03T00:15:01Z,8ff60f950161ed884860c37d18e95c683a57d568528f4083008a5dd8,60.15432,24.9211,0000000019fb59c4,17.4
155,2019-08-03T00:15:01Z,91d3b80de4439a4a49ddb8a04d72a0a2ec6c08f351d70232842af567,60.16762,24.95415,000000006b44cce7,27.28
156,2019-08-03T00:15:01Z,94512cd21b284eddaddc0be0d385bf5072dbeaa7e3eb345b3c161aa6,60.16762,24.95415,000000006b44cce7,17.4
157,2019-08-03T00:15:01Z,9843c6216661048343a0e49cf3d8aa2883cf77f452666a1c873a1052,60.16448,24.97323,0000000053c6c2be,14.89
158,2019-08-03T00:15:01Z,a406256e97e44cd5d29d17c9e83901297c54bc0b9f5950341e2b23e8,60.16762,24.95415,000000006b44cce7,12.69
159,2019-08-03T00:15:01Z,a91d379a4b57c5df22db0d7a041ff69f657b4b31f28554b1011fc03c,60.16544,24.95398,0000000038d83d41,33.81
160,2019-08-03T00:15:01Z,b33ae7715d6d2571066655c2c8954a5a364b5601869047de83410d9f,60.16629,24.95957,00000000fb7600be,20.28
161,2019-08-03T00:15:01Z,b4faf2d3c4d2b199afeab6ab63b583fe3a2e81e14abbef6917f25129,60.15432,24.9211,0000000019fb59c4,18.79
162,2019-08-03T00:15:01Z,b5fd6b317890e5ab2d79e2cd1abe61626d45a753c7337d0d40728898,60.16762,24.95415,000000006b44cce7,7.69
163,2019-08-03T00:15:01Z,bb52abe4edeb7604c7a55e84373a051fe6adeac1849883eb0877f237,60.15432,24.9211,0000000019fb59c4,9.92
164,2019-08-03T00:15:01Z,bb98768dad0f7c52cf643f035a3e7e48f5cfe28557c66f2a75914b31,60.15432,24.9211,0000000019fb59c4,13.75
165,2019-08-03T00:15:01Z,c0f4fab6444e2374d8f07376b5132573fc3803066d1519bbcd319f42,60.15432,24.9211,0000000019fb59c4,29.32
166,2019-08-03T00:15:01Z,c40c37def6bf11a63a2556519a7c6233fd417cdeea2cf14f28e7c42c,60.16531,24.9442,00000000fdda10fe,20.28
167,2019-08-03T00:15:01Z,c651fc214f7007b284b59fd933ac3a1c3b372fc8f47cd0f3245ba316,60.17002,24.94407,000000006b087f40,27.28
168,2019-08-03T00:15:01Z,cf05623e4d87ce0906c0b0b7dbf53aacc1228016cd27c341228b6e76,60.18203,24.91341,00000000342570c2,16.1
169,2019-08-03T00:15:01Z,da3f8a9924ac789c223fe629d063aa23403ffed3bf8166bd44e4d0d0,60.16762,24.95415,000000006b44cce7,16.1
170,2019-08-03T00:15:01Z,de5d587c550dc3e559c6140c6d89ac6418eb8730b6e5082953cf1b75,60.16531,24.9442,00000000fdda10fe,5.91
171,2019-08-03T00:15:01Z,ea2af410359f5c862dbc71554cc0b6ea29d823a91db3209fcd2a8c76,60.16762,24.95415,000000006b44cce7,13.75
172,2019-08-03T00:15:01Z,f088630d7476dae7d4b7e2bb1f10575f2c89acb4b6e061f3d57c2b40,60.16531,24.9442,00000000fdda10fe,25.36
173,2019-08-03T00:15:01Z,fa174c07354fca0bb5a193097c3a41f5c79ba61efc1b2f1dd7ae2312,60.16762,24.95415,000000006b44cce7,11.7
174,2019-08-03T00:15:01Z,fc4f3a44235f1cfc7b53f14ba2da599976a5a0a220d23b852688e485,60.17919,24.95181,000000007b5207b6,23.56
175,2019-08-03T00:15:01Z,04d373ddce4e3377907b367e4f8b96c8f3c15614d41c0928b562515e,60.1538,24.95595,0000000038bf9618,4.94
176,2019-08-03T00:15:01Z,05dc172e338afd1f3037b21020f19386c5e25c22ba7b71c19f794258,60.16829,24.94214,00000000afef4555,25.36
177,2019-08-03T00:15:01Z,0be133927bd680eaf51ae2be0a596457828f79dca874f627b6f3cef5,60.17002,24.94407,000000006b087f40,20.28
178,2019-08-03T00:15:01Z,0f12735ced356d98e19e7c84f2ab41b57339d755dd9edc90b7dbda2b,60.17002,24.94407,000000006b087f40,23.56
179,2019-08-03T00:15:01Z,100db69ee28fd2ce777496bb668713c690c20cde2af8281dfeaa9087,60.16897,24.95222,00000000aa852af1,21.87
180,2019-08-03T00:15:01Z,1328564eee9521c3d49dbf4479e69f46024d2dc010a0f17a4ae03828,60.1538,24.95595,0000000038bf9618,12.69
181,2019-08-03T00:15:01Z,1609222874021ede6d2b779807ac2b8fc07f933f5c27580078417165,60.1538,24.95595,0000000038bf9618,27.28
182,2019-08-03T00:15:01Z,18674bec29cf231339b3528ad5740050340ca40a0d5cc91cfbcc1ca1,60.1538,24.95595,0000000038bf9618,17.4
183,2019-08-03T00:15:01Z,1eb93904b9485cf2691e7b6058b66cc400318b6d62d3f39b86aac2bf,60.16762,24.95415,000000006b44cce7,25.36
184,2019-08-03T00:15:01Z,1f234b2dde6fc5db06631e8b207bd87d140b9cc5c3996124bf952f20,60.16629,24.95957,00000000fb7600be,18.79
185,2019-08-03T00:15:01Z,2142821dbdfd0c8de0dfc0067db2d17aa9b3989b72fc0f1e8db8cf04,60.15432,24.9211,0000000019fb59c4,16.1
186,2019-08-03T00:15:01Z,25b9a688fda1515f9ff250d01f89c4491af81e3721b9b2348d88d2e3,60.16762,24.95415,000000006b44cce7,21.87
187,2019-08-03T00:15:01Z,2a502e27359a9ea4fdcf88ce068ff802cf04736ce15441be5354f3ea,60.17918,24.95141,00000000675d5200,11.7
188,2019-08-03T00:15:01Z,2b32f7c4ca8e8d620d956253ba0d94f3c9d161b4f87f0e5dd4a432dc,60.16531,24.9442,00000000fdda10fe,7.69
189,2019-08-03T00:15:01Z,2c5a86f33c58a0bfc723847a69a735337297f1f6396c54ab2d93a1c8,60.1538,24.95595,0000000038bf9618,33.81
190,2019-08-03T00:15:01Z,33adff7c913f85b0003db7d8b5fb397a892cf43f7a8fca71efff26cd,60.17002,24.94407,000000006b087f40,20.28
191,2019-08-03T00:15:01Z,3a6de0594a2985ed64218c810b397abdcf4c0954462b044a50ebf8dc,60.1538,24.95595,0000000038bf9618,9.12
192,2019-08-03T00:15:01Z,3aa554b60bf70db0e04f0bdf6cfe49f2026829a5216a8c0d64d1434e,60.1538,24.95595,0000000038bf9618,11.7
193,2019-08-03T00:15:01Z,3ac0fcb037f2c177ebab8b811a2283ca76faaff6baa85ca39716ef41,60.1538,24.95595,0000000038bf9618,16.1
194,2019-08-03T00:15:01Z,3c059a3a4267b7060c9417ace61b408c312db92a633ad44877d62431,60.16897,24.95222,00000000aa852af1,14.89
195,2019-08-03T00:15:01Z,3cd1dde21046aeb5322c17ae6196f3630e0e5ee9b0105c3a7c853ac7,60.17002,24.94407,000000006b087f40,20.28
196,2019-08-03T00:15:01Z,40c1e6f756e4953dc10c6781b16961768c7f255e088a8296297ded8d,60.1538,24.95595,0000000038bf9618,16.1
197,2019-08-03T00:15:01Z,4316656f205a8b89aac95e4cdb62aff3ac5101359fdd237b89627166,60.16531,24.9442,00000000fdda10fe,16.1
198,2019-08-03T00:15:01Z,43c07f66de0d495c7f2af55a7c8ac488c4275e3a929159b955292a54,60.1538,24.95595,0000000038bf9618,9.12
199,2019-08-03T00:15:01Z,47fb1d44ab56f44efe34dd9a1922020359bb39f796a900b4496a548a,60.16531,24.9442,00000000fdda10fe,9.92
200,2019-08-03T00:15:01Z,4b59894ed1a31418531311196b43dd31e86600deccfa9dd9e14b1de9,60.1538,24.95595,0000000038bf9618,20.28
201,2019-08-03T00:15:01Z,570ddef8ea8c53c1a0e2ddb22dec44518ff6ce13e6d8265ec365a66d,60.1538,24.95595,0000000038bf9618,44.58
202,2019-08-03T00:15:01Z,584cb0b0cdd14e608c8b57c8aecc9826f9b40027e365e2438a444ea2,60.16762,24.95415,000000006b44cce7,10.78
203,2019-08-03T00:15:01Z,5880fafb24e9f446686bf30b30b2806a19127606d476c63c2dff7e02,60.1538,24.95595,0000000038bf9618,20.28
204,2019-08-03T00:15:01Z,62b3d7f4e9feb930b5bcc8228543b2325bfbaa13681cb2426419c223,60.17002,24.94407,000000006b087f40,21.87
205,2019-08-03T00:15:01Z,631c9af1c491a004e506d00ef3ed5f790b2ac6e57005d3e7d8ac4246,60.1538,24.95595,0000000038bf9618,7.69
206,2019-08-03T00:15:01Z,69fb5575d05fab63effb6533736b08e61aab369155fb66ea44f2c3e4,60.1538,24.95595,0000000038bf9618,9.12
207,2019-08-03T00:15:01Z,72356924217bde1065538629621a7e3adfbfe2f16ceaea114fdcd4c3,60.14947,24.91438,000000004ef3150d,9.92
208,2019-08-03T00:15:01Z,74cb545f76f0bfc5498607247e26e814276a11ce91f77208054ecbc5,60.17002,24.94407,000000006b087f40,23.56
209,2019-08-03T00:15:01Z,750a09fe52923361f9861cf317c612689c466136a77b10f6a74ad294,60.17002,24.94407,000000006b087f40,29.32
210,2019-08-03T00:15:01Z,7703ccb7a569df1632a4101ec1447199e48ccab817c436f49a6064b2,60.1538,24.95595,0000000038bf9618,14.89
211,2019-08-03T00:15:01Z,7d0cef5aac7d1c3c978f7bd86d6ace3547ad4ab736ffc6f6d7d91893,60.16531,24.9442,00000000fdda10fe,4.11
212,2019-08-03T00:15:01Z,8535fb4a79359623c56a2264e276b218ec5eb2dab39dbd1e45f7f2d5,60.1538,24.95595,0000000038bf9618,12.69
213,2019-08-03T00:15:01Z,85850db0696b8ec1867c0c629a2779fc334e66b6c39b45dca2bd5633,60.16829,24.94214,00000000afef4555,21.87
214,2019-08-03T00:15:01Z,878cf758034944e70ae42a98d567126935917b5d61a073e38f817b76,60.1538,24.95595,0000000038bf9618,16.1
215,2019-08-03T00:15:01Z,8962c21eddea75feaceab6fdd99b150cb34c64c955415ae2c6681f90,60.16762,24.95415,000000006b44cce7,17.4
216,2019-08-03T00:15:01Z,8a3363d0e1b733f427d1ac94dc048c9f2a0ba2131622ed77f573e8cc,60.1538,24.95595,0000000038bf9618,25.36
217,2019-08-03T00:15:01Z,8d40d1aa67bdf56cdaeff34b2b6e5a9952c78ebb443e609ddf2a9f9a,60.1538,24.95595,0000000038bf9618,10.78
218,2019-08-03T00:15:01Z,9344b7d738e5426869b2acf8d43d1d6f1c30b4d0df9d89e7b943694a,60.1538,24.95595,0000000038bf9618,27.28
219,2019-08-03T00:15:01Z,940b5d8803d8353dfeaa475c67e620ded78327a10156848a7ed3338f,60.1538,24.95595,0000000038bf9618,16.1
220,2019-08-03T00:15:01Z,9d6089bad369e1239b49d9ddd2154f6e9f8d073d7a826945aab44c7b,60.14947,24.91438,000000004ef3150d,8.38
221,2019-08-03T00:15:01Z,9dd667e157cd58cdb00bddc4ac1006a43d2a28ef9b22dd89289d1513,60.1538,24.95595,0000000038bf9618,23.56
222,2019-08-03T00:15:01Z,9f7a7e8a85fa48b85f7da90128d535cbd7b2dc35f46a8be837d80c44,60.1538,24.95595,0000000038bf9618,16.1
223,2019-08-03T00:15:01Z,a061b123b9d19ddcd6617af2afda852599afa6b5216378977d78b315,60.1538,24.95595,0000000038bf9618,13.75
224,2019-08-03T00:15:01Z,a68b3ce9a81f81a3aff45c4b7d357294246c7bb8a348495853851d90,60.1538,24.95595,0000000038bf9618,27.28
225,2019-08-03T00:15:01Z,a7b0f7c03a1d531d308bbf8a36e4a5995b4b495ad27069d0709d5d8b,60.1538,24.95595,0000000038bf9618,23.56
226,2019-08-03T00:15:01Z,a7bb63504d647b8e26052477c673d8ffe138e6b4a6087b50490105a4,60.149,24.9843,00000000fffb8cf0,36.27
227,2019-08-03T00:15:01Z,ad0f12b7541a55165291a91b42972dfb6792f8b889d38c553de8b301,60.1538,24.95595,0000000038bf9618,20.28
228,2019-08-03T00:15:01Z,ae54811f178b7897fdc5b51f7d394b8a8e56050369f7b13e5ee0afc1,60.1538,24.95595,0000000038bf9618,33.81
229,2019-08-03T00:15:01Z,b07cf682a1c2a1ce454144db18281b5ed9a6091253e1b3bb72e62b4d,60.16762,24.95415,000000006b44cce7,14.89
230,2019-08-03T00:15:01Z,b7d783f6e507ea6938c432697702ea838213464bfc839112b4361cf4,60.1538,24.95595,0000000038bf9618,7.05
231,2019-08-03T00:15:01Z,b87e6fc8912b70e2b823be2eedcf3b570911a253a1022c8cb956cd74,60.1538,24.95595,0000000038bf9618,11.7
232,2019-08-03T00:15:01Z,bc00f8aad0564f24a8b8e9ca824736eba31f1bedd01aec42af93a936,60.17002,24.94407,000000006b087f40,29.32
233,2019-08-03T00:15:01Z,bc06e54fefcedc75fbbe816d9773ff79338e20f01833c51a95027d47,60.1538,24.95595,0000000038bf9618,14.89
234,2019-08-03T00:15:01Z,bdebb08a4a09cdf75649b596471bcb8dc72644b1a652736376e51edf,60.16531,24.9442,00000000fdda10fe,10.78
235,2019-08-03T00:15:01Z,be1a14a4dd48dc76dde4593e471841a0667db8e9836fcf8d67b0a72b,60.1538,24.95595,0000000038bf9618,6.46
236,2019-08-03T00:15:01Z,c095e2b844c0ff07c578b3b68bbc455ee32847b311fe64786a48de81,60.17002,24.94407,000000006b087f40,27.28
237,2019-08-03T00:15:01Z,c52c73b33f452a60745772b51a5ebb87f61d53caed9630782c110f43,60.1538,24.95595,0000000038bf9618,33.81
238,2019-08-03T00:15:01Z,c628a4534316a0de86b43f8dea506e262e35383f1d685125ae200693,60.1538,24.95595,0000000038bf9618,20.28
239,2019-08-03T00:15:01Z,c672788585dba5075b03cfcdd856df5cd50deb2b465815ab3ef0bce0,60.17918,24.95141,00000000675d5200,27.28
240,2019-08-03T00:15:01Z,ca3584e17d37756781d8d9f625b436472886a56ebcef331bf9870768,60.14699,24.922,00000000a53ed894,17.4
241,2019-08-03T00:15:01Z,ca3f39b7eeeaee8d26e8babfb75bde851751dfa9ff44e1ff0c007fd3,60.1538,24.95595,0000000038bf9618,25.36
242,2019-08-03T00:15:01Z,cb5cb6a906042fccb6f5dea49991c21a9fe39f9e8247532f670d74ee,60.1538,24.95595,0000000038bf9618,23.56
243,2019-08-03T00:15:01Z,cc02b07710b2bb1160e8fc4d08c672d7a3d910361df0361fd74cb623,60.1538,24.95595,0000000038bf9618,29.32
244,2019-08-03T00:15:01Z,cd19a495bd463dfedc3d1cedf61dfb277a21d45e4480bf993a50737d,60.1538,24.95595,0000000038bf9618,11.7
245,2019-08-03T00:15:01Z,d2563db17634cada7b7c587c490ece77f23c178c67673932c3dea11f,60.16531,24.9442,00000000fdda10fe,3.4
246,2019-08-03T00:15:01Z,db6f4f6ff91fbc86d2d96b3f8e4cfe2df76f40470192c85dab05f785,60.17002,24.94407,000000006b087f40,44.58
247,2019-08-03T00:15:01Z,dcf2e84ffdb5e551f2afad33420c28aee8ae50b3b081f9cd1b8ef23e,60.1538,24.95595,0000000038bf9618,16.1
248,2019-08-03T00:15:01Z,dd91c0e5704e58295ed36fb375b798250c7b9430ff7f987c9dc1130d,60.1538,24.95595,0000000038bf9618,11.7
249,2019-08-03T00:15:01Z,deddb37a8fcae3d246dca99004efd1ff6621a070ada52c0101f4aab3,60.16544,24.95398,0000000038d83d41,14.89
250,2019-08-03T00:15:01Z,e5fb0bf4a43eb9136157466977db3300e3c3ccbbf69423951c922fab,60.1538,24.95595,0000000038bf9618,5.41
251,2019-08-03T00:15:01Z,e609a6f5fc5fcce4c9ac0af13e1b5ba380ca4e120d45924e7253f6c2,60.17002,24.94407,000000006b087f40,27.28
252,2019-08-03T00:15:01Z,f0ab8766f1e802b9fdc599271e999b326fe775b8635070ddee1b7ffe,60.1538,24.95595,0000000038bf9618,20.28
253,2019-08-03T00:15:01Z,f184631595cda9cb8e389260a614bdc4fb0ddda20dee6b2b497244b5,60.1538,24.95595,0000000038bf9618,16.1
254,2019-08-03T00:15:01Z,f19ffff5eae00755aebcabe47a69bb857a8d5213895af43a5bd45db7,60.1538,24.95595,0000000038bf9618,27.28
255,2019-08-03T00:15:01Z,f28dca15479f91cf1c2d57b6e0ee6219840e78d9ef18bf1ac79e3566,60.1538,24.95595,0000000038bf9618,14.89
256,2019-08-03T00:15:01Z,f2cb173309410209aadd51bf14398aaeddaf022be9b1d14382684a16,60.17002,24.94407,000000006b087f40,29.32
257,2019-08-03T00:15:01Z,f62d97579a5524080d1bd2e372fe694f4c238bc732512614c39702a4,60.16762,24.95415,000000006b44cce7,13.75
258,2019-08-03T00:15:01Z,f62ebd0ed0196afaa43eb9653f5f69b0fcd15f054ad92a1c48d944a2,60.16629,24.95957,00000000fb7600be,27.28
259,2019-08-03T00:15:01Z,f9399339c3de44774896319d3f291771cebcaf2666df1d6062469882,60.16531,24.9442,00000000fdda10fe,20.28
260,2019-08-03T00:15:02Z,03e0fc996a589ccdf1871b3c78e089c08c93ba1f2a02d740fb384aac,60.16531,24.9442,00000000fdda10fe,23.56
261,2019-08-03T00:15:02Z,072dc794e212cfe9866e1242d801701f299d36f4aea2da25e22246cc,60.16762,24.95415,000000006b44cce7,9.92
262,2019-08-03T00:15:02Z,0a14c5d2b78ccdcf2d3a340ea5154a0a10b0befebb1fd0dc3ae4d6a6,60.16829,24.94214,00000000afef4555,20.28
263,2019-08-03T00:15:02Z,11881d6fc4d60023a5faa152e5e173d13804ebda525625de58e1ff83,60.16762,24.95415,000000006b44cce7,18.79
264,2019-08-03T00:15:02Z,14c7e1511b70f4dd3359cbece1377aebb4d70531f5489eefe53d7c3c,60.16544,24.95398,0000000038d83d41,23.56
265,2019-08-03T00:15:02Z,1d513a9eda6958eaa6394ca7a03bb7c0beb946191e40ea22378b96fa,60.16762,24.95415,000000006b44cce7,10.78
266,2019-08-03T00:15:02Z,2448a4a7bacce376bf9041799fcd0ba60e3c1179e1fdfc9d7463f44f,60.15432,24.9211,0000000019fb59c4,47.69
267,2019-08-03T00:15:02Z,2596202d2c842b8546832c3b5ad0c64635e1d0e2b48133a1581da93e,60.16829,24.94214,00000000afef4555,21.87
268,2019-08-03T00:15:02Z,27391f5fe0d6372b87fd8909e6325800f7d4a552f40b0bad20ffa5f0,60.16762,24.95415,000000006b44cce7,13.75
269,2019-08-03T00:15:02Z,297c725b456ef12d2712634b21546721cbe93224d3a5762d897404f2,60.16762,24.95415,000000006b44cce7,11.7
270,2019-08-03T00:15:02Z,2a93b61a3863ace54349d7a0937e4134fcc6d4dfcf064eefae2b7cf8,60.15432,24.9211,0000000019fb59c4,17.4
271,2019-08-03T00:15:02Z,2af9f18ec38ddcce3e687bdf1a0e3d95da68f65a2028ee4a3bdeddab,60.15432,24.9211,0000000019fb59c4,29.32
272,2019-08-03T00:15:02Z,3193ebc4e01b4451b1242fd69a62b4a3af31c0150312780985ad1d1a,60.16762,24.95415,000000006b44cce7,11.7
273,2019-08-03T00:15:02Z,43b676ed3aef4c2d8846694817e76117873be52e7f788e0cb366c1c4,60.16629,24.95957,00000000fb7600be,23.56
274,2019-08-03T00:15:02Z,52f6a3a3aa57239ef1fb406b6d276ffea0771b2d59b02598092b8971,60.16762,24.95415,000000006b44cce7,16.1
275,2019-08-03T00:15:02Z,5bbb5184fded3e51bc78e45e39917794285e6bbc72da404802a9599a,60.16531,24.9442,00000000fdda10fe,33.81
276,2019-08-03T00:15:02Z,5c7fc0928d0dde3ef172b9c1d75c47029e423dd8b11dce183b2b613a,60.16762,24.95415,000000006b44cce7,20.28
277,2019-08-03T00:15:02Z,5d65719c4cbf045f068d084b72302f447d5fd034413d97d13be00d0e,60.18203,24.91341,00000000342570c2,17.4
278,2019-08-03T00:15:02Z,5e949d74f5d299b302e8a43cfeaa887af012fb17b3d7834f07c59efe,60.17002,24.94407,000000006b087f40,23.56
279,2019-08-03T00:15:02Z,5eed115a984d490b02b602d73787aee8dc8c4e9365b77fbff3818a76,60.16629,24.95957,00000000fb7600be,18.79
280,2019-08-03T00:15:02Z,6066632ddc94b5c482a2d4f45ed2532e55e3fd63e414a084a596a737,60.16762,24.95415,000000006b44cce7,17.4
281,2019-08-03T00:15:02Z,66dabd3229229330d23c70e9e1737429ddfe69db01f4a6a00f70fa20,60.16762,24.95415,000000006b44cce7,21.87
282,2019-08-03T00:15:02Z,6ff437688c444238352c28f64f9d2a7d0f14d19c9ea42c225380501e,60.16762,24.95415,000000006b44cce7,21.87
283,2019-08-03T00:15:02Z,747f2d1ebff218c0ebbdc0fdaef4cbe56633dfb46ae1b1f8c8142201,60.16762,24.95415,000000006b44cce7,17.4
284,2019-08-03T00:15:02Z,77839e655f856d5295739c2388237a95b399c3b8a4f659cd1345d939,60.16829,24.94214,00000000afef4555,27.28
285,2019-08-03T00:15:02Z,87dfaad29a9276ddddb1fa021d3bc23ad14824c1af16f7d87e713689,60.14951,24.92138,0000000006dd41f6,9.92
286,2019-08-03T00:15:02Z,89eb0ceacf045c977620b367105bca866d88eac38cc218f77442eeda,60.16829,24.94214,00000000afef4555,13.75
287,2019-08-03T00:15:02Z,8c75c3289c84fe4493e1e272a77b615fe1985880c5dc68a7c1a17b53,60.16762,24.95415,000000006b44cce7,9.92
288,2019-08-03T00:15:02Z,8ff60f950161ed884860c37d18e95c683a57d568528f4083008a5dd8,60.15432,24.9211,0000000019fb59c4,14.89
289,2019-08-03T00:15:02Z,91d3b80de4439a4a49ddb8a04d72a0a2ec6c08f351d70232842af567,60.16762,24.95415,000000006b44cce7,27.28
290,2019-08-03T00:15:02Z,94512cd21b284eddaddc0be0d385bf5072dbeaa7e3eb345b3c161aa6,60.16762,24.95415,000000006b44cce7,18.79
291,2019-08-03T00:15:02Z,9843c6216661048343a0e49cf3d8aa2883cf77f452666a1c873a1052,60.16448,24.97323,0000000053c6c2be,14.89
292,2019-08-03T00:15:02Z,a406256e97e44cd5d29d17c9e83901297c54bc0b9f5950341e2b23e8,60.16762,24.95415,000000006b44cce7,13.75
293,2019-08-03T00:15:02Z,a91d379a4b57c5df22db0d7a041ff69f657b4b31f28554b1011fc03c,60.16544,24.95398,0000000038d83d41,27.28
294,2019-08-03T00:15:02Z,b33ae7715d6d2571066655c2c8954a5a364b5601869047de83410d9f,60.16629,24.95957,00000000fb7600be,20.28
295,2019-08-03T00:15:02Z,b4faf2d3c4d2b199afeab6ab63b583fe3a2e81e14abbef6917f25129,60.15432,24.9211,0000000019fb59c4,9.92
296,2019-08-03T00:15:02Z,b5fd6b317890e5ab2d79e2cd1abe61626d45a753c7337d0d40728898,60.16762,24.95415,000000006b44cce7,8.38
297,2019-08-03T00:15:02Z,bb52abe4edeb7604c7a55e84373a051fe6adeac1849883eb0877f237,60.15432,24.9211,0000000019fb59c4,9.12
298,2019-08-03T00:15:02Z,bb98768dad0f7c52cf643f035a3e7e48f5cfe28557c66f2a75914b31,60.15432,24.9211,0000000019fb59c4,16.1
299,2019-08-03T00:15:02Z,c0f4fab6444e2374d8f07376b5132573fc3803066d1519bbcd319f42,60.15432,24.9211,0000000019fb59c4,21.87
300,2019-08-03T00:15:02Z,c40c37def6bf11a63a2556519a7c6233fd417cdeea2cf14f28e7c42c,60.16531,24.9442,00000000fdda10fe,17.4
301,2019-08-03T00:15:02Z,cf05623e4d87ce0906c0b0b7dbf53aacc1228016cd27c341228b6e76,60.18203,24.91341,00000000342570c2,16.1
302,2019-08-03T00:15:02Z,da3f8a9924ac789c223fe629d063aa23403ffed3bf8166bd44e4d0d0,60.16762,24.95415,000000006b44cce7,20.28
303,2019-08-03T00:15:02Z,de5d587c550dc3e559c6140c6d89ac6418eb8730b6e5082953cf1b75,60.16531,24.9442,00000000fdda10fe,4.11
304,2019-08-03T00:15:02Z,ea2af410359f5c862dbc71554cc0b6ea29d823a91db3209fcd2a8c76,60.16762,24.95415,000000006b44cce7,13.75
305,2019-08-03T00:15:02Z,ed70dda6b7faebd4340dacdb452ab224d9d3c308df417b7fa76f54e8,60.14951,24.92138,0000000006dd41f6,21.87
306,2019-08-03T00:15:02Z,f088630d7476dae7d4b7e2bb1f10575f2c89acb4b6e061f3d57c2b40,60.16531,24.9442,00000000fdda10fe,31.5
307,2019-08-03T00:15:02Z,fa174c07354fca0bb5a193097c3a41f5c79ba61efc1b2f1dd7ae2312,60.16762,24.95415,000000006b44cce7,12.69
308,2019-08-03T00:15:02Z,fc4f3a44235f1cfc7b53f14ba2da599976a5a0a220d23b852688e485,60.17919,24.95181,000000007b5207b6,12.69
309,2019-08-03T00:15:02Z,04d373ddce4e3377907b367e4f8b96c8f3c15614d41c0928b562515e,60.1538,24.95595,0000000038bf9618,3.74
310,2019-08-03T00:15:02Z,05dc172e338afd1f3037b21020f19386c5e25c22ba7b71c19f794258,60.16829,24.94214,00000000afef4555,23.56
311,2019-08-03T00:15:02Z,0be133927bd680eaf51ae2be0a596457828f79dca874f627b6f3cef5,60.17002,24.94407,000000006b087f40,25.36
312,2019-08-03T00:15:02Z,100db69ee28fd2ce777496bb668713c690c20cde2af8281dfeaa9087,60.16897,24.95222,00000000aa852af1,20.28
313,2019-08-03T00:15:02Z,1328564eee9521c3d49dbf4479e69f46024d2dc010a0f17a4ae03828,60.1538,24.95595,0000000038bf9618,21.87
314,2019-08-03T00:15:02Z,1609222874021ede6d2b779807ac2b8fc07f933f5c27580078417165,60.1538,24.95595,0000000038bf9618,25.36
315,2019-08-03T00:15:02Z,18674bec29cf231339b3528ad5740050340ca40a0d5cc91cfbcc1ca1,60.1538,24.95595,0000000038bf9618,10.78
316,2019-08-03T00:15:02Z,1dacfb371d75dd4f90f447aac2a00faad98beb4188a6971c19eb2375,60.16629,24.95957,00000000fb7600be,31.5
317,2019-08-03T00:15:02Z,1f234b2dde6fc5db06631e8b207bd87d140b9cc5c3996124bf952f20,60.16629,24.95957,00000000fb7600be,23.56
318,2019-08-03T00:15:02Z,2a502e27359a9ea4fdcf88ce068ff802cf04736ce15441be5354f3ea,60.17918,24.95141,00000000675d5200,11.7
319,2019-08-03T00:15:02Z,2b32f7c4ca8e8d620d956253ba0d94f3c9d161b4f87f0e5dd4a432dc,60.16531,24.9442,00000000fdda10fe,10.78
320,2019-08-03T00:15:02Z,3a6de0594a2985ed64218c810b397abdcf4c0954462b044a50ebf8dc,60.1538,24.95595,0000000038bf9618,12.69
321,2019-08-03T00:15:02Z,3aa554b60bf70db0e04f0bdf6cfe49f2026829a5216a8c0d64d1434e,60.1538,24.95595,0000000038bf9618,14.89
322,2019-08-03T00:15:02Z,3c059a3a4267b7060c9417ace61b408c312db92a633ad44877d62431,60.16897,24.95222,00000000aa852af1,21.87
323,2019-08-03T00:15:02Z,3cd1dde21046aeb5322c17ae6196f3630e0e5ee9b0105c3a7c853ac7,60.17002,24.94407,000000006b087f40,18.79
324,2019-08-03T00:15:02Z,40c1e6f756e4953dc10c6781b16961768c7f255e088a8296297ded8d,60.1538,24.95595,0000000038bf9618,7.69
325,2019-08-03T00:15:02Z,4316656f205a8b89aac95e4cdb62aff3ac5101359fdd237b89627166,60.16531,24.9442,00000000fdda10fe,16.1
326,2019-08-03T00:15:02Z,435c7e33f53bb1c43ea47398ec80c7bd843d51812ac04954494f3217,60.17065,24.93641,000000000f4919c9,21.87
327,2019-08-03T00:15:02Z,43c07f66de0d495c7f2af55a7c8ac488c4275e3a929159b955292a54,60.1538,24.95595,0000000038bf9618,8.38
