,time,hash,latitude,longitude,serial,distance
0,2019-08-03T14:15:00Z,072dc794e212cfe9866e1242d801701f299d36f4aea2da25e22246cc,60.16762,24.95415,000000006b44cce7,10.78
1,2019-08-03T14:15:00Z,14c7e1511b70f4dd3359cbece1377aebb4d70531f5489eefe53d7c3c,60.16544,24.95398,0000000038d83d41,27.28
2,2019-08-03T14:15:00Z,163ca4044426aba8ec89b9be48e143c43c55c07b5de543e88deae1d7,60.14951,24.92138,0000000006dd41f6,29.32
3,2019-08-03T14:15:00Z,16c63c1c94ce9b90b8ff6641daeae8d35d381a7cf9a206afd57b6844,60.16629,24.95957,00000000fb7600be,17.4
4,2019-08-03T14:15:00Z,1b3df50282c134d702ae1e714e08e2e6a4982964dd289521dbe4127a,60.16829,24.94214,00000000afef4555,0.34
5,2019-08-03T14:15:00Z,20ce0937d108f683512796788985d514c3ce81af59d1f3641e42a8fa,60.1538,24.95595,0000000038bf9618,31.5
6,2019-08-03T14:15:00Z,26de65d427a6cf06bede354b422b30f09d665225688ed6470aa72cd4,60.16829,24.94214,00000000afef4555,0.28
7,2019-08-03T14:15:00Z,2c94897aa62344f630952ad6032f5d7976419125d126b15c1386c8b1,60.16897,24.95222,00000000aa852af1,11.7
8,2019-08-03T14:15:00Z,2d3f70bf9904705b22193edbe99c008905f24c3a9c9db1fd5cf19119,60.17002,24.94407,000000006b087f40,25.36
9,2019-08-03T14:15:00Z,42e12d64a8cd5ea0397dc4b8048356cfe8bb46f23a377a5a85b5927c,60.1538,24.95595,0000000038bf9618,31.5
10,2019-08-03T14:15:00Z,43b676ed3aef4c2d8846694817e76117873be52e7f788e0cb366c1c4,60.16629,24.95957,00000000fb7600be,27.28
11,2019-08-03T14:15:00Z,539cc07f8bb733a4c9a2c36b8832a2df40106b69e4c5966b0b4cedd7,60.16762,24.95415,000000006b44cce7,20.28
12,2019-08-03T14:15:00Z,54f040219b954e68101c83a5a6bacf046961c7a1d9a779fa291fa47b,60.17002,24.94407,000000006b087f40,11.7
13,2019-08-03T14:15:00Z,5b8da6887d8adad8b4ef0131af833a39b9cbf1c3b922269f92b4888c,60.17002,24.94407,000000006b087f40,20.28
14,2019-08-03T14:15:00Z,5bbb5184fded3e51bc78e45e39917794285e6bbc72da404802a9599a,60.16531,24.9442,00000000fdda10fe,31.5
15,2019-08-03T14:15:00Z,5d65719c4cbf045f068d084b72302f447d5fd034413d97d13be00d0e,60.18203,24.91341,00000000342570c2,20.28
16,2019-08-03T14:15:00Z,66dabd3229229330d23c70e9e1737429ddfe69db01f4a6a00f70fa20,60.16762,24.95415,000000006b44cce7,21.87
17,2019-08-03T14:15:00Z,6a657079c1bdc8114c289be1ddd83e5846d4279a920d1697b8ff0033,60.16762,24.95415,000000006b44cce7,9.92
18,2019-08-03T14:15:00Z,6a70e2fbced719333e21eff04fcb9cb36bae9a04d1a3d6ddd96f2c58,60.15432,24.9211,0000000019fb59c4,17.4
19,2019-08-03T14:15:00Z,6f06341f358e61699fe1e55e986dd0554bc8da28b91daf0c5ad99db6,60.16629,24.95957,00000000fb7600be,21.87
20,2019-08-03T14:15:00Z,747f2d1ebff218c0ebbdc0fdaef4cbe56633dfb46ae1b1f8c8142201,60.16762,24.95415,000000006b44cce7,16.1
21,2019-08-03T14:15:00Z,7856cd9a8241b470ce46295386b13c33e1948a956b3f18b7b3497cdb,60.17002,24.94407,000000006b087f40,29.32
22,2019-08-03T14:15:00Z,79f136afa0dd8717337c01c70b457c464aaf0fa25b440f51a394ec23,60.16762,24.95415,000000006b44cce7,16.1
23,2019-08-03T14:15:00Z,7a41c0da24cc7a006a46c9082bd764683040c87e785036dd79b668bb,60.16544,24.95398,0000000038d83d41,12.69
24,2019-08-03T14:15:00Z,7d72fc849a705cb5d35befda82b796f4b1f5bb45601fd0682887ca90,60.17918,24.95141,00000000675d5200,29.32
25,2019-08-03T14:15:00Z,7eb95e221c4bcf5ebc07b09afce9d2dee7bd215be805855b50a0c242,60.16762,24.95415,000000006b44cce7,23.56
26,2019-08-03T14:15:00Z,874f8f82c7188ee3a6354c77c494f6604e19b947d2e2239ba56bbd31,60.14947,24.91438,000000004ef3150d,17.4
27,2019-08-03T14:15:00Z,87dfaad29a9276ddddb1fa021d3bc23ad14824c1af16f7d87e713689,60.14951,24.92138,0000000006dd41f6,7.05
28,2019-08-03T14:15:00Z,8c75c3289c84fe4493e1e272a77b615fe1985880c5dc68a7c1a17b53,60.16762,24.95415,000000006b44cce7,11.7
29,2019-08-03T14:15:00Z,97b2585bf3a42e9fabc1935ca166c9ac17ea78b43e618b20824045eb,60.16544,24.95398,0000000038d83d41,25.36
30,2019-08-03T14:15:00Z,9843c6216661048343a0e49cf3d8aa2883cf77f452666a1c873a1052,60.16448,24.97323,0000000053c6c2be,20.28
31,2019-08-03T14:15:00Z,b531650be0ab9e39bac59714d21155e32f86dbcb08713b4fef6d15ed,60.16762,24.95415,000000006b44cce7,2.8
32,2019-08-03T14:15:00Z,b5fd6b317890e5ab2d79e2cd1abe61626d45a753c7337d0d40728898,60.16762,24.95415,000000006b44cce7,18.79
33,2019-08-03T14:15:00Z,b90577926dd52437738dad5f00d4049f63b26d870442dd6efe495a67,60.16829,24.94214,00000000afef4555,25.36
34,2019-08-03T14:15:00Z,bd423f0667c33016c9e4e9ae4db833ae16a0020e2006b3e307773bb4,60.16829,24.94214,00000000afef4555,13.75
35,2019-08-03T14:15:00Z,bd83bdf065383ada0f6486bd4cb707191ca6ad2172e9e2957b3ea5ed,60.16762,24.95415,000000006b44cce7,13.75
36,2019-08-03T14:15:00Z,bda6d5cf94a9fae3ffd02687367a635390a91e3f733fecbab7485c86,60.1538,24.95595,0000000038bf9618,18.79
37,2019-08-03T14:15:00Z,c40c37def6bf11a63a2556519a7c6233fd417cdeea2cf14f28e7c42c,60.16531,24.9442,00000000fdda10fe,31.5
38,2019-08-03T14:15:00Z,c9cb2b9de2b21abecad29584393bea94a97f282f234f310e2468d7a7,60.16075,24.95883,00000000f1124bca,33.81
39,2019-08-03T14:15:00Z,cf05623e4d87ce0906c0b0b7dbf53aacc1228016cd27c341228b6e76,60.18203,24.91341,00000000342570c2,23.56
40,2019-08-03T14:15:00Z,d7d27541c34e3406e97088bc25dfc224599f89cb41d2e32a0db86723,60.16762,24.95415,000000006b44cce7,7.69
41,2019-08-03T14:15:00Z,d8d25eff0de29dd7e128c42e81a525833ed6689c23a9ce61cc584fef,60.18203,24.91341,00000000342570c2,25.36
42,2019-08-03T14:15:00Z,db66daf875041285fd7cdc639afd6639daf9b8b9437ea13be466e94b,60.16629,24.95957,00000000fb7600be,21.87
43,2019-08-03T14:15:00Z,dc437995458235f83309f58287e98042e0f1996e20578a0651c572c7,60.16762,24.95415,000000006b44cce7,20.28
44,2019-08-03T14:15:00Z,e4e8a13251d8c14b6a050aeba5d232d564d6a599cf03d69cff37c38f,60.16544,24.95398,0000000038d83d41,18.79
45,2019-08-03T14:15:00Z,e6a26117471c519e8ea291a6e4fad4c62d6d66bae3396b37a697eb2d,60.15432,24.9211,0000000019fb59c4,18.79
46,2019-08-03T14:15:00Z,ed740f442f5b4c0b7c6278bf30f66d4063bbb308276e4106f8ffc8da,60.17065,24.93641,000000000f4919c9,18.79
47,2019-08-03T14:15:00Z,f088630d7476dae7d4b7e2bb1f10575f2c89acb4b6e061f3d57c2b40,60.16531,24.9442,00000000fdda10fe,25.36
48,2019-08-03T14:15:00Z,f6609ab1076b1105bb845595a03b41b8fbb282f79c337df5bbc9f841,60.14699,24.922,00000000a53ed894,11.7
49,2019-08-03T14:15:00Z,fc4f3a44235f1cfc7b53f14ba2da599976a5a0a220d23b852688e485,60.17919,24.95181,000000007b5207b6,21.87
50,2019-08-03T14:15:00Z,01205a841fec00691ce0eddb550d3b021fe2d76a3a81ac18b94f2efe,60.16448,24.97323,0000000053c6c2be,13.75
51,2019-08-03T14:15:00Z,0191f5b5afe05f7d5a5878c860283f2e095ed76c2f48ceb2c2914db0,60.17002,24.94407,000000006b087f40,14.89
52,2019-08-03T14:15:00Z,01a02b03cef3d70fce97ef1487609804accd9fe4635b80f53a9709f6,60.17065,24.93641,000000000f4919c9,23.56
53,2019-08-03T14:15:00Z,02069e83257714370cc5a4f24599499cd4a5d670968588d6bd1043c5,60.16762,24.95415,000000006b44cce7,7.05
54,2019-08-03T14:15:00Z,022b91932e06ac813bda6600a08a7300257f882dafda9d80e334c6e3,60.16829,24.94214,00000000afef4555,23.56
55,2019-08-03T14:15:00Z,033ac6d4c1d0e4db301f62d8c31dc9d5c33b4bc5865ff6471e6046dd,60.16829,24.94214,00000000afef4555,17.4
56,2019-08-03T14:15:00Z,0388c18a0823a3225258f6e4aa0a4b5bb0ea95f630ca3056c608e013,60.16897,24.95222,00000000aa852af1,27.28
57,2019-08-03T14:15:00Z,03bfa23bc1faab7ee81d8790e19edf8395325f7f646355ba64ec62f4,60.16829,24.94214,00000000afef4555,5.91
58,2019-08-03T14:15:00Z,05164bf9af12c64c3df4b216c152ffc017c89c27d322f969054fcf84,60.173,24.92524,0000000096918cfa,27.28
59,2019-08-03T14:15:00Z,0575d0d7bdb67d8464eab78d2428570766838240a181efd6565dfb6b,60.16897,24.95222,00000000aa852af1,23.56
60,2019-08-03T14:15:00Z,05a508ff689ad0319e48095ff34c4ff9840e7f3141588d2e2e8128dc,60.16762,24.95415,000000006b44cce7,20.28
61,2019-08-03T14:15:00Z,06b16c020c6fffd5645552bc9aac62c6a5f2407a5f34a4e615ec42c3,60.173,24.92524,0000000096918cfa,14.89
62,2019-08-03T14:15:00Z,06bbcdf9e8fc87d748b776667bd36f8ea54f28bf9ce854a48a4b9e2a,60.16762,24.95415,000000006b44cce7,7.69
63,2019-08-03T14:15:00Z,0a832b188a1b222aa57b8fd4244266f54e885897dc48b6facabf7ed4,60.15432,24.9211,0000000019fb59c4,9.12
64,2019-08-03T14:15:00Z,0c40ba5623f1ddab93688c9f055d0a8866af0c102a8336a5b9f86356,60.16829,24.94214,00000000afef4555,2.3
65,2019-08-03T14:15:00Z,0c6a1af6fc9c563830579850b85e7c1a9f05116a977c0e8ae04c2a12,60.173,24.92524,0000000096918cfa,21.87
66,2019-08-03T14:15:00Z,0cc23d342da5265c0da3296c1201deeef13e50c2e106b07e9d8e7a28,60.16762,24.95415,000000006b44cce7,9.92
67,2019-08-03T14:15:00Z,0d0f78d740c2cdb28a2a907defa66cf2b78c08ecab475049818d7778,60.16829,24.94214,00000000afef4555,16.1
68,2019-08-03T14:15:00Z,0e2a65700ad03655cd11c4df4b7048c29e42a512c03d8e7fa574eb27,60.16762,24.95415,000000006b44cce7,4.11
69,2019-08-03T14:15:00Z,0e8300e09bc2302fbd4a1cbaaf6563333d12fff04fc6e1dd21777698,60.16448,24.97323,0000000053c6c2be,10.78
70,2019-08-03T14:15:00Z,0ed2efd96ab985e589e34f3033d404c8989035b4e7cac12e0cc3809e,60.16829,24.94214,00000000afef4555,3.09
71,2019-08-03T14:15:00Z,0f2019e62d9afc6427839181ff2d68b63c6d077133b32ad2575034e0,60.16897,24.95222,00000000aa852af1,29.32
72,2019-08-03T14:15:00Z,0f7362405ebf420df118dfa91f1b475ccea62eeb71fe2acc5d960d38,60.16448,24.97323,0000000053c6c2be,20.28
73,2019-08-03T14:15:00Z,105c859ab54160169350857db9813ddc449fd8e00728c9e7d60d721f,60.16762,24.95415,000000006b44cce7,1.54
74,2019-08-03T14:15:00Z,10614068690fcb704d8078f6febb3e9a781967817f35b8c62b73f3e3,60.16762,24.95415,000000006b44cce7,20.28
75,2019-08-03T14:15:00Z,1100f4b13f9c691c0b60d5da7c06b8e7d749dbcaaeff2ed0cdbf9c00,60.149,24.9843,00000000fffb8cf0,14.89
76,2019-08-03T14:15:00Z,118d56e46ec205e0318290a09578c4fb2987c585b7e48ca7d7faf183,60.16762,24.95415,000000006b44cce7,16.1
77,2019-08-03T14:15:00Z,1247ed0bb4ff9e96a8d094ab205d834c7ef05a031cd42fa548472cc5,60.16762,24.95415,000000006b44cce7,14.89
78,2019-08-03T14:15:00Z,12d9c374da6ccb9b32c5f22f63e2bc22b34bb5a2cf98db12028d5df2,60.16531,24.9442,00000000fdda10fe,33.81
79,2019-08-03T14:15:00Z,13c0599ba076f180a82d26815afefb269783acde483b15e8e7858221,60.1638,24.96846,00000000d747f075,21.87
80,2019-08-03T14:15:00Z,142da0c68b748a17b781233134ac4ca32c902f94a277fe5b22fe0f1a,60.16829,24.94214,00000000afef4555,7.05
81,2019-08-03T14:15:00Z,14e649a40bbf75b02664267e9c4270e4eed3f7bd77adc5ddfc7796d6,60.16544,24.95398,0000000038d83d41,13.75
82,2019-08-03T14:15:00Z,154fe9a9b587b983c32bdf656e24d4419d94ff572db9f7118933494e,60.16448,24.97323,0000000053c6c2be,10.78
83,2019-08-03T14:15:00Z,16bf2b18f81ba3cd14222dfc40a566a0307d606b8de34ececb4ab0ce,60.16829,24.94214,00000000afef4555,17.4
84,2019-08-03T14:15:00Z,1763862bf44df410a90d244861f02e04e436d496981edade8085c040,60.17002,24.94407,000000006b087f40,20.28
85,2019-08-03T14:15:00Z,17f7f198b339e6df624af5b0da76f009862614acbcc0a9e4b56aee43,60.16531,24.9442,00000000fdda10fe,3.4
86,2019-08-03T14:15:00Z,18b46ab89be0be96b7175c8e4e3a82838a5ae38c3f1497b877cba1d1,60.16829,24.94214,00000000afef4555,12.69
87,2019-08-03T14:15:00Z,1aecf53752161a2c0e246a9458d2a27bdb5c0baa3b28af7ad5bcd316,60.16897,24.95222,00000000aa852af1,29.32
88,2019-08-03T14:15:00Z,1bf2ba0869101feeb9bf68ab4af16bdff3f2df6c558383264a8d2db0,60.15432,24.9211,0000000019fb59c4,14.89
89,2019-08-03T14:15:00Z,1d43861346ea7c5abf79abc77b35ecf697df5afedbb7453f447cbdb0,60.16448,24.97323,0000000053c6c2be,18.79
90,2019-08-03T14:15:00Z,1d9798ae64891a85a555b7beba9501cf52cf85578812044e177c14f7,60.17919,24.95181,000000007b5207b6,16.1
91,2019-08-03T14:15:00Z,1df29e22bce81e626819b51a683e127ffedf357a146d38d543058977,60.16829,24.94214,00000000afef4555,33.81
92,2019-08-03T14:15:00Z,1e6fc2d0e67aad92dea4457bffec34c2cf8db038b1f14e8385bddeb8,60.16629,24.95957,00000000fb7600be,17.4
93,2019-08-03T14:15:00Z,1efba5717dbe69a7f0d2eb15f9d34064b0c59647ce708745eb851393,60.16629,24.95957,00000000fb7600be,20.28
94,2019-08-03T14:15:00Z,1f0c0587e5a629a398e3923241b072476cb9c76b7cf7c3d50bedddb7,60.16762,24.95415,000000006b44cce7,9.12
95,2019-08-03T14:15:00Z,1fbf863478ceb82a873a3993ba313bc190b19a791b3b70c31b6f0c21,60.17002,24.94407,000000006b087f40,13.75
96,2019-08-03T14:15:00Z,251b31417fb55b386254ab20fff624967c5daf588616e5739b74b7fd,60.16448,24.97323,0000000053c6c2be,8.38
97,2019-08-03T14:15:00Z,2552a3150a30aa1932e8d7f7326a62a9bb664a1dbc9a1dc166868a06,60.16544,24.95398,0000000038d83d41,23.56
98,2019-08-03T14:15:00Z,264133df636b06059df4a7595d7387a504d4623bbb60bc96f7e073e6,60.16531,24.9442,00000000fdda10fe,4.11
99,2019-08-03T14:15:00Z,26f25e1025383edaa9911abd77019b8a3ef4c32b4b1614da1b4152b0,60.16762,24.95415,000000006b44cce7,18.79
100,2019-08-03T14:15:00Z,27e37d02e705dc2a68c080be56ff98b79457de9a5e577eb68c624e1a,60.15432,24.9211,0000000019fb59c4,9.12
101,2019-08-03T14:15:00Z,27fcf4b6f5d8da2f433794cf9d9491ea4729c00515d9cb1224928853,60.15432,24.9211,0000000019fb59c4,29.32
102,2019-08-03T14:15:00Z,282e71260f539b7a1759513e55e177eed6466922040ddd3735e3c52b,60.16762,24.95415,000000006b44cce7,7.05
103,2019-08-03T14:15:00Z,2901b3927a32dc981f9b5d72a956f61579ca5460c5980f0f286ae6f2,60.14947,24.91438,000000004ef3150d,36.27
104,2019-08-03T14:15:00Z,296af61a60801d2b318805eaa761dbc69f56d08d2a1b0e87f4db6091,60.16762,24.95415,000000006b44cce7,8.38
105,2019-08-03T14:15:00Z,2b0c14ae6f735a81485c0fea6fb5897e775a92accabc9ce76cf452cb,60.16762,24.95415,000000006b44cce7,10.78
106,2019-08-03T14:15:00Z,2b1bad76a6f324cba792d4f26554770985b419b83af0161c4622fd81,60.16829,24.94214,00000000afef4555,3.09
107,2019-08-03T14:15:00Z,2c3048a46ce47ac7399be86c77aff5695ef51505aaaf933de3fc59e1,60.16448,24.97323,0000000053c6c2be,20.28
108,2019-08-03T14:15:00Z,2d9aba0f3890e16738fb8ccd08cbffae3863deafe799c635dfa78003,60.16531,24.9442,00000000fdda10fe,23.56
109,2019-08-03T14:15:00Z,2e242eaec6bc27d30696c5e093d821393628bee52e99b51337350225,60.16829,24.94214,00000000afef4555,25.36
110,2019-08-03T14:15:00Z,2e348e333f1921152e6e25bba38910b2520e2651b4bcaa5065815475,60.16897,24.95222,00000000aa852af1,23.56
111,2019-08-03T14:15:00Z,3028f5615e847404356a56d98e8a8978ae176ab4c74e216209e3d8ab,60.16829,24.94214,00000000afef4555,12.69
112,2019-08-03T14:15:00Z,30e8d137b820e3c84e91b4282782240b72c99e17aaa9c3c97394e7b3,60.17065,24.93641,000000000f4919c9,7.05
113,2019-08-03T14:15:00Z,33ad8e6fcc131d7212435b4806ddd660459a545c79a89b306d240bcd,60.16531,24.9442,00000000fdda10fe,21.87
114,2019-08-03T14:15:00Z,33ade627b0719133611b649fe312b1e4b75b8ff7934d8e603bfe1324,60.16629,24.95957,00000000fb7600be,20.28
115,2019-08-03T14:15:00Z,34155890f309de6b83e87a5a5356d0f35a061d95605d8f4bbe4f2b29,60.17002,24.94407,000000006b087f40,3.74
116,2019-08-03T14:15:00Z,349014fcdfdfcd65991e6de3761cebc23cb572ca82d4818a0a5b521f,60.14951,24.92138,0000000006dd41f6,25.36
117,2019-08-03T14:15:00Z,3586f12157bed14e981585b8293a3c4466ea87b41799b3ca9c4c530e,60.17002,24.94407,000000006b087f40,29.32
118,2019-08-03T14:15:00Z,35a07f77ea977c6e5d83cdf60eb2e0fb0e1426bb775bf4a727b413a6,60.16531,24.9442,00000000fdda10fe,14.89
119,2019-08-03T14:15:00Z,38b1997b52752c8a443f71a3c3da35340289b61557ed015c94f35fb8,60.17002,24.94407,000000006b087f40,12.69
120,2019-08-03T14:15:00Z,3988e12c5fa07b2ec80906b870b34db2c7f340a090f1e3b043bb1f95,60.1538,24.95595,0000000038bf9618,18.79
121,2019-08-03T14:15:00Z,3a66d0c497a554f8cfba09e752532608c3f202c03c9dd84740122c0a,60.15432,24.9211,0000000019fb59c4,12.69
122,2019-08-03T14:15:00Z,3b0ea04a32f8f48adbd08f9808c6d26e7f98df33fd1a78d89c9efe81,60.149,24.9843,00000000fffb8cf0,38.87
123,2019-08-03T14:15:00Z,3c0921e00a1df3c4bc7ce9291eae52de3273e71beec8d3c42a788110,60.16629,24.95957,00000000fb7600be,11.7
124,2019-08-03T14:15:00Z,3c17150d2e3530fc041c4d5cadb7d9040b481d5175b65479948cca10,60.149,24.9843,00000000fffb8cf0,12.69
125,2019-08-03T14:15:00Z,3c4f81f614e76ec167c1baada60ce4ca24738ffae993b5572db248f4,60.16897,24.95222,00000000aa852af1,13.75
126,2019-08-03T14:15:00Z,3d270e4a0e71e43120cf0880c4fe2a16167076fd5f89dd87d2821266,60.1638,24.96846,00000000d747f075,14.89
127,2019-08-03T14:15:00Z,3d9098050b2058effd5fe8b9aeea6acb811d11153923f7d298686159,60.1538,24.95595,0000000038bf9618,8.38
128,2019-08-03T14:15:00Z,3e8181ad348cabf4043b072445a128afd8445943f3c5846bdfcc0878,60.17919,24.95181,000000007b5207b6,7.69
129,2019-08-03T14:15:00Z,4133afe603ef46f69e6f433005e9bd770f9544cca53a15ed84ae9115,60.16829,24.94214,00000000afef4555,12.69
130,2019-08-03T14:15:00Z,4156fa8381c282a674eadfeea5914affe1c32c61b093ef29e1defe66,60.173,24.92524,0000000096918cfa,9.92
131,2019-08-03T14:15:00Z,42730b199c13d72d010467f7d4330595b283ef9ee381a84e499bde16,60.17065,24.93641,000000000f4919c9,23.56
132,2019-08-03T14:15:00Z,433f7fbe97847fad9460253f398532297bf724a3d8e4db33fb0db487,60.16762,24.95415,000000006b44cce7,18.79
133,2019-08-03T14:15:00Z,43b6b5a7fa5a3c00d20a67f374a7d65efaab1d10812c147dced56043,60.16448,24.97323,0000000053c6c2be,29.32
134,2019-08-03T14:15:00Z,44294225d0f470ea25b9384a0bd4beb709da1d07a294189ed8ace6cc,60.16762,24.95415,000000006b44cce7,21.87
135,2019-08-03T14:15:00Z,4437fa43ed4dbab2fad989277e26f145731038a96bd78fb1c460ec2b,60.16897,24.95222,00000000aa852af1,29.32
136,2019-08-03T14:15:00Z,45feae1c2333de7656e243705ca501b56502e35b7abd62a49607c3a4,60.15432,24.9211,0000000019fb59c4,23.56
137,2019-08-03T14:15:00Z,467aa99f84de2450ba357368e696da8b84076b8fb0492c8dd87dff6b,60.17919,24.95181,000000007b5207b6,5.91
138,2019-08-03T14:15:00Z,472b422bac54179e6c385636c79efb7ae8f35883e225268966b05a3c,60.1538,24.95595,0000000038bf9618,20.28
139,2019-08-03T14:15:00Z,47747596b1f10a73589680e1f6dd03ba66621ccbe1ea264de5a08002,60.16531,24.9442,00000000fdda10fe,3.4
140,2019-08-03T14:15:00Z,493ea236a36319073e9c90416b9d422feba98b1318db3cd05bcb02be,60.16762,24.95415,000000006b44cce7,8.38
141,2019-08-03T14:15:00Z,4a36b690d343bca9e6b1bd3dba1346b11cf57216571a2853fbb0a3aa,60.1638,24.96846,00000000d747f075,23.56
142,2019-08-03T14:15:00Z,4b0c75f012d82f39c4aceac838f0f79dccb2e0156fb6cd4ddc42f4b5,60.16897,24.95222,00000000aa852af1,11.7
143,2019-08-03T14:15:00Z,4b3df0b7eb64b1482d8726001e7fff9434e1829980655353952f7c22,60.15432,24.9211,0000000019fb59c4,20.28
144,2019-08-03T14:15:00Z,4c7f7cb78156fe39054a5f8866c0f4fd9be30ea3e2c1f91775b4ec6a,60.16531,24.9442,00000000fdda10fe,13.75
145,2019-08-03T14:15:00Z,4cd4f8cfb1fbcec372b97989f44712f9380ba4935810f19bff267f3f,60.16544,24.95398,0000000038d83d41,25.36
146,2019-08-03T14:15:00Z,4cfc6f062afe3665017a48ba77c1df135bdfc727e1d4632d8fa79ee0,60.1638,24.96846,00000000d747f075,21.87
147,2019-08-03T14:15:00Z,4d6b3b9255b1cc455f1a5d6931e008b316e6e0701784aeb6453c1d8a,60.1538,24.95595,0000000038bf9618,27.28
148,2019-08-03T14:15:00Z,4d943df11c53dabc5a60730cce03397b3c13cebc2e1a62cf7f825e98,60.1638,24.96846,00000000d747f075,27.28
149,2019-08-03T14:15:00Z,4e0130cb54129d2ba6bda2856b754a2fff38d1650aab58701f44a636,60.16897,24.95222,00000000aa852af1,27.28
150,2019-08-03T14:15:00Z,4e15dd3f4a52a68c09863470f3b1852b907b9fe8101cf5c74889cc40,60.1638,24.96846,00000000d747f075,25.36
151,2019-08-03T14:15:00Z,4e2200331c6eadc5a7feaca1f3a845927b54798b7bf271029c8ae9fd,60.16762,24.95415,000000006b44cce7,13.75
152,2019-08-03T14:15:00Z,4f4cc14c3a87c65f8ed713a1ccfeb1ca43418dc7025667f9c4ecdc5a,60.16762,24.95415,000000006b44cce7,23.56
153,2019-08-03T14:15:00Z,4f8e6861e9d9029276796756295d68855915c0fd51564b50caeb5c19,60.16762,24.95415,000000006b44cce7,25.36
154,2019-08-03T14:15:00Z,4f94208e5938d2033ca274b13a944ad13d07b779e3dbcaafefdcfb03,60.1538,24.95595,0000000038bf9618,33.81
155,2019-08-03T14:15:00Z,4fcdd6196179cede99d08e3b05a376b6a38fc64f7b26f92ee3b9b58e,60.15432,24.9211,0000000019fb59c4,13.75
156,2019-08-03T14:15:00Z,5158834bfcd80380daa6b69c3aa1bf0f404cf2f9eb1b53b4fc2ec937,60.1638,24.96846,00000000d747f075,18.79
157,2019-08-03T14:15:00Z,552a95eceec415774e0f9deba7c7863e18edc3506648605938b78f98,60.16897,24.95222,00000000aa852af1,20.28
158,2019-08-03T14:15:00Z,55427c19fa723a142841472a7c59aa5dcceffb72150bc1820228fa6a,60.16762,24.95415,000000006b44cce7,7.69
159,2019-08-03T14:15:00Z,555ac96895bf021e5aed0c2d035afa422b39b689c9e887151ef5a61c,60.16897,24.95222,00000000aa852af1,16.1
160,2019-08-03T14:15:00Z,56a3338baf62d996e06239f09240a2bd1453fe29b3a4f9c0cb489a22,60.1638,24.96846,00000000d747f075,25.36
161,2019-08-03T14:15:00Z,584cb0b0cdd14e608c8b57c8aecc9826f9b40027e365e2438a444ea2,60.16762,24.95415,000000006b44cce7,11.7
162,2019-08-03T14:15:00Z,597fe8c80ab930137a884317268542251d53cb823dd139e4fe9e04d7,60.16829,24.94214,00000000afef4555,2.8
163,2019-08-03T14:15:00Z,5b2439432759cbf5ae88cb0a48e14aac0bd45fea90c4d0699bd5cfeb,60.16762,24.95415,000000006b44cce7,1.7
164,2019-08-03T14:15:00Z,5d1078a29f1c697a9dcc13823ee9fb63fcdb639ae9d8dc94f793f2c4,60.16531,24.9442,00000000fdda10fe,6.46
165,2019-08-03T14:15:00Z,5ee654b69cb8ae5f6ba2662490ad02b2214efaf1257c95ff277c4fd8,60.17919,24.95181,000000007b5207b6,18.79
166,2019-08-03T14:15:00Z,5f1bd8b61a10d195d5b5c6ddae083782660df298cc8da5440b3b10b3,60.16897,24.95222,00000000aa852af1,27.28
167,2019-08-03T14:15:00Z,60eac932a7b639072f167ba43ed3450e23e9daf77953b4eb842a73e6,60.17918,24.95141,00000000675d5200,27.28
168,2019-08-03T14:15:00Z,625aea0797aba475ea0c42bb56790b4040aa1f09d92beafe726601f5,60.17918,24.95141,00000000675d5200,18.79
169,2019-08-03T14:15:00Z,628d64427d8ce195cb61b2f1e9daf7137eba9be2d4bf2d37f4e8ab10,60.1638,24.96846,00000000d747f075,18.79
170,2019-08-03T14:15:00Z,6335f39d84e1ba399e7c488ef8bf4df0419992116572b4598b963adf,60.17919,24.95181,000000007b5207b6,10.78
171,2019-08-03T14:15:00Z,639f581cb992629ccde3cc79b649162a816a2259107cd30d24668d7a,60.17919,24.95181,000000007b5207b6,27.28
172,2019-08-03T14:15:00Z,649a2c8e4a04708ec8d3ff109b1a7d58675da4a493f03c5dbbddb256,60.16448,24.97323,0000000053c6c2be,20.28
173,2019-08-03T14:15:00Z,64f04fb1fd56448fe05282335d5fb7a44066a08f6f7d111b53717cce,60.15432,24.9211,0000000019fb59c4,10.78
174,2019-08-03T14:15:00Z,6588b56aaf6c435feb361ca2a82f2e51f0b4845db928108c88172907,60.16531,24.9442,00000000fdda10fe,2.08
175,2019-08-03T14:15:00Z,66251cc9d0337bd1af1a2d83c032e7b4edb3097278c4ea98f27e4f9e,60.16531,24.9442,00000000fdda10fe,2.54
176,2019-08-03T14:15:00Z,6709e90f0c6d125c598f6b7f318159ba1ac63d6e399391f90ad0406a,60.17919,24.95181,000000007b5207b6,12.69
177,2019-08-03T14:15:00Z,67413f0ebdb276f8f09830c541f3b62e2df53115b0a631cb3fb42116,60.16829,24.94214,00000000afef4555,11.7
178,2019-08-03T14:15:00Z,676c212613505aabd38a5aacce0386847e71a38371b816ee4018a7ed,60.16762,24.95415,000000006b44cce7,9.12
179,2019-08-03T14:15:00Z,689d48a1fd796776f03743b64848cb5a4361e555a2fed4809fc3c3de,60.16448,24.97323,0000000053c6c2be,18.79
180,2019-08-03T14:15:00Z,6a6754a5cc345d80e29415c563cdad9ed831dcc7a6fc1b5b8a233be6,60.1638,24.96846,00000000d747f075,12.69
181,2019-08-03T14:15:00Z,6c94020b4e21f6a1b7d3dc8d16c160b984cf2e45301edf98fd6630d5,60.16762,24.95415,000000006b44cce7,9.12
182,2019-08-03T14:15:00Z,6cae144aee2c25c12801d0c89617781b5e0ff460855e7d968d3581f7,60.16762,24.95415,000000006b44cce7,5.91
183,2019-08-03T14:15:00Z,6cb45b97551c7f3d2b7a3fff4ef5d3c0dd67a4471f953667dfead7d0,60.16897,24.95222,00000000aa852af1,13.75
184,2019-08-03T14:15:00Z,6e57fd19f7b0c373d117a9da6456d163b179561af797524d483d1b9c,60.17919,24.95181,000000007b5207b6,18.79
185,2019-08-03T14:15:00Z,6e5d357f231f5d8154a84c0ce7f76437cd42950e6ffca079247856b6,60.1538,24.95595,0000000038bf9618,4.11
186,2019-08-03T14:15:00Z,6eed8aa1a7770971b341da50861172580c589539dc53285f44d6455c,60.16448,24.97323,0000000053c6c2be,13.75
187,2019-08-03T14:15:00Z,70cd0257905a91dbeea10f35d1fc89a9c16a97cc827a90b955ffad39,60.17065,24.93641,000000000f4919c9,23.56
188,2019-08-03T14:15:00Z,717eab9795e458eeee67dfb865aeead870f6729bc8cec2c27ea57156,60.16829,24.94214,00000000afef4555,16.1
189,2019-08-03T14:15:00Z,75a822e9d3e083647b94a5d604efb1225e1d5d4f41621d4542585fe2,60.17002,24.94407,000000006b087f40,12.69
190,2019-08-03T14:15:00Z,7636558e141d1375ffa0687f7bb4c659934459f20e1b180b5108877d,60.16829,24.94214,00000000afef4555,11.7
191,2019-08-03T14:15:00Z,765a63c3a1b30822cc42e7c573bfcbb3e34f9770d0672d3de0e082b8,60.1538,24.95595,0000000038bf9618,13.75
192,2019-08-03T14:15:00Z,769fa5c4c261f48cb370e69cb8d44d9996e698c18b071c0cb5beee33,60.16762,24.95415,000000006b44cce7,18.79
193,2019-08-03T14:15:00Z,778d24db2c1d516f0e80f1de0d42a04ff1b030d82bf1fd3724ef5156,60.1638,24.96846,00000000d747f075,25.36
194,2019-08-03T14:15:00Z,78267cbc8aa5ee3a3692a0027ca0f31de2d9c5ec1c17dd2a29bffd33,60.17919,24.95181,000000007b5207b6,23.56
195,2019-08-03T14:15:00Z,78f283ff761a89d018c99007818aeaf238468efc8a055e74923fc59f,60.173,24.92524,0000000096918cfa,38.87
196,2019-08-03T14:15:00Z,7a0b85cee91901ee8c78c87153708959573a26ebd27f0346f329af5c,60.16448,24.97323,0000000053c6c2be,18.79
197,2019-08-03T14:15:00Z,7b3e7700e5d05ca1a8b78665dca79a6137b217db2b416a472fd42df0,60.17065,24.93641,000000000f4919c9,18.79
198,2019-08-03T14:15:00Z,7bf3d3df419867a4509784325a15ac238969f0942a5b090e89ebc1f5,60.16531,24.9442,00000000fdda10fe,29.32
199,2019-08-03T14:15:00Z,7c630ff3e6bdd6d4a704578d3c63b57ec8b82d6b40bf9838cf05387f,60.16762,24.95415,000000006b44cce7,8.38
200,2019-08-03T14:15:00Z,7c6566001f8d469212d8f1db86700e4b93ee9a0ece9b236c92aa33aa,60.16897,24.95222,00000000aa852af1,17.4
201,2019-08-03T14:15:00Z,7d9110e6f4115e2c0975e0a1d372838eefa235801e6de39b8f4b249e,60.14699,24.922,00000000a53ed894,36.27
202,2019-08-03T14:15:00Z,7e56a5a0112ad8f647cacc2c6cbcb0bcd9c89fe823a47de5db659a3a,60.15432,24.9211,0000000019fb59c4,14.89
203,2019-08-03T14:15:00Z,7efddd074e1292bc0888957a170c50851b08fd7a1eaf6318d27eba2f,60.14947,24.91438,000000004ef3150d,11.7
204,2019-08-03T14:15:00Z,803d11db282e55033dc6110a946027bf83cc1ff2036f96b53c3f2de0,60.173,24.92524,0000000096918cfa,18.79
205,2019-08-03T14:15:00Z,80a7a4e53ffb437e0967cdc3130ced2413cb3e001969e19af7df1e63,60.1638,24.96846,00000000d747f075,21.87
206,2019-08-03T14:15:00Z,81aabe340d1761de04a7ec113fdc05ae5ad05bdf877d0bfbf4fcac7f,60.16762,24.95415,000000006b44cce7,3.74
207,2019-08-03T14:15:00Z,81b4f4a1ad90f77fbcbefb0887c6f5306e4d29476130d149c4657109,60.16762,24.95415,000000006b44cce7,11.7
208,2019-08-03T14:15:00Z,8280d64e063c9254ca3ae41cfa0959fefeb430df7716fb8407b186ee,60.16531,24.9442,00000000fdda10fe,20.28
209,2019-08-03T14:15:00Z,8423768eb113f8e2f128a41a11188e7215b8e565e95f78cdf7e04845,60.16829,24.94214,00000000afef4555,11.7
210,2019-08-03T14:15:00Z,84566ead1607385850d5d76d9683cf58c906fa02799390aaf5b76602,60.15432,24.9211,0000000019fb59c4,10.78
211,2019-08-03T14:15:00Z,848e42cdc76c379400808fd59a5941fd48e2f9ef0145f4ab09c3f0b3,60.16762,24.95415,000000006b44cce7,20.28
212,2019-08-03T14:15:00Z,85574abc0cb53bb03f3d9e2ebf239b1b53e1eecf39584927818d3ed1,60.17002,24.94407,000000006b087f40,31.5
213,2019-08-03T14:15:00Z,85b70c4a2b44f871b56f8d80cdfe6e0b006fb95f2e1cc0f755e735bc,60.16897,24.95222,00000000aa852af1,27.28
214,2019-08-03T14:15:00Z,8614be485ce380a8870faca24c53f5d3e9110fcd26073c343bb1739a,60.16762,24.95415,000000006b44cce7,10.78
215,2019-08-03T14:15:00Z,868878b3b8a06e2690ed841f86c3cd909b6dc3a9afa49f205388a91e,60.16448,24.97323,0000000053c6c2be,10.78
216,2019-08-03T14:15:00Z,87601718f20b1c5c31dd95f05f4df8ed7fbe27c85a520f4bdd63a726,60.16829,24.94214,00000000afef4555,10.78
217,2019-08-03T14:15:00Z,885502731d39faac8fa39458c97a5952b44736d54cc0f47e5d386cbf,60.16448,24.97323,0000000053c6c2be,18.79
218,2019-08-03T14:15:00Z,88ebdafd81429b87de60b9235d92be5bf843000218f6ebd712f14869,60.14699,24.922,00000000a53ed894,31.5
219,2019-08-03T14:15:00Z,89bd43a2e260c2d47241b0a5fd1dec0d9068ecee28b28677da898d7c,60.16448,24.97323,0000000053c6c2be,20.28
220,2019-08-03T14:15:00Z,8a08c12c595c73c765a82aa587b20ffec271b9a1ccfb1c9fad7a137d,60.14947,24.91438,000000004ef3150d,4.11
221,2019-08-03T14:15:00Z,8baa01ce8d27a8333d70f3edc5560a9333097687ba8fa4211e0449cd,60.16448,24.97323,0000000053c6c2be,14.89
222,2019-08-03T14:15:00Z,8baf85bdfa236c56bed8695ed501fc063e4f8171e78aca8f70c1d9a1,60.14699,24.922,00000000a53ed894,33.81
223,2019-08-03T14:15:00Z,8d57c5c4c38ae60f279b900ff846cacd2f7e21dacde6d74e38c889f3,60.16762,24.95415,000000006b44cce7,11.7
224,2019-08-03T14:15:00Z,8d6fc6657888e9fff58d4c491855e9c754a1d5aedcab147879f68fe0,60.16629,24.95957,00000000fb7600be,13.75
225,2019-08-03T14:15:00Z,8fd86739155b792102329addd02c529f5ebe5263162ae41dc087b4b0,60.1538,24.95595,0000000038bf9618,29.32
226,2019-08-03T14:15:00Z,91a1851a236d17eb5b885acd6854fac11b0fa6f82a25ff7a3668b0d4,60.16762,24.95415,000000006b44cce7,18.79
227,2019-08-03T14:15:00Z,93624ef1e81493aaa0e71f6e5b77eb22bcaab79af7bece86fd806a33,60.16762,24.95415,000000006b44cce7,8.38
228,2019-08-03T14:15:00Z,93eeb7e30bce03a77a76f3f0b17c6967bd07f3e9daa6a995455183f3,60.17002,24.94407,000000006b087f40,12.69
229,2019-08-03T14:15:00Z,9452bcdc0d4ea9acc4fb2d44be60a02e942fe38de88b478a9c55a838,60.173,24.92524,0000000096918cfa,33.81
230,2019-08-03T14:15:00Z,98baf38990c39b76f89b93d2a45e577f39504307c97754e7b38b8594,60.16448,24.97323,0000000053c6c2be,21.87
231,2019-08-03T14:15:00Z,99aec2634fd79b85c850ea030fc303305b5acc6f007ee8b1e01b2b29,60.16531,24.9442,00000000fdda10fe,0.28
232,2019-08-03T14:15:00Z,9abeeafbe5f8cb0bb4831c2cbd3ab1a45311171ecaf46437dbe95f7f,60.14947,24.91438,000000004ef3150d,20.28
233,2019-08-03T14:15:00Z,9bbf2bf63a8b4d55e85dc4b71a1394c6cf35341290b2f845cca232bb,60.1538,24.95595,0000000038bf9618,36.27
234,2019-08-03T14:15:00Z,9dbb685d34fdc5ee9c5a3dafd31e1ed7b2475e82b14d954ceb1a1e88,60.16762,24.95415,000000006b44cce7,16.1
235,2019-08-03T14:15:00Z,a110ec486eeb4391e535c7de4256def0b3ead2e567cda409456cab8d,60.16762,24.95415,000000006b44cce7,16.1
236,2019-08-03T14:15:00Z,a2ab57caafd8c9d07f2500791e56746870992232691e7843be1d40d8,60.1638,24.96846,00000000d747f075,20.28
237,2019-08-03T14:15:00Z,a3e68cabe126a9a16e42a15328353cda1371ecb33a6b804c01f1282d,60.14947,24.91438,000000004ef3150d,7.69
238,2019-08-03T14:15:00Z,a67fe001f6b1bef6f70f3b404c2d4ac0cf84fb367469c4365d834318,60.17919,24.95181,000000007b5207b6,9.92
239,2019-08-03T14:15:00Z,a8234a10ee4eafae4cbde3b696d8d0c196b52e608b35d9fd3176e834,60.16829,24.94214,00000000afef4555,18.79
240,2019-08-03T14:15:00Z,a9b637d930b432db489b345ad3603c4f8991cc030f56bd2cd3d89550,60.16448,24.97323,0000000053c6c2be,11.7
241,2019-08-03T14:15:00Z,aa2ab2a1f70a418408fed7912c961240c5152fe07734c9ad169f4827,60.16762,24.95415,000000006b44cce7,7.05
242,2019-08-03T14:15:00Z,aa8fc99c426a3561306a29217839afe97ec0b604f358c04e1a166c3c,60.17919,24.95181,000000007b5207b6,17.4
243,2019-08-03T14:15:00Z,aa9f9eece766e08286926d88fac5a152dd980692681cabe993d7260e,60.17002,24.94407,000000006b087f40,16.1
244,2019-08-03T14:15:00Z,aad77f4471cc7b4967a4cd885b8785459fa62d2134deab045dc0db85,60.1538,24.95595,0000000038bf9618,17.4
245,2019-08-03T14:15:00Z,ab34abd89e779c24496273101f85889e4f60649913b6bfe3cc099f86,60.1638,24.96846,00000000d747f075,17.4
246,2019-08-03T14:15:00Z,abff7b1a63411b74c7a1758318b951726919385aa9f3faf5c0dcd8a3,60.16829,24.94214,00000000afef4555,5.91
247,2019-08-03T14:15:00Z,ac53336786229eec819a54f254e51bf135e98d85bf1251d9339deda6,60.14947,24.91438,000000004ef3150d,12.69
248,2019-08-03T14:15:00Z,ac937e6a1254ec3407acd0186083630af7e95b2ec198815cd87b2be5,60.15432,24.9211,0000000019fb59c4,21.87
249,2019-08-03T14:15:00Z,acc229c5e592f86c03bfef01949dd3ecfa8c40e0d571b279829038d2,60.14699,24.922,00000000a53ed894,21.87
250,2019-08-03T14:15:00Z,ae3d8d95bbcb4427c3d82979487b4f84bdb54ba0bab30add2370e93b,60.16531,24.9442,00000000fdda10fe,5.41
251,2019-08-03T14:15:00Z,ae47f0e6ef178f05c367a7a1eb888819cda868e38298f68fee1c1193,60.1638,24.96846,00000000d747f075,16.1
252,2019-08-03T14:15:00Z,b143da475e8d2a9dc6bdeee520ad4105c97fe480e41b58bb74624fb1,60.16544,24.95398,0000000038d83d41,13.75
253,2019-08-03T14:15:00Z,b1488937e44c65faa0ce450f65b2f3c9446fe3f39cee663bcd6c0729,60.16829,24.94214,00000000afef4555,7.69
254,2019-08-03T14:15:00Z,b22dbc3b3f1a927a980e81fef013874084153c80d2869d0dcc1f7bc0,60.16762,24.95415,000000006b44cce7,7.69
255,2019-08-03T14:15:00Z,b23d38619a1f6f3d2b9903fb58b1950b5a21e853f8e32b8c17250aa9,60.16829,24.94214,00000000afef4555,12.69
256,2019-08-03T14:15:00Z,b4d000f26bed3e6c214491c384f1da26fe6dc28cbdbd0d0af2665294,60.16448,24.97323,0000000053c6c2be,21.87
257,2019-08-03T14:15:00Z,b5859d515e94091551c7dc6651b7fe9f5a8fef0084e433bb33164e1b,60.1638,24.96846,00000000d747f075,20.28
258,2019-08-03T14:15:00Z,b6206cac3268949082a88516443406a99cb50f7d17a537d6ec196b2f,60.16897,24.95222,00000000aa852af1,27.28
259,2019-08-03T14:15:00Z,b7f2a7f5d5caedbbbfc89214df11aef10ea6651c3320fc2551d3fa82,60.16762,24.95415,000000006b44cce7,18.79
260,2019-08-03T14:15:00Z,b870feff4f87229938c692455d6f4134330f3e623b628ccfce79b452,60.16897,24.95222,00000000aa852af1,13.75
261,2019-08-03T14:15:00Z,b8f752c018c0da850307869693f94afd4ead728522dce63b2b82ec60,60.17918,24.95141,00000000675d5200,5.41
262,2019-08-03T14:15:00Z,ba79962954cbd9b6a23e315be9cced17ca77a322b53ae414892a8827,60.16762,24.95415,000000006b44cce7,9.92
263,2019-08-03T14:15:00Z,bad49fd5fe6f853396923661e78c6307a9e5dc7226a1197d6c3100a1,60.16897,24.95222,00000000aa852af1,9.92
264,2019-08-03T14:15:00Z,bbf3eab79e43e07b2a6d05e51b9f1d32b2c4fe5db46271713b309515,60.16829,24.94214,00000000afef4555,4.94
265,2019-08-03T14:15:00Z,bc700acffbf9091134a3415e7e9651f1be57f3a3fec746ddee5b6843,60.1638,24.96846,00000000d747f075,20.28
266,2019-08-03T14:15:00Z,bce9921fcfbb16837e2fb77c42a1fd47b0e36c710278199f4104ce4b,60.17919,24.95181,000000007b5207b6,5.91
267,2019-08-03T14:15:00Z,bdebee561ba03554c0a9f85e0eb723c483d8fe1a3f2341ebea3e8917,60.16829,24.94214,00000000afef4555,14.89
268,2019-08-03T14:15:00Z,be4db4ca2356d010f68da9f55b3eee0820522614d9cb30ca1704759f,60.16829,24.94214,00000000afef4555,10.78
269,2019-08-03T14:15:00Z,be9072bebe3983d16d9389953b715bc9576e47f1ce5992db117fc58e,60.17065,24.93641,000000000f4919c9,29.32
270,2019-08-03T14:15:00Z,bebc11ac4e18aed9a36e14ec5c035cc50bed2564ef545a170a823af2,60.18203,24.91341,00000000342570c2,18.79
271,2019-08-03T14:15:00Z,bf4802f84d85739032fc30b9a196e60ab6aee0d3ff4e7e7b5ccaa33b,60.17065,24.93641,000000000f4919c9,27.28
272,2019-08-03T14:15:00Z,bf9cedcf533f9ba796859aa02110c3196ff8916b308f995940bb48bb,60.16629,24.95957,00000000fb7600be,21.87
273,2019-08-03T14:15:00Z,c00f29ba1ebb189bd522abb323143990336e110960c8546c97daf518,60.16897,24.95222,00000000aa852af1,20.28
274,2019-08-03T14:15:00Z,c05578109b8d123ca402794191f01b64c9e176d220d2936fd2772fe8,60.16448,24.97323,0000000053c6c2be,16.1
275,2019-08-03T14:15:00Z,c14a4934fd88487aae78da864b0df89b6dcd66e9cf689b343db20802,60.14699,24.922,00000000a53ed894,27.28
276,2019-08-03T14:15:00Z,c18cb7b69087e04630ff6c6e386f2d4ea19e03a9bc5e3db54cead815,60.149,24.9843,00000000fffb8cf0,33.81
277,2019-08-03T14:15:00Z,c1d1451328d7c51dd02aa603d1c4beac07c6d097bf1b9e44ca99024d,60.16829,24.94214,00000000afef4555,1.7
278,2019-08-03T14:15:00Z,c33a42e2a5df5ce00ec85d5f0961dd924d870fb23efcfc5a79484dce,60.16448,24.97323,0000000053c6c2be,18.79
279,2019-08-03T14:15:00Z,c34cfa0d22b14eb51524f8781f4ceebd20d672fcbeeeab87a9677c2d,60.16829,24.94214,00000000afef4555,21.87
280,2019-08-03T14:15:00Z,c3f6fe62a73e2a1f48480a3dd52c1a57a5cd28cc3853c69b54f0a438,60.1638,24.96846,00000000d747f075,20.28
281,2019-08-03T14:15:00Z,c401f4f7666c44a6350d34160b6503820542728d9af9e1ccce0ff41b,60.18203,24.91341,00000000342570c2,9.92
282,2019-08-03T14:15:00Z,c61b5afab5df841189e2ccc6f2b5bb900c51dd8da7684f52412cf137,60.16531,24.9442,00000000fdda10fe,2.8
283,2019-08-03T14:15:00Z,c741e4cd97c7dc22e3742cb65cd9d1f1fecf5b3728cd087f06ee0a43,60.16829,24.94214,00000000afef4555,5.41
284,2019-08-03T14:15:00Z,c7a29dc2682ca2b26e342a3855976da256bebf00039388d6f7962e45,60.149,24.9843,00000000fffb8cf0,27.28
285,2019-08-03T14:15:00Z,c974e276d80775fd3b5c765c1e624db94a458b3e2ca3a4da8248d80b,60.16448,24.97323,0000000053c6c2be,21.87
286,2019-08-03T14:15:00Z,ca415f356e52c08beb4bdcc9a7a9d1a0b5ffe1550047e2046388784d,60.17065,24.93641,000000000f4919c9,27.28
287,2019-08-03T14:15:00Z,ca725bfab4739edb4fb7e83450197c06f0a4ec2e61b0e41f14a5ac40,60.17002,24.94407,000000006b087f40,12.69
288,2019-08-03T14:15:00Z,cc3a162aedef73a101a0f72136058e69b5db8ad727155601a18408a9,60.16829,24.94214,00000000afef4555,21.87
289,2019-08-03T14:15:00Z,ce8266663675133c29ad87be9da35c70eebfa775c6289fab08543f03,60.16897,24.95222,00000000aa852af1,16.1
290,2019-08-03T14:15:00Z,cf04f842deef6c01b4565a3344eca028dce6b7d9f018c977410e82f5,60.1638,24.96846,00000000d747f075,25.36
291,2019-08-03T14:15:00Z,cf8c9e5a0a688eea3274f88eff1b61ceb2efe748938444e1a61cd2cc,60.16762,24.95415,000000006b44cce7,13.75
292,2019-08-03T14:15:00Z,d05efe7133d6b71d6070c1709abc6a398772a10e9a8c1f442f5ae0bd,60.14947,24.91438,000000004ef3150d,13.75
293,2019-08-03T14:15:00Z,d07f4a626ccb21bfa075886711efee0e3eb3c1c9ac90966a3428ba86,60.16762,24.95415,000000006b44cce7,1.01
294,2019-08-03T14:15:00Z,d0e5228f7481bacef562bf984170af4acfc1784e7c036942e2bfad00,60.17002,24.94407,000000006b087f40,14.89
295,2019-08-03T14:15:00Z,d107bac724d5e20c3a10271db8cf18752da16d1f48731e1ff5ec31fc,60.149,24.9843,00000000fffb8cf0,44.58
296,2019-08-03T14:15:00Z,d14b26e17904bebdf318c58c02434101cae1fc8cf9e6a013e436d101,60.16762,24.95415,000000006b44cce7,17.4
297,2019-08-03T14:15:00Z,d2ddf8b01c26f96801fe7776d1eda330adaced7d82b58b612e2c33dc,60.16897,24.95222,00000000aa852af1,16.1
298,2019-08-03T14:15:00Z,d332c5ae266e0fa5b30b77e547ae90c1ae25db42d2d9147757dc5511,60.14699,24.922,00000000a53ed894,23.56
299,2019-08-03T14:15:00Z,d40eb2683a36d877f897bf4c7b144537499811caa287dcfbf615f6ef,60.16762,24.95415,000000006b44cce7,9.12
300,2019-08-03T14:15:00Z,d43e73d9d2419d6f91b8df2bfb9e855ebf64d350f7a299d1c81ce9d2,60.16762,24.95415,000000006b44cce7,14.89
301,2019-08-03T14:15:00Z,d470641bde27eff384ea4c5c722c06cad9f0c452045376884badd740,60.1638,24.96846,00000000d747f075,18.79
302,2019-08-03T14:15:00Z,d4a3599830b9553c5685776e7df1e992e01d7c8d398f261c204b6f5e,60.16448,24.97323,0000000053c6c2be,18.79
303,2019-08-03T14:15:00Z,d5bdb223c29295ae4cd1747c0b640e33cb2424819cb470b69baec0e3,60.16762,24.95415,000000006b44cce7,12.69
304,2019-08-03T14:15:00Z,d8fef2790f725b6460b02700d6f75204b11daededc99f4dfa7a16109,60.17002,24.94407,000000006b087f40,12.69
305,2019-08-03T14:15:00Z,dbac3d91dea91fdd638d23b2c98b410c42d1723c0abc6b5579eefa8d,60.16897,24.95222,00000000aa852af1,23.56
306,2019-08-03T14:15:00Z,dcbe86281578209a052cd5663415fc841dea6fde9bd4e441d16d5f43,60.18203,24.91341,00000000342570c2,33.81
307,2019-08-03T14:15:00Z,dcea41d0249167c38058ad57183b31fd52eb29488c7e58caa75ff81d,60.16829,24.94214,00000000afef4555,4.94
308,2019-08-03T14:15:00Z,ddbfb084f1eb043f56186f363f00ce0de9f7a74c1859777d3b38a3e6,60.16897,24.95222,00000000aa852af1,36.27
309,2019-08-03T14:15:00Z,ddc0a33d2bdd177d72a2db56fb6da9ac28c1ee8ba7d0805b6684d0a7,60.16829,24.94214,00000000afef4555,14.89
310,2019-08-03T14:15:00Z,deb5e7de7f5f6a504ef6f1b804ff25a33840de47230b9b93223636af,60.16829,24.94214,00000000afef4555,2.54
311,2019-08-03T14:15:00Z,df0411d02cd0066085615bd7f462cf4e486322b49b6af4c9fb14bd2e,60.16897,24.95222,00000000aa852af1,18.79
312,2019-08-03T14:15:00Z,df9ac2261705305ee8799bce65381c972b76df12b7d7f2ea085ba12c,60.17065,24.93641,000000000f4919c9,17.4
313,2019-08-03T14:15:00Z,dfc23e1d7f3d8cda83749d58f03ba94d57387d49cbc442b05d39f2bc,60.16448,24.97323,0000000053c6c2be,11.7
314,2019-08-03T14:15:00Z,e0bdcc82e4cc2741d9ff4f2d0a14749735802642bdf64df67ae4b3ff,60.16762,24.95415,000000006b44cce7,14.89
315,2019-08-03T14:15:00Z,e1105e94e069d5dc658dc63a2c7e532c4a45aa1672cc0b2e15c0f04f,60.16531,24.9442,00000000fdda10fe,20.28
316,2019-08-03T14:15:00Z,e121e7ee3c7f2ab71a8811ab293f8e379d755c0a78ddcce7a6c613d1,60.16448,24.97323,0000000053c6c2be,14.89
317,2019-08-03T14:15:00Z,e1b58904a46211e50bebe78650ffca98181a78f4af3f534802b46bf0,60.16829,24.94214,00000000afef4555,29.32
318,2019-08-03T14:15:00Z,e5d20957fbd40d4210c25c6707732fb8866bcc63acec801080fa2356,60.16448,24.97323,0000000053c6c2be,16.1
319,2019-08-03T14:15:00Z,e662a54abe649ed20995aebcfa0d40a2a3941757d907e5bebab889b8,60.16829,24.94214,00000000afef4555,23.56
320,2019-08-03T14:15:00Z,e7b72a3be7d8c695f1cd29ddf89a4a6434e6858e1e25ca6c7dae1bbe,60.18203,24.91341,00000000342570c2,23.56
321,2019-08-03T14:15:00Z,ebb650b5c5624156e611fa1ae71b63af4d7e2e374c18190ff075c36e,60.16762,24.95415,000000006b44cce7,10.78
322,2019-08-03T14:15:00Z,ebe7bc05e558c6aa6e9056fb37334cf4d2ee683e2f02dabca8827233,60.16762,24.95415,000000006b44cce7,21.87
323,2019-08-03T14:15:00Z,ec7dfc8efdc19a1bbf18b501bcd28107f9cc82eede2b76212d917b35,60.16448,24.97323,0000000053c6c2be,16.1
324,2019-08-03T14:15:00Z,ece3e5356867bc2804054dbc40d737763d1aab06350d3cd3e69f7c5c,60.18203,24.91341,00000000342570c2,29.32
325,2019-08-03T14:15:00Z,eee6ad713ea973ed58ce9f4d4c315bee4e9cb457248fc281eea3e165,60.17065,24.93641,000000000f4919c9,16.1
326,2019-08-03T14:15:00Z,ef1fe4129c4cb7c292cfff7899366351c7e869bc3a799a1641c42afb,60.1638,24.96846,00000000d747f075,18.79
