,time,hash,latitude,longitude,serial,distance
0,2019-08-01T01:15:00Z,03e0fc996a589ccdf1871b3c78e089c08c93ba1f2a02d740fb384aac,60.16531,24.9442,00000000fdda10fe,27.28
1,2019-08-01T01:15:00Z,144afc51fc2443c7031a2912566eff2ce60226a49d6d2bd7c2923700,60.16544,24.95398,0000000038d83d41,27.28
2,2019-08-01T01:15:00Z,14c7e1511b70f4dd3359cbece1377aebb4d70531f5489eefe53d7c3c,60.16544,24.95398,0000000038d83d41,25.36
3,2019-08-01T01:15:00Z,165ebbb4090d47319ae370f0d0854fdc1f6b79499f8b2e4d3c3533c0,60.16544,24.95398,0000000038d83d41,23.56
4,2019-08-01T01:15:00Z,17b28910b6cbc057680693633275c4ca53938281bc38178f96c44947,60.17002,24.94407,000000006b087f40,36.27
5,2019-08-01T01:15:00Z,2c94897aa62344f630952ad6032f5d7976419125d126b15c1386c8b1,60.16762,24.95415,000000006b44cce7,13.75
6,2019-08-01T01:15:00Z,2dd6ca2c889266702d554569764346cf583b74b0890b10e00ecd4f82,60.16544,24.95398,0000000038d83d41,29.32
7,2019-08-01T01:15:00Z,351f44e773650f6c4a68cd25c338d2bf5d9a1b20942961befe3b3f11,60.16448,24.97323,0000000053c6c2be,14.89
8,2019-08-01T01:15:00Z,384b4d96a26aae32d2af0c0f637cb59cc8470a36445623930229d524,60.16897,24.95222,00000000aa852af1,25.36
9,2019-08-01T01:15:00Z,4abec48b53c4d82dc781a50af0676249c9d08be31b608a3f378109a6,60.1538,24.95595,0000000038bf9618,23.56
10,2019-08-01T01:15:00Z,4c5f18f9840338be4b03b398b0729b86a73a469d2e351ffb16a285ba,60.16897,24.95222,00000000aa852af1,27.28
11,2019-08-01T01:15:00Z,5bbb5184fded3e51bc78e45e39917794285e6bbc72da404802a9599a,60.16531,24.9442,00000000fdda10fe,29.32
12,2019-08-01T01:15:00Z,5d65719c4cbf045f068d084b72302f447d5fd034413d97d13be00d0e,60.18203,24.91341,00000000342570c2,18.79
13,2019-08-01T01:15:00Z,5eed115a984d490b02b602d73787aee8dc8c4e9365b77fbff3818a76,60.16629,24.95957,00000000fb7600be,31.5
14,2019-08-01T01:15:00Z,6066632ddc94b5c482a2d4f45ed2532e55e3fd63e414a084a596a737,60.16762,24.95415,000000006b44cce7,18.79
15,2019-08-01T01:15:00Z,6d22b751ff5173035dc85c52c3dff0780126adae67fe33dc62dd45ef,60.16531,24.9442,00000000fdda10fe,21.87
16,2019-08-01T01:15:00Z,6f06341f358e61699fe1e55e986dd0554bc8da28b91daf0c5ad99db6,60.16629,24.95957,00000000fb7600be,25.36
17,2019-08-01T01:15:00Z,84fdfd8881f633c5f0c71c1480053953ca4b05e848052d97c063ad38,60.1538,24.95595,0000000038bf9618,17.4
18,2019-08-01T01:15:00Z,87dfaad29a9276ddddb1fa021d3bc23ad14824c1af16f7d87e713689,60.14951,24.92138,0000000006dd41f6,9.12
19,2019-08-01T01:15:00Z,8b0535dd90c15c8fd1b256e7a48369741b0fe9d58f8f05f6e46134b7,60.16544,24.95398,0000000038d83d41,27.28
20,2019-08-01T01:15:00Z,8c75c3289c84fe4493e1e272a77b615fe1985880c5dc68a7c1a17b53,60.16762,24.95415,000000006b44cce7,11.7
21,2019-08-01T01:15:00Z,8cc6ddaa460aeae8cc9e8a33f91a01c8cd4c0c8bf8a943210a28c84d,60.1538,24.95595,0000000038bf9618,18.79
22,2019-08-01T01:15:00Z,8d48e703938d27ced83c767a1f815f2879d4793a7f242b9854294141,60.17002,24.94407,000000006b087f40,33.81
23,2019-08-01T01:15:00Z,8ffeb52bff155eab19ca329d16be495cd44a08aa7f79b94db079caf9,60.15432,24.9211,0000000019fb59c4,29.32
24,2019-08-01T01:15:00Z,9843c6216661048343a0e49cf3d8aa2883cf77f452666a1c873a1052,60.16448,24.97323,0000000053c6c2be,18.79
25,2019-08-01T01:15:00Z,9d5da91dad893b62eea6f22a7092dd0552c6d3bf33f4c6110326b208,60.16897,24.95222,00000000aa852af1,33.81
26,2019-08-01T01:15:00Z,a08cae03363d2e483a6ea717973088f4bd4276de96a9d438a7358ff4,60.16897,24.95222,00000000aa852af1,31.5
27,2019-08-01T01:15:00Z,a7bf60f4cfe8359d12d5bb7d69ea9850630a9c969a346f04a0ce1968,60.15432,24.9211,0000000019fb59c4,31.5
28,2019-08-01T01:15:00Z,a7c55bdd7685c223259f39c2f09bb61a33ba404b51d05e283aa167f2,60.16762,24.95415,000000006b44cce7,20.28
29,2019-08-01T01:15:00Z,a91d379a4b57c5df22db0d7a041ff69f657b4b31f28554b1011fc03c,60.16544,24.95398,0000000038d83d41,36.27
30,2019-08-01T01:15:00Z,a9da1ee82e3b670e276c26b483dd50f4a6d0c6f77ef82245d3ae6086,60.18203,24.91341,00000000342570c2,21.87
31,2019-08-01T01:15:00Z,b1f358076ba79ef902a36ca8ae3f8ec7c93308a67c479345bfdbdecf,60.1538,24.95595,0000000038bf9618,25.36
32,2019-08-01T01:15:00Z,b5fd6b317890e5ab2d79e2cd1abe61626d45a753c7337d0d40728898,60.16762,24.95415,000000006b44cce7,7.05
33,2019-08-01T01:15:00Z,ce783d3c1b06378e5c39c25687746a6f88fbb0ff2b36e3405fb61cf8,60.16762,24.95415,000000006b44cce7,11.7
34,2019-08-01T01:15:00Z,cf05623e4d87ce0906c0b0b7dbf53aacc1228016cd27c341228b6e76,60.18203,24.91341,00000000342570c2,18.79
35,2019-08-01T01:15:00Z,d127ead865385b64ae537a703a26be15fae4b5332ce0fbf03d5e0c23,60.1538,24.95595,0000000038bf9618,31.5
36,2019-08-01T01:15:00Z,d73d0854198e184ee42ff4f9e9da255df0af90985363aea6a02d33d7,60.16762,24.95415,000000006b44cce7,10.78
37,2019-08-01T01:15:00Z,dd2c9c82cf3737146294aff6f814a1349fb0bc4bedf518715dacbe8f,60.18203,24.91341,00000000342570c2,14.89
38,2019-08-01T01:15:00Z,ec72ef080c605e71978aed0d3b5f22c3c3133677a43c614b72eedc6d,60.14699,24.922,00000000a53ed894,21.87
39,2019-08-01T01:15:00Z,f088630d7476dae7d4b7e2bb1f10575f2c89acb4b6e061f3d57c2b40,60.16531,24.9442,00000000fdda10fe,25.36
40,2019-08-01T01:15:00Z,f6609ab1076b1105bb845595a03b41b8fbb282f79c337df5bbc9f841,60.16629,24.95957,00000000fb7600be,17.4
41,2019-08-01T01:15:00Z,f99c5dd8cc08bd2353083d875ce8bc585fb2c2ff8427b90d92f571de,60.1538,24.95595,0000000038bf9618,31.5
42,2019-08-01T01:15:00Z,fc4f3a44235f1cfc7b53f14ba2da599976a5a0a220d23b852688e485,60.17919,24.95181,000000007b5207b6,11.7
43,2019-08-01T01:15:00Z,0477f7f5d3ff947c3feaf8f80828c186ff07d0bee94780555e8f91bc,60.16531,24.9442,00000000fdda10fe,27.28
44,2019-08-01T01:15:00Z,09aed7267735f1d5aa1cc40846163b2e22579de37c9df4913833048e,60.16762,24.95415,000000006b44cce7,25.36
45,2019-08-01T01:15:00Z,0d2e3e523cb0378798ea370ece42124e91568a28261cf6ee2c00cad9,60.16531,24.9442,00000000fdda10fe,33.81
46,2019-08-01T01:15:00Z,13e4206d38eafb32822df97189167727a93c3fc19b187987f9af2d8a,60.14699,24.922,00000000a53ed894,25.36
47,2019-08-01T01:15:00Z,1fa3e4acacc9069cdab3e93dba22d2a22cc4f8e28b731b9b5f9119f8,60.16762,24.95415,000000006b44cce7,3.74
48,2019-08-01T01:15:00Z,2082a19524d6827004aabe57afa07e3ecd10b0a18a727553ecc14913,60.16629,24.95957,00000000fb7600be,13.75
49,2019-08-01T01:15:00Z,2a9d40a33ed52ab9251fbb34ec3f0cd7cda99fa37dccfe14b15565f1,60.16762,24.95415,000000006b44cce7,3.4
50,2019-08-01T01:15:00Z,2b0f56bb50709d759dc1051e0445ea521c8aa77c74a07b021d8eedf6,60.149,24.9843,00000000fffb8cf0,29.32
51,2019-08-01T01:15:00Z,35534855181afb1d6295e61246d81b2f9b7ab4ef32430b869f9919ba,60.16629,24.95957,00000000fb7600be,17.4
52,2019-08-01T01:15:00Z,3a571740155bde46587953632db2b7ceb29ca92544dbe8e241ee371f,60.16762,24.95415,000000006b44cce7,25.36
53,2019-08-01T01:15:00Z,3af6f1ccc5e5eac1f8561bb44617828f6ef1453d79d4774ae35a783f,60.16762,24.95415,000000006b44cce7,25.36
54,2019-08-01T01:15:00Z,42844e90c7134ebb3ec325f57cd27cd24711c779548ebc8692a820d5,60.14951,24.92138,0000000006dd41f6,3.4
55,2019-08-01T01:15:00Z,48c26c461c14441b34f6effcb0683a44f8cb3a9512449d4584fc2d25,60.14947,24.91438,000000004ef3150d,10.78
56,2019-08-01T01:15:00Z,4f0c0489819078608920e225ff283b05f6bc4ed201a03696d71ff80e,60.17918,24.95141,00000000675d5200,20.28
57,2019-08-01T01:15:00Z,4f2ee410fae343924332b7c45d23df66786e3599cf001d739702393e,60.16762,24.95415,000000006b44cce7,16.1
58,2019-08-01T01:15:00Z,5160664f61c5088cd32ef296bbfc7594acdf4826053c53146eaa7db4,60.17919,24.95181,000000007b5207b6,23.56
59,2019-08-01T01:15:00Z,5bbc9230adadbd9730135bb21f61f5cdcf6d78849bb66a6750b91b91,60.16531,24.9442,00000000fdda10fe,9.12
60,2019-08-01T01:15:00Z,701ebe2f0c93e3d2d5f4c1b9f737199afb3f37f9b49809649903d665,60.16762,24.95415,000000006b44cce7,14.89
61,2019-08-01T01:15:00Z,7147bba4214b97f091b614706aa9cd929d71816a2a18cecf013789a2,60.16531,24.9442,00000000fdda10fe,18.79
62,2019-08-01T01:15:00Z,8f761cb995f326b225c95973f5459e296ff615d6cea147a9e2453d80,60.16531,24.9442,00000000fdda10fe,4.5
63,2019-08-01T01:15:00Z,99a026b5100e23129fa529e9a57a3dbc8490dc03b58f2193f03e2dcf,60.14951,24.92138,0000000006dd41f6,5.41
64,2019-08-01T01:15:00Z,bd3bbe8ac84831bd9de8c61c41da5fcf8967cdd12ae06bba2cb0c7cc,60.14947,24.91438,000000004ef3150d,16.1
65,2019-08-01T01:15:00Z,c0a0ca3433586ed2ae0e448f2406fabac7292ac79d49562e0bd5cef8,60.16762,24.95415,000000006b44cce7,20.28
66,2019-08-01T01:15:00Z,c9ce14e0dbf0cf3c24f6a92a1930fa32de9a1de0ffe63082ccddb0d6,60.16448,24.97323,0000000053c6c2be,29.32
67,2019-08-01T01:15:00Z,db0e10943fcdd3914ddc764635ba11c29832c708b5f4f46493df0413,60.16762,24.95415,000000006b44cce7,16.1
68,2019-08-01T01:15:00Z,f7adfec0f2afb4311798f5b8f7bbd5abbf68d0b2795e24c9ea584fbf,60.16762,24.95415,000000006b44cce7,12.69
69,2019-08-01T01:15:01Z,144afc51fc2443c7031a2912566eff2ce60226a49d6d2bd7c2923700,60.16544,24.95398,0000000038d83d41,29.32
70,2019-08-01T01:15:01Z,14c7e1511b70f4dd3359cbece1377aebb4d70531f5489eefe53d7c3c,60.16544,24.95398,0000000038d83d41,23.56
71,2019-08-01T01:15:01Z,165ebbb4090d47319ae370f0d0854fdc1f6b79499f8b2e4d3c3533c0,60.16544,24.95398,0000000038d83d41,33.81
72,2019-08-01T01:15:01Z,297c725b456ef12d2712634b21546721cbe93224d3a5762d897404f2,60.16762,24.95415,000000006b44cce7,18.79
73,2019-08-01T01:15:01Z,2c94897aa62344f630952ad6032f5d7976419125d126b15c1386c8b1,60.16762,24.95415,000000006b44cce7,13.75
74,2019-08-01T01:15:01Z,2dd6ca2c889266702d554569764346cf583b74b0890b10e00ecd4f82,60.16544,24.95398,0000000038d83d41,36.27
75,2019-08-01T01:15:01Z,351f44e773650f6c4a68cd25c338d2bf5d9a1b20942961befe3b3f11,60.16448,24.97323,0000000053c6c2be,17.4
76,2019-08-01T01:15:01Z,384b4d96a26aae32d2af0c0f637cb59cc8470a36445623930229d524,60.16897,24.95222,00000000aa852af1,23.56
77,2019-08-01T01:15:01Z,43b676ed3aef4c2d8846694817e76117873be52e7f788e0cb366c1c4,60.16629,24.95957,00000000fb7600be,23.56
78,2019-08-01T01:15:01Z,4abec48b53c4d82dc781a50af0676249c9d08be31b608a3f378109a6,60.1538,24.95595,0000000038bf9618,33.81
79,2019-08-01T01:15:01Z,5bbb5184fded3e51bc78e45e39917794285e6bbc72da404802a9599a,60.16531,24.9442,00000000fdda10fe,25.36
80,2019-08-01T01:15:01Z,5d65719c4cbf045f068d084b72302f447d5fd034413d97d13be00d0e,60.18203,24.91341,00000000342570c2,17.4
81,2019-08-01T01:15:01Z,5eed115a984d490b02b602d73787aee8dc8c4e9365b77fbff3818a76,60.16629,24.95957,00000000fb7600be,29.32
82,2019-08-01T01:15:01Z,62742981e8529270ff72603e37f1d91125c1a7bd31fb8d3cb52591b8,60.17002,24.94407,000000006b087f40,38.87
83,2019-08-01T01:15:01Z,66dabd3229229330d23c70e9e1737429ddfe69db01f4a6a00f70fa20,60.16762,24.95415,000000006b44cce7,20.28
84,2019-08-01T01:15:01Z,6b805db93722b9bc795ba65b4418a352128c16588f565243c29cecbf,60.16762,24.95415,000000006b44cce7,25.36
85,2019-08-01T01:15:01Z,6d22b751ff5173035dc85c52c3dff0780126adae67fe33dc62dd45ef,60.16531,24.9442,00000000fdda10fe,20.28
86,2019-08-01T01:15:01Z,6f06341f358e61699fe1e55e986dd0554bc8da28b91daf0c5ad99db6,60.16629,24.95957,00000000fb7600be,33.81
87,2019-08-01T01:15:01Z,747f2d1ebff218c0ebbdc0fdaef4cbe56633dfb46ae1b1f8c8142201,60.16762,24.95415,000000006b44cce7,20.28
88,2019-08-01T01:15:01Z,84fdfd8881f633c5f0c71c1480053953ca4b05e848052d97c063ad38,60.1538,24.95595,0000000038bf9618,21.87
89,2019-08-01T01:15:01Z,87dfaad29a9276ddddb1fa021d3bc23ad14824c1af16f7d87e713689,60.14951,24.92138,0000000006dd41f6,7.69
90,2019-08-01T01:15:01Z,8c75c3289c84fe4493e1e272a77b615fe1985880c5dc68a7c1a17b53,60.16762,24.95415,000000006b44cce7,9.92
91,2019-08-01T01:15:01Z,8cc6ddaa460aeae8cc9e8a33f91a01c8cd4c0c8bf8a943210a28c84d,60.1538,24.95595,0000000038bf9618,17.4
92,2019-08-01T01:15:01Z,8d48e703938d27ced83c767a1f815f2879d4793a7f242b9854294141,60.17002,24.94407,000000006b087f40,31.5
93,2019-08-01T01:15:01Z,8ffeb52bff155eab19ca329d16be495cd44a08aa7f79b94db079caf9,60.15432,24.9211,0000000019fb59c4,27.28
94,2019-08-01T01:15:01Z,9843c6216661048343a0e49cf3d8aa2883cf77f452666a1c873a1052,60.16448,24.97323,0000000053c6c2be,11.7
95,2019-08-01T01:15:01Z,9d5da91dad893b62eea6f22a7092dd0552c6d3bf33f4c6110326b208,60.16897,24.95222,00000000aa852af1,25.36
96,2019-08-01T01:15:01Z,a7c55bdd7685c223259f39c2f09bb61a33ba404b51d05e283aa167f2,60.16762,24.95415,000000006b44cce7,27.28
97,2019-08-01T01:15:01Z,a91d379a4b57c5df22db0d7a041ff69f657b4b31f28554b1011fc03c,60.16544,24.95398,0000000038d83d41,41.64
98,2019-08-01T01:15:01Z,a9b50603a8ce82f4a65641e87bfdbed6f3e6e03894372af444a42f2c,60.16762,24.95415,000000006b44cce7,18.79
99,2019-08-01T01:15:01Z,a9da1ee82e3b670e276c26b483dd50f4a6d0c6f77ef82245d3ae6086,60.18203,24.91341,00000000342570c2,20.28
100,2019-08-01T01:15:01Z,b1f358076ba79ef902a36ca8ae3f8ec7c93308a67c479345bfdbdecf,60.1538,24.95595,0000000038bf9618,29.32
101,2019-08-01T01:15:01Z,b5fd6b317890e5ab2d79e2cd1abe61626d45a753c7337d0d40728898,60.16762,24.95415,000000006b44cce7,10.78
102,2019-08-01T01:15:01Z,ba42c72ea7c2663b3ea5044faf12173ab18e523dc35de0e24bf374ac,60.16544,24.95398,0000000038d83d41,27.28
103,2019-08-01T01:15:01Z,ce783d3c1b06378e5c39c25687746a6f88fbb0ff2b36e3405fb61cf8,60.16762,24.95415,000000006b44cce7,12.69
104,2019-08-01T01:15:01Z,cf05623e4d87ce0906c0b0b7dbf53aacc1228016cd27c341228b6e76,60.18203,24.91341,00000000342570c2,17.4
105,2019-08-01T01:15:01Z,d127ead865385b64ae537a703a26be15fae4b5332ce0fbf03d5e0c23,60.1538,24.95595,0000000038bf9618,27.28
106,2019-08-01T01:15:01Z,d73d0854198e184ee42ff4f9e9da255df0af90985363aea6a02d33d7,60.16762,24.95415,000000006b44cce7,17.4
107,2019-08-01T01:15:01Z,dd2c9c82cf3737146294aff6f814a1349fb0bc4bedf518715dacbe8f,60.18203,24.91341,00000000342570c2,23.56
108,2019-08-01T01:15:01Z,ec72ef080c605e71978aed0d3b5f22c3c3133677a43c614b72eedc6d,60.14699,24.922,00000000a53ed894,17.4
109,2019-08-01T01:15:01Z,ed70dda6b7faebd4340dacdb452ab224d9d3c308df417b7fa76f54e8,60.14951,24.92138,0000000006dd41f6,25.36
110,2019-08-01T01:15:01Z,efd1806e1eee5eca948bc2537df8d816e2cce41009b41189c350ce74,60.16531,24.9442,00000000fdda10fe,31.5
111,2019-08-01T01:15:01Z,f088630d7476dae7d4b7e2bb1f10575f2c89acb4b6e061f3d57c2b40,60.16531,24.9442,00000000fdda10fe,36.27
112,2019-08-01T01:15:01Z,f6609ab1076b1105bb845595a03b41b8fbb282f79c337df5bbc9f841,60.16629,24.95957,00000000fb7600be,25.36
113,2019-08-01T01:15:01Z,f99c5dd8cc08bd2353083d875ce8bc585fb2c2ff8427b90d92f571de,60.1538,24.95595,0000000038bf9618,27.28
114,2019-08-01T01:15:01Z,fc4f3a44235f1cfc7b53f14ba2da599976a5a0a220d23b852688e485,60.17919,24.95181,000000007b5207b6,17.4
115,2019-08-01T01:15:01Z,09aed7267735f1d5aa1cc40846163b2e22579de37c9df4913833048e,60.16762,24.95415,000000006b44cce7,17.4
116,2019-08-01T01:15:01Z,0d2e3e523cb0378798ea370ece42124e91568a28261cf6ee2c00cad9,60.16531,24.9442,00000000fdda10fe,31.5
117,2019-08-01T01:15:01Z,13e4206d38eafb32822df97189167727a93c3fc19b187987f9af2d8a,60.14699,24.922,00000000a53ed894,23.56
118,2019-08-01T01:15:01Z,1ecbc7c6afe89033252e5510cbb893666af2b3bc29f555a3a6287fdb,60.14951,24.92138,0000000006dd41f6,3.4
119,2019-08-01T01:15:01Z,1fa3e4acacc9069cdab3e93dba22d2a22cc4f8e28b731b9b5f9119f8,60.16762,24.95415,000000006b44cce7,3.09
120,2019-08-01T01:15:01Z,2070a3b9c8a03ea17a7f648a1e9e31fbcf68c80c337ba29ea85efd18,60.16829,24.94214,00000000afef4555,33.81
121,2019-08-01T01:15:01Z,2082a19524d6827004aabe57afa07e3ecd10b0a18a727553ecc14913,60.16629,24.95957,00000000fb7600be,14.89
122,2019-08-01T01:15:01Z,25b9a688fda1515f9ff250d01f89c4491af81e3721b9b2348d88d2e3,60.16762,24.95415,000000006b44cce7,25.36
123,2019-08-01T01:15:01Z,2a9d40a33ed52ab9251fbb34ec3f0cd7cda99fa37dccfe14b15565f1,60.16762,24.95415,000000006b44cce7,1.54
124,2019-08-01T01:15:01Z,2ab97eb72424d3a245ddd77691854f564f939b5bacf84648d4211da2,60.16762,24.95415,000000006b44cce7,11.7
125,2019-08-01T01:15:01Z,2b0f56bb50709d759dc1051e0445ea521c8aa77c74a07b021d8eedf6,60.149,24.9843,00000000fffb8cf0,38.87
126,2019-08-01T01:15:01Z,35534855181afb1d6295e61246d81b2f9b7ab4ef32430b869f9919ba,60.16629,24.95957,00000000fb7600be,20.28
127,2019-08-01T01:15:01Z,478830e26b1b9314c3f35b4ca62aba9828872733abbc7f32b78daac3,60.16531,24.9442,00000000fdda10fe,33.81
128,2019-08-01T01:15:01Z,48c26c461c14441b34f6effcb0683a44f8cb3a9512449d4584fc2d25,60.14947,24.91438,000000004ef3150d,9.92
129,2019-08-01T01:15:01Z,4df5e32dd47e5b06c316350a23d3c03f85228eeb710d092e81dd497d,60.17002,24.94407,000000006b087f40,36.27
130,2019-08-01T01:15:01Z,4f0c0489819078608920e225ff283b05f6bc4ed201a03696d71ff80e,60.17918,24.95141,00000000675d5200,25.36
131,2019-08-01T01:15:01Z,5160664f61c5088cd32ef296bbfc7594acdf4826053c53146eaa7db4,60.17919,24.95181,000000007b5207b6,20.28
132,2019-08-01T01:15:01Z,5bbc9230adadbd9730135bb21f61f5cdcf6d78849bb66a6750b91b91,60.16531,24.9442,00000000fdda10fe,20.28
133,2019-08-01T01:15:01Z,701ebe2f0c93e3d2d5f4c1b9f737199afb3f37f9b49809649903d665,60.16762,24.95415,000000006b44cce7,13.75
134,2019-08-01T01:15:01Z,7147bba4214b97f091b614706aa9cd929d71816a2a18cecf013789a2,60.16531,24.9442,00000000fdda10fe,16.1
135,2019-08-01T01:15:01Z,74cb545f76f0bfc5498607247e26e814276a11ce91f77208054ecbc5,60.17002,24.94407,000000006b087f40,21.87
136,2019-08-01T01:15:01Z,7908c7f8544dbcbbd94351b296fc037dce5c788046ef1bb0720a2f47,60.17002,24.94407,000000006b087f40,31.5
137,2019-08-01T01:15:01Z,8b94a410aede5b339bc0d24f9f2ac71395dfdfe42aaf58c91c69d208,60.16829,24.94214,00000000afef4555,23.56
138,2019-08-01T01:15:01Z,8f761cb995f326b225c95973f5459e296ff615d6cea147a9e2453d80,60.16531,24.9442,00000000fdda10fe,13.75
139,2019-08-01T01:15:01Z,99a026b5100e23129fa529e9a57a3dbc8490dc03b58f2193f03e2dcf,60.14951,24.92138,0000000006dd41f6,5.41
140,2019-08-01T01:15:01Z,a86c102f289409f6efef56c9b116b4ad52d8e2d7b7ab23a6df2a0675,60.16762,24.95415,000000006b44cce7,5.41
141,2019-08-01T01:15:01Z,a8c7d85d397619b4a91c2655e8e50b1cfcbf2771d71b62b4681a20c8,60.16448,24.97323,0000000053c6c2be,29.32
142,2019-08-01T01:15:01Z,bd3bbe8ac84831bd9de8c61c41da5fcf8967cdd12ae06bba2cb0c7cc,60.14947,24.91438,000000004ef3150d,5.91
143,2019-08-01T01:15:01Z,c5b1ebbc71f7a611a7415c126514bc92963d32b056ba093526802475,60.16762,24.95415,000000006b44cce7,16.1
144,2019-08-01T01:15:01Z,c9ce14e0dbf0cf3c24f6a92a1930fa32de9a1de0ffe63082ccddb0d6,60.16448,24.97323,0000000053c6c2be,23.56
145,2019-08-01T01:15:01Z,d01ab2b99ca2d6e373c630bc0666c220aa0753785f57eba65dfab024,60.16544,24.95398,0000000038d83d41,27.28
146,2019-08-01T01:15:01Z,db0e10943fcdd3914ddc764635ba11c29832c708b5f4f46493df0413,60.16762,24.95415,000000006b44cce7,14.89
147,2019-08-01T01:15:01Z,f7adfec0f2afb4311798f5b8f7bbd5abbf68d0b2795e24c9ea584fbf,60.16762,24.95415,000000006b44cce7,12.69
148,2019-08-01T01:15:02Z,144afc51fc2443c7031a2912566eff2ce60226a49d6d2bd7c2923700,60.16544,24.95398,0000000038d83d41,27.28
149,2019-08-01T01:15:02Z,14c7e1511b70f4dd3359cbece1377aebb4d70531f5489eefe53d7c3c,60.16544,24.95398,0000000038d83d41,25.36
150,2019-08-01T01:15:02Z,165ebbb4090d47319ae370f0d0854fdc1f6b79499f8b2e4d3c3533c0,60.16544,24.95398,0000000038d83d41,36.27
151,2019-08-01T01:15:02Z,297c725b456ef12d2712634b21546721cbe93224d3a5762d897404f2,60.16762,24.95415,000000006b44cce7,23.56
152,2019-08-01T01:15:02Z,2c94897aa62344f630952ad6032f5d7976419125d126b15c1386c8b1,60.16762,24.95415,000000006b44cce7,12.69
153,2019-08-01T01:15:02Z,2dd6ca2c889266702d554569764346cf583b74b0890b10e00ecd4f82,60.16544,24.95398,0000000038d83d41,25.36
154,2019-08-01T01:15:02Z,384b4d96a26aae32d2af0c0f637cb59cc8470a36445623930229d524,60.16897,24.95222,00000000aa852af1,23.56
155,2019-08-01T01:15:02Z,43b676ed3aef4c2d8846694817e76117873be52e7f788e0cb366c1c4,60.16629,24.95957,00000000fb7600be,23.56
156,2019-08-01T01:15:02Z,4abec48b53c4d82dc781a50af0676249c9d08be31b608a3f378109a6,60.1538,24.95595,0000000038bf9618,29.32
157,2019-08-01T01:15:02Z,4c5f18f9840338be4b03b398b0729b86a73a469d2e351ffb16a285ba,60.16897,24.95222,00000000aa852af1,25.36
158,2019-08-01T01:15:02Z,5bbb5184fded3e51bc78e45e39917794285e6bbc72da404802a9599a,60.16531,24.9442,00000000fdda10fe,36.27
159,2019-08-01T01:15:02Z,5d65719c4cbf045f068d084b72302f447d5fd034413d97d13be00d0e,60.18203,24.91341,00000000342570c2,17.4
160,2019-08-01T01:15:02Z,5eed115a984d490b02b602d73787aee8dc8c4e9365b77fbff3818a76,60.16629,24.95957,00000000fb7600be,31.5
161,2019-08-01T01:15:02Z,6066632ddc94b5c482a2d4f45ed2532e55e3fd63e414a084a596a737,60.16762,24.95415,000000006b44cce7,20.28
162,2019-08-01T01:15:02Z,6d22b751ff5173035dc85c52c3dff0780126adae67fe33dc62dd45ef,60.16531,24.9442,00000000fdda10fe,31.5
163,2019-08-01T01:15:02Z,6ff437688c444238352c28f64f9d2a7d0f14d19c9ea42c225380501e,60.16762,24.95415,000000006b44cce7,20.28
164,2019-08-01T01:15:02Z,747f2d1ebff218c0ebbdc0fdaef4cbe56633dfb46ae1b1f8c8142201,60.16762,24.95415,000000006b44cce7,12.69
165,2019-08-01T01:15:02Z,79f136afa0dd8717337c01c70b457c464aaf0fa25b440f51a394ec23,60.16762,24.95415,000000006b44cce7,25.36
166,2019-08-01T01:15:02Z,84fdfd8881f633c5f0c71c1480053953ca4b05e848052d97c063ad38,60.1538,24.95595,0000000038bf9618,20.28
167,2019-08-01T01:15:02Z,87dfaad29a9276ddddb1fa021d3bc23ad14824c1af16f7d87e713689,60.14951,24.92138,0000000006dd41f6,9.92
168,2019-08-01T01:15:02Z,8c75c3289c84fe4493e1e272a77b615fe1985880c5dc68a7c1a17b53,60.16762,24.95415,000000006b44cce7,11.7
169,2019-08-01T01:15:02Z,8cc6ddaa460aeae8cc9e8a33f91a01c8cd4c0c8bf8a943210a28c84d,60.1538,24.95595,0000000038bf9618,25.36
170,2019-08-01T01:15:02Z,8ffeb52bff155eab19ca329d16be495cd44a08aa7f79b94db079caf9,60.15432,24.9211,0000000019fb59c4,31.5
171,2019-08-01T01:15:02Z,91d3b80de4439a4a49ddb8a04d72a0a2ec6c08f351d70232842af567,60.16762,24.95415,000000006b44cce7,20.28
172,2019-08-01T01:15:02Z,9843c6216661048343a0e49cf3d8aa2883cf77f452666a1c873a1052,60.16448,24.97323,0000000053c6c2be,12.69
173,2019-08-01T01:15:02Z,987e83b8bf78f756fa09dbeb561bf778fd00003818fbe7a45de52b6c,60.16531,24.9442,00000000fdda10fe,31.5
174,2019-08-01T01:15:02Z,9d5da91dad893b62eea6f22a7092dd0552c6d3bf33f4c6110326b208,60.16897,24.95222,00000000aa852af1,36.27
175,2019-08-01T01:15:02Z,a79af88ad05127e9c29a09f407406a364eb21dc127dc8d914e190418,60.16531,24.9442,00000000fdda10fe,29.32
176,2019-08-01T01:15:02Z,a91d379a4b57c5df22db0d7a041ff69f657b4b31f28554b1011fc03c,60.16544,24.95398,0000000038d83d41,31.5
177,2019-08-01T01:15:02Z,a9b50603a8ce82f4a65641e87bfdbed6f3e6e03894372af444a42f2c,60.16762,24.95415,000000006b44cce7,21.87
178,2019-08-01T01:15:02Z,a9da1ee82e3b670e276c26b483dd50f4a6d0c6f77ef82245d3ae6086,60.18203,24.91341,00000000342570c2,23.56
179,2019-08-01T01:15:02Z,b1f358076ba79ef902a36ca8ae3f8ec7c93308a67c479345bfdbdecf,60.1538,24.95595,0000000038bf9618,36.27
180,2019-08-01T01:15:02Z,b5fd6b317890e5ab2d79e2cd1abe61626d45a753c7337d0d40728898,60.16762,24.95415,000000006b44cce7,7.05
181,2019-08-01T01:15:02Z,ba42c72ea7c2663b3ea5044faf12173ab18e523dc35de0e24bf374ac,60.16544,24.95398,0000000038d83d41,41.64
182,2019-08-01T01:15:02Z,ce783d3c1b06378e5c39c25687746a6f88fbb0ff2b36e3405fb61cf8,60.16762,24.95415,000000006b44cce7,11.7
183,2019-08-01T01:15:02Z,cf05623e4d87ce0906c0b0b7dbf53aacc1228016cd27c341228b6e76,60.18203,24.91341,00000000342570c2,18.79
184,2019-08-01T01:15:02Z,d127ead865385b64ae537a703a26be15fae4b5332ce0fbf03d5e0c23,60.1538,24.95595,0000000038bf9618,31.5
185,2019-08-01T01:15:02Z,d73d0854198e184ee42ff4f9e9da255df0af90985363aea6a02d33d7,60.16762,24.95415,000000006b44cce7,14.89
186,2019-08-01T01:15:02Z,dd2c9c82cf3737146294aff6f814a1349fb0bc4bedf518715dacbe8f,60.18203,24.91341,00000000342570c2,17.4
187,2019-08-01T01:15:02Z,ec72ef080c605e71978aed0d3b5f22c3c3133677a43c614b72eedc6d,60.14699,24.922,00000000a53ed894,18.79
188,2019-08-01T01:15:02Z,ed70dda6b7faebd4340dacdb452ab224d9d3c308df417b7fa76f54e8,60.14951,24.92138,0000000006dd41f6,25.36
189,2019-08-01T01:15:02Z,f088630d7476dae7d4b7e2bb1f10575f2c89acb4b6e061f3d57c2b40,60.16531,24.9442,00000000fdda10fe,27.28
190,2019-08-01T01:15:02Z,f6609ab1076b1105bb845595a03b41b8fbb282f79c337df5bbc9f841,60.16629,24.95957,00000000fb7600be,20.28
191,2019-08-01T01:15:02Z,f99c5dd8cc08bd2353083d875ce8bc585fb2c2ff8427b90d92f571de,60.1538,24.95595,0000000038bf9618,25.36
192,2019-08-01T01:15:02Z,fc4f3a44235f1cfc7b53f14ba2da599976a5a0a220d23b852688e485,60.17919,24.95181,000000007b5207b6,10.78
193,2019-08-01T01:15:02Z,13e4206d38eafb32822df97189167727a93c3fc19b187987f9af2d8a,60.14699,24.922,00000000a53ed894,31.5
194,2019-08-01T01:15:02Z,1dacfb371d75dd4f90f447aac2a00faad98beb4188a6971c19eb2375,60.16629,24.95957,00000000fb7600be,23.56
195,2019-08-01T01:15:02Z,1ecbc7c6afe89033252e5510cbb893666af2b3bc29f555a3a6287fdb,60.14951,24.92138,0000000006dd41f6,4.5
196,2019-08-01T01:15:02Z,1fa3e4acacc9069cdab3e93dba22d2a22cc4f8e28b731b9b5f9119f8,60.16762,24.95415,000000006b44cce7,3.09
197,2019-08-01T01:15:02Z,2082a19524d6827004aabe57afa07e3ecd10b0a18a727553ecc14913,60.16629,24.95957,00000000fb7600be,13.75
198,2019-08-01T01:15:02Z,2a9d40a33ed52ab9251fbb34ec3f0cd7cda99fa37dccfe14b15565f1,60.16762,24.95415,000000006b44cce7,2.54
199,2019-08-01T01:15:02Z,2ab97eb72424d3a245ddd77691854f564f939b5bacf84648d4211da2,60.16762,24.95415,000000006b44cce7,10.78
200,2019-08-01T01:15:02Z,2b0f56bb50709d759dc1051e0445ea521c8aa77c74a07b021d8eedf6,60.149,24.9843,00000000fffb8cf0,36.27
201,2019-08-01T01:15:02Z,35534855181afb1d6295e61246d81b2f9b7ab4ef32430b869f9919ba,60.16629,24.95957,00000000fb7600be,17.4
202,2019-08-01T01:15:02Z,42844e90c7134ebb3ec325f57cd27cd24711c779548ebc8692a820d5,60.14951,24.92138,0000000006dd41f6,3.4
203,2019-08-01T01:15:02Z,48c26c461c14441b34f6effcb0683a44f8cb3a9512449d4584fc2d25,60.14947,24.91438,000000004ef3150d,16.1
204,2019-08-01T01:15:02Z,4f0c0489819078608920e225ff283b05f6bc4ed201a03696d71ff80e,60.17918,24.95141,00000000675d5200,29.32
205,2019-08-01T01:15:02Z,4f2ee410fae343924332b7c45d23df66786e3599cf001d739702393e,60.16762,24.95415,000000006b44cce7,12.69
206,2019-08-01T01:15:02Z,5160664f61c5088cd32ef296bbfc7594acdf4826053c53146eaa7db4,60.17919,24.95181,000000007b5207b6,13.75
207,2019-08-01T01:15:02Z,5bbc9230adadbd9730135bb21f61f5cdcf6d78849bb66a6750b91b91,60.16531,24.9442,00000000fdda10fe,10.78
208,2019-08-01T01:15:02Z,5f85120de1ced9172a3a1fdc8d4eb84e93b2d2e7fea82aa9810b5f04,60.16448,24.97323,0000000053c6c2be,31.5
209,2019-08-01T01:15:02Z,701ebe2f0c93e3d2d5f4c1b9f737199afb3f37f9b49809649903d665,60.16762,24.95415,000000006b44cce7,12.69
210,2019-08-01T01:15:02Z,7147bba4214b97f091b614706aa9cd929d71816a2a18cecf013789a2,60.16531,24.9442,00000000fdda10fe,18.79
211,2019-08-01T01:15:02Z,74cb545f76f0bfc5498607247e26e814276a11ce91f77208054ecbc5,60.17002,24.94407,000000006b087f40,21.87
212,2019-08-01T01:15:02Z,8f761cb995f326b225c95973f5459e296ff615d6cea147a9e2453d80,60.16531,24.9442,00000000fdda10fe,7.69
213,2019-08-01T01:15:02Z,99a026b5100e23129fa529e9a57a3dbc8490dc03b58f2193f03e2dcf,60.14951,24.92138,0000000006dd41f6,7.05
214,2019-08-01T01:15:02Z,a86c102f289409f6efef56c9b116b4ad52d8e2d7b7ab23a6df2a0675,60.16762,24.95415,000000006b44cce7,20.28
215,2019-08-01T01:15:02Z,bd3bbe8ac84831bd9de8c61c41da5fcf8967cdd12ae06bba2cb0c7cc,60.14947,24.91438,000000004ef3150d,7.05
216,2019-08-01T01:15:02Z,f7adfec0f2afb4311798f5b8f7bbd5abbf68d0b2795e24c9ea584fbf,60.16762,24.95415,000000006b44cce7,13.75
217,2019-08-01T01:15:03Z,03e0fc996a589ccdf1871b3c78e089c08c93ba1f2a02d740fb384aac,60.16531,24.9442,00000000fdda10fe,25.36
218,2019-08-01T01:15:03Z,144afc51fc2443c7031a2912566eff2ce60226a49d6d2bd7c2923700,60.16544,24.95398,0000000038d83d41,25.36
219,2019-08-01T01:15:03Z,14c7e1511b70f4dd3359cbece1377aebb4d70531f5489eefe53d7c3c,60.16544,24.95398,0000000038d83d41,23.56
220,2019-08-01T01:15:03Z,165ebbb4090d47319ae370f0d0854fdc1f6b79499f8b2e4d3c3533c0,60.16544,24.95398,0000000038d83d41,33.81
221,2019-08-01T01:15:03Z,297c725b456ef12d2712634b21546721cbe93224d3a5762d897404f2,60.16762,24.95415,000000006b44cce7,18.79
222,2019-08-01T01:15:03Z,2c94897aa62344f630952ad6032f5d7976419125d126b15c1386c8b1,60.16762,24.95415,000000006b44cce7,13.75
223,2019-08-01T01:15:03Z,2cbdb709bb456bc8bca60a86bfa0fd9e979051582401008738e2db26,60.16629,24.95957,00000000fb7600be,29.32
224,2019-08-01T01:15:03Z,2dd6ca2c889266702d554569764346cf583b74b0890b10e00ecd4f82,60.16544,24.95398,0000000038d83d41,29.32
225,2019-08-01T01:15:03Z,351f44e773650f6c4a68cd25c338d2bf5d9a1b20942961befe3b3f11,60.16448,24.97323,0000000053c6c2be,16.1
226,2019-08-01T01:15:03Z,384b4d96a26aae32d2af0c0f637cb59cc8470a36445623930229d524,60.16897,24.95222,00000000aa852af1,27.28
227,2019-08-01T01:15:03Z,427140db094a88d1033f8ee0e16865b0ca63c0d06e0aacf4d81cd1ea,60.17002,24.94407,000000006b087f40,25.36
228,2019-08-01T01:15:03Z,43b676ed3aef4c2d8846694817e76117873be52e7f788e0cb366c1c4,60.16629,24.95957,00000000fb7600be,31.5
229,2019-08-01T01:15:03Z,4abec48b53c4d82dc781a50af0676249c9d08be31b608a3f378109a6,60.1538,24.95595,0000000038bf9618,33.81
230,2019-08-01T01:15:03Z,4c5f18f9840338be4b03b398b0729b86a73a469d2e351ffb16a285ba,60.16897,24.95222,00000000aa852af1,29.32
231,2019-08-01T01:15:03Z,541cdde5332ed33dd6e2f47bc3091d8251b2992ea15305b741d7fa7c,60.16531,24.9442,00000000fdda10fe,33.81
232,2019-08-01T01:15:03Z,5d65719c4cbf045f068d084b72302f447d5fd034413d97d13be00d0e,60.18203,24.91341,00000000342570c2,17.4
233,2019-08-01T01:15:03Z,5eed115a984d490b02b602d73787aee8dc8c4e9365b77fbff3818a76,60.16629,24.95957,00000000fb7600be,25.36
234,2019-08-01T01:15:03Z,6a657079c1bdc8114c289be1ddd83e5846d4279a920d1697b8ff0033,60.18203,24.91341,00000000342570c2,23.56
235,2019-08-01T01:15:03Z,6d22b751ff5173035dc85c52c3dff0780126adae67fe33dc62dd45ef,60.16531,24.9442,00000000fdda10fe,18.79
236,2019-08-01T01:15:03Z,6f06341f358e61699fe1e55e986dd0554bc8da28b91daf0c5ad99db6,60.16629,24.95957,00000000fb7600be,27.28
237,2019-08-01T01:15:03Z,6ff437688c444238352c28f64f9d2a7d0f14d19c9ea42c225380501e,60.16762,24.95415,000000006b44cce7,20.28
238,2019-08-01T01:15:03Z,747f2d1ebff218c0ebbdc0fdaef4cbe56633dfb46ae1b1f8c8142201,60.16762,24.95415,000000006b44cce7,12.69
239,2019-08-01T01:15:03Z,7a3db40d91e137d1381ac690a78039878e0baa317ed9a7cd6882df27,60.16762,24.95415,000000006b44cce7,27.28
240,2019-08-01T01:15:03Z,7d0fd2fd8adcdcfaf339b328e652c17c58f2c98e7b79448720a37dda,60.16897,24.95222,00000000aa852af1,23.56
241,2019-08-01T01:15:03Z,84fdfd8881f633c5f0c71c1480053953ca4b05e848052d97c063ad38,60.1538,24.95595,0000000038bf9618,25.36
242,2019-08-01T01:15:03Z,87dfaad29a9276ddddb1fa021d3bc23ad14824c1af16f7d87e713689,60.14951,24.92138,0000000006dd41f6,9.92
243,2019-08-01T01:15:03Z,8c75c3289c84fe4493e1e272a77b615fe1985880c5dc68a7c1a17b53,60.16762,24.95415,000000006b44cce7,10.78
244,2019-08-01T01:15:03Z,8cc6ddaa460aeae8cc9e8a33f91a01c8cd4c0c8bf8a943210a28c84d,60.1538,24.95595,0000000038bf9618,31.5
245,2019-08-01T01:15:03Z,9843c6216661048343a0e49cf3d8aa2883cf77f452666a1c873a1052,60.16448,24.97323,0000000053c6c2be,11.7
246,2019-08-01T01:15:03Z,9bc8068948a5b881e1bded553efe012fe129e3e4df62f64a6724917e,60.16829,24.94214,00000000afef4555,27.28
247,2019-08-01T01:15:03Z,9d5da91dad893b62eea6f22a7092dd0552c6d3bf33f4c6110326b208,60.16897,24.95222,00000000aa852af1,27.28
248,2019-08-01T01:15:03Z,a08cae03363d2e483a6ea717973088f4bd4276de96a9d438a7358ff4,60.16897,24.95222,00000000aa852af1,29.32
249,2019-08-01T01:15:03Z,a79af88ad05127e9c29a09f407406a364eb21dc127dc8d914e190418,60.16531,24.9442,00000000fdda10fe,27.28
250,2019-08-01T01:15:03Z,a91d379a4b57c5df22db0d7a041ff69f657b4b31f28554b1011fc03c,60.16544,24.95398,0000000038d83d41,33.81
251,2019-08-01T01:15:03Z,a95a348e5a3ef057af404061f777673692a41e97372957018c2405ad,60.16762,24.95415,000000006b44cce7,20.28
252,2019-08-01T01:15:03Z,a9da1ee82e3b670e276c26b483dd50f4a6d0c6f77ef82245d3ae6086,60.18203,24.91341,00000000342570c2,23.56
253,2019-08-01T01:15:03Z,b33ae7715d6d2571066655c2c8954a5a364b5601869047de83410d9f,60.16629,24.95957,00000000fb7600be,27.28
254,2019-08-01T01:15:03Z,b5fd6b317890e5ab2d79e2cd1abe61626d45a753c7337d0d40728898,60.16762,24.95415,000000006b44cce7,9.92
255,2019-08-01T01:15:03Z,ba42c72ea7c2663b3ea5044faf12173ab18e523dc35de0e24bf374ac,60.16544,24.95398,0000000038d83d41,27.28
256,2019-08-01T01:15:03Z,ce783d3c1b06378e5c39c25687746a6f88fbb0ff2b36e3405fb61cf8,60.16762,24.95415,000000006b44cce7,16.1
257,2019-08-01T01:15:03Z,cf05623e4d87ce0906c0b0b7dbf53aacc1228016cd27c341228b6e76,60.18203,24.91341,00000000342570c2,17.4
258,2019-08-01T01:15:03Z,d127ead865385b64ae537a703a26be15fae4b5332ce0fbf03d5e0c23,60.1538,24.95595,0000000038bf9618,27.28
259,2019-08-01T01:15:03Z,d73d0854198e184ee42ff4f9e9da255df0af90985363aea6a02d33d7,60.16762,24.95415,000000006b44cce7,23.56
260,2019-08-01T01:15:03Z,dd2c9c82cf3737146294aff6f814a1349fb0bc4bedf518715dacbe8f,60.18203,24.91341,00000000342570c2,18.79
261,2019-08-01T01:15:03Z,ec72ef080c605e71978aed0d3b5f22c3c3133677a43c614b72eedc6d,60.14699,24.922,00000000a53ed894,20.28
262,2019-08-01T01:15:03Z,efd1806e1eee5eca948bc2537df8d816e2cce41009b41189c350ce74,60.16531,24.9442,00000000fdda10fe,33.81
263,2019-08-01T01:15:03Z,f088630d7476dae7d4b7e2bb1f10575f2c89acb4b6e061f3d57c2b40,60.16531,24.9442,00000000fdda10fe,23.56
264,2019-08-01T01:15:03Z,f6609ab1076b1105bb845595a03b41b8fbb282f79c337df5bbc9f841,60.16629,24.95957,00000000fb7600be,16.1
265,2019-08-01T01:15:03Z,f99c5dd8cc08bd2353083d875ce8bc585fb2c2ff8427b90d92f571de,60.1538,24.95595,0000000038bf9618,25.36
266,2019-08-01T01:15:03Z,fc4f3a44235f1cfc7b53f14ba2da599976a5a0a220d23b852688e485,60.17919,24.95181,000000007b5207b6,16.1
267,2019-08-01T01:15:03Z,0477f7f5d3ff947c3feaf8f80828c186ff07d0bee94780555e8f91bc,60.16531,24.9442,00000000fdda10fe,29.32
268,2019-08-01T01:15:03Z,0d2e3e523cb0378798ea370ece42124e91568a28261cf6ee2c00cad9,60.16531,24.9442,00000000fdda10fe,29.32
269,2019-08-01T01:15:03Z,13e4206d38eafb32822df97189167727a93c3fc19b187987f9af2d8a,60.14699,24.922,00000000a53ed894,23.56
270,2019-08-01T01:15:03Z,1ecbc7c6afe89033252e5510cbb893666af2b3bc29f555a3a6287fdb,60.14951,24.92138,0000000006dd41f6,3.4
271,2019-08-01T01:15:03Z,1fa3e4acacc9069cdab3e93dba22d2a22cc4f8e28b731b9b5f9119f8,60.16762,24.95415,000000006b44cce7,2.8
272,2019-08-01T01:15:03Z,2082a19524d6827004aabe57afa07e3ecd10b0a18a727553ecc14913,60.16629,24.95957,00000000fb7600be,36.27
273,2019-08-01T01:15:03Z,2a9d40a33ed52ab9251fbb34ec3f0cd7cda99fa37dccfe14b15565f1,60.16762,24.95415,000000006b44cce7,2.8
274,2019-08-01T01:15:03Z,2ab97eb72424d3a245ddd77691854f564f939b5bacf84648d4211da2,60.16762,24.95415,000000006b44cce7,10.78
275,2019-08-01T01:15:03Z,2c71a6fa15755f25badb0d961f633f33b891386747f189671950f0e3,60.16762,24.95415,000000006b44cce7,31.5
276,2019-08-01T01:15:03Z,35534855181afb1d6295e61246d81b2f9b7ab4ef32430b869f9919ba,60.16629,24.95957,00000000fb7600be,20.28
277,2019-08-01T01:15:03Z,42844e90c7134ebb3ec325f57cd27cd24711c779548ebc8692a820d5,60.14951,24.92138,0000000006dd41f6,4.5
278,2019-08-01T01:15:03Z,478830e26b1b9314c3f35b4ca62aba9828872733abbc7f32b78daac3,60.16531,24.9442,00000000fdda10fe,36.27
279,2019-08-01T01:15:03Z,48c26c461c14441b34f6effcb0683a44f8cb3a9512449d4584fc2d25,60.14947,24.91438,000000004ef3150d,9.12
280,2019-08-01T01:15:03Z,4f0c0489819078608920e225ff283b05f6bc4ed201a03696d71ff80e,60.17918,24.95141,00000000675d5200,31.5
281,2019-08-01T01:15:03Z,4f2ee410fae343924332b7c45d23df66786e3599cf001d739702393e,60.16762,24.95415,000000006b44cce7,12.69
282,2019-08-01T01:15:03Z,5160664f61c5088cd32ef296bbfc7594acdf4826053c53146eaa7db4,60.17919,24.95181,000000007b5207b6,23.56
283,2019-08-01T01:15:03Z,51798d929ae1a863ebe7c7b1232bc735ce39a1eb18183e1fcc4b2bd2,60.16829,24.94214,00000000afef4555,36.27
284,2019-08-01T01:15:03Z,5bbc9230adadbd9730135bb21f61f5cdcf6d78849bb66a6750b91b91,60.16531,24.9442,00000000fdda10fe,10.78
285,2019-08-01T01:15:03Z,5f85120de1ced9172a3a1fdc8d4eb84e93b2d2e7fea82aa9810b5f04,60.16448,24.97323,0000000053c6c2be,31.5
286,2019-08-01T01:15:03Z,701ebe2f0c93e3d2d5f4c1b9f737199afb3f37f9b49809649903d665,60.16762,24.95415,000000006b44cce7,13.75
287,2019-08-01T01:15:03Z,7147bba4214b97f091b614706aa9cd929d71816a2a18cecf013789a2,60.16531,24.9442,00000000fdda10fe,17.4
288,2019-08-01T01:15:03Z,8f761cb995f326b225c95973f5459e296ff615d6cea147a9e2453d80,60.16531,24.9442,00000000fdda10fe,5.91
289,2019-08-01T01:15:03Z,980a27a01a7b27e5df6b3c8d81fc83877b70c955b0dd6d00ac8e0a49,60.17002,24.94407,000000006b087f40,23.56
290,2019-08-01T01:15:03Z,99a026b5100e23129fa529e9a57a3dbc8490dc03b58f2193f03e2dcf,60.14951,24.92138,0000000006dd41f6,4.94
291,2019-08-01T01:15:03Z,9d713c9ce415e473048b45bbb35d6dcdef35cabaca39aa54f2e781a3,60.16531,24.9442,00000000fdda10fe,38.87
292,2019-08-01T01:15:03Z,bd3bbe8ac84831bd9de8c61c41da5fcf8967cdd12ae06bba2cb0c7cc,60.14947,24.91438,000000004ef3150d,16.1
293,2019-08-01T01:15:03Z,db0e10943fcdd3914ddc764635ba11c29832c708b5f4f46493df0413,60.16762,24.95415,000000006b44cce7,31.5
294,2019-08-01T01:15:03Z,eeaf79c148257ce871186d98d63a43b571e9103358390750bc0a86cd,60.16762,24.95415,000000006b44cce7,25.36
295,2019-08-01T01:15:03Z,f7adfec0f2afb4311798f5b8f7bbd5abbf68d0b2795e24c9ea584fbf,60.16762,24.95415,000000006b44cce7,10.78
296,2019-08-01T01:15:04Z,03e0fc996a589ccdf1871b3c78e089c08c93ba1f2a02d740fb384aac,60.16531,24.9442,00000000fdda10fe,29.32
297,2019-08-01T01:15:04Z,144afc51fc2443c7031a2912566eff2ce60226a49d6d2bd7c2923700,60.16544,24.95398,0000000038d83d41,23.56
298,2019-08-01T01:15:04Z,14c7e1511b70f4dd3359cbece1377aebb4d70531f5489eefe53d7c3c,60.16544,24.95398,0000000038d83d41,27.28
299,2019-08-01T01:15:04Z,165ebbb4090d47319ae370f0d0854fdc1f6b79499f8b2e4d3c3533c0,60.16544,24.95398,0000000038d83d41,33.81
300,2019-08-01T01:15:04Z,297c725b456ef12d2712634b21546721cbe93224d3a5762d897404f2,60.16762,24.95415,000000006b44cce7,17.4
301,2019-08-01T01:15:04Z,2dd6ca2c889266702d554569764346cf583b74b0890b10e00ecd4f82,60.16544,24.95398,0000000038d83d41,29.32
302,2019-08-01T01:15:04Z,351f44e773650f6c4a68cd25c338d2bf5d9a1b20942961befe3b3f11,60.16448,24.97323,0000000053c6c2be,14.89
303,2019-08-01T01:15:04Z,384b4d96a26aae32d2af0c0f637cb59cc8470a36445623930229d524,60.16897,24.95222,00000000aa852af1,23.56
304,2019-08-01T01:15:04Z,43b676ed3aef4c2d8846694817e76117873be52e7f788e0cb366c1c4,60.16629,24.95957,00000000fb7600be,23.56
305,2019-08-01T01:15:04Z,4abec48b53c4d82dc781a50af0676249c9d08be31b608a3f378109a6,60.1538,24.95595,0000000038bf9618,36.27
306,2019-08-01T01:15:04Z,5d65719c4cbf045f068d084b72302f447d5fd034413d97d13be00d0e,60.18203,24.91341,00000000342570c2,18.79
307,2019-08-01T01:15:04Z,5eed115a984d490b02b602d73787aee8dc8c4e9365b77fbff3818a76,60.16629,24.95957,00000000fb7600be,41.64
308,2019-08-01T01:15:04Z,6066632ddc94b5c482a2d4f45ed2532e55e3fd63e414a084a596a737,60.16762,24.95415,000000006b44cce7,21.87
309,2019-08-01T01:15:04Z,66dabd3229229330d23c70e9e1737429ddfe69db01f4a6a00f70fa20,60.16762,24.95415,000000006b44cce7,20.28
310,2019-08-01T01:15:04Z,6a657079c1bdc8114c289be1ddd83e5846d4279a920d1697b8ff0033,60.18203,24.91341,00000000342570c2,21.87
311,2019-08-01T01:15:04Z,6d22b751ff5173035dc85c52c3dff0780126adae67fe33dc62dd45ef,60.16531,24.9442,00000000fdda10fe,18.79
312,2019-08-01T01:15:04Z,6ff437688c444238352c28f64f9d2a7d0f14d19c9ea42c225380501e,60.16762,24.95415,000000006b44cce7,17.4
313,2019-08-01T01:15:04Z,747f2d1ebff218c0ebbdc0fdaef4cbe56633dfb46ae1b1f8c8142201,60.16762,24.95415,000000006b44cce7,11.7
314,2019-08-01T01:15:04Z,7a3db40d91e137d1381ac690a78039878e0baa317ed9a7cd6882df27,60.16762,24.95415,000000006b44cce7,25.36
315,2019-08-01T01:15:04Z,7d0fd2fd8adcdcfaf339b328e652c17c58f2c98e7b79448720a37dda,60.16897,24.95222,00000000aa852af1,29.32
316,2019-08-01T01:15:04Z,84fdfd8881f633c5f0c71c1480053953ca4b05e848052d97c063ad38,60.1538,24.95595,0000000038bf9618,33.81
317,2019-08-01T01:15:04Z,87dfaad29a9276ddddb1fa021d3bc23ad14824c1af16f7d87e713689,60.14951,24.92138,0000000006dd41f6,9.92
318,2019-08-01T01:15:04Z,8c75c3289c84fe4493e1e272a77b615fe1985880c5dc68a7c1a17b53,60.16762,24.95415,000000006b44cce7,10.78
319,2019-08-01T01:15:04Z,8cc6ddaa460aeae8cc9e8a33f91a01c8cd4c0c8bf8a943210a28c84d,60.1538,24.95595,0000000038bf9618,20.28
320,2019-08-01T01:15:04Z,8d48e703938d27ced83c767a1f815f2879d4793a7f242b9854294141,60.17002,24.94407,000000006b087f40,31.5
321,2019-08-01T01:15:04Z,8ffeb52bff155eab19ca329d16be495cd44a08aa7f79b94db079caf9,60.15432,24.9211,0000000019fb59c4,31.5
322,2019-08-01T01:15:04Z,91d3b80de4439a4a49ddb8a04d72a0a2ec6c08f351d70232842af567,60.16762,24.95415,000000006b44cce7,23.56
323,2019-08-01T01:15:04Z,9843c6216661048343a0e49cf3d8aa2883cf77f452666a1c873a1052,60.16448,24.97323,0000000053c6c2be,12.69
324,2019-08-01T01:15:04Z,987e83b8bf78f756fa09dbeb561bf778fd00003818fbe7a45de52b6c,60.16531,24.9442,00000000fdda10fe,31.5
325,2019-08-01T01:15:04Z,a08cae03363d2e483a6ea717973088f4bd4276de96a9d438a7358ff4,60.16897,24.95222,00000000aa852af1,29.32
326,2019-08-01T01:15:04Z,a7bf60f4cfe8359d12d5bb7d69ea9850630a9c969a346f04a0ce1968,60.15432,24.9211,0000000019fb59c4,27.28
